iteration,job object,job ID,job Length,job ressource requirement,job enter time,job start time,job finish time,job waiting time,current time
1,<environment.Job instance at 0x7f9e91c7a5f0>,2,22,[4 8],3,8,30,5,8
1,<environment.Job instance at 0x7f9e8cb1ffa0>,9,18,[11  5],10,24,42,14,14
1,<environment.Job instance at 0x7f9e8cb24500>,15,18,[2 8],16,30,48,14,30
1,<environment.Job instance at 0x7f9e8cb24730>,20,1,[7 5],21,42,43,21,34
1,<environment.Job instance at 0x7f9e8cb247d0>,21,1,[6 5],22,43,44,21,34
1,<environment.Job instance at 0x7f9e8cb24870>,22,1,[2 7],23,44,45,21,34
1,<environment.Job instance at 0x7f9e8cb24910>,23,27,[1 6],24,45,72,21,43
1,<environment.Job instance at 0x7f9e8cb24af0>,26,3,[3 7],27,48,51,21,48
1,<environment.Job instance at 0x7f9e8cb24c30>,28,23,[10  4],29,51,74,22,48
1,<environment.Job instance at 0x7f9e8cb28280>,32,3,[5 1],33,72,75,39,58
1,<environment.Job instance at 0x7f9e8cb28730>,34,24,[1 8],35,74,98,39,69
1,<environment.Job instance at 0x7f9e8cb287d0>,36,13,[ 3 14],37,98,111,61,82
1,<environment.Job instance at 0x7f9e8cb28af0>,41,1,[5 2],42,85,86,43,85
1,<environment.Job instance at 0x7f9e91c7a320>,3,3,[4 8],4,111,114,107,87
1,<environment.Job instance at 0x7f9e8cb28e10>,44,3,[5 5],45,88,91,43,88
1,<environment.Job instance at 0x7f9e8cb28b90>,42,2,[4 6],43,91,93,48,91
1,<environment.Job instance at 0x7f9e8cb28cd0>,45,13,[6 5],46,111,124,65,102
1,<environment.Job instance at 0x7f9e8cb28f50>,46,17,[12  2],47,124,141,77,112
1,<environment.Job instance at 0x7f9e8cb241e0>,12,26,[ 1 10],13,125,151,112,125
1,<environment.Job instance at 0x7f9e8cb28410>,0,16,[12  2],1,4,20,3,4
1,<environment.Job instance at 0x7f9e91bc5500>,4,13,[13  1],5,20,33,15,5
1,<environment.Job instance at 0x7f9e91bc5370>,10,3,[12  3],11,33,36,22,14
1,<environment.Job instance at 0x7f9e91bc58c0>,12,22,[6 4],13,36,58,23,29
1,<environment.Job instance at 0x7f9e91bc53c0>,15,20,[2 6],16,29,49,13,29
1,<environment.Job instance at 0x7f9e91bc61e0>,19,13,[ 3 12],20,58,71,38,42
1,<environment.Job instance at 0x7f9e91bc69b0>,21,2,[5 1],22,42,44,20,42
1,<environment.Job instance at 0x7f9e91bc6640>,22,2,[5 9],23,49,51,26,43
1,<environment.Job instance at 0x7f9e91bc6be0>,25,14,[ 4 11],26,71,85,45,56
1,<environment.Job instance at 0x7f9e91bc6230>,26,19,[4 8],27,85,104,58,75
1,<environment.Job instance at 0x7f9e91dfc910>,35,17,[3 9],36,104,121,68,100
1,<environment.Job instance at 0x7f9e91dfc050>,36,18,[9 2],37,103,121,66,103
1,<environment.Job instance at 0x7f9e91dfc640>,42,20,[1 5],43,121,141,78,112
1,<environment.Job instance at 0x7f9e91df3780>,47,2,[ 5 11],48,141,143,93,115
1,<environment.Job instance at 0x7f9e91dfcfa0>,33,20,[7 1],34,141,161,107,141
1,<environment.Job instance at 0x7f9e91bc6550>,17,27,[ 1 10],18,152,179,134,152
1,<environment.Job instance at 0x7f9e50ed0640>,6,15,[11  1],7,7,22,0,7
1,<environment.Job instance at 0x7f9e50ed0f50>,11,26,[ 5 10],12,22,48,10,19
1,<environment.Job instance at 0x7f9e50ed0af0>,16,3,[ 1 12],17,48,51,31,23
1,<environment.Job instance at 0x7f9e50ed0960>,17,1,[1 5],18,23,24,5,23
1,<environment.Job instance at 0x7f9e50ed05a0>,18,1,[3 6],19,51,52,32,23
1,<environment.Job instance at 0x7f9e50ed0820>,19,20,[2 6],20,51,71,31,42
1,<environment.Job instance at 0x7f9e50ed0dc0>,20,2,[7 2],21,42,44,21,42
1,<environment.Job instance at 0x7f9e50ed0050>,22,3,[ 4 12],23,71,74,48,45
1,<environment.Job instance at 0x7f9e50ed0c80>,23,12,[ 4 11],24,74,86,50,57
1,<environment.Job instance at 0x7f9e50eedcd0>,27,22,[4 5],28,86,108,58,79
1,<environment.Job instance at 0x7f9e50eed960>,28,23,[ 2 14],29,108,131,79,102
1,<environment.Job instance at 0x7f9e50eed780>,29,2,[1 8],30,102,104,72,102
1,<environment.Job instance at 0x7f9e50eed0f0>,31,1,[3 9],32,104,105,72,102
1,<environment.Job instance at 0x7f9e50eed9b0>,34,3,[5 6],35,105,108,70,102
1,<environment.Job instance at 0x7f9e50eed140>,36,1,[9 3],37,131,132,94,103
1,<environment.Job instance at 0x7f9e50eed7d0>,37,20,[9 2],38,132,152,94,123
1,<environment.Job instance at 0x7f9e50eedc30>,39,18,[ 1 12],40,131,149,91,123
1,<environment.Job instance at 0x7f9e50eed5a0>,38,16,[11  2],39,152,168,113,139
1,<environment.Job instance at 0x7f9e50eed730>,43,15,[ 1 12],44,149,164,105,147
1,<environment.Job instance at 0x7f9e50df8a00>,45,3,[ 4 13],46,164,167,118,147
1,<environment.Job instance at 0x7f9e50df8690>,47,1,[ 1 14],48,168,169,120,152
1,<environment.Job instance at 0x7f9e50e630f0>,5,14,[14  5],6,170,184,164,170
1,<environment.Job instance at 0x7f9e50ed0140>,15,16,[7 5],16,184,200,168,184
1,<environment.Job instance at 0x7f9e512e9be0>,3,3,[1 9],4,4,7,0,4
1,<environment.Job instance at 0x7f9e50e200a0>,9,2,[4 9],10,10,12,0,10
1,<environment.Job instance at 0x7f9e50e206e0>,10,3,[13  3],11,12,15,1,11
1,<environment.Job instance at 0x7f9e50e20f00>,12,3,[3 7],13,15,18,2,13
1,<environment.Job instance at 0x7f9e50e205a0>,17,2,[10  2],18,22,24,4,22
1,<environment.Job instance at 0x7f9e50e20b90>,18,19,[6 4],19,24,43,5,22
1,<environment.Job instance at 0x7f9e50e20230>,21,2,[5 5],22,25,27,3,25
1,<environment.Job instance at 0x7f9e50e20a00>,22,1,[6 4],23,27,28,4,25
1,<environment.Job instance at 0x7f9e50e20c80>,25,16,[ 2 10],26,42,58,16,42
1,<environment.Job instance at 0x7f9e50e20d20>,26,2,[11  5],27,43,45,16,42
1,<environment.Job instance at 0x7f9e512fc500>,27,21,[ 3 10],28,58,79,30,50
1,<environment.Job instance at 0x7f9e512fc2d0>,28,3,[14  4],29,79,82,50,53
1,<environment.Job instance at 0x7f9e512fc870>,30,1,[5 8],31,82,83,51,56
1,<environment.Job instance at 0x7f9e512cd230>,33,2,[7 3],34,69,71,35,69
1,<environment.Job instance at 0x7f9e512cdc80>,34,3,[4 6],35,82,85,47,69
1,<environment.Job instance at 0x7f9e512cd2d0>,35,2,[5 2],36,69,71,33,69
1,<environment.Job instance at 0x7f9e512cdb40>,36,1,[5 9],37,83,84,46,69
1,<environment.Job instance at 0x7f9e512cd690>,37,1,[2 9],38,84,85,46,69
1,<environment.Job instance at 0x7f9e512cd5a0>,38,21,[9 4],39,85,106,46,77
1,<environment.Job instance at 0x7f9e513e3550>,42,3,[10  2],43,106,109,63,86
1,<environment.Job instance at 0x7f9e513e3b40>,43,2,[8 3],44,109,111,65,86
1,<environment.Job instance at 0x7f9e513ed550>,45,1,[6 2],46,98,99,52,98
1,<environment.Job instance at 0x7f9e51289d70>,47,1,[9 1],48,111,112,63,105
1,<environment.Job instance at 0x7f9e51289af0>,48,12,[14  4],49,112,124,63,106
1,<environment.Job instance at 0x7f9e512e98c0>,15,13,[ 1 14],16,124,137,108,112
1,<environment.Job instance at 0x7f9e50ed0140>,5,1,[9 1],6,124,125,118,112
1,<environment.Job instance at 0x7f9e50e20190>,8,14,[9 5],9,137,151,128,135
1,<environment.Job instance at 0x7f9e50e20190>,4,3,[9 2],5,5,8,0,5
1,<environment.Job instance at 0x7f9e50ed01e0>,5,14,[10  2],6,8,22,2,6
1,<environment.Job instance at 0x7f9e50fd6190>,8,2,[13  1],9,22,24,13,9
1,<environment.Job instance at 0x7f9e511bf190>,9,2,[10  4],10,24,26,14,10
1,<environment.Job instance at 0x7f9e511bf3c0>,11,3,[13  5],12,26,29,14,12
1,<environment.Job instance at 0x7f9e511bfc30>,12,2,[ 1 12],13,16,18,3,16
1,<environment.Job instance at 0x7f9e50ef4410>,17,3,[1 5],18,18,21,0,18
1,<environment.Job instance at 0x7f9e50ef4eb0>,18,1,[10  5],19,29,30,10,19
1,<environment.Job instance at 0x7f9e8d1d4f50>,22,1,[ 4 13],23,30,31,7,26
1,<environment.Job instance at 0x7f9e8d1d4c80>,23,14,[11  3],24,38,52,14,38
1,<environment.Job instance at 0x7f9e8d1a6460>,26,14,[10  1],27,52,66,25,42
1,<environment.Job instance at 0x7f9e8d1a6500>,31,1,[8 3],32,66,67,34,66
1,<environment.Job instance at 0x7f9e8d1a65a0>,32,20,[1 7],33,66,86,33,66
1,<environment.Job instance at 0x7f9e50ee8e60>,3,14,[7 5],4,68,82,64,68
1,<environment.Job instance at 0x7f9e8d1a6870>,37,3,[1 6],38,82,85,44,71
1,<environment.Job instance at 0x7f9e8d1a66e0>,33,1,[ 4 10],34,86,87,52,71
1,<environment.Job instance at 0x7f9e512dd320>,13,2,[5 6],14,87,89,73,71
1,<environment.Job instance at 0x7f9e8d1a6e60>,41,2,[9 5],42,85,87,43,73
1,<environment.Job instance at 0x7f9e8d1a6f00>,43,24,[7 4],44,87,111,43,82
1,<environment.Job instance at 0x7f9e8d1a6a50>,45,3,[12  3],46,111,114,65,85
1,<environment.Job instance at 0x7f9e8d1ba050>,47,2,[4 5],48,89,91,41,85
1,<environment.Job instance at 0x7f9e8d1a6cd0>,38,18,[6 3],39,91,109,52,87
1,<environment.Job instance at 0x7f9e8d1a6dc0>,40,24,[ 1 10],41,109,133,68,107
1,<environment.Job instance at 0x7f9e8d1a6820>,36,19,[2 7],37,133,152,96,127
1,<environment.Job instance at 0x7f9e8d1a6a00>,1,27,[4 7],2,2,29,0,2
1,<environment.Job instance at 0x7f9e8d1bad20>,2,26,[8 4],3,4,30,1,4
1,<environment.Job instance at 0x7f9e8d713140>,22,1,[5 5],23,33,34,10,33
1,<environment.Job instance at 0x7f9e8d7137d0>,23,23,[10  1],24,33,56,9,33
1,<environment.Job instance at 0x7f9e8d713500>,26,28,[6 5],27,56,84,29,55
1,<environment.Job instance at 0x7f9e8d1a6820>,3,12,[9 1],4,56,68,52,55
1,<environment.Job instance at 0x7f9e8d713af0>,32,2,[2 6],33,68,70,35,58
1,<environment.Job instance at 0x7f9e8d713cd0>,33,2,[7 3],34,68,70,34,63
1,<environment.Job instance at 0x7f9e50db19b0>,35,18,[11  3],36,84,102,48,73
1,<environment.Job instance at 0x7f9e50db1cd0>,39,28,[5 3],40,102,130,62,101
1,<environment.Job instance at 0x7f9e8c1d5b40>,10,25,[ 3 10],11,102,127,91,102
1,<environment.Job instance at 0x7f9e8cd49d70>,48,1,[2 7],49,127,128,78,113
1,<environment.Job instance at 0x7f9e50db1d20>,42,18,[8 2],43,127,145,84,127
1,<environment.Job instance at 0x7f9e8d713e60>,31,15,[14  1],32,145,160,113,145
1,<environment.Job instance at 0x7f9e8d1ba280>,5,16,[14  1],6,160,176,154,156
1,<environment.Job instance at 0x7f9e8d41b230>,1,3,[4 5],2,2,5,0,2
1,<environment.Job instance at 0x7f9e8ccb3550>,2,25,[6 3],3,3,28,0,3
1,<environment.Job instance at 0x7f9e8d41ba00>,6,2,[5 5],7,7,9,0,7
1,<environment.Job instance at 0x7f9e8ce112d0>,10,1,[ 1 10],11,11,12,0,11
1,<environment.Job instance at 0x7f9e8c08bfa0>,12,1,[5 9],13,13,14,0,13
1,<environment.Job instance at 0x7f9e8cf96f50>,13,20,[2 6],14,14,34,0,14
1,<environment.Job instance at 0x7f9e8cdf0f00>,16,3,[ 5 10],17,34,37,17,21
1,<environment.Job instance at 0x7f9e8cd62f50>,17,1,[8 5],18,28,29,10,21
1,<environment.Job instance at 0x7f9e8cf96b40>,15,3,[5 2],16,22,25,6,22
1,<environment.Job instance at 0x7f9e8d5e8f50>,19,18,[13  1],20,37,55,17,26
1,<environment.Job instance at 0x7f9e8cf77af0>,21,2,[1 7],22,29,31,7,26
1,<environment.Job instance at 0x7f9e8d422a00>,22,3,[ 3 11],23,55,58,32,29
1,<environment.Job instance at 0x7f9e8cf778c0>,23,3,[2 5],24,31,34,7,29
1,<environment.Job instance at 0x7f9e50e11a00>,27,1,[9 3],28,33,34,5,33
1,<environment.Job instance at 0x7f9e8cc72a00>,30,24,[2 8],31,58,82,27,53
1,<environment.Job instance at 0x7f9e8cd8d960>,31,24,[9 1],32,55,79,23,53
1,<environment.Job instance at 0x7f9e8cd8dc30>,34,23,[10  2],35,79,102,44,73
1,<environment.Job instance at 0x7f9e511cce10>,35,15,[ 1 11],36,84,99,48,84
1,<environment.Job instance at 0x7f9e8cba9460>,43,3,[3 5],44,100,103,56,100
1,<environment.Job instance at 0x7f9e8d5c29b0>,47,15,[ 3 12],48,109,124,61,109
1,<environment.Job instance at 0x7f9e8d5c2550>,48,2,[5 7],49,124,126,75,109
1,<environment.Job instance at 0x7f9e513edeb0>,9,15,[ 5 10],10,126,141,116,118
1,<environment.Job instance at 0x7f9e8cd8dc80>,33,24,[10  5],34,124,148,90,119
1,<environment.Job instance at 0x7f9e8cf96a00>,1,2,[6 3],2,2,4,0,2
1,<environment.Job instance at 0x7f9e8c24bdc0>,3,1,[1 7],4,5,6,1,5
1,<environment.Job instance at 0x7f9e8c0fc190>,12,12,[3 8],13,15,27,2,15
1,<environment.Job instance at 0x7f9e8c0fce10>,13,3,[4 8],14,27,30,13,15
1,<environment.Job instance at 0x7f9e8c0fcc30>,16,25,[ 5 10],17,30,55,13,27
1,<environment.Job instance at 0x7f9e8c0fc140>,19,2,[8 2],20,32,34,12,32
1,<environment.Job instance at 0x7f9e8c0fc320>,20,2,[1 7],21,55,57,34,32
1,<environment.Job instance at 0x7f9e8c0fcc80>,21,1,[ 4 10],22,57,58,35,32
1,<environment.Job instance at 0x7f9e50cf15f0>,22,3,[10  4],23,34,37,11,34
1,<environment.Job instance at 0x7f9e50cf1730>,24,1,[3 8],25,55,56,30,34
1,<environment.Job instance at 0x7f9e50cf1960>,27,1,[5 5],28,37,38,9,34
1,<environment.Job instance at 0x7f9e50cf1d20>,32,17,[12  4],33,58,75,25,51
1,<environment.Job instance at 0x7f9e50cf1fa0>,33,2,[5 5],34,51,53,17,51
1,<environment.Job instance at 0x7f9e50cf1e60>,34,1,[7 4],35,53,54,18,51
1,<environment.Job instance at 0x7f9e50cf1f50>,36,3,[6 3],37,75,78,38,52
1,<environment.Job instance at 0x7f9e50d05690>,39,3,[5 5],40,75,78,35,64
1,<environment.Job instance at 0x7f9e8ce52cd0>,4,18,[3 6],5,77,95,72,77
1,<environment.Job instance at 0x7f9e50cf1c30>,31,3,[1 6],32,78,81,46,77
1,<environment.Job instance at 0x7f9e50d057d0>,41,3,[9 4],42,81,84,39,77
1,<environment.Job instance at 0x7f9e50d05910>,43,2,[9 2],44,78,80,34,77
1,<environment.Job instance at 0x7f9e50d05a50>,45,2,[ 4 11],46,95,97,49,81
1,<environment.Job instance at 0x7f9e50cf1690>,23,2,[5 7],24,92,94,68,92
1,<environment.Job instance at 0x7f9e8d8104b0>,10,27,[ 5 10],11,97,124,86,96
1,<environment.Job instance at 0x7f9e50d059b0>,44,17,[7 2],45,125,142,80,125
1,<environment.Job instance at 0x7f9e50d05f50>,0,2,[10  2],1,1,3,0,1
1,<environment.Job instance at 0x7f9e50d06870>,6,2,[11  3],7,7,9,0,7
1,<environment.Job instance at 0x7f9e50d06640>,7,2,[12  2],8,9,11,1,8
1,<environment.Job instance at 0x7f9e50d065f0>,11,3,[7 3],12,12,15,0,12
1,<environment.Job instance at 0x7f9e50d06b90>,12,2,[12  5],13,15,17,2,13
1,<environment.Job instance at 0x7f9e50d06a00>,13,1,[1 7],14,14,15,0,14
1,<environment.Job instance at 0x7f9e8c2d0c30>,14,1,[14  4],15,17,18,2,15
1,<environment.Job instance at 0x7f9e8d3dcd70>,17,2,[6 4],18,18,20,0,18
1,<environment.Job instance at 0x7f9e8d30d6e0>,24,2,[2 5],25,44,46,19,44
1,<environment.Job instance at 0x7f9e8d618a50>,26,1,[3 8],27,53,54,26,53
1,<environment.Job instance at 0x7f9e8c1624b0>,27,3,[10  2],28,53,56,25,53
1,<environment.Job instance at 0x7f9e8c162d20>,28,1,[2 8],29,54,55,25,53
1,<environment.Job instance at 0x7f9e8c162870>,29,1,[ 3 10],30,55,56,25,53
1,<environment.Job instance at 0x7f9e511a1550>,32,1,[ 5 10],33,66,67,33,66
1,<environment.Job instance at 0x7f9e8c1620f0>,33,1,[ 5 12],34,67,68,33,66
1,<environment.Job instance at 0x7f9e8c2d6dc0>,34,21,[7 2],35,66,87,31,66
1,<environment.Job instance at 0x7f9e8cf96820>,36,3,[ 3 10],37,78,81,41,78
1,<environment.Job instance at 0x7f9e8d4b2aa0>,37,2,[10  4],38,87,89,49,79
1,<environment.Job instance at 0x7f9e8d14e0a0>,40,18,[4 7],41,92,110,51,92
1,<environment.Job instance at 0x7f9e8d147d20>,42,14,[ 1 11],43,110,124,67,95
1,<environment.Job instance at 0x7f9e8d147960>,44,3,[14  4],45,110,113,65,95
1,<environment.Job instance at 0x7f9e50f8fd20>,45,2,[5 5],46,95,97,49,95
1,<environment.Job instance at 0x7f9e510e6780>,46,2,[13  4],47,113,115,66,95
1,<environment.Job instance at 0x7f9e8d41bf50>,3,2,[ 2 14],4,124,126,120,116
1,<environment.Job instance at 0x7f9e8d30d4b0>,23,13,[4 9],24,126,139,102,120
1,<environment.Job instance at 0x7f9e50d05500>,4,17,[ 5 14],5,147,164,142,147
1,<environment.Job instance at 0x7f9e8d613c80>,2,3,[ 4 10],3,3,6,0,3
1,<environment.Job instance at 0x7f9e511348c0>,5,14,[ 5 12],6,7,21,1,7
1,<environment.Job instance at 0x7f9e8d613dc0>,7,19,[14  4],8,21,40,13,11
1,<environment.Job instance at 0x7f9e51452410>,16,25,[3 8],17,40,65,23,36
1,<environment.Job instance at 0x7f9e51248190>,18,3,[ 5 14],19,65,68,46,39
1,<environment.Job instance at 0x7f9e8d1b1a00>,19,27,[9 3],20,68,95,48,66
1,<environment.Job instance at 0x7f9e50f4b370>,23,1,[3 5],24,71,72,47,71
1,<environment.Job instance at 0x7f9e8d1b1cd0>,25,2,[6 3],26,73,75,47,73
1,<environment.Job instance at 0x7f9e8d1b11e0>,26,2,[3 8],27,75,77,48,73
1,<environment.Job instance at 0x7f9e50dba2d0>,27,12,[ 2 12],28,77,89,49,73
1,<environment.Job instance at 0x7f9e50dba0f0>,28,27,[1 7],29,89,116,60,87
1,<environment.Job instance at 0x7f9e50dbad70>,30,19,[6 3],31,95,114,64,87
1,<environment.Job instance at 0x7f9e5108cb90>,35,3,[1 5],36,101,104,65,101
1,<environment.Job instance at 0x7f9e50bd5050>,36,3,[9 3],37,114,117,77,101
1,<environment.Job instance at 0x7f9e511cceb0>,39,1,[10  3],40,117,118,77,105
1,<environment.Job instance at 0x7f9e511cc230>,40,19,[1 5],41,105,124,64,105
1,<environment.Job instance at 0x7f9e50f22d70>,41,18,[2 9],42,118,136,76,109
1,<environment.Job instance at 0x7f9e50dcc730>,44,2,[7 5],45,124,126,79,120
1,<environment.Job instance at 0x7f9e50dcc640>,45,2,[14  5],46,136,138,90,120
1,<environment.Job instance at 0x7f9e50dcccd0>,47,18,[5 1],48,138,156,90,127
1,<environment.Job instance at 0x7f9e50dcc870>,48,3,[5 8],49,138,141,89,127
1,<environment.Job instance at 0x7f9e51134aa0>,6,18,[4 6],7,145,163,138,145
1,<environment.Job instance at 0x7f9e51134410>,9,14,[ 5 11],10,163,177,153,153
1,<environment.Job instance at 0x7f9e8d1b1280>,22,24,[ 3 10],23,190,214,167,190
1,<environment.Job instance at 0x7f9e8c198370>,5,21,[2 5],6,6,27,0,6
1,<environment.Job instance at 0x7f9e8c1980a0>,6,1,[7 2],7,7,8,0,7
1,<environment.Job instance at 0x7f9e512ac5a0>,14,1,[5 8],15,15,16,0,15
1,<environment.Job instance at 0x7f9e512acb90>,15,12,[2 9],16,17,29,1,17
1,<environment.Job instance at 0x7f9e8cfb9910>,10,12,[2 5],11,27,39,16,22
1,<environment.Job instance at 0x7f9e50f41c80>,20,3,[1 7],21,31,34,10,31
1,<environment.Job instance at 0x7f9e8ccae320>,27,22,[1 7],28,52,74,24,52
1,<environment.Job instance at 0x7f9e8ccae410>,28,2,[5 7],29,52,54,23,52
1,<environment.Job instance at 0x7f9e50d6f870>,31,18,[3 6],32,59,77,27,59
1,<environment.Job instance at 0x7f9e8d3c2640>,32,1,[9 3],33,74,75,41,59
1,<environment.Job instance at 0x7f9e8c10d870>,33,3,[ 3 14],34,77,80,43,59
1,<environment.Job instance at 0x7f9e8ce870f0>,35,25,[6 3],36,80,105,44,76
1,<environment.Job instance at 0x7f9e8ce87190>,36,2,[5 1],37,76,78,39,76
1,<environment.Job instance at 0x7f9e8ce871e0>,37,2,[4 5],38,80,82,42,76
1,<environment.Job instance at 0x7f9e8ce5cd70>,44,1,[5 7],45,122,123,77,122
1,<environment.Job instance at 0x7f9e8d2a4f50>,26,16,[5 5],27,126,142,99,126
1,<environment.Job instance at 0x7f9e8ce5c230>,40,2,[ 5 11],41,142,144,101,129
1,<environment.Job instance at 0x7f9e8cfb9eb0>,9,19,[9 1],10,171,190,161,171
1,<environment.Job instance at 0x7f9e8d55b2d0>,1,22,[ 1 10],2,2,24,0,2
1,<environment.Job instance at 0x7f9e51362870>,8,20,[6 2],9,9,29,0,9
1,<environment.Job instance at 0x7f9e51362190>,11,1,[8 5],12,24,25,12,12
1,<environment.Job instance at 0x7f9e50d25370>,18,12,[ 5 12],19,25,37,6,23
1,<environment.Job instance at 0x7f9e50d254b0>,20,15,[1 6],21,37,52,16,29
1,<environment.Job instance at 0x7f9e50d25e10>,23,2,[10  5],24,43,45,19,43
1,<environment.Job instance at 0x7f9e8cb172d0>,26,3,[8 1],27,58,61,31,58
1,<environment.Job instance at 0x7f9e8cb17a00>,28,21,[5 8],29,62,83,33,62
1,<environment.Job instance at 0x7f9e8cb17500>,31,28,[2 8],32,83,111,51,82
1,<environment.Job instance at 0x7f9e50dee8c0>,33,27,[9 3],34,92,119,58,92
1,<environment.Job instance at 0x7f9e50deeb40>,38,1,[5 7],39,111,112,72,105
1,<environment.Job instance at 0x7f9e50dee460>,39,2,[ 4 11],40,112,114,72,105
1,<environment.Job instance at 0x7f9e50dee370>,41,1,[10  2],42,119,120,77,105
1,<environment.Job instance at 0x7f9e50dee140>,42,3,[9 1],43,120,123,77,105
1,<environment.Job instance at 0x7f9e50dee6e0>,43,2,[ 4 10],44,114,116,70,105
1,<environment.Job instance at 0x7f9e50dee0f0>,44,3,[11  1],45,123,126,78,105
1,<environment.Job instance at 0x7f9e50d25a00>,15,17,[7 1],16,126,143,110,119
1,<environment.Job instance at 0x7f9e8d2c44b0>,47,2,[8 4],48,126,128,78,119
1,<environment.Job instance at 0x7f9e50dee050>,48,1,[6 3],49,121,122,72,121
1,<environment.Job instance at 0x7f9e8c16eb40>,4,2,[2 5],5,122,124,117,121
1,<environment.Job instance at 0x7f9e50deea50>,36,28,[1 7],37,129,157,92,129
1,<environment.Job instance at 0x7f9e50deec30>,46,28,[9 2],47,143,171,96,142
1,<environment.Job instance at 0x7f9e50d25be0>,16,13,[11  1],17,171,184,154,170
1,<environment.Job instance at 0x7f9e5148f320>,3,1,[6 2],4,4,5,0,4
1,<environment.Job instance at 0x7f9e5148f820>,7,3,[ 1 12],8,8,11,0,8
1,<environment.Job instance at 0x7f9e5148f640>,8,15,[ 3 11],9,11,26,2,10
1,<environment.Job instance at 0x7f9e8cf14640>,15,15,[ 2 11],16,26,41,10,16
1,<environment.Job instance at 0x7f9e8cf14370>,16,23,[7 4],17,17,40,0,17
1,<environment.Job instance at 0x7f9e8cf148c0>,17,1,[9 4],18,40,41,22,18
1,<environment.Job instance at 0x7f9e5148f1e0>,9,3,[5 1],10,43,46,33,43
1,<environment.Job instance at 0x7f9e8d3d4af0>,23,20,[5 4],24,48,68,24,48
1,<environment.Job instance at 0x7f9e512488c0>,24,2,[10  3],25,48,50,23,48
1,<environment.Job instance at 0x7f9e512486e0>,25,3,[5 5],26,50,53,24,48
1,<environment.Job instance at 0x7f9e51248f00>,26,2,[3 9],27,53,55,26,48
1,<environment.Job instance at 0x7f9e51248820>,27,2,[7 2],28,53,55,25,48
1,<environment.Job instance at 0x7f9e512483c0>,28,3,[10  4],29,55,58,26,48
1,<environment.Job instance at 0x7f9e51248e10>,29,1,[ 2 10],30,58,59,28,49
1,<environment.Job instance at 0x7f9e5148f0a0>,11,1,[10  4],12,59,60,47,49
1,<environment.Job instance at 0x7f9e51248a50>,30,16,[14  3],31,68,84,37,55
1,<environment.Job instance at 0x7f9e50ff4b90>,22,13,[1 5],23,60,73,37,58
1,<environment.Job instance at 0x7f9e50b6ce10>,38,1,[ 3 10],39,84,85,45,66
1,<environment.Job instance at 0x7f9e5110aaa0>,41,27,[5 1],42,84,111,42,83
1,<environment.Job instance at 0x7f9e51010b40>,42,21,[1 6],43,85,106,42,83
1,<environment.Job instance at 0x7f9e50e081e0>,37,13,[9 4],38,85,98,47,85
1,<environment.Job instance at 0x7f9e50d0ac80>,46,25,[8 3],47,98,123,51,94
1,<environment.Job instance at 0x7f9e50d0a4b0>,47,13,[13  1],48,123,136,75,107
1,<environment.Job instance at 0x7f9e50e08e10>,36,21,[6 5],37,136,157,99,131
1,<environment.Job instance at 0x7f9e5139eeb0>,1,19,[10  1],2,4,23,2,4
1,<environment.Job instance at 0x7f9e511697d0>,6,25,[ 5 10],7,14,39,7,14
1,<environment.Job instance at 0x7f9e513f5870>,18,18,[1 9],19,39,57,20,28
1,<environment.Job instance at 0x7f9e8cd11230>,27,1,[9 5],28,46,47,18,46
1,<environment.Job instance at 0x7f9e50d20370>,30,26,[6 3],31,47,73,16,46
1,<environment.Job instance at 0x7f9e50b670f0>,19,15,[6 3],20,54,69,34,54
1,<environment.Job instance at 0x7f9e8ce67eb0>,26,2,[13  5],27,73,75,46,54
1,<environment.Job instance at 0x7f9e8c09d230>,35,23,[7 1],36,75,98,39,69
1,<environment.Job instance at 0x7f9e50be0780>,32,17,[ 2 11],33,75,92,42,70
1,<environment.Job instance at 0x7f9e8d457d20>,20,15,[3 9],21,92,107,71,84
1,<environment.Job instance at 0x7f9e50defcd0>,44,14,[7 4],45,98,112,53,95
1,<environment.Job instance at 0x7f9e50def6e0>,43,12,[ 1 14],44,112,124,68,97
1,<environment.Job instance at 0x7f9e8d3af8c0>,48,1,[ 3 14],49,124,125,75,101
1,<environment.Job instance at 0x7f9e8cc450f0>,12,18,[5 9],13,135,153,122,135
1,<environment.Job instance at 0x7f9e50defd70>,46,13,[13  3],47,153,166,106,152
1,<environment.Job instance at 0x7f9e50bbc460>,3,3,[9 2],4,5,8,1,5
1,<environment.Job instance at 0x7f9e8d3af500>,8,1,[8 4],9,9,10,0,9
1,<environment.Job instance at 0x7f9e8d3af410>,9,3,[7 4],10,10,13,0,10
1,<environment.Job instance at 0x7f9e8d118dc0>,10,2,[4 9],11,11,13,0,11
1,<environment.Job instance at 0x7f9e8cb5a0a0>,11,14,[ 3 14],12,13,27,1,12
1,<environment.Job instance at 0x7f9e8cb2d820>,17,3,[6 4],18,27,30,9,18
1,<environment.Job instance at 0x7f9e8cb2df50>,19,18,[9 5],20,29,47,9,29
1,<environment.Job instance at 0x7f9e8cc336e0>,20,28,[5 6],21,30,58,9,29
1,<environment.Job instance at 0x7f9e8cc33960>,23,28,[ 1 11],24,58,86,34,57
1,<environment.Job instance at 0x7f9e8cc33aa0>,25,23,[5 3],26,57,80,31,57
1,<environment.Job instance at 0x7f9e8cc33c30>,26,14,[13  5],27,86,100,59,71
1,<environment.Job instance at 0x7f9e8c1680a0>,14,1,[1 9],15,86,87,71,72
1,<environment.Job instance at 0x7f9e8cc33dc0>,28,1,[6 1],29,75,76,46,75
1,<environment.Job instance at 0x7f9e8cc4b050>,33,3,[5 8],34,100,103,66,80
1,<environment.Job instance at 0x7f9e8cc4b0a0>,34,1,[6 1],35,80,81,45,80
1,<environment.Job instance at 0x7f9e8cc4b190>,35,3,[1 5],36,87,90,51,80
1,<environment.Job instance at 0x7f9e8cc4b370>,38,15,[ 3 13],39,103,118,64,95
1,<environment.Job instance at 0x7f9e8cc4b410>,39,1,[10  3],40,100,101,60,95
1,<environment.Job instance at 0x7f9e8cc33b90>,29,15,[5 2],30,101,116,71,96
1,<environment.Job instance at 0x7f9e8cc33eb0>,30,13,[12  5],31,118,131,87,103
1,<environment.Job instance at 0x7f9e8cc4b730>,44,1,[1 6],45,118,119,73,112
1,<environment.Job instance at 0x7f9e8cc4b870>,46,18,[ 3 13],47,131,149,84,120
1,<environment.Job instance at 0x7f9e8c168320>,16,17,[11  2],17,131,148,114,121
1,<environment.Job instance at 0x7f9e8cc4b9b0>,48,3,[7 1],49,148,151,99,123
1,<environment.Job instance at 0x7f9e8cc4b690>,43,18,[ 1 10],44,159,177,115,159
1,<environment.Job instance at 0x7f9e8d3afaa0>,15,13,[ 1 12],16,177,190,161,174
1,<environment.Job instance at 0x7f9e8cc4bd70>,1,1,[9 5],2,2,3,0,2
1,<environment.Job instance at 0x7f9e8cc175f0>,2,2,[ 2 10],3,3,5,0,3
1,<environment.Job instance at 0x7f9e8cc178c0>,5,2,[10  5],6,6,8,0,6
1,<environment.Job instance at 0x7f9e8c149730>,7,2,[ 4 14],8,8,10,0,8
1,<environment.Job instance at 0x7f9e8c1494b0>,10,1,[5 4],11,13,14,2,13
1,<environment.Job instance at 0x7f9e8cee25f0>,14,2,[ 1 12],15,15,17,0,15
1,<environment.Job instance at 0x7f9e8cee2fa0>,17,2,[6 4],18,18,20,0,18
1,<environment.Job instance at 0x7f9e8cee2a00>,23,18,[ 4 10],24,46,64,22,46
1,<environment.Job instance at 0x7f9e8d3be780>,24,3,[ 3 14],25,64,67,39,46
1,<environment.Job instance at 0x7f9e8d3bedc0>,25,1,[10  1],26,46,47,20,46
1,<environment.Job instance at 0x7f9e8cee2820>,13,15,[10  4],14,69,84,55,69
1,<environment.Job instance at 0x7f9e8d3bee10>,29,2,[13  5],30,84,86,54,70
1,<environment.Job instance at 0x7f9e8d3be6e0>,30,1,[4 8],31,83,84,52,83
1,<environment.Job instance at 0x7f9e8d3be3c0>,37,3,[8 5],38,86,89,48,85
1,<environment.Job instance at 0x7f9e8d3be820>,38,1,[ 3 12],39,89,90,50,85
1,<environment.Job instance at 0x7f9e8cf960a0>,40,2,[5 6],41,90,92,49,89
1,<environment.Job instance at 0x7f9e8cf96a00>,43,18,[ 5 10],44,103,121,59,103
1,<environment.Job instance at 0x7f9e8cf96cd0>,44,20,[9 5],45,103,123,58,103
1,<environment.Job instance at 0x7f9e50fac780>,48,2,[8 5],49,123,125,74,122
1,<environment.Job instance at 0x7f9e8cee25a0>,11,18,[4 8],12,131,149,119,131
1,<environment.Job instance at 0x7f9e8d3be370>,36,18,[9 4],37,138,156,101,138
1,<environment.Job instance at 0x7f9e8cee2320>,20,25,[2 8],21,149,174,128,148
1,<environment.Job instance at 0x7f9e8d3bed70>,31,16,[ 4 10],32,174,190,142,171
1,<environment.Job instance at 0x7f9e510fdd70>,1,1,[10  4],2,2,3,0,2
1,<environment.Job instance at 0x7f9e8c259af0>,5,18,[14  2],6,6,24,0,6
1,<environment.Job instance at 0x7f9e8d5e1910>,9,1,[5 6],10,24,25,14,10
1,<environment.Job instance at 0x7f9e8d108d20>,19,2,[4 6],20,24,26,4,24
1,<environment.Job instance at 0x7f9e91b978c0>,20,16,[2 8],21,25,41,4,24
1,<environment.Job instance at 0x7f9e8d556500>,21,3,[ 4 12],22,41,44,19,24
1,<environment.Job instance at 0x7f9e8c2aa460>,22,17,[1 7],23,44,61,21,32
1,<environment.Job instance at 0x7f9e5124ccd0>,24,1,[8 1],25,40,41,15,40
1,<environment.Job instance at 0x7f9e5124cbe0>,26,16,[14  3],27,44,60,17,41
1,<environment.Job instance at 0x7f9e5124c780>,27,14,[12  5],28,60,74,32,52
1,<environment.Job instance at 0x7f9e8d52baf0>,32,2,[5 7],33,74,76,41,61
1,<environment.Job instance at 0x7f9e8d52b4b0>,35,3,[1 6],36,73,76,37,73
1,<environment.Job instance at 0x7f9e8d52bbe0>,36,22,[ 4 10],37,76,98,39,73
1,<environment.Job instance at 0x7f9e8d52b0a0>,37,1,[5 7],38,98,99,60,73
1,<environment.Job instance at 0x7f9e8d52bd20>,34,25,[7 4],35,78,103,43,78
1,<environment.Job instance at 0x7f9e8d108f00>,18,2,[2 7],19,99,101,80,93
1,<environment.Job instance at 0x7f9e8cba9870>,44,3,[3 5],45,101,104,56,100
1,<environment.Job instance at 0x7f9e8cba9aa0>,45,23,[8 2],46,103,126,57,100
1,<environment.Job instance at 0x7f9e8cba92d0>,43,13,[1 7],44,103,116,59,100
1,<environment.Job instance at 0x7f9e8cba9a50>,47,1,[8 3],48,126,127,78,100
1,<environment.Job instance at 0x7f9e8d52bcd0>,40,3,[7 3],41,116,119,75,100
1,<environment.Job instance at 0x7f9e8cba9fa0>,48,1,[ 1 10],49,119,120,70,101
1,<environment.Job instance at 0x7f9e8cba9eb0>,42,18,[5 8],43,120,138,77,117
1,<environment.Job instance at 0x7f9e50d8af00>,17,25,[9 4],18,127,152,109,125
1,<environment.Job instance at 0x7f9e8d52bc80>,3,18,[ 2 11],4,4,22,0,4
1,<environment.Job instance at 0x7f9e8ce62c80>,5,3,[11  2],6,6,9,0,6
1,<environment.Job instance at 0x7f9e8c168050>,6,3,[8 5],7,22,25,15,7
1,<environment.Job instance at 0x7f9e8cd64aa0>,13,2,[2 8],14,22,24,8,20
1,<environment.Job instance at 0x7f9e8cd64280>,14,14,[10  1],15,25,39,10,21
1,<environment.Job instance at 0x7f9e8d1dc0f0>,15,3,[13  2],16,39,42,23,21
1,<environment.Job instance at 0x7f9e8cc86dc0>,16,1,[9 4],17,21,22,4,21
1,<environment.Job instance at 0x7f9e8cd647d0>,18,1,[13  4],19,42,43,23,23
1,<environment.Job instance at 0x7f9e8d6802d0>,22,13,[14  4],23,43,56,20,38
1,<environment.Job instance at 0x7f9e514b5a00>,24,2,[5 2],25,56,58,31,51
1,<environment.Job instance at 0x7f9e50e94cd0>,25,3,[5 1],26,56,59,30,51
1,<environment.Job instance at 0x7f9e8c2ef9b0>,9,16,[ 4 10],10,58,74,48,58
1,<environment.Job instance at 0x7f9e8cd64f00>,12,23,[7 1],13,59,82,46,58
1,<environment.Job instance at 0x7f9e50bc0640>,31,23,[ 3 13],32,74,97,42,68
1,<environment.Job instance at 0x7f9e50bbe3c0>,36,2,[7 2],37,88,90,51,88
1,<environment.Job instance at 0x7f9e514a6af0>,40,20,[9 5],41,97,117,56,95
1,<environment.Job instance at 0x7f9e50dea050>,42,2,[5 6],43,97,99,54,95
1,<environment.Job instance at 0x7f9e50df0870>,45,2,[10  5],46,117,119,71,109
1,<environment.Job instance at 0x7f9e50df0370>,46,2,[6 4],47,109,111,62,109
1,<environment.Job instance at 0x7f9e50df02d0>,48,3,[2 7],49,111,114,62,109
1,<environment.Job instance at 0x7f9e8cd9dbe0>,2,14,[9 1],3,122,136,119,122
1,<environment.Job instance at 0x7f9e8cd644b0>,10,18,[5 8],11,122,140,111,122
1,<environment.Job instance at 0x7f9e50dea410>,44,15,[7 5],45,138,153,93,138
1,<environment.Job instance at 0x7f9e8d810eb0>,9,3,[10  2],10,20,23,10,20
1,<environment.Job instance at 0x7f9e8d8104b0>,10,13,[11  4],11,23,36,12,20
1,<environment.Job instance at 0x7f9e8d8102d0>,11,12,[ 1 13],12,36,48,24,20
1,<environment.Job instance at 0x7f9e5145b9b0>,17,2,[3 7],18,48,50,30,40
1,<environment.Job instance at 0x7f9e5145b8c0>,18,12,[10  1],19,40,52,21,40
1,<environment.Job instance at 0x7f9e5145b140>,19,21,[1 7],20,48,69,28,40
1,<environment.Job instance at 0x7f9e50df0e60>,6,13,[3 7],7,50,63,43,50
1,<environment.Job instance at 0x7f9e8cd645a0>,4,22,[9 5],5,63,85,58,57
1,<environment.Job instance at 0x7f9e5145b0f0>,22,17,[ 2 14],23,85,102,62,74
1,<environment.Job instance at 0x7f9e5145be10>,30,2,[8 1],31,85,87,54,75
1,<environment.Job instance at 0x7f9e5145b5f0>,33,2,[1 7],34,75,77,41,75
1,<environment.Job instance at 0x7f9e5145b820>,34,2,[1 6],35,102,104,67,90
1,<environment.Job instance at 0x7f9e5145ba50>,35,16,[11  3],36,102,118,66,94
1,<environment.Job instance at 0x7f9e8d7e2b40>,45,2,[3 7],46,108,110,62,108
1,<environment.Job instance at 0x7f9e8d7e2fa0>,46,1,[11  2],47,118,119,71,108
1,<environment.Job instance at 0x7f9e8d7e2730>,43,18,[ 2 10],44,147,165,103,147
1,<environment.Job instance at 0x7f9e50df0cd0>,5,3,[ 1 14],6,179,182,173,179
1,<environment.Job instance at 0x7f9e50d7eeb0>,2,1,[6 3],3,3,4,0,3
1,<environment.Job instance at 0x7f9e50ed4780>,4,1,[5 4],5,6,7,1,6
1,<environment.Job instance at 0x7f9e50ed4280>,6,3,[6 2],7,7,10,0,7
1,<environment.Job instance at 0x7f9e50ed45a0>,7,1,[6 3],8,8,9,0,8
1,<environment.Job instance at 0x7f9e513ba4b0>,8,19,[7 1],9,9,28,0,9
1,<environment.Job instance at 0x7f9e8cd17b40>,11,1,[2 7],12,12,13,0,12
1,<environment.Job instance at 0x7f9e50e04410>,12,2,[4 5],13,13,15,0,13
1,<environment.Job instance at 0x7f9e8cc7caa0>,15,2,[10  5],16,28,30,12,16
1,<environment.Job instance at 0x7f9e50c3eeb0>,16,1,[2 5],17,17,18,0,17
1,<environment.Job instance at 0x7f9e8cff1640>,17,14,[11  2],18,30,44,12,18
1,<environment.Job instance at 0x7f9e50d7ebe0>,5,17,[ 2 10],6,21,38,15,21
1,<environment.Job instance at 0x7f9e8cf73640>,18,15,[ 3 14],19,44,59,25,30
1,<environment.Job instance at 0x7f9e51068e10>,25,2,[ 1 12],26,38,40,12,31
1,<environment.Job instance at 0x7f9e8c09a370>,30,25,[ 1 14],31,59,84,28,55
1,<environment.Job instance at 0x7f9e8c09a140>,33,1,[ 4 13],34,84,85,50,60
1,<environment.Job instance at 0x7f9e8c09ac80>,34,19,[9 1],35,60,79,25,60
1,<environment.Job instance at 0x7f9e8c09af50>,35,3,[ 4 11],36,85,88,49,62
1,<environment.Job instance at 0x7f9e8c09a190>,36,2,[8 3],37,85,87,48,62
1,<environment.Job instance at 0x7f9e8c09ae60>,37,3,[2 8],38,88,91,50,63
1,<environment.Job instance at 0x7f9e8ccae230>,40,1,[2 6],41,88,89,47,67
1,<environment.Job instance at 0x7f9e50e11b40>,45,1,[5 2],46,99,100,53,99
1,<environment.Job instance at 0x7f9e50e11500>,46,3,[8 3],47,99,102,52,99
1,<environment.Job instance at 0x7f9e51288410>,48,3,[11  1],49,102,105,53,99
1,<environment.Job instance at 0x7f9e510bb730>,20,27,[7 4],21,105,132,84,104
1,<environment.Job instance at 0x7f9e8d47e550>,23,15,[4 8],24,108,123,84,108
1,<environment.Job instance at 0x7fb8e71fc410>,1,22,[11  3],2,2,24,0,2
1,<environment.Job instance at 0x7fb8dfded9b0>,4,14,[1 6],5,7,21,2,7
1,<environment.Job instance at 0x7fb8e71fc5f0>,2,22,[4 8],3,21,43,18,14
1,<environment.Job instance at 0x7fb8dfdedd20>,9,18,[11  5],10,24,42,14,21
1,<environment.Job instance at 0x7fb8dfdf2690>,17,3,[4 9],18,43,46,25,40
1,<environment.Job instance at 0x7fb8dfdf26e0>,18,3,[4 7],19,46,49,27,40
1,<environment.Job instance at 0x7fb8dfdf2820>,20,1,[7 5],21,42,43,21,40
1,<environment.Job instance at 0x7fb8dfdf2050>,21,1,[6 5],22,43,44,21,40
1,<environment.Job instance at 0x7fb8dfdf2aa0>,22,1,[2 7],23,46,47,23,40
1,<environment.Job instance at 0x7fb8dfdf2910>,23,27,[1 6],24,47,74,23,45
1,<environment.Job instance at 0x7fb8dfdf2a50>,26,3,[3 7],27,49,52,22,46
1,<environment.Job instance at 0x7fb8dfdf2cd0>,28,23,[10  4],29,52,75,23,48
1,<environment.Job instance at 0x7fb8dfdf2f50>,32,3,[5 1],33,74,77,41,60
1,<environment.Job instance at 0x7fb8dfdf50a0>,34,24,[1 8],35,75,99,40,70
1,<environment.Job instance at 0x7fb8dfdf52d0>,37,2,[2 6],38,76,78,38,76
1,<environment.Job instance at 0x7fb8dfdf5370>,38,2,[ 1 10],39,99,101,60,76
1,<environment.Job instance at 0x7fb8dfdf5640>,39,2,[5 6],40,78,80,38,76
1,<environment.Job instance at 0x7fb8dfdf5b90>,42,2,[4 6],43,83,85,40,83
1,<environment.Job instance at 0x7fb8dfdf5cd0>,44,3,[5 5],45,95,98,50,95
1,<environment.Job instance at 0x7fb8dfdf5f50>,46,17,[12  2],47,98,115,51,96
1,<environment.Job instance at 0x7fb8dfdf80f0>,47,2,[6 5],48,115,117,67,98
1,<environment.Job instance at 0x7fb8dfdf8370>,48,15,[10  1],49,117,132,68,105
1,<environment.Job instance at 0x7fb8dfdede10>,12,26,[ 1 10],13,106,132,93,106
1,<environment.Job instance at 0x7fb8dfdf8320>,50,16,[12  2],51,132,148,81,121
1,<environment.Job instance at 0x7fb8dfdf2230>,13,18,[ 4 10],14,159,177,145,159
1,<environment.Job instance at 0x7fb8dfdf5230>,36,13,[ 3 14],37,183,196,146,183
1,<environment.Job instance at 0x7fb8dfdf85f0>,54,13,[13  1],55,197,210,142,197
1,<environment.Job instance at 0x7fb8dfdf55a0>,0,3,[12  3],1,1,4,0,1
1,<environment.Job instance at 0x7fb8e7373dc0>,2,22,[6 4],3,4,26,1,3
1,<environment.Job instance at 0x7fb8e73703c0>,5,20,[2 6],6,6,26,0,6
1,<environment.Job instance at 0x7fb8e7370c80>,7,27,[ 1 10],8,26,53,18,24
1,<environment.Job instance at 0x7fb8e7371050>,15,14,[ 4 11],16,53,67,37,38
1,<environment.Job instance at 0x7fb8e73715f0>,21,15,[5 9],22,67,82,45,53
1,<environment.Job instance at 0x7fb8e7371730>,23,20,[7 1],24,57,77,33,57
1,<environment.Job instance at 0x7fb8e7371960>,25,17,[3 9],26,82,99,56,70
1,<environment.Job instance at 0x7fb8e73740a0>,26,18,[9 2],27,86,104,59,86
1,<environment.Job instance at 0x7fb8e7374f50>,30,2,[9 3],31,104,106,73,86
1,<environment.Job instance at 0x7fb8e7374140>,31,3,[1 8],32,99,102,67,86
1,<environment.Job instance at 0x7fb8e7374780>,33,2,[6 1],34,102,104,68,87
1,<environment.Job instance at 0x7fb8e722aa50>,36,2,[1 8],37,104,106,67,93
1,<environment.Job instance at 0x7fb8e722ab40>,37,2,[ 5 11],38,106,108,68,93
1,<environment.Job instance at 0x7fb8e722af50>,38,2,[5 2],39,99,101,60,93
1,<environment.Job instance at 0x7fb8e722aeb0>,39,18,[12  5],40,108,126,68,97
1,<environment.Job instance at 0x7fb8e7370d20>,12,2,[5 9],13,126,128,113,104
1,<environment.Job instance at 0x7fb8e722aa00>,43,16,[1 6],44,113,129,69,113
1,<environment.Job instance at 0x7fb8e722acd0>,44,15,[1 9],45,128,143,83,115
1,<environment.Job instance at 0x7fb8e722ac80>,45,14,[14  5],46,129,143,83,117
1,<environment.Job instance at 0x7fb8e722a460>,46,15,[11  1],47,143,158,96,131
1,<environment.Job instance at 0x7fb8e7373280>,4,18,[2 9],5,143,161,138,132
1,<environment.Job instance at 0x7fb8e722a820>,54,14,[2 5],55,143,157,88,137
1,<environment.Job instance at 0x7fb8e736ed70>,56,3,[ 1 12],57,161,164,104,146
1,<environment.Job instance at 0x7fb8e722ae10>,41,18,[ 1 10],42,164,182,122,156
1,<environment.Job instance at 0x7fb8e7370f50>,9,13,[ 3 12],10,182,195,172,177
1,<environment.Job instance at 0x7fb8e722a5a0>,51,26,[ 5 10],52,235,261,183,235
1,<environment.Job instance at 0x7fb8e73706e0>,2,3,[ 4 12],3,3,6,0,3
1,<environment.Job instance at 0x7fb89c10dc30>,4,1,[8 4],5,8,9,3,8
1,<environment.Job instance at 0x7fb89c10d9b0>,3,12,[ 4 11],4,18,30,14,18
1,<environment.Job instance at 0x7fb89c1de550>,11,1,[3 9],12,30,31,18,18
1,<environment.Job instance at 0x7fb89c1de2d0>,14,3,[5 6],15,30,33,15,22
1,<environment.Job instance at 0x7fb89c1de050>,16,1,[9 3],17,22,23,5,22
1,<environment.Job instance at 0x7fb89c1de140>,17,20,[9 2],18,31,51,13,22
1,<environment.Job instance at 0x7fb89c1de3c0>,18,16,[11  2],19,51,67,32,38
1,<environment.Job instance at 0x7fb8e722a5a0>,5,21,[4 5],6,47,68,41,47
1,<environment.Job instance at 0x7fb89c1ded20>,19,18,[ 1 12],20,68,86,48,57
1,<environment.Job instance at 0x7fb89c1de6e0>,23,15,[ 1 12],24,86,101,62,72
1,<environment.Job instance at 0x7fb89c1cc2d0>,27,1,[ 1 14],28,101,102,73,77
1,<environment.Job instance at 0x7fb89c1cce60>,34,14,[8 4],35,102,116,67,89
1,<environment.Job instance at 0x7fb89c1de960>,22,3,[4 7],23,102,105,79,98
1,<environment.Job instance at 0x7fb89c1cc5f0>,43,15,[5 2],44,111,126,67,111
1,<environment.Job instance at 0x7fb89c1ccfa0>,25,3,[ 4 13],26,116,119,90,114
1,<environment.Job instance at 0x7fb89c1e8d20>,47,2,[10  2],48,119,121,71,118
1,<environment.Job instance at 0x7fb89c1e8460>,48,19,[6 4],49,121,140,72,118
1,<environment.Job instance at 0x7fb89c1e8e10>,54,19,[6 1],55,131,150,76,131
1,<environment.Job instance at 0x7fb89c1e8eb0>,56,2,[11  5],57,150,152,93,131
1,<environment.Job instance at 0x7fb89c1e81e0>,57,21,[ 3 10],58,132,153,74,132
1,<environment.Job instance at 0x7fb89c1e8960>,58,3,[14  4],59,153,156,94,133
1,<environment.Job instance at 0x7fb89c1cc820>,40,3,[13  3],41,156,159,115,156
1,<environment.Job instance at 0x7fb89c1bf410>,3,2,[7 3],4,4,6,0,4
1,<environment.Job instance at 0x7fb89c4a1320>,6,1,[5 9],7,7,8,0,7
1,<environment.Job instance at 0x7fb89c4a17d0>,8,21,[9 4],9,9,30,0,9
1,<environment.Job instance at 0x7fb89c1bff00>,5,2,[5 2],6,9,11,3,9
1,<environment.Job instance at 0x7fb89c270190>,17,1,[9 1],18,30,31,12,18
1,<environment.Job instance at 0x7fb89c270d20>,18,12,[14  4],19,31,43,12,19
1,<environment.Job instance at 0x7fb89c21e2d0>,19,2,[9 4],20,43,45,23,20
1,<environment.Job instance at 0x7fb89c21ee10>,24,3,[9 2],25,45,48,20,40
1,<environment.Job instance at 0x7fb89c21ef50>,25,14,[10  2],26,48,62,22,40
1,<environment.Job instance at 0x7fb89c21e870>,28,2,[13  1],29,62,64,33,44
1,<environment.Job instance at 0x7fb89c21e730>,30,3,[5 6],31,48,51,17,48
1,<environment.Job instance at 0x7fb89c21edc0>,31,3,[13  5],32,64,67,32,48
1,<environment.Job instance at 0x7fb89c21e7d0>,32,2,[ 1 12],33,51,53,18,48
1,<environment.Job instance at 0x7fb89c21eeb0>,33,2,[5 6],34,53,55,19,48
1,<environment.Job instance at 0x7fb89c21e5f0>,35,2,[5 5],36,55,57,19,48
1,<environment.Job instance at 0x7fb89c21ef00>,37,3,[1 5],38,57,60,19,53
1,<environment.Job instance at 0x7fb89c21e910>,38,1,[10  5],39,67,68,28,53
1,<environment.Job instance at 0x7fb89c21e780>,39,1,[ 2 10],40,60,61,20,53
1,<environment.Job instance at 0x7fb89c4380f0>,41,18,[2 8],42,61,79,19,60
1,<environment.Job instance at 0x7fb89c4385f0>,42,1,[ 4 13],43,79,80,36,60
1,<environment.Job instance at 0x7fb89c1cc820>,11,17,[10  2],12,68,85,56,65
1,<environment.Job instance at 0x7fb89c438a00>,45,1,[3 8],46,80,81,34,66
1,<environment.Job instance at 0x7fb89c438050>,43,14,[11  3],44,85,99,41,78
1,<environment.Job instance at 0x7fb89c438190>,51,1,[8 3],52,99,100,47,80
1,<environment.Job instance at 0x7fb89c438eb0>,52,20,[1 7],53,81,101,28,80
1,<environment.Job instance at 0x7fb89c26b5a0>,56,19,[2 7],57,100,119,43,90
1,<environment.Job instance at 0x7fb89c26baa0>,58,18,[6 3],59,101,119,42,98
1,<environment.Job instance at 0x7fb89c438690>,47,16,[9 2],48,121,137,73,121
1,<environment.Job instance at 0x7fb89c21e6e0>,27,1,[2 8],28,123,124,95,123
1,<environment.Job instance at 0x7fb89c1e83c0>,0,24,[ 1 10],1,1,25,0,1
1,<environment.Job instance at 0x7fb89c438280>,3,24,[7 4],4,4,28,0,4
1,<environment.Job instance at 0x7fb89c5c0230>,5,3,[12  3],6,28,31,22,11
1,<environment.Job instance at 0x7fb89c5c0500>,11,27,[4 7],12,31,58,19,29
1,<environment.Job instance at 0x7fb89c5c0c80>,8,18,[4 6],9,31,49,22,29
1,<environment.Job instance at 0x7fb89c56dc80>,19,1,[5 4],20,49,50,29,36
1,<environment.Job instance at 0x7fb89c56de60>,20,25,[ 3 10],21,58,83,37,54
1,<environment.Job instance at 0x7fb89c5c03c0>,7,2,[4 5],8,57,59,49,57
1,<environment.Job instance at 0x7fb89c4df2d0>,24,12,[7 2],25,59,71,34,57
1,<environment.Job instance at 0x7fb89c4df370>,25,2,[1 5],26,71,73,45,59
1,<environment.Job instance at 0x7fb89c4df6e0>,32,1,[5 5],33,73,74,40,59
1,<environment.Job instance at 0x7fb89c4df960>,33,23,[10  1],34,74,97,40,68
1,<environment.Job instance at 0x7fb89c4dfcd0>,35,1,[8 1],36,97,98,61,72
1,<environment.Job instance at 0x7fb89c4df410>,26,3,[8 4],27,98,101,71,76
1,<environment.Job instance at 0x7fb89c4dfe60>,37,18,[5 9],38,83,101,45,78
1,<environment.Job instance at 0x7fb89c4dff50>,42,2,[2 6],43,101,103,58,84
1,<environment.Job instance at 0x7fb89c4f40f0>,43,2,[7 3],44,101,103,57,85
1,<environment.Job instance at 0x7fb89c4df0f0>,41,15,[14  1],42,103,118,61,91
1,<environment.Job instance at 0x7fb89c4f42d0>,46,1,[2 7],47,118,119,71,100
1,<environment.Job instance at 0x7fb89c4f4410>,48,13,[8 5],49,118,131,69,102
1,<environment.Job instance at 0x7fb89c4f4370>,47,3,[6 3],48,119,122,71,102
1,<environment.Job instance at 0x7fb89c4f45f0>,51,2,[1 5],52,114,116,62,114
1,<environment.Job instance at 0x7fb89c4f44b0>,49,28,[5 3],50,122,150,72,121
1,<environment.Job instance at 0x7fb89c4f4730>,53,3,[9 5],54,131,134,77,121
1,<environment.Job instance at 0x7fb89c4f4910>,54,2,[7 4],55,134,136,79,123
1,<environment.Job instance at 0x7fb89c4f4690>,52,18,[8 2],53,136,154,83,128
1,<environment.Job instance at 0x7fb89c5c0d20>,12,26,[8 4],13,233,259,220,233
1,<environment.Job instance at 0x7fb89c1eacd0>,2,25,[6 3],3,3,28,0,3
1,<environment.Job instance at 0x7fb89c4f20a0>,12,1,[5 9],13,18,19,5,18
1,<environment.Job instance at 0x7fb89c4f2910>,13,20,[2 6],14,19,39,5,18
1,<environment.Job instance at 0x7fb8e02ec870>,15,3,[5 2],16,19,22,3,18
1,<environment.Job instance at 0x7fb8e02ecaa0>,16,3,[ 5 10],17,39,42,22,18
1,<environment.Job instance at 0x7fb8e02ecb90>,17,1,[8 5],18,28,29,10,18
1,<environment.Job instance at 0x7fb8e02ec370>,18,2,[2 6],19,22,24,3,19
1,<environment.Job instance at 0x7fb89c4f2730>,10,1,[ 1 10],11,42,43,31,20
1,<environment.Job instance at 0x7fb8e0186640>,20,12,[9 2],21,29,41,8,21
1,<environment.Job instance at 0x7fb8e01866e0>,21,2,[1 7],22,29,31,7,22
1,<environment.Job instance at 0x7fb89c4f23c0>,6,2,[5 5],7,24,26,17,22
1,<environment.Job instance at 0x7fb8e01867d0>,19,18,[13  1],20,42,60,22,31
1,<environment.Job instance at 0x7fb8e4a8b3c0>,29,15,[ 3 10],30,60,75,30,54
1,<environment.Job instance at 0x7fb8e4a8bf50>,32,3,[7 1],33,60,63,27,54
1,<environment.Job instance at 0x7fb8e4a8b820>,33,24,[10  5],34,63,87,29,58
1,<environment.Job instance at 0x7fb8e0186190>,22,3,[ 3 11],23,87,90,64,69
1,<environment.Job instance at 0x7fb8e4a8b050>,34,23,[10  2],35,87,110,52,81
1,<environment.Job instance at 0x7fb8e435c8c0>,38,1,[2 9],39,81,82,42,81
1,<environment.Job instance at 0x7fb8e435cc80>,42,13,[1 6],43,90,103,47,86
1,<environment.Job instance at 0x7fb8dfbaa9b0>,43,3,[3 5],44,90,93,46,89
1,<environment.Job instance at 0x7fb8dfbaa140>,46,1,[2 6],47,93,94,46,93
1,<environment.Job instance at 0x7fb8dfbaa500>,47,15,[ 3 12],48,103,118,55,93
1,<environment.Job instance at 0x7fb8dfbaaaf0>,44,14,[1 5],45,118,132,73,117
1,<environment.Job instance at 0x7fb8e4a8b640>,30,24,[2 8],31,118,142,87,117
1,<environment.Job instance at 0x7fb8dfbaac80>,51,2,[6 3],52,132,134,80,126
1,<environment.Job instance at 0x7fb8e4a8be10>,31,24,[9 1],32,135,159,103,135
1,<environment.Job instance at 0x7fb8dfbaa8c0>,52,12,[8 1],53,159,171,106,145
1,<environment.Job instance at 0x7fb8e4a8b5a0>,35,15,[ 1 11],36,152,167,116,152
1,<environment.Job instance at 0x7fb89c438910>,0,27,[ 5 10],1,1,28,0,1
1,<environment.Job instance at 0x7fb89c3df460>,6,25,[ 5 10],7,28,53,21,24
1,<environment.Job instance at 0x7fb8e43cc320>,23,2,[5 5],24,30,32,6,30
1,<environment.Job instance at 0x7fb89c581140>,24,1,[7 4],25,32,33,7,30
1,<environment.Job instance at 0x7fb89c25aa50>,26,3,[6 3],27,33,36,6,30
1,<environment.Job instance at 0x7fb8e4717960>,29,3,[5 5],30,53,56,23,53
1,<environment.Job instance at 0x7fb89c4f1500>,30,18,[9 5],31,53,71,22,53
1,<environment.Job instance at 0x7fb89c6b89b0>,31,3,[9 4],32,71,74,39,53
1,<environment.Job instance at 0x7fb8dfd186e0>,32,1,[7 4],33,74,75,41,53
1,<environment.Job instance at 0x7fb8e0292730>,33,2,[9 2],34,75,77,41,53
1,<environment.Job instance at 0x7fb8dfe09910>,35,2,[ 4 11],36,71,73,35,58
1,<environment.Job instance at 0x7fb89c0930a0>,39,17,[8 1],40,77,94,37,70
1,<environment.Job instance at 0x7fb89c0937d0>,42,19,[8 2],43,94,113,51,84
1,<environment.Job instance at 0x7fb89c438aa0>,3,3,[4 8],4,86,89,82,86
1,<environment.Job instance at 0x7fb89c0933c0>,43,2,[ 2 14],44,113,115,69,102
1,<environment.Job instance at 0x7fb8dfba52d0>,47,2,[12  2],48,115,117,67,103
1,<environment.Job instance at 0x7fb8dfba5d20>,51,3,[7 3],52,107,110,55,107
1,<environment.Job instance at 0x7fb8dfba5aa0>,52,2,[12  5],53,117,119,64,107
1,<environment.Job instance at 0x7fb89c0a08c0>,53,1,[1 7],54,110,111,56,107
1,<environment.Job instance at 0x7fb8dfba5410>,54,1,[14  4],55,119,120,64,107
1,<environment.Job instance at 0x7fb8e4480370>,56,3,[8 1],57,120,123,63,109
1,<environment.Job instance at 0x7fb8e4480fa0>,57,2,[6 4],58,110,112,52,109
1,<environment.Job instance at 0x7fb89c093870>,46,2,[11  3],47,123,125,76,120
1,<environment.Job instance at 0x7fb89c093f00>,44,17,[ 5 14],45,224,241,179,224
1,<environment.Job instance at 0x7fb89c1ea3c0>,4,2,[2 5],5,5,7,0,5
1,<environment.Job instance at 0x7fb8e4b13d70>,12,1,[ 5 10],13,16,17,3,16
1,<environment.Job instance at 0x7fb8dfed7eb0>,13,1,[ 5 12],14,17,18,3,16
1,<environment.Job instance at 0x7fb8e4b13be0>,14,21,[7 2],15,16,37,1,16
1,<environment.Job instance at 0x7fb89c1ea0f0>,6,1,[3 8],7,18,19,11,17
1,<environment.Job instance at 0x7fb8e4b13190>,11,13,[4 5],12,37,50,25,37
1,<environment.Job instance at 0x7fb8dfed7b40>,16,3,[ 3 10],17,40,43,23,40
1,<environment.Job instance at 0x7fb8dfed76e0>,21,14,[1 5],22,49,63,27,49
1,<environment.Job instance at 0x7fb8dfc1c280>,24,3,[14  4],25,50,53,25,49
1,<environment.Job instance at 0x7fb8dfc1c050>,25,2,[5 5],26,53,55,27,49
1,<environment.Job instance at 0x7fb8dfc1c6e0>,26,2,[13  4],27,55,57,28,49
1,<environment.Job instance at 0x7fb89c0a1fa0>,27,3,[3 5],28,57,60,29,49
1,<environment.Job instance at 0x7fb8dfc1c960>,29,27,[1 5],30,55,82,25,55
1,<environment.Job instance at 0x7fb8dfc1c0a0>,30,1,[5 1],31,60,61,29,55
1,<environment.Job instance at 0x7fb8e4934fa0>,31,3,[9 3],32,61,64,29,55
1,<environment.Job instance at 0x7fb89bf53d70>,32,3,[ 4 10],33,64,67,31,55
1,<environment.Job instance at 0x7fb89bf53550>,33,3,[8 4],34,67,70,33,55
1,<environment.Job instance at 0x7fb89bf39c80>,34,3,[6 1],35,67,70,32,55
1,<environment.Job instance at 0x7fb8e496bc80>,35,14,[ 5 12],36,82,96,46,67
1,<environment.Job instance at 0x7fb8dfed7320>,17,2,[10  4],18,70,72,52,67
1,<environment.Job instance at 0x7fb89bf4dc30>,39,14,[ 5 11],40,96,110,56,81
1,<environment.Job instance at 0x7fb8e449ff00>,41,3,[9 2],42,81,84,39,81
1,<environment.Job instance at 0x7fb8e4962820>,43,2,[9 1],44,88,90,44,88
1,<environment.Job instance at 0x7fb8e49622d0>,46,25,[3 8],47,110,135,63,106
1,<environment.Job instance at 0x7fb89c46f960>,38,17,[7 4],39,106,123,67,106
1,<environment.Job instance at 0x7fb89bf725f0>,47,2,[2 8],48,135,137,87,108
1,<environment.Job instance at 0x7fb8e45ef1e0>,7,3,[10  2],8,123,126,115,108
1,<environment.Job instance at 0x7fb89bf72190>,49,27,[9 3],50,126,153,76,124
1,<environment.Job instance at 0x7fb89bf72690>,51,3,[ 4 10],52,137,140,85,124
1,<environment.Job instance at 0x7fb89bf720f0>,52,24,[ 3 10],53,140,164,87,135
1,<environment.Job instance at 0x7fb89bf72be0>,48,3,[ 5 14],49,164,167,115,147
1,<environment.Job instance at 0x7fb89bf71820>,58,27,[1 7],59,167,194,108,165
1,<environment.Job instance at 0x7fb89c46fb40>,37,19,[14  4],38,170,189,132,170
1,<environment.Job instance at 0x7fb89bf72e10>,57,12,[ 2 12],58,194,206,136,189
1,<environment.Job instance at 0x7fb8dfed7dc0>,22,14,[ 1 11],23,209,223,186,209
1,<environment.Job instance at 0x7fb89bf72a50>,2,2,[9 3],3,3,5,0,3
1,<environment.Job instance at 0x7fb8e45d8d20>,5,3,[1 5],6,6,9,0,6
1,<environment.Job instance at 0x7fb89c1e8140>,12,18,[10  4],13,20,38,7,20
1,<environment.Job instance at 0x7fb89c1e8e10>,14,2,[7 5],15,38,40,23,24
1,<environment.Job instance at 0x7fb89c1e8410>,15,2,[14  5],16,40,42,24,24
1,<environment.Job instance at 0x7fb89c1e85a0>,16,3,[2 7],17,24,27,7,24
1,<environment.Job instance at 0x7fb89c1e8a50>,17,18,[5 1],18,42,60,24,31
1,<environment.Job instance at 0x7fb89c1e88c0>,18,3,[5 8],19,31,34,12,31
1,<environment.Job instance at 0x7fb89c1e8c80>,11,18,[2 9],12,42,60,30,32
1,<environment.Job instance at 0x7fb89c1e8b40>,25,21,[2 5],26,45,66,19,45
1,<environment.Job instance at 0x7fb89c052dc0>,26,1,[7 2],27,60,61,33,45
1,<environment.Job instance at 0x7fb89c052050>,27,2,[2 6],28,60,62,32,45
1,<environment.Job instance at 0x7fb89c052370>,29,19,[9 1],30,61,80,31,51
1,<environment.Job instance at 0x7fb8e44dbfa0>,32,1,[2 9],33,62,63,29,56
1,<environment.Job instance at 0x7fb8e44db8c0>,33,27,[1 8],34,63,90,29,61
1,<environment.Job instance at 0x7fb8e44dba50>,34,1,[5 8],35,90,91,55,66
1,<environment.Job instance at 0x7fb89c1ea050>,4,16,[10  3],5,80,96,75,67
1,<environment.Job instance at 0x7fb8e44db6e0>,40,3,[1 7],41,91,94,50,73
1,<environment.Job instance at 0x7fb8e44db820>,42,3,[ 1 10],43,94,97,51,82
1,<environment.Job instance at 0x7fb8e44db410>,44,17,[3 9],45,97,114,52,89
1,<environment.Job instance at 0x7fb8e010f7d0>,47,22,[1 7],48,114,136,66,107
1,<environment.Job instance at 0x7fb8e010fc30>,55,25,[6 3],56,132,157,76,132
1,<environment.Job instance at 0x7fb8e010fa00>,53,3,[ 3 14],54,157,160,103,133
1,<environment.Job instance at 0x7fb89c634d70>,58,16,[8 5],59,179,195,120,179
1,<environment.Job instance at 0x7fb89c1ea0a0>,0,2,[ 5 11],1,1,3,0,1
1,<environment.Job instance at 0x7fb89c1ea550>,4,1,[5 7],5,5,6,0,5
1,<environment.Job instance at 0x7fb89c6d4f50>,7,3,[7 1],8,8,11,0,8
1,<environment.Job instance at 0x7fb89c6d4af0>,9,27,[ 5 10],10,12,39,2,12
1,<environment.Job instance at 0x7fb8dffe4eb0>,10,1,[6 3],11,14,15,3,14
1,<environment.Job instance at 0x7fb8e44c10a0>,3,15,[6 3],4,15,30,11,15
1,<environment.Job instance at 0x7fb8e455d550>,16,3,[8 2],17,30,33,13,17
1,<environment.Job instance at 0x7fb8dfd8bd20>,21,1,[8 5],22,35,36,13,35
1,<environment.Job instance at 0x7fb8e4a26f00>,18,20,[6 2],19,40,60,21,40
1,<environment.Job instance at 0x7fb89bf19910>,26,13,[11  1],27,60,73,33,47
1,<environment.Job instance at 0x7fb89beddd20>,24,12,[4 6],25,47,59,22,47
1,<environment.Job instance at 0x7fb8dfd8b050>,23,2,[5 5],24,49,51,25,49
1,<environment.Job instance at 0x7fb8dff3d820>,33,2,[10  5],34,80,82,46,80
1,<environment.Job instance at 0x7fb8dfd3e0f0>,36,3,[8 1],37,82,85,45,80
1,<environment.Job instance at 0x7fb8e492f7d0>,38,21,[5 8],39,93,114,54,93
1,<environment.Job instance at 0x7fb8e492ff50>,41,28,[2 8],42,114,142,72,113
1,<environment.Job instance at 0x7fb8e492f4b0>,43,27,[9 3],44,114,141,70,114
1,<environment.Job instance at 0x7fb8e492f640>,45,2,[4 7],46,141,143,95,120
1,<environment.Job instance at 0x7fb8e492f460>,46,28,[1 7],47,142,170,95,141
1,<environment.Job instance at 0x7fb8e492fdc0>,48,1,[5 7],49,143,144,94,141
1,<environment.Job instance at 0x7fb89c3e1f00>,49,2,[ 4 11],50,170,172,120,143
1,<environment.Job instance at 0x7fb89c3e16e0>,51,1,[10  2],52,144,145,92,143
1,<environment.Job instance at 0x7fb89c507b90>,53,2,[ 4 10],54,172,174,118,145
1,<environment.Job instance at 0x7fb89c507910>,54,3,[11  1],55,145,148,90,145
1,<environment.Job instance at 0x7fb89c507870>,55,1,[8 2],56,148,149,92,145
1,<environment.Job instance at 0x7fb89c507b40>,56,28,[9 2],57,149,177,92,148
1,<environment.Job instance at 0x7fb8dffe4a00>,11,22,[ 1 10],12,174,196,162,172
1,<environment.Job instance at 0x7fb8dfd8beb0>,29,14,[10  1],30,177,191,147,173
1,<environment.Job instance at 0x7fb8dfd8bc30>,28,12,[ 5 12],29,196,208,167,185
1,<environment.Job instance at 0x7fb8e01b28c0>,3,1,[6 2],4,4,5,0,4
1,<environment.Job instance at 0x7fb89c132af0>,4,2,[4 6],5,5,7,0,5
1,<environment.Job instance at 0x7fb8dff9b1e0>,5,3,[8 5],6,6,9,0,6
1,<environment.Job instance at 0x7fb8e48942d0>,7,3,[ 1 12],8,9,12,1,8
1,<environment.Job instance at 0x7fb89c78ec80>,13,3,[6 2],14,14,17,0,14
1,<environment.Job instance at 0x7fb8e44db730>,14,15,[9 1],15,17,32,2,17
1,<environment.Job instance at 0x7fb8dfd04320>,16,23,[7 4],17,32,55,15,26
1,<environment.Job instance at 0x7fb89c46f190>,21,3,[5 5],22,36,39,14,36
1,<environment.Job instance at 0x7fb89c312050>,23,20,[5 4],24,39,59,15,36
1,<environment.Job instance at 0x7fb89c252960>,30,16,[14  3],31,59,75,28,47
1,<environment.Job instance at 0x7fb89c49d820>,33,1,[7 2],34,55,56,21,47
1,<environment.Job instance at 0x7fb8dfd37690>,9,3,[5 1],10,56,59,46,49
1,<environment.Job instance at 0x7fb8e72511e0>,36,21,[6 5],37,75,96,38,67
1,<environment.Job instance at 0x7fb8e008e5f0>,38,1,[ 3 10],39,75,76,36,67
1,<environment.Job instance at 0x7fb89c41b460>,41,27,[5 1],42,76,103,34,74
1,<environment.Job instance at 0x7fb89c41be60>,42,21,[1 6],43,76,97,33,74
1,<environment.Job instance at 0x7fb89c41bfa0>,44,3,[6 1],45,96,99,51,83
1,<environment.Job instance at 0x7fb8dfe260a0>,46,25,[8 3],47,99,124,52,99
1,<environment.Job instance at 0x7fb89c78e0a0>,15,15,[ 2 11],16,99,114,83,99
1,<environment.Job instance at 0x7fb8dfe26370>,47,13,[13  1],48,124,137,76,108
1,<environment.Job instance at 0x7fb8e459d280>,51,19,[10  1],52,137,156,85,127
1,<environment.Job instance at 0x7fb8e4533690>,56,25,[ 5 10],57,137,162,80,133
1,<environment.Job instance at 0x7fb8e01ae190>,0,1,[4 6],1,1,2,0,1
1,<environment.Job instance at 0x7fb8dfff34b0>,4,2,[ 2 10],5,5,7,0,5
1,<environment.Job instance at 0x7fb89c4303c0>,5,1,[9 5],6,7,8,1,7
1,<environment.Job instance at 0x7fb89c48b280>,8,18,[1 9],9,9,27,0,9
1,<environment.Job instance at 0x7fb8e4a75a00>,11,2,[9 5],12,12,14,0,12
1,<environment.Job instance at 0x7fb8e01552d0>,16,2,[13  5],17,23,25,6,23
1,<environment.Job instance at 0x7fb8e49282d0>,17,1,[9 5],18,25,26,7,23
1,<environment.Job instance at 0x7fb89bea7320>,20,26,[6 3],21,30,56,9,30
1,<environment.Job instance at 0x7fb8e4a75960>,15,16,[5 3],16,31,47,15,31
1,<environment.Job instance at 0x7fb8e0236f50>,23,2,[6 3],24,47,49,23,39
1,<environment.Job instance at 0x7fb8e0236fa0>,24,1,[9 4],25,49,50,24,39
1,<environment.Job instance at 0x7fb8e0236f00>,25,23,[7 1],26,50,73,24,44
1,<environment.Job instance at 0x7fb89bf137d0>,7,17,[5 2],8,56,73,48,45
1,<environment.Job instance at 0x7fb8e0252640>,32,14,[3 9],33,56,70,23,45
1,<environment.Job instance at 0x7fb89c3124b0>,6,1,[2 6],7,51,52,44,51
1,<environment.Job instance at 0x7fb8e0252820>,35,18,[10  3],36,73,91,37,64
1,<environment.Job instance at 0x7fb8e02528c0>,36,13,[13  3],37,91,104,54,75
1,<environment.Job instance at 0x7fb8e0236c30>,22,17,[ 2 11],23,76,93,53,76
1,<environment.Job instance at 0x7fb8e0252a00>,38,1,[ 3 14],39,104,105,65,81
1,<environment.Job instance at 0x7fb8e0252d20>,43,3,[9 2],44,105,108,61,82
1,<environment.Job instance at 0x7fb8e0251370>,48,1,[8 4],49,108,109,59,91
1,<environment.Job instance at 0x7fb8e02514b0>,50,2,[4 9],51,105,107,54,91
1,<environment.Job instance at 0x7fb8e02515a0>,51,14,[ 3 14],52,109,123,57,94
1,<environment.Job instance at 0x7fb8e02515f0>,54,1,[1 9],55,98,99,43,98
1,<environment.Job instance at 0x7fb8e0251730>,55,13,[ 1 12],56,123,136,67,107
1,<environment.Job instance at 0x7fb8e02517d0>,56,17,[11  2],57,123,140,66,111
1,<environment.Job instance at 0x7fb8e0252eb0>,46,17,[5 5],47,151,168,104,151
1,<environment.Job instance at 0x7fb8e02526e0>,33,12,[ 1 14],34,168,180,134,156
1,<environment.Job instance at 0x7fb8e0251d70>,0,28,[5 6],1,1,29,0,1
1,<environment.Job instance at 0x7fb8e0251c80>,2,3,[9 1],3,6,9,3,6
1,<environment.Job instance at 0x7fb8e0252f50>,8,1,[6 1],9,9,10,0,9
1,<environment.Job instance at 0x7fb8e0252230>,10,13,[12  5],11,29,42,18,13
1,<environment.Job instance at 0x7fb8dfcabe60>,14,1,[6 1],15,24,25,9,24
1,<environment.Job instance at 0x7fb8dfcab1e0>,15,3,[1 5],16,24,27,8,24
1,<environment.Job instance at 0x7fb8dfcab3c0>,18,15,[ 3 13],19,42,57,23,28
1,<environment.Job instance at 0x7fb8dfcab230>,19,1,[10  3],20,28,29,8,28
1,<environment.Job instance at 0x7fb8dfcab9b0>,23,18,[ 1 10],24,58,76,34,58
1,<environment.Job instance at 0x7fb8dfcab730>,24,1,[1 6],25,76,77,51,58
1,<environment.Job instance at 0x7fb8dfcab640>,26,18,[ 3 13],27,77,95,50,66
1,<environment.Job instance at 0x7fb89c4f4910>,29,1,[7 3],30,70,71,40,70
1,<environment.Job instance at 0x7fb89c4f4b90>,31,1,[9 5],32,73,74,41,73
1,<environment.Job instance at 0x7fb89c4f4f50>,32,2,[ 2 10],33,95,97,62,73
1,<environment.Job instance at 0x7fb89c4f4fa0>,34,2,[4 6],35,97,99,62,79
1,<environment.Job instance at 0x7fb89c4f45a0>,35,2,[10  5],36,95,97,59,79
1,<environment.Job instance at 0x7fb89c4f4640>,36,1,[5 7],37,97,98,60,79
1,<environment.Job instance at 0x7fb89c4f4370>,37,2,[ 4 14],38,99,101,61,79
1,<environment.Job instance at 0x7fb89c4f43c0>,40,1,[5 4],41,98,99,57,96
1,<environment.Job instance at 0x7fb89c4f4d70>,41,18,[4 8],42,101,119,59,100
1,<environment.Job instance at 0x7fb89c4f4280>,42,1,[2 7],43,101,102,58,100
1,<environment.Job instance at 0x7fb89c4f4960>,44,2,[ 1 12],45,119,121,74,103
1,<environment.Job instance at 0x7fb8dfd1cd20>,47,2,[6 4],48,115,117,67,115
1,<environment.Job instance at 0x7fb8e02510a0>,7,16,[ 5 10],8,125,141,117,125
1,<environment.Job instance at 0x7fb8e02513c0>,3,28,[ 1 11],4,141,169,137,140
1,<environment.Job instance at 0x7fb8dfd1c9b0>,54,3,[ 3 14],55,169,172,114,143
1,<environment.Job instance at 0x7fb8dfd1c5f0>,55,1,[10  1],56,144,145,88,144
1,<environment.Job instance at 0x7fb8e0251d20>,5,23,[5 3],6,178,201,172,178
1,<environment.Job instance at 0x7fb8dfd1cb40>,50,25,[2 8],51,185,210,134,185
1,<environment.Job instance at 0x7fb8e0251050>,6,14,[13  5],7,210,224,203,210
1,<environment.Job instance at 0x7fb8e0251050>,7,3,[8 5],8,9,12,1,9
1,<environment.Job instance at 0x7fb89bf84fa0>,10,2,[5 6],11,11,13,0,11
1,<environment.Job instance at 0x7fb8e48d4be0>,8,1,[ 3 12],9,19,20,10,19
1,<environment.Job instance at 0x7fb89bee1e10>,16,18,[4 6],17,22,40,5,22
1,<environment.Job instance at 0x7fb89bee1870>,18,2,[8 5],19,33,35,14,33
1,<environment.Job instance at 0x7fb89bee1d70>,20,2,[2 7],21,44,46,23,44
1,<environment.Job instance at 0x7fb89bee13c0>,21,1,[10  4],22,44,45,22,44
1,<environment.Job instance at 0x7fb89bee10f0>,22,3,[3 8],23,45,48,22,44
1,<environment.Job instance at 0x7fb89bee1e60>,23,17,[10  5],24,46,63,22,46
1,<environment.Job instance at 0x7fb8e496b3c0>,25,18,[14  2],26,63,81,37,52
1,<environment.Job instance at 0x7fb8e496b190>,27,16,[1 5],28,53,69,25,53
1,<environment.Job instance at 0x7fb8e496b1e0>,29,1,[5 6],30,81,82,51,57
1,<environment.Job instance at 0x7fb8e496b370>,36,2,[7 3],37,85,87,48,85
1,<environment.Job instance at 0x7fb8e496bfa0>,37,25,[9 4],38,87,112,49,85
1,<environment.Job instance at 0x7fb8e496b2d0>,38,2,[2 7],39,85,87,46,85
1,<environment.Job instance at 0x7fb8e496bc80>,39,2,[4 6],40,87,89,47,85
1,<environment.Job instance at 0x7fb8e496bc30>,41,3,[ 4 12],42,112,115,70,99
1,<environment.Job instance at 0x7fb8e496b140>,42,17,[1 7],43,115,132,72,103
1,<environment.Job instance at 0x7fb8dfed7aa0>,44,1,[8 1],45,112,113,67,105
1,<environment.Job instance at 0x7fb8dfed7c80>,45,16,[1 6],46,115,131,69,107
1,<environment.Job instance at 0x7fb89bf84780>,15,17,[7 4],16,131,148,115,122
1,<environment.Job instance at 0x7fb8e48d4c30>,9,16,[2 8],10,132,148,122,122
1,<environment.Job instance at 0x7fb8dfed7f00>,49,2,[9 5],50,148,150,98,124
1,<environment.Job instance at 0x7fb8dfed7190>,50,1,[8 5],51,150,151,99,126
1,<environment.Job instance at 0x7fb8dfed7640>,46,16,[14  3],47,151,167,104,138
1,<environment.Job instance at 0x7fb8dfb9e3c0>,55,3,[1 6],56,148,151,92,138
1,<environment.Job instance at 0x7fb8dfed77d0>,47,14,[12  5],48,167,181,119,156
1,<environment.Job instance at 0x7fb8dfb9e050>,57,1,[5 7],58,181,182,123,156
1,<environment.Job instance at 0x7fb8dfb9e820>,58,16,[2 7],59,167,183,108,156
1,<environment.Job instance at 0x7fb89bee1320>,14,20,[9 5],15,187,207,172,187
1,<environment.Job instance at 0x7fb8dfb9e460>,56,22,[ 4 10],57,196,218,139,196
1,<environment.Job instance at 0x7fb8e0300230>,8,1,[ 1 10],9,9,10,0,9
1,<environment.Job instance at 0x7fb8e03001e0>,13,18,[ 2 11],14,18,36,4,18
1,<environment.Job instance at 0x7fb8e03006e0>,14,3,[8 2],15,18,21,3,18
1,<environment.Job instance at 0x7fb8e03003c0>,15,3,[11  2],16,21,24,5,18
1,<environment.Job instance at 0x7fb8e45e9370>,16,3,[8 5],17,36,39,19,18
1,<environment.Job instance at 0x7fb89bff88c0>,20,18,[5 8],21,37,55,16,37
1,<environment.Job instance at 0x7fb89bff89b0>,22,23,[7 1],23,50,73,27,50
1,<environment.Job instance at 0x7fb89bff8b90>,25,3,[13  2],26,73,76,47,51
1,<environment.Job instance at 0x7fb89bff8c30>,26,1,[9 4],27,76,77,49,52
1,<environment.Job instance at 0x7fb89bff8d70>,28,1,[13  4],29,77,78,48,54
1,<environment.Job instance at 0x7fb89bff86e0>,32,13,[14  4],33,78,91,45,77
1,<environment.Job instance at 0x7fb8e0300460>,12,14,[9 1],13,91,105,78,91
1,<environment.Job instance at 0x7fb89c69b8c0>,11,15,[9 5],12,105,120,93,91
1,<environment.Job instance at 0x7fb8e0252320>,4,3,[3 5],5,93,96,88,93
1,<environment.Job instance at 0x7fb8dfb9e550>,5,23,[8 2],6,120,143,114,116
1,<environment.Job instance at 0x7fb89c023550>,41,23,[ 3 13],42,123,146,81,123
1,<environment.Job instance at 0x7fb89c023870>,46,2,[7 2],47,143,145,96,130
1,<environment.Job instance at 0x7fb89c023d70>,50,20,[9 5],51,146,166,95,137
1,<environment.Job instance at 0x7fb89c023d20>,51,3,[3 7],52,146,149,94,137
1,<environment.Job instance at 0x7fb89c023fa0>,52,2,[5 6],53,149,151,96,137
1,<environment.Job instance at 0x7fb89c023eb0>,53,3,[10  1],54,166,169,112,140
1,<environment.Job instance at 0x7fb89c0230a0>,55,2,[10  5],56,169,171,113,142
1,<environment.Job instance at 0x7fb89bff92d0>,58,3,[2 7],59,165,168,106,165
1,<environment.Job instance at 0x7fb89c023730>,44,18,[1 8],45,168,186,123,168
1,<environment.Job instance at 0x7fb89c023a50>,49,1,[9 4],50,171,172,121,171
1,<environment.Job instance at 0x7fb89bff9a50>,5,3,[ 1 14],6,6,9,0,6
1,<environment.Job instance at 0x7fb89bff9c80>,9,3,[10  2],10,10,13,0,10
1,<environment.Job instance at 0x7fb89bff96e0>,10,13,[11  4],11,13,26,2,12
1,<environment.Job instance at 0x7fb89c0140a0>,12,3,[10  5],13,26,29,13,14
1,<environment.Job instance at 0x7fb89bff9af0>,8,16,[1 6],9,20,36,11,20
1,<environment.Job instance at 0x7fb89c605a50>,17,2,[3 7],18,31,33,13,31
1,<environment.Job instance at 0x7fb89c6051e0>,18,12,[10  1],19,31,43,12,31
1,<environment.Job instance at 0x7fb89c605dc0>,19,21,[1 7],20,33,54,13,31
1,<environment.Job instance at 0x7fb89c605b40>,20,16,[9 2],21,43,59,22,33
1,<environment.Job instance at 0x7fb89c605be0>,21,2,[5 5],22,43,45,21,33
1,<environment.Job instance at 0x7fb89c605190>,22,17,[ 2 14],23,59,76,36,47
1,<environment.Job instance at 0x7fb89c605c30>,23,2,[8 4],24,76,78,52,49
1,<environment.Job instance at 0x7fb89c6053c0>,24,1,[10  4],25,78,79,53,50
1,<environment.Job instance at 0x7fb8e00b0fa0>,30,2,[8 1],31,67,69,36,67
1,<environment.Job instance at 0x7fb8e00b0eb0>,31,1,[9 4],32,79,80,47,67
1,<environment.Job instance at 0x7fb8e00b0410>,33,2,[1 7],34,76,78,42,68
1,<environment.Job instance at 0x7fb8e00b0870>,34,2,[1 6],35,78,80,43,68
1,<environment.Job instance at 0x7fb8e00b0a50>,35,16,[11  3],36,80,96,44,68
1,<environment.Job instance at 0x7fb8e00b00a0>,38,1,[8 2],39,96,97,57,80
1,<environment.Job instance at 0x7fb8e00b0460>,39,3,[2 6],40,82,85,42,82
1,<environment.Job instance at 0x7fb8e00b0f00>,41,1,[9 4],42,97,98,55,83
1,<environment.Job instance at 0x7fb8e00b0050>,42,2,[2 7],43,85,87,42,83
1,<environment.Job instance at 0x7fb89c377780>,43,18,[ 2 10],44,89,107,45,89
1,<environment.Job instance at 0x7fb89c377dc0>,45,2,[3 7],46,107,109,61,97
1,<environment.Job instance at 0x7fb89c377460>,46,1,[11  2],47,98,99,51,97
1,<environment.Job instance at 0x7fb89c0237d0>,4,22,[9 5],5,114,136,109,114
1,<environment.Job instance at 0x7fb8dfdbff50>,50,1,[4 5],51,117,118,66,117
1,<environment.Job instance at 0x7fb89c377aa0>,52,1,[6 3],53,122,123,69,122
1,<environment.Job instance at 0x7fb89c125460>,56,3,[6 2],57,126,129,69,126
1,<environment.Job instance at 0x7fb89c125370>,57,1,[6 3],58,129,130,71,126
1,<environment.Job instance at 0x7fb89c125c80>,58,19,[7 1],59,136,155,77,127
1,<environment.Job instance at 0x7fb89c377e60>,49,16,[10  5],50,157,173,107,157
1,<environment.Job instance at 0x7fb89bff9050>,11,12,[ 1 13],12,173,185,161,161
1,<environment.Job instance at 0x7fb8e02f1b90>,2,2,[4 5],3,3,5,0,3
1,<environment.Job instance at 0x7fb8e02f1820>,5,2,[10  5],6,6,8,0,6
1,<environment.Job instance at 0x7fb8e02f1690>,6,1,[2 5],7,7,8,0,7
1,<environment.Job instance at 0x7fb8e02f15a0>,7,14,[11  2],8,8,22,0,8
1,<environment.Job instance at 0x7fb89c009d20>,8,15,[ 3 14],9,22,37,13,9
1,<environment.Job instance at 0x7fb89c009140>,10,27,[7 4],11,37,64,26,35
1,<environment.Job instance at 0x7fb89bea27d0>,15,2,[ 1 12],16,64,66,48,37
1,<environment.Job instance at 0x7fb8e4a63960>,20,25,[ 1 14],21,66,91,45,62
1,<environment.Job instance at 0x7fb8e48fc370>,23,1,[ 4 13],24,91,92,67,63
1,<environment.Job instance at 0x7fb8e457e820>,24,19,[9 1],25,64,83,39,63
1,<environment.Job instance at 0x7fb89bf0fd70>,25,3,[ 4 11],26,92,95,66,68
1,<environment.Job instance at 0x7fb89bfada00>,30,1,[2 6],31,95,96,64,76
1,<environment.Job instance at 0x7fb89bfad9b0>,32,16,[1 7],33,95,111,62,91
1,<environment.Job instance at 0x7fb89bfadd70>,35,1,[5 2],36,104,105,68,104
1,<environment.Job instance at 0x7fb89bfad3c0>,36,3,[8 3],37,104,107,67,104
1,<environment.Job instance at 0x7fb89bed8be0>,38,3,[11  1],39,111,114,72,111
1,<environment.Job instance at 0x7fb89c265820>,39,2,[3 7],40,111,113,71,111
1,<environment.Job instance at 0x7fb89c265b40>,40,2,[9 1],41,114,116,73,111
1,<environment.Job instance at 0x7fb8e0247c80>,43,2,[2 7],44,117,119,73,117
1,<environment.Job instance at 0x7fb89c265780>,44,1,[9 2],45,117,118,72,117
1,<environment.Job instance at 0x7fb89c167e10>,45,3,[9 1],46,118,121,72,117
1,<environment.Job instance at 0x7fb89c1670a0>,47,22,[6 1],48,133,155,85,133
1,<environment.Job instance at 0x7fb89c167dc0>,51,18,[5 9],52,133,151,81,133
1,<environment.Job instance at 0x7fb89c167c80>,52,2,[8 2],53,151,153,98,134
1,<environment.Job instance at 0x7fb89c167be0>,53,2,[8 1],54,153,155,99,134
1,<environment.Job instance at 0x7fb89c167780>,54,1,[ 3 10],55,155,156,100,134
1,<environment.Job instance at 0x7fb8e437e690>,58,14,[6 3],59,160,174,101,160
1,<environment.Job instance at 0x7fb8e02f1be0>,13,15,[4 8],14,189,204,175,189
1,<environment.Job instance at 0x7fb89bfadb90>,2,19,[8 3],3,9,28,6,9
1,<environment.Job instance at 0x7fb89c551e60>,9,25,[7 3],10,11,36,1,11
1,<environment.Job instance at 0x7fb89c1c8780>,11,13,[5 2],12,28,41,16,24
1,<environment.Job instance at 0x7fb8e02f1500>,15,3,[ 3 10],16,28,31,12,26
1,<environment.Job instance at 0x7fb8e02f16e0>,18,12,[5 1],19,36,48,17,35
1,<environment.Job instance at 0x7fb8dfc26e10>,19,3,[7 1],20,41,44,21,35
1,<environment.Job instance at 0x7fb8e45a1410>,20,2,[8 5],21,44,46,23,35
1,<environment.Job instance at 0x7fb8e4494690>,21,3,[ 3 11],22,36,39,14,35
1,<environment.Job instance at 0x7fb8e45a1320>,22,14,[10  1],23,46,60,23,35
1,<environment.Job instance at 0x7fb89c1ab8c0>,25,14,[5 7],26,48,62,22,41
1,<environment.Job instance at 0x7fb89bebcdc0>,29,2,[3 7],30,60,62,30,49
1,<environment.Job instance at 0x7fb89bebce60>,30,18,[5 4],31,62,80,31,51
1,<environment.Job instance at 0x7fb8e44a3870>,28,15,[ 4 10],29,62,77,33,51
1,<environment.Job instance at 0x7fb89c301320>,31,1,[4 7],32,77,78,45,60
1,<environment.Job instance at 0x7fb89bee3c30>,35,3,[14  4],36,80,83,44,60
1,<environment.Job instance at 0x7fb89c1967d0>,36,17,[ 1 13],37,83,100,46,71
1,<environment.Job instance at 0x7fb89c196500>,37,18,[ 3 12],38,100,118,62,89
1,<environment.Job instance at 0x7fb89bebc500>,32,19,[6 2],33,92,111,59,92
1,<environment.Job instance at 0x7fb89c6abc30>,41,2,[11  4],42,118,120,76,95
1,<environment.Job instance at 0x7fb89c69c460>,48,22,[ 1 13],49,120,142,71,120
1,<environment.Job instance at 0x7fb89c69cbe0>,49,3,[2 9],50,142,145,92,120
1,<environment.Job instance at 0x7fb89c69c190>,51,3,[2 9],52,145,148,93,120
1,<environment.Job instance at 0x7fb89c6b6280>,56,18,[3 9],57,148,166,91,137
1,<environment.Job instance at 0x7fb89c6ab4b0>,40,14,[2 6],41,142,156,101,138
1,<environment.Job instance at 0x7fb89c6b6910>,58,2,[11  2],59,139,141,80,139
1,<environment.Job instance at 0x7fb89c5512d0>,10,1,[12  5],11,161,162,150,161
1,<environment.Job instance at 0x7fb89c6ab410>,43,16,[3 8],44,189,205,145,189
1,<environment.Job instance at 0x7fb89c167280>,6,23,[5 5],7,203,226,196,203
1,<environment.Job instance at 0x7fb89c167280>,3,1,[5 5],4,4,5,0,4
1,<environment.Job instance at 0x7fb8dfc3baf0>,5,16,[6 5],6,7,23,1,7
1,<environment.Job instance at 0x7fb8dfc3b0f0>,8,15,[1 8],9,9,24,0,9
1,<environment.Job instance at 0x7fb8dfc3b550>,2,13,[14  2],3,23,36,20,11
1,<environment.Job instance at 0x7fb89c413640>,21,14,[6 1],22,36,50,14,23
1,<environment.Job instance at 0x7fb89c413410>,27,2,[9 1],28,36,38,8,34
1,<environment.Job instance at 0x7fb89c413050>,28,2,[ 2 10],29,38,40,9,34
1,<environment.Job instance at 0x7fb89c413e60>,29,18,[2 9],30,40,58,10,34
1,<environment.Job instance at 0x7fb89c6260f0>,32,1,[3 9],33,58,59,25,52
1,<environment.Job instance at 0x7fb89c6265a0>,35,1,[5 6],36,68,69,32,68
1,<environment.Job instance at 0x7fb8dfc3bc30>,7,18,[9 4],8,82,100,74,82
1,<environment.Job instance at 0x7fb89bf990a0>,40,1,[4 8],41,96,97,55,96
1,<environment.Job instance at 0x7fb8dfc3bf50>,4,22,[5 8],5,97,119,92,96
1,<environment.Job instance at 0x7fb8dfef1780>,51,1,[3 8],52,119,120,67,99
1,<environment.Job instance at 0x7fb8dfef1690>,46,12,[3 5],47,100,112,53,99
1,<environment.Job instance at 0x7fb89bf99910>,43,17,[14  2],44,120,137,76,111
1,<environment.Job instance at 0x7fb8dfef18c0>,53,3,[9 5],54,115,118,61,115
1,<environment.Job instance at 0x7fb8dfef1b40>,56,2,[ 5 12],57,137,139,80,116
1,<environment.Job instance at 0x7fb8dfef12d0>,45,20,[10  3],46,140,160,94,140
1,<environment.Job instance at 0x7fb8dfd3f050>,20,2,[ 4 14],21,160,162,139,154
1,<environment.Job instance at 0x7fb8dfcce9b0>,0,1,[10  3],1,1,2,0,1
1,<environment.Job instance at 0x7fb89c5a3550>,5,12,[8 3],6,6,18,0,6
1,<environment.Job instance at 0x7fb8dfcceeb0>,4,2,[9 2],5,18,20,13,11
1,<environment.Job instance at 0x7fb8e02c9730>,11,15,[7 3],12,24,39,12,24
1,<environment.Job instance at 0x7fb8e003c9b0>,14,28,[ 5 10],15,24,52,9,24
1,<environment.Job instance at 0x7fb8dfccedc0>,3,3,[2 6],4,52,55,48,32
1,<environment.Job instance at 0x7fb8e020a690>,26,16,[ 5 12],27,55,71,28,52
1,<environment.Job instance at 0x7fb89c1668c0>,28,19,[2 7],29,71,90,42,61
1,<environment.Job instance at 0x7fb8e02470f0>,20,18,[5 4],21,71,89,50,62
1,<environment.Job instance at 0x7fb8e487ccd0>,32,22,[5 4],33,71,93,38,71
1,<environment.Job instance at 0x7fb8e02c9820>,10,25,[9 4],11,92,117,81,92
1,<environment.Job instance at 0x7fb8dfe26f50>,41,16,[2 5],42,94,110,52,94
1,<environment.Job instance at 0x7fb89c0d24b0>,46,17,[ 2 14],47,117,134,70,113
1,<environment.Job instance at 0x7fb89c0d21e0>,47,26,[10  5],48,134,160,86,131
1,<environment.Job instance at 0x7fb8dfe26960>,43,16,[1 5],44,134,150,90,134
1,<environment.Job instance at 0x7fb8e46a26e0>,51,18,[4 9],52,150,168,98,148
1,<environment.Job instance at 0x7fb89c469a00>,54,19,[2 5],55,160,179,105,150
1,<environment.Job instance at 0x7fb89c0d2d70>,49,16,[5 6],50,168,184,118,161
1,<environment.Job instance at 0x7fb8e46a2690>,53,13,[9 3],54,188,201,134,188
1,<environment.Job instance at 0x7fb8e0247690>,17,27,[2 9],18,198,225,180,198
1,<environment.Job instance at 0x7f0121001140>,1,22,[11  3],2,2,24,0,2
1,<environment.Job instance at 0x7f0121001320>,2,22,[4 8],3,3,25,0,3
1,<environment.Job instance at 0x7f0119bf1dc0>,15,18,[2 8],16,25,43,9,18
1,<environment.Job instance at 0x7f0121000f50>,9,18,[11  5],10,24,42,14,19
1,<environment.Job instance at 0x7f0119bf3640>,23,27,[1 6],24,42,69,18,40
1,<environment.Job instance at 0x7f0119bf3a50>,26,3,[3 7],27,43,46,16,41
1,<environment.Job instance at 0x7f0119bf3af0>,28,23,[10  4],29,46,69,17,41
1,<environment.Job instance at 0x7f0119bf1b90>,18,3,[4 7],19,69,72,50,53
1,<environment.Job instance at 0x7f0119bf3eb0>,34,24,[1 8],35,69,93,34,64
1,<environment.Job instance at 0x7f0119bf3fa0>,36,13,[ 3 14],37,93,106,56,77
1,<environment.Job instance at 0x7f0119bf1d20>,14,13,[7 3],15,77,90,62,77
1,<environment.Job instance at 0x7f0119bf3d70>,32,3,[5 1],33,78,81,45,78
1,<environment.Job instance at 0x7f0119bf6230>,39,2,[5 6],40,90,92,50,79
1,<environment.Job instance at 0x7f0119bf6550>,42,2,[4 6],43,106,108,63,79
1,<environment.Job instance at 0x7f0119bf6780>,44,3,[5 5],45,106,109,61,80
1,<environment.Job instance at 0x7f0119bf6910>,46,17,[12  2],47,109,126,62,97
1,<environment.Job instance at 0x7f0119bf69b0>,47,2,[6 5],48,126,128,78,99
1,<environment.Job instance at 0x7f0119bf6e60>,50,16,[12  2],51,128,144,77,115
1,<environment.Job instance at 0x7f0119bf6cd0>,52,1,[8 5],53,126,127,73,115
1,<environment.Job instance at 0x7f0119bfa280>,54,13,[13  1],55,144,157,89,128
1,<environment.Job instance at 0x7f0119bf1730>,10,12,[3 7],11,129,141,118,129
1,<environment.Job instance at 0x7f0119bfa550>,60,3,[12  3],61,157,160,96,138
1,<environment.Job instance at 0x7f0119bfa690>,62,22,[6 4],63,160,182,97,153
1,<environment.Job instance at 0x7f0119bfa730>,63,3,[5 9],64,160,163,96,154
1,<environment.Job instance at 0x7f0119bfaa00>,64,18,[2 9],65,163,181,98,155
1,<environment.Job instance at 0x7f0119bfa960>,65,20,[2 6],66,181,201,115,172
1,<environment.Job instance at 0x7f0119bf6f00>,51,3,[1 5],52,181,184,129,175
1,<environment.Job instance at 0x7f0119bfaaa0>,67,27,[ 1 10],68,201,228,133,199
1,<environment.Job instance at 0x7f0119bf6500>,40,15,[10  3],41,200,215,159,200
1,<environment.Job instance at 0x7f0119bf1aa0>,12,26,[ 1 10],13,228,254,215,228
1,<environment.Job instance at 0x7f0119bf1910>,1,2,[5 1],2,2,4,0,2
1,<environment.Job instance at 0x7f0121170eb0>,2,2,[5 9],3,3,5,0,3
1,<environment.Job instance at 0x7f0121169460>,5,14,[ 4 11],6,13,27,7,13
1,<environment.Job instance at 0x7f0121000c80>,13,20,[7 1],14,18,38,4,18
1,<environment.Job instance at 0x7f0121000910>,15,17,[3 9],16,36,53,20,36
1,<environment.Job instance at 0x7f0121000c30>,18,2,[7 4],19,42,44,23,42
1,<environment.Job instance at 0x7f0121000280>,20,2,[9 3],21,45,47,24,45
1,<environment.Job instance at 0x7f01211781e0>,21,3,[1 8],22,53,56,31,45
1,<environment.Job instance at 0x7f01211782d0>,22,20,[1 5],23,47,67,24,45
1,<environment.Job instance at 0x7f0121178690>,23,2,[6 1],24,47,49,23,45
1,<environment.Job instance at 0x7f0121168a00>,24,3,[4 5],25,56,59,31,45
1,<environment.Job instance at 0x7f0121168d70>,26,2,[1 8],27,59,61,32,46
1,<environment.Job instance at 0x7f0121168f50>,27,2,[ 5 11],28,67,69,39,46
1,<environment.Job instance at 0x7f0121168b40>,28,2,[5 2],29,53,55,24,46
1,<environment.Job instance at 0x7f012102d370>,29,18,[12  5],30,69,87,39,58
1,<environment.Job instance at 0x7f012102de60>,31,18,[ 1 10],32,74,92,42,74
1,<environment.Job instance at 0x7f012102b280>,35,14,[14  5],36,87,101,51,75
1,<environment.Job instance at 0x7f012102b190>,36,15,[11  1],37,101,116,64,87
1,<environment.Job instance at 0x7f012102b730>,41,26,[ 5 10],42,116,142,74,113
1,<environment.Job instance at 0x7f012102bb40>,46,3,[ 1 12],47,113,116,66,113
1,<environment.Job instance at 0x7f012102be60>,47,1,[1 5],48,116,117,68,113
1,<environment.Job instance at 0x7f0121176230>,48,1,[3 6],49,142,143,93,114
1,<environment.Job instance at 0x7f0121176dc0>,49,20,[2 6],50,142,162,92,133
1,<environment.Job instance at 0x7f012102df00>,33,16,[1 6],34,143,159,109,133
1,<environment.Job instance at 0x7f0121176b90>,52,3,[ 4 12],53,162,165,109,136
1,<environment.Job instance at 0x7f0121176140>,57,22,[4 5],58,165,187,107,158
1,<environment.Job instance at 0x7f0121175cd0>,58,23,[ 2 14],59,187,210,128,181
1,<environment.Job instance at 0x7f0121175e60>,61,1,[3 9],62,181,182,119,181
1,<environment.Job instance at 0x7f01211756e0>,67,20,[9 2],68,210,230,142,201
1,<environment.Job instance at 0x7f0119bf1aa0>,6,19,[4 8],7,210,229,203,208
1,<environment.Job instance at 0x7f012102d730>,32,16,[3 9],33,229,245,196,228
1,<environment.Job instance at 0x7f01211761e0>,53,12,[ 4 11],54,245,257,191,229
1,<environment.Job instance at 0x7f0119bfb0f0>,2,3,[4 7],3,3,6,0,3
1,<environment.Job instance at 0x7f00d612f050>,3,15,[ 1 12],4,6,21,2,4
1,<environment.Job instance at 0x7f012102b6e0>,4,2,[2 7],5,21,23,16,5
1,<environment.Job instance at 0x7f00d5ea1b40>,5,3,[ 4 13],6,23,26,17,6
1,<environment.Job instance at 0x7f00d5ea1eb0>,7,1,[ 1 14],8,26,27,18,8
1,<environment.Job instance at 0x7f00d5ea1410>,8,1,[4 6],9,21,22,12,9
1,<environment.Job instance at 0x7f00d5f0e460>,10,2,[3 8],11,27,29,16,11
1,<environment.Job instance at 0x7f00d5f0e8c0>,16,1,[6 3],17,17,18,0,17
1,<environment.Job instance at 0x7f00d5f0ecd0>,17,3,[4 5],18,27,30,9,18
1,<environment.Job instance at 0x7f00d5f0e230>,19,2,[4 9],20,29,31,9,20
1,<environment.Job instance at 0x7f00d5f0ef50>,20,3,[13  3],21,31,34,10,21
1,<environment.Job instance at 0x7f00d5f0eb90>,22,3,[3 7],23,34,37,11,28
1,<environment.Job instance at 0x7f00d5f0e050>,24,3,[6 4],25,34,37,9,30
1,<environment.Job instance at 0x7f00d5f0edc0>,25,13,[ 1 14],26,37,50,11,30
1,<environment.Job instance at 0x7f00d5ef6320>,27,2,[10  2],28,50,52,22,30
1,<environment.Job instance at 0x7f00d5ef6cd0>,28,19,[6 4],29,52,71,23,42
1,<environment.Job instance at 0x7f00d5ea1370>,12,14,[1 8],13,50,64,37,45
1,<environment.Job instance at 0x7f00d5e81c80>,36,2,[11  5],37,71,73,34,63
1,<environment.Job instance at 0x7f00d5e81eb0>,37,21,[ 3 10],38,64,85,26,63
1,<environment.Job instance at 0x7f00d5e81af0>,38,3,[14  4],39,85,88,46,63
1,<environment.Job instance at 0x7f00d5e81fa0>,40,1,[5 8],41,88,89,47,63
1,<environment.Job instance at 0x7f00d5e81870>,43,2,[7 3],44,77,79,33,77
1,<environment.Job instance at 0x7f00d5e81690>,44,3,[4 6],45,88,91,43,77
1,<environment.Job instance at 0x7f00d5e813c0>,45,2,[5 2],46,77,79,31,77
1,<environment.Job instance at 0x7f00d5e81370>,46,1,[5 9],47,89,90,42,77
1,<environment.Job instance at 0x7f00d5e81280>,47,1,[2 9],48,90,91,42,77
1,<environment.Job instance at 0x7f00d5e811e0>,48,21,[9 4],49,91,112,42,83
1,<environment.Job instance at 0x7f00d5ef6550>,33,18,[6 5],34,91,109,57,90
1,<environment.Job instance at 0x7f012102d320>,54,12,[3 8],55,109,121,54,100
1,<environment.Job instance at 0x7f012102d410>,55,1,[6 2],56,112,113,56,100
1,<environment.Job instance at 0x7f012102da50>,57,1,[9 1],58,113,114,55,100
1,<environment.Job instance at 0x7f00d5e81960>,34,19,[6 1],35,114,133,79,114
1,<environment.Job instance at 0x7f00d5f99dc0>,64,3,[9 2],65,125,128,60,125
1,<environment.Job instance at 0x7f00d5f993c0>,65,14,[10  2],66,133,147,67,126
1,<environment.Job instance at 0x7f00d5f99370>,66,3,[2 8],67,128,131,61,126
1,<environment.Job instance at 0x7f00d5f99a50>,67,1,[2 8],68,131,132,63,126
1,<environment.Job instance at 0x7f00d5f99af0>,68,2,[13  1],69,147,149,78,126
1,<environment.Job instance at 0x7f00d5f99190>,58,12,[14  4],59,149,161,90,137
1,<environment.Job instance at 0x7f012117c0f0>,1,3,[13  5],2,2,5,0,2
1,<environment.Job instance at 0x7f00d5ef6500>,2,2,[ 1 12],3,5,7,2,3
1,<environment.Job instance at 0x7f00d5e81050>,5,2,[5 5],6,7,9,1,6
1,<environment.Job instance at 0x7f00d5fbf910>,7,3,[1 5],8,8,11,0,8
1,<environment.Job instance at 0x7f0119bfb5a0>,8,1,[10  5],9,9,10,0,9
1,<environment.Job instance at 0x7f00d5fca230>,9,1,[ 2 10],10,10,11,0,10
1,<environment.Job instance at 0x7f00d62b1f00>,12,1,[ 4 13],13,14,15,1,14
1,<environment.Job instance at 0x7f00d5fca3c0>,21,1,[8 3],22,34,35,12,34
1,<environment.Job instance at 0x7f00d5fca730>,22,20,[1 7],23,34,54,11,34
1,<environment.Job instance at 0x7f00d5fca870>,23,1,[ 4 10],24,54,55,30,34
1,<environment.Job instance at 0x7f00d5fca0a0>,24,3,[4 7],25,35,38,10,34
1,<environment.Job instance at 0x7f00d5fcaa00>,25,1,[10  1],26,35,36,9,34
1,<environment.Job instance at 0x7f00d5fca910>,26,19,[2 7],27,55,74,28,45
1,<environment.Job instance at 0x7f00d5fcaaa0>,13,14,[11  3],14,48,62,34,48
1,<environment.Job instance at 0x7f00d634ee60>,35,3,[12  3],36,67,70,31,67
1,<environment.Job instance at 0x7f00d5f16d70>,37,2,[4 5],38,71,73,33,71
1,<environment.Job instance at 0x7f00d634ed20>,30,24,[ 1 10],31,86,110,55,86
1,<environment.Job instance at 0x7f00d5fca6e0>,14,16,[9 4],15,90,106,75,90
1,<environment.Job instance at 0x7f00d634e5f0>,33,24,[7 4],34,106,130,72,101
1,<environment.Job instance at 0x7f00d5f16e60>,47,17,[5 2],48,110,127,62,104
1,<environment.Job instance at 0x7f00d5f16960>,49,1,[5 4],50,127,128,77,117
1,<environment.Job instance at 0x7f00d5f16b40>,41,27,[4 7],42,128,155,86,126
1,<environment.Job instance at 0x7f00d5f169b0>,51,1,[ 2 10],52,155,156,103,129
1,<environment.Job instance at 0x7f00d5f168c0>,42,26,[8 4],43,132,158,89,132
1,<environment.Job instance at 0x7f00d5f16500>,46,3,[9 1],47,158,161,111,139
1,<environment.Job instance at 0x7f00d5f160a0>,52,1,[3 9],53,156,157,103,147
1,<environment.Job instance at 0x7f00d5f164b0>,45,16,[14  1],46,161,177,115,149
1,<environment.Job instance at 0x7f00d5e93870>,66,28,[6 5],67,177,205,110,176
1,<environment.Job instance at 0x7f00d5e93f50>,67,18,[5 9],68,180,198,112,180
1,<environment.Job instance at 0x7f00d5f16280>,50,25,[ 3 10],51,198,223,147,194
1,<environment.Job instance at 0x7f00d5e93820>,63,23,[10  1],64,205,228,141,202
1,<environment.Job instance at 0x7f00d5fbf370>,0,2,[ 5 10],1,1,3,0,1
1,<environment.Job instance at 0x7f00d5fbf870>,3,2,[7 3],4,5,7,1,5
1,<environment.Job instance at 0x7f00d5ef66e0>,5,18,[11  3],6,7,25,1,6
1,<environment.Job instance at 0x7f00d5e93820>,2,2,[2 6],3,7,9,4,7
1,<environment.Job instance at 0x7f00d5ef6910>,6,1,[2 7],7,9,10,2,7
1,<environment.Job instance at 0x7f00d5e4c9b0>,7,3,[6 3],8,25,28,17,8
1,<environment.Job instance at 0x7f00d5f45cd0>,14,2,[7 4],15,25,27,10,16
1,<environment.Job instance at 0x7f00d5e93230>,1,15,[14  1],2,28,43,26,16
1,<environment.Job instance at 0x7f00d6352dc0>,18,1,[2 7],19,19,20,0,19
1,<environment.Job instance at 0x7f00d62e0cd0>,22,25,[6 3],23,43,68,20,39
1,<environment.Job instance at 0x7f00d6352780>,19,16,[9 4],20,43,59,23,42
1,<environment.Job instance at 0x7f00d62ed320>,30,1,[ 1 10],31,59,60,28,55
1,<environment.Job instance at 0x7f00d62ed410>,32,1,[5 9],33,65,66,32,65
1,<environment.Job instance at 0x7f00d62ed4b0>,33,20,[2 6],34,66,86,32,65
1,<environment.Job instance at 0x7f00d62ed550>,34,15,[5 1],35,66,81,31,66
1,<environment.Job instance at 0x7f00d62ed5f0>,35,3,[5 2],36,68,71,32,66
1,<environment.Job instance at 0x7f00d62ed690>,36,3,[ 5 10],37,86,89,49,66
1,<environment.Job instance at 0x7f00d62ed730>,37,1,[8 5],38,71,72,33,66
1,<environment.Job instance at 0x7f00d62ed7d0>,38,2,[2 6],39,68,70,29,66
1,<environment.Job instance at 0x7f00d62edaa0>,39,18,[13  1],40,89,107,49,78
1,<environment.Job instance at 0x7f00d62edb90>,42,3,[ 3 11],43,107,110,64,82
1,<environment.Job instance at 0x7f00d62e9320>,51,24,[9 1],52,107,131,55,102
1,<environment.Job instance at 0x7f00d62e93c0>,52,3,[7 1],53,131,134,78,105
1,<environment.Job instance at 0x7f00d62e9460>,53,24,[10  5],54,134,158,80,129
1,<environment.Job instance at 0x7f00d5f992d0>,9,28,[5 3],10,129,157,119,129
1,<environment.Job instance at 0x7f00d62e9500>,54,23,[10  2],55,158,181,103,152
1,<environment.Job instance at 0x7f00d62e90a0>,50,24,[2 8],51,157,181,106,153
1,<environment.Job instance at 0x7f00d62e9f50>,67,15,[ 3 12],68,181,196,113,167
1,<environment.Job instance at 0x7f00d62e9780>,55,15,[ 1 11],56,196,211,140,191
1,<environment.Job instance at 0x7f00d62e9550>,1,2,[6 3],2,2,4,0,2
1,<environment.Job instance at 0x7f00d62f7960>,10,27,[ 5 10],11,11,38,0,11
1,<environment.Job instance at 0x7f00d62f7a50>,7,16,[9 4],8,20,36,12,20
1,<environment.Job instance at 0x7f011e678b40>,16,25,[ 5 10],17,38,63,21,34
1,<environment.Job instance at 0x7f00d62e97d0>,5,3,[9 4],6,36,39,30,34
1,<environment.Job instance at 0x7f01199d3230>,21,1,[ 4 10],22,63,64,41,35
1,<environment.Job instance at 0x7f01199d3be0>,22,3,[10  4],23,39,42,16,36
1,<environment.Job instance at 0x7f01199d37d0>,24,1,[3 8],25,64,65,39,36
1,<environment.Job instance at 0x7f01199d3690>,26,3,[2 8],27,65,68,38,48
1,<environment.Job instance at 0x7f01199d3b90>,27,1,[5 5],28,48,49,20,48
1,<environment.Job instance at 0x7f01199d3910>,28,2,[6 3],29,49,51,20,48
1,<environment.Job instance at 0x7f01199d35a0>,29,3,[7 2],30,51,54,21,48
1,<environment.Job instance at 0x7f01199d33c0>,31,3,[1 6],32,64,67,32,53
1,<environment.Job instance at 0x7f011e6785a0>,17,15,[5 3],18,67,82,49,53
1,<environment.Job instance at 0x7f011e678af0>,13,3,[4 8],14,68,71,54,55
1,<environment.Job instance at 0x7f011e3aed20>,35,16,[10  4],36,71,87,35,58
1,<environment.Job instance at 0x7f01199d38c0>,20,2,[1 7],21,82,84,61,59
1,<environment.Job instance at 0x7f011e3ae050>,38,14,[7 5],39,87,101,48,77
1,<environment.Job instance at 0x7f011e3aeb40>,45,2,[ 4 11],46,84,86,38,82
1,<environment.Job instance at 0x7f011e3aed70>,46,12,[8 3],47,87,99,40,83
1,<environment.Job instance at 0x7f01199b5690>,48,1,[2 6],49,86,87,37,83
1,<environment.Job instance at 0x7f01199b5190>,50,2,[10  2],51,101,103,50,85
1,<environment.Job instance at 0x7f01199d3190>,32,17,[12  4],33,103,120,70,91
1,<environment.Job instance at 0x7f01199b5af0>,52,19,[8 2],53,120,139,67,110
1,<environment.Job instance at 0x7f01199b5e60>,51,17,[2 6],52,112,129,60,112
1,<environment.Job instance at 0x7f011e73ce10>,55,3,[2 5],56,120,123,64,112
1,<environment.Job instance at 0x7f011e73c5f0>,56,2,[11  3],57,139,141,82,115
1,<environment.Job instance at 0x7f011e73c690>,57,2,[12  2],58,141,143,83,115
1,<environment.Job instance at 0x7f01199b5a50>,54,17,[ 5 14],55,143,160,88,133
1,<environment.Job instance at 0x7f00d61fb230>,64,1,[14  4],65,160,161,95,134
1,<environment.Job instance at 0x7f00d61fba00>,66,3,[8 1],67,143,146,76,135
1,<environment.Job instance at 0x7f00d61fb730>,62,2,[12  5],63,161,163,98,145
1,<environment.Job instance at 0x7f01199b5b40>,53,2,[ 2 14],54,163,165,109,157
1,<environment.Job instance at 0x7f011e71b2d0>,4,2,[2 5],5,5,7,0,5
1,<environment.Job instance at 0x7f011e7e1eb0>,7,3,[10  2],8,8,11,0,8
1,<environment.Job instance at 0x7f0119eb6c30>,8,1,[2 8],9,9,10,0,9
1,<environment.Job instance at 0x7f00d6081f00>,13,1,[ 5 12],14,14,15,0,14
1,<environment.Job instance at 0x7f00d62a3550>,17,2,[10  4],18,19,21,1,19
1,<environment.Job instance at 0x7f011e4efd20>,20,18,[4 7],21,33,51,12,33
1,<environment.Job instance at 0x7f00d62adc80>,22,14,[ 1 11],23,51,65,28,37
1,<environment.Job instance at 0x7f00d6081140>,24,3,[14  4],25,51,54,26,43
1,<environment.Job instance at 0x7f00d62ad1e0>,25,2,[5 5],26,43,45,17,43
1,<environment.Job instance at 0x7f00d635fe10>,26,2,[13  4],27,54,56,27,43
1,<environment.Job instance at 0x7f00d60b10f0>,27,3,[3 5],28,45,48,17,43
1,<environment.Job instance at 0x7f00d60b1730>,29,27,[1 5],30,65,92,35,63
1,<environment.Job instance at 0x7f011e4ea0f0>,31,3,[9 3],32,63,66,31,63
1,<environment.Job instance at 0x7f00d6081fa0>,15,12,[ 1 10],16,66,78,50,63
1,<environment.Job instance at 0x7f00d62a3e60>,16,3,[ 3 10],17,78,81,61,63
1,<environment.Job instance at 0x7f00d6373a50>,30,1,[5 1],31,63,64,32,63
1,<environment.Job instance at 0x7f011e7364b0>,32,3,[ 4 10],33,81,84,48,73
1,<environment.Job instance at 0x7f011e736280>,38,17,[7 4],39,84,101,45,73
1,<environment.Job instance at 0x7f011e736af0>,34,3,[6 1],35,84,87,49,73
1,<environment.Job instance at 0x7f011e736320>,37,19,[14  4],38,101,120,63,91
1,<environment.Job instance at 0x7f011a033f00>,41,3,[9 2],42,120,123,78,94
1,<environment.Job instance at 0x7f011a033500>,43,2,[9 1],44,123,125,79,96
1,<environment.Job instance at 0x7f011a0339b0>,44,2,[1 8],45,96,98,51,96
1,<environment.Job instance at 0x7f011a033d70>,46,25,[3 8],47,120,145,73,116
1,<environment.Job instance at 0x7f011a033910>,47,2,[2 8],48,145,147,97,118
1,<environment.Job instance at 0x7f011a033550>,48,3,[ 5 14],49,147,150,98,121
1,<environment.Job instance at 0x7f011a033a50>,49,27,[9 3],50,150,177,100,148
1,<environment.Job instance at 0x7f011e736550>,35,14,[ 5 12],36,150,164,114,148
1,<environment.Job instance at 0x7f0119ff0c80>,51,3,[ 4 10],52,164,167,112,148
1,<environment.Job instance at 0x7f00d60700a0>,57,12,[ 2 12],58,167,179,109,155
1,<environment.Job instance at 0x7f00d64b8be0>,58,27,[1 7],59,179,206,120,177
1,<environment.Job instance at 0x7f00d64b8e60>,63,12,[1 8],64,183,195,119,183
1,<environment.Job instance at 0x7f011e1608c0>,65,3,[1 5],66,195,198,129,192
1,<environment.Job instance at 0x7f011e160960>,66,3,[9 3],67,195,198,128,192
1,<environment.Job instance at 0x7f011a033be0>,39,14,[ 5 11],40,225,239,185,225
1,<environment.Job instance at 0x7f0119d82be0>,0,19,[1 5],1,1,20,0,1
1,<environment.Job instance at 0x7f011e34f0f0>,4,2,[7 5],5,5,7,0,5
1,<environment.Job instance at 0x7f011e81f0f0>,5,2,[14  5],6,7,9,1,6
1,<environment.Job instance at 0x7f0119d542d0>,13,18,[5 9],14,14,32,0,14
1,<environment.Job instance at 0x7f0119d54320>,15,21,[2 5],16,20,41,4,16
1,<environment.Job instance at 0x7f0119d54870>,19,19,[9 1],20,32,51,12,24
1,<environment.Job instance at 0x7f0119d54dc0>,11,13,[5 3],12,41,54,29,25
1,<environment.Job instance at 0x7f0119a0ea50>,26,14,[3 9],27,51,65,24,44
1,<environment.Job instance at 0x7f00d5f2c780>,30,3,[1 7],31,65,68,34,54
1,<environment.Job instance at 0x7f00d5d82a00>,32,3,[ 1 10],33,68,71,35,68
1,<environment.Job instance at 0x7f00d5d7b550>,37,22,[1 7],38,86,108,48,86
1,<environment.Job instance at 0x7f00d5e481e0>,38,2,[5 7],39,86,88,47,86
1,<environment.Job instance at 0x7f00d5e48dc0>,42,1,[9 3],43,92,93,49,92
1,<environment.Job instance at 0x7f00d5e48500>,43,3,[ 3 14],44,108,111,64,92
1,<environment.Job instance at 0x7f00d5e486e0>,45,25,[6 3],46,111,136,65,107
1,<environment.Job instance at 0x7f00d5e48fa0>,46,2,[5 1],47,107,109,60,107
1,<environment.Job instance at 0x7f00d5d8e370>,50,2,[ 5 11],51,124,126,73,124
1,<environment.Job instance at 0x7f00d5e5a5f0>,54,1,[5 7],55,139,140,84,139
1,<environment.Job instance at 0x7f00d5e5aaa0>,59,27,[ 5 10],60,160,187,100,160
1,<environment.Job instance at 0x7f00d5e5ac80>,60,1,[6 3],61,160,161,99,160
1,<environment.Job instance at 0x7f00d5e5acd0>,61,22,[ 1 10],62,187,209,125,180
1,<environment.Job instance at 0x7f00d5e5a1e0>,63,2,[5 6],64,209,211,145,182
1,<environment.Job instance at 0x7f00d5e5a500>,64,2,[2 5],65,182,184,117,182
1,<environment.Job instance at 0x7f00d5e43f00>,65,3,[6 5],66,184,187,118,182
1,<environment.Job instance at 0x7f00d5e43b40>,68,20,[6 2],69,187,207,118,182
1,<environment.Job instance at 0x7f00d6023910>,1,1,[8 5],2,2,3,0,2
1,<environment.Job instance at 0x7f00d6023c80>,3,2,[5 5],4,4,6,0,4
1,<environment.Job instance at 0x7f011a0a13c0>,7,18,[1 7],8,8,26,0,8
1,<environment.Job instance at 0x7f011a0a1cd0>,8,12,[ 5 12],9,26,38,17,9
1,<environment.Job instance at 0x7f011e4ff0a0>,13,2,[10  5],14,14,16,0,14
1,<environment.Job instance at 0x7f011e4ff640>,16,3,[8 1],17,17,20,0,17
1,<environment.Job instance at 0x7f011e4f7820>,18,21,[5 8],19,38,59,19,30
1,<environment.Job instance at 0x7f0119ea8cd0>,21,28,[2 8],22,59,87,37,58
1,<environment.Job instance at 0x7f0119ea8230>,23,27,[9 3],24,58,85,34,58
1,<environment.Job instance at 0x7f0119ea8370>,25,2,[4 7],26,85,87,59,63
1,<environment.Job instance at 0x7f0119ea8690>,26,28,[1 7],27,87,115,60,86
1,<environment.Job instance at 0x7f0119ea8f00>,20,12,[8 1],21,88,100,67,88
1,<environment.Job instance at 0x7f011e334870>,32,3,[9 1],33,100,103,67,92
1,<environment.Job instance at 0x7f011e334730>,33,2,[ 4 10],34,115,117,81,92
1,<environment.Job instance at 0x7f011e334140>,34,3,[11  1],35,103,106,68,92
1,<environment.Job instance at 0x7f011e334190>,36,28,[9 2],37,106,134,69,105
1,<environment.Job instance at 0x7f011e3343c0>,37,2,[8 4],38,134,136,96,107
1,<environment.Job instance at 0x7f011e334370>,38,1,[6 3],39,117,118,78,107
1,<environment.Job instance at 0x7f011e334960>,43,1,[6 2],44,123,124,79,123
1,<environment.Job instance at 0x7f011e334b40>,44,2,[4 6],45,124,126,79,123
1,<environment.Job instance at 0x7f011e7f1cd0>,45,3,[8 5],46,136,139,90,123
1,<environment.Job instance at 0x7f011e7f1f00>,47,3,[ 1 12],48,126,129,78,123
1,<environment.Job instance at 0x7f011e7f1050>,48,15,[ 3 11],49,139,154,90,125
1,<environment.Job instance at 0x7f011e7f1550>,51,1,[10  4],52,139,140,87,135
1,<environment.Job instance at 0x7f011e7f1690>,52,3,[6 4],53,136,139,83,136
1,<environment.Job instance at 0x7f011e7f1a00>,55,15,[ 2 11],56,154,169,98,140
1,<environment.Job instance at 0x7f011e7f1960>,56,23,[7 4],57,141,164,84,141
1,<environment.Job instance at 0x7f011e7f1f50>,57,1,[9 4],58,164,165,106,141
1,<environment.Job instance at 0x7f00d5d4a6e0>,61,3,[5 5],62,169,172,107,153
1,<environment.Job instance at 0x7f00d5d4a4b0>,63,20,[5 4],64,165,185,101,156
1,<environment.Job instance at 0x7f00d5d4af50>,64,2,[10  3],65,172,174,107,156
1,<environment.Job instance at 0x7f00d5d4a5a0>,68,3,[10  4],69,174,177,105,159
1,<environment.Job instance at 0x7f00d5d4a140>,60,15,[9 4],61,180,195,119,180
1,<environment.Job instance at 0x7f00d6023d20>,6,13,[11  1],7,195,208,188,181
1,<environment.Job instance at 0x7f0119ea8fa0>,29,2,[ 4 11],30,191,193,161,191
1,<environment.Job instance at 0x7f0119aceb90>,3,1,[7 2],4,5,6,1,5
1,<environment.Job instance at 0x7f0119ace230>,2,14,[6 5],3,5,19,2,5
1,<environment.Job instance at 0x7f0119ace7d0>,4,15,[10  3],5,19,34,14,5
1,<environment.Job instance at 0x7f00d64e40f0>,5,20,[4 7],6,9,29,3,9
1,<environment.Job instance at 0x7f00d64baf50>,0,16,[14  3],1,34,50,33,21
1,<environment.Job instance at 0x7f011e1c95f0>,11,27,[5 1],12,50,77,38,48
1,<environment.Job instance at 0x7f011e1c9780>,12,21,[1 6],13,48,69,35,48
1,<environment.Job instance at 0x7f011a021140>,16,25,[8 3],17,52,77,35,52
1,<environment.Job instance at 0x7f011a021f00>,17,13,[13  1],18,77,90,59,61
1,<environment.Job instance at 0x7f00d64e4b90>,8,1,[ 3 10],9,90,91,81,63
1,<environment.Job instance at 0x7f011e88a7d0>,22,2,[5 8],23,91,93,68,70
1,<environment.Job instance at 0x7f00d5ce9b90>,24,3,[6 4],25,90,93,65,70
1,<environment.Job instance at 0x7f00d62aad20>,26,25,[ 5 10],27,93,118,66,92
1,<environment.Job instance at 0x7f011e88a2d0>,21,19,[10  1],22,94,113,72,94
1,<environment.Job instance at 0x7f011e696550>,37,17,[5 2],38,113,130,75,103
1,<environment.Job instance at 0x7f011e6967d0>,41,2,[9 5],42,118,120,76,115
1,<environment.Job instance at 0x7f011e696050>,42,3,[9 5],43,120,123,77,115
1,<environment.Job instance at 0x7f011e696870>,46,2,[13  5],47,136,138,89,136
1,<environment.Job instance at 0x7f011e696780>,47,1,[9 5],48,138,139,90,136
1,<environment.Job instance at 0x7f011e6962d0>,50,26,[6 3],51,145,171,94,145
1,<environment.Job instance at 0x7f011e3866e0>,52,17,[ 2 11],53,158,175,105,158
1,<environment.Job instance at 0x7f011e386f50>,53,2,[6 3],54,171,173,117,158
1,<environment.Job instance at 0x7f00d5efca50>,54,1,[9 4],55,173,174,118,158
1,<environment.Job instance at 0x7f00d5efcdc0>,55,23,[7 1],56,174,197,118,168
1,<environment.Job instance at 0x7f00d64e4b40>,9,17,[5 9],10,175,192,165,171
1,<environment.Job instance at 0x7f0119f958c0>,59,14,[6 1],60,192,206,132,177
1,<environment.Job instance at 0x7f00d657fd20>,63,12,[ 1 14],64,197,209,133,185
1,<environment.Job instance at 0x7f00d657faa0>,65,18,[10  3],66,209,227,143,198
1,<environment.Job instance at 0x7f00d657fc80>,66,13,[13  3],67,227,240,160,219
1,<environment.Job instance at 0x7f00d64e4280>,3,3,[9 2],4,4,7,0,4
1,<environment.Job instance at 0x7f00d622fbe0>,8,1,[8 4],9,9,10,0,9
1,<environment.Job instance at 0x7f00d64d77d0>,9,3,[7 4],10,10,13,0,10
1,<environment.Job instance at 0x7f00d622fc80>,10,2,[4 9],11,11,13,0,11
1,<environment.Job instance at 0x7f0119cf3280>,11,14,[ 3 14],12,13,27,1,12
1,<environment.Job instance at 0x7f011a0a14b0>,17,3,[6 4],18,27,30,9,22
1,<environment.Job instance at 0x7f011a0a1280>,20,28,[5 6],21,42,70,21,42
1,<environment.Job instance at 0x7f0119b16730>,22,3,[9 1],23,43,46,20,43
1,<environment.Job instance at 0x7f0119a74aa0>,23,28,[ 1 11],24,70,98,46,69
1,<environment.Job instance at 0x7f0119ce5410>,25,23,[5 3],26,76,99,50,76
1,<environment.Job instance at 0x7f0119ce5190>,26,14,[13  5],27,99,113,72,85
1,<environment.Job instance at 0x7f0120f25fa0>,30,13,[12  5],31,113,126,82,100
1,<environment.Job instance at 0x7f0119bfbfa0>,33,3,[5 8],34,126,129,92,112
1,<environment.Job instance at 0x7f00d648fc30>,34,1,[6 1],35,126,127,91,112
1,<environment.Job instance at 0x7f00d6473870>,35,3,[1 5],36,112,115,76,112
1,<environment.Job instance at 0x7f011e7da140>,39,1,[10  3],40,127,128,87,127
1,<environment.Job instance at 0x7f00d647b6e0>,40,16,[5 1],41,128,144,87,127
1,<environment.Job instance at 0x7f011e7dac30>,41,16,[ 2 10],42,129,145,87,127
1,<environment.Job instance at 0x7f00d5f6d5f0>,43,18,[ 1 10],44,145,163,101,134
1,<environment.Job instance at 0x7f0119cdb460>,44,1,[1 6],45,163,164,118,135
1,<environment.Job instance at 0x7f00d6140af0>,45,12,[8 1],46,135,147,89,135
1,<environment.Job instance at 0x7f0119b22870>,46,18,[ 3 13],47,164,182,117,153
1,<environment.Job instance at 0x7f0119b22eb0>,48,3,[7 1],49,153,156,104,153
1,<environment.Job instance at 0x7f0119b22910>,49,1,[7 3],50,153,154,103,153
1,<environment.Job instance at 0x7f0119f0c500>,51,1,[9 5],52,158,159,106,158
1,<environment.Job instance at 0x7f0119f0c690>,52,2,[ 2 10],53,182,184,129,158
1,<environment.Job instance at 0x7f0119f0ce10>,54,2,[4 6],55,184,186,129,160
1,<environment.Job instance at 0x7f00d6438e60>,55,2,[10  5],56,160,162,104,160
1,<environment.Job instance at 0x7f00d6438c80>,56,1,[5 7],57,163,164,106,160
1,<environment.Job instance at 0x7f00d6438870>,57,2,[ 4 14],58,186,188,128,160
1,<environment.Job instance at 0x7f00d5e90a50>,16,17,[11  2],17,164,181,147,160
1,<environment.Job instance at 0x7f00d64382d0>,60,1,[5 4],61,182,183,121,163
1,<environment.Job instance at 0x7f00d6438a00>,61,18,[4 8],62,188,206,126,179
1,<environment.Job instance at 0x7f011e71e370>,67,2,[6 4],68,193,195,125,193
1,<environment.Job instance at 0x7f011e877b90>,0,25,[2 8],1,1,26,0,1
1,<environment.Job instance at 0x7f0119be5b90>,9,2,[13  5],10,12,14,2,12
1,<environment.Job instance at 0x7f011e3a81e0>,10,1,[4 8],11,26,27,15,12
1,<environment.Job instance at 0x7f00d6007b40>,12,3,[5 2],13,19,22,6,19
1,<environment.Job instance at 0x7f0119c55550>,13,2,[2 5],14,19,21,5,19
1,<environment.Job instance at 0x7f00d647b320>,7,15,[ 5 10],8,27,42,19,21
1,<environment.Job instance at 0x7f00d63162d0>,5,1,[10  1],6,27,28,21,27
1,<environment.Job instance at 0x7f011e6966e0>,19,16,[2 8],20,42,58,22,31
1,<environment.Job instance at 0x7f00d60d8d70>,4,3,[ 3 14],5,58,61,53,39
1,<environment.Job instance at 0x7f0119cc1640>,18,1,[ 3 12],19,61,62,42,59
1,<environment.Job instance at 0x7f0119cc16e0>,23,18,[ 5 10],24,62,80,38,59
1,<environment.Job instance at 0x7f00d60c2a00>,28,2,[8 5],29,62,64,33,62
1,<environment.Job instance at 0x7f00d60c2640>,24,20,[9 5],25,64,84,39,63
1,<environment.Job instance at 0x7f00d60c2aa0>,30,2,[2 7],31,80,82,49,64
1,<environment.Job instance at 0x7f00d60c2e60>,35,18,[14  2],36,84,102,48,74
1,<environment.Job instance at 0x7f00d60c2fa0>,36,1,[5 7],37,82,83,45,74
1,<environment.Job instance at 0x7f00d60c90a0>,38,2,[7 3],39,102,104,63,79
1,<environment.Job instance at 0x7f00d60c9280>,39,1,[5 6],40,83,84,43,79
1,<environment.Job instance at 0x7f00d60c2d20>,33,17,[10  5],34,106,123,72,106
1,<environment.Job instance at 0x7f00d60c9910>,47,25,[9 4],48,123,148,75,119
1,<environment.Job instance at 0x7f00d60c9a00>,49,2,[4 6],50,125,127,75,125
1,<environment.Job instance at 0x7f00d60c9be0>,52,17,[1 7],53,127,144,74,125
1,<environment.Job instance at 0x7f00d60c9e60>,56,16,[14  3],57,148,164,91,135
1,<environment.Job instance at 0x7f00d60c9f00>,57,14,[12  5],58,164,178,106,149
1,<environment.Job instance at 0x7f00d60d7500>,62,2,[5 7],63,178,180,115,163
1,<environment.Job instance at 0x7f00d60d7410>,64,25,[7 4],65,178,203,113,174
1,<environment.Job instance at 0x7f00d60c2820>,25,17,[7 4],26,182,199,156,182
1,<environment.Job instance at 0x7f00d60d7640>,66,22,[ 4 10],67,199,221,132,193
1,<environment.Job instance at 0x7f00d60c9c80>,53,17,[6 4],54,214,231,160,214
1,<environment.Job instance at 0x7f00d60c9b40>,51,3,[ 4 12],52,231,234,179,216
1,<environment.Job instance at 0x7f0119d04190>,5,23,[8 2],6,6,29,0,6
1,<environment.Job instance at 0x7f00d63030f0>,16,3,[8 5],17,29,32,12,22
1,<environment.Job instance at 0x7f00d6303500>,18,14,[8 1],19,32,46,13,28
1,<environment.Job instance at 0x7f00d6303a50>,21,17,[3 7],22,39,56,17,39
1,<environment.Job instance at 0x7f00d6303370>,22,23,[7 1],23,46,69,23,40
1,<environment.Job instance at 0x7f00d6303820>,23,2,[2 8],24,56,58,32,40
1,<environment.Job instance at 0x7f00d6303140>,25,3,[13  2],26,69,72,43,43
1,<environment.Job instance at 0x7f00d6303d20>,26,1,[9 4],27,72,73,45,45
1,<environment.Job instance at 0x7f00d6303e10>,28,1,[13  4],29,73,74,44,45
1,<environment.Job instance at 0x7f00d6303410>,32,13,[14  4],33,74,87,41,71
1,<environment.Job instance at 0x7f011e3773c0>,37,2,[2 9],38,87,89,49,87
1,<environment.Job instance at 0x7f011e377a00>,38,2,[8 3],39,87,89,48,87
1,<environment.Job instance at 0x7f011e3777d0>,41,23,[ 3 13],42,103,126,61,103
1,<environment.Job instance at 0x7f011e377cd0>,44,18,[1 8],45,126,144,81,119
1,<environment.Job instance at 0x7f011e1a8b90>,46,2,[7 2],47,131,133,84,131
1,<environment.Job instance at 0x7f011e1a8b40>,48,18,[5 8],49,144,162,95,134
1,<environment.Job instance at 0x7f00d5f81af0>,11,15,[9 5],12,134,149,122,134
1,<environment.Job instance at 0x7f00d63034b0>,15,3,[11  2],16,162,165,146,136
1,<environment.Job instance at 0x7f011e1a86e0>,56,2,[6 4],57,149,151,92,144
1,<environment.Job instance at 0x7f011e1a8730>,59,2,[10  2],60,151,153,91,144
1,<environment.Job instance at 0x7f011e4ab2d0>,60,1,[8 1],61,153,154,92,144
1,<environment.Job instance at 0x7f011e4ab780>,62,17,[1 9],63,162,179,99,154
1,<environment.Job instance at 0x7f011e4ab500>,64,22,[9 5],65,165,187,100,158
1,<environment.Job instance at 0x7f011e4ab370>,65,3,[ 1 14],66,187,190,121,161
1,<environment.Job instance at 0x7f011e1a8640>,50,20,[9 5],51,225,245,174,225
1,<environment.Job instance at 0x7f0119f1c2d0>,0,13,[11  4],1,2,15,1,2
1,<environment.Job instance at 0x7f00d60c96e0>,2,3,[10  5],3,15,18,12,3
1,<environment.Job instance at 0x7f00d5e57cd0>,11,2,[5 5],12,20,22,8,20
1,<environment.Job instance at 0x7f00d5e57f50>,12,17,[ 2 14],13,22,39,9,20
1,<environment.Job instance at 0x7f00d5e57be0>,13,2,[8 4],14,20,22,6,20
1,<environment.Job instance at 0x7f00d5e57dc0>,14,1,[10  4],15,39,40,24,20
1,<environment.Job instance at 0x7f00d65305a0>,18,17,[1 6],19,43,60,24,43
1,<environment.Job instance at 0x7f00d6530690>,20,2,[8 1],21,43,45,22,43
1,<environment.Job instance at 0x7f00d65306e0>,21,1,[9 4],22,45,46,23,43
1,<environment.Job instance at 0x7f00d6530050>,23,2,[1 7],24,51,53,27,51
1,<environment.Job instance at 0x7f00d6530140>,24,2,[1 6],25,53,55,28,51
1,<environment.Job instance at 0x7f00d6530460>,25,16,[11  3],26,53,69,27,51
1,<environment.Job instance at 0x7f00d6530a00>,26,3,[9 2],27,69,72,42,51
1,<environment.Job instance at 0x7f00d6530fa0>,28,1,[8 2],29,72,73,43,59
1,<environment.Job instance at 0x7f00d65300f0>,29,3,[2 6],30,59,62,29,59
1,<environment.Job instance at 0x7f00d6530320>,31,1,[9 4],32,73,74,41,59
1,<environment.Job instance at 0x7f011e8a1aa0>,32,2,[2 7],33,62,64,29,59
1,<environment.Job instance at 0x7f011e8a1eb0>,33,18,[ 2 10],34,64,82,30,59
1,<environment.Job instance at 0x7f011e8a1e60>,35,2,[3 7],36,82,84,46,70
1,<environment.Job instance at 0x7f011e8a1370>,36,1,[11  2],37,74,75,37,70
1,<environment.Job instance at 0x7f0119f1c910>,1,12,[ 1 13],2,84,96,82,78
1,<environment.Job instance at 0x7f011e8a19b0>,40,1,[4 5],41,83,84,42,83
1,<environment.Job instance at 0x7f011e8a1d20>,42,1,[6 3],43,96,97,53,89
1,<environment.Job instance at 0x7f011e8a1050>,43,3,[1 6],44,96,99,52,89
1,<environment.Job instance at 0x7f011e8a1870>,44,1,[5 4],45,96,97,51,89
1,<environment.Job instance at 0x7f011e8a10f0>,46,3,[6 2],47,100,103,53,100
1,<environment.Job instance at 0x7f011e8a1fa0>,47,1,[6 3],48,100,101,52,100
1,<environment.Job instance at 0x7f011e8a15a0>,48,19,[7 1],49,101,120,52,100
1,<environment.Job instance at 0x7f011e8a1c30>,49,2,[5 4],50,103,105,53,100
1,<environment.Job instance at 0x7f00d5ef8500>,51,1,[2 7],52,107,108,55,107
1,<environment.Job instance at 0x7f011e8a1550>,52,2,[4 5],53,107,109,54,107
1,<environment.Job instance at 0x7f00d5ef8d70>,54,12,[7 4],55,121,133,66,121
1,<environment.Job instance at 0x7f00d5ef8910>,55,2,[10  5],56,133,135,77,121
1,<environment.Job instance at 0x7f00d5ef8f00>,56,1,[2 5],57,121,122,64,121
1,<environment.Job instance at 0x7f00d5ef8870>,57,14,[11  2],58,135,149,77,121
1,<environment.Job instance at 0x7f0120d79820>,7,2,[3 7],8,122,124,114,121
1,<environment.Job instance at 0x7f00d5ef8050>,59,18,[1 5],60,124,142,64,121
1,<environment.Job instance at 0x7f00d5ef8820>,58,15,[ 3 14],59,149,164,90,136
1,<environment.Job instance at 0x7f00d650e8c0>,65,2,[ 1 12],66,142,144,76,141
1,<environment.Job instance at 0x7f011e8a1910>,39,16,[10  5],40,165,181,125,165
1,<environment.Job instance at 0x7f00d650e410>,62,16,[10  2],63,181,197,118,168
1,<environment.Job instance at 0x7f00d5ef8460>,60,27,[7 4],61,214,241,153,214
1,<environment.Job instance at 0x7f011e8a1dc0>,0,25,[ 1 14],1,1,26,0,1
1,<environment.Job instance at 0x7f0119bdf1e0>,3,1,[ 4 13],4,26,27,22,4
1,<environment.Job instance at 0x7f0119bdf0a0>,4,19,[9 1],5,5,24,0,5
1,<environment.Job instance at 0x7f00d5ef8460>,5,3,[ 4 11],6,27,30,21,6
1,<environment.Job instance at 0x7f00d63033c0>,6,2,[8 3],7,27,29,20,7
1,<environment.Job instance at 0x7f00d5cce730>,7,3,[2 8],8,30,33,22,9
1,<environment.Job instance at 0x7f00d5cce410>,10,1,[2 6],11,30,31,19,11
1,<environment.Job instance at 0x7f0119c495f0>,15,1,[5 2],16,26,27,10,16
1,<environment.Job instance at 0x7f0119c49e10>,16,3,[8 3],17,31,34,14,17
1,<environment.Job instance at 0x7f0119c496e0>,18,3,[11  1],19,34,37,15,27
1,<environment.Job instance at 0x7f011e2c1cd0>,19,2,[3 7],20,33,35,13,27
1,<environment.Job instance at 0x7f011e2c1d20>,20,2,[9 1],21,29,31,8,27
1,<environment.Job instance at 0x7f011e2c1c80>,21,2,[6 2],22,37,39,15,27
1,<environment.Job instance at 0x7f011e2c1f00>,23,2,[2 7],24,35,37,11,29
1,<environment.Job instance at 0x7f011e2c1fa0>,24,1,[9 2],25,37,38,12,29
1,<environment.Job instance at 0x7f011e2c80f0>,25,3,[9 1],26,38,41,12,29
1,<environment.Job instance at 0x7f011e2c8550>,27,22,[6 1],28,39,61,11,32
1,<environment.Job instance at 0x7f0119bdfc80>,8,13,[3 7],9,51,64,42,51
1,<environment.Job instance at 0x7f011e2c84b0>,31,18,[5 9],32,64,82,32,60
1,<environment.Job instance at 0x7f011e2c8cd0>,38,14,[6 3],39,63,77,24,63
1,<environment.Job instance at 0x7f011e2c8eb0>,40,17,[8 4],41,77,94,36,77
1,<environment.Job instance at 0x7f011e2c8500>,29,14,[3 8],30,82,96,52,80
1,<environment.Job instance at 0x7f011e2ca230>,45,1,[7 1],46,94,95,48,91
1,<environment.Job instance at 0x7f011e2ca2d0>,46,23,[5 5],47,94,117,47,91
1,<environment.Job instance at 0x7f011e2ca280>,47,1,[2 6],48,96,97,48,91
1,<environment.Job instance at 0x7f011e2ca410>,49,25,[7 3],50,102,127,52,102
1,<environment.Job instance at 0x7f011e2ca690>,50,1,[12  5],51,127,128,76,103
1,<environment.Job instance at 0x7f011e2caa50>,55,3,[ 3 10],56,117,120,61,116
1,<environment.Job instance at 0x7f011e2cad20>,59,3,[7 1],60,121,124,61,121
1,<environment.Job instance at 0x7f011e2cadc0>,60,2,[8 5],61,124,126,63,121
1,<environment.Job instance at 0x7f011e2ca190>,61,3,[ 3 11],62,128,131,66,121
1,<environment.Job instance at 0x7f011e2cae10>,62,14,[10  1],63,128,142,65,123
1,<environment.Job instance at 0x7f011e2b2320>,66,1,[ 3 10],67,134,135,67,134
1,<environment.Job instance at 0x7f011e2c8f50>,42,19,[8 3],43,161,180,118,161
1,<environment.Job instance at 0x7f0119da7870>,1,1,[4 7],2,2,3,0,2
1,<environment.Job instance at 0x7f011e2ca730>,4,1,[1 7],5,5,6,0,5
1,<environment.Job instance at 0x7f011e2b22d0>,5,3,[14  4],6,6,9,0,6
1,<environment.Job instance at 0x7f011e2b27d0>,6,17,[ 1 13],7,9,26,2,7
1,<environment.Job instance at 0x7f011e2b2410>,7,18,[ 3 12],8,26,44,18,15
1,<environment.Job instance at 0x7f011a096c80>,18,22,[ 1 13],19,44,66,25,37
1,<environment.Job instance at 0x7f011a096f50>,22,3,[10  3],23,38,41,15,38
1,<environment.Job instance at 0x7f011e2cad70>,8,18,[ 4 10],9,66,84,57,55
1,<environment.Job instance at 0x7f011e4f2f00>,29,23,[4 9],30,84,107,54,78
1,<environment.Job instance at 0x7f011e2b2dc0>,11,2,[11  4],12,80,82,68,80
1,<environment.Job instance at 0x7f011e4f2fa0>,32,13,[14  2],33,107,120,74,92
1,<environment.Job instance at 0x7f011e4f2aa0>,27,1,[9 1],28,99,100,71,99
1,<environment.Job instance at 0x7f0121170d20>,36,12,[ 1 10],37,107,119,70,101
1,<environment.Job instance at 0x7f011e8c8aa0>,42,1,[10  2],43,103,104,60,103
1,<environment.Job instance at 0x7f011e8c82d0>,43,1,[2 9],44,120,121,76,103
1,<environment.Job instance at 0x7f011e8c8fa0>,46,1,[1 8],47,119,120,72,105
1,<environment.Job instance at 0x7f011e8c8640>,49,18,[1 9],50,121,139,71,119
1,<environment.Job instance at 0x7f011e8c8910>,50,2,[ 4 14],51,139,141,88,119
1,<environment.Job instance at 0x7f011e8c8230>,52,2,[1 5],53,120,122,67,119
1,<environment.Job instance at 0x7f011e8c8190>,55,3,[10  2],56,122,125,66,122
1,<environment.Job instance at 0x7f011e1e6c30>,57,2,[9 1],58,126,128,68,126
1,<environment.Job instance at 0x7f011e1e6be0>,58,2,[ 2 10],59,141,143,82,126
1,<environment.Job instance at 0x7f011a09ec30>,59,18,[2 9],60,143,161,83,132
1,<environment.Job instance at 0x7f011a0961e0>,17,18,[5 5],18,141,159,123,132
1,<environment.Job instance at 0x7f011a09eeb0>,65,1,[5 6],66,159,160,93,156
1,<environment.Job instance at 0x7f011a09e4b0>,68,3,[6 3],69,160,163,91,160
1,<environment.Job instance at 0x7f00d61f3dc0>,38,15,[1 8],39,178,193,139,178
1,<environment.Job instance at 0x7f011e4f2320>,28,2,[11  2],29,180,182,151,180
1,<environment.Job instance at 0x7f011a09e910>,61,14,[ 1 10],62,193,207,131,182
1,<environment.Job instance at 0x7f0121170230>,34,22,[5 8],35,210,232,175,210
1,<environment.Job instance at 0x7f011e404410>,2,3,[5 8],3,3,6,0,3
1,<environment.Job instance at 0x7f00d61f30a0>,4,15,[10  2],5,5,20,0,5
1,<environment.Job instance at 0x7f0119b93780>,14,14,[5 9],15,16,30,1,16
1,<environment.Job instance at 0x7f0119b930a0>,15,14,[6 3],16,20,34,4,16
1,<environment.Job instance at 0x7f0119b93a00>,16,2,[ 5 12],17,30,32,13,19
1,<environment.Job instance at 0x7f0119be7730>,19,2,[4 5],20,32,34,12,24
1,<environment.Job instance at 0x7f011e4044b0>,5,20,[10  3],6,34,54,28,25
1,<environment.Job instance at 0x7f0119be7780>,22,17,[5 1],23,32,49,9,27
1,<environment.Job instance at 0x7f011a0a5d70>,23,3,[2 6],24,49,52,25,27
1,<environment.Job instance at 0x7f011a0a50f0>,24,2,[9 2],25,54,56,29,27
1,<environment.Job instance at 0x7f011e32b640>,27,17,[5 5],28,52,69,24,46
1,<environment.Job instance at 0x7f00d5d3fd70>,12,18,[9 2],13,56,74,43,46
1,<environment.Job instance at 0x7f011a0dbc30>,28,14,[9 5],29,74,88,45,59
1,<environment.Job instance at 0x7f011a0a5aa0>,32,17,[1 5],33,70,87,37,70
1,<environment.Job instance at 0x7f0119c62c80>,36,13,[5 9],37,87,100,50,84
1,<environment.Job instance at 0x7f0119e6d2d0>,30,25,[9 4],31,92,117,61,92
1,<environment.Job instance at 0x7f00d6219e60>,34,28,[ 5 10],35,100,128,65,99
1,<environment.Job instance at 0x7f011e51dcd0>,41,14,[8 4],42,117,131,75,102
1,<environment.Job instance at 0x7f011e51dd20>,44,16,[8 1],45,131,147,86,118
1,<environment.Job instance at 0x7f0119eb8050>,46,16,[ 5 12],47,131,147,84,121
1,<environment.Job instance at 0x7f011a0e52d0>,50,12,[2 6],51,147,159,96,136
1,<environment.Job instance at 0x7f011e51db40>,48,19,[2 7],49,147,166,98,137
1,<environment.Job instance at 0x7f011a0e5d70>,53,3,[7 2],54,147,150,93,137
1,<environment.Job instance at 0x7f011a0e5320>,55,13,[5 5],56,159,172,103,146
1,<environment.Job instance at 0x7f011a0e5be0>,52,22,[5 4],53,166,188,113,160
1,<environment.Job instance at 0x7f011a0e5370>,56,18,[1 5],57,166,184,109,161
1,<environment.Job instance at 0x7f011a0e5820>,58,17,[7 5],59,172,189,113,166
1,<environment.Job instance at 0x7f011a0e5050>,61,16,[2 5],62,184,200,122,174
1,<environment.Job instance at 0x7f011a0e5e10>,60,17,[10  1],61,189,206,128,178
1,<environment.Job instance at 0x7f011e280e10>,62,15,[2 5],63,188,203,125,178
1,<environment.Job instance at 0x7f011e280550>,63,16,[1 5],64,200,216,136,197
1,<environment.Job instance at 0x7f0119eaa640>,37,27,[2 9],38,203,230,165,201
1,<environment.Job instance at 0x7f011e719550>,67,26,[10  5],68,216,242,148,213
1,<environment.Job instance at 0x7f011e689910>,38,26,[4 9],39,230,256,191,230
1,<environment.Job instance at 0x7f011e8c8e60>,4,19,[2 5],5,5,24,0,5
1,<environment.Job instance at 0x7f00d6462be0>,14,22,[1 8],15,17,39,2,17
1,<environment.Job instance at 0x7f00d6462b90>,15,18,[ 2 10],16,39,57,23,28
1,<environment.Job instance at 0x7f00d6462320>,16,1,[6 4],17,28,29,11,28
1,<environment.Job instance at 0x7f00d64621e0>,17,2,[3 8],18,57,59,39,30
1,<environment.Job instance at 0x7f00d6462140>,18,13,[14  3],19,59,72,40,43
1,<environment.Job instance at 0x7f0119c6aaf0>,21,3,[1 8],22,59,62,37,44
1,<environment.Job instance at 0x7f0119bdf320>,7,1,[3 8],8,72,73,64,46
1,<environment.Job instance at 0x7f0119c6a3c0>,26,1,[9 3],27,49,50,22,49
1,<environment.Job instance at 0x7f0119fbd280>,29,2,[3 9],30,73,75,43,61
1,<environment.Job instance at 0x7f00d5f65a00>,32,22,[5 3],33,73,95,40,73
1,<environment.Job instance at 0x7f00d5f65320>,33,1,[8 4],34,75,76,41,73
1,<environment.Job instance at 0x7f0119c6aa50>,22,26,[1 5],23,75,101,52,75
1,<environment.Job instance at 0x7f00d64624b0>,13,23,[1 7],14,76,99,62,75
1,<environment.Job instance at 0x7f00d62ec4b0>,41,16,[4 9],42,99,115,57,88
1,<environment.Job instance at 0x7f00d62c1190>,43,26,[1 8],44,115,141,71,112
1,<environment.Job instance at 0x7f011a0160a0>,39,13,[14  2],40,115,128,75,114
1,<environment.Job instance at 0x7f011a007550>,53,3,[9 4],54,128,131,74,119
1,<environment.Job instance at 0x7f011a0077d0>,55,2,[1 9],56,141,143,85,124
1,<environment.Job instance at 0x7f011a007280>,59,1,[6 4],60,142,143,82,142
1,<environment.Job instance at 0x7f0119fe6af0>,63,12,[4 5],64,151,163,87,151
1,<environment.Job instance at 0x7f0119fe67d0>,64,3,[3 9],65,151,154,86,151
1,<environment.Job instance at 0x7f0119fe6f00>,65,2,[10  1],66,154,156,88,151
1,<environment.Job instance at 0x7f0119fe6730>,66,3,[ 1 10],67,156,159,89,151
1,<environment.Job instance at 0x7f011a021aa0>,49,15,[ 1 14],50,163,178,113,154
1,<environment.Job instance at 0x7f0119c6a410>,23,17,[ 4 10],24,178,195,154,167
1,<environment.Job instance at 0x7f011a0070a0>,51,23,[9 4],52,178,201,126,176
1,<environment.Job instance at 0x7f011a01ef50>,37,24,[2 8],38,195,219,157,191
1,<environment.Job instance at 0x7f00d62e6460>,5,3,[3 8],6,6,9,0,6
1,<environment.Job instance at 0x7f00d62e60f0>,8,1,[8 3],9,9,10,0,9
1,<environment.Job instance at 0x7f011e5e6410>,15,15,[1 6],16,19,34,3,19
1,<environment.Job instance at 0x7f011e5e6aa0>,16,2,[ 2 10],17,34,36,17,19
1,<environment.Job instance at 0x7f011e5e65f0>,17,16,[11  5],18,24,40,6,24
1,<environment.Job instance at 0x7f011e5e6730>,21,3,[13  1],22,40,43,18,24
1,<environment.Job instance at 0x7f00d64b8780>,23,3,[5 4],24,43,46,19,25
1,<environment.Job instance at 0x7f011e5e6370>,14,17,[10  5],15,43,60,28,33
1,<environment.Job instance at 0x7f00d64b8f00>,27,1,[ 5 10],28,46,47,18,35
1,<environment.Job instance at 0x7f00d64b8280>,31,2,[10  4],32,60,62,28,48
1,<environment.Job instance at 0x7f00d64b8140>,34,16,[8 5],35,67,83,32,67
1,<environment.Job instance at 0x7f011e6fe190>,35,1,[ 3 12],36,83,84,47,67
1,<environment.Job instance at 0x7f011e6fedc0>,36,3,[10  3],37,83,86,46,67
1,<environment.Job instance at 0x7f011e6fe4b0>,38,3,[ 5 12],39,84,87,45,67
1,<environment.Job instance at 0x7f00d6298dc0>,40,2,[5 4],41,72,74,31,72
1,<environment.Job instance at 0x7f00d64b81e0>,30,15,[6 2],31,86,101,55,81
1,<environment.Job instance at 0x7f00d6298d20>,44,16,[7 3],45,87,103,42,83
1,<environment.Job instance at 0x7f00d6298be0>,46,1,[11  1],47,103,104,56,83
1,<environment.Job instance at 0x7f00d62989b0>,49,3,[7 2],50,104,107,54,89
1,<environment.Job instance at 0x7f011e5e65a0>,18,13,[3 6],19,101,114,82,93
1,<environment.Job instance at 0x7f00d6298190>,52,14,[6 1],53,107,121,54,93
1,<environment.Job instance at 0x7f00d6298960>,53,2,[14  5],54,121,123,67,94
1,<environment.Job instance at 0x7f00d62e66e0>,10,14,[1 9],11,114,128,103,99
1,<environment.Job instance at 0x7f011e238c80>,59,2,[7 4],60,123,125,63,122
1,<environment.Job instance at 0x7f011e238190>,60,2,[1 9],61,128,130,67,122
1,<environment.Job instance at 0x7f00d62980f0>,51,28,[7 5],52,125,153,73,125
1,<environment.Job instance at 0x7f011e238780>,62,18,[3 6],63,130,148,67,125
1,<environment.Job instance at 0x7f0119ee40a0>,66,1,[7 1],67,148,149,81,138
1,<environment.Job instance at 0x7f00d6298140>,54,26,[7 1],55,149,175,94,149
1,<environment.Job instance at 0x7f00d6298c30>,50,13,[11  3],51,175,188,124,165
1,<environment.Job instance at 0x7f0119ee47d0>,67,13,[13  4],68,188,201,120,187
1,<environment.Job instance at 0x7f0119ee4780>,68,18,[8 3],69,201,219,132,194
1,<environment.Job instance at 0x7f0119bdfd20>,0,24,[10  5],1,1,25,0,1
1,<environment.Job instance at 0x7f0119bdfaa0>,1,3,[ 4 12],2,25,28,23,6
1,<environment.Job instance at 0x7f00d63be820>,6,13,[11  3],7,25,38,18,10
1,<environment.Job instance at 0x7f011e82c0f0>,8,27,[5 1],9,38,65,29,36
1,<environment.Job instance at 0x7f011e82c370>,11,2,[ 1 10],12,36,38,24,36
1,<environment.Job instance at 0x7f011e82c3c0>,12,3,[2 6],13,38,41,25,36
1,<environment.Job instance at 0x7f011e82c050>,14,2,[10  3],15,41,43,26,37
1,<environment.Job instance at 0x7f011e82c5f0>,15,1,[5 2],16,38,39,22,37
1,<environment.Job instance at 0x7f01199dd820>,17,2,[5 5],18,39,41,21,37
1,<environment.Job instance at 0x7f01199ddb40>,18,27,[1 7],19,43,70,24,41
1,<environment.Job instance at 0x7f00d63be4b0>,7,18,[6 4],8,43,61,35,41
1,<environment.Job instance at 0x7f011e63e8c0>,20,3,[5 7],21,61,64,40,48
1,<environment.Job instance at 0x7f01199dd910>,19,16,[12  5],20,65,81,45,55
1,<environment.Job instance at 0x7f011e2ab1e0>,26,1,[14  4],27,81,82,54,55
1,<environment.Job instance at 0x7f011e82cf00>,10,1,[2 7],11,64,65,53,58
1,<environment.Job instance at 0x7f0119c9ac30>,27,17,[13  5],28,82,99,54,70
1,<environment.Job instance at 0x7f00d627f320>,28,1,[1 5],29,70,71,41,70
1,<environment.Job instance at 0x7f00d61f8140>,33,2,[ 3 10],34,73,75,39,73
1,<environment.Job instance at 0x7f011e7185f0>,39,2,[ 3 10],40,99,101,59,91
1,<environment.Job instance at 0x7f011e718e10>,40,13,[7 3],41,99,112,58,91
1,<environment.Job instance at 0x7f011e718280>,41,2,[6 2],42,101,103,59,91
1,<environment.Job instance at 0x7f011e718c80>,42,12,[10  2],43,112,124,69,96
1,<environment.Job instance at 0x7f0119a40e10>,46,18,[ 2 10],47,109,127,62,109
1,<environment.Job instance at 0x7f0119a40d70>,47,18,[5 9],48,127,145,79,117
1,<environment.Job instance at 0x7f011a062a00>,29,13,[4 5],30,124,137,94,123
1,<environment.Job instance at 0x7f0119a40f50>,53,3,[ 2 10],54,145,148,91,139
1,<environment.Job instance at 0x7f011e597730>,56,3,[1 8],57,148,151,91,140
1,<environment.Job instance at 0x7f00d5c7e690>,57,1,[3 5],58,140,141,82,140
1,<environment.Job instance at 0x7f00d63dc230>,58,25,[5 5],59,141,166,82,140
1,<environment.Job instance at 0x7f00d5d01690>,31,17,[9 4],32,151,168,119,151
1,<environment.Job instance at 0x7f0119a40050>,49,1,[6 1],50,166,167,116,153
1,<environment.Job instance at 0x7f00d63dc730>,60,18,[14  5],61,168,186,107,157
1,<environment.Job instance at 0x7f01199ebf50>,62,13,[3 7],63,192,205,129,192
1,<environment.Job instance at 0x7f00d63becd0>,5,18,[ 2 11],6,220,238,214,220
1,<environment.Job instance at 0x7f181c8916e0>,1,22,[11  3],2,2,24,0,2
1,<environment.Job instance at 0x7f181c83f320>,2,22,[4 8],3,10,32,7,10
1,<environment.Job instance at 0x7f181542f7d0>,12,26,[ 1 10],13,32,58,19,29
1,<environment.Job instance at 0x7f181542fd70>,16,16,[3 5],17,38,54,21,38
1,<environment.Job instance at 0x7f181542fe10>,17,3,[4 9],18,58,61,40,38
1,<environment.Job instance at 0x7f181542feb0>,18,3,[4 7],19,61,64,42,38
1,<environment.Job instance at 0x7f181542ff00>,20,1,[7 5],21,54,55,33,43
1,<environment.Job instance at 0x7f181542faa0>,21,1,[6 5],22,55,56,33,43
1,<environment.Job instance at 0x7f181542f730>,22,1,[2 7],23,61,62,38,43
1,<environment.Job instance at 0x7f1815431230>,23,27,[1 6],24,62,89,38,60
1,<environment.Job instance at 0x7f1815431410>,26,3,[3 7],27,64,67,37,62
1,<environment.Job instance at 0x7f1815431550>,28,23,[10  4],29,67,90,38,62
1,<environment.Job instance at 0x7f1815431960>,32,3,[5 1],33,89,92,56,75
1,<environment.Job instance at 0x7f1815431aa0>,34,24,[1 8],35,90,114,55,85
1,<environment.Job instance at 0x7f181542f690>,9,18,[11  5],10,92,110,82,85
1,<environment.Job instance at 0x7f1815431c80>,37,2,[2 6],38,90,92,52,89
1,<environment.Job instance at 0x7f1815431f50>,41,1,[5 2],42,110,111,68,99
1,<environment.Job instance at 0x7f1815434280>,42,2,[4 6],43,111,113,68,99
1,<environment.Job instance at 0x7f1815434230>,44,3,[5 5],45,113,116,68,111
1,<environment.Job instance at 0x7f181542f9b0>,11,15,[4 8],12,114,129,102,111
1,<environment.Job instance at 0x7f1815431eb0>,39,2,[5 6],40,116,118,76,111
1,<environment.Job instance at 0x7f18154347d0>,48,15,[10  1],49,118,133,69,113
1,<environment.Job instance at 0x7f1815431be0>,36,13,[ 3 14],37,129,142,92,113
1,<environment.Job instance at 0x7f1815431c30>,38,2,[ 1 10],39,142,144,103,121
1,<environment.Job instance at 0x7f1815434690>,46,17,[12  2],47,142,159,95,130
1,<environment.Job instance at 0x7f1815434eb0>,59,17,[1 6],60,144,161,84,141
1,<environment.Job instance at 0x7f1815434fa0>,60,3,[12  3],61,159,162,98,141
1,<environment.Job instance at 0x7f18154370f0>,61,2,[4 5],62,162,164,100,141
1,<environment.Job instance at 0x7f1815437500>,62,22,[6 4],63,162,184,99,155
1,<environment.Job instance at 0x7f1815437820>,65,20,[2 6],66,155,175,89,155
1,<environment.Job instance at 0x7f18154378c0>,66,3,[7 4],67,164,167,97,155
1,<environment.Job instance at 0x7f1815437960>,67,27,[ 1 10],68,175,202,107,173
1,<environment.Job instance at 0x7f1815437a00>,68,2,[ 3 10],69,202,204,133,175
1,<environment.Job instance at 0x7f1815437aa0>,69,13,[ 3 12],70,204,217,134,188
1,<environment.Job instance at 0x7f1815437fa0>,75,14,[ 4 11],76,217,231,141,202
1,<environment.Job instance at 0x7f181c9ae5f0>,3,20,[7 1],4,4,24,0,4
1,<environment.Job instance at 0x7f181c8688c0>,10,2,[9 3],11,24,26,13,11
1,<environment.Job instance at 0x7f181c868d20>,11,3,[1 8],12,12,15,0,12
1,<environment.Job instance at 0x7f181c868410>,12,20,[1 5],13,13,33,0,13
1,<environment.Job instance at 0x7f181c8689b0>,13,2,[6 1],14,14,16,0,14
1,<environment.Job instance at 0x7f181c868280>,17,2,[ 5 11],18,33,35,15,23
1,<environment.Job instance at 0x7f181c868640>,18,2,[5 2],19,23,25,4,23
1,<environment.Job instance at 0x7f181c827730>,19,18,[12  5],20,35,53,15,24
1,<environment.Job instance at 0x7f181c9ae8c0>,5,17,[3 9],6,35,52,29,26
1,<environment.Job instance at 0x7f181c9b4c80>,25,14,[14  5],26,53,67,27,53
1,<environment.Job instance at 0x7f181c9b4e60>,26,15,[11  1],27,67,82,40,56
1,<environment.Job instance at 0x7f181c9a77d0>,29,1,[10  4],30,82,83,52,57
1,<environment.Job instance at 0x7f181c9b4230>,22,16,[3 9],23,67,83,44,59
1,<environment.Job instance at 0x7f181c9a7690>,36,3,[ 1 12],37,83,86,46,83
1,<environment.Job instance at 0x7f181c9b6190>,38,1,[3 6],39,86,87,47,83
1,<environment.Job instance at 0x7f181c9b6690>,39,20,[2 6],40,86,106,46,83
1,<environment.Job instance at 0x7f181c9b61e0>,40,2,[7 2],41,83,85,42,83
1,<environment.Job instance at 0x7f181c9a6be0>,41,1,[2 6],42,87,88,45,84
1,<environment.Job instance at 0x7f181c9a6f50>,42,3,[ 4 12],43,106,109,63,84
1,<environment.Job instance at 0x7f181c9a6c30>,43,12,[ 4 11],44,109,121,65,92
1,<environment.Job instance at 0x7f181c868c80>,6,18,[9 2],7,92,110,85,92
1,<environment.Job instance at 0x7f181c86be60>,47,22,[4 5],48,121,143,73,114
1,<environment.Job instance at 0x7f181c86b730>,49,2,[1 8],50,121,123,71,114
1,<environment.Job instance at 0x7f181c9b3690>,51,1,[3 9],52,123,124,71,117
1,<environment.Job instance at 0x7f181c9a7f00>,35,16,[7 5],36,124,140,88,117
1,<environment.Job instance at 0x7f181c86b3c0>,45,21,[4 5],46,124,145,78,118
1,<environment.Job instance at 0x7f181c9b3eb0>,57,20,[9 2],58,143,163,85,134
1,<environment.Job instance at 0x7f181c9b3be0>,56,1,[9 3],57,163,164,106,135
1,<environment.Job instance at 0x7f181c9ba0f0>,59,18,[ 1 12],60,145,163,85,135
1,<environment.Job instance at 0x7f181c9b3280>,58,16,[11  2],59,164,180,105,151
1,<environment.Job instance at 0x7f181c9ba1e0>,65,3,[ 4 13],66,164,167,98,159
1,<environment.Job instance at 0x7f181c9ba230>,63,15,[ 1 12],64,167,182,103,165
1,<environment.Job instance at 0x7f181c9ba8c0>,67,1,[ 1 14],68,182,183,114,165
1,<environment.Job instance at 0x7f181c9badc0>,70,2,[3 8],71,183,185,112,165
1,<environment.Job instance at 0x7f181c9aba50>,75,1,[9 1],76,180,181,104,178
1,<environment.Job instance at 0x7f181c9ab730>,76,1,[6 3],77,181,182,104,178
1,<environment.Job instance at 0x7f181c9abf50>,77,3,[4 5],78,183,186,105,178
1,<environment.Job instance at 0x7f181c9a7460>,31,26,[ 5 10],32,196,222,164,196
1,<environment.Job instance at 0x7f18154272d0>,0,3,[13  3],1,1,4,0,1
1,<environment.Job instance at 0x7f1815427dc0>,4,3,[6 4],5,6,9,1,6
1,<environment.Job instance at 0x7f17d1759d20>,6,2,[8 1],7,7,9,0,7
1,<environment.Job instance at 0x7f17d1759410>,7,2,[10  2],8,9,11,1,8
1,<environment.Job instance at 0x7f17d1759dc0>,8,19,[6 4],9,11,30,2,9
1,<environment.Job instance at 0x7f17d1759fa0>,12,1,[6 4],13,13,14,0,13
1,<environment.Job instance at 0x7f17d176b5a0>,16,2,[11  5],17,30,32,13,17
1,<environment.Job instance at 0x7f17d176bf00>,17,21,[ 3 10],18,18,39,0,18
1,<environment.Job instance at 0x7f17d176b730>,18,3,[14  4],19,39,42,20,19
1,<environment.Job instance at 0x7f17d176b0f0>,20,1,[5 8],21,42,43,21,21
1,<environment.Job instance at 0x7f17d176b230>,24,3,[4 6],25,42,45,17,28
1,<environment.Job instance at 0x7f17d176b820>,25,2,[5 2],26,32,34,6,28
1,<environment.Job instance at 0x7f17d176bd70>,26,1,[5 9],27,43,44,16,28
1,<environment.Job instance at 0x7f17d176b190>,27,1,[2 9],28,44,45,16,28
1,<environment.Job instance at 0x7f17d176bcd0>,28,21,[9 4],29,45,66,16,37
1,<environment.Job instance at 0x7f1815427b90>,14,19,[6 1],15,45,64,30,37
1,<environment.Job instance at 0x7f17d1724190>,37,1,[9 1],38,66,67,28,61
1,<environment.Job instance at 0x7f17d1724dc0>,38,12,[14  4],39,67,79,28,61
1,<environment.Job instance at 0x7f17d1829730>,39,2,[9 4],40,79,81,39,61
1,<environment.Job instance at 0x7f17d1829e60>,44,3,[9 2],45,88,91,43,88
1,<environment.Job instance at 0x7f17d1829a50>,45,14,[10  2],46,91,105,45,88
1,<environment.Job instance at 0x7f17d1829690>,46,3,[2 8],47,88,91,41,88
1,<environment.Job instance at 0x7f17d1829910>,47,1,[2 8],48,91,92,43,88
1,<environment.Job instance at 0x7f17d1829cd0>,48,2,[13  1],49,105,107,56,88
1,<environment.Job instance at 0x7f17d1829dc0>,49,2,[10  4],50,107,109,57,88
1,<environment.Job instance at 0x7f17d18293c0>,50,3,[5 6],51,92,95,41,88
1,<environment.Job instance at 0x7f17d18298c0>,51,3,[13  5],52,109,112,57,88
1,<environment.Job instance at 0x7f17d1829500>,52,2,[ 1 12],53,95,97,42,88
1,<environment.Job instance at 0x7f17d1829f50>,53,2,[5 6],54,97,99,43,88
1,<environment.Job instance at 0x7f17d18290a0>,55,2,[5 5],56,99,101,43,88
1,<environment.Job instance at 0x7f17d1829050>,59,1,[ 2 10],60,101,102,41,91
1,<environment.Job instance at 0x7f17d1731820>,61,18,[2 8],62,107,125,45,107
1,<environment.Job instance at 0x7f17d1731dc0>,62,1,[ 4 13],63,125,126,62,107
1,<environment.Job instance at 0x7f17d1731b40>,63,14,[11  3],64,126,140,62,111
1,<environment.Job instance at 0x7f17d1731690>,69,13,[6 3],70,140,153,70,134
1,<environment.Job instance at 0x7f17d1731640>,73,1,[ 4 10],74,141,142,67,141
1,<environment.Job instance at 0x7f17d1731af0>,74,3,[4 7],75,142,145,67,142
1,<environment.Job instance at 0x7f17d1731190>,75,1,[10  1],76,153,154,77,142
1,<environment.Job instance at 0x7f17d172c730>,76,19,[2 7],77,145,164,68,142
1,<environment.Job instance at 0x7f17d17243c0>,31,17,[10  2],32,155,172,123,155
1,<environment.Job instance at 0x7f17d17315f0>,72,20,[1 7],73,184,204,111,184
1,<environment.Job instance at 0x7f181c868050>,0,24,[ 1 10],1,1,25,0,1
1,<environment.Job instance at 0x7f17d17204b0>,3,24,[7 4],4,4,28,0,4
1,<environment.Job instance at 0x7f17d17209b0>,5,3,[12  3],6,28,31,22,7
1,<environment.Job instance at 0x7f17d1766b40>,9,3,[5 1],10,10,13,0,10
1,<environment.Job instance at 0x7f17d1766500>,10,3,[7 3],11,25,28,14,11
1,<environment.Job instance at 0x7f17d1b8b5f0>,11,27,[4 7],12,31,58,19,29
1,<environment.Job instance at 0x7f17d1b8b730>,12,26,[8 4],13,31,57,18,29
1,<environment.Job instance at 0x7f17d180b9b0>,15,16,[14  1],16,58,74,42,45
1,<environment.Job instance at 0x7f17d1d63730>,32,1,[5 5],33,74,75,41,64
1,<environment.Job instance at 0x7f17d1d63b40>,33,23,[10  1],34,74,97,40,68
1,<environment.Job instance at 0x7f17d1d63190>,36,28,[6 5],37,97,125,60,96
1,<environment.Job instance at 0x7f17d1d63460>,39,2,[10  2],40,125,127,85,98
1,<environment.Job instance at 0x7f17d1d63be0>,40,2,[ 5 10],41,98,100,57,98
1,<environment.Job instance at 0x7f181c9b02d0>,6,16,[7 4],7,100,116,93,98
1,<environment.Job instance at 0x7f17d1d63aa0>,42,2,[2 6],43,100,102,57,98
1,<environment.Job instance at 0x7f17d180b960>,18,18,[4 5],19,116,134,97,105
1,<environment.Job instance at 0x7f17d1d63140>,41,15,[14  1],42,134,149,92,120
1,<environment.Job instance at 0x7f17d1bbd960>,49,28,[5 3],50,149,177,99,148
1,<environment.Job instance at 0x7f17d1c208c0>,44,15,[10  4],45,165,180,120,165
1,<environment.Job instance at 0x7f17d1aec820>,55,17,[4 6],56,177,194,121,166
1,<environment.Job instance at 0x7f17d1d63820>,37,18,[5 9],38,180,198,142,169
1,<environment.Job instance at 0x7f17d1aec4b0>,66,2,[5 5],67,194,196,127,189
1,<environment.Job instance at 0x7f17d1aec730>,67,13,[1 9],68,198,211,130,190
1,<environment.Job instance at 0x7f17d1aec280>,70,1,[ 1 10],71,211,212,140,204
1,<environment.Job instance at 0x7f17d1af1410>,72,1,[5 9],73,212,213,139,204
1,<environment.Job instance at 0x7f17d1af12d0>,73,20,[2 6],74,212,232,138,204
1,<environment.Job instance at 0x7f17d1af1190>,75,3,[5 2],76,214,217,138,214
1,<environment.Job instance at 0x7f17d1af1e60>,76,3,[ 5 10],77,232,235,155,214
1,<environment.Job instance at 0x7f17d1aec050>,1,2,[1 7],2,2,4,0,2
1,<environment.Job instance at 0x7f17d1766690>,2,3,[ 3 11],3,4,7,1,3
1,<environment.Job instance at 0x7f17d1724b40>,7,1,[9 3],8,8,9,0,8
1,<environment.Job instance at 0x7f17d1cfd690>,9,15,[ 3 10],10,12,27,2,12
1,<environment.Job instance at 0x7f17d1aee4b0>,11,24,[9 1],12,13,37,1,13
1,<environment.Job instance at 0x7f17d17279b0>,12,3,[7 1],13,37,40,24,14
1,<environment.Job instance at 0x7f17d1bb1460>,15,15,[ 1 11],16,27,42,11,22
1,<environment.Job instance at 0x7f17d1b8b8c0>,17,1,[4 5],18,42,43,24,27
1,<environment.Job instance at 0x7f17d1b8b870>,18,1,[2 9],19,42,43,23,27
1,<environment.Job instance at 0x7f17d1b3e0a0>,16,16,[ 5 10],17,43,59,26,36
1,<environment.Job instance at 0x7f181c9ab320>,14,23,[10  2],15,43,66,28,37
1,<environment.Job instance at 0x7f17d1b88f00>,23,3,[3 5],24,59,62,35,41
1,<environment.Job instance at 0x7f17d1b88460>,22,13,[1 6],23,59,72,36,43
1,<environment.Job instance at 0x7f17d1b221e0>,27,15,[ 3 12],28,72,87,44,58
1,<environment.Job instance at 0x7f17d1b22050>,31,2,[6 3],32,66,68,34,65
1,<environment.Job instance at 0x7f17d1b225f0>,33,1,[1 7],34,68,69,34,67
1,<environment.Job instance at 0x7f17d1b22eb0>,35,3,[9 4],36,87,90,51,77
1,<environment.Job instance at 0x7f17d1b1b410>,38,2,[9 4],39,94,96,55,94
1,<environment.Job instance at 0x7f17d16d1050>,13,24,[10  5],14,96,120,82,94
1,<environment.Job instance at 0x7f17d1a970a0>,10,24,[2 8],11,94,118,83,94
1,<environment.Job instance at 0x7f17d1b1b910>,43,3,[4 8],44,118,121,74,96
1,<environment.Job instance at 0x7f17d1b1b730>,44,15,[4 6],45,120,135,75,106
1,<environment.Job instance at 0x7f17d1b1ba00>,45,3,[3 8],46,121,124,75,106
1,<environment.Job instance at 0x7f17d1b1b8c0>,46,25,[ 5 10],47,135,160,88,131
1,<environment.Job instance at 0x7f17d1b1bb90>,50,2,[1 7],51,132,134,81,132
1,<environment.Job instance at 0x7f17d1b888c0>,24,14,[1 5],25,134,148,109,132
1,<environment.Job instance at 0x7f17d1b1be10>,51,1,[ 4 10],52,160,161,108,132
1,<environment.Job instance at 0x7f17d1b1bdc0>,52,3,[10  4],53,148,151,95,132
1,<environment.Job instance at 0x7f17d1b1bf50>,54,1,[3 8],55,161,162,106,135
1,<environment.Job instance at 0x7f17d1b28190>,57,1,[5 5],58,151,152,93,135
1,<environment.Job instance at 0x7f17d1b283c0>,61,3,[1 6],62,161,164,99,139
1,<environment.Job instance at 0x7f17d1b1be60>,53,2,[5 7],54,162,164,108,144
1,<environment.Job instance at 0x7f17d1b285a0>,64,1,[7 4],65,152,153,87,144
1,<environment.Job instance at 0x7f17d1b28320>,62,17,[12  4],63,164,181,101,152
1,<environment.Job instance at 0x7f17d1b28c30>,69,3,[5 5],70,153,156,83,152
1,<environment.Job instance at 0x7f17d1b28d70>,71,3,[9 4],72,181,184,109,165
1,<environment.Job instance at 0x7f17d1b28730>,63,2,[5 5],64,181,183,117,167
1,<environment.Job instance at 0x7f17d1b28e10>,72,1,[7 4],73,184,185,111,167
1,<environment.Job instance at 0x7f17d1b28eb0>,73,2,[9 2],74,185,187,111,170
1,<environment.Job instance at 0x7f17d1638140>,78,1,[2 6],79,184,185,105,184
1,<environment.Job instance at 0x7f17d1b1b190>,40,27,[ 5 10],41,199,226,158,199
1,<environment.Job instance at 0x7f17d1ac3d70>,2,19,[8 2],3,3,22,0,3
1,<environment.Job instance at 0x7f17d1ac3320>,3,2,[ 2 14],4,22,24,18,6
1,<environment.Job instance at 0x7f17d1ac3c80>,6,2,[11  3],7,24,26,17,7
1,<environment.Job instance at 0x7f17d1ac39b0>,7,2,[12  2],8,26,28,18,8
1,<environment.Job instance at 0x7f17d1ac3a50>,12,2,[12  5],13,28,30,15,13
1,<environment.Job instance at 0x7f17d1ac3410>,14,1,[14  4],15,30,31,15,15
1,<environment.Job instance at 0x7f17d1acd820>,17,2,[6 4],18,20,22,2,20
1,<environment.Job instance at 0x7f17d1ac3870>,5,3,[2 5],6,31,34,25,28
1,<environment.Job instance at 0x7f17d1acdc80>,19,15,[10  2],20,31,46,11,30
1,<environment.Job instance at 0x7f17d1acd690>,24,2,[2 5],25,48,50,23,48
1,<environment.Job instance at 0x7f17d1acdeb0>,26,1,[3 8],27,49,50,22,49
1,<environment.Job instance at 0x7f17d1acd4b0>,27,3,[10  2],28,49,52,21,49
1,<environment.Job instance at 0x7f17d1acde10>,28,1,[2 8],29,50,51,21,49
1,<environment.Job instance at 0x7f17d1acdf50>,29,1,[ 3 10],30,51,52,21,49
1,<environment.Job instance at 0x7f17d1acd910>,30,16,[10  2],31,52,68,21,51
1,<environment.Job instance at 0x7f17d1acd870>,32,1,[ 5 10],33,54,55,21,54
1,<environment.Job instance at 0x7f17d1acdaa0>,33,1,[ 5 12],34,55,56,21,54
1,<environment.Job instance at 0x7f17d1acd0f0>,34,21,[7 2],35,68,89,33,60
1,<environment.Job instance at 0x7f18152e8820>,42,14,[ 1 11],43,84,98,41,84
1,<environment.Job instance at 0x7f18152e82d0>,44,3,[14  4],45,96,99,51,96
1,<environment.Job instance at 0x7f18152e8be0>,45,2,[5 5],46,99,101,53,96
1,<environment.Job instance at 0x7f18152e8460>,46,2,[13  4],47,101,103,54,96
1,<environment.Job instance at 0x7f18152e8500>,47,3,[3 5],48,103,106,55,96
1,<environment.Job instance at 0x7f18155db8c0>,49,27,[1 5],50,98,125,48,96
1,<environment.Job instance at 0x7f18155db0f0>,50,1,[5 1],51,99,100,48,96
1,<environment.Job instance at 0x7f17d16df910>,51,3,[9 3],52,103,106,51,96
1,<environment.Job instance at 0x7f17d16dfcd0>,52,3,[ 4 10],53,106,109,53,96
1,<environment.Job instance at 0x7f18155db7d0>,53,3,[8 4],54,109,112,55,96
1,<environment.Job instance at 0x7f1815956550>,54,3,[6 1],55,109,112,54,96
1,<environment.Job instance at 0x7f18155db140>,55,14,[ 5 12],56,125,139,69,110
1,<environment.Job instance at 0x7f1815956aa0>,59,14,[ 5 11],60,139,153,79,124
1,<environment.Job instance at 0x7f1815956fa0>,61,3,[9 2],62,127,130,65,127
1,<environment.Job instance at 0x7f1815956730>,63,2,[9 1],64,138,140,74,138
1,<environment.Job instance at 0x7f1815956dc0>,64,2,[1 8],65,153,155,88,138
1,<environment.Job instance at 0x7f1815956280>,67,2,[2 8],68,155,157,87,154
1,<environment.Job instance at 0x7f1815956960>,68,3,[ 5 14],69,157,160,88,154
1,<environment.Job instance at 0x7f1815956190>,69,27,[9 3],70,160,187,90,158
1,<environment.Job instance at 0x7f17d1acdbe0>,20,13,[5 6],21,160,173,139,158
1,<environment.Job instance at 0x7f18159565a0>,72,24,[ 3 10],73,173,197,100,171
1,<environment.Job instance at 0x7f1815fe2910>,75,2,[6 3],76,187,189,111,177
1,<environment.Job instance at 0x7f1815fe2460>,76,2,[3 8],77,197,199,120,177
1,<environment.Job instance at 0x7f1815fe2050>,77,12,[ 2 12],78,199,211,121,182
1,<environment.Job instance at 0x7f18152af1e0>,78,27,[1 7],79,211,238,132,209
1,<environment.Job instance at 0x7f1815fe2730>,73,1,[3 5],74,211,212,137,209
1,<environment.Job instance at 0x7f1815956e10>,57,19,[14  4],58,212,231,154,209
1,<environment.Job instance at 0x7f1815667280>,2,2,[9 3],3,3,5,0,3
1,<environment.Job instance at 0x7f17d1bbcb90>,8,14,[10  3],9,9,23,0,9
1,<environment.Job instance at 0x7f18152a5870>,11,18,[2 9],12,12,30,0,12
1,<environment.Job instance at 0x7f18160e43c0>,5,3,[1 5],6,23,26,17,16
1,<environment.Job instance at 0x7f17d19fe5a0>,14,2,[7 5],15,26,28,11,20
1,<environment.Job instance at 0x7f17d188f960>,17,18,[5 1],18,26,44,8,26
1,<environment.Job instance at 0x7f17d1bbc910>,10,19,[1 5],11,28,47,17,27
1,<environment.Job instance at 0x7f17d1ce8960>,23,18,[5 9],24,38,56,14,38
1,<environment.Job instance at 0x7f17d1ae73c0>,25,21,[2 5],26,47,68,21,42
1,<environment.Job instance at 0x7f17d19fd140>,26,1,[7 2],27,56,57,29,42
1,<environment.Job instance at 0x7f17d1c062d0>,21,13,[5 3],22,56,69,34,49
1,<environment.Job instance at 0x7f17d1b7bcd0>,15,2,[14  5],16,69,71,53,58
1,<environment.Job instance at 0x7f17d18a6c80>,31,16,[6 5],32,71,87,39,58
1,<environment.Job instance at 0x7f17d1ce8e60>,22,15,[5 1],23,71,86,48,58
1,<environment.Job instance at 0x7f17d18a6c30>,34,1,[5 8],35,68,69,33,62
1,<environment.Job instance at 0x7f1815afaa50>,37,2,[2 8],38,71,73,33,64
1,<environment.Job instance at 0x7f1815afa1e0>,38,3,[5 9],39,86,89,47,64
1,<environment.Job instance at 0x7f17d1766460>,29,19,[9 1],30,87,106,57,77
1,<environment.Job instance at 0x7f17d18a60a0>,33,27,[1 8],34,89,116,55,89
1,<environment.Job instance at 0x7f1815195eb0>,51,18,[3 6],52,109,127,57,109
1,<environment.Job instance at 0x7f1815685f00>,52,1,[9 3],53,116,117,63,109
1,<environment.Job instance at 0x7f1815685410>,53,3,[ 3 14],54,127,130,73,109
1,<environment.Job instance at 0x7f1815552960>,55,25,[6 3],56,130,155,74,126
1,<environment.Job instance at 0x7f17d1cb6af0>,60,2,[ 5 11],61,133,135,72,133
1,<environment.Job instance at 0x7f17d18a6820>,36,14,[3 9],37,138,152,101,138
1,<environment.Job instance at 0x7f17d1cb6230>,64,1,[5 7],65,152,153,87,143
1,<environment.Job instance at 0x7f17d1cb6320>,63,15,[6 3],64,153,168,89,151
1,<environment.Job instance at 0x7f1815626140>,67,3,[7 1],68,155,158,87,151
1,<environment.Job instance at 0x7f1815ae7eb0>,71,22,[ 1 10],72,178,200,106,178
1,<environment.Job instance at 0x7f1815552870>,59,18,[7 5],60,181,199,121,181
1,<environment.Job instance at 0x7f1815f5d820>,1,1,[8 5],2,3,4,1,3
1,<environment.Job instance at 0x7f17d1c78410>,3,2,[5 5],4,4,6,0,4
1,<environment.Job instance at 0x7f181584feb0>,6,13,[11  1],7,7,20,0,7
1,<environment.Job instance at 0x7f1815f1c690>,13,2,[10  5],14,26,28,12,26
1,<environment.Job instance at 0x7f17d1835230>,16,3,[8 1],17,28,31,11,26
1,<environment.Job instance at 0x7f17d1966140>,18,21,[5 8],19,31,52,12,31
1,<environment.Job instance at 0x7f1815345370>,20,12,[8 1],21,46,58,25,46
1,<environment.Job instance at 0x7f1815345410>,21,28,[2 8],22,52,80,30,51
1,<environment.Job instance at 0x7f1815345550>,23,27,[9 3],24,58,85,34,56
1,<environment.Job instance at 0x7f1815345910>,26,28,[1 7],27,80,108,53,79
1,<environment.Job instance at 0x7f1815345a00>,28,1,[5 7],29,85,86,56,79
1,<environment.Job instance at 0x7f1815345aa0>,29,2,[ 4 11],30,108,110,78,81
1,<environment.Job instance at 0x7f1815345af0>,31,1,[10  2],32,86,87,54,81
1,<environment.Job instance at 0x7f18153451e0>,34,3,[11  1],35,87,90,52,81
1,<environment.Job instance at 0x7f18153458c0>,36,28,[9 2],37,90,118,53,89
1,<environment.Job instance at 0x7f1815327140>,43,1,[6 2],44,110,111,66,104
1,<environment.Job instance at 0x7f18153273c0>,47,3,[ 1 12],48,113,116,65,113
1,<environment.Job instance at 0x7f1815327640>,48,15,[ 3 11],49,116,131,67,113
1,<environment.Job instance at 0x7f17d1cc1a50>,11,14,[10  4],12,118,132,106,114
1,<environment.Job instance at 0x7f18153279b0>,53,3,[6 2],54,132,135,78,125
1,<environment.Job instance at 0x7f17d1861690>,8,12,[ 5 12],9,132,144,123,128
1,<environment.Job instance at 0x7f1815327af0>,51,1,[10  4],52,144,145,92,128
1,<environment.Job instance at 0x7f1815327f00>,59,14,[3 7],60,144,158,84,130
1,<environment.Job instance at 0x7f1815327e10>,61,3,[5 5],62,145,148,83,133
1,<environment.Job instance at 0x7f181533a0f0>,63,20,[5 4],64,148,168,84,142
1,<environment.Job instance at 0x7f181533a0a0>,64,2,[10  3],65,158,160,93,143
1,<environment.Job instance at 0x7f18153270f0>,40,3,[9 5],41,160,163,119,143
1,<environment.Job instance at 0x7f181533a050>,66,2,[3 9],67,163,165,96,145
1,<environment.Job instance at 0x7f1815327c30>,55,15,[ 2 11],56,165,180,109,151
1,<environment.Job instance at 0x7f181533a780>,73,1,[7 2],74,155,156,81,155
1,<environment.Job instance at 0x7f181533a8c0>,75,20,[4 7],76,180,200,104,171
1,<environment.Job instance at 0x7f181533a960>,76,21,[6 5],77,180,201,103,172
1,<environment.Job instance at 0x7f181533a640>,71,2,[5 1],72,172,174,100,172
1,<environment.Job instance at 0x7f181533aaa0>,78,1,[ 3 10],79,200,201,121,172
1,<environment.Job instance at 0x7f1815327e60>,56,23,[7 4],57,201,224,144,198
1,<environment.Job instance at 0x7f181533a5a0>,70,16,[14  3],71,224,240,153,216
1,<environment.Job instance at 0x7f18155526e0>,1,27,[5 1],2,2,29,0,2
1,<environment.Job instance at 0x7f17d1766320>,2,21,[1 6],3,3,24,0,3
1,<environment.Job instance at 0x7f181540b5a0>,6,25,[8 3],7,10,35,3,10
1,<environment.Job instance at 0x7f1815322140>,4,3,[6 1],5,29,32,24,10
1,<environment.Job instance at 0x7f1815bc14b0>,7,13,[13  1],8,35,48,27,19
1,<environment.Job instance at 0x7f181581ea50>,16,25,[ 5 10],17,48,73,31,44
1,<environment.Job instance at 0x7f17d1cc15f0>,11,19,[10  1],12,48,67,36,47
1,<environment.Job instance at 0x7f181581e6e0>,17,1,[3 6],18,73,74,55,47
1,<environment.Job instance at 0x7f17d19296e0>,32,3,[9 5],33,80,83,47,80
1,<environment.Job instance at 0x7f17d1840910>,36,2,[13  5],37,97,99,60,97
1,<environment.Job instance at 0x7f18152ae320>,37,1,[9 5],38,99,100,61,97
1,<environment.Job instance at 0x7f181559ab40>,40,26,[6 3],41,120,146,79,120
1,<environment.Job instance at 0x7f1815bc1a00>,10,16,[9 2],11,123,139,112,123
1,<environment.Job instance at 0x7f17d1ce9eb0>,43,2,[6 3],44,139,141,95,130
1,<environment.Job instance at 0x7f18153342d0>,23,16,[6 5],24,141,157,117,130
1,<environment.Job instance at 0x7f181c821370>,46,1,[4 9],47,146,147,99,131
1,<environment.Job instance at 0x7f18158fba00>,48,2,[8 5],49,147,149,98,132
1,<environment.Job instance at 0x7f17d1ce9410>,42,17,[ 2 11],43,157,174,114,147
1,<environment.Job instance at 0x7f17d18d4370>,53,12,[ 1 14],54,174,186,120,157
1,<environment.Job instance at 0x7f17d18d4780>,56,13,[13  3],57,186,199,129,170
1,<environment.Job instance at 0x7f17d18d4cd0>,58,1,[ 3 14],59,199,200,140,171
1,<environment.Job instance at 0x7f1815e7e6e0>,60,1,[5 9],61,200,201,139,172
1,<environment.Job instance at 0x7f1815eccf00>,68,1,[8 4],69,200,201,131,197
1,<environment.Job instance at 0x7f1815ecc780>,69,3,[7 4],70,201,204,131,197
1,<environment.Job instance at 0x7f1815eccd70>,70,2,[4 9],71,201,203,130,197
1,<environment.Job instance at 0x7f1815eccc80>,71,14,[ 3 14],72,204,218,132,197
1,<environment.Job instance at 0x7f18151deb40>,74,1,[1 9],75,218,219,143,211
1,<environment.Job instance at 0x7f18151de320>,75,13,[ 1 12],76,219,232,143,211
1,<environment.Job instance at 0x7f17d1ced550>,77,3,[6 4],78,232,235,154,216
1,<environment.Job instance at 0x7f18151de6e0>,76,17,[11  2],77,235,252,158,223
1,<environment.Job instance at 0x7f17d1cc16e0>,0,28,[5 6],1,1,29,0,1
1,<environment.Job instance at 0x7f1815355780>,3,28,[ 1 11],4,29,57,25,28
1,<environment.Job instance at 0x7f17d19b0aa0>,8,1,[6 1],9,28,29,19,28
1,<environment.Job instance at 0x7f18159ac0f0>,5,23,[5 3],6,34,57,28,34
1,<environment.Job instance at 0x7f17d19b0a50>,10,13,[12  5],11,57,70,46,42
1,<environment.Job instance at 0x7f18153d1c30>,19,1,[10  3],20,70,71,50,50
1,<environment.Job instance at 0x7f17d1d1b5a0>,22,17,[4 5],23,70,87,47,63
1,<environment.Job instance at 0x7f17d1d1ba50>,23,18,[ 1 10],24,71,89,47,63
1,<environment.Job instance at 0x7f18160be1e0>,24,1,[1 6],25,63,64,38,63
1,<environment.Job instance at 0x7f18160be730>,26,18,[ 3 13],27,89,107,62,78
1,<environment.Job instance at 0x7f18160bedc0>,28,3,[7 1],29,91,94,62,91
1,<environment.Job instance at 0x7f18160bee60>,29,1,[7 3],30,107,108,77,91
1,<environment.Job instance at 0x7f1815bc4320>,31,1,[9 5],32,108,109,76,91
1,<environment.Job instance at 0x7f1815bc4050>,32,2,[ 2 10],33,107,109,74,91
1,<environment.Job instance at 0x7f18161095f0>,34,2,[4 6],35,109,111,74,92
1,<environment.Job instance at 0x7f18158c9af0>,35,2,[10  5],36,109,111,73,92
1,<environment.Job instance at 0x7f1815719c30>,36,1,[5 7],37,111,112,74,92
1,<environment.Job instance at 0x7f17d1ac7820>,37,2,[ 4 14],38,112,114,74,92
1,<environment.Job instance at 0x7f17d180b320>,40,1,[5 4],41,111,112,70,109
1,<environment.Job instance at 0x7f17d180b230>,41,18,[4 8],42,114,132,72,109
1,<environment.Job instance at 0x7f1815523190>,42,1,[2 7],43,114,115,71,109
1,<environment.Job instance at 0x7f1815523960>,44,2,[ 1 12],45,132,134,87,110
1,<environment.Job instance at 0x7f18157ea7d0>,45,13,[1 5],46,115,128,69,110
1,<environment.Job instance at 0x7f18157ea1e0>,47,2,[6 4],48,128,130,80,123
1,<environment.Job instance at 0x7f18157ea140>,50,25,[2 8],51,137,162,86,137
1,<environment.Job instance at 0x7f18157ea640>,53,18,[ 4 10],54,162,180,108,152
1,<environment.Job instance at 0x7f18157ead70>,54,3,[ 3 14],55,180,183,125,160
1,<environment.Job instance at 0x7f18157ea410>,55,1,[10  1],56,160,161,104,160
1,<environment.Job instance at 0x7f18157ea690>,59,2,[13  5],60,183,185,123,167
1,<environment.Job instance at 0x7f18157ea050>,60,1,[4 8],61,185,186,124,167
1,<environment.Job instance at 0x7f181576db90>,62,3,[5 2],63,185,188,122,181
1,<environment.Job instance at 0x7f181576df00>,63,2,[2 5],64,183,185,119,181
1,<environment.Job instance at 0x7f1815bedbe0>,64,15,[ 2 10],65,186,201,121,181
1,<environment.Job instance at 0x7f1815bed460>,66,18,[9 4],67,188,206,121,188
1,<environment.Job instance at 0x7f17d1835550>,67,3,[8 5],68,206,209,138,188
1,<environment.Job instance at 0x7f17d1835f00>,68,1,[ 3 12],69,209,210,140,188
1,<environment.Job instance at 0x7f17d1835b90>,70,2,[5 6],71,201,203,130,199
1,<environment.Job instance at 0x7f17d1bb4b90>,72,18,[5 1],73,212,230,139,212
1,<environment.Job instance at 0x7f1815b11b40>,73,18,[ 5 10],74,212,230,138,212
1,<environment.Job instance at 0x7f17d1bb40f0>,74,20,[9 5],75,230,250,155,221
1,<environment.Job instance at 0x7f1815bc4550>,1,1,[10  4],2,2,3,0,2
1,<environment.Job instance at 0x7f18157eaeb0>,6,1,[5 7],7,9,10,2,9
1,<environment.Job instance at 0x7f17d19ed550>,5,18,[14  2],6,10,28,4,10
1,<environment.Job instance at 0x7f17d1dba2d0>,16,2,[7 3],17,28,30,11,24
1,<environment.Job instance at 0x7f17d1dbabe0>,17,25,[9 4],18,30,55,12,26
1,<environment.Job instance at 0x7f17d1dbaaa0>,18,2,[2 7],19,28,30,9,26
1,<environment.Job instance at 0x7f17d1dbaaf0>,19,2,[4 6],20,30,32,10,26
1,<environment.Job instance at 0x7f17d1dba8c0>,21,3,[ 4 12],22,55,58,33,29
1,<environment.Job instance at 0x7f1815a37f50>,24,1,[8 1],25,55,56,30,43
1,<environment.Job instance at 0x7f1815a37e10>,25,16,[1 6],26,58,74,32,45
1,<environment.Job instance at 0x7f1815a441e0>,27,14,[12  5],28,58,72,30,45
1,<environment.Job instance at 0x7f1815a44730>,29,2,[9 5],30,72,74,42,57
1,<environment.Job instance at 0x7f1815a442d0>,30,1,[8 5],31,74,75,43,57
1,<environment.Job instance at 0x7f1815a446e0>,32,2,[5 7],33,74,76,41,63
1,<environment.Job instance at 0x7f1815a44820>,33,12,[4 9],34,76,88,42,68
1,<environment.Job instance at 0x7f1815a448c0>,34,25,[7 4],35,75,100,40,71
1,<environment.Job instance at 0x7f1815a44aa0>,37,1,[5 7],38,88,89,50,73
1,<environment.Job instance at 0x7f1815322500>,9,1,[5 6],10,89,90,79,86
1,<environment.Job instance at 0x7f1815a44c80>,40,3,[7 3],41,90,93,49,87
1,<environment.Job instance at 0x7f1815a67050>,44,3,[3 5],45,106,109,61,106
1,<environment.Job instance at 0x7f1815a445a0>,45,23,[8 2],46,106,129,60,106
1,<environment.Job instance at 0x7f1815a67500>,48,1,[ 1 10],49,122,123,73,122
1,<environment.Job instance at 0x7f1815a675a0>,49,2,[3 6],50,123,125,73,122
1,<environment.Job instance at 0x7f1815a44a00>,36,22,[ 4 10],37,125,147,88,123
1,<environment.Job instance at 0x7f1815a678c0>,54,3,[8 2],55,137,140,82,137
1,<environment.Job instance at 0x7f1815a67960>,55,3,[11  2],56,140,143,84,137
1,<environment.Job instance at 0x7f1815a67a00>,56,3,[8 5],57,143,146,86,137
1,<environment.Job instance at 0x7f1815a67c30>,58,14,[8 1],59,146,160,87,137
1,<environment.Job instance at 0x7f1815a67cd0>,59,16,[ 4 10],60,150,166,90,150
1,<environment.Job instance at 0x7f1815a67d70>,60,18,[5 8],61,166,184,105,155
1,<environment.Job instance at 0x7f1815a67eb0>,62,23,[7 1],63,160,183,97,156
1,<environment.Job instance at 0x7f1815a67f50>,63,2,[2 8],64,184,186,120,157
1,<environment.Job instance at 0x7f1815a67a50>,65,3,[13  2],66,184,187,118,158
1,<environment.Job instance at 0x7f1815a4b3c0>,68,1,[13  4],69,187,188,118,162
1,<environment.Job instance at 0x7f1815a4b140>,72,13,[14  4],73,188,201,115,179
1,<environment.Job instance at 0x7f1815a4b550>,74,2,[5 2],75,201,203,126,184
1,<environment.Job instance at 0x7f1815a67820>,53,18,[ 2 11],54,201,219,147,191
1,<environment.Job instance at 0x7f1815a44410>,26,16,[14  3],27,219,235,192,206
1,<environment.Job instance at 0x7f1815a44370>,1,23,[ 3 13],2,2,25,0,2
1,<environment.Job instance at 0x7f1815a44410>,6,2,[7 2],7,11,13,4,11
1,<environment.Job instance at 0x7f1815560320>,11,3,[3 7],12,25,28,13,13
1,<environment.Job instance at 0x7f1815560280>,15,2,[10  5],16,25,27,9,18
1,<environment.Job instance at 0x7f1815560cd0>,18,3,[2 7],19,27,30,8,27
1,<environment.Job instance at 0x7f1815560b90>,19,2,[10  2],20,28,30,8,27
1,<environment.Job instance at 0x7f17d15cab40>,20,1,[8 1],21,27,28,6,27
1,<environment.Job instance at 0x7f1815560460>,16,2,[6 4],17,30,32,13,27
1,<environment.Job instance at 0x7f17d15ca500>,23,14,[5 5],24,35,49,11,35
1,<environment.Job instance at 0x7f17d15ca870>,24,22,[9 5],25,35,57,10,35
1,<environment.Job instance at 0x7f17d15ca370>,25,3,[ 1 14],26,57,60,31,36
1,<environment.Job instance at 0x7f17d15ca820>,28,16,[1 6],29,60,76,31,47
1,<environment.Job instance at 0x7f17d15ca410>,29,3,[10  2],30,60,63,30,47
1,<environment.Job instance at 0x7f1815559140>,30,13,[11  4],31,63,76,32,55
1,<environment.Job instance at 0x7f1815559f50>,31,12,[ 1 13],32,76,88,44,59
1,<environment.Job instance at 0x7f1815559be0>,37,2,[3 7],38,88,90,50,81
1,<environment.Job instance at 0x7f1815559e60>,38,12,[10  1],39,81,93,42,81
1,<environment.Job instance at 0x7f1815559640>,39,21,[1 7],40,88,109,48,81
1,<environment.Job instance at 0x7f18155598c0>,41,2,[5 5],42,93,95,51,83
1,<environment.Job instance at 0x7f1815560500>,10,20,[9 5],11,95,115,84,92
1,<environment.Job instance at 0x7f18152965f0>,50,2,[8 1],51,115,117,64,113
1,<environment.Job instance at 0x7f1815296370>,51,1,[9 4],52,117,118,65,113
1,<environment.Job instance at 0x7f1815296b40>,52,15,[2 9],53,121,136,68,121
1,<environment.Job instance at 0x7f1815f28d70>,55,16,[11  3],56,121,137,65,121
1,<environment.Job instance at 0x7f1815f28e10>,58,1,[8 2],59,137,138,78,132
1,<environment.Job instance at 0x7f18158a9e60>,59,3,[2 6],60,136,139,76,132
1,<environment.Job instance at 0x7f18158a92d0>,61,1,[9 4],62,138,139,76,132
1,<environment.Job instance at 0x7f18158a9190>,63,18,[ 2 10],64,139,157,75,132
1,<environment.Job instance at 0x7f18158a9500>,66,1,[11  2],67,139,140,72,134
1,<environment.Job instance at 0x7f17d19f2320>,70,1,[4 5],71,150,151,79,150
1,<environment.Job instance at 0x7f17d19f2e60>,72,1,[6 3],73,165,166,92,165
1,<environment.Job instance at 0x7f17d19f2460>,74,1,[5 4],75,165,166,90,165
1,<environment.Job instance at 0x7f17d19f2b40>,76,3,[6 2],77,167,170,90,167
1,<environment.Job instance at 0x7f17d19f2aa0>,77,1,[6 3],78,167,168,89,167
1,<environment.Job instance at 0x7f17d19f2a00>,78,19,[7 1],79,168,187,89,167
1,<environment.Job instance at 0x7f17d15cae60>,22,17,[1 9],23,217,234,194,217
1,<environment.Job instance at 0x7f1816151a50>,6,1,[2 5],7,7,8,0,7
1,<environment.Job instance at 0x7f17d1ce8410>,7,14,[11  2],8,9,23,1,9
1,<environment.Job instance at 0x7f17d1ce8050>,9,18,[1 5],10,10,28,0,10
1,<environment.Job instance at 0x7f17d1ce87d0>,10,27,[7 4],11,23,50,12,21
1,<environment.Job instance at 0x7f17d1ce8c30>,11,12,[6 3],12,23,35,11,21
1,<environment.Job instance at 0x7f18153ce370>,15,2,[ 1 12],16,50,52,34,23
1,<environment.Job instance at 0x7f18153cea00>,18,14,[ 4 10],19,35,49,16,29
1,<environment.Job instance at 0x7f18153ce2d0>,20,25,[ 1 14],21,52,77,31,48
1,<environment.Job instance at 0x7f18153ceaa0>,23,1,[ 4 13],24,77,78,53,53
1,<environment.Job instance at 0x7f18153ce4b0>,24,19,[9 1],25,53,72,28,53
1,<environment.Job instance at 0x7f1815339fa0>,25,3,[ 4 11],26,78,81,52,53
1,<environment.Job instance at 0x7f1815339c80>,26,2,[8 3],27,78,80,51,53
1,<environment.Job instance at 0x7f17d1c200a0>,2,2,[4 5],3,81,83,78,56
1,<environment.Job instance at 0x7f18153394b0>,27,3,[2 8],28,81,84,53,57
1,<environment.Job instance at 0x7f18153390a0>,30,1,[2 6],31,83,84,52,57
1,<environment.Job instance at 0x7f18154f2f50>,35,1,[5 2],36,80,81,44,80
1,<environment.Job instance at 0x7f18154f2be0>,36,3,[8 3],37,84,87,47,80
1,<environment.Job instance at 0x7f18154f2550>,38,3,[11  1],39,87,90,48,80
1,<environment.Job instance at 0x7f18154f2c80>,39,2,[3 7],40,84,86,44,80
1,<environment.Job instance at 0x7f18154f2640>,40,2,[9 1],41,81,83,40,80
1,<environment.Job instance at 0x7f1815b1f5f0>,41,2,[6 2],42,90,92,48,80
1,<environment.Job instance at 0x7f1815b1f2d0>,43,2,[2 7],44,86,88,42,81
1,<environment.Job instance at 0x7f1815b1fd20>,44,1,[9 2],45,90,91,45,81
1,<environment.Job instance at 0x7f1815b1ff50>,45,3,[9 1],46,91,94,45,81
1,<environment.Job instance at 0x7f1815b1f7d0>,46,16,[4 9],47,92,108,45,83
1,<environment.Job instance at 0x7f1815b1f9b0>,47,22,[6 1],48,94,116,46,89
1,<environment.Job instance at 0x7f1815220d70>,51,18,[5 9],52,108,126,56,97
1,<environment.Job instance at 0x7f1815220550>,52,2,[8 2],53,116,118,63,97
1,<environment.Job instance at 0x7f1815220410>,53,2,[8 1],54,118,120,64,97
1,<environment.Job instance at 0x7f1815220d20>,54,1,[ 3 10],55,126,127,71,98
1,<environment.Job instance at 0x7f17d1a00190>,59,2,[3 7],60,135,137,75,135
1,<environment.Job instance at 0x7f18154f2d20>,34,15,[6 4],35,152,167,117,152
1,<environment.Job instance at 0x7f17d15ca0a0>,3,14,[5 5],4,155,169,151,155
1,<environment.Job instance at 0x7f18153baf00>,62,19,[8 3],63,167,186,104,160
1,<environment.Job instance at 0x7f18153ba960>,67,1,[2 6],68,168,169,100,168
1,<environment.Job instance at 0x7f18153bae10>,69,25,[7 3],70,169,194,99,168
1,<environment.Job instance at 0x7f18153ba9b0>,70,1,[12  5],71,194,195,123,168
1,<environment.Job instance at 0x7f17d1d1baa0>,72,1,[5 2],73,186,187,113,178
1,<environment.Job instance at 0x7f18153ba2d0>,64,17,[8 5],65,201,218,136,201
1,<environment.Job instance at 0x7f18153ba730>,65,1,[7 1],66,204,205,138,204
1,<environment.Job instance at 0x7f18153ba050>,66,23,[5 5],67,211,234,144,211
1,<environment.Job instance at 0x7f18153baf50>,1,3,[ 3 11],2,2,5,0,2
1,<environment.Job instance at 0x7f17d1861140>,3,3,[1 6],4,5,8,1,4
1,<environment.Job instance at 0x7f1815a50c80>,6,1,[ 3 10],7,8,9,1,7
1,<environment.Job instance at 0x7f1815dfa6e0>,15,3,[14  4],16,25,28,9,25
1,<environment.Job instance at 0x7f18151be960>,16,17,[ 1 13],17,28,45,11,25
1,<environment.Job instance at 0x7f17d19e7e60>,17,18,[ 3 12],18,45,63,27,34
1,<environment.Job instance at 0x7f1815f6b730>,21,2,[11  4],22,63,65,41,39
1,<environment.Job instance at 0x7f1815f6b1e0>,28,22,[ 1 13],29,65,87,36,59
1,<environment.Job instance at 0x7f1815f6b0a0>,29,3,[2 9],30,87,90,57,61
1,<environment.Job instance at 0x7f1815f6b550>,30,3,[9 2],31,65,68,34,61
1,<environment.Job instance at 0x7f1815f6b9b0>,31,3,[2 9],32,90,93,58,64
1,<environment.Job instance at 0x7f1815f6b5f0>,22,2,[6 3],23,87,89,64,64
1,<environment.Job instance at 0x7f1815989e10>,37,1,[9 1],38,77,78,39,77
1,<environment.Job instance at 0x7f1815f4d9b0>,38,2,[11  2],39,78,80,39,77
1,<environment.Job instance at 0x7f1815f4d910>,39,23,[4 9],40,93,116,53,87
1,<environment.Job instance at 0x7f1815f4d050>,40,2,[7 4],41,89,91,48,87
1,<environment.Job instance at 0x7f1815fa1140>,42,13,[14  2],43,116,129,73,100
1,<environment.Job instance at 0x7f1815fa15f0>,43,1,[5 5],44,100,101,56,100
1,<environment.Job instance at 0x7f1815f46690>,44,22,[5 8],45,129,151,84,122
1,<environment.Job instance at 0x7f17d1845320>,47,18,[9 4],48,129,147,81,122
1,<environment.Job instance at 0x7f1815abf910>,49,3,[4 5],50,147,150,97,126
1,<environment.Job instance at 0x7f1815f33690>,52,1,[10  2],53,150,151,97,127
1,<environment.Job instance at 0x7f1815f33fa0>,53,1,[2 9],54,151,152,97,127
1,<environment.Job instance at 0x7f181553f7d0>,54,1,[10  4],55,151,152,96,127
1,<environment.Job instance at 0x7f1815983230>,55,3,[5 7],56,152,155,96,128
1,<environment.Job instance at 0x7f1815983500>,56,1,[1 8],57,128,129,71,128
1,<environment.Job instance at 0x7f18151c9d70>,59,18,[1 9],60,155,173,95,144
1,<environment.Job instance at 0x7f18151c9050>,60,2,[ 4 14],61,173,175,112,146
1,<environment.Job instance at 0x7f18151c0320>,65,3,[10  2],66,153,156,87,153
1,<environment.Job instance at 0x7f181555a140>,67,2,[9 1],68,160,162,92,160
1,<environment.Job instance at 0x7f181555a050>,68,2,[ 2 10],69,175,177,106,160
1,<environment.Job instance at 0x7f181555a8c0>,69,18,[2 9],70,177,195,107,166
1,<environment.Job instance at 0x7f17d1c0a460>,71,14,[ 1 10],72,195,209,123,186
1,<environment.Job instance at 0x7f1815429730>,75,1,[5 6],76,186,187,110,186
1,<environment.Job instance at 0x7f17d1cfd370>,77,3,[9 4],78,189,192,111,189
1,<environment.Job instance at 0x7f1815429dc0>,73,18,[5 2],74,197,215,123,197
1,<environment.Job instance at 0x7f17d1c0a0a0>,72,1,[3 9],73,209,210,136,201
1,<environment.Job instance at 0x7f17d193ec80>,74,16,[7 5],75,210,226,135,210
1,<environment.Job instance at 0x7f1815f4dcd0>,0,1,[4 8],1,2,3,1,2
1,<environment.Job instance at 0x7f17d1cfdd20>,4,15,[10  2],5,6,21,1,6
1,<environment.Job instance at 0x7f1815f51a00>,6,12,[3 5],7,8,20,1,8
1,<environment.Job instance at 0x7f17d1b6f6e0>,7,3,[8 3],8,21,24,13,9
1,<environment.Job instance at 0x7f17d15d8c30>,8,1,[9 5],9,24,25,15,10
1,<environment.Job instance at 0x7f1815a50910>,9,1,[7 3],10,21,22,11,10
1,<environment.Job instance at 0x7f18157f5190>,11,1,[3 8],12,20,21,8,12
1,<environment.Job instance at 0x7f17d1d3aa50>,12,18,[9 2],13,25,43,12,15
1,<environment.Job instance at 0x7f17d1d3a050>,16,2,[ 5 12],17,22,24,5,17
1,<environment.Job instance at 0x7f17d1d3a730>,15,14,[6 3],16,24,38,8,17
1,<environment.Job instance at 0x7f17d15abb40>,18,3,[9 2],19,43,46,24,21
1,<environment.Job instance at 0x7f1815220730>,21,14,[1 5],22,38,52,16,24
1,<environment.Job instance at 0x7f17d15aba00>,23,3,[2 6],24,38,41,14,24
1,<environment.Job instance at 0x7f17d19e7690>,22,17,[5 1],23,41,58,18,31
1,<environment.Job instance at 0x7f17d1d3aa00>,17,23,[6 1],18,46,69,28,40
1,<environment.Job instance at 0x7f1815d2ecd0>,3,17,[14  2],4,69,86,65,57
1,<environment.Job instance at 0x7f17d1a448c0>,30,25,[9 4],31,86,111,55,82
1,<environment.Job instance at 0x7f17d1a446e0>,37,27,[2 9],38,86,113,48,84
1,<environment.Job instance at 0x7f17d1a443c0>,38,26,[4 9],39,113,139,74,110
1,<environment.Job instance at 0x7f17d1a445a0>,29,14,[8 5],30,111,125,81,110
1,<environment.Job instance at 0x7f17d1cfd500>,5,20,[10  3],6,126,146,120,126
1,<environment.Job instance at 0x7f181c9b0dc0>,40,18,[5 4],41,139,157,98,138
1,<environment.Job instance at 0x7f181606a9b0>,50,12,[2 6],51,146,158,95,138
1,<environment.Job instance at 0x7f181606a780>,49,3,[6 1],50,146,149,96,139
1,<environment.Job instance at 0x7f181606af50>,53,3,[7 2],54,149,152,95,139
1,<environment.Job instance at 0x7f181606ac80>,52,22,[5 4],53,152,174,99,147
1,<environment.Job instance at 0x7f17d1b9da50>,57,3,[3 7],58,158,161,100,147
1,<environment.Job instance at 0x7f17d1b9d2d0>,58,17,[7 5],59,161,178,102,160
1,<environment.Job instance at 0x7f181606a050>,46,16,[ 5 12],47,178,194,131,172
1,<environment.Job instance at 0x7f181594a960>,64,2,[9 5],65,194,196,129,172
1,<environment.Job instance at 0x7f181594a190>,66,17,[ 2 14],67,196,213,129,184
1,<environment.Job instance at 0x7f1815439a50>,3,23,[1 7],4,4,27,0,4
1,<environment.Job instance at 0x7f18154392d0>,4,22,[1 8],5,5,27,0,5
1,<environment.Job instance at 0x7f1815439550>,8,13,[14  3],9,27,40,18,13
1,<environment.Job instance at 0x7f17d1407c30>,22,22,[5 3],23,40,62,17,33
1,<environment.Job instance at 0x7f17d14074b0>,15,15,[8 3],16,40,55,24,38
1,<environment.Job instance at 0x7f17d1407eb0>,27,24,[2 8],28,43,67,15,43
1,<environment.Job instance at 0x7f17d1407780>,29,13,[14  2],30,67,80,37,51
1,<environment.Job instance at 0x7f1815425230>,33,26,[1 8],34,67,93,33,64
1,<environment.Job instance at 0x7f1815425370>,37,3,[7 5],38,80,83,42,71
1,<environment.Job instance at 0x7f1815425820>,39,15,[ 1 14],40,93,108,53,79
1,<environment.Job instance at 0x7f1815425b90>,40,1,[3 5],41,83,84,42,80
1,<environment.Job instance at 0x7f18154257d0>,41,23,[9 4],42,108,131,66,102
1,<environment.Job instance at 0x7f18154250f0>,45,2,[1 9],46,108,110,62,102
1,<environment.Job instance at 0x7f18154255f0>,49,1,[6 4],50,110,111,60,104
1,<environment.Job instance at 0x7f1815422190>,54,3,[3 9],55,115,118,60,115
1,<environment.Job instance at 0x7f1815422b40>,55,2,[10  1],56,131,133,75,115
1,<environment.Job instance at 0x7f18154220a0>,56,3,[ 1 10],57,118,121,61,115
1,<environment.Job instance at 0x7f1815422820>,58,3,[5 9],59,127,130,68,127
1,<environment.Job instance at 0x7f1815422690>,59,1,[10  2],60,133,134,73,127
1,<environment.Job instance at 0x7f1815422b90>,61,2,[4 9],62,133,135,71,133
1,<environment.Job instance at 0x7f1815422cd0>,62,16,[1 9],63,137,153,74,137
1,<environment.Job instance at 0x7f17d18d8fa0>,12,26,[1 5],13,143,169,130,143
1,<environment.Job instance at 0x7f1815425460>,31,16,[4 9],32,153,169,121,149
1,<environment.Job instance at 0x7f1815422960>,65,3,[3 8],66,169,172,103,150
1,<environment.Job instance at 0x7f18154227d0>,71,2,[5 4],72,169,171,97,153
1,<environment.Job instance at 0x7f17d1d92a50>,73,3,[ 2 10],74,172,175,98,162
1,<environment.Job instance at 0x7f17d1d92910>,75,15,[1 6],76,175,190,99,166
1,<environment.Job instance at 0x7f17d1d929b0>,76,2,[ 2 10],77,190,192,113,166
1,<environment.Job instance at 0x7f17d1d92b40>,77,16,[11  5],78,180,196,102,180
1,<environment.Job instance at 0x7f18154396e0>,1,3,[13  1],2,2,5,0,2
1,<environment.Job instance at 0x7f17d1c90190>,7,1,[ 5 10],8,8,9,0,8
1,<environment.Job instance at 0x7f1815aade60>,15,1,[ 3 12],16,20,21,4,20
1,<environment.Job instance at 0x7f1815a1cb40>,16,3,[10  3],17,20,23,3,20
1,<environment.Job instance at 0x7f17d1732550>,18,3,[ 5 12],19,21,24,2,21
1,<environment.Job instance at 0x7f1815733410>,20,2,[5 4],21,37,39,16,37
1,<environment.Job instance at 0x7f1815733140>,25,22,[5 2],26,53,75,27,53
1,<environment.Job instance at 0x7f18157330a0>,26,1,[11  1],27,75,76,48,53
1,<environment.Job instance at 0x7f1815733280>,27,2,[2 6],28,53,55,25,53
1,<environment.Job instance at 0x7f18153540a0>,29,3,[7 2],30,62,65,32,62
1,<environment.Job instance at 0x7f1815354aa0>,30,13,[11  3],31,76,89,45,62
1,<environment.Job instance at 0x7f17d1c00050>,31,28,[7 5],32,89,117,57,88
1,<environment.Job instance at 0x7f1815a1c640>,14,16,[8 5],15,90,106,75,90
1,<environment.Job instance at 0x7f17d1c907d0>,9,2,[1 9],10,106,108,96,90
1,<environment.Job instance at 0x7f181575a1e0>,34,26,[7 1],35,106,132,71,103
1,<environment.Job instance at 0x7f181575ad20>,39,2,[7 4],40,117,119,77,105
1,<environment.Job instance at 0x7f1815a1c280>,10,15,[6 2],11,119,134,108,106
1,<environment.Job instance at 0x7f181575adc0>,36,3,[10  1],37,134,137,97,108
1,<environment.Job instance at 0x7f1815762870>,45,16,[2 7],46,119,135,73,108
1,<environment.Job instance at 0x7f181572ed70>,50,24,[10  5],51,137,161,86,132
1,<environment.Job instance at 0x7f17d1775b40>,51,3,[ 4 12],52,161,164,109,143
1,<environment.Job instance at 0x7f1815a03b90>,55,18,[ 2 11],56,164,182,108,153
1,<environment.Job instance at 0x7f1815bbc2d0>,57,18,[6 4],58,164,182,106,162
1,<environment.Job instance at 0x7f1815334820>,56,13,[11  3],57,182,195,125,167
1,<environment.Job instance at 0x7f1815a26320>,60,1,[2 7],61,182,183,121,169
1,<environment.Job instance at 0x7f1815a26730>,61,2,[ 1 10],62,183,185,121,169
1,<environment.Job instance at 0x7f1815a17d70>,64,2,[10  3],65,195,197,130,169
1,<environment.Job instance at 0x7f1815a17aa0>,65,1,[5 2],66,195,196,129,169
1,<environment.Job instance at 0x7f1815a09d20>,67,2,[5 5],68,196,198,128,183
1,<environment.Job instance at 0x7f1815a09870>,68,27,[1 7],69,197,224,128,195
1,<environment.Job instance at 0x7f1815a09be0>,69,16,[12  5],70,198,214,128,195
1,<environment.Job instance at 0x7f1815a092d0>,74,1,[2 5],75,214,215,139,195
1,<environment.Job instance at 0x7f17d191a780>,76,1,[14  4],77,215,216,138,199
1,<environment.Job instance at 0x7f17d191aeb0>,77,17,[13  5],78,216,233,138,204
1,<environment.Job instance at 0x7f1815741f00>,2,2,[3 7],3,8,10,5,8
1,<environment.Job instance at 0x7f1815425320>,9,2,[ 3 10],10,12,14,2,12
1,<environment.Job instance at 0x7f1815ed67d0>,12,12,[10  2],13,17,29,4,17
1,<environment.Job instance at 0x7f1815422820>,6,16,[3 8],7,22,38,15,22
1,<environment.Job instance at 0x7f18157dda50>,18,3,[6 2],19,42,45,23,42
1,<environment.Job instance at 0x7f1815e3d7d0>,19,1,[6 1],20,42,43,22,42
1,<environment.Job instance at 0x7f1815bbefa0>,22,16,[6 2],23,52,68,29,52
1,<environment.Job instance at 0x7f1815ed6a00>,23,3,[ 2 10],24,52,55,28,52
1,<environment.Job instance at 0x7f17d1850820>,26,3,[1 8],27,55,58,28,55
1,<environment.Job instance at 0x7f1815bbec30>,27,1,[3 5],28,55,56,27,55
1,<environment.Job instance at 0x7f1815bbeb40>,28,25,[5 5],29,56,81,27,55
1,<environment.Job instance at 0x7f1815425c80>,10,13,[7 3],11,68,81,57,55
1,<environment.Job instance at 0x7f181c745280>,32,13,[3 7],33,58,71,25,58
1,<environment.Job instance at 0x7f1815c1cb90>,33,12,[1 8],34,81,93,47,65
1,<environment.Job instance at 0x7f1815f6b190>,34,14,[7 4],35,81,95,46,66
1,<environment.Job instance at 0x7f18155ba0a0>,30,18,[14  5],31,95,113,64,84
1,<environment.Job instance at 0x7f17d180fcd0>,40,22,[4 6],41,113,135,72,106
1,<environment.Job instance at 0x7f1815bd6960>,44,18,[10  2],45,113,131,68,111
1,<environment.Job instance at 0x7f1815bd6c30>,46,1,[6 4],47,131,132,84,124
1,<environment.Job instance at 0x7f17d1856820>,47,2,[9 5],48,132,134,84,124
1,<environment.Job instance at 0x7f17d1856280>,48,12,[10  5],49,134,146,85,124
1,<environment.Job instance at 0x7f181584f9b0>,49,2,[2 5],50,135,137,85,124
1,<environment.Job instance at 0x7f17d1856a00>,50,3,[7 5],51,146,149,95,124
1,<environment.Job instance at 0x7f17d18566e0>,51,2,[5 4],52,137,139,85,124
1,<environment.Job instance at 0x7f18153727d0>,52,17,[ 3 14],53,149,166,96,137
1,<environment.Job instance at 0x7f1815864a00>,56,3,[1 8],57,140,143,83,140
1,<environment.Job instance at 0x7f18158642d0>,57,3,[6 1],58,146,149,88,140
1,<environment.Job instance at 0x7f1815864230>,58,18,[13  3],59,166,184,107,155
1,<environment.Job instance at 0x7f18158649b0>,59,1,[ 4 14],60,184,185,124,156
1,<environment.Job instance at 0x7f17d1486c30>,62,16,[14  1],63,185,201,122,172
1,<environment.Job instance at 0x7f17d14868c0>,65,1,[ 5 13],66,201,202,135,173
1,<environment.Job instance at 0x7f17d18dc050>,71,22,[2 9],72,202,224,130,195
1,<environment.Job instance at 0x7f17d18dc500>,72,2,[5 5],73,202,204,129,195
1,<environment.Job instance at 0x7f17d18dc320>,73,3,[ 5 11],74,224,227,150,198
1,<environment.Job instance at 0x7f181c741d70>,77,2,[9 2],78,204,206,126,201
1,<environment.Job instance at 0x7f181c7417d0>,78,1,[5 5],79,206,207,127,201
1,<environment.Job instance at 0x7f1815f34780>,1,3,[ 3 11],2,2,5,0,2
1,<environment.Job instance at 0x7f1815f34140>,4,1,[2 5],5,5,6,0,5
1,<environment.Job instance at 0x7f1815f34230>,5,3,[10  1],6,6,9,0,6
1,<environment.Job instance at 0x7f17d1ce7cd0>,6,3,[2 5],7,7,10,0,7
1,<environment.Job instance at 0x7f17d1ce74b0>,8,18,[ 4 12],9,14,32,5,14
1,<environment.Job instance at 0x7f18156ff9b0>,14,26,[10  2],15,15,41,0,15
1,<environment.Job instance at 0x7f18156ff280>,19,2,[4 5],20,32,34,12,20
1,<environment.Job instance at 0x7f18156ff410>,20,1,[7 1],21,41,42,20,21
1,<environment.Job instance at 0x7f18158545f0>,21,2,[2 6],22,34,36,12,22
1,<environment.Job instance at 0x7f1815854820>,22,20,[5 2],23,36,56,13,27
1,<environment.Job instance at 0x7f1815854e10>,26,1,[5 5],27,42,43,15,29
1,<environment.Job instance at 0x7f17d1ce77d0>,10,12,[10  4],11,43,55,32,43
1,<environment.Job instance at 0x7f18155d3cd0>,30,2,[10  1],31,55,57,24,43
1,<environment.Job instance at 0x7f1815f340f0>,9,2,[1 8],10,56,58,46,43
1,<environment.Job instance at 0x7f18157f7af0>,32,3,[10  3],33,57,60,24,43
1,<environment.Job instance at 0x7f1815854fa0>,27,15,[13  3],28,60,75,32,46
1,<environment.Job instance at 0x7f17d1bafd70>,41,2,[ 2 13],42,75,77,33,52
1,<environment.Job instance at 0x7f17d1baff50>,42,1,[5 5],43,58,59,15,54
1,<environment.Job instance at 0x7f17d1baf140>,43,21,[5 7],44,77,98,33,69
1,<environment.Job instance at 0x7f1816151e60>,46,2,[8 3],47,77,79,30,69
1,<environment.Job instance at 0x7f1816151500>,48,2,[12  1],49,75,77,26,72
1,<environment.Job instance at 0x7f1816151730>,49,27,[ 5 11],50,98,125,48,96
1,<environment.Job instance at 0x7f18161514b0>,44,14,[10  4],45,96,110,51,96
1,<environment.Job instance at 0x7f1816151fa0>,53,25,[9 3],54,110,135,56,106
1,<environment.Job instance at 0x7f18157f7730>,34,3,[2 8],35,125,128,90,108
1,<environment.Job instance at 0x7f17d1da1050>,59,2,[5 9],60,128,130,68,114
1,<environment.Job instance at 0x7f17d1da1e60>,60,26,[9 4],61,135,161,74,132
1,<environment.Job instance at 0x7f1816151d20>,52,19,[4 7],53,139,158,86,139
1,<environment.Job instance at 0x7f17d1dab1e0>,65,14,[13  2],66,161,175,95,146
1,<environment.Job instance at 0x7f17d1da1aa0>,58,17,[ 2 12],59,161,178,102,153
1,<environment.Job instance at 0x7f17d1dabeb0>,68,24,[8 3],69,175,199,106,170
1,<environment.Job instance at 0x7f181521c2d0>,78,2,[6 4],79,179,181,100,179
1,<environment.Job instance at 0x7f18156546e0>,0,22,[1 9],1,1,23,0,1
1,<environment.Job instance at 0x7f1815b8aeb0>,6,2,[1 8],7,23,25,16,7
1,<environment.Job instance at 0x7f1815b8ae10>,8,2,[ 4 12],9,25,27,16,9
1,<environment.Job instance at 0x7f1815b8a960>,10,3,[ 4 10],11,27,30,16,11
1,<environment.Job instance at 0x7f17d1b6f230>,13,26,[2 9],14,30,56,16,27
1,<environment.Job instance at 0x7f17d1587f00>,25,3,[5 5],26,57,60,31,57
1,<environment.Job instance at 0x7f17d1a6ef00>,26,1,[5 3],27,57,58,30,57
1,<environment.Job instance at 0x7f17d1587be0>,28,3,[10  4],29,58,61,29,57
1,<environment.Job instance at 0x7f17d18bb960>,30,1,[1 7],31,60,61,29,58
1,<environment.Job instance at 0x7f17d18bbfa0>,31,12,[5 1],32,61,73,29,58
1,<environment.Job instance at 0x7f17d18bbf50>,32,2,[1 9],33,61,63,28,58
1,<environment.Job instance at 0x7f17d18bb8c0>,33,2,[6 3],34,61,63,27,58
1,<environment.Job instance at 0x7f17d18bbc30>,34,16,[5 3],35,63,79,28,60
1,<environment.Job instance at 0x7f1815813a50>,36,1,[6 3],37,73,74,36,60
1,<environment.Job instance at 0x7f1815813cd0>,37,1,[5 4],38,63,64,25,60
1,<environment.Job instance at 0x7f1815398eb0>,39,1,[3 5],40,76,77,36,76
1,<environment.Job instance at 0x7f1815398640>,40,1,[4 9],41,77,78,36,76
1,<environment.Job instance at 0x7f181539b960>,43,13,[4 7],44,89,102,45,89
1,<environment.Job instance at 0x7f181539be10>,44,2,[7 3],45,89,91,44,89
1,<environment.Job instance at 0x7f181539b910>,47,16,[3 5],48,100,116,52,100
1,<environment.Job instance at 0x7f181539bc30>,48,2,[1 6],49,102,104,53,100
1,<environment.Job instance at 0x7f181539b320>,49,23,[5 5],50,104,127,54,100
1,<environment.Job instance at 0x7f18153a7870>,53,13,[10  3],54,121,134,67,121
1,<environment.Job instance at 0x7f17d18c9f00>,55,24,[7 5],56,134,158,78,129
1,<environment.Job instance at 0x7f17d18c92d0>,57,3,[ 2 13],58,158,161,100,132
1,<environment.Job instance at 0x7f17d18dd6e0>,58,2,[5 5],59,132,134,73,132
1,<environment.Job instance at 0x7f17d18dda50>,59,3,[5 2],60,134,137,74,132
1,<environment.Job instance at 0x7f17d18dd320>,61,2,[4 8],62,137,139,75,135
1,<environment.Job instance at 0x7f17d18bdb90>,64,3,[9 3],65,161,164,96,145
1,<environment.Job instance at 0x7f181539ee60>,65,2,[7 1],66,145,147,79,145
1,<environment.Job instance at 0x7f181524ba50>,66,13,[ 1 10],67,161,174,94,149
1,<environment.Job instance at 0x7f17d18bd3c0>,68,3,[10  1],69,158,161,89,152
1,<environment.Job instance at 0x7f18153b62d0>,70,1,[13  2],71,164,165,93,160
1,<environment.Job instance at 0x7f181523e4b0>,73,1,[ 2 13],74,176,177,102,176
1,<environment.Job instance at 0x7f181523e870>,74,2,[ 4 10],75,177,179,102,176
1,<environment.Job instance at 0x7f1815e310f0>,75,19,[8 1],76,176,195,100,176
1,<environment.Job instance at 0x7f181523e9b0>,76,1,[ 4 11],77,179,180,102,176
1,<environment.Job instance at 0x7f17d18bd280>,63,3,[5 6],64,189,192,125,189
1,<environment.Job instance at 0x7f17d18e1500>,16,13,[12  4],17,195,208,178,190
1,<environment.Job instance at 0x7f1815647910>,21,17,[13  5],22,208,225,186,197
1,<environment.Job instance at 0x7eff9e6e1140>,1,22,[11  3],2,2,24,0,2
1,<environment.Job instance at 0x7eff9e6e1320>,2,22,[4 8],3,7,29,4,7
1,<environment.Job instance at 0x7eff9e76be10>,3,3,[4 8],4,29,32,25,11
1,<environment.Job instance at 0x7eff972d1aa0>,12,26,[ 1 10],13,32,58,19,29
1,<environment.Job instance at 0x7eff972d1e60>,17,3,[4 9],18,58,61,40,42
1,<environment.Job instance at 0x7eff972d1f00>,18,3,[4 7],19,61,64,42,42
1,<environment.Job instance at 0x7eff972d1910>,20,1,[7 5],21,42,43,21,42
1,<environment.Job instance at 0x7eff972d1a50>,21,1,[6 5],22,43,44,21,42
1,<environment.Job instance at 0x7eff972d1b90>,22,1,[2 7],23,61,62,38,42
1,<environment.Job instance at 0x7eff972d2280>,23,27,[1 6],24,62,89,38,60
1,<environment.Job instance at 0x7eff972d25a0>,28,23,[10  4],29,72,95,43,72
1,<environment.Job instance at 0x7eff972d2aa0>,34,24,[1 8],35,89,113,54,84
1,<environment.Job instance at 0x7eff972d2d20>,38,2,[ 1 10],39,113,115,74,92
1,<environment.Job instance at 0x7eff972d2f00>,41,1,[5 2],42,105,106,63,105
1,<environment.Job instance at 0x7eff972d74b0>,42,2,[4 6],43,106,108,63,105
1,<environment.Job instance at 0x7eff972d75f0>,45,13,[6 5],46,117,130,71,117
1,<environment.Job instance at 0x7eff972d7550>,44,3,[5 5],45,119,122,74,119
1,<environment.Job instance at 0x7eff972d7690>,46,17,[12  2],47,130,147,83,119
1,<environment.Job instance at 0x7eff972d7870>,49,16,[2 5],50,120,136,70,120
1,<environment.Job instance at 0x7eff972d79b0>,51,3,[1 5],52,126,129,74,126
1,<environment.Job instance at 0x7eff972d7b90>,54,13,[13  1],55,147,160,92,137
1,<environment.Job instance at 0x7eff972d7910>,50,16,[12  2],51,160,176,109,147
1,<environment.Job instance at 0x7eff972d7e10>,58,14,[2 7],59,147,161,88,147
1,<environment.Job instance at 0x7eff972d7eb0>,59,17,[1 6],60,160,177,100,148
1,<environment.Job instance at 0x7eff972d7f00>,60,3,[12  3],61,176,179,115,152
1,<environment.Job instance at 0x7eff972d90f0>,63,3,[5 9],64,179,182,115,163
1,<environment.Job instance at 0x7eff972d9640>,67,27,[ 1 10],68,182,209,114,180
1,<environment.Job instance at 0x7eff972d9190>,62,22,[6 4],63,190,212,127,190
1,<environment.Job instance at 0x7eff972d9960>,75,14,[ 4 11],76,209,223,133,195
1,<environment.Job instance at 0x7eff972d9eb0>,76,19,[4 8],77,223,242,146,213
1,<environment.Job instance at 0x7eff9e70aaa0>,2,20,[1 5],3,3,23,0,3
1,<environment.Job instance at 0x7eff9e848fa0>,6,2,[1 8],7,7,9,0,7
1,<environment.Job instance at 0x7eff9e848d70>,7,2,[ 5 11],8,23,25,15,8
1,<environment.Job instance at 0x7eff9e856550>,8,2,[5 2],9,9,11,0,9
1,<environment.Job instance at 0x7eff9e856f50>,9,18,[12  5],10,25,43,15,14
1,<environment.Job instance at 0x7eff9e856c80>,12,16,[3 9],13,25,41,12,15
1,<environment.Job instance at 0x7eff9e856dc0>,16,15,[11  1],17,43,58,26,29
1,<environment.Job instance at 0x7eff9e856410>,18,3,[10  4],19,58,61,39,32
1,<environment.Job instance at 0x7eff9e70dd20>,19,1,[10  4],20,61,62,41,33
1,<environment.Job instance at 0x7eff9e70d460>,21,26,[ 5 10],22,58,84,36,55
1,<environment.Job instance at 0x7eff9e849e10>,26,3,[ 1 12],27,84,87,57,60
1,<environment.Job instance at 0x7eff9e849c30>,27,1,[1 5],28,62,63,34,60
1,<environment.Job instance at 0x7eff9e8497d0>,29,20,[2 6],30,87,107,57,78
1,<environment.Job instance at 0x7eff9e84e050>,32,3,[ 4 12],33,107,110,74,81
1,<environment.Job instance at 0x7eff9e849690>,33,12,[ 4 11],34,110,122,76,93
1,<environment.Job instance at 0x7eff9e84e370>,37,22,[4 5],38,122,144,84,115
1,<environment.Job instance at 0x7eff9e84e320>,39,2,[1 8],40,122,124,82,115
1,<environment.Job instance at 0x7eff9e855820>,41,1,[3 9],42,124,125,82,115
1,<environment.Job instance at 0x7eff9e855dc0>,44,3,[5 6],45,125,128,80,116
1,<environment.Job instance at 0x7eff9e855be0>,45,14,[ 2 10],46,128,142,82,116
1,<environment.Job instance at 0x7eff9e855280>,46,1,[9 3],47,116,117,69,116
1,<environment.Job instance at 0x7eff9e855c30>,47,20,[9 2],48,142,162,94,133
1,<environment.Job instance at 0x7eff9e84eaa0>,36,3,[ 5 10],37,144,147,107,133
1,<environment.Job instance at 0x7eff9e858640>,5,15,[5 7],6,147,162,141,134
1,<environment.Job instance at 0x7eff9e8553c0>,48,16,[11  2],49,162,178,113,155
1,<environment.Job instance at 0x7eff9e8523c0>,52,3,[4 7],53,162,165,109,155
1,<environment.Job instance at 0x7eff9e852f50>,54,2,[2 7],55,165,167,110,155
1,<environment.Job instance at 0x7eff9e852280>,55,3,[ 4 13],56,167,170,111,155
1,<environment.Job instance at 0x7eff9e852e60>,56,17,[1 7],57,170,187,113,165
1,<environment.Job instance at 0x7eff9e8522d0>,57,1,[ 1 14],58,187,188,129,165
1,<environment.Job instance at 0x7eff9e852820>,58,1,[4 6],59,178,179,119,165
1,<environment.Job instance at 0x7eff9e85c870>,60,2,[3 8],61,179,181,118,167
1,<environment.Job instance at 0x7eff9e85c460>,63,3,[1 9],64,188,191,124,181
1,<environment.Job instance at 0x7eff9e85c7d0>,65,1,[9 1],66,195,196,129,195
1,<environment.Job instance at 0x7eff9e85c1e0>,66,1,[6 3],67,195,196,128,195
1,<environment.Job instance at 0x7eff9e85cdc0>,67,3,[4 5],68,196,199,128,195
1,<environment.Job instance at 0x7eff9e85c910>,69,2,[4 9],70,196,198,126,196
1,<environment.Job instance at 0x7eff9e85c820>,70,3,[13  3],71,199,202,128,196
1,<environment.Job instance at 0x7eff971dbc80>,72,3,[3 7],73,202,205,129,198
1,<environment.Job instance at 0x7eff9726eaa0>,73,15,[5 2],74,202,217,128,198
1,<environment.Job instance at 0x7eff9e85ca00>,74,3,[6 4],75,202,205,127,198
1,<environment.Job instance at 0x7eff9e85c2d0>,75,13,[ 1 14],76,217,230,141,201
1,<environment.Job instance at 0x7eff9e769410>,76,2,[8 1],77,205,207,128,201
1,<environment.Job instance at 0x7eff9e769230>,77,2,[10  2],78,207,209,129,201
1,<environment.Job instance at 0x7eff9e7697d0>,78,19,[6 4],79,230,249,151,220
1,<environment.Job instance at 0x7eff9e85b550>,80,2,[9 5],81,230,232,149,220
1,<environment.Job instance at 0x7eff9e85b460>,81,2,[5 5],82,232,234,150,220
1,<environment.Job instance at 0x7eff9e85b960>,82,1,[6 4],83,234,235,151,220
1,<environment.Job instance at 0x7eff9e848a50>,3,2,[7 3],4,4,6,0,4
1,<environment.Job instance at 0x7eff9e85b640>,4,3,[4 6],5,5,8,0,5
1,<environment.Job instance at 0x7eff536cf370>,5,2,[5 2],6,6,8,0,6
1,<environment.Job instance at 0x7eff536cf5f0>,6,1,[5 9],7,8,9,1,7
1,<environment.Job instance at 0x7eff536cfd70>,7,1,[2 9],8,9,10,1,8
1,<environment.Job instance at 0x7eff536cfa50>,8,21,[9 4],9,9,30,0,9
1,<environment.Job instance at 0x7eff536cf320>,12,3,[10  2],13,30,33,17,13
1,<environment.Job instance at 0x7eff536cf870>,13,2,[8 3],14,33,35,19,14
1,<environment.Job instance at 0x7eff536cf1e0>,18,12,[14  4],19,35,47,16,19
1,<environment.Job instance at 0x7eff53682140>,24,3,[9 2],25,48,51,23,48
1,<environment.Job instance at 0x7eff53682640>,25,14,[10  2],26,51,65,25,48
1,<environment.Job instance at 0x7eff53682fa0>,26,3,[2 8],27,48,51,21,48
1,<environment.Job instance at 0x7eff53682a00>,27,1,[2 8],28,51,52,23,48
1,<environment.Job instance at 0x7eff53682b40>,28,2,[13  1],29,65,67,36,48
1,<environment.Job instance at 0x7eff53682c80>,29,2,[10  4],30,67,69,37,48
1,<environment.Job instance at 0x7eff53682370>,30,3,[5 6],31,52,55,21,48
1,<environment.Job instance at 0x7eff536825f0>,31,3,[13  5],32,69,72,37,48
1,<environment.Job instance at 0x7eff53682a50>,32,2,[ 1 12],33,55,57,22,48
1,<environment.Job instance at 0x7eff536829b0>,33,2,[5 6],34,57,59,23,48
1,<environment.Job instance at 0x7eff53682be0>,35,2,[5 5],36,59,61,23,50
1,<environment.Job instance at 0x7eff536821e0>,37,3,[1 5],38,61,64,23,60
1,<environment.Job instance at 0x7eff53682230>,38,1,[10  5],39,72,73,33,60
1,<environment.Job instance at 0x7eff536822d0>,39,1,[ 2 10],40,64,65,24,60
1,<environment.Job instance at 0x7eff536820a0>,41,18,[2 8],42,65,83,23,65
1,<environment.Job instance at 0x7eff536ca4b0>,42,1,[ 4 13],43,83,84,40,65
1,<environment.Job instance at 0x7eff536ca500>,43,14,[11  3],44,84,98,40,69
1,<environment.Job instance at 0x7eff536cac80>,45,1,[3 8],46,84,85,38,69
1,<environment.Job instance at 0x7eff536cf550>,15,1,[6 2],16,73,74,57,69
1,<environment.Job instance at 0x7eff536cad70>,46,14,[10  1],47,98,112,51,88
1,<environment.Job instance at 0x7eff536caaa0>,51,1,[8 3],52,112,113,60,88
1,<environment.Job instance at 0x7eff536cab90>,52,20,[1 7],53,88,108,35,88
1,<environment.Job instance at 0x7eff536ca140>,53,1,[ 4 10],54,108,109,54,88
1,<environment.Job instance at 0x7eff536ca460>,54,3,[4 7],55,98,101,43,90
1,<environment.Job instance at 0x7eff536cae10>,55,1,[10  1],56,113,114,57,90
1,<environment.Job instance at 0x7eff536caf00>,56,19,[2 7],57,109,128,52,99
1,<environment.Job instance at 0x7eff536ca6e0>,59,2,[5 8],60,114,116,54,102
1,<environment.Job instance at 0x7eff5368ccd0>,61,2,[9 5],62,116,118,54,102
1,<environment.Job instance at 0x7eff5368c280>,65,3,[12  3],66,118,121,52,118
1,<environment.Job instance at 0x7eff5368c1e0>,67,2,[4 5],68,121,123,53,119
1,<environment.Job instance at 0x7eff5368cbe0>,63,24,[7 4],64,128,152,64,128
1,<environment.Job instance at 0x7eff5368c2d0>,71,27,[4 7],72,136,163,64,136
1,<environment.Job instance at 0x7eff5368caf0>,72,26,[8 4],73,152,178,79,149
1,<environment.Job instance at 0x7eff536b1f00>,77,17,[5 2],78,163,180,85,159
1,<environment.Job instance at 0x7eff536ca050>,47,16,[9 2],48,178,194,130,166
1,<environment.Job instance at 0x7eff536b16e0>,79,1,[5 4],80,180,181,100,168
1,<environment.Job instance at 0x7eff536b15a0>,81,1,[ 2 10],82,181,182,99,173
1,<environment.Job instance at 0x7eff536b1690>,82,1,[3 9],83,182,183,99,173
1,<environment.Job instance at 0x7eff5368c5f0>,60,24,[ 1 10],61,183,207,122,179
1,<environment.Job instance at 0x7eff53706a00>,2,1,[5 5],3,3,4,0,3
1,<environment.Job instance at 0x7eff536acc80>,3,23,[10  1],4,4,27,0,4
1,<environment.Job instance at 0x7eff53a92690>,6,28,[6 5],7,27,55,20,26
1,<environment.Job instance at 0x7eff53a92a00>,16,1,[2 7],17,28,29,11,28
1,<environment.Job instance at 0x7eff53a92910>,15,18,[11  3],16,55,73,39,44
1,<environment.Job instance at 0x7eff53586460>,26,1,[7 3],27,73,74,46,58
1,<environment.Job instance at 0x7eff53586eb0>,28,1,[2 7],29,60,61,31,60
1,<environment.Job instance at 0x7eff53a60050>,31,3,[4 5],32,74,77,42,74
1,<environment.Job instance at 0x7eff53a60370>,32,25,[6 3],33,74,99,41,74
1,<environment.Job instance at 0x7eff53a60320>,33,2,[5 1],34,74,76,40,74
1,<environment.Job instance at 0x7eff535708c0>,7,18,[5 9],8,77,95,69,75
1,<environment.Job instance at 0x7eff53a60820>,36,2,[5 5],37,95,97,58,91
1,<environment.Job instance at 0x7eff53a607d0>,37,13,[1 9],38,97,110,59,91
1,<environment.Job instance at 0x7eff53586820>,19,28,[5 3],20,105,133,85,105
1,<environment.Job instance at 0x7eff9e84d9b0>,44,15,[5 1],45,112,127,67,112
1,<environment.Job instance at 0x7eff9e84d320>,45,3,[5 2],46,112,115,66,112
1,<environment.Job instance at 0x7eff9e84d4b0>,46,3,[ 5 10],47,115,118,68,112
1,<environment.Job instance at 0x7eff9e84d0f0>,47,1,[8 5],48,127,128,79,112
1,<environment.Job instance at 0x7eff536fa320>,48,2,[2 6],49,118,120,69,112
1,<environment.Job instance at 0x7eff9e84d780>,41,14,[8 2],42,128,142,86,113
1,<environment.Job instance at 0x7eff9e84da50>,43,20,[2 6],44,120,140,76,113
1,<environment.Job instance at 0x7eff9e84dd70>,40,1,[ 1 10],41,140,141,99,122
1,<environment.Job instance at 0x7eff536fab90>,53,3,[2 5],54,133,136,79,125
1,<environment.Job instance at 0x7eff536fab40>,54,12,[5 9],55,141,153,86,129
1,<environment.Job instance at 0x7eff536fac30>,50,12,[9 2],51,142,154,91,129
1,<environment.Job instance at 0x7eff536faa00>,57,1,[9 3],58,154,155,96,131
1,<environment.Job instance at 0x7eff536fa9b0>,52,3,[ 3 11],53,153,156,100,134
1,<environment.Job instance at 0x7eff536facd0>,49,18,[13  1],50,156,174,106,145
1,<environment.Job instance at 0x7eff53a661e0>,60,24,[2 8],61,156,180,95,151
1,<environment.Job instance at 0x7eff53a66eb0>,63,24,[10  5],64,174,198,110,169
1,<environment.Job instance at 0x7eff53a66d70>,64,23,[10  2],65,198,221,133,192
1,<environment.Job instance at 0x7eff9e44ca50>,56,15,[2 7],57,193,208,136,193
1,<environment.Job instance at 0x7eff53a5a6e0>,67,1,[4 5],68,208,209,140,193
1,<environment.Job instance at 0x7eff53a5ab40>,68,1,[2 9],69,209,210,140,196
1,<environment.Job instance at 0x7eff53a5ab90>,65,15,[ 1 11],66,210,225,144,208
1,<environment.Job instance at 0x7eff53a5a500>,76,1,[2 6],77,225,226,148,215
1,<environment.Job instance at 0x7eff536a5dc0>,77,15,[ 3 12],78,226,241,148,215
1,<environment.Job instance at 0x7eff536a54b0>,78,2,[5 7],79,241,243,162,215
1,<environment.Job instance at 0x7eff9e766910>,0,27,[ 5 10],1,1,28,0,1
1,<environment.Job instance at 0x7eff53a735f0>,3,3,[4 8],4,28,31,24,4
1,<environment.Job instance at 0x7eff9e70b0a0>,6,25,[ 5 10],7,31,56,24,27
1,<environment.Job instance at 0x7eff536ac870>,14,1,[3 8],15,56,57,41,28
1,<environment.Job instance at 0x7eff53793370>,17,1,[5 5],18,28,29,10,28
1,<environment.Job instance at 0x7eff539c0690>,29,3,[5 5],30,49,52,19,49
1,<environment.Job instance at 0x7eff539c0dc0>,31,3,[9 4],32,55,58,23,55
1,<environment.Job instance at 0x7eff539c0f00>,32,1,[7 4],33,58,59,25,55
1,<environment.Job instance at 0x7eff539d7050>,33,2,[9 2],34,59,61,25,55
1,<environment.Job instance at 0x7eff539d72d0>,35,2,[ 4 11],36,66,68,30,66
1,<environment.Job instance at 0x7eff539d7370>,38,1,[2 6],39,81,82,42,81
1,<environment.Job instance at 0x7eff539d7230>,39,17,[8 1],40,82,99,42,82
1,<environment.Job instance at 0x7eff539d7550>,40,2,[10  2],41,99,101,58,82
1,<environment.Job instance at 0x7eff539d7910>,42,19,[8 2],43,101,120,58,91
1,<environment.Job instance at 0x7eff539d79b0>,43,2,[ 2 14],44,91,93,47,91
1,<environment.Job instance at 0x7eff539d7af0>,45,3,[2 5],46,93,96,47,91
1,<environment.Job instance at 0x7eff539d7b90>,46,2,[11  3],47,120,122,73,93
1,<environment.Job instance at 0x7eff539d7c30>,47,2,[12  2],48,122,124,74,95
1,<environment.Job instance at 0x7eff539d7f50>,51,3,[7 3],52,116,119,64,116
1,<environment.Job instance at 0x7eff539d7f00>,52,2,[12  5],53,124,126,71,116
1,<environment.Job instance at 0x7eff539d7690>,53,1,[1 7],54,119,120,65,116
1,<environment.Job instance at 0x7eff539d7c80>,54,1,[14  4],55,126,127,71,116
1,<environment.Job instance at 0x7eff539bd0a0>,55,13,[ 1 10],56,120,133,64,116
1,<environment.Job instance at 0x7eff539bd0f0>,56,3,[8 1],57,127,130,70,116
1,<environment.Job instance at 0x7eff539bd2d0>,57,2,[6 4],58,127,129,69,116
1,<environment.Job instance at 0x7eff539bd780>,64,2,[2 5],65,155,157,90,155
1,<environment.Job instance at 0x7eff539bd050>,66,1,[3 8],67,166,167,99,166
1,<environment.Job instance at 0x7eff539bd140>,67,3,[10  2],68,166,169,98,166
1,<environment.Job instance at 0x7eff539bda50>,68,1,[2 8],69,167,168,98,166
1,<environment.Job instance at 0x7eff539bda00>,69,1,[ 3 10],70,168,169,98,166
1,<environment.Job instance at 0x7eff539bdaf0>,72,1,[ 5 10],73,170,171,97,170
1,<environment.Job instance at 0x7eff539bdeb0>,73,1,[ 5 12],74,171,172,97,170
1,<environment.Job instance at 0x7eff539bdf50>,74,21,[7 2],75,170,191,95,170
1,<environment.Job instance at 0x7eff539bdfa0>,75,12,[ 1 10],76,172,184,96,172
1,<environment.Job instance at 0x7eff539bddc0>,76,3,[ 3 10],77,184,187,107,172
1,<environment.Job instance at 0x7eff534d9190>,77,2,[10  4],78,191,193,113,172
1,<environment.Job instance at 0x7eff534d96e0>,82,14,[ 1 11],83,195,209,112,195
1,<environment.Job instance at 0x7eff534d93c0>,84,3,[14  4],85,195,198,110,195
1,<environment.Job instance at 0x7eff534d9640>,85,2,[5 5],86,209,211,123,195
1,<environment.Job instance at 0x7eff534d98c0>,86,2,[13  4],87,198,200,111,195
1,<environment.Job instance at 0x7eff534d9960>,87,3,[3 5],88,209,212,121,195
1,<environment.Job instance at 0x7eff9719ffa0>,3,3,[8 4],4,4,7,0,4
1,<environment.Job instance at 0x7eff99fbfc30>,5,14,[ 5 12],6,7,21,1,7
1,<environment.Job instance at 0x7eff99fbf910>,7,19,[14  4],8,21,40,13,11
1,<environment.Job instance at 0x7eff97128d20>,11,3,[9 2],12,12,15,0,12
1,<environment.Job instance at 0x7eff99f8af00>,13,2,[9 1],14,15,17,1,14
1,<environment.Job instance at 0x7eff99f8ab40>,16,25,[3 8],17,40,65,23,36
1,<environment.Job instance at 0x7eff971282d0>,10,12,[8 5],11,40,52,29,38
1,<environment.Job instance at 0x7eff99f8a370>,18,3,[ 5 14],19,65,68,46,39
1,<environment.Job instance at 0x7eff99f8aa50>,22,24,[ 3 10],23,68,92,45,63
1,<environment.Job instance at 0x7eff99f8ae10>,23,1,[3 5],24,63,64,39,63
1,<environment.Job instance at 0x7eff99f8a730>,25,2,[6 3],26,68,70,42,63
1,<environment.Job instance at 0x7eff97504fa0>,27,12,[ 2 12],28,92,104,64,75
1,<environment.Job instance at 0x7eff975047d0>,28,27,[1 7],29,104,131,75,102
1,<environment.Job instance at 0x7eff97504b90>,30,19,[6 3],31,102,121,71,102
1,<environment.Job instance at 0x7eff97504500>,32,2,[9 3],33,121,123,88,102
1,<environment.Job instance at 0x7eff97504230>,35,3,[1 5],36,104,107,68,102
1,<environment.Job instance at 0x7eff97504550>,36,3,[9 3],37,123,126,86,102
1,<environment.Job instance at 0x7eff97504140>,39,1,[10  3],40,126,127,86,115
1,<environment.Job instance at 0x7eff975044b0>,40,19,[1 5],41,115,134,74,115
1,<environment.Job instance at 0x7eff97504dc0>,41,18,[2 9],42,131,149,89,123
1,<environment.Job instance at 0x7eff9e6e0a50>,44,2,[7 5],45,134,136,89,130
1,<environment.Job instance at 0x7eff9e6e0f50>,45,2,[14  5],46,149,151,103,130
1,<environment.Job instance at 0x7eff9e6e0780>,46,3,[2 7],47,151,154,104,130
1,<environment.Job instance at 0x7eff9e6e0a00>,47,18,[5 1],48,131,149,83,131
1,<environment.Job instance at 0x7eff97487e60>,48,3,[5 8],49,151,154,102,131
1,<environment.Job instance at 0x7eff97487910>,50,1,[6 3],51,143,144,92,143
1,<environment.Job instance at 0x7eff97487c30>,52,15,[5 1],53,154,169,101,145
1,<environment.Job instance at 0x7eff97487fa0>,53,18,[5 9],54,154,172,100,151
1,<environment.Job instance at 0x7eff97487730>,55,21,[2 5],56,155,176,99,155
1,<environment.Job instance at 0x7eff974c81e0>,56,1,[7 2],57,172,173,115,155
1,<environment.Job instance at 0x7eff974c82d0>,57,2,[2 6],58,172,174,114,155
1,<environment.Job instance at 0x7eff974c85a0>,59,19,[9 1],60,173,192,113,163
1,<environment.Job instance at 0x7eff974c8c80>,60,12,[2 5],61,174,186,113,163
1,<environment.Job instance at 0x7eff970f0050>,62,1,[2 9],63,176,177,113,171
1,<environment.Job instance at 0x7eff970f0780>,63,27,[1 8],64,177,204,113,175
1,<environment.Job instance at 0x7eff970f0f50>,64,1,[5 8],65,204,205,139,176
1,<environment.Job instance at 0x7eff998c8320>,67,2,[2 8],68,205,207,137,183
1,<environment.Job instance at 0x7eff998c8960>,68,3,[5 9],69,207,210,138,183
1,<environment.Job instance at 0x7eff534dd140>,6,18,[4 6],7,193,211,186,193
1,<environment.Job instance at 0x7eff9758fa00>,72,3,[ 1 10],73,211,214,138,196
1,<environment.Job instance at 0x7eff9758f870>,73,3,[7 3],74,210,213,136,196
1,<environment.Job instance at 0x7eff9758ff50>,74,17,[3 9],75,214,231,139,202
1,<environment.Job instance at 0x7eff975b6190>,77,22,[1 7],78,231,253,153,224
1,<environment.Job instance at 0x7eff536cacd0>,0,2,[ 5 11],1,1,3,0,1
1,<environment.Job instance at 0x7eff53971d70>,4,1,[5 7],5,5,6,0,5
1,<environment.Job instance at 0x7eff99b80690>,6,2,[2 9],7,8,10,1,8
1,<environment.Job instance at 0x7eff9760eb90>,12,18,[5 1],13,27,45,14,27
1,<environment.Job instance at 0x7eff9760e320>,13,2,[5 6],14,27,29,13,27
1,<environment.Job instance at 0x7eff9760e9b0>,14,2,[2 5],15,27,29,12,27
1,<environment.Job instance at 0x7eff97308a50>,9,27,[ 5 10],10,38,65,28,38
1,<environment.Job instance at 0x7eff973bbf50>,18,20,[6 2],19,45,65,26,39
1,<environment.Job instance at 0x7eff9989c5f0>,26,13,[11  1],27,65,78,38,51
1,<environment.Job instance at 0x7eff5352ce10>,28,12,[ 5 12],29,78,90,49,65
1,<environment.Job instance at 0x7eff53a60d20>,29,14,[10  1],30,78,92,48,68
1,<environment.Job instance at 0x7eff9726e6e0>,33,2,[10  5],34,92,94,58,85
1,<environment.Job instance at 0x7eff97215fa0>,7,3,[7 1],8,94,97,86,87
1,<environment.Job instance at 0x7eff999994b0>,38,21,[5 8],39,91,112,52,91
1,<environment.Job instance at 0x7eff97434640>,25,17,[7 1],26,97,114,71,91
1,<environment.Job instance at 0x7eff99999050>,43,27,[9 3],44,114,141,70,113
1,<environment.Job instance at 0x7eff9992c0a0>,46,28,[1 7],47,115,143,68,115
1,<environment.Job instance at 0x7eff9992cbe0>,49,2,[ 4 11],50,143,145,93,126
1,<environment.Job instance at 0x7eff97226190>,54,3,[11  1],55,141,144,86,126
1,<environment.Job instance at 0x7eff97226370>,56,28,[9 2],57,144,172,87,143
1,<environment.Job instance at 0x7eff538a1690>,58,1,[6 3],59,145,146,86,143
1,<environment.Job instance at 0x7eff975f7870>,60,3,[9 5],61,172,175,111,146
1,<environment.Job instance at 0x7eff99fabb40>,63,1,[6 2],64,148,149,84,148
1,<environment.Job instance at 0x7eff99fab690>,64,2,[4 6],65,149,151,84,148
1,<environment.Job instance at 0x7eff971289b0>,65,3,[8 5],66,175,178,109,149
1,<environment.Job instance at 0x7eff97128af0>,67,3,[ 1 12],68,151,154,83,150
1,<environment.Job instance at 0x7eff97128f00>,68,15,[ 3 11],69,154,169,85,150
1,<environment.Job instance at 0x7eff97128320>,69,3,[5 1],70,151,154,81,150
1,<environment.Job instance at 0x7eff535b3c30>,73,3,[6 2],74,169,172,95,162
1,<environment.Job instance at 0x7eff97631320>,75,15,[ 2 11],76,178,193,102,168
1,<environment.Job instance at 0x7eff535b3730>,76,23,[7 4],77,175,198,98,169
1,<environment.Job instance at 0x7eff971574b0>,19,15,[ 1 10],20,193,208,173,192
1,<environment.Job instance at 0x7eff99f88640>,71,1,[10  4],72,198,199,126,193
1,<environment.Job instance at 0x7eff99a23320>,83,20,[5 4],84,199,219,115,195
1,<environment.Job instance at 0x7eff99a233c0>,84,2,[10  3],85,208,210,123,195
1,<environment.Job instance at 0x7eff998c8c80>,87,2,[7 2],88,210,212,122,195
1,<environment.Job instance at 0x7eff99a63050>,88,3,[10  4],89,212,215,123,195
1,<environment.Job instance at 0x7eff99e20640>,81,3,[5 5],82,215,218,133,212
1,<environment.Job instance at 0x7eff973d35f0>,31,14,[10  4],32,218,232,186,213
1,<environment.Job instance at 0x7eff5372cd70>,0,16,[14  3],1,5,21,4,5
1,<environment.Job instance at 0x7eff99a63870>,5,20,[4 7],6,21,41,15,12
1,<environment.Job instance at 0x7eff972b4f00>,10,15,[4 5],11,21,36,10,12
1,<environment.Job instance at 0x7eff99b802d0>,1,2,[5 1],2,21,23,19,12
1,<environment.Job instance at 0x7eff972b4d20>,16,25,[8 3],17,36,61,19,32
1,<environment.Job instance at 0x7eff99d7adc0>,2,14,[6 5],3,48,62,45,48
1,<environment.Job instance at 0x7eff972b45f0>,17,13,[13  1],18,62,75,44,53
1,<environment.Job instance at 0x7eff9743aa00>,26,25,[ 5 10],27,75,100,48,71
1,<environment.Job instance at 0x7eff972b4f50>,13,17,[8 5],14,75,92,61,71
1,<environment.Job instance at 0x7eff97438190>,34,2,[ 2 10],35,100,102,65,86
1,<environment.Job instance at 0x7eff97438230>,35,1,[9 5],36,92,93,56,86
1,<environment.Job instance at 0x7eff97438410>,37,17,[5 2],38,93,110,55,90
1,<environment.Job instance at 0x7eff973d35f0>,6,21,[6 5],7,102,123,95,97
1,<environment.Job instance at 0x7eff9743ad20>,29,3,[ 5 10],30,110,113,80,102
1,<environment.Job instance at 0x7eff97438870>,42,3,[9 5],43,113,116,70,103
1,<environment.Job instance at 0x7eff974389b0>,47,1,[9 5],48,126,127,78,126
1,<environment.Job instance at 0x7eff97438b90>,50,26,[6 3],51,136,162,85,136
1,<environment.Job instance at 0x7eff97438910>,46,2,[13  5],47,162,164,115,146
1,<environment.Job instance at 0x7eff97438e10>,53,2,[6 3],54,147,149,93,147
1,<environment.Job instance at 0x7eff97438be0>,54,1,[9 4],55,149,150,94,147
1,<environment.Job instance at 0x7eff97438f50>,55,23,[7 1],56,164,187,108,158
1,<environment.Job instance at 0x7eff97414140>,56,1,[4 9],57,158,159,101,158
1,<environment.Job instance at 0x7eff97414050>,58,2,[8 5],59,159,161,100,158
1,<environment.Job instance at 0x7eff974144b0>,63,12,[ 1 14],64,164,176,100,164
1,<environment.Job instance at 0x7eff974147d0>,65,18,[10  3],66,187,205,121,177
1,<environment.Job instance at 0x7eff97414640>,66,13,[13  3],67,205,218,138,189
1,<environment.Job instance at 0x7eff97414960>,68,1,[ 3 14],69,218,219,149,195
1,<environment.Job instance at 0x7eff974270a0>,78,1,[8 4],79,219,220,140,215
1,<environment.Job instance at 0x7eff97427410>,79,3,[7 4],80,219,222,139,215
1,<environment.Job instance at 0x7eff974274b0>,80,2,[4 9],81,220,222,139,215
1,<environment.Job instance at 0x7eff97427550>,81,14,[ 3 14],82,222,236,140,215
1,<environment.Job instance at 0x7eff99ac50a0>,0,28,[5 6],1,1,29,0,1
1,<environment.Job instance at 0x7eff99ac5b90>,3,28,[ 1 11],4,29,57,25,28
1,<environment.Job instance at 0x7eff97112320>,8,1,[6 1],9,28,29,19,28
1,<environment.Job instance at 0x7eff97112370>,10,13,[12  5],11,57,70,46,41
1,<environment.Job instance at 0x7eff97112af0>,13,3,[5 8],14,70,73,56,44
1,<environment.Job instance at 0x7eff97105a50>,14,1,[6 1],15,44,45,29,44
1,<environment.Job instance at 0x7eff972e0780>,19,1,[10  3],20,70,71,50,59
1,<environment.Job instance at 0x7eff9722f870>,20,16,[5 1],21,71,87,50,59
1,<environment.Job instance at 0x7eff9722f910>,21,16,[ 2 10],22,73,89,51,60
1,<environment.Job instance at 0x7eff9722f5a0>,23,18,[ 1 10],24,89,107,65,78
1,<environment.Job instance at 0x7eff9722f820>,24,1,[1 6],25,107,108,82,79
1,<environment.Job instance at 0x7eff972337d0>,26,18,[ 3 13],27,108,126,81,97
1,<environment.Job instance at 0x7eff9768ecd0>,28,3,[7 1],29,97,100,68,97
1,<environment.Job instance at 0x7eff9768ee60>,29,1,[7 3],30,97,98,67,97
1,<environment.Job instance at 0x7eff97298af0>,31,1,[9 5],32,100,101,68,97
1,<environment.Job instance at 0x7eff97623e10>,32,2,[ 2 10],33,126,128,93,99
1,<environment.Job instance at 0x7eff9983b190>,34,2,[4 6],35,128,130,93,101
1,<environment.Job instance at 0x7eff97305f50>,35,2,[10  5],36,101,103,65,101
1,<environment.Job instance at 0x7eff53531320>,36,1,[5 7],37,107,108,70,101
1,<environment.Job instance at 0x7eff9738e690>,37,2,[ 4 14],38,130,132,92,103
1,<environment.Job instance at 0x7eff99f0a5a0>,40,1,[5 4],41,126,127,85,120
1,<environment.Job instance at 0x7eff970f7b90>,41,18,[4 8],42,132,150,90,121
1,<environment.Job instance at 0x7eff99f0a140>,42,1,[2 7],43,128,129,85,121
1,<environment.Job instance at 0x7eff5384d190>,44,2,[ 1 12],45,150,152,105,123
1,<environment.Job instance at 0x7eff9723e9b0>,47,2,[6 4],48,132,134,84,128
1,<environment.Job instance at 0x7eff53460500>,49,14,[9 5],50,152,166,102,143
1,<environment.Job instance at 0x7eff534606e0>,50,25,[2 8],51,152,177,101,148
1,<environment.Job instance at 0x7eff974ddfa0>,53,18,[ 4 10],54,177,195,123,166
1,<environment.Job instance at 0x7eff974dd780>,54,3,[ 3 14],55,195,198,140,169
1,<environment.Job instance at 0x7eff973b2050>,55,1,[10  1],56,169,170,113,169
1,<environment.Job instance at 0x7eff97285af0>,59,2,[13  5],60,198,200,138,176
1,<environment.Job instance at 0x7eff99ab0d20>,60,1,[4 8],61,200,201,139,176
1,<environment.Job instance at 0x7eff97285050>,62,3,[5 2],63,192,195,129,192
1,<environment.Job instance at 0x7eff99ab0050>,63,2,[2 5],64,198,200,134,192
1,<environment.Job instance at 0x7eff537253c0>,64,15,[ 2 10],65,201,216,136,192
1,<environment.Job instance at 0x7eff99857370>,67,3,[8 5],68,210,213,142,210
1,<environment.Job instance at 0x7eff998578c0>,68,1,[ 3 12],69,216,217,147,210
1,<environment.Job instance at 0x7eff99857cd0>,70,2,[5 6],71,226,228,155,226
1,<environment.Job instance at 0x7eff5392e190>,9,2,[4 6],10,17,19,7,17
1,<environment.Job instance at 0x7eff97231050>,11,3,[ 4 12],12,19,22,7,17
1,<environment.Job instance at 0x7eff972ee820>,14,1,[8 1],15,36,37,21,36
1,<environment.Job instance at 0x7eff53981190>,6,2,[7 3],7,37,39,30,37
1,<environment.Job instance at 0x7eff972ee370>,16,16,[14  3],17,39,55,22,37
1,<environment.Job instance at 0x7eff534968c0>,19,2,[9 5],20,55,57,35,37
1,<environment.Job instance at 0x7eff53496640>,20,1,[8 5],21,37,38,16,37
1,<environment.Job instance at 0x7eff53496d70>,24,25,[7 4],25,57,82,32,54
1,<environment.Job instance at 0x7eff534962d0>,22,2,[5 7],23,60,62,37,60
1,<environment.Job instance at 0x7eff972b1190>,26,22,[ 4 10],27,62,84,35,61
1,<environment.Job instance at 0x7eff9994be60>,30,3,[7 3],31,82,85,51,70
1,<environment.Job instance at 0x7eff53496e60>,27,1,[5 7],28,86,87,58,86
1,<environment.Job instance at 0x7eff9772c9b0>,34,3,[3 5],35,88,91,53,88
1,<environment.Job instance at 0x7eff53b5a0f0>,35,23,[8 2],36,88,111,52,88
1,<environment.Job instance at 0x7eff97631730>,37,1,[8 3],38,111,112,73,92
1,<environment.Job instance at 0x7eff99f55780>,38,1,[ 1 10],39,92,93,53,92
1,<environment.Job instance at 0x7eff99a2eb40>,39,2,[3 6],40,93,95,53,92
1,<environment.Job instance at 0x7eff97288c80>,43,18,[ 2 11],44,118,136,74,118
1,<environment.Job instance at 0x7eff97288140>,44,3,[8 2],45,118,121,73,118
1,<environment.Job instance at 0x7eff97288c30>,45,3,[11  2],46,121,124,75,118
1,<environment.Job instance at 0x7eff97288af0>,46,3,[8 5],47,136,139,89,120
1,<environment.Job instance at 0x7eff999181e0>,50,18,[5 8],51,150,168,99,150
1,<environment.Job instance at 0x7eff99918280>,52,23,[7 1],53,152,175,99,152
1,<environment.Job instance at 0x7eff9772c8c0>,33,13,[1 7],34,168,181,134,158
1,<environment.Job instance at 0x7eff53bf4820>,56,1,[9 4],57,175,176,118,158
1,<environment.Job instance at 0x7eff99fa8e10>,18,14,[5 4],19,168,182,149,162
1,<environment.Job instance at 0x7eff53bf4190>,58,1,[13  4],59,182,183,123,162
1,<environment.Job instance at 0x7eff53bf4af0>,55,3,[13  2],56,183,186,127,163
1,<environment.Job instance at 0x7eff99a72550>,62,13,[14  4],63,186,199,123,171
1,<environment.Job instance at 0x7eff99fa8500>,17,14,[12  5],18,199,213,181,184
1,<environment.Job instance at 0x7eff99e74690>,67,2,[2 9],68,199,201,131,186
1,<environment.Job instance at 0x7eff99e746e0>,68,2,[8 3],69,213,215,144,186
1,<environment.Job instance at 0x7eff9735e910>,72,13,[6 5],73,213,226,140,200
1,<environment.Job instance at 0x7eff5398de60>,73,16,[ 4 10],74,215,231,141,202
1,<environment.Job instance at 0x7eff974baa00>,76,2,[7 2],77,226,228,149,215
1,<environment.Job instance at 0x7eff99e74c30>,70,15,[9 1],71,228,243,157,216
1,<environment.Job instance at 0x7eff5398de10>,74,18,[1 8],75,231,249,156,220
1,<environment.Job instance at 0x7eff99dfef00>,5,3,[ 1 14],6,6,9,0,6
1,<environment.Job instance at 0x7eff97388c30>,9,3,[10  2],10,10,13,0,10
1,<environment.Job instance at 0x7eff973883c0>,10,13,[11  4],11,13,26,2,11
1,<environment.Job instance at 0x7eff973884b0>,11,12,[ 1 13],12,26,38,14,12
1,<environment.Job instance at 0x7eff9771bb40>,17,2,[3 7],18,38,40,20,31
1,<environment.Job instance at 0x7eff9771bfa0>,18,12,[10  1],19,31,43,12,31
1,<environment.Job instance at 0x7eff53ab2fa0>,19,21,[1 7],20,38,59,18,31
1,<environment.Job instance at 0x7eff53a9d050>,21,2,[5 5],22,43,45,21,40
1,<environment.Job instance at 0x7eff53a9d0a0>,22,17,[ 2 14],23,59,76,36,47
1,<environment.Job instance at 0x7eff53a9d140>,23,2,[8 4],24,47,49,23,47
1,<environment.Job instance at 0x7eff53a9d280>,24,1,[10  4],25,49,50,24,47
1,<environment.Job instance at 0x7eff53a9d5f0>,30,2,[8 1],31,69,71,38,69
1,<environment.Job instance at 0x7eff53a9d7d0>,31,1,[9 4],32,76,77,44,69
1,<environment.Job instance at 0x7eff53a9d8c0>,35,16,[11  3],36,84,100,48,84
1,<environment.Job instance at 0x7eff53a9db40>,36,3,[9 2],37,100,103,63,84
1,<environment.Job instance at 0x7eff53a9dc30>,38,1,[8 2],39,103,104,64,90
1,<environment.Job instance at 0x7eff53a9dcd0>,39,3,[2 6],40,90,93,50,90
1,<environment.Job instance at 0x7eff53a9deb0>,41,1,[9 4],42,104,105,62,90
1,<environment.Job instance at 0x7eff53a9df50>,42,2,[2 7],43,93,95,50,90
1,<environment.Job instance at 0x7eff53ace190>,44,17,[8 3],45,105,122,60,102
1,<environment.Job instance at 0x7eff53ace2d0>,46,1,[11  2],47,122,123,75,116
1,<environment.Job instance at 0x7eff53ace1e0>,47,17,[7 4],48,123,140,75,117
1,<environment.Job instance at 0x7eff53ace5f0>,48,15,[8 3],49,123,138,74,120
1,<environment.Job instance at 0x7eff53bf4230>,4,22,[9 5],5,140,162,135,133
1,<environment.Job instance at 0x7eff53aceeb0>,61,1,[2 7],62,138,139,76,135
1,<environment.Job instance at 0x7eff53acef50>,62,2,[4 5],63,139,141,76,136
1,<environment.Job instance at 0x7eff53ace0f0>,43,18,[ 2 10],44,144,162,100,144
1,<environment.Job instance at 0x7eff53acb1e0>,66,1,[2 5],67,162,163,95,144
1,<environment.Job instance at 0x7eff53acb280>,67,14,[11  2],68,162,176,94,147
1,<environment.Job instance at 0x7eff53ace780>,63,14,[5 5],64,176,190,112,166
1,<environment.Job instance at 0x7eff53acb730>,72,16,[10  2],73,176,192,103,168
1,<environment.Job instance at 0x7eff53acb230>,65,2,[10  5],66,192,194,126,176
1,<environment.Job instance at 0x7eff53acb910>,75,2,[ 1 12],76,190,192,114,177
1,<environment.Job instance at 0x7eff53acb320>,68,15,[ 3 14],69,194,209,125,180
1,<environment.Job instance at 0x7eff53acbc80>,80,25,[ 1 14],81,209,234,128,205
1,<environment.Job instance at 0x7eff53acbfa0>,84,19,[9 1],85,209,228,124,209
1,<environment.Job instance at 0x7eff53acbbe0>,85,3,[ 4 11],86,234,237,148,212
1,<environment.Job instance at 0x7eff9735eeb0>,5,1,[5 2],6,6,7,0,6
1,<environment.Job instance at 0x7eff9735edc0>,6,3,[8 3],7,7,10,0,7
1,<environment.Job instance at 0x7eff99814b90>,12,14,[9 3],13,13,27,0,13
1,<environment.Job instance at 0x7eff99814f00>,13,2,[2 7],14,14,16,0,14
1,<environment.Job instance at 0x7eff99814550>,17,22,[6 1],18,19,41,1,19
1,<environment.Job instance at 0x7eff998147d0>,16,16,[4 9],17,30,46,13,30
1,<environment.Job instance at 0x7eff99814cd0>,26,12,[7 5],27,41,53,14,32
1,<environment.Job instance at 0x7eff97159370>,29,2,[3 7],30,47,49,17,47
1,<environment.Job instance at 0x7eff97159140>,31,14,[ 5 10],32,50,64,18,50
1,<environment.Job instance at 0x7eff99b89460>,32,19,[8 3],33,53,72,20,50
1,<environment.Job instance at 0x7eff99b897d0>,33,13,[8 3],34,72,85,38,62
1,<environment.Job instance at 0x7eff99b89d70>,35,1,[7 1],36,64,65,28,64
1,<environment.Job instance at 0x7eff99b89eb0>,36,23,[5 5],37,65,88,28,64
1,<environment.Job instance at 0x7eff99b89e60>,40,1,[12  5],41,88,89,47,67
1,<environment.Job instance at 0x7eff99b89230>,42,1,[5 2],43,85,86,42,79
1,<environment.Job instance at 0x7eff99b89550>,45,3,[ 3 10],46,87,90,41,87
1,<environment.Job instance at 0x7eff99b89c30>,38,14,[9 5],39,96,110,57,96
1,<environment.Job instance at 0x7eff973521e0>,47,14,[2 6],48,97,111,49,97
1,<environment.Job instance at 0x7eff97352f50>,49,3,[7 1],50,110,113,60,101
1,<environment.Job instance at 0x7eff97352be0>,50,2,[8 5],51,111,113,60,101
1,<environment.Job instance at 0x7eff97352500>,51,3,[ 3 11],52,113,116,61,101
1,<environment.Job instance at 0x7eff53ab51e0>,8,3,[11  1],9,113,116,104,104
1,<environment.Job instance at 0x7eff97352af0>,56,1,[ 3 10],57,116,117,59,111
1,<environment.Job instance at 0x7eff97352190>,58,15,[ 4 10],59,117,132,58,113
1,<environment.Job instance at 0x7eff97352320>,54,15,[8 1],55,116,131,61,113
1,<environment.Job instance at 0x7eff975b6c30>,61,1,[4 7],62,132,133,70,115
1,<environment.Job instance at 0x7eff975b6870>,62,19,[6 2],63,131,150,68,121
1,<environment.Job instance at 0x7eff975b6780>,64,1,[1 7],65,133,134,68,121
1,<environment.Job instance at 0x7eff975b6fa0>,65,3,[14  4],66,150,153,84,124
1,<environment.Job instance at 0x7eff975b6b40>,63,3,[1 8],64,134,137,70,134
1,<environment.Job instance at 0x7eff53b7c730>,66,17,[ 1 13],67,153,170,86,141
1,<environment.Job instance at 0x7eff9e2d8eb0>,71,2,[11  4],72,170,172,98,143
1,<environment.Job instance at 0x7eff9e2d8a00>,75,3,[3 9],76,170,173,94,149
1,<environment.Job instance at 0x7eff9e2d8d70>,78,22,[ 1 13],79,173,195,94,167
1,<environment.Job instance at 0x7eff9e2d8dc0>,79,3,[2 9],80,195,198,115,169
1,<environment.Job instance at 0x7eff998fefa0>,80,3,[9 2],81,172,175,91,170
1,<environment.Job instance at 0x7eff998fe410>,81,3,[2 9],82,198,201,116,172
1,<environment.Job instance at 0x7eff998fe190>,82,3,[10  3],83,195,198,112,172
1,<environment.Job instance at 0x7eff998fe4b0>,85,18,[5 8],86,201,219,115,190
1,<environment.Job instance at 0x7eff9e850320>,88,2,[11  2],89,198,200,109,194
1,<environment.Job instance at 0x7eff998fe3c0>,3,1,[5 5],4,5,6,1,5
1,<environment.Job instance at 0x7eff537f0640>,2,13,[14  2],3,6,19,3,6
1,<environment.Job instance at 0x7eff99a93c30>,12,1,[10  2],13,19,20,6,15
1,<environment.Job instance at 0x7eff99a930f0>,13,1,[2 9],14,19,20,5,15
1,<environment.Job instance at 0x7eff99a93cd0>,14,1,[10  4],15,20,21,5,15
1,<environment.Job instance at 0x7eff99a93af0>,16,1,[1 8],17,17,18,0,17
1,<environment.Job instance at 0x7eff972115f0>,17,3,[4 5],18,20,23,2,18
1,<environment.Job instance at 0x7eff99a93eb0>,19,18,[1 9],20,30,48,10,30
1,<environment.Job instance at 0x7eff97211640>,20,2,[ 4 14],21,48,50,27,32
1,<environment.Job instance at 0x7eff97211be0>,22,2,[1 5],23,32,34,9,32
1,<environment.Job instance at 0x7eff97211780>,25,3,[10  2],26,34,37,8,33
1,<environment.Job instance at 0x7eff97211c80>,27,2,[9 1],28,43,45,15,43
1,<environment.Job instance at 0x7eff97211550>,28,2,[ 2 10],29,50,52,21,43
1,<environment.Job instance at 0x7eff97631320>,35,1,[5 6],36,65,66,29,65
1,<environment.Job instance at 0x7eff97631410>,37,3,[9 4],38,70,73,32,70
1,<environment.Job instance at 0x7eff97631d70>,38,3,[6 3],39,70,73,31,70
1,<environment.Job instance at 0x7eff97631f00>,39,2,[10  3],40,73,75,33,70
1,<environment.Job instance at 0x7eff973d3b90>,40,1,[4 8],41,73,74,32,70
1,<environment.Job instance at 0x7eff973d3500>,41,13,[9 1],42,75,88,33,71
1,<environment.Job instance at 0x7eff973d3820>,42,3,[5 8],43,74,77,31,71
1,<environment.Job instance at 0x7eff97236c30>,4,22,[5 8],5,77,99,72,71
1,<environment.Job instance at 0x7eff99f30870>,5,16,[6 5],6,88,104,82,83
1,<environment.Job instance at 0x7eff973d3050>,43,17,[14  2],44,104,121,60,92
1,<environment.Job instance at 0x7eff973d37d0>,47,3,[8 3],48,99,102,51,92
1,<environment.Job instance at 0x7eff973d3690>,48,1,[9 5],49,102,103,53,92
1,<environment.Job instance at 0x7eff973d3a00>,49,1,[7 3],50,103,104,53,92
1,<environment.Job instance at 0x7eff973d3370>,50,2,[9 4],51,121,123,70,94
1,<environment.Job instance at 0x7eff973d3c30>,51,1,[3 8],52,121,122,69,94
1,<environment.Job instance at 0x7eff973d3dc0>,53,3,[9 5],54,123,126,69,97
1,<environment.Job instance at 0x7eff973d31e0>,45,20,[10  3],46,126,146,80,118
1,<environment.Job instance at 0x7eff99910c30>,64,2,[9 2],65,146,148,81,140
1,<environment.Job instance at 0x7eff999105a0>,66,18,[ 2 10],67,142,160,75,142
1,<environment.Job instance at 0x7eff99910dc0>,56,2,[ 5 12],57,160,162,103,148
1,<environment.Job instance at 0x7eff97141730>,70,25,[9 4],71,162,187,91,158
1,<environment.Job instance at 0x7eff97141fa0>,74,28,[ 5 10],75,171,199,96,171
1,<environment.Job instance at 0x7eff971414b0>,78,26,[4 9],79,199,225,120,196
1,<environment.Job instance at 0x7eff97141b40>,79,1,[10  5],80,196,197,116,196
1,<environment.Job instance at 0x7eff538eb8c0>,86,16,[ 5 12],87,225,241,138,212
1,<environment.Job instance at 0x7eff99910730>,57,23,[6 1],58,212,235,154,212
1,<environment.Job instance at 0x7eff97159640>,10,17,[10  1],11,12,29,1,12
1,<environment.Job instance at 0x7eff53516640>,14,2,[9 5],15,29,31,14,15
1,<environment.Job instance at 0x7eff53516c80>,16,17,[ 2 14],17,31,48,14,19
1,<environment.Job instance at 0x7eff53516a00>,17,26,[10  5],18,48,74,30,45
1,<environment.Job instance at 0x7eff538209b0>,13,16,[1 5],14,48,64,34,45
1,<environment.Job instance at 0x7eff97747a50>,24,19,[2 5],25,50,69,25,50
1,<environment.Job instance at 0x7eff9774c870>,27,1,[3 8],28,69,70,41,63
1,<environment.Job instance at 0x7eff9774ca50>,28,12,[1 9],29,70,82,41,63
1,<environment.Job instance at 0x7eff9774cc30>,29,3,[6 1],30,74,77,44,63
1,<environment.Job instance at 0x7eff9774c780>,30,2,[2 6],31,77,79,46,63
1,<environment.Job instance at 0x7eff9774c190>,31,2,[7 1],32,74,76,42,63
1,<environment.Job instance at 0x7eff9774c140>,32,3,[6 1],33,79,82,46,63
1,<environment.Job instance at 0x7eff9774c0f0>,33,23,[1 7],34,82,105,48,76
1,<environment.Job instance at 0x7eff53599460>,34,22,[1 8],35,82,104,47,76
1,<environment.Job instance at 0x7eff97770460>,36,1,[6 4],37,81,82,44,81
1,<environment.Job instance at 0x7eff977702d0>,37,2,[3 8],38,104,106,66,81
1,<environment.Job instance at 0x7eff97778b40>,38,13,[14  3],39,106,119,67,90
1,<environment.Job instance at 0x7eff97747e60>,22,3,[1 7],23,105,108,82,90
1,<environment.Job instance at 0x7eff535ae690>,42,26,[1 5],43,108,134,65,105
1,<environment.Job instance at 0x7eff97761050>,46,1,[9 3],47,119,120,72,115
1,<environment.Job instance at 0x7eff537da190>,48,3,[5 8],49,121,124,72,121
1,<environment.Job instance at 0x7eff99fbb190>,49,2,[3 9],50,124,126,74,121
1,<environment.Job instance at 0x7eff535ae910>,43,17,[ 4 10],44,130,147,86,130
1,<environment.Job instance at 0x7eff99910730>,2,22,[5 4],3,136,158,133,136
1,<environment.Job instance at 0x7eff53895730>,54,15,[4 7],55,147,162,92,140
1,<environment.Job instance at 0x7eff53888cd0>,52,22,[5 3],53,147,169,94,142
1,<environment.Job instance at 0x7eff538951e0>,53,1,[8 4],54,162,163,108,145
1,<environment.Job instance at 0x7eff99d238c0>,63,26,[1 8],64,163,189,99,163
1,<environment.Job instance at 0x7eff532ebd20>,66,18,[7 1],67,170,188,103,170
1,<environment.Job instance at 0x7eff532ebb90>,67,3,[7 5],68,170,173,102,170
1,<environment.Job instance at 0x7eff99f90f50>,68,2,[5 3],69,173,175,104,170
1,<environment.Job instance at 0x7eff99f902d0>,69,15,[ 1 14],70,189,204,119,175
1,<environment.Job instance at 0x7eff99f900a0>,70,1,[3 5],71,175,176,104,175
1,<environment.Job instance at 0x7eff9750b5a0>,65,12,[5 2],66,177,189,111,177
1,<environment.Job instance at 0x7eff99f90af0>,71,23,[9 4],72,204,227,132,198
1,<environment.Job instance at 0x7eff99f90190>,72,13,[1 9],73,204,217,131,200
1,<environment.Job instance at 0x7eff99f90d20>,77,1,[ 1 10],78,217,218,139,202
1,<environment.Job instance at 0x7eff538958c0>,57,24,[2 8],58,218,242,160,215
1,<environment.Job instance at 0x7eff972a6190>,1,2,[4 9],2,2,4,0,2
1,<environment.Job instance at 0x7eff973b3960>,5,3,[3 8],6,6,9,0,6
1,<environment.Job instance at 0x7eff538eb1e0>,8,1,[8 3],9,9,10,0,9
1,<environment.Job instance at 0x7eff99d59be0>,17,16,[11  5],18,28,44,10,28
1,<environment.Job instance at 0x7eff99ae4a50>,19,3,[10  4],20,44,47,24,42
1,<environment.Job instance at 0x7eff53616280>,23,3,[5 4],24,62,65,38,62
1,<environment.Job instance at 0x7eff97249f00>,11,2,[5 4],12,78,80,66,78
1,<environment.Job instance at 0x7eff53b9f5a0>,27,1,[ 5 10],28,79,80,51,79
1,<environment.Job instance at 0x7eff53b9ff50>,29,2,[1 9],30,80,82,50,79
1,<environment.Job instance at 0x7eff99ae4320>,21,3,[13  1],22,80,83,58,79
1,<environment.Job instance at 0x7eff53873d20>,31,2,[10  4],32,83,85,51,79
1,<environment.Job instance at 0x7eff9e5e3f50>,35,1,[ 3 12],36,95,96,59,95
1,<environment.Job instance at 0x7eff9774acd0>,36,3,[10  3],37,95,98,58,95
1,<environment.Job instance at 0x7eff538730a0>,32,16,[5 3],33,96,112,63,95
1,<environment.Job instance at 0x7eff53c05910>,38,3,[ 5 12],39,98,101,59,98
1,<environment.Job instance at 0x7eff53c05c80>,45,22,[5 2],46,125,147,79,125
1,<environment.Job instance at 0x7eff53c05f50>,46,1,[11  1],47,147,148,100,125
1,<environment.Job instance at 0x7eff973cb820>,26,12,[5 6],27,125,137,98,125
1,<environment.Job instance at 0x7eff99c4ad70>,47,2,[2 6],48,128,130,80,128
1,<environment.Job instance at 0x7eff99c4a370>,51,28,[7 5],52,148,176,96,147
1,<environment.Job instance at 0x7eff99c4a230>,53,2,[14  5],54,176,178,122,149
1,<environment.Job instance at 0x7eff97236f00>,10,14,[1 9],11,160,174,149,160
1,<environment.Job instance at 0x7eff99c4a190>,56,3,[10  1],57,178,181,121,160
1,<environment.Job instance at 0x7eff99c4aaf0>,58,1,[5 1],59,160,161,101,160
1,<environment.Job instance at 0x7eff99c4a280>,59,2,[7 4],60,174,176,114,160
1,<environment.Job instance at 0x7eff99c4a8c0>,60,2,[1 9],61,176,178,115,160
1,<environment.Job instance at 0x7eff53a73c30>,63,3,[6 1],64,185,188,121,185
1,<environment.Job instance at 0x7eff53a73c80>,64,3,[1 6],65,185,188,120,185
1,<environment.Job instance at 0x7eff99c4aaa0>,54,26,[7 1],55,192,218,137,192
1,<environment.Job instance at 0x7eff5367dcd0>,69,15,[6 5],70,200,215,130,200
1,<environment.Job instance at 0x7eff5367d050>,66,1,[7 1],67,215,216,148,206
1,<environment.Job instance at 0x7eff99c4aeb0>,50,13,[11  3],51,218,231,167,206
1,<environment.Job instance at 0x7eff974dac30>,71,3,[ 4 12],72,217,220,145,217
1,<environment.Job instance at 0x7eff5367d4b0>,67,13,[13  4],68,231,244,163,218
1,<environment.Job instance at 0x7eff998afd70>,75,18,[ 2 11],76,227,245,151,227
1,<environment.Job instance at 0x7eff974276e0>,4,1,[2 5],5,6,7,1,6
1,<environment.Job instance at 0x7eff97427d70>,6,1,[14  4],7,7,8,0,7
1,<environment.Job instance at 0x7eff998afd70>,5,13,[3 7],6,9,22,3,9
1,<environment.Job instance at 0x7eff97427870>,7,17,[13  5],8,22,39,14,10
1,<environment.Job instance at 0x7eff99bd1640>,12,2,[3 7],13,13,15,0,13
1,<environment.Job instance at 0x7eff99bd1b40>,13,2,[ 3 10],14,39,41,25,14
1,<environment.Job instance at 0x7eff99bd18c0>,19,2,[ 3 10],20,41,43,21,20
1,<environment.Job instance at 0x7eff99bd1af0>,22,12,[10  2],23,39,51,16,28
1,<environment.Job instance at 0x7eff53993e60>,23,1,[5 5],24,43,44,19,28
1,<environment.Job instance at 0x7eff53993460>,27,18,[5 9],28,47,65,19,47
1,<environment.Job instance at 0x7eff53993280>,28,3,[6 2],29,51,54,22,47
1,<environment.Job instance at 0x7eff539937d0>,29,1,[6 1],30,54,55,24,47
1,<environment.Job instance at 0x7eff53993f00>,31,14,[4 9],32,65,79,33,56
1,<environment.Job instance at 0x7eff53993e10>,33,3,[ 2 10],34,79,82,45,63
1,<environment.Job instance at 0x7eff539935f0>,36,3,[1 8],37,82,85,45,63
1,<environment.Job instance at 0x7eff53993410>,37,1,[3 5],38,63,64,25,63
1,<environment.Job instance at 0x7eff53993780>,38,25,[5 5],39,65,90,26,65
1,<environment.Job instance at 0x7eff53993f50>,40,18,[14  5],41,90,108,49,79
1,<environment.Job instance at 0x7eff53993730>,41,15,[ 1 12],42,108,123,66,94
1,<environment.Job instance at 0x7eff53993370>,39,2,[5 1],40,108,110,68,94
1,<environment.Job instance at 0x7eff532bd0a0>,51,2,[1 8],52,125,127,73,125
1,<environment.Job instance at 0x7eff532bd320>,52,18,[5 6],53,125,143,72,125
1,<environment.Job instance at 0x7eff532bd820>,54,18,[10  2],55,127,145,72,125
1,<environment.Job instance at 0x7eff532bdbe0>,55,17,[3 9],56,143,160,87,139
1,<environment.Job instance at 0x7eff532bd280>,59,2,[2 5],60,145,147,85,142
1,<environment.Job instance at 0x7eff532bd4b0>,60,3,[7 5],61,147,150,86,142
1,<environment.Job instance at 0x7eff532bd5a0>,61,2,[5 4],62,150,152,88,142
1,<environment.Job instance at 0x7eff532c05a0>,62,17,[ 3 14],63,160,177,97,148
1,<environment.Job instance at 0x7eff532c0a00>,65,16,[ 4 12],66,177,193,111,164
1,<environment.Job instance at 0x7eff532c06e0>,69,1,[ 4 14],70,193,194,123,166
1,<environment.Job instance at 0x7eff532c07d0>,72,16,[14  1],73,194,210,121,181
1,<environment.Job instance at 0x7eff532c0550>,75,1,[ 5 13],76,210,211,134,198
1,<environment.Job instance at 0x7eff532bf370>,78,2,[2 9],79,211,213,132,205
1,<environment.Job instance at 0x7eff532bf9b0>,79,15,[4 9],80,213,228,133,205
1,<environment.Job instance at 0x7eff532bf550>,81,22,[2 9],82,228,250,146,221
1,<environment.Job instance at 0x7eff97236fa0>,1,3,[ 3 11],2,2,5,0,2
1,<environment.Job instance at 0x7eff539dbbe0>,8,18,[ 4 12],9,9,27,0,9
1,<environment.Job instance at 0x7eff99a0ceb0>,14,26,[10  2],15,15,41,0,15
1,<environment.Job instance at 0x7eff9704f5a0>,19,2,[4 5],20,27,29,7,20
1,<environment.Job instance at 0x7eff99a0caf0>,20,1,[7 1],21,41,42,20,21
1,<environment.Job instance at 0x7eff9704fb90>,22,20,[5 2],23,29,49,6,23
1,<environment.Job instance at 0x7eff99cef6e0>,12,18,[ 5 10],13,42,60,29,32
1,<environment.Job instance at 0x7eff97050370>,26,1,[5 5],27,49,50,22,39
1,<environment.Job instance at 0x7eff97057690>,33,15,[8 4],34,50,65,16,39
1,<environment.Job instance at 0x7eff97057e60>,35,13,[5 1],36,60,73,24,46
1,<environment.Job instance at 0x7eff97049e10>,38,12,[1 6],39,60,72,21,46
1,<environment.Job instance at 0x7eff99fb08c0>,11,12,[4 5],12,65,77,53,49
1,<environment.Job instance at 0x7eff973f51e0>,41,2,[ 2 13],42,77,79,35,51
1,<environment.Job instance at 0x7eff970713c0>,27,15,[13  3],28,79,94,51,65
1,<environment.Job instance at 0x7eff999daf50>,46,2,[8 3],47,73,75,26,65
1,<environment.Job instance at 0x7eff532c09b0>,48,2,[12  1],49,77,79,28,65
1,<environment.Job instance at 0x7eff532c05f0>,49,27,[ 5 11],50,94,121,44,92
1,<environment.Job instance at 0x7eff532c0960>,50,13,[10  1],51,94,107,43,92
1,<environment.Job instance at 0x7eff532bf4b0>,52,19,[4 7],53,121,140,68,111
1,<environment.Job instance at 0x7eff5361b640>,53,25,[9 3],54,111,136,57,111
1,<environment.Job instance at 0x7eff535985f0>,54,1,[6 5],55,136,137,81,111
1,<environment.Job instance at 0x7eff5357b780>,58,17,[ 2 12],59,140,157,81,128
1,<environment.Job instance at 0x7eff533f6690>,59,2,[5 9],60,157,159,97,130
1,<environment.Job instance at 0x7eff999d4a50>,60,26,[9 4],61,157,183,96,154
1,<environment.Job instance at 0x7eff999d4be0>,62,3,[5 1],63,154,157,91,154
1,<environment.Job instance at 0x7eff999d4730>,64,1,[7 2],65,154,155,89,154
1,<environment.Job instance at 0x7eff999d4b40>,65,14,[13  2],66,183,197,117,168
1,<environment.Job instance at 0x7eff999dbbe0>,67,1,[6 4],68,168,169,100,168
1,<environment.Job instance at 0x7eff999db640>,68,24,[8 3],69,197,221,128,192
1,<environment.Job instance at 0x7eff999db6e0>,70,3,[ 4 10],71,197,200,126,192
1,<environment.Job instance at 0x7eff5333a910>,71,3,[6 5],72,200,203,128,192
1,<environment.Job instance at 0x7eff99daf910>,73,2,[1 5],74,192,194,118,192
1,<environment.Job instance at 0x7eff99dafd20>,76,3,[4 5],77,203,206,126,194
1,<environment.Job instance at 0x7eff537f85a0>,77,12,[ 3 10],78,206,218,128,198
1,<environment.Job instance at 0x7eff99db7c80>,78,2,[6 4],79,218,220,139,198
1,<environment.Job instance at 0x7eff99db7be0>,79,19,[2 9],80,220,239,140,210
1,<environment.Job instance at 0x7eff972362d0>,3,26,[2 9],4,4,30,0,4
1,<environment.Job instance at 0x7eff973bda50>,10,3,[2 6],11,15,18,4,15
1,<environment.Job instance at 0x7eff97427730>,6,13,[12  4],7,18,31,11,15
1,<environment.Job instance at 0x7eff53488cd0>,15,3,[5 5],16,31,34,15,19
1,<environment.Job instance at 0x7eff9737dc80>,16,1,[5 3],17,31,32,14,19
1,<environment.Job instance at 0x7eff99a93f00>,18,3,[10  4],19,32,35,13,19
1,<environment.Job instance at 0x7eff9724ce10>,20,1,[1 7],21,30,31,9,26
1,<environment.Job instance at 0x7eff99b84e10>,21,12,[5 1],22,34,46,12,26
1,<environment.Job instance at 0x7eff99b84be0>,22,2,[1 9],23,35,37,12,26
1,<environment.Job instance at 0x7eff99b846e0>,23,2,[6 3],24,35,37,11,26
1,<environment.Job instance at 0x7eff536c0a50>,26,1,[6 3],27,37,38,10,34
1,<environment.Job instance at 0x7eff5350e6e0>,27,1,[5 4],28,38,39,10,34
1,<environment.Job instance at 0x7eff5332d500>,29,1,[3 5],30,45,46,15,45
1,<environment.Job instance at 0x7eff53c36280>,30,1,[4 9],31,45,46,14,45
1,<environment.Job instance at 0x7eff974bd870>,37,16,[3 5],38,80,96,42,80
1,<environment.Job instance at 0x7eff534b4f00>,38,2,[1 6],39,80,82,41,80
1,<environment.Job instance at 0x7eff9777d0a0>,39,23,[5 5],40,82,105,42,80
1,<environment.Job instance at 0x7eff972b00f0>,43,13,[10  3],44,96,109,52,92
1,<environment.Job instance at 0x7eff99f880f0>,45,24,[7 5],46,109,133,63,106
1,<environment.Job instance at 0x7eff99f88e60>,47,3,[ 2 13],48,133,136,85,108
1,<environment.Job instance at 0x7eff532bf820>,5,17,[1 8],6,114,131,108,114
1,<environment.Job instance at 0x7eff970c5cd0>,56,13,[ 1 10],57,136,149,79,127
1,<environment.Job instance at 0x7eff970c5870>,58,3,[10  1],59,133,136,74,129
1,<environment.Job instance at 0x7eff970c5050>,60,1,[13  2],61,136,137,75,129
1,<environment.Job instance at 0x7eff9998c730>,64,2,[ 4 10],65,149,151,84,145
1,<environment.Job instance at 0x7eff9998c0a0>,65,19,[8 1],66,145,164,79,145
1,<environment.Job instance at 0x7eff9998cf00>,66,1,[ 4 11],67,151,152,84,145
1,<environment.Job instance at 0x7eff9760e410>,68,3,[2 6],69,160,163,91,160
1,<environment.Job instance at 0x7eff9760e190>,69,2,[10  5],70,164,166,94,160
1,<environment.Job instance at 0x7eff9760ec30>,70,2,[4 6],71,160,162,89,160
1,<environment.Job instance at 0x7eff9760e640>,71,23,[7 5],72,166,189,94,160
1,<environment.Job instance at 0x7eff9760e9b0>,72,28,[8 2],73,166,194,93,165
1,<environment.Job instance at 0x7eff970c5820>,63,1,[ 2 13],64,189,190,125,170
1,<environment.Job instance at 0x7eff9760e6e0>,73,22,[5 4],74,190,212,116,183
1,<environment.Job instance at 0x7eff972263c0>,76,3,[1 8],77,195,198,118,195
1,<environment.Job instance at 0x7eff5349c8c0>,85,1,[2 5],86,206,207,120,206
1,<environment.Job instance at 0x7eff970ba410>,88,1,[1 6],89,209,210,120,209
1,<environment.Job instance at 0x7eff538cc870>,1,3,[5 8],2,2,5,0,2
1,<environment.Job instance at 0x7eff998f2f50>,5,1,[12  3],6,10,11,4,10
1,<environment.Job instance at 0x7eff534f6dc0>,12,3,[9 3],13,13,16,0,13
1,<environment.Job instance at 0x7eff534f6320>,13,1,[10  5],14,16,17,2,14
1,<environment.Job instance at 0x7eff970ba410>,4,26,[7 4],5,25,51,20,25
1,<environment.Job instance at 0x7eff973f4460>,23,1,[7 3],24,31,32,7,31
1,<environment.Job instance at 0x7eff973f4fa0>,24,3,[3 7],25,32,35,7,31
1,<environment.Job instance at 0x7eff973f44b0>,25,15,[ 2 12],26,51,66,25,37
1,<environment.Job instance at 0x7eff973f4c30>,27,19,[4 7],28,66,85,38,56
1,<environment.Job instance at 0x7eff535102d0>,35,1,[5 7],36,72,73,36,72
1,<environment.Job instance at 0x7eff535100f0>,36,12,[1 9],37,85,97,48,72
1,<environment.Job instance at 0x7eff99d7a640>,40,2,[3 9],41,97,99,56,92
1,<environment.Job instance at 0x7eff99d7a460>,41,3,[1 7],42,99,102,57,92
1,<environment.Job instance at 0x7eff99d7a140>,42,22,[6 2],43,92,114,49,92
1,<environment.Job instance at 0x7eff99d7a9b0>,43,16,[4 9],44,102,118,58,97
1,<environment.Job instance at 0x7eff99d7aa00>,44,23,[6 5],45,114,137,69,108
1,<environment.Job instance at 0x7eff99d7acd0>,45,1,[9 4],46,118,119,72,108
1,<environment.Job instance at 0x7eff99d7a5a0>,47,2,[5 8],48,119,121,71,108
1,<environment.Job instance at 0x7eff99d7a4b0>,49,3,[8 1],50,121,124,71,108
1,<environment.Job instance at 0x7eff99d7aeb0>,50,2,[2 7],51,124,126,73,108
1,<environment.Job instance at 0x7eff99d7af00>,53,21,[7 4],54,126,147,72,122
1,<environment.Job instance at 0x7eff99d7aaa0>,55,15,[ 5 11],56,137,152,81,135
1,<environment.Job instance at 0x7eff9e605f00>,57,3,[5 5],58,152,155,94,135
1,<environment.Job instance at 0x7eff9e605f50>,58,1,[5 1],59,147,148,88,135
1,<environment.Job instance at 0x7eff9e850e60>,59,1,[9 1],60,148,149,88,135
1,<environment.Job instance at 0x7eff9e850a50>,60,26,[5 7],61,152,178,91,149
1,<environment.Job instance at 0x7eff9e850370>,62,2,[7 5],63,155,157,92,149
1,<environment.Job instance at 0x7eff9e850960>,63,15,[10  1],64,157,172,93,149
1,<environment.Job instance at 0x7eff99ffd820>,64,20,[5 9],65,178,198,113,169
1,<environment.Job instance at 0x7eff973f4140>,21,16,[8 1],22,176,192,154,176
1,<environment.Job instance at 0x7eff99ffdc30>,72,26,[ 1 10],73,198,224,125,195
1,<environment.Job instance at 0x7eff99ffd0f0>,73,28,[3 5],74,199,227,125,199
1,<environment.Job instance at 0x7eff99ffd6e0>,80,20,[5 8],81,224,244,143,215
1,<environment.Job instance at 0x7eff53996960>,81,2,[10  5],82,227,229,145,215
1,<environment.Job instance at 0x7eff53996a50>,82,1,[9 4],83,229,230,146,215
1,<environment.Job instance at 0x7eff539966e0>,83,2,[3 6],84,230,232,146,215
1,<environment.Job instance at 0x7eff53996b90>,84,1,[1 7],85,232,233,147,215
1,<environment.Job instance at 0x7eff53996c80>,85,2,[1 8],86,244,246,158,217
1,<environment.Job instance at 0x7eff53830f00>,0,21,[5 2],1,1,22,0,1
1,<environment.Job instance at 0x7eff9725ce60>,2,16,[11  5],3,22,38,19,9
1,<environment.Job instance at 0x7eff539735f0>,11,17,[2 9],12,14,31,2,14
1,<environment.Job instance at 0x7eff9765e1e0>,14,3,[6 1],15,17,20,2,17
1,<environment.Job instance at 0x7eff534b91e0>,19,1,[6 1],20,20,21,0,20
1,<environment.Job instance at 0x7eff5367ba00>,17,3,[10  1],18,38,41,20,26
1,<environment.Job instance at 0x7eff9725c5a0>,4,18,[3 8],5,31,49,26,27
1,<environment.Job instance at 0x7eff536e3230>,23,2,[4 7],24,41,43,17,31
1,<environment.Job instance at 0x7eff971357d0>,16,12,[9 1],17,43,55,26,35
1,<environment.Job instance at 0x7eff973062d0>,31,12,[ 5 11],32,56,68,24,56
1,<environment.Job instance at 0x7eff97306870>,33,17,[5 1],34,65,82,31,65
1,<environment.Job instance at 0x7eff97306230>,34,1,[9 2],35,68,69,33,65
1,<environment.Job instance at 0x7eff973066e0>,36,2,[4 6],37,71,73,34,71
1,<environment.Job instance at 0x7eff9733eb90>,37,26,[ 2 10],38,73,99,35,71
1,<environment.Job instance at 0x7eff9733e8c0>,39,3,[2 9],40,99,102,59,86
1,<environment.Job instance at 0x7eff973071e0>,25,23,[7 4],26,96,119,70,96
1,<environment.Job instance at 0x7eff9733e5f0>,42,2,[5 1],43,98,100,55,98
1,<environment.Job instance at 0x7eff97307fa0>,26,23,[5 6],27,102,125,75,102
1,<environment.Job instance at 0x7eff9733e190>,43,17,[ 5 12],44,125,142,81,113
1,<environment.Job instance at 0x7eff53804820>,52,1,[7 2],53,119,120,66,115
1,<environment.Job instance at 0x7eff53804780>,53,20,[5 2],54,120,140,66,115
1,<environment.Job instance at 0x7eff99d1e5f0>,55,15,[8 2],56,140,155,84,132
1,<environment.Job instance at 0x7eff99d1e500>,56,1,[6 2],57,142,143,85,132
1,<environment.Job instance at 0x7eff97339aa0>,57,2,[ 5 11],58,143,145,85,132
1,<environment.Job instance at 0x7eff97339b90>,58,12,[12  2],59,155,167,96,138
1,<environment.Job instance at 0x7eff97344a00>,60,2,[ 4 14],61,167,169,106,140
1,<environment.Job instance at 0x7eff97344d20>,62,1,[ 4 10],63,145,146,82,141
1,<environment.Job instance at 0x7eff97344e10>,65,3,[1 7],66,152,155,86,152
1,<environment.Job instance at 0x7eff9732b910>,67,3,[1 7],68,163,166,95,163
1,<environment.Job instance at 0x7eff533d6d20>,69,2,[6 4],70,169,171,99,163
1,<environment.Job instance at 0x7eff533ac7d0>,70,25,[8 3],71,169,194,98,165
1,<environment.Job instance at 0x7eff533d3be0>,71,27,[8 1],72,194,221,122,192
1,<environment.Job instance at 0x7eff534d1b90>,77,27,[2 6],78,192,219,114,192
1,<environment.Job instance at 0x7eff97512f50>,81,2,[8 5],82,221,223,139,194
1,<environment.Job instance at 0x7eff5351eb90>,83,1,[ 3 10],84,219,220,135,202
1,<environment.Job instance at 0x7eff97528370>,84,2,[10  3],85,223,225,138,202
1,<environment.Job instance at 0x7eff533b33c0>,86,14,[10  1],87,225,239,138,214
1,<environment.Job instance at 0x7ff5c7759140>,1,22,[11  3],2,2,24,0,2
1,<environment.Job instance at 0x7ff5c7759320>,2,22,[4 8],3,3,25,0,3
1,<environment.Job instance at 0x7ff5c2349910>,12,26,[ 1 10],13,25,51,12,22
1,<environment.Job instance at 0x7ff5c2349e60>,17,3,[4 9],18,51,54,33,34
1,<environment.Job instance at 0x7ff5c2349f00>,18,3,[4 7],19,54,57,35,34
1,<environment.Job instance at 0x7ff5c2349960>,20,1,[7 5],21,46,47,25,46
1,<environment.Job instance at 0x7ff5c2349870>,21,1,[6 5],22,47,48,25,46
1,<environment.Job instance at 0x7ff5c234a0f0>,22,1,[2 7],23,54,55,31,46
1,<environment.Job instance at 0x7ff5c234a3c0>,23,27,[1 6],24,55,82,31,53
1,<environment.Job instance at 0x7ff5c234a460>,24,18,[2 6],25,57,75,32,54
1,<environment.Job instance at 0x7ff5c234a5a0>,26,3,[3 7],27,75,78,48,54
1,<environment.Job instance at 0x7ff5c234a690>,28,23,[10  4],29,78,101,49,72
1,<environment.Job instance at 0x7ff5c234aa00>,32,3,[5 1],33,72,75,39,72
1,<environment.Job instance at 0x7ff5c234abe0>,34,24,[1 8],35,82,106,47,77
1,<environment.Job instance at 0x7ff5c234ae60>,36,13,[ 3 14],37,106,119,69,90
1,<environment.Job instance at 0x7ff5c234af00>,37,2,[2 6],38,101,103,63,90
1,<environment.Job instance at 0x7ff5c234afa0>,38,2,[ 1 10],39,119,121,80,92
1,<environment.Job instance at 0x7ff5c234acd0>,39,2,[5 6],40,103,105,63,92
1,<environment.Job instance at 0x7ff5c234ad20>,41,1,[5 2],42,105,106,63,92
1,<environment.Job instance at 0x7ff5c234d280>,42,2,[4 6],43,121,123,78,94
1,<environment.Job instance at 0x7ff5c234d3c0>,44,3,[5 5],45,119,122,74,94
1,<environment.Job instance at 0x7ff5c234d730>,46,17,[12  2],47,123,140,76,111
1,<environment.Job instance at 0x7ff5c234d4b0>,47,2,[6 5],48,140,142,92,113
1,<environment.Job instance at 0x7ff5c234d910>,50,16,[12  2],51,142,158,91,129
1,<environment.Job instance at 0x7ff5c234da50>,52,1,[8 5],53,140,141,87,129
1,<environment.Job instance at 0x7ff5c234daa0>,54,13,[13  1],55,158,171,103,142
1,<environment.Job instance at 0x7ff5c234de60>,55,2,[ 3 10],56,142,144,86,142
1,<environment.Job instance at 0x7ff5c234df00>,58,14,[2 7],59,146,160,87,146
1,<environment.Job instance at 0x7ff5c23511e0>,59,17,[1 6],60,160,177,100,148
1,<environment.Job instance at 0x7ff5c2351230>,60,3,[12  3],61,171,174,110,148
1,<environment.Job instance at 0x7ff5c2351280>,62,22,[6 4],63,174,196,111,167
1,<environment.Job instance at 0x7ff5c23515f0>,65,20,[2 6],66,177,197,111,168
1,<environment.Job instance at 0x7ff5c2351730>,67,27,[ 1 10],68,197,224,129,195
1,<environment.Job instance at 0x7ff5c23517d0>,68,2,[ 3 10],69,224,226,155,197
1,<environment.Job instance at 0x7ff5c2351870>,69,13,[ 3 12],70,226,239,156,210
1,<environment.Job instance at 0x7ff5c2351910>,70,3,[10  2],71,210,213,139,210
1,<environment.Job instance at 0x7ff5c23519b0>,71,2,[5 1],72,213,215,141,210
1,<environment.Job instance at 0x7ff5c2351e10>,72,2,[5 9],73,239,241,166,212
1,<environment.Job instance at 0x7ff5c2351e60>,73,13,[6 3],74,213,226,139,212
1,<environment.Job instance at 0x7ff5c2351b90>,75,14,[ 4 11],76,241,255,165,226
1,<environment.Job instance at 0x7ff5c7782280>,6,15,[11  1],7,7,22,0,7
1,<environment.Job instance at 0x7ff5c77828c0>,9,1,[10  4],10,22,23,12,10
1,<environment.Job instance at 0x7ff5c7782af0>,10,3,[6 5],11,23,26,12,11
1,<environment.Job instance at 0x7ff5c7782fa0>,11,26,[ 5 10],12,22,48,10,19
1,<environment.Job instance at 0x7ff5c7782e10>,13,15,[6 1],14,26,41,12,21
1,<environment.Job instance at 0x7ff5c78c65a0>,18,1,[3 6],19,48,49,29,30
1,<environment.Job instance at 0x7ff5c78c6aa0>,19,20,[2 6],20,48,68,28,39
1,<environment.Job instance at 0x7ff5c78d0190>,23,12,[ 4 11],24,68,80,44,52
1,<environment.Job instance at 0x7ff5c78c6c80>,22,3,[ 4 12],23,80,83,57,60
1,<environment.Job instance at 0x7ff5c78c6780>,16,3,[ 1 12],17,83,86,66,60
1,<environment.Job instance at 0x7ff5c78d0140>,25,21,[4 5],26,86,107,60,78
1,<environment.Job instance at 0x7ff5c78c0a00>,28,23,[ 2 14],29,107,130,78,101
1,<environment.Job instance at 0x7ff5c78c1960>,36,1,[9 3],37,130,131,93,107
1,<environment.Job instance at 0x7ff5c78c10f0>,37,20,[9 2],38,131,151,93,122
1,<environment.Job instance at 0x7ff5c78c0f50>,26,3,[ 5 10],27,131,134,104,131
1,<environment.Job instance at 0x7ff5c78c0fa0>,27,22,[4 5],28,139,161,111,139
1,<environment.Job instance at 0x7ff5c78c1e10>,38,16,[11  2],39,151,167,112,145
1,<environment.Job instance at 0x7ff5c78cd690>,42,3,[4 7],43,161,164,118,145
1,<environment.Job instance at 0x7ff5c78cd1e0>,43,15,[ 1 12],44,164,179,120,150
1,<environment.Job instance at 0x7ff5c78cdb40>,45,3,[ 4 13],46,179,182,133,153
1,<environment.Job instance at 0x7ff5c78cda50>,47,1,[ 1 14],48,182,183,134,154
1,<environment.Job instance at 0x7ff5c78cde60>,48,1,[4 6],49,183,184,134,155
1,<environment.Job instance at 0x7ff5c78cd2d0>,50,2,[3 8],51,183,185,132,156
1,<environment.Job instance at 0x7ff5c78cd3c0>,53,3,[1 9],54,185,188,131,163
1,<environment.Job instance at 0x7ff5c78d45f0>,55,1,[9 1],56,167,168,111,167
1,<environment.Job instance at 0x7ff5c78d4960>,56,1,[6 3],57,168,169,111,167
1,<environment.Job instance at 0x7ff5c78d4370>,57,3,[4 5],58,184,187,126,167
1,<environment.Job instance at 0x7ff5c78d4190>,59,2,[4 9],60,188,190,128,175
1,<environment.Job instance at 0x7ff5c78d4e60>,60,3,[13  3],61,175,178,114,175
1,<environment.Job instance at 0x7ff5c78d4280>,61,15,[1 7],62,190,205,128,179
1,<environment.Job instance at 0x7ff5c78d46e0>,62,3,[3 7],63,190,193,127,179
1,<environment.Job instance at 0x7ff5c78d4910>,63,15,[5 2],64,193,208,129,181
1,<environment.Job instance at 0x7ff5c78d4820>,65,13,[ 1 14],66,208,221,142,192
1,<environment.Job instance at 0x7ff5c78d4a00>,66,2,[8 1],67,192,194,125,192
1,<environment.Job instance at 0x7ff5c78cab90>,67,2,[10  2],68,205,207,137,192
1,<environment.Job instance at 0x7ff5c78ca870>,74,19,[6 1],75,207,226,132,197
1,<environment.Job instance at 0x7ff5c78ca6e0>,76,2,[11  5],77,226,228,149,209
1,<environment.Job instance at 0x7ff5c78cbc30>,77,21,[ 3 10],78,221,242,143,213
1,<environment.Job instance at 0x7ff5c78cb230>,78,3,[14  4],79,242,245,163,218
1,<environment.Job instance at 0x7ff5c78cb2d0>,80,1,[5 8],81,245,246,164,218
1,<environment.Job instance at 0x7ff57c804c30>,4,3,[9 2],5,5,8,0,5
1,<environment.Job instance at 0x7ff57c804230>,5,14,[10  2],6,8,22,2,6
1,<environment.Job instance at 0x7ff57c645a00>,6,3,[2 8],7,7,10,0,7
1,<environment.Job instance at 0x7ff57c645b40>,7,1,[2 8],8,10,11,2,8
1,<environment.Job instance at 0x7ff57c6456e0>,8,2,[13  1],9,22,24,13,9
1,<environment.Job instance at 0x7ff57c645690>,9,2,[10  4],10,24,26,14,10
1,<environment.Job instance at 0x7ff57c804f00>,11,3,[13  5],12,26,29,14,12
1,<environment.Job instance at 0x7ff57c640370>,12,2,[ 1 12],13,16,18,3,16
1,<environment.Job instance at 0x7ff57c63cd70>,18,1,[10  5],19,29,30,10,19
1,<environment.Job instance at 0x7ff57c63c6e0>,19,1,[ 2 10],20,20,21,0,20
1,<environment.Job instance at 0x7ff57c63c410>,23,14,[11  3],24,30,44,6,25
1,<environment.Job instance at 0x7ff57c63c690>,25,1,[3 8],26,33,34,7,33
1,<environment.Job instance at 0x7ff57c63c460>,26,14,[10  1],27,44,58,17,33
1,<environment.Job instance at 0x7ff57c640320>,22,1,[ 4 13],23,44,45,21,33
1,<environment.Job instance at 0x7ff57c63c550>,27,16,[9 2],28,58,74,30,45
1,<environment.Job instance at 0x7ff57c62d4b0>,31,1,[8 3],32,74,75,42,46
1,<environment.Job instance at 0x7ff57c62d5f0>,32,20,[1 7],33,46,66,13,46
1,<environment.Job instance at 0x7ff57c62d690>,35,1,[10  1],36,75,76,39,47
1,<environment.Job instance at 0x7ff57c62d5a0>,36,19,[2 7],37,66,85,29,56
1,<environment.Job instance at 0x7ff57c690a00>,39,2,[5 8],40,76,78,36,58
1,<environment.Job instance at 0x7ff57c690be0>,40,24,[ 1 10],41,85,109,44,80
1,<environment.Job instance at 0x7ff57c6904b0>,41,2,[9 5],42,80,82,38,80
1,<environment.Job instance at 0x7ff57c6900f0>,42,2,[9 3],43,82,84,39,80
1,<environment.Job instance at 0x7ff57c690140>,43,24,[7 4],44,84,108,40,80
1,<environment.Job instance at 0x7ff57c624a50>,45,3,[12  3],46,108,111,62,82
1,<environment.Job instance at 0x7ff57c645730>,13,2,[5 6],14,111,113,97,89
1,<environment.Job instance at 0x7ff57c624c30>,50,3,[7 3],51,111,114,60,92
1,<environment.Job instance at 0x7ff57c624780>,51,27,[4 7],52,113,140,61,111
1,<environment.Job instance at 0x7ff57c624f00>,52,26,[8 4],53,114,140,61,111
1,<environment.Job instance at 0x7ff57c70edc0>,60,25,[ 3 10],61,140,165,79,136
1,<environment.Job instance at 0x7ff57c624870>,47,2,[4 5],48,140,142,92,140
1,<environment.Job instance at 0x7ff57c70e2d0>,72,1,[5 5],73,154,155,81,154
1,<environment.Job instance at 0x7ff57c70e640>,68,15,[3 6],69,165,180,96,157
1,<environment.Job instance at 0x7ff57c69d5f0>,76,28,[6 5],77,165,193,88,165
1,<environment.Job instance at 0x7ff57c69d0f0>,75,1,[8 1],76,180,181,104,170
1,<environment.Job instance at 0x7ff57c69dd20>,73,23,[10  1],74,193,216,119,187
1,<environment.Job instance at 0x7ff57c69d640>,77,18,[5 9],78,187,205,109,187
1,<environment.Job instance at 0x7ff57c69de10>,81,15,[14  1],82,216,231,134,203
1,<environment.Job instance at 0x7ff57c746b40>,1,3,[4 5],2,2,5,0,2
1,<environment.Job instance at 0x7ff5c78d3e60>,2,25,[6 3],3,3,28,0,3
1,<environment.Job instance at 0x7ff57cad1c30>,10,1,[ 1 10],11,11,12,0,11
1,<environment.Job instance at 0x7ff57cad1cd0>,14,15,[5 1],15,18,33,3,18
1,<environment.Job instance at 0x7ff57cad1b90>,15,3,[5 2],16,28,31,12,18
1,<environment.Job instance at 0x7ff57cc81be0>,16,3,[ 5 10],17,28,31,11,18
1,<environment.Job instance at 0x7ff57cc81550>,17,1,[8 5],18,31,32,13,18
1,<environment.Job instance at 0x7ff57cc81320>,18,2,[2 6],19,19,21,0,19
1,<environment.Job instance at 0x7ff57cc819b0>,19,18,[13  1],20,33,51,13,22
1,<environment.Job instance at 0x7ff57cc81140>,21,2,[1 7],22,22,24,0,22
1,<environment.Job instance at 0x7ff57cc81050>,22,3,[ 3 11],23,24,27,1,23
1,<environment.Job instance at 0x7ff57cad1690>,12,1,[5 9],13,51,52,38,33
1,<environment.Job instance at 0x7ff57c72bdc0>,29,15,[ 3 10],30,52,67,22,40
1,<environment.Job instance at 0x7ff57c74d410>,30,24,[2 8],31,67,91,36,62
1,<environment.Job instance at 0x7ff57c74d460>,31,24,[9 1],32,62,86,30,62
1,<environment.Job instance at 0x7ff57c74deb0>,33,24,[10  5],34,86,110,52,81
1,<environment.Job instance at 0x7ff57c74d230>,34,23,[10  2],35,110,133,75,104
1,<environment.Job instance at 0x7ff57c74d9b0>,35,15,[ 1 11],36,110,125,74,104
1,<environment.Job instance at 0x7ff57c74d2d0>,37,1,[4 5],38,104,105,66,104
1,<environment.Job instance at 0x7ff57cc7fdc0>,38,1,[2 9],39,105,106,66,104
1,<environment.Job instance at 0x7ff57cc7f6e0>,43,3,[3 5],44,125,128,81,123
1,<environment.Job instance at 0x7ff57cc7f870>,45,12,[ 4 10],46,128,140,82,126
1,<environment.Job instance at 0x7ff57cc7fa50>,46,1,[2 6],47,126,127,79,126
1,<environment.Job instance at 0x7ff57cc7fb90>,47,15,[ 3 12],48,140,155,92,126
1,<environment.Job instance at 0x7ff57cb003c0>,54,18,[3 6],55,155,173,100,144
1,<environment.Job instance at 0x7ff57cb000a0>,55,3,[9 4],56,155,158,99,144
1,<environment.Job instance at 0x7ff57c746500>,4,17,[9 4],5,158,175,153,149
1,<environment.Job instance at 0x7ff57cb00050>,59,3,[ 2 10],60,173,176,113,156
1,<environment.Job instance at 0x7ff5c78d01e0>,63,3,[4 8],64,176,179,112,159
1,<environment.Job instance at 0x7ff57c5ed2d0>,65,3,[3 8],66,179,182,113,164
1,<environment.Job instance at 0x7ff5c78d02d0>,62,12,[3 8],63,182,194,119,175
1,<environment.Job instance at 0x7ff57c5ed5f0>,67,15,[5 3],68,175,190,107,175
1,<environment.Job instance at 0x7ff57c5edb90>,66,25,[ 5 10],67,194,219,127,190
1,<environment.Job instance at 0x7ff57c5ede10>,68,18,[1 5],69,190,208,121,190
1,<environment.Job instance at 0x7ff57c5ed460>,72,3,[10  4],73,208,211,135,190
1,<environment.Job instance at 0x7ff57c5ed0a0>,73,2,[5 7],74,219,221,145,192
1,<environment.Job instance at 0x7ff57c5ed870>,74,1,[3 8],75,219,220,144,192
1,<environment.Job instance at 0x7ff57cc18e60>,83,2,[5 5],84,211,213,127,198
1,<environment.Job instance at 0x7ff57c6ff960>,84,1,[7 4],85,213,214,128,201
1,<environment.Job instance at 0x7ff57cc182d0>,82,17,[12  4],83,221,238,138,209
1,<environment.Job instance at 0x7ff57c6fffa0>,86,3,[6 3],87,214,217,127,209
1,<environment.Job instance at 0x7ff5c78d3280>,6,2,[11  3],7,10,12,3,10
1,<environment.Job instance at 0x7ff57c7b3be0>,8,14,[ 2 10],9,12,26,3,12
1,<environment.Job instance at 0x7ff57ca439b0>,13,1,[1 7],14,26,27,12,23
1,<environment.Job instance at 0x7ff5c77aba50>,14,1,[14  4],15,26,27,11,23
1,<environment.Job instance at 0x7ff57c63caf0>,16,3,[8 1],17,31,34,14,31
1,<environment.Job instance at 0x7ff5c236a870>,17,2,[6 4],18,31,33,13,31
1,<environment.Job instance at 0x7ff57cb1d8c0>,12,2,[12  5],13,41,43,28,41
1,<environment.Job instance at 0x7ff57cb22b90>,24,2,[2 5],25,48,50,23,48
1,<environment.Job instance at 0x7ff57cb22d70>,20,13,[5 6],21,59,72,38,59
1,<environment.Job instance at 0x7ff57ca47140>,27,3,[10  2],28,62,65,34,62
1,<environment.Job instance at 0x7ff57ca47370>,29,1,[ 3 10],30,72,73,42,62
1,<environment.Job instance at 0x7ff57c9ffe10>,3,2,[ 2 14],4,75,77,71,75
1,<environment.Job instance at 0x7ff57ca477d0>,32,1,[ 5 10],33,77,78,44,75
1,<environment.Job instance at 0x7ff57ca47870>,33,1,[ 5 12],34,78,79,44,75
1,<environment.Job instance at 0x7ff57ca47910>,34,21,[7 2],35,77,98,42,75
1,<environment.Job instance at 0x7ff57ca47b40>,37,2,[10  4],38,98,100,60,75
1,<environment.Job instance at 0x7ff57ca47d70>,42,14,[ 1 11],43,87,101,44,87
1,<environment.Job instance at 0x7ff57ca47fa0>,44,3,[14  4],45,100,103,55,100
1,<environment.Job instance at 0x7ff57ca47f50>,45,2,[5 5],46,103,105,57,100
1,<environment.Job instance at 0x7ff57ca47f00>,46,2,[13  4],47,105,107,58,100
1,<environment.Job instance at 0x7ff57ca462d0>,47,3,[3 5],48,107,110,59,100
1,<environment.Job instance at 0x7ff57ca46500>,49,27,[1 5],50,102,129,52,102
1,<environment.Job instance at 0x7ff57ca465a0>,50,1,[5 1],51,103,104,52,102
1,<environment.Job instance at 0x7ff57ca46640>,51,3,[9 3],52,107,110,55,102
1,<environment.Job instance at 0x7ff57ca466e0>,52,3,[ 4 10],53,110,113,57,102
1,<environment.Job instance at 0x7ff57ca46780>,53,3,[8 4],54,113,116,59,102
1,<environment.Job instance at 0x7ff57ca468c0>,55,14,[ 5 12],56,129,143,73,115
1,<environment.Job instance at 0x7ff57ca46a00>,57,19,[14  4],58,143,162,85,133
1,<environment.Job instance at 0x7ff57ca47780>,31,13,[4 5],32,170,183,138,170
1,<environment.Job instance at 0x7ff57c6ff7d0>,4,17,[ 5 14],5,185,202,180,185
1,<environment.Job instance at 0x7ff57c552050>,68,3,[ 5 14],69,202,205,133,191
1,<environment.Job instance at 0x7ff57ca46fa0>,66,25,[3 8],67,206,231,139,206
1,<environment.Job instance at 0x7ff57c552280>,71,3,[ 4 10],72,231,234,159,226
1,<environment.Job instance at 0x7ff57c5523c0>,73,1,[3 5],74,227,228,153,227
1,<environment.Job instance at 0x7ff57c5523c0>,5,21,[2 5],6,6,27,0,6
1,<environment.Job instance at 0x7ff5c4db62d0>,6,1,[7 2],7,7,8,0,7
1,<environment.Job instance at 0x7ff5c4db6c30>,7,2,[2 6],8,8,10,0,8
1,<environment.Job instance at 0x7ff5c4db6be0>,9,19,[9 1],10,10,29,0,10
1,<environment.Job instance at 0x7ff57c9fa960>,12,1,[2 9],13,14,15,1,14
1,<environment.Job instance at 0x7ff5c4db15a0>,15,12,[2 9],16,16,28,0,16
1,<environment.Job instance at 0x7ff5c4db1730>,27,22,[1 7],28,47,69,19,47
1,<environment.Job instance at 0x7ff5c4db1230>,28,2,[5 7],29,47,49,18,47
1,<environment.Job instance at 0x7ff5c4db14b0>,24,17,[3 9],25,69,86,44,64
1,<environment.Job instance at 0x7ff5c4db19b0>,32,1,[9 3],33,64,65,31,64
1,<environment.Job instance at 0x7ff5c4db1af0>,17,2,[2 8],18,67,69,49,67
1,<environment.Job instance at 0x7ff5c2223190>,35,25,[6 3],36,69,94,33,67
1,<environment.Job instance at 0x7ff5c2223d20>,37,2,[4 5],38,86,88,48,70
1,<environment.Job instance at 0x7ff5c2223be0>,34,14,[7 1],35,88,102,53,80
1,<environment.Job instance at 0x7ff5c2223af0>,40,2,[ 5 11],41,94,96,53,85
1,<environment.Job instance at 0x7ff5c2223280>,44,1,[5 7],45,98,99,53,98
1,<environment.Job instance at 0x7ff5c22238c0>,46,2,[2 9],47,110,112,63,110
1,<environment.Job instance at 0x7ff5c2223640>,47,3,[7 1],48,111,114,63,111
1,<environment.Job instance at 0x7ff5c2216690>,49,27,[ 5 10],50,120,147,70,120
1,<environment.Job instance at 0x7ff5c22163c0>,50,1,[6 3],51,120,121,69,120
1,<environment.Job instance at 0x7ff5c4db1fa0>,25,13,[10  4],26,123,136,97,123
1,<environment.Job instance at 0x7ff5c4db1050>,33,3,[ 3 14],34,147,150,113,127
1,<environment.Job instance at 0x7ff5c2216eb0>,54,2,[2 5],55,136,138,81,130
1,<environment.Job instance at 0x7ff5c2216050>,58,20,[6 2],59,150,170,91,141
1,<environment.Job instance at 0x7ff5c2216730>,63,2,[5 5],64,155,157,91,155
1,<environment.Job instance at 0x7ff5c2216cd0>,67,18,[1 7],68,162,180,94,162
1,<environment.Job instance at 0x7ff5c2216870>,68,12,[ 5 12],69,180,192,111,163
1,<environment.Job instance at 0x7ff5c2216aa0>,51,22,[ 1 10],52,197,219,145,197
1,<environment.Job instance at 0x7ff57c6d2a00>,78,21,[5 8],79,219,240,140,213
1,<environment.Job instance at 0x7ff5c2329a00>,7,3,[ 1 12],8,8,11,0,8
1,<environment.Job instance at 0x7ff57c9176e0>,8,15,[ 3 11],9,28,43,19,28
1,<environment.Job instance at 0x7ff5c49a38c0>,15,15,[ 2 11],16,43,58,27,29
1,<environment.Job instance at 0x7ff5c4a38190>,23,20,[5 4],24,36,56,12,36
1,<environment.Job instance at 0x7ff5c4e68b90>,24,2,[10  3],25,56,58,31,36
1,<environment.Job instance at 0x7ff5c4a38640>,26,2,[3 9],27,58,60,31,36
1,<environment.Job instance at 0x7ff5c4a7f550>,29,1,[ 2 10],30,60,61,30,36
1,<environment.Job instance at 0x7ff57c944e10>,9,3,[5 1],10,58,61,48,39
1,<environment.Job instance at 0x7ff57c8021e0>,30,16,[14  3],31,61,77,30,48
1,<environment.Job instance at 0x7ff5c246a690>,31,2,[5 1],32,58,60,26,48
1,<environment.Job instance at 0x7ff5c283e730>,35,20,[4 7],36,77,97,41,68
1,<environment.Job instance at 0x7ff5c4ed1fa0>,38,1,[ 3 10],39,97,98,58,69
1,<environment.Job instance at 0x7ff5c4ed1460>,41,27,[5 1],42,77,104,35,76
1,<environment.Job instance at 0x7ff5c22eba50>,42,21,[1 6],43,98,119,55,90
1,<environment.Job instance at 0x7ff5c49a3a00>,16,23,[7 4],17,97,120,80,91
1,<environment.Job instance at 0x7ff5c22eb690>,45,16,[4 5],46,104,120,58,91
1,<environment.Job instance at 0x7ff5c22eb9b0>,47,13,[13  1],48,120,133,72,104
1,<environment.Job instance at 0x7ff5c22eb190>,51,19,[10  1],52,133,152,81,123
1,<environment.Job instance at 0x7ff5c4a152d0>,56,25,[ 5 10],57,143,168,86,143
1,<environment.Job instance at 0x7ff57c7ed230>,34,15,[10  3],35,152,167,117,145
1,<environment.Job instance at 0x7ff57c921870>,71,2,[9 5],72,171,173,99,171
1,<environment.Job instance at 0x7ff57c921aa0>,72,3,[9 5],73,173,176,100,171
1,<environment.Job instance at 0x7ff5c27487d0>,63,16,[6 5],64,190,206,126,190
1,<environment.Job instance at 0x7ff5c21d0b40>,76,2,[13  5],77,206,208,129,192
1,<environment.Job instance at 0x7ff57c7c0410>,80,26,[6 3],81,208,234,127,205
1,<environment.Job instance at 0x7ff5c77826e0>,82,17,[ 2 11],83,208,225,125,206
1,<environment.Job instance at 0x7ff5c7782e10>,83,2,[6 3],84,225,227,141,206
1,<environment.Job instance at 0x7ff57cbe3050>,84,1,[9 4],85,227,228,142,206
1,<environment.Job instance at 0x7ff5c22603c0>,2,3,[5 2],3,3,6,0,3
1,<environment.Job instance at 0x7ff5c4ed1e10>,3,3,[9 2],4,4,7,0,4
1,<environment.Job instance at 0x7ff57ca2f410>,8,1,[8 4],9,9,10,0,9
1,<environment.Job instance at 0x7ff57c59a960>,9,3,[7 4],10,10,13,0,10
1,<environment.Job instance at 0x7ff57c59af00>,10,2,[4 9],11,11,13,0,11
1,<environment.Job instance at 0x7ff57c59a5a0>,11,14,[ 3 14],12,13,27,1,12
1,<environment.Job instance at 0x7ff5c239acd0>,14,1,[1 9],15,27,28,12,21
1,<environment.Job instance at 0x7ff57c62b460>,21,2,[2 6],22,31,33,9,31
1,<environment.Job instance at 0x7ff57c62b410>,22,3,[9 1],23,31,34,8,31
1,<environment.Job instance at 0x7ff57c62b820>,23,28,[ 1 11],24,33,61,9,32
1,<environment.Job instance at 0x7ff57c62b960>,25,23,[5 3],26,51,74,25,51
1,<environment.Job instance at 0x7ff57c62ba00>,26,14,[13  5],27,74,88,47,60
1,<environment.Job instance at 0x7ff57c62bc80>,30,13,[12  5],31,88,101,57,74
1,<environment.Job instance at 0x7ff57c62bf50>,34,1,[6 1],35,101,102,66,80
1,<environment.Job instance at 0x7ff57c61d140>,38,15,[ 3 13],39,101,116,62,87
1,<environment.Job instance at 0x7ff57c61d3c0>,43,18,[ 1 10],44,116,134,72,105
1,<environment.Job instance at 0x7ff57c61d050>,44,1,[1 6],45,134,135,89,106
1,<environment.Job instance at 0x7ff57c61d690>,45,12,[8 1],46,112,124,66,112
1,<environment.Job instance at 0x7ff57c61d280>,46,18,[ 3 13],47,135,153,88,124
1,<environment.Job instance at 0x7ff57c61db40>,51,1,[9 5],52,132,133,80,132
1,<environment.Job instance at 0x7ff57c61dc80>,52,2,[ 2 10],53,153,155,100,134
1,<environment.Job instance at 0x7ff57c61de60>,54,2,[4 6],55,155,157,100,136
1,<environment.Job instance at 0x7ff57c61d8c0>,55,2,[10  5],56,153,155,97,136
1,<environment.Job instance at 0x7ff57c61df00>,56,1,[5 7],57,155,156,98,136
1,<environment.Job instance at 0x7ff57c61deb0>,57,2,[ 4 14],58,157,159,99,136
1,<environment.Job instance at 0x7ff57c6471e0>,60,1,[5 4],61,156,157,95,138
1,<environment.Job instance at 0x7ff57c647320>,61,18,[4 8],62,159,177,97,150
1,<environment.Job instance at 0x7ff57c6472d0>,62,1,[2 7],63,159,160,96,150
1,<environment.Job instance at 0x7ff57c6473c0>,64,2,[ 1 12],65,177,179,112,151
1,<environment.Job instance at 0x7ff57c647730>,65,13,[1 5],66,160,173,94,151
1,<environment.Job instance at 0x7ff57c647820>,67,2,[6 4],68,173,175,105,153
1,<environment.Job instance at 0x7ff57c647870>,70,25,[2 8],71,179,204,108,175
1,<environment.Job instance at 0x7ff57c647460>,72,18,[9 4],73,179,197,106,178
1,<environment.Job instance at 0x7ff57c59a820>,15,13,[ 1 12],16,204,217,188,192
1,<environment.Job instance at 0x7ff57c647c80>,74,3,[ 3 14],75,217,220,142,197
1,<environment.Job instance at 0x7ff57c647b90>,73,18,[ 4 10],74,220,238,146,209
1,<environment.Job instance at 0x7ff57c647f50>,79,2,[13  5],80,238,240,158,211
1,<environment.Job instance at 0x7ff57c6311e0>,1,1,[10  4],2,2,3,0,2
1,<environment.Job instance at 0x7ff57c631500>,4,17,[3 6],5,12,29,7,12
1,<environment.Job instance at 0x7ff57ca03190>,5,18,[14  2],6,29,47,23,18
1,<environment.Job instance at 0x7ff57ca0e870>,17,25,[9 4],18,47,72,29,43
1,<environment.Job instance at 0x7ff5c2234b40>,21,3,[ 4 12],22,72,75,50,47
1,<environment.Job instance at 0x7ff5c232be60>,20,16,[2 8],21,50,66,29,50
1,<environment.Job instance at 0x7ff57c6eea50>,26,16,[14  3],27,75,91,48,63
1,<environment.Job instance at 0x7ff5c2161500>,29,2,[9 5],30,91,93,61,75
1,<environment.Job instance at 0x7ff57c9bb5f0>,12,15,[3 8],13,91,106,78,83
1,<environment.Job instance at 0x7ff57ca34910>,27,14,[12  5],28,93,107,65,92
1,<environment.Job instance at 0x7ff57cbb81e0>,37,1,[5 7],38,107,108,69,92
1,<environment.Job instance at 0x7ff57c99c5f0>,39,16,[ 3 10],40,108,124,68,100
1,<environment.Job instance at 0x7ff5c77a86e0>,40,3,[7 3],41,107,110,66,100
1,<environment.Job instance at 0x7ff5c4fe2410>,23,17,[6 4],24,110,127,86,103
1,<environment.Job instance at 0x7ff5c27c37d0>,44,3,[3 5],45,124,127,79,108
1,<environment.Job instance at 0x7ff5c506b0f0>,45,23,[8 2],46,127,150,81,121
1,<environment.Job instance at 0x7ff5c22c2870>,47,1,[8 3],48,150,151,102,122
1,<environment.Job instance at 0x7ff5c22c2dc0>,48,1,[ 1 10],49,127,128,78,122
1,<environment.Job instance at 0x7ff5c22c20f0>,49,2,[3 6],50,124,126,74,122
1,<environment.Job instance at 0x7ff5c506b3c0>,42,18,[5 8],43,128,146,85,127
1,<environment.Job instance at 0x7ff5c2798f50>,53,18,[ 2 11],54,146,164,92,141
1,<environment.Job instance at 0x7ff5c4a1a140>,55,3,[11  2],56,151,154,95,146
1,<environment.Job instance at 0x7ff5c4a1afa0>,58,14,[8 1],59,154,168,95,154
1,<environment.Job instance at 0x7ff5c4a1ab40>,57,12,[5 4],58,164,176,106,154
1,<environment.Job instance at 0x7ff57cc2efa0>,30,1,[8 5],31,168,169,137,159
1,<environment.Job instance at 0x7ff5c25cf9b0>,62,23,[7 1],63,169,192,106,163
1,<environment.Job instance at 0x7ff5c2843690>,65,3,[13  2],66,192,195,126,166
1,<environment.Job instance at 0x7ff5c2843be0>,68,1,[13  4],69,195,196,126,169
1,<environment.Job instance at 0x7ff5c28434b0>,72,13,[14  4],73,196,209,123,188
1,<environment.Job instance at 0x7ff5c2162960>,77,2,[2 9],78,209,211,131,196
1,<environment.Job instance at 0x7ff5c21628c0>,78,2,[8 3],79,209,211,130,196
1,<environment.Job instance at 0x7ff5c4bf8370>,80,15,[9 1],81,211,226,130,203
1,<environment.Job instance at 0x7ff5c4bf8690>,81,23,[ 3 13],82,211,234,129,205
1,<environment.Job instance at 0x7ff5c23bc910>,9,3,[10  2],10,23,26,13,23
1,<environment.Job instance at 0x7ff5c23bc2d0>,10,13,[11  4],11,26,39,15,23
1,<environment.Job instance at 0x7ff5c23bc690>,11,12,[ 1 13],12,39,51,27,23
1,<environment.Job instance at 0x7ff5c4c4ae60>,17,2,[3 7],18,51,53,33,50
1,<environment.Job instance at 0x7ff5c4c4a730>,18,12,[10  1],19,50,62,31,50
1,<environment.Job instance at 0x7ff5c4ae0fa0>,19,21,[1 7],20,51,72,31,50
1,<environment.Job instance at 0x7ff5c4ae00f0>,21,2,[5 5],22,65,67,43,65
1,<environment.Job instance at 0x7ff5c4ae0370>,22,17,[ 2 14],23,72,89,49,65
1,<environment.Job instance at 0x7ff5c4ae0f00>,24,1,[10  4],25,67,68,42,65
1,<environment.Job instance at 0x7ff57c9b9190>,30,2,[8 1],31,88,90,57,88
1,<environment.Job instance at 0x7ff57cbfb190>,31,1,[9 4],32,90,91,58,88
1,<environment.Job instance at 0x7ff57c99c730>,32,15,[2 9],33,89,104,56,89
1,<environment.Job instance at 0x7ff57c99cc80>,33,2,[1 7],34,104,106,70,89
1,<environment.Job instance at 0x7ff5c4c06370>,34,2,[1 6],35,91,93,56,89
1,<environment.Job instance at 0x7ff5c4c063c0>,35,16,[11  3],36,93,109,57,90
1,<environment.Job instance at 0x7ff5c4ae2460>,36,3,[9 2],37,109,112,72,90
1,<environment.Job instance at 0x7ff5c4f45320>,38,1,[8 2],39,112,113,73,91
1,<environment.Job instance at 0x7ff5c4f45f00>,39,3,[2 6],40,106,109,66,91
1,<environment.Job instance at 0x7ff57ca3f7d0>,41,1,[9 4],42,113,114,71,93
1,<environment.Job instance at 0x7ff5c23bcf00>,6,13,[3 7],7,109,122,102,97
1,<environment.Job instance at 0x7ff57c945960>,3,14,[5 5],4,114,128,110,103
1,<environment.Job instance at 0x7ff57c6463c0>,5,3,[ 1 14],6,128,131,122,104
1,<environment.Job instance at 0x7ff57cc4b730>,43,18,[ 2 10],44,131,149,87,121
1,<environment.Job instance at 0x7ff57cc4baf0>,50,1,[4 5],51,122,123,71,121
1,<environment.Job instance at 0x7ff57cc4b550>,52,1,[6 3],53,122,123,69,122
1,<environment.Job instance at 0x7ff57cc4bfa0>,53,3,[1 6],54,123,126,69,122
1,<environment.Job instance at 0x7ff57cc4b960>,54,1,[5 4],55,123,124,68,122
1,<environment.Job instance at 0x7ff57cc4bf00>,46,1,[11  2],47,133,134,86,133
1,<environment.Job instance at 0x7ff57cc4bd20>,45,2,[3 7],46,149,151,103,135
1,<environment.Job instance at 0x7ff57c946d20>,59,2,[5 4],60,135,137,75,135
1,<environment.Job instance at 0x7ff57c946640>,60,18,[9 2],61,137,155,76,137
1,<environment.Job instance at 0x7ff57c9469b0>,65,2,[10  5],66,155,157,89,141
1,<environment.Job instance at 0x7ff57c9465f0>,66,1,[2 5],67,149,150,82,141
1,<environment.Job instance at 0x7ff57c946a00>,61,1,[2 7],62,151,152,89,141
1,<environment.Job instance at 0x7ff5c4b5c230>,67,14,[11  2],68,157,171,89,142
1,<environment.Job instance at 0x7ff5c256cb90>,69,18,[1 5],70,151,169,81,151
1,<environment.Job instance at 0x7ff5c256c550>,70,27,[7 4],71,171,198,100,169
1,<environment.Job instance at 0x7ff5c49ea370>,75,2,[ 1 12],76,198,200,122,182
1,<environment.Job instance at 0x7ff5c21f2460>,80,25,[ 1 14],81,200,225,119,196
1,<environment.Job instance at 0x7ff5c22c2e60>,84,19,[9 1],85,215,234,130,215
1,<environment.Job instance at 0x7ff5c272d8c0>,85,3,[ 4 11],86,225,228,139,215
1,<environment.Job instance at 0x7ff5c212b190>,86,2,[8 3],87,234,236,147,215
1,<environment.Job instance at 0x7ff5c212b140>,87,3,[2 8],88,228,231,140,215
1,<environment.Job instance at 0x7ff57c7c0f00>,3,2,[2 7],4,4,6,0,4
1,<environment.Job instance at 0x7ff5c7649550>,7,22,[6 1],8,8,30,0,8
1,<environment.Job instance at 0x7ff5c22bb690>,14,1,[ 3 10],15,18,19,3,18
1,<environment.Job instance at 0x7ff5c20cf780>,22,19,[8 3],23,59,78,36,59
1,<environment.Job instance at 0x7ff5c20cf820>,25,1,[7 1],26,64,65,38,64
1,<environment.Job instance at 0x7ff5c20cfa00>,26,23,[5 5],27,65,88,38,64
1,<environment.Job instance at 0x7ff5c22bbe60>,16,12,[7 5],17,78,90,61,66
1,<environment.Job instance at 0x7ff5c20cfc80>,30,1,[12  5],31,90,91,59,75
1,<environment.Job instance at 0x7ff5c20cfdc0>,32,1,[5 2],33,88,89,55,77
1,<environment.Job instance at 0x7ff5c20c4140>,35,3,[ 3 10],36,89,92,53,88
1,<environment.Job instance at 0x7ff5c20c41e0>,36,13,[10  5],37,91,104,54,90
1,<environment.Job instance at 0x7ff5c20c4410>,39,3,[7 1],40,104,107,64,91
1,<environment.Job instance at 0x7ff5c20c44b0>,40,2,[8 5],41,104,106,63,91
1,<environment.Job instance at 0x7ff5c20c4550>,41,3,[ 3 11],42,106,109,64,91
1,<environment.Job instance at 0x7ff5c20c4690>,43,3,[1 6],44,95,98,51,95
1,<environment.Job instance at 0x7ff5c20c4870>,46,1,[ 3 10],47,109,110,62,109
1,<environment.Job instance at 0x7ff5c20c4c80>,49,2,[3 7],50,124,126,74,124
1,<environment.Job instance at 0x7ff5c20c4d70>,51,1,[4 7],52,139,140,87,139
1,<environment.Job instance at 0x7ff5c20c4e10>,52,19,[6 2],53,139,158,86,139
1,<environment.Job instance at 0x7ff5c20c4f50>,54,1,[1 7],55,142,143,87,142
1,<environment.Job instance at 0x7ff5c20c4f00>,55,3,[14  4],56,158,161,102,142
1,<environment.Job instance at 0x7ff5c20c4370>,56,17,[ 1 13],57,161,178,104,149
1,<environment.Job instance at 0x7ff5c20c4af0>,57,18,[ 3 12],58,178,196,120,167
1,<environment.Job instance at 0x7ff5c20d62d0>,61,2,[11  4],62,196,198,134,170
1,<environment.Job instance at 0x7ff5c20d6320>,62,2,[6 3],63,178,180,115,171
1,<environment.Job instance at 0x7ff5c20d69b0>,66,18,[3 6],67,196,214,129,195
1,<environment.Job instance at 0x7ff5c20d67d0>,68,22,[ 1 13],69,214,236,145,207
1,<environment.Job instance at 0x7ff5c20d6aa0>,70,3,[9 2],71,207,210,136,207
1,<environment.Job instance at 0x7ff5c20d6be0>,71,3,[2 9],72,210,213,138,207
1,<environment.Job instance at 0x7ff5c20d6b90>,72,3,[10  3],73,236,239,163,210
1,<environment.Job instance at 0x7ff5c20d66e0>,77,1,[9 1],78,217,218,139,217
1,<environment.Job instance at 0x7ff5c20c90f0>,78,2,[11  2],79,218,220,139,217
1,<environment.Job instance at 0x7ff5c20d61e0>,0,2,[ 4 14],1,1,3,0,1
1,<environment.Job instance at 0x7ff5c20d60a0>,2,2,[1 5],3,3,5,0,3
1,<environment.Job instance at 0x7ff5c48a2e60>,7,2,[9 1],8,8,10,0,8
1,<environment.Job instance at 0x7ff5c48a2500>,8,2,[ 2 10],9,9,11,0,9
1,<environment.Job instance at 0x7ff5c48a25a0>,12,1,[3 9],13,13,14,0,13
1,<environment.Job instance at 0x7ff57c4fc820>,18,3,[6 3],19,31,34,12,31
1,<environment.Job instance at 0x7ff57c4fc320>,19,2,[10  3],20,34,36,14,31
1,<environment.Job instance at 0x7ff57c4fc640>,20,1,[4 8],21,31,32,10,31
1,<environment.Job instance at 0x7ff57c4fcb40>,22,3,[5 8],23,39,42,16,39
1,<environment.Job instance at 0x7ff57c4fc4b0>,17,3,[9 4],18,39,42,21,39
1,<environment.Job instance at 0x7ff57c4fc1e0>,24,15,[10  2],25,42,57,17,40
1,<environment.Job instance at 0x7ff57c4fc870>,25,20,[10  3],26,57,77,31,49
1,<environment.Job instance at 0x7ff57c4fc960>,26,12,[3 5],27,50,62,23,50
1,<environment.Job instance at 0x7ff5c48a2870>,10,18,[5 5],11,62,80,51,51
1,<environment.Job instance at 0x7ff57c4fc370>,29,1,[7 3],30,77,78,47,52
1,<environment.Job instance at 0x7ff57ca16dc0>,34,14,[5 9],35,78,92,43,63
1,<environment.Job instance at 0x7ff57ca16d20>,35,14,[6 3],36,80,94,44,72
1,<environment.Job instance at 0x7ff57ca16be0>,37,23,[6 1],38,92,115,54,86
1,<environment.Job instance at 0x7ff57c4fcc30>,32,18,[9 2],33,94,112,61,86
1,<environment.Job instance at 0x7ff57ca16230>,38,3,[9 2],39,112,115,73,86
1,<environment.Job instance at 0x7ff57ca16320>,36,2,[ 5 12],37,115,117,78,93
1,<environment.Job instance at 0x7ff57c4fc7d0>,23,17,[14  2],24,117,134,93,105
1,<environment.Job instance at 0x7ff5c20bcf50>,50,25,[9 4],51,134,159,83,130
1,<environment.Job instance at 0x7ff5c4a8c910>,54,28,[ 5 10],55,134,162,79,133
1,<environment.Job instance at 0x7ff5c7684550>,58,26,[4 9],59,162,188,103,159
1,<environment.Job instance at 0x7ff5c7684c30>,59,1,[10  5],60,159,160,99,159
1,<environment.Job instance at 0x7ff5c76840a0>,62,2,[ 2 10],63,188,190,125,161
1,<environment.Job instance at 0x7ff5c76846e0>,63,3,[1 6],64,162,165,98,161
1,<environment.Job instance at 0x7ff5c2548370>,65,3,[10  3],66,165,168,99,161
1,<environment.Job instance at 0x7ff57ca164b0>,41,14,[1 5],42,168,182,126,162
1,<environment.Job instance at 0x7ff5c2548230>,67,3,[5 6],68,182,185,114,162
1,<environment.Job instance at 0x7ff5c2548780>,66,16,[ 5 12],67,190,206,123,177
1,<environment.Job instance at 0x7ff5c4a8c820>,53,3,[3 9],54,206,209,152,182
1,<environment.Job instance at 0x7ff5c2548e10>,77,3,[3 7],78,209,212,131,192
1,<environment.Job instance at 0x7ff5c20ba2d0>,3,23,[1 7],4,4,27,0,4
1,<environment.Job instance at 0x7ff5c20ba870>,4,22,[1 8],5,5,27,0,5
1,<environment.Job instance at 0x7ff5c277d370>,8,13,[14  3],9,27,40,18,11
1,<environment.Job instance at 0x7ff5c277d5f0>,16,1,[9 3],17,40,41,23,18
1,<environment.Job instance at 0x7ff5c277d5a0>,20,13,[10  5],21,41,54,20,26
1,<environment.Job instance at 0x7ff5c2405e60>,22,22,[5 3],23,40,62,17,33
1,<environment.Job instance at 0x7ff5c2405910>,28,2,[5 7],29,54,56,25,48
1,<environment.Job instance at 0x7ff5c4a34870>,29,13,[14  2],30,62,75,32,48
1,<environment.Job instance at 0x7ff5c4a347d0>,32,15,[1 6],33,69,84,36,69
1,<environment.Job instance at 0x7ff5c4a34e60>,33,26,[1 8],34,75,101,41,72
1,<environment.Job instance at 0x7ff5c4a34050>,38,2,[5 3],39,90,92,51,90
1,<environment.Job instance at 0x7ff5c4a341e0>,39,15,[ 1 14],40,101,116,61,90
1,<environment.Job instance at 0x7ff5c4a34dc0>,40,1,[3 5],41,92,93,51,90
1,<environment.Job instance at 0x7ff5c4a34aa0>,41,23,[9 4],42,116,139,74,110
1,<environment.Job instance at 0x7ff5c2405d20>,27,24,[2 8],28,116,140,88,112
1,<environment.Job instance at 0x7ff5c23a8460>,53,12,[4 5],54,139,151,85,129
1,<environment.Job instance at 0x7ff5c23a8780>,54,3,[3 9],55,140,143,85,129
1,<environment.Job instance at 0x7ff5c23a8c80>,55,2,[10  1],56,143,145,87,129
1,<environment.Job instance at 0x7ff5c23a8f00>,56,3,[ 1 10],57,145,148,88,129
1,<environment.Job instance at 0x7ff5c212bcd0>,59,1,[10  2],60,148,149,88,136
1,<environment.Job instance at 0x7ff5c23a8410>,60,18,[3 6],61,149,167,88,140
1,<environment.Job instance at 0x7ff5c212b730>,61,2,[4 9],62,151,153,89,140
1,<environment.Job instance at 0x7ff57c973e60>,64,12,[10  3],65,153,165,88,141
1,<environment.Job instance at 0x7ff57c973e10>,65,3,[3 8],66,165,168,99,141
1,<environment.Job instance at 0x7ff57c973d20>,68,1,[8 3],69,149,150,80,148
1,<environment.Job instance at 0x7ff57c973d70>,70,14,[1 9],71,168,182,97,153
1,<environment.Job instance at 0x7ff5c4c01550>,71,2,[5 4],72,167,169,95,153
1,<environment.Job instance at 0x7ff5c4c01960>,73,3,[ 2 10],74,182,185,108,158
1,<environment.Job instance at 0x7ff5c22e5870>,76,2,[ 2 10],77,185,187,108,169
1,<environment.Job instance at 0x7ff5c22e5960>,77,16,[11  5],78,170,186,92,170
1,<environment.Job instance at 0x7ff5c22e5820>,79,3,[10  4],80,186,189,106,180
1,<environment.Job instance at 0x7ff5c22e5a00>,81,3,[13  1],82,189,192,107,183
1,<environment.Job instance at 0x7ff5c22e5f00>,82,3,[3 7],83,192,195,109,183
1,<environment.Job instance at 0x7ff5c22e54b0>,83,3,[5 4],84,192,195,108,183
1,<environment.Job instance at 0x7ff5c22e5550>,84,12,[7 2],85,192,204,107,184
1,<environment.Job instance at 0x7ff5c23a8190>,50,17,[4 7],51,204,221,153,204
1,<environment.Job instance at 0x7ff5c248f370>,88,12,[6 1],89,207,219,118,207
1,<environment.Job instance at 0x7ff5c77e1370>,9,17,[9 1],10,219,236,209,207
1,<environment.Job instance at 0x7ff5c4e0f690>,5,22,[5 2],6,6,28,0,6
1,<environment.Job instance at 0x7ff5c2405b90>,6,1,[11  1],7,28,29,21,7
1,<environment.Job instance at 0x7ff5c246c500>,7,2,[2 6],8,8,10,0,8
1,<environment.Job instance at 0x7ff57cca7f00>,12,14,[6 1],13,29,43,16,18
1,<environment.Job instance at 0x7ff57cca7af0>,14,26,[7 1],15,31,57,16,31
1,<environment.Job instance at 0x7ff57cca7050>,13,2,[14  5],14,57,59,43,39
1,<environment.Job instance at 0x7ff5c4a8c960>,18,1,[5 1],19,43,44,24,41
1,<environment.Job instance at 0x7ff5c4b23640>,10,13,[11  3],11,59,72,48,43
1,<environment.Job instance at 0x7ff5c4d17e10>,31,3,[ 4 12],32,70,73,38,70
1,<environment.Job instance at 0x7ff5c4cfb140>,30,24,[10  5],31,77,101,46,77
1,<environment.Job instance at 0x7ff5c4d0eaf0>,35,18,[ 2 11],36,101,119,65,90
1,<environment.Job instance at 0x7ff5c4d0e730>,36,13,[11  3],37,101,114,64,90
1,<environment.Job instance at 0x7ff5c4d0eb90>,38,27,[5 1],39,114,141,75,112
1,<environment.Job instance at 0x7ff5c2426370>,46,15,[4 7],47,121,136,74,121
1,<environment.Job instance at 0x7ff5c2426640>,47,2,[5 5],48,123,125,75,123
1,<environment.Job instance at 0x7ff5c4cfbc30>,27,13,[13  4],28,141,154,113,126
1,<environment.Job instance at 0x7ff5c2429c80>,51,3,[7 4],52,136,139,84,126
1,<environment.Job instance at 0x7ff5c267af00>,55,13,[3 7],56,154,167,98,138
1,<environment.Job instance at 0x7ff57cca7cd0>,15,18,[10  4],16,154,172,138,149
1,<environment.Job instance at 0x7ff5c267a230>,56,1,[14  4],57,172,173,115,156
1,<environment.Job instance at 0x7ff5c21664b0>,58,1,[1 5],59,167,168,108,156
1,<environment.Job instance at 0x7ff5c267afa0>,57,17,[13  5],58,173,190,115,163
1,<environment.Job instance at 0x7ff5c50755a0>,62,2,[3 7],63,168,170,105,163
1,<environment.Job instance at 0x7ff5c255c1e0>,63,2,[ 3 10],64,170,172,106,163
1,<environment.Job instance at 0x7ff5c2429f00>,49,16,[12  5],50,190,206,140,178
1,<environment.Job instance at 0x7ff5c2851eb0>,66,16,[3 8],67,190,206,123,178
1,<environment.Job instance at 0x7ff5c2796280>,69,2,[ 3 10],70,206,208,136,181
1,<environment.Job instance at 0x7ff5c2796550>,71,2,[6 2],72,206,208,134,183
1,<environment.Job instance at 0x7ff57caec320>,73,1,[5 5],74,208,209,134,194
1,<environment.Job instance at 0x7ff57caec820>,74,18,[ 2 10],75,208,226,133,198
1,<environment.Job instance at 0x7ff57caec230>,76,18,[ 2 10],77,226,244,149,215
1,<environment.Job instance at 0x7ff57caec690>,78,3,[6 2],79,215,218,136,215
1,<environment.Job instance at 0x7ff57caec500>,79,1,[6 1],80,215,216,135,215
1,<environment.Job instance at 0x7ff5c210e0f0>,0,22,[4 6],1,1,23,0,1
1,<environment.Job instance at 0x7ff5c24a30a0>,7,2,[9 5],8,8,10,0,8
1,<environment.Job instance at 0x7ff5c259a050>,9,2,[2 5],10,10,12,0,10
1,<environment.Job instance at 0x7ff57c945b90>,10,3,[7 5],11,12,15,1,11
1,<environment.Job instance at 0x7ff5c74d15f0>,11,2,[5 4],12,15,17,3,12
1,<environment.Job instance at 0x7ff5c2744640>,12,17,[ 3 14],13,23,40,10,13
1,<environment.Job instance at 0x7ff5c277d7d0>,14,13,[9 1],15,17,30,2,16
1,<environment.Job instance at 0x7ff5c22a85a0>,16,3,[1 8],17,17,20,0,17
1,<environment.Job instance at 0x7ff57c9fe460>,18,18,[13  3],19,40,58,21,29
1,<environment.Job instance at 0x7ff5c20bc320>,21,1,[5 5],22,58,59,36,30
1,<environment.Job instance at 0x7ff5c239afa0>,19,1,[ 4 14],20,59,60,39,36
1,<environment.Job instance at 0x7ff5c20bca50>,22,16,[14  1],23,60,76,37,47
1,<environment.Job instance at 0x7ff5c745bdc0>,26,1,[8 5],27,58,59,31,47
1,<environment.Job instance at 0x7ff57c6712d0>,27,3,[3 6],28,76,79,48,50
1,<environment.Job instance at 0x7ff57cc297d0>,28,2,[2 9],29,50,52,21,50
1,<environment.Job instance at 0x7ff5c48844b0>,31,22,[2 9],32,76,98,44,69
1,<environment.Job instance at 0x7ff57cc295a0>,32,2,[5 5],33,79,81,46,69
1,<environment.Job instance at 0x7ff57c9e5550>,33,3,[ 5 11],34,98,101,64,72
1,<environment.Job instance at 0x7ff57c9e52d0>,34,1,[9 1],35,81,82,46,72
1,<environment.Job instance at 0x7ff57c9e5870>,37,2,[9 2],38,82,84,44,72
1,<environment.Job instance at 0x7ff57cb38140>,38,1,[5 5],39,84,85,45,72
1,<environment.Job instance at 0x7ff57cb38f50>,40,2,[7 1],41,79,81,38,73
1,<environment.Job instance at 0x7ff57c90cb90>,41,3,[ 3 11],42,101,104,59,75
1,<environment.Job instance at 0x7ff57c5cf410>,42,1,[ 3 10],43,104,105,61,76
1,<environment.Job instance at 0x7ff57c5cfbe0>,44,1,[2 5],45,81,82,36,78
1,<environment.Job instance at 0x7ff57c5cf730>,45,3,[10  1],46,85,88,39,78
1,<environment.Job instance at 0x7ff5c20dcf50>,46,3,[2 5],47,85,88,38,78
1,<environment.Job instance at 0x7ff57cb91c30>,48,18,[ 4 12],49,105,123,56,94
1,<environment.Job instance at 0x7ff5c24a3af0>,4,18,[10  2],5,94,112,89,94
1,<environment.Job instance at 0x7ff57c90dc30>,53,3,[6 1],54,112,115,58,101
1,<environment.Job instance at 0x7ff57c90de60>,54,26,[10  2],55,115,141,60,112
1,<environment.Job instance at 0x7ff57c90df50>,55,3,[4 8],56,123,126,67,112
1,<environment.Job instance at 0x7ff57ccfab40>,52,18,[ 5 10],53,126,144,73,123
1,<environment.Job instance at 0x7ff57c90d230>,59,2,[4 5],60,141,143,81,126
1,<environment.Job instance at 0x7ff57c90da00>,58,3,[2 8],59,144,147,85,126
1,<environment.Job instance at 0x7ff5c277d9b0>,15,16,[ 4 12],16,147,163,131,140
1,<environment.Job instance at 0x7ff57c90d370>,62,20,[5 2],63,143,163,80,142
1,<environment.Job instance at 0x7ff57c90dd20>,61,2,[2 6],62,163,165,101,143
1,<environment.Job instance at 0x7ff57c6a8640>,68,3,[2 5],69,144,147,75,143
1,<environment.Job instance at 0x7ff5c4b45cd0>,69,1,[5 1],70,143,144,73,143
1,<environment.Job instance at 0x7ff5c4b45140>,71,3,[2 9],72,163,166,91,143
1,<environment.Job instance at 0x7ff5c4e3b1e0>,74,3,[2 8],75,166,169,91,148
1,<environment.Job instance at 0x7ff57cb69500>,76,20,[4 9],77,169,189,92,160
1,<environment.Job instance at 0x7ff5c27fae60>,79,1,[6 3],80,165,166,85,160
1,<environment.Job instance at 0x7ff5c27fa2d0>,81,2,[ 2 13],82,189,191,107,164
1,<environment.Job instance at 0x7ff5c27fa730>,83,21,[5 7],84,191,212,107,183
1,<environment.Job instance at 0x7ff57c4e1b90>,88,2,[12  1],89,212,214,123,190
1,<environment.Job instance at 0x7ff57c4e1eb0>,89,27,[ 5 11],90,214,241,124,212
1,<environment.Job instance at 0x7ff5c4d69e60>,0,26,[9 4],1,1,27,0,1
1,<environment.Job instance at 0x7ff57c332a50>,8,24,[8 3],9,27,51,18,22
1,<environment.Job instance at 0x7ff57c332d70>,13,2,[1 5],14,23,25,9,23
1,<environment.Job instance at 0x7ff57c332f00>,16,3,[4 5],17,26,29,9,26
1,<environment.Job instance at 0x7ff57c332b90>,19,19,[2 9],20,36,55,16,36
1,<environment.Job instance at 0x7ff57c332b40>,20,22,[1 9],21,55,77,34,48
1,<environment.Job instance at 0x7ff5c4d69820>,6,16,[5 2],7,48,64,41,48
1,<environment.Job instance at 0x7ff57c2e1140>,26,2,[1 8],27,77,79,50,53
1,<environment.Job instance at 0x7ff57c2e1410>,28,2,[ 4 12],29,79,81,50,53
1,<environment.Job instance at 0x7ff57c2e1690>,33,26,[2 9],34,81,107,47,78
1,<environment.Job instance at 0x7ff57c32bc30>,36,13,[12  4],37,86,99,49,86
1,<environment.Job instance at 0x7ff57c32bd70>,41,17,[13  5],42,99,116,57,94
1,<environment.Job instance at 0x7ff57c32beb0>,45,3,[5 5],46,116,119,70,111
1,<environment.Job instance at 0x7ff57c32b8c0>,46,1,[5 3],47,116,117,69,111
1,<environment.Job instance at 0x7ff57c32b9b0>,48,3,[10  4],49,119,122,70,119
1,<environment.Job instance at 0x7ff57c32b820>,50,1,[1 7],51,121,122,70,121
1,<environment.Job instance at 0x7ff57c32baa0>,51,12,[5 1],52,122,134,70,122
1,<environment.Job instance at 0x7ff57cb2df50>,52,2,[1 9],53,122,124,69,122
1,<environment.Job instance at 0x7ff57cb2d960>,53,2,[6 3],54,122,124,68,122
1,<environment.Job instance at 0x7ff57cb2d4b0>,54,16,[5 3],55,127,143,72,127
1,<environment.Job instance at 0x7ff57cb2d550>,56,1,[6 3],57,134,135,77,127
1,<environment.Job instance at 0x7ff57cb2d7d0>,57,1,[5 4],58,127,128,69,127
1,<environment.Job instance at 0x7ff57cb2d190>,59,1,[3 5],60,129,130,69,129
1,<environment.Job instance at 0x7ff57cb2dfa0>,60,1,[4 9],61,130,131,69,129
1,<environment.Job instance at 0x7ff57c809410>,64,2,[7 3],65,144,146,79,144
1,<environment.Job instance at 0x7ff57c809730>,68,2,[1 6],69,170,172,101,170
1,<environment.Job instance at 0x7ff57c809c80>,69,23,[5 5],70,170,193,100,170
1,<environment.Job instance at 0x7ff57c8095f0>,75,24,[7 5],76,187,211,111,187
1,<environment.Job instance at 0x7ff57c809b90>,77,3,[ 2 13],78,211,214,133,199
1,<environment.Job instance at 0x7ff57c809320>,78,2,[5 5],79,199,201,120,199
1,<environment.Job instance at 0x7ff57c809cd0>,79,3,[5 2],80,201,204,121,199
1,<environment.Job instance at 0x7ff57c8098c0>,81,2,[4 8],82,204,206,122,199
1,<environment.Job instance at 0x7ff57c809a00>,83,3,[5 6],84,206,209,122,204
1,<environment.Job instance at 0x7ff57c809eb0>,84,3,[9 3],85,214,217,129,204
1,<environment.Job instance at 0x7ff57c336320>,85,2,[7 1],86,209,211,123,204
1,<environment.Job instance at 0x7ff5c4d69f00>,1,23,[7 5],2,2,25,0,2
1,<environment.Job instance at 0x7ff5c4d69190>,2,28,[8 2],3,3,31,0,3
1,<environment.Job instance at 0x7ff57c332910>,4,1,[7 5],5,25,26,20,8
1,<environment.Job instance at 0x7ff57c336870>,5,17,[ 4 10],6,26,43,20,14
1,<environment.Job instance at 0x7ff57c6ac730>,15,1,[2 5],16,31,32,15,18
1,<environment.Job instance at 0x7ff5c283f8c0>,19,3,[5 2],20,32,35,12,22
1,<environment.Job instance at 0x7ff5c283f550>,22,2,[2 8],23,43,45,20,23
1,<environment.Job instance at 0x7ff5c240b230>,14,2,[1 7],15,43,45,28,25
1,<environment.Job instance at 0x7ff5c2878410>,25,1,[12  3],26,45,46,19,30
1,<environment.Job instance at 0x7ff57c8610f0>,30,3,[8 4],31,35,38,4,33
1,<environment.Job instance at 0x7ff5c2878dc0>,32,3,[9 3],33,46,49,13,41
1,<environment.Job instance at 0x7ff57c890190>,33,1,[10  5],34,41,42,7,41
1,<environment.Job instance at 0x7ff5c2878550>,23,18,[4 9],24,53,71,29,53
1,<environment.Job instance at 0x7ff57c869a50>,35,3,[5 6],36,53,56,17,53
1,<environment.Job instance at 0x7ff57c88d3c0>,37,1,[5 1],38,56,57,18,53
1,<environment.Job instance at 0x7ff5c4a91050>,24,26,[7 4],25,58,84,33,58
1,<environment.Job instance at 0x7ff5c2878460>,34,17,[10  4],35,84,101,49,72
1,<environment.Job instance at 0x7ff5c269dcd0>,43,1,[7 3],44,72,73,28,72
1,<environment.Job instance at 0x7ff57c859280>,44,3,[3 7],45,73,76,28,72
1,<environment.Job instance at 0x7ff57c8595f0>,45,15,[ 2 12],46,101,116,55,87
1,<environment.Job instance at 0x7ff5c269fb90>,47,19,[4 7],48,116,135,68,106
1,<environment.Job instance at 0x7ff57c9c8410>,51,3,[2 8],52,116,119,64,106
1,<environment.Job instance at 0x7ff57c9a8a50>,52,12,[10  3],53,119,131,66,106
1,<environment.Job instance at 0x7ff5c2721280>,55,1,[5 7],56,131,132,75,106
1,<environment.Job instance at 0x7ff57c992af0>,60,2,[3 9],61,135,137,74,112
1,<environment.Job instance at 0x7ff57c9923c0>,61,3,[1 7],62,132,135,70,112
1,<environment.Job instance at 0x7ff57c992aa0>,62,22,[6 2],63,135,157,72,128
1,<environment.Job instance at 0x7ff57c9916e0>,64,23,[6 5],65,137,160,72,131
1,<environment.Job instance at 0x7ff57c991eb0>,65,1,[9 4],66,157,158,91,131
1,<environment.Job instance at 0x7ff57c991b40>,67,2,[5 8],68,158,160,90,132
1,<environment.Job instance at 0x7ff57c664b90>,69,3,[8 1],70,160,163,90,138
1,<environment.Job instance at 0x7ff57c664fa0>,70,2,[2 7],71,138,140,67,138
1,<environment.Job instance at 0x7ff57c6643c0>,73,21,[7 4],74,160,181,86,152
1,<environment.Job instance at 0x7ff57c6640a0>,74,2,[ 4 10],75,163,165,88,152
1,<environment.Job instance at 0x7ff57c664910>,75,15,[ 5 11],76,165,180,89,155
1,<environment.Job instance at 0x7ff57c664c30>,76,1,[3 5],77,155,156,78,155
1,<environment.Job instance at 0x7ff57c664460>,78,1,[5 1],79,180,181,101,155
1,<environment.Job instance at 0x7ff57c583be0>,79,1,[9 1],80,181,182,101,157
1,<environment.Job instance at 0x7ff5c21f4f50>,82,2,[7 5],83,182,184,99,162
1,<environment.Job instance at 0x7ff57c583460>,83,15,[10  1],84,184,199,100,170
1,<environment.Job instance at 0x7ff57c575370>,84,20,[5 9],85,181,201,96,172
1,<environment.Job instance at 0x7ff57c39cc80>,86,1,[7 3],87,199,200,112,172
1,<environment.Job instance at 0x7ff57c574fa0>,90,1,[8 1],91,200,201,109,182
1,<environment.Job instance at 0x7ff57c5740f0>,92,26,[ 1 10],93,201,227,108,198
1,<environment.Job instance at 0x7ff57c574320>,93,28,[3 5],94,201,229,107,200
1,<environment.Job instance at 0x7ff57c859730>,0,20,[5 8],1,1,21,0,1
1,<environment.Job instance at 0x7ff5c23a8370>,4,1,[1 7],5,5,6,0,5
1,<environment.Job instance at 0x7ff57c9fd820>,5,2,[1 8],6,21,23,15,6
1,<environment.Job instance at 0x7ff5c247a780>,10,21,[5 2],11,11,32,0,11
1,<environment.Job instance at 0x7ff5c2110820>,15,2,[ 5 10],16,23,25,7,17
1,<environment.Job instance at 0x7ff5c2110550>,17,2,[8 3],18,25,27,7,24
1,<environment.Job instance at 0x7ff5c4ae27d0>,19,3,[ 4 10],20,31,34,11,31
1,<environment.Job instance at 0x7ff5c4ae2be0>,21,17,[2 9],22,38,55,16,38
1,<environment.Job instance at 0x7ff5c4ae2500>,22,1,[5 8],23,55,56,32,38
1,<environment.Job instance at 0x7ff5c4ae2b90>,23,1,[6 3],24,38,39,14,38
1,<environment.Job instance at 0x7ff5c284e5a0>,24,3,[6 1],25,38,41,13,38
1,<environment.Job instance at 0x7ff5c284eaf0>,25,1,[10  4],26,41,42,15,38
1,<environment.Job instance at 0x7ff5c4a00aa0>,26,12,[9 1],27,42,54,15,39
1,<environment.Job instance at 0x7ff5c22b7320>,27,3,[10  1],28,54,57,26,39
1,<environment.Job instance at 0x7ff5c24963c0>,29,1,[6 1],30,57,58,27,52
1,<environment.Job instance at 0x7ff5c4be2cd0>,31,1,[6 1],32,57,58,25,53
1,<environment.Job instance at 0x7ff5c2496a00>,32,2,[ 4 10],33,58,60,25,53
1,<environment.Job instance at 0x7ff5c2496460>,33,2,[4 7],34,60,62,26,53
1,<environment.Job instance at 0x7ff5c24364b0>,35,23,[7 4],36,67,90,31,67
1,<environment.Job instance at 0x7ff5c2436140>,36,23,[5 6],37,67,90,30,67
1,<environment.Job instance at 0x7ff5c4ab2b40>,38,25,[ 5 10],39,90,115,51,86
1,<environment.Job instance at 0x7ff5c264f500>,41,12,[ 5 11],42,115,127,73,98
1,<environment.Job instance at 0x7ff5c264f4b0>,44,1,[9 2],45,98,99,53,98
1,<environment.Job instance at 0x7ff5c264f460>,46,2,[4 6],47,127,129,80,101
1,<environment.Job instance at 0x7ff5c264f410>,47,26,[ 2 10],48,129,155,81,126
1,<environment.Job instance at 0x7ff5c264fb90>,49,3,[2 9],50,155,158,105,129
1,<environment.Job instance at 0x7ff5c264fdc0>,52,2,[5 1],53,129,131,76,129
1,<environment.Job instance at 0x7ff57c323be0>,8,14,[7 5],9,131,145,122,131
1,<environment.Job instance at 0x7ff5c264faf0>,53,17,[ 5 12],54,158,175,104,146
1,<environment.Job instance at 0x7ff57c323960>,3,2,[3 6],4,155,157,151,146
1,<environment.Job instance at 0x7ff5c2349320>,62,1,[7 2],63,151,152,88,151
1,<environment.Job instance at 0x7ff5c2349140>,56,1,[5 8],57,175,176,118,151
1,<environment.Job instance at 0x7ff5c2349280>,63,20,[5 2],64,157,177,93,151
1,<environment.Job instance at 0x7ff5c2729b90>,66,1,[6 2],67,157,158,90,155
1,<environment.Job instance at 0x7ff5c2729cd0>,67,2,[ 5 11],68,176,178,108,155
1,<environment.Job instance at 0x7ff5c2729280>,68,12,[12  2],69,178,190,109,161
1,<environment.Job instance at 0x7ff5c27941e0>,70,2,[ 4 14],71,190,192,119,163
1,<environment.Job instance at 0x7ff5c27948c0>,72,1,[ 4 10],73,192,193,119,173
1,<environment.Job instance at 0x7ff5c2747d70>,75,3,[1 7],76,178,181,102,173
1,<environment.Job instance at 0x7ff57c809730>,9,14,[ 1 13],10,193,207,183,178
1,<environment.Job instance at 0x7ff57c82e550>,81,27,[8 1],82,190,217,108,188
1,<environment.Job instance at 0x7ff57c3c25a0>,87,27,[2 6],88,207,234,119,205
1,<environment.Job instance at 0x7ff5c49fc190>,7,1,[6 4],8,8,9,0,8
1,<environment.Job instance at 0x7ff5c49fc410>,12,28,[5 1],13,25,53,12,25
1,<environment.Job instance at 0x7ff57c7812d0>,5,1,[ 3 14],6,26,27,20,26
1,<environment.Job instance at 0x7ff57c781b90>,3,1,[9 3],4,27,28,23,26
1,<environment.Job instance at 0x7ff57cc6cd70>,15,3,[8 5],16,28,31,12,26
1,<environment.Job instance at 0x7ff5c21e4870>,13,2,[1 9],14,28,30,14,28
1,<environment.Job instance at 0x7ff57cc6c9b0>,18,3,[1 7],19,30,33,11,28
1,<environment.Job instance at 0x7ff57cc6ceb0>,19,13,[ 1 13],20,33,46,13,29
1,<environment.Job instance at 0x7ff57cc6ca50>,22,1,[6 3],23,46,47,23,40
1,<environment.Job instance at 0x7ff57cc6c4b0>,23,2,[4 5],24,46,48,22,40
1,<environment.Job instance at 0x7ff57cc6cd20>,24,23,[2 9],25,47,70,22,41
1,<environment.Job instance at 0x7ff57c781e10>,4,1,[ 1 11],5,70,71,65,58
1,<environment.Job instance at 0x7ff57cc6c960>,28,2,[10  1],29,59,61,30,59
1,<environment.Job instance at 0x7ff57c814640>,32,16,[9 2],33,68,84,35,68
1,<environment.Job instance at 0x7ff57c8148c0>,34,2,[6 1],35,74,76,39,74
1,<environment.Job instance at 0x7ff57c814230>,35,3,[7 2],36,84,87,48,74
1,<environment.Job instance at 0x7ff57c8142d0>,36,1,[10  5],37,87,88,50,74
1,<environment.Job instance at 0x7ff57c8149b0>,37,3,[10  3],38,88,91,50,74
1,<environment.Job instance at 0x7ff5c4892500>,39,28,[4 8],40,76,104,36,75
1,<environment.Job instance at 0x7ff5c4892d20>,40,28,[1 5],41,91,119,50,90
1,<environment.Job instance at 0x7ff5c48928c0>,41,1,[9 5],42,104,105,62,90
1,<environment.Job instance at 0x7ff5c48921e0>,42,3,[5 9],43,105,108,62,91
1,<environment.Job instance at 0x7ff5c4892fa0>,44,2,[8 1],45,91,93,46,91
1,<environment.Job instance at 0x7ff5c4892c80>,45,1,[4 6],46,108,109,62,91
1,<environment.Job instance at 0x7ff5c4892c30>,46,22,[7 4],47,108,130,61,101
1,<environment.Job instance at 0x7ff5c4892cd0>,47,28,[ 1 10],48,119,147,71,118
1,<environment.Job instance at 0x7ff57c34f960>,56,1,[10  4],57,130,131,73,128
1,<environment.Job instance at 0x7ff57c34f550>,59,1,[8 3],60,134,135,74,134
1,<environment.Job instance at 0x7ff57c34f5a0>,60,2,[ 4 10],61,147,149,86,134
1,<environment.Job instance at 0x7ff57c34f9b0>,61,1,[9 1],62,135,136,73,134
1,<environment.Job instance at 0x7ff57c34fd70>,63,3,[9 5],64,136,139,72,134
1,<environment.Job instance at 0x7ff57c34feb0>,66,1,[5 1],67,150,151,83,150
1,<environment.Job instance at 0x7ff57c34faa0>,67,12,[10  4],68,150,162,82,150
1,<environment.Job instance at 0x7ff57c3b1690>,68,12,[3 8],69,151,163,82,150
1,<environment.Job instance at 0x7ff57c34f280>,69,16,[ 3 10],70,163,179,93,152
1,<environment.Job instance at 0x7ff57c3b1e60>,71,2,[5 2],72,162,164,90,156
1,<environment.Job instance at 0x7ff57c3b1c30>,76,20,[10  4],77,167,187,90,167
1,<environment.Job instance at 0x7ff57c3b1500>,78,1,[2 8],79,179,180,100,169
1,<environment.Job instance at 0x7ff57ca2eaa0>,80,1,[ 2 10],81,180,181,99,178
1,<environment.Job instance at 0x7ff57ca2eb90>,81,3,[3 8],82,181,184,99,178
1,<environment.Job instance at 0x7ff57ca2e550>,82,2,[2 5],83,184,186,101,178
1,<environment.Job instance at 0x7ff57ca2e8c0>,83,2,[1 9],84,186,188,102,178
1,<environment.Job instance at 0x7ff57ca2e4b0>,84,2,[2 7],85,188,190,103,178
1,<environment.Job instance at 0x7ff57ca2e460>,86,1,[10  4],87,187,188,100,186
1,<environment.Job instance at 0x7ff57ca2e280>,87,2,[7 3],88,188,190,100,186
1,<environment.Job instance at 0x7ff57ca2ee10>,88,12,[6 2],89,198,210,109,198
1,<environment.Job instance at 0x7ff57ca2e2d0>,89,2,[5 5],90,198,200,108,198
1,<environment.Job instance at 0x7ff5c4bcc0f0>,1,24,[2 6],2,2,26,0,2
1,<environment.Job instance at 0x7ff57c640fa0>,4,3,[2 5],5,5,8,0,5
1,<environment.Job instance at 0x7ff57c86f730>,5,3,[1 5],6,8,11,2,6
1,<environment.Job instance at 0x7ff57c871410>,9,16,[ 1 10],10,26,42,16,19
1,<environment.Job instance at 0x7ff5c4d56370>,14,17,[11  5],15,21,38,6,21
1,<environment.Job instance at 0x7ff57c6fa320>,20,2,[1 8],21,42,44,21,28
1,<environment.Job instance at 0x7ff57c6fa5f0>,22,18,[10  3],23,38,56,15,32
1,<environment.Job instance at 0x7ff57c6fad70>,23,1,[ 4 10],24,44,45,20,32
1,<environment.Job instance at 0x7ff57c6fa6e0>,24,24,[5 8],25,45,69,20,40
1,<environment.Job instance at 0x7ff57c323c30>,26,24,[10  2],27,56,80,29,51
1,<environment.Job instance at 0x7ff57c3230a0>,28,1,[2 6],29,69,70,40,51
1,<environment.Job instance at 0x7ff57c686a00>,30,2,[14  3],31,80,82,49,53
1,<environment.Job instance at 0x7ff57c500690>,31,1,[3 9],32,70,71,38,53
1,<environment.Job instance at 0x7ff57c500320>,34,18,[1 8],35,71,89,36,60
1,<environment.Job instance at 0x7ff57c4ee8c0>,36,23,[9 5],37,82,105,45,76
1,<environment.Job instance at 0x7ff57c4ee190>,38,2,[6 2],39,89,91,50,79
1,<environment.Job instance at 0x7ff5c4e5f500>,41,3,[10  5],42,105,108,63,84
1,<environment.Job instance at 0x7ff5c4e5fc30>,44,1,[3 8],45,91,92,46,89
1,<environment.Job instance at 0x7ff5c4e5fd70>,46,13,[4 6],47,92,105,45,89
1,<environment.Job instance at 0x7ff5c4e5f820>,47,3,[8 5],48,108,111,60,89
1,<environment.Job instance at 0x7ff5c4e5f870>,48,3,[9 3],49,111,114,62,89
1,<environment.Job instance at 0x7ff5c4e5fdc0>,49,1,[13  5],50,114,115,64,91
1,<environment.Job instance at 0x7ff5c4e655a0>,53,27,[5 6],54,115,142,61,113
1,<environment.Job instance at 0x7ff5c4e65d20>,54,2,[5 3],55,115,117,60,113
1,<environment.Job instance at 0x7ff5c4e65690>,55,1,[9 2],56,117,118,61,113
1,<environment.Job instance at 0x7ff5c4e658c0>,56,16,[ 3 11],57,142,158,85,129
1,<environment.Job instance at 0x7ff5c4e657d0>,57,2,[4 9],58,129,131,71,129
1,<environment.Job instance at 0x7ff5c4e65af0>,58,25,[11  1],59,142,167,83,138
1,<environment.Job instance at 0x7ff5c4e656e0>,59,2,[1 6],60,138,140,78,138
1,<environment.Job instance at 0x7ff5c4e65cd0>,60,3,[7 1],61,138,141,77,138
1,<environment.Job instance at 0x7ff5c4e65230>,64,27,[3 8],65,158,185,93,156
1,<environment.Job instance at 0x7ff5c4e68870>,66,3,[1 5],67,158,161,91,156
1,<environment.Job instance at 0x7ff5c4e68f50>,70,18,[12  3],71,167,185,96,162
1,<environment.Job instance at 0x7ff5c4e68be0>,73,18,[1 8],74,185,203,111,174
1,<environment.Job instance at 0x7ff5c4e68500>,75,27,[4 6],76,185,212,109,183
1,<environment.Job instance at 0x7ff5c4e68910>,77,1,[1 7],78,203,204,125,185
1,<environment.Job instance at 0x7ff5c4e8ab90>,80,16,[10  3],81,204,220,123,203
1,<environment.Job instance at 0x7ff5c4e8a3c0>,81,2,[5 3],82,212,214,130,203
1,<environment.Job instance at 0x7ff5c4e8a640>,82,1,[5 5],83,214,215,131,203
1,<environment.Job instance at 0x7ff5c4e8ac30>,84,2,[9 3],85,220,222,135,203
1,<environment.Job instance at 0x7ff5c4e8abe0>,85,3,[2 6],86,215,218,129,203
1,<environment.Job instance at 0x7ff5c4e8a5f0>,87,3,[6 3],88,220,223,132,203
1,<environment.Job instance at 0x7ff5c4e8ae60>,88,1,[10  4],89,223,224,134,203
1,<environment.Job instance at 0x7ff5c4e8a870>,90,14,[11  5],91,224,238,133,212
1,<environment.Job instance at 0x7fcd2d81baf0>,1,22,[11  3],2,2,24,0,2
1,<environment.Job instance at 0x7fcd263ba230>,4,14,[1 6],5,6,20,1,6
1,<environment.Job instance at 0x7fcd2d81b6e0>,3,3,[4 8],4,20,23,16,10
1,<environment.Job instance at 0x7fcd2d7c9320>,2,22,[4 8],3,23,45,20,16
1,<environment.Job instance at 0x7fcd263baaa0>,12,26,[ 1 10],13,45,71,32,42
1,<environment.Job instance at 0x7fcd263bae60>,17,3,[4 9],18,71,74,53,45
1,<environment.Job instance at 0x7fcd263ba820>,20,1,[7 5],21,48,49,27,48
1,<environment.Job instance at 0x7fcd263bac30>,21,1,[6 5],22,49,50,27,48
1,<environment.Job instance at 0x7fcd263badc0>,22,1,[2 7],23,74,75,51,48
1,<environment.Job instance at 0x7fcd263be280>,23,27,[1 6],24,71,98,47,69
1,<environment.Job instance at 0x7fcd263be460>,26,3,[3 7],27,75,78,48,69
1,<environment.Job instance at 0x7fcd263be5a0>,28,23,[10  4],29,78,101,49,72
1,<environment.Job instance at 0x7fcd263be820>,32,3,[5 1],33,98,101,65,81
1,<environment.Job instance at 0x7fcd263be960>,34,24,[1 8],35,101,125,66,96
1,<environment.Job instance at 0x7fcd263beaa0>,36,13,[ 3 14],37,125,138,88,109
1,<environment.Job instance at 0x7fcd263beb40>,37,2,[2 6],38,109,111,71,109
1,<environment.Job instance at 0x7fcd263bebe0>,38,2,[ 1 10],39,138,140,99,111
1,<environment.Job instance at 0x7fcd263bec80>,39,2,[5 6],40,111,113,71,111
1,<environment.Job instance at 0x7fcd263bedc0>,41,1,[5 2],42,113,114,71,111
1,<environment.Job instance at 0x7fcd263bee10>,42,2,[4 6],43,114,116,71,111
1,<environment.Job instance at 0x7fcd263c00f0>,44,3,[5 5],45,116,119,71,114
1,<environment.Job instance at 0x7fcd263c0140>,46,17,[12  2],47,138,155,91,126
1,<environment.Job instance at 0x7fcd263ba8c0>,10,12,[3 7],11,140,152,129,131
1,<environment.Job instance at 0x7fcd263c0b90>,54,13,[13  1],55,155,168,100,151
1,<environment.Job instance at 0x7fcd263c0c30>,55,2,[ 3 10],56,152,154,96,151
1,<environment.Job instance at 0x7fcd263c0d70>,57,18,[2 8],58,163,181,105,163
1,<environment.Job instance at 0x7fcd263c0f50>,60,3,[12  3],61,168,171,107,165
1,<environment.Job instance at 0x7fcd263c0fa0>,61,2,[4 5],62,171,173,109,165
1,<environment.Job instance at 0x7fcd263c08c0>,62,22,[6 4],63,173,195,110,166
1,<environment.Job instance at 0x7fcd263c11e0>,63,3,[5 9],64,181,184,117,166
1,<environment.Job instance at 0x7fcd263c1230>,64,18,[2 9],65,184,202,119,173
1,<environment.Job instance at 0x7fcd263c12d0>,65,20,[2 6],66,195,215,129,186
1,<environment.Job instance at 0x7fcd263ba4b0>,6,20,[6 1],7,202,222,195,193
1,<environment.Job instance at 0x7fcd263c1820>,69,13,[ 3 12],70,215,228,145,200
1,<environment.Job instance at 0x7fcd263c19b0>,71,2,[5 1],72,202,204,130,200
1,<environment.Job instance at 0x7fcd263c1aa0>,72,2,[5 9],73,228,230,155,202
1,<environment.Job instance at 0x7fcd263c1960>,73,13,[6 3],74,222,235,148,206
1,<environment.Job instance at 0x7fcd263c1cd0>,74,14,[5 1],75,207,221,132,207
1,<environment.Job instance at 0x7fcd263c1500>,70,3,[10  2],71,235,238,164,210
1,<environment.Job instance at 0x7fcd263c1910>,1,26,[ 5 10],2,2,28,0,2
1,<environment.Job instance at 0x7fcd2d938050>,6,3,[ 1 12],7,28,31,21,7
1,<environment.Job instance at 0x7fcd2d7b1730>,7,1,[1 5],8,8,9,0,8
1,<environment.Job instance at 0x7fcd2d7f2b40>,8,1,[3 6],9,31,32,22,9
1,<environment.Job instance at 0x7fcd2d7f2a50>,9,20,[2 6],10,31,51,21,22
1,<environment.Job instance at 0x7fcd2d7f2230>,15,21,[4 5],16,32,53,16,24
1,<environment.Job instance at 0x7fcd2d7f2960>,17,22,[4 5],18,51,73,33,44
1,<environment.Job instance at 0x7fcd2d7f2d20>,18,23,[ 2 14],19,73,96,54,67
1,<environment.Job instance at 0x7fcd2d7f2d70>,19,2,[1 8],20,67,69,47,67
1,<environment.Job instance at 0x7fcd2d7f2e60>,21,1,[3 9],22,69,70,47,67
1,<environment.Job instance at 0x7fcd2d93d320>,24,3,[5 6],25,70,73,45,69
1,<environment.Job instance at 0x7fcd2d93da50>,26,1,[9 3],27,96,97,69,75
1,<environment.Job instance at 0x7fcd2d93d1e0>,27,20,[9 2],28,97,117,69,88
1,<environment.Job instance at 0x7fcd2d7f2c80>,13,12,[ 4 11],14,96,108,82,90
1,<environment.Job instance at 0x7fcd2d93d820>,28,16,[11  2],29,117,133,88,104
1,<environment.Job instance at 0x7fcd2d93d2d0>,30,16,[2 8],31,108,124,77,105
1,<environment.Job instance at 0x7fcd2d93a280>,34,2,[2 7],35,124,126,89,107
1,<environment.Job instance at 0x7fcd2d99b460>,10,2,[7 2],11,133,135,122,109
1,<environment.Job instance at 0x7fcd2d93adc0>,35,3,[ 4 13],36,126,129,90,110
1,<environment.Job instance at 0x7fcd2d93dbe0>,33,15,[ 1 12],34,129,144,95,116
1,<environment.Job instance at 0x7fcd2d93ae60>,38,1,[4 6],39,144,145,105,117
1,<environment.Job instance at 0x7fcd2d930640>,45,1,[9 1],46,135,136,89,128
1,<environment.Job instance at 0x7fcd2d930c30>,46,1,[6 3],47,136,137,89,128
1,<environment.Job instance at 0x7fcd2d930f50>,47,3,[4 5],48,144,147,96,128
1,<environment.Job instance at 0x7fcd2d7f5050>,49,2,[4 9],50,145,147,95,129
1,<environment.Job instance at 0x7fcd2d7f5e60>,50,3,[13  3],51,137,140,86,129
1,<environment.Job instance at 0x7fcd2d7f5460>,52,3,[3 7],53,147,150,94,143
1,<environment.Job instance at 0x7fcd2d936050>,54,3,[6 4],55,147,150,92,143
1,<environment.Job instance at 0x7fcd2d936a50>,55,13,[ 1 14],56,150,163,94,143
1,<environment.Job instance at 0x7fcd2d9369b0>,56,2,[8 1],57,150,152,93,143
1,<environment.Job instance at 0x7fcd2d936eb0>,57,2,[10  2],58,163,165,105,143
1,<environment.Job instance at 0x7fcd2d936780>,58,19,[6 4],59,165,184,106,155
1,<environment.Job instance at 0x7fcd2d936aa0>,60,2,[9 5],61,165,167,104,160
1,<environment.Job instance at 0x7fcd2d936550>,61,2,[5 5],62,163,165,101,160
1,<environment.Job instance at 0x7fcd2d936690>,62,1,[6 4],63,167,168,104,160
1,<environment.Job instance at 0x7fcd2d9446e0>,64,19,[6 1],65,168,187,103,163
1,<environment.Job instance at 0x7fcd2d93af50>,37,1,[ 1 14],38,184,185,146,163
1,<environment.Job instance at 0x7fcd2d9441e0>,67,21,[ 3 10],68,185,206,117,177
1,<environment.Job instance at 0x7fcd2d944640>,68,3,[14  4],69,206,209,137,180
1,<environment.Job instance at 0x7fcd2d9445a0>,70,1,[5 8],71,209,210,138,181
1,<environment.Job instance at 0x7fcd2d944a00>,73,2,[7 3],74,189,191,115,189
1,<environment.Job instance at 0x7fcd2d944320>,74,3,[4 6],75,209,212,134,189
1,<environment.Job instance at 0x7fcd2d944190>,75,2,[5 2],76,189,191,113,189
1,<environment.Job instance at 0x7fcd2d944910>,76,1,[5 9],77,210,211,133,189
1,<environment.Job instance at 0x7fcd2d93ef50>,77,1,[2 9],78,211,212,133,189
1,<environment.Job instance at 0x7fcd2d93eeb0>,78,21,[9 4],79,212,233,133,204
1,<environment.Job instance at 0x7fcd2d93efa0>,82,3,[10  2],83,233,236,150,211
1,<environment.Job instance at 0x7fcd2d9445f0>,66,2,[11  5],67,236,238,169,211
1,<environment.Job instance at 0x7fcd2d93ec80>,83,2,[8 3],84,238,240,154,212
1,<environment.Job instance at 0x7fcd2d9402d0>,2,1,[ 4 13],3,3,4,0,3
1,<environment.Job instance at 0x7fcd2d933550>,3,14,[11  3],4,16,30,12,16
1,<environment.Job instance at 0x7fcce275e410>,12,20,[1 7],13,20,40,7,20
1,<environment.Job instance at 0x7fcce275e550>,13,1,[ 4 10],14,40,41,26,20
1,<environment.Job instance at 0x7fcce275efa0>,15,1,[10  1],16,30,31,14,21
1,<environment.Job instance at 0x7fcce275eeb0>,16,19,[2 7],17,41,60,24,31
1,<environment.Job instance at 0x7fcce275ee10>,21,2,[9 5],22,38,40,16,38
1,<environment.Job instance at 0x7fcce275e5a0>,22,2,[9 3],23,40,42,17,38
1,<environment.Job instance at 0x7fcce26bbc80>,23,24,[7 4],24,42,66,18,38
1,<environment.Job instance at 0x7fcce26bb910>,25,3,[12  3],26,66,69,40,40
1,<environment.Job instance at 0x7fcce26bb370>,27,2,[4 5],28,60,62,32,54
1,<environment.Job instance at 0x7fcce26bb4b0>,29,3,[5 1],30,57,60,27,57
1,<environment.Job instance at 0x7fcce26bbbe0>,30,3,[7 3],31,62,65,31,57
1,<environment.Job instance at 0x7fcce26bbf00>,31,27,[4 7],32,69,96,37,67
1,<environment.Job instance at 0x7fcce26bb640>,32,26,[8 4],33,69,95,36,67
1,<environment.Job instance at 0x7fcce275e730>,11,1,[8 3],12,95,96,83,73
1,<environment.Job instance at 0x7fcce26b62d0>,36,3,[9 1],37,96,99,59,74
1,<environment.Job instance at 0x7fcce26bb6e0>,35,16,[14  1],36,99,115,63,86
1,<environment.Job instance at 0x7fcce26b6cd0>,39,1,[5 4],40,96,97,56,89
1,<environment.Job instance at 0x7fcce26b6af0>,47,13,[9 2],48,115,128,67,101
1,<environment.Job instance at 0x7fcce26b5b40>,48,15,[3 6],49,115,130,66,107
1,<environment.Job instance at 0x7fcce26b5050>,49,3,[4 7],50,128,131,78,107
1,<environment.Job instance at 0x7fcce26b5eb0>,52,1,[5 5],53,130,131,77,113
1,<environment.Job instance at 0x7fcce26b5a00>,53,23,[10  1],54,131,154,77,125
1,<environment.Job instance at 0x7fcce26b5e10>,56,28,[6 5],57,154,182,97,153
1,<environment.Job instance at 0x7fcce275ee60>,20,24,[ 1 10],21,158,182,137,158
1,<environment.Job instance at 0x7fcce26dee60>,61,15,[14  1],62,182,197,120,168
1,<environment.Job instance at 0x7fcce26def00>,67,3,[6 3],68,197,200,129,172
1,<environment.Job instance at 0x7fcce26de870>,69,28,[5 3],70,197,225,127,196
1,<environment.Job instance at 0x7fcce26b6c30>,40,25,[ 3 10],41,200,225,159,196
1,<environment.Job instance at 0x7fcce26ad6e0>,76,1,[7 3],77,225,226,148,203
1,<environment.Job instance at 0x7fcce26ade10>,78,1,[2 7],79,225,226,146,206
1,<environment.Job instance at 0x7fcce26ad5f0>,81,3,[4 5],82,225,228,143,222
1,<environment.Job instance at 0x7fcce2671140>,0,24,[2 8],1,1,25,0,1
1,<environment.Job instance at 0x7fcce2671230>,1,24,[9 1],2,2,26,0,2
1,<environment.Job instance at 0x7fcce275ea50>,3,24,[10  5],4,26,50,22,21
1,<environment.Job instance at 0x7fcce2b5bc30>,13,3,[3 5],14,26,29,12,26
1,<environment.Job instance at 0x7fcce2bb75f0>,15,12,[ 4 10],16,29,41,13,26
1,<environment.Job instance at 0x7fcce2bb7370>,16,1,[2 6],17,41,42,24,26
1,<environment.Job instance at 0x7fcce2bb7c80>,17,15,[ 3 12],18,50,65,32,36
1,<environment.Job instance at 0x7fcce2bb7d20>,18,2,[5 7],19,42,44,23,36
1,<environment.Job instance at 0x7fcce2b49be0>,21,2,[6 3],22,50,52,28,37
1,<environment.Job instance at 0x7fcce2b49780>,22,12,[8 1],23,52,64,29,47
1,<environment.Job instance at 0x7fcce2b492d0>,23,1,[1 7],24,47,48,23,47
1,<environment.Job instance at 0x7fcce2b49d70>,25,3,[9 4],26,65,68,39,47
1,<environment.Job instance at 0x7fcd2675d5f0>,32,12,[3 8],33,70,82,37,70
1,<environment.Job instance at 0x7fcd2675dcd0>,33,3,[4 8],34,82,85,48,70
1,<environment.Job instance at 0x7fcd2675d960>,35,3,[3 8],36,85,88,49,77
1,<environment.Job instance at 0x7fcd2675da50>,36,25,[ 5 10],37,88,113,51,84
1,<environment.Job instance at 0x7fcce27473c0>,4,23,[10  2],5,87,110,82,87
1,<environment.Job instance at 0x7fcd2675de10>,43,2,[5 7],44,113,115,69,87
1,<environment.Job instance at 0x7fcd2675d8c0>,44,1,[3 8],45,113,114,68,88
1,<environment.Job instance at 0x7fcce2c88500>,46,3,[2 8],47,114,117,67,89
1,<environment.Job instance at 0x7fcce2b910a0>,52,17,[12  4],53,115,132,62,104
1,<environment.Job instance at 0x7fcce2cd6b40>,61,3,[9 4],62,132,135,70,130
1,<environment.Job instance at 0x7fcce2cd6910>,62,1,[7 4],63,135,136,72,130
1,<environment.Job instance at 0x7fcce2cd6870>,63,2,[9 2],64,136,138,72,130
1,<environment.Job instance at 0x7fcce2b91370>,50,14,[7 5],51,138,152,87,132
1,<environment.Job instance at 0x7fcd2635c4b0>,65,2,[ 4 11],66,134,136,68,134
1,<environment.Job instance at 0x7fcd2675dd20>,30,27,[ 5 10],31,136,163,105,134
1,<environment.Job instance at 0x7fcce2a7ad20>,68,1,[2 6],69,163,164,94,135
1,<environment.Job instance at 0x7fcce2a7afa0>,70,2,[10  2],71,152,154,81,137
1,<environment.Job instance at 0x7fcce2a7aaa0>,72,19,[8 2],73,154,173,81,144
1,<environment.Job instance at 0x7fcce2a7acd0>,73,2,[ 2 14],74,173,175,99,146
1,<environment.Job instance at 0x7fcce2a7af50>,74,17,[ 5 14],75,175,192,100,163
1,<environment.Job instance at 0x7fcce2b59a00>,75,3,[2 5],76,163,166,87,163
1,<environment.Job instance at 0x7fcce2b59820>,76,2,[11  3],77,192,194,115,165
1,<environment.Job instance at 0x7fcce2b593c0>,77,2,[12  2],78,194,196,116,167
1,<environment.Job instance at 0x7fcce2b590a0>,81,3,[7 3],82,196,199,114,171
1,<environment.Job instance at 0x7fcce2b59fa0>,82,2,[12  5],83,199,201,116,172
1,<environment.Job instance at 0x7fcce2b59320>,83,1,[1 7],84,172,173,88,172
1,<environment.Job instance at 0x7fcce26ad140>,84,1,[14  4],85,201,202,116,173
1,<environment.Job instance at 0x7fcce26ad0a0>,86,3,[8 1],87,173,176,86,173
1,<environment.Job instance at 0x7fcce26adeb0>,87,2,[6 4],88,196,198,108,173
1,<environment.Job instance at 0x7fcce2cf29b0>,93,13,[4 9],94,202,215,108,199
1,<environment.Job instance at 0x7fcce2cf2cd0>,94,2,[2 5],95,199,201,104,199
1,<environment.Job instance at 0x7fcce2cde690>,2,14,[ 1 11],3,4,18,1,4
1,<environment.Job instance at 0x7fcce27932d0>,4,3,[14  4],5,6,9,1,6
1,<environment.Job instance at 0x7fcce2747f50>,6,2,[13  4],7,9,11,2,7
1,<environment.Job instance at 0x7fcce275e690>,9,27,[1 5],10,18,45,8,16
1,<environment.Job instance at 0x7fcd267db7d0>,13,3,[8 4],14,16,19,2,16
1,<environment.Job instance at 0x7fcd26411be0>,14,3,[6 1],15,18,21,3,16
1,<environment.Job instance at 0x7fcd2679beb0>,17,19,[14  4],18,21,40,3,18
1,<environment.Job instance at 0x7fcd2641eb40>,19,14,[ 5 11],20,45,59,25,35
1,<environment.Job instance at 0x7fcce2aa66e0>,23,2,[9 1],24,40,42,16,38
1,<environment.Job instance at 0x7fcce2aa6780>,24,2,[1 8],25,40,42,15,38
1,<environment.Job instance at 0x7fcce2aa6960>,27,2,[2 8],28,42,44,14,41
1,<environment.Job instance at 0x7fcce2aa6aa0>,28,3,[ 5 14],29,59,62,30,41
1,<environment.Job instance at 0x7fcce2aa6af0>,29,27,[9 3],30,62,89,32,60
1,<environment.Job instance at 0x7fcd264c5410>,15,14,[ 5 12],16,62,76,46,60
1,<environment.Job instance at 0x7fcce2aa6d70>,33,1,[3 5],34,76,77,42,60
1,<environment.Job instance at 0x7fcce2cf2cd0>,3,14,[2 7],4,76,90,72,61
1,<environment.Job instance at 0x7fcce2aa63c0>,38,27,[1 7],39,89,116,50,87
1,<environment.Job instance at 0x7fcce2aa68c0>,26,25,[3 8],27,90,115,63,87
1,<environment.Job instance at 0x7fcce25c1500>,42,2,[9 3],43,115,117,72,92
1,<environment.Job instance at 0x7fcce2aa6f50>,35,2,[6 3],36,116,118,80,93
1,<environment.Job instance at 0x7fcce25c16e0>,45,3,[1 5],46,117,120,71,93
1,<environment.Job instance at 0x7fcce25c1780>,46,3,[9 3],47,118,121,71,93
1,<environment.Job instance at 0x7fcce25c1960>,49,1,[10  3],50,121,122,71,100
1,<environment.Job instance at 0x7fcce25c1a00>,50,19,[1 5],51,117,136,66,107
1,<environment.Job instance at 0x7fcce25c1820>,47,13,[6 4],48,122,135,74,107
1,<environment.Job instance at 0x7fcce25c1c80>,54,2,[7 5],55,122,124,67,117
1,<environment.Job instance at 0x7fcce25c1d20>,55,2,[14  5],56,135,137,79,117
1,<environment.Job instance at 0x7fcce25c1dc0>,56,3,[2 7],57,137,140,80,117
1,<environment.Job instance at 0x7fcce25c1e60>,57,18,[5 1],58,137,155,79,126
1,<environment.Job instance at 0x7fcce25c1fa0>,58,3,[5 8],59,140,143,81,126
1,<environment.Job instance at 0x7fcce25c1f00>,60,1,[6 3],61,126,127,65,126
1,<environment.Job instance at 0x7fcce2aa6a50>,37,12,[ 2 12],38,143,155,105,130
1,<environment.Job instance at 0x7fcce25c3320>,65,21,[2 5],66,155,176,89,147
1,<environment.Job instance at 0x7fcce25c1b40>,52,18,[10  4],53,155,173,102,147
1,<environment.Job instance at 0x7fcce25c3820>,70,12,[2 5],71,155,167,84,151
1,<environment.Job instance at 0x7fcce25c3640>,69,19,[9 1],70,173,192,103,163
1,<environment.Job instance at 0x7fcce25c3a00>,72,1,[2 9],73,173,174,100,163
1,<environment.Job instance at 0x7fcce25c3af0>,73,27,[1 8],74,174,201,100,172
1,<environment.Job instance at 0x7fcce25c3e10>,77,2,[2 8],78,201,203,123,174
1,<environment.Job instance at 0x7fcce25c3eb0>,78,3,[5 9],79,203,206,124,177
1,<environment.Job instance at 0x7fcce25c3fa0>,80,3,[1 7],81,192,195,111,177
1,<environment.Job instance at 0x7fcce25c6370>,85,13,[10  4],86,195,208,109,195
1,<environment.Job instance at 0x7fcce25c65a0>,87,22,[1 7],88,206,228,118,199
1,<environment.Job instance at 0x7fcce25c6820>,1,22,[ 1 10],2,2,24,0,2
1,<environment.Job instance at 0x7fcd2cf8e190>,8,20,[6 2],9,9,29,0,9
1,<environment.Job instance at 0x7fcd2cf8e640>,17,18,[1 7],18,26,44,8,26
1,<environment.Job instance at 0x7fcd2cf8ee60>,18,12,[ 5 12],19,44,56,25,30
1,<environment.Job instance at 0x7fcd2d1938c0>,23,2,[10  5],24,42,44,18,42
1,<environment.Job instance at 0x7fcd2d193b40>,26,3,[8 1],27,51,54,24,51
1,<environment.Job instance at 0x7fcd2d193c80>,28,21,[5 8],29,60,81,31,60
1,<environment.Job instance at 0x7fcd2d193aa0>,31,28,[2 8],32,81,109,49,80
1,<environment.Job instance at 0x7fcd2d1939b0>,36,28,[1 7],37,95,123,58,95
1,<environment.Job instance at 0x7fcd2d193820>,38,1,[5 7],39,109,110,70,99
1,<environment.Job instance at 0x7fcd2d1937d0>,39,2,[ 4 11],40,123,125,83,99
1,<environment.Job instance at 0x7fcd2d193780>,40,3,[4 8],41,110,113,69,99
1,<environment.Job instance at 0x7fcd2d193fa0>,41,1,[10  2],42,113,114,71,99
1,<environment.Job instance at 0x7fcd2d193d70>,42,3,[9 1],43,114,117,71,99
1,<environment.Job instance at 0x7fcd2d193870>,43,2,[ 4 10],44,125,127,81,99
1,<environment.Job instance at 0x7fcce2c9e460>,44,3,[11  1],45,117,120,72,99
1,<environment.Job instance at 0x7fcce2c9ea50>,46,28,[9 2],47,120,148,73,119
1,<environment.Job instance at 0x7fcce2c9ecd0>,48,1,[6 3],49,127,128,78,127
1,<environment.Job instance at 0x7fcce2c9e4b0>,57,3,[ 1 12],58,128,131,70,127
1,<environment.Job instance at 0x7fcce2c9e280>,58,15,[ 3 11],59,136,151,77,136
1,<environment.Job instance at 0x7fcd2626a190>,65,15,[ 2 11],66,151,166,85,147
1,<environment.Job instance at 0x7fcd2626a5f0>,66,23,[7 4],67,148,171,81,147
1,<environment.Job instance at 0x7fcce2c9e3c0>,49,17,[1 5],50,167,184,117,167
1,<environment.Job instance at 0x7fcd2cf8ec80>,16,13,[11  1],17,171,184,154,171
1,<environment.Job instance at 0x7fcd2626ad20>,71,3,[5 5],72,184,187,112,175
1,<environment.Job instance at 0x7fcd2629b140>,77,2,[7 2],78,184,186,106,176
1,<environment.Job instance at 0x7fcd2629b370>,76,2,[3 9],77,178,180,101,178
1,<environment.Job instance at 0x7fcd2629b2d0>,79,1,[ 2 10],80,186,187,106,178
1,<environment.Job instance at 0x7fcd2626ac30>,73,20,[5 4],74,187,207,113,187
1,<environment.Job instance at 0x7fcd2629b910>,83,1,[7 2],84,189,190,105,189
1,<environment.Job instance at 0x7fcd2629b500>,85,20,[4 7],86,192,212,106,192
1,<environment.Job instance at 0x7fcd2629bb40>,86,21,[6 5],87,207,228,120,199
1,<environment.Job instance at 0x7fcd2629c8c0>,88,1,[ 3 10],89,212,213,123,199
1,<environment.Job instance at 0x7fcd2629cb40>,91,27,[5 1],92,213,240,121,211
1,<environment.Job instance at 0x7fcd2629ce60>,92,21,[1 6],93,213,234,120,211
1,<environment.Job instance at 0x7fcd2d2989b0>,5,1,[9 5],6,6,7,0,6
1,<environment.Job instance at 0x7fcce287d6e0>,11,2,[9 5],12,12,14,0,12
1,<environment.Job instance at 0x7fcce2bc4c30>,12,3,[9 5],13,14,17,1,13
1,<environment.Job instance at 0x7fcd2cc75a50>,16,2,[13  5],17,29,31,12,29
1,<environment.Job instance at 0x7fcd2cc750f0>,17,1,[9 5],18,31,32,13,29
1,<environment.Job instance at 0x7fcce28bb410>,20,26,[6 3],21,35,61,14,35
1,<environment.Job instance at 0x7fcd2cdc8cd0>,22,17,[ 2 11],23,38,55,15,38
1,<environment.Job instance at 0x7fcd2d706550>,23,2,[6 3],24,55,57,31,38
1,<environment.Job instance at 0x7fcd2cdc8870>,24,1,[9 4],25,57,58,32,38
1,<environment.Job instance at 0x7fcd265d2f00>,25,23,[7 1],26,58,81,32,52
1,<environment.Job instance at 0x7fcd265d28c0>,26,1,[4 9],27,61,62,34,52
1,<environment.Job instance at 0x7fcd2d1bd550>,27,17,[4 9],28,62,79,34,52
1,<environment.Job instance at 0x7fcce2875050>,33,12,[ 1 14],34,79,91,45,62
1,<environment.Job instance at 0x7fcce291b910>,4,2,[ 2 10],5,91,93,86,70
1,<environment.Job instance at 0x7fcd2d93b9b0>,36,13,[13  3],37,91,104,54,75
1,<environment.Job instance at 0x7fcd265ec0a0>,38,1,[ 3 14],39,104,105,65,79
1,<environment.Job instance at 0x7fcd265ec960>,42,3,[5 2],43,105,108,62,80
1,<environment.Job instance at 0x7fcd265ec820>,43,3,[9 2],44,105,108,61,84
1,<environment.Job instance at 0x7fcd2ce7e550>,48,1,[8 4],49,108,109,59,100
1,<environment.Job instance at 0x7fcd2ce7eb90>,50,2,[4 9],51,108,110,57,100
1,<environment.Job instance at 0x7fcd2ce7e280>,51,14,[ 3 14],52,110,124,58,100
1,<environment.Job instance at 0x7fcd2ce7e730>,54,1,[1 9],55,124,125,69,115
1,<environment.Job instance at 0x7fcd2ce7e3c0>,55,13,[ 1 12],56,125,138,69,115
1,<environment.Job instance at 0x7fcce2c53460>,56,17,[11  2],57,124,141,67,116
1,<environment.Job instance at 0x7fcce2c53e60>,57,3,[6 4],58,141,144,83,116
1,<environment.Job instance at 0x7fcd26855b40>,60,28,[5 6],61,141,169,80,140
1,<environment.Job instance at 0x7fcd2ccb6140>,61,2,[2 6],62,144,146,82,140
1,<environment.Job instance at 0x7fcd2d6f82d0>,62,3,[9 1],63,146,149,83,140
1,<environment.Job instance at 0x7fcd262e5f50>,63,28,[ 1 11],64,169,197,105,168
1,<environment.Job instance at 0x7fcd2d0a3370>,65,23,[5 3],66,168,191,102,168
1,<environment.Job instance at 0x7fcd2d6f8aa0>,66,14,[13  5],67,197,211,130,182
1,<environment.Job instance at 0x7fcd2d0a37d0>,68,1,[6 1],69,182,183,113,182
1,<environment.Job instance at 0x7fcd2d0a3780>,71,14,[7 1],72,211,225,139,198
1,<environment.Job instance at 0x7fcd2ccc02d0>,77,14,[4 7],78,211,225,133,200
1,<environment.Job instance at 0x7fcd2d10de60>,70,13,[12  5],71,225,238,154,209
1,<environment.Job instance at 0x7fcd2ccc08c0>,79,1,[10  3],80,238,239,158,210
1,<environment.Job instance at 0x7fcd2cd86f50>,83,18,[ 1 10],84,225,243,141,214
1,<environment.Job instance at 0x7fcd2cd860f0>,84,1,[1 6],85,215,216,130,215
1,<environment.Job instance at 0x7fcd268e0dc0>,0,25,[2 8],1,1,26,0,1
1,<environment.Job instance at 0x7fcce28db780>,4,3,[ 3 14],5,26,29,21,5
1,<environment.Job instance at 0x7fcce2a78c30>,5,1,[10  1],6,6,7,0,6
1,<environment.Job instance at 0x7fcd2d15cd70>,13,2,[2 5],14,23,25,9,23
1,<environment.Job instance at 0x7fcd2d15c050>,14,15,[ 2 10],15,29,44,14,23
1,<environment.Job instance at 0x7fcce29ce8c0>,16,18,[9 4],17,29,47,12,29
1,<environment.Job instance at 0x7fcce29ced20>,17,3,[8 5],18,47,50,29,29
1,<environment.Job instance at 0x7fcce29ce550>,18,1,[ 3 12],19,50,51,31,29
1,<environment.Job instance at 0x7fcd262c8320>,20,2,[5 6],21,44,46,23,33
1,<environment.Job instance at 0x7fcd262c8460>,22,18,[5 1],23,46,64,23,36
1,<environment.Job instance at 0x7fcd262c8780>,23,18,[ 5 10],24,51,69,27,40
1,<environment.Job instance at 0x7fcd262c8870>,24,20,[9 5],25,64,84,39,55
1,<environment.Job instance at 0x7fcd262c8af0>,28,2,[8 5],29,84,86,55,59
1,<environment.Job instance at 0x7fcd262c8aa0>,30,2,[2 7],31,69,71,38,60
1,<environment.Job instance at 0x7fcd262c8c80>,31,1,[10  4],32,86,87,54,60
1,<environment.Job instance at 0x7fcd262c8730>,32,3,[3 8],33,71,74,38,60
1,<environment.Job instance at 0x7fcd2cd4b190>,3,18,[ 4 10],4,74,92,70,71
1,<environment.Job instance at 0x7fcd262c8e10>,35,18,[14  2],36,92,110,56,81
1,<environment.Job instance at 0x7fcd262c8f00>,36,1,[5 7],37,110,111,73,82
1,<environment.Job instance at 0x7fcd262d53c0>,38,2,[7 3],39,87,89,48,82
1,<environment.Job instance at 0x7fcd262d5460>,39,1,[5 6],40,110,111,70,82
1,<environment.Job instance at 0x7fcd262d54b0>,44,13,[5 4],45,111,124,66,105
1,<environment.Job instance at 0x7fcd262d58c0>,46,2,[7 3],47,111,113,64,105
1,<environment.Job instance at 0x7fcd262d57d0>,47,25,[9 4],48,113,138,65,109
1,<environment.Job instance at 0x7fcd262d5730>,48,2,[2 7],49,111,113,62,109
1,<environment.Job instance at 0x7fcd262d5910>,49,2,[4 6],50,124,126,74,109
1,<environment.Job instance at 0x7fcd262c8eb0>,34,17,[3 6],35,131,148,96,131
1,<environment.Job instance at 0x7fcd262d5b90>,53,17,[6 4],54,138,155,84,133
1,<environment.Job instance at 0x7fcd263fc0a0>,9,2,[13  5],10,155,157,145,135
1,<environment.Job instance at 0x7fcd262d5e60>,55,16,[1 6],56,148,164,92,139
1,<environment.Job instance at 0x7fcd262d5fa0>,58,14,[5 4],59,139,153,80,139
1,<environment.Job instance at 0x7fcd262d5a50>,51,3,[ 4 12],52,164,167,112,139
1,<environment.Job instance at 0x7fcd262cb0f0>,59,2,[9 5],60,157,159,97,139
1,<environment.Job instance at 0x7fcd262cb2d0>,60,1,[8 5],61,153,154,92,139
1,<environment.Job instance at 0x7fcd262d5eb0>,57,14,[12  5],58,167,181,109,154
1,<environment.Job instance at 0x7fcd262cb730>,66,22,[ 4 10],67,181,203,114,174
1,<environment.Job instance at 0x7fcd262cbdc0>,73,13,[1 7],74,203,216,129,187
1,<environment.Job instance at 0x7fcd262cbe60>,74,3,[3 5],75,187,190,112,187
1,<environment.Job instance at 0x7fcd262cbf00>,75,23,[8 2],76,190,213,114,187
1,<environment.Job instance at 0x7fcd262cbf50>,77,1,[8 3],78,213,214,135,188
1,<environment.Job instance at 0x7fcd262da5a0>,83,18,[ 2 11],84,216,234,132,208
1,<environment.Job instance at 0x7fcd262cb410>,61,18,[9 3],62,214,232,152,208
1,<environment.Job instance at 0x7fcd262da550>,85,3,[11  2],86,232,235,146,210
1,<environment.Job instance at 0x7fcd262da230>,86,3,[8 5],87,235,238,148,216
1,<environment.Job instance at 0x7fcce2a7f500>,1,23,[ 3 13],2,2,25,0,2
1,<environment.Job instance at 0x7fcce2bbc820>,11,3,[3 7],12,25,28,13,13
1,<environment.Job instance at 0x7fcd2d935aa0>,12,2,[5 6],13,25,27,12,13
1,<environment.Job instance at 0x7fcd2d935dc0>,13,3,[10  1],14,14,17,0,14
1,<environment.Job instance at 0x7fcd2635bc30>,15,2,[10  5],16,27,29,11,16
1,<environment.Job instance at 0x7fcd2d935320>,16,2,[6 4],17,29,31,12,17
1,<environment.Job instance at 0x7fcce25e8140>,17,15,[ 1 10],18,28,43,10,27
1,<environment.Job instance at 0x7fcd2635b690>,18,3,[2 7],19,43,46,24,28
1,<environment.Job instance at 0x7fcce25e8fa0>,19,2,[10  2],20,31,33,11,28
1,<environment.Job instance at 0x7fcce288bb90>,20,1,[8 1],21,29,30,8,28
1,<environment.Job instance at 0x7fcce25e8690>,22,17,[1 9],23,46,63,23,34
1,<environment.Job instance at 0x7fcd2656c140>,25,3,[ 1 14],26,63,66,37,47
1,<environment.Job instance at 0x7fcce28b0f50>,29,3,[10  2],30,66,69,36,63
1,<environment.Job instance at 0x7fcd2640b690>,30,13,[11  4],31,69,82,38,63
1,<environment.Job instance at 0x7fcd2cd5b6e0>,31,12,[ 1 13],32,82,94,50,65
1,<environment.Job instance at 0x7fcd263be5a0>,35,12,[ 3 10],36,94,106,58,84
1,<environment.Job instance at 0x7fcd26867cd0>,37,2,[3 7],38,106,108,68,92
1,<environment.Job instance at 0x7fcce2c05e10>,38,12,[10  1],39,92,104,53,92
1,<environment.Job instance at 0x7fcce2c05b40>,39,21,[1 7],40,106,127,66,98
1,<environment.Job instance at 0x7fcd2d314460>,42,17,[ 2 14],43,127,144,84,115
1,<environment.Job instance at 0x7fcd264a7d20>,43,2,[8 4],44,115,117,71,115
1,<environment.Job instance at 0x7fcd26655410>,50,2,[8 1],51,134,136,83,134
1,<environment.Job instance at 0x7fcd266555f0>,51,1,[9 4],52,144,145,92,134
1,<environment.Job instance at 0x7fcd26403910>,5,13,[4 7],6,144,157,138,142
1,<environment.Job instance at 0x7fcce2a23140>,58,1,[8 2],59,148,149,89,148
1,<environment.Job instance at 0x7fcce2a23af0>,59,3,[2 6],60,148,151,88,148
1,<environment.Job instance at 0x7fcd2639ccd0>,61,1,[9 4],62,151,152,89,148
1,<environment.Job instance at 0x7fcd2639c690>,62,2,[2 7],63,152,154,89,148
1,<environment.Job instance at 0x7fcd2639c370>,63,18,[ 2 10],64,157,175,93,149
1,<environment.Job instance at 0x7fcd26476140>,55,16,[11  3],56,154,170,98,150
1,<environment.Job instance at 0x7fcd2d0262d0>,70,1,[4 5],71,183,184,112,183
1,<environment.Job instance at 0x7fcd2d026b40>,72,1,[6 3],73,183,184,110,183
1,<environment.Job instance at 0x7fcd2d026960>,73,3,[1 6],74,183,186,109,183
1,<environment.Job instance at 0x7fcd2d026050>,74,1,[5 4],75,184,185,109,183
1,<environment.Job instance at 0x7fcd2d026c80>,75,17,[ 2 10],76,186,203,110,183
1,<environment.Job instance at 0x7fcd2d026500>,76,3,[6 2],77,184,187,107,183
1,<environment.Job instance at 0x7fcd2d0261e0>,77,1,[6 3],78,185,186,107,183
1,<environment.Job instance at 0x7fcd2d026870>,78,19,[7 1],79,186,205,107,185
1,<environment.Job instance at 0x7fcd2d026640>,81,1,[2 7],82,203,204,121,198
1,<environment.Job instance at 0x7fcd2d026e10>,82,2,[4 5],83,203,205,120,198
1,<environment.Job instance at 0x7fcd2d026460>,85,2,[10  5],86,210,212,124,210
1,<environment.Job instance at 0x7fcd2d0266e0>,86,1,[2 5],87,210,211,123,210
1,<environment.Job instance at 0x7fcd2d026cd0>,87,14,[11  2],88,212,226,124,210
1,<environment.Job instance at 0x7fcd2d026a00>,88,15,[ 3 14],89,226,241,137,212
1,<environment.Job instance at 0x7fcce29164b0>,11,2,[6 2],12,12,14,0,12
1,<environment.Job instance at 0x7fcd263737d0>,10,2,[9 1],11,12,14,1,12
1,<environment.Job instance at 0x7fcd2cff99b0>,20,12,[5 9],21,27,39,6,27
1,<environment.Job instance at 0x7fcd2648ddc0>,21,18,[5 9],22,39,57,17,28
1,<environment.Job instance at 0x7fcd2648dc30>,22,2,[8 2],23,28,30,5,28
1,<environment.Job instance at 0x7fcd2648d230>,23,2,[8 1],24,30,32,6,28
1,<environment.Job instance at 0x7fcd2640ba00>,24,1,[ 3 10],25,57,58,32,29
1,<environment.Job instance at 0x7fcd266b0460>,29,2,[3 7],30,58,60,28,54
1,<environment.Job instance at 0x7fcd2d3871e0>,32,19,[8 3],33,71,90,38,71
1,<environment.Job instance at 0x7fcd26779eb0>,16,16,[4 9],17,79,95,62,79
1,<environment.Job instance at 0x7fcce273bf50>,33,13,[8 3],34,90,103,56,79
1,<environment.Job instance at 0x7fcd2651dbe0>,37,1,[2 6],38,95,96,57,84
1,<environment.Job instance at 0x7fcd2651d1e0>,39,25,[7 3],40,96,121,56,92
1,<environment.Job instance at 0x7fcce2889e60>,40,1,[12  5],41,121,122,80,95
1,<environment.Job instance at 0x7fcce28895f0>,45,3,[ 3 10],46,108,111,62,108
1,<environment.Job instance at 0x7fcd2cf6b550>,46,13,[10  5],47,122,135,75,117
1,<environment.Job instance at 0x7fcd2cf6b050>,51,3,[ 3 11],52,135,138,83,119
1,<environment.Job instance at 0x7fcd2cf6ba50>,52,14,[10  1],53,135,149,82,122
1,<environment.Job instance at 0x7fcce2a45820>,56,1,[ 3 10],57,134,135,77,134
1,<environment.Job instance at 0x7fcce273bdc0>,36,23,[5 5],37,152,175,115,152
1,<environment.Job instance at 0x7fcd267d4730>,63,3,[1 8],64,168,171,104,168
1,<environment.Job instance at 0x7fcce2a41b90>,64,1,[1 7],65,171,172,106,168
1,<environment.Job instance at 0x7fcce2a41e10>,65,3,[14  4],66,175,178,109,168
1,<environment.Job instance at 0x7fcd266d42d0>,66,17,[ 1 13],67,178,195,111,168
1,<environment.Job instance at 0x7fcd266d4b40>,67,18,[ 3 12],68,195,213,127,184
1,<environment.Job instance at 0x7fcd264432d0>,71,2,[11  4],72,213,215,141,186
1,<environment.Job instance at 0x7fcd26673190>,72,2,[6 3],73,195,197,122,186
1,<environment.Job instance at 0x7fcce2a455f0>,59,2,[3 7],60,213,215,153,196
1,<environment.Job instance at 0x7fcd2642e050>,76,18,[3 6],77,215,233,138,204
1,<environment.Job instance at 0x7fcce2898140>,0,2,[ 4 14],1,1,3,0,1
1,<environment.Job instance at 0x7fcce2bef5f0>,2,2,[1 5],3,3,5,0,3
1,<environment.Job instance at 0x7fcd2cc534b0>,6,14,[7 5],7,12,26,5,12
1,<environment.Job instance at 0x7fcd265df9b0>,5,3,[10  2],6,26,29,20,13
1,<environment.Job instance at 0x7fcd2d2047d0>,15,1,[5 6],16,17,18,1,17
1,<environment.Job instance at 0x7fcd2d05e910>,17,3,[9 4],18,29,32,11,18
1,<environment.Job instance at 0x7fcd2d05e9b0>,18,3,[6 3],19,19,22,0,19
1,<environment.Job instance at 0x7fcd2d05ec80>,19,2,[10  3],20,32,34,12,20
1,<environment.Job instance at 0x7fcd2d05ed70>,20,1,[4 8],21,22,23,1,21
1,<environment.Job instance at 0x7fcd2d05ed20>,21,13,[9 1],22,34,47,12,22
1,<environment.Job instance at 0x7fcd2d05efa0>,22,3,[5 8],23,23,26,0,23
1,<environment.Job instance at 0x7fcd2d204b90>,23,17,[14  2],24,47,64,23,35
1,<environment.Job instance at 0x7fcd2d2043c0>,12,1,[3 9],13,36,37,23,36
1,<environment.Job instance at 0x7fcd2d060280>,27,3,[8 3],28,64,67,36,38
1,<environment.Job instance at 0x7fcd2d060320>,28,1,[9 5],29,67,68,38,39
1,<environment.Job instance at 0x7fcd2d0605f0>,31,1,[3 8],32,39,40,7,39
1,<environment.Job instance at 0x7fcd2d0609b0>,36,2,[ 5 12],37,64,66,27,63
1,<environment.Job instance at 0x7fcd2d060a50>,37,23,[6 1],38,66,89,28,63
1,<environment.Job instance at 0x7fcd2d060f00>,40,1,[10  3],41,89,90,48,70
1,<environment.Job instance at 0x7fcd2d060dc0>,43,3,[2 6],44,76,79,32,76
1,<environment.Job instance at 0x7fcd2d05f320>,46,18,[ 2 10],47,79,97,32,77
1,<environment.Job instance at 0x7fcd2d0600a0>,25,20,[10  3],26,90,110,64,82
1,<environment.Job instance at 0x7fcd2d05f5f0>,53,3,[3 9],54,97,100,43,97
1,<environment.Job instance at 0x7fcd2d05f910>,54,28,[ 5 10],55,100,128,45,99
1,<environment.Job instance at 0x7fcd2d05f500>,49,14,[8 5],50,110,124,60,102
1,<environment.Job instance at 0x7fcd2d05fb40>,57,27,[2 9],58,128,155,70,126
1,<environment.Job instance at 0x7fcd26719aa0>,13,18,[5 2],14,126,144,112,126
1,<environment.Job instance at 0x7fcd2d05fe60>,65,3,[10  3],66,144,147,78,126
1,<environment.Job instance at 0x7fcd2d05f0a0>,51,15,[7 3],52,147,162,95,135
1,<environment.Job instance at 0x7fcd2cd8e230>,70,12,[2 6],71,155,167,84,138
1,<environment.Job instance at 0x7fcd2cd8e370>,71,2,[6 2],72,142,144,70,142
1,<environment.Job instance at 0x7fcd2cd8e500>,72,22,[5 4],73,155,177,82,149
1,<environment.Job instance at 0x7fcd2cd8e2d0>,73,3,[7 2],74,162,165,88,152
1,<environment.Job instance at 0x7fcd2d05ff50>,66,16,[ 5 12],67,177,193,110,171
1,<environment.Job instance at 0x7fcd2cd8eb90>,77,3,[3 7],78,171,174,93,171
1,<environment.Job instance at 0x7fcd2cd8e730>,75,13,[5 5],76,193,206,117,184
1,<environment.Job instance at 0x7fcd2cd8eaf0>,76,18,[1 5],77,193,211,116,187
1,<environment.Job instance at 0x7fcd2cd8ed20>,82,15,[2 5],83,193,208,110,187
1,<environment.Job instance at 0x7fcd2cd8eeb0>,84,2,[9 5],85,206,208,121,190
1,<environment.Job instance at 0x7fcd2cd7b050>,86,17,[ 2 14],87,211,228,124,199
1,<environment.Job instance at 0x7fcce2b8cf00>,2,26,[1 5],3,3,29,0,3
1,<environment.Job instance at 0x7fcd2cd7b500>,4,15,[5 3],5,15,30,10,15
1,<environment.Job instance at 0x7fcd2cda5870>,16,3,[2 5],17,18,21,1,18
1,<environment.Job instance at 0x7fcd2cda5280>,15,1,[8 5],16,21,22,5,18
1,<environment.Job instance at 0x7fcd2d1c4be0>,19,13,[14  2],20,30,43,10,27
1,<environment.Job instance at 0x7fcce2a45190>,23,26,[1 8],24,46,72,22,46
1,<environment.Job instance at 0x7fcce2a45e60>,26,18,[7 1],27,62,80,35,62
1,<environment.Job instance at 0x7fcce2a454b0>,28,2,[5 3],29,62,64,33,62
1,<environment.Job instance at 0x7fcce2a45460>,29,15,[ 1 14],30,72,87,42,62
1,<environment.Job instance at 0x7fcce2a45d70>,30,1,[3 5],31,64,65,33,62
1,<environment.Job instance at 0x7fcce2a45910>,31,23,[9 4],32,87,110,55,81
1,<environment.Job instance at 0x7fcd26568aa0>,37,1,[ 1 10],38,87,88,49,81
1,<environment.Job instance at 0x7fcd26568dc0>,44,3,[3 9],45,97,100,52,97
1,<environment.Job instance at 0x7fcce2afa460>,45,2,[10  1],46,110,112,64,97
1,<environment.Job instance at 0x7fcce2afa3c0>,46,3,[ 1 10],47,100,103,53,97
1,<environment.Job instance at 0x7fcce2afab90>,48,3,[5 9],49,111,114,62,111
1,<environment.Job instance at 0x7fcce2afa8c0>,49,1,[10  2],50,112,113,62,111
1,<environment.Job instance at 0x7fcce2afac30>,51,2,[4 9],52,115,117,63,115
1,<environment.Job instance at 0x7fcce2afa0f0>,52,16,[1 9],53,117,133,64,117
1,<environment.Job instance at 0x7fcd2640bbe0>,54,12,[10  3],55,119,131,64,119
1,<environment.Job instance at 0x7fcd2640bb40>,55,3,[3 8],56,133,136,77,119
1,<environment.Job instance at 0x7fcce254e190>,58,1,[8 3],59,131,132,72,126
1,<environment.Job instance at 0x7fcce254e7d0>,60,14,[1 9],61,136,150,75,130
1,<environment.Job instance at 0x7fcce254ed20>,61,2,[5 4],62,132,134,70,130
1,<environment.Job instance at 0x7fcce254e140>,62,12,[1 7],63,150,162,87,134
1,<environment.Job instance at 0x7fcce254e910>,63,3,[ 2 10],64,162,165,98,136
1,<environment.Job instance at 0x7fcd2d253370>,66,2,[ 2 10],67,165,167,98,144
1,<environment.Job instance at 0x7fcd2d2530f0>,67,16,[11  5],68,144,160,76,144
1,<environment.Job instance at 0x7fcd2d253be0>,69,3,[10  4],70,160,163,90,154
1,<environment.Job instance at 0x7fcd2d253f50>,71,3,[13  1],72,163,166,91,163
1,<environment.Job instance at 0x7fcd2d253c30>,72,3,[3 7],73,167,170,94,164
1,<environment.Job instance at 0x7fcd2d253730>,73,3,[5 4],74,166,169,92,164
1,<environment.Job instance at 0x7fcce2a456e0>,34,14,[2 7],35,169,183,134,169
1,<environment.Job instance at 0x7fcce2574050>,77,1,[ 5 10],78,183,184,105,175
1,<environment.Job instance at 0x7fcce2574a50>,79,2,[1 9],80,184,186,104,175
1,<environment.Job instance at 0x7fcce2574230>,81,2,[10  4],82,175,177,93,175
1,<environment.Job instance at 0x7fcd26565640>,85,1,[ 3 12],86,207,208,121,207
1,<environment.Job instance at 0x7fcd26565410>,86,3,[10  3],87,207,210,120,207
1,<environment.Job instance at 0x7fcd26565730>,88,3,[ 5 12],89,208,211,119,207
1,<environment.Job instance at 0x7fcce2cf2280>,7,13,[13  4],8,9,22,1,9
1,<environment.Job instance at 0x7fcce2cf21e0>,10,24,[10  5],11,22,46,11,17
1,<environment.Job instance at 0x7fcce2cf2140>,11,3,[ 4 12],12,46,49,34,27
1,<environment.Job instance at 0x7fcd2cfb3460>,16,13,[11  3],17,46,59,29,31
1,<environment.Job instance at 0x7fcce2554780>,18,27,[5 1],19,59,86,40,57
1,<environment.Job instance at 0x7fcd2cfb3c80>,20,1,[2 7],21,57,58,36,57
1,<environment.Job instance at 0x7fcce2554e60>,21,2,[ 1 10],22,58,60,36,57
1,<environment.Job instance at 0x7fcce2554cd0>,22,3,[2 6],23,60,63,37,57
1,<environment.Job instance at 0x7fcce2554dc0>,24,2,[10  3],25,63,65,38,57
1,<environment.Job instance at 0x7fcce2554fa0>,25,1,[5 2],26,59,60,33,57
1,<environment.Job instance at 0x7fcce2554500>,27,2,[5 5],28,60,62,32,59
1,<environment.Job instance at 0x7fcce2554910>,28,27,[1 7],29,65,92,36,63
1,<environment.Job instance at 0x7fcce25546e0>,29,16,[12  5],30,86,102,56,73
1,<environment.Job instance at 0x7fcd261b15a0>,34,1,[2 5],35,80,81,45,80
1,<environment.Job instance at 0x7fcd261b15f0>,36,1,[14  4],37,102,103,65,80
1,<environment.Job instance at 0x7fcce27d78c0>,37,17,[13  5],38,103,120,65,91
1,<environment.Job instance at 0x7fcd262b5cd0>,43,2,[ 3 10],44,120,122,76,104
1,<environment.Job instance at 0x7fcd262b5320>,47,18,[ 5 10],48,122,140,74,111
1,<environment.Job instance at 0x7fcd262b5370>,49,2,[ 3 10],50,140,142,90,119
1,<environment.Job instance at 0x7fcd262b54b0>,51,2,[6 2],52,120,122,68,120
1,<environment.Job instance at 0x7fcd262b50f0>,52,12,[10  2],53,124,136,71,124
1,<environment.Job instance at 0x7fcd262b5460>,54,18,[ 2 10],55,142,160,87,134
1,<environment.Job instance at 0x7fcce28ad5a0>,57,18,[5 9],58,160,178,102,151
1,<environment.Job instance at 0x7fcce28ad960>,59,1,[6 1],60,154,155,94,154
1,<environment.Job instance at 0x7fcce28adf00>,63,3,[ 2 10],64,178,181,114,167
1,<environment.Job instance at 0x7fcce28ad690>,66,3,[1 8],67,181,184,114,172
1,<environment.Job instance at 0x7fcce29f6cd0>,67,1,[3 5],68,172,173,104,172
1,<environment.Job instance at 0x7fcce29f6b40>,68,25,[5 5],69,173,198,104,172
1,<environment.Job instance at 0x7fcd26565730>,2,18,[3 6],3,184,202,181,181
1,<environment.Job instance at 0x7fcce29f6a50>,70,18,[14  5],71,202,220,131,191
1,<environment.Job instance at 0x7fcce29f6e60>,78,17,[2 7],79,220,237,141,213
1,<environment.Job instance at 0x7fcce2bb0f50>,1,22,[2 9],2,2,24,0,2
1,<environment.Job instance at 0x7fcd2d2ee190>,3,3,[ 5 11],4,24,27,20,4
1,<environment.Job instance at 0x7fcce287d9b0>,11,3,[ 3 11],12,27,30,15,12
1,<environment.Job instance at 0x7fcce287d690>,12,1,[ 3 10],13,30,31,17,13
1,<environment.Job instance at 0x7fcd2d305960>,16,3,[2 5],17,20,23,3,20
1,<environment.Job instance at 0x7fcce29b7cd0>,19,2,[1 8],20,31,33,11,24
1,<environment.Job instance at 0x7fcd2cf07dc0>,8,1,[5 5],9,30,31,21,28
1,<environment.Job instance at 0x7fcd267108c0>,23,3,[6 1],24,31,34,7,29
1,<environment.Job instance at 0x7fcd26710f00>,24,26,[10  2],25,34,60,9,31
1,<environment.Job instance at 0x7fcd2670c320>,36,1,[5 5],37,52,53,15,52
1,<environment.Job instance at 0x7fcd26411140>,18,18,[ 4 12],19,53,71,34,53
1,<environment.Job instance at 0x7fcd2670f2d0>,32,20,[5 2],33,60,80,27,53
1,<environment.Job instance at 0x7fcce26c5e60>,41,3,[2 9],42,71,74,29,54
1,<environment.Job instance at 0x7fcd2670c460>,38,3,[2 5],39,74,77,35,59
1,<environment.Job instance at 0x7fcd2671f9b0>,44,3,[2 8],45,74,77,29,61
1,<environment.Job instance at 0x7fcd2670f9b0>,37,15,[13  3],38,80,95,42,66
1,<environment.Job instance at 0x7fcce26f3f50>,46,20,[4 9],47,95,115,48,86
1,<environment.Job instance at 0x7fcd267edd20>,51,2,[ 2 13],52,115,117,63,88
1,<environment.Job instance at 0x7fcce267f7d0>,53,21,[5 7],54,117,138,63,109
1,<environment.Job instance at 0x7fcd265bef50>,58,2,[12  1],59,115,117,56,111
1,<environment.Job instance at 0x7fcce28e6e60>,59,27,[ 5 11],60,138,165,78,136
1,<environment.Job instance at 0x7fcd2d1c0e10>,62,19,[4 7],63,165,184,102,155
1,<environment.Job instance at 0x7fcce28eab40>,63,25,[9 3],64,155,180,91,155
1,<environment.Job instance at 0x7fcce29d86e0>,45,13,[5 1],46,180,193,134,164
1,<environment.Job instance at 0x7fcce28fb320>,68,17,[ 2 12],69,184,201,115,172
1,<environment.Job instance at 0x7fcce28f9e60>,69,2,[5 9],70,201,203,131,178
1,<environment.Job instance at 0x7fcce23db410>,74,1,[7 2],75,184,185,109,179
1,<environment.Job instance at 0x7fcce23db960>,77,1,[6 4],78,201,202,123,190
1,<environment.Job instance at 0x7fcd2d18c230>,78,24,[8 3],79,202,226,123,197
1,<environment.Job instance at 0x7fcd26720460>,22,18,[ 5 10],23,203,221,180,197
1,<environment.Job instance at 0x7fcce23f0fa0>,75,14,[13  2],76,226,240,150,214
1,<environment.Job instance at 0x7fcce265d6e0>,1,17,[13  5],2,6,23,4,6
1,<environment.Job instance at 0x7fcce29db460>,8,3,[10  4],9,23,26,14,9
1,<environment.Job instance at 0x7fcce23f4be0>,10,1,[1 7],11,11,12,0,11
1,<environment.Job instance at 0x7fcd2cfabd20>,12,2,[1 9],13,13,15,0,13
1,<environment.Job instance at 0x7fcce23f4a50>,13,2,[6 3],14,26,28,12,14
1,<environment.Job instance at 0x7fcd2d7f4870>,16,1,[6 3],17,26,27,9,17
1,<environment.Job instance at 0x7fcce24a7c80>,17,1,[5 4],18,23,24,5,18
1,<environment.Job instance at 0x7fcd2cca99b0>,20,1,[4 9],21,24,25,3,21
1,<environment.Job instance at 0x7fcd2cdf8be0>,24,2,[7 3],25,40,42,15,40
1,<environment.Job instance at 0x7fcd2cdf8f00>,28,2,[1 6],29,56,58,27,56
1,<environment.Job instance at 0x7fcd2cdf83c0>,29,23,[5 5],30,56,79,26,56
1,<environment.Job instance at 0x7fcd26865870>,33,13,[10  3],34,81,94,47,81
1,<environment.Job instance at 0x7fcce2693410>,37,3,[ 2 13],38,94,97,56,81
1,<environment.Job instance at 0x7fcd2685adc0>,38,2,[5 5],39,81,83,42,81
1,<environment.Job instance at 0x7fcce2aacd20>,39,3,[5 2],40,83,86,43,81
1,<environment.Job instance at 0x7fcce2639be0>,41,2,[4 8],42,87,89,45,87
1,<environment.Job instance at 0x7fcd2633e0a0>,42,17,[3 8],43,97,114,54,88
1,<environment.Job instance at 0x7fcd2633e500>,43,3,[5 6],44,89,92,45,88
1,<environment.Job instance at 0x7fcce2a7bd70>,44,3,[9 3],45,97,100,52,88
1,<environment.Job instance at 0x7fcd2633ebe0>,45,2,[7 1],46,94,96,48,88
1,<environment.Job instance at 0x7fcce29bb0f0>,48,3,[10  1],49,101,104,52,101
1,<environment.Job instance at 0x7fcd26764910>,50,1,[13  2],51,114,115,63,108
1,<environment.Job instance at 0x7fcd26764370>,51,15,[3 9],52,115,130,63,115
1,<environment.Job instance at 0x7fcd26764500>,53,1,[ 2 13],54,130,131,76,117
1,<environment.Job instance at 0x7fcd26764460>,54,2,[ 4 10],55,131,133,76,117
1,<environment.Job instance at 0x7fcd267646e0>,55,19,[8 1],56,117,136,61,117
1,<environment.Job instance at 0x7fcd26764d20>,56,1,[ 4 11],57,133,134,76,117
1,<environment.Job instance at 0x7fcd26764960>,58,3,[2 6],59,134,137,75,132
1,<environment.Job instance at 0x7fcd26764410>,59,2,[10  5],60,136,138,76,132
1,<environment.Job instance at 0x7fcd2660a780>,60,2,[4 6],61,134,136,73,132
1,<environment.Job instance at 0x7fcd2660a460>,61,23,[7 5],62,138,161,76,132
1,<environment.Job instance at 0x7fcce265d550>,2,18,[6 4],3,138,156,135,132
1,<environment.Job instance at 0x7fcd2660a910>,64,1,[7 5],65,156,157,91,143
1,<environment.Job instance at 0x7fcd2660a9b0>,62,28,[8 2],63,157,185,94,156
1,<environment.Job instance at 0x7fcd2660a5a0>,63,22,[5 4],64,161,183,97,156
1,<environment.Job instance at 0x7fcd2671f410>,3,18,[1 8],4,161,179,157,156
1,<environment.Job instance at 0x7fcd2d193410>,72,3,[6 2],73,183,186,110,158
1,<environment.Job instance at 0x7fcd2d32f5a0>,78,1,[1 6],79,179,180,100,178
1,<environment.Job instance at 0x7fcd2d32faa0>,79,3,[5 2],80,185,188,105,178
1,<environment.Job instance at 0x7fcd2d14feb0>,82,2,[2 8],83,180,182,97,179
1,<environment.Job instance at 0x7fcce2afaf00>,83,18,[4 9],84,191,209,107,191
1,<environment.Job instance at 0x7fcce2afae10>,85,1,[12  3],86,209,210,123,191
1,<environment.Job instance at 0x7fcd2d7eea00>,90,3,[8 4],91,196,199,105,196
1,<environment.Job instance at 0x7fcd264c5960>,93,1,[10  5],94,205,206,111,205
1,<environment.Job instance at 0x7fcd2d32ff00>,77,3,[9 2],78,206,209,128,205
1,<environment.Job instance at 0x7fcd2660ad20>,65,17,[ 4 10],66,210,227,144,205
1,<environment.Job instance at 0x7fcd264692d0>,2,12,[10  3],3,3,15,0,3
1,<environment.Job instance at 0x7fcd2620cb40>,5,1,[5 7],6,6,7,0,6
1,<environment.Job instance at 0x7fcd264d2370>,11,3,[1 7],12,12,15,0,12
1,<environment.Job instance at 0x7fcd264d2d70>,12,22,[6 2],13,15,37,2,13
1,<environment.Job instance at 0x7fcd2d1a4be0>,15,1,[9 4],16,17,18,1,17
1,<environment.Job instance at 0x7fcd2d1a4e10>,17,2,[5 8],18,18,20,0,18
1,<environment.Job instance at 0x7fcd2d1a4d20>,18,12,[ 3 10],19,25,37,6,25
1,<environment.Job instance at 0x7fcd2d1a4280>,19,3,[8 1],20,37,40,17,25
1,<environment.Job instance at 0x7fcd2d1a4b90>,20,2,[2 7],21,37,39,16,25
1,<environment.Job instance at 0x7fcd2d1a40a0>,23,21,[7 4],24,39,60,15,31
1,<environment.Job instance at 0x7fcd2d1a46e0>,30,26,[5 7],31,40,66,9,37
1,<environment.Job instance at 0x7fcd2d4cbd20>,34,20,[5 9],35,66,86,31,57
1,<environment.Job instance at 0x7fcd26373320>,35,3,[6 1],36,60,63,24,57
1,<environment.Job instance at 0x7fcd262e40a0>,39,27,[5 9],40,86,113,46,84
1,<environment.Job instance at 0x7fcd262e45f0>,40,1,[8 1],41,84,85,43,84
1,<environment.Job instance at 0x7fcd262e41e0>,42,26,[ 1 10],43,113,139,70,110
1,<environment.Job instance at 0x7fcd262e49b0>,43,28,[3 5],44,110,138,66,110
1,<environment.Job instance at 0x7fcd262e4e60>,48,1,[9 2],49,138,139,89,112
1,<environment.Job instance at 0x7fcd262e44b0>,50,20,[5 8],51,139,159,88,130
1,<environment.Job instance at 0x7fcd264d2b40>,9,15,[9 3],10,139,154,129,130
1,<environment.Job instance at 0x7fcce2afaa00>,59,14,[ 1 13],60,159,173,99,144
1,<environment.Job instance at 0x7fcce2afa640>,60,21,[5 2],61,154,175,93,146
1,<environment.Job instance at 0x7fcce2afa1e0>,63,2,[9 4],64,173,175,109,161
1,<environment.Job instance at 0x7fcce2afa550>,62,16,[11  5],63,175,191,112,162
1,<environment.Job instance at 0x7fcce2a59410>,65,2,[ 5 10],66,191,193,125,165
1,<environment.Job instance at 0x7fcce2a590a0>,69,3,[ 4 10],70,175,178,105,168
1,<environment.Job instance at 0x7fcce2a59c80>,71,17,[2 9],72,193,210,121,181
1,<environment.Job instance at 0x7fcce2a59be0>,75,1,[10  4],76,191,192,115,181
1,<environment.Job instance at 0x7fcce2a59b40>,77,3,[10  1],78,192,195,114,182
1,<environment.Job instance at 0x7fcce2a59140>,68,13,[5 9],69,210,223,141,194
1,<environment.Job instance at 0x7fcce2476730>,87,16,[2 6],88,207,223,119,207
1,<environment.Job instance at 0x7fcce2a59640>,1,2,[1 9],2,2,4,0,2
1,<environment.Job instance at 0x7fcd2d1a4870>,2,1,[7 2],3,3,4,0,3
1,<environment.Job instance at 0x7fcce2a63500>,3,20,[5 2],4,4,24,0,4
1,<environment.Job instance at 0x7fcd264d27d0>,7,2,[ 5 11],8,8,10,0,8
1,<environment.Job instance at 0x7fcce2a24410>,8,12,[12  2],9,24,36,15,9
1,<environment.Job instance at 0x7fcce2a162d0>,6,1,[6 2],7,10,11,3,9
1,<environment.Job instance at 0x7fcd265f3460>,10,2,[ 4 14],11,36,38,25,17
1,<environment.Job instance at 0x7fcd2cdc8500>,17,3,[1 7],18,20,23,2,20
1,<environment.Job instance at 0x7fcd2cc883c0>,19,2,[6 4],20,21,23,1,21
1,<environment.Job instance at 0x7fcd2cf10460>,18,12,[3 5],19,23,35,4,22
1,<environment.Job instance at 0x7fcd2cc88870>,23,2,[ 3 10],24,38,40,14,26
1,<environment.Job instance at 0x7fcd2cc88c30>,24,2,[1 8],25,40,42,15,34
1,<environment.Job instance at 0x7fcd2cc882d0>,20,25,[8 3],21,38,63,17,34
1,<environment.Job instance at 0x7fcd2cc6a0a0>,29,18,[5 2],30,40,58,10,34
1,<environment.Job instance at 0x7fcd2cc6ab40>,30,3,[ 2 10],31,42,45,11,35
1,<environment.Job instance at 0x7fcd2cc6a8c0>,31,2,[8 5],32,63,65,31,36
1,<environment.Job instance at 0x7fcd2cc6a780>,34,2,[10  3],35,65,67,30,40
1,<environment.Job instance at 0x7fcd2cca00a0>,27,27,[2 6],28,45,72,17,45
1,<environment.Job instance at 0x7fcd2cc6a640>,37,26,[ 5 10],38,72,98,34,69
1,<environment.Job instance at 0x7fcd2cc694b0>,39,1,[12  4],40,98,99,58,72
1,<environment.Job instance at 0x7fcd2639fb90>,43,1,[9 3],44,77,78,33,77
1,<environment.Job instance at 0x7fcd267eb050>,44,1,[ 1 11],45,98,99,53,77
1,<environment.Job instance at 0x7fcd2cc9ed70>,45,1,[ 3 14],46,99,100,53,77
1,<environment.Job instance at 0x7fcce271aaa0>,46,1,[1 9],47,100,101,53,77
1,<environment.Job instance at 0x7fcd267c7870>,47,1,[6 4],48,78,79,30,77
1,<environment.Job instance at 0x7fcce271e370>,52,28,[5 1],53,99,127,46,98
1,<environment.Job instance at 0x7fcd2cc69780>,38,14,[3 7],39,101,115,62,98
1,<environment.Job instance at 0x7fcd2cca5b90>,35,18,[5 5],36,100,118,64,98
1,<environment.Job instance at 0x7fcd26664730>,58,3,[1 7],59,115,118,56,102
1,<environment.Job instance at 0x7fcd26664e60>,59,13,[ 1 13],60,118,131,58,102
1,<environment.Job instance at 0x7fcd26649cd0>,62,1,[6 3],63,131,132,68,118
1,<environment.Job instance at 0x7fcd266495f0>,63,2,[4 5],64,131,133,67,118
1,<environment.Job instance at 0x7fcd26649690>,64,23,[2 9],65,132,155,67,126
1,<environment.Job instance at 0x7fcd266493c0>,66,3,[14  4],67,155,158,88,131
1,<environment.Job instance at 0x7fcd26649190>,68,2,[10  1],69,133,135,64,132
1,<environment.Job instance at 0x7fcd26649c80>,69,13,[6 1],70,135,148,65,134
1,<environment.Job instance at 0x7fcd2665c910>,74,2,[6 1],75,163,165,88,163
1,<environment.Job instance at 0x7fcd2665c460>,75,3,[7 2],76,163,166,87,163
1,<environment.Job instance at 0x7fcd2665ce10>,76,1,[10  5],77,166,167,89,163
1,<environment.Job instance at 0x7fcd2665c780>,77,3,[10  3],78,167,170,89,163
1,<environment.Job instance at 0x7fcd2cfe0870>,78,26,[2 5],79,163,189,84,163
1,<environment.Job instance at 0x7fcd26647820>,79,28,[4 8],80,170,198,90,169
1,<environment.Job instance at 0x7fcd26647b40>,80,28,[1 5],81,189,217,108,188
1,<environment.Job instance at 0x7fcd26647140>,81,1,[9 5],82,198,199,116,188
1,<environment.Job instance at 0x7fcd26647d70>,82,3,[5 9],83,199,202,116,188
1,<environment.Job instance at 0x7fcd266474b0>,84,2,[8 1],85,188,190,103,188
1,<environment.Job instance at 0x7fcd266470a0>,85,1,[4 6],86,202,203,116,188
1,<environment.Job instance at 0x7fcd266473c0>,86,22,[7 4],87,202,224,115,195
1,<environment.Job instance at 0x7fcd26647c80>,87,28,[ 1 10],88,217,245,129,216
1,<environment.Job instance at 0x7fcd2cfd7e60>,1,2,[5 2],2,2,4,0,2
1,<environment.Job instance at 0x7fcd262a72d0>,8,1,[2 8],9,10,11,1,10
1,<environment.Job instance at 0x7fcd26553fa0>,7,2,[10  1],8,11,13,3,11
1,<environment.Job instance at 0x7fcd26553eb0>,6,20,[10  4],7,13,33,6,13
1,<environment.Job instance at 0x7fcd2cce8be0>,14,2,[2 7],15,15,17,0,15
1,<environment.Job instance at 0x7fcd2cdc7820>,23,24,[9 2],24,33,57,9,30
1,<environment.Job instance at 0x7fcd2cce8f50>,18,12,[6 2],19,33,45,14,30
1,<environment.Job instance at 0x7fcd2cbab9b0>,26,1,[1 6],27,30,31,3,30
1,<environment.Job instance at 0x7fcd2cbab8c0>,28,2,[ 2 10],29,31,33,2,30
1,<environment.Job instance at 0x7fcd2cbabcd0>,27,2,[4 6],28,45,47,17,31
1,<environment.Job instance at 0x7fcd268665f0>,31,24,[2 6],32,45,69,13,43
1,<environment.Job instance at 0x7fcce25f9780>,29,15,[10  5],30,57,72,27,43
1,<environment.Job instance at 0x7fcce2a4b8c0>,37,3,[3 5],38,69,72,31,58
1,<environment.Job instance at 0x7fcce2a4b460>,38,3,[6 4],39,72,75,33,58
1,<environment.Job instance at 0x7fcce2a4bd70>,39,16,[ 1 10],40,72,88,32,59
1,<environment.Job instance at 0x7fcce2a4bf50>,40,3,[ 5 10],41,88,91,47,62
1,<environment.Job instance at 0x7fcce2a4bc30>,42,1,[2 8],43,91,92,48,63
1,<environment.Job instance at 0x7fcce2a4b280>,43,21,[5 4],44,75,96,31,67
1,<environment.Job instance at 0x7fcd2d19acd0>,44,17,[11  5],45,96,113,51,84
1,<environment.Job instance at 0x7fcd2d19a5a0>,48,3,[10  4],49,92,95,43,84
1,<environment.Job instance at 0x7fcd2d19ae10>,50,2,[1 8],51,95,97,44,86
1,<environment.Job instance at 0x7fcd2d19a5f0>,54,24,[5 8],55,113,137,58,108
1,<environment.Job instance at 0x7fcd2d19ab40>,55,1,[1 5],56,108,109,52,108
1,<environment.Job instance at 0x7fcd2d19a280>,56,24,[10  2],57,113,137,56,108
1,<environment.Job instance at 0x7fcd2d93daa0>,60,2,[14  3],61,137,139,76,119
1,<environment.Job instance at 0x7fcd26673870>,64,18,[1 8],65,137,155,72,128
1,<environment.Job instance at 0x7fcd262c9f50>,66,23,[9 5],67,139,162,72,133
1,<environment.Job instance at 0x7fcce2c56690>,68,2,[6 2],69,155,157,86,140
1,<environment.Job instance at 0x7fcce264c640>,71,3,[10  5],72,162,165,90,147
1,<environment.Job instance at 0x7fcce2c56050>,72,18,[1 6],73,157,175,84,147
1,<environment.Job instance at 0x7fcd262cc9b0>,74,1,[3 8],75,165,166,90,152
1,<environment.Job instance at 0x7fcd2cc29cd0>,78,3,[9 3],79,166,169,87,165
1,<environment.Job instance at 0x7fcd2cc29960>,79,1,[13  5],80,169,170,89,165
1,<environment.Job instance at 0x7fcd2d39a370>,80,1,[4 5],81,166,167,85,165
1,<environment.Job instance at 0x7fcd2d39ae60>,81,2,[4 7],82,170,172,88,165
1,<environment.Job instance at 0x7fcd2d39a3c0>,83,27,[5 6],84,172,199,88,170
1,<environment.Job instance at 0x7fcce28d0b90>,84,2,[5 3],85,172,174,87,170
1,<environment.Job instance at 0x7fcce2407af0>,85,1,[9 2],86,170,171,84,170
1,<environment.Job instance at 0x7fcd262cca50>,77,3,[8 5],78,175,178,97,170
1,<environment.Job instance at 0x7fcce28d08c0>,86,16,[ 3 11],87,199,215,112,186
1,<environment.Job instance at 0x7fcd2d1a4500>,90,3,[7 1],91,186,189,95,186
1,<environment.Job instance at 0x7fcd261f8910>,1,2,[5 3],2,2,4,0,2
1,<environment.Job instance at 0x7fcd2d4cbc30>,2,1,[5 5],3,3,4,0,3
1,<environment.Job instance at 0x7fcce2cec820>,4,2,[9 3],5,5,7,0,5
1,<environment.Job instance at 0x7fcce2cec640>,5,3,[2 6],6,6,9,0,6
1,<environment.Job instance at 0x7fcce2cec500>,7,3,[6 3],8,8,11,0,8
1,<environment.Job instance at 0x7fcce2cec0a0>,8,1,[10  4],9,11,12,2,9
1,<environment.Job instance at 0x7fcce2cecb90>,10,14,[11  5],11,26,40,15,26
1,<environment.Job instance at 0x7fcce28b7870>,17,3,[7 3],18,40,43,22,26
1,<environment.Job instance at 0x7fcce27a2be0>,20,24,[9 4],21,43,67,22,38
1,<environment.Job instance at 0x7fcce27a2500>,23,2,[12  3],24,67,69,43,51
1,<environment.Job instance at 0x7fcce27a2910>,26,18,[10  1],27,69,87,42,58
1,<environment.Job instance at 0x7fcce27a2730>,25,12,[2 6],26,60,72,34,60
1,<environment.Job instance at 0x7fcd263d42d0>,31,16,[12  1],32,87,103,55,74
1,<environment.Job instance at 0x7fcd2cd01c80>,37,18,[3 9],38,88,106,50,88
1,<environment.Job instance at 0x7fcd2cd01960>,39,3,[5 2],40,103,106,63,91
1,<environment.Job instance at 0x7fcd2cd01730>,40,1,[6 3],41,103,104,62,91
1,<environment.Job instance at 0x7fcd2cd013c0>,41,2,[ 3 10],42,106,108,64,91
1,<environment.Job instance at 0x7fcd2cd01d70>,42,2,[6 4],43,104,106,61,91
1,<environment.Job instance at 0x7fcd2cd019b0>,43,17,[10  3],44,106,123,62,97
1,<environment.Job instance at 0x7fcd2cd01aa0>,47,22,[10  4],48,123,145,75,116
1,<environment.Job instance at 0x7fcd26602a50>,50,1,[7 3],51,145,146,94,120
1,<environment.Job instance at 0x7fcce28b7c30>,14,28,[4 7],15,121,149,106,121
1,<environment.Job instance at 0x7fcd2cd01280>,48,21,[7 1],49,146,167,97,138
1,<environment.Job instance at 0x7fcd26602730>,58,3,[14  4],59,167,170,108,142
1,<environment.Job instance at 0x7fcd26602be0>,54,15,[4 8],55,149,164,94,144
1,<environment.Job instance at 0x7fcd2ce4d7d0>,64,2,[2 5],65,150,152,85,150
1,<environment.Job instance at 0x7fcd2ce4d0f0>,65,3,[ 4 10],66,164,167,98,150
1,<environment.Job instance at 0x7fcd2ce4de60>,66,21,[10  2],67,170,191,103,162
1,<environment.Job instance at 0x7fcd2ce4dbe0>,75,12,[6 4],76,191,203,115,177
1,<environment.Job instance at 0x7fcce2786a50>,79,3,[1 6],80,196,199,116,196
1,<environment.Job instance at 0x7fcce2786690>,80,25,[ 4 10],81,199,224,118,196
1,<environment.Job instance at 0x7fcce27868c0>,81,22,[9 1],82,203,225,121,196
1,<environment.Job instance at 0x7fcce2786910>,83,1,[6 5],84,196,197,112,196
1,<environment.Job instance at 0x7fcce2786050>,84,14,[ 2 11],85,224,238,139,210
1,<environment.Job instance at 0x7fcce2392d20>,3,3,[ 3 10],4,4,7,0,4
1,<environment.Job instance at 0x7fcce2392820>,4,1,[10  2],5,5,6,0,5
1,<environment.Job instance at 0x7fcce2392780>,6,2,[4 9],7,7,9,0,7
1,<environment.Job instance at 0x7fcd26170fa0>,7,2,[9 2],8,8,10,0,8
1,<environment.Job instance at 0x7fcd26170f00>,12,1,[1 5],13,13,14,0,13
1,<environment.Job instance at 0x7fcd26170af0>,13,1,[7 1],14,14,15,0,14
1,<environment.Job instance at 0x7fcd261703c0>,14,12,[ 4 13],15,15,27,0,15
1,<environment.Job instance at 0x7fcd2cd5a370>,20,2,[ 2 12],21,27,29,6,21
1,<environment.Job instance at 0x7fcd2cd5afa0>,21,13,[ 3 11],22,29,42,7,29
1,<environment.Job instance at 0x7fcce2392140>,10,1,[6 1],11,54,55,43,54
1,<environment.Job instance at 0x7fcd2cbc4730>,29,2,[10  4],30,55,57,25,54
1,<environment.Job instance at 0x7fcd2cbc4eb0>,34,14,[7 2],35,68,82,33,68
1,<environment.Job instance at 0x7fcd2cbc4910>,35,1,[14  5],36,82,83,46,70
1,<environment.Job instance at 0x7fcd2cbc40a0>,31,2,[10  3],32,83,85,51,71
1,<environment.Job instance at 0x7fcd2cbc4e10>,36,13,[10  2],37,85,98,48,75
1,<environment.Job instance at 0x7fcd2cbc4320>,30,18,[2 9],31,83,101,52,82
1,<environment.Job instance at 0x7fcce2390280>,44,1,[5 9],45,101,102,56,100
1,<environment.Job instance at 0x7fcce23905f0>,45,2,[ 2 12],46,102,104,56,100
1,<environment.Job instance at 0x7fcce23907d0>,46,2,[10  2],47,100,102,53,100
1,<environment.Job instance at 0x7fcce2390e60>,48,22,[ 3 10],49,110,132,61,110
1,<environment.Job instance at 0x7fcce2390fa0>,50,13,[ 2 13],51,132,145,81,116
1,<environment.Job instance at 0x7fcce2390a00>,39,20,[7 2],40,126,146,86,126
1,<environment.Job instance at 0x7fcce2390c80>,54,19,[3 7],55,145,164,90,136
1,<environment.Job instance at 0x7fcce2390f50>,56,1,[6 5],57,146,147,89,138
1,<environment.Job instance at 0x7fcce2383a00>,57,23,[3 5],58,147,170,89,141
1,<environment.Job instance at 0x7fcce2383cd0>,60,28,[2 6],61,164,192,103,163
1,<environment.Job instance at 0x7fcce23837d0>,61,1,[2 6],62,170,171,108,163
1,<environment.Job instance at 0x7fcce2383960>,62,2,[ 4 10],63,192,194,129,165
1,<environment.Job instance at 0x7fcce2383c30>,65,15,[4 9],66,171,186,105,165
1,<environment.Job instance at 0x7fcd2cbc4d70>,37,2,[ 5 12],38,194,196,156,168
1,<environment.Job instance at 0x7fcce2383370>,70,1,[13  1],71,186,187,115,172
1,<environment.Job instance at 0x7fcce2383320>,74,2,[2 7],75,187,189,112,180
1,<environment.Job instance at 0x7fcd2cc3b370>,75,17,[9 1],76,187,204,111,180
1,<environment.Job instance at 0x7fcce2390780>,40,16,[1 9],41,204,220,163,204
1,<environment.Job instance at 0x7fcd2cc3bc30>,81,20,[10  2],82,204,224,122,204
1,<environment.Job instance at 0x7fcd2cc3b5a0>,86,3,[ 3 10],87,220,223,133,214
1,<environment.Job instance at 0x7fcd2cc3b320>,87,18,[1 8],88,223,241,135,214
1,<environment.Job instance at 0x7fcd2cc3b140>,88,3,[13  1],89,224,227,135,214
1,<environment.Job instance at 0x7fcd2cc3b960>,89,1,[10  2],90,227,228,137,214
1,<environment.Job instance at 0x7fcdfaf7a140>,1,22,[11  3],2,2,24,0,2
1,<environment.Job instance at 0x7fcdfaf7a320>,2,22,[4 8],3,9,31,6,9
1,<environment.Job instance at 0x7fcdf5b6a640>,8,13,[5 5],9,24,37,15,11
1,<environment.Job instance at 0x7fcdfb004e10>,3,3,[4 8],4,31,34,27,11
1,<environment.Job instance at 0x7fcdf5b6a8c0>,10,12,[3 7],11,34,46,23,21
1,<environment.Job instance at 0x7fcdf5b6a780>,9,18,[11  5],10,37,55,27,26
1,<environment.Job instance at 0x7fcdf5b6aeb0>,20,1,[7 5],21,55,56,34,32
1,<environment.Job instance at 0x7fcdf5b6b3c0>,23,27,[1 6],24,46,73,22,44
1,<environment.Job instance at 0x7fcdf5b6b5f0>,26,3,[3 7],27,56,59,29,47
1,<environment.Job instance at 0x7fcdf5b6b0f0>,28,23,[10  4],29,59,82,30,53
1,<environment.Job instance at 0x7fcdf5b6afa0>,19,14,[3 5],20,59,73,39,53
1,<environment.Job instance at 0x7fcdf5b6beb0>,34,24,[1 8],35,73,97,38,68
1,<environment.Job instance at 0x7fcdf5b6bfa0>,36,13,[ 3 14],37,97,110,60,81
1,<environment.Job instance at 0x7fcdf5b6e1e0>,38,2,[ 1 10],39,110,112,71,83
1,<environment.Job instance at 0x7fcdf5b6bb40>,31,14,[2 5],32,83,97,51,83
1,<environment.Job instance at 0x7fcdf5b6e370>,41,1,[5 2],42,83,84,41,83
1,<environment.Job instance at 0x7fcdf5b6e820>,46,17,[12  2],47,110,127,63,98
1,<environment.Job instance at 0x7fcdf5b6eaa0>,47,2,[6 5],48,127,129,79,100
1,<environment.Job instance at 0x7fcdf5b6ec30>,50,16,[12  2],51,129,145,78,116
1,<environment.Job instance at 0x7fcdf5b6ecd0>,51,3,[1 5],52,116,119,64,116
1,<environment.Job instance at 0x7fcdf5b6ed70>,52,1,[8 5],53,127,128,74,116
1,<environment.Job instance at 0x7fcdf5b73550>,60,3,[12  3],61,154,157,93,154
1,<environment.Job instance at 0x7fcdf5b735f0>,61,2,[4 5],62,157,159,95,154
1,<environment.Job instance at 0x7fcdf5b73690>,62,22,[6 4],63,157,179,94,154
1,<environment.Job instance at 0x7fcdf5b6aa50>,11,15,[4 8],12,159,174,147,158
1,<environment.Job instance at 0x7fcdf5b73910>,66,3,[7 4],67,174,177,107,171
1,<environment.Job instance at 0x7fcdf5b739b0>,67,27,[ 1 10],68,177,204,109,175
1,<environment.Job instance at 0x7fcdf5b73dc0>,68,2,[ 3 10],69,204,206,135,177
1,<environment.Job instance at 0x7fcdf5b73c30>,69,13,[ 3 12],70,206,219,136,190
1,<environment.Job instance at 0x7fcdf5b6ef50>,54,13,[13  1],55,190,203,135,190
1,<environment.Job instance at 0x7fcdf5b73d70>,73,13,[6 3],74,203,216,129,191
1,<environment.Job instance at 0x7fcdf5b711e0>,76,19,[4 8],77,219,238,142,209
1,<environment.Job instance at 0x7fcdf5b73870>,65,20,[2 6],66,219,239,153,210
1,<environment.Job instance at 0x7fcdfaf79910>,4,1,[8 4],5,5,6,0,5
1,<environment.Job instance at 0x7fcdfaf79780>,5,21,[4 5],6,6,27,0,6
1,<environment.Job instance at 0x7fcdfaf79c30>,7,22,[4 5],8,8,30,0,8
1,<environment.Job instance at 0x7fcdfaf79b40>,8,23,[ 2 14],9,30,53,21,24
1,<environment.Job instance at 0x7fcdfb0ee1e0>,11,1,[3 9],12,27,28,15,24
1,<environment.Job instance at 0x7fcdfb0eebe0>,16,1,[9 3],17,28,29,11,24
1,<environment.Job instance at 0x7fcdfb0eec30>,17,20,[9 2],18,53,73,35,44
1,<environment.Job instance at 0x7fcdf5b732d0>,2,3,[ 4 12],3,53,56,50,44
1,<environment.Job instance at 0x7fcdfb0eef00>,18,16,[11  2],19,73,89,54,60
1,<environment.Job instance at 0x7fcdfb0e1f50>,23,15,[ 1 12],24,60,75,36,60
1,<environment.Job instance at 0x7fcdfb0e1d70>,24,2,[2 7],25,75,77,50,60
1,<environment.Job instance at 0x7fcdfafa6460>,25,3,[ 4 13],26,77,80,51,60
1,<environment.Job instance at 0x7fcdfafa6e10>,27,1,[ 1 14],28,89,90,61,61
1,<environment.Job instance at 0x7fcdfb0e2960>,30,2,[3 8],31,80,82,49,66
1,<environment.Job instance at 0x7fcdfb0e2c30>,33,3,[1 9],34,82,85,48,71
1,<environment.Job instance at 0x7fcdfb0e2f00>,35,1,[9 1],36,89,90,53,85
1,<environment.Job instance at 0x7fcdfb0e2fa0>,36,1,[6 3],37,90,91,53,85
1,<environment.Job instance at 0x7fcdfb0e7b90>,37,3,[4 5],38,85,88,47,85
1,<environment.Job instance at 0x7fcdfb0e7050>,39,2,[4 9],40,90,92,50,85
1,<environment.Job instance at 0x7fcdfb0e7a50>,40,3,[13  3],41,92,95,51,85
1,<environment.Job instance at 0x7fcdfb0e79b0>,41,15,[1 7],42,92,107,50,85
1,<environment.Job instance at 0x7fcdfb0e7eb0>,42,3,[3 7],43,95,98,52,85
1,<environment.Job instance at 0x7fcdfb0e7690>,44,3,[6 4],45,98,101,53,85
1,<environment.Job instance at 0x7fcdfb0e7550>,45,13,[ 1 14],46,107,120,61,91
1,<environment.Job instance at 0x7fcdfb0ebd20>,46,2,[8 1],47,95,97,48,91
1,<environment.Job instance at 0x7fcdfb0eb730>,48,19,[6 4],49,120,139,71,110
1,<environment.Job instance at 0x7fcdfb0ebf00>,50,2,[9 5],51,120,122,69,110
1,<environment.Job instance at 0x7fcdfb0eb820>,54,19,[6 1],55,122,141,67,112
1,<environment.Job instance at 0x7fcdfb0f5f50>,56,2,[11  5],57,141,143,84,114
1,<environment.Job instance at 0x7fcdfb0f50f0>,57,21,[ 3 10],58,122,143,64,114
1,<environment.Job instance at 0x7fcdfb0f5960>,58,3,[14  4],59,143,146,84,118
1,<environment.Job instance at 0x7fcdfb0f57d0>,60,1,[5 8],61,146,147,85,119
1,<environment.Job instance at 0x7fcdfb0f5190>,63,2,[7 3],64,146,148,82,131
1,<environment.Job instance at 0x7fcdfb0f5140>,65,2,[5 2],66,139,141,73,131
1,<environment.Job instance at 0x7fcdfb0ef550>,66,1,[5 9],67,147,148,80,131
1,<environment.Job instance at 0x7fcdfb0f5a00>,67,1,[2 9],68,148,149,80,131
1,<environment.Job instance at 0x7fcdfb0efdc0>,68,21,[9 4],69,148,169,79,140
1,<environment.Job instance at 0x7fcde084c4b0>,21,13,[5 6],22,154,167,132,154
1,<environment.Job instance at 0x7fcdf5a8f550>,74,12,[3 8],75,167,179,92,159
1,<environment.Job instance at 0x7fcdfb0ef6e0>,71,17,[10  2],72,169,186,97,159
1,<environment.Job instance at 0x7fcdfb002550>,84,3,[9 2],85,188,191,103,188
1,<environment.Job instance at 0x7fcdfb0f41e0>,85,14,[10  2],86,191,205,105,189
1,<environment.Job instance at 0x7fcdfb0f4280>,86,3,[2 8],87,189,192,102,189
1,<environment.Job instance at 0x7fcdfb0f4d20>,87,1,[2 8],88,192,193,104,189
1,<environment.Job instance at 0x7fcdfb0f4460>,88,2,[13  1],89,205,207,116,189
1,<environment.Job instance at 0x7fcdfb0f4cd0>,89,2,[10  4],90,207,209,117,190
1,<environment.Job instance at 0x7fcdfb0f4d70>,90,3,[5 6],91,193,196,102,192
1,<environment.Job instance at 0x7fcdfb0f4f50>,91,3,[13  5],92,209,212,117,192
1,<environment.Job instance at 0x7fcdfb0f4b40>,92,2,[ 1 12],93,196,198,103,195
1,<environment.Job instance at 0x7fcdfb0e4af0>,95,2,[5 5],96,198,200,102,195
1,<environment.Job instance at 0x7fcdfb0e4640>,98,1,[10  5],99,212,213,113,195
1,<environment.Job instance at 0x7fcdfb0e4550>,99,1,[ 2 10],100,200,201,100,195
1,<environment.Job instance at 0x7fcdfb0eb280>,0,24,[ 1 10],1,1,25,0,1
1,<environment.Job instance at 0x7fcdafe75a00>,2,2,[9 3],3,3,5,0,3
1,<environment.Job instance at 0x7fcdfb0f4e60>,3,24,[7 4],4,5,29,1,4
1,<environment.Job instance at 0x7fcdafffd500>,5,3,[12  3],6,29,32,23,10
1,<environment.Job instance at 0x7fcdafe13820>,11,27,[4 7],12,32,59,20,30
1,<environment.Job instance at 0x7fcdb01b3690>,6,16,[7 4],7,32,48,25,30
1,<environment.Job instance at 0x7fcdafe21370>,7,2,[4 5],8,48,50,40,32
1,<environment.Job instance at 0x7fcdafe13b40>,17,17,[5 2],18,48,65,30,36
1,<environment.Job instance at 0x7fcdafe8e3c0>,20,25,[ 3 10],21,59,84,38,55
1,<environment.Job instance at 0x7fcdafe35e10>,29,3,[4 7],30,84,87,54,58
1,<environment.Job instance at 0x7fcdaff4e780>,32,1,[5 5],33,65,66,32,64
1,<environment.Job instance at 0x7fcdafe8e2d0>,24,12,[7 2],25,66,78,41,64
1,<environment.Job instance at 0x7fcdafe5dbe0>,34,2,[8 5],35,78,80,43,64
1,<environment.Job instance at 0x7fcdafe5d0a0>,35,1,[8 1],36,80,81,44,64
1,<environment.Job instance at 0x7fcdf608b6e0>,33,23,[10  1],34,81,104,47,75
1,<environment.Job instance at 0x7fcdafe601e0>,39,2,[10  2],40,104,106,64,89
1,<environment.Job instance at 0x7fcdafe60050>,40,2,[ 5 10],41,90,92,49,90
1,<environment.Job instance at 0x7fcdafe13eb0>,15,16,[14  1],16,106,122,90,96
1,<environment.Job instance at 0x7fcdafe60910>,43,2,[7 3],44,122,124,78,104
1,<environment.Job instance at 0x7fcdafe8e140>,27,13,[9 2],28,124,137,96,112
1,<environment.Job instance at 0x7fcdafe6afa0>,46,1,[2 7],47,122,123,75,117
1,<environment.Job instance at 0x7fcdafe665a0>,36,28,[6 5],37,122,150,85,121
1,<environment.Job instance at 0x7fcdafe6a9b0>,48,13,[8 5],49,137,150,88,121
1,<environment.Job instance at 0x7fcdafe6a7d0>,45,18,[11  3],46,150,168,104,141
1,<environment.Job instance at 0x7fcdafe70280>,55,17,[4 6],56,156,173,100,156
1,<environment.Job instance at 0x7fcdafe705f0>,57,14,[ 1 10],58,173,187,115,164
1,<environment.Job instance at 0x7fcdafe70c80>,59,16,[9 4],60,168,184,108,165
1,<environment.Job instance at 0x7fcdafe70640>,58,1,[2 7],59,187,188,128,168
1,<environment.Job instance at 0x7fcdf5dce500>,61,3,[4 5],62,184,187,122,168
1,<environment.Job instance at 0x7fcdafe70500>,60,15,[8 2],61,187,202,126,174
1,<environment.Job instance at 0x7fcdf58d9910>,65,13,[6 4],66,188,201,122,177
1,<environment.Job instance at 0x7fcdafe9ac30>,66,2,[5 5],67,201,203,134,177
1,<environment.Job instance at 0x7fcdafe699b0>,67,13,[1 9],68,188,201,120,178
1,<environment.Job instance at 0x7fcdafe9a640>,68,17,[3 6],69,202,219,133,190
1,<environment.Job instance at 0x7fcdaff1e3c0>,72,1,[5 9],73,203,204,130,194
1,<environment.Job instance at 0x7fcdaff1ecd0>,73,20,[2 6],74,204,224,130,196
1,<environment.Job instance at 0x7fcdaff1e0a0>,74,15,[5 1],75,204,219,129,196
1,<environment.Job instance at 0x7fcdaff1eb90>,76,3,[ 5 10],77,224,227,147,199
1,<environment.Job instance at 0x7fcdaff1e0f0>,77,1,[8 5],78,219,220,141,199
1,<environment.Job instance at 0x7fcdf59b1a00>,80,12,[9 2],81,220,232,139,205
1,<environment.Job instance at 0x7fcdf58d2d20>,81,2,[1 7],82,220,222,138,205
1,<environment.Job instance at 0x7fcdf58d2e60>,82,3,[ 3 11],83,227,230,144,206
1,<environment.Job instance at 0x7fcdf58d2af0>,83,3,[2 5],84,230,233,146,206
1,<environment.Job instance at 0x7fcdf58d2780>,84,12,[5 9],85,232,244,147,216
1,<environment.Job instance at 0x7fcdaff455f0>,0,27,[ 5 10],1,1,28,0,1
1,<environment.Job instance at 0x7fcdf5cd55a0>,5,3,[3 8],6,28,31,22,6
1,<environment.Job instance at 0x7fcdf5cd5910>,6,25,[ 5 10],7,31,56,24,27
1,<environment.Job instance at 0x7fcdaff492d0>,17,1,[5 5],18,27,28,9,27
1,<environment.Job instance at 0x7fcdf5c044b0>,30,18,[9 5],31,46,64,15,46
1,<environment.Job instance at 0x7fcdafeb3e60>,22,17,[12  4],23,64,81,41,52
1,<environment.Job instance at 0x7fcdb022f280>,33,2,[9 2],34,81,83,47,54
1,<environment.Job instance at 0x7fcdb04a5960>,35,2,[ 4 11],36,81,83,45,60
1,<environment.Job instance at 0x7fcdb0327b90>,40,2,[10  2],41,83,85,42,74
1,<environment.Job instance at 0x7fcdb0327640>,41,17,[2 6],42,83,100,41,74
1,<environment.Job instance at 0x7fcdb0327730>,42,19,[8 2],43,85,104,42,75
1,<environment.Job instance at 0x7fcdb0327050>,43,2,[ 2 14],44,104,106,60,77
1,<environment.Job instance at 0x7fcdb0327c30>,44,17,[ 5 14],45,106,123,61,94
1,<environment.Job instance at 0x7fcdb03274b0>,45,3,[2 5],46,94,97,48,94
1,<environment.Job instance at 0x7fcdb0327910>,46,2,[11  3],47,123,125,76,96
1,<environment.Job instance at 0x7fcdb030fbe0>,47,2,[12  2],48,125,127,77,98
1,<environment.Job instance at 0x7fcdb02bd870>,52,2,[12  5],53,127,129,74,107
1,<environment.Job instance at 0x7fcdb02bd6e0>,56,3,[8 1],57,110,113,53,110
1,<environment.Job instance at 0x7fcdafe21910>,57,2,[6 4],58,129,131,71,110
1,<environment.Job instance at 0x7fcdb02fc320>,59,15,[10  2],60,131,146,71,117
1,<environment.Job instance at 0x7fcdf5cd5f50>,7,15,[5 3],8,129,144,121,120
1,<environment.Job instance at 0x7fcdb02d1eb0>,64,2,[2 5],65,144,146,79,137
1,<environment.Job instance at 0x7fcdb02d1c30>,66,1,[3 8],67,144,145,77,142
1,<environment.Job instance at 0x7fcdb02d1780>,67,3,[10  2],68,146,149,78,142
1,<environment.Job instance at 0x7fcdb02d1500>,68,1,[2 8],69,145,146,76,142
1,<environment.Job instance at 0x7fcdf5cba730>,69,1,[ 3 10],70,146,147,76,142
1,<environment.Job instance at 0x7fcdb02c9b40>,62,12,[5 5],63,148,160,85,148
1,<environment.Job instance at 0x7fcdafe13780>,4,15,[4 6],5,152,167,147,152
1,<environment.Job instance at 0x7fcdafe0c0f0>,73,1,[ 5 12],74,167,168,93,153
1,<environment.Job instance at 0x7fcdafe0c5a0>,74,21,[7 2],75,160,181,85,153
1,<environment.Job instance at 0x7fcdafe0caf0>,76,3,[ 3 10],77,168,171,91,156
1,<environment.Job instance at 0x7fcdafe5d230>,77,2,[10  4],78,181,183,103,156
1,<environment.Job instance at 0x7fcdb02e3e10>,71,13,[4 5],72,171,184,99,170
1,<environment.Job instance at 0x7fcdaff0efa0>,84,3,[14  4],85,185,188,100,185
1,<environment.Job instance at 0x7fcdaff0ecd0>,85,2,[5 5],86,188,190,102,185
1,<environment.Job instance at 0x7fcdaff0e5a0>,86,2,[13  4],87,190,192,103,185
1,<environment.Job instance at 0x7fcdb0324410>,87,3,[3 5],88,192,195,104,185
1,<environment.Job instance at 0x7fcdafe07550>,89,27,[1 5],90,196,223,106,196
1,<environment.Job instance at 0x7fcdf5cbaa50>,72,1,[ 5 10],73,200,201,127,200
1,<environment.Job instance at 0x7fcdafe07780>,91,3,[9 3],92,202,205,110,202
1,<environment.Job instance at 0x7fcdb0354230>,92,3,[ 4 10],93,206,209,113,206
1,<environment.Job instance at 0x7fcdf5e95a50>,93,3,[8 4],94,209,212,115,207
1,<environment.Job instance at 0x7fcdaffa2d20>,2,2,[9 3],3,3,5,0,3
1,<environment.Job instance at 0x7fcdb017a870>,5,3,[1 5],6,8,11,2,8
1,<environment.Job instance at 0x7fcdf5e95a50>,6,3,[9 3],7,8,11,1,8
1,<environment.Job instance at 0x7fcdaff45320>,9,1,[10  3],10,11,12,1,10
1,<environment.Job instance at 0x7fcdaff4da00>,10,19,[1 5],11,11,30,0,11
1,<environment.Job instance at 0x7fcdb03290a0>,11,18,[2 9],12,12,30,0,12
1,<environment.Job instance at 0x7fcdafdf86e0>,16,3,[2 7],17,30,33,13,25
1,<environment.Job instance at 0x7fcdafdf8280>,17,18,[5 1],18,25,43,7,25
1,<environment.Job instance at 0x7fcdafdf8960>,18,3,[5 8],19,33,36,14,25
1,<environment.Job instance at 0x7fcdafdf8690>,20,1,[6 3],21,30,31,9,25
1,<environment.Job instance at 0x7fcdaff8c870>,22,15,[5 1],23,31,46,8,30
1,<environment.Job instance at 0x7fcdafdf8500>,23,18,[5 9],24,36,54,12,31
1,<environment.Job instance at 0x7fcdb023eb40>,25,21,[2 5],26,43,64,17,37
1,<environment.Job instance at 0x7fcdb023e4b0>,26,1,[7 2],27,54,55,27,38
1,<environment.Job instance at 0x7fcdf5fc50f0>,29,19,[9 1],30,55,74,25,51
1,<environment.Job instance at 0x7fcdb042c5a0>,30,12,[2 5],31,54,66,23,51
1,<environment.Job instance at 0x7fcdf5fd4460>,32,1,[2 9],33,64,65,31,51
1,<environment.Job instance at 0x7fcdb042ccd0>,33,27,[1 8],34,65,92,31,63
1,<environment.Job instance at 0x7fcdafdf8640>,15,2,[14  5],16,74,76,58,65
1,<environment.Job instance at 0x7fcdf59d3d70>,34,1,[5 8],35,92,93,57,71
1,<environment.Job instance at 0x7fcdf5af55f0>,37,2,[2 8],38,93,95,55,71
1,<environment.Job instance at 0x7fcdb0523b40>,43,3,[7 3],44,76,79,32,75
1,<environment.Job instance at 0x7fcdf5a040a0>,47,22,[1 7],48,102,124,54,102
1,<environment.Job instance at 0x7fcdf5a04b40>,48,2,[5 7],49,102,104,53,102
1,<environment.Job instance at 0x7fcdf5a04d20>,52,1,[9 3],53,120,121,67,120
1,<environment.Job instance at 0x7fcdf5a04f00>,53,3,[ 3 14],54,124,127,70,120
1,<environment.Job instance at 0x7fcdf5a043c0>,54,14,[7 1],55,121,135,66,120
1,<environment.Job instance at 0x7fcdf5a05280>,55,25,[6 3],56,127,152,71,123
1,<environment.Job instance at 0x7fcdb0523d20>,41,18,[8 4],42,135,153,93,127
1,<environment.Job instance at 0x7fcdf5a0bb40>,60,2,[ 5 11],61,152,154,91,136
1,<environment.Job instance at 0x7fcdf5a0b820>,64,1,[5 7],65,154,155,89,147
1,<environment.Job instance at 0x7fcdf5a0baa0>,67,3,[7 1],68,160,163,92,160
1,<environment.Job instance at 0x7fcdf5a0bfa0>,69,27,[ 5 10],70,166,193,96,166
1,<environment.Job instance at 0x7fcdf5a064b0>,71,22,[ 1 10],72,193,215,121,186
1,<environment.Job instance at 0x7fcdf5a06550>,78,20,[6 2],79,199,219,120,199
1,<environment.Job instance at 0x7fcdf59d2c80>,81,1,[8 5],82,215,216,133,207
1,<environment.Job instance at 0x7fcdf59d2d20>,83,2,[5 5],84,216,218,132,210
1,<environment.Job instance at 0x7fcdb02e3b90>,3,1,[6 2],4,4,5,0,4
1,<environment.Job instance at 0x7fcdf600e730>,4,2,[4 6],5,5,7,0,5
1,<environment.Job instance at 0x7fcdf600e050>,5,3,[8 5],6,6,9,0,6
1,<environment.Job instance at 0x7fcdf600e2d0>,7,3,[ 1 12],8,9,12,1,8
1,<environment.Job instance at 0x7fcdf600e6e0>,8,15,[ 3 11],9,16,31,7,16
1,<environment.Job instance at 0x7fcdf669c9b0>,15,15,[ 2 11],16,31,46,15,17
1,<environment.Job instance at 0x7fcdf66a3c80>,9,3,[5 1],10,19,22,9,19
1,<environment.Job instance at 0x7fcdf61ca3c0>,23,20,[5 4],24,24,44,0,24
1,<environment.Job instance at 0x7fcdf61cac30>,27,2,[7 2],28,44,46,16,28
1,<environment.Job instance at 0x7fcdf61ca690>,28,3,[10  4],29,46,49,17,29
1,<environment.Job instance at 0x7fcdf61ca410>,30,16,[14  3],31,49,65,18,39
1,<environment.Job instance at 0x7fcdf61caf00>,31,2,[5 1],32,44,46,12,41
1,<environment.Job instance at 0x7fcdf65d6820>,36,21,[6 5],37,65,86,28,57
1,<environment.Job instance at 0x7fcdf669ce10>,16,23,[7 4],17,65,88,48,59
1,<environment.Job instance at 0x7fcdf65d6eb0>,41,27,[5 1],42,86,113,44,84
1,<environment.Job instance at 0x7fcdf65d6a00>,42,21,[1 6],43,84,105,41,84
1,<environment.Job instance at 0x7fcdf65d65f0>,35,20,[4 7],36,88,108,52,85
1,<environment.Job instance at 0x7fcdf65d6cd0>,46,25,[8 3],47,108,133,61,104
1,<environment.Job instance at 0x7fcdf684ec30>,49,18,[7 3],50,117,135,67,117
1,<environment.Job instance at 0x7fcdf684edc0>,51,19,[10  1],52,135,154,83,125
1,<environment.Job instance at 0x7fcdf684e5f0>,59,3,[ 5 10],60,134,137,74,134
1,<environment.Job instance at 0x7fcdf660fa00>,60,1,[4 6],61,137,138,76,134
1,<environment.Job instance at 0x7fcdf660fa50>,61,1,[4 6],62,138,139,76,134
1,<environment.Job instance at 0x7fcdf65d6e60>,45,16,[4 5],46,139,155,93,135
1,<environment.Job instance at 0x7fcdf684e730>,52,2,[5 8],53,154,156,101,135
1,<environment.Job instance at 0x7fcdf660f3c0>,65,1,[9 5],66,155,156,89,139
1,<environment.Job instance at 0x7fcdf660fd70>,68,18,[1 9],69,156,174,87,155
1,<environment.Job instance at 0x7fcdf660ff50>,71,2,[9 5],72,167,169,95,167
1,<environment.Job instance at 0x7fcdf660f9b0>,72,3,[9 5],73,169,172,96,167
1,<environment.Job instance at 0x7fcdb0462410>,76,2,[13  5],77,185,187,108,185
1,<environment.Job instance at 0x7fcdf5a1ad70>,77,1,[9 5],78,187,188,109,185
1,<environment.Job instance at 0x7fcdf5a1a960>,80,26,[6 3],81,198,224,117,198
1,<environment.Job instance at 0x7fcdf660f910>,63,16,[6 5],64,199,215,135,199
1,<environment.Job instance at 0x7fcdf5a1ac80>,84,1,[9 4],85,215,216,130,214
1,<environment.Job instance at 0x7fcdf5a1a5f0>,85,23,[7 1],86,216,239,130,214
1,<environment.Job instance at 0x7fcdf5a1a550>,83,2,[6 3],84,224,226,140,214
1,<environment.Job instance at 0x7fcdf5a1a0a0>,82,17,[ 2 11],83,216,233,133,214
1,<environment.Job instance at 0x7fcdf64806e0>,0,28,[5 6],1,1,29,0,1
1,<environment.Job instance at 0x7fcdf61ace60>,3,28,[ 1 11],4,29,57,25,28
1,<environment.Job instance at 0x7fcdf65a5d70>,8,1,[6 1],9,28,29,19,28
1,<environment.Job instance at 0x7fcdb02155a0>,10,13,[12  5],11,57,70,46,41
1,<environment.Job instance at 0x7fcdf652b8c0>,13,3,[5 8],14,70,73,56,44
1,<environment.Job instance at 0x7fcdfaf00d20>,14,1,[6 1],15,44,45,29,44
1,<environment.Job instance at 0x7fcdf5c194b0>,15,3,[1 5],16,57,60,41,44
1,<environment.Job instance at 0x7fcdf5c192d0>,18,15,[ 3 13],19,73,88,54,59
1,<environment.Job instance at 0x7fcdf62dc050>,19,1,[10  3],20,70,71,50,59
1,<environment.Job instance at 0x7fcdf62dcd70>,20,16,[5 1],21,71,87,50,59
1,<environment.Job instance at 0x7fcdf5ad2c30>,23,18,[ 1 10],24,88,106,64,77
1,<environment.Job instance at 0x7fcdf689c3c0>,25,12,[8 1],26,87,99,61,77
1,<environment.Job instance at 0x7fcdf5daeaa0>,26,18,[ 3 13],27,106,124,79,95
1,<environment.Job instance at 0x7fcdf5e62870>,28,3,[7 1],29,99,102,70,95
1,<environment.Job instance at 0x7fcdf66b5960>,29,1,[7 3],30,99,100,69,95
1,<environment.Job instance at 0x7fcdf5eec690>,31,1,[9 5],32,102,103,70,97
1,<environment.Job instance at 0x7fcdf5bde690>,32,2,[ 2 10],33,124,126,91,97
1,<environment.Job instance at 0x7fcdf5eec730>,34,2,[4 6],35,126,128,91,99
1,<environment.Job instance at 0x7fcdb0351320>,35,2,[10  5],36,103,105,67,99
1,<environment.Job instance at 0x7fcdb03512d0>,36,1,[5 7],37,126,127,89,99
1,<environment.Job instance at 0x7fcdb03517d0>,37,2,[ 4 14],38,128,130,90,101
1,<environment.Job instance at 0x7fcdf6700be0>,40,1,[5 4],41,124,125,83,116
1,<environment.Job instance at 0x7fcdf5e587d0>,41,18,[4 8],42,130,148,88,119
1,<environment.Job instance at 0x7fcdf676aaa0>,44,2,[ 1 12],45,148,150,103,121
1,<environment.Job instance at 0x7fcdf5a61500>,5,23,[5 3],6,130,153,124,124
1,<environment.Job instance at 0x7fcdb045dc80>,50,25,[2 8],51,150,175,99,146
1,<environment.Job instance at 0x7fcdb045da50>,54,3,[ 3 14],55,175,178,120,161
1,<environment.Job instance at 0x7fcdb045d730>,55,1,[10  1],56,161,162,105,161
1,<environment.Job instance at 0x7fcdb045d410>,57,15,[ 5 10],58,178,193,120,167
1,<environment.Job instance at 0x7fcdb0169f00>,48,14,[8 3],49,178,192,129,167
1,<environment.Job instance at 0x7fcdb0408eb0>,62,3,[5 2],63,192,195,129,179
1,<environment.Job instance at 0x7fcdf5a812d0>,67,3,[8 5],68,202,205,134,202
1,<environment.Job instance at 0x7fcdf5a81a00>,68,1,[ 3 12],69,205,206,136,202
1,<environment.Job instance at 0x7fcdf5a81050>,69,16,[2 8],70,206,222,136,205
1,<environment.Job instance at 0x7fcdb02e3fa0>,70,2,[5 6],71,206,208,135,205
1,<environment.Job instance at 0x7fcdafff4460>,72,18,[5 1],73,206,224,133,206
1,<environment.Job instance at 0x7fcdb02e3320>,73,18,[ 5 10],74,222,240,148,211
1,<environment.Job instance at 0x7fcdb02e3960>,74,20,[9 5],75,224,244,149,215
1,<environment.Job instance at 0x7fcdb02b2640>,4,3,[3 5],5,5,8,0,5
1,<environment.Job instance at 0x7fcdf689c910>,5,23,[8 2],6,6,29,0,6
1,<environment.Job instance at 0x7fcdb00baf00>,15,3,[11  2],16,29,32,13,16
1,<environment.Job instance at 0x7fcdf5df8140>,18,14,[8 1],19,32,46,13,22
1,<environment.Job instance at 0x7fcdaff120f0>,20,18,[5 8],21,38,56,17,38
1,<environment.Job instance at 0x7fcdaff12140>,22,23,[7 1],23,46,69,23,40
1,<environment.Job instance at 0x7fcdaff12370>,23,2,[2 8],24,56,58,32,40
1,<environment.Job instance at 0x7fcdaff12500>,25,3,[13  2],26,69,72,43,45
1,<environment.Job instance at 0x7fcdaff12050>,26,1,[9 4],27,72,73,45,45
1,<environment.Job instance at 0x7fcdaff12550>,28,1,[13  4],29,73,74,44,45
1,<environment.Job instance at 0x7fcdb04246e0>,13,18,[ 2 11],14,60,78,46,60
1,<environment.Job instance at 0x7fcdaff12b90>,34,2,[5 2],35,78,80,43,78
1,<environment.Job instance at 0x7fcdaff12d70>,37,2,[2 9],38,81,83,43,81
1,<environment.Job instance at 0x7fcdaff12a50>,32,13,[14  4],33,84,97,51,84
1,<environment.Job instance at 0x7fcdaff12f00>,41,23,[ 3 13],42,97,120,55,91
1,<environment.Job instance at 0x7fcdaff34370>,44,18,[1 8],45,120,138,75,110
1,<environment.Job instance at 0x7fcdaff34690>,49,1,[9 4],50,132,133,82,132
1,<environment.Job instance at 0x7fcdaff347d0>,50,20,[9 5],51,133,153,82,132
1,<environment.Job instance at 0x7fcdaff34a00>,53,3,[10  1],54,153,156,99,135
1,<environment.Job instance at 0x7fcdaff34b40>,55,2,[10  5],56,156,158,100,142
1,<environment.Job instance at 0x7fcdaff34be0>,56,2,[6 4],57,142,144,85,142
1,<environment.Job instance at 0x7fcdaff34d20>,58,3,[2 7],59,149,152,90,149
1,<environment.Job instance at 0x7fcdaff34dc0>,59,2,[10  2],60,158,160,98,149
1,<environment.Job instance at 0x7fcdaff34eb0>,60,1,[8 1],61,160,161,99,149
1,<environment.Job instance at 0x7fcdaff34f50>,62,17,[1 9],63,152,169,89,152
1,<environment.Job instance at 0x7fcdaff69320>,64,22,[9 5],65,166,188,101,166
1,<environment.Job instance at 0x7fcdaff69280>,65,3,[ 1 14],66,188,191,122,166
1,<environment.Job instance at 0x7fcdaff12e10>,38,2,[8 3],39,191,193,152,167
1,<environment.Job instance at 0x7fcdaff69550>,69,3,[10  2],70,193,196,123,178
1,<environment.Job instance at 0x7fcdaff695f0>,70,13,[11  4],71,196,209,125,180
1,<environment.Job instance at 0x7fcdaff342d0>,43,16,[ 4 10],44,191,207,147,186
1,<environment.Job instance at 0x7fcdaff69690>,71,12,[ 1 13],72,209,221,137,195
1,<environment.Job instance at 0x7fcdaff69d20>,79,21,[1 7],80,221,242,141,213
1,<environment.Job instance at 0x7fcdaff69f00>,83,2,[8 4],84,221,223,137,214
1,<environment.Job instance at 0x7fcdaff69aa0>,84,1,[10  4],85,223,224,138,214
1,<environment.Job instance at 0x7fcdaff6ce60>,1,1,[2 7],2,4,5,2,4
1,<environment.Job instance at 0x7fcdb0429d70>,5,2,[10  5],6,6,8,0,6
1,<environment.Job instance at 0x7fcdafee92d0>,6,1,[2 5],7,7,8,0,7
1,<environment.Job instance at 0x7fcdafee9690>,7,14,[11  2],8,8,22,0,8
1,<environment.Job instance at 0x7fcdb0363d20>,8,15,[ 3 14],9,22,37,13,9
1,<environment.Job instance at 0x7fcdf66bf1e0>,10,27,[7 4],11,37,64,26,35
1,<environment.Job instance at 0x7fcdaff69aa0>,11,12,[6 3],12,37,49,25,35
1,<environment.Job instance at 0x7fcdaff6b230>,4,12,[7 4],5,49,61,44,45
1,<environment.Job instance at 0x7fcdf66ae1e0>,18,14,[ 4 10],19,61,75,42,50
1,<environment.Job instance at 0x7fcdf66aeb40>,23,1,[ 4 13],24,75,76,51,62
1,<environment.Job instance at 0x7fcdf5a16aa0>,24,19,[9 1],25,64,83,39,62
1,<environment.Job instance at 0x7fcdafef07d0>,25,3,[ 4 11],26,76,79,50,62
1,<environment.Job instance at 0x7fcdf6006f00>,26,2,[8 3],27,83,85,56,62
1,<environment.Job instance at 0x7fcdb0174960>,27,3,[2 8],28,79,82,51,63
1,<environment.Job instance at 0x7fcdf5a7c960>,30,1,[2 6],31,79,80,48,68
1,<environment.Job instance at 0x7fcdf6255370>,33,13,[3 7],34,82,95,48,82
1,<environment.Job instance at 0x7fcdf68875f0>,35,1,[5 2],36,94,95,58,94
1,<environment.Job instance at 0x7fcdf5d78e10>,36,3,[8 3],37,95,98,58,94
1,<environment.Job instance at 0x7fcdfaf9fcd0>,38,3,[11  1],39,98,101,59,94
1,<environment.Job instance at 0x7fcdb0217af0>,39,2,[3 7],40,95,97,55,94
1,<environment.Job instance at 0x7fcdf6697730>,40,2,[9 1],41,101,103,60,94
1,<environment.Job instance at 0x7fcdf63575f0>,41,2,[6 2],42,101,103,59,94
1,<environment.Job instance at 0x7fcdb016d320>,43,2,[2 7],44,97,99,53,96
1,<environment.Job instance at 0x7fcdb04a36e0>,44,1,[9 2],45,103,104,58,96
1,<environment.Job instance at 0x7fcdf5d58f00>,45,3,[9 1],46,104,107,58,96
1,<environment.Job instance at 0x7fcdf635eb40>,47,22,[6 1],48,106,128,58,106
1,<environment.Job instance at 0x7fcdf5d589b0>,48,15,[7 1],49,110,125,61,110
1,<environment.Job instance at 0x7fcdf5aa74b0>,50,12,[5 9],51,125,137,74,124
1,<environment.Job instance at 0x7fcdf5a100a0>,52,2,[8 2],53,128,130,75,124
1,<environment.Job instance at 0x7fcdf5aa7640>,53,2,[8 1],54,130,132,76,124
1,<environment.Job instance at 0x7fcdf5aa72d0>,54,1,[ 3 10],55,137,138,82,124
1,<environment.Job instance at 0x7fcdf6317550>,59,2,[3 7],60,143,145,83,143
1,<environment.Job instance at 0x7fcdf63175f0>,60,17,[8 4],61,149,166,88,149
1,<environment.Job instance at 0x7fcdf6317be0>,61,14,[ 5 10],62,149,163,87,149
1,<environment.Job instance at 0x7fcdf5ab5eb0>,62,19,[8 3],63,166,185,103,156
1,<environment.Job instance at 0x7fcdb02d9460>,65,1,[7 1],66,173,174,107,173
1,<environment.Job instance at 0x7fcdb02d93c0>,66,23,[5 5],67,174,197,107,173
1,<environment.Job instance at 0x7fcdb02d90a0>,67,1,[2 6],68,174,175,106,173
1,<environment.Job instance at 0x7fcdb0424550>,69,25,[7 3],70,185,210,115,181
1,<environment.Job instance at 0x7fcdb0424460>,70,1,[12  5],71,210,211,139,182
1,<environment.Job instance at 0x7fcdb04247d0>,72,1,[5 2],73,197,198,124,184
1,<environment.Job instance at 0x7fcdf6161140>,75,3,[ 3 10],76,197,200,121,190
1,<environment.Job instance at 0x7fcdf6161aa0>,78,12,[5 1],79,198,210,119,191
1,<environment.Job instance at 0x7fcdf61616e0>,79,3,[7 1],80,211,214,131,191
1,<environment.Job instance at 0x7fcdf6161e60>,80,2,[8 5],81,211,213,130,191
1,<environment.Job instance at 0x7fcdf6161280>,81,3,[ 3 11],82,200,203,118,191
1,<environment.Job instance at 0x7fcdf6161960>,82,14,[10  1],83,214,228,131,202
1,<environment.Job instance at 0x7fcdf66ae640>,20,25,[ 1 14],21,213,238,192,210
1,<environment.Job instance at 0x7fcdbc9c1550>,0,2,[7 4],1,1,3,0,1
1,<environment.Job instance at 0x7fcdfb1c4f50>,2,13,[14  2],3,5,18,2,5
1,<environment.Job instance at 0x7fcdb0203b40>,13,1,[2 9],14,22,23,8,22
1,<environment.Job instance at 0x7fcdb0203f50>,14,1,[10  4],15,22,23,7,22
1,<environment.Job instance at 0x7fcdf5c04140>,16,1,[1 8],17,23,24,6,22
1,<environment.Job instance at 0x7fcdf5c04f00>,17,3,[4 5],18,23,26,5,22
1,<environment.Job instance at 0x7fcdb0419320>,19,18,[1 9],20,25,43,5,25
1,<environment.Job instance at 0x7fcdf6480730>,20,2,[ 4 14],21,43,45,22,25
1,<environment.Job instance at 0x7fcdfafa02d0>,25,3,[10  2],26,39,42,13,39
1,<environment.Job instance at 0x7fcdf6236140>,32,1,[3 9],33,57,58,24,57
1,<environment.Job instance at 0x7fcdafff0c30>,33,18,[5 2],34,59,77,25,59
1,<environment.Job instance at 0x7fcdf6699280>,8,15,[1 8],9,60,75,51,60
1,<environment.Job instance at 0x7fcdb006ce10>,35,1,[5 6],36,75,76,39,62
1,<environment.Job instance at 0x7fcdf5d8ff00>,37,3,[9 4],38,69,72,31,69
1,<environment.Job instance at 0x7fcdf5e1c500>,38,3,[6 3],39,72,75,33,69
1,<environment.Job instance at 0x7fcdafff6c80>,39,2,[10  3],40,76,78,36,69
1,<environment.Job instance at 0x7fcdafff6a50>,40,1,[4 8],41,77,78,36,69
1,<environment.Job instance at 0x7fcdafff6780>,42,3,[5 8],43,78,81,35,70
1,<environment.Job instance at 0x7fcdafff6f00>,43,17,[14  2],44,81,98,37,70
1,<environment.Job instance at 0x7fcdf6556410>,45,20,[10  3],46,98,118,52,89
1,<environment.Job instance at 0x7fcdb02063c0>,47,3,[8 3],48,118,121,70,92
1,<environment.Job instance at 0x7fcdb0206820>,48,1,[9 5],49,121,122,72,93
1,<environment.Job instance at 0x7fcdb0206e60>,49,1,[7 3],50,118,119,68,93
1,<environment.Job instance at 0x7fcdb02062d0>,51,1,[3 8],52,98,99,46,95
1,<environment.Job instance at 0x7fcdb0206eb0>,52,18,[9 2],53,122,140,69,111
1,<environment.Job instance at 0x7fcdb0206370>,57,23,[6 1],58,119,142,61,115
1,<environment.Job instance at 0x7fcdafeb3820>,70,25,[9 4],71,148,173,77,148
1,<environment.Job instance at 0x7fcdf59f78c0>,66,18,[ 2 10],67,161,179,94,161
1,<environment.Job instance at 0x7fcdb01cb9b0>,75,1,[ 1 10],76,179,180,103,164
1,<environment.Job instance at 0x7fcdb01cb140>,77,27,[2 9],78,180,207,102,178
1,<environment.Job instance at 0x7fcdf5ad0fa0>,78,26,[4 9],79,207,233,128,204
1,<environment.Job instance at 0x7fcdb01cb960>,80,18,[5 4],81,210,228,129,210
1,<environment.Job instance at 0x7fcdf663bf00>,3,23,[1 7],4,4,27,0,4
1,<environment.Job instance at 0x7fcdf5dab1e0>,4,22,[1 8],5,5,27,0,5
1,<environment.Job instance at 0x7fcdf5b55b40>,6,1,[6 4],7,27,28,20,7
1,<environment.Job instance at 0x7fcdb02cd640>,2,3,[6 1],3,27,30,24,9
1,<environment.Job instance at 0x7fcdf5a35cd0>,8,13,[14  3],9,30,43,21,14
1,<environment.Job instance at 0x7fcdf61f36e0>,22,22,[5 3],23,43,65,20,36
1,<environment.Job instance at 0x7fcdf61f35a0>,23,1,[8 4],24,43,44,19,40
1,<environment.Job instance at 0x7fcdaffb41e0>,9,17,[9 1],10,44,61,34,41
1,<environment.Job instance at 0x7fcdf61f3a50>,30,12,[ 5 10],31,61,73,30,44
1,<environment.Job instance at 0x7fcdf61f39b0>,29,13,[14  2],30,73,86,43,57
1,<environment.Job instance at 0x7fcdf61f3c30>,33,26,[1 8],34,73,99,39,70
1,<environment.Job instance at 0x7fcdf6216320>,39,15,[ 1 14],40,99,114,59,85
1,<environment.Job instance at 0x7fcdf62164b0>,41,23,[9 4],42,114,137,72,108
1,<environment.Job instance at 0x7fcdf6216960>,47,1,[ 1 10],48,114,115,66,108
1,<environment.Job instance at 0x7fcdf6216d20>,54,3,[3 9],55,119,122,64,119
1,<environment.Job instance at 0x7fcdf6216dc0>,55,2,[10  1],56,137,139,81,119
1,<environment.Job instance at 0x7fcdf6216e60>,56,3,[ 1 10],57,122,125,65,119
1,<environment.Job instance at 0x7fcdf62092d0>,59,1,[10  2],60,139,140,79,135
1,<environment.Job instance at 0x7fcdf6209410>,61,2,[4 9],62,138,140,76,138
1,<environment.Job instance at 0x7fcdf62094b0>,62,16,[1 9],63,143,159,80,143
1,<environment.Job instance at 0x7fcdf6209870>,68,1,[8 3],69,159,160,90,159
1,<environment.Job instance at 0x7fcdf62090f0>,71,2,[5 4],72,182,184,110,182
1,<environment.Job instance at 0x7fcdf6209a00>,73,3,[ 2 10],74,184,187,110,184
1,<environment.Job instance at 0x7fcdf6209e60>,76,2,[ 2 10],77,198,200,121,198
1,<environment.Job instance at 0x7fcdb01d5cd0>,10,16,[4 8],11,204,220,193,204
1,<environment.Job instance at 0x7fcdf6209f50>,78,13,[3 6],79,218,231,139,218
1,<environment.Job instance at 0x7fcdf6209fa0>,77,16,[11  5],78,221,237,143,221
1,<environment.Job instance at 0x7fcdafe271e0>,81,3,[13  1],82,237,240,155,221
1,<environment.Job instance at 0x7fcdf62161e0>,0,2,[1 9],1,1,3,0,1
1,<environment.Job instance at 0x7fcdaffb4320>,3,3,[6 1],4,4,7,0,4
1,<environment.Job instance at 0x7fcdafe27280>,4,3,[1 6],5,5,8,0,5
1,<environment.Job instance at 0x7fcdf5c3de60>,7,13,[13  4],8,9,22,1,9
1,<environment.Job instance at 0x7fcdf5c8b550>,11,3,[ 4 12],12,22,25,10,13
1,<environment.Job instance at 0x7fcdf5c8bfa0>,15,18,[ 2 11],16,25,43,9,24
1,<environment.Job instance at 0x7fcdf5c8b9b0>,16,13,[11  3],17,26,39,9,26
1,<environment.Job instance at 0x7fcdf5c8b410>,18,27,[5 1],19,39,66,20,37
1,<environment.Job instance at 0x7fcdf681f730>,21,2,[ 1 10],22,43,45,21,39
1,<environment.Job instance at 0x7fcdf681f140>,22,3,[2 6],23,45,48,22,39
1,<environment.Job instance at 0x7fcdf5c8a7d0>,24,2,[10  3],25,48,50,23,40
1,<environment.Job instance at 0x7fcdf5c8a3c0>,25,1,[5 2],26,40,41,14,40
1,<environment.Job instance at 0x7fcdf5c8a280>,27,2,[5 5],28,55,57,27,55
1,<environment.Job instance at 0x7fcdf5c8a6e0>,28,27,[1 7],29,55,82,26,55
1,<environment.Job instance at 0x7fcdf61ce640>,31,3,[7 4],32,57,60,25,56
1,<environment.Job instance at 0x7fcdf61ceb40>,32,3,[1 5],33,60,63,27,56
1,<environment.Job instance at 0x7fcdf5c3d690>,8,18,[8 3],9,63,81,54,56
1,<environment.Job instance at 0x7fcdf61cec80>,30,3,[5 7],31,81,84,50,58
1,<environment.Job instance at 0x7fcdaff1e370>,36,1,[14  4],37,84,85,47,65
1,<environment.Job instance at 0x7fcdaff1e910>,38,1,[1 5],39,68,69,29,68
1,<environment.Job instance at 0x7fcdaff1e320>,39,13,[4 5],40,99,112,59,99
1,<environment.Job instance at 0x7fcdaff1eaf0>,41,17,[9 4],42,99,116,57,99
1,<environment.Job instance at 0x7fcdaff1e280>,43,2,[ 3 10],44,112,114,68,99
1,<environment.Job instance at 0x7fcdaff1e1e0>,42,2,[3 7],43,114,116,71,101
1,<environment.Job instance at 0x7fcdf5f1a050>,45,14,[6 1],46,116,130,70,113
1,<environment.Job instance at 0x7fcdf5f1ad20>,47,18,[ 5 10],48,116,134,68,113
1,<environment.Job instance at 0x7fcdf5f1a2d0>,50,13,[7 3],51,130,143,79,118
1,<environment.Job instance at 0x7fcdf5f1acd0>,51,2,[6 2],52,134,136,82,119
1,<environment.Job instance at 0x7fcdf5f1aa00>,49,2,[ 3 10],50,136,138,86,122
1,<environment.Job instance at 0x7fcdf5f1a500>,53,1,[5 5],54,138,139,84,122
1,<environment.Job instance at 0x7fcdf5f1a0f0>,52,12,[10  2],53,143,155,90,129
1,<environment.Job instance at 0x7fcdf5f1ac30>,54,18,[ 2 10],55,139,157,84,134
1,<environment.Job instance at 0x7fcdf66c9a00>,56,18,[ 2 10],57,157,175,100,154
1,<environment.Job instance at 0x7fcdaff1e7d0>,37,17,[13  5],38,155,172,117,155
1,<environment.Job instance at 0x7fcdf5f1a190>,58,3,[6 2],59,172,175,113,158
1,<environment.Job instance at 0x7fcdf66c9d70>,59,1,[6 1],60,172,173,112,167
1,<environment.Job instance at 0x7fcdf66c92d0>,64,15,[2 5],65,175,190,110,167
1,<environment.Job instance at 0x7fcdf66c9a50>,63,3,[ 2 10],64,175,178,111,167
1,<environment.Job instance at 0x7fcdf66c91e0>,66,3,[1 8],67,178,181,111,168
1,<environment.Job instance at 0x7fcdf66c9550>,65,13,[2 7],66,181,194,115,168
1,<environment.Job instance at 0x7fcdf66c9140>,62,16,[6 2],63,178,194,115,172
1,<environment.Job instance at 0x7fcdf66c93c0>,67,1,[3 5],68,190,191,122,181
1,<environment.Job instance at 0x7fcdfaead140>,71,15,[ 1 12],72,194,209,122,186
1,<environment.Job instance at 0x7fcdb007ca50>,73,12,[1 8],74,209,221,135,195
1,<environment.Job instance at 0x7fcdf66f2b40>,70,18,[14  5],71,209,227,138,201
1,<environment.Job instance at 0x7fcdf66f2500>,68,25,[5 5],69,227,252,158,225
1,<environment.Job instance at 0x7fcdb007c0a0>,75,14,[5 9],76,227,241,151,225
1,<environment.Job instance at 0x7fcdf66f2cd0>,1,3,[ 3 11],2,2,5,0,2
1,<environment.Job instance at 0x7fcdf681f2d0>,4,1,[2 5],5,5,6,0,5
1,<environment.Job instance at 0x7fcdf681f0f0>,5,3,[10  1],6,6,9,0,6
1,<environment.Job instance at 0x7fcdf681f050>,6,3,[2 5],7,7,10,0,7
1,<environment.Job instance at 0x7fcdf681fcd0>,8,18,[ 4 12],9,10,28,1,9
1,<environment.Job instance at 0x7fcdf681f820>,9,2,[1 8],10,28,30,18,10
1,<environment.Job instance at 0x7fcdf62165f0>,13,3,[6 1],14,14,17,0,14
1,<environment.Job instance at 0x7fcdb0516870>,17,12,[6 2],18,19,31,1,19
1,<environment.Job instance at 0x7fcdafd49780>,22,20,[5 2],23,28,48,5,27
1,<environment.Job instance at 0x7fcdb05164b0>,12,18,[ 5 10],13,31,49,18,28
1,<environment.Job instance at 0x7fcdafd49320>,26,1,[5 5],27,48,49,21,28
1,<environment.Job instance at 0x7fcdafd498c0>,27,15,[13  3],28,49,64,21,35
1,<environment.Job instance at 0x7fcdb0516cd0>,15,3,[4 8],16,64,67,48,45
1,<environment.Job instance at 0x7fcdafeb3e60>,37,2,[5 7],38,64,66,26,46
1,<environment.Job instance at 0x7fcdf6328af0>,39,1,[6 3],40,66,67,26,47
1,<environment.Job instance at 0x7fcdafeb34b0>,34,3,[2 8],35,49,52,14,48
1,<environment.Job instance at 0x7fcdf63285a0>,41,2,[ 2 13],42,67,69,25,48
1,<environment.Job instance at 0x7fcdf63280a0>,42,1,[5 5],43,69,70,26,48
1,<environment.Job instance at 0x7fcdf6328780>,43,21,[5 7],44,69,90,25,61
1,<environment.Job instance at 0x7fcdf6328c80>,40,16,[6 2],41,70,86,29,63
1,<environment.Job instance at 0x7fcdb0327f50>,48,2,[12  1],49,90,92,41,69
1,<environment.Job instance at 0x7fcdb0327550>,52,19,[4 7],53,92,111,39,82
1,<environment.Job instance at 0x7fcdb043d730>,47,13,[7 4],48,92,105,44,83
1,<environment.Job instance at 0x7fcdafd7b8c0>,54,1,[6 5],55,105,106,50,90
1,<environment.Job instance at 0x7fcdafd7b4b0>,55,13,[6 4],56,106,119,50,91
1,<environment.Job instance at 0x7fcdb03270f0>,53,25,[9 3],54,111,136,57,107
1,<environment.Job instance at 0x7fcdafd7ba00>,60,26,[9 4],61,136,162,75,133
1,<environment.Job instance at 0x7fcdafeb3280>,36,20,[4 9],37,133,153,96,133
1,<environment.Job instance at 0x7fcdafd7b5a0>,65,14,[13  2],66,162,176,96,148
1,<environment.Job instance at 0x7fcdafd7b7d0>,58,17,[ 2 12],59,162,179,103,152
1,<environment.Job instance at 0x7fcdafda63c0>,73,2,[1 5],74,155,157,81,155
1,<environment.Job instance at 0x7fcdf59ac550>,75,14,[2 9],76,179,193,103,168
1,<environment.Job instance at 0x7fcdf59ac820>,76,3,[4 5],77,179,182,102,168
1,<environment.Job instance at 0x7fcdafda66e0>,68,24,[8 3],69,182,206,113,182
1,<environment.Job instance at 0x7fcdf59acaa0>,81,1,[5 1],82,185,186,103,185
1,<environment.Job instance at 0x7fcdf59aca50>,83,1,[5 6],84,193,194,109,185
1,<environment.Job instance at 0x7fcdf5c790a0>,86,2,[1 8],87,195,197,108,195
1,<environment.Job instance at 0x7fcdf5c79960>,88,2,[ 4 12],89,197,199,108,196
1,<environment.Job instance at 0x7fcdf59ac3c0>,74,17,[9 5],75,206,223,131,202
1,<environment.Job instance at 0x7fcdf5c79690>,87,17,[1 7],88,202,219,114,202
1,<environment.Job instance at 0x7fcdb00710a0>,91,16,[2 6],92,219,235,127,207
1,<environment.Job instance at 0x7fcdb017da00>,0,1,[4 9],1,1,2,0,1
1,<environment.Job instance at 0x7fcdafeb3910>,4,2,[7 3],5,6,8,1,6
1,<environment.Job instance at 0x7fcdf5c7ce10>,8,2,[1 6],9,9,11,0,9
1,<environment.Job instance at 0x7fcdafb7b730>,9,23,[5 5],10,10,33,0,10
1,<environment.Job instance at 0x7fcdf5ec8fa0>,15,24,[7 5],16,33,57,17,33
1,<environment.Job instance at 0x7fcdb007f3c0>,17,3,[ 2 13],18,57,60,39,38
1,<environment.Job instance at 0x7fcdafda6a50>,6,12,[4 6],7,41,53,34,41
1,<environment.Job instance at 0x7fcdf65b0370>,23,3,[5 6],24,53,56,29,41
1,<environment.Job instance at 0x7fcdf628c3c0>,24,3,[9 3],25,60,63,35,41
1,<environment.Job instance at 0x7fcdf628c8c0>,25,2,[7 1],26,56,58,30,42
1,<environment.Job instance at 0x7fcdf628cc30>,28,3,[10  1],29,63,66,34,61
1,<environment.Job instance at 0x7fcdf628cb90>,30,1,[13  2],31,66,67,35,61
1,<environment.Job instance at 0x7fcdf6293f50>,34,2,[ 4 10],35,80,82,45,80
1,<environment.Job instance at 0x7fcdf6293eb0>,35,19,[8 1],36,80,99,44,80
1,<environment.Job instance at 0x7fcdf62939b0>,36,1,[ 4 11],37,82,83,45,80
1,<environment.Job instance at 0x7fcdf62930a0>,38,3,[2 6],39,83,86,44,82
1,<environment.Job instance at 0x7fcdf5c263c0>,39,2,[10  5],40,99,101,59,82
1,<environment.Job instance at 0x7fcdf6293cd0>,40,2,[4 6],41,83,85,42,82
1,<environment.Job instance at 0x7fcdf5c362d0>,41,23,[7 5],42,101,124,59,95
1,<environment.Job instance at 0x7fcdf681feb0>,5,16,[5 7],6,96,112,90,96
1,<environment.Job instance at 0x7fcdf59bd9b0>,44,1,[7 5],45,112,113,67,100
1,<environment.Job instance at 0x7fcdf59bddc0>,42,28,[8 2],43,113,141,70,112
1,<environment.Job instance at 0x7fcdf6293050>,33,1,[ 2 13],34,124,125,90,114
1,<environment.Job instance at 0x7fcdb03cb460>,55,1,[2 5],56,128,129,72,128
1,<environment.Job instance at 0x7fcdb03cb820>,57,3,[9 2],58,141,144,83,128
1,<environment.Job instance at 0x7fcdafda75a0>,58,1,[1 6],59,128,129,69,128
1,<environment.Job instance at 0x7fcdafda7d70>,59,3,[5 2],60,129,132,69,128
1,<environment.Job instance at 0x7fcdf5c5caf0>,60,2,[2 6],61,129,131,68,128
1,<environment.Job instance at 0x7fcdf5d10050>,61,3,[5 8],62,132,135,70,128
1,<environment.Job instance at 0x7fcdf5d10460>,62,2,[2 8],63,135,137,72,128
1,<environment.Job instance at 0x7fcdb03c25f0>,63,18,[4 9],64,137,155,73,128
1,<environment.Job instance at 0x7fcdb03c28c0>,64,26,[7 4],65,144,170,79,141
1,<environment.Job instance at 0x7fcdf599f7d0>,65,1,[12  3],66,170,171,104,151
1,<environment.Job instance at 0x7fcdb0411870>,70,3,[8 4],71,156,159,85,156
1,<environment.Job instance at 0x7fcdf5ce6140>,72,3,[9 3],73,171,174,98,157
1,<environment.Job instance at 0x7fcdafedeb90>,76,2,[3 5],77,160,162,83,160
1,<environment.Job instance at 0x7fcdafedec80>,79,2,[6 3],80,165,167,85,165
1,<environment.Job instance at 0x7fcdb03c9af0>,56,16,[3 6],57,167,183,110,167
1,<environment.Job instance at 0x7fcdafede690>,78,16,[14  5],79,183,199,104,174
1,<environment.Job instance at 0x7fcdafededc0>,85,15,[ 2 12],86,199,214,113,185
1,<environment.Job instance at 0x7fcdb03a3910>,87,19,[4 7],88,214,233,126,204
1,<environment.Job instance at 0x7fcdf5b20280>,0,26,[5 7],1,1,27,0,1
1,<environment.Job instance at 0x7fcdb0474690>,4,20,[5 9],5,27,47,22,18
1,<environment.Job instance at 0x7fcdf5fc2910>,6,1,[7 3],7,20,21,13,20
1,<environment.Job instance at 0x7fcdafc410a0>,9,27,[5 9],10,47,74,37,45
1,<environment.Job instance at 0x7fcdf62f1370>,16,2,[5 6],17,45,47,28,45
1,<environment.Job instance at 0x7fcdafe27e10>,18,1,[9 2],19,48,49,29,48
1,<environment.Job instance at 0x7fcdafe279b0>,20,20,[5 8],21,74,94,53,65
1,<environment.Job instance at 0x7fcdf5ac28c0>,21,2,[10  5],22,65,67,43,65
1,<environment.Job instance at 0x7fcdf62f15f0>,22,1,[9 4],23,67,68,44,65
1,<environment.Job instance at 0x7fcdf5a28550>,23,2,[3 6],24,68,70,44,65
1,<environment.Job instance at 0x7fcdb0325230>,24,1,[1 7],25,74,75,49,65
1,<environment.Job instance at 0x7fcdb0325960>,25,2,[1 8],26,94,96,68,67
1,<environment.Job instance at 0x7fcdb03255a0>,27,14,[8 3],28,75,89,47,68
1,<environment.Job instance at 0x7fcdf5c41dc0>,30,21,[5 2],31,89,110,58,81
1,<environment.Job instance at 0x7fcdf62a5820>,13,28,[3 5],14,96,124,82,96
1,<environment.Job instance at 0x7fcdb042fe60>,35,2,[ 5 10],36,110,112,74,102
1,<environment.Job instance at 0x7fcdf5e625a0>,32,16,[11  5],33,112,128,79,102
1,<environment.Job instance at 0x7fcdb024cb40>,42,1,[5 8],43,108,109,65,108
1,<environment.Job instance at 0x7fcdb024c050>,43,1,[6 3],44,109,110,65,108
1,<environment.Job instance at 0x7fcdf5bc52d0>,45,1,[10  4],46,128,129,82,109
1,<environment.Job instance at 0x7fcdf63498c0>,47,3,[10  1],48,129,132,81,120
1,<environment.Job instance at 0x7fcdf63499b0>,49,1,[6 1],50,134,135,84,134
1,<environment.Job instance at 0x7fcdf6349550>,50,12,[3 8],51,143,155,92,143
1,<environment.Job instance at 0x7fcdf6349f00>,51,1,[6 1],52,143,144,91,143
1,<environment.Job instance at 0x7fcdf6349b90>,52,2,[ 4 10],53,155,157,102,143
1,<environment.Job instance at 0x7fcdf6349500>,53,2,[4 7],54,144,146,90,143
1,<environment.Job instance at 0x7fcdf6349230>,55,23,[7 4],56,153,176,97,153
1,<environment.Job instance at 0x7fcdf6349a50>,56,23,[5 6],57,157,180,100,153
1,<environment.Job instance at 0x7fcdf6349820>,58,25,[ 5 10],59,180,205,121,176
1,<environment.Job instance at 0x7fcdafe13640>,61,12,[ 5 11],62,205,217,143,188
1,<environment.Job instance at 0x7fcdf5e2be60>,63,17,[5 1],64,194,211,130,194
1,<environment.Job instance at 0x7fcdf5e2bb40>,64,1,[9 2],65,211,212,146,194
1,<environment.Job instance at 0x7fcdf5e2b910>,66,2,[4 6],67,217,219,150,194
1,<environment.Job instance at 0x7fcdafc0c3c0>,67,26,[ 2 10],68,219,245,151,216
1,<environment.Job instance at 0x7fcdafc0c5a0>,69,3,[2 9],70,245,248,175,219
1,<environment.Job instance at 0x7fcdf5ec8280>,70,13,[6 5],71,226,239,155,226
1,<environment.Job instance at 0x7fcdafdae320>,75,12,[5 1],76,239,251,163,227
1,<environment.Job instance at 0x7fcdf62a5910>,3,1,[9 3],4,7,8,3,7
1,<environment.Job instance at 0x7fcdf5a269b0>,6,1,[1 9],7,7,8,0,7
1,<environment.Job instance at 0x7fcdb04e7f50>,7,1,[6 4],8,8,9,0,8
1,<environment.Job instance at 0x7fcdb04e70a0>,8,3,[6 2],9,9,12,0,9
1,<environment.Job instance at 0x7fcdafaf4230>,13,2,[1 9],14,15,17,1,15
1,<environment.Job instance at 0x7fcdf5ff5410>,4,1,[ 1 11],5,17,18,12,15
1,<environment.Job instance at 0x7fcdafaf4410>,17,1,[6 2],18,24,25,6,24
1,<environment.Job instance at 0x7fcdafaf4f50>,18,3,[1 7],19,24,27,5,24
1,<environment.Job instance at 0x7fcdafaf4910>,19,13,[ 1 13],20,27,40,7,24
1,<environment.Job instance at 0x7fcdf6034cd0>,22,1,[6 3],23,41,42,18,41
1,<environment.Job instance at 0x7fcdf6034550>,23,2,[4 5],24,41,43,17,41
1,<environment.Job instance at 0x7fcdf6034370>,24,23,[2 9],25,42,65,17,41
1,<environment.Job instance at 0x7fcdf6034dc0>,26,3,[14  4],27,65,68,38,56
1,<environment.Job instance at 0x7fcdf6034870>,28,2,[10  1],29,56,58,27,56
1,<environment.Job instance at 0x7fcdf6034500>,29,13,[6 1],30,68,81,38,60
1,<environment.Job instance at 0x7fcdf6034730>,31,17,[6 1],32,69,86,37,69
1,<environment.Job instance at 0x7fcdafb4fd20>,34,2,[6 1],35,83,85,48,83
1,<environment.Job instance at 0x7fcdafb4f820>,35,3,[7 2],36,85,88,49,83
1,<environment.Job instance at 0x7fcdafb4f2d0>,36,1,[10  5],37,88,89,51,83
1,<environment.Job instance at 0x7fcdafb4fe10>,37,3,[10  3],38,89,92,51,83
1,<environment.Job instance at 0x7fcdafb4fe60>,38,26,[2 5],39,83,109,44,83
1,<environment.Job instance at 0x7fcdafb4fc80>,39,28,[4 8],40,92,120,52,91
1,<environment.Job instance at 0x7fcdafb4f3c0>,40,28,[1 5],41,109,137,68,108
1,<environment.Job instance at 0x7fcdafb4f910>,41,1,[9 5],42,120,121,78,108
1,<environment.Job instance at 0x7fcdafb4f780>,45,1,[4 6],46,121,122,75,108
1,<environment.Job instance at 0x7fcdafb4f320>,46,22,[7 4],47,121,143,74,114
1,<environment.Job instance at 0x7fcdafb4f460>,47,28,[ 1 10],48,137,165,89,136
1,<environment.Job instance at 0x7fcdafb4fcd0>,51,1,[9 3],52,143,144,91,136
1,<environment.Job instance at 0x7fcdafaf4370>,15,3,[8 5],16,144,147,128,138
1,<environment.Job instance at 0x7fcdf602b2d0>,63,3,[9 5],64,152,155,88,152
1,<environment.Job instance at 0x7fcdf602b690>,66,1,[5 1],67,156,157,89,156
1,<environment.Job instance at 0x7fcdf602b320>,67,12,[10  4],68,157,169,89,156
1,<environment.Job instance at 0x7fcdf602bcd0>,69,16,[ 3 10],70,166,182,96,166
1,<environment.Job instance at 0x7fcdf602bd20>,71,2,[5 2],72,169,171,97,166
1,<environment.Job instance at 0x7fcdafbd0e60>,76,20,[10  4],77,181,201,104,181
1,<environment.Job instance at 0x7fcdafbd0230>,81,3,[3 8],82,185,188,103,185
1,<environment.Job instance at 0x7fcdafb4faa0>,43,13,[10  1],44,201,214,157,185
1,<environment.Job instance at 0x7fcdafbd0550>,83,2,[1 9],84,188,190,104,186
1,<environment.Job instance at 0x7fcdafbd0af0>,86,1,[10  4],87,214,215,127,186
1,<environment.Job instance at 0x7fcdafaf4960>,3,1,[ 4 10],4,5,6,1,5
1,<environment.Job instance at 0x7fcdf5a26050>,5,1,[1 5],6,6,7,0,6
1,<environment.Job instance at 0x7fcdf5a26460>,4,24,[5 8],5,7,31,2,7
1,<environment.Job instance at 0x7fcdf6480730>,14,18,[1 8],15,31,49,16,29
1,<environment.Job instance at 0x7fcdaff8c730>,15,1,[5 9],16,49,50,33,29
1,<environment.Job instance at 0x7fcdafc95500>,16,23,[9 5],17,29,52,12,29
1,<environment.Job instance at 0x7fcdaff8c640>,21,3,[10  5],22,52,55,30,47
1,<environment.Job instance at 0x7fcdf6003870>,27,3,[8 5],28,65,68,37,65
1,<environment.Job instance at 0x7fcdf6003820>,28,3,[9 3],29,68,71,39,65
1,<environment.Job instance at 0x7fcdf60037d0>,29,1,[13  5],30,71,72,41,65
1,<environment.Job instance at 0x7fcdf6003d20>,30,1,[4 5],31,65,66,34,65
1,<environment.Job instance at 0x7fcdf6003190>,31,2,[4 7],32,66,68,34,65
1,<environment.Job instance at 0x7fcdf5ffde10>,33,27,[5 6],34,72,99,38,70
1,<environment.Job instance at 0x7fcdafc95c30>,10,2,[14  3],11,99,101,88,72
1,<environment.Job instance at 0x7fcdafc0c0f0>,7,18,[3 8],8,72,90,64,72
1,<environment.Job instance at 0x7fcdf5ffd690>,39,2,[1 6],40,90,92,50,73
1,<environment.Job instance at 0x7fcdf5fe5fa0>,44,27,[3 8],45,101,128,56,99
1,<environment.Job instance at 0x7fcdf60114b0>,50,18,[12  3],51,112,130,61,112
1,<environment.Job instance at 0x7fcdf597f4b0>,52,13,[1 8],53,128,141,75,120
1,<environment.Job instance at 0x7fcdb04b2820>,53,18,[1 8],54,141,159,87,130
1,<environment.Job instance at 0x7fcdf5cbdaf0>,55,27,[4 6],56,130,157,74,130
1,<environment.Job instance at 0x7fcdf5ffd9b0>,38,25,[11  1],39,157,182,118,153
1,<environment.Job instance at 0x7fcdf5956af0>,68,1,[10  4],69,182,183,113,170
1,<environment.Job instance at 0x7fcdf5956b90>,70,14,[11  5],71,183,197,112,171
1,<environment.Job instance at 0x7fcdf5959730>,74,28,[4 7],75,186,214,111,186
1,<environment.Job instance at 0x7fcdf5959230>,76,2,[9 4],77,197,199,120,197
1,<environment.Job instance at 0x7fcdf5959410>,77,3,[7 3],78,199,202,121,197
1,<environment.Job instance at 0x7fcdf5959b40>,78,14,[10  3],79,202,216,123,197
1,<environment.Job instance at 0x7fcdf60b7730>,80,24,[9 4],81,216,240,135,211
1,<environment.Job instance at 0x7fcdf59592d0>,82,2,[ 3 10],83,214,216,131,213
1,<environment.Job instance at 0x7fcdf60c5b90>,83,2,[12  3],84,240,242,156,213
1,<environment.Job instance at 0x7fcdf5e4d690>,0,14,[12  5],1,1,15,0,1
1,<environment.Job instance at 0x7fcdb0166780>,6,21,[10  2],7,15,36,8,7
1,<environment.Job instance at 0x7fcdf59ca780>,19,3,[1 6],20,20,23,0,20
1,<environment.Job instance at 0x7fcdf6083690>,20,25,[ 4 10],21,23,48,2,21
1,<environment.Job instance at 0x7fcdafb3d910>,21,22,[9 1],22,36,58,14,29
1,<environment.Job instance at 0x7fcdf5fc49b0>,24,14,[ 2 11],25,48,62,23,35
1,<environment.Job instance at 0x7fcdf5fc4aa0>,27,19,[ 2 10],28,62,81,34,52
1,<environment.Job instance at 0x7fcdafc8b190>,30,17,[ 5 14],31,81,98,50,69
1,<environment.Job instance at 0x7fcdf593aaa0>,35,1,[8 4],36,71,72,35,71
1,<environment.Job instance at 0x7fcdafb7f690>,40,17,[6 1],41,100,117,59,100
1,<environment.Job instance at 0x7fcdafb7f6e0>,42,2,[5 5],43,100,102,57,100
1,<environment.Job instance at 0x7fcdafb7f0f0>,43,1,[3 5],44,100,101,56,100
1,<environment.Job instance at 0x7fcdafb7ffa0>,44,2,[6 5],45,102,104,57,100
1,<environment.Job instance at 0x7fcdafb7f460>,45,1,[ 4 10],46,104,105,58,100
1,<environment.Job instance at 0x7fcdafb7f3c0>,46,16,[12  5],47,117,133,70,105
1,<environment.Job instance at 0x7fcdafb7f730>,49,28,[4 8],50,133,161,83,132
1,<environment.Job instance at 0x7fcdb03fec30>,56,2,[4 9],57,161,163,104,141
1,<environment.Job instance at 0x7fcdb03fe730>,57,2,[9 2],58,141,143,83,141
1,<environment.Job instance at 0x7fcdf60b84b0>,64,12,[ 4 13],65,163,175,98,150
1,<environment.Job instance at 0x7fcdf612d050>,68,2,[7 1],69,159,161,90,159
1,<environment.Job instance at 0x7fcdf612db40>,70,2,[ 2 12],71,175,177,104,159
1,<environment.Job instance at 0x7fcdf66c45a0>,71,13,[ 3 11],72,177,190,105,161
1,<environment.Job instance at 0x7fcdb02b6f00>,79,2,[10  4],80,189,191,109,189
1,<environment.Job instance at 0x7fcdf637daf0>,80,18,[2 9],81,190,208,109,189
1,<environment.Job instance at 0x7fcdf5c36730>,76,15,[5 5],77,191,206,114,189
1,<environment.Job instance at 0x7fcdf637df00>,81,2,[10  3],82,206,208,124,189
1,<environment.Job instance at 0x7fcdf637db40>,85,1,[14  5],86,208,209,122,200
1,<environment.Job instance at 0x7fcdf637d550>,86,13,[10  2],87,209,222,122,200
1,<environment.Job instance at 0x7fcdf637dfa0>,87,2,[ 5 12],88,209,211,121,207
1,<environment.Job instance at 0x7fcdfae754b0>,89,20,[7 2],90,222,242,132,213
1,<environment.Job instance at 0x7fcdf5b4d960>,0,1,[13  1],1,1,2,0,1
1,<environment.Job instance at 0x7fcdf5e6cb90>,3,19,[3 9],4,4,23,0,4
1,<environment.Job instance at 0x7fcdb01d80f0>,4,2,[2 7],5,23,25,18,6
1,<environment.Job instance at 0x7fcdf62f6aa0>,12,2,[ 4 10],13,25,27,12,13
1,<environment.Job instance at 0x7fcdf62f6f00>,13,15,[ 3 14],14,27,42,13,14
1,<environment.Job instance at 0x7fcdf6279730>,16,3,[ 3 10],17,42,45,25,19
1,<environment.Job instance at 0x7fcdafbc7e60>,17,18,[1 8],18,45,63,27,34
1,<environment.Job instance at 0x7fcdafbc7230>,18,3,[13  1],19,45,48,26,34
1,<environment.Job instance at 0x7fcdafbc7870>,19,1,[10  2],20,42,43,22,34
1,<environment.Job instance at 0x7fcdafbc7910>,21,3,[10  1],22,34,37,12,34
1,<environment.Job instance at 0x7fcdafbc7be0>,22,1,[1 9],23,63,64,40,35
1,<environment.Job instance at 0x7fcdafbc7460>,25,15,[14  4],26,48,63,22,36
1,<environment.Job instance at 0x7fcdafbc7dc0>,28,27,[6 3],29,63,90,34,61
1,<environment.Job instance at 0x7fcdafbc70f0>,29,27,[3 5],30,64,91,34,62
1,<environment.Job instance at 0x7fcdafb5b550>,35,1,[9 5],36,90,91,54,81
1,<environment.Job instance at 0x7fcdafbc70a0>,36,2,[4 7],37,81,83,44,81
1,<environment.Job instance at 0x7fcdafb5b280>,38,1,[ 2 10],39,91,92,52,84
1,<environment.Job instance at 0x7fcdafb5b5a0>,39,13,[10  2],40,91,104,51,84
1,<environment.Job instance at 0x7fcdafb5b3c0>,40,23,[5 8],41,92,115,51,86
1,<environment.Job instance at 0x7fcdafb5be10>,43,1,[ 4 10],44,115,116,71,101
1,<environment.Job instance at 0x7fcdafb5b190>,44,18,[3 5],45,104,122,59,102
1,<environment.Job instance at 0x7fcdafb5be60>,45,1,[7 2],46,104,105,58,102
1,<environment.Job instance at 0x7fcdf65fc870>,47,12,[ 2 14],48,122,134,74,107
1,<environment.Job instance at 0x7fcdf65fc140>,49,13,[10  2],50,134,147,84,119
1,<environment.Job instance at 0x7fcdf65fc8c0>,53,1,[6 1],54,147,148,93,134
1,<environment.Job instance at 0x7fcdf65fc370>,54,3,[6 2],55,147,150,92,134
1,<environment.Job instance at 0x7fcdf65fcaf0>,55,2,[1 9],56,134,136,78,134
1,<environment.Job instance at 0x7fcdf65fca50>,57,2,[ 1 10],58,141,143,83,141
1,<environment.Job instance at 0x7fcdf65fc910>,58,1,[7 4],59,148,149,89,141
1,<environment.Job instance at 0x7fcdf65fcc80>,59,1,[2 5],60,143,144,83,141
1,<environment.Job instance at 0x7fcdf65fce10>,60,18,[6 1],61,149,167,88,149
1,<environment.Job instance at 0x7fcdf65fcd20>,61,3,[7 4],62,150,153,88,149
1,<environment.Job instance at 0x7fcdf65fc730>,62,16,[1 7],63,149,165,86,149
1,<environment.Job instance at 0x7fcdf65fc550>,65,18,[2 9],66,165,183,99,154
1,<environment.Job instance at 0x7fcdf65fc640>,66,3,[9 5],67,167,170,100,154
1,<environment.Job instance at 0x7fcdf5d8faf0>,68,28,[9 5],69,170,198,101,169
1,<environment.Job instance at 0x7fcdf5d8f6e0>,70,1,[11  1],71,198,199,127,170
1,<environment.Job instance at 0x7fcdf5d8f9b0>,71,1,[10  5],72,199,200,127,171
1,<environment.Job instance at 0x7fcdf5d8fc80>,74,2,[6 2],75,183,185,108,174
1,<environment.Job instance at 0x7fcdf5d8f910>,76,22,[4 9],77,185,207,108,178
1,<environment.Job instance at 0x7fcdf5d8f5f0>,80,1,[2 9],81,207,208,126,179
1,<environment.Job instance at 0x7fcdf5d8f500>,84,3,[6 2],85,200,203,115,188
1,<environment.Job instance at 0x7fcdafb92f00>,86,3,[5 3],87,200,203,113,192
1,<environment.Job instance at 0x7fcdafb92230>,87,1,[ 2 12],88,208,209,120,192
1,<environment.Job instance at 0x7fcdafb92460>,89,3,[ 2 10],90,209,212,119,192
1,<environment.Job instance at 0x7fcdafb92870>,92,15,[9 5],93,211,226,118,211
1,<environment.Job instance at 0x7fcdf59e2870>,2,22,[ 4 11],3,3,25,0,3
1,<environment.Job instance at 0x7fcdf5f6b140>,8,15,[5 4],9,9,24,0,9
1,<environment.Job instance at 0x7fcdf625f410>,13,3,[ 3 14],14,25,28,11,14
1,<environment.Job instance at 0x7fcdafdde5a0>,14,22,[7 4],15,28,50,13,21
1,<environment.Job instance at 0x7fcdafdde140>,18,17,[14  2],19,50,67,31,38
1,<environment.Job instance at 0x7fcdafa88780>,5,2,[5 6],6,41,43,35,41
1,<environment.Job instance at 0x7fcdafe1aa50>,22,14,[11  5],23,70,84,47,70
1,<environment.Job instance at 0x7fcdafae0f00>,28,2,[10  3],29,84,86,55,70
1,<environment.Job instance at 0x7fcdafae0280>,29,18,[1 9],30,70,88,40,70
1,<environment.Job instance at 0x7fcdf669c050>,30,1,[6 3],31,86,87,55,70
1,<environment.Job instance at 0x7fcdf669c230>,31,1,[6 5],32,87,88,55,70
1,<environment.Job instance at 0x7fcdf669cf50>,33,1,[3 8],34,88,89,54,70
1,<environment.Job instance at 0x7fcdf669c5f0>,34,1,[10  1],35,88,89,53,71
1,<environment.Job instance at 0x7fcdf663f370>,37,1,[12  4],38,89,90,51,74
1,<environment.Job instance at 0x7fcdf663f230>,40,1,[10  2],41,90,91,49,88
1,<environment.Job instance at 0x7fcdf5bc2e10>,41,12,[6 4],42,91,103,49,88
1,<environment.Job instance at 0x7fcdf5bc2370>,42,14,[ 2 11],43,89,103,46,88
1,<environment.Job instance at 0x7fcdf5bc2050>,43,2,[2 7],44,103,105,59,88
1,<environment.Job instance at 0x7fcdb0289d70>,44,16,[9 1],45,103,119,58,90
1,<environment.Job instance at 0x7fcdb02890a0>,45,13,[ 3 14],46,105,118,59,90
1,<environment.Job instance at 0x7fcdb0289050>,47,2,[5 6],48,118,120,70,101
1,<environment.Job instance at 0x7fcdb0289af0>,50,2,[4 5],51,119,121,68,119
1,<environment.Job instance at 0x7fcdb0289230>,51,2,[ 1 10],52,120,122,68,119
1,<environment.Job instance at 0x7fcdb04c4d20>,24,16,[9 5],25,121,137,96,121
1,<environment.Job instance at 0x7fcdb000cf50>,20,20,[ 3 10],21,127,147,106,127
1,<environment.Job instance at 0x7fcdb0289280>,56,3,[1 6],57,147,150,90,127
1,<environment.Job instance at 0x7fcdb0288fa0>,58,3,[8 5],59,137,140,78,134
1,<environment.Job instance at 0x7fcdb0288eb0>,59,19,[2 5],60,140,159,80,134
1,<environment.Job instance at 0x7fcdb0288e60>,60,1,[7 5],61,150,151,89,134
1,<environment.Job instance at 0x7fcdb0288cd0>,61,1,[12  1],62,147,148,85,134
1,<environment.Job instance at 0x7fcdb0288f50>,62,2,[7 5],63,151,153,88,134
1,<environment.Job instance at 0x7fcdb02884b0>,63,3,[ 3 12],64,159,162,95,134
1,<environment.Job instance at 0x7fcdb0288370>,64,1,[3 8],65,153,154,88,134
1,<environment.Job instance at 0x7fcdb0288460>,65,2,[4 7],66,154,156,88,135
1,<environment.Job instance at 0x7fcdb02882d0>,69,18,[2 7],70,162,180,92,162
1,<environment.Job instance at 0x7fcdb02aa460>,72,3,[6 3],73,176,179,103,176
1,<environment.Job instance at 0x7fcdb02881e0>,73,23,[5 6],74,179,202,105,176
1,<environment.Job instance at 0x7fcdb02aaa00>,74,2,[8 2],75,179,181,104,176
1,<environment.Job instance at 0x7fcdb02aaa50>,78,3,[7 5],79,183,186,104,183
1,<environment.Job instance at 0x7fcdb02aae60>,80,2,[13  2],81,202,204,121,183
1,<environment.Job instance at 0x7fcdb02aacd0>,81,2,[8 2],82,186,188,104,183
1,<environment.Job instance at 0x7fcdb02aa140>,82,14,[9 2],83,204,218,121,195
1,<environment.Job instance at 0x7fcdb02aa4b0>,83,1,[14  1],84,218,219,134,195
1,<environment.Job instance at 0x7fcdb02aa320>,84,1,[9 2],85,195,196,110,195
1,<environment.Job instance at 0x7fcdb02aaaf0>,85,2,[5 1],86,196,198,110,195
1,<environment.Job instance at 0x7fcdb02aa640>,86,3,[6 3],87,198,201,111,195
1,<environment.Job instance at 0x7fcdb0293f00>,90,1,[4 8],91,212,213,121,212
1,<environment.Job instance at 0x7f0a0c211140>,1,22,[11  3],2,2,24,0,2
1,<environment.Job instance at 0x7f0a0c211320>,2,22,[4 8],3,10,32,7,10
1,<environment.Job instance at 0x7f0a04e01a00>,12,26,[ 1 10],13,32,58,19,29
1,<environment.Job instance at 0x7f0a04e01e10>,17,3,[4 9],18,58,61,40,42
1,<environment.Job instance at 0x7f0a04e01eb0>,18,3,[4 7],19,61,64,42,42
1,<environment.Job instance at 0x7f0a04e01f00>,20,1,[7 5],21,43,44,22,43
1,<environment.Job instance at 0x7f0a04e01af0>,21,1,[6 5],22,44,45,22,43
1,<environment.Job instance at 0x7f0a04e01c30>,22,1,[2 7],23,61,62,38,43
1,<environment.Job instance at 0x7f0a04e03230>,23,27,[1 6],24,62,89,38,60
1,<environment.Job instance at 0x7f0a04e01780>,9,18,[11  5],10,64,82,54,61
1,<environment.Job instance at 0x7f0a04e03410>,26,3,[3 7],27,82,85,55,61
1,<environment.Job instance at 0x7f0a04e038c0>,32,3,[5 1],33,82,85,49,68
1,<environment.Job instance at 0x7f0a04e03a00>,34,24,[1 8],35,85,109,50,80
1,<environment.Job instance at 0x7f0a04e03b40>,36,13,[ 3 14],37,109,122,72,93
1,<environment.Job instance at 0x7f0a04e03c30>,37,2,[2 6],38,93,95,55,93
1,<environment.Job instance at 0x7f0a04e03cd0>,38,2,[ 1 10],39,122,124,83,95
1,<environment.Job instance at 0x7f0a04e03af0>,39,2,[5 6],40,95,97,55,95
1,<environment.Job instance at 0x7f0a04e03d70>,41,1,[5 2],42,97,98,55,95
1,<environment.Job instance at 0x7f0a04e062d0>,42,2,[4 6],43,98,100,55,95
1,<environment.Job instance at 0x7f0a04e06370>,44,3,[5 5],45,102,105,57,102
1,<environment.Job instance at 0x7f0a04e06690>,46,17,[12  2],47,122,139,75,110
1,<environment.Job instance at 0x7f0a04e01230>,4,14,[1 6],5,124,138,119,111
1,<environment.Job instance at 0x7f0a04e06c30>,55,2,[ 3 10],56,138,140,82,133
1,<environment.Job instance at 0x7f0a04e06d70>,57,18,[2 8],58,140,158,82,140
1,<environment.Job instance at 0x7f0a04e06f00>,60,3,[12  3],61,154,157,93,154
1,<environment.Job instance at 0x7f0a04e09410>,61,2,[4 5],62,157,159,95,154
1,<environment.Job instance at 0x7f0a04e094b0>,62,22,[6 4],63,158,180,95,154
1,<environment.Job instance at 0x7f0a04e09780>,64,18,[2 9],65,162,180,97,162
1,<environment.Job instance at 0x7f0a04e09820>,65,20,[2 6],66,180,200,114,171
1,<environment.Job instance at 0x7f0a04e09960>,67,27,[ 1 10],68,200,227,132,198
1,<environment.Job instance at 0x7f0a04e09c80>,69,13,[ 3 12],70,227,240,157,211
1,<environment.Job instance at 0x7f0a04e0b0f0>,78,12,[10  2],79,216,228,137,216
1,<environment.Job instance at 0x7f0a04e0b2d0>,1,1,[3 9],2,2,3,0,2
1,<environment.Job instance at 0x7f0a0c380190>,7,20,[9 2],8,8,28,0,8
1,<environment.Job instance at 0x7f0a0c380dc0>,8,16,[11  2],9,28,44,19,15
1,<environment.Job instance at 0x7f0a0c380a50>,13,15,[ 1 12],14,23,38,9,23
1,<environment.Job instance at 0x7f0a0c386500>,17,1,[ 1 14],18,44,45,26,24
1,<environment.Job instance at 0x7f0a0c386140>,23,3,[1 9],24,38,41,14,36
1,<environment.Job instance at 0x7f09caac7280>,25,1,[9 1],26,50,51,24,50
1,<environment.Job instance at 0x7f0a0c3790f0>,26,1,[6 3],27,50,51,23,50
1,<environment.Job instance at 0x7f0a0c379b40>,27,3,[4 5],28,51,54,23,50
1,<environment.Job instance at 0x7f0a0c379cd0>,29,2,[4 9],30,51,53,21,50
1,<environment.Job instance at 0x7f0a0c379730>,30,3,[13  3],31,54,57,23,50
1,<environment.Job instance at 0x7f0a0c379fa0>,32,3,[3 7],33,63,66,30,63
1,<environment.Job instance at 0x7f0a0c23b4b0>,34,3,[6 4],35,65,68,30,65
1,<environment.Job instance at 0x7f0a0c23b820>,35,13,[ 1 14],36,68,81,32,65
1,<environment.Job instance at 0x7f0a0c23b910>,36,2,[8 1],37,66,68,29,65
1,<environment.Job instance at 0x7f0a0c23ba50>,37,2,[10  2],38,81,83,43,65
1,<environment.Job instance at 0x7f0a0c23b0a0>,38,19,[6 4],39,83,102,44,73
1,<environment.Job instance at 0x7f0a0c23bd20>,44,19,[6 1],45,86,105,41,86
1,<environment.Job instance at 0x7f0a0c23b3c0>,45,16,[ 2 10],46,93,109,47,93
1,<environment.Job instance at 0x7f0a0c23b690>,46,2,[11  5],47,105,107,58,93
1,<environment.Job instance at 0x7f0a0c23be60>,47,21,[ 3 10],48,109,130,61,101
1,<environment.Job instance at 0x7f0a0c23b0f0>,48,3,[14  4],49,130,133,81,104
1,<environment.Job instance at 0x7f0a0c3882d0>,50,1,[5 8],51,133,134,82,105
1,<environment.Job instance at 0x7f0a0c378c30>,54,3,[4 6],55,133,136,78,121
1,<environment.Job instance at 0x7f0a0c378f50>,55,2,[5 2],56,121,123,65,121
1,<environment.Job instance at 0x7f0a0c378640>,56,1,[5 9],57,134,135,77,121
1,<environment.Job instance at 0x7f0a0c23df00>,57,1,[2 9],58,135,136,77,122
1,<environment.Job instance at 0x7f0a0c380b90>,10,16,[2 8],11,136,152,125,123
1,<environment.Job instance at 0x7f0a0c23de60>,61,17,[10  2],62,136,153,74,126
1,<environment.Job instance at 0x7f0a0c3805f0>,15,3,[ 4 13],16,152,155,136,135
1,<environment.Job instance at 0x7f0a0c385b40>,65,1,[6 2],66,153,154,87,135
1,<environment.Job instance at 0x7f0a0c3857d0>,64,12,[3 8],65,155,167,90,143
1,<environment.Job instance at 0x7f0a0c3852d0>,70,13,[10  5],71,155,168,84,148
1,<environment.Job instance at 0x7f0a0c38c500>,71,14,[1 6],72,167,181,95,153
1,<environment.Job instance at 0x7f0a0c38c7d0>,74,3,[9 2],75,168,171,93,157
1,<environment.Job instance at 0x7f0a0c38c780>,76,3,[2 8],77,171,174,94,159
1,<environment.Job instance at 0x7f0a0c38c370>,77,1,[2 8],78,174,175,96,159
1,<environment.Job instance at 0x7f0a0c38ce60>,78,2,[13  1],79,175,177,96,159
1,<environment.Job instance at 0x7f0a0c38c5a0>,80,3,[5 6],81,168,171,87,159
1,<environment.Job instance at 0x7f0a0c38c820>,81,3,[13  5],82,177,180,95,159
1,<environment.Job instance at 0x7f0a0c38c730>,82,2,[ 1 12],83,181,183,98,159
1,<environment.Job instance at 0x7f0a0c3823c0>,85,2,[5 5],86,183,185,97,176
1,<environment.Job instance at 0x7f0a0c382b90>,87,3,[1 5],88,183,186,95,176
1,<environment.Job instance at 0x7f0a0c382d20>,88,1,[10  5],89,180,181,91,176
1,<environment.Job instance at 0x7f0a0c3822d0>,89,1,[ 2 10],90,185,186,95,176
1,<environment.Job instance at 0x7f0a0c385c30>,68,12,[14  4],69,195,207,126,195
1,<environment.Job instance at 0x7f0a0c37ec80>,93,14,[11  3],94,207,221,113,196
1,<environment.Job instance at 0x7f0a0c382f00>,92,1,[ 4 13],93,221,222,128,199
1,<environment.Job instance at 0x7f0a0c37e9b0>,95,1,[3 8],96,207,208,111,201
1,<environment.Job instance at 0x7f0a04e10190>,0,25,[ 3 10],1,1,26,0,1
1,<environment.Job instance at 0x7f09c10a7e60>,5,2,[1 5],6,6,8,0,6
1,<environment.Job instance at 0x7f09c10a7af0>,9,3,[4 7],10,26,29,16,10
1,<environment.Job instance at 0x7f0a0c210b90>,12,1,[5 5],13,13,14,0,13
1,<environment.Job instance at 0x7f09c11770f0>,13,23,[10  1],14,14,37,0,14
1,<environment.Job instance at 0x7f0a04c4b690>,23,2,[7 3],24,37,39,13,27
1,<environment.Job instance at 0x7f09c10c8a50>,21,15,[14  1],22,39,54,17,27
1,<environment.Job instance at 0x7f09c1051050>,26,1,[2 7],27,29,30,2,27
1,<environment.Job instance at 0x7f0a04b6f640>,29,28,[5 3],30,54,82,24,53
1,<environment.Job instance at 0x7f09c1056960>,31,2,[1 5],32,53,55,21,53
1,<environment.Job instance at 0x7f09c525f960>,33,3,[9 5],34,63,66,29,63
1,<environment.Job instance at 0x7f0a05000550>,34,2,[7 4],35,66,68,31,63
1,<environment.Job instance at 0x7f09c11a6a00>,36,1,[7 3],37,68,69,31,63
1,<environment.Job instance at 0x7f09c11a6690>,38,1,[2 7],39,66,67,27,65
1,<environment.Job instance at 0x7f09c11a6d70>,40,15,[8 2],41,69,84,28,69
1,<environment.Job instance at 0x7f0a052a7f50>,41,3,[4 5],42,82,85,40,69
1,<environment.Job instance at 0x7f09c11a6e10>,42,25,[6 3],43,84,109,41,80
1,<environment.Job instance at 0x7f0a052a7e10>,43,2,[5 1],44,84,86,40,80
1,<environment.Job instance at 0x7f09c123c730>,46,2,[5 5],47,86,88,39,83
1,<environment.Job instance at 0x7f09c123ce10>,47,13,[1 9],48,94,107,46,94
1,<environment.Job instance at 0x7f09c123ca50>,52,1,[5 9],53,113,114,60,113
1,<environment.Job instance at 0x7f09c123ceb0>,53,20,[2 6],54,113,133,59,113
1,<environment.Job instance at 0x7f09c123cd70>,55,3,[5 2],56,114,117,58,113
1,<environment.Job instance at 0x7f09c123c2d0>,56,3,[ 5 10],57,133,136,76,113
1,<environment.Job instance at 0x7f09c123c4b0>,57,1,[8 5],58,114,115,56,113
1,<environment.Job instance at 0x7f09c123c460>,58,2,[2 6],59,115,117,56,113
1,<environment.Job instance at 0x7f09c10a7410>,11,15,[8 4],12,117,132,105,114
1,<environment.Job instance at 0x7f09c1187c30>,59,18,[13  1],60,136,154,76,125
1,<environment.Job instance at 0x7f0a04bbf320>,67,1,[9 3],68,154,155,86,140
1,<environment.Job instance at 0x7f0a04bd5b90>,70,24,[2 8],71,155,179,84,155
1,<environment.Job instance at 0x7f09c10589b0>,71,24,[9 1],72,159,183,87,159
1,<environment.Job instance at 0x7f09c10585a0>,72,3,[7 1],73,183,186,110,160
1,<environment.Job instance at 0x7f09c1058f00>,73,24,[10  5],74,186,210,112,181
1,<environment.Job instance at 0x7f09c1187960>,62,3,[ 3 11],63,210,213,147,206
1,<environment.Job instance at 0x7f09c10bbcd0>,74,23,[10  2],75,210,233,135,207
1,<environment.Job instance at 0x7f09c10bba00>,77,1,[4 5],78,209,210,131,209
1,<environment.Job instance at 0x7f09c10bb8c0>,78,1,[2 9],79,215,216,136,215
1,<environment.Job instance at 0x7f0a04c8d320>,5,2,[ 4 11],6,6,8,0,6
1,<environment.Job instance at 0x7f0a0c23cfa0>,8,1,[2 6],9,9,10,0,9
1,<environment.Job instance at 0x7f0a04c88910>,12,19,[8 2],13,13,32,0,13
1,<environment.Job instance at 0x7f0a04e602d0>,13,2,[ 2 14],14,32,34,18,14
1,<environment.Job instance at 0x7f0a0c23cb90>,10,2,[10  2],11,34,36,23,15
1,<environment.Job instance at 0x7f09c13d7730>,7,15,[2 9],8,16,31,8,16
1,<environment.Job instance at 0x7f0a04f12910>,15,3,[2 5],16,34,37,18,17
1,<environment.Job instance at 0x7f0a04eb8730>,16,2,[11  3],17,36,38,19,18
1,<environment.Job instance at 0x7f09c1204910>,17,2,[12  2],18,38,40,20,18
1,<environment.Job instance at 0x7f0a04df9320>,14,17,[ 5 14],15,40,57,25,28
1,<environment.Job instance at 0x7f0a04f140f0>,22,2,[12  5],23,57,59,34,30
1,<environment.Job instance at 0x7f0a04f14dc0>,24,1,[14  4],25,59,60,34,31
1,<environment.Job instance at 0x7f09c15714b0>,26,3,[8 1],27,40,43,13,31
1,<environment.Job instance at 0x7f09c154d9b0>,34,2,[2 5],35,57,59,22,51
1,<environment.Job instance at 0x7f09c154d140>,36,1,[3 8],37,61,62,24,61
1,<environment.Job instance at 0x7f09c154d1e0>,37,3,[10  2],38,61,64,23,61
1,<environment.Job instance at 0x7f09c154d6e0>,38,1,[2 8],39,62,63,23,61
1,<environment.Job instance at 0x7f09c154d640>,39,1,[ 3 10],40,63,64,23,61
1,<environment.Job instance at 0x7f09c154d460>,40,16,[10  2],41,64,80,23,61
1,<environment.Job instance at 0x7f09c154db90>,42,1,[ 5 10],43,64,65,21,64
1,<environment.Job instance at 0x7f09c16d4550>,43,1,[ 5 12],44,65,66,21,64
1,<environment.Job instance at 0x7f09c16d4f50>,44,21,[7 2],45,80,101,35,72
1,<environment.Job instance at 0x7f09c16d4cd0>,46,3,[ 3 10],47,76,79,29,76
1,<environment.Job instance at 0x7f0a04defa50>,20,18,[3 5],21,82,100,61,82
1,<environment.Job instance at 0x7f0a04e8e910>,52,14,[ 1 11],53,100,114,47,90
1,<environment.Job instance at 0x7f0a04e9bbe0>,54,3,[14  4],55,101,104,46,91
1,<environment.Job instance at 0x7f09c1231410>,55,2,[5 5],56,91,93,35,91
1,<environment.Job instance at 0x7f09c1575410>,56,2,[13  4],57,104,106,47,91
1,<environment.Job instance at 0x7f09c12314b0>,57,3,[3 5],58,93,96,35,91
1,<environment.Job instance at 0x7f09c10a8aa0>,59,27,[1 5],60,114,141,54,112
1,<environment.Job instance at 0x7f09c10a8730>,60,1,[5 1],61,112,113,51,112
1,<environment.Job instance at 0x7f09c10a8e60>,61,3,[9 3],62,112,115,50,112
1,<environment.Job instance at 0x7f09c16e0780>,62,3,[ 4 10],63,115,118,52,112
1,<environment.Job instance at 0x7f09c10c1fa0>,64,3,[6 1],65,118,121,53,112
1,<environment.Job instance at 0x7f09c10c1280>,65,14,[ 5 12],66,141,155,75,126
1,<environment.Job instance at 0x7f09c10a5870>,67,19,[14  4],68,155,174,87,145
1,<environment.Job instance at 0x7f0a04ef6370>,72,18,[6 3],73,174,192,101,174
1,<environment.Job instance at 0x7f09c10517d0>,79,27,[9 3],80,181,208,101,181
1,<environment.Job instance at 0x7f09c10a5140>,69,14,[ 5 11],70,196,210,126,196
1,<environment.Job instance at 0x7f09c1051780>,82,24,[ 3 10],83,210,234,127,205
1,<environment.Job instance at 0x7f09c10576e0>,78,3,[ 5 14],79,234,237,155,208
1,<environment.Job instance at 0x7f09c1051b40>,83,1,[3 5],84,210,211,126,209
1,<environment.Job instance at 0x7f0a0c23b460>,7,22,[1 7],8,8,30,0,8
1,<environment.Job instance at 0x7f0a04e10820>,8,2,[5 7],9,11,13,2,11
1,<environment.Job instance at 0x7f09c14533c0>,12,1,[9 3],13,15,16,2,15
1,<environment.Job instance at 0x7f09c1569280>,13,3,[ 3 14],14,30,33,16,15
1,<environment.Job instance at 0x7f09c11d99b0>,15,25,[6 3],16,33,58,17,29
1,<environment.Job instance at 0x7f09c11d9e10>,20,2,[ 5 11],21,33,35,12,33
1,<environment.Job instance at 0x7f09c14257d0>,24,1,[5 7],25,52,53,27,52
1,<environment.Job instance at 0x7f09c1425820>,26,2,[2 9],27,70,72,43,70
1,<environment.Job instance at 0x7f0a078c94b0>,27,3,[7 1],28,70,73,42,70
1,<environment.Job instance at 0x7f09c1693280>,29,27,[ 5 10],30,72,99,42,70
1,<environment.Job instance at 0x7f0a05242820>,30,1,[6 3],31,70,71,39,70
1,<environment.Job instance at 0x7f0a078fc960>,31,22,[ 1 10],32,99,121,67,92
1,<environment.Job instance at 0x7f0a0524bcd0>,33,2,[5 6],34,121,123,87,94
1,<environment.Job instance at 0x7f0a0524c140>,38,20,[6 2],39,96,116,57,96
1,<environment.Job instance at 0x7f0a078d3a50>,41,1,[8 5],42,116,117,74,101
1,<environment.Job instance at 0x7f0a0525e7d0>,43,2,[5 5],44,117,119,73,101
1,<environment.Job instance at 0x7f0a0525e5f0>,44,12,[4 6],45,121,133,76,113
1,<environment.Job instance at 0x7f0a0525ec30>,46,13,[11  1],47,123,136,76,113
1,<environment.Job instance at 0x7f0a0525e4b0>,49,14,[10  1],50,136,150,86,121
1,<environment.Job instance at 0x7f0a0525d820>,52,18,[5 5],53,144,162,91,144
1,<environment.Job instance at 0x7f0a0525d410>,56,3,[8 1],57,152,155,95,152
1,<environment.Job instance at 0x7f0a0525dcd0>,58,21,[5 8],59,155,176,96,152
1,<environment.Job instance at 0x7f0a0525df00>,60,12,[8 1],61,164,176,103,164
1,<environment.Job instance at 0x7f0a0525de60>,61,28,[2 8],62,176,204,114,175
1,<environment.Job instance at 0x7f0a05266500>,66,28,[1 7],67,185,213,118,185
1,<environment.Job instance at 0x7f0a05266be0>,68,1,[5 7],69,204,205,135,191
1,<environment.Job instance at 0x7f0a052668c0>,69,2,[ 4 11],70,213,215,143,191
1,<environment.Job instance at 0x7f0a05266460>,70,3,[4 8],71,205,208,134,191
1,<environment.Job instance at 0x7f0a05266320>,71,1,[10  2],72,208,209,136,191
1,<environment.Job instance at 0x7f0a052666e0>,72,3,[9 1],73,209,212,136,191
1,<environment.Job instance at 0x7f0a0526e3c0>,73,2,[ 4 10],74,215,217,141,191
1,<environment.Job instance at 0x7f0a0526e1e0>,74,3,[11  1],75,212,215,137,191
1,<environment.Job instance at 0x7f0a0526e460>,75,1,[8 2],76,215,216,139,191
1,<environment.Job instance at 0x7f0a0526e140>,76,28,[9 2],77,216,244,139,215
1,<environment.Job instance at 0x7f0a0525a820>,78,1,[6 3],79,217,218,138,215
1,<environment.Job instance at 0x7f0a0525a4b0>,80,3,[9 5],81,244,247,163,218
1,<environment.Job instance at 0x7f0a0525aa00>,83,1,[6 2],84,218,219,134,218
1,<environment.Job instance at 0x7f0a0525a870>,84,2,[4 6],85,219,221,134,218
1,<environment.Job instance at 0x7f09c13d7960>,2,2,[5 8],3,3,5,0,3
1,<environment.Job instance at 0x7f0a051e6b90>,1,19,[10  1],2,3,22,1,3
1,<environment.Job instance at 0x7f0a051e6280>,6,25,[ 5 10],7,7,32,0,7
1,<environment.Job instance at 0x7f0a051d6730>,18,18,[1 9],19,32,50,13,21
1,<environment.Job instance at 0x7f0a051d6780>,26,2,[13  5],27,46,48,19,46
1,<environment.Job instance at 0x7f0a051d60a0>,27,1,[9 5],28,48,49,20,46
1,<environment.Job instance at 0x7f0a051d6140>,30,26,[6 3],31,55,81,24,55
1,<environment.Job instance at 0x7f0a051d6dc0>,33,2,[6 3],34,61,63,27,61
1,<environment.Job instance at 0x7f09c1764fa0>,34,1,[9 4],35,63,64,28,61
1,<environment.Job instance at 0x7f09c1764be0>,35,23,[7 1],36,64,87,28,61
1,<environment.Job instance at 0x7f0a051d6c30>,23,12,[6 2],24,81,93,57,66
1,<environment.Job instance at 0x7f09c17642d0>,43,12,[ 1 14],44,93,105,49,76
1,<environment.Job instance at 0x7f09c1764730>,46,13,[13  3],47,105,118,58,96
1,<environment.Job instance at 0x7f09c1764a50>,48,1,[ 3 14],49,118,119,69,96
1,<environment.Job instance at 0x7f09c1764140>,49,2,[5 6],50,119,121,69,96
1,<environment.Job instance at 0x7f09c1750b90>,50,1,[5 9],51,119,120,68,96
1,<environment.Job instance at 0x7f09c1750820>,51,3,[8 4],52,120,123,68,96
1,<environment.Job instance at 0x7f09c1750dc0>,54,18,[4 7],55,121,139,66,110
1,<environment.Job instance at 0x7f09c17645a0>,41,17,[10  4],42,123,140,81,113
1,<environment.Job instance at 0x7f09c1750c80>,61,14,[ 3 14],62,140,154,78,125
1,<environment.Job instance at 0x7f0a04e562d0>,64,1,[1 9],65,139,140,74,133
1,<environment.Job instance at 0x7f0a04e56050>,65,13,[ 1 12],66,154,167,88,138
1,<environment.Job instance at 0x7f0a04e56140>,66,17,[11  2],67,154,171,87,142
1,<environment.Job instance at 0x7f0a04e56af0>,70,28,[5 6],71,171,199,100,170
1,<environment.Job instance at 0x7f0a051e61e0>,13,16,[6 5],14,171,187,157,171
1,<environment.Job instance at 0x7f0a04e56280>,67,3,[6 4],68,187,190,119,173
1,<environment.Job instance at 0x7f0a04da79b0>,75,23,[5 3],76,190,213,114,184
1,<environment.Job instance at 0x7f0a04da7140>,80,13,[12  5],81,213,226,132,197
1,<environment.Job instance at 0x7f0a04da7cd0>,81,14,[7 1],82,199,213,117,198
1,<environment.Job instance at 0x7f0a04db4fa0>,88,15,[ 3 13],89,226,241,137,212
1,<environment.Job instance at 0x7f09c128b190>,10,2,[5 6],11,11,13,0,11
1,<environment.Job instance at 0x7f0a07ab7a00>,13,18,[ 5 10],14,18,36,4,18
1,<environment.Job instance at 0x7f0a07ab7550>,14,20,[9 5],15,18,38,3,18
1,<environment.Job instance at 0x7f0a0513ec80>,18,2,[8 5],19,41,43,22,41
1,<environment.Job instance at 0x7f0a073e5aa0>,20,2,[2 7],21,48,50,27,48
1,<environment.Job instance at 0x7f0a0514e2d0>,21,1,[10  4],22,48,49,26,48
1,<environment.Job instance at 0x7f0a0514eb90>,22,3,[3 8],23,49,52,26,48
1,<environment.Job instance at 0x7f09c128b280>,8,1,[ 3 12],9,53,54,44,53
1,<environment.Job instance at 0x7f0a050c8230>,7,3,[8 5],8,58,61,50,58
1,<environment.Job instance at 0x7f09c128bfa0>,12,18,[5 1],13,58,76,45,58
1,<environment.Job instance at 0x7f0a073d5410>,25,18,[14  2],26,76,94,50,65
1,<environment.Job instance at 0x7f0a073ccaa0>,28,2,[7 3],29,65,67,36,65
1,<environment.Job instance at 0x7f09c15ed050>,29,1,[5 6],30,67,68,37,65
1,<environment.Job instance at 0x7f09c108a910>,34,13,[5 4],35,94,107,59,88
1,<environment.Job instance at 0x7f09c14bd230>,35,15,[9 1],36,94,109,58,89
1,<environment.Job instance at 0x7f0a079ad370>,24,17,[3 6],25,107,124,82,96
1,<environment.Job instance at 0x7f09c159e960>,40,16,[2 8],41,107,123,66,101
1,<environment.Job instance at 0x7f0a0c236780>,37,25,[9 4],38,123,148,85,119
1,<environment.Job instance at 0x7f09c15916e0>,44,1,[8 1],45,119,120,74,119
1,<environment.Job instance at 0x7f0a04ccbfa0>,41,3,[ 4 12],42,148,151,106,125
1,<environment.Job instance at 0x7f0a079b47d0>,46,16,[14  3],47,151,167,104,138
1,<environment.Job instance at 0x7f0a079b45a0>,50,1,[8 5],51,167,168,116,139
1,<environment.Job instance at 0x7f0a079b40a0>,52,2,[5 7],53,142,144,89,142
1,<environment.Job instance at 0x7f09c153d910>,55,3,[1 6],56,144,147,88,142
1,<environment.Job instance at 0x7f09c153daf0>,56,22,[ 4 10],57,167,189,110,160
1,<environment.Job instance at 0x7f09c153d820>,57,1,[5 7],58,189,190,131,161
1,<environment.Job instance at 0x7f0a079b4a00>,48,14,[5 4],49,168,182,119,161
1,<environment.Job instance at 0x7f09c153de60>,63,13,[1 7],64,189,202,125,174
1,<environment.Job instance at 0x7f09c129f0a0>,64,3,[3 5],65,182,185,117,174
1,<environment.Job instance at 0x7f09c153d960>,65,23,[8 2],66,190,213,124,184
1,<environment.Job instance at 0x7f0a04b6fbe0>,67,1,[8 3],68,185,186,117,185
1,<environment.Job instance at 0x7f0a04b6fd20>,69,2,[3 6],70,190,192,120,187
1,<environment.Job instance at 0x7f09c1401f00>,73,18,[ 2 11],74,202,220,128,197
1,<environment.Job instance at 0x7f09c1401fa0>,74,3,[8 2],75,213,216,138,197
1,<environment.Job instance at 0x7f09c1401460>,75,3,[11  2],76,216,219,140,197
1,<environment.Job instance at 0x7f09c12b9280>,76,3,[8 5],77,220,223,143,199
1,<environment.Job instance at 0x7f09c1651410>,0,13,[11  4],1,2,15,1,2
1,<environment.Job instance at 0x7f09c1406910>,2,3,[10  5],3,15,18,12,3
1,<environment.Job instance at 0x7f09c128bf50>,7,2,[3 7],8,8,10,0,8
1,<environment.Job instance at 0x7f0a07a995a0>,1,12,[ 1 13],2,18,30,16,10
1,<environment.Job instance at 0x7f0a04d6c5f0>,8,12,[10  1],9,18,30,9,13
1,<environment.Job instance at 0x7f0a073c0640>,14,1,[10  4],15,30,31,15,15
1,<environment.Job instance at 0x7f09c107d0f0>,18,17,[1 6],19,30,47,11,28
1,<environment.Job instance at 0x7f0a05297d70>,19,17,[9 2],20,31,48,11,31
1,<environment.Job instance at 0x7f09c107d050>,20,2,[8 1],21,48,50,27,31
1,<environment.Job instance at 0x7f09c107d0a0>,21,1,[9 4],22,50,51,28,31
1,<environment.Job instance at 0x7f09c107d280>,23,2,[1 7],24,33,35,9,33
1,<environment.Job instance at 0x7f09c107d500>,24,2,[1 6],25,35,37,10,33
1,<environment.Job instance at 0x7f09c107d4b0>,25,16,[11  3],26,51,67,25,38
1,<environment.Job instance at 0x7f0a07ab72d0>,9,21,[1 7],10,46,67,36,46
1,<environment.Job instance at 0x7f09c107dbe0>,33,18,[ 2 10],34,67,85,33,56
1,<environment.Job instance at 0x7f09c107dd20>,35,2,[3 7],36,85,87,49,58
1,<environment.Job instance at 0x7f09c107deb0>,36,1,[11  2],37,67,68,30,58
1,<environment.Job instance at 0x7f09c10871e0>,40,1,[4 5],41,73,74,32,73
1,<environment.Job instance at 0x7f09c1087230>,42,1,[6 3],43,74,75,31,73
1,<environment.Job instance at 0x7f09c10875f0>,43,3,[1 6],44,85,88,41,73
1,<environment.Job instance at 0x7f09c10873c0>,44,1,[5 4],45,75,76,30,73
1,<environment.Job instance at 0x7f09c1087730>,45,17,[ 2 10],46,88,105,42,76
1,<environment.Job instance at 0x7f09c10878c0>,46,3,[6 2],47,76,79,29,76
1,<environment.Job instance at 0x7f09c1087820>,47,1,[6 3],48,76,77,28,76
1,<environment.Job instance at 0x7f09c1087a00>,48,19,[7 1],49,77,96,28,76
1,<environment.Job instance at 0x7f09c1087c80>,52,2,[4 5],53,96,98,43,91
1,<environment.Job instance at 0x7f09c1087dc0>,54,12,[7 4],55,98,110,43,94
1,<environment.Job instance at 0x7f09c1087e60>,55,2,[10  5],56,110,112,54,94
1,<environment.Job instance at 0x7f09c1087fa0>,56,1,[2 5],57,105,106,48,94
1,<environment.Job instance at 0x7f09c1087780>,57,14,[11  2],58,112,126,54,97
1,<environment.Job instance at 0x7f09c1087f50>,58,15,[ 3 14],59,126,141,67,112
1,<environment.Job instance at 0x7f09c1055280>,60,27,[7 4],61,141,168,80,139
1,<environment.Job instance at 0x7f09c1055460>,65,2,[ 1 12],66,168,170,102,142
1,<environment.Job instance at 0x7f09c10555a0>,67,18,[6 2],68,147,165,79,147
1,<environment.Job instance at 0x7f09c1055640>,70,25,[ 1 14],71,170,195,99,166
1,<environment.Job instance at 0x7f09c1055cd0>,73,1,[ 4 13],74,195,196,121,175
1,<environment.Job instance at 0x7f09c1055af0>,74,19,[9 1],75,175,194,100,175
1,<environment.Job instance at 0x7f09c1055d20>,75,3,[ 4 11],76,196,199,120,176
1,<environment.Job instance at 0x7f09c1055d70>,76,2,[8 3],77,196,198,119,176
1,<environment.Job instance at 0x7f09c107e140>,77,3,[2 8],78,199,202,121,184
1,<environment.Job instance at 0x7f09c107e3c0>,80,1,[2 6],81,199,200,118,184
1,<environment.Job instance at 0x7f09c107e5a0>,83,13,[3 7],84,205,218,121,205
1,<environment.Job instance at 0x7f09c107e6e0>,85,1,[5 2],86,205,206,119,205
1,<environment.Job instance at 0x7f09c107e780>,86,3,[8 3],87,206,209,119,205
1,<environment.Job instance at 0x7f09c107e8c0>,88,3,[11  1],89,209,212,120,205
1,<environment.Job instance at 0x7f09c107ea00>,89,2,[3 7],90,212,214,122,205
1,<environment.Job instance at 0x7f09c107ea50>,90,2,[9 1],91,212,214,121,205
1,<environment.Job instance at 0x7f09c107eaa0>,91,2,[6 2],92,214,216,122,205
1,<environment.Job instance at 0x7f09c107eb90>,93,2,[2 7],94,216,218,122,210
1,<environment.Job instance at 0x7f09c107ed70>,1,3,[ 3 11],2,2,5,0,2
1,<environment.Job instance at 0x7f0a04d6ce60>,3,3,[1 6],4,5,8,1,4
1,<environment.Job instance at 0x7f09c107eb90>,6,1,[ 3 10],7,8,9,1,7
1,<environment.Job instance at 0x7f0a074e3be0>,10,18,[5 4],11,11,29,0,11
1,<environment.Job instance at 0x7f0a07457370>,16,17,[ 1 13],17,29,46,12,17
1,<environment.Job instance at 0x7f0a074578c0>,17,18,[ 3 12],18,46,64,28,35
1,<environment.Job instance at 0x7f0a04b75c80>,21,2,[11  4],22,64,66,42,37
1,<environment.Job instance at 0x7f0a04b750a0>,22,2,[6 3],23,46,48,23,38
1,<environment.Job instance at 0x7f0a04d857d0>,25,3,[3 9],26,64,67,38,53
1,<environment.Job instance at 0x7f0a04d85140>,27,18,[5 5],28,66,84,38,55
1,<environment.Job instance at 0x7f0a05153410>,28,22,[ 1 13],29,84,106,55,77
1,<environment.Job instance at 0x7f0a0506ed20>,31,3,[2 9],32,78,81,46,78
1,<environment.Job instance at 0x7f0a04d515f0>,7,15,[3 9],8,106,121,98,92
1,<environment.Job instance at 0x7f0a077b5d20>,39,23,[4 9],40,121,144,81,115
1,<environment.Job instance at 0x7f0a04b7c140>,38,2,[11  2],39,122,124,83,122
1,<environment.Job instance at 0x7f0a078fb820>,37,1,[9 1],38,124,125,86,122
1,<environment.Job instance at 0x7f0a0760f050>,44,22,[5 8],45,144,166,99,137
1,<environment.Job instance at 0x7f0a0c107fa0>,43,1,[5 5],44,142,143,98,142
1,<environment.Job instance at 0x7f0a07b2daa0>,49,3,[4 5],50,149,152,99,149
1,<environment.Job instance at 0x7f09c16c1f50>,52,1,[10  2],53,152,153,99,150
1,<environment.Job instance at 0x7f0a07586d20>,53,1,[2 9],54,166,167,112,150
1,<environment.Job instance at 0x7f09c16c1870>,54,1,[10  4],55,153,154,98,150
1,<environment.Job instance at 0x7f09c10e9190>,55,3,[5 7],56,154,157,98,152
1,<environment.Job instance at 0x7f09c10e9f00>,56,1,[1 8],57,167,168,110,152
1,<environment.Job instance at 0x7f09c10e9fa0>,57,3,[4 5],58,157,160,99,152
1,<environment.Job instance at 0x7f09c10e9050>,59,18,[1 9],60,168,186,108,163
1,<environment.Job instance at 0x7f09c10e9e60>,60,2,[ 4 14],61,186,188,125,163
1,<environment.Job instance at 0x7f09c128bb90>,62,2,[1 5],63,164,166,101,164
1,<environment.Job instance at 0x7f0a0776eb90>,65,3,[10  2],66,169,172,103,169
1,<environment.Job instance at 0x7f0a0776ec30>,67,2,[9 1],68,177,179,109,177
1,<environment.Job instance at 0x7f0a075f69b0>,68,2,[ 2 10],69,188,190,119,177
1,<environment.Job instance at 0x7f0a07457a50>,15,3,[14  4],16,179,182,163,179
1,<environment.Job instance at 0x7f09c1647820>,71,14,[ 1 10],72,190,204,118,185
1,<environment.Job instance at 0x7f09c10de230>,72,1,[3 9],73,204,205,131,185
1,<environment.Job instance at 0x7f09c10de190>,73,18,[5 2],74,188,206,114,186
1,<environment.Job instance at 0x7f09c10de280>,75,1,[5 6],76,205,206,129,192
1,<environment.Job instance at 0x7f0a04d274b0>,46,12,[ 1 10],47,206,218,159,196
1,<environment.Job instance at 0x7f0a0c130640>,36,18,[3 9],37,218,236,181,207
1,<environment.Job instance at 0x7f09c10de0f0>,80,1,[4 8],81,236,237,155,208
1,<environment.Job instance at 0x7f09c10de640>,1,2,[6 2],2,2,4,0,2
1,<environment.Job instance at 0x7f0a0c147aa0>,2,22,[5 4],3,3,25,0,3
1,<environment.Job instance at 0x7f09c1623d20>,14,2,[9 5],15,26,28,11,26
1,<environment.Job instance at 0x7f0a07b300f0>,16,17,[ 2 14],17,28,45,11,26
1,<environment.Job instance at 0x7f0a075839b0>,17,26,[10  5],18,45,71,27,42
1,<environment.Job instance at 0x7f0a073f17d0>,24,19,[2 5],25,55,74,30,55
1,<environment.Job instance at 0x7f0a0c13bb90>,27,1,[3 8],28,71,72,43,57
1,<environment.Job instance at 0x7f0a04d8b280>,28,12,[1 9],29,72,84,43,58
1,<environment.Job instance at 0x7f0a075734b0>,29,3,[6 1],30,71,74,41,58
1,<environment.Job instance at 0x7f09c13093c0>,31,2,[7 1],32,74,76,42,58
1,<environment.Job instance at 0x7f0a078acb40>,33,23,[1 7],34,84,107,50,78
1,<environment.Job instance at 0x7f0a04ddb280>,34,22,[1 8],35,84,106,49,78
1,<environment.Job instance at 0x7f0a051beaa0>,36,1,[6 4],37,78,79,41,78
1,<environment.Job instance at 0x7f0a051be780>,37,2,[3 8],38,106,108,68,79
1,<environment.Job instance at 0x7f0a051becd0>,38,13,[14  3],39,108,121,69,92
1,<environment.Job instance at 0x7f0a04e3aaf0>,41,3,[1 8],42,108,111,66,92
1,<environment.Job instance at 0x7f0a04e3a140>,42,26,[1 5],43,111,137,68,108
1,<environment.Job instance at 0x7f0a074e2910>,46,1,[9 3],47,121,122,74,112
1,<environment.Job instance at 0x7f0a074e25f0>,47,12,[9 2],48,122,134,74,113
1,<environment.Job instance at 0x7f09c142b230>,51,12,[8 2],52,134,146,82,125
1,<environment.Job instance at 0x7f09c142b280>,52,22,[5 3],53,125,147,72,125
1,<environment.Job instance at 0x7f09c142b780>,53,1,[8 4],54,146,147,92,125
1,<environment.Job instance at 0x7f09c142bb40>,55,1,[8 5],56,147,148,91,127
1,<environment.Job instance at 0x7f09c1474aa0>,57,24,[2 8],58,137,161,79,132
1,<environment.Job instance at 0x7f0a073c0b90>,8,17,[7 5],9,148,165,139,136
1,<environment.Job instance at 0x7f09c142bd20>,59,13,[14  2],60,165,178,105,149
1,<environment.Job instance at 0x7f09c1474be0>,63,26,[1 8],64,161,187,97,158
1,<environment.Job instance at 0x7f09c17a0d20>,68,2,[5 3],69,178,180,109,163
1,<environment.Job instance at 0x7f09c17a0a00>,69,15,[ 1 14],70,187,202,117,173
1,<environment.Job instance at 0x7f09c17a0550>,70,1,[3 5],71,180,181,109,173
1,<environment.Job instance at 0x7f09c17a0b40>,71,23,[9 4],72,202,225,130,196
1,<environment.Job instance at 0x7f0a04b7d9b0>,75,2,[1 9],76,202,204,126,197
1,<environment.Job instance at 0x7f0a04b7d640>,77,1,[ 1 10],78,204,205,126,197
1,<environment.Job instance at 0x7f0a05293f00>,78,16,[5 1],79,206,222,127,206
1,<environment.Job instance at 0x7f0a074cf4b0>,79,1,[6 4],80,222,223,142,206
1,<environment.Job instance at 0x7f0a051fc500>,84,3,[3 9],85,223,226,138,214
1,<environment.Job instance at 0x7f0a051fc820>,85,2,[10  1],86,225,227,139,214
1,<environment.Job instance at 0x7f09c14f9640>,86,3,[ 1 10],87,214,217,127,214
1,<environment.Job instance at 0x7f09c1309140>,5,22,[5 2],6,8,30,2,8
1,<environment.Job instance at 0x7f09c14b2550>,8,13,[5 7],9,12,25,3,12
1,<environment.Job instance at 0x7f0a076a7e60>,6,1,[11  1],7,30,31,23,13
1,<environment.Job instance at 0x7f0a04eddeb0>,13,2,[14  5],14,31,33,17,16
1,<environment.Job instance at 0x7f0a04edd780>,14,26,[7 1],15,33,59,18,30
1,<environment.Job instance at 0x7f0a04c67f00>,25,16,[2 7],26,33,49,7,31
1,<environment.Job instance at 0x7f0a04c67780>,28,18,[8 3],29,49,67,20,40
1,<environment.Job instance at 0x7f0a04c9f230>,29,15,[6 5],30,59,74,29,47
1,<environment.Job instance at 0x7f0a04c9f4b0>,31,3,[ 4 12],32,74,77,42,48
1,<environment.Job instance at 0x7f0a04c67d70>,27,13,[13  4],28,77,90,49,61
1,<environment.Job instance at 0x7f0a04c9f820>,32,15,[ 2 10],33,77,92,44,64
1,<environment.Job instance at 0x7f0a04c9f910>,36,13,[11  3],37,90,103,53,80
1,<environment.Job instance at 0x7f0a04c9fb40>,38,27,[5 1],39,103,130,64,101
1,<environment.Job instance at 0x7f0a04c9ff00>,44,2,[10  3],45,103,105,58,102
1,<environment.Job instance at 0x7f0a04c69460>,48,27,[1 7],49,105,132,56,104
1,<environment.Job instance at 0x7f09c17a8910>,11,28,[7 5],12,106,134,94,106
1,<environment.Job instance at 0x7f0a04c69780>,56,1,[14  4],57,134,135,77,131
1,<environment.Job instance at 0x7f0a04c69230>,49,16,[12  5],50,135,151,85,131
1,<environment.Job instance at 0x7f0a04c698c0>,58,1,[1 5],59,132,133,73,131
1,<environment.Job instance at 0x7f0a04c695f0>,67,18,[ 5 10],68,169,187,101,169
1,<environment.Job instance at 0x7f0a04c6c0a0>,69,2,[ 3 10],70,187,189,117,169
1,<environment.Job instance at 0x7f0a04c6c370>,71,2,[6 2],72,180,182,108,180
1,<environment.Job instance at 0x7f0a04c6c3c0>,72,12,[10  2],73,182,194,109,180
1,<environment.Job instance at 0x7f0a04c6c320>,73,1,[5 5],74,189,190,115,180
1,<environment.Job instance at 0x7f0a04c6c550>,76,18,[ 2 10],77,194,212,117,194
1,<environment.Job instance at 0x7f0a04c6c690>,78,3,[6 2],79,205,208,126,205
1,<environment.Job instance at 0x7f0a04c6c730>,79,1,[6 1],80,205,206,125,205
1,<environment.Job instance at 0x7f0a0529e870>,10,13,[11  3],11,214,227,203,214
1,<environment.Job instance at 0x7f0a04c9f370>,35,18,[ 2 11],36,216,234,180,216
1,<environment.Job instance at 0x7f0a04c6caa0>,1,22,[2 9],2,2,24,0,2
1,<environment.Job instance at 0x7f09c17a8cd0>,4,1,[9 1],5,5,6,0,5
1,<environment.Job instance at 0x7f0a04c6caf0>,3,3,[ 5 11],4,24,27,20,10
1,<environment.Job instance at 0x7f09c17a83c0>,7,2,[9 2],8,11,13,3,11
1,<environment.Job instance at 0x7f0a05293370>,8,1,[5 5],9,13,14,4,11
1,<environment.Job instance at 0x7f09c1564870>,10,2,[7 1],11,13,15,2,13
1,<environment.Job instance at 0x7f09c1564960>,15,3,[10  1],16,16,19,0,16
1,<environment.Job instance at 0x7f09c1564320>,16,3,[2 5],17,17,20,0,17
1,<environment.Job instance at 0x7f09c15645f0>,18,18,[ 4 12],19,27,45,8,19
1,<environment.Job instance at 0x7f09c1564c30>,22,18,[ 5 10],23,45,63,22,34
1,<environment.Job instance at 0x7f0a0bf91f00>,25,3,[4 8],26,63,66,37,37
1,<environment.Job instance at 0x7f09c1564eb0>,24,26,[10  2],25,38,64,13,38
1,<environment.Job instance at 0x7f0a04df5e60>,32,20,[5 2],33,64,84,31,55
1,<environment.Job instance at 0x7f09c14530a0>,36,1,[5 5],37,64,65,27,55
1,<environment.Job instance at 0x7f0a04df5640>,33,14,[1 8],34,66,80,32,55
1,<environment.Job instance at 0x7f09c14535f0>,37,15,[13  3],38,84,99,46,70
1,<environment.Job instance at 0x7f0a04e58320>,46,20,[4 9],47,99,119,52,90
1,<environment.Job instance at 0x7f0a04e582d0>,49,1,[6 3],50,99,100,49,90
1,<environment.Job instance at 0x7f09c175d280>,51,2,[ 2 13],52,119,121,67,92
1,<environment.Job instance at 0x7f0a04e58b40>,52,1,[5 5],53,100,101,47,92
1,<environment.Job instance at 0x7f0a04e58550>,53,21,[5 7],54,121,142,67,113
1,<environment.Job instance at 0x7f0a052ba550>,58,2,[12  1],59,119,121,60,115
1,<environment.Job instance at 0x7f0a052bad70>,59,27,[ 5 11],60,142,169,82,140
1,<environment.Job instance at 0x7f0a052ba7d0>,63,25,[9 3],64,145,170,81,145
1,<environment.Job instance at 0x7f09c16ecb40>,66,19,[9 4],67,170,189,103,160
1,<environment.Job instance at 0x7f0a052baf50>,62,19,[4 7],63,169,188,106,160
1,<environment.Job instance at 0x7f0a05293910>,11,3,[ 3 11],12,188,191,176,164
1,<environment.Job instance at 0x7f09c16ec7d0>,72,3,[5 1],73,189,192,116,164
1,<environment.Job instance at 0x7f09c16ec820>,68,17,[ 2 12],69,191,208,122,179
1,<environment.Job instance at 0x7f09c14ac4b0>,75,14,[13  2],76,192,206,116,179
1,<environment.Job instance at 0x7f0a07799140>,86,3,[4 5],87,208,211,121,194
1,<environment.Job instance at 0x7f0a07799aa0>,87,12,[ 3 10],88,208,220,120,200
1,<environment.Job instance at 0x7f0a07799960>,88,2,[6 4],89,211,213,122,200
1,<environment.Job instance at 0x7f0a077995a0>,89,19,[2 9],90,220,239,130,210
1,<environment.Job instance at 0x7f0a0744d910>,4,2,[7 3],5,5,7,0,5
1,<environment.Job instance at 0x7f0a07993690>,8,2,[1 6],9,9,11,0,9
1,<environment.Job instance at 0x7f0a07993320>,9,23,[5 5],10,10,33,0,10
1,<environment.Job instance at 0x7f0a04d80140>,15,24,[7 5],16,33,57,17,33
1,<environment.Job instance at 0x7f0a07993410>,12,12,[5 4],13,34,46,21,34
1,<environment.Job instance at 0x7f09c1564640>,6,12,[4 6],7,46,58,39,36
1,<environment.Job instance at 0x7f0a04d80690>,17,3,[ 2 13],18,58,61,40,40
1,<environment.Job instance at 0x7f0a075831e0>,23,3,[5 6],24,61,64,37,43
1,<environment.Job instance at 0x7f0a07583910>,28,3,[10  1],29,57,60,28,54
1,<environment.Job instance at 0x7f0a075837d0>,30,1,[13  2],31,64,65,33,63
1,<environment.Job instance at 0x7f0a07583b90>,20,14,[6 1],21,66,80,45,66
1,<environment.Job instance at 0x7f09c13de780>,33,1,[ 2 13],34,69,70,35,69
1,<environment.Job instance at 0x7f09c13de6e0>,34,2,[ 4 10],35,70,72,35,69
1,<environment.Job instance at 0x7f09c13ded70>,35,19,[8 1],36,72,91,36,69
1,<environment.Job instance at 0x7f0a073d2b40>,36,1,[ 4 11],37,80,81,43,69
1,<environment.Job instance at 0x7f0a073d2aa0>,38,3,[2 6],39,81,84,42,71
1,<environment.Job instance at 0x7f0a073d2a00>,39,2,[10  5],40,91,93,51,71
1,<environment.Job instance at 0x7f0a073d2690>,41,23,[7 5],42,93,116,51,87
1,<environment.Job instance at 0x7f0a07993960>,7,16,[3 5],8,88,104,80,88
1,<environment.Job instance at 0x7f0a073d27d0>,44,1,[7 5],45,104,105,59,89
1,<environment.Job instance at 0x7f0a073d20a0>,42,28,[8 2],43,105,133,62,104
1,<environment.Job instance at 0x7f09c0fd0f50>,55,1,[2 5],56,116,117,60,113
1,<environment.Job instance at 0x7f09c0fd02d0>,57,3,[9 2],58,133,136,75,118
1,<environment.Job instance at 0x7f09c0fd0eb0>,59,3,[5 2],60,119,122,59,119
1,<environment.Job instance at 0x7f09c0fd06e0>,60,2,[2 6],61,119,121,58,119
1,<environment.Job instance at 0x7f09c0fd0910>,61,3,[5 8],62,122,125,60,119
1,<environment.Job instance at 0x7f09c0fd0a00>,62,2,[2 8],63,125,127,62,119
1,<environment.Job instance at 0x7f09c0fd0230>,63,18,[4 9],64,127,145,63,122
1,<environment.Job instance at 0x7f09c0fd0820>,64,26,[7 4],65,136,162,71,133
1,<environment.Job instance at 0x7f09c0fe4eb0>,65,1,[12  3],66,162,163,96,148
1,<environment.Job instance at 0x7f0a074e2640>,73,1,[10  5],74,163,164,89,150
1,<environment.Job instance at 0x7f0a074e2690>,74,17,[10  4],75,164,181,89,164
1,<environment.Job instance at 0x7f0a074e2a00>,76,2,[3 5],77,164,166,87,164
1,<environment.Job instance at 0x7f0a074e2870>,77,1,[5 1],78,166,167,88,164
1,<environment.Job instance at 0x7f0a074e2f00>,78,16,[14  5],79,181,197,102,168
1,<environment.Job instance at 0x7f0a074e21e0>,79,2,[6 3],80,197,199,117,170
1,<environment.Job instance at 0x7f0a07a7b370>,83,1,[7 3],84,197,198,113,170
1,<environment.Job instance at 0x7f0a073d2280>,46,3,[1 8],47,170,173,123,170
1,<environment.Job instance at 0x7f0a07a7bbe0>,86,1,[3 9],87,173,174,86,171
1,<environment.Job instance at 0x7f0a07a7b640>,85,15,[ 2 12],86,198,213,112,184
1,<environment.Job instance at 0x7f0a07a7ba50>,88,3,[9 1],89,199,202,110,184
1,<environment.Job instance at 0x7f09c174e500>,92,12,[10  3],93,202,214,109,187
1,<environment.Job instance at 0x7f09c174e780>,95,1,[5 7],96,213,214,117,194
1,<environment.Job instance at 0x7f09c174e460>,97,18,[7 1],98,214,232,116,203
1,<environment.Job instance at 0x7f0a073d20f0>,2,26,[ 1 10],3,3,29,0,3
1,<environment.Job instance at 0x7f09c1658460>,3,28,[3 5],4,4,32,0,4
1,<environment.Job instance at 0x7f0a0c14e550>,12,1,[9 4],13,29,30,16,13
1,<environment.Job instance at 0x7f09c0e17640>,13,2,[3 6],14,29,31,15,14
1,<environment.Job instance at 0x7f09c0e17aa0>,19,14,[ 1 13],20,32,46,12,22
1,<environment.Job instance at 0x7f09c145b640>,20,21,[5 2],21,30,51,9,22
1,<environment.Job instance at 0x7f09c174e4b0>,6,2,[5 6],7,46,48,39,24
1,<environment.Job instance at 0x7f09c145b0f0>,24,18,[3 8],25,48,66,23,39
1,<environment.Job instance at 0x7f09c14731e0>,25,2,[ 5 10],26,66,68,40,39
1,<environment.Job instance at 0x7f09c147ac30>,27,2,[8 3],28,51,53,23,39
1,<environment.Job instance at 0x7f09c147a870>,32,1,[5 8],33,68,69,35,56
1,<environment.Job instance at 0x7f09c147a690>,33,1,[6 3],34,56,57,22,56
1,<environment.Job instance at 0x7f09c147a1e0>,34,3,[6 1],35,56,59,21,56
1,<environment.Job instance at 0x7f09c147a190>,35,1,[10  4],36,59,60,23,56
1,<environment.Job instance at 0x7f09c17a7370>,36,12,[9 1],37,60,72,23,56
1,<environment.Job instance at 0x7f09c147a0a0>,37,3,[10  1],38,72,75,34,56
1,<environment.Job instance at 0x7f09c14546e0>,39,1,[6 1],40,69,70,29,63
1,<environment.Job instance at 0x7f0a050f0d70>,40,12,[3 8],41,70,82,29,63
1,<environment.Job instance at 0x7f09c17893c0>,41,1,[6 1],42,75,76,33,63
1,<environment.Job instance at 0x7f09c17895f0>,42,2,[ 4 10],43,82,84,39,63
1,<environment.Job instance at 0x7f09c1789870>,43,2,[4 7],44,76,78,32,63
1,<environment.Job instance at 0x7f0a050f2e60>,45,23,[7 4],46,78,101,32,74
1,<environment.Job instance at 0x7f0a0754f0a0>,46,23,[5 6],47,84,107,37,80
1,<environment.Job instance at 0x7f0a050c8280>,48,25,[ 5 10],49,107,132,58,103
1,<environment.Job instance at 0x7f0a0524e500>,51,12,[ 5 11],52,132,144,80,115
1,<environment.Job instance at 0x7f0a05268370>,56,2,[4 6],57,144,146,87,127
1,<environment.Job instance at 0x7f0a077b24b0>,57,26,[ 2 10],58,146,172,88,143
1,<environment.Job instance at 0x7f09c16ab870>,60,13,[6 5],61,147,160,86,147
1,<environment.Job instance at 0x7f0a077eda00>,65,12,[5 1],66,160,172,94,155
1,<environment.Job instance at 0x7f0a077eddc0>,66,1,[5 8],67,172,173,105,155
1,<environment.Job instance at 0x7f0a07922c30>,67,3,[9 3],68,172,175,104,155
1,<environment.Job instance at 0x7f0a07922a00>,68,15,[6 1],69,173,188,104,163
1,<environment.Job instance at 0x7f0a07922410>,70,12,[6 1],71,175,187,104,163
1,<environment.Job instance at 0x7f0a07922d20>,69,1,[8 4],70,164,165,94,164
1,<environment.Job instance at 0x7f0a07922b90>,73,20,[5 2],74,187,207,113,178
1,<environment.Job instance at 0x7f09c10d7d70>,76,1,[6 2],77,188,189,111,178
1,<environment.Job instance at 0x7f0a07922730>,77,2,[ 5 11],78,189,191,111,179
1,<environment.Job instance at 0x7f0a079257d0>,78,12,[12  2],79,207,219,128,190
1,<environment.Job instance at 0x7f0a07922c80>,72,1,[7 2],73,191,192,118,190
1,<environment.Job instance at 0x7f0a07925e10>,82,1,[ 4 10],83,201,202,118,201
1,<environment.Job instance at 0x7f0a07925820>,85,3,[1 7],86,205,208,119,205
1,<environment.Job instance at 0x7f0a07925c80>,87,3,[1 7],88,213,216,125,213
1,<environment.Job instance at 0x7f0a07925230>,89,2,[6 4],90,219,221,129,214
1,<environment.Job instance at 0x7f09c17b4e10>,4,23,[2 9],5,5,28,0,5
1,<environment.Job instance at 0x7f0a07993910>,6,3,[14  4],7,28,31,21,7
1,<environment.Job instance at 0x7f0a04fb7a00>,14,2,[6 1],15,22,24,7,22
1,<environment.Job instance at 0x7f09c13deaf0>,15,3,[7 2],16,22,25,6,22
1,<environment.Job instance at 0x7f09c0ee8050>,16,1,[10  5],17,25,26,8,22
1,<environment.Job instance at 0x7f0a077296e0>,17,3,[10  3],18,31,34,13,22
1,<environment.Job instance at 0x7f0a07729910>,18,26,[2 5],19,31,57,12,28
1,<environment.Job instance at 0x7f0a07729be0>,19,28,[4 8],20,34,62,14,33
1,<environment.Job instance at 0x7f0a0753b690>,20,28,[1 5],21,57,85,36,56
1,<environment.Job instance at 0x7f0a07729230>,21,1,[9 5],22,62,63,40,56
1,<environment.Job instance at 0x7f09c127ff50>,22,3,[5 9],23,63,66,40,56
1,<environment.Job instance at 0x7f09c127ff00>,23,13,[10  1],24,66,79,42,56
1,<environment.Job instance at 0x7f09c1157cd0>,25,1,[4 6],26,66,67,40,56
1,<environment.Job instance at 0x7f0a04d6e730>,26,22,[7 4],27,79,101,52,72
1,<environment.Job instance at 0x7f0a077ed7d0>,2,1,[6 3],3,79,80,76,74
1,<environment.Job instance at 0x7f0a077a1d20>,27,28,[ 1 10],28,85,113,57,84
1,<environment.Job instance at 0x7f09c1638c30>,31,1,[9 3],32,101,102,69,84
1,<environment.Job instance at 0x7f09c1638fa0>,33,1,[5 4],34,84,85,50,84
1,<environment.Job instance at 0x7f09c1508cd0>,35,2,[8 2],36,102,104,66,84
1,<environment.Job instance at 0x7f0a051e1d20>,36,1,[10  4],37,104,105,67,84
1,<environment.Job instance at 0x7f0a051e1280>,39,1,[8 3],40,105,106,65,85
1,<environment.Job instance at 0x7f09c14b62d0>,41,1,[9 1],42,106,107,64,86
1,<environment.Job instance at 0x7f09c14b6b90>,43,3,[9 5],44,107,110,63,93
1,<environment.Job instance at 0x7f09c14b6410>,46,1,[5 1],47,95,96,48,95
1,<environment.Job instance at 0x7f09c14b6730>,47,12,[10  4],48,110,122,62,97
1,<environment.Job instance at 0x7f0a04ebd410>,51,2,[5 2],52,119,121,67,119
1,<environment.Job instance at 0x7f0a07975a50>,56,20,[10  4],57,135,155,78,135
1,<environment.Job instance at 0x7f0a07975e10>,57,2,[10  1],58,155,157,97,135
1,<environment.Job instance at 0x7f0a04ebdc30>,58,1,[2 8],59,135,136,76,135
1,<environment.Job instance at 0x7f09c103b1e0>,59,13,[3 6],60,138,151,78,138
1,<environment.Job instance at 0x7f09c103b2d0>,60,1,[ 2 10],61,151,152,90,138
1,<environment.Job instance at 0x7f09c103b500>,61,3,[3 8],62,152,155,90,138
1,<environment.Job instance at 0x7f0a0c37b280>,62,2,[2 5],63,138,140,75,138
1,<environment.Job instance at 0x7f0a0c37b1e0>,63,2,[1 9],64,155,157,91,138
1,<environment.Job instance at 0x7f0a0c37b0a0>,64,2,[2 7],65,157,159,92,138
1,<environment.Job instance at 0x7f09c1558280>,66,1,[10  4],67,157,158,90,151
1,<environment.Job instance at 0x7f09c1558eb0>,67,2,[7 3],68,158,160,90,151
1,<environment.Job instance at 0x7f09c1760dc0>,68,12,[6 2],69,158,170,89,151
1,<environment.Job instance at 0x7f09c17609b0>,69,2,[5 5],70,160,162,90,151
1,<environment.Job instance at 0x7f09c174ebe0>,71,12,[9 4],72,162,174,90,156
1,<environment.Job instance at 0x7f09c13fd2d0>,73,24,[9 2],74,174,198,100,169
1,<environment.Job instance at 0x7f09c174ecd0>,75,3,[ 4 10],76,170,173,94,169
1,<environment.Job instance at 0x7f0a05235f00>,76,1,[1 6],77,173,174,96,169
1,<environment.Job instance at 0x7f0a05235410>,77,2,[4 6],78,174,176,96,169
1,<environment.Job instance at 0x7f0a05235320>,78,2,[ 2 10],79,176,178,97,169
1,<environment.Job instance at 0x7f0a05235e10>,80,12,[9 2],81,198,210,117,181
1,<environment.Job instance at 0x7f0a04e82690>,81,24,[2 6],82,188,212,106,188
1,<environment.Job instance at 0x7f0a04e82230>,85,3,[1 5],86,195,198,109,195
1,<environment.Job instance at 0x7f0a0740e5f0>,87,3,[3 5],88,198,201,110,198
1,<environment.Job instance at 0x7f0a0740e190>,88,3,[6 4],89,210,213,121,198
1,<environment.Job instance at 0x7f09c1025cd0>,89,16,[ 1 10],90,212,228,122,199
1,<environment.Job instance at 0x7f09c158e410>,92,1,[2 8],93,228,229,135,204
1,<environment.Job instance at 0x7f09c158e9b0>,93,21,[5 4],94,213,234,119,205
1,<environment.Job instance at 0x7f0a079e4910>,3,27,[5 6],4,5,32,1,5
1,<environment.Job instance at 0x7f09c157fe60>,10,3,[7 1],11,11,14,0,11
1,<environment.Job instance at 0x7f09c1508aa0>,7,2,[4 9],8,14,16,6,13
1,<environment.Job instance at 0x7f09c157fe10>,11,12,[10  1],12,16,28,4,13
1,<environment.Job instance at 0x7f09c0eb1370>,6,16,[ 3 11],7,32,48,25,25
1,<environment.Job instance at 0x7f09c157fbe0>,8,25,[11  1],9,32,57,23,28
1,<environment.Job instance at 0x7f09c0e7f190>,20,18,[12  3],21,57,75,36,46
1,<environment.Job instance at 0x7f09c0e7f6e0>,25,27,[4 6],26,75,102,49,73
1,<environment.Job instance at 0x7f09c0e7f5f0>,23,18,[1 8],24,73,91,49,73
1,<environment.Job instance at 0x7f09c0e5c500>,29,17,[7 1],30,77,94,47,77
1,<environment.Job instance at 0x7f09c0e5c5a0>,31,2,[5 3],32,94,96,62,77
1,<environment.Job instance at 0x7f09c0e5c780>,32,1,[5 5],33,94,95,61,77
1,<environment.Job instance at 0x7f09c0e5c370>,34,2,[9 3],35,96,98,61,78
1,<environment.Job instance at 0x7f09c0e5ce60>,38,1,[10  4],39,98,99,59,79
1,<environment.Job instance at 0x7f09c0e5c3c0>,39,13,[4 9],40,99,112,59,88
1,<environment.Job instance at 0x7f09c0e5c730>,40,14,[11  5],41,102,116,61,89
1,<environment.Job instance at 0x7f09c0e5cf50>,44,28,[4 7],45,114,142,69,114
1,<environment.Job instance at 0x7f09c0dde4b0>,46,2,[9 4],47,126,128,79,126
1,<environment.Job instance at 0x7f09c0dde280>,47,3,[7 3],48,128,131,80,126
1,<environment.Job instance at 0x7f09c0dde690>,50,24,[9 4],51,132,156,81,132
1,<environment.Job instance at 0x7f09c157f690>,13,13,[6 5],14,142,155,128,134
1,<environment.Job instance at 0x7f09c0dded20>,53,2,[12  3],54,156,158,102,139
1,<environment.Job instance at 0x7f09c0dde320>,58,16,[7 1],59,158,174,99,152
1,<environment.Job instance at 0x7f09c0dde230>,59,15,[ 4 10],60,161,176,101,161
1,<environment.Job instance at 0x7f09c0ddeaa0>,61,16,[12  1],62,176,192,114,166
1,<environment.Job instance at 0x7f09c0ddee10>,54,14,[3 7],55,176,190,121,166
1,<environment.Job instance at 0x7f09c0de69b0>,65,12,[5 5],66,192,204,126,175
1,<environment.Job instance at 0x7f09c0de67d0>,71,2,[ 3 10],72,190,192,118,181
1,<environment.Job instance at 0x7f09c0de6f00>,72,2,[6 4],73,192,194,119,181
1,<environment.Job instance at 0x7f09c0de6c30>,75,2,[9 3],76,194,196,118,186
1,<environment.Job instance at 0x7f09c0de6a50>,76,16,[2 9],77,196,212,119,188
1,<environment.Job instance at 0x7f09c0de62d0>,77,22,[10  4],78,204,226,126,197
1,<environment.Job instance at 0x7f09c0de6500>,78,21,[7 1],79,226,247,147,218
1,<environment.Job instance at 0x7f09c0d90690>,79,3,[4 7],80,218,221,138,218
1,<environment.Job instance at 0x7f09c0de6d70>,80,1,[7 3],81,226,227,145,218
1,<environment.Job instance at 0x7f09c0d904b0>,81,1,[5 8],82,221,222,139,218
1,<environment.Job instance at 0x7f09c0d90370>,82,21,[5 3],83,227,248,144,219
1,<environment.Job instance at 0x7f09c0de60f0>,67,18,[3 9],68,227,245,159,219
1,<environment.Job instance at 0x7f09c0de6550>,2,2,[5 5],3,3,5,0,3
1,<environment.Job instance at 0x7f09c0dde410>,3,1,[3 5],4,4,5,0,4
1,<environment.Job instance at 0x7f09c174e050>,4,2,[6 5],5,5,7,0,5
1,<environment.Job instance at 0x7f09c0eb1dc0>,5,1,[ 4 10],6,6,7,0,6
1,<environment.Job instance at 0x7f09c0eb1d20>,6,16,[12  5],7,7,23,0,7
1,<environment.Job instance at 0x7f09c0e7f7d0>,1,14,[4 8],2,23,37,21,13
1,<environment.Job instance at 0x7f0a07ac5b40>,13,3,[ 3 10],14,16,19,2,16
1,<environment.Job instance at 0x7f0a0796f910>,23,1,[7 1],24,24,25,0,24
1,<environment.Job instance at 0x7f0a0796ff00>,24,12,[ 4 13],25,37,49,12,25
1,<environment.Job instance at 0x7f0a0796aaa0>,17,2,[9 2],18,25,27,7,25
1,<environment.Job instance at 0x7f0a0794dcd0>,30,2,[ 2 12],31,49,51,18,34
1,<environment.Job instance at 0x7f0a0794d9b0>,31,13,[ 3 11],32,51,64,19,38
1,<environment.Job instance at 0x7f09c0e49aa0>,19,17,[4 6],20,65,82,45,65
1,<environment.Job instance at 0x7f09c11c92d0>,39,2,[10  4],40,69,71,29,69
1,<environment.Job instance at 0x7f0a07978b90>,40,18,[2 9],41,71,89,30,69
1,<environment.Job instance at 0x7f09c11732d0>,41,2,[10  3],42,82,84,40,69
1,<environment.Job instance at 0x7f09c11ef140>,45,1,[14  5],46,89,90,43,74
1,<environment.Job instance at 0x7f0a0510ffa0>,38,12,[3 7],39,90,102,51,75
1,<environment.Job instance at 0x7f0a07960460>,47,2,[ 5 12],48,102,104,54,90
1,<environment.Job instance at 0x7f0a0512f2d0>,50,16,[1 9],51,104,120,53,94
1,<environment.Job instance at 0x7f09c11f1f00>,52,16,[5 3],53,95,111,42,95
1,<environment.Job instance at 0x7f09c11635a0>,51,12,[6 3],52,104,116,52,96
1,<environment.Job instance at 0x7f09c11f15a0>,54,1,[5 9],55,120,121,65,97
1,<environment.Job instance at 0x7f09c1150780>,55,2,[ 2 12],56,121,123,65,101
1,<environment.Job instance at 0x7f09c1163d20>,56,2,[10  2],57,116,118,59,107
1,<environment.Job instance at 0x7f09c1201780>,53,15,[9 4],54,123,138,69,115
1,<environment.Job instance at 0x7f09c1150050>,60,13,[ 2 13],61,138,151,77,122
1,<environment.Job instance at 0x7f09c11616e0>,64,19,[3 7],65,151,170,86,141
1,<environment.Job instance at 0x7f09c1161f00>,62,17,[5 8],63,151,168,88,141
1,<environment.Job instance at 0x7f09c1115780>,70,28,[2 6],71,168,196,97,167
1,<environment.Job instance at 0x7f09c0fd0550>,9,28,[4 8],10,170,198,160,169
1,<environment.Job instance at 0x7f09c1124c80>,77,2,[9 2],78,196,198,118,187
1,<environment.Job instance at 0x7f09c1124460>,78,2,[8 1],79,187,189,108,187
1,<environment.Job instance at 0x7f09c1124730>,79,23,[8 2],80,198,221,118,192
1,<environment.Job instance at 0x7f09c11448c0>,72,2,[ 4 10],73,198,200,125,192
1,<environment.Job instance at 0x7f09c1124aa0>,81,16,[1 7],82,200,216,118,193
1,<environment.Job instance at 0x7f09c1144a50>,76,16,[6 2],77,200,216,123,196
1,<environment.Job instance at 0x7f09c1124f00>,80,1,[13  1],81,221,222,140,205
1,<environment.Job instance at 0x7f0a050f4e60>,3,1,[6 1],4,4,5,0,4
1,<environment.Job instance at 0x7f09c0d90fa0>,4,3,[6 2],5,5,8,0,5
1,<environment.Job instance at 0x7f09c0d9b640>,5,2,[1 9],6,6,8,0,6
1,<environment.Job instance at 0x7f0a07700140>,7,2,[ 1 10],8,8,10,0,8
1,<environment.Job instance at 0x7f0a07462370>,8,1,[7 4],9,9,10,0,9
1,<environment.Job instance at 0x7f0a07462a00>,9,1,[2 5],10,10,11,0,10
1,<environment.Job instance at 0x7f0a078110a0>,15,18,[2 9],16,17,35,1,17
1,<environment.Job instance at 0x7f09c1005550>,18,28,[9 5],19,19,47,0,19
1,<environment.Job instance at 0x7f0a04d6cc80>,11,3,[7 4],12,47,50,35,29
1,<environment.Job instance at 0x7f0a07811b90>,20,1,[11  1],21,50,51,29,33
1,<environment.Job instance at 0x7f09c173faf0>,26,22,[4 9],27,38,60,11,38
1,<environment.Job instance at 0x7f0a073d2fa0>,30,1,[2 9],31,60,61,29,44
1,<environment.Job instance at 0x7f0a0744ba00>,32,18,[7 3],33,51,69,18,45
1,<environment.Job instance at 0x7f0a05331f50>,22,2,[1 8],23,61,63,38,48
1,<environment.Job instance at 0x7f0a0770f190>,41,16,[4 9],42,63,79,21,63
1,<environment.Job instance at 0x7f09c0f8a820>,45,1,[10  4],46,73,74,27,73
1,<environment.Job instance at 0x7f09c0f8ac80>,46,16,[ 5 10],47,80,96,33,80
1,<environment.Job instance at 0x7f0a04d34be0>,48,18,[10  5],49,81,99,32,81
1,<environment.Job instance at 0x7f09c158e6e0>,49,2,[7 1],50,99,101,49,81
1,<environment.Job instance at 0x7f09c10d72d0>,51,23,[9 2],52,101,124,49,95
1,<environment.Job instance at 0x7f0a07462870>,12,16,[1 7],13,98,114,85,98
1,<environment.Job instance at 0x7f0a0770f4b0>,37,1,[ 2 12],38,114,115,76,103
1,<environment.Job instance at 0x7f0a076bb5a0>,62,3,[10  5],63,124,127,61,115
1,<environment.Job instance at 0x7f0a076bb820>,63,12,[12  5],64,127,139,63,115
1,<environment.Job instance at 0x7f0a076bb370>,65,2,[3 6],66,129,131,63,129
1,<environment.Job instance at 0x7f0a04e032d0>,68,2,[4 9],69,139,141,70,139
1,<environment.Job instance at 0x7f09c10d75a0>,54,2,[2 5],55,143,145,88,143
1,<environment.Job instance at 0x7f0a04e03910>,70,18,[3 7],71,146,164,75,146
1,<environment.Job instance at 0x7f0a04e03550>,71,1,[1 8],72,146,147,74,146
1,<environment.Job instance at 0x7f0a0770f460>,39,3,[ 2 10],40,164,167,124,146
1,<environment.Job instance at 0x7f09c0e02a00>,73,13,[8 4],74,153,166,79,153
1,<environment.Job instance at 0x7f0a076a75a0>,60,14,[13  1],61,166,180,105,155
1,<environment.Job instance at 0x7f09c10d7230>,55,25,[ 2 11],56,167,192,111,164
1,<environment.Job instance at 0x7f0a04e037d0>,72,22,[ 4 11],73,192,214,119,192
1,<environment.Job instance at 0x7f0a04e039b0>,69,17,[11  5],70,214,231,144,203
1,<environment.Job instance at 0x7f0a0bf61f00>,83,3,[ 3 14],84,231,234,147,205
1,<environment.Job instance at 0x7f0a0bf61fa0>,1,1,[12  1],2,3,4,1,3
1,<environment.Job instance at 0x7f0a051de0a0>,3,3,[ 3 12],4,8,11,4,8
1,<environment.Job instance at 0x7f0a073ea7d0>,10,16,[ 1 10],11,11,27,0,11
1,<environment.Job instance at 0x7f09c0e49870>,12,3,[6 3],13,13,16,0,13
1,<environment.Job instance at 0x7f09c0e49e10>,13,23,[5 6],14,27,50,13,21
1,<environment.Job instance at 0x7f0a073ea500>,9,18,[2 7],10,27,45,17,22
1,<environment.Job instance at 0x7f09c0e496e0>,18,3,[7 5],19,24,27,5,24
1,<environment.Job instance at 0x7f0a073ea640>,14,2,[8 2],15,27,29,12,24
1,<environment.Job instance at 0x7f09c0e49910>,20,2,[13  2],21,50,52,29,24
1,<environment.Job instance at 0x7f0a051c9370>,24,1,[9 2],25,45,46,20,37
1,<environment.Job instance at 0x7f0a051c9230>,25,2,[5 1],26,37,39,11,37
1,<environment.Job instance at 0x7f0a051c9a50>,26,3,[6 3],27,46,49,19,37
1,<environment.Job instance at 0x7f0a051c9b90>,30,1,[4 8],31,52,53,21,51
1,<environment.Job instance at 0x7f0a051c9aa0>,23,1,[14  1],24,53,54,29,51
1,<environment.Job instance at 0x7f0a051c9d20>,33,1,[5 6],34,52,53,18,51
1,<environment.Job instance at 0x7f0a051c9d70>,34,3,[6 1],35,54,57,19,54
1,<environment.Job instance at 0x7f0a051c94b0>,36,13,[9 1],37,65,78,28,65
1,<environment.Job instance at 0x7f0a051c91e0>,38,2,[ 4 11],39,69,71,30,69
1,<environment.Job instance at 0x7f09c0ef8690>,40,12,[ 1 14],41,78,90,37,78
1,<environment.Job instance at 0x7f09c0ef8640>,41,16,[1 7],42,90,106,48,79
1,<environment.Job instance at 0x7f09c0ef87d0>,42,2,[ 1 14],43,106,108,63,79
1,<environment.Job instance at 0x7f09c0ef8dc0>,43,1,[5 6],44,90,91,46,79
1,<environment.Job instance at 0x7f09c0ef85a0>,44,24,[4 8],45,108,132,63,103
1,<environment.Job instance at 0x7f09c0ef82d0>,46,23,[9 2],47,108,131,61,103
1,<environment.Job instance at 0x7f09c0ef8190>,49,27,[ 5 10],50,132,159,82,130
1,<environment.Job instance at 0x7f09c0ef8a50>,50,28,[8 5],51,131,159,80,130
1,<environment.Job instance at 0x7f09c0e49190>,21,2,[8 2],22,159,161,137,136
1,<environment.Job instance at 0x7f09c0ef86e0>,53,17,[ 5 12],54,159,176,105,147
1,<environment.Job instance at 0x7f09c0ef80a0>,57,2,[2 5],58,176,178,118,149
1,<environment.Job instance at 0x7f0a052a9910>,59,2,[3 7],60,176,178,116,149
1,<environment.Job instance at 0x7f0a052a9f50>,64,2,[3 9],65,178,180,113,163
1,<environment.Job instance at 0x7f0a052a9960>,65,3,[4 8],66,180,183,114,163
1,<environment.Job instance at 0x7f0a052a9730>,66,3,[9 4],67,178,181,111,163
1,<environment.Job instance at 0x7f0a052a95a0>,68,18,[4 7],69,181,199,112,176
1,<environment.Job instance at 0x7f0a052a98c0>,70,21,[9 2],71,183,204,112,178
1,<environment.Job instance at 0x7f0a052a9500>,73,18,[ 4 10],74,199,217,125,193
1,<environment.Job instance at 0x7f0a04cfa780>,76,26,[3 5],77,204,230,127,201
1,<environment.Job instance at 0x7f0a04cfaaf0>,77,24,[9 4],78,217,241,139,212
1,<environment.Job instance at 0x7f0a04cfad70>,78,3,[ 3 10],79,230,233,151,212
1,<environment.Job instance at 0x7f0a04cfa0f0>,82,3,[8 3],83,241,244,158,219
1,<environment.Job instance at 0x7f0a04cfa8c0>,83,2,[8 5],84,244,246,160,219
1,<environment.Job instance at 0x7f0a078ad410>,2,2,[3 9],3,3,5,0,3
1,<environment.Job instance at 0x7f0a073475f0>,5,27,[4 6],6,6,33,0,6
1,<environment.Job instance at 0x7f0a04e01e60>,9,24,[9 1],10,14,38,4,14
1,<environment.Job instance at 0x7f09c1166a50>,16,2,[10  3],17,38,40,21,19
1,<environment.Job instance at 0x7f0a04e74910>,18,1,[ 2 12],19,33,34,14,21
1,<environment.Job instance at 0x7f09c1321960>,21,16,[5 1],22,34,50,12,34
1,<environment.Job instance at 0x7f0a04e74aa0>,22,14,[1 8],23,40,54,17,34
1,<environment.Job instance at 0x7f0a04c9d370>,24,1,[3 6],25,48,49,23,48
1,<environment.Job instance at 0x7f0a04c9d690>,25,1,[5 2],26,49,50,23,48
1,<environment.Job instance at 0x7f0a04c9d820>,26,13,[11  2],27,50,63,23,48
1,<environment.Job instance at 0x7f0a04ca69b0>,28,1,[9 2],29,63,64,34,49
1,<environment.Job instance at 0x7f0a04ca62d0>,30,1,[8 5],31,64,65,33,60
1,<environment.Job instance at 0x7f0a04ca67d0>,31,23,[5 2],32,63,86,31,60
1,<environment.Job instance at 0x7f09c1166b40>,15,14,[5 5],16,65,79,49,60
1,<environment.Job instance at 0x7f0a079e4aa0>,34,2,[5 7],35,65,67,30,60
1,<environment.Job instance at 0x7f09c101ccd0>,35,3,[5 5],36,67,70,31,61
1,<environment.Job instance at 0x7f0a051fb4b0>,36,1,[1 9],37,62,63,25,62
1,<environment.Job instance at 0x7f09c10b8a00>,14,2,[1 7],15,63,65,48,62
1,<environment.Job instance at 0x7f0a04ca6a50>,32,17,[ 5 14],33,86,103,53,74
1,<environment.Job instance at 0x7f0a051fb7d0>,40,1,[5 2],41,78,79,37,78
1,<environment.Job instance at 0x7f0a051f2eb0>,42,2,[4 7],43,81,83,38,81
1,<environment.Job instance at 0x7f0a051fbaf0>,41,3,[ 1 10],42,83,86,41,82
1,<environment.Job instance at 0x7f0a051f2640>,45,3,[ 4 10],46,103,106,57,82
1,<environment.Job instance at 0x7f0a05302460>,47,1,[1 5],48,103,104,55,84
1,<environment.Job instance at 0x7f0a05302780>,48,12,[1 5],49,104,116,55,91
1,<environment.Job instance at 0x7f0a05302820>,51,19,[10  5],52,106,125,54,100
1,<environment.Job instance at 0x7f0a0525c4b0>,57,13,[ 1 10],58,116,129,58,113
1,<environment.Job instance at 0x7f0a0525caa0>,58,2,[1 9],59,129,131,70,113
1,<environment.Job instance at 0x7f0a0525ce10>,59,17,[2 5],60,125,142,65,113
1,<environment.Job instance at 0x7f0a0525c690>,64,1,[3 7],65,131,132,66,130
1,<environment.Job instance at 0x7f0a0525c190>,65,2,[ 5 10],66,132,134,66,130
1,<environment.Job instance at 0x7f0a051fb9b0>,38,18,[ 4 13],39,147,165,108,147
1,<environment.Job instance at 0x7f0a052472d0>,73,1,[10  2],74,160,161,86,160
1,<environment.Job instance at 0x7f0a05247e60>,74,24,[5 9],75,165,189,90,160
1,<environment.Job instance at 0x7f0a05247aa0>,75,18,[1 6],76,165,183,89,164
1,<environment.Job instance at 0x7f0a052477d0>,76,28,[9 5],77,183,211,106,182
1,<environment.Job instance at 0x7f0a05247e10>,69,18,[6 5],70,189,207,119,188
1,<environment.Job instance at 0x7f0a05303f50>,87,1,[8 4],88,211,212,123,205
1,<environment.Job instance at 0x7f0a05303960>,88,2,[4 8],89,207,209,118,205
1,<environment.Job instance at 0x7f3f982b7b90>,1,22,[11  3],2,2,24,0,2
1,<environment.Job instance at 0x7f3f982650f0>,2,22,[4 8],3,3,25,0,3
1,<environment.Job instance at 0x7f3f982b7af0>,7,1,[5 4],8,24,25,16,8
1,<environment.Job instance at 0x7f3f92e55730>,12,26,[ 1 10],13,25,51,12,22
1,<environment.Job instance at 0x7f3f92e55d20>,15,18,[2 8],16,51,69,35,40
1,<environment.Job instance at 0x7f3f92e55e60>,17,3,[4 9],18,69,72,51,43
1,<environment.Job instance at 0x7f3f92e55f00>,18,3,[4 7],19,51,54,32,43
1,<environment.Job instance at 0x7f3f92e558c0>,20,1,[7 5],21,43,44,22,43
1,<environment.Job instance at 0x7f3f92e55a00>,21,1,[6 5],22,44,45,22,43
1,<environment.Job instance at 0x7f3f92e560f0>,22,1,[2 7],23,54,55,31,43
1,<environment.Job instance at 0x7f3f92e563c0>,23,27,[1 6],24,55,82,31,53
1,<environment.Job instance at 0x7f3f92e56460>,24,18,[2 6],25,72,90,47,61
1,<environment.Job instance at 0x7f3f92e56960>,32,3,[5 1],33,73,76,40,73
1,<environment.Job instance at 0x7f3f92e56aa0>,34,24,[1 8],35,82,106,47,77
1,<environment.Job instance at 0x7f3f92e56be0>,36,13,[ 3 14],37,106,119,69,90
1,<environment.Job instance at 0x7f3f92e56c80>,37,2,[2 6],38,90,92,52,90
1,<environment.Job instance at 0x7f3f92e56d20>,38,2,[ 1 10],39,119,121,80,92
1,<environment.Job instance at 0x7f3f92e56dc0>,39,2,[5 6],40,92,94,52,92
1,<environment.Job instance at 0x7f3f92e56e10>,41,1,[5 2],42,97,98,55,97
1,<environment.Job instance at 0x7f3f92e56230>,42,2,[4 6],43,98,100,55,97
1,<environment.Job instance at 0x7f3f92e594b0>,44,3,[5 5],45,102,105,57,102
1,<environment.Job instance at 0x7f3f92e59690>,46,17,[12  2],47,119,136,72,107
1,<environment.Job instance at 0x7f3f92e59910>,50,16,[12  2],51,136,152,85,123
1,<environment.Job instance at 0x7f3f92e59b40>,54,13,[13  1],55,152,165,97,140
1,<environment.Job instance at 0x7f3f92e5d3c0>,60,3,[12  3],61,165,168,104,161
1,<environment.Job instance at 0x7f3f92e5d230>,61,2,[4 5],62,168,170,106,161
1,<environment.Job instance at 0x7f3f92e5d4b0>,62,22,[6 4],63,168,190,105,161
1,<environment.Job instance at 0x7f3f92e5d550>,65,20,[2 6],66,175,195,109,175
1,<environment.Job instance at 0x7f3f92e5d960>,67,27,[ 1 10],68,195,222,127,193
1,<environment.Job instance at 0x7f3f92e5da00>,68,2,[ 3 10],69,222,224,153,195
1,<environment.Job instance at 0x7f3f92e5daa0>,69,13,[ 3 12],70,224,237,154,208
1,<environment.Job instance at 0x7f3f92e5de10>,75,14,[ 4 11],76,237,251,161,226
1,<environment.Job instance at 0x7f3f92e695a0>,2,3,[4 7],3,3,6,0,3
1,<environment.Job instance at 0x7f3f92e696e0>,3,15,[ 1 12],4,6,21,2,4
1,<environment.Job instance at 0x7f3f92e698c0>,5,3,[ 4 13],6,21,24,15,7
1,<environment.Job instance at 0x7f3f92e69870>,7,1,[ 1 14],8,24,25,16,8
1,<environment.Job instance at 0x7f3f92e69b40>,8,1,[4 6],9,25,26,16,9
1,<environment.Job instance at 0x7f3f9828eaa0>,10,2,[3 8],11,25,27,14,11
1,<environment.Job instance at 0x7f3f983daaa0>,16,1,[6 3],17,17,18,0,17
1,<environment.Job instance at 0x7f3f983dae10>,17,3,[4 5],18,26,29,8,20
1,<environment.Job instance at 0x7f3f983da640>,19,2,[4 9],20,27,29,7,20
1,<environment.Job instance at 0x7f3f57e6a230>,20,3,[13  3],21,29,32,8,21
1,<environment.Job instance at 0x7f3f983da6e0>,22,3,[3 7],23,32,35,9,23
1,<environment.Job instance at 0x7f3f983cdb40>,24,3,[6 4],25,32,35,7,25
1,<environment.Job instance at 0x7f3f983cde60>,25,13,[ 1 14],26,35,48,9,26
1,<environment.Job instance at 0x7f3f983cd690>,26,2,[8 1],27,35,37,8,27
1,<environment.Job instance at 0x7f3f983cdfa0>,27,2,[10  2],28,48,50,20,28
1,<environment.Job instance at 0x7f3f983cd9b0>,28,19,[6 4],29,50,69,21,40
1,<environment.Job instance at 0x7f3f983dc140>,32,1,[6 4],33,51,52,18,51
1,<environment.Job instance at 0x7f3f92e69910>,13,3,[1 9],14,52,55,38,51
1,<environment.Job instance at 0x7f3f983ccf50>,34,19,[6 1],35,52,71,17,51
1,<environment.Job instance at 0x7f3f983cca00>,36,2,[11  5],37,71,73,34,54
1,<environment.Job instance at 0x7f3f98291050>,37,21,[ 3 10],38,55,76,17,54
1,<environment.Job instance at 0x7f3f982913c0>,38,3,[14  4],39,76,79,37,57
1,<environment.Job instance at 0x7f3f983d9eb0>,43,2,[7 3],44,73,75,29,67
1,<environment.Job instance at 0x7f3f983d9730>,46,1,[5 9],47,79,80,32,70
1,<environment.Job instance at 0x7f3f983d9c30>,48,21,[9 4],49,79,100,30,71
1,<environment.Job instance at 0x7f3f983ccc30>,35,16,[ 2 10],36,80,96,44,77
1,<environment.Job instance at 0x7f3f983d9a50>,52,3,[10  2],53,100,103,47,84
1,<environment.Job instance at 0x7f3f983e0780>,53,2,[8 3],54,103,105,49,84
1,<environment.Job instance at 0x7f3f983e0230>,57,1,[9 1],58,105,106,47,95
1,<environment.Job instance at 0x7f3f983e0870>,58,12,[14  4],59,106,118,47,95
1,<environment.Job instance at 0x7f3f983d61e0>,64,3,[9 2],65,121,124,56,121
1,<environment.Job instance at 0x7f3f983d63c0>,65,14,[10  2],66,124,138,58,122
1,<environment.Job instance at 0x7f3f983d6280>,67,1,[2 8],68,122,123,54,122
1,<environment.Job instance at 0x7f3f983d6e60>,68,2,[13  1],69,138,140,69,122
1,<environment.Job instance at 0x7f3f983d2a50>,71,3,[13  5],72,140,143,68,123
1,<environment.Job instance at 0x7f3f983d2b40>,72,2,[ 1 12],73,123,125,50,123
1,<environment.Job instance at 0x7f3f983d2eb0>,77,3,[1 5],78,136,139,58,136
1,<environment.Job instance at 0x7f3f982ed550>,78,1,[10  5],79,143,144,64,136
1,<environment.Job instance at 0x7f3f982ed230>,79,1,[ 2 10],80,139,140,59,136
1,<environment.Job instance at 0x7f3f982ed190>,81,18,[2 8],82,142,160,60,142
1,<environment.Job instance at 0x7f3f982ed320>,82,1,[ 4 13],83,160,161,77,142
1,<environment.Job instance at 0x7f3f983df550>,83,14,[11  3],84,161,175,77,148
1,<environment.Job instance at 0x7f3f983dfd70>,85,1,[3 8],86,161,162,75,158
1,<environment.Job instance at 0x7f3f983e07d0>,60,13,[10  5],61,175,188,114,165
1,<environment.Job instance at 0x7f3f983df690>,90,13,[7 4],91,188,201,97,176
1,<environment.Job instance at 0x7f3f92e5de10>,6,17,[1 7],7,178,195,171,178
1,<environment.Job instance at 0x7f3f983cfc30>,93,1,[ 4 10],94,195,196,101,179
1,<environment.Job instance at 0x7f3f983d7eb0>,96,19,[2 7],97,196,215,99,187
1,<environment.Job instance at 0x7f3f983d7050>,97,3,[1 6],98,201,204,103,187
1,<environment.Job instance at 0x7f3f92e617d0>,3,2,[7 3],4,6,8,2,6
1,<environment.Job instance at 0x7f3f92e61d70>,4,15,[10  4],5,8,23,3,6
1,<environment.Job instance at 0x7f3f4d165dc0>,7,3,[6 3],8,23,26,15,8
1,<environment.Job instance at 0x7f3f4d110730>,9,28,[5 3],10,11,39,1,11
1,<environment.Job instance at 0x7f3f4d110a00>,14,2,[7 4],15,26,28,11,15
1,<environment.Job instance at 0x7f3f4d110eb0>,12,18,[8 2],13,28,46,15,18
1,<environment.Job instance at 0x7f3f4d110460>,17,14,[ 1 10],18,28,42,10,21
1,<environment.Job instance at 0x7f3f983d75a0>,1,15,[14  1],2,46,61,44,32
1,<environment.Job instance at 0x7f3f4d1df690>,22,25,[6 3],23,61,86,38,57
1,<environment.Job instance at 0x7f3f4d1022d0>,25,13,[6 4],26,61,74,35,58
1,<environment.Job instance at 0x7f3f4d0fcb90>,27,13,[1 9],28,74,87,46,60
1,<environment.Job instance at 0x7f3f4d0aca50>,30,1,[ 1 10],31,87,88,56,68
1,<environment.Job instance at 0x7f3f930cc2d0>,33,20,[2 6],34,88,108,54,79
1,<environment.Job instance at 0x7f3f4d193aa0>,35,3,[5 2],36,80,83,44,80
1,<environment.Job instance at 0x7f3f4d193be0>,36,3,[ 5 10],37,108,111,71,82
1,<environment.Job instance at 0x7f3f9330f690>,37,1,[8 5],38,86,87,48,82
1,<environment.Job instance at 0x7f3f932fe820>,38,2,[2 6],39,88,90,49,82
1,<environment.Job instance at 0x7f3f4d1d3190>,15,17,[4 6],16,90,107,74,82
1,<environment.Job instance at 0x7f3f4d13e640>,40,12,[9 2],41,87,99,46,85
1,<environment.Job instance at 0x7f3f4d154280>,43,3,[2 5],44,107,110,63,86
1,<environment.Job instance at 0x7f3f9304cfa0>,39,18,[13  1],40,111,129,71,100
1,<environment.Job instance at 0x7f3f4d154c80>,47,1,[9 3],48,100,101,52,100
1,<environment.Job instance at 0x7f3f4d14d910>,51,24,[9 1],52,129,153,77,124
1,<environment.Job instance at 0x7f3f4d0e50f0>,20,15,[8 2],21,153,168,132,146
1,<environment.Job instance at 0x7f3f4d124d20>,42,3,[ 3 11],43,149,152,106,149
1,<environment.Job instance at 0x7f3f4d14da00>,53,24,[10  5],54,168,192,114,163
1,<environment.Job instance at 0x7f3f4d15bf00>,57,1,[4 5],58,163,164,105,163
1,<environment.Job instance at 0x7f3f4d15b230>,58,1,[2 9],59,164,165,105,163
1,<environment.Job instance at 0x7f3f4d158460>,66,1,[2 6],67,182,183,115,182
1,<environment.Job instance at 0x7f3f4d1585a0>,67,15,[ 3 12],68,192,207,124,182
1,<environment.Job instance at 0x7f3f92bc6dc0>,68,2,[5 7],69,183,185,114,183
1,<environment.Job instance at 0x7f3f930ba730>,72,12,[8 1],73,192,204,119,192
1,<environment.Job instance at 0x7f3f4d14e870>,73,1,[1 7],74,207,208,133,192
1,<environment.Job instance at 0x7f3f4d14ec80>,75,3,[9 4],76,207,210,131,198
1,<environment.Job instance at 0x7f3f4d0e0aa0>,78,2,[9 4],79,215,217,136,215
1,<environment.Job instance at 0x7f3f4d0e0eb0>,79,3,[ 2 10],80,215,218,135,215
1,<environment.Job instance at 0x7f3f4d0e0c80>,80,27,[ 5 10],81,218,245,137,216
1,<environment.Job instance at 0x7f3f4d4305a0>,4,2,[2 5],5,5,7,0,5
1,<environment.Job instance at 0x7f3f4d792cd0>,9,1,[ 3 10],10,11,12,1,11
1,<environment.Job instance at 0x7f3f4d792c30>,12,1,[ 5 10],13,13,14,0,13
1,<environment.Job instance at 0x7f3f92f7f3c0>,13,1,[ 5 12],14,14,15,0,14
1,<environment.Job instance at 0x7f3f92eade60>,14,21,[7 2],15,15,36,0,15
1,<environment.Job instance at 0x7f3f4d5fd9b0>,17,2,[10  4],18,36,38,18,22
1,<environment.Job instance at 0x7f3f930074b0>,21,14,[1 5],22,36,50,14,36
1,<environment.Job instance at 0x7f3f92e4d5a0>,22,14,[ 1 11],23,50,64,27,36
1,<environment.Job instance at 0x7f3f92e4d050>,24,3,[14  4],25,38,41,13,37
1,<environment.Job instance at 0x7f3f9300ee10>,25,2,[5 5],26,41,43,15,37
1,<environment.Job instance at 0x7f3f9300efa0>,26,2,[13  4],27,43,45,16,37
1,<environment.Job instance at 0x7f3f92ca2780>,27,3,[3 5],28,45,48,17,37
1,<environment.Job instance at 0x7f3f92bc74b0>,29,27,[1 5],30,64,91,34,62
1,<environment.Job instance at 0x7f3f92e8e9b0>,11,13,[4 5],12,64,77,52,62
1,<environment.Job instance at 0x7f3f4d430640>,6,1,[3 8],7,77,78,70,62
1,<environment.Job instance at 0x7f3f92bc7be0>,32,3,[ 4 10],33,78,81,45,62
1,<environment.Job instance at 0x7f3f4d792e60>,7,3,[10  2],8,62,65,54,62
1,<environment.Job instance at 0x7f3f92fb8c80>,33,3,[8 4],34,90,93,56,90
1,<environment.Job instance at 0x7f3f4d297140>,39,14,[ 5 11],40,92,106,52,92
1,<environment.Job instance at 0x7f3f4d61c5a0>,44,2,[1 8],45,106,108,61,92
1,<environment.Job instance at 0x7f3f4d7375a0>,46,25,[3 8],47,108,133,61,105
1,<environment.Job instance at 0x7f3f983d4dc0>,49,27,[9 3],50,105,132,55,105
1,<environment.Job instance at 0x7f3f4d201f00>,48,3,[ 5 14],49,133,136,84,111
1,<environment.Job instance at 0x7f3f4d0fa690>,58,27,[1 7],59,136,163,77,135
1,<environment.Job instance at 0x7f3f4d613280>,37,19,[14  4],38,140,159,102,140
1,<environment.Job instance at 0x7f3f4d0fa6e0>,62,2,[9 3],63,159,161,96,150
1,<environment.Job instance at 0x7f3f4d0fa230>,65,3,[1 5],66,169,172,103,169
1,<environment.Job instance at 0x7f3f4d1708c0>,66,3,[9 3],67,169,172,102,169
1,<environment.Job instance at 0x7f3f92f0c280>,68,14,[10  3],69,172,186,103,169
1,<environment.Job instance at 0x7f3f92f0c780>,69,1,[10  3],70,186,187,116,169
1,<environment.Job instance at 0x7f3f4d0f9d70>,70,19,[1 5],71,169,188,98,169
1,<environment.Job instance at 0x7f3f4d0f95a0>,71,18,[2 9],72,187,205,115,176
1,<environment.Job instance at 0x7f3f4d0f9730>,74,2,[7 5],75,188,190,113,182
1,<environment.Job instance at 0x7f3f4d0fecd0>,75,2,[14  5],76,205,207,129,182
1,<environment.Job instance at 0x7f3f4d0fc0f0>,80,1,[6 3],81,190,191,109,187
1,<environment.Job instance at 0x7f3f4d0fc730>,82,15,[5 1],83,207,222,124,201
1,<environment.Job instance at 0x7f3f4d0fccd0>,83,18,[5 9],84,207,225,123,201
1,<environment.Job instance at 0x7f3f4d214190>,57,12,[ 2 12],58,225,237,167,209
1,<environment.Job instance at 0x7f3f932ef640>,89,19,[9 1],90,222,241,132,214
1,<environment.Job instance at 0x7f3f92ede910>,1,1,[8 5],2,2,3,0,2
1,<environment.Job instance at 0x7f3f4d5a6460>,3,2,[5 5],4,4,6,0,4
1,<environment.Job instance at 0x7f3f4d46bdc0>,8,12,[ 5 12],9,9,21,0,9
1,<environment.Job instance at 0x7f3f4d0e55a0>,9,14,[10  1],10,10,24,0,10
1,<environment.Job instance at 0x7f3f4d291d20>,13,2,[10  5],14,24,26,10,17
1,<environment.Job instance at 0x7f3f4d291e60>,16,3,[8 1],17,26,29,9,20
1,<environment.Job instance at 0x7f3f4d2915a0>,18,21,[5 8],19,21,42,2,20
1,<environment.Job instance at 0x7f3f4d547870>,21,28,[2 8],22,42,70,20,41
1,<environment.Job instance at 0x7f3f4d5479b0>,25,2,[4 7],26,46,48,20,46
1,<environment.Job instance at 0x7f3f4d547a00>,26,28,[1 7],27,48,76,21,47
1,<environment.Job instance at 0x7f3f4d547c80>,28,1,[5 7],29,70,71,41,51
1,<environment.Job instance at 0x7f3f4d547be0>,29,2,[ 4 11],30,76,78,46,51
1,<environment.Job instance at 0x7f3f4d547dc0>,30,3,[4 8],31,71,74,40,51
1,<environment.Job instance at 0x7f3f4d547d20>,31,1,[10  2],32,74,75,42,51
1,<environment.Job instance at 0x7f3f4d547e10>,32,3,[9 1],33,75,78,42,51
1,<environment.Job instance at 0x7f3f4d547f50>,33,2,[ 4 10],34,78,80,44,51
1,<environment.Job instance at 0x7f3f4d060050>,34,3,[11  1],35,78,81,43,53
1,<environment.Job instance at 0x7f3f4d0600a0>,35,1,[8 2],36,81,82,45,53
1,<environment.Job instance at 0x7f3f4d060190>,36,28,[9 2],37,82,110,45,81
1,<environment.Job instance at 0x7f3f4d060690>,43,1,[6 2],44,84,85,40,84
1,<environment.Job instance at 0x7f3f4d060640>,44,2,[4 6],45,85,87,40,84
1,<environment.Job instance at 0x7f3f4d0605f0>,45,3,[8 5],46,110,113,64,84
1,<environment.Job instance at 0x7f3f4d0608c0>,47,3,[ 1 12],48,87,90,39,85
1,<environment.Job instance at 0x7f3f4d0602d0>,38,1,[6 3],39,90,91,51,87
1,<environment.Job instance at 0x7f3f4d060a50>,48,15,[ 3 11],49,91,106,42,89
1,<environment.Job instance at 0x7f3f4d060f00>,51,1,[10  4],52,113,114,61,90
1,<environment.Job instance at 0x7f3f4d062280>,55,15,[ 2 11],56,113,128,57,103
1,<environment.Job instance at 0x7f3f4d469a50>,6,13,[11  1],7,114,127,107,104
1,<environment.Job instance at 0x7f3f4d062370>,57,1,[9 4],58,127,128,69,105
1,<environment.Job instance at 0x7f3f4d060c30>,49,3,[5 1],50,107,110,57,107
1,<environment.Job instance at 0x7f3f4d062050>,56,23,[7 4],57,128,151,71,122
1,<environment.Job instance at 0x7f3f4d062780>,63,20,[5 4],64,128,148,64,122
1,<environment.Job instance at 0x7f3f4d062500>,59,14,[3 7],60,128,142,68,123
1,<environment.Job instance at 0x7f3f4d062c80>,71,2,[5 1],72,148,150,76,126
1,<environment.Job instance at 0x7f3f4d062dc0>,73,1,[7 2],74,150,151,76,127
1,<environment.Job instance at 0x7f3f4d062be0>,70,16,[14  3],71,151,167,80,138
1,<environment.Job instance at 0x7f3f4d062fa0>,75,20,[4 7],76,167,187,91,158
1,<environment.Job instance at 0x7f3f4d064550>,81,27,[5 1],82,167,194,85,166
1,<environment.Job instance at 0x7f3f4d064690>,82,21,[1 6],83,166,187,83,166
1,<environment.Job instance at 0x7f3f4d064a00>,84,3,[6 1],85,187,190,102,183
1,<environment.Job instance at 0x7f3f4d064af0>,86,25,[8 3],87,195,220,108,195
1,<environment.Job instance at 0x7f3f4d064f00>,89,18,[7 3],90,201,219,111,201
1,<environment.Job instance at 0x7f3f4d064d70>,87,13,[13  1],88,220,233,132,205
1,<environment.Job instance at 0x7f3f9330fb90>,11,14,[ 3 14],12,20,34,8,20
1,<environment.Job instance at 0x7f3f92f89be0>,14,1,[1 9],15,34,35,19,22
1,<environment.Job instance at 0x7f3f92f89dc0>,15,13,[ 1 12],16,35,48,19,22
1,<environment.Job instance at 0x7f3f92f89370>,16,17,[11  2],17,34,51,17,27
1,<environment.Job instance at 0x7f3f930519b0>,20,28,[5 6],21,51,79,30,50
1,<environment.Job instance at 0x7f3f92f895f0>,21,2,[2 6],22,50,52,28,50
1,<environment.Job instance at 0x7f3f93051780>,22,3,[9 1],23,52,55,29,50
1,<environment.Job instance at 0x7f3f930513c0>,23,28,[ 1 11],24,79,107,55,78
1,<environment.Job instance at 0x7f3f9330f820>,8,1,[8 4],9,78,79,69,78
1,<environment.Job instance at 0x7f3f93aedb90>,25,23,[5 3],26,79,102,53,78
1,<environment.Job instance at 0x7f3f92fe3550>,28,1,[6 1],29,82,83,53,82
1,<environment.Job instance at 0x7f3f930ba820>,30,13,[12  5],31,107,120,76,91
1,<environment.Job instance at 0x7f3f930ba2d0>,33,3,[5 8],34,120,123,86,98
1,<environment.Job instance at 0x7f3f930baf50>,38,15,[ 3 13],39,123,138,84,112
1,<environment.Job instance at 0x7f3f930ba5a0>,39,1,[10  3],40,120,121,80,112
1,<environment.Job instance at 0x7f3f930ba230>,40,16,[5 1],41,121,137,80,112
1,<environment.Job instance at 0x7f3f930ba1e0>,43,18,[ 1 10],44,138,156,94,133
1,<environment.Job instance at 0x7f3f930baa00>,44,1,[1 6],45,156,157,111,133
1,<environment.Job instance at 0x7f3f92f315a0>,45,12,[8 1],46,143,155,97,143
1,<environment.Job instance at 0x7f3f92f31910>,46,18,[ 3 13],47,157,175,110,146
1,<environment.Job instance at 0x7f3f92f31f50>,48,3,[7 1],49,155,158,106,146
1,<environment.Job instance at 0x7f3f92f31410>,49,1,[7 3],50,155,156,105,146
1,<environment.Job instance at 0x7f3f92f31550>,51,1,[9 5],52,175,176,123,149
1,<environment.Job instance at 0x7f3f92f31fa0>,52,2,[ 2 10],53,175,177,122,149
1,<environment.Job instance at 0x7f3f92f31aa0>,54,2,[4 6],55,177,179,122,151
1,<environment.Job instance at 0x7f3f92f31a50>,55,2,[10  5],56,176,178,120,151
1,<environment.Job instance at 0x7f3f4d6b6d70>,56,1,[5 7],57,156,157,99,151
1,<environment.Job instance at 0x7f3f4d6b6a50>,57,2,[ 4 14],58,179,181,121,152
1,<environment.Job instance at 0x7f3f4d6b6140>,60,1,[5 4],61,178,179,117,167
1,<environment.Job instance at 0x7f3f4d6b69b0>,62,1,[2 7],63,181,182,118,168
1,<environment.Job instance at 0x7f3f4d6b6460>,63,15,[10  4],64,181,196,117,168
1,<environment.Job instance at 0x7f3f4d42f6e0>,64,2,[ 1 12],65,196,198,131,169
1,<environment.Job instance at 0x7f3f4d42f1e0>,67,2,[6 4],68,198,200,130,183
1,<environment.Job instance at 0x7f3f4d42f320>,70,25,[2 8],71,198,223,127,194
1,<environment.Job instance at 0x7f3f92f896e0>,19,18,[9 5],20,212,230,192,212
1,<environment.Job instance at 0x7f3f4d42fa00>,73,18,[ 4 10],74,225,243,151,225
1,<environment.Job instance at 0x7f3f92fe0f00>,4,3,[3 5],5,5,8,0,5
1,<environment.Job instance at 0x7f3f9336dbe0>,5,23,[8 2],6,6,29,0,6
1,<environment.Job instance at 0x7f3f9397f0f0>,7,1,[8 3],8,29,30,21,8
1,<environment.Job instance at 0x7f3f92f42370>,8,1,[ 1 10],9,9,10,0,9
1,<environment.Job instance at 0x7f3f92da4a50>,15,3,[11  2],16,30,33,14,18
1,<environment.Job instance at 0x7f3f92da48c0>,16,3,[8 5],17,33,36,16,20
1,<environment.Job instance at 0x7f3f939a0dc0>,22,23,[7 1],23,38,61,15,38
1,<environment.Job instance at 0x7f3f4d29e460>,23,2,[2 8],24,38,40,14,38
1,<environment.Job instance at 0x7f3f937816e0>,24,14,[10  1],25,61,75,36,46
1,<environment.Job instance at 0x7f3f4d29ea00>,25,3,[13  2],26,75,78,49,49
1,<environment.Job instance at 0x7f3f93781fa0>,26,1,[9 4],27,78,79,51,50
1,<environment.Job instance at 0x7f3f4d42c8c0>,27,3,[3 8],28,50,53,22,50
1,<environment.Job instance at 0x7f3f92db5f00>,28,1,[13  4],29,79,80,50,51
1,<environment.Job instance at 0x7f3f4d2b45f0>,32,13,[14  4],33,80,93,47,72
1,<environment.Job instance at 0x7f3f93000320>,37,2,[2 9],38,93,95,55,83
1,<environment.Job instance at 0x7f3f93000960>,38,2,[8 3],39,93,95,54,83
1,<environment.Job instance at 0x7f3f4d4a0cd0>,44,18,[1 8],45,117,135,72,117
1,<environment.Job instance at 0x7f3f4d4a0e60>,46,2,[7 2],47,122,124,75,122
1,<environment.Job instance at 0x7f3f4d2b05f0>,48,18,[5 8],49,135,153,86,126
1,<environment.Job instance at 0x7f3f4d2b0140>,49,1,[9 4],50,126,127,76,126
1,<environment.Job instance at 0x7f3f939ef4b0>,36,17,[9 3],37,133,150,96,133
1,<environment.Job instance at 0x7f3f4d2b09b0>,50,20,[9 5],51,150,170,99,141
1,<environment.Job instance at 0x7f3f9330aa50>,56,2,[6 4],57,153,155,96,141
1,<environment.Job instance at 0x7f3f939a05f0>,17,12,[5 4],18,155,167,137,141
1,<environment.Job instance at 0x7f3f9330a460>,64,22,[9 5],65,170,192,105,163
1,<environment.Job instance at 0x7f3f9330af00>,66,13,[3 7],67,167,180,100,167
1,<environment.Job instance at 0x7f3f933ae780>,67,16,[5 8],68,180,196,112,167
1,<environment.Job instance at 0x7f3f9330ac30>,65,3,[ 1 14],66,196,199,130,176
1,<environment.Job instance at 0x7f3f935988c0>,71,12,[ 1 13],72,199,211,127,182
1,<environment.Job instance at 0x7f3f4d37ed70>,77,2,[3 7],78,211,213,133,203
1,<environment.Job instance at 0x7f3f4d3335a0>,78,12,[10  1],79,203,215,124,203
1,<environment.Job instance at 0x7f3f939865a0>,79,21,[1 7],80,211,232,131,203
1,<environment.Job instance at 0x7f3f9330aeb0>,70,13,[11  4],71,215,228,144,204
1,<environment.Job instance at 0x7f3f92f31eb0>,84,1,[10  4],85,228,229,143,208
1,<environment.Job instance at 0x7f3f933d5640>,0,25,[ 1 14],1,1,26,0,1
1,<environment.Job instance at 0x7f3f939a09b0>,3,1,[ 4 13],4,26,27,22,4
1,<environment.Job instance at 0x7f3f4d34e690>,5,3,[ 4 11],6,27,30,21,10
1,<environment.Job instance at 0x7f3f4d49ecd0>,6,2,[8 3],7,27,29,20,11
1,<environment.Job instance at 0x7f3f9336d820>,4,19,[9 1],5,29,48,24,19
1,<environment.Job instance at 0x7f3f9321c550>,15,1,[5 2],16,26,27,10,19
1,<environment.Job instance at 0x7f3f9321c780>,18,3,[11  1],19,48,51,29,29
1,<environment.Job instance at 0x7f3f4d78d780>,21,2,[6 2],22,31,33,9,31
1,<environment.Job instance at 0x7f3f4d78de10>,23,2,[2 7],24,34,36,10,34
1,<environment.Job instance at 0x7f3f4d78daa0>,24,1,[9 2],25,51,52,26,34
1,<environment.Job instance at 0x7f3f4d78d8c0>,25,3,[9 1],26,52,55,26,34
1,<environment.Job instance at 0x7f3f4d78d7d0>,27,22,[6 1],28,51,73,23,44
1,<environment.Job instance at 0x7f3f4d78f0f0>,32,2,[8 2],33,56,58,23,56
1,<environment.Job instance at 0x7f3f4d78f730>,34,1,[ 3 10],35,64,65,29,64
1,<environment.Job instance at 0x7f3f4d78fbe0>,42,19,[8 3],43,94,113,51,94
1,<environment.Job instance at 0x7f3f4d78fd70>,45,1,[7 1],46,109,110,63,109
1,<environment.Job instance at 0x7f3f4d78fc30>,46,23,[5 5],47,110,133,63,109
1,<environment.Job instance at 0x7f3f4d78fe60>,47,1,[2 6],48,110,111,62,109
1,<environment.Job instance at 0x7f3f4d78fcd0>,49,25,[7 3],50,143,168,93,143
1,<environment.Job instance at 0x7f3f4d77c190>,50,1,[12  5],51,168,169,117,166
1,<environment.Job instance at 0x7f3f4d77c8c0>,59,3,[7 1],60,172,175,112,172
1,<environment.Job instance at 0x7f3f4d77c960>,60,2,[8 5],61,172,174,111,172
1,<environment.Job instance at 0x7f3f4d77ca00>,61,3,[ 3 11],62,174,177,112,172
1,<environment.Job instance at 0x7f3f4d77caa0>,62,14,[10  1],63,186,200,123,186
1,<environment.Job instance at 0x7f3f4d77ce10>,66,1,[ 3 10],67,187,188,120,187
1,<environment.Job instance at 0x7f3f4d77cf00>,69,2,[3 7],70,189,191,119,189
1,<environment.Job instance at 0x7f3f4d78f370>,33,2,[8 1],34,203,205,169,203
1,<environment.Job instance at 0x7f3f4d77a230>,72,19,[6 2],73,203,222,130,203
1,<environment.Job instance at 0x7f3f4d77cb40>,63,3,[1 6],64,203,206,139,203
1,<environment.Job instance at 0x7f3f4d77a0a0>,74,1,[1 7],75,205,206,130,203
1,<environment.Job instance at 0x7f3f4d77a410>,75,3,[14  4],76,222,225,146,205
1,<environment.Job instance at 0x7f3f4d77a460>,78,18,[ 4 10],79,225,243,146,216
1,<environment.Job instance at 0x7f3f4d77a870>,81,2,[11  4],82,225,227,143,219
1,<environment.Job instance at 0x7f3f4d77a9b0>,82,2,[6 3],83,220,222,137,220
1,<environment.Job instance at 0x7f3f935dab40>,3,17,[14  2],4,13,30,9,13
1,<environment.Job instance at 0x7f3f92dc0780>,5,20,[10  3],6,30,50,24,21
1,<environment.Job instance at 0x7f3f930c1550>,18,3,[9 2],19,50,53,31,26
1,<environment.Job instance at 0x7f3f4d5e62d0>,16,2,[ 5 12],17,31,33,14,31
1,<environment.Job instance at 0x7f3f930c14b0>,17,23,[6 1],18,50,73,32,44
1,<environment.Job instance at 0x7f3f93216370>,33,3,[3 9],34,66,69,32,66
1,<environment.Job instance at 0x7f3f934e1320>,34,28,[ 5 10],35,69,97,34,68
1,<environment.Job instance at 0x7f3f939afbe0>,22,17,[5 1],23,73,90,50,70
1,<environment.Job instance at 0x7f3f930bccd0>,23,3,[2 6],24,97,100,73,71
1,<environment.Job instance at 0x7f3f92e9e730>,39,1,[10  5],40,90,91,50,90
1,<environment.Job instance at 0x7f3f92e61370>,42,2,[ 2 10],43,100,102,57,96
1,<environment.Job instance at 0x7f3f4d5e61e0>,12,18,[9 2],13,97,115,84,97
1,<environment.Job instance at 0x7f3f4cfbf4b0>,37,27,[2 9],38,104,131,66,104
1,<environment.Job instance at 0x7f3f4d6e5190>,49,3,[6 1],50,115,118,65,108
1,<environment.Job instance at 0x7f3f4d6e5960>,50,12,[2 6],51,118,130,67,115
1,<environment.Job instance at 0x7f3f92c9c870>,46,16,[ 5 12],47,131,147,84,118
1,<environment.Job instance at 0x7f3f4d34ec80>,53,3,[7 2],54,130,133,76,118
1,<environment.Job instance at 0x7f3f9330c2d0>,60,17,[10  1],61,138,155,77,138
1,<environment.Job instance at 0x7f3f932a4a00>,63,16,[1 5],64,147,163,83,146
1,<environment.Job instance at 0x7f3f932a4be0>,64,2,[9 5],65,155,157,90,146
1,<environment.Job instance at 0x7f3f939e2230>,66,17,[ 2 14],67,163,180,96,154
1,<environment.Job instance at 0x7f3f932a4320>,67,26,[10  5],68,180,206,112,177
1,<environment.Job instance at 0x7f3f92c82d20>,38,26,[4 9],39,180,206,141,178
1,<environment.Job instance at 0x7f3f4d5476e0>,77,1,[3 8],78,206,207,128,198
1,<environment.Job instance at 0x7f3f4d547f50>,78,12,[1 9],79,207,219,128,203
1,<environment.Job instance at 0x7f3f4d547f00>,79,3,[6 1],80,206,209,126,203
1,<environment.Job instance at 0x7f3f4d547870>,80,2,[2 6],81,209,211,128,203
1,<environment.Job instance at 0x7f3f4d547e10>,81,2,[7 1],82,207,209,125,203
1,<environment.Job instance at 0x7f3f4d547e60>,82,3,[6 1],83,211,214,128,203
1,<environment.Job instance at 0x7f3f4d547cd0>,83,23,[1 7],84,219,242,135,213
1,<environment.Job instance at 0x7f3f4d5479b0>,84,22,[1 8],85,219,241,134,213
1,<environment.Job instance at 0x7f3f4d616af0>,86,1,[6 4],87,215,216,128,215
1,<environment.Job instance at 0x7f3f4d616730>,87,2,[3 8],88,241,243,153,215
1,<environment.Job instance at 0x7f3f92dc0320>,1,2,[4 9],2,2,4,0,2
1,<environment.Job instance at 0x7f3f4d2ad4b0>,4,12,[10  3],5,5,17,0,5
1,<environment.Job instance at 0x7f3f4d678f00>,5,3,[3 8],6,6,9,0,6
1,<environment.Job instance at 0x7f3f4d73b8c0>,16,2,[ 2 10],17,17,19,0,17
1,<environment.Job instance at 0x7f3f92ee2eb0>,10,14,[1 9],11,19,33,8,19
1,<environment.Job instance at 0x7f3f4d73b640>,17,16,[11  5],18,22,38,4,22
1,<environment.Job instance at 0x7f3f4d71d780>,19,3,[10  4],20,38,41,18,22
1,<environment.Job instance at 0x7f3f932f50f0>,21,3,[13  1],22,41,44,19,25
1,<environment.Job instance at 0x7f3f92e43e60>,15,15,[1 6],16,33,48,17,31
1,<environment.Job instance at 0x7f3f4d39de60>,29,2,[1 9],30,44,46,14,39
1,<environment.Job instance at 0x7f3f4d71d050>,18,13,[3 6],19,46,59,27,43
1,<environment.Job instance at 0x7f3f93521820>,33,16,[9 5],34,48,64,14,45
1,<environment.Job instance at 0x7f3f930ab690>,11,2,[5 4],12,59,61,47,47
1,<environment.Job instance at 0x7f3f4d7447d0>,35,1,[ 3 12],36,64,65,28,52
1,<environment.Job instance at 0x7f3f4d65c960>,40,2,[5 4],41,68,70,27,68
1,<environment.Job instance at 0x7f3f4d4f6af0>,45,22,[5 2],46,87,109,41,87
1,<environment.Job instance at 0x7f3f4d4f6cd0>,46,1,[11  1],47,109,110,62,87
1,<environment.Job instance at 0x7f3f4d4f6aa0>,47,2,[2 6],48,89,91,41,89
1,<environment.Job instance at 0x7f3f4d65c9b0>,38,3,[ 5 12],39,91,94,52,90
1,<environment.Job instance at 0x7f3f4d4f6b90>,51,28,[7 5],52,110,138,58,109
1,<environment.Job instance at 0x7f3f4d49d500>,53,2,[14  5],54,138,140,84,111
1,<environment.Job instance at 0x7f3f4d630eb0>,54,26,[7 1],55,111,137,56,111
1,<environment.Job instance at 0x7f3f4d4f60f0>,50,13,[11  3],51,140,153,89,127
1,<environment.Job instance at 0x7f3f4d29d910>,62,18,[3 6],63,140,158,77,140
1,<environment.Job instance at 0x7f3f4d4f68c0>,55,18,[10  4],56,153,171,97,146
1,<environment.Job instance at 0x7f3f93613690>,67,13,[13  4],68,171,184,103,155
1,<environment.Job instance at 0x7f3f4d74d140>,64,3,[1 6],65,172,175,107,172
1,<environment.Job instance at 0x7f3f936134b0>,70,24,[10  5],71,184,208,113,179
1,<environment.Job instance at 0x7f3f93143050>,75,18,[ 2 11],76,208,226,132,197
1,<environment.Job instance at 0x7f3f931430a0>,76,13,[11  3],77,211,224,134,211
1,<environment.Job instance at 0x7f3f4d663d20>,78,27,[5 1],79,224,251,145,222
1,<environment.Job instance at 0x7f3f4d2ad550>,0,22,[4 6],1,1,23,0,1
1,<environment.Job instance at 0x7f3f4d68fa50>,7,2,[9 5],8,8,10,0,8
1,<environment.Job instance at 0x7f3f4d6ac6e0>,11,2,[5 4],12,12,14,0,12
1,<environment.Job instance at 0x7f3f4d6ac780>,12,17,[ 3 14],13,23,40,10,16
1,<environment.Job instance at 0x7f3f4d6aca00>,16,3,[1 8],17,17,20,0,17
1,<environment.Job instance at 0x7f3f93601e60>,17,3,[6 1],18,18,21,0,18
1,<environment.Job instance at 0x7f3f93601fa0>,18,18,[13  3],19,40,58,21,29
1,<environment.Job instance at 0x7f3f93601d70>,19,1,[ 4 14],20,58,59,38,34
1,<environment.Job instance at 0x7f3f935e0320>,22,16,[14  1],23,59,75,36,46
1,<environment.Job instance at 0x7f3f935e0500>,25,1,[ 5 13],26,75,76,49,47
1,<environment.Job instance at 0x7f3f935e05a0>,26,1,[8 5],27,76,77,49,48
1,<environment.Job instance at 0x7f3f935e00f0>,31,22,[2 9],32,76,98,44,69
1,<environment.Job instance at 0x7f3f935e0690>,32,2,[5 5],33,77,79,44,69
1,<environment.Job instance at 0x7f3f935e08c0>,33,3,[ 5 11],34,98,101,64,72
1,<environment.Job instance at 0x7f3f935e0050>,34,1,[9 1],35,75,76,40,72
1,<environment.Job instance at 0x7f3f935e0d20>,37,2,[9 2],38,79,81,41,72
1,<environment.Job instance at 0x7f3f935e0c80>,38,1,[5 5],39,81,82,42,72
1,<environment.Job instance at 0x7f3f935e00a0>,40,2,[7 1],41,83,85,42,83
1,<environment.Job instance at 0x7f3f935e0fa0>,41,3,[ 3 11],42,101,104,59,83
1,<environment.Job instance at 0x7f3f935e0eb0>,42,1,[ 3 10],43,104,105,61,83
1,<environment.Job instance at 0x7f3f93611050>,44,1,[2 5],45,95,96,50,95
1,<environment.Job instance at 0x7f3f936110a0>,45,3,[10  1],46,95,98,49,95
1,<environment.Job instance at 0x7f3f93611230>,46,3,[2 5],47,104,107,57,95
1,<environment.Job instance at 0x7f3f93611550>,48,18,[ 4 12],49,108,126,59,108
1,<environment.Job instance at 0x7f3f936112d0>,49,2,[1 8],50,126,128,76,108
1,<environment.Job instance at 0x7f3f93611730>,50,12,[10  4],51,126,138,75,109
1,<environment.Job instance at 0x7f3f93611d70>,57,12,[6 2],58,138,150,80,133
1,<environment.Job instance at 0x7f3f93611e10>,58,3,[2 8],59,133,136,74,133
1,<environment.Job instance at 0x7f3f93611eb0>,59,2,[4 5],60,136,138,76,133
1,<environment.Job instance at 0x7f3f93611f50>,60,1,[7 1],61,138,139,77,133
1,<environment.Job instance at 0x7f3f93611f00>,61,2,[2 6],62,138,140,76,133
1,<environment.Job instance at 0x7f3f93611af0>,62,20,[5 2],63,139,159,76,133
1,<environment.Job instance at 0x7f3f93605370>,66,1,[5 5],67,150,151,83,139
1,<environment.Job instance at 0x7f3f4d6acbe0>,15,16,[ 4 12],16,151,167,135,142
1,<environment.Job instance at 0x7f3f93605410>,67,15,[13  3],68,167,182,99,154
1,<environment.Job instance at 0x7f3f93605c30>,76,20,[4 9],77,182,202,105,173
1,<environment.Job instance at 0x7f3f93605d70>,78,12,[1 6],79,175,187,96,175
1,<environment.Job instance at 0x7f3f93605f50>,81,2,[ 2 13],82,202,204,120,184
1,<environment.Job instance at 0x7f3f936058c0>,83,21,[5 7],84,204,225,120,196
1,<environment.Job instance at 0x7f3f935df460>,90,13,[10  1],91,212,225,121,212
1,<environment.Job instance at 0x7f3f935df5f0>,1,17,[13  5],2,5,22,3,5
1,<environment.Job instance at 0x7f3f4d01a7d0>,10,1,[1 7],11,11,12,0,11
1,<environment.Job instance at 0x7f3f4d01a280>,12,2,[1 9],13,13,15,0,13
1,<environment.Job instance at 0x7f3f92e40a00>,16,1,[6 3],17,22,23,5,17
1,<environment.Job instance at 0x7f3f4d47fe10>,24,2,[7 3],25,27,29,2,27
1,<environment.Job instance at 0x7f3f4d47f410>,28,2,[1 6],29,47,49,18,47
1,<environment.Job instance at 0x7f3f4d47f640>,29,23,[5 5],30,47,70,17,47
1,<environment.Job instance at 0x7f3f93613b90>,33,13,[10  3],34,61,74,27,61
1,<environment.Job instance at 0x7f3f93613a00>,35,24,[7 5],36,74,98,38,69
1,<environment.Job instance at 0x7f3f936132d0>,37,3,[ 2 13],38,98,101,60,79
1,<environment.Job instance at 0x7f3f93613460>,38,2,[5 5],39,79,81,40,79
1,<environment.Job instance at 0x7f3f93613d70>,39,3,[5 2],40,81,84,41,79
1,<environment.Job instance at 0x7f3f93613550>,41,2,[4 8],42,84,86,42,79
1,<environment.Job instance at 0x7f3f936130a0>,43,3,[5 6],44,86,89,42,83
1,<environment.Job instance at 0x7f3f93613230>,44,3,[9 3],45,101,104,56,83
1,<environment.Job instance at 0x7f3f93613c80>,45,2,[7 1],46,89,91,43,83
1,<environment.Job instance at 0x7f3f93613b40>,46,13,[ 1 10],47,101,114,54,87
1,<environment.Job instance at 0x7f3f936135a0>,48,3,[10  1],49,98,101,49,91
1,<environment.Job instance at 0x7f3f936695a0>,50,1,[13  2],51,104,105,53,93
1,<environment.Job instance at 0x7f3f936697d0>,51,15,[3 9],52,114,129,62,106
1,<environment.Job instance at 0x7f3f936698c0>,53,1,[ 2 13],54,129,130,75,109
1,<environment.Job instance at 0x7f3f93669e60>,54,2,[ 4 10],55,130,132,75,109
1,<environment.Job instance at 0x7f3f936695f0>,55,19,[8 1],56,109,128,53,109
1,<environment.Job instance at 0x7f3f93669a00>,56,1,[ 4 11],57,132,133,75,109
1,<environment.Job instance at 0x7f3f936691e0>,59,2,[10  5],60,130,132,70,113
1,<environment.Job instance at 0x7f3f936699b0>,61,23,[7 5],62,133,156,71,127
1,<environment.Job instance at 0x7f3f4d1df140>,63,22,[5 4],64,132,154,68,127
1,<environment.Job instance at 0x7f3f4d1dfb90>,67,1,[3 5],68,133,134,65,132
1,<environment.Job instance at 0x7f3f935df460>,2,18,[6 4],3,154,172,151,148
1,<environment.Job instance at 0x7f3f7c5f3b40>,72,3,[6 2],73,156,159,83,154
1,<environment.Job instance at 0x7f3f4d1df9b0>,74,2,[1 7],75,156,158,81,154
1,<environment.Job instance at 0x7f3f4d1df280>,75,1,[2 5],76,155,156,79,155
1,<environment.Job instance at 0x7f3f4d65bf50>,78,1,[1 6],79,158,159,79,158
1,<environment.Job instance at 0x7f3f93464b90>,79,3,[5 2],80,159,162,79,158
1,<environment.Job instance at 0x7f3f93464eb0>,80,2,[2 6],81,159,161,78,158
1,<environment.Job instance at 0x7f3f92d4cf00>,81,3,[5 8],82,162,165,80,158
1,<environment.Job instance at 0x7f3f92d4c9b0>,82,2,[2 8],83,165,167,82,158
1,<environment.Job instance at 0x7f3f930e0fa0>,84,26,[7 4],85,167,193,82,164
1,<environment.Job instance at 0x7f3f4d1dff00>,76,16,[3 6],77,172,188,95,166
1,<environment.Job instance at 0x7f3f930e0cd0>,86,2,[5 5],87,172,174,85,166
1,<environment.Job instance at 0x7f3f930e0910>,87,2,[9 3],88,193,195,105,166
1,<environment.Job instance at 0x7f3f930e0690>,85,1,[12  3],86,195,196,109,168
1,<environment.Job instance at 0x7f3f92ceefa0>,93,1,[10  5],94,196,197,102,179
1,<environment.Job instance at 0x7f3f92cee5f0>,92,3,[9 3],93,197,200,104,179
1,<environment.Job instance at 0x7f3f930e0be0>,88,16,[1 8],89,188,204,99,179
1,<environment.Job instance at 0x7f3f92ceedc0>,95,3,[5 6],96,200,203,104,180
1,<environment.Job instance at 0x7f3f92ceef00>,97,1,[5 1],98,180,181,82,180
1,<environment.Job instance at 0x7f3f92cee820>,102,14,[ 2 12],103,204,218,101,193
1,<environment.Job instance at 0x7f3f92cee8c0>,103,1,[7 3],104,203,204,99,193
1,<environment.Job instance at 0x7f3f98160b40>,0,26,[5 7],1,1,27,0,1
1,<environment.Job instance at 0x7f3f93909aa0>,4,20,[5 9],5,27,47,22,18
1,<environment.Job instance at 0x7f3f939da4b0>,9,27,[5 9],10,47,74,37,45
1,<environment.Job instance at 0x7f3f938fc550>,6,1,[7 3],7,45,46,38,45
1,<environment.Job instance at 0x7f3f939da6e0>,12,26,[ 1 10],13,74,100,61,71
1,<environment.Job instance at 0x7f3f939da780>,13,28,[3 5],14,71,99,57,71
1,<environment.Job instance at 0x7f3f92d7ee60>,16,2,[5 6],17,100,102,83,73
1,<environment.Job instance at 0x7f3f92d7e5f0>,18,1,[9 2],19,99,100,80,73
1,<environment.Job instance at 0x7f3f4d3c7190>,20,20,[5 8],21,100,120,79,91
1,<environment.Job instance at 0x7f3f4d3c7960>,21,2,[10  5],22,102,104,80,91
1,<environment.Job instance at 0x7f3f4d3c75a0>,22,1,[9 4],23,104,105,81,91
1,<environment.Job instance at 0x7f3f4d3c72d0>,23,2,[3 6],24,105,107,81,91
1,<environment.Job instance at 0x7f3f4d3c7460>,24,1,[1 7],25,107,108,82,91
1,<environment.Job instance at 0x7f3f4d3c7370>,29,14,[ 1 13],30,120,134,90,105
1,<environment.Job instance at 0x7f3f97ff2f00>,30,21,[5 2],31,108,129,77,105
1,<environment.Job instance at 0x7f3f97ff2aa0>,32,16,[11  5],33,134,150,101,122
1,<environment.Job instance at 0x7f3f97ff2c80>,35,2,[ 5 10],36,150,152,114,123
1,<environment.Job instance at 0x7f3f97ff20f0>,33,2,[9 4],34,150,152,116,129
1,<environment.Job instance at 0x7f3f92d96320>,39,3,[ 4 10],40,134,137,94,130
1,<environment.Job instance at 0x7f3f92d96960>,44,3,[6 1],45,152,155,107,142
1,<environment.Job instance at 0x7f3f92d967d0>,46,12,[9 1],47,152,164,105,147
1,<environment.Job instance at 0x7f3f92d969b0>,49,1,[6 1],50,161,162,111,161
1,<environment.Job instance at 0x7f3f92d96d20>,52,2,[ 4 10],53,162,164,109,162
1,<environment.Job instance at 0x7f3f92d96910>,53,2,[4 7],54,164,166,110,162
1,<environment.Job instance at 0x7f3f92d5fcd0>,55,23,[7 4],56,169,192,113,169
1,<environment.Job instance at 0x7f3f92d5fa00>,56,23,[5 6],57,169,192,112,169
1,<environment.Job instance at 0x7f3f4d34c5a0>,61,12,[ 5 11],62,192,204,130,190
1,<environment.Job instance at 0x7f3f4d34cdc0>,64,1,[9 2],65,199,200,134,199
1,<environment.Job instance at 0x7f3f939dd730>,5,3,[6 1],6,205,208,199,205
1,<environment.Job instance at 0x7f3f939da280>,7,15,[1 7],8,205,220,197,205
1,<environment.Job instance at 0x7f3f4d34ce10>,60,17,[6 4],61,209,226,148,209
1,<environment.Job instance at 0x7f3f4d4a19b0>,72,2,[5 1],73,227,229,154,227
1,<environment.Job instance at 0x7f3f934107d0>,2,1,[6 3],3,3,4,0,3
1,<environment.Job instance at 0x7f3f939dabe0>,3,2,[4 5],4,4,6,0,4
1,<environment.Job instance at 0x7f3f4d63a820>,4,23,[2 9],5,5,28,0,5
1,<environment.Job instance at 0x7f3f931435a0>,6,3,[14  4],7,28,31,21,7
1,<environment.Job instance at 0x7f3f933d2460>,8,2,[10  1],9,9,11,0,9
1,<environment.Job instance at 0x7f3f92c78d70>,15,3,[7 2],16,18,21,2,18
1,<environment.Job instance at 0x7f3f9321be10>,16,1,[10  5],17,21,22,4,18
1,<environment.Job instance at 0x7f3f93ad9be0>,17,3,[10  3],18,22,25,4,18
1,<environment.Job instance at 0x7f3f933a0cd0>,18,26,[2 5],19,31,57,12,28
1,<environment.Job instance at 0x7f3f4d5f3fa0>,19,28,[4 8],20,31,59,11,30
1,<environment.Job instance at 0x7f3f933a0500>,20,28,[1 5],21,57,85,36,56
1,<environment.Job instance at 0x7f3f933a0640>,21,1,[9 5],22,59,60,37,56
1,<environment.Job instance at 0x7f3f933a0b90>,22,3,[5 9],23,60,63,37,56
1,<environment.Job instance at 0x7f3f933a0a50>,24,2,[8 1],25,56,58,31,56
1,<environment.Job instance at 0x7f3f933c0230>,25,1,[4 6],26,63,64,37,56
1,<environment.Job instance at 0x7f3f933c0190>,26,22,[7 4],27,63,85,36,56
1,<environment.Job instance at 0x7f3f933c0050>,27,28,[ 1 10],28,85,113,57,84
1,<environment.Job instance at 0x7f3f933b0820>,30,1,[ 5 10],31,113,114,82,85
1,<environment.Job instance at 0x7f3f933b0640>,36,1,[10  4],37,85,86,48,85
1,<environment.Job instance at 0x7f3f933b0f00>,39,1,[8 3],40,91,92,51,91
1,<environment.Job instance at 0x7f3f933b0e10>,40,2,[ 4 10],41,114,116,73,91
1,<environment.Job instance at 0x7f3f933b00f0>,41,1,[9 1],42,92,93,50,91
1,<environment.Job instance at 0x7f3f4d6bd870>,46,1,[5 1],47,101,102,54,101
1,<environment.Job instance at 0x7f3f4d78ce60>,47,12,[10  4],48,102,114,54,101
1,<environment.Job instance at 0x7f3f93816190>,48,12,[3 8],49,116,128,67,101
1,<environment.Job instance at 0x7f3f4d6ba230>,50,13,[8 2],51,114,127,63,114
1,<environment.Job instance at 0x7f3f9383fa00>,51,2,[5 2],52,127,129,75,114
1,<environment.Job instance at 0x7f3f939d8aa0>,56,20,[10  4],57,128,148,71,127
1,<environment.Job instance at 0x7f3f9828ac30>,57,2,[10  1],58,148,150,90,127
1,<environment.Job instance at 0x7f3f9828adc0>,58,1,[2 8],59,129,130,70,127
1,<environment.Job instance at 0x7f3f92d7a960>,60,1,[ 2 10],61,130,131,69,127
1,<environment.Job instance at 0x7f3f93943780>,61,3,[3 8],62,131,134,69,127
1,<environment.Job instance at 0x7f3f92d7a1e0>,62,2,[2 5],63,134,136,71,127
1,<environment.Job instance at 0x7f3f93b87870>,63,2,[1 9],64,136,138,72,127
1,<environment.Job instance at 0x7f3f939e8730>,64,2,[2 7],65,138,140,73,127
1,<environment.Job instance at 0x7f3f93943460>,65,17,[5 8],66,140,157,74,130
1,<environment.Job instance at 0x7f3f93943dc0>,66,1,[10  4],67,150,151,83,131
1,<environment.Job instance at 0x7f3f4d77d320>,73,24,[9 2],74,159,183,85,159
1,<environment.Job instance at 0x7f3f4d4860a0>,75,3,[ 4 10],76,169,172,93,169
1,<environment.Job instance at 0x7f3f4d486dc0>,76,1,[1 6],77,172,173,95,169
1,<environment.Job instance at 0x7f3f92d615f0>,77,2,[4 6],78,172,174,94,169
1,<environment.Job instance at 0x7f3f4d486c80>,78,2,[ 2 10],79,174,176,95,169
1,<environment.Job instance at 0x7f3f4d3cd050>,81,24,[2 6],82,176,200,94,174
1,<environment.Job instance at 0x7f3f4d6ccdc0>,84,3,[2 5],85,189,192,104,189
1,<environment.Job instance at 0x7f3f4d6a1780>,85,3,[1 5],86,192,195,106,189
1,<environment.Job instance at 0x7f3f4d3a7460>,87,3,[3 5],88,195,198,107,194
1,<environment.Job instance at 0x7f3f4d3a7a50>,88,3,[6 4],89,194,197,105,194
1,<environment.Job instance at 0x7f3f4d3a7550>,89,16,[ 1 10],90,200,216,110,196
1,<environment.Job instance at 0x7f3f4d3a7320>,90,3,[ 5 10],91,216,219,125,196
1,<environment.Job instance at 0x7f3f4d3a78c0>,92,1,[2 8],93,219,220,126,202
1,<environment.Job instance at 0x7f3f4d3a71e0>,93,21,[5 4],94,202,223,108,202
1,<environment.Job instance at 0x7f3f935216e0>,4,27,[3 8],5,5,32,0,5
1,<environment.Job instance at 0x7f3f4ce6e5f0>,10,18,[12  3],11,11,29,0,11
1,<environment.Job instance at 0x7f3f931a0370>,15,27,[4 6],16,29,56,13,27
1,<environment.Job instance at 0x7f3f931a08c0>,17,1,[1 7],18,32,33,14,27
1,<environment.Job instance at 0x7f3f4ce26050>,19,17,[7 1],20,34,51,14,34
1,<environment.Job instance at 0x7f3f4ce26140>,20,16,[10  3],21,51,67,30,39
1,<environment.Job instance at 0x7f3f93114780>,24,2,[9 3],25,67,69,42,45
1,<environment.Job instance at 0x7f3f4ce26f00>,25,3,[2 6],26,45,48,19,45
1,<environment.Job instance at 0x7f3f9816b0a0>,27,3,[6 3],28,67,70,39,45
1,<environment.Job instance at 0x7f3f93114820>,28,1,[10  4],29,70,71,41,45
1,<environment.Job instance at 0x7f3f937cf1e0>,30,14,[11  5],31,71,85,40,59
1,<environment.Job instance at 0x7f3f939a45f0>,31,13,[ 1 10],32,69,82,37,67
1,<environment.Job instance at 0x7f3f939a4af0>,34,28,[4 7],35,82,110,47,81
1,<environment.Job instance at 0x7f3f93a01640>,36,2,[9 4],37,85,87,48,81
1,<environment.Job instance at 0x7f3f4d069370>,37,3,[7 3],38,87,90,49,81
1,<environment.Job instance at 0x7f3f4d069eb0>,39,18,[8 2],40,90,108,50,82
1,<environment.Job instance at 0x7f3f93218e10>,40,24,[9 4],41,108,132,67,103
1,<environment.Job instance at 0x7f3f4d1fe0a0>,42,2,[ 3 10],43,110,112,67,103
1,<environment.Job instance at 0x7f3f93b340a0>,43,2,[12  3],44,132,134,88,105
1,<environment.Job instance at 0x7f3f4d59c2d0>,46,18,[10  1],47,134,152,87,123
1,<environment.Job instance at 0x7f3f4d701500>,51,16,[12  1],52,152,168,100,139
1,<environment.Job instance at 0x7f3f4d701b90>,58,12,[3 9],59,155,167,96,155
1,<environment.Job instance at 0x7f3f4d7013c0>,59,3,[5 2],60,168,171,108,155
1,<environment.Job instance at 0x7f3f4d701640>,60,1,[6 3],61,168,169,107,155
1,<environment.Job instance at 0x7f3f4d701370>,61,2,[ 3 10],62,167,169,105,155
1,<environment.Job instance at 0x7f3f92f2c0a0>,62,2,[6 4],63,169,171,106,155
1,<environment.Job instance at 0x7f3f92f2c0f0>,66,16,[2 9],67,180,196,113,180
1,<environment.Job instance at 0x7f3f92f2c4b0>,67,22,[10  4],68,180,202,112,180
1,<environment.Job instance at 0x7f3f92f2c320>,68,21,[7 1],69,202,223,133,194
1,<environment.Job instance at 0x7f3f93143960>,8,15,[5 4],9,196,211,187,195
1,<environment.Job instance at 0x7f3f4d584d70>,81,2,[2 7],82,212,214,130,212
1,<environment.Job instance at 0x7f3f93708140>,84,2,[2 5],85,218,220,133,218
1,<environment.Job instance at 0x7f3f93708b90>,85,3,[ 4 10],86,220,223,134,218
1,<environment.Job instance at 0x7f3f93605500>,4,12,[ 4 13],5,5,17,0,5
1,<environment.Job instance at 0x7f3f4d39dc30>,3,1,[7 1],4,10,11,6,10
1,<environment.Job instance at 0x7f3f92ec30a0>,10,2,[ 2 12],11,17,19,6,11
1,<environment.Job instance at 0x7f3f92ec3af0>,11,13,[ 3 11],12,19,32,7,12
1,<environment.Job instance at 0x7f3f4cfa1e60>,19,2,[10  4],20,24,26,4,24
1,<environment.Job instance at 0x7f3f4cfa1af0>,20,18,[2 9],21,32,50,11,24
1,<environment.Job instance at 0x7f3f4cfa1d20>,16,15,[5 5],17,32,47,15,30
1,<environment.Job instance at 0x7f3f4cfa1280>,25,1,[14  5],26,50,51,24,31
1,<environment.Job instance at 0x7f3f4cfa1eb0>,26,13,[10  2],27,51,64,24,35
1,<environment.Job instance at 0x7f3f4cfa12d0>,27,2,[ 5 12],28,51,53,23,35
1,<environment.Job instance at 0x7f3f4cfa10f0>,29,20,[7 2],30,64,84,34,55
1,<environment.Job instance at 0x7f3f4d52caf0>,34,1,[5 9],35,65,66,30,65
1,<environment.Job instance at 0x7f3f4d52c6e0>,35,2,[ 2 12],36,66,68,30,65
1,<environment.Job instance at 0x7f3f4d52c730>,36,2,[10  2],37,84,86,47,65
1,<environment.Job instance at 0x7f3f4d52c410>,38,22,[ 3 10],39,68,90,29,66
1,<environment.Job instance at 0x7f3f4d52c550>,40,13,[ 2 13],41,90,103,49,78
1,<environment.Job instance at 0x7f3f4d52c460>,44,19,[3 7],45,103,122,58,95
1,<environment.Job instance at 0x7f3f4d52cdc0>,47,23,[3 5],48,105,128,57,105
1,<environment.Job instance at 0x7f3f92d11b90>,50,28,[2 6],51,122,150,71,121
1,<environment.Job instance at 0x7f3f92d11e10>,51,1,[2 6],52,128,129,76,121
1,<environment.Job instance at 0x7f3f92d110a0>,52,2,[ 4 10],53,150,152,97,123
1,<environment.Job instance at 0x7f3f92d111e0>,53,1,[6 1],54,123,124,69,123
1,<environment.Job instance at 0x7f3f92d115f0>,54,2,[7 2],55,124,126,69,123
1,<environment.Job instance at 0x7f3f92d11a50>,57,2,[9 2],58,127,129,69,127
1,<environment.Job instance at 0x7f3f4d70eaf0>,58,2,[8 1],59,129,131,70,127
1,<environment.Job instance at 0x7f3f4d70e7d0>,59,23,[8 2],60,131,154,71,127
1,<environment.Job instance at 0x7f3f4d70e820>,60,1,[13  1],61,154,155,93,132
1,<environment.Job instance at 0x7f3f4d70eb90>,62,3,[9 2],63,155,158,92,140
1,<environment.Job instance at 0x7f3f4d70e780>,63,19,[3 9],64,155,174,91,145
1,<environment.Job instance at 0x7f3f4cfa1370>,14,15,[7 5],15,158,173,143,153
1,<environment.Job instance at 0x7f3f4d70ef50>,70,2,[2 6],71,173,175,102,159
1,<environment.Job instance at 0x7f3f4d70e0a0>,71,20,[10  2],72,174,194,102,165
1,<environment.Job instance at 0x7f3f4d70e6e0>,76,3,[ 3 10],77,181,184,104,181
1,<environment.Job instance at 0x7f3f4d70ed70>,77,18,[1 8],78,184,202,106,181
1,<environment.Job instance at 0x7f3f4d70ea50>,78,3,[13  1],79,194,197,115,181
1,<environment.Job instance at 0x7f3f4cf206e0>,79,1,[10  2],80,197,198,117,181
1,<environment.Job instance at 0x7f3f4cf20d20>,81,3,[10  1],82,198,201,116,182
1,<environment.Job instance at 0x7f3f4cf20b40>,82,1,[1 9],83,202,203,119,182
1,<environment.Job instance at 0x7f3f4cf20b90>,83,17,[6 1],84,201,218,117,190
1,<environment.Job instance at 0x7f3f4cf20230>,85,15,[14  4],86,218,233,132,213
1,<environment.Job instance at 0x7f3f4cf20e10>,1,1,[7 3],2,2,3,0,2
1,<environment.Job instance at 0x7f3f4d609280>,3,1,[2 6],4,4,5,0,4
1,<environment.Job instance at 0x7f3f4d609500>,4,3,[6 2],5,5,8,0,5
1,<environment.Job instance at 0x7f3f4d4ec960>,6,3,[5 3],7,7,10,0,7
1,<environment.Job instance at 0x7f3f4d701e10>,7,1,[ 2 12],8,8,9,0,8
1,<environment.Job instance at 0x7f3f92d1b960>,8,1,[5 8],9,9,10,0,9
1,<environment.Job instance at 0x7f3f93095a00>,9,3,[ 2 10],10,10,13,0,10
1,<environment.Job instance at 0x7f3f92f1c9b0>,17,13,[10  3],18,20,33,2,20
1,<environment.Job instance at 0x7f3f9318f820>,18,18,[10  5],19,33,51,14,22
1,<environment.Job instance at 0x7f3f9318fc30>,24,2,[2 5],25,35,37,10,35
1,<environment.Job instance at 0x7f3f9318f280>,25,25,[ 2 11],26,51,76,25,47
1,<environment.Job instance at 0x7f3f9319fd70>,30,14,[13  1],31,55,69,24,55
1,<environment.Job instance at 0x7f3f9319f910>,32,3,[10  5],33,76,79,43,55
1,<environment.Job instance at 0x7f3f9319f7d0>,33,12,[12  5],34,79,91,45,62
1,<environment.Job instance at 0x7f3f93b0c6e0>,12,15,[9 5],13,91,106,78,77
1,<environment.Job instance at 0x7f3f4d5e00a0>,39,17,[11  5],40,106,123,66,94
1,<environment.Job instance at 0x7f3f931b3a50>,42,22,[ 4 11],43,123,145,80,116
1,<environment.Job instance at 0x7f3f4d39b0f0>,45,2,[5 6],46,145,147,99,120
1,<environment.Job instance at 0x7f3f939b5fa0>,49,13,[ 5 11],50,147,160,97,133
1,<environment.Job instance at 0x7f3f938667d0>,53,3,[ 3 14],54,160,163,106,139
1,<environment.Job instance at 0x7f3f4d393a50>,57,16,[5 1],58,147,163,89,147
1,<environment.Job instance at 0x7f3f4d5e05f0>,40,18,[3 7],41,163,181,122,155
1,<environment.Job instance at 0x7f3f4d220f00>,54,22,[7 4],55,163,185,108,156
1,<environment.Job instance at 0x7f3f4d393be0>,58,17,[14  2],59,185,202,126,173
1,<environment.Job instance at 0x7f3f93872be0>,59,2,[9 5],60,202,204,142,176
1,<environment.Job instance at 0x7f3f939d1b40>,65,3,[10  3],66,204,207,138,179
1,<environment.Job instance at 0x7f3f939d1730>,68,2,[10  3],69,207,209,138,188
1,<environment.Job instance at 0x7f3f939d3e10>,71,1,[6 5],72,202,203,130,188
1,<environment.Job instance at 0x7f3f4d7d2a50>,77,1,[12  4],78,209,210,131,195
1,<environment.Job instance at 0x7f3f939d3690>,79,14,[5 4],80,210,224,130,207
1,<environment.Job instance at 0x7f3f939d3c30>,80,1,[10  2],81,210,211,129,207
1,<environment.Job instance at 0x7f3f934f0640>,82,14,[ 2 11],83,211,225,128,207
1,<environment.Job instance at 0x7f3f934f09b0>,83,2,[2 7],84,207,209,123,207
1,<environment.Job instance at 0x7f3f939b4f00>,84,16,[9 1],85,224,240,139,213
1,<environment.Job instance at 0x7f3f939d1f00>,67,15,[4 6],68,225,240,157,213
1,<environment.Job instance at 0x7f3f9386b8c0>,0,12,[ 1 14],1,1,13,0,1
1,<environment.Job instance at 0x7f3f9318f460>,2,2,[ 1 14],3,13,15,10,3
1,<environment.Job instance at 0x7f3f932a8c80>,4,24,[4 8],5,15,39,10,10
1,<environment.Job instance at 0x7f3f4d6bdc80>,6,23,[9 2],7,15,38,8,14
1,<environment.Job instance at 0x7f3f4ce94a00>,9,27,[ 5 10],10,39,66,29,37
1,<environment.Job instance at 0x7f3f934c3c80>,14,18,[ 4 13],15,66,84,51,55
1,<environment.Job instance at 0x7f3f4ce6b910>,24,2,[3 9],25,87,89,62,87
1,<environment.Job instance at 0x7f3f4ce6b140>,25,3,[4 8],26,89,92,63,87
1,<environment.Job instance at 0x7f3f4ce6b410>,26,3,[9 4],27,87,90,60,87
1,<environment.Job instance at 0x7f3f4ce6b0f0>,28,18,[4 7],29,92,110,63,92
1,<environment.Job instance at 0x7f3f92d1baa0>,29,15,[7 2],30,96,111,66,96
1,<environment.Job instance at 0x7f3f92d1b140>,30,21,[9 2],31,111,132,80,103
1,<environment.Job instance at 0x7f3f92be3410>,36,26,[3 5],37,109,135,72,109
1,<environment.Job instance at 0x7f3f92be3140>,37,24,[9 4],38,132,156,94,127
1,<environment.Job instance at 0x7f3f4d70eb90>,18,14,[ 1 10],19,135,149,116,128
1,<environment.Job instance at 0x7f3f92ddb910>,46,3,[9 1],47,156,159,109,149
1,<environment.Job instance at 0x7f3f92ddb500>,47,3,[7 3],48,159,162,111,149
1,<environment.Job instance at 0x7f3f92ddbd20>,48,1,[12  1],49,162,163,113,149
1,<environment.Job instance at 0x7f3f92ddb190>,49,2,[7 2],50,159,161,109,149
1,<environment.Job instance at 0x7f3f92ddb410>,50,1,[5 5],51,149,150,98,149
1,<environment.Job instance at 0x7f3f92ddb0a0>,51,2,[2 5],52,150,152,98,149
1,<environment.Job instance at 0x7f3f92ddbfa0>,54,1,[7 2],55,161,162,106,157
1,<environment.Job instance at 0x7f3f93aedcd0>,55,1,[6 4],56,157,158,101,157
1,<environment.Job instance at 0x7f3f4d0b1500>,56,1,[6 5],57,158,159,101,157
1,<environment.Job instance at 0x7f3f93aedb40>,58,3,[1 5],59,167,170,108,167
1,<environment.Job instance at 0x7f3f934c3cd0>,13,17,[ 5 12],14,171,188,157,171
1,<environment.Job instance at 0x7f3f4d7bcdc0>,62,2,[8 5],63,188,190,125,174
1,<environment.Job instance at 0x7f3f4d7bc1e0>,63,24,[5 1],64,174,198,110,174
1,<environment.Job instance at 0x7f3f4d7bc640>,64,1,[6 5],65,190,191,125,174
1,<environment.Job instance at 0x7f3f4d7bc9b0>,65,22,[5 4],66,191,213,125,184
1,<environment.Job instance at 0x7f3f4d7bca50>,66,28,[8 5],67,198,226,131,197
1,<environment.Job instance at 0x7f3f92be3af0>,40,15,[1 8],41,213,228,172,200
1,<environment.Job instance at 0x7f3f939470a0>,73,3,[1 5],74,209,212,135,209
1,<environment.Job instance at 0x7f3f939477d0>,75,2,[ 5 10],76,228,230,152,209
1,<environment.Job instance at 0x7f3f97e74140>,77,1,[5 2],78,213,214,135,210
1,<environment.Job instance at 0x7f3f93183dc0>,79,14,[8 1],80,226,240,146,217
1,<environment.Job instance at 0x7f3f4d75c7d0>,3,1,[2 5],4,4,5,0,4
1,<environment.Job instance at 0x7f3f92e4d730>,4,2,[2 7],5,6,8,1,6
1,<environment.Job instance at 0x7f3f939c2aa0>,2,2,[10  5],3,6,8,3,6
1,<environment.Job instance at 0x7f3f9360f6e0>,1,19,[10  5],2,8,27,6,6
1,<environment.Job instance at 0x7f3f4d03d960>,10,13,[ 2 10],11,12,25,1,12
1,<environment.Job instance at 0x7f3f4d03d6e0>,14,1,[3 7],15,25,26,10,15
1,<environment.Job instance at 0x7f3f4d03dd20>,15,2,[ 5 10],16,26,28,10,16
1,<environment.Job instance at 0x7f3f92cd9460>,11,18,[4 5],12,27,45,15,18
1,<environment.Job instance at 0x7f3f4d03db40>,20,15,[5 5],21,28,43,7,23
1,<environment.Job instance at 0x7f3f4d03dcd0>,17,2,[2 8],18,43,45,25,24
1,<environment.Job instance at 0x7f3f4cde90a0>,25,18,[1 6],26,45,63,19,39
1,<environment.Job instance at 0x7f3f4cde9320>,28,12,[2 5],29,45,57,16,39
1,<environment.Job instance at 0x7f3f4cde9fa0>,30,3,[5 6],31,57,60,26,39
1,<environment.Job instance at 0x7f3f4cde9280>,23,1,[10  2],24,61,62,37,61
1,<environment.Job instance at 0x7f3f4cde96e0>,26,28,[9 5],27,62,90,35,61
1,<environment.Job instance at 0x7f3f4cf46460>,34,2,[6 2],35,63,65,28,61
1,<environment.Job instance at 0x7f3f4cf46730>,35,15,[2 7],36,65,80,29,61
1,<environment.Job instance at 0x7f3f4cf46050>,38,2,[4 8],39,80,82,41,62
1,<environment.Job instance at 0x7f3f4cf46f00>,40,3,[10  5],41,90,93,49,65
1,<environment.Job instance at 0x7f3f4cf46f50>,42,1,[2 9],43,82,83,39,65
1,<environment.Job instance at 0x7f3f4cf466e0>,45,1,[8 2],46,93,94,47,79
1,<environment.Job instance at 0x7f3f4cf467d0>,46,1,[2 8],47,83,84,36,79
1,<environment.Job instance at 0x7f3f933641e0>,47,18,[3 8],48,84,102,36,82
1,<environment.Job instance at 0x7f3f4cde9460>,24,24,[5 9],25,102,126,77,98
1,<environment.Job instance at 0x7f3f93364780>,52,19,[1 5],53,113,132,60,113
1,<environment.Job instance at 0x7f3f93364500>,55,16,[ 4 10],56,126,142,70,114
1,<environment.Job instance at 0x7f3f93364dc0>,59,14,[9 3],60,132,146,72,129
1,<environment.Job instance at 0x7f3f9327c0a0>,64,15,[5 2],65,142,157,77,134
1,<environment.Job instance at 0x7f3f93364d70>,62,12,[2 8],63,146,158,83,138
1,<environment.Job instance at 0x7f3f9327c9b0>,67,12,[6 5],68,146,158,78,140
1,<environment.Job instance at 0x7f3f9327c690>,71,2,[8 4],72,158,160,86,146
1,<environment.Job instance at 0x7f3f9327c320>,72,2,[10  2],73,160,162,87,146
1,<environment.Job instance at 0x7f3f9327c730>,73,23,[5 7],74,158,181,84,152
1,<environment.Job instance at 0x7f3f9327c280>,74,28,[8 5],75,162,190,87,161
1,<environment.Job instance at 0x7f3f9327c4b0>,75,1,[10  5],76,190,191,114,162
1,<environment.Job instance at 0x7f3f9327c5a0>,76,23,[3 7],77,181,204,104,175
1,<environment.Job instance at 0x7f3f9327c550>,77,24,[2 9],78,204,228,126,199
1,<environment.Job instance at 0x7f3f4ce41140>,79,22,[5 3],80,199,221,119,199
1,<environment.Job instance at 0x7f3f4ce41820>,82,23,[13  5],83,221,244,138,215
1,<environment.Job instance at 0x7f3f939c2c30>,0,27,[7 2],1,1,28,0,1
1,<environment.Job instance at 0x7f3f4d083f00>,1,26,[ 5 11],2,2,28,0,2
1,<environment.Job instance at 0x7f3f934923c0>,5,15,[ 5 13],6,28,43,22,14
1,<environment.Job instance at 0x7f3f934951e0>,15,12,[14  1],16,43,55,27,26
1,<environment.Job instance at 0x7f3f934955f0>,16,3,[4 9],17,55,58,38,29
1,<environment.Job instance at 0x7f3f934955a0>,17,16,[ 2 12],18,58,74,40,45
1,<environment.Job instance at 0x7f3f934953c0>,18,1,[3 6],19,55,56,36,45
1,<environment.Job instance at 0x7f3f93495730>,19,2,[ 1 11],20,45,47,25,45
1,<environment.Job instance at 0x7f3f92e4d050>,7,2,[8 4],8,56,58,48,46
1,<environment.Job instance at 0x7f3f934aee10>,23,2,[9 5],24,74,76,50,47
1,<environment.Job instance at 0x7f3f934aec80>,29,2,[6 5],30,74,76,44,51
1,<environment.Job instance at 0x7f3f934ae1e0>,30,1,[1 7],31,51,52,20,51
1,<environment.Job instance at 0x7f3f934ae050>,31,3,[2 7],32,76,79,44,51
1,<environment.Job instance at 0x7f3f934aecd0>,32,1,[4 6],33,76,77,43,51
1,<environment.Job instance at 0x7f3f934aeb40>,33,24,[10  4],34,77,101,43,72
1,<environment.Job instance at 0x7f3f934ae910>,37,2,[ 3 11],38,79,81,41,73
1,<environment.Job instance at 0x7f3f92d21190>,41,21,[2 7],42,81,102,39,73
1,<environment.Job instance at 0x7f3f92d21be0>,47,14,[9 4],48,104,118,56,104
1,<environment.Job instance at 0x7f3f92cfbeb0>,50,1,[5 9],51,111,112,60,111
1,<environment.Job instance at 0x7f3f92cfbf50>,51,1,[2 5],52,112,113,60,111
1,<environment.Job instance at 0x7f3f92cfbe60>,52,18,[3 8],53,113,131,60,111
1,<environment.Job instance at 0x7f3f92cfb9b0>,53,1,[ 3 10],54,131,132,77,111
1,<environment.Job instance at 0x7f3f92cfb140>,55,25,[8 3],56,118,143,62,117
1,<environment.Job instance at 0x7f3f92d137d0>,58,12,[ 2 12],59,132,144,73,124
1,<environment.Job instance at 0x7f3f92d130a0>,59,1,[7 1],60,143,144,83,124
1,<environment.Job instance at 0x7f3f92d133c0>,62,1,[2 7],63,144,145,81,139
1,<environment.Job instance at 0x7f3f92d13af0>,63,1,[4 8],64,144,145,80,139
1,<environment.Job instance at 0x7f3f92d139b0>,64,1,[5 4],65,145,146,80,139
1,<environment.Job instance at 0x7f3f92d13aa0>,65,3,[7 4],66,145,148,79,139
1,<environment.Job instance at 0x7f3f92d135a0>,66,19,[4 6],67,146,165,79,139
1,<environment.Job instance at 0x7f3f92d13780>,68,1,[3 8],69,148,149,79,144
1,<environment.Job instance at 0x7f3f92d13960>,69,21,[ 5 10],70,165,186,95,157
1,<environment.Job instance at 0x7f3f9384a3c0>,74,3,[7 2],75,161,164,86,161
1,<environment.Job instance at 0x7f3f9384a280>,75,3,[1 8],76,186,189,110,161
1,<environment.Job instance at 0x7f3f9384aaa0>,76,1,[5 8],77,164,165,87,161
1,<environment.Job instance at 0x7f3f9384a0f0>,80,18,[9 1],81,176,194,95,176
1,<environment.Job instance at 0x7f3f4d0b9280>,82,3,[5 5],83,186,189,103,185
1,<environment.Job instance at 0x7f3f4d0b9190>,83,27,[4 6],84,189,216,105,187
1,<environment.Job instance at 0x7f3f4d0b99b0>,85,17,[10  2],86,194,211,108,193
1,<environment.Job instance at 0x7f3f4d0b9cd0>,90,3,[ 1 14],91,216,219,125,212
1,<environment.Job instance at 0x7f3f4d0b97d0>,91,1,[10  3],92,212,213,120,212
1,<environment.Job instance at 0x7f41454dfdc0>,1,22,[11  3],2,2,24,0,2
1,<environment.Job instance at 0x7f4145455320>,2,22,[4 8],3,3,25,0,3
1,<environment.Job instance at 0x7f413e046870>,9,18,[11  5],10,24,42,14,14
1,<environment.Job instance at 0x7f413e04a460>,20,1,[7 5],21,42,43,21,22
1,<environment.Job instance at 0x7f413e04a500>,21,1,[6 5],22,42,43,20,22
1,<environment.Job instance at 0x7f413e04a4b0>,22,1,[2 7],23,25,26,2,23
1,<environment.Job instance at 0x7f413e04a690>,23,27,[1 6],24,43,70,19,41
1,<environment.Job instance at 0x7f413e04a9b0>,26,3,[3 7],27,50,53,23,50
1,<environment.Job instance at 0x7f413e04aaf0>,28,23,[10  4],29,53,76,24,50
1,<environment.Job instance at 0x7f413e04ad70>,32,3,[5 1],33,70,73,37,63
1,<environment.Job instance at 0x7f413e04aeb0>,34,24,[1 8],35,73,97,38,68
1,<environment.Job instance at 0x7f413e04afa0>,36,13,[ 3 14],37,97,110,60,81
1,<environment.Job instance at 0x7f413e04a870>,37,2,[2 6],38,81,83,43,81
1,<environment.Job instance at 0x7f413e0481e0>,38,2,[ 1 10],39,110,112,71,83
1,<environment.Job instance at 0x7f413e048230>,39,2,[5 6],40,83,85,43,83
1,<environment.Job instance at 0x7f413e0484b0>,41,1,[5 2],42,85,86,43,83
1,<environment.Job instance at 0x7f413e048550>,42,2,[4 6],43,86,88,43,83
1,<environment.Job instance at 0x7f413e048640>,44,3,[5 5],45,88,91,43,83
1,<environment.Job instance at 0x7f413e048690>,46,17,[12  2],47,110,127,63,98
1,<environment.Job instance at 0x7f413e048730>,47,2,[6 5],48,127,129,79,100
1,<environment.Job instance at 0x7f413e048a50>,50,16,[12  2],51,129,145,78,116
1,<environment.Job instance at 0x7f413e048f00>,51,3,[1 5],52,116,119,64,116
1,<environment.Job instance at 0x7f413e048fa0>,52,1,[8 5],53,127,128,74,116
1,<environment.Job instance at 0x7f413e048e10>,54,13,[13  1],55,145,158,90,129
1,<environment.Job instance at 0x7f413e048e60>,55,2,[ 3 10],56,129,131,73,129
1,<environment.Job instance at 0x7f413e04e320>,57,18,[2 8],58,133,151,75,133
1,<environment.Job instance at 0x7f413e04e0a0>,59,17,[1 6],60,151,168,91,143
1,<environment.Job instance at 0x7f413e04e500>,60,3,[12  3],61,158,161,97,143
1,<environment.Job instance at 0x7f413e04e5a0>,61,2,[4 5],62,161,163,99,143
1,<environment.Job instance at 0x7f413e04e0f0>,62,22,[6 4],63,161,183,98,154
1,<environment.Job instance at 0x7f413e04ea00>,65,20,[2 6],66,168,188,102,159
1,<environment.Job instance at 0x7f413e04e9b0>,67,27,[ 1 10],68,188,215,120,186
1,<environment.Job instance at 0x7f413e04ec80>,68,2,[ 3 10],69,215,217,146,188
1,<environment.Job instance at 0x7f413e04ee60>,69,13,[ 3 12],70,217,230,147,201
1,<environment.Job instance at 0x7f413e04ecd0>,70,3,[10  2],71,201,204,130,201
1,<environment.Job instance at 0x7f413e04d190>,75,14,[ 4 11],76,230,244,154,215
1,<environment.Job instance at 0x7f413e05e230>,5,1,[9 1],6,6,7,0,6
1,<environment.Job instance at 0x7f413e05e690>,6,1,[6 3],7,7,8,0,7
1,<environment.Job instance at 0x7f40fa2bd410>,11,15,[1 7],12,12,27,0,12
1,<environment.Job instance at 0x7f40fa2bd780>,16,2,[8 1],17,17,19,0,17
1,<environment.Job instance at 0x7f40fa2e2820>,17,2,[10  2],18,19,21,1,18
1,<environment.Job instance at 0x7f40fa28eb90>,18,19,[6 4],19,21,40,2,19
1,<environment.Job instance at 0x7f40fa2bd870>,21,2,[5 5],22,29,31,7,29
1,<environment.Job instance at 0x7f40fa443780>,22,1,[6 4],23,31,32,8,29
1,<environment.Job instance at 0x7f40fa443af0>,24,19,[6 1],25,38,57,13,38
1,<environment.Job instance at 0x7f40fa4435f0>,26,2,[11  5],27,57,59,30,38
1,<environment.Job instance at 0x7f40fa443c30>,27,21,[ 3 10],28,38,59,10,38
1,<environment.Job instance at 0x7f40fa443e10>,28,3,[14  4],29,59,62,30,38
1,<environment.Job instance at 0x7f40fa443fa0>,29,14,[2 6],30,62,76,32,50
1,<environment.Job instance at 0x7f413e04d370>,10,3,[13  3],11,62,65,51,50
1,<environment.Job instance at 0x7f40fa4400a0>,33,2,[7 3],34,65,67,31,51
1,<environment.Job instance at 0x7f40fa440780>,34,3,[4 6],35,65,68,30,51
1,<environment.Job instance at 0x7f40fa4405a0>,35,2,[5 2],36,51,53,15,51
1,<environment.Job instance at 0x7f40fa4403c0>,36,1,[5 9],37,68,69,31,51
1,<environment.Job instance at 0x7f40fa440320>,37,1,[2 9],38,69,70,31,51
1,<environment.Job instance at 0x7f40fa4401e0>,38,21,[9 4],39,70,91,31,62
1,<environment.Job instance at 0x7f40fa439c80>,41,17,[10  2],42,91,108,49,79
1,<environment.Job instance at 0x7f40fa439640>,42,3,[10  2],43,108,111,65,82
1,<environment.Job instance at 0x7f40fa439cd0>,43,2,[8 3],44,111,113,67,84
1,<environment.Job instance at 0x7f40fa4395f0>,45,1,[6 2],46,84,85,38,84
1,<environment.Job instance at 0x7f40fa4456e0>,47,1,[9 1],48,113,114,65,85
1,<environment.Job instance at 0x7f40fa443eb0>,30,1,[5 8],31,85,86,54,85
1,<environment.Job instance at 0x7f40fa445d20>,48,12,[14  4],49,114,126,65,98
1,<environment.Job instance at 0x7f40fa445b40>,54,3,[9 2],55,126,129,71,106
1,<environment.Job instance at 0x7f40fa446640>,56,3,[2 8],57,107,110,50,107
1,<environment.Job instance at 0x7f40fa446500>,57,1,[2 8],58,110,111,52,107
1,<environment.Job instance at 0x7f40fa4463c0>,58,2,[13  1],59,129,131,70,107
1,<environment.Job instance at 0x7f40fa4461e0>,59,2,[10  4],60,131,133,71,107
1,<environment.Job instance at 0x7f40fa446280>,60,3,[5 6],61,111,114,50,107
1,<environment.Job instance at 0x7f40fa43af50>,61,3,[13  5],62,133,136,71,107
1,<environment.Job instance at 0x7f40fa43ac30>,62,2,[ 1 12],63,126,128,63,107
1,<environment.Job instance at 0x7f40fa43a9b0>,63,2,[5 6],64,131,133,67,107
1,<environment.Job instance at 0x7f40fa43a870>,65,2,[5 5],66,136,138,70,114
1,<environment.Job instance at 0x7f40fa43a550>,67,3,[1 5],68,118,121,50,118
1,<environment.Job instance at 0x7f40fa43fe60>,68,1,[10  5],69,136,137,67,118
1,<environment.Job instance at 0x7f40fa43aa00>,69,1,[ 2 10],70,128,129,58,118
1,<environment.Job instance at 0x7f40fa43f0a0>,70,18,[4 5],71,137,155,66,132
1,<environment.Job instance at 0x7f40fa4a6c80>,71,18,[2 8],72,138,156,66,132
1,<environment.Job instance at 0x7f40fa4ba9b0>,72,1,[ 4 13],73,156,157,83,132
1,<environment.Job instance at 0x7f40fa43f870>,73,14,[11  3],74,157,171,83,142
1,<environment.Job instance at 0x7f40fa4595a0>,81,1,[8 3],82,177,178,95,177
1,<environment.Job instance at 0x7f40fa5c2820>,82,20,[1 7],83,177,197,94,177
1,<environment.Job instance at 0x7f40fa459a00>,83,1,[ 4 10],84,197,198,113,177
1,<environment.Job instance at 0x7f40fa445a00>,49,2,[9 4],50,178,180,128,177
1,<environment.Job instance at 0x7f40fa65e6e0>,84,3,[4 7],85,180,183,95,177
1,<environment.Job instance at 0x7f40fa2bd910>,15,13,[ 1 14],16,198,211,182,183
1,<environment.Job instance at 0x7f40fa6fce10>,85,1,[10  1],86,187,188,101,187
1,<environment.Job instance at 0x7f40fa5aec30>,86,19,[2 7],87,211,230,124,201
1,<environment.Job instance at 0x7f40fa67c5f0>,95,3,[12  3],96,211,214,115,201
1,<environment.Job instance at 0x7f40fa52fdc0>,97,2,[4 5],98,214,216,116,201
1,<environment.Job instance at 0x7f40fa52faf0>,99,3,[5 1],100,201,204,101,201
1,<environment.Job instance at 0x7f40fa52f5f0>,100,3,[7 3],101,214,217,113,201
1,<environment.Job instance at 0x7f40fa52f6e0>,1,3,[4 5],2,2,5,0,2
1,<environment.Job instance at 0x7f413e05ccd0>,2,25,[6 3],3,3,28,0,3
1,<environment.Job instance at 0x7f41455c2c80>,6,2,[5 5],7,7,9,0,7
1,<environment.Job instance at 0x7f414547efa0>,15,3,[5 2],16,18,21,2,18
1,<environment.Job instance at 0x7f414547ea00>,16,3,[ 5 10],17,21,24,4,18
1,<environment.Job instance at 0x7f40fa28eaa0>,17,1,[8 5],18,24,25,6,18
1,<environment.Job instance at 0x7f4144bb6eb0>,18,2,[2 6],19,19,21,0,19
1,<environment.Job instance at 0x7f40fa303cd0>,19,18,[13  1],20,28,46,8,20
1,<environment.Job instance at 0x7f40fa28ecd0>,22,3,[ 3 11],23,25,28,2,23
1,<environment.Job instance at 0x7f413ddbfe10>,27,1,[9 3],28,47,48,19,47
1,<environment.Job instance at 0x7f413e1c78c0>,30,24,[2 8],31,61,85,30,61
1,<environment.Job instance at 0x7f413e24b0f0>,31,24,[9 1],32,61,85,29,61
1,<environment.Job instance at 0x7f413e4e0f50>,32,3,[7 1],33,85,88,52,62
1,<environment.Job instance at 0x7f413e4e9be0>,33,24,[10  5],34,88,112,54,83
1,<environment.Job instance at 0x7f413e4ea8c0>,34,23,[10  2],35,112,135,77,106
1,<environment.Job instance at 0x7f413ddb7d70>,35,15,[ 1 11],36,118,133,82,118
1,<environment.Job instance at 0x7f413ddc16e0>,38,1,[2 9],39,133,134,94,118
1,<environment.Job instance at 0x7f41455c6c80>,43,3,[3 5],44,134,137,90,124
1,<environment.Job instance at 0x7f40fa2f46e0>,44,14,[1 5],45,134,148,89,126
1,<environment.Job instance at 0x7f40fa4080a0>,46,1,[2 6],47,137,138,90,126
1,<environment.Job instance at 0x7f40fa408b40>,47,15,[ 3 12],48,148,163,100,134
1,<environment.Job instance at 0x7f40fa4088c0>,51,2,[6 3],52,142,144,90,142
1,<environment.Job instance at 0x7f40fa408c30>,52,12,[8 1],53,142,154,89,142
1,<environment.Job instance at 0x7f40fa408910>,53,1,[1 7],54,144,145,90,142
1,<environment.Job instance at 0x7f40fa408190>,54,18,[3 6],55,163,181,108,154
1,<environment.Job instance at 0x7f40fa4081e0>,55,3,[9 4],56,163,166,107,154
1,<environment.Job instance at 0x7f40fa408e60>,58,2,[9 4],59,166,168,107,161
1,<environment.Job instance at 0x7f40fa29f410>,59,3,[ 2 10],60,181,184,121,161
1,<environment.Job instance at 0x7f40fa29fc80>,60,27,[ 5 10],61,184,211,123,182
1,<environment.Job instance at 0x7f414547fe10>,66,25,[ 5 10],67,211,236,144,207
1,<environment.Job instance at 0x7f413e254e10>,73,2,[5 7],74,236,238,162,212
1,<environment.Job instance at 0x7f41448adeb0>,81,3,[1 6],82,236,239,154,218
1,<environment.Job instance at 0x7f40fa8e8370>,2,3,[ 4 10],3,3,6,0,3
1,<environment.Job instance at 0x7f413deaa4b0>,4,3,[6 1],5,6,9,1,6
1,<environment.Job instance at 0x7f413e1fe050>,7,19,[14  4],8,9,28,1,8
1,<environment.Job instance at 0x7f4144ea6190>,11,3,[9 2],12,28,31,16,12
1,<environment.Job instance at 0x7f413e2ce5a0>,13,2,[9 1],14,31,33,17,14
1,<environment.Job instance at 0x7f4144ea6910>,14,2,[1 8],15,15,17,0,15
1,<environment.Job instance at 0x7f413e2ce190>,16,25,[3 8],17,28,53,11,24
1,<environment.Job instance at 0x7f413e040140>,18,3,[ 5 14],19,53,56,34,27
1,<environment.Job instance at 0x7f413e4405f0>,19,27,[9 3],20,56,83,36,54
1,<environment.Job instance at 0x7f40fa9288c0>,5,14,[ 5 12],6,56,70,50,54
1,<environment.Job instance at 0x7f413e36ba50>,23,1,[3 5],24,70,71,46,54
1,<environment.Job instance at 0x7f413e237fa0>,17,2,[2 8],18,71,73,53,56
1,<environment.Job instance at 0x7f413e444230>,25,2,[6 3],26,73,75,47,56
1,<environment.Job instance at 0x7f413e1024b0>,26,2,[3 8],27,75,77,48,56
1,<environment.Job instance at 0x7f413e088cd0>,28,27,[1 7],29,77,104,48,75
1,<environment.Job instance at 0x7f413e114af0>,30,19,[6 3],31,83,102,52,75
1,<environment.Job instance at 0x7f413e07f5a0>,32,2,[9 3],33,102,104,69,75
1,<environment.Job instance at 0x7f413e116e60>,34,16,[10  3],35,104,120,69,92
1,<environment.Job instance at 0x7f413e116550>,35,3,[1 5],36,92,95,56,92
1,<environment.Job instance at 0x7f413e116190>,36,3,[9 3],37,120,123,83,94
1,<environment.Job instance at 0x7f41449ea1e0>,39,1,[10  3],40,123,124,83,98
1,<environment.Job instance at 0x7f41449eadc0>,40,19,[1 5],41,98,117,57,98
1,<environment.Job instance at 0x7f41449ea9b0>,42,18,[10  4],43,124,142,81,113
1,<environment.Job instance at 0x7f41449eaf00>,45,2,[14  5],46,142,144,96,117
1,<environment.Job instance at 0x7f41449ea820>,50,1,[6 3],51,144,145,93,131
1,<environment.Job instance at 0x7f41449ea2d0>,52,15,[5 1],53,144,159,91,131
1,<environment.Job instance at 0x7f4144d21e60>,9,14,[ 5 11],10,145,159,135,131
1,<environment.Job instance at 0x7f413e02fa00>,55,21,[2 5],56,159,180,103,151
1,<environment.Job instance at 0x7f413e314d70>,56,1,[7 2],57,159,160,102,151
1,<environment.Job instance at 0x7f413e3149b0>,57,2,[2 6],58,159,161,101,151
1,<environment.Job instance at 0x7f413e02ffa0>,59,19,[9 1],60,160,179,100,151
1,<environment.Job instance at 0x7f413e080af0>,62,1,[2 9],63,161,162,98,154
1,<environment.Job instance at 0x7f413e03e5a0>,63,27,[1 8],64,162,189,98,160
1,<environment.Job instance at 0x7f413e03ed20>,64,1,[5 8],65,189,190,124,161
1,<environment.Job instance at 0x7f4144986aa0>,67,2,[2 8],68,190,192,122,171
1,<environment.Job instance at 0x7f413e09e320>,68,3,[5 9],69,192,195,123,171
1,<environment.Job instance at 0x7f413e09e280>,70,3,[1 7],71,180,183,109,172
1,<environment.Job instance at 0x7f413e09eb90>,72,3,[ 1 10],73,195,198,122,189
1,<environment.Job instance at 0x7f413e09ed20>,73,3,[7 3],74,189,192,115,189
1,<environment.Job instance at 0x7f413e30ecd0>,75,13,[10  4],76,192,205,116,191
1,<environment.Job instance at 0x7f413e30e780>,77,22,[1 7],78,200,222,122,200
1,<environment.Job instance at 0x7f413e30e9b0>,78,2,[5 7],79,205,207,126,201
1,<environment.Job instance at 0x7f413e07d0f0>,81,18,[3 6],82,218,236,136,218
1,<environment.Job instance at 0x7f413e07d190>,82,1,[9 3],83,222,223,139,218
1,<environment.Job instance at 0x7f413e4f52d0>,83,3,[ 3 14],84,236,239,152,218
1,<environment.Job instance at 0x7f40fa925eb0>,3,1,[6 2],4,4,5,0,4
1,<environment.Job instance at 0x7f40fa7495f0>,4,2,[4 6],5,5,7,0,5
1,<environment.Job instance at 0x7f40fa78bb90>,5,3,[8 5],6,6,9,0,6
1,<environment.Job instance at 0x7f413deaa910>,7,3,[ 1 12],8,9,12,1,8
1,<environment.Job instance at 0x7f413e0b0910>,8,15,[ 3 11],9,22,37,13,22
1,<environment.Job instance at 0x7f413e493550>,15,15,[ 2 11],16,37,52,21,24
1,<environment.Job instance at 0x7f413e467d20>,16,23,[7 4],17,24,47,7,24
1,<environment.Job instance at 0x7f413e4935f0>,17,1,[9 4],18,47,48,29,24
1,<environment.Job instance at 0x7f413de6a460>,21,3,[5 5],22,52,55,30,27
1,<environment.Job instance at 0x7f413e4939b0>,23,20,[5 4],24,48,68,24,39
1,<environment.Job instance at 0x7f40fa6a0280>,9,3,[5 1],10,52,55,42,39
1,<environment.Job instance at 0x7f40fa9929b0>,25,3,[5 5],26,55,58,29,41
1,<environment.Job instance at 0x7f4144ded050>,33,1,[7 2],34,58,59,24,43
1,<environment.Job instance at 0x7f4144dded70>,31,2,[5 1],32,55,57,23,43
1,<environment.Job instance at 0x7f413e43f780>,36,21,[6 5],37,59,80,22,53
1,<environment.Job instance at 0x7f413e4488c0>,38,1,[ 3 10],39,68,69,29,53
1,<environment.Job instance at 0x7f4144dca0a0>,41,27,[5 1],42,69,96,27,68
1,<environment.Job instance at 0x7f4144dcc500>,42,21,[1 6],43,69,90,26,68
1,<environment.Job instance at 0x7f4144dccfa0>,46,25,[8 3],47,85,110,38,85
1,<environment.Job instance at 0x7f4144dccbe0>,47,13,[13  1],48,110,123,62,94
1,<environment.Job instance at 0x7f4144de9b90>,51,19,[10  1],52,123,142,71,113
1,<environment.Job instance at 0x7f4144de9370>,52,2,[5 8],53,123,125,70,113
1,<environment.Job instance at 0x7f4144de92d0>,56,25,[ 5 10],57,125,150,68,121
1,<environment.Job instance at 0x7f4144ddfbe0>,65,1,[9 5],66,142,143,76,129
1,<environment.Job instance at 0x7f4144ddfc30>,66,1,[2 6],67,150,151,83,129
1,<environment.Job instance at 0x7f4144ddfb40>,68,18,[1 9],69,150,168,81,145
1,<environment.Job instance at 0x7f4144dd6dc0>,72,3,[9 5],73,163,166,90,163
1,<environment.Job instance at 0x7f4144dd60f0>,71,2,[9 5],72,168,170,96,168
1,<environment.Job instance at 0x7f4144dd6a00>,76,2,[13  5],77,173,175,96,173
1,<environment.Job instance at 0x7f4144dd68c0>,77,1,[9 5],78,175,176,97,173
1,<environment.Job instance at 0x7f4144dd6aa0>,80,26,[6 3],81,190,216,109,190
1,<environment.Job instance at 0x7f40fa66ca50>,82,17,[ 2 11],83,190,207,107,190
1,<environment.Job instance at 0x7f40fa673dc0>,83,2,[6 3],84,207,209,123,190
1,<environment.Job instance at 0x7f40fa673780>,84,1,[9 4],85,209,210,124,190
1,<environment.Job instance at 0x7f40fa673be0>,85,23,[7 1],86,210,233,124,204
1,<environment.Job instance at 0x7f413de2eeb0>,88,2,[8 5],89,216,218,127,205
1,<environment.Job instance at 0x7f413de2e7d0>,90,3,[2 7],91,210,213,119,205
1,<environment.Job instance at 0x7f413e1697d0>,1,1,[9 5],2,2,3,0,2
1,<environment.Job instance at 0x7f413e169870>,4,2,[4 6],5,5,7,0,5
1,<environment.Job instance at 0x7f413e4d07d0>,5,2,[10  5],6,6,8,0,6
1,<environment.Job instance at 0x7f413e4d05f0>,6,1,[5 7],7,7,8,0,7
1,<environment.Job instance at 0x7f413e4d0af0>,7,2,[ 4 14],8,8,10,0,8
1,<environment.Job instance at 0x7f413e4ce410>,20,25,[2 8],21,39,64,18,39
1,<environment.Job instance at 0x7f40fa927370>,23,18,[ 4 10],24,64,82,40,55
1,<environment.Job instance at 0x7f40fa927eb0>,24,3,[ 3 14],25,82,85,57,56
1,<environment.Job instance at 0x7f40fa927190>,25,1,[10  1],26,56,57,30,56
1,<environment.Job instance at 0x7f40fa927320>,29,2,[13  5],30,85,87,55,70
1,<environment.Job instance at 0x7f40fa927a50>,30,1,[4 8],31,87,88,56,70
1,<environment.Job instance at 0x7f40fa927140>,32,3,[5 2],33,87,90,54,81
1,<environment.Job instance at 0x7f40fa927e60>,33,2,[2 5],34,85,87,51,81
1,<environment.Job instance at 0x7f40fa9275a0>,36,18,[9 4],37,98,116,61,98
1,<environment.Job instance at 0x7f413dfeaf00>,37,3,[8 5],38,116,119,78,99
1,<environment.Job instance at 0x7f413dfea0a0>,38,1,[ 3 12],39,119,120,80,99
1,<environment.Job instance at 0x7f413dfead70>,40,2,[5 6],41,101,103,60,101
1,<environment.Job instance at 0x7f413dfea6e0>,42,18,[5 1],43,109,127,66,109
1,<environment.Job instance at 0x7f413dfeac30>,44,20,[9 5],45,120,140,75,119
1,<environment.Job instance at 0x7f413dfea370>,46,18,[4 6],47,129,147,82,129
1,<environment.Job instance at 0x7f413dfea1e0>,48,2,[8 5],49,140,142,91,134
1,<environment.Job instance at 0x7f413dfeaf50>,50,2,[2 7],51,142,144,91,138
1,<environment.Job instance at 0x7f413dfeae60>,51,1,[10  4],52,144,145,92,138
1,<environment.Job instance at 0x7f413dfea5f0>,52,3,[3 8],53,145,148,92,138
1,<environment.Job instance at 0x7f413dfea050>,53,17,[10  5],54,147,164,93,139
1,<environment.Job instance at 0x7f40fa927d20>,28,17,[5 7],29,148,165,119,145
1,<environment.Job instance at 0x7f413dfea0f0>,56,1,[5 7],57,164,165,107,150
1,<environment.Job instance at 0x7f413e095f50>,58,2,[7 3],59,165,167,106,154
1,<environment.Job instance at 0x7f413e095e10>,59,1,[5 6],60,165,166,105,154
1,<environment.Job instance at 0x7f413dfea780>,55,18,[14  2],56,167,185,111,159
1,<environment.Job instance at 0x7f413e4d00a0>,12,1,[2 7],13,185,186,172,177
1,<environment.Job instance at 0x7f413e095c30>,67,25,[9 4],68,194,219,126,194
1,<environment.Job instance at 0x7f413e095550>,68,2,[2 7],69,194,196,125,194
1,<environment.Job instance at 0x7f413e0952d0>,69,2,[4 6],70,196,198,126,194
1,<environment.Job instance at 0x7f413e095910>,71,3,[ 4 12],72,219,222,147,197
1,<environment.Job instance at 0x7f413e07eaa0>,74,1,[8 1],75,219,220,144,202
1,<environment.Job instance at 0x7f413e07ecd0>,77,14,[12  5],78,222,236,144,210
1,<environment.Job instance at 0x7f40fa8ec7d0>,0,1,[8 1],1,1,2,0,1
1,<environment.Job instance at 0x7f413e07bcd0>,5,3,[ 1 14],6,6,9,0,6
1,<environment.Job instance at 0x7f40fa3ddf50>,10,13,[11  4],11,16,29,5,16
1,<environment.Job instance at 0x7f413df62320>,12,3,[10  5],13,29,32,16,18
1,<environment.Job instance at 0x7f413df62190>,14,14,[10  4],15,32,46,17,31
1,<environment.Job instance at 0x7f4144905320>,17,2,[3 7],18,32,34,14,32
1,<environment.Job instance at 0x7f413df62c80>,18,12,[10  1],19,46,58,27,32
1,<environment.Job instance at 0x7f413e157aa0>,19,21,[1 7],20,34,55,14,33
1,<environment.Job instance at 0x7f413e157a00>,21,2,[5 5],22,55,57,33,36
1,<environment.Job instance at 0x7f413e157eb0>,22,17,[ 2 14],23,57,74,34,45
1,<environment.Job instance at 0x7f413e11a050>,23,2,[8 4],24,74,76,50,47
1,<environment.Job instance at 0x7f413e0136e0>,24,1,[10  4],25,76,77,51,48
1,<environment.Job instance at 0x7f413e3921e0>,30,2,[8 1],31,65,67,34,65
1,<environment.Job instance at 0x7f413e392460>,31,1,[9 4],32,77,78,45,65
1,<environment.Job instance at 0x7f40fa978f50>,33,2,[1 7],34,74,76,40,65
1,<environment.Job instance at 0x7f413e170500>,34,2,[1 6],35,76,78,41,65
1,<environment.Job instance at 0x7f40fa5cdbe0>,35,16,[11  3],36,78,94,42,65
1,<environment.Job instance at 0x7f40fa5cdb40>,36,3,[9 2],37,94,97,57,77
1,<environment.Job instance at 0x7f4144930b90>,38,1,[8 2],39,97,98,58,81
1,<environment.Job instance at 0x7f4144a61b40>,39,3,[2 6],40,81,84,41,81
1,<environment.Job instance at 0x7f413e169f50>,41,1,[9 4],42,98,99,56,81
1,<environment.Job instance at 0x7f413e03ad20>,42,2,[2 7],43,84,86,41,81
1,<environment.Job instance at 0x7f4144d528c0>,7,16,[5 8],8,94,110,86,83
1,<environment.Job instance at 0x7f413e09c460>,43,18,[ 2 10],44,110,128,66,99
1,<environment.Job instance at 0x7f40fa6bd550>,4,22,[9 5],5,99,121,94,99
1,<environment.Job instance at 0x7f413e040fa0>,49,16,[10  5],50,121,137,71,115
1,<environment.Job instance at 0x7f413e0401e0>,52,1,[6 3],53,137,138,84,121
1,<environment.Job instance at 0x7f413e040c80>,54,1,[5 4],55,128,129,73,121
1,<environment.Job instance at 0x7f413e040910>,56,3,[6 2],57,137,140,80,122
1,<environment.Job instance at 0x7f413e040b40>,57,1,[6 3],58,138,139,80,122
1,<environment.Job instance at 0x7f413e040af0>,58,19,[7 1],59,139,158,80,129
1,<environment.Job instance at 0x7f41451cda50>,61,1,[2 7],62,139,140,77,139
1,<environment.Job instance at 0x7f41451cd960>,62,2,[4 5],63,140,142,77,139
1,<environment.Job instance at 0x7f413e192320>,65,2,[10  5],66,158,160,92,151
1,<environment.Job instance at 0x7f40fa49eeb0>,66,1,[2 5],67,151,152,84,151
1,<environment.Job instance at 0x7f40fa7f0730>,67,14,[11  2],68,160,174,92,151
1,<environment.Job instance at 0x7f40fa2df5f0>,46,1,[11  2],47,174,175,127,153
1,<environment.Job instance at 0x7f41451cd3c0>,68,15,[ 3 14],69,175,190,106,161
1,<environment.Job instance at 0x7f40fa3dd640>,11,12,[ 1 13],12,161,173,149,161
1,<environment.Job instance at 0x7f41449c2280>,71,12,[6 3],72,190,202,118,174
1,<environment.Job instance at 0x7f40fa825d20>,79,13,[7 5],80,190,203,110,189
1,<environment.Job instance at 0x7f40fa44f550>,75,2,[ 1 12],76,203,205,127,189
1,<environment.Job instance at 0x7f40fa48c9b0>,82,15,[7 3],83,202,217,119,190
1,<environment.Job instance at 0x7f4144ae0870>,83,1,[ 4 13],84,217,218,133,197
1,<environment.Job instance at 0x7f40fa4d2960>,85,3,[ 4 11],86,205,208,119,205
1,<environment.Job instance at 0x7f40fa4d25a0>,86,2,[8 3],87,208,210,121,205
1,<environment.Job instance at 0x7f40fa4d2820>,87,3,[2 8],88,210,213,122,205
1,<environment.Job instance at 0x7f4144a0f280>,81,14,[9 5],82,218,232,136,212
1,<environment.Job instance at 0x7f413dfe3780>,3,3,[1 8],4,4,7,0,4
1,<environment.Job instance at 0x7f40fa8e8cd0>,5,3,[14  4],6,6,9,0,6
1,<environment.Job instance at 0x7f41449e8aa0>,6,17,[ 1 13],7,9,26,2,7
1,<environment.Job instance at 0x7f413e2f20f0>,7,18,[ 3 12],8,26,44,18,15
1,<environment.Job instance at 0x7f413df2cfa0>,12,2,[6 3],13,26,28,13,15
1,<environment.Job instance at 0x7f413df2c780>,11,2,[11  4],12,44,46,32,20
1,<environment.Job instance at 0x7f40fa2aaaa0>,18,22,[ 1 13],19,46,68,27,39
1,<environment.Job instance at 0x7f40fa2aab40>,19,3,[2 9],20,68,71,48,42
1,<environment.Job instance at 0x7f40fa2aacd0>,20,3,[9 2],21,46,49,25,42
1,<environment.Job instance at 0x7f40fa2aad20>,21,3,[2 9],22,71,74,49,45
1,<environment.Job instance at 0x7f40fa2aadc0>,22,3,[10  3],23,68,71,45,45
1,<environment.Job instance at 0x7f40fa2aaf50>,26,18,[3 9],27,74,92,47,63
1,<environment.Job instance at 0x7f40fa2aabe0>,27,1,[9 1],28,63,64,35,63
1,<environment.Job instance at 0x7f40fa2aaaf0>,28,2,[11  2],29,64,66,35,63
1,<environment.Job instance at 0x7f40fa2c12d0>,29,23,[4 9],30,92,115,62,86
1,<environment.Job instance at 0x7f40fa2c14b0>,32,13,[14  2],33,115,128,82,99
1,<environment.Job instance at 0x7f40fa2c15f0>,34,22,[5 8],35,128,150,93,121
1,<environment.Job instance at 0x7f40fa50ac30>,16,18,[3 6],17,128,146,111,127
1,<environment.Job instance at 0x7f40fa2c11e0>,39,3,[4 5],40,146,149,106,127
1,<environment.Job instance at 0x7f40fa2c18c0>,42,1,[10  2],43,149,150,106,129
1,<environment.Job instance at 0x7f40fa2c1af0>,43,1,[2 9],44,150,151,106,129
1,<environment.Job instance at 0x7f40fa2c1be0>,44,1,[10  4],45,150,151,105,129
1,<environment.Job instance at 0x7f40fa2c1f50>,45,3,[5 7],46,151,154,105,129
1,<environment.Job instance at 0x7f40fa295280>,50,2,[ 4 14],51,154,156,103,141
1,<environment.Job instance at 0x7f40fa295460>,52,2,[1 5],53,151,153,98,142
1,<environment.Job instance at 0x7f40fa2955f0>,55,3,[10  2],56,156,159,100,145
1,<environment.Job instance at 0x7f40fa295730>,57,2,[9 1],58,159,161,101,156
1,<environment.Job instance at 0x7f40fa2957d0>,58,2,[ 2 10],59,156,158,97,156
1,<environment.Job instance at 0x7f40fa295870>,59,18,[2 9],60,158,176,98,157
1,<environment.Job instance at 0x7f40fa2959b0>,61,14,[ 1 10],62,176,190,114,168
1,<environment.Job instance at 0x7f40fa295a50>,62,1,[3 9],63,190,191,127,168
1,<environment.Job instance at 0x7f40fa295410>,65,1,[5 6],66,174,175,108,174
1,<environment.Job instance at 0x7f40fa295d70>,67,3,[9 4],68,176,179,108,176
1,<environment.Job instance at 0x7f40fa295e10>,68,3,[6 3],69,179,182,110,176
1,<environment.Job instance at 0x7f40fa295eb0>,69,2,[10  3],70,182,184,112,176
1,<environment.Job instance at 0x7f40fa295be0>,70,1,[4 8],71,191,192,120,176
1,<environment.Job instance at 0x7f40fa295fa0>,71,13,[9 1],72,184,197,112,177
1,<environment.Job instance at 0x7f40fa2a8190>,73,17,[14  2],74,197,214,123,185
1,<environment.Job instance at 0x7f40fa2c1e10>,49,18,[1 9],50,192,210,142,186
1,<environment.Job instance at 0x7f40fa2a84b0>,78,1,[9 5],79,214,215,135,205
1,<environment.Job instance at 0x7f40fa2a8550>,79,1,[7 3],80,215,216,135,205
1,<environment.Job instance at 0x7f40fa2a85f0>,80,2,[9 4],81,216,218,135,205
1,<environment.Job instance at 0x7f40fa2a8690>,81,1,[3 8],82,214,215,132,205
1,<environment.Job instance at 0x7f40fa2a82d0>,75,20,[10  3],76,218,238,142,211
1,<environment.Job instance at 0x7f41451cd820>,1,2,[7 1],2,2,4,0,2
1,<environment.Job instance at 0x7f40fa2ddeb0>,3,23,[1 7],4,4,27,0,4
1,<environment.Job instance at 0x7f4144e0cc30>,4,22,[1 8],5,5,27,0,5
1,<environment.Job instance at 0x7f40fa2ddb40>,6,1,[6 4],7,27,28,20,7
1,<environment.Job instance at 0x7f40fa44f910>,8,13,[14  3],9,28,41,19,12
1,<environment.Job instance at 0x7f4144aeea50>,12,26,[1 5],13,27,53,14,24
1,<environment.Job instance at 0x7f40fa891fa0>,22,22,[5 3],23,41,63,18,34
1,<environment.Job instance at 0x7f40fa891d20>,23,1,[8 4],24,41,42,17,35
1,<environment.Job instance at 0x7f4144999eb0>,25,1,[8 5],26,42,43,16,39
1,<environment.Job instance at 0x7f40fa891eb0>,26,3,[2 5],27,43,46,16,39
1,<environment.Job instance at 0x7f413e30c910>,27,24,[2 8],28,53,77,25,48
1,<environment.Job instance at 0x7f4144b01280>,33,26,[1 8],34,77,103,43,74
1,<environment.Job instance at 0x7f413e46e230>,37,3,[7 5],38,80,83,42,80
1,<environment.Job instance at 0x7f413e46eb40>,38,2,[5 3],39,83,85,44,80
1,<environment.Job instance at 0x7f4145455140>,39,15,[ 1 14],40,103,118,63,89
1,<environment.Job instance at 0x7f414499fd70>,40,1,[3 5],41,89,90,48,89
1,<environment.Job instance at 0x7f4145437140>,41,23,[9 4],42,118,141,76,112
1,<environment.Job instance at 0x7f413e1f2af0>,45,2,[1 9],46,118,120,72,117
1,<environment.Job instance at 0x7f413e08eeb0>,47,1,[ 1 10],48,120,121,72,117
1,<environment.Job instance at 0x7f40fa2ea0a0>,49,1,[6 4],50,121,122,71,117
1,<environment.Job instance at 0x7f413e30c730>,29,13,[14  2],30,141,154,111,126
1,<environment.Job instance at 0x7f40fa827050>,56,3,[ 1 10],57,142,145,85,142
1,<environment.Job instance at 0x7f413e04d3c0>,59,1,[10  2],60,154,155,94,151
1,<environment.Job instance at 0x7f413e04d870>,61,2,[4 9],62,154,156,92,151
1,<environment.Job instance at 0x7f413e04d690>,62,16,[1 9],63,156,172,93,151
1,<environment.Job instance at 0x7f40fa827e10>,52,14,[6 3],53,155,169,102,151
1,<environment.Job instance at 0x7f40fa2ea230>,48,16,[5 1],49,155,171,106,152
1,<environment.Job instance at 0x7f40fa8523c0>,64,12,[10  3],65,171,183,106,160
1,<environment.Job instance at 0x7f40fa939f00>,69,12,[4 8],70,172,184,102,165
1,<environment.Job instance at 0x7f40fa939370>,73,3,[ 2 10],74,184,187,110,170
1,<environment.Job instance at 0x7f40fa9393c0>,72,12,[1 7],73,187,199,114,170
1,<environment.Job instance at 0x7f40fa44faa0>,9,17,[9 1],10,186,203,176,186
1,<environment.Job instance at 0x7f40fa939e10>,75,15,[1 6],76,187,202,111,186
1,<environment.Job instance at 0x7f40fa939870>,76,2,[ 2 10],77,202,204,125,202
1,<environment.Job instance at 0x7f40fa939dc0>,77,16,[11  5],78,207,223,129,207
1,<environment.Job instance at 0x7f40fa44fcd0>,2,3,[1 5],3,4,7,1,4
1,<environment.Job instance at 0x7f4144e45370>,4,1,[2 5],5,6,7,1,6
1,<environment.Job instance at 0x7f40fa7d9f50>,6,1,[14  4],7,7,8,0,7
1,<environment.Job instance at 0x7f413e30d500>,5,13,[3 7],6,10,23,4,10
1,<environment.Job instance at 0x7f40fa3d4410>,7,17,[13  5],8,23,40,15,11
1,<environment.Job instance at 0x7f413e4d7cd0>,12,2,[3 7],13,13,15,0,13
1,<environment.Job instance at 0x7f4144cc2c80>,20,13,[7 3],21,40,53,19,24
1,<environment.Job instance at 0x7f4144c04870>,26,18,[ 2 10],27,49,67,22,49
1,<environment.Job instance at 0x7f40fa5cdc80>,28,3,[6 2],29,49,52,20,49
1,<environment.Job instance at 0x7f40fa744730>,29,1,[6 1],30,52,53,22,49
1,<environment.Job instance at 0x7f40fa744230>,30,17,[8 2],31,63,80,32,63
1,<environment.Job instance at 0x7f40fa8edbe0>,33,3,[ 2 10],34,67,70,33,65
1,<environment.Job instance at 0x7f40fa9923c0>,35,13,[2 7],36,74,87,38,74
1,<environment.Job instance at 0x7f40fa992960>,36,3,[1 8],37,80,83,43,74
1,<environment.Job instance at 0x7f40fa992500>,37,1,[3 5],38,74,75,36,74
1,<environment.Job instance at 0x7f413e427fa0>,38,25,[5 5],39,83,108,44,79
1,<environment.Job instance at 0x7f413e4d7870>,15,14,[6 1],16,83,97,67,79
1,<environment.Job instance at 0x7f413e427370>,40,18,[14  5],41,108,126,67,97
1,<environment.Job instance at 0x7f413e427320>,48,17,[2 7],49,126,143,77,116
1,<environment.Job instance at 0x7f413e427910>,50,22,[4 6],51,126,148,75,126
1,<environment.Job instance at 0x7f413e543500>,54,18,[10  2],55,143,161,88,141
1,<environment.Job instance at 0x7f4144a0faa0>,56,1,[6 4],57,161,162,104,142
1,<environment.Job instance at 0x7f4144a0f320>,57,2,[9 5],58,161,163,103,142
1,<environment.Job instance at 0x7f4144a0fa50>,58,12,[10  5],59,163,175,104,150
1,<environment.Job instance at 0x7f4144c2d410>,62,17,[ 3 14],63,175,192,112,163
1,<environment.Job instance at 0x7f4144c2d5f0>,63,2,[8 3],64,192,194,128,165
1,<environment.Job instance at 0x7f40fa898b40>,65,16,[ 4 12],66,192,208,126,179
1,<environment.Job instance at 0x7f413e53a050>,67,3,[6 1],68,179,182,111,179
1,<environment.Job instance at 0x7f40fa2ea2d0>,68,18,[13  3],69,208,226,139,197
1,<environment.Job instance at 0x7f40fa2ea780>,69,1,[ 4 14],70,226,227,156,198
1,<environment.Job instance at 0x7f413e357640>,24,18,[ 2 10],25,208,226,183,199
1,<environment.Job instance at 0x7f40fa2eae60>,72,16,[14  1],73,227,243,154,214
1,<environment.Job instance at 0x7f40fa3d40a0>,0,26,[9 4],1,1,27,0,1
1,<environment.Job instance at 0x7f413e3fb730>,5,14,[13  2],6,27,41,21,14
1,<environment.Job instance at 0x7f40fa6e56e0>,10,3,[ 4 10],11,14,17,3,14
1,<environment.Job instance at 0x7f40fa705500>,13,2,[1 5],14,17,19,3,17
1,<environment.Job instance at 0x7f40fa705cd0>,18,2,[6 4],19,41,43,22,29
1,<environment.Job instance at 0x7f40fa38d190>,19,19,[2 9],20,29,48,9,29
1,<environment.Job instance at 0x7f40fa38d2d0>,20,22,[1 9],21,48,70,27,41
1,<environment.Job instance at 0x7f40fa38d3c0>,23,1,[5 6],24,43,44,19,41
1,<environment.Job instance at 0x7f40fa38db40>,30,3,[ 4 10],31,70,73,39,65
1,<environment.Job instance at 0x7f40fa38dd20>,33,26,[2 9],34,73,99,39,70
1,<environment.Job instance at 0x7f40fa38d6e0>,28,2,[ 4 12],29,99,101,70,72
1,<environment.Job instance at 0x7f40fa38d8c0>,39,3,[3 5],40,78,81,38,78
1,<environment.Job instance at 0x7f40fa38df50>,40,3,[2 6],41,81,84,40,78
1,<environment.Job instance at 0x7f413e3fb2d0>,8,24,[8 3],9,84,108,75,81
1,<environment.Job instance at 0x7f40fa3c04b0>,41,17,[13  5],42,108,125,66,96
1,<environment.Job instance at 0x7f40fa3c0500>,45,3,[5 5],46,101,104,55,99
1,<environment.Job instance at 0x7f40fa3c0640>,46,1,[5 3],47,104,105,57,99
1,<environment.Job instance at 0x7f40fa3c0370>,48,3,[10  4],49,125,128,76,108
1,<environment.Job instance at 0x7f40fa3c0780>,50,1,[1 7],51,108,109,57,108
1,<environment.Job instance at 0x7f40fa3c0a50>,52,2,[1 9],53,109,111,56,108
1,<environment.Job instance at 0x7f40fa3c06e0>,53,2,[6 3],54,128,130,74,108
1,<environment.Job instance at 0x7f40fa3c0aa0>,55,13,[2 6],56,112,125,56,112
1,<environment.Job instance at 0x7f40fa3c0d20>,56,1,[6 3],57,128,129,71,112
1,<environment.Job instance at 0x7f40fa3c0dc0>,57,1,[5 4],58,125,126,67,112
1,<environment.Job instance at 0x7f40fa3c0e60>,58,18,[5 6],59,129,147,70,126
1,<environment.Job instance at 0x7f40fa3c0fa0>,59,1,[3 5],60,126,127,66,126
1,<environment.Job instance at 0x7f40fa3c03c0>,60,1,[4 9],61,127,128,66,126
1,<environment.Job instance at 0x7f40fa39e280>,64,2,[7 3],65,145,147,80,145
1,<environment.Job instance at 0x7f40fa39e5a0>,68,2,[1 6],69,154,156,85,154
1,<environment.Job instance at 0x7f40fa39e8c0>,69,23,[5 5],70,157,180,87,157
1,<environment.Job instance at 0x7f40fa39ec80>,73,13,[10  3],74,169,182,95,169
1,<environment.Job instance at 0x7f40fa39edc0>,75,24,[7 5],76,182,206,106,182
1,<environment.Job instance at 0x7f40fa39ef00>,77,3,[ 2 13],78,206,209,128,183
1,<environment.Job instance at 0x7f40fa390460>,83,3,[5 6],84,195,198,111,195
1,<environment.Job instance at 0x7f40fa390500>,84,3,[9 3],85,209,212,124,195
1,<environment.Job instance at 0x7f40fa390320>,85,2,[7 1],86,198,200,112,195
1,<environment.Job instance at 0x7f40fa3905f0>,88,3,[10  1],89,206,209,117,200
1,<environment.Job instance at 0x7f413e446f00>,5,1,[5 7],6,6,7,0,6
1,<environment.Job instance at 0x7f4145437870>,12,22,[6 2],13,14,36,1,14
1,<environment.Job instance at 0x7f413dfb5730>,14,23,[6 5],15,22,45,7,22
1,<environment.Job instance at 0x7f41451d5f00>,10,2,[3 9],11,36,38,25,25
1,<environment.Job instance at 0x7f40fa8c3370>,9,15,[9 3],10,38,53,28,25
1,<environment.Job instance at 0x7f413e013230>,26,1,[3 5],27,45,46,18,40
1,<environment.Job instance at 0x7f413e013d70>,27,3,[5 5],28,46,49,18,40
1,<environment.Job instance at 0x7f413e013eb0>,28,1,[5 1],29,49,50,20,40
1,<environment.Job instance at 0x7f413e013050>,29,1,[9 1],30,53,54,23,40
1,<environment.Job instance at 0x7f413e013140>,30,26,[5 7],31,50,76,19,47
1,<environment.Job instance at 0x7f413e0132d0>,31,16,[ 2 10],32,76,92,44,63
1,<environment.Job instance at 0x7f413e013820>,34,20,[5 9],35,92,112,57,83
1,<environment.Job instance at 0x7f413e013960>,39,27,[5 9],40,112,139,72,110
1,<environment.Job instance at 0x7f413e013910>,32,2,[7 5],33,112,114,79,112
1,<environment.Job instance at 0x7f413df9a690>,42,26,[ 1 10],43,139,165,96,136
1,<environment.Job instance at 0x7f40fa5cdc80>,48,1,[9 2],49,138,139,89,138
1,<environment.Job instance at 0x7f40fa37ac30>,51,2,[10  5],52,148,150,96,148
1,<environment.Job instance at 0x7f40fa37a960>,52,1,[9 4],53,150,151,97,148
1,<environment.Job instance at 0x7f40fa37afa0>,53,2,[3 6],54,165,167,111,148
1,<environment.Job instance at 0x7f413e42fa00>,54,1,[1 7],55,165,166,110,148
1,<environment.Job instance at 0x7f413e42f1e0>,55,2,[1 8],56,166,168,110,148
1,<environment.Job instance at 0x7f413e42f5f0>,59,14,[ 1 13],60,168,182,108,158
1,<environment.Job instance at 0x7f413e406730>,60,21,[5 2],61,167,188,106,165
1,<environment.Job instance at 0x7f413e013d20>,25,15,[ 5 11],26,182,197,156,170
1,<environment.Job instance at 0x7f4144982e60>,23,21,[7 4],24,188,209,164,183
1,<environment.Job instance at 0x7f413e406230>,64,18,[3 8],65,197,215,132,187
1,<environment.Job instance at 0x7f414488d780>,67,2,[8 3],68,209,211,141,192
1,<environment.Job instance at 0x7f413df62b40>,69,3,[ 4 10],70,215,218,145,192
1,<environment.Job instance at 0x7f413e406eb0>,62,16,[11  5],63,211,227,148,198
1,<environment.Job instance at 0x7f413df62c80>,72,1,[5 8],73,227,228,154,199
1,<environment.Job instance at 0x7f413df62eb0>,73,1,[6 3],74,227,228,153,199
1,<environment.Job instance at 0x7f413e5485f0>,74,3,[6 1],75,228,231,153,202
1,<environment.Job instance at 0x7f413e548aa0>,75,1,[10  4],76,231,232,155,203
1,<environment.Job instance at 0x7f413e548a50>,77,3,[10  1],78,232,235,154,207
1,<environment.Job instance at 0x7f413e548c80>,79,1,[6 1],80,228,229,148,207
1,<environment.Job instance at 0x7f413e5480a0>,81,1,[6 1],82,229,230,147,212
1,<environment.Job instance at 0x7f413e548870>,82,2,[ 4 10],83,218,220,135,212
1,<environment.Job instance at 0x7f413e5483c0>,83,2,[4 7],84,220,222,136,212
1,<environment.Job instance at 0x7f40fa08a050>,2,17,[ 4 10],3,7,24,4,7
1,<environment.Job instance at 0x7f40fa5c2d70>,4,1,[ 1 11],5,24,25,19,7
1,<environment.Job instance at 0x7f40fa5c2e60>,7,1,[6 4],8,8,9,0,8
1,<environment.Job instance at 0x7f40fa5c2500>,12,28,[5 1],13,13,41,0,13
1,<environment.Job instance at 0x7f40fa5c2640>,13,2,[1 9],14,25,27,11,14
1,<environment.Job instance at 0x7f40fa5c26e0>,15,3,[8 5],16,25,28,9,21
1,<environment.Job instance at 0x7f40fa714870>,17,1,[6 2],18,21,22,3,21
1,<environment.Job instance at 0x7f40fa714aa0>,18,3,[1 7],19,27,30,8,21
1,<environment.Job instance at 0x7f40fa714be0>,19,13,[ 1 13],20,30,43,10,21
1,<environment.Job instance at 0x7f40fa714dc0>,22,1,[6 3],23,28,29,5,25
1,<environment.Job instance at 0x7f40fa714b90>,23,2,[4 5],24,43,45,19,25
1,<environment.Job instance at 0x7f40fa7143c0>,24,23,[2 9],25,43,66,18,37
1,<environment.Job instance at 0x7f40fa566780>,28,2,[10  1],29,41,43,12,40
1,<environment.Job instance at 0x7f41448d2c80>,34,2,[6 1],35,83,85,48,83
1,<environment.Job instance at 0x7f41448d29b0>,35,3,[7 2],36,83,86,47,83
1,<environment.Job instance at 0x7f41448d2140>,36,1,[10  5],37,86,87,49,83
1,<environment.Job instance at 0x7f41448d2f00>,37,3,[10  3],38,87,90,49,83
1,<environment.Job instance at 0x7f41448d2d20>,38,26,[2 5],39,83,109,44,83
1,<environment.Job instance at 0x7f41448d2aa0>,39,28,[4 8],40,90,118,50,89
1,<environment.Job instance at 0x7f41448d22d0>,40,28,[1 5],41,109,137,68,108
1,<environment.Job instance at 0x7f41448d28c0>,41,1,[9 5],42,118,119,76,108
1,<environment.Job instance at 0x7f413df5fd70>,44,2,[8 1],45,108,110,63,108
1,<environment.Job instance at 0x7f413df5f140>,45,1,[4 6],46,119,120,73,108
1,<environment.Job instance at 0x7f413df5ff50>,46,22,[7 4],47,119,141,72,112
1,<environment.Job instance at 0x7f413df5f1e0>,47,28,[ 1 10],48,137,165,89,136
1,<environment.Job instance at 0x7f4144ba5cd0>,50,1,[ 5 10],51,165,166,114,141
1,<environment.Job instance at 0x7f4144ba5730>,51,1,[9 3],52,141,142,89,141
1,<environment.Job instance at 0x7f4144ba5d70>,52,1,[1 7],53,166,167,113,141
1,<environment.Job instance at 0x7f4144ba5190>,54,18,[ 2 10],55,167,185,112,157
1,<environment.Job instance at 0x7f4144ba5050>,55,2,[8 2],56,157,159,101,157
1,<environment.Job instance at 0x7f4144ba5eb0>,56,1,[10  4],57,159,160,102,157
1,<environment.Job instance at 0x7f4144ba54b0>,57,3,[9 4],58,160,163,102,157
1,<environment.Job instance at 0x7f4144ba5370>,59,1,[8 3],60,163,164,103,157
1,<environment.Job instance at 0x7f4144ba5a50>,60,2,[ 4 10],61,185,187,124,158
1,<environment.Job instance at 0x7f413df6f910>,63,3,[9 5],64,164,167,100,158
1,<environment.Job instance at 0x7f413df6f460>,66,1,[5 1],67,177,178,110,177
1,<environment.Job instance at 0x7f40fa5c2140>,9,18,[5 5],10,181,199,171,181
1,<environment.Job instance at 0x7f413df6f960>,68,12,[3 8],69,187,199,118,181
1,<environment.Job instance at 0x7f413df6faa0>,71,2,[5 2],72,187,189,115,183
1,<environment.Job instance at 0x7f40fa90aaf0>,76,20,[10  4],77,208,228,131,208
1,<environment.Job instance at 0x7f40fa90a4b0>,80,1,[ 2 10],81,220,221,139,220
1,<environment.Job instance at 0x7f40fa90a0f0>,83,2,[1 9],84,221,223,137,220
1,<environment.Job instance at 0x7f40fa3c0050>,1,2,[4 7],2,2,4,0,2
1,<environment.Job instance at 0x7f40fa714e10>,3,27,[5 6],4,4,31,0,4
1,<environment.Job instance at 0x7f413e3a80f0>,4,2,[5 3],5,5,7,0,5
1,<environment.Job instance at 0x7f414493d7d0>,5,1,[9 2],6,7,8,1,6
1,<environment.Job instance at 0x7f40fa90a0f0>,7,2,[4 9],8,8,10,0,8
1,<environment.Job instance at 0x7f40fa166410>,11,12,[10  1],12,16,28,4,16
1,<environment.Job instance at 0x7f4144fe50a0>,12,16,[7 1],13,28,44,15,17
1,<environment.Job instance at 0x7f413e1f1d20>,15,2,[3 7],16,28,30,12,17
1,<environment.Job instance at 0x7f40fa5cd780>,6,16,[ 3 11],7,31,47,24,20
1,<environment.Job instance at 0x7f40fa390550>,16,3,[1 5],17,47,50,30,28
1,<environment.Job instance at 0x7f40fa390c30>,20,18,[12  3],21,44,62,23,33
1,<environment.Job instance at 0x7f40fa836460>,23,18,[1 8],24,50,68,26,39
1,<environment.Job instance at 0x7f40fa836140>,25,27,[4 6],26,62,89,36,60
1,<environment.Job instance at 0x7f40fa836eb0>,27,1,[1 7],28,68,69,40,60
1,<environment.Job instance at 0x7f40fa81b320>,31,2,[5 3],32,69,71,37,66
1,<environment.Job instance at 0x7f40fa81b5a0>,32,1,[5 5],33,69,70,36,66
1,<environment.Job instance at 0x7f40fa81b050>,33,12,[9 4],34,71,83,37,67
1,<environment.Job instance at 0x7f40fa81bd70>,34,2,[9 3],35,83,85,48,67
1,<environment.Job instance at 0x7f40fa81ba00>,35,3,[2 6],36,83,86,47,67
1,<environment.Job instance at 0x7f40fa1b0370>,37,3,[6 3],38,85,88,47,67
1,<environment.Job instance at 0x7f40fa1b0aa0>,38,1,[10  4],39,88,89,49,67
1,<environment.Job instance at 0x7f40fa195500>,40,14,[11  5],41,89,103,48,74
1,<environment.Job instance at 0x7f40fa836500>,21,15,[4 9],22,89,104,67,76
1,<environment.Job instance at 0x7f40fa1ac050>,44,28,[4 7],45,104,132,59,103
1,<environment.Job instance at 0x7f40fa501140>,14,27,[3 8],15,104,131,89,103
1,<environment.Job instance at 0x7f40fa1ac730>,50,24,[9 4],51,131,155,80,126
1,<environment.Job instance at 0x7f414494ca00>,17,18,[4 5],18,132,150,114,128
1,<environment.Job instance at 0x7f40fa71aa00>,53,2,[12  3],54,155,157,101,136
1,<environment.Job instance at 0x7f413ddb5640>,55,12,[2 6],56,136,148,80,136
1,<environment.Job instance at 0x7f40fa950460>,57,12,[3 7],58,150,162,92,146
1,<environment.Job instance at 0x7f413e3de5f0>,58,16,[7 1],59,157,173,98,146
1,<environment.Job instance at 0x7f40fa821140>,60,17,[3 8],61,162,179,101,158
1,<environment.Job instance at 0x7f413ddc6aa0>,62,1,[7 3],63,173,174,110,159
1,<environment.Job instance at 0x7f413ddc6320>,63,17,[7 3],64,174,191,110,162
1,<environment.Job instance at 0x7f40fa3bf190>,61,16,[12  1],62,191,207,129,180
1,<environment.Job instance at 0x7f40fa3ad280>,66,12,[4 6],67,207,219,140,190
1,<environment.Job instance at 0x7f413e41d460>,67,18,[3 9],68,194,212,126,194
1,<environment.Job instance at 0x7f40fa601c30>,77,22,[10  4],78,212,234,134,205
1,<environment.Job instance at 0x7f40fa39ed20>,4,12,[ 4 13],5,5,17,0,5
1,<environment.Job instance at 0x7f413de48640>,10,2,[ 2 12],11,17,19,6,11
1,<environment.Job instance at 0x7f413de485f0>,11,13,[ 3 11],12,19,32,7,13
1,<environment.Job instance at 0x7f40fa922fa0>,19,2,[10  4],20,24,26,4,24
1,<environment.Job instance at 0x7f40fa05d410>,12,17,[ 1 10],13,32,49,19,28
1,<environment.Job instance at 0x7f40fa922b40>,20,18,[2 9],21,49,67,28,38
1,<environment.Job instance at 0x7f40fa866a50>,24,14,[7 2],25,41,55,16,41
1,<environment.Job instance at 0x7f40fa0efe10>,26,13,[10  2],27,55,68,28,51
1,<environment.Job instance at 0x7f40fa0ef690>,27,2,[ 5 12],28,67,69,39,52
1,<environment.Job instance at 0x7f414504caf0>,28,3,[9 4],29,69,72,40,54
1,<environment.Job instance at 0x7f40fa742190>,29,20,[7 2],30,72,92,42,63
1,<environment.Job instance at 0x7f40fa34d370>,22,16,[2 8],23,69,85,46,66
1,<environment.Job instance at 0x7f40fa363f00>,34,1,[5 9],35,85,86,50,81
1,<environment.Job instance at 0x7f40fa5d33c0>,35,2,[ 2 12],36,86,88,50,81
1,<environment.Job instance at 0x7f40fa5d3050>,36,2,[10  2],37,92,94,55,81
1,<environment.Job instance at 0x7f40fa746140>,38,22,[ 3 10],39,88,110,49,82
1,<environment.Job instance at 0x7f40fa5a7910>,40,13,[ 2 13],41,110,123,69,94
1,<environment.Job instance at 0x7f40fa0efdc0>,25,1,[14  5],26,123,124,97,101
1,<environment.Job instance at 0x7f40fa6dc370>,46,1,[6 5],47,124,125,77,117
1,<environment.Job instance at 0x7f40fa6dc500>,47,23,[3 5],48,124,147,76,118
1,<environment.Job instance at 0x7f40fa6dc4b0>,48,16,[1 9],49,125,141,76,124
1,<environment.Job instance at 0x7f40fa6dca50>,50,28,[2 6],51,141,169,90,140
1,<environment.Job instance at 0x7f40fa6dc190>,51,1,[2 6],52,147,148,95,140
1,<environment.Job instance at 0x7f40fa6dcaf0>,52,2,[ 4 10],53,169,171,116,142
1,<environment.Job instance at 0x7f40fa6dc050>,53,1,[6 1],54,142,143,88,142
1,<environment.Job instance at 0x7f40fa899cd0>,54,2,[7 2],55,143,145,88,142
1,<environment.Job instance at 0x7f40fa899a50>,57,2,[9 2],58,145,147,87,142
1,<environment.Job instance at 0x7f40fa899c80>,58,2,[8 1],59,147,149,88,142
1,<environment.Job instance at 0x7f40fa899690>,59,23,[8 2],60,149,172,89,143
1,<environment.Job instance at 0x7f40fa6dc7d0>,44,19,[3 7],45,148,167,103,143
1,<environment.Job instance at 0x7f40fa899910>,60,1,[13  1],61,172,173,111,147
1,<environment.Job instance at 0x7f413df465f0>,70,2,[2 6],71,175,177,104,175
1,<environment.Job instance at 0x7f413df46190>,71,20,[10  2],72,175,195,103,175
1,<environment.Job instance at 0x7f413df46b90>,72,2,[ 4 10],73,177,179,104,175
1,<environment.Job instance at 0x7f40fa446820>,73,15,[ 3 14],74,195,210,121,181
1,<environment.Job instance at 0x7f40fa8999b0>,66,12,[3 9],67,182,194,115,182
1,<environment.Job instance at 0x7f413e031910>,78,3,[13  1],79,210,213,131,189
1,<environment.Job instance at 0x7f413e031140>,79,1,[10  2],80,213,214,133,189
1,<environment.Job instance at 0x7f4144bfcfa0>,81,3,[10  1],82,195,198,113,193
1,<environment.Job instance at 0x7f4144bfceb0>,82,1,[1 9],83,194,195,111,193
1,<environment.Job instance at 0x7f413e031f50>,77,18,[1 8],78,210,228,132,207
1,<environment.Job instance at 0x7f40fa9caaf0>,88,27,[6 3],89,214,241,125,212
1,<environment.Job instance at 0x7f40fa66e1e0>,5,1,[10  4],6,9,10,3,9
1,<environment.Job instance at 0x7f41455c6230>,4,1,[8 1],5,10,11,5,9
1,<environment.Job instance at 0x7f40fa4d5820>,11,23,[9 2],12,12,35,0,12
1,<environment.Job instance at 0x7f4144d501e0>,15,25,[ 2 11],16,26,51,10,26
1,<environment.Job instance at 0x7f4144d50460>,20,14,[13  1],21,35,49,14,32
1,<environment.Job instance at 0x7f4144d505a0>,22,3,[10  5],23,51,54,28,40
1,<environment.Job instance at 0x7f4144d50320>,23,12,[12  5],24,54,66,30,41
1,<environment.Job instance at 0x7f4144d50190>,25,2,[3 6],26,51,53,25,42
1,<environment.Job instance at 0x7f4144d50280>,27,12,[ 4 10],28,66,78,38,55
1,<environment.Job instance at 0x7f4144d50aa0>,28,2,[4 9],29,78,80,49,55
1,<environment.Job instance at 0x7f4144d50f00>,29,17,[11  5],30,66,83,36,57
1,<environment.Job instance at 0x7f40fa1350f0>,31,1,[1 8],32,60,61,28,60
1,<environment.Job instance at 0x7f40fa135c80>,32,22,[ 4 11],33,83,105,50,76
1,<environment.Job instance at 0x7f40fa135410>,36,15,[13  2],37,105,120,68,91
1,<environment.Job instance at 0x7f40fa135fa0>,39,13,[ 5 11],40,120,133,80,115
1,<environment.Job instance at 0x7f40fa135af0>,43,3,[ 3 14],44,133,136,89,115
1,<environment.Job instance at 0x7f40fa135320>,44,22,[7 4],45,136,158,91,129
1,<environment.Job instance at 0x7f40fa1356e0>,48,17,[14  2],49,158,175,109,146
1,<environment.Job instance at 0x7f40fa135a50>,49,2,[9 5],50,175,177,125,148
1,<environment.Job instance at 0x7f40fa5ae320>,50,20,[ 3 10],51,175,195,124,166
1,<environment.Job instance at 0x7f40fa1353c0>,47,16,[5 1],48,177,193,129,166
1,<environment.Job instance at 0x7f40fa5aee10>,56,2,[1 9],57,195,197,138,180
1,<environment.Job instance at 0x7f40fa5aefa0>,58,2,[10  3],59,193,195,134,180
1,<environment.Job instance at 0x7f40fa5ae780>,59,18,[1 9],60,197,215,137,186
1,<environment.Job instance at 0x7f40fa5ae4b0>,60,1,[6 3],61,186,187,125,186
1,<environment.Job instance at 0x7f40fa5ae690>,61,1,[6 5],62,195,196,133,186
1,<environment.Job instance at 0x7f40fa5ae500>,64,1,[10  1],65,196,197,131,187
1,<environment.Job instance at 0x7f40fa135870>,38,15,[5 4],39,197,212,158,193
1,<environment.Job instance at 0x7f40fa5ae410>,70,1,[10  2],71,212,213,141,200
1,<environment.Job instance at 0x7f413e1a6820>,71,12,[6 4],72,213,225,141,200
1,<environment.Job instance at 0x7f413e1a6c30>,72,14,[ 2 11],73,215,229,142,200
1,<environment.Job instance at 0x7f413e1a63c0>,73,2,[2 7],74,229,231,155,203
1,<environment.Job instance at 0x7f413e1a60a0>,75,13,[ 3 14],76,231,244,155,215
1,<environment.Job instance at 0x7f413e1a6cd0>,77,2,[5 6],78,229,231,151,215
1,<environment.Job instance at 0x7f413e45dc80>,4,2,[3 9],5,5,7,0,5
1,<environment.Job instance at 0x7f40fa39eaf0>,5,3,[4 8],6,7,10,1,6
1,<environment.Job instance at 0x7f40fa786fa0>,12,2,[9 2],13,14,16,1,14
1,<environment.Job instance at 0x7f40fa786e10>,13,18,[ 4 10],14,23,41,9,23
1,<environment.Job instance at 0x7f40fa4850f0>,15,3,[8 2],16,23,26,7,23
1,<environment.Job instance at 0x7f413df78e60>,16,26,[3 5],17,26,52,9,23
1,<environment.Job instance at 0x7f40fa9ca910>,17,24,[9 4],18,41,65,23,36
1,<environment.Job instance at 0x7f413df95780>,22,3,[8 3],23,65,68,42,44
1,<environment.Job instance at 0x7f413df95640>,23,2,[8 5],24,68,70,44,44
1,<environment.Job instance at 0x7f413df958c0>,26,3,[9 1],27,70,73,43,47
1,<environment.Job instance at 0x7f413df95500>,27,3,[7 3],28,65,68,37,47
1,<environment.Job instance at 0x7f413df95fa0>,28,1,[12  1],29,73,74,44,51
1,<environment.Job instance at 0x7f413df950a0>,25,18,[ 3 10],26,68,86,42,57
1,<environment.Job instance at 0x7f413df6df50>,34,1,[7 2],35,74,75,39,59
1,<environment.Job instance at 0x7f413df6d9b0>,35,1,[6 4],36,59,60,23,59
1,<environment.Job instance at 0x7f413df6d4b0>,36,1,[6 5],37,60,61,23,59
1,<environment.Job instance at 0x7f413df6de10>,38,3,[1 5],39,62,65,23,62
1,<environment.Job instance at 0x7f413df87a50>,40,2,[6 2],41,75,77,34,63
1,<environment.Job instance at 0x7f413df6d1e0>,41,16,[1 8],42,86,102,44,75
1,<environment.Job instance at 0x7f413df87a00>,42,2,[8 5],43,77,79,34,75
1,<environment.Job instance at 0x7f40fa2dbcd0>,43,24,[5 1],44,79,103,35,75
1,<environment.Job instance at 0x7f40fa2ec550>,45,22,[5 4],46,79,101,33,76
1,<environment.Job instance at 0x7f40fa2ec7d0>,46,28,[8 5],47,101,129,54,100
1,<environment.Job instance at 0x7f40fa651190>,8,18,[4 7],9,103,121,94,101
1,<environment.Job instance at 0x7f40fa7ea320>,51,2,[2 5],52,121,123,69,105
1,<environment.Job instance at 0x7f413deb5960>,49,1,[9 5],50,129,130,79,105
1,<environment.Job instance at 0x7f40fa2d8460>,55,2,[ 5 10],56,123,125,67,107
1,<environment.Job instance at 0x7f413dee30f0>,58,15,[ 1 14],59,130,145,71,116
1,<environment.Job instance at 0x7f413dec2c80>,66,1,[9 2],67,145,146,78,138
1,<environment.Job instance at 0x7f413dec21e0>,63,2,[ 2 13],64,145,147,81,141
1,<environment.Job instance at 0x7f413deeb7d0>,70,1,[10  3],71,147,148,76,144
1,<environment.Job instance at 0x7f413deeb320>,71,2,[2 5],72,147,149,75,144
1,<environment.Job instance at 0x7f413deeb640>,72,2,[3 9],73,148,150,75,144
1,<environment.Job instance at 0x7f413deebb90>,73,1,[8 5],74,149,150,75,144
1,<environment.Job instance at 0x7f40fa13fe60>,74,1,[3 7],75,147,148,72,144
1,<environment.Job instance at 0x7f413deeb4b0>,75,27,[4 6],76,150,177,74,148
1,<environment.Job instance at 0x7f413deebaf0>,76,1,[6 2],77,150,151,73,148
1,<environment.Job instance at 0x7f413decc410>,69,15,[10  5],70,151,166,81,149
1,<environment.Job instance at 0x7f40fa92ed20>,79,24,[9 1],80,166,190,86,162
1,<environment.Job instance at 0x7f40fa933460>,82,16,[ 1 10],83,177,193,94,167
1,<environment.Job instance at 0x7f40fa933550>,86,2,[10  3],87,190,192,103,178
1,<environment.Job instance at 0x7f40fa933960>,88,1,[ 2 12],89,193,194,104,185
1,<environment.Job instance at 0x7f40fa2d8a00>,54,25,[9 4],55,194,219,139,190
1,<environment.Job instance at 0x7f40fa9135a0>,92,14,[1 8],93,200,214,107,200
1,<environment.Job instance at 0x7f40fa913870>,94,1,[3 6],95,214,215,119,203
1,<environment.Job instance at 0x7f40fa913230>,95,1,[5 2],96,203,204,107,203
1,<environment.Job instance at 0x7f40fa913d20>,96,13,[11  2],97,219,232,122,203
1,<environment.Job instance at 0x7f40fa05bfa0>,4,2,[6 2],5,5,7,0,5
1,<environment.Job instance at 0x7f40fa3f45f0>,6,3,[9 4],7,7,10,0,7
1,<environment.Job instance at 0x7f4144c38eb0>,7,1,[8 4],8,10,11,2,8
1,<environment.Job instance at 0x7f4144c387d0>,8,2,[4 8],9,9,11,0,9
1,<environment.Job instance at 0x7f40fa3f4230>,9,12,[1 7],10,11,23,1,10
1,<environment.Job instance at 0x7f413e4473c0>,10,3,[10  5],11,11,14,0,11
1,<environment.Job instance at 0x7f413e4475f0>,12,1,[2 9],13,23,24,10,13
1,<environment.Job instance at 0x7f4144f8ecd0>,15,1,[8 2],16,16,17,0,16
1,<environment.Job instance at 0x7f4144f8ea50>,16,1,[2 8],17,17,18,0,17
1,<environment.Job instance at 0x7f40fa913d20>,2,17,[4 8],3,24,41,21,23
1,<environment.Job instance at 0x7f413e142c80>,23,2,[1 7],24,28,30,4,28
1,<environment.Job instance at 0x7f40fa07b4b0>,28,16,[8 1],29,43,59,14,43
1,<environment.Job instance at 0x7f40fa07b640>,30,12,[3 6],31,44,56,13,44
1,<environment.Job instance at 0x7f40fa99d730>,32,12,[2 8],33,56,68,23,56
1,<environment.Job instance at 0x7f40fa99d190>,33,23,[5 6],34,56,79,22,56
1,<environment.Job instance at 0x7f40fa99d050>,36,2,[10  5],37,68,70,31,57
1,<environment.Job instance at 0x7f40fa99df00>,38,28,[3 8],39,70,98,31,69
1,<environment.Job instance at 0x7f40fa99d780>,41,2,[8 4],42,81,83,39,81
1,<environment.Job instance at 0x7f40fa99d5a0>,42,2,[10  2],43,83,85,40,81
1,<environment.Job instance at 0x7f40fa99dc80>,43,23,[5 7],44,85,108,41,82
1,<environment.Job instance at 0x7f40fa99d6e0>,44,28,[8 5],45,98,126,53,97
1,<environment.Job instance at 0x7f40fa99d3c0>,46,23,[3 7],47,108,131,61,102
1,<environment.Job instance at 0x7f40fa08b910>,47,24,[2 9],48,131,155,83,126
1,<environment.Job instance at 0x7f40fa08b9b0>,49,22,[5 3],50,126,148,76,126
1,<environment.Job instance at 0x7f413e29ac80>,52,23,[13  5],53,148,171,95,142
1,<environment.Job instance at 0x7f413e29a2d0>,54,20,[1 9],55,155,175,100,146
1,<environment.Job instance at 0x7f413e04a0a0>,59,1,[5 9],60,175,176,115,150
1,<environment.Job instance at 0x7f413e04adc0>,60,3,[6 2],61,171,174,110,150
1,<environment.Job instance at 0x7f413e04a640>,62,1,[1 9],63,176,177,113,150
1,<environment.Job instance at 0x7f40fa7bcb90>,63,26,[6 4],64,171,197,107,168
1,<environment.Job instance at 0x7f40fa5f79b0>,66,24,[10  1],67,197,221,130,192
1,<environment.Job instance at 0x7f40fa7bcbe0>,68,1,[1 7],69,193,194,124,193
1,<environment.Job instance at 0x7f413e0ad0f0>,69,1,[10  4],70,221,222,151,193
1,<environment.Job instance at 0x7f413e0ad050>,70,1,[4 7],71,194,195,123,193
1,<environment.Job instance at 0x7f40fa8c7460>,21,17,[9 5],22,222,239,200,212
1,<environment.Job instance at 0x7f413e140780>,73,17,[11  1],74,239,256,165,227
1,<environment.Job instance at 0x7f40fa3b0230>,1,21,[2 7],2,2,23,0,2
1,<environment.Job instance at 0x7f413e140780>,8,18,[8 3],9,19,37,10,19
1,<environment.Job instance at 0x7f41448d6f00>,16,2,[ 1 10],17,25,27,8,25
1,<environment.Job instance at 0x7f41448d6280>,18,12,[ 2 12],19,30,42,11,30
1,<environment.Job instance at 0x7f41448d6a00>,19,1,[7 1],20,37,38,17,30
1,<environment.Job instance at 0x7f41448d6690>,20,16,[5 1],21,37,53,16,32
1,<environment.Job instance at 0x7f41448d6b40>,21,2,[9 4],22,42,44,20,32
1,<environment.Job instance at 0x7f41448d6af0>,22,1,[2 7],23,44,45,21,32
1,<environment.Job instance at 0x7f41448d61e0>,23,1,[4 8],24,45,46,21,32
1,<environment.Job instance at 0x7f41448d6dc0>,24,1,[5 4],25,44,45,19,32
1,<environment.Job instance at 0x7f41448d6c30>,25,3,[7 4],26,46,49,20,32
1,<environment.Job instance at 0x7f41448d6730>,26,19,[4 6],27,49,68,22,39
1,<environment.Job instance at 0x7f413dea6eb0>,13,1,[ 3 10],14,46,47,32,41
1,<environment.Job instance at 0x7f41448d6230>,30,3,[9 5],31,53,56,22,42
1,<environment.Job instance at 0x7f41448b70f0>,33,21,[5 5],34,56,77,22,48
1,<environment.Job instance at 0x7f41448b7c30>,32,3,[6 5],33,49,52,16,48
1,<environment.Job instance at 0x7f41448b70a0>,36,1,[5 8],37,52,53,15,48
1,<environment.Job instance at 0x7f41448b7730>,40,18,[9 1],41,68,86,27,67
1,<environment.Job instance at 0x7f41448b7140>,42,3,[5 5],43,77,80,34,75
1,<environment.Job instance at 0x7f41448b7d20>,43,27,[4 6],44,80,107,36,78
1,<environment.Job instance at 0x7f41448b7f00>,38,12,[9 5],39,86,98,47,84
1,<environment.Job instance at 0x7f40fa604aa0>,47,2,[3 5],48,98,100,50,88
1,<environment.Job instance at 0x7f4144d51f50>,50,3,[ 1 14],51,107,110,56,101
1,<environment.Job instance at 0x7f4144d51640>,51,1,[10  3],52,101,102,49,101
1,<environment.Job instance at 0x7f4144d51eb0>,52,1,[10  1],53,102,103,49,101
1,<environment.Job instance at 0x7f4144d515f0>,54,1,[ 2 11],55,116,117,61,116
1,<environment.Job instance at 0x7f4144d51b90>,55,13,[6 4],56,126,139,70,126
1,<environment.Job instance at 0x7f4144d51e10>,56,16,[4 8],57,127,143,70,127
1,<environment.Job instance at 0x7f4144d513c0>,57,28,[8 2],58,139,167,81,138
1,<environment.Job instance at 0x7f41448d6140>,29,21,[ 5 10],30,143,164,113,138
1,<environment.Job instance at 0x7f4144d518c0>,58,22,[5 8],59,164,186,105,157
1,<environment.Job instance at 0x7f4144d51aa0>,61,28,[ 3 10],62,186,214,124,185
1,<environment.Job instance at 0x7f413de95780>,71,15,[14  2],72,214,229,142,200
1,<environment.Job instance at 0x7f413e43f870>,74,2,[ 3 10],75,229,231,154,202
1,<environment.Job instance at 0x7f413e43f230>,75,2,[4 5],76,202,204,126,202
1,<environment.Job instance at 0x7f413e43f050>,79,2,[6 5],80,211,213,131,211
1,<environment.Job instance at 0x7f413e43fe60>,80,1,[10  5],81,213,214,132,211
1,<environment.Job instance at 0x7f413dfb6eb0>,81,12,[11  3],82,229,241,147,212
1,<environment.Job instance at 0x7f413dfb6d20>,82,1,[1 8],83,214,215,131,212
1,<environment.Job instance at 0x7f4144aea9b0>,2,1,[ 1 10],3,3,4,0,3
1,<environment.Job instance at 0x7f41448d6320>,4,3,[5 5],5,5,8,0,5
1,<environment.Job instance at 0x7f40fa05e3c0>,5,18,[ 5 11],6,8,26,2,6
1,<environment.Job instance at 0x7f4144aeae60>,6,2,[2 7],7,26,28,19,7
1,<environment.Job instance at 0x7f413e14cf00>,7,2,[9 3],8,8,10,0,8
1,<environment.Job instance at 0x7f413e14cf50>,8,3,[5 6],9,26,29,17,9
1,<environment.Job instance at 0x7f413e14c910>,11,26,[3 8],12,28,54,16,25
1,<environment.Job instance at 0x7f413e13f2d0>,24,24,[ 3 10],25,54,78,29,49
1,<environment.Job instance at 0x7f413e13fbe0>,28,24,[10  5],29,57,81,28,57
1,<environment.Job instance at 0x7f4144bf6190>,33,19,[5 5],34,78,97,44,69
1,<environment.Job instance at 0x7f413e1743c0>,43,20,[1 7],44,102,122,58,102
1,<environment.Job instance at 0x7f413e174d20>,45,3,[ 4 13],46,122,125,76,115
1,<environment.Job instance at 0x7f413e174640>,46,28,[2 6],47,125,153,78,124
1,<environment.Job instance at 0x7f413e1742d0>,49,26,[10  1],50,129,155,79,129
1,<environment.Job instance at 0x7f413e14ccd0>,19,2,[ 1 14],20,153,155,133,133
1,<environment.Job instance at 0x7f413e147550>,52,14,[2 8],53,139,153,86,139
1,<environment.Job instance at 0x7f413e147960>,61,2,[10  4],62,158,160,96,158
1,<environment.Job instance at 0x7f413e1490a0>,65,3,[2 8],66,173,176,107,173
1,<environment.Job instance at 0x7f413e149aa0>,66,2,[ 1 10],67,176,178,109,173
1,<environment.Job instance at 0x7f413e149fa0>,67,2,[2 8],68,178,180,110,173
1,<environment.Job instance at 0x7f413e149f50>,68,26,[5 7],69,178,204,109,175
1,<environment.Job instance at 0x7f413e149410>,69,28,[ 4 10],70,204,232,134,203
1,<environment.Job instance at 0x7f413e147b90>,57,16,[13  3],58,232,248,174,221
1,<environment.Job instance at 0x7f7e835476e0>,1,22,[11  3],2,2,24,0,2
1,<environment.Job instance at 0x7f7e834bf320>,2,22,[4 8],3,3,25,0,3
1,<environment.Job instance at 0x7f7e80360870>,9,18,[11  5],10,24,42,14,14
1,<environment.Job instance at 0x7f7e80360fa0>,17,3,[4 9],18,25,28,7,18
1,<environment.Job instance at 0x7f7e80362460>,20,1,[7 5],21,42,43,21,31
1,<environment.Job instance at 0x7f7e80362500>,21,1,[6 5],22,42,43,20,31
1,<environment.Job instance at 0x7f7e803625a0>,22,1,[2 7],23,31,32,8,31
1,<environment.Job instance at 0x7f7e80362640>,23,27,[1 6],24,43,70,19,41
1,<environment.Job instance at 0x7f7e803626e0>,24,18,[2 6],25,43,61,18,43
1,<environment.Job instance at 0x7f7e80362820>,26,3,[3 7],27,61,64,34,43
1,<environment.Job instance at 0x7f7e803628c0>,27,15,[8 4],28,64,79,36,53
1,<environment.Job instance at 0x7f7e80362960>,28,23,[10  4],29,79,102,50,73
1,<environment.Job instance at 0x7f7e80362eb0>,34,24,[1 8],35,75,99,40,75
1,<environment.Job instance at 0x7f7e80362fa0>,36,13,[ 3 14],37,102,115,65,86
1,<environment.Job instance at 0x7f7e80362dc0>,37,2,[2 6],38,99,101,61,86
1,<environment.Job instance at 0x7f7e803641e0>,38,2,[ 1 10],39,115,117,76,88
1,<environment.Job instance at 0x7f7e80364410>,41,1,[5 2],42,101,102,59,91
1,<environment.Job instance at 0x7f7e803645a0>,42,2,[4 6],43,117,119,74,91
1,<environment.Job instance at 0x7f7e80364690>,44,3,[5 5],45,115,118,70,96
1,<environment.Job instance at 0x7f7e80364910>,46,17,[12  2],47,119,136,72,108
1,<environment.Job instance at 0x7f7e803649b0>,47,2,[6 5],48,136,138,88,109
1,<environment.Job instance at 0x7f7e80364a50>,48,15,[10  1],49,138,153,89,124
1,<environment.Job instance at 0x7f7e80364b90>,50,16,[12  2],51,153,169,102,140
1,<environment.Job instance at 0x7f7e80364c30>,51,3,[1 5],52,140,143,88,140
1,<environment.Job instance at 0x7f7e80364cd0>,52,1,[8 5],53,169,170,116,141
1,<environment.Job instance at 0x7f7e80364d70>,54,13,[13  1],55,170,183,115,154
1,<environment.Job instance at 0x7f7e80364f00>,55,2,[ 3 10],56,154,156,98,154
1,<environment.Job instance at 0x7f7e803692d0>,60,3,[12  3],61,183,186,122,163
1,<environment.Job instance at 0x7f7e80369370>,61,2,[4 5],62,186,188,124,163
1,<environment.Job instance at 0x7f7e80369410>,62,22,[6 4],63,186,208,123,179
1,<environment.Job instance at 0x7f7e803694b0>,63,3,[5 9],64,188,191,124,179
1,<environment.Job instance at 0x7f7e80369550>,64,18,[2 9],65,191,209,126,180
1,<environment.Job instance at 0x7f7e803695f0>,65,20,[2 6],66,208,228,142,199
1,<environment.Job instance at 0x7f7e80369690>,66,3,[7 4],67,209,212,142,199
1,<environment.Job instance at 0x7f7e80369730>,67,27,[ 1 10],68,228,255,160,226
1,<environment.Job instance at 0x7f7e803697d0>,68,2,[ 3 10],69,255,257,186,228
1,<environment.Job instance at 0x7f7e8036b7d0>,0,3,[13  3],1,1,4,0,1
1,<environment.Job instance at 0x7f7e80379500>,4,3,[6 4],5,5,8,0,5
1,<environment.Job instance at 0x7f7e803798c0>,5,13,[ 1 14],6,8,21,2,6
1,<environment.Job instance at 0x7f7e80379230>,6,2,[8 1],7,7,9,0,7
1,<environment.Job instance at 0x7f7e80379960>,7,2,[10  2],8,21,23,13,8
1,<environment.Job instance at 0x7f7e8362e0f0>,14,19,[6 1],15,23,42,8,20
1,<environment.Job instance at 0x7f7e8362edc0>,19,14,[2 6],20,24,38,4,24
1,<environment.Job instance at 0x7f7e8362e8c0>,18,3,[14  4],19,42,45,23,25
1,<environment.Job instance at 0x7f7e8362e050>,20,1,[5 8],21,26,27,5,26
1,<environment.Job instance at 0x7f7e836331e0>,23,2,[7 3],24,30,32,6,30
1,<environment.Job instance at 0x7f7e83633c30>,25,2,[5 2],26,32,34,6,30
1,<environment.Job instance at 0x7f7e83633be0>,26,1,[5 9],27,38,39,11,30
1,<environment.Job instance at 0x7f7e83633e60>,27,1,[2 9],28,39,40,11,30
1,<environment.Job instance at 0x7f7e8362e230>,21,13,[8 5],22,45,58,23,37
1,<environment.Job instance at 0x7f7e83633b40>,22,14,[2 9],23,45,59,22,37
1,<environment.Job instance at 0x7f7e83633aa0>,28,21,[9 4],29,58,79,29,50
1,<environment.Job instance at 0x7f7e836303c0>,33,2,[8 3],34,79,81,45,56
1,<environment.Job instance at 0x7f7e83630c80>,34,12,[3 8],35,59,71,24,56
1,<environment.Job instance at 0x7f7e83630820>,35,1,[6 2],36,71,72,35,56
1,<environment.Job instance at 0x7f7e83626f50>,37,1,[9 1],38,81,82,43,56
1,<environment.Job instance at 0x7f7e8362ea00>,16,2,[11  5],17,82,84,65,57
1,<environment.Job instance at 0x7f7e834eb460>,44,3,[9 2],45,85,88,40,85
1,<environment.Job instance at 0x7f7e834eb050>,45,14,[10  2],46,88,102,42,85
1,<environment.Job instance at 0x7f7e834ebe10>,46,3,[2 8],47,85,88,38,85
1,<environment.Job instance at 0x7f7e8362cb90>,47,1,[2 8],48,88,89,40,85
1,<environment.Job instance at 0x7f7e8362c050>,48,2,[13  1],49,102,104,53,85
1,<environment.Job instance at 0x7f7e8362cf50>,49,2,[10  4],50,104,106,54,85
1,<environment.Job instance at 0x7f7e8362cb40>,50,3,[5 6],51,89,92,38,85
1,<environment.Job instance at 0x7f7e8362c370>,51,3,[13  5],52,106,109,54,85
1,<environment.Job instance at 0x7f7e8362c690>,52,2,[ 1 12],53,92,94,39,85
1,<environment.Job instance at 0x7f7e8362c730>,53,2,[5 6],54,94,96,40,85
1,<environment.Job instance at 0x7f7e8362cc80>,55,2,[5 5],56,96,98,40,85
1,<environment.Job instance at 0x7f7e834e9960>,58,1,[10  5],59,109,110,50,94
1,<environment.Job instance at 0x7f7e834e9fa0>,59,1,[ 2 10],60,98,99,38,94
1,<environment.Job instance at 0x7f7e834e9910>,60,18,[4 5],61,109,127,48,99
1,<environment.Job instance at 0x7f7e834e90a0>,62,1,[ 4 13],63,127,128,64,105
1,<environment.Job instance at 0x7f7e834e9af0>,63,14,[11  3],64,110,124,46,105
1,<environment.Job instance at 0x7f7e834e96e0>,65,1,[3 8],66,124,125,58,108
1,<environment.Job instance at 0x7f7e83626c30>,38,12,[14  4],39,128,140,89,121
1,<environment.Job instance at 0x7f7e834e9eb0>,66,14,[10  1],67,140,154,73,127
1,<environment.Job instance at 0x7f7e8363a640>,72,20,[1 7],73,135,155,62,135
1,<environment.Job instance at 0x7f7e8363a870>,73,1,[ 4 10],74,155,156,81,142
1,<environment.Job instance at 0x7f7e834e9c30>,71,1,[8 3],72,154,155,82,149
1,<environment.Job instance at 0x7f7e8363adc0>,77,3,[1 6],78,149,152,71,149
1,<environment.Job instance at 0x7f7e8363a280>,76,19,[2 7],77,156,175,79,149
1,<environment.Job instance at 0x7f7e8363a7d0>,74,3,[4 7],75,156,159,81,152
1,<environment.Job instance at 0x7f7e8363a2d0>,81,2,[9 5],82,159,161,77,156
1,<environment.Job instance at 0x7f7e8363a820>,80,24,[ 1 10],81,175,199,94,170
1,<environment.Job instance at 0x7f7e8363aa00>,82,2,[9 3],83,173,175,90,173
1,<environment.Job instance at 0x7f7e8363a730>,83,24,[7 4],84,175,199,91,173
1,<environment.Job instance at 0x7f7e836395f0>,91,27,[4 7],92,199,226,107,197
1,<environment.Job instance at 0x7f7e836399b0>,92,26,[8 4],93,199,225,106,197
1,<environment.Job instance at 0x7f7e83634550>,1,2,[1 7],2,2,4,0,2
1,<environment.Job instance at 0x7f7e8362e190>,2,3,[ 3 11],3,4,7,1,3
1,<environment.Job instance at 0x7f7e80814640>,3,3,[2 5],4,7,10,3,4
1,<environment.Job instance at 0x7f7e3a71c140>,10,24,[2 8],11,11,35,0,11
1,<environment.Job instance at 0x7f7e3a71c500>,11,24,[9 1],12,12,36,0,12
1,<environment.Job instance at 0x7f7e80377910>,7,1,[9 3],8,36,37,28,15
1,<environment.Job instance at 0x7f7e3a71caf0>,13,24,[10  5],14,37,61,23,32
1,<environment.Job instance at 0x7f7e3a60ab40>,21,17,[10  3],22,61,78,39,49
1,<environment.Job instance at 0x7f7e3a60a640>,23,3,[3 5],24,49,52,25,49
1,<environment.Job instance at 0x7f7e83246870>,24,14,[1 5],25,57,71,32,57
1,<environment.Job instance at 0x7f7e80115050>,25,12,[ 4 10],26,71,83,45,57
1,<environment.Job instance at 0x7f7e83246320>,26,1,[2 6],27,61,62,34,57
1,<environment.Job instance at 0x7f7e801c4230>,27,15,[ 3 12],28,83,98,55,69
1,<environment.Job instance at 0x7f7e801351e0>,35,3,[9 4],36,78,81,42,74
1,<environment.Job instance at 0x7f7e800cf820>,38,2,[9 4],39,98,100,59,89
1,<environment.Job instance at 0x7f7e800cff50>,39,3,[ 2 10],40,98,101,58,89
1,<environment.Job instance at 0x7f7e800cf0f0>,40,27,[ 5 10],41,101,128,60,99
1,<environment.Job instance at 0x7f7e3a61cb90>,43,3,[4 8],44,128,131,84,113
1,<environment.Job instance at 0x7f7e3a619320>,45,3,[3 8],46,131,134,85,113
1,<environment.Job instance at 0x7f7e3a619410>,46,25,[ 5 10],47,134,159,87,130
1,<environment.Job instance at 0x7f7e3a619730>,49,2,[8 2],50,130,132,80,130
1,<environment.Job instance at 0x7f7e3a619280>,50,2,[1 7],51,132,134,81,130
1,<environment.Job instance at 0x7f7e3a6198c0>,51,1,[ 4 10],52,159,160,107,131
1,<environment.Job instance at 0x7f7e3a619c30>,52,3,[10  4],53,134,137,81,131
1,<environment.Job instance at 0x7f7e3a5b9320>,57,1,[5 5],58,137,138,79,134
1,<environment.Job instance at 0x7f7e3a5b9f00>,58,2,[6 3],59,138,140,79,134
1,<environment.Job instance at 0x7f7e3a5b4820>,61,3,[1 6],62,160,163,98,137
1,<environment.Job instance at 0x7f7e80377e60>,5,12,[2 6],6,160,172,154,146
1,<environment.Job instance at 0x7f7e3a5b4e60>,63,2,[5 5],64,148,150,84,148
1,<environment.Job instance at 0x7f7e3a5b4190>,62,17,[12  4],63,163,180,100,151
1,<environment.Job instance at 0x7f7e3a5b4aa0>,65,16,[10  4],66,180,196,114,169
1,<environment.Job instance at 0x7f7e3a5c5820>,75,2,[ 4 11],76,180,182,104,179
1,<environment.Job instance at 0x7f7e3a6d8fa0>,78,1,[2 6],79,179,180,100,179
1,<environment.Job instance at 0x7f7e804decd0>,80,2,[10  2],81,196,198,115,180
1,<environment.Job instance at 0x7f7e828c2370>,83,2,[ 2 14],84,198,200,114,194
1,<environment.Job instance at 0x7f7e8012a820>,84,17,[ 5 14],85,200,217,115,194
1,<environment.Job instance at 0x7f7e8012a9b0>,85,3,[2 5],86,194,197,108,194
1,<environment.Job instance at 0x7f7e800ce640>,86,2,[11  3],87,217,219,130,194
1,<environment.Job instance at 0x7f7e800ce140>,87,2,[12  2],88,219,221,131,194
1,<environment.Job instance at 0x7f7e8011fd70>,89,17,[9 1],90,198,215,108,198
1,<environment.Job instance at 0x7f7e803770f0>,2,2,[9 3],3,3,5,0,3
1,<environment.Job instance at 0x7f7e803bfe60>,5,3,[1 5],6,6,9,0,6
1,<environment.Job instance at 0x7f7e803bfd20>,6,3,[9 3],7,8,11,1,8
1,<environment.Job instance at 0x7f7e3a745050>,9,1,[10  3],10,11,12,1,10
1,<environment.Job instance at 0x7f7e3a745be0>,10,19,[1 5],11,11,30,0,11
1,<environment.Job instance at 0x7f7e803e9230>,15,2,[14  5],16,20,22,4,20
1,<environment.Job instance at 0x7f7e3a745190>,11,18,[2 9],12,25,43,13,25
1,<environment.Job instance at 0x7f7e80473c30>,20,1,[6 3],21,30,31,9,28
1,<environment.Job instance at 0x7f7e3ab3e7d0>,23,18,[5 9],24,43,61,19,32
1,<environment.Job instance at 0x7f7e82ee8050>,7,13,[6 4],8,32,45,24,32
1,<environment.Job instance at 0x7f7e80472b40>,26,1,[7 2],27,40,41,13,40
1,<environment.Job instance at 0x7f7e8046beb0>,27,2,[2 6],28,45,47,17,40
1,<environment.Job instance at 0x7f7e80472f00>,25,21,[2 5],26,47,68,21,43
1,<environment.Job instance at 0x7f7e3aafe690>,29,19,[9 1],30,61,80,31,51
1,<environment.Job instance at 0x7f7e80134d20>,32,1,[2 9],33,61,62,28,56
1,<environment.Job instance at 0x7f7e801e8500>,33,27,[1 8],34,62,89,28,60
1,<environment.Job instance at 0x7f7e803e9870>,17,18,[5 1],18,68,86,50,68
1,<environment.Job instance at 0x7f7e3aa1c230>,43,3,[7 3],44,82,85,38,82
1,<environment.Job instance at 0x7f7e3a936d20>,4,16,[10  3],5,88,104,83,88
1,<environment.Job instance at 0x7f7e3a5b83c0>,45,13,[10  4],46,104,117,58,96
1,<environment.Job instance at 0x7f7e3a5b88c0>,47,22,[1 7],48,102,124,54,102
1,<environment.Job instance at 0x7f7e803e5910>,53,3,[ 3 14],54,124,127,70,103
1,<environment.Job instance at 0x7f7e803e5280>,55,25,[6 3],56,127,152,71,123
1,<environment.Job instance at 0x7f7e3a5b8f00>,50,14,[6 4],51,127,141,76,123
1,<environment.Job instance at 0x7f7e80445eb0>,60,2,[ 5 11],61,141,143,80,125
1,<environment.Job instance at 0x7f7e806a0320>,64,1,[5 7],65,143,144,78,138
1,<environment.Job instance at 0x7f7e3a5b7cd0>,66,2,[2 9],67,156,158,89,156
1,<environment.Job instance at 0x7f7e804ac460>,67,3,[7 1],68,156,159,88,156
1,<environment.Job instance at 0x7f7e3a5b7910>,69,27,[ 5 10],70,158,185,88,156
1,<environment.Job instance at 0x7f7e8043cf00>,71,22,[ 1 10],72,185,207,113,178
1,<environment.Job instance at 0x7f7e3ab3daf0>,74,2,[2 5],75,185,187,110,185
1,<environment.Job instance at 0x7f7e3ab3a8c0>,78,20,[6 2],79,187,207,108,185
1,<environment.Job instance at 0x7f7e8074bf50>,81,1,[8 5],82,207,208,125,185
1,<environment.Job instance at 0x7f7e8074b050>,83,2,[5 5],84,207,209,123,191
1,<environment.Job instance at 0x7f7e8074b550>,86,13,[11  1],87,209,222,122,203
1,<environment.Job instance at 0x7f7e801b8c30>,88,12,[ 5 12],89,222,234,133,209
1,<environment.Job instance at 0x7f7e801b8050>,1,27,[5 1],2,2,29,0,2
1,<environment.Job instance at 0x7f7e8303f190>,2,21,[1 6],3,3,24,0,3
1,<environment.Job instance at 0x7f7e3a933730>,6,25,[8 3],7,7,32,0,7
1,<environment.Job instance at 0x7f7e82c136e0>,7,13,[13  1],8,32,45,24,18
1,<environment.Job instance at 0x7f7e3aa562d0>,5,16,[4 5],6,45,61,39,33
1,<environment.Job instance at 0x7f7e3a6d8230>,17,1,[3 6],18,45,46,27,35
1,<environment.Job instance at 0x7f7e3aaafaa0>,18,3,[8 2],19,45,48,26,37
1,<environment.Job instance at 0x7f7e3aaaf050>,19,3,[ 5 10],20,48,51,28,40
1,<environment.Job instance at 0x7f7e8016a9b0>,20,1,[4 6],21,51,52,30,41
1,<environment.Job instance at 0x7f7e8016a0f0>,21,1,[4 6],22,52,53,30,42
1,<environment.Job instance at 0x7f7e3a6d85a0>,16,25,[ 5 10],17,53,78,36,49
1,<environment.Job instance at 0x7f7e801b8c30>,4,3,[6 1],5,61,64,56,49
1,<environment.Job instance at 0x7f7e801c90a0>,24,2,[ 2 10],25,78,80,53,51
1,<environment.Job instance at 0x7f7e801d0e60>,32,3,[9 5],33,76,79,43,76
1,<environment.Job instance at 0x7f7e8079f910>,36,2,[13  5],37,94,96,57,94
1,<environment.Job instance at 0x7f7e80204b40>,37,1,[9 5],38,96,97,58,94
1,<environment.Job instance at 0x7f7e80204500>,40,26,[6 3],41,97,123,56,97
1,<environment.Job instance at 0x7f7e8016a460>,22,18,[5 9],23,104,122,81,104
1,<environment.Job instance at 0x7f7e8079fc80>,35,16,[5 3],36,122,138,86,110
1,<environment.Job instance at 0x7f7e80204870>,46,1,[4 9],47,122,123,75,114
1,<environment.Job instance at 0x7f7e801e7050>,48,2,[8 5],49,123,125,74,115
1,<environment.Job instance at 0x7f7e801e7910>,50,3,[2 7],51,123,126,72,115
1,<environment.Job instance at 0x7f7e801e7230>,53,12,[ 1 14],54,138,150,84,130
1,<environment.Job instance at 0x7f7e801e7c80>,55,18,[10  3],56,150,168,94,140
1,<environment.Job instance at 0x7f7e802041e0>,42,17,[ 2 11],43,150,167,107,140
1,<environment.Job instance at 0x7f7e801da820>,56,13,[13  3],57,168,181,111,152
1,<environment.Job instance at 0x7f7e801da690>,58,1,[ 3 14],59,181,182,122,153
1,<environment.Job instance at 0x7f7e801dab90>,60,1,[5 9],61,167,168,106,154
1,<environment.Job instance at 0x7f7e801d62d0>,70,2,[4 9],71,182,184,111,170
1,<environment.Job instance at 0x7f7e801d6b40>,71,14,[ 3 14],72,184,198,112,172
1,<environment.Job instance at 0x7f7e801d6c80>,74,1,[1 9],75,198,199,123,183
1,<environment.Job instance at 0x7f7e801d6a00>,75,13,[ 1 12],76,199,212,123,183
1,<environment.Job instance at 0x7f7e801d6820>,76,17,[11  2],77,198,215,121,190
1,<environment.Job instance at 0x7f7e801d6910>,80,28,[5 6],81,215,243,134,214
1,<environment.Job instance at 0x7f7e801da5f0>,57,18,[3 6],58,217,235,159,217
1,<environment.Job instance at 0x7f7e80377410>,1,1,[10  4],2,2,3,0,2
1,<environment.Job instance at 0x7f7e3ace25a0>,5,18,[14  2],6,6,24,0,6
1,<environment.Job instance at 0x7f7e3a9c77d0>,16,2,[7 3],17,25,27,8,25
1,<environment.Job instance at 0x7f7e3a9c7140>,17,25,[9 4],18,27,52,9,25
1,<environment.Job instance at 0x7f7e3a9c7690>,21,3,[ 4 12],22,52,55,30,29
1,<environment.Job instance at 0x7f7e3a9c79b0>,22,17,[1 7],23,55,72,32,52
1,<environment.Job instance at 0x7f7e3a9c7af0>,24,1,[8 1],25,52,53,27,52
1,<environment.Job instance at 0x7f7e3a9c71e0>,26,16,[14  3],27,55,71,28,52
1,<environment.Job instance at 0x7f7e3a9c7eb0>,29,2,[9 5],30,71,73,41,53
1,<environment.Job instance at 0x7f7e3a9c75f0>,30,1,[8 5],31,73,74,42,54
1,<environment.Job instance at 0x7f7e3a9c7cd0>,32,2,[5 7],33,72,74,39,60
1,<environment.Job instance at 0x7f7e82981870>,34,25,[7 4],35,74,99,39,70
1,<environment.Job instance at 0x7f7e82981320>,35,3,[1 6],36,74,77,38,70
1,<environment.Job instance at 0x7f7e82981f50>,36,22,[ 4 10],37,77,99,40,70
1,<environment.Job instance at 0x7f7e82981550>,40,3,[7 3],41,99,102,58,92
1,<environment.Job instance at 0x7f7e82981f00>,42,18,[5 8],43,99,117,56,97
1,<environment.Job instance at 0x7f7e82981c30>,44,3,[3 5],45,105,108,60,105
1,<environment.Job instance at 0x7f7e82981280>,45,23,[8 2],46,108,131,62,105
1,<environment.Job instance at 0x7f7e82981140>,51,15,[9 5],52,131,146,79,125
1,<environment.Job instance at 0x7f7e82981a00>,53,18,[ 2 11],54,146,164,92,135
1,<environment.Job instance at 0x7f7e82d20c80>,54,3,[8 2],55,146,149,91,135
1,<environment.Job instance at 0x7f7e82d20870>,55,3,[11  2],56,149,152,93,135
1,<environment.Job instance at 0x7f7e82d20e60>,61,17,[3 7],62,164,181,102,152
1,<environment.Job instance at 0x7f7e82d20370>,62,23,[7 1],63,152,175,89,152
1,<environment.Job instance at 0x7f7e82d201e0>,63,2,[2 8],64,175,177,111,152
1,<environment.Job instance at 0x7f7e82d20e10>,65,3,[13  2],66,181,184,115,155
1,<environment.Job instance at 0x7f7e82d204b0>,66,1,[9 4],67,177,178,110,155
1,<environment.Job instance at 0x7f7e82d20140>,68,1,[13  4],69,184,185,115,156
1,<environment.Job instance at 0x7f7e82deba00>,72,13,[14  4],73,185,198,112,177
1,<environment.Job instance at 0x7f7e82debe10>,74,2,[5 2],75,198,200,123,184
1,<environment.Job instance at 0x7f7e82deb690>,77,2,[2 9],78,198,200,120,195
1,<environment.Job instance at 0x7f7e82debaf0>,78,2,[8 3],79,198,200,119,195
1,<environment.Job instance at 0x7f7e82deb1e0>,80,15,[9 1],81,200,215,119,200
1,<environment.Job instance at 0x7f7e82debcd0>,81,23,[ 3 13],82,200,223,118,200
1,<environment.Job instance at 0x7f7e82debc30>,84,18,[1 8],85,223,241,138,215
1,<environment.Job instance at 0x7f7e82eafdc0>,1,1,[2 7],2,2,3,0,2
1,<environment.Job instance at 0x7f7e82a25910>,2,2,[4 5],3,3,5,0,3
1,<environment.Job instance at 0x7f7e80626370>,5,2,[10  5],6,6,8,0,6
1,<environment.Job instance at 0x7f7e828a91e0>,6,1,[2 5],7,7,8,0,7
1,<environment.Job instance at 0x7f7e3ac58af0>,7,14,[11  2],8,9,23,1,9
1,<environment.Job instance at 0x7f7e3aa201e0>,10,27,[7 4],11,23,50,12,21
1,<environment.Job instance at 0x7f7e3ac410a0>,15,2,[ 1 12],16,21,23,5,21
1,<environment.Job instance at 0x7f7e3ac41c30>,20,25,[ 1 14],21,50,75,29,46
1,<environment.Job instance at 0x7f7e3a763730>,23,1,[ 4 13],24,75,76,51,52
1,<environment.Job instance at 0x7f7e8022f2d0>,24,19,[9 1],25,52,71,27,52
1,<environment.Job instance at 0x7f7e3a7634b0>,25,3,[ 4 11],26,76,79,50,52
1,<environment.Job instance at 0x7f7e802171e0>,26,2,[8 3],27,76,78,49,52
1,<environment.Job instance at 0x7f7e82971050>,27,3,[2 8],28,79,82,51,53
1,<environment.Job instance at 0x7f7e3ab9f820>,30,1,[2 6],31,79,80,48,55
1,<environment.Job instance at 0x7f7e802715a0>,32,16,[1 7],33,81,97,48,81
1,<environment.Job instance at 0x7f7e829bd6e0>,35,1,[5 2],36,93,94,57,93
1,<environment.Job instance at 0x7f7e829b6eb0>,36,3,[8 3],37,93,96,56,93
1,<environment.Job instance at 0x7f7e829b69b0>,37,16,[7 2],38,99,115,61,99
1,<environment.Job instance at 0x7f7e829b6190>,38,3,[11  1],39,115,118,76,99
1,<environment.Job instance at 0x7f7e829b60f0>,39,2,[3 7],40,99,101,59,99
1,<environment.Job instance at 0x7f7e8048a320>,40,2,[9 1],41,118,120,77,99
1,<environment.Job instance at 0x7f7e8048af50>,41,2,[6 2],42,101,103,59,99
1,<environment.Job instance at 0x7f7e8028be10>,43,2,[2 7],44,101,103,57,99
1,<environment.Job instance at 0x7f7e8028b960>,44,1,[9 2],45,120,121,75,99
1,<environment.Job instance at 0x7f7e8028ba50>,45,3,[9 1],46,121,124,75,99
1,<environment.Job instance at 0x7f7e8028b6e0>,47,22,[6 1],48,118,140,70,111
1,<environment.Job instance at 0x7f7e8028bb40>,50,12,[5 9],51,124,136,73,122
1,<environment.Job instance at 0x7f7e8028b910>,51,18,[5 9],52,136,154,84,125
1,<environment.Job instance at 0x7f7e8028b730>,52,2,[8 2],53,140,142,87,125
1,<environment.Job instance at 0x7f7e80227dc0>,53,2,[8 1],54,142,144,88,125
1,<environment.Job instance at 0x7f7e8028b1e0>,54,1,[ 3 10],55,154,155,99,126
1,<environment.Job instance at 0x7f7e80427dc0>,59,2,[3 7],60,155,157,95,142
1,<environment.Job instance at 0x7f7e803d4140>,61,14,[ 5 10],62,158,172,96,158
1,<environment.Job instance at 0x7f7e803d4690>,62,19,[8 3],63,158,177,95,158
1,<environment.Job instance at 0x7f7e8060cc80>,65,1,[7 1],66,176,177,110,176
1,<environment.Job instance at 0x7f7e8060c780>,66,23,[5 5],67,177,200,110,176
1,<environment.Job instance at 0x7f7e3a81e2d0>,67,1,[2 6],68,177,178,109,176
1,<environment.Job instance at 0x7f7e3a81e910>,69,25,[7 3],70,177,202,107,176
1,<environment.Job instance at 0x7f7e3a81e3c0>,70,1,[12  5],71,202,203,131,176
1,<environment.Job instance at 0x7f7e3a81e820>,72,1,[5 2],73,200,201,127,180
1,<environment.Job instance at 0x7f7e3a7ea550>,75,3,[ 3 10],76,200,203,124,192
1,<environment.Job instance at 0x7f7e8028cdc0>,76,13,[10  5],77,203,216,126,192
1,<environment.Job instance at 0x7f7e8028ceb0>,77,14,[2 6],78,203,217,125,192
1,<environment.Job instance at 0x7f7e3abff2d0>,78,12,[5 1],79,216,228,137,203
1,<environment.Job instance at 0x7f7e80301820>,79,3,[7 1],80,216,219,136,203
1,<environment.Job instance at 0x7f7e8028c460>,80,2,[8 5],81,219,221,138,203
1,<environment.Job instance at 0x7f7e80514230>,81,3,[ 3 11],82,221,224,139,203
1,<environment.Job instance at 0x7f7e80310cd0>,83,3,[1 6],84,216,219,132,203
1,<environment.Job instance at 0x7f7e3a80ccd0>,86,1,[ 3 10],87,224,225,137,214
1,<environment.Job instance at 0x7f7e82a50910>,2,3,[5 8],3,3,6,0,3
1,<environment.Job instance at 0x7f7e801b1a00>,5,20,[10  3],6,9,29,3,9
1,<environment.Job instance at 0x7f7e82a25190>,9,1,[7 3],10,29,30,19,14
1,<environment.Job instance at 0x7f7e801b1fa0>,3,17,[14  2],4,30,47,26,21
1,<environment.Job instance at 0x7f7e802bc500>,16,2,[ 5 12],17,47,49,30,29
1,<environment.Job instance at 0x7f7e3a80ccd0>,4,15,[10  2],5,65,80,60,65
1,<environment.Job instance at 0x7f7e802bcf00>,14,14,[5 9],15,68,82,53,68
1,<environment.Job instance at 0x7f7e3a5a69b0>,31,15,[7 3],32,80,95,48,69
1,<environment.Job instance at 0x7f7e3a5a6f50>,37,27,[2 9],38,82,109,44,80
1,<environment.Job instance at 0x7f7e3a5a6dc0>,38,26,[4 9],39,109,135,70,106
1,<environment.Job instance at 0x7f7e802bc190>,17,23,[6 1],18,106,129,88,106
1,<environment.Job instance at 0x7f7e3a58c050>,42,2,[ 2 10],43,135,137,92,110
1,<environment.Job instance at 0x7f7e3a58c370>,45,3,[10  3],46,129,132,83,111
1,<environment.Job instance at 0x7f7e3a58c410>,46,16,[ 5 12],47,137,153,90,124
1,<environment.Job instance at 0x7f7e3a58c7d0>,52,22,[5 4],53,153,175,100,146
1,<environment.Job instance at 0x7f7e3a58cc30>,56,18,[1 5],57,153,171,96,146
1,<environment.Job instance at 0x7f7e3a58ccd0>,57,3,[3 7],58,171,174,113,147
1,<environment.Job instance at 0x7f7e3a58cf50>,60,17,[10  1],61,174,191,113,163
1,<environment.Job instance at 0x7f7e3a58ceb0>,64,2,[9 5],65,166,168,101,166
1,<environment.Job instance at 0x7f7e3a5a6960>,32,17,[1 5],33,175,192,142,167
1,<environment.Job instance at 0x7f7e3a593190>,66,17,[ 2 14],67,192,209,125,180
1,<environment.Job instance at 0x7f7e3a593500>,71,18,[4 9],72,209,227,137,198
1,<environment.Job instance at 0x7f7e3a5a6aa0>,30,25,[9 4],31,209,234,178,206
1,<environment.Job instance at 0x7f7e3a593fa0>,1,3,[13  1],2,2,5,0,2
1,<environment.Job instance at 0x7f7e8046b190>,2,3,[3 7],3,5,8,2,3
1,<environment.Job instance at 0x7f7e829235a0>,7,1,[ 5 10],8,8,9,0,8
1,<environment.Job instance at 0x7f7e82923730>,11,2,[10  4],12,12,14,0,12
1,<environment.Job instance at 0x7f7e80776b40>,15,1,[ 3 12],16,21,22,5,21
1,<environment.Job instance at 0x7f7e83053190>,16,3,[10  3],17,21,24,4,21
1,<environment.Job instance at 0x7f7e83053960>,18,3,[ 5 12],19,24,27,5,24
1,<environment.Job instance at 0x7f7e80875500>,20,2,[5 4],21,40,42,19,40
1,<environment.Job instance at 0x7f7e3ace13c0>,25,22,[5 2],26,53,75,27,53
1,<environment.Job instance at 0x7f7e3ace1aa0>,26,1,[11  1],27,75,76,48,53
1,<environment.Job instance at 0x7f7e3ace1dc0>,27,2,[2 6],28,53,55,25,53
1,<environment.Job instance at 0x7f7e3a649d70>,29,3,[7 2],30,54,57,24,54
1,<environment.Job instance at 0x7f7e830880f0>,30,13,[11  3],31,76,89,45,60
1,<environment.Job instance at 0x7f7e3a5f1fa0>,31,28,[7 5],32,89,117,57,88
1,<environment.Job instance at 0x7f7e82923d20>,10,15,[6 2],11,89,104,78,88
1,<environment.Job instance at 0x7f7e829b0870>,9,2,[1 9],10,104,106,94,92
1,<environment.Job instance at 0x7f7e3a9d6af0>,37,15,[7 2],38,106,121,68,92
1,<environment.Job instance at 0x7f7e82dc4730>,33,2,[14  5],34,121,123,87,100
1,<environment.Job instance at 0x7f7e3ac0f190>,47,13,[13  4],48,123,136,75,107
1,<environment.Job instance at 0x7f7e831942d0>,50,24,[10  5],51,136,160,85,131
1,<environment.Job instance at 0x7f7e8073a550>,51,3,[ 4 12],52,160,163,108,136
1,<environment.Job instance at 0x7f7e3a6533c0>,42,18,[3 6],43,139,157,96,139
1,<environment.Job instance at 0x7f7e3aa3b230>,58,27,[5 1],59,158,185,99,158
1,<environment.Job instance at 0x7f7e3aa5d5a0>,55,18,[ 2 11],56,163,181,107,158
1,<environment.Job instance at 0x7f7e3aa3b320>,60,1,[2 7],61,181,182,120,160
1,<environment.Job instance at 0x7f7e3aa3bfa0>,61,2,[ 1 10],62,182,184,120,160
1,<environment.Job instance at 0x7f7e3aa0b640>,34,26,[7 1],35,163,189,128,160
1,<environment.Job instance at 0x7f7e3a746af0>,68,27,[1 7],69,184,211,115,182
1,<environment.Job instance at 0x7f7e3aa3bd70>,62,3,[2 6],63,187,190,124,187
1,<environment.Job instance at 0x7f7e3a746e10>,69,16,[12  5],70,190,206,120,189
1,<environment.Job instance at 0x7f7e80362230>,73,2,[5 6],74,206,208,132,189
1,<environment.Job instance at 0x7f7e80362fa0>,74,1,[2 5],75,208,209,133,189
1,<environment.Job instance at 0x7f7e80362460>,76,1,[14  4],77,209,210,132,192
1,<environment.Job instance at 0x7f7e3a7465f0>,71,3,[7 4],72,210,213,138,195
1,<environment.Job instance at 0x7f7e3aa5dbe0>,56,13,[11  3],57,213,226,156,197
1,<environment.Job instance at 0x7f7e80362960>,77,17,[13  5],78,226,243,148,214
1,<environment.Job instance at 0x7f7e82abd0a0>,1,3,[ 3 11],2,2,5,0,2
1,<environment.Job instance at 0x7f7e3a8f0aa0>,4,1,[2 5],5,5,6,0,5
1,<environment.Job instance at 0x7f7e83053d70>,5,3,[10  1],6,6,9,0,6
1,<environment.Job instance at 0x7f7e80814fa0>,6,3,[2 5],7,7,10,0,7
1,<environment.Job instance at 0x7f7e8302dc30>,8,18,[ 4 12],9,10,28,1,9
1,<environment.Job instance at 0x7f7e8302d050>,13,3,[6 1],14,28,31,14,28
1,<environment.Job instance at 0x7f7e805be4b0>,26,1,[5 5],27,37,38,10,37
1,<environment.Job instance at 0x7f7e80245cd0>,27,15,[13  3],28,38,53,10,37
1,<environment.Job instance at 0x7f7e3a67efa0>,28,3,[2 5],29,37,40,8,37
1,<environment.Job instance at 0x7f7e3a9d6c80>,29,1,[5 1],30,37,38,7,37
1,<environment.Job instance at 0x7f7e805572d0>,30,2,[10  1],31,53,55,22,37
1,<environment.Job instance at 0x7f7e807f1b90>,31,3,[2 9],32,40,43,8,37
1,<environment.Job instance at 0x7f7e3aceedc0>,32,3,[10  3],33,55,58,22,37
1,<environment.Job instance at 0x7f7e3ad12eb0>,34,3,[2 8],35,44,47,9,44
1,<environment.Job instance at 0x7f7e82c1a820>,35,13,[5 1],36,53,66,17,47
1,<environment.Job instance at 0x7f7e3aabef50>,36,20,[4 9],37,58,78,21,49
1,<environment.Job instance at 0x7f7e80644370>,39,1,[6 3],40,58,59,18,49
1,<environment.Job instance at 0x7f7e80644500>,41,2,[ 2 13],42,78,80,36,53
1,<environment.Job instance at 0x7f7e806448c0>,42,1,[5 5],43,59,60,16,53
1,<environment.Job instance at 0x7f7e80644910>,43,21,[5 7],44,80,101,36,72
1,<environment.Job instance at 0x7f7e3a417500>,14,26,[10  2],15,72,98,57,72
1,<environment.Job instance at 0x7f7e3abad280>,49,27,[ 5 11],50,101,128,51,99
1,<environment.Job instance at 0x7f7e3abadeb0>,53,25,[9 3],54,106,131,52,106
1,<environment.Job instance at 0x7f7e82b47fa0>,56,19,[9 4],57,131,150,74,121
1,<environment.Job instance at 0x7f7e82b47190>,58,17,[ 2 12],59,150,167,91,138
1,<environment.Job instance at 0x7f7e80644230>,48,2,[12  1],49,150,152,101,138
1,<environment.Job instance at 0x7f7e83082410>,64,1,[7 2],65,152,153,87,144
1,<environment.Job instance at 0x7f7e80305a00>,67,1,[6 4],68,145,146,77,145
1,<environment.Job instance at 0x7f7e803057d0>,68,24,[8 3],69,153,177,84,148
1,<environment.Job instance at 0x7f7e80305a50>,70,3,[ 4 10],71,167,170,96,148
1,<environment.Job instance at 0x7f7e80305460>,71,3,[6 5],72,170,173,98,148
1,<environment.Job instance at 0x7f7e82b548c0>,73,2,[1 5],74,170,172,96,160
1,<environment.Job instance at 0x7f7e82b54230>,76,3,[4 5],77,176,179,99,176
1,<environment.Job instance at 0x7f7e3aae05a0>,78,2,[6 4],79,177,179,98,177
1,<environment.Job instance at 0x7f7e3aae0d70>,79,19,[2 9],80,179,198,99,177
1,<environment.Job instance at 0x7f7e3aae0780>,80,22,[1 9],81,198,220,117,191
1,<environment.Job instance at 0x7f7e802ce410>,60,26,[9 4],61,192,218,131,192
1,<environment.Job instance at 0x7f7e3ac60a00>,88,2,[ 4 12],89,220,222,131,200
1,<environment.Job instance at 0x7f7e3ab849b0>,1,23,[7 5],2,2,25,0,2
1,<environment.Job instance at 0x7f7e80814280>,2,28,[8 2],3,3,31,0,3
1,<environment.Job instance at 0x7f7e3a7e7320>,3,22,[5 4],4,25,47,21,18
1,<environment.Job instance at 0x7f7e3abe6370>,11,17,[6 5],12,31,48,19,19
1,<environment.Job instance at 0x7f7e803d3780>,14,2,[1 7],15,25,27,10,19
1,<environment.Job instance at 0x7f7e3ac66a00>,4,1,[7 5],5,47,48,42,20
1,<environment.Job instance at 0x7f7e3a659c30>,20,2,[2 6],21,27,29,6,21
1,<environment.Job instance at 0x7f7e82d37960>,24,26,[7 4],25,48,74,23,45
1,<environment.Job instance at 0x7f7e82d37cd0>,33,1,[10  5],34,74,75,40,46
1,<environment.Job instance at 0x7f7e82d376e0>,23,18,[4 9],24,49,67,25,49
1,<environment.Job instance at 0x7f7e82d36690>,42,14,[ 2 12],43,75,89,32,69
1,<environment.Job instance at 0x7f7e82d36410>,38,16,[14  5],39,89,105,50,82
1,<environment.Job instance at 0x7f7e82d367d0>,44,3,[3 7],45,105,108,60,86
1,<environment.Job instance at 0x7f7e82d360f0>,45,15,[ 2 12],46,108,123,62,94
1,<environment.Job instance at 0x7f7e82d18140>,55,1,[5 7],56,123,124,67,111
1,<environment.Job instance at 0x7f7e82d181e0>,56,12,[1 9],57,124,136,67,112
1,<environment.Job instance at 0x7f7e82d183c0>,59,15,[9 3],60,131,146,71,131
1,<environment.Job instance at 0x7f7e82d18460>,60,2,[3 9],61,136,138,75,131
1,<environment.Job instance at 0x7f7e82d18500>,61,3,[1 7],62,138,141,76,133
1,<environment.Job instance at 0x7f7e82d186e0>,64,23,[6 5],65,141,164,76,135
1,<environment.Job instance at 0x7f7e82d188c0>,65,1,[9 4],66,146,147,80,135
1,<environment.Job instance at 0x7f7e82d18820>,66,3,[ 4 10],67,147,150,80,135
1,<environment.Job instance at 0x7f7e82d18190>,67,2,[5 8],68,150,152,82,135
1,<environment.Job instance at 0x7f7e82d18cd0>,69,3,[8 1],70,152,155,82,140
1,<environment.Job instance at 0x7f7e82d18dc0>,70,2,[2 7],71,155,157,84,140
1,<environment.Job instance at 0x7f7e82d18a00>,73,21,[7 4],74,157,178,83,149
1,<environment.Job instance at 0x7f7e82d36e10>,49,15,[6 1],50,164,179,114,153
1,<environment.Job instance at 0x7f7e82d34460>,80,26,[5 7],81,178,204,97,175
1,<environment.Job instance at 0x7f7e82d185a0>,62,22,[6 2],63,183,205,120,183
1,<environment.Job instance at 0x7f7e82d34960>,89,27,[5 9],90,204,231,114,202
1,<environment.Job instance at 0x7f7e82d34c80>,1,2,[1 9],2,2,4,0,2
1,<environment.Job instance at 0x7f7e801e8a00>,2,1,[7 2],3,3,4,0,3
1,<environment.Job instance at 0x7f7e3aa25dc0>,3,20,[5 2],4,4,24,0,4
1,<environment.Job instance at 0x7f7e3abad690>,6,1,[6 2],7,7,8,0,7
1,<environment.Job instance at 0x7f7e3abadb40>,7,2,[ 5 11],8,8,10,0,8
1,<environment.Job instance at 0x7f7e3aa1d5f0>,8,12,[12  2],9,24,36,15,9
1,<environment.Job instance at 0x7f7e3aa1d0a0>,10,2,[ 4 14],11,36,38,25,12
1,<environment.Job instance at 0x7f7e83237550>,20,25,[8 3],21,38,63,17,34
1,<environment.Job instance at 0x7f7e832375f0>,21,27,[8 1],22,63,90,41,61
1,<environment.Job instance at 0x7f7e3ab85aa0>,27,27,[2 6],28,61,88,33,61
1,<environment.Job instance at 0x7f7e3ab85190>,28,1,[10  4],29,90,91,61,62
1,<environment.Job instance at 0x7f7e3ab85730>,30,3,[ 2 10],31,88,91,57,62
1,<environment.Job instance at 0x7f7e3ab85230>,31,2,[8 5],32,91,93,59,64
1,<environment.Job instance at 0x7f7e3ab85640>,33,1,[ 3 10],34,91,92,57,64
1,<environment.Job instance at 0x7f7e3ab85410>,36,14,[10  1],37,93,107,56,79
1,<environment.Job instance at 0x7f7e3a556d20>,39,1,[12  4],40,107,108,67,79
1,<environment.Job instance at 0x7f7e3a556190>,42,17,[ 4 10],43,108,125,65,103
1,<environment.Job instance at 0x7f7e3a556140>,43,1,[9 3],44,108,109,64,103
1,<environment.Job instance at 0x7f7e3a5564b0>,44,1,[ 1 11],45,103,104,58,103
1,<environment.Job instance at 0x7f7e3a62b1e0>,45,1,[ 3 14],46,104,105,58,103
1,<environment.Job instance at 0x7f7e3a62b6e0>,46,1,[1 9],47,105,106,58,103
1,<environment.Job instance at 0x7f7e3a62bb90>,47,1,[6 4],48,109,110,61,103
1,<environment.Job instance at 0x7f7e3a62bcd0>,48,3,[6 2],49,110,113,61,103
1,<environment.Job instance at 0x7f7e3a62bf50>,52,28,[5 1],53,109,137,56,108
1,<environment.Job instance at 0x7f7e3aa1dfa0>,15,3,[1 7],16,125,128,109,108
1,<environment.Job instance at 0x7f7e3a556dc0>,38,14,[3 7],39,125,139,86,110
1,<environment.Job instance at 0x7f7e3ab35500>,58,3,[1 7],59,128,131,69,110
1,<environment.Job instance at 0x7f7e8080f7d0>,62,1,[6 3],63,131,132,68,130
1,<environment.Job instance at 0x7f7e3ab35eb0>,63,2,[4 5],64,132,134,68,130
1,<environment.Job instance at 0x7f7e8080f0a0>,64,23,[2 9],65,139,162,74,133
1,<environment.Job instance at 0x7f7e8080ffa0>,66,3,[14  4],67,162,165,95,149
1,<environment.Job instance at 0x7f7e8080f820>,68,2,[10  1],69,149,151,80,149
1,<environment.Job instance at 0x7f7e3ab44c30>,74,2,[6 1],75,189,191,114,189
1,<environment.Job instance at 0x7f7e3ab44b90>,75,3,[7 2],76,189,192,113,189
1,<environment.Job instance at 0x7f7e3ab44dc0>,76,1,[10  5],77,192,193,115,189
1,<environment.Job instance at 0x7f7e3ab441e0>,77,3,[10  3],78,193,196,115,189
1,<environment.Job instance at 0x7f7e3ab44960>,78,26,[2 5],79,189,215,110,189
1,<environment.Job instance at 0x7f7e3ab440f0>,79,28,[4 8],80,196,224,116,195
1,<environment.Job instance at 0x7f7e3ab449b0>,80,28,[1 5],81,215,243,134,214
1,<environment.Job instance at 0x7f7e83237b90>,3,1,[ 4 10],4,4,5,0,4
1,<environment.Job instance at 0x7f7e3aa47780>,6,24,[10  2],7,8,32,1,8
1,<environment.Job instance at 0x7f7e802b3730>,12,13,[3 6],13,18,31,5,18
1,<environment.Job instance at 0x7f7e82c0d870>,8,1,[2 6],9,18,19,9,18
1,<environment.Job instance at 0x7f7e82c0d7d0>,10,2,[14  3],11,32,34,21,29
1,<environment.Job instance at 0x7f7e802b33c0>,16,23,[9 5],17,34,57,17,29
1,<environment.Job instance at 0x7f7e801e8820>,4,24,[5 8],5,34,58,29,29
1,<environment.Job instance at 0x7f7e3ab9fa50>,21,3,[10  5],22,57,60,35,31
1,<environment.Job instance at 0x7f7e3a9afc80>,29,1,[13  5],30,60,61,30,46
1,<environment.Job instance at 0x7f7e3a9afa00>,30,1,[4 5],31,58,59,27,46
1,<environment.Job instance at 0x7f7e3a9af320>,33,27,[5 6],34,61,88,27,59
1,<environment.Job instance at 0x7f7e802b3b40>,14,18,[1 8],15,63,81,48,63
1,<environment.Job instance at 0x7f7e8030fcd0>,37,2,[4 9],38,81,83,43,64
1,<environment.Job instance at 0x7f7e3a9afb40>,36,16,[ 3 11],37,88,104,51,75
1,<environment.Job instance at 0x7f7e8030f6e0>,40,3,[7 1],41,75,78,34,75
1,<environment.Job instance at 0x7f7e8030fb40>,41,12,[10  1],42,84,96,42,84
1,<environment.Job instance at 0x7f7e8056e0a0>,46,3,[1 5],47,104,107,57,85
1,<environment.Job instance at 0x7f7e3ab9f9b0>,22,18,[1 6],23,104,122,81,102
1,<environment.Job instance at 0x7f7e8056e730>,44,27,[3 8],45,114,141,69,114
1,<environment.Job instance at 0x7f7e8056e5a0>,55,27,[4 6],56,122,149,66,120
1,<environment.Job instance at 0x7f7e3ab61500>,57,1,[1 7],58,141,142,83,134
1,<environment.Job instance at 0x7f7e3ab617d0>,59,17,[7 1],60,135,152,75,135
1,<environment.Job instance at 0x7f7e3ab610a0>,61,2,[5 3],62,149,151,87,146
1,<environment.Job instance at 0x7f7e3ab619b0>,62,1,[5 5],63,151,152,88,146
1,<environment.Job instance at 0x7f7e3ab61910>,63,12,[9 4],64,152,164,88,148
1,<environment.Job instance at 0x7f7e3ab61dc0>,64,2,[9 3],65,164,166,99,149
1,<environment.Job instance at 0x7f7e3ac41b40>,67,3,[6 3],68,152,155,84,152
1,<environment.Job instance at 0x7f7e3ac41f00>,68,1,[10  4],69,166,167,97,152
1,<environment.Job instance at 0x7f7e3ac41230>,71,13,[ 1 10],72,163,176,91,163
1,<environment.Job instance at 0x7f7e3ac41a50>,72,17,[3 8],73,176,193,103,165
1,<environment.Job instance at 0x7f7e3ac412d0>,74,28,[4 7],75,176,204,101,176
1,<environment.Job instance at 0x7f7e3ac41d20>,76,2,[9 4],77,193,195,116,189
1,<environment.Job instance at 0x7f7e3ac41820>,77,3,[7 3],78,195,198,117,189
1,<environment.Job instance at 0x7f7e3aabe7d0>,80,24,[9 4],81,198,222,117,193
1,<environment.Job instance at 0x7f7e3aabed20>,82,2,[ 3 10],83,207,209,124,207
1,<environment.Job instance at 0x7f7e3aabe230>,83,2,[12  3],84,222,224,138,207
1,<environment.Job instance at 0x7f7e82c0d3c0>,2,2,[5 5],3,3,5,0,3
1,<environment.Job instance at 0x7f7e3ac41910>,3,1,[3 5],4,4,5,0,4
1,<environment.Job instance at 0x7f7e3aabeaa0>,4,2,[6 5],5,5,7,0,5
1,<environment.Job instance at 0x7f7e3a4eb0f0>,5,1,[ 4 10],6,6,7,0,6
1,<environment.Job instance at 0x7f7e3a659b90>,8,2,[3 7],9,10,12,1,10
1,<environment.Job instance at 0x7f7e82c1a910>,10,13,[1 8],11,11,24,0,11
1,<environment.Job instance at 0x7f7e805a97d0>,7,3,[1 7],8,14,17,6,14
1,<environment.Job instance at 0x7f7e3a6f96e0>,13,3,[ 3 10],14,24,27,10,14
1,<environment.Job instance at 0x7f7e801e8a50>,14,1,[10  2],15,17,18,2,15
1,<environment.Job instance at 0x7f7e3a56f0a0>,16,2,[4 9],17,27,29,10,17
1,<environment.Job instance at 0x7f7e3ac526e0>,12,3,[5 5],13,18,21,5,18
1,<environment.Job instance at 0x7f7e3a8325a0>,6,16,[12  5],7,29,45,22,25
1,<environment.Job instance at 0x7f7e80195550>,24,12,[ 4 13],25,45,57,20,29
1,<environment.Job instance at 0x7f7e82de72d0>,28,2,[7 1],29,45,47,16,34
1,<environment.Job instance at 0x7f7e80187c30>,29,2,[5 1],30,47,49,17,35
1,<environment.Job instance at 0x7f7e801878c0>,30,2,[ 2 12],31,57,59,26,35
1,<environment.Job instance at 0x7f7e82de7500>,27,1,[3 6],28,36,37,8,36
1,<environment.Job instance at 0x7f7e80187dc0>,31,13,[ 3 11],32,59,72,27,43
1,<environment.Job instance at 0x7f7e8018d4b0>,35,15,[7 1],36,49,64,13,47
1,<environment.Job instance at 0x7f7e801c4e10>,39,2,[10  4],40,66,68,26,66
1,<environment.Job instance at 0x7f7e801c45f0>,40,18,[2 9],41,72,90,31,66
1,<environment.Job instance at 0x7f7e801c4500>,41,2,[10  3],42,68,70,26,66
1,<environment.Job instance at 0x7f7e3a4ec550>,45,1,[14  5],46,90,91,44,80
1,<environment.Job instance at 0x7f7e80297d70>,18,13,[5 4],19,91,104,72,80
1,<environment.Job instance at 0x7f7e801ad820>,32,17,[ 1 10],33,90,107,57,83
1,<environment.Job instance at 0x7f7e3aaf6050>,47,2,[ 5 12],48,107,109,59,88
1,<environment.Job instance at 0x7f7e3a7ef690>,46,13,[10  2],47,104,117,57,91
1,<environment.Job instance at 0x7f7e3a80d7d0>,54,1,[5 9],55,110,111,55,110
1,<environment.Job instance at 0x7f7e801b6fa0>,55,2,[ 2 12],56,111,113,55,110
1,<environment.Job instance at 0x7f7e801b66e0>,56,2,[10  2],57,117,119,60,110
1,<environment.Job instance at 0x7f7e801b6e60>,57,12,[ 2 10],58,113,125,55,110
1,<environment.Job instance at 0x7f7e801b6c80>,58,22,[ 3 10],59,125,147,66,118
1,<environment.Job instance at 0x7f7e8059a2d0>,60,13,[ 2 13],61,147,160,86,131
1,<environment.Job instance at 0x7f7e3aa3baa0>,64,19,[3 7],65,160,179,95,150
1,<environment.Job instance at 0x7f7e3a9c7aa0>,66,1,[6 5],67,160,161,93,151
1,<environment.Job instance at 0x7f7e82eed640>,67,23,[3 5],68,161,184,93,155
1,<environment.Job instance at 0x7f7e82f13e60>,69,16,[1 8],70,179,195,109,168
1,<environment.Job instance at 0x7f7e82f132d0>,70,28,[2 6],71,184,212,113,183
1,<environment.Job instance at 0x7f7e3aa55820>,71,1,[2 6],72,195,196,123,183
1,<environment.Job instance at 0x7f7e3aa555f0>,72,2,[ 4 10],73,212,214,139,185
1,<environment.Job instance at 0x7f7e82cbd4b0>,73,1,[6 1],74,185,186,111,185
1,<environment.Job instance at 0x7f7e82cbdc80>,77,2,[9 2],78,195,197,117,185
1,<environment.Job instance at 0x7f7e82cbd2d0>,78,2,[8 1],79,186,188,107,185
1,<environment.Job instance at 0x7f7e8041ea50>,79,23,[8 2],80,197,220,117,191
1,<environment.Job instance at 0x7f7e83016550>,80,1,[13  1],81,220,221,139,192
1,<environment.Job instance at 0x7f7e82cb6500>,82,3,[9 2],83,221,224,138,195
1,<environment.Job instance at 0x7f7e82cb6f50>,83,19,[3 9],84,221,240,137,211
1,<environment.Job instance at 0x7f7e82cb6460>,84,2,[2 7],85,214,216,129,211
1,<environment.Job instance at 0x7f7e3a957fa0>,3,1,[2 6],4,4,5,0,4
1,<environment.Job instance at 0x7f7e3ace5550>,4,3,[6 2],5,5,8,0,5
1,<environment.Job instance at 0x7f7e3ab61f00>,6,3,[5 3],7,7,10,0,7
1,<environment.Job instance at 0x7f7e82cb6be0>,7,1,[ 2 12],8,8,9,0,8
1,<environment.Job instance at 0x7f7e8056e7d0>,8,1,[5 8],9,9,10,0,9
1,<environment.Job instance at 0x7f7e8070a410>,15,1,[10  4],16,16,17,0,16
1,<environment.Job instance at 0x7f7e8294dbe0>,16,16,[ 5 10],17,19,35,2,19
1,<environment.Job instance at 0x7f7e8294d6e0>,18,18,[10  5],19,19,37,0,19
1,<environment.Job instance at 0x7f7e82b43af0>,19,2,[7 1],20,37,39,17,20
1,<environment.Job instance at 0x7f7e8294d320>,21,23,[9 2],22,39,62,17,33
1,<environment.Job instance at 0x7f7e3aabc460>,25,25,[ 2 11],26,38,63,12,38
1,<environment.Job instance at 0x7f7e3a67e190>,30,14,[13  1],31,62,76,31,52
1,<environment.Job instance at 0x7f7e3a67e370>,32,3,[10  5],33,76,79,43,52
1,<environment.Job instance at 0x7f7e3aa478c0>,33,12,[12  5],34,79,91,45,63
1,<environment.Job instance at 0x7f7e82a0eaf0>,39,17,[11  5],40,91,108,51,79
1,<environment.Job instance at 0x7f7e3ac16cd0>,40,18,[3 7],41,86,104,45,86
1,<environment.Job instance at 0x7f7e3abc6820>,45,2,[5 6],46,108,110,62,91
1,<environment.Job instance at 0x7f7e3abc6be0>,49,13,[ 5 11],50,110,123,60,105
1,<environment.Job instance at 0x7f7e3abc6af0>,51,2,[5 5],52,123,125,71,112
1,<environment.Job instance at 0x7f7e833fc410>,53,3,[ 3 14],54,125,128,71,112
1,<environment.Job instance at 0x7f7e833fc050>,54,22,[7 4],55,128,150,73,121
1,<environment.Job instance at 0x7f7e833fcaa0>,57,16,[5 1],58,136,152,78,136
1,<environment.Job instance at 0x7f7e3a8102d0>,59,2,[9 5],60,150,152,90,138
1,<environment.Job instance at 0x7f7e3a810730>,61,3,[7 4],62,152,155,90,140
1,<environment.Job instance at 0x7f7e3abc6d70>,42,22,[ 4 11],43,152,174,109,145
1,<environment.Job instance at 0x7f7e833fc230>,58,17,[14  2],59,174,191,115,162
1,<environment.Job instance at 0x7f7e3aa9f550>,70,1,[6 3],71,191,192,120,178
1,<environment.Job instance at 0x7f7e3aa9f320>,73,1,[3 8],74,191,192,117,178
1,<environment.Job instance at 0x7f7e3a906d70>,74,1,[10  1],75,192,193,117,178
1,<environment.Job instance at 0x7f7e3a906b40>,77,1,[12  4],78,193,194,115,181
1,<environment.Job instance at 0x7f7e3a8107d0>,60,20,[ 3 10],61,198,218,137,198
1,<environment.Job instance at 0x7f7e3ac95d20>,62,14,[11  5],63,201,215,138,201
1,<environment.Job instance at 0x7f7e829f21e0>,82,14,[ 2 11],83,218,232,135,210
1,<environment.Job instance at 0x7f7e8043c3c0>,85,13,[ 3 14],86,232,245,146,216
1,<environment.Job instance at 0x7f7e3a33cdc0>,12,2,[9 2],13,20,22,7,20
1,<environment.Job instance at 0x7f7e3a33c280>,16,26,[3 5],17,37,63,20,37
1,<environment.Job instance at 0x7f7e80680370>,8,18,[4 7],9,37,55,28,37
1,<environment.Job instance at 0x7f7e3a33c550>,17,24,[9 4],18,55,79,37,50
1,<environment.Job instance at 0x7f7e3a33c370>,21,14,[6 4],22,63,77,41,50
1,<environment.Job instance at 0x7f7e3a33cf00>,22,3,[8 3],23,50,53,27,50
1,<environment.Job instance at 0x7f7e3a33ce60>,23,2,[8 5],24,79,81,55,52
1,<environment.Job instance at 0x7f7e3a3532d0>,26,3,[9 1],27,81,84,54,55
1,<environment.Job instance at 0x7f7e3a353e10>,27,3,[7 3],28,84,87,56,58
1,<environment.Job instance at 0x7f7e3a353410>,28,1,[12  1],29,87,88,58,59
1,<environment.Job instance at 0x7f7e3a3537d0>,29,2,[7 2],30,79,81,49,59
1,<environment.Job instance at 0x7f7e3a353c80>,30,1,[5 5],31,77,78,46,59
1,<environment.Job instance at 0x7f7e3a3530f0>,31,2,[2 5],32,59,61,27,59
1,<environment.Job instance at 0x7f7e3a353f50>,34,1,[7 2],35,84,85,49,64
1,<environment.Job instance at 0x7f7e3a33c410>,20,15,[1 8],21,81,96,60,67
1,<environment.Job instance at 0x7f7e3a353460>,40,2,[6 2],41,85,87,44,77
1,<environment.Job instance at 0x7f7e3a353190>,42,2,[8 5],43,88,90,45,78
1,<environment.Job instance at 0x7f7e3a353eb0>,43,24,[5 1],44,88,112,44,83
1,<environment.Job instance at 0x7f7e3a3533c0>,44,1,[6 5],45,90,91,45,83
1,<environment.Job instance at 0x7f7e3a69af50>,45,22,[5 4],46,91,113,45,84
1,<environment.Job instance at 0x7f7e3a69a140>,46,28,[8 5],47,112,140,65,111
1,<environment.Job instance at 0x7f7e3a353230>,38,3,[1 5],39,111,114,72,111
1,<environment.Job instance at 0x7f7e3a69a050>,54,25,[9 4],55,140,165,85,136
1,<environment.Job instance at 0x7f7e3a69aaa0>,58,15,[ 1 14],59,165,180,106,151
1,<environment.Job instance at 0x7f7e3a69a820>,62,1,[2 5],63,153,154,90,153
1,<environment.Job instance at 0x7f7e3a34b820>,63,2,[ 2 13],64,180,182,116,153
1,<environment.Job instance at 0x7f7e3a34b500>,66,1,[9 2],67,180,181,113,153
1,<environment.Job instance at 0x7f7e3a34b0f0>,68,3,[7 2],69,181,184,112,161
1,<environment.Job instance at 0x7f7e8056ed70>,7,12,[6 5],8,182,194,174,166
1,<environment.Job instance at 0x7f7e3a34b230>,70,1,[10  3],71,194,195,123,180
1,<environment.Job instance at 0x7f7e3a2ea280>,74,1,[3 7],75,184,185,109,180
1,<environment.Job instance at 0x7f7e3a69a230>,50,18,[5 8],51,185,203,134,180
1,<environment.Job instance at 0x7f7e3a2ea230>,76,1,[6 2],77,184,185,107,181
1,<environment.Job instance at 0x7f7e3a2eab40>,79,24,[9 1],80,195,219,115,190
1,<environment.Job instance at 0x7f7e3a33c9b0>,2,1,[2 9],3,3,4,0,3
1,<environment.Job instance at 0x7f7e82b16be0>,6,1,[2 8],7,7,8,0,7
1,<environment.Job instance at 0x7f7e8299b8c0>,7,18,[3 8],8,8,26,0,8
1,<environment.Job instance at 0x7f7e3abf5690>,13,2,[1 7],14,15,17,1,15
1,<environment.Job instance at 0x7f7e82a1d5a0>,23,23,[5 6],24,45,68,21,45
1,<environment.Job instance at 0x7f7e8299bbe0>,16,14,[14  5],17,68,82,51,56
1,<environment.Job instance at 0x7f7e82a26190>,32,2,[10  2],33,82,84,49,71
1,<environment.Job instance at 0x7f7e82a1db40>,28,28,[3 8],29,82,110,53,81
1,<environment.Job instance at 0x7f7e82a3b640>,35,1,[10  5],36,84,85,48,81
1,<environment.Job instance at 0x7f7e82a511e0>,36,23,[3 7],37,85,108,48,81
1,<environment.Job instance at 0x7f7e82a3b0f0>,33,23,[5 7],34,108,131,74,102
1,<environment.Job instance at 0x7f7e82a51370>,38,17,[8 1],39,110,127,71,103
1,<environment.Job instance at 0x7f7e82a510a0>,39,22,[5 3],40,127,149,87,120
1,<environment.Job instance at 0x7f7e82a477d0>,43,12,[ 4 13],44,149,161,105,132
1,<environment.Job instance at 0x7f7e82a47cd0>,44,20,[1 9],45,161,181,116,152
1,<environment.Job instance at 0x7f7e807c0690>,47,20,[ 5 12],48,181,201,133,172
1,<environment.Job instance at 0x7f7e806306e0>,50,3,[6 2],51,172,175,121,172
1,<environment.Job instance at 0x7f7e3acedc80>,52,1,[1 9],53,201,202,148,183
1,<environment.Job instance at 0x7f7e3aced410>,53,26,[6 4],54,201,227,147,198
1,<environment.Job instance at 0x7f7e8324c820>,11,17,[9 5],12,202,219,190,199
1,<environment.Job instance at 0x7f7e80630e10>,49,1,[5 9],50,219,220,169,199
1,<environment.Job instance at 0x7f7e3a6fd2d0>,62,16,[1 9],63,220,236,157,216
1,<environment.Job instance at 0x7f7e80640280>,63,17,[11  1],64,227,244,163,216
1,<environment.Job instance at 0x7f7e806505f0>,65,16,[ 4 13],66,236,252,170,223
1,<environment.Job instance at 0x7f7e3ab3a730>,1,2,[9 4],2,2,4,0,2
1,<environment.Job instance at 0x7f7e82a1d0f0>,2,1,[2 7],3,3,4,0,3
1,<environment.Job instance at 0x7f7e3a957d20>,3,1,[4 8],4,4,5,0,4
1,<environment.Job instance at 0x7f7e3a33c960>,4,1,[5 4],5,5,6,0,5
1,<environment.Job instance at 0x7f7e3a34be10>,6,19,[4 6],7,7,26,0,7
1,<environment.Job instance at 0x7f7e82c132d0>,8,1,[3 8],9,9,10,0,9
1,<environment.Job instance at 0x7f7e801e33c0>,9,21,[ 5 10],10,26,47,16,18
1,<environment.Job instance at 0x7f7e3a2f38c0>,13,21,[5 5],14,18,39,4,18
1,<environment.Job instance at 0x7f7e803640a0>,23,27,[4 6],24,47,74,23,45
1,<environment.Job instance at 0x7f7e82b14be0>,18,12,[9 5],19,45,57,26,45
1,<environment.Job instance at 0x7f7e82f99190>,30,3,[ 1 14],31,74,77,43,49
1,<environment.Job instance at 0x7f7e803da730>,31,1,[10  3],32,57,58,25,49
1,<environment.Job instance at 0x7f7e803dad20>,32,1,[10  1],33,58,59,25,49
1,<environment.Job instance at 0x7f7e803da0f0>,34,1,[ 2 11],35,77,78,42,58
1,<environment.Job instance at 0x7f7e3ab21b90>,36,16,[4 8],37,78,94,41,68
1,<environment.Job instance at 0x7f7e82af9870>,37,28,[8 2],38,77,105,39,76
1,<environment.Job instance at 0x7f7e82af9e10>,38,22,[5 8],39,94,116,55,87
1,<environment.Job instance at 0x7f7e3a818c30>,41,28,[ 3 10],42,116,144,74,115
1,<environment.Job instance at 0x7f7e82d37320>,50,2,[7 3],51,127,129,76,127
1,<environment.Job instance at 0x7f7e82d37550>,51,15,[14  2],52,144,159,92,130
1,<environment.Job instance at 0x7f7e82d37f50>,53,12,[ 1 10],54,144,156,90,133
1,<environment.Job instance at 0x7f7e82d37c80>,54,2,[ 3 10],55,159,161,104,133
1,<environment.Job instance at 0x7f7e801950f0>,59,2,[6 5],60,159,161,99,151
1,<environment.Job instance at 0x7f7e80195cd0>,60,1,[10  5],61,161,162,100,151
1,<environment.Job instance at 0x7f7e802cebe0>,61,12,[11  3],62,162,174,100,151
1,<environment.Job instance at 0x7f7e802cef00>,63,1,[3 7],64,161,162,97,151
1,<environment.Job instance at 0x7f7e802ce500>,66,21,[8 5],67,174,195,107,166
1,<environment.Job instance at 0x7f7e802ce730>,69,28,[3 6],70,172,200,102,172
1,<environment.Job instance at 0x7f7e3a727d70>,70,26,[6 1],71,195,221,124,192
1,<environment.Job instance at 0x7f7e3a727a50>,71,2,[ 4 13],72,200,202,128,192
1,<environment.Job instance at 0x7f7e3a7271e0>,72,2,[5 9],73,202,204,129,192
1,<environment.Job instance at 0x7f7e3a852cd0>,20,18,[9 1],21,204,222,183,193
1,<environment.Job instance at 0x7f7e828b5780>,83,25,[3 7],84,221,246,137,217
1,<environment.Job instance at 0x7f7e8030e780>,1,1,[8 1],2,2,3,0,2
1,<environment.Job instance at 0x7f7e82e4d690>,2,2,[9 1],3,3,5,0,3
1,<environment.Job instance at 0x7f7e82e4d190>,3,19,[5 5],4,4,23,0,4
1,<environment.Job instance at 0x7f7e80814870>,16,28,[2 6],17,23,51,6,23
1,<environment.Job instance at 0x7f7e3a67d730>,13,20,[1 7],14,25,45,11,25
1,<environment.Job instance at 0x7f7e80814cd0>,23,3,[9 2],24,56,59,32,56
1,<environment.Job instance at 0x7f7e80814730>,24,2,[8 3],25,59,61,34,56
1,<environment.Job instance at 0x7f7e80814050>,26,2,[3 7],27,69,71,42,69
1,<environment.Job instance at 0x7f7e80814370>,19,26,[10  1],20,69,95,49,69
1,<environment.Job instance at 0x7f7e82e4db90>,6,14,[2 9],7,76,90,69,76
1,<environment.Job instance at 0x7f7e3a67dc80>,11,14,[5 4],12,90,104,78,78
1,<environment.Job instance at 0x7f7e808140a0>,15,3,[ 4 13],16,104,107,88,79
1,<environment.Job instance at 0x7f7e808145f0>,27,16,[13  3],28,107,123,79,94
1,<environment.Job instance at 0x7f7e3a6d9be0>,38,26,[5 7],39,123,149,84,120
1,<environment.Job instance at 0x7f7e3a6d93c0>,39,28,[ 4 10],40,149,177,109,148
1,<environment.Job instance at 0x7f7e3a6d99b0>,42,2,[ 4 11],43,177,179,134,151
1,<environment.Job instance at 0x7f7e3a6d9550>,44,16,[14  4],45,179,195,134,166
1,<environment.Job instance at 0x7f7e3a6d9870>,48,1,[ 1 10],49,179,180,130,166
1,<environment.Job instance at 0x7f7e3a6d9690>,49,2,[1 5],50,166,168,116,166
1,<environment.Job instance at 0x7f7e80814c80>,32,16,[1 7],33,180,196,147,175
1,<environment.Job instance at 0x7f7e3a6d9050>,50,18,[5 7],51,195,213,144,194
1,<environment.Job instance at 0x7f7e3aa95640>,56,1,[8 2],57,196,197,139,194
1,<environment.Job instance at 0x7f7e3aa95e60>,57,18,[10  1],58,197,215,139,195
1,<environment.Job instance at 0x7f7e3aa95960>,60,23,[7 1],61,215,238,154,209
1,<environment.Job instance at 0x7f7e3a6d9e60>,45,23,[ 3 10],46,213,236,167,209
1,<environment.Job instance at 0x7f7e3aa95be0>,65,21,[5 2],66,224,245,158,224
1,<environment.Job instance at 0x7f7e3aa95870>,66,3,[10  3],67,238,241,171,224
1,<environment.Job instance at 0x7f7e3aa956e0>,70,1,[10  1],71,241,242,170,229
1,<environment.Job instance at 0x7f7e3aa957d0>,71,13,[ 1 12],72,242,255,170,229
1,<environment.Job instance at 0x7f7e8030ed70>,0,1,[4 5],1,1,2,0,1
1,<environment.Job instance at 0x7f7e82de7b40>,4,3,[9 1],5,5,8,0,5
1,<environment.Job instance at 0x7f7e82e07460>,5,2,[10  1],6,8,10,2,6
1,<environment.Job instance at 0x7f7e3a9d72d0>,6,1,[ 3 10],7,7,8,0,7
1,<environment.Job instance at 0x7f7e82de70a0>,7,3,[5 1],8,8,11,0,8
1,<environment.Job instance at 0x7f7e803e1730>,8,24,[7 5],9,10,34,1,9
1,<environment.Job instance at 0x7f7e3a9d7cd0>,12,3,[8 1],13,13,16,0,13
1,<environment.Job instance at 0x7f7e803e1820>,11,21,[5 3],12,16,37,4,13
1,<environment.Job instance at 0x7f7e3a6e3dc0>,21,2,[5 5],22,34,36,12,25
1,<environment.Job instance at 0x7f7e3a6e3500>,23,3,[10  2],24,36,39,12,25
1,<environment.Job instance at 0x7f7e82983be0>,25,1,[8 1],26,39,40,13,36
1,<environment.Job instance at 0x7f7e82983d20>,27,25,[4 6],28,40,65,12,40
1,<environment.Job instance at 0x7f7e82983a00>,29,12,[2 8],30,51,63,21,51
1,<environment.Job instance at 0x7f7e82983b40>,30,1,[5 1],31,51,52,20,51
1,<environment.Job instance at 0x7f7e801efbe0>,31,23,[10  1],32,63,86,31,57
1,<environment.Job instance at 0x7f7e3aa2c0a0>,33,26,[10  2],34,86,112,52,83
1,<environment.Job instance at 0x7f7e3a6e3a00>,20,18,[ 4 10],21,86,104,65,86
1,<environment.Job instance at 0x7f7e3aa2c280>,34,3,[ 3 12],35,104,107,69,93
1,<environment.Job instance at 0x7f7e82a445f0>,14,15,[1 5],15,107,122,92,93
1,<environment.Job instance at 0x7f7e3aa2c550>,41,24,[4 8],42,107,131,65,102
1,<environment.Job instance at 0x7f7e3aa40b40>,47,1,[3 8],48,131,132,83,104
1,<environment.Job instance at 0x7f7e3aa40500>,48,13,[12  1],49,131,144,82,115
1,<environment.Job instance at 0x7f7e3aa40050>,52,22,[10  1],53,144,166,91,137
1,<environment.Job instance at 0x7f7e3aa40730>,54,23,[ 5 10],55,144,167,89,138
1,<environment.Job instance at 0x7f7e3aa405f0>,56,1,[9 5],57,166,167,109,141
1,<environment.Job instance at 0x7f7e3aa2c730>,43,2,[12  5],44,167,169,123,144
1,<environment.Job instance at 0x7f7e3aa40a00>,55,16,[13  5],56,169,185,113,157
1,<environment.Job instance at 0x7f7e3aa40fa0>,58,3,[8 2],59,185,188,126,160
1,<environment.Job instance at 0x7f7e3a8b3550>,62,1,[8 3],63,188,189,125,163
1,<environment.Job instance at 0x7f7e3a8b3e60>,65,28,[1 7],66,167,195,101,166
1,<environment.Job instance at 0x7f7e3a8b3b90>,66,15,[ 3 12],67,195,210,128,181
1,<environment.Job instance at 0x7f7e3a8b3cd0>,70,3,[4 8],71,210,213,139,193
1,<environment.Job instance at 0x7f7e3a8b3e10>,72,2,[ 5 10],73,213,215,140,197
1,<environment.Job instance at 0x7f7e3a8b3780>,74,16,[10  1],75,202,218,127,202
1,<environment.Job instance at 0x7f7e3a8b30a0>,68,13,[1 5],69,215,228,146,208
1,<environment.Job instance at 0x7f7e3aa40e60>,57,18,[3 8],58,215,233,157,209
1,<environment.Job instance at 0x7f7e3aaa4f50>,79,2,[5 2],80,218,220,138,212
1,<environment.Job instance at 0x7f7e3aaa4c30>,80,2,[3 5],81,228,230,147,212
1,<environment.Job instance at 0x7f7e3aaa4b90>,81,1,[3 6],82,230,231,148,212
1,<environment.Job instance at 0x7f7e3aaa4b40>,82,14,[11  2],83,231,245,148,216
1,<environment.Job instance at 0x7f7e3aaa4c80>,78,2,[8 4],79,245,247,166,219
1,<environment.Job instance at 0x7fb7c5b49af0>,1,22,[11  3],2,2,24,0,2
1,<environment.Job instance at 0x7fb7c5af70f0>,2,22,[4 8],3,8,30,5,8
1,<environment.Job instance at 0x7fb7be6e7a50>,12,26,[ 1 10],13,30,56,17,27
1,<environment.Job instance at 0x7fb7be6e7e10>,17,3,[4 9],18,56,59,38,36
1,<environment.Job instance at 0x7fb7c5b49dc0>,3,3,[4 8],4,59,62,55,38
1,<environment.Job instance at 0x7fb7be6e7910>,21,1,[6 5],22,39,40,17,39
1,<environment.Job instance at 0x7fb7be6e7eb0>,18,3,[4 7],19,59,62,40,46
1,<environment.Job instance at 0x7fb7be6e96e0>,28,23,[10  4],29,62,85,33,56
1,<environment.Job instance at 0x7fb7be6e9820>,30,14,[5 2],31,70,84,39,70
1,<environment.Job instance at 0x7fb7be6e9b40>,34,24,[1 8],35,84,108,49,79
1,<environment.Job instance at 0x7fb7be6e99b0>,36,13,[ 3 14],37,108,121,71,92
1,<environment.Job instance at 0x7fb7be6e9e60>,38,2,[ 1 10],39,121,123,82,94
1,<environment.Job instance at 0x7fb7be6ed500>,42,2,[4 6],43,100,102,57,100
1,<environment.Job instance at 0x7fb7be6ed230>,44,3,[5 5],45,102,105,57,100
1,<environment.Job instance at 0x7fb7be6ed1e0>,46,17,[12  2],47,121,138,74,109
1,<environment.Job instance at 0x7fb7be6e7230>,4,14,[1 6],5,123,137,118,117
1,<environment.Job instance at 0x7fb7be6e92d0>,24,18,[2 6],25,123,141,98,119
1,<environment.Job instance at 0x7fb7be6edcd0>,52,1,[8 5],53,138,139,85,120
1,<environment.Job instance at 0x7fb7be6ede10>,54,13,[13  1],55,139,152,84,125
1,<environment.Job instance at 0x7fb7be6edb40>,49,16,[2 5],50,141,157,91,133
1,<environment.Job instance at 0x7fb7be6ec460>,59,17,[1 6],60,152,169,92,148
1,<environment.Job instance at 0x7fb7be6ec500>,60,3,[12  3],61,152,155,91,148
1,<environment.Job instance at 0x7fb7be6ec640>,62,22,[6 4],63,155,177,92,148
1,<environment.Job instance at 0x7fb7be6ec820>,65,20,[2 6],66,169,189,103,160
1,<environment.Job instance at 0x7fb7be6ec960>,67,27,[ 1 10],68,189,216,121,187
1,<environment.Job instance at 0x7fb7be6ed910>,50,16,[12  2],51,187,203,136,187
1,<environment.Job instance at 0x7fb7be6eceb0>,75,14,[ 4 11],76,216,230,140,201
1,<environment.Job instance at 0x7fb7be6ecfa0>,76,19,[4 8],77,230,249,153,220
1,<environment.Job instance at 0x7fb7be6f6780>,1,2,[5 5],2,2,4,0,2
1,<environment.Job instance at 0x7fb7be7041e0>,6,2,[11  5],7,7,9,0,7
1,<environment.Job instance at 0x7fb7be7043c0>,7,21,[ 3 10],8,8,29,0,8
1,<environment.Job instance at 0x7fb7be704410>,8,3,[14  4],9,29,32,20,9
1,<environment.Job instance at 0x7fb7be7044b0>,10,1,[5 8],11,32,33,21,11
1,<environment.Job instance at 0x7fb77a983960>,17,1,[2 9],18,33,34,15,22
1,<environment.Job instance at 0x7fb77a95a140>,18,21,[9 4],19,32,53,13,24
1,<environment.Job instance at 0x7fb77a981f50>,16,1,[5 9],17,34,35,17,30
1,<environment.Job instance at 0x7fb77a940780>,23,2,[8 3],24,53,55,29,35
1,<environment.Job instance at 0x7fb77aadb5a0>,27,1,[9 1],28,55,56,27,45
1,<environment.Job instance at 0x7fb77aae5730>,28,12,[14  4],29,56,68,27,45
1,<environment.Job instance at 0x7fb77aae57d0>,29,2,[9 4],30,68,70,38,45
1,<environment.Job instance at 0x7fb7be704280>,13,2,[7 3],14,53,55,39,45
1,<environment.Job instance at 0x7fb77aae5d70>,34,3,[9 2],35,70,73,35,60
1,<environment.Job instance at 0x7fb77ab46cd0>,36,3,[2 8],37,68,71,31,62
1,<environment.Job instance at 0x7fb77aae59b0>,37,1,[2 8],38,71,72,33,62
1,<environment.Job instance at 0x7fb77aae3280>,38,2,[13  1],39,73,75,34,62
1,<environment.Job instance at 0x7fb77aae3f00>,39,2,[10  4],40,75,77,35,62
1,<environment.Job instance at 0x7fb77aae3af0>,40,3,[5 6],41,75,78,34,62
1,<environment.Job instance at 0x7fb77aae3eb0>,41,3,[13  5],42,78,81,36,62
1,<environment.Job instance at 0x7fb77aae3730>,42,2,[ 1 12],43,72,74,29,62
1,<environment.Job instance at 0x7fb77aae35f0>,43,2,[5 6],44,81,83,37,62
1,<environment.Job instance at 0x7fb77aae3550>,46,12,[ 3 10],47,83,95,36,76
1,<environment.Job instance at 0x7fb77aac0550>,47,3,[1 5],48,77,80,29,76
1,<environment.Job instance at 0x7fb77aac0cd0>,48,1,[10  5],49,81,82,32,76
1,<environment.Job instance at 0x7fb77aae7b40>,49,1,[ 2 10],50,80,81,30,76
1,<environment.Job instance at 0x7fb77aae7780>,52,1,[ 4 13],53,95,96,42,79
1,<environment.Job instance at 0x7fb77aae70a0>,53,14,[11  3],54,96,110,42,81
1,<environment.Job instance at 0x7fb77aae78c0>,55,1,[3 8],56,96,97,40,93
1,<environment.Job instance at 0x7fb77aae7d20>,56,14,[10  1],57,110,124,53,95
1,<environment.Job instance at 0x7fb77aae5be0>,31,14,[1 6],32,97,111,65,95
1,<environment.Job instance at 0x7fb77aae80a0>,61,1,[8 3],62,124,125,62,108
1,<environment.Job instance at 0x7fb77aae83c0>,62,20,[1 7],63,110,130,47,108
1,<environment.Job instance at 0x7fb77aae8820>,63,1,[ 4 10],64,130,131,66,108
1,<environment.Job instance at 0x7fb77aadcaa0>,64,3,[4 7],65,111,114,46,110
1,<environment.Job instance at 0x7fb77aadceb0>,65,1,[10  1],66,125,126,59,110
1,<environment.Job instance at 0x7fb77aadc910>,66,19,[2 7],67,131,150,64,121
1,<environment.Job instance at 0x7fb77aadc320>,67,3,[1 6],68,121,124,53,121
1,<environment.Job instance at 0x7fb77aadcaf0>,69,2,[5 8],70,126,128,56,122
1,<environment.Job instance at 0x7fb77aadc7d0>,70,24,[ 1 10],71,150,174,79,145
1,<environment.Job instance at 0x7fb77a940460>,21,17,[10  2],22,145,162,123,145
1,<environment.Job instance at 0x7fb77aafba50>,80,3,[7 3],81,171,174,90,171
1,<environment.Job instance at 0x7fb77aaf45a0>,81,27,[4 7],82,174,201,92,172
1,<environment.Job instance at 0x7fb77ac68910>,82,26,[8 4],83,174,200,91,172
1,<environment.Job instance at 0x7fb77aaf4b40>,79,3,[5 1],80,200,203,120,176
1,<environment.Job instance at 0x7fb77aafe500>,84,14,[5 5],85,200,214,115,186
1,<environment.Job instance at 0x7fb77abd50f0>,88,18,[4 5],89,201,219,112,191
1,<environment.Job instance at 0x7fb77aafe050>,87,17,[5 2],88,203,220,115,195
1,<environment.Job instance at 0x7fb7be700410>,3,3,[3 5],4,4,7,0,4
1,<environment.Job instance at 0x7fb7c5b21550>,6,1,[2 6],7,7,8,0,7
1,<environment.Job instance at 0x7fb7c5b219b0>,13,1,[1 7],14,15,16,1,15
1,<environment.Job instance at 0x7fb7be6f6410>,2,13,[1 6],3,15,28,12,15
1,<environment.Job instance at 0x7fb7c5c64690>,15,3,[9 4],16,21,24,5,21
1,<environment.Job instance at 0x7fb7c5c64b90>,14,18,[3 6],15,24,42,9,21
1,<environment.Job instance at 0x7fb7be7000a0>,8,2,[5 7],9,28,30,19,23
1,<environment.Job instance at 0x7fb7c5b21320>,7,15,[ 3 12],8,42,57,34,29
1,<environment.Job instance at 0x7fb7843ad280>,18,2,[9 4],19,30,32,11,29
1,<environment.Job instance at 0x7fb7c5c64460>,16,16,[9 2],17,32,48,15,31
1,<environment.Job instance at 0x7fb7beb1ba50>,26,25,[ 5 10],27,57,82,30,53
1,<environment.Job instance at 0x7fb7be4c1be0>,29,2,[8 2],30,53,55,23,53
1,<environment.Job instance at 0x7fb7c5af6e10>,30,2,[1 7],31,82,84,51,55
1,<environment.Job instance at 0x7fb7be8d9c30>,31,1,[ 4 10],32,84,85,52,56
1,<environment.Job instance at 0x7fb7bec17050>,32,3,[10  4],33,57,60,24,56
1,<environment.Job instance at 0x7fb7c0c9e500>,34,1,[3 8],35,82,83,47,56
1,<environment.Job instance at 0x7fb7beba0d20>,36,3,[2 8],37,85,88,48,59
1,<environment.Job instance at 0x7fb7beba0d70>,37,1,[5 5],38,60,61,22,59
1,<environment.Job instance at 0x7fb7be45ccd0>,39,3,[7 2],40,61,64,21,60
1,<environment.Job instance at 0x7fb7c5c72fa0>,42,17,[12  4],43,85,102,42,74
1,<environment.Job instance at 0x7fb7c5b20910>,43,2,[5 5],44,74,76,30,74
1,<environment.Job instance at 0x7fb7c5b20190>,44,1,[7 4],45,76,77,31,74
1,<environment.Job instance at 0x7fb7c5c5ef50>,22,12,[3 8],23,88,100,65,75
1,<environment.Job instance at 0x7fb7c5b204b0>,51,3,[9 4],52,102,105,50,91
1,<environment.Job instance at 0x7fb7c5b20730>,52,1,[7 4],53,105,106,52,91
1,<environment.Job instance at 0x7fb77a9d2820>,53,2,[9 2],54,106,108,52,91
1,<environment.Job instance at 0x7fb77a9d2aa0>,55,2,[ 4 11],56,102,104,46,97
1,<environment.Job instance at 0x7fb77aaa9190>,56,12,[8 3],57,108,120,51,97
1,<environment.Job instance at 0x7fb77aaa9140>,57,15,[2 9],58,107,122,49,107
1,<environment.Job instance at 0x7fb77a930e10>,58,1,[2 6],59,120,121,61,107
1,<environment.Job instance at 0x7fb77a9306e0>,60,2,[10  2],61,121,123,60,108
1,<environment.Job instance at 0x7fb77a940230>,62,19,[8 2],63,123,142,60,113
1,<environment.Job instance at 0x7fb77a940e10>,63,2,[ 2 14],64,142,144,78,115
1,<environment.Job instance at 0x7fb7c5c5f730>,24,15,[4 6],25,122,137,97,115
1,<environment.Job instance at 0x7fb7beaa6230>,67,2,[12  2],68,144,146,76,117
1,<environment.Job instance at 0x7fb7beaa6be0>,66,2,[11  3],67,146,148,79,124
1,<environment.Job instance at 0x7fb7be45b5f0>,64,17,[ 5 14],65,148,165,83,136
1,<environment.Job instance at 0x7fb7be458b90>,72,2,[12  5],73,165,167,92,138
1,<environment.Job instance at 0x7fb7be4580f0>,73,1,[1 7],74,138,139,64,138
1,<environment.Job instance at 0x7fb7be458910>,74,1,[14  4],75,167,168,92,139
1,<environment.Job instance at 0x7fb7be4c5c80>,76,3,[8 1],77,148,151,71,139
1,<environment.Job instance at 0x7fb7be920320>,77,2,[6 4],78,139,141,61,139
1,<environment.Job instance at 0x7fb7be5322d0>,79,15,[10  2],80,168,183,88,157
1,<environment.Job instance at 0x7fb7c0ca25f0>,83,13,[4 9],84,180,193,96,180
1,<environment.Job instance at 0x7fb77a99a7d0>,84,2,[2 5],85,183,185,98,180
1,<environment.Job instance at 0x7fb77a99aeb0>,86,1,[3 8],87,193,194,106,182
1,<environment.Job instance at 0x7fb77a99af00>,87,3,[10  2],88,185,188,97,182
1,<environment.Job instance at 0x7fb77a99a5f0>,88,1,[2 8],89,194,195,105,182
1,<environment.Job instance at 0x7fb77a99ae60>,89,1,[ 3 10],90,195,196,105,182
1,<environment.Job instance at 0x7fb77a99a780>,92,1,[ 5 10],93,196,197,103,191
1,<environment.Job instance at 0x7fb77a99a870>,93,1,[ 5 12],94,197,198,103,191
1,<environment.Job instance at 0x7fb77a99a5a0>,94,21,[7 2],95,191,212,96,191
1,<environment.Job instance at 0x7fb77a99a050>,96,3,[ 3 10],97,198,201,101,196
1,<environment.Job instance at 0x7fb77a99a500>,97,2,[10  4],98,212,214,114,196
1,<environment.Job instance at 0x7fb7be700b40>,3,27,[1 8],4,4,31,0,4
1,<environment.Job instance at 0x7fb7c13c4be0>,7,2,[2 8],8,31,33,23,8
1,<environment.Job instance at 0x7fb77af8e1e0>,8,3,[5 9],9,33,36,24,9
1,<environment.Job instance at 0x7fb7be947730>,14,17,[3 9],15,36,53,21,28
1,<environment.Job instance at 0x7fb7be7f2eb0>,22,1,[9 3],23,39,40,16,39
1,<environment.Job instance at 0x7fb7be7bb690>,23,3,[ 3 14],24,53,56,29,39
1,<environment.Job instance at 0x7fb7be9af0f0>,25,25,[6 3],26,56,81,30,52
1,<environment.Job instance at 0x7fb7be7f7690>,17,22,[1 7],18,56,78,38,55
1,<environment.Job instance at 0x7fb7be74b550>,34,1,[5 7],35,78,79,43,76
1,<environment.Job instance at 0x7fb77b02ab90>,36,2,[2 9],37,79,81,42,78
1,<environment.Job instance at 0x7fb7c0cf9a50>,37,3,[7 1],38,79,82,41,78
1,<environment.Job instance at 0x7fb77af8aa50>,11,18,[8 4],12,82,100,70,82
1,<environment.Job instance at 0x7fb7c0c5a4b0>,39,27,[ 5 10],40,82,109,42,82
1,<environment.Job instance at 0x7fb77afc2e60>,42,18,[5 1],43,100,118,57,91
1,<environment.Job instance at 0x7fb77afc2b40>,43,2,[5 6],44,109,111,65,93
1,<environment.Job instance at 0x7fb77afc2dc0>,44,2,[2 5],45,109,111,64,94
1,<environment.Job instance at 0x7fb77afc2550>,45,3,[6 5],46,111,114,65,95
1,<environment.Job instance at 0x7fb7be7e9b90>,46,3,[8 2],47,114,117,67,98
1,<environment.Job instance at 0x7fb7be8f3af0>,30,2,[ 5 11],31,117,119,86,100
1,<environment.Job instance at 0x7fb7be7e9460>,51,1,[8 5],52,119,120,67,111
1,<environment.Job instance at 0x7fb7be7e9af0>,53,2,[5 5],54,122,124,68,122
1,<environment.Job instance at 0x7fb7be7e9dc0>,56,13,[11  1],57,124,137,67,124
1,<environment.Job instance at 0x7fb7be7e9a00>,57,18,[1 7],58,125,143,67,125
1,<environment.Job instance at 0x7fb7be7e9e10>,58,12,[ 5 12],59,143,155,84,126
1,<environment.Job instance at 0x7fb7be7462d0>,59,14,[10  1],60,137,151,77,129
1,<environment.Job instance at 0x7fb7be6dff50>,63,2,[10  5],64,156,158,92,156
1,<environment.Job instance at 0x7fb7be4b5d70>,66,3,[8 1],67,163,166,96,163
1,<environment.Job instance at 0x7fb7be7e90a0>,47,13,[7 3],48,171,184,123,171
1,<environment.Job instance at 0x7fb7be7e9e60>,48,20,[6 2],49,180,200,131,180
1,<environment.Job instance at 0x7fb7be4b50f0>,68,21,[5 8],69,186,207,117,186
1,<environment.Job instance at 0x7fb7be75a1e0>,72,18,[5 1],73,200,218,127,189
1,<environment.Job instance at 0x7fb7be75a6e0>,74,12,[6 5],75,207,219,132,202
1,<environment.Job instance at 0x7fb7be75a780>,79,2,[ 4 11],80,219,221,139,207
1,<environment.Job instance at 0x7fb7be7edcd0>,81,1,[10  2],82,219,220,137,208
1,<environment.Job instance at 0x7fb7c0d21910>,83,2,[ 4 10],84,221,223,137,208
1,<environment.Job instance at 0x7fb7be782280>,84,3,[11  1],85,220,223,135,210
1,<environment.Job instance at 0x7fb77af8a9b0>,0,26,[6 3],1,1,27,0,1
1,<environment.Job instance at 0x7fb7c0e80fa0>,4,1,[9 4],5,5,6,0,5
1,<environment.Job instance at 0x7fb7c11948c0>,5,23,[7 1],6,6,29,0,6
1,<environment.Job instance at 0x7fb7be74ba00>,13,12,[ 1 14],14,27,39,13,14
1,<environment.Job instance at 0x7fb7beb255f0>,18,1,[ 3 14],19,39,40,20,25
1,<environment.Job instance at 0x7fb7beb251e0>,19,2,[5 6],20,40,42,20,25
1,<environment.Job instance at 0x7fb7beb25050>,20,1,[5 9],21,40,41,19,25
1,<environment.Job instance at 0x7fb7beb259b0>,21,3,[8 4],22,41,44,19,25
1,<environment.Job instance at 0x7fb7beb255a0>,22,3,[5 2],23,42,45,19,25
1,<environment.Job instance at 0x7fb77af78370>,23,3,[9 2],24,44,47,20,25
1,<environment.Job instance at 0x7fb7be54d140>,28,1,[8 4],29,50,51,21,50
1,<environment.Job instance at 0x7fb7be54d550>,29,3,[7 4],30,50,53,20,50
1,<environment.Job instance at 0x7fb7be54dc30>,30,2,[4 9],31,51,53,20,50
1,<environment.Job instance at 0x7fb77b05acd0>,31,14,[ 3 14],32,53,67,21,50
1,<environment.Job instance at 0x7fb77b05a230>,32,17,[1 6],33,67,84,34,57
1,<environment.Job instance at 0x7fb7be55f0a0>,34,1,[1 9],35,67,68,32,66
1,<environment.Job instance at 0x7fb7be55fa00>,35,13,[ 1 12],36,84,97,48,68
1,<environment.Job instance at 0x7fb7be55f280>,36,17,[11  2],37,68,85,31,68
1,<environment.Job instance at 0x7fb7be55f8c0>,40,28,[5 6],41,97,125,56,96
1,<environment.Job instance at 0x7fb7be56c9b0>,43,28,[ 1 11],44,125,153,81,124
1,<environment.Job instance at 0x7fb7be56c0f0>,45,23,[5 3],46,124,147,78,124
1,<environment.Job instance at 0x7fb7be56c050>,46,14,[13  5],47,153,167,106,138
1,<environment.Job instance at 0x7fb77b028af0>,9,14,[6 1],10,139,153,129,139
1,<environment.Job instance at 0x7fb7be56cc30>,50,13,[12  5],51,167,180,116,152
1,<environment.Job instance at 0x7fb7be567b90>,58,15,[ 3 13],59,180,195,121,166
1,<environment.Job instance at 0x7fb7be567c80>,59,1,[10  3],60,195,196,135,168
1,<environment.Job instance at 0x7fb7be566690>,63,18,[ 1 10],64,195,213,131,184
1,<environment.Job instance at 0x7fb7be566b40>,64,1,[1 6],65,213,214,148,185
1,<environment.Job instance at 0x7fb7be566c80>,66,18,[ 3 13],67,214,232,147,203
1,<environment.Job instance at 0x7fb7be5669b0>,69,1,[7 3],70,203,204,133,203
1,<environment.Job instance at 0x7fb7be56cb90>,51,14,[7 1],52,203,217,151,203
1,<environment.Job instance at 0x7fb7be571d70>,72,2,[ 2 10],73,232,234,159,205
1,<environment.Job instance at 0x7fb7be56ab40>,74,2,[4 6],75,234,236,159,207
1,<environment.Job instance at 0x7fb7be56a140>,75,2,[10  5],76,232,234,156,207
1,<environment.Job instance at 0x7fb77adbb550>,76,1,[5 7],77,213,214,136,207
1,<environment.Job instance at 0x7fb77adbb230>,77,2,[ 4 14],78,236,238,158,209
1,<environment.Job instance at 0x7fb77adcc0a0>,80,1,[5 4],81,234,235,153,223
1,<environment.Job instance at 0x7fb7beb3a500>,3,18,[ 2 11],4,4,22,0,4
1,<environment.Job instance at 0x7fb7be50f2d0>,5,3,[11  2],6,6,9,0,6
1,<environment.Job instance at 0x7fb7c1225b40>,13,2,[2 8],14,23,25,9,23
1,<environment.Job instance at 0x7fb7c1225a00>,14,14,[10  1],15,23,37,8,23
1,<environment.Job instance at 0x7fb7c1225500>,15,3,[13  2],16,37,40,21,23
1,<environment.Job instance at 0x7fb7c1225b90>,16,1,[9 4],17,40,41,23,23
1,<environment.Job instance at 0x7fb7c1225f50>,17,3,[3 8],18,25,28,7,23
1,<environment.Job instance at 0x7fb7c12254b0>,18,1,[13  4],19,41,42,22,23
1,<environment.Job instance at 0x7fb7c12250a0>,22,13,[14  4],23,42,55,19,40
1,<environment.Job instance at 0x7fb7c1225dc0>,24,2,[5 2],25,55,57,30,54
1,<environment.Job instance at 0x7fb7c12258c0>,25,3,[5 1],26,55,58,29,54
1,<environment.Job instance at 0x7fb7c10732d0>,27,2,[2 9],28,57,59,29,57
1,<environment.Job instance at 0x7fb7c1073aa0>,28,2,[8 3],29,57,59,28,57
1,<environment.Job instance at 0x7fb7c1073370>,31,23,[ 3 13],32,74,97,42,74
1,<environment.Job instance at 0x7fb7c111ca00>,34,18,[1 8],35,97,115,62,87
1,<environment.Job instance at 0x7fb7c111c4b0>,36,2,[7 2],37,97,99,60,97
1,<environment.Job instance at 0x7fb7be50fe10>,12,23,[7 1],13,102,125,89,102
1,<environment.Job instance at 0x7fb7c10bac80>,38,18,[5 8],39,115,133,76,107
1,<environment.Job instance at 0x7fb7c10ba730>,42,2,[5 6],43,107,109,64,107
1,<environment.Job instance at 0x7fb7c10baa50>,43,3,[10  1],44,125,128,81,107
1,<environment.Job instance at 0x7fb7c10bab90>,45,2,[10  5],46,128,130,82,112
1,<environment.Job instance at 0x7fb7c10ba5a0>,46,2,[6 4],47,112,114,65,112
1,<environment.Job instance at 0x7fb7c109e7d0>,48,3,[2 7],49,130,133,81,119
1,<environment.Job instance at 0x7fb7c109ecd0>,49,2,[10  2],50,133,135,83,119
1,<environment.Job instance at 0x7fb7c109e0f0>,50,1,[8 1],51,135,136,84,119
1,<environment.Job instance at 0x7fb7c109ed20>,52,17,[1 9],53,133,150,80,130
1,<environment.Job instance at 0x7fb7c109e050>,54,22,[9 5],55,136,158,81,133
1,<environment.Job instance at 0x7fb7be966870>,55,3,[ 1 14],56,158,161,102,136
1,<environment.Job instance at 0x7fb7be59f190>,59,3,[10  2],60,161,164,101,158
1,<environment.Job instance at 0x7fb7be59f780>,60,13,[11  4],61,164,177,103,158
1,<environment.Job instance at 0x7fb7be59f9b0>,61,12,[ 1 13],62,177,189,115,160
1,<environment.Job instance at 0x7fb7be59f690>,67,2,[3 7],68,189,191,121,181
1,<environment.Job instance at 0x7fb7be7f6eb0>,68,12,[10  1],69,181,193,112,181
1,<environment.Job instance at 0x7fb7be7f6b40>,69,21,[1 7],70,189,210,119,181
1,<environment.Job instance at 0x7fb7beb3a320>,8,14,[8 1],9,193,207,184,192
1,<environment.Job instance at 0x7fb7be751500>,2,14,[9 1],3,207,221,204,192
1,<environment.Job instance at 0x7fb7be7f68c0>,74,1,[10  4],75,221,222,146,197
1,<environment.Job instance at 0x7fb7be7f6960>,75,12,[5 9],76,210,222,134,199
1,<environment.Job instance at 0x7fb7be7f6e60>,72,17,[ 2 14],73,222,239,149,210
1,<environment.Job instance at 0x7fb7c1122aa0>,80,2,[8 1],81,222,224,141,216
1,<environment.Job instance at 0x7fb7c1122910>,81,1,[9 4],82,239,240,157,216
1,<environment.Job instance at 0x7fb7c1122230>,83,2,[1 7],84,239,241,155,216
1,<environment.Job instance at 0x7fb77acc45a0>,84,2,[1 6],85,240,242,155,216
1,<environment.Job instance at 0x7fb7c103daa0>,7,1,[2 6],8,8,9,0,8
1,<environment.Job instance at 0x7fb77a940370>,9,25,[7 3],10,10,35,0,10
1,<environment.Job instance at 0x7fb77a9409b0>,10,1,[12  5],11,35,36,24,11
1,<environment.Job instance at 0x7fb77a9401e0>,12,1,[5 2],13,14,15,1,14
1,<environment.Job instance at 0x7fb7be8680f0>,15,3,[ 3 10],16,23,26,7,23
1,<environment.Job instance at 0x7fb7c1056fa0>,16,13,[10  5],17,36,49,19,25
1,<environment.Job instance at 0x7fb7be82d780>,20,2,[8 5],21,27,29,6,27
1,<environment.Job instance at 0x7fb7be82d820>,21,3,[ 3 11],22,29,32,7,29
1,<environment.Job instance at 0x7fb7be82d0a0>,22,14,[10  1],23,49,63,26,36
1,<environment.Job instance at 0x7fb7c0e66a50>,26,1,[ 3 10],27,44,45,17,44
1,<environment.Job instance at 0x7fb77afe4140>,29,2,[3 7],30,56,58,26,56
1,<environment.Job instance at 0x7fb77afe4500>,30,18,[5 4],31,58,76,27,58
1,<environment.Job instance at 0x7fb7c0d140a0>,31,1,[4 7],32,63,64,31,58
1,<environment.Job instance at 0x7fb7c0d143c0>,32,19,[6 2],33,63,82,30,58
1,<environment.Job instance at 0x7fb7c0d14410>,34,1,[1 7],35,64,65,29,58
1,<environment.Job instance at 0x7fb7c0d140f0>,35,3,[14  4],36,82,85,46,58
1,<environment.Job instance at 0x7fb77ab228c0>,36,17,[ 1 13],37,85,102,48,73
1,<environment.Job instance at 0x7fb77ab221e0>,37,18,[ 3 12],38,102,120,64,91
1,<environment.Job instance at 0x7fb7beb1bf00>,41,2,[11  4],42,120,122,78,93
1,<environment.Job instance at 0x7fb7beb1baf0>,45,3,[3 9],46,120,123,74,94
1,<environment.Job instance at 0x7fb7beb1b5f0>,48,22,[ 1 13],49,123,145,74,116
1,<environment.Job instance at 0x7fb7beb1b370>,51,3,[2 9],52,145,148,93,120
1,<environment.Job instance at 0x7fb7c59f9960>,56,18,[3 9],57,148,166,91,145
1,<environment.Job instance at 0x7fb77acc45a0>,2,19,[8 3],3,146,165,143,146
1,<environment.Job instance at 0x7fb7be6307d0>,60,2,[7 4],61,165,167,104,146
1,<environment.Job instance at 0x7fb7c59f9f50>,58,2,[11  2],59,167,169,108,147
1,<environment.Job instance at 0x7fb7bea872d0>,62,13,[14  2],63,169,182,106,154
1,<environment.Job instance at 0x7fb7bea87f00>,61,16,[6 5],62,182,198,120,176
1,<environment.Job instance at 0x7fb7c111e320>,6,23,[5 5],7,182,205,175,178
1,<environment.Job instance at 0x7fb7be610460>,71,13,[5 2],72,198,211,126,188
1,<environment.Job instance at 0x7fb7be7f2780>,74,1,[10  4],75,205,206,130,190
1,<environment.Job instance at 0x7fb7be7f2d70>,75,3,[5 7],76,198,201,122,190
1,<environment.Job instance at 0x7fb7be7f2e60>,76,1,[1 8],77,201,202,124,191
1,<environment.Job instance at 0x7fb7be768460>,79,18,[1 9],80,206,224,126,196
1,<environment.Job instance at 0x7fb7be7f2190>,78,14,[7 2],79,206,220,127,196
1,<environment.Job instance at 0x7fb7be7f25a0>,77,3,[4 5],78,202,205,124,197
1,<environment.Job instance at 0x7fb7be6d0230>,82,2,[1 5],83,220,222,137,197
1,<environment.Job instance at 0x7fb7be768d70>,80,2,[ 4 14],81,224,226,143,197
1,<environment.Job instance at 0x7fb7be5d56e0>,85,3,[10  2],86,226,229,140,205
1,<environment.Job instance at 0x7fb7c10840f0>,87,2,[9 1],88,220,222,132,205
1,<environment.Job instance at 0x7fb7c1084a00>,88,2,[ 2 10],89,226,228,137,205
1,<environment.Job instance at 0x7fb77a9bff50>,4,19,[2 5],5,5,24,0,5
1,<environment.Job instance at 0x7fb7be5d58c0>,10,2,[2 6],11,11,13,0,11
1,<environment.Job instance at 0x7fb7be80a190>,14,22,[1 8],15,19,41,4,19
1,<environment.Job instance at 0x7fb7be80a4b0>,16,1,[6 4],17,24,25,7,23
1,<environment.Job instance at 0x7fb7bea875a0>,17,2,[3 8],18,41,43,23,23
1,<environment.Job instance at 0x7fb7be80aaa0>,18,13,[14  3],19,25,38,6,23
1,<environment.Job instance at 0x7fb7be5efe10>,21,3,[1 8],22,43,46,21,39
1,<environment.Job instance at 0x7fb7be5eff00>,22,26,[1 5],23,39,65,16,39
1,<environment.Job instance at 0x7fb7be5efd20>,23,17,[ 4 10],24,52,69,28,52
1,<environment.Job instance at 0x7fb7be5d8280>,26,1,[9 3],27,65,66,38,54
1,<environment.Job instance at 0x7fb7be5d84b0>,28,3,[5 8],29,69,72,40,63
1,<environment.Job instance at 0x7fb7be5d8550>,29,2,[3 9],30,72,74,42,63
1,<environment.Job instance at 0x7fb7be5d8910>,35,1,[8 5],36,80,81,44,80
1,<environment.Job instance at 0x7fb7be5d89b0>,36,3,[2 5],37,80,83,43,80
1,<environment.Job instance at 0x7fb7be5d80f0>,37,24,[2 8],38,82,106,44,82
1,<environment.Job instance at 0x7fb7be5d8730>,32,22,[5 3],33,83,105,50,82
1,<environment.Job instance at 0x7fb7be5d8b90>,43,26,[1 8],44,106,132,62,103
1,<environment.Job instance at 0x7fb7be605230>,47,3,[7 5],48,108,111,60,108
1,<environment.Job instance at 0x7fb7be6052d0>,48,2,[5 3],49,111,113,62,108
1,<environment.Job instance at 0x7fb7be605410>,49,15,[ 1 14],50,132,147,82,118
1,<environment.Job instance at 0x7fb7be605370>,50,1,[3 5],51,118,119,67,118
1,<environment.Job instance at 0x7fb7be6054b0>,51,23,[9 4],52,147,170,95,141
1,<environment.Job instance at 0x7fb7be605780>,53,3,[9 4],54,170,173,116,144
1,<environment.Job instance at 0x7fb7be605910>,55,2,[1 9],56,147,149,91,144
1,<environment.Job instance at 0x7fb7be605a50>,57,1,[ 1 10],58,149,150,91,144
1,<environment.Job instance at 0x7fb7be605aa0>,58,16,[5 1],59,145,161,86,145
1,<environment.Job instance at 0x7fb7be605b40>,59,1,[6 4],60,161,162,101,145
1,<environment.Job instance at 0x7fb7be605f00>,64,3,[3 9],65,162,165,97,161
1,<environment.Job instance at 0x7fb7be605fa0>,65,2,[10  1],66,173,175,107,161
1,<environment.Job instance at 0x7fb77aa1c0a0>,66,3,[ 1 10],67,165,168,98,161
1,<environment.Job instance at 0x7fb77aa1c190>,68,3,[5 9],69,168,171,99,162
1,<environment.Job instance at 0x7fb77aa1c1e0>,69,1,[10  2],70,175,176,105,162
1,<environment.Job instance at 0x7fb7be5d8dc0>,39,13,[14  2],40,176,189,136,171
1,<environment.Job instance at 0x7fb77aa1c0f0>,70,18,[3 6],71,189,207,118,179
1,<environment.Job instance at 0x7fb77aa1c910>,75,3,[3 8],76,189,192,113,187
1,<environment.Job instance at 0x7fb77aa1c960>,77,13,[7 1],78,195,208,117,195
1,<environment.Job instance at 0x7fb77aa1cd70>,80,14,[1 9],81,207,221,126,204
1,<environment.Job instance at 0x7fb77aa1cbe0>,81,2,[5 4],82,204,206,122,204
1,<environment.Job instance at 0x7fb77aa1ce60>,83,3,[ 2 10],84,221,224,137,204
1,<environment.Job instance at 0x7fb77aa1cf00>,84,17,[10  5],85,209,226,124,209
1,<environment.Job instance at 0x7fb77aa1d230>,87,16,[11  5],88,226,242,138,213
1,<environment.Job instance at 0x7fb7be73daf0>,3,2,[ 3 10],4,5,7,1,5
1,<environment.Job instance at 0x7fb7c0c452d0>,6,16,[3 8],7,10,26,3,10
1,<environment.Job instance at 0x7fb77ad29640>,9,2,[ 3 10],10,26,28,16,11
1,<environment.Job instance at 0x7fb77ad29e10>,15,14,[8 4],16,22,36,6,22
1,<environment.Job instance at 0x7fb77ad06aa0>,18,3,[6 2],19,30,33,11,30
1,<environment.Job instance at 0x7fb77ad06910>,19,1,[6 1],20,33,34,13,30
1,<environment.Job instance at 0x7fb77ad06b90>,20,17,[8 2],21,45,62,24,45
1,<environment.Job instance at 0x7fb77a95e6e0>,23,3,[ 2 10],24,45,48,21,45
1,<environment.Job instance at 0x7fb7be9debe0>,26,3,[1 8],27,48,51,21,45
1,<environment.Job instance at 0x7fb77ae92fa0>,27,1,[3 5],28,48,49,20,45
1,<environment.Job instance at 0x7fb7c0f8a190>,28,25,[5 5],29,49,74,20,45
1,<environment.Job instance at 0x7fb77a9ebe60>,29,2,[5 1],30,45,47,15,45
1,<environment.Job instance at 0x7fb7c0dd9410>,30,18,[14  5],31,74,92,43,63
1,<environment.Job instance at 0x7fb7c0f8ab90>,31,15,[ 1 12],32,92,107,60,78
1,<environment.Job instance at 0x7fb7be5c9c30>,37,16,[3 5],38,107,123,69,97
1,<environment.Job instance at 0x7fb7be5c9280>,40,22,[4 6],41,107,129,66,106
1,<environment.Job instance at 0x7fb7be695690>,44,18,[10  2],45,123,141,78,120
1,<environment.Job instance at 0x7fb7c13d6eb0>,45,17,[3 9],46,132,149,86,132
1,<environment.Job instance at 0x7fb77ab01d20>,46,1,[6 4],47,141,142,94,132
1,<environment.Job instance at 0x7fb77a92ef00>,51,2,[5 4],52,142,144,90,133
1,<environment.Job instance at 0x7fb77a92e140>,52,17,[ 3 14],53,149,166,96,137
1,<environment.Job instance at 0x7fb77acf4910>,55,16,[ 4 12],56,166,182,110,153
1,<environment.Job instance at 0x7fb7be661e60>,58,18,[13  3],59,182,200,123,171
1,<environment.Job instance at 0x7fb7c118d820>,65,1,[ 5 13],66,200,201,134,191
1,<environment.Job instance at 0x7fb7c118d870>,66,1,[8 5],67,201,202,134,191
1,<environment.Job instance at 0x7fb7c118de10>,68,2,[2 9],69,191,193,122,191
1,<environment.Job instance at 0x7fb7c118dfa0>,70,15,[1 6],71,201,216,130,196
1,<environment.Job instance at 0x7fb7c118d960>,71,22,[2 9],72,202,224,130,196
1,<environment.Job instance at 0x7fb7be9dae10>,72,2,[5 5],73,216,218,143,196
1,<environment.Job instance at 0x7fb7be9da5f0>,73,3,[ 5 11],74,224,227,150,198
1,<environment.Job instance at 0x7fb7be9da460>,74,1,[9 1],75,200,201,125,198
1,<environment.Job instance at 0x7fb7be6616e0>,59,1,[ 4 14],60,227,228,167,201
1,<environment.Job instance at 0x7fb77ad9d8c0>,77,2,[9 2],78,218,220,140,205
1,<environment.Job instance at 0x7fb7be843f00>,78,1,[5 5],79,220,221,141,205
1,<environment.Job instance at 0x7fb7be843be0>,80,2,[7 1],81,216,218,135,214
1,<environment.Job instance at 0x7fb77ab45730>,81,3,[ 3 11],82,228,231,146,214
1,<environment.Job instance at 0x7fb77ab45320>,82,1,[ 3 10],83,231,232,148,214
1,<environment.Job instance at 0x7fb77ab45910>,84,1,[2 5],85,221,222,136,219
1,<environment.Job instance at 0x7fb7be71edc0>,10,3,[2 6],11,11,14,0,11
1,<environment.Job instance at 0x7fb7be71ed70>,11,17,[13  5],12,21,38,9,21
1,<environment.Job instance at 0x7fb77ad39780>,13,18,[1 8],14,21,39,7,21
1,<environment.Job instance at 0x7fb77ad84410>,16,1,[5 3],17,38,39,21,21
1,<environment.Job instance at 0x7fb7c5a2d910>,18,3,[10  4],19,39,42,20,31
1,<environment.Job instance at 0x7fb77ad84d70>,20,1,[1 7],21,39,40,18,34
1,<environment.Job instance at 0x7fb77b028140>,22,2,[1 9],23,40,42,17,34
1,<environment.Job instance at 0x7fb7be63baf0>,23,2,[6 3],24,42,44,18,34
1,<environment.Job instance at 0x7fb7be63be10>,26,1,[6 3],27,50,51,23,50
1,<environment.Job instance at 0x7fb7be63b550>,27,1,[5 4],28,50,51,22,50
1,<environment.Job instance at 0x7fb77ab92aa0>,29,1,[3 5],30,52,53,22,52
1,<environment.Job instance at 0x7fb7c13bd8c0>,30,1,[4 9],31,52,53,21,52
1,<environment.Job instance at 0x7fb7c0f8a320>,6,13,[12  4],7,64,77,57,64
1,<environment.Job instance at 0x7fb7be755050>,35,16,[5 7],36,77,93,41,64
1,<environment.Job instance at 0x7fb7be902c30>,38,2,[1 6],39,79,81,40,79
1,<environment.Job instance at 0x7fb7be4eddc0>,39,23,[5 5],40,81,104,41,79
1,<environment.Job instance at 0x7fb7be7559b0>,37,16,[3 5],38,93,109,55,84
1,<environment.Job instance at 0x7fb77afcd960>,42,12,[5 4],43,93,105,50,90
1,<environment.Job instance at 0x7fb77afcdcd0>,45,24,[7 5],46,104,128,58,99
1,<environment.Job instance at 0x7fb7c0ffd6e0>,47,3,[ 2 13],48,128,131,80,102
1,<environment.Job instance at 0x7fb7c0ffd960>,51,2,[4 8],52,111,113,59,111
1,<environment.Job instance at 0x7fb7be98f910>,55,2,[7 1],56,113,115,57,113
1,<environment.Job instance at 0x7fb7be98f3c0>,56,13,[ 1 10],57,131,144,74,117
1,<environment.Job instance at 0x7fb7be98f2d0>,58,3,[10  1],59,128,131,69,127
1,<environment.Job instance at 0x7fb7c1126b90>,60,1,[13  2],61,131,132,70,127
1,<environment.Job instance at 0x7fb7c11269b0>,63,1,[ 2 13],64,144,145,80,143
1,<environment.Job instance at 0x7fb77aeac7d0>,64,2,[ 4 10],65,145,147,80,143
1,<environment.Job instance at 0x7fb7be6106e0>,65,19,[8 1],66,143,162,77,143
1,<environment.Job instance at 0x7fb77aeacd20>,66,1,[ 4 11],67,147,148,80,143
1,<environment.Job instance at 0x7fb7be610960>,69,2,[10  5],70,162,164,92,143
1,<environment.Job instance at 0x7fb7be98f410>,52,17,[3 8],53,148,165,95,145
1,<environment.Job instance at 0x7fb77b00d280>,72,28,[8 2],73,164,192,91,163
1,<environment.Job instance at 0x7fb77b00d410>,73,22,[5 4],74,165,187,91,163
1,<environment.Job instance at 0x7fb7be73d370>,3,26,[2 9],4,165,191,161,165
1,<environment.Job instance at 0x7fb7c0f6a730>,85,1,[2 5],86,191,192,105,179
1,<environment.Job instance at 0x7fb7c0f6ad20>,87,3,[9 2],88,192,195,104,182
1,<environment.Job instance at 0x7fb77afa82d0>,88,1,[1 6],89,191,192,102,182
1,<environment.Job instance at 0x7fb7be466460>,89,3,[5 2],90,187,190,97,182
1,<environment.Job instance at 0x7fb7be466af0>,91,3,[5 8],92,192,195,100,182
1,<environment.Job instance at 0x7fb7be466730>,92,2,[2 8],93,195,197,102,183
1,<environment.Job instance at 0x7fb77addb870>,94,26,[7 4],95,195,221,100,192
1,<environment.Job instance at 0x7fb7beac2a50>,4,13,[2 5],5,197,210,192,193
1,<environment.Job instance at 0x7fb7be6e9230>,84,2,[1 7],85,210,212,125,199
1,<environment.Job instance at 0x7fb77ac50140>,0,20,[5 8],1,1,21,0,1
1,<environment.Job instance at 0x7fb77a981730>,2,1,[9 4],3,3,4,0,3
1,<environment.Job instance at 0x7fb7be90d550>,4,1,[1 7],5,5,6,0,5
1,<environment.Job instance at 0x7fb7be9bb5f0>,9,14,[ 1 13],10,21,35,11,10
1,<environment.Job instance at 0x7fb7c0f8a730>,10,21,[5 2],11,11,32,0,11
1,<environment.Job instance at 0x7fb77abe1050>,19,3,[ 4 10],20,35,38,15,20
1,<environment.Job instance at 0x7fb77abe1410>,22,1,[5 8],23,38,39,15,29
1,<environment.Job instance at 0x7fb77abe14b0>,23,1,[6 3],24,35,36,11,29
1,<environment.Job instance at 0x7fb77abe1550>,24,3,[6 1],25,32,35,7,29
1,<environment.Job instance at 0x7fb77abe15f0>,25,1,[10  4],26,36,37,10,29
1,<environment.Job instance at 0x7fb77abe1690>,26,12,[9 1],27,37,49,10,36
1,<environment.Job instance at 0x7fb77abe1730>,27,3,[10  1],28,49,52,21,36
1,<environment.Job instance at 0x7fb77abe1960>,31,1,[6 1],32,40,41,8,40
1,<environment.Job instance at 0x7fb77abe1820>,32,2,[ 4 10],33,41,43,8,40
1,<environment.Job instance at 0x7fb77abe1320>,33,2,[4 7],34,43,45,9,40
1,<environment.Job instance at 0x7fb77abe1af0>,34,18,[6 3],35,52,70,17,44
1,<environment.Job instance at 0x7fb77abe1dc0>,35,23,[7 4],36,52,75,16,46
1,<environment.Job instance at 0x7fb77abe1b90>,36,23,[5 6],37,70,93,33,64
1,<environment.Job instance at 0x7fb77abe1e60>,38,25,[ 5 10],39,93,118,54,89
1,<environment.Job instance at 0x7fb77abdd820>,46,2,[4 6],47,118,120,71,108
1,<environment.Job instance at 0x7fb77abdd780>,47,26,[ 2 10],48,120,146,72,117
1,<environment.Job instance at 0x7fb77abddaf0>,52,2,[5 1],53,127,129,74,127
1,<environment.Job instance at 0x7fb77abddb90>,53,17,[ 5 12],54,146,163,92,134
1,<environment.Job instance at 0x7fb77abdd690>,59,1,[8 4],60,163,164,103,153
1,<environment.Job instance at 0x7fb77abddf00>,61,2,[1 9],62,163,165,101,158
1,<environment.Job instance at 0x7fb77abeb230>,63,20,[5 2],64,158,178,94,158
1,<environment.Job instance at 0x7fb77abdde10>,57,3,[9 3],58,164,167,106,160
1,<environment.Job instance at 0x7fb77abeb280>,66,1,[6 2],67,167,168,100,165
1,<environment.Job instance at 0x7fb77abeb370>,67,2,[ 5 11],68,168,170,100,165
1,<environment.Job instance at 0x7fb77abeb5a0>,68,12,[12  2],69,178,190,109,165
1,<environment.Job instance at 0x7fb77abeb6e0>,70,2,[ 4 14],71,190,192,119,178
1,<environment.Job instance at 0x7fb77abeb820>,72,1,[ 4 10],73,192,193,119,183
1,<environment.Job instance at 0x7fb77abeba00>,75,3,[1 7],76,184,187,108,184
1,<environment.Job instance at 0x7fb77abebb40>,77,3,[1 7],78,194,197,116,194
1,<environment.Job instance at 0x7fb77abebc80>,79,2,[6 4],80,195,197,115,195
1,<environment.Job instance at 0x7fb77abebd20>,80,25,[8 3],81,195,220,114,195
1,<environment.Job instance at 0x7fb77abebdc0>,81,27,[8 1],82,220,247,138,218
1,<environment.Job instance at 0x7fb77b02a370>,1,2,[5 2],2,2,4,0,2
1,<environment.Job instance at 0x7fb77acc60a0>,6,20,[10  4],7,7,27,0,7
1,<environment.Job instance at 0x7fb7c0c51730>,8,1,[2 8],9,9,10,0,9
1,<environment.Job instance at 0x7fb7c0c51eb0>,10,1,[ 2 10],11,11,12,0,11
1,<environment.Job instance at 0x7fb7c0c51190>,11,3,[3 8],12,12,15,0,12
1,<environment.Job instance at 0x7fb77ad4df00>,16,1,[10  4],17,27,28,10,17
1,<environment.Job instance at 0x7fb77ad4de60>,17,2,[7 3],18,28,30,10,18
1,<environment.Job instance at 0x7fb7c1218dc0>,18,12,[6 2],19,28,40,9,24
1,<environment.Job instance at 0x7fb7c1218cd0>,23,24,[9 2],24,30,54,6,25
1,<environment.Job instance at 0x7fb7c1218820>,25,3,[ 4 10],26,40,43,14,28
1,<environment.Job instance at 0x7fb7c12186e0>,26,1,[1 6],27,28,29,1,28
1,<environment.Job instance at 0x7fb7c12188c0>,28,2,[ 2 10],29,43,45,14,29
1,<environment.Job instance at 0x7fb77a92deb0>,31,24,[2 6],32,45,69,13,40
1,<environment.Job instance at 0x7fb77a92df00>,34,3,[2 5],35,48,51,13,48
1,<environment.Job instance at 0x7fb77a92dc80>,35,3,[1 5],36,51,54,15,48
1,<environment.Job instance at 0x7fb77a92de10>,37,3,[3 5],38,54,57,16,51
1,<environment.Job instance at 0x7fb77a92d7d0>,38,3,[6 4],39,54,57,15,52
1,<environment.Job instance at 0x7fb77a92d5a0>,39,16,[ 1 10],40,69,85,29,57
1,<environment.Job instance at 0x7fb77a92db90>,40,3,[ 5 10],41,85,88,44,59
1,<environment.Job instance at 0x7fb77a92d640>,42,1,[2 8],43,60,61,17,60
1,<environment.Job instance at 0x7fb7c14176e0>,43,21,[5 4],44,61,82,17,60
1,<environment.Job instance at 0x7fb7c1417b90>,44,17,[11  5],45,88,105,43,76
1,<environment.Job instance at 0x7fb7be692c30>,50,2,[1 8],51,88,90,37,82
1,<environment.Job instance at 0x7fb7be692550>,53,1,[ 4 10],54,90,91,36,89
1,<environment.Job instance at 0x7fb7be6925f0>,54,24,[5 8],55,105,129,50,100
1,<environment.Job instance at 0x7fb7be692190>,55,1,[1 5],56,100,101,44,100
1,<environment.Job instance at 0x7fb7be6928c0>,56,24,[10  2],57,105,129,48,100
1,<environment.Job instance at 0x7fb7be6920f0>,58,1,[2 6],59,129,130,70,107
1,<environment.Job instance at 0x7fb7be692640>,60,2,[14  3],61,130,132,69,109
1,<environment.Job instance at 0x7fb77acb9b90>,61,1,[3 9],62,129,130,67,109
1,<environment.Job instance at 0x7fb77ae46e60>,64,18,[1 8],65,130,148,65,120
1,<environment.Job instance at 0x7fb77ae46910>,65,1,[5 9],66,148,149,82,120
1,<environment.Job instance at 0x7fb77ae46190>,66,23,[9 5],67,132,155,65,126
1,<environment.Job instance at 0x7fb77ae46050>,68,2,[6 2],69,149,151,80,126
1,<environment.Job instance at 0x7fb7c0d41550>,70,1,[ 5 10],71,151,152,80,126
1,<environment.Job instance at 0x7fb7c0d41f00>,71,3,[10  5],72,155,158,83,129
1,<environment.Job instance at 0x7fb7c0d41b90>,74,1,[3 8],75,152,153,77,142
1,<environment.Job instance at 0x7fb7c0d41be0>,77,3,[8 5],78,158,161,80,154
1,<environment.Job instance at 0x7fb7be5314b0>,78,3,[9 3],79,161,164,82,154
1,<environment.Job instance at 0x7fb7c0d41c80>,79,1,[13  5],80,164,165,84,154
1,<environment.Job instance at 0x7fb7be531b40>,80,1,[4 5],81,154,155,73,154
1,<environment.Job instance at 0x7fb7be5310a0>,81,2,[4 7],82,155,157,73,154
1,<environment.Job instance at 0x7fb7be5319b0>,83,27,[5 6],84,165,192,81,163
1,<environment.Job instance at 0x7fb7be531d20>,84,2,[5 3],85,165,167,80,163
1,<environment.Job instance at 0x7fb7c0ddc3c0>,85,1,[9 2],86,167,168,81,163
1,<environment.Job instance at 0x7fb7c12187d0>,30,12,[9 2],31,168,180,137,168
1,<environment.Job instance at 0x7fb7c1218640>,20,16,[8 2],21,180,196,159,168
1,<environment.Job instance at 0x7fb77af3e960>,89,2,[1 6],90,172,174,82,172
1,<environment.Job instance at 0x7fb77aaf44b0>,90,3,[7 1],91,192,195,101,174
1,<environment.Job instance at 0x7fb77af3ea50>,86,16,[ 3 11],87,195,211,108,187
1,<environment.Job instance at 0x7fb77aaf4eb0>,94,27,[3 8],95,211,238,116,209
1,<environment.Job instance at 0x7fb7be959a50>,0,14,[12  5],1,3,17,2,3
1,<environment.Job instance at 0x7fb7be532be0>,5,3,[ 4 10],6,17,20,11,6
1,<environment.Job instance at 0x7fb7be532d20>,6,21,[10  2],7,17,38,10,9
1,<environment.Job instance at 0x7fb77ab48410>,1,2,[2 7],2,13,15,11,13
1,<environment.Job instance at 0x7fb77ac1cf50>,19,3,[1 6],20,23,26,3,23
1,<environment.Job instance at 0x7fb77ac1c050>,20,25,[ 4 10],21,26,51,5,23
1,<environment.Job instance at 0x7fb77ac1ce60>,17,14,[7 4],18,38,52,20,23
1,<environment.Job instance at 0x7fb77ac1cc30>,21,22,[9 1],22,52,74,30,45
1,<environment.Job instance at 0x7fb77a7980f0>,23,1,[6 5],24,51,52,27,45
1,<environment.Job instance at 0x7fb77a798870>,24,14,[ 2 11],25,52,66,27,45
1,<environment.Job instance at 0x7fb7be569500>,30,17,[ 5 14],31,66,83,35,56
1,<environment.Job instance at 0x7fb7be569410>,32,1,[3 7],33,83,84,50,58
1,<environment.Job instance at 0x7fb7be569e10>,35,1,[8 4],36,83,84,47,71
1,<environment.Job instance at 0x7fb7be5694b0>,36,2,[5 2],37,84,86,47,71
1,<environment.Job instance at 0x7fb7be533500>,37,17,[ 5 10],38,84,101,46,77
1,<environment.Job instance at 0x7fb7be533a50>,39,16,[5 5],40,100,116,60,100
1,<environment.Job instance at 0x7fb7be5330f0>,42,2,[5 5],43,101,103,58,100
1,<environment.Job instance at 0x7fb7be533410>,43,1,[3 5],44,101,102,57,100
1,<environment.Job instance at 0x7fb7be533230>,44,2,[6 5],45,103,105,58,100
1,<environment.Job instance at 0x7fb7be533b40>,45,1,[ 4 10],46,105,106,59,100
1,<environment.Job instance at 0x7fb7be533910>,46,16,[12  5],47,116,132,69,103
1,<environment.Job instance at 0x7fb7be569aa0>,27,19,[ 2 10],28,106,125,78,103
1,<environment.Job instance at 0x7fb7c0e22cd0>,54,1,[10  2],55,132,133,77,104
1,<environment.Job instance at 0x7fb7c0e222d0>,56,2,[4 9],57,132,134,75,114
1,<environment.Job instance at 0x7fb7c0e22be0>,57,2,[9 2],58,133,135,75,114
1,<environment.Job instance at 0x7fb7c0f9abe0>,60,1,[6 1],61,134,135,73,120
1,<environment.Job instance at 0x7fb7c0f9ad70>,61,15,[5 1],62,135,150,73,124
1,<environment.Job instance at 0x7fb7c0f9af00>,62,1,[1 5],63,125,126,62,124
1,<environment.Job instance at 0x7fb7c0f9a1e0>,63,1,[7 1],64,135,136,71,124
1,<environment.Job instance at 0x7fb7c0f9a4b0>,64,12,[ 4 13],65,136,148,71,124
1,<environment.Job instance at 0x7fb77aafe5a0>,67,1,[3 6],68,135,136,67,135
1,<environment.Job instance at 0x7fb77aafeeb0>,68,2,[7 1],69,148,150,79,135
1,<environment.Job instance at 0x7fb77aafe960>,69,2,[5 1],70,136,138,66,135
1,<environment.Job instance at 0x7fb77aafee10>,70,2,[ 2 12],71,148,150,77,135
1,<environment.Job instance at 0x7fb77aafe3c0>,71,13,[ 3 11],72,150,163,78,135
1,<environment.Job instance at 0x7fb77aafe190>,72,17,[ 1 10],73,163,180,90,153
1,<environment.Job instance at 0x7fb77aafec30>,79,2,[10  4],80,179,181,99,179
1,<environment.Job instance at 0x7fb77aafe8c0>,80,18,[2 9],81,180,198,99,179
1,<environment.Job instance at 0x7fb77aafe370>,81,2,[10  3],82,181,183,99,179
1,<environment.Job instance at 0x7fb77aeb6aa0>,83,12,[3 6],84,186,198,102,186
1,<environment.Job instance at 0x7fb77aeb6b90>,85,1,[14  5],86,198,199,112,187
1,<environment.Job instance at 0x7fb77aeb6e10>,86,13,[10  2],87,199,212,112,187
1,<environment.Job instance at 0x7fb77aeb60f0>,87,2,[ 5 12],88,199,201,111,187
1,<environment.Job instance at 0x7fb7c0e22870>,50,13,[1 8],51,201,214,150,187
1,<environment.Job instance at 0x7fb7c0fe7f50>,8,1,[7 4],9,12,13,3,12
1,<environment.Job instance at 0x7fb7be65b6e0>,10,18,[6 1],11,13,31,2,13
1,<environment.Job instance at 0x7fb77abe1870>,2,14,[ 3 10],3,16,30,13,16
1,<environment.Job instance at 0x7fb7bebea5f0>,15,18,[2 9],16,30,48,14,19
1,<environment.Job instance at 0x7fb7c0ea2910>,14,18,[2 5],15,30,48,15,20
1,<environment.Job instance at 0x7fb7be532870>,4,3,[6 2],5,20,23,15,20
1,<environment.Job instance at 0x7fb7be747cd0>,20,1,[11  1],21,31,32,10,22
1,<environment.Job instance at 0x7fb7be747a50>,21,1,[10  5],22,48,49,26,22
1,<environment.Job instance at 0x7fb7bebea5a0>,17,15,[10  1],18,32,47,14,26
1,<environment.Job instance at 0x7fb7be6157d0>,31,1,[7 3],32,49,50,17,33
1,<environment.Job instance at 0x7fb7c12783c0>,33,1,[2 6],34,48,49,14,41
1,<environment.Job instance at 0x7fb7c0e35dc0>,34,3,[6 2],35,49,52,14,41
1,<environment.Job instance at 0x7fb77aa23870>,36,3,[5 3],37,50,53,13,45
1,<environment.Job instance at 0x7fb77ada6230>,37,1,[ 2 12],38,52,53,14,45
1,<environment.Job instance at 0x7fb77ada6140>,38,1,[5 8],39,53,54,14,45
1,<environment.Job instance at 0x7fb7be62f5a0>,39,3,[ 2 10],40,49,52,9,45
1,<environment.Job instance at 0x7fb7be75a370>,26,22,[4 9],27,63,85,36,63
1,<environment.Job instance at 0x7fb7be741f00>,44,1,[8 1],45,63,64,18,63
1,<environment.Job instance at 0x7fb7be741d20>,45,1,[10  4],46,64,65,18,63
1,<environment.Job instance at 0x7fb77ad80500>,47,13,[10  3],48,72,85,24,72
1,<environment.Job instance at 0x7fb77aab4730>,48,18,[10  5],49,85,103,36,74
1,<environment.Job instance at 0x7fb77aab4460>,49,2,[7 1],50,103,105,53,76
1,<environment.Job instance at 0x7fb7c0d731e0>,51,23,[9 2],52,105,128,53,99
1,<environment.Job instance at 0x7fb77ada05f0>,55,25,[ 2 11],56,103,128,47,99
1,<environment.Job instance at 0x7fb77ad74550>,65,2,[3 6],66,128,130,62,127
1,<environment.Job instance at 0x7fb7c0e59550>,68,2,[4 9],69,139,141,70,139
1,<environment.Job instance at 0x7fb7c0e59c30>,69,17,[11  5],70,139,156,69,139
1,<environment.Job instance at 0x7fb7c0e594b0>,70,18,[3 7],71,141,159,70,141
1,<environment.Job instance at 0x7fb7c11e6370>,71,1,[1 8],72,156,157,84,142
1,<environment.Job instance at 0x7fb7c1287500>,72,22,[ 4 11],73,159,181,86,152
1,<environment.Job instance at 0x7fb7be4f72d0>,76,15,[13  2],77,181,196,104,167
1,<environment.Job instance at 0x7fb7be4f7aa0>,79,13,[ 5 11],80,196,209,116,184
1,<environment.Job instance at 0x7fb7be4f77d0>,81,2,[5 5],82,209,211,127,184
1,<environment.Job instance at 0x7fb7be4f7a00>,83,3,[ 3 14],84,211,214,127,185
1,<environment.Job instance at 0x7fb7be8941e0>,63,12,[12  5],64,214,226,150,207
1,<environment.Job instance at 0x7fb7be4f7b40>,85,3,[7 1],86,211,214,125,211
1,<environment.Job instance at 0x7fb7be894230>,0,12,[ 1 14],1,1,13,0,1
1,<environment.Job instance at 0x7fb77acda5f0>,2,2,[ 1 14],3,13,15,10,3
1,<environment.Job instance at 0x7fb77abe1960>,3,1,[5 6],4,15,16,11,4
1,<environment.Job instance at 0x7fb77a823960>,4,24,[4 8],5,15,39,10,10
1,<environment.Job instance at 0x7fb7c56f43c0>,9,27,[ 5 10],10,39,66,29,37
1,<environment.Job instance at 0x7fb7bebf9050>,6,23,[9 2],7,37,60,30,37
1,<environment.Job instance at 0x7fb7c0e525f0>,19,2,[3 7],20,66,68,46,42
1,<environment.Job instance at 0x7fb77ad3dbe0>,13,17,[ 5 12],14,68,85,54,68
1,<environment.Job instance at 0x7fb7c11841e0>,24,2,[3 9],25,85,87,60,72
1,<environment.Job instance at 0x7fb7c56f48c0>,10,28,[8 5],11,89,117,78,89
1,<environment.Job instance at 0x7fb77b0a2960>,33,18,[ 4 10],34,91,109,57,91
1,<environment.Job instance at 0x7fb7c10af0f0>,35,3,[8 2],36,117,120,81,108
1,<environment.Job instance at 0x7fb7c10af370>,36,26,[3 5],37,109,135,72,108
1,<environment.Job instance at 0x7fb7be5860f0>,37,24,[9 4],38,120,144,82,115
1,<environment.Job instance at 0x7fb7be5868c0>,38,3,[ 3 10],39,135,138,96,115
1,<environment.Job instance at 0x7fb77b092190>,43,2,[8 5],44,144,146,100,125
1,<environment.Job instance at 0x7fb77a951a50>,45,18,[ 3 10],46,138,156,92,133
1,<environment.Job instance at 0x7fb77a951b40>,47,3,[7 3],48,146,149,98,133
1,<environment.Job instance at 0x7fb77a94edc0>,48,1,[12  1],49,149,150,100,133
1,<environment.Job instance at 0x7fb77a94ee60>,50,1,[5 5],51,150,151,99,133
1,<environment.Job instance at 0x7fb77a94ec80>,51,2,[2 5],52,133,135,81,133
1,<environment.Job instance at 0x7fb77a94e0a0>,60,2,[6 2],61,152,154,91,152
1,<environment.Job instance at 0x7fb77aaea050>,63,24,[5 1],64,154,178,90,154
1,<environment.Job instance at 0x7fb77aaea2d0>,64,1,[6 5],65,156,157,91,154
1,<environment.Job instance at 0x7fb77aaeaa00>,65,22,[5 4],66,157,179,91,154
1,<environment.Job instance at 0x7fb77aaea500>,66,28,[8 5],67,178,206,111,177
1,<environment.Job instance at 0x7fb77ab985f0>,74,25,[9 4],75,206,231,131,202
1,<environment.Job instance at 0x7fb77a967910>,77,1,[5 2],78,211,212,133,211
1,<environment.Job instance at 0x7fb77a9675f0>,78,15,[ 1 14],79,231,246,152,217
1,<environment.Job instance at 0x7fb77a940e60>,83,2,[ 2 13],84,246,248,162,219
1,<environment.Job instance at 0x7fb77ab811e0>,4,2,[6 2],5,10,12,5,10
1,<environment.Job instance at 0x7fb7be56ce10>,9,12,[1 7],10,10,22,0,10
1,<environment.Job instance at 0x7fb77ad49820>,10,3,[10  5],11,12,15,1,11
1,<environment.Job instance at 0x7fb77a728c30>,12,1,[2 9],13,22,23,9,13
1,<environment.Job instance at 0x7fb7c0e5f280>,20,3,[1 9],21,30,33,9,30
1,<environment.Job instance at 0x7fb7c0e5f5a0>,22,19,[1 5],23,30,49,7,30
1,<environment.Job instance at 0x7fb7c0e5f140>,23,2,[1 7],24,33,35,9,30
1,<environment.Job instance at 0x7fb7c0e5f870>,26,14,[14  5],27,48,62,21,48
1,<environment.Job instance at 0x7fb7c0e5fdc0>,27,12,[1 7],28,49,61,21,48
1,<environment.Job instance at 0x7fb7be964af0>,32,12,[2 8],33,62,74,29,62
1,<environment.Job instance at 0x7fb7be964dc0>,33,23,[5 6],34,62,85,28,62
1,<environment.Job instance at 0x7fb7be964500>,34,15,[5 2],35,74,89,39,66
1,<environment.Job instance at 0x7fb7be9649b0>,38,28,[3 8],39,85,113,46,84
1,<environment.Job instance at 0x7fb7c0e5fa50>,18,13,[5 2],19,85,98,66,85
1,<environment.Job instance at 0x7fb7be922550>,41,2,[8 4],42,98,100,56,89
1,<environment.Job instance at 0x7fb7be922c80>,43,23,[5 7],44,100,123,56,95
1,<environment.Job instance at 0x7fb7be922f00>,44,28,[8 5],45,113,141,68,112
1,<environment.Job instance at 0x7fb7be922820>,42,2,[10  2],43,141,143,98,114
1,<environment.Job instance at 0x7fb7be922dc0>,47,24,[2 9],48,123,147,75,120
1,<environment.Job instance at 0x7fb7be922c30>,49,22,[5 3],50,143,165,93,136
1,<environment.Job instance at 0x7fb7be9224b0>,52,23,[13  5],53,165,188,112,159
1,<environment.Job instance at 0x7fb7be922370>,53,12,[ 4 13],54,188,200,134,171
1,<environment.Job instance at 0x7fb7beaa5320>,59,1,[5 9],60,200,201,140,174
1,<environment.Job instance at 0x7fb77ac290f0>,62,1,[1 9],63,187,188,124,187
1,<environment.Job instance at 0x7fb7beaa5c80>,63,26,[6 4],64,200,226,136,197
1,<environment.Job instance at 0x7fb7be922410>,55,16,[6 3],56,202,218,146,202
1,<environment.Job instance at 0x7fb77ac29820>,66,24,[10  1],67,226,250,159,221
1,<environment.Job instance at 0x7fb77ac0c2d0>,1,2,[9 4],2,2,4,0,2
1,<environment.Job instance at 0x7fb77ad490f0>,3,1,[4 8],4,4,5,0,4
1,<environment.Job instance at 0x7fb77a76cf00>,4,1,[5 4],5,5,6,0,5
1,<environment.Job instance at 0x7fb7c58ac1e0>,5,3,[7 4],6,6,9,0,6
1,<environment.Job instance at 0x7fb77aa5a460>,6,19,[4 6],7,7,26,0,7
1,<environment.Job instance at 0x7fb77af37820>,8,1,[3 8],9,9,10,0,9
1,<environment.Job instance at 0x7fb7be7cc0a0>,9,21,[ 5 10],10,26,47,16,18
1,<environment.Job instance at 0x7fb7c0ee1050>,13,21,[5 5],14,20,41,6,20
1,<environment.Job instance at 0x7fb77a6af500>,10,3,[9 5],11,41,44,30,20
1,<environment.Job instance at 0x7fb7c1022aa0>,22,3,[5 5],23,44,47,21,23
1,<environment.Job instance at 0x7fb7c1014e60>,25,17,[10  2],26,47,64,21,36
1,<environment.Job instance at 0x7fb7c1033aa0>,27,2,[3 5],28,47,49,19,36
1,<environment.Job instance at 0x7fb7c1033b40>,28,14,[5 1],29,49,63,20,37
1,<environment.Job instance at 0x7fb7c1019460>,30,3,[ 1 14],31,64,67,33,42
1,<environment.Job instance at 0x7fb7c1033b90>,31,1,[10  3],32,67,68,35,42
1,<environment.Job instance at 0x7fb7c1019730>,32,1,[10  1],33,64,65,31,42
1,<environment.Job instance at 0x7fb7c1019370>,34,1,[ 2 11],35,63,64,28,49
1,<environment.Job instance at 0x7fb7c10197d0>,37,28,[8 2],38,68,96,30,67
1,<environment.Job instance at 0x7fb7c10196e0>,38,22,[5 8],39,76,98,37,76
1,<environment.Job instance at 0x7fb7c10254b0>,41,28,[ 3 10],42,98,126,56,97
1,<environment.Job instance at 0x7fb77ac79c30>,42,2,[ 5 10],43,126,128,83,99
1,<environment.Job instance at 0x7fb77a703c80>,44,1,[ 1 10],45,128,129,83,100
1,<environment.Job instance at 0x7fb77a703640>,46,3,[8 4],47,100,103,53,100
1,<environment.Job instance at 0x7fb77a8df140>,48,1,[8 5],49,103,104,54,100
1,<environment.Job instance at 0x7fb77afe5730>,50,2,[7 3],51,106,108,55,106
1,<environment.Job instance at 0x7fb7c1022a00>,20,18,[9 1],21,108,126,87,108
1,<environment.Job instance at 0x7fb77afe4910>,51,15,[14  2],52,128,143,76,119
1,<environment.Job instance at 0x7fb7bec09050>,55,2,[4 5],56,126,128,70,119
1,<environment.Job instance at 0x7fb77b083c30>,59,2,[6 5],60,143,145,83,133
1,<environment.Job instance at 0x7fb77b070410>,60,1,[10  5],61,145,146,84,133
1,<environment.Job instance at 0x7fb77b0708c0>,61,12,[11  3],62,146,158,84,133
1,<environment.Job instance at 0x7fb7c0d287d0>,53,12,[ 1 10],54,141,153,87,141
1,<environment.Job instance at 0x7fb7c1025500>,40,18,[7 4],41,158,176,117,148
1,<environment.Job instance at 0x7fb77ac3b5a0>,67,14,[1 5],68,154,168,86,154
1,<environment.Job instance at 0x7fb7c1022820>,23,27,[4 6],24,158,185,134,156
1,<environment.Job instance at 0x7fb77ac6eb90>,73,3,[10  2],74,176,179,102,162
1,<environment.Job instance at 0x7fb77ac6ecd0>,74,1,[4 8],75,179,180,104,163
1,<environment.Job instance at 0x7fb77ac6e640>,75,12,[8 2],76,180,192,104,164
1,<environment.Job instance at 0x7fb77b09da00>,76,12,[ 3 10],77,185,197,108,168
1,<environment.Job instance at 0x7fb77b09d280>,78,3,[10  2],79,192,195,113,177
1,<environment.Job instance at 0x7fb77b09d820>,80,1,[10  2],81,195,196,114,182
1,<environment.Job instance at 0x7fb77ac3b6e0>,66,21,[8 5],67,196,217,129,189
1,<environment.Job instance at 0x7fb77ac6e5f0>,71,2,[ 4 13],72,217,219,145,192
1,<environment.Job instance at 0x7fb7c1249140>,82,1,[10  4],83,219,220,136,192
1,<environment.Job instance at 0x7fb77a96fa00>,79,24,[9 1],80,220,244,140,215
1,<environment.Job instance at 0x7fb7c1249b90>,84,13,[ 2 13],85,220,233,135,215
1,<environment.Job instance at 0x7fb7c0e582d0>,3,20,[1 7],4,4,24,0,4
1,<environment.Job instance at 0x7fb77ada9e60>,5,3,[ 4 13],6,24,27,18,6
1,<environment.Job instance at 0x7fb77abe3e60>,6,28,[2 6],7,27,55,20,26
1,<environment.Job instance at 0x7fb7be55f5a0>,8,3,[8 3],9,27,30,18,26
1,<environment.Job instance at 0x7fb77b04dc30>,7,15,[3 7],8,30,45,22,27
1,<environment.Job instance at 0x7fb7bead2d20>,18,3,[7 4],19,45,48,26,28
1,<environment.Job instance at 0x7fb7bead2050>,17,16,[13  3],18,48,64,30,39
1,<environment.Job instance at 0x7fb7c129d370>,25,3,[2 8],26,55,58,29,43
1,<environment.Job instance at 0x7fb7c0ee1eb0>,26,2,[ 1 10],27,58,60,31,43
1,<environment.Job instance at 0x7fb77ac1cf50>,27,2,[2 8],28,60,62,32,43
1,<environment.Job instance at 0x7fb7c111da50>,28,26,[5 7],29,64,90,35,61
1,<environment.Job instance at 0x7fb7c111db40>,29,28,[ 4 10],30,90,118,60,89
1,<environment.Job instance at 0x7fb7c0ee1a50>,31,2,[2 9],32,118,120,86,91
1,<environment.Job instance at 0x7fb7c11b9640>,32,2,[ 4 11],33,120,122,87,93
1,<environment.Job instance at 0x7fb7bead2e60>,20,14,[5 3],21,94,108,73,94
1,<environment.Job instance at 0x7fb7c11b9230>,39,2,[1 5],40,108,110,68,103
1,<environment.Job instance at 0x7fb7c11b9c30>,37,12,[6 5],38,122,134,84,105
1,<environment.Job instance at 0x7fb7c11b9690>,41,14,[1 9],42,122,136,80,107
1,<environment.Job instance at 0x7fb7c11b94b0>,34,16,[14  4],35,134,150,99,121
1,<environment.Job instance at 0x7fb7be856550>,43,1,[7 2],44,121,122,77,121
1,<environment.Job instance at 0x7fb7be8565f0>,45,3,[3 9],46,150,153,104,124
1,<environment.Job instance at 0x7fb7be856780>,46,1,[8 2],47,150,151,103,124
1,<environment.Job instance at 0x7fb7be856af0>,50,23,[7 1],51,151,174,100,145
1,<environment.Job instance at 0x7fb7be8f3640>,54,1,[1 8],55,149,150,94,149
1,<environment.Job instance at 0x7fb7be8f36e0>,55,21,[5 2],56,151,172,95,149
1,<environment.Job instance at 0x7fb7be877d70>,56,3,[10  3],57,174,177,117,149
1,<environment.Job instance at 0x7fb7bea6f230>,60,1,[10  1],61,177,178,116,163
1,<environment.Job instance at 0x7fb7bea6fdc0>,61,13,[ 1 12],62,163,176,101,163
1,<environment.Job instance at 0x7fb7be52f050>,63,18,[5 9],64,176,194,112,167
1,<environment.Job instance at 0x7fb7be52f230>,64,3,[8 3],65,178,181,113,167
1,<environment.Job instance at 0x7fb7be4fb370>,68,27,[1 8],69,194,221,125,192
1,<environment.Job instance at 0x7fb7bead2e10>,19,18,[7 3],20,192,210,172,192
1,<environment.Job instance at 0x7fb7be856eb0>,48,14,[9 1],49,210,224,161,196
1,<environment.Job instance at 0x7fb7be4fbeb0>,71,12,[5 4],72,196,208,124,196
1,<environment.Job instance at 0x7fb7be4fb550>,70,2,[ 5 14],71,221,223,150,201
1,<environment.Job instance at 0x7fb7be4fb3c0>,69,3,[ 5 12],70,223,226,153,204
1,<environment.Job instance at 0x7fb7be6d84b0>,80,3,[9 5],81,226,229,145,209
1,<environment.Job instance at 0x7fb7be6d8e60>,81,17,[1 5],82,226,243,144,215
1,<environment.Job instance at 0x7fb7be6d8c30>,82,2,[13  4],83,229,231,146,215
1,<environment.Job instance at 0x7fb7c0efa870>,84,14,[12  1],85,231,245,146,216
1,<environment.Job instance at 0x7fb7be6d8280>,2,3,[6 3],3,5,8,2,5
1,<environment.Job instance at 0x7fb7be886370>,3,3,[10  2],4,8,11,4,5
1,<environment.Job instance at 0x7fb7bea47460>,10,1,[5 1],11,11,12,0,11
1,<environment.Job instance at 0x7fb7bea47190>,11,23,[10  1],12,12,35,0,12
1,<environment.Job instance at 0x7fb7bea47cd0>,13,26,[10  2],14,35,61,21,32
1,<environment.Job instance at 0x7fb77ada90a0>,7,25,[4 6],8,32,57,24,32
1,<environment.Job instance at 0x7fb7bea47f00>,14,3,[ 3 12],15,57,60,42,33
1,<environment.Job instance at 0x7fb7be689e10>,23,2,[12  5],24,61,63,37,51
1,<environment.Job instance at 0x7fb7be689960>,25,14,[ 2 11],26,63,77,37,57
1,<environment.Job instance at 0x7fb7be6898c0>,28,13,[12  1],29,63,76,34,57
1,<environment.Job instance at 0x7fb77aea89b0>,32,22,[10  1],33,76,98,43,69
1,<environment.Job instance at 0x7fb77aea87d0>,31,12,[3 5],32,77,89,45,69
1,<environment.Job instance at 0x7fb7bea47a50>,8,17,[ 2 10],9,89,106,80,80
1,<environment.Job instance at 0x7fb77aea8a00>,36,1,[9 5],37,98,99,61,93
1,<environment.Job instance at 0x7fb77aea8aa0>,35,16,[13  5],36,99,115,63,93
1,<environment.Job instance at 0x7fb77aea8dc0>,39,23,[1 5],40,106,129,66,100
1,<environment.Job instance at 0x7fb77a67bd70>,43,25,[10  1],44,115,140,71,114
1,<environment.Job instance at 0x7fb7be6899b0>,21,24,[4 8],22,116,140,94,116
1,<environment.Job instance at 0x7fb77aea8e60>,38,3,[8 2],39,140,143,101,116
1,<environment.Job instance at 0x7fb77a67b0a0>,46,15,[ 3 12],47,140,155,93,126
1,<environment.Job instance at 0x7fb77a67b280>,50,3,[4 8],51,155,158,104,129
1,<environment.Job instance at 0x7fb77a67bf50>,52,2,[ 5 10],53,158,160,105,135
1,<environment.Job instance at 0x7fb77a67b690>,58,2,[8 4],59,155,157,96,155
1,<environment.Job instance at 0x7fb7be938960>,59,2,[5 2],60,157,159,97,155
1,<environment.Job instance at 0x7fb7be938c80>,60,2,[3 5],61,159,161,98,155
1,<environment.Job instance at 0x7fb7be938e60>,61,1,[3 6],62,160,161,98,155
1,<environment.Job instance at 0x7fb7be938280>,62,14,[11  2],63,161,175,98,155
1,<environment.Job instance at 0x7fb7be938730>,63,17,[ 1 10],64,161,178,97,160
1,<environment.Job instance at 0x7fb7be938140>,64,16,[10  1],65,175,191,110,165
1,<environment.Job instance at 0x7fb77a67b050>,51,18,[5 5],52,178,196,126,177
1,<environment.Job instance at 0x7fb7be938190>,67,23,[1 8],68,191,214,123,185
1,<environment.Job instance at 0x7fb7be938cd0>,70,26,[4 7],71,196,222,125,193
1,<environment.Job instance at 0x7fb7be938870>,72,1,[3 9],73,222,223,149,194
1,<environment.Job instance at 0x7fb77b04dd70>,76,3,[6 4],77,214,217,137,198
1,<environment.Job instance at 0x7fb77b04d820>,77,3,[10  5],78,217,220,139,198
1,<environment.Job instance at 0x7fb77b04dcd0>,78,2,[5 3],79,214,216,135,198
1,<environment.Job instance at 0x7fb77b04db90>,79,2,[10  4],80,220,222,140,198
1,<environment.Job instance at 0x7fb77b04daa0>,82,3,[10  3],83,222,225,139,200
1,<environment.Job instance at 0x7fb7be938460>,68,3,[5 5],69,223,226,154,200
1,<environment.Job instance at 0x7fb77b04d960>,86,3,[2 9],87,225,228,138,212
1,<environment.Job instance at 0x7fb77b04d640>,88,2,[6 5],89,226,228,137,215
1,<environment.Job instance at 0x7fb7c0edf730>,0,3,[ 3 14],1,1,4,0,1
1,<environment.Job instance at 0x7fb77adbffa0>,9,3,[4 8],10,10,13,0,10
1,<environment.Job instance at 0x7fb77adbfaf0>,11,3,[7 5],12,12,15,0,12
1,<environment.Job instance at 0x7fb77adbfd20>,12,3,[8 5],13,13,16,0,13
1,<environment.Job instance at 0x7fb77adbf820>,13,3,[6 4],14,15,18,1,14
1,<environment.Job instance at 0x7fb77adbf0a0>,14,2,[7 5],15,16,18,1,15
1,<environment.Job instance at 0x7fb77adbfbe0>,16,3,[1 8],17,21,24,4,21
1,<environment.Job instance at 0x7fb77adce550>,18,3,[2 7],19,21,24,2,21
1,<environment.Job instance at 0x7fb77adce960>,19,15,[12  2],20,24,39,4,21
1,<environment.Job instance at 0x7fb77adcecd0>,21,2,[3 5],22,28,30,6,28
1,<environment.Job instance at 0x7fb77adceb40>,22,3,[2 8],23,30,33,7,28
1,<environment.Job instance at 0x7fb77adce8c0>,23,12,[10  4],24,39,51,15,28
1,<environment.Job instance at 0x7fb77adced20>,25,1,[5 5],26,39,40,13,38
1,<environment.Job instance at 0x7fb77adcec30>,27,25,[1 7],28,52,77,24,52
1,<environment.Job instance at 0x7fb77adce870>,28,19,[5 8],29,52,71,23,52
1,<environment.Job instance at 0x7fb77adb48c0>,30,1,[5 2],31,71,72,40,54
1,<environment.Job instance at 0x7fb77adb4a00>,31,2,[ 5 11],32,77,79,45,54
1,<environment.Job instance at 0x7fb77adb4fa0>,34,18,[10  3],35,72,90,37,61
1,<environment.Job instance at 0x7fb77adb4f00>,35,3,[ 3 11],36,79,82,43,61
1,<environment.Job instance at 0x7fb77adb4550>,36,1,[ 4 10],37,82,83,45,61
1,<environment.Job instance at 0x7fb77adb4370>,39,2,[5 9],40,83,85,43,71
1,<environment.Job instance at 0x7fb77adb49b0>,40,15,[ 4 10],41,85,100,44,71
1,<environment.Job instance at 0x7fb77adb4d20>,42,20,[ 1 10],43,100,120,57,91
1,<environment.Job instance at 0x7fb77adb4c30>,43,3,[10  5],44,91,94,47,91
1,<environment.Job instance at 0x7fb77adb4eb0>,46,19,[4 8],47,120,139,73,110
1,<environment.Job instance at 0x7fb77adb4320>,38,3,[5 3],39,114,117,75,114
1,<environment.Job instance at 0x7fb77adcdb90>,55,1,[ 5 13],56,139,140,83,127
1,<environment.Job instance at 0x7fb77adcd640>,56,27,[6 1],57,127,154,70,127
1,<environment.Job instance at 0x7fb77adcd500>,58,3,[1 7],59,140,143,81,127
1,<environment.Job instance at 0x7fb77adcd5a0>,61,3,[5 4],62,134,137,72,134
1,<environment.Job instance at 0x7fb77adcd730>,62,1,[5 3],63,137,138,74,134
1,<environment.Job instance at 0x7fb77adcbaf0>,64,23,[5 9],65,143,166,78,137
1,<environment.Job instance at 0x7fb77adcd190>,54,2,[8 5],55,154,156,99,148
1,<environment.Job instance at 0x7fb77adcb820>,67,23,[6 2],68,156,179,88,150
1,<environment.Job instance at 0x7fb77adcb870>,69,1,[7 3],70,166,167,96,150
1,<environment.Job instance at 0x7fb77adcb5f0>,70,26,[6 1],71,167,193,96,164
1,<environment.Job instance at 0x7fb77adcb3c0>,73,14,[ 4 13],74,179,193,105,167
1,<environment.Job instance at 0x7fb77adcb960>,77,2,[10  5],78,193,195,115,171
1,<environment.Job instance at 0x7fb77adcbbe0>,78,2,[7 5],79,195,197,116,171
1,<environment.Job instance at 0x7fb77adb07d0>,81,14,[13  1],82,197,211,115,188
1,<environment.Job instance at 0x7fb77adb0730>,83,19,[8 3],84,211,230,127,201
1,<environment.Job instance at 0x7fb77a74ab40>,4,15,[5 6],5,211,226,206,209
1,<environment.Job instance at 0x7f3f154a6dc0>,1,22,[11  3],2,2,24,0,2
1,<environment.Job instance at 0x7f3f1541c320>,2,22,[4 8],3,7,29,4,7
1,<environment.Job instance at 0x7f3f142bd7d0>,9,18,[11  5],10,24,42,14,14
1,<environment.Job instance at 0x7f3f142bda50>,12,26,[ 1 10],13,29,55,16,26
1,<environment.Job instance at 0x7f3f142bdfa0>,18,3,[4 7],19,55,58,36,32
1,<environment.Job instance at 0x7f3f142bde10>,20,1,[7 5],21,42,43,21,32
1,<environment.Job instance at 0x7f3f142bdbe0>,21,1,[6 5],22,43,44,21,32
1,<environment.Job instance at 0x7f3f142c1280>,22,1,[2 7],23,55,56,32,32
1,<environment.Job instance at 0x7f3f142c1320>,23,27,[1 6],24,56,83,32,54
1,<environment.Job instance at 0x7f3f142c1690>,28,23,[10  4],29,58,81,29,54
1,<environment.Job instance at 0x7f3f142c1eb0>,34,24,[1 8],35,81,105,46,76
1,<environment.Job instance at 0x7f3f142c1fa0>,36,13,[ 3 14],37,105,118,68,89
1,<environment.Job instance at 0x7f3f142c1e60>,37,2,[2 6],38,89,91,51,89
1,<environment.Job instance at 0x7f3f142c31e0>,38,2,[ 1 10],39,118,120,79,91
1,<environment.Job instance at 0x7f3f142c3230>,39,2,[5 6],40,91,93,51,91
1,<environment.Job instance at 0x7f3f142c3370>,41,1,[5 2],42,93,94,51,93
1,<environment.Job instance at 0x7f3f142c3410>,42,2,[4 6],43,94,96,51,93
1,<environment.Job instance at 0x7f3f142c3550>,44,3,[5 5],45,97,100,52,97
1,<environment.Job instance at 0x7f3f142c3690>,46,17,[12  2],47,118,135,71,106
1,<environment.Job instance at 0x7f3f142c1780>,31,14,[2 5],32,120,134,88,108
1,<environment.Job instance at 0x7f3f142c3910>,50,16,[12  2],51,135,151,84,122
1,<environment.Job instance at 0x7f3f142c3a50>,52,1,[8 5],53,151,152,98,123
1,<environment.Job instance at 0x7f3f142c3d70>,54,13,[13  1],55,152,165,97,136
1,<environment.Job instance at 0x7f3f142bdd70>,16,16,[3 5],17,136,152,119,136
1,<environment.Job instance at 0x7f3f142c61e0>,59,17,[1 6],60,153,170,93,153
1,<environment.Job instance at 0x7f3f142c6640>,62,22,[6 4],63,165,187,102,158
1,<environment.Job instance at 0x7f3f142c65a0>,64,18,[2 9],65,170,188,105,159
1,<environment.Job instance at 0x7f3f142c6690>,65,20,[2 6],66,187,207,121,178
1,<environment.Job instance at 0x7f3f142c67d0>,67,27,[ 1 10],68,207,234,139,205
1,<environment.Job instance at 0x7f3f142c64b0>,61,2,[4 5],62,215,217,153,215
1,<environment.Job instance at 0x7f3f142c6c80>,69,13,[ 3 12],70,234,247,164,218
1,<environment.Job instance at 0x7f3f142d7f00>,3,2,[7 3],4,4,6,0,4
1,<environment.Job instance at 0x7f3f142d9550>,5,2,[5 2],6,6,8,0,6
1,<environment.Job instance at 0x7f3f142d9780>,6,1,[5 9],7,7,8,0,7
1,<environment.Job instance at 0x7f3f142d99b0>,7,1,[2 9],8,8,9,0,8
1,<environment.Job instance at 0x7f3f142d9be0>,8,21,[9 4],9,9,30,0,9
1,<environment.Job instance at 0x7f3eca3e45f0>,15,1,[6 2],16,16,17,0,16
1,<environment.Job instance at 0x7f3eca408640>,17,1,[9 1],18,30,31,12,18
1,<environment.Job instance at 0x7f3eca4085a0>,18,12,[14  4],19,31,43,12,19
1,<environment.Job instance at 0x7f3eca401aa0>,26,3,[2 8],27,47,50,20,47
1,<environment.Job instance at 0x7f3eca401b40>,27,1,[2 8],28,50,51,22,47
1,<environment.Job instance at 0x7f3eca401320>,28,2,[13  1],29,47,49,18,47
1,<environment.Job instance at 0x7f3eca40d640>,29,2,[10  4],30,49,51,19,47
1,<environment.Job instance at 0x7f3eca40d500>,30,3,[5 6],31,51,54,20,47
1,<environment.Job instance at 0x7f3eca40d5a0>,31,3,[13  5],32,54,57,22,47
1,<environment.Job instance at 0x7f3eca40d960>,32,2,[ 1 12],33,57,59,24,47
1,<environment.Job instance at 0x7f3eca40d1e0>,33,2,[5 6],34,51,53,17,47
1,<environment.Job instance at 0x7f3eca40cbe0>,35,2,[5 5],36,59,61,23,48
1,<environment.Job instance at 0x7f3eca40cd20>,36,12,[ 3 10],37,59,71,22,52
1,<environment.Job instance at 0x7f3eca40c640>,37,3,[1 5],38,53,56,15,52
1,<environment.Job instance at 0x7f3eca40c780>,38,1,[10  5],39,61,62,22,52
1,<environment.Job instance at 0x7f3eca40c460>,39,1,[ 2 10],40,56,57,16,52
1,<environment.Job instance at 0x7f3eca40c320>,41,18,[2 8],42,71,89,29,65
1,<environment.Job instance at 0x7f3eca40cdc0>,42,1,[ 4 13],43,89,90,46,65
1,<environment.Job instance at 0x7f3eca40c1e0>,43,14,[11  3],44,65,79,21,65
1,<environment.Job instance at 0x7f3eca40ca00>,45,1,[3 8],46,90,91,44,66
1,<environment.Job instance at 0x7f3eca40cb40>,46,14,[10  1],47,79,93,32,69
1,<environment.Job instance at 0x7f3eca402cd0>,51,1,[8 3],52,95,96,43,95
1,<environment.Job instance at 0x7f3eca40bb90>,52,20,[1 7],53,95,115,42,95
1,<environment.Job instance at 0x7f3eca40b9b0>,53,1,[ 4 10],54,115,116,61,95
1,<environment.Job instance at 0x7f3eca40bb40>,55,1,[10  1],56,96,97,40,95
1,<environment.Job instance at 0x7f3eca40bf50>,56,19,[2 7],57,96,115,39,95
1,<environment.Job instance at 0x7f3eca481c30>,57,3,[1 6],58,116,119,58,95
1,<environment.Job instance at 0x7f3eca41ac30>,61,2,[9 5],62,124,126,62,124
1,<environment.Job instance at 0x7f3eca4204b0>,62,2,[9 3],63,126,128,63,124
1,<environment.Job instance at 0x7f3eca46eb40>,63,24,[7 4],64,128,152,64,124
1,<environment.Job instance at 0x7f3eca41a6e0>,60,24,[ 1 10],61,129,153,68,129
1,<environment.Job instance at 0x7f3eca6830f0>,69,3,[5 1],70,141,144,71,141
1,<environment.Job instance at 0x7f3eca4fa6e0>,70,3,[7 3],71,152,155,81,141
1,<environment.Job instance at 0x7f3eca4fa0f0>,71,27,[4 7],72,153,180,81,151
1,<environment.Job instance at 0x7f3eca54e460>,72,26,[8 4],73,155,181,82,152
1,<environment.Job instance at 0x7f3eca58da50>,65,3,[12  3],66,181,184,115,157
1,<environment.Job instance at 0x7f3eca4f73c0>,79,1,[5 4],80,180,181,100,173
1,<environment.Job instance at 0x7f3eca4f7370>,80,25,[ 3 10],81,181,206,100,177
1,<environment.Job instance at 0x7f3eca4f7780>,82,1,[3 9],83,206,207,123,178
1,<environment.Job instance at 0x7f3eca528230>,83,2,[4 7],84,207,209,123,180
1,<environment.Job instance at 0x7f3eca4f7c80>,85,2,[1 5],86,184,186,98,181
1,<environment.Job instance at 0x7f3eca4f7f50>,86,3,[8 4],87,186,189,99,181
1,<environment.Job instance at 0x7f3eca4f76e0>,87,13,[9 2],88,189,202,101,181
1,<environment.Job instance at 0x7f3eca4e90a0>,89,3,[4 7],90,207,210,117,191
1,<environment.Job instance at 0x7f3eca551280>,92,1,[5 5],93,202,203,109,196
1,<environment.Job instance at 0x7f3eca6c4b90>,66,16,[7 4],67,209,225,142,198
1,<environment.Job instance at 0x7f3eca4eec30>,97,18,[5 9],98,210,228,112,199
1,<environment.Job instance at 0x7f3f142d7e60>,0,27,[ 5 10],1,1,28,0,1
1,<environment.Job instance at 0x7f3f140781e0>,7,15,[5 3],8,8,23,0,8
1,<environment.Job instance at 0x7f3eca342aa0>,18,2,[6 3],19,23,25,4,19
1,<environment.Job instance at 0x7f3eca4eec30>,2,12,[3 8],3,28,40,25,28
1,<environment.Job instance at 0x7f3f14793f00>,26,3,[6 3],27,33,36,6,33
1,<environment.Job instance at 0x7f3f14108140>,22,17,[12  4],23,36,53,13,33
1,<environment.Job instance at 0x7f3eca3480a0>,32,1,[7 4],33,53,54,20,34
1,<environment.Job instance at 0x7f3f140330f0>,35,2,[ 4 11],36,53,55,17,40
1,<environment.Job instance at 0x7f3eca2bf910>,38,1,[2 6],39,52,53,13,52
1,<environment.Job instance at 0x7f3eca2bf6e0>,39,17,[8 1],40,54,71,14,52
1,<environment.Job instance at 0x7f3eca2bfd70>,40,2,[10  2],41,71,73,30,52
1,<environment.Job instance at 0x7f3f140788c0>,6,25,[ 5 10],7,58,83,51,58
1,<environment.Job instance at 0x7f3eca2bfaf0>,42,19,[8 2],43,73,92,30,63
1,<environment.Job instance at 0x7f3eca2ba0a0>,46,2,[11  3],47,92,94,45,65
1,<environment.Job instance at 0x7f3eca2ba550>,47,2,[12  2],48,94,96,46,67
1,<environment.Job instance at 0x7f3eca2ba050>,51,3,[7 3],52,84,87,32,84
1,<environment.Job instance at 0x7f3eca2ba730>,52,2,[12  5],53,96,98,43,84
1,<environment.Job instance at 0x7f3f14031aa0>,53,1,[1 7],54,87,88,33,84
1,<environment.Job instance at 0x7f3f147d01e0>,54,1,[14  4],55,98,99,43,84
1,<environment.Job instance at 0x7f3f147d03c0>,55,13,[ 1 10],56,88,101,32,84
1,<environment.Job instance at 0x7f3f147cc9b0>,56,3,[8 1],57,99,102,42,84
1,<environment.Job instance at 0x7f3f14031230>,57,2,[6 4],58,99,101,41,84
1,<environment.Job instance at 0x7f3f14777b40>,58,14,[4 6],59,101,115,42,90
1,<environment.Job instance at 0x7f3f147778c0>,62,12,[5 5],63,102,114,39,100
1,<environment.Job instance at 0x7f3f15589b90>,63,13,[4 9],64,114,127,50,103
1,<environment.Job instance at 0x7f3f155899b0>,64,2,[2 5],65,115,117,50,103
1,<environment.Job instance at 0x7f3f155892d0>,66,1,[3 8],67,127,128,60,108
1,<environment.Job instance at 0x7f3f144b7d20>,67,3,[10  2],68,117,120,49,108
1,<environment.Job instance at 0x7f3f14038d20>,68,1,[2 8],69,128,129,59,108
1,<environment.Job instance at 0x7f3f146ed460>,69,1,[ 3 10],70,129,130,59,108
1,<environment.Job instance at 0x7f3f1409d870>,70,16,[10  2],71,120,136,49,111
1,<environment.Job instance at 0x7f3f1409da50>,72,1,[ 5 10],73,130,131,57,111
1,<environment.Job instance at 0x7f3f1450f050>,73,1,[ 5 12],74,131,132,57,111
1,<environment.Job instance at 0x7f3f1450f7d0>,74,21,[7 2],75,136,157,61,128
1,<environment.Job instance at 0x7f3f14121be0>,76,3,[ 3 10],77,132,135,55,128
1,<environment.Job instance at 0x7f3f14035320>,77,2,[10  4],78,157,159,79,130
1,<environment.Job instance at 0x7f3f1408beb0>,81,14,[1 5],82,140,154,58,140
1,<environment.Job instance at 0x7f3eca2b6320>,82,14,[ 1 11],83,154,168,71,140
1,<environment.Job instance at 0x7f3eca2b6730>,84,3,[14  4],85,159,162,74,146
1,<environment.Job instance at 0x7f3eca2b6190>,85,2,[5 5],86,146,148,60,146
1,<environment.Job instance at 0x7f3eca2b6230>,86,2,[13  4],87,162,164,75,146
1,<environment.Job instance at 0x7f3eca2b6d20>,87,3,[3 5],88,148,151,60,146
1,<environment.Job instance at 0x7f3eca2b60f0>,88,15,[8 5],89,168,183,79,155
1,<environment.Job instance at 0x7f3eca2b64b0>,89,27,[1 5],90,168,195,78,166
1,<environment.Job instance at 0x7f3eca2b67d0>,90,1,[5 1],91,166,167,75,166
1,<environment.Job instance at 0x7f3eca2b62d0>,91,3,[9 3],92,183,186,91,166
1,<environment.Job instance at 0x7f3eca2b1320>,95,14,[ 5 12],96,195,209,99,180
1,<environment.Job instance at 0x7f3eca2b12d0>,97,19,[14  4],98,209,228,111,199
1,<environment.Job instance at 0x7f3f14ce8280>,0,2,[ 5 11],1,1,3,0,1
1,<environment.Job instance at 0x7f3eca6640a0>,4,1,[5 7],5,5,6,0,5
1,<environment.Job instance at 0x7f3f14973960>,6,2,[2 9],7,7,9,0,7
1,<environment.Job instance at 0x7f3f149735f0>,7,3,[7 1],8,8,11,0,8
1,<environment.Job instance at 0x7f3f143b7500>,14,2,[2 5],15,31,33,16,31
1,<environment.Job instance at 0x7f3f14eadb40>,16,3,[8 2],17,31,34,14,31
1,<environment.Job instance at 0x7f3f14ead3c0>,18,20,[6 2],19,38,58,19,38
1,<environment.Job instance at 0x7f3eca9095a0>,19,15,[ 1 10],20,40,55,20,40
1,<environment.Job instance at 0x7f3eca9092d0>,21,1,[8 5],22,55,56,33,40
1,<environment.Job instance at 0x7f3eca909500>,23,2,[5 5],24,56,58,32,40
1,<environment.Job instance at 0x7f3f143c31e0>,26,13,[11  1],27,58,71,31,55
1,<environment.Job instance at 0x7f3f143c3500>,28,12,[ 5 12],29,71,83,42,60
1,<environment.Job instance at 0x7f3f14314e10>,33,2,[10  5],34,104,106,70,104
1,<environment.Job instance at 0x7f3f1432bf00>,36,3,[8 1],37,132,135,95,132
1,<environment.Job instance at 0x7f3f143742d0>,38,21,[5 8],39,145,166,106,145
1,<environment.Job instance at 0x7f3f142ae050>,41,28,[2 8],42,174,202,132,174
1,<environment.Job instance at 0x7f3f148800f0>,43,27,[9 3],44,192,219,148,192
1,<environment.Job instance at 0x7f3f14880960>,46,28,[1 7],47,204,232,157,204
1,<environment.Job instance at 0x7f3eca2835a0>,49,2,[ 4 11],50,232,234,182,216
1,<environment.Job instance at 0x7f3f148802d0>,50,3,[4 8],51,219,222,168,216
1,<environment.Job instance at 0x7f3f148805f0>,51,1,[10  2],52,222,223,170,216
1,<environment.Job instance at 0x7f3f14880dc0>,52,3,[9 1],53,223,226,170,216
1,<environment.Job instance at 0x7f3f148807d0>,53,2,[ 4 10],54,234,236,180,216
1,<environment.Job instance at 0x7f3f148ccaa0>,54,3,[11  1],55,226,229,171,216
1,<environment.Job instance at 0x7f3f148cc2d0>,55,1,[8 2],56,229,230,173,216
1,<environment.Job instance at 0x7f3f148ccbe0>,56,28,[9 2],57,230,258,173,229
1,<environment.Job instance at 0x7f3eca664640>,0,28,[5 6],1,1,29,0,1
1,<environment.Job instance at 0x7f3f14321320>,3,28,[ 1 11],4,29,57,25,28
1,<environment.Job instance at 0x7f3f146e9820>,8,1,[6 1],9,28,29,19,28
1,<environment.Job instance at 0x7f3eca7e1370>,10,13,[12  5],11,57,70,46,41
1,<environment.Job instance at 0x7f3f14774f50>,13,3,[5 8],14,70,73,56,44
1,<environment.Job instance at 0x7f3f14774d20>,14,1,[6 1],15,44,45,29,44
1,<environment.Job instance at 0x7f3f14774fa0>,15,3,[1 5],16,57,60,41,44
1,<environment.Job instance at 0x7f3f147749b0>,18,15,[ 3 13],19,73,88,54,59
1,<environment.Job instance at 0x7f3f14774d70>,19,1,[10  3],20,70,71,50,59
1,<environment.Job instance at 0x7f3eca214690>,23,18,[ 1 10],24,93,111,69,93
1,<environment.Job instance at 0x7f3eca214730>,24,1,[1 6],25,111,112,86,93
1,<environment.Job instance at 0x7f3eca2147d0>,25,12,[8 1],26,97,109,71,97
1,<environment.Job instance at 0x7f3eca214870>,26,18,[ 3 13],27,112,130,85,101
1,<environment.Job instance at 0x7f3eca214c80>,28,3,[7 1],29,111,114,82,111
1,<environment.Job instance at 0x7f3eca214b40>,29,1,[7 3],30,111,112,81,111
1,<environment.Job instance at 0x7f3eca214cd0>,31,1,[9 5],32,130,131,98,126
1,<environment.Job instance at 0x7f3eca214dc0>,32,2,[ 2 10],33,130,132,97,126
1,<environment.Job instance at 0x7f3eca214e60>,33,15,[7 2],34,131,146,97,130
1,<environment.Job instance at 0x7f3eca214fa0>,34,2,[4 6],35,132,134,97,130
1,<environment.Job instance at 0x7f3eca214af0>,35,2,[10  5],36,146,148,110,130
1,<environment.Job instance at 0x7f3eca2170a0>,36,1,[5 7],37,134,135,97,130
1,<environment.Job instance at 0x7f3eca217140>,37,2,[ 4 14],38,148,150,110,130
1,<environment.Job instance at 0x7f3eca2171e0>,38,14,[1 7],39,150,164,111,136
1,<environment.Job instance at 0x7f3eca217320>,40,1,[5 4],41,143,144,102,143
1,<environment.Job instance at 0x7f3eca217190>,41,18,[4 8],42,150,168,108,147
1,<environment.Job instance at 0x7f3eca2175f0>,42,1,[2 7],43,147,148,104,147
1,<environment.Job instance at 0x7f3eca217960>,44,2,[ 1 12],45,168,170,123,158
1,<environment.Job instance at 0x7f3eca217aa0>,47,2,[6 4],48,173,175,125,173
1,<environment.Job instance at 0x7f3eca217c80>,50,25,[2 8],51,201,226,150,201
1,<environment.Job instance at 0x7f3eca217dc0>,52,18,[9 4],53,214,232,161,214
1,<environment.Job instance at 0x7f3eca217fa0>,54,3,[ 3 14],55,232,235,177,219
1,<environment.Job instance at 0x7f3eca217f50>,55,1,[10  1],56,232,233,176,219
1,<environment.Job instance at 0x7f3f15447aa0>,4,22,[9 5],5,5,27,0,5
1,<environment.Job instance at 0x7f3eca59ec30>,12,3,[10  5],13,27,30,14,26
1,<environment.Job instance at 0x7f3eca59ef00>,14,14,[10  4],15,30,44,15,26
1,<environment.Job instance at 0x7f3eca59e960>,15,12,[ 3 10],16,26,38,10,26
1,<environment.Job instance at 0x7f3f14fe9c30>,17,2,[3 7],18,38,40,20,26
1,<environment.Job instance at 0x7f3f14fe9eb0>,18,12,[10  1],19,44,56,25,27
1,<environment.Job instance at 0x7f3f14fe9960>,19,21,[1 7],20,40,61,20,32
1,<environment.Job instance at 0x7f3eca60c820>,21,2,[5 5],22,56,58,34,44
1,<environment.Job instance at 0x7f3eca60cd20>,22,17,[ 2 14],23,61,78,38,49
1,<environment.Job instance at 0x7f3eca60c370>,24,1,[10  4],25,58,59,33,52
1,<environment.Job instance at 0x7f3eca6c7c80>,29,17,[9 2],30,78,95,48,70
1,<environment.Job instance at 0x7f3eca6c7f50>,31,1,[9 4],32,95,96,63,70
1,<environment.Job instance at 0x7f3eca6c75a0>,33,2,[1 7],34,78,80,44,70
1,<environment.Job instance at 0x7f3eca6c78c0>,34,2,[1 6],35,78,80,43,70
1,<environment.Job instance at 0x7f3eca8b3730>,11,12,[ 1 13],12,80,92,68,74
1,<environment.Job instance at 0x7f3eca611aa0>,35,16,[11  3],36,96,112,60,84
1,<environment.Job instance at 0x7f3eca611910>,43,18,[ 2 10],44,94,112,50,94
1,<environment.Job instance at 0x7f3eca611d70>,46,1,[11  2],47,112,113,65,94
1,<environment.Job instance at 0x7f3eca8b3500>,5,3,[ 1 14],6,114,117,108,114
1,<environment.Job instance at 0x7f3f14f4c780>,51,16,[5 3],52,118,134,66,118
1,<environment.Job instance at 0x7f3eca8b3410>,10,13,[11  4],11,134,147,123,120
1,<environment.Job instance at 0x7f3eca21a140>,6,13,[3 7],7,123,136,116,123
1,<environment.Job instance at 0x7f3f142343c0>,61,1,[2 7],62,136,137,74,130
1,<environment.Job instance at 0x7f3f14234730>,65,2,[10  5],66,147,149,81,139
1,<environment.Job instance at 0x7f3f14234f50>,66,1,[2 5],67,139,140,72,139
1,<environment.Job instance at 0x7f3f14234be0>,67,14,[11  2],68,149,163,81,139
1,<environment.Job instance at 0x7f3f14234c80>,68,15,[ 3 14],69,163,178,94,149
1,<environment.Job instance at 0x7f3f14f4c5f0>,54,1,[5 4],55,178,179,123,151
1,<environment.Job instance at 0x7f3f142340a0>,70,27,[7 4],71,178,205,107,176
1,<environment.Job instance at 0x7f3eca4cf9b0>,73,15,[4 8],74,179,194,105,176
1,<environment.Job instance at 0x7f3f14234960>,71,12,[6 3],72,194,206,122,177
1,<environment.Job instance at 0x7f3eca4cf5a0>,80,25,[ 1 14],81,206,231,125,202
1,<environment.Job instance at 0x7f3eca4cff50>,83,1,[ 4 13],84,231,232,147,209
1,<environment.Job instance at 0x7f3eca4cf320>,75,2,[ 1 12],76,232,234,156,209
1,<environment.Job instance at 0x7f3eca629be0>,85,3,[ 4 11],86,234,237,148,211
1,<environment.Job instance at 0x7f3eca4cf6e0>,84,19,[9 1],85,215,234,130,215
1,<environment.Job instance at 0x7f3f14056050>,3,1,[5 5],4,4,5,0,4
1,<environment.Job instance at 0x7f3eca21a410>,4,22,[5 8],5,6,28,1,6
1,<environment.Job instance at 0x7f3f148ea2d0>,2,13,[14  2],3,28,41,25,14
1,<environment.Job instance at 0x7f3f141e3dc0>,12,1,[10  2],13,14,15,1,14
1,<environment.Job instance at 0x7f3f1461b730>,14,1,[10  4],15,15,16,0,15
1,<environment.Job instance at 0x7f3eca6560a0>,16,1,[1 8],17,28,29,11,17
1,<environment.Job instance at 0x7f3eca718f00>,20,2,[ 4 14],21,41,43,20,21
1,<environment.Job instance at 0x7f3f1461b550>,22,2,[1 5],23,26,28,3,26
1,<environment.Job instance at 0x7f3f141b6d70>,25,3,[10  2],26,43,46,17,27
1,<environment.Job instance at 0x7f3f141b6730>,27,2,[9 1],28,41,43,13,39
1,<environment.Job instance at 0x7f3eca46fdc0>,28,2,[ 2 10],29,43,45,14,39
1,<environment.Job instance at 0x7f3f14231190>,30,18,[5 5],31,46,64,15,46
1,<environment.Job instance at 0x7f3f142315a0>,31,14,[ 1 10],32,46,60,14,46
1,<environment.Job instance at 0x7f3f141b6780>,32,1,[3 9],33,60,61,27,46
1,<environment.Job instance at 0x7f3f14158d70>,33,18,[5 2],34,61,79,27,50
1,<environment.Job instance at 0x7f3f143c33c0>,35,1,[5 6],36,61,62,25,58
1,<environment.Job instance at 0x7f3eca8af4b0>,37,3,[9 4],38,64,67,26,58
1,<environment.Job instance at 0x7f3eca74daa0>,38,3,[6 3],39,67,70,28,58
1,<environment.Job instance at 0x7f3eca8af9b0>,39,2,[10  3],40,70,72,30,58
1,<environment.Job instance at 0x7f3f14678870>,42,3,[5 8],43,72,75,29,60
1,<environment.Job instance at 0x7f3eca656af0>,19,18,[1 9],20,75,93,55,65
1,<environment.Job instance at 0x7f3eca65e9b0>,5,16,[6 5],6,79,95,73,69
1,<environment.Job instance at 0x7f3f146625f0>,46,12,[3 5],47,93,105,46,80
1,<environment.Job instance at 0x7f3f14662d70>,48,1,[9 5],49,95,96,46,81
1,<environment.Job instance at 0x7f3f14662780>,53,3,[9 5],54,96,99,42,84
1,<environment.Job instance at 0x7f3f14662050>,54,14,[5 9],55,99,113,44,84
1,<environment.Job instance at 0x7f3f14662370>,55,14,[6 3],56,105,119,49,91
1,<environment.Job instance at 0x7f3f1444cb90>,56,2,[ 5 12],57,113,115,56,97
1,<environment.Job instance at 0x7f3f1488ed20>,58,3,[9 2],59,115,118,56,97
1,<environment.Job instance at 0x7f3f14bd0f50>,6,12,[ 1 10],7,118,130,111,101
1,<environment.Job instance at 0x7f3eca43e4b0>,60,1,[10  3],61,119,120,58,103
1,<environment.Job instance at 0x7f3f14678500>,45,20,[10  3],46,120,140,74,111
1,<environment.Job instance at 0x7f3f14de6280>,66,18,[ 2 10],67,133,151,66,133
1,<environment.Job instance at 0x7f3f14678f50>,43,17,[14  2],44,151,168,107,139
1,<environment.Job instance at 0x7f3f14aad5f0>,70,25,[9 4],71,168,193,97,164
1,<environment.Job instance at 0x7f3f14662f50>,61,14,[1 5],62,164,178,102,164
1,<environment.Job instance at 0x7f3eca675e60>,75,1,[ 1 10],76,178,179,102,166
1,<environment.Job instance at 0x7f3f14d44a50>,77,27,[2 9],78,179,206,101,177
1,<environment.Job instance at 0x7f3f14d44be0>,78,26,[4 9],79,206,232,127,203
1,<environment.Job instance at 0x7f3f14bc7500>,1,2,[4 9],2,3,5,1,3
1,<environment.Job instance at 0x7f3f148ccfa0>,5,3,[3 8],6,6,9,0,6
1,<environment.Job instance at 0x7f3f14888fa0>,12,12,[1 7],13,14,26,1,14
1,<environment.Job instance at 0x7f3f1444f910>,13,3,[ 2 10],14,26,29,12,14
1,<environment.Job instance at 0x7f3f14888be0>,14,17,[10  5],15,18,35,3,18
1,<environment.Job instance at 0x7f3eca668b90>,16,2,[ 2 10],17,29,31,12,21
1,<environment.Job instance at 0x7f3eca668410>,17,16,[11  5],18,35,51,17,22
1,<environment.Job instance at 0x7f3eca94e4b0>,2,16,[1 9],3,31,47,28,25
1,<environment.Job instance at 0x7f3eca33b870>,21,3,[13  1],22,51,54,29,27
1,<environment.Job instance at 0x7f3eca33bd20>,19,3,[10  4],20,54,57,34,28
1,<environment.Job instance at 0x7f3eca34d280>,29,2,[1 9],30,47,49,17,44
1,<environment.Job instance at 0x7f3eca34d0a0>,31,2,[10  4],32,57,59,25,48
1,<environment.Job instance at 0x7f3eca34dbe0>,36,3,[10  3],37,79,82,42,79
1,<environment.Job instance at 0x7f3eca34dd20>,38,3,[ 5 12],39,79,82,40,79
1,<environment.Job instance at 0x7f3eca34de60>,40,2,[5 4],41,92,94,51,92
1,<environment.Job instance at 0x7f3f1408bf50>,45,22,[5 2],46,108,130,62,108
1,<environment.Job instance at 0x7f3f1408baf0>,46,1,[11  1],47,130,131,83,108
1,<environment.Job instance at 0x7f3f1408b2d0>,47,2,[2 6],48,108,110,60,108
1,<environment.Job instance at 0x7f3f1408b1e0>,49,3,[7 2],50,109,112,59,109
1,<environment.Job instance at 0x7f3f1408bd20>,50,13,[11  3],51,131,144,80,115
1,<environment.Job instance at 0x7f3eca33b910>,20,14,[3 5],21,118,132,97,118
1,<environment.Job instance at 0x7f3f1408b870>,53,2,[14  5],54,144,146,90,122
1,<environment.Job instance at 0x7f3eca34db40>,35,1,[ 3 12],36,132,133,96,123
1,<environment.Job instance at 0x7f3f1408b460>,51,28,[7 5],52,146,174,94,145
1,<environment.Job instance at 0x7f3f1408b190>,59,2,[7 4],60,146,148,86,146
1,<environment.Job instance at 0x7f3f1408bdc0>,57,15,[7 2],58,148,163,90,147
1,<environment.Job instance at 0x7f3f1408b4b0>,60,2,[1 9],61,163,165,102,153
1,<environment.Job instance at 0x7f3f1408b3c0>,62,18,[3 6],63,165,183,102,154
1,<environment.Job instance at 0x7f3f140852d0>,69,15,[6 5],70,174,189,104,162
1,<environment.Job instance at 0x7f3f14085410>,71,3,[ 4 12],72,189,192,117,169
1,<environment.Job instance at 0x7f3f14085230>,67,13,[13  4],68,192,205,124,182
1,<environment.Job instance at 0x7f3f140854b0>,72,15,[ 2 10],73,192,207,119,191
1,<environment.Job instance at 0x7f3f14085690>,75,18,[ 2 11],76,207,225,131,196
1,<environment.Job instance at 0x7f3f140857d0>,78,27,[5 1],79,205,232,126,203
1,<environment.Job instance at 0x7f3f1408b5f0>,54,26,[7 1],55,205,231,150,203
1,<environment.Job instance at 0x7f3f14085910>,80,1,[2 7],81,225,226,144,204
1,<environment.Job instance at 0x7f3f14085af0>,81,2,[ 1 10],82,226,228,144,204
1,<environment.Job instance at 0x7f3f14085c30>,82,3,[2 6],83,228,231,145,205
1,<environment.Job instance at 0x7f3eca98a410>,1,3,[ 3 11],2,2,5,0,2
1,<environment.Job instance at 0x7f3eca899be0>,4,1,[2 5],5,5,6,0,5
1,<environment.Job instance at 0x7f3f14056be0>,5,3,[10  1],6,6,9,0,6
1,<environment.Job instance at 0x7f3eca83daa0>,6,3,[2 5],7,7,10,0,7
1,<environment.Job instance at 0x7f3eca83d140>,8,18,[ 4 12],9,10,28,1,9
1,<environment.Job instance at 0x7f3f14989eb0>,14,26,[10  2],15,15,41,0,15
1,<environment.Job instance at 0x7f3f148e5190>,25,15,[5 1],26,34,49,8,34
1,<environment.Job instance at 0x7f3f148e55f0>,26,1,[5 5],27,41,42,14,34
1,<environment.Job instance at 0x7f3f14da67d0>,27,15,[13  3],28,49,64,21,35
1,<environment.Job instance at 0x7f3eca6a4c30>,28,3,[2 5],29,41,44,12,35
1,<environment.Job instance at 0x7f3eca931c30>,29,1,[5 1],30,42,43,12,35
1,<environment.Job instance at 0x7f3eca2ba820>,30,2,[10  1],31,44,46,13,35
1,<environment.Job instance at 0x7f3f142d5cd0>,31,3,[2 9],32,46,49,14,35
1,<environment.Job instance at 0x7f3eca931d20>,32,3,[10  3],33,64,67,31,38
1,<environment.Job instance at 0x7f3f148e10f0>,34,3,[2 8],35,49,52,14,45
1,<environment.Job instance at 0x7f3eca6bb870>,36,20,[4 9],37,64,84,27,55
1,<environment.Job instance at 0x7f3f1467ed20>,39,1,[6 3],40,67,68,27,55
1,<environment.Job instance at 0x7f3f14394960>,41,2,[ 2 13],42,84,86,42,62
1,<environment.Job instance at 0x7f3f14394730>,42,1,[5 5],43,68,69,25,62
1,<environment.Job instance at 0x7f3f140f04b0>,43,21,[5 7],44,86,107,42,78
1,<environment.Job instance at 0x7f3f140f0f00>,46,2,[8 3],47,80,82,33,80
1,<environment.Job instance at 0x7f3f140f00a0>,48,2,[12  1],49,84,86,35,80
1,<environment.Job instance at 0x7f3f140f05a0>,49,27,[ 5 11],50,107,134,57,105
1,<environment.Job instance at 0x7f3f141208c0>,17,12,[6 2],18,108,120,90,108
1,<environment.Job instance at 0x7f3f14764a00>,18,3,[2 8],19,134,137,115,108
1,<environment.Job instance at 0x7f3f140f01e0>,54,1,[6 5],55,134,135,79,108
1,<environment.Job instance at 0x7f3f14f76b40>,52,19,[4 7],53,135,154,82,125
1,<environment.Job instance at 0x7f3eca449e10>,58,17,[ 2 12],59,154,171,95,142
1,<environment.Job instance at 0x7f3eca449640>,59,2,[5 9],60,171,173,111,144
1,<environment.Job instance at 0x7f3eca449280>,60,26,[9 4],61,171,197,110,168
1,<environment.Job instance at 0x7f3f143cd640>,62,3,[5 1],63,173,176,110,169
1,<environment.Job instance at 0x7f3f14593500>,64,1,[7 2],65,170,171,105,170
1,<environment.Job instance at 0x7f3f145938c0>,65,14,[13  2],66,197,211,131,182
1,<environment.Job instance at 0x7f3f14593a00>,67,1,[6 4],68,182,183,114,182
1,<environment.Job instance at 0x7f3f14593f00>,68,24,[8 3],69,211,235,142,206
1,<environment.Job instance at 0x7f3eca3e4f50>,22,20,[5 2],23,211,231,188,208
1,<environment.Job instance at 0x7f3f145930f0>,72,15,[ 3 10],73,231,246,158,217
1,<environment.Job instance at 0x7f3f14211d70>,76,3,[4 5],77,235,238,158,223
1,<environment.Job instance at 0x7f3f14211e60>,78,2,[6 4],79,238,240,159,223
1,<environment.Job instance at 0x7f3f14899be0>,2,2,[2 8],3,3,5,0,3
1,<environment.Job instance at 0x7f3f149e1f50>,5,1,[12  3],6,9,10,3,9
1,<environment.Job instance at 0x7f3f14bcb4b0>,13,1,[10  5],14,14,15,0,14
1,<environment.Job instance at 0x7f3f141e8b40>,4,26,[7 4],5,15,41,10,15
1,<environment.Job instance at 0x7f3f153529b0>,16,2,[3 5],17,17,19,0,17
1,<environment.Job instance at 0x7f3f1466d230>,15,3,[5 6],16,17,20,1,17
1,<environment.Job instance at 0x7f3f1455e050>,23,1,[7 3],24,34,35,10,34
1,<environment.Job instance at 0x7f3f149afaa0>,24,3,[3 7],25,35,38,10,34
1,<environment.Job instance at 0x7f3f146edf00>,25,15,[ 2 12],26,41,56,15,34
1,<environment.Job instance at 0x7f3eca67adc0>,26,1,[3 9],27,38,39,11,35
1,<environment.Job instance at 0x7f3eca6bbe10>,17,1,[5 1],18,35,36,17,35
1,<environment.Job instance at 0x7f3eca67a870>,27,19,[4 7],28,56,75,28,46
1,<environment.Job instance at 0x7f3f15591140>,31,3,[2 8],32,56,59,24,46
1,<environment.Job instance at 0x7f3f14259a50>,32,12,[10  3],33,59,71,26,46
1,<environment.Job instance at 0x7f3f14ab70f0>,35,1,[5 7],36,71,72,35,56
1,<environment.Job instance at 0x7f3eca7e1050>,38,16,[10  3],39,72,88,33,71
1,<environment.Job instance at 0x7f3eca7e11e0>,40,2,[3 9],41,75,77,34,75
1,<environment.Job instance at 0x7f3eca7e18c0>,42,22,[6 2],43,88,110,45,81
1,<environment.Job instance at 0x7f3eca7e1a50>,44,23,[6 5],45,88,111,43,82
1,<environment.Job instance at 0x7f3eca7e1320>,45,1,[9 4],46,110,111,64,82
1,<environment.Job instance at 0x7f3f149f86e0>,46,3,[ 4 10],47,82,85,35,82
1,<environment.Job instance at 0x7f3f146a1690>,49,3,[8 1],50,111,114,61,85
1,<environment.Job instance at 0x7f3f146a15a0>,50,2,[2 7],51,85,87,34,85
1,<environment.Job instance at 0x7f3f146a1be0>,53,21,[7 4],54,111,132,57,103
1,<environment.Job instance at 0x7f3eca68e870>,54,2,[ 4 10],55,114,116,59,103
1,<environment.Job instance at 0x7f3eca68e460>,55,15,[ 5 11],56,116,131,60,104
1,<environment.Job instance at 0x7f3eca68e5a0>,56,1,[3 5],57,104,105,47,104
1,<environment.Job instance at 0x7f3eca68eb90>,58,1,[5 1],59,131,132,72,104
1,<environment.Job instance at 0x7f3eca454960>,59,1,[9 1],60,132,133,72,104
1,<environment.Job instance at 0x7f3eca454050>,60,26,[5 7],61,132,158,71,129
1,<environment.Job instance at 0x7f3f144280a0>,62,2,[7 5],63,133,135,70,130
1,<environment.Job instance at 0x7f3f144282d0>,65,3,[6 1],66,135,138,69,133
1,<environment.Job instance at 0x7f3f14109a00>,66,1,[7 3],67,138,139,71,133
1,<environment.Job instance at 0x7f3f141098c0>,69,27,[5 9],70,158,185,88,156
1,<environment.Job instance at 0x7f3eca8a2550>,70,1,[8 1],71,156,157,85,156
1,<environment.Job instance at 0x7f3eca8a25a0>,72,26,[ 1 10],73,185,211,112,182
1,<environment.Job instance at 0x7f3f14db6eb0>,73,28,[3 5],74,182,210,108,182
1,<environment.Job instance at 0x7f3f14db6dc0>,76,2,[5 6],77,211,213,134,187
1,<environment.Job instance at 0x7f3eca967eb0>,78,1,[9 2],79,210,211,131,194
1,<environment.Job instance at 0x7f3eca967910>,80,20,[5 8],81,211,231,130,202
1,<environment.Job instance at 0x7f3eca967d20>,81,2,[10  5],82,213,215,131,202
1,<environment.Job instance at 0x7f3f140c6d70>,82,1,[9 4],83,215,216,132,202
1,<environment.Job instance at 0x7f3f14114460>,83,2,[3 6],84,216,218,132,202
1,<environment.Job instance at 0x7f3f14cf0af0>,84,1,[1 7],85,218,219,133,202
1,<environment.Job instance at 0x7f3f145672d0>,6,1,[1 9],7,7,8,0,7
1,<environment.Job instance at 0x7f3f1457c9b0>,7,1,[6 4],8,8,9,0,8
1,<environment.Job instance at 0x7f3f14548dc0>,8,3,[6 2],9,9,12,0,9
1,<environment.Job instance at 0x7f3f14548500>,12,28,[5 1],13,13,41,0,13
1,<environment.Job instance at 0x7f3f1457cbe0>,5,1,[ 3 14],6,13,14,7,13
1,<environment.Job instance at 0x7f3f14a15d20>,2,17,[ 4 10],3,14,31,11,14
1,<environment.Job instance at 0x7f3eca8d4dc0>,17,1,[6 2],18,22,23,4,22
1,<environment.Job instance at 0x7f3f14a1a4b0>,18,3,[1 7],19,31,34,12,22
1,<environment.Job instance at 0x7f3f14252140>,19,13,[ 1 13],20,34,47,14,22
1,<environment.Job instance at 0x7f3f146ed2d0>,15,3,[8 5],16,31,34,15,25
1,<environment.Job instance at 0x7f3f142525a0>,22,1,[6 3],23,28,29,5,28
1,<environment.Job instance at 0x7f3f14cba820>,23,2,[4 5],24,47,49,23,28
1,<environment.Job instance at 0x7f3f14cba960>,24,23,[2 9],25,47,70,22,41
1,<environment.Job instance at 0x7f3f14cbaaf0>,26,3,[14  4],27,70,73,43,46
1,<environment.Job instance at 0x7f3f14cbacd0>,28,2,[10  1],29,49,51,20,46
1,<environment.Job instance at 0x7f3f14cbafa0>,34,2,[6 1],35,68,70,33,68
1,<environment.Job instance at 0x7f3f14cbaf00>,35,3,[7 2],36,73,76,37,68
1,<environment.Job instance at 0x7f3f14cc8190>,36,1,[10  5],37,76,77,39,68
1,<environment.Job instance at 0x7f3f14cc8230>,37,3,[10  3],38,77,80,39,68
1,<environment.Job instance at 0x7f3f14cc82d0>,38,26,[2 5],39,73,99,34,70
1,<environment.Job instance at 0x7f3f14cc8370>,39,28,[4 8],40,80,108,40,79
1,<environment.Job instance at 0x7f3f14cc8410>,40,28,[1 5],41,99,127,58,98
1,<environment.Job instance at 0x7f3f14cc80f0>,41,1,[9 5],42,108,109,66,98
1,<environment.Job instance at 0x7f3f14cc87d0>,44,2,[8 1],45,98,100,53,98
1,<environment.Job instance at 0x7f3f14cc8870>,45,1,[4 6],46,109,110,63,98
1,<environment.Job instance at 0x7f3f14cc85f0>,46,22,[7 4],47,109,131,62,102
1,<environment.Job instance at 0x7f3f14cc88c0>,47,28,[ 1 10],48,127,155,79,126
1,<environment.Job instance at 0x7f3f14cc8c30>,50,1,[ 5 10],51,155,156,104,127
1,<environment.Job instance at 0x7f3f14cc8be0>,51,1,[9 3],52,131,132,79,127
1,<environment.Job instance at 0x7f3f14cc8820>,53,1,[5 4],54,132,133,78,130
1,<environment.Job instance at 0x7f3f14cc8f50>,56,1,[10  4],57,133,134,76,132
1,<environment.Job instance at 0x7f3f14cb3190>,59,1,[8 3],60,134,135,74,134
1,<environment.Job instance at 0x7f3f14cb3230>,60,2,[ 4 10],61,156,158,95,134
1,<environment.Job instance at 0x7f3f14cb32d0>,61,1,[9 1],62,135,136,73,134
1,<environment.Job instance at 0x7f3f14cb35a0>,62,18,[7 2],63,143,161,80,143
1,<environment.Job instance at 0x7f3f14cb35f0>,63,3,[9 5],64,161,164,97,143
1,<environment.Job instance at 0x7f3f14cb3780>,66,1,[5 1],67,150,151,83,150
1,<environment.Job instance at 0x7f3f14cb3820>,67,12,[10  4],68,164,176,96,162
1,<environment.Job instance at 0x7f3f142520a0>,21,17,[ 4 10],22,164,181,142,164
1,<environment.Job instance at 0x7f3f14cb3910>,70,13,[8 2],71,176,189,105,164
1,<environment.Job instance at 0x7f3f14cb3dc0>,75,13,[6 1],76,181,194,105,176
1,<environment.Job instance at 0x7f3f14cb3f00>,76,20,[10  4],77,194,214,117,185
1,<environment.Job instance at 0x7f3f14ccf730>,89,2,[5 5],90,202,204,112,202
1,<environment.Job instance at 0x7f3f14ccf870>,91,12,[9 4],92,214,226,122,210
1,<environment.Job instance at 0x7f3eca63f820>,2,1,[5 5],3,3,4,0,3
1,<environment.Job instance at 0x7f3f140c68c0>,4,2,[9 3],5,6,8,1,6
1,<environment.Job instance at 0x7f3f14bf49b0>,7,3,[6 3],8,8,11,0,8
1,<environment.Job instance at 0x7f3f14bf4a50>,8,1,[10  4],9,11,12,2,9
1,<environment.Job instance at 0x7f3f14bf4780>,10,14,[11  5],11,12,26,1,11
1,<environment.Job instance at 0x7f3eca90e230>,16,2,[9 4],17,28,30,11,28
1,<environment.Job instance at 0x7f3eca90e0a0>,17,3,[7 3],18,30,33,12,28
1,<environment.Job instance at 0x7f3eca90ecd0>,19,18,[8 2],20,30,48,10,30
1,<environment.Job instance at 0x7f3eca90ef50>,20,24,[9 4],21,48,72,27,43
1,<environment.Job instance at 0x7f3f14bf43c0>,12,17,[3 8],13,48,65,35,48
1,<environment.Job instance at 0x7f3eca90e7d0>,23,2,[12  3],24,74,76,50,74
1,<environment.Job instance at 0x7f3eca644f00>,29,15,[ 4 10],30,81,96,51,81
1,<environment.Job instance at 0x7f3eca20f3c0>,37,18,[3 9],38,96,114,58,85
1,<environment.Job instance at 0x7f3eca20fb40>,39,3,[5 2],40,89,92,49,89
1,<environment.Job instance at 0x7f3eca20f8c0>,40,1,[6 3],41,89,90,48,89
1,<environment.Job instance at 0x7f3eca20f4b0>,42,2,[6 4],43,92,94,49,89
1,<environment.Job instance at 0x7f3eca68ef50>,45,2,[9 3],46,104,106,58,104
1,<environment.Job instance at 0x7f3eca68e640>,46,16,[2 9],47,114,130,67,106
1,<environment.Job instance at 0x7f3eca68ebe0>,47,22,[10  4],48,106,128,58,106
1,<environment.Job instance at 0x7f3eca68e9b0>,48,21,[7 1],49,128,149,79,120
1,<environment.Job instance at 0x7f3eca68e3c0>,51,1,[5 8],52,130,131,78,120
1,<environment.Job instance at 0x7f3eca68e230>,52,21,[5 3],53,131,152,78,123
1,<environment.Job instance at 0x7f3eca68e190>,53,2,[9 1],54,149,151,95,123
1,<environment.Job instance at 0x7f3eca68ee10>,55,3,[4 5],56,151,154,95,126
1,<environment.Job instance at 0x7f3eca68e370>,56,2,[8 2],57,152,154,95,126
1,<environment.Job instance at 0x7f3eca612870>,58,3,[14  4],59,154,157,95,128
1,<environment.Job instance at 0x7f3eca1e0280>,30,17,[3 8],31,131,148,100,131
1,<environment.Job instance at 0x7f3eca612a50>,64,2,[2 5],65,151,153,86,132
1,<environment.Job instance at 0x7f3eca612050>,60,14,[12  5],61,157,171,96,142
1,<environment.Job instance at 0x7f3eca612410>,66,21,[10  2],67,171,192,104,163
1,<environment.Job instance at 0x7f3f1469b5a0>,76,14,[ 2 10],77,175,189,98,175
1,<environment.Job instance at 0x7f3eca62aa00>,77,14,[7 4],78,192,206,114,179
1,<environment.Job instance at 0x7f3eca4fa460>,80,25,[ 4 10],81,189,214,108,189
1,<environment.Job instance at 0x7f3eca4fa9b0>,81,22,[9 1],82,206,228,124,199
1,<environment.Job instance at 0x7f3eca4fa0a0>,84,14,[ 2 11],85,214,228,129,209
1,<environment.Job instance at 0x7f3f1469b410>,73,1,[9 4],74,228,229,154,210
1,<environment.Job instance at 0x7f3f1490f7d0>,0,1,[13  1],1,1,2,0,1
1,<environment.Job instance at 0x7f3eca472960>,2,3,[9 2],3,4,7,1,4
1,<environment.Job instance at 0x7f3eca3c9500>,12,2,[ 4 10],13,15,17,2,15
1,<environment.Job instance at 0x7f3eca3c90f0>,13,15,[ 3 14],14,17,32,3,15
1,<environment.Job instance at 0x7f3eca3c9550>,14,14,[ 3 10],15,32,46,17,19
1,<environment.Job instance at 0x7f3eca3c9aa0>,18,3,[13  1],19,46,49,27,22
1,<environment.Job instance at 0x7f3f14a9ceb0>,21,3,[10  1],22,33,36,11,33
1,<environment.Job instance at 0x7f3f14a9ca50>,22,1,[1 9],23,46,47,23,33
1,<environment.Job instance at 0x7f3eca3c9640>,17,18,[1 8],18,47,65,29,37
1,<environment.Job instance at 0x7f3f14aad460>,27,20,[1 5],28,39,59,11,39
1,<environment.Job instance at 0x7f3eca3c92d0>,11,20,[10  2],12,49,69,37,40
1,<environment.Job instance at 0x7f3f14aadaf0>,25,15,[14  4],26,69,84,43,56
1,<environment.Job instance at 0x7f3eca6fbb40>,32,2,[12  2],33,84,86,51,66
1,<environment.Job instance at 0x7f3eca6fbbe0>,35,1,[9 5],36,86,87,50,73
1,<environment.Job instance at 0x7f3eca6fb0a0>,38,1,[ 2 10],39,84,85,45,73
1,<environment.Job instance at 0x7f3eca5eef00>,39,13,[10  2],40,87,100,47,80
1,<environment.Job instance at 0x7f3eca5ee960>,40,23,[5 8],41,86,109,45,80
1,<environment.Job instance at 0x7f3eca157500>,9,18,[5 3],10,100,118,90,90
1,<environment.Job instance at 0x7f3f14d87a00>,46,13,[5 4],47,100,113,53,99
1,<environment.Job instance at 0x7f3f14d87780>,47,12,[ 2 14],48,118,130,70,109
1,<environment.Job instance at 0x7f3f145ee1e0>,53,1,[6 1],54,123,124,69,123
1,<environment.Job instance at 0x7f3f145ee140>,54,3,[6 2],55,130,133,75,123
1,<environment.Job instance at 0x7f3f145ee8c0>,55,2,[1 9],56,130,132,74,123
1,<environment.Job instance at 0x7f3f145ee820>,57,2,[ 1 10],58,132,134,74,125
1,<environment.Job instance at 0x7f3f145ee0a0>,58,1,[7 4],59,130,131,71,125
1,<environment.Job instance at 0x7f3f145ee730>,59,1,[2 5],60,133,134,73,125
1,<environment.Job instance at 0x7f3f145eeaa0>,60,18,[6 1],61,134,152,73,125
1,<environment.Job instance at 0x7f3f145ee7d0>,61,3,[7 4],62,134,137,72,125
1,<environment.Job instance at 0x7f3f145ee780>,62,16,[1 7],63,134,150,71,130
1,<environment.Job instance at 0x7f3f145ee320>,63,3,[6 1],64,137,140,73,130
1,<environment.Job instance at 0x7f3f145ee500>,64,18,[2 5],65,137,155,72,130
1,<environment.Job instance at 0x7f3f145ee280>,65,18,[2 9],66,150,168,84,139
1,<environment.Job instance at 0x7f3f140a3370>,66,3,[9 5],67,155,158,88,139
1,<environment.Job instance at 0x7f3f140a3320>,68,28,[9 5],69,158,186,89,157
1,<environment.Job instance at 0x7f3f140a39b0>,70,1,[11  1],71,186,187,115,158
1,<environment.Job instance at 0x7f3f140a3500>,71,1,[10  5],72,187,188,115,159
1,<environment.Job instance at 0x7f3f14cc32d0>,3,19,[3 9],4,168,187,164,160
1,<environment.Job instance at 0x7f3f14d7e3c0>,83,1,[2 6],84,187,188,103,173
1,<environment.Job instance at 0x7f3f14d7ea00>,84,3,[6 2],85,188,191,103,173
1,<environment.Job instance at 0x7f3f14d7e960>,86,3,[5 3],87,188,191,101,182
1,<environment.Job instance at 0x7f3f14d7ea50>,87,1,[ 2 12],88,191,192,103,182
1,<environment.Job instance at 0x7f3f14d7e780>,88,1,[5 8],89,192,193,103,182
1,<environment.Job instance at 0x7f3f14d7ed70>,89,3,[ 2 10],90,188,191,98,182
1,<environment.Job instance at 0x7f3f1494afa0>,78,14,[5 6],79,192,206,113,190
1,<environment.Job instance at 0x7f3eca1af780>,93,13,[3 7],94,193,206,99,192
1,<environment.Job instance at 0x7f3eca1af190>,95,1,[10  4],96,206,207,110,193
1,<environment.Job instance at 0x7f3eca1afeb0>,96,16,[ 5 10],97,206,222,109,196
1,<environment.Job instance at 0x7f3f14d870a0>,49,13,[10  2],50,207,220,157,200
1,<environment.Job instance at 0x7f3eca3c9870>,1,1,[12  1],2,2,3,0,2
1,<environment.Job instance at 0x7f3f14d7eaa0>,3,3,[ 3 12],4,4,7,0,4
1,<environment.Job instance at 0x7f3eca667c30>,14,2,[8 2],15,15,17,0,15
1,<environment.Job instance at 0x7f3f14888c80>,15,2,[3 8],16,16,18,0,16
1,<environment.Job instance at 0x7f3f14888820>,16,16,[10  2],17,21,37,4,21
1,<environment.Job instance at 0x7f3eca667550>,18,3,[7 5],19,37,40,18,21
1,<environment.Job instance at 0x7f3f14fada50>,21,2,[8 2],22,37,39,15,29
1,<environment.Job instance at 0x7f3f14fadc30>,24,1,[9 2],25,42,43,17,42
1,<environment.Job instance at 0x7f3f14fadeb0>,25,2,[5 1],26,42,44,16,42
1,<environment.Job instance at 0x7f3f14fad690>,26,3,[6 3],27,43,46,16,42
1,<environment.Job instance at 0x7f3f14fad5f0>,27,14,[10  2],28,46,60,18,42
1,<environment.Job instance at 0x7f3eca208dc0>,30,1,[4 8],31,58,59,27,58
1,<environment.Job instance at 0x7f3eca208b40>,31,17,[9 4],32,65,82,33,65
1,<environment.Job instance at 0x7f3eca2085a0>,32,1,[2 5],33,65,66,32,65
1,<environment.Job instance at 0x7f3eca208820>,33,1,[5 6],34,66,67,32,65
1,<environment.Job instance at 0x7f3eca208a00>,34,3,[6 1],35,67,70,32,65
1,<environment.Job instance at 0x7f3eca208500>,36,13,[9 1],37,82,95,45,66
1,<environment.Job instance at 0x7f3f14fad820>,23,1,[14  1],24,95,96,71,67
1,<environment.Job instance at 0x7f3eca205a50>,13,23,[5 6],14,70,93,56,68
1,<environment.Job instance at 0x7f3eca2060a0>,40,12,[ 1 14],41,93,105,52,83
1,<environment.Job instance at 0x7f3f14f92910>,41,16,[1 7],42,105,121,63,92
1,<environment.Job instance at 0x7f3f14cf7550>,44,24,[4 8],45,106,130,61,106
1,<environment.Job instance at 0x7f3eca8db370>,46,23,[9 2],47,121,144,74,115
1,<environment.Job instance at 0x7f3eca1f4140>,42,2,[ 1 14],43,144,146,101,125
1,<environment.Job instance at 0x7f3eca8e49b0>,43,1,[5 6],44,130,131,86,125
1,<environment.Job instance at 0x7f3eca2a7500>,49,27,[ 5 10],50,146,173,96,144
1,<environment.Job instance at 0x7f3f14fad140>,20,2,[13  2],21,173,175,152,146
1,<environment.Job instance at 0x7f3eca211140>,54,18,[ 4 13],55,175,193,120,164
1,<environment.Job instance at 0x7f3eca1f7500>,59,2,[3 7],60,193,195,133,169
1,<environment.Job instance at 0x7f3f14d29b40>,66,3,[9 4],67,193,196,126,190
1,<environment.Job instance at 0x7f3eca4c14b0>,68,18,[4 7],69,197,215,128,197
1,<environment.Job instance at 0x7f3eca4c1e60>,70,21,[9 2],71,204,225,133,204
1,<environment.Job instance at 0x7f3eca4c18c0>,71,3,[8 3],72,225,228,153,204
1,<environment.Job instance at 0x7f3eca4c1a00>,72,2,[9 2],73,228,230,155,204
1,<environment.Job instance at 0x7f3eca4c1280>,73,18,[ 4 10],74,215,233,141,205
1,<environment.Job instance at 0x7f3eca4c1f50>,75,3,[8 2],76,230,233,154,205
1,<environment.Job instance at 0x7f3f14902d20>,1,19,[10  5],2,2,21,0,2
1,<environment.Job instance at 0x7f3f146e9b90>,8,2,[1 9],9,9,11,0,9
1,<environment.Job instance at 0x7f3f1467eb90>,15,2,[ 5 10],16,20,22,4,20
1,<environment.Job instance at 0x7f3f149f5230>,18,12,[2 6],19,26,38,7,26
1,<environment.Job instance at 0x7f3f14740730>,23,1,[10  2],24,32,33,8,32
1,<environment.Job instance at 0x7f3f14740a50>,24,24,[5 9],25,33,57,8,32
1,<environment.Job instance at 0x7f3f145b5550>,26,28,[9 5],27,38,66,11,37
1,<environment.Job instance at 0x7f3eca1bc320>,30,3,[5 6],31,57,60,26,45
1,<environment.Job instance at 0x7f3f147409b0>,20,15,[5 5],21,60,75,39,49
1,<environment.Job instance at 0x7f3f14a7cfa0>,32,17,[4 8],33,66,83,33,60
1,<environment.Job instance at 0x7f3f14171c80>,36,3,[9 4],37,75,78,38,60
1,<environment.Job instance at 0x7f3f141715f0>,37,1,[8 4],38,78,79,40,62
1,<environment.Job instance at 0x7f3f14171fa0>,40,3,[10  5],41,79,82,38,65
1,<environment.Job instance at 0x7f3f14171cd0>,42,1,[2 9],43,83,84,40,65
1,<environment.Job instance at 0x7f3f14b7d960>,45,1,[8 2],46,82,83,36,74
1,<environment.Job instance at 0x7f3f14b7d190>,46,1,[2 8],47,84,85,37,74
1,<environment.Job instance at 0x7f3f14b7d410>,47,18,[3 8],48,85,103,37,78
1,<environment.Job instance at 0x7f3f14b7d910>,49,15,[10  3],50,83,98,33,80
1,<environment.Job instance at 0x7f3f154414b0>,55,16,[ 4 10],56,103,119,47,103
1,<environment.Job instance at 0x7f3f14593b90>,11,18,[4 5],12,103,121,91,103
1,<environment.Job instance at 0x7f3f149e8960>,56,14,[14  5],57,121,135,64,106
1,<environment.Job instance at 0x7f3eca937500>,60,12,[3 6],61,135,147,74,126
1,<environment.Job instance at 0x7f3f14a3c320>,66,2,[10  5],67,135,137,68,133
1,<environment.Job instance at 0x7f3eca318690>,68,28,[3 8],69,142,170,73,142
1,<environment.Job instance at 0x7f3f14b7d4b0>,44,13,[1 6],45,147,160,102,143
1,<environment.Job instance at 0x7f3f1496c230>,71,2,[8 4],72,160,162,88,149
1,<environment.Job instance at 0x7f3f1496c640>,72,2,[10  2],73,162,164,89,149
1,<environment.Job instance at 0x7f3f1496c190>,73,23,[5 7],74,164,187,90,158
1,<environment.Job instance at 0x7f3f149e88c0>,57,12,[1 7],58,170,182,112,158
1,<environment.Job instance at 0x7f3eca3188c0>,70,13,[2 9],71,187,200,116,171
1,<environment.Job instance at 0x7f3eca3230a0>,78,17,[8 1],79,172,189,93,172
1,<environment.Job instance at 0x7f3eca5ab960>,77,24,[2 9],78,200,224,122,195
1,<environment.Job instance at 0x7f3eca518190>,80,15,[7 4],81,195,210,114,195
1,<environment.Job instance at 0x7f3f143254b0>,84,20,[1 9],85,224,244,139,215
1,<environment.Job instance at 0x7f3f142403c0>,1,21,[2 7],2,2,23,0,2
1,<environment.Job instance at 0x7f3f143254b0>,8,18,[8 3],9,18,36,9,18
1,<environment.Job instance at 0x7f3eca0e07d0>,11,1,[2 5],12,18,19,6,18
1,<environment.Job instance at 0x7f3eca0e09b0>,12,18,[3 8],13,25,43,12,25
1,<environment.Job instance at 0x7f3eca7bab40>,18,12,[ 2 12],19,43,55,24,26
1,<environment.Job instance at 0x7f3eca7ba960>,22,1,[2 7],23,36,37,13,34
1,<environment.Job instance at 0x7f3eca7ba0a0>,23,1,[4 8],24,55,56,31,34
1,<environment.Job instance at 0x7f3eca7ba5f0>,24,1,[5 4],25,37,38,12,34
1,<environment.Job instance at 0x7f3eca7ba550>,26,19,[4 6],27,55,74,28,45
1,<environment.Job instance at 0x7f3eca7ba690>,29,21,[ 5 10],30,74,95,44,66
1,<environment.Job instance at 0x7f3eca7baf00>,14,12,[7 2],15,66,78,51,66
1,<environment.Job instance at 0x7f3eca7ba370>,33,21,[5 5],34,78,99,44,70
1,<environment.Job instance at 0x7f3eca05f8c0>,43,27,[4 6],44,95,122,51,93
1,<environment.Job instance at 0x7f3eca05f230>,47,2,[3 5],48,99,101,51,98
1,<environment.Job instance at 0x7f3eca05f550>,48,14,[5 1],49,112,126,63,112
1,<environment.Job instance at 0x7f3eca05fc30>,50,3,[ 1 14],51,122,125,71,112
1,<environment.Job instance at 0x7f3eca05fdc0>,51,1,[10  3],52,125,126,73,112
1,<environment.Job instance at 0x7f3eca05fd70>,52,1,[10  1],53,126,127,73,112
1,<environment.Job instance at 0x7f3ec9ff8280>,54,1,[ 2 11],55,126,127,71,112
1,<environment.Job instance at 0x7f3ec9ff8140>,55,13,[6 4],56,127,140,71,113
1,<environment.Job instance at 0x7f3ec9ff8230>,57,28,[8 2],58,127,155,69,126
1,<environment.Job instance at 0x7f3ec9ff84b0>,58,22,[5 8],59,140,162,81,133
1,<environment.Job instance at 0x7f3ec9ff8320>,61,28,[ 3 10],62,162,190,100,161
1,<environment.Job instance at 0x7f3eca05fe10>,49,12,[6 2],50,166,178,116,166
1,<environment.Job instance at 0x7f3ec9ff8f50>,63,2,[3 7],64,190,192,126,171
1,<environment.Job instance at 0x7f3eca7950a0>,70,2,[7 3],71,178,180,107,171
1,<environment.Job instance at 0x7f3eca795d20>,68,1,[8 5],69,180,181,111,171
1,<environment.Job instance at 0x7f3eca795640>,71,15,[14  2],72,192,207,120,178
1,<environment.Job instance at 0x7f3eca795d70>,75,2,[4 5],76,181,183,105,178
1,<environment.Job instance at 0x7f3eca795910>,79,2,[6 5],80,189,191,109,189
1,<environment.Job instance at 0x7f3eca795460>,80,1,[10  5],81,191,192,110,189
1,<environment.Job instance at 0x7f3eca795500>,81,12,[11  3],82,207,219,125,190
1,<environment.Job instance at 0x7f3ec9fe82d0>,86,21,[8 5],87,219,240,132,211
1,<environment.Job instance at 0x7f3f14c1d500>,3,19,[5 5],4,4,23,0,4
1,<environment.Job instance at 0x7f3f14737e60>,14,14,[9 2],15,21,35,6,21
1,<environment.Job instance at 0x7f3f147372d0>,15,3,[ 4 13],16,23,26,7,21
1,<environment.Job instance at 0x7f3f143d0320>,16,28,[2 6],17,26,54,9,25
1,<environment.Job instance at 0x7f3f144070a0>,18,3,[8 3],19,35,38,16,25
1,<environment.Job instance at 0x7f3eca6f7370>,19,26,[10  1],20,38,64,18,35
1,<environment.Job instance at 0x7f3eca6f0690>,23,3,[9 2],24,64,67,40,38
1,<environment.Job instance at 0x7f3eca6f08c0>,24,2,[8 3],25,67,69,42,40
1,<environment.Job instance at 0x7f3eca6f0550>,26,2,[3 7],27,54,56,27,54
1,<environment.Job instance at 0x7f3f14bbbbe0>,11,14,[5 4],12,60,74,48,60
1,<environment.Job instance at 0x7f3eca6faf00>,27,16,[13  3],28,74,90,46,69
1,<environment.Job instance at 0x7f3eca6d7730>,35,3,[2 8],36,78,81,42,78
1,<environment.Job instance at 0x7f3eca6d7550>,36,2,[ 1 10],37,81,83,44,78
1,<environment.Job instance at 0x7f3eca6e40a0>,37,2,[2 8],38,83,85,45,78
1,<environment.Job instance at 0x7f3eca6d7410>,38,26,[5 7],39,90,116,51,87
1,<environment.Job instance at 0x7f3eca6d77d0>,39,28,[ 4 10],40,116,144,76,115
1,<environment.Job instance at 0x7f3eca6df230>,41,2,[2 9],42,144,146,102,117
1,<environment.Job instance at 0x7f3eca2c2a50>,42,2,[ 4 11],43,146,148,103,119
1,<environment.Job instance at 0x7f3eca6fa5a0>,31,2,[10  4],32,122,124,90,122
1,<environment.Job instance at 0x7f3eca6e1780>,44,16,[14  4],45,148,164,103,135
1,<environment.Job instance at 0x7f3eca6f6e10>,53,1,[7 2],54,164,165,110,149
1,<environment.Job instance at 0x7f3eca2cecd0>,55,3,[3 9],56,164,167,108,149
1,<environment.Job instance at 0x7f3f142c00a0>,57,18,[10  1],58,165,183,107,154
1,<environment.Job instance at 0x7f3f146b9140>,51,14,[1 9],52,167,181,115,155
1,<environment.Job instance at 0x7f3f146cc910>,60,23,[7 1],61,183,206,122,177
1,<environment.Job instance at 0x7f3f146e0140>,65,21,[5 2],66,181,202,115,177
1,<environment.Job instance at 0x7f3f146e0910>,70,1,[10  1],71,206,207,135,191
1,<environment.Job instance at 0x7f3f142ac550>,71,13,[ 1 12],72,191,204,119,191
1,<environment.Job instance at 0x7f3f146ef230>,72,3,[5 1],73,202,205,129,191
1,<environment.Job instance at 0x7f3f146eff00>,73,18,[5 9],74,205,223,131,194
1,<environment.Job instance at 0x7f3f146ef050>,74,3,[8 3],75,207,210,132,194
1,<environment.Job instance at 0x7f3f14e7d5a0>,78,27,[1 8],79,223,250,144,221
1,<environment.Job instance at 0x7f3f146efaa0>,79,3,[ 5 12],80,250,253,170,224
1,<environment.Job instance at 0x7f3eca283cd0>,3,3,[10  2],4,4,7,0,4
1,<environment.Job instance at 0x7f3eca0e02d0>,10,1,[5 1],11,11,12,0,11
1,<environment.Job instance at 0x7f3eca0e01e0>,11,23,[10  1],12,12,35,0,12
1,<environment.Job instance at 0x7f3eca9cca50>,14,3,[ 3 12],15,21,24,6,21
1,<environment.Job instance at 0x7f3eca795320>,7,25,[4 6],8,29,54,21,29
1,<environment.Job instance at 0x7f3f1499e230>,21,24,[4 8],22,35,59,13,32
1,<environment.Job instance at 0x7f3f14aa93c0>,18,3,[10  1],19,54,57,35,33
1,<environment.Job instance at 0x7f3f14a65b40>,23,2,[12  5],24,59,61,35,34
1,<environment.Job instance at 0x7f3f14a655a0>,25,14,[ 2 11],26,63,77,37,63
1,<environment.Job instance at 0x7f3f144f5910>,29,1,[3 7],30,77,78,47,63
1,<environment.Job instance at 0x7f3eca10e960>,30,2,[1 7],31,77,79,46,63
1,<environment.Job instance at 0x7f3eca478550>,32,22,[10  1],33,63,85,30,63
1,<environment.Job instance at 0x7f3f144f56e0>,27,1,[3 8],28,79,80,51,68
1,<environment.Job instance at 0x7f3f14daa6e0>,34,23,[ 5 10],35,80,103,45,74
1,<environment.Job instance at 0x7f3eca1c06e0>,39,23,[1 5],40,85,108,45,80
1,<environment.Job instance at 0x7f3f14c1d5a0>,42,1,[8 3],43,103,104,60,87
1,<environment.Job instance at 0x7f3f14c1d7d0>,43,25,[10  1],44,104,129,60,100
1,<environment.Job instance at 0x7f3f14c1d640>,45,28,[1 7],46,103,131,57,102
1,<environment.Job instance at 0x7f3f14c1d730>,46,15,[ 3 12],47,131,146,84,117
1,<environment.Job instance at 0x7f3f14c1d4b0>,49,3,[5 8],50,146,149,96,120
1,<environment.Job instance at 0x7f3f14dbcf00>,52,2,[ 5 10],53,149,151,96,123
1,<environment.Job instance at 0x7f3f14dbc3c0>,54,16,[10  1],55,136,152,81,136
1,<environment.Job instance at 0x7f3f14dbc960>,60,2,[3 5],61,151,153,90,146
1,<environment.Job instance at 0x7f3f14dbce60>,61,1,[3 6],62,152,153,90,146
1,<environment.Job instance at 0x7f3f14dbcaa0>,62,14,[11  2],63,153,167,90,146
1,<environment.Job instance at 0x7f3f14dbccd0>,64,16,[10  1],65,167,183,102,160
1,<environment.Job instance at 0x7f3eca735230>,67,23,[1 8],68,176,199,108,176
1,<environment.Job instance at 0x7f3eca735550>,68,3,[5 5],69,183,186,114,176
1,<environment.Job instance at 0x7f3eca7355f0>,70,26,[4 7],71,189,215,118,189
1,<environment.Job instance at 0x7f3eca735d20>,72,1,[3 9],73,215,216,142,192
1,<environment.Job instance at 0x7f3eca735a50>,73,2,[9 1],74,199,201,125,192
1,<environment.Job instance at 0x7f3f14fed1e0>,74,3,[5 2],75,201,204,126,192
1,<environment.Job instance at 0x7f3f14fed7d0>,76,3,[6 4],77,201,204,124,192
1,<environment.Job instance at 0x7f3f141f0a50>,77,3,[10  5],78,204,207,126,192
1,<environment.Job instance at 0x7f3f141f0550>,79,2,[10  4],80,207,209,127,192
1,<environment.Job instance at 0x7f3eca4a3d20>,82,3,[10  3],83,209,212,126,204
1,<environment.Job instance at 0x7f3eca4a3640>,83,2,[1 8],84,212,214,128,204
1,<environment.Job instance at 0x7f3eca52ba50>,86,3,[2 9],87,216,219,129,216
1,<environment.Job instance at 0x7f3f14a65410>,28,13,[12  1],29,216,229,187,216
1,<environment.Job instance at 0x7f3f143cd820>,1,3,[7 5],2,3,6,1,3
1,<environment.Job instance at 0x7f3f14a65410>,3,3,[6 4],4,4,7,0,4
1,<environment.Job instance at 0x7f3eca0b7cd0>,6,3,[1 8],7,7,10,0,7
1,<environment.Job instance at 0x7f3eca118460>,8,3,[2 7],9,9,12,0,9
1,<environment.Job instance at 0x7f3eca118e10>,9,15,[12  2],10,10,25,0,10
1,<environment.Job instance at 0x7f3eca1180a0>,12,3,[2 8],13,13,16,0,13
1,<environment.Job instance at 0x7f3eca1185a0>,20,1,[5 2],21,30,31,9,30
1,<environment.Job instance at 0x7f3eca118c30>,21,2,[ 5 11],22,30,32,8,30
1,<environment.Job instance at 0x7f3eca0b7c80>,15,1,[5 5],16,43,44,27,43
1,<environment.Job instance at 0x7f3eca06c2d0>,25,3,[ 3 11],26,44,47,18,43
1,<environment.Job instance at 0x7f3eca118690>,17,25,[1 7],18,47,72,29,47
1,<environment.Job instance at 0x7f3eca118eb0>,18,19,[5 8],19,49,68,30,49
1,<environment.Job instance at 0x7f3eca06c5f0>,26,1,[ 4 10],27,72,73,45,56
1,<environment.Job instance at 0x7f3eca06c8c0>,33,3,[10  5],34,68,71,34,57
1,<environment.Job instance at 0x7f3eca06cfa0>,34,1,[ 4 10],35,73,74,38,57
1,<environment.Job instance at 0x7f3eca06c280>,35,3,[5 6],36,74,77,38,57
1,<environment.Job instance at 0x7f3eca06c7d0>,36,19,[4 8],37,74,93,37,64
1,<environment.Job instance at 0x7f3eca06ce60>,37,2,[14  5],38,93,95,55,66
1,<environment.Job instance at 0x7f3eca06cb40>,40,2,[5 8],41,95,97,54,74
1,<environment.Job instance at 0x7f3eca06c0f0>,41,2,[9 2],42,77,79,35,74
1,<environment.Job instance at 0x7f3eca06c190>,42,14,[14  2],43,97,111,54,82
1,<environment.Job instance at 0x7f3eca69fd70>,46,27,[6 1],47,111,138,64,109
1,<environment.Job instance at 0x7f3eca69f320>,48,3,[1 7],49,109,112,60,109
1,<environment.Job instance at 0x7f3eca69fd20>,51,3,[5 4],52,111,114,59,110
1,<environment.Job instance at 0x7f3eca69f550>,52,1,[5 3],53,114,115,61,110
1,<environment.Job instance at 0x7f3eca69f9b0>,54,23,[5 9],55,115,138,60,112
1,<environment.Job instance at 0x7f3eca69f5f0>,57,23,[6 2],58,138,161,80,132
1,<environment.Job instance at 0x7f3f1502b7d0>,59,1,[7 3],60,143,144,83,143
1,<environment.Job instance at 0x7f3f1502b140>,60,26,[6 1],61,144,170,83,143
1,<environment.Job instance at 0x7f3f1502b190>,61,2,[2 5],62,143,145,81,143
1,<environment.Job instance at 0x7f3f1502b460>,63,14,[ 4 13],64,161,175,97,146
1,<environment.Job instance at 0x7f3f14119b40>,65,14,[9 1],66,170,184,104,157
1,<environment.Job instance at 0x7f3f1502b5f0>,67,2,[10  5],68,184,186,116,157
1,<environment.Job instance at 0x7f3f14abaa50>,68,2,[7 5],69,186,188,117,159
1,<environment.Job instance at 0x7f3f14aba780>,70,18,[5 7],71,175,193,104,164
1,<environment.Job instance at 0x7f3f14aba0a0>,71,14,[13  1],72,193,207,121,178
1,<environment.Job instance at 0x7f3eca06c0a0>,27,15,[2 8],28,188,203,160,180
1,<environment.Job instance at 0x7f3f14240fa0>,79,26,[5 8],80,208,234,128,208
1,<environment.Job instance at 0x7f3f14240af0>,80,1,[5 6],81,208,209,127,208
1,<environment.Job instance at 0x7f3f14240190>,82,1,[6 4],83,209,210,126,209
1,<environment.Job instance at 0x7f3f143cd9b0>,6,24,[1 8],7,7,31,0,7
1,<environment.Job instance at 0x7f3eca4683c0>,9,3,[4 9],10,31,34,21,10
1,<environment.Job instance at 0x7f3eca4689b0>,16,15,[4 6],17,19,34,2,19
1,<environment.Job instance at 0x7f3eca4684b0>,18,1,[5 3],19,34,35,15,27
1,<environment.Job instance at 0x7f3eca468aa0>,19,27,[10  2],20,34,61,14,32
1,<environment.Job instance at 0x7f3eca468550>,22,1,[5 5],23,35,36,12,33
1,<environment.Job instance at 0x7f3eca8bd460>,24,18,[10  1],25,61,79,36,50
1,<environment.Job instance at 0x7f3eca468af0>,17,18,[ 1 10],18,54,72,36,54
1,<environment.Job instance at 0x7f3eca8bd0a0>,25,13,[10  1],26,79,92,53,66
1,<environment.Job instance at 0x7f3eca8bd1e0>,31,2,[5 2],32,72,74,40,66
1,<environment.Job instance at 0x7f3f14a0f050>,33,16,[ 2 10],34,74,90,40,74
1,<environment.Job instance at 0x7f3f14a0f4b0>,34,3,[9 3],35,92,95,57,74
1,<environment.Job instance at 0x7f3eca8bd550>,28,18,[5 7],29,90,108,61,79
1,<environment.Job instance at 0x7f3f14a0f690>,36,17,[10  5],37,97,114,60,97
1,<environment.Job instance at 0x7f3f14a0f6e0>,41,13,[7 1],42,114,127,72,98
1,<environment.Job instance at 0x7f3f14a0f8c0>,42,2,[3 5],43,108,110,65,98
1,<environment.Job instance at 0x7f3f14a0f640>,45,22,[11  3],46,127,149,81,121
1,<environment.Job instance at 0x7f3f14a3dcd0>,49,1,[5 4],50,149,150,99,139
1,<environment.Job instance at 0x7f3f14a3de60>,50,1,[7 1],51,149,150,98,140
1,<environment.Job instance at 0x7f3f14a3df00>,53,12,[1 6],54,140,152,86,140
1,<environment.Job instance at 0x7f3f14a3d230>,54,2,[5 8],55,150,152,95,140
1,<environment.Job instance at 0x7f3f14a3d4b0>,55,1,[3 9],56,152,153,96,140
1,<environment.Job instance at 0x7f3f14a3d050>,56,2,[8 3],57,152,154,95,140
1,<environment.Job instance at 0x7f3f14a3da50>,57,1,[5 9],58,153,154,95,140
1,<environment.Job instance at 0x7f3f14a3d6e0>,58,12,[2 6],59,154,166,95,141
1,<environment.Job instance at 0x7f3f14a3d820>,59,2,[7 3],60,154,156,94,142
1,<environment.Job instance at 0x7f3f14a3dd20>,60,2,[6 3],61,154,156,93,142
1,<environment.Job instance at 0x7f3f14a3df50>,51,17,[4 8],52,156,173,104,151
1,<environment.Job instance at 0x7f3f14a3d3c0>,61,14,[14  2],62,173,187,111,158
1,<environment.Job instance at 0x7f3f14a3d320>,62,2,[8 5],63,187,189,124,172
1,<environment.Job instance at 0x7f3f14a3d460>,64,2,[1 8],65,174,176,109,174
1,<environment.Job instance at 0x7f3eca468910>,21,23,[11  3],22,189,212,167,184
1,<environment.Job instance at 0x7f3f14a3dc80>,63,27,[5 1],64,212,239,148,210
1,<environment.Job instance at 0x7f3f14a3dd70>,65,15,[1 7],66,210,225,144,210
1,<environment.Job instance at 0x7f3f14a28500>,67,1,[ 1 13],68,225,226,157,210
1,<environment.Job instance at 0x7f3f14a28b90>,70,2,[5 5],71,212,214,141,210
1,<environment.Job instance at 0x7f3f14a28aa0>,73,12,[ 2 13],74,226,238,152,210
1,<environment.Job instance at 0x7f3f14a28460>,68,1,[9 1],69,215,216,146,215
1,<environment.Job instance at 0x7fa2a4654140>,1,22,[11  3],2,2,24,0,2
1,<environment.Job instance at 0x7fa2a4654320>,2,22,[4 8],3,3,25,0,3
1,<environment.Job instance at 0x7fa29d245aa0>,12,26,[ 1 10],13,25,51,12,22
1,<environment.Job instance at 0x7fa29d245e10>,17,3,[4 9],18,51,54,33,40
1,<environment.Job instance at 0x7fa29d245eb0>,18,3,[4 7],19,54,57,35,40
1,<environment.Job instance at 0x7fa29d245f00>,20,1,[7 5],21,40,41,19,40
1,<environment.Job instance at 0x7fa29d245af0>,21,1,[6 5],22,41,42,19,40
1,<environment.Job instance at 0x7fa29d248320>,22,1,[2 7],23,54,55,31,40
1,<environment.Job instance at 0x7fa29d2483c0>,23,27,[1 6],24,55,82,31,53
1,<environment.Job instance at 0x7fa29d248050>,26,3,[3 7],27,57,60,30,54
1,<environment.Job instance at 0x7fa29d2486e0>,28,23,[10  4],29,60,83,31,55
1,<environment.Job instance at 0x7fa29d248910>,34,24,[1 8],35,82,106,47,77
1,<environment.Job instance at 0x7fa29d248a50>,36,13,[ 3 14],37,106,119,69,90
1,<environment.Job instance at 0x7fa29d248af0>,37,2,[2 6],38,90,92,52,90
1,<environment.Job instance at 0x7fa29d248b90>,38,2,[ 1 10],39,119,121,80,92
1,<environment.Job instance at 0x7fa29d248c30>,39,2,[5 6],40,92,94,52,92
1,<environment.Job instance at 0x7fa29d24c0f0>,41,1,[5 2],42,94,95,52,92
1,<environment.Job instance at 0x7fa29d24c410>,42,2,[4 6],43,95,97,52,92
1,<environment.Job instance at 0x7fa29d24c550>,44,3,[5 5],45,97,100,52,92
1,<environment.Job instance at 0x7fa29d24c690>,46,17,[12  2],47,119,136,72,107
1,<environment.Job instance at 0x7fa29d24c730>,47,2,[6 5],48,136,138,88,109
1,<environment.Job instance at 0x7fa29d24c910>,50,16,[12  2],51,138,154,87,125
1,<environment.Job instance at 0x7fa29d24c9b0>,51,3,[1 5],52,125,128,73,125
1,<environment.Job instance at 0x7fa29d24ca50>,52,1,[8 5],53,136,137,83,125
1,<environment.Job instance at 0x7fa29d24c3c0>,54,13,[13  1],55,154,167,99,138
1,<environment.Job instance at 0x7fa29d24cf00>,55,2,[ 3 10],56,138,140,82,138
1,<environment.Job instance at 0x7fa29d24d460>,59,17,[1 6],60,140,157,80,140
1,<environment.Job instance at 0x7fa29d24d500>,60,3,[12  3],61,167,170,106,141
1,<environment.Job instance at 0x7fa29d24d5a0>,61,2,[4 5],62,170,172,108,143
1,<environment.Job instance at 0x7fa29d24d640>,62,22,[6 4],63,170,192,107,163
1,<environment.Job instance at 0x7fa29d24d6e0>,63,3,[5 9],64,172,175,108,163
1,<environment.Job instance at 0x7fa29d24d820>,65,20,[2 6],66,175,195,109,166
1,<environment.Job instance at 0x7fa29d24d960>,67,27,[ 1 10],68,195,222,127,193
1,<environment.Job instance at 0x7fa29d24daf0>,70,3,[10  2],71,193,196,122,193
1,<environment.Job instance at 0x7fa29d24dd70>,71,2,[5 1],72,196,198,124,193
1,<environment.Job instance at 0x7fa29d24dd20>,72,2,[5 9],73,222,224,149,195
1,<environment.Job instance at 0x7fa29d24deb0>,75,14,[ 4 11],76,224,238,148,209
1,<environment.Job instance at 0x7fa29d24e050>,2,3,[10  2],3,3,6,0,3
1,<environment.Job instance at 0x7fa29d25d1e0>,3,2,[8 3],4,6,8,2,4
1,<environment.Job instance at 0x7fa29d260a50>,5,1,[6 2],6,6,7,0,6
1,<environment.Job instance at 0x7fa29d260be0>,7,1,[9 1],8,8,9,0,8
1,<environment.Job instance at 0x7fa29d24deb0>,8,12,[14  4],9,9,21,0,9
1,<environment.Job instance at 0x7fa29d2663c0>,9,2,[9 4],10,21,23,11,10
1,<environment.Job instance at 0x7fa2596438c0>,17,1,[2 8],18,21,22,3,19
1,<environment.Job instance at 0x7fa259643960>,18,2,[13  1],19,23,25,4,19
1,<environment.Job instance at 0x7fa259643d20>,19,2,[10  4],20,25,27,5,20
1,<environment.Job instance at 0x7fa25961d320>,20,3,[5 6],21,25,28,4,21
1,<environment.Job instance at 0x7fa25961d0a0>,21,3,[13  5],22,28,31,6,22
1,<environment.Job instance at 0x7fa25961d640>,22,2,[ 1 12],23,23,25,0,23
1,<environment.Job instance at 0x7fa2596465a0>,23,2,[5 6],24,31,33,7,24
1,<environment.Job instance at 0x7fa259643dc0>,25,2,[5 5],26,31,33,5,27
1,<environment.Job instance at 0x7fa259642370>,13,14,[7 5],14,33,47,19,27
1,<environment.Job instance at 0x7fa259644a50>,32,1,[ 4 13],33,47,48,14,35
1,<environment.Job instance at 0x7fa259644c80>,33,14,[11  3],34,48,62,14,35
1,<environment.Job instance at 0x7fa2596448c0>,35,1,[3 8],36,42,43,6,42
1,<environment.Job instance at 0x7fa259644500>,36,14,[10  1],37,62,76,25,47
1,<environment.Job instance at 0x7fa2596a7910>,12,14,[2 7],13,52,66,39,52
1,<environment.Job instance at 0x7fa259644aa0>,31,18,[2 8],32,66,84,34,56
1,<environment.Job instance at 0x7fa259641c30>,43,1,[ 4 10],44,84,85,40,71
1,<environment.Job instance at 0x7fa259641be0>,44,3,[4 7],45,76,79,31,71
1,<environment.Job instance at 0x7fa2596b60f0>,45,1,[10  1],46,79,80,33,71
1,<environment.Job instance at 0x7fa2596a6a00>,46,19,[2 7],47,85,104,38,75
1,<environment.Job instance at 0x7fa259651d70>,47,3,[1 6],48,79,82,31,75
1,<environment.Job instance at 0x7fa259658960>,49,2,[5 8],50,85,87,35,75
1,<environment.Job instance at 0x7fa259641460>,50,24,[ 1 10],51,104,128,53,99
1,<environment.Job instance at 0x7fa2596a51e0>,51,2,[9 5],52,99,101,47,99
1,<environment.Job instance at 0x7fa259658730>,52,2,[9 3],53,101,103,48,99
1,<environment.Job instance at 0x7fa259658dc0>,53,24,[7 4],54,103,127,49,99
1,<environment.Job instance at 0x7fa25965c5f0>,55,3,[12  3],56,127,130,71,102
1,<environment.Job instance at 0x7fa25965c7d0>,59,3,[5 1],60,108,111,48,108
1,<environment.Job instance at 0x7fa2597321e0>,60,3,[7 3],61,130,133,69,108
1,<environment.Job instance at 0x7fa259732230>,61,27,[4 7],62,130,157,68,128
1,<environment.Job instance at 0x7fa259732820>,62,26,[8 4],63,133,159,70,130
1,<environment.Job instance at 0x7fa2597857d0>,66,3,[9 1],67,159,162,92,136
1,<environment.Job instance at 0x7fa2597856e0>,65,16,[14  1],66,162,178,96,149
1,<environment.Job instance at 0x7fa25972fa00>,69,1,[5 4],70,157,158,87,149
1,<environment.Job instance at 0x7fa25972fe10>,71,1,[ 2 10],72,158,159,86,149
1,<environment.Job instance at 0x7fa25972f4b0>,72,1,[3 9],73,159,160,86,149
1,<environment.Job instance at 0x7fa25972faa0>,73,2,[4 7],74,160,162,86,149
1,<environment.Job instance at 0x7fa25971ee60>,75,2,[1 5],76,159,161,83,149
1,<environment.Job instance at 0x7fa259771140>,82,1,[5 5],83,178,179,95,164
1,<environment.Job instance at 0x7fa25970f5f0>,83,23,[10  1],84,178,201,94,172
1,<environment.Job instance at 0x7fa25970f960>,84,2,[8 5],85,201,203,116,174
1,<environment.Job instance at 0x7fa25970fb90>,85,1,[8 1],86,203,204,117,175
1,<environment.Job instance at 0x7fa25970fc30>,86,28,[6 5],87,201,229,114,200
1,<environment.Job instance at 0x7fa25972feb0>,70,25,[ 3 10],71,204,229,133,200
1,<environment.Job instance at 0x7fa259725f50>,1,3,[1 6],2,2,5,0,2
1,<environment.Job instance at 0x7fa29d25fe60>,4,1,[7 4],5,7,8,2,7
1,<environment.Job instance at 0x7fa29d260b90>,7,12,[5 8],8,8,20,0,8
1,<environment.Job instance at 0x7fa29d25fc30>,2,17,[12  4],3,20,37,17,9
1,<environment.Job instance at 0x7fa2a467df00>,15,2,[ 4 11],16,37,39,21,23
1,<environment.Job instance at 0x7fa2a467d910>,22,19,[8 2],23,37,56,14,27
1,<environment.Job instance at 0x7fa29d47d230>,23,2,[ 2 14],24,56,58,32,29
1,<environment.Job instance at 0x7fa2a47ce280>,24,17,[ 5 14],25,58,75,33,46
1,<environment.Job instance at 0x7fa25957afa0>,26,2,[11  3],27,75,77,48,50
1,<environment.Job instance at 0x7fa2594a1910>,32,2,[12  5],33,77,79,44,55
1,<environment.Job instance at 0x7fa2594a15a0>,33,1,[1 7],34,55,56,21,55
1,<environment.Job instance at 0x7fa2594a0cd0>,34,1,[14  4],35,79,80,44,55
1,<environment.Job instance at 0x7fa2594a01e0>,35,13,[ 1 10],36,75,88,39,65
1,<environment.Job instance at 0x7fa29d6e8870>,37,2,[6 4],38,80,82,42,65
1,<environment.Job instance at 0x7fa29d001280>,42,12,[5 5],43,89,101,46,89
1,<environment.Job instance at 0x7fa2a3a57e10>,44,2,[2 5],45,91,93,46,91
1,<environment.Job instance at 0x7fa29d6e6aa0>,46,1,[3 8],47,97,98,50,97
1,<environment.Job instance at 0x7fa2594e05a0>,47,3,[10  2],48,98,101,50,97
1,<environment.Job instance at 0x7fa2594dec80>,48,1,[2 8],49,101,102,52,97
1,<environment.Job instance at 0x7fa2594ded70>,49,1,[ 3 10],50,102,103,52,97
1,<environment.Job instance at 0x7fa2594e34b0>,50,16,[10  2],51,101,117,50,98
1,<environment.Job instance at 0x7fa2594e35f0>,51,13,[4 5],52,103,116,51,100
1,<environment.Job instance at 0x7fa2594e9190>,52,1,[ 5 10],53,116,117,63,100
1,<environment.Job instance at 0x7fa2594e98c0>,53,1,[ 5 12],54,117,118,63,100
1,<environment.Job instance at 0x7fa2594e9820>,54,21,[7 2],55,117,138,62,109
1,<environment.Job instance at 0x7fa2594ee6e0>,62,14,[ 1 11],63,128,142,65,128
1,<environment.Job instance at 0x7fa2594eef00>,64,3,[14  4],65,138,141,73,135
1,<environment.Job instance at 0x7fa2594eebe0>,65,2,[5 5],66,142,144,76,135
1,<environment.Job instance at 0x7fa2594ee410>,66,2,[13  4],67,144,146,77,135
1,<environment.Job instance at 0x7fa2594ee190>,67,3,[3 5],68,146,149,78,135
1,<environment.Job instance at 0x7fa2594ee4b0>,69,27,[1 5],70,142,169,72,140
1,<environment.Job instance at 0x7fa29d3d0460>,70,1,[5 1],71,141,142,70,140
1,<environment.Job instance at 0x7fa29d65f370>,73,3,[8 4],74,146,149,72,140
1,<environment.Job instance at 0x7fa29cfbbbe0>,75,14,[ 5 12],76,169,183,93,154
1,<environment.Job instance at 0x7fa2594f7910>,77,19,[14  4],78,183,202,105,173
1,<environment.Job instance at 0x7fa259512a50>,83,2,[9 1],84,202,204,118,192
1,<environment.Job instance at 0x7fa25951fc30>,84,2,[1 8],85,192,194,107,192
1,<environment.Job instance at 0x7fa25951f0a0>,86,25,[3 8],87,202,227,115,198
1,<environment.Job instance at 0x7fa25957ae10>,27,2,[12  2],28,204,206,176,202
1,<environment.Job instance at 0x7fa25951faa0>,89,27,[9 3],90,206,233,116,204
1,<environment.Job instance at 0x7fa259b870a0>,8,21,[5 8],9,14,35,5,14
1,<environment.Job instance at 0x7fa29d6ef9b0>,9,17,[7 2],10,15,32,5,15
1,<environment.Job instance at 0x7fa259b839b0>,6,3,[8 1],7,32,35,25,30
1,<environment.Job instance at 0x7fa2a3e6b8c0>,10,12,[8 1],11,35,47,24,32
1,<environment.Job instance at 0x7fa2a3ecd370>,16,28,[1 7],17,35,63,18,34
1,<environment.Job instance at 0x7fa2a3e9b6e0>,18,1,[5 7],19,36,37,17,36
1,<environment.Job instance at 0x7fa29d34b2d0>,19,2,[ 4 11],20,63,65,43,37
1,<environment.Job instance at 0x7fa29d307f00>,24,3,[11  1],25,47,50,22,39
1,<environment.Job instance at 0x7fa29d365640>,26,28,[9 2],27,50,78,23,49
1,<environment.Job instance at 0x7fa29d319d20>,33,1,[6 2],34,65,66,31,53
1,<environment.Job instance at 0x7fa29d350140>,34,2,[4 6],35,54,56,19,54
1,<environment.Job instance at 0x7fa29d350a00>,37,3,[ 1 12],38,66,69,28,54
1,<environment.Job instance at 0x7fa29d6df230>,39,3,[5 1],40,76,79,36,76
1,<environment.Job instance at 0x7fa29d666d70>,41,1,[10  4],42,78,79,36,76
1,<environment.Job instance at 0x7fa29d6667d0>,42,3,[6 4],43,79,82,36,77
1,<environment.Job instance at 0x7fa29d666410>,43,3,[6 2],44,79,82,35,78
1,<environment.Job instance at 0x7fa29d6df780>,38,15,[ 3 11],39,82,97,43,79
1,<environment.Job instance at 0x7fa29d666b90>,44,15,[9 1],45,82,97,37,82
1,<environment.Job instance at 0x7fa29d666640>,47,1,[9 4],48,97,98,49,82
1,<environment.Job instance at 0x7fa29d666af0>,45,15,[ 2 11],46,97,112,51,85
1,<environment.Job instance at 0x7fa29d6660f0>,53,20,[5 4],54,98,118,44,89
1,<environment.Job instance at 0x7fa259b22820>,59,1,[ 2 10],60,112,113,52,93
1,<environment.Job instance at 0x7fa259b22870>,60,16,[14  3],61,118,134,57,105
1,<environment.Job instance at 0x7fa29d6f27d0>,65,20,[4 7],66,134,154,68,125
1,<environment.Job instance at 0x7fa29d6f20a0>,66,21,[6 5],67,134,155,67,127
1,<environment.Job instance at 0x7fa29d6f26e0>,68,1,[ 3 10],69,154,155,85,127
1,<environment.Job instance at 0x7fa29d3156e0>,71,27,[5 1],72,155,182,83,153
1,<environment.Job instance at 0x7fa29d315730>,72,21,[1 6],73,155,176,82,153
1,<environment.Job instance at 0x7fa29d29d0f0>,13,27,[9 3],14,155,182,141,153
1,<environment.Job instance at 0x7fa29d666c30>,46,23,[7 4],47,187,210,140,187
1,<environment.Job instance at 0x7fa29d56ff00>,82,2,[5 8],83,187,189,104,187
1,<environment.Job instance at 0x7fa2a3b04af0>,84,3,[6 4],85,196,199,111,196
1,<environment.Job instance at 0x7fa29d56f7d0>,81,19,[10  1],82,210,229,128,200
1,<environment.Job instance at 0x7fa29d5e83c0>,7,2,[6 4],8,8,10,0,8
1,<environment.Job instance at 0x7fa2599f1690>,14,3,[ 3 14],15,20,23,5,20
1,<environment.Job instance at 0x7fa29d54c910>,10,25,[2 8],11,23,48,12,20
1,<environment.Job instance at 0x7fa29d53b9b0>,12,18,[9 4],13,23,41,10,20
1,<environment.Job instance at 0x7fa2599f11e0>,13,18,[ 4 10],14,48,66,34,38
1,<environment.Job instance at 0x7fa259a27dc0>,20,1,[4 8],21,66,67,45,46
1,<environment.Job instance at 0x7fa29d069410>,4,2,[ 1 12],5,67,69,62,50
1,<environment.Job instance at 0x7fa2a3a380a0>,19,2,[13  5],20,69,71,49,50
1,<environment.Job instance at 0x7fa259ad4140>,27,3,[8 5],28,52,55,24,52
1,<environment.Job instance at 0x7fa29d1c7e60>,28,1,[ 3 12],29,71,72,42,52
1,<environment.Job instance at 0x7fa29d1bc960>,30,2,[5 6],31,72,74,41,66
1,<environment.Job instance at 0x7fa2599183c0>,31,13,[2 8],32,72,85,40,66
1,<environment.Job instance at 0x7fa25992bd70>,32,18,[5 1],33,71,89,38,66
1,<environment.Job instance at 0x7fa2599162d0>,38,2,[8 5],39,98,100,59,98
1,<environment.Job instance at 0x7fa2a3c9e1e0>,40,2,[2 7],41,102,104,61,102
1,<environment.Job instance at 0x7fa25992e280>,41,1,[10  4],42,102,103,60,102
1,<environment.Job instance at 0x7fa25992e7d0>,42,3,[3 8],43,103,106,60,102
1,<environment.Job instance at 0x7fa25992e0f0>,45,18,[14  2],46,119,137,73,119
1,<environment.Job instance at 0x7fa25992ea00>,46,1,[5 7],47,137,138,90,119
1,<environment.Job instance at 0x7fa25992e320>,48,2,[7 3],49,137,139,88,135
1,<environment.Job instance at 0x7fa25992e730>,49,1,[5 6],50,138,139,88,135
1,<environment.Job instance at 0x7fa25991b0a0>,52,15,[3 8],53,139,154,86,135
1,<environment.Job instance at 0x7fa259922190>,56,2,[7 3],57,160,162,103,160
1,<environment.Job instance at 0x7fa2599222d0>,57,25,[9 4],58,162,187,104,160
1,<environment.Job instance at 0x7fa2599220f0>,61,3,[ 4 12],62,187,190,125,165
1,<environment.Job instance at 0x7fa259922c30>,64,1,[8 1],65,187,188,122,179
1,<environment.Job instance at 0x7fa259922cd0>,66,16,[14  3],67,190,206,123,180
1,<environment.Job instance at 0x7fa2599230f0>,67,14,[12  5],68,206,220,138,204
1,<environment.Job instance at 0x7fa259923280>,70,1,[8 5],71,220,221,149,204
1,<environment.Job instance at 0x7fa2599235a0>,74,25,[7 4],75,220,245,145,216
1,<environment.Job instance at 0x7fa2a3f34aa0>,6,3,[6 2],7,7,10,0,7
1,<environment.Job instance at 0x7fa2a3f34c30>,7,1,[6 3],8,8,9,0,8
1,<environment.Job instance at 0x7fa2a3f34eb0>,8,19,[7 1],9,9,28,0,9
1,<environment.Job instance at 0x7fa2a3f347d0>,9,2,[5 4],10,10,12,0,10
1,<environment.Job instance at 0x7fa25983a5f0>,15,2,[10  5],16,28,30,12,16
1,<environment.Job instance at 0x7fa25983a410>,16,1,[2 5],17,17,18,0,17
1,<environment.Job instance at 0x7fa25983a3c0>,17,14,[11  2],18,30,44,12,18
1,<environment.Job instance at 0x7fa2a3f34910>,11,1,[2 7],12,20,21,8,20
1,<environment.Job instance at 0x7fa2a3f34320>,3,3,[1 6],4,20,23,16,20
1,<environment.Job instance at 0x7fa25983a6e0>,18,15,[ 3 14],19,44,59,25,30
1,<environment.Job instance at 0x7fa25982a8c0>,33,1,[ 4 13],34,75,76,41,75
1,<environment.Job instance at 0x7fa25982aa50>,34,19,[9 1],35,75,94,40,75
1,<environment.Job instance at 0x7fa25982a730>,35,3,[ 4 11],36,76,79,40,75
1,<environment.Job instance at 0x7fa25982a500>,36,2,[8 3],37,94,96,57,75
1,<environment.Job instance at 0x7fa25982a140>,37,3,[2 8],38,79,82,41,75
1,<environment.Job instance at 0x7fa25982a780>,40,1,[2 6],41,79,80,38,79
1,<environment.Job instance at 0x7fa25982ab40>,42,16,[1 7],43,93,109,50,93
1,<environment.Job instance at 0x7fa25983a9b0>,20,27,[7 4],21,96,123,75,95
1,<environment.Job instance at 0x7fa25982a460>,46,3,[8 3],47,109,112,62,101
1,<environment.Job instance at 0x7fa25982acd0>,48,3,[11  1],49,123,126,74,108
1,<environment.Job instance at 0x7fa25982adc0>,49,2,[3 7],50,112,114,62,108
1,<environment.Job instance at 0x7fa2a3b32b40>,50,2,[9 1],51,126,128,75,108
1,<environment.Job instance at 0x7fa2a3b329b0>,51,2,[6 2],52,114,116,62,108
1,<environment.Job instance at 0x7fa2a3b32190>,54,1,[9 2],55,128,129,73,123
1,<environment.Job instance at 0x7fa2a3b32230>,55,3,[9 1],56,129,132,73,123
1,<environment.Job instance at 0x7fa2a3b4c820>,56,16,[4 9],57,123,139,66,123
1,<environment.Job instance at 0x7fa2a3b4ce10>,57,22,[6 1],58,132,154,74,125
1,<environment.Job instance at 0x7fa2a3b4cb90>,61,18,[5 9],62,139,157,77,128
1,<environment.Job instance at 0x7fa2a3b4cf00>,62,2,[8 2],63,154,156,91,130
1,<environment.Job instance at 0x7fa2a3b4ccd0>,64,1,[ 3 10],65,157,158,92,131
1,<environment.Job instance at 0x7fa2a3b4ceb0>,68,14,[6 3],69,163,177,94,163
1,<environment.Job instance at 0x7fa2a3b4caf0>,69,2,[3 7],70,163,165,93,163
1,<environment.Job instance at 0x7fa2a3b4cc30>,72,19,[8 3],73,181,200,108,181
1,<environment.Job instance at 0x7fa2a3f53640>,75,1,[7 1],76,199,200,123,199
1,<environment.Job instance at 0x7fa2a3f53a00>,76,23,[5 5],77,200,223,123,199
1,<environment.Job instance at 0x7fa2a3f53320>,77,1,[2 6],78,200,201,122,199
1,<environment.Job instance at 0x7fa2a3f53690>,79,25,[7 3],80,202,227,122,202
1,<environment.Job instance at 0x7fa2a3f53960>,80,1,[12  5],81,227,228,146,202
1,<environment.Job instance at 0x7fa2a3f53050>,82,1,[5 2],83,223,224,140,202
1,<environment.Job instance at 0x7fa2a3e19410>,4,2,[9 2],5,5,7,0,5
1,<environment.Job instance at 0x7fa29d1e80a0>,13,3,[3 9],14,20,23,6,20
1,<environment.Job instance at 0x7fa2a3ad1870>,14,28,[ 5 10],15,23,51,8,22
1,<environment.Job instance at 0x7fa29d514870>,8,14,[9 5],9,22,36,13,22
1,<environment.Job instance at 0x7fa29d513dc0>,17,27,[2 9],18,51,78,33,49
1,<environment.Job instance at 0x7fa2a404f820>,18,26,[4 9],19,78,104,59,75
1,<environment.Job instance at 0x7fa2a404faf0>,19,1,[10  5],20,75,76,55,75
1,<environment.Job instance at 0x7fa29d3f3230>,22,2,[ 2 10],23,104,106,81,77
1,<environment.Job instance at 0x7fa29d2fc8c0>,11,15,[7 3],12,77,92,65,77
1,<environment.Job instance at 0x7fa29d2fce60>,9,14,[8 5],10,92,106,82,78
1,<environment.Job instance at 0x7fa2a3ceda50>,31,2,[6 2],32,106,108,74,86
1,<environment.Job instance at 0x7fa2a3afafa0>,26,16,[ 5 12],27,106,122,79,93
1,<environment.Job instance at 0x7fa29d7666e0>,40,17,[10  1],41,109,126,68,109
1,<environment.Job instance at 0x7fa29d766410>,42,15,[2 5],43,122,137,79,110
1,<environment.Job instance at 0x7fa29d766140>,44,2,[9 5],45,126,128,81,116
1,<environment.Job instance at 0x7fa2a401d140>,46,17,[ 2 14],47,137,154,90,125
1,<environment.Job instance at 0x7fa2a401ddc0>,47,26,[10  5],48,154,180,106,151
1,<environment.Job instance at 0x7fa2596e1f50>,52,3,[1 7],53,160,163,107,160
1,<environment.Job instance at 0x7fa2596e1b40>,54,19,[2 5],55,163,182,108,161
1,<environment.Job instance at 0x7fa2596e1d20>,57,1,[3 8],58,181,182,123,181
1,<environment.Job instance at 0x7fa29d547d70>,59,3,[6 1],60,186,189,126,186
1,<environment.Job instance at 0x7fa29d5472d0>,60,2,[2 6],61,186,188,125,186
1,<environment.Job instance at 0x7fa2596e1460>,61,2,[7 1],62,186,188,124,186
1,<environment.Job instance at 0x7fa2a41aa640>,62,3,[6 1],63,188,191,125,186
1,<environment.Job instance at 0x7fa2a41aa0f0>,63,23,[1 7],64,188,211,124,186
1,<environment.Job instance at 0x7fa2a41aa960>,64,22,[1 8],65,191,213,126,186
1,<environment.Job instance at 0x7fa2a41aa320>,66,1,[6 4],67,189,190,122,186
1,<environment.Job instance at 0x7fa29d50caf0>,68,13,[14  3],69,211,224,142,196
1,<environment.Job instance at 0x7fa29d50c780>,71,3,[1 8],72,213,216,141,204
1,<environment.Job instance at 0x7fa2a3a86b90>,72,26,[1 5],73,216,242,143,213
1,<environment.Job instance at 0x7fa2599ca910>,76,1,[9 3],77,224,225,147,222
1,<environment.Job instance at 0x7fa2a408bf50>,77,12,[9 2],78,225,237,147,222
1,<environment.Job instance at 0x7fa2a408b550>,78,3,[5 8],79,225,228,146,225
1,<environment.Job instance at 0x7fa29d2302d0>,0,24,[10  5],1,1,25,0,1
1,<environment.Job instance at 0x7fa29d2fc190>,1,3,[ 4 12],2,25,28,23,5
1,<environment.Job instance at 0x7fa2a3e19dc0>,5,18,[ 2 11],6,28,46,22,17
1,<environment.Job instance at 0x7fa2599857d0>,8,27,[5 1],9,17,44,8,17
1,<environment.Job instance at 0x7fa29d7375a0>,10,1,[2 7],11,46,47,35,21
1,<environment.Job instance at 0x7fa29d7374b0>,11,2,[ 1 10],12,47,49,35,21
1,<environment.Job instance at 0x7fa2a47c6a50>,14,2,[10  3],15,44,46,29,22
1,<environment.Job instance at 0x7fa29d5ac190>,15,1,[5 2],16,25,26,9,22
1,<environment.Job instance at 0x7fa259b1b460>,17,2,[5 5],18,46,48,28,23
1,<environment.Job instance at 0x7fa29d4b9500>,18,27,[1 7],19,49,76,30,47
1,<environment.Job instance at 0x7fa2a3f209b0>,6,13,[11  3],7,48,61,41,48
1,<environment.Job instance at 0x7fa259940a50>,19,16,[12  5],20,61,77,41,52
1,<environment.Job instance at 0x7fa259567910>,27,17,[13  5],28,77,94,49,65
1,<environment.Job instance at 0x7fa29d6003c0>,2,15,[ 2 10],3,76,91,73,69
1,<environment.Job instance at 0x7fa259567f50>,37,18,[ 5 10],38,94,112,56,88
1,<environment.Job instance at 0x7fa2596d72d0>,42,12,[10  2],43,98,110,55,98
1,<environment.Job instance at 0x7fa2596d7550>,46,18,[ 2 10],47,112,130,65,104
1,<environment.Job instance at 0x7fa2596d7730>,47,18,[5 9],48,130,148,82,124
1,<environment.Job instance at 0x7fa2596d7cd0>,53,3,[ 2 10],54,148,151,94,133
1,<environment.Job instance at 0x7fa2596d7d70>,56,3,[1 8],57,151,154,94,147
1,<environment.Job instance at 0x7fa2596d7e10>,57,1,[3 5],58,147,148,89,147
1,<environment.Job instance at 0x7fa2596d7a50>,58,25,[5 5],59,148,173,89,147
1,<environment.Job instance at 0x7fa2596d7f50>,59,2,[5 1],60,151,153,91,147
1,<environment.Job instance at 0x7fa2596d7a00>,48,3,[6 2],49,153,156,104,148
1,<environment.Job instance at 0x7fa2596d5230>,60,18,[14  5],61,173,191,112,162
1,<environment.Job instance at 0x7fa2596d5910>,68,17,[2 7],69,191,208,122,190
1,<environment.Job instance at 0x7fa2596d5500>,70,22,[4 6],71,191,213,120,190
1,<environment.Job instance at 0x7fa2596d5820>,71,2,[1 8],72,208,210,136,190
1,<environment.Job instance at 0x7fa2596d5af0>,73,14,[4 8],74,210,224,136,203
1,<environment.Job instance at 0x7fa2596d5cd0>,76,1,[6 4],77,213,214,136,207
1,<environment.Job instance at 0x7fa2596d5d70>,77,2,[9 5],78,214,216,136,207
1,<environment.Job instance at 0x7fa2596d5e10>,78,12,[10  5],79,216,228,137,207
1,<environment.Job instance at 0x7fa2596d5eb0>,79,2,[2 5],80,224,226,144,208
1,<environment.Job instance at 0x7fa2596d5a00>,81,2,[5 4],82,226,228,144,210
1,<environment.Job instance at 0x7fa2596cc4b0>,82,17,[ 3 14],83,228,245,145,216
1,<environment.Job instance at 0x7fa2596d76e0>,0,22,[1 9],1,1,23,0,1
1,<environment.Job instance at 0x7fa2a4212c80>,3,1,[5 6],4,4,5,0,4
1,<environment.Job instance at 0x7fa29d24caf0>,6,2,[1 8],7,23,25,16,7
1,<environment.Job instance at 0x7fa29d2ca730>,8,2,[ 4 12],9,25,27,16,9
1,<environment.Job instance at 0x7fa29d2cac80>,10,3,[ 4 10],11,27,30,16,11
1,<environment.Job instance at 0x7fa2a3c5ba50>,16,13,[12  4],17,30,43,13,22
1,<environment.Job instance at 0x7fa2a3ca15f0>,21,17,[13  5],22,43,60,21,31
1,<environment.Job instance at 0x7fa29d456a50>,28,3,[10  4],29,60,63,31,54
1,<environment.Job instance at 0x7fa29d7628c0>,22,18,[6 4],23,63,81,40,57
1,<environment.Job instance at 0x7fa29d13e500>,23,18,[1 8],24,59,77,35,59
1,<environment.Job instance at 0x7fa29d0100f0>,35,13,[2 6],36,77,90,41,62
1,<environment.Job instance at 0x7fa29d76e6e0>,39,1,[3 5],40,77,78,37,68
1,<environment.Job instance at 0x7fa29d74eb40>,40,1,[4 9],41,81,82,40,68
1,<environment.Job instance at 0x7fa29d365f50>,44,2,[7 3],45,79,81,34,79
1,<environment.Job instance at 0x7fa29d7610f0>,48,2,[1 6],49,105,107,56,105
1,<environment.Job instance at 0x7fa29d61f5f0>,49,23,[5 5],50,105,128,55,105
1,<environment.Job instance at 0x7fa2a3f5ed20>,55,24,[7 5],56,120,144,64,120
1,<environment.Job instance at 0x7fa259ad6910>,37,1,[5 4],38,128,129,90,124
1,<environment.Job instance at 0x7fa2a3f5e1e0>,57,3,[ 2 13],58,144,147,86,125
1,<environment.Job instance at 0x7fa29d2a4d20>,58,2,[5 5],59,129,131,70,125
1,<environment.Job instance at 0x7fa259b1b140>,61,2,[4 8],62,135,137,73,135
1,<environment.Job instance at 0x7fa25989a140>,62,17,[3 8],63,147,164,84,138
1,<environment.Job instance at 0x7fa25989a820>,64,3,[9 3],65,147,150,82,140
1,<environment.Job instance at 0x7fa259ad60a0>,38,18,[5 6],39,157,175,118,157
1,<environment.Job instance at 0x7fa25989a5a0>,70,1,[13  2],71,175,176,104,162
1,<environment.Job instance at 0x7fa25989a730>,73,1,[ 2 13],74,175,176,101,163
1,<environment.Job instance at 0x7fa25989a4b0>,74,2,[ 4 10],75,176,178,101,163
1,<environment.Job instance at 0x7fa2a3b16b90>,75,19,[8 1],76,176,195,100,166
1,<environment.Job instance at 0x7fa2a3b16280>,76,1,[ 4 11],77,178,179,101,166
1,<environment.Job instance at 0x7fa2a3b160f0>,78,3,[2 6],79,179,182,100,178
1,<environment.Job instance at 0x7fa2a3b168c0>,79,2,[10  5],80,195,197,115,178
1,<environment.Job instance at 0x7fa2a3b16690>,80,2,[4 6],81,179,181,98,178
1,<environment.Job instance at 0x7fa2a3b16be0>,81,23,[7 5],82,197,220,115,191
1,<environment.Job instance at 0x7fa25982db90>,13,26,[2 9],14,194,220,180,194
1,<environment.Job instance at 0x7fa29d2a4280>,59,3,[5 2],60,220,223,160,196
1,<environment.Job instance at 0x7fa29d61f050>,0,21,[5 2],1,1,22,0,1
1,<environment.Job instance at 0x7fa25987c280>,3,2,[9 4],4,4,6,0,4
1,<environment.Job instance at 0x7fa2a48a0730>,2,16,[11  5],3,22,38,19,15
1,<environment.Job instance at 0x7fa2a3be7050>,5,2,[ 5 10],6,15,17,9,15
1,<environment.Job instance at 0x7fa259828a50>,12,1,[5 8],13,17,18,4,15
1,<environment.Job instance at 0x7fa2598289b0>,13,1,[6 3],14,18,19,4,15
1,<environment.Job instance at 0x7fa29d7425f0>,17,3,[10  1],18,19,22,1,19
1,<environment.Job instance at 0x7fa259b33870>,19,1,[6 1],20,38,39,18,21
1,<environment.Job instance at 0x7fa2598d3af0>,21,1,[6 1],22,38,39,16,29
1,<environment.Job instance at 0x7fa2598fc9b0>,22,2,[ 4 10],23,29,31,6,29
1,<environment.Job instance at 0x7fa2598fc460>,23,2,[4 7],24,31,33,7,29
1,<environment.Job instance at 0x7fa29d3f9410>,26,23,[5 6],27,44,67,17,44
1,<environment.Job instance at 0x7fa259651640>,28,25,[ 5 10],29,67,92,38,63
1,<environment.Job instance at 0x7fa2a404fb40>,30,17,[6 4],31,65,82,34,65
1,<environment.Job instance at 0x7fa29d61c050>,31,12,[ 5 11],32,92,104,60,79
1,<environment.Job instance at 0x7fa25979b1e0>,37,26,[ 2 10],38,104,130,66,101
1,<environment.Job instance at 0x7fa25979b3c0>,43,17,[ 5 12],44,130,147,86,118
1,<environment.Job instance at 0x7fa29d315780>,51,2,[1 9],52,147,149,95,129
1,<environment.Job instance at 0x7fa29d02b0a0>,52,1,[7 2],53,129,130,76,129
1,<environment.Job instance at 0x7fa259a94d20>,53,20,[5 2],54,129,149,75,129
1,<environment.Job instance at 0x7fa29d23d140>,56,1,[6 2],57,147,148,90,139
1,<environment.Job instance at 0x7fa29d23d410>,57,2,[ 5 11],58,149,151,91,139
1,<environment.Job instance at 0x7fa29d23d730>,58,12,[12  2],59,151,163,92,139
1,<environment.Job instance at 0x7fa2a3be0500>,60,2,[ 4 14],61,163,165,102,146
1,<environment.Job instance at 0x7fa2a3be07d0>,62,1,[ 4 10],63,165,166,102,157
1,<environment.Job instance at 0x7fa2a3be0550>,64,12,[9 4],65,165,177,100,161
1,<environment.Job instance at 0x7fa29d6f2870>,65,3,[1 7],66,166,169,100,161
1,<environment.Job instance at 0x7fa29d6f20a0>,67,3,[1 7],68,169,172,101,161
1,<environment.Job instance at 0x7fa259af4a50>,69,2,[6 4],70,172,174,102,163
1,<environment.Job instance at 0x7fa25979afa0>,70,25,[8 3],71,177,202,106,173
1,<environment.Job instance at 0x7fa2a3a32640>,71,27,[8 1],72,202,229,130,200
1,<environment.Job instance at 0x7fa259b403c0>,77,27,[2 6],78,201,228,123,201
1,<environment.Job instance at 0x7fa259b40d20>,78,1,[10  4],79,229,230,150,201
1,<environment.Job instance at 0x7fa2596fe8c0>,83,1,[ 3 10],84,228,229,144,205
1,<environment.Job instance at 0x7fa2596fe7d0>,1,24,[2 6],2,2,26,0,2
1,<environment.Job instance at 0x7fa2a3c7bbe0>,11,13,[3 5],12,12,25,0,12
1,<environment.Job instance at 0x7fa2a3c7b8c0>,12,1,[2 8],13,25,26,12,13
1,<environment.Job instance at 0x7fa2a3c7bd70>,13,21,[5 4],14,26,47,12,18
1,<environment.Job instance at 0x7fa2a3d78460>,15,15,[ 2 12],16,47,62,31,33
1,<environment.Job instance at 0x7fa2a3e2ae60>,24,24,[5 8],25,62,86,37,57
1,<environment.Job instance at 0x7fa2a3e2afa0>,25,1,[1 5],26,62,63,36,57
1,<environment.Job instance at 0x7fa2a3e2af50>,26,24,[10  2],27,63,87,36,58
1,<environment.Job instance at 0x7fa2a3ca47d0>,14,17,[11  5],15,87,104,72,75
1,<environment.Job instance at 0x7fa2a3e316e0>,34,18,[1 8],35,86,104,51,79
1,<environment.Job instance at 0x7fa2a3e31410>,40,1,[ 5 10],41,104,105,63,91
1,<environment.Job instance at 0x7fa2a3e31a00>,37,18,[1 8],38,105,123,67,95
1,<environment.Job instance at 0x7fa25962a050>,49,1,[13  5],50,121,122,71,121
1,<environment.Job instance at 0x7fa25962a0a0>,50,1,[4 5],51,123,124,72,123
1,<environment.Job instance at 0x7fa25962a2d0>,53,27,[5 6],54,123,150,69,123
1,<environment.Job instance at 0x7fa25962a370>,54,2,[5 3],55,131,133,76,131
1,<environment.Job instance at 0x7fa25962a690>,57,2,[4 9],58,133,135,75,131
1,<environment.Job instance at 0x7fa25962a910>,58,25,[11  1],59,150,175,91,146
1,<environment.Job instance at 0x7fa25962adc0>,64,27,[3 8],65,151,178,86,151
1,<environment.Job instance at 0x7fa25962a820>,63,13,[6 5],64,175,188,111,166
1,<environment.Job instance at 0x7fa2596fee60>,5,3,[1 5],6,171,174,165,171
1,<environment.Job instance at 0x7fa25962abe0>,70,18,[12  3],71,188,206,117,177
1,<environment.Job instance at 0x7fa25962a4b0>,56,16,[ 3 11],57,188,204,131,183
1,<environment.Job instance at 0x7fa259640780>,77,1,[1 7],78,204,205,126,198
1,<environment.Job instance at 0x7fa2596401e0>,71,15,[4 9],72,209,224,137,209
1,<environment.Job instance at 0x7fa259640af0>,82,1,[5 5],83,211,212,128,211
1,<environment.Job instance at 0x7fa259640d70>,84,2,[9 3],85,212,214,127,212
1,<environment.Job instance at 0x7fa259640cd0>,85,3,[2 6],86,214,217,128,212
1,<environment.Job instance at 0x7fa2a3c7b870>,2,3,[5 5],3,3,6,0,3
1,<environment.Job instance at 0x7fa2a3c26870>,3,3,[ 3 10],4,4,7,0,4
1,<environment.Job instance at 0x7fa2a3c26c30>,4,1,[10  2],5,6,7,1,5
1,<environment.Job instance at 0x7fa29d0564b0>,7,2,[9 2],8,8,10,0,8
1,<environment.Job instance at 0x7fa2a3ad1780>,10,1,[6 1],11,11,12,0,11
1,<environment.Job instance at 0x7fa2a3ad19b0>,12,1,[1 5],13,13,14,0,13
1,<environment.Job instance at 0x7fa2a4654460>,13,1,[7 1],14,14,15,0,14
1,<environment.Job instance at 0x7fa2a3ad1280>,14,12,[ 4 13],15,15,27,0,15
1,<environment.Job instance at 0x7fa2a408f870>,29,2,[10  4],30,60,62,30,60
1,<environment.Job instance at 0x7fa2a408f6e0>,30,18,[2 9],31,60,78,29,60
1,<environment.Job instance at 0x7fa2a408fe60>,31,2,[10  3],32,62,64,30,60
1,<environment.Job instance at 0x7fa2a3d8ed20>,32,16,[2 8],33,78,94,45,65
1,<environment.Job instance at 0x7fa2a3f98320>,20,2,[ 2 12],21,94,96,73,67
1,<environment.Job instance at 0x7fa2a3d8ebe0>,34,14,[7 2],35,70,84,35,70
1,<environment.Job instance at 0x7fa2a3d8ef50>,36,13,[10  2],37,84,97,47,74
1,<environment.Job instance at 0x7fa2a3d8e2d0>,37,2,[ 5 12],38,96,98,58,74
1,<environment.Job instance at 0x7fa2a3d8ee60>,39,20,[7 2],40,97,117,57,88
1,<environment.Job instance at 0x7fa2a3d8e690>,35,1,[14  5],36,117,118,81,91
1,<environment.Job instance at 0x7fa29d0e5190>,46,2,[10  2],47,118,120,71,106
1,<environment.Job instance at 0x7fa29d0e5280>,48,22,[ 3 10],49,118,140,69,111
1,<environment.Job instance at 0x7fa29d0e5e10>,50,13,[ 2 13],51,140,153,89,124
1,<environment.Job instance at 0x7fa2a3d8ecd0>,45,2,[ 2 12],46,153,155,107,126
1,<environment.Job instance at 0x7fa29d0e56e0>,55,12,[ 4 10],56,155,167,99,138
1,<environment.Job instance at 0x7fa29d0e5050>,57,23,[3 5],58,155,178,97,149
1,<environment.Job instance at 0x7fa29d0e5fa0>,60,28,[2 6],61,167,195,106,166
1,<environment.Job instance at 0x7fa29d0e5a00>,61,1,[2 6],62,178,179,116,166
1,<environment.Job instance at 0x7fa29d315730>,62,2,[ 4 10],63,195,197,132,168
1,<environment.Job instance at 0x7fa29d315cd0>,63,1,[6 1],64,168,169,104,168
1,<environment.Job instance at 0x7fa29d315190>,64,2,[7 2],65,169,171,104,168
1,<environment.Job instance at 0x7fa29d315410>,67,2,[9 2],68,171,173,103,168
1,<environment.Job instance at 0x7fa29d315be0>,68,2,[8 1],69,173,175,104,168
1,<environment.Job instance at 0x7fa29d315230>,69,23,[8 2],70,175,198,105,169
1,<environment.Job instance at 0x7fa29d315690>,70,1,[13  1],71,198,199,127,170
1,<environment.Job instance at 0x7fa29d315c80>,72,3,[9 2],73,199,202,126,173
1,<environment.Job instance at 0x7fa29d3154b0>,73,19,[3 9],74,199,218,125,189
1,<environment.Job instance at 0x7fa29d23da00>,78,12,[7 2],79,202,214,123,200
1,<environment.Job instance at 0x7fa29d23d140>,80,2,[2 6],81,214,216,133,200
1,<environment.Job instance at 0x7fa29d23d410>,81,20,[10  2],82,216,236,134,207
1,<environment.Job instance at 0x7fa29d0e5460>,54,19,[3 7],55,218,237,163,215
1,<environment.Job instance at 0x7fa29d0c35a0>,1,1,[1 8],2,2,3,0,2
1,<environment.Job instance at 0x7fa2a3e31b90>,2,22,[ 4 11],3,3,25,0,3
1,<environment.Job instance at 0x7fa2a3fb7e60>,5,2,[5 6],6,25,27,19,11
1,<environment.Job instance at 0x7fa2a3b3c730>,7,14,[4 9],8,25,39,17,11
1,<environment.Job instance at 0x7fa29d2e1f00>,11,2,[5 5],12,27,29,15,14
1,<environment.Job instance at 0x7fa29d2e1960>,13,3,[ 3 14],14,39,42,25,16
1,<environment.Job instance at 0x7fa29d32eaa0>,6,15,[13  2],7,42,57,35,28
1,<environment.Job instance at 0x7fa29d692dc0>,18,17,[14  2],19,57,74,38,45
1,<environment.Job instance at 0x7fa29d692c80>,19,2,[9 5],20,74,76,54,47
1,<environment.Job instance at 0x7fa29d4e90a0>,22,14,[11  5],23,76,90,53,61
1,<environment.Job instance at 0x7fa29d4e9c30>,23,3,[9 3],24,90,93,66,64
1,<environment.Job instance at 0x7fa29d4e9f50>,25,3,[10  3],26,93,96,67,67
1,<environment.Job instance at 0x7fa29d4e9370>,26,2,[1 9],27,67,69,40,67
1,<environment.Job instance at 0x7fa29d4e92d0>,28,2,[10  3],29,96,98,67,69
1,<environment.Job instance at 0x7fa29d4e99b0>,29,18,[1 9],30,69,87,39,69
1,<environment.Job instance at 0x7fa25964d6e0>,30,1,[6 3],31,90,91,59,69
1,<environment.Job instance at 0x7fa25964daa0>,31,1,[6 5],32,91,92,59,69
1,<environment.Job instance at 0x7fa25964ddc0>,33,1,[3 8],34,87,88,53,70
1,<environment.Job instance at 0x7fa25964dfa0>,34,1,[10  1],35,98,99,63,70
1,<environment.Job instance at 0x7fa25964d190>,37,1,[12  4],38,99,100,61,71
1,<environment.Job instance at 0x7fa25964d410>,40,1,[10  2],41,100,101,59,86
1,<environment.Job instance at 0x7fa25964df50>,42,14,[ 2 11],43,92,106,49,86
1,<environment.Job instance at 0x7fa2a3ac6640>,43,2,[2 7],44,88,90,44,86
1,<environment.Job instance at 0x7fa2a3ac6550>,45,13,[ 3 14],46,106,119,60,102
1,<environment.Job instance at 0x7fa2a3ac6eb0>,46,13,[9 1],47,103,116,56,103
1,<environment.Job instance at 0x7fa2a3ac68c0>,47,2,[5 6],48,119,121,71,103
1,<environment.Job instance at 0x7fa2a3ac6a00>,51,2,[ 1 10],52,122,124,70,122
1,<environment.Job instance at 0x7fa2a3ac6f00>,54,21,[1 8],55,135,156,80,135
1,<environment.Job instance at 0x7fa2a3ac6410>,55,1,[ 3 10],56,156,157,100,135
1,<environment.Job instance at 0x7fa2a3ac6e10>,56,3,[1 6],57,135,138,78,135
1,<environment.Job instance at 0x7fa29d486690>,59,19,[2 5],60,143,162,83,143
1,<environment.Job instance at 0x7fa29d486a00>,60,1,[7 5],61,157,158,96,143
1,<environment.Job instance at 0x7fa29d4867d0>,61,1,[12  1],62,143,144,81,143
1,<environment.Job instance at 0x7fa29d4861e0>,62,2,[7 5],63,158,160,95,143
1,<environment.Job instance at 0x7fa2599222d0>,63,3,[ 3 12],64,162,165,98,143
1,<environment.Job instance at 0x7fa259922a50>,64,1,[3 8],65,160,161,95,143
1,<environment.Job instance at 0x7fa259922a00>,65,2,[4 7],66,165,167,99,143
1,<environment.Job instance at 0x7fa259922730>,67,17,[10  4],68,165,182,97,155
1,<environment.Job instance at 0x7fa259922aa0>,69,18,[2 7],70,167,185,97,156
1,<environment.Job instance at 0x7fa259922140>,72,3,[6 3],73,182,185,109,168
1,<environment.Job instance at 0x7fa259ac9640>,73,23,[5 6],74,185,208,111,179
1,<environment.Job instance at 0x7fa259ac9500>,79,17,[10  1],80,188,205,108,188
1,<environment.Job instance at 0x7fa259ac90f0>,80,2,[13  2],81,208,210,127,188
1,<environment.Job instance at 0x7fa259ac9820>,81,2,[8 2],82,205,207,123,188
1,<environment.Job instance at 0x7fa259ac93c0>,83,1,[14  1],84,210,211,126,193
1,<environment.Job instance at 0x7fa259ac96e0>,84,1,[9 2],85,207,208,122,193
1,<environment.Job instance at 0x7fa2a3efbaa0>,85,2,[5 1],86,211,213,125,193
1,<environment.Job instance at 0x7fa2a3efb280>,86,3,[6 3],87,211,214,124,193
1,<environment.Job instance at 0x7fa2a3efbf00>,89,15,[4 9],90,211,226,121,211
1,<environment.Job instance at 0x7fa2a3efb5f0>,90,1,[4 8],91,226,227,135,211
1,<environment.Job instance at 0x7fa259ac94b0>,4,1,[3 7],5,5,6,0,5
1,<environment.Job instance at 0x7fa29d2e1050>,5,27,[4 6],6,6,33,0,6
1,<environment.Job instance at 0x7fa29d368280>,10,1,[6 3],11,11,12,0,11
1,<environment.Job instance at 0x7fa2a3b3cc80>,14,2,[1 7],15,15,17,0,15
1,<environment.Job instance at 0x7fa29d6ce960>,16,2,[10  3],17,17,19,0,17
1,<environment.Job instance at 0x7fa29d1b80f0>,18,1,[ 2 12],19,33,34,14,19
1,<environment.Job instance at 0x7fa29d1b85f0>,20,15,[10  4],21,34,49,13,23
1,<environment.Job instance at 0x7fa259428c80>,24,1,[3 6],25,37,38,12,37
1,<environment.Job instance at 0x7fa259428960>,25,1,[5 2],26,38,39,12,37
1,<environment.Job instance at 0x7fa259428c30>,26,13,[11  2],27,49,62,22,37
1,<environment.Job instance at 0x7fa25942df00>,31,23,[5 2],32,62,85,30,56
1,<environment.Job instance at 0x7fa25942d500>,33,28,[10  4],34,62,90,28,61
1,<environment.Job instance at 0x7fa25942d7d0>,34,2,[5 7],35,85,87,50,61
1,<environment.Job instance at 0x7fa2593e1140>,35,3,[5 5],36,87,90,51,61
1,<environment.Job instance at 0x7fa259431780>,36,1,[1 9],37,61,62,24,61
1,<environment.Job instance at 0x7fa259539280>,38,18,[ 4 13],39,90,108,51,79
1,<environment.Job instance at 0x7fa259417e10>,40,1,[5 2],41,90,91,49,79
1,<environment.Job instance at 0x7fa2593e2cd0>,45,3,[ 4 10],46,108,111,62,94
1,<environment.Job instance at 0x7fa2593e2c30>,46,18,[10  3],47,108,126,61,97
1,<environment.Job instance at 0x7fa259546a50>,47,1,[1 5],48,111,112,63,97
1,<environment.Job instance at 0x7fa29d5e00a0>,51,19,[10  5],52,126,145,74,116
1,<environment.Job instance at 0x7fa29d5dc780>,52,2,[10  5],53,145,147,92,125
1,<environment.Job instance at 0x7fa2a3e0f190>,58,2,[1 9],59,127,129,68,127
1,<environment.Job instance at 0x7fa2a3b2eb40>,60,13,[ 2 10],61,129,142,68,129
1,<environment.Job instance at 0x7fa29d76e8c0>,63,12,[5 2],64,142,154,78,136
1,<environment.Job instance at 0x7fa29d761fa0>,64,1,[3 7],65,147,148,82,136
1,<environment.Job instance at 0x7fa29d5f2460>,65,2,[ 5 10],66,148,150,82,136
1,<environment.Job instance at 0x7fa29d5f2190>,66,18,[3 7],67,150,168,83,142
1,<environment.Job instance at 0x7fa29d5f2910>,67,2,[2 8],68,154,156,86,142
1,<environment.Job instance at 0x7fa29d5f2b40>,69,18,[6 5],70,156,174,86,148
1,<environment.Job instance at 0x7fa29d741e60>,71,3,[8 1],72,168,171,96,148
1,<environment.Job instance at 0x7fa259a146e0>,73,1,[10  2],74,174,175,100,153
1,<environment.Job instance at 0x7fa259a144b0>,74,24,[5 9],75,171,195,96,166
1,<environment.Job instance at 0x7fa259a142d0>,75,18,[1 6],76,175,193,99,167
1,<environment.Job instance at 0x7fa259a14be0>,76,28,[9 5],77,193,221,116,192
1,<environment.Job instance at 0x7fa29d554aa0>,80,3,[5 6],81,195,198,114,192
1,<environment.Job instance at 0x7fa29d5670f0>,82,17,[4 8],83,198,215,115,197
1,<environment.Job instance at 0x7fa29d567050>,84,2,[6 2],85,215,217,130,197
1,<environment.Job instance at 0x7fa29d567dc0>,86,3,[9 4],87,221,224,134,200
1,<environment.Job instance at 0x7fa29d5675f0>,87,1,[8 4],88,224,225,136,200
1,<environment.Job instance at 0x7fa29d567730>,88,2,[4 8],89,217,219,128,200
1,<environment.Job instance at 0x7fa29d5677d0>,90,3,[10  5],91,225,228,134,205
1,<environment.Job instance at 0x7fa29d567b90>,91,14,[1 7],92,219,233,127,205
1,<environment.Job instance at 0x7fa29d567b40>,92,1,[2 9],93,233,234,140,205
1,<environment.Job instance at 0x7fa29d6b13c0>,0,27,[7 2],1,1,28,0,1
1,<environment.Job instance at 0x7fa259431aa0>,1,26,[ 5 11],2,3,29,1,3
1,<environment.Job instance at 0x7fa2a3fb70f0>,5,15,[ 5 13],6,29,44,23,15
1,<environment.Job instance at 0x7fa25982a190>,15,12,[14  1],16,44,56,28,27
1,<environment.Job instance at 0x7fa2594e9b40>,18,1,[3 6],19,56,57,37,28
1,<environment.Job instance at 0x7fa2594e90f0>,19,2,[ 1 11],20,44,46,24,28
1,<environment.Job instance at 0x7fa2a3afa6e0>,23,2,[9 5],24,56,58,32,31
1,<environment.Job instance at 0x7fa2596a2d20>,24,2,[1 6],25,46,48,21,31
1,<environment.Job instance at 0x7fa25950c910>,25,3,[5 7],26,57,60,31,31
1,<environment.Job instance at 0x7fa2a3afa550>,28,21,[5 3],29,58,79,29,50
1,<environment.Job instance at 0x7fa25972f320>,29,2,[6 5],30,60,62,30,50
1,<environment.Job instance at 0x7fa25967bd20>,31,3,[2 7],32,60,63,28,50
1,<environment.Job instance at 0x7fa2595eebe0>,32,1,[4 6],33,63,64,30,50
1,<environment.Job instance at 0x7fa2a40f1d70>,33,24,[10  4],34,64,88,30,59
1,<environment.Job instance at 0x7fa2593050a0>,37,2,[ 3 11],38,79,81,41,62
1,<environment.Job instance at 0x7fa2a3fcbdc0>,41,21,[2 7],42,81,102,39,73
1,<environment.Job instance at 0x7fa2a3e55b90>,48,18,[8 3],49,96,114,47,96
1,<environment.Job instance at 0x7fa259ab4690>,50,1,[5 9],51,102,103,51,97
1,<environment.Job instance at 0x7fa259ab4780>,51,1,[2 5],52,97,98,45,97
1,<environment.Job instance at 0x7fa2a3a784b0>,52,18,[3 8],53,103,121,50,102
1,<environment.Job instance at 0x7fa2a3a78730>,53,1,[ 3 10],54,121,122,67,102
1,<environment.Job instance at 0x7fa2a3a78230>,55,25,[8 3],56,114,139,58,110
1,<environment.Job instance at 0x7fa2a3a78370>,56,2,[ 1 10],57,122,124,65,110
1,<environment.Job instance at 0x7fa2a3a78050>,58,12,[ 2 12],59,124,136,65,112
1,<environment.Job instance at 0x7fa2a3a788c0>,59,1,[7 1],60,136,137,76,112
1,<environment.Job instance at 0x7fa2a3a78fa0>,61,2,[9 4],62,139,141,77,129
1,<environment.Job instance at 0x7fa2a3a78640>,62,1,[2 7],63,137,138,74,129
1,<environment.Job instance at 0x7fa259899a50>,63,1,[4 8],64,138,139,74,129
1,<environment.Job instance at 0x7fa259475af0>,64,1,[5 4],65,137,138,72,129
1,<environment.Job instance at 0x7fa259475550>,65,3,[7 4],66,141,144,75,129
1,<environment.Job instance at 0x7fa259475a50>,66,19,[4 6],67,139,158,72,129
1,<environment.Job instance at 0x7fa259475640>,68,1,[3 8],69,144,145,75,129
1,<environment.Job instance at 0x7fa259475aa0>,69,21,[ 5 10],70,158,179,88,150
1,<environment.Job instance at 0x7fa2597db7d0>,70,3,[9 5],71,151,154,80,151
1,<environment.Job instance at 0x7fa2597db960>,72,3,[6 5],73,154,157,81,151
1,<environment.Job instance at 0x7fa29d6f5fa0>,73,21,[5 5],74,157,178,83,151
1,<environment.Job instance at 0x7fa2a40adb90>,76,1,[5 8],77,179,180,102,152
1,<environment.Job instance at 0x7fa29d528230>,80,18,[9 1],81,178,196,97,167
1,<environment.Job instance at 0x7fa29d5ac1e0>,82,3,[5 5],83,180,183,97,167
1,<environment.Job instance at 0x7fa29d5ac550>,83,27,[4 6],84,183,210,99,181
1,<environment.Job instance at 0x7fa2a407db40>,87,2,[3 5],88,196,198,108,184
1,<environment.Job instance at 0x7fa2a407d5a0>,89,12,[6 2],90,196,208,106,189
1,<environment.Job instance at 0x7fa29d6fdaa0>,90,3,[ 1 14],91,210,213,119,189
1,<environment.Job instance at 0x7fa2a43db550>,91,1,[10  3],92,208,209,116,189
1,<environment.Job instance at 0x7fa2a43dbbe0>,92,1,[10  1],93,209,210,116,189
1,<environment.Job instance at 0x7fa259456780>,94,1,[ 2 11],95,213,214,118,199
1,<environment.Job instance at 0x7fa2593b89b0>,2,1,[ 1 10],3,3,4,0,3
1,<environment.Job instance at 0x7fa2a3e31be0>,5,18,[ 5 11],6,6,24,0,6
1,<environment.Job instance at 0x7fa2a41aedc0>,6,2,[2 7],7,24,26,17,7
1,<environment.Job instance at 0x7fa2596445a0>,7,2,[9 3],8,8,10,0,8
1,<environment.Job instance at 0x7fa29d3d4780>,8,3,[5 6],9,24,27,15,9
1,<environment.Job instance at 0x7fa2591d4eb0>,10,2,[6 2],11,11,13,0,11
1,<environment.Job instance at 0x7fa2591d40f0>,11,26,[3 8],12,26,52,14,23
1,<environment.Job instance at 0x7fa2593b8320>,4,3,[5 5],5,27,30,22,23
1,<environment.Job instance at 0x7fa2591d4c80>,14,2,[7 1],15,23,25,8,23
1,<environment.Job instance at 0x7fa2593655f0>,12,1,[4 5],13,30,31,17,24
1,<environment.Job instance at 0x7fa2591d4a00>,18,1,[5 3],19,31,32,12,25
1,<environment.Job instance at 0x7fa2591d4a50>,21,3,[5 9],22,52,55,30,27
1,<environment.Job instance at 0x7fa2591d4e10>,28,24,[10  5],29,53,77,24,53
1,<environment.Job instance at 0x7fa259887b40>,30,3,[4 8],31,55,58,24,53
1,<environment.Job instance at 0x7fa259367640>,31,1,[8 1],32,77,78,45,53
1,<environment.Job instance at 0x7fa2598874b0>,32,2,[9 1],33,78,80,45,53
1,<environment.Job instance at 0x7fa259367320>,33,19,[5 5],34,58,77,24,53
1,<environment.Job instance at 0x7fa259367820>,34,16,[1 7],35,77,93,42,69
1,<environment.Job instance at 0x7fa2591d4190>,19,2,[ 1 14],20,94,96,74,94
1,<environment.Job instance at 0x7fa2593677d0>,43,20,[1 7],44,97,117,53,97
1,<environment.Job instance at 0x7fa259367aa0>,44,14,[9 2],45,99,113,54,99
1,<environment.Job instance at 0x7fa2593675a0>,45,3,[ 4 13],46,117,120,71,99
1,<environment.Job instance at 0x7fa2593672d0>,46,28,[2 6],47,120,148,73,119
1,<environment.Job instance at 0x7fa259367140>,48,3,[8 3],49,120,123,71,119
1,<environment.Job instance at 0x7fa2593670a0>,49,26,[10  1],50,123,149,73,120
1,<environment.Job instance at 0x7fa29d639820>,53,3,[9 2],54,149,152,95,128
1,<environment.Job instance at 0x7fa29d639d20>,54,2,[8 3],55,152,154,97,128
1,<environment.Job instance at 0x7fa2591d4640>,16,2,[ 3 10],17,148,150,131,128
1,<environment.Job instance at 0x7fa259367d70>,42,12,[1 5],43,150,162,107,141
1,<environment.Job instance at 0x7fa29d639190>,56,2,[3 7],57,142,144,85,142
1,<environment.Job instance at 0x7fa29d639eb0>,58,3,[7 4],59,154,157,95,149
1,<environment.Job instance at 0x7fa29d639870>,61,2,[10  4],62,157,159,95,149
1,<environment.Job instance at 0x7fa29d6394b0>,57,16,[13  3],58,159,175,101,149
1,<environment.Job instance at 0x7fa29d6399b0>,65,3,[2 8],66,162,165,96,162
1,<environment.Job instance at 0x7fa29d639be0>,66,2,[ 1 10],67,165,167,98,162
1,<environment.Job instance at 0x7fa2598865a0>,67,2,[2 8],68,167,169,99,162
1,<environment.Job instance at 0x7fa259886c80>,68,26,[5 7],69,175,201,106,172
1,<environment.Job instance at 0x7fa259886230>,69,28,[ 4 10],70,201,229,131,200
1,<environment.Job instance at 0x7fa259886820>,72,2,[ 4 11],73,229,231,156,202
1,<environment.Job instance at 0x7fa29d639b40>,60,14,[5 3],61,206,220,145,206
1,<environment.Job instance at 0x7fa259886d70>,76,17,[9 2],77,220,237,143,212
1,<environment.Job instance at 0x7fa259886910>,80,18,[5 7],81,231,249,150,222
1,<environment.Job instance at 0x7fa2a400e140>,4,3,[9 1],5,5,8,0,5
1,<environment.Job instance at 0x7fa2a3ca10f0>,5,2,[10  1],6,8,10,2,6
1,<environment.Job instance at 0x7fa2a3ca1dc0>,6,1,[ 3 10],7,7,8,0,7
1,<environment.Job instance at 0x7fa259886910>,7,3,[5 1],8,8,11,0,8
1,<environment.Job instance at 0x7fa25972f910>,8,24,[7 5],9,10,34,1,9
1,<environment.Job instance at 0x7fa29d1ed0f0>,11,21,[5 3],12,12,33,0,12
1,<environment.Job instance at 0x7fa2a4063a50>,19,3,[4 9],20,33,36,13,21
1,<environment.Job instance at 0x7fa2a4063370>,20,18,[ 4 10],21,36,54,15,25
1,<environment.Job instance at 0x7fa29d329c30>,25,1,[8 1],26,34,35,8,27
1,<environment.Job instance at 0x7fa2a3c381e0>,30,1,[5 1],31,53,54,22,53
1,<environment.Job instance at 0x7fa2a3c380a0>,31,23,[10  1],32,54,77,22,53
1,<environment.Job instance at 0x7fa2a3c389b0>,33,26,[10  2],34,77,103,43,74
1,<environment.Job instance at 0x7fa2a3c38c30>,34,3,[ 3 12],35,79,82,44,79
1,<environment.Job instance at 0x7fa2a3c43230>,41,24,[4 8],42,84,108,42,84
1,<environment.Job instance at 0x7fa2597890a0>,43,2,[12  5],44,108,110,64,89
1,<environment.Job instance at 0x7fa259789870>,44,1,[7 5],45,103,104,58,89
1,<environment.Job instance at 0x7fa259789320>,45,14,[ 2 11],46,110,124,64,95
1,<environment.Job instance at 0x7fa2a3c774b0>,47,1,[3 8],48,108,109,60,99
1,<environment.Job instance at 0x7fa25977faf0>,48,13,[12  1],49,110,123,61,99
1,<environment.Job instance at 0x7fa25974c960>,49,1,[3 7],50,104,105,54,99
1,<environment.Job instance at 0x7fa259571140>,50,2,[1 7],51,105,107,54,99
1,<environment.Job instance at 0x7fa25994ac80>,52,22,[10  1],53,123,145,70,116
1,<environment.Job instance at 0x7fa2a3c542d0>,28,17,[ 2 10],29,124,141,95,117
1,<environment.Job instance at 0x7fa259784500>,56,1,[9 5],57,145,146,88,123
1,<environment.Job instance at 0x7fa25977d190>,54,23,[ 5 10],55,141,164,86,135
1,<environment.Job instance at 0x7fa29d357050>,59,23,[1 5],60,146,169,86,140
1,<environment.Job instance at 0x7fa259777aa0>,62,1,[8 3],63,164,165,101,140
1,<environment.Job instance at 0x7fa259777af0>,63,25,[10  1],64,165,190,101,161
1,<environment.Job instance at 0x7fa25993d140>,65,28,[1 7],66,164,192,98,163
1,<environment.Job instance at 0x7fa25993d190>,66,15,[ 3 12],67,192,207,125,178
1,<environment.Job instance at 0x7fa29d4f10f0>,72,2,[ 5 10],73,207,209,134,197
1,<environment.Job instance at 0x7fa25990faa0>,69,3,[5 8],70,209,212,139,200
1,<environment.Job instance at 0x7fa29d4f1460>,74,16,[10  1],75,203,219,128,203
1,<environment.Job instance at 0x7fa29d4f1c80>,78,2,[8 4],79,219,221,140,215
1,<environment.Job instance at 0x7fa29d4f16e0>,79,2,[5 2],80,215,217,135,215
1,<environment.Job instance at 0x7fa29d4f1230>,80,2,[3 5],81,217,219,136,215
1,<environment.Job instance at 0x7fa29d4f1d70>,81,1,[3 6],82,219,220,137,215
1,<environment.Job instance at 0x7fa29d4d6230>,82,14,[11  2],83,221,235,138,215
1,<environment.Job instance at 0x7fa29d4d6190>,83,17,[ 1 10],84,220,237,136,215
1,<environment.Job instance at 0x7fa2a3b082d0>,0,3,[ 3 14],1,1,4,0,1
1,<environment.Job instance at 0x7fa29d2afe10>,11,3,[7 5],12,27,30,15,27
1,<environment.Job instance at 0x7fa25947fa50>,12,3,[8 5],13,27,30,14,27
1,<environment.Job instance at 0x7fa25947f960>,13,3,[6 4],14,30,33,16,27
1,<environment.Job instance at 0x7fa25947fc30>,14,2,[7 5],15,30,32,15,28
1,<environment.Job instance at 0x7fa2a3c9f820>,16,3,[1 8],17,32,35,15,28
1,<environment.Job instance at 0x7fa29d233c80>,18,3,[2 7],19,33,36,14,29
1,<environment.Job instance at 0x7fa2a3b11500>,19,15,[12  2],20,35,50,15,29
1,<environment.Job instance at 0x7fa2a47c9e60>,23,12,[10  4],24,50,62,26,38
1,<environment.Job instance at 0x7fa2a4014fa0>,25,1,[5 5],26,50,51,24,45
1,<environment.Job instance at 0x7fa2a3df3870>,27,25,[1 7],28,51,76,23,47
1,<environment.Job instance at 0x7fa2593134b0>,28,19,[5 8],29,62,81,33,52
1,<environment.Job instance at 0x7fa2a3f2a730>,30,1,[5 2],31,76,77,45,52
1,<environment.Job instance at 0x7fa2a3f2a9b0>,31,2,[ 5 11],32,81,83,49,54
1,<environment.Job instance at 0x7fa2a3f2aaf0>,35,3,[ 3 11],36,83,86,47,67
1,<environment.Job instance at 0x7fa2a3f2a780>,36,1,[ 4 10],37,86,87,49,67
1,<environment.Job instance at 0x7fa25933f3c0>,38,3,[5 3],39,77,80,38,77
1,<environment.Job instance at 0x7fa25933f230>,39,2,[5 9],40,87,89,47,77
1,<environment.Job instance at 0x7fa2a3f2a7d0>,40,15,[ 4 10],41,89,104,48,79
1,<environment.Job instance at 0x7fa2596a2870>,42,20,[ 1 10],43,104,124,61,95
1,<environment.Job instance at 0x7fa2596a2140>,43,3,[10  5],44,100,103,56,100
1,<environment.Job instance at 0x7fa2596a2f50>,45,3,[5 6],46,124,127,78,100
1,<environment.Job instance at 0x7fa2596a2280>,46,19,[4 8],47,124,143,77,114
1,<environment.Job instance at 0x7fa2596a2550>,47,2,[14  5],48,114,116,66,114
1,<environment.Job instance at 0x7fa259a984b0>,54,2,[8 5],55,118,120,63,118
1,<environment.Job instance at 0x7fa29d208cd0>,55,1,[ 5 13],56,143,144,87,118
1,<environment.Job instance at 0x7fa2a3e31190>,56,27,[6 1],57,120,147,63,118
1,<environment.Job instance at 0x7fa29d0420f0>,61,3,[5 4],62,136,139,74,136
1,<environment.Job instance at 0x7fa29d17b960>,62,1,[5 3],63,139,140,76,136
1,<environment.Job instance at 0x7fa29d042f50>,64,23,[5 9],65,144,167,79,138
1,<environment.Job instance at 0x7fa2591cd780>,67,23,[6 2],68,150,173,82,150
1,<environment.Job instance at 0x7fa2591cdbe0>,69,1,[7 3],70,167,168,97,151
1,<environment.Job instance at 0x7fa29d05e050>,70,26,[6 1],71,168,194,97,165
1,<environment.Job instance at 0x7fa29d05e4b0>,73,14,[ 4 13],74,173,187,99,167
1,<environment.Job instance at 0x7fa259415190>,77,2,[10  5],78,194,196,116,181
1,<environment.Job instance at 0x7fa2594155f0>,78,2,[7 5],79,187,189,108,181
1,<environment.Job instance at 0x7fa2a4263690>,79,13,[2 5],80,187,200,107,186
1,<environment.Job instance at 0x7fa2a42630f0>,81,14,[13  1],82,199,213,117,199
1,<environment.Job instance at 0x7fa29d3b3c80>,83,19,[8 3],84,213,232,129,203
1,<environment.Job instance at 0x7fa2a4014c80>,24,17,[4 7],25,213,230,188,205
1,<environment.Job instance at 0x7fa29d287140>,86,1,[ 5 10],87,230,231,143,212
1,<environment.Job instance at 0x7fa259328c30>,1,1,[2 7],2,2,3,0,2
1,<environment.Job instance at 0x7fa29d2d6370>,2,1,[2 8],3,4,5,1,4
1,<environment.Job instance at 0x7fa2a3eee5a0>,6,24,[1 8],7,7,31,0,7
1,<environment.Job instance at 0x7fa29d18f870>,18,1,[5 3],19,47,48,28,47
1,<environment.Job instance at 0x7fa2a3c19780>,19,27,[10  2],20,47,74,27,47
1,<environment.Job instance at 0x7fa29d18f230>,17,18,[ 1 10],18,49,67,31,49
1,<environment.Job instance at 0x7fa2a3c19730>,23,17,[6 2],24,74,91,50,66
1,<environment.Job instance at 0x7fa2a3c19fa0>,22,1,[5 5],23,67,68,44,66
1,<environment.Job instance at 0x7fa259489f00>,3,3,[4 8],4,68,71,64,68
1,<environment.Job instance at 0x7fa29d63e820>,27,1,[4 8],28,71,72,43,68
1,<environment.Job instance at 0x7fa29d63e780>,29,18,[8 1],30,82,100,52,82
1,<environment.Job instance at 0x7fa29d63eeb0>,31,2,[5 2],32,91,93,59,82
1,<environment.Job instance at 0x7fa29d63e190>,34,3,[9 3],35,100,103,65,82
1,<environment.Job instance at 0x7fa29d63e960>,41,13,[7 1],42,119,132,77,119
1,<environment.Job instance at 0x7fa29d63e690>,42,2,[3 5],43,119,121,76,119
1,<environment.Job instance at 0x7fa29d646e10>,45,22,[11  3],46,133,155,87,133
1,<environment.Job instance at 0x7fa29d646730>,46,1,[ 5 12],47,155,156,108,133
1,<environment.Job instance at 0x7fa29d646c80>,48,28,[11  3],49,156,184,107,155
1,<environment.Job instance at 0x7fa29d6460a0>,50,1,[7 1],51,184,185,133,157
1,<environment.Job instance at 0x7fa29d646eb0>,54,2,[5 8],55,184,186,129,157
1,<environment.Job instance at 0x7fa29d646960>,55,1,[3 9],56,157,158,101,157
1,<environment.Job instance at 0x7fa29d646410>,56,2,[8 3],57,185,187,128,158
1,<environment.Job instance at 0x7fa29d646230>,57,1,[5 9],58,186,187,128,158
1,<environment.Job instance at 0x7fa2a3b23dc0>,59,2,[7 3],60,187,189,127,161
1,<environment.Job instance at 0x7fa2a3b23e10>,60,2,[6 3],61,187,189,126,161
1,<environment.Job instance at 0x7fa2a3b23230>,61,14,[14  2],62,189,203,127,174
1,<environment.Job instance at 0x7fa2a3b230a0>,63,27,[5 1],64,203,230,139,201
1,<environment.Job instance at 0x7fa29d63e1e0>,28,18,[5 7],29,203,221,174,202
1,<environment.Job instance at 0x7fa2a3b23690>,65,15,[1 7],66,203,218,137,203
1,<environment.Job instance at 0x7fa25934fb40>,68,1,[9 1],69,221,222,152,203
1,<environment.Job instance at 0x7fa2a3b23730>,67,1,[ 1 13],68,221,222,153,208
1,<environment.Job instance at 0x7fa25934faf0>,73,12,[ 2 13],74,222,234,148,208
1,<environment.Job instance at 0x7fa29d5d90f0>,76,1,[3 5],77,219,220,142,219
1,<environment.Job instance at 0x7fa29d5d9460>,77,3,[ 5 10],78,234,237,156,219
1,<environment.Job instance at 0x7fa29d5d9aa0>,79,2,[ 5 10],80,237,239,157,224
1,<environment.Job instance at 0x7fa29d2d6dc0>,2,3,[10  2],3,3,6,0,3
1,<environment.Job instance at 0x7fa2599f71e0>,8,1,[10  5],9,10,11,1,10
1,<environment.Job instance at 0x7fa2599f70a0>,9,21,[4 6],10,10,31,0,10
1,<environment.Job instance at 0x7fa2594890a0>,7,3,[8 2],8,11,14,3,11
1,<environment.Job instance at 0x7fa2599f77d0>,6,14,[11  4],7,14,28,7,14
1,<environment.Job instance at 0x7fa259a097d0>,16,21,[ 3 14],17,31,52,14,23
1,<environment.Job instance at 0x7fa259a090a0>,18,25,[8 3],19,52,77,33,48
1,<environment.Job instance at 0x7fa259a09050>,19,1,[5 1],20,48,49,28,48
1,<environment.Job instance at 0x7fa2599f7820>,10,3,[ 1 12],11,52,55,41,52
1,<environment.Job instance at 0x7fa2599d5460>,25,2,[ 4 14],26,77,79,51,53
1,<environment.Job instance at 0x7fa2599d52d0>,26,19,[3 6],27,55,74,28,53
1,<environment.Job instance at 0x7fa2599d5410>,24,24,[ 4 13],25,79,103,54,74
1,<environment.Job instance at 0x7fa2599d5730>,28,13,[ 4 12],29,103,116,74,87
1,<environment.Job instance at 0x7fa2599d5aa0>,27,12,[7 2],28,87,99,59,87
1,<environment.Job instance at 0x7fa2599d5a00>,29,24,[5 6],30,116,140,86,111
1,<environment.Job instance at 0x7fa259a09730>,11,18,[1 5],12,116,134,104,115
1,<environment.Job instance at 0x7fa2599d58c0>,35,15,[11  3],36,140,155,104,127
1,<environment.Job instance at 0x7fa259abd8c0>,43,22,[5 3],44,155,177,111,148
1,<environment.Job instance at 0x7fa259abdd20>,44,3,[5 5],45,155,158,110,148
1,<environment.Job instance at 0x7fa259abdf50>,46,3,[1 7],47,148,151,101,148
1,<environment.Job instance at 0x7fa259abd280>,48,1,[6 1],49,158,159,109,148
1,<environment.Job instance at 0x7fa259abd190>,50,20,[6 3],51,159,179,108,150
1,<environment.Job instance at 0x7fa2599e46e0>,51,27,[8 3],52,177,204,125,175
1,<environment.Job instance at 0x7fa2599e4c80>,53,1,[ 3 11],54,182,183,128,182
1,<environment.Job instance at 0x7fa2599e45f0>,56,2,[6 1],57,183,185,126,182
1,<environment.Job instance at 0x7fa2599e4aa0>,59,1,[4 7],60,185,186,125,183
1,<environment.Job instance at 0x7fa2599e45a0>,60,3,[10  1],61,204,207,143,183
1,<environment.Job instance at 0x7fa259acb5a0>,63,3,[9 1],64,207,210,143,184
1,<environment.Job instance at 0x7fa259acbcd0>,64,3,[6 1],65,186,189,121,185
1,<environment.Job instance at 0x7fa259acbbe0>,65,2,[7 4],66,189,191,123,185
1,<environment.Job instance at 0x7fa2599d59b0>,36,15,[3 7],37,191,206,154,190
1,<environment.Job instance at 0x7fa259acb640>,67,2,[9 5],68,210,212,142,192
1,<environment.Job instance at 0x7fa259acb820>,69,3,[9 2],70,212,215,142,192
1,<environment.Job instance at 0x7fa259acb0f0>,70,28,[5 9],71,206,234,135,205
1,<environment.Job instance at 0x7fa2599e4690>,58,2,[5 5],59,215,217,156,205
1,<environment.Job instance at 0x7f2bda1b3410>,1,3,[ 2 10],2,2,5,0,2
1,<environment.Job instance at 0x7f2bd3058a50>,3,22,[2 5],4,4,26,0,4
1,<environment.Job instance at 0x7f2bd3058960>,5,2,[1 6],6,6,8,0,6
1,<environment.Job instance at 0x7f2bd3058dc0>,9,12,[8 2],10,20,32,10,20
1,<environment.Job instance at 0x7f2bd305d280>,12,23,[6 4],13,26,49,13,24
1,<environment.Job instance at 0x7f2bd305d460>,15,3,[2 8],16,32,35,16,24
1,<environment.Job instance at 0x7f2bd305d690>,17,12,[5 1],18,32,44,14,29
1,<environment.Job instance at 0x7f2bda1b3320>,8,17,[1 8],9,35,52,26,31
1,<environment.Job instance at 0x7f2bd3058f50>,10,22,[8 1],11,44,66,33,43
1,<environment.Job instance at 0x7f2bd305d6e0>,18,26,[7 4],19,52,78,33,50
1,<environment.Job instance at 0x7f2bd305df50>,30,26,[9 4],31,78,104,47,75
1,<environment.Job instance at 0x7f2bd3061320>,31,1,[ 2 14],32,104,105,72,91
1,<environment.Job instance at 0x7f2bd3061460>,33,26,[3 6],34,105,131,71,102
1,<environment.Job instance at 0x7f2bd305d3c0>,14,21,[8 1],15,104,125,89,102
1,<environment.Job instance at 0x7f2bd30614b0>,36,2,[7 5],37,125,127,88,104
1,<environment.Job instance at 0x7f2bd3061780>,38,2,[6 1],39,127,129,88,104
1,<environment.Job instance at 0x7f2bd3061870>,40,26,[ 1 10],41,131,157,90,128
1,<environment.Job instance at 0x7f2bd30619b0>,41,1,[7 1],42,129,130,87,128
1,<environment.Job instance at 0x7f2bd3061cd0>,44,3,[5 1],45,128,131,83,128
1,<environment.Job instance at 0x7f2bd3061f00>,46,2,[3 5],47,130,132,83,128
1,<environment.Job instance at 0x7f2bd305db90>,28,17,[ 1 13],29,161,178,132,161
1,<environment.Job instance at 0x7f2bd3061230>,32,21,[5 9],33,178,199,145,174
1,<environment.Job instance at 0x7f2bda0ff190>,3,3,[2 9],4,5,8,1,5
1,<environment.Job instance at 0x7f2bda0feaf0>,6,3,[8 4],7,7,10,0,7
1,<environment.Job instance at 0x7f2bda0fe820>,7,16,[ 2 11],8,8,24,0,8
1,<environment.Job instance at 0x7f2bda0fe690>,9,19,[1 7],10,24,43,14,14
1,<environment.Job instance at 0x7f2bd3061230>,10,2,[2 6],11,24,26,13,19
1,<environment.Job instance at 0x7f2bda0ff050>,4,18,[7 1],5,21,39,16,21
1,<environment.Job instance at 0x7f2bda0fecd0>,11,1,[7 5],12,26,27,14,21
1,<environment.Job instance at 0x7f2bda335910>,26,13,[10  1],27,39,52,12,30
1,<environment.Job instance at 0x7f2bd2f6d230>,21,2,[5 1],22,37,39,15,37
1,<environment.Job instance at 0x7f2bda0fe0f0>,25,3,[10  4],26,52,55,26,40
1,<environment.Job instance at 0x7f2bda335780>,33,18,[ 3 10],34,45,63,11,45
1,<environment.Job instance at 0x7f2bda335640>,34,1,[5 5],35,55,56,20,45
1,<environment.Job instance at 0x7f2bda335230>,36,3,[6 3],37,56,59,19,46
1,<environment.Job instance at 0x7f2bda32c690>,37,18,[7 1],38,59,77,21,48
1,<environment.Job instance at 0x7f2bda3355f0>,38,16,[4 9],39,63,79,24,50
1,<environment.Job instance at 0x7f2bda32c780>,39,17,[ 5 14],40,79,96,39,67
1,<environment.Job instance at 0x7f2bd34ff370>,47,2,[6 2],48,77,79,29,76
1,<environment.Job instance at 0x7f2bd34ff640>,48,1,[2 9],49,96,97,47,76
1,<environment.Job instance at 0x7f2bda3352d0>,29,19,[10  3],30,96,115,66,93
1,<environment.Job instance at 0x7f2bda3357d0>,32,21,[4 8],33,97,118,64,93
1,<environment.Job instance at 0x7f2bda32c5f0>,43,25,[ 1 10],44,118,143,74,116
1,<environment.Job instance at 0x7f2b97391280>,4,1,[ 1 10],5,5,6,0,5
1,<environment.Job instance at 0x7f2b97420b40>,7,18,[5 5],8,9,27,1,9
1,<environment.Job instance at 0x7f2b97420c30>,10,23,[5 1],11,12,35,1,12
1,<environment.Job instance at 0x7f2b974209b0>,9,27,[3 9],10,13,40,3,13
1,<environment.Job instance at 0x7f2b97420410>,15,2,[1 6],16,35,37,19,21
1,<environment.Job instance at 0x7f2b97391820>,6,1,[4 8],7,40,41,33,38
1,<environment.Job instance at 0x7f2b97413d70>,20,19,[ 5 12],21,41,60,20,38
1,<environment.Job instance at 0x7f2b97413d20>,21,3,[1 6],22,60,63,38,44
1,<environment.Job instance at 0x7f2b97413280>,24,1,[6 1],25,45,46,20,45
1,<environment.Job instance at 0x7f2b97413960>,25,2,[7 4],26,60,62,34,45
1,<environment.Job instance at 0x7f2b974137d0>,26,2,[1 6],27,62,64,35,45
1,<environment.Job instance at 0x7f2b97413410>,28,1,[7 1],29,49,50,20,49
1,<environment.Job instance at 0x7f2b97420050>,13,17,[5 1],14,54,71,40,54
1,<environment.Job instance at 0x7f2b97413be0>,23,3,[10  1],24,67,70,43,67
1,<environment.Job instance at 0x7f2b97413500>,31,13,[3 8],32,70,83,38,70
1,<environment.Job instance at 0x7f2b97420460>,19,28,[7 5],20,81,109,61,81
1,<environment.Job instance at 0x7f2b97413320>,33,2,[ 5 10],34,84,86,50,84
1,<environment.Job instance at 0x7f2b97409be0>,39,1,[5 5],40,86,87,46,85
1,<environment.Job instance at 0x7f2b97409050>,37,28,[ 2 10],38,87,115,49,86
1,<environment.Job instance at 0x7f2b97409780>,43,1,[2 7],44,115,116,71,95
1,<environment.Job instance at 0x7f2b97409c30>,44,20,[13  4],45,109,129,64,100
1,<environment.Job instance at 0x7f2b97409f00>,45,3,[9 2],46,129,132,83,103
1,<environment.Job instance at 0x7f2b97409c80>,47,2,[3 8],48,129,131,81,103
1,<environment.Job instance at 0x7f2b974099b0>,48,3,[4 8],49,131,134,82,105
1,<environment.Job instance at 0x7f2b97409f50>,38,3,[4 6],39,132,135,93,124
1,<environment.Job instance at 0x7f2b97420f00>,17,3,[ 3 13],18,139,142,121,139
1,<environment.Job instance at 0x7f2b974097d0>,42,15,[ 2 13],43,202,217,159,202
1,<environment.Job instance at 0x7f2b97409d70>,1,22,[5 6],2,2,24,0,2
1,<environment.Job instance at 0x7f2b97413b90>,2,1,[9 2],3,3,4,0,3
1,<environment.Job instance at 0x7f2b97409b90>,3,1,[12  5],4,24,25,20,4
1,<environment.Job instance at 0x7f2b97426e10>,4,1,[8 3],5,5,6,0,5
1,<environment.Job instance at 0x7f2b97426f00>,7,21,[10  4],8,25,46,17,17
1,<environment.Job instance at 0x7f2b9744c0f0>,8,2,[9 1],9,22,24,13,22
1,<environment.Job instance at 0x7f2b9744b780>,17,3,[5 6],18,25,28,7,22
1,<environment.Job instance at 0x7f2b9744baf0>,18,2,[8 1],19,46,48,27,22
1,<environment.Job instance at 0x7f2b977d2190>,19,14,[ 5 10],20,28,42,8,22
1,<environment.Job instance at 0x7f2b974264b0>,9,2,[ 4 10],10,42,44,32,23
1,<environment.Job instance at 0x7f2b97426dc0>,12,20,[10  5],13,48,68,35,39
1,<environment.Job instance at 0x7f2b9799a9b0>,23,24,[3 7],24,44,68,20,40
1,<environment.Job instance at 0x7f2b9799a640>,24,19,[3 8],25,68,87,43,58
1,<environment.Job instance at 0x7f2b9742dbe0>,32,1,[8 3],33,68,69,35,68
1,<environment.Job instance at 0x7f2b9742d500>,33,3,[2 5],34,69,72,35,68
1,<environment.Job instance at 0x7f2b9742da00>,34,19,[6 2],35,70,89,35,70
1,<environment.Job instance at 0x7f2b9742d140>,35,1,[9 3],36,87,88,51,70
1,<environment.Job instance at 0x7f2b9742db90>,38,27,[ 3 12],39,88,115,49,86
1,<environment.Job instance at 0x7f2b9742db40>,39,1,[5 3],40,89,90,49,87
1,<environment.Job instance at 0x7f2b9742dc80>,41,3,[9 5],42,115,118,73,89
1,<environment.Job instance at 0x7f2b9742d2d0>,42,15,[ 2 14],43,118,133,75,104
1,<environment.Job instance at 0x7f2b978053c0>,44,26,[3 9],45,133,159,88,130
1,<environment.Job instance at 0x7f2b97805e60>,48,21,[2 7],49,159,180,110,151
1,<environment.Job instance at 0x7f2b9744be10>,16,13,[ 5 14],17,193,206,176,193
1,<environment.Job instance at 0x7f2b97426a00>,10,24,[1 5],11,207,231,196,207
1,<environment.Job instance at 0x7f2b9744ca00>,0,23,[4 7],1,1,24,0,1
1,<environment.Job instance at 0x7f2b97426a00>,5,19,[ 1 10],6,24,43,18,14
1,<environment.Job instance at 0x7f2b97705eb0>,10,1,[14  4],11,24,25,13,14
1,<environment.Job instance at 0x7f2b97705fa0>,13,1,[4 8],14,14,15,0,14
1,<environment.Job instance at 0x7f2b974d7500>,15,21,[1 6],16,43,64,27,35
1,<environment.Job instance at 0x7f2b977d2730>,17,18,[ 1 14],18,64,82,46,53
1,<environment.Job instance at 0x7f2b977d21e0>,18,23,[1 9],19,82,105,63,76
1,<environment.Job instance at 0x7f2b97a05c30>,24,15,[8 5],25,86,101,61,86
1,<environment.Job instance at 0x7f2b97705820>,9,15,[5 5],10,101,116,91,88
1,<environment.Job instance at 0x7f2b97705190>,7,2,[10  3],8,105,107,97,88
1,<environment.Job instance at 0x7f2b97a05d70>,26,2,[10  2],27,107,109,80,88
1,<environment.Job instance at 0x7f2b97705910>,8,20,[ 2 10],9,109,129,100,103
1,<environment.Job instance at 0x7f2b97a058c0>,29,13,[4 5],30,116,129,86,103
1,<environment.Job instance at 0x7f2b979f95f0>,35,18,[5 4],36,129,147,93,119
1,<environment.Job instance at 0x7f2b97a05f50>,28,19,[4 7],29,129,148,100,119
1,<environment.Job instance at 0x7f2b979f96e0>,37,2,[ 1 12],38,148,150,110,124
1,<environment.Job instance at 0x7f2b979f9960>,41,13,[8 1],42,147,160,105,131
1,<environment.Job instance at 0x7f2b979f9a00>,42,12,[ 5 10],43,150,162,107,141
1,<environment.Job instance at 0x7f2b979f9b40>,44,13,[4 5],45,160,173,115,147
1,<environment.Job instance at 0x7f2b979f9aa0>,43,13,[9 2],44,162,175,118,149
1,<environment.Job instance at 0x7f2b979f9c80>,46,1,[4 7],47,173,174,126,156
1,<environment.Job instance at 0x7f2b979f9d20>,47,14,[10  3],48,175,189,127,160
1,<environment.Job instance at 0x7f2b979f9dc0>,48,3,[5 1],49,174,177,125,162
1,<environment.Job instance at 0x7f2b97a05eb0>,30,16,[14  3],31,189,205,158,179
1,<environment.Job instance at 0x7f2b979f9230>,33,22,[9 1],34,228,250,194,228
1,<environment.Job instance at 0x7f2b979fd050>,2,23,[1 8],3,3,26,0,3
1,<environment.Job instance at 0x7f2b979fd1e0>,3,1,[9 5],4,4,5,0,4
1,<environment.Job instance at 0x7f2b979fd5f0>,4,2,[7 1],5,5,7,0,5
1,<environment.Job instance at 0x7f2b979fd870>,5,1,[5 1],6,6,7,0,6
1,<environment.Job instance at 0x7f2bd5743aa0>,13,26,[5 3],14,15,41,1,15
1,<environment.Job instance at 0x7f2bda0e53c0>,15,18,[ 1 10],16,26,44,10,16
1,<environment.Job instance at 0x7f2bd57430f0>,8,2,[5 3],9,17,19,8,17
1,<environment.Job instance at 0x7f2bd5743d20>,17,1,[4 6],18,44,45,26,18
1,<environment.Job instance at 0x7f2bd5629d20>,22,18,[3 8],23,44,62,21,33
1,<environment.Job instance at 0x7f2b974d74b0>,28,20,[5 2],29,45,65,16,38
1,<environment.Job instance at 0x7f2b974d7320>,29,26,[2 8],30,62,88,32,59
1,<environment.Job instance at 0x7f2b974d7d70>,31,20,[ 4 10],32,88,108,56,79
1,<environment.Job instance at 0x7f2b974d7910>,35,2,[5 7],36,81,83,45,81
1,<environment.Job instance at 0x7f2b974d7960>,36,2,[8 1],37,83,85,46,81
1,<environment.Job instance at 0x7f2b974d7c80>,37,27,[9 5],38,85,112,47,83
1,<environment.Job instance at 0x7f2bd5d2b230>,42,2,[2 9],43,108,110,65,94
1,<environment.Job instance at 0x7f2bda0e5410>,16,15,[6 5],17,110,125,93,97
1,<environment.Job instance at 0x7f2bd5d2b730>,39,14,[12  2],40,125,139,85,110
1,<environment.Job instance at 0x7f2bd5d2b690>,43,15,[7 2],44,140,155,96,140
1,<environment.Job instance at 0x7f2bd5d2b2d0>,46,13,[8 2],47,148,161,101,148
1,<environment.Job instance at 0x7f2bd57d4550>,1,17,[ 5 14],2,4,21,2,4
1,<environment.Job instance at 0x7f2bd34893c0>,4,17,[13  5],5,21,38,16,9
1,<environment.Job instance at 0x7f2bd356b1e0>,11,3,[9 4],12,38,41,26,20
1,<environment.Job instance at 0x7f2b974a5910>,10,3,[5 2],11,38,41,27,26
1,<environment.Job instance at 0x7f2b9785a370>,17,2,[1 8],18,27,29,9,27
1,<environment.Job instance at 0x7f2b9791a370>,19,18,[5 6],20,41,59,21,31
1,<environment.Job instance at 0x7f2b9785aaf0>,16,1,[9 2],17,41,42,24,35
1,<environment.Job instance at 0x7f2b9791af00>,18,14,[9 4],19,42,56,23,36
1,<environment.Job instance at 0x7f2b9791a500>,25,27,[4 5],26,56,83,30,54
1,<environment.Job instance at 0x7f2bd2fdbc30>,26,2,[1 8],27,59,61,32,54
1,<environment.Job instance at 0x7f2bd2fdb9b0>,27,12,[13  4],28,83,95,55,66
1,<environment.Job instance at 0x7f2b9791ae60>,21,2,[9 2],22,66,68,44,66
1,<environment.Job instance at 0x7f2bd3054b40>,30,3,[10  4],31,68,71,37,67
1,<environment.Job instance at 0x7f2bd30543c0>,31,2,[2 9],32,71,73,39,67
1,<environment.Job instance at 0x7f2bd30547d0>,29,2,[7 4],30,73,75,43,72
1,<environment.Job instance at 0x7f2bd5683050>,33,12,[2 7],34,79,91,45,79
1,<environment.Job instance at 0x7f2bd2fdb0f0>,28,12,[ 5 12],29,95,107,66,83
1,<environment.Job instance at 0x7f2b975002d0>,38,3,[10  2],39,95,98,56,92
1,<environment.Job instance at 0x7f2b97716af0>,43,17,[7 1],44,98,115,54,97
1,<environment.Job instance at 0x7f2b976979b0>,44,21,[4 9],45,107,128,62,100
1,<environment.Job instance at 0x7f2b97716f00>,48,12,[14  3],49,153,165,104,153
1,<environment.Job instance at 0x7f2b97716370>,47,13,[12  1],48,165,178,117,164
1,<environment.Job instance at 0x7f2bda20cdc0>,5,13,[ 5 14],6,178,191,172,174
1,<environment.Job instance at 0x7f2bd5d2b2d0>,2,25,[ 3 11],3,191,216,188,191
1,<environment.Job instance at 0x7f2bda1389b0>,3,3,[7 5],4,5,8,1,5
1,<environment.Job instance at 0x7f2b976bac30>,6,25,[2 8],7,7,32,0,7
1,<environment.Job instance at 0x7f2bd2f863c0>,10,26,[8 3],11,11,37,0,11
1,<environment.Job instance at 0x7f2bd5d2b2d0>,2,1,[ 4 10],3,32,33,29,16
1,<environment.Job instance at 0x7f2b974dd140>,23,2,[10  2],24,37,39,13,26
1,<environment.Job instance at 0x7f2b971d6190>,24,2,[11  3],25,39,41,14,26
1,<environment.Job instance at 0x7f2b9728f0a0>,28,1,[9 5],29,41,42,12,38
1,<environment.Job instance at 0x7f2b974e36e0>,29,18,[5 2],30,41,59,11,38
1,<environment.Job instance at 0x7f2b9728bc80>,33,3,[2 8],34,57,60,23,57
1,<environment.Job instance at 0x7f2b971d6640>,21,18,[5 8],22,65,83,43,65
1,<environment.Job instance at 0x7f2bd2f865a0>,16,18,[8 3],17,66,84,49,66
1,<environment.Job instance at 0x7f2bd577f550>,42,1,[10  4],43,84,85,41,83
1,<environment.Job instance at 0x7f2bd31b12d0>,35,17,[12  4],36,95,112,59,95
1,<environment.Job instance at 0x7f2bd577f190>,47,2,[ 3 11],48,101,103,53,101
1,<environment.Job instance at 0x7f2bd577fe60>,48,15,[10  4],49,112,127,63,105
1,<environment.Job instance at 0x7f2bd577fa50>,46,16,[2 9],47,119,135,72,119
1,<environment.Job instance at 0x7f2bd577fb40>,2,27,[8 3],3,4,31,1,4
1,<environment.Job instance at 0x7f2bd3012500>,5,1,[1 6],6,6,7,0,6
1,<environment.Job instance at 0x7f2bd3012410>,6,27,[2 6],7,7,34,0,7
1,<environment.Job instance at 0x7f2bd3012960>,12,2,[2 7],13,31,33,18,13
1,<environment.Job instance at 0x7f2bd3012a50>,13,1,[8 3],14,33,34,19,14
1,<environment.Job instance at 0x7f2bd3012af0>,16,2,[7 5],17,34,36,17,17
1,<environment.Job instance at 0x7f2bd3012820>,17,1,[2 8],18,34,35,16,18
1,<environment.Job instance at 0x7f2bd3012780>,18,3,[2 9],19,35,38,16,19
1,<environment.Job instance at 0x7f2bd30125a0>,19,3,[2 7],20,38,41,18,20
1,<environment.Job instance at 0x7f2bd30125f0>,21,3,[3 8],22,38,41,16,22
1,<environment.Job instance at 0x7f2bd3074190>,22,16,[6 4],23,41,57,18,31
1,<environment.Job instance at 0x7f2bd3074280>,23,1,[7 1],24,31,32,7,31
1,<environment.Job instance at 0x7f2bd3074820>,24,14,[3 6],25,41,55,16,32
1,<environment.Job instance at 0x7f2bd3074320>,26,21,[ 4 10],27,55,76,28,47
1,<environment.Job instance at 0x7f2bd3012140>,8,16,[9 2],9,57,73,48,50
1,<environment.Job instance at 0x7f2bd3074f00>,28,3,[11  1],29,73,76,44,56
1,<environment.Job instance at 0x7f2bd3074dc0>,27,23,[2 8],28,76,99,48,70
1,<environment.Job instance at 0x7f2bd3074a50>,33,1,[5 8],34,99,100,65,71
1,<environment.Job instance at 0x7f2bd3074c80>,34,13,[ 4 11],35,100,113,65,84
1,<environment.Job instance at 0x7f2bd30742d0>,37,1,[7 2],38,86,87,48,86
1,<environment.Job instance at 0x7f2bd3074870>,40,25,[6 4],41,101,126,60,101
1,<environment.Job instance at 0x7f2bd30740a0>,41,1,[3 6],42,113,114,71,101
1,<environment.Job instance at 0x7f2b97712820>,42,3,[14  5],43,126,129,83,101
1,<environment.Job instance at 0x7f2b97712960>,44,24,[5 5],45,129,153,84,124
1,<environment.Job instance at 0x7f2b977125f0>,47,1,[4 6],48,125,126,77,125
1,<environment.Job instance at 0x7f2b97712d20>,48,28,[ 5 10],49,129,157,80,128
1,<environment.Job instance at 0x7f2bd3074fa0>,29,19,[13  3],30,157,176,127,151
1,<environment.Job instance at 0x7f2bd3074690>,39,17,[12  4],40,176,193,136,176
1,<environment.Job instance at 0x7f2bd3012870>,10,14,[ 4 14],11,193,207,182,178
1,<environment.Job instance at 0x7f2bd57d4870>,2,1,[4 8],3,3,4,0,3
1,<environment.Job instance at 0x7f2bd5708780>,3,3,[10  3],4,4,7,0,4
1,<environment.Job instance at 0x7f2bd5708320>,9,2,[ 5 14],10,10,12,0,10
1,<environment.Job instance at 0x7f2bd5afbcd0>,16,12,[10  2],17,24,36,7,24
1,<environment.Job instance at 0x7f2bd5afb730>,19,1,[9 2],20,36,37,16,32
1,<environment.Job instance at 0x7f2bd5afb140>,21,16,[ 1 14],22,37,53,15,32
1,<environment.Job instance at 0x7f2bd2e37640>,24,22,[7 3],25,53,75,28,46
1,<environment.Job instance at 0x7f2bd2e37280>,25,20,[7 5],26,53,73,27,46
1,<environment.Job instance at 0x7f2b97129870>,33,2,[9 1],34,75,77,41,59
1,<environment.Job instance at 0x7f2bd3031e10>,32,3,[8 3],33,77,80,44,59
1,<environment.Job instance at 0x7f2bd3012870>,6,12,[ 5 12],7,73,85,66,59
1,<environment.Job instance at 0x7f2bd2fa8460>,35,12,[4 5],36,85,97,49,68
1,<environment.Job instance at 0x7f2b9713e870>,31,15,[7 1],32,80,95,48,72
1,<environment.Job instance at 0x7f2bd5afc190>,36,2,[ 3 10],37,95,97,58,74
1,<environment.Job instance at 0x7f2bd2ea1d20>,41,2,[14  5],42,97,99,55,79
1,<environment.Job instance at 0x7f2bd2ea1910>,39,3,[5 8],40,99,102,59,88
1,<environment.Job instance at 0x7f2bd2e9ceb0>,44,2,[9 4],45,99,101,54,89
1,<environment.Job instance at 0x7f2bd2ea14b0>,42,17,[4 5],43,101,118,58,94
1,<environment.Job instance at 0x7f2bd2e9cc30>,46,16,[1 9],47,102,118,55,94
1,<environment.Job instance at 0x7f2bd9db5230>,34,17,[14  5],35,118,135,83,106
1,<environment.Job instance at 0x7f2bd2ea16e0>,43,14,[9 3],44,135,149,91,131
1,<environment.Job instance at 0x7f2bd34cb320>,5,2,[9 1],6,6,8,0,6
1,<environment.Job instance at 0x7f2bd2e32af0>,6,22,[1 8],7,7,29,0,7
1,<environment.Job instance at 0x7f2bd2e324b0>,7,28,[5 9],8,29,57,21,28
1,<environment.Job instance at 0x7f2bd3588f50>,15,3,[4 6],16,30,33,14,30
1,<environment.Job instance at 0x7f2b971301e0>,17,28,[9 1],18,33,61,15,32
1,<environment.Job instance at 0x7f2bd3574320>,22,26,[5 8],23,57,83,34,54
1,<environment.Job instance at 0x7f2bd2ea16e0>,3,16,[6 5],4,61,77,57,54
1,<environment.Job instance at 0x7f2b9717c780>,26,2,[ 5 13],27,83,85,56,64
1,<environment.Job instance at 0x7f2b9717c8c0>,27,1,[6 2],28,77,78,49,64
1,<environment.Job instance at 0x7f2bd2ecb2d0>,31,1,[13  4],32,85,86,53,65
1,<environment.Job instance at 0x7f2bd30126e0>,32,17,[8 1],33,86,103,53,77
1,<environment.Job instance at 0x7f2bd343a0a0>,37,28,[ 5 10],38,86,114,48,85
1,<environment.Job instance at 0x7f2b97468190>,38,2,[12  3],39,114,116,75,88
1,<environment.Job instance at 0x7f2bd2e370a0>,40,22,[7 1],41,116,138,75,109
1,<environment.Job instance at 0x7f2bd2e37b40>,42,21,[5 7],43,116,137,73,113
1,<environment.Job instance at 0x7f2b973614b0>,10,18,[ 2 10],11,143,161,132,143
1,<environment.Job instance at 0x7f2bd5ba3dc0>,33,22,[3 5],34,151,173,117,151
1,<environment.Job instance at 0x7f2b977c88c0>,34,12,[3 9],35,161,173,126,157
1,<environment.Job instance at 0x7f2bd3073f50>,7,1,[5 1],8,8,9,0,8
1,<environment.Job instance at 0x7f2bd3073280>,10,26,[3 7],11,11,37,0,11
1,<environment.Job instance at 0x7f2bd3191460>,15,18,[4 9],16,37,55,21,30
1,<environment.Job instance at 0x7f2bd56d3550>,19,1,[12  2],20,30,31,10,30
1,<environment.Job instance at 0x7f2b97214320>,20,13,[10  1],21,31,44,10,30
1,<environment.Job instance at 0x7f2b97214500>,22,24,[1 9],23,55,79,32,50
1,<environment.Job instance at 0x7f2b9769f780>,16,1,[10  1],17,50,51,33,50
1,<environment.Job instance at 0x7f2b9769f5f0>,11,18,[11  5],12,51,69,39,51
1,<environment.Job instance at 0x7f2b97214a00>,28,2,[1 6],29,69,71,40,53
1,<environment.Job instance at 0x7f2b97214c80>,32,26,[ 3 10],33,79,105,46,76
1,<environment.Job instance at 0x7f2b97214cd0>,33,2,[ 3 13],34,105,107,71,78
1,<environment.Job instance at 0x7f2b97214d20>,34,1,[3 5],35,78,79,43,78
1,<environment.Job instance at 0x7f2b97214f50>,35,21,[ 2 10],36,107,128,71,99
1,<environment.Job instance at 0x7f2b972148c0>,26,12,[10  1],27,100,112,73,100
1,<environment.Job instance at 0x7f2b971e7190>,40,16,[10  1],41,113,129,72,113
1,<environment.Job instance at 0x7f2bd3387a50>,5,15,[5 9],6,133,148,127,133
1,<environment.Job instance at 0x7f2b97214fa0>,37,1,[ 3 14],38,148,149,110,133
1,<environment.Job instance at 0x7f2b971e7370>,43,15,[ 4 13],44,149,164,105,136
1,<environment.Job instance at 0x7f2b971e74b0>,45,2,[4 7],46,164,166,118,139
1,<environment.Job instance at 0x7f2b971e7550>,46,12,[6 4],47,164,176,117,150
1,<environment.Job instance at 0x7f2b971e75f0>,47,1,[7 3],48,166,167,118,150
1,<environment.Job instance at 0x7f2b971e7690>,48,3,[9 3],49,167,170,118,152
1,<environment.Job instance at 0x7f2b971e7050>,38,12,[ 2 11],39,170,182,131,157
1,<environment.Job instance at 0x7f2b971e72d0>,42,16,[12  1],43,176,192,133,170
1,<environment.Job instance at 0x7f2b97214be0>,31,27,[7 1],32,195,222,163,195
1,<environment.Job instance at 0x7f2b971af8c0>,3,24,[2 6],4,4,28,0,4
1,<environment.Job instance at 0x7f2b974aae10>,4,13,[ 5 12],5,28,41,23,12
1,<environment.Job instance at 0x7f2b974aaeb0>,7,14,[9 2],8,12,26,4,12
1,<environment.Job instance at 0x7f2b971e0190>,1,13,[10  2],2,26,39,24,14
1,<environment.Job instance at 0x7f2b971af9b0>,5,2,[ 2 11],6,41,43,35,14
1,<environment.Job instance at 0x7f2bd56f99b0>,19,1,[2 8],20,43,44,23,22
1,<environment.Job instance at 0x7f2bd56f9be0>,15,19,[6 3],16,39,58,23,29
1,<environment.Job instance at 0x7f2bd56f9190>,22,27,[5 7],23,44,71,21,42
1,<environment.Job instance at 0x7f2bd56f9140>,14,18,[6 2],15,66,84,51,66
1,<environment.Job instance at 0x7f2bd9f3d690>,28,15,[11  4],29,84,99,55,78
1,<environment.Job instance at 0x7f2bd9f3da00>,37,3,[10  1],38,99,102,61,85
1,<environment.Job instance at 0x7f2bd9f3d3c0>,43,1,[1 5],44,103,104,59,103
1,<environment.Job instance at 0x7f2bd9f3d190>,44,1,[2 8],45,103,104,58,103
1,<environment.Job instance at 0x7f2b976d0050>,45,16,[6 2],46,110,126,64,110
1,<environment.Job instance at 0x7f2b976d08c0>,47,14,[11  4],48,126,140,78,123
1,<environment.Job instance at 0x7f2bd56f9e10>,24,24,[13  2],25,207,231,182,207
1,<environment.Job instance at 0x7f2bd9f3d5f0>,31,14,[ 4 13],32,245,259,213,245
1,<environment.Job instance at 0x7f2bd56f9780>,0,18,[ 4 11],1,1,19,0,1
1,<environment.Job instance at 0x7f2bd341ddc0>,3,24,[8 5],4,19,43,15,14
1,<environment.Job instance at 0x7f2bd563d410>,16,3,[14  2],17,43,46,26,23
1,<environment.Job instance at 0x7f2bd34cb0f0>,18,20,[3 9],19,46,66,27,37
1,<environment.Job instance at 0x7f2bd341d6e0>,5,13,[5 7],6,66,79,60,52
1,<environment.Job instance at 0x7f2bd34cb320>,26,14,[6 5],27,60,74,33,60
1,<environment.Job instance at 0x7f2bd34cbe60>,23,14,[ 5 13],24,79,93,55,71
1,<environment.Job instance at 0x7f2bd34cba00>,28,23,[3 9],29,93,116,64,87
1,<environment.Job instance at 0x7f2bd563d910>,8,13,[12  1],9,96,109,87,96
1,<environment.Job instance at 0x7f2bd9f3d5f0>,4,14,[ 1 10],5,116,130,111,114
1,<environment.Job instance at 0x7f2b97400c80>,41,3,[8 3],42,116,119,74,116
1,<environment.Job instance at 0x7f2b97400190>,40,2,[ 1 11],41,130,132,89,116
1,<environment.Job instance at 0x7f2b97400f50>,43,3,[3 8],44,132,135,88,122
1,<environment.Job instance at 0x7f2b974007d0>,42,1,[ 3 10],43,135,136,92,125
1,<environment.Job instance at 0x7f2b97400fa0>,46,3,[ 4 10],47,136,139,89,125
1,<environment.Job instance at 0x7f2b97400140>,47,12,[ 3 14],48,139,151,91,125
1,<environment.Job instance at 0x7f2b97400370>,37,17,[8 4],38,155,172,117,155
1,<environment.Job instance at 0x7f2b97400c30>,45,13,[6 4],46,179,192,133,179
1,<environment.Job instance at 0x7f2bd34cbc80>,27,21,[4 8],28,185,206,157,185
1,<environment.Job instance at 0x7f2bd2e0dd70>,2,1,[5 9],3,3,4,0,3
1,<environment.Job instance at 0x7f2bd34cbf00>,4,1,[2 5],5,5,6,0,5
1,<environment.Job instance at 0x7f2bd34c4640>,5,1,[7 2],6,6,7,0,6
1,<environment.Job instance at 0x7f2bd34c4fa0>,6,1,[10  4],7,7,8,0,7
1,<environment.Job instance at 0x7f2bd34c4dc0>,7,2,[8 3],8,8,10,0,8
1,<environment.Job instance at 0x7f2b97667050>,9,1,[ 2 10],10,13,14,3,13
1,<environment.Job instance at 0x7f2bd5d76910>,13,15,[6 2],14,14,29,0,14
1,<environment.Job instance at 0x7f2bd341db90>,10,13,[5 8],11,16,29,5,16
1,<environment.Job instance at 0x7f2bd56f96e0>,8,16,[13  3],9,29,45,20,20
1,<environment.Job instance at 0x7f2bd2e91d20>,23,27,[3 5],24,45,72,21,43
1,<environment.Job instance at 0x7f2b979d45a0>,24,1,[12  4],25,45,46,20,43
1,<environment.Job instance at 0x7f2bd2e9fe60>,25,2,[14  1],26,72,74,46,45
1,<environment.Job instance at 0x7f2bd2eb69b0>,30,3,[8 5],31,47,50,16,47
1,<environment.Job instance at 0x7f2b979d9910>,31,2,[4 5],32,47,49,15,47
1,<environment.Job instance at 0x7f2bd59a24b0>,32,3,[4 7],33,50,53,17,47
1,<environment.Job instance at 0x7f2bd59a20f0>,36,12,[6 4],37,74,86,37,65
1,<environment.Job instance at 0x7f2bd59a27d0>,39,3,[3 7],40,74,77,34,73
1,<environment.Job instance at 0x7f2bd59a2690>,41,3,[5 4],42,80,83,38,80
1,<environment.Job instance at 0x7f2bd59a71e0>,44,1,[4 7],45,84,85,39,84
1,<environment.Job instance at 0x7f2bd59a76e0>,45,18,[3 9],46,85,103,39,84
1,<environment.Job instance at 0x7f2bd59a7640>,46,27,[10  4],47,86,113,39,84
1,<environment.Job instance at 0x7f2b97480910>,17,14,[1 9],18,103,117,85,91
1,<environment.Job instance at 0x7f2b97480aa0>,16,18,[10  5],17,114,132,97,114
1,<environment.Job instance at 0x7f2bd5673410>,15,21,[9 5],16,132,153,116,124
1,<environment.Job instance at 0x7f2bd590d4b0>,0,1,[ 5 11],1,1,2,0,1
1,<environment.Job instance at 0x7f2bd590dc30>,2,25,[7 3],3,8,33,5,8
1,<environment.Job instance at 0x7f2bd348ecd0>,10,16,[10  3],11,33,49,22,20
1,<environment.Job instance at 0x7f2bd590d3c0>,3,3,[ 1 10],4,26,29,22,26
1,<environment.Job instance at 0x7f2bd348e140>,15,3,[8 2],16,29,32,13,28
1,<environment.Job instance at 0x7f2bd5c38fa0>,17,3,[2 7],18,32,35,14,28
1,<environment.Job instance at 0x7f2bd5c38b90>,18,14,[13  2],19,49,63,30,34
1,<environment.Job instance at 0x7f2bd348e190>,4,13,[ 3 12],5,35,48,30,35
1,<environment.Job instance at 0x7f2bd5c38b40>,21,2,[ 2 10],22,48,50,26,37
1,<environment.Job instance at 0x7f2bd5c38500>,22,3,[5 7],23,63,66,40,38
1,<environment.Job instance at 0x7f2bd5c38140>,26,1,[2 8],27,50,51,23,47
1,<environment.Job instance at 0x7f2bd564db90>,30,18,[1 7],31,52,70,21,52
1,<environment.Job instance at 0x7f2bd348eb90>,13,17,[6 1],14,63,80,49,57
1,<environment.Job instance at 0x7f2bd564d870>,36,20,[4 8],37,70,90,33,62
1,<environment.Job instance at 0x7f2bd348e500>,14,3,[9 2],15,80,83,65,62
1,<environment.Job instance at 0x7f2bd31cd460>,40,25,[5 4],41,83,108,42,79
1,<environment.Job instance at 0x7f2bd31cd0f0>,41,21,[5 5],42,90,111,48,82
1,<environment.Job instance at 0x7f2bd31cddc0>,42,1,[6 5],43,108,109,65,82
1,<environment.Job instance at 0x7f2bd31cde60>,45,25,[5 7],46,109,134,63,105
1,<environment.Job instance at 0x7f2bd31cdbe0>,38,16,[8 4],39,132,148,93,132
1,<environment.Job instance at 0x7f2bd564d820>,35,26,[4 8],36,136,162,100,136
1,<environment.Job instance at 0x7f2bd31cdaf0>,47,22,[5 8],48,169,191,121,169
1,<environment.Job instance at 0x7f2bd59fb1e0>,2,2,[10  4],3,3,5,0,3
1,<environment.Job instance at 0x7f2b976d0280>,3,27,[8 5],4,5,32,1,4
1,<environment.Job instance at 0x7f2bd33a0aa0>,9,1,[12  4],10,32,33,22,11
1,<environment.Job instance at 0x7f2b976d09b0>,4,12,[ 5 13],5,33,45,28,16
1,<environment.Job instance at 0x7f2bd31cdaf0>,5,14,[7 3],6,17,31,11,17
1,<environment.Job instance at 0x7f2bd5ae9dc0>,21,18,[5 9],22,45,63,23,37
1,<environment.Job instance at 0x7f2bd5b5e4b0>,22,3,[9 4],23,45,48,22,37
1,<environment.Job instance at 0x7f2bd2e8feb0>,24,27,[1 8],25,63,90,38,61
1,<environment.Job instance at 0x7f2b975e7230>,32,12,[6 2],33,77,89,44,77
1,<environment.Job instance at 0x7f2b975e7190>,34,23,[4 5],35,77,100,42,77
1,<environment.Job instance at 0x7f2bd33cd410>,37,13,[12  5],38,100,113,62,90
1,<environment.Job instance at 0x7f2b9750c6e0>,40,1,[1 7],41,98,99,57,98
1,<environment.Job instance at 0x7f2b9750c690>,44,18,[3 6],45,104,122,59,104
1,<environment.Job instance at 0x7f2b9750c280>,45,2,[2 9],46,113,115,67,105
1,<environment.Job instance at 0x7f2b9750c870>,46,26,[8 5],47,115,141,68,112
1,<environment.Job instance at 0x7f2b9750c960>,43,14,[ 4 11],44,141,155,97,136
1,<environment.Job instance at 0x7f2b976d0d70>,6,2,[5 7],7,138,140,131,138
1,<environment.Job instance at 0x7f2b9750cc80>,48,18,[13  1],49,155,173,106,147
1,<environment.Job instance at 0x7f2b9750c8c0>,1,2,[8 5],2,2,4,0,2
1,<environment.Job instance at 0x7f2b9750cc80>,3,20,[5 3],4,11,31,7,11
1,<environment.Job instance at 0x7f2b976d0f50>,11,17,[2 9],12,17,34,5,17
1,<environment.Job instance at 0x7f2b97688870>,17,22,[10  1],18,31,53,13,24
1,<environment.Job instance at 0x7f2bd357a500>,19,14,[5 1],20,34,48,14,24
1,<environment.Job instance at 0x7f2bd357a2d0>,15,2,[10  1],16,53,55,37,33
1,<environment.Job instance at 0x7f2bd5660730>,21,3,[11  4],22,55,58,33,35
1,<environment.Job instance at 0x7f2bd566d910>,18,16,[13  1],19,58,74,39,45
1,<environment.Job instance at 0x7f2b9767fc80>,23,1,[5 7],24,48,49,24,45
1,<environment.Job instance at 0x7f2bd3101af0>,24,1,[ 1 10],25,49,50,24,45
1,<environment.Job instance at 0x7f2bd31b9820>,25,1,[9 5],26,74,75,48,46
1,<environment.Job instance at 0x7f2bd3101a00>,26,26,[9 5],27,75,101,48,72
1,<environment.Job instance at 0x7f2bd2fd2190>,27,1,[5 3],28,74,75,46,72
1,<environment.Job instance at 0x7f2bd357a280>,20,20,[3 8],21,75,95,54,73
1,<environment.Job instance at 0x7f2bd30da6e0>,36,2,[2 8],37,95,97,58,83
1,<environment.Job instance at 0x7f2bd357ab40>,22,13,[9 2],23,101,114,78,99
1,<environment.Job instance at 0x7f2bd30da370>,39,22,[7 3],40,114,136,74,107
1,<environment.Job instance at 0x7f2bd30f1190>,42,25,[7 5],43,122,147,79,122
1,<environment.Job instance at 0x7f2bd30f1b90>,44,2,[13  4],45,147,149,102,133
1,<environment.Job instance at 0x7f2bd30f1e10>,46,12,[12  4],47,149,161,102,136
1,<environment.Job instance at 0x7f2bd30da780>,40,15,[13  3],41,161,176,120,157
1,<environment.Job instance at 0x7f2bd30f1050>,43,2,[14  5],44,176,178,132,172
1,<environment.Job instance at 0x7f2bd30da640>,37,1,[ 4 12],38,178,179,140,178
1,<environment.Job instance at 0x7f2bd5c46960>,4,1,[6 4],5,5,6,0,5
1,<environment.Job instance at 0x7f2bd5c46dc0>,5,15,[ 4 12],6,7,22,1,7
1,<environment.Job instance at 0x7f2bd5782e10>,9,17,[ 2 10],10,22,39,12,10
1,<environment.Job instance at 0x7f2bd5782a50>,17,27,[8 5],18,22,49,4,20
1,<environment.Job instance at 0x7f2bd57824b0>,18,1,[6 5],19,39,40,20,20
1,<environment.Job instance at 0x7f2bd55fc410>,24,1,[5 2],25,50,51,25,50
1,<environment.Job instance at 0x7f2bd55fcb40>,25,13,[10  5],26,50,63,24,50
1,<environment.Job instance at 0x7f2bd55fc780>,29,2,[ 2 12],30,63,65,33,62
1,<environment.Job instance at 0x7f2bd55fc910>,30,13,[1 9],31,65,78,34,63
1,<environment.Job instance at 0x7f2bd55fc9b0>,32,24,[4 6],33,65,89,32,65
1,<environment.Job instance at 0x7f2bd55fc0f0>,33,15,[ 2 13],34,89,104,55,75
1,<environment.Job instance at 0x7f2b974840a0>,35,14,[10  1],36,82,96,46,82
1,<environment.Job instance at 0x7f2b97484eb0>,37,18,[14  1],38,104,122,66,93
1,<environment.Job instance at 0x7f2b97484e60>,43,13,[ 3 11],44,122,135,78,117
1,<environment.Job instance at 0x7f2bd5c46550>,6,18,[5 8],7,135,153,128,124
1,<environment.Job instance at 0x7f2bd320f7d0>,47,12,[7 2],48,128,140,80,128
1,<environment.Job instance at 0x7f2bd320fd70>,48,3,[7 2],49,140,143,91,128
1,<environment.Job instance at 0x7f2bd5782a00>,13,20,[8 4],14,143,163,129,137
1,<environment.Job instance at 0x7f2bd3302f00>,0,12,[ 3 12],1,1,13,0,1
1,<environment.Job instance at 0x7f2bd339a8c0>,10,25,[10  4],11,13,38,2,11
1,<environment.Job instance at 0x7f2bd2fdfbe0>,14,13,[5 7],15,29,42,14,29
1,<environment.Job instance at 0x7f2bd5a1f0f0>,21,3,[7 5],22,39,42,17,39
1,<environment.Job instance at 0x7f2bd5ae9e60>,24,2,[8 1],25,53,55,28,53
1,<environment.Job instance at 0x7f2bd3302b90>,5,1,[10  5],6,55,56,49,53
1,<environment.Job instance at 0x7f2bd5ae95f0>,27,16,[13  1],28,73,89,45,73
1,<environment.Job instance at 0x7f2bd5ae9d70>,31,2,[13  4],32,89,91,57,77
1,<environment.Job instance at 0x7f2bd574d230>,20,18,[6 4],21,91,109,70,87
1,<environment.Job instance at 0x7f2bd57a1140>,37,2,[10  5],38,109,111,71,95
1,<environment.Job instance at 0x7f2b97457dc0>,38,17,[9 2],39,111,128,72,100
1,<environment.Job instance at 0x7f2bd571e6e0>,42,18,[5 3],43,116,134,73,116
1,<environment.Job instance at 0x7f2bd2f27dc0>,43,27,[1 7],44,116,143,72,116
1,<environment.Job instance at 0x7f2bd59db780>,45,18,[ 3 12],46,143,161,97,132
1,<environment.Job instance at 0x7f2bd2f76140>,46,3,[10  3],47,134,137,87,132
1,<environment.Job instance at 0x7f2b976d97d0>,47,1,[ 4 10],48,161,162,113,133
1,<environment.Job instance at 0x7f2b97480460>,36,20,[10  4],37,161,181,124,154
1,<environment.Job instance at 0x7f2bd5cf11e0>,40,27,[ 3 13],41,181,208,140,180
1,<environment.Job instance at 0x7f5456ac1320>,3,22,[2 5],4,4,26,0,4
1,<environment.Job instance at 0x7f544f6b2a50>,5,2,[1 6],6,6,8,0,6
1,<environment.Job instance at 0x7f544f6b2e60>,8,17,[1 8],9,13,30,4,13
1,<environment.Job instance at 0x7f544f6b2dc0>,11,3,[4 9],12,30,33,18,13
1,<environment.Job instance at 0x7f5456ac1410>,2,14,[ 2 10],3,33,47,30,19
1,<environment.Job instance at 0x7f544f6b7370>,14,21,[8 1],15,23,44,8,23
1,<environment.Job instance at 0x7f544f6b71e0>,15,3,[2 8],16,47,50,31,24
1,<environment.Job instance at 0x7f544f6b7690>,17,12,[5 1],18,33,45,15,24
1,<environment.Job instance at 0x7f544f6b7230>,12,23,[6 4],13,44,67,31,39
1,<environment.Job instance at 0x7f544f6b76e0>,18,26,[7 4],19,50,76,31,47
1,<environment.Job instance at 0x7f544f6b77d0>,19,25,[5 9],20,67,92,47,63
1,<environment.Job instance at 0x7f5456ac15f0>,1,3,[ 2 10],2,92,95,90,66
1,<environment.Job instance at 0x7f544f6b7f50>,28,17,[ 1 13],29,95,112,66,83
1,<environment.Job instance at 0x7f544f6ba280>,31,1,[ 2 14],32,112,113,80,84
1,<environment.Job instance at 0x7f544f6ba320>,32,21,[5 9],33,113,134,80,105
1,<environment.Job instance at 0x7f544f6ba3c0>,33,26,[3 6],34,113,139,79,110
1,<environment.Job instance at 0x7f544f6ba6e0>,38,2,[6 1],39,134,136,95,113
1,<environment.Job instance at 0x7f544f6ba8c0>,40,26,[ 1 10],41,139,165,98,136
1,<environment.Job instance at 0x7f544f6b7cd0>,30,26,[9 4],31,143,169,112,143
1,<environment.Job instance at 0x7f544f6bd230>,54,18,[7 1],55,169,187,114,159
1,<environment.Job instance at 0x7f544f6b7f00>,26,12,[8 5],27,184,196,157,184
1,<environment.Job instance at 0x7f544f6bd410>,57,16,[ 2 11],58,196,212,138,187
1,<environment.Job instance at 0x7f544f6b7280>,13,18,[5 9],14,212,230,198,204
1,<environment.Job instance at 0x7f5456c3b320>,1,1,[7 5],2,3,4,1,3
1,<environment.Job instance at 0x7f5456c35820>,4,2,[2 8],5,5,7,0,5
1,<environment.Job instance at 0x7f5456c35190>,5,1,[5 8],6,7,8,1,6
1,<environment.Job instance at 0x7f5456c35b90>,6,2,[7 2],7,7,9,0,7
1,<environment.Job instance at 0x7f5456c39370>,10,1,[5 4],11,11,12,0,11
1,<environment.Job instance at 0x7f5456c39460>,11,2,[5 1],12,12,14,0,12
1,<environment.Job instance at 0x7f5456c39aa0>,12,18,[3 5],13,24,42,11,24
1,<environment.Job instance at 0x7f5456c39f50>,19,19,[10  3],20,26,45,6,26
1,<environment.Job instance at 0x7f5456c391e0>,20,1,[5 5],21,42,43,21,26
1,<environment.Job instance at 0x7f5456c36230>,23,18,[ 3 10],24,44,62,20,44
1,<environment.Job instance at 0x7f544f6b7280>,2,14,[4 9],3,62,76,59,48
1,<environment.Job instance at 0x7f5456c360f0>,24,1,[5 5],25,48,49,23,48
1,<environment.Job instance at 0x7f5456c368c0>,30,3,[6 1],31,52,55,21,52
1,<environment.Job instance at 0x7f5456aefbe0>,31,18,[5 4],32,53,71,21,53
1,<environment.Job instance at 0x7f5456aefd70>,33,25,[ 1 10],34,76,101,42,72
1,<environment.Job instance at 0x7f5456aef6e0>,34,1,[ 5 10],35,101,102,66,73
1,<environment.Job instance at 0x7f5456aefaa0>,38,1,[2 9],39,102,103,63,74
1,<environment.Job instance at 0x7f5456aefc80>,39,2,[7 5],40,75,77,35,75
1,<environment.Job instance at 0x7f5456aef370>,40,2,[5 9],41,103,105,62,76
1,<environment.Job instance at 0x7f5456c36960>,27,18,[7 1],28,84,102,56,84
1,<environment.Job instance at 0x7f5456aefd20>,44,1,[ 1 10],45,105,106,60,86
1,<environment.Job instance at 0x7f5456aef280>,46,1,[4 8],47,106,107,59,89
1,<environment.Job instance at 0x7f5456aef550>,48,3,[5 5],49,103,106,54,103
1,<environment.Job instance at 0x7f5456c3e460>,50,23,[5 1],51,106,129,55,103
1,<environment.Job instance at 0x7f5456c36910>,29,17,[ 5 14],30,107,124,77,103
1,<environment.Job instance at 0x7f5456c3ef00>,54,1,[9 2],55,124,125,69,122
1,<environment.Job instance at 0x7f5456c3ef50>,55,2,[1 6],56,124,126,68,122
1,<environment.Job instance at 0x7f5456c3ed70>,57,3,[ 3 13],58,131,134,73,131
1,<environment.Job instance at 0x7f5456c3e6e0>,52,12,[1 6],53,145,157,92,145
1,<environment.Job instance at 0x7f5456aef7d0>,49,27,[3 9],50,152,179,102,152
1,<environment.Job instance at 0x7f5456c363c0>,22,21,[4 8],23,194,215,171,194
1,<environment.Job instance at 0x7f540baa2050>,0,19,[ 5 12],1,1,20,0,1
1,<environment.Job instance at 0x7f540baa2730>,3,3,[10  1],4,4,7,0,4
1,<environment.Job instance at 0x7f540baa2460>,4,1,[6 1],5,7,8,2,5
1,<environment.Job instance at 0x7f540baa2af0>,6,2,[1 6],7,20,22,13,7
1,<environment.Job instance at 0x7f540baa2dc0>,8,1,[7 1],9,9,10,0,9
1,<environment.Job instance at 0x7f540ba8b280>,15,15,[8 3],16,22,37,6,22
1,<environment.Job instance at 0x7f540ba8be10>,13,2,[ 5 10],14,25,27,11,25
1,<environment.Job instance at 0x7f540b9f76e0>,19,1,[5 5],20,29,30,9,29
1,<environment.Job instance at 0x7f540b9f77d0>,20,2,[7 5],21,30,32,9,29
1,<environment.Job instance at 0x7f540b9f7730>,18,3,[4 6],19,32,35,13,29
1,<environment.Job instance at 0x7f540b9f7b40>,23,1,[2 7],24,36,37,12,36
1,<environment.Job instance at 0x7f540b9f7b90>,24,20,[13  4],25,37,57,12,36
1,<environment.Job instance at 0x7f540ba86c80>,25,3,[9 2],26,57,60,31,36
1,<environment.Job instance at 0x7f540ba86a50>,27,2,[3 8],28,57,59,29,42
1,<environment.Job instance at 0x7f540ba860f0>,28,3,[4 8],29,59,62,30,42
1,<environment.Job instance at 0x7f540ba866e0>,30,12,[5 1],31,60,72,29,53
1,<environment.Job instance at 0x7f540ba86b40>,31,22,[5 6],32,60,82,28,53
1,<environment.Job instance at 0x7f540ba86230>,33,1,[12  5],34,82,83,48,55
1,<environment.Job instance at 0x7f540ba86aa0>,36,12,[1 6],37,62,74,25,55
1,<environment.Job instance at 0x7f540ba868c0>,38,2,[9 1],39,72,74,33,58
1,<environment.Job instance at 0x7f540ba86910>,39,2,[ 4 10],40,83,85,43,58
1,<environment.Job instance at 0x7f540ba86e10>,40,24,[1 5],41,74,98,33,69
1,<environment.Job instance at 0x7f540ba869b0>,42,20,[10  5],43,85,105,42,76
1,<environment.Job instance at 0x7f540ba86370>,43,2,[9 4],44,76,78,32,76
1,<environment.Job instance at 0x7f540bab0aa0>,46,13,[ 5 14],47,105,118,58,89
1,<environment.Job instance at 0x7f540bab0140>,52,3,[8 5],53,118,121,65,107
1,<environment.Job instance at 0x7f540bab01e0>,53,24,[3 7],54,118,142,64,113
1,<environment.Job instance at 0x7f540bab0af0>,54,19,[3 8],55,121,140,66,113
1,<environment.Job instance at 0x7f540bab00f0>,56,3,[10  3],57,140,143,83,114
1,<environment.Job instance at 0x7f540bab0640>,58,2,[5 7],59,142,144,83,124
1,<environment.Job instance at 0x7f540ba86cd0>,37,21,[10  4],38,143,164,105,139
1,<environment.Job instance at 0x7f540b9f7820>,22,15,[ 2 13],23,167,182,144,167
1,<environment.Job instance at 0x7f540b9f7f00>,17,28,[ 2 10],18,182,210,164,181
1,<environment.Job instance at 0x7f540baade10>,5,1,[9 3],6,6,7,0,6
1,<environment.Job instance at 0x7f540baadc80>,9,1,[5 3],10,10,11,0,10
1,<environment.Job instance at 0x7f540baadf00>,8,27,[ 3 12],9,11,38,2,11
1,<environment.Job instance at 0x7f540bd5ab90>,17,2,[5 3],18,39,41,21,39
1,<environment.Job instance at 0x7f540bd5a7d0>,18,21,[2 7],19,39,60,20,39
1,<environment.Job instance at 0x7f540bd5a870>,19,3,[10  4],20,41,44,21,39
1,<environment.Job instance at 0x7f540bd5a820>,20,23,[4 7],21,44,67,23,39
1,<environment.Job instance at 0x7f540bd5af00>,22,3,[8 2],23,60,63,37,42
1,<environment.Job instance at 0x7f540bb71eb0>,24,3,[5 6],25,63,66,38,56
1,<environment.Job instance at 0x7f540bb71b90>,25,19,[ 1 10],26,67,86,41,57
1,<environment.Job instance at 0x7f540bb71af0>,27,2,[10  3],28,66,68,38,57
1,<environment.Job instance at 0x7f540bb716e0>,28,20,[ 2 10],29,86,106,57,77
1,<environment.Job instance at 0x7f540bb71500>,30,1,[14  4],31,77,78,46,77
1,<environment.Job instance at 0x7f540bd1a5f0>,32,13,[2 5],33,79,92,46,79
1,<environment.Job instance at 0x7f540bd6e8c0>,35,21,[1 6],36,106,127,70,98
1,<environment.Job instance at 0x7f540bd6ee60>,38,23,[1 9],39,106,129,67,100
1,<environment.Job instance at 0x7f540bd6eeb0>,40,3,[4 8],41,129,132,88,103
1,<environment.Job instance at 0x7f540bd6e410>,43,18,[5 1],44,127,145,83,116
1,<environment.Job instance at 0x7f540bd6ea50>,37,18,[ 1 14],38,132,150,94,128
1,<environment.Job instance at 0x7f540bd6e230>,45,17,[12  1],46,145,162,99,133
1,<environment.Job instance at 0x7f540bd6a370>,48,19,[4 7],49,162,181,113,152
1,<environment.Job instance at 0x7f540b9b45f0>,53,22,[9 1],54,162,184,108,158
1,<environment.Job instance at 0x7f540b9b4370>,57,2,[ 1 12],58,159,161,101,159
1,<environment.Job instance at 0x7f540bd6acd0>,50,16,[14  3],51,184,200,133,171
1,<environment.Job instance at 0x7f545688ac30>,12,15,[ 2 14],13,205,220,192,205
1,<environment.Job instance at 0x7f540ba56a50>,5,27,[6 1],6,6,33,0,6
1,<environment.Job instance at 0x7f540b9b4230>,6,1,[4 7],7,7,8,0,7
1,<environment.Job instance at 0x7f540be18b90>,12,23,[1 8],13,15,38,2,15
1,<environment.Job instance at 0x7f540be18eb0>,13,1,[9 5],14,33,34,19,15
1,<environment.Job instance at 0x7f540be185f0>,14,2,[7 1],15,15,17,0,15
1,<environment.Job instance at 0x7f540be185a0>,15,1,[5 1],16,17,18,1,16
1,<environment.Job instance at 0x7f540bd6daf0>,16,1,[2 6],17,18,19,1,17
1,<environment.Job instance at 0x7f540bd6d370>,18,2,[5 3],19,28,30,9,28
1,<environment.Job instance at 0x7f540bda2820>,19,3,[4 8],20,38,41,18,28
1,<environment.Job instance at 0x7f540bda2780>,20,2,[4 5],21,30,32,9,28
1,<environment.Job instance at 0x7f540bda2280>,21,17,[10  2],22,34,51,12,28
1,<environment.Job instance at 0x7f540bdad280>,22,1,[1 5],23,32,33,9,28
1,<environment.Job instance at 0x7f540bdad320>,23,26,[5 3],24,41,67,17,38
1,<environment.Job instance at 0x7f540bdad5a0>,27,1,[4 6],28,51,52,23,47
1,<environment.Job instance at 0x7f540bdad870>,28,17,[1 5],29,51,68,22,47
1,<environment.Job instance at 0x7f540bdada00>,31,3,[5 9],32,67,70,35,49
1,<environment.Job instance at 0x7f540bdadaa0>,32,18,[3 8],33,70,88,37,59
1,<environment.Job instance at 0x7f545688ac30>,3,13,[9 2],4,68,81,64,60
1,<environment.Job instance at 0x7f540bdad690>,38,20,[5 2],39,81,101,42,77
1,<environment.Job instance at 0x7f540bdadd70>,39,26,[2 8],40,88,114,48,85
1,<environment.Job instance at 0x7f540bdadd20>,36,17,[8 4],37,88,105,51,86
1,<environment.Job instance at 0x7f540bda96e0>,47,27,[9 5],48,105,132,57,103
1,<environment.Job instance at 0x7f540bda9320>,45,2,[5 7],46,114,116,68,104
1,<environment.Job instance at 0x7f540bda99b0>,51,3,[9 4],52,132,135,80,107
1,<environment.Job instance at 0x7f540bdadf50>,41,20,[ 4 10],42,116,136,74,111
1,<environment.Job instance at 0x7f540bda98c0>,49,14,[12  2],50,136,150,86,124
1,<environment.Job instance at 0x7f540bda9b90>,54,12,[8 3],55,150,162,95,143
1,<environment.Job instance at 0x7f540bda9af0>,53,15,[7 2],54,150,165,96,150
1,<environment.Job instance at 0x7f540bda9e10>,58,12,[5 5],59,162,174,103,154
1,<environment.Job instance at 0x7f540bda9d70>,57,1,[1 5],58,162,163,104,160
1,<environment.Job instance at 0x7f540ba560a0>,1,17,[ 5 14],2,4,21,2,4
1,<environment.Job instance at 0x7f540bda9e60>,4,17,[13  5],5,21,38,16,9
1,<environment.Job instance at 0x7f540bdb8550>,10,3,[5 2],11,38,41,27,14
1,<environment.Job instance at 0x7f540bdb80f0>,16,1,[9 2],17,38,39,21,34
1,<environment.Job instance at 0x7f544f5c0550>,17,2,[1 8],18,35,37,17,35
1,<environment.Job instance at 0x7f544f5c02d0>,21,2,[9 2],22,60,62,38,60
1,<environment.Job instance at 0x7f544f5c0e60>,22,2,[7 5],23,62,64,39,60
1,<environment.Job instance at 0x7f544f5c0690>,23,16,[ 4 10],24,60,76,36,60
1,<environment.Job instance at 0x7f544f5c0f50>,24,2,[5 8],25,76,78,51,60
1,<environment.Job instance at 0x7f544f5c0d70>,25,27,[4 5],26,64,91,38,62
1,<environment.Job instance at 0x7f544f5c05f0>,26,2,[1 8],27,78,80,51,62
1,<environment.Job instance at 0x7f544f5c0dc0>,27,12,[13  4],28,91,103,63,74
1,<environment.Job instance at 0x7f544f5c0c80>,30,3,[10  4],31,81,84,50,81
1,<environment.Job instance at 0x7f544f5c06e0>,31,2,[2 9],32,85,87,53,85
1,<environment.Job instance at 0x7f544f5c0230>,28,12,[ 5 12],29,103,115,74,86
1,<environment.Job instance at 0x7f5451cf11e0>,34,1,[10  5],35,87,88,52,87
1,<environment.Job instance at 0x7f5451cf1960>,35,3,[10  5],36,88,91,52,87
1,<environment.Job instance at 0x7f5451cf1410>,36,2,[5 5],37,115,117,78,88
1,<environment.Job instance at 0x7f5451cf1050>,37,3,[9 3],38,103,106,65,88
1,<environment.Job instance at 0x7f5451e62b90>,39,15,[ 2 10],40,115,130,75,105
1,<environment.Job instance at 0x7f544f8cbf50>,44,21,[4 9],45,130,151,85,122
1,<environment.Job instance at 0x7f540be18a00>,3,17,[7 4],4,123,140,119,123
1,<environment.Job instance at 0x7f544f8cbf00>,46,13,[2 5],47,140,153,93,133
1,<environment.Job instance at 0x7f544f8cbbe0>,47,13,[12  1],48,151,164,103,135
1,<environment.Job instance at 0x7f544f8cb460>,48,12,[14  3],49,164,176,115,147
1,<environment.Job instance at 0x7f544f77c870>,51,2,[4 5],52,176,178,124,149
1,<environment.Job instance at 0x7f544f77caa0>,52,1,[ 4 10],53,176,177,123,149
1,<environment.Job instance at 0x7f544f77c5f0>,55,2,[6 3],56,177,179,121,150
1,<environment.Job instance at 0x7f544f8cbd20>,49,1,[ 4 11],50,195,196,145,195
1,<environment.Job instance at 0x7f544f77c640>,56,25,[2 8],57,241,266,184,241
1,<environment.Job instance at 0x7f540be184b0>,0,26,[8 3],1,1,27,0,1
1,<environment.Job instance at 0x7f540bf373c0>,9,2,[5 3],10,10,12,0,10
1,<environment.Job instance at 0x7f544f479a00>,16,2,[2 7],17,22,24,5,22
1,<environment.Job instance at 0x7f540be40b90>,18,1,[9 5],19,27,28,8,27
1,<environment.Job instance at 0x7f540be40c80>,19,18,[5 2],20,28,46,8,28
1,<environment.Job instance at 0x7f540ba90f00>,21,15,[5 7],22,39,54,17,39
1,<environment.Job instance at 0x7f544f805dc0>,23,3,[2 8],24,46,49,22,40
1,<environment.Job instance at 0x7f540bf8ad20>,11,18,[5 8],12,52,70,40,52
1,<environment.Job instance at 0x7f540bb0c410>,27,2,[9 3],28,58,60,30,58
1,<environment.Job instance at 0x7f540becc140>,28,2,[3 5],29,60,62,31,58
1,<environment.Job instance at 0x7f540bf37230>,14,2,[11  3],15,70,72,55,60
1,<environment.Job instance at 0x7f540be3f7d0>,29,18,[10  4],30,72,90,42,61
1,<environment.Job instance at 0x7f544fa94af0>,31,13,[1 7],32,78,91,46,78
1,<environment.Job instance at 0x7f540b9d9730>,37,2,[ 3 11],38,91,93,53,78
1,<environment.Job instance at 0x7f540b8ff320>,38,15,[10  4],39,90,105,51,82
1,<environment.Job instance at 0x7f540bbc9eb0>,39,2,[2 7],40,93,95,53,82
1,<environment.Job instance at 0x7f544f500410>,42,27,[8 3],43,105,132,62,103
1,<environment.Job instance at 0x7f544f500c30>,43,18,[1 6],44,103,121,59,103
1,<environment.Job instance at 0x7f544f500550>,45,1,[1 6],46,107,108,61,107
1,<environment.Job instance at 0x7f544f500c80>,46,27,[2 6],47,108,135,61,107
1,<environment.Job instance at 0x7f544f500f50>,49,1,[8 5],50,132,133,82,107
1,<environment.Job instance at 0x7f544f500780>,50,14,[ 4 14],51,135,149,84,120
1,<environment.Job instance at 0x7f544f4fad70>,52,2,[2 7],53,133,135,80,123
1,<environment.Job instance at 0x7f544f500f00>,53,1,[8 3],54,149,150,95,123
1,<environment.Job instance at 0x7f544f4fa730>,54,12,[8 1],55,133,145,78,123
1,<environment.Job instance at 0x7f544f4fae60>,56,2,[7 5],57,149,151,92,123
1,<environment.Job instance at 0x7f544f4fa2d0>,57,1,[2 8],58,150,151,92,123
1,<environment.Job instance at 0x7f544fa69dc0>,58,3,[2 9],59,151,154,92,125
1,<environment.Job instance at 0x7f540be40d20>,25,17,[12  4],26,151,168,125,151
1,<environment.Job instance at 0x7f544f4e7550>,12,14,[2 8],13,189,203,176,189
1,<environment.Job instance at 0x7f545230aaf0>,3,1,[7 1],4,4,5,0,4
1,<environment.Job instance at 0x7f544f4e7230>,6,21,[ 4 10],7,7,28,0,7
1,<environment.Job instance at 0x7f5451c833c0>,7,23,[2 8],8,28,51,20,22
1,<environment.Job instance at 0x7f5451e3e190>,16,14,[9 4],17,28,42,11,28
1,<environment.Job instance at 0x7f544f6196e0>,14,13,[ 4 11],15,51,64,36,40
1,<environment.Job instance at 0x7f5451e3eeb0>,20,25,[6 4],21,42,67,21,40
1,<environment.Job instance at 0x7f5451e3e5f0>,22,3,[14  5],23,67,70,44,41
1,<environment.Job instance at 0x7f540bf02230>,24,24,[5 5],25,70,94,45,65
1,<environment.Job instance at 0x7f540bf12500>,28,28,[ 5 10],29,72,100,43,72
1,<environment.Job instance at 0x7f540bf126e0>,32,1,[4 8],33,100,101,67,81
1,<environment.Job instance at 0x7f540bf121e0>,33,3,[10  3],34,94,97,60,81
1,<environment.Job instance at 0x7f540bf12140>,36,12,[ 5 12],37,101,113,64,84
1,<environment.Job instance at 0x7f540bf123c0>,39,2,[ 5 14],40,113,115,73,97
1,<environment.Job instance at 0x7f540bf26640>,41,2,[7 2],42,97,99,55,97
1,<environment.Job instance at 0x7f540bf128c0>,42,2,[4 9],43,115,117,72,97
1,<environment.Job instance at 0x7f540bf236e0>,44,3,[2 8],45,117,120,72,100
1,<environment.Job instance at 0x7f540bf23500>,46,12,[10  2],47,115,127,68,103
1,<environment.Job instance at 0x7f540bf23d20>,49,1,[9 2],50,127,128,77,117
1,<environment.Job instance at 0x7f540bf19410>,51,16,[ 1 14],52,128,144,76,117
1,<environment.Job instance at 0x7f540bf19b90>,54,22,[7 3],55,144,166,89,137
1,<environment.Job instance at 0x7f544f4e7f00>,8,3,[11  1],9,166,169,157,144
1,<environment.Job instance at 0x7f540bf19910>,55,20,[7 5],56,169,189,113,160
1,<environment.Job instance at 0x7f5451e3ec30>,19,17,[12  4],20,189,206,169,181
1,<environment.Job instance at 0x7f5451cbc5f0>,9,19,[13  3],10,222,241,212,222
1,<environment.Job instance at 0x7f5451fc2af0>,2,3,[8 3],3,3,6,0,3
1,<environment.Job instance at 0x7f5451fc2cd0>,3,2,[9 1],4,6,8,2,4
1,<environment.Job instance at 0x7f5451fc2690>,4,17,[14  5],5,8,25,3,6
1,<environment.Job instance at 0x7f5451dfb820>,11,2,[14  5],12,25,27,13,12
1,<environment.Job instance at 0x7f5451dfb550>,18,2,[9 3],19,27,29,8,24
1,<environment.Job instance at 0x7f5451dfb690>,19,3,[4 7],20,27,30,7,24
1,<environment.Job instance at 0x7f5451dfb1e0>,20,1,[4 8],21,29,30,8,24
1,<environment.Job instance at 0x7f5451dfbfa0>,21,1,[8 1],22,30,31,8,24
1,<environment.Job instance at 0x7f5451dfbf50>,22,16,[10  4],23,34,50,11,34
1,<environment.Job instance at 0x7f5451dfb6e0>,25,2,[9 1],26,50,52,24,40
1,<environment.Job instance at 0x7f544f5c7fa0>,26,22,[1 8],27,40,62,13,40
1,<environment.Job instance at 0x7f544f5c7960>,27,28,[5 9],28,62,90,34,61
1,<environment.Job instance at 0x7f5451fc2820>,14,2,[9 4],15,68,70,53,68
1,<environment.Job instance at 0x7f544f5c70a0>,37,28,[9 1],38,80,108,42,80
1,<environment.Job instance at 0x7f544f5c7140>,39,3,[6 3],40,90,93,50,85
1,<environment.Job instance at 0x7f544f5c7d70>,40,3,[2 9],41,93,96,52,85
1,<environment.Job instance at 0x7f544f5c7500>,42,26,[5 8],43,96,122,53,94
1,<environment.Job instance at 0x7f5451f4ff50>,43,2,[7 2],44,108,110,64,94
1,<environment.Job instance at 0x7f5451f4f460>,44,3,[ 5 10],45,122,125,77,96
1,<environment.Job instance at 0x7f5451f4f910>,45,1,[5 4],46,110,111,64,96
1,<environment.Job instance at 0x7f5451f4f320>,46,2,[ 5 13],47,125,127,78,98
1,<environment.Job instance at 0x7f5451f4f230>,47,1,[6 2],48,111,112,63,98
1,<environment.Job instance at 0x7f5451f4fa00>,51,1,[13  4],52,127,128,75,103
1,<environment.Job instance at 0x7f5451f4f690>,53,22,[3 5],54,128,150,74,121
1,<environment.Job instance at 0x7f5451fc2be0>,5,12,[4 5],6,128,140,122,122
1,<environment.Job instance at 0x7f5451f4f1e0>,56,3,[6 3],57,128,131,71,123
1,<environment.Job instance at 0x7f5451f4f870>,57,28,[ 5 10],58,140,168,82,139
1,<environment.Job instance at 0x7f5451f4f7d0>,58,2,[12  3],59,168,170,109,141
1,<environment.Job instance at 0x7f544f5c77d0>,30,18,[ 2 10],31,172,190,141,172
1,<environment.Job instance at 0x7f544f796b90>,0,22,[7 1],1,1,23,0,1
1,<environment.Job instance at 0x7f544f7968c0>,2,21,[5 7],3,3,24,0,3
1,<environment.Job instance at 0x7f544f5c77d0>,7,1,[ 4 10],8,24,25,16,8
1,<environment.Job instance at 0x7f544f494820>,12,3,[6 5],13,23,26,10,17
1,<environment.Job instance at 0x7f544faf5dc0>,14,16,[ 5 10],15,25,41,10,24
1,<environment.Job instance at 0x7f544f56dd20>,16,2,[2 6],17,41,43,24,24
1,<environment.Job instance at 0x7f544f4c8f00>,17,1,[5 1],18,26,27,8,24
1,<environment.Job instance at 0x7f5451c58280>,18,1,[10  1],19,27,28,8,24
1,<environment.Job instance at 0x7f5451c58c30>,19,2,[4 7],20,41,43,21,24
1,<environment.Job instance at 0x7f5451c58550>,20,26,[3 7],21,43,69,22,40
1,<environment.Job instance at 0x7f540b7d4370>,10,3,[10  1],11,43,46,32,41
1,<environment.Job instance at 0x7f540bcaaaf0>,21,18,[11  5],22,46,64,24,45
1,<environment.Job instance at 0x7f540be11a00>,26,1,[10  1],27,64,65,37,45
1,<environment.Job instance at 0x7f540be11410>,29,1,[12  2],30,65,66,35,47
1,<environment.Job instance at 0x7f540be11aa0>,30,13,[10  1],31,66,79,35,50
1,<environment.Job instance at 0x7f540be11690>,31,3,[5 1],32,69,72,37,50
1,<environment.Job instance at 0x7f540be11d70>,32,24,[1 9],33,72,96,39,67
1,<environment.Job instance at 0x7f540bc30780>,35,1,[1 8],36,96,97,60,68
1,<environment.Job instance at 0x7f544f590b90>,36,12,[10  1],37,79,91,42,68
1,<environment.Job instance at 0x7f544f5908c0>,42,26,[ 3 10],43,97,123,54,94
1,<environment.Job instance at 0x7f544fa69870>,43,2,[ 3 13],44,123,125,79,96
1,<environment.Job instance at 0x7f544f590e60>,41,27,[7 1],42,97,124,55,97
1,<environment.Job instance at 0x7f544fa692d0>,48,12,[ 2 11],49,125,137,76,108
1,<environment.Job instance at 0x7f544f5d8b90>,52,16,[12  1],53,129,145,76,129
1,<environment.Job instance at 0x7f544fa693c0>,53,15,[ 4 13],54,145,160,91,131
1,<environment.Job instance at 0x7f540bdc6e10>,22,12,[2 9],23,160,172,137,160
1,<environment.Job instance at 0x7f544fa690f0>,51,17,[11  3],52,163,180,111,163
1,<environment.Job instance at 0x7f544fa69b40>,47,1,[ 3 14],48,183,184,135,183
1,<environment.Job instance at 0x7f5451da8190>,3,24,[2 6],4,4,28,0,4
1,<environment.Job instance at 0x7f5451cd9370>,4,13,[ 5 12],5,28,41,23,14
1,<environment.Job instance at 0x7f540b8c2320>,9,3,[3 7],10,24,27,14,24
1,<environment.Job instance at 0x7f540b8c2640>,13,1,[5 5],14,27,28,13,24
1,<environment.Job instance at 0x7f540b8c2c30>,15,19,[6 3],16,27,46,11,25
1,<environment.Job instance at 0x7f540bbb98c0>,14,18,[6 2],15,41,59,26,30
1,<environment.Job instance at 0x7f544f535320>,21,14,[3 6],22,41,55,19,32
1,<environment.Job instance at 0x7f540bfa7af0>,23,1,[1 6],24,46,47,22,34
1,<environment.Job instance at 0x7f544fa69b40>,5,2,[ 2 11],6,55,57,49,48
1,<environment.Job instance at 0x7f540c0362d0>,29,17,[5 2],30,60,77,30,60
1,<environment.Job instance at 0x7f544f7eb370>,30,13,[5 4],31,60,73,29,60
1,<environment.Job instance at 0x7f5451f5ffa0>,22,27,[5 7],23,60,87,37,60
1,<environment.Job instance at 0x7f540c0368c0>,28,15,[11  4],29,87,102,58,73
1,<environment.Job instance at 0x7f540bdd6370>,43,1,[1 5],44,93,94,49,93
1,<environment.Job instance at 0x7f540ba04140>,44,1,[2 8],45,94,95,49,93
1,<environment.Job instance at 0x7f540ba04230>,47,14,[11  4],48,112,126,64,112
1,<environment.Job instance at 0x7f540ba04960>,50,18,[ 4 11],51,125,143,74,125
1,<environment.Job instance at 0x7f540ba04690>,52,12,[7 2],53,131,143,78,131
1,<environment.Job instance at 0x7f540ba04190>,53,24,[8 5],54,143,167,89,143
1,<environment.Job instance at 0x7f544f662730>,57,2,[1 6],58,146,148,88,146
1,<environment.Job instance at 0x7f544f662a50>,58,13,[12  1],59,167,180,108,151
1,<environment.Job instance at 0x7f540b799910>,31,14,[ 4 13],32,180,194,148,177
1,<environment.Job instance at 0x7f540bfa7320>,24,24,[13  2],25,194,218,169,189
1,<environment.Job instance at 0x7f544f662c80>,10,16,[5 4],11,11,27,0,11
1,<environment.Job instance at 0x7f544f7dcf50>,12,3,[3 7],13,13,16,0,13
1,<environment.Job instance at 0x7f544f662500>,13,14,[ 5 13],14,27,41,13,14
1,<environment.Job instance at 0x7f5451ec8910>,17,21,[4 8],18,41,62,23,33
1,<environment.Job instance at 0x7f540b945e60>,18,23,[3 9],19,62,85,43,56
1,<environment.Job instance at 0x7f540b86c960>,20,2,[10  4],21,56,58,35,56
1,<environment.Job instance at 0x7f540b86ce60>,23,2,[9 2],24,58,60,34,57
1,<environment.Job instance at 0x7f540b8620a0>,30,2,[ 1 11],31,94,96,63,94
1,<environment.Job instance at 0x7f540bfa7320>,3,15,[ 3 10],4,96,111,92,95
1,<environment.Job instance at 0x7f540b7aa320>,6,3,[14  2],7,111,114,104,95
1,<environment.Job instance at 0x7f540b8623c0>,35,13,[6 4],36,95,108,59,95
1,<environment.Job instance at 0x7f540b8626e0>,38,2,[ 1 10],39,111,113,72,98
1,<environment.Job instance at 0x7f540b862820>,40,2,[2 7],41,114,116,73,98
1,<environment.Job instance at 0x7f540b8621e0>,32,1,[ 3 10],33,116,117,83,101
1,<environment.Job instance at 0x7f540b862aa0>,44,1,[2 5],45,108,109,63,101
1,<environment.Job instance at 0x7f540b862b40>,45,1,[7 2],46,109,110,63,103
1,<environment.Job instance at 0x7f540b8625a0>,36,3,[ 4 10],37,117,120,80,103
1,<environment.Job instance at 0x7f540b862640>,37,12,[ 3 14],38,120,132,82,103
1,<environment.Job instance at 0x7f540b862fa0>,51,3,[3 5],52,115,118,63,115
1,<environment.Job instance at 0x7f540b863230>,54,1,[6 4],55,119,120,64,119
1,<environment.Job instance at 0x7f540b863b40>,55,21,[9 5],56,132,153,76,124
1,<environment.Job instance at 0x7f540b862e60>,50,13,[5 8],51,132,145,81,131
1,<environment.Job instance at 0x7f540b863d20>,57,14,[1 9],58,145,159,87,131
1,<environment.Job instance at 0x7f540b862d20>,48,16,[13  3],49,153,169,104,144
1,<environment.Job instance at 0x7f5451e64b90>,8,20,[3 9],9,171,191,162,171
1,<environment.Job instance at 0x7f540b863500>,2,1,[5 3],3,3,4,0,3
1,<environment.Job instance at 0x7f540b8631e0>,3,27,[3 5],4,4,31,0,4
1,<environment.Job instance at 0x7f540b863870>,4,1,[12  4],5,5,6,0,5
1,<environment.Job instance at 0x7f540b8639b0>,5,2,[14  1],6,31,33,25,6
1,<environment.Job instance at 0x7f540bcfbf00>,14,12,[1 5],15,22,34,7,22
1,<environment.Job instance at 0x7f544f8c0640>,19,3,[3 7],20,33,36,13,29
1,<environment.Job instance at 0x7f54566b7f50>,9,12,[1 9],10,42,54,32,42
1,<environment.Job instance at 0x7f544f8c0690>,23,13,[5 6],24,43,56,19,43
1,<environment.Job instance at 0x7f544f8c0550>,26,27,[10  4],27,54,81,27,52
1,<environment.Job instance at 0x7f544f8c00a0>,27,1,[5 6],28,56,57,28,53
1,<environment.Job instance at 0x7f544f8c0fa0>,25,18,[3 9],26,57,75,31,55
1,<environment.Job instance at 0x7f544f8c0b40>,32,25,[7 3],33,81,106,48,77
1,<environment.Job instance at 0x7f544f8c0dc0>,30,1,[ 5 11],31,82,83,51,82
1,<environment.Job instance at 0x7f544f8c0f00>,24,1,[4 7],25,85,86,60,85
1,<environment.Job instance at 0x7f540bde1410>,42,2,[3 9],43,102,104,59,102
1,<environment.Job instance at 0x7f540bde1870>,44,3,[9 2],45,106,109,61,104
1,<environment.Job instance at 0x7f544f7784b0>,45,3,[8 2],46,109,112,63,104
1,<environment.Job instance at 0x7f544f778230>,48,14,[13  2],49,117,131,68,117
1,<environment.Job instance at 0x7f544f7781e0>,50,3,[ 1 10],51,120,123,69,120
1,<environment.Job instance at 0x7f544f778050>,51,2,[ 2 10],52,123,125,71,120
1,<environment.Job instance at 0x7f5451dd6fa0>,53,3,[4 8],54,131,134,77,121
1,<environment.Job instance at 0x7f5451dd6870>,56,1,[2 8],57,134,135,77,132
1,<environment.Job instance at 0x7f540bde1370>,36,17,[2 9],37,166,183,129,166
1,<environment.Job instance at 0x7f540bde1690>,34,13,[ 3 12],35,183,196,148,172
1,<environment.Job instance at 0x7f544f7fd5f0>,4,2,[2 7],5,5,7,0,5
1,<environment.Job instance at 0x7f544f7fd3c0>,5,26,[4 8],6,6,32,0,6
1,<environment.Job instance at 0x7f544f7fd4b0>,6,20,[4 8],7,32,52,25,23
1,<environment.Job instance at 0x7f544f7fd8c0>,9,1,[5 6],10,23,24,13,23
1,<environment.Job instance at 0x7f544f7fd0a0>,10,25,[5 4],11,24,49,13,23
1,<environment.Job instance at 0x7f544f7fdb40>,11,21,[5 5],12,49,70,37,41
1,<environment.Job instance at 0x7f540b7a9960>,15,25,[5 7],16,52,77,36,48
1,<environment.Job instance at 0x7f540b7a9b40>,17,22,[5 8],18,70,92,52,63
1,<environment.Job instance at 0x7f540b7a95f0>,19,3,[11  3],20,92,95,72,66
1,<environment.Job instance at 0x7f540b7a9640>,23,27,[8 5],24,95,122,71,93
1,<environment.Job instance at 0x7f540b7a9230>,24,12,[ 5 13],25,122,134,97,105
1,<environment.Job instance at 0x7f544f7c6c30>,26,2,[5 7],27,105,107,78,105
1,<environment.Job instance at 0x7f544f7c6e10>,27,1,[2 8],28,107,108,79,105
1,<environment.Job instance at 0x7f544f7c6050>,28,2,[6 4],29,108,110,79,105
1,<environment.Job instance at 0x7f544f7c6d20>,29,1,[12  4],30,134,135,104,106
1,<environment.Job instance at 0x7f544f7c6140>,32,1,[5 5],33,110,111,77,106
1,<environment.Job instance at 0x7f544f7c62d0>,39,1,[6 2],40,118,119,78,118
1,<environment.Job instance at 0x7f544f7c6af0>,41,18,[5 9],42,135,153,93,124
1,<environment.Job instance at 0x7f544f7c6190>,42,3,[9 4],43,135,138,92,124
1,<environment.Job instance at 0x7f540b7a5b40>,44,27,[1 8],45,153,180,108,151
1,<environment.Job instance at 0x7f544f7c65a0>,35,14,[10  1],36,152,166,116,152
1,<environment.Job instance at 0x7f540b7a5230>,54,23,[4 5],55,160,183,105,160
1,<environment.Job instance at 0x7f540b7a50a0>,52,12,[6 2],53,173,185,120,173
1,<environment.Job instance at 0x7f5452390af0>,57,13,[12  5],58,185,198,127,184
1,<environment.Job instance at 0x7f5451fffe60>,2,14,[8 5],3,219,233,216,219
1,<environment.Job instance at 0x7f540b7a56e0>,50,18,[2 7],51,221,239,170,221
1,<environment.Job instance at 0x7f54520bfe60>,3,14,[ 4 11],4,5,19,1,5
1,<environment.Job instance at 0x7f544f4c0910>,5,2,[2 9],6,19,21,13,6
1,<environment.Job instance at 0x7f544fa8d730>,6,26,[8 5],7,19,45,12,16
1,<environment.Job instance at 0x7f540b7a56e0>,4,18,[3 6],5,21,39,16,16
1,<environment.Job instance at 0x7f540ba55730>,22,2,[5 2],23,53,55,30,53
1,<environment.Job instance at 0x7f544f80da00>,13,20,[5 3],14,61,81,47,61
1,<environment.Job instance at 0x7f540ba55b40>,27,22,[10  1],28,64,86,36,64
1,<environment.Job instance at 0x7f540ba55e10>,30,20,[3 8],31,81,101,50,74
1,<environment.Job instance at 0x7f540ba55c30>,31,3,[11  4],32,86,89,54,83
1,<environment.Job instance at 0x7f540ba40550>,41,2,[2 6],42,90,92,48,90
1,<environment.Job instance at 0x7f540ba55dc0>,29,14,[5 1],30,105,119,75,105
1,<environment.Job instance at 0x7f540ba40820>,46,2,[2 8],47,106,108,59,106
1,<environment.Job instance at 0x7f540ba40960>,47,1,[ 4 12],48,108,109,60,106
1,<environment.Job instance at 0x7f540ba40a00>,48,2,[5 5],49,106,108,57,106
1,<environment.Job instance at 0x7f540ba40aa0>,49,22,[7 3],50,109,131,59,106
1,<environment.Job instance at 0x7f540ba55c80>,28,16,[13  1],29,131,147,102,118
1,<environment.Job instance at 0x7f540ba40be0>,51,12,[7 1],52,119,131,67,118
1,<environment.Job instance at 0x7f540ba401e0>,53,2,[14  5],54,147,149,93,121
1,<environment.Job instance at 0x7f540ba40eb0>,54,2,[13  4],55,149,151,94,127
1,<environment.Job instance at 0x7f540ba40f50>,55,2,[1 5],56,129,131,73,129
1,<environment.Job instance at 0x7f540ba40b40>,50,15,[13  3],51,151,166,100,149
1,<environment.Job instance at 0x7f540b7a9a00>,8,18,[13  1],9,166,184,157,165
1,<environment.Job instance at 0x7f540ba78050>,57,13,[5 3],58,184,197,126,177
1,<environment.Job instance at 0x7f540ba40870>,56,12,[12  4],57,197,209,140,181
1,<environment.Job instance at 0x7f540ba78a50>,1,1,[3 5],2,4,5,2,4
1,<environment.Job instance at 0x7f540ba590a0>,5,15,[ 4 12],6,6,21,0,6
1,<environment.Job instance at 0x7f54520a1500>,13,20,[8 4],14,21,41,7,21
1,<environment.Job instance at 0x7f54520a1370>,14,2,[7 1],15,21,23,6,21
1,<environment.Job instance at 0x7f54520a1eb0>,15,3,[2 6],16,23,26,7,21
1,<environment.Job instance at 0x7f54520a1c80>,16,1,[1 6],17,26,27,9,21
1,<environment.Job instance at 0x7f54520a15a0>,17,27,[8 5],18,41,68,23,39
1,<environment.Job instance at 0x7f5456a46dc0>,24,1,[5 2],25,53,54,28,53
1,<environment.Job instance at 0x7f540ba78370>,2,3,[7 4],3,54,57,51,53
1,<environment.Job instance at 0x7f5456c2cb40>,27,3,[10  5],28,68,71,40,53
1,<environment.Job instance at 0x7f5451e3d410>,29,2,[ 2 12],30,71,73,41,66
1,<environment.Job instance at 0x7f544f674500>,32,24,[4 6],33,83,107,50,83
1,<environment.Job instance at 0x7f544f674960>,33,15,[ 2 13],34,107,122,73,93
1,<environment.Job instance at 0x7f540bdceaf0>,9,17,[ 2 10],10,122,139,112,110
1,<environment.Job instance at 0x7f540ba59c80>,11,18,[8 1],12,122,140,110,122
1,<environment.Job instance at 0x7f544f674f00>,37,18,[14  1],38,140,158,102,129
1,<environment.Job instance at 0x7f544f674aa0>,46,15,[11  2],47,158,173,111,146
1,<environment.Job instance at 0x7f544f674a00>,50,12,[ 3 12],51,158,170,107,150
1,<environment.Job instance at 0x7f544f91e190>,52,19,[2 5],53,170,189,117,160
1,<environment.Job instance at 0x7f544f91edc0>,55,1,[10  5],56,173,174,117,164
1,<environment.Job instance at 0x7f544f6742d0>,41,18,[7 2],42,202,220,160,202
1,<environment.Job instance at 0x7f544f674a50>,43,13,[ 3 11],44,206,219,162,206
1,<environment.Job instance at 0x7f5456c2cd20>,26,17,[7 3],27,220,237,193,220
1,<environment.Job instance at 0x7f544fa9e280>,0,25,[10  4],1,1,26,0,1
1,<environment.Job instance at 0x7f540bdc6a50>,14,2,[8 1],15,26,28,11,15
1,<environment.Job instance at 0x7f540ba25280>,13,18,[8 3],14,28,46,14,20
1,<environment.Job instance at 0x7f544f7c7c80>,18,13,[7 1],19,26,39,7,23
1,<environment.Job instance at 0x7f544f41b190>,10,18,[6 4],11,39,57,28,34
1,<environment.Job instance at 0x7f540bdc6eb0>,21,2,[13  4],22,57,59,35,34
1,<environment.Job instance at 0x7f540ba25460>,11,3,[7 5],12,46,49,34,35
1,<environment.Job instance at 0x7f544f632b90>,25,2,[ 3 10],26,49,51,23,41
1,<environment.Job instance at 0x7f544fa62410>,26,20,[10  4],27,59,79,32,50
1,<environment.Job instance at 0x7f544fa62870>,27,2,[10  5],28,79,81,51,52
1,<environment.Job instance at 0x7f540bd2d190>,30,27,[ 3 13],31,81,108,50,79
1,<environment.Job instance at 0x7f540bd2d050>,33,27,[1 7],34,108,135,74,106
1,<environment.Job instance at 0x7f544f7c75f0>,17,16,[13  1],18,108,124,90,106
1,<environment.Job instance at 0x7f544f632500>,20,3,[9 1],21,124,127,103,110
1,<environment.Job instance at 0x7f5451c97280>,41,25,[9 1],42,127,152,85,123
1,<environment.Job instance at 0x7f544fa93690>,40,1,[12  1],41,152,153,111,124
1,<environment.Job instance at 0x7f54521fce60>,43,18,[5 5],44,125,143,81,125
1,<environment.Job instance at 0x7f540b799460>,50,27,[5 4],51,153,180,102,153
1,<environment.Job instance at 0x7f540b799b90>,51,28,[7 5],52,153,181,101,153
1,<environment.Job instance at 0x7f540b799500>,53,28,[8 2],54,180,208,126,179
1,<environment.Job instance at 0x7f540b799dc0>,56,3,[3 9],57,181,184,124,179
1,<environment.Job instance at 0x7f540b7995a0>,57,3,[5 6],58,184,187,126,179
1,<environment.Job instance at 0x7f540b8b45a0>,48,18,[ 3 10],49,204,222,155,204
1,<environment.Job instance at 0x7f540bd2b320>,35,18,[ 3 12],36,222,240,186,211
1,<environment.Job instance at 0x7f544fa9e460>,1,1,[2 8],2,3,4,1,3
1,<environment.Job instance at 0x7f540bb01d70>,5,2,[7 1],6,6,8,0,6
1,<environment.Job instance at 0x7f540ba782d0>,6,2,[2 6],7,7,9,0,7
1,<environment.Job instance at 0x7f544f4b96e0>,2,14,[3 8],3,14,28,11,14
1,<environment.Job instance at 0x7f544f452e10>,13,19,[7 1],14,25,44,11,25
1,<environment.Job instance at 0x7f544f72be10>,20,17,[ 5 13],21,33,50,12,33
1,<environment.Job instance at 0x7f540be3c870>,21,3,[10  5],22,50,53,28,33
1,<environment.Job instance at 0x7f540b99da50>,23,27,[5 1],24,44,71,20,42
1,<environment.Job instance at 0x7f545207f870>,26,2,[ 5 12],27,53,55,26,53
1,<environment.Job instance at 0x7f540b9800a0>,27,3,[3 6],28,55,58,27,53
1,<environment.Job instance at 0x7f545207f0f0>,28,2,[7 4],29,55,57,26,53
1,<environment.Job instance at 0x7f5452069690>,29,1,[1 6],30,57,58,27,53
1,<environment.Job instance at 0x7f5452063e10>,30,13,[7 3],31,58,71,27,53
1,<environment.Job instance at 0x7f540bdb16e0>,31,12,[3 8],32,58,70,26,53
1,<environment.Job instance at 0x7f5452088320>,32,1,[6 5],33,71,72,38,53
1,<environment.Job instance at 0x7f5452063780>,33,18,[6 4],34,71,89,37,65
1,<environment.Job instance at 0x7f540bb774b0>,18,18,[ 2 10],19,72,90,53,67
1,<environment.Job instance at 0x7f540b9a25a0>,35,17,[14  4],36,90,107,54,78
1,<environment.Job instance at 0x7f540bcff5a0>,16,1,[4 5],17,89,90,72,85
1,<environment.Job instance at 0x7f540bf31370>,41,12,[13  5],42,107,119,65,100
1,<environment.Job instance at 0x7f540bf31230>,42,3,[8 4],43,119,122,76,104
1,<environment.Job instance at 0x7f545209c780>,47,26,[3 7],48,119,145,71,116
1,<environment.Job instance at 0x7f545209c230>,52,3,[2 9],53,116,119,63,116
1,<environment.Job instance at 0x7f54520901e0>,57,1,[ 2 11],58,156,157,98,156
1,<environment.Job instance at 0x7f5451dba050>,14,15,[10  1],15,164,179,149,164
1,<environment.Job instance at 0x7f540b951280>,11,1,[ 5 14],12,178,179,166,178
1,<environment.Job instance at 0x7f540b799d20>,3,3,[2 7],4,4,7,0,4
1,<environment.Job instance at 0x7f540bb98d20>,6,1,[6 4],7,7,8,0,7
1,<environment.Job instance at 0x7f540bb98dc0>,7,28,[4 9],8,8,36,0,8
1,<environment.Job instance at 0x7f540be95f00>,13,2,[5 9],14,36,38,22,14
1,<environment.Job instance at 0x7f540bb981e0>,9,1,[10  3],10,14,15,4,14
1,<environment.Job instance at 0x7f540be954b0>,18,1,[14  2],19,38,39,19,19
1,<environment.Job instance at 0x7f540be95320>,19,1,[ 1 11],20,38,39,18,20
1,<environment.Job instance at 0x7f544f536690>,25,1,[3 6],26,26,27,0,26
1,<environment.Job instance at 0x7f544f536c80>,30,18,[2 8],31,45,63,14,45
1,<environment.Job instance at 0x7f544fb19870>,31,2,[3 8],32,63,65,31,45
1,<environment.Job instance at 0x7f544fb191e0>,32,1,[8 4],33,45,46,12,45
1,<environment.Job instance at 0x7f544fb19370>,35,18,[9 1],36,62,80,26,62
1,<environment.Job instance at 0x7f544fb19820>,36,3,[4 7],37,65,68,28,62
1,<environment.Job instance at 0x7f544fb19f00>,37,12,[9 1],38,80,92,42,72
1,<environment.Job instance at 0x7f544fb19aa0>,38,1,[1 9],39,72,73,33,72
1,<environment.Job instance at 0x7f544fb19cd0>,39,2,[4 9],40,73,75,33,72
1,<environment.Job instance at 0x7f544fb19230>,41,2,[4 7],42,75,77,33,72
1,<environment.Job instance at 0x7f544fb19d70>,43,1,[9 5],44,92,93,48,72
1,<environment.Job instance at 0x7f544f70e960>,44,21,[8 1],45,93,114,48,85
1,<environment.Job instance at 0x7f544f70eeb0>,46,2,[7 3],47,93,95,46,85
1,<environment.Job instance at 0x7f544f70e3c0>,47,1,[1 7],48,85,86,37,85
1,<environment.Job instance at 0x7f544f70ef00>,48,3,[1 5],49,85,88,36,85
1,<environment.Job instance at 0x7f544f70e230>,49,25,[ 3 10],50,95,120,45,91
1,<environment.Job instance at 0x7f544f70e780>,50,18,[ 2 11],51,120,138,69,109
1,<environment.Job instance at 0x7f540be95730>,16,15,[10  2],17,114,129,97,110
1,<environment.Job instance at 0x7f540bae41e0>,57,23,[9 2],58,129,152,71,123
1,<environment.Job instance at 0x7f540be95dc0>,15,14,[11  2],16,152,166,136,144
1,<environment.Job instance at 0x7f540bae40f0>,54,17,[5 4],55,166,183,111,157
1,<environment.Job instance at 0x7f540be95d70>,11,18,[13  5],12,183,201,171,173
1,<environment.Job instance at 0x7f545201c140>,1,3,[9 5],2,2,5,0,2
1,<environment.Job instance at 0x7f544f6bd7d0>,2,3,[8 1],3,5,8,2,4
1,<environment.Job instance at 0x7f545201caf0>,4,1,[1 8],5,5,6,0,5
1,<environment.Job instance at 0x7f5451da8320>,6,3,[1 7],7,7,10,0,7
1,<environment.Job instance at 0x7f5451da87d0>,7,1,[6 5],8,8,9,0,8
1,<environment.Job instance at 0x7f540b83d1e0>,9,1,[8 2],10,10,11,0,10
1,<environment.Job instance at 0x7f540b83d370>,15,3,[7 5],16,16,19,0,16
1,<environment.Job instance at 0x7f540b83dd20>,16,17,[ 1 14],17,19,36,2,17
1,<environment.Job instance at 0x7f5452232640>,18,1,[3 8],19,36,37,17,19
1,<environment.Job instance at 0x7f540b83d320>,19,18,[14  4],20,37,55,17,26
1,<environment.Job instance at 0x7f544f8b4230>,23,24,[4 7],24,55,79,31,50
1,<environment.Job instance at 0x7f540b770320>,26,2,[10  1],27,59,61,32,59
1,<environment.Job instance at 0x7f544f6c61e0>,27,1,[7 3],28,61,62,33,59
1,<environment.Job instance at 0x7f540bc126e0>,28,23,[ 4 10],29,79,102,50,73
1,<environment.Job instance at 0x7f540b8a70a0>,29,2,[4 6],30,73,75,43,73
1,<environment.Job instance at 0x7f54521c3fa0>,30,2,[5 8],31,75,77,44,73
1,<environment.Job instance at 0x7f54521c3a00>,31,3,[6 5],32,77,80,45,73
1,<environment.Job instance at 0x7f54521c3370>,33,1,[6 5],34,80,81,46,73
1,<environment.Job instance at 0x7f544f64cdc0>,34,1,[4 9],35,102,103,67,74
1,<environment.Job instance at 0x7f544f64ca00>,35,13,[ 3 12],36,103,116,67,87
1,<environment.Job instance at 0x7f544f64c6e0>,36,13,[ 4 12],37,116,129,79,100
1,<environment.Job instance at 0x7f544f64c870>,38,1,[1 6],39,102,103,63,100
1,<environment.Job instance at 0x7f544f64c370>,41,3,[5 5],42,129,132,87,103
1,<environment.Job instance at 0x7f5451dc5230>,43,24,[3 5],44,129,153,85,124
1,<environment.Job instance at 0x7f5451dc5550>,44,2,[1 6],45,132,134,87,124
1,<environment.Job instance at 0x7f5451dc5fa0>,46,1,[3 7],47,134,135,87,124
1,<environment.Job instance at 0x7f5451dc54b0>,47,1,[4 7],48,135,136,87,124
1,<environment.Job instance at 0x7f5452051320>,54,1,[1 9],55,152,153,97,152
1,<environment.Job instance at 0x7f5452051910>,56,1,[2 5],57,153,154,96,152
1,<environment.Job instance at 0x7f5452051cd0>,57,1,[8 5],58,153,154,95,152
1,<environment.Job instance at 0x7f544f6bdeb0>,3,17,[7 4],4,194,211,190,194
1,<environment.Job instance at 0x7f540b83d4b0>,13,14,[4 9],14,195,209,181,195
1,<environment.Job instance at 0x7fb61992ef50>,3,22,[2 5],4,4,26,0,4
1,<environment.Job instance at 0x7fb61451f2d0>,5,2,[1 6],6,7,9,1,7
1,<environment.Job instance at 0x7fb61992f140>,2,14,[ 2 10],3,13,27,10,13
1,<environment.Job instance at 0x7fb61451f730>,12,23,[6 4],13,26,49,13,20
1,<environment.Job instance at 0x7fb61451fbe0>,13,18,[5 9],14,27,45,13,21
1,<environment.Job instance at 0x7fb61992f320>,1,3,[ 2 10],2,45,48,43,24
1,<environment.Job instance at 0x7fb61451fd70>,17,12,[5 1],18,45,57,27,29
1,<environment.Job instance at 0x7fb61451faf0>,14,21,[8 1],15,49,70,34,41
1,<environment.Job instance at 0x7fb61451feb0>,19,25,[5 9],20,57,82,37,54
1,<environment.Job instance at 0x7fb614520550>,24,2,[4 6],25,70,72,45,58
1,<environment.Job instance at 0x7fb6145208c0>,28,17,[ 1 13],29,82,99,53,70
1,<environment.Job instance at 0x7fb614520910>,29,2,[4 7],30,99,101,69,72
1,<environment.Job instance at 0x7fb6145206e0>,25,2,[5 7],26,99,101,73,73
1,<environment.Job instance at 0x7fb614520b40>,31,1,[ 2 14],32,101,102,69,73
1,<environment.Job instance at 0x7fb614520aa0>,30,26,[9 4],31,102,128,71,99
1,<environment.Job instance at 0x7fb614520a00>,32,21,[5 9],33,102,123,69,100
1,<environment.Job instance at 0x7fb614520cd0>,40,26,[ 1 10],41,123,149,82,120
1,<environment.Job instance at 0x7fb6145248c0>,48,12,[9 2],49,130,142,81,130
1,<environment.Job instance at 0x7fb614524690>,50,2,[5 6],51,149,151,98,138
1,<environment.Job instance at 0x7fb614524910>,51,2,[5 3],52,138,140,86,138
1,<environment.Job instance at 0x7fb6145249b0>,52,2,[ 2 10],53,151,153,98,138
1,<environment.Job instance at 0x7fb614524be0>,53,3,[2 9],54,153,156,99,138
1,<environment.Job instance at 0x7fb614524e60>,56,3,[8 4],57,145,148,88,145
1,<environment.Job instance at 0x7fb614524f00>,57,16,[ 2 11],58,156,172,98,145
1,<environment.Job instance at 0x7fb61451fe10>,18,26,[7 4],19,148,174,129,145
1,<environment.Job instance at 0x7fb6145280a0>,60,2,[2 6],61,172,174,111,156
1,<environment.Job instance at 0x7fb614528230>,61,1,[7 5],62,174,175,112,156
1,<environment.Job instance at 0x7fb614528640>,64,2,[2 8],65,174,176,109,171
1,<environment.Job instance at 0x7fb614528460>,65,1,[5 8],66,176,177,110,171
1,<environment.Job instance at 0x7fb6145284b0>,66,2,[7 2],67,175,177,108,171
1,<environment.Job instance at 0x7fb614520af0>,33,26,[3 6],34,184,210,150,184
1,<environment.Job instance at 0x7fb619a9e050>,3,2,[9 3],4,4,6,0,4
1,<environment.Job instance at 0x7fb619aa4f50>,5,3,[10  4],6,6,9,0,6
1,<environment.Job instance at 0x7fb619aa4e10>,6,13,[10  1],7,9,22,2,8
1,<environment.Job instance at 0x7fb619aa4410>,9,19,[10  3],10,22,41,12,12
1,<environment.Job instance at 0x7fb619aa46e0>,12,21,[4 8],13,14,35,1,14
1,<environment.Job instance at 0x7fb619aa4cd0>,19,17,[ 5 14],20,41,58,21,29
1,<environment.Job instance at 0x7fb619a97730>,20,3,[6 1],21,41,44,20,29
1,<environment.Job instance at 0x7fb6199595a0>,23,25,[ 1 10],24,58,83,34,54
1,<environment.Job instance at 0x7fb619959500>,24,1,[ 5 10],25,83,84,58,55
1,<environment.Job instance at 0x7fb619959730>,25,3,[8 5],26,58,61,32,55
1,<environment.Job instance at 0x7fb6199599b0>,27,2,[6 2],28,61,63,33,55
1,<environment.Job instance at 0x7fb619959e10>,28,1,[2 9],29,84,85,55,56
1,<environment.Job instance at 0x7fb619959780>,29,2,[7 5],30,63,65,33,56
1,<environment.Job instance at 0x7fb619959c30>,34,1,[ 1 10],35,85,86,50,59
1,<environment.Job instance at 0x7fb6199591e0>,36,1,[4 8],37,86,87,49,75
1,<environment.Job instance at 0x7fb619aa61e0>,39,27,[3 9],40,87,114,47,85
1,<environment.Job instance at 0x7fb619aa6190>,40,23,[5 1],41,88,111,47,88
1,<environment.Job instance at 0x7fb619a96f50>,44,1,[9 2],45,111,112,66,93
1,<environment.Job instance at 0x7fb619a96fa0>,45,2,[1 6],46,112,114,66,93
1,<environment.Job instance at 0x7fb61995b3c0>,47,3,[ 3 13],48,114,117,66,104
1,<environment.Job instance at 0x7fb61995b050>,49,28,[7 5],50,117,145,67,116
1,<environment.Job instance at 0x7fb61995b370>,50,19,[ 5 12],51,145,164,94,135
1,<environment.Job instance at 0x7fb619aaa8c0>,62,18,[10  4],63,164,182,101,160
1,<environment.Job instance at 0x7fb619aaa4b0>,63,2,[ 5 10],64,164,166,100,161
1,<environment.Job instance at 0x7fb619aaa1e0>,66,1,[9 5],67,182,183,115,171
1,<environment.Job instance at 0x7fb619aaa320>,67,28,[ 2 10],68,171,199,103,171
1,<environment.Job instance at 0x7fb619aa3820>,52,18,[7 5],53,198,216,145,198
1,<environment.Job instance at 0x7fb5ce9d4b90>,2,15,[ 2 13],3,3,18,0,3
1,<environment.Job instance at 0x7fb5ce853640>,4,20,[13  4],5,18,38,13,9
1,<environment.Job instance at 0x7fb5ce861c80>,16,12,[1 6],17,19,31,2,19
1,<environment.Job instance at 0x7fb5ce8618c0>,18,2,[9 1],19,38,40,19,19
1,<environment.Job instance at 0x7fb5ce8614b0>,19,2,[ 4 10],20,38,40,18,21
1,<environment.Job instance at 0x7fb5ce861f50>,13,1,[12  5],14,40,41,26,23
1,<environment.Job instance at 0x7fb5ce8610f0>,17,21,[10  4],18,41,62,23,33
1,<environment.Job instance at 0x7fb5ce80e820>,22,20,[10  5],23,62,82,39,53
1,<environment.Job instance at 0x7fb5ce861820>,20,24,[1 5],21,53,77,32,53
1,<environment.Job instance at 0x7fb5ce80ee60>,27,3,[5 6],28,77,80,49,53
1,<environment.Job instance at 0x7fb5ce7fe410>,33,24,[3 7],34,80,104,46,75
1,<environment.Job instance at 0x7fb5ce7fed70>,35,17,[5 1],36,82,99,46,82
1,<environment.Job instance at 0x7fb5ce7fea00>,36,3,[10  3],37,99,102,62,82
1,<environment.Job instance at 0x7fb5ce7fec80>,38,2,[5 7],39,82,84,43,82
1,<environment.Job instance at 0x7fb5ce7fe910>,42,1,[8 3],43,102,103,59,99
1,<environment.Job instance at 0x7fb5ce8208c0>,43,3,[2 5],44,99,102,55,99
1,<environment.Job instance at 0x7fb5ce8200f0>,44,19,[6 2],45,103,122,58,99
1,<environment.Job instance at 0x7fb5ce820a50>,45,1,[9 3],46,104,105,58,99
1,<environment.Job instance at 0x7fb5ce820af0>,48,27,[ 3 12],49,114,141,65,114
1,<environment.Job instance at 0x7fb5ce820c80>,51,3,[9 5],52,141,144,89,137
1,<environment.Job instance at 0x7fb5ce8204b0>,53,12,[1 9],54,141,153,87,137
1,<environment.Job instance at 0x7fb5ce820230>,54,26,[3 9],55,153,179,98,150
1,<environment.Job instance at 0x7fb5ce820370>,56,3,[7 5],57,150,153,93,150
1,<environment.Job instance at 0x7fb5ce820190>,57,2,[5 3],58,153,155,95,150
1,<environment.Job instance at 0x7fb5ce820280>,58,21,[2 7],59,179,200,120,171
1,<environment.Job instance at 0x7fb5ce8185a0>,60,23,[4 7],61,179,202,118,173
1,<environment.Job instance at 0x7fb5ce818a50>,64,3,[5 6],65,174,177,109,174
1,<environment.Job instance at 0x7fb5ce818280>,65,19,[ 1 10],66,202,221,136,192
1,<environment.Job instance at 0x7fb5ce818fa0>,67,2,[10  3],68,200,202,132,192
1,<environment.Job instance at 0x7fb5ce818e10>,68,20,[ 2 10],69,221,241,152,212
1,<environment.Job instance at 0x7fb5ce80df50>,0,1,[14  4],1,1,2,0,1
1,<environment.Job instance at 0x7fb5ce7772d0>,3,1,[4 8],4,4,5,0,4
1,<environment.Job instance at 0x7fb5ce777d20>,5,21,[1 6],6,6,27,0,6
1,<environment.Job instance at 0x7fb5ce777af0>,8,23,[1 9],9,21,44,12,21
1,<environment.Job instance at 0x7fb5cebdea00>,11,3,[5 3],12,27,30,15,21
1,<environment.Job instance at 0x7fb5cebde730>,15,17,[12  1],16,30,47,14,23
1,<environment.Job instance at 0x7fb5cebde8c0>,16,2,[10  2],17,47,49,30,23
1,<environment.Job instance at 0x7fb5cebde1e0>,18,19,[4 7],19,47,66,28,37
1,<environment.Job instance at 0x7fb5ce9a12d0>,21,1,[ 5 10],22,66,67,44,46
1,<environment.Job instance at 0x7fb5ce9a11e0>,22,2,[10  4],23,49,51,26,46
1,<environment.Job instance at 0x7fb5ce9a1aa0>,23,22,[9 1],24,51,73,27,47
1,<environment.Job instance at 0x7fb5ce9a1e60>,26,1,[5 1],27,67,68,40,58
1,<environment.Job instance at 0x7fb5ce9a1b40>,27,2,[ 1 12],28,67,69,39,58
1,<environment.Job instance at 0x7fb5ce9a15a0>,29,2,[7 2],30,73,75,43,58
1,<environment.Job instance at 0x7fb5ce8ed4b0>,32,12,[ 5 10],33,70,82,37,70
1,<environment.Job instance at 0x7fb5ce8ed190>,35,27,[6 1],36,75,102,39,73
1,<environment.Job instance at 0x7fb5ce8eda50>,36,1,[4 7],37,82,83,45,73
1,<environment.Job instance at 0x7fb5ce8ed050>,38,3,[5 1],39,85,88,46,85
1,<environment.Job instance at 0x7fb5ce8ed780>,39,2,[6 2],40,88,90,48,85
1,<environment.Job instance at 0x7fb5ce8e0a50>,42,23,[1 8],43,86,109,43,86
1,<environment.Job instance at 0x7fb5ce8e0280>,43,1,[9 5],44,102,103,58,86
1,<environment.Job instance at 0x7fb5ce8e0050>,44,2,[7 1],45,90,92,45,86
1,<environment.Job instance at 0x7fb5ce8e0960>,45,1,[5 1],46,92,93,46,86
1,<environment.Job instance at 0x7fb5ce8e0320>,46,1,[2 6],47,93,94,46,86
1,<environment.Job instance at 0x7fb5ce8e09b0>,48,2,[5 3],49,96,98,47,96
1,<environment.Job instance at 0x7fb5cebdeaa0>,12,15,[8 2],13,103,118,90,96
1,<environment.Job instance at 0x7fb5ce8e0460>,49,3,[4 8],50,109,112,59,97
1,<environment.Job instance at 0x7fb5ce9a1c80>,20,16,[14  3],21,118,134,97,105
1,<environment.Job instance at 0x7fb5ce8e0690>,55,18,[ 1 10],56,112,130,56,107
1,<environment.Job instance at 0x7fb5ce8ee640>,61,3,[5 9],62,134,137,72,124
1,<environment.Job instance at 0x7fb5cee3feb0>,64,3,[7 5],65,134,137,69,133
1,<environment.Job instance at 0x7fb5cee3f7d0>,65,2,[5 8],66,137,139,71,133
1,<environment.Job instance at 0x7fb5ce81a870>,7,18,[ 1 14],8,139,157,131,139
1,<environment.Job instance at 0x7fb619959050>,68,20,[5 2],69,157,177,88,148
1,<environment.Job instance at 0x7fb619959c80>,67,15,[3 6],68,169,184,101,169
1,<environment.Job instance at 0x7fb5ce8e0d70>,53,26,[5 3],54,171,197,117,171
1,<environment.Job instance at 0x7fb5ce8e0820>,1,20,[ 4 10],2,2,22,0,2
1,<environment.Job instance at 0x7fb5ce81a910>,3,2,[7 3],4,4,6,0,4
1,<environment.Job instance at 0x7fb5ce8fa2d0>,5,2,[5 7],6,22,24,16,6
1,<environment.Job instance at 0x7fb5ce80dc80>,6,2,[8 1],7,7,9,0,7
1,<environment.Job instance at 0x7fb5ce8dda00>,7,27,[9 5],8,9,36,1,8
1,<environment.Job instance at 0x7fb5ce8f83c0>,16,13,[8 2],17,36,49,19,28
1,<environment.Job instance at 0x7fb5ce8bd4b0>,20,1,[7 2],21,36,37,15,28
1,<environment.Job instance at 0x7fb5cec26b40>,21,17,[ 5 14],22,49,66,27,37
1,<environment.Job instance at 0x7fb5cec26b90>,22,25,[ 3 11],23,66,91,43,62
1,<environment.Job instance at 0x7fb5ce7774b0>,9,14,[12  2],10,66,80,56,62
1,<environment.Job instance at 0x7fb5ce8f8af0>,10,2,[4 9],11,91,93,80,66
1,<environment.Job instance at 0x7fb5cec26e10>,26,3,[4 5],27,91,94,64,75
1,<environment.Job instance at 0x7fb5cec26d20>,24,17,[13  5],25,94,111,69,82
1,<environment.Job instance at 0x7fb5cec11550>,36,1,[9 2],37,85,86,48,85
1,<environment.Job instance at 0x7fb5cec11780>,37,2,[1 8],38,93,95,55,85
1,<environment.Job instance at 0x7fb5cec11690>,39,18,[5 6],40,111,129,71,100
1,<environment.Job instance at 0x7fb5cec119b0>,42,2,[7 5],43,111,113,68,101
1,<environment.Job instance at 0x7fb5cec11140>,40,16,[8 3],41,113,129,72,103
1,<environment.Job instance at 0x7fb5cec11c30>,46,2,[1 8],47,106,108,59,106
1,<environment.Job instance at 0x7fb5cec11cd0>,47,12,[13  4],48,129,141,81,112
1,<environment.Job instance at 0x7fb5cec11d70>,48,12,[ 5 12],49,141,153,92,124
1,<environment.Job instance at 0x7fb5cec11f50>,52,20,[4 9],53,153,173,100,144
1,<environment.Job instance at 0x7fb5cec0b820>,54,1,[10  5],55,153,154,98,144
1,<environment.Job instance at 0x7fb5cec0b0a0>,56,2,[5 5],57,154,156,97,144
1,<environment.Job instance at 0x7fb5cec0b230>,58,3,[10  2],59,144,147,85,144
1,<environment.Job instance at 0x7fb5cec0b640>,60,3,[6 2],61,147,150,86,144
1,<environment.Job instance at 0x7fb5cec0bbe0>,63,17,[7 1],64,156,173,92,153
1,<environment.Job instance at 0x7fb5cec0b690>,67,13,[12  1],68,173,186,105,157
1,<environment.Job instance at 0x7fb5cec26c80>,27,16,[5 3],28,186,202,158,176
1,<environment.Job instance at 0x7fb5cec0b960>,64,21,[4 9],65,186,207,121,186
1,<environment.Job instance at 0x7fb5cec26a00>,25,13,[ 5 14],26,207,220,181,200
1,<environment.Job instance at 0x7fb5cec0bc80>,68,12,[14  3],69,220,232,151,203
1,<environment.Job instance at 0x7fb5ce8e0eb0>,3,3,[7 5],4,4,7,0,4
1,<environment.Job instance at 0x7fb5cebcaf00>,5,2,[6 3],6,6,8,0,6
1,<environment.Job instance at 0x7fb5cebcafa0>,6,25,[2 8],7,7,32,0,7
1,<environment.Job instance at 0x7fb6143f1370>,10,26,[8 3],11,11,37,0,11
1,<environment.Job instance at 0x7fb5cebca1e0>,9,2,[8 2],10,37,39,27,13
1,<environment.Job instance at 0x7fb6143f1af0>,17,3,[10  5],18,39,42,21,18
1,<environment.Job instance at 0x7fb5ceddcf50>,23,2,[10  2],24,42,44,18,30
1,<environment.Job instance at 0x7fb5ceddceb0>,24,2,[11  3],25,44,46,19,30
1,<environment.Job instance at 0x7fb5ceddccd0>,26,2,[2 7],27,32,34,5,30
1,<environment.Job instance at 0x7fb5ceddcc30>,28,1,[9 5],29,46,47,17,32
1,<environment.Job instance at 0x7fb5ceddc1e0>,29,18,[5 2],30,46,64,16,39
1,<environment.Job instance at 0x7fb61494baa0>,33,3,[2 8],34,62,65,28,62
1,<environment.Job instance at 0x7fb61494b0f0>,35,17,[12  4],36,64,81,28,62
1,<environment.Job instance at 0x7fb6146aab40>,37,2,[9 3],38,81,83,43,79
1,<environment.Job instance at 0x7fb6146aa910>,38,2,[3 5],39,79,81,40,79
1,<environment.Job instance at 0x7fb6146aa640>,40,15,[1 9],41,85,100,44,85
1,<environment.Job instance at 0x7fb61430e9b0>,42,1,[10  4],43,92,93,49,92
1,<environment.Job instance at 0x7fb61430e0a0>,44,18,[10  5],45,95,113,50,95
1,<environment.Job instance at 0x7fb61430edc0>,45,3,[8 3],46,113,116,67,95
1,<environment.Job instance at 0x7fb61430eb90>,46,16,[2 9],47,104,120,57,104
1,<environment.Job instance at 0x7fb61430e460>,47,2,[ 3 11],48,120,122,72,104
1,<environment.Job instance at 0x7fb61430eaa0>,49,2,[2 7],50,122,124,72,108
1,<environment.Job instance at 0x7fb61430ef00>,52,27,[8 3],53,123,150,70,123
1,<environment.Job instance at 0x7fb61430e370>,53,18,[1 6],54,134,152,80,134
1,<environment.Job instance at 0x7fb61430eb40>,55,1,[1 6],56,134,135,78,134
1,<environment.Job instance at 0x7fb6142fbaf0>,56,27,[2 6],57,135,162,78,134
1,<environment.Job instance at 0x7fb6142fb1e0>,60,14,[ 4 14],61,162,176,101,152
1,<environment.Job instance at 0x7fb6142fb190>,63,1,[8 3],64,155,156,91,155
1,<environment.Job instance at 0x7fb6142fbf00>,67,1,[2 8],68,176,177,108,167
1,<environment.Job instance at 0x7fb61430eeb0>,54,17,[2 6],55,194,211,139,194
1,<environment.Job instance at 0x7fb5ce8e0190>,1,3,[3 8],2,2,5,0,2
1,<environment.Job instance at 0x7fb61470daa0>,3,1,[7 1],4,4,5,0,4
1,<environment.Job instance at 0x7fb5cedc2eb0>,6,21,[ 4 10],7,7,28,0,7
1,<environment.Job instance at 0x7fb5cedc2d20>,7,23,[2 8],8,28,51,20,22
1,<environment.Job instance at 0x7fb5cedc2e60>,8,3,[11  1],9,22,25,13,22
1,<environment.Job instance at 0x7fb614bd6050>,17,1,[7 2],18,26,27,8,26
1,<environment.Job instance at 0x7fb614bd6140>,19,17,[12  4],20,38,55,18,38
1,<environment.Job instance at 0x7fb614bd66e0>,20,25,[6 4],21,55,80,34,51
1,<environment.Job instance at 0x7fb614946820>,14,13,[ 4 11],15,55,68,40,52
1,<environment.Job instance at 0x7fb614c0ad70>,22,3,[14  5],23,80,83,57,54
1,<environment.Job instance at 0x7fb5ced66a00>,28,28,[ 5 10],29,83,111,54,82
1,<environment.Job instance at 0x7fb5cebca730>,36,12,[ 5 12],37,111,123,74,94
1,<environment.Job instance at 0x7fb5cebcabe0>,39,2,[ 5 14],40,123,125,83,98
1,<environment.Job instance at 0x7fb5cebcae10>,41,2,[7 2],42,110,112,68,110
1,<environment.Job instance at 0x7fb5ceaf2b90>,42,2,[4 9],43,125,127,82,110
1,<environment.Job instance at 0x7fb61430bc30>,44,3,[2 8],45,127,130,82,111
1,<environment.Job instance at 0x7fb5ce7e26e0>,46,12,[10  2],47,125,137,78,111
1,<environment.Job instance at 0x7fb5ce7e24b0>,49,1,[9 2],50,137,138,87,123
1,<environment.Job instance at 0x7fb5ce7e2780>,54,22,[7 3],55,138,160,83,136
1,<environment.Job instance at 0x7fb5cee540f0>,55,20,[7 5],56,138,158,82,136
1,<environment.Job instance at 0x7fb5cec8d2d0>,58,1,[6 5],59,158,159,99,139
1,<environment.Job instance at 0x7fb619865f00>,59,2,[1 9],60,159,161,99,140
1,<environment.Job instance at 0x7fb614dd2910>,62,3,[8 3],63,160,163,97,153
1,<environment.Job instance at 0x7fb61462abe0>,63,2,[9 1],64,163,165,99,153
1,<environment.Job instance at 0x7fb5ce970fa0>,9,19,[13  3],10,165,184,155,157
1,<environment.Job instance at 0x7fb614cc5cd0>,65,12,[4 5],66,184,196,118,170
1,<environment.Job instance at 0x7fb614cc5d20>,68,3,[3 7],69,184,187,115,177
1,<environment.Job instance at 0x7fb614cc5b40>,67,18,[8 2],68,184,202,116,177
1,<environment.Job instance at 0x7fb5ce7e2d20>,51,16,[ 1 14],52,202,218,150,190
1,<environment.Job instance at 0x7fb5ce7e25a0>,1,2,[14  5],2,2,4,0,2
1,<environment.Job instance at 0x7fb61470d370>,4,2,[9 4],5,6,8,1,6
1,<environment.Job instance at 0x7fb61444e190>,9,3,[4 7],10,10,13,0,10
1,<environment.Job instance at 0x7fb61444ec30>,10,1,[4 8],11,11,12,0,11
1,<environment.Job instance at 0x7fb61444edc0>,11,1,[8 1],12,12,13,0,12
1,<environment.Job instance at 0x7fb61444e870>,15,2,[9 1],16,21,23,5,21
1,<environment.Job instance at 0x7fb61444ebe0>,16,22,[1 8],17,21,43,4,21
1,<environment.Job instance at 0x7fb61444e230>,17,28,[5 9],18,43,71,25,42
1,<environment.Job instance at 0x7fb61444ea50>,18,1,[9 2],19,42,43,23,42
1,<environment.Job instance at 0x7fb6147664b0>,20,18,[ 2 10],21,71,89,50,60
1,<environment.Job instance at 0x7fb61430fc80>,23,2,[5 9],24,89,91,65,62
1,<environment.Job instance at 0x7fb5ce6d6f50>,25,3,[4 6],26,62,65,36,62
1,<environment.Job instance at 0x7fb614b06e10>,27,28,[9 1],28,73,101,45,73
1,<environment.Job instance at 0x7fb5ce899320>,29,3,[6 3],30,91,94,61,86
1,<environment.Job instance at 0x7fb5ce899dc0>,30,3,[2 9],31,94,97,63,86
1,<environment.Job instance at 0x7fb5cedacd70>,32,26,[5 8],33,97,123,64,94
1,<environment.Job instance at 0x7fb5cee4e910>,33,2,[7 2],34,101,103,67,94
1,<environment.Job instance at 0x7fb5cedaccd0>,34,3,[ 5 10],35,123,126,88,97
1,<environment.Job instance at 0x7fb5cee4ecd0>,35,1,[5 4],36,103,104,67,97
1,<environment.Job instance at 0x7fb5cee46c30>,36,2,[ 5 13],37,126,128,89,99
1,<environment.Job instance at 0x7fb6142e9e60>,37,1,[6 2],38,104,105,66,99
1,<environment.Job instance at 0x7fb5ce878370>,39,18,[1 7],40,105,123,65,101
1,<environment.Job instance at 0x7fb5ce878f50>,41,1,[13  4],42,128,129,86,101
1,<environment.Job instance at 0x7fb5ce669780>,43,22,[3 5],44,129,151,85,122
1,<environment.Job instance at 0x7fb5ce669460>,48,2,[12  3],49,132,134,83,132
1,<environment.Job instance at 0x7fb5ce669f00>,45,18,[4 6],46,134,152,88,132
1,<environment.Job instance at 0x7fb61470d910>,8,2,[9 3],9,151,153,142,132
1,<environment.Job instance at 0x7fb5ce669b40>,52,21,[5 7],53,152,173,99,144
1,<environment.Job instance at 0x7fb5cee57eb0>,57,1,[ 4 10],58,173,174,115,156
1,<environment.Job instance at 0x7fb5ce6690a0>,50,22,[7 1],51,157,179,106,157
1,<environment.Job instance at 0x7fb5ce67e870>,60,3,[10  1],61,179,182,118,169
1,<environment.Job instance at 0x7fb5ce67eaa0>,62,3,[6 5],63,174,177,111,171
1,<environment.Job instance at 0x7fb5ce67ecd0>,66,2,[2 6],67,197,199,130,197
1,<environment.Job instance at 0x7fb5ce67eeb0>,67,1,[5 1],68,197,198,129,197
1,<environment.Job instance at 0x7fb5ce67e2d0>,68,1,[10  1],69,198,199,129,197
1,<environment.Job instance at 0x7fb5ce67e9b0>,64,16,[ 5 10],65,221,237,156,221
1,<environment.Job instance at 0x7fb5cec18b40>,0,26,[3 7],1,1,27,0,1
1,<environment.Job instance at 0x7fb5ce67e460>,1,18,[11  5],2,3,21,1,3
1,<environment.Job instance at 0x7fb614c38d70>,11,3,[5 1],12,21,24,9,12
1,<environment.Job instance at 0x7fb614c38e10>,12,24,[1 9],13,27,51,14,22
1,<environment.Job instance at 0x7fb614a3a0f0>,16,12,[10  1],17,33,45,16,33
1,<environment.Job instance at 0x7fb614a3a230>,18,2,[1 6],19,45,47,26,33
1,<environment.Job instance at 0x7fb614a3a780>,19,3,[7 2],20,47,50,27,33
1,<environment.Job instance at 0x7fb614a3a280>,21,27,[7 1],22,47,74,25,45
1,<environment.Job instance at 0x7fb614a3abe0>,22,26,[ 3 10],23,51,77,28,48
1,<environment.Job instance at 0x7fb614a3a870>,23,2,[ 3 13],24,77,79,53,55
1,<environment.Job instance at 0x7fb614a3a140>,25,21,[ 2 10],26,79,100,53,71
1,<environment.Job instance at 0x7fb614a3aa00>,27,1,[ 3 14],28,100,101,72,72
1,<environment.Job instance at 0x7fb614c91460>,28,12,[ 2 11],29,101,113,72,84
1,<environment.Job instance at 0x7fb614a3adc0>,14,12,[9 3],15,86,98,71,86
1,<environment.Job instance at 0x7fb5cedf42d0>,33,15,[ 4 13],34,113,128,79,99
1,<environment.Job instance at 0x7fb5cedf4960>,37,1,[7 3],38,105,106,67,105
1,<environment.Job instance at 0x7fb5cedf4050>,38,3,[9 3],39,106,109,67,106
1,<environment.Job instance at 0x7fb614c38820>,9,1,[12  2],10,133,134,123,133
1,<environment.Job instance at 0x7fb61510f230>,43,24,[2 6],44,133,157,89,133
1,<environment.Job instance at 0x7fb61510faa0>,45,2,[ 2 11],46,157,159,111,133
1,<environment.Job instance at 0x7fb61510f550>,48,3,[ 1 10],49,159,162,110,140
1,<environment.Job instance at 0x7fb61510ffa0>,51,2,[5 5],52,146,148,94,146
1,<environment.Job instance at 0x7fb61510f500>,52,18,[6 2],53,155,173,102,155
1,<environment.Job instance at 0x7fb61510feb0>,53,1,[5 5],54,155,156,101,155
1,<environment.Job instance at 0x7fb61510f3c0>,55,19,[6 3],56,159,178,103,159
1,<environment.Job instance at 0x7fb61486a0f0>,59,1,[2 8],60,162,163,102,161
1,<environment.Job instance at 0x7fb61486aa50>,60,3,[1 9],61,163,166,102,161
1,<environment.Job instance at 0x7fb61486abe0>,62,27,[5 7],63,173,200,110,171
1,<environment.Job instance at 0x7fb61486a3c0>,63,1,[1 6],64,171,172,107,171
1,<environment.Job instance at 0x7fb5cedf41e0>,32,16,[12  1],33,200,216,167,191
1,<environment.Job instance at 0x7fb61486ad70>,64,24,[13  2],65,216,240,151,211
1,<environment.Job instance at 0x7fb61486ab90>,68,15,[11  4],69,240,255,171,234
1,<environment.Job instance at 0x7fb614af33c0>,1,14,[ 4 13],2,2,16,0,2
1,<environment.Job instance at 0x7fb5cee05280>,7,3,[10  1],8,9,12,1,9
1,<environment.Job instance at 0x7fb5ceb52d70>,17,14,[11  4],18,40,54,22,40
1,<environment.Job instance at 0x7fb5ceafecd0>,8,2,[2 7],9,42,44,33,42
1,<environment.Job instance at 0x7fb5ceb345f0>,21,18,[ 3 10],22,44,62,22,42
1,<environment.Job instance at 0x7fb6145b9550>,20,18,[ 4 11],21,62,80,41,51
1,<environment.Job instance at 0x7fb614cf90f0>,26,3,[4 9],27,80,83,53,55
1,<environment.Job instance at 0x7fb5ceb7ac80>,27,2,[1 6],28,80,82,52,55
1,<environment.Job instance at 0x7fb5cec50a50>,28,13,[12  1],29,83,96,54,67
1,<environment.Job instance at 0x7fb5cee163c0>,34,2,[2 7],35,92,94,57,92
1,<environment.Job instance at 0x7fb5cee16a50>,36,3,[14  2],37,96,99,59,92
1,<environment.Job instance at 0x7fb6146326e0>,38,20,[3 9],39,99,119,60,95
1,<environment.Job instance at 0x7fb614632b90>,39,1,[5 5],40,99,100,59,95
1,<environment.Job instance at 0x7fb614632550>,42,3,[3 7],43,119,122,76,112
1,<environment.Job instance at 0x7fb614632fa0>,43,14,[ 5 13],44,122,136,78,112
1,<environment.Job instance at 0x7fb614632410>,45,2,[8 3],46,120,122,74,120
1,<environment.Job instance at 0x7fb614ba8be0>,47,21,[4 8],48,136,157,88,128
1,<environment.Job instance at 0x7fb5ceb52960>,10,17,[5 2],11,133,150,122,133
1,<environment.Job instance at 0x7fb614744f50>,48,23,[3 9],49,157,180,108,151
1,<environment.Job instance at 0x7fb5ce60fe60>,53,2,[9 2],54,151,153,97,151
1,<environment.Job instance at 0x7fb614446190>,58,16,[1 7],59,180,196,121,178
1,<environment.Job instance at 0x7fb614ce1690>,60,2,[ 1 11],61,196,198,135,178
1,<environment.Job instance at 0x7fb614ce10a0>,62,1,[ 3 10],63,198,199,135,178
1,<environment.Job instance at 0x7fb614ce11e0>,63,3,[3 8],64,181,184,117,181
1,<environment.Job instance at 0x7fb5cead3d20>,66,3,[ 4 10],67,199,202,132,192
1,<environment.Job instance at 0x7fb6143d5e60>,67,12,[ 3 14],68,202,214,134,192
1,<environment.Job instance at 0x7fb6143d5b90>,68,2,[ 1 10],69,214,216,145,192
1,<environment.Job instance at 0x7fb614446820>,59,15,[ 2 10],60,216,231,156,207
1,<environment.Job instance at 0x7fb614903be0>,23,24,[8 5],24,219,243,195,219
1,<environment.Job instance at 0x7fb614cde2d0>,4,1,[2 5],5,5,6,0,5
1,<environment.Job instance at 0x7fb6146d12d0>,5,1,[7 2],6,7,8,1,7
1,<environment.Job instance at 0x7fb6143aea00>,7,2,[8 3],8,8,10,0,8
1,<environment.Job instance at 0x7fb5ce60ee60>,9,1,[ 2 10],10,12,13,2,12
1,<environment.Job instance at 0x7fb6143ae1e0>,11,3,[3 5],12,14,17,2,14
1,<environment.Job instance at 0x7fb6143aedc0>,15,21,[9 5],16,17,38,1,17
1,<environment.Job instance at 0x7fb5cee1a690>,12,12,[4 7],13,18,30,5,18
1,<environment.Job instance at 0x7fb6149a97d0>,17,14,[1 9],18,30,44,12,18
1,<environment.Job instance at 0x7fb6143ae550>,8,16,[13  3],9,38,54,29,25
1,<environment.Job instance at 0x7fb61520d4b0>,24,1,[12  4],25,54,55,29,32
1,<environment.Job instance at 0x7fb5ce7a25a0>,25,2,[14  1],26,55,57,29,33
1,<environment.Job instance at 0x7fb5ce7c2af0>,30,3,[8 5],31,57,60,26,44
1,<environment.Job instance at 0x7fb61506e730>,35,14,[5 2],36,57,71,21,54
1,<environment.Job instance at 0x7fb5ce6043c0>,39,3,[3 7],40,71,74,31,71
1,<environment.Job instance at 0x7fb5ce6044b0>,41,3,[5 4],42,80,83,38,80
1,<environment.Job instance at 0x7fb5cedbe190>,44,1,[4 7],45,93,94,48,93
1,<environment.Job instance at 0x7fb5cedbe5f0>,45,18,[3 9],46,94,112,48,93
1,<environment.Job instance at 0x7fb5cedbedc0>,46,27,[10  4],47,93,120,46,93
1,<environment.Job instance at 0x7fb5cedbe6e0>,47,1,[5 6],48,112,113,64,94
1,<environment.Job instance at 0x7fb5cedbe550>,50,1,[ 5 11],51,113,114,62,107
1,<environment.Job instance at 0x7fb5cedbe5a0>,51,18,[4 8],52,114,132,62,111
1,<environment.Job instance at 0x7fb5cedbeaf0>,52,25,[7 3],53,120,145,67,116
1,<environment.Job instance at 0x7fb5ce60d320>,18,12,[7 5],19,132,144,113,118
1,<environment.Job instance at 0x7fb5cedbee10>,54,13,[ 3 12],55,144,157,89,132
1,<environment.Job instance at 0x7fb5cedbe3c0>,55,2,[ 2 10],56,157,159,101,151
1,<environment.Job instance at 0x7fb6146267d0>,62,2,[3 9],63,159,161,96,151
1,<environment.Job instance at 0x7fb5ce9b75a0>,64,3,[9 2],65,152,155,87,152
1,<environment.Job instance at 0x7fb5ce9b7cd0>,65,3,[8 2],66,155,158,89,152
1,<environment.Job instance at 0x7fb5ce8731e0>,67,3,[2 7],68,161,164,93,160
1,<environment.Job instance at 0x7fb5cead3780>,56,17,[2 9],57,164,181,107,161
1,<environment.Job instance at 0x7fb6146265f0>,61,17,[10  5],62,175,192,113,175
1,<environment.Job instance at 0x7fb5ce60d4b0>,16,18,[10  5],17,192,210,175,181
1,<environment.Job instance at 0x7fb5ceaf5eb0>,3,3,[4 8],4,4,7,0,4
1,<environment.Job instance at 0x7fb614957870>,6,1,[2 8],7,7,8,0,7
1,<environment.Job instance at 0x7fb5ce64a410>,11,14,[1 7],12,13,27,1,13
1,<environment.Job instance at 0x7fb6143fb780>,13,1,[6 2],14,14,15,0,14
1,<environment.Job instance at 0x7fb5ce64ad20>,14,2,[2 7],15,15,17,0,15
1,<environment.Job instance at 0x7fb5ced00d70>,15,26,[4 8],16,17,43,1,16
1,<environment.Job instance at 0x7fb6143fbc80>,16,20,[4 8],17,43,63,26,34
1,<environment.Job instance at 0x7fb5ced00230>,17,3,[4 6],18,39,42,21,39
1,<environment.Job instance at 0x7fb5ce9df230>,20,25,[5 4],21,42,67,21,39
1,<environment.Job instance at 0x7fb5ce9d91e0>,25,25,[5 7],26,63,88,37,59
1,<environment.Job instance at 0x7fb5ce9d9320>,27,22,[5 8],28,67,89,39,60
1,<environment.Job instance at 0x7fb5ce9d93c0>,28,1,[6 4],29,88,89,59,60
1,<environment.Job instance at 0x7fb5ce9d9460>,29,3,[11  3],30,89,92,59,63
1,<environment.Job instance at 0x7fb5ce9d9640>,32,2,[10  4],33,92,94,59,65
1,<environment.Job instance at 0x7fb5ce9d96e0>,33,27,[8 5],34,94,121,60,92
1,<environment.Job instance at 0x7fb5ce9d9910>,34,12,[ 5 13],35,121,133,86,104
1,<environment.Job instance at 0x7fb5ce9d98c0>,36,2,[5 7],37,104,106,67,104
1,<environment.Job instance at 0x7fb5ce9d9b90>,37,1,[2 8],38,106,107,68,104
1,<environment.Job instance at 0x7fb5ce9d9960>,38,2,[6 4],39,107,109,68,107
1,<environment.Job instance at 0x7fb5ce9d9a50>,43,24,[3 5],44,133,157,89,128
1,<environment.Job instance at 0x7fb5ce9df280>,21,21,[5 5],22,133,154,111,128
1,<environment.Job instance at 0x7fb5ce9d5410>,49,1,[6 2],50,135,136,85,135
1,<environment.Job instance at 0x7fb5ce9d5550>,51,18,[5 9],52,154,172,102,143
1,<environment.Job instance at 0x7fb5ce9d55f0>,52,3,[9 4],53,157,160,104,152
1,<environment.Job instance at 0x7fb5ce9d5910>,57,3,[3 8],58,172,175,114,158
1,<environment.Job instance at 0x7fb5ce9d5c80>,59,1,[4 5],60,160,161,100,158
1,<environment.Job instance at 0x7fb5ce9d5eb0>,64,23,[4 5],65,186,209,121,186
1,<environment.Job instance at 0x7fb5ce9cc140>,67,13,[12  5],68,209,222,141,198
1,<environment.Job instance at 0x7fb5ce9d9d20>,39,1,[12  4],40,229,230,189,229
1,<environment.Job instance at 0x7fb5ce9d5730>,54,27,[1 8],55,231,258,176,231
1,<environment.Job instance at 0x7fb5ced1cdc0>,1,1,[9 4],2,2,3,0,2
1,<environment.Job instance at 0x7fb5ce9d5730>,3,14,[ 4 11],4,5,19,1,5
1,<environment.Job instance at 0x7fb5cead3410>,5,2,[2 9],6,19,21,13,6
1,<environment.Job instance at 0x7fb6152480a0>,6,26,[8 5],7,19,45,12,16
1,<environment.Job instance at 0x7fb5cea58be0>,4,18,[3 6],5,21,39,16,16
1,<environment.Job instance at 0x7fb615248690>,17,3,[ 4 10],18,39,42,21,25
1,<environment.Job instance at 0x7fb615248460>,21,17,[2 9],22,43,60,21,43
1,<environment.Job instance at 0x7fb615248aa0>,22,2,[5 2],23,45,47,22,43
1,<environment.Job instance at 0x7fb615248500>,23,3,[10  2],24,47,50,23,43
1,<environment.Job instance at 0x7fb614446640>,24,12,[10  2],25,50,62,25,43
1,<environment.Job instance at 0x7fb6144467d0>,25,2,[10  1],26,62,64,36,43
1,<environment.Job instance at 0x7fb614446730>,27,22,[10  1],28,64,86,36,57
1,<environment.Job instance at 0x7fb615248960>,13,20,[5 3],14,60,80,46,57
1,<environment.Job instance at 0x7fb615248c80>,12,2,[5 1],13,80,82,67,57
1,<environment.Job instance at 0x7fb614446be0>,29,14,[5 1],30,82,96,52,69
1,<environment.Job instance at 0x7fb614446280>,32,13,[9 2],33,86,99,53,70
1,<environment.Job instance at 0x7fb614446f00>,31,3,[11  4],32,99,102,67,80
1,<environment.Job instance at 0x7fb614446780>,33,1,[5 7],34,96,97,62,80
1,<environment.Job instance at 0x7fb6144460f0>,35,1,[9 5],36,102,103,66,86
1,<environment.Job instance at 0x7fb61461c1e0>,40,1,[10  4],41,103,104,62,86
1,<environment.Job instance at 0x7fb61461ceb0>,41,2,[2 6],42,97,99,55,87
1,<environment.Job instance at 0x7fb61461c370>,42,13,[ 3 10],43,99,112,56,87
1,<environment.Job instance at 0x7fb61461c910>,39,13,[8 5],40,104,117,64,90
1,<environment.Job instance at 0x7fb614446f50>,28,16,[13  1],29,117,133,88,104
1,<environment.Job instance at 0x7fb61461c050>,47,1,[ 4 12],48,133,134,85,105
1,<environment.Job instance at 0x7fb61461cf00>,49,22,[7 3],50,133,155,83,126
1,<environment.Job instance at 0x7fb61461c230>,52,25,[7 5],53,134,159,81,133
1,<environment.Job instance at 0x7fb5cec50280>,53,2,[14  5],54,159,161,105,137
1,<environment.Job instance at 0x7fb5cec50af0>,54,2,[13  4],55,161,163,106,145
1,<environment.Job instance at 0x7fb5cec50780>,56,12,[12  4],57,163,175,106,151
1,<environment.Job instance at 0x7fb5cec50d20>,61,1,[3 5],62,170,171,108,170
1,<environment.Job instance at 0x7fb5cec50a00>,64,1,[6 4],65,175,176,110,170
1,<environment.Job instance at 0x7fb5cec509b0>,65,15,[ 4 12],66,176,191,110,170
1,<environment.Job instance at 0x7fb614508910>,66,18,[5 8],67,191,209,124,180
1,<environment.Job instance at 0x7fb615248c30>,8,18,[13  1],9,209,227,200,200
1,<environment.Job instance at 0x7fb5ced1c5a0>,3,20,[8 4],4,4,24,0,4
1,<environment.Job instance at 0x7fb6148e6e10>,4,2,[7 1],5,6,8,1,6
1,<environment.Job instance at 0x7fb6148e6690>,6,1,[1 6],7,8,9,1,7
1,<environment.Job instance at 0x7fb614340a00>,7,27,[8 5],8,24,51,16,22
1,<environment.Job instance at 0x7fb6143405f0>,13,16,[5 2],14,24,40,10,24
1,<environment.Job instance at 0x7fb614340550>,19,2,[ 2 12],20,51,53,31,40
1,<environment.Job instance at 0x7fb615248c30>,5,3,[2 6],6,46,49,40,46
1,<environment.Job instance at 0x7fb61520deb0>,22,24,[4 6],23,53,77,30,49
1,<environment.Job instance at 0x7fb5ce9d5370>,23,15,[ 2 13],24,77,92,53,63
1,<environment.Job instance at 0x7fb5ce9d5aa0>,28,1,[1 9],29,63,64,34,63
1,<environment.Job instance at 0x7fb5ce9d5050>,29,1,[3 6],30,64,65,34,63
1,<environment.Job instance at 0x7fb5ce9d5460>,24,18,[5 2],25,70,88,45,70
1,<environment.Job instance at 0x7fb5ce9d5230>,27,18,[14  1],28,92,110,64,81
1,<environment.Job instance at 0x7fb5ce9d52d0>,33,13,[ 3 11],34,110,123,76,103
1,<environment.Job instance at 0x7fb614fa7230>,36,15,[11  2],37,110,125,73,110
1,<environment.Job instance at 0x7fb614fa7410>,40,12,[ 3 12],41,123,135,82,110
1,<environment.Job instance at 0x7fb614fa7190>,42,19,[2 5],43,135,154,92,125
1,<environment.Job instance at 0x7fb614fa7b90>,39,18,[ 5 10],40,135,153,95,125
1,<environment.Job instance at 0x7fb5ce87ec80>,49,2,[6 4],50,153,155,103,142
1,<environment.Job instance at 0x7fb5ce87e320>,50,25,[10  4],51,155,180,104,151
1,<environment.Job instance at 0x7fb5ce87e0a0>,54,13,[5 7],55,158,171,103,158
1,<environment.Job instance at 0x7fb5ce9d5d20>,32,12,[5 2],33,171,183,138,162
1,<environment.Job instance at 0x7fb5ce87e8c0>,64,2,[8 1],65,184,186,119,184
1,<environment.Job instance at 0x7fb5ce87ef00>,60,18,[6 4],61,192,210,131,192
1,<environment.Job instance at 0x7fb5cedacb40>,66,16,[7 5],67,200,216,133,200
1,<environment.Job instance at 0x7fb5ce87ebe0>,59,12,[1 6],60,200,212,140,200
1,<environment.Job instance at 0x7fb5ce87eb90>,63,18,[8 3],64,212,230,148,209
1,<environment.Job instance at 0x7fb614fa7af0>,47,17,[6 2],48,216,233,168,211
1,<environment.Job instance at 0x7fb614fa7140>,1,2,[13  4],2,2,4,0,2
1,<environment.Job instance at 0x7fb5ce9cc780>,6,20,[10  4],7,7,27,0,7
1,<environment.Job instance at 0x7fb614fa7af0>,3,2,[9 1],4,27,29,23,8
1,<environment.Job instance at 0x7fb5cee11be0>,10,27,[ 3 13],11,27,54,16,25
1,<environment.Job instance at 0x7fb5cee11500>,15,18,[ 3 12],16,54,72,38,43
1,<environment.Job instance at 0x7fb5cee11640>,16,3,[10  3],17,54,57,37,43
1,<environment.Job instance at 0x7fb5ce609b90>,20,1,[12  1],21,44,45,23,44
1,<environment.Job instance at 0x7fb5ce609c30>,21,25,[9 1],22,57,82,35,53
1,<environment.Job instance at 0x7fb5ce621280>,28,18,[ 3 10],29,86,104,57,86
1,<environment.Job instance at 0x7fb5ce6213c0>,30,27,[5 4],31,86,113,55,86
1,<environment.Job instance at 0x7fb5ce621460>,31,28,[7 5],32,104,132,72,103
1,<environment.Job instance at 0x7fb5ce6215a0>,33,28,[8 2],34,113,141,79,112
1,<environment.Job instance at 0x7fb5ce621780>,36,3,[3 9],37,132,135,95,112
1,<environment.Job instance at 0x7fb5ce621a00>,40,3,[10  2],41,141,144,100,115
1,<environment.Job instance at 0x7fb5ce621aa0>,41,1,[2 8],42,135,136,93,115
1,<environment.Job instance at 0x7fb5ce621d20>,45,2,[7 1],46,136,138,90,128
1,<environment.Job instance at 0x7fb5ce621e10>,46,2,[2 6],47,138,140,91,128
1,<environment.Job instance at 0x7fb5ce6210a0>,47,18,[2 6],48,138,156,90,128
1,<environment.Job instance at 0x7fb5cee11320>,13,27,[1 7],14,140,167,126,138
1,<environment.Job instance at 0x7fb5cee118c0>,11,13,[5 2],12,144,157,132,143
1,<environment.Job instance at 0x7fb5ce624230>,52,1,[7 1],53,156,157,103,155
1,<environment.Job instance at 0x7fb5ce621320>,29,13,[8 4],30,157,170,127,155
1,<environment.Job instance at 0x7fb5ce624190>,51,1,[ 5 14],52,170,171,118,157
1,<environment.Job instance at 0x7fb5ce624500>,54,15,[10  1],55,170,185,115,161
1,<environment.Job instance at 0x7fb5ce6248c0>,60,17,[ 5 13],61,171,188,110,166
1,<environment.Job instance at 0x7fb5ce624aa0>,63,27,[5 1],64,185,212,121,183
1,<environment.Job instance at 0x7fb5ce624e60>,66,2,[ 5 12],67,188,190,121,187
1,<environment.Job instance at 0x7fb5ce624f00>,67,3,[3 6],68,190,193,122,187
1,<environment.Job instance at 0x7fb5ce624fa0>,68,2,[7 4],69,190,192,121,187
1,<environment.Job instance at 0x7fb5ce6246e0>,57,13,[5 1],58,197,210,139,197
1,<environment.Job instance at 0x7fb5ce624780>,58,18,[ 2 10],59,198,216,139,198
1,<environment.Job instance at 0x7fb5ce6241e0>,55,18,[7 4],56,213,231,157,213
1,<environment.Job instance at 0x7fb614fa79b0>,2,1,[6 5],3,11,12,8,11
1,<environment.Job instance at 0x7fb5ce61e5a0>,9,3,[4 7],10,11,14,1,11
1,<environment.Job instance at 0x7fb5ce61e6e0>,10,18,[2 9],11,14,32,3,11
1,<environment.Job instance at 0x7fb5ce61e280>,11,12,[13  5],12,14,26,2,12
1,<environment.Job instance at 0x7fb5ce61e140>,13,18,[5 3],14,26,44,12,17
1,<environment.Job instance at 0x7fb614cadd20>,15,2,[8 3],16,26,28,10,18
1,<environment.Job instance at 0x7fb614cad280>,17,26,[3 7],18,32,58,14,29
1,<environment.Job instance at 0x7fb614cad8c0>,19,1,[4 9],20,58,59,38,30
1,<environment.Job instance at 0x7fb614cadcd0>,21,3,[7 2],22,30,33,8,30
1,<environment.Job instance at 0x7fb614cadf00>,22,3,[2 9],23,59,62,36,33
1,<environment.Job instance at 0x7fb614cad050>,23,3,[1 5],24,33,36,9,33
1,<environment.Job instance at 0x7fb614cad6e0>,25,1,[8 4],26,44,45,18,33
1,<environment.Job instance at 0x7fb614cad0a0>,27,1,[ 2 11],28,62,63,34,34
1,<environment.Job instance at 0x7fb614cadeb0>,29,25,[3 8],30,63,88,33,59
1,<environment.Job instance at 0x7fb614c2f500>,33,3,[2 7],34,63,66,29,60
1,<environment.Job instance at 0x7fb5ce61e050>,8,16,[1 7],9,67,83,58,67
1,<environment.Job instance at 0x7fb614c2f190>,36,1,[6 4],37,83,84,46,72
1,<environment.Job instance at 0x7fb614c2f2d0>,41,18,[13  5],42,88,106,46,83
1,<environment.Job instance at 0x7fb5ceba6af0>,45,14,[11  2],46,106,120,60,94
1,<environment.Job instance at 0x7fb5ceba6460>,48,1,[14  2],49,120,121,71,95
1,<environment.Job instance at 0x7fb5ceba61e0>,49,1,[ 1 11],50,106,107,56,96
1,<environment.Job instance at 0x7fb5ceba67d0>,53,2,[6 4],54,121,123,67,107
1,<environment.Job instance at 0x7fb5ceba6fa0>,54,1,[7 5],55,121,122,66,107
1,<environment.Job instance at 0x7fb5ceba6f00>,55,1,[3 6],56,107,108,51,107
1,<environment.Job instance at 0x7fb6145fb8c0>,57,3,[8 1],58,122,125,64,109
1,<environment.Job instance at 0x7fb5ceba6b90>,51,15,[7 2],52,123,138,71,111
1,<environment.Job instance at 0x7fb6145fb640>,59,18,[8 2],60,125,143,65,122
1,<environment.Job instance at 0x7fb6145fbdc0>,60,18,[2 8],61,138,156,77,138
1,<environment.Job instance at 0x7fb614c2f910>,37,28,[4 9],38,176,204,138,176
1,<environment.Job instance at 0x7fb5ce603cd0>,5,17,[14  4],6,217,234,211,217
1,<environment.Job instance at 0x7fb5ceaec550>,4,21,[8 1],5,6,27,1,6
1,<environment.Job instance at 0x7fb619aa6320>,10,18,[ 2 11],11,11,29,0,11
1,<environment.Job instance at 0x7fb619a99780>,12,2,[6 5],13,29,31,16,13
1,<environment.Job instance at 0x7fb5ce9375a0>,17,23,[9 2],18,35,58,17,35
1,<environment.Job instance at 0x7fb5ce91fd20>,22,3,[8 1],23,58,61,35,35
1,<environment.Job instance at 0x7fb5ce91fb40>,23,17,[7 4],24,58,75,34,50
1,<environment.Job instance at 0x7fb5ce91f9b0>,24,1,[1 8],25,50,51,25,50
1,<environment.Job instance at 0x7fb614e89a50>,27,1,[6 5],28,51,52,23,50
1,<environment.Job instance at 0x7fb5cedcc5f0>,32,18,[ 2 10],33,61,79,28,60
1,<environment.Job instance at 0x7fb614d33050>,34,12,[9 4],35,75,87,40,73
1,<environment.Job instance at 0x7fb614d33280>,35,3,[7 5],36,87,90,51,73
1,<environment.Job instance at 0x7fb614d33820>,36,17,[ 1 14],37,90,107,53,78
1,<environment.Job instance at 0x7fb614d335a0>,38,1,[3 8],39,79,80,40,78
1,<environment.Job instance at 0x7fb5ceaecfa0>,7,1,[1 7],8,81,82,73,81
1,<environment.Job instance at 0x7fb614d339b0>,39,18,[14  4],40,107,125,67,96
1,<environment.Job instance at 0x7fb5cec5d780>,43,24,[4 7],44,125,149,81,120
1,<environment.Job instance at 0x7fb614dc57d0>,48,23,[ 4 10],49,149,172,100,143
1,<environment.Job instance at 0x7fb5ce77cbe0>,55,13,[ 3 12],56,172,185,116,156
1,<environment.Job instance at 0x7fb5ceddaaf0>,63,24,[3 5],64,185,209,121,180
1,<environment.Job instance at 0x7fb5ceddaa50>,65,16,[5 5],66,205,221,139,205
1,<environment.Job instance at 0x7fb5ce77c320>,56,13,[ 4 12],57,221,234,164,220
1,<environment.Job instance at 0x7fb614b0f910>,4,1,[1 9],5,5,6,0,5
1,<environment.Job instance at 0x7fb6145b9780>,6,1,[2 5],7,7,8,0,7
1,<environment.Job instance at 0x7fb614b0f6e0>,7,1,[8 5],8,8,9,0,8
1,<environment.Job instance at 0x7fb6149df4b0>,9,24,[7 1],10,10,34,0,10
1,<environment.Job instance at 0x7fb61438efa0>,10,26,[4 8],11,11,37,0,11
1,<environment.Job instance at 0x7fb61452e870>,19,3,[ 4 10],20,37,40,17,32
1,<environment.Job instance at 0x7fb61452e780>,21,1,[10  4],22,45,46,23,45
1,<environment.Job instance at 0x7fb61452e190>,25,15,[12  1],26,58,73,32,58
1,<environment.Job instance at 0x7fb61452e0a0>,27,3,[1 6],28,65,68,37,65
1,<environment.Job instance at 0x7fb5ce7d3e60>,28,17,[10  4],29,73,90,44,65
1,<environment.Job instance at 0x7fb61438ee10>,14,15,[3 8],15,68,83,53,68
1,<environment.Job instance at 0x7fb6144270f0>,31,2,[9 4],32,90,92,58,68
1,<environment.Job instance at 0x7fb5ce928730>,35,22,[1 9],36,83,105,47,81
1,<environment.Job instance at 0x7fb6148da8c0>,38,2,[3 9],39,105,107,66,86
1,<environment.Job instance at 0x7fb614420320>,39,18,[ 3 12],40,107,125,67,96
1,<environment.Job instance at 0x7fb614427d20>,33,1,[ 3 13],34,125,126,91,103
1,<environment.Job instance at 0x7fb6144281e0>,47,15,[6 4],48,126,141,78,117
1,<environment.Job instance at 0x7fb614428f00>,50,19,[5 4],51,135,154,84,135
1,<environment.Job instance at 0x7fb614428550>,52,3,[5 9],53,141,144,88,135
1,<environment.Job instance at 0x7fb6144222d0>,54,24,[5 9],55,145,169,90,145
1,<environment.Job instance at 0x7fb614422370>,56,1,[3 9],57,169,170,112,151
1,<environment.Job instance at 0x7fb6144220f0>,57,26,[8 5],58,154,180,96,151
1,<environment.Job instance at 0x7fb6144280a0>,45,1,[ 5 13],46,180,181,134,162
1,<environment.Job instance at 0x7fb61442bd70>,63,26,[7 5],64,181,207,117,178
1,<environment.Job instance at 0x7fb61442b370>,65,2,[13  2],66,207,209,141,180
1,<environment.Job instance at 0x7fb61442b410>,66,20,[3 6],67,181,201,114,180
1,<environment.Job instance at 0x7fb61442b0f0>,60,17,[10  1],61,209,226,148,203
1,<environment.Job instance at 0x7fb614575a50>,2,15,[2 7],3,218,233,215,218
1,<environment.Job instance at 0x7fb61452e050>,23,18,[8 1],24,226,244,202,218
1,<environment.Job instance at 0x7fb5cee0deb0>,3,3,[11  3],4,4,7,0,4
1,<environment.Job instance at 0x7fb5cee0dd70>,4,1,[4 7],5,5,6,0,5
1,<environment.Job instance at 0x7fb5ce609280>,10,2,[7 3],11,11,13,0,11
1,<environment.Job instance at 0x7fb5ce609c30>,12,1,[7 3],13,13,14,0,13
1,<environment.Job instance at 0x7fb5ce609550>,13,3,[9 3],14,14,17,0,14
1,<environment.Job instance at 0x7fb5ce609190>,14,3,[3 9],15,15,18,0,15
1,<environment.Job instance at 0x7fb5ce609a50>,16,2,[2 8],17,18,20,1,17
1,<environment.Job instance at 0x7fb5ce6090f0>,17,3,[1 6],18,18,21,0,18
1,<environment.Job instance at 0x7fb619835140>,20,3,[4 8],21,21,24,0,21
1,<environment.Job instance at 0x7fb6198350f0>,21,15,[14  4],22,24,39,2,24
1,<environment.Job instance at 0x7fb5ce609f50>,18,16,[ 5 13],19,39,55,20,28
1,<environment.Job instance at 0x7fb614eb3280>,26,23,[10  4],27,55,78,28,49
1,<environment.Job instance at 0x7fb614eb3910>,28,17,[4 9],29,55,72,26,51
1,<environment.Job instance at 0x7fb614eb38c0>,24,17,[5 9],25,85,102,60,85
1,<environment.Job instance at 0x7fb5ce8b1410>,40,12,[2 9],41,102,114,61,88
1,<environment.Job instance at 0x7fb5ce8b16e0>,42,1,[2 7],43,114,115,71,103
1,<environment.Job instance at 0x7fb5ce8b1d20>,43,16,[3 9],44,115,131,71,105
1,<environment.Job instance at 0x7fb5ce8b1280>,47,1,[4 8],48,114,115,66,107
1,<environment.Job instance at 0x7fb5ce8b1a00>,48,2,[10  1],49,107,109,58,107
1,<environment.Job instance at 0x7fb5ce8b1cd0>,49,25,[8 3],50,115,140,65,111
1,<environment.Job instance at 0x7fb614eb3eb0>,38,12,[6 1],39,131,143,92,129
1,<environment.Job instance at 0x7fb614eb3a50>,37,18,[5 4],38,140,158,102,131
1,<environment.Job instance at 0x7fb61490f410>,54,18,[8 2],55,143,161,88,132
1,<environment.Job instance at 0x7fb61490f7d0>,53,18,[2 6],54,140,158,86,132
1,<environment.Job instance at 0x7fb61490f690>,55,3,[9 3],56,161,164,105,135
1,<environment.Job instance at 0x7fb61490fc80>,62,18,[10  1],63,164,182,101,153
1,<environment.Job instance at 0x7fb61490fb90>,64,1,[ 3 10],65,158,159,93,153
1,<environment.Job instance at 0x7fb61490f460>,66,3,[7 4],67,182,185,115,157
1,<environment.Job instance at 0x7fb61490feb0>,67,1,[8 2],68,182,183,114,157
1,<environment.Job instance at 0x7fb61490f2d0>,68,2,[8 3],69,183,185,114,157
1,<environment.Job instance at 0x7fb61490f140>,58,17,[3 5],59,163,180,104,163
1,<environment.Job instance at 0x7fb61490f8c0>,56,17,[1 6],57,185,202,128,176
1,<environment.Job instance at 0x7fb5ce8b1690>,52,24,[11  1],53,185,209,132,182
1,<environment.Job instance at 0x7fb614779fa0>,4,1,[5 8],5,5,6,0,5
1,<environment.Job instance at 0x7fb5ce8b1690>,5,3,[7 3],6,6,9,0,6
1,<environment.Job instance at 0x7fb5cea6c730>,6,2,[5 5],7,7,9,0,7
1,<environment.Job instance at 0x7fb5cea6c050>,7,3,[ 1 10],8,9,12,1,8
1,<environment.Job instance at 0x7fb5cea6cd70>,10,3,[8 2],11,17,20,6,17
1,<environment.Job instance at 0x7fb614600910>,18,28,[8 3],19,33,61,14,33
1,<environment.Job instance at 0x7fb6146008c0>,19,20,[1 9],20,36,56,16,36
1,<environment.Job instance at 0x7fb5cec6f410>,22,16,[10  1],23,61,77,38,48
1,<environment.Job instance at 0x7fb614600e10>,14,1,[ 5 14],15,61,62,46,57
1,<environment.Job instance at 0x7fb5cea847d0>,27,2,[13  1],28,77,79,49,60
1,<environment.Job instance at 0x7fb6147793c0>,11,15,[9 5],12,79,94,67,77
1,<environment.Job instance at 0x7fb5cec6fe60>,26,13,[ 5 11],27,94,107,67,81
1,<environment.Job instance at 0x7fb614cfec80>,34,1,[11  3],35,107,108,72,83
1,<environment.Job instance at 0x7fb5ce88a690>,39,3,[5 6],40,108,111,68,94
1,<environment.Job instance at 0x7fb5ceb8b230>,41,13,[ 1 13],42,111,124,69,97
1,<environment.Job instance at 0x7fb614a0de10>,42,27,[9 1],43,108,135,65,106
1,<environment.Job instance at 0x7fb614a0df50>,45,1,[9 3],46,135,136,89,119
1,<environment.Job instance at 0x7fb614a0da50>,46,21,[12  2],47,136,157,89,128
1,<environment.Job instance at 0x7fb6146005f0>,16,21,[3 7],17,128,149,111,128
1,<environment.Job instance at 0x7fb5ce969820>,49,20,[2 8],50,149,169,99,142
1,<environment.Job instance at 0x7fb5ce969eb0>,50,15,[12  3],51,157,172,106,147
1,<environment.Job instance at 0x7fb5ce969410>,48,14,[ 1 14],49,172,186,123,157
1,<environment.Job instance at 0x7fb5cedeccd0>,58,1,[ 4 10],59,186,187,127,166
1,<environment.Job instance at 0x7fb5cedec460>,61,23,[5 9],62,187,210,125,182
1,<environment.Job instance at 0x7fb5cec5d820>,62,2,[9 4],63,186,188,123,182
1,<environment.Job instance at 0x7fb5ce969230>,51,19,[5 5],52,188,207,136,182
1,<environment.Job instance at 0x7fb6144ed960>,67,3,[ 1 10],68,210,213,142,196
1,<environment.Job instance at 0x7fb5ceaf2fa0>,68,1,[8 4],69,207,208,138,201
1,<environment.Job instance at 0x7fb5ce969780>,56,2,[12  3],57,224,226,167,224
1,<environment.Job instance at 0x7fa3b86556e0>,1,3,[ 2 10],2,2,5,0,2
1,<environment.Job instance at 0x7fa3b31f32d0>,3,22,[2 5],4,4,26,0,4
1,<environment.Job instance at 0x7fa3b31f31e0>,5,2,[1 6],6,6,8,0,6
1,<environment.Job instance at 0x7fa3b31f3780>,11,3,[4 9],12,12,15,0,12
1,<environment.Job instance at 0x7fa3b31f3aa0>,12,23,[6 4],13,15,38,2,13
1,<environment.Job instance at 0x7fa3b31f3dc0>,15,3,[2 8],16,26,29,10,26
1,<environment.Job instance at 0x7fa3b31f3f50>,19,25,[5 9],20,29,54,9,26
1,<environment.Job instance at 0x7fa3b31f3d20>,14,21,[8 1],15,38,59,23,34
1,<environment.Job instance at 0x7fa3b31f3fa0>,18,26,[7 4],19,54,80,35,51
1,<environment.Job instance at 0x7fa3b31f7500>,24,2,[4 6],25,59,61,34,51
1,<environment.Job instance at 0x7fa3b31f75a0>,25,2,[5 7],26,61,63,35,51
1,<environment.Job instance at 0x7fa3b8655b90>,8,17,[1 8],9,63,80,54,54
1,<environment.Job instance at 0x7fa3b31f3640>,20,3,[10  5],21,80,83,59,55
1,<environment.Job instance at 0x7fa3b31f7910>,29,2,[4 7],30,80,82,50,63
1,<environment.Job instance at 0x7fa3b31f7be0>,31,1,[ 2 14],32,83,84,51,63
1,<environment.Job instance at 0x7fa3b31f75f0>,28,17,[ 1 13],29,84,101,55,72
1,<environment.Job instance at 0x7fa3b31f79b0>,33,26,[3 6],34,101,127,67,98
1,<environment.Job instance at 0x7fa3b31f7b40>,30,26,[9 4],31,101,127,70,98
1,<environment.Job instance at 0x7fa3b31f8280>,40,26,[ 1 10],41,127,153,86,124
1,<environment.Job instance at 0x7fa3b31f7e60>,39,14,[9 4],40,127,141,87,126
1,<environment.Job instance at 0x7fa3b31f83c0>,42,2,[4 7],43,153,155,110,126
1,<environment.Job instance at 0x7fa3b31f8500>,44,3,[5 1],45,127,130,82,127
1,<environment.Job instance at 0x7fa3b31f85a0>,45,15,[7 5],46,141,156,95,130
1,<environment.Job instance at 0x7fa3b31fc280>,56,3,[8 4],57,155,158,98,149
1,<environment.Job instance at 0x7fa3b31fc320>,57,16,[ 2 11],58,156,172,98,149
1,<environment.Job instance at 0x7fa3b31fc500>,60,2,[2 6],61,172,174,111,164
1,<environment.Job instance at 0x7fa3b31fc5a0>,61,1,[7 5],62,172,173,110,164
1,<environment.Job instance at 0x7fa3b31fc820>,63,12,[5 3],64,166,178,102,166
1,<environment.Job instance at 0x7fa3b31fc7d0>,64,2,[2 8],65,174,176,109,166
1,<environment.Job instance at 0x7fa3b31fc960>,65,1,[5 8],66,176,177,110,166
1,<environment.Job instance at 0x7fa3b31fc6e0>,66,2,[7 2],67,173,175,106,166
1,<environment.Job instance at 0x7fa3b31fc0f0>,59,19,[1 7],60,181,200,121,181
1,<environment.Job instance at 0x7fa3b31f8820>,49,17,[10  2],50,183,200,133,183
1,<environment.Job instance at 0x7fa3b31fccd0>,76,13,[10  1],77,200,213,123,187
1,<environment.Job instance at 0x7fa3b31f7c80>,32,21,[5 9],33,223,244,190,223
1,<environment.Job instance at 0x7fa3b8778500>,2,21,[4 8],3,3,24,0,3
1,<environment.Job instance at 0x7fa3b876b0f0>,10,3,[6 1],11,14,17,3,14
1,<environment.Job instance at 0x7fa3b877a640>,14,1,[ 5 10],15,24,25,9,15
1,<environment.Job instance at 0x7fa3b876b140>,17,2,[6 2],18,30,32,12,30
1,<environment.Job instance at 0x7fa3b876af50>,18,1,[2 9],19,30,31,11,30
1,<environment.Job instance at 0x7fa3b876ac30>,19,2,[7 5],20,31,33,11,30
1,<environment.Job instance at 0x7fa3b876aa50>,20,2,[5 9],21,32,34,11,30
1,<environment.Job instance at 0x7fa3b862f460>,24,1,[ 1 10],25,47,48,22,47
1,<environment.Job instance at 0x7fa3b862f230>,25,16,[7 5],26,53,69,27,53
1,<environment.Job instance at 0x7fa3b862f4b0>,26,1,[4 8],27,53,54,26,53
1,<environment.Job instance at 0x7fa3b8602b40>,27,18,[5 5],28,56,74,28,56
1,<environment.Job instance at 0x7fa3b86026e0>,29,27,[3 9],30,69,96,39,67
1,<environment.Job instance at 0x7fa3b8602be0>,30,23,[5 1],31,69,92,38,67
1,<environment.Job instance at 0x7fa3b876f730>,37,3,[ 3 13],38,96,99,58,84
1,<environment.Job instance at 0x7fa3b31f7c80>,8,16,[4 9],9,99,115,90,86
1,<environment.Job instance at 0x7fa3b876f370>,38,16,[5 2],39,94,110,55,94
1,<environment.Job instance at 0x7fa3b876f960>,41,3,[1 6],42,110,113,68,97
1,<environment.Job instance at 0x7fa3b876f410>,43,3,[10  1],44,113,116,69,98
1,<environment.Job instance at 0x7fa3b876fa50>,40,19,[ 5 12],41,115,134,74,105
1,<environment.Job instance at 0x7fa3b8770b90>,44,1,[6 1],45,116,117,71,112
1,<environment.Job instance at 0x7fa3b8770730>,53,2,[ 5 10],54,134,136,80,115
1,<environment.Job instance at 0x7fa3b87771e0>,56,1,[9 5],57,134,135,77,130
1,<environment.Job instance at 0x7fa3b8777cd0>,57,28,[ 2 10],58,136,164,78,135
1,<environment.Job instance at 0x7fa3b876ff50>,39,28,[7 5],40,150,178,110,150
1,<environment.Job instance at 0x7fa3b87706e0>,51,13,[3 8],52,164,177,112,154
1,<environment.Job instance at 0x7fa3b8774500>,65,3,[9 2],66,178,181,112,154
1,<environment.Job instance at 0x7fa3b8774370>,67,2,[3 8],68,177,179,109,156
1,<environment.Job instance at 0x7fa3b8777dc0>,62,15,[ 2 13],63,179,194,116,165
1,<environment.Job instance at 0x7fa3b877ef50>,71,22,[5 6],72,194,216,122,187
1,<environment.Job instance at 0x7fa3b87741e0>,66,13,[10  5],67,194,207,127,189
1,<environment.Job instance at 0x7fa3b877e1e0>,76,12,[1 6],77,207,219,130,196
1,<environment.Job instance at 0x7fa3b877e5f0>,73,1,[12  5],74,216,217,142,207
1,<environment.Job instance at 0x7fa3b876b550>,9,17,[ 5 14],10,219,236,209,207
1,<environment.Job instance at 0x7fa3b877e640>,0,24,[1 5],1,1,25,0,1
1,<environment.Job instance at 0x7fa36d4425f0>,2,20,[10  5],3,7,27,4,7
1,<environment.Job instance at 0x7fa36d4ff500>,13,24,[3 7],14,25,49,11,20
1,<environment.Job instance at 0x7fa36d4ff4b0>,14,19,[3 8],15,27,46,12,20
1,<environment.Job instance at 0x7fa36d4ffb40>,19,2,[10  2],20,46,48,26,24
1,<environment.Job instance at 0x7fa36d4ff870>,21,18,[6 2],22,48,66,26,38
1,<environment.Job instance at 0x7fa36d4ff140>,22,1,[8 3],23,49,50,26,38
1,<environment.Job instance at 0x7fa36d4cb870>,23,3,[2 5],24,46,49,22,38
1,<environment.Job instance at 0x7fa36d4cb9b0>,24,19,[6 2],25,50,69,25,40
1,<environment.Job instance at 0x7fa36d4cbb40>,25,1,[9 3],26,66,67,40,40
1,<environment.Job instance at 0x7fa36d4cb6e0>,30,17,[9 5],31,67,84,36,56
1,<environment.Job instance at 0x7fa36d4cbaf0>,33,12,[1 9],34,69,81,35,61
1,<environment.Job instance at 0x7fa36d4cb820>,34,26,[3 9],35,81,107,46,78
1,<environment.Job instance at 0x7fa36d4f9780>,39,3,[10  4],40,84,87,44,80
1,<environment.Job instance at 0x7fa36d4f94b0>,40,23,[4 7],41,107,130,66,101
1,<environment.Job instance at 0x7fa36d4f9370>,42,3,[8 2],43,105,108,62,105
1,<environment.Job instance at 0x7fa36d4f9b40>,45,19,[ 1 10],46,130,149,84,120
1,<environment.Job instance at 0x7fa36d47d9b0>,47,2,[10  3],48,120,122,72,120
1,<environment.Job instance at 0x7fa36d47de60>,48,20,[ 2 10],49,149,169,100,140
1,<environment.Job instance at 0x7fa36d47d910>,50,1,[14  4],51,147,148,96,147
1,<environment.Job instance at 0x7fa36d47d780>,53,1,[4 8],54,169,170,115,150
1,<environment.Job instance at 0x7fa36d47daa0>,55,21,[1 6],56,169,190,113,161
1,<environment.Job instance at 0x7fa36d47deb0>,56,16,[1 8],57,170,186,113,166
1,<environment.Job instance at 0x7fa36d47d6e0>,57,18,[ 1 14],58,190,208,132,179
1,<environment.Job instance at 0x7fa36d47daf0>,58,23,[1 9],59,208,231,149,202
1,<environment.Job instance at 0x7fa36d47dfa0>,60,3,[4 8],61,231,234,170,207
1,<environment.Job instance at 0x7fa36d47d460>,63,18,[5 1],64,209,227,145,209
1,<environment.Job instance at 0x7fa36d509140>,65,17,[12  1],66,234,251,168,222
1,<environment.Job instance at 0x7fa36d5091e0>,66,2,[10  2],67,227,229,160,222
1,<environment.Job instance at 0x7fa36d4f4af0>,8,3,[5 1],9,15,18,6,15
1,<environment.Job instance at 0x7fa36d4f47d0>,9,2,[6 2],10,15,17,5,15
1,<environment.Job instance at 0x7fa36d4f4a50>,7,14,[10  3],8,17,31,9,15
1,<environment.Job instance at 0x7fa36dacc550>,13,1,[9 5],14,31,32,17,20
1,<environment.Job instance at 0x7fa36d4f4e60>,14,2,[7 1],15,32,34,17,20
1,<environment.Job instance at 0x7fa36d4f4050>,15,1,[5 1],16,20,21,4,20
1,<environment.Job instance at 0x7fa36d8b2e60>,16,1,[2 6],17,21,22,4,20
1,<environment.Job instance at 0x7fa36d8b2820>,17,14,[10  5],18,34,48,16,22
1,<environment.Job instance at 0x7fa36d8b2280>,18,2,[5 3],19,22,24,3,22
1,<environment.Job instance at 0x7fa36d8b2050>,19,3,[4 8],20,24,27,4,22
1,<environment.Job instance at 0x7fa36d8b2be0>,20,2,[4 5],21,27,29,6,22
1,<environment.Job instance at 0x7fa36d9ca2d0>,23,26,[5 3],24,31,57,7,31
1,<environment.Job instance at 0x7fa36d4aee10>,27,1,[4 6],28,48,49,20,38
1,<environment.Job instance at 0x7fa36d4ae1e0>,28,17,[1 5],29,48,65,19,43
1,<environment.Job instance at 0x7fa36d4ae320>,29,18,[5 2],30,49,67,19,45
1,<environment.Job instance at 0x7fa36d4ae6e0>,31,3,[5 9],32,65,68,33,47
1,<environment.Job instance at 0x7fa36d4ae050>,32,18,[3 8],33,68,86,35,57
1,<environment.Job instance at 0x7fa36d4aec30>,38,20,[5 2],39,68,88,29,68
1,<environment.Job instance at 0x7fa36d4ae0a0>,39,26,[2 8],40,86,112,46,83
1,<environment.Job instance at 0x7fa36d4aeaf0>,41,20,[ 4 10],42,112,132,70,103
1,<environment.Job instance at 0x7fa3b8688f00>,3,13,[9 2],4,103,116,99,103
1,<environment.Job instance at 0x7fa36d4f4f50>,4,13,[4 5],5,116,129,111,103
1,<environment.Job instance at 0x7fa36d4aef00>,46,2,[8 1],47,129,131,82,103
1,<environment.Job instance at 0x7fa36d448230>,49,14,[12  2],50,132,146,82,117
1,<environment.Job instance at 0x7fa36d4485a0>,61,17,[ 5 14],62,146,163,84,141
1,<environment.Job instance at 0x7fa36d4484b0>,62,25,[ 3 11],63,163,188,100,159
1,<environment.Job instance at 0x7fa36d448550>,48,13,[8 4],49,163,176,114,159
1,<environment.Job instance at 0x7fa36d67a550>,65,13,[ 5 14],66,188,201,122,172
1,<environment.Job instance at 0x7fa36d67ad70>,68,14,[7 1],69,176,190,107,172
1,<environment.Job instance at 0x7fa36d47ca00>,71,3,[9 4],72,201,204,129,182
1,<environment.Job instance at 0x7fa36d67a410>,69,12,[6 3],70,201,213,131,186
1,<environment.Job instance at 0x7fa36d47cb90>,75,16,[7 5],76,204,220,128,198
1,<environment.Job instance at 0x7fa36d4489b0>,47,27,[9 5],48,220,247,172,219
1,<environment.Job instance at 0x7fa36d448be0>,1,2,[9 2],2,2,4,0,2
1,<environment.Job instance at 0x7fa3b876be60>,2,2,[7 5],3,4,6,1,3
1,<environment.Job instance at 0x7fa36d61e190>,4,2,[5 8],5,5,7,0,5
1,<environment.Job instance at 0x7fa3b877d0f0>,5,27,[4 5],6,6,33,0,6
1,<environment.Job instance at 0x7fa36d4f41e0>,6,2,[1 8],7,7,9,0,7
1,<environment.Job instance at 0x7fa3b320ecd0>,7,12,[13  4],8,33,45,25,16
1,<environment.Job instance at 0x7fa36d6b50f0>,14,1,[10  5],15,16,17,1,16
1,<environment.Job instance at 0x7fa36d6b5c80>,15,3,[10  5],16,17,20,1,16
1,<environment.Job instance at 0x7fa3b3189280>,16,2,[5 5],17,20,22,3,17
1,<environment.Job instance at 0x7fa36d8e8820>,17,3,[9 3],18,22,25,4,18
1,<environment.Job instance at 0x7fa36d8e8d20>,18,3,[10  2],19,25,28,6,19
1,<environment.Job instance at 0x7fa36d8e8730>,20,3,[6 2],21,28,31,7,21
1,<environment.Job instance at 0x7fa36d8e8c80>,21,1,[5 8],22,28,29,6,22
1,<environment.Job instance at 0x7fa36d6b5aa0>,24,21,[4 9],25,45,66,20,37
1,<environment.Job instance at 0x7fa36d8e10a0>,25,3,[5 2],26,45,48,19,37
1,<environment.Job instance at 0x7fa36d8e1370>,27,13,[12  1],28,66,79,38,50
1,<environment.Job instance at 0x7fa36d8e14b0>,29,1,[ 4 11],30,79,80,49,51
1,<environment.Job instance at 0x7fa36d8e1410>,28,12,[14  3],29,80,92,51,63
1,<environment.Job instance at 0x7fa36d97c410>,10,3,[10  4],11,63,66,52,63
1,<environment.Job instance at 0x7fa36d8e1960>,36,25,[2 8],37,92,117,55,88
1,<environment.Job instance at 0x7fa36d8e1d70>,41,3,[6 1],42,100,103,58,100
1,<environment.Job instance at 0x7fa36d8e1e10>,42,2,[5 3],43,100,102,57,100
1,<environment.Job instance at 0x7fa36d8e1280>,43,3,[4 6],44,102,105,58,100
1,<environment.Job instance at 0x7fa3b320ed20>,9,2,[7 4],10,105,107,95,102
1,<environment.Job instance at 0x7fa36d8f10f0>,46,18,[8 3],47,107,125,60,102
1,<environment.Job instance at 0x7fa36d85daf0>,8,12,[ 5 12],9,117,129,108,102
1,<environment.Job instance at 0x7fa36d8f12d0>,49,2,[5 3],50,105,107,55,104
1,<environment.Job instance at 0x7fa36d8e1f50>,45,13,[9 1],46,125,138,79,113
1,<environment.Job instance at 0x7fa36d8f1690>,54,2,[11  3],55,138,140,83,113
1,<environment.Job instance at 0x7fa36d8f11e0>,50,12,[3 8],51,129,141,78,114
1,<environment.Job instance at 0x7fa36d8f1c80>,63,3,[2 8],64,141,144,77,141
1,<environment.Job instance at 0x7fa36d8f14b0>,52,14,[2 8],53,149,163,96,149
1,<environment.Job instance at 0x7fa36d8f1d70>,66,17,[7 4],67,151,168,84,151
1,<environment.Job instance at 0x7fa36d8f1960>,59,18,[5 2],60,153,171,93,153
1,<environment.Job instance at 0x7fa36d8ed1e0>,67,2,[9 3],68,168,170,100,153
1,<environment.Job instance at 0x7fa36d8ed050>,70,15,[1 9],71,163,178,92,156
1,<environment.Job instance at 0x7fa36d8f1140>,51,18,[5 8],52,178,196,126,172
1,<environment.Job instance at 0x7fa36d8ed3c0>,71,13,[1 7],72,178,191,106,172
1,<environment.Job instance at 0x7fa36d8ed460>,72,1,[10  4],73,172,173,99,172
1,<environment.Job instance at 0x7fa36d8ed640>,75,3,[8 3],76,174,177,98,174
1,<environment.Job instance at 0x7fa36d8f1e10>,65,17,[12  4],66,196,213,130,185
1,<environment.Job instance at 0x7fa36d8ed780>,77,2,[ 3 11],78,196,198,118,187
1,<environment.Job instance at 0x7fa36d8ed6e0>,76,16,[2 9],77,198,214,121,187
1,<environment.Job instance at 0x7fa36d8e1b90>,40,26,[8 3],41,221,247,180,221
1,<environment.Job instance at 0x7fa3b320ea50>,2,27,[8 3],3,3,30,0,3
1,<environment.Job instance at 0x7fa3b3883eb0>,9,1,[8 5],10,30,31,20,10
1,<environment.Job instance at 0x7fa36d88eaf0>,10,14,[ 4 14],11,31,45,20,16
1,<environment.Job instance at 0x7fa3b32cfd70>,12,2,[2 7],13,16,18,3,16
1,<environment.Job instance at 0x7fa3b32cf050>,13,1,[8 3],14,45,46,31,17
1,<environment.Job instance at 0x7fa3b32cf780>,14,12,[8 1],15,31,43,16,17
1,<environment.Job instance at 0x7fa3b32af780>,16,2,[7 5],17,19,21,2,19
1,<environment.Job instance at 0x7fa3b32af050>,17,1,[2 8],18,21,22,3,19
1,<environment.Job instance at 0x7fa36d448730>,18,3,[2 9],19,22,25,3,19
1,<environment.Job instance at 0x7fa36d448aa0>,19,3,[2 7],20,25,28,5,20
1,<environment.Job instance at 0x7fa36d3fc910>,5,1,[1 6],6,28,29,22,21
1,<environment.Job instance at 0x7fa36d448410>,21,3,[3 8],22,45,48,23,22
1,<environment.Job instance at 0x7fa36d448640>,27,23,[2 8],28,48,71,20,44
1,<environment.Job instance at 0x7fa36d448f50>,28,3,[11  1],29,46,49,17,44
1,<environment.Job instance at 0x7fa36d4482d0>,23,1,[7 1],24,44,45,20,44
1,<environment.Job instance at 0x7fa36d448280>,29,19,[13  3],30,49,68,19,44
1,<environment.Job instance at 0x7fa36d644f50>,31,3,[7 4],32,68,71,36,44
1,<environment.Job instance at 0x7fa3b8775a50>,33,1,[5 8],34,71,72,37,45
1,<environment.Job instance at 0x7fa3b8775d70>,34,13,[ 4 11],35,72,85,37,56
1,<environment.Job instance at 0x7fa36d644a50>,30,13,[6 2],31,68,81,37,61
1,<environment.Job instance at 0x7fa3b2fb9280>,37,1,[7 2],38,81,82,43,65
1,<environment.Job instance at 0x7fa3b2fb9190>,38,14,[8 2],39,82,96,43,69
1,<environment.Job instance at 0x7fa36d448dc0>,26,21,[ 4 10],27,85,106,58,82
1,<environment.Job instance at 0x7fa3b2fb94b0>,41,1,[3 6],42,106,107,64,82
1,<environment.Job instance at 0x7fa3b2fb9f00>,42,3,[14  5],43,107,110,64,82
1,<environment.Job instance at 0x7fa3b2fb9320>,47,1,[4 6],48,106,107,58,93
1,<environment.Job instance at 0x7fa3b2fb9780>,40,25,[6 4],41,110,135,69,106
1,<environment.Job instance at 0x7fa36d8a8050>,50,13,[5 5],51,110,123,59,107
1,<environment.Job instance at 0x7fa3b2fb9e10>,39,17,[12  4],40,135,152,95,124
1,<environment.Job instance at 0x7fa36d8a83c0>,57,13,[3 7],58,124,137,66,124
1,<environment.Job instance at 0x7fa36d8a8960>,58,15,[2 9],59,137,152,78,124
1,<environment.Job instance at 0x7fa36d8a8460>,59,2,[ 5 14],60,152,154,92,125
1,<environment.Job instance at 0x7fa36d8a85a0>,61,2,[7 2],62,154,156,92,130
1,<environment.Job instance at 0x7fa36d8a8230>,62,2,[4 9],63,154,156,91,130
1,<environment.Job instance at 0x7fa36d8a8fa0>,64,3,[2 8],65,156,159,91,133
1,<environment.Job instance at 0x7fa3b2f5eb40>,66,12,[10  2],67,156,168,89,139
1,<environment.Job instance at 0x7fa3b2f5eaa0>,69,1,[9 2],70,168,169,98,158
1,<environment.Job instance at 0x7fa3b2f5e820>,71,16,[ 1 14],72,169,185,97,158
1,<environment.Job instance at 0x7fa3b2f5da50>,74,22,[7 3],75,185,207,110,178
1,<environment.Job instance at 0x7fa3b2fb9460>,44,24,[5 5],45,186,210,141,186
1,<environment.Job instance at 0x7fa3b2f5d410>,75,20,[7 5],76,207,227,131,198
1,<environment.Job instance at 0x7fa36d8a8e60>,51,17,[7 5],52,210,227,158,198
1,<environment.Job instance at 0x7fa3b2f5d8c0>,78,1,[6 5],79,227,228,148,204
1,<environment.Job instance at 0x7fa36d70edc0>,11,2,[14  5],12,17,19,5,17
1,<environment.Job instance at 0x7fa36d49cd20>,13,14,[9 3],14,19,33,5,17
1,<environment.Job instance at 0x7fa36d70ef50>,16,16,[1 9],17,18,34,1,18
1,<environment.Job instance at 0x7fa36d70e820>,4,17,[14  5],5,33,50,28,22
1,<environment.Job instance at 0x7fa3b38bfbe0>,25,2,[9 1],26,50,52,24,41
1,<environment.Job instance at 0x7fa3b38bf320>,26,22,[1 8],27,41,63,14,41
1,<environment.Job instance at 0x7fa3b38bf5f0>,27,28,[5 9],28,63,91,35,62
1,<environment.Job instance at 0x7fa3b38bf190>,28,1,[9 2],29,62,63,33,62
1,<environment.Job instance at 0x7fa3b38bf730>,32,13,[1 5],33,67,80,34,67
1,<environment.Job instance at 0x7fa36d5b1f50>,35,3,[4 6],36,80,83,44,74
1,<environment.Job instance at 0x7fa3b34c97d0>,36,18,[ 5 10],37,91,109,54,80
1,<environment.Job instance at 0x7fa3b33625a0>,37,28,[9 1],38,83,111,45,82
1,<environment.Job instance at 0x7fa3b383f9b0>,42,26,[5 8],43,109,135,66,109
1,<environment.Job instance at 0x7fa3b3513730>,43,2,[7 2],44,111,113,67,109
1,<environment.Job instance at 0x7fa3b34c9500>,44,3,[ 5 10],45,135,138,90,109
1,<environment.Job instance at 0x7fa3b3894370>,45,1,[5 4],46,113,114,67,109
1,<environment.Job instance at 0x7fa3b38944b0>,46,2,[ 5 13],47,138,140,91,111
1,<environment.Job instance at 0x7fa3b2fd7aa0>,47,1,[6 2],48,114,115,66,111
1,<environment.Job instance at 0x7fa3b2fd77d0>,51,1,[13  4],52,140,141,88,113
1,<environment.Job instance at 0x7fa3b39622d0>,31,15,[8 1],32,120,135,88,120
1,<environment.Job instance at 0x7fa3b3313870>,53,22,[3 5],54,141,163,87,134
1,<environment.Job instance at 0x7fa3b3341c80>,57,28,[ 5 10],58,141,169,83,140
1,<environment.Job instance at 0x7fa3b3341f00>,58,2,[12  3],59,169,171,110,148
1,<environment.Job instance at 0x7fa3b33417d0>,62,21,[5 7],63,171,192,108,163
1,<environment.Job instance at 0x7fa36d6b9960>,17,16,[7 2],18,171,187,153,170
1,<environment.Job instance at 0x7fa3b3341320>,67,1,[ 4 10],68,192,193,124,173
1,<environment.Job instance at 0x7fa3b33419b0>,70,3,[10  1],71,187,190,116,173
1,<environment.Job instance at 0x7fa3b2f71280>,74,16,[ 5 10],75,193,209,118,190
1,<environment.Job instance at 0x7fa3b35f7a50>,77,1,[5 1],78,190,191,112,190
1,<environment.Job instance at 0x7fa3b395e550>,78,1,[10  1],79,191,192,112,190
1,<environment.Job instance at 0x7fa3b2f71fa0>,76,2,[2 6],77,209,211,132,206
1,<environment.Job instance at 0x7fa3b3341a50>,60,22,[7 1],61,215,237,154,215
1,<environment.Job instance at 0x7fa3b33621e0>,0,26,[3 7],1,1,27,0,1
1,<environment.Job instance at 0x7fa3b3e6d910>,6,1,[10  1],7,8,9,1,8
1,<environment.Job instance at 0x7fa3b339e550>,1,18,[11  5],2,9,27,7,8
1,<environment.Job instance at 0x7fa3b35b8780>,9,1,[12  2],10,27,28,17,10
1,<environment.Job instance at 0x7fa3b35b8230>,10,13,[10  1],11,28,41,17,12
1,<environment.Job instance at 0x7fa3b35b8af0>,12,24,[1 9],13,27,51,14,22
1,<environment.Job instance at 0x7fa3b3ee3140>,11,3,[5 1],12,41,44,29,23
1,<environment.Job instance at 0x7fa3b35b80f0>,16,12,[10  1],17,44,56,27,28
1,<environment.Job instance at 0x7fa36d80df00>,18,2,[1 6],19,51,53,32,28
1,<environment.Job instance at 0x7fa36d8090f0>,21,27,[7 1],22,56,83,34,54
1,<environment.Job instance at 0x7fa3b350eaa0>,3,12,[8 2],4,57,69,53,57
1,<environment.Job instance at 0x7fa36d809280>,23,2,[ 3 13],24,69,71,45,65
1,<environment.Job instance at 0x7fa36d8091e0>,22,26,[ 3 10],23,71,97,48,69
1,<environment.Job instance at 0x7fa36d8092d0>,27,1,[ 3 14],28,97,98,69,69
1,<environment.Job instance at 0x7fa36d8097d0>,28,12,[ 2 11],29,98,110,69,81
1,<environment.Job instance at 0x7fa36d809460>,26,15,[10  2],27,98,113,71,86
1,<environment.Job instance at 0x7fa3b35b84b0>,17,2,[3 7],18,110,112,92,88
1,<environment.Job instance at 0x7fa36d809c30>,34,2,[7 1],35,89,91,54,89
1,<environment.Job instance at 0x7fa36d809cd0>,35,2,[4 7],36,112,114,76,95
1,<environment.Job instance at 0x7fa36d809af0>,33,15,[ 4 13],34,114,129,80,111
1,<environment.Job instance at 0x7fa36d809eb0>,38,3,[9 3],39,129,132,90,117
1,<environment.Job instance at 0x7fa36d809fa0>,40,17,[10  2],41,132,149,91,127
1,<environment.Job instance at 0x7fa36d809f50>,39,15,[ 3 10],40,131,146,91,131
1,<environment.Job instance at 0x7fa36d809a00>,41,13,[10  2],42,149,162,107,139
1,<environment.Job instance at 0x7fa36d80c2d0>,44,13,[ 5 12],45,146,159,101,139
1,<environment.Job instance at 0x7fa36d80c370>,45,2,[ 2 11],46,159,161,113,139
1,<environment.Job instance at 0x7fa36d80c4b0>,47,14,[9 2],48,162,176,114,158
1,<environment.Job instance at 0x7fa36d80c550>,48,3,[ 1 10],49,161,164,112,158
1,<environment.Job instance at 0x7fa36d80c690>,50,14,[5 8],51,164,178,113,158
1,<environment.Job instance at 0x7fa36d80c730>,51,2,[5 5],52,176,178,124,158
1,<environment.Job instance at 0x7fa36d80caf0>,54,18,[6 2],55,178,196,123,174
1,<environment.Job instance at 0x7fa36d809320>,25,21,[ 2 10],26,178,199,152,174
1,<environment.Job instance at 0x7fa36d80c5f0>,49,3,[3 7],50,199,202,149,174
1,<environment.Job instance at 0x7fa36d80cc80>,57,15,[6 1],58,178,193,120,176
1,<environment.Job instance at 0x7fa36d80cd70>,59,1,[2 8],60,199,200,139,180
1,<environment.Job instance at 0x7fa36d80cb40>,55,19,[6 3],56,200,219,144,192
1,<environment.Job instance at 0x7fa36d806320>,65,16,[9 2],66,202,218,136,199
1,<environment.Job instance at 0x7fa36d806280>,66,15,[10  3],67,219,234,152,205
1,<environment.Job instance at 0x7fa36d80cc30>,62,27,[5 7],63,219,246,156,219
1,<environment.Job instance at 0x7fa3b30a2410>,7,14,[11  4],8,8,22,0,8
1,<environment.Job instance at 0x7fa3b30a28c0>,13,24,[8 5],14,33,57,19,33
1,<environment.Job instance at 0x7fa36d9564b0>,14,14,[ 1 10],15,37,51,22,37
1,<environment.Job instance at 0x7fa3b3e8ac30>,16,3,[4 9],17,51,54,34,42
1,<environment.Job instance at 0x7fa3b3e8aa50>,17,2,[1 6],18,54,56,36,42
1,<environment.Job instance at 0x7fa3b3e8a320>,18,13,[12  1],19,57,70,38,42
1,<environment.Job instance at 0x7fa3b322cb90>,24,2,[2 7],25,63,65,38,63
1,<environment.Job instance at 0x7fa3b39a4a00>,26,3,[14  2],27,70,73,43,63
1,<environment.Job instance at 0x7fa36d96daf0>,28,20,[3 9],29,73,93,44,70
1,<environment.Job instance at 0x7fa36d491550>,29,1,[5 5],30,73,74,43,70
1,<environment.Job instance at 0x7fa36d806500>,2,12,[6 2],3,79,91,76,79
1,<environment.Job instance at 0x7fa3b3f1f6e0>,32,3,[3 7],33,93,96,60,86
1,<environment.Job instance at 0x7fa36d95cbe0>,35,2,[8 3],36,91,93,55,87
1,<environment.Job instance at 0x7fa3b32103c0>,37,21,[4 8],38,93,114,55,93
1,<environment.Job instance at 0x7fa3b36a02d0>,38,23,[3 9],39,114,137,75,108
1,<environment.Job instance at 0x7fa3b3341640>,5,16,[6 2],6,109,125,103,109
1,<environment.Job instance at 0x7fa3b398baa0>,46,12,[1 7],47,137,149,90,123
1,<environment.Job instance at 0x7fa36d6c8c30>,50,2,[ 1 11],51,149,151,98,149
1,<environment.Job instance at 0x7fa36d6c8aa0>,51,3,[8 3],52,149,152,97,149
1,<environment.Job instance at 0x7fa3b3d042d0>,52,1,[ 3 10],53,151,152,98,149
1,<environment.Job instance at 0x7fa3b3d04cd0>,53,3,[3 8],54,152,155,98,149
1,<environment.Job instance at 0x7fa3b3d049b0>,54,2,[3 6],55,152,154,97,149
1,<environment.Job instance at 0x7fa3b3d04460>,56,3,[ 4 10],57,155,158,98,151
1,<environment.Job instance at 0x7fa3b3d04910>,57,12,[ 3 14],58,158,170,100,151
1,<environment.Job instance at 0x7fa36d5375a0>,58,2,[ 1 10],59,170,172,111,151
1,<environment.Job instance at 0x7fa36d537fa0>,60,2,[2 7],61,172,174,111,155
1,<environment.Job instance at 0x7fa3b3ae4280>,62,1,[5 9],63,174,175,111,166
1,<environment.Job instance at 0x7fa3b3ae4dc0>,64,1,[2 5],65,170,171,105,169
1,<environment.Job instance at 0x7fa3b31a7b90>,65,1,[7 2],66,171,172,105,169
1,<environment.Job instance at 0x7fa3b31a7c30>,66,1,[10  4],67,172,173,105,169
1,<environment.Job instance at 0x7fa3b31a7320>,67,2,[8 3],68,173,175,105,169
1,<environment.Job instance at 0x7fa3b31a7d20>,68,16,[13  3],69,175,191,106,169
1,<environment.Job instance at 0x7fa3b31a95f0>,69,1,[ 2 10],70,175,176,105,169
1,<environment.Job instance at 0x7fa3b31a9640>,71,3,[3 5],72,191,194,119,178
1,<environment.Job instance at 0x7fa3b39b2550>,74,1,[6 4],75,191,192,116,184
1,<environment.Job instance at 0x7fa3b39b2140>,75,21,[9 5],76,192,213,116,184
1,<environment.Job instance at 0x7fa3b3210dc0>,34,17,[3 5],35,197,214,162,197
1,<environment.Job instance at 0x7fa3b39b2eb0>,77,14,[1 9],78,213,227,135,199
1,<environment.Job instance at 0x7fa3b31a2aa0>,2,1,[5 3],3,3,4,0,3
1,<environment.Job instance at 0x7fa36d8291e0>,3,27,[3 5],4,4,31,0,4
1,<environment.Job instance at 0x7fa36da805a0>,4,1,[12  4],5,5,6,0,5
1,<environment.Job instance at 0x7fa36d8740f0>,5,2,[14  1],6,31,33,25,6
1,<environment.Job instance at 0x7fa36db2a500>,11,2,[4 5],12,15,17,3,15
1,<environment.Job instance at 0x7fa3b30c32d0>,15,14,[5 2],16,33,47,17,19
1,<environment.Job instance at 0x7fa36d899e10>,19,3,[3 7],20,33,36,13,31
1,<environment.Job instance at 0x7fa36d8993c0>,21,3,[5 4],22,36,39,14,36
1,<environment.Job instance at 0x7fa36daf47d0>,24,1,[4 7],25,48,49,23,48
1,<environment.Job instance at 0x7fa3b33022d0>,25,18,[3 9],26,49,67,23,48
1,<environment.Job instance at 0x7fa36da7d910>,26,27,[10  4],27,48,75,21,48
1,<environment.Job instance at 0x7fa36daf4c30>,31,18,[4 8],32,67,85,35,66
1,<environment.Job instance at 0x7fa3b3d38500>,32,25,[7 3],33,75,100,42,71
1,<environment.Job instance at 0x7fa3b3433730>,9,12,[1 9],10,85,97,75,71
1,<environment.Job instance at 0x7fa36d6c2e10>,40,16,[10  3],41,100,116,59,93
1,<environment.Job instance at 0x7fa36d6c21e0>,42,2,[3 9],43,98,100,55,98
1,<environment.Job instance at 0x7fa36d913f00>,44,3,[9 2],45,116,119,71,98
1,<environment.Job instance at 0x7fa36d913460>,45,3,[8 2],46,119,122,73,98
1,<environment.Job instance at 0x7fa36d9135f0>,47,3,[2 7],48,108,111,60,108
1,<environment.Job instance at 0x7fa36da80d70>,8,12,[7 5],9,119,131,110,109
1,<environment.Job instance at 0x7fa3b3381aa0>,34,13,[ 3 12],35,131,144,96,118
1,<environment.Job instance at 0x7fa36d8a99b0>,55,12,[3 7],56,144,156,88,128
1,<environment.Job instance at 0x7fa36d913320>,49,18,[5 2],50,132,150,82,132
1,<environment.Job instance at 0x7fa3b395e640>,58,15,[6 2],59,144,159,85,134
1,<environment.Job instance at 0x7fa3b30d5230>,30,1,[ 5 11],31,156,157,125,141
1,<environment.Job instance at 0x7fa36d913a00>,48,14,[13  2],49,159,173,110,144
1,<environment.Job instance at 0x7fa36d6a9f00>,63,1,[6 2],64,150,151,86,144
1,<environment.Job instance at 0x7fa36d626b40>,65,26,[4 8],66,173,199,107,170
1,<environment.Job instance at 0x7fa36da61280>,66,20,[4 8],67,199,219,132,190
1,<environment.Job instance at 0x7fa3b2ffc190>,69,1,[5 6],70,190,191,120,190
1,<environment.Job instance at 0x7fa3b2ffc410>,70,25,[5 4],71,191,216,120,190
1,<environment.Job instance at 0x7fa3b2fb8c30>,71,21,[5 5],72,216,237,144,208
1,<environment.Job instance at 0x7fa3b2fb8280>,72,1,[6 5],73,219,220,146,208
1,<environment.Job instance at 0x7fa3b39b5be0>,74,13,[7 3],75,220,233,145,208
1,<environment.Job instance at 0x7fa3b395e780>,57,16,[2 7],58,220,236,162,210
1,<environment.Job instance at 0x7fa3b39a9f00>,78,1,[6 4],79,236,237,157,212
1,<environment.Job instance at 0x7fa36da804b0>,2,2,[10  4],3,3,5,0,3
1,<environment.Job instance at 0x7fa3b35dccd0>,3,27,[8 5],4,5,32,1,4
1,<environment.Job instance at 0x7fa3b30d5460>,5,14,[7 3],6,8,22,2,8
1,<environment.Job instance at 0x7fa3b341e550>,6,2,[5 7],7,22,24,15,10
1,<environment.Job instance at 0x7fa36d7455f0>,8,2,[6 4],9,24,26,15,13
1,<environment.Job instance at 0x7fa3b38496e0>,11,2,[3 5],12,26,28,14,13
1,<environment.Job instance at 0x7fa3b36bfb90>,10,12,[3 6],11,28,40,17,22
1,<environment.Job instance at 0x7fa3b34dd7d0>,4,12,[ 5 13],5,40,52,35,23
1,<environment.Job instance at 0x7fa3b3bc8a50>,22,3,[9 4],23,52,55,29,40
1,<environment.Job instance at 0x7fa3b3bc8d70>,24,27,[1 8],25,52,79,27,50
1,<environment.Job instance at 0x7fa3b3bc8fa0>,29,1,[4 5],30,55,56,25,52
1,<environment.Job instance at 0x7fa3b3bcf140>,32,12,[6 2],33,67,79,34,67
1,<environment.Job instance at 0x7fa3b3bcf550>,33,13,[5 2],34,67,80,33,67
1,<environment.Job instance at 0x7fa3b3bcf5f0>,34,23,[4 5],35,79,102,44,73
1,<environment.Job instance at 0x7fa3b3bcf960>,40,1,[1 7],41,99,100,58,99
1,<environment.Job instance at 0x7fa3b3bcf9b0>,41,1,[9 4],42,100,101,58,99
1,<environment.Job instance at 0x7fa3b36bf050>,12,1,[5 5],13,101,102,88,100
1,<environment.Job instance at 0x7fa3b3bcfc30>,44,18,[3 6],45,102,120,57,101
1,<environment.Job instance at 0x7fa3b36bf960>,15,14,[10  1],16,102,116,86,101
1,<environment.Job instance at 0x7fa3b3bcfcd0>,45,2,[2 9],46,119,121,73,119
1,<environment.Job instance at 0x7fa3b3bcf7d0>,37,13,[12  5],38,124,137,86,124
1,<environment.Job instance at 0x7fa3b3bcfe10>,47,2,[4 6],48,137,139,89,126
1,<environment.Job instance at 0x7fa3b3bcfd70>,46,26,[8 5],47,137,163,90,137
1,<environment.Job instance at 0x7fa3b36bf500>,9,1,[12  4],10,163,164,153,138
1,<environment.Job instance at 0x7fa3b3bcff50>,49,20,[6 3],50,139,159,89,139
1,<environment.Job instance at 0x7fa3b3ba25a0>,54,16,[2 7],55,159,175,104,159
1,<environment.Job instance at 0x7fa3b3ba2780>,58,2,[2 5],59,164,166,105,159
1,<environment.Job instance at 0x7fa3b3bcfa50>,50,17,[5 8],51,166,183,115,159
1,<environment.Job instance at 0x7fa3b3ba2820>,59,12,[7 5],60,175,187,115,161
1,<environment.Job instance at 0x7fa3b3ba2960>,61,17,[2 9],62,195,212,133,195
1,<environment.Job instance at 0x7fa3b3bcfeb0>,48,18,[13  1],49,195,213,146,195
1,<environment.Job instance at 0x7fa3b3ba2eb0>,68,16,[13  1],69,213,229,144,211
1,<environment.Job instance at 0x7fa3b3ba2f50>,71,3,[11  4],72,229,232,157,212
1,<environment.Job instance at 0x7fa36d913780>,0,1,[10  4],1,1,2,0,1
1,<environment.Job instance at 0x7fa3b8645500>,6,2,[2 8],7,7,9,0,7
1,<environment.Job instance at 0x7fa3b8603230>,7,1,[ 4 12],8,9,10,1,8
1,<environment.Job instance at 0x7fa3b8603190>,8,2,[5 5],9,10,12,1,9
1,<environment.Job instance at 0x7fa3b30dfb90>,9,22,[7 3],10,10,32,0,10
1,<environment.Job instance at 0x7fa3b30df5f0>,12,25,[7 5],13,14,39,1,14
1,<environment.Job instance at 0x7fa3b30df1e0>,13,2,[14  5],14,39,41,25,33
1,<environment.Job instance at 0x7fa36d83b6e0>,4,17,[1 8],5,40,57,35,40
1,<environment.Job instance at 0x7fa3b30df410>,17,13,[5 3],18,42,55,24,42
1,<environment.Job instance at 0x7fa3b30dfc80>,16,12,[12  4],17,55,67,38,54
1,<environment.Job instance at 0x7fa3b30df910>,10,15,[13  3],11,67,82,56,55
1,<environment.Job instance at 0x7fa36d929320>,21,1,[3 5],22,57,58,35,55
1,<environment.Job instance at 0x7fa36d929550>,25,15,[ 4 12],26,82,97,56,68
1,<environment.Job instance at 0x7fa3b2fa6500>,33,20,[8 4],34,109,129,75,109
1,<environment.Job instance at 0x7fa3b2fa64b0>,34,2,[7 1],35,109,111,74,109
1,<environment.Job instance at 0x7fa3b2fa62d0>,36,1,[1 6],37,111,112,74,109
1,<environment.Job instance at 0x7fa3b2fa6e60>,37,27,[8 5],38,129,156,91,127
1,<environment.Job instance at 0x7fa3b2fa6140>,38,1,[6 5],39,127,128,88,127
1,<environment.Job instance at 0x7fa3b2fa6c30>,43,16,[5 2],44,129,145,85,129
1,<environment.Job instance at 0x7fa3b2fa61e0>,44,1,[5 2],45,145,146,100,129
1,<environment.Job instance at 0x7fa3b2fa6690>,47,3,[10  5],48,156,159,108,151
1,<environment.Job instance at 0x7fa3b2fa6a50>,49,2,[ 2 12],50,159,161,109,152
1,<environment.Job instance at 0x7fa3b2fa6780>,50,13,[1 9],51,161,174,110,152
1,<environment.Job instance at 0x7fa3b3728280>,52,24,[4 6],53,161,185,108,156
1,<environment.Job instance at 0x7fa3b3728500>,53,15,[ 2 13],54,185,200,131,171
1,<environment.Job instance at 0x7fa36d725f50>,57,18,[14  1],58,200,218,142,189
1,<environment.Job instance at 0x7fa36d725230>,58,1,[1 9],59,200,201,141,189
1,<environment.Job instance at 0x7fa36d725e10>,59,1,[3 6],60,218,219,158,190
1,<environment.Job instance at 0x7fa36d7250a0>,63,13,[ 3 11],64,219,232,155,203
1,<environment.Job instance at 0x7fa36d7254b0>,66,15,[11  2],67,218,233,151,213
1,<environment.Job instance at 0x7fa36d725c30>,68,3,[7 2],69,233,236,164,213
1,<environment.Job instance at 0x7fa36d725190>,69,18,[ 5 10],70,233,251,163,225
1,<environment.Job instance at 0x7fa36d606640>,0,25,[10  4],1,1,26,0,1
1,<environment.Job instance at 0x7fa36d606230>,2,3,[7 1],3,26,29,23,6
1,<environment.Job instance at 0x7fa3b876b140>,7,1,[5 4],8,11,12,3,11
1,<environment.Job instance at 0x7fa3b3106640>,17,16,[13  1],18,29,45,11,29
1,<environment.Job instance at 0x7fa3b3106fa0>,20,3,[9 1],21,45,48,24,43
1,<environment.Job instance at 0x7fa36d7eefa0>,21,2,[13  4],22,48,50,26,43
1,<environment.Job instance at 0x7fa36d7eebe0>,22,18,[8 1],23,50,68,27,43
1,<environment.Job instance at 0x7fa3b339eb90>,27,2,[10  5],28,68,70,40,58
1,<environment.Job instance at 0x7fa3b339ef00>,30,27,[ 3 13],31,72,99,41,72
1,<environment.Job instance at 0x7fa3b30daaf0>,33,27,[1 7],34,99,126,65,97
1,<environment.Job instance at 0x7fa36d6065f0>,3,2,[7 5],4,99,101,95,97
1,<environment.Job instance at 0x7fa3b33f83c0>,40,1,[12  1],41,101,102,60,100
1,<environment.Job instance at 0x7fa378203460>,6,14,[5 7],7,102,116,95,102
1,<environment.Job instance at 0x7fa3b30da140>,41,25,[9 1],42,102,127,60,102
1,<environment.Job instance at 0x7fa36d80d370>,48,18,[ 3 10],49,147,165,98,147
1,<environment.Job instance at 0x7fa36d80d2d0>,50,27,[5 4],51,147,174,96,147
1,<environment.Job instance at 0x7fa36d80d140>,51,28,[7 5],52,165,193,113,164
1,<environment.Job instance at 0x7fa3b33f89b0>,42,17,[5 9],43,174,191,131,165
1,<environment.Job instance at 0x7fa36d414eb0>,60,3,[10  2],61,193,196,132,177
1,<environment.Job instance at 0x7fa36d414140>,61,1,[2 8],62,191,192,129,177
1,<environment.Job instance at 0x7fa36d414cd0>,65,2,[7 1],66,196,198,130,193
1,<environment.Job instance at 0x7fa36d414870>,66,2,[2 6],67,194,196,127,194
1,<environment.Job instance at 0x7fa36d414550>,55,13,[ 5 10],56,196,209,140,196
1,<environment.Job instance at 0x7fa36d5d3780>,71,1,[ 5 14],72,209,210,137,204
1,<environment.Job instance at 0x7fa36d5f4500>,72,1,[7 1],73,204,205,131,204
1,<environment.Job instance at 0x7fa36d5f4dc0>,73,19,[7 1],74,205,224,131,204
1,<environment.Job instance at 0x7fa3b30dab40>,35,18,[ 3 12],36,210,228,174,205
1,<environment.Job instance at 0x7fa36d5f48c0>,76,1,[4 5],77,228,229,151,220
1,<environment.Job instance at 0x7fa3b395e9b0>,1,3,[10  5],2,2,5,0,2
1,<environment.Job instance at 0x7fa3b395edc0>,0,17,[ 5 13],1,5,22,4,2
1,<environment.Job instance at 0x7fa3b8775eb0>,3,27,[5 1],4,4,31,0,4
1,<environment.Job instance at 0x7fa3b395e550>,6,2,[ 5 12],7,22,24,15,7
1,<environment.Job instance at 0x7fa3b3d38640>,7,3,[3 6],8,24,27,16,9
1,<environment.Job instance at 0x7fa36db3e190>,15,17,[14  4],16,31,48,15,26
1,<environment.Job instance at 0x7fa3b35aaf00>,20,18,[2 9],21,48,66,27,42
1,<environment.Job instance at 0x7fa3b35a10a0>,21,12,[13  5],22,48,60,26,43
1,<environment.Job instance at 0x7fa3b35a15f0>,22,3,[8 4],23,60,63,37,43
1,<environment.Job instance at 0x7fa3b35a1f50>,24,3,[3 5],25,63,66,38,44
1,<environment.Job instance at 0x7fa3b35a1d20>,25,2,[8 3],26,66,68,40,44
1,<environment.Job instance at 0x7fa3b35a17d0>,27,26,[3 7],28,66,92,38,63
1,<environment.Job instance at 0x7fa3b35a1870>,29,1,[4 9],30,92,93,62,64
1,<environment.Job instance at 0x7fa3b3597910>,31,3,[7 2],32,68,71,36,64
1,<environment.Job instance at 0x7fa3b35979b0>,32,3,[2 9],33,93,96,60,67
1,<environment.Job instance at 0x7fa3b3597a50>,33,3,[1 5],34,67,70,33,67
1,<environment.Job instance at 0x7fa3b3597410>,34,17,[5 1],35,70,87,35,67
1,<environment.Job instance at 0x7fa3b3597730>,35,1,[8 4],36,87,88,51,67
1,<environment.Job instance at 0x7fa3b3036500>,37,1,[ 2 11],38,96,97,58,75
1,<environment.Job instance at 0x7fa3b35aa820>,19,3,[4 7],20,97,100,77,91
1,<environment.Job instance at 0x7fa3b3597af0>,39,25,[3 8],40,97,122,57,93
1,<environment.Job instance at 0x7fa3b3028e10>,47,28,[4 9],48,122,150,74,121
1,<environment.Job instance at 0x7fa36d7c3e10>,48,1,[3 8],49,150,151,101,122
1,<environment.Job instance at 0x7fa36d7f2e60>,49,1,[10  3],50,122,123,72,122
1,<environment.Job instance at 0x7fa3b31aa6e0>,50,1,[3 6],51,123,124,72,122
1,<environment.Job instance at 0x7fa36d965140>,45,18,[8 2],46,124,142,78,123
1,<environment.Job instance at 0x7fa3b3d38230>,10,13,[7 3],11,142,155,131,129
1,<environment.Job instance at 0x7fa3b3028550>,51,18,[13  5],52,155,173,103,144
1,<environment.Job instance at 0x7fa36d3c3cd0>,58,1,[14  2],59,173,174,114,157
1,<environment.Job instance at 0x7fa36db46780>,64,1,[7 5],65,174,175,109,158
1,<environment.Job instance at 0x7fa36d7e81e0>,65,1,[3 6],66,174,175,108,158
1,<environment.Job instance at 0x7fa3b31ce0a0>,67,3,[8 1],68,175,178,107,159
1,<environment.Job instance at 0x7fa36d829320>,70,18,[2 8],71,177,195,106,177
1,<environment.Job instance at 0x7fa36d829690>,71,2,[3 8],72,195,197,123,177
1,<environment.Job instance at 0x7fa36d829780>,72,1,[8 4],73,178,179,105,177
1,<environment.Job instance at 0x7fa3b358daf0>,44,12,[1 5],45,194,206,149,194
1,<environment.Job instance at 0x7fa3b31215f0>,76,3,[4 7],77,200,203,123,200
1,<environment.Job instance at 0x7fa36d7c6af0>,52,13,[9 3],53,205,218,152,205
1,<environment.Job instance at 0x7fa36d7c67d0>,55,14,[11  2],56,218,232,162,206
1,<environment.Job instance at 0x7fa36d716f00>,1,2,[4 7],2,2,4,0,2
1,<environment.Job instance at 0x7fa3b35a1820>,3,1,[9 5],4,4,5,0,4
1,<environment.Job instance at 0x7fa3b316ef00>,4,21,[8 1],5,5,26,0,5
1,<environment.Job instance at 0x7fa3b3cb95a0>,9,25,[ 3 10],10,10,35,0,10
1,<environment.Job instance at 0x7fa36dab6f00>,17,23,[9 2],18,27,50,9,27
1,<environment.Job instance at 0x7fa36dab6d20>,19,3,[1 9],20,35,38,15,27
1,<environment.Job instance at 0x7fa3b33a17d0>,24,1,[1 8],25,47,48,22,47
1,<environment.Job instance at 0x7fa3b395ed70>,7,1,[1 7],8,48,49,40,47
1,<environment.Job instance at 0x7fa3b316edc0>,6,2,[7 3],7,50,52,43,47
1,<environment.Job instance at 0x7fa36d87a500>,26,3,[1 7],27,49,52,22,47
1,<environment.Job instance at 0x7fa36d87a4b0>,29,1,[8 2],30,52,53,22,47
1,<environment.Job instance at 0x7fa3b30b20f0>,32,18,[ 2 10],33,61,79,28,61
1,<environment.Job instance at 0x7fa36d85c2d0>,34,12,[9 4],35,69,81,34,69
1,<environment.Job instance at 0x7fa3b8390d70>,36,17,[ 1 14],37,81,98,44,69
1,<environment.Job instance at 0x7fa36da3f500>,38,1,[3 8],39,79,80,40,70
1,<environment.Job instance at 0x7fa3b3817a50>,39,18,[14  4],40,98,116,58,87
1,<environment.Job instance at 0x7fa3b3487e10>,46,2,[10  1],47,116,118,69,102
1,<environment.Job instance at 0x7fa3b34878c0>,47,1,[7 3],48,118,119,70,102
1,<environment.Job instance at 0x7fa36d9c5f00>,28,16,[6 5],29,118,134,89,106
1,<environment.Job instance at 0x7fa3b3bc90f0>,49,2,[4 6],50,116,118,66,116
1,<environment.Job instance at 0x7fa3b3bc96e0>,50,2,[5 8],51,119,121,68,118
1,<environment.Job instance at 0x7fa3b3bc9640>,51,3,[6 5],52,121,124,69,119
1,<environment.Job instance at 0x7fa3b3bc9550>,52,14,[4 9],53,124,138,71,119
1,<environment.Job instance at 0x7fa3b3487320>,48,23,[ 4 10],49,138,161,89,132
1,<environment.Job instance at 0x7fa36d3c0730>,55,13,[ 3 12],56,161,174,105,145
1,<environment.Job instance at 0x7fa36d9c5410>,27,1,[6 5],28,147,148,119,147
1,<environment.Job instance at 0x7fa36d3c0780>,56,13,[ 4 12],57,174,187,117,158
1,<environment.Job instance at 0x7fa3b32d1050>,71,17,[4 7],72,187,204,115,184
1,<environment.Job instance at 0x7fa3b32c6690>,74,1,[1 9],75,204,205,129,185
1,<environment.Job instance at 0x7fa3b32c6c80>,75,14,[5 1],76,187,201,111,187
1,<environment.Job instance at 0x7fa3b32c6050>,76,1,[2 5],77,187,188,110,187
1,<environment.Job instance at 0x7fa3b32c6370>,77,1,[8 5],78,201,202,123,187
1,<environment.Job instance at 0x7fa3b3157410>,63,24,[3 5],64,217,241,153,217
1,<environment.Job instance at 0x7fa3b3bec910>,0,26,[4 8],1,1,27,0,1
1,<environment.Job instance at 0x7fa36d25df50>,6,2,[1 9],7,27,29,20,7
1,<environment.Job instance at 0x7fa36d25d780>,9,3,[ 4 10],10,29,32,19,10
1,<environment.Job instance at 0x7fa3b30dc370>,5,18,[6 2],6,21,39,15,21
1,<environment.Job instance at 0x7fa36d25dfa0>,13,18,[8 1],14,32,50,18,22
1,<environment.Job instance at 0x7fa36d25dd70>,15,15,[12  1],16,50,65,34,36
1,<environment.Job instance at 0x7fa36d897b90>,23,1,[ 3 13],24,48,49,24,48
1,<environment.Job instance at 0x7fa36d8970f0>,24,1,[6 2],25,49,50,24,49
1,<environment.Job instance at 0x7fa36d8979b0>,25,22,[1 9],26,49,71,23,49
1,<environment.Job instance at 0x7fa36d897e10>,29,18,[ 3 12],30,71,89,41,60
1,<environment.Job instance at 0x7fa36d897af0>,32,3,[9 5],33,65,68,32,64
1,<environment.Job instance at 0x7fa36d8978c0>,33,17,[10  3],34,68,85,34,65
1,<environment.Job instance at 0x7fa36d897a00>,34,2,[7 4],35,89,91,54,65
1,<environment.Job instance at 0x7fa36d897640>,35,1,[ 5 13],36,91,92,55,65
1,<environment.Job instance at 0x7fa36d333870>,39,15,[ 5 10],40,92,107,52,83
1,<environment.Job instance at 0x7fa36d333a50>,40,19,[5 4],41,92,111,51,83
1,<environment.Job instance at 0x7fa36d333050>,41,17,[ 2 10],42,107,124,65,96
1,<environment.Job instance at 0x7fa36d333500>,44,24,[5 9],45,124,148,79,119
1,<environment.Job instance at 0x7fa36d897230>,31,2,[1 5],32,119,121,87,119
1,<environment.Job instance at 0x7fa36d25deb0>,16,13,[5 6],17,124,137,107,119
1,<environment.Job instance at 0x7fa36d1d3b40>,48,3,[1 9],49,148,151,99,122
1,<environment.Job instance at 0x7fa36d1d3320>,53,26,[7 5],54,137,163,83,135
1,<environment.Job instance at 0x7fa36d1d3cd0>,55,2,[13  2],56,163,165,107,140
1,<environment.Job instance at 0x7fa36d1d3eb0>,56,20,[3 6],57,165,185,108,156
1,<environment.Job instance at 0x7fa36d1d3f00>,58,16,[3 5],59,165,181,106,156
1,<environment.Job instance at 0x7fa36d1d3140>,63,3,[11  3],64,181,184,117,168
1,<environment.Job instance at 0x7fa36d1d3f50>,66,1,[1 9],67,184,185,117,175
1,<environment.Job instance at 0x7fa36d1cbb40>,67,2,[8 2],68,175,177,107,175
1,<environment.Job instance at 0x7fa36d1cbe10>,68,3,[9 2],69,177,180,108,175
1,<environment.Job instance at 0x7fa36d1cbeb0>,70,2,[7 3],71,185,187,114,177
1,<environment.Job instance at 0x7fa36d1cba00>,71,12,[10  4],72,187,199,115,185
1,<environment.Job instance at 0x7fa36d1cb910>,72,1,[7 3],73,185,186,112,185
1,<environment.Job instance at 0x7fa36d1cb050>,74,3,[3 9],75,186,189,111,185
1,<environment.Job instance at 0x7fa36d1cbfa0>,76,2,[2 8],77,189,191,112,185
1,<environment.Job instance at 0x7fa36d1cb0a0>,78,16,[ 5 13],79,199,215,120,186
1,<environment.Job instance at 0x7fa36d1d36e0>,49,15,[6 5],50,215,230,165,210
1,<environment.Job instance at 0x7fa36d1d3c30>,62,18,[4 7],63,215,233,152,210
1,<environment.Job instance at 0x7fa36d1d3c30>,2,13,[7 3],3,6,19,3,6
1,<environment.Job instance at 0x7fa3b30d7b40>,7,15,[5 5],8,8,23,0,8
1,<environment.Job instance at 0x7fa3b37700f0>,3,2,[9 4],4,19,21,15,10
1,<environment.Job instance at 0x7fa36d31df00>,9,18,[9 5],10,21,39,11,10
1,<environment.Job instance at 0x7fa3b38ff550>,10,3,[10  4],11,39,42,28,28
1,<environment.Job instance at 0x7fa3b3327500>,13,1,[6 2],14,29,30,15,29
1,<environment.Job instance at 0x7fa3b3327460>,14,2,[8 4],15,42,44,27,30
1,<environment.Job instance at 0x7fa36d1d6640>,5,17,[5 9],6,31,48,25,31
1,<environment.Job instance at 0x7fa36d8972d0>,1,15,[14  4],2,48,63,46,43
1,<environment.Job instance at 0x7fa3b372adc0>,21,17,[7 2],22,63,80,41,53
1,<environment.Job instance at 0x7fa3b355b050>,26,14,[1 5],27,67,81,40,67
1,<environment.Job instance at 0x7fa3b355bd70>,27,1,[4 8],28,67,68,39,67
1,<environment.Job instance at 0x7fa3b355bf50>,28,2,[10  1],29,80,82,51,67
1,<environment.Job instance at 0x7fa3b355b6e0>,29,25,[8 3],30,82,107,52,78
1,<environment.Job instance at 0x7fa3b355b690>,30,2,[5 5],31,78,80,47,78
1,<environment.Job instance at 0x7fa3b355b4b0>,32,24,[11  1],33,107,131,74,102
1,<environment.Job instance at 0x7fa36d25d460>,15,16,[3 8],16,111,127,95,111
1,<environment.Job instance at 0x7fa3b352f2d0>,37,18,[5 2],38,131,149,93,120
1,<environment.Job instance at 0x7fa3b30981e0>,42,18,[10  1],43,131,149,88,131
1,<environment.Job instance at 0x7fa3b3555c80>,50,2,[8 2],51,149,151,98,145
1,<environment.Job instance at 0x7fa36d31dcd0>,6,23,[10  4],7,151,174,144,148
1,<environment.Job instance at 0x7fa36d8ea4b0>,39,13,[4 7],40,149,162,109,148
1,<environment.Job instance at 0x7fa3b35415a0>,56,2,[5 5],57,162,164,105,159
1,<environment.Job instance at 0x7fa3b35552d0>,55,3,[7 3],56,174,177,118,160
1,<environment.Job instance at 0x7fa3b38cfeb0>,63,2,[12  1],64,177,179,113,174
1,<environment.Job instance at 0x7fa36d8c0c30>,62,14,[ 1 10],63,180,194,117,180
1,<environment.Job instance at 0x7fa36d8d1c30>,65,15,[10  1],66,180,195,114,180
1,<environment.Job instance at 0x7fa36d8d1370>,68,28,[8 3],69,195,223,126,194
1,<environment.Job instance at 0x7fa36d8d1e10>,69,20,[1 9],70,194,214,124,194
1,<environment.Job instance at 0x7fa36d8f5f00>,70,3,[10  4],71,223,226,152,197
1,<environment.Job instance at 0x7fa36d8f4640>,53,18,[ 3 10],54,214,232,160,206
1,<environment.Job instance at 0x7fa36d8f5c80>,72,16,[10  1],73,226,242,153,213
1,<environment.Job instance at 0x7fa36d8f54b0>,77,2,[13  1],78,242,244,164,226
1,<environment.Job instance at 0x7fa36d52ba50>,4,1,[11  3],5,5,6,0,5
1,<environment.Job instance at 0x7fa36d8957d0>,11,13,[ 1 13],12,13,26,1,13
1,<environment.Job instance at 0x7fa3b340e280>,12,27,[9 1],13,13,40,0,13
1,<environment.Job instance at 0x7fa3b340eeb0>,10,2,[2 9],11,26,28,15,15
1,<environment.Job instance at 0x7fa3b8629730>,15,1,[9 3],16,40,41,24,17
1,<environment.Job instance at 0x7fa3b8629690>,16,21,[12  2],17,41,62,24,33
1,<environment.Job instance at 0x7fa3b3ba5cd0>,17,2,[1 5],18,33,35,15,33
1,<environment.Job instance at 0x7fa3b3ba5730>,18,14,[ 1 14],19,62,76,43,47
1,<environment.Job instance at 0x7fa36da7d640>,19,20,[2 8],20,76,96,56,67
1,<environment.Job instance at 0x7fa3b8629410>,21,19,[5 5],22,76,95,54,67
1,<environment.Job instance at 0x7fa3b36e6870>,26,2,[12  3],27,95,97,68,69
1,<environment.Job instance at 0x7fa3b33a93c0>,31,23,[5 9],32,97,120,65,91
1,<environment.Job instance at 0x7fa36d7c4dc0>,35,15,[ 4 12],36,120,135,84,107
1,<environment.Job instance at 0x7fa3b3054eb0>,39,3,[ 4 11],40,135,138,95,113
1,<environment.Job instance at 0x7fa3b340b140>,41,26,[7 2],42,113,139,71,113
1,<environment.Job instance at 0x7fa3b340b7d0>,42,2,[ 2 13],43,138,140,95,115
1,<environment.Job instance at 0x7fa3b340b3c0>,45,2,[1 8],46,140,142,94,122
1,<environment.Job instance at 0x7fa3b340bbe0>,46,12,[11  2],47,139,151,92,122
1,<environment.Job instance at 0x7fa3b39a9550>,47,1,[14  5],48,151,152,103,128
1,<environment.Job instance at 0x7fa3b39a9370>,52,13,[5 2],53,152,165,99,139
1,<environment.Job instance at 0x7fa3b39a9190>,55,2,[1 8],56,158,160,102,158
1,<environment.Job instance at 0x7fa3b39a9320>,56,3,[8 4],57,158,161,101,158
1,<environment.Job instance at 0x7fa3b39a9fa0>,57,1,[1 8],58,160,161,102,158
1,<environment.Job instance at 0x7fa3b3c0c550>,58,1,[ 4 13],59,161,162,102,158
1,<environment.Job instance at 0x7fa3b3c0c820>,59,19,[9 1],60,162,181,102,158
1,<environment.Job instance at 0x7fa3b3c0c370>,60,2,[7 2],61,181,183,120,158
1,<environment.Job instance at 0x7fa3b3c0c0f0>,61,1,[5 7],62,165,166,103,158
1,<environment.Job instance at 0x7fa3b3a994b0>,62,2,[ 3 14],63,166,168,103,158
1,<environment.Job instance at 0x7fa3b3a997d0>,63,1,[7 1],64,181,182,117,158
1,<environment.Job instance at 0x7fa3b3a99dc0>,64,23,[8 3],65,182,205,117,176
1,<environment.Job instance at 0x7fa36d829dc0>,69,1,[11  4],70,205,206,135,181
1,<environment.Job instance at 0x7fa3b33568c0>,73,27,[9 4],74,206,233,132,204
1,<environment.Job instance at 0x7fa3b2fab0f0>,74,25,[8 2],75,233,258,158,229
1,<environment.Job instance at 0x7fa3b3c3b6e0>,0,12,[ 4 12],1,1,13,0,1
1,<environment.Job instance at 0x7fa36d5d9c80>,4,2,[5 6],5,13,15,8,5
1,<environment.Job instance at 0x7fa36d5d9370>,6,2,[3 9],7,13,15,6,7
1,<environment.Job instance at 0x7fa36d5d9140>,10,3,[6 3],11,15,18,4,11
1,<environment.Job instance at 0x7fa3b3597910>,12,2,[5 7],13,15,17,2,13
1,<environment.Job instance at 0x7fa3b3597c30>,13,2,[2 5],14,15,17,1,14
1,<environment.Job instance at 0x7fa3b35975f0>,14,2,[2 8],15,17,19,2,15
1,<environment.Job instance at 0x7fa3b3597140>,15,22,[9 4],16,18,40,2,16
1,<environment.Job instance at 0x7fa3b35973c0>,16,1,[1 5],17,19,20,2,17
1,<environment.Job instance at 0x7fa3b3597780>,17,2,[10  1],18,40,42,22,18
1,<environment.Job instance at 0x7fa3b3597b90>,19,27,[5 8],20,20,47,0,20
1,<environment.Job instance at 0x7fa3b35970f0>,26,22,[3 8],27,47,69,20,40
1,<environment.Job instance at 0x7fa3b37bc5a0>,28,2,[5 5],29,42,44,13,40
1,<environment.Job instance at 0x7fa3b37bc960>,29,2,[10  1],30,44,46,14,40
1,<environment.Job instance at 0x7fa3b37bcb40>,30,1,[10  3],31,46,47,15,40
1,<environment.Job instance at 0x7fa3b37bca50>,32,1,[3 9],33,69,70,36,41
1,<environment.Job instance at 0x7fa3b37bc8c0>,33,1,[5 2],34,42,43,8,41
1,<environment.Job instance at 0x7fa3b37bc0a0>,34,3,[5 4],35,47,50,12,41
1,<environment.Job instance at 0x7fa3b33569b0>,8,16,[8 5],9,50,66,41,41
1,<environment.Job instance at 0x7fa3b37bc3c0>,35,15,[13  3],36,70,85,34,56
1,<environment.Job instance at 0x7fa36db67460>,42,1,[14  1],43,85,86,42,71
1,<environment.Job instance at 0x7fa36db67f00>,44,17,[14  4],45,86,103,41,74
1,<environment.Job instance at 0x7fa3b3b335f0>,47,1,[9 4],48,103,104,55,86
1,<environment.Job instance at 0x7fa3b3b33140>,48,24,[8 2],49,104,128,55,99
1,<environment.Job instance at 0x7fa3b3b33190>,49,27,[ 3 13],50,104,131,54,102
1,<environment.Job instance at 0x7fa3b3b33f00>,50,18,[ 2 12],51,131,149,80,120
1,<environment.Job instance at 0x7fa3b3630eb0>,56,24,[13  3],57,131,155,74,126
1,<environment.Job instance at 0x7fa3b3630c80>,59,2,[10  1],60,155,157,95,134
1,<environment.Job instance at 0x7fa3b3b011e0>,65,2,[4 6],66,155,157,89,152
1,<environment.Job instance at 0x7fa3b3b017d0>,67,1,[9 3],68,166,167,98,166
1,<environment.Job instance at 0x7fa3b33fc190>,71,12,[7 1],72,172,184,100,172
1,<environment.Job instance at 0x7fa3b33fcd70>,72,2,[7 2],73,172,174,99,172
1,<environment.Job instance at 0x7fa3b33fceb0>,73,26,[7 3],74,174,200,100,172
1,<environment.Job instance at 0x7fa3b33fccd0>,78,3,[3 9],79,188,191,109,188
1,<environment.Job instance at 0x7fa3b37bc910>,36,12,[3 8],37,213,225,176,213
1,<environment.Job instance at 0x7fa3b3597cd0>,23,16,[5 8],24,225,241,201,216
1,<environment.Job instance at 0x7fa3b328d230>,5,1,[ 5 10],6,6,7,0,6
1,<environment.Job instance at 0x7fa3b328d320>,8,1,[7 2],9,9,10,0,9
1,<environment.Job instance at 0x7fa3b3bc89b0>,14,3,[2 7],15,33,36,18,33
1,<environment.Job instance at 0x7fa3b3bc8820>,16,3,[2 7],17,33,36,16,33
1,<environment.Job instance at 0x7fa3b3bc80a0>,17,2,[9 5],18,36,38,18,33
1,<environment.Job instance at 0x7fa3b3bc8a50>,19,17,[12  4],20,38,55,18,34
1,<environment.Job instance at 0x7fa3b3bc8fa0>,20,20,[7 1],21,55,75,34,46
1,<environment.Job instance at 0x7fa3b3bc8280>,24,21,[6 1],25,57,78,32,57
1,<environment.Job instance at 0x7fa3b3bc8f50>,25,17,[ 1 11],26,60,77,34,60
1,<environment.Job instance at 0x7fa3b3bc8b40>,27,13,[12  4],28,78,91,50,62
1,<environment.Job instance at 0x7fa3b32e4a00>,2,14,[1 9],3,77,91,74,65
1,<environment.Job instance at 0x7fa36dafc5a0>,36,3,[5 5],37,91,94,54,77
1,<environment.Job instance at 0x7fa36dafc050>,38,1,[7 4],39,91,92,52,86
1,<environment.Job instance at 0x7fa36dafc230>,39,2,[3 9],40,92,94,52,86
1,<environment.Job instance at 0x7fa36dafcbe0>,40,24,[ 4 14],41,94,118,53,89
1,<environment.Job instance at 0x7fa36db0e780>,41,1,[9 5],42,118,119,76,90
1,<environment.Job instance at 0x7fa36db0eb90>,44,14,[ 1 11],45,119,133,74,105
1,<environment.Job instance at 0x7fa36db0eaa0>,45,24,[7 4],46,119,143,73,114
1,<environment.Job instance at 0x7fa36db0ef50>,55,25,[6 2],56,160,185,104,160
1,<environment.Job instance at 0x7fa36db07dc0>,58,2,[5 6],59,161,163,102,161
1,<environment.Job instance at 0x7fa36db0e0a0>,56,2,[ 1 13],57,163,165,106,163
1,<environment.Job instance at 0x7fa36db070f0>,59,18,[ 1 10],60,165,183,105,164
1,<environment.Job instance at 0x7fa3b3c961e0>,66,26,[10  2],67,185,211,118,182
1,<environment.Job instance at 0x7fa36db075a0>,62,15,[4 5],63,185,200,122,185
1,<environment.Job instance at 0x7fa3b3c96a00>,71,15,[3 7],72,200,215,128,186
1,<environment.Job instance at 0x7fa3b3c96370>,74,1,[12  5],75,211,212,136,200
1,<environment.Job instance at 0x7fa3b3c96820>,75,1,[ 2 14],76,215,216,139,200
1,<environment.Job instance at 0x7fa3b3c96c80>,77,2,[14  3],78,216,218,138,200
1,<environment.Job instance at 0x7fa3b3c96460>,78,2,[10  3],79,212,214,133,200
1,<environment.Job instance at 0x7fa3b3c96b40>,72,21,[9 5],73,218,239,145,210
1,<environment.Job instance at 0x7fa3b3c96960>,73,2,[4 9],74,218,220,144,217
1,<environment.Job instance at 0x7fb2370e2140>,1,3,[ 2 10],2,2,5,0,2
1,<environment.Job instance at 0x7fb22fcd22d0>,3,22,[2 5],4,4,26,0,4
1,<environment.Job instance at 0x7fb22fcd21e0>,5,2,[1 6],6,6,8,0,6
1,<environment.Job instance at 0x7fb22fcd2820>,10,22,[8 1],11,16,38,5,16
1,<environment.Job instance at 0x7fb22fcd2aa0>,14,21,[8 1],15,38,59,23,30
1,<environment.Job instance at 0x7fb22fcd2dc0>,18,26,[7 4],19,30,56,11,30
1,<environment.Job instance at 0x7fb22fcd2d70>,19,25,[5 9],20,56,81,36,52
1,<environment.Job instance at 0x7fb22fcd64b0>,28,17,[ 1 13],29,81,98,52,69
1,<environment.Job instance at 0x7fb22fcd6be0>,31,1,[ 2 14],32,98,99,66,71
1,<environment.Job instance at 0x7fb22fcd6d20>,32,21,[5 9],33,99,120,66,91
1,<environment.Job instance at 0x7fb22fcd6cd0>,33,26,[3 6],34,99,125,65,96
1,<environment.Job instance at 0x7fb22fcd3190>,40,26,[ 1 10],41,125,151,84,122
1,<environment.Job instance at 0x7fb22fcd31e0>,41,1,[7 1],42,124,125,82,124
1,<environment.Job instance at 0x7fb22fcd35f0>,48,12,[9 2],49,134,146,85,134
1,<environment.Job instance at 0x7fb23716ce10>,9,12,[8 2],10,146,158,136,143
1,<environment.Job instance at 0x7fb22fcd3a00>,53,3,[2 9],54,151,154,97,143
1,<environment.Job instance at 0x7fb22fcd3eb0>,57,16,[ 2 11],58,154,170,96,144
1,<environment.Job instance at 0x7fb22fcd3b90>,52,2,[ 2 10],53,170,172,117,153
1,<environment.Job instance at 0x7fb22fcd6870>,30,26,[9 4],31,158,184,127,155
1,<environment.Job instance at 0x7fb22fcdb460>,64,2,[2 8],65,172,174,107,161
1,<environment.Job instance at 0x7fb22fcdb550>,65,1,[5 8],66,174,175,108,161
1,<environment.Job instance at 0x7fb22fcdb5f0>,66,2,[7 2],67,184,186,117,161
1,<environment.Job instance at 0x7fb22fcdba50>,70,1,[5 4],71,177,178,106,177
1,<environment.Job instance at 0x7fb22fcdbd20>,71,2,[5 1],72,178,180,106,177
1,<environment.Job instance at 0x7fb22fcdbb90>,73,2,[9 3],74,186,188,112,186
1,<environment.Job instance at 0x7fb22fcdbd70>,74,2,[1 7],75,186,188,111,186
1,<environment.Job instance at 0x7fb22fcdbe10>,75,3,[10  4],76,188,191,112,186
1,<environment.Job instance at 0x7fb22fcdbf50>,76,13,[10  1],77,191,204,114,186
1,<environment.Job instance at 0x7fb22fcda190>,79,19,[10  3],80,204,223,124,194
1,<environment.Job instance at 0x7fb22fcda1e0>,80,1,[5 5],81,194,195,113,194
1,<environment.Job instance at 0x7fb22fcda2d0>,82,21,[4 8],83,203,224,120,203
1,<environment.Job instance at 0x7fb22fcda370>,83,18,[ 3 10],84,224,242,140,214
1,<environment.Job instance at 0x7fb237251a50>,3,25,[ 1 10],4,4,29,0,4
1,<environment.Job instance at 0x7fb1f6cc0cd0>,4,1,[ 5 10],5,29,30,24,5
1,<environment.Job instance at 0x7fb23710b410>,14,1,[ 1 10],15,30,31,15,15
1,<environment.Job instance at 0x7fb23710bd20>,16,1,[4 8],17,31,32,14,18
1,<environment.Job instance at 0x7fb23710baf0>,18,3,[5 5],19,19,22,0,19
1,<environment.Job instance at 0x7fb23710baa0>,19,27,[3 9],20,32,59,12,30
1,<environment.Job instance at 0x7fb23710b870>,20,23,[5 1],21,35,58,14,35
1,<environment.Job instance at 0x7fb237256820>,24,1,[9 2],25,58,59,33,43
1,<environment.Job instance at 0x7fb237256280>,25,2,[1 6],26,59,61,33,43
1,<environment.Job instance at 0x7fb237256be0>,27,3,[ 3 13],28,61,64,33,43
1,<environment.Job instance at 0x7fb237256410>,29,28,[7 5],30,64,92,34,63
1,<environment.Job instance at 0x7fb2372518c0>,7,2,[6 2],8,65,67,57,65
1,<environment.Job instance at 0x7fb2372531e0>,33,3,[10  1],34,92,95,58,67
1,<environment.Job instance at 0x7fb237253230>,32,18,[7 5],33,67,85,34,67
1,<environment.Job instance at 0x7fb237253e60>,34,1,[6 1],35,85,86,50,75
1,<environment.Job instance at 0x7fb2372532d0>,38,1,[7 1],39,86,87,47,75
1,<environment.Job instance at 0x7fb2372563c0>,30,19,[ 5 12],31,92,111,61,82
1,<environment.Job instance at 0x7fb23724ff50>,48,3,[4 6],49,111,114,62,108
1,<environment.Job instance at 0x7fb23724f050>,49,1,[5 5],50,111,112,61,108
1,<environment.Job instance at 0x7fb23724f320>,50,2,[7 5],51,112,114,61,108
1,<environment.Job instance at 0x7fb23724f6e0>,52,15,[ 2 13],53,114,129,61,109
1,<environment.Job instance at 0x7fb23724fb40>,53,1,[2 7],54,129,130,75,109
1,<environment.Job instance at 0x7fb23724f870>,54,20,[13  4],55,129,149,74,120
1,<environment.Job instance at 0x7fb23724f460>,55,3,[9 2],56,120,123,64,120
1,<environment.Job instance at 0x7fb23725df50>,57,2,[3 8],58,149,151,91,122
1,<environment.Job instance at 0x7fb23725d870>,58,3,[4 8],59,151,154,92,125
1,<environment.Job instance at 0x7fb23725d4b0>,61,22,[5 6],62,149,171,87,142
1,<environment.Job instance at 0x7fb23725d8c0>,62,1,[9 2],63,154,155,91,142
1,<environment.Job instance at 0x7fb23725d190>,63,1,[12  5],64,171,172,107,143
1,<environment.Job instance at 0x7fb23725d410>,64,1,[8 3],65,155,156,90,143
1,<environment.Job instance at 0x7fb23725ddc0>,67,21,[10  4],68,172,193,104,164
1,<environment.Job instance at 0x7fb237251870>,6,18,[2 6],7,164,182,157,164
1,<environment.Job instance at 0x7fb237257eb0>,69,2,[ 4 10],70,182,184,112,168
1,<environment.Job instance at 0x7fb237249a50>,39,13,[5 5],40,184,197,144,168
1,<environment.Job instance at 0x7fb237257aa0>,73,2,[9 4],74,193,195,119,168
1,<environment.Job instance at 0x7fb2372571e0>,75,2,[5 6],76,195,197,119,171
1,<environment.Job instance at 0x7fb22fc70b90>,82,3,[8 5],83,197,200,114,187
1,<environment.Job instance at 0x7fb23716a320>,83,24,[3 7],84,197,221,113,192
1,<environment.Job instance at 0x7fb23716a500>,84,19,[3 8],85,200,219,115,192
1,<environment.Job instance at 0x7fb23716a190>,86,3,[10  3],87,219,222,132,193
1,<environment.Job instance at 0x7fb1ebf2ebe0>,4,19,[6 2],5,5,24,0,5
1,<environment.Job instance at 0x7fb1ebf9afa0>,13,12,[1 9],14,14,26,0,14
1,<environment.Job instance at 0x7fb1ebf9aeb0>,14,26,[3 9],15,26,52,11,23
1,<environment.Job instance at 0x7fb1ebf9a4b0>,16,3,[7 5],17,24,27,7,24
1,<environment.Job instance at 0x7fb1ebf9a320>,17,2,[5 3],18,27,29,9,24
1,<environment.Job instance at 0x7fb1ebf9a1e0>,18,21,[2 7],19,52,73,33,44
1,<environment.Job instance at 0x7fb1ec0d0230>,19,3,[10  4],20,44,47,24,44
1,<environment.Job instance at 0x7fb1ec0d0730>,20,23,[4 7],21,52,75,31,46
1,<environment.Job instance at 0x7fb1ec0d0870>,24,3,[5 6],25,73,76,48,52
1,<environment.Job instance at 0x7fb1ec0d0410>,25,19,[ 1 10],26,76,95,50,66
1,<environment.Job instance at 0x7fb1ebf2ed20>,9,1,[5 3],10,75,76,65,68
1,<environment.Job instance at 0x7fb1ec0d0500>,27,2,[10  3],28,76,78,48,69
1,<environment.Job instance at 0x7fb1ec0d02d0>,31,17,[3 6],32,95,112,63,84
1,<environment.Job instance at 0x7fb1ec0d09b0>,33,1,[4 8],34,95,96,61,84
1,<environment.Job instance at 0x7fb1ec0d0d70>,35,21,[1 6],36,96,117,60,88
1,<environment.Job instance at 0x7fb1ec0d0c30>,37,18,[ 1 14],38,117,135,79,106
1,<environment.Job instance at 0x7fb1ec0d0460>,38,23,[1 9],39,135,158,96,129
1,<environment.Job instance at 0x7fb1ebf5df50>,40,3,[4 8],41,158,161,117,132
1,<environment.Job instance at 0x7fb1ec0d0960>,30,1,[14  4],31,135,136,104,134
1,<environment.Job instance at 0x7fb1ebf5deb0>,43,18,[5 1],44,137,155,93,137
1,<environment.Job instance at 0x7fb1ebf5daf0>,48,19,[4 7],49,158,177,109,148
1,<environment.Job instance at 0x7fb1ebf5da50>,47,12,[4 8],48,161,173,113,155
1,<environment.Job instance at 0x7fb1ebfd6dc0>,51,1,[ 5 10],52,177,178,125,156
1,<environment.Job instance at 0x7fb1ebfd6d70>,52,2,[10  4],53,173,175,120,157
1,<environment.Job instance at 0x7fb1ebf5dbe0>,50,16,[14  3],51,178,194,127,165
1,<environment.Job instance at 0x7fb1ebfd69b0>,57,2,[ 1 12],58,178,180,120,165
1,<environment.Job instance at 0x7fb1ebfd66e0>,53,22,[9 1],54,199,221,145,199
1,<environment.Job instance at 0x7fb1ebfd60f0>,65,27,[6 1],66,199,226,133,199
1,<environment.Job instance at 0x7fb1ec017280>,72,23,[1 8],73,221,244,148,215
1,<environment.Job instance at 0x7fb1ec017500>,73,1,[9 5],74,226,227,152,215
1,<environment.Job instance at 0x7fb1ec0179b0>,74,2,[7 1],75,221,223,146,215
1,<environment.Job instance at 0x7fb1ec0174b0>,75,1,[5 1],76,223,224,147,215
1,<environment.Job instance at 0x7fb1ebfc6320>,76,1,[2 6],77,224,225,147,215
1,<environment.Job instance at 0x7fb1ebfc6280>,78,2,[5 3],79,227,229,148,221
1,<environment.Job instance at 0x7fb1ebfc6640>,1,3,[5 9],2,2,5,0,2
1,<environment.Job instance at 0x7fb1ec000f50>,4,3,[7 5],5,5,8,0,5
1,<environment.Job instance at 0x7fb1ec0002d0>,5,2,[5 8],6,7,9,1,7
1,<environment.Job instance at 0x7fb1ec0f49b0>,10,15,[5 8],11,13,28,2,13
1,<environment.Job instance at 0x7fb1ec0f4190>,12,15,[9 2],13,14,29,1,14
1,<environment.Job instance at 0x7fb1ec0f47d0>,13,2,[7 3],14,29,31,15,14
1,<environment.Job instance at 0x7fb1ec0f4820>,15,2,[5 7],16,28,30,12,19
1,<environment.Job instance at 0x7fb1ec0d7f50>,16,2,[8 1],17,30,32,13,19
1,<environment.Job instance at 0x7fb1ec0d7140>,17,27,[9 5],18,32,59,14,30
1,<environment.Job instance at 0x7fb1ec000d70>,8,20,[5 2],9,31,51,22,30
1,<environment.Job instance at 0x7fb1ec0d7910>,20,2,[4 9],21,51,53,30,33
1,<environment.Job instance at 0x7fb1ec0d7690>,21,3,[9 4],22,59,62,37,34
1,<environment.Job instance at 0x7fb1ec0d7230>,22,2,[2 9],23,53,55,30,35
1,<environment.Job instance at 0x7fb1ec0d75a0>,19,14,[12  2],20,62,76,42,47
1,<environment.Job instance at 0x7fb1ec0d7820>,25,1,[6 3],26,55,56,29,47
1,<environment.Job instance at 0x7fb1ec0d70f0>,30,1,[7 2],31,76,77,45,58
1,<environment.Job instance at 0x7fb1ec0d7d20>,31,17,[ 5 14],32,77,94,45,65
1,<environment.Job instance at 0x7fb1ec0d7d70>,32,25,[ 3 11],33,94,119,61,90
1,<environment.Job instance at 0x7fb1ec29de10>,34,17,[13  5],35,119,136,84,107
1,<environment.Job instance at 0x7fb1ec132460>,41,3,[9 4],42,136,139,94,122
1,<environment.Job instance at 0x7fb1ec132550>,46,1,[9 2],47,139,140,92,134
1,<environment.Job instance at 0x7fb1ec132af0>,47,2,[1 8],48,134,136,86,134
1,<environment.Job instance at 0x7fb1ec150320>,49,18,[5 6],50,136,154,86,135
1,<environment.Job instance at 0x7fb1ec1500a0>,51,2,[9 2],52,150,152,98,150
1,<environment.Job instance at 0x7fb1ec150730>,52,2,[7 5],53,152,154,99,150
1,<environment.Job instance at 0x7fb1ec078aa0>,54,2,[5 8],55,154,156,99,150
1,<environment.Job instance at 0x7fb1ec150640>,55,27,[4 5],56,154,181,98,152
1,<environment.Job instance at 0x7fb1ec0d7e60>,23,15,[7 2],24,156,171,132,153
1,<environment.Job instance at 0x7fb1ec150500>,56,2,[1 8],57,159,161,102,159
1,<environment.Job instance at 0x7fb1ec1505a0>,58,12,[ 5 12],59,181,193,122,164
1,<environment.Job instance at 0x7fb1ec471c80>,61,2,[2 9],62,171,173,109,166
1,<environment.Job instance at 0x7fb1ec471280>,62,20,[4 9],63,193,213,130,184
1,<environment.Job instance at 0x7fb23710cd70>,70,3,[6 2],71,190,193,119,190
1,<environment.Job instance at 0x7fb23710c5f0>,71,1,[5 8],72,213,214,141,190
1,<environment.Job instance at 0x7fb23710cbe0>,74,21,[4 9],75,214,235,139,206
1,<environment.Job instance at 0x7fb1ec132f50>,43,16,[4 5],44,206,222,162,206
1,<environment.Job instance at 0x7fb23710cc80>,76,13,[2 5],77,222,235,145,206
1,<environment.Job instance at 0x7fb23710c3c0>,78,12,[14  3],79,235,247,156,218
1,<environment.Job instance at 0x7fb1ebf706e0>,0,26,[8 3],1,1,27,0,1
1,<environment.Job instance at 0x7fb1ec000a50>,13,2,[10  2],14,27,29,13,14
1,<environment.Job instance at 0x7fb1ebf75c30>,14,2,[11  3],15,29,31,14,15
1,<environment.Job instance at 0x7fb1ec3bea50>,16,2,[2 7],17,17,19,0,17
1,<environment.Job instance at 0x7fb1ec3cc190>,19,18,[5 2],20,31,49,11,22
1,<environment.Job instance at 0x7fb1ec3cc0f0>,20,16,[ 4 10],21,33,49,12,33
1,<environment.Job instance at 0x7fb1ec3cc410>,23,3,[2 8],24,49,52,25,33
1,<environment.Job instance at 0x7fb1ec3cc5a0>,25,17,[12  4],26,49,66,23,39
1,<environment.Job instance at 0x7fb1ec3ccbe0>,32,1,[10  4],33,66,67,33,60
1,<environment.Job instance at 0x7fb1ec3ccd70>,34,18,[10  5],35,74,92,39,74
1,<environment.Job instance at 0x7fb1ec3cceb0>,37,2,[ 3 11],38,92,94,54,76
1,<environment.Job instance at 0x7fb1ec3ccfa0>,38,15,[10  4],39,92,107,53,79
1,<environment.Job instance at 0x7fb1ec3ccaf0>,39,2,[2 7],40,79,81,39,79
1,<environment.Job instance at 0x7fb1ec3d9140>,42,27,[8 3],43,107,134,64,105
1,<environment.Job instance at 0x7fb1ec3d95f0>,45,1,[1 6],46,110,111,64,110
1,<environment.Job instance at 0x7fb1ec3d94b0>,46,27,[2 6],47,110,137,63,110
1,<environment.Job instance at 0x7fb1ec3d9370>,44,17,[2 6],45,111,128,66,110
1,<environment.Job instance at 0x7fb1ec3d9960>,49,1,[8 5],50,134,135,84,113
1,<environment.Job instance at 0x7fb1ec3d9870>,50,14,[ 4 14],51,137,151,86,122
1,<environment.Job instance at 0x7fb1ec3d9a50>,52,2,[2 7],53,135,137,82,126
1,<environment.Job instance at 0x7fb1ec3d9910>,53,1,[8 3],54,151,152,97,126
1,<environment.Job instance at 0x7fb1ec3d9d70>,56,2,[7 5],57,151,153,94,127
1,<environment.Job instance at 0x7fb1ec3d9eb0>,57,1,[2 8],58,152,153,94,127
1,<environment.Job instance at 0x7fb1ec3d9e10>,58,3,[2 9],59,153,156,94,127
1,<environment.Job instance at 0x7fb1ec3d9fa0>,59,3,[2 7],60,156,159,96,130
1,<environment.Job instance at 0x7fb1ec3bc410>,63,1,[7 1],64,145,146,81,145
1,<environment.Job instance at 0x7fb1ec3bc5f0>,66,21,[ 4 10],67,159,180,92,151
1,<environment.Job instance at 0x7fb1ec3bc690>,67,23,[2 8],68,180,203,112,174
1,<environment.Job instance at 0x7fb1ec3bc7d0>,69,19,[13  3],70,180,199,110,174
1,<environment.Job instance at 0x7fb1ec3bc9b0>,74,13,[ 4 11],75,203,216,128,192
1,<environment.Job instance at 0x7fb1ec3bcf50>,79,17,[12  4],80,216,233,136,205
1,<environment.Job instance at 0x7fb1ebedbeb0>,2,1,[4 8],3,3,4,0,3
1,<environment.Job instance at 0x7fb1ebf70d70>,3,3,[10  3],4,4,7,0,4
1,<environment.Job instance at 0x7fb1ec3bceb0>,4,1,[ 3 10],5,5,6,0,5
1,<environment.Job instance at 0x7fb1ec0d7aa0>,9,2,[ 5 14],10,10,12,0,10
1,<environment.Job instance at 0x7fb232961dc0>,14,3,[2 8],15,17,20,2,17
1,<environment.Job instance at 0x7fb2329618c0>,16,12,[10  2],17,21,33,4,21
1,<environment.Job instance at 0x7fb2329616e0>,17,12,[6 2],18,33,45,15,21
1,<environment.Job instance at 0x7fb232961e60>,19,1,[9 2],20,33,34,13,30
1,<environment.Job instance at 0x7fb22fc71a00>,21,16,[ 1 14],22,45,61,23,32
1,<environment.Job instance at 0x7fb2370e2460>,25,20,[7 5],26,61,81,35,52
1,<environment.Job instance at 0x7fb2327d8640>,29,2,[1 9],30,61,63,31,52
1,<environment.Job instance at 0x7fb2327d83c0>,31,15,[7 1],32,54,69,22,54
1,<environment.Job instance at 0x7fb2327d8280>,32,3,[8 3],33,69,72,36,57
1,<environment.Job instance at 0x7fb2323b56e0>,35,12,[4 5],36,72,84,36,64
1,<environment.Job instance at 0x7fb1ebf70230>,6,12,[ 5 12],7,84,96,77,69
1,<environment.Job instance at 0x7fb2370e2230>,24,22,[7 3],25,81,103,56,74
1,<environment.Job instance at 0x7fb2323b59b0>,34,17,[14  5],35,103,120,68,91
1,<environment.Job instance at 0x7fb230088d70>,48,2,[9 3],49,120,122,71,113
1,<environment.Job instance at 0x7fb230088e60>,49,3,[4 7],50,120,123,70,113
1,<environment.Job instance at 0x7fb1ec070fa0>,50,1,[4 8],51,122,123,71,113
1,<environment.Job instance at 0x7fb1ec070460>,51,1,[8 1],52,123,124,71,113
1,<environment.Job instance at 0x7fb230088cd0>,47,16,[7 2],48,123,139,75,115
1,<environment.Job instance at 0x7fb1ec0708c0>,55,2,[9 1],56,139,141,83,126
1,<environment.Job instance at 0x7fb1ec070050>,56,22,[1 8],57,126,148,69,126
1,<environment.Job instance at 0x7fb1ebf75cd0>,57,28,[5 9],58,148,176,90,147
1,<environment.Job instance at 0x7fb1ebf75eb0>,61,15,[8 1],62,150,165,88,150
1,<environment.Job instance at 0x7fb1ebf75780>,60,18,[ 2 10],61,176,194,115,165
1,<environment.Job instance at 0x7fb1ebf745a0>,67,28,[9 1],68,169,197,101,169
1,<environment.Job instance at 0x7fb2322d6e10>,72,26,[5 8],73,194,220,121,191
1,<environment.Job instance at 0x7fb2322d6780>,73,2,[7 2],74,197,199,123,191
1,<environment.Job instance at 0x7fb2322d6370>,74,3,[ 5 10],75,220,223,145,194
1,<environment.Job instance at 0x7fb2322d67d0>,75,1,[5 4],76,199,200,123,196
1,<environment.Job instance at 0x7fb2322d6fa0>,77,1,[6 2],78,200,201,122,196
1,<environment.Job instance at 0x7fb23008fe10>,81,1,[13  4],82,223,224,141,196
1,<environment.Job instance at 0x7fb2300885f0>,40,15,[2 5],41,200,215,159,200
1,<environment.Job instance at 0x7fb1ec0b3820>,84,12,[3 9],85,224,236,139,214
1,<environment.Job instance at 0x7fb1ec37b0f0>,0,22,[7 1],1,1,23,0,1
1,<environment.Job instance at 0x7fb1ec37b3c0>,2,21,[5 7],3,3,24,0,3
1,<environment.Job instance at 0x7fb1ec58bb90>,12,3,[6 5],13,23,26,10,14
1,<environment.Job instance at 0x7fb232875dc0>,8,16,[1 7],9,24,40,15,22
1,<environment.Job instance at 0x7fb232567410>,16,2,[2 6],17,26,28,9,23
1,<environment.Job instance at 0x7fb22fa80c30>,7,1,[ 4 10],8,40,41,32,27
1,<environment.Job instance at 0x7fb23017ee60>,19,2,[4 7],20,33,35,13,33
1,<environment.Job instance at 0x7fb23017e780>,20,26,[3 7],21,41,67,20,38
1,<environment.Job instance at 0x7fb23017ef50>,21,18,[11  5],22,42,60,20,42
1,<environment.Job instance at 0x7fb22fdbcbe0>,26,1,[10  1],27,60,61,33,52
1,<environment.Job instance at 0x7fb2300f9910>,29,1,[12  2],30,61,62,31,61
1,<environment.Job instance at 0x7fb230199690>,30,13,[10  1],31,62,75,31,61
1,<environment.Job instance at 0x7fb2300f9b40>,31,3,[5 1],32,67,70,35,61
1,<environment.Job instance at 0x7fb232825410>,32,24,[1 9],33,70,94,37,65
1,<environment.Job instance at 0x7fb230064e60>,9,18,[8 2],10,75,93,65,66
1,<environment.Job instance at 0x7fb2322636e0>,37,2,[3 7],38,94,96,56,78
1,<environment.Job instance at 0x7fb1ec18beb0>,38,2,[1 6],39,93,95,54,78
1,<environment.Job instance at 0x7fb232263780>,39,3,[7 2],40,94,97,54,79
1,<environment.Job instance at 0x7fb232362960>,41,27,[7 1],42,96,123,54,94
1,<environment.Job instance at 0x7fb232227be0>,42,26,[ 3 10],43,97,123,54,94
1,<environment.Job instance at 0x7fb2322340f0>,43,2,[ 3 13],44,123,125,79,101
1,<environment.Job instance at 0x7fb1ec554690>,47,1,[ 3 14],48,125,126,77,104
1,<environment.Job instance at 0x7fb1ec554be0>,48,12,[ 2 11],49,126,138,77,109
1,<environment.Job instance at 0x7fb22fb091e0>,50,16,[10  1],51,123,139,72,118
1,<environment.Job instance at 0x7fb22fb09eb0>,52,16,[12  1],53,139,155,86,126
1,<environment.Job instance at 0x7fb22fb09500>,53,15,[ 4 13],54,155,170,101,141
1,<environment.Job instance at 0x7fb22fb090a0>,61,13,[10  2],62,155,168,93,151
1,<environment.Job instance at 0x7fb2300af050>,63,24,[2 6],64,170,194,106,165
1,<environment.Job instance at 0x7fb2300afaf0>,64,13,[ 5 12],65,194,207,129,178
1,<environment.Job instance at 0x7fb2300af910>,65,2,[ 2 11],66,207,209,141,188
1,<environment.Job instance at 0x7fb22fbc16e0>,73,1,[5 5],74,209,210,135,198
1,<environment.Job instance at 0x7fb22fbc1dc0>,75,19,[6 3],76,216,235,140,216
1,<environment.Job instance at 0x7fb22fcb3370>,76,3,[3 9],77,216,219,139,216
1,<environment.Job instance at 0x7fb23220ff00>,79,1,[2 8],80,219,220,139,216
1,<environment.Job instance at 0x7fb23220f2d0>,82,27,[5 7],83,220,247,137,218
1,<environment.Job instance at 0x7fb232555640>,1,14,[ 4 13],2,2,16,0,2
1,<environment.Job instance at 0x7fb230120640>,4,2,[9 2],5,5,7,0,5
1,<environment.Job instance at 0x7fb22fcb5e10>,6,2,[10  2],7,7,9,0,7
1,<environment.Job instance at 0x7fb22fcb5960>,7,3,[10  1],8,9,12,1,8
1,<environment.Job instance at 0x7fb22fcb5140>,8,2,[2 7],9,16,18,7,9
1,<environment.Job instance at 0x7fb23011e190>,17,14,[11  4],18,19,33,1,19
1,<environment.Job instance at 0x7fb23011e640>,20,18,[ 4 11],21,32,50,11,32
1,<environment.Job instance at 0x7fb23011e6e0>,21,18,[ 3 10],22,50,68,28,39
1,<environment.Job instance at 0x7fb23011e820>,23,24,[8 5],24,50,74,26,45
1,<environment.Job instance at 0x7fb23011eeb0>,34,2,[2 7],35,86,88,51,86
1,<environment.Job instance at 0x7fb23011e140>,36,3,[14  2],37,94,97,57,94
1,<environment.Job instance at 0x7fb2301112d0>,38,20,[3 9],39,98,118,59,98
1,<environment.Job instance at 0x7fb230111140>,39,1,[5 5],40,98,99,58,98
1,<environment.Job instance at 0x7fb230111230>,42,3,[3 7],43,118,121,75,111
1,<environment.Job instance at 0x7fb2301114b0>,43,14,[ 5 13],44,121,135,77,111
1,<environment.Job instance at 0x7fb230111780>,45,2,[8 3],46,111,113,65,111
1,<environment.Job instance at 0x7fb2301115f0>,47,21,[4 8],48,135,156,87,127
1,<environment.Job instance at 0x7fb230111550>,48,23,[3 9],49,156,179,107,150
1,<environment.Job instance at 0x7fb230111c80>,53,2,[9 2],54,156,158,102,156
1,<environment.Job instance at 0x7fb23013f190>,59,15,[ 2 10],60,179,194,119,178
1,<environment.Job instance at 0x7fb23013f050>,60,2,[ 1 11],61,194,196,133,178
1,<environment.Job instance at 0x7fb23013f230>,61,3,[8 3],62,178,181,116,178
1,<environment.Job instance at 0x7fb23013f4b0>,62,1,[ 3 10],63,196,197,133,178
1,<environment.Job instance at 0x7fb23013f500>,63,3,[3 8],64,197,200,133,178
1,<environment.Job instance at 0x7fb23013f460>,64,2,[3 6],65,197,199,132,178
1,<environment.Job instance at 0x7fb23013f6e0>,66,3,[ 4 10],67,200,203,133,186
1,<environment.Job instance at 0x7fb23013f780>,67,12,[ 3 14],68,203,215,135,186
1,<environment.Job instance at 0x7fb23013f820>,68,2,[ 1 10],69,215,217,146,194
1,<environment.Job instance at 0x7fb23013f550>,74,1,[2 5],75,215,216,140,204
1,<environment.Job instance at 0x7fb23013f9b0>,75,1,[7 2],76,216,217,140,204
1,<environment.Job instance at 0x7fb23013fc30>,76,1,[10  4],77,217,218,140,204
1,<environment.Job instance at 0x7fb23013fcd0>,77,2,[8 3],78,218,220,140,204
1,<environment.Job instance at 0x7fb23013fa50>,71,16,[8 4],72,220,236,148,207
1,<environment.Job instance at 0x7fb1ec1f9eb0>,2,1,[5 3],3,3,4,0,3
1,<environment.Job instance at 0x7fb230130f00>,3,27,[3 5],4,4,31,0,4
1,<environment.Job instance at 0x7fb22fcac190>,6,12,[4 8],7,14,26,7,14
1,<environment.Job instance at 0x7fb22fcacb90>,4,1,[12  4],5,26,27,21,14
1,<environment.Job instance at 0x7fb1ebf39870>,19,3,[3 7],20,29,32,9,29
1,<environment.Job instance at 0x7fb23725e050>,24,1,[4 7],25,46,47,21,46
1,<environment.Job instance at 0x7fb1ec246780>,25,18,[3 9],26,47,65,21,46
1,<environment.Job instance at 0x7fb1ec246280>,26,27,[10  4],27,46,73,19,46
1,<environment.Job instance at 0x7fb1ec1f9f00>,5,2,[14  1],6,73,75,67,52
1,<environment.Job instance at 0x7fb22fcac9b0>,9,12,[1 9],10,65,77,55,53
1,<environment.Job instance at 0x7fb22ff0eeb0>,32,25,[7 3],33,75,100,42,71
1,<environment.Job instance at 0x7fb237107500>,33,3,[ 1 10],34,77,80,43,76
1,<environment.Job instance at 0x7fb1ec5f8aa0>,35,2,[ 2 10],36,80,82,44,76
1,<environment.Job instance at 0x7fb1ec5f8690>,38,13,[ 3 10],39,85,98,46,85
1,<environment.Job instance at 0x7fb2301803c0>,34,13,[ 3 12],35,98,111,63,95
1,<environment.Job instance at 0x7fb1ec5f1eb0>,30,1,[ 5 11],31,111,112,80,102
1,<environment.Job instance at 0x7fb2372510f0>,46,13,[8 5],47,115,128,68,115
1,<environment.Job instance at 0x7fb1ec397e10>,51,2,[ 2 10],52,117,119,65,117
1,<environment.Job instance at 0x7fb1ec397aa0>,48,14,[13  2],49,128,142,79,118
1,<environment.Job instance at 0x7fb1ec397050>,54,12,[3 7],55,142,154,87,132
1,<environment.Job instance at 0x7fb232459d70>,56,1,[2 8],57,132,133,75,132
1,<environment.Job instance at 0x7fb1ec397910>,49,18,[5 2],50,142,160,92,132
1,<environment.Job instance at 0x7fb232578140>,60,18,[1 7],61,154,172,93,145
1,<environment.Job instance at 0x7fb232578f50>,63,1,[6 2],64,145,146,81,145
1,<environment.Job instance at 0x7fb2325780a0>,64,2,[2 7],65,160,162,95,145
1,<environment.Job instance at 0x7fb232578b40>,65,26,[4 8],66,162,188,96,159
1,<environment.Job instance at 0x7fb232578f00>,66,20,[4 8],67,188,208,121,179
1,<environment.Job instance at 0x7fb230035910>,70,25,[5 4],71,179,204,108,179
1,<environment.Job instance at 0x7fb232578d70>,69,1,[5 6],70,204,205,134,179
1,<environment.Job instance at 0x7fb2300354b0>,75,25,[5 7],76,205,230,129,201
1,<environment.Job instance at 0x7fb2371073c0>,31,18,[4 8],32,208,226,176,206
1,<environment.Job instance at 0x7fb230035be0>,72,1,[6 5],73,226,227,153,206
1,<environment.Job instance at 0x7fb230035870>,79,3,[11  3],80,230,233,150,208
1,<environment.Job instance at 0x7fb236fe40f0>,82,2,[10  4],83,227,229,144,208
1,<environment.Job instance at 0x7fb237251d20>,2,1,[5 5],3,4,5,1,4
1,<environment.Job instance at 0x7fb1ebf23820>,9,1,[6 2],10,10,11,0,10
1,<environment.Job instance at 0x7fb1ec0d0280>,11,18,[5 9],12,17,35,5,17
1,<environment.Job instance at 0x7fb232798190>,15,3,[6 4],16,27,30,11,27
1,<environment.Job instance at 0x7fb232388f50>,16,15,[5 1],17,30,45,13,27
1,<environment.Job instance at 0x7fb232388460>,17,3,[3 8],18,35,38,17,27
1,<environment.Job instance at 0x7fb232388af0>,18,12,[1 8],19,38,50,19,27
1,<environment.Job instance at 0x7fb2323881e0>,19,1,[4 5],20,30,31,10,27
1,<environment.Job instance at 0x7fb2323882d0>,20,18,[2 7],21,45,63,24,34
1,<environment.Job instance at 0x7fb232388a00>,23,13,[5 2],24,50,63,26,38
1,<environment.Job instance at 0x7fb1ec3920a0>,24,23,[4 5],25,50,73,25,44
1,<environment.Job instance at 0x7fb1ec3925f0>,27,13,[12  5],28,73,86,45,57
1,<environment.Job instance at 0x7fb1ebeef4b0>,12,3,[9 4],13,63,66,50,58
1,<environment.Job instance at 0x7fb22fedb8c0>,30,1,[1 7],31,66,67,35,61
1,<environment.Job instance at 0x7fb1ec4e92d0>,31,1,[9 4],32,67,68,35,61
1,<environment.Job instance at 0x7fb22fdc6910>,34,18,[3 6],35,75,93,40,75
1,<environment.Job instance at 0x7fb2322aac80>,35,2,[2 9],36,86,88,50,76
1,<environment.Job instance at 0x7fb232295690>,36,26,[8 5],37,88,114,51,85
1,<environment.Job instance at 0x7fb1ec2a4050>,39,20,[6 3],40,93,113,53,87
1,<environment.Job instance at 0x7fb230171d20>,41,2,[8 5],42,114,116,72,94
1,<environment.Job instance at 0x7fb1ec38d820>,42,2,[5 1],43,113,115,70,98
1,<environment.Job instance at 0x7fb22fb26c80>,33,14,[ 4 11],34,116,130,82,101
1,<environment.Job instance at 0x7fb22ff8e6e0>,43,20,[5 3],44,115,135,71,109
1,<environment.Job instance at 0x7fb2322ae9b0>,46,14,[10  1],47,130,144,83,116
1,<environment.Job instance at 0x7fb22fb0c730>,48,2,[2 5],49,135,137,86,122
1,<environment.Job instance at 0x7fb22fb0cc80>,47,3,[ 4 10],48,137,140,89,125
1,<environment.Job instance at 0x7fb22fde11e0>,51,17,[2 9],52,140,157,88,128
1,<environment.Job instance at 0x7fb22fde1550>,52,2,[5 2],53,144,146,91,131
1,<environment.Job instance at 0x7fb22fde1870>,53,3,[10  2],54,146,149,92,132
1,<environment.Job instance at 0x7fb22fde15a0>,55,2,[10  1],56,149,151,93,132
1,<environment.Job instance at 0x7fb22fde10a0>,54,12,[10  2],55,151,163,96,134
1,<environment.Job instance at 0x7fb1ec1aad20>,56,13,[9 1],57,163,176,106,147
1,<environment.Job instance at 0x7fb23257faa0>,59,14,[5 1],60,157,171,97,147
1,<environment.Job instance at 0x7fb23257f780>,60,20,[3 8],61,171,191,110,163
1,<environment.Job instance at 0x7fb23257f4b0>,61,3,[11  4],62,176,179,114,170
1,<environment.Job instance at 0x7fb23257f5f0>,62,13,[9 2],63,179,192,116,170
1,<environment.Job instance at 0x7fb1ec33fa50>,64,1,[ 1 10],65,170,171,105,170
1,<environment.Job instance at 0x7fb1ec33f1e0>,65,1,[9 5],66,192,193,126,173
1,<environment.Job instance at 0x7fb1ec33fc80>,67,1,[5 3],68,191,192,123,181
1,<environment.Job instance at 0x7fb1ec33f370>,68,3,[9 3],69,193,196,124,181
1,<environment.Job instance at 0x7fb1ec33ff00>,69,13,[8 5],70,196,209,126,184
1,<environment.Job instance at 0x7fb1ebeef870>,14,27,[1 8],15,191,218,176,191
1,<environment.Job instance at 0x7fb1ec33f910>,70,1,[10  4],71,209,210,138,192
1,<environment.Job instance at 0x7fb23257f870>,58,16,[13  1],59,210,226,151,203
1,<environment.Job instance at 0x7fb22fd28500>,78,2,[5 5],79,226,228,147,209
1,<environment.Job instance at 0x7fb22fd28050>,79,22,[7 3],80,226,248,146,219
1,<environment.Job instance at 0x7fb232578780>,77,1,[ 4 12],78,228,229,150,222
1,<environment.Job instance at 0x7fb2301330a0>,4,1,[6 4],5,5,6,0,5
1,<environment.Job instance at 0x7fb232758cd0>,5,15,[ 4 12],6,6,21,0,6
1,<environment.Job instance at 0x7fb1ec5a1410>,13,20,[8 4],14,21,41,7,18
1,<environment.Job instance at 0x7fb1ec5a1500>,17,27,[8 5],18,41,68,23,39
1,<environment.Job instance at 0x7fb2301eb6e0>,24,1,[5 2],25,50,51,25,50
1,<environment.Job instance at 0x7fb2301eb8c0>,27,3,[10  5],28,68,71,40,56
1,<environment.Job instance at 0x7fb2301eba00>,29,2,[ 2 12],30,71,73,41,64
1,<environment.Job instance at 0x7fb2301ebbe0>,32,24,[4 6],33,80,104,47,80
1,<environment.Job instance at 0x7fb2301ebd20>,34,18,[5 2],35,88,106,53,88
1,<environment.Job instance at 0x7fb2301ebfa0>,37,18,[14  1],38,106,124,68,96
1,<environment.Job instance at 0x7fb2301c5190>,42,12,[5 2],43,124,136,81,110
1,<environment.Job instance at 0x7fb1ec5a1460>,12,15,[3 9],13,124,139,111,111
1,<environment.Job instance at 0x7fb2301c5370>,45,3,[5 3],46,124,127,78,121
1,<environment.Job instance at 0x7fb2301c52d0>,43,13,[ 3 11],44,139,152,95,123
1,<environment.Job instance at 0x7fb2301c5af0>,48,3,[7 2],49,127,130,78,123
1,<environment.Job instance at 0x7fb2301c5690>,50,12,[ 3 12],51,152,164,101,135
1,<environment.Job instance at 0x7fb1ec5a1190>,10,14,[6 3],11,144,158,133,144
1,<environment.Job instance at 0x7fb2301c5a50>,52,19,[2 5],53,164,183,111,154
1,<environment.Job instance at 0x7fb2301c5b40>,55,1,[10  5],56,164,165,108,156
1,<environment.Job instance at 0x7fb2300ef5a0>,9,17,[ 2 10],10,170,187,160,170
1,<environment.Job instance at 0x7fb2301c5550>,46,15,[11  2],47,183,198,136,174
1,<environment.Job instance at 0x7fb2301ebc80>,33,15,[ 2 13],34,187,202,153,183
1,<environment.Job instance at 0x7fb2301e4410>,65,17,[8 5],66,202,219,136,193
1,<environment.Job instance at 0x7fb2301e4a00>,73,18,[8 3],74,219,237,145,213
1,<environment.Job instance at 0x7fb2301e4b40>,75,15,[7 1],76,219,234,143,219
1,<environment.Job instance at 0x7fb2301e4d20>,78,13,[7 1],79,234,247,155,222
1,<environment.Job instance at 0x7fb23257f370>,0,27,[ 3 13],1,1,28,0,1
1,<environment.Job instance at 0x7fb22fb0a870>,3,27,[1 7],4,28,55,24,26
1,<environment.Job instance at 0x7fb2301e4d20>,4,18,[6 3],5,28,46,23,26
1,<environment.Job instance at 0x7fb22fb0a7d0>,10,1,[12  1],11,46,47,35,29
1,<environment.Job instance at 0x7fb230133910>,18,18,[ 3 10],19,55,73,36,50
1,<environment.Job instance at 0x7fb230133960>,20,27,[5 4],21,50,77,29,50
1,<environment.Job instance at 0x7fb230133a00>,21,28,[7 5],22,73,101,51,72
1,<environment.Job instance at 0x7fb230133b90>,23,28,[8 2],24,77,105,53,76
1,<environment.Job instance at 0x7fb232241550>,27,3,[5 6],28,101,104,73,80
1,<environment.Job instance at 0x7fb2322416e0>,30,3,[10  2],31,105,108,74,82
1,<environment.Job instance at 0x7fb2322419b0>,35,2,[7 1],36,108,110,72,94
1,<environment.Job instance at 0x7fb232241a00>,36,2,[2 6],37,101,103,64,94
1,<environment.Job instance at 0x7fb232763410>,39,12,[10  4],40,110,122,70,109
1,<environment.Job instance at 0x7fb2327635f0>,41,1,[ 5 14],42,109,110,67,109
1,<environment.Job instance at 0x7fb232763f00>,42,1,[7 1],43,122,123,79,109
1,<environment.Job instance at 0x7fb232241f00>,28,17,[5 3],29,110,127,81,110
1,<environment.Job instance at 0x7fb23701ef50>,12,17,[5 9],13,123,140,110,113
1,<environment.Job instance at 0x7fb232763cd0>,44,15,[10  1],45,127,142,82,116
1,<environment.Job instance at 0x7fb232763230>,43,19,[7 1],44,142,161,98,132
1,<environment.Job instance at 0x7fb22fb0ad70>,5,18,[ 3 12],6,140,158,134,132
1,<environment.Job instance at 0x7fb230102aa0>,50,17,[ 5 13],51,158,175,107,146
1,<environment.Job instance at 0x7fb230102870>,53,27,[5 1],54,161,188,107,159
1,<environment.Job instance at 0x7fb22fde49b0>,56,2,[ 5 12],57,175,177,118,160
1,<environment.Job instance at 0x7fb22fde4410>,58,2,[7 4],59,177,179,118,160
1,<environment.Job instance at 0x7fb22febba00>,62,1,[6 5],63,179,180,116,163
1,<environment.Job instance at 0x7fb22febb4b0>,64,18,[9 1],65,180,198,115,169
1,<environment.Job instance at 0x7fb22febbdc0>,66,14,[5 7],67,188,202,121,179
1,<environment.Job instance at 0x7fb22febbe10>,67,12,[3 8],68,198,210,130,182
1,<environment.Job instance at 0x7fb22febb410>,69,3,[4 7],70,202,205,132,189
1,<environment.Job instance at 0x7fb23732e280>,52,14,[4 6],53,205,219,152,190
1,<environment.Job instance at 0x7fb230102910>,45,18,[7 4],46,210,228,164,199
1,<environment.Job instance at 0x7fb22febbb40>,72,3,[8 4],73,219,222,146,204
1,<environment.Job instance at 0x7fb2300d1eb0>,75,2,[8 3],76,222,224,146,206
1,<environment.Job instance at 0x7fb2300d11e0>,76,13,[7 1],77,224,237,147,221
1,<environment.Job instance at 0x7fb2300d1500>,77,26,[3 7],78,228,254,150,225
1,<environment.Job instance at 0x7fb2301cf730>,3,3,[2 7],4,5,8,1,5
1,<environment.Job instance at 0x7fb2301cfe60>,6,1,[6 4],7,7,8,0,7
1,<environment.Job instance at 0x7fb2301440a0>,7,28,[4 9],8,8,36,0,8
1,<environment.Job instance at 0x7fb1ec56ba00>,1,17,[7 4],2,11,28,9,11
1,<environment.Job instance at 0x7fb230144960>,11,18,[13  5],12,36,54,24,25
1,<environment.Job instance at 0x7fb1ec1740a0>,18,1,[14  2],19,54,55,35,26
1,<environment.Job instance at 0x7fb1ec1745f0>,19,1,[ 1 11],20,54,55,34,30
1,<environment.Job instance at 0x7fb22fdf8dc0>,31,2,[3 8],32,55,57,23,50
1,<environment.Job instance at 0x7fb22fdf8c30>,32,1,[8 4],33,55,56,22,50
1,<environment.Job instance at 0x7fb22fdf80f0>,35,18,[9 1],36,68,86,32,68
1,<environment.Job instance at 0x7fb22fdf8460>,36,3,[4 7],37,68,71,31,68
1,<environment.Job instance at 0x7fb22fdf8a50>,38,1,[1 9],39,71,72,32,69
1,<environment.Job instance at 0x7fb22ff772d0>,39,2,[4 9],40,72,74,32,69
1,<environment.Job instance at 0x7fb22ff77640>,41,2,[4 7],42,77,79,35,77
1,<environment.Job instance at 0x7fb22ff77960>,42,12,[5 5],43,79,91,36,78
1,<environment.Job instance at 0x7fb22ff77410>,43,1,[9 5],44,86,87,42,78
1,<environment.Job instance at 0x7fb22ff77d70>,44,21,[8 1],45,87,108,42,79
1,<environment.Job instance at 0x7fb22ff77050>,47,1,[1 7],48,82,83,34,82
1,<environment.Job instance at 0x7fb22ff775a0>,49,25,[ 3 10],50,91,116,41,87
1,<environment.Job instance at 0x7fb22ff77550>,50,18,[ 2 11],51,116,134,65,105
1,<environment.Job instance at 0x7fb22ff77140>,52,2,[6 5],53,108,110,55,105
1,<environment.Job instance at 0x7fb230144410>,12,13,[9 3],13,112,125,99,112
1,<environment.Job instance at 0x7fb2300b1b40>,58,3,[6 1],59,125,128,66,123
1,<environment.Job instance at 0x7fb2300b13c0>,59,3,[1 9],60,134,137,74,123
1,<environment.Job instance at 0x7fb2300b1190>,61,3,[9 5],62,134,137,72,125
1,<environment.Job instance at 0x7fb2300b1280>,62,3,[8 1],63,128,131,65,125
1,<environment.Job instance at 0x7fb2300b12d0>,64,1,[1 8],65,137,138,72,129
1,<environment.Job instance at 0x7fb1ec174e60>,20,14,[10  4],21,137,151,116,129
1,<environment.Job instance at 0x7fb23287e5a0>,66,3,[1 7],67,138,141,71,132
1,<environment.Job instance at 0x7fb2300b16e0>,65,15,[9 1],66,151,166,85,143
1,<environment.Job instance at 0x7fb23287e640>,72,18,[ 2 10],73,145,163,72,145
1,<environment.Job instance at 0x7fb1ec174a50>,15,14,[11  2],16,166,180,150,151
1,<environment.Job instance at 0x7fb23287ecd0>,77,15,[1 6],78,167,182,89,167
1,<environment.Job instance at 0x7fb23287e820>,68,16,[6 5],69,180,196,111,168
1,<environment.Job instance at 0x7fb2327f5870>,80,16,[3 7],81,182,198,101,176
1,<environment.Job instance at 0x7fb2327f5960>,83,24,[4 7],84,196,220,112,191
1,<environment.Job instance at 0x7fb2327f5b90>,88,23,[ 4 10],89,220,243,131,214
1,<environment.Job instance at 0x7fb2327f5b90>,3,1,[6 5],4,4,5,0,4
1,<environment.Job instance at 0x7fb2301e45a0>,4,1,[4 9],5,5,6,0,5
1,<environment.Job instance at 0x7fb232678500>,5,13,[ 3 12],6,6,19,0,6
1,<environment.Job instance at 0x7fb2322410f0>,6,13,[ 4 12],7,19,32,12,7
1,<environment.Job instance at 0x7fb23258fb90>,13,24,[3 5],14,32,56,18,27
1,<environment.Job instance at 0x7fb23258fbe0>,14,2,[1 6],15,32,34,17,27
1,<environment.Job instance at 0x7fb2326b2280>,16,1,[3 7],17,34,35,17,27
1,<environment.Job instance at 0x7fb1ec059910>,20,14,[2 8],21,35,49,14,27
1,<environment.Job instance at 0x7fb22fb9a780>,23,17,[4 9],24,49,66,25,40
1,<environment.Job instance at 0x7fb22fb9a960>,24,1,[1 9],25,66,67,41,40
1,<environment.Job instance at 0x7fb22fb9af00>,26,1,[2 5],27,56,57,29,40
1,<environment.Job instance at 0x7fb1ec4cfeb0>,27,1,[8 5],28,57,58,29,40
1,<environment.Job instance at 0x7fb232678f50>,8,1,[1 6],9,58,59,49,41
1,<environment.Job instance at 0x7fb1ec4cf690>,30,26,[4 8],31,67,93,36,64
1,<environment.Job instance at 0x7fb1ec4cfc30>,32,3,[7 5],33,68,71,35,68
1,<environment.Job instance at 0x7fb1ec4cf2d0>,33,3,[10  4],34,71,74,37,68
1,<environment.Job instance at 0x7fb22fb9af50>,22,15,[2 7],23,74,89,51,73
1,<environment.Job instance at 0x7fb2326036e0>,39,3,[ 4 10],40,93,96,53,75
1,<environment.Job instance at 0x7fb2326f94b0>,41,1,[10  4],42,90,91,48,90
1,<environment.Job instance at 0x7fb1ec4b3870>,43,18,[8 1],44,98,116,54,98
1,<environment.Job instance at 0x7fb1ec4afc80>,45,15,[12  1],46,116,131,70,103
1,<environment.Job instance at 0x7fb1ec4afc30>,47,3,[1 6],48,103,106,55,103
1,<environment.Job instance at 0x7fb1ec4afeb0>,48,17,[10  4],49,132,149,83,132
1,<environment.Job instance at 0x7fb2326cca00>,53,1,[ 3 13],54,149,150,95,132
1,<environment.Job instance at 0x7fb2326e40f0>,54,1,[6 2],55,149,150,94,132
1,<environment.Job instance at 0x7fb23260ec30>,55,22,[1 9],56,150,172,94,143
1,<environment.Job instance at 0x7fb1ec3e6780>,59,18,[ 3 12],60,172,190,112,161
1,<environment.Job instance at 0x7fb2326fc370>,61,2,[1 5],62,161,163,99,161
1,<environment.Job instance at 0x7fb1ec4cfa00>,29,24,[7 1],30,161,185,131,161
1,<environment.Job instance at 0x7fb1ebd10dc0>,70,19,[5 4],71,190,209,119,180
1,<environment.Job instance at 0x7fb1ebceb5f0>,71,17,[ 2 10],72,190,207,118,184
1,<environment.Job instance at 0x7fb1ebce1910>,74,24,[5 9],75,207,231,132,202
1,<environment.Job instance at 0x7fb1ebcf57d0>,65,1,[ 5 13],66,231,232,165,207
1,<environment.Job instance at 0x7fb2324492d0>,81,3,[9 4],82,217,220,135,217
1,<environment.Job instance at 0x7fb23243b230>,3,3,[11  3],4,4,7,0,4
1,<environment.Job instance at 0x7fb23243b4b0>,4,1,[4 7],5,5,6,0,5
1,<environment.Job instance at 0x7fb2323c15f0>,8,3,[9 2],9,9,12,0,9
1,<environment.Job instance at 0x7fb23243bdc0>,6,1,[1 9],7,11,12,4,11
1,<environment.Job instance at 0x7fb22fdf2730>,12,1,[7 3],13,13,14,0,13
1,<environment.Job instance at 0x7fb2323f03c0>,13,3,[9 3],14,14,17,0,14
1,<environment.Job instance at 0x7fb2323f0190>,14,3,[3 9],15,15,18,0,15
1,<environment.Job instance at 0x7fb22fdf2370>,15,2,[4 9],16,18,20,2,16
1,<environment.Job instance at 0x7fb232321820>,16,2,[2 8],17,20,22,3,17
1,<environment.Job instance at 0x7fb232321aa0>,17,3,[1 6],18,18,21,0,18
1,<environment.Job instance at 0x7fb232321910>,18,16,[ 5 13],19,22,38,3,19
1,<environment.Job instance at 0x7fb2323f05f0>,19,1,[5 5],20,21,22,1,20
1,<environment.Job instance at 0x7fb2324acdc0>,20,3,[4 8],21,38,41,17,21
1,<environment.Job instance at 0x7fb1ec02d9b0>,11,12,[10  4],12,38,50,26,24
1,<environment.Job instance at 0x7fb2323216e0>,23,2,[9 4],24,50,52,26,24
1,<environment.Job instance at 0x7fb1ebd5f7d0>,24,17,[5 9],25,41,58,16,31
1,<environment.Job instance at 0x7fb22fcbbbe0>,28,17,[4 9],29,58,75,29,46
1,<environment.Job instance at 0x7fb1ec31abe0>,26,23,[10  4],27,52,75,25,47
1,<environment.Job instance at 0x7fb2324ac280>,21,15,[14  4],22,75,90,53,61
1,<environment.Job instance at 0x7fb1ec37d320>,41,17,[7 2],42,90,107,48,79
1,<environment.Job instance at 0x7fb1ec37d8c0>,42,1,[2 7],43,90,91,47,79
1,<environment.Job instance at 0x7fb1ec37d3c0>,44,13,[10  1],45,107,120,62,91
1,<environment.Job instance at 0x7fb1ec37d190>,46,14,[1 5],47,93,107,46,93
1,<environment.Job instance at 0x7fb22ffdff00>,50,2,[5 5],51,101,103,50,101
1,<environment.Job instance at 0x7fb22ffdf9b0>,52,24,[11  1],53,120,144,67,115
1,<environment.Job instance at 0x7fb22fc1f2d0>,58,17,[3 5],59,134,151,75,134
1,<environment.Job instance at 0x7fb22ff3ac30>,59,13,[4 7],60,144,157,84,135
1,<environment.Job instance at 0x7fb1ec3116e0>,25,17,[5 9],26,157,174,131,148
1,<environment.Job instance at 0x7fb22fcb55f0>,67,1,[8 2],68,162,163,94,162
1,<environment.Job instance at 0x7fb22fcb5230>,63,2,[4 8],64,174,176,110,162
1,<environment.Job instance at 0x7fb23010e500>,32,18,[10  5],33,164,182,131,164
1,<environment.Job instance at 0x7fb22ff77be0>,70,2,[8 2],71,182,184,111,164
1,<environment.Job instance at 0x7fb22fcb50f0>,69,1,[ 3 10],70,176,177,106,167
1,<environment.Job instance at 0x7fb232457e10>,74,1,[5 8],75,177,178,102,170
1,<environment.Job instance at 0x7fb2324575a0>,75,3,[7 3],76,182,185,106,170
1,<environment.Job instance at 0x7fb232457b90>,76,2,[5 5],77,178,180,101,170
1,<environment.Job instance at 0x7fb1ebfb5640>,77,3,[ 1 10],78,184,187,106,170
1,<environment.Job instance at 0x7fb1ebfb5cd0>,79,2,[10  1],80,185,187,105,174
1,<environment.Job instance at 0x7fb1ec3efeb0>,80,3,[8 2],81,187,190,106,174
1,<environment.Job instance at 0x7fb23232c550>,83,2,[12  1],84,206,208,122,206
1,<environment.Job instance at 0x7fb23232cd20>,85,15,[10  1],86,210,225,124,210
1,<environment.Job instance at 0x7fb23243e870>,3,17,[ 2 10],4,5,22,1,5
1,<environment.Job instance at 0x7fb1ec473500>,6,13,[ 5 11],7,22,35,15,7
1,<environment.Job instance at 0x7fb1ec473cd0>,7,2,[13  1],8,8,10,0,8
1,<environment.Job instance at 0x7fb1ec28f730>,10,2,[4 9],11,35,37,24,11
1,<environment.Job instance at 0x7fb1ec28f910>,15,12,[1 9],16,37,49,21,24
1,<environment.Job instance at 0x7fb1ebcb9820>,19,3,[5 6],20,37,40,17,37
1,<environment.Job instance at 0x7fb1ebcb9fa0>,20,2,[2 9],21,49,51,28,37
1,<environment.Job instance at 0x7fb1ebcb9d20>,21,13,[ 1 13],22,51,64,29,37
1,<environment.Job instance at 0x7fb1ebcb91e0>,22,27,[9 1],23,40,67,17,38
1,<environment.Job instance at 0x7fb1ebcb9690>,25,1,[9 3],26,67,68,41,57
1,<environment.Job instance at 0x7fb1ebcb9780>,26,21,[12  2],27,68,89,41,60
1,<environment.Job instance at 0x7fb1ebcb9f00>,27,2,[1 5],28,64,66,36,60
1,<environment.Job instance at 0x7fb1ebcb9870>,29,20,[2 8],30,64,84,34,60
1,<environment.Job instance at 0x7fb1ec02de60>,4,12,[4 9],5,89,101,84,72
1,<environment.Job instance at 0x7fb1ec28fd20>,14,1,[11  3],15,89,90,74,75
1,<environment.Job instance at 0x7fb1ebcb9320>,30,15,[12  3],31,101,116,70,87
1,<environment.Job instance at 0x7fb1ebc5df50>,36,2,[12  3],37,116,118,79,89
1,<environment.Job instance at 0x7fb1ebc5dbe0>,41,23,[5 9],42,118,141,76,112
1,<environment.Job instance at 0x7fb1ebcb97d0>,31,19,[5 5],32,118,137,86,113
1,<environment.Job instance at 0x7fb1ebc5d410>,47,3,[ 1 10],48,141,144,93,122
1,<environment.Job instance at 0x7fb1ebc5d140>,48,1,[8 4],49,137,138,88,122
1,<environment.Job instance at 0x7fb1ebc5d2d0>,49,3,[ 4 11],50,144,147,94,122
1,<environment.Job instance at 0x7fb1ebc5ddc0>,50,2,[6 3],51,138,140,87,122
1,<environment.Job instance at 0x7fb1ebc5d7d0>,51,26,[7 2],52,140,166,88,137
1,<environment.Job instance at 0x7fb1ebc5d550>,52,2,[ 2 13],53,147,149,94,137
1,<environment.Job instance at 0x7fb1ebcbf190>,55,2,[1 8],56,149,151,93,138
1,<environment.Job instance at 0x7fb1ebcbfd20>,56,12,[11  2],57,166,178,109,149
1,<environment.Job instance at 0x7fb1ebcbfdc0>,57,1,[14  5],58,178,179,120,150
1,<environment.Job instance at 0x7fb1ebcbf6e0>,58,19,[ 5 11],59,179,198,120,169
1,<environment.Job instance at 0x7fb1ebcbfb90>,60,1,[1 6],61,169,170,108,169
1,<environment.Job instance at 0x7fb1ebcbf8c0>,62,13,[5 2],63,179,192,116,174
1,<environment.Job instance at 0x7fb1ebcbf500>,65,2,[1 8],66,174,176,108,174
1,<environment.Job instance at 0x7fb1ebcbf730>,66,3,[8 4],67,192,195,125,174
1,<environment.Job instance at 0x7fb1ebcbf320>,67,1,[1 8],68,176,177,108,174
1,<environment.Job instance at 0x7fb1ebcbfaa0>,68,1,[ 4 13],69,177,178,108,174
1,<environment.Job instance at 0x7fb1ebcbf910>,69,19,[9 1],70,195,214,125,185
1,<environment.Job instance at 0x7fb1ebcbf1e0>,70,2,[7 2],71,214,216,143,187
1,<environment.Job instance at 0x7fb1ebcbf050>,71,1,[5 7],72,198,199,126,187
1,<environment.Job instance at 0x7fb1ebcd92d0>,72,2,[ 3 14],73,199,201,126,187
1,<environment.Job instance at 0x7fb1ebcbf280>,73,1,[7 1],74,214,215,140,187
1,<environment.Job instance at 0x7fb1ebcd93c0>,74,23,[8 3],75,215,238,140,209
1,<environment.Job instance at 0x7fb1ebcd9500>,77,3,[10  2],78,238,241,160,212
1,<environment.Job instance at 0x7fb1ebcd9eb0>,78,2,[3 5],79,212,214,133,212
1,<environment.Job instance at 0x7fb1ebcd9320>,79,1,[11  4],80,241,242,161,213
1,<environment.Job instance at 0x7fb1ebcd9f00>,80,3,[4 8],81,216,219,135,213
1,<environment.Job instance at 0x7fb1ebcd9460>,76,17,[2 7],77,219,236,142,217
1,<environment.Job instance at 0x7fb1ebcd91e0>,82,3,[7 2],83,242,245,159,220
1,<environment.Job instance at 0x7fb2326788c0>,0,12,[ 4 12],1,1,13,0,1
1,<environment.Job instance at 0x7fb232678d70>,4,2,[5 6],5,13,15,8,5
1,<environment.Job instance at 0x7fb1ebcd4b40>,6,2,[3 9],7,13,15,6,7
1,<environment.Job instance at 0x7fb1ebdb42d0>,12,2,[5 7],13,15,17,2,13
1,<environment.Job instance at 0x7fb23271c960>,13,2,[2 5],14,15,17,1,14
1,<environment.Job instance at 0x7fb23271c6e0>,14,2,[2 8],15,17,19,2,15
1,<environment.Job instance at 0x7fb23271c1e0>,15,22,[9 4],16,17,39,1,16
1,<environment.Job instance at 0x7fb22fdea5a0>,9,16,[5 1],10,19,35,9,17
1,<environment.Job instance at 0x7fb232722be0>,24,2,[7 4],25,42,44,17,42
1,<environment.Job instance at 0x7fb232722b40>,26,22,[3 8],27,48,70,21,48
1,<environment.Job instance at 0x7fb2327225a0>,28,2,[5 5],29,50,52,21,50
1,<environment.Job instance at 0x7fb232722fa0>,29,2,[10  1],30,52,54,22,50
1,<environment.Job instance at 0x7fb232704500>,30,1,[10  3],31,54,55,23,50
1,<environment.Job instance at 0x7fb232722280>,31,3,[5 8],32,70,73,38,50
1,<environment.Job instance at 0x7fb2327223c0>,32,1,[3 9],33,73,74,40,50
1,<environment.Job instance at 0x7fb232722550>,33,1,[5 2],34,50,51,16,50
1,<environment.Job instance at 0x7fb2327221e0>,34,3,[5 4],35,55,58,20,50
1,<environment.Job instance at 0x7fb2327071e0>,35,15,[13  3],36,74,89,38,60
1,<environment.Job instance at 0x7fb23271cb40>,17,2,[10  1],18,62,64,44,62
1,<environment.Job instance at 0x7fb2301b0870>,42,1,[14  1],43,89,90,46,83
1,<environment.Job instance at 0x7fb22ffbf460>,43,14,[ 1 10],44,84,98,40,84
1,<environment.Job instance at 0x7fb22ffbe690>,39,12,[ 5 10],40,98,110,58,85
1,<environment.Job instance at 0x7fb23237bd20>,45,2,[1 6],46,110,112,64,91
1,<environment.Job instance at 0x7fb1ebc68d20>,5,15,[4 9],6,110,125,104,97
1,<environment.Job instance at 0x7fb22ffbd690>,47,1,[9 4],48,106,107,58,106
1,<environment.Job instance at 0x7fb23271d3c0>,48,24,[8 2],49,112,136,63,112
1,<environment.Job instance at 0x7fb2301bce60>,52,18,[1 9],53,125,143,72,116
1,<environment.Job instance at 0x7fb22ffbe0a0>,44,17,[14  4],45,136,153,91,124
1,<environment.Job instance at 0x7fb23236d690>,56,24,[13  3],57,153,177,96,148
1,<environment.Job instance at 0x7fb23236d910>,58,1,[7 4],59,177,178,118,149
1,<environment.Job instance at 0x7fb23236dc80>,59,2,[10  1],60,178,180,118,151
1,<environment.Job instance at 0x7fb23236df00>,61,1,[7 1],62,177,178,115,151
1,<environment.Job instance at 0x7fb23236d370>,63,1,[10  4],64,180,181,116,152
1,<environment.Job instance at 0x7fb23238d820>,65,2,[4 6],66,178,180,112,155
1,<environment.Job instance at 0x7fb23238d370>,67,1,[9 3],68,181,182,113,164
1,<environment.Job instance at 0x7fb23238db90>,68,3,[2 8],69,164,167,95,164
1,<environment.Job instance at 0x7fb23238de60>,69,1,[9 1],70,182,183,112,164
1,<environment.Job instance at 0x7fb22fd586e0>,51,15,[10  3],52,183,198,131,169
1,<environment.Job instance at 0x7fb232380a50>,50,18,[ 2 12],51,181,199,130,171
1,<environment.Job instance at 0x7fb2323580f0>,77,27,[1 8],78,199,226,121,197
1,<environment.Job instance at 0x7fb23238d6e0>,73,26,[7 3],74,200,226,126,200
1,<environment.Job instance at 0x7fb232374a00>,54,17,[7 1],55,200,217,145,200
1,<environment.Job instance at 0x7fb232358140>,84,15,[9 2],85,226,241,141,219
1,<environment.Job instance at 0x7fb23236daf0>,0,26,[2 8],1,1,27,0,1
1,<environment.Job instance at 0x7fb2326ad6e0>,7,2,[9 5],8,9,11,1,9
1,<environment.Job instance at 0x7fb2327e0d20>,14,21,[6 1],15,28,49,13,28
1,<environment.Job instance at 0x7fb22fcccb40>,15,17,[ 1 11],16,28,45,12,28
1,<environment.Job instance at 0x7fb23263b0f0>,17,13,[12  4],18,49,62,31,33
1,<environment.Job instance at 0x7fb2301ebc30>,24,1,[8 3],25,47,48,22,47
1,<environment.Job instance at 0x7fb23290b050>,26,3,[5 5],27,62,65,35,60
1,<environment.Job instance at 0x7fb2327fcc30>,28,1,[7 4],29,63,64,34,63
1,<environment.Job instance at 0x7fb236fd2f50>,29,2,[3 9],30,64,66,34,63
1,<environment.Job instance at 0x7fb1ec0f4c30>,30,24,[ 4 14],31,66,90,35,63
1,<environment.Job instance at 0x7fb1ec0f4e10>,31,1,[9 5],32,65,66,33,63
1,<environment.Job instance at 0x7fb22fed2e10>,32,13,[ 4 10],33,90,103,57,74
1,<environment.Job instance at 0x7fb1ec5e07d0>,34,14,[ 1 11],35,103,117,68,90
1,<environment.Job instance at 0x7fb2325e5e10>,35,24,[7 4],36,90,114,54,90
1,<environment.Job instance at 0x7fb2325e5a50>,38,1,[5 9],39,117,118,78,92
1,<environment.Job instance at 0x7fb2325e53c0>,42,2,[7 4],43,114,116,71,93
1,<environment.Job instance at 0x7fb2325e51e0>,45,25,[6 2],46,116,141,70,112
1,<environment.Job instance at 0x7fb2325e5230>,44,12,[7 5],45,118,130,73,115
1,<environment.Job instance at 0x7fb22fa4f460>,46,2,[ 1 13],47,130,132,83,123
1,<environment.Job instance at 0x7fb22fa4f4b0>,47,3,[3 6],48,132,135,84,125
1,<environment.Job instance at 0x7fb22fa4fdc0>,50,2,[5 2],51,132,134,81,125
1,<environment.Job instance at 0x7fb22fa4f0a0>,51,2,[1 7],52,125,127,73,125
1,<environment.Job instance at 0x7fb22fa4f640>,54,1,[8 1],55,135,136,80,125
1,<environment.Job instance at 0x7fb230024fa0>,56,26,[10  2],57,141,167,84,138
1,<environment.Job instance at 0x7fb230024f00>,59,3,[3 8],60,141,144,81,141
1,<environment.Job instance at 0x7fb22fa4fa50>,48,2,[5 6],49,144,146,95,142
1,<environment.Job instance at 0x7fb1ec466fa0>,62,21,[9 5],63,167,188,104,159
1,<environment.Job instance at 0x7fb1ec466f50>,65,1,[ 2 14],66,188,189,122,171
1,<environment.Job instance at 0x7fb232295050>,67,2,[14  3],68,189,191,121,176
1,<environment.Job instance at 0x7fb232295870>,68,2,[10  3],69,191,193,122,176
1,<environment.Job instance at 0x7fb232295a00>,70,1,[5 1],71,176,177,105,176
1,<environment.Job instance at 0x7fb232295140>,73,2,[5 7],74,192,194,118,192
1,<environment.Job instance at 0x7fb237131fa0>,74,18,[9 2],75,193,211,118,192
1,<environment.Job instance at 0x7fb22ff3a190>,75,18,[10  4],76,211,229,135,200
1,<environment.Job instance at 0x7fb2322a36e0>,78,28,[ 2 11],79,206,234,127,206
1,<environment.Job instance at 0x7fb2322a3280>,79,1,[10  5],80,234,235,154,206
1,<environment.Job instance at 0x7fb1ebfba5a0>,0,12,[ 1 11],1,1,13,0,1
1,<environment.Job instance at 0x7fb1ec383af0>,2,3,[6 3],3,3,6,0,3
1,<environment.Job instance at 0x7fb1ebcf52d0>,5,15,[6 1],6,10,25,4,10
1,<environment.Job instance at 0x7fb1ebcf5fa0>,3,15,[ 5 12],4,14,29,10,14
1,<environment.Job instance at 0x7fb22fbdaf00>,14,3,[5 5],15,29,32,14,15
1,<environment.Job instance at 0x7fb22fbda6e0>,16,1,[4 9],17,29,30,12,19
1,<environment.Job instance at 0x7fb1ec28b730>,26,14,[8 4],27,52,66,25,52
1,<environment.Job instance at 0x7fb2301c7e60>,4,18,[3 9],5,52,70,47,52
1,<environment.Job instance at 0x7fb1ec28b410>,33,3,[ 3 10],34,70,73,36,62
1,<environment.Job instance at 0x7fb1ec28bcd0>,36,3,[ 2 10],37,78,81,41,78
1,<environment.Job instance at 0x7fb1ec28bd70>,37,24,[8 1],38,78,102,40,78
1,<environment.Job instance at 0x7fb2326ebb40>,41,28,[5 9],42,85,113,43,85
1,<environment.Job instance at 0x7fb2326ebe10>,43,28,[6 1],44,102,130,58,101
1,<environment.Job instance at 0x7fb1ec28b140>,31,16,[3 9],32,113,129,81,101
1,<environment.Job instance at 0x7fb2326eb910>,51,3,[5 9],52,129,132,77,116
1,<environment.Job instance at 0x7fb2326ebaa0>,53,18,[ 5 11],54,132,150,78,130
1,<environment.Job instance at 0x7fb1ebc5e6e0>,54,1,[6 3],55,130,131,75,130
1,<environment.Job instance at 0x7fb1ebc5eaa0>,55,1,[8 4],56,131,132,75,130
1,<environment.Job instance at 0x7fb1ebc5e960>,56,3,[9 4],57,133,136,76,133
1,<environment.Job instance at 0x7fb1ebc5ed70>,57,19,[6 3],58,136,155,78,133
1,<environment.Job instance at 0x7fb1ebc5e460>,58,1,[9 4],59,150,151,91,133
1,<environment.Job instance at 0x7fb1ebc5e690>,62,18,[6 5],63,151,169,88,148
1,<environment.Job instance at 0x7fb1ebc5e8c0>,63,1,[13  4],64,169,170,105,151
1,<environment.Job instance at 0x7fb1ebc5e050>,64,17,[12  2],65,170,187,105,163
1,<environment.Job instance at 0x7fb1ebc5ec30>,66,22,[3 7],67,170,192,103,164
1,<environment.Job instance at 0x7fb1ebc5ee60>,68,3,[1 7],69,167,170,98,167
1,<environment.Job instance at 0x7fb23240c5f0>,72,1,[9 1],73,187,188,114,171
1,<environment.Job instance at 0x7fb23240c910>,75,3,[ 2 10],76,192,195,116,189
1,<environment.Job instance at 0x7fb23240cf50>,76,28,[7 3],77,189,217,112,189
1,<environment.Job instance at 0x7fb23240cfa0>,79,21,[10  5],80,217,238,137,209
1,<environment.Job instance at 0x7fb2328577d0>,2,20,[1 9],3,3,23,0,3
1,<environment.Job instance at 0x7fb230039870>,4,1,[10  5],5,5,6,0,5
1,<environment.Job instance at 0x7fb22fbc8f50>,11,3,[1 9],12,23,26,11,22
1,<environment.Job instance at 0x7fb22fbc8fa0>,12,3,[11  1],13,22,25,9,22
1,<environment.Job instance at 0x7fb22fbc8910>,13,1,[9 2],14,25,26,11,22
1,<environment.Job instance at 0x7fb2323090a0>,15,26,[5 5],16,26,52,10,23
1,<environment.Job instance at 0x7fb232857780>,6,18,[3 6],7,26,44,19,23
1,<environment.Job instance at 0x7fb1ec698410>,21,1,[10  4],22,44,45,22,33
1,<environment.Job instance at 0x7fb2327f5640>,22,2,[6 2],23,33,35,10,33
1,<environment.Job instance at 0x7fb232462eb0>,24,25,[9 4],25,52,77,27,52
1,<environment.Job instance at 0x7fb232490f50>,27,14,[4 5],28,59,73,31,59
1,<environment.Job instance at 0x7fb22fbc8140>,9,1,[ 3 12],10,77,78,67,62
1,<environment.Job instance at 0x7fb1ec22b780>,31,3,[11  1],32,77,80,45,65
1,<environment.Job instance at 0x7fb1ec22ba00>,32,3,[12  5],33,80,83,47,69
1,<environment.Job instance at 0x7fb1ec22bb40>,33,3,[9 5],34,83,86,49,70
1,<environment.Job instance at 0x7fb1ec249410>,40,26,[10  1],41,88,114,47,88
1,<environment.Job instance at 0x7fb22fbc8500>,7,26,[ 2 12],8,94,120,86,94
1,<environment.Job instance at 0x7fb23245eaa0>,18,22,[10  5],19,120,142,101,113
1,<environment.Job instance at 0x7fb1ec253eb0>,42,22,[2 7],43,120,142,77,120
1,<environment.Job instance at 0x7fb1ec253a50>,48,2,[5 1],49,142,144,93,131
1,<environment.Job instance at 0x7fb1ec2271e0>,49,17,[1 9],50,142,159,92,132
1,<environment.Job instance at 0x7fb1ec2274b0>,53,1,[9 4],54,142,143,88,132
1,<environment.Job instance at 0x7fb22fe6fd70>,35,22,[6 4],36,143,165,107,139
1,<environment.Job instance at 0x7fb1ec227f00>,54,18,[6 4],55,159,177,104,156
1,<environment.Job instance at 0x7fb23241e050>,58,2,[10  1],59,177,179,118,156
1,<environment.Job instance at 0x7fb1ec227c30>,55,27,[5 8],56,165,192,109,165
1,<environment.Job instance at 0x7fb23241ee10>,59,25,[10  1],60,179,204,119,175
1,<environment.Job instance at 0x7fb23241e640>,61,2,[7 1],62,204,206,142,178
1,<environment.Job instance at 0x7fb23241ec80>,62,1,[4 6],63,192,193,129,179
1,<environment.Job instance at 0x7fb23241eaf0>,60,14,[ 1 14],61,193,207,132,186
1,<environment.Job instance at 0x7fb1ec22d280>,71,21,[4 7],72,207,228,135,199
1,<environment.Job instance at 0x7fb1ec228730>,78,2,[ 5 10],79,228,230,149,204
1,<environment.Job instance at 0x7fb1ec21daa0>,79,3,[ 2 10],80,230,233,150,206
1,<environment.Job instance at 0x7fb1ec227dc0>,57,25,[6 4],58,219,244,161,219
1,<environment.Job instance at 0x7fb1ec246cd0>,70,14,[5 7],71,233,247,162,219
1,<environment.Job instance at 0x7f8070463140>,1,3,[ 2 10],2,2,5,0,2
1,<environment.Job instance at 0x7f80690532d0>,3,22,[2 5],4,4,26,0,4
1,<environment.Job instance at 0x7f80690531e0>,5,2,[1 6],6,6,8,0,6
1,<environment.Job instance at 0x7f8069053780>,8,17,[1 8],9,10,27,1,10
1,<environment.Job instance at 0x7f8069053910>,10,22,[8 1],11,11,33,0,11
1,<environment.Job instance at 0x7f8069053a50>,11,3,[4 9],12,27,30,15,12
1,<environment.Job instance at 0x7f8069053960>,12,23,[6 4],13,30,53,17,24
1,<environment.Job instance at 0x7f8069053eb0>,17,12,[5 1],18,33,45,15,24
1,<environment.Job instance at 0x7f80704ebaf0>,9,12,[8 2],10,45,57,35,30
1,<environment.Job instance at 0x7f8069057780>,25,2,[5 7],26,53,55,27,42
1,<environment.Job instance at 0x7f8069057960>,28,17,[ 1 13],29,55,72,26,54
1,<environment.Job instance at 0x7f8069057730>,29,2,[4 7],30,72,74,42,54
1,<environment.Job instance at 0x7f8069057a50>,30,26,[9 4],31,72,98,41,69
1,<environment.Job instance at 0x7f8069053fa0>,19,25,[5 9],20,74,99,54,70
1,<environment.Job instance at 0x7f8069057c80>,31,1,[ 2 14],32,99,100,67,82
1,<environment.Job instance at 0x7f80690581e0>,38,2,[6 1],39,98,100,59,95
1,<environment.Job instance at 0x7f80690580f0>,40,26,[ 1 10],41,100,126,59,97
1,<environment.Job instance at 0x7f80690571e0>,21,18,[9 4],22,100,118,78,97
1,<environment.Job instance at 0x7f80690585a0>,42,2,[4 7],43,126,128,83,111
1,<environment.Job instance at 0x7f8069058730>,46,2,[3 5],47,118,120,71,111
1,<environment.Job instance at 0x7f8069058870>,48,12,[9 2],49,120,132,71,116
1,<environment.Job instance at 0x7f80690587d0>,47,13,[ 3 10],48,128,141,80,116
1,<environment.Job instance at 0x7f80690589b0>,50,2,[5 6],51,141,143,90,116
1,<environment.Job instance at 0x7f8069058a50>,51,2,[5 3],52,120,122,68,120
1,<environment.Job instance at 0x7f8069058af0>,52,2,[ 2 10],53,143,145,90,122
1,<environment.Job instance at 0x7f8069058e60>,53,3,[2 9],54,145,148,91,122
1,<environment.Job instance at 0x7f806905b280>,56,3,[8 4],57,132,135,75,125
1,<environment.Job instance at 0x7f806905b320>,57,16,[ 2 11],58,148,164,90,135
1,<environment.Job instance at 0x7f806905b500>,60,2,[2 6],61,145,147,84,143
1,<environment.Job instance at 0x7f806905b5a0>,61,1,[7 5],62,143,144,81,143
1,<environment.Job instance at 0x7f806905b780>,64,2,[2 8],65,164,166,99,150
1,<environment.Job instance at 0x7f806905b820>,65,1,[5 8],66,166,167,100,150
1,<environment.Job instance at 0x7f806905b8c0>,66,2,[7 2],67,150,152,83,150
1,<environment.Job instance at 0x7f806905b960>,67,16,[1 9],68,167,183,99,155
1,<environment.Job instance at 0x7f806905bd20>,70,1,[5 4],71,164,165,93,164
1,<environment.Job instance at 0x7f806905bdc0>,71,2,[5 1],72,164,166,92,164
1,<environment.Job instance at 0x7f8069058f50>,54,18,[7 1],55,165,183,110,164
1,<environment.Job instance at 0x7f80690539b0>,18,26,[7 4],19,167,193,148,164
1,<environment.Job instance at 0x7f806905bcd0>,77,16,[8 1],78,183,199,105,177
1,<environment.Job instance at 0x7f806905bf00>,73,2,[9 3],74,199,201,125,180
1,<environment.Job instance at 0x7f806905e2d0>,80,1,[5 5],81,193,194,112,187
1,<environment.Job instance at 0x7f806905e230>,81,14,[8 5],82,201,215,119,187
1,<environment.Job instance at 0x7f806905e0a0>,82,21,[4 8],83,194,215,111,193
1,<environment.Job instance at 0x7f806905ebe0>,89,17,[ 5 14],90,215,232,125,204
1,<environment.Job instance at 0x7f806905ec80>,90,3,[6 1],91,215,218,124,204
1,<environment.Job instance at 0x7f80705d8c80>,4,1,[ 1 10],5,5,6,0,5
1,<environment.Job instance at 0x7f80705d86e0>,10,23,[5 1],11,11,34,0,11
1,<environment.Job instance at 0x7f80705d8e60>,8,3,[5 5],9,26,29,17,26
1,<environment.Job instance at 0x7f806905ec80>,6,1,[4 8],7,28,29,21,28
1,<environment.Job instance at 0x7f80705cbf00>,16,12,[8 4],17,32,44,15,32
1,<environment.Job instance at 0x7f80705cb550>,18,16,[5 2],19,34,50,15,32
1,<environment.Job instance at 0x7f80705da1e0>,20,19,[ 5 12],21,44,63,23,38
1,<environment.Job instance at 0x7f80705cab40>,23,3,[10  1],24,56,59,32,56
1,<environment.Job instance at 0x7f80705cafa0>,24,1,[6 1],25,59,60,34,56
1,<environment.Job instance at 0x7f80705cabe0>,25,2,[7 4],26,63,65,37,56
1,<environment.Job instance at 0x7f807048f050>,26,2,[1 6],27,63,65,36,56
1,<environment.Job instance at 0x7f807048ff00>,28,1,[7 1],29,70,71,41,70
1,<environment.Job instance at 0x7f80705d7eb0>,32,18,[10  4],33,84,102,51,84
1,<environment.Job instance at 0x7f80705d76e0>,33,2,[ 5 10],34,84,86,50,84
1,<environment.Job instance at 0x7f802ed19280>,7,18,[5 5],8,86,104,78,86
1,<environment.Job instance at 0x7f80705d7280>,37,28,[ 2 10],38,102,130,64,101
1,<environment.Job instance at 0x7f80705cbe10>,19,28,[7 5],20,106,134,86,106
1,<environment.Job instance at 0x7f80705d7be0>,36,1,[9 5],37,134,135,97,106
1,<environment.Job instance at 0x7f80705de280>,44,20,[13  4],45,135,155,90,126
1,<environment.Job instance at 0x7f80705dee60>,47,2,[3 8],48,130,132,82,130
1,<environment.Job instance at 0x7f80705de2d0>,51,22,[5 6],52,155,177,103,148
1,<environment.Job instance at 0x7f80705de5a0>,52,1,[9 2],53,155,156,102,149
1,<environment.Job instance at 0x7f80705def50>,54,1,[8 3],55,156,157,101,149
1,<environment.Job instance at 0x7f80705d46e0>,57,21,[10  4],58,157,178,99,151
1,<environment.Job instance at 0x7f80705de0f0>,53,1,[12  5],54,178,179,124,151
1,<environment.Job instance at 0x7f80705de780>,42,15,[ 2 13],43,181,196,138,181
1,<environment.Job instance at 0x7f80705d4820>,59,2,[ 4 10],60,196,198,136,181
1,<environment.Job instance at 0x7f80705d42d0>,61,12,[5 4],62,196,208,134,181
1,<environment.Job instance at 0x7f80705cb730>,17,3,[ 3 13],18,208,211,190,186
1,<environment.Job instance at 0x7f80705d0b40>,65,2,[5 6],66,198,200,132,196
1,<environment.Job instance at 0x7f80705d0aa0>,67,3,[5 6],68,200,203,132,196
1,<environment.Job instance at 0x7f80705d0460>,68,2,[8 1],69,203,205,134,196
1,<environment.Job instance at 0x7f8068ff1640>,69,14,[ 5 10],70,211,225,141,202
1,<environment.Job instance at 0x7f80705d0320>,72,3,[8 5],73,212,215,139,212
1,<environment.Job instance at 0x7f80705d0820>,73,24,[3 7],74,225,249,151,220
1,<environment.Job instance at 0x7f80705d0b90>,74,19,[3 8],75,225,244,150,221
1,<environment.Job instance at 0x7f80704eb730>,76,3,[10  3],77,221,224,144,221
1,<environment.Job instance at 0x7f80704eb7d0>,78,2,[5 7],79,244,246,165,225
1,<environment.Job instance at 0x7f802559be10>,0,23,[4 7],1,1,24,0,1
1,<environment.Job instance at 0x7f8025346aa0>,5,19,[ 1 10],6,24,43,18,14
1,<environment.Job instance at 0x7f8025346320>,10,1,[14  4],11,24,25,13,14
1,<environment.Job instance at 0x7f8025346190>,13,1,[4 8],14,14,15,0,14
1,<environment.Job instance at 0x7f80253461e0>,15,21,[1 6],16,43,64,27,35
1,<environment.Job instance at 0x7f8025344190>,17,18,[ 1 14],18,64,82,46,53
1,<environment.Job instance at 0x7f8025344b90>,18,23,[1 9],19,82,105,63,76
1,<environment.Job instance at 0x7f8025346c80>,7,2,[10  3],8,82,84,74,78
1,<environment.Job instance at 0x7f80704eb7d0>,6,16,[6 5],7,84,100,77,80
1,<environment.Job instance at 0x7f80253990a0>,28,19,[4 7],29,105,124,76,95
1,<environment.Job instance at 0x7f8025344140>,23,18,[5 1],24,97,115,73,97
1,<environment.Job instance at 0x7f8025399f50>,31,1,[ 5 10],32,124,125,92,98
1,<environment.Job instance at 0x7f80253992d0>,26,2,[10  2],27,115,117,88,98
1,<environment.Job instance at 0x7f8025399e10>,32,2,[10  4],33,117,119,84,107
1,<environment.Job instance at 0x7f8025399960>,34,2,[3 8],35,119,121,84,113
1,<environment.Job instance at 0x7f8025399af0>,35,18,[5 4],36,121,139,85,114
1,<environment.Job instance at 0x7f8025399460>,33,22,[9 1],34,125,147,91,118
1,<environment.Job instance at 0x7f80253741e0>,40,13,[5 9],41,139,152,98,126
1,<environment.Job instance at 0x7f80253746e0>,42,12,[ 5 10],43,152,164,109,135
1,<environment.Job instance at 0x7f8025374730>,43,13,[9 2],44,147,160,103,135
1,<environment.Job instance at 0x7f8025374460>,46,1,[4 7],47,164,165,117,139
1,<environment.Job instance at 0x7f80253991e0>,37,2,[ 1 12],38,165,167,127,143
1,<environment.Job instance at 0x7f80253740a0>,48,3,[5 1],49,160,163,111,145
1,<environment.Job instance at 0x7f8025399fa0>,30,16,[14  3],31,165,181,134,155
1,<environment.Job instance at 0x7f8025374870>,52,23,[1 8],53,167,190,114,161
1,<environment.Job instance at 0x7f8025374f00>,53,1,[9 5],54,163,164,109,161
1,<environment.Job instance at 0x7f8025374550>,54,2,[7 1],55,181,183,126,161
1,<environment.Job instance at 0x7f80254274b0>,62,1,[1 5],63,181,182,118,172
1,<environment.Job instance at 0x7f8025427500>,63,26,[5 3],64,182,208,118,179
1,<environment.Job instance at 0x7f8025374dc0>,50,13,[3 5],51,190,203,139,180
1,<environment.Job instance at 0x7f8025427280>,68,17,[1 5],69,190,207,121,189
1,<environment.Job instance at 0x7f8025451370>,75,2,[5 8],76,208,210,132,208
1,<environment.Job instance at 0x7f8025399370>,25,17,[12  1],26,220,237,194,220
1,<environment.Job instance at 0x7f8025716460>,2,25,[ 3 11],3,3,28,0,3
1,<environment.Job instance at 0x7f802544be60>,1,17,[ 5 14],2,28,45,26,16
1,<environment.Job instance at 0x7f80258484b0>,16,1,[9 2],17,24,25,7,24
1,<environment.Job instance at 0x7f802542e460>,17,2,[1 8],18,45,47,27,24
1,<environment.Job instance at 0x7f80254329b0>,19,18,[5 6],20,45,63,25,35
1,<environment.Job instance at 0x7f8025432c80>,21,2,[9 2],22,47,49,25,40
1,<environment.Job instance at 0x7f8025432c30>,22,2,[7 5],23,49,51,26,40
1,<environment.Job instance at 0x7f80254320a0>,24,2,[5 8],25,51,53,26,48
1,<environment.Job instance at 0x7f8025432320>,25,27,[4 5],26,53,80,27,51
1,<environment.Job instance at 0x7f8025432280>,26,2,[1 8],27,63,65,36,51
1,<environment.Job instance at 0x7f8025432e60>,27,12,[13  4],28,80,92,52,63
1,<environment.Job instance at 0x7f80254326e0>,28,12,[ 5 12],29,92,104,63,76
1,<environment.Job instance at 0x7f8025432f50>,32,20,[4 9],33,104,124,71,95
1,<environment.Job instance at 0x7f80254327d0>,34,1,[10  5],35,104,105,69,95
1,<environment.Job instance at 0x7f8025432d20>,36,2,[5 5],37,105,107,68,95
1,<environment.Job instance at 0x7f802581e500>,37,3,[9 3],38,95,98,57,95
1,<environment.Job instance at 0x7f802581e410>,38,3,[10  2],39,98,101,59,95
1,<environment.Job instance at 0x7f802581e050>,40,3,[6 2],41,101,104,60,95
1,<environment.Job instance at 0x7f802581e960>,41,1,[5 8],42,124,125,82,96
1,<environment.Job instance at 0x7f80257f61e0>,43,17,[7 1],44,107,124,63,96
1,<environment.Job instance at 0x7f80257f6c30>,44,21,[4 9],45,125,146,80,117
1,<environment.Job instance at 0x7f80257f6910>,48,12,[14  3],49,146,158,97,129
1,<environment.Job instance at 0x7f80257f6d70>,49,1,[ 4 11],50,158,159,108,130
1,<environment.Job instance at 0x7f80257f6370>,51,2,[4 5],52,130,132,78,130
1,<environment.Job instance at 0x7f80257f6870>,52,1,[ 4 10],53,159,160,106,131
1,<environment.Job instance at 0x7f80257f65a0>,53,3,[7 5],54,132,135,78,131
1,<environment.Job instance at 0x7f80257f6050>,55,2,[6 3],56,135,137,79,131
1,<environment.Job instance at 0x7f80257f64b0>,56,25,[2 8],57,160,185,103,156
1,<environment.Job instance at 0x7f80257f6dc0>,60,26,[8 3],61,158,184,97,156
1,<environment.Job instance at 0x7f8025813500>,67,3,[10  5],68,184,187,116,165
1,<environment.Job instance at 0x7f80258130a0>,68,16,[5 2],69,185,201,116,180
1,<environment.Job instance at 0x7f8025813d70>,69,2,[5 3],70,180,182,110,180
1,<environment.Job instance at 0x7f80258135f0>,73,2,[10  2],74,191,193,117,191
1,<environment.Job instance at 0x7f80258135a0>,74,2,[11  3],75,201,203,126,191
1,<environment.Job instance at 0x7f8025813730>,76,2,[2 7],77,194,196,117,194
1,<environment.Job instance at 0x7f80258138c0>,78,1,[9 5],79,207,208,128,207
1,<environment.Job instance at 0x7f8025813780>,79,18,[5 2],80,208,226,128,208
1,<environment.Job instance at 0x7f8025489730>,2,27,[8 3],3,4,31,1,4
1,<environment.Job instance at 0x7f80257efd70>,6,27,[2 6],7,7,34,0,7
1,<environment.Job instance at 0x7f80253e7460>,5,1,[1 6],6,8,9,2,8
1,<environment.Job instance at 0x7f8025716e10>,9,1,[8 5],10,31,32,21,10
1,<environment.Job instance at 0x7f80252a4780>,10,14,[ 4 14],11,34,48,23,19
1,<environment.Job instance at 0x7f80256a14b0>,16,2,[7 5],17,32,34,15,23
1,<environment.Job instance at 0x7f80256a1870>,17,1,[2 8],18,48,49,30,23
1,<environment.Job instance at 0x7f802573e190>,18,3,[2 9],19,49,52,30,23
1,<environment.Job instance at 0x7f80256a13c0>,19,3,[2 7],20,52,55,32,26
1,<environment.Job instance at 0x7f802574b190>,26,21,[ 4 10],27,55,76,28,47
1,<environment.Job instance at 0x7f8025749910>,27,23,[2 8],28,76,99,48,70
1,<environment.Job instance at 0x7f802574b5a0>,33,1,[5 8],34,99,100,65,71
1,<environment.Job instance at 0x7f802574b1e0>,34,13,[ 4 11],35,100,113,65,93
1,<environment.Job instance at 0x7f802574b9b0>,39,17,[12  4],40,113,130,73,101
1,<environment.Job instance at 0x7f802574bc80>,42,3,[14  5],43,130,133,87,114
1,<environment.Job instance at 0x7f802574b730>,36,14,[9 4],37,133,147,96,123
1,<environment.Job instance at 0x7f802574be60>,45,3,[8 5],46,147,150,101,134
1,<environment.Job instance at 0x7f802574bdc0>,44,24,[5 5],45,137,161,92,137
1,<environment.Job instance at 0x7f8025741190>,48,28,[ 5 10],49,150,178,101,149
1,<environment.Job instance at 0x7f802574baa0>,40,25,[6 4],41,162,187,121,162
1,<environment.Job instance at 0x7f8025741410>,50,13,[5 5],51,178,191,127,163
1,<environment.Job instance at 0x7f80257415f0>,54,1,[ 3 10],55,187,188,132,166
1,<environment.Job instance at 0x7f8025741730>,56,12,[ 5 12],57,191,203,134,174
1,<environment.Job instance at 0x7f8025741910>,59,2,[ 5 14],60,203,205,143,177
1,<environment.Job instance at 0x7f8025741a50>,61,2,[7 2],62,188,190,126,177
1,<environment.Job instance at 0x7f8025741af0>,62,2,[4 9],63,205,207,142,178
1,<environment.Job instance at 0x7f8025741550>,53,3,[10  3],54,190,193,136,180
1,<environment.Job instance at 0x7f8025741c30>,64,3,[2 8],65,207,210,142,181
1,<environment.Job instance at 0x7f80257413c0>,69,1,[9 2],70,195,196,125,195
1,<environment.Job instance at 0x7f802525c280>,71,16,[ 1 14],72,210,226,138,200
1,<environment.Job instance at 0x7f802525c320>,74,22,[7 3],75,226,248,151,219
1,<environment.Job instance at 0x7f802525c460>,75,20,[7 5],76,226,246,150,219
1,<environment.Job instance at 0x7f8068eff7d0>,6,22,[1 8],7,7,29,0,7
1,<environment.Job instance at 0x7f8068effe10>,7,28,[5 9],8,29,57,21,28
1,<environment.Job instance at 0x7f8068eff550>,13,2,[5 9],14,57,59,43,35
1,<environment.Job instance at 0x7f80697b0aa0>,15,3,[4 6],16,35,38,19,35
1,<environment.Job instance at 0x7f80697b0230>,18,13,[9 1],19,41,54,22,41
1,<environment.Job instance at 0x7f80697b08c0>,19,3,[6 3],20,54,57,34,41
1,<environment.Job instance at 0x7f80697b0b90>,20,3,[2 9],21,59,62,38,41
1,<environment.Job instance at 0x7f80697b0a00>,22,26,[5 8],23,62,88,39,59
1,<environment.Job instance at 0x7f8068e69dc0>,1,1,[8 1],2,61,62,59,61
1,<environment.Job instance at 0x7f80697b0370>,26,2,[ 5 13],27,88,90,61,61
1,<environment.Job instance at 0x7f80691fe2d0>,31,1,[13  4],32,90,91,58,73
1,<environment.Job instance at 0x7f80691fecd0>,32,17,[8 1],33,91,108,58,85
1,<environment.Job instance at 0x7f80691fea00>,35,18,[4 6],36,91,109,55,88
1,<environment.Job instance at 0x7f806925c0a0>,36,3,[6 3],37,108,111,71,88
1,<environment.Job instance at 0x7f80691fed20>,37,28,[ 5 10],38,109,137,71,108
1,<environment.Job instance at 0x7f80691feeb0>,33,22,[3 5],34,111,133,77,110
1,<environment.Job instance at 0x7f806925c320>,38,2,[12  3],39,137,139,98,110
1,<environment.Job instance at 0x7f806925c730>,40,22,[7 1],41,139,161,98,132
1,<environment.Job instance at 0x7f8069357be0>,42,21,[5 7],43,139,160,96,132
1,<environment.Job instance at 0x7f8070138320>,50,3,[10  1],51,161,164,110,152
1,<environment.Job instance at 0x7f8070350c80>,52,3,[6 5],53,164,167,111,152
1,<environment.Job instance at 0x7f8070350e60>,53,17,[4 7],54,162,179,108,162
1,<environment.Job instance at 0x7f8069d41d20>,56,2,[2 6],57,168,170,111,168
1,<environment.Job instance at 0x7f8069d41870>,57,1,[5 1],58,168,169,110,168
1,<environment.Job instance at 0x7f8069d416e0>,58,1,[10  1],59,170,171,111,168
1,<environment.Job instance at 0x7f8069d414b0>,59,2,[4 7],60,171,173,111,168
1,<environment.Job instance at 0x7f8069d418c0>,60,26,[3 7],61,173,199,112,170
1,<environment.Job instance at 0x7f8069357fa0>,46,18,[9 3],47,179,197,132,170
1,<environment.Job instance at 0x7f8069d41960>,63,12,[8 2],64,197,209,133,181
1,<environment.Job instance at 0x7f8069d412d0>,61,18,[11  5],62,209,227,147,198
1,<environment.Job instance at 0x7f8069d41e60>,66,1,[10  1],67,227,228,160,199
1,<environment.Job instance at 0x7f8069d41c80>,69,1,[12  2],70,228,229,158,200
1,<environment.Job instance at 0x7f80692f9e10>,70,13,[10  1],71,229,242,158,213
1,<environment.Job instance at 0x7f806925cf50>,39,18,[3 8],40,215,233,175,215
1,<environment.Job instance at 0x7f8069257230>,78,2,[1 6],79,229,231,150,215
1,<environment.Job instance at 0x7f806973ea00>,3,24,[2 6],4,4,28,0,4
1,<environment.Job instance at 0x7f8068fcd7d0>,4,13,[ 5 12],5,28,41,23,12
1,<environment.Job instance at 0x7f8069ba2140>,13,1,[5 5],14,20,21,6,20
1,<environment.Job instance at 0x7f8069ba2500>,16,3,[3 9],17,41,44,24,31
1,<environment.Job instance at 0x7f80694f7500>,19,1,[2 8],20,44,45,24,36
1,<environment.Job instance at 0x7f8068ea8640>,20,3,[1 9],21,45,48,24,36
1,<environment.Job instance at 0x7f8068ea8140>,22,27,[5 7],23,48,75,25,46
1,<environment.Job instance at 0x7f8069ba2b90>,15,19,[6 3],16,47,66,31,47
1,<environment.Job instance at 0x7f8068ea8730>,23,1,[1 6],24,66,67,42,50
1,<environment.Job instance at 0x7f802592d870>,5,2,[ 2 11],6,75,77,69,54
1,<environment.Job instance at 0x7f8068ea81e0>,26,15,[10  3],27,67,82,40,60
1,<environment.Job instance at 0x7f8068ea8b90>,27,15,[9 1],28,82,97,54,69
1,<environment.Job instance at 0x7f8069ba68c0>,32,3,[9 5],33,97,100,64,76
1,<environment.Job instance at 0x7f80703a08c0>,35,15,[6 2],36,82,97,46,79
1,<environment.Job instance at 0x7f8025932780>,36,2,[10  2],37,100,102,63,82
1,<environment.Job instance at 0x7f8069436c30>,37,3,[10  1],38,102,105,64,82
1,<environment.Job instance at 0x7f80253195f0>,38,2,[2 7],39,97,99,58,86
1,<environment.Job instance at 0x7f8069ba62d0>,31,14,[ 4 13],32,100,114,68,86
1,<environment.Job instance at 0x7f8069505640>,43,1,[1 5],44,99,100,55,94
1,<environment.Job instance at 0x7f80695050a0>,44,1,[2 8],45,114,115,69,94
1,<environment.Job instance at 0x7f80693b8eb0>,28,15,[11  4],29,114,129,85,110
1,<environment.Job instance at 0x7f8025319230>,40,17,[5 2],41,129,146,88,118
1,<environment.Job instance at 0x7f8068e40f00>,52,12,[7 2],53,129,141,76,126
1,<environment.Job instance at 0x7f8068e40aa0>,50,18,[ 4 11],51,141,159,90,134
1,<environment.Job instance at 0x7f8069505a50>,47,14,[11  4],48,146,160,98,145
1,<environment.Job instance at 0x7f802567d320>,56,3,[4 9],57,159,162,102,145
1,<environment.Job instance at 0x7f8068e40370>,57,2,[1 6],58,160,162,102,145
1,<environment.Job instance at 0x7f802567d370>,58,13,[12  1],59,162,175,103,146
1,<environment.Job instance at 0x7f806970a640>,63,15,[ 3 10],64,167,182,103,167
1,<environment.Job instance at 0x7f8068f80550>,64,2,[2 7],65,182,184,117,167
1,<environment.Job instance at 0x7f8068f80f00>,66,3,[14  2],67,184,187,117,167
1,<environment.Job instance at 0x7f8069373140>,68,20,[3 9],69,187,207,118,178
1,<environment.Job instance at 0x7f8069373910>,69,1,[5 5],70,187,188,117,186
1,<environment.Job instance at 0x7f8068e40910>,53,24,[8 5],54,188,212,134,187
1,<environment.Job instance at 0x7f8069373c80>,74,17,[3 5],75,207,224,132,199
1,<environment.Job instance at 0x7f806980a690>,78,23,[3 9],79,212,235,133,210
1,<environment.Job instance at 0x7f806983da50>,79,13,[10  5],80,224,237,144,213
1,<environment.Job instance at 0x7f806983dd70>,80,2,[10  4],81,237,239,156,213
1,<environment.Job instance at 0x7f8069b1c8c0>,83,2,[9 2],84,239,241,155,214
1,<environment.Job instance at 0x7f8069241e10>,5,1,[7 2],6,6,7,0,6
1,<environment.Job instance at 0x7f80693579b0>,6,1,[10  4],7,7,8,0,7
1,<environment.Job instance at 0x7f8068e91410>,7,2,[8 3],8,8,10,0,8
1,<environment.Job instance at 0x7f8069037460>,8,16,[13  3],9,13,29,4,13
1,<environment.Job instance at 0x7f8069037870>,10,13,[5 8],11,29,42,18,17
1,<environment.Job instance at 0x7f8069588460>,15,21,[9 5],16,29,50,13,21
1,<environment.Job instance at 0x7f8068fad870>,23,27,[3 5],24,42,69,18,40
1,<environment.Job instance at 0x7f8068fad9b0>,25,2,[14  1],26,69,71,43,42
1,<environment.Job instance at 0x7f8068fadb40>,29,12,[1 9],30,50,62,20,48
1,<environment.Job instance at 0x7f8068fadbe0>,30,3,[8 5],31,62,65,31,48
1,<environment.Job instance at 0x7f8068fadc80>,31,2,[4 5],32,62,64,30,48
1,<environment.Job instance at 0x7f8068fadd20>,32,3,[4 7],33,65,68,32,48
1,<environment.Job instance at 0x7f8069588730>,17,14,[1 9],18,68,82,50,60
1,<environment.Job instance at 0x7f8068fad780>,24,1,[12  4],25,71,72,46,60
1,<environment.Job instance at 0x7f8068f7e410>,40,16,[9 4],41,72,88,31,61
1,<environment.Job instance at 0x7f8068f7e3c0>,44,1,[4 7],45,82,83,37,75
1,<environment.Job instance at 0x7f8068f7e5a0>,45,18,[3 9],46,83,101,37,75
1,<environment.Job instance at 0x7f8068f7e6e0>,46,27,[10  4],47,88,115,41,86
1,<environment.Job instance at 0x7f8068f7e1e0>,39,3,[3 7],40,101,104,61,87
1,<environment.Job instance at 0x7f8068fad230>,20,12,[2 5],21,104,116,83,88
1,<environment.Job instance at 0x7f8068f7ed20>,50,1,[ 5 11],51,116,117,65,93
1,<environment.Job instance at 0x7f8068f7efa0>,54,13,[ 3 12],55,117,130,62,104
1,<environment.Job instance at 0x7f8068f960a0>,60,16,[10  3],61,120,136,59,120
1,<environment.Job instance at 0x7f8068f965a0>,61,17,[10  5],62,136,153,74,128
1,<environment.Job instance at 0x7f8068f96500>,62,2,[3 9],63,130,132,67,128
1,<environment.Job instance at 0x7f8068f96730>,64,3,[9 2],65,153,156,88,128
1,<environment.Job instance at 0x7f8068f96910>,65,3,[8 2],66,156,159,90,130
1,<environment.Job instance at 0x7f8068f96a50>,67,3,[2 7],68,132,135,64,130
1,<environment.Job instance at 0x7f8068f96320>,58,13,[ 3 10],59,135,148,76,134
1,<environment.Job instance at 0x7f8068f7edc0>,51,18,[4 8],52,148,166,96,140
1,<environment.Job instance at 0x7f8068f96d20>,74,12,[3 7],75,159,171,84,142
1,<environment.Job instance at 0x7f8068f96c80>,76,1,[2 8],77,166,167,89,144
1,<environment.Job instance at 0x7f8068f961e0>,68,14,[13  2],69,171,185,102,156
1,<environment.Job instance at 0x7f8068f863c0>,81,14,[1 7],82,167,181,85,166
1,<environment.Job instance at 0x7f8068f86640>,85,26,[4 8],86,185,211,99,182
1,<environment.Job instance at 0x7f8068f86730>,86,20,[4 8],87,211,231,124,202
1,<environment.Job instance at 0x7f8068f861e0>,78,15,[6 2],79,204,219,125,204
1,<environment.Job instance at 0x7f8069ceb960>,2,2,[10  4],3,3,5,0,3
1,<environment.Job instance at 0x7f8068e91e10>,3,27,[8 5],4,5,32,1,4
1,<environment.Job instance at 0x7f8068e91640>,4,12,[ 5 13],5,32,44,27,15
1,<environment.Job instance at 0x7f8069523640>,15,14,[10  1],16,32,46,16,26
1,<environment.Job instance at 0x7f802579e230>,19,1,[6 2],20,31,32,11,31
1,<environment.Job instance at 0x7f802579e5f0>,21,18,[5 9],22,44,62,22,34
1,<environment.Job instance at 0x7f8069433410>,22,3,[9 4],23,46,49,23,34
1,<environment.Job instance at 0x7f80255a8370>,27,3,[3 8],28,62,65,34,49
1,<environment.Job instance at 0x7f8069354550>,29,1,[4 5],30,52,53,22,52
1,<environment.Job instance at 0x7f8068fd21e0>,34,23,[4 5],35,71,94,36,71
1,<environment.Job instance at 0x7f80251e1cd0>,37,13,[12  5],38,94,107,56,86
1,<environment.Job instance at 0x7f8025762a50>,24,27,[1 8],25,86,113,61,86
1,<environment.Job instance at 0x7f8068fd7d70>,40,1,[1 7],41,107,108,66,92
1,<environment.Job instance at 0x7f807065fb90>,43,14,[ 4 11],44,113,127,69,101
1,<environment.Job instance at 0x7f80255a3cd0>,46,26,[8 5],47,127,153,80,124
1,<environment.Job instance at 0x7f8069295c80>,9,1,[12  4],10,153,154,143,129
1,<environment.Job instance at 0x7f806970aa00>,39,18,[7 4],40,131,149,91,131
1,<environment.Job instance at 0x7f806949e4b0>,25,3,[6 4],26,149,152,123,132
1,<environment.Job instance at 0x7f8069391910>,52,2,[5 1],53,154,156,101,132
1,<environment.Job instance at 0x7f80691790f0>,57,3,[ 4 10],58,154,157,96,143
1,<environment.Job instance at 0x7f8025555c80>,58,2,[2 5],59,152,154,93,143
1,<environment.Job instance at 0x7f8069010280>,61,17,[2 9],62,159,176,97,159
1,<environment.Job instance at 0x7f8069010780>,62,2,[5 2],63,159,161,96,159
1,<environment.Job instance at 0x7f8025973f00>,63,3,[10  2],64,161,164,97,159
1,<environment.Job instance at 0x7f80690104b0>,64,12,[10  2],65,164,176,99,159
1,<environment.Job instance at 0x7f8069010370>,65,2,[10  1],66,176,178,110,159
1,<environment.Job instance at 0x7f8068fef9b0>,67,22,[10  1],68,178,200,110,171
1,<environment.Job instance at 0x7f8069523eb0>,13,24,[3 5],14,176,200,162,172
1,<environment.Job instance at 0x7f8068fef960>,71,3,[11  4],72,200,203,128,181
1,<environment.Job instance at 0x7f8068fef4b0>,72,13,[9 2],73,203,216,130,187
1,<environment.Job instance at 0x7f8068fefcd0>,73,1,[5 7],74,203,204,129,191
1,<environment.Job instance at 0x7f8068fef0f0>,75,1,[9 5],76,216,217,140,193
1,<environment.Job instance at 0x7f80693910a0>,53,20,[5 3],54,204,224,150,201
1,<environment.Job instance at 0x7f8068e49410>,79,13,[8 5],80,217,230,137,210
1,<environment.Job instance at 0x7f8069566730>,82,13,[ 3 10],83,224,237,141,213
1,<environment.Job instance at 0x7f8069566e60>,81,2,[2 6],82,217,219,135,213
1,<environment.Job instance at 0x7f80690441e0>,1,1,[3 5],2,4,5,2,4
1,<environment.Job instance at 0x7f80691662d0>,9,17,[ 2 10],10,11,28,1,11
1,<environment.Job instance at 0x7f8069050140>,11,18,[8 1],12,17,35,5,17
1,<environment.Job instance at 0x7f80690505f0>,13,20,[8 4],14,35,55,21,26
1,<environment.Job instance at 0x7f8069044910>,2,3,[7 4],3,36,39,33,36
1,<environment.Job instance at 0x7f8069077050>,24,1,[5 2],25,46,47,21,46
1,<environment.Job instance at 0x7f8025214c30>,5,15,[ 4 12],6,55,70,49,53
1,<environment.Job instance at 0x7f8069050820>,18,1,[6 5],19,53,54,34,53
1,<environment.Job instance at 0x7f8068ed6460>,20,13,[3 8],21,70,83,49,56
1,<environment.Job instance at 0x7f80258c95a0>,32,24,[4 6],33,75,99,42,75
1,<environment.Job instance at 0x7f8069b44190>,33,15,[ 2 13],34,99,114,65,85
1,<environment.Job instance at 0x7f80695a1960>,35,14,[10  1],36,88,102,52,88
1,<environment.Job instance at 0x7f8069027fa0>,37,18,[14  1],38,114,132,76,103
1,<environment.Job instance at 0x7f80256b35a0>,38,1,[1 9],39,114,115,75,103
1,<environment.Job instance at 0x7f80256b3c80>,39,1,[3 6],40,132,133,92,104
1,<environment.Job instance at 0x7f8069b7f690>,45,3,[5 3],46,132,135,86,115
1,<environment.Job instance at 0x7f8069b7f6e0>,43,13,[ 3 11],44,133,146,89,118
1,<environment.Job instance at 0x7f8069b7f3c0>,47,12,[7 2],48,135,147,87,126
1,<environment.Job instance at 0x7f806984ffa0>,48,3,[7 2],49,146,149,97,128
1,<environment.Job instance at 0x7f8025a0c5a0>,30,13,[1 9],31,146,159,115,140
1,<environment.Job instance at 0x7f8069b7f410>,46,15,[11  2],47,149,164,102,141
1,<environment.Job instance at 0x7f8069843730>,52,19,[2 5],53,159,178,106,149
1,<environment.Job instance at 0x7f80698433c0>,51,15,[5 5],52,164,179,112,152
1,<environment.Job instance at 0x7f80698435a0>,59,2,[6 4],60,184,186,124,184
1,<environment.Job instance at 0x7f80698435f0>,60,25,[10  4],61,186,211,125,184
1,<environment.Job instance at 0x7f8069a889b0>,61,3,[5 9],62,184,187,122,184
1,<environment.Job instance at 0x7f8069a88690>,62,3,[7 1],63,211,214,148,185
1,<environment.Job instance at 0x7f8069a88140>,63,2,[7 5],64,211,213,147,185
1,<environment.Job instance at 0x7f80697b0190>,67,1,[5 4],68,198,199,130,198
1,<environment.Job instance at 0x7f8069aff730>,68,3,[3 5],69,199,202,130,198
1,<environment.Job instance at 0x7f8068ee17d0>,71,3,[7 5],72,213,216,141,204
1,<environment.Job instance at 0x7f8069843e10>,56,13,[8 4],57,214,227,157,211
1,<environment.Job instance at 0x7f80690b29b0>,50,12,[ 3 12],51,227,239,176,216
1,<environment.Job instance at 0x7f8069631870>,0,1,[12  1],1,1,2,0,1
1,<environment.Job instance at 0x7f8068ee1cd0>,1,25,[9 1],2,2,27,0,2
1,<environment.Job instance at 0x7f80258e2320>,10,27,[5 4],11,11,38,0,11
1,<environment.Job instance at 0x7f80258e2f50>,11,28,[7 5],12,27,55,15,26
1,<environment.Job instance at 0x7f80258e2b90>,12,1,[4 8],13,38,39,25,27
1,<environment.Job instance at 0x7f80256bb5f0>,13,28,[8 2],14,39,67,25,38
1,<environment.Job instance at 0x7f80256bb730>,17,3,[5 6],18,55,58,37,39
1,<environment.Job instance at 0x7f80256bb870>,20,3,[10  2],21,67,70,46,41
1,<environment.Job instance at 0x7f80252cb5a0>,21,1,[2 8],22,58,59,36,41
1,<environment.Job instance at 0x7f80252cb820>,25,2,[7 1],26,59,61,33,52
1,<environment.Job instance at 0x7f80252cbb90>,26,2,[2 6],27,55,57,28,52
1,<environment.Job instance at 0x7f80252cb960>,28,15,[3 9],29,61,76,32,53
1,<environment.Job instance at 0x7f80252cba00>,29,12,[10  4],30,70,82,40,58
1,<environment.Job instance at 0x7f80252cbb40>,31,1,[ 5 14],32,82,83,50,60
1,<environment.Job instance at 0x7f80252cbd20>,32,1,[7 1],33,82,83,49,60
1,<environment.Job instance at 0x7f80252cbdc0>,33,19,[7 1],34,83,102,49,73
1,<environment.Job instance at 0x7f80252c40f0>,36,1,[4 5],37,76,77,39,74
1,<environment.Job instance at 0x7f80252c42d0>,38,18,[ 2 10],39,83,101,44,80
1,<environment.Job instance at 0x7f80252c45f0>,40,17,[ 5 13],41,101,118,60,89
1,<environment.Job instance at 0x7f80252c4a00>,46,2,[ 5 12],47,118,120,71,109
1,<environment.Job instance at 0x7f80252c4c80>,47,3,[3 6],48,120,123,72,110
1,<environment.Job instance at 0x7f80252c4910>,48,2,[7 4],49,120,122,71,110
1,<environment.Job instance at 0x7f80252c4be0>,49,1,[1 6],50,122,123,72,110
1,<environment.Job instance at 0x7f80252c4eb0>,52,1,[6 5],53,123,124,70,121
1,<environment.Job instance at 0x7f80252bc050>,54,18,[9 1],55,123,141,68,123
1,<environment.Job instance at 0x7f80252bc0f0>,55,17,[14  4],56,141,158,85,129
1,<environment.Job instance at 0x7f80252bc730>,60,18,[2 9],61,158,176,97,154
1,<environment.Job instance at 0x7f80252bc320>,61,12,[13  5],62,159,171,97,159
1,<environment.Job instance at 0x7f80252bcb40>,67,26,[3 7],68,176,202,108,173
1,<environment.Job instance at 0x7f80252bcc80>,69,1,[4 9],70,202,203,132,174
1,<environment.Job instance at 0x7f80252bcdc0>,71,3,[7 2],72,175,178,103,175
1,<environment.Job instance at 0x7f80252bc6e0>,73,3,[1 5],74,176,179,102,175
1,<environment.Job instance at 0x7f80252a31e0>,75,1,[8 4],76,179,180,103,175
1,<environment.Job instance at 0x7f80252a3050>,77,1,[ 2 11],78,203,204,125,179
1,<environment.Job instance at 0x7f80252a33c0>,79,25,[3 8],80,204,229,124,200
1,<environment.Job instance at 0x7f8069b7f5a0>,4,1,[7 5],5,5,6,0,5
1,<environment.Job instance at 0x7f8069b7fd70>,5,1,[3 6],6,6,7,0,6
1,<environment.Job instance at 0x7f8069b7f190>,7,3,[8 1],8,9,12,1,9
1,<environment.Job instance at 0x7f8069b75b40>,11,2,[3 8],12,12,14,0,12
1,<environment.Job instance at 0x7f8069b75d20>,12,1,[8 4],13,13,14,0,13
1,<environment.Job instance at 0x7f8069c3c370>,16,3,[4 7],17,17,20,0,17
1,<environment.Job instance at 0x7f8069c3c8c0>,17,12,[9 1],18,18,30,0,18
1,<environment.Job instance at 0x7f8069c3cc30>,18,1,[1 9],19,20,21,1,19
1,<environment.Job instance at 0x7f8069c3ccd0>,19,2,[4 9],20,21,23,1,20
1,<environment.Job instance at 0x7f8069c3caf0>,23,1,[9 5],24,30,31,6,29
1,<environment.Job instance at 0x7f8069c3c230>,24,21,[8 1],25,31,52,6,29
1,<environment.Job instance at 0x7f8069c3c780>,26,2,[7 3],27,31,33,4,29
1,<environment.Job instance at 0x7f8069c3c190>,27,1,[1 7],28,29,30,1,29
1,<environment.Job instance at 0x7f8069c3cd20>,28,3,[1 5],29,33,36,4,29
1,<environment.Job instance at 0x7f8069c3cfa0>,29,25,[ 3 10],30,36,61,6,32
1,<environment.Job instance at 0x7f8069c3cb90>,30,18,[ 2 11],31,61,79,30,50
1,<environment.Job instance at 0x7f8069c3c7d0>,32,2,[6 5],33,52,54,19,50
1,<environment.Job instance at 0x7f80256a71e0>,38,3,[6 1],39,57,60,18,57
1,<environment.Job instance at 0x7f8069b7f780>,8,16,[10  1],9,63,79,54,63
1,<environment.Job instance at 0x7f80256a7690>,37,23,[9 2],38,79,102,41,74
1,<environment.Job instance at 0x7f8069127370>,41,3,[9 5],42,102,105,60,81
1,<environment.Job instance at 0x7f8025869eb0>,49,1,[8 2],50,105,106,55,87
1,<environment.Job instance at 0x7f8025869fa0>,48,16,[6 5],49,88,104,39,88
1,<environment.Job instance at 0x7f80694fd0a0>,53,14,[4 9],54,104,118,50,101
1,<environment.Job instance at 0x7f80694fdf50>,55,3,[7 5],56,106,109,50,101
1,<environment.Job instance at 0x7f80694fd140>,56,17,[ 1 14],57,118,135,61,106
1,<environment.Job instance at 0x7f80694fd190>,58,1,[3 8],59,135,136,76,107
1,<environment.Job instance at 0x7f80694fd050>,60,16,[3 7],61,135,151,74,124
1,<environment.Job instance at 0x7f8025869a50>,46,3,[1 7],47,136,139,89,125
1,<environment.Job instance at 0x7f80256a7be0>,36,15,[4 7],37,139,154,102,131
1,<environment.Job instance at 0x7f80694fd4b0>,65,3,[6 4],66,151,154,85,132
1,<environment.Job instance at 0x7f80694fd9b0>,59,18,[14  4],60,154,172,94,143
1,<environment.Job instance at 0x7f8025775280>,73,1,[6 5],74,172,173,98,148
1,<environment.Job instance at 0x7f8025775230>,74,1,[4 9],75,172,173,97,148
1,<environment.Job instance at 0x7f8025775370>,75,13,[ 3 12],76,173,186,97,158
1,<environment.Job instance at 0x7f8025775b40>,76,13,[ 4 12],77,186,199,109,170
1,<environment.Job instance at 0x7f80253622d0>,83,24,[3 5],84,199,223,115,194
1,<environment.Job instance at 0x7f80694fd410>,61,18,[5 5],62,211,229,149,211
1,<environment.Job instance at 0x7f8025538730>,0,26,[4 8],1,1,27,0,1
1,<environment.Job instance at 0x7f8068ea6550>,9,3,[ 4 10],10,27,30,17,10
1,<environment.Job instance at 0x7f8068fa9230>,11,1,[10  4],12,12,13,0,12
1,<environment.Job instance at 0x7f8068fa9050>,12,18,[4 5],13,19,37,6,19
1,<environment.Job instance at 0x7f8068fd4370>,15,15,[12  1],16,37,52,21,24
1,<environment.Job instance at 0x7f8068fd4aa0>,17,3,[1 6],18,30,33,12,27
1,<environment.Job instance at 0x7f8068fd4230>,20,2,[3 9],21,42,44,21,42
1,<environment.Job instance at 0x7f8068fd40f0>,21,2,[9 4],22,52,54,30,42
1,<environment.Job instance at 0x7f8068fd4af0>,23,1,[ 3 13],24,44,45,20,43
1,<environment.Job instance at 0x7f8068fd4cd0>,24,1,[6 2],25,52,53,27,43
1,<environment.Job instance at 0x7f8068fd4d20>,25,22,[1 9],26,53,75,27,46
1,<environment.Job instance at 0x7f8068fa9870>,13,18,[8 1],14,54,72,40,49
1,<environment.Job instance at 0x7f80255380f0>,3,3,[10  4],4,72,75,68,55
1,<environment.Job instance at 0x7f802527c280>,27,3,[ 5 10],28,75,78,47,55
1,<environment.Job instance at 0x7f802527ca50>,31,2,[1 5],32,64,66,32,64
1,<environment.Job instance at 0x7f802527c690>,32,3,[9 5],33,75,78,42,64
1,<environment.Job instance at 0x7f802527cbe0>,33,17,[10  3],34,78,95,44,71
1,<environment.Job instance at 0x7f802527c960>,34,2,[7 4],35,95,97,60,83
1,<environment.Job instance at 0x7f802527ceb0>,28,2,[3 9],29,86,88,57,86
1,<environment.Job instance at 0x7f8068edb0f0>,40,19,[5 4],41,101,120,60,101
1,<environment.Job instance at 0x7f8068edb280>,41,17,[ 2 10],42,101,118,59,101
1,<environment.Job instance at 0x7f8068edb1e0>,42,3,[5 9],43,118,121,75,101
1,<environment.Job instance at 0x7f8068edb910>,44,24,[5 9],45,121,145,76,116
1,<environment.Job instance at 0x7f8025526eb0>,47,26,[8 5],48,120,146,72,118
1,<environment.Job instance at 0x7f8025526410>,48,3,[1 9],49,145,148,96,119
1,<environment.Job instance at 0x7f8068edbb40>,35,1,[ 5 13],36,148,149,112,122
1,<environment.Job instance at 0x7f8069d7b2d0>,50,17,[10  1],51,146,163,95,134
1,<environment.Job instance at 0x7f8069d7b7d0>,55,2,[13  2],56,163,165,107,138
1,<environment.Job instance at 0x7f8069d7b370>,56,20,[3 6],57,165,185,108,156
1,<environment.Job instance at 0x7f8069d7b0a0>,60,1,[9 3],61,165,166,104,164
1,<environment.Job instance at 0x7f8069d7bbe0>,61,1,[4 6],62,166,167,104,164
1,<environment.Job instance at 0x7f80256bdb40>,63,3,[11  3],64,167,170,103,164
1,<environment.Job instance at 0x7f80256bd3c0>,64,1,[4 7],65,170,171,105,164
1,<environment.Job instance at 0x7f80256bd410>,66,1,[1 9],67,178,179,111,178
1,<environment.Job instance at 0x7f80256bd780>,67,2,[8 2],68,179,181,111,178
1,<environment.Job instance at 0x7f8069ae6cd0>,68,3,[9 2],69,181,184,112,178
1,<environment.Job instance at 0x7f8069ae6dc0>,70,2,[7 3],71,193,195,122,193
1,<environment.Job instance at 0x7f8069ae6140>,72,1,[7 3],73,193,194,120,193
1,<environment.Job instance at 0x7f8069ae6730>,73,3,[9 3],74,195,198,121,193
1,<environment.Job instance at 0x7f8069ae6370>,74,3,[3 9],75,194,197,119,193
1,<environment.Job instance at 0x7f802595a3c0>,75,2,[4 9],76,197,199,121,193
1,<environment.Job instance at 0x7f802595a1e0>,76,2,[2 8],77,199,201,122,193
1,<environment.Job instance at 0x7f802595afa0>,77,3,[1 6],78,198,201,120,193
1,<environment.Job instance at 0x7f802595ab40>,78,16,[ 5 13],79,201,217,122,193
1,<environment.Job instance at 0x7f802595a370>,79,1,[5 5],80,217,218,137,195
1,<environment.Job instance at 0x7f802595a9b0>,81,15,[14  4],82,218,233,136,204
1,<environment.Job instance at 0x7f8025538050>,7,1,[4 8],8,8,9,0,8
1,<environment.Job instance at 0x7f8025538640>,8,2,[10  1],9,9,11,0,9
1,<environment.Job instance at 0x7f802564f5a0>,9,25,[8 3],10,11,36,1,10
1,<environment.Job instance at 0x7f802595a0f0>,2,1,[2 7],3,13,14,10,13
1,<environment.Job instance at 0x7f8068ff4500>,13,18,[2 6],14,20,38,6,20
1,<environment.Job instance at 0x7f80697b5cd0>,22,18,[10  1],23,52,70,29,52
1,<environment.Job instance at 0x7f80697b5e10>,23,2,[4 8],24,52,54,28,52
1,<environment.Job instance at 0x7f80697ca050>,24,1,[ 3 10],25,54,55,29,52
1,<environment.Job instance at 0x7f80697ca730>,27,1,[8 2],28,70,71,42,53
1,<environment.Job instance at 0x7f80697cadc0>,28,2,[8 3],29,71,73,42,54
1,<environment.Job instance at 0x7f80697cae60>,29,1,[ 3 10],30,55,56,25,54
1,<environment.Job instance at 0x7f80697ca500>,32,1,[4 6],33,68,69,35,68
1,<environment.Job instance at 0x7f80697ca550>,33,18,[ 3 10],34,71,89,37,71
1,<environment.Job instance at 0x7f806979b500>,34,1,[5 8],35,89,90,54,71
1,<environment.Job instance at 0x7f806979b3c0>,35,3,[7 3],36,73,76,37,71
1,<environment.Job instance at 0x7f806979b5a0>,36,2,[5 5],37,76,78,39,71
1,<environment.Job instance at 0x7f806979bd70>,37,3,[ 1 10],38,90,93,52,71
1,<environment.Job instance at 0x7f80697ae410>,39,2,[10  1],40,78,80,38,71
1,<environment.Job instance at 0x7f80697aeb90>,40,3,[8 2],41,80,83,39,71
1,<environment.Job instance at 0x7f80697ae820>,43,2,[12  1],44,83,85,39,83
1,<environment.Job instance at 0x7f80252fabe0>,44,1,[ 5 14],45,93,94,48,83
1,<environment.Job instance at 0x7f80252faf00>,45,15,[10  1],46,85,100,39,83
1,<environment.Job instance at 0x7f8025073e60>,46,21,[3 7],47,94,115,47,86
1,<environment.Job instance at 0x7f8068ff47d0>,16,17,[1 6],17,94,111,77,92
1,<environment.Job instance at 0x7f8025073d70>,49,20,[1 9],50,115,135,65,106
1,<environment.Job instance at 0x7f802564faa0>,12,24,[11  1],13,113,137,100,113
1,<environment.Job instance at 0x7f8069162eb0>,56,13,[ 5 11],57,137,150,80,130
1,<environment.Job instance at 0x7f802522c7d0>,57,2,[13  1],58,150,152,92,130
1,<environment.Job instance at 0x7f8069d0c7d0>,64,1,[11  3],65,152,153,87,150
1,<environment.Job instance at 0x7f8069a56d70>,65,12,[1 9],66,150,162,84,150
1,<environment.Job instance at 0x7f8069a56b90>,69,3,[5 6],70,165,168,95,165
1,<environment.Job instance at 0x7f80255e0320>,70,2,[2 9],71,165,167,94,165
1,<environment.Job instance at 0x7f80255e0960>,71,13,[ 1 13],72,168,181,96,165
1,<environment.Job instance at 0x7f80255e0140>,72,27,[9 1],73,167,194,94,165
1,<environment.Job instance at 0x7f802560a640>,75,1,[9 3],76,194,195,118,175
1,<environment.Job instance at 0x7f802560aaf0>,76,21,[12  2],77,195,216,118,187
1,<environment.Job instance at 0x7f8025245cd0>,74,16,[1 8],75,187,203,112,187
1,<environment.Job instance at 0x7f80252dc730>,79,20,[2 8],80,203,223,123,194
1,<environment.Job instance at 0x7f80252dcd20>,80,15,[12  3],81,216,231,135,204
1,<environment.Job instance at 0x7f80252dc0a0>,86,2,[12  3],87,231,233,144,210
1,<environment.Job instance at 0x7f80252dc140>,88,1,[ 4 10],89,233,234,144,210
1,<environment.Job instance at 0x7f80252f94b0>,1,26,[7 2],2,2,28,0,2
1,<environment.Job instance at 0x7f807048cd20>,2,2,[ 2 13],3,3,5,0,3
1,<environment.Job instance at 0x7f802505d910>,7,1,[14  5],8,28,29,20,8
1,<environment.Job instance at 0x7f8069261a50>,8,19,[ 5 11],9,9,28,0,9
1,<environment.Job instance at 0x7f8068ffd500>,18,1,[ 4 13],19,29,30,10,29
1,<environment.Job instance at 0x7f8068eb86e0>,22,2,[ 3 14],23,30,32,7,30
1,<environment.Job instance at 0x7f8068eb8a50>,23,1,[7 1],24,30,31,6,30
1,<environment.Job instance at 0x7f8068eb8370>,24,23,[8 3],25,32,55,7,31
1,<environment.Job instance at 0x7f8069843d20>,26,17,[2 7],27,32,49,5,32
1,<environment.Job instance at 0x7f80253e0d20>,12,13,[5 2],13,36,49,23,36
1,<environment.Job instance at 0x7f80258b0050>,32,3,[7 2],33,49,52,16,38
1,<environment.Job instance at 0x7f802570a7d0>,6,12,[11  2],7,55,67,48,42
1,<environment.Job instance at 0x7f8069b75730>,34,25,[8 2],35,67,92,32,63
1,<environment.Job instance at 0x7f8069bff190>,35,2,[4 9],36,65,67,29,65
1,<environment.Job instance at 0x7f80250f1690>,36,18,[7 2],37,67,85,30,66
1,<environment.Job instance at 0x7f802531cd70>,37,13,[3 5],38,85,98,47,69
1,<environment.Job instance at 0x7f80250f1c80>,44,2,[5 6],45,92,94,47,84
1,<environment.Job instance at 0x7f8069314730>,46,2,[3 9],47,94,96,47,85
1,<environment.Job instance at 0x7f8070165b90>,49,16,[5 1],50,96,112,46,96
1,<environment.Job instance at 0x7f8070165f00>,50,3,[6 3],51,96,99,45,96
1,<environment.Job instance at 0x7f8070165dc0>,52,2,[5 7],53,106,108,53,106
1,<environment.Job instance at 0x7f8070165910>,53,2,[2 5],54,106,108,52,106
1,<environment.Job instance at 0x7f8070165820>,54,2,[2 8],55,108,110,53,106
1,<environment.Job instance at 0x7f8070165c30>,55,22,[9 4],56,110,132,54,106
1,<environment.Job instance at 0x7f80250f10f0>,40,12,[ 4 12],41,132,144,91,126
1,<environment.Job instance at 0x7f80694f70f0>,61,12,[10  5],62,144,156,82,129
1,<environment.Job instance at 0x7f80694f7b40>,62,15,[ 5 10],63,144,159,81,132
1,<environment.Job instance at 0x7f80690575a0>,29,1,[11  4],30,159,160,129,134
1,<environment.Job instance at 0x7f80250e5640>,68,2,[5 5],69,156,158,87,142
1,<environment.Job instance at 0x7f8069507910>,69,2,[10  1],70,142,144,72,142
1,<environment.Job instance at 0x7f80250e55f0>,70,1,[10  3],71,158,159,87,142
1,<environment.Job instance at 0x7f8069d6bbe0>,74,3,[5 4],75,160,163,85,144
1,<environment.Job instance at 0x7f80694f79b0>,63,16,[5 8],64,160,176,96,154
1,<environment.Job instance at 0x7f8069d6bc80>,76,12,[3 8],77,176,188,99,159
1,<environment.Job instance at 0x7f802540a1e0>,77,3,[6 4],78,163,166,85,160
1,<environment.Job instance at 0x7f8069ce82d0>,78,17,[3 7],79,166,183,87,161
1,<environment.Job instance at 0x7f8069ce8dc0>,79,12,[ 5 10],80,188,200,108,171
1,<environment.Job instance at 0x7f80255a4fa0>,80,18,[9 4],81,183,201,102,172
1,<environment.Job instance at 0x7f80255a4550>,81,12,[ 4 10],82,200,212,118,183
1,<environment.Job instance at 0x7f8069ce89b0>,82,1,[14  1],83,212,213,129,185
1,<environment.Job instance at 0x7f8069d6be10>,75,15,[13  3],76,213,228,137,199
1,<environment.Job instance at 0x7f80255a4410>,83,14,[ 1 10],84,212,226,128,203
1,<environment.Job instance at 0x7f8025828c80>,87,1,[9 4],88,204,205,116,204
1,<environment.Job instance at 0x7f80257dbfa0>,1,1,[7 1],2,3,4,1,3
1,<environment.Job instance at 0x7f80255c8820>,3,1,[10  4],4,4,5,0,4
1,<environment.Job instance at 0x7f80690c7d70>,5,2,[4 6],6,6,8,0,6
1,<environment.Job instance at 0x7f806985f0f0>,12,2,[7 2],13,13,15,0,13
1,<environment.Job instance at 0x7f80255a47d0>,2,18,[4 9],3,26,44,23,26
1,<environment.Job instance at 0x7f806985fb90>,16,17,[1 8],17,44,61,27,37
1,<environment.Job instance at 0x7f80690c70f0>,9,1,[9 1],10,37,38,27,37
1,<environment.Job instance at 0x7f806985f780>,13,26,[7 3],14,38,64,24,37
1,<environment.Job instance at 0x7f80250290f0>,17,27,[1 8],18,67,94,49,67
1,<environment.Job instance at 0x7f8024fe12d0>,25,1,[ 5 10],26,94,95,68,67
1,<environment.Job instance at 0x7f8025029280>,19,13,[9 5],20,70,83,50,70
1,<environment.Job instance at 0x7f8024fe1500>,28,1,[7 2],29,83,84,54,73
1,<environment.Job instance at 0x7f8024fe1b90>,33,14,[9 2],34,84,98,50,84
1,<environment.Job instance at 0x7f8024fe1960>,34,3,[2 7],35,95,98,60,84
1,<environment.Job instance at 0x7f8024fe1be0>,36,3,[2 7],37,98,101,61,85
1,<environment.Job instance at 0x7f8024fe1c80>,37,2,[9 5],38,98,100,60,85
1,<environment.Job instance at 0x7f8024fe1640>,39,17,[12  4],40,100,117,60,88
1,<environment.Job instance at 0x7f8024fe1690>,40,20,[7 1],41,117,137,76,108
1,<environment.Job instance at 0x7f80250428c0>,44,21,[6 1],45,124,145,79,124
1,<environment.Job instance at 0x7f8025042370>,45,17,[ 1 11],46,124,141,78,124
1,<environment.Job instance at 0x7f8025042690>,47,13,[12  4],48,145,158,97,129
1,<environment.Job instance at 0x7f8025042be0>,48,2,[7 4],49,141,143,92,129
1,<environment.Job instance at 0x7f80250426e0>,49,1,[2 6],50,141,142,91,129
1,<environment.Job instance at 0x7f8025042b40>,54,1,[8 3],55,143,144,88,142
1,<environment.Job instance at 0x7f80250423c0>,55,13,[10  4],56,158,171,102,142
1,<environment.Job instance at 0x7f806985f7d0>,18,3,[3 9],19,144,147,125,142
1,<environment.Job instance at 0x7f8025042460>,58,1,[7 4],59,171,172,112,143
1,<environment.Job instance at 0x7f8025042f50>,53,14,[ 4 10],54,158,172,104,143
1,<environment.Job instance at 0x7f802503dfa0>,59,2,[3 9],60,147,149,87,144
1,<environment.Job instance at 0x7f802503db40>,61,1,[9 5],62,172,173,110,147
1,<environment.Job instance at 0x7f802503ddc0>,64,14,[ 1 11],65,173,187,108,158
1,<environment.Job instance at 0x7f802503d6e0>,65,24,[7 4],66,173,197,107,168
1,<environment.Job instance at 0x7f802503d9b0>,68,1,[5 9],69,172,173,103,168
1,<environment.Job instance at 0x7f802503d7d0>,69,3,[6 3],70,187,190,117,169
1,<environment.Job instance at 0x7f802503d690>,72,2,[7 4],73,190,192,117,172
1,<environment.Job instance at 0x7f802503d4b0>,75,25,[6 2],76,192,217,116,188
1,<environment.Job instance at 0x7f802503d370>,76,2,[ 1 13],77,197,199,120,188
1,<environment.Job instance at 0x7f8024fe0eb0>,77,3,[3 6],78,199,202,121,188
1,<environment.Job instance at 0x7f8024fe0960>,78,2,[5 6],79,199,201,120,188
1,<environment.Job instance at 0x7f8024fe0b90>,79,18,[ 1 10],80,202,220,122,191
1,<environment.Job instance at 0x7f8024fe04b0>,80,2,[5 2],81,201,203,120,191
1,<environment.Job instance at 0x7f8024fe0050>,81,2,[1 7],82,191,193,109,191
1,<environment.Job instance at 0x7f8024fe0370>,83,2,[2 6],84,220,222,136,200
1,<environment.Job instance at 0x7f8024fe0f00>,84,1,[8 1],85,203,204,118,200
1,<environment.Job instance at 0x7f8024fe0a00>,86,26,[10  2],87,217,243,130,214
1,<environment.Job instance at 0x7f802503da00>,3,2,[5 7],4,4,6,0,4
1,<environment.Job instance at 0x7f802531c640>,4,18,[9 2],5,6,24,1,6
1,<environment.Job instance at 0x7f80250214b0>,9,1,[10  5],10,24,25,14,10
1,<environment.Job instance at 0x7f8025938e10>,15,12,[5 2],16,33,45,17,33
1,<environment.Job instance at 0x7f80257246e0>,16,15,[ 2 12],17,33,48,16,33
1,<environment.Job instance at 0x7f8069a1c460>,18,2,[6 2],19,45,47,26,33
1,<environment.Job instance at 0x7f80250290a0>,20,12,[ 1 11],21,48,60,27,37
1,<environment.Job instance at 0x7f802592aa00>,22,3,[6 3],23,47,50,24,46
1,<environment.Job instance at 0x7f802592abe0>,23,15,[ 5 12],24,60,75,36,46
1,<environment.Job instance at 0x7f802592a500>,24,18,[3 9],25,75,93,50,64
1,<environment.Job instance at 0x7f802531cc80>,5,18,[10  4],6,75,93,69,64
1,<environment.Job instance at 0x7f802594f550>,34,3,[5 5],35,93,96,58,89
1,<environment.Job instance at 0x7f802594f280>,36,1,[4 9],37,93,94,56,89
1,<environment.Job instance at 0x7f802594fa00>,40,17,[11  3],41,117,134,76,117
1,<environment.Job instance at 0x7f802594fbe0>,32,12,[3 7],33,120,132,87,120
1,<environment.Job instance at 0x7f8025934910>,44,3,[3 6],45,132,135,87,131
1,<environment.Job instance at 0x7f8069badb90>,45,1,[2 6],46,134,135,88,131
1,<environment.Job instance at 0x7f8025946a50>,47,2,[5 7],48,135,137,87,132
1,<environment.Job instance at 0x7f8025948c80>,48,3,[6 5],49,135,138,86,132
1,<environment.Job instance at 0x7f80259342d0>,49,3,[2 6],50,137,140,87,132
1,<environment.Job instance at 0x7f80693643c0>,50,3,[1 5],51,138,141,87,132
1,<environment.Job instance at 0x7f8025934c80>,53,3,[ 3 10],54,147,150,93,147
1,<environment.Job instance at 0x7f8069372e60>,56,3,[ 2 10],57,161,164,104,161
1,<environment.Job instance at 0x7f80699e33c0>,57,24,[8 1],58,161,185,103,161
1,<environment.Job instance at 0x7f80690aa820>,58,2,[4 8],59,164,166,105,161
1,<environment.Job instance at 0x7f80699e30f0>,59,3,[8 2],60,185,188,125,163
1,<environment.Job instance at 0x7f80699e3be0>,63,28,[6 1],64,186,214,122,186
1,<environment.Job instance at 0x7f8025021870>,11,17,[8 2],12,188,205,176,187
1,<environment.Job instance at 0x7f802592af50>,26,12,[6 4],27,205,217,178,188
1,<environment.Job instance at 0x7f80699e04b0>,68,23,[ 3 10],69,205,228,136,201
1,<environment.Job instance at 0x7f806944abe0>,73,18,[ 5 11],74,228,246,154,217
1,<environment.Job instance at 0x7f802503d0f0>,6,3,[ 4 10],7,7,10,0,7
1,<environment.Job instance at 0x7f80253b53c0>,13,18,[3 7],14,28,46,14,28
1,<environment.Job instance at 0x7f8068f0d9b0>,14,1,[10  5],15,28,29,13,28
1,<environment.Job instance at 0x7f80701eaf00>,15,3,[4 7],16,29,32,13,28
1,<environment.Job instance at 0x7f8068f0d0a0>,16,18,[3 6],17,37,55,20,37
1,<environment.Job instance at 0x7f80701ea3c0>,17,26,[ 2 12],18,55,81,37,52
1,<environment.Job instance at 0x7f806976c050>,19,1,[ 3 12],20,81,82,61,53
1,<environment.Job instance at 0x7f80701ea550>,20,2,[10  3],21,53,55,32,53
1,<environment.Job instance at 0x7f80701eaeb0>,21,3,[1 9],22,82,85,60,56
1,<environment.Job instance at 0x7f80701eaf50>,22,3,[11  1],23,56,59,33,56
1,<environment.Job instance at 0x7f802574c050>,23,1,[9 2],24,59,60,35,56
1,<environment.Job instance at 0x7f80701eadc0>,24,18,[2 9],25,85,103,60,74
1,<environment.Job instance at 0x7f802574c5a0>,25,26,[5 5],26,82,108,56,79
1,<environment.Job instance at 0x7f802574cfa0>,26,3,[7 1],27,79,82,52,79
1,<environment.Job instance at 0x7f8069747190>,28,22,[10  5],29,103,125,74,96
1,<environment.Job instance at 0x7f8069900410>,31,1,[10  4],32,125,126,93,97
1,<environment.Job instance at 0x7f80704b2a00>,32,2,[6 2],33,126,128,93,99
1,<environment.Job instance at 0x7f80704b26e0>,34,25,[9 4],35,126,151,91,122
1,<environment.Job instance at 0x7f80693a5e10>,35,2,[9 4],36,151,153,115,124
1,<environment.Job instance at 0x7f8068ef2140>,36,2,[5 5],37,124,126,87,124
1,<environment.Job instance at 0x7f8069632be0>,38,3,[4 5],39,128,131,89,124
1,<environment.Job instance at 0x7f80696325f0>,39,1,[5 7],40,131,132,91,124
1,<environment.Job instance at 0x7f80693a55f0>,40,25,[9 5],41,153,178,112,149
1,<environment.Job instance at 0x7f802546ae10>,45,22,[6 4],46,152,174,106,152
1,<environment.Job instance at 0x7f8025021500>,5,16,[ 4 14],6,180,196,174,180
1,<environment.Job instance at 0x7f8025140a50>,41,3,[11  1],42,185,188,143,185
1,<environment.Job instance at 0x7f802546a0a0>,52,22,[2 7],53,196,218,143,189
1,<environment.Job instance at 0x7f8069115960>,60,15,[9 4],61,211,226,150,211
1,<environment.Job instance at 0x7f8069115550>,61,14,[8 1],62,226,240,164,214
1,<environment.Job instance at 0x7f80251405a0>,42,3,[12  5],43,240,243,197,221
1,<environment.Job instance at 0x7f802503d730>,8,17,[7 4],9,243,260,234,231
1,<environment.Job instance at 0x7f8025195500>,0,22,[ 3 10],1,1,23,0,1
1,<environment.Job instance at 0x7f802564f7d0>,9,2,[ 5 10],10,23,25,13,10
1,<environment.Job instance at 0x7f802564f6e0>,10,2,[ 3 10],11,25,27,14,11
1,<environment.Job instance at 0x7f802564f730>,16,3,[4 6],17,27,30,10,17
1,<environment.Job instance at 0x7f802564f550>,17,3,[ 5 11],18,30,33,12,18
1,<environment.Job instance at 0x7f802564fa00>,18,1,[1 5],19,19,20,0,19
1,<environment.Job instance at 0x7f802564f820>,20,2,[3 7],21,27,29,6,22
1,<environment.Job instance at 0x7f802564fdc0>,21,18,[ 3 14],22,33,51,11,22
1,<environment.Job instance at 0x7f802564fbe0>,22,2,[8 4],23,23,25,0,23
1,<environment.Job instance at 0x7f8025538780>,27,3,[5 5],28,51,54,23,40
1,<environment.Job instance at 0x7f8025538be0>,28,13,[14  3],29,54,67,25,40
1,<environment.Job instance at 0x7f8025538a50>,30,2,[6 2],31,51,53,20,48
1,<environment.Job instance at 0x7f8025538370>,31,2,[10  5],32,67,69,35,48
1,<environment.Job instance at 0x7f8025538910>,33,12,[9 5],34,69,81,35,59
1,<environment.Job instance at 0x7f8025538c30>,35,14,[5 8],36,67,81,31,61
1,<environment.Job instance at 0x7f8025538640>,39,20,[5 5],40,81,101,41,76
1,<environment.Job instance at 0x7f8025538eb0>,40,1,[1 5],41,81,82,40,76
1,<environment.Job instance at 0x7f80697451e0>,44,3,[9 1],45,81,84,36,77
1,<environment.Job instance at 0x7f8069745fa0>,45,15,[1 9],46,85,100,39,85
1,<environment.Job instance at 0x7f8069745dc0>,46,18,[1 8],47,100,118,53,89
1,<environment.Job instance at 0x7f8069745d20>,47,2,[13  4],48,101,103,53,89
1,<environment.Job instance at 0x7f8069745a50>,48,1,[3 9],49,118,119,69,90
1,<environment.Job instance at 0x7f8069745050>,52,2,[10  3],53,103,105,50,90
1,<environment.Job instance at 0x7f8069745370>,54,3,[3 5],55,105,108,50,93
1,<environment.Job instance at 0x7f8069745460>,56,13,[13  5],57,119,132,62,105
1,<environment.Job instance at 0x7f802564f780>,12,18,[2 9],13,119,137,106,112
1,<environment.Job instance at 0x7f8069745b90>,59,13,[5 1],60,132,145,72,122
1,<environment.Job instance at 0x7f802564f5a0>,13,14,[3 7],14,137,151,123,127
1,<environment.Job instance at 0x7f8069745960>,62,16,[5 6],63,137,153,74,129
1,<environment.Job instance at 0x7f80697453c0>,61,14,[13  2],62,153,167,91,138
1,<environment.Job instance at 0x7f80691167d0>,69,2,[7 2],70,148,150,78,148
1,<environment.Job instance at 0x7f8069116500>,70,22,[9 5],71,167,189,96,162
1,<environment.Job instance at 0x7f80691165a0>,71,17,[6 1],72,168,185,96,168
1,<environment.Job instance at 0x7f80259b0690>,76,14,[8 5],77,189,203,112,175
1,<environment.Job instance at 0x7f80259b0870>,79,18,[2 5],80,185,203,105,175
1,<environment.Job instance at 0x7f8068e0d230>,80,16,[5 2],81,193,209,112,193
1,<environment.Job instance at 0x7f8068e0df00>,82,1,[ 1 13],83,203,204,120,194
1,<environment.Job instance at 0x7f8068e0d8c0>,85,17,[11  2],86,209,226,123,200
1,<environment.Job instance at 0x7f8069b905f0>,90,2,[3 7],91,209,211,118,209
1,<environment.Job instance at 0x7f80692a9a00>,1,2,[ 5 10],2,2,4,0,2
1,<environment.Job instance at 0x7f80692a94b0>,3,3,[2 6],4,4,7,0,4
1,<environment.Job instance at 0x7f802561c0f0>,4,3,[3 8],5,5,8,0,5
1,<environment.Job instance at 0x7f8069a704b0>,8,12,[9 1],9,9,21,0,9
1,<environment.Job instance at 0x7f8069a70a00>,9,2,[1 5],10,10,12,0,10
1,<environment.Job instance at 0x7f8069a70690>,10,21,[5 4],11,11,32,0,11
1,<environment.Job instance at 0x7f80692a92d0>,6,20,[5 3],7,21,41,14,12
1,<environment.Job instance at 0x7f8069a70460>,15,12,[5 7],16,21,33,5,16
1,<environment.Job instance at 0x7f8069a535a0>,17,1,[9 3],18,33,34,15,18
1,<environment.Job instance at 0x7f8069a701e0>,16,16,[5 8],17,34,50,17,23
1,<environment.Job instance at 0x7f8069a70b90>,12,18,[9 2],13,41,59,28,39
1,<environment.Job instance at 0x7f8069a53b90>,27,3,[ 5 11],28,50,53,22,44
1,<environment.Job instance at 0x7f8069a70f00>,14,17,[11  1],15,59,76,44,47
1,<environment.Job instance at 0x7f8069a53d20>,34,2,[8 3],35,76,78,41,74
1,<environment.Job instance at 0x7f8069a78140>,35,3,[2 5],36,74,77,38,74
1,<environment.Job instance at 0x7f8069a78f50>,36,2,[9 3],37,78,80,41,74
1,<environment.Job instance at 0x7f8069a78e10>,37,1,[5 9],38,77,78,39,74
1,<environment.Job instance at 0x7f8069a78500>,38,18,[2 8],39,78,96,39,74
1,<environment.Job instance at 0x7f8069a786e0>,39,3,[7 2],40,80,83,40,74
1,<environment.Job instance at 0x7f8069a78910>,40,15,[5 9],41,96,111,55,82
1,<environment.Job instance at 0x7f8069a533c0>,28,14,[10  3],29,91,105,62,91
1,<environment.Job instance at 0x7f8069a78c80>,44,12,[13  3],45,111,123,66,97
1,<environment.Job instance at 0x7f8069a78370>,47,3,[10  4],48,105,108,57,103
1,<environment.Job instance at 0x7f8069a789b0>,48,1,[3 9],49,123,124,74,103
1,<environment.Job instance at 0x7f8069a7a960>,51,2,[ 3 10],52,124,126,72,106
1,<environment.Job instance at 0x7f8069a7a5f0>,52,1,[1 8],53,111,112,58,106
1,<environment.Job instance at 0x7f8069a7a640>,53,2,[7 5],54,108,110,54,106
1,<environment.Job instance at 0x7f8069a7a7d0>,54,1,[6 5],55,110,111,55,106
1,<environment.Job instance at 0x7f8069a7a8c0>,55,28,[5 5],56,123,151,67,122
1,<environment.Job instance at 0x7f8069a782d0>,46,16,[7 4],47,128,144,81,128
1,<environment.Job instance at 0x7f8069a7ad20>,60,12,[ 4 14],61,151,163,90,136
1,<environment.Job instance at 0x7f8069a7a0a0>,61,21,[4 8],62,163,184,101,155
1,<environment.Job instance at 0x7f8069a53dc0>,26,16,[10  4],27,163,179,136,159
1,<environment.Job instance at 0x7f8069a7a2d0>,68,1,[ 1 11],69,184,185,115,163
1,<environment.Job instance at 0x7f8069a5baf0>,73,13,[10  4],74,179,192,105,166
1,<environment.Job instance at 0x7f8069a62af0>,79,16,[ 4 11],80,185,201,105,176
1,<environment.Job instance at 0x7f8069a627d0>,80,28,[4 7],81,201,229,120,200
1,<environment.Job instance at 0x7f8069a453c0>,7,1,[ 2 11],8,229,230,221,201
1,<environment.Job instance at 0x7f8069a62b40>,82,3,[2 8],83,214,217,131,214
1,<environment.Job instance at 0x7fdbe38bfaf0>,1,3,[ 2 10],2,2,5,0,2
1,<environment.Job instance at 0x7fdbdc45d2d0>,3,22,[2 5],4,4,26,0,4
1,<environment.Job instance at 0x7fdbdc45d1e0>,5,2,[1 6],6,6,8,0,6
1,<environment.Job instance at 0x7fdbdc45da00>,11,3,[4 9],12,14,17,2,14
1,<environment.Job instance at 0x7fdbdc45dc80>,14,21,[8 1],15,17,38,2,17
1,<environment.Job instance at 0x7fdbdc45dfa0>,18,26,[7 4],19,36,62,17,36
1,<environment.Job instance at 0x7fdbdc45de60>,17,12,[5 1],18,39,51,21,39
1,<environment.Job instance at 0x7fdbdc45e280>,20,3,[10  5],21,62,65,41,40
1,<environment.Job instance at 0x7fdbe38bf6e0>,8,17,[1 8],9,42,59,33,42
1,<environment.Job instance at 0x7fdbdc45df50>,19,25,[5 9],20,59,84,39,55
1,<environment.Job instance at 0x7fdbdc45e320>,21,18,[9 4],22,65,83,43,58
1,<environment.Job instance at 0x7fdbdc45e820>,28,17,[ 1 13],29,84,101,55,72
1,<environment.Job instance at 0x7fdbdc45e960>,30,26,[9 4],31,101,127,70,98
1,<environment.Job instance at 0x7fdbdc45e3c0>,22,12,[3 8],23,101,113,78,98
1,<environment.Job instance at 0x7fdbdc45ea00>,31,1,[ 2 14],32,127,128,95,105
1,<environment.Job instance at 0x7fdbdc463280>,40,26,[ 1 10],41,128,154,87,125
1,<environment.Job instance at 0x7fdbdc463320>,41,1,[7 1],42,127,128,85,125
1,<environment.Job instance at 0x7fdbdc463460>,42,2,[4 7],43,125,127,82,125
1,<environment.Job instance at 0x7fdbdc4633c0>,44,3,[5 1],45,128,131,83,125
1,<environment.Job instance at 0x7fdbdc463550>,46,2,[3 5],47,137,139,90,137
1,<environment.Job instance at 0x7fdbdc463690>,48,12,[9 2],49,141,153,92,141
1,<environment.Job instance at 0x7fdbdc45eb40>,33,26,[3 6],34,154,180,120,152
1,<environment.Job instance at 0x7fdbdc45e780>,27,17,[4 6],28,154,171,126,152
1,<environment.Job instance at 0x7fdbdc4637d0>,50,2,[5 6],51,171,173,120,162
1,<environment.Job instance at 0x7fdbdc4663c0>,60,2,[2 6],61,179,181,118,179
1,<environment.Job instance at 0x7fdbdc466230>,61,1,[7 5],62,180,181,118,179
1,<environment.Job instance at 0x7fdbdc466410>,64,2,[2 8],65,181,183,116,179
1,<environment.Job instance at 0x7fdbdc466550>,65,1,[5 8],66,183,184,117,179
1,<environment.Job instance at 0x7fdbdc4665f0>,66,2,[7 2],67,181,183,114,179
1,<environment.Job instance at 0x7fdbdc466690>,67,16,[1 9],68,184,200,116,179
1,<environment.Job instance at 0x7fdbdc466870>,70,1,[5 4],71,195,196,124,195
1,<environment.Job instance at 0x7fdbdc466910>,71,2,[5 1],72,195,197,123,195
1,<environment.Job instance at 0x7fdbdc466d20>,73,2,[9 3],74,196,198,122,195
1,<environment.Job instance at 0x7fdbdc466dc0>,74,2,[1 7],75,200,202,125,195
1,<environment.Job instance at 0x7fdbdc466e60>,75,3,[10  4],76,198,201,122,195
1,<environment.Job instance at 0x7fdbdc466f00>,76,13,[10  1],77,201,214,124,195
1,<environment.Job instance at 0x7fdbdc466af0>,79,19,[10  3],80,214,233,134,210
1,<environment.Job instance at 0x7fdbdc466a50>,80,1,[5 5],81,211,212,130,211
1,<environment.Job instance at 0x7fdbdc467320>,82,21,[4 8],83,220,241,137,220
1,<environment.Job instance at 0x7fdbe38962d0>,0,23,[5 1],1,1,24,0,1
1,<environment.Job instance at 0x7fdbe38966e0>,4,1,[9 2],5,5,6,0,5
1,<environment.Job instance at 0x7fdbe3896e60>,5,2,[1 6],6,6,8,0,6
1,<environment.Job instance at 0x7fdbe3896050>,7,3,[ 3 13],8,8,11,0,8
1,<environment.Job instance at 0x7fdbe39e23c0>,9,28,[7 5],10,11,39,1,10
1,<environment.Job instance at 0x7fdbe39e2e10>,10,19,[ 5 12],11,39,58,28,29
1,<environment.Job instance at 0x7fdbe39e26e0>,18,1,[7 1],19,29,30,10,29
1,<environment.Job instance at 0x7fdbe39d5fa0>,26,1,[9 5],27,58,59,31,49
1,<environment.Job instance at 0x7fdbe39d59b0>,27,28,[ 2 10],28,58,86,30,57
1,<environment.Job instance at 0x7fdbe3897140>,29,1,[5 5],30,59,60,29,57
1,<environment.Job instance at 0x7fdbe3897960>,30,2,[7 5],31,60,62,29,57
1,<environment.Job instance at 0x7fdbe38977d0>,33,1,[2 7],34,86,87,52,58
1,<environment.Job instance at 0x7fdbe38978c0>,34,20,[13  4],35,62,82,27,58
1,<environment.Job instance at 0x7fdbe3897e10>,35,3,[9 2],36,82,85,46,58
1,<environment.Job instance at 0x7fdbe3897640>,37,2,[3 8],38,86,88,48,62
1,<environment.Job instance at 0x7fdbe3897d20>,40,12,[5 1],41,87,99,46,72
1,<environment.Job instance at 0x7fdbe38971e0>,41,22,[5 6],42,87,109,45,80
1,<environment.Job instance at 0x7fdbe39e4230>,47,21,[10  4],48,99,120,51,92
1,<environment.Job instance at 0x7fdbe39d4c30>,50,24,[1 5],51,109,133,58,104
1,<environment.Job instance at 0x7fdbe3899370>,52,20,[10  5],53,120,140,67,111
1,<environment.Job instance at 0x7fdbe3899e10>,55,2,[5 6],56,133,135,77,113
1,<environment.Job instance at 0x7fdbe3899730>,56,13,[ 5 14],57,140,153,83,124
1,<environment.Job instance at 0x7fdbe39e12d0>,62,3,[8 5],63,153,156,90,134
1,<environment.Job instance at 0x7fdbe39e1b40>,63,24,[3 7],64,153,177,89,148
1,<environment.Job instance at 0x7fdbe39e86e0>,64,19,[3 8],65,156,175,91,148
1,<environment.Job instance at 0x7fdbe39e81e0>,68,2,[5 7],69,175,177,106,149
1,<environment.Job instance at 0x7fdbe39e8780>,69,2,[10  2],70,177,179,107,150
1,<environment.Job instance at 0x7fdbe39e8410>,72,1,[8 3],73,179,180,106,160
1,<environment.Job instance at 0x7fdbe3897be0>,43,1,[12  5],44,180,181,136,163
1,<environment.Job instance at 0x7fdbe39e8a00>,74,19,[6 2],75,181,200,106,171
1,<environment.Job instance at 0x7fdbe39df7d0>,78,27,[ 3 12],79,181,208,102,179
1,<environment.Job instance at 0x7fdbe39df050>,79,1,[5 3],80,179,180,99,179
1,<environment.Job instance at 0x7fdbe39df0f0>,82,15,[ 2 14],83,208,223,125,194
1,<environment.Job instance at 0x7fdb987206e0>,5,17,[12  1],6,10,27,4,10
1,<environment.Job instance at 0x7fdbe39e8e60>,6,2,[10  2],7,27,29,20,17
1,<environment.Job instance at 0x7fdb98720370>,14,2,[3 8],15,19,21,4,19
1,<environment.Job instance at 0x7fdb98720230>,7,12,[4 8],8,27,39,19,19
1,<environment.Job instance at 0x7fdb98708b90>,17,2,[ 1 12],18,21,23,3,21
1,<environment.Job instance at 0x7fdb98720c30>,16,1,[5 1],17,29,30,12,22
1,<environment.Job instance at 0x7fdb98708550>,18,13,[2 7],19,30,43,11,29
1,<environment.Job instance at 0x7fdb98720a50>,13,22,[9 1],14,39,61,25,32
1,<environment.Job instance at 0x7fdb98708190>,20,13,[5 9],21,43,56,22,35
1,<environment.Job instance at 0x7fdb98708320>,19,2,[7 2],20,61,63,41,37
1,<environment.Job instance at 0x7fdb98708410>,26,1,[4 7],27,42,43,15,42
1,<environment.Job instance at 0x7fdb98720e60>,10,16,[14  3],11,63,79,52,50
1,<environment.Job instance at 0x7fdb98708be0>,29,2,[6 2],30,56,58,26,50
1,<environment.Job instance at 0x7fdb987088c0>,32,23,[1 8],33,60,83,27,60
1,<environment.Job instance at 0x7fdb987080a0>,33,1,[9 5],34,79,80,45,60
1,<environment.Job instance at 0x7fdb98708f00>,34,2,[7 1],35,61,63,26,60
1,<environment.Job instance at 0x7fdb98708e60>,35,1,[5 1],36,60,61,24,60
1,<environment.Job instance at 0x7fdb98708640>,36,1,[2 6],37,80,81,43,60
1,<environment.Job instance at 0x7fdb986b1e10>,39,3,[4 8],40,83,86,43,64
1,<environment.Job instance at 0x7fdb986b1b90>,40,2,[4 5],41,81,83,40,64
1,<environment.Job instance at 0x7fdb986b1370>,44,3,[5 4],45,83,86,38,77
1,<environment.Job instance at 0x7fdb986b1eb0>,45,18,[ 1 10],46,86,104,40,77
1,<environment.Job instance at 0x7fdb98778c80>,47,1,[4 6],48,104,105,56,82
1,<environment.Job instance at 0x7fdb98708820>,25,27,[6 1],26,95,122,69,95
1,<environment.Job instance at 0x7fdb987789b0>,54,3,[7 5],55,108,111,53,108
1,<environment.Job instance at 0x7fdb98778eb0>,55,2,[5 8],56,111,113,55,108
1,<environment.Job instance at 0x7fdb98778d20>,59,26,[2 8],60,123,149,63,123
1,<environment.Job instance at 0x7fdb987785a0>,61,20,[ 4 10],62,149,169,87,140
1,<environment.Job instance at 0x7fdb987d0be0>,65,2,[5 7],66,169,171,103,149
1,<environment.Job instance at 0x7fdb987d0c80>,66,2,[8 1],67,149,151,82,149
1,<environment.Job instance at 0x7fdb98764960>,67,27,[9 5],68,151,178,83,149
1,<environment.Job instance at 0x7fdb987644b0>,69,14,[12  2],70,178,192,108,167
1,<environment.Job instance at 0x7fdb98764b90>,77,1,[1 5],78,179,180,101,179
1,<environment.Job instance at 0x7fdb988185f0>,81,17,[ 5 14],82,198,215,116,198
1,<environment.Job instance at 0x7fdb98818190>,82,25,[ 3 11],83,215,240,132,211
1,<environment.Job instance at 0x7fdb98778960>,53,13,[8 3],54,215,228,161,214
1,<environment.Job instance at 0x7fdb98818eb0>,86,3,[4 5],87,240,243,153,215
1,<environment.Job instance at 0x7fdb98755140>,0,3,[10  4],1,1,4,0,1
1,<environment.Job instance at 0x7fdb98755d20>,2,20,[4 9],3,3,23,0,3
1,<environment.Job instance at 0x7fdbdc2b5aa0>,4,1,[10  5],5,5,6,0,5
1,<environment.Job instance at 0x7fdbdc2de4b0>,5,3,[10  5],6,6,9,0,6
1,<environment.Job instance at 0x7fdb9883dfa0>,8,3,[10  2],9,9,12,0,9
1,<environment.Job instance at 0x7fdb9883daa0>,11,1,[5 8],12,23,24,11,12
1,<environment.Job instance at 0x7fdb98aa6a50>,19,1,[ 4 11],20,24,25,4,20
1,<environment.Job instance at 0x7fdb98aa6e60>,21,2,[4 5],22,22,24,0,22
1,<environment.Job instance at 0x7fdb98aa6230>,22,1,[ 4 10],23,25,26,2,23
1,<environment.Job instance at 0x7fdb98aa6d70>,23,3,[7 5],24,25,28,1,24
1,<environment.Job instance at 0x7fdbdc2de0f0>,14,21,[4 9],15,35,56,20,35
1,<environment.Job instance at 0x7fdb98aa6c30>,26,25,[2 8],27,56,81,29,52
1,<environment.Job instance at 0x7fdb988658c0>,29,2,[8 2],30,52,54,22,52
1,<environment.Job instance at 0x7fdb988655a0>,30,26,[8 3],31,54,80,23,52
1,<environment.Job instance at 0x7fdb988651e0>,35,13,[9 1],36,80,93,44,66
1,<environment.Job instance at 0x7fdb98865870>,37,3,[10  5],38,93,96,55,68
1,<environment.Job instance at 0x7fdb98865320>,39,2,[5 3],40,68,70,28,68
1,<environment.Job instance at 0x7fdb98aa6870>,25,2,[6 3],26,81,83,55,81
1,<environment.Job instance at 0x7fdbdc403690>,43,2,[10  2],44,96,98,52,84
1,<environment.Job instance at 0x7fdb98b186e0>,44,2,[11  3],45,98,100,53,84
1,<environment.Job instance at 0x7fdb98b18370>,46,2,[2 7],47,84,86,37,84
1,<environment.Job instance at 0x7fdb98b18460>,47,13,[ 5 10],48,100,113,52,84
1,<environment.Job instance at 0x7fdb98832780>,48,1,[9 5],49,100,101,51,84
1,<environment.Job instance at 0x7fdb988320a0>,52,17,[8 2],53,101,118,48,99
1,<environment.Job instance at 0x7fdb988326e0>,53,3,[2 8],54,113,116,59,99
1,<environment.Job instance at 0x7fdbdc403320>,42,14,[2 8],43,119,133,76,119
1,<environment.Job instance at 0x7fdb98832960>,56,17,[7 4],57,121,138,64,121
1,<environment.Job instance at 0x7fdb9883dd20>,15,3,[5 2],16,122,125,106,122
1,<environment.Job instance at 0x7fdb98aa65a0>,18,12,[14  3],19,138,150,119,122
1,<environment.Job instance at 0x7fdb988322d0>,58,2,[3 5],59,133,135,74,122
1,<environment.Job instance at 0x7fdb98b0b910>,61,13,[1 7],62,135,148,73,123
1,<environment.Job instance at 0x7fdb98832be0>,55,17,[12  4],56,150,167,94,139
1,<environment.Job instance at 0x7fdb98b1a9b0>,69,2,[2 7],70,150,152,80,147
1,<environment.Job instance at 0x7fdb98b100f0>,67,2,[ 3 11],68,152,154,84,147
1,<environment.Job instance at 0x7fdb988dee10>,72,27,[8 3],73,167,194,94,165
1,<environment.Job instance at 0x7fdb988de910>,75,1,[1 6],76,171,172,95,171
1,<environment.Job instance at 0x7fdb988de500>,76,27,[2 6],77,171,198,94,171
1,<environment.Job instance at 0x7fdb988decd0>,80,14,[ 4 14],81,198,212,117,183
1,<environment.Job instance at 0x7fdb988debe0>,83,1,[8 3],84,194,195,110,189
1,<environment.Job instance at 0x7fdb986e9960>,86,2,[7 5],87,195,197,108,190
1,<environment.Job instance at 0x7fdb986e97d0>,87,1,[2 8],88,197,198,109,190
1,<environment.Job instance at 0x7fdb986e9370>,88,3,[2 9],89,212,215,123,190
1,<environment.Job instance at 0x7fdb986e9cd0>,90,12,[10  5],91,212,224,121,200
1,<environment.Job instance at 0x7fdb986e9c80>,93,1,[7 1],94,200,201,106,200
1,<environment.Job instance at 0x7fdb986e93c0>,96,21,[ 4 10],97,215,236,118,207
1,<environment.Job instance at 0x7fdbdc520050>,0,25,[6 4],1,1,26,0,1
1,<environment.Job instance at 0x7fdb98832280>,2,3,[14  5],3,26,29,23,3
1,<environment.Job instance at 0x7fdb98b10730>,4,24,[5 5],5,29,53,24,24
1,<environment.Job instance at 0x7fdb9883de10>,5,3,[8 5],6,29,32,23,24
1,<environment.Job instance at 0x7fdbdc580f00>,14,1,[ 3 10],15,24,25,9,24
1,<environment.Job instance at 0x7fdbdc911eb0>,16,12,[ 5 12],17,53,65,36,36
1,<environment.Job instance at 0x7fdbdc9115f0>,19,2,[ 5 14],20,65,67,45,41
1,<environment.Job instance at 0x7fdbdcb25b40>,21,2,[7 2],22,43,45,21,43
1,<environment.Job instance at 0x7fdbdcb25320>,22,2,[4 9],23,45,47,22,43
1,<environment.Job instance at 0x7fdb98b5c640>,24,3,[2 8],25,47,50,22,43
1,<environment.Job instance at 0x7fdb98b5c7d0>,26,12,[10  2],27,51,63,24,51
1,<environment.Job instance at 0x7fdb98b5c8c0>,29,1,[9 2],30,67,68,37,67
1,<environment.Job instance at 0x7fdb98b5c780>,31,16,[ 1 14],32,68,84,36,67
1,<environment.Job instance at 0x7fdb98b5c9b0>,32,14,[5 3],33,84,98,51,73
1,<environment.Job instance at 0x7fdb98b5caf0>,34,22,[7 3],35,84,106,49,77
1,<environment.Job instance at 0x7fdb98b5cb90>,35,20,[7 5],36,98,118,62,89
1,<environment.Job instance at 0x7fdbdc5ee410>,11,17,[7 5],12,106,123,94,94
1,<environment.Job instance at 0x7fdb98665460>,45,12,[4 5],46,118,130,72,101
1,<environment.Job instance at 0x7fdb98665500>,51,2,[14  5],52,130,132,78,105
1,<environment.Job instance at 0x7fdb98665b40>,53,14,[9 3],54,132,146,78,119
1,<environment.Job instance at 0x7fdb98665c80>,56,16,[1 9],57,126,142,69,126
1,<environment.Job instance at 0x7fdb98665dc0>,58,2,[9 3],59,146,148,87,127
1,<environment.Job instance at 0x7fdb98667050>,62,16,[10  4],63,148,164,85,141
1,<environment.Job instance at 0x7fdb98665f00>,59,3,[4 7],60,147,150,87,147
1,<environment.Job instance at 0x7fdb98667370>,65,2,[9 1],66,164,166,98,147
1,<environment.Job instance at 0x7fdb986672d0>,66,22,[1 8],67,155,177,88,155
1,<environment.Job instance at 0x7fdb98665e10>,57,16,[7 2],58,166,182,108,160
1,<environment.Job instance at 0x7fdb986671e0>,68,1,[9 2],69,182,183,113,162
1,<environment.Job instance at 0x7fdb98667960>,70,18,[ 2 10],71,177,195,106,166
1,<environment.Job instance at 0x7fdb98665b90>,55,17,[8 2],56,183,200,127,172
1,<environment.Job instance at 0x7fdb98667a00>,71,15,[8 1],72,200,215,128,188
1,<environment.Job instance at 0x7fdb98667dc0>,76,18,[ 5 10],77,195,213,118,188
1,<environment.Job instance at 0x7fdb98667550>,78,13,[9 1],79,215,228,136,200
1,<environment.Job instance at 0x7fdb98667be0>,79,3,[6 3],80,213,216,133,201
1,<environment.Job instance at 0x7fdb986677d0>,67,28,[5 9],68,216,244,148,216
1,<environment.Job instance at 0x7fdb9866c370>,2,3,[6 5],3,4,7,1,4
1,<environment.Job instance at 0x7fdb98b11460>,6,2,[2 6],7,7,9,0,7
1,<environment.Job instance at 0x7fdb98b11870>,8,1,[10  1],9,9,10,0,9
1,<environment.Job instance at 0x7fdb98b114b0>,10,26,[3 7],11,11,37,0,11
1,<environment.Job instance at 0x7fdbdc28d280>,11,18,[11  5],12,18,36,6,18
1,<environment.Job instance at 0x7fdbdc28d690>,16,1,[10  1],17,36,37,19,18
1,<environment.Job instance at 0x7fdbdc28d5f0>,21,3,[5 1],22,37,40,15,33
1,<environment.Job instance at 0x7fdbdc28d0a0>,22,24,[1 9],23,37,61,14,33
1,<environment.Job instance at 0x7fdbdc28dbe0>,27,2,[3 7],28,61,63,33,57
1,<environment.Job instance at 0x7fdb98afdb90>,31,27,[7 1],32,75,102,43,75
1,<environment.Job instance at 0x7fdbdc3c7f50>,3,17,[4 7],4,80,97,76,80
1,<environment.Job instance at 0x7fdb98afd050>,32,26,[ 3 10],33,97,123,64,94
1,<environment.Job instance at 0x7fdb98afde60>,35,21,[ 2 10],36,123,144,87,115
1,<environment.Job instance at 0x7fdb98afdb40>,37,1,[ 3 14],38,144,145,106,116
1,<environment.Job instance at 0x7fdb98afd370>,38,12,[ 2 11],39,145,157,106,128
1,<environment.Job instance at 0x7fdb98afda00>,33,2,[ 3 13],34,157,159,123,134
1,<environment.Job instance at 0x7fdb98afd9b0>,34,1,[3 5],35,142,143,107,142
1,<environment.Job instance at 0x7fdb98afdf50>,41,17,[11  3],42,159,176,117,147
1,<environment.Job instance at 0x7fdb98b76eb0>,44,2,[7 1],45,147,149,102,147
1,<environment.Job instance at 0x7fdb98b76500>,45,2,[4 7],46,159,161,113,147
1,<environment.Job instance at 0x7fdb98b762d0>,47,1,[7 3],48,149,150,101,147
1,<environment.Job instance at 0x7fdb98b76730>,48,3,[9 3],49,150,153,101,147
1,<environment.Job instance at 0x7fdb98b76d20>,50,17,[10  2],51,176,193,125,164
1,<environment.Job instance at 0x7fdb98b11b40>,12,12,[2 9],13,170,182,157,170
1,<environment.Job instance at 0x7fdb98afd690>,43,15,[ 4 13],44,182,197,138,173
1,<environment.Job instance at 0x7fdb98b76410>,53,24,[2 6],54,197,221,143,192
1,<environment.Job instance at 0x7fdb98b76550>,55,2,[ 2 11],56,221,223,165,194
1,<environment.Job instance at 0x7fdb98afd140>,42,16,[12  1],43,197,213,154,195
1,<environment.Job instance at 0x7fdbdc28de10>,19,1,[12  2],20,213,214,193,199
1,<environment.Job instance at 0x7fdbdc229820>,62,18,[6 2],63,214,232,151,203
1,<environment.Job instance at 0x7fdbdc229370>,64,18,[6 2],65,214,232,149,210
1,<environment.Job instance at 0x7fdbdc229320>,72,27,[5 7],73,232,259,159,230
1,<environment.Job instance at 0x7fdb98aa8410>,8,20,[3 9],9,9,29,0,9
1,<environment.Job instance at 0x7fdbdc70af50>,9,1,[5 5],10,10,11,0,10
1,<environment.Job instance at 0x7fdb98a2b690>,12,3,[3 7],13,29,32,16,19
1,<environment.Job instance at 0x7fdbdcf879b0>,13,14,[ 5 13],14,32,46,18,19
1,<environment.Job instance at 0x7fdbdcf87b40>,15,2,[8 3],16,24,26,8,24
1,<environment.Job instance at 0x7fdbdcf875f0>,17,21,[4 8],18,46,67,28,38
1,<environment.Job instance at 0x7fdbdcf878c0>,18,23,[3 9],19,67,90,48,61
1,<environment.Job instance at 0x7fdb98a2f0a0>,22,14,[2 6],23,69,83,46,69
1,<environment.Job instance at 0x7fdbdca3ec80>,29,15,[ 2 10],30,90,105,60,85
1,<environment.Job instance at 0x7fdb988f5140>,30,2,[ 1 11],31,105,107,74,85
1,<environment.Job instance at 0x7fdbdca3eeb0>,31,3,[8 3],32,85,88,53,85
1,<environment.Job instance at 0x7fdbdc4de3c0>,32,1,[ 3 10],33,107,108,74,85
1,<environment.Job instance at 0x7fdbdc2e31e0>,33,3,[3 8],34,108,111,74,85
1,<environment.Job instance at 0x7fdb988f5c30>,34,2,[3 6],35,88,90,53,85
1,<environment.Job instance at 0x7fdbdcb27820>,36,3,[ 4 10],37,111,114,74,86
1,<environment.Job instance at 0x7fdbdc4fbd70>,37,12,[ 3 14],38,114,126,76,97
1,<environment.Job instance at 0x7fdbdc22a3c0>,40,2,[2 7],41,108,110,67,102
1,<environment.Job instance at 0x7fdbdc5ad4b0>,42,1,[5 9],43,126,127,83,102
1,<environment.Job instance at 0x7fdbdc83f730>,44,1,[2 5],45,126,127,81,115
1,<environment.Job instance at 0x7fdbdcf4a5a0>,45,1,[7 2],46,127,128,81,115
1,<environment.Job instance at 0x7fdbdcf4a4b0>,46,1,[10  4],47,128,129,81,115
1,<environment.Job instance at 0x7fdbdcf4ab40>,47,2,[8 3],48,129,131,81,115
1,<environment.Job instance at 0x7fdb98a54cd0>,6,3,[14  2],7,131,134,124,118
1,<environment.Job instance at 0x7fdbdc229af0>,2,16,[5 4],3,134,150,131,121
1,<environment.Job instance at 0x7fdbdc5ed5f0>,4,2,[2 7],5,134,136,129,130
1,<environment.Job instance at 0x7fdbdc5a36e0>,55,21,[9 5],56,136,157,80,133
1,<environment.Job instance at 0x7fdbdcf4adc0>,48,16,[13  3],49,157,173,108,145
1,<environment.Job instance at 0x7fdbdc34deb0>,61,16,[1 6],62,149,165,87,149
1,<environment.Job instance at 0x7fdb98de8c80>,64,1,[12  4],65,173,174,108,157
1,<environment.Job instance at 0x7fdbdd046d20>,65,2,[14  1],66,174,176,108,158
1,<environment.Job instance at 0x7fdbdc530460>,69,12,[1 9],70,165,177,95,163
1,<environment.Job instance at 0x7fdbdc52bd70>,71,2,[4 5],72,176,178,104,163
1,<environment.Job instance at 0x7fdbdc56e0f0>,79,3,[3 7],80,195,198,115,195
1,<environment.Job instance at 0x7fdbdc56eeb0>,81,3,[5 4],82,201,204,119,201
1,<environment.Job instance at 0x7fdbdc3fe230>,84,1,[4 7],85,212,213,127,212
1,<environment.Job instance at 0x7fdb9876a370>,85,18,[3 9],86,213,231,127,212
1,<environment.Job instance at 0x7fdb98bcef50>,86,27,[10  4],87,212,239,125,212
1,<environment.Job instance at 0x7fdbdc3fe6e0>,87,1,[5 6],88,231,232,143,212
1,<environment.Job instance at 0x7fdbdc9e0eb0>,1,2,[ 2 10],2,2,4,0,2
1,<environment.Job instance at 0x7fdbe3892320>,3,3,[4 8],4,5,8,1,5
1,<environment.Job instance at 0x7fdbe3892d70>,6,1,[2 8],7,8,9,1,7
1,<environment.Job instance at 0x7fdbdcaeaeb0>,14,2,[2 7],15,15,17,0,15
1,<environment.Job instance at 0x7fdbdcaea460>,15,26,[4 8],16,16,42,0,16
1,<environment.Job instance at 0x7fdbdcaea0f0>,16,20,[4 8],17,42,62,25,33
1,<environment.Job instance at 0x7fdbdd0e5230>,4,12,[3 7],5,33,45,28,33
1,<environment.Job instance at 0x7fdbdc33d820>,27,22,[5 8],28,62,84,34,55
1,<environment.Job instance at 0x7fdbdcd5d190>,12,14,[8 5],13,55,69,42,55
1,<environment.Job instance at 0x7fdbdc33db40>,32,2,[10  4],33,69,71,36,66
1,<environment.Job instance at 0x7fdbdc33df50>,33,27,[8 5],34,71,98,37,69
1,<environment.Job instance at 0x7fdbdc31a230>,35,14,[7 3],36,84,98,48,79
1,<environment.Job instance at 0x7fdbdc31a410>,38,2,[6 4],39,98,100,59,79
1,<environment.Job instance at 0x7fdbdc31a4b0>,39,1,[12  4],40,100,101,60,86
1,<environment.Job instance at 0x7fdbdc33df00>,34,12,[ 5 13],35,101,113,66,91
1,<environment.Job instance at 0x7fdbdc31a910>,45,14,[10  1],46,101,115,55,94
1,<environment.Job instance at 0x7fdbdc31a0f0>,43,24,[3 5],44,113,137,69,108
1,<environment.Job instance at 0x7fdbdc31ab90>,49,1,[6 2],50,115,116,65,108
1,<environment.Job instance at 0x7fdbdc31ad70>,52,3,[9 4],53,123,126,70,123
1,<environment.Job instance at 0x7fdbdc31aeb0>,54,27,[1 8],55,126,153,71,124
1,<environment.Job instance at 0x7fdbdc31afa0>,55,3,[6 4],56,137,140,81,124
1,<environment.Job instance at 0x7fdbdc31a690>,56,15,[5 1],57,129,144,72,129
1,<environment.Job instance at 0x7fdbdc321140>,57,3,[3 8],58,153,156,95,129
1,<environment.Job instance at 0x7fdbdc3210a0>,59,1,[4 5],60,140,141,80,129
1,<environment.Job instance at 0x7fdbdc33d460>,21,21,[5 5],22,141,162,119,140
1,<environment.Job instance at 0x7fdbdc321460>,64,23,[4 5],65,156,179,91,150
1,<environment.Job instance at 0x7fdbdc321870>,66,13,[6 5],67,156,169,89,151
1,<environment.Job instance at 0x7fdbdc321a00>,70,1,[1 7],71,169,170,98,168
1,<environment.Job instance at 0x7fdbdc321910>,71,1,[9 4],72,170,171,98,168
1,<environment.Job instance at 0x7fdbdc321a50>,72,2,[3 6],73,171,173,98,168
1,<environment.Job instance at 0x7fdbdc321be0>,73,14,[ 4 11],74,180,194,106,180
1,<environment.Job instance at 0x7fdbdc33d960>,29,3,[11  3],30,180,183,150,180
1,<environment.Job instance at 0x7fdbdc321640>,68,12,[5 5],69,194,206,125,181
1,<environment.Job instance at 0x7fdbdc321fa0>,79,20,[6 3],80,185,205,105,185
1,<environment.Job instance at 0x7fdbdc3170a0>,81,2,[8 5],82,205,207,123,188
1,<environment.Job instance at 0x7fdbdc3172d0>,82,2,[5 1],83,190,192,107,190
1,<environment.Job instance at 0x7fdbdc321730>,67,13,[12  5],68,207,220,139,194
1,<environment.Job instance at 0x7fdbdc317460>,84,16,[2 7],85,206,222,121,205
1,<environment.Job instance at 0x7fdbdc3173c0>,83,20,[5 3],84,220,240,136,212
1,<environment.Job instance at 0x7fdbdc317500>,85,17,[6 3],86,220,237,134,212
1,<environment.Job instance at 0x7fdbdc341870>,0,1,[10  4],1,1,2,0,1
1,<environment.Job instance at 0x7fdbdcd5d640>,7,1,[ 4 12],8,8,9,0,8
1,<environment.Job instance at 0x7fdbdcd5d4b0>,8,2,[5 5],9,9,11,0,9
1,<environment.Job instance at 0x7fdbdcd5d500>,9,22,[7 3],10,10,32,0,10
1,<environment.Job instance at 0x7fdbdc9ab280>,13,2,[14  5],14,32,34,18,15
1,<environment.Job instance at 0x7fdbdc317780>,5,13,[4 7],6,16,29,10,16
1,<environment.Job instance at 0x7fdbdc578af0>,16,12,[12  4],17,34,46,17,17
1,<environment.Job instance at 0x7fdbdc578190>,15,2,[1 5],16,17,19,1,17
1,<environment.Job instance at 0x7fdbdc578550>,17,13,[5 3],18,46,59,28,32
1,<environment.Job instance at 0x7fdbdc578f00>,20,16,[ 2 10],21,34,50,13,32
1,<environment.Job instance at 0x7fdbdc578d20>,18,12,[10  2],19,50,62,31,33
1,<environment.Job instance at 0x7fdbdcbe00f0>,14,2,[13  4],15,62,64,47,36
1,<environment.Job instance at 0x7fdbdcd5d960>,10,15,[13  3],11,64,79,53,50
1,<environment.Job instance at 0x7fdb989e2820>,33,20,[8 4],34,79,99,45,75
1,<environment.Job instance at 0x7fdbdcc4da50>,34,2,[7 1],35,79,81,44,75
1,<environment.Job instance at 0x7fdb989a7f00>,35,3,[2 6],36,76,79,40,76
1,<environment.Job instance at 0x7fdb98c37140>,36,1,[1 6],37,81,82,44,76
1,<environment.Job instance at 0x7fdbdc3fcc80>,37,27,[8 5],38,99,126,61,97
1,<environment.Job instance at 0x7fdbdd0e5eb0>,44,1,[5 2],45,102,103,57,102
1,<environment.Job instance at 0x7fdb985b6140>,23,15,[4 8],24,110,125,86,110
1,<environment.Job instance at 0x7fdb98cf6e10>,47,3,[10  5],48,126,129,78,111
1,<environment.Job instance at 0x7fdbdcb93a50>,40,13,[3 8],41,125,138,84,112
1,<environment.Job instance at 0x7fdb98d0d190>,49,2,[ 2 12],50,138,140,88,119
1,<environment.Job instance at 0x7fdbdcd77eb0>,52,24,[4 6],53,140,164,87,135
1,<environment.Job instance at 0x7fdb98d0d960>,50,13,[1 9],51,140,153,89,135
1,<environment.Job instance at 0x7fdbdcb97f00>,55,14,[10  1],56,153,167,97,139
1,<environment.Job instance at 0x7fdbdcd77050>,53,15,[ 2 13],54,164,179,110,151
1,<environment.Job instance at 0x7fdbdce4dd70>,58,1,[1 9],59,179,180,120,151
1,<environment.Job instance at 0x7fdb986afb90>,59,1,[3 6],60,179,180,119,153
1,<environment.Job instance at 0x7fdbdcb97dc0>,57,18,[14  1],58,180,198,122,169
1,<environment.Job instance at 0x7fdb9883cfa0>,63,13,[ 3 11],64,198,211,134,182
1,<environment.Job instance at 0x7fdbdce0d780>,68,3,[7 2],69,198,201,129,187
1,<environment.Job instance at 0x7fdbe3464aa0>,66,15,[11  2],67,201,216,134,197
1,<environment.Job instance at 0x7fdb98cccf50>,70,12,[ 3 12],71,211,223,140,199
1,<environment.Job instance at 0x7fdbe386d190>,75,1,[10  5],76,223,224,147,208
1,<environment.Job instance at 0x7fdbdd185a50>,76,13,[8 4],77,224,237,147,212
1,<environment.Job instance at 0x7fdbdc889500>,0,27,[ 3 13],1,1,28,0,1
1,<environment.Job instance at 0x7fdbdc27f0a0>,3,27,[1 7],4,28,55,24,26
1,<environment.Job instance at 0x7fdbdc519b40>,10,1,[12  1],11,26,27,15,26
1,<environment.Job instance at 0x7fdbdc519be0>,11,25,[9 1],12,27,52,15,26
1,<environment.Job instance at 0x7fdb98cccd20>,19,13,[8 4],20,57,70,37,57
1,<environment.Job instance at 0x7fdbdd185640>,4,18,[6 3],5,57,75,52,57
1,<environment.Job instance at 0x7fdb986f5e10>,22,1,[4 8],23,70,71,47,58
1,<environment.Job instance at 0x7fdbdc27faf0>,5,18,[ 3 12],6,71,89,65,66
1,<environment.Job instance at 0x7fdb989410f0>,27,3,[5 6],28,89,92,61,78
1,<environment.Job instance at 0x7fdbdc9b6730>,29,13,[7 1],30,78,91,48,78
1,<environment.Job instance at 0x7fdbdc6b32d0>,30,3,[10  2],31,91,94,60,78
1,<environment.Job instance at 0x7fdbdc3d45f0>,31,1,[2 8],32,89,90,57,78
1,<environment.Job instance at 0x7fdbdc8baf00>,33,16,[7 2],34,94,110,60,83
1,<environment.Job instance at 0x7fdb98cf6fa0>,36,2,[2 6],37,92,94,55,86
1,<environment.Job instance at 0x7fdbdc3fd550>,28,17,[5 3],29,94,111,65,86
1,<environment.Job instance at 0x7fdb98a2d5f0>,38,15,[3 9],39,94,109,55,87
1,<environment.Job instance at 0x7fdb986a99b0>,41,1,[ 5 14],42,111,112,69,104
1,<environment.Job instance at 0x7fdb986a9c80>,42,1,[7 1],43,110,111,67,104
1,<environment.Job instance at 0x7fdb986a9190>,43,19,[7 1],44,111,130,67,104
1,<environment.Job instance at 0x7fdb986f5af0>,21,28,[7 5],22,112,140,90,112
1,<environment.Job instance at 0x7fdbdc4570a0>,48,18,[ 2 10],49,130,148,81,125
1,<environment.Job instance at 0x7fdbdc457280>,50,17,[ 5 13],51,148,165,97,136
1,<environment.Job instance at 0x7fdbdd113a50>,23,28,[8 2],24,140,168,116,139
1,<environment.Job instance at 0x7fdbdc457aa0>,53,27,[5 1],54,165,192,111,163
1,<environment.Job instance at 0x7fdb98a94500>,56,2,[ 5 12],57,168,170,111,163
1,<environment.Job instance at 0x7fdb98a94190>,57,3,[3 6],58,170,173,112,163
1,<environment.Job instance at 0x7fdbdcb937d0>,58,2,[7 4],59,170,172,111,163
1,<environment.Job instance at 0x7fdb98b4f5a0>,59,1,[1 6],60,165,166,105,163
1,<environment.Job instance at 0x7fdbdcb93eb0>,62,1,[6 5],63,172,173,109,163
1,<environment.Job instance at 0x7fdbdc3c3c80>,65,17,[14  4],66,192,209,126,181
1,<environment.Job instance at 0x7fdbdc85df50>,68,16,[1 7],69,198,214,129,198
1,<environment.Job instance at 0x7fdbdc85da50>,69,3,[4 7],70,209,212,139,198
1,<environment.Job instance at 0x7fdbdc33b140>,70,18,[2 9],71,214,232,143,203
1,<environment.Job instance at 0x7fdbdc33b870>,71,12,[13  5],72,212,224,140,203
1,<environment.Job instance at 0x7fdbdc33b640>,72,3,[8 4],73,224,227,151,203
1,<environment.Job instance at 0x7fdbdc7c5a00>,74,3,[3 5],75,227,230,152,207
1,<environment.Job instance at 0x7fdbdc33b820>,75,2,[8 3],76,230,232,154,207
1,<environment.Job instance at 0x7fdb98922f00>,6,3,[8 5],7,7,10,0,7
1,<environment.Job instance at 0x7fdb98941870>,5,1,[3 6],6,7,8,1,7
1,<environment.Job instance at 0x7fdbdd113820>,4,1,[7 5],5,9,10,4,9
1,<environment.Job instance at 0x7fdbdc27ffa0>,3,2,[6 4],4,10,12,6,9
1,<environment.Job instance at 0x7fdbdc978eb0>,9,18,[8 2],10,15,33,5,15
1,<environment.Job instance at 0x7fdbdc57daf0>,16,3,[4 7],17,19,22,2,19
1,<environment.Job instance at 0x7fdbdc57dc30>,17,12,[9 1],18,33,45,15,20
1,<environment.Job instance at 0x7fdbdc57d190>,18,1,[1 9],19,22,23,3,20
1,<environment.Job instance at 0x7fdb98a11d20>,19,2,[4 9],20,23,25,3,20
1,<environment.Job instance at 0x7fdbdc57d320>,13,14,[5 7],14,25,39,11,24
1,<environment.Job instance at 0x7fdb98a0c5a0>,26,2,[7 3],27,45,47,18,34
1,<environment.Job instance at 0x7fdb98a0c640>,27,1,[1 7],28,34,35,6,34
1,<environment.Job instance at 0x7fdb98a0c410>,28,3,[1 5],29,35,38,6,34
1,<environment.Job instance at 0x7fdb98a0c7d0>,29,25,[ 3 10],30,39,64,9,35
1,<environment.Job instance at 0x7fdb98a0c3c0>,24,21,[8 1],25,47,68,22,41
1,<environment.Job instance at 0x7fdb98a0c820>,30,18,[ 2 11],31,64,82,33,53
1,<environment.Job instance at 0x7fdb98a0cd70>,38,3,[6 1],39,69,72,30,69
1,<environment.Job instance at 0x7fdb98a0cb90>,39,3,[1 9],40,82,85,42,69
1,<environment.Job instance at 0x7fdb98a0cf50>,41,3,[9 5],42,82,85,40,72
1,<environment.Job instance at 0x7fdb98a060f0>,42,3,[8 1],43,72,75,29,72
1,<environment.Job instance at 0x7fdb98a06190>,44,1,[1 8],45,85,86,40,83
1,<environment.Job instance at 0x7fdbdc57d690>,11,2,[3 8],12,86,88,74,83
1,<environment.Job instance at 0x7fdb98a06410>,46,3,[1 7],47,85,88,38,83
1,<environment.Job instance at 0x7fdb98c02d20>,10,18,[2 8],11,88,106,77,85
1,<environment.Job instance at 0x7fdb98a0ca50>,37,23,[9 2],38,88,111,50,86
1,<environment.Job instance at 0x7fdb98a062d0>,54,12,[9 4],55,111,123,56,103
1,<environment.Job instance at 0x7fdb98a06a50>,55,3,[7 5],56,123,126,67,104
1,<environment.Job instance at 0x7fdb98a06b40>,56,17,[ 1 14],57,126,143,69,114
1,<environment.Job instance at 0x7fdb98a06e10>,58,1,[3 8],59,117,118,58,117
1,<environment.Job instance at 0x7fdb98a06730>,47,1,[6 5],48,118,119,70,118
1,<environment.Job instance at 0x7fdb98a06dc0>,59,18,[14  4],60,143,161,83,132
1,<environment.Job instance at 0x7fdb98a14140>,63,24,[4 7],64,161,185,97,156
1,<environment.Job instance at 0x7fdb98a14280>,65,3,[6 4],66,161,164,95,156
1,<environment.Job instance at 0x7fdb98a14320>,66,2,[10  1],67,164,166,97,156
1,<environment.Job instance at 0x7fdb98a143c0>,67,1,[7 3],68,166,167,98,156
1,<environment.Job instance at 0x7fdb98a14460>,68,23,[ 4 10],69,185,208,116,179
1,<environment.Job instance at 0x7fdb98a145a0>,69,2,[4 6],70,179,181,109,179
1,<environment.Job instance at 0x7fdb98a14690>,74,1,[4 9],75,208,209,133,180
1,<environment.Job instance at 0x7fdb98a0cc80>,34,17,[5 4],35,181,198,146,180
1,<environment.Job instance at 0x7fdb98a149b0>,75,13,[ 3 12],76,209,222,133,193
1,<environment.Job instance at 0x7fdb98a14960>,78,1,[1 6],79,208,209,129,193
1,<environment.Job instance at 0x7fdb98a148c0>,83,24,[3 5],84,222,246,138,217
1,<environment.Job instance at 0x7fdb98a14d70>,84,2,[1 6],85,222,224,137,217
1,<environment.Job instance at 0x7fdb98a22320>,85,16,[5 5],86,224,240,138,217
1,<environment.Job instance at 0x7fdb98a06280>,1,1,[10  4],2,2,3,0,2
1,<environment.Job instance at 0x7fdbe39df8c0>,7,3,[1 6],8,8,11,0,8
1,<environment.Job instance at 0x7fdbdcc04050>,10,2,[3 9],11,12,14,1,12
1,<environment.Job instance at 0x7fdbdcc04e60>,11,2,[9 4],12,12,14,0,12
1,<environment.Job instance at 0x7fdbdcc04a50>,13,1,[ 3 13],14,14,15,0,14
1,<environment.Job instance at 0x7fdbdcc044b0>,14,1,[6 2],15,15,16,0,15
1,<environment.Job instance at 0x7fdbdc55cdc0>,15,22,[1 9],16,16,38,0,16
1,<environment.Job instance at 0x7fdbe3aba190>,16,14,[6 1],17,17,31,0,17
1,<environment.Job instance at 0x7fdbdcc04230>,17,3,[ 5 10],18,38,41,20,18
1,<environment.Job instance at 0x7fdbdc55ceb0>,18,2,[3 9],19,41,43,22,19
1,<environment.Job instance at 0x7fdbdc8d72d0>,19,18,[ 3 12],20,43,61,23,32
1,<environment.Job instance at 0x7fdb98a06780>,3,18,[8 1],4,32,50,28,32
1,<environment.Job instance at 0x7fdb98c68d70>,25,1,[ 5 13],26,61,62,35,39
1,<environment.Job instance at 0x7fdb98c68780>,30,19,[5 4],31,62,81,31,59
1,<environment.Job instance at 0x7fdb98c68500>,31,17,[ 2 10],32,62,79,30,60
1,<environment.Job instance at 0x7fdb98c68190>,32,3,[5 9],33,79,82,46,60
1,<environment.Job instance at 0x7fdbdc34c460>,34,24,[5 9],35,82,106,47,77
1,<environment.Job instance at 0x7fdbdc8d7460>,23,17,[10  3],24,81,98,57,78
1,<environment.Job instance at 0x7fdbdc8d7870>,22,3,[9 5],23,98,101,75,81
1,<environment.Job instance at 0x7fdbdc34cb40>,41,3,[9 4],42,101,104,59,92
1,<environment.Job instance at 0x7fdbdc34c410>,43,26,[7 5],44,104,130,60,101
1,<environment.Job instance at 0x7fdb98aaad20>,45,2,[13  2],46,130,132,84,108
1,<environment.Job instance at 0x7fdb98aaa140>,46,20,[3 6],47,108,128,61,108
1,<environment.Job instance at 0x7fdbdc34c550>,38,3,[1 9],39,128,131,89,108
1,<environment.Job instance at 0x7fdb98aaaa00>,50,1,[9 3],51,132,133,81,129
1,<environment.Job instance at 0x7fdb98aaa320>,51,1,[4 6],52,132,133,80,129
1,<environment.Job instance at 0x7fdb98aaa3c0>,53,3,[11  3],54,139,142,85,139
1,<environment.Job instance at 0x7fdb98aaae60>,54,1,[4 7],55,139,140,84,139
1,<environment.Job instance at 0x7fdb98aaa9b0>,56,1,[1 9],57,141,142,84,141
1,<environment.Job instance at 0x7fdbdcf4a820>,57,2,[8 2],58,142,144,84,141
1,<environment.Job instance at 0x7fdbdcf4a460>,58,3,[9 2],59,144,147,85,142
1,<environment.Job instance at 0x7fdbdc889b90>,60,2,[7 3],61,154,156,93,154
1,<environment.Job instance at 0x7fdbdc889730>,61,12,[10  4],62,156,168,94,155
1,<environment.Job instance at 0x7fdbdc889e60>,62,1,[7 3],63,155,156,92,155
1,<environment.Job instance at 0x7fdbdc889140>,63,3,[9 3],64,168,171,104,155
1,<environment.Job instance at 0x7fdbdc8892d0>,64,3,[3 9],65,156,159,91,155
1,<environment.Job instance at 0x7fdbdc889be0>,65,2,[4 9],66,159,161,93,155
1,<environment.Job instance at 0x7fdbdc889d70>,66,2,[2 8],67,161,163,94,156
1,<environment.Job instance at 0x7fdbdc889c30>,68,16,[ 5 13],69,171,187,102,158
1,<environment.Job instance at 0x7fdbdc80dc80>,71,15,[14  4],72,187,202,115,173
1,<environment.Job instance at 0x7fdb9894c140>,76,23,[10  4],77,202,225,125,196
1,<environment.Job instance at 0x7fdb9894c0f0>,80,3,[10  4],81,225,228,144,207
1,<environment.Job instance at 0x7fdb989ffcd0>,4,1,[ 3 10],5,5,6,0,5
1,<environment.Job instance at 0x7fdbdc3c3af0>,5,12,[5 9],6,7,19,1,7
1,<environment.Job instance at 0x7fdb989ffaa0>,3,2,[4 8],4,19,21,15,7
1,<environment.Job instance at 0x7fdbdc8dca50>,7,1,[8 2],8,8,9,0,8
1,<environment.Job instance at 0x7fdbdc6cab90>,8,2,[8 3],9,9,11,0,9
1,<environment.Job instance at 0x7fdbdc6cadc0>,9,1,[ 3 10],10,21,22,11,10
1,<environment.Job instance at 0x7fdbdc6ca460>,10,2,[8 2],11,11,13,0,11
1,<environment.Job instance at 0x7fdbdc6caa00>,12,1,[4 6],13,13,14,0,13
1,<environment.Job instance at 0x7fdbdc6caa50>,14,1,[5 8],15,22,23,7,15
1,<environment.Job instance at 0x7fdbdc9018c0>,15,3,[7 3],16,16,19,0,16
1,<environment.Job instance at 0x7fdbdc9013c0>,21,15,[9 5],22,24,39,2,24
1,<environment.Job instance at 0x7fdb98ada140>,17,3,[ 1 10],18,26,29,8,26
1,<environment.Job instance at 0x7fdbdc901a50>,23,2,[12  1],24,39,41,15,29
1,<environment.Job instance at 0x7fdbdc9014b0>,25,15,[10  1],26,41,56,15,29
1,<environment.Job instance at 0x7fdbdc901320>,24,1,[ 5 14],25,41,42,16,29
1,<environment.Job instance at 0x7fdbdc41e9b0>,28,28,[8 3],29,56,84,27,55
1,<environment.Job instance at 0x7fdbdc41e4b0>,29,20,[1 9],30,55,75,25,55
1,<environment.Job instance at 0x7fdbdc83f960>,37,2,[13  1],38,84,86,46,73
1,<environment.Job instance at 0x7fdbdc83f500>,38,15,[10  2],39,86,101,47,73
1,<environment.Job instance at 0x7fdbdc83f6e0>,39,18,[3 8],40,86,104,46,77
1,<environment.Job instance at 0x7fdbdc83fe10>,40,2,[4 9],41,77,79,36,77
1,<environment.Job instance at 0x7fdbdc83f8c0>,44,1,[11  3],45,101,102,56,90
1,<environment.Job instance at 0x7fdbdc83ff00>,45,12,[1 9],46,104,116,58,90
1,<environment.Job instance at 0x7fdbdc3c7370>,47,12,[ 3 10],48,116,128,68,100
1,<environment.Job instance at 0x7fdbdc4d7e60>,50,2,[2 9],51,128,130,77,106
1,<environment.Job instance at 0x7fdbdc4d7be0>,51,13,[ 1 13],52,130,143,78,114
1,<environment.Job instance at 0x7fdbdc4d7dc0>,52,27,[9 1],53,114,141,61,114
1,<environment.Job instance at 0x7fdbdc4d7640>,56,21,[12  2],57,141,162,84,133
1,<environment.Job instance at 0x7fdb98d200f0>,58,14,[ 1 14],59,162,176,103,147
1,<environment.Job instance at 0x7fdb98d20b40>,59,20,[2 8],60,176,196,116,167
1,<environment.Job instance at 0x7fdb98d205f0>,60,15,[12  3],61,176,191,115,170
1,<environment.Job instance at 0x7fdb98d20960>,61,19,[5 5],62,191,210,129,181
1,<environment.Job instance at 0x7fdb98cd3230>,62,3,[5 8],63,196,199,133,181
1,<environment.Job instance at 0x7fdb98cd3370>,66,2,[12  3],67,210,212,143,183
1,<environment.Job instance at 0x7fdb98cd3190>,67,3,[5 7],68,199,202,131,183
1,<environment.Job instance at 0x7fdb98cd3690>,68,1,[ 4 10],69,202,203,133,183
1,<environment.Job instance at 0x7fdb98cd3aa0>,71,23,[5 9],72,212,235,140,206
1,<environment.Job instance at 0x7fdb98cd35f0>,75,15,[ 4 12],76,235,250,159,221
1,<environment.Job instance at 0x7fdbdc580190>,78,1,[8 4],79,221,222,142,221
1,<environment.Job instance at 0x7fdbdc5803c0>,79,3,[ 4 11],80,250,253,170,224
1,<environment.Job instance at 0x7fdbdc5803c0>,2,3,[7 2],3,4,7,1,4
1,<environment.Job instance at 0x7fdbdc34c0f0>,4,25,[8 2],5,5,30,0,5
1,<environment.Job instance at 0x7fdbdc214640>,10,12,[ 4 12],11,11,23,0,11
1,<environment.Job instance at 0x7fdbdcb40780>,14,2,[5 6],15,23,25,8,15
1,<environment.Job instance at 0x7fdbdcb400a0>,16,2,[3 9],17,25,27,8,17
1,<environment.Job instance at 0x7fdb98ada780>,7,13,[3 5],8,27,40,19,21
1,<environment.Job instance at 0x7fdbdc55ba50>,19,16,[5 1],20,30,46,10,22
1,<environment.Job instance at 0x7fdb98d18f50>,21,12,[4 8],22,27,39,5,23
1,<environment.Job instance at 0x7fdb98d15b90>,23,2,[2 5],24,39,41,15,24
1,<environment.Job instance at 0x7fdb98d15eb0>,24,2,[2 8],25,40,42,15,26
1,<environment.Job instance at 0x7fdbdc579230>,26,1,[1 5],27,41,42,14,27
1,<environment.Job instance at 0x7fdbdc579640>,27,2,[10  1],28,42,44,14,28
1,<environment.Job instance at 0x7fdbdc582140>,29,27,[5 8],30,44,71,14,44
1,<environment.Job instance at 0x7fdbdc55f550>,34,2,[7 4],35,57,59,22,57
1,<environment.Job instance at 0x7fdbdc55fdc0>,35,12,[3 5],36,59,71,23,58
1,<environment.Job instance at 0x7fdbdc55f500>,36,22,[3 8],37,71,93,34,64
1,<environment.Job instance at 0x7fdb98890410>,38,2,[5 5],39,71,73,32,71
1,<environment.Job instance at 0x7fdb985e88c0>,39,2,[10  1],40,73,75,33,71
1,<environment.Job instance at 0x7fdbdc554140>,40,1,[10  3],41,75,76,34,71
1,<environment.Job instance at 0x7fdbdc5693c0>,41,3,[5 8],42,93,96,51,71
1,<environment.Job instance at 0x7fdb98ce0500>,42,1,[3 9],43,96,97,53,71
1,<environment.Job instance at 0x7fdbdc569690>,43,1,[5 2],44,71,72,27,71
1,<environment.Job instance at 0x7fdb9892caf0>,44,3,[5 4],45,76,79,31,72
1,<environment.Job instance at 0x7fdbdc579e60>,31,12,[10  5],32,79,91,47,73
1,<environment.Job instance at 0x7fdb988a37d0>,45,15,[13  3],46,97,112,51,84
1,<environment.Job instance at 0x7fdb9894aa00>,47,3,[6 4],48,91,94,43,84
1,<environment.Job instance at 0x7fdbdc503af0>,51,12,[ 4 10],52,112,124,60,95
1,<environment.Job instance at 0x7fdbdc503280>,52,1,[14  1],53,124,125,71,96
1,<environment.Job instance at 0x7fdb98cd4870>,55,2,[1 6],56,110,112,54,110
1,<environment.Job instance at 0x7fdb9880ff00>,57,1,[9 4],58,112,113,54,110
1,<environment.Job instance at 0x7fdb98780eb0>,58,24,[8 2],59,125,149,66,120
1,<environment.Job instance at 0x7fdb987f3910>,59,27,[ 3 13],60,125,152,65,123
1,<environment.Job instance at 0x7fdb9880aa00>,60,18,[ 2 12],61,152,170,91,141
1,<environment.Job instance at 0x7fdb989401e0>,65,3,[5 4],66,170,173,104,156
1,<environment.Job instance at 0x7fdb989405f0>,66,24,[13  3],67,173,197,106,168
1,<environment.Job instance at 0x7fdbdc579b90>,32,15,[ 5 10],33,197,212,164,184
1,<environment.Job instance at 0x7fdb9862b050>,74,15,[9 5],75,197,212,122,187
1,<environment.Job instance at 0x7fdb9895c140>,82,2,[7 2],83,212,214,129,203
1,<environment.Job instance at 0x7fdb9895cd20>,83,26,[7 3],84,212,238,128,209
1,<environment.Job instance at 0x7fdb9895caf0>,76,18,[8 5],77,214,232,137,209
1,<environment.Job instance at 0x7fdb98c54820>,0,20,[7 1],1,1,21,0,1
1,<environment.Job instance at 0x7fdb986ea4b0>,6,2,[1 6],7,7,9,0,7
1,<environment.Job instance at 0x7fdbe39e16e0>,4,21,[6 1],5,7,28,2,7
1,<environment.Job instance at 0x7fdb986eacd0>,5,17,[ 1 11],6,9,26,3,7
1,<environment.Job instance at 0x7fdbdc5eb370>,9,1,[2 6],10,26,27,16,13
1,<environment.Job instance at 0x7fdbdc5eb820>,7,13,[12  4],8,28,41,20,13
1,<environment.Job instance at 0x7fdbdc5eb050>,8,2,[7 4],9,26,28,17,26
1,<environment.Job instance at 0x7fdb9860c320>,18,1,[7 4],19,41,42,22,34
1,<environment.Job instance at 0x7fdbdc46a820>,19,2,[3 9],20,34,36,14,34
1,<environment.Job instance at 0x7fdbdc46ab40>,20,24,[ 4 14],21,42,66,21,37
1,<environment.Job instance at 0x7fdb9854faf0>,12,16,[6 1],13,45,61,32,45
1,<environment.Job instance at 0x7fdbdc42b820>,28,1,[5 9],29,66,67,37,64
1,<environment.Job instance at 0x7fdb98c57870>,32,2,[7 4],33,74,76,41,74
1,<environment.Job instance at 0x7fdbdc8615a0>,35,25,[6 2],36,92,117,56,92
1,<environment.Job instance at 0x7fdbdc9b6e10>,36,2,[ 1 13],37,92,94,55,92
1,<environment.Job instance at 0x7fdb98b58a50>,24,14,[ 1 11],25,96,110,71,96
1,<environment.Job instance at 0x7fdbdc79b7d0>,16,3,[5 5],17,110,113,93,96
1,<environment.Job instance at 0x7fdb9862d6e0>,43,2,[2 6],44,110,112,66,99
1,<environment.Job instance at 0x7fdb9862d4b0>,44,1,[8 1],45,99,100,54,99
1,<environment.Job instance at 0x7fdb9862de60>,45,18,[4 5],46,112,130,66,102
1,<environment.Job instance at 0x7fdb9862d1e0>,46,26,[10  2],47,117,143,70,114
1,<environment.Job instance at 0x7fdb9862d500>,49,3,[3 8],50,130,133,80,130
1,<environment.Job instance at 0x7fdb98b8e640>,52,21,[9 5],53,143,164,90,135
1,<environment.Job instance at 0x7fdb98b8ecd0>,55,1,[ 2 14],56,164,165,108,146
1,<environment.Job instance at 0x7fdb98b8ed70>,57,2,[14  3],58,165,167,107,149
1,<environment.Job instance at 0x7fdb98b8e3c0>,58,2,[10  3],59,167,169,108,149
1,<environment.Job instance at 0x7fdb98b8ebe0>,54,1,[12  5],55,169,170,114,149
1,<environment.Job instance at 0x7fdb98b8e6e0>,63,2,[5 7],64,157,159,93,157
1,<environment.Job instance at 0x7fdbdcee3280>,68,28,[ 2 11],69,173,201,104,173
1,<environment.Job instance at 0x7fdb98b8eaa0>,69,1,[10  5],70,201,202,131,173
1,<environment.Job instance at 0x7fdb98a65140>,73,2,[5 2],74,202,204,128,202
1,<environment.Job instance at 0x7fdbdc8b81e0>,76,15,[ 2 12],77,219,234,142,219
1,<environment.Job instance at 0x7fdb98d0d190>,3,3,[ 3 10],4,4,7,0,4
1,<environment.Job instance at 0x7fdbdc86e500>,7,24,[8 1],8,8,32,0,8
1,<environment.Job instance at 0x7fdbdc86e7d0>,12,14,[7 1],13,13,27,0,13
1,<environment.Job instance at 0x7fdb98d0d7d0>,5,14,[6 4],6,27,41,21,14
1,<environment.Job instance at 0x7fdbdc86e370>,6,3,[ 2 10],7,32,35,25,14
1,<environment.Job instance at 0x7fdbdc86e910>,15,1,[ 1 10],16,27,28,11,16
1,<environment.Job instance at 0x7fdbdc86efa0>,14,2,[ 2 10],15,35,37,20,18
1,<environment.Job instance at 0x7fdbdc397b40>,23,18,[ 5 11],24,48,66,24,48
1,<environment.Job instance at 0x7fdbdc397370>,25,1,[8 4],26,48,49,22,48
1,<environment.Job instance at 0x7fdbdc397230>,26,3,[9 4],27,49,52,22,49
1,<environment.Job instance at 0x7fdbdc397af0>,28,1,[9 4],29,52,53,23,52
1,<environment.Job instance at 0x7fdbdcaed6e0>,29,2,[3 5],30,66,68,36,53
1,<environment.Job instance at 0x7fdbdcaedbe0>,31,3,[8 2],32,64,67,32,64
1,<environment.Job instance at 0x7fdbdcaed0a0>,33,1,[13  4],34,71,72,37,71
1,<environment.Job instance at 0x7fdbdc86e1e0>,16,18,[9 2],17,72,90,55,72
1,<environment.Job instance at 0x7fdbdc397e10>,18,23,[ 3 10],19,72,95,53,72
1,<environment.Job instance at 0x7fdbdcaed460>,35,2,[4 8],36,95,97,59,72
1,<environment.Job instance at 0x7fdbdcaeddc0>,38,3,[1 7],39,95,98,56,84
1,<environment.Job instance at 0x7fdbdcaedd20>,34,17,[12  2],35,97,114,62,85
1,<environment.Job instance at 0x7fdbdcaed190>,46,28,[7 3],47,114,142,67,113
1,<environment.Job instance at 0x7fdbdcaed370>,37,21,[5 3],38,133,154,95,133
1,<environment.Job instance at 0x7fdbdcaed870>,50,15,[4 9],51,142,157,91,133
1,<environment.Job instance at 0x7fdbdca5e690>,51,3,[4 9],52,157,160,105,133
1,<environment.Job instance at 0x7fdbdca5edc0>,52,3,[1 8],53,134,137,81,134
1,<environment.Job instance at 0x7fdbdca5e6e0>,53,1,[1 6],54,137,138,83,134
1,<environment.Job instance at 0x7fdbdca5eb40>,49,21,[10  5],50,154,175,104,146
1,<environment.Job instance at 0x7fdbdca5e730>,54,13,[3 8],55,160,173,105,146
1,<environment.Job instance at 0x7fdbdca5ed20>,56,3,[ 4 10],57,173,176,116,150
1,<environment.Job instance at 0x7fdbdca5ee60>,59,1,[5 9],60,176,177,116,151
1,<environment.Job instance at 0x7fdbdca5ea50>,55,16,[ 4 14],56,177,193,121,164
1,<environment.Job instance at 0x7fdbdca5e4b0>,64,1,[10  5],65,175,176,110,164
1,<environment.Job instance at 0x7fdb98d20690>,67,26,[ 2 12],68,193,219,125,190
1,<environment.Job instance at 0x7fdb98d205a0>,70,2,[10  3],71,193,195,122,191
1,<environment.Job instance at 0x7fdb98d20f00>,71,3,[1 9],72,219,222,147,193
1,<environment.Job instance at 0x7fdb98d20b40>,73,1,[9 2],74,195,196,121,193
1,<environment.Job instance at 0x7fdb98d20640>,69,1,[ 3 12],70,222,223,152,198
1,<environment.Job instance at 0x7fdb9fe58fa0>,75,26,[5 5],76,223,249,147,220
1,<environment.Job instance at 0x7fdb98d20d70>,74,18,[2 9],75,223,241,148,220
1,<environment.Job instance at 0x7fdbdc3c8500>,5,27,[5 8],6,6,33,0,6
1,<environment.Job instance at 0x7fdbdd012c80>,3,1,[9 4],4,6,7,2,6
1,<environment.Job instance at 0x7fdb9874b4b0>,11,2,[7 1],12,13,15,1,13
1,<environment.Job instance at 0x7fdb98a7d910>,12,1,[4 6],13,15,16,2,13
1,<environment.Job instance at 0x7fdb988cc730>,13,18,[10  5],14,17,35,3,17
1,<environment.Job instance at 0x7fdb9874bfa0>,17,1,[5 9],18,33,34,15,18
1,<environment.Job instance at 0x7fdb98494af0>,19,1,[ 3 10],20,34,35,14,31
1,<environment.Job instance at 0x7fdbdc6006e0>,21,21,[4 7],22,35,56,13,32
1,<environment.Job instance at 0x7fdbdc6004b0>,22,2,[6 2],23,35,37,12,32
1,<environment.Job instance at 0x7fdbdc600910>,23,2,[ 5 10],24,56,58,32,32
1,<environment.Job instance at 0x7fdbdc600b90>,24,13,[3 6],25,35,48,10,35
1,<environment.Job instance at 0x7fdbdc6d4050>,26,2,[7 1],27,46,48,19,46
1,<environment.Job instance at 0x7fdbdc879eb0>,27,13,[ 2 10],28,58,71,30,46
1,<environment.Job instance at 0x7fdbdc600dc0>,28,2,[ 5 10],29,71,73,42,46
1,<environment.Job instance at 0x7fdbdc4a6e60>,7,25,[6 4],8,48,73,40,47
1,<environment.Job instance at 0x7fdbdc5f2550>,32,1,[10  4],33,73,74,40,49
1,<environment.Job instance at 0x7fdb985b2be0>,33,1,[6 5],34,74,75,40,49
1,<environment.Job instance at 0x7fdbdcba1230>,37,18,[1 7],38,73,91,35,62
1,<environment.Job instance at 0x7fdb98c68f50>,38,26,[ 3 10],39,91,117,52,88
1,<environment.Job instance at 0x7fdbdc60d8c0>,39,1,[ 4 10],40,117,118,77,89
1,<environment.Job instance at 0x7fdbdcbcbeb0>,40,22,[ 3 10],41,118,140,77,111
1,<environment.Job instance at 0x7fdb98b9b640>,44,3,[5 2],45,111,114,66,111
1,<environment.Job instance at 0x7fdb98b9b190>,45,3,[ 1 10],46,140,143,94,114
1,<environment.Job instance at 0x7fdb98b9beb0>,48,1,[2 8],49,143,144,94,115
1,<environment.Job instance at 0x7fdbdc5efd70>,49,2,[ 5 10],50,144,146,94,117
1,<environment.Job instance at 0x7fdbdc5ef410>,50,2,[ 3 10],51,146,148,95,119
1,<environment.Job instance at 0x7fdbdc5eff00>,52,18,[2 9],53,148,166,95,137
1,<environment.Job instance at 0x7fdbdc5ef0a0>,54,3,[6 5],55,138,141,83,138
1,<environment.Job instance at 0x7fdb98b71b40>,56,3,[4 6],57,148,151,91,138
1,<environment.Job instance at 0x7fdb98b71960>,57,3,[ 5 11],58,166,169,108,140
1,<environment.Job instance at 0x7fdb98b71230>,58,1,[1 5],59,141,142,82,140
1,<environment.Job instance at 0x7fdbdcf50190>,60,2,[3 7],61,169,171,108,142
1,<environment.Job instance at 0x7fdbdcf503c0>,61,18,[ 3 14],62,171,189,109,160
1,<environment.Job instance at 0x7fdb98b98aa0>,67,3,[5 5],68,189,192,121,170
1,<environment.Job instance at 0x7fdb98b98a00>,68,13,[14  3],69,192,205,123,176
1,<environment.Job instance at 0x7fdbdcf2a500>,70,2,[6 2],71,189,191,118,176
1,<environment.Job instance at 0x7fdb98d0de10>,10,14,[ 1 14],11,205,219,194,191
1,<environment.Job instance at 0x7fdbdc1cb3c0>,74,18,[ 3 10],75,219,237,144,208
1,<environment.Job instance at 0x7fdbdcf338c0>,76,14,[5 5],77,219,233,142,210
1,<environment.Job instance at 0x7fdbdcf33c80>,79,20,[5 5],80,233,253,153,224
1,<environment.Job instance at 0x7fdbdc5ef780>,0,22,[9 5],1,1,23,0,1
1,<environment.Job instance at 0x7fdb98579230>,2,27,[8 4],3,23,50,20,21
1,<environment.Job instance at 0x7fdbdcff1690>,4,3,[5 4],5,24,27,19,24
1,<environment.Job instance at 0x7fdbdc6624b0>,11,3,[5 7],12,27,30,15,25
1,<environment.Job instance at 0x7fdbdc662230>,14,3,[5 4],15,30,33,15,25
1,<environment.Job instance at 0x7fdbdc662370>,9,18,[2 5],10,30,48,20,27
1,<environment.Job instance at 0x7fdb984d01e0>,20,2,[3 7],21,48,50,27,34
1,<environment.Job instance at 0x7fdb984d0d20>,19,21,[14  3],20,50,71,30,42
1,<environment.Job instance at 0x7fdbdc662e60>,12,1,[ 1 13],13,71,72,58,44
1,<environment.Job instance at 0x7fdbdc819f50>,33,3,[2 6],34,72,75,38,56
1,<environment.Job instance at 0x7fdbdcf9cbe0>,35,16,[5 5],36,72,88,36,70
1,<environment.Job instance at 0x7fdbdcbe0f00>,36,20,[5 3],37,72,92,35,70
1,<environment.Job instance at 0x7fdbdc4c90a0>,37,1,[ 2 11],38,88,89,50,70
1,<environment.Job instance at 0x7fdbdcc0f230>,39,2,[1 5],40,75,77,35,70
1,<environment.Job instance at 0x7fdbdcc0f7d0>,40,21,[5 4],41,89,110,48,81
1,<environment.Job instance at 0x7fdbdc31eaf0>,29,22,[3 7],30,89,111,59,88
1,<environment.Job instance at 0x7fdbdc2ed230>,44,17,[11  1],45,110,127,65,98
1,<environment.Job instance at 0x7fdb98d1bd70>,52,2,[6 1],53,127,129,74,112
1,<environment.Job instance at 0x7fdb98d1baa0>,57,3,[ 5 11],58,134,137,76,134
1,<environment.Job instance at 0x7fdb98d1beb0>,58,14,[10  3],59,138,152,79,138
1,<environment.Job instance at 0x7fdb98d1be10>,59,3,[8 3],60,152,155,92,138
1,<environment.Job instance at 0x7fdbdc5eb9b0>,60,12,[1 9],61,144,156,83,144
1,<environment.Job instance at 0x7fdbdc5eb5a0>,62,18,[3 6],63,155,173,92,146
1,<environment.Job instance at 0x7fdb98427050>,64,2,[8 3],65,156,158,91,156
1,<environment.Job instance at 0x7fdb98427c30>,65,3,[2 5],66,156,159,90,156
1,<environment.Job instance at 0x7fdb98427870>,66,2,[9 3],67,158,160,91,156
1,<environment.Job instance at 0x7fdb98427a50>,67,1,[5 9],68,160,161,92,156
1,<environment.Job instance at 0x7fdb98427640>,68,18,[2 8],69,161,179,92,156
1,<environment.Job instance at 0x7fdb98427960>,69,3,[7 2],70,173,176,103,156
1,<environment.Job instance at 0x7fdbdd116b90>,73,18,[4 6],74,180,198,106,180
1,<environment.Job instance at 0x7fdb984d0b90>,15,17,[11  2],16,180,197,164,180
1,<environment.Job instance at 0x7fdbdc2edb40>,45,12,[5 7],46,197,209,151,180
1,<environment.Job instance at 0x7fdbdd1168c0>,74,12,[13  3],75,209,221,134,192
1,<environment.Job instance at 0x7fdbdcd10870>,75,14,[1 5],76,198,212,122,195
1,<environment.Job instance at 0x7fdbdc67d2d0>,82,1,[1 8],83,212,213,129,200
1,<environment.Job instance at 0x7fdb98934050>,83,2,[7 5],84,221,223,137,200
1,<environment.Job instance at 0x7fdb98934a00>,84,1,[6 5],85,221,222,136,200
1,<environment.Job instance at 0x7fdbdcaed320>,0,28,[4 7],1,1,29,0,1
1,<environment.Job instance at 0x7fdb98b879b0>,1,15,[ 5 14],2,29,44,27,15
1,<environment.Job instance at 0x7fdbdc593d20>,10,1,[10  2],11,15,16,4,15
1,<environment.Job instance at 0x7fdbdc476500>,16,12,[3 9],17,44,56,27,29
1,<environment.Job instance at 0x7fdbdc476c80>,17,17,[ 4 14],18,56,73,38,44
1,<environment.Job instance at 0x7fdbdc476820>,21,16,[ 4 10],22,73,89,51,60
1,<environment.Job instance at 0x7fdbdc4763c0>,22,2,[1 7],23,89,91,66,62
1,<environment.Job instance at 0x7fdbdc4767d0>,23,1,[ 4 10],24,91,92,67,63
1,<environment.Job instance at 0x7fdb98850910>,30,1,[4 9],31,92,93,61,90
1,<environment.Job instance at 0x7fdb98850730>,31,3,[7 5],32,90,93,58,90
1,<environment.Job instance at 0x7fdb988502d0>,32,1,[5 4],33,93,94,60,90
1,<environment.Job instance at 0x7fdb98850050>,33,2,[5 7],34,93,95,59,90
1,<environment.Job instance at 0x7fdb988500f0>,34,1,[5 8],35,94,95,59,90
1,<environment.Job instance at 0x7fdb988500a0>,36,1,[ 1 10],37,95,96,58,93
1,<environment.Job instance at 0x7fdb98850dc0>,37,2,[5 2],38,95,97,57,93
1,<environment.Job instance at 0x7fdb98850140>,38,2,[4 5],39,96,98,57,93
1,<environment.Job instance at 0x7fdbdc964be0>,39,2,[3 9],40,97,99,57,93
1,<environment.Job instance at 0x7fdbdc9645a0>,42,2,[ 2 10],43,99,101,56,98
1,<environment.Job instance at 0x7fdbdc964730>,43,2,[ 5 10],44,101,103,57,98
1,<environment.Job instance at 0x7fdbdc964500>,44,17,[4 9],45,103,120,58,98
1,<environment.Job instance at 0x7fdbdc964370>,45,17,[ 5 10],46,120,137,74,108
1,<environment.Job instance at 0x7fdbdc9640f0>,47,3,[5 6],48,108,111,60,108
1,<environment.Job instance at 0x7fdbdc2b09b0>,51,16,[14  3],52,137,153,85,128
1,<environment.Job instance at 0x7fdbdc2b0d70>,55,2,[ 4 10],56,153,155,97,138
1,<environment.Job instance at 0x7fdbdc2b05a0>,56,2,[7 2],57,153,155,96,138
1,<environment.Job instance at 0x7fdbdc2b0e10>,57,1,[9 4],58,155,156,97,138
1,<environment.Job instance at 0x7fdbdc2b03c0>,61,2,[9 4],62,156,158,94,142
1,<environment.Job instance at 0x7fdbdc2b0460>,62,3,[10  3],63,158,161,95,142
1,<environment.Job instance at 0x7fdbdc2b0eb0>,64,13,[10  1],65,161,174,96,148
1,<environment.Job instance at 0x7fdb98d6f870>,66,3,[ 5 11],67,155,158,88,148
1,<environment.Job instance at 0x7fdb98d6f320>,68,2,[9 5],69,174,176,105,156
1,<environment.Job instance at 0x7fdb98d6ff00>,69,18,[ 3 10],70,158,176,88,157
1,<environment.Job instance at 0x7fdb98d6f1e0>,70,1,[5 1],71,176,177,105,157
1,<environment.Job instance at 0x7fdbdcaed5f0>,3,14,[ 3 11],4,176,190,172,166
1,<environment.Job instance at 0x7fdb98d6fe60>,73,17,[8 4],74,177,194,103,170
1,<environment.Job instance at 0x7fdbdc2b0280>,52,3,[ 1 14],53,194,197,141,182
1,<environment.Job instance at 0x7fdbdc964410>,46,13,[7 5],47,197,210,150,183
1,<environment.Job instance at 0x7fdb98d6f190>,79,17,[7 1],80,193,210,113,193
1,<environment.Job instance at 0x7fdb98d6f0f0>,84,1,[8 1],85,210,211,125,207
1,<environment.Job instance at 0x7fdb98d6f5a0>,85,18,[3 6],86,210,228,124,207
1,<environment.Job instance at 0x7fdb98653730>,86,12,[10  1],87,211,223,124,207
1,<environment.Job instance at 0x7fdb986538c0>,87,1,[5 3],88,223,224,135,208
1,<environment.Job instance at 0x7fdb98653910>,88,3,[10  1],89,224,227,135,208
1,<environment.Job instance at 0x7fdb98dc1550>,11,3,[7 5],12,19,22,7,19
1,<environment.Job instance at 0x7fdb98dc1690>,12,18,[ 1 10],13,19,37,6,19
1,<environment.Job instance at 0x7fdb98dc13c0>,15,18,[6 1],16,35,53,19,35
1,<environment.Job instance at 0x7fdb98dc15a0>,17,3,[6 4],18,45,48,27,45
1,<environment.Job instance at 0x7fdb98dc1190>,19,2,[2 5],20,47,49,27,47
1,<environment.Job instance at 0x7fdb98dc1780>,20,14,[10  1],21,53,67,32,51
1,<environment.Job instance at 0x7fdb989f0a00>,21,3,[8 5],22,67,70,45,52
1,<environment.Job instance at 0x7fdb989f0be0>,22,18,[10  1],23,70,88,47,59
1,<environment.Job instance at 0x7fdb989f0f00>,24,27,[1 7],25,61,88,36,61
1,<environment.Job instance at 0x7fdb989f0d70>,29,1,[5 4],30,88,89,58,76
1,<environment.Job instance at 0x7fdb989f04b0>,30,3,[5 5],31,88,91,57,76
1,<environment.Job instance at 0x7fdb989f0500>,34,2,[10  4],35,89,91,54,87
1,<environment.Job instance at 0x7fdbdc566640>,35,2,[6 1],36,91,93,55,87
1,<environment.Job instance at 0x7fdb989f0190>,36,16,[1 9],37,91,107,54,87
1,<environment.Job instance at 0x7fdbdc566500>,37,3,[2 5],38,91,94,53,87
1,<environment.Job instance at 0x7fdbdc5664b0>,38,1,[4 7],39,87,88,48,87
1,<environment.Job instance at 0x7fdbdc566370>,39,3,[6 5],40,94,97,54,87
1,<environment.Job instance at 0x7fdbdc566d70>,41,18,[4 6],42,105,123,63,105
1,<environment.Job instance at 0x7fdbdc5662d0>,42,1,[ 4 10],43,123,124,80,105
1,<environment.Job instance at 0x7fdbdc566410>,45,13,[10  4],46,111,124,65,111
1,<environment.Job instance at 0x7fdbdc566910>,46,19,[5 4],47,124,143,77,114
1,<environment.Job instance at 0x7fdbdc566280>,48,18,[4 6],49,124,142,75,118
1,<environment.Job instance at 0x7fdbdc566230>,50,3,[10  1],51,142,145,91,119
1,<environment.Job instance at 0x7fdbdc566780>,53,18,[10  1],54,145,163,91,134
1,<environment.Job instance at 0x7fdb98653cd0>,3,14,[2 7],4,143,157,139,140
1,<environment.Job instance at 0x7fdbdca397d0>,55,16,[ 5 13],56,157,173,101,145
1,<environment.Job instance at 0x7fdbdca39b40>,62,15,[ 2 12],63,173,188,110,159
1,<environment.Job instance at 0x7fdb98a04a50>,66,17,[11  2],67,173,190,106,162
1,<environment.Job instance at 0x7fdb98a04a00>,69,23,[9 3],70,190,213,120,184
1,<environment.Job instance at 0x7fdb98a04730>,74,1,[5 2],75,190,191,115,185
1,<environment.Job instance at 0x7fdb98a04af0>,76,3,[3 9],77,193,196,116,193
1,<environment.Job instance at 0x7fdb98a10550>,78,12,[ 1 13],79,213,225,134,196
1,<environment.Job instance at 0x7fdb98a10050>,80,22,[9 3],81,225,247,144,218
1,<environment.Job instance at 0x7fd1e80c6e10>,3,22,[2 5],4,4,26,0,4
1,<environment.Job instance at 0x7fd1e0c2c2d0>,5,2,[1 6],6,6,8,0,6
1,<environment.Job instance at 0x7fd1e0c2c5a0>,11,3,[4 9],12,22,25,10,22
1,<environment.Job instance at 0x7fd1e0c2c8c0>,12,23,[6 4],13,25,48,12,22
1,<environment.Job instance at 0x7fd1e803c1e0>,9,12,[8 2],10,26,38,16,22
1,<environment.Job instance at 0x7fd1e803c320>,1,3,[ 2 10],2,38,41,36,23
1,<environment.Job instance at 0x7fd1e0c2cd20>,19,25,[5 9],20,41,66,21,38
1,<environment.Job instance at 0x7fd1e0c2d500>,24,2,[4 6],25,51,53,26,51
1,<environment.Job instance at 0x7fd1e0c2d460>,25,2,[5 7],26,66,68,40,51
1,<environment.Job instance at 0x7fd1e0c2c870>,18,26,[7 4],19,54,80,35,54
1,<environment.Job instance at 0x7fd1e0c2d870>,29,2,[4 7],30,70,72,40,70
1,<environment.Job instance at 0x7fd1e0c2daa0>,30,26,[9 4],31,80,106,49,77
1,<environment.Job instance at 0x7fd1e0c2d550>,31,1,[ 2 14],32,106,107,74,78
1,<environment.Job instance at 0x7fd1e0c2dbe0>,32,21,[5 9],33,78,99,45,78
1,<environment.Job instance at 0x7fd1e0c2d960>,33,26,[3 6],34,107,133,73,104
1,<environment.Job instance at 0x7fd1e0c2dd70>,36,2,[7 5],37,107,109,70,106
1,<environment.Job instance at 0x7fd1e0c2dfa0>,38,2,[6 1],39,109,111,70,107
1,<environment.Job instance at 0x7fd1e0c30280>,40,26,[ 1 10],41,133,159,92,130
1,<environment.Job instance at 0x7fd1e0c302d0>,41,1,[7 1],42,130,131,88,130
1,<environment.Job instance at 0x7fd1e0c30460>,42,2,[4 7],43,130,132,87,130
1,<environment.Job instance at 0x7fd1e0c30550>,44,3,[5 1],45,132,135,87,132
1,<environment.Job instance at 0x7fd1e0c303c0>,46,2,[3 5],47,135,137,88,132
1,<environment.Job instance at 0x7fd1e0c30690>,48,12,[9 2],49,137,149,88,132
1,<environment.Job instance at 0x7fd1e0c30730>,49,17,[10  2],50,149,166,99,137
1,<environment.Job instance at 0x7fd1e0c307d0>,50,2,[5 6],51,159,161,108,137
1,<environment.Job instance at 0x7fd1e0c30aa0>,51,2,[5 3],52,137,139,85,137
1,<environment.Job instance at 0x7fd1e0c30af0>,52,2,[ 2 10],53,161,163,108,137
1,<environment.Job instance at 0x7fd1e0c30a50>,53,3,[2 9],54,163,166,109,137
1,<environment.Job instance at 0x7fd1e0c30eb0>,56,3,[8 4],57,166,169,109,150
1,<environment.Job instance at 0x7fd1e0c30d70>,57,16,[ 2 11],58,166,182,108,153
1,<environment.Job instance at 0x7fd1e0c35230>,60,2,[2 6],61,182,184,121,160
1,<environment.Job instance at 0x7fd1e0c352d0>,61,1,[7 5],62,182,183,120,160
1,<environment.Job instance at 0x7fd1e0c354b0>,64,2,[2 8],65,183,185,118,167
1,<environment.Job instance at 0x7fd1e0c35550>,65,1,[5 8],66,185,186,119,167
1,<environment.Job instance at 0x7fd1e0c355f0>,66,2,[7 2],67,169,171,102,167
1,<environment.Job instance at 0x7fd1e0c35690>,67,16,[1 9],68,186,202,118,180
1,<environment.Job instance at 0x7fd1e0c35af0>,70,1,[5 4],71,181,182,110,181
1,<environment.Job instance at 0x7fd1e0c35be0>,71,2,[5 1],72,182,184,110,181
1,<environment.Job instance at 0x7fd1e0c2cb40>,16,18,[7 3],17,184,202,167,182
1,<environment.Job instance at 0x7fd1e0c35e60>,75,3,[10  4],76,202,205,126,184
1,<environment.Job instance at 0x7fd1e0c35dc0>,74,2,[1 7],75,202,204,127,185
1,<environment.Job instance at 0x7fd1e0c35f00>,76,13,[10  1],77,205,218,128,191
1,<environment.Job instance at 0x7fd1e0c36320>,79,19,[10  3],80,218,237,138,208
1,<environment.Job instance at 0x7fd1e0c363c0>,80,1,[5 5],81,208,209,127,208
1,<environment.Job instance at 0x7fd1e0c36500>,82,21,[4 8],83,209,230,126,208
1,<environment.Job instance at 0x7fd1e0cf2e10>,0,19,[ 5 12],1,1,20,0,1
1,<environment.Job instance at 0x7fd1e0c3a640>,3,3,[10  1],4,4,7,0,4
1,<environment.Job instance at 0x7fd1e0c3a7d0>,4,1,[6 1],5,7,8,2,5
1,<environment.Job instance at 0x7fd1e81ab460>,6,2,[1 6],7,20,22,13,7
1,<environment.Job instance at 0x7fd1e8065eb0>,12,18,[10  4],13,20,38,7,14
1,<environment.Job instance at 0x7fd1e8065b40>,17,28,[ 2 10],18,24,52,6,24
1,<environment.Job instance at 0x7fd1e8065cd0>,18,3,[4 6],19,52,55,33,26
1,<environment.Job instance at 0x7fd1e8065dc0>,19,1,[5 5],20,38,39,18,26
1,<environment.Job instance at 0x7fd1e0c3a550>,8,1,[7 1],9,39,40,30,26
1,<environment.Job instance at 0x7fd1e8065d70>,23,1,[2 7],24,52,53,28,40
1,<environment.Job instance at 0x7fd1e8065fa0>,24,20,[13  4],25,55,75,30,46
1,<environment.Job instance at 0x7fd1e81b0c30>,31,22,[5 6],32,75,97,43,68
1,<environment.Job instance at 0x7fd1e81b0410>,32,1,[9 2],33,75,76,42,68
1,<environment.Job instance at 0x7fd1e81b03c0>,33,1,[12  5],34,97,98,63,69
1,<environment.Job instance at 0x7fd1e8024730>,34,1,[8 3],35,76,77,41,69
1,<environment.Job instance at 0x7fd1e81ad2d0>,37,21,[10  4],38,98,119,60,90
1,<environment.Job instance at 0x7fd1e81ab5f0>,9,13,[5 5],10,98,111,88,90
1,<environment.Job instance at 0x7fd1e81add20>,39,2,[ 4 10],40,111,113,71,92
1,<environment.Job instance at 0x7fd1e81adb90>,43,2,[9 4],44,92,94,48,92
1,<environment.Job instance at 0x7fd1e81addc0>,42,20,[10  5],43,119,139,76,110
1,<environment.Job instance at 0x7fd1e8068e60>,51,13,[5 7],52,124,137,72,124
1,<environment.Job instance at 0x7fd1e8068370>,52,3,[8 5],53,139,142,86,125
1,<environment.Job instance at 0x7fd1e81a99b0>,53,24,[3 7],54,137,161,83,132
1,<environment.Job instance at 0x7fd1e81a9eb0>,54,19,[3 8],55,142,161,87,132
1,<environment.Job instance at 0x7fd1e81a9370>,59,2,[10  2],60,161,163,101,142
1,<environment.Job instance at 0x7fd1e81a9f50>,61,18,[6 2],62,163,181,101,153
1,<environment.Job instance at 0x7fd1e81a9320>,62,1,[8 3],63,163,164,100,153
1,<environment.Job instance at 0x7fd1e81b70f0>,63,3,[2 5],64,164,167,100,153
1,<environment.Job instance at 0x7fd1e81b7960>,64,19,[6 2],65,164,183,99,154
1,<environment.Job instance at 0x7fd1e81b7640>,65,1,[9 3],66,181,182,115,154
1,<environment.Job instance at 0x7fd1e81b7dc0>,68,27,[ 3 12],69,182,209,113,180
1,<environment.Job instance at 0x7fd1e81b7190>,69,1,[5 3],70,183,184,113,180
1,<environment.Job instance at 0x7fd1e81b75a0>,72,15,[ 2 14],73,209,224,136,195
1,<environment.Job instance at 0x7fd1e81b7a00>,74,26,[3 9],75,224,250,149,221
1,<environment.Job instance at 0x7fd1e81b1e10>,77,2,[5 3],78,224,226,146,221
1,<environment.Job instance at 0x7fd19cee61e0>,8,3,[5 1],9,11,14,2,11
1,<environment.Job instance at 0x7fd19cee60a0>,9,2,[6 2],10,11,13,1,11
1,<environment.Job instance at 0x7fd19cee6b40>,13,1,[9 5],14,27,28,13,27
1,<environment.Job instance at 0x7fd19cf394b0>,14,2,[7 1],15,28,30,13,27
1,<environment.Job instance at 0x7fd19cf39730>,15,1,[5 1],16,27,28,11,27
1,<environment.Job instance at 0x7fd19cf39b90>,16,1,[2 6],17,28,29,11,27
1,<environment.Job instance at 0x7fd19cf39410>,17,14,[10  5],18,30,44,12,29
1,<environment.Job instance at 0x7fd19cf39cd0>,18,2,[5 3],19,29,31,10,29
1,<environment.Job instance at 0x7fd19cf39d70>,19,3,[4 8],20,31,34,11,29
1,<environment.Job instance at 0x7fd19cf39e10>,20,2,[4 5],21,34,36,13,29
1,<environment.Job instance at 0x7fd19cf39c30>,22,1,[1 5],23,34,35,11,34
1,<environment.Job instance at 0x7fd19cf39370>,23,26,[5 3],24,36,62,12,34
1,<environment.Job instance at 0x7fd19d06b4b0>,24,3,[5 4],25,44,47,19,34
1,<environment.Job instance at 0x7fd19d06bb90>,25,18,[ 1 10],26,47,65,21,36
1,<environment.Job instance at 0x7fd19d06bf50>,31,3,[5 9],32,65,68,33,54
1,<environment.Job instance at 0x7fd19d06b3c0>,32,18,[3 8],33,68,86,35,57
1,<environment.Job instance at 0x7fd1e81b1e10>,3,13,[9 2],4,57,70,53,57
1,<environment.Job instance at 0x7fd19cee5780>,34,3,[7 5],35,70,73,35,61
1,<environment.Job instance at 0x7fd19cee5a50>,38,20,[5 2],39,70,90,31,61
1,<environment.Job instance at 0x7fd19cee52d0>,39,26,[2 8],40,86,112,46,83
1,<environment.Job instance at 0x7fd19cee5b40>,41,20,[ 4 10],42,112,132,70,103
1,<environment.Job instance at 0x7fd19cee5640>,43,2,[7 3],44,103,105,59,103
1,<environment.Job instance at 0x7fd19cee5d20>,45,2,[5 7],46,105,107,59,103
1,<environment.Job instance at 0x7fd19cee55a0>,46,2,[8 1],47,107,109,60,103
1,<environment.Job instance at 0x7fd19cee5af0>,47,27,[9 5],48,109,136,61,107
1,<environment.Job instance at 0x7fd19cee5f50>,49,14,[12  2],50,136,150,86,121
1,<environment.Job instance at 0x7fd19ce96be0>,52,2,[2 9],53,132,134,79,121
1,<environment.Job instance at 0x7fd19ce96140>,60,1,[7 2],61,150,151,89,141
1,<environment.Job instance at 0x7fd19ce96820>,61,17,[ 5 14],62,151,168,89,141
1,<environment.Job instance at 0x7fd19ce96eb0>,62,25,[ 3 11],63,168,193,105,164
1,<environment.Job instance at 0x7fd19cee5c80>,36,17,[8 4],37,170,187,133,170
1,<environment.Job instance at 0x7fd19cf085a0>,66,3,[4 5],67,193,196,126,181
1,<environment.Job instance at 0x7fd19ce96690>,64,17,[13  5],65,196,213,131,184
1,<environment.Job instance at 0x7fd19cec5a00>,79,18,[5 6],80,213,231,133,211
1,<environment.Job instance at 0x7fd19cec54b0>,81,2,[9 2],82,213,215,131,211
1,<environment.Job instance at 0x7fd19cec5c30>,82,2,[7 5],83,215,217,132,211
1,<environment.Job instance at 0x7fd19cec5af0>,83,16,[ 4 10],84,231,247,147,218
1,<environment.Job instance at 0x7fd19cec5870>,84,2,[5 8],85,218,220,133,218
1,<environment.Job instance at 0x7fd19cec56e0>,85,27,[4 5],86,220,247,134,218
1,<environment.Job instance at 0x7fd19cfc5e10>,0,26,[8 3],1,1,27,0,1
1,<environment.Job instance at 0x7fd19d4fe9b0>,13,2,[10  2],14,27,29,13,14
1,<environment.Job instance at 0x7fd19d4fe7d0>,14,2,[11  3],15,29,31,14,15
1,<environment.Job instance at 0x7fd19d4feb40>,16,2,[2 7],17,17,19,0,17
1,<environment.Job instance at 0x7fd19d4fe870>,18,1,[9 5],19,31,32,12,24
1,<environment.Job instance at 0x7fd19d04fe10>,23,3,[2 8],24,44,47,20,44
1,<environment.Job instance at 0x7fd1e81ab8c0>,12,14,[2 8],13,56,70,43,56
1,<environment.Job instance at 0x7fd19cfc5b90>,2,2,[5 3],3,56,58,53,56
1,<environment.Job instance at 0x7fd19d04f140>,26,17,[7 4],27,56,73,29,56
1,<environment.Job instance at 0x7fd19cf23d70>,5,13,[9 1],6,73,86,67,59
1,<environment.Job instance at 0x7fd19cfcd6e0>,30,15,[1 9],31,70,85,39,60
1,<environment.Job instance at 0x7fd19cf44b90>,32,1,[10  4],33,86,87,53,62
1,<environment.Job instance at 0x7fd19cfcda00>,27,2,[9 3],28,87,89,59,72
1,<environment.Job instance at 0x7fd19d04f230>,25,17,[12  4],26,89,106,63,78
1,<environment.Job instance at 0x7fd19cf449b0>,37,2,[ 3 11],38,85,87,47,78
1,<environment.Job instance at 0x7fd19cf440f0>,39,2,[2 7],40,87,89,47,82
1,<environment.Job instance at 0x7fd19cf44320>,34,18,[10  5],35,106,124,71,99
1,<environment.Job instance at 0x7fd1e81ab460>,11,18,[5 8],12,106,124,94,105
1,<environment.Job instance at 0x7fd19d02e910>,46,27,[2 6],47,124,151,77,122
1,<environment.Job instance at 0x7fd19d02efa0>,49,1,[8 5],50,124,125,74,122
1,<environment.Job instance at 0x7fd19d02e2d0>,50,14,[ 4 14],51,151,165,100,136
1,<environment.Job instance at 0x7fd1e0c4daf0>,52,2,[2 7],53,137,139,84,137
1,<environment.Job instance at 0x7fd19d02e690>,53,1,[8 3],54,139,140,85,137
1,<environment.Job instance at 0x7fd1e0c509b0>,54,12,[8 1],55,140,152,85,138
1,<environment.Job instance at 0x7fd19d2e6be0>,56,2,[7 5],57,165,167,108,138
1,<environment.Job instance at 0x7fd19d2e6280>,57,1,[2 8],58,140,141,82,138
1,<environment.Job instance at 0x7fd19d2df320>,59,3,[2 7],60,141,144,81,138
1,<environment.Job instance at 0x7fd19d2df0f0>,61,3,[3 8],62,148,151,86,148
1,<environment.Job instance at 0x7fd19d2df050>,63,1,[7 1],64,152,153,88,148
1,<environment.Job instance at 0x7fd19d2dff00>,66,21,[ 4 10],67,165,186,98,157
1,<environment.Job instance at 0x7fd19d2df0a0>,67,23,[2 8],68,186,209,118,180
1,<environment.Job instance at 0x7fd19d2df3c0>,70,13,[6 2],71,180,193,109,180
1,<environment.Job instance at 0x7fd19d2df960>,71,3,[7 4],72,186,189,114,180
1,<environment.Job instance at 0x7fd19d2df230>,69,19,[13  3],70,193,212,123,184
1,<environment.Job instance at 0x7fd19d2dfbe0>,74,13,[ 4 11],75,212,225,137,205
1,<environment.Job instance at 0x7fd19d2dfd20>,72,12,[7 5],73,225,237,152,212
1,<environment.Job instance at 0x7fd19cfc5910>,3,2,[9 1],4,4,6,0,4
1,<environment.Job instance at 0x7fd19cfc5460>,4,17,[14  5],5,6,23,1,6
1,<environment.Job instance at 0x7fd1e0bd2410>,6,2,[ 3 10],7,23,25,16,7
1,<environment.Job instance at 0x7fd1e0c209b0>,11,2,[14  5],12,25,27,13,12
1,<environment.Job instance at 0x7fd1e0c9a0f0>,18,2,[9 3],19,27,29,8,26
1,<environment.Job instance at 0x7fd19d32d7d0>,19,3,[4 7],20,27,30,7,26
1,<environment.Job instance at 0x7fd19d32d640>,20,1,[4 8],21,29,30,8,26
1,<environment.Job instance at 0x7fd19d32d5a0>,21,1,[8 1],22,30,31,8,26
1,<environment.Job instance at 0x7fd19d32d9b0>,25,2,[9 1],26,48,50,22,48
1,<environment.Job instance at 0x7fd19d32dc30>,26,22,[1 8],27,48,70,21,48
1,<environment.Job instance at 0x7fd19d32db90>,27,28,[5 9],28,70,98,42,69
1,<environment.Job instance at 0x7fd19d32da50>,28,1,[9 2],29,69,70,40,69
1,<environment.Job instance at 0x7fd19ce342d0>,35,3,[4 6],36,84,87,48,84
1,<environment.Job instance at 0x7fd19ce340a0>,33,2,[5 9],34,98,100,64,87
1,<environment.Job instance at 0x7fd19ce344b0>,39,3,[6 3],40,91,94,51,91
1,<environment.Job instance at 0x7fd19ce345f0>,40,3,[2 9],41,100,103,59,91
1,<environment.Job instance at 0x7fd19ce34780>,42,26,[5 8],43,103,129,60,100
1,<environment.Job instance at 0x7fd19ce34280>,38,13,[9 1],39,100,113,61,100
1,<environment.Job instance at 0x7fd19d32d820>,23,16,[6 5],24,113,129,89,105
1,<environment.Job instance at 0x7fd19ce34960>,46,2,[ 5 13],47,129,131,82,111
1,<environment.Job instance at 0x7fd19ce34910>,44,3,[ 5 10],45,131,134,86,114
1,<environment.Job instance at 0x7fd19ce34190>,37,28,[9 1],38,136,164,98,136
1,<environment.Job instance at 0x7fd19ce34d70>,51,1,[13  4],52,164,165,112,139
1,<environment.Job instance at 0x7fd19ce37230>,58,2,[12  3],59,165,167,106,140
1,<environment.Job instance at 0x7fd19ce34eb0>,53,22,[3 5],54,165,187,111,159
1,<environment.Job instance at 0x7fd19ce375f0>,64,2,[ 5 10],65,161,163,96,161
1,<environment.Job instance at 0x7fd19ce37690>,65,16,[4 7],66,167,183,101,161
1,<environment.Job instance at 0x7fd19ce37370>,60,22,[7 1],61,169,191,108,169
1,<environment.Job instance at 0x7fd19ce37e60>,74,16,[ 5 10],75,187,203,112,179
1,<environment.Job instance at 0x7fd19ce37e10>,76,2,[2 6],77,183,185,106,180
1,<environment.Job instance at 0x7fd19ce390f0>,77,1,[5 1],78,185,186,107,180
1,<environment.Job instance at 0x7fd19ce391e0>,78,1,[10  1],79,191,192,112,180
1,<environment.Job instance at 0x7fd19ce39140>,79,2,[4 7],80,203,205,123,180
1,<environment.Job instance at 0x7fd19ce39280>,80,26,[3 7],81,203,229,122,200
1,<environment.Job instance at 0x7fd19ce39320>,81,18,[11  5],82,205,223,123,201
1,<environment.Job instance at 0x7fd19ce39960>,86,1,[10  1],87,223,224,136,210
1,<environment.Job instance at 0x7fd19d2e0960>,3,24,[2 6],4,4,28,0,4
1,<environment.Job instance at 0x7fd19d2e04b0>,4,13,[ 5 12],5,28,41,23,12
1,<environment.Job instance at 0x7fd1e355f370>,11,2,[5 5],12,12,14,0,12
1,<environment.Job instance at 0x7fd1e355f230>,10,14,[5 8],11,14,28,3,14
1,<environment.Job instance at 0x7fd1e0adad20>,16,3,[3 9],17,41,44,24,23
1,<environment.Job instance at 0x7fd1e0ada2d0>,19,1,[2 8],20,44,45,24,23
1,<environment.Job instance at 0x7fd1e0ada910>,20,3,[1 9],21,45,48,24,23
1,<environment.Job instance at 0x7fd1e0ada320>,22,27,[5 7],23,48,75,25,46
1,<environment.Job instance at 0x7fd1e0ada500>,14,18,[6 2],15,46,64,31,46
1,<environment.Job instance at 0x7fd19d0f1370>,1,13,[10  2],2,64,77,62,54
1,<environment.Job instance at 0x7fd1e0ada550>,31,14,[ 4 13],32,75,89,43,69
1,<environment.Job instance at 0x7fd1e0ad4d20>,33,3,[1 8],34,89,92,55,71
1,<environment.Job instance at 0x7fd1e0ad4c30>,34,2,[9 2],35,77,79,42,72
1,<environment.Job instance at 0x7fd1e0ad4fa0>,36,2,[10  2],37,81,83,44,81
1,<environment.Job instance at 0x7fd1e0ad4960>,37,3,[10  1],38,83,86,45,81
1,<environment.Job instance at 0x7fd1e0ad4410>,38,2,[2 7],39,89,91,50,81
1,<environment.Job instance at 0x7fd1e0ad4820>,41,18,[4 9],42,97,115,55,97
1,<environment.Job instance at 0x7fd1e0ad41e0>,43,1,[1 5],44,100,101,56,100
1,<environment.Job instance at 0x7fd1e0ad4280>,44,1,[2 8],45,115,116,70,100
1,<environment.Job instance at 0x7fd1e0ad4cd0>,47,14,[11  4],48,116,130,68,116
1,<environment.Job instance at 0x7fd1e0adab90>,24,24,[13  2],25,131,155,106,131
1,<environment.Job instance at 0x7fd1e33c3640>,51,18,[ 3 10],52,155,173,103,144
1,<environment.Job instance at 0x7fd19d2e0a50>,5,2,[ 2 11],6,145,147,139,145
1,<environment.Job instance at 0x7fd1e33c3140>,56,3,[4 9],57,173,176,116,157
1,<environment.Job instance at 0x7fd1e33c3500>,57,2,[1 6],58,173,175,115,157
1,<environment.Job instance at 0x7fd1e33c30a0>,58,13,[12  1],59,157,170,98,157
1,<environment.Job instance at 0x7fd1e33c3410>,60,12,[2 9],61,176,188,115,159
1,<environment.Job instance at 0x7fd1e0ada5a0>,28,15,[11  4],29,175,190,146,161
1,<environment.Job instance at 0x7fd1e33c35f0>,66,3,[14  2],67,190,193,123,174
1,<environment.Job instance at 0x7fd1e33c3280>,68,20,[3 9],69,193,213,124,184
1,<environment.Job instance at 0x7fd1e318e500>,72,3,[3 7],73,213,216,140,194
1,<environment.Job instance at 0x7fd1e318e640>,73,14,[ 5 13],74,216,230,142,201
1,<environment.Job instance at 0x7fd1e318ea50>,77,21,[4 8],78,230,251,152,222
1,<environment.Job instance at 0x7fd1e3196e10>,2,1,[5 3],3,3,4,0,3
1,<environment.Job instance at 0x7fd1e390be10>,3,27,[3 5],4,4,31,0,4
1,<environment.Job instance at 0x7fd1e394e500>,4,1,[12  4],5,5,6,0,5
1,<environment.Job instance at 0x7fd1e37dc050>,5,2,[14  1],6,31,33,25,6
1,<environment.Job instance at 0x7fd1e0fe87d0>,15,14,[5 2],16,33,47,17,20
1,<environment.Job instance at 0x7fd1e37dc6e0>,7,17,[5 7],8,48,65,40,48
1,<environment.Job instance at 0x7fd19d081410>,10,3,[8 5],11,48,51,37,48
1,<environment.Job instance at 0x7fd19d1bf3c0>,30,1,[ 5 11],31,65,66,34,61
1,<environment.Job instance at 0x7fd19d1bfbe0>,32,25,[7 3],33,68,93,35,68
1,<environment.Job instance at 0x7fd1e33d3a50>,33,3,[ 1 10],34,68,71,34,68
1,<environment.Job instance at 0x7fd1e33d3230>,34,13,[ 3 12],35,71,84,36,68
1,<environment.Job instance at 0x7fd1e33d30f0>,35,2,[ 2 10],36,84,86,48,68
1,<environment.Job instance at 0x7fd1e0a50e10>,36,17,[2 9],37,86,103,49,77
1,<environment.Job instance at 0x7fd19d561640>,27,1,[5 6],28,93,94,65,77
1,<environment.Job instance at 0x7fd1e0b12f50>,40,16,[10  3],41,94,110,53,82
1,<environment.Job instance at 0x7fd1e0b12820>,42,2,[3 9],43,103,105,60,90
1,<environment.Job instance at 0x7fd1e0b12d20>,44,3,[9 2],45,110,113,65,90
1,<environment.Job instance at 0x7fd1e0b12690>,45,3,[8 2],46,113,116,67,90
1,<environment.Job instance at 0x7fd1e0b12be0>,47,3,[2 7],48,105,108,57,95
1,<environment.Job instance at 0x7fd1e0b125a0>,48,14,[13  2],49,116,130,67,101
1,<environment.Job instance at 0x7fd19d4ac4b0>,50,3,[ 1 10],51,108,111,57,106
1,<environment.Job instance at 0x7fd1e0b12960>,51,2,[ 2 10],52,111,113,59,107
1,<environment.Job instance at 0x7fd19d4ac0f0>,52,3,[5 7],53,113,116,60,107
1,<environment.Job instance at 0x7fd19d4ac640>,53,3,[4 8],54,130,133,76,107
1,<environment.Job instance at 0x7fd19d4ac550>,56,1,[2 8],57,116,117,59,108
1,<environment.Job instance at 0x7fd1e0ef4280>,60,18,[1 7],61,123,141,62,123
1,<environment.Job instance at 0x7fd19ce76e60>,63,1,[6 2],64,141,142,77,141
1,<environment.Job instance at 0x7fd1e111f960>,64,2,[2 7],65,141,143,76,141
1,<environment.Job instance at 0x7fd1e111f780>,65,26,[4 8],66,142,168,76,141
1,<environment.Job instance at 0x7fd1e111ff50>,66,20,[4 8],67,168,188,101,159
1,<environment.Job instance at 0x7fd1e0bb1a50>,69,1,[5 6],70,161,162,91,161
1,<environment.Job instance at 0x7fd19d4ac1e0>,54,12,[3 7],55,162,174,107,162
1,<environment.Job instance at 0x7fd1e09fa370>,70,25,[5 4],71,174,199,103,170
1,<environment.Job instance at 0x7fd1e0a50d20>,38,13,[ 3 10],39,188,201,149,173
1,<environment.Job instance at 0x7fd1e381c050>,75,25,[5 7],76,201,226,125,197
1,<environment.Job instance at 0x7fd19d25a960>,77,22,[5 8],78,201,223,123,197
1,<environment.Job instance at 0x7fd19d185320>,79,3,[11  3],80,226,229,146,200
1,<environment.Job instance at 0x7fd19d23d730>,82,2,[10  4],83,223,225,140,200
1,<environment.Job instance at 0x7fd1e37dc910>,3,14,[ 4 11],4,5,19,1,5
1,<environment.Job instance at 0x7fd19d1bf140>,5,2,[2 9],6,19,21,13,6
1,<environment.Job instance at 0x7fd1e338b7d0>,6,26,[8 5],7,19,45,12,16
1,<environment.Job instance at 0x7fd1e0ab9050>,9,20,[6 3],10,21,41,11,16
1,<environment.Job instance at 0x7fd1e0995c80>,12,2,[5 1],13,16,18,3,16
1,<environment.Job instance at 0x7fd19d259cd0>,11,2,[8 5],12,45,47,33,18
1,<environment.Job instance at 0x7fd1e0b2abe0>,18,2,[2 5],19,41,43,22,25
1,<environment.Job instance at 0x7fd1e0b2acd0>,22,2,[5 2],23,42,44,19,42
1,<environment.Job instance at 0x7fd1e0b2ad20>,23,3,[10  2],24,47,50,23,42
1,<environment.Job instance at 0x7fd1e0b2ae60>,24,12,[10  2],25,50,62,25,42
1,<environment.Job instance at 0x7fd1e0b2aa00>,25,2,[10  1],26,62,64,36,42
1,<environment.Job instance at 0x7fd1e0b2ac80>,26,13,[9 1],27,64,77,37,48
1,<environment.Job instance at 0x7fd1e0b22370>,27,22,[10  1],28,77,99,49,70
1,<environment.Job instance at 0x7fd1e0995c30>,14,16,[2 7],15,70,86,55,70
1,<environment.Job instance at 0x7fd1e0b22500>,29,14,[5 1],30,86,100,56,72
1,<environment.Job instance at 0x7fd1e0b22140>,31,3,[11  4],32,100,103,68,77
1,<environment.Job instance at 0x7fd1e0b22a00>,37,1,[5 3],38,99,100,61,84
1,<environment.Job instance at 0x7fd1e0b22410>,28,16,[13  1],29,103,119,74,91
1,<environment.Job instance at 0x7fd1e0b22a50>,40,1,[10  4],41,119,120,78,91
1,<environment.Job instance at 0x7fd1e0b22af0>,41,2,[2 6],42,99,101,57,91
1,<environment.Job instance at 0x7fd1e0b22cd0>,44,17,[1 8],45,101,118,56,100
1,<environment.Job instance at 0x7fd1e0b22e60>,46,2,[2 8],47,118,120,71,100
1,<environment.Job instance at 0x7fd1e0b180a0>,47,1,[ 4 12],48,120,121,72,100
1,<environment.Job instance at 0x7fd1e0b18370>,48,2,[5 5],49,121,123,72,100
1,<environment.Job instance at 0x7fd1e0b183c0>,49,22,[7 3],50,120,142,70,113
1,<environment.Job instance at 0x7fd1e09953c0>,13,20,[5 3],14,126,146,112,126
1,<environment.Job instance at 0x7fd1e0b22460>,30,20,[3 8],31,126,146,95,126
1,<environment.Job instance at 0x7fd1e0b186e0>,54,2,[13  4],55,146,148,91,126
1,<environment.Job instance at 0x7fd1e0b18780>,55,2,[1 5],56,146,148,90,127
1,<environment.Job instance at 0x7fd1e0b18640>,53,2,[14  5],54,148,150,94,129
1,<environment.Job instance at 0x7fd1e0b18820>,56,12,[12  4],57,150,162,93,140
1,<environment.Job instance at 0x7fd1e0b18460>,50,15,[13  3],51,162,177,111,148
1,<environment.Job instance at 0x7fd1e0b18aa0>,60,16,[ 2 10],61,150,166,89,148
1,<environment.Job instance at 0x7fd1e0b18d20>,64,1,[6 4],65,177,178,112,149
1,<environment.Job instance at 0x7fd1e0b18dc0>,65,15,[ 4 12],66,178,193,112,166
1,<environment.Job instance at 0x7fd19d5e7870>,8,18,[13  1],9,193,211,184,187
1,<environment.Job instance at 0x7fd1e0b323c0>,74,2,[7 1],75,190,192,115,190
1,<environment.Job instance at 0x7fd1e0b32550>,76,1,[1 6],77,194,195,117,194
1,<environment.Job instance at 0x7fd1e0b320a0>,72,15,[3 9],73,211,226,138,199
1,<environment.Job instance at 0x7fd1e0b325f0>,79,17,[1 5],80,203,220,123,203
1,<environment.Job instance at 0x7fd19d259140>,0,25,[10  4],1,1,26,0,1
1,<environment.Job instance at 0x7fd1e0b32960>,3,2,[7 5],4,26,28,22,4
1,<environment.Job instance at 0x7fd1e0b129b0>,7,1,[5 4],8,8,9,0,8
1,<environment.Job instance at 0x7fd19d3305a0>,8,3,[3 5],9,9,12,0,9
1,<environment.Job instance at 0x7fd19d42a140>,11,3,[7 5],12,26,29,14,12
1,<environment.Job instance at 0x7fd1e3608820>,17,16,[13  1],18,29,45,11,22
1,<environment.Job instance at 0x7fd1e36085a0>,20,3,[9 1],21,48,51,27,48
1,<environment.Job instance at 0x7fd1e364a9b0>,21,2,[13  4],22,51,53,29,48
1,<environment.Job instance at 0x7fd1e3608410>,22,18,[8 1],23,53,71,30,49
1,<environment.Job instance at 0x7fd19d4165f0>,23,2,[9 1],24,71,73,47,49
1,<environment.Job instance at 0x7fd1e104efa0>,25,2,[ 3 10],26,49,51,23,49
1,<environment.Job instance at 0x7fd1e0bd0eb0>,26,20,[10  4],27,73,93,46,64
1,<environment.Job instance at 0x7fd1e0bd2730>,27,2,[10  5],28,93,95,65,66
1,<environment.Job instance at 0x7fd19d320d70>,30,27,[ 3 13],31,95,122,64,93
1,<environment.Job instance at 0x7fd1e0f4d730>,33,27,[1 7],34,122,149,88,120
1,<environment.Job instance at 0x7fd1e7f798c0>,36,3,[10  3],37,124,127,87,124
1,<environment.Job instance at 0x7fd1e0d3d870>,37,1,[ 4 10],38,149,150,111,124
1,<environment.Job instance at 0x7fd1e37b4780>,40,1,[12  1],41,127,128,86,124
1,<environment.Job instance at 0x7fd1e37b4190>,41,25,[9 1],42,128,153,86,124
1,<environment.Job instance at 0x7fd1e3282b90>,48,18,[ 3 10],49,160,178,111,160
1,<environment.Job instance at 0x7fd1e0b73fa0>,50,27,[5 4],51,172,199,121,172
1,<environment.Job instance at 0x7fd19d005500>,51,28,[7 5],52,178,206,126,177
1,<environment.Job instance at 0x7fd1e0b8ef50>,52,1,[4 8],53,199,200,146,177
1,<environment.Job instance at 0x7fd19d0055f0>,53,28,[8 2],54,200,228,146,199
1,<environment.Job instance at 0x7fd1e341cf50>,65,2,[7 1],66,230,232,164,230
1,<environment.Job instance at 0x7fd19d207b40>,66,2,[2 6],67,230,232,163,230
1,<environment.Job instance at 0x7fd19d207fa0>,67,18,[2 6],68,232,250,164,232
1,<environment.Job instance at 0x7fd1e33bbaa0>,3,3,[2 7],4,4,7,0,4
1,<environment.Job instance at 0x7fd1e0a1f5f0>,4,12,[1 5],5,6,18,1,6
1,<environment.Job instance at 0x7fd1e33bb960>,6,1,[6 4],7,7,8,0,7
1,<environment.Job instance at 0x7fd19d1f9730>,7,28,[4 9],8,8,36,0,8
1,<environment.Job instance at 0x7fd1e33d3a00>,15,14,[11  2],16,22,36,6,22
1,<environment.Job instance at 0x7fd1e38530f0>,18,1,[14  2],19,36,37,17,24
1,<environment.Job instance at 0x7fd19d51c3c0>,19,1,[ 1 11],20,36,37,16,31
1,<environment.Job instance at 0x7fd19d5c3870>,25,1,[3 6],26,37,38,11,31
1,<environment.Job instance at 0x7fd1e1072c30>,30,18,[2 8],31,41,59,10,41
1,<environment.Job instance at 0x7fd1e331c6e0>,31,2,[3 8],32,59,61,27,41
1,<environment.Job instance at 0x7fd1e104e500>,32,1,[8 4],33,41,42,8,41
1,<environment.Job instance at 0x7fd19d320910>,36,3,[4 7],37,59,62,22,59
1,<environment.Job instance at 0x7fd1e33eb5f0>,37,12,[9 1],38,61,73,23,59
1,<environment.Job instance at 0x7fd1e33ebc30>,38,1,[1 9],39,62,63,23,59
1,<environment.Job instance at 0x7fd1e33ebbe0>,39,2,[4 9],40,63,65,23,59
1,<environment.Job instance at 0x7fd1e0b0e410>,41,2,[4 7],42,68,70,26,68
1,<environment.Job instance at 0x7fd1e0b0e140>,43,1,[9 5],44,73,74,29,71
1,<environment.Job instance at 0x7fd1e0b0e460>,44,21,[8 1],45,74,95,29,71
1,<environment.Job instance at 0x7fd1e0b0e690>,46,2,[7 3],47,84,86,37,84
1,<environment.Job instance at 0x7fd1e0d03280>,47,1,[1 7],48,86,87,38,84
1,<environment.Job instance at 0x7fd1e0d03500>,48,3,[1 5],49,86,89,37,84
1,<environment.Job instance at 0x7fd1e0d033c0>,49,25,[ 3 10],50,89,114,39,85
1,<environment.Job instance at 0x7fd1e0d03cd0>,50,18,[ 2 11],51,114,132,63,103
1,<environment.Job instance at 0x7fd1e10725a0>,29,18,[8 2],30,103,121,73,103
1,<environment.Job instance at 0x7fd19d2995f0>,57,23,[9 2],58,121,144,63,115
1,<environment.Job instance at 0x7fd19d3c8dc0>,59,3,[1 9],60,132,135,72,115
1,<environment.Job instance at 0x7fd19d1bf5a0>,61,3,[9 5],62,144,147,82,119
1,<environment.Job instance at 0x7fd1e341c5a0>,64,1,[1 8],65,135,136,70,126
1,<environment.Job instance at 0x7fd1e341c0a0>,66,3,[1 7],67,136,139,69,128
1,<environment.Job instance at 0x7fd1e341c910>,67,1,[6 5],68,139,140,71,128
1,<environment.Job instance at 0x7fd1e34ec550>,69,1,[8 2],70,147,148,77,142
1,<environment.Job instance at 0x7fd1e34ec1e0>,71,14,[1 5],72,142,156,70,142
1,<environment.Job instance at 0x7fd1e34ecbe0>,72,18,[ 2 10],73,148,166,75,143
1,<environment.Job instance at 0x7fd1e0fdbcd0>,75,3,[7 5],76,156,159,80,156
1,<environment.Job instance at 0x7fd1e0fdb370>,76,17,[ 1 14],77,166,183,89,156
1,<environment.Job instance at 0x7fd19d2c7d20>,78,1,[3 8],79,183,184,104,166
1,<environment.Job instance at 0x7fd19d405500>,79,18,[14  4],80,184,202,104,173
1,<environment.Job instance at 0x7fd19d2aaaf0>,83,24,[4 7],84,202,226,118,197
1,<environment.Job instance at 0x7fd19d0626e0>,85,3,[6 4],86,204,207,118,204
1,<environment.Job instance at 0x7fd1e32dc5a0>,86,2,[10  1],87,207,209,120,204
1,<environment.Job instance at 0x7fd1e32dc6e0>,87,1,[7 3],88,209,210,121,204
1,<environment.Job instance at 0x7fd1e0c1a500>,0,26,[4 8],1,1,27,0,1
1,<environment.Job instance at 0x7fd1e3200960>,3,3,[10  4],4,5,8,1,5
1,<environment.Job instance at 0x7fd1e371ca00>,15,15,[12  1],16,27,42,11,20
1,<environment.Job instance at 0x7fd19d0df050>,7,13,[ 5 10],8,42,55,34,38
1,<environment.Job instance at 0x7fd1e37ca780>,19,15,[5 9],20,55,70,35,44
1,<environment.Job instance at 0x7fd19cec06e0>,22,16,[3 5],23,45,61,22,45
1,<environment.Job instance at 0x7fd19cec0a00>,23,1,[ 3 13],24,70,71,46,45
1,<environment.Job instance at 0x7fd19cec0aa0>,24,1,[6 2],25,61,62,36,45
1,<environment.Job instance at 0x7fd19cec0730>,25,22,[1 9],26,71,93,45,64
1,<environment.Job instance at 0x7fd19cec0af0>,27,3,[ 5 10],28,93,96,65,67
1,<environment.Job instance at 0x7fd19cec0e60>,32,3,[9 5],33,71,74,38,69
1,<environment.Job instance at 0x7fd19cec08c0>,33,17,[10  3],34,74,91,40,71
1,<environment.Job instance at 0x7fd19cece140>,35,1,[ 5 13],36,96,97,60,71
1,<environment.Job instance at 0x7fd19d18f820>,12,18,[4 5],13,97,115,84,87
1,<environment.Job instance at 0x7fd19cece460>,41,17,[ 2 10],42,97,114,55,88
1,<environment.Job instance at 0x7fd19ceceb40>,45,16,[10  3],46,114,130,68,106
1,<environment.Job instance at 0x7fd19ceceb90>,46,1,[3 9],47,115,116,68,106
1,<environment.Job instance at 0x7fd19cecec30>,47,26,[8 5],48,130,156,82,127
1,<environment.Job instance at 0x7fd19cece870>,44,24,[5 9],45,128,152,83,128
1,<environment.Job instance at 0x7fd19cecef00>,53,26,[7 5],54,152,178,98,149
1,<environment.Job instance at 0x7fd19ceceeb0>,51,3,[9 4],52,178,181,126,153
1,<environment.Job instance at 0x7fd19cece730>,55,2,[13  2],56,181,183,125,157
1,<environment.Job instance at 0x7fd19cee8370>,58,16,[3 5],59,183,199,124,171
1,<environment.Job instance at 0x7fd19cee8230>,56,20,[3 6],57,183,203,126,174
1,<environment.Job instance at 0x7fd19cee8690>,63,3,[11  3],64,199,202,135,177
1,<environment.Job instance at 0x7fd19cee87d0>,66,1,[1 9],67,202,203,135,188
1,<environment.Job instance at 0x7fd19cee8b40>,72,1,[7 3],73,196,197,123,196
1,<environment.Job instance at 0x7fd19cee8f50>,73,3,[9 3],74,203,206,129,196
1,<environment.Job instance at 0x7fd19cee8eb0>,74,3,[3 9],75,203,206,128,196
1,<environment.Job instance at 0x7fd19cebc050>,75,2,[4 9],76,206,208,130,196
1,<environment.Job instance at 0x7fd19cebc230>,76,2,[2 8],77,208,210,131,196
1,<environment.Job instance at 0x7fd19cebc2d0>,77,3,[1 6],78,199,202,121,196
1,<environment.Job instance at 0x7fd19cebc370>,78,16,[ 5 13],79,210,226,131,197
1,<environment.Job instance at 0x7fd19cebc550>,81,15,[14  4],82,226,241,144,212
1,<environment.Job instance at 0x7fd19cebc690>,83,2,[9 4],84,241,243,157,215
1,<environment.Job instance at 0x7fd1e38bb8c0>,3,2,[4 8],4,6,8,2,6
1,<environment.Job instance at 0x7fd19d00b050>,6,3,[7 4],7,7,10,0,7
1,<environment.Job instance at 0x7fd19d00b960>,7,1,[8 2],8,8,9,0,8
1,<environment.Job instance at 0x7fd19d00bd20>,8,2,[8 3],9,9,11,0,9
1,<environment.Job instance at 0x7fd19d00b1e0>,9,1,[ 3 10],10,10,11,0,10
1,<environment.Job instance at 0x7fd19d18f960>,10,2,[8 2],11,11,13,0,11
1,<environment.Job instance at 0x7fd19d18ff50>,14,1,[5 8],15,15,16,0,15
1,<environment.Job instance at 0x7fd19d18f4b0>,15,3,[7 3],16,16,19,0,16
1,<environment.Job instance at 0x7fd19d18f370>,16,2,[5 5],17,17,19,0,17
1,<environment.Job instance at 0x7fd19d18f640>,17,3,[ 1 10],18,19,22,1,18
1,<environment.Job instance at 0x7fd19d18f9b0>,18,12,[10  2],19,19,31,0,19
1,<environment.Job instance at 0x7fd19d18f8c0>,19,2,[10  1],20,31,33,11,20
1,<environment.Job instance at 0x7fd19d18f050>,20,3,[8 2],21,33,36,12,21
1,<environment.Job instance at 0x7fd1e38e1140>,22,14,[ 1 10],23,29,43,6,29
1,<environment.Job instance at 0x7fd1e38e14b0>,24,1,[ 5 14],25,43,44,18,29
1,<environment.Job instance at 0x7fd1e38e1a50>,26,21,[3 7],27,44,65,17,36
1,<environment.Job instance at 0x7fd1e38e1410>,28,28,[8 3],29,44,72,15,43
1,<environment.Job instance at 0x7fd19d3301e0>,29,20,[1 9],30,65,85,35,56
1,<environment.Job instance at 0x7fd19d18ff00>,23,2,[12  1],24,72,74,48,56
1,<environment.Job instance at 0x7fd19d330a50>,36,13,[ 5 11],37,85,98,48,73
1,<environment.Job instance at 0x7fd19d330550>,37,2,[13  1],38,74,76,36,73
1,<environment.Job instance at 0x7fd1e09e9690>,38,15,[10  2],39,85,100,46,85
1,<environment.Job instance at 0x7fd1e09e9af0>,44,1,[11  3],45,100,101,55,91
1,<environment.Job instance at 0x7fd19d36a690>,45,12,[1 9],46,98,110,52,98
1,<environment.Job instance at 0x7fd1e09e9910>,46,13,[8 3],47,101,114,54,100
1,<environment.Job instance at 0x7fd19d525050>,49,3,[5 6],50,110,113,60,106
1,<environment.Job instance at 0x7fd19d525dc0>,50,2,[2 9],51,113,115,62,106
1,<environment.Job instance at 0x7fd19d525280>,51,13,[ 1 13],52,115,128,63,106
1,<environment.Job instance at 0x7fd1e38530f0>,52,27,[9 1],53,114,141,61,112
1,<environment.Job instance at 0x7fd1e3853960>,55,1,[9 3],56,141,142,85,116
1,<environment.Job instance at 0x7fd19d003870>,56,21,[12  2],57,142,163,85,134
1,<environment.Job instance at 0x7fd19d4f5140>,57,2,[1 5],58,134,136,76,134
1,<environment.Job instance at 0x7fd19d4f5820>,58,14,[ 1 14],59,163,177,104,148
1,<environment.Job instance at 0x7fd19d4f52d0>,59,20,[2 8],60,177,197,117,168
1,<environment.Job instance at 0x7fd19d4f5280>,60,15,[12  3],61,177,192,116,170
1,<environment.Job instance at 0x7fd1e10c7a50>,61,19,[5 5],62,192,211,130,182
1,<environment.Job instance at 0x7fd1e10c7960>,66,2,[12  3],67,211,213,144,184
1,<environment.Job instance at 0x7fd1e10c7280>,68,1,[ 4 10],69,197,198,128,184
1,<environment.Job instance at 0x7fd1e10c7320>,71,23,[5 9],72,213,236,141,207
1,<environment.Job instance at 0x7fd1e328dcd0>,72,2,[9 4],73,207,209,134,207
1,<environment.Job instance at 0x7fd1e328dfa0>,76,18,[1 5],77,213,231,136,213
1,<environment.Job instance at 0x7fd19d405eb0>,77,3,[ 1 10],78,236,239,158,213
1,<environment.Job instance at 0x7fd19d4059b0>,78,1,[8 4],79,231,232,152,213
1,<environment.Job instance at 0x7fd19d405b40>,79,3,[ 4 11],80,239,242,159,213
1,<environment.Job instance at 0x7fd19d4058c0>,80,2,[6 3],81,232,234,151,213
1,<environment.Job instance at 0x7fd19cee8c30>,0,12,[ 4 12],1,1,13,0,1
1,<environment.Job instance at 0x7fd1e337e910>,4,2,[5 6],5,13,15,8,5
1,<environment.Job instance at 0x7fd1e337edc0>,6,2,[3 9],7,13,15,6,7
1,<environment.Job instance at 0x7fd1e337e870>,10,3,[6 3],11,15,18,4,11
1,<environment.Job instance at 0x7fd1e10ae9b0>,13,2,[2 5],14,15,17,1,14
1,<environment.Job instance at 0x7fd1e10aeeb0>,14,2,[2 8],15,17,19,2,15
1,<environment.Job instance at 0x7fd1e10ae690>,15,22,[9 4],16,18,40,2,16
1,<environment.Job instance at 0x7fd1e10ae6e0>,16,1,[1 5],17,20,21,3,20
1,<environment.Job instance at 0x7fd1e10aec80>,19,27,[5 8],20,38,65,18,38
1,<environment.Job instance at 0x7fd19cd74640>,18,14,[3 7],19,44,58,25,44
1,<environment.Job instance at 0x7fd19cd740a0>,28,2,[5 5],29,58,60,29,52
1,<environment.Job instance at 0x7fd19cd74e60>,29,2,[10  1],30,60,62,30,52
1,<environment.Job instance at 0x7fd19cd74870>,30,1,[10  3],31,62,63,31,52
1,<environment.Job instance at 0x7fd1e3419460>,31,3,[5 8],32,65,68,33,52
1,<environment.Job instance at 0x7fd1e3419eb0>,32,1,[3 9],33,68,69,35,52
1,<environment.Job instance at 0x7fd1e3419190>,33,1,[5 2],34,58,59,24,52
1,<environment.Job instance at 0x7fd1e3419960>,34,3,[5 4],35,63,66,28,52
1,<environment.Job instance at 0x7fd1e34190f0>,35,15,[13  3],36,69,84,33,55
1,<environment.Job instance at 0x7fd1e3419d70>,37,3,[6 4],38,66,69,28,55
1,<environment.Job instance at 0x7fd1e38f9d20>,40,18,[9 4],41,84,102,43,77
1,<environment.Job instance at 0x7fd1e38f9f50>,42,1,[14  1],43,102,103,59,77
1,<environment.Job instance at 0x7fd1e38f95f0>,41,12,[ 4 10],42,84,96,42,80
1,<environment.Job instance at 0x7fd1e38f9280>,44,17,[14  4],45,103,120,58,94
1,<environment.Job instance at 0x7fd1e38f9780>,47,1,[9 4],48,120,121,72,94
1,<environment.Job instance at 0x7fd1e38f93c0>,48,24,[8 2],49,121,145,72,116
1,<environment.Job instance at 0x7fd1e38f9230>,49,27,[ 3 13],50,121,148,71,119
1,<environment.Job instance at 0x7fd1e38f91e0>,50,18,[ 2 12],51,148,166,97,137
1,<environment.Job instance at 0x7fd19d2ea5f0>,54,17,[7 1],55,157,174,102,157
1,<environment.Job instance at 0x7fd19d2eab40>,56,24,[13  3],57,174,198,117,169
1,<environment.Job instance at 0x7fd19d1773c0>,58,1,[7 4],59,169,170,110,169
1,<environment.Job instance at 0x7fd19d177320>,59,2,[10  1],60,198,200,138,171
1,<environment.Job instance at 0x7fd19d177a50>,61,1,[7 1],62,171,172,109,171
1,<environment.Job instance at 0x7fd19d177b40>,62,18,[4 9],63,198,216,135,187
1,<environment.Job instance at 0x7fd19d1772d0>,63,1,[10  4],64,200,201,136,187
1,<environment.Job instance at 0x7fd19d177c80>,65,2,[4 6],66,201,203,135,187
1,<environment.Job instance at 0x7fd19d177460>,67,1,[9 3],68,203,204,135,187
1,<environment.Job instance at 0x7fd1e0b1d410>,69,1,[9 1],70,204,205,134,187
1,<environment.Job instance at 0x7fd19d2eaf00>,55,3,[5 4],56,205,208,149,194
1,<environment.Job instance at 0x7fd1e0b1d960>,72,2,[7 2],73,208,210,135,197
1,<environment.Job instance at 0x7fd1e0b1de60>,73,26,[7 3],74,210,236,136,207
1,<environment.Job instance at 0x7fd1e0b1daf0>,75,12,[9 2],76,236,248,160,219
1,<environment.Job instance at 0x7fd1e0b1d0a0>,78,3,[3 9],79,219,222,140,219
1,<environment.Job instance at 0x7fd1e337e8c0>,0,24,[ 4 14],1,1,25,0,1
1,<environment.Job instance at 0x7fd19cee8aa0>,4,14,[ 1 11],5,25,39,20,13
1,<environment.Job instance at 0x7fd1e0cb96e0>,6,14,[9 1],7,16,30,9,16
1,<environment.Job instance at 0x7fd19cd56640>,15,25,[6 2],16,30,55,14,26
1,<environment.Job instance at 0x7fd19cc9b8c0>,16,2,[ 1 13],17,39,41,22,29
1,<environment.Job instance at 0x7fd1e10e57d0>,11,14,[ 2 10],12,41,55,29,40
1,<environment.Job instance at 0x7fd19d3ea500>,14,12,[7 5],15,67,79,52,67
1,<environment.Job instance at 0x7fd1e0af5d70>,29,3,[3 8],30,67,70,37,67
1,<environment.Job instance at 0x7fd1e0af5690>,32,21,[9 5],33,79,100,46,71
1,<environment.Job instance at 0x7fd1e0af5730>,33,2,[4 9],34,71,73,37,71
1,<environment.Job instance at 0x7fd1e0af5b90>,34,1,[12  5],35,100,101,65,72
1,<environment.Job instance at 0x7fd1e0ad40f0>,35,1,[ 2 14],36,101,102,65,73
1,<environment.Job instance at 0x7fd1e0ad40a0>,37,2,[14  3],38,102,104,64,75
1,<environment.Job instance at 0x7fd1e0ad4640>,38,2,[10  3],39,104,106,65,77
1,<environment.Job instance at 0x7fd1e0ad41e0>,39,3,[4 7],40,77,80,37,77
1,<environment.Job instance at 0x7fd1e34222d0>,40,1,[5 1],41,80,81,39,77
1,<environment.Job instance at 0x7fd1e0b0feb0>,42,15,[ 1 10],43,102,117,59,92
1,<environment.Job instance at 0x7fd1e34093c0>,48,28,[ 2 11],49,117,145,68,116
1,<environment.Job instance at 0x7fd1e34090a0>,49,1,[10  5],50,116,117,66,116
1,<environment.Job instance at 0x7fd1e0b00e10>,26,26,[10  2],27,117,143,90,116
1,<environment.Job instance at 0x7fd19cc58eb0>,53,2,[5 2],54,143,145,89,132
1,<environment.Job instance at 0x7fd19d388960>,56,15,[ 2 12],57,145,160,88,132
1,<environment.Job instance at 0x7fd1e358ab40>,62,3,[6 3],63,164,167,101,164
1,<environment.Job instance at 0x7fd1e099b820>,63,15,[ 5 12],64,164,179,100,164
1,<environment.Job instance at 0x7fd1e3389b90>,64,18,[3 9],65,179,197,114,168
1,<environment.Job instance at 0x7fd1e0af5d20>,30,17,[8 5],31,179,196,148,177
1,<environment.Job instance at 0x7fd1e358a460>,60,12,[ 1 11],61,197,209,136,180
1,<environment.Job instance at 0x7fd1e3289320>,74,3,[5 5],75,209,212,134,197
1,<environment.Job instance at 0x7fd1e3289280>,76,1,[4 9],77,209,210,132,198
1,<environment.Job instance at 0x7fd1e0eb5c30>,67,3,[3 6],68,210,213,142,198
1,<environment.Job instance at 0x7fd1e0eba6e0>,72,12,[3 7],73,212,224,139,204
1,<environment.Job instance at 0x7fd19ce64500>,80,17,[11  3],81,213,230,132,213
1,<environment.Job instance at 0x7fd19cee8870>,3,1,[13  4],4,4,5,0,4
1,<environment.Job instance at 0x7fd19cdd4960>,9,14,[3 7],10,10,24,0,10
1,<environment.Job instance at 0x7fd19cc61aa0>,10,17,[9 5],11,12,29,1,12
1,<environment.Job instance at 0x7fd19cee88c0>,4,17,[12  2],5,29,46,24,17
1,<environment.Job instance at 0x7fd19d29e230>,12,1,[9 1],13,46,47,33,23
1,<environment.Job instance at 0x7fd19ce070a0>,15,3,[ 2 10],16,26,29,10,26
1,<environment.Job instance at 0x7fd19cdf6fa0>,19,21,[10  5],20,47,68,27,39
1,<environment.Job instance at 0x7fd19ce07230>,17,1,[1 8],18,40,41,22,40
1,<environment.Job instance at 0x7fd19cdb04b0>,21,3,[4 9],22,46,49,24,43
1,<environment.Job instance at 0x7fd19cdb0c80>,23,1,[1 6],24,43,44,19,43
1,<environment.Job instance at 0x7fd19d553500>,25,16,[ 4 14],26,68,84,42,55
1,<environment.Job instance at 0x7fd1e0ea1910>,26,3,[ 4 10],27,55,58,28,55
1,<environment.Job instance at 0x7fd1e38c5cd0>,29,1,[5 9],30,58,59,28,57
1,<environment.Job instance at 0x7fd1e3958780>,32,20,[1 9],33,84,104,51,75
1,<environment.Job instance at 0x7fd1e0ae35a0>,34,1,[10  5],35,84,85,49,75
1,<environment.Job instance at 0x7fd1e0ae39b0>,35,3,[4 7],36,104,107,68,78
1,<environment.Job instance at 0x7fd1e3532aa0>,37,26,[ 2 12],38,107,133,69,104
1,<environment.Job instance at 0x7fd19cf486e0>,39,1,[ 3 12],40,133,134,93,105
1,<environment.Job instance at 0x7fd19cf489b0>,40,2,[10  3],41,105,107,64,105
1,<environment.Job instance at 0x7fd19cf48f50>,41,3,[1 9],42,134,137,92,108
1,<environment.Job instance at 0x7fd19cf48be0>,42,3,[11  1],43,108,111,65,108
1,<environment.Job instance at 0x7fd19cf48eb0>,43,1,[9 2],44,111,112,67,108
1,<environment.Job instance at 0x7fd19cf485a0>,45,26,[5 5],46,134,160,88,131
1,<environment.Job instance at 0x7fd19cdb0460>,22,3,[1 8],23,137,140,114,131
1,<environment.Job instance at 0x7fd19d2dfaa0>,49,15,[2 8],50,140,155,90,133
1,<environment.Job instance at 0x7fd19d2df280>,51,1,[10  4],52,155,156,103,133
1,<environment.Job instance at 0x7fd19d2df820>,52,2,[6 2],53,137,139,84,134
1,<environment.Job instance at 0x7fd19d2dfcd0>,55,2,[9 4],56,156,158,100,147
1,<environment.Job instance at 0x7fd1e33206e0>,56,2,[5 5],57,158,160,101,147
1,<environment.Job instance at 0x7fd1e3320460>,58,3,[4 5],59,158,161,99,147
1,<environment.Job instance at 0x7fd1e37580f0>,59,1,[5 7],60,160,161,100,147
1,<environment.Job instance at 0x7fd19d2df3c0>,48,22,[10  5],49,161,183,112,157
1,<environment.Job instance at 0x7fd19d2df410>,50,17,[2 7],51,161,178,110,157
1,<environment.Job instance at 0x7fd1e0de53c0>,62,3,[12  5],63,183,186,120,157
1,<environment.Job instance at 0x7fd1e0f85a00>,63,3,[9 5],64,186,189,122,161
1,<environment.Job instance at 0x7fd1e0f85550>,64,17,[6 3],65,186,203,121,174
1,<environment.Job instance at 0x7fd1e0f855f0>,66,15,[7 3],67,189,204,122,183
1,<environment.Job instance at 0x7fd19d4d5d20>,67,15,[5 4],68,203,218,135,189
1,<environment.Job instance at 0x7fd19d4d5d70>,68,13,[2 8],69,190,203,121,190
1,<environment.Job instance at 0x7fd19d4d5a00>,69,14,[ 1 10],70,204,218,134,190
1,<environment.Job instance at 0x7fd1e10625f0>,70,26,[10  1],71,218,244,147,215
1,<environment.Job instance at 0x7fd19d4d5140>,71,16,[ 2 10],72,218,234,146,215
1,<environment.Job instance at 0x7fd19cddbfa0>,0,22,[ 3 10],1,1,23,0,1
1,<environment.Job instance at 0x7fd1e1077690>,4,3,[5 2],5,5,8,0,5
1,<environment.Job instance at 0x7fd1e395eb40>,5,3,[ 1 10],6,23,26,17,6
1,<environment.Job instance at 0x7fd1e395ec80>,6,3,[5 8],7,26,29,19,7
1,<environment.Job instance at 0x7fd1e378c8c0>,8,1,[2 8],9,29,30,20,9
1,<environment.Job instance at 0x7fd1e378c910>,9,2,[ 5 10],10,30,32,20,10
1,<environment.Job instance at 0x7fd19cc02550>,20,2,[3 7],21,26,28,5,23
1,<environment.Job instance at 0x7fd19cc02c30>,21,18,[ 3 14],22,32,50,10,23
1,<environment.Job instance at 0x7fd19cc02410>,22,2,[8 4],23,23,25,0,23
1,<environment.Job instance at 0x7fd19cc02fa0>,24,16,[10  2],25,50,66,25,37
1,<environment.Job instance at 0x7fd19cc15d20>,30,2,[6 2],31,66,68,35,54
1,<environment.Job instance at 0x7fd19cc15820>,31,2,[10  5],32,68,70,36,54
1,<environment.Job instance at 0x7fd19cc159b0>,28,13,[14  3],29,70,83,41,70
1,<environment.Job instance at 0x7fd19cc15cd0>,39,20,[5 5],40,96,116,56,96
1,<environment.Job instance at 0x7fd1e37a8e60>,40,1,[1 5],41,96,97,55,96
1,<environment.Job instance at 0x7fd1e37a8d70>,42,3,[3 5],43,96,99,53,96
1,<environment.Job instance at 0x7fd1e37a80f0>,43,2,[3 8],44,99,101,55,96
1,<environment.Job instance at 0x7fd1e37a8140>,44,3,[9 1],45,101,104,56,96
1,<environment.Job instance at 0x7fd1e37a86e0>,45,15,[1 9],46,101,116,55,100
1,<environment.Job instance at 0x7fd1e37a89b0>,46,18,[1 8],47,116,134,69,105
1,<environment.Job instance at 0x7fd1e37a8870>,47,2,[13  4],48,116,118,68,105
1,<environment.Job instance at 0x7fd1e37a87d0>,48,1,[3 9],49,134,135,85,106
1,<environment.Job instance at 0x7fd1e37a8b40>,49,1,[5 1],50,106,107,56,106
1,<environment.Job instance at 0x7fd1e3700be0>,50,3,[1 7],51,118,121,67,106
1,<environment.Job instance at 0x7fd1e3700b40>,51,14,[10  5],52,121,135,69,107
1,<environment.Job instance at 0x7fd1e3700500>,52,2,[10  3],53,135,137,82,108
1,<environment.Job instance at 0x7fd1e3700e10>,54,3,[3 5],55,135,138,80,109
1,<environment.Job instance at 0x7fd1e3700c30>,56,13,[13  5],57,138,151,81,122
1,<environment.Job instance at 0x7fd1e3700f50>,57,28,[8 2],58,151,179,93,150
1,<environment.Job instance at 0x7fd1e3700aa0>,63,3,[ 3 10],64,166,169,102,166
1,<environment.Job instance at 0x7fd1e3700af0>,65,2,[5 3],66,169,171,103,166
1,<environment.Job instance at 0x7fd1e3700320>,68,1,[9 4],69,179,180,110,169
1,<environment.Job instance at 0x7fd1e37005f0>,69,2,[7 2],70,171,173,101,169
1,<environment.Job instance at 0x7fd1e0a2ad70>,70,22,[9 5],71,180,202,109,173
1,<environment.Job instance at 0x7fd19cc31c30>,72,27,[8 4],73,202,229,129,200
1,<environment.Job instance at 0x7fd19cc31050>,73,2,[ 1 10],74,200,202,126,200
1,<environment.Job instance at 0x7fd19cc31a00>,74,3,[5 4],75,202,205,127,200
1,<environment.Job instance at 0x7fd19cc31730>,75,2,[4 7],76,205,207,129,200
1,<environment.Job instance at 0x7fd19cc31f50>,82,1,[ 1 13],83,229,230,146,205
1,<environment.Job instance at 0x7fd1e1077730>,2,2,[6 1],3,4,6,1,4
1,<environment.Job instance at 0x7fd1e10770f0>,1,3,[5 8],2,4,7,2,4
1,<environment.Job instance at 0x7fd19cecea50>,9,3,[8 3],10,10,13,0,10
1,<environment.Job instance at 0x7fd1e33d3a00>,10,12,[1 9],11,11,23,0,11
1,<environment.Job instance at 0x7fd1e3529050>,12,18,[3 6],13,17,35,4,17
1,<environment.Job instance at 0x7fd1e3958910>,14,2,[8 3],15,23,25,8,18
1,<environment.Job instance at 0x7fd1e3958dc0>,15,3,[2 5],16,23,26,7,18
1,<environment.Job instance at 0x7fd1e39588c0>,16,2,[9 3],17,25,27,8,18
1,<environment.Job instance at 0x7fd19d279870>,17,1,[5 9],18,27,28,9,18
1,<environment.Job instance at 0x7fd1e3958230>,18,18,[2 8],19,28,46,9,22
1,<environment.Job instance at 0x7fd19d279730>,19,3,[7 2],20,35,38,15,22
1,<environment.Job instance at 0x7fd19d1e78c0>,21,18,[8 4],22,38,56,16,29
1,<environment.Job instance at 0x7fd19d1e7fa0>,24,12,[13  3],25,56,68,31,41
1,<environment.Job instance at 0x7fd19d1e7c80>,27,3,[10  4],28,68,71,40,51
1,<environment.Job instance at 0x7fd19d1d6b40>,28,1,[3 9],29,51,52,22,51
1,<environment.Job instance at 0x7fd19d1d6dc0>,31,2,[ 3 10],32,68,70,36,67
1,<environment.Job instance at 0x7fd19d1d6050>,32,1,[1 8],33,67,68,34,67
1,<environment.Job instance at 0x7fd19d1d6820>,33,2,[7 5],34,71,73,37,67
1,<environment.Job instance at 0x7fd19d1d6c80>,34,1,[6 5],35,71,72,36,67
1,<environment.Job instance at 0x7fd19d1d6be0>,35,28,[5 5],36,72,100,36,71
1,<environment.Job instance at 0x7fd1e104e2d0>,6,16,[10  4],7,79,95,72,79
1,<environment.Job instance at 0x7fd19d1f3aa0>,40,12,[ 4 14],41,100,112,59,87
1,<environment.Job instance at 0x7fd19cc31f50>,7,3,[ 5 11],8,112,115,104,88
1,<environment.Job instance at 0x7fd1e37d0460>,41,21,[4 8],42,115,136,73,107
1,<environment.Job instance at 0x7fd19d537370>,45,2,[5 5],46,115,117,69,107
1,<environment.Job instance at 0x7fd19d53a1e0>,48,1,[ 1 11],49,136,137,87,108
1,<environment.Job instance at 0x7fd19d2a20f0>,50,21,[6 2],51,112,133,61,108
1,<environment.Job instance at 0x7fd19d548eb0>,39,18,[1 5],40,117,135,77,108
1,<environment.Job instance at 0x7fd19cfdccd0>,52,3,[3 6],53,137,140,84,114
1,<environment.Job instance at 0x7fd1e37bed70>,57,12,[8 1],58,133,145,75,122
1,<environment.Job instance at 0x7fd1e37be960>,58,22,[4 8],59,137,159,78,130
1,<environment.Job instance at 0x7fd19d559a50>,38,14,[3 7],39,145,159,106,130
1,<environment.Job instance at 0x7fd19cfe3690>,56,1,[10  1],57,159,160,102,132
1,<environment.Job instance at 0x7fd1e37cc0a0>,59,16,[ 4 11],60,159,175,99,150
1,<environment.Job instance at 0x7fd1e37e85a0>,70,1,[10  2],71,160,161,89,152
1,<environment.Job instance at 0x7fd1e37cc280>,60,28,[4 7],61,175,203,114,175
1,<environment.Job instance at 0x7fd1e37e85f0>,78,18,[2 9],79,203,221,124,192
1,<environment.Job instance at 0x7fd1e32ff050>,82,2,[1 7],83,221,223,138,203
1,<environment.Job instance at 0x7fd1e32ff370>,83,1,[ 4 10],84,223,224,139,203
1,<environment.Job instance at 0x7fd1e32ff910>,84,3,[4 7],85,224,227,139,203
1,<environment.Job instance at 0x7fd1e32ffc30>,85,3,[3 8],86,224,227,138,203
1,<environment.Job instance at 0x7fd1e32fff50>,86,16,[7 1],87,203,219,116,203
1,<environment.Job instance at 0x7fd1e32ff2d0>,87,13,[5 5],88,207,220,119,207
1,<environment.Job instance at 0x7fd1e3312e60>,88,17,[ 1 10],89,227,244,138,215
1,<environment.Job instance at 0x7fd19cc3b7d0>,1,2,[9 4],2,2,4,0,2
1,<environment.Job instance at 0x7fd19d1e75f0>,2,3,[10  3],3,4,7,1,3
1,<environment.Job instance at 0x7fd1e3700a00>,6,3,[ 5 11],7,7,10,0,7
1,<environment.Job instance at 0x7fd19cc12730>,4,13,[10  1],5,13,26,8,13
1,<environment.Job instance at 0x7fd1e0eb5730>,16,25,[6 2],17,27,52,10,27
1,<environment.Job instance at 0x7fd19cccdd20>,18,2,[10  5],19,52,54,33,27
1,<environment.Job instance at 0x7fd1e0eb59b0>,15,18,[9 4],16,29,47,13,29
1,<environment.Job instance at 0x7fd19d54f7d0>,21,3,[3 8],22,47,50,25,44
1,<environment.Job instance at 0x7fd19cccdcd0>,24,1,[8 1],25,50,51,25,45
1,<environment.Job instance at 0x7fd1e3703eb0>,25,18,[3 6],26,51,69,25,45
1,<environment.Job instance at 0x7fd1e3703c30>,26,12,[10  1],27,54,66,27,45
1,<environment.Job instance at 0x7fd1e100cd20>,27,1,[5 3],28,47,48,19,47
1,<environment.Job instance at 0x7fd19cd12280>,31,20,[5 3],32,66,86,34,57
1,<environment.Job instance at 0x7fd1e39499b0>,13,17,[8 4],14,69,86,55,60
1,<environment.Job instance at 0x7fd19cf88820>,33,1,[2 7],34,63,64,29,63
1,<environment.Job instance at 0x7fd19cf88140>,32,24,[8 2],33,86,110,53,81
1,<environment.Job instance at 0x7fd19cf884b0>,35,1,[3 9],36,86,87,50,81
1,<environment.Job instance at 0x7fd19ccfae10>,9,18,[ 3 10],10,87,105,77,87
1,<environment.Job instance at 0x7fd19cf88c30>,42,2,[ 1 12],43,105,107,62,91
1,<environment.Job instance at 0x7fd19cf88410>,37,12,[13  5],38,110,122,72,95
1,<environment.Job instance at 0x7fd19d119140>,49,25,[1 7],50,107,132,57,103
1,<environment.Job instance at 0x7fd1e38f9050>,54,12,[4 7],55,122,134,67,121
1,<environment.Job instance at 0x7fd1e38f9dc0>,55,13,[1 5],56,132,145,76,121
1,<environment.Job instance at 0x7fd1e38f95f0>,56,17,[10  4],57,134,151,77,122
1,<environment.Job instance at 0x7fd1e38f92d0>,58,14,[ 5 11],59,145,159,86,131
1,<environment.Job instance at 0x7fd1e342ecd0>,67,3,[6 4],68,158,161,90,158
1,<environment.Job instance at 0x7fd1e342e9b0>,68,17,[9 3],69,161,178,92,161
1,<environment.Job instance at 0x7fd1e342eb40>,69,2,[2 5],70,161,163,91,161
1,<environment.Job instance at 0x7fd1e342ec30>,70,14,[10  1],71,178,192,107,163
1,<environment.Job instance at 0x7fd19cc28410>,74,27,[1 7],75,176,203,101,176
1,<environment.Job instance at 0x7fd1e33eed20>,75,1,[10  2],76,192,193,116,176
1,<environment.Job instance at 0x7fd19d148cd0>,79,1,[5 4],80,193,194,113,179
1,<environment.Job instance at 0x7fd19d39f320>,80,3,[5 5],81,194,197,113,180
1,<environment.Job instance at 0x7fd1e3409370>,81,12,[ 5 10],82,203,215,121,186
1,<environment.Job instance at 0x7fd1e0c2cc30>,86,16,[1 9],87,215,231,128,202
1,<environment.Job instance at 0x7fd1e0d58230>,7,18,[2 7],8,10,28,2,10
1,<environment.Job instance at 0x7fd1e0d58be0>,10,22,[9 3],11,11,33,0,11
1,<environment.Job instance at 0x7fd19cd4f320>,11,28,[1 5],12,12,40,0,12
1,<environment.Job instance at 0x7fd19cd4fb40>,12,12,[ 4 14],13,40,52,27,23
1,<environment.Job instance at 0x7fd19cd4fdc0>,16,14,[11  1],17,33,47,16,23
1,<environment.Job instance at 0x7fd19cd4f7d0>,17,22,[7 3],18,52,74,34,45
1,<environment.Job instance at 0x7fd19cd4f4b0>,18,1,[10  3],19,74,75,55,46
1,<environment.Job instance at 0x7fd1e0d58aa0>,13,2,[5 4],14,52,54,38,46
1,<environment.Job instance at 0x7fd1e37a43c0>,22,3,[4 7],23,54,57,31,48
1,<environment.Job instance at 0x7fd1e37a4960>,24,2,[14  4],25,75,77,50,49
1,<environment.Job instance at 0x7fd1e37a4cd0>,25,3,[14  3],26,77,80,51,51
1,<environment.Job instance at 0x7fd1e0d42550>,8,12,[ 1 13],9,80,92,71,64
1,<environment.Job instance at 0x7fd1e3944b90>,3,3,[1 5],4,68,71,64,68
1,<environment.Job instance at 0x7fd1e37a4af0>,26,18,[12  4],27,92,110,65,81
1,<environment.Job instance at 0x7fd1e37a4e60>,31,27,[6 5],32,110,137,78,108
1,<environment.Job instance at 0x7fd1e37a4b40>,32,1,[ 3 10],33,108,109,75,108
1,<environment.Job instance at 0x7fd1e37a4dc0>,33,3,[ 1 13],34,137,140,103,111
1,<environment.Job instance at 0x7fd1e37a4140>,28,14,[5 9],29,111,125,82,111
1,<environment.Job instance at 0x7fd1e1087280>,38,25,[10  1],39,137,162,98,133
1,<environment.Job instance at 0x7fd1e1087eb0>,39,23,[4 9],40,140,163,100,136
1,<environment.Job instance at 0x7fd1e37a48c0>,27,3,[ 4 13],28,163,166,135,142
1,<environment.Job instance at 0x7fd1e10879b0>,46,1,[8 3],47,162,163,115,146
1,<environment.Job instance at 0x7fd1e1087960>,47,25,[1 9],48,166,191,118,162
1,<environment.Job instance at 0x7fd1e0af3910>,49,27,[9 3],50,166,193,116,164
1,<environment.Job instance at 0x7fd1e38ba7d0>,61,1,[6 4],62,191,192,129,178
1,<environment.Job instance at 0x7fd19d4efd70>,63,3,[1 5],64,192,195,128,192
1,<environment.Job instance at 0x7fd19d4efaf0>,65,3,[2 5],66,192,195,126,192
1,<environment.Job instance at 0x7fd19d4efa50>,66,2,[3 9],67,195,197,128,192
1,<environment.Job instance at 0x7fd19d4efbe0>,68,2,[8 3],69,202,204,133,202
1,<environment.Job instance at 0x7fd19d4efa00>,69,1,[5 6],70,202,203,132,202
1,<environment.Job instance at 0x7fd19d4ef050>,71,1,[10  2],72,205,206,133,205
1,<environment.Job instance at 0x7fd19d4efb40>,72,1,[10  1],73,206,207,133,205
1,<environment.Job instance at 0x7fd19d4ef9b0>,73,1,[ 4 14],74,206,207,132,205
1,<environment.Job instance at 0x7fd19d4ef230>,74,2,[5 6],75,207,209,132,205
1,<environment.Job instance at 0x7fd19d4ef4b0>,75,3,[7 1],76,207,210,131,205
1,<environment.Job instance at 0x7fd19d4efc30>,76,2,[2 9],77,209,211,132,205
1,<environment.Job instance at 0x7fd19d4ef5f0>,77,2,[2 7],78,207,209,129,205
1,<environment.Job instance at 0x7fd1e1087190>,37,16,[6 5],38,211,227,173,211
1,<environment.Job instance at 0x7fd1e1087730>,36,16,[ 1 12],37,227,243,190,216
1,<environment.Job instance at 0x7fd1e0af3dc0>,51,28,[6 2],52,216,244,164,216
1,<environment.Job instance at 0x7fd19cc41690>,2,3,[10  5],3,3,6,0,3
1,<environment.Job instance at 0x7fd1e354be60>,5,1,[8 3],6,6,7,0,6
1,<environment.Job instance at 0x7fd1e0bfe320>,6,1,[12  5],7,7,8,0,7
1,<environment.Job instance at 0x7fd1e358a460>,8,2,[8 4],9,9,11,0,9
1,<environment.Job instance at 0x7fd1e358ab40>,11,12,[ 5 10],12,15,27,3,15
1,<environment.Job instance at 0x7fd1e358a410>,12,15,[9 5],13,17,32,4,17
1,<environment.Job instance at 0x7fd19cb9d280>,15,2,[10  4],16,32,34,16,19
1,<environment.Job instance at 0x7fd19cb9ddc0>,16,1,[5 5],17,27,28,10,20
1,<environment.Job instance at 0x7fd1e358a640>,9,16,[13  2],10,34,50,24,22
1,<environment.Job instance at 0x7fd19d0e1280>,23,22,[2 8],24,28,50,4,24
1,<environment.Job instance at 0x7fd19d274460>,32,20,[ 1 10],33,50,70,17,41
1,<environment.Job instance at 0x7fd19d4cadc0>,35,13,[13  1],36,50,63,14,44
1,<environment.Job instance at 0x7fd19d4ca050>,38,17,[ 3 13],39,70,87,31,58
1,<environment.Job instance at 0x7fd1e0c48280>,41,1,[10  4],42,63,64,21,58
1,<environment.Job instance at 0x7fd1e0c48eb0>,45,13,[ 4 14],46,87,100,41,71
1,<environment.Job instance at 0x7fd1e0c48870>,49,3,[3 6],50,100,103,50,89
1,<environment.Job instance at 0x7fd1e0c489b0>,50,2,[3 7],51,100,102,49,89
1,<environment.Job instance at 0x7fd1e0c1ddc0>,51,19,[6 5],52,102,121,50,92
1,<environment.Job instance at 0x7fd1e0c1dc80>,52,25,[3 6],53,103,128,50,99
1,<environment.Job instance at 0x7fd1e0c1df50>,54,3,[ 2 10],55,128,131,73,102
1,<environment.Job instance at 0x7fd1e0c1db90>,58,3,[ 1 13],59,131,134,72,111
1,<environment.Job instance at 0x7fd1e0c1d3c0>,56,3,[9 5],57,121,124,64,111
1,<environment.Job instance at 0x7fd1e0c41be0>,64,2,[9 3],65,124,126,59,111
1,<environment.Job instance at 0x7fd1e0c41140>,68,3,[1 8],69,134,137,65,117
1,<environment.Job instance at 0x7fd1e0c41780>,69,1,[5 8],70,126,127,56,117
1,<environment.Job instance at 0x7fd1e0c41690>,72,18,[ 5 10],73,137,155,64,134
1,<environment.Job instance at 0x7fd1e0c416e0>,67,16,[8 2],68,136,152,68,136
1,<environment.Job instance at 0x7fd1e0c41f00>,73,17,[13  3],74,155,172,81,144
1,<environment.Job instance at 0x7fd19cb9d730>,19,2,[10  4],20,152,154,132,146
1,<environment.Job instance at 0x7fd1e0c410f0>,77,13,[12  4],78,172,185,94,156
1,<environment.Job instance at 0x7fd1e0c342d0>,79,1,[8 1],80,185,186,105,161
1,<environment.Job instance at 0x7fd1e0c34370>,83,2,[ 3 10],84,172,174,88,162
1,<environment.Job instance at 0x7fd1e0c2f730>,85,21,[3 8],86,174,195,88,166
1,<environment.Job instance at 0x7fd1e0c2fbe0>,90,19,[5 1],91,186,205,95,176
1,<environment.Job instance at 0x7fd1e0c2fc30>,92,21,[1 8],93,195,216,102,187
1,<environment.Job instance at 0x7fd1e0c2f460>,96,17,[10  2],97,205,222,108,193
1,<environment.Job instance at 0x7f245ae41320>,1,3,[ 2 10],2,2,5,0,2
1,<environment.Job instance at 0x7f2453a314b0>,5,2,[1 6],6,6,8,0,6
1,<environment.Job instance at 0x7f2453a317d0>,8,17,[1 8],9,21,38,12,21
1,<environment.Job instance at 0x7f2453a31b90>,14,21,[8 1],15,27,48,12,27
1,<environment.Job instance at 0x7f2453a31a50>,12,23,[6 4],13,32,55,19,32
1,<environment.Job instance at 0x7f2453a31c30>,15,3,[2 8],16,48,51,32,39
1,<environment.Job instance at 0x7f2453a31f50>,18,26,[7 4],19,51,77,32,48
1,<environment.Job instance at 0x7f2453a31cd0>,16,18,[7 3],17,55,73,38,49
1,<environment.Job instance at 0x7f2453a336e0>,28,17,[ 1 13],29,77,94,48,74
1,<environment.Job instance at 0x7f2453a33730>,29,2,[4 7],30,74,76,44,74
1,<environment.Job instance at 0x7f2453a338c0>,30,26,[9 4],31,94,120,63,91
1,<environment.Job instance at 0x7f245ae411e0>,3,22,[2 5],4,94,116,90,92
1,<environment.Job instance at 0x7f2453a33b40>,33,26,[3 6],34,94,120,60,93
1,<environment.Job instance at 0x7f2453a33960>,31,1,[ 2 14],32,120,121,88,109
1,<environment.Job instance at 0x7f2453a33fa0>,40,26,[ 1 10],41,121,147,80,118
1,<environment.Job instance at 0x7f2453a36500>,46,2,[3 5],47,125,127,78,125
1,<environment.Job instance at 0x7f2453a36cd0>,57,16,[ 2 11],58,157,173,99,157
1,<environment.Job instance at 0x7f2453a351e0>,59,19,[1 7],60,174,193,114,174
1,<environment.Job instance at 0x7f2453a350f0>,60,2,[2 6],61,174,176,113,174
1,<environment.Job instance at 0x7f2453a35190>,61,1,[7 5],62,176,177,114,174
1,<environment.Job instance at 0x7f2453a35410>,64,2,[2 8],65,180,182,115,180
1,<environment.Job instance at 0x7f2453a354b0>,65,1,[5 8],66,182,183,116,180
1,<environment.Job instance at 0x7f2453a35550>,66,2,[7 2],67,183,185,116,180
1,<environment.Job instance at 0x7f2453a357d0>,70,1,[5 4],71,197,198,126,197
1,<environment.Job instance at 0x7f2453a35870>,71,2,[5 1],72,197,199,125,197
1,<environment.Job instance at 0x7f2453a359b0>,73,2,[9 3],74,198,200,124,197
1,<environment.Job instance at 0x7f2453a35d70>,74,2,[1 7],75,197,199,122,197
1,<environment.Job instance at 0x7f2453a35e60>,75,3,[10  4],76,200,203,124,197
1,<environment.Job instance at 0x7f2453a35f00>,76,13,[10  1],77,203,216,126,197
1,<environment.Job instance at 0x7f2453a31fa0>,19,25,[5 9],20,207,232,187,207
1,<environment.Job instance at 0x7f2453a35be0>,80,1,[5 5],81,216,217,135,210
1,<environment.Job instance at 0x7f2453a3ec80>,6,1,[9 5],7,7,8,0,7
1,<environment.Job instance at 0x7f2453a4a280>,7,28,[ 2 10],8,8,36,0,8
1,<environment.Job instance at 0x7f245ae6a280>,9,1,[5 5],10,10,11,0,10
1,<environment.Job instance at 0x7f245ae6ab90>,14,20,[13  4],15,21,41,6,21
1,<environment.Job instance at 0x7f245ae6afa0>,15,3,[9 2],16,41,44,25,21
1,<environment.Job instance at 0x7f245ae6a9b0>,17,2,[3 8],18,41,43,23,21
1,<environment.Job instance at 0x7f245ae6a410>,18,3,[4 8],19,43,46,24,21
1,<environment.Job instance at 0x7f245ae40b90>,20,12,[5 1],21,44,56,23,27
1,<environment.Job instance at 0x7f245ae40e10>,21,22,[5 6],22,44,66,22,37
1,<environment.Job instance at 0x7f245ae40280>,23,1,[12  5],24,66,67,42,42
1,<environment.Job instance at 0x7f245afb81e0>,27,21,[10  4],28,67,88,39,59
1,<environment.Job instance at 0x7f245afa8b40>,29,2,[ 4 10],30,67,69,37,59
1,<environment.Job instance at 0x7f245afa8640>,30,24,[1 5],31,69,93,38,64
1,<environment.Job instance at 0x7f245afa8be0>,32,20,[10  5],33,88,108,55,79
1,<environment.Job instance at 0x7f245afa8a00>,33,2,[9 4],34,108,110,74,81
1,<environment.Job instance at 0x7f245afb67d0>,35,2,[5 6],36,93,95,57,81
1,<environment.Job instance at 0x7f245afb6aa0>,36,13,[ 5 14],37,110,123,73,94
1,<environment.Job instance at 0x7f245afb6fa0>,37,3,[5 6],38,95,98,57,94
1,<environment.Job instance at 0x7f245afb6b40>,43,24,[3 7],44,123,147,79,118
1,<environment.Job instance at 0x7f245ae6d230>,44,19,[3 8],45,123,142,78,118
1,<environment.Job instance at 0x7f245ae6de60>,46,3,[10  3],47,142,145,95,118
1,<environment.Job instance at 0x7f245ae6d370>,48,2,[5 7],49,145,147,96,122
1,<environment.Job instance at 0x7f245afa9960>,49,2,[10  2],50,147,149,97,122
1,<environment.Job instance at 0x7f245afa9140>,52,1,[8 3],53,149,150,96,137
1,<environment.Job instance at 0x7f245afa9c30>,53,3,[2 5],54,142,145,88,137
1,<environment.Job instance at 0x7f245afa9730>,54,19,[6 2],55,149,168,94,139
1,<environment.Job instance at 0x7f245afa9fa0>,55,1,[9 3],56,150,151,94,139
1,<environment.Job instance at 0x7f245afb6410>,40,17,[4 7],41,151,168,110,142
1,<environment.Job instance at 0x7f245afae5a0>,59,1,[5 3],60,151,152,91,150
1,<environment.Job instance at 0x7f245afae050>,61,3,[9 5],62,168,171,106,156
1,<environment.Job instance at 0x7f245afae9b0>,62,15,[ 2 14],63,171,186,108,157
1,<environment.Job instance at 0x7f245afae370>,64,26,[3 9],65,186,212,121,183
1,<environment.Job instance at 0x7f245afb5a00>,67,2,[5 3],68,186,188,118,185
1,<environment.Job instance at 0x7f245afb56e0>,69,3,[10  4],70,188,191,118,185
1,<environment.Job instance at 0x7f245afb5f00>,70,23,[4 7],71,212,235,141,206
1,<environment.Job instance at 0x7f245afb5dc0>,72,3,[8 2],73,206,209,133,206
1,<environment.Job instance at 0x7f245afb5c30>,74,3,[5 6],75,209,212,134,206
1,<environment.Job instance at 0x7f245afb53c0>,75,19,[ 1 10],76,235,254,159,225
1,<environment.Job instance at 0x7f245afb2eb0>,77,2,[10  3],78,225,227,147,225
1,<environment.Job instance at 0x7f245afb2eb0>,2,1,[1 5],3,3,4,0,3
1,<environment.Job instance at 0x7f2453a3e780>,4,3,[5 4],5,5,8,0,5
1,<environment.Job instance at 0x7f240fde6dc0>,14,3,[7 5],15,19,22,4,19
1,<environment.Job instance at 0x7f240fde6410>,15,2,[5 8],16,19,21,3,19
1,<environment.Job instance at 0x7f240fd10d20>,6,15,[6 5],7,22,37,15,22
1,<environment.Job instance at 0x7f240ff45230>,3,26,[5 3],4,22,48,18,22
1,<environment.Job instance at 0x7f240fde6cd0>,18,20,[5 2],19,37,57,18,32
1,<environment.Job instance at 0x7f240fde6820>,23,2,[7 3],24,48,50,24,37
1,<environment.Job instance at 0x7f240fde62d0>,25,2,[5 7],26,50,52,24,50
1,<environment.Job instance at 0x7f240fdd8b40>,26,2,[8 1],27,52,54,25,50
1,<environment.Job instance at 0x7f240fdd8c80>,27,27,[9 5],28,54,81,26,52
1,<environment.Job instance at 0x7f240fde6a00>,21,20,[ 4 10],22,57,77,35,53
1,<environment.Job instance at 0x7f240fdd8410>,31,3,[9 4],32,81,84,49,65
1,<environment.Job instance at 0x7f240fdd82d0>,35,1,[6 3],36,77,78,41,73
1,<environment.Job instance at 0x7f240fdd8af0>,37,1,[1 5],38,78,79,40,76
1,<environment.Job instance at 0x7f240fe320f0>,40,1,[7 2],41,91,92,50,91
1,<environment.Job instance at 0x7f240fe320a0>,41,17,[ 5 14],42,92,109,50,91
1,<environment.Job instance at 0x7f240fe32370>,42,25,[ 3 11],43,109,134,66,105
1,<environment.Job instance at 0x7f240fdd8f50>,29,14,[12  2],30,109,123,79,108
1,<environment.Job instance at 0x7f240fe32280>,44,17,[13  5],45,134,151,89,122
1,<environment.Job instance at 0x7f240fe32d20>,51,3,[9 4],52,151,154,99,134
1,<environment.Job instance at 0x7f240fe32190>,52,2,[6 5],53,151,153,98,134
1,<environment.Job instance at 0x7f240fe32c30>,56,1,[9 2],57,154,155,97,142
1,<environment.Job instance at 0x7f240fe32dc0>,57,2,[1 8],58,142,144,84,142
1,<environment.Job instance at 0x7f240fe324b0>,59,18,[5 6],60,153,171,93,148
1,<environment.Job instance at 0x7f240fe0dd70>,61,2,[9 2],62,157,159,95,157
1,<environment.Job instance at 0x7f240fe0d8c0>,62,2,[7 5],63,159,161,96,157
1,<environment.Job instance at 0x7f240fde6870>,20,15,[5 8],21,161,176,140,157
1,<environment.Job instance at 0x7f240fe0dc30>,64,2,[5 8],65,176,178,111,160
1,<environment.Job instance at 0x7f240fe32140>,45,13,[ 5 14],46,178,191,132,163
1,<environment.Job instance at 0x7f240fe0d640>,67,12,[13  4],68,191,203,123,176
1,<environment.Job instance at 0x7f240fe0d2d0>,74,1,[10  5],75,203,204,128,195
1,<environment.Job instance at 0x7f240fe0ddc0>,75,3,[10  5],76,204,207,128,195
1,<environment.Job instance at 0x7f240fe0d320>,76,2,[5 5],77,203,205,126,195
1,<environment.Job instance at 0x7f240fe0d050>,77,3,[9 3],78,207,210,129,195
1,<environment.Job instance at 0x7f240fe0d9b0>,78,3,[10  2],79,210,213,131,195
1,<environment.Job instance at 0x7f240fe0d690>,79,15,[ 2 10],80,205,220,125,196
1,<environment.Job instance at 0x7f240fe0a190>,80,3,[6 2],81,213,216,132,196
1,<environment.Job instance at 0x7f240fe0a0f0>,81,1,[5 8],82,220,221,138,196
1,<environment.Job instance at 0x7f240fe0aaa0>,84,21,[4 9],85,221,242,136,213
1,<environment.Job instance at 0x7f240fe0ae60>,85,3,[5 2],86,213,216,127,213
1,<environment.Job instance at 0x7f245ae40910>,2,1,[10  4],3,3,4,0,3
1,<environment.Job instance at 0x7f240fddc8c0>,5,3,[8 3],6,6,9,0,6
1,<environment.Job instance at 0x7f240fddc550>,7,2,[ 3 11],8,8,10,0,8
1,<environment.Job instance at 0x7f240fddc870>,8,15,[10  4],9,11,26,2,11
1,<environment.Job instance at 0x7f241020dfa0>,13,18,[1 6],14,16,34,2,16
1,<environment.Job instance at 0x7f241020da50>,15,1,[1 6],16,28,29,12,28
1,<environment.Job instance at 0x7f241020db40>,16,27,[2 6],17,29,56,12,28
1,<environment.Job instance at 0x7f241020d5a0>,19,1,[8 5],20,39,40,19,39
1,<environment.Job instance at 0x7f241020df00>,20,14,[ 4 14],21,56,70,35,41
1,<environment.Job instance at 0x7f241020d640>,22,2,[2 7],23,47,49,24,47
1,<environment.Job instance at 0x7f24101f54b0>,23,1,[8 3],24,49,50,25,47
1,<environment.Job instance at 0x7f24101f5320>,26,2,[7 5],27,54,56,27,54
1,<environment.Job instance at 0x7f24101f5460>,27,1,[2 8],28,70,71,42,54
1,<environment.Job instance at 0x7f24101f5550>,28,3,[2 9],29,71,74,42,54
1,<environment.Job instance at 0x7f24101f56e0>,29,3,[2 7],30,74,77,44,54
1,<environment.Job instance at 0x7f24101f55f0>,31,3,[3 8],32,74,77,42,58
1,<environment.Job instance at 0x7f24101f5820>,33,1,[7 1],34,69,70,35,69
1,<environment.Job instance at 0x7f240fddc960>,9,2,[2 7],10,77,79,67,74
1,<environment.Job instance at 0x7f245ad65fa0>,37,23,[2 8],38,77,100,39,74
1,<environment.Job instance at 0x7f24539ec190>,36,21,[ 4 10],37,100,121,63,92
1,<environment.Job instance at 0x7f24539d80f0>,43,1,[5 8],44,121,122,77,104
1,<environment.Job instance at 0x7f24539d8d70>,44,13,[ 4 11],45,122,135,77,106
1,<environment.Job instance at 0x7f24100ef410>,47,1,[7 2],48,116,117,68,116
1,<environment.Job instance at 0x7f24100e1820>,49,17,[12  4],50,135,152,85,123
1,<environment.Job instance at 0x7f245ae901e0>,38,3,[11  1],39,152,155,113,134
1,<environment.Job instance at 0x7f24100e1cd0>,51,1,[3 6],52,135,136,83,134
1,<environment.Job instance at 0x7f24100e1a50>,53,13,[ 4 10],54,152,165,98,136
1,<environment.Job instance at 0x7f24100e1910>,52,3,[14  5],53,165,168,112,144
1,<environment.Job instance at 0x7f24100e1640>,55,3,[8 5],56,155,158,99,147
1,<environment.Job instance at 0x7f245ae83500>,39,19,[13  3],40,168,187,128,162
1,<environment.Job instance at 0x7f24100e1f50>,56,14,[2 5],57,168,182,111,166
1,<environment.Job instance at 0x7f24100e1780>,50,25,[6 4],51,187,212,136,183
1,<environment.Job instance at 0x7f24100e1690>,54,24,[5 5],55,187,211,132,183
1,<environment.Job instance at 0x7f240feb8b90>,62,1,[4 8],63,211,212,148,185
1,<environment.Job instance at 0x7f240feb8cd0>,64,1,[ 3 10],65,212,213,147,186
1,<environment.Job instance at 0x7f240feb8b40>,63,3,[10  3],64,212,215,148,188
1,<environment.Job instance at 0x7f240feb8370>,69,2,[ 5 14],70,215,217,145,200
1,<environment.Job instance at 0x7f24100e0be0>,71,2,[7 2],72,217,219,145,200
1,<environment.Job instance at 0x7f24100e05a0>,72,2,[4 9],73,213,215,140,200
1,<environment.Job instance at 0x7f240feb32d0>,74,3,[2 8],75,217,220,142,215
1,<environment.Job instance at 0x7f240feb3d20>,76,12,[10  2],77,223,235,146,223
1,<environment.Job instance at 0x7f240feb39b0>,77,12,[6 2],78,235,247,157,226
1,<environment.Job instance at 0x7f245379bbe0>,2,26,[5 8],3,3,29,0,3
1,<environment.Job instance at 0x7f245382e730>,5,1,[5 4],6,6,7,0,6
1,<environment.Job instance at 0x7f2453a9b5f0>,6,2,[ 5 13],7,29,31,22,7
1,<environment.Job instance at 0x7f2453a1cdc0>,13,22,[3 5],14,31,53,17,24
1,<environment.Job instance at 0x7f241006cb90>,18,2,[12  3],19,31,33,12,24
1,<environment.Job instance at 0x7f241006ccd0>,20,22,[7 1],21,33,55,12,30
1,<environment.Job instance at 0x7f241006ceb0>,22,21,[5 7],23,42,63,19,42
1,<environment.Job instance at 0x7f241006caa0>,24,2,[ 5 10],25,63,65,38,46
1,<environment.Job instance at 0x7f240fc3a280>,27,1,[ 4 10],28,65,66,37,62
1,<environment.Job instance at 0x7f240fc3a320>,30,3,[10  1],31,63,66,32,63
1,<environment.Job instance at 0x7f240fc3a0f0>,32,3,[6 5],33,66,69,33,66
1,<environment.Job instance at 0x7f240fc3a690>,36,2,[2 6],37,95,97,58,95
1,<environment.Job instance at 0x7f240fc3a730>,37,1,[5 1],38,95,96,57,95
1,<environment.Job instance at 0x7f240fc3a7d0>,38,1,[10  1],39,96,97,57,95
1,<environment.Job instance at 0x7f240fc3a870>,39,2,[4 7],40,97,99,57,95
1,<environment.Job instance at 0x7f240fc3a910>,40,26,[3 7],41,95,121,54,95
1,<environment.Job instance at 0x7f240fdf07d0>,10,14,[7 2],11,99,113,88,97
1,<environment.Job instance at 0x7f240fc3a9b0>,41,18,[11  5],42,113,131,71,102
1,<environment.Job instance at 0x7f240fc3c2d0>,49,1,[12  2],50,131,132,81,127
1,<environment.Job instance at 0x7f240fc3c370>,50,13,[10  1],51,132,145,81,127
1,<environment.Job instance at 0x7f240fc3c410>,51,3,[5 1],52,132,135,80,127
1,<environment.Job instance at 0x7f240fc3c4b0>,52,24,[1 9],53,135,159,82,130
1,<environment.Job instance at 0x7f240fddcdc0>,11,1,[13  4],12,145,146,133,133
1,<environment.Job instance at 0x7f240fc3adc0>,46,1,[10  1],47,146,147,99,134
1,<environment.Job instance at 0x7f240fc3c640>,57,2,[3 7],58,159,161,101,139
1,<environment.Job instance at 0x7f240fc3c870>,58,2,[1 6],59,147,149,88,139
1,<environment.Job instance at 0x7f240fc3c910>,59,3,[7 2],60,149,152,89,139
1,<environment.Job instance at 0x7f240fc3c5f0>,54,12,[9 3],55,153,165,98,153
1,<environment.Job instance at 0x7f240fc3cb40>,63,2,[ 3 13],64,165,167,101,153
1,<environment.Job instance at 0x7f240fc3caf0>,64,1,[3 5],65,159,160,94,153
1,<environment.Job instance at 0x7f240fc3ce60>,65,21,[ 2 10],66,167,188,101,162
1,<environment.Job instance at 0x7f240fc3c050>,66,15,[10  2],67,165,180,98,162
1,<environment.Job instance at 0x7f240fc3cbe0>,67,1,[ 3 14],68,188,189,120,162
1,<environment.Job instance at 0x7f240fc3cc30>,62,26,[ 3 10],63,189,215,126,186
1,<environment.Job instance at 0x7f240fc3ca50>,61,27,[7 1],62,191,218,129,191
1,<environment.Job instance at 0x7f240fc3f230>,72,16,[12  1],73,218,234,145,205
1,<environment.Job instance at 0x7f240fc3cf00>,68,12,[ 2 11],69,215,227,146,205
1,<environment.Job instance at 0x7f240fc3f370>,74,2,[7 1],75,234,236,159,207
1,<environment.Job instance at 0x7f240fc3f2d0>,73,15,[ 4 13],74,234,249,160,222
1,<environment.Job instance at 0x7f240fc44af0>,0,18,[ 4 11],1,2,20,1,2
1,<environment.Job instance at 0x7f240feb3b40>,3,24,[8 5],4,20,44,16,15
1,<environment.Job instance at 0x7f24100a8140>,14,2,[2 7],15,33,35,18,33
1,<environment.Job instance at 0x7f24100a84b0>,16,3,[14  2],17,44,47,27,33
1,<environment.Job instance at 0x7f24100a8b40>,18,20,[3 9],19,47,67,28,38
1,<environment.Job instance at 0x7f24100a8280>,8,13,[12  1],9,47,60,38,45
1,<environment.Job instance at 0x7f24100962d0>,24,17,[3 5],25,62,79,37,62
1,<environment.Job instance at 0x7f2410096f50>,25,2,[8 3],26,67,69,41,62
1,<environment.Job instance at 0x7f2410096b90>,27,21,[4 8],28,69,90,41,65
1,<environment.Job instance at 0x7f24100963c0>,28,23,[3 9],29,90,113,61,84
1,<environment.Job instance at 0x7f2410096be0>,30,2,[10  4],31,84,86,53,84
1,<environment.Job instance at 0x7f24100967d0>,31,13,[2 5],32,86,99,54,84
1,<environment.Job instance at 0x7f24100964b0>,33,2,[9 2],34,86,88,52,84
1,<environment.Job instance at 0x7f245385f0a0>,38,16,[1 7],39,123,139,84,123
1,<environment.Job instance at 0x7f245385fb40>,40,2,[ 1 11],41,139,141,98,124
1,<environment.Job instance at 0x7f245385f820>,41,3,[8 3],42,124,127,82,124
1,<environment.Job instance at 0x7f245385fbe0>,42,1,[ 3 10],43,141,142,98,124
1,<environment.Job instance at 0x7f245385f960>,43,3,[3 8],44,127,130,83,124
1,<environment.Job instance at 0x7f245385fa50>,44,2,[3 6],45,130,132,85,124
1,<environment.Job instance at 0x7f245385ff00>,46,3,[ 4 10],47,142,145,95,135
1,<environment.Job instance at 0x7f245385fe60>,47,12,[ 3 14],48,145,157,97,135
1,<environment.Job instance at 0x7f245385f550>,48,2,[ 1 10],49,157,159,108,135
1,<environment.Job instance at 0x7f24538866e0>,50,2,[2 7],51,159,161,108,147
1,<environment.Job instance at 0x7f24538865f0>,51,16,[8 4],52,159,175,107,159
1,<environment.Job instance at 0x7f2453886050>,52,1,[5 9],53,161,162,108,159
1,<environment.Job instance at 0x7f2453886780>,54,1,[2 5],55,165,166,110,165
1,<environment.Job instance at 0x7f2453886c80>,55,1,[7 2],56,166,167,110,165
1,<environment.Job instance at 0x7f2453886550>,56,1,[10  4],57,175,176,118,165
1,<environment.Job instance at 0x7f24538867d0>,57,2,[8 3],58,176,178,118,165
1,<environment.Job instance at 0x7f2453886a00>,58,16,[13  3],59,178,194,119,165
1,<environment.Job instance at 0x7f2453886500>,59,1,[ 2 10],60,167,168,107,165
1,<environment.Job instance at 0x7f2453886730>,61,3,[3 5],62,168,171,106,165
1,<environment.Job instance at 0x7f2453886dc0>,64,1,[6 4],65,194,195,129,180
1,<environment.Job instance at 0x7f24538864b0>,65,21,[9 5],66,194,215,128,186
1,<environment.Job instance at 0x7f240fc44b40>,1,18,[ 3 10],2,195,213,193,190
1,<environment.Job instance at 0x7f2410386e60>,70,12,[2 5],71,213,225,142,204
1,<environment.Job instance at 0x7f2410386fa0>,72,1,[5 3],73,215,216,142,214
1,<environment.Job instance at 0x7f2410386cd0>,73,27,[3 5],74,214,241,140,214
1,<environment.Job instance at 0x7f2410386be0>,74,1,[12  4],75,225,226,150,214
1,<environment.Job instance at 0x7f2410386a50>,75,2,[14  1],76,241,243,165,214
1,<environment.Job instance at 0x7f24565840a0>,5,26,[4 8],6,6,32,0,6
1,<environment.Job instance at 0x7f241024c4b0>,9,1,[5 6],10,10,11,0,10
1,<environment.Job instance at 0x7f2410030780>,6,20,[4 8],7,32,52,25,23
1,<environment.Job instance at 0x7f2455f7ab40>,7,3,[4 6],8,23,26,15,23
1,<environment.Job instance at 0x7f240fd7ca00>,14,13,[7 3],15,26,39,11,24
1,<environment.Job instance at 0x7f2410008640>,15,25,[5 7],16,39,64,23,35
1,<environment.Job instance at 0x7f2453bc33c0>,17,22,[5 8],18,52,74,34,45
1,<environment.Job instance at 0x7f2453bc36e0>,19,3,[11  3],20,74,77,54,48
1,<environment.Job instance at 0x7f245379ddc0>,22,2,[10  4],23,64,66,41,48
1,<environment.Job instance at 0x7f2455ff0fa0>,23,27,[8 5],24,77,104,53,75
1,<environment.Job instance at 0x7f2456584aa0>,10,25,[5 4],11,77,102,66,75
1,<environment.Job instance at 0x7f2453d6aa50>,31,2,[3 5],32,102,104,70,83
1,<environment.Job instance at 0x7f2456626190>,29,1,[12  4],30,104,105,74,84
1,<environment.Job instance at 0x7f2453b3c410>,24,12,[ 5 13],25,105,117,80,91
1,<environment.Job instance at 0x7f240fe2c7d0>,39,1,[6 2],40,113,114,73,113
1,<environment.Job instance at 0x7f2453804eb0>,41,18,[5 9],42,117,135,75,115
1,<environment.Job instance at 0x7f24538046e0>,44,27,[1 8],45,135,162,90,133
1,<environment.Job instance at 0x7f2453804b90>,45,3,[6 4],46,133,136,87,133
1,<environment.Job instance at 0x7f24538042d0>,42,3,[9 4],43,136,139,93,136
1,<environment.Job instance at 0x7f2453a1a190>,11,21,[5 5],12,139,160,127,138
1,<environment.Job instance at 0x7f240fc3c8c0>,54,23,[4 5],55,160,183,105,154
1,<environment.Job instance at 0x7f2456626910>,30,12,[3 6],31,166,178,135,166
1,<environment.Job instance at 0x7f240fc3c1e0>,57,13,[12  5],58,183,196,125,177
1,<environment.Job instance at 0x7f240fe38e60>,62,2,[3 6],63,178,180,115,178
1,<environment.Job instance at 0x7f24103bfe60>,65,2,[2 9],66,182,184,116,182
1,<environment.Job instance at 0x7f2456218a50>,66,26,[8 5],67,196,222,129,193
1,<environment.Job instance at 0x7f240fd292d0>,69,20,[6 3],70,200,220,130,200
1,<environment.Job instance at 0x7f24538c6c30>,76,14,[10  1],77,222,236,145,209
1,<environment.Job instance at 0x7f24538c6dc0>,78,2,[2 5],79,220,222,141,209
1,<environment.Job instance at 0x7f245adc7b40>,3,20,[8 4],4,4,24,0,4
1,<environment.Job instance at 0x7f245396da50>,7,27,[8 5],8,24,51,16,22
1,<environment.Job instance at 0x7f2453edf7d0>,14,1,[5 2],15,22,23,7,22
1,<environment.Job instance at 0x7f2453edf8c0>,19,2,[ 2 12],20,51,53,31,31
1,<environment.Job instance at 0x7f24102be5a0>,23,15,[ 2 13],24,53,68,29,48
1,<environment.Job instance at 0x7f24102be820>,25,14,[10  1],26,59,73,33,59
1,<environment.Job instance at 0x7f2453c8b6e0>,9,17,[1 5],10,68,85,58,67
1,<environment.Job instance at 0x7f24102beb40>,31,18,[7 2],32,77,95,45,77
1,<environment.Job instance at 0x7f24102be780>,30,16,[5 4],31,78,94,47,78
1,<environment.Job instance at 0x7f24566e6c30>,8,1,[6 5],9,94,95,85,79
1,<environment.Job instance at 0x7f24102be9b0>,27,18,[14  1],28,95,113,67,84
1,<environment.Job instance at 0x7f24102bee60>,36,15,[11  2],37,113,128,76,99
1,<environment.Job instance at 0x7f24102be690>,38,3,[7 2],39,128,131,89,102
1,<environment.Job instance at 0x7f24102e7140>,40,12,[ 3 12],41,113,125,72,102
1,<environment.Job instance at 0x7f24102e7370>,42,19,[2 5],43,125,144,82,115
1,<environment.Job instance at 0x7f24102e7500>,45,1,[10  5],46,131,132,85,125
1,<environment.Job instance at 0x7f24102e7870>,50,25,[10  4],51,142,167,91,142
1,<environment.Job instance at 0x7f24102e7af0>,51,3,[5 9],52,144,147,92,142
1,<environment.Job instance at 0x7f24102e7c30>,53,2,[7 5],54,167,169,113,142
1,<environment.Job instance at 0x7f24102e7f50>,57,1,[5 4],58,155,156,97,155
1,<environment.Job instance at 0x7f24102e7fa0>,58,3,[3 5],59,156,159,97,155
1,<environment.Job instance at 0x7f24102e7dc0>,59,12,[1 6],60,156,168,96,155
1,<environment.Job instance at 0x7f24102e7f00>,60,18,[6 4],61,167,185,106,163
1,<environment.Job instance at 0x7f24102f3050>,61,3,[7 5],62,169,172,107,163
1,<environment.Job instance at 0x7f24102f3370>,64,2,[8 1],65,172,174,107,170
1,<environment.Job instance at 0x7f24102f3730>,67,16,[13  1],68,186,202,118,186
1,<environment.Job instance at 0x7f24102f35f0>,69,14,[5 3],70,202,216,132,194
1,<environment.Job instance at 0x7f24102f36e0>,70,3,[9 1],71,202,205,131,194
1,<environment.Job instance at 0x7f24102f3690>,71,2,[13  4],72,216,218,144,194
1,<environment.Job instance at 0x7f24102f3910>,75,2,[ 3 10],76,206,208,130,206
1,<environment.Job instance at 0x7f24102f3af0>,76,20,[10  4],77,218,238,141,209
1,<environment.Job instance at 0x7f24102f3e10>,77,2,[10  5],78,238,240,160,215
1,<environment.Job instance at 0x7f24102bec80>,33,13,[ 3 11],34,218,231,184,217
1,<environment.Job instance at 0x7f2453845820>,0,17,[ 5 13],1,3,20,2,3
1,<environment.Job instance at 0x7f24102f3500>,3,27,[5 1],4,4,31,0,4
1,<environment.Job instance at 0x7f245616b0f0>,15,17,[14  4],16,31,48,15,23
1,<environment.Job instance at 0x7f2453b62d70>,19,3,[4 7],20,48,51,28,35
1,<environment.Job instance at 0x7f2453b625f0>,20,18,[2 9],21,51,69,30,43
1,<environment.Job instance at 0x7f2453b42370>,13,18,[6 4],14,48,66,34,47
1,<environment.Job instance at 0x7f240fff2b90>,21,12,[13  5],22,66,78,44,49
1,<environment.Job instance at 0x7f24539570a0>,27,26,[3 7],28,78,104,50,75
1,<environment.Job instance at 0x7f245616b1e0>,18,16,[1 7],19,75,91,56,75
1,<environment.Job instance at 0x7f2456417af0>,33,3,[1 5],34,91,94,57,80
1,<environment.Job instance at 0x7f240fe34640>,35,1,[8 4],36,94,95,58,80
1,<environment.Job instance at 0x7f240fd436e0>,31,3,[7 2],32,91,94,59,80
1,<environment.Job instance at 0x7f2453a14550>,39,25,[3 8],40,95,120,55,94
1,<environment.Job instance at 0x7f24565c35a0>,43,3,[2 7],44,104,107,60,100
1,<environment.Job instance at 0x7f24565c3e60>,46,1,[6 4],47,107,108,60,100
1,<environment.Job instance at 0x7f24565c3a00>,47,28,[4 9],48,120,148,72,119
1,<environment.Job instance at 0x7f2453928460>,37,1,[ 2 11],38,148,149,110,124
1,<environment.Job instance at 0x7f240ffbb640>,29,1,[4 9],30,149,150,119,124
1,<environment.Job instance at 0x7f245ad7ee10>,6,2,[ 5 12],7,150,152,143,124
1,<environment.Job instance at 0x7f245622e960>,52,13,[9 3],53,131,144,78,131
1,<environment.Job instance at 0x7f24102134b0>,57,2,[4 9],58,152,154,94,134
1,<environment.Job instance at 0x7f240fd7bf50>,49,1,[10  3],50,144,145,94,144
1,<environment.Job instance at 0x7f24102130a0>,56,15,[10  2],57,145,160,88,145
1,<environment.Job instance at 0x7f2410213b90>,58,1,[14  2],59,160,161,101,146
1,<environment.Job instance at 0x7f24102135f0>,59,1,[ 1 11],60,154,155,94,149
1,<environment.Job instance at 0x7f2410213b40>,55,14,[11  2],56,161,175,105,150
1,<environment.Job instance at 0x7f2453b39190>,66,3,[8 5],67,175,178,108,150
1,<environment.Job instance at 0x7f2410213050>,64,1,[7 5],65,175,176,110,151
1,<environment.Job instance at 0x7f2453b39280>,72,1,[8 4],73,178,179,105,151
1,<environment.Job instance at 0x7f240fc5f3c0>,76,3,[4 7],77,166,169,89,166
1,<environment.Job instance at 0x7f2453b395a0>,77,12,[9 1],78,179,191,101,166
1,<environment.Job instance at 0x7f240fc5f690>,81,2,[4 7],82,179,181,97,179
1,<environment.Job instance at 0x7f240fc5f050>,83,1,[9 5],84,191,192,107,179
1,<environment.Job instance at 0x7f240fc5fe60>,84,21,[8 1],85,192,213,107,184
1,<environment.Job instance at 0x7f240fc5f910>,86,2,[7 3],87,192,194,105,190
1,<environment.Job instance at 0x7f240fc5ff00>,87,1,[1 7],88,190,191,102,190
1,<environment.Job instance at 0x7f240fc5f0a0>,88,3,[1 5],89,194,197,105,190
1,<environment.Job instance at 0x7f240fc5fb90>,89,25,[ 3 10],90,197,222,107,193
1,<environment.Job instance at 0x7f240fc5f320>,90,18,[ 2 11],91,222,240,131,211
1,<environment.Job instance at 0x7f245634b0f0>,6,13,[ 4 12],7,7,20,0,7
1,<environment.Job instance at 0x7f2453bc2500>,11,3,[5 5],12,20,23,8,13
1,<environment.Job instance at 0x7f24565b9820>,13,24,[3 5],14,20,44,6,15
1,<environment.Job instance at 0x7f2453bc2e60>,14,2,[1 6],15,23,25,8,15
1,<environment.Job instance at 0x7f2453bc2d70>,16,1,[3 7],17,25,26,8,25
1,<environment.Job instance at 0x7f245620b500>,17,1,[4 7],18,26,27,8,25
1,<environment.Job instance at 0x7f24100b9eb0>,18,17,[10  4],19,27,44,8,25
1,<environment.Job instance at 0x7f240fd47230>,4,1,[4 9],5,44,45,39,28
1,<environment.Job instance at 0x7f2453eefdc0>,24,1,[1 9],25,45,46,20,43
1,<environment.Job instance at 0x7f2453eef190>,26,1,[2 5],27,43,44,16,43
1,<environment.Job instance at 0x7f2453ee2f50>,27,1,[8 5],28,44,45,16,43
1,<environment.Job instance at 0x7f24103d50a0>,29,24,[7 1],30,45,69,15,45
1,<environment.Job instance at 0x7f24537a07d0>,30,26,[4 8],31,46,72,15,45
1,<environment.Job instance at 0x7f2453bc2af0>,10,15,[5 3],11,69,84,58,55
1,<environment.Job instance at 0x7f240fe18a50>,36,2,[1 9],37,72,74,35,72
1,<environment.Job instance at 0x7f240fed9320>,33,3,[10  4],34,74,77,40,73
1,<environment.Job instance at 0x7f2453f2f140>,40,18,[8 5],41,77,95,36,77
1,<environment.Job instance at 0x7f2453f2f870>,43,18,[8 1],44,95,113,51,87
1,<environment.Job instance at 0x7f245aa38d70>,22,15,[2 7],23,95,110,72,95
1,<environment.Job instance at 0x7f2453f2f320>,45,15,[12  1],46,113,128,67,99
1,<environment.Job instance at 0x7f24560c0eb0>,50,2,[3 9],51,113,115,62,113
1,<environment.Job instance at 0x7f24560c0140>,53,1,[ 3 13],54,117,118,63,117
1,<environment.Job instance at 0x7f24560c0e60>,54,1,[6 2],55,128,129,73,117
1,<environment.Job instance at 0x7f24562cefa0>,55,22,[1 9],56,118,140,62,117
1,<environment.Job instance at 0x7f24560c0a00>,51,2,[9 4],52,129,131,77,123
1,<environment.Job instance at 0x7f24562ceb40>,59,18,[ 3 12],60,140,158,80,129
1,<environment.Job instance at 0x7f2455fb4c80>,61,2,[1 5],62,137,139,75,137
1,<environment.Job instance at 0x7f2455fb4640>,62,3,[9 5],63,158,161,95,137
1,<environment.Job instance at 0x7f240fd30640>,63,17,[10  3],64,161,178,97,149
1,<environment.Job instance at 0x7f2453d39690>,70,19,[5 4],71,163,182,92,163
1,<environment.Job instance at 0x7f241024b5a0>,5,13,[ 3 12],6,182,195,176,170
1,<environment.Job instance at 0x7f240fd30500>,65,1,[ 5 13],66,195,196,129,176
1,<environment.Job instance at 0x7f2453cf82d0>,76,1,[3 9],77,196,197,119,196
1,<environment.Job instance at 0x7f24538df0a0>,72,3,[5 9],73,197,200,124,196
1,<environment.Job instance at 0x7f2453b40870>,77,26,[8 5],78,204,230,126,204
1,<environment.Job instance at 0x7f2453d01640>,81,3,[9 4],82,230,233,148,204
1,<environment.Job instance at 0x7f2410322870>,21,17,[4 7],22,216,233,194,216
1,<environment.Job instance at 0x7f2455f86b40>,85,2,[13  2],86,233,235,147,218
1,<environment.Job instance at 0x7f24103d56e0>,2,1,[2 7],3,4,5,1,4
1,<environment.Job instance at 0x7f2453df0f50>,4,13,[10  1],5,5,18,0,5
1,<environment.Job instance at 0x7f240ffbeb40>,7,1,[4 8],8,8,9,0,8
1,<environment.Job instance at 0x7f245641c550>,8,2,[10  1],9,18,20,9,9
1,<environment.Job instance at 0x7f240fc8d910>,10,2,[5 5],11,12,14,1,12
1,<environment.Job instance at 0x7f240fc8ddc0>,9,25,[8 3],10,20,45,10,16
1,<environment.Job instance at 0x7f245634b640>,3,16,[3 9],4,24,40,20,24
1,<environment.Job instance at 0x7f24101b2c80>,21,15,[10  5],22,45,60,23,37
1,<environment.Job instance at 0x7f24564d61e0>,11,17,[3 7],12,41,58,29,41
1,<environment.Job instance at 0x7f24101b2af0>,22,18,[10  1],23,60,78,37,52
1,<environment.Job instance at 0x7f24563733c0>,29,1,[ 3 10],30,58,59,28,52
1,<environment.Job instance at 0x7f2456373190>,34,1,[5 8],35,59,60,24,52
1,<environment.Job instance at 0x7f24101b2c30>,19,13,[4 7],20,60,73,40,52
1,<environment.Job instance at 0x7f2456373fa0>,44,1,[ 5 14],45,73,74,28,73
1,<environment.Job instance at 0x7f2456373a00>,38,12,[10  2],39,78,90,39,74
1,<environment.Job instance at 0x7f2456373d70>,43,2,[12  1],44,90,92,46,79
1,<environment.Job instance at 0x7f2456373960>,45,15,[10  1],46,92,107,46,80
1,<environment.Job instance at 0x7f245638d2d0>,48,28,[8 3],49,107,135,58,106
1,<environment.Job instance at 0x7f245638d370>,49,20,[1 9],50,106,126,56,106
1,<environment.Job instance at 0x7f245638d960>,56,13,[ 5 11],57,126,139,69,119
1,<environment.Job instance at 0x7f245638dc30>,57,2,[13  1],58,139,141,81,119
1,<environment.Job instance at 0x7f245638dd70>,58,15,[10  2],59,141,156,82,130
1,<environment.Job instance at 0x7f245638ddc0>,59,18,[3 8],60,141,159,81,130
1,<environment.Job instance at 0x7f245638db40>,64,1,[11  3],65,156,157,91,137
1,<environment.Job instance at 0x7f2456366320>,67,12,[ 3 10],68,159,171,91,149
1,<environment.Job instance at 0x7f24563664b0>,69,3,[5 6],70,171,174,101,157
1,<environment.Job instance at 0x7f2456366550>,70,2,[2 9],71,171,173,100,157
1,<environment.Job instance at 0x7f24563665f0>,71,13,[ 1 13],72,174,187,102,158
1,<environment.Job instance at 0x7f2456366690>,72,27,[9 1],73,173,200,100,171
1,<environment.Job instance at 0x7f2456366960>,75,1,[9 3],76,200,201,124,172
1,<environment.Job instance at 0x7f2456366a00>,76,21,[12  2],77,201,222,124,193
1,<environment.Job instance at 0x7f2456366aa0>,77,2,[1 5],78,193,195,115,193
1,<environment.Job instance at 0x7f2456366b40>,78,14,[ 1 14],79,222,236,143,207
1,<environment.Job instance at 0x7f2456366b40>,2,3,[7 2],3,3,6,0,3
1,<environment.Job instance at 0x7f245ad2ed20>,3,27,[9 4],4,6,33,2,4
1,<environment.Job instance at 0x7f245ad7e870>,4,25,[8 2],5,33,58,28,29
1,<environment.Job instance at 0x7f2453ba18c0>,10,12,[ 4 12],11,33,45,22,30
1,<environment.Job instance at 0x7f2456753d70>,5,2,[4 9],6,30,32,24,30
1,<environment.Job instance at 0x7f245ae6b0f0>,22,2,[5 7],23,45,47,22,33
1,<environment.Job instance at 0x7f245ae6b370>,25,22,[9 4],26,58,80,32,51
1,<environment.Job instance at 0x7f245ae6b500>,26,1,[1 5],27,51,52,24,51
1,<environment.Job instance at 0x7f245ae6bc30>,27,2,[10  1],28,80,82,52,53
1,<environment.Job instance at 0x7f245381be10>,29,27,[5 8],30,53,80,23,53
1,<environment.Job instance at 0x7f245381baf0>,34,2,[7 4],35,82,84,47,63
1,<environment.Job instance at 0x7f245381bdc0>,35,12,[3 5],36,80,92,44,63
1,<environment.Job instance at 0x7f2453c99a00>,36,22,[3 8],37,84,106,47,77
1,<environment.Job instance at 0x7f2453c999b0>,38,2,[5 5],39,82,84,43,77
1,<environment.Job instance at 0x7f2453c990a0>,39,2,[10  1],40,92,94,52,77
1,<environment.Job instance at 0x7f2453c99320>,40,1,[10  3],41,94,95,53,77
1,<environment.Job instance at 0x7f2453c996e0>,41,3,[5 8],42,106,109,64,80
1,<environment.Job instance at 0x7f2453c99dc0>,42,1,[3 9],43,109,110,66,81
1,<environment.Job instance at 0x7f242355b870>,43,1,[5 2],44,84,85,40,81
1,<environment.Job instance at 0x7f2456753500>,6,18,[7 2],7,95,113,88,87
1,<environment.Job instance at 0x7f241006a410>,49,12,[ 5 10],50,110,122,60,95
1,<environment.Job instance at 0x7f2453c994b0>,45,15,[13  3],46,122,137,76,108
1,<environment.Job instance at 0x7f241006aeb0>,52,1,[14  1],53,137,138,84,109
1,<environment.Job instance at 0x7f241006a280>,54,17,[14  4],55,138,155,83,126
1,<environment.Job instance at 0x7f241006ad70>,58,24,[8 2],59,155,179,96,150
1,<environment.Job instance at 0x7f240fbe7aa0>,60,18,[ 2 12],61,155,173,94,150
1,<environment.Job instance at 0x7f240ff414b0>,65,3,[5 4],66,173,176,107,173
1,<environment.Job instance at 0x7f24537f0f00>,66,24,[13  3],67,179,203,112,174
1,<environment.Job instance at 0x7f24537f0af0>,71,1,[7 1],72,203,204,131,183
1,<environment.Job instance at 0x7f24537f0e10>,72,18,[4 9],73,203,221,130,192
1,<environment.Job instance at 0x7f24537f06e0>,73,1,[10  4],74,204,205,130,192
1,<environment.Job instance at 0x7f24537f0320>,75,2,[4 6],76,205,207,129,192
1,<environment.Job instance at 0x7f24537f0280>,77,1,[9 3],78,207,208,129,206
1,<environment.Job instance at 0x7f24537f0050>,78,3,[2 8],79,221,224,142,206
1,<environment.Job instance at 0x7f24102f57d0>,79,1,[9 1],80,208,209,128,206
1,<environment.Job instance at 0x7f24561831e0>,81,12,[7 1],82,209,221,127,206
1,<environment.Job instance at 0x7f24102f5d70>,83,26,[7 3],84,221,247,137,218
1,<environment.Job instance at 0x7f2456360050>,0,24,[ 4 14],1,1,25,0,1
1,<environment.Job instance at 0x7f245638d780>,4,14,[ 1 11],5,25,39,20,12
1,<environment.Job instance at 0x7f2453c73870>,15,25,[6 2],16,31,56,15,31
1,<environment.Job instance at 0x7f2453c730a0>,17,3,[3 6],18,39,42,21,33
1,<environment.Job instance at 0x7f2453c73140>,16,2,[ 1 13],17,42,44,25,34
1,<environment.Job instance at 0x7f2453c73820>,23,2,[2 6],24,39,41,15,34
1,<environment.Job instance at 0x7f241005d0a0>,26,26,[10  2],27,56,82,29,53
1,<environment.Job instance at 0x7f2453c73fa0>,19,18,[ 1 10],20,60,78,40,60
1,<environment.Job instance at 0x7f241005d410>,32,21,[9 5],33,82,103,49,74
1,<environment.Job instance at 0x7f241005d4b0>,33,2,[4 9],34,78,80,44,74
1,<environment.Job instance at 0x7f241005d6e0>,34,1,[12  5],35,103,104,68,75
1,<environment.Job instance at 0x7f241005dc80>,35,1,[ 2 14],36,104,105,68,76
1,<environment.Job instance at 0x7f2456563140>,37,2,[14  3],38,105,107,67,78
1,<environment.Job instance at 0x7f2456563410>,38,2,[10  3],39,107,109,68,80
1,<environment.Job instance at 0x7f2456563690>,39,3,[4 7],40,80,83,40,80
1,<environment.Job instance at 0x7f2456563230>,40,1,[5 1],41,83,84,42,80
1,<environment.Job instance at 0x7f2456563c80>,43,2,[5 7],44,84,86,40,81
1,<environment.Job instance at 0x7f241005daf0>,31,15,[3 7],32,88,103,56,88
1,<environment.Job instance at 0x7f245633fb90>,47,15,[5 9],48,107,122,59,99
1,<environment.Job instance at 0x7f24565631e0>,45,18,[10  4],46,109,127,63,103
1,<environment.Job instance at 0x7f245633f190>,49,1,[10  5],50,127,128,77,103
1,<environment.Job instance at 0x7f245633f280>,53,2,[5 2],54,122,124,68,114
1,<environment.Job instance at 0x7f245633f7d0>,48,28,[ 2 11],49,128,156,79,127
1,<environment.Job instance at 0x7f240fc8da00>,5,24,[7 4],6,136,160,130,136
1,<environment.Job instance at 0x7f2453c6c960>,60,12,[ 1 11],61,156,168,95,146
1,<environment.Job instance at 0x7f2453c6c8c0>,61,13,[ 5 10],62,168,181,106,153
1,<environment.Job instance at 0x7f2453c6c230>,62,3,[6 3],63,160,163,97,153
1,<environment.Job instance at 0x7f245633f9b0>,58,2,[6 2],59,163,165,104,155
1,<environment.Job instance at 0x7f2453b51780>,65,15,[6 1],66,160,175,94,158
1,<environment.Job instance at 0x7f2453c6ca00>,63,15,[ 5 12],64,181,196,117,169
1,<environment.Job instance at 0x7f2453b51be0>,68,2,[1 7],69,196,198,127,169
1,<environment.Job instance at 0x7f2453b51320>,69,1,[5 6],70,196,197,126,169
1,<environment.Job instance at 0x7f240fc8db40>,6,14,[9 1],7,175,189,168,174
1,<environment.Job instance at 0x7f2453c6c730>,64,18,[3 9],65,198,216,133,190
1,<environment.Job instance at 0x7f2453b51a50>,71,17,[10  2],72,198,215,126,198
1,<environment.Job instance at 0x7f24560f61e0>,80,17,[11  3],81,215,232,134,203
1,<environment.Job instance at 0x7f24560f60f0>,84,3,[3 6],85,216,219,131,203
1,<environment.Job instance at 0x7f24560f6320>,85,1,[2 6],86,219,220,133,203
1,<environment.Job instance at 0x7f2453c6cb90>,2,1,[9 1],3,6,7,3,6
1,<environment.Job instance at 0x7f245387df50>,6,28,[7 3],7,11,39,4,11
1,<environment.Job instance at 0x7f2453e2c5a0>,8,18,[1 8],9,14,32,5,14
1,<environment.Job instance at 0x7f2410051460>,15,16,[ 4 14],16,39,55,23,26
1,<environment.Job instance at 0x7f240fa46410>,16,3,[ 4 10],17,32,35,15,26
1,<environment.Job instance at 0x7f240fa46b40>,19,1,[5 9],20,38,39,18,38
1,<environment.Job instance at 0x7f240fa66f50>,21,16,[6 2],22,55,71,33,49
1,<environment.Job instance at 0x7f240fa660a0>,22,20,[1 9],23,55,75,32,49
1,<environment.Job instance at 0x7f241006a8c0>,11,3,[4 9],12,75,78,63,72
1,<environment.Job instance at 0x7f240fa5fa00>,26,18,[3 6],27,73,91,46,73
1,<environment.Job instance at 0x7f240fa5cd20>,32,3,[11  1],33,78,81,45,75
1,<environment.Job instance at 0x7f240fa5c820>,34,18,[2 9],35,81,99,46,78
1,<environment.Job instance at 0x7f240fa5c780>,35,26,[5 5],36,91,117,55,88
1,<environment.Job instance at 0x7f240fa5cc80>,31,3,[1 9],32,99,102,67,88
1,<environment.Job instance at 0x7f240fe5b0f0>,36,3,[7 1],37,91,94,54,88
1,<environment.Job instance at 0x7f240fa6ff00>,39,15,[2 8],40,102,117,62,88
1,<environment.Job instance at 0x7f240fe59410>,41,1,[10  4],42,117,118,75,89
1,<environment.Job instance at 0x7f240fe590f0>,42,2,[6 2],43,102,104,59,89
1,<environment.Job instance at 0x7f24566b50a0>,44,25,[9 4],45,118,143,73,114
1,<environment.Job instance at 0x7f240fa5cfa0>,29,1,[ 3 12],30,143,144,113,116
1,<environment.Job instance at 0x7f240fbbe780>,46,2,[5 5],47,118,120,71,118
1,<environment.Job instance at 0x7f240fbbebe0>,45,2,[9 4],46,144,146,98,118
1,<environment.Job instance at 0x7f24103e9500>,49,1,[5 7],50,120,121,70,119
1,<environment.Job instance at 0x7f240fbbecd0>,47,14,[4 5],48,121,135,73,120
1,<environment.Job instance at 0x7f240fe51320>,50,25,[9 5],51,146,171,95,142
1,<environment.Job instance at 0x7f240fbe3fa0>,55,22,[6 4],56,145,167,89,145
1,<environment.Job instance at 0x7f24103cee60>,59,14,[ 1 10],60,167,181,107,152
1,<environment.Job instance at 0x7f2455f80f00>,51,3,[11  1],52,171,174,119,154
1,<environment.Job instance at 0x7f2453d085a0>,60,26,[10  1],61,174,200,113,171
1,<environment.Job instance at 0x7f2453d0c0a0>,62,22,[2 7],63,181,203,118,174
1,<environment.Job instance at 0x7f2453eca780>,68,2,[5 1],69,200,202,131,179
1,<environment.Job instance at 0x7f2453ecafa0>,73,1,[9 4],74,204,205,130,204
1,<environment.Job instance at 0x7f2453ecacd0>,75,27,[5 8],76,212,239,136,212
1,<environment.Job instance at 0x7f2410144dc0>,77,25,[6 4],78,223,248,145,223
1,<environment.Job instance at 0x7f2410144e60>,78,2,[10  1],79,248,250,169,223
1,<environment.Job instance at 0x7f2410144af0>,1,18,[ 3 14],2,2,20,0,2
1,<environment.Job instance at 0x7f2453f2f320>,10,2,[6 2],11,20,22,9,11
1,<environment.Job instance at 0x7f2410162910>,11,2,[10  5],12,22,24,10,12
1,<environment.Job instance at 0x7f240fa65230>,14,18,[ 3 10],15,21,39,6,21
1,<environment.Job instance at 0x7f2410129370>,19,20,[5 5],20,41,61,21,41
1,<environment.Job instance at 0x7f2410129690>,20,1,[1 5],21,41,42,20,41
1,<environment.Job instance at 0x7f24100a6a50>,22,3,[3 5],23,41,44,18,41
1,<environment.Job instance at 0x7f24561d65f0>,23,2,[3 8],24,44,46,20,41
1,<environment.Job instance at 0x7f245609b370>,24,3,[9 1],25,46,49,21,41
1,<environment.Job instance at 0x7f24100a6690>,25,15,[1 9],26,46,61,20,42
1,<environment.Job instance at 0x7f24100a6320>,26,18,[1 8],27,61,79,34,50
1,<environment.Job instance at 0x7f2453f470a0>,27,2,[13  4],28,61,63,33,50
1,<environment.Job instance at 0x7f2456079960>,28,1,[3 9],29,79,80,50,51
1,<environment.Job instance at 0x7f245632fa50>,29,1,[5 1],30,51,52,21,51
1,<environment.Job instance at 0x7f24103158c0>,32,2,[10  3],33,63,65,30,55
1,<environment.Job instance at 0x7f240fd4f9b0>,34,3,[3 5],35,65,68,30,58
1,<environment.Job instance at 0x7f240fd4f050>,36,13,[13  5],37,80,93,43,70
1,<environment.Job instance at 0x7f240fd4f960>,37,28,[8 2],38,93,121,55,92
1,<environment.Job instance at 0x7f24560f6b40>,5,13,[4 8],6,93,106,87,92
1,<environment.Job instance at 0x7f240fd4faa0>,40,17,[14  5],41,121,138,80,109
1,<environment.Job instance at 0x7f240fb08eb0>,45,2,[5 3],46,109,111,63,109
1,<environment.Job instance at 0x7f240fb086e0>,47,3,[3 5],48,111,114,63,109
1,<environment.Job instance at 0x7f240fefe9b0>,48,1,[9 4],49,138,139,89,110
1,<environment.Job instance at 0x7f240fefe730>,49,2,[7 2],50,114,116,64,110
1,<environment.Job instance at 0x7f240fefe500>,50,22,[9 5],51,139,161,88,132
1,<environment.Job instance at 0x7f2456504d70>,52,27,[8 4],53,161,188,108,159
1,<environment.Job instance at 0x7f24565040a0>,54,3,[5 4],55,159,162,104,159
1,<environment.Job instance at 0x7f24564b4e60>,63,25,[ 4 10],64,185,210,121,185
1,<environment.Job instance at 0x7f24564b4230>,65,17,[11  2],66,193,210,127,193
1,<environment.Job instance at 0x7f24564fcf50>,68,3,[1 5],69,210,213,141,195
1,<environment.Job instance at 0x7f24564fcc80>,69,21,[14  3],70,210,231,140,202
1,<environment.Job instance at 0x7f24563495f0>,70,2,[3 7],71,231,233,160,204
1,<environment.Job instance at 0x7f24100dab90>,73,19,[8 5],74,231,250,157,221
1,<environment.Job instance at 0x7f2453c472d0>,5,28,[5 5],6,7,35,1,7
1,<environment.Job instance at 0x7f245aa50320>,4,1,[6 5],5,7,8,2,7
1,<environment.Job instance at 0x7f240fa5c8c0>,3,2,[7 5],4,8,10,4,7
1,<environment.Job instance at 0x7f240ff12aa0>,7,3,[9 3],8,10,13,2,8
1,<environment.Job instance at 0x7f2453921550>,9,18,[1 5],10,13,31,3,13
1,<environment.Job instance at 0x7f2456495d70>,15,2,[5 5],16,17,19,1,17
1,<environment.Job instance at 0x7f2453921af0>,10,12,[ 4 14],11,35,47,24,18
1,<environment.Job instance at 0x7f2456495d20>,18,1,[ 1 11],19,47,48,28,19
1,<environment.Job instance at 0x7f24564953c0>,20,21,[6 2],21,47,68,26,39
1,<environment.Job instance at 0x7f2456495e10>,21,1,[5 3],22,48,49,26,39
1,<environment.Job instance at 0x7f24564959b0>,24,1,[1 9],25,48,49,23,39
1,<environment.Job instance at 0x7f24564950a0>,25,2,[ 3 10],26,49,51,23,39
1,<environment.Job instance at 0x7f2456495870>,26,1,[10  1],27,39,40,12,39
1,<environment.Job instance at 0x7f2456495050>,28,22,[4 8],29,51,73,22,44
1,<environment.Job instance at 0x7f2456495780>,17,3,[2 7],18,68,71,50,44
1,<environment.Job instance at 0x7f24562b47d0>,29,16,[ 4 11],30,73,89,43,60
1,<environment.Job instance at 0x7f241022b9b0>,31,15,[ 5 14],32,89,104,57,75
1,<environment.Job instance at 0x7f241022b460>,32,3,[2 8],33,104,107,71,78
1,<environment.Job instance at 0x7f241022bfa0>,36,2,[5 9],37,107,109,70,80
1,<environment.Job instance at 0x7f241022bcd0>,37,3,[6 2],38,80,83,42,80
1,<environment.Job instance at 0x7f241022bf50>,38,2,[6 5],39,104,106,65,80
1,<environment.Job instance at 0x7f241022b960>,40,1,[10  2],41,83,84,42,80
1,<environment.Job instance at 0x7f241022b8c0>,43,13,[5 1],44,94,107,50,94
1,<environment.Job instance at 0x7f2453efc6e0>,44,13,[6 3],45,106,119,61,94
1,<environment.Job instance at 0x7f2453efc910>,46,12,[3 9],47,109,121,62,105
1,<environment.Job instance at 0x7f2453efceb0>,47,17,[ 4 14],48,121,138,73,109
1,<environment.Job instance at 0x7f2453efc230>,52,2,[1 7],53,142,144,89,142
1,<environment.Job instance at 0x7f2453efc550>,53,1,[ 4 10],54,144,145,90,142
1,<environment.Job instance at 0x7f2453efcaf0>,54,3,[4 7],55,145,148,90,142
1,<environment.Job instance at 0x7f2453efcd70>,55,3,[3 8],56,145,148,89,142
1,<environment.Job instance at 0x7f240fc44a50>,58,17,[ 1 10],59,151,168,92,151
1,<environment.Job instance at 0x7f240fc44690>,60,1,[4 9],61,168,169,107,166
1,<environment.Job instance at 0x7f240fc44780>,61,3,[7 5],62,166,169,104,166
1,<environment.Job instance at 0x7f240fc44eb0>,62,1,[5 4],63,169,170,106,166
1,<environment.Job instance at 0x7f240fc44460>,63,2,[5 7],64,169,171,105,166
1,<environment.Job instance at 0x7f240fc44fa0>,64,1,[5 8],65,170,171,105,166
1,<environment.Job instance at 0x7f240fc440a0>,66,1,[ 1 10],67,171,172,104,166
1,<environment.Job instance at 0x7f240fc44aa0>,67,2,[5 2],68,171,173,103,166
1,<environment.Job instance at 0x7f240fc443c0>,68,2,[4 5],69,172,174,103,166
1,<environment.Job instance at 0x7f240fc44550>,69,2,[3 9],70,173,175,103,166
1,<environment.Job instance at 0x7f240fc44820>,72,2,[ 2 10],73,175,177,102,173
1,<environment.Job instance at 0x7f240fc440f0>,73,2,[ 5 10],74,177,179,103,173
1,<environment.Job instance at 0x7f2456495730>,13,16,[10  5],14,174,190,160,173
1,<environment.Job instance at 0x7f2453f0b500>,77,3,[5 6],78,183,186,105,183
1,<environment.Job instance at 0x7f2453f0baa0>,78,2,[6 4],79,190,192,111,183
1,<environment.Job instance at 0x7f2453f0b640>,80,2,[5 5],81,193,195,112,193
1,<environment.Job instance at 0x7f2453f0beb0>,81,16,[14  3],82,195,211,113,193
1,<environment.Job instance at 0x7f2453f0bb90>,82,3,[ 1 14],83,211,214,128,193
1,<environment.Job instance at 0x7f2453f0ba50>,83,1,[9 5],84,193,194,109,193
1,<environment.Job instance at 0x7f2453f0bfa0>,85,2,[ 4 10],86,214,216,128,200
1,<environment.Job instance at 0x7f2453f0bf00>,86,2,[7 2],87,214,216,127,200
1,<environment.Job instance at 0x7f2453f0b8c0>,87,1,[9 4],88,216,217,128,200
1,<environment.Job instance at 0x7f2453f0b9b0>,88,3,[5 2],89,216,219,127,200
1,<environment.Job instance at 0x7f2453ca0a00>,91,2,[9 4],92,217,219,125,209
1,<environment.Job instance at 0x7f240fa10eb0>,92,3,[10  3],93,219,222,126,209
1,<environment.Job instance at 0x7f240fa10820>,93,17,[9 1],94,222,239,128,210
1,<environment.Job instance at 0x7f2456495fa0>,2,2,[ 1 12],3,3,5,0,3
1,<environment.Job instance at 0x7f240ff121e0>,3,1,[ 3 10],4,5,6,1,5
1,<environment.Job instance at 0x7f240ff12690>,9,25,[1 7],10,10,35,0,10
1,<environment.Job instance at 0x7f2453f02910>,10,1,[7 1],11,12,13,1,12
1,<environment.Job instance at 0x7f24566ebb90>,14,12,[4 7],15,15,27,0,15
1,<environment.Job instance at 0x7f24102e2a50>,18,14,[ 5 11],19,35,49,16,30
1,<environment.Job instance at 0x7f245643ed20>,20,14,[2 6],21,49,63,28,43
1,<environment.Job instance at 0x7f245643e7d0>,21,3,[7 5],22,49,52,27,43
1,<environment.Job instance at 0x7f2410274500>,22,18,[ 1 10],23,63,81,40,52
1,<environment.Job instance at 0x7f2410274aa0>,23,15,[1 5],24,52,67,28,52
1,<environment.Job instance at 0x7f2410274280>,24,12,[9 4],25,67,79,42,52
1,<environment.Job instance at 0x7f2410274eb0>,27,3,[6 4],28,59,62,31,59
1,<environment.Job instance at 0x7f245638fbe0>,29,2,[2 5],30,79,81,49,59
1,<environment.Job instance at 0x7f241023e460>,30,14,[10  1],31,81,95,50,66
1,<environment.Job instance at 0x7f2456393320>,31,3,[8 5],32,95,98,63,69
1,<environment.Job instance at 0x7f2410254690>,34,27,[1 7],35,81,108,46,81
1,<environment.Job instance at 0x7f2410254410>,35,1,[10  2],36,98,99,62,81
1,<environment.Job instance at 0x7f2410254a00>,37,18,[6 1],38,99,117,61,93
1,<environment.Job instance at 0x7f2410254b40>,39,1,[5 4],40,99,100,59,93
1,<environment.Job instance at 0x7f2410254960>,40,3,[5 5],41,100,103,59,93
1,<environment.Job instance at 0x7f2410254e60>,44,2,[10  4],45,117,119,72,105
1,<environment.Job instance at 0x7f2410275370>,45,2,[6 1],46,105,107,59,105
1,<environment.Job instance at 0x7f24102757d0>,46,16,[1 9],47,108,124,61,107
1,<environment.Job instance at 0x7f2456395aa0>,47,3,[2 5],48,107,110,59,107
1,<environment.Job instance at 0x7f2410275910>,48,1,[4 7],49,124,125,75,107
1,<environment.Job instance at 0x7f24538ad2d0>,49,3,[6 5],50,110,113,60,107
1,<environment.Job instance at 0x7f24538a7e60>,52,1,[ 4 10],53,125,126,72,119
1,<environment.Job instance at 0x7f2410270320>,54,14,[1 7],55,126,140,71,119
1,<environment.Job instance at 0x7f24102701e0>,55,13,[10  4],56,120,133,64,120
1,<environment.Job instance at 0x7f245639b280>,57,17,[1 8],58,133,150,75,123
1,<environment.Job instance at 0x7f2410327d70>,58,18,[4 6],59,140,158,81,131
1,<environment.Job instance at 0x7f240fc8beb0>,60,3,[10  1],61,140,143,79,134
1,<environment.Job instance at 0x7f240fca9dc0>,61,3,[5 4],62,150,153,88,134
1,<environment.Job instance at 0x7f24103192d0>,63,18,[10  1],64,153,171,89,144
1,<environment.Job instance at 0x7f240fcaaaa0>,65,16,[ 5 13],66,158,174,92,148
1,<environment.Job instance at 0x7f240fcaa8c0>,68,3,[9 1],69,171,174,102,163
1,<environment.Job instance at 0x7f240fcaa870>,69,16,[ 1 13],70,174,190,104,163
1,<environment.Job instance at 0x7f240fcaa1e0>,70,2,[5 6],71,190,192,119,163
1,<environment.Job instance at 0x7f240fcaaa50>,72,15,[ 2 12],73,192,207,119,180
1,<environment.Job instance at 0x7f240fa10820>,4,13,[8 2],5,184,197,179,184
1,<environment.Job instance at 0x7f240fcaae10>,67,3,[9 2],68,197,200,129,188
1,<environment.Job instance at 0x7f2453ab4dc0>,77,3,[5 5],78,207,210,129,188
1,<environment.Job instance at 0x7f2410254780>,38,17,[3 6],39,207,224,168,197
1,<environment.Job instance at 0x7f240fc7e460>,82,16,[7 2],83,206,222,123,206
1,<environment.Job instance at 0x7f2453ab4eb0>,76,17,[11  2],77,222,239,145,210
1,<environment.Job instance at 0x7f2453ac22d0>,88,12,[ 1 13],89,224,236,135,211
1,<environment.Job instance at 0x7f240fa10d70>,1,28,[6 2],2,2,30,0,2
1,<environment.Job instance at 0x7f2453ac2320>,3,3,[2 7],4,4,7,0,4
1,<environment.Job instance at 0x7f240f9c3730>,11,1,[6 4],12,12,13,0,12
1,<environment.Job instance at 0x7f240fb2c460>,13,3,[1 5],14,14,17,0,14
1,<environment.Job instance at 0x7f240fb2c9b0>,16,2,[3 9],17,17,19,0,17
1,<environment.Job instance at 0x7f245abfa280>,22,1,[10  1],23,30,31,7,24
1,<environment.Job instance at 0x7f2453a82a50>,23,1,[ 4 14],24,30,31,6,24
1,<environment.Job instance at 0x7f2453a82be0>,24,2,[5 6],25,25,27,0,25
1,<environment.Job instance at 0x7f24102291e0>,25,3,[7 1],26,27,30,1,26
1,<environment.Job instance at 0x7f245665f280>,26,2,[2 9],27,27,29,0,27
1,<environment.Job instance at 0x7f245665f820>,27,2,[2 7],28,31,33,3,28
1,<environment.Job instance at 0x7f245665fb90>,30,3,[4 7],31,34,37,3,34
1,<environment.Job instance at 0x7f245665fd20>,34,15,[2 8],35,39,54,4,39
1,<environment.Job instance at 0x7f245665fb40>,35,3,[7 2],36,39,42,3,39
1,<environment.Job instance at 0x7f240fb2c2d0>,19,1,[5 6],20,42,43,22,40
1,<environment.Job instance at 0x7f240fb2cf00>,18,2,[8 3],19,45,47,26,45
1,<environment.Job instance at 0x7f2453edf730>,41,3,[2 5],42,57,60,15,57
1,<environment.Job instance at 0x7f2453edf190>,42,13,[3 8],43,58,71,15,58
1,<environment.Job instance at 0x7f240fd4ffa0>,44,12,[6 3],45,63,75,18,63
1,<environment.Job instance at 0x7f241020aeb0>,45,14,[7 2],46,71,85,25,63
1,<environment.Job instance at 0x7f240fd4f5a0>,46,1,[4 6],47,75,76,28,63
1,<environment.Job instance at 0x7f241020a870>,49,2,[2 7],50,72,74,22,72
1,<environment.Job instance at 0x7f240fe51af0>,50,3,[1 7],51,74,77,23,72
1,<environment.Job instance at 0x7f241020a910>,51,13,[ 4 11],52,77,90,25,72
1,<environment.Job instance at 0x7f240fe516e0>,52,20,[3 6],53,90,110,37,81
1,<environment.Job instance at 0x7f240fe51780>,54,2,[10  3],55,85,87,30,81
1,<environment.Job instance at 0x7f24560fbb90>,55,2,[2 9],56,90,92,34,81
1,<environment.Job instance at 0x7f24560fba00>,56,21,[10  4],57,92,113,35,84
1,<environment.Job instance at 0x7f24560fb9b0>,59,15,[14  4],60,113,128,53,99
1,<environment.Job instance at 0x7f2456101eb0>,61,18,[3 7],62,128,146,66,117
1,<environment.Job instance at 0x7f2453be5780>,66,1,[6 4],67,128,129,61,117
1,<environment.Job instance at 0x7f2453be5280>,65,2,[3 9],66,146,148,80,126
1,<environment.Job instance at 0x7f240f9c2f00>,67,24,[9 5],68,129,153,61,126
1,<environment.Job instance at 0x7f24562e0e10>,75,1,[8 3],76,153,154,77,146
1,<environment.Job instance at 0x7f24562e0c80>,71,15,[5 5],72,148,163,76,146
1,<environment.Job instance at 0x7f24101d82d0>,79,16,[13  2],80,163,179,83,152
1,<environment.Job instance at 0x7f24560feeb0>,76,1,[12  5],77,179,180,102,153
1,<environment.Job instance at 0x7f240fcd9460>,84,1,[6 2],85,160,161,75,160
1,<environment.Job instance at 0x7f240fcd9f00>,85,2,[10  4],86,161,163,75,160
1,<environment.Job instance at 0x7f240fe5b550>,88,3,[9 2],89,180,183,91,161
1,<environment.Job instance at 0x7f240fe5beb0>,91,20,[5 5],92,180,200,88,171
1,<environment.Job instance at 0x7f240fe5b780>,92,3,[8 5],93,183,186,90,171
1,<environment.Job instance at 0x7f240fe5b4b0>,93,22,[2 8],94,186,208,92,179
1,<environment.Job instance at 0x7f240fe5bd70>,95,3,[ 1 10],96,208,211,112,182
1,<environment.Job instance at 0x7f240fe5bf00>,98,3,[2 6],99,200,203,101,186
1,<environment.Job instance at 0x7f240fe5bc30>,99,1,[5 4],100,203,204,103,186
1,<environment.Job instance at 0x7f240fe5b140>,101,3,[3 5],102,204,207,102,186
1,<environment.Job instance at 0x7f240fe0a050>,2,3,[10  5],3,3,6,0,3
1,<environment.Job instance at 0x7f2455f955a0>,3,1,[7 3],4,6,7,2,4
1,<environment.Job instance at 0x7f2455f957d0>,4,2,[9 3],5,7,9,2,5
1,<environment.Job instance at 0x7f240f9bffa0>,6,1,[10  1],7,9,10,2,7
1,<environment.Job instance at 0x7f240f9bf190>,8,3,[1 8],9,9,12,0,9
1,<environment.Job instance at 0x7f240f9bf280>,9,1,[5 8],10,12,13,2,11
1,<environment.Job instance at 0x7f240f9bf780>,14,1,[3 8],15,15,16,0,15
1,<environment.Job instance at 0x7f24103f5050>,15,1,[1 7],16,16,17,0,16
1,<environment.Job instance at 0x7f24103f5730>,19,1,[8 1],20,20,21,0,20
1,<environment.Job instance at 0x7f2455f95af0>,10,16,[ 4 10],11,39,55,28,39
1,<environment.Job instance at 0x7f24103f53c0>,25,21,[3 8],26,55,76,29,47
1,<environment.Job instance at 0x7f24103f5be0>,27,18,[ 3 12],28,76,94,48,65
1,<environment.Job instance at 0x7f24103f58c0>,29,1,[10  3],30,65,66,35,65
1,<environment.Job instance at 0x7f24103f5cd0>,32,21,[1 8],33,94,115,61,86
1,<environment.Job instance at 0x7f240fb65730>,37,22,[7 5],38,94,116,56,89
1,<environment.Job instance at 0x7f240fb65640>,40,12,[8 1],41,115,127,74,100
1,<environment.Job instance at 0x7f240fb65960>,41,16,[ 1 11],42,116,132,74,103
1,<environment.Job instance at 0x7f240fb650a0>,44,2,[5 2],45,112,114,67,112
1,<environment.Job instance at 0x7f240fb65d70>,45,1,[9 3],46,127,128,81,112
1,<environment.Job instance at 0x7f240fb65140>,46,2,[5 3],47,116,118,69,112
1,<environment.Job instance at 0x7f240fb65460>,53,18,[12  1],54,135,153,81,135
1,<environment.Job instance at 0x7f240faf56e0>,54,18,[ 3 10],55,136,154,81,136
1,<environment.Job instance at 0x7f240faf5a50>,55,2,[2 9],56,154,156,98,136
1,<environment.Job instance at 0x7f240faf5780>,59,2,[5 2],60,153,155,93,152
1,<environment.Job instance at 0x7f240faf5230>,61,2,[6 1],62,158,160,96,158
1,<environment.Job instance at 0x7f240faf52d0>,62,26,[8 2],63,158,184,95,158
1,<environment.Job instance at 0x7f240faf5550>,63,2,[5 6],64,160,162,96,158
1,<environment.Job instance at 0x7f240faf5050>,64,3,[5 8],65,162,165,97,158
1,<environment.Job instance at 0x7f240f9bfe60>,13,17,[13  3],14,184,201,170,174
1,<environment.Job instance at 0x7f24103f5c30>,24,13,[9 1],25,201,214,176,185
1,<environment.Job instance at 0x7f240faf5280>,68,2,[7 1],69,214,216,145,190
1,<environment.Job instance at 0x7f240faf5870>,69,1,[4 9],70,201,202,131,190
1,<environment.Job instance at 0x7f240fb2be10>,74,1,[8 4],75,214,215,139,197
1,<environment.Job instance at 0x7f240fb2ba50>,75,3,[1 5],76,197,200,121,197
1,<environment.Job instance at 0x7f240fb2b4b0>,81,2,[5 4],82,208,210,126,208
1,<environment.Job instance at 0x7f240fb2bdc0>,83,26,[7 3],84,215,241,131,212
1,<environment.Job instance at 0x7f240fb2b6e0>,79,12,[5 1],80,216,228,136,212
1,<environment.Job instance at 0x7f240fb2b9b0>,80,3,[ 3 12],81,228,231,147,212
1,<environment.Job instance at 0x7f2453eddc30>,5,2,[5 9],6,6,8,0,6
1,<environment.Job instance at 0x7f2453ebc6e0>,7,17,[3 8],8,12,29,4,12
1,<environment.Job instance at 0x7f2453ebc9b0>,13,20,[2 6],14,19,39,5,19
1,<environment.Job instance at 0x7f2453ebca50>,15,1,[3 6],16,29,30,13,19
1,<environment.Job instance at 0x7f2453ec4eb0>,17,1,[ 3 11],18,39,40,21,32
1,<environment.Job instance at 0x7f2453ec4d70>,22,2,[2 9],23,49,51,26,49
1,<environment.Job instance at 0x7f2453ec4dc0>,23,15,[10  2],24,53,68,29,53
1,<environment.Job instance at 0x7f2453ec4550>,25,17,[2 9],26,54,71,28,54
1,<environment.Job instance at 0x7f2453ec4960>,26,2,[8 2],27,68,70,41,54
1,<environment.Job instance at 0x7f2453ec4320>,28,1,[5 6],29,70,71,41,65
1,<environment.Job instance at 0x7f2453edb1e0>,30,2,[6 1],31,83,85,52,83
1,<environment.Job instance at 0x7f2453edbdc0>,31,1,[4 7],32,83,84,51,83
1,<environment.Job instance at 0x7f2453edb3c0>,35,3,[2 9],36,97,100,61,97
1,<environment.Job instance at 0x7f2453edb410>,37,15,[10  2],38,101,116,63,101
1,<environment.Job instance at 0x7f2453edb870>,38,1,[10  2],39,116,117,77,101
1,<environment.Job instance at 0x7f2453edb910>,40,2,[3 9],41,113,115,72,113
1,<environment.Job instance at 0x7f2453edbcd0>,41,14,[10  4],42,117,131,75,113
1,<environment.Job instance at 0x7f2453edbf50>,42,3,[8 5],43,131,134,88,113
1,<environment.Job instance at 0x7f2453edb730>,44,1,[4 9],45,116,117,71,116
1,<environment.Job instance at 0x7f2453edbd70>,45,1,[4 9],46,117,118,71,116
1,<environment.Job instance at 0x7f2453ed0640>,46,3,[9 3],47,134,137,87,116
1,<environment.Job instance at 0x7f2453ed00f0>,47,1,[ 2 11],48,118,119,70,116
1,<environment.Job instance at 0x7f2453ed0550>,51,2,[7 2],52,141,143,89,141
1,<environment.Job instance at 0x7f2453ed0690>,54,2,[1 5],55,146,148,91,146
1,<environment.Job instance at 0x7f2453ed0a50>,55,3,[ 4 12],56,148,151,92,146
1,<environment.Job instance at 0x7f2453ed02d0>,56,16,[ 1 10],57,151,167,94,146
1,<environment.Job instance at 0x7f2453ed0320>,57,18,[ 3 11],58,167,185,109,156
1,<environment.Job instance at 0x7f2453ed05f0>,58,2,[14  5],59,156,158,97,156
1,<environment.Job instance at 0x7f2453ed04b0>,59,2,[9 5],60,158,160,98,156
1,<environment.Job instance at 0x7f2453eaf460>,63,12,[1 5],64,185,197,121,170
1,<environment.Job instance at 0x7f2453ebceb0>,11,14,[5 7],12,185,199,173,170
1,<environment.Job instance at 0x7f2453eafcd0>,66,24,[5 3],67,184,208,117,184
1,<environment.Job instance at 0x7f2453eaf1e0>,69,3,[5 5],70,197,200,127,184
1,<environment.Job instance at 0x7f2453eaf230>,74,28,[10  4],75,200,228,125,199
1,<environment.Job instance at 0x7f2453eafb90>,67,13,[2 9],68,208,221,140,203
1,<environment.Job instance at 0x7f2453eaf500>,75,15,[ 4 12],76,228,243,152,219
1,<environment.Job instance at 0x7f240fbc13c0>,82,2,[10  1],83,228,230,145,219
1,<environment.Job instance at 0x7f4602258af0>,3,22,[2 5],4,4,26,0,4
1,<environment.Job instance at 0x7f45fadf62d0>,5,2,[1 6],6,6,8,0,6
1,<environment.Job instance at 0x7f4602206320>,1,3,[ 2 10],2,8,11,6,7
1,<environment.Job instance at 0x7f45fadf67d0>,10,22,[8 1],11,11,33,0,11
1,<environment.Job instance at 0x7f45fadf6a00>,11,3,[4 9],12,12,15,0,12
1,<environment.Job instance at 0x7f45fadf6820>,9,12,[8 2],10,33,45,23,16
1,<environment.Job instance at 0x7f45fadf6c80>,15,3,[2 8],16,16,19,0,16
1,<environment.Job instance at 0x7f46022060f0>,2,14,[ 2 10],3,26,40,23,16
1,<environment.Job instance at 0x7f45fadf6dc0>,17,12,[5 1],18,21,33,3,21
1,<environment.Job instance at 0x7f45fadf6af0>,12,23,[6 4],13,40,63,27,34
1,<environment.Job instance at 0x7f45fadf6eb0>,16,18,[7 3],17,45,63,28,36
1,<environment.Job instance at 0x7f45fadf8870>,28,17,[ 1 13],29,63,80,34,57
1,<environment.Job instance at 0x7f45fadf8910>,29,2,[4 7],30,80,82,50,59
1,<environment.Job instance at 0x7f45fadf89b0>,30,26,[9 4],31,80,106,49,77
1,<environment.Job instance at 0x7f45fadf8640>,23,16,[6 2],24,82,98,58,80
1,<environment.Job instance at 0x7f45fadf8a50>,31,1,[ 2 14],32,106,107,74,93
1,<environment.Job instance at 0x7f45fadf8c80>,36,2,[7 5],37,107,109,70,94
1,<environment.Job instance at 0x7f45fadf8410>,38,2,[6 1],39,98,100,59,94
1,<environment.Job instance at 0x7f45fadf8190>,19,25,[5 9],20,107,132,87,104
1,<environment.Job instance at 0x7f45fadfa230>,41,1,[7 1],42,109,110,67,107
1,<environment.Job instance at 0x7f45fadfa140>,42,2,[4 7],43,132,134,89,110
1,<environment.Job instance at 0x7f45fadfa410>,44,3,[5 1],45,110,113,65,110
1,<environment.Job instance at 0x7f45fadfa1e0>,40,26,[ 1 10],41,134,160,93,131
1,<environment.Job instance at 0x7f45fadf6fa0>,18,26,[7 4],19,131,157,112,131
1,<environment.Job instance at 0x7f45fadfae10>,55,12,[2 6],56,160,172,104,160
1,<environment.Job instance at 0x7f45fadfb0a0>,58,17,[3 7],59,160,177,101,160
1,<environment.Job instance at 0x7f45fadfb410>,59,19,[1 7],60,172,191,112,162
1,<environment.Job instance at 0x7f45fadfb500>,60,2,[2 6],61,177,179,116,162
1,<environment.Job instance at 0x7f45fadfb5a0>,61,1,[7 5],62,179,180,117,162
1,<environment.Job instance at 0x7f45fadfb780>,64,2,[2 8],65,180,182,115,164
1,<environment.Job instance at 0x7f45fadfb820>,65,1,[5 8],66,182,183,116,164
1,<environment.Job instance at 0x7f45fadfb8c0>,66,2,[7 2],67,164,166,97,164
1,<environment.Job instance at 0x7f45fadfbb40>,70,1,[5 4],71,183,184,112,182
1,<environment.Job instance at 0x7f45fadfbbe0>,71,2,[5 1],72,183,185,111,182
1,<environment.Job instance at 0x7f45fadfbd20>,73,2,[9 3],74,184,186,110,182
1,<environment.Job instance at 0x7f45fadfbdc0>,74,2,[1 7],75,186,188,111,182
1,<environment.Job instance at 0x7f45fadfbe60>,75,3,[10  4],76,188,191,112,182
1,<environment.Job instance at 0x7f45fadfbf00>,76,13,[10  1],77,191,204,114,182
1,<environment.Job instance at 0x7f45fadfb230>,57,16,[ 2 11],58,191,207,133,184
1,<environment.Job instance at 0x7f45fadfb460>,78,14,[6 1],79,204,218,125,196
1,<environment.Job instance at 0x7f45fadff2d0>,81,14,[8 5],82,207,221,125,196
1,<environment.Job instance at 0x7f45fadff500>,82,21,[4 8],83,218,239,135,211
1,<environment.Job instance at 0x7f45fae0f320>,2,15,[ 2 13],3,3,18,0,3
1,<environment.Job instance at 0x7f45fae0fe60>,4,20,[13  4],5,18,38,13,9
1,<environment.Job instance at 0x7f45b71e9d20>,11,22,[5 6],12,38,60,26,31
1,<environment.Job instance at 0x7f45b71e9a50>,13,1,[12  5],14,60,61,46,32
1,<environment.Job instance at 0x7f45fadff5f0>,5,3,[9 2],6,38,41,32,32
1,<environment.Job instance at 0x7f45b71f6cd0>,22,20,[10  5],23,61,81,38,52
1,<environment.Job instance at 0x7f45b71f6050>,23,2,[9 4],24,52,54,28,52
1,<environment.Job instance at 0x7f45b71f6550>,25,2,[5 6],26,54,56,28,52
1,<environment.Job instance at 0x7f45b71f6730>,26,13,[ 5 14],27,81,94,54,65
1,<environment.Job instance at 0x7f45b71f6a00>,28,2,[8 1],29,81,83,52,65
1,<environment.Job instance at 0x7f45b71f3050>,32,3,[8 5],33,94,97,61,69
1,<environment.Job instance at 0x7f45b71f3640>,33,24,[3 7],34,94,118,60,89
1,<environment.Job instance at 0x7f45b71f3a00>,34,19,[3 8],35,97,116,62,89
1,<environment.Job instance at 0x7f45b71f3a50>,36,3,[10  3],37,116,119,79,90
1,<environment.Job instance at 0x7f45b71f4e10>,38,2,[5 7],39,118,120,79,93
1,<environment.Job instance at 0x7f45b71f4d70>,39,2,[10  2],40,119,121,79,93
1,<environment.Job instance at 0x7f45b71f47d0>,42,1,[8 3],43,121,122,78,97
1,<environment.Job instance at 0x7f45b71f4af0>,43,3,[2 5],44,120,123,76,97
1,<environment.Job instance at 0x7f45b71f4730>,44,19,[6 2],45,122,141,77,112
1,<environment.Job instance at 0x7f45b71ebeb0>,48,27,[ 3 12],49,123,150,74,121
1,<environment.Job instance at 0x7f45b71eb140>,52,15,[ 2 14],53,150,165,97,136
1,<environment.Job instance at 0x7f45b72062d0>,54,26,[3 9],55,165,191,110,162
1,<environment.Job instance at 0x7f45b7374140>,58,21,[2 7],59,191,212,132,183
1,<environment.Job instance at 0x7f45b720b640>,60,23,[4 7],61,191,214,130,185
1,<environment.Job instance at 0x7f45b72e1820>,64,3,[5 6],65,212,215,147,194
1,<environment.Job instance at 0x7f45b7360cd0>,67,2,[10  3],68,214,216,146,199
1,<environment.Job instance at 0x7f45b7338500>,68,20,[ 2 10],69,215,235,146,206
1,<environment.Job instance at 0x7f45b72fe410>,70,1,[14  4],71,235,236,164,207
1,<environment.Job instance at 0x7f45b72de460>,73,1,[4 8],74,236,237,162,216
1,<environment.Job instance at 0x7f45b72de0a0>,75,21,[1 6],76,235,256,159,227
1,<environment.Job instance at 0x7f45b72deeb0>,1,20,[ 4 10],2,2,22,0,2
1,<environment.Job instance at 0x7f45b7064550>,7,27,[9 5],8,8,35,0,8
1,<environment.Job instance at 0x7f45fafed550>,20,1,[7 2],21,35,36,14,33
1,<environment.Job instance at 0x7f45fab78410>,22,25,[ 3 11],23,35,60,12,33
1,<environment.Job instance at 0x7f45fb2889b0>,24,17,[13  5],25,60,77,35,48
1,<environment.Job instance at 0x7f45fabc0f00>,25,13,[ 5 14],26,77,90,51,63
1,<environment.Job instance at 0x7f45fb2af230>,32,2,[6 5],33,90,92,57,68
1,<environment.Job instance at 0x7f45fab69f00>,36,1,[9 2],37,94,95,57,94
1,<environment.Job instance at 0x7f45fabb6820>,37,2,[1 8],38,94,96,56,94
1,<environment.Job instance at 0x7f45b704b6e0>,39,18,[5 6],40,95,113,55,95
1,<environment.Job instance at 0x7f45b704baf0>,41,2,[9 2],42,98,100,56,98
1,<environment.Job instance at 0x7f45b704b280>,42,2,[7 5],43,100,102,57,98
1,<environment.Job instance at 0x7f45b704ba50>,43,16,[ 4 10],44,113,129,69,100
1,<environment.Job instance at 0x7f45b704b190>,44,2,[5 8],45,102,104,57,100
1,<environment.Job instance at 0x7f45b704b1e0>,45,27,[4 5],46,104,131,58,102
1,<environment.Job instance at 0x7f45b704b7d0>,47,12,[13  4],48,131,143,83,114
1,<environment.Job instance at 0x7f45b704bd70>,48,12,[ 5 12],49,143,155,94,126
1,<environment.Job instance at 0x7f45b71199b0>,52,20,[4 9],53,155,175,102,146
1,<environment.Job instance at 0x7f45fabd09b0>,54,1,[10  5],55,155,156,100,146
1,<environment.Job instance at 0x7f45b7119d20>,55,3,[10  5],56,156,159,100,146
1,<environment.Job instance at 0x7f45b7119aa0>,56,2,[5 5],57,159,161,102,146
1,<environment.Job instance at 0x7f45b70a6a50>,57,3,[9 3],58,146,149,88,146
1,<environment.Job instance at 0x7f45b70b1c30>,60,3,[6 2],61,149,152,88,146
1,<environment.Job instance at 0x7f45b70b1870>,61,1,[5 8],62,175,176,113,147
1,<environment.Job instance at 0x7f45b70b1910>,64,21,[4 9],65,176,197,111,168
1,<environment.Job instance at 0x7f45b72de0a0>,4,16,[7 5],5,169,185,164,169
1,<environment.Job instance at 0x7f45fabac8c0>,69,1,[ 4 11],70,197,198,127,172
1,<environment.Job instance at 0x7f45fabaccd0>,68,12,[14  3],69,198,210,129,181
1,<environment.Job instance at 0x7f45fabbaaa0>,72,1,[ 4 10],73,210,211,137,182
1,<environment.Job instance at 0x7f45fac8cdc0>,76,25,[2 8],77,211,236,134,207
1,<environment.Job instance at 0x7f45b70c7550>,79,2,[8 2],80,210,212,130,207
1,<environment.Job instance at 0x7f45b70c7b40>,80,26,[8 3],81,212,238,131,209
1,<environment.Job instance at 0x7f45b72c3730>,1,3,[3 8],2,2,5,0,2
1,<environment.Job instance at 0x7f45b744bd20>,3,1,[7 1],4,4,5,0,4
1,<environment.Job instance at 0x7f45b769f780>,6,21,[ 4 10],7,7,28,0,7
1,<environment.Job instance at 0x7f45b74f93c0>,7,23,[2 8],8,28,51,20,22
1,<environment.Job instance at 0x7f45b73d0820>,17,1,[7 2],18,24,25,6,24
1,<environment.Job instance at 0x7f45b7187910>,8,3,[11  1],9,26,29,17,26
1,<environment.Job instance at 0x7f45b74f9730>,9,19,[13  3],10,29,48,19,26
1,<environment.Job instance at 0x7f45fb2a1320>,19,17,[12  4],20,48,65,28,39
1,<environment.Job instance at 0x7f45fb030640>,22,3,[14  5],23,65,68,42,43
1,<environment.Job instance at 0x7f45faee0870>,24,24,[5 5],25,68,92,43,63
1,<environment.Job instance at 0x7f45fb2a16e0>,20,25,[6 4],21,68,93,47,64
1,<environment.Job instance at 0x7f45faefcc80>,32,1,[4 8],33,92,93,59,78
1,<environment.Job instance at 0x7f45fb065cd0>,29,15,[9 5],30,93,108,63,79
1,<environment.Job instance at 0x7f45faefc9b0>,33,3,[10  3],34,108,111,74,82
1,<environment.Job instance at 0x7f45faefc1e0>,36,12,[ 5 12],37,108,120,71,91
1,<environment.Job instance at 0x7f45fae913c0>,38,15,[2 9],39,93,108,54,91
1,<environment.Job instance at 0x7f45fae4e870>,39,2,[ 5 14],40,120,122,80,93
1,<environment.Job instance at 0x7f45fade78c0>,41,2,[7 2],42,111,113,69,93
1,<environment.Job instance at 0x7f45fade7b90>,42,2,[4 9],43,122,124,79,95
1,<environment.Job instance at 0x7f45fade7320>,44,3,[2 8],45,124,127,79,98
1,<environment.Job instance at 0x7f45fae2f9b0>,49,1,[9 2],50,113,114,63,106
1,<environment.Job instance at 0x7f45fae2f5f0>,54,22,[7 3],55,122,144,67,115
1,<environment.Job instance at 0x7f45fb0656e0>,28,28,[ 5 10],29,127,155,98,126
1,<environment.Job instance at 0x7f45fae2f1e0>,55,20,[7 5],56,144,164,88,135
1,<environment.Job instance at 0x7f45fae3f4b0>,64,17,[14  5],65,164,181,99,152
1,<environment.Job instance at 0x7f45fade10f0>,69,3,[5 8],70,159,162,89,159
1,<environment.Job instance at 0x7f45fade1d70>,71,2,[14  5],72,181,183,109,159
1,<environment.Job instance at 0x7f45faf42e60>,74,2,[9 4],75,183,185,108,166
1,<environment.Job instance at 0x7f45fade4370>,78,2,[9 3],79,185,187,106,182
1,<environment.Job instance at 0x7f45faff5c30>,79,3,[4 7],80,183,186,103,182
1,<environment.Job instance at 0x7f45faff51e0>,80,1,[4 8],81,186,187,105,182
1,<environment.Job instance at 0x7f45fade4410>,81,1,[8 1],82,187,188,105,182
1,<environment.Job instance at 0x7f45fb05ea00>,85,2,[9 1],86,209,211,123,209
1,<environment.Job instance at 0x7f45fac4a280>,86,22,[1 8],87,209,231,122,209
1,<environment.Job instance at 0x7f45b769aa00>,0,26,[3 7],1,1,27,0,1
1,<environment.Job instance at 0x7f45b769f6e0>,1,18,[11  5],2,9,27,7,9
1,<environment.Job instance at 0x7f45fade4f50>,9,1,[12  2],10,27,28,17,12
1,<environment.Job instance at 0x7f45fd41e3c0>,12,24,[1 9],13,27,51,14,22
1,<environment.Job instance at 0x7f45fae47d20>,15,1,[1 8],16,51,52,35,24
1,<environment.Job instance at 0x7f45fae47e10>,17,2,[3 7],18,51,53,33,24
1,<environment.Job instance at 0x7f45fae47410>,18,2,[1 6],19,28,30,9,24
1,<environment.Job instance at 0x7f45fae47b40>,21,27,[7 1],22,52,79,30,50
1,<environment.Job instance at 0x7f45fac729b0>,22,26,[ 3 10],23,53,79,30,50
1,<environment.Job instance at 0x7f45b74012d0>,23,2,[ 3 13],24,79,81,55,57
1,<environment.Job instance at 0x7f45b77a4780>,27,1,[ 3 14],28,81,82,53,58
1,<environment.Job instance at 0x7f45fd8ba8c0>,28,12,[ 2 11],29,82,94,53,65
1,<environment.Job instance at 0x7f45b747faa0>,30,16,[10  1],31,79,95,48,67
1,<environment.Job instance at 0x7f45b768b550>,31,17,[11  3],32,95,112,63,83
1,<environment.Job instance at 0x7f45fd8be550>,37,1,[7 3],38,112,113,74,84
1,<environment.Job instance at 0x7f45fd8f56e0>,38,3,[9 3],39,113,116,74,87
1,<environment.Job instance at 0x7f45fd8f5a50>,41,13,[10  2],42,116,129,74,100
1,<environment.Job instance at 0x7f45fd8f5050>,42,14,[5 1],43,112,126,69,100
1,<environment.Job instance at 0x7f45fd8f5190>,43,24,[2 6],44,126,150,82,121
1,<environment.Job instance at 0x7f45fd8f5910>,44,13,[ 5 12],45,150,163,105,139
1,<environment.Job instance at 0x7f45fd8ebe60>,53,1,[5 5],54,163,164,109,152
1,<environment.Job instance at 0x7f45fd8f5690>,45,2,[ 2 11],46,164,166,118,161
1,<environment.Job instance at 0x7f45fd8ebbe0>,55,19,[6 3],56,163,182,107,163
1,<environment.Job instance at 0x7f45fd8d83c0>,59,1,[2 8],60,166,167,106,163
1,<environment.Job instance at 0x7f45fd8d8910>,60,3,[1 9],61,167,170,106,163
1,<environment.Job instance at 0x7f45fd8d8f50>,62,27,[5 7],63,170,197,107,168
1,<environment.Job instance at 0x7f45fd8d8050>,57,15,[6 1],58,182,197,124,172
1,<environment.Job instance at 0x7f45fd8be870>,33,15,[ 4 13],34,197,212,163,184
1,<environment.Job instance at 0x7f45fd8d8690>,69,17,[5 2],70,197,214,127,185
1,<environment.Job instance at 0x7f45fd8d6e60>,68,15,[11  4],69,214,229,145,200
1,<environment.Job instance at 0x7f45fd8d6aa0>,72,3,[9 5],73,229,232,156,207
1,<environment.Job instance at 0x7f45fd8d6b40>,73,3,[1 8],74,212,215,138,209
1,<environment.Job instance at 0x7f45fd8d6960>,71,14,[ 4 13],72,232,246,160,219
1,<environment.Job instance at 0x7f45fd8d64b0>,74,2,[9 2],75,232,234,157,219
1,<environment.Job instance at 0x7f45faf421e0>,2,1,[5 9],3,3,4,0,3
1,<environment.Job instance at 0x7f45fae55730>,4,1,[2 5],5,5,6,0,5
1,<environment.Job instance at 0x7f45fae3f960>,5,1,[7 2],6,6,7,0,6
1,<environment.Job instance at 0x7f45fd92cd20>,6,1,[10  4],7,10,11,3,10
1,<environment.Job instance at 0x7f45fd92c780>,8,16,[13  3],9,11,27,2,11
1,<environment.Job instance at 0x7f45fd92c280>,14,1,[6 4],15,27,28,12,15
1,<environment.Job instance at 0x7f45fd92cfa0>,15,21,[9 5],16,27,48,11,19
1,<environment.Job instance at 0x7f45fd92cf00>,19,2,[4 7],20,28,30,8,20
1,<environment.Job instance at 0x7f45b76cb230>,23,27,[3 5],24,36,63,12,36
1,<environment.Job instance at 0x7f45b76cb410>,24,1,[12  4],25,48,49,23,36
1,<environment.Job instance at 0x7f45b76cb9b0>,25,2,[14  1],26,63,65,37,36
1,<environment.Job instance at 0x7f45b76cbc80>,30,3,[8 5],31,49,52,18,49
1,<environment.Job instance at 0x7f45b76cba50>,31,2,[4 5],32,49,51,17,49
1,<environment.Job instance at 0x7f45b76cbdc0>,32,3,[4 7],33,52,55,19,49
1,<environment.Job instance at 0x7f45b76cb3c0>,33,12,[9 3],34,65,77,31,49
1,<environment.Job instance at 0x7f45b76c9460>,39,3,[3 7],40,66,69,26,66
1,<environment.Job instance at 0x7f45b76c9a00>,41,3,[5 4],42,81,84,39,81
1,<environment.Job instance at 0x7f45b76c9780>,44,1,[4 7],45,81,82,36,81
1,<environment.Job instance at 0x7f45b76c9050>,36,12,[6 4],37,84,96,47,84
1,<environment.Job instance at 0x7f45fd92c3c0>,17,14,[1 9],18,85,99,67,85
1,<environment.Job instance at 0x7f4601f8d280>,48,14,[4 5],49,96,110,47,88
1,<environment.Job instance at 0x7f45fd92c4b0>,10,13,[5 8],11,99,112,88,93
1,<environment.Job instance at 0x7f4601f8d5f0>,50,1,[ 5 11],51,112,113,61,108
1,<environment.Job instance at 0x7f4601f8d870>,52,25,[7 3],53,110,135,57,108
1,<environment.Job instance at 0x7f4601f8da50>,55,2,[ 2 10],56,113,115,57,108
1,<environment.Job instance at 0x7f4601f8d2d0>,56,17,[2 9],57,115,132,58,108
1,<environment.Job instance at 0x7f4601f8de60>,51,18,[4 8],52,136,154,84,136
1,<environment.Job instance at 0x7f45b76c9c80>,46,27,[10  4],47,136,163,89,136
1,<environment.Job instance at 0x7f45b7758d70>,65,3,[8 2],66,163,166,97,141
1,<environment.Job instance at 0x7f45b77580f0>,67,3,[2 7],68,154,157,86,141
1,<environment.Job instance at 0x7f45b7758780>,64,3,[9 2],65,166,169,101,147
1,<environment.Job instance at 0x7f45b7758c30>,69,18,[5 2],70,157,175,87,150
1,<environment.Job instance at 0x7f45b7758870>,70,3,[ 1 10],71,163,166,92,159
1,<environment.Job instance at 0x7f45b7758cd0>,71,2,[ 2 10],72,169,171,97,160
1,<environment.Job instance at 0x7f45b77583c0>,68,14,[13  2],69,175,189,106,160
1,<environment.Job instance at 0x7f45b76df190>,76,1,[2 8],77,171,172,94,167
1,<environment.Job instance at 0x7f45b76df780>,80,18,[1 7],81,175,193,94,175
1,<environment.Job instance at 0x7f45b76df140>,83,1,[6 2],84,192,193,108,192
1,<environment.Job instance at 0x7f45b76dfe10>,84,2,[2 7],85,193,195,108,192
1,<environment.Job instance at 0x7f45b76dfaa0>,85,26,[4 8],86,193,219,107,192
1,<environment.Job instance at 0x7f45b76dfb90>,86,20,[4 8],87,219,239,132,210
1,<environment.Job instance at 0x7f45fd949a00>,2,2,[3 6],3,4,6,1,4
1,<environment.Job instance at 0x7f45fd41af50>,6,26,[8 5],7,9,35,2,9
1,<environment.Job instance at 0x7f45fd41a8c0>,5,2,[2 9],6,13,15,7,13
1,<environment.Job instance at 0x7f45fd42d820>,8,18,[13  1],9,35,53,26,24
1,<environment.Job instance at 0x7f45fae64f50>,13,20,[5 3],14,53,73,39,44
1,<environment.Job instance at 0x7f45fd765500>,16,14,[10  1],17,53,67,36,49
1,<environment.Job instance at 0x7f45fd4504b0>,22,2,[5 2],23,67,69,44,49
1,<environment.Job instance at 0x7f45fd4507d0>,23,3,[10  2],24,69,72,45,49
1,<environment.Job instance at 0x7f45fb111d70>,24,12,[10  2],25,72,84,47,55
1,<environment.Job instance at 0x7f45faf870a0>,27,22,[10  1],28,84,106,56,77
1,<environment.Job instance at 0x7f45b73aff00>,3,14,[ 4 11],4,80,94,76,80
1,<environment.Job instance at 0x7f45fd450be0>,25,2,[10  1],26,106,108,80,84
1,<environment.Job instance at 0x7f45fd50ab90>,31,3,[11  4],32,108,111,76,86
1,<environment.Job instance at 0x7f45fd950320>,33,1,[5 7],34,94,95,60,87
1,<environment.Job instance at 0x7f45fd50a910>,30,20,[3 8],31,95,115,64,88
1,<environment.Job instance at 0x7f45fd50a230>,34,1,[ 1 10],35,115,116,80,88
1,<environment.Job instance at 0x7f45b752f2d0>,39,13,[8 5],40,111,124,71,96
1,<environment.Job instance at 0x7f45b75a17d0>,41,2,[2 6],42,103,105,61,103
1,<environment.Job instance at 0x7f45fd50ab40>,28,16,[13  1],29,124,140,95,117
1,<environment.Job instance at 0x7f45fae11960>,47,1,[ 4 12],48,140,141,92,119
1,<environment.Job instance at 0x7f45fae70780>,49,22,[7 3],50,140,162,90,133
1,<environment.Job instance at 0x7f45b74448c0>,52,25,[7 5],53,141,166,88,137
1,<environment.Job instance at 0x7f45b7444870>,53,2,[14  5],54,166,168,112,140
1,<environment.Job instance at 0x7f4602101280>,54,2,[13  4],55,168,170,113,154
1,<environment.Job instance at 0x7f4602101230>,56,12,[12  4],57,170,182,113,159
1,<environment.Job instance at 0x7f45b752f410>,42,13,[ 3 10],43,170,183,127,166
1,<environment.Job instance at 0x7f45fd4013c0>,65,15,[ 4 12],66,183,198,117,171
1,<environment.Job instance at 0x7f45fb0e7190>,69,17,[ 2 10],70,198,215,128,197
1,<environment.Job instance at 0x7f45fb173280>,73,20,[8 4],74,217,237,143,217
1,<environment.Job instance at 0x7f45fb173230>,74,2,[7 1],75,217,219,142,217
1,<environment.Job instance at 0x7f45fd407140>,75,3,[2 6],76,219,222,143,217
1,<environment.Job instance at 0x7f45fd407be0>,76,1,[1 6],77,222,223,145,217
1,<environment.Job instance at 0x7f45fd4d75a0>,1,2,[13  4],2,2,4,0,2
1,<environment.Job instance at 0x7f45fafa8fa0>,5,2,[ 3 10],6,6,8,0,6
1,<environment.Job instance at 0x7f45b72b35a0>,6,20,[10  4],7,7,27,0,7
1,<environment.Job instance at 0x7f45b72f3c30>,10,27,[ 3 13],11,27,54,16,25
1,<environment.Job instance at 0x7f45b72f3f00>,15,18,[ 3 12],16,54,72,38,43
1,<environment.Job instance at 0x7f45b72f38c0>,17,1,[ 4 10],18,72,73,54,44
1,<environment.Job instance at 0x7f45b72f33c0>,20,1,[12  1],21,44,45,23,44
1,<environment.Job instance at 0x7f45b750a960>,21,25,[9 1],22,45,70,23,44
1,<environment.Job instance at 0x7f45b750af00>,27,18,[5 5],28,78,96,50,78
1,<environment.Job instance at 0x7f45b750ac30>,30,27,[5 4],31,80,107,49,80
1,<environment.Job instance at 0x7f45b750ae60>,31,28,[7 5],32,96,124,64,95
1,<environment.Job instance at 0x7f45b7520320>,33,28,[8 2],34,107,135,73,106
1,<environment.Job instance at 0x7f45b7520780>,40,3,[10  2],41,135,138,94,114
1,<environment.Job instance at 0x7f45b7520820>,41,1,[2 8],42,124,125,82,114
1,<environment.Job instance at 0x7f45b7520dc0>,45,2,[7 1],46,125,127,79,118
1,<environment.Job instance at 0x7f45b7520cd0>,46,2,[2 6],47,127,129,80,118
1,<environment.Job instance at 0x7f45b7520c30>,47,18,[2 6],48,127,145,79,124
1,<environment.Job instance at 0x7f45b7520050>,51,1,[ 5 14],52,145,146,93,130
1,<environment.Job instance at 0x7f45b75100a0>,52,1,[7 1],53,138,139,85,132
1,<environment.Job instance at 0x7f45b75209b0>,43,16,[7 2],44,146,162,102,134
1,<environment.Job instance at 0x7f45b7510140>,53,19,[7 1],54,139,158,85,139
1,<environment.Job instance at 0x7f45b7510320>,56,1,[4 5],57,158,159,101,147
1,<environment.Job instance at 0x7f45b7510460>,58,18,[ 2 10],59,162,180,103,162
1,<environment.Job instance at 0x7f45b7510190>,61,3,[10  5],62,162,165,100,162
1,<environment.Job instance at 0x7f45b75109b0>,63,27,[5 1],64,165,192,101,163
1,<environment.Job instance at 0x7f45fd407be0>,8,17,[9 2],9,180,197,171,172
1,<environment.Job instance at 0x7f45b7510b90>,66,2,[ 5 12],67,192,194,125,176
1,<environment.Job instance at 0x7f45b7510d70>,69,1,[1 6],70,180,181,110,176
1,<environment.Job instance at 0x7f45b7510e10>,70,13,[7 3],71,197,210,126,181
1,<environment.Job instance at 0x7f45b7510eb0>,71,12,[3 8],72,194,206,122,182
1,<environment.Job instance at 0x7f45b7510c30>,67,3,[3 6],68,206,209,138,184
1,<environment.Job instance at 0x7f45b73d6b40>,11,13,[5 2],12,197,210,185,190
1,<environment.Job instance at 0x7f45b7510640>,75,17,[14  4],76,210,227,134,200
1,<environment.Job instance at 0x7f45b75060a0>,81,12,[13  5],82,227,239,145,211
1,<environment.Job instance at 0x7f45b7506690>,1,2,[4 7],2,2,4,0,2
1,<environment.Job instance at 0x7f45fb0adfa0>,3,1,[9 5],4,4,5,0,4
1,<environment.Job instance at 0x7f45b7506370>,4,21,[8 1],5,5,26,0,5
1,<environment.Job instance at 0x7f45fad2a550>,7,1,[1 7],8,10,11,2,10
1,<environment.Job instance at 0x7f45fad2ae10>,8,3,[1 5],9,10,13,1,10
1,<environment.Job instance at 0x7f45fad2a6e0>,10,18,[ 2 11],11,14,32,3,14
1,<environment.Job instance at 0x7f45fabbf870>,17,23,[9 2],18,26,49,8,20
1,<environment.Job instance at 0x7f45fad2a5a0>,13,3,[4 7],14,32,35,18,21
1,<environment.Job instance at 0x7f45fad2a1e0>,12,2,[6 5],13,35,37,22,24
1,<environment.Job instance at 0x7f45fb2a8190>,24,1,[1 8],25,37,38,12,29
1,<environment.Job instance at 0x7f45faf66f50>,27,1,[6 5],28,39,40,11,39
1,<environment.Job instance at 0x7f45faedb0a0>,29,1,[8 2],30,49,50,19,48
1,<environment.Job instance at 0x7f45b70d9780>,32,18,[ 2 10],33,54,72,21,54
1,<environment.Job instance at 0x7f45fd597af0>,35,3,[7 5],36,66,69,30,66
1,<environment.Job instance at 0x7f45fd597eb0>,36,17,[ 1 14],37,72,89,35,66
1,<environment.Job instance at 0x7f45faf88fa0>,38,1,[3 8],39,89,90,50,77
1,<environment.Job instance at 0x7f45faffaa00>,39,18,[14  4],40,90,108,50,79
1,<environment.Job instance at 0x7f45fd339500>,43,24,[4 7],44,108,132,64,103
1,<environment.Job instance at 0x7f45b70ef370>,47,1,[7 3],48,109,110,61,109
1,<environment.Job instance at 0x7f45fad6be10>,48,23,[ 4 10],49,132,155,83,126
1,<environment.Job instance at 0x7f45fad6bbe0>,49,2,[4 6],50,128,130,78,128
1,<environment.Job instance at 0x7f45fd3b5370>,54,1,[4 9],55,155,156,100,128
1,<environment.Job instance at 0x7f45fd3b5820>,55,13,[ 3 12],56,156,169,100,140
1,<environment.Job instance at 0x7f45fd575f50>,56,13,[ 4 12],57,169,182,112,153
1,<environment.Job instance at 0x7f45fb08e0a0>,66,1,[3 7],67,182,183,115,165
1,<environment.Job instance at 0x7f45fb08e910>,67,1,[4 7],68,182,183,114,165
1,<environment.Job instance at 0x7f45fb08e8c0>,69,2,[8 4],70,183,185,113,173
1,<environment.Job instance at 0x7f45fb18f5a0>,73,17,[4 9],74,194,211,120,194
1,<environment.Job instance at 0x7f45fb18f280>,74,1,[1 9],75,211,212,136,194
1,<environment.Job instance at 0x7f45fb18fbe0>,75,14,[5 1],76,194,208,118,194
1,<environment.Job instance at 0x7f45fb18ff00>,76,1,[2 5],77,194,195,117,194
1,<environment.Job instance at 0x7f45fb18fcd0>,77,1,[8 5],78,208,209,130,194
1,<environment.Job instance at 0x7f45fb18f050>,78,16,[9 2],79,209,225,130,196
1,<environment.Job instance at 0x7f45fb18f0f0>,79,24,[7 1],80,225,249,145,220
1,<environment.Job instance at 0x7f45fb18f140>,80,26,[4 8],81,220,246,139,220
1,<environment.Job instance at 0x7f45fb08ea00>,1,1,[4 6],2,2,3,0,2
1,<environment.Job instance at 0x7f45fb08ec80>,3,3,[11  3],4,4,7,0,4
1,<environment.Job instance at 0x7f45fd6a5230>,4,1,[4 7],5,6,7,1,6
1,<environment.Job instance at 0x7f45fb1da1e0>,6,1,[1 9],7,7,8,0,7
1,<environment.Job instance at 0x7f45fb1d0af0>,7,2,[8 2],8,8,10,0,8
1,<environment.Job instance at 0x7f45fb1d0370>,8,3,[9 2],9,10,13,1,9
1,<environment.Job instance at 0x7f45fb1d02d0>,10,2,[7 3],11,13,15,2,11
1,<environment.Job instance at 0x7f45fb2a8af0>,12,1,[7 3],13,13,14,0,13
1,<environment.Job instance at 0x7f45b747a050>,14,3,[3 9],15,15,18,0,15
1,<environment.Job instance at 0x7f45b747ae10>,15,2,[4 9],16,18,20,2,16
1,<environment.Job instance at 0x7f45b747a7d0>,16,2,[2 8],17,20,22,3,17
1,<environment.Job instance at 0x7f45b725df00>,17,3,[1 6],18,18,21,0,18
1,<environment.Job instance at 0x7f45b747a320>,18,16,[ 5 13],19,22,38,3,19
1,<environment.Job instance at 0x7f45b747a870>,19,1,[5 5],20,21,22,1,20
1,<environment.Job instance at 0x7f45fb220c30>,21,15,[14  4],22,38,53,16,25
1,<environment.Job instance at 0x7f45fb2a7640>,26,23,[10  4],27,53,76,26,47
1,<environment.Job instance at 0x7f45faddf910>,32,18,[10  5],33,76,94,43,65
1,<environment.Job instance at 0x7f45fad2e5f0>,38,12,[6 1],39,94,106,55,78
1,<environment.Job instance at 0x7f45fadf6140>,40,12,[2 9],41,83,95,42,83
1,<environment.Job instance at 0x7f45fadf6e60>,41,17,[7 2],42,99,116,57,99
1,<environment.Job instance at 0x7f45fadf6550>,42,1,[2 7],43,99,100,56,99
1,<environment.Job instance at 0x7f45fd514cd0>,45,13,[ 3 10],46,106,119,60,99
1,<environment.Job instance at 0x7f45fd514820>,46,14,[1 5],47,116,130,69,102
1,<environment.Job instance at 0x7f45fd514410>,47,1,[4 8],48,119,120,71,102
1,<environment.Job instance at 0x7f45fd5149b0>,48,2,[10  1],49,119,121,70,102
1,<environment.Job instance at 0x7f45fd514c80>,49,25,[8 3],50,121,146,71,117
1,<environment.Job instance at 0x7f45b74bc410>,52,24,[11  1],53,146,170,93,141
1,<environment.Job instance at 0x7f45b74bc730>,56,17,[1 6],57,143,160,86,143
1,<environment.Job instance at 0x7f45fda95f50>,62,18,[10  1],63,170,188,107,162
1,<environment.Job instance at 0x7f45fda959b0>,63,2,[4 8],64,162,164,98,162
1,<environment.Job instance at 0x7f45fda95be0>,64,1,[ 3 10],65,164,165,99,162
1,<environment.Job instance at 0x7f45fda95050>,66,3,[7 4],67,188,191,121,173
1,<environment.Job instance at 0x7f45fd365320>,67,1,[8 2],68,188,189,120,173
1,<environment.Job instance at 0x7f45fac174b0>,68,2,[8 3],69,189,191,120,173
1,<environment.Job instance at 0x7f45fd693af0>,69,1,[ 3 10],70,173,174,103,173
1,<environment.Job instance at 0x7f45fda950a0>,70,2,[8 2],71,191,193,120,173
1,<environment.Job instance at 0x7f45b76a6d70>,71,18,[7 1],72,191,209,119,182
1,<environment.Job instance at 0x7f45b74bc2d0>,53,18,[2 6],54,193,211,139,185
1,<environment.Job instance at 0x7f45fb1112d0>,80,3,[8 2],81,209,212,128,200
1,<environment.Job instance at 0x7f45fb111410>,82,14,[ 1 10],83,211,225,128,200
1,<environment.Job instance at 0x7f45fb1482d0>,83,2,[12  1],84,212,214,128,202
1,<environment.Job instance at 0x7f45b71bc730>,84,1,[ 5 14],85,225,226,140,202
1,<environment.Job instance at 0x7f45fb111280>,85,15,[10  1],86,214,229,128,214
1,<environment.Job instance at 0x7f45fd915f50>,1,26,[7 2],2,2,28,0,2
1,<environment.Job instance at 0x7f45b70efeb0>,2,2,[ 2 13],3,4,6,1,4
1,<environment.Job instance at 0x7f45fd60a500>,7,1,[14  5],8,28,29,20,9
1,<environment.Job instance at 0x7f45fae7f550>,9,14,[8 2],10,11,25,1,11
1,<environment.Job instance at 0x7f45fae640a0>,6,12,[11  2],7,29,41,22,15
1,<environment.Job instance at 0x7f45fb2b2050>,18,1,[ 4 13],19,25,26,6,20
1,<environment.Job instance at 0x7f45fb2b22d0>,22,2,[ 3 14],23,41,43,18,23
1,<environment.Job instance at 0x7f45fb2b25f0>,23,1,[7 1],24,26,27,2,24
1,<environment.Job instance at 0x7f45fb2b26e0>,24,23,[8 3],25,43,66,18,37
1,<environment.Job instance at 0x7f45b747a1e0>,3,16,[ 3 10],4,43,59,39,38
1,<environment.Job instance at 0x7f45fb2b2a50>,30,3,[4 8],31,59,62,28,43
1,<environment.Job instance at 0x7f45fb2b2b90>,32,3,[7 2],33,62,65,29,44
1,<environment.Job instance at 0x7f45fb2b29b0>,29,1,[11  4],30,66,67,36,53
1,<environment.Job instance at 0x7f45fb2b2910>,28,2,[3 5],29,65,67,36,56
1,<environment.Job instance at 0x7f45fb2b2e60>,38,1,[8 3],39,67,68,28,62
1,<environment.Job instance at 0x7f45fb2e80f0>,39,18,[5 1],40,67,85,27,65
1,<environment.Job instance at 0x7f45fb2b2f50>,40,12,[ 4 12],41,68,80,27,67
1,<environment.Job instance at 0x7f45fb2e8410>,41,1,[4 8],42,80,81,38,67
1,<environment.Job instance at 0x7f45fb2e85a0>,43,18,[6 1],44,68,86,24,68
1,<environment.Job instance at 0x7f45fb2e85f0>,44,2,[5 6],45,85,87,40,68
1,<environment.Job instance at 0x7f45fb2e8730>,46,2,[3 9],47,81,83,34,81
1,<environment.Job instance at 0x7f45fb2e8b40>,50,3,[6 3],51,86,89,35,85
1,<environment.Job instance at 0x7f45fb2e8a00>,52,2,[5 7],53,97,99,44,97
1,<environment.Job instance at 0x7f45fb2e8e10>,53,2,[2 5],54,97,99,43,97
1,<environment.Job instance at 0x7f45fb2e8e60>,54,2,[2 8],55,99,101,44,97
1,<environment.Job instance at 0x7f45fb2e8f00>,55,22,[9 4],56,99,121,43,97
1,<environment.Job instance at 0x7f45fb2e8fa0>,56,1,[1 5],57,101,102,44,97
1,<environment.Job instance at 0x7f45fb2e8f50>,57,2,[10  1],58,121,123,63,97
1,<environment.Job instance at 0x7f45fb2e6230>,59,27,[5 8],60,102,129,42,100
1,<environment.Job instance at 0x7f45fb2e65f0>,64,2,[7 4],65,124,126,59,124
1,<environment.Job instance at 0x7f45fb2e6190>,66,22,[3 8],67,135,157,68,135
1,<environment.Job instance at 0x7f45fb2e69b0>,68,2,[5 5],69,137,139,68,137
1,<environment.Job instance at 0x7f45fb2e6730>,69,2,[10  1],70,139,141,69,137
1,<environment.Job instance at 0x7f45fb2e6a00>,70,1,[10  3],71,141,142,70,137
1,<environment.Job instance at 0x7f45fb2e6b40>,71,3,[5 8],72,157,160,85,137
1,<environment.Job instance at 0x7f45fb2e6be0>,72,1,[3 9],73,160,161,87,137
1,<environment.Job instance at 0x7f45fb2e6c80>,73,1,[5 2],74,137,138,63,137
1,<environment.Job instance at 0x7f45fb2e6d20>,74,3,[5 4],75,142,145,67,138
1,<environment.Job instance at 0x7f45fb2b2cd0>,34,25,[8 2],35,145,170,110,143
1,<environment.Job instance at 0x7f45fb2b2f00>,37,13,[3 5],38,161,174,123,147
1,<environment.Job instance at 0x7f45fb2e6f50>,78,17,[3 7],79,161,178,82,157
1,<environment.Job instance at 0x7f45fb2b51e0>,82,1,[14  1],83,178,179,95,164
1,<environment.Job instance at 0x7f45fb2b5370>,83,14,[ 1 10],84,178,192,94,164
1,<environment.Job instance at 0x7f45fb2b52d0>,84,17,[14  4],85,179,196,94,167
1,<environment.Job instance at 0x7f45fb2e6f00>,79,12,[ 5 10],80,196,208,116,190
1,<environment.Job instance at 0x7f45fb2b5730>,88,24,[8 2],89,196,220,107,195
1,<environment.Job instance at 0x7f45fad65460>,8,19,[ 5 11],9,208,227,199,199
1,<environment.Job instance at 0x7f45fb2e02d0>,0,20,[7 1],1,1,21,0,1
1,<environment.Job instance at 0x7f45fae7fa00>,4,21,[6 1],5,5,26,0,5
1,<environment.Job instance at 0x7f45fd3ae280>,5,17,[ 1 11],6,8,25,2,8
1,<environment.Job instance at 0x7f45fd55ffa0>,18,1,[7 4],19,25,26,6,24
1,<environment.Job instance at 0x7f45fd55fd70>,19,2,[3 9],20,26,28,6,24
1,<environment.Job instance at 0x7f45fd55f640>,20,24,[ 4 14],21,28,52,7,24
1,<environment.Job instance at 0x7f45fd8c0730>,24,14,[ 1 11],25,52,66,27,48
1,<environment.Job instance at 0x7f45fd8c0500>,25,24,[7 4],26,52,76,26,48
1,<environment.Job instance at 0x7f45fd8c00a0>,28,1,[5 9],29,66,67,37,54
1,<environment.Job instance at 0x7f45fd6a9af0>,32,2,[7 4],33,67,69,34,62
1,<environment.Job instance at 0x7f45fd55f9b0>,17,17,[9 1],18,76,93,58,74
1,<environment.Job instance at 0x7f45fd6a93c0>,35,25,[6 2],36,75,100,39,75
1,<environment.Job instance at 0x7f45fd6a9d20>,36,2,[ 1 13],37,93,95,56,75
1,<environment.Job instance at 0x7f4602125910>,39,18,[ 1 10],40,95,113,55,85
1,<environment.Job instance at 0x7f46021255f0>,41,2,[1 7],42,113,115,71,86
1,<environment.Job instance at 0x7f45b73d7be0>,43,2,[2 6],44,113,115,69,86
1,<environment.Job instance at 0x7f45b73d76e0>,44,1,[8 1],45,95,96,50,86
1,<environment.Job instance at 0x7f45b73d74b0>,46,26,[10  2],47,100,126,53,97
1,<environment.Job instance at 0x7f45fb1b3dc0>,49,3,[3 8],50,115,118,65,108
1,<environment.Job instance at 0x7f45fac3de10>,52,21,[9 5],53,126,147,73,118
1,<environment.Job instance at 0x7f46021256e0>,42,15,[4 5],43,119,134,76,119
1,<environment.Job instance at 0x7f45fade1730>,55,1,[ 2 14],56,147,148,91,120
1,<environment.Job instance at 0x7f45fac3d870>,53,2,[4 9],54,134,136,80,123
1,<environment.Job instance at 0x7f45fade1410>,57,2,[14  3],58,148,150,90,123
1,<environment.Job instance at 0x7f45fade1320>,58,2,[10  3],59,150,152,91,123
1,<environment.Job instance at 0x7f45fade18c0>,60,1,[5 1],61,136,137,75,124
1,<environment.Job instance at 0x7f45fd52ce10>,63,2,[5 7],64,138,140,74,138
1,<environment.Job instance at 0x7f45b7487b40>,64,18,[9 2],65,152,170,87,142
1,<environment.Job instance at 0x7f45b6fc6a00>,68,28,[ 2 11],69,159,187,90,159
1,<environment.Job instance at 0x7f45b74bc8c0>,7,13,[12  4],8,170,183,162,165
1,<environment.Job instance at 0x7f45b6fc63c0>,73,2,[5 2],74,183,185,109,172
1,<environment.Job instance at 0x7f45faf591e0>,74,18,[8 4],75,189,207,114,189
1,<environment.Job instance at 0x7f45b779c640>,78,2,[6 2],79,189,191,110,189
1,<environment.Job instance at 0x7f45fd8e9280>,80,12,[ 1 11],81,191,203,110,189
1,<environment.Job instance at 0x7f45fd8e93c0>,81,13,[ 5 10],82,203,216,121,196
1,<environment.Job instance at 0x7f45fd8e9c30>,83,15,[ 5 12],84,216,231,132,202
1,<environment.Job instance at 0x7f45fd8e9820>,87,3,[3 6],88,231,234,143,216
1,<environment.Job instance at 0x7f45fd3ad460>,1,3,[8 2],2,2,5,0,2
1,<environment.Job instance at 0x7f45fd6e3f00>,3,1,[13  4],4,5,6,1,4
1,<environment.Job instance at 0x7f45fd6e3550>,5,2,[4 8],6,6,8,0,6
1,<environment.Job instance at 0x7f45faddf820>,4,17,[12  2],5,8,25,3,7
1,<environment.Job instance at 0x7f45faddf870>,7,21,[5 3],8,25,46,17,17
1,<environment.Job instance at 0x7f45fd8a1a50>,12,1,[9 1],13,25,26,12,17
1,<environment.Job instance at 0x7f45fd8a1d20>,15,3,[ 2 10],16,22,25,6,22
1,<environment.Job instance at 0x7f45fd8a1960>,16,28,[7 3],17,26,54,9,25
1,<environment.Job instance at 0x7f45fd8a1eb0>,17,1,[1 8],18,25,26,7,25
1,<environment.Job instance at 0x7f45fd8a19b0>,18,18,[1 8],19,26,44,7,25
1,<environment.Job instance at 0x7f45fd8a12d0>,19,21,[10  5],20,54,75,34,46
1,<environment.Job instance at 0x7f45fd8a1820>,21,3,[4 9],22,46,49,24,46
1,<environment.Job instance at 0x7f45fd8a13c0>,22,3,[1 8],23,49,52,26,46
1,<environment.Job instance at 0x7f45fd8a1aa0>,23,1,[1 6],24,52,53,28,46
1,<environment.Job instance at 0x7f45fd8a16e0>,25,16,[ 4 14],26,75,91,49,62
1,<environment.Job instance at 0x7f45fd8a1b90>,26,3,[ 4 10],27,62,65,35,62
1,<environment.Job instance at 0x7f45b7245cd0>,29,1,[5 9],30,68,69,38,68
1,<environment.Job instance at 0x7f45b7245870>,32,20,[1 9],33,91,111,58,82
1,<environment.Job instance at 0x7f45b7245640>,34,1,[10  5],35,91,92,56,86
1,<environment.Job instance at 0x7f45b7245780>,35,3,[4 7],36,111,114,75,86
1,<environment.Job instance at 0x7f45b7245be0>,36,18,[3 6],37,92,110,55,86
1,<environment.Job instance at 0x7f45b7245d70>,37,26,[ 2 12],38,114,140,76,111
1,<environment.Job instance at 0x7f45b7245b90>,39,1,[ 3 12],40,140,141,100,112
1,<environment.Job instance at 0x7f45b7098e60>,40,2,[10  3],41,112,114,71,112
1,<environment.Job instance at 0x7f45b7098b90>,41,3,[1 9],42,141,144,99,115
1,<environment.Job instance at 0x7f45b70989b0>,42,3,[11  1],43,115,118,72,115
1,<environment.Job instance at 0x7f45b7098280>,43,1,[9 2],44,118,119,74,115
1,<environment.Job instance at 0x7f45b7098370>,45,26,[5 5],46,141,167,95,138
1,<environment.Job instance at 0x7f45b7098fa0>,46,3,[7 1],47,138,141,91,138
1,<environment.Job instance at 0x7f45b7098140>,48,22,[10  5],49,144,166,95,138
1,<environment.Job instance at 0x7f45b7098690>,51,1,[10  4],52,166,167,114,143
1,<environment.Job instance at 0x7f45b70986e0>,52,2,[6 2],53,167,169,114,143
1,<environment.Job instance at 0x7f45fb1d8b40>,54,25,[9 4],55,167,192,112,163
1,<environment.Job instance at 0x7f45b70985f0>,49,15,[2 8],50,169,184,119,167
1,<environment.Job instance at 0x7f45fb1d87d0>,61,3,[11  1],62,192,195,130,168
1,<environment.Job instance at 0x7f45fb1d8a50>,62,3,[12  5],63,195,198,132,181
1,<environment.Job instance at 0x7f45b7245a00>,31,16,[6 2],32,198,214,166,197
1,<environment.Job instance at 0x7f45b752f140>,65,22,[6 4],66,198,220,132,197
1,<environment.Job instance at 0x7f45b752f460>,72,22,[2 7],73,199,221,126,199
1,<environment.Job instance at 0x7f45b74a35f0>,74,12,[1 9],75,221,233,146,218
1,<environment.Job instance at 0x7f45b752f8c0>,70,26,[10  1],71,220,246,149,218
1,<environment.Job instance at 0x7f45fb1d89b0>,1,18,[ 3 14],2,2,20,0,2
1,<environment.Job instance at 0x7f45b6ee7690>,10,2,[6 2],11,20,22,9,11
1,<environment.Job instance at 0x7f45fb2b5a00>,11,2,[10  5],12,22,24,10,12
1,<environment.Job instance at 0x7f45fb1b36e0>,19,20,[5 5],20,54,74,34,54
1,<environment.Job instance at 0x7f45fd867c80>,20,1,[1 5],21,54,55,33,54
1,<environment.Job instance at 0x7f45fd867e60>,22,3,[3 5],23,54,57,31,54
1,<environment.Job instance at 0x7f45fd867410>,23,2,[3 8],24,57,59,33,54
1,<environment.Job instance at 0x7f45fd867eb0>,24,3,[9 1],25,59,62,34,54
1,<environment.Job instance at 0x7f45fd84cfa0>,26,18,[1 8],27,67,85,40,67
1,<environment.Job instance at 0x7f45fd84cbe0>,27,2,[13  4],28,74,76,46,67
1,<environment.Job instance at 0x7f45fd84cf00>,28,1,[3 9],29,85,86,56,67
1,<environment.Job instance at 0x7f45fd84cdc0>,29,1,[5 1],30,67,68,37,67
1,<environment.Job instance at 0x7f45fd84c5a0>,32,2,[10  3],33,76,78,43,68
1,<environment.Job instance at 0x7f45fd84ca50>,34,3,[3 5],35,79,82,44,79
1,<environment.Job instance at 0x7f45fd83e870>,36,13,[13  5],37,86,99,49,86
1,<environment.Job instance at 0x7f45fd83e230>,37,28,[8 2],38,99,127,61,98
1,<environment.Job instance at 0x7f45fafa1730>,6,16,[5 6],7,114,130,107,114
1,<environment.Job instance at 0x7f45fae7f4b0>,8,13,[14  3],9,130,143,121,118
1,<environment.Job instance at 0x7f45fd83f320>,40,17,[14  5],41,143,160,102,137
1,<environment.Job instance at 0x7f45fb05d140>,50,22,[9 5],51,160,182,109,153
1,<environment.Job instance at 0x7f45fb1bfb40>,52,27,[8 4],53,182,209,129,180
1,<environment.Job instance at 0x7f45fb05f5a0>,62,1,[ 1 13],63,209,210,146,190
1,<environment.Job instance at 0x7f45fb05f0a0>,63,25,[ 4 10],64,210,235,146,206
1,<environment.Job instance at 0x7f45fadc0870>,65,17,[11  2],66,216,233,150,216
1,<environment.Job instance at 0x7f45fd97bb40>,73,19,[8 5],74,233,252,159,223
1,<environment.Job instance at 0x7f45fb0c50a0>,75,2,[6 4],76,235,237,159,223
1,<environment.Job instance at 0x7f45fb0c59b0>,77,2,[10  3],78,252,254,174,225
1,<environment.Job instance at 0x7f45b6ee7a50>,0,12,[ 4 14],1,1,13,0,1
1,<environment.Job instance at 0x7f45fb288a50>,1,21,[4 8],2,13,34,11,5
1,<environment.Job instance at 0x7f45fb1f7780>,8,1,[ 1 11],9,34,35,25,10
1,<environment.Job instance at 0x7f45fac5baf0>,10,21,[6 2],11,13,34,2,11
1,<environment.Job instance at 0x7f45faef8870>,14,1,[1 9],15,35,36,20,15
1,<environment.Job instance at 0x7f45faef8230>,16,1,[10  1],17,34,35,17,17
1,<environment.Job instance at 0x7f45faef8c30>,18,22,[4 8],19,36,58,17,29
1,<environment.Job instance at 0x7f45b70d5d20>,2,14,[1 7],3,36,50,33,29
1,<environment.Job instance at 0x7f45fad1d050>,21,15,[ 5 14],22,58,73,36,44
1,<environment.Job instance at 0x7f45b71e4b90>,26,2,[5 9],27,73,75,46,46
1,<environment.Job instance at 0x7f45fd7adf50>,28,2,[6 5],29,50,52,21,46
1,<environment.Job instance at 0x7f45b7627690>,30,1,[10  2],31,52,53,21,46
1,<environment.Job instance at 0x7f45b7792b40>,33,13,[5 1],34,59,72,25,59
1,<environment.Job instance at 0x7f45b77923c0>,35,15,[10  3],36,73,88,37,61
1,<environment.Job instance at 0x7f45b7792dc0>,36,12,[3 9],37,75,87,38,61
1,<environment.Job instance at 0x7f45b71eb640>,37,17,[ 4 14],38,88,105,50,76
1,<environment.Job instance at 0x7f45fd941230>,42,2,[1 7],43,105,107,62,98
1,<environment.Job instance at 0x7f45b742c0f0>,43,1,[ 4 10],44,107,108,63,98
1,<environment.Job instance at 0x7f45b742c4b0>,44,3,[4 7],45,108,111,63,98
1,<environment.Job instance at 0x7f45b74860f0>,45,3,[3 8],46,108,111,62,98
1,<environment.Job instance at 0x7f45b7486be0>,46,16,[7 1],47,111,127,64,98
1,<environment.Job instance at 0x7f45b77258c0>,48,17,[ 1 10],49,111,128,62,103
1,<environment.Job instance at 0x7f45b7725a50>,50,1,[4 9],51,128,129,77,108
1,<environment.Job instance at 0x7f45b7725af0>,51,3,[7 5],52,127,130,75,108
1,<environment.Job instance at 0x7f45b7725640>,52,1,[5 4],53,111,112,58,108
1,<environment.Job instance at 0x7f45fb07f500>,53,2,[5 7],54,129,131,75,108
1,<environment.Job instance at 0x7f45fb07f2d0>,54,1,[5 8],55,130,131,75,108
1,<environment.Job instance at 0x7f45fb07faf0>,56,1,[ 1 10],57,131,132,74,108
1,<environment.Job instance at 0x7f45fb07f320>,57,2,[5 2],58,112,114,54,108
1,<environment.Job instance at 0x7f45fb07fa00>,58,2,[4 5],59,131,133,72,108
1,<environment.Job instance at 0x7f45fb07f7d0>,59,2,[3 9],60,132,134,72,108
1,<environment.Job instance at 0x7f45b74fab90>,62,2,[ 2 10],63,134,136,71,120
1,<environment.Job instance at 0x7f45b747f2d0>,63,2,[ 5 10],64,136,138,72,120
1,<environment.Job instance at 0x7f45b747f910>,65,17,[ 5 10],66,138,155,72,128
1,<environment.Job instance at 0x7f45b747fa00>,67,3,[5 6],68,155,158,87,133
1,<environment.Job instance at 0x7f45b747fc80>,68,2,[6 4],69,133,135,64,133
1,<environment.Job instance at 0x7f45faeade10>,70,2,[5 5],71,141,143,70,141
1,<environment.Job instance at 0x7f45fad1dd70>,23,14,[ 3 11],24,158,172,134,143
1,<environment.Job instance at 0x7f45b747f190>,72,3,[ 1 14],73,172,175,99,161
1,<environment.Job instance at 0x7f45b7055d70>,74,17,[5 2],75,175,192,100,170
1,<environment.Job instance at 0x7f45fafa8e60>,80,12,[3 8],81,175,187,94,170
1,<environment.Job instance at 0x7f45b7411050>,82,3,[10  3],83,187,190,104,174
1,<environment.Job instance at 0x7f45b71c99b0>,79,16,[4 9],80,190,206,110,178
1,<environment.Job instance at 0x7f45b744bf00>,85,14,[3 5],86,192,206,106,182
1,<environment.Job instance at 0x7f45b744baa0>,86,3,[ 5 11],87,206,209,119,184
1,<environment.Job instance at 0x7f45faeadaf0>,71,16,[14  3],72,209,225,137,198
1,<environment.Job instance at 0x7f45fb0d5280>,1,3,[7 5],2,2,5,0,2
1,<environment.Job instance at 0x7f45fb13c550>,9,2,[2 5],10,11,13,1,11
1,<environment.Job instance at 0x7f45fb13cc80>,10,14,[10  1],11,12,26,1,12
1,<environment.Job instance at 0x7f45fb13c0f0>,11,3,[8 5],12,26,29,14,12
1,<environment.Job instance at 0x7f45fb13ccd0>,12,18,[10  1],13,29,47,16,18
1,<environment.Job instance at 0x7f45b6ddd280>,14,27,[1 7],15,26,53,11,26
1,<environment.Job instance at 0x7f45b6ddd870>,15,1,[10  2],16,47,48,31,27
1,<environment.Job instance at 0x7f45b6ddd1e0>,19,1,[5 4],20,48,49,28,27
1,<environment.Job instance at 0x7f45b6dddfa0>,20,3,[5 5],21,49,52,28,27
1,<environment.Job instance at 0x7f45b6ddd640>,24,2,[10  4],25,52,54,27,43
1,<environment.Job instance at 0x7f45b6ddd6e0>,25,2,[6 1],26,48,50,22,43
1,<environment.Job instance at 0x7f45b6ddd320>,26,16,[1 9],27,53,69,26,51
1,<environment.Job instance at 0x7f45b6ddd9b0>,27,3,[2 5],28,54,57,26,51
1,<environment.Job instance at 0x7f45b6dddf50>,28,1,[4 7],29,69,70,40,51
1,<environment.Job instance at 0x7f45fd8809b0>,29,3,[6 5],30,57,60,27,51
1,<environment.Job instance at 0x7f45fd880910>,31,18,[4 6],32,60,78,28,51
1,<environment.Job instance at 0x7f45fd8808c0>,32,1,[ 4 10],33,78,79,45,51
1,<environment.Job instance at 0x7f45fd880be0>,37,17,[1 8],38,79,96,41,69
1,<environment.Job instance at 0x7f45fd8805a0>,38,18,[4 6],39,79,97,40,71
1,<environment.Job instance at 0x7f45fd8806e0>,40,3,[10  1],41,71,74,30,71
1,<environment.Job instance at 0x7f45fd880d20>,41,3,[5 4],42,74,77,32,73
1,<environment.Job instance at 0x7f45fd880370>,43,18,[10  1],44,83,101,39,83
1,<environment.Job instance at 0x7f45fd880780>,45,16,[ 5 13],46,97,113,51,85
1,<environment.Job instance at 0x7f45fd880500>,46,17,[ 2 10],47,113,130,66,102
1,<environment.Job instance at 0x7f45fd8a9050>,49,16,[ 1 13],50,130,146,80,117
1,<environment.Job instance at 0x7f45fd8a9d70>,56,17,[11  2],57,122,139,65,122
1,<environment.Job instance at 0x7f45fd8a9320>,57,3,[5 5],58,146,149,88,124
1,<environment.Job instance at 0x7f45fd8a9410>,59,23,[9 3],60,146,169,86,140
1,<environment.Job instance at 0x7f45fd8a98c0>,63,3,[1 5],64,146,149,82,143
1,<environment.Job instance at 0x7f45fd8a9b40>,64,1,[5 2],65,143,144,78,143
1,<environment.Job instance at 0x7f45fd8a96e0>,66,3,[3 9],67,154,157,87,154
1,<environment.Job instance at 0x7f45b6f76640>,68,12,[ 1 13],69,169,181,100,154
1,<environment.Job instance at 0x7f45b6f76690>,70,22,[9 3],71,181,203,110,174
1,<environment.Job instance at 0x7f45b6f761e0>,71,28,[1 5],72,181,209,109,180
1,<environment.Job instance at 0x7f45b6f76780>,73,2,[5 4],74,181,183,107,180
1,<environment.Job instance at 0x7f45b6f76550>,76,14,[11  1],77,203,217,126,188
1,<environment.Job instance at 0x7f45b6f767d0>,77,22,[7 3],78,217,239,139,210
1,<environment.Job instance at 0x7f45b6f76500>,78,1,[10  3],79,239,240,160,211
1,<environment.Job instance at 0x7f45fd8a9960>,52,15,[ 2 12],53,211,226,158,211
1,<environment.Job instance at 0x7f45b6f76820>,81,14,[5 5],82,226,240,144,218
1,<environment.Job instance at 0x7f45fd91ea00>,2,2,[10  5],3,4,6,1,4
1,<environment.Job instance at 0x7f45b7328be0>,5,3,[7 2],6,6,9,0,6
1,<environment.Job instance at 0x7f45b6f68f50>,3,12,[ 1 14],4,9,21,5,9
1,<environment.Job instance at 0x7f45b76bc6e0>,11,3,[2 5],12,21,24,9,12
1,<environment.Job instance at 0x7f45b76bcb40>,16,1,[4 6],17,24,25,7,24
1,<environment.Job instance at 0x7f45fd7c4050>,19,2,[2 7],20,38,40,18,38
1,<environment.Job instance at 0x7f45fd7c4dc0>,20,3,[1 7],21,38,41,17,38
1,<environment.Job instance at 0x7f45fd7c4870>,21,13,[ 4 11],22,41,54,19,38
1,<environment.Job instance at 0x7f45fd7c40a0>,22,20,[3 6],23,54,74,31,45
1,<environment.Job instance at 0x7f45b73b75a0>,24,2,[10  3],25,46,48,21,46
1,<environment.Job instance at 0x7f45b6f65d70>,25,2,[2 9],26,54,56,28,46
1,<environment.Job instance at 0x7f45fd7c4a00>,26,21,[10  4],27,56,77,29,48
1,<environment.Job instance at 0x7f45fd7ae640>,29,15,[14  4],30,77,92,47,67
1,<environment.Job instance at 0x7f45fd7aeb40>,31,18,[3 7],32,92,110,60,84
1,<environment.Job instance at 0x7f45fd7d51e0>,34,2,[9 5],35,92,94,57,84
1,<environment.Job instance at 0x7f45fd7d5280>,35,2,[3 9],36,110,112,74,84
1,<environment.Job instance at 0x7f45fd7d5320>,36,1,[6 4],37,94,95,57,84
1,<environment.Job instance at 0x7f45fd7d5960>,32,3,[10  1],33,95,98,62,85
1,<environment.Job instance at 0x7f45fd7d54b0>,37,24,[9 5],38,98,122,60,93
1,<environment.Job instance at 0x7f45fd7bd5f0>,42,3,[10  5],43,122,125,79,96
1,<environment.Job instance at 0x7f45fd7d8910>,45,1,[8 3],46,125,126,79,108
1,<environment.Job instance at 0x7f45fabdd6e0>,46,1,[12  5],47,126,127,79,108
1,<environment.Job instance at 0x7f45fabdd550>,48,2,[8 4],49,127,129,78,108
1,<environment.Job instance at 0x7f45fb13f780>,49,16,[13  2],50,129,145,79,116
1,<environment.Job instance at 0x7f45fd7c3730>,50,2,[6 2],51,116,118,65,116
1,<environment.Job instance at 0x7f45fb12a4b0>,53,1,[5 5],54,120,121,66,120
1,<environment.Job instance at 0x7f45fd419c80>,54,1,[6 2],55,121,122,66,120
1,<environment.Job instance at 0x7f45fd4063c0>,55,2,[10  4],56,145,147,89,120
1,<environment.Job instance at 0x7f45b71a5e60>,56,1,[5 5],57,122,123,65,120
1,<environment.Job instance at 0x7f45b71a5d70>,59,2,[10  4],60,147,149,87,123
1,<environment.Job instance at 0x7f45fb12ff50>,61,20,[5 5],62,145,165,83,136
1,<environment.Job instance at 0x7f45fb133c80>,65,3,[ 1 10],66,142,145,76,142
1,<environment.Job instance at 0x7f45fb133230>,69,1,[5 4],70,149,150,79,147
1,<environment.Job instance at 0x7f45fb1337d0>,71,3,[3 5],72,155,158,83,155
1,<environment.Job instance at 0x7f45fb1338c0>,72,20,[ 1 10],73,158,178,85,155
1,<environment.Job instance at 0x7f45fb15d3c0>,74,3,[5 7],75,178,181,103,155
1,<environment.Job instance at 0x7f45b6fffe10>,52,15,[9 5],53,165,180,112,156
1,<environment.Job instance at 0x7f45fb15d780>,75,13,[13  1],76,181,194,105,165
1,<environment.Job instance at 0x7f45fb15d550>,76,16,[ 2 10],77,181,197,104,170
1,<environment.Job instance at 0x7f45fac71640>,82,21,[9 2],83,194,215,111,186
1,<environment.Job instance at 0x7f45fac80640>,85,13,[ 4 14],86,215,228,129,199
1,<environment.Job instance at 0x7f45fac806e0>,90,2,[3 7],91,212,214,121,212
1,<environment.Job instance at 0x7f45fd3ff370>,1,16,[ 1 11],2,2,18,0,2
1,<environment.Job instance at 0x7f45fd91ee60>,4,2,[5 2],5,5,7,0,5
1,<environment.Job instance at 0x7f45fdac2be0>,5,1,[9 3],6,7,8,1,6
1,<environment.Job instance at 0x7f45fdac29b0>,6,2,[5 3],7,8,10,1,7
1,<environment.Job instance at 0x7f45fdae6d20>,13,18,[12  1],14,14,32,0,14
1,<environment.Job instance at 0x7f45fdae68c0>,17,18,[2 7],18,19,37,1,19
1,<environment.Job instance at 0x7f45fabf7910>,19,2,[5 2],20,32,34,12,28
1,<environment.Job instance at 0x7f45b6f65690>,23,2,[5 6],24,32,34,8,28
1,<environment.Job instance at 0x7f45fdac2550>,9,18,[4 5],10,34,52,24,28
1,<environment.Job instance at 0x7f45faffadc0>,25,18,[10  1],26,40,58,14,40
1,<environment.Job instance at 0x7f45b6f6a5f0>,27,13,[8 1],28,58,71,30,46
1,<environment.Job instance at 0x7f45b7740960>,30,21,[5 7],31,52,73,21,49
1,<environment.Job instance at 0x7f45b6e705f0>,33,1,[1 8],34,50,51,16,50
1,<environment.Job instance at 0x7f45b6e70820>,34,1,[8 4],35,71,72,36,56
1,<environment.Job instance at 0x7f45fd725820>,36,3,[1 9],37,73,76,36,61
1,<environment.Job instance at 0x7f45fd725870>,35,3,[1 5],36,63,66,27,63
1,<environment.Job instance at 0x7f45fdacdeb0>,14,18,[ 3 10],15,76,94,61,65
1,<environment.Job instance at 0x7f45b74faf00>,40,3,[ 3 12],41,94,97,53,69
1,<environment.Job instance at 0x7f45b74fa780>,43,26,[7 3],44,74,100,30,74
1,<environment.Job instance at 0x7f45b74fad20>,39,12,[5 1],40,74,86,34,74
1,<environment.Job instance at 0x7f45fd7f7320>,48,2,[6 1],49,97,99,48,87
1,<environment.Job instance at 0x7f45b74fa4b0>,46,17,[5 7],47,99,116,52,96
1,<environment.Job instance at 0x7f45fd7f78c0>,49,16,[3 7],50,100,116,50,97
1,<environment.Job instance at 0x7f45fac8c640>,54,3,[5 5],55,116,119,61,101
1,<environment.Job instance at 0x7f45fac8c3c0>,57,24,[9 3],58,116,140,58,111
1,<environment.Job instance at 0x7f45b6f6ac30>,26,27,[5 8],27,119,146,92,117
1,<environment.Job instance at 0x7f45fd83df50>,64,1,[12  4],65,146,147,81,131
1,<environment.Job instance at 0x7f45fd83de60>,66,25,[10  1],67,147,172,80,143
1,<environment.Job instance at 0x7f45fd82fc30>,70,24,[ 4 13],71,151,175,80,151
1,<environment.Job instance at 0x7f45fd82f140>,71,14,[12  1],72,175,189,103,160
1,<environment.Job instance at 0x7f45fac72230>,75,20,[5 6],76,189,209,113,180
1,<environment.Job instance at 0x7f45fac72b90>,77,2,[3 6],78,180,182,102,180
1,<environment.Job instance at 0x7f45fb033cd0>,60,18,[8 5],61,196,214,135,196
1,<environment.Job instance at 0x7f45b6df75a0>,83,14,[1 7],84,209,223,125,198
1,<environment.Job instance at 0x7f45b6df7c30>,85,12,[10  5],86,214,226,128,213
1,<environment.Job instance at 0x7f45fadd3730>,86,19,[5 9],87,223,242,136,213
1,<environment.Job instance at 0x7f45fadd3550>,89,1,[7 5],90,226,227,136,214
1,<environment.Job instance at 0x7f45faf9f3c0>,5,3,[ 4 12],6,6,9,0,6
1,<environment.Job instance at 0x7f45faf9ff00>,6,16,[ 1 10],7,9,25,2,8
1,<environment.Job instance at 0x7f45faf9feb0>,8,2,[14  5],9,9,11,0,9
1,<environment.Job instance at 0x7f45faf9f410>,9,2,[9 5],10,11,13,1,10
1,<environment.Job instance at 0x7f45faf9fa50>,19,3,[5 5],20,24,27,4,24
1,<environment.Job instance at 0x7f45faf9fe10>,20,16,[1 7],21,25,41,4,24
1,<environment.Job instance at 0x7f45b6e99640>,22,3,[7 4],23,37,40,14,37
1,<environment.Job instance at 0x7f45b6e995a0>,23,2,[8 3],24,40,42,16,37
1,<environment.Job instance at 0x7f45b6e99780>,24,28,[10  4],25,42,70,17,41
1,<environment.Job instance at 0x7f45fd715870>,7,18,[ 3 11],8,41,59,33,41
1,<environment.Job instance at 0x7f45b6e99d20>,25,15,[ 4 12],26,70,85,44,56
1,<environment.Job instance at 0x7f45b6e99140>,30,2,[2 7],31,59,61,28,56
1,<environment.Job instance at 0x7f45b6e99fa0>,32,2,[10  1],33,70,72,37,56
1,<environment.Job instance at 0x7f45b6e99280>,34,3,[9 2],35,72,75,37,56
1,<environment.Job instance at 0x7f45b6e99730>,36,2,[5 9],37,64,66,27,64
1,<environment.Job instance at 0x7f45b6e99b90>,37,2,[ 5 12],38,85,87,47,64
1,<environment.Job instance at 0x7f45b6e99500>,38,3,[5 1],39,66,69,27,64
1,<environment.Job instance at 0x7f45b6dea050>,40,2,[5 1],41,75,77,34,68
1,<environment.Job instance at 0x7f45b6dea9b0>,42,25,[2 8],43,87,112,44,83
1,<environment.Job instance at 0x7f45b6e99eb0>,26,17,[6 1],27,83,100,56,83
1,<environment.Job instance at 0x7f45b6deaeb0>,48,12,[9 5],49,100,112,51,99
1,<environment.Job instance at 0x7f45b6dea640>,49,2,[10  2],50,112,114,62,99
1,<environment.Job instance at 0x7f45b6deaaa0>,53,2,[11  4],54,114,116,60,112
1,<environment.Job instance at 0x7f45b6deac80>,54,2,[8 1],55,116,118,61,112
1,<environment.Job instance at 0x7f45b6dea190>,57,2,[11  1],58,135,137,77,135
1,<environment.Job instance at 0x7f45b7093640>,58,2,[9 3],59,137,139,78,135
1,<environment.Job instance at 0x7f45b7093320>,59,2,[5 5],60,137,139,77,135
1,<environment.Job instance at 0x7f45b70937d0>,60,3,[3 5],61,139,142,78,135
1,<environment.Job instance at 0x7f45b7093190>,61,3,[ 5 10],62,139,142,77,135
1,<environment.Job instance at 0x7f45b70939b0>,62,1,[1 6],63,135,136,72,135
1,<environment.Job instance at 0x7f45b7093500>,63,1,[8 5],64,142,143,78,135
1,<environment.Job instance at 0x7f45b7093230>,64,12,[10  4],65,143,155,78,135
1,<environment.Job instance at 0x7f45b7093410>,65,21,[ 2 10],66,142,163,76,135
1,<environment.Job instance at 0x7f45b70935a0>,68,3,[8 4],69,155,158,86,135
1,<environment.Job instance at 0x7f45b70932d0>,69,2,[ 3 11],70,163,165,93,136
1,<environment.Job instance at 0x7f45b7093910>,71,2,[4 6],72,165,167,93,147
1,<environment.Job instance at 0x7f45b7093a00>,72,3,[10  2],73,158,161,85,147
1,<environment.Job instance at 0x7f45b7093aa0>,74,1,[10  1],75,161,162,86,147
1,<environment.Job instance at 0x7f45fade3aa0>,75,1,[4 9],76,165,166,89,147
1,<environment.Job instance at 0x7f45fade35a0>,76,3,[1 9],77,166,169,89,147
1,<environment.Job instance at 0x7f45fade3910>,77,3,[5 9],78,169,172,91,147
1,<environment.Job instance at 0x7f45fade3190>,78,3,[7 1],79,162,165,83,147
1,<environment.Job instance at 0x7f45fade3dc0>,79,12,[6 4],80,167,179,87,153
1,<environment.Job instance at 0x7f45fade3780>,80,24,[2 5],81,172,196,91,167
1,<environment.Job instance at 0x7f45fad45320>,83,3,[7 2],84,172,175,88,167
1,<environment.Job instance at 0x7f45fad456e0>,85,20,[5 4],86,175,195,89,167
1,<environment.Job instance at 0x7f45fad45be0>,86,24,[ 1 10],87,195,219,108,190
1,<environment.Job instance at 0x7f45fad451e0>,87,3,[13  1],88,196,199,108,190
1,<environment.Job instance at 0x7f45b702ebe0>,92,3,[1 9],93,219,222,126,193
1,<environment.Job instance at 0x7f45b6e391e0>,1,1,[7 1],2,2,3,0,2
1,<environment.Job instance at 0x7f45fd852af0>,8,1,[3 7],9,9,10,0,9
1,<environment.Job instance at 0x7f45b6d13f00>,13,24,[ 5 11],14,21,45,7,21
1,<environment.Job instance at 0x7f45b6d6c7d0>,19,2,[ 5 10],20,45,47,25,36
1,<environment.Job instance at 0x7f45b6d6c280>,20,1,[2 8],21,47,48,26,36
1,<environment.Job instance at 0x7f45b6dff4b0>,22,2,[10  4],23,43,45,20,43
1,<environment.Job instance at 0x7f45fabf4e10>,23,1,[10  5],24,45,46,21,43
1,<environment.Job instance at 0x7f45fd51cf00>,24,16,[12  5],25,47,63,22,47
1,<environment.Job instance at 0x7f45fd51cdc0>,25,3,[4 5],26,63,66,37,47
1,<environment.Job instance at 0x7f45fd51cb40>,26,17,[10  5],27,63,80,36,57
1,<environment.Job instance at 0x7f45b759f730>,29,21,[7 5],30,80,101,50,72
1,<environment.Job instance at 0x7f45b759faa0>,31,19,[14  4],32,101,120,69,91
1,<environment.Job instance at 0x7f45fac179b0>,38,1,[11  4],39,120,121,81,108
1,<environment.Job instance at 0x7f45fd865aa0>,45,13,[1 9],46,117,130,71,117
1,<environment.Job instance at 0x7f45fd8659b0>,48,1,[5 4],49,125,126,76,125
1,<environment.Job instance at 0x7f45fd8654b0>,50,2,[8 4],51,137,139,86,137
1,<environment.Job instance at 0x7f45fd865e10>,51,1,[8 1],52,139,140,87,137
1,<environment.Job instance at 0x7f45fd865c30>,52,2,[2 9],53,137,139,84,137
1,<environment.Job instance at 0x7f45fd854550>,54,3,[7 3],55,139,142,84,137
1,<environment.Job instance at 0x7f45fd854410>,55,2,[3 7],56,140,142,84,137
1,<environment.Job instance at 0x7f45fad105a0>,37,3,[ 5 11],38,149,152,111,149
1,<environment.Job instance at 0x7f45b6d22050>,7,12,[10  3],8,150,162,142,150
1,<environment.Job instance at 0x7f45fd854140>,62,1,[2 7],63,166,167,103,166
1,<environment.Job instance at 0x7f45fd8311e0>,66,22,[8 4],67,180,202,113,180
1,<environment.Job instance at 0x7f45fd831f50>,67,20,[5 5],68,180,200,112,180
1,<environment.Job instance at 0x7f45fd8315a0>,68,20,[6 2],69,200,220,131,191
1,<environment.Job instance at 0x7f45fd854730>,63,18,[5 3],64,202,220,138,202
1,<environment.Job instance at 0x7f45fd831910>,70,17,[11  3],71,220,237,149,209
1,<environment.Job instance at 0x7f45fd854230>,57,16,[3 9],58,209,225,151,209
1,<environment.Job instance at 0x7f0a67660320>,1,3,[ 2 10],2,2,5,0,2
1,<environment.Job instance at 0x7f0a665014b0>,5,2,[1 6],6,6,8,0,6
1,<environment.Job instance at 0x7f0a66501780>,8,17,[1 8],9,9,26,0,9
1,<environment.Job instance at 0x7f0a66501960>,10,22,[8 1],11,11,33,0,11
1,<environment.Job instance at 0x7f0a66501f50>,18,26,[7 4],19,26,52,7,25
1,<environment.Job instance at 0x7f0a676600a0>,3,22,[2 5],4,33,55,29,28
1,<environment.Job instance at 0x7f0a66501cd0>,20,3,[10  5],21,52,55,31,30
1,<environment.Job instance at 0x7f0a66501b90>,19,25,[5 9],20,55,80,35,51
1,<environment.Job instance at 0x7f0a66505460>,23,16,[6 2],24,55,71,31,51
1,<environment.Job instance at 0x7f0a66505be0>,30,26,[9 4],31,71,97,40,69
1,<environment.Job instance at 0x7f0a66505c80>,31,1,[ 2 14],32,97,98,65,69
1,<environment.Job instance at 0x7f0a66505b90>,32,21,[5 9],33,98,119,65,90
1,<environment.Job instance at 0x7f0a66505e10>,36,2,[7 5],37,98,100,61,97
1,<environment.Job instance at 0x7f0a665054b0>,38,2,[6 1],39,101,103,62,101
1,<environment.Job instance at 0x7f0a66502190>,40,26,[ 1 10],41,119,145,78,116
1,<environment.Job instance at 0x7f0a665019b0>,12,23,[6 4],13,116,139,103,116
1,<environment.Job instance at 0x7f0a66502550>,47,13,[ 3 10],48,145,158,97,134
1,<environment.Job instance at 0x7f0a66502730>,50,2,[5 6],51,158,160,107,134
1,<environment.Job instance at 0x7f0a665029b0>,51,2,[5 3],52,139,141,87,134
1,<environment.Job instance at 0x7f0a66502e60>,52,2,[ 2 10],53,160,162,107,134
1,<environment.Job instance at 0x7f0a66502f00>,53,3,[2 9],54,162,165,108,136
1,<environment.Job instance at 0x7f0a66502410>,45,15,[7 5],46,141,156,95,138
1,<environment.Job instance at 0x7f0a66502dc0>,56,3,[8 4],57,156,159,99,146
1,<environment.Job instance at 0x7f0a6650a230>,59,19,[1 7],60,165,184,105,155
1,<environment.Job instance at 0x7f0a6650a3c0>,60,2,[2 6],61,162,164,101,155
1,<environment.Job instance at 0x7f0a6650a0a0>,61,1,[7 5],62,159,160,97,155
1,<environment.Job instance at 0x7f0a6650a1e0>,64,2,[2 8],65,165,167,100,155
1,<environment.Job instance at 0x7f0a6650a5f0>,65,1,[5 8],66,167,168,101,155
1,<environment.Job instance at 0x7f0a6650a690>,66,2,[7 2],67,160,162,93,155
1,<environment.Job instance at 0x7f0a6650ab90>,70,1,[5 4],71,176,177,105,176
1,<environment.Job instance at 0x7f0a6650aaf0>,71,2,[5 1],72,176,178,104,176
1,<environment.Job instance at 0x7f0a6650acd0>,72,18,[3 5],73,177,195,104,176
1,<environment.Job instance at 0x7f0a6650ad70>,73,2,[9 3],74,178,180,104,176
1,<environment.Job instance at 0x7f0a6650afa0>,74,2,[1 7],75,184,186,109,176
1,<environment.Job instance at 0x7f0a6650af00>,75,3,[10  4],76,186,189,110,176
1,<environment.Job instance at 0x7f0a6650ae60>,76,13,[10  1],77,189,202,112,176
1,<environment.Job instance at 0x7f0a66502370>,44,3,[5 1],45,180,183,135,176
1,<environment.Job instance at 0x7f0a665081e0>,79,19,[10  3],80,202,221,122,192
1,<environment.Job instance at 0x7f0a66508370>,82,21,[4 8],83,197,218,114,197
1,<environment.Job instance at 0x7f0a665084b0>,84,1,[5 5],85,218,219,133,205
1,<environment.Job instance at 0x7f0a66508780>,1,22,[5 6],2,2,24,0,2
1,<environment.Job instance at 0x7f0a6651a640>,4,1,[8 3],5,5,6,0,5
1,<environment.Job instance at 0x7f0a6651abe0>,7,21,[10  4],8,8,29,0,8
1,<environment.Job instance at 0x7f0a1c64eeb0>,12,20,[10  5],13,29,49,16,20
1,<environment.Job instance at 0x7f0a1c64c5f0>,22,3,[8 5],23,49,52,26,31
1,<environment.Job instance at 0x7f0a1c64c550>,23,24,[3 7],24,31,55,7,31
1,<environment.Job instance at 0x7f0a1c650e60>,24,19,[3 8],25,52,71,27,42
1,<environment.Job instance at 0x7f0a1c6505f0>,26,3,[10  3],27,55,58,28,42
1,<environment.Job instance at 0x7f0a1c6507d0>,28,2,[5 7],29,58,60,29,47
1,<environment.Job instance at 0x7f0a1c650730>,29,2,[10  2],30,60,62,30,47
1,<environment.Job instance at 0x7f0a1c650c30>,32,1,[8 3],33,62,63,29,49
1,<environment.Job instance at 0x7f0a1c650af0>,33,3,[2 5],34,63,66,29,49
1,<environment.Job instance at 0x7f0a1c6459b0>,34,19,[6 2],35,63,82,28,53
1,<environment.Job instance at 0x7f0a1c645910>,35,1,[9 3],36,71,72,35,53
1,<environment.Job instance at 0x7f0a1c645af0>,36,17,[9 1],37,72,89,35,62
1,<environment.Job instance at 0x7f0a1c6456e0>,38,27,[ 3 12],39,82,109,43,80
1,<environment.Job instance at 0x7f0a1c6452d0>,41,3,[9 5],42,109,112,67,83
1,<environment.Job instance at 0x7f0a1c64ac30>,42,15,[ 2 14],43,112,127,69,98
1,<environment.Job instance at 0x7f0a1c64ae10>,44,26,[3 9],45,127,153,82,124
1,<environment.Job instance at 0x7f0a1c64a1e0>,46,3,[7 5],47,127,130,80,124
1,<environment.Job instance at 0x7f0a1c64a6e0>,48,21,[2 7],49,153,174,104,145
1,<environment.Job instance at 0x7f0a1c6650a0>,49,3,[10  4],50,146,149,96,146
1,<environment.Job instance at 0x7f0a1c665f00>,50,23,[4 7],51,153,176,102,147
1,<environment.Job instance at 0x7f0a1c7d1500>,55,19,[ 1 10],56,176,195,120,166
1,<environment.Job instance at 0x7f0a1c792320>,57,2,[10  3],58,174,176,116,166
1,<environment.Job instance at 0x7f0a1c886910>,58,20,[ 2 10],59,195,215,136,186
1,<environment.Job instance at 0x7f0a1c73bb40>,63,1,[4 8],64,215,216,151,195
1,<environment.Job instance at 0x7f0a1c73b820>,65,21,[1 6],66,215,236,149,207
1,<environment.Job instance at 0x7f0a1c75d230>,67,18,[ 1 14],68,236,254,168,225
1,<environment.Job instance at 0x7f0a665085f0>,3,1,[12  5],4,225,226,221,225
1,<environment.Job instance at 0x7f0a66519d20>,1,17,[ 5 14],2,3,20,1,3
1,<environment.Job instance at 0x7f0a1c73bb90>,2,25,[ 3 11],3,22,47,19,22
1,<environment.Job instance at 0x7f0a1c4c88c0>,4,17,[13  5],5,47,64,42,35
1,<environment.Job instance at 0x7f0a1c49adc0>,16,1,[9 2],17,35,36,18,35
1,<environment.Job instance at 0x7f0a1c49ae10>,17,2,[1 8],18,47,49,29,35
1,<environment.Job instance at 0x7f0a1c4a4550>,14,15,[2 6],15,53,68,38,53
1,<environment.Job instance at 0x7f0a1c4c7dc0>,21,2,[9 2],22,64,66,42,56
1,<environment.Job instance at 0x7f0a1c582f00>,24,2,[5 8],25,66,68,41,56
1,<environment.Job instance at 0x7f0a662da1e0>,25,27,[4 5],26,68,95,42,66
1,<environment.Job instance at 0x7f0a66682c80>,26,2,[1 8],27,68,70,41,66
1,<environment.Job instance at 0x7f0a6639b820>,27,12,[13  4],28,95,107,67,78
1,<environment.Job instance at 0x7f0a66705fa0>,29,2,[7 4],30,79,81,49,79
1,<environment.Job instance at 0x7f0a1c582a00>,28,12,[ 5 12],29,107,119,78,93
1,<environment.Job instance at 0x7f0a662e8f50>,38,3,[10  2],39,107,110,68,100
1,<environment.Job instance at 0x7f0a667536e0>,41,1,[5 8],42,119,120,77,100
1,<environment.Job instance at 0x7f0a669bf320>,30,3,[10  4],31,119,122,88,117
1,<environment.Job instance at 0x7f0a1c57a730>,47,13,[12  1],48,127,140,79,127
1,<environment.Job instance at 0x7f0a1c57aa50>,48,12,[14  3],49,140,152,91,128
1,<environment.Job instance at 0x7f0a1c57aeb0>,45,3,[5 2],46,152,155,106,128
1,<environment.Job instance at 0x7f0a1c57ad70>,49,1,[ 4 11],50,152,153,102,128
1,<environment.Job instance at 0x7f0a1c57a4b0>,52,1,[ 4 10],53,153,154,100,128
1,<environment.Job instance at 0x7f0a1c514190>,53,3,[7 5],54,154,157,100,130
1,<environment.Job instance at 0x7f0a1c514d20>,55,2,[6 3],56,155,157,99,132
1,<environment.Job instance at 0x7f0a1c5145f0>,56,25,[2 8],57,157,182,100,153
1,<environment.Job instance at 0x7f0a1c514370>,59,2,[8 2],60,162,164,102,162
1,<environment.Job instance at 0x7f0a665192d0>,5,13,[ 5 14],6,182,195,176,174
1,<environment.Job instance at 0x7f0a1c57a500>,44,21,[4 9],45,195,216,150,192
1,<environment.Job instance at 0x7f0a1c5143c0>,60,26,[8 3],61,197,223,136,197
1,<environment.Job instance at 0x7f0a66321910>,69,2,[5 3],70,216,218,146,204
1,<environment.Job instance at 0x7f0a1c512820>,74,2,[11  3],75,223,225,148,205
1,<environment.Job instance at 0x7f0a1c4c5500>,71,18,[5 8],72,225,243,153,214
1,<environment.Job instance at 0x7f0a1c906690>,2,1,[4 8],3,3,4,0,3
1,<environment.Job instance at 0x7f0a1c8aa780>,3,3,[10  3],4,4,7,0,4
1,<environment.Job instance at 0x7f0a1c9534b0>,4,1,[ 3 10],5,5,6,0,5
1,<environment.Job instance at 0x7f0a66bb1230>,6,12,[ 5 12],7,7,19,0,7
1,<environment.Job instance at 0x7f0a6755b1e0>,12,2,[4 9],13,26,28,13,26
1,<environment.Job instance at 0x7f0a665bd690>,16,12,[10  2],17,26,38,9,26
1,<environment.Job instance at 0x7f0a665cfb90>,19,1,[9 2],20,38,39,18,26
1,<environment.Job instance at 0x7f0a66613be0>,17,12,[6 2],18,38,50,20,28
1,<environment.Job instance at 0x7f0a66613690>,18,13,[8 3],19,39,52,20,29
1,<environment.Job instance at 0x7f0a6709b3c0>,24,22,[7 3],25,50,72,25,43
1,<environment.Job instance at 0x7f0a66582910>,25,20,[7 5],26,52,72,26,43
1,<environment.Job instance at 0x7f0a669b56e0>,28,1,[6 5],29,72,73,43,49
1,<environment.Job instance at 0x7f0a662e7b40>,29,2,[1 9],30,72,74,42,49
1,<environment.Job instance at 0x7f0a66558aa0>,32,3,[8 3],33,73,76,40,54
1,<environment.Job instance at 0x7f0a662e7eb0>,33,2,[9 1],34,76,78,42,54
1,<environment.Job instance at 0x7f0a675628c0>,9,2,[ 5 14],10,76,78,66,57
1,<environment.Job instance at 0x7f0a66b5bfa0>,34,17,[14  5],35,78,95,43,66
1,<environment.Job instance at 0x7f0a66977d20>,41,2,[14  5],42,95,97,53,77
1,<environment.Job instance at 0x7f0a66977b90>,44,2,[9 4],45,97,99,52,80
1,<environment.Job instance at 0x7f0a66977780>,45,17,[8 2],46,99,116,53,89
1,<environment.Job instance at 0x7f0a66977a50>,46,16,[1 9],47,92,108,45,92
1,<environment.Job instance at 0x7f0a66977190>,50,1,[4 8],51,108,109,57,93
1,<environment.Job instance at 0x7f0a66574460>,51,1,[8 1],52,116,117,64,94
1,<environment.Job instance at 0x7f0a66574e10>,55,2,[9 1],56,117,119,61,108
1,<environment.Job instance at 0x7f0a66574cd0>,56,22,[1 8],57,109,131,52,108
1,<environment.Job instance at 0x7f0a66574050>,57,28,[5 9],58,131,159,73,130
1,<environment.Job instance at 0x7f0a66574e60>,60,18,[ 2 10],61,159,177,98,148
1,<environment.Job instance at 0x7f0a66bb9320>,65,3,[4 6],66,149,152,83,149
1,<environment.Job instance at 0x7f0a666ba690>,68,13,[9 1],69,156,169,87,156
1,<environment.Job instance at 0x7f0a66c53e60>,21,16,[ 1 14],22,177,193,155,173
1,<environment.Job instance at 0x7f0a665605f0>,77,1,[6 2],78,176,177,98,176
1,<environment.Job instance at 0x7f0a665608c0>,79,18,[1 7],80,193,211,113,186
1,<environment.Job instance at 0x7f0a664fbaf0>,81,1,[13  4],82,193,194,111,186
1,<environment.Job instance at 0x7f0a66635aa0>,83,22,[3 5],84,194,216,110,188
1,<environment.Job instance at 0x7f0a6656bb40>,87,28,[ 5 10],88,211,239,123,210
1,<environment.Job instance at 0x7f0a6656ba00>,88,2,[12  3],89,239,241,150,212
1,<environment.Job instance at 0x7f0a6656b5a0>,90,22,[7 1],91,216,238,125,213
1,<environment.Job instance at 0x7f0a665744b0>,3,24,[2 6],4,4,28,0,4
1,<environment.Job instance at 0x7f0a1c953780>,4,13,[ 5 12],5,28,41,23,13
1,<environment.Job instance at 0x7f0a1c8743c0>,11,2,[5 5],12,15,17,3,15
1,<environment.Job instance at 0x7f0a6656b5a0>,5,2,[ 2 11],6,41,43,35,20
1,<environment.Job instance at 0x7f0a6666cb90>,15,19,[6 3],16,25,44,9,25
1,<environment.Job instance at 0x7f0a6666c410>,16,3,[3 9],17,43,46,26,26
1,<environment.Job instance at 0x7f0a6666c1e0>,19,1,[2 8],20,46,47,26,30
1,<environment.Job instance at 0x7f0a1cbbe910>,22,27,[5 7],23,46,73,23,44
1,<environment.Job instance at 0x7f0a66fd2230>,24,24,[13  2],25,73,97,48,68
1,<environment.Job instance at 0x7f0a662f6690>,28,15,[11  4],29,97,112,68,88
1,<environment.Job instance at 0x7f0a6636f780>,31,14,[ 4 13],32,112,126,80,97
1,<environment.Job instance at 0x7f0a66c8e730>,34,2,[9 2],35,112,114,77,97
1,<environment.Job instance at 0x7f0a6637ea50>,36,2,[10  2],37,114,116,77,97
1,<environment.Job instance at 0x7f0a6637e410>,37,3,[10  1],38,116,119,78,99
1,<environment.Job instance at 0x7f0a1c9179b0>,1,13,[10  2],2,119,132,117,103
1,<environment.Job instance at 0x7f0a6637f8c0>,47,14,[11  4],48,137,151,89,137
1,<environment.Job instance at 0x7f0a6637f5a0>,51,18,[ 3 10],52,151,169,99,151
1,<environment.Job instance at 0x7f0a6637fcd0>,53,24,[8 5],54,159,183,105,159
1,<environment.Job instance at 0x7f0a6637f3c0>,54,14,[ 1 10],55,169,183,114,169
1,<environment.Job instance at 0x7f0a6638d280>,58,13,[12  1],59,183,196,124,169
1,<environment.Job instance at 0x7f0a6637fa00>,46,16,[8 2],47,196,212,149,186
1,<environment.Job instance at 0x7f0a6638d7d0>,65,15,[5 6],66,196,211,130,191
1,<environment.Job instance at 0x7f0a663766e0>,69,1,[5 5],70,211,212,141,198
1,<environment.Job instance at 0x7f0a663768c0>,68,20,[3 9],69,212,232,143,206
1,<environment.Job instance at 0x7f0a6635c280>,7,14,[9 2],8,212,226,204,207
1,<environment.Job instance at 0x7f0a6638d5f0>,66,3,[14  2],67,232,235,165,209
1,<environment.Job instance at 0x7f0a66376a00>,73,14,[ 5 13],74,235,249,161,221
1,<environment.Job instance at 0x7f0a6665da50>,0,1,[ 5 11],1,2,3,1,2
1,<environment.Job instance at 0x7f0a665f65f0>,2,25,[7 3],3,3,28,0,3
1,<environment.Job instance at 0x7f0a6665da00>,3,3,[ 1 10],4,4,7,0,4
1,<environment.Job instance at 0x7f0a66b4d1e0>,4,13,[ 3 12],5,7,20,2,5
1,<environment.Job instance at 0x7f0a66b4dc80>,5,2,[ 2 10],6,20,22,14,6
1,<environment.Job instance at 0x7f0a1c704a00>,12,2,[3 9],13,22,24,9,13
1,<environment.Job instance at 0x7f0a667d5b40>,14,3,[9 2],15,28,31,13,15
1,<environment.Job instance at 0x7f0a667d5c30>,15,3,[8 2],16,24,27,8,16
1,<environment.Job instance at 0x7f0a667d59b0>,18,14,[13  2],19,31,45,12,20
1,<environment.Job instance at 0x7f0a667d5cd0>,21,2,[ 2 10],22,32,34,10,32
1,<environment.Job instance at 0x7f0a66306e10>,26,1,[2 8],27,38,39,11,38
1,<environment.Job instance at 0x7f0a663062d0>,30,18,[1 7],31,40,58,9,40
1,<environment.Job instance at 0x7f0a663065a0>,31,14,[1 7],32,45,59,13,43
1,<environment.Job instance at 0x7f0a66306b40>,33,1,[6 2],34,58,59,24,43
1,<environment.Job instance at 0x7f0a66b8e410>,34,2,[2 7],35,59,61,24,43
1,<environment.Job instance at 0x7f0a66b8eeb0>,35,26,[4 8],36,59,85,23,56
1,<environment.Job instance at 0x7f0a66b8e500>,36,20,[4 8],37,85,105,48,76
1,<environment.Job instance at 0x7f0a66b8e6e0>,37,3,[4 6],38,76,79,38,76
1,<environment.Job instance at 0x7f0a66b8e1e0>,39,1,[5 6],40,79,80,39,76
1,<environment.Job instance at 0x7f0a66873eb0>,40,25,[5 4],41,80,105,39,76
1,<environment.Job instance at 0x7f0a668737d0>,41,21,[5 5],42,105,126,63,97
1,<environment.Job instance at 0x7f0a1c4aa230>,42,1,[6 5],43,105,106,62,97
1,<environment.Job instance at 0x7f0a66b02410>,45,25,[5 7],46,106,131,60,102
1,<environment.Job instance at 0x7f0a66b02fa0>,47,22,[5 8],48,126,148,78,119
1,<environment.Job instance at 0x7f0a66869be0>,48,1,[6 4],49,131,132,82,119
1,<environment.Job instance at 0x7f0a66869d70>,49,3,[11  3],50,148,151,98,122
1,<environment.Job instance at 0x7f0a670ad6e0>,54,12,[ 5 13],55,151,163,96,135
1,<environment.Job instance at 0x7f0a670ad910>,56,2,[5 7],57,135,137,78,135
1,<environment.Job instance at 0x7f0a670ad280>,59,1,[12  4],60,163,164,103,139
1,<environment.Job instance at 0x7f0a670ad820>,62,1,[5 5],63,141,142,78,141
1,<environment.Job instance at 0x7f0a670ade60>,63,24,[3 5],64,163,187,99,158
1,<environment.Job instance at 0x7f0a1c704500>,11,17,[10  5],12,164,181,152,158
1,<environment.Job instance at 0x7f0a66b5e050>,69,1,[6 2],70,181,182,111,167
1,<environment.Job instance at 0x7f0a66b5e5a0>,71,18,[5 9],72,182,200,110,171
1,<environment.Job instance at 0x7f0a66b5ed70>,72,3,[9 4],73,187,190,114,171
1,<environment.Job instance at 0x7f0a66b5e500>,74,27,[1 8],75,200,227,125,198
1,<environment.Job instance at 0x7f0a670ad8c0>,53,27,[8 5],54,199,226,145,199
1,<environment.Job instance at 0x7f0a66a30dc0>,79,1,[4 5],80,226,227,146,199
1,<environment.Job instance at 0x7f0a66a30820>,1,1,[3 5],2,4,5,2,4
1,<environment.Job instance at 0x7f0a66a30be0>,2,3,[7 4],3,4,7,1,4
1,<environment.Job instance at 0x7f0a668eaeb0>,4,1,[6 4],5,5,6,0,5
1,<environment.Job instance at 0x7f0a6719a0f0>,5,15,[ 4 12],6,7,22,1,6
1,<environment.Job instance at 0x7f0a1c811050>,11,18,[8 1],12,15,33,3,15
1,<environment.Job instance at 0x7f0a677cfd20>,13,20,[8 4],14,33,53,19,24
1,<environment.Job instance at 0x7f0a66ad5eb0>,17,27,[8 5],18,53,80,35,51
1,<environment.Job instance at 0x7f0a66ad5690>,18,1,[6 5],19,51,52,32,51
1,<environment.Job instance at 0x7f0a66b8e460>,25,13,[10  5],26,80,93,54,64
1,<environment.Job instance at 0x7f0a1c8a92d0>,27,3,[10  5],28,93,96,65,67
1,<environment.Job instance at 0x7f0a1c8a9730>,29,2,[ 2 12],30,96,98,66,69
1,<environment.Job instance at 0x7f0a66b5ebe0>,32,24,[4 6],33,98,122,65,93
1,<environment.Job instance at 0x7f0a66beb410>,3,15,[4 8],4,98,113,94,93
1,<environment.Job instance at 0x7f0a6659d0a0>,33,15,[ 2 13],34,122,137,88,108
1,<environment.Job instance at 0x7f0a66501be0>,38,1,[1 9],39,113,114,74,112
1,<environment.Job instance at 0x7f0a663f73c0>,35,14,[10  1],36,114,128,78,113
1,<environment.Job instance at 0x7f0a66873dc0>,39,1,[3 6],40,137,138,97,113
1,<environment.Job instance at 0x7f0a66873500>,37,18,[14  1],38,138,156,100,127
1,<environment.Job instance at 0x7f0a664282d0>,43,13,[ 3 11],44,156,169,112,144
1,<environment.Job instance at 0x7f0a1c6aeaa0>,50,12,[ 3 12],51,169,181,118,152
1,<environment.Job instance at 0x7f0a1c6ae370>,52,19,[2 5],53,181,200,128,171
1,<environment.Job instance at 0x7f0a1c5fb4b0>,55,1,[10  5],56,181,182,125,171
1,<environment.Job instance at 0x7f0a1c5fb370>,60,25,[10  4],61,189,214,128,189
1,<environment.Job instance at 0x7f0a66428f00>,44,12,[7 2],45,214,226,169,197
1,<environment.Job instance at 0x7f0a1cb14af0>,67,1,[5 4],68,216,217,148,216
1,<environment.Job instance at 0x7f0a664f5140>,68,3,[3 5],69,216,219,147,216
1,<environment.Job instance at 0x7f0a1ca53b90>,41,18,[7 2],42,220,238,178,220
1,<environment.Job instance at 0x7f0a665c3af0>,65,17,[8 5],66,226,243,160,224
1,<environment.Job instance at 0x7f0a1c6905f0>,75,15,[7 1],76,238,253,162,226
1,<environment.Job instance at 0x7f0a66827870>,2,1,[6 5],3,3,4,0,3
1,<environment.Job instance at 0x7f0a1c6905f0>,5,17,[14  4],6,6,23,0,6
1,<environment.Job instance at 0x7f0a1cafe2d0>,4,18,[9 1],5,23,41,18,15
1,<environment.Job instance at 0x7f0a665c8370>,11,12,[13  5],12,41,53,29,24
1,<environment.Job instance at 0x7f0a665c8d70>,14,3,[3 5],15,26,29,11,26
1,<environment.Job instance at 0x7f0a66d14370>,18,13,[2 9],19,30,43,11,30
1,<environment.Job instance at 0x7f0a66d14af0>,19,1,[4 9],20,53,54,33,30
1,<environment.Job instance at 0x7f0a663cab90>,21,3,[7 2],22,53,56,31,30
1,<environment.Job instance at 0x7f0a663cabe0>,22,3,[2 9],23,43,46,20,30
1,<environment.Job instance at 0x7f0a663cacd0>,23,3,[1 5],24,30,33,6,30
1,<environment.Job instance at 0x7f0a663cafa0>,25,1,[8 4],26,54,55,28,30
1,<environment.Job instance at 0x7f0a1c7df230>,27,1,[ 2 11],28,55,56,27,36
1,<environment.Job instance at 0x7f0a1c7df370>,29,25,[3 8],30,56,81,26,52
1,<environment.Job instance at 0x7f0a1c7df910>,31,17,[7 4],32,61,78,29,61
1,<environment.Job instance at 0x7f0a1c7dfc80>,37,28,[4 9],38,81,109,43,80
1,<environment.Job instance at 0x7f0a1c7dfb40>,42,13,[9 3],43,80,93,37,80
1,<environment.Job instance at 0x7f0a1c7d9190>,45,14,[11  2],46,94,108,48,94
1,<environment.Job instance at 0x7f0a1c7d9370>,48,1,[14  2],49,109,110,60,94
1,<environment.Job instance at 0x7f0a1c7d9410>,49,1,[ 1 11],50,109,110,59,97
1,<environment.Job instance at 0x7f0a1c7d90f0>,44,13,[5 5],45,115,128,70,115
1,<environment.Job instance at 0x7f0a1cafebe0>,6,14,[5 7],7,116,130,109,116
1,<environment.Job instance at 0x7f0a1c7d9e10>,62,1,[8 4],63,128,129,65,117
1,<environment.Job instance at 0x7f0a1c7dfbe0>,41,18,[13  5],42,130,148,88,125
1,<environment.Job instance at 0x7f0a1c7fc550>,73,1,[9 5],74,149,150,75,149
1,<environment.Job instance at 0x7f0a1c7fc5f0>,74,21,[8 1],75,150,171,75,149
1,<environment.Job instance at 0x7f0a1c7fc730>,76,2,[7 3],77,151,153,74,151
1,<environment.Job instance at 0x7f0a1c7fc870>,78,3,[1 5],79,153,156,74,152
1,<environment.Job instance at 0x7f0a1c7fc910>,79,25,[ 3 10],80,156,181,76,152
1,<environment.Job instance at 0x7f0a1c7fce60>,80,18,[ 2 11],81,181,199,100,170
1,<environment.Job instance at 0x7f0a1c7fcf00>,82,2,[6 5],83,171,173,88,170
1,<environment.Job instance at 0x7f0a1c812280>,87,23,[9 2],88,186,209,98,186
1,<environment.Job instance at 0x7f0a1c812410>,88,3,[6 1],89,199,202,110,186
1,<environment.Job instance at 0x7f0a1c8124b0>,89,3,[1 9],90,202,205,112,186
1,<environment.Job instance at 0x7f0a1c8125f0>,91,3,[9 5],92,209,212,117,186
1,<environment.Job instance at 0x7f0a1c812690>,92,3,[8 1],93,212,215,119,186
1,<environment.Job instance at 0x7f0a1c812780>,94,1,[1 8],95,205,206,110,203
1,<environment.Job instance at 0x7f0a1c8126e0>,96,3,[1 7],97,206,209,109,203
1,<environment.Job instance at 0x7f0a1c812d20>,97,1,[6 5],98,209,210,111,203
1,<environment.Job instance at 0x7f0a666930a0>,0,26,[4 8],1,1,27,0,1
1,<environment.Job instance at 0x7f0a6642d410>,12,18,[4 5],13,21,39,8,21
1,<environment.Job instance at 0x7f0a1c812d20>,5,18,[6 2],6,39,57,33,39
1,<environment.Job instance at 0x7f0a1ca27fa0>,18,17,[10  4],19,57,74,38,45
1,<environment.Job instance at 0x7f0a1ca27eb0>,23,1,[ 3 13],24,45,46,21,45
1,<environment.Job instance at 0x7f0a1c5400a0>,25,22,[1 9],26,46,68,20,45
1,<environment.Job instance at 0x7f0a668eabe0>,28,2,[3 9],29,68,70,39,51
1,<environment.Job instance at 0x7f0a66c3a5f0>,29,18,[ 3 12],30,74,92,44,63
1,<environment.Job instance at 0x7f0a665c3e10>,15,15,[12  1],16,74,89,58,65
1,<environment.Job instance at 0x7f0a6635a320>,40,19,[5 4],41,92,111,51,87
1,<environment.Job instance at 0x7f0a66dfecd0>,41,17,[ 2 10],42,92,109,50,88
1,<environment.Job instance at 0x7f0a66bf8e10>,42,3,[5 9],43,109,112,66,88
1,<environment.Job instance at 0x7f0a66359410>,43,18,[9 2],44,111,129,67,101
1,<environment.Job instance at 0x7f0a1c4f9190>,44,24,[5 9],45,112,136,67,107
1,<environment.Job instance at 0x7f0a66bc6370>,47,26,[8 5],48,129,155,81,126
1,<environment.Job instance at 0x7f0a66edf0a0>,53,26,[7 5],54,136,162,82,134
1,<environment.Job instance at 0x7f0a66edf3c0>,56,20,[3 6],57,155,175,98,153
1,<environment.Job instance at 0x7f0a66edf2d0>,57,18,[ 3 10],58,175,193,117,164
1,<environment.Job instance at 0x7f0a66edfd20>,55,2,[13  2],56,193,195,137,169
1,<environment.Job instance at 0x7f0a666ad4b0>,60,1,[9 3],61,169,170,108,169
1,<environment.Job instance at 0x7f0a666ad050>,61,1,[4 6],62,170,171,108,169
1,<environment.Job instance at 0x7f0a666ad730>,63,3,[11  3],64,172,175,108,172
1,<environment.Job instance at 0x7f0a666ad550>,64,1,[4 7],65,195,196,130,172
1,<environment.Job instance at 0x7f0a673d8910>,66,1,[1 9],67,193,194,126,178
1,<environment.Job instance at 0x7f0a673d8370>,67,2,[8 2],68,178,180,110,178
1,<environment.Job instance at 0x7f0a66a19aa0>,68,3,[9 2],69,180,183,111,178
1,<environment.Job instance at 0x7f0a66b5cf00>,70,2,[7 3],71,183,185,112,178
1,<environment.Job instance at 0x7f0a66b5c320>,72,1,[7 3],73,185,186,112,181
1,<environment.Job instance at 0x7f0a66b5c910>,73,3,[9 3],74,186,189,112,181
1,<environment.Job instance at 0x7f0a66b5c870>,74,3,[3 9],75,196,199,121,181
1,<environment.Job instance at 0x7f0a66b5c9b0>,75,2,[4 9],76,199,201,123,181
1,<environment.Job instance at 0x7f0a66b5ccd0>,76,2,[2 8],77,194,196,117,181
1,<environment.Job instance at 0x7f0a66b5c960>,77,3,[1 6],78,196,199,118,181
1,<environment.Job instance at 0x7f0a66b5c0a0>,78,16,[ 5 13],79,201,217,122,188
1,<environment.Job instance at 0x7f0a66b5caf0>,79,1,[5 5],80,189,190,109,188
1,<environment.Job instance at 0x7f0a66c5f4b0>,81,15,[14  4],82,217,232,135,203
1,<environment.Job instance at 0x7f0a1cc0fcd0>,0,3,[10  4],1,1,4,0,1
1,<environment.Job instance at 0x7f0a1c5f83c0>,6,13,[ 5 11],7,7,20,0,7
1,<environment.Job instance at 0x7f0a6700e320>,7,2,[13  1],8,20,22,12,8
1,<environment.Job instance at 0x7f0a1c8a01e0>,14,1,[11  3],15,22,23,7,21
1,<environment.Job instance at 0x7f0a1c8a0aa0>,15,12,[1 9],16,26,38,10,26
1,<environment.Job instance at 0x7f0a1c894460>,20,2,[2 9],21,44,46,23,44
1,<environment.Job instance at 0x7f0a1c8945a0>,22,27,[9 1],23,45,72,22,45
1,<environment.Job instance at 0x7f0a1c78e730>,25,1,[9 3],26,72,73,46,48
1,<environment.Job instance at 0x7f0a66305c80>,26,21,[12  2],27,73,94,46,65
1,<environment.Job instance at 0x7f0a1cb3beb0>,21,13,[ 1 13],22,73,86,51,65
1,<environment.Job instance at 0x7f0a1c3e2a50>,29,20,[2 8],30,86,106,56,77
1,<environment.Job instance at 0x7f0a66743e10>,30,15,[12  3],31,94,109,63,84
1,<environment.Job instance at 0x7f0a668f3f50>,32,3,[5 8],33,109,112,76,84
1,<environment.Job instance at 0x7f0a1c7f95f0>,36,2,[12  3],37,112,114,75,87
1,<environment.Job instance at 0x7f0a1c7f9280>,38,1,[ 4 10],39,114,115,75,87
1,<environment.Job instance at 0x7f0a671c2870>,41,23,[5 9],42,115,138,73,109
1,<environment.Job instance at 0x7f0a671c2730>,42,2,[9 4],43,109,111,66,109
1,<environment.Job instance at 0x7f0a671c2280>,45,15,[ 4 12],46,138,153,92,125
1,<environment.Job instance at 0x7f0a671c2b90>,46,18,[1 5],47,153,171,106,143
1,<environment.Job instance at 0x7f0a671c25a0>,49,3,[ 4 11],50,171,174,121,145
1,<environment.Job instance at 0x7f0a671c21e0>,50,2,[6 3],51,145,147,94,145
1,<environment.Job instance at 0x7f0a667532d0>,51,26,[7 2],52,147,173,95,145
1,<environment.Job instance at 0x7f0a667538c0>,52,2,[ 2 13],53,174,176,121,147
1,<environment.Job instance at 0x7f0a667533c0>,55,2,[1 8],56,153,155,97,147
1,<environment.Job instance at 0x7f0a66753a00>,56,12,[11  2],57,173,185,116,156
1,<environment.Job instance at 0x7f0a671c2af0>,48,1,[8 4],49,185,186,136,157
1,<environment.Job instance at 0x7f0a66753b90>,57,1,[14  5],58,186,187,128,163
1,<environment.Job instance at 0x7f0a1c9d1370>,65,2,[1 8],66,176,178,110,175
1,<environment.Job instance at 0x7f0a1c9d11e0>,66,3,[8 4],67,187,190,120,175
1,<environment.Job instance at 0x7f0a1c60bdc0>,67,1,[1 8],68,178,179,110,176
1,<environment.Job instance at 0x7f0a1c60b050>,68,1,[ 4 13],69,179,180,110,176
1,<environment.Job instance at 0x7f0a1c60bbe0>,69,19,[9 1],70,190,209,120,180
1,<environment.Job instance at 0x7f0a1c60bf50>,70,2,[7 2],71,187,189,116,180
1,<environment.Job instance at 0x7f0a1c60b870>,71,1,[5 7],72,185,186,113,180
1,<environment.Job instance at 0x7f0a1c60b8c0>,72,2,[ 3 14],73,190,192,117,180
1,<environment.Job instance at 0x7f0a1ca5f050>,73,1,[7 1],74,189,190,115,180
1,<environment.Job instance at 0x7f0a1ca5f4b0>,74,23,[8 3],75,209,232,134,203
1,<environment.Job instance at 0x7f0a66284e60>,82,3,[7 2],83,216,219,133,216
1,<environment.Job instance at 0x7f0a669cd730>,3,1,[10  4],4,4,5,0,4
1,<environment.Job instance at 0x7f0a1c778fa0>,7,1,[9 3],8,8,9,0,8
1,<environment.Job instance at 0x7f0a6637c6e0>,8,3,[2 8],9,9,12,0,9
1,<environment.Job instance at 0x7f0a1c866730>,9,1,[9 1],10,10,11,0,10
1,<environment.Job instance at 0x7f0a66c90cd0>,13,26,[7 3],14,14,40,0,14
1,<environment.Job instance at 0x7f0a1c49abe0>,5,2,[4 6],6,15,17,9,15
1,<environment.Job instance at 0x7f0a66c90550>,16,17,[1 8],17,19,36,2,19
1,<environment.Job instance at 0x7f0a1ca59730>,22,14,[1 9],23,36,50,13,32
1,<environment.Job instance at 0x7f0a1ca599b0>,24,15,[9 2],25,40,55,15,38
1,<environment.Job instance at 0x7f0a1ca59910>,25,1,[ 5 10],26,50,51,24,38
1,<environment.Job instance at 0x7f0a1ca59960>,26,12,[5 8],27,51,63,24,42
1,<environment.Job instance at 0x7f0a1ca598c0>,27,3,[2 5],28,55,58,27,42
1,<environment.Job instance at 0x7f0a1ca59c30>,28,1,[7 2],29,55,56,26,42
1,<environment.Job instance at 0x7f0a1ca596e0>,29,15,[4 6],30,58,73,28,46
1,<environment.Job instance at 0x7f0a1ca59be0>,30,26,[2 8],31,63,89,32,60
1,<environment.Job instance at 0x7f0a1ca59dc0>,34,3,[2 7],35,73,76,38,61
1,<environment.Job instance at 0x7f0a1ca85230>,36,3,[2 7],37,76,79,39,74
1,<environment.Job instance at 0x7f0a1ca852d0>,37,2,[9 5],38,79,81,41,74
1,<environment.Job instance at 0x7f0a1ca85410>,38,12,[9 4],39,81,93,42,78
1,<environment.Job instance at 0x7f0a1ca85050>,39,17,[12  4],40,93,110,53,81
1,<environment.Job instance at 0x7f0a1ca85640>,44,21,[6 1],45,110,131,65,102
1,<environment.Job instance at 0x7f0a1ca858c0>,45,17,[ 1 11],46,102,119,56,102
1,<environment.Job instance at 0x7f0a1ca85af0>,46,2,[1 6],47,119,121,72,102
1,<environment.Job instance at 0x7f0a1ca85b40>,47,13,[12  4],48,131,144,83,115
1,<environment.Job instance at 0x7f0a1ca59500>,19,13,[9 5],20,144,157,124,128
1,<environment.Job instance at 0x7f0a1ca85e60>,52,16,[6 1],53,144,160,91,132
1,<environment.Job instance at 0x7f0a1ca80550>,61,1,[9 5],62,157,158,95,135
1,<environment.Job instance at 0x7f0a1ca80280>,58,1,[7 4],59,158,159,99,136
1,<environment.Job instance at 0x7f0a1ca805a0>,64,14,[ 1 11],65,159,173,94,144
1,<environment.Job instance at 0x7f0a1ca805f0>,65,24,[7 4],66,160,184,94,155
1,<environment.Job instance at 0x7f0a1ca80820>,68,1,[5 9],69,173,174,104,155
1,<environment.Job instance at 0x7f0a1ca80aa0>,72,2,[7 4],73,174,176,101,165
1,<environment.Job instance at 0x7f0a1ca80e60>,75,25,[6 2],76,177,202,101,177
1,<environment.Job instance at 0x7f0a1ca80d70>,76,2,[ 1 13],77,184,186,107,177
1,<environment.Job instance at 0x7f0a1ca80dc0>,77,3,[3 6],78,186,189,108,177
1,<environment.Job instance at 0x7f0a1ca7f230>,78,2,[5 6],79,186,188,107,177
1,<environment.Job instance at 0x7f0a1ca80fa0>,79,18,[ 1 10],80,189,207,109,178
1,<environment.Job instance at 0x7f0a1ca7f550>,82,15,[4 5],83,202,217,119,190
1,<environment.Job instance at 0x7f0a1ca7f5f0>,83,2,[2 6],84,207,209,123,190
1,<environment.Job instance at 0x7f0a1ca7f690>,84,1,[8 1],85,190,191,105,190
1,<environment.Job instance at 0x7f0a1ca7f2d0>,86,26,[10  2],87,209,235,122,206
1,<environment.Job instance at 0x7f0a1ca59370>,17,27,[1 8],18,209,236,191,208
1,<environment.Job instance at 0x7f0a6683feb0>,11,28,[5 9],12,12,40,0,12
1,<environment.Job instance at 0x7f0a6683f5f0>,7,24,[8 1],8,15,39,7,15
1,<environment.Job instance at 0x7f0a1ca7f6e0>,6,3,[ 2 10],7,40,43,33,17
1,<environment.Job instance at 0x7f0a1caa6870>,17,16,[10  4],18,39,55,21,26
1,<environment.Job instance at 0x7f0a1caa6a50>,18,23,[ 3 10],19,43,66,24,37
1,<environment.Job instance at 0x7f0a1caa6d20>,23,18,[ 5 11],24,66,84,42,55
1,<environment.Job instance at 0x7f0a66c70410>,33,1,[13  4],34,84,85,50,66
1,<environment.Job instance at 0x7f0a66c700f0>,34,17,[12  2],35,85,102,50,73
1,<environment.Job instance at 0x7f0a6719af00>,36,22,[3 7],37,85,107,48,78
1,<environment.Job instance at 0x7f0a6719ae60>,37,21,[5 3],38,102,123,64,94
1,<environment.Job instance at 0x7f0a1c425410>,45,3,[ 2 10],46,108,111,62,108
1,<environment.Job instance at 0x7f0a1c425d20>,47,1,[1 8],48,113,114,65,113
1,<environment.Job instance at 0x7f0a1c425be0>,48,18,[1 8],49,114,132,65,113
1,<environment.Job instance at 0x7f0a1c425a50>,49,21,[10  5],50,123,144,73,115
1,<environment.Job instance at 0x7f0a1c4255f0>,51,3,[4 9],52,132,135,80,128
1,<environment.Job instance at 0x7f0a1c425b40>,52,3,[1 8],53,135,138,82,129
1,<environment.Job instance at 0x7f0a1c425320>,55,16,[ 4 14],56,144,160,88,131
1,<environment.Job instance at 0x7f0a1c425e60>,56,3,[ 4 10],57,138,141,81,132
1,<environment.Job instance at 0x7f0a67199d20>,59,1,[5 9],60,141,142,81,132
1,<environment.Job instance at 0x7f0a67199cd0>,64,1,[10  5],65,160,161,95,158
1,<environment.Job instance at 0x7f0a67199c80>,65,3,[4 7],66,160,163,94,159
1,<environment.Job instance at 0x7f0a671993c0>,66,18,[3 6],67,161,179,94,161
1,<environment.Job instance at 0x7f0a67199c30>,67,26,[ 2 12],68,179,205,111,176
1,<environment.Job instance at 0x7f0a665cf6e0>,69,1,[ 3 12],70,205,206,135,178
1,<environment.Job instance at 0x7f0a665cf640>,72,3,[11  1],73,180,183,107,180
1,<environment.Job instance at 0x7f0a665cf190>,73,1,[9 2],74,183,184,109,180
1,<environment.Job instance at 0x7f0a66adfc80>,75,26,[5 5],76,206,232,130,203
1,<environment.Job instance at 0x7f0a66adf550>,76,3,[7 1],77,203,206,126,203
1,<environment.Job instance at 0x7f0a66adfd70>,78,22,[10  5],79,206,228,127,203
1,<environment.Job instance at 0x7f0a6637fd20>,81,1,[10  4],82,228,229,146,217
1,<environment.Job instance at 0x7f0a6637fb40>,82,2,[6 2],83,229,231,146,217
1,<environment.Job instance at 0x7f0a1c6b24b0>,0,22,[ 3 10],1,1,23,0,1
1,<environment.Job instance at 0x7f0a67562780>,5,3,[ 1 10],6,23,26,17,7
1,<environment.Job instance at 0x7f0a66bcb5a0>,8,1,[2 8],9,26,27,17,9
1,<environment.Job instance at 0x7f0a66bcb640>,9,2,[ 5 10],10,27,29,17,10
1,<environment.Job instance at 0x7f0a66bcb730>,10,2,[ 3 10],11,29,31,18,11
1,<environment.Job instance at 0x7f0a66bcbf00>,17,3,[ 5 11],18,31,34,13,19
1,<environment.Job instance at 0x7f0a66bcbfa0>,18,1,[1 5],19,19,20,0,19
1,<environment.Job instance at 0x7f0a665aad70>,20,2,[3 7],21,34,36,13,22
1,<environment.Job instance at 0x7f0a665aa0a0>,22,2,[8 4],23,23,25,0,23
1,<environment.Job instance at 0x7f0a1c60c050>,27,3,[5 5],28,48,51,20,48
1,<environment.Job instance at 0x7f0a1c60c820>,28,13,[14  3],29,51,64,22,48
1,<environment.Job instance at 0x7f0a1c60c3c0>,30,2,[6 2],31,64,66,33,51
1,<environment.Job instance at 0x7f0a1c60c280>,31,2,[10  5],32,66,68,34,51
1,<environment.Job instance at 0x7f0a677cd2d0>,37,17,[3 7],38,82,99,44,82
1,<environment.Job instance at 0x7f0a677cdc80>,39,20,[5 5],40,83,103,43,83
1,<environment.Job instance at 0x7f0a677cd320>,40,1,[1 5],41,99,100,58,83
1,<environment.Job instance at 0x7f0a677cd780>,41,13,[6 3],42,87,100,45,87
1,<environment.Job instance at 0x7f0a6635c5f0>,43,2,[3 8],44,100,102,56,87
1,<environment.Job instance at 0x7f0a6635cb40>,44,3,[9 1],45,102,105,57,87
1,<environment.Job instance at 0x7f0a6635c820>,45,15,[1 9],46,102,117,56,91
1,<environment.Job instance at 0x7f0a6635cf00>,47,2,[13  4],48,105,107,57,100
1,<environment.Job instance at 0x7f0a6635c1e0>,48,1,[3 9],49,117,118,68,100
1,<environment.Job instance at 0x7f0a6635cd20>,49,1,[5 1],50,100,101,50,100
1,<environment.Job instance at 0x7f0a6635c640>,50,3,[1 7],51,118,121,67,100
1,<environment.Job instance at 0x7f0a6635c730>,52,2,[10  3],53,107,109,54,100
1,<environment.Job instance at 0x7f0a6635c960>,54,3,[3 5],55,109,112,54,109
1,<environment.Job instance at 0x7f0a6635ceb0>,56,13,[13  5],57,118,131,61,109
1,<environment.Job instance at 0x7f0a6635c7d0>,57,28,[8 2],58,131,159,73,130
1,<environment.Job instance at 0x7f0a1c60cfa0>,26,16,[5 6],27,131,147,104,130
1,<environment.Job instance at 0x7f0a66432640>,60,17,[14  5],61,159,176,98,147
1,<environment.Job instance at 0x7f0a66432cd0>,67,3,[3 5],68,176,179,108,157
1,<environment.Job instance at 0x7f0a66432aa0>,68,1,[9 4],69,176,177,107,157
1,<environment.Job instance at 0x7f0a66f36dc0>,72,27,[8 4],73,177,204,104,175
1,<environment.Job instance at 0x7f0a1c6ae050>,81,3,[5 7],82,192,195,110,192
1,<environment.Job instance at 0x7f0a1c6aeb90>,82,1,[ 1 13],83,204,205,121,192
1,<environment.Job instance at 0x7f0a1c6ae230>,83,25,[ 4 10],84,205,230,121,201
1,<environment.Job instance at 0x7f0a1c6ae500>,84,3,[5 4],85,201,204,116,201
1,<environment.Job instance at 0x7f0a1c60c2d0>,33,12,[9 5],34,205,217,171,201
1,<environment.Job instance at 0x7f0a1c6aea00>,86,2,[3 7],87,230,232,143,204
1,<environment.Job instance at 0x7f0a1c6ae1e0>,87,3,[10  3],88,217,220,129,204
1,<environment.Job instance at 0x7f0a1c6aefa0>,88,3,[1 5],89,220,223,131,205
1,<environment.Job instance at 0x7f0a1c6aee10>,1,2,[ 3 10],2,2,4,0,2
1,<environment.Job instance at 0x7f0a66f3c7d0>,2,1,[1 8],3,4,5,1,3
1,<environment.Job instance at 0x7f0a66f6e280>,3,2,[7 5],4,4,6,0,4
1,<environment.Job instance at 0x7f0a1ca7f870>,4,1,[6 5],5,5,6,0,5
1,<environment.Job instance at 0x7f0a66310500>,5,28,[5 5],6,6,34,0,6
1,<environment.Job instance at 0x7f0a66e1b6e0>,10,12,[ 4 14],11,34,46,23,17
1,<environment.Job instance at 0x7f0a1c716230>,14,2,[4 5],15,18,20,3,18
1,<environment.Job instance at 0x7f0a1c8b16e0>,21,1,[5 3],22,23,24,1,23
1,<environment.Job instance at 0x7f0a1c8b1dc0>,22,3,[3 6],23,25,28,2,25
1,<environment.Job instance at 0x7f0a1c8b71e0>,24,1,[1 9],25,32,33,7,32
1,<environment.Job instance at 0x7f0a1c8b7d70>,25,2,[ 3 10],26,46,48,20,32
1,<environment.Job instance at 0x7f0a1c8b7b40>,26,1,[10  1],27,33,34,6,32
1,<environment.Job instance at 0x7f0a1c8b7cd0>,28,22,[4 8],29,48,70,19,41
1,<environment.Job instance at 0x7f0a1c999a00>,12,14,[1 7],13,48,62,35,42
1,<environment.Job instance at 0x7f0a1c8b7af0>,29,16,[ 4 11],30,70,86,40,57
1,<environment.Job instance at 0x7f0a1c8d6e60>,32,3,[2 8],33,86,89,53,62
1,<environment.Job instance at 0x7f0a1c8b7190>,31,15,[ 5 14],32,89,104,57,75
1,<environment.Job instance at 0x7f0a668dd910>,38,2,[6 5],39,86,88,47,78
1,<environment.Job instance at 0x7f0a668ebcd0>,40,1,[10  2],41,88,89,47,86
1,<environment.Job instance at 0x7f0a1c7bfc80>,43,13,[5 1],44,95,108,51,95
1,<environment.Job instance at 0x7f0a1c8d6370>,33,14,[ 3 11],34,104,118,70,101
1,<environment.Job instance at 0x7f0a1c9d7500>,45,15,[10  3],46,113,128,67,113
1,<environment.Job instance at 0x7f0a1c7a4f00>,48,18,[2 9],49,118,136,69,113
1,<environment.Job instance at 0x7f0a1c9b3f00>,51,16,[ 4 10],52,136,152,84,123
1,<environment.Job instance at 0x7f0a1c9b3a00>,52,2,[1 7],53,152,154,99,125
1,<environment.Job instance at 0x7f0a1c4d1550>,53,1,[ 4 10],54,154,155,100,126
1,<environment.Job instance at 0x7f0a1c4d1870>,55,3,[3 8],56,155,158,99,129
1,<environment.Job instance at 0x7f0a664a5550>,58,17,[ 1 10],59,158,175,99,148
1,<environment.Job instance at 0x7f0a666b75a0>,60,1,[4 9],61,175,176,114,163
1,<environment.Job instance at 0x7f0a1c7b5640>,61,3,[7 5],62,163,166,101,163
1,<environment.Job instance at 0x7f0a66accd20>,62,1,[5 4],63,166,167,103,163
1,<environment.Job instance at 0x7f0a1c853230>,63,2,[5 7],64,176,178,112,163
1,<environment.Job instance at 0x7f0a1c923730>,64,1,[5 8],65,176,177,111,163
1,<environment.Job instance at 0x7f0a1c9239b0>,66,1,[ 1 10],67,178,179,111,163
1,<environment.Job instance at 0x7f0a6685eeb0>,67,2,[5 2],68,167,169,99,163
1,<environment.Job instance at 0x7f0a66485820>,68,2,[4 5],69,169,171,100,163
1,<environment.Job instance at 0x7f0a66485aa0>,69,2,[3 9],70,179,181,109,163
1,<environment.Job instance at 0x7f0a1c999f50>,11,21,[4 8],12,181,202,169,174
1,<environment.Job instance at 0x7f0a1c92adc0>,72,2,[ 2 10],73,202,204,129,185
1,<environment.Job instance at 0x7f0a1c92a870>,75,17,[ 5 10],76,204,221,128,192
1,<environment.Job instance at 0x7f0a6647ee60>,77,3,[5 6],78,193,196,115,193
1,<environment.Job instance at 0x7f0a1c4a2190>,78,2,[6 4],79,196,198,117,193
1,<environment.Job instance at 0x7f0a1c92a5a0>,73,2,[ 5 10],74,221,223,147,201
1,<environment.Job instance at 0x7f0a1c4a2960>,82,3,[ 1 14],83,223,226,140,211
1,<environment.Job instance at 0x7f0a1c4a27d0>,81,16,[14  3],82,226,242,144,213
1,<environment.Job instance at 0x7f0a1c4a2320>,86,2,[7 2],87,214,216,127,214
1,<environment.Job instance at 0x7f0a1c3aa320>,87,1,[9 4],88,216,217,128,214
1,<environment.Job instance at 0x7f0a1c3aa820>,88,3,[5 2],89,217,220,128,214
1,<environment.Job instance at 0x7f0a1c289f50>,6,15,[4 7],7,10,25,3,10
1,<environment.Job instance at 0x7f0a1c6aefa0>,7,3,[6 4],8,10,13,2,10
1,<environment.Job instance at 0x7f0a1c68be60>,14,27,[1 7],15,17,44,2,17
1,<environment.Job instance at 0x7f0a66bb7820>,19,1,[5 4],20,29,30,9,29
1,<environment.Job instance at 0x7f0a66bb78c0>,20,3,[5 5],21,30,33,9,29
1,<environment.Job instance at 0x7f0a66f3c050>,8,17,[9 3],9,48,65,39,48
1,<environment.Job instance at 0x7f0a1c71abe0>,26,16,[1 9],27,56,72,29,56
1,<environment.Job instance at 0x7f0a66bb7230>,27,3,[2 5],28,65,68,37,56
1,<environment.Job instance at 0x7f0a6682eaf0>,32,1,[ 4 10],33,72,73,39,66
1,<environment.Job instance at 0x7f0a662bf690>,35,13,[10  4],36,74,87,38,74
1,<environment.Job instance at 0x7f0a1c3aa820>,11,3,[8 5],12,97,100,85,97
1,<environment.Job instance at 0x7f0a66c3c640>,40,3,[10  1],41,100,103,59,99
1,<environment.Job instance at 0x7f0a66c3ca00>,41,3,[5 4],42,99,102,57,99
1,<environment.Job instance at 0x7f0a1c4744b0>,43,18,[10  1],44,103,121,59,102
1,<environment.Job instance at 0x7f0a1c474c30>,45,16,[ 5 13],46,105,121,59,105
1,<environment.Job instance at 0x7f0a1c4749b0>,47,3,[9 2],48,121,124,73,117
1,<environment.Job instance at 0x7f0a1c4740a0>,48,3,[9 1],49,124,127,75,117
1,<environment.Job instance at 0x7f0a1c474e10>,49,16,[ 1 13],50,121,137,71,117
1,<environment.Job instance at 0x7f0a1c474140>,52,15,[ 2 12],53,137,152,84,123
1,<environment.Job instance at 0x7f0a667ce230>,56,17,[11  2],57,132,149,75,132
1,<environment.Job instance at 0x7f0a667ceaa0>,59,23,[9 3],60,149,172,89,143
1,<environment.Job instance at 0x7f0a667cefa0>,60,3,[5 9],61,152,155,91,143
1,<environment.Job instance at 0x7f0a667ce320>,63,3,[1 5],64,157,160,93,157
1,<environment.Job instance at 0x7f0a66cb08c0>,64,1,[5 2],65,157,158,92,157
1,<environment.Job instance at 0x7f0a66cb00a0>,68,12,[ 1 13],69,180,192,111,180
1,<environment.Job instance at 0x7f0a665bc140>,70,22,[9 3],71,192,214,121,185
1,<environment.Job instance at 0x7f0a665bc2d0>,71,28,[1 5],72,192,220,120,191
1,<environment.Job instance at 0x7f0a665bccd0>,73,2,[5 4],74,196,198,122,196
1,<environment.Job instance at 0x7f0a665bc730>,72,12,[ 4 14],73,220,232,147,203
1,<environment.Job instance at 0x7f0a667a2140>,77,22,[7 3],78,232,254,154,225
1,<environment.Job instance at 0x7f0a66373f00>,1,3,[2 5],2,3,6,1,3
1,<environment.Job instance at 0x7f0a1c428870>,6,1,[4 6],7,7,8,0,7
1,<environment.Job instance at 0x7f0a6627a3c0>,12,20,[3 6],13,16,36,3,16
1,<environment.Job instance at 0x7f0a1c8fcc80>,16,21,[10  4],17,20,41,3,20
1,<environment.Job instance at 0x7f0a1c8fc6e0>,19,15,[14  4],20,41,56,21,31
1,<environment.Job instance at 0x7f0a6627a460>,11,13,[ 4 11],12,56,69,44,41
1,<environment.Job instance at 0x7f0a66fee0f0>,32,3,[10  5],33,69,72,36,67
1,<environment.Job instance at 0x7f0a66fee6e0>,33,14,[5 2],34,69,83,35,69
1,<environment.Job instance at 0x7f0a1c8fc050>,22,3,[10  1],23,75,78,52,75
1,<environment.Job instance at 0x7f0a66fee7d0>,36,1,[12  5],37,83,84,46,79
1,<environment.Job instance at 0x7f0a66feecd0>,38,2,[8 4],39,80,82,41,80
1,<environment.Job instance at 0x7f0a66fee230>,39,16,[13  2],40,84,100,44,81
1,<environment.Job instance at 0x7f0a66fee550>,40,2,[6 2],41,100,102,59,81
1,<environment.Job instance at 0x7f0a66fee730>,43,1,[5 5],44,100,101,56,95
1,<environment.Job instance at 0x7f0a66fee320>,44,1,[6 2],45,101,102,56,95
1,<environment.Job instance at 0x7f0a66fee5f0>,45,2,[10  4],46,102,104,56,95
1,<environment.Job instance at 0x7f0a66fee640>,46,1,[5 5],47,102,103,55,95
1,<environment.Job instance at 0x7f0a66feeb40>,47,17,[3 5],48,103,120,55,101
1,<environment.Job instance at 0x7f0a66feed20>,48,3,[9 2],49,104,107,55,101
1,<environment.Job instance at 0x7f0a66fee960>,49,2,[10  4],50,107,109,57,101
1,<environment.Job instance at 0x7f0a670898c0>,51,20,[5 5],52,109,129,57,105
1,<environment.Job instance at 0x7f0a67089c30>,52,3,[8 5],53,120,123,67,105
1,<environment.Job instance at 0x7f0a67089d20>,53,22,[2 8],54,123,145,69,116
1,<environment.Job instance at 0x7f0a670899b0>,55,3,[ 1 10],56,145,148,89,119
1,<environment.Job instance at 0x7f0a670893c0>,56,2,[6 4],57,129,131,72,119
1,<environment.Job instance at 0x7f0a67089640>,58,3,[2 6],59,131,134,72,123
1,<environment.Job instance at 0x7f0a67089d70>,59,1,[5 4],60,134,135,74,123
1,<environment.Job instance at 0x7f0a670895a0>,60,13,[1 5],61,135,148,74,123
1,<environment.Job instance at 0x7f0a67089b90>,61,3,[3 5],62,148,151,86,123
1,<environment.Job instance at 0x7f0a670896e0>,62,20,[ 1 10],63,148,168,85,139
1,<environment.Job instance at 0x7f0a67089910>,65,13,[13  1],66,151,164,85,139
1,<environment.Job instance at 0x7f0a668d9aa0>,69,2,[ 5 10],70,168,170,98,147
1,<environment.Job instance at 0x7f0a1c7d8aa0>,71,1,[10  4],72,164,165,92,149
1,<environment.Job instance at 0x7f0a1c7d8870>,72,21,[9 2],73,165,186,92,157
1,<environment.Job instance at 0x7f0a6663da00>,75,13,[ 4 14],76,186,199,110,170
1,<environment.Job instance at 0x7f0a6663df50>,77,3,[7 2],78,199,202,121,175
1,<environment.Job instance at 0x7f0a6663d6e0>,79,3,[3 6],80,175,178,95,175
1,<environment.Job instance at 0x7f0a6663db90>,80,2,[3 7],81,175,177,94,175
1,<environment.Job instance at 0x7f0a6663de60>,81,19,[6 5],82,199,218,117,189
1,<environment.Job instance at 0x7f0a6663d1e0>,82,25,[3 6],83,202,227,119,198
1,<environment.Job instance at 0x7f0a1ca851e0>,83,2,[ 3 10],84,227,229,143,200
1,<environment.Job instance at 0x7f0a1ca85820>,87,2,[3 5],88,218,220,130,203
1,<environment.Job instance at 0x7f0a1ca85050>,88,3,[ 1 13],89,229,232,140,203
1,<environment.Job instance at 0x7f0a1ca85a50>,89,1,[10  1],90,220,221,130,203
1,<environment.Job instance at 0x7f0a1ca856e0>,91,2,[6 4],92,203,205,111,203
1,<environment.Job instance at 0x7f0a1ca85960>,92,3,[10  5],93,221,224,128,203
1,<environment.Job instance at 0x7f0a1ca85690>,93,1,[7 3],94,218,219,124,203
1,<environment.Job instance at 0x7f0a1ca85730>,94,2,[9 3],95,224,226,129,203
1,<environment.Job instance at 0x7f0a1ca85be0>,96,1,[10  1],97,226,227,129,205
1,<environment.Job instance at 0x7f0a1ca85500>,1,2,[6 1],2,2,4,0,2
1,<environment.Job instance at 0x7f0a1c289410>,2,26,[8 2],3,3,29,0,3
1,<environment.Job instance at 0x7f0a1c8fc230>,6,27,[5 8],7,16,43,9,16
1,<environment.Job instance at 0x7f0a66373f50>,7,13,[8 1],8,29,42,21,16
1,<environment.Job instance at 0x7f0a6680e5f0>,17,2,[5 2],18,42,44,24,19
1,<environment.Job instance at 0x7f0a66c3f2d0>,23,26,[7 3],24,43,69,19,40
1,<environment.Job instance at 0x7f0a66620be0>,18,16,[2 8],19,43,59,24,40
1,<environment.Job instance at 0x7f0a66620e60>,20,3,[ 3 12],21,59,62,38,51
1,<environment.Job instance at 0x7f0a665fbcd0>,30,2,[5 9],31,62,64,31,53
1,<environment.Job instance at 0x7f0a665fbaa0>,31,3,[6 5],32,64,67,32,53
1,<environment.Job instance at 0x7f0a665fb960>,34,3,[5 5],35,67,70,32,66
1,<environment.Job instance at 0x7f0a665fb4b0>,37,24,[9 3],38,78,102,40,78
1,<environment.Job instance at 0x7f0a66ff4730>,44,1,[12  4],45,102,103,57,96
1,<environment.Job instance at 0x7f0a666095f0>,46,25,[10  1],47,103,128,56,99
1,<environment.Job instance at 0x7f0a66fe5140>,47,3,[10  2],48,128,131,80,102
1,<environment.Job instance at 0x7f0a66a042d0>,16,3,[1 9],17,105,108,88,105
1,<environment.Job instance at 0x7f0a66609d20>,50,24,[ 4 13],51,108,132,57,108
1,<environment.Job instance at 0x7f0a665fb870>,33,13,[5 5],34,132,145,98,120
1,<environment.Job instance at 0x7f0a66ff3690>,54,17,[9 3],55,132,149,77,123
1,<environment.Job instance at 0x7f0a66fe5460>,49,3,[2 8],50,145,148,95,135
1,<environment.Job instance at 0x7f0a669cdaf0>,51,14,[12  1],52,149,163,97,135
1,<environment.Job instance at 0x7f0a1c449550>,64,16,[ 2 11],65,157,173,92,157
1,<environment.Job instance at 0x7f0a66853f00>,65,12,[10  5],66,173,185,107,158
1,<environment.Job instance at 0x7f0a66992fa0>,66,19,[5 9],67,173,192,106,163
1,<environment.Job instance at 0x7f0a66991fa0>,68,2,[4 7],69,192,194,123,172
1,<environment.Job instance at 0x7f0a66992a00>,69,1,[7 5],70,185,186,115,172
1,<environment.Job instance at 0x7f0a1cba7eb0>,74,13,[9 2],75,186,199,111,186
1,<environment.Job instance at 0x7f0a1cba7640>,75,2,[5 9],76,194,196,118,186
1,<environment.Job instance at 0x7f0a1cba79b0>,78,18,[5 5],79,196,214,117,192
1,<environment.Job instance at 0x7f0a66605410>,26,17,[5 7],27,199,216,172,192
1,<environment.Job instance at 0x7f0a1cba7b40>,79,16,[13  5],80,216,232,136,203
1,<environment.Job instance at 0x7f0a1cbd6870>,83,20,[2 6],84,214,234,130,206
1,<environment.Job instance at 0x7f0a1cbd6780>,2,2,[10  1],3,3,5,0,3
1,<environment.Job instance at 0x7f0a1c226a00>,7,2,[ 5 12],8,9,11,1,9
1,<environment.Job instance at 0x7f0a1ca32a00>,10,2,[5 1],11,11,13,0,11
1,<environment.Job instance at 0x7f0a1c318f50>,6,2,[5 9],7,15,17,8,15
1,<environment.Job instance at 0x7f0a662b3730>,12,25,[2 8],13,17,42,4,15
1,<environment.Job instance at 0x7f0a662b32d0>,15,15,[6 2],16,25,40,9,25
1,<environment.Job instance at 0x7f0a1c50b870>,19,2,[10  2],20,40,42,20,27
1,<environment.Job instance at 0x7f0a1c50b280>,20,15,[ 4 10],21,42,57,21,28
1,<environment.Job instance at 0x7f0a66b57fa0>,23,2,[11  4],24,42,44,18,39
1,<environment.Job instance at 0x7f0a67558370>,24,2,[8 1],25,44,46,19,40
1,<environment.Job instance at 0x7f0a1cb505f0>,27,2,[11  1],28,53,55,25,53
1,<environment.Job instance at 0x7f0a1c825c30>,29,2,[5 5],30,56,58,26,56
1,<environment.Job instance at 0x7f0a67060500>,30,3,[3 5],31,57,60,26,56
1,<environment.Job instance at 0x7f0a1cb50230>,31,3,[ 5 10],32,58,61,26,56
1,<environment.Job instance at 0x7f0a1c95e910>,32,1,[1 6],33,61,62,28,56
1,<environment.Job instance at 0x7f0a67362aa0>,33,1,[8 5],34,60,61,26,56
1,<environment.Job instance at 0x7f0a67362af0>,34,12,[10  4],35,61,73,26,56
1,<environment.Job instance at 0x7f0a673edf00>,35,21,[ 2 10],36,62,83,26,56
1,<environment.Job instance at 0x7f0a673edc30>,38,3,[8 4],39,73,76,34,59
1,<environment.Job instance at 0x7f0a673ed3c0>,39,2,[ 3 11],40,83,85,43,59
1,<environment.Job instance at 0x7f0a673ed050>,42,3,[10  2],43,76,79,33,71
1,<environment.Job instance at 0x7f0a673ede10>,44,1,[10  1],45,79,80,34,71
1,<environment.Job instance at 0x7f0a673ed910>,45,1,[4 9],46,85,86,39,71
1,<environment.Job instance at 0x7f0a673ede60>,46,3,[1 9],47,86,89,39,71
1,<environment.Job instance at 0x7f0a673edd70>,47,3,[5 9],48,89,92,41,71
1,<environment.Job instance at 0x7f0a66e68190>,48,3,[7 1],49,80,83,31,72
1,<environment.Job instance at 0x7f0a66e68370>,50,24,[2 5],51,85,109,34,80
1,<environment.Job instance at 0x7f0a66e68780>,51,3,[6 4],52,80,83,28,80
1,<environment.Job instance at 0x7f0a66e684b0>,53,3,[7 2],54,92,95,38,84
1,<environment.Job instance at 0x7f0a1c894c30>,26,18,[6 5],27,92,110,65,85
1,<environment.Job instance at 0x7f0a1c5b7f00>,57,3,[13  1],58,110,113,52,92
1,<environment.Job instance at 0x7f0a6693ea00>,62,3,[1 9],63,116,119,53,116
1,<environment.Job instance at 0x7f0a6693e820>,63,25,[4 6],64,116,141,52,116
1,<environment.Job instance at 0x7f0a6693e050>,65,2,[8 5],66,119,121,53,116
1,<environment.Job instance at 0x7f0a6693ec30>,67,22,[10  3],68,121,143,53,121
1,<environment.Job instance at 0x7f0a6693e7d0>,68,21,[1 6],69,121,142,52,121
1,<environment.Job instance at 0x7f0a6693e140>,72,3,[8 5],73,143,146,70,139
1,<environment.Job instance at 0x7f0a1c2bb780>,73,18,[ 5 12],74,146,164,72,139
1,<environment.Job instance at 0x7f0a673ed4b0>,41,2,[4 6],42,144,146,102,144
1,<environment.Job instance at 0x7f0a668c3550>,77,1,[10  1],78,150,151,72,150
1,<environment.Job instance at 0x7f0a668c35a0>,78,1,[ 4 10],79,164,165,85,150
1,<environment.Job instance at 0x7f0a668c3c80>,79,16,[14  3],80,165,181,85,152
1,<environment.Job instance at 0x7f0a6643b780>,56,24,[ 1 10],57,165,189,108,162
1,<environment.Job instance at 0x7f0a6637cb90>,82,3,[1 6],83,189,192,106,171
1,<environment.Job instance at 0x7f0a1c9310a0>,89,3,[14  2],90,183,186,93,183
1,<environment.Job instance at 0x7f0a1c50bb40>,16,26,[ 1 12],17,192,218,175,189
1,<environment.Job instance at 0x7f0a6699bf50>,12,2,[2 9],13,22,24,9,22
1,<environment.Job instance at 0x7f0a6699b5a0>,14,3,[7 3],15,23,26,8,23
1,<environment.Job instance at 0x7f0a6699b9b0>,15,2,[3 7],16,24,26,8,23
1,<environment.Job instance at 0x7f0a6699beb0>,16,17,[ 2 10],17,26,43,9,25
1,<environment.Job instance at 0x7f0a6699b780>,17,16,[3 9],18,51,67,33,51
1,<environment.Job instance at 0x7f0a1c433370>,28,20,[6 2],29,68,88,39,68
1,<environment.Job instance at 0x7f0a1c433f00>,29,14,[ 2 10],30,74,88,44,74
1,<environment.Job instance at 0x7f0a1c433820>,30,17,[11  3],31,88,105,57,76
1,<environment.Job instance at 0x7f0a1c4338c0>,33,1,[7 3],34,87,88,53,87
1,<environment.Job instance at 0x7f0a1c433c80>,40,3,[ 1 10],41,91,94,50,91
1,<environment.Job instance at 0x7f0a1c1e6640>,42,12,[10  2],43,105,117,62,102
1,<environment.Job instance at 0x7f0a1c1e65f0>,44,17,[5 1],45,105,122,60,103
1,<environment.Job instance at 0x7f0a1c1e6e10>,45,1,[2 7],46,103,104,57,103
1,<environment.Job instance at 0x7f0a1c1e6d70>,46,2,[8 2],47,117,119,70,103
1,<environment.Job instance at 0x7f0a1c1e6f50>,47,23,[2 9],48,117,140,69,111
1,<environment.Job instance at 0x7f0a665f3050>,26,22,[8 4],27,119,141,92,114
1,<environment.Job instance at 0x7f0a1c1e69b0>,48,2,[ 1 11],49,140,142,91,118
1,<environment.Job instance at 0x7f0a1c1e6280>,55,2,[6 3],56,141,143,85,128
1,<environment.Job instance at 0x7f0a1c1e6c80>,58,2,[1 8],59,142,144,83,130
1,<environment.Job instance at 0x7f0a1c2e6640>,59,18,[4 9],60,144,162,84,134
1,<environment.Job instance at 0x7f0a1c2e6a50>,61,1,[5 6],62,143,144,81,134
1,<environment.Job instance at 0x7f0a1c2e6370>,63,16,[6 1],64,143,159,79,143
1,<environment.Job instance at 0x7f0a1c2e6b90>,65,3,[3 7],66,162,165,96,144
1,<environment.Job instance at 0x7f0a1c2e6960>,66,1,[6 3],67,159,160,92,144
1,<environment.Job instance at 0x7f0a1c2e6c80>,67,3,[8 2],68,160,163,92,144
1,<environment.Job instance at 0x7f0a1c2e6be0>,68,3,[9 1],69,163,166,94,145
1,<environment.Job instance at 0x7f0a1c2e65f0>,71,23,[10  2],72,166,189,94,160
1,<environment.Job instance at 0x7f0a1c2e6f00>,75,17,[5 9],76,197,214,121,197
1,<environment.Job instance at 0x7f0a1c2e6050>,79,15,[1 8],80,217,232,137,217
1,<environment.Job instance at 0x7f0a668e4960>,1,1,[4 8],2,2,3,0,2
1,<environment.Job instance at 0x7f0a1cadb6e0>,7,2,[5 5],8,8,10,0,8
1,<environment.Job instance at 0x7f0a1cadb320>,8,16,[ 4 12],9,10,26,1,10
1,<environment.Job instance at 0x7f0a1cadb050>,10,3,[6 2],11,11,14,0,11
1,<environment.Job instance at 0x7f0a66593a50>,13,18,[13  1],14,26,44,12,15
1,<environment.Job instance at 0x7f0a66593e60>,18,13,[10  3],19,44,57,25,28
1,<environment.Job instance at 0x7f0a66593d70>,19,2,[4 6],20,44,46,24,28
1,<environment.Job instance at 0x7f0a66593e10>,20,3,[2 8],21,28,31,7,28
1,<environment.Job instance at 0x7f0a66593370>,22,3,[5 7],23,46,49,23,28
1,<environment.Job instance at 0x7f0a665933c0>,25,2,[ 4 10],26,49,51,23,45
1,<environment.Job instance at 0x7f0a665931e0>,26,23,[ 4 10],27,51,74,24,45
1,<environment.Job instance at 0x7f0a665937d0>,27,15,[10  1],28,57,72,29,47
1,<environment.Job instance at 0x7f0a66593d20>,31,28,[9 4],32,72,100,40,71
1,<environment.Job instance at 0x7f0a1cadbaf0>,12,3,[12  2],13,100,103,87,75
1,<environment.Job instance at 0x7f0a6658b370>,32,25,[12  5],33,103,128,70,99
1,<environment.Job instance at 0x7f0a6658b0f0>,40,3,[9 5],41,128,131,87,103
1,<environment.Job instance at 0x7f0a6658beb0>,41,2,[5 1],42,128,130,86,103
1,<environment.Job instance at 0x7f0a6658bc80>,42,1,[ 5 10],43,130,131,87,104
1,<environment.Job instance at 0x7f0a6658b550>,43,1,[2 9],44,104,105,60,104
1,<environment.Job instance at 0x7f0a6658b2d0>,44,25,[1 6],45,105,130,60,104
1,<environment.Job instance at 0x7f0a670c3960>,49,2,[10  4],50,131,133,81,116
1,<environment.Job instance at 0x7f0a6637c140>,9,18,[7 1],10,135,153,125,135
1,<environment.Job instance at 0x7f0a6658b820>,33,18,[6 3],34,137,155,103,137
1,<environment.Job instance at 0x7f0a670c35f0>,53,1,[ 3 10],54,153,154,99,149
1,<environment.Job instance at 0x7f0a670c3550>,58,14,[7 2],59,154,168,95,154
1,<environment.Job instance at 0x7f0a66590a00>,64,16,[5 5],65,158,174,93,158
1,<environment.Job instance at 0x7f0a66590f50>,65,27,[1 5],66,158,185,92,158
1,<environment.Job instance at 0x7f0a66590b90>,68,1,[6 1],69,168,169,99,168
1,<environment.Job instance at 0x7f0a66590280>,70,2,[1 8],71,174,176,103,168
1,<environment.Job instance at 0x7f0a665900a0>,71,1,[1 5],72,169,170,97,168
1,<environment.Job instance at 0x7f0a66590050>,72,3,[ 4 10],73,176,179,103,168
1,<environment.Job instance at 0x7f0a66590190>,73,14,[11  5],74,179,193,105,168
1,<environment.Job instance at 0x7f0a66590e10>,63,3,[6 5],64,193,196,129,175
1,<environment.Job instance at 0x7f0a665acfa0>,76,3,[4 5],77,185,188,108,179
1,<environment.Job instance at 0x7f0a670c3640>,54,12,[1 8],55,188,200,133,179
1,<environment.Job instance at 0x7f0a665ac460>,78,2,[ 4 10],79,200,202,121,179
1,<environment.Job instance at 0x7f0a665ac3c0>,81,19,[5 8],82,202,221,120,192
1,<environment.Job instance at 0x7f0a665acaf0>,79,15,[9 4],80,196,211,116,192
1,<environment.Job instance at 0x7fb336c3b6e0>,1,3,[ 2 10],2,2,5,0,2
1,<environment.Job instance at 0x7fb32f7a32d0>,3,22,[2 5],4,4,26,0,4
1,<environment.Job instance at 0x7fb32f7a31e0>,5,2,[1 6],6,6,8,0,6
1,<environment.Job instance at 0x7fb32f7a3780>,8,17,[1 8],9,15,32,6,15
1,<environment.Job instance at 0x7fb32f7a3a00>,14,21,[8 1],15,15,36,0,15
1,<environment.Job instance at 0x7fb32f7a3c30>,15,3,[2 8],16,32,35,16,16
1,<environment.Job instance at 0x7fb32f7a3eb0>,18,26,[7 4],19,35,61,16,32
1,<environment.Job instance at 0x7fb32f7a3820>,10,22,[8 1],11,36,58,25,32
1,<environment.Job instance at 0x7fb32f7a3d70>,19,25,[5 9],20,58,83,38,54
1,<environment.Job instance at 0x7fb32f7a78c0>,28,17,[ 1 13],29,83,100,54,71
1,<environment.Job instance at 0x7fb32f7a7960>,29,2,[4 7],30,100,102,70,73
1,<environment.Job instance at 0x7fb32f7a7a00>,30,26,[9 4],31,100,126,69,97
1,<environment.Job instance at 0x7fb32f7a7aa0>,31,1,[ 2 14],32,126,127,94,101
1,<environment.Job instance at 0x7fb32f7a7500>,22,12,[3 8],23,102,114,79,101
1,<environment.Job instance at 0x7fb32f7a7a50>,32,21,[5 9],33,127,148,94,119
1,<environment.Job instance at 0x7fb32f7a7e60>,33,26,[3 6],34,127,153,93,124
1,<environment.Job instance at 0x7fb32f7a7f50>,36,2,[7 5],37,148,150,111,124
1,<environment.Job instance at 0x7fb32f7a43c0>,41,1,[7 1],42,126,127,84,124
1,<environment.Job instance at 0x7fb32f7a4460>,42,2,[4 7],43,124,126,81,124
1,<environment.Job instance at 0x7fb32f7a40a0>,44,3,[5 1],45,148,151,103,124
1,<environment.Job instance at 0x7fb32f7a44b0>,46,2,[3 5],47,150,152,103,132
1,<environment.Job instance at 0x7fb32f7a47d0>,50,2,[5 6],51,152,154,101,148
1,<environment.Job instance at 0x7fb32f7a4870>,51,2,[5 3],52,151,153,99,148
1,<environment.Job instance at 0x7fb32f7a4910>,52,2,[ 2 10],53,154,156,101,148
1,<environment.Job instance at 0x7fb32f7a49b0>,53,3,[2 9],54,156,159,102,148
1,<environment.Job instance at 0x7fb32f7a4eb0>,56,3,[8 4],57,165,168,108,165
1,<environment.Job instance at 0x7fb32f7a4b90>,57,16,[ 2 11],58,165,181,107,165
1,<environment.Job instance at 0x7fb32f7aa190>,59,19,[1 7],60,181,200,121,171
1,<environment.Job instance at 0x7fb32f7aa230>,61,1,[7 5],62,181,182,119,171
1,<environment.Job instance at 0x7fb32f7aa460>,64,2,[2 8],65,185,187,120,185
1,<environment.Job instance at 0x7fb32f7aa550>,65,1,[5 8],66,187,188,121,185
1,<environment.Job instance at 0x7fb32f7aa5f0>,66,2,[7 2],67,188,190,121,185
1,<environment.Job instance at 0x7fb32f7aa690>,67,16,[1 9],68,200,216,132,187
1,<environment.Job instance at 0x7fb32f7aa870>,70,1,[5 4],71,198,199,127,198
1,<environment.Job instance at 0x7fb32f7aaaf0>,71,2,[5 1],72,198,200,126,198
1,<environment.Job instance at 0x7fb32f7aa730>,68,14,[6 4],69,199,213,130,199
1,<environment.Job instance at 0x7fb32f7aadc0>,74,2,[1 7],75,216,218,141,200
1,<environment.Job instance at 0x7fb32f7aab40>,78,14,[6 1],79,213,227,134,213
1,<environment.Job instance at 0x7fb32f7a4320>,40,26,[ 1 10],41,218,244,177,215
1,<environment.Job instance at 0x7fb32f7ba780>,0,24,[1 5],1,1,25,0,1
1,<environment.Job instance at 0x7fb32f7bd870>,2,20,[10  5],3,3,23,0,3
1,<environment.Job instance at 0x7fb32f7bdd70>,6,13,[ 5 14],7,25,38,18,11
1,<environment.Job instance at 0x7fb2eba168c0>,13,24,[3 7],14,38,62,24,33
1,<environment.Job instance at 0x7fb2eba160a0>,16,3,[10  3],17,38,41,21,33
1,<environment.Job instance at 0x7fb2eba1c320>,19,2,[10  2],20,41,43,21,33
1,<environment.Job instance at 0x7fb2eba1c820>,22,1,[8 3],23,43,44,20,38
1,<environment.Job instance at 0x7fb2eba1c550>,23,3,[2 5],24,38,41,14,38
1,<environment.Job instance at 0x7fb32f7aad20>,7,3,[5 6],8,44,47,36,38
1,<environment.Job instance at 0x7fb2eba1aeb0>,14,19,[3 8],15,47,66,32,38
1,<environment.Job instance at 0x7fb2eba1c1e0>,24,19,[6 2],25,62,81,37,53
1,<environment.Job instance at 0x7fb2eba0ee60>,31,3,[9 5],32,66,69,34,55
1,<environment.Job instance at 0x7fb2eba0e050>,32,15,[ 2 14],33,81,96,48,67
1,<environment.Job instance at 0x7fb2ebc038c0>,34,26,[3 9],35,96,122,61,93
1,<environment.Job instance at 0x7fb2ebba1aa0>,38,21,[2 7],39,122,143,83,114
1,<environment.Job instance at 0x7fb2ebba1910>,39,3,[10  4],40,115,118,75,115
1,<environment.Job instance at 0x7fb2ebba1e60>,42,3,[8 2],43,118,121,75,115
1,<environment.Job instance at 0x7fb2ebb97230>,44,3,[5 6],45,121,124,76,115
1,<environment.Job instance at 0x7fb2ebb97be0>,45,19,[ 1 10],46,143,162,97,133
1,<environment.Job instance at 0x7fb2ebb97280>,48,20,[ 2 10],49,162,182,113,153
1,<environment.Job instance at 0x7fb2ebb9f550>,50,1,[14  4],51,153,154,102,153
1,<environment.Job instance at 0x7fb2ebb9f0f0>,53,1,[4 8],54,182,183,128,154
1,<environment.Job instance at 0x7fb2ebb9f190>,55,21,[1 6],56,182,203,126,174
1,<environment.Job instance at 0x7fb2ebb981e0>,57,18,[ 1 14],58,203,221,145,192
1,<environment.Job instance at 0x7fb2ebb98730>,58,23,[1 9],59,221,244,162,215
1,<environment.Job instance at 0x7fb2ebba3870>,63,18,[5 1],64,220,238,156,220
1,<environment.Job instance at 0x7fb2ebba37d0>,65,17,[12  1],66,238,255,172,226
1,<environment.Job instance at 0x7fb2ebba3230>,66,2,[10  2],67,255,257,188,228
1,<environment.Job instance at 0x7fb32f7bab90>,1,2,[9 2],2,2,4,0,2
1,<environment.Job instance at 0x7fb336d2d320>,5,27,[4 5],6,6,33,0,6
1,<environment.Job instance at 0x7fb336d2da00>,7,12,[13  4],8,33,45,25,16
1,<environment.Job instance at 0x7fb336d2d0a0>,9,2,[7 4],10,18,20,8,18
1,<environment.Job instance at 0x7fb336d1bcd0>,16,2,[5 5],17,20,22,3,19
1,<environment.Job instance at 0x7fb2eba62500>,21,1,[5 8],22,22,23,0,22
1,<environment.Job instance at 0x7fb2eba67910>,24,21,[4 9],25,45,66,20,37
1,<environment.Job instance at 0x7fb32f51ba50>,28,12,[14  3],29,66,78,37,49
1,<environment.Job instance at 0x7fb32fcd3780>,29,1,[ 4 11],30,78,79,48,50
1,<environment.Job instance at 0x7fb336d22e60>,36,25,[2 8],37,79,104,42,75
1,<environment.Job instance at 0x7fb32f564e10>,27,13,[12  1],28,79,92,51,75
1,<environment.Job instance at 0x7fb2eb9fdeb0>,41,3,[6 1],42,92,95,50,77
1,<environment.Job instance at 0x7fb2eb9fdf00>,47,3,[10  5],48,95,98,47,92
1,<environment.Job instance at 0x7fb2eb9fd910>,49,2,[5 3],50,109,111,59,109
1,<environment.Job instance at 0x7fb2eb9fd870>,51,18,[5 8],52,110,128,58,110
1,<environment.Job instance at 0x7fb32f51e690>,53,2,[10  2],54,118,120,64,118
1,<environment.Job instance at 0x7fb32fc96aa0>,54,2,[11  3],55,128,130,73,118
1,<environment.Job instance at 0x7fb32fc96960>,55,15,[1 5],56,128,143,72,128
1,<environment.Job instance at 0x7fb336d28780>,56,2,[2 7],57,128,130,71,128
1,<environment.Job instance at 0x7fb32f6403c0>,58,1,[9 5],59,130,131,71,128
1,<environment.Job instance at 0x7fb336bdcc80>,62,17,[8 2],63,133,150,70,133
1,<environment.Job instance at 0x7fb336bdcbe0>,63,3,[2 8],64,133,136,69,133
1,<environment.Job instance at 0x7fb336bdc230>,64,17,[6 1],65,136,153,71,135
1,<environment.Job instance at 0x7fb336b8a230>,65,17,[12  4],66,153,170,87,141
1,<environment.Job instance at 0x7fb336bb20f0>,67,2,[9 3],68,150,152,82,150
1,<environment.Job instance at 0x7fb2eb9ed4b0>,68,2,[3 5],69,152,154,83,150
1,<environment.Job instance at 0x7fb2eb9ed1e0>,70,15,[1 9],71,154,169,83,151
1,<environment.Job instance at 0x7fb2eb9ed640>,72,1,[10  4],73,170,171,97,163
1,<environment.Job instance at 0x7fb2eb9ed2d0>,74,18,[10  5],75,171,189,96,169
1,<environment.Job instance at 0x7fb32f57de10>,75,3,[8 3],76,189,192,113,169
1,<environment.Job instance at 0x7fb32fc6e4b0>,76,16,[2 9],77,170,186,93,170
1,<environment.Job instance at 0x7fb336bdd0f0>,77,2,[ 3 11],78,189,191,111,170
1,<environment.Job instance at 0x7fb32f55b050>,79,2,[2 7],80,186,188,106,175
1,<environment.Job instance at 0x7fb32f55b2d0>,82,27,[8 3],83,195,222,112,195
1,<environment.Job instance at 0x7fb2eb9fdaa0>,44,14,[3 8],45,195,209,150,195
1,<environment.Job instance at 0x7fb32fcb1d70>,89,1,[8 5],90,222,223,132,214
1,<environment.Job instance at 0x7fb32f5a98c0>,2,3,[8 3],3,3,6,0,3
1,<environment.Job instance at 0x7fb2ebdfacd0>,3,2,[9 1],4,6,8,2,4
1,<environment.Job instance at 0x7fb32f8b3230>,5,12,[4 5],6,8,20,2,8
1,<environment.Job instance at 0x7fb333dd0c30>,6,2,[ 3 10],7,8,10,1,8
1,<environment.Job instance at 0x7fb333db2dc0>,7,18,[8 2],8,10,28,2,9
1,<environment.Job instance at 0x7fb32f8b4140>,11,2,[14  5],12,28,30,16,13
1,<environment.Job instance at 0x7fb334482910>,8,3,[3 7],9,13,16,4,13
1,<environment.Job instance at 0x7fb32f85faa0>,13,14,[9 3],14,30,44,16,17
1,<environment.Job instance at 0x7fb32f81d410>,19,3,[4 7],20,25,28,5,25
1,<environment.Job instance at 0x7fb32f8b3b40>,4,17,[14  5],5,44,61,39,33
1,<environment.Job instance at 0x7fb32f84ca50>,26,22,[1 8],27,36,58,9,36
1,<environment.Job instance at 0x7fb32f85adc0>,17,16,[7 2],18,61,77,43,49
1,<environment.Job instance at 0x7fb32f78edc0>,31,15,[8 1],32,61,76,29,50
1,<environment.Job instance at 0x7fb32f8cd410>,37,28,[9 1],38,77,105,39,76
1,<environment.Job instance at 0x7fb32f78ed70>,32,13,[1 5],33,76,89,43,76
1,<environment.Job instance at 0x7fb32f8cd140>,39,3,[6 3],40,89,92,49,76
1,<environment.Job instance at 0x7fb32fb35eb0>,23,16,[6 5],24,92,108,68,82
1,<environment.Job instance at 0x7fb32f8cde60>,43,2,[7 2],44,105,107,61,84
1,<environment.Job instance at 0x7fb32f802370>,44,3,[ 5 10],45,107,110,62,85
1,<environment.Job instance at 0x7fb32f8024b0>,45,1,[5 4],46,86,87,40,86
1,<environment.Job instance at 0x7fb32f802d70>,46,2,[ 5 13],47,110,112,63,88
1,<environment.Job instance at 0x7fb32f8023c0>,47,1,[6 2],48,108,109,60,94
1,<environment.Job instance at 0x7fb32f830cd0>,51,1,[13  4],52,112,113,60,95
1,<environment.Job instance at 0x7fb32f8a9230>,53,22,[3 5],54,113,135,59,106
1,<environment.Job instance at 0x7fb32f8a9f00>,56,3,[6 3],57,113,116,56,113
1,<environment.Job instance at 0x7fb333def280>,57,28,[ 5 10],58,116,144,58,115
1,<environment.Job instance at 0x7fb32f8073c0>,58,2,[12  3],59,144,146,85,117
1,<environment.Job instance at 0x7fb32f9afc30>,60,22,[7 1],61,146,168,85,139
1,<environment.Job instance at 0x7fb32f8070f0>,62,21,[5 7],63,146,167,83,139
1,<environment.Job instance at 0x7fb32f8cd1e0>,42,26,[5 8],43,171,197,128,171
1,<environment.Job instance at 0x7fb32f8cdfa0>,41,14,[9 2],42,171,185,129,171
1,<environment.Job instance at 0x7fb32f8f1b90>,76,2,[2 6],77,185,187,108,173
1,<environment.Job instance at 0x7fb32f8c6820>,77,1,[5 1],78,185,186,107,173
1,<environment.Job instance at 0x7fb32f8d7230>,82,12,[2 9],83,197,209,114,187
1,<environment.Job instance at 0x7fb32f9ac0f0>,84,16,[1 5],85,187,203,102,187
1,<environment.Job instance at 0x7fb32fbf32d0>,85,18,[4 9],86,209,227,123,198
1,<environment.Job instance at 0x7fb32fbf3460>,86,1,[10  1],87,198,199,111,198
1,<environment.Job instance at 0x7fb32fbf3aa0>,89,1,[12  2],90,206,207,116,206
1,<environment.Job instance at 0x7fb32fbf3370>,90,13,[10  1],91,208,221,117,208
1,<environment.Job instance at 0x7fb2ebdbb5f0>,3,1,[1 5],4,4,5,0,4
1,<environment.Job instance at 0x7fb2ebdfa5f0>,4,1,[2 8],5,5,6,0,5
1,<environment.Job instance at 0x7fb32f911d70>,7,14,[11  4],8,11,25,3,11
1,<environment.Job instance at 0x7fb2ebf45f00>,11,18,[ 3 10],12,13,31,1,13
1,<environment.Job instance at 0x7fb2ebf453c0>,13,24,[8 5],14,25,49,11,20
1,<environment.Job instance at 0x7fb32f591aa0>,17,2,[1 6],18,32,34,14,32
1,<environment.Job instance at 0x7fb2ebf454b0>,18,13,[12  1],19,49,62,30,33
1,<environment.Job instance at 0x7fb32fbecb40>,24,2,[2 7],25,54,56,29,54
1,<environment.Job instance at 0x7fb32fbecaf0>,26,3,[14  2],27,62,65,35,54
1,<environment.Job instance at 0x7fb32fbf0500>,27,14,[7 2],28,65,79,37,54
1,<environment.Job instance at 0x7fb32fbf07d0>,28,20,[3 9],29,65,85,36,56
1,<environment.Job instance at 0x7fb32fbf3cd0>,6,16,[8 2],7,79,95,72,70
1,<environment.Job instance at 0x7fb2ec0eda50>,31,17,[ 4 10],32,85,102,53,83
1,<environment.Job instance at 0x7fb32fc120f0>,37,21,[4 8],38,102,123,64,94
1,<environment.Job instance at 0x7fb32fc12370>,38,23,[3 9],39,123,146,84,117
1,<environment.Job instance at 0x7fb32fc15690>,40,2,[10  4],41,117,119,76,117
1,<environment.Job instance at 0x7fb32fc15910>,43,2,[9 2],44,119,121,75,117
1,<environment.Job instance at 0x7fb32fc150a0>,50,2,[ 1 11],51,148,150,97,148
1,<environment.Job instance at 0x7fb32fc0e0a0>,51,3,[8 3],52,148,151,96,148
1,<environment.Job instance at 0x7fb32fc0ef50>,52,1,[ 3 10],53,150,151,97,148
1,<environment.Job instance at 0x7fb32fc0eb90>,53,3,[3 8],54,151,154,97,148
1,<environment.Job instance at 0x7fb32fc0ea50>,54,2,[3 6],55,151,153,96,148
1,<environment.Job instance at 0x7fb32fc0ec30>,55,13,[6 4],56,153,166,97,153
1,<environment.Job instance at 0x7fb32fc0e370>,56,3,[ 4 10],57,154,157,97,153
1,<environment.Job instance at 0x7fb32fc0e5a0>,57,12,[ 3 14],58,166,178,108,153
1,<environment.Job instance at 0x7fb32fc0e460>,58,2,[ 1 10],59,157,159,98,153
1,<environment.Job instance at 0x7fb32fc00f00>,60,2,[2 7],61,159,161,98,155
1,<environment.Job instance at 0x7fb32fc00fa0>,62,1,[5 9],63,162,163,99,162
1,<environment.Job instance at 0x7fb32fc082d0>,64,1,[2 5],65,178,179,113,166
1,<environment.Job instance at 0x7fb32fc08230>,65,1,[7 2],66,178,179,112,166
1,<environment.Job instance at 0x7fb32fc08d20>,66,1,[10  4],67,179,180,112,166
1,<environment.Job instance at 0x7fb32fc08c30>,67,2,[8 3],68,180,182,112,166
1,<environment.Job instance at 0x7fb32fc08fa0>,68,16,[13  3],69,182,198,113,169
1,<environment.Job instance at 0x7fb32fc080a0>,71,3,[3 5],72,198,201,126,181
1,<environment.Job instance at 0x7fb32fc087d0>,74,1,[6 4],75,181,182,106,181
1,<environment.Job instance at 0x7fb333f29410>,75,21,[9 5],76,198,219,122,190
1,<environment.Job instance at 0x7fb32fbd9be0>,76,18,[10  5],77,219,237,142,208
1,<environment.Job instance at 0x7fb333f31230>,79,2,[4 7],80,208,210,128,208
1,<environment.Job instance at 0x7fb333f3c320>,82,1,[5 3],83,210,211,127,208
1,<environment.Job instance at 0x7fb333f3c500>,83,27,[3 5],84,211,238,127,209
1,<environment.Job instance at 0x7fb333f48870>,84,1,[12  4],85,237,238,152,209
1,<environment.Job instance at 0x7fb333f5f690>,85,2,[14  1],86,238,240,152,211
1,<environment.Job instance at 0x7fb33409f370>,2,2,[10  4],3,3,5,0,3
1,<environment.Job instance at 0x7fb333f0e910>,3,27,[8 5],4,5,32,1,4
1,<environment.Job instance at 0x7fb333f0ea00>,6,2,[5 7],7,9,11,2,9
1,<environment.Job instance at 0x7fb333f0eb40>,5,14,[7 3],6,14,28,8,14
1,<environment.Job instance at 0x7fb2ebc5ef50>,9,1,[12  4],10,32,33,22,14
1,<environment.Job instance at 0x7fb333f0ecd0>,4,12,[ 5 13],5,33,45,28,17
1,<environment.Job instance at 0x7fb32f6eb6e0>,22,3,[9 4],23,45,48,22,32
1,<environment.Job instance at 0x7fb32f6eb190>,24,27,[1 8],25,45,72,20,43
1,<environment.Job instance at 0x7fb32f6eb500>,25,3,[6 4],26,48,51,22,44
1,<environment.Job instance at 0x7fb32f6eb0f0>,27,3,[3 8],28,72,75,44,46
1,<environment.Job instance at 0x7fb32f6eb550>,29,1,[4 5],30,51,52,21,46
1,<environment.Job instance at 0x7fb32f6eb280>,32,12,[6 2],33,60,72,27,60
1,<environment.Job instance at 0x7fb3341dc0a0>,34,23,[4 5],35,60,83,25,60
1,<environment.Job instance at 0x7fb3341dc730>,37,13,[12  5],38,83,96,45,72
1,<environment.Job instance at 0x7fb3341dcaf0>,40,1,[1 7],41,90,91,49,90
1,<environment.Job instance at 0x7fb3341dc230>,41,1,[9 4],42,96,97,54,90
1,<environment.Job instance at 0x7fb2ebdd8aa0>,42,2,[3 6],43,91,93,48,90
1,<environment.Job instance at 0x7fb2ebdd8780>,43,14,[ 4 11],44,96,110,52,91
1,<environment.Job instance at 0x7fb2ebdd8b90>,45,2,[2 9],46,93,95,47,92
1,<environment.Job instance at 0x7fb2ebdd8a00>,46,26,[8 5],47,110,136,63,107
1,<environment.Job instance at 0x7fb2ebdd8190>,50,17,[5 8],51,111,128,60,111
1,<environment.Job instance at 0x7fb2ebc5e820>,14,14,[4 6],15,128,142,113,113
1,<environment.Job instance at 0x7fb2ebdd8050>,48,18,[13  1],49,142,160,93,131
1,<environment.Job instance at 0x7fb333db5b40>,62,2,[5 2],63,160,162,97,146
1,<environment.Job instance at 0x7fb333db5f50>,63,3,[10  2],64,160,163,96,146
1,<environment.Job instance at 0x7fb333f97640>,67,22,[10  1],68,163,185,95,158
1,<environment.Job instance at 0x7fb2ebc5ef00>,13,24,[3 5],14,162,186,148,158
1,<environment.Job instance at 0x7fb333f97550>,69,14,[5 1],70,185,199,115,170
1,<environment.Job instance at 0x7fb333f97af0>,72,13,[9 2],73,186,199,113,176
1,<environment.Job instance at 0x7fb333f97fa0>,73,1,[5 7],74,185,186,111,182
1,<environment.Job instance at 0x7fb32faab5f0>,74,1,[ 1 10],75,186,187,111,185
1,<environment.Job instance at 0x7fb333f973c0>,75,1,[9 5],76,199,200,123,185
1,<environment.Job instance at 0x7fb333db5fa0>,60,18,[5 6],61,199,217,138,189
1,<environment.Job instance at 0x7fb32faabaa0>,77,1,[5 3],78,200,201,122,192
1,<environment.Job instance at 0x7fb32faab230>,78,3,[9 3],79,201,204,122,192
1,<environment.Job instance at 0x7fb333f97870>,71,3,[11  4],72,217,220,145,192
1,<environment.Job instance at 0x7fb3341048c0>,79,13,[8 5],80,204,217,124,192
1,<environment.Job instance at 0x7fb333f97690>,68,16,[13  1],69,220,236,151,207
1,<environment.Job instance at 0x7fb333dfdd70>,87,1,[ 4 12],88,236,237,148,208
1,<environment.Job instance at 0x7fb32f9112d0>,0,25,[10  4],1,1,26,0,1
1,<environment.Job instance at 0x7fb32f911cd0>,7,1,[5 4],8,8,9,0,8
1,<environment.Job instance at 0x7fb3340b1a00>,8,3,[3 5],9,9,12,0,9
1,<environment.Job instance at 0x7fb2ec0b7230>,17,16,[13  1],18,30,46,12,30
1,<environment.Job instance at 0x7fb333e00690>,20,3,[9 1],21,46,49,25,39
1,<environment.Job instance at 0x7fb333e00be0>,21,2,[13  4],22,49,51,27,39
1,<environment.Job instance at 0x7fb32f824e10>,23,2,[9 1],24,51,53,27,48
1,<environment.Job instance at 0x7fb32f824370>,25,2,[ 3 10],26,57,59,31,57
1,<environment.Job instance at 0x7fb32f824f50>,26,20,[10  4],27,57,77,30,57
1,<environment.Job instance at 0x7fb2ec07c320>,30,27,[ 3 13],31,77,104,46,75
1,<environment.Job instance at 0x7fb32fb7c460>,33,27,[1 7],34,104,131,70,102
1,<environment.Job instance at 0x7fb32f6522d0>,35,18,[ 3 12],36,131,149,95,120
1,<environment.Job instance at 0x7fb2ebba4cd0>,36,3,[10  3],37,120,123,83,120
1,<environment.Job instance at 0x7fb2ebba4be0>,37,1,[ 4 10],38,149,150,111,121
1,<environment.Job instance at 0x7fb2ebba4640>,40,1,[12  1],41,123,124,82,121
1,<environment.Job instance at 0x7fb3342b9f00>,41,25,[9 1],42,124,149,82,121
1,<environment.Job instance at 0x7fb32f83fb40>,47,18,[5 5],48,149,167,101,146
1,<environment.Job instance at 0x7fb2ec064dc0>,16,16,[7 5],17,150,166,133,150
1,<environment.Job instance at 0x7fb333d7bf00>,48,18,[ 3 10],49,166,184,117,155
1,<environment.Job instance at 0x7fb32f72ba50>,51,28,[7 5],52,167,195,115,166
1,<environment.Job instance at 0x7fb32f811b90>,56,3,[3 9],57,184,187,127,173
1,<environment.Job instance at 0x7fb2eba3d870>,60,3,[10  2],61,195,198,134,183
1,<environment.Job instance at 0x7fb2eba3d280>,65,2,[7 1],66,198,200,132,198
1,<environment.Job instance at 0x7fb2eba3dd70>,66,2,[2 6],67,198,200,131,198
1,<environment.Job instance at 0x7fb2ebb425a0>,71,1,[ 5 14],72,209,210,137,209
1,<environment.Job instance at 0x7fb2ebb42640>,72,1,[7 1],73,209,210,136,209
1,<environment.Job instance at 0x7fb2ebb42500>,73,19,[7 1],74,210,229,136,209
1,<environment.Job instance at 0x7fb2ebb42eb0>,70,13,[7 1],71,210,223,139,209
1,<environment.Job instance at 0x7fb32f538be0>,6,14,[5 7],7,223,237,216,209
1,<environment.Job instance at 0x7fb2ebb42dc0>,76,1,[4 5],77,229,230,152,210
1,<environment.Job instance at 0x7fb2ebb42910>,75,18,[7 4],76,230,248,154,223
1,<environment.Job instance at 0x7fb2ebb423c0>,77,13,[5 1],78,237,250,159,223
1,<environment.Job instance at 0x7fb32fb7ceb0>,3,1,[9 5],4,4,5,0,4
1,<environment.Job instance at 0x7fb33426dcd0>,4,21,[8 1],5,5,26,0,5
1,<environment.Job instance at 0x7fb334335870>,6,2,[7 3],7,7,9,0,7
1,<environment.Job instance at 0x7fb333f14140>,7,1,[1 7],8,9,10,1,8
1,<environment.Job instance at 0x7fb32f911190>,9,25,[ 3 10],10,15,40,5,15
1,<environment.Job instance at 0x7fb2ec103eb0>,19,3,[1 9],20,40,43,20,21
1,<environment.Job instance at 0x7fb32f6ebb40>,13,3,[4 7],14,43,46,29,21
1,<environment.Job instance at 0x7fb2ec103f00>,21,3,[9 5],22,26,29,4,23
1,<environment.Job instance at 0x7fb2ec0fe1e0>,24,1,[1 8],25,43,44,18,36
1,<environment.Job instance at 0x7fb333db5820>,11,12,[ 1 10],12,46,58,34,36
1,<environment.Job instance at 0x7fb2ec0fe460>,26,3,[1 7],27,58,61,31,36
1,<environment.Job instance at 0x7fb2ec0fe500>,27,1,[6 5],28,36,37,8,36
1,<environment.Job instance at 0x7fb2ec0fe5a0>,28,16,[6 5],29,44,60,15,36
1,<environment.Job instance at 0x7fb2ec0fe640>,29,1,[8 2],30,37,38,7,36
1,<environment.Job instance at 0x7fb2ec103f50>,22,3,[8 1],23,58,61,35,44
1,<environment.Job instance at 0x7fb2ec0fe780>,31,14,[1 5],32,60,74,28,46
1,<environment.Job instance at 0x7fb2ec0fe6e0>,30,15,[7 2],31,61,76,30,47
1,<environment.Job instance at 0x7fb2ec0fea00>,35,3,[7 5],36,61,64,25,51
1,<environment.Job instance at 0x7fb2ec0fee10>,36,17,[ 1 14],37,76,93,39,64
1,<environment.Job instance at 0x7fb2ec0fef50>,38,1,[3 8],39,64,65,25,64
1,<environment.Job instance at 0x7fb2ec0fef00>,39,18,[14  4],40,93,111,53,82
1,<environment.Job instance at 0x7fb2ec0f1190>,45,3,[6 4],46,111,114,65,101
1,<environment.Job instance at 0x7fb2ec0f15a0>,46,2,[10  1],47,114,116,67,101
1,<environment.Job instance at 0x7fb2ec0f1690>,47,1,[7 3],48,111,112,63,101
1,<environment.Job instance at 0x7fb2ec0f12d0>,43,24,[4 7],44,112,136,68,107
1,<environment.Job instance at 0x7fb2ec0f1820>,50,2,[5 8],51,116,118,65,107
1,<environment.Job instance at 0x7fb2ec0f16e0>,48,23,[ 4 10],49,136,159,87,130
1,<environment.Job instance at 0x7fb2ec0f1640>,51,3,[6 5],52,130,133,78,130
1,<environment.Job instance at 0x7fb2ec0f15f0>,53,1,[6 5],54,133,134,79,133
1,<environment.Job instance at 0x7fb2ec0f18c0>,54,1,[4 9],55,159,160,104,133
1,<environment.Job instance at 0x7fb2ec0f1b40>,56,13,[ 4 12],57,160,173,103,144
1,<environment.Job instance at 0x7fb2ec0f1c80>,58,1,[1 6],59,159,160,100,146
1,<environment.Job instance at 0x7fb2ec0f1e60>,61,3,[5 5],62,146,149,84,146
1,<environment.Job instance at 0x7fb2ec0f1960>,63,24,[3 5],64,173,197,109,168
1,<environment.Job instance at 0x7fb32f715230>,17,23,[9 2],18,173,196,155,173
1,<environment.Job instance at 0x7fb2eba14910>,73,17,[4 9],74,196,213,122,191
1,<environment.Job instance at 0x7fb2eba149b0>,74,1,[1 9],75,213,214,138,191
1,<environment.Job instance at 0x7fb2eba14b90>,77,1,[8 5],78,197,198,119,191
1,<environment.Job instance at 0x7fb2eba14cd0>,79,24,[7 1],80,198,222,118,196
1,<environment.Job instance at 0x7fb2eba14d70>,80,26,[4 8],81,214,240,133,211
1,<environment.Job instance at 0x7fb32f9110f0>,4,17,[5 9],5,5,22,0,5
1,<environment.Job instance at 0x7fb32f911870>,3,2,[9 4],4,6,8,2,6
1,<environment.Job instance at 0x7fb2eba14780>,2,13,[7 3],3,8,21,5,7
1,<environment.Job instance at 0x7fb2eba14dc0>,1,15,[14  4],2,22,37,20,9
1,<environment.Job instance at 0x7fb333f26280>,13,1,[6 2],14,21,22,7,19
1,<environment.Job instance at 0x7fb2ebd254b0>,14,2,[8 4],15,37,39,22,19
1,<environment.Job instance at 0x7fb2eba3d410>,18,12,[6 1],19,37,49,18,37
1,<environment.Job instance at 0x7fb2eba3d0f0>,19,12,[5 9],20,40,52,20,40
1,<environment.Job instance at 0x7fb32f5ef0f0>,22,1,[2 7],23,54,55,31,54
1,<environment.Job instance at 0x7fb32f6c8af0>,24,13,[10  1],25,57,70,32,57
1,<environment.Job instance at 0x7fb32f55b460>,27,1,[4 8],28,71,72,43,71
1,<environment.Job instance at 0x7fb32f55b2d0>,28,2,[10  1],29,71,73,42,71
1,<environment.Job instance at 0x7fb2ebecd820>,29,25,[8 3],30,73,98,43,71
1,<environment.Job instance at 0x7fb333f3b910>,32,24,[11  1],33,98,122,65,93
1,<environment.Job instance at 0x7fb33417c8c0>,7,15,[5 5],8,125,140,117,125
1,<environment.Job instance at 0x7fb2ebecd410>,34,18,[8 2],35,125,143,90,125
1,<environment.Job instance at 0x7fb33417ee10>,43,2,[4 8],44,140,142,96,133
1,<environment.Job instance at 0x7fb32f54e3c0>,46,3,[7 4],47,142,145,95,135
1,<environment.Job instance at 0x7fb333d7b140>,49,1,[ 3 10],50,143,144,93,136
1,<environment.Job instance at 0x7fb334176c80>,48,2,[8 3],49,144,146,95,136
1,<environment.Job instance at 0x7fb2ec137fa0>,50,2,[8 2],51,146,148,95,138
1,<environment.Job instance at 0x7fb3342b9730>,6,23,[10  4],7,148,171,141,145
1,<environment.Job instance at 0x7fb2ec15d280>,63,2,[12  1],64,171,173,107,161
1,<environment.Job instance at 0x7fb2ec15df00>,64,1,[ 5 14],65,173,174,108,161
1,<environment.Job instance at 0x7fb2ec15d820>,65,15,[10  1],66,173,188,107,161
1,<environment.Job instance at 0x7fb2ec15d8c0>,66,21,[3 7],67,174,195,107,166
1,<environment.Job instance at 0x7fb2ec15da00>,69,20,[1 9],70,195,215,125,186
1,<environment.Job instance at 0x7fb333f14280>,51,18,[7 1],52,190,208,138,190
1,<environment.Job instance at 0x7fb333f9d1e0>,76,13,[ 5 11],77,215,228,138,213
1,<environment.Job instance at 0x7fb333f9d9b0>,77,2,[13  1],78,213,215,135,213
1,<environment.Job instance at 0x7fb32fa156e0>,80,2,[4 9],81,228,230,147,222
1,<environment.Job instance at 0x7fb336bde910>,0,12,[ 4 12],1,2,14,1,2
1,<environment.Job instance at 0x7fb2ec06a4b0>,6,2,[3 9],7,14,16,7,7
1,<environment.Job instance at 0x7fb2ec086eb0>,10,3,[6 3],11,11,14,0,11
1,<environment.Job instance at 0x7fb2ec086d20>,14,2,[2 8],15,22,24,7,22
1,<environment.Job instance at 0x7fb2ec086640>,15,22,[9 4],16,22,44,6,22
1,<environment.Job instance at 0x7fb32fa48640>,16,1,[1 5],17,24,25,7,22
1,<environment.Job instance at 0x7fb2ebe66e60>,17,2,[10  1],18,44,46,26,22
1,<environment.Job instance at 0x7fb2ebe66870>,19,27,[5 8],20,26,53,6,26
1,<environment.Job instance at 0x7fb2ebf1a960>,24,2,[7 4],25,48,50,23,48
1,<environment.Job instance at 0x7fb2ebdedaa0>,26,22,[3 8],27,53,75,26,49
1,<environment.Job instance at 0x7fb3344d39b0>,28,2,[5 5],29,51,53,22,51
1,<environment.Job instance at 0x7fb2ebd5eeb0>,29,2,[10  1],30,53,55,23,51
1,<environment.Job instance at 0x7fb2ebdf5460>,30,1,[10  3],31,55,56,24,51
1,<environment.Job instance at 0x7fb2ebdf5370>,31,3,[5 8],32,75,78,43,51
1,<environment.Job instance at 0x7fb3342a3b40>,32,1,[3 9],33,78,79,45,51
1,<environment.Job instance at 0x7fb3342a3190>,33,1,[5 2],34,51,52,17,51
1,<environment.Job instance at 0x7fb3342a3a00>,34,3,[5 4],35,56,59,21,51
1,<environment.Job instance at 0x7fb2ec086a50>,13,2,[2 5],14,53,55,39,51
1,<environment.Job instance at 0x7fb336bde6e0>,1,1,[4 8],2,79,80,77,52
1,<environment.Job instance at 0x7fb3342a3780>,37,3,[6 4],38,59,62,21,54
1,<environment.Job instance at 0x7fb3342a3fa0>,35,15,[13  3],36,80,95,44,66
1,<environment.Job instance at 0x7fb3342a3a50>,42,1,[14  1],43,95,96,52,70
1,<environment.Job instance at 0x7fb2eba41910>,45,2,[1 6],46,83,85,37,83
1,<environment.Job instance at 0x7fb2eba41d70>,46,13,[2 9],47,96,109,49,84
1,<environment.Job instance at 0x7fb2eba41550>,47,1,[9 4],48,96,97,48,84
1,<environment.Job instance at 0x7fb2eba41870>,48,24,[8 2],49,97,121,48,92
1,<environment.Job instance at 0x7fb32f60e7d0>,49,27,[ 3 13],50,109,136,59,107
1,<environment.Job instance at 0x7fb32f60ee60>,50,18,[ 2 12],51,136,154,85,125
1,<environment.Job instance at 0x7fb2ec124b90>,56,24,[13  3],57,148,172,91,148
1,<environment.Job instance at 0x7fb2ebc73e60>,63,1,[10  4],64,172,173,108,159
1,<environment.Job instance at 0x7fb2ebc73a50>,65,2,[4 6],66,172,174,106,167
1,<environment.Job instance at 0x7fb333e32af0>,66,18,[8 5],67,173,191,106,170
1,<environment.Job instance at 0x7fb2ebba4820>,67,1,[9 3],68,191,192,123,171
1,<environment.Job instance at 0x7fb3342b7cd0>,69,1,[9 1],70,192,193,122,171
1,<environment.Job instance at 0x7fb333e5ad20>,72,2,[7 2],73,180,182,107,180
1,<environment.Job instance at 0x7fb333e5a7d0>,73,26,[7 3],74,193,219,119,190
1,<environment.Job instance at 0x7fb333e5a0a0>,77,27,[1 8],78,195,222,117,195
1,<environment.Job instance at 0x7fb333e5a1e0>,78,3,[3 9],79,222,225,143,198
1,<environment.Job instance at 0x7fb32fb474b0>,3,2,[5 7],4,4,6,0,4
1,<environment.Job instance at 0x7fb333e5acd0>,4,18,[9 2],5,7,25,2,7
1,<environment.Job instance at 0x7fb32fc1fa50>,8,28,[ 2 11],9,9,37,0,9
1,<environment.Job instance at 0x7fb2ebc3ce10>,16,15,[ 2 12],17,37,52,20,34
1,<environment.Job instance at 0x7fb333da85a0>,18,2,[6 2],19,34,36,15,34
1,<environment.Job instance at 0x7fb2ec0925a0>,20,12,[ 1 11],21,52,64,31,42
1,<environment.Job instance at 0x7fb2ec092780>,27,3,[3 6],28,78,81,50,78
1,<environment.Job instance at 0x7fb2ec092870>,28,2,[1 7],29,78,80,49,78
1,<environment.Job instance at 0x7fb2ec092b40>,29,1,[5 6],30,80,81,50,78
1,<environment.Job instance at 0x7fb2ec092d20>,32,12,[3 7],33,81,93,48,78
1,<environment.Job instance at 0x7fb2ec092e60>,34,3,[5 5],35,81,84,46,81
1,<environment.Job instance at 0x7fb2ebc9f6e0>,36,1,[4 9],37,93,94,56,81
1,<environment.Job instance at 0x7fb2ebc9fc80>,37,18,[7 5],38,84,102,46,81
1,<environment.Job instance at 0x7fb2ebc9f9b0>,38,12,[1 8],39,94,106,55,81
1,<environment.Job instance at 0x7fb2ebc9f1e0>,40,17,[11  3],41,102,119,61,94
1,<environment.Job instance at 0x7fb2ebc9f4b0>,44,3,[3 6],45,127,130,82,127
1,<environment.Job instance at 0x7fb2ebc9fcd0>,45,1,[2 6],46,127,128,81,127
1,<environment.Job instance at 0x7fb2ebc9f5a0>,48,3,[6 5],49,138,141,89,138
1,<environment.Job instance at 0x7fb2ebc9fb90>,49,3,[2 6],50,138,141,88,138
1,<environment.Job instance at 0x7fb2ebc9f370>,50,3,[1 5],51,141,144,90,138
1,<environment.Job instance at 0x7fb2ebc9fb40>,51,16,[3 9],52,141,157,89,138
1,<environment.Job instance at 0x7fb2ebc9fa50>,53,3,[ 3 10],54,157,160,103,138
1,<environment.Job instance at 0x7fb2ebc9fd70>,54,16,[7 2],55,144,160,89,138
1,<environment.Job instance at 0x7fb2ebc8c140>,56,3,[ 2 10],57,160,163,103,141
1,<environment.Job instance at 0x7fb2ebc8c1e0>,57,24,[8 1],58,160,184,102,155
1,<environment.Job instance at 0x7fb2ec092690>,24,18,[3 9],25,163,181,138,155
1,<environment.Job instance at 0x7fb2ebc8c5a0>,63,28,[6 1],64,181,209,117,180
1,<environment.Job instance at 0x7fb2ebc9f0f0>,47,2,[5 7],48,184,186,136,180
1,<environment.Job instance at 0x7fb2ebc8c640>,64,2,[ 2 10],65,186,188,121,180
1,<environment.Job instance at 0x7fb2ebc8c6e0>,65,1,[ 1 10],66,181,182,115,181
1,<environment.Job instance at 0x7fb2ebc8c820>,68,23,[ 3 10],69,192,215,123,192
1,<environment.Job instance at 0x7fb2ebc8c9b0>,71,3,[5 9],72,215,218,143,194
1,<environment.Job instance at 0x7fb2ebc8caf0>,73,18,[ 5 11],74,218,236,144,207
1,<environment.Job instance at 0x7fb2ebc8c870>,67,16,[10  4],68,209,225,141,208
1,<environment.Job instance at 0x7fb2ebc6f5a0>,83,1,[13  4],84,236,237,152,219
1,<environment.Job instance at 0x7fb32fa03e10>,5,27,[5 8],6,6,33,0,6
1,<environment.Job instance at 0x7fb32fa03af0>,8,2,[10  1],9,12,14,3,12
1,<environment.Job instance at 0x7fb32fa03fa0>,7,25,[6 4],8,14,39,6,12
1,<environment.Job instance at 0x7fb32fa03a00>,11,2,[7 1],12,33,35,21,12
1,<environment.Job instance at 0x7fb32fa03050>,12,1,[4 6],13,35,36,22,14
1,<environment.Job instance at 0x7fb336ad7f50>,14,1,[1 6],15,33,34,18,16
1,<environment.Job instance at 0x7fb32fa03140>,17,1,[5 9],18,36,37,18,24
1,<environment.Job instance at 0x7fb333e5bc80>,18,16,[8 2],19,37,53,18,36
1,<environment.Job instance at 0x7fb333e5bdc0>,19,1,[ 3 10],20,39,40,19,36
1,<environment.Job instance at 0x7fb333e5ba50>,21,21,[4 7],22,40,61,18,38
1,<environment.Job instance at 0x7fb333e5b870>,22,2,[6 2],23,53,55,30,38
1,<environment.Job instance at 0x7fb333e5bb90>,23,2,[ 5 10],24,61,63,37,39
1,<environment.Job instance at 0x7fb333e5b0f0>,26,2,[7 1],27,55,57,28,40
1,<environment.Job instance at 0x7fb333e5b190>,27,13,[ 2 10],28,63,76,35,51
1,<environment.Job instance at 0x7fb333e5b5a0>,28,2,[ 5 10],29,76,78,47,51
1,<environment.Job instance at 0x7fb333e5b140>,31,26,[5 4],32,57,83,25,56
1,<environment.Job instance at 0x7fb333e5bd70>,32,1,[10  4],33,78,79,45,56
1,<environment.Job instance at 0x7fb334026fa0>,33,1,[6 5],34,79,80,45,56
1,<environment.Job instance at 0x7fb334026b40>,34,15,[6 1],35,80,95,45,69
1,<environment.Job instance at 0x7fb334026d20>,37,18,[1 7],38,80,98,42,73
1,<environment.Job instance at 0x7fb3340260f0>,38,26,[ 3 10],39,98,124,59,95
1,<environment.Job instance at 0x7fb2ebc4bfa0>,40,22,[ 3 10],41,124,146,83,117
1,<environment.Job instance at 0x7fb2ebc4b960>,41,2,[8 3],42,117,119,75,117
1,<environment.Job instance at 0x7fb2ebc4bf50>,44,3,[5 2],45,119,122,74,117
1,<environment.Job instance at 0x7fb32fa6af00>,45,3,[ 1 10],46,146,149,100,120
1,<environment.Job instance at 0x7fb32fa6ae10>,48,1,[2 8],49,149,150,100,122
1,<environment.Job instance at 0x7fb32fa6af50>,50,2,[ 3 10],51,150,152,99,123
1,<environment.Job instance at 0x7fb32fa6a690>,52,18,[2 9],53,152,170,99,141
1,<environment.Job instance at 0x7fb32fa6a960>,54,3,[6 5],55,141,144,86,141
1,<environment.Job instance at 0x7fb32fa6a5f0>,56,3,[4 6],57,152,155,95,141
1,<environment.Job instance at 0x7fb32fa6aa00>,57,3,[ 5 11],58,170,173,112,144
1,<environment.Job instance at 0x7fb32fa6a410>,58,1,[1 5],59,144,145,85,144
1,<environment.Job instance at 0x7fb32fa6a3c0>,60,2,[3 7],61,173,175,112,146
1,<environment.Job instance at 0x7fb2ebea51e0>,61,18,[ 3 14],62,175,193,113,164
1,<environment.Job instance at 0x7fb2ebea5690>,62,2,[8 4],63,164,166,101,164
1,<environment.Job instance at 0x7fb2ebea58c0>,67,3,[5 5],68,193,196,125,178
1,<environment.Job instance at 0x7fb2ebea53c0>,68,13,[14  3],69,196,209,127,180
1,<environment.Job instance at 0x7fb2ebea55f0>,74,18,[ 3 10],75,209,227,134,198
1,<environment.Job instance at 0x7fb336ad7f00>,15,12,[9 4],16,209,221,193,199
1,<environment.Job instance at 0x7fb32f9984b0>,79,20,[5 5],80,221,241,141,212
1,<environment.Job instance at 0x7fb32f998e60>,82,3,[3 5],83,227,230,144,220
1,<environment.Job instance at 0x7fb32f998d70>,83,2,[3 8],84,230,232,146,220
1,<environment.Job instance at 0x7fb32fa6a9b0>,1,3,[5 8],2,2,5,0,2
1,<environment.Job instance at 0x7fb2ec161eb0>,7,3,[ 5 11],8,8,11,0,8
1,<environment.Job instance at 0x7fb2ec161820>,12,18,[3 6],13,21,39,8,21
1,<environment.Job instance at 0x7fb2ec1613c0>,16,2,[9 3],17,37,39,20,37
1,<environment.Job instance at 0x7fb2ec161960>,17,1,[5 9],18,39,40,21,37
1,<environment.Job instance at 0x7fb2ec161230>,18,18,[2 8],19,40,58,21,37
1,<environment.Job instance at 0x7fb2ec161320>,19,3,[7 2],20,39,42,19,37
1,<environment.Job instance at 0x7fb2ebfc1be0>,27,3,[10  4],28,67,70,39,67
1,<environment.Job instance at 0x7fb2ebfc1d20>,28,1,[3 9],29,67,68,38,67
1,<environment.Job instance at 0x7fb2ebfc1a50>,29,14,[ 5 10],30,72,86,42,72
1,<environment.Job instance at 0x7fb2ebfc1dc0>,31,2,[ 3 10],32,86,88,54,82
1,<environment.Job instance at 0x7fb2ebfc1550>,32,1,[1 8],33,88,89,55,82
1,<environment.Job instance at 0x7fb2ebfc1730>,33,2,[7 5],34,82,84,48,82
1,<environment.Job instance at 0x7fb2ebfc1780>,34,1,[6 5],35,84,85,49,82
1,<environment.Job instance at 0x7fb2eb9c1c30>,35,28,[5 5],36,85,113,49,84
1,<environment.Job instance at 0x7fb2eb9c1f00>,39,18,[1 5],40,100,118,60,100
1,<environment.Job instance at 0x7fb2eb9c1dc0>,40,12,[ 4 14],41,118,130,77,101
1,<environment.Job instance at 0x7fb2eb9c1a50>,41,21,[4 8],42,130,151,88,122
1,<environment.Job instance at 0x7fb2eb9c1460>,44,2,[4 5],45,130,132,85,125
1,<environment.Job instance at 0x7fb2eb9c1b90>,45,2,[5 5],46,132,134,86,125
1,<environment.Job instance at 0x7fb2eb9c1910>,48,1,[ 1 11],49,151,152,102,130
1,<environment.Job instance at 0x7fb2eb9378c0>,50,21,[6 2],51,130,151,79,130
1,<environment.Job instance at 0x7fb2eb937190>,54,1,[1 9],55,152,153,97,141
1,<environment.Job instance at 0x7fb2eb937c80>,55,2,[ 3 10],56,153,155,97,141
1,<environment.Job instance at 0x7fb2eb937140>,56,1,[10  1],57,151,152,94,141
1,<environment.Job instance at 0x7fb32f6ee730>,6,16,[10  4],7,152,168,145,143
1,<environment.Job instance at 0x7fb2eb937780>,58,22,[4 8],59,155,177,96,150
1,<environment.Job instance at 0x7fb2eb9c1780>,37,3,[9 3],38,168,171,130,152
1,<environment.Job instance at 0x7fb2eb937e10>,61,15,[ 5 14],62,177,192,115,163
1,<environment.Job instance at 0x7fb2eb940c30>,62,3,[2 8],63,192,195,129,166
1,<environment.Job instance at 0x7fb2eb9407d0>,63,14,[ 3 11],64,195,209,131,180
1,<environment.Job instance at 0x7fb2eb940aa0>,66,2,[5 9],67,209,211,142,182
1,<environment.Job instance at 0x7fb2eb993320>,70,1,[10  2],71,192,193,121,182
1,<environment.Job instance at 0x7fb2eb993820>,75,15,[10  3],76,198,213,122,198
1,<environment.Job instance at 0x7fb2eb993870>,77,17,[ 4 14],78,213,230,135,203
1,<environment.Job instance at 0x7fb32face230>,78,18,[2 9],79,230,248,151,220
1,<environment.Job instance at 0x7fb333d0dfa0>,2,2,[ 1 12],3,3,5,0,3
1,<environment.Job instance at 0x7fb32f5f41e0>,9,25,[1 7],10,10,35,0,10
1,<environment.Job instance at 0x7fb3340e86e0>,12,17,[7 4],13,13,30,0,13
1,<environment.Job instance at 0x7fb334160870>,18,14,[ 5 11],19,35,49,16,25
1,<environment.Job instance at 0x7fb334160140>,21,3,[7 5],22,32,35,10,32
1,<environment.Job instance at 0x7fb334160c30>,22,18,[ 1 10],23,49,67,26,38
1,<environment.Job instance at 0x7fb33418df00>,27,3,[6 4],28,43,46,15,43
1,<environment.Job instance at 0x7fb33418d6e0>,29,2,[2 5],30,53,55,23,53
1,<environment.Job instance at 0x7fb33418d140>,30,14,[10  1],31,55,69,24,53
1,<environment.Job instance at 0x7fb33418d190>,31,3,[8 5],32,69,72,37,53
1,<environment.Job instance at 0x7fb33418da00>,32,18,[10  1],33,72,90,39,61
1,<environment.Job instance at 0x7fb2eb9ec2d0>,35,1,[10  2],36,90,91,54,68
1,<environment.Job instance at 0x7fb2ec014f50>,39,1,[5 4],40,78,79,38,78
1,<environment.Job instance at 0x7fb333f62a00>,40,3,[5 5],41,79,82,38,78
1,<environment.Job instance at 0x7fb2ebff4f50>,44,2,[10  4],45,96,98,51,96
1,<environment.Job instance at 0x7fb334165b40>,45,2,[6 1],46,98,100,52,96
1,<environment.Job instance at 0x7fb32f8af4b0>,46,16,[1 9],47,96,112,49,96
1,<environment.Job instance at 0x7fb2ebe29aa0>,47,3,[2 5],48,98,101,50,96
1,<environment.Job instance at 0x7fb32f8c94b0>,48,1,[4 7],49,112,113,63,96
1,<environment.Job instance at 0x7fb32f8c9460>,49,3,[6 5],50,101,104,51,96
1,<environment.Job instance at 0x7fb33415b3c0>,51,18,[4 6],52,104,122,52,102
1,<environment.Job instance at 0x7fb2ebff2e60>,52,1,[ 4 10],53,122,123,69,102
1,<environment.Job instance at 0x7fb333f51c80>,55,13,[10  4],56,121,134,65,121
1,<environment.Job instance at 0x7fb32f7e5fa0>,56,19,[5 4],57,123,142,66,121
1,<environment.Job instance at 0x7fb2ebe053c0>,57,17,[1 8],58,134,151,76,124
1,<environment.Job instance at 0x7fb333f2c550>,60,3,[10  1],61,142,145,81,124
1,<environment.Job instance at 0x7fb333f2c3c0>,63,18,[10  1],64,145,163,81,134
1,<environment.Job instance at 0x7fb32f8fed70>,67,3,[9 2],68,163,166,95,148
1,<environment.Job instance at 0x7fb32f8fe140>,69,16,[ 1 13],70,151,167,81,148
1,<environment.Job instance at 0x7fb333f29730>,70,2,[5 6],71,167,169,96,148
1,<environment.Job instance at 0x7fb333f294b0>,72,15,[ 2 12],73,169,184,96,155
1,<environment.Job instance at 0x7fb333ede780>,76,17,[11  2],77,169,186,92,167
1,<environment.Job instance at 0x7fb32fbc7640>,79,23,[9 3],80,186,209,106,180
1,<environment.Job instance at 0x7fb32fbc7e10>,83,3,[1 5],84,189,192,105,189
1,<environment.Job instance at 0x7fb32fbc7730>,84,1,[5 2],85,189,190,104,189
1,<environment.Job instance at 0x7fb333f300f0>,86,3,[3 9],87,202,205,115,202
1,<environment.Job instance at 0x7fb333f30e10>,88,12,[ 1 13],89,209,221,120,204
1,<environment.Job instance at 0x7fb2eb8a0640>,7,12,[7 5],8,221,233,213,204
1,<environment.Job instance at 0x7fb333f30370>,1,3,[5 8],2,2,5,0,2
1,<environment.Job instance at 0x7fb33428ffa0>,2,2,[10  5],3,3,5,0,3
1,<environment.Job instance at 0x7fb33428fb40>,3,12,[ 1 14],4,5,17,1,4
1,<environment.Job instance at 0x7fb2ebe28b90>,8,25,[3 6],9,32,57,23,32
1,<environment.Job instance at 0x7fb2ebf66960>,21,13,[ 4 11],22,57,70,35,42
1,<environment.Job instance at 0x7fb2eb99a690>,22,20,[3 6],23,70,90,47,61
1,<environment.Job instance at 0x7fb2ebe6f050>,24,2,[10  3],25,61,63,36,61
1,<environment.Job instance at 0x7fb2ec0304b0>,25,2,[2 9],26,70,72,44,61
1,<environment.Job instance at 0x7fb2ec030cd0>,26,21,[10  4],27,72,93,45,64
1,<environment.Job instance at 0x7fb333e7d910>,29,15,[14  4],30,93,108,63,79
1,<environment.Job instance at 0x7fb2ebc735a0>,32,3,[10  1],33,108,111,75,94
1,<environment.Job instance at 0x7fb2ebc73b40>,34,2,[9 5],35,111,113,76,94
1,<environment.Job instance at 0x7fb2ebc6f5f0>,35,2,[3 9],36,108,110,72,94
1,<environment.Job instance at 0x7fb2ebfe51e0>,36,1,[6 4],37,111,112,74,94
1,<environment.Job instance at 0x7fb2ebc6f9b0>,37,24,[9 5],38,113,137,75,108
1,<environment.Job instance at 0x7fb33424d910>,18,15,[5 5],19,112,127,93,111
1,<environment.Job instance at 0x7fb2ebad7500>,9,13,[3 8],10,127,140,117,115
1,<environment.Job instance at 0x7fb334056550>,46,1,[12  5],47,137,138,90,117
1,<environment.Job instance at 0x7fb334056e10>,48,2,[8 4],49,138,140,89,126
1,<environment.Job instance at 0x7fb334056230>,49,16,[13  2],50,140,156,90,127
1,<environment.Job instance at 0x7fb334056140>,50,2,[6 2],51,156,158,105,129
1,<environment.Job instance at 0x7fb334056f50>,53,1,[5 5],54,156,157,102,141
1,<environment.Job instance at 0x7fb334056aa0>,54,1,[6 2],55,157,158,102,141
1,<environment.Job instance at 0x7fb3340569b0>,55,2,[10  4],56,158,160,102,141
1,<environment.Job instance at 0x7fb3340566e0>,56,1,[5 5],57,158,159,101,141
1,<environment.Job instance at 0x7fb3340560a0>,58,3,[9 2],59,160,163,101,144
1,<environment.Job instance at 0x7fb333f255a0>,42,3,[10  5],43,163,166,120,144
1,<environment.Job instance at 0x7fb334056640>,59,2,[10  4],60,166,168,106,144
1,<environment.Job instance at 0x7fb333f8de10>,61,20,[5 5],62,159,179,97,152
1,<environment.Job instance at 0x7fb2ec000410>,63,22,[2 8],64,168,190,104,161
1,<environment.Job instance at 0x7fb2ec000c80>,65,3,[ 1 10],66,190,193,124,164
1,<environment.Job instance at 0x7fb2ec0001e0>,66,2,[6 4],67,179,181,112,164
1,<environment.Job instance at 0x7fb32fb97e10>,71,3,[3 5],72,182,185,110,182
1,<environment.Job instance at 0x7fb32fb97d20>,72,20,[ 1 10],73,193,213,120,184
1,<environment.Job instance at 0x7fb2ec0004b0>,69,1,[5 4],70,186,187,116,186
1,<environment.Job instance at 0x7fb333f256e0>,43,14,[5 2],44,190,204,146,190
1,<environment.Job instance at 0x7fb2ebc5ea50>,78,17,[ 3 13],79,213,230,134,201
1,<environment.Job instance at 0x7fb2ebc5e4b0>,79,2,[ 5 10],80,230,232,150,203
1,<environment.Job instance at 0x7fb2ebc5e550>,80,12,[9 1],81,203,215,122,203
1,<environment.Job instance at 0x7fb2ebc5eb90>,81,1,[10  4],82,230,231,148,203
1,<environment.Job instance at 0x7fb334459190>,1,2,[6 1],2,2,4,0,2
1,<environment.Job instance at 0x7fb333d20e60>,2,26,[8 2],3,3,29,0,3
1,<environment.Job instance at 0x7fb2ebc5e500>,3,2,[5 6],4,4,6,0,4
1,<environment.Job instance at 0x7fb2eb7dc690>,4,3,[5 8],5,6,9,1,5
1,<environment.Job instance at 0x7fb33428feb0>,6,27,[5 8],7,9,36,2,8
1,<environment.Job instance at 0x7fb32f5f7960>,16,3,[1 9],17,36,39,19,18
1,<environment.Job instance at 0x7fb32f5f7690>,17,2,[5 2],18,29,31,11,18
1,<environment.Job instance at 0x7fb32f5f70a0>,20,3,[ 3 12],21,39,42,18,21
1,<environment.Job instance at 0x7fb32f5f7b40>,21,2,[5 4],22,29,31,7,22
1,<environment.Job instance at 0x7fb32f5f7f00>,13,1,[1 8],14,53,54,39,53
1,<environment.Job instance at 0x7fb32fabedc0>,28,2,[6 1],29,61,63,32,61
1,<environment.Job instance at 0x7fb32fabefa0>,30,2,[5 9],31,63,65,32,63
1,<environment.Job instance at 0x7fb32fabe460>,31,3,[6 5],32,63,66,31,63
1,<environment.Job instance at 0x7fb32fabeb40>,32,13,[4 9],33,65,78,32,63
1,<environment.Job instance at 0x7fb32fabea50>,34,3,[5 5],35,76,79,41,76
1,<environment.Job instance at 0x7fb32fabe870>,37,24,[9 3],38,87,111,49,87
1,<environment.Job instance at 0x7fb32fabe640>,38,3,[ 5 10],39,87,90,48,87
1,<environment.Job instance at 0x7fb32fabef50>,41,3,[2 5],42,105,108,63,105
1,<environment.Job instance at 0x7fb32fabe7d0>,44,1,[12  4],45,111,112,66,110
1,<environment.Job instance at 0x7fb32fabe780>,45,12,[5 5],46,112,124,66,110
1,<environment.Job instance at 0x7fb32fabe280>,46,25,[10  1],47,112,137,65,110
1,<environment.Job instance at 0x7fb2ebfc2d20>,47,3,[10  2],48,137,140,89,111
1,<environment.Job instance at 0x7fb2ebfc2b40>,49,3,[2 8],50,124,127,74,120
1,<environment.Job instance at 0x7fb2ebfc2e10>,50,24,[ 4 13],51,127,151,76,122
1,<environment.Job instance at 0x7fb2ebfc2370>,51,14,[12  1],52,151,165,99,136
1,<environment.Job instance at 0x7fb2ebfc27d0>,55,20,[5 6],56,165,185,109,156
1,<environment.Job instance at 0x7fb32f5f7140>,23,26,[7 3],24,167,193,143,167
1,<environment.Job instance at 0x7fb2ebad7780>,64,16,[ 2 11],65,185,201,120,177
1,<environment.Job instance at 0x7fb2ebad7f50>,66,19,[5 9],67,201,220,134,191
1,<environment.Job instance at 0x7fb2f67b4820>,68,2,[4 7],69,220,222,151,194
1,<environment.Job instance at 0x7fb2ebad7820>,69,1,[7 5],70,201,202,131,194
1,<environment.Job instance at 0x7fb333f09aa0>,71,1,[4 5],72,202,203,130,197
1,<environment.Job instance at 0x7fb333f09870>,72,2,[1 8],73,220,222,147,197
1,<environment.Job instance at 0x7fb333f09230>,75,2,[5 9],76,222,224,146,208
1,<environment.Job instance at 0x7fb333f090f0>,77,17,[3 8],78,224,241,146,224
1,<environment.Job instance at 0x7fb2ebded780>,2,25,[2 8],3,3,28,0,3
1,<environment.Job instance at 0x7fb2ebad7d20>,4,19,[3 6],5,5,24,0,5
1,<environment.Job instance at 0x7fb3344941e0>,6,26,[ 1 12],7,28,54,21,25
1,<environment.Job instance at 0x7fb32f744410>,13,2,[11  4],14,26,28,12,26
1,<environment.Job instance at 0x7fb32f55c410>,18,2,[9 3],19,33,35,14,33
1,<environment.Job instance at 0x7fb32f63c410>,19,2,[5 5],20,54,56,34,33
1,<environment.Job instance at 0x7fb32f55c0f0>,20,3,[3 5],21,54,57,33,33
1,<environment.Job instance at 0x7fb2ebcd0820>,21,3,[ 5 10],22,56,59,34,33
1,<environment.Job instance at 0x7fb2ec137d70>,22,1,[1 6],23,59,60,36,33
1,<environment.Job instance at 0x7fb2ec137960>,23,1,[8 5],24,57,58,33,33
1,<environment.Job instance at 0x7fb2eb954aa0>,25,21,[ 2 10],26,60,81,34,52
1,<environment.Job instance at 0x7fb32fa15c80>,8,12,[9 5],9,58,70,49,53
1,<environment.Job instance at 0x7fb3341dcbe0>,31,2,[4 6],32,81,83,49,55
1,<environment.Job instance at 0x7fb3341dcb40>,32,3,[10  2],33,70,73,37,55
1,<environment.Job instance at 0x7fb3341f5d70>,35,1,[4 9],36,81,82,45,56
1,<environment.Job instance at 0x7fb3341f5550>,36,3,[1 9],37,82,85,45,56
1,<environment.Job instance at 0x7fb3341f5e10>,40,24,[2 5],41,83,107,42,78
1,<environment.Job instance at 0x7fb3341ecf00>,41,3,[6 4],42,78,81,36,78
1,<environment.Job instance at 0x7fb33420cdc0>,43,3,[7 2],44,85,88,41,80
1,<environment.Job instance at 0x7fb33420c190>,44,3,[5 6],45,85,88,40,80
1,<environment.Job instance at 0x7fb33420cd20>,45,20,[5 4],46,88,108,42,80
1,<environment.Job instance at 0x7fb2ebd271e0>,46,24,[ 1 10],47,107,131,60,102
1,<environment.Job instance at 0x7fb2ebd270f0>,47,3,[13  1],48,108,111,60,103
1,<environment.Job instance at 0x7fb3342e1050>,55,2,[8 5],56,112,114,56,112
1,<environment.Job instance at 0x7fb32f5ad410>,57,22,[10  3],58,125,147,67,125
1,<environment.Job instance at 0x7fb2eb987a50>,58,21,[1 6],59,131,152,72,125
1,<environment.Job instance at 0x7fb336d1d190>,7,13,[3 5],8,131,144,123,125
1,<environment.Job instance at 0x7fb32f5ac500>,62,3,[8 5],63,147,150,84,133
1,<environment.Job instance at 0x7fb32fbe8b90>,63,18,[ 5 12],64,152,170,88,141
1,<environment.Job instance at 0x7fb32f59fdc0>,67,1,[10  1],68,154,155,86,154
1,<environment.Job instance at 0x7fb32f5ec280>,68,1,[ 4 10],69,170,171,101,154
1,<environment.Job instance at 0x7fb32f5ecdc0>,69,16,[14  3],70,171,187,101,158
1,<environment.Job instance at 0x7fb3342d50a0>,72,3,[1 6],73,175,178,102,175
1,<environment.Job instance at 0x7fb3342d5320>,73,3,[ 5 10],74,187,190,113,175
1,<environment.Job instance at 0x7fb32f5b7a00>,77,2,[5 1],78,187,189,109,182
1,<environment.Job instance at 0x7fb32f5b75a0>,78,1,[9 2],79,189,190,110,182
1,<environment.Job instance at 0x7fb32f5b7910>,79,3,[14  2],80,190,193,110,182
1,<environment.Job instance at 0x7fb32f5b7d70>,80,1,[9 3],81,193,194,112,182
1,<environment.Job instance at 0x7fb32f9067d0>,60,17,[2 8],61,193,210,132,192
1,<environment.Job instance at 0x7fb32f594320>,84,3,[3 7],85,195,198,110,195
1,<environment.Job instance at 0x7fb3341fc9b0>,53,25,[4 6],54,207,232,153,207
1,<environment.Job instance at 0x7fb32f995be0>,17,2,[11  1],18,210,212,192,208
1,<environment.Job instance at 0x7fb32f594f50>,86,18,[5 9],87,212,230,125,209
1,<environment.Job instance at 0x7fb333dedb90>,8,20,[6 2],9,13,33,4,13
1,<environment.Job instance at 0x7fb333ded320>,10,17,[11  3],11,33,50,22,26
1,<environment.Job instance at 0x7fb333deda00>,13,1,[7 3],14,26,27,12,26
1,<environment.Job instance at 0x7fb32f8fa640>,14,2,[9 2],15,27,29,12,26
1,<environment.Job instance at 0x7fb32f8fa4b0>,15,1,[ 5 14],16,50,51,34,26
1,<environment.Job instance at 0x7fb32f824dc0>,22,12,[10  2],23,51,63,28,40
1,<environment.Job instance at 0x7fb333f8d0f0>,25,1,[2 7],26,51,52,25,50
1,<environment.Job instance at 0x7fb32f995f50>,26,2,[8 2],27,63,65,36,50
1,<environment.Job instance at 0x7fb33429ec30>,27,23,[2 9],28,52,75,24,50
1,<environment.Job instance at 0x7fb333ded370>,12,15,[6 5],13,65,80,52,52
1,<environment.Job instance at 0x7fb2ebc9ffa0>,28,2,[ 1 11],29,80,82,51,59
1,<environment.Job instance at 0x7fb333eea370>,35,2,[6 3],36,75,77,39,74
1,<environment.Job instance at 0x7fb2ec09b460>,36,15,[10  3],37,80,95,43,74
1,<environment.Job instance at 0x7fb32f7f8190>,38,2,[1 8],39,77,79,38,74
1,<environment.Job instance at 0x7fb2ec09b5a0>,39,18,[4 9],40,82,100,42,79
1,<environment.Job instance at 0x7fb32f7f8af0>,41,1,[5 6],42,79,80,37,79
1,<environment.Job instance at 0x7fb32f7f80f0>,43,16,[6 1],44,95,111,51,91
1,<environment.Job instance at 0x7fb32f7f8eb0>,45,3,[3 7],46,100,103,54,92
1,<environment.Job instance at 0x7fb33420b8c0>,46,1,[6 3],47,100,101,53,92
1,<environment.Job instance at 0x7fb33420bdc0>,47,3,[8 2],48,103,106,55,92
1,<environment.Job instance at 0x7fb33420b230>,48,3,[9 1],49,106,109,57,92
1,<environment.Job instance at 0x7fb33420b3c0>,49,12,[10  1],50,111,123,61,95
1,<environment.Job instance at 0x7fb33420baf0>,52,1,[3 6],53,109,110,56,108
1,<environment.Job instance at 0x7fb33420b780>,54,18,[2 9],55,110,128,55,109
1,<environment.Job instance at 0x7fb2ebc9f0a0>,30,15,[4 6],31,123,138,92,109
1,<environment.Job instance at 0x7fb33428f0f0>,59,15,[1 8],60,128,143,68,126
1,<environment.Job instance at 0x7fb33428f7d0>,60,12,[1 7],61,138,150,77,126
1,<environment.Job instance at 0x7fb3340464b0>,64,17,[7 2],65,143,160,78,137
1,<environment.Job instance at 0x7fb333ede910>,67,17,[10  1],68,160,177,92,149
1,<environment.Job instance at 0x7fb333deda50>,7,20,[5 5],8,158,178,150,158
1,<environment.Job instance at 0x7fb32f7e4b90>,70,1,[9 4],71,177,178,106,167
1,<environment.Job instance at 0x7fb32f7e4050>,71,26,[14  5],72,178,204,106,175
1,<environment.Job instance at 0x7fb2ebe4c640>,75,3,[10  2],76,204,207,128,192
1,<environment.Job instance at 0x7fb2ebe4ccd0>,76,3,[5 3],77,204,207,127,193
1,<environment.Job instance at 0x7fb2eba1d4b0>,78,3,[9 1],79,207,210,128,195
1,<environment.Job instance at 0x7fb2eba1ddc0>,79,1,[2 5],80,207,208,127,195
1,<environment.Job instance at 0x7fb2eba1d370>,80,17,[ 5 11],81,208,225,127,204
1,<environment.Job instance at 0x7fb33420b370>,51,23,[10  2],52,210,233,158,205
1,<environment.Job instance at 0x7fb333f05c30>,83,1,[2 6],84,207,208,123,205
1,<environment.Job instance at 0x7fb334049190>,1,28,[9 4],2,2,30,0,2
1,<environment.Job instance at 0x7fb3340494b0>,4,2,[ 3 10],5,9,11,4,9
1,<environment.Job instance at 0x7fb3340492d0>,2,25,[12  5],3,30,55,27,26
1,<environment.Job instance at 0x7fb336bdc230>,26,13,[ 1 10],27,50,63,23,50
1,<environment.Job instance at 0x7fb336bdcb40>,30,1,[10  2],31,66,67,35,66
1,<environment.Job instance at 0x7fb336bdcf00>,32,24,[3 5],33,67,91,34,67
1,<environment.Job instance at 0x7fb2ebc4d0a0>,35,27,[1 5],36,82,109,46,82
1,<environment.Job instance at 0x7fb2ebc4d550>,38,1,[6 1],39,91,92,52,91
1,<environment.Job instance at 0x7fb333ce5960>,40,2,[1 8],41,97,99,56,97
1,<environment.Job instance at 0x7fb333ce5dc0>,41,1,[1 5],42,99,100,57,97
1,<environment.Job instance at 0x7fb333ce5c30>,42,3,[ 4 10],43,100,103,57,97
1,<environment.Job instance at 0x7fb333ce5e60>,43,14,[11  5],44,103,117,59,97
1,<environment.Job instance at 0x7fb333ce5230>,45,14,[4 9],46,110,124,64,110
1,<environment.Job instance at 0x7fb333ce58c0>,46,3,[4 5],47,117,120,70,110
1,<environment.Job instance at 0x7fb333ce5550>,47,3,[3 6],48,120,123,72,110
1,<environment.Job instance at 0x7fb333ce54b0>,48,2,[ 4 10],49,124,126,75,110
1,<environment.Job instance at 0x7fb333ce5780>,50,2,[1 6],51,126,128,75,111
1,<environment.Job instance at 0x7fb33445a370>,9,17,[10  5],10,123,140,113,117
1,<environment.Job instance at 0x7fb2eb8f2190>,54,14,[ 1 10],55,128,142,73,118
1,<environment.Job instance at 0x7fb333ce50f0>,51,19,[5 8],52,142,161,90,132
1,<environment.Job instance at 0x7fb2eb8f2500>,58,16,[6 3],59,140,156,81,138
1,<environment.Job instance at 0x7fb2eb8f2690>,53,1,[5 9],54,161,162,107,138
1,<environment.Job instance at 0x7fb2eb8f2410>,65,3,[6 5],66,156,159,90,153
1,<environment.Job instance at 0x7fb2eb8f2960>,67,1,[4 9],68,162,163,94,161
1,<environment.Job instance at 0x7fb2eb8f2dc0>,68,17,[ 1 10],69,163,180,94,162
1,<environment.Job instance at 0x7fb2eb8f2280>,69,3,[4 5],70,162,165,92,162
1,<environment.Job instance at 0x7fb2eb8f2b40>,71,2,[2 6],72,180,182,108,168
1,<environment.Job instance at 0x7fb2ebd9cf50>,73,2,[5 8],74,180,182,106,173
1,<environment.Job instance at 0x7fb2ebd9cdc0>,74,16,[ 2 11],75,182,198,107,173
1,<environment.Job instance at 0x7fb2ebd9c7d0>,76,2,[11  2],77,173,175,96,173
1,<environment.Job instance at 0x7fb2ebd9cfa0>,79,2,[6 2],80,183,185,103,183
1,<environment.Job instance at 0x7fb2ebd9c280>,82,3,[4 8],83,201,204,118,201
1,<environment.Job instance at 0x7fb2ebd9c870>,83,2,[9 2],84,201,203,117,201
1,<environment.Job instance at 0x7fb2ebd9c0a0>,85,1,[6 1],86,203,204,117,202
1,<environment.Job instance at 0x7fb2ebd9cd70>,86,15,[13  1],87,204,219,117,202
1,<environment.Job instance at 0x7fb2ebd9c1e0>,87,2,[5 3],88,219,221,131,202
1,<environment.Job instance at 0x7fb3342c47d0>,3,18,[6 3],4,219,237,215,214
1,<environment.Job instance at 0x7fb3342c42d0>,1,14,[ 4 14],2,2,16,0,2
1,<environment.Job instance at 0x7fb3342c4cd0>,2,3,[10  4],3,16,19,13,3
1,<environment.Job instance at 0x7fb33448d730>,7,2,[9 2],8,19,21,11,8
1,<environment.Job instance at 0x7fb333e592d0>,14,20,[ 1 10],15,16,36,1,15
1,<environment.Job instance at 0x7fb2ebda8e10>,18,2,[7 4],19,26,28,7,26
1,<environment.Job instance at 0x7fb333f87b90>,10,3,[13  2],11,38,41,27,38
1,<environment.Job instance at 0x7fb334359460>,6,2,[7 1],7,43,45,36,43
1,<environment.Job instance at 0x7fb2eb987410>,21,18,[12  2],22,45,63,23,44
1,<environment.Job instance at 0x7fb32faf7820>,29,1,[8 4],30,63,64,33,60
1,<environment.Job instance at 0x7fb32faf7050>,31,24,[10  2],32,64,88,32,60
1,<environment.Job instance at 0x7fb2ebda3640>,32,2,[ 1 10],33,60,62,27,60
1,<environment.Job instance at 0x7fb2ebda3140>,33,3,[3 8],34,62,65,28,60
1,<environment.Job instance at 0x7fb32f813190>,37,21,[1 8],38,89,110,51,89
1,<environment.Job instance at 0x7fb32f813960>,41,2,[8 5],42,103,105,61,103
1,<environment.Job instance at 0x7fb32f813140>,42,2,[10  3],43,105,107,62,103
1,<environment.Job instance at 0x7fb32faaf550>,43,25,[6 2],44,107,132,63,103
1,<environment.Job instance at 0x7fb32faf5320>,23,13,[ 1 11],24,118,131,94,118
1,<environment.Job instance at 0x7fb2ebc9d2d0>,46,20,[ 5 11],47,131,151,84,122
1,<environment.Job instance at 0x7fb2ebc9d370>,49,13,[10  1],50,133,146,83,133
1,<environment.Job instance at 0x7fb2ebc9d0a0>,51,1,[6 1],52,146,147,94,133
1,<environment.Job instance at 0x7fb2ebc9daa0>,52,1,[1 8],53,151,152,98,133
1,<environment.Job instance at 0x7fb2ebc91b40>,60,3,[5 4],61,167,170,106,167
1,<environment.Job instance at 0x7fb2ebca0a00>,9,15,[ 5 13],10,170,185,160,170
1,<environment.Job instance at 0x7fb2ebc91b90>,62,2,[5 1],63,170,172,107,170
1,<environment.Job instance at 0x7fb2ebc91af0>,61,18,[14  2],62,185,203,123,174
1,<environment.Job instance at 0x7fb333d90730>,22,2,[ 2 13],23,203,205,180,182
1,<environment.Job instance at 0x7fb32faaf190>,45,1,[7 1],46,203,204,157,190
1,<environment.Job instance at 0x7fb32f8130a0>,40,14,[10  4],41,205,219,164,190
1,<environment.Job instance at 0x7fb2ebc91690>,69,1,[ 1 10],70,192,193,122,192
1,<environment.Job instance at 0x7fb2ebc7b6e0>,70,2,[13  1],71,219,221,148,199
1,<environment.Job instance at 0x7fb2ebc91d20>,65,17,[13  3],66,221,238,155,209
1,<environment.Job instance at 0x7fb2ebc7b410>,71,17,[1 7],72,214,231,142,214
1,<environment.Job instance at 0x7fce2918eaf0>,1,3,[ 2 10],2,2,5,0,2
1,<environment.Job instance at 0x7fce21d2d2d0>,3,22,[2 5],4,4,26,0,4
1,<environment.Job instance at 0x7fce21d2d1e0>,5,2,[1 6],6,6,8,0,6
1,<environment.Job instance at 0x7fce21d2da50>,12,23,[6 4],13,13,36,0,13
1,<environment.Job instance at 0x7fce21d2ddc0>,16,18,[7 3],17,27,45,10,27
1,<environment.Job instance at 0x7fce21d2df00>,18,26,[7 4],19,36,62,17,33
1,<environment.Job instance at 0x7fce21d2deb0>,19,25,[5 9],20,45,70,25,41
1,<environment.Job instance at 0x7fce21d2dbe0>,20,3,[10  5],21,62,65,41,41
1,<environment.Job instance at 0x7fce21d2f370>,24,2,[4 6],25,65,67,40,42
1,<environment.Job instance at 0x7fce21d2f820>,28,17,[ 1 13],29,70,87,41,58
1,<environment.Job instance at 0x7fce21d2fa00>,30,26,[9 4],31,87,113,56,84
1,<environment.Job instance at 0x7fce21d2faa0>,31,1,[ 2 14],32,113,114,81,85
1,<environment.Job instance at 0x7fce21d2fb40>,32,21,[5 9],33,87,108,54,85
1,<environment.Job instance at 0x7fce21d2fc80>,33,26,[3 6],34,114,140,80,111
1,<environment.Job instance at 0x7fce21d2fe10>,38,2,[6 1],39,112,114,73,112
1,<environment.Job instance at 0x7fce21d2f910>,40,26,[ 1 10],41,140,166,99,137
1,<environment.Job instance at 0x7fce21d32140>,41,1,[7 1],42,137,138,95,137
1,<environment.Job instance at 0x7fce21d324b0>,42,2,[4 7],43,137,139,94,137
1,<environment.Job instance at 0x7fce21d32730>,46,2,[3 5],47,139,141,92,138
1,<environment.Job instance at 0x7fce21d2d820>,10,22,[8 1],11,143,165,132,143
1,<environment.Job instance at 0x7fce2918edc0>,7,14,[7 5],8,165,179,157,160
1,<environment.Job instance at 0x7fce21d32eb0>,55,12,[2 6],56,166,178,110,164
1,<environment.Job instance at 0x7fce21d32c30>,52,2,[ 2 10],53,178,180,125,164
1,<environment.Job instance at 0x7fce21d35460>,59,19,[1 7],60,180,199,120,170
1,<environment.Job instance at 0x7fce21d35500>,60,2,[2 6],61,180,182,119,170
1,<environment.Job instance at 0x7fce21d355a0>,61,1,[7 5],62,179,180,117,170
1,<environment.Job instance at 0x7fce21d35780>,64,2,[2 8],65,182,184,117,179
1,<environment.Job instance at 0x7fce21d35820>,65,1,[5 8],66,184,185,118,179
1,<environment.Job instance at 0x7fce21d358c0>,66,2,[7 2],67,180,182,113,179
1,<environment.Job instance at 0x7fce21d35b40>,70,1,[5 4],71,207,208,136,207
1,<environment.Job instance at 0x7fce21d35be0>,71,2,[5 1],72,207,209,135,207
1,<environment.Job instance at 0x7fce21d35d20>,73,2,[9 3],74,208,210,134,208
1,<environment.Job instance at 0x7fce21d35dc0>,74,2,[1 7],75,208,210,133,208
1,<environment.Job instance at 0x7fce21d35e60>,75,3,[10  4],76,210,213,134,208
1,<environment.Job instance at 0x7fce21d35f00>,76,13,[10  1],77,213,226,136,208
1,<environment.Job instance at 0x7fce21d352d0>,78,14,[6 1],79,226,240,147,216
1,<environment.Job instance at 0x7fce21d32e10>,57,16,[ 2 11],58,216,232,158,216
1,<environment.Job instance at 0x7fce21d2de60>,17,12,[5 1],18,226,238,208,219
1,<environment.Job instance at 0x7fce2913c230>,2,3,[8 5],3,3,6,0,3
1,<environment.Job instance at 0x7fce21d497d0>,3,24,[3 7],4,4,28,0,4
1,<environment.Job instance at 0x7fce21d49910>,5,17,[5 1],6,6,23,0,6
1,<environment.Job instance at 0x7fcdddfa5280>,12,1,[8 3],13,23,24,10,15
1,<environment.Job instance at 0x7fcdddfebb40>,15,1,[9 3],16,24,25,8,16
1,<environment.Job instance at 0x7fcdde18f410>,19,1,[5 3],20,26,27,6,26
1,<environment.Job instance at 0x7fce21d4a410>,7,16,[8 4],8,27,43,19,27
1,<environment.Job instance at 0x7fce21d4a1e0>,9,2,[10  2],10,43,45,33,27
1,<environment.Job instance at 0x7fcdde121960>,21,3,[9 5],22,45,48,23,27
1,<environment.Job instance at 0x7fcdde121640>,23,12,[1 9],24,28,40,4,28
1,<environment.Job instance at 0x7fcdddfcd7d0>,14,19,[6 2],15,45,64,30,40
1,<environment.Job instance at 0x7fcdde12a320>,29,3,[10  4],30,64,67,34,44
1,<environment.Job instance at 0x7fcdde12a500>,30,23,[4 7],31,48,71,17,46
1,<environment.Job instance at 0x7fcdde12a050>,31,14,[ 1 10],32,71,85,39,56
1,<environment.Job instance at 0x7fcdde12abe0>,32,3,[8 2],33,67,70,34,57
1,<environment.Job instance at 0x7fcdde12af50>,34,3,[5 6],35,58,61,23,58
1,<environment.Job instance at 0x7fcdde12a640>,35,19,[ 1 10],36,85,104,49,75
1,<environment.Job instance at 0x7fcdde128dc0>,37,2,[10  3],38,75,77,37,75
1,<environment.Job instance at 0x7fcdde1280f0>,38,20,[ 2 10],39,104,124,65,95
1,<environment.Job instance at 0x7fcdde1285f0>,40,1,[14  4],41,95,96,54,95
1,<environment.Job instance at 0x7fcdde120500>,43,1,[4 8],44,124,125,80,96
1,<environment.Job instance at 0x7fcdde120960>,45,21,[1 6],46,124,145,78,116
1,<environment.Job instance at 0x7fcdde120c30>,47,18,[ 1 14],48,145,163,97,134
1,<environment.Job instance at 0x7fcdde12c7d0>,48,23,[1 9],49,163,186,114,157
1,<environment.Job instance at 0x7fcdde12c050>,50,3,[4 8],51,186,189,135,160
1,<environment.Job instance at 0x7fcdde12ceb0>,51,3,[5 3],52,163,166,111,160
1,<environment.Job instance at 0x7fcdde12c730>,55,17,[12  1],56,166,183,110,165
1,<environment.Job instance at 0x7fcdde12c690>,56,2,[10  2],57,183,185,126,167
1,<environment.Job instance at 0x7fcdde12ccd0>,58,19,[4 7],59,186,205,127,176
1,<environment.Job instance at 0x7fcdde121320>,22,15,[ 2 14],23,205,220,182,191
1,<environment.Job instance at 0x7fcdde12d690>,61,1,[ 5 10],62,220,221,158,192
1,<environment.Job instance at 0x7fcdde12d230>,63,22,[9 1],64,199,221,135,199
1,<environment.Job instance at 0x7fcdde122c30>,64,2,[3 8],65,221,223,156,203
1,<environment.Job instance at 0x7fcdde12d960>,60,16,[14  3],61,223,239,162,210
1,<environment.Job instance at 0x7fcdde1228c0>,67,2,[ 1 12],68,223,225,155,214
1,<environment.Job instance at 0x7fcdde122dc0>,69,2,[7 2],70,221,223,151,214
1,<environment.Job instance at 0x7fce21d49b40>,1,1,[5 8],2,3,4,1,3
1,<environment.Job instance at 0x7fce21d49230>,4,21,[4 9],5,5,26,0,5
1,<environment.Job instance at 0x7fcdde055280>,7,13,[12  1],8,26,39,18,10
1,<environment.Job instance at 0x7fcdde055e10>,11,2,[4 5],12,14,16,2,14
1,<environment.Job instance at 0x7fcdddfde230>,20,26,[8 3],21,39,65,18,36
1,<environment.Job instance at 0x7fcdddf89960>,27,3,[10  5],28,65,68,37,47
1,<environment.Job instance at 0x7fcdddf88aa0>,29,2,[5 3],30,50,52,20,50
1,<environment.Job instance at 0x7fcdde0554b0>,16,25,[2 8],17,57,82,40,57
1,<environment.Job instance at 0x7fce21aae5a0>,33,2,[10  2],34,68,70,34,65
1,<environment.Job instance at 0x7fcdddf89230>,34,2,[11  3],35,70,72,35,65
1,<environment.Job instance at 0x7fce21f275a0>,36,2,[2 7],37,72,74,35,65
1,<environment.Job instance at 0x7fce2913bb90>,37,13,[ 5 10],38,82,95,44,69
1,<environment.Job instance at 0x7fce21f650a0>,38,1,[9 5],39,74,75,35,69
1,<environment.Job instance at 0x7fce292ad3c0>,42,17,[8 2],43,81,98,38,81
1,<environment.Job instance at 0x7fcdddf76320>,43,3,[2 8],44,95,98,51,81
1,<environment.Job instance at 0x7fcdddf76140>,45,17,[12  4],46,98,115,52,93
1,<environment.Job instance at 0x7fce29165cd0>,47,2,[9 3],48,115,117,67,101
1,<environment.Job instance at 0x7fce29165af0>,48,2,[3 5],49,102,104,53,102
1,<environment.Job instance at 0x7fce292b7370>,49,18,[10  4],50,117,135,67,108
1,<environment.Job instance at 0x7fce292b78c0>,52,1,[10  4],53,135,136,82,111
1,<environment.Job instance at 0x7fce292b7320>,55,3,[8 3],56,136,139,80,122
1,<environment.Job instance at 0x7fce292b7d70>,57,2,[ 3 11],58,127,129,69,127
1,<environment.Job instance at 0x7fce292b71e0>,58,15,[10  4],59,139,154,80,130
1,<environment.Job instance at 0x7fcdde361e10>,2,17,[5 9],3,130,147,127,130
1,<environment.Job instance at 0x7fcdde103320>,62,27,[8 3],63,154,181,91,152
1,<environment.Job instance at 0x7fce291666e0>,65,1,[1 6],66,158,159,92,158
1,<environment.Job instance at 0x7fce29166410>,66,27,[2 6],67,158,185,91,158
1,<environment.Job instance at 0x7fcdddff0140>,69,1,[8 5],70,181,182,111,162
1,<environment.Job instance at 0x7fcdddff0640>,70,14,[ 4 14],71,185,199,114,170
1,<environment.Job instance at 0x7fce292a9320>,72,2,[2 7],73,182,184,109,171
1,<environment.Job instance at 0x7fce292a9eb0>,73,1,[8 3],74,184,185,110,171
1,<environment.Job instance at 0x7fce21bc6e10>,77,1,[2 8],78,199,200,121,171
1,<environment.Job instance at 0x7fce21ae9e60>,78,3,[2 9],79,200,203,121,174
1,<environment.Job instance at 0x7fce21f3bd70>,81,3,[3 8],82,203,206,121,182
1,<environment.Job instance at 0x7fce21af8640>,83,1,[7 1],84,185,186,101,185
1,<environment.Job instance at 0x7fce21ae4500>,86,21,[ 4 10],87,206,227,119,198
1,<environment.Job instance at 0x7fcdde388500>,3,2,[5 9],4,4,6,0,4
1,<environment.Job instance at 0x7fce22094370>,10,3,[2 9],11,12,15,1,12
1,<environment.Job instance at 0x7fce21d3a9b0>,8,13,[9 1],9,13,26,4,13
1,<environment.Job instance at 0x7fce2200bd70>,12,26,[5 8],13,15,41,2,13
1,<environment.Job instance at 0x7fcdde5d2960>,7,28,[9 1],8,30,58,22,30
1,<environment.Job instance at 0x7fce21e01910>,23,22,[3 5],24,42,64,18,42
1,<environment.Job instance at 0x7fce287d7c30>,16,2,[ 5 13],17,64,66,47,47
1,<environment.Job instance at 0x7fce2852b1e0>,28,2,[12  3],29,58,60,29,50
1,<environment.Job instance at 0x7fcdde5f00a0>,30,22,[7 1],31,60,82,29,54
1,<environment.Job instance at 0x7fce21d97910>,32,21,[5 7],33,66,87,33,66
1,<environment.Job instance at 0x7fcdde5f0be0>,33,3,[5 7],34,82,85,48,66
1,<environment.Job instance at 0x7fce21eae730>,34,2,[ 5 10],35,87,89,52,66
1,<environment.Job instance at 0x7fce21e9de10>,37,1,[ 4 10],38,89,90,51,72
1,<environment.Job instance at 0x7fce21d8cf00>,21,1,[13  4],22,93,94,71,93
1,<environment.Job instance at 0x7fcdde66c6e0>,46,2,[2 6],47,115,117,68,115
1,<environment.Job instance at 0x7fce22149b40>,47,1,[5 1],48,117,118,69,117
1,<environment.Job instance at 0x7fce22149af0>,48,1,[10  1],49,117,118,68,117
1,<environment.Job instance at 0x7fce221495f0>,49,2,[4 7],50,119,121,69,119
1,<environment.Job instance at 0x7fce22149910>,50,26,[3 7],51,119,145,68,119
1,<environment.Job instance at 0x7fce221499b0>,51,18,[11  5],52,121,139,69,119
1,<environment.Job instance at 0x7fce22149960>,55,18,[4 9],56,145,163,89,139
1,<environment.Job instance at 0x7fce22149e10>,56,1,[10  1],57,139,140,82,139
1,<environment.Job instance at 0x7fce221decd0>,59,1,[12  2],60,163,164,103,152
1,<environment.Job instance at 0x7fce221dec30>,60,13,[10  1],61,164,177,103,153
1,<environment.Job instance at 0x7fce221de7d0>,62,24,[1 9],63,163,187,100,158
1,<environment.Job instance at 0x7fce21db20a0>,66,12,[10  1],67,177,189,110,161
1,<environment.Job instance at 0x7fce2217ad70>,71,27,[7 1],72,189,216,117,187
1,<environment.Job instance at 0x7fce2217a3c0>,72,26,[ 3 10],73,187,213,114,187
1,<environment.Job instance at 0x7fce2217aa00>,73,2,[ 3 13],74,213,215,139,188
1,<environment.Job instance at 0x7fce21ebe960>,75,21,[ 2 10],76,215,236,139,207
1,<environment.Job instance at 0x7fce21ebe3c0>,77,1,[ 3 14],78,236,237,158,211
1,<environment.Job instance at 0x7fcdddf90320>,81,17,[11  3],82,216,233,134,211
1,<environment.Job instance at 0x7fce21da0f50>,82,16,[12  1],83,233,249,150,220
1,<environment.Job instance at 0x7fce289095f0>,0,2,[10  4],1,1,3,0,1
1,<environment.Job instance at 0x7fcdde3847d0>,3,2,[9 2],4,4,6,0,4
1,<environment.Job instance at 0x7fcdde42d550>,11,3,[8 3],12,12,15,0,12
1,<environment.Job instance at 0x7fce2203e5f0>,12,1,[ 3 10],13,13,14,0,13
1,<environment.Job instance at 0x7fcdde6068c0>,13,3,[3 8],14,14,17,0,14
1,<environment.Job instance at 0x7fce220ebeb0>,14,2,[3 6],15,15,17,0,15
1,<environment.Job instance at 0x7fcdde606500>,16,3,[ 4 10],17,18,21,1,18
1,<environment.Job instance at 0x7fce21bb9f00>,17,12,[ 3 14],18,21,33,3,18
1,<environment.Job instance at 0x7fce21b9e3c0>,18,2,[ 1 10],19,33,35,14,19
1,<environment.Job instance at 0x7fce21b3dfa0>,20,2,[2 7],21,35,37,14,23
1,<environment.Job instance at 0x7fce21c940f0>,22,1,[5 9],23,37,38,14,32
1,<environment.Job instance at 0x7fce21b429b0>,24,1,[2 5],25,41,42,16,41
1,<environment.Job instance at 0x7fce21b42780>,25,1,[7 2],26,41,42,15,41
1,<environment.Job instance at 0x7fce21b423c0>,26,1,[10  4],27,42,43,15,41
1,<environment.Job instance at 0x7fcdde628820>,27,2,[8 3],28,43,45,15,41
1,<environment.Job instance at 0x7fce21b996e0>,28,16,[13  3],29,45,61,16,41
1,<environment.Job instance at 0x7fce21b22730>,34,1,[6 4],35,61,62,26,56
1,<environment.Job instance at 0x7fce21b22050>,35,21,[9 5],36,61,82,25,56
1,<environment.Job instance at 0x7fcdde307280>,8,16,[1 7],9,63,79,54,63
1,<environment.Job instance at 0x7fcdde30e8c0>,6,12,[1 7],7,79,91,72,79
1,<environment.Job instance at 0x7fce292ae460>,10,2,[ 1 11],11,91,93,80,79
1,<environment.Job instance at 0x7fce21b220f0>,39,2,[4 7],40,85,87,45,85
1,<environment.Job instance at 0x7fce21b22af0>,38,12,[7 5],39,93,105,54,87
1,<environment.Job instance at 0x7fce21b38d70>,45,2,[14  1],46,88,90,42,88
1,<environment.Job instance at 0x7fce21b387d0>,46,12,[4 8],47,93,105,46,89
1,<environment.Job instance at 0x7fce21b3a1e0>,50,3,[8 5],51,105,108,54,96
1,<environment.Job instance at 0x7fce21b3a0a0>,51,2,[4 5],52,105,107,53,96
1,<environment.Job instance at 0x7fce21b3aeb0>,54,12,[1 5],55,109,121,54,109
1,<environment.Job instance at 0x7fce21b3a3c0>,59,3,[3 7],60,126,129,66,126
1,<environment.Job instance at 0x7fce21b370f0>,64,1,[4 7],65,158,159,93,158
1,<environment.Job instance at 0x7fce21b37140>,65,18,[3 9],66,159,177,93,158
1,<environment.Job instance at 0x7fce21b37190>,66,27,[10  4],67,158,185,91,158
1,<environment.Job instance at 0x7fce21b40780>,70,1,[ 5 11],71,177,178,106,163
1,<environment.Job instance at 0x7fce21b40cd0>,72,25,[7 3],73,185,210,112,181
1,<environment.Job instance at 0x7fce28ac4e60>,75,2,[ 2 10],76,181,183,105,181
1,<environment.Job instance at 0x7fce21b37e10>,68,14,[4 5],69,185,199,116,185
1,<environment.Job instance at 0x7fce28ad5140>,78,13,[ 3 10],79,199,212,120,193
1,<environment.Job instance at 0x7fce28ad0690>,80,16,[10  3],81,210,226,129,197
1,<environment.Job instance at 0x7fce21b4bbe0>,79,14,[4 7],80,212,226,132,200
1,<environment.Job instance at 0x7fce28766780>,85,3,[8 2],86,226,229,140,210
1,<environment.Job instance at 0x7fce28ab4460>,88,14,[13  2],89,229,243,140,215
1,<environment.Job instance at 0x7fce21d6c140>,6,14,[10  1],7,7,21,0,7
1,<environment.Job instance at 0x7fce21d6c320>,8,2,[2 5],9,9,11,0,9
1,<environment.Job instance at 0x7fce21d6caf0>,12,2,[5 2],13,13,15,0,13
1,<environment.Job instance at 0x7fce21b6cd20>,13,3,[10  2],14,21,24,7,14
1,<environment.Job instance at 0x7fce21b6c140>,14,12,[10  2],15,24,36,9,17
1,<environment.Job instance at 0x7fce285ee960>,10,18,[5 6],11,23,41,12,23
1,<environment.Job instance at 0x7fce21b6c3c0>,18,16,[13  1],19,41,57,22,28
1,<environment.Job instance at 0x7fcdde37a0f0>,26,26,[9 5],27,57,83,30,54
1,<environment.Job instance at 0x7fcdde37a2d0>,30,1,[10  4],31,83,84,52,60
1,<environment.Job instance at 0x7fcdde3a01e0>,34,17,[1 8],35,69,86,34,69
1,<environment.Job instance at 0x7fcdde3a0870>,36,2,[2 8],37,86,88,49,69
1,<environment.Job instance at 0x7fcdde3a0730>,37,1,[ 4 12],38,88,89,50,69
1,<environment.Job instance at 0x7fcdde3a09b0>,38,2,[5 5],39,84,86,45,69
1,<environment.Job instance at 0x7fcdde3a0aa0>,39,22,[7 3],40,86,108,46,79
1,<environment.Job instance at 0x7fcdde3a0cd0>,43,2,[14  5],44,118,120,74,118
1,<environment.Job instance at 0x7fcdde3a0d20>,40,15,[13  3],41,120,135,79,118
1,<environment.Job instance at 0x7fcdde3a00f0>,46,12,[12  4],47,135,147,88,122
1,<environment.Job instance at 0x7fcdde3a0780>,51,1,[3 5],52,139,140,87,139
1,<environment.Job instance at 0x7fcdde3a07d0>,44,2,[13  4],45,153,155,108,153
1,<environment.Job instance at 0x7fce21d96870>,55,15,[ 4 12],56,155,170,99,155
1,<environment.Job instance at 0x7fce21d96a50>,56,18,[5 8],57,170,188,113,162
1,<environment.Job instance at 0x7fce21d96e60>,60,14,[6 3],61,163,177,102,163
1,<environment.Job instance at 0x7fce21d969b0>,61,18,[8 1],62,177,195,115,166
1,<environment.Job instance at 0x7fce21d96410>,63,20,[8 4],64,195,215,131,186
1,<environment.Job instance at 0x7fce292ae910>,3,20,[5 3],4,188,208,184,186
1,<environment.Job instance at 0x7fce21d96550>,54,1,[6 4],55,208,209,153,186
1,<environment.Job instance at 0x7fce21d96aa0>,66,1,[1 6],67,186,187,119,186
1,<environment.Job instance at 0x7fce21d96dc0>,68,1,[6 5],69,209,210,140,186
1,<environment.Job instance at 0x7fce28983820>,69,17,[1 5],70,187,204,117,186
1,<environment.Job instance at 0x7fce21d96780>,70,13,[3 8],71,210,223,139,194
1,<environment.Job instance at 0x7fce21d96230>,67,27,[8 5],68,215,242,147,215
1,<environment.Job instance at 0x7fce21e5ef50>,80,13,[1 9],81,223,236,142,215
1,<environment.Job instance at 0x7fce289d1f50>,1,1,[2 8],2,2,3,0,2
1,<environment.Job instance at 0x7fce28901d20>,5,2,[7 1],6,6,8,0,6
1,<environment.Job instance at 0x7fcdde18c8c0>,6,2,[2 6],7,7,9,0,7
1,<environment.Job instance at 0x7fce21dc7a50>,11,1,[ 5 14],12,12,13,0,12
1,<environment.Job instance at 0x7fce289151e0>,12,1,[7 1],13,13,14,0,13
1,<environment.Job instance at 0x7fce21d18a50>,13,19,[7 1],14,14,33,0,14
1,<environment.Job instance at 0x7fce28914230>,18,18,[ 2 10],19,20,38,1,20
1,<environment.Job instance at 0x7fce21dd6d70>,20,17,[ 5 13],21,38,55,17,26
1,<environment.Job instance at 0x7fcdde5e37d0>,21,3,[10  5],22,33,36,11,32
1,<environment.Job instance at 0x7fcdde60a910>,26,2,[ 5 12],27,59,61,32,59
1,<environment.Job instance at 0x7fce21d66690>,32,1,[6 5],33,64,65,31,64
1,<environment.Job instance at 0x7fce28d0fe10>,34,18,[9 1],35,67,85,32,67
1,<environment.Job instance at 0x7fce289d15a0>,9,12,[10  4],10,85,97,75,76
1,<environment.Job instance at 0x7fce21e00370>,35,17,[14  4],36,97,114,61,85
1,<environment.Job instance at 0x7fce21da0460>,39,3,[4 7],40,90,93,50,90
1,<environment.Job instance at 0x7fce21c58410>,41,12,[13  5],42,114,126,72,97
1,<environment.Job instance at 0x7fce288dcc30>,45,2,[8 3],46,126,128,80,105
1,<environment.Job instance at 0x7fce288dc4b0>,47,26,[3 7],48,126,152,78,123
1,<environment.Job instance at 0x7fce21dfd730>,49,1,[4 9],50,152,153,102,124
1,<environment.Job instance at 0x7fce21dfd410>,51,3,[7 2],52,128,131,76,124
1,<environment.Job instance at 0x7fce21dfdbe0>,52,3,[2 9],53,153,156,100,127
1,<environment.Job instance at 0x7fce21dfda50>,55,1,[8 4],56,131,132,75,127
1,<environment.Job instance at 0x7fce21dfde10>,57,1,[ 2 11],58,156,157,98,128
1,<environment.Job instance at 0x7fce2202b550>,59,25,[3 8],60,157,182,97,153
1,<environment.Job instance at 0x7fcdde5ec140>,68,1,[3 8],69,182,183,113,165
1,<environment.Job instance at 0x7fce22072460>,69,1,[10  3],70,165,166,95,165
1,<environment.Job instance at 0x7fce21c9f2d0>,70,1,[3 6],71,166,167,95,165
1,<environment.Job instance at 0x7fce21fab0f0>,71,18,[13  5],72,183,201,111,172
1,<environment.Job instance at 0x7fcdde18db90>,73,2,[5 9],74,201,203,127,177
1,<environment.Job instance at 0x7fce28601d70>,75,14,[11  2],76,203,217,127,188
1,<environment.Job instance at 0x7fce21d7e3c0>,78,1,[14  2],79,217,218,138,192
1,<environment.Job instance at 0x7fce21d7eeb0>,79,1,[ 1 11],80,203,204,123,192
1,<environment.Job instance at 0x7fce21d917d0>,82,3,[2 8],83,198,201,115,198
1,<environment.Job instance at 0x7fce21d91e60>,83,2,[6 4],84,201,203,117,198
1,<environment.Job instance at 0x7fce21bd5690>,84,1,[7 5],85,218,219,133,198
1,<environment.Job instance at 0x7fce21ce2b40>,85,1,[3 6],86,204,205,118,198
1,<environment.Job instance at 0x7fce21ce2140>,87,3,[8 1],88,218,221,130,198
1,<environment.Job instance at 0x7fce289018c0>,8,15,[3 9],9,219,234,210,207
1,<environment.Job instance at 0x7fce21ce23c0>,91,2,[3 8],92,212,214,120,212
1,<environment.Job instance at 0x7fce21dcbbe0>,4,1,[1 9],5,5,6,0,5
1,<environment.Job instance at 0x7fce28b90cd0>,6,1,[2 5],7,7,8,0,7
1,<environment.Job instance at 0x7fce28d4b1e0>,7,1,[8 5],8,8,9,0,8
1,<environment.Job instance at 0x7fce21df08c0>,9,24,[7 1],10,10,34,0,10
1,<environment.Job instance at 0x7fce21d05f00>,10,26,[4 8],11,11,37,0,11
1,<environment.Job instance at 0x7fce220150f0>,2,15,[2 7],3,34,49,31,26
1,<environment.Job instance at 0x7fce285a0e10>,14,15,[3 8],15,37,52,22,27
1,<environment.Job instance at 0x7fce21dcb6e0>,12,3,[7 5],13,49,52,36,31
1,<environment.Job instance at 0x7fcdddefa230>,23,18,[8 1],24,52,70,28,41
1,<environment.Job instance at 0x7fcdddefa640>,25,15,[12  1],26,70,85,44,56
1,<environment.Job instance at 0x7fcdddefaa50>,30,2,[3 9],31,69,71,38,69
1,<environment.Job instance at 0x7fcdddefac80>,33,1,[ 3 13],34,72,73,38,72
1,<environment.Job instance at 0x7fcdddefadc0>,34,1,[6 2],35,85,86,50,72
1,<environment.Job instance at 0x7fcdddefae10>,35,22,[1 9],36,73,95,37,72
1,<environment.Job instance at 0x7fcdddefab40>,38,2,[3 9],39,95,97,56,73
1,<environment.Job instance at 0x7fcdddefa0a0>,21,1,[10  4],22,86,87,64,76
1,<environment.Job instance at 0x7fcdddefaf00>,39,18,[ 3 12],40,97,115,57,86
1,<environment.Job instance at 0x7fcdddefaaf0>,40,18,[7 3],41,87,105,46,86
1,<environment.Job instance at 0x7fcdddef8190>,45,1,[ 5 13],46,115,116,69,88
1,<environment.Job instance at 0x7fcdddef87d0>,50,19,[5 4],51,116,135,65,106
1,<environment.Job instance at 0x7fcdddef89b0>,53,18,[9 2],54,118,136,64,118
1,<environment.Job instance at 0x7fcdddef8910>,52,3,[5 9],53,135,138,82,119
1,<environment.Job instance at 0x7fcdddef8870>,51,17,[ 2 10],52,138,155,86,129
1,<environment.Job instance at 0x7fcdddef8d20>,56,1,[3 9],57,155,156,98,129
1,<environment.Job instance at 0x7fcdddef8e10>,57,26,[8 5],58,136,162,78,133
1,<environment.Job instance at 0x7fcdddef83c0>,61,3,[9 4],62,162,165,100,140
1,<environment.Job instance at 0x7fcdddeff0a0>,63,26,[7 5],64,165,191,101,162
1,<environment.Job instance at 0x7fcdddeff0f0>,65,2,[13  2],66,191,193,125,164
1,<environment.Job instance at 0x7fcdddeff3c0>,66,20,[3 6],67,164,184,97,164
1,<environment.Job instance at 0x7fcdddeff500>,70,1,[9 3],71,193,194,122,180
1,<environment.Job instance at 0x7fcdddeff6e0>,71,1,[4 6],72,184,185,112,180
1,<environment.Job instance at 0x7fcdddeff960>,73,3,[11  3],74,194,197,120,187
1,<environment.Job instance at 0x7fcdddeffc80>,74,1,[4 7],75,187,188,112,187
1,<environment.Job instance at 0x7fcdddeffe60>,76,1,[1 9],77,197,198,120,197
1,<environment.Job instance at 0x7fcdddeffeb0>,77,2,[8 2],78,197,199,119,197
1,<environment.Job instance at 0x7fcdddefff50>,78,3,[9 2],79,199,202,120,197
1,<environment.Job instance at 0x7fcdddeffdc0>,80,2,[7 3],81,202,204,121,202
1,<environment.Job instance at 0x7fcdddeffd70>,81,12,[10  4],82,204,216,122,203
1,<environment.Job instance at 0x7fcdddf0c230>,82,1,[7 3],83,203,204,120,203
1,<environment.Job instance at 0x7fcdddf0c2d0>,83,3,[9 3],84,216,219,132,203
1,<environment.Job instance at 0x7fcdddf0c410>,85,2,[4 9],86,204,206,118,203
1,<environment.Job instance at 0x7fcdddf0c460>,87,3,[1 6],88,206,209,118,203
1,<environment.Job instance at 0x7fcdddf0c5a0>,88,16,[ 5 13],89,219,235,130,206
1,<environment.Job instance at 0x7fcdde20ec80>,7,12,[ 3 10],8,10,22,2,10
1,<environment.Job instance at 0x7fce21d18b40>,9,3,[5 6],10,22,25,12,10
1,<environment.Job instance at 0x7fce21d189b0>,10,2,[2 9],11,22,24,11,11
1,<environment.Job instance at 0x7fce21d188c0>,11,13,[ 1 13],12,25,38,13,12
1,<environment.Job instance at 0x7fce21d184b0>,12,27,[9 1],13,24,51,11,22
1,<environment.Job instance at 0x7fce21cc7960>,16,21,[12  2],17,51,72,34,43
1,<environment.Job instance at 0x7fce21cc7d20>,17,2,[1 5],18,43,45,25,43
1,<environment.Job instance at 0x7fce21cc7140>,18,14,[ 1 14],19,72,86,53,57
1,<environment.Job instance at 0x7fce21cc7c80>,19,20,[2 8],20,86,106,66,77
1,<environment.Job instance at 0x7fce21cc7460>,21,19,[5 5],22,86,105,64,77
1,<environment.Job instance at 0x7fce2864f0a0>,26,2,[12  3],27,105,107,78,79
1,<environment.Job instance at 0x7fce21b10960>,27,3,[5 7],28,107,110,79,81
1,<environment.Job instance at 0x7fce221dc960>,28,1,[ 4 10],29,110,111,81,82
1,<environment.Job instance at 0x7fcdde13d5a0>,31,23,[5 9],32,111,134,79,105
1,<environment.Job instance at 0x7fce286d2280>,32,2,[9 4],33,107,109,74,105
1,<environment.Job instance at 0x7fce292b0a50>,35,15,[ 4 12],36,134,149,98,120
1,<environment.Job instance at 0x7fce21d059b0>,3,17,[6 1],4,121,138,117,121
1,<environment.Job instance at 0x7fce21e0fc30>,40,2,[6 3],41,138,140,97,126
1,<environment.Job instance at 0x7fce286b1190>,42,2,[ 2 13],43,149,151,106,132
1,<environment.Job instance at 0x7fce286b1e60>,41,26,[7 2],42,140,166,98,138
1,<environment.Job instance at 0x7fce21e0fa50>,39,3,[ 4 11],40,151,154,111,146
1,<environment.Job instance at 0x7fce28880960>,47,1,[14  5],48,166,167,118,151
1,<environment.Job instance at 0x7fce28880b40>,48,19,[ 5 11],49,167,186,118,157
1,<environment.Job instance at 0x7fcdde18a140>,50,1,[1 6],51,157,158,106,157
1,<environment.Job instance at 0x7fce21cb33c0>,45,2,[1 8],46,158,160,112,157
1,<environment.Job instance at 0x7fce2866c960>,54,18,[5 3],55,169,187,114,169
1,<environment.Job instance at 0x7fce2866cd20>,55,2,[1 8],56,186,188,130,169
1,<environment.Job instance at 0x7fce2866c910>,56,3,[8 4],57,186,189,129,169
1,<environment.Job instance at 0x7fcdde125960>,57,1,[1 8],58,188,189,130,169
1,<environment.Job instance at 0x7fcdde125b40>,58,1,[ 4 13],59,189,190,130,169
1,<environment.Job instance at 0x7fce28957f00>,59,19,[9 1],60,189,208,129,179
1,<environment.Job instance at 0x7fcdde18a9b0>,52,13,[5 2],53,190,203,137,181
1,<environment.Job instance at 0x7fce21c22280>,4,1,[11  3],5,208,209,203,187
1,<environment.Job instance at 0x7fce220cc2d0>,62,2,[ 3 14],63,203,205,140,191
1,<environment.Job instance at 0x7fce220cc730>,65,1,[7 1],66,209,210,143,193
1,<environment.Job instance at 0x7fce21cc4410>,64,23,[8 3],65,209,232,144,203
1,<environment.Job instance at 0x7fcdddf745f0>,69,1,[11  4],70,232,233,162,214
1,<environment.Job instance at 0x7fce292aecd0>,0,26,[2 8],1,1,27,0,1
1,<environment.Job instance at 0x7fce22047050>,10,20,[7 1],11,14,34,3,14
1,<environment.Job instance at 0x7fcdde4301e0>,14,21,[6 1],15,32,53,17,32
1,<environment.Job instance at 0x7fce28766cd0>,15,17,[ 1 11],16,32,49,16,32
1,<environment.Job instance at 0x7fce28766d20>,16,2,[1 6],17,49,51,32,32
1,<environment.Job instance at 0x7fce21f663c0>,17,13,[12  4],18,53,66,35,37
1,<environment.Job instance at 0x7fce21f66960>,18,2,[7 4],19,49,51,30,37
1,<environment.Job instance at 0x7fce21f66140>,19,1,[2 6],20,51,52,31,37
1,<environment.Job instance at 0x7fce21f245f0>,24,1,[8 3],25,52,53,27,50
1,<environment.Job instance at 0x7fce28983730>,4,3,[2 7],5,66,69,61,66
1,<environment.Job instance at 0x7fce220c5640>,28,1,[7 4],29,66,67,37,66
1,<environment.Job instance at 0x7fce21d08280>,9,17,[12  4],10,67,84,57,66
1,<environment.Job instance at 0x7fcdde5ce190>,31,1,[9 5],32,84,85,52,70
1,<environment.Job instance at 0x7fce21c301e0>,33,17,[7 2],34,85,102,51,77
1,<environment.Job instance at 0x7fce28741140>,34,14,[ 1 11],35,85,99,50,77
1,<environment.Job instance at 0x7fce21b16500>,35,24,[7 4],36,99,123,63,94
1,<environment.Job instance at 0x7fce28717550>,29,2,[3 9],30,102,104,72,96
1,<environment.Job instance at 0x7fce21cbe050>,39,3,[6 3],40,104,107,64,99
1,<environment.Job instance at 0x7fcdde1221e0>,42,2,[7 4],43,107,109,64,99
1,<environment.Job instance at 0x7fce21d276e0>,45,25,[6 2],46,117,142,71,117
1,<environment.Job instance at 0x7fcdde244af0>,46,2,[ 1 13],47,123,125,76,117
1,<environment.Job instance at 0x7fcdde2444b0>,47,3,[3 6],48,125,128,77,117
1,<environment.Job instance at 0x7fcdde2443c0>,48,2,[5 6],49,125,127,76,117
1,<environment.Job instance at 0x7fcdde244aa0>,49,18,[ 1 10],50,128,146,78,118
1,<environment.Job instance at 0x7fce28532320>,54,1,[8 1],55,128,129,73,119
1,<environment.Job instance at 0x7fce28532dc0>,55,18,[4 5],56,142,160,86,131
1,<environment.Job instance at 0x7fce28532f50>,56,26,[10  2],57,146,172,89,143
1,<environment.Job instance at 0x7fce2888aaf0>,62,21,[9 5],63,172,193,109,166
1,<environment.Job instance at 0x7fce28a60780>,63,2,[4 9],64,166,168,102,166
1,<environment.Job instance at 0x7fce28a60190>,64,1,[12  5],65,193,194,128,166
1,<environment.Job instance at 0x7fce21b50280>,65,1,[ 2 14],66,194,195,128,166
1,<environment.Job instance at 0x7fce21b50c80>,67,2,[14  3],68,195,197,127,173
1,<environment.Job instance at 0x7fce21da0050>,68,2,[10  3],69,197,199,128,173
1,<environment.Job instance at 0x7fce21da0370>,69,3,[4 7],70,173,176,103,173
1,<environment.Job instance at 0x7fce21da0460>,70,1,[5 1],71,176,177,105,173
1,<environment.Job instance at 0x7fcdde18f0f0>,73,2,[5 7],74,177,179,103,177
1,<environment.Job instance at 0x7fcdde61f6e0>,75,18,[10  4],76,199,217,123,188
1,<environment.Job instance at 0x7fce292b72d0>,78,28,[ 2 11],79,197,225,118,196
1,<environment.Job instance at 0x7fce21cbee60>,3,1,[1 6],4,5,6,1,5
1,<environment.Job instance at 0x7fce21d087d0>,5,16,[ 4 14],6,6,22,0,6
1,<environment.Job instance at 0x7fcdde6046e0>,17,26,[ 2 12],18,29,55,11,29
1,<environment.Job instance at 0x7fcdde604cd0>,19,1,[ 3 12],20,55,56,35,29
1,<environment.Job instance at 0x7fcdde3d8820>,20,2,[10  3],21,31,33,10,31
1,<environment.Job instance at 0x7fcdde3d8550>,21,3,[1 9],22,56,59,34,32
1,<environment.Job instance at 0x7fcdde3d8960>,22,3,[11  1],23,33,36,10,32
1,<environment.Job instance at 0x7fcdde3d8b40>,25,26,[5 5],26,56,82,30,53
1,<environment.Job instance at 0x7fcdde3d8be0>,26,3,[7 1],27,53,56,26,53
1,<environment.Job instance at 0x7fcdde3d8d20>,28,22,[10  5],29,59,81,30,53
1,<environment.Job instance at 0x7fcdde3d8eb0>,31,1,[10  4],32,81,82,49,60
1,<environment.Job instance at 0x7fce21e7f140>,32,2,[6 2],33,82,84,49,60
1,<environment.Job instance at 0x7fce21e7f3c0>,34,25,[9 4],35,82,107,47,78
1,<environment.Job instance at 0x7fce21e7f7d0>,40,25,[9 5],41,107,132,66,103
1,<environment.Job instance at 0x7fce21e7f5f0>,37,14,[4 5],38,103,117,65,103
1,<environment.Job instance at 0x7fce21e7f870>,41,3,[11  1],42,132,135,90,111
1,<environment.Job instance at 0x7fce21e7fd70>,49,14,[ 1 10],50,121,135,71,121
1,<environment.Job instance at 0x7fce21e7fe10>,50,26,[10  1],51,135,161,84,132
1,<environment.Job instance at 0x7fce21e7ff50>,52,22,[2 7],53,136,158,83,136
1,<environment.Job instance at 0x7fce21e79370>,57,3,[2 9],58,158,161,100,156
1,<environment.Job instance at 0x7fce21e793c0>,58,2,[5 1],59,161,163,102,156
1,<environment.Job instance at 0x7fce21e794b0>,59,17,[1 9],60,161,178,101,156
1,<environment.Job instance at 0x7fce21e79410>,63,1,[9 4],64,173,174,109,173
1,<environment.Job instance at 0x7fce21e7faf0>,45,22,[6 4],46,174,196,128,174
1,<environment.Job instance at 0x7fcdde3d8f00>,30,17,[2 7],31,178,195,147,174
1,<environment.Job instance at 0x7fce21e79960>,67,25,[6 4],68,183,208,115,183
1,<environment.Job instance at 0x7fce21e79a50>,68,2,[10  1],69,208,210,139,183
1,<environment.Job instance at 0x7fce21e79a00>,66,16,[6 4],67,210,226,143,200
1,<environment.Job instance at 0x7fce21e7f910>,42,3,[12  5],43,226,229,183,205
1,<environment.Job instance at 0x7fce21e79d70>,72,1,[4 6],73,209,210,136,209
1,<environment.Job instance at 0x7fce21e79c30>,70,14,[ 1 14],71,229,243,158,214
1,<environment.Job instance at 0x7fce21e79820>,74,1,[1 6],75,215,216,140,215
1,<environment.Job instance at 0x7fce21e79f50>,76,3,[7 5],77,216,219,139,216
1,<environment.Job instance at 0x7fce21e7d0f0>,77,1,[5 9],78,219,220,141,218
1,<environment.Job instance at 0x7fce21e79b90>,69,25,[10  1],70,229,254,159,225
1,<environment.Job instance at 0x7fce28aa8190>,0,22,[9 5],1,1,23,0,1
1,<environment.Job instance at 0x7fce292b70a0>,3,2,[ 1 10],4,7,9,3,7
1,<environment.Job instance at 0x7fce21ae60f0>,12,1,[ 1 13],13,23,24,10,16
1,<environment.Job instance at 0x7fce21ae6500>,13,25,[ 4 10],14,24,49,10,20
1,<environment.Job instance at 0x7fce21ae6d70>,7,17,[1 5],8,27,44,19,27
1,<environment.Job instance at 0x7fce21ae69b0>,19,21,[14  3],20,49,70,29,41
1,<environment.Job instance at 0x7fce21ae6aa0>,20,2,[3 7],21,70,72,49,53
1,<environment.Job instance at 0x7fce28880140>,26,2,[ 5 10],27,72,74,45,58
1,<environment.Job instance at 0x7fce28880050>,27,2,[10  3],28,70,72,42,59
1,<environment.Job instance at 0x7fce28880780>,28,3,[ 4 10],29,74,77,45,60
1,<environment.Job instance at 0x7fcdddf17550>,23,19,[8 5],24,72,91,48,64
1,<environment.Job instance at 0x7fce28880460>,29,22,[3 7],30,77,99,47,76
1,<environment.Job instance at 0x7fcdddfd1a00>,36,20,[5 3],37,91,111,54,82
1,<environment.Job instance at 0x7fcdddfd1d20>,37,1,[ 2 11],38,99,100,61,87
1,<environment.Job instance at 0x7fce28532910>,39,2,[1 5],40,91,93,51,87
1,<environment.Job instance at 0x7fce28532b40>,40,21,[5 4],41,100,121,59,92
1,<environment.Job instance at 0x7fce285321e0>,43,2,[6 4],44,111,113,67,103
1,<environment.Job instance at 0x7fce288805a0>,24,3,[4 7],25,104,107,79,104
1,<environment.Job instance at 0x7fce28532320>,44,17,[11  1],45,121,138,76,109
1,<environment.Job instance at 0x7fce28532460>,47,1,[9 3],48,117,118,69,117
1,<environment.Job instance at 0x7fce28532280>,49,1,[8 5],50,118,119,68,117
1,<environment.Job instance at 0x7fce28532d70>,51,3,[5 8],52,138,141,86,133
1,<environment.Job instance at 0x7fce21ae6e60>,15,17,[11  2],16,141,158,125,138
1,<environment.Job instance at 0x7fce28532f00>,53,14,[8 3],54,158,172,104,145
1,<environment.Job instance at 0x7fce2210a230>,57,3,[ 5 11],58,167,170,109,167
1,<environment.Job instance at 0x7fce2210a410>,60,12,[1 9],61,170,182,109,169
1,<environment.Job instance at 0x7fce2210a050>,62,18,[3 6],63,172,190,109,172
1,<environment.Job instance at 0x7fce2210a640>,58,14,[10  3],59,182,196,123,174
1,<environment.Job instance at 0x7fce2210af00>,67,1,[5 9],68,190,191,122,178
1,<environment.Job instance at 0x7fcdde51c230>,70,15,[5 9],71,191,206,120,188
1,<environment.Job instance at 0x7fce2210aaf0>,68,18,[2 8],69,206,224,137,197
1,<environment.Job instance at 0x7fcdde51c550>,74,12,[13  3],75,206,218,131,197
1,<environment.Job instance at 0x7fce28532690>,54,13,[10  2],55,218,231,163,208
1,<environment.Job instance at 0x7fcdde143d70>,77,3,[10  4],78,231,234,153,212
1,<environment.Job instance at 0x7fcdde143140>,79,14,[ 5 10],80,224,238,144,216
1,<environment.Job instance at 0x7fce292ae0f0>,1,2,[9 4],2,2,4,0,2
1,<environment.Job instance at 0x7fce28aa8780>,2,3,[10  3],3,4,7,1,3
1,<environment.Job instance at 0x7fce21ae6dc0>,4,13,[10  1],5,7,20,2,6
1,<environment.Job instance at 0x7fce21e799b0>,6,3,[ 5 11],7,7,10,0,7
1,<environment.Job instance at 0x7fce286d4960>,8,2,[9 5],9,20,22,11,9
1,<environment.Job instance at 0x7fcdddd66a50>,10,1,[5 1],11,13,14,2,13
1,<environment.Job instance at 0x7fce2874f0f0>,16,25,[6 2],17,28,53,11,28
1,<environment.Job instance at 0x7fce2874f9b0>,18,2,[10  5],19,53,55,34,37
1,<environment.Job instance at 0x7fce2874fbe0>,21,3,[3 8],22,52,55,30,52
1,<environment.Job instance at 0x7fce21dc72d0>,24,1,[8 1],25,55,56,30,52
1,<environment.Job instance at 0x7fce21dc7d20>,26,12,[10  1],27,58,70,31,58
1,<environment.Job instance at 0x7fce21dc7640>,27,1,[5 3],28,58,59,30,58
1,<environment.Job instance at 0x7fce21dc79b0>,28,3,[10  1],29,70,73,41,58
1,<environment.Job instance at 0x7fce292b10a0>,30,1,[5 7],31,68,69,37,68
1,<environment.Job instance at 0x7fce292b1a00>,31,20,[5 3],32,69,89,37,68
1,<environment.Job instance at 0x7fce2874f410>,13,17,[8 4],14,73,90,59,72
1,<environment.Job instance at 0x7fce292b1f50>,33,1,[2 7],34,73,74,39,73
1,<environment.Job instance at 0x7fce292b1e60>,35,1,[3 9],36,89,90,53,73
1,<environment.Job instance at 0x7fce292b1690>,32,24,[8 2],33,90,114,57,85
1,<environment.Job instance at 0x7fce2874fc30>,11,18,[5 9],12,90,108,78,88
1,<environment.Job instance at 0x7fcdde066c30>,37,12,[13  5],38,114,126,76,97
1,<environment.Job instance at 0x7fcdde066370>,42,2,[ 1 12],43,108,110,65,98
1,<environment.Job instance at 0x7fce21d49500>,49,25,[1 7],50,110,135,60,107
1,<environment.Job instance at 0x7fce28ec9370>,58,14,[ 5 11],59,151,165,92,151
1,<environment.Job instance at 0x7fce28ec9e10>,61,3,[7 5],62,165,168,103,164
1,<environment.Job instance at 0x7fce28ec9050>,62,18,[ 1 10],63,165,183,102,164
1,<environment.Job instance at 0x7fce28ec9cd0>,65,18,[6 1],66,169,187,103,169
1,<environment.Job instance at 0x7fce28ec9fa0>,67,3,[6 4],68,178,181,110,178
1,<environment.Job instance at 0x7fce28ec90a0>,69,2,[2 5],70,183,185,113,183
1,<environment.Job instance at 0x7fce28ec9190>,70,14,[10  1],71,187,201,116,183
1,<environment.Job instance at 0x7fce28ec9550>,71,3,[8 5],72,201,204,129,183
1,<environment.Job instance at 0x7fce292b17d0>,36,14,[5 9],37,183,197,146,183
1,<environment.Job instance at 0x7fce28aa6a50>,72,18,[10  1],73,204,222,131,196
1,<environment.Job instance at 0x7fce28aa6960>,74,27,[1 7],75,197,224,122,196
1,<environment.Job instance at 0x7fcdde1f1730>,80,3,[5 5],81,222,225,141,211
1,<environment.Job instance at 0x7fce28ecd0f0>,1,28,[6 2],2,2,30,0,2
1,<environment.Job instance at 0x7fcdde1f1730>,3,3,[2 7],4,4,7,0,4
1,<environment.Job instance at 0x7fce2874fe10>,7,2,[7 5],8,9,11,1,9
1,<environment.Job instance at 0x7fcdddf10500>,11,1,[6 4],12,12,13,0,12
1,<environment.Job instance at 0x7fcdde13f960>,13,3,[1 5],14,15,18,1,15
1,<environment.Job instance at 0x7fcdde387a50>,15,3,[2 5],16,17,20,1,17
1,<environment.Job instance at 0x7fcdde6368c0>,16,2,[3 9],17,20,22,3,18
1,<environment.Job instance at 0x7fcdde636b90>,18,2,[8 3],19,22,24,3,19
1,<environment.Job instance at 0x7fcdde636c30>,19,1,[5 6],20,24,25,4,20
1,<environment.Job instance at 0x7fcdde636be0>,21,1,[10  2],22,30,31,8,22
1,<environment.Job instance at 0x7fcdde6356e0>,22,1,[10  1],23,31,32,8,23
1,<environment.Job instance at 0x7fcdde66f0a0>,23,1,[ 4 14],24,31,32,7,24
1,<environment.Job instance at 0x7fcdde66fa00>,24,2,[5 6],25,25,27,0,25
1,<environment.Job instance at 0x7fcdde66fc80>,25,3,[7 1],26,27,30,1,26
1,<environment.Job instance at 0x7fcdde66fbe0>,26,2,[2 9],27,27,29,0,27
1,<environment.Job instance at 0x7fcdde66fdc0>,27,2,[2 7],28,29,31,1,28
1,<environment.Job instance at 0x7fcdde635c80>,29,2,[8 1],30,32,34,2,30
1,<environment.Job instance at 0x7fcdde360a50>,30,3,[4 7],31,32,35,1,31
1,<environment.Job instance at 0x7fcdde66ea50>,31,3,[5 8],32,34,37,2,32
1,<environment.Job instance at 0x7fcdde355640>,32,2,[10  5],33,35,37,2,33
1,<environment.Job instance at 0x7fce286cc190>,33,12,[ 1 14],34,37,49,3,34
1,<environment.Job instance at 0x7fce286cc640>,35,3,[7 2],36,49,52,13,36
1,<environment.Job instance at 0x7fce2891b0f0>,4,3,[2 8],5,49,52,44,45
1,<environment.Job instance at 0x7fcdddd99050>,8,1,[2 7],9,54,55,45,54
1,<environment.Job instance at 0x7fce28793780>,38,25,[3 6],39,54,79,15,54
1,<environment.Job instance at 0x7fce287932d0>,37,18,[5 9],38,55,73,17,54
1,<environment.Job instance at 0x7fce220cc550>,46,1,[4 6],47,73,74,26,68
1,<environment.Job instance at 0x7fce220b9b40>,47,16,[2 5],48,74,90,26,68
1,<environment.Job instance at 0x7fce220b9aa0>,49,2,[2 7],50,79,81,29,78
1,<environment.Job instance at 0x7fcdde34d370>,50,3,[1 7],51,81,84,30,78
1,<environment.Job instance at 0x7fce220d0190>,51,13,[ 4 11],52,90,103,38,78
1,<environment.Job instance at 0x7fce220d0e60>,52,20,[3 6],53,103,123,50,94
1,<environment.Job instance at 0x7fce21e50e60>,56,21,[10  4],57,100,121,43,100
1,<environment.Job instance at 0x7fce21e400f0>,54,2,[10  3],55,121,123,66,101
1,<environment.Job instance at 0x7fce286a31e0>,59,15,[14  4],60,123,138,63,109
1,<environment.Job instance at 0x7fce221efdc0>,62,3,[10  1],63,138,141,75,120
1,<environment.Job instance at 0x7fce221ef9b0>,64,2,[9 5],65,141,143,76,120
1,<environment.Job instance at 0x7fce221effa0>,65,2,[3 9],66,138,140,72,120
1,<environment.Job instance at 0x7fce221ef820>,67,24,[9 5],68,143,167,75,138
1,<environment.Job instance at 0x7fce222161e0>,76,1,[12  5],77,167,168,90,162
1,<environment.Job instance at 0x7fce222164b0>,74,17,[7 2],75,173,190,98,173
1,<environment.Job instance at 0x7fce2221b320>,80,2,[6 2],81,175,177,94,175
1,<environment.Job instance at 0x7fce21e47f00>,79,16,[13  2],80,190,206,110,177
1,<environment.Job instance at 0x7fce2221b780>,86,1,[5 5],87,184,185,97,184
1,<environment.Job instance at 0x7fce2221bc30>,89,2,[10  4],90,206,208,116,188
1,<environment.Job instance at 0x7fce2221bfa0>,91,20,[5 5],92,206,226,114,197
1,<environment.Job instance at 0x7fce2221bb90>,92,3,[8 5],93,208,211,115,197
1,<environment.Job instance at 0x7fce2221b5a0>,93,22,[2 8],94,211,233,117,204
1,<environment.Job instance at 0x7fcdde5cabe0>,1,16,[ 1 11],2,2,18,0,2
1,<environment.Job instance at 0x7fce292ae5f0>,5,1,[9 3],6,6,7,0,6
1,<environment.Job instance at 0x7fce21f675f0>,6,2,[5 3],7,7,9,0,7
1,<environment.Job instance at 0x7fce21f487d0>,13,18,[12  1],14,14,32,0,14
1,<environment.Job instance at 0x7fcdde1f10a0>,14,18,[ 3 10],15,23,41,8,23
1,<environment.Job instance at 0x7fcdddf47820>,15,2,[2 9],16,41,43,25,23
1,<environment.Job instance at 0x7fcdddf47a50>,16,3,[5 6],17,41,44,24,23
1,<environment.Job instance at 0x7fce285ee820>,19,2,[5 2],20,32,34,12,29
1,<environment.Job instance at 0x7fce285eea00>,21,2,[6 1],22,32,34,10,29
1,<environment.Job instance at 0x7fce285ee2d0>,22,26,[8 2],23,43,69,20,40
1,<environment.Job instance at 0x7fce21b38cd0>,25,18,[10  1],26,69,87,43,58
1,<environment.Job instance at 0x7fcdddee0820>,26,27,[5 8],27,58,85,31,58
1,<environment.Job instance at 0x7fce285d4a00>,31,3,[8 3],32,87,90,55,65
1,<environment.Job instance at 0x7fce22110c30>,34,1,[8 4],35,90,91,55,68
1,<environment.Job instance at 0x7fce22110370>,35,3,[1 5],36,85,88,49,68
1,<environment.Job instance at 0x7fcdde0389b0>,36,3,[1 9],37,88,91,51,69
1,<environment.Job instance at 0x7fcdde27f5a0>,40,3,[ 3 12],41,91,94,50,74
1,<environment.Job instance at 0x7fcdde27fe60>,41,2,[5 4],42,94,96,52,74
1,<environment.Job instance at 0x7fcdde27fc30>,43,26,[7 3],44,91,117,47,88
1,<environment.Job instance at 0x7fcdde54ebe0>,48,2,[6 1],49,103,105,54,103
1,<environment.Job instance at 0x7fcdde54ee60>,50,2,[5 9],51,118,120,67,118
1,<environment.Job instance at 0x7fcdde54e3c0>,51,3,[6 5],52,118,121,66,118
1,<environment.Job instance at 0x7fcdde54e320>,54,3,[5 5],55,131,134,76,131
1,<environment.Job instance at 0x7fcdde3e0b40>,57,24,[9 3],58,133,157,75,133
1,<environment.Job instance at 0x7fcdde54e910>,58,3,[ 5 10],59,134,137,75,134
1,<environment.Job instance at 0x7fcdddf10190>,64,1,[12  4],65,164,165,99,164
1,<environment.Job instance at 0x7fcdddf10550>,66,25,[10  1],67,165,190,98,164
1,<environment.Job instance at 0x7fcdde5f5aa0>,67,3,[10  2],68,190,193,122,164
1,<environment.Job instance at 0x7fce28638dc0>,33,1,[1 8],34,166,167,132,166
1,<environment.Job instance at 0x7fce21e7d190>,8,14,[5 4],9,167,181,158,166
1,<environment.Job instance at 0x7fcdddfaaa50>,9,18,[4 5],10,181,199,171,180
1,<environment.Job instance at 0x7fcdde5f5730>,71,14,[12  1],72,199,213,127,186
1,<environment.Job instance at 0x7fcdde5f5140>,70,24,[ 4 13],71,213,237,142,208
1,<environment.Job instance at 0x7fce221ffb40>,6,2,[5 9],7,7,9,0,7
1,<environment.Job instance at 0x7fce221ffc80>,7,2,[ 5 12],8,9,11,1,8
1,<environment.Job instance at 0x7fce221ff410>,8,3,[5 1],9,9,12,0,9
1,<environment.Job instance at 0x7fcdde40b730>,12,25,[2 8],13,13,38,0,13
1,<environment.Job instance at 0x7fcdde40b370>,19,2,[10  2],20,36,38,16,36
1,<environment.Job instance at 0x7fcdde40b6e0>,23,2,[11  4],24,51,53,27,51
1,<environment.Job instance at 0x7fcdde40b050>,24,2,[8 1],25,53,55,28,51
1,<environment.Job instance at 0x7fcdde40b870>,26,18,[6 5],27,66,84,39,66
1,<environment.Job instance at 0x7fcdde40b8c0>,27,2,[11  1],28,84,86,56,66
1,<environment.Job instance at 0x7fcdde40b0f0>,28,2,[9 3],29,66,68,37,66
1,<environment.Job instance at 0x7fcdde40be10>,29,2,[5 5],30,68,70,38,66
1,<environment.Job instance at 0x7fcdde40b3c0>,30,3,[3 5],31,68,71,37,66
1,<environment.Job instance at 0x7fcdde40b190>,32,1,[1 6],33,71,72,38,66
1,<environment.Job instance at 0x7fcdddd9b780>,33,1,[8 5],34,72,73,38,66
1,<environment.Job instance at 0x7fcdddd9baa0>,35,21,[ 2 10],36,73,94,37,66
1,<environment.Job instance at 0x7fcdddd9b8c0>,38,3,[8 4],39,86,89,47,82
1,<environment.Job instance at 0x7fcdddd9b2d0>,39,2,[ 3 11],40,94,96,54,82
1,<environment.Job instance at 0x7fcdddd9b6e0>,41,2,[4 6],42,96,98,54,82
1,<environment.Job instance at 0x7fcdddd9b820>,42,3,[10  2],43,89,92,46,82
1,<environment.Job instance at 0x7fcdddd9b7d0>,43,12,[9 4],44,92,104,48,82
1,<environment.Job instance at 0x7fcdddd9b3c0>,45,1,[4 9],46,98,99,52,82
1,<environment.Job instance at 0x7fcdddd9baf0>,47,3,[5 9],48,99,102,51,82
1,<environment.Job instance at 0x7fcddde03820>,50,24,[2 5],51,102,126,51,97
1,<environment.Job instance at 0x7fcddde03550>,55,20,[5 4],56,104,124,48,101
1,<environment.Job instance at 0x7fcddde03d20>,56,24,[ 1 10],57,124,148,67,119
1,<environment.Job instance at 0x7fcddde031e0>,57,3,[13  1],58,126,129,68,119
1,<environment.Job instance at 0x7fcddde03730>,62,3,[1 9],63,148,151,85,124
1,<environment.Job instance at 0x7fcddde03b90>,63,25,[4 6],64,148,173,84,144
1,<environment.Job instance at 0x7fcdddd20280>,10,2,[5 1],11,144,146,133,144
1,<environment.Job instance at 0x7fce221ff5a0>,14,19,[3 6],15,151,170,136,144
1,<environment.Job instance at 0x7fcddde03960>,65,2,[8 5],66,170,172,104,147
1,<environment.Job instance at 0x7fcddde036e0>,67,22,[10  3],68,172,194,104,165
1,<environment.Job instance at 0x7fcdddcb8af0>,72,3,[8 5],73,194,197,121,168
1,<environment.Job instance at 0x7fcdddcb8230>,73,18,[ 5 12],74,173,191,99,168
1,<environment.Job instance at 0x7fcdddcb8690>,77,1,[10  1],78,197,198,119,179
1,<environment.Job instance at 0x7fcdddcb8a00>,78,1,[ 4 10],79,191,192,112,179
1,<environment.Job instance at 0x7fcdde40bc80>,15,15,[6 2],16,198,213,182,186
1,<environment.Job instance at 0x7fcdddcb8780>,68,21,[1 6],69,192,213,123,186
1,<environment.Job instance at 0x7fcdddcb8be0>,83,3,[ 5 10],84,213,216,129,187
1,<environment.Job instance at 0x7fce21c09be0>,84,16,[2 6],85,197,213,112,192
1,<environment.Job instance at 0x7fcdddcb8c80>,79,16,[14  3],80,216,232,136,203
1,<environment.Job instance at 0x7fce21c09d70>,87,2,[5 1],88,203,205,115,203
1,<environment.Job instance at 0x7fce21c09320>,88,1,[9 2],89,213,214,124,203
1,<environment.Job instance at 0x7fce21c096e0>,89,3,[14  2],90,232,235,142,206
1,<environment.Job instance at 0x7fce21c09af0>,90,1,[9 3],91,214,215,123,206
1,<environment.Job instance at 0x7fcdddcc3640>,2,1,[2 7],3,3,4,0,3
1,<environment.Job instance at 0x7fce221fff00>,8,20,[6 2],9,9,29,0,9
1,<environment.Job instance at 0x7fcdde243d70>,11,2,[2 9],12,14,16,2,14
1,<environment.Job instance at 0x7fce2202b370>,13,1,[7 3],14,22,23,8,22
1,<environment.Job instance at 0x7fce2202bf00>,14,2,[9 2],15,23,25,8,22
1,<environment.Job instance at 0x7fce2202b0f0>,15,1,[ 5 14],16,29,30,13,22
1,<environment.Job instance at 0x7fce22226410>,16,3,[5 1],17,25,28,8,22
1,<environment.Job instance at 0x7fce28520d70>,18,3,[ 4 10],19,30,33,11,28
1,<environment.Job instance at 0x7fcdddf12d70>,20,3,[ 1 10],21,35,38,14,35
1,<environment.Job instance at 0x7fcdde619f50>,24,17,[5 1],25,53,70,28,53
1,<environment.Job instance at 0x7fcdde619c30>,25,1,[2 7],26,53,54,27,53
1,<environment.Job instance at 0x7fcdde5fb1e0>,26,2,[8 2],27,53,55,26,53
1,<environment.Job instance at 0x7fcdde5fb3c0>,27,23,[2 9],28,54,77,26,53
1,<environment.Job instance at 0x7fcdde5fb550>,28,2,[ 1 11],29,77,79,48,53
1,<environment.Job instance at 0x7fcdde5fb820>,31,2,[8 5],32,62,64,30,62
1,<environment.Job instance at 0x7fcdde5fbaa0>,32,2,[8 3],33,64,66,31,62
1,<environment.Job instance at 0x7fcdde5fbfa0>,33,16,[8 1],34,71,87,37,71
1,<environment.Job instance at 0x7fcdde5fbbe0>,35,2,[6 3],36,77,79,41,72
1,<environment.Job instance at 0x7fce21c5c5a0>,10,17,[11  3],11,87,104,76,79
1,<environment.Job instance at 0x7fcdddd200f0>,5,14,[5 5],6,104,118,98,99
1,<environment.Job instance at 0x7fcddde83410>,52,1,[3 6],53,105,106,52,105
1,<environment.Job instance at 0x7fce21db2550>,51,23,[10  2],52,106,129,54,106
1,<environment.Job instance at 0x7fcddde952d0>,54,18,[2 9],55,118,136,63,112
1,<environment.Job instance at 0x7fcdde609c30>,57,2,[7 4],58,129,131,71,119
1,<environment.Job instance at 0x7fcdddd7b910>,58,18,[1 6],59,131,149,72,120
1,<environment.Job instance at 0x7fce28abbc80>,63,14,[1 6],64,136,150,72,134
1,<environment.Job instance at 0x7fce220d7370>,64,17,[7 2],65,136,153,71,134
1,<environment.Job instance at 0x7fce220d7780>,65,1,[5 1],66,136,137,70,134
1,<environment.Job instance at 0x7fcdde1d68c0>,67,17,[10  1],68,153,170,85,146
1,<environment.Job instance at 0x7fce28aa63c0>,55,17,[5 9],56,150,167,94,147
1,<environment.Job instance at 0x7fcdde1b5dc0>,71,26,[14  5],72,170,196,98,167
1,<environment.Job instance at 0x7fcdde1b5c30>,75,3,[10  2],76,196,199,120,183
1,<environment.Job instance at 0x7fcdde1b5a00>,76,3,[5 3],77,196,199,119,183
1,<environment.Job instance at 0x7fcdde1b5aa0>,77,3,[5 8],78,199,202,121,183
1,<environment.Job instance at 0x7fcdde5c8280>,78,3,[9 1],79,199,202,120,187
1,<environment.Job instance at 0x7fce220df2d0>,81,2,[1 6],82,187,189,105,187
1,<environment.Job instance at 0x7fcdde454910>,82,1,[7 3],83,202,203,119,187
1,<environment.Job instance at 0x7fcdde4543c0>,83,1,[2 6],84,202,203,118,187
1,<environment.Job instance at 0x7fcdde445640>,87,3,[9 5],88,203,206,115,193
1,<environment.Job instance at 0x7fcdde4454b0>,91,21,[9 2],92,207,228,115,207
1,<environment.Job instance at 0x7fcdde445230>,92,2,[10  1],93,228,230,135,207
1,<environment.Job instance at 0x7fcdde445230>,2,1,[ 5 10],3,3,4,0,3
1,<environment.Job instance at 0x7fce28937050>,1,2,[5 1],2,3,5,1,3
1,<environment.Job instance at 0x7fcdddcb8280>,4,25,[1 6],5,5,30,0,5
1,<environment.Job instance at 0x7fcdddd106e0>,5,2,[10  4],6,6,8,0,6
1,<environment.Job instance at 0x7fce28996f00>,7,1,[8 1],8,8,9,0,8
1,<environment.Job instance at 0x7fcdddd8f5a0>,9,2,[10  4],10,10,12,0,10
1,<environment.Job instance at 0x7fcdde53c3c0>,10,1,[5 1],11,12,13,1,11
1,<environment.Job instance at 0x7fcdde4278c0>,20,1,[10  2],21,25,26,4,25
1,<environment.Job instance at 0x7fcdde40bd20>,22,24,[3 5],23,29,53,6,29
1,<environment.Job instance at 0x7fce292adc80>,23,3,[6 5],24,30,33,6,29
1,<environment.Job instance at 0x7fce28520320>,25,27,[1 5],26,41,68,15,41
1,<environment.Job instance at 0x7fcddddfceb0>,28,1,[6 1],29,58,59,29,58
1,<environment.Job instance at 0x7fcdde264780>,30,2,[1 8],31,59,61,28,59
1,<environment.Job instance at 0x7fcdde56e190>,31,1,[1 5],32,61,62,29,59
1,<environment.Job instance at 0x7fcdde56e4b0>,32,3,[ 4 10],33,62,65,29,59
1,<environment.Job instance at 0x7fcdde56e6e0>,33,14,[11  5],34,65,79,31,59
1,<environment.Job instance at 0x7fcdde56ef50>,36,3,[4 5],37,72,75,35,72
1,<environment.Job instance at 0x7fcdde56ed70>,37,3,[3 6],38,75,78,37,72
1,<environment.Job instance at 0x7fcdde56e050>,38,2,[ 4 10],39,78,80,39,72
1,<environment.Job instance at 0x7fcdde56e280>,40,2,[1 6],41,80,82,39,73
1,<environment.Job instance at 0x7fcdde56e0a0>,41,19,[5 8],42,80,99,38,73
1,<environment.Job instance at 0x7fce21a9d500>,43,1,[5 9],44,99,100,55,85
1,<environment.Job instance at 0x7fce21a9d730>,44,14,[ 1 10],45,100,114,55,85
1,<environment.Job instance at 0x7fce21a9dcd0>,45,2,[5 5],46,85,87,39,85
1,<environment.Job instance at 0x7fce21a9d5f0>,47,18,[1 6],48,114,132,66,103
1,<environment.Job instance at 0x7fce21a9d960>,52,16,[8 5],53,118,134,65,118
1,<environment.Job instance at 0x7fce21a9d7d0>,53,21,[4 8],54,132,153,78,124
1,<environment.Job instance at 0x7fce286d0690>,57,1,[4 9],58,153,154,95,125
1,<environment.Job instance at 0x7fcddde8b870>,59,3,[4 5],60,138,141,78,138
1,<environment.Job instance at 0x7fce28a88a00>,61,2,[2 6],62,144,146,82,144
1,<environment.Job instance at 0x7fce2874fcd0>,63,2,[5 8],64,154,156,90,151
1,<environment.Job instance at 0x7fce2874ffa0>,64,16,[ 2 11],65,156,172,91,151
1,<environment.Job instance at 0x7fcddde19050>,66,2,[11  2],67,151,153,84,151
1,<environment.Job instance at 0x7fcddde19af0>,68,2,[7 2],69,159,161,90,159
1,<environment.Job instance at 0x7fcddde19cd0>,69,2,[6 2],70,159,161,89,159
1,<environment.Job instance at 0x7fce28ae8190>,72,3,[4 8],73,172,175,99,162
1,<environment.Job instance at 0x7fce28ae8050>,73,2,[9 2],74,162,164,88,162
1,<environment.Job instance at 0x7fcdde618c80>,75,1,[6 1],76,174,175,98,174
1,<environment.Job instance at 0x7fcdde427460>,19,16,[4 7],20,177,193,157,177
1,<environment.Job instance at 0x7fcdde618370>,76,15,[13  1],77,193,208,116,187
1,<environment.Job instance at 0x7fce28c753c0>,82,1,[ 2 10],83,193,194,110,187
1,<environment.Job instance at 0x7fce28c75320>,83,2,[ 2 10],84,194,196,110,187
1,<environment.Job instance at 0x7fce28c755f0>,84,1,[10  4],85,187,188,102,187
1,<environment.Job instance at 0x7fcdddf83870>,85,2,[5 5],86,188,190,102,187
1,<environment.Job instance at 0x7fcdde593d70>,87,1,[4 5],88,190,191,102,188
1,<environment.Job instance at 0x7fce28b8dcd0>,88,1,[3 6],89,191,192,102,188
1,<environment.Job instance at 0x7fce28b8d730>,89,2,[1 6],90,196,198,106,188
1,<environment.Job instance at 0x7fce28b8d370>,90,22,[5 2],91,208,230,117,201
1,<environment.Job instance at 0x7fce28b8d4b0>,91,3,[5 6],92,208,211,116,201
1,<environment.Job instance at 0x7fce28b8db40>,92,1,[11  5],93,230,231,137,202
1,<environment.Job instance at 0x7fce28b8d910>,93,2,[ 4 10],94,211,213,117,202
1,<environment.Job instance at 0x7fce28b8d140>,94,3,[8 4],95,213,216,118,202
1,<environment.Job instance at 0x7fcdde427500>,3,13,[ 1 11],4,5,18,1,5
1,<environment.Job instance at 0x7fce21c77870>,1,18,[12  2],2,6,24,4,6
1,<environment.Job instance at 0x7fce21bc2280>,11,24,[10  2],12,24,48,12,19
1,<environment.Job instance at 0x7fce28b8d140>,2,2,[ 2 13],3,21,23,18,21
1,<environment.Job instance at 0x7fce21bc2b40>,13,3,[3 8],14,23,26,9,21
1,<environment.Job instance at 0x7fce21bc2550>,17,21,[1 8],18,26,47,8,25
1,<environment.Job instance at 0x7fcdde065870>,21,2,[8 5],22,48,50,26,43
1,<environment.Job instance at 0x7fce21bc2fa0>,22,2,[10  3],23,50,52,27,43
1,<environment.Job instance at 0x7fcdde065690>,23,25,[6 2],24,52,77,28,48
1,<environment.Job instance at 0x7fcdde065410>,26,20,[ 5 11],27,59,79,32,59
1,<environment.Job instance at 0x7fcdde065140>,29,13,[10  1],30,77,90,47,72
1,<environment.Job instance at 0x7fcdde0d20a0>,31,1,[6 1],32,90,91,58,73
1,<environment.Job instance at 0x7fcdde0d2b40>,32,1,[1 8],33,79,80,46,73
1,<environment.Job instance at 0x7fcdde0d2cd0>,35,17,[2 5],36,86,103,50,86
1,<environment.Job instance at 0x7fcdde0d26e0>,36,15,[8 3],37,91,106,54,87
1,<environment.Job instance at 0x7fcdde0d2b90>,38,18,[5 3],39,102,120,63,102
1,<environment.Job instance at 0x7fcdde0d2fa0>,40,3,[5 4],41,106,109,65,102
1,<environment.Job instance at 0x7fcdde0d2910>,41,18,[14  2],42,120,138,78,109
1,<environment.Job instance at 0x7fcdde0d2690>,42,2,[5 1],43,110,112,67,110
1,<environment.Job instance at 0x7fcdde0d28c0>,49,1,[ 1 10],50,123,124,73,123
1,<environment.Job instance at 0x7fcdde0d2af0>,50,2,[13  1],51,138,140,87,123
1,<environment.Job instance at 0x7fcdddd98690>,51,17,[1 7],52,126,143,74,126
1,<environment.Job instance at 0x7fcdddd98140>,53,1,[4 7],54,140,141,86,136
1,<environment.Job instance at 0x7fcdddd98d70>,54,2,[ 5 10],55,143,145,88,136
1,<environment.Job instance at 0x7fcdddd98c30>,55,1,[11  2],56,141,142,85,136
1,<environment.Job instance at 0x7fcdddd988c0>,56,28,[5 5],57,142,170,85,141
1,<environment.Job instance at 0x7fcdddd98cd0>,60,24,[8 2],61,145,169,84,143
1,<environment.Job instance at 0x7fcdddd98960>,64,22,[9 1],65,169,191,104,162
1,<environment.Job instance at 0x7fcdddd98190>,70,13,[ 2 10],71,181,194,110,181
1,<environment.Job instance at 0x7fcddde04aa0>,72,3,[ 3 14],73,194,197,121,188
1,<environment.Job instance at 0x7fcddde04870>,74,3,[2 8],75,197,200,122,188
1,<environment.Job instance at 0x7fcddde045f0>,75,1,[3 9],76,200,201,124,188
1,<environment.Job instance at 0x7fcddde04410>,76,2,[5 7],77,197,199,120,188
1,<environment.Job instance at 0x7fcdddd98870>,62,19,[2 9],63,202,221,139,202
1,<environment.Job instance at 0x7fcddde04230>,81,22,[10  3],82,208,230,126,208
1,<environment.Job instance at 0x7fcddde04a00>,82,1,[ 4 10],83,221,222,138,208
1,<environment.Job instance at 0x7fce21c77960>,2,16,[12  1],3,4,20,1,4
1,<environment.Job instance at 0x7fcdde177f50>,5,24,[5 2],6,20,44,14,15
1,<environment.Job instance at 0x7fce21c2f370>,18,1,[5 5],19,29,30,10,29
1,<environment.Job instance at 0x7fce21c2f0a0>,22,1,[2 7],23,39,40,16,39
1,<environment.Job instance at 0x7fce21c2f140>,24,25,[9 4],25,52,77,27,52
1,<environment.Job instance at 0x7fce21e29280>,28,3,[ 1 10],29,52,55,23,52
1,<environment.Job instance at 0x7fce21c77320>,3,17,[5 5],4,57,74,53,57
1,<environment.Job instance at 0x7fce21c13050>,34,1,[9 3],35,77,78,42,70
1,<environment.Job instance at 0x7fce21c13a50>,37,3,[5 5],38,74,77,36,71
1,<environment.Job instance at 0x7fce21c13690>,38,17,[1 7],39,77,94,38,75
1,<environment.Job instance at 0x7fce21c13dc0>,39,1,[8 5],40,78,79,38,75
1,<environment.Job instance at 0x7fce21c13e60>,41,1,[ 4 13],42,94,95,52,86
1,<environment.Job instance at 0x7fce21c133c0>,42,1,[10  1],43,86,87,43,86
1,<environment.Job instance at 0x7fce21c13730>,43,2,[2 7],44,86,88,42,86
1,<environment.Job instance at 0x7fce21c135f0>,44,1,[2 9],45,95,96,50,86
1,<environment.Job instance at 0x7fce21c13cd0>,45,1,[5 5],46,88,89,42,86
1,<environment.Job instance at 0x7fce21e26fa0>,46,3,[10  1],47,89,92,42,86
1,<environment.Job instance at 0x7fce21e26410>,47,2,[5 6],48,92,94,44,86
1,<environment.Job instance at 0x7fce21e26c30>,48,3,[10  5],49,95,98,46,86
1,<environment.Job instance at 0x7fce21e26dc0>,49,3,[5 5],50,96,99,46,86
1,<environment.Job instance at 0x7fce21e26f00>,52,2,[ 3 10],53,98,100,45,87
1,<environment.Job instance at 0x7fce21e26870>,53,2,[6 4],54,99,101,45,87
1,<environment.Job instance at 0x7fce21e26280>,55,12,[10  3],56,103,115,47,103
1,<environment.Job instance at 0x7fce21e26640>,56,26,[7 5],57,115,141,58,112
1,<environment.Job instance at 0x7fce21e29140>,27,14,[ 4 10],28,114,128,86,114
1,<environment.Job instance at 0x7fce21c4db90>,62,25,[1 9],63,128,153,65,124
1,<environment.Job instance at 0x7fce21c4db40>,64,3,[5 6],65,141,144,76,130
1,<environment.Job instance at 0x7fce21c4dc80>,66,2,[6 5],67,144,146,77,136
1,<environment.Job instance at 0x7fce21c4deb0>,67,3,[7 3],68,146,149,78,136
1,<environment.Job instance at 0x7fce21c4de60>,69,3,[6 3],70,146,149,76,136
1,<environment.Job instance at 0x7fce21c4d0a0>,70,24,[5 4],71,149,173,78,144
1,<environment.Job instance at 0x7fce21e532d0>,74,2,[6 5],75,153,155,78,151
1,<environment.Job instance at 0x7fce21e534b0>,75,3,[8 4],76,155,158,79,151
1,<environment.Job instance at 0x7fce21c4daa0>,61,16,[1 7],62,155,171,93,153
1,<environment.Job instance at 0x7fce21e53fa0>,81,2,[4 8],82,179,181,97,179
1,<environment.Job instance at 0x7fce21e53d70>,83,3,[4 8],84,185,188,101,185
1,<environment.Job instance at 0x7fce21e53aa0>,84,1,[10  5],85,185,186,100,185
1,<environment.Job instance at 0x7fce21e234b0>,6,17,[ 3 14],7,195,212,188,195
1,<environment.Job instance at 0x7fce21e5af50>,88,27,[9 1],89,198,225,109,198
1,<environment.Job instance at 0x7fce21e5a8c0>,89,16,[1 7],90,212,228,122,199
1,<environment.Job instance at 0x7fce21e5ab40>,90,1,[ 5 10],91,228,229,137,200
1,<environment.Job instance at 0x7fce21e5a640>,91,2,[3 5],92,212,214,120,200
1,<environment.Job instance at 0x7fce21e5a370>,92,1,[9 4],93,225,226,132,200
1,<environment.Job instance at 0x7fce21e28140>,93,1,[ 5 10],94,229,230,135,201
1,<environment.Job instance at 0x7fce21e289b0>,94,1,[2 7],95,214,215,119,201
1,<environment.Job instance at 0x7fce21e28960>,95,1,[5 9],96,230,231,134,202
1,<environment.Job instance at 0x7f506bd01e10>,3,22,[2 5],4,4,26,0,4
1,<environment.Job instance at 0x7f50648672d0>,5,2,[1 6],6,6,8,0,6
1,<environment.Job instance at 0x7f50648676e0>,8,17,[1 8],9,10,27,1,10
1,<environment.Job instance at 0x7f5064867870>,10,22,[8 1],11,11,33,0,11
1,<environment.Job instance at 0x7f50648679b0>,11,3,[4 9],12,27,30,15,12
1,<environment.Job instance at 0x7f5064867aa0>,12,23,[6 4],13,30,53,17,24
1,<environment.Job instance at 0x7f5064867a50>,14,21,[8 1],15,33,54,18,25
1,<environment.Job instance at 0x7f506bc77320>,1,3,[ 2 10],2,53,56,51,28
1,<environment.Job instance at 0x7f5064867a00>,20,3,[10  5],21,54,57,33,31
1,<environment.Job instance at 0x7f50648683c0>,24,2,[4 6],25,56,58,31,47
1,<environment.Job instance at 0x7f5064868460>,25,2,[5 7],26,57,59,31,47
1,<environment.Job instance at 0x7f5064868960>,28,17,[ 1 13],29,61,78,32,61
1,<environment.Job instance at 0x7f5064868a00>,29,2,[4 7],30,78,80,48,61
1,<environment.Job instance at 0x7f5064868aa0>,30,26,[9 4],31,78,104,47,75
1,<environment.Job instance at 0x7f506bc771e0>,2,14,[ 2 10],3,80,94,77,75
1,<environment.Job instance at 0x7f50648688c0>,31,1,[ 2 14],32,104,105,72,84
1,<environment.Job instance at 0x7f5064868dc0>,33,26,[3 6],34,105,131,71,102
1,<environment.Job instance at 0x7f5064867eb0>,19,25,[5 9],20,105,130,85,102
1,<environment.Job instance at 0x7f5064868690>,36,2,[7 5],37,130,132,93,103
1,<environment.Job instance at 0x7f5064868c30>,38,2,[6 1],39,103,105,64,103
1,<environment.Job instance at 0x7f506486c280>,40,26,[ 1 10],41,131,157,90,128
1,<environment.Job instance at 0x7f506486c320>,41,1,[7 1],42,132,133,90,128
1,<environment.Job instance at 0x7f506486c690>,46,2,[3 5],47,133,135,86,128
1,<environment.Job instance at 0x7f506486c960>,48,12,[9 2],49,139,151,90,139
1,<environment.Job instance at 0x7f506486c4b0>,49,17,[10  2],50,151,168,101,139
1,<environment.Job instance at 0x7f506486c820>,50,2,[5 6],51,157,159,106,139
1,<environment.Job instance at 0x7f506486ca50>,51,2,[5 3],52,139,141,87,139
1,<environment.Job instance at 0x7f506486caf0>,52,2,[ 2 10],53,159,161,106,139
1,<environment.Job instance at 0x7f506486cb90>,53,3,[2 9],54,161,164,107,139
1,<environment.Job instance at 0x7f506486cf00>,56,3,[8 4],57,168,171,111,145
1,<environment.Job instance at 0x7f506486cfa0>,57,16,[ 2 11],58,164,180,106,151
1,<environment.Job instance at 0x7f506486e1e0>,60,2,[2 6],61,180,182,119,156
1,<environment.Job instance at 0x7f506486e550>,61,1,[7 5],62,180,181,118,156
1,<environment.Job instance at 0x7f506486e780>,64,2,[2 8],65,181,183,116,179
1,<environment.Job instance at 0x7f506486e820>,65,1,[5 8],66,183,184,117,179
1,<environment.Job instance at 0x7f506486e8c0>,66,2,[7 2],67,182,184,115,179
1,<environment.Job instance at 0x7f506486e960>,67,16,[1 9],68,185,201,117,185
1,<environment.Job instance at 0x7f506486eb40>,70,1,[5 4],71,185,186,114,185
1,<environment.Job instance at 0x7f506486ebe0>,71,2,[5 1],72,185,187,113,185
1,<environment.Job instance at 0x7f506486ed20>,73,2,[9 3],74,186,188,112,185
1,<environment.Job instance at 0x7f506486edc0>,74,2,[1 7],75,201,203,126,185
1,<environment.Job instance at 0x7f506486efa0>,75,3,[10  4],76,188,191,112,185
1,<environment.Job instance at 0x7f506486ef00>,76,13,[10  1],77,191,204,114,185
1,<environment.Job instance at 0x7f5064870190>,79,19,[10  3],80,204,223,124,201
1,<environment.Job instance at 0x7f50648701e0>,80,1,[5 5],81,203,204,122,201
1,<environment.Job instance at 0x7f50648702d0>,82,21,[4 8],83,208,229,125,208
1,<environment.Job instance at 0x7f506486c3c0>,42,2,[4 7],43,223,225,180,208
1,<environment.Job instance at 0x7f5064870640>,84,1,[5 5],85,225,226,140,211
1,<environment.Job instance at 0x7f5064870370>,83,18,[ 3 10],84,229,247,145,218
1,<environment.Job instance at 0x7f5064870370>,2,1,[8 3],3,3,4,0,3
1,<environment.Job instance at 0x7f5064884960>,4,19,[6 2],5,5,24,0,5
1,<environment.Job instance at 0x7f5020c630a0>,16,3,[7 5],17,35,38,18,35
1,<environment.Job instance at 0x7f5020c63820>,17,2,[5 3],18,35,37,17,35
1,<environment.Job instance at 0x7f5020c63280>,18,21,[2 7],19,35,56,16,35
1,<environment.Job instance at 0x7f5020c63460>,19,3,[10  4],20,38,41,18,38
1,<environment.Job instance at 0x7f5020c69730>,20,23,[4 7],21,41,64,20,38
1,<environment.Job instance at 0x7f5020c697d0>,25,19,[ 1 10],26,64,83,38,54
1,<environment.Job instance at 0x7f5020c68870>,27,2,[10  3],28,56,58,28,54
1,<environment.Job instance at 0x7f5020c687d0>,28,20,[ 2 10],29,83,103,54,74
1,<environment.Job instance at 0x7f5020c685f0>,30,1,[14  4],31,74,75,43,74
1,<environment.Job instance at 0x7f5020c68370>,33,1,[4 8],34,103,104,69,76
1,<environment.Job instance at 0x7f5020c689b0>,37,18,[ 1 14],38,104,122,66,93
1,<environment.Job instance at 0x7f5020c627d0>,38,23,[1 9],39,122,145,83,116
1,<environment.Job instance at 0x7f5020c62910>,43,18,[5 1],44,125,143,81,125
1,<environment.Job instance at 0x7f5020c63dc0>,12,15,[ 2 14],13,145,160,132,135
1,<environment.Job instance at 0x7f5020cc8be0>,46,2,[10  2],47,143,145,96,137
1,<environment.Job instance at 0x7f5020c75b90>,45,17,[12  1],46,145,162,99,137
1,<environment.Job instance at 0x7f5020cc8500>,48,19,[4 7],49,162,181,113,156
1,<environment.Job instance at 0x7f5020de49b0>,54,2,[3 8],55,160,162,105,160
1,<environment.Job instance at 0x7f5020c7f500>,55,18,[5 4],56,162,180,106,161
1,<environment.Job instance at 0x7f5020d555a0>,56,1,[5 1],57,163,164,106,163
1,<environment.Job instance at 0x7f5020d555f0>,57,2,[ 1 12],58,181,183,123,167
1,<environment.Job instance at 0x7f5020c7f0a0>,58,13,[2 7],59,183,196,124,168
1,<environment.Job instance at 0x7f5020d44500>,59,2,[7 2],60,180,182,120,170
1,<environment.Job instance at 0x7f5020d44b90>,61,13,[8 1],62,182,195,120,174
1,<environment.Job instance at 0x7f5020c68230>,35,21,[1 6],36,183,204,147,182
1,<environment.Job instance at 0x7f5020da97d0>,63,13,[9 2],64,195,208,131,191
1,<environment.Job instance at 0x7f5020d52fa0>,67,14,[10  3],68,208,222,140,193
1,<environment.Job instance at 0x7f5064884780>,8,27,[ 3 12],9,204,231,195,202
1,<environment.Job instance at 0x7f5020d52370>,68,3,[5 1],69,222,225,153,205
1,<environment.Job instance at 0x7f5020c7baa0>,50,16,[14  3],51,231,247,180,218
1,<environment.Job instance at 0x7f5064882b90>,0,26,[8 3],1,1,27,0,1
1,<environment.Job instance at 0x7f5064882230>,7,3,[10  5],8,27,30,19,10
1,<environment.Job instance at 0x7f506bde15a0>,16,2,[2 7],17,26,28,9,26
1,<environment.Job instance at 0x7f5020ab0b90>,17,13,[ 5 10],18,28,41,10,26
1,<environment.Job instance at 0x7f5020ab0500>,18,1,[9 5],19,30,31,11,26
1,<environment.Job instance at 0x7f5020ab08c0>,19,18,[5 2],20,31,49,11,26
1,<environment.Job instance at 0x7f506bde8500>,22,17,[8 2],23,41,58,18,41
1,<environment.Job instance at 0x7f5020ab0c80>,23,3,[2 8],24,41,44,17,41
1,<environment.Job instance at 0x7f5020abff50>,25,17,[12  4],26,58,75,32,46
1,<environment.Job instance at 0x7f50645dfa00>,27,2,[9 3],28,75,77,47,58
1,<environment.Job instance at 0x7f5020b25f50>,28,2,[3 5],29,58,60,29,58
1,<environment.Job instance at 0x7f5064d2ef00>,31,13,[1 7],32,73,86,41,73
1,<environment.Job instance at 0x7f5064d2e2d0>,32,1,[10  4],33,77,78,44,73
1,<environment.Job instance at 0x7f50645eed70>,34,18,[10  5],35,78,96,43,78
1,<environment.Job instance at 0x7f5020b2bc30>,35,3,[8 3],36,96,99,60,78
1,<environment.Job instance at 0x7f5066e1e460>,36,16,[2 9],37,90,106,53,90
1,<environment.Job instance at 0x7f506bcff050>,37,2,[ 3 11],38,106,108,68,90
1,<environment.Job instance at 0x7f506463b5a0>,39,2,[2 7],40,108,110,68,90
1,<environment.Job instance at 0x7f5020b184b0>,42,27,[8 3],43,106,133,63,106
1,<environment.Job instance at 0x7f5064a8a1e0>,43,18,[1 6],44,123,141,79,123
1,<environment.Job instance at 0x7f506bdf2190>,46,27,[2 6],47,123,150,76,123
1,<environment.Job instance at 0x7f506bdeb6e0>,49,1,[8 5],50,141,142,91,127
1,<environment.Job instance at 0x7f506bdebe60>,50,14,[ 4 14],51,150,164,99,135
1,<environment.Job instance at 0x7f506bde4410>,56,2,[7 5],57,142,144,85,142
1,<environment.Job instance at 0x7f506bde4550>,57,1,[2 8],58,144,145,86,142
1,<environment.Job instance at 0x7f5020bb4b40>,58,3,[2 9],59,145,148,86,142
1,<environment.Job instance at 0x7f506bde6460>,59,3,[2 7],60,164,167,104,142
1,<environment.Job instance at 0x7f5020ba4fa0>,63,1,[7 1],64,152,153,88,152
1,<environment.Job instance at 0x7f5020ac3cd0>,66,21,[ 4 10],67,167,188,100,159
1,<environment.Job instance at 0x7f5020ac3370>,67,23,[2 8],68,188,211,120,182
1,<environment.Job instance at 0x7f506bddf5f0>,14,2,[11  3],15,182,184,167,182
1,<environment.Job instance at 0x7f5064c9aaf0>,69,19,[13  3],70,188,207,118,186
1,<environment.Job instance at 0x7f5064d0cc80>,74,13,[ 4 11],75,211,224,136,200
1,<environment.Job instance at 0x7f50646428c0>,76,14,[9 4],77,207,221,130,201
1,<environment.Job instance at 0x7f5064642d20>,77,1,[7 2],78,221,222,143,202
1,<environment.Job instance at 0x7f50645e8050>,80,25,[6 4],81,222,247,141,218
1,<environment.Job instance at 0x7f50646425a0>,81,1,[3 6],82,224,225,142,218
1,<environment.Job instance at 0x7f50645e8960>,82,3,[14  5],83,247,250,164,221
1,<environment.Job instance at 0x7f506700dd20>,0,22,[7 1],1,1,23,0,1
1,<environment.Job instance at 0x7f5020eba730>,2,21,[5 7],3,3,24,0,3
1,<environment.Job instance at 0x7f506b9ef370>,7,1,[ 4 10],8,24,25,16,8
1,<environment.Job instance at 0x7f50646c9190>,10,3,[10  1],11,23,26,12,12
1,<environment.Job instance at 0x7f5064a12aa0>,15,15,[5 9],16,25,40,9,16
1,<environment.Job instance at 0x7f50646c8d20>,16,2,[2 6],17,17,19,0,17
1,<environment.Job instance at 0x7f5066e8f3c0>,17,1,[5 1],18,26,27,8,18
1,<environment.Job instance at 0x7f5067450960>,18,1,[10  1],19,27,28,8,19
1,<environment.Job instance at 0x7f5064972fa0>,19,2,[4 7],20,40,42,20,20
1,<environment.Job instance at 0x7f5064a66cd0>,20,26,[3 7],21,40,66,19,37
1,<environment.Job instance at 0x7f5066ec1cd0>,25,18,[4 9],26,66,84,40,55
1,<environment.Job instance at 0x7f5064c262d0>,26,1,[10  1],27,55,56,28,55
1,<environment.Job instance at 0x7f506493af50>,29,1,[12  2],30,56,57,26,55
1,<environment.Job instance at 0x7f50646b8730>,35,1,[1 8],36,84,85,48,72
1,<environment.Job instance at 0x7f50646b8af0>,36,12,[10  1],37,72,84,35,72
1,<environment.Job instance at 0x7f5064858690>,37,2,[3 7],38,84,86,46,72
1,<environment.Job instance at 0x7f50646b8d20>,38,2,[1 6],39,85,87,46,72
1,<environment.Job instance at 0x7f50648c6aa0>,39,3,[7 2],40,85,88,45,72
1,<environment.Job instance at 0x7f50648c6cd0>,41,27,[7 1],42,86,113,44,86
1,<environment.Job instance at 0x7f50648c6be0>,42,26,[ 3 10],43,91,117,48,91
1,<environment.Job instance at 0x7f50648c6140>,43,2,[ 3 13],44,117,119,73,92
1,<environment.Job instance at 0x7f50648c6730>,45,21,[ 2 10],46,119,140,73,111
1,<environment.Job instance at 0x7f50648c6820>,47,1,[ 3 14],48,140,141,92,112
1,<environment.Job instance at 0x7f50648c6550>,48,12,[ 2 11],49,141,153,92,124
1,<environment.Job instance at 0x7f50648a1b90>,51,17,[11  3],52,141,158,89,129
1,<environment.Job instance at 0x7f50648a10f0>,52,16,[12  1],53,158,174,105,145
1,<environment.Job instance at 0x7f50648a1b40>,54,2,[7 1],55,174,176,119,149
1,<environment.Job instance at 0x7f50648cb6e0>,57,1,[7 3],58,174,175,116,149
1,<environment.Job instance at 0x7f506489e690>,58,3,[9 3],59,176,179,117,150
1,<environment.Job instance at 0x7f5064af05a0>,59,15,[ 3 10],60,153,168,93,152
1,<environment.Job instance at 0x7f50648a17d0>,53,15,[ 4 13],54,179,194,125,165
1,<environment.Job instance at 0x7f506489ebe0>,63,24,[2 6],64,194,218,130,189
1,<environment.Job instance at 0x7f50646d5230>,65,2,[ 2 11],66,218,220,152,191
1,<environment.Job instance at 0x7f50646d5fa0>,68,3,[ 1 10],69,220,223,151,194
1,<environment.Job instance at 0x7f50648da460>,69,3,[3 7],70,194,197,124,194
1,<environment.Job instance at 0x7f506b9ef5f0>,11,12,[2 6],12,198,210,186,198
1,<environment.Job instance at 0x7f506489ef00>,60,17,[10  2],61,198,215,137,198
1,<environment.Job instance at 0x7f50648da500>,73,1,[5 5],74,215,216,141,200
1,<environment.Job instance at 0x7f50648b09b0>,75,19,[6 3],76,215,234,139,205
1,<environment.Job instance at 0x7f5064cb66e0>,79,1,[2 8],80,223,224,143,209
1,<environment.Job instance at 0x7f5064cb6050>,80,3,[1 9],81,224,227,143,209
1,<environment.Job instance at 0x7f5067450aa0>,2,1,[5 3],3,3,4,0,3
1,<environment.Job instance at 0x7f5020f67690>,3,27,[3 5],4,4,31,0,4
1,<environment.Job instance at 0x7f50210031e0>,4,1,[12  4],5,5,6,0,5
1,<environment.Job instance at 0x7f5020f6c2d0>,5,2,[14  1],6,31,33,25,6
1,<environment.Job instance at 0x7f5021014550>,12,3,[4 7],13,18,21,5,18
1,<environment.Job instance at 0x7f5020f2fb40>,19,3,[3 7],20,33,36,13,30
1,<environment.Job instance at 0x7f5020eaf140>,21,3,[5 4],22,37,40,15,37
1,<environment.Job instance at 0x7f5020ef5280>,24,1,[4 7],25,42,43,17,42
1,<environment.Job instance at 0x7f5020f130a0>,25,18,[3 9],26,43,61,17,43
1,<environment.Job instance at 0x7f5020f47af0>,26,27,[10  4],27,43,70,16,43
1,<environment.Job instance at 0x7f5020f47f00>,30,1,[ 5 11],31,61,62,30,56
1,<environment.Job instance at 0x7f5020f47c30>,31,18,[4 8],32,62,80,30,57
1,<environment.Job instance at 0x7f5020f47a50>,32,25,[7 3],33,70,95,37,66
1,<environment.Job instance at 0x7f5020f470a0>,35,2,[ 2 10],36,80,82,44,68
1,<environment.Job instance at 0x7f5020f497d0>,38,13,[ 3 10],39,82,95,43,72
1,<environment.Job instance at 0x7f5020f492d0>,40,16,[10  3],41,95,111,54,82
1,<environment.Job instance at 0x7f5020f4f280>,42,2,[3 9],43,95,97,52,93
1,<environment.Job instance at 0x7f5020f49870>,44,3,[9 2],45,111,114,66,95
1,<environment.Job instance at 0x7f5020f510f0>,45,3,[8 2],46,114,117,68,95
1,<environment.Job instance at 0x7f5020f51d70>,47,3,[2 7],48,97,100,49,96
1,<environment.Job instance at 0x7f5020f49230>,37,13,[4 7],38,103,116,65,103
1,<environment.Job instance at 0x7f5020f510a0>,48,14,[13  2],49,117,131,68,108
1,<environment.Job instance at 0x7f5020f53fa0>,56,1,[2 8],57,123,124,66,123
1,<environment.Job instance at 0x7f5020f53780>,60,18,[1 7],61,128,146,67,128
1,<environment.Job instance at 0x7f5020f536e0>,63,1,[6 2],64,142,143,78,142
1,<environment.Job instance at 0x7f5020f4cd70>,64,2,[2 7],65,143,145,78,142
1,<environment.Job instance at 0x7f5020f4c9b0>,65,26,[4 8],66,145,171,79,142
1,<environment.Job instance at 0x7f5020f40870>,66,20,[4 8],67,171,191,104,162
1,<environment.Job instance at 0x7f5067331460>,69,1,[5 6],70,162,163,92,162
1,<environment.Job instance at 0x7f506732a4b0>,70,25,[5 4],71,164,189,93,164
1,<environment.Job instance at 0x7f506732b870>,72,1,[6 5],73,189,190,116,164
1,<environment.Job instance at 0x7f506732a190>,73,18,[ 2 10],74,191,209,117,180
1,<environment.Job instance at 0x7f5020ea7730>,75,25,[5 7],76,209,234,133,205
1,<environment.Job instance at 0x7f50673574b0>,77,22,[5 8],78,209,231,131,205
1,<environment.Job instance at 0x7f5020ea7e10>,79,3,[11  3],80,205,208,125,205
1,<environment.Job instance at 0x7f506732e370>,82,2,[10  4],83,231,233,148,205
1,<environment.Job instance at 0x7f5064c0bc80>,2,3,[7 4],3,10,13,7,10
1,<environment.Job instance at 0x7f5064631cd0>,9,17,[ 2 10],10,14,31,4,14
1,<environment.Job instance at 0x7f506492ecd0>,13,20,[8 4],14,16,36,2,16
1,<environment.Job instance at 0x7f506492e5f0>,14,2,[7 1],15,31,33,16,16
1,<environment.Job instance at 0x7f506492e780>,15,3,[2 6],16,33,36,17,16
1,<environment.Job instance at 0x7f506492e050>,16,1,[1 6],17,36,37,19,17
1,<environment.Job instance at 0x7f5064aa97d0>,17,27,[8 5],18,36,63,18,34
1,<environment.Job instance at 0x7f5064aa90f0>,22,17,[3 5],23,42,59,19,42
1,<environment.Job instance at 0x7f5064aa9eb0>,27,3,[10  5],28,63,66,35,52
1,<environment.Job instance at 0x7f5064aa9190>,30,13,[1 9],31,61,74,30,61
1,<environment.Job instance at 0x7f5064aa9d70>,32,24,[4 6],33,69,93,36,69
1,<environment.Job instance at 0x7f506729e500>,3,15,[4 8],4,74,89,70,69
1,<environment.Job instance at 0x7f5064aa9f00>,33,15,[ 2 13],34,93,108,59,79
1,<environment.Job instance at 0x7f50646315a0>,11,18,[8 1],12,89,107,77,81
1,<environment.Job instance at 0x7f5064aa95a0>,29,2,[ 2 12],30,108,110,78,84
1,<environment.Job instance at 0x7f5064c27140>,39,1,[3 6],40,89,90,49,87
1,<environment.Job instance at 0x7f5064c27a00>,43,13,[ 3 11],44,110,123,66,99
1,<environment.Job instance at 0x7f5064c270f0>,45,3,[5 3],46,108,111,62,101
1,<environment.Job instance at 0x7f5064c27e60>,38,1,[1 9],39,123,124,84,106
1,<environment.Job instance at 0x7f5064c27aa0>,46,15,[11  2],47,111,126,64,107
1,<environment.Job instance at 0x7f5064c27820>,48,3,[7 2],49,126,129,77,107
1,<environment.Job instance at 0x7f5064b2e5f0>,5,15,[ 4 12],6,124,139,118,119
1,<environment.Job instance at 0x7f5064c27960>,49,18,[ 5 10],50,139,157,89,132
1,<environment.Job instance at 0x7f50648dbeb0>,55,1,[10  5],56,139,140,83,136
1,<environment.Job instance at 0x7f50647ca0f0>,59,2,[6 4],60,159,161,99,159
1,<environment.Job instance at 0x7f50647ca5f0>,60,25,[10  4],61,161,186,100,159
1,<environment.Job instance at 0x7f50647271e0>,61,3,[5 9],62,165,168,103,165
1,<environment.Job instance at 0x7f50647273c0>,67,1,[5 4],68,174,175,106,174
1,<environment.Job instance at 0x7f50647275a0>,68,3,[3 5],69,175,178,106,174
1,<environment.Job instance at 0x7f5064727410>,69,12,[1 6],70,176,188,106,176
1,<environment.Job instance at 0x7f5064727b40>,71,3,[7 5],72,186,189,114,183
1,<environment.Job instance at 0x7f5064c279b0>,47,12,[7 2],48,194,206,146,194
1,<environment.Job instance at 0x7f5064aa9c80>,37,18,[14  1],38,206,224,168,195
1,<environment.Job instance at 0x7f5066e7a230>,77,16,[13  1],78,224,240,146,216
1,<environment.Job instance at 0x7f5066e7a4b0>,3,3,[2 7],4,4,7,0,4
1,<environment.Job instance at 0x7f5067233730>,7,28,[4 9],8,14,42,6,14
1,<environment.Job instance at 0x7f5020eb1c80>,14,13,[5 5],15,29,42,14,29
1,<environment.Job instance at 0x7f5020eb11e0>,11,18,[13  5],12,42,60,30,31
1,<environment.Job instance at 0x7f5021013500>,18,1,[14  2],19,60,61,41,37
1,<environment.Job instance at 0x7f506729e370>,31,2,[3 8],32,61,63,29,52
1,<environment.Job instance at 0x7f5020c7baf0>,32,1,[8 4],33,61,62,28,52
1,<environment.Job instance at 0x7f5064838140>,35,18,[9 1],36,62,80,26,55
1,<environment.Job instance at 0x7f5066fe1230>,36,3,[4 7],37,63,66,26,55
1,<environment.Job instance at 0x7f50647df140>,38,1,[1 9],39,66,67,27,64
1,<environment.Job instance at 0x7f50674c6c80>,39,2,[4 9],40,67,69,27,64
1,<environment.Job instance at 0x7f5064b2f910>,41,2,[4 7],42,69,71,27,67
1,<environment.Job instance at 0x7f5064b2fb40>,42,12,[5 5],43,71,83,28,69
1,<environment.Job instance at 0x7f5064763280>,43,1,[9 5],44,80,81,36,69
1,<environment.Job instance at 0x7f5064763a50>,44,21,[8 1],45,81,102,36,73
1,<environment.Job instance at 0x7f50647938c0>,46,2,[7 3],47,83,85,36,77
1,<environment.Job instance at 0x7f50647930f0>,47,1,[1 7],48,77,78,29,77
1,<environment.Job instance at 0x7f5064793960>,48,3,[1 5],49,78,81,29,77
1,<environment.Job instance at 0x7f50647f9eb0>,49,25,[ 3 10],50,85,110,35,85
1,<environment.Job instance at 0x7f5064902230>,52,2,[6 5],53,102,104,49,89
1,<environment.Job instance at 0x7f5064b25be0>,56,15,[4 7],57,111,126,54,111
1,<environment.Job instance at 0x7f5064b25fa0>,57,23,[9 2],58,111,134,53,111
1,<environment.Job instance at 0x7f50647f1b40>,61,3,[9 5],62,134,137,72,117
1,<environment.Job instance at 0x7f50647f1e10>,62,3,[8 1],63,137,140,74,117
1,<environment.Job instance at 0x7f506493bcd0>,64,1,[1 8],65,127,128,62,127
1,<environment.Job instance at 0x7f506493b230>,65,15,[9 1],66,140,155,74,127
1,<environment.Job instance at 0x7f506728b230>,19,1,[ 1 11],20,130,131,110,130
1,<environment.Job instance at 0x7f50647f9d70>,50,18,[ 2 11],51,137,155,86,132
1,<environment.Job instance at 0x7f50648ecdc0>,75,3,[7 5],76,155,158,79,155
1,<environment.Job instance at 0x7f5064760190>,76,17,[ 1 14],77,158,175,81,155
1,<environment.Job instance at 0x7f5064760140>,78,1,[3 8],79,175,176,96,158
1,<environment.Job instance at 0x7f50647991e0>,79,18,[14  4],80,176,194,96,165
1,<environment.Job instance at 0x7f50647b22d0>,83,24,[4 7],84,194,218,110,189
1,<environment.Job instance at 0x7f50647b2640>,85,3,[6 4],86,198,201,112,198
1,<environment.Job instance at 0x7f50647b27d0>,87,1,[7 3],88,201,202,113,198
1,<environment.Job instance at 0x7f50647b2280>,88,23,[ 4 10],89,218,241,129,212
1,<environment.Job instance at 0x7f50647b2140>,89,2,[4 6],90,212,214,122,212
1,<environment.Job instance at 0x7f502102b910>,3,3,[11  3],4,4,7,0,4
1,<environment.Job instance at 0x7f506493b410>,4,1,[4 7],5,5,6,0,5
1,<environment.Job instance at 0x7f5020dc7730>,8,3,[9 2],9,9,12,0,9
1,<environment.Job instance at 0x7f502102bfa0>,7,2,[8 2],8,12,14,4,12
1,<environment.Job instance at 0x7f5020e489b0>,15,2,[4 9],16,19,21,3,19
1,<environment.Job instance at 0x7f5020b8b550>,19,1,[5 5],20,21,22,1,21
1,<environment.Job instance at 0x7f5020b8b500>,18,16,[ 5 13],19,22,38,3,22
1,<environment.Job instance at 0x7f5020b8ba50>,23,2,[9 4],24,38,40,14,24
1,<environment.Job instance at 0x7f5020b8b820>,21,15,[14  4],22,40,55,18,26
1,<environment.Job instance at 0x7f5064916550>,20,3,[4 8],21,55,58,34,39
1,<environment.Job instance at 0x7f5020b8bc30>,28,17,[4 9],29,58,75,29,49
1,<environment.Job instance at 0x7f5020b8be60>,29,18,[9 5],30,56,74,26,56
1,<environment.Job instance at 0x7f5020b8bd70>,26,23,[10  4],27,75,98,48,75
1,<environment.Job instance at 0x7f5020b92640>,42,1,[2 7],43,91,92,48,91
1,<environment.Job instance at 0x7f5020b92820>,44,13,[10  1],45,102,115,57,102
1,<environment.Job instance at 0x7f5020b92960>,46,14,[1 5],47,109,123,62,109
1,<environment.Job instance at 0x7f5020b92a00>,47,1,[4 8],48,109,110,61,109
1,<environment.Job instance at 0x7f5020b92b40>,48,2,[10  1],49,115,117,66,109
1,<environment.Job instance at 0x7f5020b92d70>,49,25,[8 3],50,117,142,67,113
1,<environment.Job instance at 0x7f5020b92fa0>,52,24,[11  1],53,142,166,89,137
1,<environment.Job instance at 0x7f5020b920a0>,35,16,[3 8],36,139,155,103,139
1,<environment.Job instance at 0x7f5020b765f0>,62,18,[10  1],63,166,184,103,165
1,<environment.Job instance at 0x7f5020b76690>,63,2,[4 8],64,165,167,101,165
1,<environment.Job instance at 0x7f5020b76730>,64,1,[ 3 10],65,167,168,102,165
1,<environment.Job instance at 0x7f5020b76870>,66,3,[7 4],67,184,187,117,165
1,<environment.Job instance at 0x7f5020b76b40>,67,1,[8 2],68,184,185,116,165
1,<environment.Job instance at 0x7f5020b76b90>,68,2,[8 3],69,185,187,116,165
1,<environment.Job instance at 0x7f5020b76c30>,69,1,[ 3 10],70,168,169,98,165
1,<environment.Job instance at 0x7f5020b76cd0>,70,2,[8 2],71,187,189,116,165
1,<environment.Job instance at 0x7f5020b76d70>,71,18,[7 1],72,187,205,115,178
1,<environment.Job instance at 0x7f5020b92230>,53,18,[2 6],54,189,207,135,180
1,<environment.Job instance at 0x7f5020b92c80>,56,17,[1 6],57,189,206,132,180
1,<environment.Job instance at 0x7f5020b7e280>,80,3,[8 2],81,205,208,124,191
1,<environment.Job instance at 0x7f5020b7e640>,83,2,[12  1],84,208,210,124,194
1,<environment.Job instance at 0x7f5020b7e5a0>,84,1,[ 5 14],85,210,211,125,194
1,<environment.Job instance at 0x7f5020b7e050>,85,15,[10  1],86,210,225,124,196
1,<environment.Job instance at 0x7f5020b7e7d0>,86,21,[3 7],87,211,232,124,203
1,<environment.Job instance at 0x7f5020b7e1e0>,79,2,[10  1],80,225,227,145,208
1,<environment.Job instance at 0x7f50646510f0>,0,12,[ 4 12],1,1,13,0,1
1,<environment.Job instance at 0x7f5020c2c500>,4,2,[5 6],5,13,15,8,5
1,<environment.Job instance at 0x7f50645e28c0>,14,2,[2 8],15,16,18,1,16
1,<environment.Job instance at 0x7f50645e2e10>,15,22,[9 4],16,17,39,1,17
1,<environment.Job instance at 0x7f50647b2690>,19,27,[5 8],20,20,47,0,20
1,<environment.Job instance at 0x7f50645e2320>,18,14,[3 7],19,39,53,20,24
1,<environment.Job instance at 0x7f50648f4d70>,21,12,[10  5],22,47,59,25,31
1,<environment.Job instance at 0x7f50674f5640>,26,22,[3 8],27,53,75,26,46
1,<environment.Job instance at 0x7f5020c0b870>,30,1,[10  3],31,59,60,28,46
1,<environment.Job instance at 0x7f5064d01280>,32,1,[3 9],33,75,76,42,47
1,<environment.Job instance at 0x7f502c559e60>,33,1,[5 2],34,60,61,26,47
1,<environment.Job instance at 0x7f50649d5780>,35,15,[13  3],36,76,91,40,62
1,<environment.Job instance at 0x7f5064775b90>,42,1,[14  1],43,91,92,48,71
1,<environment.Job instance at 0x7f5064775dc0>,44,17,[14  4],45,92,109,47,80
1,<environment.Job instance at 0x7f5066e8b320>,48,24,[8 2],49,109,133,60,104
1,<environment.Job instance at 0x7f50647855f0>,49,27,[ 3 13],50,109,136,59,107
1,<environment.Job instance at 0x7f5066e8b960>,50,18,[ 2 12],51,136,154,85,125
1,<environment.Job instance at 0x7f50647f1460>,55,3,[5 4],56,154,157,98,128
1,<environment.Job instance at 0x7f5067127960>,56,24,[13  3],57,157,181,100,152
1,<environment.Job instance at 0x7f5064a82320>,67,1,[9 3],68,181,182,113,175
1,<environment.Job instance at 0x7f5064a82780>,68,3,[2 8],69,175,178,106,175
1,<environment.Job instance at 0x7f5064a82a00>,69,1,[9 1],70,182,183,112,175
1,<environment.Job instance at 0x7f5064a82dc0>,70,15,[9 2],71,183,198,112,179
1,<environment.Job instance at 0x7f5064a82af0>,73,26,[7 3],74,198,224,124,195
1,<environment.Job instance at 0x7f5066ef7780>,77,27,[1 8],78,202,229,124,202
1,<environment.Job instance at 0x7f5066f80c80>,64,15,[9 5],65,224,239,159,211
1,<environment.Job instance at 0x7f50645e2a50>,0,12,[ 1 11],1,2,14,1,2
1,<environment.Job instance at 0x7f506481d280>,3,15,[ 5 12],4,14,29,10,4
1,<environment.Job instance at 0x7f5020ebb640>,11,17,[10  2],12,17,34,5,17
1,<environment.Job instance at 0x7f5020f6b640>,14,3,[5 5],15,29,32,14,17
1,<environment.Job instance at 0x7f5020b0cc30>,8,2,[1 7],9,32,34,23,18
1,<environment.Job instance at 0x7f506705ffa0>,7,3,[3 6],8,32,35,24,21
1,<environment.Job instance at 0x7f506738f910>,18,12,[1 8],19,34,46,15,21
1,<environment.Job instance at 0x7f50646b48c0>,19,16,[6 3],20,35,51,15,23
1,<environment.Job instance at 0x7f50646b4eb0>,20,17,[11  3],21,51,68,30,47
1,<environment.Job instance at 0x7f5020bbea00>,33,3,[ 3 10],34,55,58,21,55
1,<environment.Job instance at 0x7f5064838780>,35,14,[6 4],36,69,83,33,69
1,<environment.Job instance at 0x7f5064838190>,36,3,[ 2 10],37,69,72,32,69
1,<environment.Job instance at 0x7f50648389b0>,37,24,[8 1],38,72,96,34,69
1,<environment.Job instance at 0x7f5066f17f00>,41,28,[5 9],42,83,111,41,82
1,<environment.Job instance at 0x7f5066f17140>,43,28,[6 1],44,96,124,52,95
1,<environment.Job instance at 0x7f5066f17a00>,44,2,[ 2 10],45,111,113,66,95
1,<environment.Job instance at 0x7f5066f17d70>,48,23,[ 3 10],49,113,136,64,110
1,<environment.Job instance at 0x7f5066f179b0>,51,3,[5 9],52,136,139,84,112
1,<environment.Job instance at 0x7f5020c60e10>,54,1,[6 3],55,121,122,66,121
1,<environment.Job instance at 0x7f50671245f0>,55,1,[8 4],56,124,125,68,121
1,<environment.Job instance at 0x7f50671249b0>,56,3,[9 4],57,125,128,68,121
1,<environment.Job instance at 0x7f506480c320>,57,19,[6 3],58,128,147,70,122
1,<environment.Job instance at 0x7f5064c97460>,23,12,[5 7],24,139,151,115,126
1,<environment.Job instance at 0x7f5067457b90>,64,17,[12  2],65,151,168,86,139
1,<environment.Job instance at 0x7f5064867b90>,66,22,[3 7],67,147,169,80,147
1,<environment.Job instance at 0x7f5066fc4b40>,72,1,[9 1],73,168,169,95,161
1,<environment.Job instance at 0x7f5020c75e10>,75,3,[ 2 10],76,179,182,103,179
1,<environment.Job instance at 0x7f5064836aa0>,76,28,[7 3],77,179,207,102,179
1,<environment.Job instance at 0x7f5066f17050>,53,18,[ 5 11],54,186,204,132,186
1,<environment.Job instance at 0x7f5020e9e8c0>,81,3,[4 9],82,204,207,122,196
1,<environment.Job instance at 0x7f5066fae370>,83,1,[1 6],84,207,208,123,196
1,<environment.Job instance at 0x7f5020b2bf00>,17,18,[7 5],18,211,229,193,211
1,<environment.Job instance at 0x7f5064d71be0>,0,22,[ 3 10],1,1,23,0,1
1,<environment.Job instance at 0x7f506bb7d0f0>,5,3,[ 1 10],6,23,26,17,6
1,<environment.Job instance at 0x7f5020ef5b90>,8,1,[2 8],9,26,27,17,9
1,<environment.Job instance at 0x7f506480b550>,9,2,[ 5 10],10,27,29,17,10
1,<environment.Job instance at 0x7f50211b9910>,10,2,[ 3 10],11,29,31,18,11
1,<environment.Job instance at 0x7f50647fcd70>,17,3,[ 5 11],18,31,34,13,19
1,<environment.Job instance at 0x7f50210c6dc0>,21,18,[ 3 14],22,34,52,12,23
1,<environment.Job instance at 0x7f50210af550>,27,3,[5 5],28,52,55,24,43
1,<environment.Job instance at 0x7f50210af4b0>,28,13,[14  3],29,55,68,26,43
1,<environment.Job instance at 0x7f50210af8c0>,35,14,[5 8],36,70,84,34,70
1,<environment.Job instance at 0x7f50210af9b0>,37,17,[3 7],38,73,90,35,73
1,<environment.Job instance at 0x7f50210afa50>,38,16,[7 5],39,84,100,45,78
1,<environment.Job instance at 0x7f50210afaf0>,39,20,[5 5],40,90,110,50,81
1,<environment.Job instance at 0x7f50210afb90>,40,1,[1 5],41,90,91,49,82
1,<environment.Job instance at 0x7f50210aff50>,44,3,[9 1],45,100,103,55,86
1,<environment.Job instance at 0x7f50210ce0a0>,46,18,[1 8],47,100,118,53,95
1,<environment.Job instance at 0x7f50210ce140>,47,2,[13  4],48,110,112,62,95
1,<environment.Job instance at 0x7f50210ce1e0>,48,1,[3 9],49,118,119,69,95
1,<environment.Job instance at 0x7f50210ce320>,49,1,[5 1],50,103,104,53,95
1,<environment.Job instance at 0x7f50210ce690>,52,2,[10  3],53,112,114,59,100
1,<environment.Job instance at 0x7f50210ce500>,54,3,[3 5],55,114,117,59,102
1,<environment.Job instance at 0x7f50210ce870>,56,13,[13  5],57,119,132,62,115
1,<environment.Job instance at 0x7f50210ce910>,57,28,[8 2],58,132,160,74,131
1,<environment.Job instance at 0x7f5066f17be0>,13,14,[3 7],14,142,156,128,142
1,<environment.Job instance at 0x7f50210a9190>,12,18,[2 9],13,156,174,143,149
1,<environment.Job instance at 0x7f50210cedc0>,61,14,[13  2],62,160,174,98,153
1,<environment.Job instance at 0x7f50210cef50>,65,2,[5 3],66,174,176,108,160
1,<environment.Job instance at 0x7f50210ced70>,60,17,[14  5],61,176,193,115,164
1,<environment.Job instance at 0x7f50210c9190>,67,3,[3 5],68,193,196,125,167
1,<environment.Job instance at 0x7f50210c9550>,73,2,[ 1 10],74,174,176,100,169
1,<environment.Job instance at 0x7f50210c95a0>,74,3,[5 4],75,193,196,118,169
1,<environment.Job instance at 0x7f50210c9730>,75,2,[4 7],76,196,198,120,175
1,<environment.Job instance at 0x7f50210c96e0>,77,17,[1 5],78,176,193,98,176
1,<environment.Job instance at 0x7f50210c97d0>,81,3,[5 7],82,196,199,114,182
1,<environment.Job instance at 0x7f50210c9e60>,82,1,[ 1 13],83,199,200,116,182
1,<environment.Job instance at 0x7f50210c9eb0>,83,25,[ 4 10],84,200,225,116,198
1,<environment.Job instance at 0x7f50210be280>,87,3,[10  3],88,200,203,112,199
1,<environment.Job instance at 0x7f50210c9870>,78,18,[8 4],79,203,221,124,199
1,<environment.Job instance at 0x7f50210be460>,90,2,[3 7],91,225,227,134,204
1,<environment.Job instance at 0x7f50647e3960>,0,28,[4 7],1,1,29,0,1
1,<environment.Job instance at 0x7f50210be370>,1,15,[ 5 14],2,29,44,27,15
1,<environment.Job instance at 0x7f5064a77410>,6,2,[5 9],7,44,46,37,17
1,<environment.Job instance at 0x7f5064a77640>,7,3,[6 2],8,17,20,9,17
1,<environment.Job instance at 0x7f5064a77e60>,8,2,[6 5],9,20,22,11,17
1,<environment.Job instance at 0x7f5064a776e0>,15,15,[10  3],16,44,59,28,32
1,<environment.Job instance at 0x7f5064a77730>,17,17,[ 4 14],18,59,76,41,47
1,<environment.Job instance at 0x7f50647bb910>,23,1,[ 4 10],24,76,77,52,62
1,<environment.Job instance at 0x7f50647bb690>,24,3,[4 7],25,77,80,52,62
1,<environment.Job instance at 0x7f50647bb190>,25,3,[3 8],26,77,80,51,62
1,<environment.Job instance at 0x7f5064a50dc0>,28,17,[ 1 10],29,80,97,51,72
1,<environment.Job instance at 0x7f5064a507d0>,30,1,[4 9],31,97,98,66,75
1,<environment.Job instance at 0x7f5064a50550>,31,3,[7 5],32,80,83,48,75
1,<environment.Job instance at 0x7f5064a50640>,32,1,[5 4],33,76,77,43,75
1,<environment.Job instance at 0x7f5064a50b40>,33,2,[5 7],34,98,100,64,75
1,<environment.Job instance at 0x7f5064a50e60>,34,1,[5 8],35,98,99,63,75
1,<environment.Job instance at 0x7f5064a501e0>,36,1,[ 1 10],37,100,101,63,75
1,<environment.Job instance at 0x7f506bdf2960>,37,2,[5 2],38,83,85,45,75
1,<environment.Job instance at 0x7f5064a50910>,38,2,[4 5],39,85,87,46,75
1,<environment.Job instance at 0x7f5064a50140>,39,2,[3 9],40,101,103,61,75
1,<environment.Job instance at 0x7f5064a14f50>,42,2,[ 2 10],43,103,105,60,91
1,<environment.Job instance at 0x7f5021085b90>,43,2,[ 5 10],44,105,107,61,91
1,<environment.Job instance at 0x7f5021085cd0>,44,17,[4 9],45,107,124,62,95
1,<environment.Job instance at 0x7f5021085fa0>,47,3,[5 6],48,107,110,59,95
1,<environment.Job instance at 0x7f50210859b0>,48,2,[6 4],49,95,97,46,95
1,<environment.Job instance at 0x7f5021085be0>,50,2,[5 5],51,110,112,59,109
1,<environment.Job instance at 0x7f5021085730>,51,16,[14  3],52,124,140,72,111
1,<environment.Job instance at 0x7f50210853c0>,52,3,[ 1 14],53,140,143,87,125
1,<environment.Job instance at 0x7f506bba2730>,61,2,[9 4],62,143,145,81,129
1,<environment.Job instance at 0x7f506bba2c30>,62,3,[10  3],63,145,148,82,129
1,<environment.Job instance at 0x7f506bba21e0>,64,13,[10  1],65,148,161,83,141
1,<environment.Job instance at 0x7f5064c7f3c0>,66,3,[ 5 11],67,143,146,76,141
1,<environment.Job instance at 0x7f5064c7fc80>,68,2,[9 5],69,161,163,92,156
1,<environment.Job instance at 0x7f50673ec0a0>,54,17,[5 2],55,158,175,103,158
1,<environment.Job instance at 0x7f5064c7f2d0>,69,18,[ 3 10],70,163,181,93,161
1,<environment.Job instance at 0x7f5064c7f140>,74,24,[8 1],75,175,199,100,170
1,<environment.Job instance at 0x7f5064c7f9b0>,76,25,[6 2],77,181,206,104,177
1,<environment.Job instance at 0x7f5021207e60>,78,2,[10  5],79,206,208,127,188
1,<environment.Job instance at 0x7f5021207780>,81,3,[3 8],82,207,210,125,207
1,<environment.Job instance at 0x7f50212071e0>,83,15,[3 8],84,210,225,126,208
1,<environment.Job instance at 0x7f5066fa1f50>,84,1,[8 1],85,208,209,123,208
1,<environment.Job instance at 0x7f5066fa1d20>,85,18,[3 6],86,211,229,125,211
1,<environment.Job instance at 0x7f5066fa1050>,86,12,[10  1],87,225,237,138,211
1,<environment.Job instance at 0x7f5066fa1a00>,87,1,[5 3],88,229,230,141,211
1,<environment.Job instance at 0x7f5066fa1c80>,88,3,[10  1],89,237,240,148,211
1,<environment.Job instance at 0x7f5020f681e0>,90,1,[5 7],91,230,231,139,211
1,<environment.Job instance at 0x7f50210be8c0>,3,3,[1 5],4,4,7,0,4
1,<environment.Job instance at 0x7f50210af500>,4,1,[5 2],5,5,6,0,5
1,<environment.Job instance at 0x7f50672ae2d0>,6,3,[3 9],7,7,10,0,7
1,<environment.Job instance at 0x7f50672ae8c0>,7,18,[2 7],8,10,28,2,9
1,<environment.Job instance at 0x7f5020d98320>,10,22,[9 3],11,11,33,0,11
1,<environment.Job instance at 0x7f5020d98640>,11,28,[1 5],12,12,40,0,12
1,<environment.Job instance at 0x7f5020d98fa0>,12,12,[ 4 14],13,40,52,27,23
1,<environment.Job instance at 0x7f50648ecd70>,13,2,[5 4],14,28,30,14,24
1,<environment.Job instance at 0x7f5020d98050>,18,1,[10  3],19,33,34,14,25
1,<environment.Job instance at 0x7f5020d98370>,16,14,[11  1],17,34,48,17,32
1,<environment.Job instance at 0x7f5020d980f0>,22,3,[4 7],23,52,55,29,35
1,<environment.Job instance at 0x7f5067511e10>,24,2,[14  4],25,55,57,30,38
1,<environment.Job instance at 0x7f5067511410>,25,3,[14  3],26,57,60,31,38
1,<environment.Job instance at 0x7f5020d982d0>,26,18,[12  4],27,60,78,33,49
1,<environment.Job instance at 0x7f5067511050>,27,3,[ 4 13],28,78,81,50,54
1,<environment.Job instance at 0x7f5067511280>,31,27,[6 5],32,81,108,49,79
1,<environment.Job instance at 0x7f50675115f0>,29,18,[5 9],30,81,99,51,79
1,<environment.Job instance at 0x7f5067511aa0>,33,3,[ 1 13],34,108,111,74,83
1,<environment.Job instance at 0x7f5067511fa0>,36,16,[ 1 12],37,111,127,74,98
1,<environment.Job instance at 0x7f5020eb9d70>,38,25,[10  1],39,108,133,69,104
1,<environment.Job instance at 0x7f5020eb9140>,46,1,[8 3],47,133,134,86,110
1,<environment.Job instance at 0x7f5020eb95a0>,47,25,[1 9],48,127,152,79,123
1,<environment.Job instance at 0x7f5020eb9c80>,49,27,[9 3],50,134,161,84,132
1,<environment.Job instance at 0x7f50647940f0>,51,28,[6 2],52,152,180,100,151
1,<environment.Job instance at 0x7f5064794870>,53,3,[2 7],54,161,164,107,151
1,<environment.Job instance at 0x7f5067511f50>,34,17,[7 2],35,161,178,126,152
1,<environment.Job instance at 0x7f5064794af0>,61,1,[6 4],62,178,179,116,157
1,<environment.Job instance at 0x7f50647944b0>,59,15,[8 4],60,179,194,119,167
1,<environment.Job instance at 0x7f5064794410>,67,13,[7 4],68,180,193,112,174
1,<environment.Job instance at 0x7f5067359b90>,71,1,[10  2],72,194,195,122,174
1,<environment.Job instance at 0x7f50673590a0>,73,1,[ 4 14],74,195,196,121,175
1,<environment.Job instance at 0x7f5067359dc0>,74,2,[5 6],75,193,195,118,175
1,<environment.Job instance at 0x7f5067359f00>,75,3,[7 1],76,195,198,119,176
1,<environment.Job instance at 0x7f5067359410>,76,2,[2 9],77,177,179,100,177
1,<environment.Job instance at 0x7f50648eca50>,8,12,[ 1 13],9,196,208,187,181
1,<environment.Job instance at 0x7f5064aa2280>,81,3,[5 8],82,208,211,126,182
1,<environment.Job instance at 0x7f5064aa2870>,85,3,[7 2],86,198,201,112,189
1,<environment.Job instance at 0x7f5064aa20f0>,88,25,[3 6],89,208,233,119,206
1,<environment.Job instance at 0x7f5064794c30>,62,14,[6 3],63,211,225,148,211
1,<environment.Job instance at 0x7f5064aa2f50>,82,2,[10  5],83,225,227,142,211
1,<environment.Job instance at 0x7f5064aa21e0>,1,2,[6 4],2,2,4,0,2
1,<environment.Job instance at 0x7f5066fd8e60>,2,3,[10  5],3,4,7,1,3
1,<environment.Job instance at 0x7f5064641c80>,6,1,[10  1],7,7,8,0,7
1,<environment.Job instance at 0x7f5020f3a140>,8,3,[1 8],9,9,12,0,9
1,<environment.Job instance at 0x7f5020ec1460>,9,1,[5 8],10,12,13,2,10
1,<environment.Job instance at 0x7f5066fd8190>,12,18,[ 5 10],13,22,40,9,22
1,<environment.Job instance at 0x7f50645da7d0>,21,16,[ 5 10],22,40,56,18,36
1,<environment.Job instance at 0x7f50645da0a0>,22,15,[9 1],23,44,59,21,44
1,<environment.Job instance at 0x7f50648d4a00>,18,2,[3 6],19,56,58,37,51
1,<environment.Job instance at 0x7f50208a4320>,13,17,[13  3],14,59,76,45,52
1,<environment.Job instance at 0x7f50648b5140>,32,21,[1 8],33,64,85,31,64
1,<environment.Job instance at 0x7f50648b5550>,37,22,[7 5],38,76,98,38,75
1,<environment.Job instance at 0x7f50648c3d70>,41,16,[ 1 11],42,98,114,56,95
1,<environment.Job instance at 0x7f50648b22d0>,45,1,[9 3],46,108,109,62,108
1,<environment.Job instance at 0x7f50648a7b90>,53,18,[12  1],54,143,161,89,143
1,<environment.Job instance at 0x7f5064cd1eb0>,55,2,[2 9],56,147,149,91,147
1,<environment.Job instance at 0x7f5020a533c0>,57,18,[2 7],58,149,167,91,149
1,<environment.Job instance at 0x7f5064963fa0>,59,2,[5 2],60,161,163,101,150
1,<environment.Job instance at 0x7f50645fccd0>,62,26,[8 2],63,161,187,98,160
1,<environment.Job instance at 0x7f50648c2c80>,27,18,[ 3 12],28,167,185,139,160
1,<environment.Job instance at 0x7f5066eae640>,17,13,[12  4],18,187,200,169,171
1,<environment.Job instance at 0x7f50648b5280>,34,17,[10  1],35,200,217,165,191
1,<environment.Job instance at 0x7f5020a185f0>,72,17,[5 3],73,200,217,127,191
1,<environment.Job instance at 0x7f5020a18af0>,73,1,[1 8],74,191,192,117,191
1,<environment.Job instance at 0x7f5020a6fa50>,74,1,[8 4],75,217,218,142,191
1,<environment.Job instance at 0x7f5064ca8960>,75,3,[1 5],76,194,197,118,194
1,<environment.Job instance at 0x7f5020a18c30>,77,2,[5 2],78,217,219,139,194
1,<environment.Job instance at 0x7f5020ead9b0>,80,3,[ 3 12],81,218,221,137,203
1,<environment.Job instance at 0x7f5020a10a00>,83,26,[7 3],84,219,245,135,216
1,<environment.Job instance at 0x7f5020a34f00>,1,2,[7 2],2,2,4,0,2
1,<environment.Job instance at 0x7f50647e3910>,5,3,[ 4 12],6,6,9,0,6
1,<environment.Job instance at 0x7f5064c5c5a0>,9,2,[9 5],10,10,12,0,10
1,<environment.Job instance at 0x7f5021158d70>,15,19,[5 1],16,33,52,17,33
1,<environment.Job instance at 0x7f5021158af0>,16,24,[5 3],17,33,57,16,33
1,<environment.Job instance at 0x7f5020b2f3c0>,19,3,[5 5],20,40,43,20,40
1,<environment.Job instance at 0x7f50210afb40>,22,3,[7 4],23,52,55,29,51
1,<environment.Job instance at 0x7f50210af500>,23,2,[8 3],24,55,57,31,51
1,<environment.Job instance at 0x7f5020884690>,24,28,[10  4],25,57,85,32,56
1,<environment.Job instance at 0x7f5067002c30>,27,1,[1 5],28,57,58,29,57
1,<environment.Job instance at 0x7f506480b050>,8,2,[14  5],9,85,87,76,58
1,<environment.Job instance at 0x7f506480bb90>,7,18,[ 3 11],8,58,76,50,58
1,<environment.Job instance at 0x7f50672ae960>,25,15,[ 4 12],26,87,102,61,73
1,<environment.Job instance at 0x7f50210be820>,32,2,[10  1],33,87,89,54,73
1,<environment.Job instance at 0x7f50210bec30>,34,3,[9 2],35,89,92,54,73
1,<environment.Job instance at 0x7f5020ea8aa0>,35,15,[10  1],36,92,107,56,78
1,<environment.Job instance at 0x7f5020ea8e10>,36,2,[5 9],37,78,80,41,78
1,<environment.Job instance at 0x7f50649f5cd0>,37,2,[ 5 12],38,102,104,64,78
1,<environment.Job instance at 0x7f50210b9370>,38,3,[5 1],39,80,83,41,78
1,<environment.Job instance at 0x7f5066f4a6e0>,40,2,[5 1],41,83,85,42,78
1,<environment.Job instance at 0x7f5020b79190>,42,25,[2 8],43,104,129,61,100
1,<environment.Job instance at 0x7f5020b79910>,44,19,[3 6],45,104,123,59,100
1,<environment.Job instance at 0x7f5020b795f0>,46,26,[ 1 12],47,129,155,82,126
1,<environment.Job instance at 0x7f5020b798c0>,49,2,[10  2],50,126,128,76,126
1,<environment.Job instance at 0x7f5064867f00>,29,17,[8 3],30,132,149,102,132
1,<environment.Job instance at 0x7f5020bab9b0>,53,2,[11  4],54,155,157,101,145
1,<environment.Job instance at 0x7f5020bab370>,57,2,[11  1],58,150,152,92,150
1,<environment.Job instance at 0x7f5064852be0>,61,3,[ 5 10],62,157,160,95,155
1,<environment.Job instance at 0x7f5064852050>,62,1,[1 6],63,155,156,92,155
1,<environment.Job instance at 0x7f5064852eb0>,63,1,[8 5],64,157,158,93,155
1,<environment.Job instance at 0x7f5020919a00>,64,12,[10  4],65,159,171,94,159
1,<environment.Job instance at 0x7f502103cb90>,68,3,[8 4],69,171,174,102,159
1,<environment.Job instance at 0x7f502103caf0>,69,2,[ 3 11],70,160,162,90,159
1,<environment.Job instance at 0x7f5064c9b730>,71,2,[4 6],72,170,172,98,170
1,<environment.Job instance at 0x7f5064c9bd20>,72,3,[10  2],73,174,177,101,170
1,<environment.Job instance at 0x7f5064c9b6e0>,74,1,[10  1],75,177,178,102,170
1,<environment.Job instance at 0x7f5020a7b2d0>,75,1,[4 9],76,172,173,96,170
1,<environment.Job instance at 0x7f5020feee10>,76,3,[1 9],77,173,176,96,170
1,<environment.Job instance at 0x7f5020fee410>,77,3,[5 9],78,176,179,98,170
1,<environment.Job instance at 0x7f5020fee910>,78,3,[7 1],79,178,181,99,170
1,<environment.Job instance at 0x7f5020b5d050>,80,24,[2 5],81,179,203,98,179
1,<environment.Job instance at 0x7f5020b5d2d0>,81,3,[6 4],82,179,182,97,179
1,<environment.Job instance at 0x7f5020b5d960>,83,3,[7 2],84,186,189,102,186
1,<environment.Job instance at 0x7f50211df6e0>,84,3,[5 6],85,186,189,101,186
1,<environment.Job instance at 0x7f50211df9b0>,85,20,[5 4],86,189,209,103,186
1,<environment.Job instance at 0x7f5064786370>,86,24,[ 1 10],87,203,227,116,198
1,<environment.Job instance at 0x7f50647864b0>,87,3,[13  1],88,209,212,121,198
1,<environment.Job instance at 0x7f5064786320>,88,2,[1 8],89,227,229,138,200
1,<environment.Job instance at 0x7f5064786be0>,89,2,[2 7],90,227,229,137,200
1,<environment.Job instance at 0x7f5020958550>,92,3,[1 9],93,229,232,136,203
1,<environment.Job instance at 0x7f5064c44960>,5,13,[1 9],6,6,19,0,6
1,<environment.Job instance at 0x7f5020e22780>,10,2,[8 4],11,11,13,0,11
1,<environment.Job instance at 0x7f5020e221e0>,11,1,[8 1],12,13,14,1,12
1,<environment.Job instance at 0x7f506b86eb90>,15,2,[3 7],16,19,21,3,18
1,<environment.Job instance at 0x7f506b86e9b0>,16,17,[ 2 10],17,21,38,4,18
1,<environment.Job instance at 0x7f5020f47d20>,26,22,[8 4],27,55,77,28,55
1,<environment.Job instance at 0x7f5020f47b90>,27,20,[5 5],28,59,79,31,59
1,<environment.Job instance at 0x7f5020f47be0>,28,20,[6 2],29,77,97,48,68
1,<environment.Job instance at 0x7f506bcfcaf0>,32,15,[6 5],33,79,94,46,71
1,<environment.Job instance at 0x7f5020f472d0>,30,17,[11  3],31,97,114,66,86
1,<environment.Job instance at 0x7f506b874910>,40,3,[ 1 10],41,94,97,53,88
1,<environment.Job instance at 0x7f506b874960>,45,1,[2 7],46,105,106,59,105
1,<environment.Job instance at 0x7f506b8745a0>,46,2,[8 2],47,114,116,67,105
1,<environment.Job instance at 0x7f506b874410>,47,23,[2 9],48,106,129,58,105
1,<environment.Job instance at 0x7f5020dd2820>,48,2,[ 1 11],49,129,131,80,105
1,<environment.Job instance at 0x7f50649f5870>,51,2,[8 5],52,116,118,64,109
1,<environment.Job instance at 0x7f50649f5140>,52,2,[8 3],53,118,120,65,109
1,<environment.Job instance at 0x7f50649f5410>,53,16,[8 1],54,120,136,66,112
1,<environment.Job instance at 0x7f50649f5780>,55,2,[6 3],56,129,131,73,120
1,<environment.Job instance at 0x7f50649f5fa0>,58,2,[1 8],59,131,133,72,124
1,<environment.Job instance at 0x7f50649f5c80>,59,18,[4 9],60,133,151,73,124
1,<environment.Job instance at 0x7f50649f54b0>,60,3,[7 5],61,136,139,75,124
1,<environment.Job instance at 0x7f50649f5a50>,61,1,[5 6],62,131,132,69,124
1,<environment.Job instance at 0x7f50649f5af0>,63,16,[6 1],64,139,155,75,136
1,<environment.Job instance at 0x7f50649f52d0>,65,3,[3 7],66,151,154,85,140
1,<environment.Job instance at 0x7f502096c2d0>,66,1,[6 3],67,151,152,84,140
1,<environment.Job instance at 0x7f502096ca00>,67,3,[8 2],68,154,157,86,140
1,<environment.Job instance at 0x7f502096c640>,68,3,[9 1],69,157,160,88,140
1,<environment.Job instance at 0x7f502096ce10>,69,12,[10  1],70,160,172,90,143
1,<environment.Job instance at 0x7f506b874230>,35,1,[ 5 14],36,157,158,121,148
1,<environment.Job instance at 0x7f50649c3b40>,74,18,[2 9],75,158,176,83,154
1,<environment.Job instance at 0x7f50649c3370>,77,2,[7 4],78,172,174,94,167
1,<environment.Job instance at 0x7f50649c3730>,78,18,[1 6],79,174,192,95,170
1,<environment.Job instance at 0x7f50649c3410>,80,12,[1 7],81,176,188,95,174
1,<environment.Job instance at 0x7f5021158a00>,7,16,[6 1],8,183,199,175,183
1,<environment.Job instance at 0x7f50649c3320>,85,1,[5 1],86,200,201,114,200
1,<environment.Job instance at 0x7f5020f47960>,24,14,[7 5],25,200,214,175,200
1,<environment.Job instance at 0x7f50649c3fa0>,88,16,[ 5 10],89,201,217,112,201
1,<environment.Job instance at 0x7f50646f6870>,90,1,[9 4],91,214,215,123,201
1,<environment.Job instance at 0x7f502096cd20>,73,17,[6 2],74,215,232,141,209
1,<environment.Job instance at 0x7f50646f6230>,1,28,[9 4],2,2,30,0,2
1,<environment.Job instance at 0x7f5020e22b40>,4,2,[ 3 10],5,10,12,5,10
1,<environment.Job instance at 0x7f5020dd5aa0>,10,3,[9 5],11,30,33,19,12
1,<environment.Job instance at 0x7f5020db1d70>,3,18,[6 3],4,12,30,8,12
1,<environment.Job instance at 0x7f5064935f00>,13,1,[2 9],14,30,31,16,14
1,<environment.Job instance at 0x7f502096cb40>,2,25,[12  5],3,33,58,30,29
1,<environment.Job instance at 0x7f506491e780>,12,1,[ 5 10],13,31,32,18,29
1,<environment.Job instance at 0x7f5020d67b90>,23,1,[ 3 10],24,37,38,13,37
1,<environment.Job instance at 0x7f5020d67780>,26,13,[ 1 10],27,49,62,22,49
1,<environment.Job instance at 0x7f5020d3bc80>,30,1,[10  2],31,58,59,27,57
1,<environment.Job instance at 0x7f5020d3b280>,32,24,[3 5],33,59,83,26,59
1,<environment.Job instance at 0x7f5020d3ba00>,33,3,[6 5],34,62,65,28,59
1,<environment.Job instance at 0x7f5020d3bb90>,35,27,[1 5],36,71,98,35,71
1,<environment.Job instance at 0x7f5020d59460>,18,17,[6 1],19,74,91,55,74
1,<environment.Job instance at 0x7f5020d5c1e0>,38,1,[6 1],39,83,84,44,75
1,<environment.Job instance at 0x7f5020d5b6e0>,41,1,[1 5],42,83,84,41,78
1,<environment.Job instance at 0x7f5020d5bb40>,42,3,[ 4 10],43,91,94,48,78
1,<environment.Job instance at 0x7f50211613c0>,43,14,[11  5],44,94,108,50,83
1,<environment.Job instance at 0x7f5021161820>,46,3,[4 5],47,98,101,51,93
1,<environment.Job instance at 0x7f5021161550>,47,3,[3 6],48,101,104,53,93
1,<environment.Job instance at 0x7f5020892410>,48,2,[ 4 10],49,104,106,55,93
1,<environment.Job instance at 0x7f502113f1e0>,50,2,[1 6],51,106,108,55,96
1,<environment.Job instance at 0x7f502115d820>,51,19,[5 8],52,108,127,56,98
1,<environment.Job instance at 0x7f50208a2f00>,16,18,[7 1],17,108,126,91,105
1,<environment.Job instance at 0x7f5020898870>,55,2,[5 5],56,126,128,70,108
1,<environment.Job instance at 0x7f5020898dc0>,57,18,[1 6],58,127,145,69,117
1,<environment.Job instance at 0x7f5064a17d70>,63,21,[4 8],64,137,158,73,137
1,<environment.Job instance at 0x7f5064a0d550>,65,3,[6 5],66,145,148,79,137
1,<environment.Job instance at 0x7f5064a0d050>,67,1,[4 9],68,158,159,90,139
1,<environment.Job instance at 0x7f5020a53730>,68,17,[ 1 10],69,159,176,90,149
1,<environment.Job instance at 0x7f5064a03a00>,71,2,[2 6],72,149,151,77,149
1,<environment.Job instance at 0x7f5064a03690>,73,2,[5 8],74,176,178,102,151
1,<environment.Job instance at 0x7f5064a03aa0>,74,16,[ 2 11],75,178,194,103,165
1,<environment.Job instance at 0x7f5064a038c0>,76,2,[11  2],77,165,167,88,165
1,<environment.Job instance at 0x7f5020eb0280>,78,2,[7 2],79,167,169,88,166
1,<environment.Job instance at 0x7f5064a03dc0>,79,2,[6 2],80,167,169,87,166
1,<environment.Job instance at 0x7f5020eb0c80>,82,3,[4 8],83,194,197,111,179
1,<environment.Job instance at 0x7f5020eb07d0>,83,2,[9 2],84,179,181,95,179
1,<environment.Job instance at 0x7f5020eb0960>,85,1,[6 1],86,181,182,95,181
1,<environment.Job instance at 0x7f50646f64b0>,3,13,[ 1 11],4,4,17,0,4
1,<environment.Job instance at 0x7f50210bd870>,1,18,[12  2],2,5,23,3,5
1,<environment.Job instance at 0x7f5064d0bbe0>,9,1,[8 4],10,23,24,13,10
1,<environment.Job instance at 0x7f5020847aa0>,11,24,[10  2],12,24,48,12,19
1,<environment.Job instance at 0x7f5064962c30>,20,14,[10  4],21,48,62,27,44
1,<environment.Job instance at 0x7f5020e79780>,21,2,[8 5],22,62,64,40,44
1,<environment.Job instance at 0x7f5020e79230>,22,2,[10  3],23,64,66,41,44
1,<environment.Job instance at 0x7f5020e79910>,23,25,[6 2],24,66,91,42,62
1,<environment.Job instance at 0x7f5020d3b4b0>,4,15,[4 7],5,68,83,63,68
1,<environment.Job instance at 0x7f50208a11e0>,31,1,[6 1],32,83,84,51,74
1,<environment.Job instance at 0x7f506b87ca00>,32,1,[1 8],33,83,84,50,74
1,<environment.Job instance at 0x7f5066de4be0>,35,17,[2 5],36,85,102,49,85
1,<environment.Job instance at 0x7f5020eb0410>,2,2,[ 2 13],3,102,104,99,101
1,<environment.Job instance at 0x7f5020e79460>,26,20,[ 5 11],27,107,127,80,107
1,<environment.Job instance at 0x7f5020bc4140>,40,3,[5 4],41,107,110,66,107
1,<environment.Job instance at 0x7f5064bded70>,29,13,[10  1],30,110,123,80,108
1,<environment.Job instance at 0x7f5020bc4410>,41,18,[14  2],42,127,145,85,116
1,<environment.Job instance at 0x7f5067417e60>,50,2,[13  1],51,145,147,94,124
1,<environment.Job instance at 0x7f5067417e10>,44,17,[1 9],45,127,144,82,127
1,<environment.Job instance at 0x7f50674177d0>,54,2,[ 5 10],55,147,149,92,127
1,<environment.Job instance at 0x7f506738fd20>,55,1,[11  2],56,149,150,93,129
1,<environment.Job instance at 0x7f5020a3c780>,60,24,[8 2],61,150,174,89,145
1,<environment.Job instance at 0x7f50648b0a00>,62,19,[2 9],63,149,168,86,145
1,<environment.Job instance at 0x7f50648b0b90>,64,22,[9 1],65,174,196,109,167
1,<environment.Job instance at 0x7f5067521870>,72,3,[ 3 14],73,191,194,118,191
1,<environment.Job instance at 0x7f50675218c0>,74,3,[2 8],75,200,203,125,200
1,<environment.Job instance at 0x7f5067521dc0>,75,1,[3 9],76,203,204,127,200
1,<environment.Job instance at 0x7f5020daf910>,76,2,[5 7],77,200,202,123,200
1,<environment.Job instance at 0x7f506730ecd0>,80,25,[ 5 10],81,217,242,136,217
1,<environment.Job instance at 0x7f506bbb3f50>,81,22,[10  3],82,219,241,137,219
1,<environment.Job instance at 0x7f5064cfb2d0>,2,1,[7 1],3,3,4,0,3
1,<environment.Job instance at 0x7f5021059500>,1,1,[3 9],2,3,4,1,3
1,<environment.Job instance at 0x7f5020d994b0>,4,3,[8 5],5,5,8,0,5
1,<environment.Job instance at 0x7f5067417dc0>,6,1,[5 2],7,7,8,0,7
1,<environment.Job instance at 0x7f50209840a0>,12,1,[2 7],13,13,14,0,13
1,<environment.Job instance at 0x7f5020984cd0>,14,25,[9 4],15,26,51,11,26
1,<environment.Job instance at 0x7f5020980460>,5,15,[1 7],6,26,41,20,26
1,<environment.Job instance at 0x7f5066fa1d70>,20,1,[ 5 10],21,41,42,20,27
1,<environment.Job instance at 0x7f5066fa1640>,24,1,[9 3],25,51,52,26,32
1,<environment.Job instance at 0x7f5020c46e60>,27,3,[5 5],28,45,48,17,45
1,<environment.Job instance at 0x7f5020a79410>,17,14,[ 4 10],18,49,63,31,49
1,<environment.Job instance at 0x7f5020c46280>,32,1,[10  1],33,52,53,19,51
1,<environment.Job instance at 0x7f5020c46820>,33,2,[2 7],34,63,65,29,51
1,<environment.Job instance at 0x7f5020c467d0>,34,1,[2 9],35,65,66,30,51
1,<environment.Job instance at 0x7f5020c46870>,35,1,[5 5],36,53,54,17,51
1,<environment.Job instance at 0x7f5020c46aa0>,36,3,[10  1],37,54,57,17,51
1,<environment.Job instance at 0x7f5020c46960>,37,2,[5 6],38,63,65,25,51
1,<environment.Job instance at 0x7f5020c460a0>,38,3,[10  5],39,57,60,18,52
1,<environment.Job instance at 0x7f5020c463c0>,39,3,[5 5],40,60,63,20,52
1,<environment.Job instance at 0x7f5020c46be0>,31,1,[ 4 13],32,66,67,34,55
1,<environment.Job instance at 0x7f5020c46730>,42,2,[ 3 10],43,67,69,24,56
1,<environment.Job instance at 0x7f5066f3daa0>,45,12,[10  3],46,67,79,21,66
1,<environment.Job instance at 0x7f5066f3dd20>,46,26,[7 5],47,79,105,32,76
1,<environment.Job instance at 0x7f5066f3dfa0>,52,25,[1 9],53,83,108,30,83
1,<environment.Job instance at 0x7f5066f3d2d0>,54,3,[5 6],55,105,108,50,99
1,<environment.Job instance at 0x7f5020986460>,56,2,[6 5],57,108,110,51,100
1,<environment.Job instance at 0x7f5020986dc0>,57,3,[7 3],58,108,111,50,100
1,<environment.Job instance at 0x7f5020986c80>,58,14,[5 1],59,110,124,51,100
1,<environment.Job instance at 0x7f5020986cd0>,59,3,[6 3],60,111,114,51,100
1,<environment.Job instance at 0x7f5020986f00>,60,24,[5 4],61,114,138,53,109
1,<environment.Job instance at 0x7f5020986280>,63,28,[1 9],64,112,140,48,112
1,<environment.Job instance at 0x7f5020a95a50>,68,18,[10  5],69,138,156,69,129
1,<environment.Job instance at 0x7f5020a95320>,71,2,[4 8],72,144,146,72,144
1,<environment.Job instance at 0x7f5020a95d20>,73,3,[4 8],74,146,149,72,145
1,<environment.Job instance at 0x7f5020a959b0>,74,1,[10  5],75,156,157,81,145
1,<environment.Job instance at 0x7f5066fa1320>,21,21,[2 6],22,175,196,153,175
1,<environment.Job instance at 0x7f5021189a00>,79,16,[1 7],80,176,192,96,176
1,<environment.Job instance at 0x7f5020a953c0>,78,27,[9 1],79,180,207,101,180
1,<environment.Job instance at 0x7f5066ff1eb0>,89,1,[3 7],90,193,194,103,193
1,<environment.Job instance at 0x7f5066ff1f00>,90,2,[5 5],91,196,198,105,193
1,<environment.Job instance at 0x7f5066ff10a0>,91,3,[7 2],92,207,210,115,193
1,<environment.Job instance at 0x7f5066ff1230>,92,2,[5 5],93,198,200,105,193
1,<environment.Job instance at 0x7f5066ff1050>,95,21,[1 5],96,203,224,107,203
1,<environment.Job instance at 0x7f5066ff1640>,86,14,[5 5],87,205,219,118,205
1,<environment.Job instance at 0x7f5066ff1d20>,85,1,[5 9],86,219,220,133,206
1,<environment.Job instance at 0x7f5020a7c370>,7,2,[8 4],8,8,10,0,8
1,<environment.Job instance at 0x7f5020a7c140>,8,2,[ 5 14],9,10,12,1,9
1,<environment.Job instance at 0x7f5020a92c30>,11,1,[1 7],12,12,13,0,12
1,<environment.Job instance at 0x7f5020a925a0>,12,1,[4 6],13,13,14,0,13
1,<environment.Job instance at 0x7f5066ff1d20>,4,3,[1 5],5,26,29,21,26
1,<environment.Job instance at 0x7f5020a74d20>,21,1,[2 9],22,54,55,32,54
1,<environment.Job instance at 0x7f5020a74e10>,22,13,[1 9],23,56,69,33,56
1,<environment.Job instance at 0x7f5020a74960>,27,2,[6 5],28,73,75,45,73
1,<environment.Job instance at 0x7f5020a9a690>,28,3,[1 9],29,73,76,44,73
1,<environment.Job instance at 0x7f5020a9a9b0>,29,26,[ 3 11],30,76,102,46,73
1,<environment.Job instance at 0x7f5020a9afa0>,30,1,[1 5],31,75,76,44,73
1,<environment.Job instance at 0x7f5020a9a410>,31,2,[4 9],32,102,104,70,75
1,<environment.Job instance at 0x7f5020a9af50>,33,3,[ 4 10],34,104,107,70,84
1,<environment.Job instance at 0x7f5020a9a050>,36,23,[3 6],37,107,130,70,101
1,<environment.Job instance at 0x7f5020a9a2d0>,37,26,[9 1],38,101,127,63,101
1,<environment.Job instance at 0x7f5020a9a960>,40,14,[13  5],41,130,144,89,115
1,<environment.Job instance at 0x7f5020a9a6e0>,35,1,[9 1],36,127,128,91,117
1,<environment.Job instance at 0x7f5020a85fa0>,45,27,[9 2],46,144,171,98,142
1,<environment.Job instance at 0x7f5020a858c0>,52,2,[8 5],53,171,173,118,160
1,<environment.Job instance at 0x7f5020a85d70>,54,19,[5 8],55,171,190,116,171
1,<environment.Job instance at 0x7f5020a87cd0>,56,3,[5 1],57,173,176,116,172
1,<environment.Job instance at 0x7f5020a87e60>,57,3,[ 1 13],58,190,193,132,172
1,<environment.Job instance at 0x7f5020a87be0>,62,21,[1 8],63,193,214,130,192
1,<environment.Job instance at 0x7f5020a85eb0>,42,20,[ 5 10],43,214,234,171,214
1,<environment.Job instance at 0x7f5020a87d20>,59,3,[ 3 10],60,234,237,174,217
1,<environment.Job instance at 0x7f5066f11cd0>,70,1,[5 5],71,218,219,147,218
1,<environment.Job instance at 0x7f8833dc4140>,1,3,[ 2 10],2,2,5,0,2
1,<environment.Job instance at 0x7f882e9b42d0>,3,22,[2 5],4,4,26,0,4
1,<environment.Job instance at 0x7f882e9b41e0>,5,2,[1 6],6,6,8,0,6
1,<environment.Job instance at 0x7f882e9b49b0>,12,23,[6 4],13,14,37,1,14
1,<environment.Job instance at 0x7f882e9b4c30>,14,21,[8 1],15,26,47,11,21
1,<environment.Job instance at 0x7f882e9b4b90>,15,3,[2 8],16,37,40,21,21
1,<environment.Job instance at 0x7f882e9b4c80>,18,26,[7 4],19,40,66,21,37
1,<environment.Job instance at 0x7f882e9b4f50>,19,25,[5 9],20,47,72,27,43
1,<environment.Job instance at 0x7f882e9b82d0>,24,2,[4 6],25,66,68,41,52
1,<environment.Job instance at 0x7f882e9b8370>,25,2,[5 7],26,72,74,46,52
1,<environment.Job instance at 0x7f882e9b8640>,28,17,[ 1 13],29,74,91,45,68
1,<environment.Job instance at 0x7f882e9b4730>,10,22,[8 1],11,68,90,57,68
1,<environment.Job instance at 0x7f882e9b8820>,29,2,[4 7],30,91,93,61,68
1,<environment.Job instance at 0x7f882e9b8a50>,34,14,[1 9],35,93,107,58,80
1,<environment.Job instance at 0x7f882e9b8d70>,36,2,[7 5],37,91,93,54,90
1,<environment.Job instance at 0x7f882e9b8f50>,38,2,[6 1],39,94,96,55,94
1,<environment.Job instance at 0x7f882e9b89b0>,33,26,[3 6],34,102,128,68,102
1,<environment.Job instance at 0x7f882e9b8910>,32,21,[5 9],33,107,128,74,104
1,<environment.Job instance at 0x7f882e9b8870>,31,1,[ 2 14],32,128,129,96,108
1,<environment.Job instance at 0x7f882e9b61e0>,42,2,[4 7],43,129,131,86,108
1,<environment.Job instance at 0x7f882e9b6500>,44,3,[5 1],45,128,131,83,108
1,<environment.Job instance at 0x7f882e9b6190>,41,1,[7 1],42,131,132,89,110
1,<environment.Job instance at 0x7f882e9b6640>,46,2,[3 5],47,129,131,82,111
1,<environment.Job instance at 0x7f882e9b6780>,48,12,[9 2],49,132,144,83,117
1,<environment.Job instance at 0x7f882e9b66e0>,47,13,[ 3 10],48,131,144,83,117
1,<environment.Job instance at 0x7f882e9b68c0>,50,2,[5 6],51,144,146,93,117
1,<environment.Job instance at 0x7f882e9b6960>,51,2,[5 3],52,144,146,92,118
1,<environment.Job instance at 0x7f882e9b6af0>,53,3,[2 9],54,146,149,92,120
1,<environment.Job instance at 0x7f882e9b6d70>,57,16,[ 2 11],58,149,165,91,136
1,<environment.Job instance at 0x7f882e9b9190>,59,19,[1 7],60,165,184,105,155
1,<environment.Job instance at 0x7f882e9b6eb0>,56,3,[8 4],57,155,158,98,155
1,<environment.Job instance at 0x7f882e9b87d0>,30,26,[9 4],31,158,184,127,155
1,<environment.Job instance at 0x7f882e9b9870>,70,1,[5 4],71,170,171,99,170
1,<environment.Job instance at 0x7f882e9b9d20>,71,2,[5 1],72,171,173,99,170
1,<environment.Job instance at 0x7f882e9b9b40>,73,2,[9 3],74,188,190,114,188
1,<environment.Job instance at 0x7f882e9b9fa0>,74,2,[1 7],75,188,190,113,188
1,<environment.Job instance at 0x7f882e9b9d70>,75,3,[10  4],76,190,193,114,188
1,<environment.Job instance at 0x7f882e9b9b90>,76,13,[10  1],77,193,206,116,188
1,<environment.Job instance at 0x7f882e9bd1e0>,79,19,[10  3],80,206,225,126,196
1,<environment.Job instance at 0x7f882e9b8dc0>,40,26,[ 1 10],41,196,222,155,196
1,<environment.Job instance at 0x7f882e9bd550>,86,3,[6 3],87,225,228,138,207
1,<environment.Job instance at 0x7f882e9b90a0>,62,14,[4 9],63,222,236,159,210
1,<environment.Job instance at 0x7f882e9d2f50>,4,26,[3 9],5,5,31,0,5
1,<environment.Job instance at 0x7f882e9d8230>,6,3,[7 5],7,7,10,0,7
1,<environment.Job instance at 0x7f882e9d8a00>,7,2,[5 3],8,10,12,2,8
1,<environment.Job instance at 0x7f882e9d8b90>,8,21,[2 7],9,31,52,22,23
1,<environment.Job instance at 0x7f882e9d8b40>,12,3,[8 2],13,24,27,11,24
1,<environment.Job instance at 0x7f87e8da9e60>,17,2,[10  3],18,30,32,12,30
1,<environment.Job instance at 0x7f87e8da9640>,18,20,[ 2 10],19,52,72,33,43
1,<environment.Job instance at 0x7f87e8e17910>,20,1,[14  4],21,72,73,51,45
1,<environment.Job instance at 0x7f87e8db2500>,23,1,[4 8],24,47,48,23,47
1,<environment.Job instance at 0x7f87e8db21e0>,26,16,[1 8],27,72,88,45,62
1,<environment.Job instance at 0x7f87e8db28c0>,27,18,[ 1 14],28,88,106,60,77
1,<environment.Job instance at 0x7f87e8db2370>,28,23,[1 9],29,106,129,77,100
1,<environment.Job instance at 0x7f87e8db2fa0>,30,3,[4 8],31,129,132,98,103
1,<environment.Job instance at 0x7f87e8db0b40>,31,3,[5 3],32,106,109,74,103
1,<environment.Job instance at 0x7f87e8db0780>,35,17,[12  1],36,110,127,74,110
1,<environment.Job instance at 0x7f87e8db0640>,36,2,[10  2],37,127,129,90,110
1,<environment.Job instance at 0x7f87e8d8da50>,38,19,[4 7],39,129,148,90,119
1,<environment.Job instance at 0x7f87e8d8d4b0>,43,22,[9 1],44,132,154,88,129
1,<environment.Job instance at 0x7f882e9bd7d0>,2,15,[ 2 14],3,148,163,145,135
1,<environment.Job instance at 0x7f87e8db5e10>,46,1,[5 1],47,154,155,107,137
1,<environment.Job instance at 0x7f87e8d8d780>,40,16,[14  3],41,163,179,122,150
1,<environment.Job instance at 0x7f87e8db59b0>,47,2,[ 1 12],48,163,165,115,152
1,<environment.Job instance at 0x7f87e8db6550>,55,27,[6 1],56,179,206,123,177
1,<environment.Job instance at 0x7f87e8db65f0>,56,1,[4 7],57,179,180,122,177
1,<environment.Job instance at 0x7f87e8db6690>,58,3,[5 1],59,179,182,120,177
1,<environment.Job instance at 0x7f87e8db63c0>,59,2,[6 2],60,182,184,122,177
1,<environment.Job instance at 0x7f87e8db6870>,62,23,[1 8],63,185,208,122,185
1,<environment.Job instance at 0x7f87e8daabe0>,63,1,[9 5],64,206,207,142,185
1,<environment.Job instance at 0x7f87e8daaaa0>,64,2,[7 1],65,185,187,120,185
1,<environment.Job instance at 0x7f87e8daac30>,65,1,[5 1],66,187,188,121,185
1,<environment.Job instance at 0x7f87e8daafa0>,66,1,[2 6],67,188,189,121,185
1,<environment.Job instance at 0x7f87e8db3410>,68,2,[5 3],69,189,191,120,185
1,<environment.Job instance at 0x7f87e8db3be0>,69,3,[4 8],70,208,211,138,185
1,<environment.Job instance at 0x7f87e8db3aa0>,70,2,[4 5],71,191,193,120,185
1,<environment.Job instance at 0x7f87e8db3910>,71,17,[10  2],72,207,224,135,195
1,<environment.Job instance at 0x7f87e8e1ff00>,72,1,[1 5],73,195,196,122,195
1,<environment.Job instance at 0x7f87e8db3af0>,73,26,[5 3],74,211,237,137,208
1,<environment.Job instance at 0x7f87e8db5af0>,53,13,[9 2],54,224,237,170,213
1,<environment.Job instance at 0x7f87e8e155f0>,81,3,[5 9],82,237,240,155,222
1,<environment.Job instance at 0x7f882e9d20f0>,2,17,[8 2],3,7,24,4,7
1,<environment.Job instance at 0x7f882e9ce690>,6,17,[7 4],7,12,29,5,12
1,<environment.Job instance at 0x7f87e8c27d20>,11,13,[1 7],12,24,37,12,16
1,<environment.Job instance at 0x7f87e8c27370>,13,14,[5 6],14,29,43,15,21
1,<environment.Job instance at 0x7f88311a49b0>,17,2,[ 3 11],18,43,45,25,37
1,<environment.Job instance at 0x7f87e8c78d70>,7,2,[9 3],8,39,41,31,39
1,<environment.Job instance at 0x7f87e8d8d460>,14,18,[10  5],15,45,63,30,39
1,<environment.Job instance at 0x7f87e8c11690>,24,17,[2 6],25,45,62,20,40
1,<environment.Job instance at 0x7f882eb326e0>,25,1,[1 6],26,62,63,36,47
1,<environment.Job instance at 0x7f87e8c11fa0>,21,16,[4 5],22,63,79,41,51
1,<environment.Job instance at 0x7f87e8c72460>,28,16,[9 2],29,63,79,34,54
1,<environment.Job instance at 0x7f8830f05f00>,5,17,[12  4],6,79,96,73,67
1,<environment.Job instance at 0x7f882eb3f4b0>,41,3,[3 8],42,79,82,37,77
1,<environment.Job instance at 0x7f882e801280>,43,1,[7 1],44,96,97,52,78
1,<environment.Job instance at 0x7f8833f35f00>,46,21,[ 4 10],47,96,117,49,91
1,<environment.Job instance at 0x7f88181aab90>,47,23,[2 8],48,117,140,69,111
1,<environment.Job instance at 0x7f8833f35500>,48,3,[11  1],49,111,114,62,111
1,<environment.Job instance at 0x7f87e8c72910>,31,16,[4 5],32,114,130,82,111
1,<environment.Job instance at 0x7f87e8c10870>,50,13,[6 2],51,117,130,66,111
1,<environment.Job instance at 0x7f87e8c101e0>,51,3,[7 4],52,130,133,78,111
1,<environment.Job instance at 0x7f8833e165f0>,49,19,[13  3],50,133,152,83,123
1,<environment.Job instance at 0x7f8833f2c0f0>,54,13,[ 4 11],55,152,165,97,136
1,<environment.Job instance at 0x7f8833f3f550>,57,1,[7 2],58,152,153,94,136
1,<environment.Job instance at 0x7f8833f3f9b0>,59,17,[12  4],60,165,182,105,153
1,<environment.Job instance at 0x7f8833f2e320>,23,18,[1 6],24,165,183,141,158
1,<environment.Job instance at 0x7f8833f3f0a0>,60,25,[6 4],61,182,207,121,178
1,<environment.Job instance at 0x7f87e8cdd1e0>,62,3,[14  5],63,207,210,144,181
1,<environment.Job instance at 0x7f882e84ae60>,63,13,[ 4 10],64,183,196,119,181
1,<environment.Job instance at 0x7f8833f3fd70>,61,1,[3 6],62,196,197,134,181
1,<environment.Job instance at 0x7f882e84afa0>,64,24,[5 5],65,210,234,145,205
1,<environment.Job instance at 0x7f8833f307d0>,65,3,[8 5],66,210,213,144,205
1,<environment.Job instance at 0x7f882ee29d70>,70,13,[5 5],71,213,226,142,205
1,<environment.Job instance at 0x7f882e855c30>,72,1,[4 8],73,226,227,153,211
1,<environment.Job instance at 0x7f882e72ddc0>,76,12,[ 5 12],77,234,246,157,217
1,<environment.Job instance at 0x7f87e90b3370>,1,3,[5 1],2,2,5,0,2
1,<environment.Job instance at 0x7f882e9cc3c0>,2,24,[1 9],3,3,27,0,3
1,<environment.Job instance at 0x7f87e92a1870>,5,1,[1 8],6,27,28,21,6
1,<environment.Job instance at 0x7f87e9132320>,8,2,[1 6],9,9,11,0,9
1,<environment.Job instance at 0x7f882ea76a50>,9,3,[7 2],10,11,14,1,10
1,<environment.Job instance at 0x7f882ea76230>,11,27,[7 1],12,12,39,0,12
1,<environment.Job instance at 0x7f88313c4b90>,12,26,[ 3 10],13,28,54,15,25
1,<environment.Job instance at 0x7f87e9294a50>,4,12,[9 3],5,39,51,34,28
1,<environment.Job instance at 0x7f882ee5f140>,17,1,[ 3 14],18,54,55,36,35
1,<environment.Job instance at 0x7f88310a7e10>,21,17,[11  3],22,55,72,33,43
1,<environment.Job instance at 0x7f88315db730>,13,2,[ 3 13],14,72,74,58,52
1,<environment.Job instance at 0x7f87e90b6050>,22,16,[12  1],23,72,88,49,59
1,<environment.Job instance at 0x7f88310fb960>,24,2,[7 1],25,88,90,63,61
1,<environment.Job instance at 0x7f882ed75d70>,25,2,[4 7],26,61,63,35,61
1,<environment.Job instance at 0x7f882ec01e10>,27,1,[7 3],28,88,89,60,61
1,<environment.Job instance at 0x7f882ede4a50>,28,3,[9 3],29,90,93,61,64
1,<environment.Job instance at 0x7f882ee5f190>,18,12,[ 2 11],19,74,86,55,69
1,<environment.Job instance at 0x7f882ea901e0>,34,13,[ 5 12],35,89,102,54,77
1,<environment.Job instance at 0x7f882eafae60>,35,2,[ 2 11],36,86,88,50,79
1,<environment.Job instance at 0x7f882eafa730>,38,3,[ 1 10],39,102,105,63,91
1,<environment.Job instance at 0x7f882ea7b0a0>,41,2,[5 5],42,103,105,61,103
1,<environment.Job instance at 0x7f882ea0a7d0>,42,18,[6 2],43,105,123,62,103
1,<environment.Job instance at 0x7f882ea3daf0>,43,1,[5 5],44,105,106,61,103
1,<environment.Job instance at 0x7f882ea3d500>,44,18,[6 2],45,106,124,61,103
1,<environment.Job instance at 0x7f8831172190>,45,19,[6 3],46,123,142,77,113
1,<environment.Job instance at 0x7f882e9f6910>,53,1,[1 6],54,121,122,67,121
1,<environment.Job instance at 0x7f882e9f6af0>,54,24,[13  2],55,142,166,87,137
1,<environment.Job instance at 0x7f882ea903c0>,33,24,[2 6],34,139,163,105,139
1,<environment.Job instance at 0x7f882e9f6550>,52,27,[5 7],53,166,193,113,164
1,<environment.Job instance at 0x7f882ed8d280>,58,15,[11  4],59,193,208,134,179
1,<environment.Job instance at 0x7f882ed8d500>,62,3,[9 5],63,179,182,116,179
1,<environment.Job instance at 0x7f882ed8ddc0>,63,3,[1 8],64,182,185,118,179
1,<environment.Job instance at 0x7f882ed8d9b0>,64,2,[9 2],65,185,187,120,179
1,<environment.Job instance at 0x7f882ea70cd0>,67,3,[10  1],68,187,190,119,180
1,<environment.Job instance at 0x7f882ea70a50>,68,2,[2 7],69,190,192,121,180
1,<environment.Job instance at 0x7f882ea6b370>,73,1,[1 5],74,193,194,119,193
1,<environment.Job instance at 0x7f882eab68c0>,74,1,[2 8],75,194,195,119,193
1,<environment.Job instance at 0x7f882eab65a0>,77,14,[11  4],78,210,224,132,210
1,<environment.Job instance at 0x7f87e8f95370>,2,2,[3 9],3,3,5,0,3
1,<environment.Job instance at 0x7f882ed8d0f0>,4,3,[9 2],5,5,8,0,5
1,<environment.Job instance at 0x7f882e9ee7d0>,5,3,[8 2],6,8,11,2,6
1,<environment.Job instance at 0x7f882e9ae280>,7,3,[2 7],8,8,11,0,8
1,<environment.Job instance at 0x7f883113b8c0>,9,18,[5 2],10,15,33,5,15
1,<environment.Job instance at 0x7f87e90ba410>,8,14,[13  2],9,33,47,24,18
1,<environment.Job instance at 0x7f87e926a5a0>,23,1,[6 2],24,32,33,8,32
1,<environment.Job instance at 0x7f8831490be0>,24,2,[2 7],25,32,34,7,32
1,<environment.Job instance at 0x7f882e8085f0>,25,26,[4 8],26,47,73,21,44
1,<environment.Job instance at 0x7f88314780f0>,27,3,[4 6],28,47,50,19,44
1,<environment.Job instance at 0x7f882e808b40>,26,20,[4 8],27,73,93,46,64
1,<environment.Job instance at 0x7f8831483640>,30,25,[5 4],31,64,89,33,64
1,<environment.Job instance at 0x7f88314a9fa0>,35,25,[5 7],36,89,114,53,85
1,<environment.Job instance at 0x7f88314a93c0>,37,22,[5 8],38,93,115,55,86
1,<environment.Job instance at 0x7f88314a9500>,38,1,[6 4],39,114,115,75,86
1,<environment.Job instance at 0x7f88314a96e0>,39,3,[11  3],40,115,118,75,89
1,<environment.Job instance at 0x7f88314a9190>,42,2,[10  4],43,118,120,75,91
1,<environment.Job instance at 0x7f88314a90a0>,43,27,[8 5],44,120,147,76,118
1,<environment.Job instance at 0x7f882eb10820>,15,12,[3 7],16,123,135,107,123
1,<environment.Job instance at 0x7f88314a9780>,44,12,[ 5 13],45,147,159,102,130
1,<environment.Job instance at 0x7f88314a7fa0>,51,2,[3 5],52,135,137,83,131
1,<environment.Job instance at 0x7f88314a7960>,52,1,[5 5],53,137,138,84,131
1,<environment.Job instance at 0x7f88314a7aa0>,53,24,[3 5],54,159,183,105,154
1,<environment.Job instance at 0x7f88314a7c80>,49,1,[12  4],50,159,160,109,155
1,<environment.Job instance at 0x7f87e9132a50>,1,17,[10  5],2,160,177,158,155
1,<environment.Job instance at 0x7f88314af140>,59,1,[6 2],60,177,178,117,161
1,<environment.Job instance at 0x7f88314af730>,61,18,[5 9],62,178,196,116,168
1,<environment.Job instance at 0x7f883149da00>,64,27,[1 8],65,196,223,131,194
1,<environment.Job instance at 0x7f883149da50>,65,3,[6 4],66,194,197,128,194
1,<environment.Job instance at 0x7f87e8fcc5a0>,73,13,[5 2],74,201,214,127,201
1,<environment.Job instance at 0x7f8831486960>,74,23,[4 5],75,201,224,126,201
1,<environment.Job instance at 0x7f8831486820>,77,13,[12  5],78,224,237,146,214
1,<environment.Job instance at 0x7f87e8fc4280>,70,18,[2 7],71,223,241,152,218
1,<environment.Job instance at 0x7f882ee180f0>,0,12,[ 3 12],1,1,13,0,1
1,<environment.Job instance at 0x7f882e9f6280>,2,19,[2 5],3,13,32,10,3
1,<environment.Job instance at 0x7f882e909500>,5,1,[10  5],6,13,14,7,6
1,<environment.Job instance at 0x7f882e909730>,9,2,[6 4],10,14,16,4,12
1,<environment.Job instance at 0x7f88314a78c0>,7,17,[6 2],8,14,31,6,13
1,<environment.Job instance at 0x7f882e909cd0>,11,3,[5 9],12,31,34,19,14
1,<environment.Job instance at 0x7f87e9240fa0>,13,2,[7 5],14,16,18,2,14
1,<environment.Job instance at 0x7f882ea52690>,17,1,[5 4],18,20,21,2,20
1,<environment.Job instance at 0x7f882ea52140>,18,3,[3 5],19,21,24,2,20
1,<environment.Job instance at 0x7f882ea529b0>,21,3,[7 5],22,24,27,2,22
1,<environment.Job instance at 0x7f882ea52410>,23,18,[8 3],24,40,58,16,40
1,<environment.Job instance at 0x7f882ea52280>,24,2,[8 1],25,58,60,33,40
1,<environment.Job instance at 0x7f87e9240e60>,14,13,[5 7],15,50,63,35,50
1,<environment.Job instance at 0x7f87e9240500>,15,17,[8 5],16,60,77,44,50
1,<environment.Job instance at 0x7f882ea520f0>,28,13,[7 1],29,63,76,34,50
1,<environment.Job instance at 0x7f8830fdc370>,29,14,[5 3],30,76,90,46,61
1,<environment.Job instance at 0x7f87e8c50fa0>,33,2,[9 1],34,77,79,43,63
1,<environment.Job instance at 0x7f87e8c50b40>,34,14,[5 8],35,79,93,44,64
1,<environment.Job instance at 0x7f87e8c50190>,35,2,[ 3 10],36,93,95,57,66
1,<environment.Job instance at 0x7f8830fdc5f0>,31,2,[13  4],32,95,97,63,80
1,<environment.Job instance at 0x7f882ea525f0>,27,16,[13  1],28,97,113,69,84
1,<environment.Job instance at 0x7f87e8c50c80>,40,27,[ 3 13],41,113,140,72,111
1,<environment.Job instance at 0x7f87e8c50a00>,43,27,[1 7],44,140,167,96,138
1,<environment.Job instance at 0x7f883135f820>,45,18,[ 3 12],46,167,185,121,156
1,<environment.Job instance at 0x7f883135f370>,50,1,[12  1],51,157,158,106,157
1,<environment.Job instance at 0x7f87e8c50960>,38,17,[9 2],39,158,175,119,157
1,<environment.Job instance at 0x7f883135faa0>,51,25,[9 1],52,175,200,123,171
1,<environment.Job instance at 0x7f883135f780>,52,17,[5 9],53,189,206,136,189
1,<environment.Job instance at 0x7f8831348c80>,59,13,[8 4],60,200,213,140,191
1,<environment.Job instance at 0x7f87e8c502d0>,36,20,[10  4],37,213,233,176,204
1,<environment.Job instance at 0x7f88313484b0>,62,1,[4 8],63,206,207,143,204
1,<environment.Job instance at 0x7f883135a410>,64,16,[2 5],65,207,223,142,204
1,<environment.Job instance at 0x7f883135a780>,65,13,[ 5 10],66,223,236,157,213
1,<environment.Job instance at 0x7f883135a690>,66,3,[3 9],67,236,239,169,214
1,<environment.Job instance at 0x7f883135a320>,67,3,[5 6],68,236,239,168,215
1,<environment.Job instance at 0x7f883135a500>,70,3,[10  2],71,233,236,162,225
1,<environment.Job instance at 0x7f883135ae60>,71,1,[2 8],72,239,240,167,225
1,<environment.Job instance at 0x7f883135faf0>,2,3,[8 1],3,3,6,0,3
1,<environment.Job instance at 0x7f8831042320>,4,1,[1 8],5,5,6,0,5
1,<environment.Job instance at 0x7f8830fcc230>,6,3,[1 7],7,8,11,1,8
1,<environment.Job instance at 0x7f8833ac6870>,10,15,[7 2],11,11,26,0,11
1,<environment.Job instance at 0x7f882ec014b0>,11,14,[1 5],12,12,26,0,12
1,<environment.Job instance at 0x7f882ec01aa0>,16,17,[ 1 14],17,26,43,9,17
1,<environment.Job instance at 0x7f87e905fb40>,9,1,[8 2],10,43,44,33,22
1,<environment.Job instance at 0x7f87e8c50b90>,18,1,[3 8],19,25,26,6,25
1,<environment.Job instance at 0x7f882ec720a0>,21,18,[5 5],22,43,61,21,32
1,<environment.Job instance at 0x7f882ec72af0>,23,24,[4 7],24,44,68,20,41
1,<environment.Job instance at 0x7f882ec72dc0>,25,3,[6 4],26,61,64,35,46
1,<environment.Job instance at 0x7f882e89b8c0>,26,2,[10  1],27,64,66,37,46
1,<environment.Job instance at 0x7f88312e7af0>,27,1,[7 3],28,66,67,38,46
1,<environment.Job instance at 0x7f8831546820>,28,23,[ 4 10],29,68,91,39,62
1,<environment.Job instance at 0x7f88312ca9b0>,7,1,[6 5],8,67,68,59,62
1,<environment.Job instance at 0x7f883112e4b0>,29,2,[4 6],30,91,93,61,64
1,<environment.Job instance at 0x7f88313ed730>,33,1,[6 5],34,68,69,34,64
1,<environment.Job instance at 0x7f88313edf00>,34,1,[4 9],35,91,92,56,64
1,<environment.Job instance at 0x7f882ecb7be0>,35,13,[ 3 12],36,93,106,57,77
1,<environment.Job instance at 0x7f882ed98dc0>,38,1,[1 6],39,92,93,53,78
1,<environment.Job instance at 0x7f882ed70320>,41,3,[5 5],42,83,86,41,83
1,<environment.Job instance at 0x7f882ed701e0>,42,15,[ 1 10],43,106,121,63,92
1,<environment.Job instance at 0x7f882e92a410>,43,24,[3 5],44,106,130,62,101
1,<environment.Job instance at 0x7f87e8df7c80>,46,1,[3 7],47,121,122,74,102
1,<environment.Job instance at 0x7f882e92a2d0>,47,1,[4 7],48,122,123,74,102
1,<environment.Job instance at 0x7f882e92aaa0>,48,17,[10  4],49,123,140,74,111
1,<environment.Job instance at 0x7f882e8aedc0>,53,17,[4 9],54,130,147,76,118
1,<environment.Job instance at 0x7f882ed8fb40>,54,1,[1 9],55,147,148,92,119
1,<environment.Job instance at 0x7f882ed8f460>,56,1,[2 5],57,123,124,66,119
1,<environment.Job instance at 0x7f882ed8f730>,57,1,[8 5],58,140,141,82,119
1,<environment.Job instance at 0x7f882ed8faa0>,59,24,[7 1],60,141,165,81,136
1,<environment.Job instance at 0x7f882ed17af0>,60,26,[4 8],61,148,174,87,145
1,<environment.Job instance at 0x7f882ea7b370>,62,3,[7 5],63,165,168,102,145
1,<environment.Job instance at 0x7f882e85cc30>,63,3,[10  4],64,168,171,104,145
1,<environment.Job instance at 0x7f882ea63c30>,65,18,[6 2],66,171,189,105,160
1,<environment.Job instance at 0x7f87e92786e0>,66,2,[1 9],67,174,176,107,160
1,<environment.Job instance at 0x7f87e9278370>,67,13,[ 5 10],68,176,189,108,164
1,<environment.Job instance at 0x7f882eb68d20>,69,3,[ 4 10],70,189,192,119,166
1,<environment.Job instance at 0x7f882e912c80>,73,18,[8 1],74,189,207,115,179
1,<environment.Job instance at 0x7f882ecb7a00>,36,13,[ 4 12],37,192,205,155,192
1,<environment.Job instance at 0x7f882e9124b0>,76,13,[5 6],77,205,218,128,192
1,<environment.Job instance at 0x7f882e912fa0>,75,15,[12  1],76,218,233,142,206
1,<environment.Job instance at 0x7f8830f31b40>,82,16,[3 5],83,218,234,135,218
1,<environment.Job instance at 0x7f87e905e0a0>,8,12,[10  2],9,9,21,0,9
1,<environment.Job instance at 0x7f882ee18aa0>,9,2,[10  1],10,21,23,11,12
1,<environment.Job instance at 0x7f87e9042960>,13,2,[12  1],14,23,25,9,14
1,<environment.Job instance at 0x7f882e978aa0>,14,1,[ 5 14],15,21,22,6,15
1,<environment.Job instance at 0x7f882e94b230>,5,3,[7 3],6,25,28,19,22
1,<environment.Job instance at 0x7f882eafa320>,17,15,[ 3 10],18,25,40,7,25
1,<environment.Job instance at 0x7f87e905f820>,4,1,[5 8],5,40,41,35,26
1,<environment.Job instance at 0x7f882eafa5a0>,20,3,[10  4],21,28,31,7,26
1,<environment.Job instance at 0x7f882e71e820>,23,17,[ 2 10],24,46,63,22,46
1,<environment.Job instance at 0x7f882e71ed20>,26,13,[ 5 11],27,67,80,40,67
1,<environment.Job instance at 0x7f882e71ebe0>,27,2,[13  1],28,80,82,52,67
1,<environment.Job instance at 0x7f882e71e870>,30,2,[4 9],31,82,84,51,70
1,<environment.Job instance at 0x7f882e7400a0>,34,1,[11  3],35,85,86,50,85
1,<environment.Job instance at 0x7f882e740280>,35,12,[1 9],36,85,97,49,85
1,<environment.Job instance at 0x7f882e978820>,16,21,[3 7],17,97,118,80,90
1,<environment.Job instance at 0x7f882e740550>,38,15,[8 2],39,91,106,52,91
1,<environment.Job instance at 0x7f882e7406e0>,42,27,[9 1],43,106,133,63,104
1,<environment.Job instance at 0x7f882e7408c0>,45,1,[9 3],46,133,134,87,110
1,<environment.Job instance at 0x7f882e740230>,46,21,[12  2],47,134,155,87,126
1,<environment.Job instance at 0x7f882eafae10>,19,20,[1 9],20,126,146,106,126
1,<environment.Job instance at 0x7f882e740aa0>,48,14,[ 1 14],49,155,169,106,140
1,<environment.Job instance at 0x7f882e740460>,50,15,[12  3],51,169,184,118,155
1,<environment.Job instance at 0x7f882e740fa0>,56,2,[12  3],57,184,186,127,169
1,<environment.Job instance at 0x7f882e7340a0>,58,1,[ 4 10],59,186,187,127,169
1,<environment.Job instance at 0x7f882e7340f0>,61,23,[5 9],62,187,210,125,183
1,<environment.Job instance at 0x7f882e71e7d0>,21,17,[5 6],22,187,204,165,186
1,<environment.Job instance at 0x7f882e734730>,66,18,[1 5],67,207,225,140,207
1,<environment.Job instance at 0x7f882e734960>,67,3,[ 1 10],68,210,213,142,207
1,<environment.Job instance at 0x7f882e7349b0>,68,1,[8 4],69,213,214,144,207
1,<environment.Job instance at 0x7f882e734a50>,69,3,[ 4 11],70,225,228,155,207
1,<environment.Job instance at 0x7f882e734d20>,70,2,[6 3],71,213,215,142,207
1,<environment.Job instance at 0x7f882e734d70>,71,26,[7 2],72,214,240,142,211
1,<environment.Job instance at 0x7f882e734e10>,72,2,[ 2 13],73,228,230,155,215
1,<environment.Job instance at 0x7f882e734f00>,75,2,[1 8],76,216,218,140,216
1,<environment.Job instance at 0x7f882e734b40>,76,12,[11  2],77,240,252,163,223
1,<environment.Job instance at 0x7f882e725230>,77,1,[14  5],78,252,253,174,224
1,<environment.Job instance at 0x7f87e8f525a0>,7,3,[2 5],8,8,11,0,8
1,<environment.Job instance at 0x7f88311a7320>,8,1,[7 2],9,9,10,0,9
1,<environment.Job instance at 0x7f87e904fb40>,14,3,[2 7],15,33,36,18,33
1,<environment.Job instance at 0x7f882ee18d20>,4,15,[9 2],5,45,60,40,45
1,<environment.Job instance at 0x7f87e8f52730>,10,26,[2 8],11,49,75,38,49
1,<environment.Job instance at 0x7f88310ddbe0>,21,14,[9 4],22,60,74,38,56
1,<environment.Job instance at 0x7f87e904fc80>,19,17,[12  4],20,74,91,54,62
1,<environment.Job instance at 0x7f88310dd960>,26,2,[1 6],27,75,77,48,66
1,<environment.Job instance at 0x7f88310dd870>,25,17,[ 1 11],26,77,94,51,67
1,<environment.Job instance at 0x7f882ec05910>,34,1,[8 3],35,91,92,56,83
1,<environment.Job instance at 0x7f87e913b4b0>,36,3,[5 5],37,94,97,57,85
1,<environment.Job instance at 0x7f87e913b5a0>,37,17,[9 1],38,92,109,54,85
1,<environment.Job instance at 0x7f8831138460>,38,1,[7 4],39,109,110,70,85
1,<environment.Job instance at 0x7f87e8c53b90>,39,2,[3 9],40,97,99,57,85
1,<environment.Job instance at 0x7f882ecb7550>,40,24,[ 4 14],41,110,134,69,105
1,<environment.Job instance at 0x7f8831095190>,44,14,[ 1 11],45,134,148,89,119
1,<environment.Job instance at 0x7f87e8f92e10>,45,24,[7 4],46,134,158,88,129
1,<environment.Job instance at 0x7f882eac7280>,48,1,[5 9],49,148,149,99,129
1,<environment.Job instance at 0x7f882e7e47d0>,52,2,[7 4],53,149,151,96,130
1,<environment.Job instance at 0x7f88310d2190>,55,25,[6 2],56,151,176,95,147
1,<environment.Job instance at 0x7f88310d2050>,56,2,[ 1 13],57,158,160,101,147
1,<environment.Job instance at 0x7f87e8f5dc30>,59,18,[ 1 10],60,160,178,100,152
1,<environment.Job instance at 0x7f87e9315230>,64,1,[8 1],65,160,161,95,157
1,<environment.Job instance at 0x7f87e93156e0>,66,26,[10  2],67,176,202,109,173
1,<environment.Job instance at 0x7f882ed58870>,72,21,[9 5],73,202,223,129,194
1,<environment.Job instance at 0x7f882ed58320>,73,2,[4 9],74,194,196,120,194
1,<environment.Job instance at 0x7f882ed58230>,74,1,[12  5],75,223,224,148,195
1,<environment.Job instance at 0x7f882ed58280>,75,1,[ 2 14],76,224,225,148,196
1,<environment.Job instance at 0x7f882ed58690>,77,2,[14  3],78,225,227,147,201
1,<environment.Job instance at 0x7f882ed589b0>,78,2,[10  3],79,227,229,148,201
1,<environment.Job instance at 0x7f882ea66640>,83,2,[5 7],84,214,216,130,214
1,<environment.Job instance at 0x7f882ed06690>,2,20,[1 9],3,3,23,0,3
1,<environment.Job instance at 0x7f882eb9d730>,7,26,[ 2 12],8,23,49,15,20
1,<environment.Job instance at 0x7f88311b0140>,15,26,[5 5],16,49,75,33,46
1,<environment.Job instance at 0x7f8833cef190>,4,1,[10  5],5,49,50,44,46
1,<environment.Job instance at 0x7f883113a640>,17,15,[8 4],18,50,65,32,46
1,<environment.Job instance at 0x7f882eb9d370>,8,17,[2 5],9,50,67,41,49
1,<environment.Job instance at 0x7f882e7e2410>,12,3,[11  1],13,75,78,62,51
1,<environment.Job instance at 0x7f882ec18140>,21,1,[10  4],22,67,68,45,53
1,<environment.Job instance at 0x7f882e922140>,24,25,[9 4],25,78,103,53,74
1,<environment.Job instance at 0x7f882e92da50>,30,25,[9 5],31,103,128,72,99
1,<environment.Job instance at 0x7f882ec18730>,19,15,[2 8],20,107,122,87,107
1,<environment.Job instance at 0x7f882e92d7d0>,32,3,[12  5],33,128,131,95,112
1,<environment.Job instance at 0x7f87e8c4cdc0>,31,3,[11  1],32,131,134,99,113
1,<environment.Job instance at 0x7f87e8bfd910>,40,26,[10  1],41,134,160,93,131
1,<environment.Job instance at 0x7f87e8bfdf50>,47,3,[2 9],48,156,159,108,156
1,<environment.Job instance at 0x7f87e8bfd7d0>,48,2,[5 1],49,159,161,110,156
1,<environment.Job instance at 0x7f87e91e5a00>,49,17,[1 9],50,160,177,110,156
1,<environment.Job instance at 0x7f87e91e59b0>,53,1,[9 4],54,186,187,132,186
1,<environment.Job instance at 0x7f87e91e5af0>,55,27,[5 8],56,188,215,132,188
1,<environment.Job instance at 0x7f882ea1ef50>,57,25,[6 4],58,201,226,143,201
1,<environment.Job instance at 0x7f87e92aec80>,58,2,[10  1],59,226,228,167,201
1,<environment.Job instance at 0x7f882e9ed690>,59,25,[10  1],60,228,253,168,224
1,<environment.Job instance at 0x7f882e9eda50>,60,14,[ 1 14],61,233,247,172,233
1,<environment.Job instance at 0x7f87e90c10a0>,67,1,[5 9],68,247,248,179,233
1,<environment.Job instance at 0x7f87e90c1c80>,1,2,[ 5 10],2,2,4,0,2
1,<environment.Job instance at 0x7f87e91a81e0>,6,20,[5 3],7,7,27,0,7
1,<environment.Job instance at 0x7f8831274c80>,7,1,[ 2 11],8,8,9,0,8
1,<environment.Job instance at 0x7f882ee77140>,9,2,[1 5],10,10,12,0,10
1,<environment.Job instance at 0x7f8830f88870>,10,21,[5 4],11,11,32,0,11
1,<environment.Job instance at 0x7f87e8c7afa0>,15,12,[5 7],16,16,28,0,16
1,<environment.Job instance at 0x7f87e8e14dc0>,17,1,[9 3],18,28,29,10,18
1,<environment.Job instance at 0x7f87e8d31f00>,19,1,[8 5],20,29,30,9,20
1,<environment.Job instance at 0x7f87e8d01190>,22,2,[6 1],23,32,34,9,32
1,<environment.Job instance at 0x7f87e8d01370>,24,13,[10  2],25,36,49,11,36
1,<environment.Job instance at 0x7f87e8d01050>,26,16,[10  4],27,50,66,23,50
1,<environment.Job instance at 0x7f87e8d01460>,27,3,[ 5 11],28,50,53,22,50
1,<environment.Job instance at 0x7f87e8d015a0>,29,3,[8 3],30,66,69,36,50
1,<environment.Job instance at 0x7f87e8d01640>,30,12,[1 9],31,56,68,25,56
1,<environment.Job instance at 0x7f87e8d016e0>,31,12,[3 5],32,68,80,36,61
1,<environment.Job instance at 0x7f87e8d01a00>,32,18,[3 6],33,68,86,35,61
1,<environment.Job instance at 0x7f87e8d01af0>,34,2,[8 3],35,69,71,34,65
1,<environment.Job instance at 0x7f87e8d01b90>,35,3,[2 5],36,80,83,44,65
1,<environment.Job instance at 0x7f87e8d01be0>,36,2,[9 3],37,71,73,34,65
1,<environment.Job instance at 0x7f87e8d01c80>,37,1,[5 9],38,83,84,45,65
1,<environment.Job instance at 0x7f882edcf1e0>,16,16,[5 8],17,84,100,67,79
1,<environment.Job instance at 0x7f87e8d02280>,47,3,[10  4],48,108,111,60,108
1,<environment.Job instance at 0x7f87e8d02320>,48,1,[3 9],49,108,109,59,108
1,<environment.Job instance at 0x7f87e8d025f0>,51,2,[ 3 10],52,115,117,63,115
1,<environment.Job instance at 0x7f87e8d02500>,52,1,[1 8],53,117,118,64,115
1,<environment.Job instance at 0x7f87e8d026e0>,53,2,[7 5],54,115,117,61,115
1,<environment.Job instance at 0x7f87e8d028c0>,54,1,[6 5],55,117,118,62,115
1,<environment.Job instance at 0x7f87e8d02870>,55,28,[5 5],56,118,146,62,117
1,<environment.Job instance at 0x7f87e8d02730>,50,16,[7 5],51,120,136,69,120
1,<environment.Job instance at 0x7f87e8d02b40>,60,12,[ 4 14],61,146,158,85,131
1,<environment.Job instance at 0x7f87e8d02e10>,61,21,[4 8],62,158,179,96,150
1,<environment.Job instance at 0x7f87e8d04550>,67,3,[2 7],68,158,161,90,158
1,<environment.Job instance at 0x7f87e8d045f0>,68,1,[ 1 11],69,179,180,110,158
1,<environment.Job instance at 0x7f87e8d04690>,69,2,[1 8],70,180,182,110,158
1,<environment.Job instance at 0x7f87e8d04730>,70,21,[6 2],71,161,182,90,158
1,<environment.Job instance at 0x7f87e8d04a50>,76,1,[10  1],77,182,183,105,161
1,<environment.Job instance at 0x7f87e8d04af0>,77,12,[8 1],78,183,195,105,170
1,<environment.Job instance at 0x7f87e8d04b90>,78,22,[4 8],79,182,204,103,175
1,<environment.Job instance at 0x7f87e8d04dc0>,79,16,[ 4 11],80,204,220,124,191
1,<environment.Job instance at 0x7f87e8d04e10>,80,28,[4 7],81,220,248,139,219
1,<environment.Job instance at 0x7f87e8d04cd0>,82,3,[2 8],83,220,223,137,219
1,<environment.Job instance at 0x7f87e8e1bb90>,9,17,[1 7],10,19,36,9,19
1,<environment.Job instance at 0x7f882ed96a00>,15,18,[6 1],16,35,53,19,35
1,<environment.Job instance at 0x7f882ed965a0>,17,3,[6 4],18,49,52,31,49
1,<environment.Job instance at 0x7f882ed961e0>,19,2,[2 5],20,50,52,30,50
1,<environment.Job instance at 0x7f882ed96640>,20,14,[10  1],21,53,67,32,50
1,<environment.Job instance at 0x7f87e8f0bc30>,21,3,[8 5],22,67,70,45,50
1,<environment.Job instance at 0x7f87e8f0ba00>,22,18,[10  1],23,70,88,47,59
1,<environment.Job instance at 0x7f87e8f0b280>,24,27,[1 7],25,64,91,39,64
1,<environment.Job instance at 0x7f87e8f0bd70>,25,1,[10  2],26,88,89,62,65
1,<environment.Job instance at 0x7f87e8f0bb90>,29,1,[5 4],30,89,90,59,69
1,<environment.Job instance at 0x7f87e8f0b960>,33,14,[9 2],34,92,106,58,92
1,<environment.Job instance at 0x7f882e92da00>,34,2,[10  4],35,106,108,71,92
1,<environment.Job instance at 0x7f882e92d460>,35,2,[6 1],36,92,94,56,92
1,<environment.Job instance at 0x7f882ebb8e60>,37,3,[2 5],38,94,97,56,94
1,<environment.Job instance at 0x7f882ebb85a0>,38,1,[4 7],39,94,95,55,94
1,<environment.Job instance at 0x7f882ebb8b90>,39,3,[6 5],40,97,100,57,94
1,<environment.Job instance at 0x7f87e8c3e230>,41,18,[4 6],42,107,125,65,107
1,<environment.Job instance at 0x7f87e8c3e3c0>,42,1,[ 4 10],43,125,126,82,107
1,<environment.Job instance at 0x7f87e8c3e7d0>,45,13,[10  4],46,121,134,75,121
1,<environment.Job instance at 0x7f87e8c3ea50>,46,19,[5 4],47,126,145,79,121
1,<environment.Job instance at 0x7f87e8c3ebe0>,47,17,[1 8],48,134,151,86,129
1,<environment.Job instance at 0x7f87e8c3edc0>,50,3,[10  1],51,145,148,94,138
1,<environment.Job instance at 0x7f87e8c3ed70>,51,3,[5 4],52,148,151,96,138
1,<environment.Job instance at 0x7f8830ef0820>,53,18,[10  1],54,151,169,97,141
1,<environment.Job instance at 0x7f883166b820>,55,16,[ 5 13],56,151,167,95,141
1,<environment.Job instance at 0x7f883166b690>,57,3,[9 2],58,169,172,111,155
1,<environment.Job instance at 0x7f883166b640>,58,3,[9 1],59,172,175,113,155
1,<environment.Job instance at 0x7f883166b0a0>,59,16,[ 1 13],60,167,183,107,155
1,<environment.Job instance at 0x7f883166bc80>,60,2,[5 6],61,183,185,122,156
1,<environment.Job instance at 0x7f883166bf00>,62,15,[ 2 12],63,185,200,122,171
1,<environment.Job instance at 0x7f883166bd20>,66,17,[11  2],67,185,202,118,176
1,<environment.Job instance at 0x7f883166b2d0>,69,23,[9 3],70,202,225,132,196
1,<environment.Job instance at 0x7f882e9ebbe0>,77,18,[2 7],78,223,241,145,223
1,<environment.Job instance at 0x7f87e90ecf50>,5,1,[8 3],6,6,7,0,6
1,<environment.Job instance at 0x7f87e90ec6e0>,6,1,[12  5],7,7,8,0,7
1,<environment.Job instance at 0x7f87e90eccd0>,13,1,[5 5],14,17,18,3,17
1,<environment.Job instance at 0x7f882e95caa0>,14,1,[6 2],15,17,18,2,17
1,<environment.Job instance at 0x7f882e95c500>,15,2,[10  4],16,18,20,2,17
1,<environment.Job instance at 0x7f882e95c550>,16,1,[5 5],17,18,19,1,17
1,<environment.Job instance at 0x7f882e95caf0>,18,3,[9 2],19,20,23,1,20
1,<environment.Job instance at 0x7f882e95c410>,19,2,[10  4],20,23,25,3,20
1,<environment.Job instance at 0x7f882e95c140>,21,20,[5 5],22,23,43,1,23
1,<environment.Job instance at 0x7f882eb3fdc0>,23,22,[2 8],24,25,47,1,25
1,<environment.Job instance at 0x7f882eb3f690>,28,3,[2 6],29,43,46,14,37
1,<environment.Job instance at 0x7f882eb3feb0>,29,1,[5 4],30,46,47,16,37
1,<environment.Job instance at 0x7f882eb3ff00>,31,3,[3 5],32,47,50,15,43
1,<environment.Job instance at 0x7f882eb3fcd0>,32,20,[ 1 10],33,47,67,14,43
1,<environment.Job instance at 0x7f882eb3faa0>,35,13,[13  1],36,50,63,14,43
1,<environment.Job instance at 0x7f882e71eaf0>,37,1,[ 3 10],38,67,68,29,53
1,<environment.Job instance at 0x7f882eb3f640>,38,17,[ 3 13],39,68,85,29,56
1,<environment.Job instance at 0x7f882e9ebb40>,8,2,[8 4],9,63,65,54,56
1,<environment.Job instance at 0x7f882e71e550>,41,1,[10  4],42,65,66,23,56
1,<environment.Job instance at 0x7f882e71e5f0>,42,21,[9 2],43,66,87,23,58
1,<environment.Job instance at 0x7f88311b3230>,45,13,[ 4 14],46,87,100,41,71
1,<environment.Job instance at 0x7f88311b35a0>,47,3,[7 2],48,100,103,52,74
1,<environment.Job instance at 0x7f88311b3910>,50,2,[3 7],51,85,87,34,76
1,<environment.Job instance at 0x7f88311b3a50>,51,19,[6 5],52,100,119,48,90
1,<environment.Job instance at 0x7f88311b3960>,52,25,[3 6],53,103,128,50,99
1,<environment.Job instance at 0x7f87e8dcc690>,56,3,[9 5],57,119,122,62,99
1,<environment.Job instance at 0x7f8830fcceb0>,58,3,[ 1 13],59,128,131,69,102
1,<environment.Job instance at 0x7f8830ff1190>,62,3,[10  5],63,122,125,59,102
1,<environment.Job instance at 0x7f8830fccc80>,59,1,[10  1],60,125,126,65,105
1,<environment.Job instance at 0x7f8830ff1e60>,68,3,[1 8],69,125,128,56,113
1,<environment.Job instance at 0x7f8830ff1d20>,69,1,[5 8],70,131,132,61,113
1,<environment.Job instance at 0x7f87e8ffe0a0>,72,18,[ 5 10],73,133,151,60,133
1,<environment.Job instance at 0x7f87e8dcc5a0>,55,16,[4 8],56,151,167,95,138
1,<environment.Job instance at 0x7f8830ff16e0>,73,17,[13  3],74,167,184,93,155
1,<environment.Job instance at 0x7f882ec263c0>,79,1,[8 1],80,155,156,75,155
1,<environment.Job instance at 0x7f882ec26a00>,83,2,[ 3 10],84,184,186,100,169
1,<environment.Job instance at 0x7f882ecda780>,85,21,[3 8],86,186,207,100,178
1,<environment.Job instance at 0x7f882ec26d20>,78,2,[3 6],79,186,188,107,178
1,<environment.Job instance at 0x7f882e71ebe0>,40,12,[9 1],41,184,196,143,178
1,<environment.Job instance at 0x7f882ecda8c0>,89,1,[10  3],90,196,197,106,179
1,<environment.Job instance at 0x7f882ecdaf50>,87,18,[ 3 12],88,207,225,119,196
1,<environment.Job instance at 0x7f882ecdaf50>,2,2,[1 8],3,4,6,1,4
1,<environment.Job instance at 0x7f87e8dccd20>,5,2,[5 9],6,6,8,0,6
1,<environment.Job instance at 0x7f8830ff65a0>,3,14,[7 2],4,10,24,6,10
1,<environment.Job instance at 0x7f883132a370>,8,18,[5 5],9,10,28,1,10
1,<environment.Job instance at 0x7f88315b4320>,9,16,[13  5],10,28,44,18,15
1,<environment.Job instance at 0x7f8831421b90>,15,1,[3 6],16,16,17,0,16
1,<environment.Job instance at 0x7f8830f97b40>,17,1,[ 3 11],18,44,45,26,24
1,<environment.Job instance at 0x7f87e928d050>,20,15,[1 8],21,45,60,24,37
1,<environment.Job instance at 0x7f87e928d1e0>,26,2,[8 2],27,63,65,36,63
1,<environment.Job instance at 0x7f87e928dbe0>,28,1,[5 6],29,63,64,34,63
1,<environment.Job instance at 0x7f87e9297e10>,29,18,[4 6],30,65,83,35,65
1,<environment.Job instance at 0x7f87e9297b90>,30,2,[6 1],31,65,67,34,65
1,<environment.Job instance at 0x7f87e9297870>,31,1,[4 7],32,65,66,33,65
1,<environment.Job instance at 0x7f87e9297140>,35,3,[2 9],36,77,80,41,77
1,<environment.Job instance at 0x7f8831274fa0>,7,17,[3 8],8,93,110,85,93
1,<environment.Job instance at 0x7f87e928d780>,21,28,[7 5],22,93,121,71,93
1,<environment.Job instance at 0x7f87e9280500>,41,14,[10  4],42,121,135,79,106
1,<environment.Job instance at 0x7f87e92a9640>,43,15,[ 4 10],44,110,125,66,106
1,<environment.Job instance at 0x7f882eb4d4b0>,51,2,[7 2],52,135,137,83,129
1,<environment.Job instance at 0x7f87e9297410>,38,1,[10  2],39,139,140,100,139
1,<environment.Job instance at 0x7f87e92a9870>,47,1,[ 2 11],48,144,145,96,144
1,<environment.Job instance at 0x7f87e928d9b0>,23,15,[10  2],24,144,159,120,144
1,<environment.Job instance at 0x7f882eb608c0>,55,3,[ 4 12],56,146,149,90,146
1,<environment.Job instance at 0x7f882eb4beb0>,58,2,[14  5],59,159,161,100,146
1,<environment.Job instance at 0x7f882eb4bf50>,59,2,[9 5],60,161,163,101,146
1,<environment.Job instance at 0x7f882e8726e0>,61,16,[5 5],62,161,177,99,153
1,<environment.Job instance at 0x7f8831528410>,65,19,[5 1],66,163,182,97,158
1,<environment.Job instance at 0x7f882ec99b90>,66,24,[5 3],67,163,187,96,158
1,<environment.Job instance at 0x7f87e906d960>,69,3,[5 5],70,178,181,108,178
1,<environment.Job instance at 0x7f87e906d1e0>,70,16,[1 7],71,181,197,110,179
1,<environment.Job instance at 0x7f8831504c30>,72,3,[7 4],73,182,185,109,181
1,<environment.Job instance at 0x7f88315046e0>,73,2,[8 3],74,185,187,111,181
1,<environment.Job instance at 0x7f8831504050>,74,28,[10  4],75,187,215,112,186
1,<environment.Job instance at 0x7f882eb600a0>,56,16,[ 1 10],57,197,213,140,187
1,<environment.Job instance at 0x7f8831504140>,75,15,[ 4 12],76,215,230,139,202
1,<environment.Job instance at 0x7f8831504230>,82,2,[10  1],83,215,217,132,203
1,<environment.Job instance at 0x7f882eb56d20>,54,2,[1 5],55,213,215,158,211
1,<environment.Job instance at 0x7f88313a66e0>,87,2,[ 5 12],88,230,232,142,212
1,<environment.Job instance at 0x7f88313a6dc0>,88,3,[5 1],89,217,220,128,212
1,<environment.Job instance at 0x7f882eda0910>,6,2,[3 8],7,7,9,0,7
1,<environment.Job instance at 0x7f882e845b90>,15,1,[7 3],16,24,25,8,24
1,<environment.Job instance at 0x7f882e81b730>,16,1,[3 9],17,24,25,7,24
1,<environment.Job instance at 0x7f882ead76e0>,19,2,[ 5 10],20,54,56,34,54
1,<environment.Job instance at 0x7f882ead7820>,20,1,[2 8],21,56,57,35,54
1,<environment.Job instance at 0x7f882ead72d0>,22,2,[10  4],23,71,73,48,71
1,<environment.Job instance at 0x7f8833b51910>,23,1,[10  5],24,73,74,49,71
1,<environment.Job instance at 0x7f88312be230>,24,16,[12  5],25,74,90,49,71
1,<environment.Job instance at 0x7f8833b51410>,25,3,[4 5],26,90,93,64,73
1,<environment.Job instance at 0x7f8833b51f00>,28,1,[ 3 10],29,82,83,53,82
1,<environment.Job instance at 0x7f882ec55e60>,29,21,[7 5],30,90,111,60,82
1,<environment.Job instance at 0x7f882e81bc80>,12,18,[6 5],13,93,111,80,83
1,<environment.Job instance at 0x7f87e8d046e0>,32,3,[6 3],33,111,114,78,87
1,<environment.Job instance at 0x7f882e9968c0>,33,2,[2 9],34,87,89,53,87
1,<environment.Job instance at 0x7f882e996410>,31,19,[14  4],32,114,133,82,104
1,<environment.Job instance at 0x7f882e996050>,35,21,[6 2],36,133,154,97,125
1,<environment.Job instance at 0x7f8831198230>,38,1,[11  4],39,154,155,115,127
1,<environment.Job instance at 0x7f882e996d70>,34,18,[1 8],35,127,145,92,127
1,<environment.Job instance at 0x7f8831198140>,40,1,[5 6],41,145,146,104,127
1,<environment.Job instance at 0x7f8831198aa0>,37,3,[ 5 11],38,146,149,108,127
1,<environment.Job instance at 0x7f8831198d70>,41,2,[4 7],42,149,151,107,130
1,<environment.Job instance at 0x7f87e8ce9460>,50,2,[8 4],51,151,153,100,147
1,<environment.Job instance at 0x7f87e8ce9820>,51,1,[8 1],52,153,154,101,147
1,<environment.Job instance at 0x7f87e8ce9280>,52,2,[2 9],53,154,156,101,147
1,<environment.Job instance at 0x7f87e8ce9e60>,54,3,[7 3],55,155,158,100,147
1,<environment.Job instance at 0x7f8830ff6280>,55,2,[3 7],56,156,158,100,147
1,<environment.Job instance at 0x7f87e8e17690>,56,17,[ 2 10],57,160,177,103,160
1,<environment.Job instance at 0x7f88313a33c0>,62,1,[2 7],63,180,181,117,180
1,<environment.Job instance at 0x7f87e8bb9c30>,66,22,[8 4],67,194,216,127,194
1,<environment.Job instance at 0x7f87e8bb9f50>,67,20,[5 5],68,194,214,126,194
1,<environment.Job instance at 0x7f87e8bb9960>,68,20,[6 2],69,214,234,145,205
1,<environment.Job instance at 0x7f87e8ce90a0>,46,17,[7 1],47,216,233,169,205
1,<environment.Job instance at 0x7f883166d280>,71,2,[2 9],72,216,218,144,206
1,<environment.Job instance at 0x7f883166dd70>,73,1,[7 3],74,233,234,159,214
1,<environment.Job instance at 0x7f883166d0a0>,74,2,[9 2],75,234,236,159,214
1,<environment.Job instance at 0x7f883166d0f0>,75,1,[ 5 14],76,236,237,160,216
1,<environment.Job instance at 0x7f883166daf0>,76,3,[5 1],77,234,237,157,216
1,<environment.Job instance at 0x7f883166d460>,78,3,[ 4 10],79,237,240,158,218
1,<environment.Job instance at 0x7f87e89bf9b0>,0,2,[ 5 10],1,1,3,0,1
1,<environment.Job instance at 0x7f87e8a6ee10>,4,1,[5 2],5,5,6,0,5
1,<environment.Job instance at 0x7f882ed17b90>,10,3,[6 2],11,11,14,0,11
1,<environment.Job instance at 0x7f8830fcc050>,7,2,[5 5],8,14,16,6,14
1,<environment.Job instance at 0x7f87e897f4b0>,13,18,[13  1],14,16,34,2,14
1,<environment.Job instance at 0x7f87e897fb40>,19,2,[4 6],20,49,51,29,49
1,<environment.Job instance at 0x7f87e897f7d0>,20,3,[2 8],21,49,52,28,49
1,<environment.Job instance at 0x7f87e897f910>,22,3,[5 7],23,51,54,28,49
1,<environment.Job instance at 0x7f87e897fdc0>,25,2,[ 4 10],26,64,66,38,64
1,<environment.Job instance at 0x7f87e8aa9eb0>,26,23,[ 4 10],27,66,89,39,64
1,<environment.Job instance at 0x7f87e8aa9870>,27,15,[10  1],28,79,94,51,79
1,<environment.Job instance at 0x7f87e8aa9640>,31,28,[9 4],32,94,122,62,93
1,<environment.Job instance at 0x7f87e8aa9b90>,32,25,[12  5],33,122,147,89,118
1,<environment.Job instance at 0x7f882ed17aa0>,12,3,[12  2],13,147,150,134,130
1,<environment.Job instance at 0x7f87e8aa9c80>,42,1,[ 5 10],43,150,151,107,131
1,<environment.Job instance at 0x7f87e8aa97d0>,43,1,[2 9],44,131,132,87,131
1,<environment.Job instance at 0x7f87e8aa95f0>,44,25,[1 6],45,151,176,106,147
1,<environment.Job instance at 0x7f87e8aa9b40>,45,2,[10  4],46,150,152,104,147
1,<environment.Job instance at 0x7f87e8bfe5f0>,47,1,[8 1],48,152,153,104,147
1,<environment.Job instance at 0x7f87e8bfe0a0>,49,2,[10  4],50,153,155,103,148
1,<environment.Job instance at 0x7f87e8aa9d70>,39,17,[10  5],40,155,172,115,148
1,<environment.Job instance at 0x7f87e8d54730>,60,1,[10  2],61,175,176,114,175
1,<environment.Job instance at 0x7f87e8d54960>,62,24,[3 5],63,180,204,117,180
1,<environment.Job instance at 0x7f87e8d54dc0>,63,3,[6 5],64,180,183,116,180
1,<environment.Job instance at 0x7f87e8d54b40>,65,27,[1 5],66,192,219,126,192
1,<environment.Job instance at 0x7f87e8d54d20>,68,1,[6 1],69,197,198,128,197
1,<environment.Job instance at 0x7f87e8d54e60>,69,14,[4 8],70,204,218,134,198
1,<environment.Job instance at 0x7f87e8d54f00>,70,2,[1 8],71,218,220,147,198
1,<environment.Job instance at 0x7f87e8d54aa0>,71,1,[1 5],72,198,199,126,198
1,<environment.Job instance at 0x7f87e8d54320>,72,3,[ 4 10],73,220,223,147,198
1,<environment.Job instance at 0x7f87e8aadf50>,73,14,[11  5],74,219,233,145,204
1,<environment.Job instance at 0x7f87e8aad640>,76,3,[4 5],77,223,226,146,208
1,<environment.Job instance at 0x7f87e8aad780>,77,3,[3 6],78,226,229,148,208
1,<environment.Job instance at 0x7f87e8aade10>,78,2,[ 4 10],79,229,231,150,208
1,<environment.Job instance at 0x7f87e8aad410>,80,2,[1 6],81,231,233,150,212
1,<environment.Job instance at 0x7f87e8d54af0>,1,14,[ 4 14],2,2,16,0,2
1,<environment.Job instance at 0x7f88314a9690>,2,3,[10  4],3,16,19,13,3
1,<environment.Job instance at 0x7f8830fcc2d0>,6,2,[7 1],7,7,9,0,7
1,<environment.Job instance at 0x7f8830fccaa0>,7,2,[9 2],8,19,21,11,8
1,<environment.Job instance at 0x7f87e9040f50>,10,3,[13  2],11,21,24,10,11
1,<environment.Job instance at 0x7f87e8e29c30>,15,18,[5 5],16,28,46,12,28
1,<environment.Job instance at 0x7f87e91940a0>,18,2,[7 4],19,28,30,9,28
1,<environment.Job instance at 0x7f87e8ce86e0>,20,1,[4 9],21,40,41,19,40
1,<environment.Job instance at 0x7f882e9a4050>,21,18,[12  2],22,46,64,24,40
1,<environment.Job instance at 0x7f882e9a4690>,22,2,[ 2 13],23,46,48,23,40
1,<environment.Job instance at 0x7f882e9a49b0>,23,13,[ 1 11],24,48,61,24,40
1,<environment.Job instance at 0x7f882e9a4cd0>,27,13,[7 2],28,64,77,36,49
1,<environment.Job instance at 0x7f87e911ea50>,29,1,[8 4],30,64,65,34,56
1,<environment.Job instance at 0x7f882e9ca370>,31,24,[10  2],32,77,101,45,72
1,<environment.Job instance at 0x7f882e9ca640>,32,2,[ 1 10],33,72,74,39,72
1,<environment.Job instance at 0x7f882e9ca5a0>,33,3,[3 8],34,74,77,40,72
1,<environment.Job instance at 0x7f882e9ca780>,37,21,[1 8],38,79,100,41,79
1,<environment.Job instance at 0x7f882e9caaa0>,39,15,[8 1],40,101,116,61,90
1,<environment.Job instance at 0x7f87e8b6aaf0>,14,20,[ 1 10],15,100,120,85,91
1,<environment.Job instance at 0x7f8831399a00>,46,20,[ 5 11],47,120,140,73,111
1,<environment.Job instance at 0x7f8831361050>,51,1,[6 1],52,122,123,70,122
1,<environment.Job instance at 0x7f87e8ef8280>,49,13,[10  1],50,143,156,93,143
1,<environment.Job instance at 0x7f883100b0f0>,60,3,[5 4],61,147,150,86,147
1,<environment.Job instance at 0x7f8831362780>,61,18,[14  2],62,156,174,94,147
1,<environment.Job instance at 0x7f882ed3f960>,62,2,[5 1],63,150,152,87,147
1,<environment.Job instance at 0x7f8831362f00>,63,17,[10  5],64,174,191,110,164
1,<environment.Job instance at 0x7f8830ffa9b0>,66,2,[7 3],67,191,193,124,172
1,<environment.Job instance at 0x7f882ed52b90>,58,18,[5 3],59,176,194,117,176
1,<environment.Job instance at 0x7f8830ffa640>,70,2,[13  1],71,194,196,123,180
1,<environment.Job instance at 0x7f8830ffa960>,65,17,[13  3],66,196,213,130,184
1,<environment.Job instance at 0x7f8830ffa050>,71,17,[1 7],72,191,208,119,184
1,<environment.Job instance at 0x7f883102e550>,75,1,[11  2],76,213,214,137,191
1,<environment.Job instance at 0x7f883102e640>,80,24,[8 2],81,214,238,133,209
1,<environment.Job instance at 0x7f883102e730>,76,28,[5 5],77,214,242,137,214
1,<environment.Job instance at 0x7f882e9a4140>,2,16,[12  1],3,5,21,2,5
1,<environment.Job instance at 0x7f87e89a1f50>,5,24,[5 2],6,21,45,15,16
1,<environment.Job instance at 0x7f883164f3c0>,8,2,[9 4],9,21,23,12,16
1,<environment.Job instance at 0x7f882ece8b40>,10,19,[8 1],11,23,42,12,16
1,<environment.Job instance at 0x7f87e89a1190>,7,2,[1 7],8,16,18,8,16
1,<environment.Job instance at 0x7f87e8b8e460>,18,1,[5 5],19,42,43,23,19
1,<environment.Job instance at 0x7f87e8f356e0>,22,1,[2 7],23,29,30,6,29
1,<environment.Job instance at 0x7f8830f85780>,24,25,[9 4],25,43,68,18,39
1,<environment.Job instance at 0x7f882eac7f50>,28,3,[ 1 10],29,45,48,16,41
1,<environment.Job instance at 0x7f882ebd4230>,30,1,[ 5 10],31,48,49,17,46
1,<environment.Job instance at 0x7f8831344c80>,31,21,[2 6],32,49,70,17,46
1,<environment.Job instance at 0x7f8831344960>,34,1,[9 3],35,68,69,33,60
1,<environment.Job instance at 0x7f8831344370>,37,3,[5 5],38,69,72,31,60
1,<environment.Job instance at 0x7f88313443c0>,38,17,[1 7],39,70,87,31,61
1,<environment.Job instance at 0x7f883141d5a0>,39,1,[8 5],40,72,73,32,61
1,<environment.Job instance at 0x7f883141d410>,41,1,[ 4 13],42,87,88,45,70
1,<environment.Job instance at 0x7f883141d820>,42,1,[10  1],43,73,74,30,70
1,<environment.Job instance at 0x7f883141dbe0>,43,2,[2 7],44,73,75,29,70
1,<environment.Job instance at 0x7f883141dc80>,44,1,[2 9],45,88,89,43,70
1,<environment.Job instance at 0x7f883141d8c0>,45,1,[5 5],46,75,76,29,70
1,<environment.Job instance at 0x7f88312b35f0>,46,3,[10  1],47,76,79,29,70
1,<environment.Job instance at 0x7f88312b3c30>,47,2,[5 6],48,79,81,31,70
1,<environment.Job instance at 0x7f882e9430f0>,48,3,[10  5],49,81,84,32,70
1,<environment.Job instance at 0x7f882e943820>,49,3,[5 5],50,84,87,34,70
1,<environment.Job instance at 0x7f88312ff140>,52,2,[ 3 10],53,89,91,36,76
1,<environment.Job instance at 0x7f88312ffd70>,53,2,[6 4],54,88,90,34,76
1,<environment.Job instance at 0x7f88312ffbe0>,54,17,[6 2],55,90,107,35,79
1,<environment.Job instance at 0x7f88312ff230>,56,26,[7 5],57,91,117,34,88
1,<environment.Job instance at 0x7f88312ff9b0>,57,3,[10  3],58,117,120,59,91
1,<environment.Job instance at 0x7f87e92f5f00>,61,16,[1 7],62,110,126,48,110
1,<environment.Job instance at 0x7f8831040640>,62,25,[1 9],63,126,151,63,122
1,<environment.Job instance at 0x7f8831040e60>,64,3,[5 6],65,122,125,57,122
1,<environment.Job instance at 0x7f87e89d1d70>,69,3,[6 3],70,131,134,61,131
1,<environment.Job instance at 0x7f882ec81820>,70,24,[5 4],71,134,158,63,131
1,<environment.Job instance at 0x7f87e8d70af0>,72,2,[6 2],73,131,133,58,131
1,<environment.Job instance at 0x7f87e8d700a0>,73,28,[1 9],74,151,179,77,150
1,<environment.Job instance at 0x7f87e8d704b0>,74,2,[6 5],75,158,160,83,150
1,<environment.Job instance at 0x7f87e8d70410>,75,3,[8 4],76,160,163,84,150
1,<environment.Job instance at 0x7f87e8ed5cd0>,78,18,[10  5],79,163,181,84,152
1,<environment.Job instance at 0x7f88313c1f50>,81,2,[4 8],82,179,181,97,166
1,<environment.Job instance at 0x7f88313c1500>,83,3,[4 8],84,183,186,99,183
1,<environment.Job instance at 0x7f88313c1050>,84,1,[10  5],85,183,184,98,183
1,<environment.Job instance at 0x7f88313c1fa0>,87,16,[2 8],88,187,203,99,187
1,<environment.Job instance at 0x7f88313c1b90>,88,27,[9 1],89,187,214,98,187
1,<environment.Job instance at 0x7f88313c1370>,90,1,[ 5 10],91,203,204,112,199
1,<environment.Job instance at 0x7f88313c1190>,91,2,[3 5],92,199,201,107,199
1,<environment.Job instance at 0x7f88313c1c30>,92,1,[9 4],93,214,215,121,199
1,<environment.Job instance at 0x7f88313c1730>,93,1,[ 5 10],94,204,205,110,199
1,<environment.Job instance at 0x7f88313c18c0>,94,1,[2 7],95,205,206,110,199
1,<environment.Job instance at 0x7f88313c16e0>,95,1,[5 9],96,206,207,110,199
1,<environment.Job instance at 0x7f88313c1320>,97,2,[1 5],98,201,203,103,201
1,<environment.Job instance at 0x7f8833f38230>,99,1,[3 7],100,205,206,105,201
1,<environment.Job instance at 0x7f8833f38dc0>,100,2,[5 5],101,207,209,106,201
1,<environment.Job instance at 0x7f8833f381e0>,101,3,[7 2],102,215,218,113,201
1,<environment.Job instance at 0x7f8833f38aa0>,102,2,[5 5],103,209,211,106,201
1,<environment.Job instance at 0x7f882e80d460>,4,3,[1 5],5,5,8,0,5
1,<environment.Job instance at 0x7f882e80db40>,7,2,[8 4],8,10,12,2,10
1,<environment.Job instance at 0x7f87e89e5a00>,15,3,[2 7],16,42,45,26,42
1,<environment.Job instance at 0x7f87e89e5c80>,16,17,[4 8],17,42,59,25,42
1,<environment.Job instance at 0x7f87e89e5910>,17,20,[7 1],18,45,65,27,42
1,<environment.Job instance at 0x7f87e89e5b40>,21,1,[2 9],22,59,60,37,45
1,<environment.Job instance at 0x7f87e8c731e0>,25,12,[7 1],26,60,72,34,58
1,<environment.Job instance at 0x7f87e8c735a0>,27,2,[6 5],28,66,68,38,66
1,<environment.Job instance at 0x7f87e8c73f00>,28,3,[1 9],29,66,69,37,66
1,<environment.Job instance at 0x7f87e8c73460>,29,26,[ 3 11],30,69,95,39,66
1,<environment.Job instance at 0x7f87e8c73cd0>,30,1,[1 5],31,68,69,37,66
1,<environment.Job instance at 0x7f87e8c73320>,33,3,[ 4 10],34,95,98,61,71
1,<environment.Job instance at 0x7f87e89e5500>,10,13,[9 5],11,95,108,84,82
1,<environment.Job instance at 0x7f87e8c73e60>,24,13,[5 9],25,98,111,73,89
1,<environment.Job instance at 0x7f87e89ca5f0>,8,2,[ 5 14],9,111,113,102,90
1,<environment.Job instance at 0x7f87e8c73410>,34,18,[ 5 10],35,113,131,78,102
1,<environment.Job instance at 0x7f87e8c739b0>,37,26,[9 1],38,108,134,70,105
1,<environment.Job instance at 0x7f882ed0d730>,46,1,[4 5],47,131,132,84,105
1,<environment.Job instance at 0x7f882ed0da00>,40,14,[13  5],41,135,149,94,135
1,<environment.Job instance at 0x7f882ecb7140>,52,2,[8 5],53,149,151,96,135
1,<environment.Job instance at 0x7f882ecb7230>,54,19,[5 8],55,149,168,94,139
1,<environment.Job instance at 0x7f882ed0de60>,47,1,[ 4 10],48,168,169,120,143
1,<environment.Job instance at 0x7f882ecb7f50>,57,3,[ 1 13],58,169,172,111,146
1,<environment.Job instance at 0x7f882eb25550>,62,21,[1 8],63,172,193,109,164
1,<environment.Job instance at 0x7f882ecb7320>,56,3,[5 1],57,164,167,107,164
1,<environment.Job instance at 0x7f882eb25910>,64,13,[7 3],65,172,185,107,166
1,<environment.Job instance at 0x7f882eb25b90>,66,2,[7 1],67,167,169,100,167
1,<environment.Job instance at 0x7f882eb25a50>,68,3,[5 6],69,185,188,116,168
1,<environment.Job instance at 0x7f882eb257d0>,70,1,[5 5],71,188,189,117,174
1,<environment.Job instance at 0x7f882eb25690>,69,12,[9 2],70,191,203,121,191
1,<environment.Job instance at 0x7f882ed0df00>,45,27,[9 2],46,203,230,157,201
1,<environment.Job instance at 0x7f882eb25460>,75,1,[ 1 10],76,201,202,125,201
1,<environment.Job instance at 0x7f882ed0db90>,42,20,[ 5 10],43,202,222,159,201
1,<environment.Job instance at 0x7f882eb25dc0>,77,1,[11  1],78,230,231,152,209
1,<environment.Job instance at 0x7f87e89d4500>,81,14,[1 8],82,222,236,140,210
1,<environment.Job instance at 0x7f882e965af0>,2,2,[6 1],3,4,6,1,4
1,<environment.Job instance at 0x7f882eb58870>,6,16,[11  1],7,7,23,0,7
1,<environment.Job instance at 0x7f882eb6b960>,12,2,[5 8],13,23,25,10,15
1,<environment.Job instance at 0x7f882eb6bd20>,13,24,[12  2],14,25,49,11,20
1,<environment.Job instance at 0x7f882eb6b1e0>,15,3,[6 5],16,49,52,33,26
1,<environment.Job instance at 0x7f882eb3e5a0>,20,24,[5 5],21,49,73,28,46
1,<environment.Job instance at 0x7f882eb3e0a0>,22,21,[5 1],23,52,73,29,47
1,<environment.Job instance at 0x7f882eb3ef00>,23,21,[6 1],24,73,94,49,65
1,<environment.Job instance at 0x7f882eb3ee60>,27,23,[5 9],28,71,94,43,71
1,<environment.Job instance at 0x7f882eb5baa0>,33,1,[6 4],34,96,97,62,96
1,<environment.Job instance at 0x7f882eb5bf50>,34,1,[9 2],35,96,97,61,96
1,<environment.Job instance at 0x7f882eb5b0f0>,35,12,[ 2 11],36,97,109,61,96
1,<environment.Job instance at 0x7f882eb5b690>,36,3,[6 1],37,97,100,60,96
1,<environment.Job instance at 0x7f882eb5b500>,37,2,[3 9],38,109,111,71,96
1,<environment.Job instance at 0x7f882eb5b730>,39,3,[7 5],40,110,113,70,110
1,<environment.Job instance at 0x7f882eb5b4b0>,41,18,[3 9],42,111,129,69,111
1,<environment.Job instance at 0x7f882eb5b370>,42,17,[2 6],43,113,130,70,111
1,<environment.Job instance at 0x7f882eb5b5f0>,43,3,[8 5],44,129,132,85,111
1,<environment.Job instance at 0x7f882eb5ba50>,44,13,[14  5],45,132,145,87,116
1,<environment.Job instance at 0x7f883111c050>,45,3,[7 1],46,145,148,99,119
1,<environment.Job instance at 0x7f883111c820>,46,2,[8 2],47,145,147,98,119
1,<environment.Job instance at 0x7f883111cc80>,47,2,[2 6],48,130,132,82,119
1,<environment.Job instance at 0x7f882eb58370>,9,17,[7 3],10,153,170,143,153
1,<environment.Job instance at 0x7f882eb6ba00>,10,25,[7 3],11,153,178,142,153
1,<environment.Job instance at 0x7f883112fbe0>,54,2,[10  4],55,178,180,123,161
1,<environment.Job instance at 0x7f883112faf0>,61,1,[6 1],62,170,171,108,164
1,<environment.Job instance at 0x7f883112f550>,56,2,[5 3],57,171,173,114,171
1,<environment.Job instance at 0x7f883112fcd0>,64,18,[5 2],65,174,192,109,174
1,<environment.Job instance at 0x7f8831118c30>,67,1,[ 4 10],68,180,181,112,174
1,<environment.Job instance at 0x7f883112fb90>,68,12,[ 1 11],69,181,193,112,174
1,<environment.Job instance at 0x7f8831118e60>,69,2,[7 3],70,192,194,122,174
1,<environment.Job instance at 0x7f88311180f0>,70,26,[6 5],71,193,219,122,190
1,<environment.Job instance at 0x7f8831118dc0>,73,1,[10  1],74,219,220,145,193
1,<environment.Job instance at 0x7f88311180a0>,75,2,[4 8],76,194,196,118,194
1,<environment.Job instance at 0x7f88310fad20>,77,1,[2 9],78,196,197,118,195
1,<environment.Job instance at 0x7f88310fabe0>,79,1,[5 6],80,197,198,117,195
1,<environment.Job instance at 0x7f88310faaa0>,80,2,[6 2],81,198,200,117,195
1,<environment.Job instance at 0x7f88310fae60>,81,27,[1 8],82,198,225,116,196
1,<environment.Job instance at 0x7f88310fae10>,84,2,[1 6],85,219,221,134,207
1,<environment.Job instance at 0x7f88310fa2d0>,85,2,[10  5],86,221,223,135,207
1,<environment.Job instance at 0x7f88310fa3c0>,86,3,[6 5],87,223,226,136,208
1,<environment.Job instance at 0x7fa087e8a500>,0,18,[ 2 10],1,2,20,1,2
1,<environment.Job instance at 0x7fa080a80960>,4,18,[10  4],5,5,23,0,5
1,<environment.Job instance at 0x7fa080a80aa0>,6,12,[11  4],7,23,35,16,10
1,<environment.Job instance at 0x7fa080a80eb0>,10,1,[7 3],11,35,36,24,11
1,<environment.Job instance at 0x7fa080a85050>,11,2,[3 9],12,20,22,8,12
1,<environment.Job instance at 0x7fa080a85460>,15,3,[10  2],16,36,39,20,16
1,<environment.Job instance at 0x7fa080a85690>,16,12,[1 8],17,26,38,9,26
1,<environment.Job instance at 0x7fa080a85730>,17,3,[10  3],18,39,42,21,26
1,<environment.Job instance at 0x7fa080a855f0>,19,17,[12  3],20,42,59,22,30
1,<environment.Job instance at 0x7fa080a857d0>,20,1,[3 7],21,38,39,17,30
1,<environment.Job instance at 0x7fa080a85870>,21,3,[ 2 10],22,39,42,17,30
1,<environment.Job instance at 0x7fa080a85910>,22,2,[12  3],23,59,61,36,32
1,<environment.Job instance at 0x7fa080a85af0>,25,3,[1 6],26,42,45,16,35
1,<environment.Job instance at 0x7fa080a85fa0>,26,22,[2 9],27,45,67,18,38
1,<environment.Job instance at 0x7fa080a85eb0>,28,2,[5 9],29,67,69,38,40
1,<environment.Job instance at 0x7fa080a882d0>,30,1,[5 5],31,61,62,30,40
1,<environment.Job instance at 0x7fa080a885f0>,33,2,[5 3],34,62,64,28,43
1,<environment.Job instance at 0x7fa080a88730>,34,3,[9 5],35,64,67,29,43
1,<environment.Job instance at 0x7fa080a88aa0>,36,2,[5 1],37,61,63,24,54
1,<environment.Job instance at 0x7fa080a88dc0>,39,18,[5 8],40,69,87,29,66
1,<environment.Job instance at 0x7fa080a88eb0>,40,1,[1 8],41,87,88,46,66
1,<environment.Job instance at 0x7fa080a8a0a0>,43,28,[6 4],44,71,99,27,71
1,<environment.Job instance at 0x7fa080a8a4b0>,44,17,[ 5 12],45,99,116,54,87
1,<environment.Job instance at 0x7fa080a8a460>,46,3,[5 4],47,91,94,44,91
1,<environment.Job instance at 0x7fa080a8a550>,47,1,[2 6],48,91,92,43,91
1,<environment.Job instance at 0x7fa087e8a5f0>,1,15,[ 1 14],2,151,166,149,151
1,<environment.Job instance at 0x7fa080a80dc0>,8,17,[ 2 10],9,168,185,159,168
1,<environment.Job instance at 0x7fa080a885a0>,0,27,[9 1],1,1,28,0,1
1,<environment.Job instance at 0x7fa087f1aaf0>,2,3,[ 3 11],3,10,13,7,10
1,<environment.Job instance at 0x7fa087dd5370>,10,24,[ 3 10],11,13,37,2,12
1,<environment.Job instance at 0x7fa087dd5460>,12,20,[9 1],13,28,48,15,19
1,<environment.Job instance at 0x7fa087dd68c0>,17,26,[5 4],18,37,63,19,34
1,<environment.Job instance at 0x7fa087dd6b40>,18,22,[5 6],19,48,70,29,41
1,<environment.Job instance at 0x7fa087dd6960>,21,1,[8 2],22,63,64,41,50
1,<environment.Job instance at 0x7fa087dd6690>,24,1,[6 2],25,64,65,39,59
1,<environment.Job instance at 0x7fa087dd6190>,25,3,[6 4],26,65,68,39,59
1,<environment.Job instance at 0x7fa087dd4320>,28,19,[8 4],29,68,87,39,59
1,<environment.Job instance at 0x7fa087dd6b90>,23,3,[10  4],24,87,90,63,64
1,<environment.Job instance at 0x7fa087dd4460>,33,3,[9 2],34,90,93,56,64
1,<environment.Job instance at 0x7fa087dd4870>,34,12,[3 5],35,70,82,35,70
1,<environment.Job instance at 0x7fa087dd4cd0>,36,3,[5 6],37,82,85,45,80
1,<environment.Job instance at 0x7fa087dd4550>,37,2,[ 4 10],38,85,87,47,80
1,<environment.Job instance at 0x7fa087dd4820>,39,13,[7 2],40,93,106,53,80
1,<environment.Job instance at 0x7fa087dd46e0>,40,3,[7 2],41,93,96,52,80
1,<environment.Job instance at 0x7fa087dd4d20>,42,2,[2 5],43,91,93,48,91
1,<environment.Job instance at 0x7fa087dd4fa0>,44,2,[4 7],45,97,99,52,97
1,<environment.Job instance at 0x7fa080a02320>,45,23,[3 7],46,99,122,53,97
1,<environment.Job instance at 0x7fa080a9b550>,46,2,[4 8],47,106,108,59,97
1,<environment.Job instance at 0x7fa087ebb690>,47,3,[5 3],48,99,102,51,97
1,<environment.Job instance at 0x7fa087dd4780>,48,12,[10  1],49,108,120,59,107
1,<environment.Job instance at 0x7fa087ee05a0>,3,18,[ 4 12],4,122,140,118,120
1,<environment.Job instance at 0x7fa087dd4c80>,31,17,[ 4 14],32,140,157,108,133
1,<environment.Job instance at 0x7fa087dd4640>,35,19,[14  4],36,157,176,121,151
1,<environment.Job instance at 0x7fa087dd4c30>,1,1,[9 4],2,2,3,0,2
1,<environment.Job instance at 0x7fa03cd7f730>,2,27,[ 3 13],3,3,30,0,3
1,<environment.Job instance at 0x7fa03cd7aeb0>,10,20,[5 7],11,30,50,19,21
1,<environment.Job instance at 0x7fa087dd4640>,5,1,[3 6],6,30,31,24,21
1,<environment.Job instance at 0x7fa03cd7a690>,13,3,[1 6],14,31,34,17,25
1,<environment.Job instance at 0x7fa03cd78320>,20,2,[5 6],21,36,38,15,36
1,<environment.Job instance at 0x7fa03cd78e60>,21,18,[11  5],22,50,68,28,40
1,<environment.Job instance at 0x7fa03cd78460>,26,2,[9 1],27,68,70,41,51
1,<environment.Job instance at 0x7fa03cd78c30>,27,3,[1 8],28,51,54,23,51
1,<environment.Job instance at 0x7fa03cd6ff50>,31,2,[9 3],32,81,83,49,81
1,<environment.Job instance at 0x7fa03cd6fa00>,32,3,[8 5],33,83,86,50,81
1,<environment.Job instance at 0x7fa03cd6f370>,33,3,[2 9],34,81,84,47,81
1,<environment.Job instance at 0x7fa03cd78910>,22,14,[14  1],23,86,100,63,83
1,<environment.Job instance at 0x7fa03cd6f320>,35,15,[ 3 14],36,100,115,64,86
1,<environment.Job instance at 0x7fa03cd6f230>,38,14,[5 1],39,100,114,61,87
1,<environment.Job instance at 0x7fa03cd6f1e0>,37,12,[14  5],38,115,127,77,98
1,<environment.Job instance at 0x7fa03cdc2eb0>,44,1,[7 1],45,114,115,69,101
1,<environment.Job instance at 0x7fa03cdc2d20>,47,3,[ 2 10],48,127,130,79,119
1,<environment.Job instance at 0x7fa03cd7afa0>,17,18,[ 3 12],18,137,155,119,137
1,<environment.Job instance at 0x7fa03cd7acd0>,8,20,[5 7],9,155,175,146,150
1,<environment.Job instance at 0x7fa03cd7a5a0>,11,18,[ 3 13],12,175,193,163,175
1,<environment.Job instance at 0x7fa03ce320f0>,6,2,[8 2],7,7,9,0,7
1,<environment.Job instance at 0x7fa03ce42b40>,9,3,[4 8],10,10,13,0,10
1,<environment.Job instance at 0x7fa03ce421e0>,15,3,[5 5],16,19,22,3,19
1,<environment.Job instance at 0x7fa03cd870a0>,16,22,[11  3],17,22,44,5,19
1,<environment.Job instance at 0x7fa03ce42af0>,11,3,[1 5],12,37,40,25,37
1,<environment.Job instance at 0x7fa03d1dcf00>,21,14,[5 3],22,44,58,22,37
1,<environment.Job instance at 0x7fa03cd87c30>,20,3,[9 1],21,44,47,23,37
1,<environment.Job instance at 0x7fa03d1dc910>,26,1,[7 4],27,47,48,20,37
1,<environment.Job instance at 0x7fa03d1dc820>,29,23,[2 8],30,50,73,20,50
1,<environment.Job instance at 0x7fa03d1dc2d0>,31,1,[5 1],32,59,60,27,59
1,<environment.Job instance at 0x7fa03d0535f0>,32,2,[8 2],33,59,61,26,59
1,<environment.Job instance at 0x7fa03d053780>,33,1,[3 9],34,73,74,39,59
1,<environment.Job instance at 0x7fa03d1dc730>,23,12,[1 7],24,77,89,53,77
1,<environment.Job instance at 0x7fa03ce42b90>,8,16,[3 9],9,89,105,80,78
1,<environment.Job instance at 0x7fa03ce58190>,38,14,[8 5],39,82,96,43,82
1,<environment.Job instance at 0x7fa03d053730>,36,26,[9 1],37,96,122,59,93
1,<environment.Job instance at 0x7fa03ce589b0>,40,18,[5 1],41,105,123,64,94
1,<environment.Job instance at 0x7fa03ce58e10>,46,23,[5 8],47,122,145,75,116
1,<environment.Job instance at 0x7fa03ce58230>,39,17,[9 2],40,133,150,93,133
1,<environment.Job instance at 0x7fa03d1dce60>,25,25,[3 9],26,193,218,167,193
1,<environment.Job instance at 0x7fa03d1dc7d0>,1,2,[12  1],2,2,4,0,2
1,<environment.Job instance at 0x7fa03ce32af0>,3,27,[5 3],4,4,31,0,4
1,<environment.Job instance at 0x7fa03d2629b0>,8,22,[9 2],9,9,31,0,9
1,<environment.Job instance at 0x7fa03d2620f0>,9,3,[ 4 12],10,31,34,21,18
1,<environment.Job instance at 0x7fa03cd875a0>,15,17,[8 1],16,31,48,15,22
1,<environment.Job instance at 0x7fa03d21d910>,18,28,[7 4],19,34,62,15,33
1,<environment.Job instance at 0x7fa03ce32b40>,5,17,[5 9],6,48,65,42,37
1,<environment.Job instance at 0x7fa03cd87f00>,11,18,[ 5 11],12,65,83,53,56
1,<environment.Job instance at 0x7fa03d16d9b0>,24,28,[9 1],25,85,113,60,85
1,<environment.Job instance at 0x7fa03d17c820>,36,3,[7 5],37,113,116,76,96
1,<environment.Job instance at 0x7fa03d17c960>,38,18,[3 8],39,107,125,68,107
1,<environment.Job instance at 0x7fa03d17cc30>,40,28,[7 3],41,116,144,75,115
1,<environment.Job instance at 0x7fa03d17cfa0>,47,16,[2 8],48,128,144,80,128
1,<environment.Job instance at 0x7fa03d17c8c0>,48,12,[9 2],49,144,156,95,132
1,<environment.Job instance at 0x7fa03d17caf0>,43,18,[1 6],44,170,188,126,170
1,<environment.Job instance at 0x7fa03d17c230>,28,16,[14  3],29,171,187,142,171
1,<environment.Job instance at 0x7fa03d17c140>,1,3,[1 8],2,2,5,0,2
1,<environment.Job instance at 0x7fa03d1780a0>,5,2,[9 2],6,6,8,0,6
1,<environment.Job instance at 0x7fa03d178500>,6,2,[5 1],7,7,9,0,7
1,<environment.Job instance at 0x7fa03d17c230>,7,1,[1 7],8,8,9,0,8
1,<environment.Job instance at 0x7fa03ce32f00>,8,12,[12  2],9,9,21,0,9
1,<environment.Job instance at 0x7fa080cbdf00>,11,19,[ 3 14],12,21,40,9,12
1,<environment.Job instance at 0x7fa080f2f780>,12,2,[14  5],13,40,42,27,20
1,<environment.Job instance at 0x7fa080f2f460>,16,22,[6 1],17,42,64,25,35
1,<environment.Job instance at 0x7fa080f2fcd0>,18,21,[5 1],19,42,63,23,35
1,<environment.Job instance at 0x7fa03d1786e0>,10,2,[8 3],11,63,65,52,37
1,<environment.Job instance at 0x7fa087a0f500>,28,1,[ 5 14],29,65,66,36,55
1,<environment.Job instance at 0x7fa087a0f780>,30,2,[10  1],31,65,67,34,55
1,<environment.Job instance at 0x7fa087a0ff50>,32,2,[9 4],33,67,69,34,63
1,<environment.Job instance at 0x7fa080d30cd0>,33,3,[14  5],34,69,72,35,63
1,<environment.Job instance at 0x7fa080d30e60>,34,2,[1 7],35,63,65,28,63
1,<environment.Job instance at 0x7fa080d30f00>,35,1,[ 4 10],36,66,67,30,63
1,<environment.Job instance at 0x7fa080d30410>,37,1,[9 4],38,72,73,34,68
1,<environment.Job instance at 0x7fa080d30f50>,38,17,[12  1],39,73,90,34,68
1,<environment.Job instance at 0x7fa080d305f0>,41,3,[3 6],42,82,85,40,82
1,<environment.Job instance at 0x7fa080e5f8c0>,42,1,[13  3],43,90,91,47,82
1,<environment.Job instance at 0x7fa080e5fc30>,44,18,[ 5 10],45,100,118,55,100
1,<environment.Job instance at 0x7fa080e5ff00>,45,1,[8 2],46,100,101,54,100
1,<environment.Job instance at 0x7fa080f2fa00>,15,12,[12  4],16,118,130,102,103
1,<environment.Job instance at 0x7fa080d39640>,1,2,[3 8],2,2,4,0,2
1,<environment.Job instance at 0x7fa080d39370>,2,27,[ 2 13],3,4,31,1,3
1,<environment.Job instance at 0x7fa087349fa0>,4,1,[3 8],5,31,32,26,6
1,<environment.Job instance at 0x7fa080ddfaf0>,12,2,[7 1],13,13,15,0,13
1,<environment.Job instance at 0x7fa080ddf190>,15,2,[4 6],16,31,33,15,21
1,<environment.Job instance at 0x7fa080c34690>,16,2,[6 5],17,32,34,15,21
1,<environment.Job instance at 0x7fa080b21780>,18,3,[5 1],19,21,24,2,21
1,<environment.Job instance at 0x7fa087394d20>,21,18,[ 4 13],22,36,54,14,36
1,<environment.Job instance at 0x7fa080cbf7d0>,22,2,[9 3],23,54,56,31,36
1,<environment.Job instance at 0x7fa080beb280>,24,3,[5 8],25,54,57,29,40
1,<environment.Job instance at 0x7fa087394460>,25,2,[2 6],26,56,58,30,40
1,<environment.Job instance at 0x7fa0879aa7d0>,27,16,[ 5 13],28,58,74,30,55
1,<environment.Job instance at 0x7fa03ce58780>,28,2,[1 7],29,74,76,45,55
1,<environment.Job instance at 0x7fa03ce585f0>,29,3,[8 4],30,74,77,44,55
1,<environment.Job instance at 0x7fa03ce58960>,32,2,[6 1],33,68,70,35,68
1,<environment.Job instance at 0x7fa080d20050>,5,18,[9 5],6,77,95,71,68
1,<environment.Job instance at 0x7fa080d20f00>,8,1,[12  5],9,95,96,86,72
1,<environment.Job instance at 0x7fa03ce58640>,37,2,[9 1],38,96,98,58,78
1,<environment.Job instance at 0x7fa03ce581e0>,34,18,[13  2],35,98,116,63,87
1,<environment.Job instance at 0x7fa080b4a410>,39,16,[1 7],40,97,113,57,97
1,<environment.Job instance at 0x7fa0873eef00>,38,14,[10  4],39,116,130,77,108
1,<environment.Job instance at 0x7fa0808658c0>,48,17,[2 8],49,113,130,64,108
1,<environment.Job instance at 0x7fa0808654b0>,47,2,[5 9],48,130,132,82,108
1,<environment.Job instance at 0x7fa080865870>,46,20,[6 2],47,130,150,83,121
1,<environment.Job instance at 0x7fa080b4a370>,42,20,[7 3],43,147,167,104,147
1,<environment.Job instance at 0x7fa080c785a0>,3,1,[2 8],4,4,5,0,4
1,<environment.Job instance at 0x7fa0808b32d0>,6,15,[10  5],7,8,23,1,8
1,<environment.Job instance at 0x7fa0808b39b0>,9,22,[1 6],10,10,32,0,10
1,<environment.Job instance at 0x7fa0808b3190>,10,1,[5 1],11,23,24,12,11
1,<environment.Job instance at 0x7fa0808b3f50>,11,25,[10  4],12,24,49,12,20
1,<environment.Job instance at 0x7fa0808b3410>,16,3,[2 7],17,32,35,15,20
1,<environment.Job instance at 0x7fa080e6b690>,18,3,[4 7],19,35,38,16,20
1,<environment.Job instance at 0x7fa080e6b0f0>,19,18,[ 2 10],20,38,56,18,27
1,<environment.Job instance at 0x7fa03d2bf050>,23,24,[3 6],24,56,80,32,51
1,<environment.Job instance at 0x7fa03d0ff140>,24,2,[4 8],25,56,58,31,51
1,<environment.Job instance at 0x7fa087356b90>,25,20,[3 8],26,58,78,32,51
1,<environment.Job instance at 0x7fa03cf16460>,27,27,[9 5],28,78,105,50,76
1,<environment.Job instance at 0x7fa03d1cbf50>,7,16,[ 3 10],8,80,96,72,79
1,<environment.Job instance at 0x7fa03d2a6690>,36,21,[6 1],37,96,117,59,88
1,<environment.Job instance at 0x7fa03ccfc280>,42,17,[9 1],43,105,122,62,98
1,<environment.Job instance at 0x7fa03cce3460>,44,3,[ 3 12],45,117,120,72,105
1,<environment.Job instance at 0x7fa03cce30a0>,45,27,[5 5],46,120,147,74,118
1,<environment.Job instance at 0x7fa03cce3be0>,46,22,[2 8],47,122,144,75,118
1,<environment.Job instance at 0x7fa03cce35a0>,47,20,[5 2],48,122,142,74,118
1,<environment.Job instance at 0x7fa087358550>,30,18,[4 8],31,144,162,113,133
1,<environment.Job instance at 0x7fa03d29d3c0>,33,2,[ 3 14],34,162,164,128,148
1,<environment.Job instance at 0x7fa0808b3640>,14,22,[1 9],15,164,186,149,163
1,<environment.Job instance at 0x7fa080c34780>,1,3,[3 7],2,3,6,1,3
1,<environment.Job instance at 0x7fa03cd05910>,3,27,[7 5],4,4,31,0,4
1,<environment.Job instance at 0x7fa0808b3500>,5,12,[4 7],6,9,21,3,9
1,<environment.Job instance at 0x7fa0808b3e10>,4,13,[14  5],5,31,44,26,15
1,<environment.Job instance at 0x7fa03d334b90>,14,3,[2 5],15,21,24,6,21
1,<environment.Job instance at 0x7fa03d334370>,15,25,[3 7],16,44,69,28,40
1,<environment.Job instance at 0x7fa03d3347d0>,20,1,[ 4 12],21,69,70,48,41
1,<environment.Job instance at 0x7fa03d3423c0>,21,1,[10  1],22,44,45,22,41
1,<environment.Job instance at 0x7fa03d342a00>,24,12,[13  3],25,70,82,45,53
1,<environment.Job instance at 0x7fa03d342370>,27,14,[9 1],28,56,70,28,56
1,<environment.Job instance at 0x7fa03d342960>,29,3,[12  1],30,82,85,52,70
1,<environment.Job instance at 0x7fa03d0e7690>,2,17,[4 6],3,85,102,82,73
1,<environment.Job instance at 0x7fa08731d410>,38,3,[ 2 10],39,102,105,63,89
1,<environment.Job instance at 0x7fa08731d1e0>,39,16,[ 5 13],40,105,121,65,92
1,<environment.Job instance at 0x7fa08731d5a0>,41,2,[5 6],42,92,94,50,92
1,<environment.Job instance at 0x7fa08731d230>,42,2,[3 5],43,94,96,51,92
1,<environment.Job instance at 0x7fa08731d820>,44,14,[ 3 14],45,121,135,76,106
1,<environment.Job instance at 0x7fa03d2b4370>,9,17,[5 1],10,130,147,120,130
1,<environment.Job instance at 0x7fa08731d3c0>,45,24,[3 9],46,135,159,89,130
1,<environment.Job instance at 0x7fa08731deb0>,36,13,[7 1],37,153,166,116,153
1,<environment.Job instance at 0x7fa03d342dc0>,28,21,[9 5],29,166,187,137,160
1,<environment.Job instance at 0x7fa080946b90>,6,2,[9 2],7,8,10,1,8
1,<environment.Job instance at 0x7fa03d36f1e0>,8,2,[6 5],9,10,12,1,10
1,<environment.Job instance at 0x7fa03ccd7230>,12,27,[5 5],13,18,45,5,18
1,<environment.Job instance at 0x7fa03d04ee60>,15,1,[3 6],16,18,19,2,18
1,<environment.Job instance at 0x7fa087a482d0>,18,2,[7 3],19,25,27,6,25
1,<environment.Job instance at 0x7fa087a48320>,19,14,[2 6],20,34,48,14,34
1,<environment.Job instance at 0x7fa08736c280>,20,2,[6 5],21,45,47,24,34
1,<environment.Job instance at 0x7fa08736ccd0>,22,12,[4 9],23,47,59,24,36
1,<environment.Job instance at 0x7fa0879a72d0>,24,17,[7 4],25,48,65,23,44
1,<environment.Job instance at 0x7fa080840370>,26,27,[5 8],27,59,86,32,57
1,<environment.Job instance at 0x7fa080ceb0f0>,27,3,[5 6],28,65,68,37,57
1,<environment.Job instance at 0x7fa0876cfaa0>,29,1,[ 4 10],30,86,87,56,58
1,<environment.Job instance at 0x7fa03cfb1780>,30,1,[10  3],31,68,69,37,58
1,<environment.Job instance at 0x7fa03d2ec870>,31,24,[4 8],32,87,111,55,82
1,<environment.Job instance at 0x7fa0808cbcd0>,5,1,[12  4],6,111,112,105,83
1,<environment.Job instance at 0x7fa03d2ec7d0>,35,19,[7 5],36,86,105,50,86
1,<environment.Job instance at 0x7fa03d2ec910>,39,3,[4 8],40,112,115,72,88
1,<environment.Job instance at 0x7fa03cfefa00>,41,1,[11  1],42,105,106,63,88
1,<environment.Job instance at 0x7fa03cfef410>,44,2,[4 9],45,115,117,70,95
1,<environment.Job instance at 0x7fa03cfef730>,45,2,[7 5],46,106,108,60,95
1,<environment.Job instance at 0x7fa03d2ecd70>,37,12,[10  4],38,112,124,74,101
1,<environment.Job instance at 0x7fa080a150a0>,11,15,[14  1],12,142,157,130,142
1,<environment.Job instance at 0x7fa03d32bbe0>,0,19,[2 7],1,1,20,0,1
1,<environment.Job instance at 0x7fa03d13cd20>,1,24,[1 9],2,20,44,18,15
1,<environment.Job instance at 0x7fa080bedc30>,13,3,[ 5 13],14,44,47,30,19
1,<environment.Job instance at 0x7fa080d39140>,2,3,[ 3 10],3,47,50,44,31
1,<environment.Job instance at 0x7fa0877fdc80>,17,1,[11  4],18,31,32,13,31
1,<environment.Job instance at 0x7fa08753daa0>,18,1,[5 3],19,33,34,14,33
1,<environment.Job instance at 0x7fa080b95af0>,7,23,[10  4],8,47,70,39,43
1,<environment.Job instance at 0x7fa080b96460>,21,15,[3 5],22,50,65,28,47
1,<environment.Job instance at 0x7fa080bede60>,16,17,[13  2],17,70,87,53,58
1,<environment.Job instance at 0x7fa080a8a460>,25,24,[10  2],26,87,111,61,82
1,<environment.Job instance at 0x7fa080a8af50>,28,19,[1 6],29,82,101,53,82
1,<environment.Job instance at 0x7fa03cb9b460>,29,27,[14  1],30,111,138,81,109
1,<environment.Job instance at 0x7fa03cf4b4b0>,32,2,[11  4],33,138,140,105,113
1,<environment.Job instance at 0x7fa080d51aa0>,35,12,[11  5],36,140,152,104,132
1,<environment.Job instance at 0x7fa03ce22550>,36,27,[4 5],37,138,165,101,136
1,<environment.Job instance at 0x7fa0878b85f0>,38,15,[5 9],39,152,167,113,149
1,<environment.Job instance at 0x7fa080b3f6e0>,42,3,[11  3],43,167,170,124,152
1,<environment.Job instance at 0x7fa03cfef7d0>,45,1,[8 1],46,165,166,119,153
1,<environment.Job instance at 0x7fa08748e6e0>,47,2,[2 6],48,166,168,118,157
1,<environment.Job instance at 0x7fa08748e780>,48,2,[5 5],49,170,172,121,157
1,<environment.Job instance at 0x7fa0877fda00>,22,17,[ 2 12],23,193,210,170,193
1,<environment.Job instance at 0x7fa03d0460f0>,33,20,[5 7],34,210,230,176,207
1,<environment.Job instance at 0x7fa03d046320>,1,15,[ 2 14],2,2,17,0,2
1,<environment.Job instance at 0x7fa0878d7500>,4,2,[10  3],5,17,19,12,5
1,<environment.Job instance at 0x7fa03d158aa0>,5,12,[ 3 13],6,19,31,13,6
1,<environment.Job instance at 0x7fa08748e190>,9,1,[8 3],10,31,32,21,10
1,<environment.Job instance at 0x7fa0808b30a0>,15,12,[6 1],16,21,33,5,21
1,<environment.Job instance at 0x7fa0874990f0>,16,2,[ 3 10],17,32,34,15,21
1,<environment.Job instance at 0x7fa080946460>,17,3,[5 1],18,21,24,3,21
1,<environment.Job instance at 0x7fa0808b3460>,18,2,[5 4],19,32,34,13,21
1,<environment.Job instance at 0x7fa03ce3fe10>,20,1,[5 1],21,30,31,9,30
1,<environment.Job instance at 0x7fa03ce3fe60>,22,2,[5 5],23,34,36,11,33
1,<environment.Job instance at 0x7fa03ce1b320>,21,17,[14  3],22,36,53,14,33
1,<environment.Job instance at 0x7fa03ce1b550>,24,15,[ 2 13],25,53,68,28,39
1,<environment.Job instance at 0x7fa03ce1b870>,29,28,[1 8],30,68,96,38,67
1,<environment.Job instance at 0x7fa03ce1bbe0>,33,2,[6 5],34,68,70,34,68
1,<environment.Job instance at 0x7fa03ce1b1e0>,34,1,[7 3],35,70,71,35,68
1,<environment.Job instance at 0x7fa03ce1b960>,35,3,[7 2],36,68,71,32,68
1,<environment.Job instance at 0x7fa03ce1b690>,26,17,[ 1 10],27,96,113,69,84
1,<environment.Job instance at 0x7fa03ce1c0f0>,41,15,[1 9],42,113,128,71,101
1,<environment.Job instance at 0x7fa03ce1bb90>,40,13,[10  4],41,101,114,60,101
1,<environment.Job instance at 0x7fa03ce1c3c0>,45,24,[8 3],46,128,152,82,128
1,<environment.Job instance at 0x7fa03ce1b730>,27,3,[12  4],28,152,155,124,129
1,<environment.Job instance at 0x7fa03ce1c370>,42,17,[2 5],43,143,160,100,143
1,<environment.Job instance at 0x7fa03ce1c050>,2,2,[7 4],3,3,5,0,3
1,<environment.Job instance at 0x7fa03ce1caf0>,3,3,[5 5],4,4,7,0,4
1,<environment.Job instance at 0x7fa03ce1c640>,4,2,[9 2],5,5,7,0,5
1,<environment.Job instance at 0x7fa03ce1c8c0>,10,1,[9 5],11,11,12,0,11
1,<environment.Job instance at 0x7fa0878860a0>,11,13,[12  4],12,13,26,1,13
1,<environment.Job instance at 0x7fa087886230>,14,24,[4 5],15,26,50,11,21
1,<environment.Job instance at 0x7fa0876f3730>,19,3,[5 9],20,33,36,13,33
1,<environment.Job instance at 0x7fa0876f3a00>,20,2,[6 4],21,36,38,15,33
1,<environment.Job instance at 0x7fa0876f3280>,21,2,[3 5],22,36,38,14,33
1,<environment.Job instance at 0x7fa0876f3320>,24,16,[9 2],25,41,57,16,41
1,<environment.Job instance at 0x7fa0876f31e0>,25,2,[2 9],26,50,52,24,41
1,<environment.Job instance at 0x7fa0876f3e60>,26,15,[9 1],27,57,72,30,43
1,<environment.Job instance at 0x7fa0876f33c0>,27,1,[3 6],28,52,53,24,43
1,<environment.Job instance at 0x7fa03ce1ce60>,9,2,[ 4 10],10,53,55,43,45
1,<environment.Job instance at 0x7fa0876f7320>,34,3,[7 4],35,72,75,37,62
1,<environment.Job instance at 0x7fa087894e10>,35,3,[9 4],36,75,78,39,62
1,<environment.Job instance at 0x7fa03d1040f0>,36,2,[5 5],37,62,64,25,62
1,<environment.Job instance at 0x7fa03d104190>,37,1,[10  3],38,78,79,40,62
1,<environment.Job instance at 0x7fa03ce45c30>,39,16,[10  2],40,79,95,39,77
1,<environment.Job instance at 0x7fa087894140>,30,3,[10  4],31,95,98,64,80
1,<environment.Job instance at 0x7fa03ce45050>,47,15,[10  1],48,98,113,50,93
1,<environment.Job instance at 0x7fa080d39af0>,7,17,[3 5],8,112,129,104,112
1,<environment.Job instance at 0x7fa03ce45a50>,45,12,[10  3],46,114,126,68,114
1,<environment.Job instance at 0x7fa0809c7460>,5,3,[9 2],6,6,9,0,6
1,<environment.Job instance at 0x7fa0809cea00>,6,2,[8 4],7,9,11,2,7
1,<environment.Job instance at 0x7fa03cd077d0>,7,3,[10  4],8,11,14,3,8
1,<environment.Job instance at 0x7fa03cd075f0>,8,3,[3 9],9,9,12,0,9
1,<environment.Job instance at 0x7fa03cd076e0>,9,21,[1 9],10,12,33,2,10
1,<environment.Job instance at 0x7fa03cd072d0>,10,27,[6 4],11,14,41,3,12
1,<environment.Job instance at 0x7fa03cd07d70>,11,1,[11  4],12,41,42,29,16
1,<environment.Job instance at 0x7fa03d044780>,17,2,[ 2 10],18,33,35,15,19
1,<environment.Job instance at 0x7fa03d044fa0>,25,3,[1 9],26,41,44,15,41
1,<environment.Job instance at 0x7fa03d044640>,22,24,[1 6],23,66,90,43,66
1,<environment.Job instance at 0x7fa03cb5c730>,30,14,[1 8],31,68,82,37,68
1,<environment.Job instance at 0x7fa03cb5c6e0>,34,3,[ 2 12],35,90,93,55,71
1,<environment.Job instance at 0x7fa03cb5cd20>,35,2,[3 5],36,82,84,46,71
1,<environment.Job instance at 0x7fa03cb5c780>,37,2,[8 4],38,82,84,44,75
1,<environment.Job instance at 0x7fa03cb5c0f0>,39,17,[1 9],40,93,110,53,87
1,<environment.Job instance at 0x7fa03d044690>,13,13,[7 5],14,93,106,79,87
1,<environment.Job instance at 0x7fa03cb5cb90>,41,2,[ 3 14],42,110,112,68,87
1,<environment.Job instance at 0x7fa03d2bcc30>,48,18,[6 5],49,112,130,63,106
1,<environment.Job instance at 0x7fa03d0446e0>,18,22,[7 5],19,116,138,97,116
1,<environment.Job instance at 0x7fa03d2bc0a0>,47,27,[9 3],48,138,165,90,138
1,<environment.Job instance at 0x7fa03d2bcf50>,46,13,[12  4],47,165,178,118,157
1,<environment.Job instance at 0x7fa03d2bcf50>,2,1,[6 3],3,3,4,0,3
1,<environment.Job instance at 0x7fa03cb53410>,8,24,[4 7],9,10,34,1,10
1,<environment.Job instance at 0x7fa03cb53a00>,13,3,[4 7],14,17,20,3,17
1,<environment.Job instance at 0x7fa03cd07320>,14,18,[ 4 11],15,34,52,19,23
1,<environment.Job instance at 0x7fa087358c30>,6,12,[ 2 11],7,52,64,45,39
1,<environment.Job instance at 0x7fa080e412d0>,20,20,[4 6],21,64,84,43,55
1,<environment.Job instance at 0x7fa080e6c2d0>,25,16,[ 2 11],26,84,100,58,71
1,<environment.Job instance at 0x7fa080e6c320>,28,2,[13  3],29,84,86,55,76
1,<environment.Job instance at 0x7fa080e6c960>,35,2,[6 3],36,77,79,41,77
1,<environment.Job instance at 0x7fa080e41d20>,19,3,[14  1],20,100,103,80,77
1,<environment.Job instance at 0x7fa080e416e0>,21,2,[8 4],22,80,82,58,80
1,<environment.Job instance at 0x7fa080e6cf00>,41,21,[4 7],42,103,124,61,95
1,<environment.Job instance at 0x7fa080e6cb40>,39,13,[7 4],40,103,116,63,97
1,<environment.Job instance at 0x7fa080e6cfa0>,42,17,[ 2 11],43,124,141,81,112
1,<environment.Job instance at 0x7fa080e6cdc0>,44,1,[ 2 11],45,141,142,96,115
1,<environment.Job instance at 0x7fa080e6caf0>,45,2,[4 7],46,116,118,70,116
1,<environment.Job instance at 0x7fa080e6cd70>,43,15,[4 9],44,142,157,98,142
1,<environment.Job instance at 0x7fa080e41140>,23,14,[ 1 11],24,162,176,138,162
1,<environment.Job instance at 0x7fa080e6a7d0>,5,12,[10  1],6,6,18,0,6
1,<environment.Job instance at 0x7fa080e6c190>,2,15,[4 8],3,11,26,8,11
1,<environment.Job instance at 0x7fa080e6abe0>,9,1,[ 5 14],10,26,27,16,26
1,<environment.Job instance at 0x7fa03cc88fa0>,17,2,[7 4],18,33,35,15,33
1,<environment.Job instance at 0x7fa080e6ac30>,10,2,[5 1],11,34,36,23,34
1,<environment.Job instance at 0x7fa03cc88a00>,16,18,[10  2],17,53,71,36,53
1,<environment.Job instance at 0x7fa080e6a370>,11,12,[5 5],12,62,74,50,62
1,<environment.Job instance at 0x7fa03cc28320>,26,1,[5 1],27,71,72,44,66
1,<environment.Job instance at 0x7fa03cc288c0>,27,27,[ 2 11],28,74,101,46,72
1,<environment.Job instance at 0x7fa03cc286e0>,28,3,[2 6],29,101,104,72,75
1,<environment.Job instance at 0x7fa03cc28500>,29,3,[11  2],30,75,78,45,75
1,<environment.Job instance at 0x7fa03cc281e0>,30,2,[3 9],31,101,103,70,75
1,<environment.Job instance at 0x7fa03cc28280>,31,2,[7 1],32,78,80,46,75
1,<environment.Job instance at 0x7fa03cc28190>,32,1,[12  5],33,103,104,70,75
1,<environment.Job instance at 0x7fa03cc28cd0>,33,3,[10  3],34,80,83,46,75
1,<environment.Job instance at 0x7fa03cc28910>,37,3,[7 5],38,104,107,66,78
1,<environment.Job instance at 0x7fa03cc28550>,39,1,[8 2],40,90,91,50,90
1,<environment.Job instance at 0x7fa03cc88550>,19,16,[7 2],20,105,121,85,105
1,<environment.Job instance at 0x7fa087389690>,45,1,[7 3],46,107,108,61,107
1,<environment.Job instance at 0x7fa080de34b0>,46,3,[5 4],47,108,111,61,107
1,<environment.Job instance at 0x7fa080de3820>,47,2,[7 2],48,111,113,63,107
1,<environment.Job instance at 0x7fa03cc88af0>,24,2,[1 6],25,146,148,121,146
1,<environment.Job instance at 0x7fa03cf04050>,7,2,[ 3 10],8,8,10,0,8
1,<environment.Job instance at 0x7fa03ce3f320>,10,19,[4 5],11,11,30,0,11
1,<environment.Job instance at 0x7fa0873d7230>,15,1,[5 8],16,27,28,11,27
1,<environment.Job instance at 0x7fa0808315a0>,17,2,[9 3],18,34,36,16,34
1,<environment.Job instance at 0x7fa080b909b0>,19,1,[5 4],20,37,38,17,37
1,<environment.Job instance at 0x7fa08744f730>,20,23,[9 4],21,38,61,17,38
1,<environment.Job instance at 0x7fa03d3e3320>,21,21,[8 2],22,61,82,39,53
1,<environment.Job instance at 0x7fa03d3e3910>,22,21,[5 7],23,53,74,30,53
1,<environment.Job instance at 0x7fa03d30a5a0>,26,2,[5 9],27,74,76,47,53
1,<environment.Job instance at 0x7fa03d2970f0>,28,28,[10  4],29,82,110,53,81
1,<environment.Job instance at 0x7fa03d2ebb90>,37,3,[6 3],38,110,113,72,103
1,<environment.Job instance at 0x7fa03cc35be0>,38,17,[12  1],39,113,130,74,103
1,<environment.Job instance at 0x7fa03cc49690>,40,26,[4 9],41,130,156,89,127
1,<environment.Job instance at 0x7fa03cc49f00>,43,14,[3 6],44,127,141,83,127
1,<environment.Job instance at 0x7fa0878ab9b0>,4,16,[5 5],5,141,157,136,128
1,<environment.Job instance at 0x7fa03cc49c80>,42,16,[13  1],43,157,173,114,144
1,<environment.Job instance at 0x7fa087a655f0>,47,23,[5 3],48,173,196,125,167
1,<environment.Job instance at 0x7fa03d14fdc0>,45,18,[1 8],46,172,190,126,172
1,<environment.Job instance at 0x7fa03cc49460>,1,18,[11  2],2,3,21,1,3
1,<environment.Job instance at 0x7fa0877d7910>,3,24,[ 5 11],4,21,45,17,16
1,<environment.Job instance at 0x7fa03ccf9730>,7,19,[1 5],8,45,64,37,35
1,<environment.Job instance at 0x7fa080d7fb90>,10,13,[11  2],11,45,58,34,35
1,<environment.Job instance at 0x7fa0880035f0>,13,1,[10  5],14,58,59,44,38
1,<environment.Job instance at 0x7fa080d7fcd0>,15,2,[8 3],16,59,61,43,48
1,<environment.Job instance at 0x7fa03d3bfe60>,16,3,[ 5 10],17,61,64,44,48
1,<environment.Job instance at 0x7fa03d3bffa0>,17,16,[ 3 12],18,64,80,46,51
1,<environment.Job instance at 0x7fa03d22d410>,20,14,[10  1],21,66,80,45,66
1,<environment.Job instance at 0x7fa03d22d7d0>,21,3,[1 9],22,80,83,58,66
1,<environment.Job instance at 0x7fa03d22d730>,22,3,[7 1],23,80,83,57,66
1,<environment.Job instance at 0x7fa03d22d690>,23,22,[5 2],24,80,102,56,73
1,<environment.Job instance at 0x7fa03d22d6e0>,25,17,[3 6],26,83,100,57,79
1,<environment.Job instance at 0x7fa03d14fdc0>,2,12,[ 5 13],3,100,112,97,83
1,<environment.Job instance at 0x7fa0876adc30>,31,2,[1 6],32,95,97,63,95
1,<environment.Job instance at 0x7fa0876ad730>,33,2,[3 5],34,112,114,78,102
1,<environment.Job instance at 0x7fa0878a99b0>,35,18,[ 5 10],36,112,130,76,105
1,<environment.Job instance at 0x7fa087832050>,36,25,[6 3],37,114,139,77,110
1,<environment.Job instance at 0x7fa087816aa0>,43,2,[14  3],44,139,141,95,116
1,<environment.Job instance at 0x7fa087816e10>,44,1,[14  5],45,141,142,96,117
1,<environment.Job instance at 0x7fa0876be5f0>,30,16,[ 2 10],31,142,158,111,142
1,<environment.Job instance at 0x7fa080d29e10>,4,3,[4 5],5,6,9,1,6
1,<environment.Job instance at 0x7fa080d290a0>,3,1,[12  4],4,9,10,5,6
1,<environment.Job instance at 0x7fa0875e5d20>,6,3,[5 8],7,10,13,3,7
1,<environment.Job instance at 0x7fa0875e54b0>,8,3,[6 1],9,10,13,1,9
1,<environment.Job instance at 0x7fa0875e5e10>,10,2,[ 2 12],11,13,15,2,11
1,<environment.Job instance at 0x7fa0875e5640>,11,21,[4 9],12,15,36,3,12
1,<environment.Job instance at 0x7fa0875e5fa0>,17,20,[5 7],18,36,56,18,27
1,<environment.Job instance at 0x7fa0875e55f0>,14,3,[2 7],15,36,39,21,27
1,<environment.Job instance at 0x7fa087a95be0>,21,3,[2 6],22,27,30,5,27
1,<environment.Job instance at 0x7fa087a95500>,23,3,[8 3],24,30,33,6,29
1,<environment.Job instance at 0x7fa087a95fa0>,19,18,[6 1],20,39,57,19,39
1,<environment.Job instance at 0x7fa03d0ff5f0>,24,15,[11  1],25,57,72,32,46
1,<environment.Job instance at 0x7fa03d0ffd20>,27,16,[1 7],28,49,65,21,49
1,<environment.Job instance at 0x7fa03d0ffaa0>,29,18,[2 7],30,56,74,26,51
1,<environment.Job instance at 0x7fa0875cfc80>,35,1,[6 4],36,72,73,36,60
1,<environment.Job instance at 0x7fa0875cfe60>,36,3,[6 1],37,72,75,35,60
1,<environment.Job instance at 0x7fa0875cff50>,37,1,[5 1],38,73,74,35,60
1,<environment.Job instance at 0x7fa0875cf550>,39,1,[8 1],40,74,75,34,60
1,<environment.Job instance at 0x7fa03d0ff780>,26,1,[7 4],27,75,76,48,64
1,<environment.Job instance at 0x7fa0875cfcd0>,40,24,[7 2],41,75,99,34,70
1,<environment.Job instance at 0x7fa0875e5050>,7,20,[1 8],8,74,94,66,73
1,<environment.Job instance at 0x7fa0875cf1e0>,45,15,[ 1 12],46,94,109,48,84
1,<environment.Job instance at 0x7fa0875e5f00>,5,18,[9 2],6,99,117,93,98
1,<environment.Job instance at 0x7fa0875cf230>,46,19,[2 9],47,109,128,62,99
1,<environment.Job instance at 0x7fa08796a050>,48,20,[ 1 10],49,128,148,79,119
1,<environment.Job instance at 0x7fa0875cf050>,44,17,[8 1],45,123,140,78,123
1,<environment.Job instance at 0x7fa03d0ffc80>,31,20,[ 5 13],32,148,168,116,145
1,<environment.Job instance at 0x7fa03cefb320>,2,2,[5 7],3,3,5,0,3
1,<environment.Job instance at 0x7fa080b5adc0>,5,1,[ 2 10],6,7,8,1,7
1,<environment.Job instance at 0x7fa080b5ad70>,8,2,[ 1 13],9,9,11,0,9
1,<environment.Job instance at 0x7fa080fa5c30>,6,16,[1 6],7,13,29,6,13
1,<environment.Job instance at 0x7fa08796d960>,11,28,[5 1],12,15,43,3,15
1,<environment.Job instance at 0x7fa03cc021e0>,17,13,[9 1],18,18,31,0,18
1,<environment.Job instance at 0x7fa080cc1be0>,13,12,[3 8],14,31,43,17,18
1,<environment.Job instance at 0x7fa087c46e10>,18,2,[7 4],19,31,33,12,23
1,<environment.Job instance at 0x7fa080e382d0>,23,23,[7 4],24,33,56,9,31
1,<environment.Job instance at 0x7fa08082c280>,25,12,[2 8],26,43,55,17,33
1,<environment.Job instance at 0x7fa08082cc30>,27,17,[10  4],28,65,82,37,65
1,<environment.Job instance at 0x7fa03d1fdd20>,33,3,[13  5],34,82,85,48,68
1,<environment.Job instance at 0x7fa03d1fd320>,34,3,[4 5],35,68,71,33,68
1,<environment.Job instance at 0x7fa03d1fde60>,37,14,[ 3 14],38,85,99,47,72
1,<environment.Job instance at 0x7fa03d1fd280>,40,22,[2 5],41,99,121,58,92
1,<environment.Job instance at 0x7fa03d1fd870>,36,27,[5 2],37,99,126,62,99
1,<environment.Job instance at 0x7fa03d1fd8c0>,41,1,[8 4],42,108,109,66,108
1,<environment.Job instance at 0x7fa08082c5f0>,28,18,[13  5],29,126,144,97,124
1,<environment.Job instance at 0x7fa03d2dd410>,47,15,[5 8],48,147,162,99,147
1,<environment.Job instance at 0x7fa080b5a230>,10,28,[ 2 14],11,163,191,152,163
1,<environment.Job instance at 0x7f4fe7c64410>,1,15,[ 1 14],2,2,17,0,2
1,<environment.Job instance at 0x7f4fe0856a00>,4,18,[10  4],5,17,35,12,6
1,<environment.Job instance at 0x7f4fe0856c80>,6,12,[11  4],7,35,47,28,18
1,<environment.Job instance at 0x7f4fe7c64320>,5,13,[5 9],6,18,31,12,18
1,<environment.Job instance at 0x7f4fe085b140>,14,12,[3 7],15,31,43,16,22
1,<environment.Job instance at 0x7f4fe085baf0>,21,3,[ 2 10],22,43,46,21,37
1,<environment.Job instance at 0x7f4fe085bd20>,22,2,[12  3],23,47,49,24,37
1,<environment.Job instance at 0x7f4fe085bc80>,23,18,[5 2],24,49,67,25,42
1,<environment.Job instance at 0x7f4fe085ba00>,24,3,[5 9],25,49,52,24,43
1,<environment.Job instance at 0x7f4fe085bd70>,25,3,[1 6],26,46,49,20,43
1,<environment.Job instance at 0x7f4fe085be10>,26,22,[2 9],27,52,74,25,45
1,<environment.Job instance at 0x7f4fe085e190>,30,1,[5 5],31,67,68,36,45
1,<environment.Job instance at 0x7f4fe085e2d0>,33,2,[5 3],34,55,57,21,55
1,<environment.Job instance at 0x7f4fe085e370>,34,3,[9 5],35,68,71,33,55
1,<environment.Job instance at 0x7f4fe085e4b0>,36,2,[5 1],37,57,59,20,56
1,<environment.Job instance at 0x7f4fe085eaa0>,39,18,[5 8],40,78,96,38,78
1,<environment.Job instance at 0x7f4fe085ecd0>,43,28,[6 4],44,83,111,39,83
1,<environment.Job instance at 0x7f4fe0856e60>,9,17,[ 4 10],10,96,113,86,92
1,<environment.Job instance at 0x7f4fe0861410>,48,13,[6 1],49,111,124,62,95
1,<environment.Job instance at 0x7f4fe085eb40>,40,1,[1 8],41,113,114,72,96
1,<environment.Job instance at 0x7f4fe085efa0>,44,17,[ 5 12],45,114,131,69,102
1,<environment.Job instance at 0x7f4fe08618c0>,52,3,[ 3 11],53,131,134,78,112
1,<environment.Job instance at 0x7f4fe0861870>,53,18,[ 4 12],54,134,152,80,123
1,<environment.Job instance at 0x7f4fe0861550>,50,27,[9 1],51,125,152,74,125
1,<environment.Job instance at 0x7f4fe085b870>,19,17,[12  3],20,154,171,134,154
1,<environment.Job instance at 0x7f4fe0861e10>,56,18,[4 5],57,171,189,114,165
1,<environment.Job instance at 0x7f4fe7de21e0>,0,24,[ 3 10],1,1,25,0,1
1,<environment.Job instance at 0x7f4fe7de2d20>,2,20,[9 1],3,4,24,1,4
1,<environment.Job instance at 0x7f4fe7c92230>,7,26,[5 4],8,24,50,16,21
1,<environment.Job instance at 0x7f4fe7c92f00>,10,18,[5 5],11,25,43,14,25
1,<environment.Job instance at 0x7f4fe7ddc230>,22,3,[10  1],23,43,46,20,26
1,<environment.Job instance at 0x7f4fe7c922d0>,23,3,[9 2],24,46,49,22,26
1,<environment.Job instance at 0x7f4fe7ddcaa0>,25,19,[14  4],26,50,69,24,40
1,<environment.Job instance at 0x7f4fe0861e10>,3,15,[1 5],4,46,61,42,44
1,<environment.Job instance at 0x7f4fe7de1fa0>,34,2,[4 7],35,69,71,34,54
1,<environment.Job instance at 0x7f4fe7de1b90>,35,23,[3 7],36,69,92,33,63
1,<environment.Job instance at 0x7f4fe7ddc780>,28,12,[3 5],29,71,83,42,64
1,<environment.Job instance at 0x7f4fe7dd8b90>,41,1,[9 4],42,83,84,41,78
1,<environment.Job instance at 0x7f4fe7dd8820>,42,27,[ 3 13],43,92,119,49,90
1,<environment.Job instance at 0x7f4fe7dd8500>,45,1,[3 6],46,90,91,44,90
1,<environment.Job instance at 0x7f4fe7dde190>,47,3,[7 4],48,119,122,71,93
1,<environment.Job instance at 0x7f4fe7dde2d0>,48,20,[5 7],49,119,139,70,110
1,<environment.Job instance at 0x7f4fe7dd9be0>,51,18,[ 3 13],52,139,157,87,128
1,<environment.Job instance at 0x7f4fe7dd97d0>,57,18,[ 3 12],58,157,175,99,146
1,<environment.Job instance at 0x7f4fe7dd93c0>,50,20,[5 7],51,175,195,124,172
1,<environment.Job instance at 0x7f4fe7c92910>,18,19,[8 4],19,188,207,169,188
1,<environment.Job instance at 0x7f4fe7c92190>,21,17,[ 4 14],22,207,224,185,205
1,<environment.Job instance at 0x7f4fe7c92190>,2,14,[14  1],3,3,17,0,3
1,<environment.Job instance at 0x7f4f9cb8f6e0>,4,15,[9 1],5,17,32,12,6
1,<environment.Job instance at 0x7f4f9cb8fa50>,7,3,[1 8],8,10,13,2,10
1,<environment.Job instance at 0x7f4f9cb8f500>,6,2,[9 1],7,32,34,25,17
1,<environment.Job instance at 0x7f4fe7ddc1e0>,1,18,[11  5],2,34,52,32,23
1,<environment.Job instance at 0x7f4f9cc265f0>,16,18,[1 6],17,29,47,12,29
1,<environment.Job instance at 0x7f4f9cc26910>,19,3,[1 7],20,31,34,11,31
1,<environment.Job instance at 0x7f4f9cc26690>,22,2,[4 9],23,47,49,24,38
1,<environment.Job instance at 0x7f4f9cc26eb0>,24,1,[7 1],25,52,53,27,48
1,<environment.Job instance at 0x7f4f9cc262d0>,26,15,[6 2],27,52,67,25,51
1,<environment.Job instance at 0x7f4f9cc263c0>,28,12,[3 9],29,53,65,24,51
1,<environment.Job instance at 0x7f4f9cc265a0>,29,3,[5 5],30,65,68,35,51
1,<environment.Job instance at 0x7f4f9cc59500>,31,16,[1 9],32,67,83,35,54
1,<environment.Job instance at 0x7f4f9cc59dc0>,33,1,[5 6],34,68,69,34,64
1,<environment.Job instance at 0x7f4f9cc59e10>,34,2,[8 5],35,69,71,34,64
1,<environment.Job instance at 0x7f4f9cc59aa0>,36,2,[8 2],37,71,73,34,64
1,<environment.Job instance at 0x7f4f9cc59870>,37,17,[3 8],38,83,100,45,73
1,<environment.Job instance at 0x7f4f9cc595a0>,41,3,[1 5],42,75,78,33,75
1,<environment.Job instance at 0x7f4f9cc592d0>,42,1,[10  1],43,75,76,32,75
1,<environment.Job instance at 0x7f4f9cc59960>,45,3,[5 5],46,90,93,44,90
1,<environment.Job instance at 0x7f4f9cc59b40>,46,22,[11  3],47,93,115,46,90
1,<environment.Job instance at 0x7f4f9cc51fa0>,50,3,[9 1],51,115,118,64,106
1,<environment.Job instance at 0x7f4f9cc517d0>,51,14,[5 3],52,116,130,64,116
1,<environment.Job instance at 0x7f4f9cc51550>,52,1,[ 5 10],53,118,119,65,116
1,<environment.Job instance at 0x7f4f9cc51b90>,54,1,[9 4],55,119,120,64,118
1,<environment.Job instance at 0x7f4f9cc51280>,55,25,[3 9],56,120,145,64,118
1,<environment.Job instance at 0x7f4f9cc51dc0>,56,1,[7 4],57,130,131,73,118
1,<environment.Job instance at 0x7f4f9cc51e60>,48,18,[4 6],49,143,161,94,143
1,<environment.Job instance at 0x7f4fe7c91730>,10,18,[5 1],11,18,36,7,18
1,<environment.Job instance at 0x7f4f9cc24820>,6,26,[9 1],7,18,44,11,18
1,<environment.Job instance at 0x7f4fe7c91fa0>,13,3,[5 4],14,36,39,22,18
1,<environment.Job instance at 0x7f4fe7c91c80>,17,3,[4 9],18,39,42,21,33
1,<environment.Job instance at 0x7f4fe7c91e60>,19,1,[10  3],20,44,45,24,33
1,<environment.Job instance at 0x7f4fe7c915a0>,20,2,[3 8],21,42,44,21,33
1,<environment.Job instance at 0x7f4fe7c91d70>,21,2,[12  1],22,45,47,23,33
1,<environment.Job instance at 0x7f4f9cfedaf0>,23,27,[5 3],24,47,74,23,45
1,<environment.Job instance at 0x7f4fe7c91b90>,16,23,[5 8],17,47,70,30,45
1,<environment.Job instance at 0x7f4f9cfed0f0>,29,3,[ 4 12],30,70,73,40,55
1,<environment.Job instance at 0x7f4f9cfed190>,31,18,[ 5 11],32,73,91,41,67
1,<environment.Job instance at 0x7f4f9cb63b40>,33,12,[5 1],34,73,85,39,68
1,<environment.Job instance at 0x7f4f9cb632d0>,35,17,[8 1],36,85,102,49,74
1,<environment.Job instance at 0x7f4f9cb63cd0>,38,28,[7 4],39,91,119,52,90
1,<environment.Job instance at 0x7f4f9cb63f50>,44,28,[9 1],45,119,147,74,118
1,<environment.Job instance at 0x7f4f9cefe050>,47,1,[7 2],48,118,119,70,118
1,<environment.Job instance at 0x7f4f9cefe9b0>,49,12,[5 4],50,131,143,81,131
1,<environment.Job instance at 0x7f4f9cfed370>,25,17,[5 9],26,143,160,117,132
1,<environment.Job instance at 0x7f4f9cefab40>,51,13,[3 6],52,147,160,95,133
1,<environment.Job instance at 0x7f4f9cc2e960>,58,18,[3 8],59,160,178,101,155
1,<environment.Job instance at 0x7f4f9cc2ecd0>,53,12,[3 8],54,178,190,124,165
1,<environment.Job instance at 0x7f4fe7c918c0>,15,16,[ 3 10],16,190,206,174,177
1,<environment.Job instance at 0x7f4f9cfedf00>,28,22,[9 2],29,216,238,187,216
1,<environment.Job instance at 0x7f4f9cc24e60>,0,28,[7 3],1,1,29,0,1
1,<environment.Job instance at 0x7f4f9cc2a370>,5,3,[6 4],6,6,9,0,6
1,<environment.Job instance at 0x7f4f9cc2f5a0>,9,1,[8 3],10,10,11,0,10
1,<environment.Job instance at 0x7f4f9cc25aa0>,14,17,[1 9],15,27,44,12,27
1,<environment.Job instance at 0x7f4f9cc25e60>,15,2,[9 2],16,29,31,13,27
1,<environment.Job instance at 0x7f4f9cc254b0>,16,2,[5 1],17,27,29,10,27
1,<environment.Job instance at 0x7f4f9cc255f0>,17,1,[1 7],18,44,45,26,27
1,<environment.Job instance at 0x7f4f9cc256e0>,18,12,[12  2],19,31,43,12,27
1,<environment.Job instance at 0x7f4f9cf41fa0>,20,2,[8 3],21,43,45,22,28
1,<environment.Job instance at 0x7f4f9cc25dc0>,21,19,[ 3 14],22,45,64,23,35
1,<environment.Job instance at 0x7f4f9cf4e280>,22,2,[14  5],23,64,66,41,37
1,<environment.Job instance at 0x7f4f9cf4e320>,23,21,[9 5],24,66,87,42,58
1,<environment.Job instance at 0x7f4f9cf4e500>,26,22,[6 1],27,66,88,39,62
1,<environment.Job instance at 0x7f4f9cf4e050>,29,1,[8 5],30,87,88,57,65
1,<environment.Job instance at 0x7f4f9cf4eb90>,34,1,[3 7],35,88,89,53,84
1,<environment.Job instance at 0x7f4f9cf4edc0>,35,2,[7 1],36,88,90,52,84
1,<environment.Job instance at 0x7f4f9cf4ef00>,38,1,[ 5 14],39,98,99,59,98
1,<environment.Job instance at 0x7f4f9cf4ed20>,40,2,[10  1],41,107,109,66,107
1,<environment.Job instance at 0x7f4f9cf5b0f0>,42,2,[9 4],43,109,111,66,107
1,<environment.Job instance at 0x7f4f9cf5b190>,43,3,[14  5],44,111,114,67,107
1,<environment.Job instance at 0x7f4f9cf5b230>,44,2,[1 7],45,107,109,62,107
1,<environment.Job instance at 0x7f4f9cf5b2d0>,45,1,[ 4 10],46,109,110,63,107
1,<environment.Job instance at 0x7f4f9cf5b410>,47,1,[9 4],48,114,115,66,107
1,<environment.Job instance at 0x7f4f9cf5b4b0>,48,17,[12  1],49,115,132,66,107
1,<environment.Job instance at 0x7f4f9cf5b690>,51,3,[3 6],52,120,123,68,120
1,<environment.Job instance at 0x7f4f9cf5b730>,52,1,[13  3],53,132,133,79,120
1,<environment.Job instance at 0x7f4f9cf5b910>,55,1,[8 2],56,138,139,82,138
1,<environment.Job instance at 0x7f4f9cf5ba50>,57,1,[4 8],58,148,149,90,148
1,<environment.Job instance at 0x7f4f9cfedf00>,3,18,[1 6],4,166,184,162,166
1,<environment.Job instance at 0x7f4f9cf4e460>,25,12,[12  4],26,175,187,149,175
1,<environment.Job instance at 0x7f4f9cf4e9b0>,31,18,[ 5 14],32,187,205,155,186
1,<environment.Job instance at 0x7f4f9cf4e5f0>,2,27,[ 2 13],3,3,30,0,3
1,<environment.Job instance at 0x7f4f9cf4c1e0>,9,1,[8 5],10,30,31,20,11
1,<environment.Job instance at 0x7f4f9cf096e0>,6,15,[7 3],7,30,45,23,23
1,<environment.Job instance at 0x7f4f9cf4c730>,14,16,[8 3],15,31,47,16,26
1,<environment.Job instance at 0x7f4f9cf4c5f0>,13,2,[3 5],14,45,47,31,34
1,<environment.Job instance at 0x7f4f9ce299b0>,21,18,[ 4 13],22,47,65,25,37
1,<environment.Job instance at 0x7f4f9ce29af0>,22,2,[9 3],23,65,67,42,38
1,<environment.Job instance at 0x7f4f9ce29be0>,24,3,[5 8],25,65,68,40,45
1,<environment.Job instance at 0x7f4fe7833870>,25,2,[2 6],26,45,47,19,45
1,<environment.Job instance at 0x7f4f9cf5beb0>,7,17,[7 5],8,67,84,59,57
1,<environment.Job instance at 0x7f4fe7833b90>,32,2,[6 1],33,61,63,28,61
1,<environment.Job instance at 0x7f4fe7833960>,31,16,[2 8],32,68,84,36,65
1,<environment.Job instance at 0x7f4fe7833730>,27,16,[ 5 13],28,84,100,56,71
1,<environment.Job instance at 0x7f4fe7eb3690>,36,2,[3 5],37,100,102,63,76
1,<environment.Job instance at 0x7f4fe7833a50>,34,18,[13  2],35,102,120,67,94
1,<environment.Job instance at 0x7f4fe7eb3280>,37,2,[9 1],38,99,101,61,99
1,<environment.Job instance at 0x7f4fe0a94500>,43,1,[2 8],44,101,102,57,101
1,<environment.Job instance at 0x7f4fe0a94fa0>,40,18,[11  4],41,120,138,79,109
1,<environment.Job instance at 0x7f4fe0a4ec30>,46,20,[6 2],47,138,158,91,129
1,<environment.Job instance at 0x7f4fe0a94cd0>,44,12,[3 5],45,129,141,84,129
1,<environment.Job instance at 0x7f4fe0a4e640>,53,1,[2 8],54,138,139,84,133
1,<environment.Job instance at 0x7f4fe0a4ec80>,48,17,[2 8],49,140,157,91,140
1,<environment.Job instance at 0x7f4fe0a94140>,41,15,[3 5],42,142,157,100,142
1,<environment.Job instance at 0x7f4fe7046af0>,58,16,[3 6],59,164,180,105,164
1,<environment.Job instance at 0x7f4fe0a4e5f0>,54,12,[2 9],55,171,183,116,171
1,<environment.Job instance at 0x7f4f9cf5b140>,8,1,[12  5],9,188,189,179,188
1,<environment.Job instance at 0x7f4f9cb63730>,1,25,[10  4],2,2,27,0,2
1,<environment.Job instance at 0x7f4f9cff4410>,4,22,[1 9],5,5,27,0,5
1,<environment.Job instance at 0x7f4fe06ff320>,13,24,[3 6],14,27,51,13,22
1,<environment.Job instance at 0x7f4fe06fff50>,17,27,[9 5],18,27,54,9,25
1,<environment.Job instance at 0x7f4fe70ebdc0>,23,2,[ 3 14],24,54,56,30,30
1,<environment.Job instance at 0x7f4fe0c733c0>,26,21,[6 1],27,51,72,24,43
1,<environment.Job instance at 0x7f4f9cd8a0a0>,29,1,[10  5],30,72,73,42,54
1,<environment.Job instance at 0x7f4f9ccb5550>,11,18,[3 8],12,65,83,53,65
1,<environment.Job instance at 0x7f4fe7525910>,28,12,[8 2],29,73,85,44,68
1,<environment.Job instance at 0x7f4f9caa25a0>,33,18,[8 1],34,85,103,51,77
1,<environment.Job instance at 0x7f4f9d0ebb90>,37,20,[5 2],38,83,103,45,77
1,<environment.Job instance at 0x7f4fe0c12e10>,34,3,[ 3 12],35,103,106,68,79
1,<environment.Job instance at 0x7f4f9d0eb280>,39,17,[2 6],40,83,100,43,81
1,<environment.Job instance at 0x7f4f9d0eb7d0>,38,13,[14  4],39,106,119,67,93
1,<environment.Job instance at 0x7f4f9d0eb870>,40,16,[1 9],41,106,122,65,96
1,<environment.Job instance at 0x7f4f9d0e4730>,43,27,[7 5],44,119,146,75,117
1,<environment.Job instance at 0x7f4fe0630a00>,35,27,[5 5],36,122,149,86,122
1,<environment.Job instance at 0x7f4fe731ceb0>,56,13,[1 6],57,146,159,89,137
1,<environment.Job instance at 0x7f4fe731c780>,55,25,[3 7],56,149,174,93,146
1,<environment.Job instance at 0x7f4f9d0e4910>,44,13,[14  5],45,174,187,129,173
1,<environment.Job instance at 0x7f4f9d0e4690>,51,18,[5 7],52,187,205,135,181
1,<environment.Job instance at 0x7f4fe75ce0a0>,36,22,[2 8],37,187,209,150,181
1,<environment.Job instance at 0x7f4fe7c91f00>,0,1,[ 4 12],1,2,3,1,2
1,<environment.Job instance at 0x7f4fe75ce0a0>,4,12,[13  3],5,5,17,0,5
1,<environment.Job instance at 0x7f4f9cb630f0>,8,21,[9 5],9,17,38,8,12
1,<environment.Job instance at 0x7f4f9cd40960>,15,15,[5 7],16,17,32,1,16
1,<environment.Job instance at 0x7f4f9caa6500>,18,3,[ 2 10],19,32,35,13,30
1,<environment.Job instance at 0x7f4f9cba32d0>,19,16,[ 5 13],20,38,54,18,30
1,<environment.Job instance at 0x7f4f9cd40190>,21,2,[5 6],22,35,37,13,31
1,<environment.Job instance at 0x7f4f9d0963c0>,25,24,[3 9],26,54,78,28,49
1,<environment.Job instance at 0x7f4fe7669460>,30,1,[2 9],31,78,79,47,52
1,<environment.Job instance at 0x7f4fe091e3c0>,31,3,[9 3],32,54,57,22,52
1,<environment.Job instance at 0x7f4fe091e4b0>,32,17,[10  3],33,57,74,24,54
1,<environment.Job instance at 0x7f4f9cfb6820>,35,1,[12  4],36,74,75,38,64
1,<environment.Job instance at 0x7f4f9cfb6780>,36,2,[9 2],37,75,77,38,64
1,<environment.Job instance at 0x7f4f9cfb61e0>,37,2,[5 2],38,77,79,39,64
1,<environment.Job instance at 0x7f4f9cfb66e0>,38,2,[6 5],39,79,81,40,64
1,<environment.Job instance at 0x7f4f9cfb6320>,39,3,[8 5],40,79,82,39,64
1,<environment.Job instance at 0x7f4f9cd40d20>,12,12,[8 5],13,82,94,69,65
1,<environment.Job instance at 0x7f4f9cfb7a50>,42,27,[5 5],43,81,108,38,79
1,<environment.Job instance at 0x7f4f9cfb74b0>,45,1,[3 6],46,94,95,48,91
1,<environment.Job instance at 0x7f4f9cfb7730>,48,2,[7 3],49,96,98,47,96
1,<environment.Job instance at 0x7f4f9cfb7fa0>,50,2,[6 5],51,109,111,58,109
1,<environment.Job instance at 0x7f4f9cfb7e10>,51,14,[1 9],52,109,123,57,109
1,<environment.Job instance at 0x7f4f9cfacb40>,53,18,[4 8],54,123,141,69,119
1,<environment.Job instance at 0x7f4f9cfacaa0>,56,27,[5 8],57,141,168,84,139
1,<environment.Job instance at 0x7f4f9cfb7eb0>,44,25,[1 7],45,142,167,97,142
1,<environment.Job instance at 0x7f4f9cb633c0>,9,3,[12  1],10,168,171,158,167
1,<environment.Job instance at 0x7f4f9cfb7c30>,41,15,[14  1],42,171,186,129,171
1,<environment.Job instance at 0x7f4fe0645320>,0,1,[10  3],1,1,2,0,1
1,<environment.Job instance at 0x7f4f9cfb7370>,1,24,[4 8],2,2,26,0,2
1,<environment.Job instance at 0x7f4f9ce2a690>,4,2,[4 8],5,26,28,21,5
1,<environment.Job instance at 0x7f4f9d0e4aa0>,11,1,[11  1],12,13,14,1,13
1,<environment.Job instance at 0x7f4f9ce2ad70>,16,18,[8 2],17,31,49,14,31
1,<environment.Job instance at 0x7f4fe0ade280>,20,19,[2 7],21,33,52,12,33
1,<environment.Job instance at 0x7f4fe0ade0f0>,21,24,[1 9],22,52,76,30,47
1,<environment.Job instance at 0x7f4fe0ade4b0>,22,3,[ 3 10],23,76,79,53,50
1,<environment.Job instance at 0x7f4fe0ade410>,25,2,[9 3],26,50,52,24,50
1,<environment.Job instance at 0x7f4fe0adeaf0>,27,23,[10  4],28,52,75,24,50
1,<environment.Job instance at 0x7f4fe0adee10>,33,3,[ 5 13],34,79,82,45,70
1,<environment.Job instance at 0x7f4fe0adec30>,34,13,[1 9],35,82,95,47,70
1,<environment.Job instance at 0x7f4f9ce2a140>,14,2,[4 9],15,95,97,80,83
1,<environment.Job instance at 0x7f4fe0affb40>,37,1,[11  4],38,83,84,45,83
1,<environment.Job instance at 0x7f4fe0affe60>,36,17,[13  2],37,97,114,60,85
1,<environment.Job instance at 0x7f4fe0aff5a0>,43,1,[8 5],44,95,96,51,95
1,<environment.Job instance at 0x7f4fe0aff9b0>,45,24,[10  2],46,114,138,68,109
1,<environment.Job instance at 0x7f4fe0aff230>,47,18,[1 7],48,109,127,61,109
1,<environment.Job instance at 0x7f4fe0aff320>,48,19,[1 6],49,109,128,60,109
1,<environment.Job instance at 0x7f4fe0affd20>,49,27,[14  1],50,138,165,88,136
1,<environment.Job instance at 0x7f4fe069cd20>,52,2,[11  4],53,165,167,112,148
1,<environment.Job instance at 0x7f4fe069c910>,53,20,[5 7],54,167,187,113,158
1,<environment.Job instance at 0x7f4fe069ce10>,55,12,[11  5],56,187,199,131,173
1,<environment.Job instance at 0x7f4fe069c410>,57,12,[5 5],58,173,185,115,173
1,<environment.Job instance at 0x7f4f9ce2a780>,12,17,[2 5],13,193,210,180,193
1,<environment.Job instance at 0x7f4fe0aff730>,42,17,[ 2 12],43,210,227,167,199
1,<environment.Job instance at 0x7f4f9cfadc80>,2,3,[11  3],3,3,6,0,3
1,<environment.Job instance at 0x7f4fe76c2b90>,8,2,[5 5],9,9,11,0,9
1,<environment.Job instance at 0x7f4f9cccd640>,10,3,[1 6],11,11,14,0,11
1,<environment.Job instance at 0x7f4f9d14c460>,11,15,[ 2 14],12,14,29,2,12
1,<environment.Job instance at 0x7f4fe0852f00>,14,2,[10  3],15,29,31,14,15
1,<environment.Job instance at 0x7f4fe0a99640>,15,12,[ 3 13],16,31,43,15,16
1,<environment.Job instance at 0x7f4fe07ddbe0>,20,18,[5 9],21,43,61,22,34
1,<environment.Job instance at 0x7f4fe0b84aa0>,27,3,[5 1],28,46,49,18,46
1,<environment.Job instance at 0x7f4fe0d04550>,31,17,[14  3],32,61,78,29,49
1,<environment.Job instance at 0x7f4fe07ddeb0>,23,18,[ 1 10],24,61,79,37,56
1,<environment.Job instance at 0x7f4fe0d043c0>,34,15,[ 2 13],35,79,94,44,65
1,<environment.Job instance at 0x7f4fe07fb140>,37,3,[12  4],38,94,97,56,69
1,<environment.Job instance at 0x7f4fe07fbf50>,39,28,[1 8],40,94,122,54,93
1,<environment.Job instance at 0x7f4fe07fb730>,43,2,[6 5],44,97,99,53,94
1,<environment.Job instance at 0x7f4fe07fb370>,44,1,[7 3],45,99,100,54,94
1,<environment.Job instance at 0x7f4fe76c2cd0>,6,14,[10  4],7,109,123,102,109
1,<environment.Job instance at 0x7f4fe0aac230>,50,13,[10  4],51,123,136,72,111
1,<environment.Job instance at 0x7f4fe0aac690>,51,15,[1 9],52,122,137,70,115
1,<environment.Job instance at 0x7f4fe07fb910>,49,3,[4 9],50,137,140,87,118
1,<environment.Job instance at 0x7f4f9cef8230>,53,3,[1 8],54,140,143,86,118
1,<environment.Job instance at 0x7f4f9cef8960>,54,3,[5 2],55,136,139,81,129
1,<environment.Job instance at 0x7f4fe7646e10>,56,1,[4 7],57,140,141,83,129
1,<environment.Job instance at 0x7f4f9c9778c0>,48,18,[13  3],49,141,159,92,130
1,<environment.Job instance at 0x7f4f9cef8550>,57,1,[7 4],58,139,140,81,139
1,<environment.Job instance at 0x7f4fe7646e60>,58,17,[2 7],59,147,164,88,147
1,<environment.Job instance at 0x7f4fe7646aa0>,55,24,[8 3],56,196,220,140,196
1,<environment.Job instance at 0x7f4fe0d04d70>,35,17,[ 5 10],36,210,227,174,210
1,<environment.Job instance at 0x7f4fe7ddcb40>,3,3,[5 5],4,4,7,0,4
1,<environment.Job instance at 0x7f4fe0c449b0>,4,2,[9 2],5,5,7,0,5
1,<environment.Job instance at 0x7f4f9d2109b0>,14,24,[4 5],15,20,44,5,20
1,<environment.Job instance at 0x7f4fe7b5caa0>,9,2,[ 4 10],10,28,30,18,28
1,<environment.Job instance at 0x7f4fe0663d20>,21,2,[3 5],22,35,37,13,35
1,<environment.Job instance at 0x7f4fe75d0690>,24,16,[9 2],25,50,66,25,50
1,<environment.Job instance at 0x7f4fe75d06e0>,26,15,[9 1],27,66,81,39,59
1,<environment.Job instance at 0x7f4fe7525050>,30,3,[10  4],31,81,84,50,59
1,<environment.Job instance at 0x7f4fe08329b0>,34,3,[7 4],35,84,87,49,71
1,<environment.Job instance at 0x7f4f9ce482d0>,35,3,[9 4],36,87,90,51,71
1,<environment.Job instance at 0x7f4fe7703a00>,37,1,[10  3],38,90,91,52,72
1,<environment.Job instance at 0x7f4f9d210f00>,12,15,[10  1],13,91,106,78,80
1,<environment.Job instance at 0x7f4f9d210e60>,11,13,[12  4],12,108,121,96,108
1,<environment.Job instance at 0x7f4fe0c16e10>,47,15,[10  1],48,121,136,73,113
1,<environment.Job instance at 0x7f4f9d122500>,17,14,[2 5],18,120,134,102,120
1,<environment.Job instance at 0x7f4fe0c0e870>,49,23,[6 5],50,136,159,86,130
1,<environment.Job instance at 0x7f4f9d1764b0>,52,1,[4 6],53,134,135,81,130
1,<environment.Job instance at 0x7f4f9d176aa0>,58,3,[3 9],59,130,133,71,130
1,<environment.Job instance at 0x7f4f9d176c80>,54,12,[3 5],55,137,149,82,137
1,<environment.Job instance at 0x7f4fe0c12be0>,40,15,[5 6],41,149,164,108,146
1,<environment.Job instance at 0x7f4f9cb205a0>,0,27,[6 4],1,1,28,0,1
1,<environment.Job instance at 0x7f4fe08ba5a0>,1,1,[11  4],2,28,29,26,3
1,<environment.Job instance at 0x7f4fe751e8c0>,8,22,[7 5],9,29,51,20,22
1,<environment.Job instance at 0x7f4fe0d1c190>,11,2,[2 6],12,22,24,10,22
1,<environment.Job instance at 0x7f4f9d176550>,15,3,[1 9],16,28,31,12,28
1,<environment.Job instance at 0x7f4f9d176280>,17,13,[ 4 10],18,33,46,15,33
1,<environment.Job instance at 0x7f4f9d176230>,18,17,[3 9],19,46,63,27,35
1,<environment.Job instance at 0x7f4f9cd8e3c0>,19,2,[9 1],20,51,53,31,35
1,<environment.Job instance at 0x7f4f9cd8e230>,22,3,[1 9],23,63,66,40,44
1,<environment.Job instance at 0x7f4f9cd8e280>,23,13,[5 1],24,53,66,29,44
1,<environment.Job instance at 0x7f4f9cd8e550>,24,3,[ 2 12],25,66,69,41,44
1,<environment.Job instance at 0x7f4f9cd8e7d0>,27,2,[8 4],28,63,65,35,44
1,<environment.Job instance at 0x7f4f9cd8eaa0>,29,17,[1 9],30,69,86,39,57
1,<environment.Job instance at 0x7f4f9cd8ec30>,31,2,[ 3 14],32,86,88,54,59
1,<environment.Job instance at 0x7f4f9cd8ec80>,33,3,[10  3],34,66,69,32,59
1,<environment.Job instance at 0x7f4f9cd8ea00>,34,3,[3 6],35,69,72,34,59
1,<environment.Job instance at 0x7f4f9cd8ef00>,35,1,[8 4],36,65,66,29,59
1,<environment.Job instance at 0x7f4f9cd8edc0>,36,13,[12  4],37,72,85,35,59
1,<environment.Job instance at 0x7f4f9cd78280>,37,27,[9 3],38,88,115,50,86
1,<environment.Job instance at 0x7f4f9cb3d1e0>,12,24,[1 6],13,88,112,75,86
1,<environment.Job instance at 0x7f4f9cd78780>,46,12,[ 2 11],47,112,124,65,102
1,<environment.Job instance at 0x7f4f9cd78aa0>,48,24,[4 7],49,124,148,75,119
1,<environment.Job instance at 0x7f4f9cd78fa0>,54,18,[ 4 11],55,148,166,93,137
1,<environment.Job instance at 0x7f4f9cd7d370>,58,2,[5 8],59,137,139,78,137
1,<environment.Job instance at 0x7f4f9cd783c0>,39,18,[ 5 10],40,166,184,126,158
1,<environment.Job instance at 0x7f4f9ce2aa00>,2,15,[10  1],3,160,175,157,160
1,<environment.Job instance at 0x7f4f9cd78d20>,52,17,[9 4],53,175,192,122,168
1,<environment.Job instance at 0x7f4f9cb3d640>,0,20,[4 6],1,1,21,0,1
1,<environment.Job instance at 0x7f4f9cd788c0>,2,2,[8 4],3,3,5,0,3
1,<environment.Job instance at 0x7f4fe74167d0>,3,14,[ 1 11],4,21,35,17,6
1,<environment.Job instance at 0x7f4f9cd7d8c0>,8,2,[13  3],9,21,23,12,10
1,<environment.Job instance at 0x7f4fe0655b40>,17,3,[8 1],18,18,21,0,18
1,<environment.Job instance at 0x7f4fe0655dc0>,18,20,[3 8],19,35,55,16,26
1,<environment.Job instance at 0x7f4fe0655af0>,20,24,[10  4],21,28,52,7,28
1,<environment.Job instance at 0x7f4fe0655eb0>,21,21,[4 7],22,52,73,30,44
1,<environment.Job instance at 0x7f4fe0655730>,22,17,[ 2 11],23,73,90,50,61
1,<environment.Job instance at 0x7f4fe08c4d70>,33,3,[8 4],34,72,75,38,72
1,<environment.Job instance at 0x7f4fe08c45a0>,35,12,[10  1],36,75,87,39,72
1,<environment.Job instance at 0x7f4f9cd78d20>,4,16,[4 5],5,90,106,85,85
1,<environment.Job instance at 0x7f4f9d08a7d0>,40,2,[5 1],41,104,106,63,104
1,<environment.Job instance at 0x7f4f9cd7d280>,5,16,[ 2 11],6,106,122,100,104
1,<environment.Job instance at 0x7f4fe0655460>,24,1,[ 2 11],25,122,123,97,118
1,<environment.Job instance at 0x7f4f9d08a190>,43,13,[7 4],44,122,135,78,122
1,<environment.Job instance at 0x7f4f9d08a1e0>,48,17,[9 5],49,137,154,88,137
1,<environment.Job instance at 0x7f4fe08c4780>,38,18,[4 6],39,142,160,103,142
1,<environment.Job instance at 0x7f4fe0b274b0>,57,27,[ 2 11],58,160,187,102,158
1,<environment.Job instance at 0x7f4f9cb69780>,54,2,[1 6],55,187,189,132,176
1,<environment.Job instance at 0x7f4f9d08a4b0>,49,16,[7 2],50,184,200,134,184
1,<environment.Job instance at 0x7f4fe08c4b90>,39,1,[ 5 14],40,200,201,160,192
1,<environment.Job instance at 0x7f4fe0b27c80>,1,2,[7 1],2,2,4,0,2
1,<environment.Job instance at 0x7f4fe0766910>,2,1,[12  5],3,4,5,1,3
1,<environment.Job instance at 0x7f4fe088d190>,7,3,[7 5],8,8,11,0,8
1,<environment.Job instance at 0x7f4fe08c4b90>,9,1,[8 2],10,14,15,4,14
1,<environment.Job instance at 0x7f4fe088d140>,14,3,[ 3 10],15,21,24,6,21
1,<environment.Job instance at 0x7f4f9d096e60>,19,1,[5 7],20,38,39,18,38
1,<environment.Job instance at 0x7f4f9d0965f0>,21,3,[3 9],22,39,42,17,38
1,<environment.Job instance at 0x7f4fe088deb0>,17,2,[7 2],18,49,51,31,49
1,<environment.Job instance at 0x7f4f9d096a50>,18,12,[ 4 10],19,57,69,38,57
1,<environment.Job instance at 0x7f4f9d096190>,25,17,[ 3 10],26,69,86,43,60
1,<environment.Job instance at 0x7f4f9d096690>,30,19,[4 5],31,60,79,29,60
1,<environment.Job instance at 0x7f4f9d096050>,31,3,[1 9],32,86,89,54,60
1,<environment.Job instance at 0x7f4fe70fb550>,35,1,[5 8],36,89,90,53,75
1,<environment.Job instance at 0x7f4fe70fb5f0>,37,2,[9 3],38,84,86,46,84
1,<environment.Job instance at 0x7f4fe70fb780>,39,1,[5 4],40,86,87,46,84
1,<environment.Job instance at 0x7f4fe0807f50>,40,23,[9 4],41,87,110,46,84
1,<environment.Job instance at 0x7f4f9d0963c0>,26,13,[3 9],27,90,103,63,88
1,<environment.Job instance at 0x7f4fe0807230>,41,21,[8 2],42,110,131,68,102
1,<environment.Job instance at 0x7f4fe0807b40>,42,21,[5 7],43,103,124,60,103
1,<environment.Job instance at 0x7f4fe0807730>,48,28,[10  4],49,131,159,82,130
1,<environment.Job instance at 0x7f4fe0807140>,52,18,[4 7],53,133,151,80,133
1,<environment.Job instance at 0x7f4fe0807320>,43,1,[10  1],44,159,160,115,141
1,<environment.Job instance at 0x7f4fe08074b0>,57,3,[6 3],58,160,163,102,141
1,<environment.Job instance at 0x7f4fe08079b0>,54,14,[9 1],55,182,196,127,182
1,<environment.Job instance at 0x7f4fe08070a0>,58,17,[12  1],59,196,213,137,190
1,<environment.Job instance at 0x7f4fe0b273c0>,0,26,[4 9],1,1,27,0,1
1,<environment.Job instance at 0x7f4fe0b275a0>,4,2,[9 3],5,6,8,1,6
1,<environment.Job instance at 0x7f4fe0b27780>,2,16,[13  1],3,27,43,24,14
1,<environment.Job instance at 0x7f4f9c9f5230>,11,18,[11  2],12,43,61,31,32
1,<environment.Job instance at 0x7f4fe0766640>,17,19,[1 5],18,33,52,15,33
1,<environment.Job instance at 0x7f4fe0744be0>,20,13,[11  2],21,64,77,43,64
1,<environment.Job instance at 0x7f4f9c957aa0>,23,1,[10  5],24,77,78,53,77
1,<environment.Job instance at 0x7f4f9c957be0>,25,2,[8 3],26,91,93,65,91
1,<environment.Job instance at 0x7f4f9c957c80>,26,3,[ 5 10],27,91,94,64,91
1,<environment.Job instance at 0x7f4f9c957d20>,27,16,[ 3 12],28,94,110,66,91
1,<environment.Job instance at 0x7f4f9c957f00>,30,14,[10  1],31,94,108,63,94
1,<environment.Job instance at 0x7f4f9c957fa0>,31,3,[1 9],32,110,113,78,94
1,<environment.Job instance at 0x7f4f9c957870>,32,3,[7 1],33,108,111,75,95
1,<environment.Job instance at 0x7f4f9c9578c0>,33,22,[5 2],34,108,130,74,101
1,<environment.Job instance at 0x7f4f9c9565f0>,38,12,[ 4 10],39,125,137,86,125
1,<environment.Job instance at 0x7f4f9c956690>,39,3,[10  5],40,130,133,90,125
1,<environment.Job instance at 0x7f4f9c9567d0>,41,2,[1 6],42,141,143,99,141
1,<environment.Job instance at 0x7f4f9c956910>,43,2,[3 5],44,144,146,100,144
1,<environment.Job instance at 0x7f4f9cd7daa0>,6,13,[9 3],7,155,168,148,155
1,<environment.Job instance at 0x7f4f9cf3b1e0>,3,14,[3 6],4,155,169,151,155
1,<environment.Job instance at 0x7f4f9c9f5140>,12,12,[ 5 13],13,169,181,156,162
1,<environment.Job instance at 0x7f4f9c956dc0>,50,2,[5 4],51,181,183,130,162
1,<environment.Job instance at 0x7f4f9c956e60>,51,2,[3 8],52,181,183,129,162
1,<environment.Job instance at 0x7f4f9c956f00>,52,1,[6 3],53,168,169,115,162
1,<environment.Job instance at 0x7f4f9c956fa0>,53,2,[14  3],54,183,185,129,166
1,<environment.Job instance at 0x7f4f9c9561e0>,55,2,[ 2 10],56,185,187,129,166
1,<environment.Job instance at 0x7f4f9c956f50>,54,1,[14  5],55,187,188,132,168
1,<environment.Job instance at 0x7f4f9c9562d0>,56,2,[7 1],57,172,174,115,172
1,<environment.Job instance at 0x7f4f9c956d20>,49,12,[9 4],50,188,200,138,183
1,<environment.Job instance at 0x7f4f9c9f58c0>,13,24,[ 5 11],14,216,240,202,216
1,<environment.Job instance at 0x7f4fe7b5cf00>,5,18,[9 2],6,6,24,0,6
1,<environment.Job instance at 0x7f4f9c9f58c0>,3,1,[12  4],4,24,25,20,6
1,<environment.Job instance at 0x7f4fe7b5cfa0>,7,20,[1 8],8,8,28,0,8
1,<environment.Job instance at 0x7f4fe7b5cb40>,10,2,[ 2 12],11,28,30,17,11
1,<environment.Job instance at 0x7f4fe7b5cdc0>,11,21,[4 9],12,30,51,18,22
1,<environment.Job instance at 0x7f4fe7176370>,21,3,[2 6],22,39,42,17,39
1,<environment.Job instance at 0x7f4f9d11d5f0>,23,3,[8 3],24,42,45,18,41
1,<environment.Job instance at 0x7f4fe7164410>,25,16,[10  5],26,45,61,19,42
1,<environment.Job instance at 0x7f4fe7164460>,24,15,[11  1],25,61,76,36,47
1,<environment.Job instance at 0x7f4fe7b5c410>,12,3,[5 9],13,51,54,38,51
1,<environment.Job instance at 0x7f4fe7164190>,30,15,[4 7],31,58,73,27,58
1,<environment.Job instance at 0x7f4fe7164aa0>,33,16,[9 4],34,76,92,42,63
1,<environment.Job instance at 0x7f4fe7164b40>,36,3,[6 1],37,76,79,39,63
1,<environment.Job instance at 0x7f4fe7164b90>,37,1,[5 1],38,79,80,41,63
1,<environment.Job instance at 0x7f4fe06709b0>,43,3,[10  3],44,92,95,48,76
1,<environment.Job instance at 0x7f4fe7164e10>,42,15,[ 2 10],43,80,95,37,77
1,<environment.Job instance at 0x7f4fe0670190>,46,19,[2 9],47,95,114,48,85
1,<environment.Job instance at 0x7f4fe06708c0>,47,1,[7 3],48,95,96,47,85
1,<environment.Job instance at 0x7f4fe06706e0>,48,20,[ 1 10],49,114,134,65,105
1,<environment.Job instance at 0x7f4fe0930d20>,52,2,[5 7],53,134,136,81,117
1,<environment.Job instance at 0x7f4fe0930dc0>,55,1,[ 2 10],56,136,137,80,122
1,<environment.Job instance at 0x7f4fe09300f0>,58,2,[ 1 13],59,137,139,78,133
1,<environment.Job instance at 0x7f4fe7164d70>,31,20,[ 5 13],32,146,166,114,146
1,<environment.Job instance at 0x7f4fe0930b90>,57,15,[7 4],58,166,181,108,166
1,<environment.Job instance at 0x7f4fe0670fa0>,45,15,[ 1 12],46,181,196,135,173
1,<environment.Job instance at 0x7f4f9c9582d0>,0,28,[ 2 14],1,1,29,0,1
1,<environment.Job instance at 0x7f4fe76c6960>,1,28,[5 1],2,2,30,0,2
1,<environment.Job instance at 0x7f4fe0670fa0>,8,2,[7 4],9,29,31,20,11
1,<environment.Job instance at 0x7f4fe740da50>,11,3,[9 1],12,31,34,19,13
1,<environment.Job instance at 0x7f4fe083eaf0>,9,2,[5 1],10,30,32,20,24
1,<environment.Job instance at 0x7f4f9c970b40>,20,2,[5 5],21,40,42,19,40
1,<environment.Job instance at 0x7f4fe7259aa0>,22,13,[2 9],23,49,62,26,49
1,<environment.Job instance at 0x7f4fe7259230>,23,3,[13  5],24,49,52,25,49
1,<environment.Job instance at 0x7f4f9d02bc30>,26,27,[5 2],27,53,80,26,53
1,<environment.Job instance at 0x7f4fe75136e0>,13,23,[7 4],14,54,77,40,54
1,<environment.Job instance at 0x7f4f9cabb870>,28,13,[1 5],29,62,75,33,55
1,<environment.Job instance at 0x7f4fe064caf0>,27,14,[ 3 14],28,80,94,52,65
1,<environment.Job instance at 0x7f4fe7053500>,35,3,[5 6],36,77,80,41,73
1,<environment.Job instance at 0x7f4fe0c67780>,36,1,[2 6],37,75,76,38,73
1,<environment.Job instance at 0x7f4f9ce14370>,40,1,[ 2 10],41,94,95,53,90
1,<environment.Job instance at 0x7f4fe7053190>,42,1,[9 5],43,94,95,51,91
1,<environment.Job instance at 0x7f4fe0ac4f50>,44,28,[4 5],45,104,132,59,104
1,<environment.Job instance at 0x7f4f9cdc9640>,29,18,[ 2 10],30,106,124,76,106
1,<environment.Job instance at 0x7f4f9d17a140>,47,2,[ 5 13],48,132,134,84,106
1,<environment.Job instance at 0x7f4f9cc875a0>,51,25,[10  1],52,124,149,72,120
1,<environment.Job instance at 0x7f4f9cc87820>,53,2,[5 1],54,134,136,80,121
1,<environment.Job instance at 0x7f4fe0c50640>,56,3,[5 1],57,136,139,79,133
1,<environment.Job instance at 0x7f4f9d21c2d0>,57,1,[2 6],58,139,140,81,133
1,<environment.Job instance at 0x7f4fe0bcfe10>,46,17,[3 5],47,152,169,105,152
1,<environment.Job instance at 0x7f4fe075afa0>,19,15,[2 6],20,154,169,134,154
1,<environment.Job instance at 0x7f4f9c970320>,18,18,[13  5],19,169,187,150,158
1,<environment.Job instance at 0x7f4fe09eeb40>,5,21,[9 3],6,6,27,0,6
1,<environment.Job instance at 0x7f4f9c970320>,2,2,[1 7],3,6,8,3,6
1,<environment.Job instance at 0x7f4f9cfb6c80>,15,2,[4 8],16,31,33,15,31
1,<environment.Job instance at 0x7f4fe0c50280>,17,2,[1 8],18,33,35,15,31
1,<environment.Job instance at 0x7f4fe07d7fa0>,18,2,[10  5],19,31,33,12,31
1,<environment.Job instance at 0x7f4fe07d74b0>,19,28,[6 1],20,33,61,13,32
1,<environment.Job instance at 0x7f4f9cff38c0>,14,17,[1 9],15,35,52,20,35
1,<environment.Job instance at 0x7f4f9d058050>,20,3,[2 8],21,52,55,31,45
1,<environment.Job instance at 0x7f4f9d058140>,23,1,[8 5],24,45,46,21,45
1,<environment.Job instance at 0x7f4f9d010be0>,25,3,[7 5],26,46,49,20,45
1,<environment.Job instance at 0x7f4f9d0f4dc0>,26,17,[2 6],27,52,69,25,45
1,<environment.Job instance at 0x7f4fe0c7ce10>,27,12,[2 8],28,55,67,27,47
1,<environment.Job instance at 0x7f4fe754dc80>,30,13,[2 6],31,67,80,36,56
1,<environment.Job instance at 0x7f4fe754df00>,31,13,[10  4],32,69,82,37,61
1,<environment.Job instance at 0x7f4fe72ca410>,33,24,[5 3],34,80,104,46,75
1,<environment.Job instance at 0x7f4fe72a4af0>,35,1,[5 9],36,82,83,46,75
1,<environment.Job instance at 0x7f4fe72a4a00>,36,17,[2 5],37,83,100,46,75
1,<environment.Job instance at 0x7f4f9cf3e1e0>,37,2,[11  4],38,104,106,66,77
1,<environment.Job instance at 0x7f4f9cf3e8c0>,40,3,[8 3],41,84,87,43,84
1,<environment.Job instance at 0x7f4f9cf3ebe0>,41,28,[9 4],42,106,134,64,105
1,<environment.Job instance at 0x7f4f9cf3e280>,42,2,[3 6],43,108,110,65,108
1,<environment.Job instance at 0x7f4f9cf3e500>,45,15,[3 9],46,110,125,64,108
1,<environment.Job instance at 0x7f4f9cf452d0>,48,19,[ 3 11],49,125,144,76,115
1,<environment.Job instance at 0x7f4f9cf3e5a0>,43,16,[ 1 12],44,144,160,100,142
1,<environment.Job instance at 0x7f4f9cf45550>,50,17,[10  1],51,149,166,98,149
1,<environment.Job instance at 0x7f4f9cf58280>,56,21,[5 5],57,160,181,103,152
1,<environment.Job instance at 0x7f4f9cf45a50>,54,17,[7 2],55,171,188,116,171
1,<environment.Job instance at 0x7f4f9d116640>,22,18,[ 2 12],23,181,199,158,175
1,<environment.Job instance at 0x7f4f9cd9feb0>,1,1,[4 5],2,2,3,0,2
1,<environment.Job instance at 0x7f4f9cd9fe60>,2,3,[8 1],3,3,6,0,3
1,<environment.Job instance at 0x7f4f9cac0be0>,5,3,[10  4],6,6,9,0,6
1,<environment.Job instance at 0x7f4f9cac09b0>,6,1,[ 4 10],7,7,8,0,7
1,<environment.Job instance at 0x7f4f9cac0d70>,7,13,[14  4],8,9,22,1,8
1,<environment.Job instance at 0x7f4fe7426870>,15,1,[1 9],16,17,18,1,17
1,<environment.Job instance at 0x7f4fe7426d70>,16,21,[5 5],17,22,43,5,17
1,<environment.Job instance at 0x7f4fe7426550>,17,1,[10  4],18,22,23,4,18
1,<environment.Job instance at 0x7f4fe7426960>,18,2,[3 6],19,23,25,4,19
1,<environment.Job instance at 0x7f4fe7408eb0>,21,3,[8 5],22,25,28,3,22
1,<environment.Job instance at 0x7f4fe74089b0>,22,12,[ 1 10],23,28,40,5,23
1,<environment.Job instance at 0x7f4fe7408460>,23,2,[13  2],24,43,45,19,24
1,<environment.Job instance at 0x7f4fe7408550>,24,15,[10  2],25,45,60,20,31
1,<environment.Job instance at 0x7f4fe7408a00>,25,25,[1 6],26,40,65,14,39
1,<environment.Job instance at 0x7f4fe7408dc0>,30,27,[11  2],31,60,87,29,58
1,<environment.Job instance at 0x7f4fe7408be0>,32,20,[ 5 10],33,87,107,54,78
1,<environment.Job instance at 0x7f4fe77b9e60>,35,24,[8 3],36,87,111,51,84
1,<environment.Job instance at 0x7f4fe0b7c500>,42,1,[5 9],43,107,108,64,106
1,<environment.Job instance at 0x7f4fe0b7c1e0>,43,1,[2 6],44,108,109,64,106
1,<environment.Job instance at 0x7f4fe0b7c4b0>,45,17,[10  3],46,111,128,65,106
1,<environment.Job instance at 0x7f4fe0b7c3c0>,47,24,[5 9],48,119,143,71,119
1,<environment.Job instance at 0x7f4fe0b7c820>,50,2,[1 6],51,128,130,77,119
1,<environment.Job instance at 0x7f4fe0b7c370>,51,28,[3 6],52,130,158,78,129
1,<environment.Job instance at 0x7f4fe7426dc0>,20,15,[5 5],21,154,169,133,154
1,<environment.Job instance at 0x7f4fe72ffc30>,55,16,[7 3],56,168,184,112,168
1,<environment.Job instance at 0x7f4f9cac0410>,11,18,[4 7],12,183,201,171,183
1,<environment.Job instance at 0x7f4fe72ff370>,57,16,[1 8],58,193,209,135,193
1,<environment.Job instance at 0x7f4fe060caf0>,0,20,[9 3],1,1,21,0,1
1,<environment.Job instance at 0x7f4fe0d43dc0>,4,2,[6 1],5,5,7,0,5
1,<environment.Job instance at 0x7f4fe0763190>,7,1,[ 1 13],8,21,22,13,8
1,<environment.Job instance at 0x7f4fe0763820>,8,26,[8 2],9,21,47,12,18
1,<environment.Job instance at 0x7f4fe7644460>,13,18,[4 6],14,22,40,8,21
1,<environment.Job instance at 0x7f4fe7644a00>,14,13,[2 8],15,40,53,25,24
1,<environment.Job instance at 0x7f4f9d0889b0>,21,3,[ 4 13],22,53,56,31,38
1,<environment.Job instance at 0x7f4fe7215be0>,24,27,[13  3],25,56,83,31,54
1,<environment.Job instance at 0x7f4f9cc4e9b0>,34,13,[10  5],35,83,96,48,68
1,<environment.Job instance at 0x7f4f9cc4e780>,35,19,[1 5],36,75,94,39,75
1,<environment.Job instance at 0x7f4f9cc4ea50>,39,1,[9 4],40,96,97,56,85
1,<environment.Job instance at 0x7f4fe715f320>,43,3,[3 9],44,103,106,59,103
1,<environment.Job instance at 0x7f4fe715f4b0>,44,27,[6 1],45,103,130,58,103
1,<environment.Job instance at 0x7f4fe72f1fa0>,48,3,[3 8],49,116,119,67,116
1,<environment.Job instance at 0x7f4fe715f9b0>,46,17,[ 5 11],47,119,136,72,116
1,<environment.Job instance at 0x7f4fe0c86550>,50,12,[4 8],51,136,148,85,119
1,<environment.Job instance at 0x7f4f9cc4e2d0>,32,14,[ 2 10],33,148,162,115,133
1,<environment.Job instance at 0x7f4f9cd93c30>,53,24,[10  2],54,147,171,93,147
1,<environment.Job instance at 0x7f4fe0a91b40>,55,3,[2 8],56,162,165,106,148
1,<environment.Job instance at 0x7f4fe0a91690>,57,1,[5 3],58,165,166,107,148
1,<environment.Job instance at 0x7f4fe0c86cd0>,51,24,[14  3],52,173,197,121,173
1,<environment.Job instance at 0x7f4fe0ab0be0>,58,18,[5 9],59,197,215,138,197
1,<environment.Job instance at 0x7f4fe7644500>,15,25,[ 3 14],16,215,240,199,213
1,<environment.Job instance at 0x7f583425e140>,1,15,[ 1 14],2,2,17,0,2
1,<environment.Job instance at 0x7f582ce4f820>,10,1,[7 3],11,25,26,14,25
1,<environment.Job instance at 0x7f582ce4f7d0>,12,3,[6 3],13,27,30,14,27
1,<environment.Job instance at 0x7f582ce4f870>,11,2,[3 9],12,27,29,15,27
1,<environment.Job instance at 0x7f582ce4f370>,15,3,[10  2],16,32,35,16,32
1,<environment.Job instance at 0x7f582ce4faf0>,17,3,[10  3],18,35,38,17,32
1,<environment.Job instance at 0x7f583425df50>,4,18,[10  4],5,53,71,48,53
1,<environment.Job instance at 0x7f582ce4f500>,5,13,[5 9],6,54,67,48,54
1,<environment.Job instance at 0x7f582ce4f5a0>,6,12,[11  4],7,71,83,64,63
1,<environment.Job instance at 0x7f582ce4fb90>,23,18,[5 2],24,83,101,59,73
1,<environment.Job instance at 0x7f582ce51230>,26,22,[2 9],27,74,96,47,74
1,<environment.Job instance at 0x7f582ce4feb0>,22,2,[12  3],23,101,103,78,74
1,<environment.Job instance at 0x7f582ce51550>,30,1,[5 5],31,96,97,65,74
1,<environment.Job instance at 0x7f582ce519b0>,34,3,[9 5],35,97,100,62,74
1,<environment.Job instance at 0x7f582ce4fe60>,19,17,[12  3],20,103,120,83,91
1,<environment.Job instance at 0x7f582ce55190>,43,28,[6 4],44,120,148,76,119
1,<environment.Job instance at 0x7f582ce515f0>,31,17,[4 9],32,120,137,88,120
1,<environment.Job instance at 0x7f582ce55500>,48,13,[6 1],49,137,150,88,129
1,<environment.Job instance at 0x7f582ce558c0>,49,2,[1 9],50,137,139,87,134
1,<environment.Job instance at 0x7f582ce517d0>,35,16,[8 1],36,148,164,112,135
1,<environment.Job instance at 0x7f582ce552d0>,45,16,[6 2],46,150,166,104,137
1,<environment.Job instance at 0x7f582ce55aa0>,52,3,[ 3 11],53,164,167,111,138
1,<environment.Job instance at 0x7f582ce55370>,44,17,[ 5 12],45,167,184,122,155
1,<environment.Job instance at 0x7f582ce55d70>,58,1,[5 7],59,184,185,125,156
1,<environment.Job instance at 0x7f582ce55fa0>,61,2,[9 2],62,166,168,104,156
1,<environment.Job instance at 0x7f582ce57190>,62,20,[9 1],63,168,188,105,159
1,<environment.Job instance at 0x7f582ce57780>,67,26,[5 4],68,185,211,117,182
1,<environment.Job instance at 0x7f582ce55dc0>,55,17,[4 7],56,188,205,132,182
1,<environment.Job instance at 0x7f582ce57960>,68,22,[5 6],69,205,227,136,198
1,<environment.Job instance at 0x7f582ce55410>,50,27,[9 1],51,211,238,160,209
1,<environment.Job instance at 0x7f582ce55eb0>,60,24,[ 3 10],61,227,251,166,222
1,<environment.Job instance at 0x7f582cf155f0>,3,3,[10  4],4,4,7,0,4
1,<environment.Job instance at 0x7f582cf150f0>,4,1,[6 2],5,7,8,2,5
1,<environment.Job instance at 0x7f582cf15cd0>,5,3,[6 4],6,7,10,1,6
1,<environment.Job instance at 0x7f58343d33c0>,8,19,[8 4],9,10,29,1,10
1,<environment.Job instance at 0x7f58343d37d0>,10,2,[10  3],11,29,31,18,11
1,<environment.Job instance at 0x7f582ce55eb0>,9,17,[2 7],10,13,30,3,13
1,<environment.Job instance at 0x7f58343d31e0>,13,3,[9 2],14,31,34,17,18
1,<environment.Job instance at 0x7f58343d3fa0>,11,17,[ 4 14],12,34,51,22,22
1,<environment.Job instance at 0x7f58343d3640>,12,3,[10  1],13,34,37,21,25
1,<environment.Job instance at 0x7f58343d51e0>,24,2,[4 7],25,30,32,5,30
1,<environment.Job instance at 0x7f58343d52d0>,25,23,[3 7],26,51,74,25,45
1,<environment.Job instance at 0x7f58343d5230>,26,2,[4 8],27,51,53,24,45
1,<environment.Job instance at 0x7f58343c5d70>,29,2,[10  4],30,53,55,23,45
1,<environment.Job instance at 0x7f5834289410>,31,1,[9 4],32,55,56,23,45
1,<environment.Job instance at 0x7f5834289c80>,32,27,[ 3 13],33,74,101,41,72
1,<environment.Job instance at 0x7f5834289140>,35,1,[3 6],36,72,73,36,72
1,<environment.Job instance at 0x7f5834289820>,38,20,[5 7],39,101,121,62,92
1,<environment.Job instance at 0x7f58343c6960>,18,12,[3 5],19,101,113,82,92
1,<environment.Job instance at 0x7f58343c6c30>,22,2,[2 5],23,113,115,90,97
1,<environment.Job instance at 0x7f58342898c0>,40,20,[5 7],41,115,135,74,106
1,<environment.Job instance at 0x7f583428a3c0>,47,18,[ 3 12],48,135,153,87,124
1,<environment.Job instance at 0x7f5834289870>,45,14,[9 1],46,127,141,81,127
1,<environment.Job instance at 0x7f583425db90>,53,3,[1 5],54,132,135,78,132
1,<environment.Job instance at 0x7f583425d8c0>,54,15,[9 1],55,141,156,86,132
1,<environment.Job instance at 0x7f583425d0f0>,52,14,[14  1],53,156,170,103,141
1,<environment.Job instance at 0x7f58343d2f00>,61,2,[9 3],62,170,172,108,159
1,<environment.Job instance at 0x7f583425d730>,55,15,[5 3],56,170,185,114,170
1,<environment.Job instance at 0x7f58343d2a00>,65,15,[ 3 14],66,185,200,119,172
1,<environment.Job instance at 0x7f58343d2280>,68,14,[5 1],69,188,202,119,188
1,<environment.Job instance at 0x7f58342894b0>,41,18,[ 3 13],42,211,229,169,211
1,<environment.Job instance at 0x7f583425d050>,51,18,[11  5],52,229,247,177,219
1,<environment.Job instance at 0x7f58343d93c0>,2,2,[4 9],3,3,5,0,3
1,<environment.Job instance at 0x7f57e91fc460>,11,16,[1 9],12,19,35,7,19
1,<environment.Job instance at 0x7f57e91fc3c0>,13,1,[5 6],14,19,20,5,19
1,<environment.Job instance at 0x7f57e91fc780>,14,2,[8 5],15,20,22,5,19
1,<environment.Job instance at 0x7f57e91fc7d0>,16,2,[8 2],17,22,24,5,19
1,<environment.Job instance at 0x7f57e91fcaf0>,19,3,[4 8],20,35,38,15,34
1,<environment.Job instance at 0x7f57e919f410>,21,3,[1 5],22,34,37,12,34
1,<environment.Job instance at 0x7f57e919fb40>,22,1,[10  1],23,34,35,11,34
1,<environment.Job instance at 0x7f57e919f9b0>,23,15,[4 8],24,38,53,14,34
1,<environment.Job instance at 0x7f57e919f5a0>,24,13,[1 9],25,53,66,28,39
1,<environment.Job instance at 0x7f583425d050>,4,1,[7 1],5,39,40,34,39
1,<environment.Job instance at 0x7f57e919f4b0>,26,22,[11  3],27,40,62,13,39
1,<environment.Job instance at 0x7f57e9249820>,30,3,[9 1],31,62,65,31,50
1,<environment.Job instance at 0x7f57e9249be0>,32,1,[ 5 10],33,66,67,33,51
1,<environment.Job instance at 0x7f57e92497d0>,34,1,[9 4],35,65,66,30,53
1,<environment.Job instance at 0x7f57e9249af0>,35,25,[3 9],36,67,92,31,63
1,<environment.Job instance at 0x7f57e919f3c0>,27,18,[5 2],28,63,81,35,63
1,<environment.Job instance at 0x7f57e92494b0>,42,2,[8 2],43,81,83,38,67
1,<environment.Job instance at 0x7f57e9287a00>,46,26,[9 1],47,85,111,38,85
1,<environment.Job instance at 0x7f57e9287a50>,50,18,[5 1],51,97,115,46,97
1,<environment.Job instance at 0x7f57e92877d0>,53,3,[5 4],54,111,114,57,102
1,<environment.Job instance at 0x7f57e9287730>,54,17,[10  5],55,114,131,59,111
1,<environment.Job instance at 0x7f57e9287d20>,56,23,[5 8],57,118,141,61,118
1,<environment.Job instance at 0x7f57e922f7d0>,58,2,[ 3 10],59,141,143,82,118
1,<environment.Job instance at 0x7f57e922ffa0>,59,1,[10  3],60,131,132,71,118
1,<environment.Job instance at 0x7f57e922f820>,61,2,[12  1],62,141,143,79,118
1,<environment.Job instance at 0x7f57e922fa00>,63,27,[5 3],64,143,170,79,141
1,<environment.Job instance at 0x7f57e9249d20>,37,13,[ 4 10],38,148,161,110,148
1,<environment.Job instance at 0x7f57e9249460>,39,23,[2 8],40,161,184,121,158
1,<environment.Job instance at 0x7f57e9287f00>,48,14,[8 5],49,170,184,121,158
1,<environment.Job instance at 0x7f57e922f640>,68,22,[9 2],69,184,206,115,177
1,<environment.Job instance at 0x7f58343cf730>,1,18,[ 5 11],2,2,20,0,2
1,<environment.Job instance at 0x7f57e93088c0>,10,2,[4 5],11,20,22,9,11
1,<environment.Job instance at 0x7f57e9308c80>,11,1,[8 3],12,13,14,1,13
1,<environment.Job instance at 0x7f57e95b0dc0>,14,28,[9 1],15,15,43,0,15
1,<environment.Job instance at 0x7f57e9603140>,9,1,[9 2],10,43,44,33,23
1,<environment.Job instance at 0x7f57e95e8cd0>,17,1,[7 2],18,44,45,26,23
1,<environment.Job instance at 0x7f57e97829b0>,25,12,[2 6],26,62,74,36,62
1,<environment.Job instance at 0x7f57e97825f0>,26,3,[7 5],27,62,65,35,62
1,<environment.Job instance at 0x7f57e9782140>,27,3,[4 9],28,65,68,37,62
1,<environment.Job instance at 0x7f57e9782690>,28,18,[3 8],29,68,86,39,62
1,<environment.Job instance at 0x7f57e9782050>,30,28,[7 3],31,74,102,43,73
1,<environment.Job instance at 0x7f57e9603780>,7,18,[ 1 10],8,86,104,78,84
1,<environment.Job instance at 0x7f57e95e8b40>,18,16,[14  3],19,102,118,83,89
1,<environment.Job instance at 0x7f57e9782d20>,35,3,[6 4],36,118,121,82,93
1,<environment.Job instance at 0x7f57e95ecaa0>,38,12,[9 2],39,118,130,79,101
1,<environment.Job instance at 0x7f57e95ec2d0>,42,13,[2 5],43,121,134,78,106
1,<environment.Job instance at 0x7f57e95ec960>,37,16,[2 8],38,121,137,83,108
1,<environment.Job instance at 0x7f57e92a01e0>,48,12,[12  2],49,134,146,85,121
1,<environment.Job instance at 0x7f57e92a04b0>,52,2,[14  5],53,146,148,93,121
1,<environment.Job instance at 0x7f57e92a0e10>,53,21,[9 5],54,148,169,94,140
1,<environment.Job instance at 0x7f57e90e6820>,56,22,[6 1],57,148,170,91,148
1,<environment.Job instance at 0x7f57e90e62d0>,58,21,[5 1],59,169,190,110,161
1,<environment.Job instance at 0x7f57e90e6280>,61,18,[ 5 14],62,170,188,108,163
1,<environment.Job instance at 0x7f582ce00230>,68,1,[ 5 14],69,188,189,119,187
1,<environment.Job instance at 0x7f57e9603370>,8,28,[7 4],9,195,223,186,195
1,<environment.Job instance at 0x7f57e95ec780>,40,18,[8 5],41,198,216,157,198
1,<environment.Job instance at 0x7f57e90e67d0>,55,12,[12  4],56,223,235,167,218
1,<environment.Job instance at 0x7f57e96030f0>,2,2,[9 4],3,3,5,0,3
1,<environment.Job instance at 0x7f58343d9500>,3,3,[14  5],4,5,8,1,4
1,<environment.Job instance at 0x7f57e92120f0>,4,2,[1 7],5,5,7,0,5
1,<environment.Job instance at 0x7f57e9223e60>,5,1,[ 4 10],6,8,9,2,6
1,<environment.Job instance at 0x7f57e9223b40>,7,1,[9 4],8,8,9,0,8
1,<environment.Job instance at 0x7f57e950c820>,8,17,[12  1],9,10,27,1,10
1,<environment.Job instance at 0x7f57e919f050>,11,3,[3 6],12,12,15,0,12
1,<environment.Job instance at 0x7f57e919fcd0>,12,1,[13  3],13,27,28,14,13
1,<environment.Job instance at 0x7f57e953e370>,17,1,[4 8],18,28,29,10,18
1,<environment.Job instance at 0x7f57e953e640>,21,2,[3 8],22,24,26,2,24
1,<environment.Job instance at 0x7f57e953e6e0>,22,27,[ 2 13],23,29,56,6,27
1,<environment.Job instance at 0x7f57e953ed20>,28,1,[12  5],29,56,57,27,54
1,<environment.Job instance at 0x7f57e953edc0>,29,1,[8 5],30,57,58,27,54
1,<environment.Job instance at 0x7f57e953eeb0>,31,15,[10  3],32,69,84,37,69
1,<environment.Job instance at 0x7f57e953ee10>,32,2,[7 1],33,84,86,51,69
1,<environment.Job instance at 0x7f57e953efa0>,33,2,[3 5],34,69,71,35,69
1,<environment.Job instance at 0x7f57e9546140>,35,2,[4 6],36,71,73,35,71
1,<environment.Job instance at 0x7f57e95461e0>,36,2,[6 5],37,84,86,47,71
1,<environment.Job instance at 0x7f57e9546320>,38,3,[5 1],39,73,76,34,72
1,<environment.Job instance at 0x7f57e95464b0>,41,18,[ 4 13],42,88,106,46,88
1,<environment.Job instance at 0x7f57e9546730>,45,2,[2 6],46,106,108,60,102
1,<environment.Job instance at 0x7f57e9546870>,47,16,[ 5 13],48,108,124,60,105
1,<environment.Job instance at 0x7f57e9546b90>,52,2,[6 1],53,121,123,68,121
1,<environment.Job instance at 0x7f57e9546fa0>,54,18,[13  2],55,124,142,69,122
1,<environment.Job instance at 0x7f57e9549370>,60,18,[11  4],61,142,160,81,137
1,<environment.Job instance at 0x7f57e95494b0>,62,20,[7 3],63,160,180,97,151
1,<environment.Job instance at 0x7f57e9549550>,63,1,[2 8],64,151,152,87,151
1,<environment.Job instance at 0x7f57e9549730>,66,20,[6 2],67,160,180,93,151
1,<environment.Job instance at 0x7f57e950ca00>,12,2,[1 5],13,19,21,6,19
1,<environment.Job instance at 0x7f58338fafa0>,14,22,[1 9],15,19,41,4,19
1,<environment.Job instance at 0x7f58338fad20>,16,3,[2 7],17,41,44,24,19
1,<environment.Job instance at 0x7f57e90e67d0>,11,25,[10  4],12,22,47,10,22
1,<environment.Job instance at 0x7f582cfe0370>,22,2,[6 3],23,47,49,24,40
1,<environment.Job instance at 0x7f582cfe0410>,23,24,[3 6],24,44,68,20,40
1,<environment.Job instance at 0x7f57e9203320>,24,2,[4 8],25,49,51,24,40
1,<environment.Job instance at 0x7f57e9203910>,25,20,[3 8],26,51,71,25,42
1,<environment.Job instance at 0x7f57e9203500>,27,27,[9 5],28,68,95,40,66
1,<environment.Job instance at 0x7f57e9203730>,29,3,[9 2],30,95,98,65,69
1,<environment.Job instance at 0x7f57e9203280>,30,18,[4 8],31,71,89,40,69
1,<environment.Job instance at 0x7f57e92038c0>,32,2,[6 4],33,89,91,56,72
1,<environment.Job instance at 0x7f57e9203410>,33,2,[ 3 14],34,98,100,64,72
1,<environment.Job instance at 0x7f57e9203b90>,34,2,[1 9],35,91,93,56,72
1,<environment.Job instance at 0x7f58337f0500>,36,21,[6 1],37,93,114,56,85
1,<environment.Job instance at 0x7f58337f0eb0>,39,1,[10  5],40,114,115,74,86
1,<environment.Job instance at 0x7f58337f02d0>,41,2,[7 4],42,100,102,58,86
1,<environment.Job instance at 0x7f582cfcde60>,44,3,[ 3 12],45,103,106,58,103
1,<environment.Job instance at 0x7f582cfcd640>,45,27,[5 5],46,106,133,60,104
1,<environment.Job instance at 0x7f582cfcdb40>,46,22,[2 8],47,115,137,68,108
1,<environment.Job instance at 0x7f582cfcdbe0>,47,20,[5 2],48,115,135,67,108
1,<environment.Job instance at 0x7f582cfcdaa0>,48,13,[14  4],49,137,150,88,121
1,<environment.Job instance at 0x7f57e950ce60>,9,22,[1 6],10,135,157,125,135
1,<environment.Job instance at 0x7f582cfcd6e0>,54,13,[14  5],55,150,163,95,145
1,<environment.Job instance at 0x7f582cfcde10>,60,2,[9 4],61,163,165,102,145
1,<environment.Job instance at 0x7f582cfcd8c0>,53,27,[7 5],54,171,198,117,171
1,<environment.Job instance at 0x7f57e92235f0>,8,16,[3 6],9,184,200,175,184
1,<environment.Job instance at 0x7f583370e2d0>,65,25,[3 7],66,202,227,136,202
1,<environment.Job instance at 0x7f582cfcd9b0>,52,17,[4 6],53,207,224,154,207
1,<environment.Job instance at 0x7f57e95615a0>,0,1,[ 4 12],1,1,2,0,1
1,<environment.Job instance at 0x7f582cfcd9b0>,4,12,[13  3],5,5,17,0,5
1,<environment.Job instance at 0x7f582cc3d960>,7,14,[9 1],8,17,31,9,14
1,<environment.Job instance at 0x7f582d204500>,14,2,[5 3],15,17,19,2,15
1,<environment.Job instance at 0x7f582d204690>,16,13,[7 1],17,31,44,14,22
1,<environment.Job instance at 0x7f57e9726820>,12,12,[8 5],13,31,43,18,23
1,<environment.Job instance at 0x7f582d204e10>,20,3,[9 1],21,44,47,23,29
1,<environment.Job instance at 0x7f57e9313a00>,21,2,[5 6],22,29,31,7,29
1,<environment.Job instance at 0x7f5833e27dc0>,22,2,[3 5],23,43,45,20,29
1,<environment.Job instance at 0x7f57e9313690>,23,17,[1 8],24,43,60,19,31
1,<environment.Job instance at 0x7f57e95b0f50>,24,14,[ 3 14],25,60,74,35,45
1,<environment.Job instance at 0x7f582cedc280>,25,24,[3 9],26,74,98,48,69
1,<environment.Job instance at 0x7f58338efb40>,27,3,[10  3],28,74,77,46,69
1,<environment.Job instance at 0x7f582ced4c80>,30,1,[2 9],31,98,99,67,70
1,<environment.Job instance at 0x7f58338ef550>,31,3,[9 3],32,77,80,45,70
1,<environment.Job instance at 0x7f57e93fb230>,32,17,[10  3],33,80,97,47,71
1,<environment.Job instance at 0x7f58336ca870>,34,15,[ 1 10],35,99,114,64,85
1,<environment.Job instance at 0x7f58336ca690>,35,1,[12  4],36,97,98,61,85
1,<environment.Job instance at 0x7f58336ca8c0>,36,2,[9 2],37,98,100,61,85
1,<environment.Job instance at 0x7f582ce280f0>,38,2,[6 5],39,100,102,61,85
1,<environment.Job instance at 0x7f582ce28eb0>,39,3,[8 5],40,102,105,62,86
1,<environment.Job instance at 0x7f582d3702d0>,9,3,[12  1],10,105,108,95,86
1,<environment.Job instance at 0x7f582ce28af0>,41,15,[14  1],42,108,123,66,94
1,<environment.Job instance at 0x7f582ce28f00>,48,2,[7 3],49,123,125,74,110
1,<environment.Job instance at 0x7f582ce28320>,49,14,[2 6],50,123,137,73,113
1,<environment.Job instance at 0x7f57e92c0e10>,50,2,[6 5],51,123,125,72,113
1,<environment.Job instance at 0x7f57e92c0820>,51,14,[1 9],52,125,139,73,113
1,<environment.Job instance at 0x7f57e92c0500>,53,18,[4 8],54,139,157,85,128
1,<environment.Job instance at 0x7f57e92c0fa0>,56,27,[5 8],57,157,184,100,155
1,<environment.Job instance at 0x7f582d12d320>,8,21,[9 5],9,155,176,146,155
1,<environment.Job instance at 0x7f57e92c01e0>,59,1,[ 4 10],60,184,185,124,162
1,<environment.Job instance at 0x7f582cdf2b90>,61,24,[4 8],62,185,209,123,180
1,<environment.Job instance at 0x7f582ce28280>,42,27,[5 5],43,181,208,138,181
1,<environment.Job instance at 0x7f582cf6f4b0>,68,1,[2 5],69,208,209,139,183
1,<environment.Job instance at 0x7f582ce280a0>,44,25,[1 7],45,209,234,164,209
1,<environment.Job instance at 0x7f582cfe0820>,1,1,[11  1],2,2,3,0,2
1,<environment.Job instance at 0x7f57e9449eb0>,4,2,[4 9],5,5,7,0,5
1,<environment.Job instance at 0x7f582d1bbb90>,5,2,[7 5],6,6,8,0,6
1,<environment.Job instance at 0x7f582cdca2d0>,12,3,[ 3 10],13,14,17,1,14
1,<environment.Job instance at 0x7f582cdcac80>,15,2,[9 3],16,16,18,0,16
1,<environment.Job instance at 0x7f582cdcadc0>,17,23,[10  4],18,29,52,11,29
1,<environment.Job instance at 0x7f5833bf04b0>,22,12,[3 8],23,52,64,29,52
1,<environment.Job instance at 0x7f5833bf0550>,23,3,[ 5 13],24,64,67,40,52
1,<environment.Job instance at 0x7f5833bf05f0>,24,13,[1 9],25,67,80,42,57
1,<environment.Job instance at 0x7f5833bf0730>,26,17,[13  2],27,67,84,40,66
1,<environment.Job instance at 0x7f5833bf07d0>,27,1,[11  4],28,84,85,56,66
1,<environment.Job instance at 0x7f5833bf0aa0>,32,17,[ 2 12],33,85,102,52,82
1,<environment.Job instance at 0x7f5833bf0910>,33,1,[8 5],34,102,103,68,82
1,<environment.Job instance at 0x7f5833bf0b40>,35,24,[10  2],36,103,127,67,98
1,<environment.Job instance at 0x7f582cdca0a0>,11,24,[1 9],12,102,126,90,98
1,<environment.Job instance at 0x7f5833bf0be0>,40,1,[6 5],41,127,128,86,106
1,<environment.Job instance at 0x7f5833bdf190>,42,2,[11  4],43,128,130,85,112
1,<environment.Job instance at 0x7f5833bdf230>,43,20,[5 7],44,130,150,86,121
1,<environment.Job instance at 0x7f5833bdf410>,46,27,[4 5],47,133,160,86,133
1,<environment.Job instance at 0x7f5833bdf370>,45,12,[11  5],46,150,162,104,139
1,<environment.Job instance at 0x7f5833bdf9b0>,52,3,[11  3],53,162,165,109,147
1,<environment.Job instance at 0x7f5833bdf550>,48,15,[5 9],49,165,180,116,156
1,<environment.Job instance at 0x7f5833bdfbe0>,57,2,[2 6],58,160,162,102,156
1,<environment.Job instance at 0x7f5833bdf730>,58,2,[5 5],59,165,167,106,156
1,<environment.Job instance at 0x7f5833bdfb40>,56,14,[10  4],57,167,181,110,157
1,<environment.Job instance at 0x7f5833bdff50>,59,1,[5 7],60,180,181,120,157
1,<environment.Job instance at 0x7f5833be7230>,64,2,[10  3],65,181,183,116,164
1,<environment.Job instance at 0x7f5833be71e0>,65,12,[ 3 13],66,183,195,117,166
1,<environment.Job instance at 0x7f5833bf0c80>,39,27,[14  1],40,202,229,162,202
1,<environment.Job instance at 0x7f5833bdfeb0>,61,15,[ 2 14],62,229,244,167,229
1,<environment.Job instance at 0x7f582d1a7780>,2,3,[4 9],3,3,6,0,3
1,<environment.Job instance at 0x7f582d08b050>,3,18,[ 1 10],4,6,24,2,5
1,<environment.Job instance at 0x7f582d08bf50>,8,2,[5 4],9,9,11,0,9
1,<environment.Job instance at 0x7f582d238dc0>,10,1,[5 1],11,11,12,0,11
1,<environment.Job instance at 0x7f582d08b780>,6,2,[ 3 10],7,24,26,17,13
1,<environment.Job instance at 0x7f582d238370>,13,1,[7 1],14,14,15,0,14
1,<environment.Job instance at 0x7f582d238af0>,14,15,[ 2 13],15,26,41,11,15
1,<environment.Job instance at 0x7f582d2383c0>,11,17,[14  3],12,41,58,29,29
1,<environment.Job instance at 0x7f57e92f0dc0>,19,28,[1 8],20,41,69,21,40
1,<environment.Job instance at 0x7f58343d8fa0>,28,18,[13  3],29,58,76,29,50
1,<environment.Job instance at 0x7f5833b38960>,31,15,[1 9],32,69,84,37,57
1,<environment.Job instance at 0x7f5833c4cd70>,33,3,[1 8],34,84,87,50,66
1,<environment.Job instance at 0x7f5833c4c7d0>,34,3,[5 2],35,76,79,41,66
1,<environment.Job instance at 0x7f582ce4f3c0>,35,24,[8 3],36,76,100,40,71
1,<environment.Job instance at 0x7f5834182f50>,41,3,[5 9],42,87,90,45,86
1,<environment.Job instance at 0x7f57e940af00>,42,2,[7 4],43,90,92,47,86
1,<environment.Job instance at 0x7f57e92f1dc0>,43,3,[5 5],44,92,95,48,86
1,<environment.Job instance at 0x7f57e92f1410>,44,2,[9 2],45,100,102,55,87
1,<environment.Job instance at 0x7f57e92f1d20>,49,2,[ 4 10],50,122,124,72,122
1,<environment.Job instance at 0x7f57e92f1a00>,50,1,[9 5],51,122,123,71,122
1,<environment.Job instance at 0x7f57e92f1c30>,51,13,[12  4],52,124,137,72,122
1,<environment.Job instance at 0x7f57e92d9460>,54,24,[4 5],55,137,161,82,132
1,<environment.Job instance at 0x7f57e9412dc0>,18,16,[9 2],19,137,153,118,137
1,<environment.Job instance at 0x7f5833998d20>,58,16,[6 5],59,153,169,94,142
1,<environment.Job instance at 0x7f57e8f9ecd0>,61,2,[3 5],62,153,155,91,147
1,<environment.Job instance at 0x7f57e9516fa0>,65,2,[2 9],66,163,165,97,163
1,<environment.Job instance at 0x7f57e9516230>,67,1,[3 6],68,174,175,106,174
1,<environment.Job instance at 0x7f57e94128c0>,17,3,[12  4],18,224,227,206,224
1,<environment.Job instance at 0x7f582d0f3cd0>,16,17,[ 1 10],17,226,243,209,226
1,<environment.Job instance at 0x7f57e919f2d0>,4,3,[7 4],5,5,8,0,5
1,<environment.Job instance at 0x7f58343cb820>,5,3,[9 4],6,8,11,2,6
1,<environment.Job instance at 0x7f58344aa370>,6,2,[5 5],7,8,10,1,8
1,<environment.Job instance at 0x7f582d219f00>,7,1,[10  3],8,30,31,22,30
1,<environment.Job instance at 0x7f57e949efa0>,18,2,[4 5],19,30,32,11,30
1,<environment.Job instance at 0x7f582d1690a0>,20,17,[2 6],21,32,49,11,32
1,<environment.Job instance at 0x7f57e949ebe0>,19,23,[6 5],20,33,56,13,33
1,<environment.Job instance at 0x7f5833b32460>,24,12,[3 5],25,49,61,24,39
1,<environment.Job instance at 0x7f583378eaa0>,26,2,[8 4],27,56,58,29,40
1,<environment.Job instance at 0x7f582d169640>,22,1,[4 6],23,56,57,33,41
1,<environment.Job instance at 0x7f57e949ee60>,17,15,[10  1],18,58,73,40,47
1,<environment.Job instance at 0x7f57e9314c30>,31,1,[11  4],32,73,74,41,47
1,<environment.Job instance at 0x7f582cc3e910>,37,2,[ 2 10],38,72,74,34,72
1,<environment.Job instance at 0x7f582cdcbd70>,38,22,[7 5],39,74,96,35,72
1,<environment.Job instance at 0x7f583378ed70>,29,21,[1 9],30,81,102,51,81
1,<environment.Job instance at 0x7f57e971adc0>,27,3,[10  4],28,96,99,68,92
1,<environment.Job instance at 0x7f582d210500>,45,3,[1 9],46,102,105,56,92
1,<environment.Job instance at 0x7f5833669b40>,30,27,[6 4],31,104,131,73,104
1,<environment.Job instance at 0x7f582d1f2f00>,49,2,[9 1],50,106,108,56,106
1,<environment.Job instance at 0x7f582d1f2a50>,50,14,[1 8],51,109,123,58,109
1,<environment.Job instance at 0x7f582d1f2230>,52,3,[1 9],53,123,126,70,113
1,<environment.Job instance at 0x7f57e96e8f50>,54,3,[ 2 12],55,131,134,76,113
1,<environment.Job instance at 0x7f57e96e89b0>,55,2,[3 5],56,126,128,70,113
1,<environment.Job instance at 0x7f57e96e80f0>,57,2,[8 4],58,128,130,70,125
1,<environment.Job instance at 0x7f57e96e8550>,60,1,[9 4],61,130,131,69,128
1,<environment.Job instance at 0x7f57e96e8f00>,61,2,[ 3 14],62,134,136,72,128
1,<environment.Job instance at 0x7f57e96e6550>,63,3,[10  3],64,138,141,74,138
1,<environment.Job instance at 0x7f57e96e6c80>,64,3,[3 6],65,138,141,73,138
1,<environment.Job instance at 0x7f57e922b820>,65,1,[8 4],66,141,142,75,138
1,<environment.Job instance at 0x7f582ce6dd20>,66,13,[12  4],67,142,155,75,138
1,<environment.Job instance at 0x7f58338a75f0>,67,27,[9 3],68,155,182,87,153
1,<environment.Job instance at 0x7f57e957d140>,6,12,[ 2 11],7,7,19,0,7
1,<environment.Job instance at 0x7f582cec90f0>,8,24,[4 7],9,19,43,10,18
1,<environment.Job instance at 0x7f58337b5a50>,9,12,[4 6],10,19,31,9,18
1,<environment.Job instance at 0x7f5833668320>,15,16,[9 4],16,31,47,15,18
1,<environment.Job instance at 0x7f57e9419fa0>,13,3,[4 7],14,43,46,29,18
1,<environment.Job instance at 0x7f57e9659640>,19,3,[14  1],20,47,50,27,21
1,<environment.Job instance at 0x7f57e94cdcd0>,21,2,[8 4],22,50,52,28,23
1,<environment.Job instance at 0x7f583365af00>,23,14,[ 1 11],24,46,60,22,31
1,<environment.Job instance at 0x7f57e9171af0>,25,16,[ 2 11],26,60,76,34,47
1,<environment.Job instance at 0x7f57e915efa0>,26,3,[8 3],27,52,55,25,47
1,<environment.Job instance at 0x7f57e916f550>,28,2,[13  3],29,55,57,26,47
1,<environment.Job instance at 0x7f57e915e410>,29,1,[5 1],30,52,53,22,47
1,<environment.Job instance at 0x7f57e916f0f0>,32,17,[ 2 10],33,76,93,43,64
1,<environment.Job instance at 0x7f5833ac8aa0>,35,2,[6 3],36,64,66,28,64
1,<environment.Job instance at 0x7f5833ac88c0>,37,3,[8 1],38,66,69,28,64
1,<environment.Job instance at 0x7f5833ac80a0>,38,20,[3 8],39,93,113,54,84
1,<environment.Job instance at 0x7f5833ac8460>,40,24,[10  4],41,84,108,43,84
1,<environment.Job instance at 0x7f5833ac8280>,42,17,[ 2 11],43,113,130,70,101
1,<environment.Job instance at 0x7f5833acf190>,44,1,[ 2 11],45,130,131,85,102
1,<environment.Job instance at 0x7f5833acf4b0>,45,2,[4 7],46,108,110,62,102
1,<environment.Job instance at 0x7f5833acfb40>,47,1,[2 6],48,110,111,62,102
1,<environment.Job instance at 0x7f5833acf870>,49,19,[5 5],50,131,150,81,121
1,<environment.Job instance at 0x7f5833aea460>,51,18,[4 8],52,131,149,79,125
1,<environment.Job instance at 0x7f5833aea780>,55,12,[10  1],56,149,161,93,132
1,<environment.Job instance at 0x7f5833aea280>,58,18,[4 6],59,154,172,95,154
1,<environment.Job instance at 0x7f5833aea910>,59,1,[ 5 14],60,172,173,112,154
1,<environment.Job instance at 0x7f5833ab3e60>,64,3,[7 4],65,169,172,104,169
1,<environment.Job instance at 0x7f5833ab3a00>,65,2,[4 5],66,169,171,103,169
1,<environment.Job instance at 0x7f57e9419c80>,14,18,[ 4 11],15,174,192,159,174
1,<environment.Job instance at 0x7f57e8fa60f0>,4,2,[1 6],5,5,7,0,5
1,<environment.Job instance at 0x7f57e8fa6690>,6,1,[5 1],7,7,8,0,7
1,<environment.Job instance at 0x7f57e8fa6370>,7,27,[ 2 11],8,8,35,0,8
1,<environment.Job instance at 0x7f57e8fa6500>,11,2,[7 1],12,15,17,3,15
1,<environment.Job instance at 0x7f57e8fa6280>,9,3,[11  2],10,17,20,7,15
1,<environment.Job instance at 0x7f5833aea9b0>,10,2,[3 9],11,35,37,24,16
1,<environment.Job instance at 0x7f57e8fa6050>,19,1,[8 2],20,20,21,0,20
1,<environment.Job instance at 0x7f57e8fc7f50>,23,12,[7 4],24,42,54,18,42
1,<environment.Job instance at 0x7f57e8fc7a00>,24,3,[ 3 10],25,42,45,17,42
1,<environment.Job instance at 0x7f57e8fc7460>,25,1,[7 3],26,45,46,19,42
1,<environment.Job instance at 0x7f57e8fc75f0>,26,3,[5 4],27,46,49,19,42
1,<environment.Job instance at 0x7f57e8fc74b0>,27,2,[7 2],28,49,51,21,42
1,<environment.Job instance at 0x7f57e8fc7550>,28,12,[ 4 10],29,51,63,22,45
1,<environment.Job instance at 0x7f57e8fc7e10>,29,1,[5 7],30,63,64,33,45
1,<environment.Job instance at 0x7f57e8fc7aa0>,31,3,[3 9],32,64,67,32,50
1,<environment.Job instance at 0x7f57e8fa6a00>,16,14,[6 4],17,54,68,37,52
1,<environment.Job instance at 0x7f57e8fc79b0>,36,13,[3 9],37,74,87,37,74
1,<environment.Job instance at 0x7f57e8fc70f0>,38,18,[1 5],39,93,111,54,93
1,<environment.Job instance at 0x7f57e8fa6d70>,17,3,[7 5],18,93,96,75,93
1,<environment.Job instance at 0x7f582cf0b550>,41,3,[1 9],42,96,99,54,93
1,<environment.Job instance at 0x7f582cec9e10>,44,16,[2 7],45,100,116,55,100
1,<environment.Job instance at 0x7f582cec9140>,45,1,[5 8],46,111,112,65,100
1,<environment.Job instance at 0x7f57e971a280>,47,2,[9 3],48,102,104,54,102
1,<environment.Job instance at 0x7f57e971aa50>,49,1,[5 4],50,118,119,68,118
1,<environment.Job instance at 0x7f57e971a5a0>,50,23,[9 4],51,118,141,67,118
1,<environment.Job instance at 0x7f57e971a6e0>,51,21,[8 2],52,141,162,89,133
1,<environment.Job instance at 0x7f57e971adc0>,52,21,[5 7],53,133,154,80,133
1,<environment.Job instance at 0x7f57e94fc3c0>,58,28,[10  4],59,162,190,103,161
1,<environment.Job instance at 0x7f57e968e9b0>,67,3,[6 3],68,190,193,122,190
1,<environment.Job instance at 0x7f57e968e550>,68,17,[12  1],69,193,210,124,190
1,<environment.Job instance at 0x7f582cf0b2d0>,40,19,[4 5],41,217,236,176,217
1,<environment.Job instance at 0x7f57e8fc7b90>,33,18,[5 5],34,217,235,183,217
1,<environment.Job instance at 0x7f57e968e2d0>,65,12,[7 1],66,235,247,169,223
1,<environment.Job instance at 0x7f582d145a50>,0,26,[4 9],1,1,27,0,1
1,<environment.Job instance at 0x7f57e8fe9aa0>,6,13,[9 3],7,7,20,0,7
1,<environment.Job instance at 0x7f582d1454b0>,2,16,[13  1],3,27,43,24,14
1,<environment.Job instance at 0x7f57e946b050>,10,14,[1 5],11,20,34,9,14
1,<environment.Job instance at 0x7f5833da1050>,11,18,[11  2],12,43,61,31,32
1,<environment.Job instance at 0x7f582cdfc690>,13,24,[ 5 11],14,61,85,47,56
1,<environment.Job instance at 0x7f5833daabe0>,20,13,[11  2],21,85,98,64,69
1,<environment.Job instance at 0x7f5833a9cbe0>,23,1,[10  5],24,98,99,74,77
1,<environment.Job instance at 0x7f57e8f1bb40>,25,2,[8 3],26,99,101,73,91
1,<environment.Job instance at 0x7f57e8e5f500>,26,3,[ 5 10],27,98,101,71,91
1,<environment.Job instance at 0x7f57e97d1a50>,27,16,[ 3 12],28,101,117,73,91
1,<environment.Job instance at 0x7f582cde0e10>,30,14,[10  1],31,108,122,77,108
1,<environment.Job instance at 0x7f57e93fb6e0>,31,3,[1 9],32,117,120,85,108
1,<environment.Job instance at 0x7f583378c550>,32,3,[7 1],33,122,125,89,108
1,<environment.Job instance at 0x7f5833daa7d0>,33,22,[5 2],34,120,142,86,113
1,<environment.Job instance at 0x7f582cf160a0>,35,17,[3 6],36,122,139,86,115
1,<environment.Job instance at 0x7f57e92eb050>,38,12,[ 4 10],39,139,151,100,125
1,<environment.Job instance at 0x7f57e9394460>,43,2,[3 5],44,142,144,98,138
1,<environment.Job instance at 0x7f57e93940a0>,45,18,[ 5 10],46,151,169,105,140
1,<environment.Job instance at 0x7f57e93945a0>,46,25,[6 3],47,153,178,106,153
1,<environment.Job instance at 0x7f582cd2a3c0>,50,2,[5 4],51,169,171,118,154
1,<environment.Job instance at 0x7f582cd2a960>,51,2,[3 8],52,169,171,117,154
1,<environment.Job instance at 0x7f582cd2a280>,52,1,[6 3],53,171,172,118,155
1,<environment.Job instance at 0x7f582cd2a410>,53,2,[14  3],54,178,180,124,155
1,<environment.Job instance at 0x7f582cd2a780>,54,1,[14  5],55,180,181,125,155
1,<environment.Job instance at 0x7f57e8f09960>,60,1,[8 1],61,172,173,111,158
1,<environment.Job instance at 0x7f582cd2ad20>,47,2,[6 3],48,173,175,125,161
1,<environment.Job instance at 0x7f5833da1820>,12,12,[ 5 13],13,181,193,168,164
1,<environment.Job instance at 0x7f57e8f09690>,62,2,[3 6],63,174,176,111,174
1,<environment.Job instance at 0x7f582d24cbe0>,66,3,[5 8],67,193,196,126,178
1,<environment.Job instance at 0x7f582d24cd70>,67,20,[1 8],68,196,216,128,187
1,<environment.Job instance at 0x7f582d228280>,63,1,[12  4],64,214,215,150,214
1,<environment.Job instance at 0x7f57e8f177d0>,0,2,[ 2 12],1,1,3,0,1
1,<environment.Job instance at 0x7f582cd5eaa0>,1,21,[4 9],2,3,24,1,2
1,<environment.Job instance at 0x7f5833d8e960>,5,23,[8 4],6,6,29,0,6
1,<environment.Job instance at 0x7f58341890f0>,7,20,[5 7],8,24,44,16,15
1,<environment.Job instance at 0x7f57e8f18a50>,16,1,[7 4],17,29,30,12,23
1,<environment.Job instance at 0x7f57e910a820>,14,15,[11  1],15,44,59,29,30
1,<environment.Job instance at 0x7f582d0cf690>,22,1,[5 1],23,59,60,36,44
1,<environment.Job instance at 0x7f58337efdc0>,25,1,[6 4],26,59,60,33,44
1,<environment.Job instance at 0x7f5833a1e230>,27,1,[5 1],28,60,61,32,44
1,<environment.Job instance at 0x7f57e9661c80>,28,13,[2 5],29,49,62,20,49
1,<environment.Job instance at 0x7f58337594b0>,29,1,[8 1],30,60,61,30,49
1,<environment.Job instance at 0x7f582cc26190>,30,24,[7 2],31,61,85,30,56
1,<environment.Job instance at 0x7f5833adf140>,32,15,[ 2 10],33,62,77,29,57
1,<environment.Job instance at 0x7f57e92a0c30>,33,3,[10  3],34,85,88,51,59
1,<environment.Job instance at 0x7f582cca2230>,35,15,[ 1 12],36,77,92,41,66
1,<environment.Job instance at 0x7f582cca2730>,36,19,[2 9],37,92,111,55,82
1,<environment.Job instance at 0x7f58338f7870>,38,20,[ 1 10],39,111,131,72,102
1,<environment.Job instance at 0x7f582cdc5a00>,42,2,[5 7],43,131,133,88,105
1,<environment.Job instance at 0x7f582cdc5550>,48,2,[ 1 13],49,133,135,84,121
1,<environment.Job instance at 0x7f582cdc5690>,46,16,[1 6],47,135,151,88,124
1,<environment.Job instance at 0x7f57e8fe7f00>,51,28,[5 1],52,134,162,82,134
1,<environment.Job instance at 0x7f58341895a0>,8,16,[4 8],9,138,154,129,138
1,<environment.Job instance at 0x7f57e8fe7730>,56,3,[7 4],57,154,157,97,139
1,<environment.Job instance at 0x7f57e8fe75f0>,58,2,[7 4],59,157,159,98,141
1,<environment.Job instance at 0x7f57e90907d0>,59,2,[5 1],60,151,153,91,143
1,<environment.Job instance at 0x7f57e91bfaf0>,62,13,[9 1],63,159,172,96,154
1,<environment.Job instance at 0x7f57e90908c0>,63,23,[7 4],64,172,195,108,166
1,<environment.Job instance at 0x7f57e8fe7e60>,53,12,[3 8],54,167,179,113,167
1,<environment.Job instance at 0x7f58338f7960>,39,18,[2 7],40,179,197,139,173
1,<environment.Job instance at 0x7f58338a70f0>,68,18,[13  5],69,195,213,126,184
1,<environment.Job instance at 0x7f57e8f4d870>,21,20,[ 5 13],22,213,233,191,204
1,<environment.Job instance at 0x7f5834288820>,3,3,[13  5],4,4,7,0,4
1,<environment.Job instance at 0x7f57e9633280>,4,3,[4 5],5,7,10,2,5
1,<environment.Job instance at 0x7f57e9371be0>,6,27,[5 2],7,10,37,3,10
1,<environment.Job instance at 0x7f58342ad5a0>,10,22,[2 5],11,15,37,4,15
1,<environment.Job instance at 0x7f57e97cc730>,16,1,[2 6],17,17,18,0,17
1,<environment.Job instance at 0x7f57e936d140>,18,18,[5 8],19,36,54,17,36
1,<environment.Job instance at 0x7f57e936d690>,24,28,[4 5],25,37,65,12,36
1,<environment.Job instance at 0x7f57e936d8c0>,27,2,[ 5 13],28,65,67,37,45
1,<environment.Job instance at 0x7f57e936db90>,29,1,[4 5],30,54,55,24,46
1,<environment.Job instance at 0x7f57e936dbe0>,30,13,[5 6],31,67,80,36,57
1,<environment.Job instance at 0x7f57e936dc80>,31,25,[10  1],32,57,82,25,57
1,<environment.Job instance at 0x7f57e936d9b0>,36,3,[5 1],37,80,83,43,73
1,<environment.Job instance at 0x7f57e936df50>,37,1,[2 6],38,82,83,44,73
1,<environment.Job instance at 0x7f57e936f050>,42,2,[1 7],43,104,106,61,104
1,<environment.Job instance at 0x7f582cf72640>,19,17,[2 6],20,105,122,85,105
1,<environment.Job instance at 0x7f57e936f6e0>,46,15,[3 5],47,107,122,60,107
1,<environment.Job instance at 0x7f57e936f4b0>,48,2,[7 5],49,122,124,73,112
1,<environment.Job instance at 0x7f57e936f960>,50,12,[10  1],51,124,136,73,112
1,<environment.Job instance at 0x7f57e936fa00>,51,1,[5 5],52,122,123,70,112
1,<environment.Job instance at 0x7f57e936fb40>,53,12,[10  1],54,136,148,82,120
1,<environment.Job instance at 0x7f57e936d5f0>,23,14,[ 5 10],24,128,142,104,128
1,<environment.Job instance at 0x7f57e9371b40>,7,14,[ 3 14],8,142,156,134,129
1,<environment.Job instance at 0x7f57e936ffa0>,58,2,[10  5],59,156,158,97,135
1,<environment.Job instance at 0x7f57e936fd20>,56,18,[8 1],57,158,176,101,152
1,<environment.Job instance at 0x7f57e936f780>,59,28,[6 1],60,158,186,98,157
1,<environment.Job instance at 0x7f57e936f7d0>,57,2,[1 8],58,157,159,99,157
1,<environment.Job instance at 0x7f57e936f730>,47,25,[9 4],48,183,208,135,183
1,<environment.Job instance at 0x7f57e938c370>,62,18,[ 2 12],63,208,226,145,202
1,<environment.Job instance at 0x7f57e938c960>,3,24,[5 3],4,5,29,1,5
1,<environment.Job instance at 0x7f57e938c910>,7,2,[11  4],8,29,31,21,12
1,<environment.Job instance at 0x7f58338e7e10>,13,16,[ 1 12],14,31,47,17,18
1,<environment.Job instance at 0x7f58338e7730>,18,19,[ 3 11],19,47,66,28,37
1,<environment.Job instance at 0x7f57e9691280>,23,3,[8 2],24,51,54,27,51
1,<environment.Job instance at 0x7f57e96910a0>,25,3,[5 3],26,65,68,39,65
1,<environment.Job instance at 0x7f57e9691690>,26,21,[5 5],27,66,87,39,65
1,<environment.Job instance at 0x7f57e9691dc0>,27,3,[1 9],28,68,71,40,65
1,<environment.Job instance at 0x7f57e9691a00>,29,15,[10  2],30,71,86,41,68
1,<environment.Job instance at 0x7f57e96917d0>,31,1,[4 5],32,86,87,54,78
1,<environment.Job instance at 0x7f57e9691820>,32,3,[8 1],33,87,90,54,78
1,<environment.Job instance at 0x7f57e9691780>,35,3,[10  4],36,93,96,57,93
1,<environment.Job instance at 0x7f57e9691aa0>,36,1,[ 4 10],37,93,94,56,93
1,<environment.Job instance at 0x7f57e9691d70>,37,13,[14  4],38,96,109,58,93
1,<environment.Job instance at 0x7f582cf34960>,39,2,[5 8],40,109,111,69,95
1,<environment.Job instance at 0x7f57e9375280>,11,28,[9 4],12,109,137,97,108
1,<environment.Job instance at 0x7f582cf340a0>,43,17,[9 1],44,137,154,93,126
1,<environment.Job instance at 0x7f582cf34f50>,45,1,[1 9],46,126,127,80,126
1,<environment.Job instance at 0x7f582cf343c0>,46,21,[5 5],47,127,148,80,126
1,<environment.Job instance at 0x7f582cf34d70>,53,2,[13  2],54,154,156,100,140
1,<environment.Job instance at 0x7f57e901fd70>,55,25,[1 6],56,145,170,89,145
1,<environment.Job instance at 0x7f57e901f280>,56,1,[5 5],57,148,149,91,145
1,<environment.Job instance at 0x7f57e901f780>,58,3,[ 1 10],59,170,173,111,155
1,<environment.Job instance at 0x7f57e901fdc0>,59,3,[9 3],60,156,159,96,155
1,<environment.Job instance at 0x7f57e901fb40>,60,27,[11  2],61,159,186,98,157
1,<environment.Job instance at 0x7f582cf34a00>,44,22,[4 9],45,173,195,128,167
1,<environment.Job instance at 0x7f58339aeaf0>,4,15,[5 6],5,186,201,181,175
1,<environment.Job instance at 0x7f57e938c7d0>,8,12,[9 3],9,195,207,186,180
1,<environment.Job instance at 0x7f57e901f0a0>,62,20,[ 5 10],63,207,227,144,207
1,<environment.Job instance at 0x7f57e901fe10>,65,24,[8 3],66,208,232,142,208
1,<environment.Job instance at 0x7f582d2c3910>,2,1,[5 9],3,3,4,0,3
1,<environment.Job instance at 0x7f57e96d2dc0>,3,1,[2 6],4,4,5,0,4
1,<environment.Job instance at 0x7f582d098550>,7,24,[5 9],8,8,32,0,8
1,<environment.Job instance at 0x7f582d098aa0>,11,28,[3 6],12,15,43,3,15
1,<environment.Job instance at 0x7f582d1047d0>,16,12,[8 4],17,32,44,15,22
1,<environment.Job instance at 0x7f582cccd190>,18,2,[4 6],19,43,45,24,27
1,<environment.Job instance at 0x7f582cccd550>,19,26,[2 6],20,44,70,24,41
1,<environment.Job instance at 0x7f58339b7d70>,20,20,[9 3],21,44,64,23,41
1,<environment.Job instance at 0x7f582d06a8c0>,27,1,[ 1 13],28,70,71,42,54
1,<environment.Job instance at 0x7f58337e1c30>,28,26,[8 2],29,64,90,35,61
1,<environment.Job instance at 0x7f582cf39fa0>,35,25,[ 3 14],36,90,115,54,86
1,<environment.Job instance at 0x7f582cf39d70>,38,3,[10  2],39,115,118,76,92
1,<environment.Job instance at 0x7f57e97cfbe0>,40,2,[4 6],41,115,117,74,95
1,<environment.Job instance at 0x7f57e97cf370>,41,3,[ 4 13],42,117,120,75,95
1,<environment.Job instance at 0x7f57e97cfaa0>,44,27,[13  3],45,120,147,75,118
1,<environment.Job instance at 0x7f5833883f50>,47,1,[8 1],48,147,148,99,123
1,<environment.Job instance at 0x7f5833883eb0>,51,2,[3 9],52,147,149,95,131
1,<environment.Job instance at 0x7f582d281820>,54,13,[10  5],55,148,161,93,144
1,<environment.Job instance at 0x7f57e9328e10>,55,19,[1 5],56,149,168,93,144
1,<environment.Job instance at 0x7f5833e2e910>,57,1,[10  2],58,161,162,103,144
1,<environment.Job instance at 0x7f5833e2e3c0>,59,1,[9 4],60,162,163,102,158
1,<environment.Job instance at 0x7f582d3324b0>,60,18,[9 2],61,163,181,102,158
1,<environment.Job instance at 0x7f582d332550>,63,3,[3 9],64,170,173,106,170
1,<environment.Job instance at 0x7f57e93e1cd0>,64,27,[6 1],65,173,200,108,171
1,<environment.Job instance at 0x7f582ccbd5a0>,17,16,[1 8],18,181,197,163,171
1,<environment.Job instance at 0x7f582cf399b0>,37,12,[1 6],38,181,193,143,173
1,<environment.Job instance at 0x7f57e916fcd0>,66,17,[ 5 11],67,197,214,130,189
1,<environment.Job instance at 0x7f57e916f050>,68,3,[3 8],69,214,217,145,191
1,<environment.Job instance at 0x7f5833a2bb40>,62,17,[9 4],63,205,222,142,205
1,<environment.Job instance at 0x7f57e938c190>,3,24,[10  2],4,9,33,5,9
1,<environment.Job instance at 0x7f57e90540a0>,9,3,[10  1],10,33,36,23,11
1,<environment.Job instance at 0x7f58341e4730>,11,2,[1 9],12,16,18,4,16
1,<environment.Job instance at 0x7f57e9054b40>,14,3,[9 3],15,36,39,21,18
1,<environment.Job instance at 0x7f582d342230>,16,1,[5 2],17,19,20,2,19
1,<environment.Job instance at 0x7f582d342050>,17,13,[10  4],18,39,52,21,23
1,<environment.Job instance at 0x7f5833a2bb40>,2,1,[1 8],3,32,33,29,32
1,<environment.Job instance at 0x7f57e93e18c0>,1,24,[14  3],2,52,76,50,47
1,<environment.Job instance at 0x7f57e8ebefa0>,20,13,[12  1],21,76,89,55,60
1,<environment.Job instance at 0x7f57e8ebec80>,18,13,[8 5],19,89,102,70,85
1,<environment.Job instance at 0x7f57e8ebee10>,19,13,[8 2],20,102,115,82,89
1,<environment.Job instance at 0x7f57e8ece140>,25,27,[4 5],26,89,116,63,89
1,<environment.Job instance at 0x7f57e8ece1e0>,24,3,[10  2],25,115,118,90,89
1,<environment.Job instance at 0x7f57e8ece460>,26,1,[12  2],27,118,119,91,90
1,<environment.Job instance at 0x7f57e8ece550>,33,3,[6 2],34,119,122,85,98
1,<environment.Job instance at 0x7f582d098870>,8,18,[5 9],9,119,137,110,108
1,<environment.Job instance at 0x7f57e8ebeeb0>,21,16,[ 5 11],22,137,153,115,124
1,<environment.Job instance at 0x7f57e8ecef00>,44,1,[5 5],45,130,131,85,130
1,<environment.Job instance at 0x7f57e8ece8c0>,36,25,[7 3],37,131,156,94,130
1,<environment.Job instance at 0x7f57e8e9f280>,48,21,[5 1],49,153,174,104,145
1,<environment.Job instance at 0x7f57e8e9f2d0>,49,2,[8 2],50,156,158,106,145
1,<environment.Job instance at 0x7f57e8e9f410>,51,2,[6 1],52,158,160,106,145
1,<environment.Job instance at 0x7f57e8e9f550>,53,1,[7 3],54,160,161,106,145
1,<environment.Job instance at 0x7f57e8e9f5f0>,54,2,[2 5],55,153,155,98,145
1,<environment.Job instance at 0x7f57e8e9f730>,56,18,[5 5],57,161,179,104,159
1,<environment.Job instance at 0x7f57e8e9f7d0>,57,3,[ 1 10],58,174,177,116,161
1,<environment.Job instance at 0x7f57e8e9f910>,59,20,[5 9],60,177,197,117,168
1,<environment.Job instance at 0x7f57e8e9fc80>,63,3,[6 3],64,191,194,127,191
1,<environment.Job instance at 0x7f57e8e9fcd0>,64,2,[10  4],65,194,196,129,191
1,<environment.Job instance at 0x7f57e8e9fdc0>,65,3,[1 9],66,197,200,131,191
1,<environment.Job instance at 0x7f57e8e9fe10>,66,2,[5 2],67,196,198,129,191
1,<environment.Job instance at 0x7f57e8e9ff00>,67,3,[1 6],68,198,201,130,191
1,<environment.Job instance at 0x7f57e8e9f320>,47,21,[9 4],48,203,224,155,203
1,<environment.Job instance at 0x7f5834160410>,4,1,[13  5],5,5,6,0,5
1,<environment.Job instance at 0x7f57e94cd1e0>,6,1,[5 7],7,7,8,0,7
1,<environment.Job instance at 0x7f5833bcd550>,10,25,[5 3],11,12,37,1,12
1,<environment.Job instance at 0x7f5833bcdbe0>,15,2,[8 1],16,21,23,5,21
1,<environment.Job instance at 0x7f582cf8fe60>,16,13,[8 1],17,23,36,6,23
1,<environment.Job instance at 0x7f582cf8fd20>,17,1,[ 4 10],18,36,37,18,23
1,<environment.Job instance at 0x7f5833bcdeb0>,11,16,[11  2],12,37,53,25,34
1,<environment.Job instance at 0x7f57e8ee3eb0>,22,23,[3 7],23,47,70,24,47
1,<environment.Job instance at 0x7f57e8ee33c0>,26,3,[ 5 14],27,70,73,43,47
1,<environment.Job instance at 0x7f57e9455410>,33,1,[5 4],34,73,74,39,72
1,<environment.Job instance at 0x7f57e9455b40>,34,3,[8 2],35,73,76,38,72
1,<environment.Job instance at 0x7f582d2d55f0>,35,1,[1 8],36,73,74,37,72
1,<environment.Job instance at 0x7f582d2d5b40>,37,16,[11  1],38,77,93,39,77
1,<environment.Job instance at 0x7f582cfab370>,42,18,[2 5],43,108,126,65,108
1,<environment.Job instance at 0x7f582d11ed20>,45,1,[6 1],46,111,112,65,111
1,<environment.Job instance at 0x7f57e96835f0>,46,1,[ 5 10],47,112,113,65,111
1,<environment.Job instance at 0x7f582d0b2b90>,47,16,[ 5 13],48,126,142,78,113
1,<environment.Job instance at 0x7f57e9683e60>,48,1,[1 9],49,113,114,64,113
1,<environment.Job instance at 0x7f57e96e74b0>,49,2,[13  4],50,114,116,64,113
1,<environment.Job instance at 0x7f57e96e7280>,50,2,[5 2],51,116,118,65,113
1,<environment.Job instance at 0x7f582d148550>,52,1,[2 9],53,118,119,65,115
1,<environment.Job instance at 0x7f582d148730>,53,20,[ 5 12],54,142,162,88,133
1,<environment.Job instance at 0x7f5833db59b0>,43,3,[5 3],44,142,145,98,133
1,<environment.Job instance at 0x7f582d148500>,54,2,[ 5 11],55,162,164,107,138
1,<environment.Job instance at 0x7f582cbb8e60>,61,2,[ 5 11],62,164,166,102,140
1,<environment.Job instance at 0x7f5833ada5a0>,64,1,[6 1],65,145,146,80,144
1,<environment.Job instance at 0x7f57e8ee3d20>,27,16,[5 4],28,162,178,134,162
1,<environment.Job instance at 0x7f582cf8fe10>,19,28,[3 9],20,166,194,146,166
1,<environment.Job instance at 0x7f57e9055aa0>,5,3,[10  5],6,6,9,0,6
1,<environment.Job instance at 0x7f58336e3500>,6,16,[13  1],7,9,25,2,8
1,<environment.Job instance at 0x7f582cbf3fa0>,11,1,[6 3],12,25,26,13,12
1,<environment.Job instance at 0x7f582d351550>,16,27,[2 9],17,18,45,1,18
1,<environment.Job instance at 0x7f57e9638fa0>,19,18,[10  2],20,26,44,6,26
1,<environment.Job instance at 0x7f5833c375a0>,21,1,[10  1],22,44,45,22,30
1,<environment.Job instance at 0x7f5833756870>,22,22,[8 1],23,45,67,22,38
1,<environment.Job instance at 0x7f57e9623e60>,25,3,[ 1 13],26,45,48,19,38
1,<environment.Job instance at 0x7f582cbf3c80>,13,3,[10  4],14,67,70,53,42
1,<environment.Job instance at 0x7f582d03d370>,26,2,[14  2],27,70,72,43,44
1,<environment.Job instance at 0x7f57e9623cd0>,27,15,[ 5 12],28,48,63,20,44
1,<environment.Job instance at 0x7f5833a2b500>,29,2,[10  2],30,72,74,42,56
1,<environment.Job instance at 0x7f57e977a460>,30,2,[14  4],31,74,76,43,57
1,<environment.Job instance at 0x7f582cc42b40>,32,2,[10  3],33,76,78,43,61
1,<environment.Job instance at 0x7f582cbe0f00>,33,1,[1 7],34,63,64,29,62
1,<environment.Job instance at 0x7f58339fbaf0>,23,14,[14  4],24,78,92,54,64
1,<environment.Job instance at 0x7f58337c4410>,36,3,[8 2],37,92,95,55,66
1,<environment.Job instance at 0x7f582d0b6410>,18,18,[ 5 10],19,92,110,73,88
1,<environment.Job instance at 0x7f58337c4140>,38,16,[13  2],39,110,126,71,97
1,<environment.Job instance at 0x7f58337c4a00>,39,14,[2 8],40,110,124,70,97
1,<environment.Job instance at 0x7f57e9606190>,41,14,[ 2 12],42,124,138,82,111
1,<environment.Job instance at 0x7f57e9606910>,49,1,[7 1],50,126,127,76,122
1,<environment.Job instance at 0x7f57e9606500>,50,3,[5 1],51,126,129,75,122
1,<environment.Job instance at 0x7f57e9606730>,51,2,[3 8],52,138,140,86,122
1,<environment.Job instance at 0x7f58337489b0>,52,18,[9 1],53,129,147,76,124
1,<environment.Job instance at 0x7f58337c4500>,34,16,[11  4],35,147,163,112,135
1,<environment.Job instance at 0x7f582cd36cd0>,62,18,[1 9],63,156,174,93,156
1,<environment.Job instance at 0x7f57e8edfa00>,63,2,[2 6],64,163,165,99,156
1,<environment.Job instance at 0x7f582cd36500>,65,1,[7 3],66,165,166,99,159
1,<environment.Job instance at 0x7f582cd36640>,66,3,[5 5],67,166,169,99,159
1,<environment.Job instance at 0x7f582cdb5aa0>,60,12,[4 6],61,201,213,140,201
1,<environment.Job instance at 0x7f57e9606320>,45,18,[5 6],46,203,221,157,203
1,<environment.Job instance at 0x7f57e96069b0>,44,17,[10  5],45,213,230,168,211
1,<environment.Job instance at 0x7fd65db40190>,0,18,[ 2 10],1,2,20,1,2
1,<environment.Job instance at 0x7fd6589e06e0>,8,17,[ 2 10],9,20,37,11,16
1,<environment.Job instance at 0x7fd6589e0640>,10,1,[7 3],11,16,17,5,16
1,<environment.Job instance at 0x7fd6589e04b0>,11,2,[3 9],12,37,39,25,16
1,<environment.Job instance at 0x7fd6589e0a50>,15,3,[10  2],16,32,35,16,32
1,<environment.Job instance at 0x7fd6589e0c30>,16,12,[1 8],17,39,51,22,33
1,<environment.Job instance at 0x7fd6589e0d20>,17,3,[10  3],18,35,38,17,33
1,<environment.Job instance at 0x7fd6589e0d70>,19,17,[12  3],20,48,65,28,48
1,<environment.Job instance at 0x7fd6589e40a0>,22,2,[12  3],23,65,67,42,49
1,<environment.Job instance at 0x7fd6589e42d0>,26,22,[2 9],27,51,73,24,50
1,<environment.Job instance at 0x7fd6589e4370>,27,2,[6 4],28,67,69,39,51
1,<environment.Job instance at 0x7fd6589e4410>,28,2,[5 9],29,73,75,44,52
1,<environment.Job instance at 0x7fd6589e4550>,30,1,[5 5],31,69,70,38,58
1,<environment.Job instance at 0x7fd6589e45f0>,31,17,[4 9],32,75,92,43,63
1,<environment.Job instance at 0x7fd6589e4be0>,33,2,[5 3],34,70,72,36,65
1,<environment.Job instance at 0x7fd6589e4b90>,34,3,[9 5],35,72,75,37,65
1,<environment.Job instance at 0x7fd6589e48c0>,36,2,[5 1],37,67,69,30,65
1,<environment.Job instance at 0x7fd6589e4cd0>,38,12,[3 6],39,79,91,40,79
1,<environment.Job instance at 0x7fd6589e4d70>,39,18,[5 8],40,92,110,52,81
1,<environment.Job instance at 0x7fd6589e4e10>,40,1,[1 8],41,110,111,69,82
1,<environment.Job instance at 0x7fd6589e50a0>,43,28,[6 4],44,91,119,47,90
1,<environment.Job instance at 0x7fd6589e50f0>,44,17,[ 5 12],45,119,136,74,107
1,<environment.Job instance at 0x7fd6589e52d0>,47,1,[2 6],48,111,112,63,107
1,<environment.Job instance at 0x7fd6589e5aa0>,49,2,[1 9],50,112,114,62,107
1,<environment.Job instance at 0x7fd6589e5c80>,50,27,[9 1],51,114,141,63,112
1,<environment.Job instance at 0x7fd6589e5dc0>,51,2,[4 9],52,136,138,84,112
1,<environment.Job instance at 0x7fd6589e5f00>,52,3,[ 3 11],53,138,141,85,112
1,<environment.Job instance at 0x7fd6589e5e10>,53,18,[ 4 12],54,141,159,87,130
1,<environment.Job instance at 0x7fd6589e8190>,57,3,[8 4],58,159,162,101,137
1,<environment.Job instance at 0x7fd6589e8460>,58,1,[5 7],59,159,160,100,137
1,<environment.Job instance at 0x7fd6589e8370>,60,24,[ 3 10],61,160,184,99,155
1,<environment.Job instance at 0x7fd6589e84b0>,61,2,[9 2],62,155,157,93,155
1,<environment.Job instance at 0x7fd6589e8550>,62,20,[9 1],63,162,182,99,155
1,<environment.Job instance at 0x7fd6589e8dc0>,67,26,[5 4],68,182,208,114,179
1,<environment.Job instance at 0x7fd6589e8e60>,68,22,[5 6],69,184,206,115,179
1,<environment.Job instance at 0x7fd6589e8c80>,71,1,[8 2],72,206,207,134,180
1,<environment.Job instance at 0x7fd6589e7280>,74,1,[6 2],75,207,208,132,184
1,<environment.Job instance at 0x7fd6589e73c0>,75,3,[6 4],76,208,211,132,184
1,<environment.Job instance at 0x7fd6589e70f0>,78,19,[8 4],79,208,227,129,198
1,<environment.Job instance at 0x7fd6589e77d0>,0,2,[10  3],1,1,3,0,1
1,<environment.Job instance at 0x7fd6589e7410>,1,17,[ 4 14],2,3,20,1,2
1,<environment.Job instance at 0x7fd65db69820>,5,19,[14  4],6,20,39,14,10
1,<environment.Job instance at 0x7fd65dcb4320>,17,3,[5 3],18,39,42,21,19
1,<environment.Job instance at 0x7fd65dcb1230>,22,27,[ 3 13],23,42,69,19,40
1,<environment.Job instance at 0x7fd65dcb1c80>,28,20,[5 7],29,69,89,40,60
1,<environment.Job instance at 0x7fd65dcb1820>,29,3,[5 3],30,69,72,39,60
1,<environment.Job instance at 0x7fd65dcb16e0>,30,20,[5 7],31,72,92,41,63
1,<environment.Job instance at 0x7fd65dcb1f00>,31,18,[ 3 13],32,92,110,60,81
1,<environment.Job instance at 0x7fd65db6cf00>,37,18,[ 3 12],38,110,128,72,99
1,<environment.Job instance at 0x7fd65db6c370>,40,2,[5 6],41,128,130,87,101
1,<environment.Job instance at 0x7fd65db6c730>,41,18,[11  5],42,130,148,88,119
1,<environment.Job instance at 0x7fd65dcb2190>,53,3,[2 9],54,139,142,85,139
1,<environment.Job instance at 0x7fd65dcb22d0>,55,15,[ 3 14],56,148,163,92,148
1,<environment.Job instance at 0x7fd65dcb2be0>,57,12,[14  5],58,163,175,105,148
1,<environment.Job instance at 0x7fd65dcb2230>,58,14,[5 1],59,148,162,89,148
1,<environment.Job instance at 0x7fd65dcb2d70>,59,3,[1 7],60,163,166,103,148
1,<environment.Job instance at 0x7fd65dcb28c0>,62,2,[4 9],63,175,177,112,164
1,<environment.Job instance at 0x7fd65db6a910>,67,3,[ 2 10],68,195,198,127,195
1,<environment.Job instance at 0x7fd65db6a960>,69,3,[5 5],70,207,210,137,207
1,<environment.Job instance at 0x7fd65db6aaf0>,71,16,[1 9],72,207,223,135,207
1,<environment.Job instance at 0x7fd65db6a6e0>,73,1,[5 6],74,210,211,136,207
1,<environment.Job instance at 0x7fd65db6aeb0>,74,2,[8 5],75,211,213,136,207
1,<environment.Job instance at 0x7fd65db6a0f0>,76,2,[8 2],77,213,215,136,207
1,<environment.Job instance at 0x7fd65dcba7d0>,2,1,[10  1],3,3,4,0,3
1,<environment.Job instance at 0x7fd614cdc6e0>,6,22,[11  3],7,7,29,0,7
1,<environment.Job instance at 0x7fd614cd8b40>,14,1,[9 4],15,29,30,14,15
1,<environment.Job instance at 0x7fd614cd8870>,15,25,[3 9],16,17,42,1,17
1,<environment.Job instance at 0x7fd614cd8dc0>,16,1,[7 4],17,30,31,13,17
1,<environment.Job instance at 0x7fd614cad6e0>,21,1,[5 1],22,30,31,8,26
1,<environment.Job instance at 0x7fd614cad5f0>,22,2,[8 2],23,31,33,8,26
1,<environment.Job instance at 0x7fd614cad190>,23,1,[3 9],24,42,43,18,26
1,<environment.Job instance at 0x7fd614d23410>,26,26,[9 1],27,43,69,16,43
1,<environment.Job instance at 0x7fd614d231e0>,29,17,[9 2],30,69,86,39,58
1,<environment.Job instance at 0x7fd614cd87d0>,19,23,[2 8],20,58,81,38,58
1,<environment.Job instance at 0x7fd614d23140>,36,23,[5 8],37,81,104,44,77
1,<environment.Job instance at 0x7fd614cd11e0>,37,3,[4 9],38,104,107,66,78
1,<environment.Job instance at 0x7fd614cd1dc0>,38,2,[ 3 10],39,107,109,68,80
1,<environment.Job instance at 0x7fd614cd1fa0>,39,1,[10  3],40,86,87,46,80
1,<environment.Job instance at 0x7fd614cd1870>,41,2,[12  1],42,107,109,65,80
1,<environment.Job instance at 0x7fd614cd1460>,43,27,[5 3],44,109,136,65,107
1,<environment.Job instance at 0x7fd65dcbbf50>,5,3,[5 5],6,109,112,103,109
1,<environment.Job instance at 0x7fd614cd1050>,46,13,[5 1],47,109,122,62,109
1,<environment.Job instance at 0x7fd614cd13c0>,45,17,[5 9],46,113,130,67,113
1,<environment.Job instance at 0x7fd614cdc8c0>,8,18,[4 6],9,130,148,121,121
1,<environment.Job instance at 0x7fd614cd1cd0>,50,17,[2 9],51,136,153,85,127
1,<environment.Job instance at 0x7fd614cd1820>,49,3,[ 4 12],50,153,156,103,138
1,<environment.Job instance at 0x7fd614d24e60>,57,18,[ 1 10],58,156,174,98,145
1,<environment.Job instance at 0x7fd614d24cd0>,58,28,[7 4],59,156,184,97,155
1,<environment.Job instance at 0x7fd614d26460>,64,28,[9 1],65,184,212,119,183
1,<environment.Job instance at 0x7fd614d24550>,51,18,[ 5 11],52,185,203,133,185
1,<environment.Job instance at 0x7fd614db18c0>,71,13,[3 6],72,203,216,131,195
1,<environment.Job instance at 0x7fd614db1e60>,76,3,[7 5],77,212,215,135,205
1,<environment.Job instance at 0x7fd614db1fa0>,77,3,[4 9],78,215,218,137,205
1,<environment.Job instance at 0x7fd614db1230>,78,18,[3 8],79,218,236,139,209
1,<environment.Job instance at 0x7fd614cd1730>,48,22,[9 2],49,216,238,167,209
1,<environment.Job instance at 0x7fd65dcba9b0>,0,28,[7 3],1,1,29,0,1
1,<environment.Job instance at 0x7fd614dde730>,5,3,[6 4],6,6,9,0,6
1,<environment.Job instance at 0x7fd614de2b40>,13,14,[3 5],14,14,28,0,14
1,<environment.Job instance at 0x7fd614ddeaf0>,14,17,[1 9],15,28,45,13,16
1,<environment.Job instance at 0x7fd614de2870>,15,2,[9 2],16,29,31,13,16
1,<environment.Job instance at 0x7fd614de24b0>,16,2,[5 1],17,17,19,0,17
1,<environment.Job instance at 0x7fd6150496e0>,17,1,[1 7],18,19,20,1,18
1,<environment.Job instance at 0x7fd615049f00>,18,12,[12  2],19,31,43,12,19
1,<environment.Job instance at 0x7fd614de2b90>,20,2,[8 3],21,43,45,22,22
1,<environment.Job instance at 0x7fd6150497d0>,21,19,[ 3 14],22,45,64,23,35
1,<environment.Job instance at 0x7fd615049190>,22,2,[14  5],23,64,66,41,37
1,<environment.Job instance at 0x7fd615049f50>,23,21,[9 5],24,66,87,42,58
1,<environment.Job instance at 0x7fd614c915f0>,29,1,[8 5],30,87,88,57,70
1,<environment.Job instance at 0x7fd614c914b0>,30,1,[9 5],31,88,89,57,70
1,<environment.Job instance at 0x7fd614c91f00>,31,18,[ 5 14],32,89,107,57,78
1,<environment.Job instance at 0x7fd614c91050>,38,1,[ 5 14],39,109,110,70,109
1,<environment.Job instance at 0x7fd615302820>,41,16,[6 2],42,111,127,69,111
1,<environment.Job instance at 0x7fd615302f00>,43,3,[14  5],44,127,130,83,112
1,<environment.Job instance at 0x7fd614ea10a0>,51,3,[3 6],52,130,133,78,127
1,<environment.Job instance at 0x7fd614ea11e0>,52,1,[13  3],53,133,134,80,127
1,<environment.Job instance at 0x7fd614ea1820>,53,18,[9 2],54,134,152,80,128
1,<environment.Job instance at 0x7fd614ea1b90>,55,1,[8 2],56,152,153,96,144
1,<environment.Job instance at 0x7fd614ea15f0>,57,1,[4 8],58,144,145,86,144
1,<environment.Job instance at 0x7fd614dbcc80>,64,1,[3 8],65,173,174,108,173
1,<environment.Job instance at 0x7fd615095d20>,48,17,[12  1],49,191,208,142,191
1,<environment.Job instance at 0x7fd615049230>,25,12,[12  4],26,208,220,182,200
1,<environment.Job instance at 0x7fd614dbc870>,68,1,[12  5],69,220,221,151,207
1,<environment.Job instance at 0x7fd614dbc7d0>,73,2,[3 5],74,208,210,134,208
1,<environment.Job instance at 0x7fd614e16550>,75,2,[4 6],76,221,223,145,210
1,<environment.Job instance at 0x7fd614e16f00>,76,2,[6 5],77,221,223,144,210
1,<environment.Job instance at 0x7fd614e164b0>,78,3,[5 1],79,221,224,142,210
1,<environment.Job instance at 0x7fd614e164b0>,2,2,[9 3],3,3,5,0,3
1,<environment.Job instance at 0x7fd61508f910>,1,18,[ 4 13],2,5,23,3,3
1,<environment.Job instance at 0x7fd614cd8cd0>,5,2,[2 6],6,23,25,17,9
1,<environment.Job instance at 0x7fd614dc1190>,8,2,[1 7],9,23,25,14,12
1,<environment.Job instance at 0x7fd614db20a0>,7,16,[ 5 13],8,25,41,17,14
1,<environment.Job instance at 0x7fd614ca2280>,14,18,[13  2],15,41,59,26,30
1,<environment.Job instance at 0x7fd614db2dc0>,12,2,[6 1],13,31,33,18,31
1,<environment.Job instance at 0x7fd614db2820>,9,3,[8 4],10,59,62,49,43
1,<environment.Job instance at 0x7fd6150d5320>,26,20,[6 2],27,59,79,32,51
1,<environment.Job instance at 0x7fd6150dd230>,27,2,[5 9],28,62,64,34,51
1,<environment.Job instance at 0x7fd6150dd370>,29,1,[4 6],30,64,65,34,56
1,<environment.Job instance at 0x7fd6150dd3c0>,30,1,[2 5],31,56,57,25,56
1,<environment.Job instance at 0x7fd6150dd7d0>,33,1,[2 8],34,66,67,32,66
1,<environment.Job instance at 0x7fd6150dd910>,35,16,[2 6],36,81,97,45,81
1,<environment.Job instance at 0x7fd6150dda50>,37,16,[ 3 10],38,97,113,59,85
1,<environment.Job instance at 0x7fd6150ddbe0>,39,22,[1 6],40,113,135,73,106
1,<environment.Job instance at 0x7fd6150ddd20>,41,25,[10  4],42,106,131,64,106
1,<environment.Job instance at 0x7fd6150d5be0>,24,12,[3 5],25,113,125,88,107
1,<environment.Job instance at 0x7fd6150de0f0>,50,17,[7 1],51,131,148,80,125
1,<environment.Job instance at 0x7fd6150de050>,51,18,[3 8],52,131,149,79,125
1,<environment.Job instance at 0x7fd6150de960>,57,27,[9 5],58,148,175,90,146
1,<environment.Job instance at 0x7fd6150de460>,53,24,[3 6],54,150,174,96,150
1,<environment.Job instance at 0x7fd6150dec30>,61,3,[10  4],62,175,178,113,152
1,<environment.Job instance at 0x7fd6150ded70>,63,2,[ 3 14],64,178,180,114,158
1,<environment.Job instance at 0x7fd6150da190>,69,1,[10  5],70,180,181,110,168
1,<environment.Job instance at 0x7fd6150da280>,71,2,[7 4],72,181,183,109,168
1,<environment.Job instance at 0x7fd6150ddfa0>,44,22,[1 9],45,180,202,135,176
1,<environment.Job instance at 0x7fd6150da460>,74,3,[ 3 12],75,202,205,127,177
1,<environment.Job instance at 0x7fd6150da500>,75,27,[5 5],76,205,232,129,203
1,<environment.Job instance at 0x7fd6150da5a0>,76,22,[2 8],77,205,227,128,204
1,<environment.Job instance at 0x7fd6150da4b0>,73,18,[8 1],74,206,224,132,206
1,<environment.Job instance at 0x7fd6150da6e0>,78,13,[14  4],79,232,245,153,216
1,<environment.Job instance at 0x7fd6150deeb0>,3,27,[7 5],4,11,38,7,11
1,<environment.Job instance at 0x7fd65b386320>,7,13,[4 6],8,17,30,9,17
1,<environment.Job instance at 0x7fd658b05c80>,15,25,[3 7],16,30,55,14,26
1,<environment.Job instance at 0x7fd658b055f0>,20,1,[ 4 12],21,55,56,34,37
1,<environment.Job instance at 0x7fd658b05af0>,21,1,[10  1],22,38,39,16,37
1,<environment.Job instance at 0x7fd658b052d0>,23,1,[5 2],24,40,41,16,40
1,<environment.Job instance at 0x7fd658b05280>,24,12,[13  3],25,56,68,31,40
1,<environment.Job instance at 0x7fd65b6b2820>,28,21,[9 5],29,68,89,39,60
1,<environment.Job instance at 0x7fd65b6b2280>,29,3,[12  1],30,89,92,59,65
1,<environment.Job instance at 0x7fd65b6b25a0>,31,1,[5 5],32,71,72,39,71
1,<environment.Job instance at 0x7fd65b386140>,13,16,[3 5],14,72,88,58,71
1,<environment.Job instance at 0x7fd65b6b2fa0>,33,2,[ 4 10],34,92,94,58,75
1,<environment.Job instance at 0x7fd65b6b2190>,38,3,[ 2 10],39,88,91,49,79
1,<environment.Job instance at 0x7fd65b0a7be0>,39,16,[ 5 13],40,94,110,54,82
1,<environment.Job instance at 0x7fd65b0a7690>,40,3,[9 1],41,92,95,51,82
1,<environment.Job instance at 0x7fd65b0a7dc0>,41,2,[5 6],42,110,112,68,83
1,<environment.Job instance at 0x7fd65b0a7af0>,44,14,[ 3 14],45,112,126,67,97
1,<environment.Job instance at 0x7fd65b0a7c80>,45,24,[3 9],46,126,150,80,121
1,<environment.Job instance at 0x7fd65b0a7cd0>,47,3,[10  3],48,126,129,78,121
1,<environment.Job instance at 0x7fd65b4fc0f0>,50,1,[2 9],51,150,151,99,122
1,<environment.Job instance at 0x7fd65b4fc640>,51,3,[9 3],52,129,132,77,122
1,<environment.Job instance at 0x7fd65b4fceb0>,54,15,[ 1 10],55,151,166,96,137
1,<environment.Job instance at 0x7fd65b4fca00>,55,1,[12  4],56,137,138,81,137
1,<environment.Job instance at 0x7fd65b4fc410>,56,2,[9 2],57,138,140,81,138
1,<environment.Job instance at 0x7fd65b4fc0a0>,59,3,[8 5],60,140,143,80,139
1,<environment.Job instance at 0x7fd6151142d0>,61,15,[14  1],62,151,166,89,151
1,<environment.Job instance at 0x7fd615114af0>,62,27,[5 5],63,166,193,103,164
1,<environment.Job instance at 0x7fd615114fa0>,64,25,[1 7],65,166,191,101,165
1,<environment.Job instance at 0x7fd65b386d70>,11,18,[5 7],12,191,209,179,186
1,<environment.Job instance at 0x7fd615114780>,72,12,[4 9],73,209,221,136,192
1,<environment.Job instance at 0x7fd6151144b0>,76,27,[5 8],77,221,248,144,219
1,<environment.Job instance at 0x7fd615229f50>,1,24,[4 8],2,2,26,0,2
1,<environment.Job instance at 0x7fd6587d2190>,11,1,[11  1],12,12,13,0,12
1,<environment.Job instance at 0x7fd658ab7cd0>,17,18,[6 2],18,20,38,2,20
1,<environment.Job instance at 0x7fd6151caf50>,18,3,[9 1],19,26,29,7,20
1,<environment.Job instance at 0x7fd614cd5870>,21,24,[1 9],22,31,55,9,31
1,<environment.Job instance at 0x7fd614fdcd70>,22,3,[ 3 10],23,55,58,32,31
1,<environment.Job instance at 0x7fd658a611e0>,24,1,[2 5],25,38,39,13,36
1,<environment.Job instance at 0x7fd658a61aa0>,25,2,[9 3],26,39,41,13,36
1,<environment.Job instance at 0x7fd614fb14b0>,27,23,[10  4],28,41,64,13,38
1,<environment.Job instance at 0x7fd614fb1730>,29,3,[3 6],30,58,61,28,45
1,<environment.Job instance at 0x7fd65b1d4460>,33,3,[ 5 13],34,64,67,30,58
1,<environment.Job instance at 0x7fd65b138f00>,34,13,[1 9],35,67,80,32,58
1,<environment.Job instance at 0x7fd65b03a140>,14,2,[4 9],15,80,82,65,72
1,<environment.Job instance at 0x7fd614dfcd70>,37,1,[11  4],38,74,75,36,74
1,<environment.Job instance at 0x7fd614dfcc30>,38,1,[5 3],39,75,76,36,74
1,<environment.Job instance at 0x7fd65b598c30>,6,14,[8 1],7,77,91,70,77
1,<environment.Job instance at 0x7fd61502f870>,43,1,[8 5],44,92,93,48,92
1,<environment.Job instance at 0x7fd61502f2d0>,45,24,[10  2],46,93,117,47,92
1,<environment.Job instance at 0x7fd61502faa0>,47,18,[1 7],48,106,124,58,106
1,<environment.Job instance at 0x7fd61502fc80>,48,19,[1 6],49,106,125,57,106
1,<environment.Job instance at 0x7fd614e28cd0>,49,27,[14  1],50,124,151,74,122
1,<environment.Job instance at 0x7fd614eb90f0>,52,2,[11  4],53,151,153,98,128
1,<environment.Job instance at 0x7fd614ce1a50>,55,12,[11  5],56,153,165,97,137
1,<environment.Job instance at 0x7fd658ab7aa0>,20,19,[2 7],21,151,170,130,142
1,<environment.Job instance at 0x7fd614ce1c30>,56,27,[4 5],57,165,192,108,163
1,<environment.Job instance at 0x7fd658aebb90>,62,3,[11  3],63,170,173,107,163
1,<environment.Job instance at 0x7fd658aeb500>,63,18,[6 1],64,173,191,109,173
1,<environment.Job instance at 0x7fd65b565a00>,65,1,[8 1],66,191,192,125,175
1,<environment.Job instance at 0x7fd614f12870>,71,15,[ 2 14],72,192,207,120,183
1,<environment.Job instance at 0x7fd61509efa0>,74,2,[10  3],75,207,209,132,187
1,<environment.Job instance at 0x7fd61509eaf0>,75,12,[ 3 13],76,209,221,133,192
1,<environment.Job instance at 0x7fd614dfcf00>,36,17,[13  2],37,221,238,184,220
1,<environment.Job instance at 0x7fd658b6e870>,2,3,[4 9],3,4,7,1,4
1,<environment.Job instance at 0x7fd658914230>,7,3,[5 1],8,8,11,0,8
1,<environment.Job instance at 0x7fd65dd8c370>,8,2,[5 4],9,9,11,0,9
1,<environment.Job instance at 0x7fd6589144b0>,10,1,[5 1],11,12,13,1,12
1,<environment.Job instance at 0x7fd65b489500>,12,2,[5 5],13,13,15,0,13
1,<environment.Job instance at 0x7fd65b489280>,11,17,[14  3],12,15,32,3,15
1,<environment.Job instance at 0x7fd65b489550>,16,17,[ 1 10],17,21,38,4,21
1,<environment.Job instance at 0x7fd65b4897d0>,17,3,[12  4],18,32,35,14,21
1,<environment.Job instance at 0x7fd614b38190>,19,28,[1 8],20,38,66,18,37
1,<environment.Job instance at 0x7fd614b384b0>,22,3,[1 9],23,66,69,43,40
1,<environment.Job instance at 0x7fd614b38410>,23,2,[6 5],24,40,42,16,40
1,<environment.Job instance at 0x7fd614b38460>,25,3,[7 2],26,40,43,14,40
1,<environment.Job instance at 0x7fd614b38780>,28,18,[13  3],29,49,67,20,49
1,<environment.Job instance at 0x7fd614b38960>,31,15,[1 9],32,69,84,37,67
1,<environment.Job instance at 0x7fd614b38a00>,32,17,[2 5],33,71,88,38,71
1,<environment.Job instance at 0x7fd614b38aa0>,33,3,[1 8],34,84,87,50,71
1,<environment.Job instance at 0x7fd614b38b40>,34,3,[5 2],35,84,87,49,71
1,<environment.Job instance at 0x7fd614b38be0>,35,24,[8 3],36,87,111,51,82
1,<environment.Job instance at 0x7fd614b38c80>,36,1,[4 7],37,87,88,50,82
1,<environment.Job instance at 0x7fd614b38e60>,37,1,[7 4],38,88,89,50,82
1,<environment.Job instance at 0x7fd614b4c730>,44,2,[9 2],45,111,113,66,84
1,<environment.Job instance at 0x7fd614b4caa0>,49,2,[ 4 10],50,106,108,56,106
1,<environment.Job instance at 0x7fd614b4ca50>,50,1,[9 5],51,113,114,62,106
1,<environment.Job instance at 0x7fd614b4c9b0>,51,13,[12  4],52,114,127,62,106
1,<environment.Job instance at 0x7fd614b4caf0>,52,15,[10  1],53,127,142,74,113
1,<environment.Job instance at 0x7fd614b4cc80>,54,24,[4 5],55,127,151,72,122
1,<environment.Job instance at 0x7fd614b4cf00>,59,3,[5 9],60,142,145,82,124
1,<environment.Job instance at 0x7fd614b4f230>,61,2,[3 5],62,124,126,62,124
1,<environment.Job instance at 0x7fd614b4f410>,64,16,[9 2],65,145,161,80,135
1,<environment.Job instance at 0x7fd614b4f4b0>,65,2,[2 9],66,151,153,85,137
1,<environment.Job instance at 0x7fd614b4f730>,67,1,[3 6],68,153,154,85,140
1,<environment.Job instance at 0x7fd614b4fa50>,73,15,[6 1],74,158,173,84,158
1,<environment.Job instance at 0x7fd614b4faa0>,74,3,[7 4],75,161,164,86,158
1,<environment.Job instance at 0x7fd614b4f9b0>,75,3,[9 4],76,164,167,88,158
1,<environment.Job instance at 0x7fd614b4fb90>,76,2,[5 5],77,167,169,90,158
1,<environment.Job instance at 0x7fd614b4fc30>,77,1,[10  3],78,173,174,95,158
1,<environment.Job instance at 0x7fd614b386e0>,2,2,[7 3],3,3,5,0,3
1,<environment.Job instance at 0x7fd658de84b0>,1,2,[2 9],2,3,5,1,3
1,<environment.Job instance at 0x7fd614be9e60>,3,3,[8 1],4,5,8,1,4
1,<environment.Job instance at 0x7fd65b0a5c80>,7,15,[10  1],8,8,23,0,8
1,<environment.Job instance at 0x7fd658dfb5f0>,12,1,[4 6],13,13,14,0,13
1,<environment.Job instance at 0x7fd65b0fc730>,13,1,[4 9],14,14,15,0,14
1,<environment.Job instance at 0x7fd61531a370>,15,3,[9 2],16,23,26,7,16
1,<environment.Job instance at 0x7fd65b2ded70>,16,2,[8 4],17,26,28,9,17
1,<environment.Job instance at 0x7fd65b2de9b0>,17,3,[10  4],18,28,31,10,18
1,<environment.Job instance at 0x7fd65b2dea00>,18,3,[3 9],19,19,22,0,19
1,<environment.Job instance at 0x7fd614ec4d20>,19,21,[1 9],20,22,43,2,20
1,<environment.Job instance at 0x7fd6206d2e60>,20,27,[6 4],21,31,58,10,29
1,<environment.Job instance at 0x7fd65b4cf140>,6,14,[5 4],7,43,57,36,37
1,<environment.Job instance at 0x7fd6151388c0>,28,22,[7 5],29,57,79,28,50
1,<environment.Job instance at 0x7fd614ebfaf0>,32,24,[1 6],33,53,77,20,53
1,<environment.Job instance at 0x7fd65b3e44b0>,34,16,[9 4],35,79,95,44,71
1,<environment.Job instance at 0x7fd614ce4af0>,38,17,[3 9],39,77,94,38,76
1,<environment.Job instance at 0x7fd6588610f0>,42,3,[1 9],43,94,97,51,83
1,<environment.Job instance at 0x7fd615117320>,44,3,[ 2 12],45,97,100,52,83
1,<environment.Job instance at 0x7fd658897f00>,45,2,[3 5],46,95,97,49,83
1,<environment.Job instance at 0x7fd615117dc0>,47,2,[8 4],48,100,102,52,84
1,<environment.Job instance at 0x7fd658ea7640>,49,17,[1 9],50,100,117,50,88
1,<environment.Job instance at 0x7fd65b0a5730>,9,23,[6 5],10,102,125,92,96
1,<environment.Job instance at 0x7fd658831cd0>,53,3,[10  3],54,125,128,71,102
1,<environment.Job instance at 0x7fd6588315a0>,54,3,[3 6],55,117,120,62,102
1,<environment.Job instance at 0x7fd615313a00>,55,1,[8 4],56,120,121,64,102
1,<environment.Job instance at 0x7fd615313870>,56,13,[12  4],57,128,141,71,112
1,<environment.Job instance at 0x7fd615313460>,57,27,[9 3],58,141,168,83,139
1,<environment.Job instance at 0x7fd658d01190>,62,1,[6 3],63,158,159,95,158
1,<environment.Job instance at 0x7fd65b583a00>,65,15,[ 1 10],66,159,174,93,159
1,<environment.Job instance at 0x7fd65b5c3960>,66,12,[ 2 11],67,174,186,107,159
1,<environment.Job instance at 0x7fd65b5c3fa0>,68,24,[4 7],69,186,210,117,181
1,<environment.Job instance at 0x7fd65b5c3be0>,71,3,[5 2],72,188,191,116,188
1,<environment.Job instance at 0x7fd614ed6190>,26,14,[1 7],27,203,217,176,203
1,<environment.Job instance at 0x7fd65b5c3a50>,74,18,[ 4 11],75,217,235,142,206
1,<environment.Job instance at 0x7fd658ea7eb0>,51,2,[ 3 14],52,235,237,183,219
1,<environment.Job instance at 0x7fd65b00d6e0>,0,20,[4 6],1,1,21,0,1
1,<environment.Job instance at 0x7fd65b00d2d0>,3,14,[ 1 11],4,21,35,17,6
1,<environment.Job instance at 0x7fd65b1ca370>,8,2,[13  3],9,21,23,12,10
1,<environment.Job instance at 0x7fd65af2e410>,15,2,[6 3],16,16,18,0,16
1,<environment.Job instance at 0x7fd615273910>,17,3,[8 1],18,23,26,5,19
1,<environment.Job instance at 0x7fd65897a870>,18,20,[3 8],19,35,55,16,26
1,<environment.Job instance at 0x7fd658897780>,20,24,[10  4],21,29,53,8,29
1,<environment.Job instance at 0x7fd6152be640>,24,1,[ 2 11],25,55,56,30,40
1,<environment.Job instance at 0x7fd658e3beb0>,27,1,[2 6],28,53,54,25,45
1,<environment.Job instance at 0x7fd614f12c30>,28,3,[8 3],29,54,57,25,45
1,<environment.Job instance at 0x7fd614f125a0>,29,19,[5 5],30,56,75,26,46
1,<environment.Job instance at 0x7fd6152e4d70>,33,3,[8 4],34,60,63,26,60
1,<environment.Job instance at 0x7fd614d05690>,34,14,[3 8],35,63,77,28,60
1,<environment.Job instance at 0x7fd6151797d0>,35,12,[10  1],36,75,87,39,60
1,<environment.Job instance at 0x7fd65b132500>,31,18,[4 8],32,77,95,45,67
1,<environment.Job instance at 0x7fd658764460>,39,1,[ 5 14],40,95,96,55,75
1,<environment.Job instance at 0x7fd658764280>,40,2,[5 1],41,87,89,46,75
1,<environment.Job instance at 0x7fd658bf6780>,42,16,[3 8],43,96,112,53,84
1,<environment.Job instance at 0x7fd6587647d0>,44,3,[7 4],45,89,92,44,85
1,<environment.Job instance at 0x7fd61506a3c0>,45,2,[4 5],46,87,89,41,85
1,<environment.Job instance at 0x7fd615108a00>,46,18,[10  2],47,96,114,49,85
1,<environment.Job instance at 0x7fd658ed5960>,47,2,[7 4],48,92,94,44,85
1,<environment.Job instance at 0x7fd65b6649b0>,52,3,[4 8],53,117,120,64,117
1,<environment.Job instance at 0x7fd65b664cd0>,54,2,[1 6],55,123,125,68,123
1,<environment.Job instance at 0x7fd65b664f00>,56,1,[5 1],57,131,132,74,131
1,<environment.Job instance at 0x7fd65b6647d0>,57,27,[ 2 11],58,131,158,73,131
1,<environment.Job instance at 0x7fd65af5d780>,59,3,[11  2],60,135,138,75,135
1,<environment.Job instance at 0x7fd65af5dcd0>,61,2,[7 1],62,138,140,76,135
1,<environment.Job instance at 0x7fd65af5d320>,62,1,[12  5],63,158,159,95,135
1,<environment.Job instance at 0x7fd65af5df00>,67,3,[7 5],68,159,162,91,144
1,<environment.Job instance at 0x7fd614d232d0>,22,17,[ 2 11],23,162,179,139,153
1,<environment.Job instance at 0x7fd658e19dc0>,72,17,[6 4],73,159,176,86,155
1,<environment.Job instance at 0x7fd65b0b5500>,74,3,[ 3 10],75,179,182,104,159
1,<environment.Job instance at 0x7fd65b1d0140>,71,17,[2 7],72,184,201,112,184
1,<environment.Job instance at 0x7fd615119910>,21,21,[4 7],22,185,206,163,185
1,<environment.Job instance at 0x7fd65b1d0870>,73,12,[7 4],74,207,219,133,207
1,<environment.Job instance at 0x7fd658d80230>,1,3,[3 9],2,3,6,1,3
1,<environment.Job instance at 0x7fd65b2dee10>,10,19,[4 5],11,20,39,9,20
1,<environment.Job instance at 0x7fd65b2de370>,11,3,[1 9],12,20,23,8,20
1,<environment.Job instance at 0x7fd6151f62d0>,15,1,[5 8],16,29,30,13,29
1,<environment.Job instance at 0x7fd6151f6960>,17,2,[9 3],18,30,32,12,29
1,<environment.Job instance at 0x7fd6151f6dc0>,19,1,[5 4],20,33,34,13,33
1,<environment.Job instance at 0x7fd614ccf730>,20,23,[9 4],21,34,57,13,33
1,<environment.Job instance at 0x7fd614ccf6e0>,21,21,[8 2],22,57,78,35,49
1,<environment.Job instance at 0x7fd614ccf460>,22,21,[5 7],23,49,70,26,49
1,<environment.Job instance at 0x7fd614ccfa50>,27,2,[10  3],28,78,80,50,56
1,<environment.Job instance at 0x7fd614ccfaf0>,28,28,[10  4],29,80,108,51,79
1,<environment.Job instance at 0x7fd614ccfd70>,31,1,[7 3],32,108,109,76,80
1,<environment.Job instance at 0x7fd614cd23c0>,37,3,[6 3],38,108,111,70,101
1,<environment.Job instance at 0x7fd614cd2460>,38,17,[12  1],39,111,128,72,101
1,<environment.Job instance at 0x7fd614cd2500>,39,1,[2 5],40,101,102,61,101
1,<environment.Job instance at 0x7fd614cd25a0>,40,26,[4 9],41,128,154,87,125
1,<environment.Job instance at 0x7fd614cd2640>,41,1,[6 5],42,128,129,86,125
1,<environment.Job instance at 0x7fd6152bbb90>,4,16,[5 5],5,137,153,132,137
1,<environment.Job instance at 0x7fd614cd2aa0>,48,16,[9 4],49,153,169,104,141
1,<environment.Job instance at 0x7fd614cd2c80>,49,15,[5 7],50,154,169,104,150
1,<environment.Job instance at 0x7fd614cd26e0>,42,16,[13  1],43,169,185,126,157
1,<environment.Job instance at 0x7fd614cd2fa0>,53,24,[ 5 11],54,185,209,131,180
1,<environment.Job instance at 0x7fd614cae370>,57,19,[1 5],58,209,228,151,199
1,<environment.Job instance at 0x7fd614cae1e0>,60,13,[11  2],61,209,222,148,202
1,<environment.Job instance at 0x7fd614cae5f0>,63,1,[10  5],64,222,223,158,210
1,<environment.Job instance at 0x7fd614cae730>,65,2,[8 3],66,223,225,157,216
1,<environment.Job instance at 0x7fd614cae7d0>,66,3,[ 5 10],67,225,228,158,216
1,<environment.Job instance at 0x7fd614cae870>,67,16,[ 3 12],68,228,244,160,216
1,<environment.Job instance at 0x7fd614caea50>,70,14,[10  1],71,233,247,162,233
1,<environment.Job instance at 0x7fd65af5d910>,3,2,[3 5],4,4,6,0,4
1,<environment.Job instance at 0x7fd658aca820>,6,25,[6 3],7,7,32,0,7
1,<environment.Job instance at 0x7fd658eda3c0>,14,1,[14  5],15,32,33,17,18
1,<environment.Job instance at 0x7fd658eda4b0>,15,2,[ 2 10],16,18,20,2,18
1,<environment.Job instance at 0x7fd658eda410>,16,2,[7 1],17,18,20,1,18
1,<environment.Job instance at 0x7fd658edac80>,19,1,[1 8],20,26,27,6,26
1,<environment.Job instance at 0x7fd658eda7d0>,20,1,[8 1],21,26,27,5,26
1,<environment.Job instance at 0x7fd658eda370>,22,2,[3 6],23,27,29,4,26
1,<environment.Job instance at 0x7fd658ddfd20>,23,1,[12  4],24,33,34,9,26
1,<environment.Job instance at 0x7fd658ddf190>,24,3,[4 5],25,27,30,2,26
1,<environment.Job instance at 0x7fd658aca9b0>,10,2,[5 4],11,29,31,18,28
1,<environment.Job instance at 0x7fd658ddf870>,25,18,[9 2],26,34,52,8,28
1,<environment.Job instance at 0x7fd658ddf4b0>,28,3,[6 1],29,34,37,5,30
1,<environment.Job instance at 0x7fd658edadc0>,13,2,[14  3],14,52,54,38,32
1,<environment.Job instance at 0x7fd658ddfeb0>,26,3,[5 8],27,37,40,10,32
1,<environment.Job instance at 0x7fd61504a1e0>,30,2,[ 2 12],31,40,42,9,32
1,<environment.Job instance at 0x7fd61504a5f0>,32,3,[5 9],33,42,45,9,35
1,<environment.Job instance at 0x7fd61504a230>,34,3,[2 7],35,45,48,10,35
1,<environment.Job instance at 0x7fd658ddf0a0>,27,20,[1 8],28,48,68,20,40
1,<environment.Job instance at 0x7fd61504a960>,37,20,[5 7],38,54,74,16,45
1,<environment.Job instance at 0x7fd65b31ecd0>,44,15,[11  1],45,74,89,29,70
1,<environment.Job instance at 0x7fd65b31e640>,46,1,[7 4],47,70,71,23,70
1,<environment.Job instance at 0x7fd65b31ebe0>,48,3,[2 7],49,73,76,24,73
1,<environment.Job instance at 0x7fd65b31e280>,49,18,[2 7],50,74,92,24,73
1,<environment.Job instance at 0x7fd65b31eaa0>,51,20,[ 5 13],52,92,112,40,83
1,<environment.Job instance at 0x7fd65b31ec30>,52,1,[5 1],53,89,90,36,84
1,<environment.Job instance at 0x7fd65b31ee10>,55,1,[6 4],56,90,91,34,90
1,<environment.Job instance at 0x7fd65b31e820>,56,3,[6 1],57,90,93,33,90
1,<environment.Job instance at 0x7fd65b31e2d0>,57,1,[5 1],58,91,92,33,90
1,<environment.Job instance at 0x7fd6151024b0>,59,1,[8 1],60,93,94,33,91
1,<environment.Job instance at 0x7fd6151023c0>,60,24,[7 2],61,94,118,33,91
1,<environment.Job instance at 0x7fd6151026e0>,62,15,[ 2 10],63,112,127,49,101
1,<environment.Job instance at 0x7fd6151022d0>,63,3,[10  3],64,118,121,54,101
1,<environment.Job instance at 0x7fd615102af0>,65,15,[ 1 12],66,127,142,61,113
1,<environment.Job instance at 0x7fd615102fa0>,66,19,[2 9],67,142,161,75,132
1,<environment.Job instance at 0x7fd61504a280>,33,16,[8 1],34,138,154,104,138
1,<environment.Job instance at 0x7fd6152f46e0>,72,2,[5 7],73,161,163,88,141
1,<environment.Job instance at 0x7fd658b6b500>,75,1,[ 2 10],76,163,164,87,142
1,<environment.Job instance at 0x7fd6150e9d20>,78,2,[ 1 13],79,164,166,85,153
1,<environment.Job instance at 0x7fd61504a870>,35,23,[8 4],36,179,202,143,179
1,<environment.Job instance at 0x7fd615102dc0>,68,20,[ 1 10],69,202,222,133,202
1,<environment.Job instance at 0x7fd614cdf820>,0,28,[ 2 14],1,1,29,0,1
1,<environment.Job instance at 0x7fd6151020f0>,1,28,[5 1],2,2,30,0,2
1,<environment.Job instance at 0x7fd658b6ba50>,9,2,[5 1],10,29,31,19,11
1,<environment.Job instance at 0x7fd658b6b140>,10,2,[10  5],11,30,32,19,15
1,<environment.Job instance at 0x7fd65874c4b0>,13,23,[7 4],14,32,55,18,26
1,<environment.Job instance at 0x7fd65874c050>,19,15,[2 6],20,36,51,16,36
1,<environment.Job instance at 0x7fd658819a50>,20,2,[5 5],21,36,38,15,36
1,<environment.Job instance at 0x7fd65874c500>,18,18,[13  5],19,55,73,36,44
1,<environment.Job instance at 0x7fd6588195f0>,24,3,[4 5],25,44,47,19,44
1,<environment.Job instance at 0x7fd658819f50>,26,27,[5 2],27,73,100,46,71
1,<environment.Job instance at 0x7fd658819c80>,27,14,[ 3 14],28,100,114,72,85
1,<environment.Job instance at 0x7fd6588193c0>,22,13,[2 9],23,85,98,62,85
1,<environment.Job instance at 0x7fd6587c6af0>,31,1,[8 4],32,86,87,54,86
1,<environment.Job instance at 0x7fd6587c6b90>,32,1,[2 5],33,98,99,65,86
1,<environment.Job instance at 0x7fd6587c65a0>,33,2,[ 4 10],34,114,116,80,87
1,<environment.Job instance at 0x7fd6587c6eb0>,35,3,[5 6],36,116,119,80,93
1,<environment.Job instance at 0x7fd6587c67d0>,36,1,[2 6],37,98,99,61,93
1,<environment.Job instance at 0x7fd65b3ed910>,40,1,[ 2 10],41,119,120,78,113
1,<environment.Job instance at 0x7fd65b3ed280>,41,2,[1 5],42,114,116,72,113
1,<environment.Job instance at 0x7fd65b3ed6e0>,42,1,[9 5],43,116,117,73,113
1,<environment.Job instance at 0x7fd65b3ed7d0>,43,14,[ 5 10],44,120,134,76,115
1,<environment.Job instance at 0x7fd65b3ed2d0>,44,28,[4 5],45,117,145,72,116
1,<environment.Job instance at 0x7fd65b3ed410>,45,3,[9 2],46,134,137,88,116
1,<environment.Job instance at 0x7fd65b3eda50>,47,2,[ 5 13],48,145,147,97,119
1,<environment.Job instance at 0x7fd65b3ed960>,49,1,[4 5],50,137,138,87,125
1,<environment.Job instance at 0x7fd65b3edaf0>,51,25,[10  1],52,138,163,86,134
1,<environment.Job instance at 0x7fd65b3ede60>,53,2,[5 1],54,147,149,93,137
1,<environment.Job instance at 0x7fd658819550>,30,22,[2 5],31,151,173,120,151
1,<environment.Job instance at 0x7fd65b116f50>,62,2,[1 7],63,175,177,112,175
1,<environment.Job instance at 0x7fd65b1163c0>,65,21,[9 3],66,193,214,127,193
1,<environment.Job instance at 0x7fd65b116a50>,58,18,[5 5],59,199,217,140,199
1,<environment.Job instance at 0x7fd65b4272d0>,67,25,[9 4],68,214,239,146,210
1,<environment.Job instance at 0x7fd65b4276e0>,70,12,[10  1],71,239,251,168,223
1,<environment.Job instance at 0x7fd614ec7730>,2,18,[ 2 12],3,3,21,0,3
1,<environment.Job instance at 0x7fd6589060f0>,3,1,[8 5],4,21,22,17,4
1,<environment.Job instance at 0x7fd61502c0a0>,15,1,[5 9],16,21,22,5,20
1,<environment.Job instance at 0x7fd65b06d690>,17,2,[11  4],18,24,26,6,24
1,<environment.Job instance at 0x7fd65b06d8c0>,18,12,[9 3],19,26,38,7,25
1,<environment.Job instance at 0x7fd65b0e99b0>,20,3,[8 3],21,38,41,17,25
1,<environment.Job instance at 0x7fd65b0e9870>,21,28,[9 4],22,41,69,19,40
1,<environment.Job instance at 0x7fd65b0e9af0>,23,16,[ 1 12],24,69,85,45,56
1,<environment.Job instance at 0x7fd65b120e60>,26,1,[6 3],27,56,57,29,56
1,<environment.Job instance at 0x7fd65b0f3140>,28,19,[ 3 11],29,85,104,56,75
1,<environment.Job instance at 0x7fd65b0f35a0>,30,17,[10  1],31,77,94,46,77
1,<environment.Job instance at 0x7fd65b0f3be0>,33,3,[8 2],34,94,97,60,86
1,<environment.Job instance at 0x7fd65b0f36e0>,35,3,[5 3],36,97,100,61,89
1,<environment.Job instance at 0x7fd65b0f3500>,36,21,[5 5],37,104,125,67,96
1,<environment.Job instance at 0x7fd61502c820>,14,15,[5 6],15,104,119,89,100
1,<environment.Job instance at 0x7fd65b0f3410>,39,15,[10  2],40,122,137,82,122
1,<environment.Job instance at 0x7fd61502cdc0>,12,15,[8 4],13,137,152,124,127
1,<environment.Job instance at 0x7fd61502caf0>,13,24,[5 3],14,137,161,123,137
1,<environment.Job instance at 0x7fd65b416fa0>,45,3,[10  4],46,152,155,106,137
1,<environment.Job instance at 0x7fd65b415eb0>,54,22,[4 9],55,155,177,100,150
1,<environment.Job instance at 0x7fd615074c80>,50,15,[5 3],51,155,170,104,150
1,<environment.Job instance at 0x7fd614bd63c0>,56,21,[5 5],57,170,191,113,162
1,<environment.Job instance at 0x7fd614bd65a0>,57,1,[10  4],58,177,178,119,162
1,<environment.Job instance at 0x7fd65b525550>,61,3,[8 5],62,178,181,116,170
1,<environment.Job instance at 0x7fd65b540820>,63,2,[13  2],64,191,193,127,172
1,<environment.Job instance at 0x7fd65b50a050>,65,25,[1 6],66,181,206,115,177
1,<environment.Job instance at 0x7fd65b50ab90>,66,1,[5 5],67,193,194,126,177
1,<environment.Job instance at 0x7fd65b4ef4b0>,68,3,[ 1 10],69,206,209,137,185
1,<environment.Job instance at 0x7fd65b444320>,69,3,[9 3],70,185,188,115,185
1,<environment.Job instance at 0x7fd65b444aa0>,70,27,[11  2],71,194,221,123,192
1,<environment.Job instance at 0x7fd65b0b72d0>,78,2,[6 3],79,221,223,142,211
1,<environment.Job instance at 0x7fd65b0ac8c0>,2,1,[5 9],3,3,4,0,3
1,<environment.Job instance at 0x7fd61502cc30>,3,1,[2 6],4,4,5,0,4
1,<environment.Job instance at 0x7fd658ee3820>,7,24,[5 9],8,19,43,11,19
1,<environment.Job instance at 0x7fd61501dc80>,18,2,[4 6],19,44,46,25,44
1,<environment.Job instance at 0x7fd61501da00>,19,26,[2 6],20,44,70,24,44
1,<environment.Job instance at 0x7fd614fe39b0>,20,20,[9 3],21,44,64,23,44
1,<environment.Job instance at 0x7fd6589bddc0>,24,2,[6 1],25,64,66,39,64
1,<environment.Job instance at 0x7fd65b0500a0>,27,1,[ 1 13],28,71,72,43,71
1,<environment.Job instance at 0x7fd658e71050>,28,26,[8 2],29,71,97,42,71
1,<environment.Job instance at 0x7fd658e71f00>,29,2,[9 3],30,97,99,67,71
1,<environment.Job instance at 0x7fd658e714b0>,31,1,[5 4],32,74,75,42,74
1,<environment.Job instance at 0x7fd614bb6500>,13,2,[2 7],14,101,103,87,101
1,<environment.Job instance at 0x7fd6151e6f50>,37,12,[1 6],38,106,118,68,106
1,<environment.Job instance at 0x7fd6151e69b0>,38,3,[10  2],39,106,109,67,106
1,<environment.Job instance at 0x7fd6151e6690>,40,2,[4 6],41,119,121,78,119
1,<environment.Job instance at 0x7fd6151e6a00>,41,3,[ 4 13],42,121,124,79,119
1,<environment.Job instance at 0x7fd658c8d500>,43,14,[ 2 10],44,124,138,80,124
1,<environment.Job instance at 0x7fd658c8df50>,44,27,[13  3],45,124,151,79,124
1,<environment.Job instance at 0x7fd658c8dd70>,45,2,[3 9],46,151,153,105,124
1,<environment.Job instance at 0x7fd658c8d550>,47,1,[8 1],48,151,152,103,126
1,<environment.Job instance at 0x7fd658c8db90>,50,2,[8 4],51,152,154,101,139
1,<environment.Job instance at 0x7fd658c8dd20>,51,2,[3 9],52,153,155,101,139
1,<environment.Job instance at 0x7fd615158550>,54,13,[10  5],55,155,168,100,155
1,<environment.Job instance at 0x7fd615158370>,55,19,[1 5],56,155,174,99,155
1,<environment.Job instance at 0x7fd614bb3e10>,8,14,[6 4],9,171,185,162,171
1,<environment.Job instance at 0x7fd614ba0fa0>,35,25,[ 3 14],36,185,210,149,184
1,<environment.Job instance at 0x7fd6152b8b90>,63,3,[3 9],64,210,213,146,185
1,<environment.Job instance at 0x7fd6152b8280>,64,27,[6 1],65,185,212,120,185
1,<environment.Job instance at 0x7fd6152b88c0>,66,17,[ 5 11],67,213,230,146,201
1,<environment.Job instance at 0x7fd614f1e460>,71,24,[14  3],72,230,254,158,225
1,<environment.Job instance at 0x7fd615085a50>,1,2,[1 9],2,2,4,0,2
1,<environment.Job instance at 0x7fd614f6e780>,6,1,[5 2],7,7,8,0,7
1,<environment.Job instance at 0x7fd614f6e0a0>,10,13,[12  1],11,11,24,0,11
1,<environment.Job instance at 0x7fd6151a5280>,4,3,[9 3],5,24,27,19,19
1,<environment.Job instance at 0x7fd614f6e2d0>,11,16,[ 5 11],12,42,58,30,42
1,<environment.Job instance at 0x7fd6149c3af0>,18,2,[1 9],19,58,60,39,43
1,<environment.Job instance at 0x7fd6149c3910>,21,2,[ 5 10],22,60,62,38,44
1,<environment.Job instance at 0x7fd6149c3d70>,23,3,[6 2],24,51,54,27,51
1,<environment.Job instance at 0x7fd6149c3cd0>,24,1,[7 4],25,54,55,29,52
1,<environment.Job instance at 0x7fd6149c3e10>,25,3,[9 2],26,55,58,29,52
1,<environment.Job instance at 0x7fd6149c3eb0>,26,25,[7 3],27,58,83,31,54
1,<environment.Job instance at 0x7fd614ed2b40>,30,26,[6 4],31,67,93,36,67
1,<environment.Job instance at 0x7fd614ed24b0>,34,1,[5 5],35,83,84,48,80
1,<environment.Job instance at 0x7fd614ed29b0>,37,21,[9 4],38,89,110,51,89
1,<environment.Job instance at 0x7fd614ed2c80>,38,21,[5 1],39,93,114,54,89
1,<environment.Job instance at 0x7fd6149cb4b0>,40,2,[5 4],41,110,112,69,89
1,<environment.Job instance at 0x7fd6149cb3c0>,41,2,[6 1],42,112,114,70,89
1,<environment.Job instance at 0x7fd6149cb960>,43,1,[7 3],44,114,115,70,98
1,<environment.Job instance at 0x7fd6149cb140>,44,2,[2 5],45,110,112,65,98
1,<environment.Job instance at 0x7fd6149cbf00>,47,3,[ 1 10],48,117,120,69,117
1,<environment.Job instance at 0x7fd6149cbd70>,48,2,[5 7],49,120,122,71,117
1,<environment.Job instance at 0x7fd6149cbcd0>,49,20,[5 9],50,122,142,72,117
1,<environment.Job instance at 0x7fd614f6e730>,5,16,[7 3],6,117,133,111,117
1,<environment.Job instance at 0x7fd614f6ea50>,13,3,[ 4 10],14,142,145,128,117
1,<environment.Job instance at 0x7fd6149cb320>,53,3,[6 3],54,133,136,79,133
1,<environment.Job instance at 0x7fd6149cb7d0>,54,2,[10  4],55,136,138,81,133
1,<environment.Job instance at 0x7fd6149cb370>,55,3,[1 9],56,145,148,89,133
1,<environment.Job instance at 0x7fd6149af3c0>,56,2,[5 2],57,138,140,81,133
1,<environment.Job instance at 0x7fd6149af6e0>,57,3,[1 6],58,145,148,87,133
1,<environment.Job instance at 0x7fd6149af780>,59,2,[6 1],60,140,142,80,133
1,<environment.Job instance at 0x7fd6149af960>,60,2,[6 1],61,142,144,81,133
1,<environment.Job instance at 0x7fd6149afa50>,61,3,[7 4],62,148,151,86,133
1,<environment.Job instance at 0x7fd6149af7d0>,64,1,[13  5],65,151,152,86,145
1,<environment.Job instance at 0x7fd6149af690>,65,13,[9 1],66,152,165,86,146
1,<environment.Job instance at 0x7fd6149afa00>,66,1,[5 7],67,148,149,81,146
1,<environment.Job instance at 0x7fd6149af870>,69,3,[ 3 10],70,152,155,82,150
1,<environment.Job instance at 0x7fd6149afd20>,70,25,[5 3],71,155,180,84,151
1,<environment.Job instance at 0x7fd6149cb500>,52,18,[3 8],53,165,183,112,165
1,<environment.Job instance at 0x7fd6149afe10>,71,16,[11  2],72,180,196,108,169
1,<environment.Job instance at 0x7fd614a8fcd0>,75,2,[8 1],76,196,198,120,176
1,<environment.Job instance at 0x7fd614a8f7d0>,77,1,[ 4 10],78,183,184,105,176
1,<environment.Job instance at 0x7fd614a8f6e0>,73,13,[5 6],74,198,211,124,198
1,<environment.Job instance at 0x7fd614f6ef00>,16,1,[12  2],17,211,212,194,199
1,<environment.Job instance at 0x7fd6149cbe60>,1,2,[2 9],2,2,4,0,2
1,<environment.Job instance at 0x7fd6149c32d0>,2,23,[3 7],3,4,27,1,3
1,<environment.Job instance at 0x7fd614f6e820>,6,3,[ 5 14],7,27,30,20,8
1,<environment.Job instance at 0x7fd614a1b550>,14,3,[8 2],15,21,24,6,21
1,<environment.Job instance at 0x7fd614a1b500>,15,1,[1 8],16,24,25,8,21
1,<environment.Job instance at 0x7fd614a1b1e0>,17,16,[11  1],18,30,46,12,26
1,<environment.Job instance at 0x7fd615360190>,22,18,[2 5],23,41,59,18,41
1,<environment.Job instance at 0x7fd615360410>,23,3,[5 3],24,46,49,22,41
1,<environment.Job instance at 0x7fd615360af0>,25,1,[6 1],26,46,47,20,42
1,<environment.Job instance at 0x7fd615360910>,26,1,[ 5 10],27,49,50,22,42
1,<environment.Job instance at 0x7fd615360b40>,27,16,[ 5 13],28,59,75,31,46
1,<environment.Job instance at 0x7fd65b3918c0>,29,2,[13  4],30,50,52,20,47
1,<environment.Job instance at 0x7fd61533e0a0>,32,1,[2 9],33,52,53,19,52
1,<environment.Job instance at 0x7fd61533e320>,33,20,[ 5 12],34,75,95,41,66
1,<environment.Job instance at 0x7fd61533e410>,34,2,[ 5 11],35,95,97,60,68
1,<environment.Job instance at 0x7fd615366230>,40,13,[10  1],41,74,87,33,74
1,<environment.Job instance at 0x7fd614d3e6e0>,41,2,[ 5 11],42,97,99,55,74
1,<environment.Job instance at 0x7fd61535a500>,42,2,[5 3],43,87,89,44,74
1,<environment.Job instance at 0x7fd614d46780>,44,1,[6 1],45,89,90,44,79
1,<environment.Job instance at 0x7fd658cd02d0>,49,13,[ 4 14],50,99,112,49,92
1,<environment.Job instance at 0x7fd658cd00f0>,50,2,[8 2],51,92,94,41,92
1,<environment.Job instance at 0x7fd614af7910>,53,3,[2 7],54,112,115,58,108
1,<environment.Job instance at 0x7fd6588e06e0>,54,1,[4 6],55,112,113,57,108
1,<environment.Job instance at 0x7fd658ccc3c0>,55,3,[10  5],56,113,116,57,108
1,<environment.Job instance at 0x7fd6149d9c30>,56,16,[13  1],57,116,132,59,108
1,<environment.Job instance at 0x7fd615360fa0>,21,16,[5 5],22,132,148,110,121
1,<environment.Job instance at 0x7fd658cc26e0>,62,14,[3 7],63,132,146,69,125
1,<environment.Job instance at 0x7fd658ac9050>,68,18,[ 5 10],69,146,164,77,141
1,<environment.Job instance at 0x7fd6588ed5f0>,71,1,[10  1],72,153,154,81,153
1,<environment.Job instance at 0x7fd6588ed320>,72,22,[8 1],73,154,176,81,153
1,<environment.Job instance at 0x7fd6149cbaa0>,7,16,[5 4],8,164,180,156,161
1,<environment.Job instance at 0x7fd6588edd70>,73,14,[14  4],74,180,194,106,170
1,<environment.Job instance at 0x7fd6588ed370>,77,15,[ 5 12],78,194,209,116,181
1,<environment.Job instance at 0x7fd6588ed3c0>,76,2,[14  2],77,211,213,134,211
1,<environment.Job instance at 0x7fd6588edcd0>,74,13,[5 8],75,218,231,143,218
1,<environment.Job instance at 0x7fd614c2e7d0>,75,3,[ 1 13],76,231,234,155,218
1,<environment.Job instance at 0x7fd61533ec30>,0,2,[14  4],1,1,3,0,1
1,<environment.Job instance at 0x7fd6588ed050>,1,27,[8 5],2,3,30,1,2
1,<environment.Job instance at 0x7fd6149aaeb0>,5,14,[1 7],6,9,23,3,9
1,<environment.Job instance at 0x7fd614a8fc80>,9,14,[2 8],10,30,44,20,30
1,<environment.Job instance at 0x7fd614a8faa0>,10,1,[5 2],11,53,54,42,53
1,<environment.Job instance at 0x7fd6149aac30>,4,16,[11  4],5,54,70,49,53
1,<environment.Job instance at 0x7fd614a8f3c0>,13,26,[7 1],14,70,96,56,67
1,<environment.Job instance at 0x7fd614a8f690>,15,18,[5 6],16,73,91,57,73
1,<environment.Job instance at 0x7fd614d05640>,20,3,[5 1],21,91,94,70,75
1,<environment.Job instance at 0x7fd65b487d70>,21,2,[3 8],22,75,77,53,75
1,<environment.Job instance at 0x7fd614a8f5a0>,11,14,[ 2 12],12,91,105,79,80
1,<environment.Job instance at 0x7fd65b487cd0>,25,3,[6 4],26,105,108,79,87
1,<environment.Job instance at 0x7fd614c5d320>,27,3,[1 8],28,87,90,59,87
1,<environment.Job instance at 0x7fd614c5d0f0>,28,3,[3 6],29,105,108,76,87
1,<environment.Job instance at 0x7fd65b42d0a0>,31,3,[10  1],32,110,113,78,110
1,<environment.Job instance at 0x7fd6150bc0f0>,32,18,[1 9],33,110,128,77,110
1,<environment.Job instance at 0x7fd61530e640>,33,2,[2 6],34,113,115,79,110
1,<environment.Job instance at 0x7fd658c00960>,35,1,[7 3],36,115,116,79,111
1,<environment.Job instance at 0x7fd61530e1e0>,36,3,[5 5],37,116,119,79,111
1,<environment.Job instance at 0x7fd658c00f00>,37,2,[3 7],38,128,130,90,111
1,<environment.Job instance at 0x7fd61536e280>,39,25,[3 6],40,119,144,79,116
1,<environment.Job instance at 0x7fd615380410>,41,16,[ 5 12],42,144,160,102,131
1,<environment.Job instance at 0x7fd614a0d190>,42,3,[2 8],43,131,134,88,131
1,<environment.Job instance at 0x7fd615395af0>,43,17,[13  5],44,160,177,116,148
1,<environment.Job instance at 0x7fd614bd5f00>,47,2,[5 2],48,148,150,100,148
1,<environment.Job instance at 0x7fd614bd5b40>,49,19,[2 5],50,160,179,110,152
1,<environment.Job instance at 0x7fd658e64370>,50,1,[2 5],51,177,178,126,152
1,<environment.Job instance at 0x7fd658e64d70>,53,1,[5 5],54,177,178,123,154
1,<environment.Job instance at 0x7fd615318d70>,55,2,[ 3 11],56,179,181,123,166
1,<environment.Job instance at 0x7fd615318dc0>,57,1,[10  3],58,178,179,120,169
1,<environment.Job instance at 0x7fd615318460>,60,3,[8 1],61,179,182,118,179
1,<environment.Job instance at 0x7fd6153180f0>,61,12,[5 8],62,188,200,126,188
1,<environment.Job instance at 0x7fd615318140>,62,3,[ 4 11],63,200,203,137,188
1,<environment.Job instance at 0x7fd615318d20>,63,18,[9 2],64,191,209,127,191
1,<environment.Job instance at 0x7fd615318f50>,65,2,[9 1],66,209,211,143,193
1,<environment.Job instance at 0x7fd615318a50>,67,3,[5 2],68,203,206,135,196
1,<environment.Job instance at 0x7fd65b140500>,68,24,[5 6],69,206,230,137,201
1,<environment.Job instance at 0x7fd65afc1c30>,70,3,[ 3 12],71,230,233,159,206
1,<environment.Job instance at 0x7fd65afc1370>,72,14,[14  5],73,233,247,160,218
1,<environment.Job instance at 0x7fd614b06e60>,0,20,[ 4 10],1,1,21,0,1
1,<environment.Job instance at 0x7fd65b0c3320>,4,2,[1 9],5,21,23,16,5
1,<environment.Job instance at 0x7fd658d066e0>,6,24,[4 5],7,12,36,5,12
1,<environment.Job instance at 0x7fd65b468d20>,13,1,[3 7],14,23,24,9,18
1,<environment.Job instance at 0x7fd65b4680f0>,17,18,[6 1],18,34,52,16,34
1,<environment.Job instance at 0x7fd65b468780>,20,2,[7 5],21,36,38,15,34
1,<environment.Job instance at 0x7fd658c9e050>,23,1,[9 4],24,38,39,14,34
1,<environment.Job instance at 0x7fd658c9ebe0>,24,3,[ 1 12],25,39,42,14,34
1,<environment.Job instance at 0x7fd658c9e140>,22,23,[6 2],23,39,62,16,37
1,<environment.Job instance at 0x7fd658c9e910>,27,13,[9 4],28,52,65,24,46
1,<environment.Job instance at 0x7fd658c9e370>,25,14,[12  1],26,65,79,39,51
1,<environment.Job instance at 0x7fd658c9e280>,21,2,[ 2 10],22,62,64,40,52
1,<environment.Job instance at 0x7fd658c9ef00>,33,1,[11  3],34,79,80,45,61
1,<environment.Job instance at 0x7fd658c9e8c0>,35,28,[ 4 12],36,79,107,43,78
1,<environment.Job instance at 0x7fd658a4b370>,39,1,[ 4 13],40,107,108,67,79
1,<environment.Job instance at 0x7fd658a4b7d0>,40,1,[7 5],41,108,109,67,80
1,<environment.Job instance at 0x7fd658a4baf0>,42,2,[3 5],43,108,110,65,81
1,<environment.Job instance at 0x7fd658a4b6e0>,43,14,[ 2 11],44,110,124,66,95
1,<environment.Job instance at 0x7fd658e8d550>,47,2,[6 5],48,124,126,76,112
1,<environment.Job instance at 0x7fd658e8d280>,48,18,[10  1],49,126,144,77,115
1,<environment.Job instance at 0x7fd658e8d410>,49,3,[2 7],50,124,127,74,115
1,<environment.Job instance at 0x7fd658e8d5a0>,51,1,[6 2],52,115,116,63,115
1,<environment.Job instance at 0x7fd658e8d4b0>,52,17,[ 1 10],53,127,144,74,116
1,<environment.Job instance at 0x7fd658c9e4b0>,34,14,[ 5 10],35,144,158,109,138
1,<environment.Job instance at 0x7fd658e8d0a0>,60,25,[6 2],61,150,175,89,150
1,<environment.Job instance at 0x7fd658e8db40>,62,2,[8 4],63,158,160,95,150
1,<environment.Job instance at 0x7fd65881f460>,63,3,[10  2],64,175,178,111,150
1,<environment.Job instance at 0x7fd65881f6e0>,65,14,[4 8],66,160,174,94,156
1,<environment.Job instance at 0x7fd65881f190>,67,3,[1 6],68,174,177,106,156
1,<environment.Job instance at 0x7fd65881fc30>,70,25,[5 5],71,177,202,106,173
1,<environment.Job instance at 0x7fd65881f9b0>,73,3,[ 4 11],74,202,205,128,176
1,<environment.Job instance at 0x7fd65881fb90>,75,19,[2 8],76,178,197,102,176
1,<environment.Job instance at 0x7fd65881f730>,69,13,[ 1 11],70,205,218,135,200
1,<environment.Job instance at 0x7fd65881fd20>,68,18,[10  4],69,214,232,145,214
1,<environment.Job instance at 0x7fd65b0c3b90>,7,24,[4 8],8,218,242,210,215
1,<environment.Job instance at 0x7fd65b29d140>,4,1,[2 9],5,5,6,0,5
1,<environment.Job instance at 0x7fd658a187d0>,8,16,[14  4],9,9,25,0,9
1,<environment.Job instance at 0x7fd658a18aa0>,9,17,[ 1 10],10,13,30,3,13
1,<environment.Job instance at 0x7fd658a182d0>,12,13,[5 3],13,25,38,12,15
1,<environment.Job instance at 0x7fd614c50910>,13,3,[6 5],14,30,33,16,15
1,<environment.Job instance at 0x7fd658a18fa0>,14,19,[ 5 10],15,33,52,18,23
1,<environment.Job instance at 0x7fd614a1d500>,17,27,[8 5],18,38,65,20,36
1,<environment.Job instance at 0x7fd614dda550>,19,3,[ 1 12],20,65,68,45,41
1,<environment.Job instance at 0x7fd614fe3230>,24,3,[13  1],25,65,68,40,42
1,<environment.Job instance at 0x7fd6587506e0>,7,2,[10  2],8,68,70,60,45
1,<environment.Job instance at 0x7fd65b2ffd20>,23,17,[13  3],24,70,87,46,58
1,<environment.Job instance at 0x7fd65afdec30>,28,3,[1 7],29,61,64,32,61
1,<environment.Job instance at 0x7fd6149ef8c0>,35,25,[4 5],36,87,112,51,84
1,<environment.Job instance at 0x7fd65b3567d0>,37,3,[2 7],38,89,92,51,89
1,<environment.Job instance at 0x7fd658830910>,39,1,[5 6],40,92,93,52,89
1,<environment.Job instance at 0x7fd614a0ab90>,42,3,[5 8],43,109,112,66,109
1,<environment.Job instance at 0x7fd614a0aeb0>,44,2,[3 9],45,112,114,67,109
1,<environment.Job instance at 0x7fd614a0ac80>,45,1,[1 7],46,114,115,68,109
1,<environment.Job instance at 0x7fd614a0a140>,46,2,[5 3],47,112,114,65,109
1,<environment.Job instance at 0x7fd614a0a0a0>,47,1,[4 7],48,114,115,66,109
1,<environment.Job instance at 0x7fd6149f2910>,49,2,[4 8],50,115,117,65,109
1,<environment.Job instance at 0x7fd6149f2820>,50,2,[13  2],51,117,119,66,109
1,<environment.Job instance at 0x7fd6149f2550>,52,18,[4 8],53,119,137,66,116
1,<environment.Job instance at 0x7fd6149f2140>,54,1,[12  5],55,137,138,82,116
1,<environment.Job instance at 0x7fd65d74f550>,55,3,[3 9],56,137,140,81,116
1,<environment.Job instance at 0x7fd6149f29b0>,57,26,[ 3 10],58,140,166,82,137
1,<environment.Job instance at 0x7fd614a0e320>,60,2,[5 4],61,138,140,77,137
1,<environment.Job instance at 0x7fd614a0e0f0>,61,3,[12  2],62,140,143,78,137
1,<environment.Job instance at 0x7fd614a0e7d0>,62,1,[2 6],63,166,167,103,138
1,<environment.Job instance at 0x7fd614a0e050>,63,3,[6 1],64,143,146,79,138
1,<environment.Job instance at 0x7fd614a0eaf0>,64,1,[7 3],65,146,147,81,138
1,<environment.Job instance at 0x7fd658846820>,65,3,[8 1],66,147,150,81,138
1,<environment.Job instance at 0x7fd658846b40>,66,2,[5 9],67,166,168,99,139
1,<environment.Job instance at 0x7fd658846dc0>,67,2,[5 8],68,168,170,100,141
1,<environment.Job instance at 0x7fd658846c30>,68,3,[6 2],69,143,146,74,141
1,<environment.Job instance at 0x7fd658846910>,69,2,[10  1],70,150,152,80,141
1,<environment.Job instance at 0x7fd6149ee4b0>,72,1,[7 4],73,152,153,79,142
1,<environment.Job instance at 0x7fd6149eee60>,74,3,[14  3],75,170,173,95,151
1,<environment.Job instance at 0x7fd614a11c80>,77,3,[6 5],78,161,164,83,161
1,<environment.Job instance at 0x7fd614a11690>,78,1,[2 8],79,173,174,94,161
1,<environment.Job instance at 0x7fd6149ef3c0>,30,20,[8 5],31,188,208,157,188
1,<environment.Job instance at 0x7fd6149ef870>,38,1,[ 4 14],39,208,209,169,207
1,<environment.Job instance at 0x7f42d808b140>,1,15,[ 1 14],2,2,17,0,2
1,<environment.Job instance at 0x7f42d2c7b820>,10,1,[7 3],11,24,25,13,24
1,<environment.Job instance at 0x7f42d2c7b5f0>,11,2,[3 9],12,24,26,12,24
1,<environment.Job instance at 0x7f42d2c7b370>,12,3,[6 3],13,25,28,12,24
1,<environment.Job instance at 0x7f42d8115e10>,4,18,[10  4],5,29,47,24,29
1,<environment.Job instance at 0x7f42d2c7bb90>,17,3,[10  3],18,47,50,29,36
1,<environment.Job instance at 0x7f42d2c7ba50>,15,3,[10  2],16,50,53,34,48
1,<environment.Job instance at 0x7f42d2c7bcd0>,19,17,[12  3],20,53,70,33,49
1,<environment.Job instance at 0x7f42d2c7d320>,24,3,[5 9],25,49,52,24,49
1,<environment.Job instance at 0x7f42d2c7d140>,25,3,[1 6],26,52,55,26,49
1,<environment.Job instance at 0x7f42d2c7d500>,26,22,[2 9],27,55,77,28,49
1,<environment.Job instance at 0x7f42d2c7d780>,33,2,[5 3],34,70,72,36,65
1,<environment.Job instance at 0x7f42d2c7d870>,34,3,[9 5],35,72,75,37,65
1,<environment.Job instance at 0x7f42d2c7dcd0>,36,2,[5 1],37,78,80,41,78
1,<environment.Job instance at 0x7f42d2c7de10>,40,1,[1 8],41,108,109,67,108
1,<environment.Job instance at 0x7f42d2c810a0>,43,28,[6 4],44,110,138,66,110
1,<environment.Job instance at 0x7f42d2c7beb0>,22,2,[12  3],23,138,140,115,121
1,<environment.Job instance at 0x7f42d2c810f0>,44,17,[ 5 12],45,140,157,95,128
1,<environment.Job instance at 0x7f42d2c81dc0>,50,27,[9 1],51,140,167,89,138
1,<environment.Job instance at 0x7f42d2c81b40>,52,3,[ 3 11],53,157,160,104,149
1,<environment.Job instance at 0x7f42d2c81e10>,53,18,[ 4 12],54,160,178,106,149
1,<environment.Job instance at 0x7f42d2c83230>,60,24,[ 3 10],61,178,202,117,173
1,<environment.Job instance at 0x7f42d2c834b0>,61,2,[9 2],62,173,175,111,173
1,<environment.Job instance at 0x7f42d2c83550>,62,20,[9 1],63,175,195,112,173
1,<environment.Job instance at 0x7f42d2c83af0>,66,3,[ 2 10],67,202,205,135,176
1,<environment.Job instance at 0x7f42d2c83910>,67,26,[5 4],68,195,221,127,192
1,<environment.Job instance at 0x7f42d2c83960>,68,22,[5 6],69,205,227,136,198
1,<environment.Job instance at 0x7f42d2c7b870>,23,18,[5 2],24,206,224,182,206
1,<environment.Job instance at 0x7f42d2c83eb0>,74,1,[6 2],75,224,225,149,207
1,<environment.Job instance at 0x7f42d2c804b0>,78,19,[8 4],79,225,244,146,219
1,<environment.Job instance at 0x7f42d81f2b40>,4,2,[4 7],5,5,7,0,5
1,<environment.Job instance at 0x7f42d81f2f50>,5,23,[3 7],6,6,29,0,6
1,<environment.Job instance at 0x7f42d808a730>,15,1,[3 6],16,22,23,6,22
1,<environment.Job instance at 0x7f42d808a050>,17,3,[7 4],18,23,26,5,22
1,<environment.Job instance at 0x7f42d808a9b0>,18,20,[5 7],19,26,46,7,22
1,<environment.Job instance at 0x7f4297c69cd0>,19,3,[5 3],20,23,26,3,22
1,<environment.Job instance at 0x7f42d808a280>,20,20,[5 7],21,29,49,8,22
1,<environment.Job instance at 0x7f42d81ff1e0>,21,18,[ 3 13],22,49,67,27,38
1,<environment.Job instance at 0x7f42d81ff730>,22,2,[4 8],23,46,48,23,38
1,<environment.Job instance at 0x7f42d81ff690>,27,18,[ 3 12],28,67,85,39,56
1,<environment.Job instance at 0x7f42d81ffeb0>,28,3,[2 7],29,85,88,56,59
1,<environment.Job instance at 0x7f42d82060a0>,30,2,[5 6],31,85,87,54,59
1,<environment.Job instance at 0x7f42d80b7e10>,11,1,[9 4],12,87,88,75,59
1,<environment.Job instance at 0x7f42d80b7f00>,9,2,[10  4],10,88,90,78,61
1,<environment.Job instance at 0x7f42d82068c0>,31,18,[11  5],32,90,108,58,79
1,<environment.Job instance at 0x7f42d8206190>,36,2,[9 1],37,79,81,42,79
1,<environment.Job instance at 0x7f42d81fd0f0>,43,3,[2 9],44,88,91,44,85
1,<environment.Job instance at 0x7f42d81fd190>,45,15,[ 3 14],46,108,123,62,98
1,<environment.Job instance at 0x7f42d81fd2d0>,46,18,[1 6],47,123,141,76,113
1,<environment.Job instance at 0x7f42d81fdbe0>,47,12,[14  5],48,123,135,75,114
1,<environment.Job instance at 0x7f42d81fd5f0>,52,2,[4 9],53,135,137,82,114
1,<environment.Job instance at 0x7f42d81fddc0>,54,1,[7 1],55,121,122,66,121
1,<environment.Job instance at 0x7f42d81fc730>,56,15,[6 2],57,137,152,80,130
1,<environment.Job instance at 0x7f42d81fc230>,57,3,[ 2 10],58,141,144,83,130
1,<environment.Job instance at 0x7f42d81fcf00>,59,3,[5 5],60,144,147,84,142
1,<environment.Job instance at 0x7f42d81fcd20>,61,16,[1 9],62,147,163,85,142
1,<environment.Job instance at 0x7f42d81f8f50>,63,1,[5 6],64,152,153,88,146
1,<environment.Job instance at 0x7f42d81f86e0>,64,2,[8 5],65,153,155,88,146
1,<environment.Job instance at 0x7f42d81f85a0>,66,2,[8 2],67,149,151,82,149
1,<environment.Job instance at 0x7f42d81f8690>,67,17,[3 8],68,163,180,95,154
1,<environment.Job instance at 0x7f42d2c0e320>,69,3,[4 8],70,180,183,110,154
1,<environment.Job instance at 0x7f42d81f8aa0>,71,3,[1 5],72,156,159,84,156
1,<environment.Job instance at 0x7f42d2b89f00>,72,1,[10  1],73,156,157,83,156
1,<environment.Job instance at 0x7f42d81f8c80>,74,13,[1 9],75,183,196,108,167
1,<environment.Job instance at 0x7f42d81137d0>,75,3,[5 5],76,167,170,91,167
1,<environment.Job instance at 0x7f42d8113140>,76,22,[11  3],77,170,192,93,167
1,<environment.Job instance at 0x7f42d8113410>,80,3,[9 1],81,197,200,116,197
1,<environment.Job instance at 0x7f42d8205460>,82,1,[ 5 10],83,197,198,114,197
1,<environment.Job instance at 0x7f42d8205230>,84,1,[9 4],85,200,201,115,197
1,<environment.Job instance at 0x7f42d82057d0>,85,25,[3 9],86,198,223,112,197
1,<environment.Job instance at 0x7f42d8205a00>,86,1,[7 4],87,201,202,114,197
1,<environment.Job instance at 0x7f42d81fff00>,1,1,[5 1],2,2,3,0,2
1,<environment.Job instance at 0x7f42d8205780>,2,2,[8 2],3,3,5,0,3
1,<environment.Job instance at 0x7f428cfb5c80>,3,1,[3 9],4,4,5,0,4
1,<environment.Job instance at 0x7f428d04e0a0>,8,14,[8 5],9,11,25,2,11
1,<environment.Job instance at 0x7f428d04e730>,11,3,[8 2],12,25,28,13,12
1,<environment.Job instance at 0x7f428d04ec80>,13,3,[5 4],14,18,21,4,18
1,<environment.Job instance at 0x7f428d04ed70>,16,23,[5 8],17,31,54,14,31
1,<environment.Job instance at 0x7f428cfb55a0>,6,26,[9 1],7,32,58,25,32
1,<environment.Job instance at 0x7f428d03f8c0>,23,27,[5 3],24,54,81,30,52
1,<environment.Job instance at 0x7f428d03f910>,27,1,[1 6],28,56,57,28,56
1,<environment.Job instance at 0x7f428d03fcd0>,28,22,[9 2],29,58,80,29,57
1,<environment.Job instance at 0x7f428d04eb90>,18,2,[ 3 10],19,80,82,61,61
1,<environment.Job instance at 0x7f428d03f7d0>,29,3,[ 4 12],30,82,85,52,66
1,<environment.Job instance at 0x7f428d03fe10>,33,12,[5 1],34,80,92,46,70
1,<environment.Job instance at 0x7f428d03f6e0>,31,18,[ 5 11],32,85,103,53,74
1,<environment.Job instance at 0x7f428d038f00>,37,18,[ 1 10],38,103,121,65,92
1,<environment.Job instance at 0x7f428d038460>,38,28,[7 4],39,92,120,53,92
1,<environment.Job instance at 0x7f428d038a50>,39,1,[9 2],40,120,121,80,92
1,<environment.Job instance at 0x7f428d0382d0>,41,1,[8 3],42,121,122,79,93
1,<environment.Job instance at 0x7f428d038fa0>,42,1,[3 8],43,121,122,78,93
1,<environment.Job instance at 0x7f428d038500>,44,28,[9 1],45,122,150,77,121
1,<environment.Job instance at 0x7f428d03f550>,30,17,[2 9],31,122,139,91,121
1,<environment.Job instance at 0x7f428d0385a0>,47,1,[7 2],48,150,151,102,122
1,<environment.Job instance at 0x7f428d021f00>,55,12,[2 6],56,151,163,95,151
1,<environment.Job instance at 0x7f428d021d70>,56,3,[7 5],57,151,154,94,151
1,<environment.Job instance at 0x7f428d021dc0>,57,3,[4 9],58,154,157,96,151
1,<environment.Job instance at 0x7f428d021460>,58,18,[3 8],59,157,175,98,151
1,<environment.Job instance at 0x7f428d021af0>,60,28,[7 3],61,163,191,102,162
1,<environment.Job instance at 0x7f428d038910>,49,12,[5 4],50,163,175,113,163
1,<environment.Job instance at 0x7f428d021eb0>,62,3,[3 9],63,175,178,112,169
1,<environment.Job instance at 0x7f428d021d20>,68,12,[9 2],69,191,203,122,179
1,<environment.Job instance at 0x7f428d021870>,69,1,[8 3],70,179,180,109,179
1,<environment.Job instance at 0x7f428d038c80>,48,16,[14  3],49,203,219,154,190
1,<environment.Job instance at 0x7f428d052370>,76,2,[5 1],77,219,221,142,208
1,<environment.Job instance at 0x7f428d0521e0>,77,1,[1 7],78,208,209,130,208
1,<environment.Job instance at 0x7f428d0524b0>,78,12,[12  2],79,221,233,142,208
1,<environment.Job instance at 0x7f428d052aa0>,82,2,[14  5],83,233,235,150,219
1,<environment.Job instance at 0x7f428d052a50>,1,18,[ 5 14],2,2,20,0,2
1,<environment.Job instance at 0x7f428d40fbe0>,10,2,[10  1],11,11,13,0,11
1,<environment.Job instance at 0x7f428d41df50>,13,3,[14  5],14,35,38,21,35
1,<environment.Job instance at 0x7f428d41d550>,14,2,[1 7],15,35,37,20,35
1,<environment.Job instance at 0x7f428d41d3c0>,15,1,[ 4 10],16,38,39,22,35
1,<environment.Job instance at 0x7f428d40fd70>,5,2,[7 1],6,38,40,32,36
1,<environment.Job instance at 0x7f428d41dc30>,19,14,[5 7],20,39,53,19,37
1,<environment.Job instance at 0x7f42d2a470a0>,4,1,[3 7],5,39,40,34,39
1,<environment.Job instance at 0x7f428d41d0f0>,22,1,[13  3],23,53,54,30,40
1,<environment.Job instance at 0x7f428d41db90>,20,13,[7 4],21,54,67,33,41
1,<environment.Job instance at 0x7f428d40fe10>,8,1,[ 5 14],9,67,68,58,47
1,<environment.Job instance at 0x7f428d41d690>,25,1,[8 2],26,52,53,26,52
1,<environment.Job instance at 0x7f428d41d780>,18,17,[12  1],19,68,85,49,56
1,<environment.Job instance at 0x7f428d46ce10>,32,27,[ 2 13],33,68,95,35,66
1,<environment.Job instance at 0x7f428d46c780>,34,1,[3 8],35,66,67,31,66
1,<environment.Job instance at 0x7f428cfcf410>,39,1,[8 5],40,95,96,55,82
1,<environment.Job instance at 0x7f428cfcf1e0>,42,2,[7 1],43,111,113,68,111
1,<environment.Job instance at 0x7f428cfcf820>,43,2,[3 5],44,111,113,67,111
1,<environment.Job instance at 0x7f428d5b15a0>,45,2,[4 6],46,111,113,65,111
1,<environment.Job instance at 0x7f428d5b1d20>,46,2,[6 5],47,113,115,66,111
1,<environment.Job instance at 0x7f428d5b1640>,48,3,[5 1],49,113,116,64,112
1,<environment.Job instance at 0x7f428d5b1190>,51,18,[ 4 13],52,131,149,79,131
1,<environment.Job instance at 0x7f428d5b10a0>,52,2,[9 3],53,149,151,96,131
1,<environment.Job instance at 0x7f428d5b1a00>,54,3,[5 8],55,149,152,94,143
1,<environment.Job instance at 0x7f428d5b1d70>,55,2,[2 6],56,151,153,95,143
1,<environment.Job instance at 0x7f428d5b1460>,57,16,[ 5 13],58,153,169,95,143
1,<environment.Job instance at 0x7f428cfcf050>,38,1,[12  5],39,152,153,113,145
1,<environment.Job instance at 0x7f428d331fa0>,62,2,[6 1],63,153,155,90,152
1,<environment.Job instance at 0x7f428d331c80>,64,18,[13  2],65,169,187,104,158
1,<environment.Job instance at 0x7f428d331f50>,65,1,[5 7],66,187,188,121,159
1,<environment.Job instance at 0x7f428d3316e0>,66,2,[3 5],67,187,189,120,160
1,<environment.Job instance at 0x7f428d3f51e0>,67,2,[9 1],68,160,162,92,160
1,<environment.Job instance at 0x7f428d0b0eb0>,70,18,[11  4],71,188,206,117,177
1,<environment.Job instance at 0x7f428d0b0f00>,72,20,[7 3],73,206,226,133,197
1,<environment.Job instance at 0x7f428d0b0d70>,76,20,[6 2],77,206,226,129,197
1,<environment.Job instance at 0x7f428d0b00a0>,79,1,[4 6],80,198,199,118,198
1,<environment.Job instance at 0x7f428d413050>,83,1,[2 8],84,213,214,129,213
1,<environment.Job instance at 0x7f428d460a50>,1,25,[10  4],2,2,27,0,2
1,<environment.Job instance at 0x7f428d04dfa0>,4,22,[1 9],5,5,27,0,5
1,<environment.Job instance at 0x7f428d059c30>,13,24,[3 6],14,27,51,13,22
1,<environment.Job instance at 0x7f428d059730>,17,27,[9 5],18,27,54,9,25
1,<environment.Job instance at 0x7f428d337c30>,10,17,[7 1],11,54,71,43,53
1,<environment.Job instance at 0x7f428d5ffd70>,11,18,[3 8],12,53,71,41,53
1,<environment.Job instance at 0x7f428d371690>,29,1,[10  5],30,71,72,41,57
1,<environment.Job instance at 0x7f428d371960>,31,2,[7 4],32,72,74,40,58
1,<environment.Job instance at 0x7f428d371a50>,33,18,[8 1],34,72,90,38,63
1,<environment.Job instance at 0x7f428d371af0>,34,3,[ 3 12],35,74,77,39,64
1,<environment.Job instance at 0x7f428d371550>,27,13,[4 9],28,77,90,49,69
1,<environment.Job instance at 0x7f428d371b90>,35,27,[5 5],36,90,117,54,88
1,<environment.Job instance at 0x7f428d3713c0>,26,21,[6 1],27,90,111,63,89
1,<environment.Job instance at 0x7f428d371e10>,39,17,[2 6],40,90,107,50,89
1,<environment.Job instance at 0x7f428d376e60>,23,2,[ 3 14],24,117,119,93,90
1,<environment.Job instance at 0x7f428d372230>,44,13,[14  5],45,119,132,74,108
1,<environment.Job instance at 0x7f428d371d70>,38,13,[14  4],39,132,145,93,122
1,<environment.Job instance at 0x7f428d3729b0>,54,3,[2 5],55,145,148,90,138
1,<environment.Job instance at 0x7f428d372a00>,55,25,[3 7],56,145,170,89,141
1,<environment.Job instance at 0x7f428d372c30>,59,3,[9 3],60,152,155,92,152
1,<environment.Job instance at 0x7f428d372c80>,60,1,[ 4 12],61,170,171,109,152
1,<environment.Job instance at 0x7f428d372b90>,61,1,[10  1],62,155,156,93,152
1,<environment.Job instance at 0x7f428d3722d0>,45,12,[4 7],46,156,168,110,154
1,<environment.Job instance at 0x7f428d377280>,64,12,[13  3],65,171,183,106,157
1,<environment.Job instance at 0x7f428d372d20>,63,1,[5 2],64,168,169,104,160
1,<environment.Job instance at 0x7f428d377320>,67,14,[9 1],68,183,197,115,173
1,<environment.Job instance at 0x7f428d377640>,69,3,[12  1],70,197,200,127,174
1,<environment.Job instance at 0x7f428d377730>,71,1,[5 5],72,183,184,111,179
1,<environment.Job instance at 0x7f428d3773c0>,68,21,[9 5],69,200,221,131,192
1,<environment.Job instance at 0x7f428d377910>,74,2,[5 3],75,192,194,117,192
1,<environment.Job instance at 0x7f428d377aa0>,78,3,[ 2 10],79,195,198,116,195
1,<environment.Job instance at 0x7f428d377b40>,79,16,[ 5 13],80,221,237,141,208
1,<environment.Job instance at 0x7f428ce84370>,2,17,[10  3],3,4,21,1,4
1,<environment.Job instance at 0x7f42d30ec2d0>,5,1,[12  4],6,21,22,15,6
1,<environment.Job instance at 0x7f42d30ecf00>,9,3,[8 5],10,22,25,12,10
1,<environment.Job instance at 0x7f42d30ec7d0>,11,15,[14  1],12,25,40,13,15
1,<environment.Job instance at 0x7f42d5877780>,23,18,[4 8],24,40,58,16,38
1,<environment.Job instance at 0x7f42d2f8d280>,14,25,[1 7],15,54,79,39,54
1,<environment.Job instance at 0x7f42d3066190>,30,1,[10  3],31,68,69,37,68
1,<environment.Job instance at 0x7f42d30660f0>,31,24,[4 8],32,69,93,37,68
1,<environment.Job instance at 0x7f42d30663c0>,32,3,[1 7],33,79,82,46,68
1,<environment.Job instance at 0x7f42d3066eb0>,33,3,[9 4],34,82,85,48,68
1,<environment.Job instance at 0x7f42d2f39820>,34,2,[4 8],35,93,95,58,68
1,<environment.Job instance at 0x7f42d2f39960>,35,19,[7 5],36,85,104,49,75
1,<environment.Job instance at 0x7f42d2f39280>,38,1,[2 5],39,95,96,56,79
1,<environment.Job instance at 0x7f42d2f393c0>,39,3,[4 8],40,96,99,56,79
1,<environment.Job instance at 0x7f42d2a5dc80>,41,1,[11  1],42,104,105,62,82
1,<environment.Job instance at 0x7f42d2a5d780>,44,2,[4 9],45,99,101,54,98
1,<environment.Job instance at 0x7f42d2a5ddc0>,45,2,[7 5],46,101,103,55,98
1,<environment.Job instance at 0x7f42d2a5d4b0>,47,18,[6 2],48,105,123,57,104
1,<environment.Job instance at 0x7f42d51b8f50>,48,3,[9 1],49,105,108,56,104
1,<environment.Job instance at 0x7f42d51b8730>,50,19,[2 7],51,115,134,64,115
1,<environment.Job instance at 0x7f42d51b8500>,51,24,[1 9],52,134,158,82,129
1,<environment.Job instance at 0x7f42d51b8a00>,52,3,[ 3 10],53,158,161,105,132
1,<environment.Job instance at 0x7f42d51b8eb0>,57,23,[10  4],58,133,156,75,133
1,<environment.Job instance at 0x7f42d535d370>,59,3,[3 6],60,161,164,101,142
1,<environment.Job instance at 0x7f42d535d960>,60,3,[7 3],61,156,159,95,142
1,<environment.Job instance at 0x7f42d535d320>,63,3,[ 5 13],64,164,167,100,150
1,<environment.Job instance at 0x7f42d535d2d0>,66,17,[13  2],67,167,184,100,159
1,<environment.Job instance at 0x7f42d535d640>,67,1,[11  4],68,159,160,91,159
1,<environment.Job instance at 0x7f42d535daa0>,68,1,[5 3],69,160,161,91,159
1,<environment.Job instance at 0x7f42d535d550>,69,17,[ 5 10],70,184,201,114,172
1,<environment.Job instance at 0x7f42d535d1e0>,72,17,[ 2 12],73,201,218,128,189
1,<environment.Job instance at 0x7f42d535d870>,75,24,[10  2],76,191,215,115,191
1,<environment.Job instance at 0x7f428d413960>,79,27,[14  1],80,218,245,138,216
1,<environment.Job instance at 0x7f428d04d550>,2,3,[11  3],3,3,6,0,3
1,<environment.Job instance at 0x7f42d3036c80>,13,12,[ 2 10],14,17,29,3,17
1,<environment.Job instance at 0x7f42d3036fa0>,14,2,[10  3],15,17,19,2,17
1,<environment.Job instance at 0x7f42d3036280>,15,12,[ 3 13],16,29,41,13,17
1,<environment.Job instance at 0x7f42d30363c0>,19,1,[8 3],20,24,25,4,24
1,<environment.Job instance at 0x7f42d5333be0>,20,18,[5 9],21,41,59,20,30
1,<environment.Job instance at 0x7f428d33dc30>,5,1,[8 1],6,31,32,25,31
1,<environment.Job instance at 0x7f42d5333190>,21,3,[1 6],22,41,44,19,31
1,<environment.Job instance at 0x7f428d5b3dc0>,26,2,[ 3 10],27,59,61,32,37
1,<environment.Job instance at 0x7f428d5b3690>,27,3,[5 1],28,37,40,9,37
1,<environment.Job instance at 0x7f42d5366820>,28,2,[5 4],29,44,46,15,37
1,<environment.Job instance at 0x7f428d5b3e60>,30,1,[5 1],31,44,45,13,43
1,<environment.Job instance at 0x7f42d2a2e280>,31,17,[14  3],32,61,78,29,49
1,<environment.Job instance at 0x7f428ce84460>,7,2,[2 6],8,50,52,42,50
1,<environment.Job instance at 0x7f42d5333140>,23,18,[ 1 10],24,61,79,37,51
1,<environment.Job instance at 0x7f42d5333cd0>,22,3,[4 9],23,79,82,56,54
1,<environment.Job instance at 0x7f42d57a68c0>,37,3,[12  4],38,82,85,44,62
1,<environment.Job instance at 0x7f42d2ebaf00>,39,28,[1 8],40,82,110,42,81
1,<environment.Job instance at 0x7f428d23ee10>,42,3,[1 9],43,110,113,67,84
1,<environment.Job instance at 0x7f42d2dc7b90>,43,2,[6 5],44,85,87,41,84
1,<environment.Job instance at 0x7f42d2dc7af0>,44,1,[7 3],45,87,88,42,84
1,<environment.Job instance at 0x7f42d2dc7dc0>,45,3,[7 2],46,85,88,39,84
1,<environment.Job instance at 0x7f42d2dc7fa0>,48,18,[13  3],49,96,114,47,96
1,<environment.Job instance at 0x7f42d2dc76e0>,51,15,[1 9],52,113,128,61,104
1,<environment.Job instance at 0x7f42d2dc78c0>,52,17,[2 5],53,114,131,61,104
1,<environment.Job instance at 0x7f42d2dc72d0>,53,3,[1 8],54,128,131,74,104
1,<environment.Job instance at 0x7f42d2dc7d70>,54,3,[5 2],55,128,131,73,104
1,<environment.Job instance at 0x7f42d2dc7be0>,55,24,[8 3],56,131,155,75,126
1,<environment.Job instance at 0x7f42d535f730>,57,1,[7 4],58,131,132,73,126
1,<environment.Job instance at 0x7f42d535fc80>,61,3,[5 9],62,132,135,70,129
1,<environment.Job instance at 0x7f42d535f3c0>,62,2,[7 4],63,135,137,72,129
1,<environment.Job instance at 0x7f42d535fc30>,63,3,[5 5],64,137,140,73,129
1,<environment.Job instance at 0x7f42d2ee3320>,64,2,[9 2],65,155,157,90,129
1,<environment.Job instance at 0x7f42d2ee3e10>,66,18,[9 4],67,157,175,90,146
1,<environment.Job instance at 0x7f42d520cb90>,33,1,[7 1],34,147,148,113,147
1,<environment.Job instance at 0x7f42d2d42320>,69,2,[ 4 10],70,148,150,78,147
1,<environment.Job instance at 0x7f42d2d429b0>,70,1,[9 5],71,175,176,104,147
1,<environment.Job instance at 0x7f42d2d424b0>,71,13,[12  4],72,176,189,104,160
1,<environment.Job instance at 0x7f42d2e2daf0>,74,24,[4 5],75,189,213,114,184
1,<environment.Job instance at 0x7f42d5803050>,79,3,[5 9],80,189,192,109,186
1,<environment.Job instance at 0x7f42d5803d20>,80,2,[6 4],81,192,194,111,186
1,<environment.Job instance at 0x7f42d2e29e10>,81,2,[3 5],82,186,188,104,186
1,<environment.Job instance at 0x7f42d2dacbe0>,83,14,[4 8],84,196,210,112,196
1,<environment.Job instance at 0x7f42d57232d0>,85,2,[2 9],86,210,212,124,200
1,<environment.Job instance at 0x7f42d5723c30>,86,15,[9 1],87,210,225,123,200
1,<environment.Job instance at 0x7f428d120f50>,87,1,[3 6],88,213,214,125,200
1,<environment.Job instance at 0x7f42d31a50f0>,88,13,[6 1],89,214,227,125,201
1,<environment.Job instance at 0x7f42d31a50f0>,4,3,[7 4],5,7,10,2,7
1,<environment.Job instance at 0x7f428d019460>,7,1,[10  3],8,10,11,2,8
1,<environment.Job instance at 0x7f42d2a5dd20>,11,2,[2 9],12,12,14,0,12
1,<environment.Job instance at 0x7f428d04deb0>,9,16,[10  2],10,23,39,13,23
1,<environment.Job instance at 0x7f42d2a5d0f0>,19,23,[6 5],20,39,62,19,33
1,<environment.Job instance at 0x7f42d2c28500>,25,3,[9 2],26,41,44,15,41
1,<environment.Job instance at 0x7f42d2c28460>,26,2,[8 4],27,44,46,17,41
1,<environment.Job instance at 0x7f42d2c28690>,29,21,[1 9],30,46,67,16,41
1,<environment.Job instance at 0x7f42d2c28730>,30,27,[6 4],31,62,89,31,60
1,<environment.Job instance at 0x7f42d2c287d0>,31,1,[11  4],32,89,90,57,61
1,<environment.Job instance at 0x7f42d2c28870>,32,15,[10  1],33,90,105,57,76
1,<environment.Job instance at 0x7f42d2c28cd0>,37,2,[ 2 10],38,76,78,38,76
1,<environment.Job instance at 0x7f42d2c28be0>,36,14,[1 7],37,78,92,41,77
1,<environment.Job instance at 0x7f42d2c3f460>,45,3,[1 9],46,94,97,48,94
1,<environment.Job instance at 0x7f42d2c3f500>,46,15,[10  4],47,105,120,58,94
1,<environment.Job instance at 0x7f42d2a5d6e0>,17,15,[10  1],18,120,135,102,108
1,<environment.Job instance at 0x7f42d2c3f780>,50,14,[1 8],51,111,125,60,111
1,<environment.Job instance at 0x7f42d2c3f820>,51,12,[5 6],52,125,137,73,114
1,<environment.Job instance at 0x7f42d2c3f6e0>,49,2,[9 1],50,135,137,85,115
1,<environment.Job instance at 0x7f42d2c28960>,33,13,[7 5],34,137,150,103,122
1,<environment.Job instance at 0x7f42d2c3fd20>,59,17,[1 9],60,137,154,77,126
1,<environment.Job instance at 0x7f42d2c3ff00>,60,1,[9 4],61,150,151,89,126
1,<environment.Job instance at 0x7f42d2c3fc80>,58,14,[9 1],59,151,165,92,137
1,<environment.Job instance at 0x7f42d2c3fd70>,63,3,[10  3],64,165,168,101,143
1,<environment.Job instance at 0x7f42d2c3feb0>,61,2,[ 3 14],62,154,156,92,144
1,<environment.Job instance at 0x7f42d2c522d0>,65,1,[8 4],66,168,169,102,144
1,<environment.Job instance at 0x7f42d2c3fa00>,54,3,[ 2 12],55,156,159,101,144
1,<environment.Job instance at 0x7f42d2c52370>,66,13,[12  4],67,169,182,102,155
1,<environment.Job instance at 0x7f42d2c52500>,70,2,[2 7],71,159,161,88,155
1,<environment.Job instance at 0x7f42d2c52550>,71,12,[1 8],72,161,173,89,155
1,<environment.Job instance at 0x7f42d2c52b40>,76,12,[ 2 11],77,173,185,96,162
1,<environment.Job instance at 0x7f42d2c52e10>,78,24,[4 7],79,187,211,108,187
1,<environment.Job instance at 0x7f42d2c524b0>,68,18,[6 5],69,187,205,118,187
1,<environment.Job instance at 0x7f42d2c52f00>,81,3,[5 2],82,189,192,107,189
1,<environment.Job instance at 0x7f42d2c52cd0>,83,3,[4 7],84,205,208,121,195
1,<environment.Job instance at 0x7f42d2c30230>,84,18,[ 4 11],85,211,229,126,203
1,<environment.Job instance at 0x7f42d2c52410>,67,27,[9 3],68,211,238,143,211
1,<environment.Job instance at 0x7f42d5336050>,0,20,[4 6],1,1,21,0,1
1,<environment.Job instance at 0x7f42d5336f50>,2,2,[8 4],3,3,5,0,3
1,<environment.Job instance at 0x7f42d2c30a00>,3,14,[ 1 11],4,21,35,17,7
1,<environment.Job instance at 0x7f42d2cd2a00>,8,2,[13  3],9,21,23,12,10
1,<environment.Job instance at 0x7f42d5463eb0>,15,2,[6 3],16,16,18,0,16
1,<environment.Job instance at 0x7f42d54633c0>,18,20,[3 8],19,35,55,16,29
1,<environment.Job instance at 0x7f42d5463960>,20,24,[10  4],21,35,59,14,35
1,<environment.Job instance at 0x7f42d312c4b0>,24,1,[ 2 11],25,55,56,30,40
1,<environment.Job instance at 0x7f42d2a9c2d0>,27,1,[2 6],28,58,59,30,58
1,<environment.Job instance at 0x7f42d2a9ccd0>,28,3,[8 3],29,59,62,30,58
1,<environment.Job instance at 0x7f42d525a0f0>,29,19,[5 5],30,59,78,29,58
1,<environment.Job instance at 0x7f42d2f355a0>,31,18,[4 8],32,73,91,41,73
1,<environment.Job instance at 0x7f428cf20cd0>,33,3,[8 4],34,78,81,44,73
1,<environment.Job instance at 0x7f42d2e6dd70>,35,12,[10  1],36,87,99,51,87
1,<environment.Job instance at 0x7f42d5788fa0>,40,2,[5 1],41,109,111,68,109
1,<environment.Job instance at 0x7f42d53f1be0>,5,16,[ 2 11],6,117,133,111,117
1,<environment.Job instance at 0x7f428d2697d0>,44,3,[7 4],45,121,124,76,121
1,<environment.Job instance at 0x7f428d3f5e60>,45,2,[4 5],46,133,135,87,121
1,<environment.Job instance at 0x7f428d3f58c0>,47,2,[7 4],48,124,126,76,122
1,<environment.Job instance at 0x7f428d3f57d0>,46,18,[10  2],47,128,146,81,128
1,<environment.Job instance at 0x7f428cf1c460>,52,3,[4 8],53,148,151,95,148
1,<environment.Job instance at 0x7f428cf1c410>,54,2,[1 6],55,150,152,95,150
1,<environment.Job instance at 0x7f42d53f2be0>,56,1,[5 1],57,164,165,107,164
1,<environment.Job instance at 0x7f42d53f2aa0>,57,27,[ 2 11],58,164,191,106,164
1,<environment.Job instance at 0x7f42d5932640>,59,3,[11  2],60,167,170,107,167
1,<environment.Job instance at 0x7f42d2c32e10>,62,1,[12  5],63,191,192,128,167
1,<environment.Job instance at 0x7f42d2c32b90>,63,3,[10  3],64,170,173,106,169
1,<environment.Job instance at 0x7f428d336c30>,67,3,[7 5],68,192,195,124,175
1,<environment.Job instance at 0x7f428d336320>,69,1,[8 2],70,184,185,114,184
1,<environment.Job instance at 0x7f42d5463140>,22,17,[ 2 11],23,195,212,172,194
1,<environment.Job instance at 0x7f42d2c6cdc0>,76,3,[5 4],77,199,202,122,199
1,<environment.Job instance at 0x7f42d2c6c3c0>,77,2,[7 2],78,202,204,124,199
1,<environment.Job instance at 0x7f42d2c6c960>,79,1,[5 7],80,212,213,132,206
1,<environment.Job instance at 0x7f42d2c6c370>,80,14,[ 2 10],81,213,227,132,213
1,<environment.Job instance at 0x7f42d2a92820>,0,19,[4 5],1,1,20,0,1
1,<environment.Job instance at 0x7f42d2a730a0>,7,2,[9 3],8,8,10,0,8
1,<environment.Job instance at 0x7f428d2ef5f0>,9,1,[5 4],10,10,11,0,10
1,<environment.Job instance at 0x7f428d39a690>,10,23,[9 4],11,11,34,0,11
1,<environment.Job instance at 0x7f42d2c6caf0>,5,1,[5 8],6,20,21,14,12
1,<environment.Job instance at 0x7f428d269730>,11,21,[8 2],12,34,55,22,26
1,<environment.Job instance at 0x7f42d553b230>,15,18,[5 5],16,28,46,12,28
1,<environment.Job instance at 0x7f428d2f0dc0>,20,3,[5 7],21,46,49,25,39
1,<environment.Job instance at 0x7f428d39a3c0>,12,21,[5 7],13,49,70,36,47
1,<environment.Job instance at 0x7f428d2f05f0>,21,1,[7 3],22,55,56,33,49
1,<environment.Job instance at 0x7f42d552e910>,27,3,[6 3],28,59,62,31,59
1,<environment.Job instance at 0x7f42d8113140>,24,14,[9 1],25,62,76,37,60
1,<environment.Job instance at 0x7f42d58ff320>,29,1,[2 5],30,70,71,40,62
1,<environment.Job instance at 0x7f42d58ff1e0>,28,17,[12  1],29,76,93,47,65
1,<environment.Job instance at 0x7f42d30968c0>,33,14,[3 6],34,70,84,36,65
1,<environment.Job instance at 0x7f42d2b67af0>,34,2,[9 3],35,93,95,58,66
1,<environment.Job instance at 0x7f42d2b67820>,35,18,[1 8],36,84,102,48,73
1,<environment.Job instance at 0x7f42d3096b40>,36,13,[9 3],37,95,108,58,79
1,<environment.Job instance at 0x7f42d3096c80>,37,23,[5 3],38,93,116,55,87
1,<environment.Job instance at 0x7f42d546b320>,38,16,[9 4],39,108,124,69,95
1,<environment.Job instance at 0x7f42d546b640>,40,14,[1 5],41,102,116,61,100
1,<environment.Job instance at 0x7f42d546bb90>,39,15,[5 7],40,116,131,76,103
1,<environment.Job instance at 0x7f42d553bb40>,23,18,[7 1],24,124,142,100,113
1,<environment.Job instance at 0x7f42d546b4b0>,42,12,[ 5 13],43,131,143,88,114
1,<environment.Job instance at 0x7f42d55a7190>,44,13,[2 6],45,143,156,98,128
1,<environment.Job instance at 0x7f42d3096870>,32,16,[13  1],33,143,159,110,131
1,<environment.Job instance at 0x7f42d2dc1eb0>,51,13,[6 3],52,159,172,107,146
1,<environment.Job instance at 0x7f42d2dc1d20>,52,14,[3 9],53,159,173,106,151
1,<environment.Job instance at 0x7f42d2dc1e60>,55,2,[8 3],56,172,174,116,156
1,<environment.Job instance at 0x7f42d2dc1d70>,56,3,[ 5 10],57,173,176,116,156
1,<environment.Job instance at 0x7f42d55a7a50>,50,13,[11  2],51,176,189,125,160
1,<environment.Job instance at 0x7f42d2dc19b0>,57,16,[ 3 12],58,176,192,118,163
1,<environment.Job instance at 0x7f42d2d688c0>,61,3,[1 9],62,192,195,130,168
1,<environment.Job instance at 0x7f428d55fc30>,62,3,[7 1],63,189,192,126,168
1,<environment.Job instance at 0x7f428d55f0f0>,63,22,[5 2],64,189,211,125,188
1,<environment.Job instance at 0x7f428d55fdc0>,64,18,[5 6],65,195,213,130,188
1,<environment.Job instance at 0x7f428d545730>,65,17,[3 6],66,195,212,129,190
1,<environment.Job instance at 0x7f428d2774b0>,66,13,[8 2],67,212,225,145,198
1,<environment.Job instance at 0x7f428d545690>,67,13,[4 5],68,213,226,145,201
1,<environment.Job instance at 0x7f428d306c80>,68,12,[ 4 10],69,225,237,156,214
1,<environment.Job instance at 0x7f42d546b910>,41,18,[11  2],42,226,244,184,225
1,<environment.Job instance at 0x7f428d17aaa0>,8,3,[6 1],9,9,12,0,9
1,<environment.Job instance at 0x7f42d5366190>,9,3,[8 2],10,10,13,0,10
1,<environment.Job instance at 0x7f42d5366780>,10,2,[ 2 12],11,12,14,1,11
1,<environment.Job instance at 0x7f42d5366a50>,13,16,[8 1],14,14,30,0,14
1,<environment.Job instance at 0x7f428d639eb0>,3,1,[12  4],4,30,31,26,14
1,<environment.Job instance at 0x7f42d5366af0>,11,21,[4 9],12,31,52,19,23
1,<environment.Job instance at 0x7f428d4ebfa0>,19,18,[6 1],20,31,49,11,31
1,<environment.Job instance at 0x7f428d4ebdc0>,21,3,[2 6],22,49,52,27,31
1,<environment.Job instance at 0x7f428d4ef370>,23,3,[8 3],24,52,55,28,32
1,<environment.Job instance at 0x7f428d4ef3c0>,24,15,[11  1],25,55,70,30,41
1,<environment.Job instance at 0x7f428d4ef690>,28,3,[2 7],29,52,55,23,51
1,<environment.Job instance at 0x7f428d4ef910>,31,20,[ 5 13],32,70,90,38,61
1,<environment.Job instance at 0x7f428d4ef870>,32,1,[5 1],33,70,71,37,61
1,<environment.Job instance at 0x7f428d4efa00>,35,1,[6 4],36,90,91,54,63
1,<environment.Job instance at 0x7f428d4efc80>,36,3,[6 1],37,71,74,34,64
1,<environment.Job instance at 0x7f428d4efd20>,37,1,[5 1],38,70,71,32,64
1,<environment.Job instance at 0x7f428d4efe60>,39,1,[8 1],40,74,75,34,71
1,<environment.Job instance at 0x7f428d4effa0>,40,24,[7 2],41,75,99,34,73
1,<environment.Job instance at 0x7f428d4eff00>,43,3,[10  3],44,99,102,55,86
1,<environment.Job instance at 0x7f428d4f32d0>,44,17,[8 1],45,102,119,57,90
1,<environment.Job instance at 0x7f428d4f3050>,45,15,[ 1 12],46,91,106,45,90
1,<environment.Job instance at 0x7f428d4f30f0>,46,19,[2 9],47,106,125,59,96
1,<environment.Job instance at 0x7f428d4f3410>,48,20,[ 1 10],49,125,145,76,116
1,<environment.Job instance at 0x7f428d4f3730>,50,3,[5 3],51,116,119,65,116
1,<environment.Job instance at 0x7f428d4f38c0>,58,2,[ 1 13],59,145,147,86,137
1,<environment.Job instance at 0x7f428d4f37d0>,59,17,[ 1 10],60,147,164,87,137
1,<environment.Job instance at 0x7f428d4f3cd0>,60,28,[ 2 14],61,164,192,103,163
1,<environment.Job instance at 0x7f428d4f3e60>,61,28,[5 1],62,163,191,101,163
1,<environment.Job instance at 0x7f428d4d10f0>,66,3,[7 4],67,192,195,125,168
1,<environment.Job instance at 0x7f428d4d1690>,70,2,[10  5],71,195,197,124,168
1,<environment.Job instance at 0x7f428d4d19b0>,73,23,[7 4],74,197,220,123,191
1,<environment.Job instance at 0x7f428d4ebcd0>,17,20,[5 7],18,192,212,174,191
1,<environment.Job instance at 0x7f428d4d1af0>,76,12,[9 5],77,220,232,143,206
1,<environment.Job instance at 0x7f428d4d1910>,75,12,[2 8],76,217,229,141,217
1,<environment.Job instance at 0x7f428d4d1eb0>,82,13,[2 9],83,229,242,146,217
1,<environment.Job instance at 0x7f428d4d1dc0>,81,14,[9 4],82,232,246,150,218
1,<environment.Job instance at 0x7f428d4e8fa0>,0,22,[2 5],1,1,23,0,1
1,<environment.Job instance at 0x7f428d2f0c30>,3,2,[ 4 10],4,4,6,0,4
1,<environment.Job instance at 0x7f428d4d1f00>,5,3,[5 6],6,6,9,0,6
1,<environment.Job instance at 0x7f42d2bdc320>,12,1,[9 5],13,14,15,1,14
1,<environment.Job instance at 0x7f42d2d8c730>,14,28,[4 5],15,15,43,0,15
1,<environment.Job instance at 0x7f42d2d8c0a0>,15,3,[9 2],16,16,19,0,16
1,<environment.Job instance at 0x7f42d2bdc7d0>,17,2,[ 5 13],18,43,45,25,27
1,<environment.Job instance at 0x7f42d2d8caf0>,19,1,[4 5],20,27,28,7,27
1,<environment.Job instance at 0x7f42d2d8cf00>,23,2,[5 1],24,42,44,18,42
1,<environment.Job instance at 0x7f42d2d8c370>,26,3,[5 1],27,57,60,30,57
1,<environment.Job instance at 0x7f42d538a5f0>,32,2,[1 7],33,78,80,45,78
1,<environment.Job instance at 0x7f42d2d8ccd0>,27,1,[2 6],28,87,88,59,87
1,<environment.Job instance at 0x7f42d538a050>,35,21,[9 3],36,89,110,53,89
1,<environment.Job instance at 0x7f42d538aa00>,37,25,[9 4],38,110,135,72,106
1,<environment.Job instance at 0x7f428ce5bf50>,43,12,[10  1],44,135,147,91,121
1,<environment.Job instance at 0x7f42d7fc1eb0>,45,2,[4 8],46,126,128,80,126
1,<environment.Job instance at 0x7f42d7fc1c30>,47,2,[1 8],48,128,130,80,126
1,<environment.Job instance at 0x7f42d3191910>,48,2,[10  5],49,147,149,98,126
1,<environment.Job instance at 0x7f42d31912d0>,49,28,[6 1],50,149,177,99,148
1,<environment.Job instance at 0x7f42d538ac80>,30,16,[7 5],31,149,165,118,148
1,<environment.Job instance at 0x7f42d538a7d0>,34,17,[2 5],35,149,166,114,149
1,<environment.Job instance at 0x7f428d419eb0>,55,3,[7 5],56,165,168,109,152
1,<environment.Job instance at 0x7f428d419780>,63,24,[5 3],64,169,193,105,169
1,<environment.Job instance at 0x7f42d2d8cf50>,21,25,[10  1],22,177,202,155,175
1,<environment.Job instance at 0x7f428d4191e0>,67,2,[11  4],68,202,204,134,178
1,<environment.Job instance at 0x7f428d419f00>,56,17,[2 6],57,193,210,136,186
1,<environment.Job instance at 0x7f42d595f2d0>,70,3,[8 3],71,204,207,133,193
1,<environment.Job instance at 0x7f428d419be0>,68,12,[9 3],69,207,219,138,197
1,<environment.Job instance at 0x7f42d595fb90>,75,15,[3 9],76,210,225,134,204
1,<environment.Job instance at 0x7f42d7f78c30>,76,1,[6 3],77,219,220,142,204
1,<environment.Job instance at 0x7f42d7f78d20>,78,19,[ 3 11],79,225,244,146,215
1,<environment.Job instance at 0x7f42d2c6f6e0>,80,17,[10  1],81,220,237,139,215
1,<environment.Job instance at 0x7f42d2c6f4b0>,1,1,[4 5],2,2,3,0,2
1,<environment.Job instance at 0x7f42d523e460>,2,3,[8 1],3,3,6,0,3
1,<environment.Job instance at 0x7f42d2c6ff50>,5,3,[10  4],6,6,9,0,6
1,<environment.Job instance at 0x7f42d5369780>,6,1,[ 4 10],7,7,8,0,7
1,<environment.Job instance at 0x7f42d2af04b0>,7,13,[14  4],8,11,24,3,11
1,<environment.Job instance at 0x7f42d2bdc640>,16,21,[5 5],17,26,47,9,26
1,<environment.Job instance at 0x7f42d2af0be0>,9,2,[5 8],10,26,28,16,26
1,<environment.Job instance at 0x7f42d2bdc730>,21,3,[8 5],22,30,33,8,30
1,<environment.Job instance at 0x7f42d80b1dc0>,23,2,[13  2],24,47,49,23,30
1,<environment.Job instance at 0x7f42d80b1190>,25,25,[1 6],26,41,66,15,41
1,<environment.Job instance at 0x7f42d80b1b40>,28,3,[ 1 10],29,66,69,37,46
1,<environment.Job instance at 0x7f42d80b15a0>,29,3,[9 3],30,49,52,19,46
1,<environment.Job instance at 0x7f42d2fe8af0>,30,27,[11  2],31,52,79,21,50
1,<environment.Job instance at 0x7f42d2bdc370>,19,15,[3 9],20,69,84,49,55
1,<environment.Job instance at 0x7f42d2fe8870>,33,3,[3 8],34,84,87,50,63
1,<environment.Job instance at 0x7f42d2af06e0>,8,17,[9 5],9,79,96,70,67
1,<environment.Job instance at 0x7f42d2fe8a00>,32,20,[ 5 10],33,87,107,54,78
1,<environment.Job instance at 0x7f42d2ad3050>,47,24,[5 9],48,107,131,59,102
1,<environment.Job instance at 0x7f42d2fe8d70>,35,24,[8 3],36,103,127,67,103
1,<environment.Job instance at 0x7f42d546fcd0>,51,28,[3 6],52,127,155,75,126
1,<environment.Job instance at 0x7f42d546f8c0>,53,2,[2 7],54,131,133,77,126
1,<environment.Job instance at 0x7f42d546fe10>,54,3,[10  5],55,133,136,78,126
1,<environment.Job instance at 0x7f42d2ad3410>,41,16,[3 9],42,136,152,94,136
1,<environment.Job instance at 0x7f42d2b8ddc0>,58,2,[4 6],59,152,154,93,136
1,<environment.Job instance at 0x7f42d2b8d640>,60,20,[9 3],61,154,174,93,145
1,<environment.Job instance at 0x7f42d2ad3320>,49,3,[1 7],50,155,158,105,149
1,<environment.Job instance at 0x7f42d2b8dfa0>,67,1,[ 1 13],68,174,175,106,158
1,<environment.Job instance at 0x7f42d2b8df00>,68,26,[8 2],69,174,200,105,171
1,<environment.Job instance at 0x7f42d2fe8aa0>,36,14,[6 4],37,175,189,138,171
1,<environment.Job instance at 0x7f42d536f230>,70,13,[4 6],71,189,202,118,173
1,<environment.Job instance at 0x7f42d536f870>,75,25,[ 3 14],76,202,227,126,198
1,<environment.Job instance at 0x7f42d536f0a0>,78,3,[10  2],79,227,230,148,203
1,<environment.Job instance at 0x7f42d2b82af0>,81,3,[ 4 13],82,227,230,145,208
1,<environment.Job instance at 0x7f42d2fe8960>,1,2,[3 9],2,2,4,0,2
1,<environment.Job instance at 0x7f42d2d57370>,5,19,[1 5],6,7,26,1,7
1,<environment.Job instance at 0x7f42d2d57c80>,6,13,[5 7],7,8,21,1,8
1,<environment.Job instance at 0x7f42d57c0fa0>,10,18,[9 2],11,11,29,0,11
1,<environment.Job instance at 0x7f42d2af0730>,7,1,[10  2],8,29,30,21,12
1,<environment.Job instance at 0x7f42d5518aa0>,8,16,[3 8],9,21,37,12,14
1,<environment.Job instance at 0x7f428ce45960>,18,3,[3 8],19,37,40,18,24
1,<environment.Job instance at 0x7f428ce45c30>,22,1,[1 8],23,40,41,17,36
1,<environment.Job instance at 0x7f428ce45b40>,23,24,[10  2],24,36,60,12,36
1,<environment.Job instance at 0x7f428ce4ceb0>,26,1,[9 2],27,60,61,33,42
1,<environment.Job instance at 0x7f428cf54b40>,15,14,[4 8],16,43,57,27,43
1,<environment.Job instance at 0x7f428ce45a00>,16,17,[ 5 11],17,57,74,40,52
1,<environment.Job instance at 0x7f42d2fd3780>,34,3,[9 3],35,64,67,29,64
1,<environment.Job instance at 0x7f42d82069b0>,36,1,[5 2],37,67,68,30,67
1,<environment.Job instance at 0x7f428cf54640>,14,27,[6 1],15,71,98,56,71
1,<environment.Job instance at 0x7f42d30fb2d0>,41,16,[ 5 11],42,86,102,44,86
1,<environment.Job instance at 0x7f42d2fb5690>,44,3,[10  2],45,98,101,53,87
1,<environment.Job instance at 0x7f428ce587d0>,45,27,[4 5],46,102,129,56,100
1,<environment.Job instance at 0x7f428ce0c730>,46,1,[12  2],47,129,130,82,102
1,<environment.Job instance at 0x7f42d53e0aa0>,48,2,[1 9],49,105,107,56,105
1,<environment.Job instance at 0x7f42d3124c80>,51,2,[ 5 10],52,107,109,55,107
1,<environment.Job instance at 0x7f42d53f34b0>,53,3,[6 2],54,109,112,55,109
1,<environment.Job instance at 0x7f42d31154b0>,54,1,[7 4],55,112,113,57,109
1,<environment.Job instance at 0x7f42d3109370>,55,3,[9 2],56,113,116,57,109
1,<environment.Job instance at 0x7f42d2e87190>,56,25,[7 3],57,130,155,73,126
1,<environment.Job instance at 0x7f42d3109aa0>,57,3,[8 1],58,130,133,72,127
1,<environment.Job instance at 0x7f428d3d5780>,60,26,[6 4],61,133,159,72,130
1,<environment.Job instance at 0x7f42d2ba58c0>,64,1,[5 5],65,155,156,90,136
1,<environment.Job instance at 0x7f42d2ba5fa0>,67,21,[9 4],68,156,177,88,151
1,<environment.Job instance at 0x7f428ce0c410>,49,14,[5 1],50,159,173,109,152
1,<environment.Job instance at 0x7f42d53c5820>,68,21,[5 1],69,173,194,104,165
1,<environment.Job instance at 0x7f42d53c5d20>,70,2,[5 4],71,177,179,106,165
1,<environment.Job instance at 0x7f42d53c54b0>,73,1,[7 3],74,179,180,105,166
1,<environment.Job instance at 0x7f428cca23c0>,77,3,[ 1 10],78,171,174,93,171
1,<environment.Job instance at 0x7f42d53c5eb0>,78,2,[5 7],79,177,179,98,171
1,<environment.Job instance at 0x7f428cca2b40>,79,20,[5 9],80,180,200,100,171
1,<environment.Job instance at 0x7f428cca2be0>,83,3,[6 3],84,194,197,110,190
1,<environment.Job instance at 0x7f428cca2730>,84,2,[10  4],85,197,199,112,190
1,<environment.Job instance at 0x7f428cca2370>,85,3,[1 9],86,200,203,114,190
1,<environment.Job instance at 0x7f428cca2280>,86,2,[5 2],87,190,192,103,190
1,<environment.Job instance at 0x7f428cca2140>,87,3,[1 6],88,199,202,111,190
1,<environment.Job instance at 0x7f428ce45aa0>,21,24,[14  3],22,210,234,188,210
1,<environment.Job instance at 0x7f42d596be10>,9,3,[ 3 10],10,10,13,0,10
1,<environment.Job instance at 0x7f42d596ba00>,10,25,[5 3],11,11,36,0,11
1,<environment.Job instance at 0x7f42d596b730>,11,16,[11  2],12,36,52,24,24
1,<environment.Job instance at 0x7f42d2ad3fa0>,4,1,[13  5],5,52,53,47,24
1,<environment.Job instance at 0x7f428d22ae60>,19,28,[3 9],20,53,81,33,52
1,<environment.Job instance at 0x7f42d5294960>,26,3,[ 5 14],27,81,84,54,55
1,<environment.Job instance at 0x7f42d5690140>,33,1,[5 4],34,79,80,45,79
1,<environment.Job instance at 0x7f42d5690af0>,34,3,[8 2],35,84,87,49,79
1,<environment.Job instance at 0x7f428d2e61e0>,35,1,[1 8],36,84,85,48,79
1,<environment.Job instance at 0x7f428d2e6230>,37,16,[11  1],38,87,103,49,84
1,<environment.Job instance at 0x7f428d2e6320>,39,12,[3 9],40,93,105,53,93
1,<environment.Job instance at 0x7f428d2e6f50>,43,3,[5 3],44,103,106,59,102
1,<environment.Job instance at 0x7f42d2ecca00>,5,13,[9 1],6,111,124,105,111
1,<environment.Job instance at 0x7f428d2e68c0>,47,16,[ 5 13],48,114,130,66,114
1,<environment.Job instance at 0x7f428cdfceb0>,49,2,[13  4],50,130,132,80,114
1,<environment.Job instance at 0x7f428cdfc5f0>,52,1,[2 9],53,130,131,77,118
1,<environment.Job instance at 0x7f428cdfc230>,53,20,[ 5 12],54,132,152,78,123
1,<environment.Job instance at 0x7f428cdfcaf0>,54,2,[ 5 11],55,152,154,97,125
1,<environment.Job instance at 0x7f42d80b6f00>,60,13,[10  1],61,132,145,71,129
1,<environment.Job instance at 0x7f42d30cf140>,61,2,[ 5 11],62,154,156,92,129
1,<environment.Job instance at 0x7f428cdfc8c0>,55,16,[10  3],56,145,161,89,141
1,<environment.Job instance at 0x7f42d58da280>,67,3,[9 4],68,161,164,93,141
1,<environment.Job instance at 0x7f428ce78640>,68,13,[8 2],69,164,177,95,149
1,<environment.Job instance at 0x7f428d1739b0>,70,2,[8 2],71,177,179,106,150
1,<environment.Job instance at 0x7f428ce00410>,72,15,[5 1],73,156,171,83,153
1,<environment.Job instance at 0x7f428ce00aa0>,73,3,[2 7],74,164,167,90,153
1,<environment.Job instance at 0x7f428ce00550>,74,1,[4 6],75,171,172,96,153
1,<environment.Job instance at 0x7f428ce00a50>,75,3,[10  5],76,179,182,103,153
1,<environment.Job instance at 0x7f42d2eba7d0>,30,16,[1 7],31,167,183,136,165
1,<environment.Job instance at 0x7f428ce00b90>,76,16,[13  1],77,182,198,105,169
1,<environment.Job instance at 0x7f42d80b0050>,79,3,[6 2],80,172,175,92,172
1,<environment.Job instance at 0x7f42d525ab40>,81,1,[6 3],82,175,176,93,172
1,<environment.Job instance at 0x7f42d525ae10>,83,3,[10  4],84,198,201,114,172
1,<environment.Job instance at 0x7f42d525a460>,84,1,[4 8],85,198,199,113,172
1,<environment.Job instance at 0x7f42d525a820>,86,27,[2 9],87,199,226,112,197
1,<environment.Job instance at 0x7f42d2d35410>,1,1,[10  1],2,2,3,0,2
1,<environment.Job instance at 0x7f428d0ff690>,2,22,[8 1],3,3,25,0,3
1,<environment.Job instance at 0x7f42d2e64eb0>,3,14,[14  4],4,25,39,21,11
1,<environment.Job instance at 0x7f42d55f15a0>,9,2,[10  2],10,39,41,29,12
1,<environment.Job instance at 0x7f42d55f1f50>,10,2,[14  4],11,41,43,30,14
1,<environment.Job instance at 0x7f42d55f1b40>,11,27,[8 5],12,43,70,31,41
1,<environment.Job instance at 0x7f42d55f1960>,14,16,[11  4],15,70,86,55,57
1,<environment.Job instance at 0x7f428d2d7eb0>,5,3,[ 1 13],6,86,89,80,63
1,<environment.Job instance at 0x7f428d41ae10>,18,16,[13  2],19,86,102,67,73
1,<environment.Job instance at 0x7f428d41a780>,20,1,[5 2],21,102,103,81,74
1,<environment.Job instance at 0x7f428d41aaf0>,21,14,[ 2 12],22,89,103,67,80
1,<environment.Job instance at 0x7f428d41a370>,23,26,[7 1],24,102,128,78,99
1,<environment.Job instance at 0x7f428d41a2d0>,28,12,[ 1 10],29,105,117,76,105
1,<environment.Job instance at 0x7f428d41a280>,29,1,[7 1],30,105,106,75,105
1,<environment.Job instance at 0x7f428d5604b0>,30,3,[5 1],31,106,109,75,105
1,<environment.Job instance at 0x7f428d560e10>,31,2,[3 8],32,117,119,85,105
1,<environment.Job instance at 0x7f428d560640>,35,3,[6 4],36,121,124,85,121
1,<environment.Job instance at 0x7f428d560910>,37,3,[1 8],38,121,124,83,121
1,<environment.Job instance at 0x7f428d5600a0>,38,3,[3 6],39,124,127,85,121
1,<environment.Job instance at 0x7f428d5601e0>,40,12,[4 6],41,128,140,87,128
1,<environment.Job instance at 0x7f428d560d70>,41,3,[10  1],42,128,131,86,128
1,<environment.Job instance at 0x7f428d560a00>,42,18,[1 9],43,131,149,88,128
1,<environment.Job instance at 0x7f428d5603c0>,43,2,[2 6],44,140,142,96,128
1,<environment.Job instance at 0x7f428d560dc0>,45,1,[7 3],46,142,143,96,130
1,<environment.Job instance at 0x7f428d560460>,46,3,[5 5],47,143,146,96,130
1,<environment.Job instance at 0x7f428d560b90>,47,2,[3 7],48,149,151,101,130
1,<environment.Job instance at 0x7f428d560870>,49,25,[3 6],50,146,171,96,142
1,<environment.Job instance at 0x7f428d560c80>,51,16,[ 5 12],52,171,187,119,158
1,<environment.Job instance at 0x7f42d81f2a00>,53,17,[13  5],54,187,204,133,176
1,<environment.Job instance at 0x7f428d3e85f0>,64,18,[ 4 10],65,204,222,139,194
1,<environment.Job instance at 0x7f428cfc8be0>,65,2,[ 3 11],66,222,224,156,199
1,<environment.Job instance at 0x7f428cfc8050>,67,1,[10  3],68,204,205,136,200
1,<environment.Job instance at 0x7f428cfc88c0>,72,3,[ 4 11],73,224,227,151,213
1,<environment.Job instance at 0x7f428cfc8c80>,75,2,[9 1],76,228,230,152,228
1,<environment.Job instance at 0x7f42d5768780>,0,20,[ 4 10],1,1,21,0,1
1,<environment.Job instance at 0x7f428d2d7640>,4,2,[1 9],5,21,23,16,5
1,<environment.Job instance at 0x7f42d2e64370>,6,24,[4 5],7,7,31,0,7
1,<environment.Job instance at 0x7f42d2d57cd0>,7,24,[4 8],8,23,47,15,18
1,<environment.Job instance at 0x7f428cfc8c80>,8,3,[9 5],9,31,34,22,26
1,<environment.Job instance at 0x7f428d1c5c80>,9,3,[5 4],10,34,37,24,27
1,<environment.Job instance at 0x7f428d336d70>,21,2,[ 2 10],22,47,49,25,33
1,<environment.Job instance at 0x7f428d3acb90>,22,23,[6 2],23,34,57,11,34
1,<environment.Job instance at 0x7f42d2f89730>,24,3,[ 1 12],25,49,52,24,36
1,<environment.Job instance at 0x7f428ced0c30>,17,18,[6 1],18,47,65,29,37
1,<environment.Job instance at 0x7f428d336f50>,23,1,[9 4],24,57,58,33,39
1,<environment.Job instance at 0x7f428d336be0>,20,2,[7 5],21,58,60,37,44
1,<environment.Job instance at 0x7f428d314b40>,30,2,[1 5],31,45,47,14,45
1,<environment.Job instance at 0x7f428d314dc0>,31,1,[3 6],32,52,53,20,46
1,<environment.Job instance at 0x7f428d3acf50>,25,14,[12  1],26,65,79,39,50
1,<environment.Job instance at 0x7f428d314960>,33,1,[11  3],34,79,80,45,54
1,<environment.Job instance at 0x7f428d3146e0>,35,28,[ 4 12],36,79,107,43,78
1,<environment.Job instance at 0x7f428d330e60>,39,1,[ 4 13],40,107,108,67,80
1,<environment.Job instance at 0x7f428d32a280>,40,1,[7 5],41,108,109,67,80
1,<environment.Job instance at 0x7f42d2faa5f0>,42,2,[3 5],43,108,110,65,82
1,<environment.Job instance at 0x7f42d2faacd0>,43,14,[ 2 11],44,110,124,66,95
1,<environment.Job instance at 0x7f428ce022d0>,47,2,[6 5],48,124,126,76,109
1,<environment.Job instance at 0x7f428d314aa0>,34,14,[ 5 10],35,124,138,89,111
1,<environment.Job instance at 0x7f428cdd95f0>,48,18,[10  1],49,126,144,77,116
1,<environment.Job instance at 0x7f428cdcc550>,55,24,[5 2],56,138,162,82,133
1,<environment.Job instance at 0x7f428d314690>,29,3,[4 5],30,144,147,114,133
1,<environment.Job instance at 0x7f428cddaaf0>,50,15,[4 7],51,144,159,93,134
1,<environment.Job instance at 0x7f42d2fa6af0>,63,3,[10  2],64,159,162,95,150
1,<environment.Job instance at 0x7f42d2fa6cd0>,64,1,[5 9],65,162,163,97,151
1,<environment.Job instance at 0x7f42d2fa60f0>,66,12,[9 1],67,162,174,95,158
1,<environment.Job instance at 0x7f428cdc5a00>,60,25,[6 2],61,168,193,107,168
1,<environment.Job instance at 0x7f428d0ba960>,69,13,[ 1 11],70,174,187,104,168
1,<environment.Job instance at 0x7f428d0ba780>,73,3,[ 4 11],74,187,190,113,186
1,<environment.Job instance at 0x7f428d0ba0a0>,77,1,[10  1],78,193,194,115,186
1,<environment.Job instance at 0x7f428d0ba460>,78,3,[2 6],79,190,193,111,186
1,<environment.Job instance at 0x7f428d0ba5f0>,80,2,[10  4],81,194,196,113,188
1,<environment.Job instance at 0x7f428d0baaa0>,71,13,[9 3],72,201,214,129,201
1,<environment.Job instance at 0x7f428cca2640>,84,1,[2 9],85,201,202,116,201
1,<environment.Job instance at 0x7f428cca2eb0>,85,18,[4 6],86,203,221,117,203
1,<environment.Job instance at 0x7f428d0d1550>,87,2,[10  2],88,214,216,126,214
1,<environment.Job instance at 0x7f428d314c80>,32,18,[6 5],33,216,234,183,214
1,<environment.Job instance at 0x7f428d314910>,5,3,[9 1],6,6,9,0,6
1,<environment.Job instance at 0x7f428d14fe60>,4,19,[ 5 10],5,7,26,2,7
1,<environment.Job instance at 0x7f428d4c0b90>,7,27,[8 5],8,9,36,1,8
1,<environment.Job instance at 0x7f428d598960>,14,3,[13  1],15,36,39,21,15
1,<environment.Job instance at 0x7f42d2e7b050>,18,3,[1 7],19,29,32,10,29
1,<environment.Job instance at 0x7f42d2e7ba50>,19,3,[7 3],20,32,35,12,29
1,<environment.Job instance at 0x7f42d2e7b140>,20,20,[8 5],21,39,59,18,30
1,<environment.Job instance at 0x7f428d120f00>,22,3,[5 8],23,39,42,16,30
1,<environment.Job instance at 0x7f42d2e7bdc0>,23,2,[6 2],24,30,32,6,30
1,<environment.Job instance at 0x7f42d53b5460>,11,1,[2 7],12,35,36,23,31
1,<environment.Job instance at 0x7f428d250780>,26,2,[ 1 10],27,42,44,15,42
1,<environment.Job instance at 0x7f42d2c7d550>,27,3,[2 7],28,44,47,16,42
1,<environment.Job instance at 0x7f42d2c7de10>,28,1,[ 4 14],29,59,60,30,42
1,<environment.Job instance at 0x7f428d0b0820>,29,1,[5 6],30,47,48,17,42
1,<environment.Job instance at 0x7f428cd75be0>,32,3,[5 8],33,50,53,17,50
1,<environment.Job instance at 0x7f428d315320>,34,2,[3 9],35,53,55,18,50
1,<environment.Job instance at 0x7f428d3155a0>,35,1,[1 7],36,55,56,19,50
1,<environment.Job instance at 0x7f428d315190>,36,2,[5 3],37,55,57,18,50
1,<environment.Job instance at 0x7f428cce9410>,37,1,[4 7],38,57,58,19,50
1,<environment.Job instance at 0x7f428cf9ec30>,39,2,[4 8],40,62,64,22,62
1,<environment.Job instance at 0x7f428cf9ee10>,40,2,[13  2],41,64,66,23,62
1,<environment.Job instance at 0x7f42d3082e10>,42,18,[4 8],43,66,84,23,63
1,<environment.Job instance at 0x7f42d3082870>,44,1,[12  5],45,84,85,39,63
1,<environment.Job instance at 0x7f42d3082230>,45,3,[3 9],46,84,87,38,63
1,<environment.Job instance at 0x7f42d30823c0>,47,26,[ 3 10],48,87,113,39,84
1,<environment.Job instance at 0x7f42d3082370>,50,2,[5 4],51,85,87,34,84
1,<environment.Job instance at 0x7f42d3082550>,51,3,[12  2],52,87,90,35,84
1,<environment.Job instance at 0x7f42d31a59b0>,52,1,[2 6],53,113,114,60,85
1,<environment.Job instance at 0x7f42d31a51e0>,53,3,[6 1],54,90,93,36,85
1,<environment.Job instance at 0x7f42d31a5d70>,54,1,[7 3],55,93,94,38,85
1,<environment.Job instance at 0x7f42d31a5550>,55,3,[8 1],56,94,97,38,85
1,<environment.Job instance at 0x7f42d31a52d0>,56,2,[5 9],57,113,115,56,86
1,<environment.Job instance at 0x7f42d31a58c0>,59,2,[10  1],60,97,99,37,88
1,<environment.Job instance at 0x7f428d344640>,62,1,[7 4],63,99,100,36,99
1,<environment.Job instance at 0x7f428d6255f0>,64,3,[14  3],65,115,118,50,103
1,<environment.Job instance at 0x7f428d2fc4b0>,67,3,[6 5],68,121,124,53,121
1,<environment.Job instance at 0x7f428d2fce10>,68,1,[2 8],69,121,122,52,121
1,<environment.Job instance at 0x7f428d2fcc30>,69,2,[6 3],70,122,124,52,121
1,<environment.Job instance at 0x7f428cfc8aa0>,6,15,[3 9],7,126,141,119,126
1,<environment.Job instance at 0x7f428d285fa0>,73,3,[7 1],74,127,130,53,127
1,<environment.Job instance at 0x7f428d285f00>,75,3,[ 1 10],76,141,144,65,128
1,<environment.Job instance at 0x7f428d285b90>,76,1,[11  3],77,130,131,53,128
1,<environment.Job instance at 0x7f428d285050>,77,1,[8 4],78,131,132,53,129
1,<environment.Job instance at 0x7f428d2a9c80>,79,2,[3 9],80,144,146,64,131
1,<environment.Job instance at 0x7f428d355780>,25,25,[4 5],26,132,157,106,131
1,<environment.Job instance at 0x7f428cfc86e0>,9,3,[ 1 12],10,157,160,147,133
1,<environment.Job instance at 0x7f428d2a99b0>,82,2,[8 5],83,146,148,63,137
1,<environment.Job instance at 0x7f42d552e7d0>,85,3,[10  5],86,148,151,62,147
1,<environment.Job instance at 0x7f428d2a9550>,81,17,[9 4],82,160,177,78,158
1,<environment.Job instance at 0x7f428d285140>,72,17,[5 7],73,193,210,120,193
1,<environment.Job instance at 0x7f428d2a9320>,83,14,[14  1],84,210,224,126,207
1,<environment.Job instance at 0x7f428d2a9320>,3,3,[4 7],4,5,8,1,5
1,<environment.Job instance at 0x7f42d539f5a0>,5,3,[8 5],6,6,9,0,6
1,<environment.Job instance at 0x7f42d2cc8910>,2,17,[ 5 14],3,9,26,6,6
1,<environment.Job instance at 0x7f428cd3b370>,13,15,[ 2 12],14,26,41,12,17
1,<environment.Job instance at 0x7f428cd3b410>,18,2,[13  1],19,26,28,7,22
1,<environment.Job instance at 0x7f428d499dc0>,21,26,[7 2],22,28,54,6,26
1,<environment.Job instance at 0x7f428cd3b870>,23,3,[8 2],24,41,44,17,29
1,<environment.Job instance at 0x7f428d499d70>,25,3,[9 4],26,54,57,28,29
1,<environment.Job instance at 0x7f428d499780>,30,2,[8 1],31,48,50,17,48
1,<environment.Job instance at 0x7f428d499fa0>,31,23,[5 9],32,52,75,20,52
1,<environment.Job instance at 0x7f42d2b047d0>,35,3,[8 5],36,59,62,23,59
1,<environment.Job instance at 0x7f42d2b04e60>,37,22,[2 9],38,75,97,37,68
1,<environment.Job instance at 0x7f42d2b04eb0>,38,1,[5 3],39,68,69,29,68
1,<environment.Job instance at 0x7f42d2b04820>,36,1,[ 3 13],37,97,98,60,69
1,<environment.Job instance at 0x7f42d2b043c0>,42,2,[5 4],43,69,71,26,69
1,<environment.Job instance at 0x7f42d2b04690>,46,20,[8 2],47,88,108,41,88
1,<environment.Job instance at 0x7f42d2ae7a50>,48,26,[2 5],49,98,124,49,95
1,<environment.Job instance at 0x7f428cd2f5f0>,12,15,[6 2],13,108,123,95,103
1,<environment.Job instance at 0x7f428d630e60>,56,24,[2 9],57,123,147,66,118
1,<environment.Job instance at 0x7f428d6301e0>,57,12,[ 2 12],58,147,159,89,130
1,<environment.Job instance at 0x7f428d630f00>,59,20,[ 3 11],60,159,179,99,150
1,<environment.Job instance at 0x7f428d6304b0>,66,1,[7 4],67,161,162,94,161
1,<environment.Job instance at 0x7f428d630dc0>,68,2,[7 4],69,168,170,99,168
1,<environment.Job instance at 0x7f428d6306e0>,69,2,[2 6],70,179,181,109,168
1,<environment.Job instance at 0x7f428cd497d0>,71,2,[6 3],72,170,172,98,168
1,<environment.Job instance at 0x7f428cd49230>,72,2,[2 8],73,179,181,106,168
1,<environment.Job instance at 0x7f428cd499b0>,75,2,[8 1],76,182,184,106,182
1,<environment.Job instance at 0x7f428cd49e60>,76,1,[ 3 11],77,182,183,105,182
1,<environment.Job instance at 0x7f428cd49fa0>,78,1,[3 6],79,183,184,104,182
1,<environment.Job instance at 0x7f428cd49820>,79,1,[9 1],80,184,185,104,182
1,<environment.Job instance at 0x7f428d630d70>,58,14,[13  4],59,198,212,139,198
1,<environment.Job instance at 0x7f42d2ae7b40>,50,15,[10  5],51,212,227,161,198
1,<environment.Job instance at 0x7f428cd49870>,85,15,[ 1 10],86,199,214,113,199
1,<environment.Job instance at 0x7f428cd49460>,87,1,[7 5],88,227,228,139,210
1,<environment.Job instance at 0x7f42d2eeae10>,88,1,[10  1],89,228,229,139,210
1,<environment.Job instance at 0x7f42d313ae60>,4,2,[1 5],5,5,7,0,5
1,<environment.Job instance at 0x7f42d596b960>,5,3,[9 4],6,6,9,0,6
1,<environment.Job instance at 0x7f42d596b730>,6,25,[8 1],7,9,34,2,7
1,<environment.Job instance at 0x7f42d596b910>,15,20,[7 2],16,20,40,4,20
1,<environment.Job instance at 0x7f42d596baf0>,12,3,[10  3],13,40,43,27,23
1,<environment.Job instance at 0x7f428ce5e7d0>,18,2,[7 1],19,34,36,15,32
1,<environment.Job instance at 0x7f428ce5eb40>,20,14,[6 1],21,43,57,22,39
1,<environment.Job instance at 0x7f42d596b550>,13,16,[9 5],14,44,60,30,44
1,<environment.Job instance at 0x7f42d57db5a0>,9,3,[7 4],10,60,63,50,44
1,<environment.Job instance at 0x7f428ce5ec80>,25,3,[9 3],26,63,66,37,46
1,<environment.Job instance at 0x7f428ce5e0f0>,27,3,[6 1],28,57,60,29,46
1,<environment.Job instance at 0x7f428ce55050>,29,3,[5 3],30,60,63,30,57
1,<environment.Job instance at 0x7f428ce55460>,31,3,[10  1],32,66,69,34,57
1,<environment.Job instance at 0x7f428ce55f00>,33,20,[4 5],34,63,83,29,60
1,<environment.Job instance at 0x7f428ce55cd0>,28,12,[ 1 10],29,69,81,40,60
1,<environment.Job instance at 0x7f428ce55280>,37,13,[14  1],38,83,96,45,77
1,<environment.Job instance at 0x7f428ce48460>,44,2,[5 2],45,107,109,62,107
1,<environment.Job instance at 0x7f428ce481e0>,45,3,[5 2],46,107,110,61,107
1,<environment.Job instance at 0x7f428ce48550>,46,2,[14  1],47,110,112,63,107
1,<environment.Job instance at 0x7f428ce48500>,47,2,[5 5],48,107,109,59,107
1,<environment.Job instance at 0x7f428ce48780>,50,3,[7 3],51,112,115,61,110
1,<environment.Job instance at 0x7f428ce489b0>,51,25,[1 6],52,110,135,58,110
1,<environment.Job instance at 0x7f428ce55230>,35,20,[5 5],36,112,132,76,110
1,<environment.Job instance at 0x7f428ce55640>,41,18,[3 9],42,132,150,90,121
1,<environment.Job instance at 0x7f428ce48c30>,54,17,[5 5],55,135,152,80,128
1,<environment.Job instance at 0x7f428ce48140>,52,12,[12  2],53,152,164,99,135
1,<environment.Job instance at 0x7f428ce48b90>,53,26,[10  4],54,164,190,110,161
1,<environment.Job instance at 0x7f428ce7a230>,63,2,[5 5],64,164,166,100,162
1,<environment.Job instance at 0x7f428ce7ad20>,65,3,[2 8],66,166,169,100,165
1,<environment.Job instance at 0x7f428ce7a500>,67,28,[7 2],68,190,218,122,189
1,<environment.Job instance at 0x7f428ce7a780>,68,3,[4 5],69,189,192,120,189
1,<environment.Job instance at 0x7f428ce7a910>,69,27,[ 3 10],70,192,219,122,190
1,<environment.Job instance at 0x7f42d2bce910>,72,26,[9 1],73,218,244,145,215
1,<environment.Job instance at 0x7f428ce7a5a0>,64,13,[ 5 11],65,219,232,154,217
1,<environment.Job instance at 0x7f42d2bceb90>,76,3,[ 2 14],77,232,235,155,218
1,<environment.Job instance at 0x7f42d2bcebe0>,78,14,[1 9],79,235,249,156,220
1,<environment.Job instance at 0x7f42d2bce5a0>,79,12,[5 1],80,235,247,155,221
1,<environment.Job instance at 0x7f42d2bce460>,80,3,[8 5],81,244,247,163,221
1,<environment.Job instance at 0x7f14f5616140>,1,15,[ 1 14],2,2,17,0,2
1,<environment.Job instance at 0x7f14ee206280>,4,18,[10  4],5,17,35,12,6
1,<environment.Job instance at 0x7f14ee206500>,6,12,[11  4],7,35,47,28,19
1,<environment.Job instance at 0x7f14ee2069b0>,15,3,[10  2],16,47,50,31,22
1,<environment.Job instance at 0x7f14ee206af0>,17,3,[10  3],18,50,53,32,27
1,<environment.Job instance at 0x7f14ee206e10>,19,17,[12  3],20,53,70,33,41
1,<environment.Job instance at 0x7f14ee2090f0>,21,3,[ 2 10],22,41,44,19,41
1,<environment.Job instance at 0x7f14ee209280>,22,2,[12  3],23,70,72,47,43
1,<environment.Job instance at 0x7f14ee209320>,24,3,[5 9],25,50,53,25,50
1,<environment.Job instance at 0x7f14ee209640>,25,3,[1 6],26,53,56,27,50
1,<environment.Job instance at 0x7f14ee2094b0>,26,22,[2 9],27,56,78,29,50
1,<environment.Job instance at 0x7f14ee209d20>,34,3,[9 5],35,72,75,37,61
1,<environment.Job instance at 0x7f14ee209b90>,36,2,[5 1],37,75,77,38,67
1,<environment.Job instance at 0x7f14ee209af0>,38,12,[3 6],39,78,90,39,78
1,<environment.Job instance at 0x7f14ee209eb0>,39,18,[5 8],40,82,100,42,82
1,<environment.Job instance at 0x7f14ee209c30>,40,1,[1 8],41,100,101,59,82
1,<environment.Job instance at 0x7f14ee20d550>,43,28,[6 4],44,94,122,50,94
1,<environment.Job instance at 0x7f14ee20d640>,44,17,[ 5 12],45,122,139,77,110
1,<environment.Job instance at 0x7f14ee20d820>,47,1,[2 6],48,110,111,62,110
1,<environment.Job instance at 0x7f14ee20dc80>,50,27,[9 1],51,111,138,60,110
1,<environment.Job instance at 0x7f14ee20ddc0>,52,3,[ 3 11],53,139,142,86,118
1,<environment.Job instance at 0x7f14ee20dcd0>,53,18,[ 4 12],54,142,160,88,131
1,<environment.Job instance at 0x7f14ee20e2d0>,57,3,[8 4],58,139,142,81,134
1,<environment.Job instance at 0x7f14ee20e370>,58,1,[5 7],59,160,161,101,134
1,<environment.Job instance at 0x7f14ee20e4b0>,60,24,[ 3 10],61,161,185,100,156
1,<environment.Job instance at 0x7f14ee20e730>,61,2,[9 2],62,156,158,94,156
1,<environment.Job instance at 0x7f14ee20e870>,62,20,[9 1],63,158,178,95,156
1,<environment.Job instance at 0x7f14ee20ed70>,67,26,[5 4],68,178,204,110,175
1,<environment.Job instance at 0x7f14ee20eb40>,68,22,[5 6],69,185,207,116,178
1,<environment.Job instance at 0x7f14ee20b640>,78,19,[8 4],79,204,223,125,196
1,<environment.Job instance at 0x7f14ee20b780>,80,2,[10  3],81,223,225,142,204
1,<environment.Job instance at 0x7f14ee20b820>,81,17,[ 4 14],82,225,242,143,213
1,<environment.Job instance at 0x7f14ee206410>,7,14,[5 1],8,218,232,210,218
1,<environment.Job instance at 0x7f14ee2065a0>,1,1,[9 4],2,2,3,0,2
1,<environment.Job instance at 0x7f14f563fe10>,2,27,[ 3 13],3,3,30,0,3
1,<environment.Job instance at 0x7f14f578aeb0>,8,20,[5 7],9,30,50,21,21
1,<environment.Job instance at 0x7f14f578ae60>,10,20,[5 7],11,30,50,19,21
1,<environment.Job instance at 0x7f14f578ab40>,11,18,[ 3 13],12,50,68,38,39
1,<environment.Job instance at 0x7f14f577db40>,17,18,[ 3 12],18,68,86,50,57
1,<environment.Job instance at 0x7f14f577dc30>,20,2,[5 6],21,86,88,65,59
1,<environment.Job instance at 0x7f14f563f640>,4,17,[5 4],5,86,103,81,74
1,<environment.Job instance at 0x7f14f5787500>,28,16,[7 1],29,88,104,59,76
1,<environment.Job instance at 0x7f14f5787280>,26,2,[9 1],27,84,86,57,84
1,<environment.Job instance at 0x7f14f5787870>,31,2,[9 3],32,104,106,72,86
1,<environment.Job instance at 0x7f14f5787820>,32,3,[8 5],33,106,109,73,86
1,<environment.Job instance at 0x7f14f5642730>,21,18,[11  5],22,109,127,87,98
1,<environment.Job instance at 0x7f14f5787d20>,35,15,[ 3 14],36,127,142,91,113
1,<environment.Job instance at 0x7f14f57830a0>,37,12,[14  5],38,142,154,104,125
1,<environment.Job instance at 0x7f14f5787230>,34,15,[10  5],35,154,169,119,140
1,<environment.Job instance at 0x7f14f578bcd0>,52,16,[6 2],53,169,185,116,163
1,<environment.Job instance at 0x7f14f578bf50>,53,1,[5 6],54,163,164,109,163
1,<environment.Job instance at 0x7f14f578b460>,54,2,[8 5],55,169,171,114,163
1,<environment.Job instance at 0x7f14f5791640>,56,2,[8 2],57,171,173,114,166
1,<environment.Job instance at 0x7f14f57917d0>,57,17,[3 8],58,173,190,115,173
1,<environment.Job instance at 0x7f14f5791280>,59,3,[4 8],60,190,193,130,173
1,<environment.Job instance at 0x7f14f5791190>,61,3,[1 5],62,178,181,116,178
1,<environment.Job instance at 0x7f14f57913c0>,62,1,[10  1],63,185,186,122,178
1,<environment.Job instance at 0x7f14f5791730>,64,13,[1 9],65,197,210,132,197
1,<environment.Job instance at 0x7f14f5791320>,66,22,[11  3],67,197,219,130,197
1,<environment.Job instance at 0x7f14f56156e0>,70,3,[9 1],71,219,222,148,211
1,<environment.Job instance at 0x7f14f5615e10>,72,1,[ 5 10],73,219,220,146,211
1,<environment.Job instance at 0x7f14f5791820>,65,3,[5 5],66,220,223,154,219
1,<environment.Job instance at 0x7f14ee1ac230>,76,1,[7 4],77,225,226,148,225
1,<environment.Job instance at 0x7f14aa457280>,1,2,[12  1],2,2,4,0,2
1,<environment.Job instance at 0x7f14aa55d3c0>,3,27,[5 3],4,4,31,0,4
1,<environment.Job instance at 0x7f14aa55de60>,7,1,[1 6],8,8,9,0,8
1,<environment.Job instance at 0x7f14aa55ddc0>,8,22,[9 2],9,9,31,0,9
1,<environment.Job instance at 0x7f14aa55d820>,9,3,[ 4 12],10,31,34,21,13
1,<environment.Job instance at 0x7f14aa5ac6e0>,13,12,[5 1],14,31,43,17,14
1,<environment.Job instance at 0x7f14aa5acd20>,17,18,[ 1 10],18,34,52,16,34
1,<environment.Job instance at 0x7f14aa5ace60>,18,28,[7 4],19,34,62,15,34
1,<environment.Job instance at 0x7f14aa5acf00>,19,1,[9 2],20,62,63,42,34
1,<environment.Job instance at 0x7f14aa5ac910>,20,2,[4 5],21,52,54,31,34
1,<environment.Job instance at 0x7f14aa5ac460>,21,1,[8 3],22,54,55,32,34
1,<environment.Job instance at 0x7f14aa5ac410>,22,1,[3 8],23,55,56,32,34
1,<environment.Job instance at 0x7f14aa5ac550>,24,28,[9 1],25,63,91,38,62
1,<environment.Job instance at 0x7f14aa5ac0a0>,27,1,[7 2],28,91,92,63,65
1,<environment.Job instance at 0x7f14aa55d230>,10,17,[2 9],11,68,85,57,68
1,<environment.Job instance at 0x7f14aa5acc30>,28,16,[14  3],29,92,108,63,79
1,<environment.Job instance at 0x7f14aa5c1640>,36,3,[7 5],37,108,111,71,90
1,<environment.Job instance at 0x7f14aa5c10a0>,37,3,[4 9],38,108,111,70,90
1,<environment.Job instance at 0x7f14aa5c11e0>,40,28,[7 3],41,111,139,70,110
1,<environment.Job instance at 0x7f14aa5c1d20>,45,3,[6 4],46,122,125,76,122
1,<environment.Job instance at 0x7f14aa5c13c0>,47,16,[2 8],48,135,151,87,135
1,<environment.Job instance at 0x7f14aa5c1b90>,48,12,[9 2],49,139,151,90,135
1,<environment.Job instance at 0x7f14aa5c1d70>,49,1,[8 3],50,151,152,101,135
1,<environment.Job instance at 0x7f14aa5990f0>,51,3,[1 8],52,151,154,99,140
1,<environment.Job instance at 0x7f14aa599690>,54,17,[1 9],55,154,171,99,151
1,<environment.Job instance at 0x7f14aa5995a0>,55,2,[9 2],56,152,154,96,151
1,<environment.Job instance at 0x7f14aa599e10>,56,2,[5 1],57,151,153,94,151
1,<environment.Job instance at 0x7f14aa599a00>,57,1,[1 7],58,171,172,113,151
1,<environment.Job instance at 0x7f14aa599140>,58,12,[12  2],59,154,166,95,151
1,<environment.Job instance at 0x7f14aa599eb0>,60,2,[8 3],61,166,168,105,152
1,<environment.Job instance at 0x7f14aa599be0>,61,19,[ 3 14],62,172,191,110,162
1,<environment.Job instance at 0x7f14aa599410>,62,2,[14  5],63,168,170,105,162
1,<environment.Job instance at 0x7f14aa599c80>,63,21,[9 5],64,191,212,127,183
1,<environment.Job instance at 0x7f14aa602640>,68,21,[5 1],69,191,212,122,191
1,<environment.Job instance at 0x7f14aa5999b0>,65,12,[12  4],66,212,224,146,195
1,<environment.Job instance at 0x7f14aa6020f0>,71,18,[ 5 14],72,224,242,152,213
1,<environment.Job instance at 0x7f14aa602690>,74,1,[3 7],75,213,214,138,213
1,<environment.Job instance at 0x7f14aa602370>,75,2,[7 1],76,224,226,148,213
1,<environment.Job instance at 0x7f14aa602e60>,78,1,[ 5 14],79,242,243,163,221
1,<environment.Job instance at 0x7f14aa602c80>,80,2,[10  1],81,226,228,145,221
1,<environment.Job instance at 0x7f14aa602500>,82,2,[9 4],83,243,245,160,221
1,<environment.Job instance at 0x7f14f5780500>,2,27,[ 2 13],3,3,30,0,3
1,<environment.Job instance at 0x7f14aa625d70>,8,1,[12  5],9,30,31,21,12
1,<environment.Job instance at 0x7f14aa991050>,16,2,[6 5],17,31,33,14,20
1,<environment.Job instance at 0x7f14aa991730>,18,3,[5 1],19,20,23,1,20
1,<environment.Job instance at 0x7f14aa5ab640>,5,18,[9 5],6,31,49,25,28
1,<environment.Job instance at 0x7f14aa4e8af0>,22,2,[9 3],23,49,51,26,36
1,<environment.Job instance at 0x7f14aa4e8730>,24,3,[5 8],25,36,39,11,36
1,<environment.Job instance at 0x7f14aa4e8eb0>,25,2,[2 6],26,39,41,13,36
1,<environment.Job instance at 0x7f14aa4e8050>,27,16,[ 5 13],28,51,67,23,38
1,<environment.Job instance at 0x7f14aa4e8500>,28,2,[1 7],29,46,48,17,46
1,<environment.Job instance at 0x7f14aa4e89b0>,32,2,[6 1],33,52,54,19,52
1,<environment.Job instance at 0x7f14aa8b2eb0>,33,13,[2 5],34,67,80,33,56
1,<environment.Job instance at 0x7f14aa8b24b0>,34,18,[13  2],35,67,85,32,56
1,<environment.Job instance at 0x7f14aa8b2b90>,35,1,[5 7],36,85,86,49,57
1,<environment.Job instance at 0x7f14aa8b2730>,36,2,[3 5],37,85,87,48,58
1,<environment.Job instance at 0x7f14aa997190>,37,2,[9 1],38,58,60,20,58
1,<environment.Job instance at 0x7f14aaad6500>,40,18,[11  4],41,86,104,45,75
1,<environment.Job instance at 0x7f14aa991140>,20,14,[ 3 10],21,87,101,66,78
1,<environment.Job instance at 0x7f14f5788be0>,46,20,[6 2],47,104,124,57,97
1,<environment.Job instance at 0x7f14ee20bfa0>,47,2,[5 9],48,104,106,56,97
1,<environment.Job instance at 0x7f14ee20bb90>,49,1,[4 6],50,101,102,51,97
1,<environment.Job instance at 0x7f14ee20bcd0>,50,1,[2 5],51,102,103,51,97
1,<environment.Job instance at 0x7f14f5788960>,43,1,[2 8],44,107,108,63,107
1,<environment.Job instance at 0x7f14aa625690>,6,15,[7 3],7,107,122,100,107
1,<environment.Job instance at 0x7f14aa9919b0>,21,18,[ 4 13],22,122,140,100,120
1,<environment.Job instance at 0x7f14aa604640>,59,22,[1 6],60,140,162,80,133
1,<environment.Job instance at 0x7f14aa604e60>,60,1,[5 1],61,133,134,72,133
1,<environment.Job instance at 0x7f14aa604eb0>,61,25,[10  4],62,140,165,78,136
1,<environment.Job instance at 0x7f14aa604780>,64,22,[1 9],65,162,184,97,155
1,<environment.Job instance at 0x7f14aa604d20>,72,2,[6 3],73,165,167,92,161
1,<environment.Job instance at 0x7f14aa604c80>,73,24,[3 6],74,167,191,93,162
1,<environment.Job instance at 0x7f14aa604b40>,74,2,[4 8],75,184,186,109,162
1,<environment.Job instance at 0x7f14aa604820>,75,20,[3 8],76,186,206,110,177
1,<environment.Job instance at 0x7f14aa604460>,77,27,[9 5],78,191,218,113,189
1,<environment.Job instance at 0x7f14ee20bf50>,53,1,[2 8],54,206,207,152,190
1,<environment.Job instance at 0x7f14aa96a7d0>,83,2,[ 3 14],84,218,220,134,198
1,<environment.Job instance at 0x7f14aa96ad20>,86,21,[6 1],87,207,228,120,207
1,<environment.Job instance at 0x7f14aa96a820>,88,12,[8 2],89,220,232,131,212
1,<environment.Job instance at 0x7f14aa96a280>,89,1,[10  5],90,232,233,142,212
1,<environment.Job instance at 0x7f14aa5abaa0>,4,13,[14  5],5,5,18,0,5
1,<environment.Job instance at 0x7f14aa96a280>,3,27,[7 5],4,19,46,15,19
1,<environment.Job instance at 0x7f14aa4f8730>,15,25,[3 7],16,28,53,12,28
1,<environment.Job instance at 0x7f14aa506c80>,19,3,[9 3],20,46,49,26,38
1,<environment.Job instance at 0x7f14aa5034b0>,20,1,[ 4 12],21,53,54,32,39
1,<environment.Job instance at 0x7f14aa904aa0>,21,1,[10  1],22,49,50,27,39
1,<environment.Job instance at 0x7f14aa904c30>,24,12,[13  3],25,54,66,29,39
1,<environment.Job instance at 0x7f14aa9021e0>,28,21,[9 5],29,66,87,37,58
1,<environment.Job instance at 0x7f14aa904eb0>,29,3,[12  1],30,87,90,57,64
1,<environment.Job instance at 0x7f14aa902280>,31,1,[5 5],32,68,69,36,68
1,<environment.Job instance at 0x7f14aa4f8230>,17,14,[10  3],18,90,104,72,75
1,<environment.Job instance at 0x7f14aa902140>,38,3,[ 2 10],39,93,96,54,93
1,<environment.Job instance at 0x7f14aa902a50>,39,16,[ 5 13],40,104,120,64,93
1,<environment.Job instance at 0x7f14aa902c80>,42,2,[3 5],43,98,100,55,98
1,<environment.Job instance at 0x7f14aa902d20>,44,14,[ 3 14],45,120,134,75,105
1,<environment.Job instance at 0x7f14aa8f12d0>,50,1,[2 9],51,134,135,83,113
1,<environment.Job instance at 0x7f14aa8f14b0>,51,3,[9 3],52,134,137,82,113
1,<environment.Job instance at 0x7f14f08e95a0>,11,18,[5 7],12,135,153,123,132
1,<environment.Job instance at 0x7f14aa8f19b0>,58,2,[6 5],59,142,144,83,142
1,<environment.Job instance at 0x7f14aa8f1be0>,62,27,[5 5],63,155,182,92,155
1,<environment.Job instance at 0x7f14aa902e10>,45,24,[3 9],46,156,180,110,156
1,<environment.Job instance at 0x7f14aa8f1cd0>,65,1,[3 6],66,180,181,114,163
1,<environment.Job instance at 0x7f14aa8f1f50>,68,2,[7 3],69,180,182,111,174
1,<environment.Job instance at 0x7f14aa4110f0>,70,2,[6 5],71,184,186,113,184
1,<environment.Job instance at 0x7f14aa8f1690>,55,1,[12  4],56,193,194,137,193
1,<environment.Job instance at 0x7f14aa4113c0>,76,27,[5 8],77,209,236,132,209
1,<environment.Job instance at 0x7f14aa411550>,79,1,[ 4 10],80,236,237,156,215
1,<environment.Job instance at 0x7f14aa411780>,80,1,[10  3],81,215,216,134,215
1,<environment.Job instance at 0x7f14aa5063c0>,0,19,[2 7],1,1,20,0,1
1,<environment.Job instance at 0x7f14aa902050>,1,24,[1 9],2,20,44,18,15
1,<environment.Job instance at 0x7f14ee20b690>,7,23,[10  4],8,15,38,7,15
1,<environment.Job instance at 0x7f14ee20b500>,13,3,[ 5 13],14,44,47,30,18
1,<environment.Job instance at 0x7f14ee4d6460>,16,17,[13  2],17,47,64,30,35
1,<environment.Job instance at 0x7f14aa6044b0>,22,17,[ 2 12],23,55,72,32,55
1,<environment.Job instance at 0x7f14aa604eb0>,25,24,[10  2],26,64,88,38,59
1,<environment.Job instance at 0x7f14aa604050>,28,19,[1 6],29,74,93,45,74
1,<environment.Job instance at 0x7f14aa604c30>,29,27,[14  1],30,88,115,58,86
1,<environment.Job instance at 0x7f14ee4d6cd0>,18,1,[5 3],19,115,116,96,90
1,<environment.Job instance at 0x7f14aa604aa0>,32,2,[11  4],33,116,118,83,100
1,<environment.Job instance at 0x7f14aa604690>,33,20,[5 7],34,118,138,84,109
1,<environment.Job instance at 0x7f14aa604a00>,35,12,[11  5],36,138,150,102,122
1,<environment.Job instance at 0x7f14aa604be0>,36,27,[4 5],37,126,153,89,126
1,<environment.Job instance at 0x7f14aa413960>,3,15,[6 5],4,150,165,146,137
1,<environment.Job instance at 0x7f14aa8b1730>,45,1,[8 1],46,153,154,107,152
1,<environment.Job instance at 0x7f14aa8b1a00>,47,2,[2 6],48,154,156,106,152
1,<environment.Job instance at 0x7f14aa8b1d20>,48,2,[5 5],49,156,158,107,152
1,<environment.Job instance at 0x7f14aa8b1190>,49,1,[5 7],50,158,159,108,152
1,<environment.Job instance at 0x7f14aa8b1460>,50,3,[1 6],51,159,162,108,152
1,<environment.Job instance at 0x7f14aa8b1820>,51,15,[ 2 14],52,165,180,113,152
1,<environment.Job instance at 0x7f14edf769b0>,53,12,[ 2 10],54,180,192,126,163
1,<environment.Job instance at 0x7f14ee4d62d0>,17,1,[11  4],18,180,181,162,163
1,<environment.Job instance at 0x7f14edf765f0>,54,2,[10  3],55,181,183,126,163
1,<environment.Job instance at 0x7f14ee4b3370>,59,1,[8 3],60,183,184,123,173
1,<environment.Job instance at 0x7f14ee4b3b40>,60,18,[5 9],61,192,210,131,181
1,<environment.Job instance at 0x7f14ee4cf6e0>,65,12,[6 1],66,199,211,133,199
1,<environment.Job instance at 0x7f14ee4cf280>,67,3,[5 1],68,210,213,142,199
1,<environment.Job instance at 0x7f14aa66b820>,68,2,[5 4],69,211,213,142,199
1,<environment.Job instance at 0x7f14aa66b550>,70,1,[5 1],71,211,212,140,201
1,<environment.Job instance at 0x7f14aa604370>,31,14,[5 4],32,212,226,180,203
1,<environment.Job instance at 0x7f14aa8b1410>,42,3,[11  3],43,226,229,183,203
1,<environment.Job instance at 0x7f14aa66b410>,71,17,[14  3],72,229,246,157,217
1,<environment.Job instance at 0x7f14aa66ba50>,76,17,[ 1 10],77,219,236,142,219
1,<environment.Job instance at 0x7f14ee3691e0>,3,3,[5 5],4,4,7,0,4
1,<environment.Job instance at 0x7f14f539deb0>,4,2,[9 2],5,5,7,0,5
1,<environment.Job instance at 0x7f14aa6681e0>,14,24,[4 5],15,25,49,10,25
1,<environment.Job instance at 0x7f14aa668d70>,19,3,[5 9],20,38,41,18,38
1,<environment.Job instance at 0x7f14aa6ca730>,20,2,[6 4],21,41,43,20,38
1,<environment.Job instance at 0x7f14aa6ca190>,21,2,[3 5],22,41,43,19,38
1,<environment.Job instance at 0x7f14aa6ca320>,24,16,[9 2],25,53,69,28,53
1,<environment.Job instance at 0x7f14aa6ca410>,25,2,[2 9],26,53,55,27,53
1,<environment.Job instance at 0x7f14ee3087d0>,27,1,[3 6],28,55,56,27,53
1,<environment.Job instance at 0x7f14aa6c7d70>,29,13,[1 8],30,56,69,26,54
1,<environment.Job instance at 0x7f14aa5dfc80>,30,3,[10  4],31,69,72,38,54
1,<environment.Job instance at 0x7f14ee1eb2d0>,33,15,[6 1],34,72,87,38,66
1,<environment.Job instance at 0x7f14aa8f94b0>,34,3,[7 4],35,72,75,37,66
1,<environment.Job instance at 0x7f14ee6a5820>,35,3,[9 4],36,75,78,39,66
1,<environment.Job instance at 0x7f14ee6a58c0>,36,2,[5 5],37,66,68,29,66
1,<environment.Job instance at 0x7f14ee4ae6e0>,37,1,[10  3],38,87,88,49,66
1,<environment.Job instance at 0x7f14edffc0a0>,38,17,[7 2],39,88,105,49,76
1,<environment.Job instance at 0x7f14ee4ae960>,39,16,[10  2],40,105,121,65,98
1,<environment.Job instance at 0x7f14f0c3b960>,49,23,[6 5],50,121,144,71,115
1,<environment.Job instance at 0x7f14aa48e4b0>,52,1,[4 6],53,118,119,65,118
1,<environment.Job instance at 0x7f14aa48e190>,53,1,[4 9],54,119,120,65,118
1,<environment.Job instance at 0x7f14f5641c30>,56,2,[8 4],57,121,123,64,118
1,<environment.Job instance at 0x7f14f5641c80>,57,3,[10  4],58,144,147,86,118
1,<environment.Job instance at 0x7f14f5641d20>,59,21,[1 9],60,123,144,63,118
1,<environment.Job instance at 0x7f14ee1ea3c0>,60,27,[6 4],61,147,174,86,145
1,<environment.Job instance at 0x7f14ee1ead20>,61,1,[11  4],62,174,175,112,147
1,<environment.Job instance at 0x7f14ee160640>,65,3,[10  4],66,175,178,109,149
1,<environment.Job instance at 0x7f14f0ca3af0>,68,22,[7 5],69,178,200,109,171
1,<environment.Job instance at 0x7f14f0ca3280>,72,24,[1 6],73,176,200,103,176
1,<environment.Job instance at 0x7f14edfeae60>,78,17,[3 9],79,200,217,121,196
1,<environment.Job instance at 0x7f14ee53fb40>,11,13,[12  4],12,200,213,188,199
1,<environment.Job instance at 0x7f14aa851d70>,84,3,[ 2 12],85,217,220,132,208
1,<environment.Job instance at 0x7f14f07fdd20>,85,2,[3 5],86,213,215,127,208
1,<environment.Job instance at 0x7f14aa851e10>,87,2,[8 4],88,215,217,127,210
1,<environment.Job instance at 0x7f14aaad3eb0>,89,17,[1 9],90,220,237,130,210
1,<environment.Job instance at 0x7f14aa6ab780>,90,1,[9 4],91,220,221,129,210
1,<environment.Job instance at 0x7f14f08110a0>,91,2,[ 3 14],92,237,239,145,210
1,<environment.Job instance at 0x7f14f0811c30>,93,3,[10  3],94,217,220,123,210
1,<environment.Job instance at 0x7f14ee620fa0>,6,12,[ 2 11],7,7,19,0,7
1,<environment.Job instance at 0x7f14ee188780>,11,3,[5 2],12,15,18,3,15
1,<environment.Job instance at 0x7f14ee188500>,13,3,[4 7],14,23,26,9,23
1,<environment.Job instance at 0x7f14ee188d20>,14,18,[ 4 11],15,26,44,11,23
1,<environment.Job instance at 0x7f14aab3f410>,18,2,[5 8],19,44,46,25,38
1,<environment.Job instance at 0x7f14aab3fd20>,19,3,[14  1],20,46,49,26,38
1,<environment.Job instance at 0x7f14aab3ffa0>,20,20,[4 6],21,49,69,28,40
1,<environment.Job instance at 0x7f14aab3feb0>,23,14,[ 1 11],24,69,83,45,54
1,<environment.Job instance at 0x7f14aab3f2d0>,25,16,[ 2 11],26,83,99,57,70
1,<environment.Job instance at 0x7f14aab1d140>,26,3,[8 3],27,70,73,43,70
1,<environment.Job instance at 0x7f14aab1d280>,27,1,[10  5],28,99,100,71,71
1,<environment.Job instance at 0x7f14aab1d190>,28,2,[13  3],29,73,75,44,71
1,<environment.Job instance at 0x7f14aab1d1e0>,29,1,[5 1],30,71,72,41,71
1,<environment.Job instance at 0x7f14aab1d410>,31,3,[6 4],32,75,78,43,71
1,<environment.Job instance at 0x7f14aab1d690>,34,12,[9 1],35,78,90,43,73
1,<environment.Job instance at 0x7f14aab1d7d0>,35,2,[6 3],36,90,92,54,73
1,<environment.Job instance at 0x7f14aab1d910>,37,3,[8 1],38,92,95,54,73
1,<environment.Job instance at 0x7f14aab1db40>,38,20,[3 8],39,99,119,60,90
1,<environment.Job instance at 0x7f14aab1ddc0>,40,24,[10  4],41,100,124,59,95
1,<environment.Job instance at 0x7f14aab1df50>,42,17,[ 2 11],43,119,136,76,107
1,<environment.Job instance at 0x7f14aab1dd20>,44,1,[ 2 11],45,136,137,91,108
1,<environment.Job instance at 0x7f14aab1dfa0>,45,2,[4 7],46,137,139,91,110
1,<environment.Job instance at 0x7f14aab132d0>,47,1,[2 6],48,137,138,89,110
1,<environment.Job instance at 0x7f14aab13370>,48,3,[8 3],49,124,127,75,110
1,<environment.Job instance at 0x7f14aab13410>,49,19,[5 5],50,138,157,88,128
1,<environment.Job instance at 0x7f14aab13550>,51,18,[4 8],52,139,157,87,128
1,<environment.Job instance at 0x7f14aab13640>,58,18,[4 6],59,171,189,112,171
1,<environment.Job instance at 0x7f14aab13910>,60,2,[5 1],61,171,173,110,171
1,<environment.Job instance at 0x7f14aab13b90>,64,3,[7 4],65,178,181,113,178
1,<environment.Job instance at 0x7f14aab13c30>,65,2,[4 5],66,178,180,112,178
1,<environment.Job instance at 0x7f14aab13cd0>,66,18,[10  2],67,181,199,114,178
1,<environment.Job instance at 0x7f14aab13d70>,67,2,[7 4],68,199,201,131,180
1,<environment.Job instance at 0x7f14f0811c30>,5,15,[ 1 10],6,189,204,183,181
1,<environment.Job instance at 0x7f14aa4132d0>,8,24,[4 7],9,213,237,204,213
1,<environment.Job instance at 0x7f14aab13eb0>,69,16,[7 2],70,213,229,143,213
1,<environment.Job instance at 0x7f14aab0e6e0>,74,2,[1 6],75,213,215,138,213
1,<environment.Job instance at 0x7f14aa929780>,9,18,[9 5],10,10,28,0,10
1,<environment.Job instance at 0x7f14aa59c410>,11,3,[1 9],12,12,15,0,12
1,<environment.Job instance at 0x7f14aa59c500>,12,13,[9 4],13,28,41,15,15
1,<environment.Job instance at 0x7f14aa59c780>,15,1,[5 8],16,25,26,9,25
1,<environment.Job instance at 0x7f14ee1437d0>,17,2,[9 3],18,41,43,23,30
1,<environment.Job instance at 0x7f14f0a003c0>,19,1,[5 4],20,45,46,25,45
1,<environment.Job instance at 0x7f14f0a00eb0>,20,23,[9 4],21,45,68,24,45
1,<environment.Job instance at 0x7f14aa7e7050>,7,2,[ 3 10],8,46,48,38,45
1,<environment.Job instance at 0x7f14aa9e4050>,23,1,[10  1],24,68,69,44,45
1,<environment.Job instance at 0x7f14f0a00190>,21,21,[8 2],22,69,90,47,61
1,<environment.Job instance at 0x7f14aa9e4f50>,26,2,[5 9],27,63,65,36,63
1,<environment.Job instance at 0x7f14ee16ac30>,27,2,[10  3],28,90,92,62,63
1,<environment.Job instance at 0x7f14ee16a5f0>,28,28,[10  4],29,92,120,63,91
1,<environment.Job instance at 0x7f14aa859230>,6,13,[3 9],7,101,114,94,101
1,<environment.Job instance at 0x7f14ee3b1a00>,24,17,[9 2],25,120,137,95,108
1,<environment.Job instance at 0x7f14aa43a500>,40,26,[4 9],41,114,140,73,112
1,<environment.Job instance at 0x7f14aa43a6e0>,41,1,[6 5],42,137,138,95,126
1,<environment.Job instance at 0x7f14aa878fa0>,38,17,[12  1],39,140,157,101,128
1,<environment.Job instance at 0x7f14aa39daa0>,43,14,[3 6],44,138,152,94,135
1,<environment.Job instance at 0x7f14f0a00910>,22,21,[5 7],23,157,178,134,157
1,<environment.Job instance at 0x7f14f0ab3be0>,51,18,[11  2],52,178,196,126,167
1,<environment.Job instance at 0x7f14f0ab37d0>,53,24,[ 5 11],54,196,220,142,191
1,<environment.Job instance at 0x7f14aa3a7fa0>,57,19,[1 5],58,220,239,162,210
1,<environment.Job instance at 0x7f14aa43aa00>,42,16,[13  1],43,220,236,177,213
1,<environment.Job instance at 0x7f14aa3a7910>,60,13,[11  2],61,236,249,175,220
1,<environment.Job instance at 0x7f14f08d29b0>,67,16,[ 3 12],68,239,255,171,227
1,<environment.Job instance at 0x7f14f08d2690>,2,2,[3 6],3,3,5,0,3
1,<environment.Job instance at 0x7f14f0d2dbe0>,3,1,[12  4],4,9,10,5,9
1,<environment.Job instance at 0x7f14f08f7c30>,9,3,[8 2],10,10,13,0,10
1,<environment.Job instance at 0x7f14f08f7d70>,10,2,[ 2 12],11,11,13,0,11
1,<environment.Job instance at 0x7f14ee1815a0>,11,21,[4 9],12,13,34,1,12
1,<environment.Job instance at 0x7f14aaa50730>,15,23,[8 4],16,16,39,0,16
1,<environment.Job instance at 0x7f14ee0899b0>,17,20,[5 7],18,34,54,16,25
1,<environment.Job instance at 0x7f14f0ebbbe0>,26,1,[7 4],27,39,40,12,36
1,<environment.Job instance at 0x7f14f0ebbc30>,28,3,[2 7],29,40,43,11,36
1,<environment.Job instance at 0x7f14f0ebb370>,29,18,[2 7],30,54,72,24,54
1,<environment.Job instance at 0x7f14ee05da00>,31,20,[ 5 13],32,72,92,40,63
1,<environment.Job instance at 0x7f14aaafbc80>,32,1,[5 1],33,63,64,30,63
1,<environment.Job instance at 0x7f14aab93280>,35,1,[6 4],36,63,64,27,63
1,<environment.Job instance at 0x7f14ee185c80>,43,3,[10  3],44,92,95,48,80
1,<environment.Job instance at 0x7f14ee1855a0>,45,15,[ 1 12],46,92,107,46,92
1,<environment.Job instance at 0x7f14ee185230>,46,19,[2 9],47,107,126,60,97
1,<environment.Job instance at 0x7f14ee185fa0>,48,20,[ 1 10],49,126,146,77,117
1,<environment.Job instance at 0x7f14ee185b40>,50,3,[5 3],51,117,120,66,117
1,<environment.Job instance at 0x7f14ee665be0>,5,18,[9 2],6,123,141,117,123
1,<environment.Job instance at 0x7f14ee1853c0>,52,2,[5 7],53,146,148,93,125
1,<environment.Job instance at 0x7f14ee2c93c0>,58,2,[ 1 13],59,148,150,89,135
1,<environment.Job instance at 0x7f14ee6018c0>,59,17,[ 1 10],60,150,167,90,138
1,<environment.Job instance at 0x7f14ee155b40>,60,28,[ 2 14],61,167,195,106,166
1,<environment.Job instance at 0x7f14ee155af0>,61,28,[5 1],62,166,194,104,166
1,<environment.Job instance at 0x7f14ee14d500>,68,2,[7 4],69,195,197,126,168
1,<environment.Job instance at 0x7f14ee14df00>,69,2,[5 1],70,194,196,124,168
1,<environment.Job instance at 0x7f14ee14d410>,70,2,[10  5],71,197,199,126,170
1,<environment.Job instance at 0x7f14ee14dd70>,73,23,[7 4],74,199,222,125,193
1,<environment.Job instance at 0x7f14ee2c9b90>,54,15,[4 8],55,209,224,154,209
1,<environment.Job instance at 0x7f14ee573730>,80,2,[5 5],81,222,224,141,213
1,<environment.Job instance at 0x7f14ee1854b0>,55,1,[ 2 10],56,224,225,168,219
1,<environment.Job instance at 0x7f14f0852aa0>,4,28,[4 5],5,5,33,0,5
1,<environment.Job instance at 0x7f14ee3fd230>,5,3,[9 2],6,6,9,0,6
1,<environment.Job instance at 0x7f14f08523c0>,7,2,[ 5 13],8,33,35,25,8
1,<environment.Job instance at 0x7f14aa894690>,16,3,[5 1],17,22,25,5,22
1,<environment.Job instance at 0x7f14aa8948c0>,17,1,[2 6],18,22,23,4,22
1,<environment.Job instance at 0x7f14aa894b90>,11,25,[10  1],12,26,51,14,26
1,<environment.Job instance at 0x7f14aaa50960>,9,1,[4 5],10,35,36,25,30
1,<environment.Job instance at 0x7f14ee6040f0>,27,25,[9 4],28,53,78,25,53
1,<environment.Job instance at 0x7f14ee604320>,28,2,[7 5],29,78,80,49,53
1,<environment.Job instance at 0x7f14ee6044b0>,30,12,[10  1],31,80,92,49,63
1,<environment.Job instance at 0x7f14ee6045a0>,31,1,[5 5],32,63,64,31,63
1,<environment.Job instance at 0x7f14ee604690>,33,12,[10  1],34,92,104,58,75
1,<environment.Job instance at 0x7f14ee6046e0>,34,17,[1 9],35,82,99,47,82
1,<environment.Job instance at 0x7f14ee6047d0>,37,2,[1 8],38,99,101,61,83
1,<environment.Job instance at 0x7f14ee604af0>,39,28,[6 1],40,104,132,64,103
1,<environment.Job instance at 0x7f14ee604aa0>,40,3,[2 8],41,103,106,62,103
1,<environment.Job instance at 0x7f14ee604be0>,42,18,[ 2 12],43,106,124,63,103
1,<environment.Job instance at 0x7f14ee604d20>,43,1,[8 5],44,124,125,80,103
1,<environment.Job instance at 0x7f14ee627370>,51,13,[10  4],52,132,145,80,125
1,<environment.Job instance at 0x7f14ee627550>,53,24,[5 3],54,128,152,74,128
1,<environment.Job instance at 0x7f14ee627190>,55,1,[5 9],56,145,146,89,143
1,<environment.Job instance at 0x7f14ee627640>,57,2,[11  4],58,152,154,94,143
1,<environment.Job instance at 0x7f14ee6277d0>,58,12,[9 3],59,154,166,95,144
1,<environment.Job instance at 0x7f14ee6279b0>,61,28,[9 4],62,166,194,104,165
1,<environment.Job instance at 0x7f14ee627cd0>,65,15,[3 9],66,182,197,116,182
1,<environment.Job instance at 0x7f14ee627eb0>,68,19,[ 3 11],69,197,216,128,187
1,<environment.Job instance at 0x7f14ee627910>,60,3,[8 3],61,194,197,133,189
1,<environment.Job instance at 0x7f14ee627f50>,70,17,[10  1],71,199,216,128,199
1,<environment.Job instance at 0x7f14ee6180f0>,73,3,[8 2],74,216,219,142,200
1,<environment.Job instance at 0x7f14ee6185f0>,77,3,[1 9],78,218,221,140,218
1,<environment.Job instance at 0x7f14ee618730>,79,15,[10  2],80,219,234,139,218
1,<environment.Job instance at 0x7f14ee6188c0>,1,3,[8 5],2,2,5,0,2
1,<environment.Job instance at 0x7f14aa803730>,3,2,[13  2],4,5,7,1,4
1,<environment.Job instance at 0x7f14f0cb2780>,5,25,[1 6],6,6,31,0,6
1,<environment.Job instance at 0x7f14f0cb25f0>,6,1,[5 5],7,7,8,0,7
1,<environment.Job instance at 0x7f14f0cb2fa0>,10,27,[11  2],11,11,38,0,11
1,<environment.Job instance at 0x7f14aa425410>,8,3,[ 1 10],9,31,34,22,13
1,<environment.Job instance at 0x7f14f0cb24b0>,9,3,[9 3],10,38,41,28,16
1,<environment.Job instance at 0x7f14aa58dcd0>,12,20,[ 5 10],13,38,58,25,29
1,<environment.Job instance at 0x7f14f0ce1690>,23,1,[2 6],24,58,59,34,50
1,<environment.Job instance at 0x7f14aa8100a0>,25,17,[10  3],26,54,71,28,54
1,<environment.Job instance at 0x7f14aa810690>,27,24,[5 9],28,68,92,40,68
1,<environment.Job instance at 0x7f14aa810410>,28,14,[6 4],29,71,85,42,70
1,<environment.Job instance at 0x7f14f07e72d0>,33,2,[2 7],34,92,94,58,81
1,<environment.Job instance at 0x7f14f07e7b40>,34,3,[10  5],35,85,88,50,81
1,<environment.Job instance at 0x7f14f0b1c500>,37,16,[1 8],38,94,110,56,94
1,<environment.Job instance at 0x7f14f0b1c460>,38,2,[4 6],39,94,96,55,94
1,<environment.Job instance at 0x7f14f0b1c410>,39,26,[2 6],40,96,122,56,94
1,<environment.Job instance at 0x7f14f0b1c960>,40,20,[9 3],41,110,130,69,101
1,<environment.Job instance at 0x7f14aa3a65f0>,44,2,[6 1],45,107,109,62,107
1,<environment.Job instance at 0x7f14aa3a6050>,47,1,[ 1 13],48,130,131,82,116
1,<environment.Job instance at 0x7f14aa3a6230>,48,26,[8 2],49,130,156,81,127
1,<environment.Job instance at 0x7f14f5782dc0>,49,2,[9 3],50,156,158,106,129
1,<environment.Job instance at 0x7f14aa3a68c0>,51,1,[5 4],52,131,132,79,130
1,<environment.Job instance at 0x7f14aa810c30>,31,28,[3 6],32,133,161,101,133
1,<environment.Job instance at 0x7f14f5366d70>,22,1,[5 9],23,158,159,135,133
1,<environment.Job instance at 0x7f14aa58dc30>,13,3,[3 8],14,159,162,145,137
1,<environment.Job instance at 0x7f14edffee60>,58,3,[10  2],59,161,164,102,145
1,<environment.Job instance at 0x7f14edffe320>,60,2,[4 6],61,162,164,101,160
1,<environment.Job instance at 0x7f14edffef50>,61,3,[ 4 13],62,164,167,102,160
1,<environment.Job instance at 0x7f14aa92daa0>,63,14,[ 2 10],64,167,181,103,166
1,<environment.Job instance at 0x7f14edffe0a0>,64,27,[13  3],65,167,194,102,166
1,<environment.Job instance at 0x7f14aa92d140>,65,2,[3 9],66,194,196,128,167
1,<environment.Job instance at 0x7f14aa92db40>,66,2,[5 7],67,196,198,129,169
1,<environment.Job instance at 0x7f14aa92d910>,70,2,[8 4],71,194,196,123,171
1,<environment.Job instance at 0x7f14aa449be0>,71,2,[3 9],72,198,200,126,171
1,<environment.Job instance at 0x7f14aa449fa0>,74,13,[10  5],75,196,209,121,195
1,<environment.Job instance at 0x7f14aa449a50>,75,19,[1 5],76,200,219,124,195
1,<environment.Job instance at 0x7f14aa449f50>,77,1,[10  2],78,209,210,131,202
1,<environment.Job instance at 0x7f14aa4491e0>,78,16,[3 8],79,209,225,130,208
1,<environment.Job instance at 0x7f14aa449e10>,79,1,[9 4],80,219,220,139,208
1,<environment.Job instance at 0x7f14aa449910>,1,2,[1 9],2,2,4,0,2
1,<environment.Job instance at 0x7f14aa4562d0>,2,3,[10  4],3,3,6,0,3
1,<environment.Job instance at 0x7f14f0877e10>,4,3,[9 3],5,6,9,1,5
1,<environment.Job instance at 0x7f14ee187140>,6,1,[5 2],7,7,8,0,7
1,<environment.Job instance at 0x7f14edfd28c0>,13,3,[ 4 10],14,15,18,1,15
1,<environment.Job instance at 0x7f14edfd2820>,14,3,[10  2],15,15,18,0,15
1,<environment.Job instance at 0x7f14edfd2d20>,15,27,[4 5],16,18,45,2,16
1,<environment.Job instance at 0x7f14edfd2640>,16,1,[12  2],17,45,46,28,17
1,<environment.Job instance at 0x7f14edfd2aa0>,18,2,[1 9],19,25,27,6,25
1,<environment.Job instance at 0x7f14edfd2b90>,21,2,[ 5 10],22,39,41,17,39
1,<environment.Job instance at 0x7f14f07fd370>,23,3,[6 2],24,41,44,17,40
1,<environment.Job instance at 0x7f14f07fd050>,24,1,[7 4],25,44,45,19,40
1,<environment.Job instance at 0x7f14f07fdd70>,25,3,[9 2],26,46,49,20,40
1,<environment.Job instance at 0x7f14ee63a1e0>,27,3,[8 1],28,49,52,21,46
1,<environment.Job instance at 0x7f14f07fdb90>,26,25,[7 3],27,49,74,22,46
1,<environment.Job instance at 0x7f14ee63aaa0>,30,26,[6 4],31,54,80,23,54
1,<environment.Job instance at 0x7f14ee63ae60>,34,1,[5 5],35,74,75,39,64
1,<environment.Job instance at 0x7f14ee59faa0>,37,21,[9 4],38,75,96,37,74
1,<environment.Job instance at 0x7f14ee59f230>,38,21,[5 1],39,80,101,41,75
1,<environment.Job instance at 0x7f14aa449230>,9,13,[8 2],10,96,109,86,80
1,<environment.Job instance at 0x7f14ee60e230>,47,3,[ 1 10],48,103,106,55,103
1,<environment.Job instance at 0x7f14ee60e550>,48,2,[5 7],49,106,108,57,103
1,<environment.Job instance at 0x7f14ee60e2d0>,49,20,[5 9],50,108,128,58,103
1,<environment.Job instance at 0x7f14ee63ab40>,29,18,[6 2],30,109,127,79,103
1,<environment.Job instance at 0x7f14ee59f3c0>,41,2,[6 1],42,127,129,85,112
1,<environment.Job instance at 0x7f14edfd2550>,10,13,[12  1],11,129,142,118,125
1,<environment.Job instance at 0x7f14ee60eaf0>,55,3,[1 9],56,128,131,72,128
1,<environment.Job instance at 0x7f14f0ebca00>,60,2,[6 1],61,142,144,81,135
1,<environment.Job instance at 0x7f14f0ebcf50>,61,3,[7 4],62,142,145,80,135
1,<environment.Job instance at 0x7f14ee60efa0>,54,2,[10  4],55,145,147,90,135
1,<environment.Job instance at 0x7f14f0ebc0f0>,64,1,[13  5],65,147,148,82,135
1,<environment.Job instance at 0x7f14f0ebca50>,65,13,[9 1],66,148,161,82,135
1,<environment.Job instance at 0x7f14f0ebcf00>,69,3,[ 3 10],70,149,152,79,149
1,<environment.Job instance at 0x7f14aa9399b0>,70,25,[5 3],71,152,177,81,149
1,<environment.Job instance at 0x7f14f0ebc0a0>,59,2,[6 1],60,161,163,101,151
1,<environment.Job instance at 0x7f14f0ebc460>,62,18,[3 7],63,161,179,98,151
1,<environment.Job instance at 0x7f14aa9392d0>,71,16,[11  2],72,177,193,105,164
1,<environment.Job instance at 0x7f14aab3c960>,77,1,[ 4 10],78,179,180,101,168
1,<environment.Job instance at 0x7f14aab3cf50>,82,23,[3 7],83,180,203,97,174
1,<environment.Job instance at 0x7f14ee5c6d20>,86,3,[ 5 14],87,203,206,116,184
1,<environment.Job instance at 0x7f14ee1804b0>,3,3,[5 3],4,4,7,0,4
1,<environment.Job instance at 0x7f14ee1873c0>,6,1,[ 5 10],7,7,8,0,7
1,<environment.Job instance at 0x7f14ee01b7d0>,7,16,[ 5 13],8,8,24,0,8
1,<environment.Job instance at 0x7f14aa4b96e0>,8,1,[1 9],9,24,25,15,9
1,<environment.Job instance at 0x7f14ee0d5eb0>,9,2,[13  4],10,24,26,14,10
1,<environment.Job instance at 0x7f14f0b25370>,10,2,[5 2],11,11,13,0,11
1,<environment.Job instance at 0x7f14ee089230>,14,2,[ 5 11],15,26,28,11,17
1,<environment.Job instance at 0x7f14aa8fb0f0>,16,1,[5 9],17,28,29,11,17
1,<environment.Job instance at 0x7f14f096ffa0>,17,2,[10  2],18,18,20,0,18
1,<environment.Job instance at 0x7f14aa983aa0>,18,2,[8 5],19,28,30,9,19
1,<environment.Job instance at 0x7f14f096f640>,20,13,[10  1],21,30,43,9,21
1,<environment.Job instance at 0x7f14f55ed230>,21,2,[ 5 11],22,30,32,8,22
1,<environment.Job instance at 0x7f14aa963cd0>,23,18,[4 5],24,32,50,8,32
1,<environment.Job instance at 0x7f14aa95a410>,27,3,[9 4],28,43,46,15,37
1,<environment.Job instance at 0x7f14aa95a550>,29,13,[ 4 14],30,50,63,20,37
1,<environment.Job instance at 0x7f14aa963c30>,24,1,[6 1],25,46,47,21,37
1,<environment.Job instance at 0x7f14aa95abe0>,30,2,[8 2],31,47,49,16,38
1,<environment.Job instance at 0x7f14aa95a640>,33,3,[2 7],34,46,49,12,39
1,<environment.Job instance at 0x7f14aa97d0a0>,34,1,[4 6],35,49,50,14,39
1,<environment.Job instance at 0x7f14aa555730>,35,3,[10  5],36,63,66,27,39
1,<environment.Job instance at 0x7f14aa9637d0>,25,15,[1 5],26,63,78,37,50
1,<environment.Job instance at 0x7f14aa972460>,36,16,[13  1],37,66,82,29,53
1,<environment.Job instance at 0x7f14aa96c320>,44,1,[4 8],45,82,83,37,68
1,<environment.Job instance at 0x7f14f0cc6500>,46,27,[2 9],47,83,110,36,81
1,<environment.Job instance at 0x7f14f0caab90>,49,18,[10  2],50,82,100,32,82
1,<environment.Job instance at 0x7f14aa8aa9b0>,51,1,[10  1],52,100,101,48,95
1,<environment.Job instance at 0x7f14f0cc5be0>,52,22,[8 1],53,101,123,48,95
1,<environment.Job instance at 0x7f14f0cc5320>,53,14,[14  4],54,123,137,69,111
1,<environment.Job instance at 0x7f14aa49b280>,56,2,[14  2],57,137,139,80,111
1,<environment.Job instance at 0x7f14ee6ba8c0>,57,15,[ 5 12],58,139,154,81,125
1,<environment.Job instance at 0x7f14aa393e10>,59,2,[10  2],60,139,141,79,125
1,<environment.Job instance at 0x7f14aa6889b0>,60,2,[14  4],61,154,156,93,127
1,<environment.Job instance at 0x7f14aa81b870>,61,27,[8 5],62,156,183,94,154
1,<environment.Job instance at 0x7f14aa95a690>,32,15,[5 1],33,156,171,123,156
1,<environment.Job instance at 0x7f14aa898910>,66,3,[8 2],67,183,186,116,157
1,<environment.Job instance at 0x7f14aa8981e0>,64,16,[11  4],65,186,202,121,173
1,<environment.Job instance at 0x7f14aa898c30>,69,14,[2 8],70,174,188,104,174
1,<environment.Job instance at 0x7f14aa818640>,70,1,[5 2],71,175,176,104,175
1,<environment.Job instance at 0x7f14aa8985a0>,65,14,[1 7],66,188,202,122,177
1,<environment.Job instance at 0x7f14aa898370>,68,16,[13  2],69,202,218,133,189
1,<environment.Job instance at 0x7f14aa569a50>,73,26,[7 1],74,218,244,144,215
1,<environment.Job instance at 0x7f14aa38f230>,76,1,[7 3],77,218,219,141,217
1,<environment.Job instance at 0x7f14aa8b5820>,79,1,[7 1],80,219,220,139,219
1,<environment.Job instance at 0x7f14aa8b57d0>,80,3,[5 1],81,220,223,139,219
1,<environment.Job instance at 0x7f14aa8b5af0>,81,2,[3 8],82,220,222,138,219
1,<environment.Job instance at 0x7f14aa8b7c30>,1,16,[ 5 12],2,10,26,8,10
1,<environment.Job instance at 0x7f14f0cacaf0>,9,19,[2 5],10,26,45,16,16
1,<environment.Job instance at 0x7f14f0cac3c0>,10,1,[2 5],11,26,27,15,16
1,<environment.Job instance at 0x7f14aa5ab960>,13,1,[5 5],14,26,27,12,18
1,<environment.Job instance at 0x7f14ee620b40>,15,2,[ 3 11],16,45,47,29,26
1,<environment.Job instance at 0x7f14ee23d3c0>,17,1,[10  3],18,31,32,13,31
1,<environment.Job instance at 0x7f14ee710550>,20,3,[8 1],21,39,42,18,39
1,<environment.Job instance at 0x7f14aa3e4e10>,22,3,[ 4 11],23,51,54,28,51
1,<environment.Job instance at 0x7f14aa873f00>,23,18,[9 2],24,51,69,27,51
1,<environment.Job instance at 0x7f14f0775a00>,25,2,[9 1],26,69,71,43,66
1,<environment.Job instance at 0x7f14aa92d640>,27,3,[5 2],28,70,73,42,70
1,<environment.Job instance at 0x7f14ee5c50a0>,28,24,[5 6],29,71,95,42,70
1,<environment.Job instance at 0x7f14f086b370>,30,3,[ 3 12],31,95,98,64,70
1,<environment.Job instance at 0x7f14aa4064b0>,32,14,[14  5],33,98,112,65,83
1,<environment.Job instance at 0x7f14f095ed70>,35,1,[4 9],36,84,85,48,84
1,<environment.Job instance at 0x7f14f095ee10>,37,2,[9 4],38,112,114,74,96
1,<environment.Job instance at 0x7f14ee35a1e0>,40,20,[ 4 10],41,112,132,71,103
1,<environment.Job instance at 0x7f14aa8b5af0>,2,3,[2 8],3,132,135,129,109
1,<environment.Job instance at 0x7f14ee35ad20>,46,24,[4 5],47,117,141,70,117
1,<environment.Job instance at 0x7f14ee35a9b0>,47,24,[4 8],48,135,159,87,130
1,<environment.Job instance at 0x7f14aa5c7dc0>,60,2,[7 5],61,149,151,88,149
1,<environment.Job instance at 0x7f14aa5c7f50>,61,2,[ 2 10],62,159,161,97,149
1,<environment.Job instance at 0x7f14aa5c7f00>,62,23,[6 2],63,151,174,88,149
1,<environment.Job instance at 0x7f14aaaf84b0>,64,3,[ 1 12],65,161,164,96,150
1,<environment.Job instance at 0x7f14aaaf89b0>,65,14,[12  1],66,174,188,108,159
1,<environment.Job instance at 0x7f14ee623d70>,73,1,[11  3],74,188,189,114,175
1,<environment.Job instance at 0x7f14f0818d70>,75,28,[ 4 12],76,188,216,112,187
1,<environment.Job instance at 0x7f14edfd4dc0>,79,1,[ 4 13],80,216,217,136,205
1,<environment.Job instance at 0x7f14edfd4500>,80,1,[7 5],81,217,218,136,205
1,<environment.Job instance at 0x7f14edfd46e0>,82,2,[3 5],83,217,219,134,206
1,<environment.Job instance at 0x7f14edfd4140>,83,14,[ 2 11],84,219,233,135,207
1,<environment.Job instance at 0x7f14aa5abcd0>,0,25,[6 2],1,1,26,0,1
1,<environment.Job instance at 0x7f14edfd4140>,2,2,[8 4],3,3,5,0,3
1,<environment.Job instance at 0x7f14ee1329b0>,9,13,[ 1 11],10,10,23,0,10
1,<environment.Job instance at 0x7f14ee132d20>,10,25,[5 5],11,23,48,12,19
1,<environment.Job instance at 0x7f14ee1eb550>,5,14,[4 8],6,23,37,17,19
1,<environment.Job instance at 0x7f14aa1f00f0>,17,1,[10  1],18,37,38,19,20
1,<environment.Job instance at 0x7f14aa1f06e0>,13,3,[ 4 11],14,48,51,34,27
1,<environment.Job instance at 0x7f14aaa1fdc0>,20,2,[10  4],21,38,40,17,27
1,<environment.Job instance at 0x7f14aaa1fb90>,24,1,[2 9],25,41,42,16,41
1,<environment.Job instance at 0x7f14aaa1f640>,25,18,[4 6],26,53,71,27,53
1,<environment.Job instance at 0x7f14aaa1f140>,27,2,[10  2],28,53,55,25,53
1,<environment.Job instance at 0x7f14aaa1f5a0>,28,16,[14  4],29,71,87,42,58
1,<environment.Job instance at 0x7f14aaa1f6e0>,33,3,[6 5],34,87,90,53,76
1,<environment.Job instance at 0x7f14aaa1faa0>,34,19,[ 5 10],35,87,106,52,77
1,<environment.Job instance at 0x7f14aab7ef00>,37,27,[8 5],38,90,117,52,88
1,<environment.Job instance at 0x7f14aaa1f690>,19,15,[ 5 10],20,106,121,86,97
1,<environment.Job instance at 0x7f14aab7e820>,43,17,[13  3],44,121,138,77,109
1,<environment.Job instance at 0x7f14aa1f0370>,15,19,[2 8],16,121,140,105,113
1,<environment.Job instance at 0x7f14aab7b3c0>,50,20,[8 5],51,138,158,87,129
1,<environment.Job instance at 0x7f14aab7b690>,52,3,[5 8],53,140,143,87,129
1,<environment.Job instance at 0x7f14aab7b820>,53,2,[6 2],54,143,145,89,129
1,<environment.Job instance at 0x7f14aab7b500>,55,25,[4 5],56,145,170,89,141
1,<environment.Job instance at 0x7f14aab7b230>,56,2,[ 1 10],57,158,160,101,141
1,<environment.Job instance at 0x7f14aab7b5f0>,58,1,[ 4 14],59,170,171,111,142
1,<environment.Job instance at 0x7f14aab7bcd0>,59,1,[5 6],60,160,161,100,142
1,<environment.Job instance at 0x7f14aa20c780>,65,1,[1 7],66,161,162,95,153
1,<environment.Job instance at 0x7f14aa20cf50>,66,2,[5 3],67,160,162,93,153
1,<environment.Job instance at 0x7f14aa20cc30>,67,1,[4 7],68,162,163,94,153
1,<environment.Job instance at 0x7f14aa20cb40>,69,2,[4 8],70,163,165,93,153
1,<environment.Job instance at 0x7f14aa20c7d0>,70,2,[13  2],71,171,173,100,153
1,<environment.Job instance at 0x7f14aa20caa0>,72,18,[4 8],73,173,191,100,166
1,<environment.Job instance at 0x7f14aab7e050>,44,3,[13  1],45,191,194,146,168
1,<environment.Job instance at 0x7f14aa20caf0>,78,12,[10  4],79,173,185,94,173
1,<environment.Job instance at 0x7f14aa20ca50>,81,3,[12  2],82,194,197,112,175
1,<environment.Job instance at 0x7f14aab65730>,85,3,[8 1],86,185,188,99,182
1,<environment.Job instance at 0x7f14aab655a0>,86,2,[5 9],87,197,199,110,182
1,<environment.Job instance at 0x7f14aab65960>,89,2,[10  1],90,188,190,98,184
1,<environment.Job instance at 0x7f14aab65dc0>,92,1,[7 4],93,197,198,104,195
1,<environment.Job instance at 0x7f14aab65af0>,94,3,[14  3],95,207,210,112,207
1,<environment.Job instance at 0x7f14f5658f00>,6,1,[11  3],7,11,12,4,11
1,<environment.Job instance at 0x7f14aa3bb0f0>,10,18,[9 3],11,14,32,3,14
1,<environment.Job instance at 0x7f14aa195690>,3,3,[7 1],4,32,35,28,16
1,<environment.Job instance at 0x7f14f08beb90>,13,14,[14  1],14,35,49,21,20
1,<environment.Job instance at 0x7f14f0c65aa0>,22,17,[ 5 14],23,49,66,26,37
1,<environment.Job instance at 0x7f14aa9dff00>,27,13,[7 1],28,49,62,21,49
1,<environment.Job instance at 0x7f14aa9df8c0>,28,3,[4 7],29,66,69,37,49
1,<environment.Job instance at 0x7f14aa9dffa0>,29,3,[4 8],30,66,69,36,49
1,<environment.Job instance at 0x7f14aa9dfc80>,31,18,[7 1],32,69,87,37,58
1,<environment.Job instance at 0x7f14aa9df7d0>,33,15,[ 2 12],34,69,84,35,58
1,<environment.Job instance at 0x7f14aa9fd0a0>,38,2,[13  1],39,87,89,48,64
1,<environment.Job instance at 0x7f14aa9d0460>,41,26,[7 2],42,89,115,47,86
1,<environment.Job instance at 0x7f14aa9d0320>,43,3,[8 2],44,89,92,45,86
1,<environment.Job instance at 0x7f14aa9dbfa0>,44,18,[4 8],45,92,110,47,91
1,<environment.Job instance at 0x7f14ee198dc0>,45,3,[9 4],46,115,118,69,91
1,<environment.Job instance at 0x7f14edff79b0>,50,2,[8 1],51,110,112,59,98
1,<environment.Job instance at 0x7f14ee01dbe0>,51,23,[5 9],52,112,135,60,106
1,<environment.Job instance at 0x7f14edfa4c80>,53,3,[ 1 14],54,135,138,81,109
1,<environment.Job instance at 0x7f14ee01d280>,54,1,[ 2 10],55,138,139,83,110
1,<environment.Job instance at 0x7f14edf9b280>,57,22,[2 9],58,139,161,81,132
1,<environment.Job instance at 0x7f14edfa4af0>,58,1,[5 3],59,132,133,73,132
1,<environment.Job instance at 0x7f14edf77cd0>,62,2,[5 4],63,138,140,75,134
1,<environment.Job instance at 0x7f14edf775a0>,66,20,[8 2],67,150,170,83,150
1,<environment.Job instance at 0x7f14edf77190>,68,26,[2 5],69,161,187,92,158
1,<environment.Job instance at 0x7f14edfab0a0>,74,1,[10  4],75,170,171,95,166
1,<environment.Job instance at 0x7f14edfab370>,75,2,[8 4],76,171,173,95,166
1,<environment.Job instance at 0x7f14f080d0a0>,76,24,[2 9],77,173,197,96,168
1,<environment.Job instance at 0x7f14f080dc80>,77,12,[ 2 12],78,197,209,119,180
1,<environment.Job instance at 0x7f14f080d3c0>,78,14,[13  4],79,209,223,130,195
1,<environment.Job instance at 0x7f14f0804140>,80,1,[1 9],81,209,210,128,195
1,<environment.Job instance at 0x7f14f08041e0>,82,1,[1 5],83,195,196,112,195
1,<environment.Job instance at 0x7f14f0804af0>,84,2,[3 6],85,223,225,138,196
1,<environment.Job instance at 0x7f14f08048c0>,86,1,[7 4],87,196,197,109,196
1,<environment.Job instance at 0x7f14f0805050>,88,2,[7 4],89,223,225,134,210
1,<environment.Job instance at 0x7f14f0829730>,89,2,[2 6],90,210,212,120,210
1,<environment.Job instance at 0x7f14edfa4f50>,1,23,[1 8],2,2,25,0,2
1,<environment.Job instance at 0x7f14aa95d410>,5,15,[ 1 10],6,25,40,19,16
1,<environment.Job instance at 0x7f14aa2ed640>,15,3,[9 4],16,16,19,0,16
1,<environment.Job instance at 0x7f14aa2edc30>,16,25,[8 1],17,19,44,2,17
1,<environment.Job instance at 0x7f14aa2022d0>,9,3,[3 5],10,20,23,10,20
1,<environment.Job instance at 0x7f14ee31b050>,24,28,[7 4],25,40,68,15,39
1,<environment.Job instance at 0x7f14ee045fa0>,25,20,[7 2],26,44,64,18,39
1,<environment.Job instance at 0x7f14f08cec30>,28,2,[7 1],29,64,66,35,53
1,<environment.Job instance at 0x7f14f08ce370>,32,3,[8 4],33,70,73,37,70
1,<environment.Job instance at 0x7f14aa49b730>,34,19,[1 8],35,70,89,35,70
1,<environment.Job instance at 0x7f14aa49b780>,35,3,[9 3],36,73,76,37,70
1,<environment.Job instance at 0x7f14ee4cdd70>,39,3,[5 3],40,87,90,47,87
1,<environment.Job instance at 0x7f14ee4cd0a0>,41,3,[10  1],42,91,94,49,91
1,<environment.Job instance at 0x7f14f0e94c80>,43,20,[4 5],44,99,119,55,99
1,<environment.Job instance at 0x7f14f0e94e10>,44,2,[6 5],45,100,102,55,100
1,<environment.Job instance at 0x7f14f0e94320>,45,20,[5 5],46,100,120,54,100
1,<environment.Job instance at 0x7f14f0e94820>,47,13,[14  1],48,120,133,72,105
1,<environment.Job instance at 0x7f14f0e94eb0>,54,2,[5 2],55,133,135,78,126
1,<environment.Job instance at 0x7f14aa2d6870>,55,3,[5 2],56,133,136,77,126
1,<environment.Job instance at 0x7f14aa2d6a50>,56,2,[14  1],57,136,138,79,126
1,<environment.Job instance at 0x7f14aa2d6aa0>,57,2,[5 5],58,133,135,75,126
1,<environment.Job instance at 0x7f14aa2d67d0>,60,3,[7 3],61,141,144,80,141
1,<environment.Job instance at 0x7f14f086b730>,61,25,[1 6],62,141,166,79,141
1,<environment.Job instance at 0x7f14f0a11f00>,62,12,[12  2],63,144,156,81,141
1,<environment.Job instance at 0x7f14f0a11a00>,63,26,[10  4],64,156,182,92,153
1,<environment.Job instance at 0x7f14aa195f50>,6,13,[ 5 11],7,166,179,159,154
1,<environment.Job instance at 0x7f14ee406b40>,65,24,[4 7],66,179,203,113,177
1,<environment.Job instance at 0x7f14aa555460>,75,3,[2 8],76,187,190,111,187
1,<environment.Job instance at 0x7f14f0cf1050>,77,28,[7 2],78,190,218,112,189
1,<environment.Job instance at 0x7f14f0cf1cd0>,78,3,[4 5],79,190,193,111,189
1,<environment.Job instance at 0x7f14f0cf10a0>,79,27,[ 3 10],80,203,230,123,201
1,<environment.Job instance at 0x7f14f08e7780>,82,26,[9 1],83,218,244,135,215
1,<environment.Job instance at 0x7f14f080fbe0>,3,1,[8 3],4,5,6,1,5
1,<environment.Job instance at 0x7f14aa206fa0>,8,17,[13  5],9,11,28,2,11
1,<environment.Job instance at 0x7f14ee71ae10>,13,2,[1 7],14,14,16,0,14
1,<environment.Job instance at 0x7f14ee71a1e0>,17,3,[8 3],18,36,39,18,36
1,<environment.Job instance at 0x7f14ee71a230>,18,2,[1 7],19,36,38,17,36
1,<environment.Job instance at 0x7f14ee71ac30>,20,14,[1 7],21,41,55,20,41
1,<environment.Job instance at 0x7f14ee71a140>,21,1,[3 9],22,55,56,33,41
1,<environment.Job instance at 0x7f14ee71abe0>,22,13,[13  5],23,41,54,18,41
1,<environment.Job instance at 0x7f14ee71a960>,23,3,[6 1],24,54,57,30,41
1,<environment.Job instance at 0x7f14ee71a690>,25,2,[ 2 12],26,56,58,30,46
1,<environment.Job instance at 0x7f14ee71a050>,26,1,[3 9],27,58,59,31,46
1,<environment.Job instance at 0x7f14ee71afa0>,27,17,[ 5 10],28,59,76,31,48
1,<environment.Job instance at 0x7f14ee71a7d0>,28,21,[2 5],29,58,79,29,50
1,<environment.Job instance at 0x7f14ee71af00>,29,23,[5 7],30,76,99,46,70
1,<environment.Job instance at 0x7f14ee534f00>,33,25,[ 1 10],34,99,124,65,95
1,<environment.Job instance at 0x7f14ee534320>,35,2,[5 2],36,95,97,59,95
1,<environment.Job instance at 0x7f14ee5347d0>,36,12,[14  2],37,99,111,62,95
1,<environment.Job instance at 0x7f14ee534640>,37,19,[ 2 10],38,124,143,86,114
1,<environment.Job instance at 0x7f14aab24280>,47,3,[10  5],48,124,127,76,124
1,<environment.Job instance at 0x7f14ee454be0>,50,12,[ 1 13],51,143,155,92,126
1,<environment.Job instance at 0x7f14ee454500>,52,2,[4 5],53,129,131,76,129
1,<environment.Job instance at 0x7f14ee4546e0>,54,2,[8 4],55,137,139,82,137
1,<environment.Job instance at 0x7f14ee454280>,55,2,[11  4],56,139,141,83,137
1,<environment.Job instance at 0x7f14ee454fa0>,56,1,[6 4],57,141,142,84,137
1,<environment.Job instance at 0x7f14ee454320>,58,2,[6 3],59,155,157,96,152
1,<environment.Job instance at 0x7f14ee4549b0>,59,21,[7 2],60,152,173,92,152
1,<environment.Job instance at 0x7f14ee454730>,61,3,[ 1 10],62,155,158,93,153
1,<environment.Job instance at 0x7f14f08e7410>,2,18,[2 5],3,166,184,163,166
1,<environment.Job instance at 0x7f14ee661730>,66,23,[ 5 12],67,184,207,117,178
1,<environment.Job instance at 0x7f14ee661820>,67,21,[10  4],68,207,228,139,199
1,<environment.Job instance at 0x7f14ee534be0>,38,1,[ 5 14],39,228,229,189,201
1,<environment.Job instance at 0x7f14ee661230>,74,3,[ 3 10],75,207,210,132,207
1,<environment.Job instance at 0x7f14f53d3dc0>,77,1,[7 1],78,228,229,150,223
1,<environment.Job instance at 0x7f14f53d3eb0>,78,1,[1 5],79,223,224,144,223
1,<environment.Job instance at 0x7f14f0d32280>,6,18,[1 8],7,7,25,0,7
1,<environment.Job instance at 0x7f14f0a89dc0>,1,18,[14  2],2,10,28,8,10
1,<environment.Job instance at 0x7f14aa385370>,12,1,[5 5],13,28,29,15,13
1,<environment.Job instance at 0x7f14aa384be0>,14,3,[10  5],15,28,31,13,21
1,<environment.Job instance at 0x7f14aa385c80>,15,3,[6 3],16,31,34,15,21
1,<environment.Job instance at 0x7f14aa385e10>,16,2,[6 5],17,31,33,14,21
1,<environment.Job instance at 0x7f14aa385820>,17,2,[9 5],18,33,35,15,21
1,<environment.Job instance at 0x7f14ee588dc0>,20,1,[10  3],21,51,52,30,51
1,<environment.Job instance at 0x7f14ee3bdc30>,23,2,[2 7],24,83,85,59,83
1,<environment.Job instance at 0x7f14ee3bdd70>,24,1,[1 7],25,83,84,58,83
1,<environment.Job instance at 0x7f14ee3bddc0>,25,3,[3 6],26,84,87,58,83
1,<environment.Job instance at 0x7f14ee3bdaf0>,26,18,[4 9],27,85,103,58,83
1,<environment.Job instance at 0x7f14f09b94b0>,31,3,[5 2],32,100,103,68,100
1,<environment.Job instance at 0x7f14f09b9780>,33,18,[ 5 13],34,104,122,70,104
1,<environment.Job instance at 0x7f14f09b9c80>,35,1,[3 8],36,122,123,86,111
1,<environment.Job instance at 0x7f14aa810280>,37,2,[7 1],38,111,113,73,111
1,<environment.Job instance at 0x7f14f07e7fa0>,38,2,[5 5],39,122,124,83,111
1,<environment.Job instance at 0x7f14aa810230>,42,2,[6 4],43,134,136,91,134
1,<environment.Job instance at 0x7f14aa586b40>,43,1,[5 3],44,134,135,90,134
1,<environment.Job instance at 0x7f14aa586a00>,45,1,[5 1],46,143,144,97,143
1,<environment.Job instance at 0x7f14aa586190>,48,3,[6 1],49,156,159,107,156
1,<environment.Job instance at 0x7f14aa586a50>,50,1,[9 3],51,172,173,121,172
1,<environment.Job instance at 0x7f14aa586640>,51,1,[2 5],52,172,173,120,172
1,<environment.Job instance at 0x7f14f0968910>,54,2,[7 3],55,173,175,118,172
1,<environment.Job instance at 0x7f14f0968aa0>,55,18,[4 9],56,173,191,117,172
1,<environment.Job instance at 0x7f14f0968d20>,57,1,[8 1],58,186,187,128,186
1,<environment.Job instance at 0x7f14f0968f50>,59,3,[9 5],60,190,193,130,190
1,<environment.Job instance at 0x7f14f0968eb0>,60,2,[8 4],61,193,195,132,190
1,<environment.Job instance at 0x7f14f0968500>,61,1,[3 9],62,191,192,129,190
1,<environment.Job instance at 0x7f14f09681e0>,62,1,[2 9],63,192,193,129,190
1,<environment.Job instance at 0x7f14ee6644b0>,7,27,[4 8],8,193,220,185,192
1,<environment.Job instance at 0x7f14f0968b40>,65,16,[10  1],66,204,220,138,204
1,<environment.Job instance at 0x7f14f09687d0>,66,21,[10  4],67,220,241,153,212
1,<environment.Job instance at 0x7f14f0968460>,67,14,[ 3 12],68,241,255,173,226
1,<environment.Job instance at 0x7f14f0968280>,69,2,[9 5],70,255,257,185,229
1,<environment.Job instance at 0x7f14f09689b0>,70,1,[8 3],71,241,242,170,229
1,<environment.Job instance at 0x7f14f095aeb0>,71,2,[10  3],72,242,244,170,230
1,<environment.Job instance at 0x7f14f095a320>,72,3,[ 4 10],73,231,234,158,231
1,<environment.Job instance at 0x7fc4994c0af0>,1,15,[ 1 14],2,2,17,0,2
1,<environment.Job instance at 0x7fc49205e2d0>,3,18,[ 3 10],4,17,35,13,6
1,<environment.Job instance at 0x7fc49205e370>,6,12,[11  4],7,17,29,10,10
1,<environment.Job instance at 0x7fc49205eb90>,15,3,[10  2],16,29,32,13,17
1,<environment.Job instance at 0x7fc4994c06e0>,4,18,[10  4],5,32,50,27,21
1,<environment.Job instance at 0x7fc49205f0a0>,20,1,[3 7],21,35,36,14,31
1,<environment.Job instance at 0x7fc49205f460>,21,3,[ 2 10],22,36,39,14,31
1,<environment.Job instance at 0x7fc49205f140>,22,2,[12  3],23,50,52,27,31
1,<environment.Job instance at 0x7fc49205f410>,24,3,[5 9],25,39,42,14,36
1,<environment.Job instance at 0x7fc49205f2d0>,25,3,[1 6],26,42,45,16,36
1,<environment.Job instance at 0x7fc49205f5f0>,26,22,[2 9],27,45,67,18,38
1,<environment.Job instance at 0x7fc49205f870>,30,1,[5 5],31,52,53,21,48
1,<environment.Job instance at 0x7fc49205ff00>,33,2,[5 3],34,53,55,19,53
1,<environment.Job instance at 0x7fc49205ffa0>,34,3,[9 5],35,55,58,20,53
1,<environment.Job instance at 0x7fc492063190>,36,2,[5 1],37,69,71,32,69
1,<environment.Job instance at 0x7fc4920634b0>,39,18,[5 8],40,86,104,46,86
1,<environment.Job instance at 0x7fc492063690>,43,28,[6 4],44,94,122,50,94
1,<environment.Job instance at 0x7fc492063a00>,44,17,[ 5 12],45,122,139,77,110
1,<environment.Job instance at 0x7fc492063b90>,50,27,[9 1],51,116,143,65,116
1,<environment.Job instance at 0x7fc492063eb0>,52,3,[ 3 11],53,139,142,86,124
1,<environment.Job instance at 0x7fc4920620f0>,53,18,[ 4 12],54,142,160,88,131
1,<environment.Job instance at 0x7fc4920624b0>,58,1,[5 7],59,160,161,101,139
1,<environment.Job instance at 0x7fc492062690>,61,2,[9 2],62,149,151,87,149
1,<environment.Job instance at 0x7fc492062730>,62,20,[9 1],63,151,171,88,149
1,<environment.Job instance at 0x7fc4920629b0>,66,3,[ 2 10],67,161,164,94,153
1,<environment.Job instance at 0x7fc492062a50>,67,26,[5 4],68,164,190,96,161
1,<environment.Job instance at 0x7fc49205ee10>,18,16,[8 5],19,171,187,152,167
1,<environment.Job instance at 0x7fc492062af0>,68,22,[5 6],69,187,209,118,180
1,<environment.Job instance at 0x7fc4920690a0>,73,3,[10  4],74,190,193,116,183
1,<environment.Job instance at 0x7fc4920690f0>,74,1,[6 2],75,193,194,118,183
1,<environment.Job instance at 0x7fc492069550>,78,19,[8 4],79,194,213,115,190
1,<environment.Job instance at 0x7fc4920698c0>,82,3,[10  1],83,213,216,130,200
1,<environment.Job instance at 0x7fc492069960>,83,3,[9 2],84,216,219,132,201
1,<environment.Job instance at 0x7fc492062f50>,72,14,[9 1],73,219,233,146,204
1,<environment.Job instance at 0x7fc492069820>,81,17,[ 4 14],82,219,236,137,210
1,<environment.Job instance at 0x7fc4995d6550>,0,20,[5 7],1,1,21,0,1
1,<environment.Job instance at 0x7fc492062f00>,3,3,[1 6],4,6,9,2,6
1,<environment.Job instance at 0x7fc4995d6cd0>,1,18,[ 3 13],2,21,39,19,10
1,<environment.Job instance at 0x7fc45904ccd0>,5,14,[9 1],6,10,24,4,10
1,<environment.Job instance at 0x7fc4995e5230>,6,15,[9 2],7,24,39,17,10
1,<environment.Job instance at 0x7fc499497dc0>,10,2,[5 6],11,39,41,28,12
1,<environment.Job instance at 0x7fc499497410>,13,3,[1 5],14,14,17,0,14
1,<environment.Job instance at 0x7fc4995e5190>,7,18,[ 3 12],8,41,59,33,30
1,<environment.Job instance at 0x7fc4995e2a50>,23,3,[2 9],24,59,62,35,39
1,<environment.Job instance at 0x7fc4995e2320>,21,2,[9 3],22,39,41,17,39
1,<environment.Job instance at 0x7fc4995e2dc0>,25,15,[ 3 14],26,62,77,36,48
1,<environment.Job instance at 0x7fc4995e2410>,28,14,[5 1],29,54,68,25,54
1,<environment.Job instance at 0x7fc4994978c0>,14,15,[9 1],15,68,83,53,55
1,<environment.Job instance at 0x7fc4995e2c30>,27,12,[14  5],28,83,95,55,66
1,<environment.Job instance at 0x7fc4995e2820>,32,2,[4 9],33,77,79,44,66
1,<environment.Job instance at 0x7fc4995dfeb0>,34,1,[7 1],35,95,96,60,69
1,<environment.Job instance at 0x7fc4995df870>,39,3,[5 5],40,95,98,55,86
1,<environment.Job instance at 0x7fc4995d5a50>,41,16,[1 9],42,86,102,44,86
1,<environment.Job instance at 0x7fc49a4c1b40>,43,1,[5 6],44,98,99,54,89
1,<environment.Job instance at 0x7fc49949ae10>,44,2,[8 5],45,99,101,54,89
1,<environment.Job instance at 0x7fc49949ad20>,46,2,[8 2],47,101,103,54,90
1,<environment.Job instance at 0x7fc49949a730>,47,17,[3 8],48,102,119,54,93
1,<environment.Job instance at 0x7fc499497320>,12,14,[14  1],13,119,133,106,104
1,<environment.Job instance at 0x7fc4995e0190>,55,3,[5 5],56,133,136,77,120
1,<environment.Job instance at 0x7fc4995dbb40>,56,22,[11  3],57,136,158,79,129
1,<environment.Job instance at 0x7fc4995e27d0>,30,17,[3 8],31,139,156,108,139
1,<environment.Job instance at 0x7fc4995e00f0>,60,3,[9 1],61,158,161,97,141
1,<environment.Job instance at 0x7fc4995e0050>,62,1,[ 5 10],63,158,159,95,141
1,<environment.Job instance at 0x7fc4995e0d70>,64,1,[9 4],65,161,162,96,143
1,<environment.Job instance at 0x7fc4995e04b0>,65,25,[3 9],66,159,184,93,155
1,<environment.Job instance at 0x7fc4995e05a0>,66,1,[7 4],67,162,163,95,155
1,<environment.Job instance at 0x7fc4995e9960>,69,23,[2 8],70,184,207,114,178
1,<environment.Job instance at 0x7fc4995e9780>,72,2,[8 2],73,178,180,105,178
1,<environment.Job instance at 0x7fc4995e9280>,73,1,[3 9],74,207,208,133,180
1,<environment.Job instance at 0x7fc4995e0cd0>,59,16,[3 5],60,181,197,121,181
1,<environment.Job instance at 0x7fc4995e9410>,76,26,[9 1],77,181,207,104,181
1,<environment.Job instance at 0x7fc4995e9a00>,78,14,[8 5],79,207,221,128,192
1,<environment.Job instance at 0x7fc4995e9140>,80,18,[5 1],81,208,226,127,206
1,<environment.Job instance at 0x7fc4995e3aa0>,86,23,[5 8],87,221,244,134,215
1,<environment.Job instance at 0x7fc44e442aa0>,2,1,[3 8],3,4,5,1,4
1,<environment.Job instance at 0x7fc44e4420f0>,4,28,[9 1],5,5,33,0,5
1,<environment.Job instance at 0x7fc44e442e60>,7,1,[7 2],8,33,34,25,8
1,<environment.Job instance at 0x7fc44e442140>,8,16,[14  3],9,34,50,25,22
1,<environment.Job instance at 0x7fc44e442410>,20,28,[7 3],21,50,78,29,49
1,<environment.Job instance at 0x7fc44e45f780>,22,3,[3 9],23,51,54,28,51
1,<environment.Job instance at 0x7fc44e45f9b0>,25,3,[6 4],26,59,62,33,59
1,<environment.Job instance at 0x7fc44e45ff00>,26,17,[2 6],27,65,82,38,65
1,<environment.Job instance at 0x7fc44e45f280>,27,16,[2 8],28,78,94,50,66
1,<environment.Job instance at 0x7fc44e45f410>,30,18,[8 5],31,82,100,51,81
1,<environment.Job instance at 0x7fc44e45fd70>,31,3,[1 8],32,94,97,62,81
1,<environment.Job instance at 0x7fc44e45fb90>,34,17,[1 9],35,97,114,62,86
1,<environment.Job instance at 0x7fc44e45fe60>,35,2,[9 2],36,100,102,64,86
1,<environment.Job instance at 0x7fc44e45fcd0>,36,2,[5 1],37,86,88,49,86
1,<environment.Job instance at 0x7fc44e45fa00>,37,1,[1 7],38,114,115,76,86
1,<environment.Job instance at 0x7fc44e45fb40>,38,12,[12  2],39,102,114,63,86
1,<environment.Job instance at 0x7fc44e45f640>,41,19,[ 3 14],42,115,134,73,105
1,<environment.Job instance at 0x7fc44e432a50>,42,2,[14  5],43,134,136,91,107
1,<environment.Job instance at 0x7fc44e432b90>,43,21,[9 5],44,136,157,92,128
1,<environment.Job instance at 0x7fc44e432500>,46,22,[6 1],47,136,158,89,129
1,<environment.Job instance at 0x7fc44e4325a0>,49,1,[8 5],50,157,158,107,143
1,<environment.Job instance at 0x7fc44e4320f0>,50,1,[9 5],51,158,159,107,143
1,<environment.Job instance at 0x7fc44e432550>,51,18,[ 5 14],52,159,177,107,148
1,<environment.Job instance at 0x7fc44e3947d0>,55,2,[7 1],56,159,161,103,150
1,<environment.Job instance at 0x7fc44e394140>,58,1,[ 5 14],59,177,178,118,161
1,<environment.Job instance at 0x7fc44e394780>,62,2,[9 4],63,178,180,115,174
1,<environment.Job instance at 0x7fc44e394b90>,63,3,[14  5],64,180,183,116,174
1,<environment.Job instance at 0x7fc44e394f50>,64,2,[1 7],65,178,180,113,174
1,<environment.Job instance at 0x7fc44e3940f0>,65,1,[ 4 10],66,183,184,117,174
1,<environment.Job instance at 0x7fc44e394960>,67,1,[9 4],68,183,184,115,174
1,<environment.Job instance at 0x7fc44e432c80>,45,12,[12  4],46,184,196,138,175
1,<environment.Job instance at 0x7fc44e45f5a0>,29,1,[8 3],30,196,197,166,176
1,<environment.Job instance at 0x7fc44e43b690>,71,3,[3 6],72,184,187,112,177
1,<environment.Job instance at 0x7fc44e3940a0>,60,2,[10  1],61,197,199,136,180
1,<environment.Job instance at 0x7fc44e43b3c0>,72,1,[13  3],73,199,200,126,186
1,<environment.Job instance at 0x7fc44e3300a0>,75,1,[8 2],76,200,201,124,187
1,<environment.Job instance at 0x7fc44e394eb0>,68,17,[12  1],69,201,218,132,189
1,<environment.Job instance at 0x7fc44e330b40>,77,1,[4 8],78,196,197,118,189
1,<environment.Job instance at 0x7fc44e4935a0>,81,2,[3 8],82,205,207,123,205
1,<environment.Job instance at 0x7fc44e493dc0>,82,27,[ 2 13],83,207,234,124,205
1,<environment.Job instance at 0x7fc44e4938c0>,84,1,[3 8],85,234,235,149,206
1,<environment.Job instance at 0x7fc44e442fa0>,2,2,[6 1],3,3,5,0,3
1,<environment.Job instance at 0x7fc44e3011e0>,6,2,[3 5],7,8,10,1,8
1,<environment.Job instance at 0x7fc44e3018c0>,8,14,[10  4],9,9,23,0,9
1,<environment.Job instance at 0x7fc44e3015f0>,9,16,[1 7],10,11,27,1,11
1,<environment.Job instance at 0x7fc44e301fa0>,7,2,[9 1],8,23,25,15,11
1,<environment.Job instance at 0x7fc491dc5e60>,5,1,[5 7],6,23,24,17,13
1,<environment.Job instance at 0x7fc49949a820>,13,1,[2 8],14,25,26,11,15
1,<environment.Job instance at 0x7fc44e301eb0>,4,18,[13  2],5,26,44,21,15
1,<environment.Job instance at 0x7fc44e3f7640>,19,1,[4 6],20,44,45,24,26
1,<environment.Job instance at 0x7fc44e3f7690>,23,1,[2 8],24,34,35,10,34
1,<environment.Job instance at 0x7fc49949aaa0>,11,15,[3 5],12,65,80,53,65
1,<environment.Job instance at 0x7fc492001780>,30,1,[5 1],31,69,70,38,69
1,<environment.Job instance at 0x7fc44e425690>,31,25,[10  4],32,70,95,38,69
1,<environment.Job instance at 0x7fc44e4255f0>,32,2,[1 5],33,69,71,36,69
1,<environment.Job instance at 0x7fc44e425280>,34,22,[1 9],35,80,102,45,73
1,<environment.Job instance at 0x7fc44e3695f0>,38,3,[4 7],39,102,105,63,80
1,<environment.Job instance at 0x7fc44e3f74b0>,17,2,[5 9],18,105,107,87,87
1,<environment.Job instance at 0x7fc44e369870>,42,2,[6 3],43,95,97,52,91
1,<environment.Job instance at 0x7fc44e369500>,43,24,[3 6],44,97,121,53,92
1,<environment.Job instance at 0x7fc44e369460>,44,2,[4 8],45,107,109,62,92
1,<environment.Job instance at 0x7fc44e369a50>,45,20,[3 8],46,109,129,63,100
1,<environment.Job instance at 0x7fc44e3690f0>,47,27,[9 5],48,121,148,73,119
1,<environment.Job instance at 0x7fc44e302870>,52,2,[6 4],53,132,134,79,132
1,<environment.Job instance at 0x7fc44e3027d0>,53,2,[ 3 14],54,148,150,94,132
1,<environment.Job instance at 0x7fc44e302190>,54,2,[1 9],55,134,136,79,132
1,<environment.Job instance at 0x7fc44e3029b0>,56,21,[6 1],57,136,157,79,133
1,<environment.Job instance at 0x7fc44e302640>,58,12,[8 2],59,150,162,91,140
1,<environment.Job instance at 0x7fc44e302a00>,59,1,[10  5],60,162,163,102,140
1,<environment.Job instance at 0x7fc44e302dc0>,61,2,[7 4],62,157,159,95,144
1,<environment.Job instance at 0x7fc44e302140>,64,3,[ 3 12],65,159,162,94,152
1,<environment.Job instance at 0x7fc44e302690>,65,27,[5 5],66,162,189,96,160
1,<environment.Job instance at 0x7fc44e302730>,66,22,[2 8],67,167,189,100,167
1,<environment.Job instance at 0x7fc44e302f50>,68,13,[14  4],69,189,202,120,173
1,<environment.Job instance at 0x7fc44e3f73c0>,29,22,[1 6],30,189,211,159,189
1,<environment.Job instance at 0x7fc44e2fe320>,80,2,[9 4],81,204,206,123,204
1,<environment.Job instance at 0x7fc44e3691e0>,41,18,[3 8],42,206,224,164,204
1,<environment.Job instance at 0x7fc44e301690>,10,18,[11  4],11,211,229,200,204
1,<environment.Job instance at 0x7fc44e2fef00>,84,3,[2 5],85,224,227,139,210
1,<environment.Job instance at 0x7fc44e7fe370>,1,2,[5 6],2,2,4,0,2
1,<environment.Job instance at 0x7fc44e301870>,2,2,[3 5],3,4,6,1,4
1,<environment.Job instance at 0x7fc44e425a00>,4,14,[ 3 14],5,6,20,1,5
1,<environment.Job instance at 0x7fc491ea7730>,5,24,[3 9],6,20,44,14,15
1,<environment.Job instance at 0x7fc49249fe60>,15,1,[12  4],16,21,22,5,21
1,<environment.Job instance at 0x7fc49249f5a0>,16,2,[9 2],17,22,24,5,21
1,<environment.Job instance at 0x7fc44e755460>,17,2,[5 2],18,24,26,6,22
1,<environment.Job instance at 0x7fc44e7554b0>,18,2,[6 5],19,26,28,7,22
1,<environment.Job instance at 0x7fc44e755500>,19,3,[8 5],20,28,31,8,22
1,<environment.Job instance at 0x7fc44e7555a0>,21,15,[14  1],22,44,59,22,30
1,<environment.Job instance at 0x7fc44e7559b0>,22,27,[5 5],23,59,86,36,57
1,<environment.Job instance at 0x7fc4921819b0>,14,15,[ 1 10],15,57,72,42,57
1,<environment.Job instance at 0x7fc44e755a00>,25,1,[3 6],26,72,73,46,57
1,<environment.Job instance at 0x7fc44e755d20>,28,2,[7 3],29,72,74,43,57
1,<environment.Job instance at 0x7fc44e755fa0>,30,2,[6 5],31,74,76,43,57
1,<environment.Job instance at 0x7fc44e755e10>,31,14,[1 9],32,76,90,44,65
1,<environment.Job instance at 0x7fc44e755f00>,33,18,[4 8],34,90,108,56,88
1,<environment.Job instance at 0x7fc44e7512d0>,36,27,[5 8],37,108,135,71,106
1,<environment.Job instance at 0x7fc44e751370>,37,3,[5 6],38,106,109,68,106
1,<environment.Job instance at 0x7fc44e7514b0>,39,1,[ 4 10],40,135,136,95,107
1,<environment.Job instance at 0x7fc44e751550>,40,1,[10  3],41,109,110,68,107
1,<environment.Job instance at 0x7fc44e7515f0>,41,24,[4 8],42,136,160,94,131
1,<environment.Job instance at 0x7fc44e751190>,34,17,[7 4],35,131,148,96,131
1,<environment.Job instance at 0x7fc44e751c30>,51,1,[11  1],52,148,149,96,144
1,<environment.Job instance at 0x7fc44e751cd0>,52,17,[2 5],53,149,166,96,144
1,<environment.Job instance at 0x7fc44e751e10>,54,2,[4 9],55,160,162,105,146
1,<environment.Job instance at 0x7fc44e751eb0>,55,2,[7 5],56,162,164,106,146
1,<environment.Job instance at 0x7fc44e751fa0>,58,3,[9 1],59,164,167,105,163
1,<environment.Job instance at 0x7fc44e2665f0>,60,19,[2 7],61,170,189,109,170
1,<environment.Job instance at 0x7fc44e266690>,61,24,[1 9],62,189,213,127,184
1,<environment.Job instance at 0x7fc44e266730>,62,3,[ 3 10],63,213,216,150,187
1,<environment.Job instance at 0x7fc44e266870>,64,1,[2 5],65,187,188,122,187
1,<environment.Job instance at 0x7fc44e2666e0>,65,2,[9 3],66,187,189,121,187
1,<environment.Job instance at 0x7fc44e266b40>,67,23,[10  4],68,189,212,121,187
1,<environment.Job instance at 0x7fc44e266c30>,69,3,[3 6],70,216,219,146,191
1,<environment.Job instance at 0x7fc44e266cd0>,70,3,[7 3],71,212,215,141,191
1,<environment.Job instance at 0x7fc44e266e10>,72,12,[3 8],73,216,228,143,202
1,<environment.Job instance at 0x7fc44e266eb0>,73,3,[ 5 13],74,228,231,154,202
1,<environment.Job instance at 0x7fc44e2668c0>,76,17,[13  2],77,231,248,154,219
1,<environment.Job instance at 0x7fc44e266f00>,77,1,[11  4],78,219,220,141,219
1,<environment.Job instance at 0x7fc492153320>,8,12,[ 2 10],9,231,243,222,220
1,<environment.Job instance at 0x7fc49218f550>,1,15,[ 2 14],2,2,17,0,2
1,<environment.Job instance at 0x7fc44e2b6370>,2,3,[4 9],3,17,20,14,3
1,<environment.Job instance at 0x7fc44e6f34b0>,4,2,[10  3],5,17,19,12,5
1,<environment.Job instance at 0x7fc44e6f3230>,5,12,[ 3 13],6,20,32,14,6
1,<environment.Job instance at 0x7fc44e6fc640>,12,3,[4 9],13,32,35,19,13
1,<environment.Job instance at 0x7fc44e6fc500>,16,2,[ 3 10],17,35,37,18,18
1,<environment.Job instance at 0x7fc44e6fc9b0>,17,3,[5 1],18,19,22,1,18
1,<environment.Job instance at 0x7fc44e6fca00>,18,2,[5 4],19,32,34,13,19
1,<environment.Job instance at 0x7fc44e6fc1e0>,20,1,[5 1],21,21,22,0,21
1,<environment.Job instance at 0x7fc44e6f3b40>,9,1,[8 3],10,34,35,24,22
1,<environment.Job instance at 0x7fc44e6fcf50>,21,17,[14  3],22,37,54,15,26
1,<environment.Job instance at 0x7fc491fa53c0>,27,3,[12  4],28,54,57,26,39
1,<environment.Job instance at 0x7fc491fa5280>,29,28,[1 8],30,51,79,21,51
1,<environment.Job instance at 0x7fc491fa5e10>,31,13,[1 9],32,79,92,47,67
1,<environment.Job instance at 0x7fc491fa5140>,33,2,[6 5],34,67,69,33,67
1,<environment.Job instance at 0x7fc491fa5910>,34,1,[7 3],35,69,70,34,67
1,<environment.Job instance at 0x7fc491fa5690>,35,3,[7 2],36,67,70,31,67
1,<environment.Job instance at 0x7fc44e6fcc80>,24,15,[ 2 13],25,92,107,67,80
1,<environment.Job instance at 0x7fc491fa5460>,39,3,[4 9],40,107,110,67,85
1,<environment.Job instance at 0x7fc491fa5af0>,32,3,[1 9],33,110,113,77,93
1,<environment.Job instance at 0x7fc491fbbdc0>,43,3,[1 8],44,113,116,69,95
1,<environment.Job instance at 0x7fc44e720f00>,44,3,[5 2],45,103,106,58,103
1,<environment.Job instance at 0x7fc44e720730>,46,1,[4 7],47,113,114,66,103
1,<environment.Job instance at 0x7fc491fbbe60>,41,15,[1 9],42,116,131,74,107
1,<environment.Job instance at 0x7fc44e7200a0>,45,24,[8 3],46,114,138,68,109
1,<environment.Job instance at 0x7fc44e720640>,48,17,[2 7],49,131,148,82,119
1,<environment.Job instance at 0x7fc491fa5a00>,38,18,[13  3],39,138,156,99,128
1,<environment.Job instance at 0x7fc4946cebe0>,61,13,[12  4],62,156,169,94,145
1,<environment.Job instance at 0x7fc4946ce370>,64,24,[4 5],65,169,193,104,164
1,<environment.Job instance at 0x7fc44e720f50>,56,18,[9 4],57,169,187,112,164
1,<environment.Job instance at 0x7fc4946ce820>,69,3,[5 9],70,187,190,117,167
1,<environment.Job instance at 0x7fc4946ce0f0>,70,2,[6 4],71,190,192,119,167
1,<environment.Job instance at 0x7fc4947ed0f0>,71,2,[3 5],72,167,169,95,167
1,<environment.Job instance at 0x7fc4947edb90>,75,2,[2 9],76,192,194,116,184
1,<environment.Job instance at 0x7fc4947edf50>,76,15,[9 1],77,192,207,115,184
1,<environment.Job instance at 0x7fc4946ce5f0>,68,16,[6 5],69,194,210,125,184
1,<environment.Job instance at 0x7fc4947ed190>,80,3,[10  4],81,210,213,129,191
1,<environment.Job instance at 0x7fc4946a3cd0>,83,15,[6 1],84,213,228,129,203
1,<environment.Job instance at 0x7fc4946a3e60>,84,3,[7 4],85,207,210,122,203
1,<environment.Job instance at 0x7fc4946a3140>,85,3,[9 4],86,213,216,127,203
1,<environment.Job instance at 0x7fc4946a3050>,86,2,[5 5],87,210,212,123,203
1,<environment.Job instance at 0x7fc4946a3960>,87,1,[10  3],88,228,229,140,203
1,<environment.Job instance at 0x7fc492588820>,0,27,[6 4],1,1,28,0,1
1,<environment.Job instance at 0x7fc44e6fcdc0>,1,1,[11  4],2,28,29,26,3
1,<environment.Job instance at 0x7fc492529e10>,5,3,[10  4],6,29,32,23,6
1,<environment.Job instance at 0x7fc494d13b40>,7,2,[ 2 10],8,8,10,0,8
1,<environment.Job instance at 0x7fc492588370>,8,22,[7 5],9,32,54,23,25
1,<environment.Job instance at 0x7fc494bf4f00>,12,24,[1 6],13,25,49,12,25
1,<environment.Job instance at 0x7fc44e62f910>,17,13,[ 4 10],18,49,62,31,40
1,<environment.Job instance at 0x7fc44e3a5d70>,19,2,[9 1],20,54,56,34,40
1,<environment.Job instance at 0x7fc44e3a50a0>,22,3,[1 9],23,62,65,39,41
1,<environment.Job instance at 0x7fc492041c30>,23,13,[5 1],24,56,69,32,41
1,<environment.Job instance at 0x7fc492041d20>,24,3,[ 2 12],25,65,68,40,41
1,<environment.Job instance at 0x7fc44e6195f0>,25,2,[3 5],26,62,64,36,41
1,<environment.Job instance at 0x7fc49241cbe0>,27,2,[8 4],28,68,70,40,49
1,<environment.Job instance at 0x7fc49465f910>,29,17,[1 9],30,68,85,38,56
1,<environment.Job instance at 0x7fc44e803730>,30,1,[9 4],31,64,65,33,56
1,<environment.Job instance at 0x7fc4923b0640>,31,2,[ 3 14],32,85,87,53,58
1,<environment.Job instance at 0x7fc4922b8dc0>,33,3,[10  3],34,70,73,36,58
1,<environment.Job instance at 0x7fc4922b8d20>,34,3,[3 6],35,73,76,38,58
1,<environment.Job instance at 0x7fc49217ed20>,35,1,[8 4],36,76,77,40,58
1,<environment.Job instance at 0x7fc4921f0690>,36,13,[12  4],37,87,100,50,71
1,<environment.Job instance at 0x7fc44e501190>,37,27,[9 3],38,100,127,62,98
1,<environment.Job instance at 0x7fc44e38b3c0>,40,2,[2 7],41,101,103,60,101
1,<environment.Job instance at 0x7fc491f98780>,42,1,[6 3],43,103,104,60,102
1,<environment.Job instance at 0x7fc491f98d70>,46,12,[ 2 11],47,118,130,71,118
1,<environment.Job instance at 0x7fc492325dc0>,48,24,[4 7],49,130,154,81,130
1,<environment.Job instance at 0x7fc44e634a00>,51,3,[5 2],52,141,144,89,141
1,<environment.Job instance at 0x7fc44e634dc0>,53,3,[4 7],54,148,151,94,148
1,<environment.Job instance at 0x7fc44e634c80>,54,18,[ 4 11],55,154,172,99,148
1,<environment.Job instance at 0x7fc49218ff00>,56,2,[3 6],57,172,174,115,163
1,<environment.Job instance at 0x7fc49218f320>,58,2,[5 8],59,172,174,113,164
1,<environment.Job instance at 0x7fc49216e550>,59,3,[14  1],60,174,177,114,164
1,<environment.Job instance at 0x7fc4924fd870>,60,20,[4 6],61,177,197,116,168
1,<environment.Job instance at 0x7fc44e376be0>,65,16,[ 2 11],66,197,213,131,184
1,<environment.Job instance at 0x7fc44e376cd0>,66,3,[8 3],67,184,187,117,184
1,<environment.Job instance at 0x7fc49255ca50>,67,1,[10  5],68,187,188,119,184
1,<environment.Job instance at 0x7fc49255cc30>,68,2,[13  3],69,197,199,128,184
1,<environment.Job instance at 0x7fc49255c2d0>,69,1,[5 1],70,188,189,118,184
1,<environment.Job instance at 0x7fc44e87feb0>,71,3,[6 4],72,191,194,119,191
1,<environment.Job instance at 0x7fc44e87fdc0>,74,12,[9 1],75,203,215,128,203
1,<environment.Job instance at 0x7fc44e87f500>,75,2,[6 3],76,213,215,137,203
1,<environment.Job instance at 0x7fc492274fa0>,77,3,[8 1],78,215,218,137,204
1,<environment.Job instance at 0x7fc492120dc0>,78,20,[3 8],79,215,235,136,206
1,<environment.Job instance at 0x7fc4921205f0>,80,24,[10  4],81,218,242,137,216
1,<environment.Job instance at 0x7fc491f985a0>,2,3,[4 8],3,3,6,0,3
1,<environment.Job instance at 0x7fc4921205f0>,4,2,[1 6],5,5,7,0,5
1,<environment.Job instance at 0x7fc49495f3c0>,12,1,[12  5],13,13,14,0,13
1,<environment.Job instance at 0x7fc49495f050>,13,3,[10  3],14,14,17,0,14
1,<environment.Job instance at 0x7fc4947bc7d0>,7,27,[ 2 11],8,16,43,8,16
1,<environment.Job instance at 0x7fc49495f1e0>,9,3,[11  2],10,34,37,24,34
1,<environment.Job instance at 0x7fc44e328550>,6,1,[5 1],7,37,38,30,37
1,<environment.Job instance at 0x7fc491e30a00>,24,3,[ 3 10],25,43,46,18,40
1,<environment.Job instance at 0x7fc491e30be0>,27,2,[7 2],28,40,42,12,40
1,<environment.Job instance at 0x7fc491e30c80>,28,12,[ 4 10],29,46,58,17,40
1,<environment.Job instance at 0x7fc491e30fa0>,33,18,[5 5],34,59,77,25,59
1,<environment.Job instance at 0x7fc491e30eb0>,35,17,[ 3 10],36,59,76,23,59
1,<environment.Job instance at 0x7fc491e170a0>,36,13,[3 9],37,76,89,39,61
1,<environment.Job instance at 0x7fc491e17370>,37,2,[ 3 10],38,89,91,51,62
1,<environment.Job instance at 0x7fc491e170f0>,40,19,[4 5],41,78,97,37,78
1,<environment.Job instance at 0x7fc491e17690>,41,3,[1 9],42,91,94,49,78
1,<environment.Job instance at 0x7fc491e178c0>,45,1,[5 8],46,94,95,48,93
1,<environment.Job instance at 0x7fc491e17aa0>,47,2,[9 3],48,97,99,49,97
1,<environment.Job instance at 0x7fc491e17c80>,49,1,[5 4],50,98,99,48,98
1,<environment.Job instance at 0x7fc491e17d20>,50,23,[9 4],51,99,122,48,98
1,<environment.Job instance at 0x7fc494b01be0>,17,3,[7 5],18,122,125,104,100
1,<environment.Job instance at 0x7fc491e30d70>,32,16,[ 3 10],33,103,119,70,103
1,<environment.Job instance at 0x7fc491e17dc0>,51,21,[8 2],52,122,143,70,114
1,<environment.Job instance at 0x7fc491e3f140>,56,2,[5 9],57,119,121,62,116
1,<environment.Job instance at 0x7fc491e17e60>,52,21,[5 7],53,125,146,72,117
1,<environment.Job instance at 0x7fc491e3f4b0>,60,3,[5 7],61,143,146,82,119
1,<environment.Job instance at 0x7fc491e3f7d0>,61,1,[7 3],62,146,147,84,119
1,<environment.Job instance at 0x7fc491e3fa00>,64,14,[9 1],65,147,161,82,138
1,<environment.Job instance at 0x7fc491e3fdc0>,70,26,[4 9],71,155,181,84,155
1,<environment.Job instance at 0x7fc491e3f280>,58,28,[10  4],59,163,191,104,163
1,<environment.Job instance at 0x7fc491e3ff00>,72,16,[13  1],73,191,207,118,178
1,<environment.Job instance at 0x7fc491e3d230>,77,23,[5 3],78,207,230,129,201
1,<environment.Job instance at 0x7fc491e3f910>,62,18,[4 7],63,207,225,144,201
1,<environment.Job instance at 0x7fc491e3d460>,79,15,[5 7],80,225,240,145,213
1,<environment.Job instance at 0x7fc491e3f780>,76,13,[9 3],77,230,243,153,218
1,<environment.Job instance at 0x7fc491e3d370>,80,14,[1 5],81,219,233,138,219
1,<environment.Job instance at 0x7fc4947bc5f0>,1,2,[1 6],2,3,5,1,3
1,<environment.Job instance at 0x7fc49495f0a0>,6,25,[6 3],7,7,32,0,7
1,<environment.Job instance at 0x7fc44e8a5050>,8,2,[2 8],9,9,11,0,9
1,<environment.Job instance at 0x7fc4920491e0>,13,2,[14  3],14,32,34,18,14
1,<environment.Job instance at 0x7fc492049640>,14,1,[14  5],15,34,35,19,15
1,<environment.Job instance at 0x7fc492049c80>,15,2,[ 2 10],16,16,18,0,16
1,<environment.Job instance at 0x7fc44e852c30>,17,18,[3 8],18,35,53,17,24
1,<environment.Job instance at 0x7fc492049dc0>,18,16,[7 2],19,35,51,16,24
1,<environment.Job instance at 0x7fc49495f6e0>,10,2,[5 4],11,29,31,18,29
1,<environment.Job instance at 0x7fc44e852f50>,23,1,[12  4],24,51,52,27,29
1,<environment.Job instance at 0x7fc44e9aa1e0>,27,20,[1 8],28,53,73,25,44
1,<environment.Job instance at 0x7fc44e8fc9b0>,30,2,[ 2 12],31,73,75,42,46
1,<environment.Job instance at 0x7fc44e27a050>,31,21,[4 9],32,75,96,43,67
1,<environment.Job instance at 0x7fc492017960>,35,23,[8 4],36,75,98,39,69
1,<environment.Job instance at 0x7fc44e28b410>,37,20,[5 7],38,96,116,58,87
1,<environment.Job instance at 0x7fc49483cd70>,41,3,[2 6],42,98,101,56,87
1,<environment.Job instance at 0x7fc44e28bc80>,42,12,[6 1],43,98,110,55,87
1,<environment.Job instance at 0x7fc44e351f50>,43,3,[8 3],44,110,113,66,87
1,<environment.Job instance at 0x7fc44e2ffaa0>,44,15,[11  1],45,116,131,71,102
1,<environment.Job instance at 0x7fc44e351460>,46,1,[7 4],47,113,114,66,102
1,<environment.Job instance at 0x7fc491f940f0>,51,20,[ 5 13],52,131,151,79,122
1,<environment.Job instance at 0x7fc491f94f00>,55,1,[6 4],56,151,152,95,137
1,<environment.Job instance at 0x7fc49495a960>,56,3,[6 1],57,137,140,80,137
1,<environment.Job instance at 0x7fc491f94a50>,57,1,[5 1],58,140,141,82,137
1,<environment.Job instance at 0x7fc491fc1c80>,59,1,[8 1],60,145,146,85,145
1,<environment.Job instance at 0x7fc49483b2d0>,60,24,[7 2],61,146,170,85,145
1,<environment.Job instance at 0x7fc49483bc30>,61,12,[3 7],62,152,164,90,151
1,<environment.Job instance at 0x7fc49483bb90>,63,3,[10  3],64,170,173,106,151
1,<environment.Job instance at 0x7fc49474c190>,65,15,[ 1 12],66,164,179,98,155
1,<environment.Job instance at 0x7fc44e87e910>,67,1,[7 3],68,173,174,105,155
1,<environment.Job instance at 0x7fc44e87e820>,68,20,[ 1 10],69,179,199,110,170
1,<environment.Job instance at 0x7fc49490d5f0>,71,18,[3 8],72,199,217,127,188
1,<environment.Job instance at 0x7fc49490d960>,70,3,[5 3],71,189,192,118,189
1,<environment.Job instance at 0x7fc44e97d3c0>,24,3,[4 5],25,192,195,167,190
1,<environment.Job instance at 0x7fc4920079b0>,78,2,[ 1 13],79,217,219,138,194
1,<environment.Job instance at 0x7fc4920075f0>,79,17,[ 1 10],80,219,236,139,207
1,<environment.Job instance at 0x7fc492007aa0>,81,28,[5 1],82,207,235,125,207
1,<environment.Job instance at 0x7fc4921ec2d0>,82,3,[1 8],83,236,239,153,210
1,<environment.Job instance at 0x7fc4921ec8c0>,84,3,[1 5],85,210,213,125,210
1,<environment.Job instance at 0x7fc491eb0910>,0,22,[2 5],1,1,23,0,1
1,<environment.Job instance at 0x7fc494676730>,5,3,[5 6],6,6,9,0,6
1,<environment.Job instance at 0x7fc44e955f50>,14,28,[4 5],15,15,43,0,15
1,<environment.Job instance at 0x7fc44e955500>,17,2,[ 5 13],18,43,45,25,25
1,<environment.Job instance at 0x7fc44e35d910>,20,13,[5 6],21,27,40,6,27
1,<environment.Job instance at 0x7fc49240d230>,22,12,[10  4],23,45,57,22,33
1,<environment.Job instance at 0x7fc44e35d500>,23,2,[5 1],24,33,35,9,33
1,<environment.Job instance at 0x7fc44e997050>,26,3,[5 1],27,53,56,26,53
1,<environment.Job instance at 0x7fc491ff85a0>,27,1,[2 6],28,56,57,28,53
1,<environment.Job instance at 0x7fc4947eae60>,32,2,[1 7],33,70,72,37,70
1,<environment.Job instance at 0x7fc44e8fc5a0>,33,17,[5 9],34,72,89,38,72
1,<environment.Job instance at 0x7fc44e9ed820>,35,21,[9 3],36,72,93,36,72
1,<environment.Job instance at 0x7fc49212c730>,37,25,[9 4],38,93,118,55,89
1,<environment.Job instance at 0x7fc44e6b6370>,29,15,[6 2],30,92,107,62,92
1,<environment.Job instance at 0x7fc4922b8b40>,39,14,[5 4],40,107,121,67,92
1,<environment.Job instance at 0x7fc44e6c9050>,47,2,[1 8],48,118,120,70,110
1,<environment.Job instance at 0x7fc44e6c9140>,48,2,[10  5],49,120,122,71,110
1,<environment.Job instance at 0x7fc4923180a0>,9,17,[2 6],10,121,138,111,114
1,<environment.Job instance at 0x7fc494838b40>,41,1,[5 5],42,122,123,80,114
1,<environment.Job instance at 0x7fc44e6c9960>,49,28,[6 1],50,122,150,72,121
1,<environment.Job instance at 0x7fc44e6c9d70>,54,18,[5 5],55,126,144,71,126
1,<environment.Job instance at 0x7fc44e716690>,61,13,[10  4],62,150,163,88,145
1,<environment.Job instance at 0x7fc44e716730>,63,24,[5 3],64,156,180,92,156
1,<environment.Job instance at 0x7fc4921ac140>,67,2,[11  4],68,180,182,112,170
1,<environment.Job instance at 0x7fc44e573780>,70,3,[8 3],71,170,173,99,170
1,<environment.Job instance at 0x7fc4921acdc0>,71,28,[9 4],72,182,210,110,181
1,<environment.Job instance at 0x7fc44e6c9e10>,50,3,[2 8],51,184,187,133,184
1,<environment.Job instance at 0x7fc492480d70>,56,17,[2 6],57,187,204,130,185
1,<environment.Job instance at 0x7fc494632960>,76,1,[6 3],77,204,205,127,185
1,<environment.Job instance at 0x7fc44e7bdc80>,80,17,[10  1],81,210,227,129,206
1,<environment.Job instance at 0x7fc494d38f50>,82,13,[7 2],83,227,240,144,213
1,<environment.Job instance at 0x7fc49463f050>,73,16,[ 1 12],74,214,230,140,214
1,<environment.Job instance at 0x7fc494632eb0>,1,3,[8 5],2,2,5,0,2
1,<environment.Job instance at 0x7fc44e955fa0>,3,2,[13  2],4,5,7,1,4
1,<environment.Job instance at 0x7fc4995da500>,5,25,[1 6],6,6,31,0,6
1,<environment.Job instance at 0x7fc4946a4730>,8,3,[ 1 10],9,31,34,22,9
1,<environment.Job instance at 0x7fc4946a45a0>,9,3,[9 3],10,10,13,0,10
1,<environment.Job instance at 0x7fc4946a4c80>,10,27,[11  2],11,13,40,2,11
1,<environment.Job instance at 0x7fc4946a4140>,13,3,[3 8],14,34,37,20,19
1,<environment.Job instance at 0x7fc4946a4910>,12,20,[ 5 10],13,40,60,27,31
1,<environment.Job instance at 0x7fc492343410>,14,12,[9 1],15,40,52,25,36
1,<environment.Job instance at 0x7fc492343820>,16,14,[6 4],17,52,66,35,41
1,<environment.Job instance at 0x7fc492343b90>,17,12,[5 9],18,60,72,42,43
1,<environment.Job instance at 0x7fc44e285320>,30,2,[1 6],31,66,68,35,52
1,<environment.Job instance at 0x7fc44e285280>,29,3,[1 7],30,72,75,42,58
1,<environment.Job instance at 0x7fc44e2858c0>,33,2,[2 7],34,72,74,38,58
1,<environment.Job instance at 0x7fc44e285640>,37,16,[1 8],38,74,90,36,68
1,<environment.Job instance at 0x7fc44e285af0>,38,2,[4 6],39,68,70,29,68
1,<environment.Job instance at 0x7fc44e285b90>,39,26,[2 6],40,75,101,35,72
1,<environment.Job instance at 0x7fc44e285cd0>,40,20,[9 3],41,90,110,49,81
1,<environment.Job instance at 0x7fc44e268410>,47,1,[ 1 13],48,110,111,62,101
1,<environment.Job instance at 0x7fc44e268280>,48,26,[8 2],49,110,136,61,107
1,<environment.Job instance at 0x7fc44e268460>,51,1,[5 4],52,107,108,55,107
1,<environment.Job instance at 0x7fc44e285140>,27,24,[5 9],28,114,138,86,114
1,<environment.Job instance at 0x7fc44e268500>,55,25,[ 3 14],56,138,163,82,134
1,<environment.Job instance at 0x7fc44e268be0>,58,3,[10  2],59,163,166,104,137
1,<environment.Job instance at 0x7fc44e268e60>,60,2,[4 6],61,163,165,102,143
1,<environment.Job instance at 0x7fc44e268eb0>,61,3,[ 4 13],62,165,168,103,143
1,<environment.Job instance at 0x7fc44e268dc0>,64,27,[13  3],65,168,195,103,166
1,<environment.Job instance at 0x7fc44e26c280>,67,1,[8 1],68,166,167,98,166
1,<environment.Job instance at 0x7fc44e26c5f0>,70,2,[8 4],71,195,197,124,170
1,<environment.Job instance at 0x7fc44e26c690>,71,2,[3 9],72,195,197,123,170
1,<environment.Job instance at 0x7fc44e26c6e0>,75,19,[1 5],76,197,216,121,194
1,<environment.Job instance at 0x7fc44e26c870>,77,1,[10  2],78,197,198,119,196
1,<environment.Job instance at 0x7fc44e26c9b0>,79,1,[9 4],80,208,209,128,208
1,<environment.Job instance at 0x7fc44e285eb0>,42,14,[9 2],43,211,225,168,211
1,<environment.Job instance at 0x7fc494c534b0>,0,13,[12  1],1,1,14,0,1
1,<environment.Job instance at 0x7fc44e27d6e0>,1,16,[ 5 11],2,14,30,12,8
1,<environment.Job instance at 0x7fc4995da960>,3,3,[ 4 10],4,30,33,26,10
1,<environment.Job instance at 0x7fc49949a460>,6,1,[12  2],7,33,34,26,10
1,<environment.Job instance at 0x7fc491ee6280>,12,14,[7 3],13,17,31,4,17
1,<environment.Job instance at 0x7fc4921ac410>,17,3,[8 1],18,34,37,16,18
1,<environment.Job instance at 0x7fc491ee63c0>,18,3,[10  4],19,37,40,18,19
1,<environment.Job instance at 0x7fc491ee64b0>,11,2,[ 5 10],12,34,36,22,32
1,<environment.Job instance at 0x7fc49472ae60>,24,1,[5 5],25,38,39,13,38
1,<environment.Job instance at 0x7fc49472aaa0>,27,21,[9 4],28,40,61,12,40
1,<environment.Job instance at 0x7fc49472a5f0>,28,21,[5 1],29,40,61,11,40
1,<environment.Job instance at 0x7fc44e68ab90>,31,2,[6 1],32,61,63,29,42
1,<environment.Job instance at 0x7fc44e68a410>,33,1,[7 3],34,61,62,27,47
1,<environment.Job instance at 0x7fc44e68a500>,37,3,[ 1 10],38,65,68,27,65
1,<environment.Job instance at 0x7fc44e68a230>,38,2,[5 7],39,68,70,29,65
1,<environment.Job instance at 0x7fc44e68ae60>,39,20,[5 9],40,70,90,30,65
1,<environment.Job instance at 0x7fc4921acf50>,16,25,[7 3],17,67,92,50,67
1,<environment.Job instance at 0x7fc492374910>,43,3,[6 3],44,90,93,46,85
1,<environment.Job instance at 0x7fc492374cd0>,44,2,[10  4],45,93,95,48,86
1,<environment.Job instance at 0x7fc492374780>,45,3,[1 9],46,90,93,44,86
1,<environment.Job instance at 0x7fc4923747d0>,46,2,[5 2],47,92,94,45,86
1,<environment.Job instance at 0x7fc492374e10>,49,2,[6 1],50,95,97,45,86
1,<environment.Job instance at 0x7fc45904ccd0>,50,2,[6 1],51,95,97,44,86
1,<environment.Job instance at 0x7fc44e624190>,51,3,[7 4],52,97,100,45,86
1,<environment.Job instance at 0x7fc4922e7550>,54,1,[13  5],55,100,101,45,98
1,<environment.Job instance at 0x7fc4922e7b40>,55,13,[9 1],56,101,114,45,99
1,<environment.Job instance at 0x7fc4925857d0>,56,1,[5 7],57,99,100,42,99
1,<environment.Job instance at 0x7fc492585820>,58,14,[ 1 10],59,109,123,50,109
1,<environment.Job instance at 0x7fc492585be0>,59,3,[ 3 10],60,123,126,63,109
1,<environment.Job instance at 0x7fc4925855a0>,60,25,[5 3],61,109,134,48,109
1,<environment.Job instance at 0x7fc44e68a320>,41,14,[10  1],42,126,140,84,119
1,<environment.Job instance at 0x7fc492585dc0>,61,16,[11  2],62,140,156,78,127
1,<environment.Job instance at 0x7fc4947d0140>,69,28,[3 9],70,134,162,64,133
1,<environment.Job instance at 0x7fc4947d06e0>,72,23,[3 7],73,162,185,89,156
1,<environment.Job instance at 0x7fc49241e910>,76,3,[ 5 14],77,185,188,108,159
1,<environment.Job instance at 0x7fc49472a870>,26,16,[9 2],27,161,177,134,161
1,<environment.Job instance at 0x7fc44e45b5a0>,81,12,[2 6],82,162,174,80,161
1,<environment.Job instance at 0x7fc44e45b0a0>,83,1,[5 4],84,177,178,93,177
1,<environment.Job instance at 0x7fc44e45b140>,84,3,[8 2],85,178,181,93,177
1,<environment.Job instance at 0x7fc44e45baf0>,85,1,[1 8],86,181,182,95,177
1,<environment.Job instance at 0x7fc44e23f7d0>,87,16,[11  1],88,188,204,100,177
1,<environment.Job instance at 0x7fc44e23f4b0>,88,3,[ 4 10],89,188,191,99,177
1,<environment.Job instance at 0x7fc44e23fcd0>,89,12,[3 9],90,191,203,101,177
1,<environment.Job instance at 0x7fc44e23fc80>,93,3,[5 3],94,207,210,113,207
1,<environment.Job instance at 0x7fc44e23f500>,95,1,[6 1],96,207,208,111,207
1,<environment.Job instance at 0x7fc44e23fd70>,96,1,[ 5 10],97,208,209,111,207
1,<environment.Job instance at 0x7fc4921c9410>,1,2,[ 5 11],2,2,4,0,2
1,<environment.Job instance at 0x7fc4924591e0>,2,2,[5 3],3,3,5,0,3
1,<environment.Job instance at 0x7fc44e81d1e0>,4,1,[6 1],5,5,6,0,5
1,<environment.Job instance at 0x7fc494bb8cd0>,7,3,[9 4],8,8,11,0,8
1,<environment.Job instance at 0x7fc44e738230>,15,3,[10  5],16,22,25,6,22
1,<environment.Job instance at 0x7fc44e738190>,16,16,[13  1],17,25,41,8,22
1,<environment.Job instance at 0x7fc44e738870>,14,1,[4 6],15,22,23,7,22
1,<environment.Job instance at 0x7fc44e738690>,21,1,[6 3],22,41,42,19,23
1,<environment.Job instance at 0x7fc491e0e780>,23,3,[10  4],24,42,45,18,24
1,<environment.Job instance at 0x7fc491e0e140>,24,1,[4 8],25,41,42,16,25
1,<environment.Job instance at 0x7fc44e7387d0>,26,27,[2 9],27,42,69,15,40
1,<environment.Job instance at 0x7fc491e0ef50>,28,18,[ 5 10],29,69,87,40,58
1,<environment.Job instance at 0x7fc44e738410>,19,3,[6 2],20,58,61,38,58
1,<environment.Job instance at 0x7fc44e920d20>,31,1,[10  1],32,61,62,29,58
1,<environment.Job instance at 0x7fc491e0eaa0>,29,18,[10  2],30,64,82,34,64
1,<environment.Job instance at 0x7fc44e920a00>,33,14,[14  4],34,87,101,53,73
1,<environment.Job instance at 0x7fc44e920190>,35,3,[ 1 13],36,101,104,65,83
1,<environment.Job instance at 0x7fc44e9efdc0>,39,2,[10  2],40,83,85,43,83
1,<environment.Job instance at 0x7fc44e9ef230>,40,2,[14  4],41,104,106,63,83
1,<environment.Job instance at 0x7fc44e9efb40>,41,27,[8 5],42,106,133,64,104
1,<environment.Job instance at 0x7fc44e9efd70>,42,2,[10  3],43,133,135,90,106
1,<environment.Job instance at 0x7fc44e9efe60>,43,1,[1 7],44,106,107,62,106
1,<environment.Job instance at 0x7fc494b015f0>,44,16,[11  4],45,135,151,90,122
1,<environment.Job instance at 0x7fc494b01be0>,47,18,[1 9],48,128,146,80,128
1,<environment.Job instance at 0x7fc494b01780>,48,16,[13  2],49,151,167,102,138
1,<environment.Job instance at 0x7fc494b012d0>,50,1,[5 2],51,167,168,116,139
1,<environment.Job instance at 0x7fc49232d370>,51,14,[ 2 12],52,151,165,99,140
1,<environment.Job instance at 0x7fc49232d2d0>,53,26,[7 1],54,167,193,113,164
1,<environment.Job instance at 0x7fc49232d5f0>,58,12,[ 1 10],59,169,181,110,169
1,<environment.Job instance at 0x7fc49232db40>,59,1,[7 1],60,169,170,109,169
1,<environment.Job instance at 0x7fc44e7f4410>,60,3,[5 1],61,170,173,109,169
1,<environment.Job instance at 0x7fc44e7f40f0>,61,2,[3 8],62,181,183,119,169
1,<environment.Job instance at 0x7fc44e7f46e0>,64,15,[2 7],65,183,198,118,180
1,<environment.Job instance at 0x7fc44e7f45f0>,65,3,[6 4],66,183,186,117,180
1,<environment.Job instance at 0x7fc44e7f4cd0>,67,3,[1 8],68,193,196,125,180
1,<environment.Job instance at 0x7fc44e7f4c80>,68,3,[3 6],69,186,189,117,180
1,<environment.Job instance at 0x7fc44e7f4a00>,69,12,[5 8],70,196,208,126,181
1,<environment.Job instance at 0x7fc44e7f4550>,71,3,[10  1],72,198,201,126,183
1,<environment.Job instance at 0x7fc44e7f4190>,72,18,[1 9],73,208,226,135,197
1,<environment.Job instance at 0x7fc44e7f4eb0>,76,3,[5 5],77,201,204,124,199
1,<environment.Job instance at 0x7fc44e955c80>,77,2,[3 7],78,204,206,126,199
1,<environment.Job instance at 0x7fc44e955b90>,79,25,[3 6],80,210,235,130,210
1,<environment.Job instance at 0x7fc44e955e10>,81,16,[ 5 12],82,235,251,153,222
1,<environment.Job instance at 0x7fc44e23ffa0>,0,3,[ 3 12],1,1,4,0,1
1,<environment.Job instance at 0x7fc44e66fa00>,8,12,[10  3],9,14,26,5,14
1,<environment.Job instance at 0x7fc491ea7e60>,2,14,[14  5],3,26,40,23,19
1,<environment.Job instance at 0x7fc44e9686e0>,16,24,[4 5],17,40,64,23,35
1,<environment.Job instance at 0x7fc4946ae6e0>,17,24,[4 8],18,40,64,22,35
1,<environment.Job instance at 0x7fc49466f910>,22,2,[1 9],23,37,39,14,37
1,<environment.Job instance at 0x7fc44e5a5a00>,25,2,[9 5],26,64,66,38,38
1,<environment.Job instance at 0x7fc44e589550>,30,2,[7 5],31,76,78,45,76
1,<environment.Job instance at 0x7fc44e589230>,31,2,[ 2 10],32,76,78,44,76
1,<environment.Job instance at 0x7fc44e589320>,32,23,[6 2],33,78,101,45,76
1,<environment.Job instance at 0x7fc44e589460>,34,3,[ 1 12],35,79,82,44,79
1,<environment.Job instance at 0x7fc44e589910>,35,14,[12  1],36,101,115,65,87
1,<environment.Job instance at 0x7fc49252f140>,41,1,[3 6],42,90,91,48,90
1,<environment.Job instance at 0x7fc49252f2d0>,43,1,[11  3],44,115,116,71,95
1,<environment.Job instance at 0x7fc44e58b820>,45,28,[ 4 12],46,115,143,69,114
1,<environment.Job instance at 0x7fc44e507550>,49,1,[ 4 13],50,143,144,93,125
1,<environment.Job instance at 0x7fc492537e10>,50,1,[7 5],51,144,145,93,125
1,<environment.Job instance at 0x7fc44e451aa0>,52,2,[3 5],53,144,146,91,134
1,<environment.Job instance at 0x7fc44e4ee730>,53,14,[ 2 11],54,146,160,92,135
1,<environment.Job instance at 0x7fc44e955e10>,3,14,[3 6],4,160,174,156,160
1,<environment.Job instance at 0x7fc44e738730>,4,16,[8 2],5,160,176,155,160
1,<environment.Job instance at 0x7fc44e8dbc30>,64,13,[1 9],65,179,192,114,179
1,<environment.Job instance at 0x7fc44e8db870>,65,24,[5 2],66,179,203,113,179
1,<environment.Job instance at 0x7fc44e8db7d0>,67,3,[7 5],68,192,195,124,185
1,<environment.Job instance at 0x7fc494966a50>,68,1,[5 6],69,195,196,126,185
1,<environment.Job instance at 0x7fc44e650640>,69,1,[3 8],70,192,193,122,185
1,<environment.Job instance at 0x7fc44e631050>,70,25,[6 2],71,196,221,125,192
1,<environment.Job instance at 0x7fc44e438780>,62,17,[ 1 10],63,196,213,133,193
1,<environment.Job instance at 0x7fc44e8610f0>,74,1,[5 9],75,213,214,138,195
1,<environment.Job instance at 0x7fc44e636780>,77,3,[1 6],78,214,217,136,200
1,<environment.Job instance at 0x7fc44e8b91e0>,79,13,[ 1 11],80,217,230,137,205
1,<environment.Job instance at 0x7fc44e7f4d70>,1,1,[2 7],2,2,3,0,2
1,<environment.Job instance at 0x7fc44e58e050>,2,1,[1 8],3,3,4,0,3
1,<environment.Job instance at 0x7fc44e0935a0>,7,12,[6 5],8,11,23,3,11
1,<environment.Job instance at 0x7fc494c5ad70>,12,3,[5 8],13,14,17,1,14
1,<environment.Job instance at 0x7fc44e8b91e0>,4,3,[13  1],5,23,26,18,14
1,<environment.Job instance at 0x7fc491ffd5f0>,11,12,[5 3],12,26,38,14,22
1,<environment.Job instance at 0x7fc494bb8b90>,3,17,[13  3],4,38,55,34,26
1,<environment.Job instance at 0x7fc494c5a230>,16,2,[ 1 10],17,26,28,9,26
1,<environment.Job instance at 0x7fc44e79e4b0>,18,1,[ 4 14],19,55,56,36,27
1,<environment.Job instance at 0x7fc44e79e050>,19,1,[5 6],20,28,29,8,27
1,<environment.Job instance at 0x7fc44e79ef00>,22,3,[5 8],23,29,32,6,28
1,<environment.Job instance at 0x7fc44e132b40>,29,2,[4 8],30,32,34,2,31
1,<environment.Job instance at 0x7fc44e1322d0>,30,2,[13  2],31,56,58,25,31
1,<environment.Job instance at 0x7fc44e70e0a0>,14,16,[5 8],15,58,74,43,50
1,<environment.Job instance at 0x7fc44e967460>,34,1,[12  5],35,74,75,39,53
1,<environment.Job instance at 0x7fc44e967780>,39,12,[5 8],40,75,87,35,65
1,<environment.Job instance at 0x7fc44e967500>,40,2,[5 4],41,65,67,24,65
1,<environment.Job instance at 0x7fc44e9670f0>,41,3,[12  2],42,87,90,45,65
1,<environment.Job instance at 0x7fc44e5bb0f0>,42,1,[2 6],43,67,68,24,65
1,<environment.Job instance at 0x7fc44e967f50>,43,3,[6 1],44,67,70,23,65
1,<environment.Job instance at 0x7fc44e967230>,44,1,[7 3],45,70,71,25,65
1,<environment.Job instance at 0x7fc4924597d0>,45,3,[8 1],46,71,74,25,66
1,<environment.Job instance at 0x7fc494a3c780>,46,2,[5 9],47,90,92,43,66
1,<environment.Job instance at 0x7fc494a3c5a0>,47,2,[5 8],48,92,94,44,66
1,<environment.Job instance at 0x7fc494a3c370>,49,2,[10  1],50,75,77,25,66
1,<environment.Job instance at 0x7fc494a3cd70>,52,1,[7 4],53,77,78,24,72
1,<environment.Job instance at 0x7fc494a3c4b0>,54,3,[14  3],55,94,97,39,80
1,<environment.Job instance at 0x7fc44e2fee60>,58,1,[2 8],59,98,99,39,98
1,<environment.Job instance at 0x7fc44e2fe550>,59,2,[6 3],60,98,100,38,98
1,<environment.Job instance at 0x7fc44e2febe0>,61,1,[5 3],62,101,102,39,101
1,<environment.Job instance at 0x7fc491ffdf50>,10,20,[8 5],11,112,132,101,112
1,<environment.Job instance at 0x7fc494bf47d0>,67,1,[8 4],68,132,133,64,116
1,<environment.Job instance at 0x7fc491e62f50>,66,1,[11  3],67,133,134,66,130
1,<environment.Job instance at 0x7fc494bf4d70>,69,2,[3 9],70,130,132,60,130
1,<environment.Job instance at 0x7fc491e62910>,63,3,[7 1],64,134,137,70,133
1,<environment.Job instance at 0x7fc44e967870>,37,26,[ 3 10],38,133,159,95,133
1,<environment.Job instance at 0x7fc49484bcd0>,73,14,[14  1],74,162,176,88,162
1,<environment.Job instance at 0x7fc44e47cbe0>,82,17,[ 5 14],83,176,193,93,164
1,<environment.Job instance at 0x7fc494a6e780>,85,3,[8 5],86,193,196,107,169
1,<environment.Job instance at 0x7fc44e071870>,87,13,[7 1],88,178,191,90,178
1,<environment.Job instance at 0x7fc494a6ec30>,88,3,[4 7],89,193,196,104,178
1,<environment.Job instance at 0x7fc44e7add20>,90,12,[3 8],91,196,208,105,182
1,<environment.Job instance at 0x7fc44e7adbe0>,93,15,[ 2 12],94,208,223,114,194
1,<environment.Job instance at 0x7fc44e7adf00>,94,2,[10  2],95,196,198,101,194
1,<environment.Job instance at 0x7fc49484bfa0>,1,23,[5 9],2,2,25,0,2
1,<environment.Job instance at 0x7fc44e90a0a0>,3,3,[ 1 14],4,25,28,21,4
1,<environment.Job instance at 0x7fc44e90a7d0>,4,1,[ 2 10],5,28,29,23,5
1,<environment.Job instance at 0x7fc44e250d70>,6,1,[ 3 13],7,29,30,22,7
1,<environment.Job instance at 0x7fc44e250a00>,7,22,[2 9],8,30,52,22,23
1,<environment.Job instance at 0x7fc44e2500f0>,12,2,[5 4],13,23,25,10,23
1,<environment.Job instance at 0x7fc44e88db90>,16,20,[8 2],17,28,48,11,23
1,<environment.Job instance at 0x7fc44e250a50>,11,16,[5 2],12,30,46,18,24
1,<environment.Job instance at 0x7fc44e77abe0>,8,1,[5 3],9,28,29,19,25
1,<environment.Job instance at 0x7fc44e126320>,24,1,[10  4],25,48,49,23,35
1,<environment.Job instance at 0x7fc44e126c30>,25,2,[8 4],26,49,51,23,35
1,<environment.Job instance at 0x7fc44e126a50>,26,24,[2 9],27,52,76,25,47
1,<environment.Job instance at 0x7fc44e126b40>,20,15,[10  5],21,51,66,30,48
1,<environment.Job instance at 0x7fc44e1262d0>,27,12,[ 2 12],28,76,88,48,59
1,<environment.Job instance at 0x7fc44e874dc0>,32,1,[1 5],33,66,67,33,65
1,<environment.Job instance at 0x7fc44e874af0>,34,2,[3 6],35,67,69,32,65
1,<environment.Job instance at 0x7fc44e874e10>,36,1,[7 4],37,69,70,32,69
1,<environment.Job instance at 0x7fc44e126cd0>,29,20,[ 3 11],30,88,108,58,79
1,<environment.Job instance at 0x7fc44e874410>,38,2,[7 4],39,88,90,49,81
1,<environment.Job instance at 0x7fc44e874910>,41,2,[6 3],42,81,83,39,81
1,<environment.Job instance at 0x7fc44e8745f0>,42,2,[2 8],43,108,110,65,81
1,<environment.Job instance at 0x7fc44e874be0>,39,2,[2 6],40,108,110,68,82
1,<environment.Job instance at 0x7fc44e874500>,43,13,[10  3],44,90,103,46,88
1,<environment.Job instance at 0x7fc44e874550>,45,2,[8 1],46,103,105,57,88
1,<environment.Job instance at 0x7fc44e874b40>,46,1,[ 3 11],47,110,111,63,88
1,<environment.Job instance at 0x7fc44e874b90>,48,1,[3 6],49,111,112,62,91
1,<environment.Job instance at 0x7fc44e874140>,49,1,[9 1],50,105,106,55,91
1,<environment.Job instance at 0x7fc44e874a00>,51,23,[1 8],52,111,134,59,105
1,<environment.Job instance at 0x7fc44e0638c0>,55,15,[ 1 10],56,134,149,78,122
1,<environment.Job instance at 0x7fc44e0634b0>,56,13,[ 5 11],57,149,162,92,133
1,<environment.Job instance at 0x7fc44e063640>,57,1,[7 5],58,133,134,75,133
1,<environment.Job instance at 0x7fc44e0635a0>,58,1,[10  1],59,134,135,75,133
1,<environment.Job instance at 0x7fc44e063190>,59,3,[3 5],60,135,138,75,133
1,<environment.Job instance at 0x7fc44e063730>,64,2,[1 5],65,138,140,73,135
1,<environment.Job instance at 0x7fc44e063eb0>,65,3,[9 4],66,140,143,74,135
1,<environment.Job instance at 0x7fc44e063dc0>,66,25,[8 1],67,143,168,76,139
1,<environment.Job instance at 0x7fc44e250550>,9,3,[ 4 10],10,162,165,152,144
1,<environment.Job instance at 0x7fc44e038f00>,74,28,[7 4],75,165,193,90,164
1,<environment.Job instance at 0x7fc44e038460>,75,20,[7 2],76,168,188,92,165
1,<environment.Job instance at 0x7fc44e038a50>,78,2,[7 1],79,188,190,109,174
1,<environment.Job instance at 0x7fc44e038d70>,82,3,[8 4],83,190,193,107,190
1,<environment.Job instance at 0x7fc44e0382d0>,84,19,[1 8],85,193,212,108,190
1,<environment.Job instance at 0x7fc44e038870>,85,3,[9 3],86,193,196,107,190
1,<environment.Job instance at 0x7fc44e038aa0>,87,3,[6 1],88,203,206,115,203
1,<environment.Job instance at 0x7fc44e038190>,89,3,[5 3],90,203,206,113,203
1,<environment.Job instance at 0x7fc491fafa50>,1,25,[1 6],2,2,27,0,2
1,<environment.Job instance at 0x7fc44e126690>,4,17,[5 5],5,6,23,1,6
1,<environment.Job instance at 0x7fc44e185e10>,6,12,[6 2],7,7,19,0,7
1,<environment.Job instance at 0x7fc44e0d9910>,8,2,[3 8],9,23,25,14,10
1,<environment.Job instance at 0x7fc44e063870>,2,12,[12  2],3,25,37,22,11
1,<environment.Job instance at 0x7fc44e874820>,13,2,[5 5],14,37,39,23,25
1,<environment.Job instance at 0x7fc44e787870>,14,13,[ 5 11],15,39,52,24,26
1,<environment.Job instance at 0x7fc492214cd0>,19,27,[ 3 10],20,52,79,32,50
1,<environment.Job instance at 0x7fc44e787e60>,16,14,[9 2],17,54,68,37,54
1,<environment.Job instance at 0x7fc492214be0>,21,1,[7 2],22,68,69,46,57
1,<environment.Job instance at 0x7fc44e46b230>,24,21,[10  5],25,69,90,44,61
1,<environment.Job instance at 0x7fc491e3e0f0>,26,3,[ 2 14],27,90,93,63,75
1,<environment.Job instance at 0x7fc4922dfe10>,29,12,[5 1],30,79,91,49,78
1,<environment.Job instance at 0x7fc4922dfcd0>,30,3,[8 5],31,93,96,62,78
1,<environment.Job instance at 0x7fc44e476e60>,32,2,[4 9],33,93,95,60,84
1,<environment.Job instance at 0x7fc44e4764b0>,33,3,[8 4],34,96,99,62,84
1,<environment.Job instance at 0x7fc44e476b40>,34,2,[3 8],35,95,97,60,85
1,<environment.Job instance at 0x7fc44e476d20>,37,27,[9 4],38,99,126,61,97
1,<environment.Job instance at 0x7fc44e476870>,41,3,[2 9],42,113,116,71,113
1,<environment.Job instance at 0x7fc44e476190>,42,18,[2 5],43,116,134,73,116
1,<environment.Job instance at 0x7fc44e4a3140>,43,1,[8 3],44,126,127,82,116
1,<environment.Job instance at 0x7fc44e4a3cd0>,45,15,[8 4],46,127,142,81,120
1,<environment.Job instance at 0x7fc44e49e1e0>,46,14,[2 6],47,120,134,73,120
1,<environment.Job instance at 0x7fc44e49e2d0>,47,15,[6 2],48,134,149,86,128
1,<environment.Job instance at 0x7fc44e49e550>,49,17,[5 4],50,142,159,92,130
1,<environment.Job instance at 0x7fc44e4762d0>,39,15,[5 5],40,149,164,109,136
1,<environment.Job instance at 0x7fc44e4a51e0>,50,16,[1 6],51,142,158,91,142
1,<environment.Job instance at 0x7fc44e4a5960>,53,2,[1 7],54,159,161,105,142
1,<environment.Job instance at 0x7fc44e562960>,54,18,[9 3],55,159,177,104,152
1,<environment.Job instance at 0x7fc492314a00>,56,14,[6 2],57,164,178,107,155
1,<environment.Job instance at 0x7fc44e2010f0>,60,14,[1 7],61,177,191,116,162
1,<environment.Job instance at 0x7fc44e0b0d20>,62,13,[13  5],63,178,191,115,170
1,<environment.Job instance at 0x7fc44e0f3640>,63,3,[6 1],64,191,194,127,171
1,<environment.Job instance at 0x7fc44e21daa0>,65,2,[ 2 12],66,191,193,125,172
1,<environment.Job instance at 0x7fc44e21d690>,66,1,[3 9],67,193,194,126,173
1,<environment.Job instance at 0x7fc44e49e190>,48,17,[13  5],49,194,211,145,182
1,<environment.Job instance at 0x7fc44e52e1e0>,68,21,[2 5],69,193,214,124,185
1,<environment.Job instance at 0x7fc44e1f69b0>,69,23,[5 7],70,211,234,141,205
1,<environment.Job instance at 0x7fc44e1f67d0>,72,2,[5 3],73,211,213,138,208
1,<environment.Job instance at 0x7fc44e218fa0>,74,14,[5 3],75,213,227,138,208
1,<environment.Job instance at 0x7fc44e1f0910>,75,2,[5 2],76,214,216,138,211
1,<environment.Job instance at 0x7fc44e15eb90>,1,21,[1 7],2,2,23,0,2
1,<environment.Job instance at 0x7fc44e562870>,2,1,[ 4 11],3,23,24,20,3
1,<environment.Job instance at 0x7fc44e1f65f0>,4,3,[ 3 10],5,24,27,19,5
1,<environment.Job instance at 0x7fc44e8f9230>,8,1,[1 5],9,9,10,0,9
1,<environment.Job instance at 0x7fc44e925b90>,15,3,[ 1 10],16,27,30,11,16
1,<environment.Job instance at 0x7fc44e925a00>,16,3,[3 9],17,30,33,13,17
1,<environment.Job instance at 0x7fc44e398870>,14,3,[ 1 12],15,33,36,18,19
1,<environment.Job instance at 0x7fc44e779cd0>,19,3,[9 3],20,20,23,0,20
1,<environment.Job instance at 0x7fc44e7799b0>,20,25,[6 2],21,23,48,2,21
1,<environment.Job instance at 0x7fc494742af0>,22,3,[14  1],23,48,51,25,24
1,<environment.Job instance at 0x7fc494742aa0>,23,1,[ 4 12],24,36,37,12,24
1,<environment.Job instance at 0x7fc491f48d20>,24,21,[5 2],25,51,72,26,43
1,<environment.Job instance at 0x7fc491fec140>,25,1,[3 5],26,43,44,17,43
1,<environment.Job instance at 0x7fc4922984b0>,28,3,[7 1],29,44,47,15,43
1,<environment.Job instance at 0x7fc44e6367d0>,12,18,[1 5],13,58,76,45,58
1,<environment.Job instance at 0x7fc44e1c50f0>,31,18,[14  2],32,72,90,40,61
1,<environment.Job instance at 0x7fc44e700870>,35,15,[12  5],36,90,105,54,76
1,<environment.Job instance at 0x7fc44e7b2460>,37,27,[4 8],38,105,132,67,103
1,<environment.Job instance at 0x7fc49462faf0>,38,20,[ 4 13],39,132,152,93,123
1,<environment.Job instance at 0x7fc44e36ae10>,42,1,[5 5],43,124,125,81,124
1,<environment.Job instance at 0x7fc44e36a2d0>,45,3,[6 3],46,126,129,80,126
1,<environment.Job instance at 0x7fc44e36abe0>,46,2,[6 5],47,129,131,82,126
1,<environment.Job instance at 0x7fc44e36a9b0>,47,2,[9 5],48,152,154,104,126
1,<environment.Job instance at 0x7fc44e36af00>,50,1,[10  3],51,131,132,80,129
1,<environment.Job instance at 0x7fc44e3d8c30>,53,2,[2 7],54,152,154,98,144
1,<environment.Job instance at 0x7fc44e3d80a0>,54,1,[1 7],55,154,155,99,144
1,<environment.Job instance at 0x7fc44e3d87d0>,55,3,[3 6],56,154,157,98,144
1,<environment.Job instance at 0x7fc494b7c730>,56,18,[4 9],57,155,173,98,146
1,<environment.Job instance at 0x7fc44e20bfa0>,61,3,[5 2],62,164,167,102,164
1,<environment.Job instance at 0x7fc44e20be10>,64,13,[8 1],65,175,188,110,175
1,<environment.Job instance at 0x7fc44e20b820>,65,1,[3 8],66,175,176,109,175
1,<environment.Job instance at 0x7fc44e20ba50>,67,2,[7 1],68,176,178,108,175
1,<environment.Job instance at 0x7fc44e20b780>,68,2,[5 5],69,178,180,109,175
1,<environment.Job instance at 0x7fc44e71ecd0>,72,2,[6 4],73,199,201,126,199
1,<environment.Job instance at 0x7fc44e71ee60>,73,1,[5 3],74,199,200,125,199
1,<environment.Job instance at 0x7fc44e20b5f0>,63,18,[ 5 13],64,206,224,142,206
1,<environment.Job instance at 0x7fc44e02a870>,7,1,[7 1],8,206,207,198,206
1,<environment.Job instance at 0x7fc44e71e6e0>,77,13,[6 1],78,220,233,142,220
1,<environment.Job instance at 0x7fc494911500>,2,18,[ 3 13],3,3,21,0,3
1,<environment.Job instance at 0x7fc491ee4820>,5,1,[8 4],6,21,22,15,6
1,<environment.Job instance at 0x7fc491ee43c0>,13,16,[5 9],14,21,37,7,18
1,<environment.Job instance at 0x7fc491ee4050>,14,16,[3 5],15,22,38,7,20
1,<environment.Job instance at 0x7fc491ee40a0>,16,12,[1 5],17,37,49,20,25
1,<environment.Job instance at 0x7fc44e0f8af0>,17,1,[1 9],18,38,39,20,25
1,<environment.Job instance at 0x7fc44e0f8e10>,18,3,[7 1],19,25,28,6,25
1,<environment.Job instance at 0x7fc491ee4aa0>,19,2,[10  5],20,39,41,19,25
1,<environment.Job instance at 0x7fc44e0f8dc0>,20,1,[5 8],21,41,42,20,25
1,<environment.Job instance at 0x7fc44e0f83c0>,22,26,[9 3],23,42,68,19,39
1,<environment.Job instance at 0x7fc44e0f8280>,24,3,[5 3],25,42,45,17,39
1,<environment.Job instance at 0x7fc44e0f8a00>,26,3,[12  4],27,68,71,41,44
1,<environment.Job instance at 0x7fc491ee4280>,12,16,[4 7],13,52,68,39,52
1,<environment.Job instance at 0x7fc491ee47d0>,10,3,[1 9],11,68,71,57,57
1,<environment.Job instance at 0x7fc44e3a4a00>,36,15,[ 1 11],37,72,87,35,72
1,<environment.Job instance at 0x7fc44e3a4640>,37,22,[6 4],38,72,94,34,72
1,<environment.Job instance at 0x7fc44e3a4410>,39,2,[1 6],40,87,89,47,75
1,<environment.Job instance at 0x7fc44e3a4690>,42,2,[4 8],43,89,91,46,83
1,<environment.Job instance at 0x7fc44e3a4dc0>,43,2,[10  3],44,94,96,50,83
1,<environment.Job instance at 0x7fc44e3a4730>,45,3,[10  5],46,100,103,54,100
1,<environment.Job instance at 0x7fc44e3a45a0>,46,12,[9 2],47,103,115,56,101
1,<environment.Job instance at 0x7fc44e3a4d20>,48,12,[14  5],49,115,127,66,101
1,<environment.Job instance at 0x7fc44e3a4f50>,49,2,[5 2],50,101,103,51,101
1,<environment.Job instance at 0x7fc44e3a4b90>,50,2,[1 6],51,103,105,52,101
1,<environment.Job instance at 0x7fc44e71ed70>,7,2,[4 5],8,127,129,119,121
1,<environment.Job instance at 0x7fc492419820>,55,19,[10  1],56,127,146,71,121
1,<environment.Job instance at 0x7fc492419c80>,56,14,[2 9],57,129,143,72,123
1,<environment.Job instance at 0x7fc44e13dc30>,62,15,[1 9],63,143,158,80,142
1,<environment.Job instance at 0x7fc44e13daa0>,65,12,[1 8],66,158,170,92,155
1,<environment.Job instance at 0x7fc44e13d320>,66,2,[5 1],67,155,157,88,155
1,<environment.Job instance at 0x7fc44e13d1e0>,67,20,[5 3],68,155,175,87,155
1,<environment.Job instance at 0x7fc44e13d910>,68,3,[9 1],69,157,160,88,155
1,<environment.Job instance at 0x7fc44e13d370>,70,16,[10  2],71,170,186,99,162
1,<environment.Job instance at 0x7fc44e3a44b0>,35,18,[6 4],36,186,204,150,175
1,<environment.Job instance at 0x7fc44e13dc80>,78,13,[7 4],79,199,212,120,199
1,<environment.Job instance at 0x7fc44e13da00>,76,17,[13  4],77,212,229,135,201
1,<environment.Job instance at 0x7fc492419d70>,58,23,[1 5],59,211,234,152,211
1,<environment.Job instance at 0x7fc44e02b5f0>,84,17,[12  2],85,229,246,144,217
1,<environment.Job instance at 0x7fc49218c0a0>,2,2,[7 3],3,3,5,0,3
1,<environment.Job instance at 0x7fc44e3a4230>,3,2,[8 4],4,4,6,0,4
1,<environment.Job instance at 0x7fc44e5d3550>,14,1,[8 2],15,27,28,12,27
1,<environment.Job instance at 0x7fc44e5d3820>,15,3,[14  3],16,28,31,12,27
1,<environment.Job instance at 0x7fc44e5d3320>,17,18,[2 8],18,31,49,13,27
1,<environment.Job instance at 0x7fc44e5d3960>,18,3,[ 2 10],19,49,52,30,27
1,<environment.Job instance at 0x7fc44e5d35f0>,19,1,[8 3],20,31,32,11,27
1,<environment.Job instance at 0x7fc49211faf0>,20,3,[8 1],21,32,35,11,27
1,<environment.Job instance at 0x7fc49211f230>,24,1,[10  2],25,47,48,22,47
1,<environment.Job instance at 0x7fc49211f9b0>,25,27,[1 5],26,47,74,21,47
1,<environment.Job instance at 0x7fc49211f320>,26,18,[ 2 10],27,52,70,25,47
1,<environment.Job instance at 0x7fc49211f190>,27,2,[ 1 10],28,70,72,42,47
1,<environment.Job instance at 0x7fc49211f870>,28,1,[4 7],29,72,73,43,47
1,<environment.Job instance at 0x7fc49211f8c0>,29,3,[13  3],30,73,76,43,47
1,<environment.Job instance at 0x7fc44e5d30a0>,10,3,[13  5],11,76,79,65,55
1,<environment.Job instance at 0x7fc49211f7d0>,34,3,[5 1],35,79,82,44,69
1,<environment.Job instance at 0x7fc49211f0a0>,35,12,[8 1],36,79,91,43,70
1,<environment.Job instance at 0x7fc49211fb90>,36,1,[10  1],37,72,73,35,70
1,<environment.Job instance at 0x7fc44e20b370>,37,15,[ 3 10],38,82,97,44,72
1,<environment.Job instance at 0x7fc44e20be60>,44,3,[6 4],45,91,94,46,86
1,<environment.Job instance at 0x7fc44e20b0a0>,47,18,[2 7],48,97,115,49,95
1,<environment.Job instance at 0x7fc491fcd500>,49,1,[1 7],50,97,98,47,95
1,<environment.Job instance at 0x7fc491fcdaf0>,51,3,[4 7],52,101,104,49,101
1,<environment.Job instance at 0x7fc491fcd7d0>,52,3,[10  5],53,104,107,51,101
1,<environment.Job instance at 0x7fc491fcd960>,53,2,[4 5],54,107,109,53,101
1,<environment.Job instance at 0x7fc491fcd0a0>,54,20,[8 2],55,107,127,52,101
1,<environment.Job instance at 0x7fc491fcd5a0>,56,2,[4 7],57,115,117,58,106
1,<environment.Job instance at 0x7fc491fe9d20>,57,2,[ 4 10],58,117,119,59,106
1,<environment.Job instance at 0x7fc491fe9960>,58,3,[8 2],59,127,130,68,106
1,<environment.Job instance at 0x7fc491fe9a50>,60,21,[10  5],61,130,151,69,122
1,<environment.Job instance at 0x7fc44e5d35a0>,9,14,[2 7],10,123,137,113,123
1,<environment.Job instance at 0x7fc491fe9fa0>,65,1,[ 3 11],66,151,152,85,137
1,<environment.Job instance at 0x7fc491fd8320>,73,2,[2 8],74,145,147,71,145
1,<environment.Job instance at 0x7fc491fd8eb0>,74,3,[5 3],75,147,150,72,145
1,<environment.Job instance at 0x7fc491fd8c30>,75,1,[4 8],76,150,151,74,145
1,<environment.Job instance at 0x7fc491fd8d70>,76,23,[ 1 13],77,152,175,75,146
1,<environment.Job instance at 0x7fc491fd83c0>,77,2,[ 2 11],78,175,177,97,148
1,<environment.Job instance at 0x7fc491fd89b0>,79,2,[9 5],80,177,179,97,157
1,<environment.Job instance at 0x7fc491fd8f00>,80,3,[8 2],81,157,160,76,157
1,<environment.Job instance at 0x7fc491fd8f50>,83,1,[5 5],84,177,178,93,162
1,<environment.Job instance at 0x7fc491fe90f0>,64,12,[9 5],65,179,191,114,169
1,<environment.Job instance at 0x7fc49211f550>,23,12,[10  2],24,191,203,167,174
1,<environment.Job instance at 0x7fc491fcbbe0>,87,22,[1 9],88,181,203,93,181
1,<environment.Job instance at 0x7fc491fd85a0>,84,24,[7 3],85,203,227,118,198
1,<environment.Job instance at 0x7fc491fd80f0>,85,13,[7 2],86,203,216,117,198
1,<environment.Job instance at 0x7ff282cc8140>,1,15,[ 1 14],2,2,17,0,2
1,<environment.Job instance at 0x7ff27b8b8280>,4,18,[10  4],5,17,35,12,6
1,<environment.Job instance at 0x7ff282d52e10>,5,13,[5 9],6,17,30,11,10
1,<environment.Job instance at 0x7ff27b8b8500>,6,12,[11  4],7,35,47,28,30
1,<environment.Job instance at 0x7ff27b8b8be0>,17,3,[10  3],18,47,50,29,34
1,<environment.Job instance at 0x7ff27b8b8780>,9,17,[ 4 10],10,40,57,30,40
1,<environment.Job instance at 0x7ff27b8b86e0>,10,1,[7 3],11,50,51,39,41
1,<environment.Job instance at 0x7ff27b8b88c0>,15,3,[10  2],16,51,54,35,45
1,<environment.Job instance at 0x7ff27b8b8d20>,19,17,[12  3],20,57,74,37,48
1,<environment.Job instance at 0x7ff27b8ba1e0>,26,22,[2 9],27,57,79,30,51
1,<environment.Job instance at 0x7ff27b8b8fa0>,22,2,[12  3],23,74,76,51,53
1,<environment.Job instance at 0x7ff27b8bae10>,40,1,[1 8],41,79,80,38,77
1,<environment.Job instance at 0x7ff27b8bf3c0>,41,14,[6 1],42,77,91,35,77
1,<environment.Job instance at 0x7ff27b8bf4b0>,43,28,[6 4],44,83,111,39,83
1,<environment.Job instance at 0x7ff27b8bf190>,44,17,[ 5 12],45,111,128,66,99
1,<environment.Job instance at 0x7ff27b8ba870>,32,17,[9 3],33,100,117,67,100
1,<environment.Job instance at 0x7ff27b8bfeb0>,52,3,[ 3 11],53,128,131,75,102
1,<environment.Job instance at 0x7ff27b8c0460>,57,3,[8 4],58,128,131,70,125
1,<environment.Job instance at 0x7ff27b8c0140>,58,1,[5 7],59,131,132,72,125
1,<environment.Job instance at 0x7ff27b8c04b0>,60,24,[ 3 10],61,132,156,71,128
1,<environment.Job instance at 0x7ff27b8c0550>,61,2,[9 2],62,131,133,69,129
1,<environment.Job instance at 0x7ff27b8b8410>,7,14,[5 1],8,133,147,125,129
1,<environment.Job instance at 0x7ff27b8c05f0>,62,20,[9 1],63,147,167,84,138
1,<environment.Job instance at 0x7ff27b8c0a00>,67,26,[5 4],68,156,182,88,153
1,<environment.Job instance at 0x7ff27b8c0690>,63,15,[1 5],64,156,171,92,153
1,<environment.Job instance at 0x7ff27b8c0d70>,68,22,[5 6],69,167,189,98,160
1,<environment.Job instance at 0x7ff27b8c0f50>,70,18,[5 5],71,171,189,100,160
1,<environment.Job instance at 0x7ff27b8bfa00>,53,18,[ 4 12],54,189,207,135,180
1,<environment.Job instance at 0x7ff27b8c21e0>,73,3,[10  4],74,207,210,133,182
1,<environment.Job instance at 0x7ff27b8c2820>,78,19,[8 4],79,210,229,131,200
1,<environment.Job instance at 0x7ff27b8c2780>,82,3,[10  1],83,200,203,117,200
1,<environment.Job instance at 0x7ff27b8c2e60>,86,3,[5 6],87,207,210,120,203
1,<environment.Job instance at 0x7ff27b8c2d70>,87,2,[ 4 10],88,210,212,122,205
1,<environment.Job instance at 0x7ff27b8c2fa0>,88,12,[3 5],89,212,224,123,212
1,<environment.Job instance at 0x7ff27b8c7140>,3,3,[1 5],4,5,8,1,5
1,<environment.Job instance at 0x7ff27b8c2fa0>,2,14,[14  1],3,5,19,2,5
1,<environment.Job instance at 0x7ff27b8c7690>,5,15,[5 3],6,19,34,13,19
1,<environment.Job instance at 0x7ff282cf1b90>,11,2,[9 3],12,19,21,7,19
1,<environment.Job instance at 0x7ff27b8c2f50>,1,18,[11  5],2,34,52,32,23
1,<environment.Job instance at 0x7ff282cf1dc0>,15,15,[ 3 14],16,52,67,36,38
1,<environment.Job instance at 0x7ff282e3cbe0>,19,3,[1 7],20,38,41,18,38
1,<environment.Job instance at 0x7ff282e39d20>,24,1,[7 1],25,52,53,27,44
1,<environment.Job instance at 0x7ff282e39eb0>,27,3,[ 2 10],28,74,77,46,74
1,<environment.Job instance at 0x7ff282e39730>,29,3,[5 5],30,74,77,44,74
1,<environment.Job instance at 0x7ff282e396e0>,31,16,[1 9],32,77,93,45,75
1,<environment.Job instance at 0x7ff282e2f640>,33,1,[5 6],34,77,78,43,77
1,<environment.Job instance at 0x7ff282e2ffa0>,34,2,[8 5],35,78,80,43,77
1,<environment.Job instance at 0x7ff282e2fc30>,36,2,[8 2],37,80,82,43,77
1,<environment.Job instance at 0x7ff282cf4370>,40,12,[6 3],41,92,104,51,92
1,<environment.Job instance at 0x7ff282e307d0>,42,1,[10  1],43,104,105,61,98
1,<environment.Job instance at 0x7ff282e30730>,44,13,[1 9],45,103,116,58,103
1,<environment.Job instance at 0x7ff282e30c30>,45,3,[5 5],46,105,108,59,103
1,<environment.Job instance at 0x7ff282e30fa0>,46,22,[11  3],47,108,130,61,103
1,<environment.Job instance at 0x7ff282e35f50>,50,3,[9 1],51,130,133,79,115
1,<environment.Job instance at 0x7ff282e35eb0>,52,1,[ 5 10],53,130,131,77,117
1,<environment.Job instance at 0x7ff282e35b40>,54,1,[9 4],55,133,134,78,117
1,<environment.Job instance at 0x7ff282e35aa0>,55,25,[3 9],56,131,156,75,128
1,<environment.Job instance at 0x7ff282cc70f0>,59,23,[2 8],60,156,179,96,150
1,<environment.Job instance at 0x7ff282cc7190>,63,1,[3 9],64,179,180,115,151
1,<environment.Job instance at 0x7ff282cc72d0>,67,2,[9 3],68,159,161,91,159
1,<environment.Job instance at 0x7ff282e43960>,71,3,[8 2],72,182,185,110,182
1,<environment.Job instance at 0x7ff282e43dc0>,73,3,[5 4],74,188,191,114,188
1,<environment.Job instance at 0x7ff282e435a0>,76,23,[5 8],77,204,227,127,204
1,<environment.Job instance at 0x7ff282e433c0>,77,3,[4 9],78,227,230,149,204
1,<environment.Job instance at 0x7ff282e43a00>,78,2,[ 3 10],79,230,232,151,204
1,<environment.Job instance at 0x7ff282e3de10>,79,1,[10  3],80,205,206,125,205
1,<environment.Job instance at 0x7ff282e3df50>,80,2,[3 8],81,232,234,151,206
1,<environment.Job instance at 0x7ff282e3d500>,81,2,[12  1],82,230,232,148,206
1,<environment.Job instance at 0x7ff282e3c1e0>,0,28,[7 3],1,1,29,0,1
1,<environment.Job instance at 0x7ff282e3d550>,5,3,[6 4],6,6,9,0,6
1,<environment.Job instance at 0x7ff237bbf320>,14,17,[1 9],15,27,44,12,27
1,<environment.Job instance at 0x7ff237bb85a0>,15,2,[9 2],16,29,31,13,27
1,<environment.Job instance at 0x7ff237bb8410>,16,2,[5 1],17,27,29,10,27
1,<environment.Job instance at 0x7ff237bb8910>,17,1,[1 7],18,44,45,26,27
1,<environment.Job instance at 0x7ff237bb8730>,18,12,[12  2],19,31,43,12,27
1,<environment.Job instance at 0x7ff237bb8b40>,21,19,[ 3 14],22,45,64,23,35
1,<environment.Job instance at 0x7ff237bb8dc0>,22,2,[14  5],23,43,45,20,35
1,<environment.Job instance at 0x7ff237bb8a50>,23,21,[9 5],24,64,85,40,56
1,<environment.Job instance at 0x7ff237bba190>,25,12,[12  4],26,85,97,59,68
1,<environment.Job instance at 0x7ff237bbaaa0>,28,21,[5 1],29,97,118,68,89
1,<environment.Job instance at 0x7ff237bba280>,29,1,[8 5],30,97,98,67,89
1,<environment.Job instance at 0x7ff237bbaa50>,30,1,[9 5],31,98,99,67,89
1,<environment.Job instance at 0x7ff237bba370>,31,18,[ 5 14],32,99,117,67,89
1,<environment.Job instance at 0x7ff237bb4dc0>,38,1,[ 5 14],39,117,118,78,100
1,<environment.Job instance at 0x7ff237bb4af0>,40,2,[10  1],41,118,120,77,105
1,<environment.Job instance at 0x7ff237bb4320>,42,2,[9 4],43,120,122,77,105
1,<environment.Job instance at 0x7ff237bb4640>,43,3,[14  5],44,122,125,78,105
1,<environment.Job instance at 0x7ff237bb4f00>,44,2,[1 7],45,118,120,73,105
1,<environment.Job instance at 0x7ff237baca00>,45,1,[ 4 10],46,120,121,74,105
1,<environment.Job instance at 0x7ff237bac050>,47,1,[9 4],48,125,126,77,107
1,<environment.Job instance at 0x7ff237bac140>,48,17,[12  1],49,126,143,77,114
1,<environment.Job instance at 0x7ff237bbfaa0>,6,17,[2 6],7,127,144,120,127
1,<environment.Job instance at 0x7ff237baceb0>,52,1,[13  3],53,143,144,90,133
1,<environment.Job instance at 0x7ff237bac730>,50,13,[7 4],51,144,157,93,143
1,<environment.Job instance at 0x7ff237bba9b0>,26,22,[6 1],27,150,172,123,150
1,<environment.Job instance at 0x7ff237b82140>,57,1,[4 8],58,157,158,99,151
1,<environment.Job instance at 0x7ff237b82b40>,61,2,[3 8],62,158,160,96,156
1,<environment.Job instance at 0x7ff237b8a230>,62,27,[ 2 13],63,160,187,97,158
1,<environment.Job instance at 0x7ff237b8a140>,64,1,[3 8],65,187,188,122,164
1,<environment.Job instance at 0x7ff237b9e4b0>,68,1,[12  5],69,191,192,122,191
1,<environment.Job instance at 0x7ff237b9e780>,69,1,[8 5],70,192,193,122,191
1,<environment.Job instance at 0x7ff237bacd70>,56,16,[5 7],57,203,219,146,203
1,<environment.Job instance at 0x7ff237bac6e0>,51,3,[3 6],52,205,208,153,205
1,<environment.Job instance at 0x7ff237b9e050>,71,15,[10  3],72,209,224,137,209
1,<environment.Job instance at 0x7ff237c12370>,1,25,[10  4],2,2,27,0,2
1,<environment.Job instance at 0x7ff237cb3a00>,4,22,[1 9],5,5,27,0,5
1,<environment.Job instance at 0x7ff2380bbe10>,13,24,[3 6],14,27,51,13,22
1,<environment.Job instance at 0x7ff238053be0>,17,27,[9 5],18,27,54,9,25
1,<environment.Job instance at 0x7ff238053410>,23,2,[ 3 14],24,54,56,30,32
1,<environment.Job instance at 0x7ff2380531e0>,24,2,[1 9],25,51,53,26,32
1,<environment.Job instance at 0x7ff238053870>,25,18,[ 3 10],26,56,74,30,45
1,<environment.Job instance at 0x7ff238027460>,26,21,[6 1],27,53,74,26,45
1,<environment.Job instance at 0x7ff238027cd0>,29,1,[10  5],30,74,75,44,46
1,<environment.Job instance at 0x7ff237c12780>,12,2,[6 3],13,56,58,43,48
1,<environment.Job instance at 0x7ff238027500>,34,3,[ 3 12],35,75,78,40,54
1,<environment.Job instance at 0x7ff238090aa0>,35,27,[5 5],36,78,105,42,76
1,<environment.Job instance at 0x7ff238090960>,36,22,[2 8],37,78,100,41,76
1,<environment.Job instance at 0x7ff282cb85f0>,43,27,[7 5],44,100,127,56,98
1,<environment.Job instance at 0x7ff238096550>,9,18,[ 2 10],10,105,123,95,101
1,<environment.Job instance at 0x7ff238090af0>,44,13,[14  5],45,127,140,82,111
1,<environment.Job instance at 0x7ff237f7fdc0>,54,3,[2 5],55,140,143,85,133
1,<environment.Job instance at 0x7ff237f7f820>,55,25,[3 7],56,140,165,84,136
1,<environment.Job instance at 0x7ff237f7f0f0>,59,3,[9 3],60,150,153,90,150
1,<environment.Job instance at 0x7ff237f7f5a0>,60,1,[ 4 12],61,165,166,104,150
1,<environment.Job instance at 0x7ff237f7f500>,61,1,[10  1],62,153,154,91,150
1,<environment.Job instance at 0x7ff238000aa0>,63,1,[5 2],64,159,160,95,159
1,<environment.Job instance at 0x7ff238000960>,64,12,[13  3],65,166,178,101,159
1,<environment.Job instance at 0x7ff238000730>,68,21,[9 5],69,178,199,109,177
1,<environment.Job instance at 0x7ff238000870>,69,3,[12  1],70,199,202,129,177
1,<environment.Job instance at 0x7ff238000a50>,71,1,[5 5],72,193,194,121,193
1,<environment.Job instance at 0x7ff238000f00>,73,2,[ 4 10],74,194,196,120,193
1,<environment.Job instance at 0x7ff238000910>,74,2,[5 3],75,196,198,121,193
1,<environment.Job instance at 0x7ff238000550>,78,3,[ 2 10],79,205,208,126,205
1,<environment.Job instance at 0x7ff238072910>,79,16,[ 5 13],80,208,224,128,205
1,<environment.Job instance at 0x7ff238072dc0>,80,3,[9 1],81,206,209,125,206
1,<environment.Job instance at 0x7ff238072c80>,84,14,[ 3 14],85,224,238,139,218
1,<environment.Job instance at 0x7ff237cb3dc0>,0,1,[10  3],1,1,2,0,1
1,<environment.Job instance at 0x7ff238053b90>,1,24,[4 8],2,2,26,0,2
1,<environment.Job instance at 0x7ff237f246e0>,7,12,[10  4],8,8,20,0,8
1,<environment.Job instance at 0x7ff27b922730>,11,1,[11  1],12,20,21,8,12
1,<environment.Job instance at 0x7ff27b91c870>,15,2,[7 5],16,21,23,5,16
1,<environment.Job instance at 0x7ff237cbf7d0>,6,14,[8 1],7,23,37,16,19
1,<environment.Job instance at 0x7ff27b922460>,18,3,[9 1],19,37,40,18,20
1,<environment.Job instance at 0x7ff27bd18c80>,24,1,[2 5],25,31,32,6,31
1,<environment.Job instance at 0x7ff27bd18af0>,25,2,[9 3],26,40,42,14,31
1,<environment.Job instance at 0x7ff27bd18f50>,27,23,[10  4],28,42,65,14,36
1,<environment.Job instance at 0x7ff27bd18aa0>,20,19,[2 7],21,48,67,27,48
1,<environment.Job instance at 0x7ff237ac0550>,33,3,[ 5 13],34,67,70,33,63
1,<environment.Job instance at 0x7ff237ac0640>,34,13,[1 9],35,70,83,35,63
1,<environment.Job instance at 0x7ff237ac06e0>,36,17,[13  2],37,70,87,33,67
1,<environment.Job instance at 0x7ff237ac0780>,37,1,[11  4],38,87,88,49,67
1,<environment.Job instance at 0x7ff237ac0960>,42,17,[ 2 12],43,88,105,45,80
1,<environment.Job instance at 0x7ff237ac0c30>,43,1,[8 5],44,105,106,61,80
1,<environment.Job instance at 0x7ff237ac0b90>,45,24,[10  2],46,106,130,60,101
1,<environment.Job instance at 0x7ff27bd18960>,21,24,[1 9],22,105,129,83,101
1,<environment.Job instance at 0x7ff237ac0fa0>,49,27,[14  1],50,130,157,80,128
1,<environment.Job instance at 0x7ff237ac0eb0>,47,18,[1 7],48,140,158,92,140
1,<environment.Job instance at 0x7ff237ac32d0>,53,20,[5 7],54,157,177,103,148
1,<environment.Job instance at 0x7ff237ac33c0>,56,27,[4 5],57,158,185,101,156
1,<environment.Job instance at 0x7ff237ac3780>,62,3,[11  3],63,177,180,114,175
1,<environment.Job instance at 0x7ff237ac38c0>,63,18,[6 1],64,180,198,116,176
1,<environment.Job instance at 0x7ff237ac3a50>,65,1,[8 1],66,185,186,119,179
1,<environment.Job instance at 0x7ff237ac3280>,55,12,[11  5],56,198,210,142,185
1,<environment.Job instance at 0x7ff237ac4280>,74,2,[10  3],75,210,212,135,198
1,<environment.Job instance at 0x7ff237ac4320>,75,12,[ 3 13],76,212,224,136,198
1,<environment.Job instance at 0x7ff237ac4460>,77,18,[3 6],78,224,242,146,213
1,<environment.Job instance at 0x7ff237ac45a0>,79,1,[8 3],80,224,225,144,213
1,<environment.Job instance at 0x7ff237ac4910>,80,18,[5 9],81,225,243,144,217
1,<environment.Job instance at 0x7ff237ac49b0>,82,3,[4 9],83,243,246,160,217
1,<environment.Job instance at 0x7ff237cbfc80>,2,2,[7 4],3,3,5,0,3
1,<environment.Job instance at 0x7ff27bec3280>,3,3,[5 5],4,4,7,0,4
1,<environment.Job instance at 0x7ff27bec3190>,4,2,[9 2],5,5,7,0,5
1,<environment.Job instance at 0x7ff27bec30a0>,9,2,[ 4 10],10,10,12,0,10
1,<environment.Job instance at 0x7ff27bec3b40>,10,1,[9 5],11,11,12,0,11
1,<environment.Job instance at 0x7ff27bec30f0>,11,13,[12  4],12,12,25,0,12
1,<environment.Job instance at 0x7ff27bec3500>,12,15,[10  1],13,25,40,12,18
1,<environment.Job instance at 0x7ff27b6e0460>,19,3,[5 9],20,25,28,5,24
1,<environment.Job instance at 0x7ff27b6e06e0>,20,2,[6 4],21,40,42,19,24
1,<environment.Job instance at 0x7ff27b6e0af0>,21,2,[3 5],22,28,30,6,24
1,<environment.Job instance at 0x7ff27b6e0d20>,24,16,[9 2],25,46,62,21,46
1,<environment.Job instance at 0x7ff27b6e0c80>,25,2,[2 9],26,46,48,20,46
1,<environment.Job instance at 0x7ff237ac49b0>,7,17,[3 5],8,50,67,42,50
1,<environment.Job instance at 0x7ff27b6e0190>,28,13,[6 1],29,62,75,33,50
1,<environment.Job instance at 0x7ff27bec3be0>,15,13,[8 5],16,67,80,51,51
1,<environment.Job instance at 0x7ff27b6e0be0>,29,13,[1 8],30,61,74,31,61
1,<environment.Job instance at 0x7ff27b6e0550>,34,3,[7 4],35,75,78,40,62
1,<environment.Job instance at 0x7ff27b6e4410>,37,1,[10  3],38,80,81,42,69
1,<environment.Job instance at 0x7ff27b6e4500>,41,2,[2 9],42,82,84,40,82
1,<environment.Job instance at 0x7ff27b6e47d0>,43,3,[8 1],44,87,90,43,87
1,<environment.Job instance at 0x7ff27b6e4230>,45,12,[10  3],46,93,105,47,93
1,<environment.Job instance at 0x7ff27b6e4f00>,42,2,[7 3],43,105,107,62,97
1,<environment.Job instance at 0x7ff27b6f09b0>,49,23,[6 5],50,105,128,55,101
1,<environment.Job instance at 0x7ff27b6e0690>,33,15,[6 1],34,107,122,73,102
1,<environment.Job instance at 0x7ff27b6e0820>,31,13,[6 5],32,122,135,90,106
1,<environment.Job instance at 0x7ff27b6f0780>,53,1,[4 9],54,128,129,74,107
1,<environment.Job instance at 0x7ff27b6f0460>,54,12,[3 5],55,107,119,52,107
1,<environment.Job instance at 0x7ff27b6f0820>,58,3,[3 9],59,119,122,60,110
1,<environment.Job instance at 0x7ff27b6e4e60>,48,2,[4 5],49,129,131,80,110
1,<environment.Job instance at 0x7ff27b6f01e0>,55,3,[9 2],56,131,134,75,117
1,<environment.Job instance at 0x7ff27b6f02d0>,61,1,[11  4],62,135,136,73,117
1,<environment.Job instance at 0x7ff27b6f0a50>,62,15,[10  1],63,136,151,73,122
1,<environment.Job instance at 0x7ff27b6f0410>,59,21,[1 9],60,134,155,74,131
1,<environment.Job instance at 0x7ff27bec3d70>,14,24,[4 5],15,138,162,123,138
1,<environment.Job instance at 0x7ff27b6fe730>,75,3,[1 9],76,161,164,85,161
1,<environment.Job instance at 0x7ff27b6f0aa0>,60,27,[6 4],61,164,191,103,164
1,<environment.Job instance at 0x7ff27b6fe640>,68,22,[7 5],69,164,186,95,164
1,<environment.Job instance at 0x7ff27c3df5f0>,82,3,[1 9],83,186,189,103,177
1,<environment.Job instance at 0x7ff27c3dfe60>,83,13,[5 1],84,186,199,102,177
1,<environment.Job instance at 0x7ff27c3df140>,84,3,[ 2 12],85,191,194,106,177
1,<environment.Job instance at 0x7ff27bc9b4b0>,85,2,[3 5],86,189,191,103,178
1,<environment.Job instance at 0x7ff27bd72140>,87,2,[8 4],88,194,196,106,181
1,<environment.Job instance at 0x7ff27bd72b90>,89,17,[1 9],90,194,211,104,182
1,<environment.Job instance at 0x7ff27bd720f0>,91,2,[ 3 14],92,211,213,119,185
1,<environment.Job instance at 0x7ff27bd724b0>,93,3,[10  3],94,199,202,105,197
1,<environment.Job instance at 0x7ff27c546eb0>,94,3,[3 6],95,202,205,107,197
1,<environment.Job instance at 0x7ff27c546e60>,95,1,[8 4],96,197,198,101,197
1,<environment.Job instance at 0x7ff27c546690>,96,13,[12  4],97,213,226,116,197
1,<environment.Job instance at 0x7ff27b994780>,0,20,[4 6],1,1,21,0,1
1,<environment.Job instance at 0x7ff27c3dae10>,3,14,[ 1 11],4,21,35,17,6
1,<environment.Job instance at 0x7ff237eb3640>,7,1,[10  5],8,8,9,0,8
1,<environment.Job instance at 0x7ff237eb30f0>,8,2,[13  3],9,21,23,12,9
1,<environment.Job instance at 0x7ff27b7e23c0>,17,3,[8 1],18,18,21,0,18
1,<environment.Job instance at 0x7ff27b7e2b40>,18,20,[3 8],19,35,55,16,26
1,<environment.Job instance at 0x7ff27bf08be0>,21,21,[4 7],22,35,56,13,28
1,<environment.Job instance at 0x7ff27bf134b0>,22,17,[ 2 11],23,56,73,33,44
1,<environment.Job instance at 0x7ff27bc167d0>,24,1,[ 2 11],25,73,74,48,45
1,<environment.Job instance at 0x7ff27bf08c80>,25,2,[4 7],26,74,76,48,47
1,<environment.Job instance at 0x7ff237d4bcd0>,27,1,[2 6],28,55,56,27,48
1,<environment.Job instance at 0x7ff27bb32410>,28,3,[8 3],29,56,59,27,48
1,<environment.Job instance at 0x7ff27c403d70>,30,15,[10  4],31,59,74,28,58
1,<environment.Job instance at 0x7ff27bb21280>,33,3,[8 4],34,74,77,40,63
1,<environment.Job instance at 0x7ff27c592cd0>,35,12,[10  1],36,77,89,41,63
1,<environment.Job instance at 0x7ff27c5922d0>,36,12,[2 7],37,76,88,39,63
1,<environment.Job instance at 0x7ff27c06f190>,38,18,[4 6],39,88,106,49,79
1,<environment.Job instance at 0x7ff27b7a9be0>,39,1,[ 5 14],40,106,107,66,79
1,<environment.Job instance at 0x7ff27b7a9aa0>,40,2,[5 1],41,89,91,48,79
1,<environment.Job instance at 0x7ff237d73410>,44,3,[7 4],45,107,110,62,104
1,<environment.Job instance at 0x7ff282bf3960>,45,2,[4 5],46,104,106,58,104
1,<environment.Job instance at 0x7ff282bf36e0>,47,2,[7 4],48,104,106,56,104
1,<environment.Job instance at 0x7ff282bf3370>,49,16,[7 2],50,116,132,66,116
1,<environment.Job instance at 0x7ff282bf34b0>,50,16,[ 3 10],51,116,132,65,116
1,<environment.Job instance at 0x7ff282bf32d0>,52,3,[4 8],53,132,135,79,120
1,<environment.Job instance at 0x7ff27bdfb910>,54,2,[1 6],55,132,134,77,126
1,<environment.Job instance at 0x7ff27bdfbd70>,56,1,[5 1],57,134,135,77,134
1,<environment.Job instance at 0x7ff27bdfb190>,57,27,[ 2 11],58,135,162,77,134
1,<environment.Job instance at 0x7ff27bdfb820>,59,3,[11  2],60,137,140,77,137
1,<environment.Job instance at 0x7ff27bdfb460>,60,2,[3 9],61,162,164,101,137
1,<environment.Job instance at 0x7ff27bdfbf50>,62,1,[12  5],63,162,163,99,137
1,<environment.Job instance at 0x7ff27b68a320>,69,1,[8 2],70,151,152,81,151
1,<environment.Job instance at 0x7ff237ee4960>,74,3,[ 3 10],75,174,177,99,174
1,<environment.Job instance at 0x7ff27c04a9b0>,76,3,[5 4],77,174,177,97,174
1,<environment.Job instance at 0x7ff27c04a4b0>,77,2,[7 2],78,177,179,99,174
1,<environment.Job instance at 0x7ff27b67a780>,79,1,[5 7],80,181,182,101,181
1,<environment.Job instance at 0x7ff27c3da140>,5,16,[ 2 11],6,184,200,178,184
1,<environment.Job instance at 0x7ff27b621820>,81,3,[3 9],82,200,203,118,184
1,<environment.Job instance at 0x7ff27c04abe0>,75,1,[7 3],76,187,188,111,187
1,<environment.Job instance at 0x7ff27bf12aa0>,85,17,[ 3 10],86,203,220,117,199
1,<environment.Job instance at 0x7ff27bcd7f00>,87,2,[ 3 10],88,220,222,132,202
1,<environment.Job instance at 0x7ff27bcd7320>,88,18,[1 5],89,202,220,113,202
1,<environment.Job instance at 0x7ff237bba5f0>,0,26,[4 9],1,1,27,0,1
1,<environment.Job instance at 0x7ff237bba230>,4,2,[9 3],5,5,7,0,5
1,<environment.Job instance at 0x7ff237bbacd0>,3,14,[3 6],4,7,21,3,5
1,<environment.Job instance at 0x7ff27bd4f500>,6,13,[9 3],7,21,34,14,16
1,<environment.Job instance at 0x7ff27bd4f230>,5,18,[1 8],6,27,45,21,20
1,<environment.Job instance at 0x7ff27b7a9460>,9,15,[5 7],10,34,49,24,20
1,<environment.Job instance at 0x7ff27c0a5c80>,12,12,[ 5 13],13,49,61,36,38
1,<environment.Job instance at 0x7ff27b6262d0>,11,18,[11  2],12,61,79,49,51
1,<environment.Job instance at 0x7ff27b778e60>,17,19,[1 5],18,61,80,43,56
1,<environment.Job instance at 0x7ff27b778d70>,18,14,[1 7],19,61,75,42,58
1,<environment.Job instance at 0x7ff27bdfb320>,2,16,[13  1],3,79,95,76,66
1,<environment.Job instance at 0x7ff237a35960>,23,1,[10  5],24,95,96,71,67
1,<environment.Job instance at 0x7ff237a35780>,20,13,[11  2],21,96,109,75,89
1,<environment.Job instance at 0x7ff237a35b90>,30,14,[10  1],31,109,123,78,107
1,<environment.Job instance at 0x7ff237a35c30>,31,3,[1 9],32,107,110,75,107
1,<environment.Job instance at 0x7ff237a35cd0>,32,3,[7 1],33,123,126,90,107
1,<environment.Job instance at 0x7ff237a35d70>,33,22,[5 2],34,110,132,76,107
1,<environment.Job instance at 0x7ff237a35e10>,34,18,[5 6],35,126,144,91,122
1,<environment.Job instance at 0x7ff237a380f0>,39,3,[10  5],40,132,135,92,125
1,<environment.Job instance at 0x7ff237a35910>,26,3,[ 5 10],27,144,147,117,139
1,<environment.Job instance at 0x7ff237a359b0>,27,16,[ 3 12],28,147,163,119,139
1,<environment.Job instance at 0x7ff237a38640>,43,2,[3 5],44,141,143,97,141
1,<environment.Job instance at 0x7ff237a38730>,46,25,[6 3],47,147,172,100,147
1,<environment.Job instance at 0x7ff237a387d0>,47,2,[6 3],48,163,165,115,147
1,<environment.Job instance at 0x7ff237a38aa0>,48,2,[2 8],49,163,165,114,147
1,<environment.Job instance at 0x7ff237a38be0>,50,2,[5 4],51,165,167,114,159
1,<environment.Job instance at 0x7ff237a38a50>,53,2,[14  3],54,172,174,118,160
1,<environment.Job instance at 0x7ff237a38d70>,54,1,[14  5],55,174,175,119,160
1,<environment.Job instance at 0x7ff237a38fa0>,56,2,[7 1],57,167,169,110,160
1,<environment.Job instance at 0x7ff237a385f0>,42,15,[5 9],43,175,190,132,164
1,<environment.Job instance at 0x7ff237a3b0f0>,59,1,[1 8],60,167,168,107,167
1,<environment.Job instance at 0x7ff237a3b280>,61,18,[10  5],62,175,193,113,170
1,<environment.Job instance at 0x7ff237a3b640>,66,3,[5 8],67,190,193,123,171
1,<environment.Job instance at 0x7ff237a3b9b0>,67,20,[1 8],68,193,213,125,184
1,<environment.Job instance at 0x7ff237a3ba00>,68,3,[6 1],69,193,196,124,184
1,<environment.Job instance at 0x7ff237a3baa0>,69,3,[8 2],70,193,196,123,184
1,<environment.Job instance at 0x7ff237a3bb40>,70,2,[ 2 12],71,213,215,142,186
1,<environment.Job instance at 0x7ff237a3b6e0>,71,21,[4 9],72,215,236,143,207
1,<environment.Job instance at 0x7ff237a3baf0>,72,3,[5 9],73,236,239,163,210
1,<environment.Job instance at 0x7ff237a3b780>,74,3,[2 7],75,210,213,135,210
1,<environment.Job instance at 0x7ff237a3bcd0>,75,23,[8 4],76,215,238,139,210
1,<environment.Job instance at 0x7ff27bd58320>,0,28,[ 2 14],1,1,29,0,1
1,<environment.Job instance at 0x7ff237a3bfa0>,1,28,[5 1],2,2,30,0,2
1,<environment.Job instance at 0x7ff27b6b4230>,6,3,[7 4],7,29,32,22,7
1,<environment.Job instance at 0x7ff27b98b230>,8,2,[7 4],9,30,32,21,9
1,<environment.Job instance at 0x7ff27c178eb0>,10,2,[10  5],11,32,34,21,11
1,<environment.Job instance at 0x7ff27b6b4be0>,13,23,[7 4],14,34,57,20,28
1,<environment.Job instance at 0x7ff27bd8e230>,15,12,[2 8],16,32,44,16,29
1,<environment.Job instance at 0x7ff27bd8e370>,20,2,[5 5],21,44,46,23,29
1,<environment.Job instance at 0x7ff27bd8ec80>,23,3,[13  5],24,57,60,33,43
1,<environment.Job instance at 0x7ff27c178e60>,14,13,[4 8],15,60,73,45,45
1,<environment.Job instance at 0x7ff27bd8eaf0>,18,18,[13  5],19,73,91,54,62
1,<environment.Job instance at 0x7ff27b89cb40>,29,18,[ 2 10],30,77,95,47,77
1,<environment.Job instance at 0x7ff23820fd20>,32,1,[2 5],33,91,92,58,77
1,<environment.Job instance at 0x7ff238155730>,34,18,[10  2],35,92,110,57,81
1,<environment.Job instance at 0x7ff238222dc0>,39,17,[2 6],40,96,113,56,96
1,<environment.Job instance at 0x7ff27bc69320>,43,14,[ 5 10],44,113,127,69,101
1,<environment.Job instance at 0x7ff27b9bd870>,44,28,[4 5],45,110,138,65,109
1,<environment.Job instance at 0x7ff27b6fb690>,47,2,[ 5 13],48,138,140,90,111
1,<environment.Job instance at 0x7ff2828bf9b0>,51,25,[10  1],52,127,152,75,123
1,<environment.Job instance at 0x7ff27b9c7550>,57,1,[2 6],58,140,141,82,133
1,<environment.Job instance at 0x7ff27bb771e0>,58,18,[5 5],59,150,168,91,150
1,<environment.Job instance at 0x7ff237f7a780>,62,2,[1 7],63,161,163,98,161
1,<environment.Job instance at 0x7ff237f7a410>,63,17,[5 9],64,163,180,99,161
1,<environment.Job instance at 0x7ff237f7af00>,65,21,[9 3],66,168,189,102,161
1,<environment.Job instance at 0x7ff237f7a960>,67,25,[9 4],68,189,214,121,185
1,<environment.Job instance at 0x7ff27b910d70>,26,27,[5 2],27,187,214,160,187
1,<environment.Job instance at 0x7ff27b8bf230>,75,2,[4 8],76,214,216,138,194
1,<environment.Job instance at 0x7ff27b8bfaa0>,77,2,[1 8],78,197,199,119,197
1,<environment.Job instance at 0x7ff27b8bf960>,79,28,[6 1],80,214,242,134,213
1,<environment.Job instance at 0x7ff27b8bf870>,82,18,[ 2 12],83,216,234,133,213
1,<environment.Job instance at 0x7ff27b8d2050>,83,1,[8 5],84,234,235,150,213
1,<environment.Job instance at 0x7ff27b8d2af0>,85,3,[7 5],86,235,238,149,214
1,<environment.Job instance at 0x7ff27b6b4cd0>,2,3,[8 1],3,3,6,0,3
1,<environment.Job instance at 0x7ff27bcd78c0>,5,3,[10  4],6,6,9,0,6
1,<environment.Job instance at 0x7ff237ecb3c0>,6,1,[ 4 10],7,7,8,0,7
1,<environment.Job instance at 0x7ff237ecbb90>,7,13,[14  4],8,11,24,3,11
1,<environment.Job instance at 0x7ff27ba47730>,15,1,[1 9],16,16,17,0,16
1,<environment.Job instance at 0x7ff237b72780>,16,21,[5 5],17,24,45,7,17
1,<environment.Job instance at 0x7ff27c5620a0>,17,1,[10  4],18,24,25,6,18
1,<environment.Job instance at 0x7ff27bea5460>,18,2,[3 6],19,25,27,6,19
1,<environment.Job instance at 0x7ff27baf9d70>,21,3,[8 5],22,27,30,5,27
1,<environment.Job instance at 0x7ff237cc0a50>,23,2,[13  2],24,45,47,21,28
1,<environment.Job instance at 0x7ff27bd8ee10>,24,15,[10  2],25,30,45,5,28
1,<environment.Job instance at 0x7ff237dba410>,25,25,[1 6],26,45,70,19,41
1,<environment.Job instance at 0x7ff237dbae60>,26,1,[5 5],27,47,48,20,41
1,<environment.Job instance at 0x7ff27c0101e0>,28,3,[ 1 10],29,70,73,41,44
1,<environment.Job instance at 0x7ff27bd3e320>,29,3,[9 3],30,47,50,17,44
1,<environment.Job instance at 0x7ff27bf0e9b0>,30,27,[11  2],31,50,77,19,48
1,<environment.Job instance at 0x7ff238263a50>,32,20,[ 5 10],33,77,97,44,68
1,<environment.Job instance at 0x7ff27b68b5f0>,35,24,[8 3],36,77,101,41,72
1,<environment.Job instance at 0x7ff27bfa3280>,42,1,[5 9],43,97,98,54,87
1,<environment.Job instance at 0x7ff27bfa3c80>,43,1,[2 6],44,98,99,54,87
1,<environment.Job instance at 0x7ff27bfa36e0>,44,13,[2 7],45,100,113,55,100
1,<environment.Job instance at 0x7ff27bfa3fa0>,47,24,[5 9],48,113,137,65,108
1,<environment.Job instance at 0x7ff2380bbd20>,50,2,[1 6],51,115,117,64,115
1,<environment.Job instance at 0x7ff2380bb690>,51,28,[3 6],52,117,145,65,116
1,<environment.Job instance at 0x7ff2380bb500>,53,2,[2 7],54,137,139,83,120
1,<environment.Job instance at 0x7ff2380bbcd0>,54,3,[10  5],55,139,142,84,120
1,<environment.Job instance at 0x7ff2380bb870>,58,2,[4 6],59,147,149,88,147
1,<environment.Job instance at 0x7ff2380bbaf0>,59,26,[2 6],60,147,173,87,147
1,<environment.Job instance at 0x7ff2381b8910>,20,15,[5 5],21,149,164,128,147
1,<environment.Job instance at 0x7ff27baffdc0>,60,20,[9 3],61,164,184,103,155
1,<environment.Job instance at 0x7ff23818a5f0>,67,1,[ 1 13],68,184,185,116,160
1,<environment.Job instance at 0x7ff27b79a370>,68,26,[8 2],69,184,210,115,181
1,<environment.Job instance at 0x7ff282e37320>,69,2,[9 3],70,210,212,140,183
1,<environment.Job instance at 0x7ff23818a910>,71,1,[5 4],72,183,184,111,183
1,<environment.Job instance at 0x7ff27baf4230>,14,22,[4 9],15,185,207,170,183
1,<environment.Job instance at 0x7ff237f30a00>,77,12,[1 6],78,207,219,129,195
1,<environment.Job instance at 0x7ff237f24140>,78,3,[10  2],79,212,215,133,195
1,<environment.Job instance at 0x7ff27b6a0f50>,79,17,[5 7],80,215,232,135,203
1,<environment.Job instance at 0x7ff237fa69b0>,80,2,[4 6],81,207,209,126,203
1,<environment.Job instance at 0x7ff237fa6370>,81,3,[ 4 13],82,232,235,150,206
1,<environment.Job instance at 0x7ff27b9be780>,1,2,[1 9],2,2,4,0,2
1,<environment.Job instance at 0x7ff23805ab40>,2,3,[10  4],3,3,6,0,3
1,<environment.Job instance at 0x7ff27c3e2a50>,4,3,[9 3],5,6,9,1,5
1,<environment.Job instance at 0x7ff27c3e2730>,6,1,[5 2],7,7,8,0,7
1,<environment.Job instance at 0x7ff27be8c4b0>,13,3,[ 4 10],14,17,20,3,17
1,<environment.Job instance at 0x7ff27be8c2d0>,14,3,[10  2],15,17,20,2,17
1,<environment.Job instance at 0x7ff27be8ce10>,15,27,[4 5],16,20,47,4,18
1,<environment.Job instance at 0x7ff27be8c0a0>,16,1,[12  2],17,47,48,30,20
1,<environment.Job instance at 0x7ff27c013dc0>,18,2,[1 9],19,20,22,1,20
1,<environment.Job instance at 0x7ff27b7a8050>,21,2,[ 5 10],22,32,34,10,32
1,<environment.Job instance at 0x7ff27b7a8500>,23,3,[6 2],24,34,37,10,34
1,<environment.Job instance at 0x7ff27b7a8460>,24,1,[7 4],25,37,38,12,34
1,<environment.Job instance at 0x7ff27b7a8410>,25,3,[9 2],26,38,41,12,34
1,<environment.Job instance at 0x7ff27b7a85f0>,26,25,[7 3],27,48,73,21,44
1,<environment.Job instance at 0x7ff237eb9fa0>,8,13,[8 5],9,48,61,39,44
1,<environment.Job instance at 0x7ff27b7a8730>,28,3,[10  4],29,44,47,15,44
1,<environment.Job instance at 0x7ff27b7a8870>,30,26,[6 4],31,61,87,30,58
1,<environment.Job instance at 0x7ff27b7a89b0>,37,21,[9 4],38,79,100,41,79
1,<environment.Job instance at 0x7ff27b7ab2d0>,43,1,[7 3],44,100,101,56,81
1,<environment.Job instance at 0x7ff27b7ab730>,47,3,[ 1 10],48,99,102,51,99
1,<environment.Job instance at 0x7ff27b7ab6e0>,48,2,[5 7],49,102,104,53,99
1,<environment.Job instance at 0x7ff27b7abaa0>,51,14,[10  1],52,115,129,63,115
1,<environment.Job instance at 0x7ff27b7abbe0>,53,3,[6 3],54,129,132,75,115
1,<environment.Job instance at 0x7ff27b7abc80>,54,2,[10  4],55,132,134,77,115
1,<environment.Job instance at 0x7ff27b7abd20>,55,3,[1 9],56,115,118,59,115
1,<environment.Job instance at 0x7ff27b7abdc0>,56,2,[5 2],57,118,120,61,115
1,<environment.Job instance at 0x7ff27b7abe60>,57,3,[1 6],58,120,123,62,115
1,<environment.Job instance at 0x7ff27b7abeb0>,59,2,[6 1],60,129,131,69,124
1,<environment.Job instance at 0x7ff27b7abfa0>,60,2,[6 1],61,134,136,73,124
1,<environment.Job instance at 0x7ff27b7ad190>,61,3,[7 4],62,134,137,72,124
1,<environment.Job instance at 0x7ff27b7ad230>,62,18,[3 7],63,136,154,73,128
1,<environment.Job instance at 0x7ff27b7ad500>,64,1,[13  5],65,154,155,89,136
1,<environment.Job instance at 0x7ff27b7ad550>,65,13,[9 1],66,137,150,71,136
1,<environment.Job instance at 0x7ff27b7ad5f0>,66,1,[5 7],67,150,151,83,136
1,<environment.Job instance at 0x7ff27b7ad050>,69,3,[ 3 10],70,155,158,85,144
1,<environment.Job instance at 0x7ff27b7ad870>,70,25,[5 3],71,155,180,84,151
1,<environment.Job instance at 0x7ff27b7ad410>,72,2,[3 7],73,158,160,85,158
1,<environment.Job instance at 0x7ff27b7ad820>,71,16,[11  2],72,180,196,108,168
1,<environment.Job instance at 0x7ff27b7ad9b0>,75,2,[8 1],76,168,170,92,168
1,<environment.Job instance at 0x7ff27b7adaf0>,77,1,[ 4 10],78,170,171,92,168
1,<environment.Job instance at 0x7ff27b7adf00>,79,28,[3 9],80,175,203,95,175
1,<environment.Job instance at 0x7ff27b7adfa0>,81,2,[2 9],82,203,205,121,176
1,<environment.Job instance at 0x7ff27b7be0f0>,82,23,[3 7],83,205,228,122,199
1,<environment.Job instance at 0x7ff27b7be3c0>,86,3,[ 5 14],87,228,231,141,202
1,<environment.Job instance at 0x7ff27be8cb90>,10,13,[12  1],11,209,222,198,209
1,<environment.Job instance at 0x7ff27b7c6c80>,1,2,[ 5 11],2,2,4,0,2
1,<environment.Job instance at 0x7ff27c05e5f0>,4,1,[6 1],5,5,6,0,5
1,<environment.Job instance at 0x7ff27c05ef50>,9,13,[ 4 14],10,10,23,0,10
1,<environment.Job instance at 0x7ff27c05e780>,10,2,[8 2],11,23,25,12,11
1,<environment.Job instance at 0x7ff27b66ea00>,15,3,[10  5],16,25,28,9,18
1,<environment.Job instance at 0x7ff27b66eaf0>,16,16,[13  1],17,28,44,11,18
1,<environment.Job instance at 0x7ff27b926500>,7,3,[9 4],8,44,47,36,21
1,<environment.Job instance at 0x7ff27b66e410>,20,13,[1 5],21,28,41,7,28
1,<environment.Job instance at 0x7ff237a82960>,24,1,[4 8],25,44,45,19,37
1,<environment.Job instance at 0x7ff237a82280>,26,27,[2 9],27,45,72,18,43
1,<environment.Job instance at 0x7ff237a82050>,27,15,[2 6],28,47,62,19,43
1,<environment.Job instance at 0x7ff237a82320>,29,18,[10  2],30,62,80,32,54
1,<environment.Job instance at 0x7ff237a82fa0>,22,14,[3 7],23,72,86,49,62
1,<environment.Job instance at 0x7ff27c05e0a0>,12,15,[5 1],13,80,95,67,67
1,<environment.Job instance at 0x7ff27b66e550>,19,3,[6 2],20,80,83,60,70
1,<environment.Job instance at 0x7ff237a82230>,35,3,[ 1 13],36,86,89,50,70
1,<environment.Job instance at 0x7ff237a827d0>,36,2,[14  2],37,95,97,58,73
1,<environment.Job instance at 0x7ff27b7f6fa0>,39,2,[10  2],40,89,91,49,78
1,<environment.Job instance at 0x7ff237b61780>,40,2,[14  4],41,97,99,56,81
1,<environment.Job instance at 0x7ff27b7f60a0>,37,15,[ 5 12],38,99,114,61,89
1,<environment.Job instance at 0x7ff237cf0370>,43,1,[1 7],44,91,92,47,89
1,<environment.Job instance at 0x7ff237a82460>,33,14,[14  4],34,114,128,80,99
1,<environment.Job instance at 0x7ff237cf0320>,51,14,[ 2 12],52,128,142,76,115
1,<environment.Job instance at 0x7ff237cf0dc0>,48,16,[13  2],49,128,144,79,117
1,<environment.Job instance at 0x7ff27c22e230>,55,18,[5 6],56,144,162,88,134
1,<environment.Job instance at 0x7ff27c22e0f0>,59,1,[7 1],60,144,145,84,141
1,<environment.Job instance at 0x7ff27c22ef00>,60,3,[5 1],61,145,148,84,141
1,<environment.Job instance at 0x7ff27c22e960>,61,2,[3 8],62,144,146,82,141
1,<environment.Job instance at 0x7ff27c22eaf0>,53,26,[7 1],54,148,174,94,145
1,<environment.Job instance at 0x7ff237ad0fa0>,65,3,[6 4],66,162,165,96,152
1,<environment.Job instance at 0x7ff2381ba410>,67,3,[1 8],68,154,157,86,154
1,<environment.Job instance at 0x7ff2381bac30>,68,3,[3 6],69,157,160,88,154
1,<environment.Job instance at 0x7ff237ad06e0>,64,15,[2 7],65,160,175,95,155
1,<environment.Job instance at 0x7ff2381ba320>,71,3,[10  1],72,174,177,102,166
1,<environment.Job instance at 0x7ff2381ba370>,72,18,[1 9],73,175,193,102,166
1,<environment.Job instance at 0x7ff2381ba7d0>,73,2,[2 6],74,166,168,92,166
1,<environment.Job instance at 0x7ff2381ba3c0>,74,18,[7 1],75,177,195,102,166
1,<environment.Job instance at 0x7ff2381baa00>,75,1,[7 3],76,177,178,101,166
1,<environment.Job instance at 0x7ff237b5ba00>,76,3,[5 5],77,168,171,91,166
1,<environment.Job instance at 0x7ff2381babe0>,77,2,[3 7],78,171,173,93,166
1,<environment.Job instance at 0x7ff237c9e0f0>,79,25,[3 6],80,193,218,113,189
1,<environment.Job instance at 0x7ff237c9eeb0>,82,3,[2 8],83,194,197,111,194
1,<environment.Job instance at 0x7ff237cf0140>,44,16,[11  4],45,199,215,154,199
1,<environment.Job instance at 0x7ff2381ba1e0>,70,12,[4 6],71,215,227,144,201
1,<environment.Job instance at 0x7ff27bb85a50>,83,17,[13  5],84,227,244,143,215
1,<environment.Job instance at 0x7ff27b926af0>,0,20,[ 4 10],1,1,21,0,1
1,<environment.Job instance at 0x7ff282bce230>,4,2,[1 9],5,21,23,16,5
1,<environment.Job instance at 0x7ff237eb3f00>,6,24,[4 5],7,7,31,0,7
1,<environment.Job instance at 0x7ff237eb3370>,7,24,[4 8],8,23,47,15,18
1,<environment.Job instance at 0x7ff27b96fe60>,21,2,[ 2 10],22,47,49,25,35
1,<environment.Job instance at 0x7ff27b96f960>,22,23,[6 2],23,36,59,13,36
1,<environment.Job instance at 0x7ff27b96fb40>,24,3,[ 1 12],25,49,52,24,36
1,<environment.Job instance at 0x7ff237edd280>,25,14,[12  1],26,59,73,33,44
1,<environment.Job instance at 0x7ff237edde10>,29,3,[4 5],30,52,55,22,46
1,<environment.Job instance at 0x7ff237eddf00>,30,2,[1 5],31,52,54,21,46
1,<environment.Job instance at 0x7ff237eddb40>,33,1,[11  3],34,73,74,39,49
1,<environment.Job instance at 0x7ff237edd3c0>,35,28,[ 4 12],36,73,101,37,72
1,<environment.Job instance at 0x7ff237eddeb0>,39,1,[ 4 13],40,101,102,61,74
1,<environment.Job instance at 0x7ff237ede8c0>,42,2,[3 5],43,102,104,59,86
1,<environment.Job instance at 0x7ff237edefa0>,43,14,[ 2 11],44,104,118,60,89
1,<environment.Job instance at 0x7ff237edeeb0>,47,2,[6 5],48,118,120,70,108
1,<environment.Job instance at 0x7ff237edea00>,48,18,[10  1],49,120,138,71,109
1,<environment.Job instance at 0x7ff237edd140>,26,17,[1 6],27,118,135,91,109
1,<environment.Job instance at 0x7ff27c22e780>,57,3,[7 5],58,138,141,80,136
1,<environment.Job instance at 0x7ff27c22ea00>,58,1,[5 6],59,136,137,77,136
1,<environment.Job instance at 0x7ff27c22ec80>,59,1,[3 8],60,137,138,77,136
1,<environment.Job instance at 0x7ff27c22e8c0>,60,25,[6 2],61,138,163,77,136
1,<environment.Job instance at 0x7ff237dbd7d0>,62,2,[8 4],63,152,154,89,152
1,<environment.Job instance at 0x7ff237dbd5a0>,63,3,[10  2],64,163,166,99,152
1,<environment.Job instance at 0x7ff237dbdaf0>,64,1,[5 9],65,154,155,89,152
1,<environment.Job instance at 0x7ff237dbd1e0>,66,12,[9 1],67,166,178,99,155
1,<environment.Job instance at 0x7ff27b7783c0>,68,18,[10  4],69,178,196,109,168
1,<environment.Job instance at 0x7ff27c22e190>,55,24,[5 2],56,169,193,113,169
1,<environment.Job instance at 0x7ff27b778dc0>,69,13,[ 1 11],70,193,206,123,182
1,<environment.Job instance at 0x7ff27b7784b0>,73,3,[ 4 11],74,206,209,132,184
1,<environment.Job instance at 0x7ff27b778b40>,72,1,[1 7],73,209,210,136,184
1,<environment.Job instance at 0x7ff27b778410>,75,19,[2 8],76,209,228,133,199
1,<environment.Job instance at 0x7ff237a0b050>,77,1,[10  1],78,199,200,121,199
1,<environment.Job instance at 0x7ff237a0bd70>,80,2,[10  4],81,200,202,119,199
1,<environment.Job instance at 0x7ff237a0b9b0>,84,1,[2 9],85,228,229,143,207
1,<environment.Job instance at 0x7ff27b68b5a0>,85,18,[4 6],86,210,228,124,207
1,<environment.Job instance at 0x7ff27c5a8050>,2,3,[5 8],3,3,6,0,3
1,<environment.Job instance at 0x7ff237dbf780>,4,2,[3 9],5,6,8,1,5
1,<environment.Job instance at 0x7ff27b7a8e10>,5,1,[1 7],6,8,9,2,6
1,<environment.Job instance at 0x7ff27c3e8e10>,6,2,[5 3],7,7,9,0,7
1,<environment.Job instance at 0x7ff27b926a50>,7,1,[4 7],8,9,10,1,8
1,<environment.Job instance at 0x7ff27c263460>,9,2,[4 8],10,10,12,0,10
1,<environment.Job instance at 0x7ff27c05e190>,10,2,[13  2],11,12,14,1,11
1,<environment.Job instance at 0x7ff237ad0410>,12,18,[4 8],13,14,32,1,14
1,<environment.Job instance at 0x7ff27c09b960>,14,1,[12  5],15,32,33,17,15
1,<environment.Job instance at 0x7ff27bab2a50>,15,3,[3 9],16,32,35,16,16
1,<environment.Job instance at 0x7ff27bab2910>,17,26,[ 3 10],18,35,61,17,32
1,<environment.Job instance at 0x7ff27c26f960>,21,3,[12  2],22,33,36,11,33
1,<environment.Job instance at 0x7ff27c274190>,32,1,[7 4],33,42,43,9,42
1,<environment.Job instance at 0x7ff27c279910>,37,3,[6 5],38,57,60,19,57
1,<environment.Job instance at 0x7ff27b6a2d20>,38,1,[2 8],39,61,62,22,57
1,<environment.Job instance at 0x7ff27c279c80>,39,2,[6 3],40,60,62,20,57
1,<environment.Job instance at 0x7ff2378dd0a0>,41,1,[5 3],42,61,62,19,58
1,<environment.Job instance at 0x7ff238250370>,43,3,[7 1],44,74,77,30,74
1,<environment.Job instance at 0x7ff2382645a0>,44,12,[7 1],45,74,86,29,74
1,<environment.Job instance at 0x7ff238264a00>,45,3,[ 1 10],46,74,77,28,74
1,<environment.Job instance at 0x7ff27c3f6730>,46,1,[11  3],47,86,87,39,74
1,<environment.Job instance at 0x7ff27c3d3a00>,47,1,[8 4],48,77,78,29,74
1,<environment.Job instance at 0x7ff27c3f7820>,49,2,[3 9],50,78,80,28,74
1,<environment.Job instance at 0x7ff27bab2230>,18,12,[10  4],19,87,99,68,82
1,<environment.Job instance at 0x7ff27c2745a0>,34,3,[14  3],35,99,102,64,82
1,<environment.Job instance at 0x7ff23824b960>,53,14,[14  1],54,102,116,48,87
1,<environment.Job instance at 0x7ff27be8ae60>,61,3,[6 5],62,116,119,54,116
1,<environment.Job instance at 0x7ff27b6aff00>,62,17,[ 5 14],63,119,136,56,116
1,<environment.Job instance at 0x7ff27b9ab410>,63,3,[4 7],64,116,119,52,116
1,<environment.Job instance at 0x7ff27b9abf50>,64,13,[10  1],65,119,132,54,116
1,<environment.Job instance at 0x7ff27b9abdc0>,65,3,[8 5],66,136,139,70,116
1,<environment.Job instance at 0x7ff237dd1050>,68,3,[4 7],69,136,139,67,129
1,<environment.Job instance at 0x7ff27c3bbe10>,69,3,[4 8],70,139,142,69,129
1,<environment.Job instance at 0x7ff27c3bb3c0>,73,15,[ 2 12],74,142,157,68,133
1,<environment.Job instance at 0x7ff237b1d410>,77,2,[9 2],78,147,149,69,147
1,<environment.Job instance at 0x7ff237b1d050>,78,2,[13  1],79,149,151,70,147
1,<environment.Job instance at 0x7ff237b1db90>,81,26,[7 2],82,156,182,74,156
1,<environment.Job instance at 0x7ff237b1daf0>,83,3,[8 2],84,164,167,80,164
1,<environment.Job instance at 0x7ff237b1dbe0>,84,18,[4 8],85,167,185,82,167
1,<environment.Job instance at 0x7ff237b1d960>,86,12,[5 3],87,182,194,95,168
1,<environment.Job instance at 0x7ff237c2c500>,13,15,[ 2 10],14,185,200,171,174
1,<environment.Job instance at 0x7ff237b3c0f0>,90,2,[8 1],91,185,187,94,179
1,<environment.Job instance at 0x7ff237b3c1e0>,93,3,[ 1 14],94,200,203,106,185
1,<environment.Job instance at 0x7ff237b3c640>,94,1,[ 2 10],95,203,204,108,185
1,<environment.Job instance at 0x7ff237b3c6e0>,95,3,[8 5],96,194,197,98,185
1,<environment.Job instance at 0x7ff237b3cfa0>,96,1,[ 3 13],97,204,205,107,185
1,<environment.Job instance at 0x7ff237b3cf50>,97,22,[2 9],98,205,227,107,198
1,<environment.Job instance at 0x7ff237b3c5f0>,92,14,[5 2],93,203,217,110,198
1,<environment.Job instance at 0x7ff2380c26e0>,2,1,[1 5],3,3,4,0,3
1,<environment.Job instance at 0x7ff237eb31e0>,4,2,[3 6],5,5,7,0,5
1,<environment.Job instance at 0x7ff2382220f0>,11,2,[6 3],12,12,14,0,12
1,<environment.Job instance at 0x7ff27b7ee1e0>,12,2,[2 8],13,13,15,0,13
1,<environment.Job instance at 0x7ff27c2f3230>,15,2,[8 1],16,16,18,0,16
1,<environment.Job instance at 0x7ff27c34b820>,16,1,[ 3 11],17,17,18,0,17
1,<environment.Job instance at 0x7ff27c2f3500>,18,1,[3 6],19,22,23,3,22
1,<environment.Job instance at 0x7ff27c34b050>,19,1,[9 1],20,22,23,2,22
1,<environment.Job instance at 0x7ff282e32320>,20,12,[9 4],21,27,39,6,27
1,<environment.Job instance at 0x7ff27c34b2d0>,21,23,[1 8],22,27,50,5,27
1,<environment.Job instance at 0x7ff238240fa0>,25,15,[ 1 10],26,50,65,24,39
1,<environment.Job instance at 0x7ff27b7ee5f0>,9,2,[2 6],10,39,41,29,39
1,<environment.Job instance at 0x7ff238240820>,26,13,[ 5 11],27,65,78,38,49
1,<environment.Job instance at 0x7ff27b9cac30>,28,1,[10  1],29,49,50,20,49
1,<environment.Job instance at 0x7ff27c1c6dc0>,34,2,[1 5],35,58,60,23,58
1,<environment.Job instance at 0x7ff27c1c6f50>,35,3,[9 4],36,60,63,24,58
1,<environment.Job instance at 0x7ff27c1c60a0>,36,25,[8 1],37,63,88,26,59
1,<environment.Job instance at 0x7ff27b9ca230>,27,1,[7 5],28,78,79,50,64
1,<environment.Job instance at 0x7ff27bca7c30>,39,3,[7 4],40,79,82,39,68
1,<environment.Job instance at 0x7ff237a22730>,40,2,[3 9],41,82,84,41,72
1,<environment.Job instance at 0x7ff237a220f0>,37,18,[ 1 10],38,84,102,46,82
1,<environment.Job instance at 0x7ff27b849a50>,44,28,[7 4],45,88,116,43,87
1,<environment.Job instance at 0x7ff27b849960>,48,2,[7 1],49,88,90,39,87
1,<environment.Job instance at 0x7ff27b8495f0>,52,3,[8 4],53,104,107,51,104
1,<environment.Job instance at 0x7ff27b849320>,54,19,[1 8],55,107,126,52,104
1,<environment.Job instance at 0x7ff27b76e8c0>,55,3,[9 3],56,116,119,60,104
1,<environment.Job instance at 0x7ff27bca7730>,41,3,[4 5],42,119,122,77,110
1,<environment.Job instance at 0x7ff27b76e870>,57,3,[6 1],58,110,113,52,110
1,<environment.Job instance at 0x7ff27b76ea50>,59,3,[5 3],60,113,116,53,111
1,<environment.Job instance at 0x7ff27b76efa0>,61,3,[10  1],62,119,122,57,118
1,<environment.Job instance at 0x7ff27b76ee10>,63,20,[4 5],64,122,142,58,119
1,<environment.Job instance at 0x7ff27bd52910>,65,20,[5 5],66,126,146,60,119
1,<environment.Job instance at 0x7ff27bd52e10>,67,13,[14  1],68,146,159,78,137
1,<environment.Job instance at 0x7ff237a9b320>,74,2,[5 2],75,159,161,84,152
1,<environment.Job instance at 0x7ff27b67d4b0>,75,3,[5 2],76,159,162,83,152
1,<environment.Job instance at 0x7ff27b67d730>,76,2,[14  1],77,162,164,85,152
1,<environment.Job instance at 0x7ff27b67d640>,77,2,[5 5],78,159,161,81,152
1,<environment.Job instance at 0x7ff27b67dcd0>,80,3,[7 3],81,167,170,86,167
1,<environment.Job instance at 0x7ff27b67d820>,81,25,[1 6],82,167,192,85,167
1,<environment.Job instance at 0x7ff23826f050>,82,12,[12  2],83,170,182,87,167
1,<environment.Job instance at 0x7ff23826f140>,83,26,[10  4],84,182,208,98,179
1,<environment.Job instance at 0x7ff238179550>,88,2,[3 8],89,192,194,103,183
1,<environment.Job instance at 0x7ff27bae0230>,85,24,[4 7],86,196,220,110,196
1,<environment.Job instance at 0x7ff237c8d780>,13,2,[1 7],14,23,25,9,23
1,<environment.Job instance at 0x7ff237906960>,15,16,[3 8],16,24,40,8,24
1,<environment.Job instance at 0x7ff237906c30>,17,3,[8 3],18,37,40,19,37
1,<environment.Job instance at 0x7ff237906be0>,18,2,[1 7],19,40,42,21,37
1,<environment.Job instance at 0x7ff237906d20>,21,1,[3 9],22,42,43,20,37
1,<environment.Job instance at 0x7ff2379065f0>,22,13,[13  5],23,43,56,20,37
1,<environment.Job instance at 0x7ff237dae640>,26,1,[3 9],27,56,57,29,49
1,<environment.Job instance at 0x7ff237daef50>,28,21,[2 5],29,54,75,25,54
1,<environment.Job instance at 0x7ff237dae5f0>,29,23,[5 7],30,57,80,27,54
1,<environment.Job instance at 0x7ff237daeaf0>,32,2,[5 3],33,69,71,36,69
1,<environment.Job instance at 0x7ff237dae0f0>,33,25,[ 1 10],34,80,105,46,76
1,<environment.Job instance at 0x7ff237daef00>,35,2,[5 2],36,76,78,40,76
1,<environment.Job instance at 0x7ff237dae190>,36,12,[14  2],37,80,92,43,76
1,<environment.Job instance at 0x7ff237dae500>,37,19,[ 2 10],38,105,124,67,95
1,<environment.Job instance at 0x7ff237dae550>,38,1,[ 5 14],39,124,125,85,96
1,<environment.Job instance at 0x7ff27bcc0460>,39,1,[5 1],40,96,97,56,96
1,<environment.Job instance at 0x7ff27bcc0f50>,40,1,[2 9],41,125,126,84,97
1,<environment.Job instance at 0x7ff27bcc0d70>,45,2,[5 7],46,126,128,80,101
1,<environment.Job instance at 0x7ff27bcc0e10>,47,3,[10  5],48,103,106,55,103
1,<environment.Job instance at 0x7ff27bcc0d20>,50,12,[ 1 13],51,128,140,77,119
1,<environment.Job instance at 0x7ff27bcc0a50>,52,2,[4 5],53,140,142,87,130
1,<environment.Job instance at 0x7ff23789e0f0>,54,2,[8 4],55,143,145,88,143
1,<environment.Job instance at 0x7ff23789e190>,55,2,[11  4],56,145,147,89,143
1,<environment.Job instance at 0x7ff23789e1e0>,56,1,[6 4],57,143,144,86,143
1,<environment.Job instance at 0x7ff23789e6e0>,58,2,[6 3],59,147,149,88,143
1,<environment.Job instance at 0x7ff23789e230>,59,21,[7 2],60,147,168,87,143
1,<environment.Job instance at 0x7ff23789ec80>,61,3,[ 1 10],62,144,147,82,143
1,<environment.Job instance at 0x7ff23789e820>,64,14,[ 1 12],65,170,184,105,170
1,<environment.Job instance at 0x7ff23789ea50>,65,2,[8 4],66,184,186,118,170
1,<environment.Job instance at 0x7ff23789ef50>,66,23,[ 5 12],67,186,209,119,180
1,<environment.Job instance at 0x7ff23789ec30>,68,2,[6 1],69,181,183,112,181
1,<environment.Job instance at 0x7ff27b778050>,4,15,[10  1],5,187,202,182,187
1,<environment.Job instance at 0x7ff23789e550>,67,21,[10  4],68,209,230,141,201
1,<environment.Job instance at 0x7ff23789e2d0>,71,21,[1 7],72,209,230,137,201
1,<environment.Job instance at 0x7ff23789ecd0>,72,1,[ 4 11],73,230,231,157,205
1,<environment.Job instance at 0x7ff27b76e190>,0,1,[10  3],1,2,3,1,2
1,<environment.Job instance at 0x7ff27b76eaa0>,3,2,[2 7],4,4,6,0,4
1,<environment.Job instance at 0x7ff2378aaaf0>,4,1,[1 7],5,5,6,0,5
1,<environment.Job instance at 0x7ff238179230>,5,3,[3 6],6,6,9,0,6
1,<environment.Job instance at 0x7ff27bcc24b0>,6,18,[4 9],7,7,25,0,7
1,<environment.Job instance at 0x7ff27b8321e0>,11,3,[5 2],12,12,15,0,12
1,<environment.Job instance at 0x7ff27b83baf0>,15,1,[3 8],16,29,30,13,29
1,<environment.Job instance at 0x7ff2380dd1e0>,22,2,[6 4],23,32,34,9,32
1,<environment.Job instance at 0x7ff2380ddb40>,23,1,[5 3],24,32,33,8,32
1,<environment.Job instance at 0x7ff2380f7230>,25,1,[5 1],26,33,34,7,32
1,<environment.Job instance at 0x7ff2380f7c80>,28,3,[6 1],29,55,58,26,55
1,<environment.Job instance at 0x7ff2380f7d20>,30,1,[9 3],31,55,56,24,55
1,<environment.Job instance at 0x7ff27b76e280>,1,17,[7 1],2,56,73,54,56
1,<environment.Job instance at 0x7ff2380a8e10>,35,18,[4 9],36,64,82,28,64
1,<environment.Job instance at 0x7ff2380a8e60>,37,1,[8 1],38,73,74,35,64
1,<environment.Job instance at 0x7ff238081050>,39,3,[9 5],40,74,77,34,65
1,<environment.Job instance at 0x7ff237beafa0>,40,2,[8 4],41,77,79,36,65
1,<environment.Job instance at 0x7ff27c0afbe0>,41,1,[3 9],42,82,83,40,65
1,<environment.Job instance at 0x7ff27c0017d0>,42,1,[2 9],43,83,84,40,65
1,<environment.Job instance at 0x7ff27bb46820>,45,16,[10  1],46,79,95,33,73
1,<environment.Job instance at 0x7ff238099910>,46,21,[10  4],47,95,116,48,87
1,<environment.Job instance at 0x7ff238099dc0>,47,14,[ 3 12],48,116,130,68,103
1,<environment.Job instance at 0x7ff2379f70a0>,55,23,[7 3],56,116,139,60,110
1,<environment.Job instance at 0x7ff2379f7f50>,57,20,[8 3],58,130,150,72,121
1,<environment.Job instance at 0x7ff237903c30>,59,22,[9 1],60,150,172,90,143
1,<environment.Job instance at 0x7ff27c0b8190>,62,18,[ 3 13],63,150,168,87,143
1,<environment.Job instance at 0x7ff27c0bbdc0>,70,3,[1 9],71,168,171,97,155
1,<environment.Job instance at 0x7ff27c0bbe60>,71,2,[3 5],72,168,170,96,155
1,<environment.Job instance at 0x7ff27c323550>,77,1,[1 9],78,183,184,105,183
1,<environment.Job instance at 0x7ff27c323320>,78,3,[7 1],79,183,186,104,183
1,<environment.Job instance at 0x7ff27c323730>,79,2,[10  5],80,186,188,106,183
1,<environment.Job instance at 0x7ff27c323f50>,80,1,[5 8],81,184,185,103,183
1,<environment.Job instance at 0x7ff27c323190>,82,26,[9 3],83,188,214,105,187
1,<environment.Job instance at 0x7ff2380f7140>,32,17,[3 5],33,198,215,165,198
1,<environment.Job instance at 0x7ff27c323140>,88,1,[5 9],89,214,215,125,207
1,<environment.Job instance at 0x7ff27c323870>,86,3,[12  4],87,215,218,128,208
1,<environment.Job instance at 0x7ff27bcc0050>,7,20,[5 3],8,8,28,0,8
1,<environment.Job instance at 0x7ff237daef50>,8,3,[9 1],9,9,12,0,9
1,<environment.Job instance at 0x7ff27c5dad20>,12,3,[3 8],13,13,16,0,13
1,<environment.Job instance at 0x7ff27beb3370>,13,16,[1 9],14,16,32,2,15
1,<environment.Job instance at 0x7ff282a40550>,14,1,[4 6],15,28,29,13,15
1,<environment.Job instance at 0x7ff27c5da7d0>,16,17,[13  4],17,29,46,12,19
1,<environment.Job instance at 0x7ff237dc3960>,17,3,[5 6],18,46,49,28,20
1,<environment.Job instance at 0x7ff2378bf1e0>,19,17,[ 1 11],20,49,66,29,37
1,<environment.Job instance at 0x7ff237dc3eb0>,21,13,[8 2],22,46,59,24,40
1,<environment.Job instance at 0x7ff238103f00>,23,1,[6 3],24,59,60,35,40
1,<environment.Job instance at 0x7ff27bc78690>,24,17,[12  2],25,60,77,35,48
1,<environment.Job instance at 0x7ff27bb86c30>,27,3,[6 1],28,51,54,23,51
1,<environment.Job instance at 0x7ff2381033c0>,28,1,[1 6],29,66,67,37,51
1,<environment.Job instance at 0x7ff237ee8c80>,29,13,[ 1 10],30,67,80,37,57
1,<environment.Job instance at 0x7ff237ee8dc0>,30,1,[9 2],31,77,78,46,57
1,<environment.Job instance at 0x7ff27b650be0>,32,1,[ 1 11],33,80,81,47,58
1,<environment.Job instance at 0x7ff27b6505a0>,33,3,[9 3],34,78,81,44,58
1,<environment.Job instance at 0x7ff27b650fa0>,34,12,[ 3 12],35,81,93,46,64
1,<environment.Job instance at 0x7ff237d502d0>,35,17,[14  3],36,93,110,57,81
1,<environment.Job instance at 0x7ff27c2eba50>,40,2,[1 7],41,93,95,52,81
1,<environment.Job instance at 0x7ff27c347230>,42,24,[7 2],43,110,134,67,105
1,<environment.Job instance at 0x7ff27b944410>,44,27,[5 1],45,110,137,65,108
1,<environment.Job instance at 0x7ff27b944dc0>,45,1,[ 5 12],46,134,135,88,108
1,<environment.Job instance at 0x7ff27b944fa0>,47,2,[7 5],48,135,137,87,110
1,<environment.Job instance at 0x7ff27b944d70>,48,3,[13  2],49,137,140,88,111
1,<environment.Job instance at 0x7ff27b944aa0>,50,1,[9 5],51,140,141,89,112
1,<environment.Job instance at 0x7ff27b944320>,52,2,[7 3],53,141,143,88,114
1,<environment.Job instance at 0x7ff23809caf0>,53,2,[8 4],54,141,143,87,115
1,<environment.Job instance at 0x7ff27b8a9280>,5,12,[1 8],6,118,130,112,118
1,<environment.Job instance at 0x7ff23809c0a0>,58,3,[7 1],59,143,146,84,136
1,<environment.Job instance at 0x7ff23809cd20>,60,3,[13  5],61,146,149,85,141
1,<environment.Job instance at 0x7ff23809cc80>,61,3,[6 4],62,143,146,81,141
1,<environment.Job instance at 0x7ff23784bb40>,64,1,[8 2],65,157,158,92,157
1,<environment.Job instance at 0x7ff27bf8c7d0>,65,3,[14  3],66,158,161,92,157
1,<environment.Job instance at 0x7ff23784bdc0>,67,18,[2 8],68,161,179,93,157
1,<environment.Job instance at 0x7ff23784b280>,68,3,[ 2 10],69,179,182,110,157
1,<environment.Job instance at 0x7ff23784ba00>,69,1,[8 3],70,161,162,91,157
1,<environment.Job instance at 0x7ff27c3d7460>,70,3,[8 1],71,162,165,91,157
1,<environment.Job instance at 0x7ff27c3d7320>,73,12,[10  2],74,173,185,99,173
1,<environment.Job instance at 0x7ff27c3d7230>,74,1,[10  2],75,185,186,110,173
1,<environment.Job instance at 0x7ff27c3d7690>,75,27,[1 5],76,182,209,106,180
1,<environment.Job instance at 0x7ff27bce1f50>,4,14,[ 4 10],5,186,200,181,181
1,<environment.Job instance at 0x7ff237e5c410>,78,1,[4 7],79,184,185,105,184
1,<environment.Job instance at 0x7ff237e5c6e0>,79,3,[13  3],80,200,203,120,186
1,<environment.Job instance at 0x7ff27b83b190>,80,15,[8 4],81,203,218,122,191
1,<environment.Job instance at 0x7ff27b83b140>,81,18,[7 3],82,209,227,127,198
1,<environment.Job instance at 0x7ff237913c80>,1,2,[4 5],2,3,5,1,3
1,<environment.Job instance at 0x7ff237e4c870>,3,2,[2 8],4,4,6,0,4
1,<environment.Job instance at 0x7ff27b926690>,4,3,[5 3],5,5,8,0,5
1,<environment.Job instance at 0x7ff27b67d910>,5,1,[4 8],6,6,7,0,6
1,<environment.Job instance at 0x7ff27bd590f0>,6,23,[ 1 13],7,8,31,1,7
1,<environment.Job instance at 0x7ff27bd59dc0>,7,2,[ 2 11],8,31,33,23,8
1,<environment.Job instance at 0x7ff27bd596e0>,13,1,[5 5],14,33,34,19,14
1,<environment.Job instance at 0x7ff27bbf11e0>,14,24,[7 3],15,31,55,16,26
1,<environment.Job instance at 0x7ff27bbf1e10>,19,1,[ 4 10],20,34,35,14,26
1,<environment.Job instance at 0x7ff27bbf1230>,24,19,[ 5 12],25,41,60,16,41
1,<environment.Job instance at 0x7ff27bbf1a50>,25,27,[2 8],26,60,87,34,58
1,<environment.Job instance at 0x7ff27bbf1460>,26,2,[3 7],27,60,62,33,58
1,<environment.Job instance at 0x7ff237918f50>,28,1,[9 4],29,62,63,33,58
1,<environment.Job instance at 0x7ff2379186e0>,29,1,[ 4 13],30,87,88,57,59
1,<environment.Job instance at 0x7ff237918960>,31,1,[10  1],32,59,60,27,59
1,<environment.Job instance at 0x7ff237918e60>,32,24,[5 7],33,88,112,55,83
1,<environment.Job instance at 0x7ff237918690>,39,23,[6 1],40,84,107,44,84
1,<environment.Job instance at 0x7ff27c550500>,45,12,[5 1],46,107,119,61,107
1,<environment.Job instance at 0x7ff27c550370>,46,23,[ 2 10],47,112,135,65,107
1,<environment.Job instance at 0x7ff27c5500f0>,48,3,[10  5],49,119,122,70,111
1,<environment.Job instance at 0x7ff27c550050>,50,15,[ 1 11],51,135,150,84,122
1,<environment.Job instance at 0x7ff27c550960>,51,2,[11  4],52,131,133,79,131
1,<environment.Job instance at 0x7ff27c5508c0>,52,3,[14  5],53,150,153,97,135
1,<environment.Job instance at 0x7ff238000aa0>,60,2,[3 9],61,153,155,92,144
1,<environment.Job instance at 0x7ff238000550>,61,1,[6 4],62,144,145,82,144
1,<environment.Job instance at 0x7ff238000190>,63,3,[7 5],64,158,161,94,158
1,<environment.Job instance at 0x7ff2380009b0>,64,12,[2 9],65,158,170,93,158
1,<environment.Job instance at 0x7ff238000a00>,67,3,[1 5],68,161,164,93,158
1,<environment.Job instance at 0x7ff2380001e0>,71,2,[ 1 10],72,176,178,104,176
1,<environment.Job instance at 0x7ff237dcfdc0>,12,17,[4 9],13,178,195,165,178
1,<environment.Job instance at 0x7ff237918af0>,40,1,[11  4],41,179,180,138,179
1,<environment.Job instance at 0x7ff27ba5cf00>,74,1,[6 3],75,180,181,105,179
1,<environment.Job instance at 0x7ff27ba5ce10>,75,15,[10  4],76,181,196,105,179
1,<environment.Job instance at 0x7ff27ba5c230>,80,1,[7 3],81,196,197,115,186
1,<environment.Job instance at 0x7ff27ba5c1e0>,83,3,[8 1],84,201,204,117,201
1,<environment.Job instance at 0x7ff27ba5c2d0>,85,3,[4 7],86,201,204,115,201
1,<environment.Job instance at 0x7ff27ba5cf50>,86,3,[ 4 11],87,204,207,117,201
1,<environment.Job instance at 0x7ff27ba5ca00>,87,14,[6 1],88,209,223,121,209
1,<environment.Job instance at 0x7ff27ba5c4b0>,89,20,[3 9],90,209,229,119,209
1,<environment.Job instance at 0x7ff237e4c460>,2,3,[1 9],3,3,6,0,3
1,<environment.Job instance at 0x7ff27ba5c4b0>,3,1,[6 2],4,4,5,0,4
1,<environment.Job instance at 0x7ff237e4ce60>,4,2,[1 8],5,6,8,1,5
1,<environment.Job instance at 0x7ff27b9264b0>,5,1,[ 4 14],6,8,9,2,6
1,<environment.Job instance at 0x7ff23822d820>,6,3,[6 5],7,9,12,2,7
1,<environment.Job instance at 0x7ff23822dd20>,7,3,[1 9],8,9,12,1,8
1,<environment.Job instance at 0x7ff23822d0a0>,8,2,[2 7],9,12,14,3,9
1,<environment.Job instance at 0x7ff23822d2d0>,9,2,[5 3],10,12,14,2,10
1,<environment.Job instance at 0x7ff23822d050>,10,1,[3 7],11,14,15,3,11
1,<environment.Job instance at 0x7ff23782e870>,13,2,[2 7],14,14,16,0,14
1,<environment.Job instance at 0x7ff23782efa0>,15,2,[10  4],16,16,18,0,16
1,<environment.Job instance at 0x7ff27b7c5a50>,19,22,[14  5],20,26,48,6,26
1,<environment.Job instance at 0x7ff27b6310f0>,17,1,[10  4],18,48,49,30,28
1,<environment.Job instance at 0x7ff27b6315a0>,18,1,[2 9],19,48,49,29,31
1,<environment.Job instance at 0x7ff2380a8d70>,16,14,[ 5 11],17,49,63,32,40
1,<environment.Job instance at 0x7ff27b699550>,27,1,[10  4],28,49,50,21,40
1,<environment.Job instance at 0x7ff23824b190>,28,22,[10  4],29,50,72,21,43
1,<environment.Job instance at 0x7ff23824b0a0>,35,3,[10  1],36,72,75,36,59
1,<environment.Job instance at 0x7ff23824b500>,36,1,[7 5],37,75,76,38,59
1,<environment.Job instance at 0x7ff23824bfa0>,37,25,[6 5],38,75,100,37,71
1,<environment.Job instance at 0x7ff27c0a4500>,39,1,[9 5],40,76,77,36,71
1,<environment.Job instance at 0x7ff27bb10410>,42,2,[5 3],43,77,79,34,74
1,<environment.Job instance at 0x7ff27bb100a0>,43,13,[ 4 10],44,83,96,39,83
1,<environment.Job instance at 0x7ff27bb10050>,44,15,[10  3],45,100,115,55,88
1,<environment.Job instance at 0x7ff27bb107d0>,49,13,[ 3 12],50,100,113,50,97
1,<environment.Job instance at 0x7ff27bb10eb0>,50,3,[5 1],51,97,100,46,97
1,<environment.Job instance at 0x7ff27bb0c4b0>,53,2,[1 5],54,97,99,43,97
1,<environment.Job instance at 0x7ff27bb0c3c0>,54,3,[7 2],55,115,118,60,97
1,<environment.Job instance at 0x7ff27bb0c550>,56,1,[7 2],57,115,116,58,97
1,<environment.Job instance at 0x7ff27bb0c0a0>,58,3,[12  5],59,118,121,59,99
1,<environment.Job instance at 0x7ff27bb0c960>,59,1,[8 4],60,116,117,56,99
1,<environment.Job instance at 0x7ff27bb0c910>,63,13,[7 2],64,121,134,57,118
1,<environment.Job instance at 0x7ff27bb0c780>,64,3,[9 3],65,134,137,69,118
1,<environment.Job instance at 0x7ff27bb0cc80>,65,26,[14  3],66,137,163,71,134
1,<environment.Job instance at 0x7ff27bafb690>,68,2,[10  3],69,163,165,94,142
1,<environment.Job instance at 0x7ff27bafbcd0>,69,1,[2 6],70,163,164,93,143
1,<environment.Job instance at 0x7ff27bb0c7d0>,67,28,[6 3],68,165,193,97,164
1,<environment.Job instance at 0x7ff27bafb820>,73,13,[1 7],74,168,181,94,168
1,<environment.Job instance at 0x7ff27bafbb40>,71,19,[3 6],72,181,200,109,171
1,<environment.Job instance at 0x7ff27bafbe60>,75,2,[8 4],76,178,180,102,178
1,<environment.Job instance at 0x7ff27bafbb90>,76,2,[14  2],77,200,202,123,179
1,<environment.Job instance at 0x7ff27bafbd70>,77,3,[13  2],78,202,205,124,179
1,<environment.Job instance at 0x7ff27bafb8c0>,72,2,[1 7],73,193,195,120,179
1,<environment.Job instance at 0x7ff27bafb640>,81,19,[3 9],82,205,224,123,195
1,<environment.Job instance at 0x7ff27bafb1e0>,84,2,[9 3],85,195,197,110,195
1,<environment.Job instance at 0x7ff27bafe7d0>,89,18,[13  1],90,224,242,134,213
1,<environment.Job instance at 0x7fd54912b140>,1,15,[ 1 14],2,2,17,0,2
1,<environment.Job instance at 0x7fd541d1b2d0>,3,18,[ 3 10],4,17,35,13,6
1,<environment.Job instance at 0x7fd541d1b370>,6,12,[11  4],7,17,29,10,7
1,<environment.Job instance at 0x7fd541d1b910>,10,1,[7 3],11,29,30,18,11
1,<environment.Job instance at 0x7fd541d1ba00>,11,2,[3 9],12,35,37,23,12
1,<environment.Job instance at 0x7fd541d1baf0>,12,3,[6 3],13,30,33,17,13
1,<environment.Job instance at 0x7fd541d1bfa0>,16,12,[1 8],17,37,49,20,23
1,<environment.Job instance at 0x7fd541d1d320>,20,1,[3 7],21,37,38,16,35
1,<environment.Job instance at 0x7fd541d1d280>,21,3,[ 2 10],22,49,52,27,35
1,<environment.Job instance at 0x7fd541d1d140>,22,2,[12  3],23,35,37,12,35
1,<environment.Job instance at 0x7fd541d1d550>,23,18,[5 2],24,38,56,14,35
1,<environment.Job instance at 0x7fd541d1d5f0>,24,3,[5 9],25,52,55,27,35
1,<environment.Job instance at 0x7fd541d1d4b0>,25,3,[1 6],26,55,58,29,37
1,<environment.Job instance at 0x7fd541d1d780>,26,22,[2 9],27,56,78,29,49
1,<environment.Job instance at 0x7fd541d1d730>,27,2,[6 4],28,58,60,30,49
1,<environment.Job instance at 0x7fd541d1d7d0>,28,2,[5 9],29,78,80,49,51
1,<environment.Job instance at 0x7fd541d1d910>,30,1,[5 5],31,55,56,24,51
1,<environment.Job instance at 0x7fd541d1daf0>,33,2,[5 3],34,52,54,18,52
1,<environment.Job instance at 0x7fd541d1db90>,34,3,[9 5],35,60,63,25,52
1,<environment.Job instance at 0x7fd541d1d5a0>,35,16,[8 1],36,63,79,27,53
1,<environment.Job instance at 0x7fd541d21050>,36,2,[5 1],37,58,60,21,53
1,<environment.Job instance at 0x7fd541d21500>,39,18,[5 8],40,80,98,40,69
1,<environment.Job instance at 0x7fd541d215a0>,40,1,[1 8],41,98,99,57,70
1,<environment.Job instance at 0x7fd541d21780>,43,28,[6 4],44,79,107,35,79
1,<environment.Job instance at 0x7fd541d21820>,44,17,[ 5 12],45,107,124,62,95
1,<environment.Job instance at 0x7fd541d21a00>,47,1,[2 6],48,124,125,76,110
1,<environment.Job instance at 0x7fd541d21c30>,49,2,[1 9],50,124,126,74,110
1,<environment.Job instance at 0x7fd541d21d20>,50,27,[9 1],51,125,152,74,123
1,<environment.Job instance at 0x7fd541d23230>,52,3,[ 3 11],53,126,129,73,126
1,<environment.Job instance at 0x7fd541d234b0>,53,18,[ 4 12],54,129,147,75,126
1,<environment.Job instance at 0x7fd541d237d0>,60,24,[ 3 10],61,147,171,86,143
1,<environment.Job instance at 0x7fd541d23870>,61,2,[9 2],62,152,154,90,143
1,<environment.Job instance at 0x7fd541d23910>,62,20,[9 1],63,154,174,91,145
1,<environment.Job instance at 0x7fd541d23f00>,67,26,[5 4],68,171,197,103,168
1,<environment.Job instance at 0x7fd541d23e60>,66,3,[ 2 10],67,174,177,107,169
1,<environment.Job instance at 0x7fd541d23fa0>,68,22,[5 6],69,177,199,108,172
1,<environment.Job instance at 0x7fd541d253c0>,71,1,[8 2],72,197,198,125,172
1,<environment.Job instance at 0x7fd541d255a0>,74,1,[6 2],75,198,199,123,175
1,<environment.Job instance at 0x7fd541d25500>,73,3,[10  4],74,199,202,125,176
1,<environment.Job instance at 0x7fd541d25640>,75,3,[6 4],76,202,205,126,176
1,<environment.Job instance at 0x7fd541d25320>,79,17,[2 7],80,197,214,117,188
1,<environment.Job instance at 0x7fd541d25910>,82,3,[10  1],83,205,208,122,190
1,<environment.Job instance at 0x7fd541d25be0>,83,3,[9 2],84,208,211,124,190
1,<environment.Job instance at 0x7fd541d259b0>,85,19,[14  4],86,214,233,128,204
1,<environment.Job instance at 0x7fd541d25af0>,90,3,[7 2],91,211,214,120,207
1,<environment.Job instance at 0x7fd541d2f320>,3,3,[2 9],4,4,7,0,4
1,<environment.Job instance at 0x7fd541d2f780>,5,15,[ 3 14],6,7,22,1,6
1,<environment.Job instance at 0x7fd541d2f190>,7,12,[14  5],8,22,34,14,8
1,<environment.Job instance at 0x7fd549154280>,12,2,[4 9],13,34,36,21,19
1,<environment.Job instance at 0x7fd549154b90>,20,13,[2 6],21,34,47,13,23
1,<environment.Job instance at 0x7fd549154870>,21,16,[1 9],22,36,52,14,30
1,<environment.Job instance at 0x7fd549298050>,23,1,[5 6],24,47,48,23,30
1,<environment.Job instance at 0x7fd549298b90>,24,2,[8 5],25,48,50,23,30
1,<environment.Job instance at 0x7fd549298550>,28,16,[3 9],29,52,68,23,42
1,<environment.Job instance at 0x7fd5492a22d0>,31,3,[1 5],32,50,53,18,44
1,<environment.Job instance at 0x7fd549292d70>,32,1,[10  1],33,50,51,17,44
1,<environment.Job instance at 0x7fd5492a0460>,35,3,[5 5],36,57,60,21,57
1,<environment.Job instance at 0x7fd5492a0e10>,36,22,[11  3],37,60,82,23,57
1,<environment.Job instance at 0x7fd5492a0550>,40,3,[9 1],41,82,85,41,75
1,<environment.Job instance at 0x7fd5492a0370>,42,1,[ 5 10],43,84,85,41,84
1,<environment.Job instance at 0x7fd5492a0140>,43,12,[1 7],44,85,97,41,85
1,<environment.Job instance at 0x7fd5492a01e0>,44,1,[9 4],45,85,86,40,85
1,<environment.Job instance at 0x7fd5492a0410>,45,25,[3 9],46,97,122,51,93
1,<environment.Job instance at 0x7fd5079d3500>,46,1,[7 4],47,96,97,49,96
1,<environment.Job instance at 0x7fd549157230>,49,23,[2 8],50,122,145,72,116
1,<environment.Job instance at 0x7fd549293460>,51,1,[5 1],52,116,117,64,116
1,<environment.Job instance at 0x7fd549293140>,52,2,[8 2],53,117,119,64,116
1,<environment.Job instance at 0x7fd549293e10>,53,1,[3 9],54,145,146,91,117
1,<environment.Job instance at 0x7fd549293f00>,56,26,[9 1],57,119,145,62,117
1,<environment.Job instance at 0x7fd54929feb0>,60,18,[5 1],61,145,163,84,134
1,<environment.Job instance at 0x7fd508d09cd0>,58,14,[8 5],59,146,160,87,135
1,<environment.Job instance at 0x7fd54929f2d0>,66,23,[5 8],67,160,183,93,154
1,<environment.Job instance at 0x7fd5492939b0>,57,2,[9 3],58,163,165,105,160
1,<environment.Job instance at 0x7fd54929c730>,71,2,[12  1],72,183,185,111,162
1,<environment.Job instance at 0x7fd54929c820>,73,27,[5 3],74,185,212,111,183
1,<environment.Job instance at 0x7fd54929f6e0>,68,2,[ 3 10],69,183,185,114,183
1,<environment.Job instance at 0x7fd5492a65f0>,77,1,[1 6],78,185,186,107,183
1,<environment.Job instance at 0x7fd5492a6640>,78,22,[9 2],79,185,207,106,183
1,<environment.Job instance at 0x7fd5492a6460>,79,3,[ 4 12],80,207,210,127,183
1,<environment.Job instance at 0x7fd5492a6dc0>,81,18,[ 5 11],82,210,228,128,199
1,<environment.Job instance at 0x7fd5492a67d0>,83,12,[5 1],84,210,222,126,199
1,<environment.Job instance at 0x7fd4fdf708c0>,1,19,[ 3 14],2,2,21,0,2
1,<environment.Job instance at 0x7fd549154320>,2,2,[14  5],3,21,23,18,7
1,<environment.Job instance at 0x7fd4fe072c80>,8,21,[5 1],9,23,44,14,15
1,<environment.Job instance at 0x7fd4fe0741e0>,10,1,[9 5],11,23,24,12,15
1,<environment.Job instance at 0x7fd4fe074e10>,11,18,[ 5 14],12,24,42,12,15
1,<environment.Job instance at 0x7fd4fe074af0>,14,1,[3 7],15,42,43,27,21
1,<environment.Job instance at 0x7fd4fe074410>,15,2,[7 1],16,42,44,26,21
1,<environment.Job instance at 0x7fd4fe11d370>,18,1,[ 5 14],19,44,45,25,22
1,<environment.Job instance at 0x7fd4fe11df50>,20,2,[10  1],21,44,46,23,34
1,<environment.Job instance at 0x7fd4fe11d6e0>,22,2,[9 4],23,46,48,23,34
1,<environment.Job instance at 0x7fd4fe11dd20>,23,3,[14  5],24,48,51,24,34
1,<environment.Job instance at 0x7fd4fe11d9b0>,24,2,[1 7],25,45,47,20,34
1,<environment.Job instance at 0x7fd4fe11da50>,25,1,[ 4 10],26,47,48,21,34
1,<environment.Job instance at 0x7fd4fe11db90>,27,1,[9 4],28,51,52,23,39
1,<environment.Job instance at 0x7fd4fe11dc80>,28,17,[12  1],29,52,69,23,40
1,<environment.Job instance at 0x7fd4fe11d960>,31,3,[3 6],32,51,54,19,50
1,<environment.Job instance at 0x7fd4fe11dbe0>,32,1,[13  3],33,69,70,36,50
1,<environment.Job instance at 0x7fd4fe0726e0>,5,12,[12  4],6,70,82,64,55
1,<environment.Job instance at 0x7fd4fe11d3c0>,34,18,[ 5 10],35,82,100,47,71
1,<environment.Job instance at 0x7fd4fe0d9dc0>,40,17,[4 5],41,82,99,41,76
1,<environment.Job instance at 0x7fd4fe0d9550>,41,2,[3 8],42,76,78,34,76
1,<environment.Job instance at 0x7fd4fe0d9410>,42,27,[ 2 13],43,100,127,57,98
1,<environment.Job instance at 0x7fd4fe072af0>,6,22,[6 1],7,99,121,92,98
1,<environment.Job instance at 0x7fd4fe0d98c0>,44,1,[3 8],45,127,128,82,101
1,<environment.Job instance at 0x7fd4fe0d9640>,48,1,[12  5],49,127,128,78,101
1,<environment.Job instance at 0x7fd4fe0d9eb0>,49,1,[8 5],50,128,129,78,102
1,<environment.Job instance at 0x7fd4fe0d92d0>,52,2,[7 1],53,112,114,59,112
1,<environment.Job instance at 0x7fd4fe0d9d70>,53,2,[3 5],54,128,130,74,112
1,<environment.Job instance at 0x7fd4fe0a7050>,55,2,[4 6],56,129,131,73,114
1,<environment.Job instance at 0x7fd4fe0a7910>,58,3,[5 1],59,119,122,60,119
1,<environment.Job instance at 0x7fd4fe0a7280>,60,14,[ 3 10],61,136,150,75,136
1,<environment.Job instance at 0x7fd4fe0a7cd0>,61,18,[ 4 13],62,150,168,88,139
1,<environment.Job instance at 0x7fd4fe0a78c0>,62,2,[9 3],63,139,141,76,139
1,<environment.Job instance at 0x7fd4fe072d20>,4,18,[10  2],5,142,160,137,142
1,<environment.Job instance at 0x7fd4fe0a7b90>,65,2,[2 6],66,168,170,102,149
1,<environment.Job instance at 0x7fd4fe0a7f00>,67,16,[ 5 13],68,170,186,102,157
1,<environment.Job instance at 0x7fd4fe0a7b40>,68,2,[1 7],69,168,170,99,159
1,<environment.Job instance at 0x7fd4fe101550>,74,18,[13  2],75,186,204,111,175
1,<environment.Job instance at 0x7fd4fe101eb0>,79,16,[1 7],80,186,202,106,182
1,<environment.Job instance at 0x7fd4fe101b40>,80,18,[11  4],81,204,222,123,193
1,<environment.Job instance at 0x7fd4fe1010a0>,86,20,[6 2],87,222,242,135,213
1,<environment.Job instance at 0x7fd4fe101690>,89,1,[4 6],90,213,214,123,213
1,<environment.Job instance at 0x7fd4fe101870>,90,1,[2 5],91,214,215,123,213
1,<environment.Job instance at 0x7fd4fdf6f4b0>,4,3,[ 3 12],5,5,8,0,5
1,<environment.Job instance at 0x7fd4fdf6f280>,5,27,[5 5],6,8,35,2,6
1,<environment.Job instance at 0x7fd4fe101870>,3,18,[8 1],4,6,24,2,6
1,<environment.Job instance at 0x7fd4fdf6fa00>,6,22,[2 8],7,11,33,4,11
1,<environment.Job instance at 0x7fd54917a5a0>,13,27,[7 5],14,33,60,19,31
1,<environment.Job instance at 0x7fd4fdfd1690>,17,13,[4 6],18,36,49,18,36
1,<environment.Job instance at 0x7fd4fdf6f640>,7,20,[5 2],8,49,69,41,40
1,<environment.Job instance at 0x7fd4fdfd12d0>,18,14,[2 7],19,49,63,30,44
1,<environment.Job instance at 0x7fd4fdfd1370>,22,13,[8 1],23,60,73,37,44
1,<environment.Job instance at 0x7fd4fe0c2190>,14,13,[14  5],15,73,86,58,61
1,<environment.Job instance at 0x7fd541cce5f0>,30,1,[ 4 12],31,69,70,38,62
1,<environment.Job instance at 0x7fd541cce3c0>,31,1,[10  1],32,86,87,54,63
1,<environment.Job instance at 0x7fd541cce6e0>,33,1,[5 2],34,70,71,36,69
1,<environment.Job instance at 0x7fd4fdfd4c30>,34,12,[13  3],35,87,99,52,70
1,<environment.Job instance at 0x7fd4fdfd4af0>,38,21,[9 5],39,99,120,60,91
1,<environment.Job instance at 0x7fd4fdfd1c30>,25,25,[3 7],26,99,124,73,99
1,<environment.Job instance at 0x7fd4fdfd4410>,39,3,[12  1],40,120,123,80,102
1,<environment.Job instance at 0x7fd4fdfdb050>,48,3,[ 2 10],49,124,127,75,118
1,<environment.Job instance at 0x7fd4fdfdbe10>,49,16,[ 5 13],50,127,143,77,118
1,<environment.Job instance at 0x7fd4fdfdb820>,50,3,[9 1],51,123,126,72,118
1,<environment.Job instance at 0x7fd4fdfdba50>,51,2,[5 6],52,143,145,91,118
1,<environment.Job instance at 0x7fd4fdfdbeb0>,52,2,[3 5],53,143,145,90,119
1,<environment.Job instance at 0x7fd4fdfd1cd0>,19,17,[5 1],20,132,149,112,132
1,<environment.Job instance at 0x7fd4fdfdbe60>,54,14,[ 3 14],55,145,159,90,136
1,<environment.Job instance at 0x7fd541cc3eb0>,8,13,[14  4],9,159,172,150,147
1,<environment.Job instance at 0x7fd549157410>,63,13,[9 5],64,172,185,108,157
1,<environment.Job instance at 0x7fd4fdfdbb90>,55,24,[3 9],56,172,196,116,167
1,<environment.Job instance at 0x7fd54916d500>,62,17,[10  3],63,185,202,122,185
1,<environment.Job instance at 0x7fd4fe626190>,73,14,[3 6],74,196,210,122,185
1,<environment.Job instance at 0x7fd4fe11de10>,71,15,[14  1],72,210,225,138,197
1,<environment.Job instance at 0x7fd4fe064460>,7,18,[1 7],8,10,28,2,10
1,<environment.Job instance at 0x7fd541d090f0>,9,27,[14  1],10,10,37,0,10
1,<environment.Job instance at 0x7fd4fe0c2280>,12,2,[11  4],13,37,39,24,16
1,<environment.Job instance at 0x7fd541dd2190>,15,12,[11  5],16,39,51,23,25
1,<environment.Job instance at 0x7fd541e26370>,16,27,[4 5],17,37,64,20,35
1,<environment.Job instance at 0x7fd4fe41bc30>,22,3,[11  3],23,51,54,28,49
1,<environment.Job instance at 0x7fd4fe41bcd0>,23,18,[6 1],24,54,72,30,53
1,<environment.Job instance at 0x7fd4fe41beb0>,25,1,[8 1],26,64,65,38,53
1,<environment.Job instance at 0x7fd4fdf6f2d0>,2,17,[ 2 12],3,65,82,62,57
1,<environment.Job instance at 0x7fd4fdf231e0>,28,2,[5 5],29,82,84,53,64
1,<environment.Job instance at 0x7fd4fdf23280>,29,1,[5 7],30,82,83,52,64
1,<environment.Job instance at 0x7fd4fdf23320>,30,3,[1 6],31,83,86,52,64
1,<environment.Job instance at 0x7fd4fdf233c0>,31,15,[ 2 14],32,86,101,54,72
1,<environment.Job instance at 0x7fd4fdf230f0>,35,12,[ 3 13],36,101,113,65,84
1,<environment.Job instance at 0x7fd4fdf23780>,39,1,[8 3],40,113,114,73,88
1,<environment.Job instance at 0x7fd4fdf23140>,27,2,[2 6],28,113,115,85,93
1,<environment.Job instance at 0x7fd4fdf23af0>,42,3,[4 9],43,114,117,71,99
1,<environment.Job instance at 0x7fd4fdf23d70>,46,2,[ 3 10],47,117,119,70,115
1,<environment.Job instance at 0x7fd4fdf23b90>,43,18,[ 1 10],44,119,137,75,115
1,<environment.Job instance at 0x7fd4fdf23fa0>,47,3,[5 1],48,116,119,68,116
1,<environment.Job instance at 0x7fd4fdf26410>,54,15,[ 2 13],55,137,152,82,123
1,<environment.Job instance at 0x7fd4fdf266e0>,57,3,[12  4],58,130,133,72,130
1,<environment.Job instance at 0x7fd4fdf268c0>,59,28,[1 8],60,152,180,92,151
1,<environment.Job instance at 0x7fd4fdf26be0>,62,3,[1 9],63,180,183,117,154
1,<environment.Job instance at 0x7fd4fdf26820>,63,2,[6 5],64,154,156,90,154
1,<environment.Job instance at 0x7fd4fdf26b90>,64,1,[7 3],65,156,157,91,154
1,<environment.Job instance at 0x7fd4fdf26dc0>,65,3,[7 2],66,154,157,88,154
1,<environment.Job instance at 0x7fd4fdf26c80>,69,3,[4 9],70,183,186,113,172
1,<environment.Job instance at 0x7fd4fdf27190>,70,13,[10  4],71,172,185,101,172
1,<environment.Job instance at 0x7fd4fdf27230>,71,15,[1 9],72,186,201,114,179
1,<environment.Job instance at 0x7fd4fdf27370>,73,3,[1 8],74,201,204,127,184
1,<environment.Job instance at 0x7fd4fdf270f0>,74,3,[5 2],75,185,188,110,184
1,<environment.Job instance at 0x7fd4fdf27460>,75,24,[8 3],76,186,210,110,184
1,<environment.Job instance at 0x7fd4fdf27410>,76,1,[4 7],77,204,205,127,184
1,<environment.Job instance at 0x7fd4fdf275f0>,77,1,[7 4],78,205,206,127,184
1,<environment.Job instance at 0x7fd4fdf27690>,79,14,[4 9],80,206,220,126,192
1,<environment.Job instance at 0x7fd4fdf27960>,81,3,[5 9],82,220,223,138,194
1,<environment.Job instance at 0x7fd4fdf278c0>,82,2,[7 4],83,210,212,127,194
1,<environment.Job instance at 0x7fd4fdf27870>,83,3,[5 5],84,212,215,128,194
1,<environment.Job instance at 0x7fd4fdf27af0>,84,2,[9 2],85,215,217,130,194
1,<environment.Job instance at 0x7fd4fe0c2dc0>,6,2,[8 4],7,7,9,0,7
1,<environment.Job instance at 0x7fd541fe45f0>,7,3,[10  4],8,9,12,1,8
1,<environment.Job instance at 0x7fd4fe0c2fa0>,8,3,[3 9],9,9,12,0,9
1,<environment.Job instance at 0x7fd541fe4190>,9,21,[1 9],10,12,33,2,10
1,<environment.Job instance at 0x7fd54201e730>,10,27,[6 4],11,12,39,1,11
1,<environment.Job instance at 0x7fd5446916e0>,11,1,[11  4],12,39,40,27,12
1,<environment.Job instance at 0x7fd541c31640>,17,2,[ 2 10],18,33,35,15,18
1,<environment.Job instance at 0x7fd541c31230>,18,22,[7 5],19,40,62,21,33
1,<environment.Job instance at 0x7fd4fe4b7320>,13,13,[7 5],14,40,53,26,36
1,<environment.Job instance at 0x7fd541c31b40>,21,2,[2 6],22,53,55,31,39
1,<environment.Job instance at 0x7fd5444d9320>,29,2,[9 1],30,62,64,32,56
1,<environment.Job instance at 0x7fd5444d9c80>,26,15,[10  4],27,64,79,37,64
1,<environment.Job instance at 0x7fd5444d94b0>,33,13,[5 1],34,68,81,34,68
1,<environment.Job instance at 0x7fd5444d9780>,35,2,[3 5],36,79,81,43,70
1,<environment.Job instance at 0x7fd5444d9820>,37,2,[8 4],38,81,83,43,79
1,<environment.Job instance at 0x7fd5444d9be0>,38,14,[9 1],39,83,97,44,82
1,<environment.Job instance at 0x7fd541c31370>,22,24,[1 6],23,86,110,63,86
1,<environment.Job instance at 0x7fd5444d9b90>,40,1,[9 4],41,97,98,56,86
1,<environment.Job instance at 0x7fd5443bc050>,43,3,[10  3],44,98,101,54,87
1,<environment.Job instance at 0x7fd549156f00>,45,1,[8 4],46,101,102,55,100
1,<environment.Job instance at 0x7fd549156140>,46,13,[12  4],47,102,115,55,100
1,<environment.Job instance at 0x7fd549156dc0>,47,27,[9 3],48,115,142,67,113
1,<environment.Job instance at 0x7fd5444d9460>,34,3,[ 2 12],35,115,118,80,114
1,<environment.Job instance at 0x7fd5443bc370>,41,2,[ 3 14],42,142,144,100,115
1,<environment.Job instance at 0x7fd549156730>,49,18,[ 5 10],50,118,136,68,115
1,<environment.Job instance at 0x7fd549156280>,56,12,[ 2 11],57,144,156,87,133
1,<environment.Job instance at 0x7fd549156fa0>,58,24,[4 7],59,156,180,97,151
1,<environment.Job instance at 0x7fd5491567d0>,54,17,[5 1],55,151,168,96,151
1,<environment.Job instance at 0x7fd541b7dfa0>,63,3,[4 7],64,156,159,92,151
1,<environment.Job instance at 0x7fd549156eb0>,62,17,[9 4],63,168,185,105,160
1,<environment.Job instance at 0x7fd541b7ddc0>,66,2,[3 6],67,160,162,93,160
1,<environment.Job instance at 0x7fd541b7d640>,69,3,[14  1],70,185,188,115,173
1,<environment.Job instance at 0x7fd541b7da00>,70,20,[4 6],71,188,208,117,179
1,<environment.Job instance at 0x7fd541d9c0f0>,75,16,[ 2 11],76,208,224,132,195
1,<environment.Job instance at 0x7fd541d9cd70>,76,3,[8 3],77,195,198,118,195
1,<environment.Job instance at 0x7fd541d9c7d0>,77,1,[10  5],78,198,199,120,195
1,<environment.Job instance at 0x7fd541d9ce60>,78,2,[13  3],79,208,210,129,195
1,<environment.Job instance at 0x7fd541fd7d70>,79,1,[5 1],80,199,200,119,195
1,<environment.Job instance at 0x7fd541fd7690>,84,12,[9 1],85,210,222,125,199
1,<environment.Job instance at 0x7fd541fd7b40>,85,2,[6 3],86,199,201,113,199
1,<environment.Job instance at 0x7fd541c93140>,87,3,[8 1],88,222,225,134,211
1,<environment.Job instance at 0x7fd541fd7460>,88,20,[3 8],89,224,244,135,215
1,<environment.Job instance at 0x7fd544768d20>,2,1,[12  5],3,3,4,0,3
1,<environment.Job instance at 0x7fd544406c80>,3,3,[10  3],4,4,7,0,4
1,<environment.Job instance at 0x7fd541e2d730>,14,3,[ 3 10],15,19,22,4,19
1,<environment.Job instance at 0x7fd541e2dcd0>,15,1,[7 3],16,19,20,3,19
1,<environment.Job instance at 0x7fd541e2df00>,16,3,[5 4],17,20,23,3,19
1,<environment.Job instance at 0x7fd541e2d410>,17,2,[7 2],18,22,24,4,19
1,<environment.Job instance at 0x7fd541ec6550>,25,17,[ 3 10],26,48,65,22,48
1,<environment.Job instance at 0x7fd544312190>,27,2,[ 3 10],28,65,67,37,61
1,<environment.Job instance at 0x7fd541c5af00>,28,18,[1 5],29,61,79,32,61
1,<environment.Job instance at 0x7fd541fe0320>,30,19,[4 5],31,73,92,42,73
1,<environment.Job instance at 0x7fd5447e7190>,31,3,[1 9],32,79,82,47,73
1,<environment.Job instance at 0x7fd544362b40>,35,1,[5 8],36,90,91,54,90
1,<environment.Job instance at 0x7fd541ead190>,37,2,[9 3],38,104,106,66,104
1,<environment.Job instance at 0x7fd5490619b0>,39,1,[5 4],40,106,107,66,106
1,<environment.Job instance at 0x7fd549061eb0>,40,23,[9 4],41,106,129,65,106
1,<environment.Job instance at 0x7fd542054500>,41,21,[8 2],42,129,150,87,121
1,<environment.Job instance at 0x7fd542054e60>,42,21,[5 7],43,121,142,78,121
1,<environment.Job instance at 0x7fd542054cd0>,46,2,[5 9],47,142,144,95,130
1,<environment.Job instance at 0x7fd542054c30>,51,1,[7 3],52,144,145,92,132
1,<environment.Job instance at 0x7fd541b7d5a0>,24,16,[5 5],25,145,161,120,144
1,<environment.Job instance at 0x7fd5420540a0>,48,28,[10  4],49,151,179,102,151
1,<environment.Job instance at 0x7fd5447e65a0>,60,26,[4 9],61,168,194,107,168
1,<environment.Job instance at 0x7fd541aef960>,62,16,[13  1],63,194,210,131,181
1,<environment.Job instance at 0x7fd541aef370>,64,2,[9 3],65,181,183,116,181
1,<environment.Job instance at 0x7fd5445d8b40>,67,23,[5 3],68,210,233,142,204
1,<environment.Job instance at 0x7fd5445d83c0>,71,18,[11  2],72,233,251,161,222
1,<environment.Job instance at 0x7fd4fe5e2be0>,0,2,[ 2 12],1,1,3,0,1
1,<environment.Job instance at 0x7fd541e2d6e0>,1,21,[4 9],2,3,24,1,2
1,<environment.Job instance at 0x7fd4fe5e2f50>,5,23,[8 4],6,10,33,4,10
1,<environment.Job instance at 0x7fd542105870>,11,3,[2 6],12,24,27,12,12
1,<environment.Job instance at 0x7fd541ca5f50>,14,15,[11  1],15,33,48,18,19
1,<environment.Job instance at 0x7fd541ca5fa0>,16,1,[7 4],17,27,28,10,22
1,<environment.Job instance at 0x7fd541ca54b0>,18,3,[2 7],19,28,31,9,22
1,<environment.Job instance at 0x7fd541cd23c0>,21,20,[ 5 13],22,48,68,26,39
1,<environment.Job instance at 0x7fd541cd25f0>,25,1,[6 4],26,68,69,42,51
1,<environment.Job instance at 0x7fd541cd2320>,26,3,[6 1],27,51,54,24,51
1,<environment.Job instance at 0x7fd541cd28c0>,29,1,[8 1],30,54,55,24,51
1,<environment.Job instance at 0x7fd541cd2960>,30,24,[7 2],31,55,79,24,51
1,<environment.Job instance at 0x7fd541cd2c80>,33,3,[10  3],34,79,82,45,65
1,<environment.Job instance at 0x7fd541cd2dc0>,35,15,[ 1 12],36,70,85,34,70
1,<environment.Job instance at 0x7fd541cd2e10>,36,19,[2 9],37,85,104,48,75
1,<environment.Job instance at 0x7fd541cd2f00>,37,1,[7 3],38,82,83,44,75
1,<environment.Job instance at 0x7fd541cd2fa0>,38,20,[ 1 10],39,104,124,65,95
1,<environment.Job instance at 0x7fd541cf03c0>,45,1,[ 2 10],46,124,125,78,104
1,<environment.Job instance at 0x7fd541cf0730>,48,2,[ 1 13],49,125,127,76,109
1,<environment.Job instance at 0x7fd541cf07d0>,49,17,[ 1 10],50,127,144,77,115
1,<environment.Job instance at 0x7fd541cf0870>,50,28,[ 2 14],51,144,172,93,143
1,<environment.Job instance at 0x7fd541cf0d70>,52,3,[1 8],53,172,175,119,146
1,<environment.Job instance at 0x7fd541cf0e10>,54,3,[1 5],55,172,175,117,146
1,<environment.Job instance at 0x7fd541cf0550>,58,2,[7 4],59,175,177,116,148
1,<environment.Job instance at 0x7fd541cd4190>,59,2,[5 1],60,148,150,88,148
1,<environment.Job instance at 0x7fd541cd42d0>,61,3,[9 1],62,150,153,88,149
1,<environment.Job instance at 0x7fd541cd43c0>,63,23,[7 4],64,175,198,111,169
1,<environment.Job instance at 0x7fd541cf0050>,41,18,[3 8],42,177,195,135,171
1,<environment.Job instance at 0x7fd541cd4500>,66,12,[9 5],67,198,210,131,182
1,<environment.Job instance at 0x7fd54440b5a0>,7,20,[5 7],8,195,215,187,186
1,<environment.Job instance at 0x7fd541cd4b90>,73,3,[13  5],74,215,218,141,197
1,<environment.Job instance at 0x7fd541cd4c30>,74,3,[4 5],75,210,213,135,197
1,<environment.Job instance at 0x7fd541cd4a50>,71,14,[9 4],72,218,232,146,204
1,<environment.Job instance at 0x7fd541cd47d0>,69,15,[2 6],70,213,228,143,205
1,<environment.Job instance at 0x7fd541cd4a00>,79,18,[ 2 10],80,228,246,148,217
1,<environment.Job instance at 0x7fd5492a2320>,2,18,[ 2 12],3,3,21,0,3
1,<environment.Job instance at 0x7fd541ca5b90>,3,1,[8 5],4,21,22,17,4
1,<environment.Job instance at 0x7fd541a81e60>,8,18,[5 3],9,9,27,0,9
1,<environment.Job instance at 0x7fd541a81c80>,14,15,[5 6],15,22,37,7,22
1,<environment.Job instance at 0x7fd541a81870>,15,1,[5 9],16,27,28,11,22
1,<environment.Job instance at 0x7fd541a81820>,17,2,[11  4],18,37,39,19,25
1,<environment.Job instance at 0x7fd541c1a0a0>,20,3,[8 3],21,31,34,10,31
1,<environment.Job instance at 0x7fd541b7cd70>,21,28,[9 4],22,39,67,17,38
1,<environment.Job instance at 0x7fd4fe195b40>,23,16,[ 1 12],24,67,83,43,54
1,<environment.Job instance at 0x7fd4fe56a870>,28,19,[ 3 11],29,83,102,54,73
1,<environment.Job instance at 0x7fd4fe4af730>,33,3,[8 2],34,88,91,54,88
1,<environment.Job instance at 0x7fd5449ebd70>,35,3,[5 3],36,98,101,62,98
1,<environment.Job instance at 0x7fd541c4caf0>,36,21,[5 5],37,102,123,65,98
1,<environment.Job instance at 0x7fd541a81b40>,13,24,[5 3],14,103,127,89,103
1,<environment.Job instance at 0x7fd54214e460>,41,1,[4 5],42,116,117,74,116
1,<environment.Job instance at 0x7fd541ba88c0>,42,3,[8 1],43,123,126,80,116
1,<environment.Job instance at 0x7fd4fe068550>,45,3,[10  4],46,132,135,86,132
1,<environment.Job instance at 0x7fd54216a690>,47,13,[14  4],48,135,148,87,132
1,<environment.Job instance at 0x7fd4fe23b820>,51,18,[4 7],52,148,166,96,148
1,<environment.Job instance at 0x7fd4fe23b0f0>,53,17,[9 1],54,152,169,98,152
1,<environment.Job instance at 0x7fd4fe23b460>,55,1,[1 9],56,166,167,110,152
1,<environment.Job instance at 0x7fd542036fa0>,56,21,[5 5],57,166,187,109,158
1,<environment.Job instance at 0x7fd542036190>,57,1,[10  4],58,169,170,111,158
1,<environment.Job instance at 0x7fd542036d20>,61,3,[8 5],62,170,173,108,165
1,<environment.Job instance at 0x7fd542036af0>,62,12,[ 1 10],63,173,185,110,165
1,<environment.Job instance at 0x7fd54486a410>,63,2,[13  2],64,187,189,123,165
1,<environment.Job instance at 0x7fd54486a550>,64,15,[10  2],65,189,204,124,175
1,<environment.Job instance at 0x7fd54486acd0>,65,25,[1 6],66,185,210,119,181
1,<environment.Job instance at 0x7fd541d2a460>,70,27,[11  2],71,204,231,133,202
1,<environment.Job instance at 0x7fd541d2a550>,72,20,[ 5 10],73,231,251,158,222
1,<environment.Job instance at 0x7fd541e4ce60>,1,2,[3 9],2,2,4,0,2
1,<environment.Job instance at 0x7fd541c10730>,5,19,[1 5],6,7,26,1,7
1,<environment.Job instance at 0x7fd544761280>,7,1,[10  2],8,8,9,0,8
1,<environment.Job instance at 0x7fd541b68050>,13,3,[3 9],14,18,21,4,18
1,<environment.Job instance at 0x7fd541e69e10>,14,27,[6 1],15,18,45,3,18
1,<environment.Job instance at 0x7fd541aa88c0>,18,3,[3 8],19,29,32,10,29
1,<environment.Job instance at 0x7fd5447ab460>,21,24,[14  3],22,45,69,23,41
1,<environment.Job instance at 0x7fd5447abb90>,23,24,[10  2],24,69,93,45,64
1,<environment.Job instance at 0x7fd549150aa0>,25,3,[2 8],26,69,72,43,64
1,<environment.Job instance at 0x7fd541ca2910>,26,1,[9 2],27,93,94,66,65
1,<environment.Job instance at 0x7fd541ca7910>,27,1,[5 3],28,72,73,44,65
1,<environment.Job instance at 0x7fd541ca23c0>,29,3,[10  1],30,94,97,64,68
1,<environment.Job instance at 0x7fd4fe36d0a0>,31,2,[1 9],32,73,75,41,71
1,<environment.Job instance at 0x7fd4fe6b54b0>,32,3,[10  4],33,97,100,64,71
1,<environment.Job instance at 0x7fd541af1690>,36,1,[5 2],37,90,91,53,90
1,<environment.Job instance at 0x7fd542132320>,40,13,[12  1],41,104,117,63,104
1,<environment.Job instance at 0x7fd541b7bb40>,41,16,[ 5 11],42,117,133,75,104
1,<environment.Job instance at 0x7fd541b7ba50>,43,3,[ 4 10],44,133,136,89,117
1,<environment.Job instance at 0x7fd541b7b2d0>,44,3,[10  2],45,117,120,72,117
1,<environment.Job instance at 0x7fd541b7b6e0>,45,27,[4 5],46,133,160,87,131
1,<environment.Job instance at 0x7fd541b7be60>,46,1,[12  2],47,160,161,113,132
1,<environment.Job instance at 0x7fd5420fc9b0>,48,2,[1 9],49,136,138,87,132
1,<environment.Job instance at 0x7fd5420fc5a0>,51,2,[ 5 10],52,138,140,86,134
1,<environment.Job instance at 0x7fd5420fc640>,53,3,[6 2],54,140,143,86,134
1,<environment.Job instance at 0x7fd5420fcdc0>,54,1,[7 4],55,143,144,88,134
1,<environment.Job instance at 0x7fd5420fc460>,55,3,[9 2],56,144,147,88,134
1,<environment.Job instance at 0x7fd5420fcb40>,56,25,[7 3],57,161,186,104,157
1,<environment.Job instance at 0x7fd5420fca50>,57,3,[8 1],58,157,160,99,157
1,<environment.Job instance at 0x7fd54431cf50>,64,1,[5 5],65,162,163,97,162
1,<environment.Job instance at 0x7fd4fe2ef500>,67,21,[9 4],68,186,207,118,178
1,<environment.Job instance at 0x7fd5420fc8c0>,60,26,[6 4],61,178,204,117,178
1,<environment.Job instance at 0x7fd541c101e0>,6,13,[5 7],7,204,217,197,192
1,<environment.Job instance at 0x7fd4fe2ef0f0>,68,21,[5 1],69,207,228,138,199
1,<environment.Job instance at 0x7fd541f240f0>,77,3,[ 1 10],78,217,220,139,199
1,<environment.Job instance at 0x7fd541f1f550>,79,20,[5 9],80,220,240,140,211
1,<environment.Job instance at 0x7fd541f1f050>,81,14,[10  1],82,228,242,146,217
1,<environment.Job instance at 0x7fd541e089b0>,83,3,[6 3],84,242,245,158,218
1,<environment.Job instance at 0x7fd54482fe60>,3,3,[5 3],4,4,7,0,4
1,<environment.Job instance at 0x7fd544846050>,5,1,[6 1],6,6,7,0,6
1,<environment.Job instance at 0x7fd4fe2109b0>,6,1,[ 5 10],7,7,8,0,7
1,<environment.Job instance at 0x7fd4fe503870>,7,16,[ 5 13],8,8,24,0,8
1,<environment.Job instance at 0x7fd4fe3c8960>,8,1,[1 9],9,24,25,15,9
1,<environment.Job instance at 0x7fd4fe3c8370>,9,2,[13  4],10,24,26,14,10
1,<environment.Job instance at 0x7fd4fe3c81e0>,10,2,[5 2],11,11,13,0,11
1,<environment.Job instance at 0x7fd4fe3c89b0>,13,20,[ 5 12],14,26,46,12,17
1,<environment.Job instance at 0x7fd4fe503140>,14,2,[ 5 11],15,46,48,31,21
1,<environment.Job instance at 0x7fd4fdf9aaa0>,20,13,[10  1],21,26,39,5,21
1,<environment.Job instance at 0x7fd4fdf9afa0>,27,3,[9 4],28,46,49,18,31
1,<environment.Job instance at 0x7fd4fdf6f190>,29,13,[ 4 14],30,49,62,19,33
1,<environment.Job instance at 0x7fd4fdf6f0f0>,30,2,[8 2],31,39,41,8,33
1,<environment.Job instance at 0x7fd4fdf6f780>,34,1,[4 6],35,48,49,13,35
1,<environment.Job instance at 0x7fd4fdf6f5f0>,35,3,[10  5],36,62,65,26,36
1,<environment.Job instance at 0x7fd4fdf9a5f0>,21,2,[ 5 11],22,65,67,43,40
1,<environment.Job instance at 0x7fd4fdf6f960>,36,16,[13  1],37,67,83,30,54
1,<environment.Job instance at 0x7fd4fdf6fb90>,41,1,[6 3],42,83,84,41,68
1,<environment.Job instance at 0x7fd4fdf6fc30>,43,3,[10  4],44,84,87,40,68
1,<environment.Job instance at 0x7fd4fdf6f8c0>,44,1,[4 8],45,83,84,38,68
1,<environment.Job instance at 0x7fd4fdf6ff00>,46,27,[2 9],47,84,111,37,82
1,<environment.Job instance at 0x7fd4fdf6e1e0>,51,1,[10  1],52,94,95,42,94
1,<environment.Job instance at 0x7fd4fdf6e280>,52,22,[8 1],53,95,117,42,94
1,<environment.Job instance at 0x7fd4fdf6e320>,53,14,[14  4],54,117,131,63,104
1,<environment.Job instance at 0x7fd4fdf6e500>,55,3,[ 1 13],56,111,114,55,104
1,<environment.Job instance at 0x7fd4fdf6e550>,56,2,[14  2],57,131,133,74,104
1,<environment.Job instance at 0x7fd4fdf6e7d0>,57,15,[ 5 12],58,133,148,75,122
1,<environment.Job instance at 0x7fd4fdf6e8c0>,61,27,[8 5],62,148,175,86,146
1,<environment.Job instance at 0x7fd4fdf6eaa0>,64,16,[11  4],65,175,191,110,162
1,<environment.Job instance at 0x7fd541e089b0>,2,18,[2 5],3,165,183,162,165
1,<environment.Job instance at 0x7fd4fdf6efa0>,68,16,[13  2],69,191,207,122,178
1,<environment.Job instance at 0x7fd4fdf9c410>,73,26,[7 1],74,207,233,133,204
1,<environment.Job instance at 0x7fd4fdf9c5f0>,76,1,[7 3],77,207,208,130,204
1,<environment.Job instance at 0x7fd4fdf9c2d0>,71,14,[ 2 12],72,208,222,136,204
1,<environment.Job instance at 0x7fd4fdf9c910>,81,2,[3 8],82,222,224,140,214
1,<environment.Job instance at 0x7fd541a85f50>,0,3,[ 3 12],1,1,4,0,1
1,<environment.Job instance at 0x7fd541a85190>,2,14,[14  5],3,7,21,4,7
1,<environment.Job instance at 0x7fd541ffab40>,10,20,[ 4 10],11,21,41,10,14
1,<environment.Job instance at 0x7fd4fe3a7e60>,16,24,[4 5],17,21,45,4,21
1,<environment.Job instance at 0x7fd4fe3a7820>,17,24,[4 8],18,41,65,23,36
1,<environment.Job instance at 0x7fd4fe3a7f50>,18,3,[9 5],19,45,48,26,36
1,<environment.Job instance at 0x7fd4fe3a7c30>,19,3,[5 4],20,48,51,28,36
1,<environment.Job instance at 0x7fd4fe3a76e0>,22,2,[1 9],23,65,67,42,38
1,<environment.Job instance at 0x7fd4fe3a7280>,23,1,[3 7],24,51,52,27,38
1,<environment.Job instance at 0x7fd4fe3a78c0>,25,2,[9 5],26,52,54,26,39
1,<environment.Job instance at 0x7fd4fe380cd0>,28,14,[5 4],29,54,68,25,46
1,<environment.Job instance at 0x7fd4fe380fa0>,31,2,[ 2 10],32,67,69,35,56
1,<environment.Job instance at 0x7fd4fe380730>,32,23,[6 2],33,68,91,35,62
1,<environment.Job instance at 0x7fd4fe3800a0>,34,3,[ 1 12],35,69,72,34,66
1,<environment.Job instance at 0x7fd4fe5f8af0>,39,3,[4 5],40,72,75,32,69
1,<environment.Job instance at 0x7fd4fe5f81e0>,40,2,[1 5],41,72,74,31,69
1,<environment.Job instance at 0x7fd4fe5f8500>,41,1,[3 6],42,74,75,32,69
1,<environment.Job instance at 0x7fd541de10f0>,43,1,[11  3],44,91,92,47,87
1,<environment.Job instance at 0x7fd541de1e10>,45,28,[ 4 12],46,90,118,44,90
1,<environment.Job instance at 0x7fd541eab320>,49,1,[ 4 13],50,118,119,68,115
1,<environment.Job instance at 0x7fd541eabb90>,50,1,[7 5],51,119,120,68,115
1,<environment.Job instance at 0x7fd548e004b0>,52,2,[3 5],53,119,121,66,115
1,<environment.Job instance at 0x7fd548e00550>,53,14,[ 2 11],54,121,135,67,115
1,<environment.Job instance at 0x7fd541fc8b40>,57,2,[6 5],58,140,142,82,140
1,<environment.Job instance at 0x7fd541a85460>,4,16,[8 2],5,140,156,135,140
1,<environment.Job instance at 0x7fd541fc8b90>,59,3,[2 7],60,142,145,82,141
1,<environment.Job instance at 0x7fd541fc8280>,61,1,[6 2],62,147,148,85,147
1,<environment.Job instance at 0x7fd542106d70>,62,17,[ 1 10],63,147,164,84,147
1,<environment.Job instance at 0x7fd4fe380b90>,30,2,[7 5],31,156,158,125,147
1,<environment.Job instance at 0x7fd542106320>,64,13,[1 9],65,164,177,99,151
1,<environment.Job instance at 0x7fd542106870>,65,24,[5 2],66,158,182,92,156
1,<environment.Job instance at 0x7fd542106a50>,63,15,[8 4],64,164,179,100,156
1,<environment.Job instance at 0x7fd5421065a0>,67,3,[7 5],68,179,182,111,157
1,<environment.Job instance at 0x7fd5421067d0>,68,1,[5 6],69,182,183,113,157
1,<environment.Job instance at 0x7fd5421baa00>,72,2,[8 4],73,182,184,109,158
1,<environment.Job instance at 0x7fd5421ba190>,74,1,[5 9],75,183,184,108,159
1,<environment.Job instance at 0x7fd5421bad20>,79,13,[ 1 11],80,184,197,104,179
1,<environment.Job instance at 0x7fd5421ba4b0>,80,25,[5 5],81,197,222,116,193
1,<environment.Job instance at 0x7fd5421ba500>,82,1,[1 7],83,197,198,114,193
1,<environment.Job instance at 0x7fd541b08be0>,83,3,[ 4 11],84,222,225,138,196
1,<environment.Job instance at 0x7fd541b08f50>,84,2,[7 5],85,198,200,113,196
1,<environment.Job instance at 0x7fd541b08af0>,85,19,[2 8],86,200,219,114,196
1,<environment.Job instance at 0x7fd548ee8140>,87,1,[10  1],88,196,197,108,196
1,<environment.Job instance at 0x7fd548ee82d0>,88,3,[2 6],89,219,222,130,196
1,<environment.Job instance at 0x7fd54201a4b0>,90,2,[10  4],91,222,224,131,202
1,<environment.Job instance at 0x7fd4fdf9c0a0>,2,3,[5 8],3,5,8,2,5
1,<environment.Job instance at 0x7fd541e081e0>,5,1,[1 7],6,6,7,0,6
1,<environment.Job instance at 0x7fd54207e500>,6,2,[5 3],7,7,9,0,7
1,<environment.Job instance at 0x7fd541e08370>,7,1,[4 7],8,8,9,0,8
1,<environment.Job instance at 0x7fd541adc4b0>,9,2,[4 8],10,10,12,0,10
1,<environment.Job instance at 0x7fd541adc910>,10,2,[13  2],11,12,14,1,11
1,<environment.Job instance at 0x7fd5422152d0>,17,26,[ 3 10],18,21,47,3,21
1,<environment.Job instance at 0x7fd5422150f0>,18,12,[10  4],19,21,33,2,21
1,<environment.Job instance at 0x7fd542215820>,21,3,[12  2],22,33,36,11,33
1,<environment.Job instance at 0x7fd542215e10>,22,1,[2 6],23,47,48,24,33
1,<environment.Job instance at 0x7fd542215cd0>,23,3,[6 1],24,36,39,12,33
1,<environment.Job instance at 0x7fd5422150a0>,24,1,[7 3],25,39,40,14,33
1,<environment.Job instance at 0x7fd541ec6d70>,25,3,[8 1],26,40,43,14,33
1,<environment.Job instance at 0x7fd541ec6730>,26,2,[5 9],27,47,49,20,33
1,<environment.Job instance at 0x7fd541ec6cd0>,27,2,[5 8],28,49,51,21,33
1,<environment.Job instance at 0x7fd541ec6c30>,29,2,[10  1],30,43,45,13,33
1,<environment.Job instance at 0x7fd541ec6460>,32,1,[7 4],33,45,46,12,39
1,<environment.Job instance at 0x7fd4fe0fbf50>,35,13,[7 4],36,60,73,24,60
1,<environment.Job instance at 0x7fd4fe0fb5f0>,37,3,[6 5],38,62,65,24,62
1,<environment.Job instance at 0x7fd4fe0fbc80>,38,1,[2 8],39,65,66,26,62
1,<environment.Job instance at 0x7fd4fe0fb410>,39,2,[6 3],40,65,67,25,62
1,<environment.Job instance at 0x7fd4fe0fb7d0>,41,1,[5 3],42,67,68,25,62
1,<environment.Job instance at 0x7fd4fe0fb190>,43,3,[7 1],44,79,82,35,79
1,<environment.Job instance at 0x7fd4fe0fb780>,44,12,[7 1],45,79,91,34,79
1,<environment.Job instance at 0x7fd4fe0fbf00>,45,3,[ 1 10],46,79,82,33,79
1,<environment.Job instance at 0x7fd4fe0fb4b0>,46,1,[11  3],47,91,92,44,79
1,<environment.Job instance at 0x7fd541c6b410>,47,1,[8 4],48,82,83,34,79
1,<environment.Job instance at 0x7fd541c6b780>,49,2,[3 9],50,83,85,33,79
1,<environment.Job instance at 0x7fd541c6b230>,52,2,[8 5],53,97,99,44,97
1,<environment.Job instance at 0x7fd541c6bc80>,53,14,[14  1],54,99,113,45,97
1,<environment.Job instance at 0x7fd541ec6050>,34,3,[14  3],35,129,132,94,129
1,<environment.Job instance at 0x7fd54440bc80>,63,3,[4 7],64,138,141,74,138
1,<environment.Job instance at 0x7fd4fe366780>,64,13,[10  1],65,138,151,73,138
1,<environment.Job instance at 0x7fd541e2dc80>,65,3,[8 5],66,151,154,85,138
1,<environment.Job instance at 0x7fd541e2d5a0>,67,13,[7 1],68,151,164,83,144
1,<environment.Job instance at 0x7fd541e2dc30>,68,3,[4 7],69,144,147,75,144
1,<environment.Job instance at 0x7fd541e2d4b0>,69,3,[4 8],70,147,150,77,144
1,<environment.Job instance at 0x7fd541e2d780>,70,12,[3 8],71,154,166,83,150
1,<environment.Job instance at 0x7fd541e2d050>,73,15,[ 2 12],74,166,181,92,152
1,<environment.Job instance at 0x7fd541e2d910>,77,2,[9 2],78,164,166,86,157
1,<environment.Job instance at 0x7fd541e2da00>,78,2,[13  1],79,166,168,87,157
1,<environment.Job instance at 0x7fd5444ddf50>,80,14,[8 2],81,168,182,87,161
1,<environment.Job instance at 0x7fd541e69d20>,81,26,[7 2],82,181,207,99,178
1,<environment.Job instance at 0x7fd5445d5230>,88,15,[10  2],89,207,222,118,194
1,<environment.Job instance at 0x7fd5445d5320>,90,2,[8 1],91,194,196,103,194
1,<environment.Job instance at 0x7fd5445d5910>,91,23,[5 9],92,196,219,104,194
1,<environment.Job instance at 0x7fd5445d5b90>,93,3,[ 1 14],94,222,225,128,196
1,<environment.Job instance at 0x7fd4fe03a2d0>,96,1,[ 3 13],97,219,220,122,205
1,<environment.Job instance at 0x7fd541adc5f0>,2,2,[2 8],3,3,5,0,3
1,<environment.Job instance at 0x7fd5447f6280>,5,2,[8 1],6,11,13,5,11
1,<environment.Job instance at 0x7fd4fe124b40>,12,14,[3 7],13,22,36,9,22
1,<environment.Job instance at 0x7fd544456fa0>,15,15,[ 1 10],16,36,51,20,30
1,<environment.Job instance at 0x7fd541b7b320>,17,1,[7 5],18,30,31,12,30
1,<environment.Job instance at 0x7fd541b78f00>,18,1,[10  1],19,31,32,12,31
1,<environment.Job instance at 0x7fd4fdd2d4b0>,24,2,[1 5],25,43,45,18,43
1,<environment.Job instance at 0x7fd4fdd2dfa0>,25,3,[9 4],26,45,48,19,43
1,<environment.Job instance at 0x7fd4fe37c500>,26,25,[8 1],27,48,73,21,44
1,<environment.Job instance at 0x7fd541b7b730>,16,13,[ 5 11],17,51,64,34,47
1,<environment.Job instance at 0x7fd54487a780>,6,1,[ 3 11],7,64,65,57,52
1,<environment.Job instance at 0x7fd544338870>,30,2,[3 9],31,65,67,34,53
1,<environment.Job instance at 0x7fd544338410>,32,3,[10  3],33,73,76,40,55
1,<environment.Job instance at 0x7fd4fdd398c0>,34,28,[7 4],35,76,104,41,75
1,<environment.Job instance at 0x7fd4fdd390a0>,35,20,[7 2],36,83,103,47,83
1,<environment.Job instance at 0x7fd4fdd5d050>,42,3,[8 4],43,103,106,60,102
1,<environment.Job instance at 0x7fd4fdd44a50>,44,19,[1 8],45,104,123,59,102
1,<environment.Job instance at 0x7fd4fdd442d0>,45,3,[9 3],46,106,109,60,102
1,<environment.Job instance at 0x7fd4fe517190>,47,3,[6 1],48,116,119,68,116
1,<environment.Job instance at 0x7fd4fe38e190>,53,20,[4 5],54,129,149,75,129
1,<environment.Job instance at 0x7fd4fe385190>,54,2,[6 5],55,129,131,74,129
1,<environment.Job instance at 0x7fd544706e60>,55,20,[5 5],56,129,149,73,129
1,<environment.Job instance at 0x7fd544851e60>,11,23,[1 8],12,150,173,138,150
1,<environment.Job instance at 0x7fd4fdd39c30>,37,17,[5 6],38,150,167,112,150
1,<environment.Job instance at 0x7fd4fdf25550>,63,15,[1 5],64,167,182,103,162
1,<environment.Job instance at 0x7fd5446f0be0>,64,2,[5 2],65,167,169,102,162
1,<environment.Job instance at 0x7fd5446f02d0>,66,2,[14  1],67,173,175,106,162
1,<environment.Job instance at 0x7fd4fdd52eb0>,70,3,[7 3],71,175,178,104,173
1,<environment.Job instance at 0x7fd4fe35ab90>,71,25,[1 6],72,175,200,103,173
1,<environment.Job instance at 0x7fd4fe4f1820>,72,12,[12  2],73,178,190,105,173
1,<environment.Job instance at 0x7fd4fe4f1050>,73,26,[10  4],74,190,216,116,187
1,<environment.Job instance at 0x7fd4fe6511e0>,2,13,[13  5],3,5,18,2,5
1,<environment.Job instance at 0x7fd4fdd2cfa0>,5,2,[ 2 12],6,18,20,12,8
1,<environment.Job instance at 0x7fd4fe0fb500>,8,21,[2 5],9,20,41,11,12
1,<environment.Job instance at 0x7fd544434640>,9,23,[5 7],10,20,43,10,14
1,<environment.Job instance at 0x7fd54202deb0>,16,12,[14  2],17,43,55,26,26
1,<environment.Job instance at 0x7fd4fdef0aa0>,17,19,[ 2 10],18,55,74,37,45
1,<environment.Job instance at 0x7fd54202d4b0>,18,1,[ 5 14],19,74,75,55,46
1,<environment.Job instance at 0x7fd54202d140>,20,1,[2 9],21,75,76,54,48
1,<environment.Job instance at 0x7fd4fded34b0>,23,3,[3 6],24,75,78,51,49
1,<environment.Job instance at 0x7fd54222e4b0>,25,2,[5 7],26,76,78,50,50
1,<environment.Job instance at 0x7fd5421386e0>,27,3,[10  5],28,55,58,27,51
1,<environment.Job instance at 0x7fd4fdf6e2d0>,29,14,[1 8],30,78,92,48,70
1,<environment.Job instance at 0x7fd4fdf6ef50>,30,12,[ 1 13],31,92,104,61,75
1,<environment.Job instance at 0x7fd5420f8e10>,32,2,[4 5],33,82,84,49,82
1,<environment.Job instance at 0x7fd5420f8cd0>,33,13,[10  4],34,104,117,70,91
1,<environment.Job instance at 0x7fd5420f88c0>,35,2,[11  4],36,117,119,81,91
1,<environment.Job instance at 0x7fd541e3e5a0>,36,1,[6 4],37,119,120,82,92
1,<environment.Job instance at 0x7fd4fe521d70>,3,3,[6 1],4,93,96,89,93
1,<environment.Job instance at 0x7fd541e3e0f0>,39,21,[7 2],40,119,140,79,111
1,<environment.Job instance at 0x7fd4fe45a4b0>,43,14,[6 1],44,130,144,86,130
1,<environment.Job instance at 0x7fd5444512d0>,45,2,[8 4],46,140,142,94,130
1,<environment.Job instance at 0x7fd544451960>,46,23,[ 5 12],47,142,165,95,136
1,<environment.Job instance at 0x7fd544451f50>,47,21,[10  4],48,165,186,117,157
1,<environment.Job instance at 0x7fd4fe64e410>,48,2,[6 1],49,157,159,108,157
1,<environment.Job instance at 0x7fd54431f910>,49,12,[1 8],50,165,177,115,157
1,<environment.Job instance at 0x7fd54431f460>,51,21,[1 7],52,177,198,125,169
1,<environment.Job instance at 0x7fd54431f320>,52,1,[ 4 11],53,198,199,145,170
1,<environment.Job instance at 0x7fd54431f0a0>,54,3,[ 3 10],55,199,202,144,173
1,<environment.Job instance at 0x7fd54431f820>,57,1,[7 1],58,186,187,128,173
1,<environment.Job instance at 0x7fd54431fb90>,58,1,[1 5],59,186,187,127,173
1,<environment.Job instance at 0x7fd541f7b140>,62,18,[1 5],63,199,217,136,188
1,<environment.Job instance at 0x7fd541f7b2d0>,63,15,[2 8],64,202,217,138,197
1,<environment.Job instance at 0x7fd541f7b370>,64,3,[ 1 12],65,217,220,152,197
1,<environment.Job instance at 0x7fd541cf6960>,65,3,[ 1 10],66,220,223,154,197
1,<environment.Job instance at 0x7fd541cf6870>,66,3,[3 9],67,223,226,156,197
1,<environment.Job instance at 0x7fd4fe66b190>,69,3,[9 3],70,217,220,147,212
1,<environment.Job instance at 0x7fd4fe66b910>,70,25,[6 2],71,220,245,149,216
1,<environment.Job instance at 0x7fd4fe66bfa0>,71,2,[5 2],72,220,222,148,216
1,<environment.Job instance at 0x7fd4fe66bc30>,72,3,[14  1],73,245,248,172,219
1,<environment.Job instance at 0x7fd4fe66b050>,73,1,[ 4 12],74,226,227,152,219
1,<environment.Job instance at 0x7fd541f1aaf0>,4,2,[7 3],5,5,7,0,5
1,<environment.Job instance at 0x7fd541f1a6e0>,9,3,[9 5],10,10,13,0,10
1,<environment.Job instance at 0x7fd541f1a640>,10,2,[8 4],11,13,15,2,11
1,<environment.Job instance at 0x7fd541f1a140>,11,1,[3 9],12,12,13,0,12
1,<environment.Job instance at 0x7fd4fe3dd370>,12,1,[2 9],13,13,14,0,13
1,<environment.Job instance at 0x7fd4fdf17be0>,15,16,[10  1],16,16,32,0,16
1,<environment.Job instance at 0x7fd4fdf178c0>,16,21,[10  4],17,32,53,15,24
1,<environment.Job instance at 0x7fd4fdf17640>,20,1,[8 3],21,53,54,32,25
1,<environment.Job instance at 0x7fd4fdf17d20>,21,2,[10  3],22,54,56,32,27
1,<environment.Job instance at 0x7fd4fdf17460>,22,3,[ 4 10],23,27,30,4,27
1,<environment.Job instance at 0x7fd4fdf17d70>,25,23,[7 3],26,56,79,30,50
1,<environment.Job instance at 0x7fd4fdf17410>,26,2,[ 2 10],27,50,52,23,50
1,<environment.Job instance at 0x7fd4fdf17f00>,27,20,[8 3],28,56,76,28,50
1,<environment.Job instance at 0x7fd4fdf17230>,28,1,[9 5],29,79,80,50,51
1,<environment.Job instance at 0x7fd4fdf17730>,29,22,[9 1],30,80,102,50,73
1,<environment.Job instance at 0x7fd4fdf17050>,30,2,[9 2],31,102,104,71,75
1,<environment.Job instance at 0x7fd4fdef37d0>,32,18,[ 3 13],33,80,98,47,75
1,<environment.Job instance at 0x7fd4fdef3f00>,37,2,[4 5],38,76,78,38,75
1,<environment.Job instance at 0x7fd4fdd1ba50>,40,3,[1 9],41,98,101,57,96
1,<environment.Job instance at 0x7fd4fdd1b320>,41,2,[3 5],42,98,100,56,96
1,<environment.Job instance at 0x7fd4fdd1b410>,46,12,[1 5],47,128,140,81,128
1,<environment.Job instance at 0x7fd4fdd1be60>,47,1,[1 9],48,128,129,80,128
1,<environment.Job instance at 0x7fd4fdd1b0a0>,48,3,[7 1],49,128,131,79,128
1,<environment.Job instance at 0x7fd4fdd1bc80>,49,2,[10  5],50,131,133,81,128
1,<environment.Job instance at 0x7fd4fdd1b0f0>,50,1,[5 8],51,129,130,78,128
1,<environment.Job instance at 0x7fd4fdd1b910>,52,26,[9 3],53,133,159,80,130
1,<environment.Job instance at 0x7fd541f1a280>,17,14,[ 3 12],18,140,154,122,133
1,<environment.Job instance at 0x7fd4fdd1b460>,56,3,[12  4],57,159,162,102,144
1,<environment.Job instance at 0x7fd4fdda6550>,59,2,[ 1 10],60,154,156,94,145
1,<environment.Job instance at 0x7fd4fdda6140>,64,2,[ 4 10],65,162,164,97,159
1,<environment.Job instance at 0x7fd4fdda6280>,66,15,[ 1 11],67,168,183,101,168
1,<environment.Job instance at 0x7fd4fdda6b90>,67,22,[6 4],68,168,190,100,168
1,<environment.Job instance at 0x7fd4fdda6050>,69,2,[1 6],70,183,185,113,172
1,<environment.Job instance at 0x7fd4fdda6e60>,72,2,[4 8],73,187,189,114,187
1,<environment.Job instance at 0x7fd4fdda69b0>,73,2,[10  3],74,190,192,116,187
1,<environment.Job instance at 0x7fd4fdda6eb0>,75,3,[10  5],76,192,195,116,188
1,<environment.Job instance at 0x7fd4fdda63c0>,76,12,[9 2],77,195,207,118,191
1,<environment.Job instance at 0x7fd4fdd1bcd0>,57,13,[9 2],58,207,220,149,193
1,<environment.Job instance at 0x7fd4fe3dd640>,2,24,[7 2],3,3,27,0,3
1,<environment.Job instance at 0x7fd548eb8050>,4,27,[5 1],5,5,32,0,5
1,<environment.Job instance at 0x7fd4fe58d870>,5,1,[ 5 12],6,27,28,21,7
1,<environment.Job instance at 0x7fd541e61fa0>,8,3,[13  2],9,32,35,23,9
1,<environment.Job instance at 0x7fd541de2460>,18,3,[7 1],19,28,31,9,26
1,<environment.Job instance at 0x7fd4fe1d2410>,20,3,[13  5],21,35,38,14,26
1,<environment.Job instance at 0x7fd4fe1d2230>,21,3,[6 4],22,38,41,16,26
1,<environment.Job instance at 0x7fd4fe1d2b40>,24,1,[8 2],25,41,42,16,41
1,<environment.Job instance at 0x7fd4fe414230>,25,3,[14  3],26,42,45,16,41
1,<environment.Job instance at 0x7fd4fe1d24b0>,27,18,[2 8],28,48,66,20,48
1,<environment.Job instance at 0x7fd4fe1d0e60>,28,3,[ 2 10],29,66,69,37,48
1,<environment.Job instance at 0x7fd4fe1d0dc0>,29,1,[8 3],30,48,49,18,48
1,<environment.Job instance at 0x7fd4fe1ae820>,33,12,[10  2],34,59,71,25,59
1,<environment.Job instance at 0x7fd4fe1aebe0>,34,1,[10  2],35,71,72,36,59
1,<environment.Job instance at 0x7fd4fe1aef00>,35,27,[1 5],36,69,96,33,67
1,<environment.Job instance at 0x7fd4fe1d54b0>,37,2,[ 1 10],38,72,74,34,68
1,<environment.Job instance at 0x7fd548eb8190>,6,13,[4 9],7,74,87,67,73
1,<environment.Job instance at 0x7fd4fe1ae370>,36,18,[ 2 10],37,87,105,50,79
1,<environment.Job instance at 0x7fd5421c8be0>,46,1,[10  1],47,96,97,49,93
1,<environment.Job instance at 0x7fd4fe1bf4b0>,48,12,[10  1],49,100,112,51,100
1,<environment.Job instance at 0x7fd54203b910>,51,21,[8 4],52,112,133,60,106
1,<environment.Job instance at 0x7fd5421a3f50>,53,3,[6 5],54,116,119,62,116
1,<environment.Job instance at 0x7fd5448460a0>,54,3,[6 4],55,119,122,64,118
1,<environment.Job instance at 0x7fd5421b8b40>,57,18,[2 7],58,129,147,71,129
1,<environment.Job instance at 0x7fd5421b8370>,58,12,[1 5],59,135,147,76,135
1,<environment.Job instance at 0x7fd541e5baf0>,60,15,[6 1],61,136,151,75,136
1,<environment.Job instance at 0x7fd5421bb410>,61,3,[4 7],62,147,150,85,136
1,<environment.Job instance at 0x7fd5421bb7d0>,62,3,[10  5],63,151,154,88,136
1,<environment.Job instance at 0x7fd541e8e460>,63,2,[4 5],64,147,149,83,136
1,<environment.Job instance at 0x7fd541e8e5a0>,64,20,[8 2],65,154,174,89,145
1,<environment.Job instance at 0x7fd541e815a0>,68,3,[8 2],69,174,177,105,148
1,<environment.Job instance at 0x7fd541e81230>,70,21,[10  5],71,177,198,106,169
1,<environment.Job instance at 0x7fd4fe1aeeb0>,39,3,[13  3],40,198,201,158,174
1,<environment.Job instance at 0x7fd541e746e0>,42,17,[1 7],43,180,197,137,180
1,<environment.Job instance at 0x7fd541cd1550>,83,2,[2 8],84,197,199,113,180
1,<environment.Job instance at 0x7fd541cd1f00>,86,23,[ 1 13],87,201,224,114,195
1,<environment.Job instance at 0x7fd541cd1d20>,87,2,[ 2 11],88,199,201,111,199
1,<environment.Job instance at 0x7fd541e81550>,75,1,[ 3 11],76,224,225,148,202
1,<environment.Job instance at 0x7fd4fe1df5f0>,0,15,[ 1 11],1,1,16,0,1
1,<environment.Job instance at 0x7fd541e8e8c0>,1,2,[11  4],2,3,5,1,3
1,<environment.Job instance at 0x7fd4fe58de10>,4,2,[4 5],5,16,18,11,5
1,<environment.Job instance at 0x7fd4fde65690>,6,3,[4 7],7,16,19,9,7
1,<environment.Job instance at 0x7fd54904a5f0>,17,3,[1 5],18,23,26,5,23
1,<environment.Job instance at 0x7fd4fde214b0>,19,12,[7 4],20,31,43,11,31
1,<environment.Job instance at 0x7fd4fe3a9230>,20,18,[5 6],21,31,49,10,31
1,<environment.Job instance at 0x7fd54220e9b0>,21,2,[ 1 10],22,49,51,27,31
1,<environment.Job instance at 0x7fd54220eaa0>,23,13,[10  5],24,43,56,19,40
1,<environment.Job instance at 0x7fd5444101e0>,24,1,[6 3],25,56,57,31,40
1,<environment.Job instance at 0x7fd5444100f0>,26,26,[5 7],27,51,77,24,48
1,<environment.Job instance at 0x7fd541da8b90>,27,2,[1 6],28,57,59,29,48
1,<environment.Job instance at 0x7fd4fe4626e0>,30,1,[7 3],31,59,60,28,48
1,<environment.Job instance at 0x7fd4fdd42be0>,35,3,[4 7],36,61,64,25,61
1,<environment.Job instance at 0x7fd4fdd42aa0>,36,3,[ 4 11],37,77,80,40,61
1,<environment.Job instance at 0x7fd4fdd42190>,39,20,[3 9],40,80,100,40,74
1,<environment.Job instance at 0x7fd4fdd421e0>,33,3,[8 1],34,78,81,44,78
1,<environment.Job instance at 0x7fd541d0ca50>,44,3,[11  3],45,90,93,45,90
1,<environment.Job instance at 0x7fd541d0ce60>,46,2,[ 2 12],47,104,106,57,104
1,<environment.Job instance at 0x7fd541d0ceb0>,47,2,[1 9],48,106,108,58,104
1,<environment.Job instance at 0x7fd4fdd2de60>,48,2,[7 4],49,106,108,57,104
1,<environment.Job instance at 0x7fd541d0c910>,49,1,[5 4],50,108,109,58,104
1,<environment.Job instance at 0x7fd541aecf50>,50,1,[3 6],51,108,109,57,104
1,<environment.Job instance at 0x7fd541aec550>,52,2,[6 2],53,104,106,51,104
1,<environment.Job instance at 0x7fd54905a370>,54,3,[ 3 10],55,109,112,54,108
1,<environment.Job instance at 0x7fd549061aa0>,55,27,[6 2],56,108,135,52,108
1,<environment.Job instance at 0x7fd549061f00>,56,2,[9 1],57,112,114,55,108
1,<environment.Job instance at 0x7fd4fdd2c910>,2,3,[14  5],3,135,138,132,114
1,<environment.Job instance at 0x7fd4fdd42d70>,42,17,[3 6],43,114,131,71,114
1,<environment.Job instance at 0x7fd544631dc0>,61,2,[7 3],62,131,133,69,124
1,<environment.Job instance at 0x7fd4fe2f0aa0>,64,3,[8 2],65,146,149,81,146
1,<environment.Job instance at 0x7fd4fe2f0c30>,67,3,[6 1],68,154,157,86,154
1,<environment.Job instance at 0x7fd4fe362140>,71,18,[1 7],72,166,184,94,166
1,<environment.Job instance at 0x7fd4fe3620a0>,72,3,[1 9],73,184,187,111,166
1,<environment.Job instance at 0x7fd4fe362820>,73,1,[6 2],74,166,167,92,166
1,<environment.Job instance at 0x7fd5447c35f0>,75,1,[ 4 14],76,187,188,111,167
1,<environment.Job instance at 0x7fd4fe362cd0>,76,3,[6 5],77,167,170,90,167
1,<environment.Job instance at 0x7fd5447c3aa0>,77,3,[1 9],78,188,191,110,167
1,<environment.Job instance at 0x7fd5447c39b0>,78,2,[2 7],79,170,172,91,167
1,<environment.Job instance at 0x7fd5443fdfa0>,79,2,[5 3],80,167,169,87,167
1,<environment.Job instance at 0x7fd5443fd960>,80,1,[3 7],81,172,173,91,167
1,<environment.Job instance at 0x7fd5443760f0>,81,1,[4 6],82,173,174,91,167
1,<environment.Job instance at 0x7fd541b35410>,58,3,[ 3 12],59,191,194,132,168
1,<environment.Job instance at 0x7fd544376780>,83,2,[2 7],84,174,176,90,172
1,<environment.Job instance at 0x7fd4fdfa53c0>,84,18,[7 1],85,173,191,88,173
1,<environment.Job instance at 0x7fd4fdfa5b40>,85,2,[10  4],86,194,196,108,174
1,<environment.Job instance at 0x7fd4fdfa5c80>,87,1,[10  4],88,196,197,108,177
1,<environment.Job instance at 0x7fd5421908c0>,88,1,[2 9],89,194,195,105,177
1,<environment.Job instance at 0x7fd542190140>,89,22,[14  5],90,197,219,107,190
1,<environment.Job instance at 0x7fd54434ef00>,91,1,[ 5 10],92,195,196,103,194
1,<environment.Job instance at 0x7fd54434e0f0>,92,12,[11  2],93,219,231,126,202
1,<environment.Job instance at 0x7fd4fdd1e230>,4,3,[9 3],5,5,8,0,5
1,<environment.Job instance at 0x7fd4fdd9a410>,5,26,[14  3],6,8,34,2,6
1,<environment.Job instance at 0x7fd5421381e0>,14,18,[1 9],15,17,35,2,17
1,<environment.Job instance at 0x7fd4fdea9be0>,16,2,[14  2],17,34,36,17,18
1,<environment.Job instance at 0x7fd4fdea9f00>,17,3,[13  2],18,36,39,18,19
1,<environment.Job instance at 0x7fd4fdea9870>,20,1,[3 6],21,39,40,18,35
1,<environment.Job instance at 0x7fd4fdea9e60>,21,19,[3 9],22,39,58,17,35
1,<environment.Job instance at 0x7fd5447c3500>,3,13,[7 2],4,40,53,36,38
1,<environment.Job instance at 0x7fd4fdea9af0>,29,18,[13  1],30,58,76,28,51
1,<environment.Job instance at 0x7fd4fdea9550>,31,1,[1 6],32,60,61,28,60
1,<environment.Job instance at 0x7fd4fdea9460>,32,25,[2 8],33,61,86,28,60
1,<environment.Job instance at 0x7fd4fdea9370>,34,15,[ 3 14],35,86,101,51,72
1,<environment.Job instance at 0x7fd4fde3cf00>,37,3,[7 4],38,76,79,38,75
1,<environment.Job instance at 0x7fd4fde3cd20>,40,12,[ 3 11],41,101,113,60,96
1,<environment.Job instance at 0x7fd4fde3c640>,41,28,[1 5],42,113,141,71,112
1,<environment.Job instance at 0x7fd4fde3c320>,42,2,[3 8],43,113,115,70,112
1,<environment.Job instance at 0x7fd4fdea95a0>,26,17,[4 9],27,115,132,88,112
1,<environment.Job instance at 0x7fd4fde3cc80>,43,16,[10  1],44,112,128,68,112
1,<environment.Job instance at 0x7fd4fde3cf50>,45,2,[1 7],46,132,134,86,112
1,<environment.Job instance at 0x7fd4fde3ceb0>,47,14,[9 1],48,128,142,80,113
1,<environment.Job instance at 0x7fd4fde3c190>,49,2,[4 6],50,134,136,84,113
1,<environment.Job instance at 0x7fd54436ebe0>,50,27,[3 8],51,136,163,85,134
1,<environment.Job instance at 0x7fd54436edc0>,51,16,[ 3 14],52,163,179,111,150
1,<environment.Job instance at 0x7fd54436ecd0>,53,3,[ 3 10],54,179,182,125,153
1,<environment.Job instance at 0x7fd54436e820>,56,3,[5 6],57,153,156,96,153
1,<environment.Job instance at 0x7fd54436ed20>,58,1,[7 4],59,157,158,98,157
1,<environment.Job instance at 0x7fd54435e190>,60,20,[7 1],61,158,178,97,157
1,<environment.Job instance at 0x7fd54435e4b0>,61,1,[12  2],62,179,180,117,157
1,<environment.Job instance at 0x7fd54435e5a0>,62,1,[9 3],63,180,181,117,157
1,<environment.Job instance at 0x7fd54435e500>,64,1,[10  3],65,181,182,116,157
1,<environment.Job instance at 0x7fd54435eb90>,65,3,[4 6],66,158,161,92,157
1,<environment.Job instance at 0x7fd54435e460>,67,3,[6 5],68,182,185,114,160
1,<environment.Job instance at 0x7fd54435e140>,70,3,[2 6],71,182,185,111,171
1,<environment.Job instance at 0x7fd54435efa0>,71,17,[ 3 10],72,185,202,113,173
1,<environment.Job instance at 0x7fd54435eb40>,73,2,[7 2],74,182,184,108,173
1,<environment.Job instance at 0x7fd54435ec30>,74,17,[4 5],75,185,202,110,173
1,<environment.Job instance at 0x7fd54435e910>,76,3,[5 2],77,202,205,125,176
1,<environment.Job instance at 0x7fd54435e3c0>,77,1,[10  1],78,178,179,100,176
1,<environment.Job instance at 0x7fd54435ea00>,78,3,[2 5],79,202,205,123,176
1,<environment.Job instance at 0x7fd4fdfd4be0>,79,1,[3 8],80,202,203,122,176
1,<environment.Job instance at 0x7fd4fdfd4f00>,80,23,[ 1 12],81,205,228,124,199
1,<environment.Job instance at 0x7fd4fdd1edc0>,0,19,[3 8],1,1,20,0,1
1,<environment.Job instance at 0x7fd4fdd1ee10>,2,22,[13  5],3,20,42,17,13
1,<environment.Job instance at 0x7fd4fde4d820>,7,27,[3 7],8,42,69,34,40
1,<environment.Job instance at 0x7fd4fdd4c8c0>,13,3,[8 3],14,42,45,28,40
1,<environment.Job instance at 0x7fd5448a0410>,17,3,[5 9],18,69,72,51,47
1,<environment.Job instance at 0x7fd5448a0690>,19,2,[5 5],20,47,49,27,47
1,<environment.Job instance at 0x7fd5448a0910>,20,1,[5 1],21,47,48,26,47
1,<environment.Job instance at 0x7fd4fdd1e6e0>,3,28,[10  5],4,49,77,45,48
1,<environment.Job instance at 0x7fd5448a0780>,25,25,[2 7],26,72,97,46,68
1,<environment.Job instance at 0x7fd5448a0a00>,22,2,[8 3],23,77,79,54,72
1,<environment.Job instance at 0x7fd4fdd1e500>,4,16,[4 6],5,79,95,74,75
1,<environment.Job instance at 0x7fd4fe53b5a0>,27,17,[ 5 14],28,97,114,69,85
1,<environment.Job instance at 0x7fd4fe1b0aa0>,34,2,[9 1],35,90,92,55,90
1,<environment.Job instance at 0x7fd4fe1b0cd0>,35,1,[7 1],36,92,93,56,90
1,<environment.Job instance at 0x7fd4fdc34e60>,38,2,[3 8],39,95,97,56,93
1,<environment.Job instance at 0x7fd4fdc340a0>,39,3,[ 1 10],40,114,117,74,93
1,<environment.Job instance at 0x7fd541cc3fa0>,41,1,[5 8],42,117,118,75,99
1,<environment.Job instance at 0x7fd5444d4d70>,42,2,[8 4],43,114,116,71,99
1,<environment.Job instance at 0x7fd4fdc349b0>,43,2,[7 1],44,99,101,55,99
1,<environment.Job instance at 0x7fd4fdd2f5f0>,44,3,[2 5],45,116,119,71,99
1,<environment.Job instance at 0x7fd4fe4240f0>,45,1,[7 4],46,118,119,72,99
1,<environment.Job instance at 0x7fd4fe424e60>,46,1,[5 9],47,119,120,72,99
1,<environment.Job instance at 0x7fd4fe1e2960>,47,2,[5 5],48,118,120,70,99
1,<environment.Job instance at 0x7fd541d9d410>,48,3,[9 4],49,120,123,71,99
1,<environment.Job instance at 0x7fd541d9dbe0>,51,26,[6 3],52,120,146,68,117
1,<environment.Job instance at 0x7fd4fe53b960>,28,17,[7 4],29,123,140,94,121
1,<environment.Job instance at 0x7fd541e5b910>,54,1,[5 7],55,140,141,85,125
1,<environment.Job instance at 0x7fd4fe53baf0>,29,16,[ 1 10],30,141,157,111,135
1,<environment.Job instance at 0x7fd4fdd3b550>,16,27,[13  1],17,147,174,130,147
1,<environment.Job instance at 0x7fd4fde3e9b0>,61,3,[11  1],62,174,177,112,148
1,<environment.Job instance at 0x7fd4fde3e730>,59,3,[12  2],60,177,180,117,152
1,<environment.Job instance at 0x7fd4fde3e690>,57,1,[ 5 12],58,180,181,122,152
1,<environment.Job instance at 0x7fd4fde50500>,70,1,[9 3],71,180,181,109,166
1,<environment.Job instance at 0x7fd4fde50320>,67,17,[5 5],68,181,198,113,177
1,<environment.Job instance at 0x7fd4fde506e0>,75,2,[5 4],76,181,183,105,180
1,<environment.Job instance at 0x7fd4fde50550>,68,24,[7 4],69,183,207,114,181
1,<environment.Job instance at 0x7fd4fe27d190>,81,24,[ 3 14],82,207,231,125,202
1,<environment.Job instance at 0x7fd4fe27d460>,82,2,[10  2],83,231,233,148,204
1,<environment.Job instance at 0x7fd4fe27d050>,83,1,[3 5],84,204,205,120,204
1,<environment.Job instance at 0x7fd4fe27db40>,85,1,[10  4],86,233,234,147,205
1,<environment.Job instance at 0x7f4884e3a140>,0,18,[ 2 10],1,2,20,1,2
1,<environment.Job instance at 0x7f487ba2a550>,6,12,[11  4],7,7,19,0,7
1,<environment.Job instance at 0x7f487ba2a640>,7,14,[5 1],8,19,33,11,18
1,<environment.Job instance at 0x7f487ba2a7d0>,10,1,[7 3],11,19,20,8,18
1,<environment.Job instance at 0x7f487ba2a960>,11,2,[3 9],12,20,22,8,18
1,<environment.Job instance at 0x7f487ba2aa00>,12,3,[6 3],13,20,23,7,18
1,<environment.Job instance at 0x7f487ba2abe0>,15,3,[10  2],16,29,32,13,29
1,<environment.Job instance at 0x7f487ba2ac80>,16,12,[1 8],17,38,50,21,38
1,<environment.Job instance at 0x7f487ba2ad20>,17,3,[10  3],18,38,41,20,38
1,<environment.Job instance at 0x7f487ba2af00>,18,16,[8 5],19,41,57,22,38
1,<environment.Job instance at 0x7f487ba2a4b0>,19,17,[12  3],20,57,74,37,45
1,<environment.Job instance at 0x7f487ba2b0a0>,22,2,[12  3],23,74,76,51,47
1,<environment.Job instance at 0x7f487ba2b2d0>,26,22,[2 9],27,50,72,23,47
1,<environment.Job instance at 0x7f487ba2b870>,33,2,[5 3],34,76,78,42,55
1,<environment.Job instance at 0x7f487ba2ba50>,36,2,[5 1],37,76,78,39,74
1,<environment.Job instance at 0x7f487ba2bfa0>,38,12,[3 6],39,80,92,41,80
1,<environment.Job instance at 0x7f487ba2bf50>,39,18,[5 8],40,80,98,40,80
1,<environment.Job instance at 0x7f487ba2beb0>,40,1,[1 8],41,98,99,57,80
1,<environment.Job instance at 0x7f487ba311e0>,43,28,[6 4],44,102,130,58,102
1,<environment.Job instance at 0x7f487ba31230>,44,17,[ 5 12],45,130,147,85,118
1,<environment.Job instance at 0x7f487ba31be0>,47,1,[2 6],48,118,119,70,118
1,<environment.Job instance at 0x7f487ba31e60>,49,2,[1 9],50,119,121,69,118
1,<environment.Job instance at 0x7f487ba31e10>,50,27,[9 1],51,121,148,70,119
1,<environment.Job instance at 0x7f487ba31eb0>,52,3,[ 3 11],53,147,150,94,124
1,<environment.Job instance at 0x7f487ba304b0>,57,3,[8 4],58,151,154,93,151
1,<environment.Job instance at 0x7f487ba30550>,58,1,[5 7],59,151,152,92,151
1,<environment.Job instance at 0x7f487ba30640>,59,14,[ 2 10],60,152,166,92,152
1,<environment.Job instance at 0x7f487ba30730>,60,24,[ 3 10],61,166,190,105,161
1,<environment.Job instance at 0x7f487ba306e0>,61,2,[9 2],62,161,163,99,161
1,<environment.Job instance at 0x7f487ba30460>,62,20,[9 1],63,163,183,100,161
1,<environment.Job instance at 0x7f487ba30a50>,67,26,[5 4],68,183,209,115,180
1,<environment.Job instance at 0x7f487ba30af0>,68,22,[5 6],69,190,212,121,183
1,<environment.Job instance at 0x7f487ba30dc0>,71,1,[8 2],72,209,210,137,183
1,<environment.Job instance at 0x7f487ba33280>,74,1,[6 2],75,210,211,135,187
1,<environment.Job instance at 0x7f487ba335a0>,78,19,[8 4],79,211,230,132,201
1,<environment.Job instance at 0x7f487ba33820>,80,2,[10  3],81,230,232,149,208
1,<environment.Job instance at 0x7f487ba33960>,81,17,[ 4 14],82,232,249,150,220
1,<environment.Job instance at 0x7f487ba33a00>,82,3,[10  1],83,232,235,149,220
1,<environment.Job instance at 0x7f487ba41c80>,5,15,[6 2],6,6,21,0,6
1,<environment.Job instance at 0x7f4839e26d70>,13,1,[5 6],14,20,21,6,20
1,<environment.Job instance at 0x7f487ba33a00>,2,2,[4 9],3,21,23,18,20
1,<environment.Job instance at 0x7f4839e265f0>,14,2,[8 5],15,21,23,6,20
1,<environment.Job instance at 0x7f4839e26e10>,11,16,[1 9],12,23,39,11,22
1,<environment.Job instance at 0x7f4839e264b0>,15,14,[3 8],16,39,53,23,27
1,<environment.Job instance at 0x7f4839e1e280>,20,12,[6 3],21,27,39,6,27
1,<environment.Job instance at 0x7f4839e2ab40>,26,22,[11  3],27,45,67,18,45
1,<environment.Job instance at 0x7f4839e2a8c0>,30,3,[9 1],31,67,70,36,52
1,<environment.Job instance at 0x7f4839e2abe0>,32,1,[ 5 10],33,67,68,34,59
1,<environment.Job instance at 0x7f4839e27050>,34,1,[9 4],35,70,71,35,59
1,<environment.Job instance at 0x7f4839e27190>,35,25,[3 9],36,68,93,32,64
1,<environment.Job instance at 0x7f4839e273c0>,36,1,[7 4],37,71,72,34,65
1,<environment.Job instance at 0x7f4839e27730>,39,23,[2 8],40,93,116,53,87
1,<environment.Job instance at 0x7f4839e27870>,41,1,[5 1],42,87,88,45,87
1,<environment.Job instance at 0x7f4839e288c0>,46,26,[9 1],47,98,124,51,98
1,<environment.Job instance at 0x7f4839e28c80>,50,18,[5 1],51,116,134,65,110
1,<environment.Job instance at 0x7f4839e87b90>,51,3,[8 2],52,124,127,72,110
1,<environment.Job instance at 0x7f4839e2a140>,24,13,[1 9],25,130,143,105,130
1,<environment.Job instance at 0x7f4839e26140>,18,16,[3 9],19,143,159,124,132
1,<environment.Job instance at 0x7f4839f93dc0>,60,2,[3 8],61,159,161,98,135
1,<environment.Job instance at 0x7f4839f47e10>,61,2,[12  1],62,137,139,75,137
1,<environment.Job instance at 0x7f4839e3e3c0>,63,27,[5 3],64,156,183,92,156
1,<environment.Job instance at 0x7f4839e3eb90>,66,13,[5 1],67,156,169,89,156
1,<environment.Job instance at 0x7f4839e27460>,37,13,[ 4 10],38,161,174,123,158
1,<environment.Job instance at 0x7f483a12ee10>,62,14,[9 2],63,174,188,111,159
1,<environment.Job instance at 0x7f4839f14460>,69,3,[ 4 12],70,183,186,113,165
1,<environment.Job instance at 0x7f4839f14640>,67,1,[1 6],68,174,175,106,168
1,<environment.Job instance at 0x7f4839f144b0>,68,22,[9 2],69,188,210,119,182
1,<environment.Job instance at 0x7f4839e34dc0>,56,23,[5 8],57,186,209,129,182
1,<environment.Job instance at 0x7f4839efc8c0>,84,28,[9 1],85,210,238,125,209
1,<environment.Job instance at 0x7f4839efc3c0>,87,1,[7 2],88,238,239,150,212
1,<environment.Job instance at 0x7f4839f32910>,77,18,[ 1 10],78,213,231,135,213
1,<environment.Job instance at 0x7f4839c8f2d0>,2,2,[9 4],3,3,5,0,3
1,<environment.Job instance at 0x7f4839c8f0a0>,3,3,[14  5],4,5,8,1,4
1,<environment.Job instance at 0x7f4839c8f230>,4,2,[1 7],5,5,7,0,5
1,<environment.Job instance at 0x7f4839c8f280>,5,1,[ 4 10],6,8,9,2,6
1,<environment.Job instance at 0x7f4839c75320>,7,1,[9 4],8,8,9,0,8
1,<environment.Job instance at 0x7f4839c75af0>,8,17,[12  1],9,10,27,1,10
1,<environment.Job instance at 0x7f4839c754b0>,12,1,[13  3],13,27,28,14,13
1,<environment.Job instance at 0x7f4839d65f00>,15,1,[8 2],16,28,29,12,16
1,<environment.Job instance at 0x7f487b800c80>,21,2,[3 8],22,42,44,20,42
1,<environment.Job instance at 0x7f487b800050>,22,27,[ 2 13],23,44,71,21,42
1,<environment.Job instance at 0x7f487b8b7e10>,28,1,[12  5],29,71,72,42,59
1,<environment.Job instance at 0x7f48468813c0>,29,1,[8 5],30,72,73,42,59
1,<environment.Job instance at 0x7f487bf5ad20>,31,15,[10  3],32,73,88,41,72
1,<environment.Job instance at 0x7f4839c975f0>,32,2,[7 1],33,88,90,55,72
1,<environment.Job instance at 0x7f4884fa7410>,33,2,[3 5],34,72,74,38,72
1,<environment.Job instance at 0x7f4839ce5410>,35,2,[4 6],36,74,76,38,73
1,<environment.Job instance at 0x7f4839ce5460>,36,2,[6 5],37,88,90,51,73
1,<environment.Job instance at 0x7f4839ce51e0>,38,3,[5 1],39,76,79,37,75
1,<environment.Job instance at 0x7f4839ce5fa0>,41,18,[ 4 13],42,90,108,48,90
1,<environment.Job instance at 0x7f4839ce5af0>,42,2,[9 3],43,108,110,65,90
1,<environment.Job instance at 0x7f4839ce54b0>,44,3,[5 8],45,108,111,63,105
1,<environment.Job instance at 0x7f4884fa4b40>,45,2,[2 6],46,110,112,64,105
1,<environment.Job instance at 0x7f4884fa4f00>,47,16,[ 5 13],48,112,128,64,105
1,<environment.Job instance at 0x7f487b8c4320>,52,2,[6 1],53,118,120,65,118
1,<environment.Job instance at 0x7f487bc4a140>,54,18,[13  2],55,128,146,73,118
1,<environment.Job instance at 0x7f4884fa4c80>,55,1,[5 7],56,146,147,90,118
1,<environment.Job instance at 0x7f4839c88d20>,56,2,[3 5],57,146,148,89,119
1,<environment.Job instance at 0x7f4839c88550>,57,2,[9 1],58,120,122,62,119
1,<environment.Job instance at 0x7f4839ce99b0>,59,16,[1 7],60,128,144,68,128
1,<environment.Job instance at 0x7f4839c88820>,60,18,[11  4],61,147,165,86,136
1,<environment.Job instance at 0x7f4839ce9eb0>,62,20,[7 3],63,165,185,102,156
1,<environment.Job instance at 0x7f487bbab8c0>,26,15,[7 3],27,165,180,138,156
1,<environment.Job instance at 0x7f4839d65c30>,17,1,[4 8],18,156,157,138,156
1,<environment.Job instance at 0x7f4839cf3e60>,66,20,[6 2],67,180,200,113,171
1,<environment.Job instance at 0x7f4839cf3370>,68,17,[2 8],69,180,197,111,177
1,<environment.Job instance at 0x7f4839cf3d20>,67,2,[5 9],68,197,199,129,189
1,<environment.Job instance at 0x7f487bc64370>,79,22,[1 6],80,199,221,119,192
1,<environment.Job instance at 0x7f487bc64690>,80,1,[5 1],81,192,193,111,192
1,<environment.Job instance at 0x7f487bc64f50>,81,25,[10  4],82,200,225,118,196
1,<environment.Job instance at 0x7f487bc64aa0>,82,2,[1 5],83,199,201,116,196
1,<environment.Job instance at 0x7f487b7fe870>,84,22,[1 9],85,221,243,136,214
1,<environment.Job instance at 0x7f487bee31e0>,86,3,[2 7],87,243,246,156,217
1,<environment.Job instance at 0x7f488021e320>,0,1,[ 4 12],1,2,3,1,2
1,<environment.Job instance at 0x7f483a129f00>,4,12,[13  3],5,5,17,0,5
1,<environment.Job instance at 0x7f48802229b0>,8,21,[9 5],9,17,38,8,11
1,<environment.Job instance at 0x7f48804d1eb0>,18,3,[ 2 10],19,30,33,11,30
1,<environment.Job instance at 0x7f487bd77fa0>,15,15,[5 7],16,33,48,17,30
1,<environment.Job instance at 0x7f487bb3bb90>,9,3,[12  1],10,48,51,38,31
1,<environment.Job instance at 0x7f487bb784b0>,19,16,[ 5 13],20,51,67,31,38
1,<environment.Job instance at 0x7f487ba61e10>,27,3,[10  3],28,67,70,39,47
1,<environment.Job instance at 0x7f487bafe0f0>,30,1,[2 9],31,48,49,17,48
1,<environment.Job instance at 0x7f487bb1fc30>,31,3,[9 3],32,70,73,38,48
1,<environment.Job instance at 0x7f487bb1fb40>,34,15,[ 1 10],35,67,82,32,66
1,<environment.Job instance at 0x7f487bb1fe60>,35,1,[12  4],36,73,74,37,66
1,<environment.Job instance at 0x7f487bb1f640>,36,2,[9 2],37,74,76,37,66
1,<environment.Job instance at 0x7f487bb1f370>,37,2,[5 2],38,70,72,32,66
1,<environment.Job instance at 0x7f487ba24870>,38,2,[6 5],39,76,78,37,66
1,<environment.Job instance at 0x7f487ba240a0>,39,3,[8 5],40,78,81,38,66
1,<environment.Job instance at 0x7f487ba24820>,41,15,[14  1],42,81,96,39,69
1,<environment.Job instance at 0x7f487ba240f0>,42,27,[5 5],43,96,123,53,94
1,<environment.Job instance at 0x7f487ba24230>,44,25,[1 7],45,94,119,49,94
1,<environment.Job instance at 0x7f487bab7be0>,48,2,[7 3],49,96,98,47,94
1,<environment.Job instance at 0x7f487ba894b0>,50,2,[6 5],51,119,121,68,99
1,<environment.Job instance at 0x7f487ba895f0>,52,12,[4 9],53,121,133,68,109
1,<environment.Job instance at 0x7f487ba1b550>,56,27,[5 8],57,139,166,82,139
1,<environment.Job instance at 0x7f487ba1beb0>,57,3,[5 6],58,139,142,81,139
1,<environment.Job instance at 0x7f487ba1b230>,59,1,[ 4 10],60,166,167,106,143
1,<environment.Job instance at 0x7f487bb35460>,60,1,[10  3],61,143,144,82,143
1,<environment.Job instance at 0x7f487bb35780>,61,24,[4 8],62,167,191,105,162
1,<environment.Job instance at 0x7f487bafad20>,63,3,[9 4],64,162,165,98,162
1,<environment.Job instance at 0x7f487bafa730>,65,19,[7 5],66,165,184,99,164
1,<environment.Job instance at 0x7f487bb01230>,68,1,[2 5],69,184,185,115,164
1,<environment.Job instance at 0x7f487be7ab40>,71,1,[11  1],72,185,186,113,165
1,<environment.Job instance at 0x7f487bae12d0>,74,2,[4 9],75,191,193,116,173
1,<environment.Job instance at 0x7f487bb5be10>,77,18,[6 2],78,189,207,111,189
1,<environment.Job instance at 0x7f487bb5baa0>,78,3,[9 1],79,193,196,114,189
1,<environment.Job instance at 0x7f487bbbb9b0>,80,19,[2 7],81,196,215,115,192
1,<environment.Job instance at 0x7f487bbbbc80>,81,24,[1 9],82,215,239,133,210
1,<environment.Job instance at 0x7f4884e65c30>,6,2,[ 3 10],7,7,9,0,7
1,<environment.Job instance at 0x7f487ba806e0>,12,2,[5 5],13,23,25,10,23
1,<environment.Job instance at 0x7f487ba80be0>,13,1,[7 1],14,23,24,9,23
1,<environment.Job instance at 0x7f487ba13a50>,14,15,[ 2 13],15,25,40,10,23
1,<environment.Job instance at 0x7f487ba13e60>,16,17,[ 1 10],17,40,57,23,28
1,<environment.Job instance at 0x7f487ba13050>,17,3,[12  4],18,40,43,22,28
1,<environment.Job instance at 0x7f487ba73f50>,19,28,[1 8],20,57,85,37,56
1,<environment.Job instance at 0x7f487ba73550>,22,3,[1 9],23,85,88,62,59
1,<environment.Job instance at 0x7f487ba73a00>,23,2,[6 5],24,59,61,35,59
1,<environment.Job instance at 0x7f483a06a3c0>,24,1,[7 3],25,61,62,36,59
1,<environment.Job instance at 0x7f483a12c2d0>,25,3,[7 2],26,59,62,33,59
1,<environment.Job instance at 0x7f483a06a0f0>,30,13,[10  4],31,72,85,41,72
1,<environment.Job instance at 0x7f483a127550>,8,2,[5 4],9,85,87,76,72
1,<environment.Job instance at 0x7f4884bc7190>,28,18,[13  3],29,87,105,58,76
1,<environment.Job instance at 0x7f483a111dc0>,33,3,[1 8],34,88,91,54,86
1,<environment.Job instance at 0x7f483a111e10>,35,24,[8 3],36,105,129,69,100
1,<environment.Job instance at 0x7f483a0e7280>,41,3,[5 9],42,108,111,66,108
1,<environment.Job instance at 0x7f483a0f65a0>,42,2,[7 4],43,111,113,68,108
1,<environment.Job instance at 0x7f483a0f6e60>,43,3,[5 5],44,113,116,69,108
1,<environment.Job instance at 0x7f483a0f69b0>,44,2,[9 2],45,129,131,84,108
1,<environment.Job instance at 0x7f483a0f6aa0>,49,2,[ 4 10],50,129,131,79,129
1,<environment.Job instance at 0x7f483a0f6be0>,50,1,[9 5],51,131,132,80,129
1,<environment.Job instance at 0x7f483a0f6320>,51,13,[12  4],52,132,145,80,129
1,<environment.Job instance at 0x7f483a0f6140>,52,15,[10  1],53,145,160,92,131
1,<environment.Job instance at 0x7f483a116a50>,54,24,[4 5],55,145,169,90,143
1,<environment.Job instance at 0x7f483a0f43c0>,59,3,[5 9],60,160,163,100,157
1,<environment.Job instance at 0x7f483a0f4140>,60,2,[6 4],61,163,165,102,157
1,<environment.Job instance at 0x7f483a0f46e0>,61,2,[3 5],62,163,165,101,157
1,<environment.Job instance at 0x7f483a0f4eb0>,64,16,[9 2],65,171,187,106,171
1,<environment.Job instance at 0x7f483a0f4640>,65,2,[2 9],66,171,173,105,171
1,<environment.Job instance at 0x7f483a0f4320>,67,1,[3 6],68,173,174,105,172
1,<environment.Job instance at 0x7f483a0fc410>,69,13,[1 8],70,175,188,105,175
1,<environment.Job instance at 0x7f483a0fc870>,70,3,[10  4],71,187,190,116,175
1,<environment.Job instance at 0x7f487ba82960>,11,17,[14  3],12,194,211,182,194
1,<environment.Job instance at 0x7f483a0fc0f0>,75,3,[9 4],76,211,214,135,197
1,<environment.Job instance at 0x7f483a103550>,76,2,[5 5],77,211,213,134,197
1,<environment.Job instance at 0x7f483a1035f0>,78,17,[7 2],79,214,231,135,210
1,<environment.Job instance at 0x7f483a103fa0>,81,2,[2 9],82,213,215,131,210
1,<environment.Job instance at 0x7f487ba131e0>,6,12,[ 2 11],7,7,19,0,7
1,<environment.Job instance at 0x7f487ba82fa0>,5,15,[ 1 10],6,19,34,13,15
1,<environment.Job instance at 0x7f4880344820>,16,2,[3 6],17,34,36,17,22
1,<environment.Job instance at 0x7f4880344be0>,18,2,[5 8],19,34,36,15,34
1,<environment.Job instance at 0x7f4880344140>,19,3,[14  1],20,36,39,16,34
1,<environment.Job instance at 0x7f4880344dc0>,20,20,[4 6],21,39,59,18,34
1,<environment.Job instance at 0x7f48803445f0>,21,2,[8 4],22,39,41,17,34
1,<environment.Job instance at 0x7f48803440a0>,22,2,[8 4],23,41,43,18,34
1,<environment.Job instance at 0x7f4880344320>,23,14,[ 1 11],24,59,73,35,44
1,<environment.Job instance at 0x7f4880344a00>,13,3,[4 7],14,45,48,31,45
1,<environment.Job instance at 0x7f488054c0a0>,26,3,[8 3],27,48,51,21,46
1,<environment.Job instance at 0x7f488054c550>,28,2,[13  3],29,59,61,30,50
1,<environment.Job instance at 0x7f488054c2d0>,29,1,[5 1],30,51,52,21,50
1,<environment.Job instance at 0x7f488054c870>,31,3,[6 4],32,51,54,19,50
1,<environment.Job instance at 0x7f488054ce60>,32,17,[ 2 10],33,73,90,40,65
1,<environment.Job instance at 0x7f488054cc80>,35,2,[6 3],36,68,70,32,68
1,<environment.Job instance at 0x7f488054ca00>,37,3,[8 1],38,68,71,30,68
1,<environment.Job instance at 0x7f488054c7d0>,38,20,[3 8],39,90,110,51,81
1,<environment.Job instance at 0x7f488054ce10>,40,24,[10  4],41,90,114,49,90
1,<environment.Job instance at 0x7f488054c640>,41,21,[4 7],42,110,131,68,102
1,<environment.Job instance at 0x7f488054c370>,42,17,[ 2 11],43,131,148,88,119
1,<environment.Job instance at 0x7f487bafd780>,44,1,[ 2 11],45,148,149,103,122
1,<environment.Job instance at 0x7f487bafd870>,47,1,[2 6],48,122,123,74,122
1,<environment.Job instance at 0x7f487bafddc0>,49,19,[5 5],50,149,168,99,139
1,<environment.Job instance at 0x7f488054ccd0>,27,1,[10  5],28,149,150,121,139
1,<environment.Job instance at 0x7f487bc8e640>,51,18,[4 8],52,150,168,98,143
1,<environment.Job instance at 0x7f487bc8e320>,58,18,[4 6],59,168,186,109,157
1,<environment.Job instance at 0x7f487bc8eb40>,59,1,[ 5 14],60,186,187,126,158
1,<environment.Job instance at 0x7f487bc8e2d0>,60,2,[5 1],61,158,160,97,158
1,<environment.Job instance at 0x7f487bc8e5a0>,64,3,[7 4],65,171,174,106,171
1,<environment.Job instance at 0x7f487bc8e550>,65,2,[4 5],66,171,173,105,171
1,<environment.Job instance at 0x7f487bc8eb90>,66,18,[10  2],67,187,205,120,176
1,<environment.Job instance at 0x7f488054caa0>,25,16,[ 2 11],26,187,203,161,176
1,<environment.Job instance at 0x7f4880344500>,14,18,[ 4 11],15,203,221,188,192
1,<environment.Job instance at 0x7f483a076f50>,70,16,[ 3 10],71,221,237,150,208
1,<environment.Job instance at 0x7f487bc8ea00>,55,12,[10  1],56,209,221,153,209
1,<environment.Job instance at 0x7f483a0765f0>,80,2,[3 9],81,237,239,156,212
1,<environment.Job instance at 0x7f483a0768c0>,79,3,[11  2],80,221,224,141,214
1,<environment.Job instance at 0x7f483a076870>,82,1,[12  5],83,224,225,141,214
1,<environment.Job instance at 0x7f4880211410>,0,26,[4 9],1,1,27,0,1
1,<environment.Job instance at 0x7f487b875730>,3,14,[3 6],4,6,20,2,6
1,<environment.Job instance at 0x7f487bc8e460>,4,2,[9 3],5,20,22,15,6
1,<environment.Job instance at 0x7f487bb4d6e0>,2,16,[13  1],3,27,43,24,14
1,<environment.Job instance at 0x7f487bb86960>,11,18,[11  2],12,43,61,31,32
1,<environment.Job instance at 0x7f487bb863c0>,13,24,[ 5 11],14,61,85,47,56
1,<environment.Job instance at 0x7f487bccbc30>,17,19,[1 5],18,85,104,67,75
1,<environment.Job instance at 0x7f4880002460>,20,13,[11  2],21,85,98,64,78
1,<environment.Job instance at 0x7f48800021e0>,22,14,[3 9],23,98,112,75,89
1,<environment.Job instance at 0x7f4880002320>,23,1,[10  5],24,104,105,80,89
1,<environment.Job instance at 0x7f4880002280>,25,2,[8 3],26,105,107,79,92
1,<environment.Job instance at 0x7f487bbbac80>,26,3,[ 5 10],27,112,115,85,92
1,<environment.Job instance at 0x7f4880002dc0>,27,16,[ 3 12],28,115,131,87,102
1,<environment.Job instance at 0x7f487bd705f0>,29,17,[9 2],30,107,124,77,107
1,<environment.Job instance at 0x7f483a22acd0>,31,3,[1 9],32,131,134,99,107
1,<environment.Job instance at 0x7f487bd705a0>,33,22,[5 2],34,124,146,90,117
1,<environment.Job instance at 0x7f487ba18af0>,36,13,[8 2],37,131,144,94,125
1,<environment.Job instance at 0x7f487b8d4550>,39,3,[10  5],40,144,147,104,137
1,<environment.Job instance at 0x7f483a2494b0>,40,16,[ 2 10],41,146,162,105,137
1,<environment.Job instance at 0x7f487bce4820>,41,2,[1 6],42,137,139,95,137
1,<environment.Job instance at 0x7f487b8dd7d0>,43,2,[3 5],44,150,152,106,150
1,<environment.Job instance at 0x7f487bce4d70>,45,18,[ 5 10],46,162,180,116,151
1,<environment.Job instance at 0x7f488060dd20>,46,25,[6 3],47,152,177,105,151
1,<environment.Job instance at 0x7f4839e83190>,50,2,[5 4],51,177,179,126,154
1,<environment.Job instance at 0x7f4839ee1e60>,51,2,[3 8],52,180,182,128,154
1,<environment.Job instance at 0x7f487b9f3af0>,52,1,[6 3],53,179,180,126,154
1,<environment.Job instance at 0x7f487b9f3cd0>,53,2,[14  3],54,182,184,128,155
1,<environment.Job instance at 0x7f487b9f39b0>,54,1,[14  5],55,184,185,129,156
1,<environment.Job instance at 0x7f487bad3a00>,56,2,[7 1],57,157,159,100,157
1,<environment.Job instance at 0x7f487bad3230>,62,2,[3 6],63,180,182,117,174
1,<environment.Job instance at 0x7f487bad30f0>,63,1,[12  4],64,185,186,121,174
1,<environment.Job instance at 0x7f487bad3d20>,64,3,[4 5],65,186,189,121,174
1,<environment.Job instance at 0x7f487bad3f00>,65,18,[9 2],66,186,204,120,180
1,<environment.Job instance at 0x7f488000bfa0>,66,3,[5 8],67,189,192,122,180
1,<environment.Job instance at 0x7f488000baa0>,67,20,[1 8],68,192,212,124,183
1,<environment.Job instance at 0x7f488000b230>,68,3,[6 1],69,204,207,135,183
1,<environment.Job instance at 0x7f488000b1e0>,69,3,[8 2],70,204,207,134,183
1,<environment.Job instance at 0x7f488000b410>,70,2,[ 2 12],71,212,214,141,185
1,<environment.Job instance at 0x7f488000b6e0>,71,21,[4 9],72,214,235,142,206
1,<environment.Job instance at 0x7f4839ef0230>,72,3,[5 9],73,235,238,162,209
1,<environment.Job instance at 0x7f4839ef0e10>,75,23,[8 4],76,214,237,138,210
1,<environment.Job instance at 0x7f4880224dc0>,3,3,[13  5],4,4,7,0,4
1,<environment.Job instance at 0x7f487bf5aeb0>,7,14,[ 3 14],8,9,23,1,9
1,<environment.Job instance at 0x7f48801a4280>,9,18,[ 2 10],10,23,41,13,19
1,<environment.Job instance at 0x7f483a144af0>,20,1,[ 2 10],21,41,42,20,27
1,<environment.Job instance at 0x7f483a144e60>,21,2,[1 5],22,27,29,5,27
1,<environment.Job instance at 0x7f483a144d70>,22,1,[9 5],23,29,30,6,27
1,<environment.Job instance at 0x7f483a144eb0>,24,28,[4 5],25,30,58,5,29
1,<environment.Job instance at 0x7f483a144c30>,25,3,[9 2],26,42,45,16,29
1,<environment.Job instance at 0x7f483a1413c0>,27,2,[ 5 13],28,58,60,30,42
1,<environment.Job instance at 0x7f483a1414b0>,29,1,[4 5],30,45,46,15,42
1,<environment.Job instance at 0x7f483a1415f0>,31,25,[10  1],32,55,80,23,55
1,<environment.Job instance at 0x7f483a141500>,32,12,[10  4],33,80,92,47,63
1,<environment.Job instance at 0x7f483a309e10>,17,15,[5 8],18,63,78,45,63
1,<environment.Job instance at 0x7f483a141f00>,42,2,[1 7],43,97,99,54,97
1,<environment.Job instance at 0x7f483a141280>,43,17,[5 9],44,99,116,55,97
1,<environment.Job instance at 0x7f483a141eb0>,45,21,[9 3],46,97,118,51,97
1,<environment.Job instance at 0x7f483a138320>,50,12,[10  1],51,118,130,67,105
1,<environment.Job instance at 0x7f483a28aeb0>,10,22,[2 5],11,116,138,105,110
1,<environment.Job instance at 0x7f483a1385a0>,54,17,[1 9],55,119,136,64,119
1,<environment.Job instance at 0x7f483a138640>,55,2,[4 8],56,136,138,80,119
1,<environment.Job instance at 0x7f483a138140>,47,25,[9 4],48,138,163,90,134
1,<environment.Job instance at 0x7f483a138f00>,64,18,[5 5],65,141,159,76,141
1,<environment.Job instance at 0x7f483a165410>,70,13,[2 6],71,170,183,99,170
1,<environment.Job instance at 0x7f483a1654b0>,71,13,[10  4],72,172,185,100,172
1,<environment.Job instance at 0x7f483a1655f0>,73,24,[5 3],74,183,207,109,180
1,<environment.Job instance at 0x7f483a138a00>,61,13,[7 4],62,185,198,123,181
1,<environment.Job instance at 0x7f483a1656e0>,75,1,[5 9],76,198,199,122,183
1,<environment.Job instance at 0x7f483a165640>,77,2,[11  4],78,207,209,129,186
1,<environment.Job instance at 0x7f483a165910>,79,13,[6 4],80,209,222,129,197
1,<environment.Job instance at 0x7f483a165a50>,81,28,[9 4],82,209,237,127,208
1,<environment.Job instance at 0x7f483a165eb0>,88,19,[ 3 11],89,222,241,133,213
1,<environment.Job instance at 0x7f487b79e960>,4,13,[2 7],5,9,22,4,9
1,<environment.Job instance at 0x7f483a165eb0>,3,1,[2 6],4,10,11,6,10
1,<environment.Job instance at 0x7f487bbd4cd0>,13,2,[2 7],14,18,20,4,18
1,<environment.Job instance at 0x7f487bbd43c0>,14,3,[10  5],15,20,23,5,18
1,<environment.Job instance at 0x7f487bbd4c80>,17,16,[1 8],18,26,42,8,26
1,<environment.Job instance at 0x7f487bbd45f0>,18,2,[4 6],19,26,28,7,26
1,<environment.Job instance at 0x7f487bbd4f00>,19,26,[2 6],20,28,54,8,26
1,<environment.Job instance at 0x7f483a3a86e0>,20,20,[9 3],21,42,62,21,33
1,<environment.Job instance at 0x7f483a277690>,27,1,[ 1 13],28,62,63,34,52
1,<environment.Job instance at 0x7f48800e12d0>,28,26,[8 2],29,62,88,33,59
1,<environment.Job instance at 0x7f487bbd40a0>,12,14,[ 4 10],13,63,77,50,61
1,<environment.Job instance at 0x7f487b900230>,31,1,[5 4],32,77,78,45,71
1,<environment.Job instance at 0x7f483a082230>,35,25,[ 3 14],36,88,113,52,84
1,<environment.Job instance at 0x7f48805ddb90>,38,3,[10  2],39,113,116,74,88
1,<environment.Job instance at 0x7f48805ddb40>,40,2,[4 6],41,113,115,72,101
1,<environment.Job instance at 0x7f4884e7cf00>,41,3,[ 4 13],42,115,118,73,101
1,<environment.Job instance at 0x7f483a301410>,43,14,[ 2 10],44,118,132,74,103
1,<environment.Job instance at 0x7f4880052aa0>,44,27,[13  3],45,118,145,73,116
1,<environment.Job instance at 0x7f483a082960>,34,13,[2 8],35,132,145,97,117
1,<environment.Job instance at 0x7f487bb0f230>,47,1,[8 1],48,145,146,97,121
1,<environment.Job instance at 0x7f4839cc38c0>,55,19,[1 5],56,145,164,89,137
1,<environment.Job instance at 0x7f483a2abbe0>,49,15,[3 9],50,145,160,95,143
1,<environment.Job instance at 0x7f483a24b640>,63,3,[3 9],64,160,163,96,160
1,<environment.Job instance at 0x7f4839d02780>,64,27,[6 1],65,160,187,95,160
1,<environment.Job instance at 0x7f483a24b8c0>,60,18,[9 2],61,167,185,106,167
1,<environment.Job instance at 0x7f488074cb90>,67,12,[1 6],68,185,197,117,172
1,<environment.Job instance at 0x7f4839d02e60>,68,3,[3 8],69,185,188,116,172
1,<environment.Job instance at 0x7f483a24b730>,61,12,[4 7],62,188,200,126,172
1,<environment.Job instance at 0x7f488074cd70>,71,24,[14  3],72,200,224,128,195
1,<environment.Job instance at 0x7f488074c4b0>,73,24,[10  2],74,224,248,150,219
1,<environment.Job instance at 0x7f488074ca50>,70,12,[4 8],71,224,236,153,220
1,<environment.Job instance at 0x7f487baf1640>,1,3,[7 4],2,2,5,0,2
1,<environment.Job instance at 0x7f483a065af0>,4,1,[13  5],5,5,6,0,5
1,<environment.Job instance at 0x7f483a065190>,6,1,[5 7],7,7,8,0,7
1,<environment.Job instance at 0x7f483a078d70>,9,3,[ 3 10],10,10,13,0,10
1,<environment.Job instance at 0x7f483a078140>,10,25,[5 3],11,11,36,0,11
1,<environment.Job instance at 0x7f487b981640>,11,16,[11  2],12,36,52,24,23
1,<environment.Job instance at 0x7f483a078730>,12,2,[3 7],13,23,25,10,23
1,<environment.Job instance at 0x7f487bf4cf00>,17,1,[ 4 10],18,25,26,7,24
1,<environment.Job instance at 0x7f48800b60f0>,21,2,[2 9],22,26,28,4,24
1,<environment.Job instance at 0x7f48800855f0>,19,28,[3 9],20,38,66,18,38
1,<environment.Job instance at 0x7f487b8742d0>,27,16,[5 4],28,52,68,24,45
1,<environment.Job instance at 0x7f487bdebfa0>,26,3,[ 5 14],27,68,71,41,47
1,<environment.Job instance at 0x7f483a2ac960>,33,1,[5 4],34,66,67,32,62
1,<environment.Job instance at 0x7f4880057320>,34,3,[8 2],35,71,74,36,62
1,<environment.Job instance at 0x7f4884d2ab90>,35,1,[1 8],36,67,68,31,62
1,<environment.Job instance at 0x7f487b87c9b0>,37,16,[11  1],38,74,90,36,62
1,<environment.Job instance at 0x7f487b87cfa0>,40,15,[1 8],41,77,92,36,77
1,<environment.Job instance at 0x7f48801ace60>,43,3,[5 3],44,90,93,46,81
1,<environment.Job instance at 0x7f48801ac910>,44,14,[ 3 10],45,92,106,47,91
1,<environment.Job instance at 0x7f48801ac0a0>,48,1,[1 9],49,106,107,57,91
1,<environment.Job instance at 0x7f48801acb90>,49,2,[13  4],50,106,108,56,91
1,<environment.Job instance at 0x7f48801ac8c0>,50,2,[5 2],51,91,93,40,91
1,<environment.Job instance at 0x7f48801ac500>,52,1,[2 9],53,107,108,54,94
1,<environment.Job instance at 0x7f488037e7d0>,53,20,[ 5 12],54,108,128,54,99
1,<environment.Job instance at 0x7f48800f6dc0>,54,2,[ 5 11],55,128,130,73,106
1,<environment.Job instance at 0x7f487b87a9b0>,58,2,[8 5],59,130,132,71,112
1,<environment.Job instance at 0x7f487b87ae10>,60,13,[10  1],61,113,126,52,113
1,<environment.Job instance at 0x7f487b990370>,61,2,[ 5 11],62,132,134,70,114
1,<environment.Job instance at 0x7f488019bc80>,67,3,[9 4],68,132,135,64,127
1,<environment.Job instance at 0x7f488019bcd0>,68,13,[8 2],69,135,148,66,127
1,<environment.Job instance at 0x7f488019b5f0>,69,13,[ 4 14],70,148,161,78,132
1,<environment.Job instance at 0x7f488019b6e0>,72,15,[5 1],73,138,153,65,138
1,<environment.Job instance at 0x7f488006daa0>,73,3,[2 7],74,138,141,64,138
1,<environment.Job instance at 0x7f487bbb9f00>,74,1,[4 6],75,161,162,86,138
1,<environment.Job instance at 0x7f487bbb9aa0>,75,3,[10  5],76,161,164,85,138
1,<environment.Job instance at 0x7f483a2c3e60>,76,16,[13  1],77,164,180,87,151
1,<environment.Job instance at 0x7f483a07f0f0>,79,3,[6 2],80,180,183,100,154
1,<environment.Job instance at 0x7f487b82e0a0>,81,1,[6 3],82,180,181,98,156
1,<environment.Job instance at 0x7f4839fb8230>,83,3,[10  4],84,183,186,99,168
1,<environment.Job instance at 0x7f4839fb8500>,84,1,[4 8],85,181,182,96,168
1,<environment.Job instance at 0x7f488020d0a0>,86,27,[2 9],87,182,209,95,180
1,<environment.Job instance at 0x7f487bc65370>,89,18,[10  2],90,186,204,96,185
1,<environment.Job instance at 0x7f487ba41eb0>,91,1,[10  1],92,204,205,112,185
1,<environment.Job instance at 0x7f488020d1e0>,92,22,[8 1],93,205,227,112,198
1,<environment.Job instance at 0x7f483a078320>,13,13,[5 6],14,209,222,195,202
1,<environment.Job instance at 0x7f487b990c80>,1,16,[ 5 12],2,12,28,10,12
1,<environment.Job instance at 0x7f488038aaa0>,9,19,[2 5],10,28,47,18,18
1,<environment.Job instance at 0x7f483a065820>,6,16,[1 5],7,28,44,21,18
1,<environment.Job instance at 0x7f487bd7ce60>,15,2,[ 3 11],16,47,49,31,20
1,<environment.Job instance at 0x7f487b8c3d70>,17,1,[10  3],18,20,21,2,20
1,<environment.Job instance at 0x7f483a118780>,23,18,[9 2],24,38,56,14,38
1,<environment.Job instance at 0x7f483a118550>,22,3,[ 4 11],23,49,52,26,49
1,<environment.Job instance at 0x7f483a118b40>,27,3,[5 2],28,54,57,26,54
1,<environment.Job instance at 0x7f483a118af0>,28,24,[5 6],29,56,80,27,54
1,<environment.Job instance at 0x7f483a118960>,29,2,[1 7],30,54,56,24,54
1,<environment.Job instance at 0x7f483a118aa0>,30,3,[ 3 12],31,80,83,49,54
1,<environment.Job instance at 0x7f483a1186e0>,25,2,[9 1],26,68,70,42,68
1,<environment.Job instance at 0x7f483a118d20>,32,14,[14  5],33,83,97,50,68
1,<environment.Job instance at 0x7f483a118fa0>,35,1,[4 9],36,70,71,34,69
1,<environment.Job instance at 0x7f483a0f80f0>,37,2,[9 4],38,97,99,59,81
1,<environment.Job instance at 0x7f483a0f8460>,40,20,[ 4 10],41,97,117,56,88
1,<environment.Job instance at 0x7f483a0f8550>,41,1,[ 3 10],42,117,118,75,96
1,<environment.Job instance at 0x7f483a0f87d0>,45,14,[5 4],46,105,119,59,105
1,<environment.Job instance at 0x7f483a0f8870>,46,24,[4 5],47,118,142,71,113
1,<environment.Job instance at 0x7f483a0f8910>,47,24,[4 8],48,119,143,71,114
1,<environment.Job instance at 0x7f483a12f500>,60,2,[7 5],61,142,144,81,135
1,<environment.Job instance at 0x7f483a12f5a0>,61,2,[ 2 10],62,143,145,81,135
1,<environment.Job instance at 0x7f483a12f640>,62,23,[6 2],63,144,167,81,138
1,<environment.Job instance at 0x7f483a12f6e0>,63,1,[9 4],64,145,146,81,138
1,<environment.Job instance at 0x7f483a12f780>,64,3,[ 1 12],65,146,149,81,138
1,<environment.Job instance at 0x7f483a12f730>,65,14,[12  1],66,167,181,101,152
1,<environment.Job instance at 0x7f483a12fe60>,73,1,[11  3],74,181,182,107,163
1,<environment.Job instance at 0x7f483a12ffa0>,75,28,[ 4 12],76,181,209,105,180
1,<environment.Job instance at 0x7f483a122280>,79,1,[ 4 13],80,209,210,129,197
1,<environment.Job instance at 0x7f483a122320>,80,1,[7 5],81,210,211,129,197
1,<environment.Job instance at 0x7f483a122370>,82,2,[3 5],83,210,212,127,205
1,<environment.Job instance at 0x7f483a1220f0>,83,14,[ 2 11],84,212,226,128,205
1,<environment.Job instance at 0x7f483a122690>,1,1,[2 7],2,2,3,0,2
1,<environment.Job instance at 0x7f487b9be730>,2,1,[1 8],3,3,4,0,3
1,<environment.Job instance at 0x7f4844a1ddc0>,3,17,[13  3],4,8,25,4,8
1,<environment.Job instance at 0x7f487b8888c0>,10,20,[8 5],11,25,45,14,16
1,<environment.Job instance at 0x7f487b8b7f00>,18,1,[ 4 14],19,45,46,26,21
1,<environment.Job instance at 0x7f483a1225f0>,4,3,[13  1],5,46,49,41,27
1,<environment.Job instance at 0x7f487b8b70f0>,25,1,[1 7],26,31,32,5,31
1,<environment.Job instance at 0x7f487b8b7140>,27,1,[4 7],28,32,33,4,31
1,<environment.Job instance at 0x7f487b8e40a0>,30,2,[13  2],31,49,51,18,32
1,<environment.Job instance at 0x7f487b970d70>,34,1,[12  5],35,51,52,16,49
1,<environment.Job instance at 0x7f487b970140>,35,3,[3 9],36,51,54,15,49
1,<environment.Job instance at 0x7f487b970050>,37,26,[ 3 10],38,61,87,23,61
1,<environment.Job instance at 0x7f487b970eb0>,40,2,[5 4],41,73,75,32,73
1,<environment.Job instance at 0x7f487b970870>,41,3,[12  2],42,75,78,33,73
1,<environment.Job instance at 0x7f487b970960>,42,1,[2 6],43,87,88,44,73
1,<environment.Job instance at 0x7f4884e1c4b0>,44,1,[7 3],45,78,79,33,73
1,<environment.Job instance at 0x7f4884e1c690>,45,3,[8 1],46,79,82,33,74
1,<environment.Job instance at 0x7f48804ebaf0>,47,2,[5 8],48,87,89,39,75
1,<environment.Job instance at 0x7f48804eb2d0>,48,3,[6 2],49,82,85,33,75
1,<environment.Job instance at 0x7f483a21a320>,49,2,[10  1],50,85,87,35,75
1,<environment.Job instance at 0x7f48804eb4b0>,52,1,[7 4],53,88,89,35,78
1,<environment.Job instance at 0x7f487bcb3f00>,54,3,[14  3],55,89,92,34,87
1,<environment.Job instance at 0x7f487bcb33c0>,57,3,[6 5],58,107,110,49,107
1,<environment.Job instance at 0x7f487bcb3460>,58,1,[2 8],59,107,108,48,107
1,<environment.Job instance at 0x7f487bcb34b0>,59,2,[6 3],60,108,110,48,107
1,<environment.Job instance at 0x7f4880338730>,61,1,[5 3],62,111,112,49,111
1,<environment.Job instance at 0x7f4880087b40>,63,3,[7 1],64,120,123,56,120
1,<environment.Job instance at 0x7f4880087910>,65,3,[ 1 10],66,120,123,54,120
1,<environment.Job instance at 0x7f48800877d0>,66,1,[11  3],67,123,124,56,120
1,<environment.Job instance at 0x7f4880087b90>,67,1,[8 4],68,124,125,56,120
1,<environment.Job instance at 0x7f483a308190>,69,2,[3 9],70,123,125,53,120
1,<environment.Job instance at 0x7f483a308e60>,72,2,[8 5],73,137,139,64,137
1,<environment.Job instance at 0x7f483a308b40>,73,14,[14  1],74,139,153,65,137
1,<environment.Job instance at 0x7f483a308960>,75,3,[10  5],76,153,156,77,137
1,<environment.Job instance at 0x7f4839cefb90>,81,3,[6 5],82,171,174,89,171
1,<environment.Job instance at 0x7f4839cef5a0>,82,17,[ 5 14],83,174,191,91,171
1,<environment.Job instance at 0x7f4839cef6e0>,84,13,[10  1],85,174,187,89,173
1,<environment.Job instance at 0x7f4839cef140>,85,3,[8 5],86,191,194,105,173
1,<environment.Job instance at 0x7f4839cef190>,88,3,[4 7],89,191,194,102,190
1,<environment.Job instance at 0x7f487b8e4690>,33,15,[ 2 10],34,199,214,165,199
1,<environment.Job instance at 0x7f487bcf94b0>,93,15,[ 2 12],94,214,229,120,204
1,<environment.Job instance at 0x7f487bcf9a00>,94,2,[10  2],95,204,206,109,204
1,<environment.Job instance at 0x7f487bcf95a0>,97,2,[9 2],98,206,208,108,205
1,<environment.Job instance at 0x7f487bcf9eb0>,98,2,[13  1],99,208,210,109,205
1,<environment.Job instance at 0x7f487b8b7dc0>,2,1,[1 5],3,3,4,0,3
1,<environment.Job instance at 0x7f48800b69b0>,4,2,[3 6],5,5,7,0,5
1,<environment.Job instance at 0x7f48804d0320>,6,1,[7 4],7,7,8,0,7
1,<environment.Job instance at 0x7f48804d0370>,8,2,[7 4],9,9,11,0,9
1,<environment.Job instance at 0x7f48804d0be0>,9,2,[2 6],10,10,12,0,10
1,<environment.Job instance at 0x7f483a059410>,11,2,[6 3],12,12,14,0,12
1,<environment.Job instance at 0x7f483a059d20>,12,2,[2 8],13,13,15,0,13
1,<environment.Job instance at 0x7f483a059dc0>,15,2,[8 1],16,16,18,0,16
1,<environment.Job instance at 0x7f483a0595a0>,16,1,[ 3 11],17,17,18,0,17
1,<environment.Job instance at 0x7f483a059eb0>,19,1,[9 1],20,20,21,0,20
1,<environment.Job instance at 0x7f483a059a50>,20,12,[9 4],21,27,39,6,27
1,<environment.Job instance at 0x7f4839cd4500>,24,17,[3 5],25,31,48,6,31
1,<environment.Job instance at 0x7f4839cd4eb0>,25,15,[ 1 10],26,39,54,13,31
1,<environment.Job instance at 0x7f4839cd4e10>,26,13,[ 5 11],27,54,67,27,38
1,<environment.Job instance at 0x7f4839cd4c80>,28,1,[10  1],29,48,49,19,38
1,<environment.Job instance at 0x7f487bbd4050>,35,3,[9 4],36,52,55,16,52
1,<environment.Job instance at 0x7f487bbd4d20>,36,25,[8 1],37,55,80,18,52
1,<environment.Job instance at 0x7f487bbd4b90>,37,18,[ 1 10],38,67,85,29,63
1,<environment.Job instance at 0x7f487bc7b190>,42,3,[10  3],43,80,83,37,64
1,<environment.Job instance at 0x7f487bc7bc80>,44,28,[7 4],45,83,111,38,82
1,<environment.Job instance at 0x7f487bc7b0f0>,45,20,[7 2],46,89,109,43,89
1,<environment.Job instance at 0x7f487bbd4cd0>,34,2,[1 5],35,94,96,59,94
1,<environment.Job instance at 0x7f487bc3de60>,52,3,[8 4],53,109,112,56,107
1,<environment.Job instance at 0x7f483a101c30>,14,14,[5 3],15,111,125,96,108
1,<environment.Job instance at 0x7f487bc3d0a0>,54,19,[1 8],55,112,131,57,112
1,<environment.Job instance at 0x7f487bc3d820>,49,17,[5 2],50,112,129,62,112
1,<environment.Job instance at 0x7f4839ff5e60>,59,3,[5 3],60,125,128,65,125
1,<environment.Job instance at 0x7f4839ff5eb0>,61,3,[10  1],62,129,132,67,125
1,<environment.Job instance at 0x7f4839ff5f00>,62,12,[7 3],63,132,144,69,125
1,<environment.Job instance at 0x7f4839ff5500>,63,20,[4 5],64,128,148,64,125
1,<environment.Job instance at 0x7f4839ff5690>,64,2,[6 5],65,144,146,79,125
1,<environment.Job instance at 0x7f4839ff5870>,65,20,[5 5],66,144,164,78,135
1,<environment.Job instance at 0x7f4839ff5460>,67,13,[14  1],68,164,177,96,148
1,<environment.Job instance at 0x7f4839ff58c0>,58,12,[ 1 10],59,150,162,91,150
1,<environment.Job instance at 0x7f4839ff51e0>,57,3,[6 1],58,177,180,119,152
1,<environment.Job instance at 0x7f4880021730>,73,15,[1 5],74,162,177,88,156
1,<environment.Job instance at 0x7f487bc7bd20>,48,2,[7 1],49,162,164,113,157
1,<environment.Job instance at 0x7f4880021af0>,80,3,[7 3],81,177,180,96,174
1,<environment.Job instance at 0x7f4880021f00>,81,25,[1 6],82,177,202,95,174
1,<environment.Job instance at 0x7f4880021dc0>,76,2,[14  1],77,180,182,103,175
1,<environment.Job instance at 0x7f4880021370>,77,2,[5 5],78,182,184,104,175
1,<environment.Job instance at 0x7f4880021190>,82,12,[12  2],83,184,196,101,175
1,<environment.Job instance at 0x7f48800579b0>,85,24,[4 7],86,196,220,110,191
1,<environment.Job instance at 0x7f48800572d0>,88,2,[3 8],89,202,204,113,192
1,<environment.Job instance at 0x7f4880057aa0>,89,15,[9 1],90,204,219,114,197
1,<environment.Job instance at 0x7f483a1cd640>,1,1,[3 9],2,3,4,1,3
1,<environment.Job instance at 0x7f48800578c0>,3,3,[6 1],4,4,7,0,4
1,<environment.Job instance at 0x7f4880057960>,5,2,[ 2 12],6,6,8,0,6
1,<environment.Job instance at 0x7f4880222730>,6,1,[3 9],7,8,9,1,7
1,<environment.Job instance at 0x7f483a0f80a0>,8,21,[2 5],9,9,30,0,9
1,<environment.Job instance at 0x7f4880663910>,9,23,[5 7],10,10,33,0,10
1,<environment.Job instance at 0x7f48399fb8c0>,15,2,[5 2],16,16,18,0,16
1,<environment.Job instance at 0x7f487bd0fa50>,16,12,[14  2],17,33,45,16,17
1,<environment.Job instance at 0x7f4880448280>,17,19,[ 2 10],18,45,64,27,35
1,<environment.Job instance at 0x7f4880136a00>,12,2,[5 3],13,45,47,32,36
1,<environment.Job instance at 0x7f487be16780>,23,3,[3 6],24,64,67,40,38
1,<environment.Job instance at 0x7f487be169b0>,25,2,[5 7],26,64,66,38,39
1,<environment.Job instance at 0x7f487bdef050>,27,3,[10  5],28,47,50,19,40
1,<environment.Job instance at 0x7f487bdefd70>,30,12,[ 1 13],31,67,79,36,50
1,<environment.Job instance at 0x7f487bdefcd0>,32,2,[4 5],33,51,53,18,51
1,<environment.Job instance at 0x7f487bdef6e0>,34,2,[8 4],35,57,59,22,57
1,<environment.Job instance at 0x7f487bdef640>,35,2,[11  4],36,59,61,23,57
1,<environment.Job instance at 0x7f487bdefa00>,36,1,[6 4],37,61,62,24,57
1,<environment.Job instance at 0x7f487be122d0>,38,2,[6 3],39,79,81,40,66
1,<environment.Job instance at 0x7f487be120a0>,39,21,[7 2],40,66,87,26,66
1,<environment.Job instance at 0x7f4839db0a00>,40,13,[4 9],41,81,94,40,69
1,<environment.Job instance at 0x7f487b7a6d20>,41,3,[ 1 10],42,94,97,52,69
1,<environment.Job instance at 0x7f487b7a67d0>,43,14,[6 1],44,87,101,43,75
1,<environment.Job instance at 0x7f487bde3550>,44,14,[ 1 12],45,97,111,52,82
1,<environment.Job instance at 0x7f487bde3a00>,46,23,[ 5 12],47,111,134,64,105
1,<environment.Job instance at 0x7f4839d9d4b0>,47,21,[10  4],48,134,155,86,126
1,<environment.Job instance at 0x7f483a02fb90>,51,21,[1 7],52,134,155,82,126
1,<environment.Job instance at 0x7f483a02f140>,52,1,[ 4 11],53,155,156,102,127
1,<environment.Job instance at 0x7f487bd878c0>,57,1,[7 1],58,155,156,97,140
1,<environment.Job instance at 0x7f488007acd0>,58,1,[1 5],59,156,157,97,140
1,<environment.Job instance at 0x7f48804d44b0>,61,16,[1 5],62,156,172,94,152
1,<environment.Job instance at 0x7f4880394af0>,63,15,[2 8],64,157,172,93,152
1,<environment.Job instance at 0x7f4880327960>,64,3,[ 1 12],65,172,175,107,152
1,<environment.Job instance at 0x7f4839be1500>,65,3,[ 1 10],66,175,178,109,152
1,<environment.Job instance at 0x7f4839be10f0>,66,3,[3 9],67,178,181,111,152
1,<environment.Job instance at 0x7f48803436e0>,69,3,[9 3],70,172,175,102,157
1,<environment.Job instance at 0x7f487bd83c80>,70,25,[6 2],71,175,200,104,171
1,<environment.Job instance at 0x7f487bc2e280>,71,2,[5 2],72,175,177,103,171
1,<environment.Job instance at 0x7f487bd83370>,72,3,[14  1],73,200,203,127,174
1,<environment.Job instance at 0x7f4839f34aa0>,73,1,[ 4 12],74,181,182,107,174
1,<environment.Job instance at 0x7f4839f349b0>,74,21,[5 2],75,203,224,128,195
1,<environment.Job instance at 0x7f4839f34640>,75,1,[3 5],76,195,196,119,195
1,<environment.Job instance at 0x7f4880342320>,76,3,[8 4],77,196,199,119,195
1,<environment.Job instance at 0x7f487bd0f640>,18,1,[ 5 14],19,224,225,205,197
1,<environment.Job instance at 0x7f487be16190>,22,14,[5 5],23,204,218,181,204
1,<environment.Job instance at 0x7f483a089e10>,86,18,[1 8],87,225,243,138,214
1,<environment.Job instance at 0x7f483a0a1730>,1,1,[3 9],2,2,3,0,2
1,<environment.Job instance at 0x7f483a089e10>,6,21,[10  4],7,11,32,4,11
1,<environment.Job instance at 0x7f4884d35c80>,11,2,[10  3],12,32,34,20,13
1,<environment.Job instance at 0x7f487bdaaaf0>,14,2,[7 5],15,34,36,19,15
1,<environment.Job instance at 0x7f487bdaa870>,15,23,[7 3],16,34,57,18,28
1,<environment.Job instance at 0x7f487bdaa550>,17,20,[8 3],18,36,56,18,28
1,<environment.Job instance at 0x7f483a1bb0f0>,22,18,[ 3 13],23,57,75,34,46
1,<environment.Job instance at 0x7f4880543140>,30,3,[1 9],31,75,78,44,54
1,<environment.Job instance at 0x7f4839bf9730>,31,2,[3 5],32,75,77,43,54
1,<environment.Job instance at 0x7f487bec5690>,34,16,[3 5],35,77,93,42,73
1,<environment.Job instance at 0x7f4839dd3dc0>,35,15,[ 3 10],36,78,93,42,73
1,<environment.Job instance at 0x7f488006dc30>,37,1,[1 9],38,93,94,55,74
1,<environment.Job instance at 0x7f483a101960>,38,3,[7 1],39,74,77,35,74
1,<environment.Job instance at 0x7f4880492230>,39,2,[10  5],40,93,95,53,74
1,<environment.Job instance at 0x7f488006d640>,40,1,[5 8],41,94,95,53,74
1,<environment.Job instance at 0x7f483a3afe10>,42,26,[9 3],43,95,121,52,92
1,<environment.Job instance at 0x7f4839c7b910>,44,3,[5 3],45,95,98,50,92
1,<environment.Job instance at 0x7f4839c7b9b0>,46,3,[12  4],47,121,124,74,97
1,<environment.Job instance at 0x7f487be03e10>,54,2,[ 4 10],55,112,114,57,112
1,<environment.Job instance at 0x7f487be03aa0>,56,15,[ 1 11],57,122,137,65,122
1,<environment.Job instance at 0x7f487be03820>,57,22,[6 4],58,124,146,66,122
1,<environment.Job instance at 0x7f487be037d0>,59,2,[1 6],60,137,139,77,135
1,<environment.Job instance at 0x7f487be033c0>,62,2,[4 8],63,139,141,76,136
1,<environment.Job instance at 0x7f487be03690>,63,2,[10  3],64,146,148,82,136
1,<environment.Job instance at 0x7f487be03cd0>,65,3,[10  5],66,148,151,82,144
1,<environment.Job instance at 0x7f48801640f0>,66,12,[9 2],67,151,163,84,144
1,<environment.Job instance at 0x7f4880164230>,67,18,[3 7],68,144,162,76,144
1,<environment.Job instance at 0x7f483a0d93c0>,68,12,[14  5],69,163,175,94,146
1,<environment.Job instance at 0x7f483a0d98c0>,69,2,[5 2],70,175,177,105,148
1,<environment.Job instance at 0x7f483a0d9140>,70,2,[1 6],71,151,153,80,148
1,<environment.Job instance at 0x7f487bd1d8c0>,72,2,[9 5],73,175,177,102,153
1,<environment.Job instance at 0x7f487bd1da50>,74,18,[ 2 10],75,177,195,102,166
1,<environment.Job instance at 0x7f487bd1d640>,75,19,[10  1],76,177,196,101,167
1,<environment.Job instance at 0x7f4839db5780>,77,2,[ 3 10],78,195,197,117,170
1,<environment.Job instance at 0x7f487bc13500>,78,23,[1 5],79,196,219,117,190
1,<environment.Job instance at 0x7f487ba7daa0>,79,2,[12  2],80,197,199,117,190
1,<environment.Job instance at 0x7f487ba7d910>,80,2,[4 7],81,199,201,118,190
1,<environment.Job instance at 0x7f487ff7faf0>,83,18,[10  4],84,201,219,117,190
1,<environment.Job instance at 0x7f487bb4afa0>,87,20,[5 3],88,219,239,131,210
1,<environment.Job instance at 0x7f483a2d3230>,0,3,[13  5],1,1,4,0,1
1,<environment.Job instance at 0x7f4880330780>,6,14,[7 3],7,7,21,0,7
1,<environment.Job instance at 0x7f48803305f0>,5,3,[14  3],6,21,24,15,7
1,<environment.Job instance at 0x7f483a3074b0>,4,1,[8 2],5,18,19,13,18
1,<environment.Job instance at 0x7f487b8d0a50>,18,1,[4 7],19,31,32,12,31
1,<environment.Job instance at 0x7f487b8d0d20>,19,3,[13  3],20,32,35,12,31
1,<environment.Job instance at 0x7f487b8d00a0>,16,18,[ 2 10],17,52,70,35,52
1,<environment.Job instance at 0x7f48800e2960>,28,12,[10  1],29,61,73,32,61
1,<environment.Job instance at 0x7f48800e2f50>,30,17,[5 2],31,70,87,39,70
1,<environment.Job instance at 0x7f48800e2910>,33,3,[6 5],34,73,76,39,70
1,<environment.Job instance at 0x7f48800e2140>,34,3,[6 4],35,76,79,41,70
1,<environment.Job instance at 0x7f48800e2b40>,35,18,[4 5],36,73,91,37,72
1,<environment.Job instance at 0x7f48800e20a0>,37,18,[2 7],38,80,98,42,80
1,<environment.Job instance at 0x7f48800e2c80>,41,3,[4 7],42,91,94,49,80
1,<environment.Job instance at 0x7f4839aae5a0>,42,3,[10  5],43,94,97,51,80
1,<environment.Job instance at 0x7f4839aaec80>,43,2,[4 5],44,97,99,53,80
1,<environment.Job instance at 0x7f48800e2d70>,44,20,[8 2],45,97,117,52,88
1,<environment.Job instance at 0x7f4839aae140>,49,13,[2 6],50,98,111,48,98
1,<environment.Job instance at 0x7f4839aae410>,46,2,[4 7],47,99,101,52,98
1,<environment.Job instance at 0x7f4839aae320>,51,2,[5 3],52,101,103,49,98
1,<environment.Job instance at 0x7f4839aae230>,53,19,[7 1],54,111,130,57,110
1,<environment.Job instance at 0x7f4839aae9b0>,55,1,[ 3 11],56,117,118,61,110
1,<environment.Job instance at 0x7f4839aae2d0>,56,2,[9 2],57,130,132,73,110
1,<environment.Job instance at 0x7f4839aaea50>,57,2,[4 6],58,118,120,60,110
1,<environment.Job instance at 0x7f4839aae280>,58,2,[ 5 10],59,120,122,61,110
1,<environment.Job instance at 0x7f4839aae960>,59,2,[9 2],60,132,134,72,110
1,<environment.Job instance at 0x7f4839aae8c0>,60,3,[3 7],61,122,125,61,110
1,<environment.Job instance at 0x7f4880460280>,61,2,[4 5],62,118,120,56,111
1,<environment.Job instance at 0x7f4839aaef50>,52,2,[5 5],53,122,124,69,122
1,<environment.Job instance at 0x7f4880460a00>,63,2,[2 8],64,125,127,61,122
1,<environment.Job instance at 0x7f4880460be0>,65,1,[4 8],66,127,128,61,123
1,<environment.Job instance at 0x7f4880460690>,67,2,[ 2 11],68,128,130,60,126
1,<environment.Job instance at 0x7f4880460050>,68,12,[ 4 10],69,130,142,61,126
1,<environment.Job instance at 0x7f48804605a0>,69,2,[9 5],70,134,136,64,126
1,<environment.Job instance at 0x7f48804606e0>,70,3,[8 2],71,136,139,65,126
1,<environment.Job instance at 0x7f4839d5a500>,72,17,[4 9],73,142,159,69,130
1,<environment.Job instance at 0x7f4839d5ac30>,76,21,[5 3],77,139,160,62,137
1,<environment.Job instance at 0x7f4839d5a140>,77,22,[1 9],78,159,181,81,152
1,<environment.Job instance at 0x7f48800e2be0>,31,21,[8 4],32,160,181,128,152
1,<environment.Job instance at 0x7f4839d5a1e0>,79,1,[ 4 10],80,181,182,101,155
1,<environment.Job instance at 0x7f4839d5ae10>,82,2,[6 5],83,181,183,98,155
1,<environment.Job instance at 0x7f487bb778c0>,84,19,[ 5 12],85,183,202,98,173
1,<environment.Job instance at 0x7f487bb77230>,85,27,[2 8],86,202,229,116,200
1,<environment.Job instance at 0x7f4839d5a0a0>,81,16,[10  1],82,201,217,119,201
1,<environment.Job instance at 0x7f487bb77cd0>,88,1,[9 4],89,217,218,128,201
1,<environment.Job instance at 0x7f487bb77500>,89,1,[ 4 13],90,229,230,139,201
1,<environment.Job instance at 0x7f487bd1d910>,6,3,[ 4 11],7,7,10,0,7
1,<environment.Job instance at 0x7f4839b643c0>,11,23,[8 4],12,15,38,3,15
1,<environment.Job instance at 0x7f487ba2b2d0>,14,3,[11  3],15,38,41,23,15
1,<environment.Job instance at 0x7f483a3a1b40>,16,2,[ 2 12],17,38,40,21,29
1,<environment.Job instance at 0x7f488045f0f0>,17,2,[1 9],18,29,31,11,29
1,<environment.Job instance at 0x7f483a206960>,18,2,[7 4],19,31,33,12,29
1,<environment.Job instance at 0x7f483a2061e0>,19,1,[5 4],20,33,34,13,29
1,<environment.Job instance at 0x7f483a206320>,20,1,[3 6],21,34,35,13,29
1,<environment.Job instance at 0x7f483a2065a0>,22,2,[6 2],23,35,37,12,35
1,<environment.Job instance at 0x7f483a206af0>,23,16,[1 9],24,40,56,16,38
1,<environment.Job instance at 0x7f483a206c80>,24,3,[ 3 10],25,56,59,31,38
1,<environment.Job instance at 0x7f483a206e10>,25,27,[6 2],26,41,68,15,39
1,<environment.Job instance at 0x7f483a206500>,28,3,[ 3 12],29,59,62,30,41
1,<environment.Job instance at 0x7f483a21eaa0>,31,2,[7 3],32,62,64,30,61
1,<environment.Job instance at 0x7f483a21e5a0>,34,3,[8 2],35,76,79,41,76
1,<environment.Job instance at 0x7f483a21e6e0>,37,3,[6 1],38,88,91,50,88
1,<environment.Job instance at 0x7f488043c730>,41,18,[1 7],42,97,115,55,97
1,<environment.Job instance at 0x7f487bb84870>,42,3,[1 9],43,115,118,72,97
1,<environment.Job instance at 0x7f488043f6e0>,43,1,[6 2],44,97,98,53,97
1,<environment.Job instance at 0x7f483a2e44b0>,44,2,[1 8],45,98,100,53,97
1,<environment.Job instance at 0x7f487ba0b4b0>,45,1,[ 4 14],46,118,119,72,97
1,<environment.Job instance at 0x7f487b9e8690>,46,3,[6 5],47,100,103,53,97
1,<environment.Job instance at 0x7f487b9e8820>,47,3,[1 9],48,119,122,71,97
1,<environment.Job instance at 0x7f487ba0b370>,48,2,[2 7],49,103,105,54,97
1,<environment.Job instance at 0x7f483a203500>,49,2,[5 3],50,100,102,50,97
1,<environment.Job instance at 0x7f483a2032d0>,50,1,[3 7],51,105,106,54,97
1,<environment.Job instance at 0x7f483a203690>,51,1,[4 6],52,97,98,45,97
1,<environment.Job instance at 0x7f4880516a00>,53,2,[2 7],54,106,108,52,105
1,<environment.Job instance at 0x7f4880516690>,54,18,[7 1],55,108,126,53,108
1,<environment.Job instance at 0x7f48804ff550>,55,2,[10  4],56,126,128,70,108
1,<environment.Job instance at 0x7f48804ff3c0>,56,14,[ 5 11],57,122,136,65,112
1,<environment.Job instance at 0x7f4839a66320>,5,3,[4 7],6,112,115,106,112
1,<environment.Job instance at 0x7f483a206280>,29,18,[5 2],30,128,146,98,118
1,<environment.Job instance at 0x7f487bb86e10>,61,1,[ 5 10],62,136,137,74,120
1,<environment.Job instance at 0x7f48804ffd70>,58,1,[2 9],59,137,138,78,124
1,<environment.Job instance at 0x7f48804fbc30>,63,3,[4 6],64,138,141,74,125
1,<environment.Job instance at 0x7f488052c960>,59,22,[14  5],60,146,168,86,139
1,<environment.Job instance at 0x7f48804fb5a0>,67,1,[10  4],68,141,142,73,139
1,<environment.Job instance at 0x7f48804fb960>,68,22,[10  4],69,168,190,99,161
1,<environment.Job instance at 0x7f4880523d20>,71,21,[5 8],72,168,189,96,161
1,<environment.Job instance at 0x7f48804f98c0>,80,16,[8 3],81,190,206,109,182
1,<environment.Job instance at 0x7f4880447460>,62,12,[11  2],63,206,218,143,189
1,<environment.Job instance at 0x7f487bdcb370>,83,13,[ 4 10],84,197,210,113,197
1,<environment.Job instance at 0x7f487bdcbc80>,85,1,[1 9],86,210,211,124,202
1,<environment.Job instance at 0x7f487bdcbdc0>,86,2,[1 9],87,211,213,124,202
1,<environment.Job instance at 0x7f4880523f00>,77,25,[6 5],78,218,243,140,214
1,<environment.Job instance at 0x7f483a0df190>,1,28,[1 5],2,6,34,4,6
1,<environment.Job instance at 0x7f483a2285f0>,0,12,[ 3 11],1,34,46,33,17
1,<environment.Job instance at 0x7f48800e2af0>,10,27,[3 8],11,46,73,35,44
1,<environment.Job instance at 0x7f4880523f00>,6,15,[3 5],7,46,61,39,46
1,<environment.Job instance at 0x7f487bc66af0>,2,2,[3 8],3,73,75,70,47
1,<environment.Job instance at 0x7f487ff76640>,11,16,[ 3 14],12,75,91,63,62
1,<environment.Job instance at 0x7f48399bcd70>,20,20,[7 1],21,67,87,46,67
1,<environment.Job instance at 0x7f48399bc320>,21,1,[12  2],22,91,92,69,68
1,<environment.Job instance at 0x7f487be9b460>,30,3,[2 6],31,91,94,60,73
1,<environment.Job instance at 0x7f487bd95460>,33,2,[7 2],34,92,94,58,84
1,<environment.Job instance at 0x7f4839bb5be0>,36,3,[5 2],37,95,98,58,95
1,<environment.Job instance at 0x7f4839bb50f0>,37,1,[10  1],38,95,96,57,95
1,<environment.Job instance at 0x7f48804c9be0>,38,3,[2 5],39,96,99,57,95
1,<environment.Job instance at 0x7f48804c95f0>,39,1,[3 8],40,96,97,56,95
1,<environment.Job instance at 0x7f48804c9cd0>,40,23,[ 1 12],41,99,122,58,95
1,<environment.Job instance at 0x7f48399bc5a0>,22,1,[9 3],23,98,99,75,95
1,<environment.Job instance at 0x7f4839d9c8c0>,45,26,[ 4 10],46,122,148,76,119
1,<environment.Job instance at 0x7f4839d9c6e0>,46,1,[7 2],47,120,121,73,120
1,<environment.Job instance at 0x7f4880008190>,49,22,[12  5],50,148,170,98,141
1,<environment.Job instance at 0x7f4880497b40>,54,27,[3 7],55,150,177,95,150
1,<environment.Job instance at 0x7f4880497410>,58,1,[7 1],59,170,171,111,167
1,<environment.Job instance at 0x7f4880497190>,59,2,[1 8],60,171,173,111,167
1,<environment.Job instance at 0x7f4880497a00>,60,1,[2 9],61,177,178,116,167
1,<environment.Job instance at 0x7f4880497eb0>,64,3,[1 9],65,188,191,123,188
1,<environment.Job instance at 0x7f487bba7140>,67,2,[10  4],68,200,202,132,200
1,<environment.Job instance at 0x7f4880497910>,65,16,[ 5 10],66,204,220,138,204
1,<environment.Job instance at 0x7f4839bb17d0>,69,12,[10  3],70,204,216,134,204
1,<environment.Job instance at 0x7f487ba24cd0>,71,2,[8 5],72,216,218,144,206
1,<environment.Job instance at 0x7f487ba24140>,72,18,[10  4],73,218,236,145,208
1,<environment.Job instance at 0x7f488060d820>,75,3,[5 4],76,220,223,144,217
1,<environment.Job instance at 0x7f488060de60>,76,2,[5 6],77,223,225,146,217
1,<environment.Job instance at 0x7f4839c223c0>,1,26,[6 3],2,2,28,0,2
1,<environment.Job instance at 0x7f48802e41e0>,9,3,[12  2],10,28,31,18,10
1,<environment.Job instance at 0x7f4839b1cdc0>,11,3,[11  1],12,31,34,19,12
1,<environment.Job instance at 0x7f4839b1c050>,13,1,[10  2],14,34,35,20,14
1,<environment.Job instance at 0x7f4839b1cd20>,14,2,[8 5],15,15,17,0,15
1,<environment.Job instance at 0x7f4839b1c8c0>,15,27,[8 5],16,35,62,19,33
1,<environment.Job instance at 0x7f4839b80500>,17,17,[5 5],18,37,54,19,37
1,<environment.Job instance at 0x7f4839b1c5a0>,16,22,[9 5],17,62,84,45,55
1,<environment.Job instance at 0x7f4839b80eb0>,20,1,[9 3],21,84,85,63,56
1,<environment.Job instance at 0x7f4839b80c30>,24,1,[5 4],25,60,61,35,60
1,<environment.Job instance at 0x7f4839b805a0>,25,2,[5 4],26,61,63,35,60
1,<environment.Job instance at 0x7f4839b804b0>,26,2,[7 5],27,85,87,58,60
1,<environment.Job instance at 0x7f4839b801e0>,27,13,[ 2 13],28,87,100,59,71
1,<environment.Job instance at 0x7f4839b80be0>,28,17,[ 1 13],29,100,117,71,88
1,<environment.Job instance at 0x7f4839b80870>,29,2,[12  1],30,88,90,58,88
1,<environment.Job instance at 0x7f4839b80c80>,31,24,[ 3 14],32,117,141,85,112
1,<environment.Job instance at 0x7f4880559780>,38,13,[14  1],39,141,154,102,125
1,<environment.Job instance at 0x7f48805595f0>,40,20,[9 2],41,154,174,113,145
1,<environment.Job instance at 0x7f4839b29af0>,7,1,[ 5 12],8,154,155,146,148
1,<environment.Job instance at 0x7f4880559910>,43,18,[2 9],44,155,173,111,149
1,<environment.Job instance at 0x7f48805599b0>,41,15,[ 3 13],42,173,188,131,159
1,<environment.Job instance at 0x7f48805595a0>,46,26,[ 4 10],47,188,214,141,185
1,<environment.Job instance at 0x7f4839a74780>,51,3,[ 2 12],52,214,217,162,188
1,<environment.Job instance at 0x7f4839a74dc0>,54,19,[1 7],55,217,236,162,207
1,<environment.Job instance at 0x7f4839a74730>,55,13,[13  4],56,217,230,161,207
1,<environment.Job instance at 0x7f4839a74d20>,56,25,[ 3 12],57,236,261,179,232
1,<environment.Job instance at 0x7f4839dd3500>,61,3,[5 9],62,261,264,199,235
1,<environment.Job instance at 0x7f4839dd3870>,63,2,[7 1],64,235,237,171,235
1,<environment.Job instance at 0x7f483a32a410>,5,25,[10  3],6,9,34,3,9
1,<environment.Job instance at 0x7f483a304460>,12,2,[ 1 10],13,18,20,5,18
1,<environment.Job instance at 0x7f483a3045a0>,14,3,[14  3],15,34,37,19,18
1,<environment.Job instance at 0x7f483a302be0>,17,2,[10  1],18,37,39,19,19
1,<environment.Job instance at 0x7f483a302b90>,19,15,[13  3],20,39,54,19,32
1,<environment.Job instance at 0x7f4839a4f0a0>,4,17,[1 5],5,32,49,27,32
1,<environment.Job instance at 0x7f4839bdb320>,6,2,[12  3],7,54,56,47,34
1,<environment.Job instance at 0x7f483a3028c0>,20,24,[7 2],21,56,80,35,51
1,<environment.Job instance at 0x7f487ffa79b0>,26,3,[12  5],27,80,83,53,54
1,<environment.Job instance at 0x7f487ffa7f50>,23,17,[2 5],24,54,71,30,54
1,<environment.Job instance at 0x7f487ffa7230>,28,2,[5 8],29,56,58,27,54
1,<environment.Job instance at 0x7f487ffa78c0>,24,17,[2 6],25,58,75,33,54
1,<environment.Job instance at 0x7f487ffa7e60>,34,18,[2 9],35,75,93,40,72
1,<environment.Job instance at 0x7f487ffa7910>,35,3,[9 1],36,83,86,47,72
1,<environment.Job instance at 0x7f4839fef730>,38,3,[ 3 10],39,93,96,54,76
1,<environment.Job instance at 0x7f4839fef190>,39,12,[8 3],40,86,98,46,80
1,<environment.Job instance at 0x7f4839fef5a0>,41,3,[5 3],42,89,92,47,89
1,<environment.Job instance at 0x7f4839fef4b0>,42,24,[2 9],43,96,120,53,91
1,<environment.Job instance at 0x7f4839fef050>,43,1,[9 4],44,98,99,54,91
1,<environment.Job instance at 0x7f4839fefd70>,45,2,[8 5],46,99,101,53,91
1,<environment.Job instance at 0x7f4839feff50>,46,1,[5 3],47,92,93,45,91
1,<environment.Job instance at 0x7f4839fef410>,48,1,[ 2 10],49,120,121,71,105
1,<environment.Job instance at 0x7f4839fef370>,49,18,[1 9],50,121,139,71,110
1,<environment.Job instance at 0x7f483a2ffe60>,51,3,[7 1],52,110,113,58,110
1,<environment.Job instance at 0x7f483a2ff500>,53,3,[5 5],54,122,125,68,122
1,<environment.Job instance at 0x7f483a2ff8c0>,54,13,[7 4],55,134,147,79,134
1,<environment.Job instance at 0x7f483a2fff00>,55,1,[5 5],56,139,140,83,134
1,<environment.Job instance at 0x7f4839fd8870>,59,20,[5 3],60,153,173,93,153
1,<environment.Job instance at 0x7f4839fd8910>,60,2,[7 1],61,153,155,92,153
1,<environment.Job instance at 0x7f4839fd8fa0>,62,1,[ 1 10],63,154,155,91,154
1,<environment.Job instance at 0x7f4839fd8c30>,63,2,[ 4 10],64,155,157,91,154
1,<environment.Job instance at 0x7f4839fd8f50>,64,14,[10  2],65,157,171,92,156
1,<environment.Job instance at 0x7f4839fd88c0>,65,23,[1 8],66,171,194,105,165
1,<environment.Job instance at 0x7f483a302140>,21,12,[5 6],22,173,185,151,165
1,<environment.Job instance at 0x7f4839fd82d0>,68,13,[ 5 13],69,194,207,125,178
1,<environment.Job instance at 0x7f4839fe4eb0>,78,19,[3 9],79,207,226,128,197
1,<environment.Job instance at 0x7f4839fe4500>,82,1,[10  2],83,206,207,123,206
1,<environment.Job instance at 0x7f4839fe40f0>,84,26,[8 5],85,212,238,127,212
1,<environment.Job instance at 0x7f487ffa7460>,30,15,[ 3 10],31,226,241,195,213
1,<environment.Job instance at 0x7f2012006dc0>,1,15,[ 1 14],2,2,17,0,2
1,<environment.Job instance at 0x7f200ab6c2d0>,3,18,[ 3 10],4,17,35,13,6
1,<environment.Job instance at 0x7f200ab6c370>,6,12,[11  4],7,17,29,10,10
1,<environment.Job instance at 0x7f200ab6c7d0>,10,1,[7 3],11,29,30,18,11
1,<environment.Job instance at 0x7f200ab6c960>,11,2,[3 9],12,35,37,23,12
1,<environment.Job instance at 0x7f200ab6ca50>,12,3,[6 3],13,30,33,17,13
1,<environment.Job instance at 0x7f200ab6cc80>,15,3,[10  2],16,33,36,17,16
1,<environment.Job instance at 0x7f200ab6cd70>,16,12,[1 8],17,37,49,20,22
1,<environment.Job instance at 0x7f200ab6cf00>,19,17,[12  3],20,36,53,16,26
1,<environment.Job instance at 0x7f200ab70410>,22,2,[12  3],23,53,55,30,34
1,<environment.Job instance at 0x7f200ab70870>,26,22,[2 9],27,49,71,22,42
1,<environment.Job instance at 0x7f200ab70f50>,34,3,[9 5],35,55,58,20,50
1,<environment.Job instance at 0x7f200ab70e10>,35,16,[8 1],36,58,74,22,57
1,<environment.Job instance at 0x7f200ab70fa0>,36,2,[5 1],37,58,60,21,57
1,<environment.Job instance at 0x7f200ab71500>,39,18,[5 8],40,71,89,31,64
1,<environment.Job instance at 0x7f200ab715a0>,40,1,[1 8],41,89,90,48,64
1,<environment.Job instance at 0x7f200ab71780>,43,28,[6 4],44,76,104,32,76
1,<environment.Job instance at 0x7f200ab6c640>,8,17,[ 2 10],9,90,107,81,85
1,<environment.Job instance at 0x7f200ab71b40>,44,17,[ 5 12],45,107,124,62,95
1,<environment.Job instance at 0x7f200ab71fa0>,50,27,[9 1],51,104,131,53,102
1,<environment.Job instance at 0x7f200ab74820>,58,1,[5 7],59,124,125,65,111
1,<environment.Job instance at 0x7f200ab74960>,60,24,[ 3 10],61,125,149,64,120
1,<environment.Job instance at 0x7f200ab74a00>,61,2,[9 2],62,131,133,69,120
1,<environment.Job instance at 0x7f200ab745f0>,62,20,[9 1],63,133,153,70,124
1,<environment.Job instance at 0x7f200ab74fa0>,67,26,[5 4],68,149,175,81,146
1,<environment.Job instance at 0x7f200ab6c500>,5,13,[5 9],6,156,169,150,156
1,<environment.Job instance at 0x7f200ab74e10>,68,22,[5 6],69,169,191,100,162
1,<environment.Job instance at 0x7f200ab763c0>,71,1,[8 2],72,175,176,103,172
1,<environment.Job instance at 0x7f200ab76500>,73,3,[10  4],74,177,180,103,177
1,<environment.Job instance at 0x7f200ab765a0>,74,1,[6 2],75,180,181,105,177
1,<environment.Job instance at 0x7f200ab760a0>,75,3,[6 4],76,181,184,105,177
1,<environment.Job instance at 0x7f200ab76a00>,78,19,[8 4],79,184,203,105,178
1,<environment.Job instance at 0x7f200ab760f0>,80,2,[10  3],81,203,205,122,192
1,<environment.Job instance at 0x7f200ab76b40>,81,17,[ 4 14],82,205,222,123,193
1,<environment.Job instance at 0x7f200ab76a50>,82,3,[10  1],83,205,208,122,193
1,<environment.Job instance at 0x7f200ab76820>,83,3,[9 2],84,222,225,138,196
1,<environment.Job instance at 0x7f200ab76cd0>,85,19,[14  4],86,225,244,139,215
1,<environment.Job instance at 0x7f200ab76cd0>,3,1,[5 6],4,5,6,1,5
1,<environment.Job instance at 0x7f200ab855f0>,11,3,[1 5],12,13,16,1,13
1,<environment.Job instance at 0x7f1fc6f685a0>,12,1,[10  1],13,13,14,0,13
1,<environment.Job instance at 0x7f1fc6f6ac30>,18,18,[4 6],19,41,59,22,41
1,<environment.Job instance at 0x7f1fc6f6ad70>,20,3,[9 1],21,46,49,25,46
1,<environment.Job instance at 0x7f1fc6f6a780>,22,1,[ 5 10],23,59,60,36,50
1,<environment.Job instance at 0x7f1fc6f6a370>,24,1,[9 4],25,52,53,27,52
1,<environment.Job instance at 0x7f1fc6f6a690>,25,25,[3 9],26,60,85,34,56
1,<environment.Job instance at 0x7f1fc6f45eb0>,29,23,[2 8],30,85,108,55,79
1,<environment.Job instance at 0x7f1fc6f6d1e0>,31,1,[5 1],32,80,81,48,80
1,<environment.Job instance at 0x7f1fc6f6d320>,32,2,[8 2],33,81,83,48,80
1,<environment.Job instance at 0x7f1fc6f6d500>,33,1,[3 9],34,108,109,74,80
1,<environment.Job instance at 0x7f1fc6f6d0a0>,36,26,[9 1],37,96,122,59,96
1,<environment.Job instance at 0x7f1fc6f6dd70>,37,2,[9 3],38,122,124,84,96
1,<environment.Job instance at 0x7f200ab85640>,5,14,[3 8],6,109,123,103,99
1,<environment.Job instance at 0x7f1fc6f6ca00>,41,3,[8 2],42,124,127,82,104
1,<environment.Job instance at 0x7f1fc6f6c8c0>,40,18,[5 1],41,123,141,82,113
1,<environment.Job instance at 0x7f1fc6f6c320>,45,16,[ 3 10],46,127,143,81,115
1,<environment.Job instance at 0x7f1fc6f62870>,49,1,[10  3],50,141,142,91,119
1,<environment.Job instance at 0x7f1fc6f623c0>,50,2,[3 8],51,143,145,92,123
1,<environment.Job instance at 0x7f1fc6f620f0>,51,2,[12  1],52,142,144,90,124
1,<environment.Job instance at 0x7f1fc6f62320>,53,27,[5 3],54,144,171,90,142
1,<environment.Job instance at 0x7f1fc6f6c1e0>,42,14,[8 4],43,145,159,102,142
1,<environment.Job instance at 0x7f1fc6fe7fa0>,58,22,[9 2],59,159,181,100,152
1,<environment.Job instance at 0x7f1fc6fcd4b0>,59,3,[ 4 12],60,171,174,111,169
1,<environment.Job instance at 0x7f1fc6f67910>,61,18,[ 5 11],62,174,192,112,174
1,<environment.Job instance at 0x7f1fc6f83320>,68,28,[7 4],69,186,214,117,186
1,<environment.Job instance at 0x7f1fc6f83230>,71,1,[8 3],72,192,193,120,187
1,<environment.Job instance at 0x7f1fc6f83370>,72,1,[3 8],73,193,194,120,187
1,<environment.Job instance at 0x7f1fc6f671e0>,55,17,[5 9],56,194,211,138,188
1,<environment.Job instance at 0x7f1fc6f799b0>,62,17,[10  4],63,214,231,151,206
1,<environment.Job instance at 0x7f1fc712d9b0>,76,15,[ 5 10],77,214,229,137,214
1,<environment.Job instance at 0x7f1fc70ae0f0>,77,1,[7 2],78,231,232,153,216
1,<environment.Job instance at 0x7f1fc708e3c0>,78,16,[14  3],79,232,248,153,219
1,<environment.Job instance at 0x7f200ab86b40>,2,27,[ 2 13],3,3,30,0,3
1,<environment.Job instance at 0x7f1fc6de34b0>,4,1,[3 8],5,30,31,25,5
1,<environment.Job instance at 0x7f1fc6dcf1e0>,11,15,[10  3],12,30,45,18,16
1,<environment.Job instance at 0x7f1fc6dcf5a0>,12,2,[7 1],13,16,18,3,16
1,<environment.Job instance at 0x7f1fc6dcfa50>,13,2,[3 5],14,31,33,17,16
1,<environment.Job instance at 0x7f1fc6dcf2d0>,15,2,[4 6],16,33,35,17,18
1,<environment.Job instance at 0x7f1fc6dcf500>,16,2,[6 5],17,45,47,28,18
1,<environment.Job instance at 0x7f1fc6dd6e60>,18,3,[5 1],19,27,30,8,27
1,<environment.Job instance at 0x7f1fc6dd69b0>,19,17,[4 8],20,35,52,15,34
1,<environment.Job instance at 0x7f1fc6dbe730>,20,14,[ 3 10],21,52,66,31,37
1,<environment.Job instance at 0x7f200a9fce60>,21,18,[ 4 13],22,66,84,44,55
1,<environment.Job instance at 0x7f200aa0ac30>,27,16,[ 5 13],28,84,100,56,71
1,<environment.Job instance at 0x7f200aa02690>,32,2,[6 1],33,71,73,38,71
1,<environment.Job instance at 0x7f20120f02d0>,34,18,[13  2],35,100,118,65,89
1,<environment.Job instance at 0x7f1fc6f2ea50>,42,20,[7 3],43,118,138,75,109
1,<environment.Job instance at 0x7f1fc6de3b90>,8,1,[12  5],9,138,139,129,110
1,<environment.Job instance at 0x7f1fc6de3d20>,6,15,[7 3],7,118,133,111,113
1,<environment.Job instance at 0x7f20120edb90>,49,1,[4 6],50,133,134,83,118
1,<environment.Job instance at 0x7f1fc6f2e5a0>,48,17,[2 8],49,134,151,85,129
1,<environment.Job instance at 0x7f20120edd20>,53,1,[2 8],54,151,152,97,129
1,<environment.Job instance at 0x7f1fc6dc67d0>,59,22,[1 6],60,155,177,95,155
1,<environment.Job instance at 0x7f200ad61d70>,60,1,[5 1],61,155,156,94,155
1,<environment.Job instance at 0x7f200acf18c0>,61,25,[10  4],62,160,185,98,160
1,<environment.Job instance at 0x7f200afe1230>,64,22,[1 9],65,177,199,112,170
1,<environment.Job instance at 0x7f2011f7bbe0>,66,3,[2 7],67,199,202,132,173
1,<environment.Job instance at 0x7f2011f7b050>,68,3,[4 7],69,199,202,130,173
1,<environment.Job instance at 0x7f20120edc80>,50,1,[2 5],51,173,174,122,173
1,<environment.Job instance at 0x7f1fc6ea6d20>,72,2,[6 3],73,188,190,115,188
1,<environment.Job instance at 0x7f1fc6ea6fa0>,73,24,[3 6],74,202,226,128,197
1,<environment.Job instance at 0x7f1fc6ea60a0>,74,2,[4 8],75,202,204,127,197
1,<environment.Job instance at 0x7f200ad75500>,75,20,[3 8],76,204,224,128,197
1,<environment.Job instance at 0x7f200b088c80>,77,27,[9 5],78,224,251,146,222
1,<environment.Job instance at 0x7f20120ee4b0>,67,13,[ 1 10],68,226,239,158,222
1,<environment.Job instance at 0x7f1fc714afa0>,0,1,[2 9],1,1,2,0,1
1,<environment.Job instance at 0x7f1fc71c0aa0>,5,1,[12  4],6,6,7,0,6
1,<environment.Job instance at 0x7f1fc714be10>,6,2,[9 2],7,7,9,0,7
1,<environment.Job instance at 0x7f200a971a00>,7,2,[5 2],8,8,10,0,8
1,<environment.Job instance at 0x7f200a971500>,8,2,[6 5],9,9,11,0,9
1,<environment.Job instance at 0x7f200aca0500>,9,3,[8 5],10,10,13,0,10
1,<environment.Job instance at 0x7f200d853960>,11,15,[14  1],12,13,28,1,12
1,<environment.Job instance at 0x7f1fc71c05a0>,12,27,[5 5],13,28,55,15,26
1,<environment.Job instance at 0x7f200d679820>,15,1,[3 6],16,28,29,12,26
1,<environment.Job instance at 0x7f200d2befa0>,3,13,[9 5],4,29,42,25,27
1,<environment.Job instance at 0x7f200acba870>,19,14,[2 6],20,42,56,22,29
1,<environment.Job instance at 0x7f200d590410>,26,27,[5 8],27,55,82,28,55
1,<environment.Job instance at 0x7f200ad17eb0>,27,3,[5 6],28,56,59,28,55
1,<environment.Job instance at 0x7f200afba0a0>,29,1,[ 4 10],30,82,83,52,65
1,<environment.Job instance at 0x7f200acb2be0>,30,1,[10  3],31,65,66,34,65
1,<environment.Job instance at 0x7f200acb2f50>,31,24,[4 8],32,83,107,51,78
1,<environment.Job instance at 0x7f200ae08690>,33,3,[9 4],34,81,84,47,81
1,<environment.Job instance at 0x7f200d679e10>,14,25,[1 7],15,84,109,69,82
1,<environment.Job instance at 0x7f200acb8cd0>,35,19,[7 5],36,107,126,71,97
1,<environment.Job instance at 0x7f200a9c7230>,38,1,[2 5],39,109,110,70,97
1,<environment.Job instance at 0x7f200abc46e0>,41,1,[11  1],42,126,127,84,98
1,<environment.Job instance at 0x7f200abf5be0>,21,14,[1 9],22,110,124,88,103
1,<environment.Job instance at 0x7f200ae08f50>,34,2,[4 8],35,124,126,89,103
1,<environment.Job instance at 0x7f200abc4d20>,49,18,[5 8],50,128,146,78,128
1,<environment.Job instance at 0x7f200abc4320>,52,3,[ 3 10],53,146,149,93,128
1,<environment.Job instance at 0x7f200abc4dc0>,54,1,[2 5],55,129,130,74,129
1,<environment.Job instance at 0x7f200acc8820>,55,2,[9 3],56,130,132,74,129
1,<environment.Job instance at 0x7f200acc8b90>,57,23,[10  4],58,144,167,86,144
1,<environment.Job instance at 0x7f200abc44b0>,50,19,[2 7],51,153,172,102,153
1,<environment.Job instance at 0x7f200abdf0f0>,65,16,[4 5],66,167,183,101,165
1,<environment.Job instance at 0x7f200abdf230>,63,3,[ 5 13],64,183,186,119,166
1,<environment.Job instance at 0x7f200abc4aa0>,48,3,[9 1],49,167,170,118,166
1,<environment.Job instance at 0x7f200ac3c5f0>,67,1,[11  4],68,172,173,104,166
1,<environment.Job instance at 0x7f200ac3c140>,68,1,[5 3],69,174,175,105,174
1,<environment.Job instance at 0x7f200a9c6820>,66,17,[13  2],67,186,203,119,174
1,<environment.Job instance at 0x7f200ac3c4b0>,72,17,[ 2 12],73,186,203,113,178
1,<environment.Job instance at 0x7f200acdabe0>,75,24,[10  2],76,203,227,127,198
1,<environment.Job instance at 0x7f200abdab40>,78,19,[1 6],79,203,222,124,198
1,<environment.Job instance at 0x7f1fc714cbe0>,2,2,[7 4],3,3,5,0,3
1,<environment.Job instance at 0x7f200abdab40>,4,2,[9 2],5,5,7,0,5
1,<environment.Job instance at 0x7f200d236cd0>,10,1,[9 5],11,11,12,0,11
1,<environment.Job instance at 0x7f200abcbf00>,11,13,[12  4],12,12,25,0,12
1,<environment.Job instance at 0x7f200abcb230>,14,24,[4 5],15,25,49,10,24
1,<environment.Job instance at 0x7f200abcbc30>,12,15,[10  1],13,25,40,12,24
1,<environment.Job instance at 0x7f200ac2faf0>,19,3,[5 9],20,40,43,20,38
1,<environment.Job instance at 0x7f200a9790f0>,20,2,[6 4],21,43,45,22,38
1,<environment.Job instance at 0x7f200a9796e0>,21,2,[3 5],22,43,45,21,38
1,<environment.Job instance at 0x7f200af6c2d0>,24,16,[9 2],25,45,61,20,42
1,<environment.Job instance at 0x7f200af715a0>,25,2,[2 9],26,49,51,23,42
1,<environment.Job instance at 0x7f200af70e10>,27,1,[3 6],28,53,54,25,53
1,<environment.Job instance at 0x7f200af70eb0>,28,13,[6 1],29,54,67,25,53
1,<environment.Job instance at 0x7f200afb7780>,30,3,[10  4],31,67,70,36,53
1,<environment.Job instance at 0x7f1fc7216780>,34,3,[7 4],35,79,82,44,79
1,<environment.Job instance at 0x7f200afb20f0>,35,3,[9 4],36,82,85,46,79
1,<environment.Job instance at 0x7f200afae140>,36,2,[5 5],37,79,81,42,79
1,<environment.Job instance at 0x7f200af79d70>,37,1,[10  3],38,85,86,47,79
1,<environment.Job instance at 0x7f1fc7230870>,39,16,[10  2],40,86,102,46,83
1,<environment.Job instance at 0x7f200afaeb40>,41,2,[2 9],42,94,96,52,94
1,<environment.Job instance at 0x7f200afbfc80>,42,2,[7 3],43,102,104,59,94
1,<environment.Job instance at 0x7f200afbfaa0>,43,3,[8 1],44,102,105,58,94
1,<environment.Job instance at 0x7f200afbf960>,45,12,[10  3],46,105,117,59,100
1,<environment.Job instance at 0x7f200afbf460>,47,15,[10  1],48,117,132,69,103
1,<environment.Job instance at 0x7f200abcb960>,16,13,[3 9],17,107,120,90,107
1,<environment.Job instance at 0x7f200afd3320>,55,3,[9 2],56,132,135,76,115
1,<environment.Job instance at 0x7f200afd3b90>,59,21,[1 9],60,120,141,60,117
1,<environment.Job instance at 0x7f200afd3be0>,60,27,[6 4],61,135,162,74,133
1,<environment.Job instance at 0x7f200afd34b0>,61,1,[11  4],62,162,163,100,134
1,<environment.Job instance at 0x7f200afd88c0>,65,3,[10  4],66,163,166,97,137
1,<environment.Job instance at 0x7f200afd8460>,67,2,[ 2 10],68,144,146,76,144
1,<environment.Job instance at 0x7f200afd8af0>,68,22,[7 5],69,166,188,97,159
1,<environment.Job instance at 0x7f200afbf3c0>,49,23,[6 5],50,166,189,116,162
1,<environment.Job instance at 0x7f200afd8e60>,72,24,[1 6],73,188,212,115,183
1,<environment.Job instance at 0x7f1fc71a3af0>,7,17,[3 5],8,189,206,181,186
1,<environment.Job instance at 0x7f200afd4f50>,84,3,[ 2 12],85,212,215,127,200
1,<environment.Job instance at 0x7f1fc71ad7d0>,85,2,[3 5],86,206,208,120,200
1,<environment.Job instance at 0x7f1fc7181a50>,87,2,[8 4],88,206,208,118,206
1,<environment.Job instance at 0x7f1fc7181910>,89,17,[1 9],90,215,232,125,211
1,<environment.Job instance at 0x7f1fc7181820>,90,1,[9 4],91,211,212,120,211
1,<environment.Job instance at 0x7f1fc71813c0>,91,2,[ 3 14],92,232,234,140,211
1,<environment.Job instance at 0x7f1fc71c9500>,10,2,[5 1],11,26,28,15,26
1,<environment.Job instance at 0x7f1fc71c9aa0>,14,3,[7 4],15,39,42,24,39
1,<environment.Job instance at 0x7f1fc71c9f50>,15,2,[4 5],16,39,41,23,39
1,<environment.Job instance at 0x7f1fc71c9eb0>,16,18,[10  2],17,42,60,25,39
1,<environment.Job instance at 0x7f1fc71c90a0>,17,2,[7 4],18,60,62,42,39
1,<environment.Job instance at 0x7f1fc71c90f0>,9,1,[ 5 14],10,62,63,52,40
1,<environment.Job instance at 0x7f1fc71c96e0>,6,12,[2 7],7,41,53,34,41
1,<environment.Job instance at 0x7f200aa21370>,22,3,[4 8],23,55,58,32,55
1,<environment.Job instance at 0x7f200aa21910>,24,2,[1 6],25,60,62,35,60
1,<environment.Job instance at 0x7f200aa21c30>,26,1,[5 1],27,71,72,44,71
1,<environment.Job instance at 0x7f200aa21640>,27,27,[ 2 11],28,71,98,43,71
1,<environment.Job instance at 0x7f200aa21d70>,28,3,[2 6],29,98,101,69,72
1,<environment.Job instance at 0x7f200aa21b40>,29,3,[11  2],30,72,75,42,72
1,<environment.Job instance at 0x7f200aa21be0>,30,2,[3 9],31,98,100,67,72
1,<environment.Job instance at 0x7f200aa21050>,31,2,[7 1],32,75,77,43,72
1,<environment.Job instance at 0x7f200aa219b0>,32,1,[12  5],33,100,101,67,72
1,<environment.Job instance at 0x7f200aa218c0>,33,3,[10  3],34,77,80,43,72
1,<environment.Job instance at 0x7f200aa21820>,37,3,[7 5],38,101,104,63,75
1,<environment.Job instance at 0x7f200aa21280>,42,17,[6 4],43,101,118,58,100
1,<environment.Job instance at 0x7f200d5fae10>,44,3,[ 3 10],45,104,107,59,101
1,<environment.Job instance at 0x7f200d5fa410>,45,1,[7 3],46,107,108,61,101
1,<environment.Job instance at 0x7f200d5faeb0>,46,3,[5 4],47,108,111,61,101
1,<environment.Job instance at 0x7f200afe6780>,47,2,[7 2],48,111,113,63,101
1,<environment.Job instance at 0x7f200afe60f0>,48,12,[ 4 10],49,113,125,64,103
1,<environment.Job instance at 0x7f200afe65f0>,49,1,[5 7],50,125,126,75,103
1,<environment.Job instance at 0x7f200afe6640>,50,14,[ 2 10],51,126,140,75,112
1,<environment.Job instance at 0x7f200afe60a0>,57,2,[ 3 10],58,140,142,82,133
1,<environment.Job instance at 0x7f200afe62d0>,58,18,[1 5],59,134,152,75,134
1,<environment.Job instance at 0x7f200d5fa6e0>,39,1,[8 2],40,149,150,109,149
1,<environment.Job instance at 0x7f200afe6190>,60,19,[4 5],61,150,169,89,150
1,<environment.Job instance at 0x7f200d623640>,62,13,[9 4],63,151,164,88,151
1,<environment.Job instance at 0x7f200afe6c80>,61,3,[1 9],62,164,167,102,151
1,<environment.Job instance at 0x7f200d6232d0>,67,2,[9 3],68,167,169,99,157
1,<environment.Job instance at 0x7f200d821550>,69,1,[5 4],70,169,170,99,165
1,<environment.Job instance at 0x7f200d821140>,70,23,[9 4],71,169,192,98,165
1,<environment.Job instance at 0x7f200d821640>,71,21,[8 2],72,192,213,120,184
1,<environment.Job instance at 0x7f200d821d70>,77,2,[10  3],78,213,215,135,200
1,<environment.Job instance at 0x7f200d8212d0>,78,28,[10  4],79,215,243,136,214
1,<environment.Job instance at 0x7f2011f5e5f0>,0,1,[8 1],1,1,2,0,1
1,<environment.Job instance at 0x7f200d5a5cd0>,5,18,[9 2],6,7,25,1,7
1,<environment.Job instance at 0x7f200d5a52d0>,4,3,[4 5],5,7,10,2,7
1,<environment.Job instance at 0x7f200d12b460>,7,20,[1 8],8,8,28,0,8
1,<environment.Job instance at 0x7f200d12b1e0>,8,3,[6 1],9,25,28,16,9
1,<environment.Job instance at 0x7f200d12b820>,9,3,[8 2],10,25,28,15,11
1,<environment.Job instance at 0x7f1fd1b5fdc0>,3,1,[12  4],4,28,29,24,14
1,<environment.Job instance at 0x7f200d140050>,17,20,[5 7],18,29,49,11,20
1,<environment.Job instance at 0x7f200d17faa0>,20,15,[2 8],21,33,48,12,33
1,<environment.Job instance at 0x7f200d140780>,21,3,[2 6],22,48,51,26,33
1,<environment.Job instance at 0x7f200d17fe60>,22,12,[6 1],23,48,60,25,36
1,<environment.Job instance at 0x7f200d17f190>,23,3,[8 3],24,51,54,27,36
1,<environment.Job instance at 0x7f200d17ff00>,24,15,[11  1],25,60,75,35,46
1,<environment.Job instance at 0x7f200d140140>,14,3,[2 7],15,54,57,39,46
1,<environment.Job instance at 0x7f200acfdd20>,10,2,[ 2 12],11,57,59,46,48
1,<environment.Job instance at 0x7f200a944690>,26,1,[7 4],27,54,55,27,51
1,<environment.Job instance at 0x7f200d1c25f0>,28,3,[2 7],29,59,62,30,51
1,<environment.Job instance at 0x7f200ae78aa0>,31,20,[ 5 13],32,75,95,43,66
1,<environment.Job instance at 0x7f200b093cd0>,35,1,[6 4],36,95,96,59,70
1,<environment.Job instance at 0x7f200ab39550>,37,1,[5 1],38,75,76,37,70
1,<environment.Job instance at 0x7f200aabb7d0>,39,1,[8 1],40,76,77,36,70
1,<environment.Job instance at 0x7f200aabb820>,40,24,[7 2],41,77,101,36,72
1,<environment.Job instance at 0x7f200aabb5a0>,44,17,[8 1],45,96,113,51,93
1,<environment.Job instance at 0x7f200aabb140>,45,15,[ 1 12],46,101,116,55,93
1,<environment.Job instance at 0x7f200aabb960>,46,19,[2 9],47,116,135,69,106
1,<environment.Job instance at 0x7f1fc71bdcd0>,52,2,[5 7],53,135,137,82,115
1,<environment.Job instance at 0x7f1fc71bdeb0>,55,1,[ 2 10],56,137,138,81,123
1,<environment.Job instance at 0x7f1fc7229190>,56,16,[1 6],57,138,154,81,134
1,<environment.Job instance at 0x7f1fc7229550>,58,2,[ 1 13],59,154,156,95,134
1,<environment.Job instance at 0x7f1fc7229be0>,60,28,[ 2 14],61,156,184,95,155
1,<environment.Job instance at 0x7f1fc72299b0>,61,28,[5 1],62,155,183,93,155
1,<environment.Job instance at 0x7f1fc7229b40>,62,3,[1 8],63,184,187,121,158
1,<environment.Job instance at 0x7f1fc7229e60>,64,3,[1 5],65,184,187,119,158
1,<environment.Job instance at 0x7f1fc7431230>,68,2,[7 4],69,187,189,118,161
1,<environment.Job instance at 0x7f1fc6dcfa00>,69,2,[5 1],70,183,185,113,164
1,<environment.Job instance at 0x7f1fc73d7190>,70,2,[10  5],71,189,191,118,169
1,<environment.Job instance at 0x7f200d0fd8c0>,73,23,[7 4],74,191,214,117,185
1,<environment.Job instance at 0x7f200d12b410>,11,21,[4 9],12,187,208,175,187
1,<environment.Job instance at 0x7f1fc7317e10>,80,2,[5 5],81,208,210,127,199
1,<environment.Job instance at 0x7f1fc714feb0>,78,18,[13  5],79,214,232,135,207
1,<environment.Job instance at 0x7f1fc73bfdc0>,3,24,[5 3],4,11,35,7,11
1,<environment.Job instance at 0x7f200a8ea640>,10,3,[8 3],11,13,16,2,13
1,<environment.Job instance at 0x7f200ae347d0>,12,2,[3 6],13,22,24,9,22
1,<environment.Job instance at 0x7f1fc6fbc690>,14,12,[9 1],15,24,36,9,22
1,<environment.Job instance at 0x7f1fc6f831e0>,16,1,[6 3],17,35,36,18,28
1,<environment.Job instance at 0x7f200d3535a0>,17,17,[1 9],18,36,53,18,28
1,<environment.Job instance at 0x7f1fc6f83f50>,18,19,[ 3 11],19,53,72,34,43
1,<environment.Job instance at 0x7f1fc70212d0>,11,28,[9 4],12,50,78,38,50
1,<environment.Job instance at 0x7f200ab39640>,23,3,[8 2],24,78,81,54,54
1,<environment.Job instance at 0x7f1fc748f8c0>,25,3,[5 3],26,72,75,46,58
1,<environment.Job instance at 0x7f1fc748f870>,26,21,[5 5],27,75,96,48,67
1,<environment.Job instance at 0x7f1fc748f960>,29,15,[10  2],30,81,96,51,75
1,<environment.Job instance at 0x7f1fc748ffa0>,35,3,[10  4],36,102,105,66,102
1,<environment.Job instance at 0x7f1fc748ff50>,36,1,[ 4 10],37,102,103,65,102
1,<environment.Job instance at 0x7f1fc748ff00>,37,13,[14  4],38,105,118,67,102
1,<environment.Job instance at 0x7f1fc74b31e0>,39,2,[5 8],40,103,105,63,102
1,<environment.Job instance at 0x7f1fc74b3320>,41,18,[4 7],42,118,136,76,117
1,<environment.Job instance at 0x7f1fc74b3640>,44,22,[4 9],45,136,158,91,129
1,<environment.Job instance at 0x7f1fc74b36e0>,45,1,[1 9],46,158,159,112,130
1,<environment.Job instance at 0x7f1fc74b3780>,46,21,[5 5],47,130,151,83,130
1,<environment.Job instance at 0x7f1fc74b3550>,47,1,[10  4],48,151,152,103,130
1,<environment.Job instance at 0x7f1fc74b38c0>,48,2,[3 6],49,152,154,103,130
1,<environment.Job instance at 0x7f1fc74b3b90>,51,3,[8 5],52,154,157,102,136
1,<environment.Job instance at 0x7f1fc74b3be0>,52,12,[ 1 10],53,159,171,106,142
1,<environment.Job instance at 0x7f1fc74b3c80>,53,2,[13  2],54,158,160,104,142
1,<environment.Job instance at 0x7f1fc74b3d70>,54,15,[10  2],55,160,175,105,147
1,<environment.Job instance at 0x7f1fc74b3c30>,55,25,[1 6],56,171,196,115,167
1,<environment.Job instance at 0x7f1fc74b3820>,56,1,[5 5],57,175,176,118,167
1,<environment.Job instance at 0x7f1fc74b3b40>,59,3,[9 3],60,175,178,115,168
1,<environment.Job instance at 0x7f1fc74990f0>,60,27,[11  2],61,178,205,117,176
1,<environment.Job instance at 0x7f1fc7499280>,62,20,[ 5 10],63,205,225,142,196
1,<environment.Job instance at 0x7f1fc7499460>,65,24,[8 3],66,205,229,139,200
1,<environment.Job instance at 0x7f1fc74999b0>,72,1,[5 9],73,225,226,152,209
1,<environment.Job instance at 0x7f1fc7499c80>,75,17,[10  3],76,229,246,153,222
1,<environment.Job instance at 0x7f1fc7499cd0>,77,24,[5 9],78,226,250,148,222
1,<environment.Job instance at 0x7f1fc6fbc320>,2,3,[10  4],3,3,6,0,3
1,<environment.Job instance at 0x7f200afb9410>,4,3,[9 3],5,12,15,7,12
1,<environment.Job instance at 0x7f200d348410>,10,13,[12  1],11,15,28,4,12
1,<environment.Job instance at 0x7f200d344d20>,13,3,[ 4 10],14,28,31,14,21
1,<environment.Job instance at 0x7f200d6bbaa0>,14,3,[10  2],15,28,31,13,21
1,<environment.Job instance at 0x7f200d6bb3c0>,15,27,[4 5],16,31,58,15,29
1,<environment.Job instance at 0x7f200d6bb050>,16,1,[12  2],17,58,59,41,30
1,<environment.Job instance at 0x7f1fc720c460>,20,17,[9 2],21,32,49,11,32
1,<environment.Job instance at 0x7f1fc720c9b0>,24,1,[7 4],25,49,50,24,41
1,<environment.Job instance at 0x7f1fc710d780>,26,25,[7 3],27,59,84,32,55
1,<environment.Job instance at 0x7f200d65cc30>,27,3,[8 1],28,55,58,27,55
1,<environment.Job instance at 0x7f200d354dc0>,30,26,[6 4],31,63,89,32,63
1,<environment.Job instance at 0x7f200d3540f0>,31,1,[2 5],32,63,64,31,63
1,<environment.Job instance at 0x7f1fc6e426e0>,34,1,[5 5],35,84,85,49,71
1,<environment.Job instance at 0x7f1fc6e06820>,37,21,[9 4],38,85,106,47,79
1,<environment.Job instance at 0x7f200d348eb0>,6,1,[5 2],7,89,90,82,83
1,<environment.Job instance at 0x7f200d365730>,40,2,[5 4],41,90,92,49,85
1,<environment.Job instance at 0x7f1fc6e06320>,38,21,[5 1],39,92,113,53,85
1,<environment.Job instance at 0x7f200d848730>,47,3,[ 1 10],48,101,104,53,101
1,<environment.Job instance at 0x7f200d848e10>,48,2,[5 7],49,106,108,57,101
1,<environment.Job instance at 0x7f1fc72ad050>,49,20,[5 9],50,108,128,58,101
1,<environment.Job instance at 0x7f1fc72ad730>,51,14,[10  1],52,113,127,61,113
1,<environment.Job instance at 0x7f1fc72ad280>,53,3,[6 3],54,127,130,73,121
1,<environment.Job instance at 0x7f1fc72adb90>,54,2,[10  4],55,130,132,75,121
1,<environment.Job instance at 0x7f1fc72ad960>,55,3,[1 9],56,128,131,72,121
1,<environment.Job instance at 0x7f1fc72ad2d0>,56,2,[5 2],57,128,130,71,121
1,<environment.Job instance at 0x7f200ada51e0>,57,3,[1 6],58,131,134,73,121
1,<environment.Job instance at 0x7f200ada5cd0>,58,12,[3 9],59,132,144,73,124
1,<environment.Job instance at 0x7f200ada5460>,59,2,[6 1],60,134,136,74,124
1,<environment.Job instance at 0x7f200ada5d20>,60,2,[6 1],61,134,136,73,124
1,<environment.Job instance at 0x7f200ada5550>,61,3,[7 4],62,136,139,74,124
1,<environment.Job instance at 0x7f1fc730ee60>,64,1,[13  5],65,144,145,79,131
1,<environment.Job instance at 0x7f200ad58fa0>,65,13,[9 1],66,145,158,79,131
1,<environment.Job instance at 0x7f200ad58960>,66,1,[5 7],67,145,146,78,131
1,<environment.Job instance at 0x7f200ad58780>,68,14,[ 1 10],69,146,160,77,137
1,<environment.Job instance at 0x7f200ad58b40>,70,25,[5 3],71,146,171,75,143
1,<environment.Job instance at 0x7f200ad589b0>,71,16,[11  2],72,171,187,99,158
1,<environment.Job instance at 0x7f200ad58a00>,72,2,[3 7],73,160,162,87,158
1,<environment.Job instance at 0x7f200ad580a0>,75,2,[8 1],76,163,165,87,163
1,<environment.Job instance at 0x7f200ad58410>,77,1,[ 4 10],78,165,166,87,163
1,<environment.Job instance at 0x7f200ad584b0>,79,28,[3 9],80,171,199,91,171
1,<environment.Job instance at 0x7f200ad58eb0>,81,2,[2 9],82,199,201,117,174
1,<environment.Job instance at 0x7f200d14d1e0>,82,23,[3 7],83,201,224,118,195
1,<environment.Job instance at 0x7f200d14d2d0>,86,3,[ 5 14],87,224,227,137,198
1,<environment.Job instance at 0x7f1fc70bde10>,2,22,[8 1],3,3,25,0,3
1,<environment.Job instance at 0x7f200d348af0>,3,14,[14  4],4,25,39,21,10
1,<environment.Job instance at 0x7f1fc71c6a50>,10,2,[14  4],11,39,41,28,17
1,<environment.Job instance at 0x7f1fc71c6fa0>,11,27,[8 5],12,41,68,29,39
1,<environment.Job instance at 0x7f200ad22780>,4,13,[5 8],5,42,55,37,42
1,<environment.Job instance at 0x7f1fc71c6500>,15,14,[1 7],16,55,69,39,42
1,<environment.Job instance at 0x7f1fc71c6b40>,14,16,[11  4],15,68,84,53,57
1,<environment.Job instance at 0x7f1fc71c61e0>,16,3,[8 2],17,84,87,67,60
1,<environment.Job instance at 0x7f200d839eb0>,19,14,[2 8],20,69,83,49,65
1,<environment.Job instance at 0x7f200d8395f0>,18,16,[13  2],19,87,103,68,74
1,<environment.Job instance at 0x7f200d843af0>,20,1,[5 2],21,84,85,63,75
1,<environment.Job instance at 0x7f200d843b90>,21,14,[ 2 12],22,85,99,63,83
1,<environment.Job instance at 0x7f1fc7222af0>,23,26,[7 1],24,103,129,79,100
1,<environment.Job instance at 0x7f1fc72220f0>,26,1,[7 3],27,103,104,76,100
1,<environment.Job instance at 0x7f1fc7360f50>,28,12,[ 1 10],29,104,116,75,104
1,<environment.Job instance at 0x7f1fc7360820>,29,1,[7 1],30,104,105,74,104
1,<environment.Job instance at 0x7f1fc7360370>,30,3,[5 1],31,105,108,74,104
1,<environment.Job instance at 0x7f1fc7360460>,31,2,[3 8],32,116,118,84,104
1,<environment.Job instance at 0x7f200abe6320>,34,15,[2 7],35,118,133,83,116
1,<environment.Job instance at 0x7f1fc7461f00>,35,3,[6 4],36,118,121,82,116
1,<environment.Job instance at 0x7f1fc74eb4b0>,36,13,[1 6],37,121,134,84,116
1,<environment.Job instance at 0x7f200d2ddc30>,37,3,[1 8],38,133,136,95,116
1,<environment.Job instance at 0x7f1fc6fb04b0>,38,3,[3 6],39,134,137,95,116
1,<environment.Job instance at 0x7f200d214f00>,39,12,[5 8],40,136,148,96,119
1,<environment.Job instance at 0x7f200d214a00>,41,3,[10  1],42,129,132,87,120
1,<environment.Job instance at 0x7f200ac9d0a0>,42,18,[1 9],43,148,166,105,137
1,<environment.Job instance at 0x7f200af568c0>,45,1,[7 3],46,137,138,91,137
1,<environment.Job instance at 0x7f200af56e60>,46,3,[5 5],47,138,141,91,137
1,<environment.Job instance at 0x7f200b01dcd0>,47,2,[3 7],48,141,143,93,137
1,<environment.Job instance at 0x7f200b01d3c0>,49,25,[3 6],50,143,168,93,139
1,<environment.Job instance at 0x7f200b01da50>,51,16,[ 5 12],52,168,184,116,155
1,<environment.Job instance at 0x7f200b01daf0>,52,3,[2 8],53,184,187,131,158
1,<environment.Job instance at 0x7f200d25edc0>,5,3,[ 1 13],6,187,190,181,161
1,<environment.Job instance at 0x7f200abed190>,7,15,[ 5 12],8,190,205,182,176
1,<environment.Job instance at 0x7f200aefe690>,53,17,[13  5],54,205,222,151,194
1,<environment.Job instance at 0x7f200aefeb40>,55,17,[1 7],56,205,222,149,195
1,<environment.Job instance at 0x7f1fc73030a0>,67,1,[10  3],68,222,223,154,213
1,<environment.Job instance at 0x7f200d123cd0>,70,3,[8 1],71,223,226,152,217
1,<environment.Job instance at 0x7f200aa05d70>,72,3,[ 4 11],73,227,230,154,227
1,<environment.Job instance at 0x7f200ac8fc30>,0,25,[6 2],1,1,26,0,1
1,<environment.Job instance at 0x7f200aa05d70>,2,2,[8 4],3,3,5,0,3
1,<environment.Job instance at 0x7f1fc7424dc0>,4,1,[5 9],5,5,6,0,5
1,<environment.Job instance at 0x7f20120e6050>,10,25,[5 5],11,11,36,0,11
1,<environment.Job instance at 0x7f200ad87eb0>,15,19,[2 8],16,24,43,8,24
1,<environment.Job instance at 0x7f200d51a820>,20,2,[10  4],21,36,38,15,30
1,<environment.Job instance at 0x7f1fc7158a50>,21,17,[ 2 10],22,43,60,21,32
1,<environment.Job instance at 0x7f1fc7158d20>,24,1,[2 9],25,60,61,35,42
1,<environment.Job instance at 0x7f1fc7158dc0>,25,18,[4 6],26,60,78,34,49
1,<environment.Job instance at 0x7f1fc7158fa0>,27,2,[10  2],28,57,59,29,57
1,<environment.Job instance at 0x7f1fc7158eb0>,28,16,[14  4],29,78,94,49,65
1,<environment.Job instance at 0x7f1fc713a320>,33,3,[6 5],34,94,97,60,82
1,<environment.Job instance at 0x7f1fc713a500>,34,19,[ 5 10],35,94,113,59,84
1,<environment.Job instance at 0x7f1fc6e59910>,12,1,[1 7],13,86,87,73,86
1,<environment.Job instance at 0x7f1fc713a8c0>,39,3,[ 1 12],40,113,116,73,90
1,<environment.Job instance at 0x7f1fc713aa00>,41,1,[2 7],42,116,117,74,97
1,<environment.Job instance at 0x7f1fc713ac80>,42,1,[1 8],43,116,117,73,97
1,<environment.Job instance at 0x7f1fc713acd0>,43,17,[13  3],44,117,134,73,105
1,<environment.Job instance at 0x7f1fc713ad70>,44,3,[13  1],45,113,116,68,105
1,<environment.Job instance at 0x7f1fc713af00>,48,3,[1 7],49,117,120,68,114
1,<environment.Job instance at 0x7f1fc713ab90>,49,3,[7 3],50,134,137,84,114
1,<environment.Job instance at 0x7f1fc713aeb0>,50,20,[8 5],51,134,154,83,125
1,<environment.Job instance at 0x7f1fc715e230>,52,3,[5 8],53,137,140,84,125
1,<environment.Job instance at 0x7f1fc715e2d0>,53,2,[6 2],54,140,142,86,125
1,<environment.Job instance at 0x7f200d476eb0>,9,13,[ 1 11],10,154,167,144,139
1,<environment.Job instance at 0x7f1fc715e640>,57,3,[2 7],58,167,170,109,154
1,<environment.Job instance at 0x7f1fc715e410>,55,25,[4 5],56,167,192,111,163
1,<environment.Job instance at 0x7f1fc715e190>,60,18,[3 5],61,170,188,109,163
1,<environment.Job instance at 0x7f1fc715e7d0>,62,3,[5 8],63,188,191,125,167
1,<environment.Job instance at 0x7f1fc715e870>,63,14,[6 2],64,167,181,103,167
1,<environment.Job instance at 0x7f1fc715e5a0>,58,1,[ 4 14],59,192,193,133,168
1,<environment.Job instance at 0x7f1fc715ec30>,66,2,[5 3],67,181,183,114,174
1,<environment.Job instance at 0x7f1fc715ee10>,70,2,[13  2],71,193,195,122,174
1,<environment.Job instance at 0x7f1fc715ec80>,67,1,[4 7],68,191,192,123,174
1,<environment.Job instance at 0x7f1fc71561e0>,74,1,[12  5],75,195,196,120,180
1,<environment.Job instance at 0x7f1fc7156140>,77,26,[ 3 10],78,195,221,117,192
1,<environment.Job instance at 0x7f1fc713a5f0>,37,27,[8 5],38,196,223,158,195
1,<environment.Job instance at 0x7f1fc7156870>,82,1,[2 6],83,221,222,138,199
1,<environment.Job instance at 0x7f1fc7156c30>,87,2,[5 8],88,222,224,134,200
1,<environment.Job instance at 0x7f1fc7156e10>,89,2,[10  1],90,223,225,133,200
1,<environment.Job instance at 0x7f1fc7156f00>,92,1,[7 4],93,225,226,132,203
1,<environment.Job instance at 0x7f1fc71520f0>,94,3,[14  3],95,226,229,131,209
1,<environment.Job instance at 0x7f1fc7152280>,1,23,[5 9],2,2,25,0,2
1,<environment.Job instance at 0x7f200d476550>,3,3,[ 1 14],4,25,28,21,4
1,<environment.Job instance at 0x7f200d4767d0>,4,1,[ 2 10],5,28,29,23,5
1,<environment.Job instance at 0x7f200d476d70>,6,1,[ 3 13],7,29,30,22,7
1,<environment.Job instance at 0x7f200d476280>,7,22,[2 9],8,30,52,22,23
1,<environment.Job instance at 0x7f200d476aa0>,9,3,[ 4 10],10,52,55,42,35
1,<environment.Job instance at 0x7f200ac1b320>,16,20,[8 2],17,36,56,19,36
1,<environment.Job instance at 0x7f1fc6e51190>,21,3,[1 5],22,55,58,33,39
1,<environment.Job instance at 0x7f2011e77460>,24,1,[10  4],25,56,57,31,50
1,<environment.Job instance at 0x7f2011e77d70>,25,2,[8 4],26,57,59,31,50
1,<environment.Job instance at 0x7f20121c8730>,26,24,[2 9],27,58,82,31,53
1,<environment.Job instance at 0x7f200afb2960>,27,12,[ 2 12],28,82,94,54,65
1,<environment.Job instance at 0x7f200ae5fd70>,28,14,[13  4],29,65,79,36,65
1,<environment.Job instance at 0x7f200ae5f6e0>,29,20,[ 3 11],30,94,114,64,85
1,<environment.Job instance at 0x7f200ae5fa50>,30,1,[1 9],31,114,115,83,86
1,<environment.Job instance at 0x7f200ae5ff00>,35,15,[9 1],36,90,105,54,90
1,<environment.Job instance at 0x7f200ae5f0f0>,36,1,[7 4],37,105,106,68,90
1,<environment.Job instance at 0x7f200a8d5370>,38,2,[7 4],39,106,108,67,90
1,<environment.Job instance at 0x7f200a8d5aa0>,39,2,[2 6],40,114,116,74,90
1,<environment.Job instance at 0x7f2011c7ee60>,41,2,[6 3],42,108,110,66,98
1,<environment.Job instance at 0x7f2011c7e870>,42,2,[2 8],43,115,117,72,98
1,<environment.Job instance at 0x7f2011c7ee10>,43,13,[10  3],44,116,129,72,103
1,<environment.Job instance at 0x7f200ae988c0>,46,1,[ 3 11],47,117,118,70,103
1,<environment.Job instance at 0x7f200ae98af0>,49,1,[9 1],50,115,116,65,114
1,<environment.Job instance at 0x7f200ae98b90>,51,23,[1 8],52,118,141,66,114
1,<environment.Job instance at 0x7f200aea96e0>,54,17,[3 5],55,138,155,83,138
1,<environment.Job instance at 0x7f200aea9820>,56,13,[ 5 11],57,155,168,98,142
1,<environment.Job instance at 0x7f200aea9a50>,57,1,[7 5],58,142,143,84,142
1,<environment.Job instance at 0x7f200aea9190>,58,1,[10  1],59,143,144,84,142
1,<environment.Job instance at 0x7f200aea90a0>,60,3,[ 2 10],61,144,147,83,144
1,<environment.Job instance at 0x7f200aa1ea00>,65,3,[9 4],66,168,171,102,168
1,<environment.Job instance at 0x7f200aa1e9b0>,66,25,[8 1],67,171,196,104,168
1,<environment.Job instance at 0x7f200d5320f0>,69,3,[7 4],70,176,179,106,176
1,<environment.Job instance at 0x7f200d532f50>,70,2,[3 9],71,179,181,108,176
1,<environment.Job instance at 0x7f200d5327d0>,71,3,[4 5],72,179,182,107,176
1,<environment.Job instance at 0x7f200d532960>,72,3,[10  3],73,196,199,123,176
1,<environment.Job instance at 0x7f200d532d70>,74,28,[7 4],75,199,227,124,198
1,<environment.Job instance at 0x7f200d5326e0>,75,20,[7 2],76,199,219,123,198
1,<environment.Job instance at 0x7f200d532370>,78,2,[7 1],79,219,221,140,198
1,<environment.Job instance at 0x7f1fc7077e60>,83,15,[2 7],84,221,236,137,209
1,<environment.Job instance at 0x7f1fc7156370>,4,15,[10  1],5,5,20,0,5
1,<environment.Job instance at 0x7f200ada63c0>,3,1,[8 3],4,20,21,16,6
1,<environment.Job instance at 0x7f200ac1b1e0>,8,17,[13  5],9,21,38,12,14
1,<environment.Job instance at 0x7f200ac1b4b0>,13,2,[1 7],14,24,26,10,24
1,<environment.Job instance at 0x7f1fc70e6dc0>,17,3,[8 3],18,38,41,20,37
1,<environment.Job instance at 0x7f1fc70e6690>,18,2,[1 7],19,37,39,18,37
1,<environment.Job instance at 0x7f1fc70e6050>,20,14,[1 7],21,39,53,18,38
1,<environment.Job instance at 0x7f1fc70e6a00>,21,1,[3 9],22,53,54,31,38
1,<environment.Job instance at 0x7f1fc70e67d0>,22,13,[13  5],23,54,67,31,38
1,<environment.Job instance at 0x7f1fc70e6cd0>,23,3,[6 1],24,38,41,14,38
1,<environment.Job instance at 0x7f200aefee10>,26,1,[3 9],27,67,68,40,51
1,<environment.Job instance at 0x7f200aefebe0>,27,17,[ 5 10],28,68,85,40,56
1,<environment.Job instance at 0x7f200aefe9b0>,29,23,[5 7],30,85,108,55,79
1,<environment.Job instance at 0x7f200aa3df00>,32,2,[5 3],33,79,81,46,79
1,<environment.Job instance at 0x7f200aa3d460>,33,25,[ 1 10],34,108,133,74,104
1,<environment.Job instance at 0x7f200ac1bb90>,9,17,[5 4],10,105,122,95,105
1,<environment.Job instance at 0x7f200aade780>,38,1,[ 5 14],39,133,134,94,105
1,<environment.Job instance at 0x7f200d523960>,40,1,[2 9],41,134,135,93,106
1,<environment.Job instance at 0x7f200aadef00>,39,1,[5 1],40,106,107,66,106
1,<environment.Job instance at 0x7f200aadeeb0>,36,12,[14  2],37,135,147,98,118
1,<environment.Job instance at 0x7f200d523c30>,45,2,[5 7],46,147,149,101,120
1,<environment.Job instance at 0x7f200d523230>,47,3,[10  5],48,122,125,74,120
1,<environment.Job instance at 0x7f200d523780>,50,12,[ 1 13],51,135,147,84,132
1,<environment.Job instance at 0x7f200d523a50>,52,2,[4 5],53,147,149,94,134
1,<environment.Job instance at 0x7f200d5234b0>,53,13,[10  4],54,149,162,95,137
1,<environment.Job instance at 0x7f200d5230f0>,55,2,[11  4],56,162,164,106,148
1,<environment.Job instance at 0x7f200d5239b0>,56,1,[6 4],57,164,165,107,148
1,<environment.Job instance at 0x7f200d523f00>,58,2,[6 3],59,164,166,105,149
1,<environment.Job instance at 0x7f200d2d2140>,59,21,[7 2],60,165,186,105,157
1,<environment.Job instance at 0x7f200d523730>,42,14,[5 5],43,166,180,123,160
1,<environment.Job instance at 0x7f1fc70e6190>,25,2,[ 2 12],26,180,182,154,163
1,<environment.Job instance at 0x7f200d2d26e0>,64,14,[ 1 12],65,182,196,117,167
1,<environment.Job instance at 0x7f200d2d2e60>,63,14,[6 1],64,180,194,116,171
1,<environment.Job instance at 0x7f200d2d2820>,68,2,[6 1],69,186,188,117,174
1,<environment.Job instance at 0x7f200d2d2320>,67,21,[10  4],68,196,217,128,188
1,<environment.Job instance at 0x7f200d2d2dc0>,71,21,[1 7],72,196,217,124,188
1,<environment.Job instance at 0x7f200d2d2aa0>,72,1,[ 4 11],73,217,218,144,192
1,<environment.Job instance at 0x7f1fc71efbe0>,78,1,[1 5],79,218,219,139,197
1,<environment.Job instance at 0x7f1fc71ef550>,82,18,[1 5],83,218,236,135,214
1,<environment.Job instance at 0x7f1fc71ef820>,84,3,[ 1 12],85,236,239,151,218
1,<environment.Job instance at 0x7f1fc71ef640>,85,3,[ 1 10],86,219,222,133,218
1,<environment.Job instance at 0x7f200abdf780>,4,2,[7 3],5,5,7,0,5
1,<environment.Job instance at 0x7f200d45dfa0>,12,1,[2 9],13,15,16,2,15
1,<environment.Job instance at 0x7f1fc733b140>,16,21,[10  4],17,26,47,9,26
1,<environment.Job instance at 0x7f200acfaa50>,11,1,[3 9],12,26,27,14,26
1,<environment.Job instance at 0x7f1fc7524e60>,18,14,[5 5],19,29,43,10,29
1,<environment.Job instance at 0x7f200d75cb40>,17,14,[ 3 12],18,47,61,29,35
1,<environment.Job instance at 0x7f200d20f9b0>,24,2,[7 5],25,61,63,36,35
1,<environment.Job instance at 0x7f200d20f8c0>,25,23,[7 3],26,47,70,21,41
1,<environment.Job instance at 0x7f200d2031e0>,28,1,[9 5],29,70,71,41,42
1,<environment.Job instance at 0x7f200d203870>,29,22,[9 1],30,71,93,41,64
1,<environment.Job instance at 0x7f200d2034b0>,30,2,[9 2],31,93,95,62,66
1,<environment.Job instance at 0x7f200d203910>,32,18,[ 3 13],33,71,89,38,66
1,<environment.Job instance at 0x7f200aed8cd0>,35,1,[8 4],36,67,68,31,67
1,<environment.Job instance at 0x7f200d203640>,37,2,[4 5],38,68,70,30,67
1,<environment.Job instance at 0x7f1fc7343870>,40,3,[1 9],41,89,92,48,82
1,<environment.Job instance at 0x7f200ae234b0>,41,2,[3 5],42,89,91,47,82
1,<environment.Job instance at 0x7f200d20faa0>,23,15,[8 2],24,95,110,71,92
1,<environment.Job instance at 0x7f200d21c500>,45,15,[ 3 10],46,92,107,46,92
1,<environment.Job instance at 0x7f200a914690>,49,2,[10  5],50,110,112,60,97
1,<environment.Job instance at 0x7f200ae380f0>,52,26,[9 3],53,112,138,59,109
1,<environment.Job instance at 0x7f200b003eb0>,56,3,[12  4],57,138,141,81,118
1,<environment.Job instance at 0x7f200d211f00>,59,2,[ 1 10],60,130,132,70,130
1,<environment.Job instance at 0x7f200d211c30>,61,3,[4 6],62,132,135,70,130
1,<environment.Job instance at 0x7f200a8e2230>,64,2,[ 4 10],65,143,145,78,143
1,<environment.Job instance at 0x7f1fc6fc5b40>,66,15,[ 1 11],67,160,175,93,160
1,<environment.Job instance at 0x7f200aeb34b0>,67,22,[6 4],68,160,182,92,160
1,<environment.Job instance at 0x7f200d321960>,69,2,[1 6],70,175,177,105,160
1,<environment.Job instance at 0x7f200aeb8e60>,72,2,[4 8],73,177,179,104,170
1,<environment.Job instance at 0x7f200aeb8820>,73,2,[10  3],74,182,184,108,170
1,<environment.Job instance at 0x7f200a926230>,75,3,[10  5],76,184,187,108,177
1,<environment.Job instance at 0x7f200a926f00>,76,12,[9 2],77,187,199,110,177
1,<environment.Job instance at 0x7f200d21ccd0>,44,16,[3 5],45,179,195,134,177
1,<environment.Job instance at 0x7f200a926aa0>,78,12,[14  5],79,199,211,120,187
1,<environment.Job instance at 0x7f1fc6e6b5f0>,84,18,[ 2 10],85,211,229,126,201
1,<environment.Job instance at 0x7f1fc6e6b960>,85,19,[10  1],86,211,230,125,201
1,<environment.Job instance at 0x7f1fc6e6b9b0>,89,2,[12  2],90,230,232,140,213
1,<environment.Job instance at 0x7f200acfaaa0>,0,3,[13  5],1,1,4,0,1
1,<environment.Job instance at 0x7f200a970c30>,4,1,[8 2],5,6,7,1,6
1,<environment.Job instance at 0x7f1fc6c41d70>,10,3,[8 1],11,11,14,0,11
1,<environment.Job instance at 0x7f200af6bfa0>,13,12,[10  2],14,24,36,10,24
1,<environment.Job instance at 0x7f1fc7451cd0>,14,1,[10  2],15,36,37,21,24
1,<environment.Job instance at 0x7f200d689a50>,15,27,[1 5],16,24,51,8,24
1,<environment.Job instance at 0x7f1fc71f8af0>,16,18,[ 2 10],17,37,55,20,27
1,<environment.Job instance at 0x7f1fc6c41190>,17,2,[ 1 10],18,55,57,37,28
1,<environment.Job instance at 0x7f200accfcd0>,18,1,[4 7],19,28,29,9,28
1,<environment.Job instance at 0x7f200abc4fa0>,19,3,[13  3],20,51,54,31,28
1,<environment.Job instance at 0x7f1fc6e529b0>,24,3,[5 1],25,54,57,29,43
1,<environment.Job instance at 0x7f1fc7204500>,26,1,[10  1],27,57,58,30,43
1,<environment.Job instance at 0x7f1fc742c320>,27,15,[ 3 10],28,57,72,29,48
1,<environment.Job instance at 0x7f200add0690>,28,12,[10  1],29,58,70,29,48
1,<environment.Job instance at 0x7f200d5dcfa0>,31,21,[8 4],32,70,91,38,62
1,<environment.Job instance at 0x7f200d5dcdc0>,33,3,[6 5],34,72,75,38,67
1,<environment.Job instance at 0x7f200d34bdc0>,34,3,[6 4],35,75,78,40,67
1,<environment.Job instance at 0x7f200d34b550>,36,12,[2 8],37,78,90,41,68
1,<environment.Job instance at 0x7f200d34b050>,39,1,[1 7],40,75,76,35,75
1,<environment.Job instance at 0x7f200a9729b0>,40,15,[6 1],41,90,105,49,78
1,<environment.Job instance at 0x7f200a972e10>,41,3,[4 7],42,91,94,49,78
1,<environment.Job instance at 0x7f200a972820>,42,3,[10  5],43,105,108,62,79
1,<environment.Job instance at 0x7f200d6cbc30>,43,2,[4 5],44,91,93,47,79
1,<environment.Job instance at 0x7f200d6cb230>,44,20,[8 2],45,108,128,63,99
1,<environment.Job instance at 0x7f200d6cbbe0>,48,3,[8 2],49,99,102,50,99
1,<environment.Job instance at 0x7f200d6cbaf0>,49,13,[2 6],50,102,115,52,101
1,<environment.Job instance at 0x7f200aadeb90>,5,3,[14  3],6,128,131,122,102
1,<environment.Job instance at 0x7f200aa08a50>,51,2,[5 3],52,108,110,56,104
1,<environment.Job instance at 0x7f200aa08230>,55,1,[ 3 11],56,115,116,59,107
1,<environment.Job instance at 0x7f200aa08640>,56,2,[9 2],57,131,133,74,107
1,<environment.Job instance at 0x7f200aa086e0>,57,2,[4 6],58,110,112,52,109
1,<environment.Job instance at 0x7f200aa08cd0>,59,2,[9 2],60,133,135,73,109
1,<environment.Job instance at 0x7f1fc6ba65a0>,66,23,[ 1 13],67,131,154,64,125
1,<environment.Job instance at 0x7f1fc6ba6a50>,67,2,[ 2 11],68,125,127,57,125
1,<environment.Job instance at 0x7f1fc6ba69b0>,69,2,[9 5],70,154,156,84,127
1,<environment.Job instance at 0x7f1fc6b3f6e0>,70,3,[8 2],71,135,138,64,127
1,<environment.Job instance at 0x7f1fc6d9b0a0>,73,1,[5 5],74,154,155,80,135
1,<environment.Job instance at 0x7f1fc6d9b640>,74,24,[7 3],75,156,180,81,151
1,<environment.Job instance at 0x7f1fc6d9be10>,76,21,[5 3],77,155,176,78,151
1,<environment.Job instance at 0x7f1fc6d9bcd0>,77,22,[1 9],78,156,178,78,151
1,<environment.Job instance at 0x7f1fc6d9baf0>,79,1,[ 4 10],80,178,179,98,151
1,<environment.Job instance at 0x7f200aa50820>,81,16,[10  1],82,180,196,98,167
1,<environment.Job instance at 0x7f200d32bfa0>,85,27,[2 8],86,183,210,97,183
1,<environment.Job instance at 0x7f200d32be60>,84,19,[ 5 12],85,210,229,125,200
1,<environment.Job instance at 0x7f200d32bbe0>,89,1,[ 4 13],90,229,230,139,202
1,<environment.Job instance at 0x7f200d32b320>,86,2,[3 7],87,202,204,115,202
1,<environment.Job instance at 0x7f1fc6e6e410>,91,1,[10  1],92,204,205,112,203
1,<environment.Job instance at 0x7f200ae5f7d0>,1,23,[8 4],2,3,26,1,3
1,<environment.Job instance at 0x7f200ada6a00>,4,3,[11  3],5,26,29,21,5
1,<environment.Job instance at 0x7f200d47aaa0>,6,2,[ 2 12],7,26,28,19,7
1,<environment.Job instance at 0x7f200d47a0a0>,7,2,[1 9],8,8,10,0,8
1,<environment.Job instance at 0x7f200d47a6e0>,8,2,[7 4],9,10,12,1,9
1,<environment.Job instance at 0x7f200d47a410>,9,1,[5 4],10,12,13,2,11
1,<environment.Job instance at 0x7f1fc6b56be0>,14,3,[ 3 10],15,15,18,0,15
1,<environment.Job instance at 0x7f1fc6b56230>,15,27,[6 2],16,29,56,13,27
1,<environment.Job instance at 0x7f1fc6b56730>,21,2,[7 3],22,36,38,14,36
1,<environment.Job instance at 0x7f1fc6af9c30>,24,3,[8 2],25,38,41,13,38
1,<environment.Job instance at 0x7f1fc6af92d0>,27,3,[6 1],28,50,53,22,50
1,<environment.Job instance at 0x7f1fc6af9870>,31,18,[1 7],32,73,91,41,73
1,<environment.Job instance at 0x7f1fc6af9910>,32,3,[1 9],33,91,94,58,73
1,<environment.Job instance at 0x7f1fc6af9140>,33,1,[6 2],34,73,74,39,73
1,<environment.Job instance at 0x7f1fc6af9550>,34,2,[1 8],35,74,76,39,73
1,<environment.Job instance at 0x7f1fc6af9230>,35,1,[ 4 14],36,94,95,58,73
1,<environment.Job instance at 0x7f1fc6af9b90>,36,3,[6 5],37,76,79,39,73
1,<environment.Job instance at 0x7f1fc6af94b0>,37,3,[1 9],38,95,98,57,73
1,<environment.Job instance at 0x7f1fc6af9dc0>,38,2,[2 7],39,79,81,40,73
1,<environment.Job instance at 0x7f1fc6b62960>,39,2,[5 3],40,76,78,36,73
1,<environment.Job instance at 0x7f1fc6b62280>,40,1,[3 7],41,81,82,40,73
1,<environment.Job instance at 0x7f1fc6b624b0>,41,1,[4 6],42,73,74,31,73
1,<environment.Job instance at 0x7f1fc6b62500>,43,2,[2 7],44,85,87,41,85
1,<environment.Job instance at 0x7f1fc6b620f0>,45,2,[10  4],46,90,92,44,90
1,<environment.Job instance at 0x7f1fc6b62230>,46,14,[ 5 11],47,98,112,51,91
1,<environment.Job instance at 0x7f1fc6b62190>,47,1,[10  4],48,92,93,44,91
1,<environment.Job instance at 0x7f1fc6b62870>,48,1,[2 9],49,112,113,63,92
1,<environment.Job instance at 0x7f1fc6b626e0>,49,22,[14  5],50,113,135,63,106
1,<environment.Job instance at 0x7f1fc6c5aaa0>,57,1,[10  4],58,142,143,84,142
1,<environment.Job instance at 0x7f1fc6c5a9b0>,58,22,[10  4],59,143,165,84,142
1,<environment.Job instance at 0x7f1fc6c5a320>,61,21,[5 8],62,143,164,81,143
1,<environment.Job instance at 0x7f1fc6c5a550>,62,3,[4 6],63,164,167,101,143
1,<environment.Job instance at 0x7f1fc6c5a910>,63,2,[1 5],64,164,166,100,143
1,<environment.Job instance at 0x7f1fc6c5a140>,65,3,[10  1],66,165,168,99,150
1,<environment.Job instance at 0x7f1fc6c5aeb0>,66,1,[7 5],67,168,169,101,150
1,<environment.Job instance at 0x7f1fc6c5ae60>,67,25,[6 5],68,168,193,100,164
1,<environment.Job instance at 0x7f1fc6b563c0>,19,18,[5 2],20,169,187,149,167
1,<environment.Job instance at 0x7f1fc6b56960>,18,3,[ 3 12],19,193,196,174,169
1,<environment.Job instance at 0x7f1fc6b02dc0>,74,15,[10  3],75,193,208,118,184
1,<environment.Job instance at 0x7f1fc6b02960>,75,1,[1 9],76,187,188,111,185
1,<environment.Job instance at 0x7f1fc6b021e0>,76,2,[1 9],77,188,190,111,186
1,<environment.Job instance at 0x7f1fc6afd0f0>,78,25,[5 7],79,196,221,117,192
1,<environment.Job instance at 0x7f1fc6afd3c0>,79,13,[ 3 12],80,221,234,141,206
1,<environment.Job instance at 0x7f1fc6afd910>,85,3,[5 3],86,208,211,122,206
1,<environment.Job instance at 0x7f1fc6afdd20>,86,1,[7 2],87,211,212,124,206
1,<environment.Job instance at 0x7f1fc6afdfa0>,88,3,[12  5],89,234,237,145,208
1,<environment.Job instance at 0x7f1fc6afd280>,89,1,[8 4],90,212,213,122,208
1,<environment.Job instance at 0x7f1fc6b02140>,69,1,[9 5],70,213,214,143,211
1,<environment.Job instance at 0x7f1fc6af96e0>,1,1,[12  2],2,2,3,0,2
1,<environment.Job instance at 0x7f1fc71f5a50>,4,1,[10  3],5,5,6,0,5
1,<environment.Job instance at 0x7f1fc71f5d70>,5,3,[4 6],6,6,9,0,6
1,<environment.Job instance at 0x7f200ada66e0>,7,3,[6 5],8,9,12,1,9
1,<environment.Job instance at 0x7f1fc7144280>,16,3,[5 2],17,17,20,0,17
1,<environment.Job instance at 0x7f1fc7144dc0>,17,1,[10  1],18,18,19,0,18
1,<environment.Job instance at 0x7f200aa74870>,18,3,[2 5],19,19,22,0,19
1,<environment.Job instance at 0x7f200a9aa050>,19,1,[3 8],20,20,21,0,20
1,<environment.Job instance at 0x7f200a9aa500>,20,23,[ 1 12],21,22,45,1,21
1,<environment.Job instance at 0x7f1fc7144c30>,22,28,[1 7],23,45,73,22,44
1,<environment.Job instance at 0x7f200a9aa910>,25,26,[ 4 10],26,73,99,47,70
1,<environment.Job instance at 0x7f1fc71f5460>,8,12,[6 1],9,73,85,64,73
1,<environment.Job instance at 0x7f200a9caf00>,34,27,[3 7],35,99,126,64,97
1,<environment.Job instance at 0x7f200a9ca640>,29,22,[12  5],30,100,122,70,100
1,<environment.Job instance at 0x7f1fc72bf780>,44,3,[1 9],45,126,129,81,116
1,<environment.Job instance at 0x7f1fc72ef410>,47,2,[10  4],48,123,125,75,123
1,<environment.Job instance at 0x7f200d2cacd0>,48,19,[5 8],49,129,148,80,123
1,<environment.Job instance at 0x7f200a9cae60>,32,14,[1 7],33,129,143,96,129
1,<environment.Job instance at 0x7f200d2ca690>,50,12,[9 5],51,143,155,92,129
1,<environment.Job instance at 0x7f1fc72bc7d0>,55,3,[5 4],56,155,158,99,155
1,<environment.Job instance at 0x7f1fc6ebde10>,56,2,[5 6],57,155,157,98,155
1,<environment.Job instance at 0x7f1fc72d6eb0>,59,1,[2 8],60,164,165,104,164
1,<environment.Job instance at 0x7f1fc6eec4b0>,60,2,[10  3],61,164,166,103,164
1,<environment.Job instance at 0x7f200d2e1e60>,61,3,[10  4],62,166,169,104,164
1,<environment.Job instance at 0x7f200d2e10f0>,62,3,[ 2 10],63,165,168,102,164
1,<environment.Job instance at 0x7f200d2e18c0>,63,1,[4 7],64,168,169,104,164
1,<environment.Job instance at 0x7f200d2db5a0>,51,2,[8 5],52,169,171,117,166
1,<environment.Job instance at 0x7f1fc6f813c0>,65,16,[ 3 10],66,170,186,104,170
1,<environment.Job instance at 0x7f1fc6f81550>,67,28,[8 3],68,171,199,103,170
1,<environment.Job instance at 0x7f1fc6f810a0>,68,1,[8 4],69,199,200,130,171
1,<environment.Job instance at 0x7f1fc6f81a00>,70,19,[3 8],71,186,205,115,181
1,<environment.Job instance at 0x7f1fc6f81c30>,72,22,[13  5],73,205,227,132,198
1,<environment.Job instance at 0x7f1fc6f8acd0>,77,27,[3 7],78,227,254,149,225
1,<environment.Job instance at 0x7f200ad78820>,1,24,[ 3 14],2,2,26,0,2
1,<environment.Job instance at 0x7f200d47a910>,2,2,[10  2],3,26,28,23,3
1,<environment.Job instance at 0x7f1fc7223370>,3,1,[3 5],4,26,27,22,4
1,<environment.Job instance at 0x7f1fc7223730>,4,3,[10  1],5,5,8,0,5
1,<environment.Job instance at 0x7f200d0e9410>,5,1,[10  4],6,28,29,22,6
1,<environment.Job instance at 0x7f200d0e9b40>,6,1,[1 6],7,26,27,19,7
1,<environment.Job instance at 0x7f1fc715ee10>,8,13,[14  1],9,29,42,20,13
1,<environment.Job instance at 0x7f200d25eaa0>,16,26,[ 4 10],17,42,68,25,39
1,<environment.Job instance at 0x7f200d524730>,18,3,[6 2],19,42,45,23,39
1,<environment.Job instance at 0x7f200a9142d0>,21,3,[ 2 12],22,68,71,46,42
1,<environment.Job instance at 0x7f1fc6ba3320>,24,19,[1 7],25,71,90,46,61
1,<environment.Job instance at 0x7f1fc6d9d370>,25,13,[13  4],26,71,84,45,62
1,<environment.Job instance at 0x7f1fc6d9d7d0>,26,25,[ 3 12],27,90,115,63,86
1,<environment.Job instance at 0x7f200d238690>,28,1,[2 8],29,86,87,57,86
1,<environment.Job instance at 0x7f200d238230>,29,1,[8 5],30,87,88,57,86
1,<environment.Job instance at 0x7f200adf5a50>,30,1,[8 2],31,88,89,57,86
1,<environment.Job instance at 0x7f200adf5aa0>,31,3,[5 9],32,115,118,83,89
1,<environment.Job instance at 0x7f200adf5690>,32,1,[1 9],33,118,119,85,90
1,<environment.Job instance at 0x7f200aeb2c80>,33,2,[7 1],34,90,92,56,90
1,<environment.Job instance at 0x7f200aeb2050>,34,25,[7 4],35,115,140,80,111
1,<environment.Job instance at 0x7f200aeb2550>,35,22,[9 2],36,140,162,104,133
1,<environment.Job instance at 0x7f200aeb28c0>,36,28,[6 2],37,138,166,101,138
1,<environment.Job instance at 0x7f200aeb21e0>,38,19,[2 5],39,162,181,123,152
1,<environment.Job instance at 0x7f200abed4b0>,41,21,[7 2],42,162,183,120,154
1,<environment.Job instance at 0x7f200abeddc0>,42,14,[ 4 14],43,183,197,140,168
1,<environment.Job instance at 0x7f200abed6e0>,43,22,[10  1],44,183,205,139,176
1,<environment.Job instance at 0x7f200abed370>,48,1,[8 1],49,205,206,156,183
1,<environment.Job instance at 0x7f200abed8c0>,49,3,[7 2],50,205,208,155,183
1,<environment.Job instance at 0x7f200abed550>,50,18,[ 2 13],51,206,224,155,195
1,<environment.Job instance at 0x7f200abc2460>,55,2,[1 9],56,224,226,168,210
1,<environment.Job instance at 0x7f1fc6fc50a0>,57,3,[12  2],58,210,213,152,210
1,<environment.Job instance at 0x7f200d0e9550>,9,13,[3 8],10,226,239,216,220
1,<environment.Job instance at 0x7f200aeb2690>,40,1,[ 2 11],41,239,240,198,230
1,<environment.Job instance at 0x7f1fc6fc5cd0>,64,28,[9 1],65,230,258,165,230
1,<environment.Job instance at 0x7f1fc7343e60>,62,26,[5 7],63,240,266,177,238
1,<environment.Job instance at 0x7f1fc6b863c0>,2,24,[2 9],3,3,27,0,3
1,<environment.Job instance at 0x7f1fc6f6e4b0>,11,3,[7 1],12,12,15,0,12
1,<environment.Job instance at 0x7f1fc6f6e8c0>,13,3,[5 5],14,14,17,0,14
1,<environment.Job instance at 0x7f2011c7e820>,15,1,[5 5],16,18,19,2,18
1,<environment.Job instance at 0x7f1fc6f6e690>,9,18,[1 9],10,44,62,34,44
1,<environment.Job instance at 0x7f2011f026e0>,19,20,[5 3],20,44,64,24,44
1,<environment.Job instance at 0x7f1fc71ab370>,6,1,[5 3],7,44,45,37,44
1,<environment.Job instance at 0x7f1fc6be3550>,23,2,[ 4 10],24,62,64,38,50
1,<environment.Job instance at 0x7f1fc6be3690>,24,14,[10  2],25,64,78,39,51
1,<environment.Job instance at 0x7f1fc6be31e0>,25,23,[1 8],26,64,87,38,58
1,<environment.Job instance at 0x7f1fc6be3280>,30,1,[4 6],31,78,79,47,58
1,<environment.Job instance at 0x7f1fc6be3af0>,32,3,[ 5 13],33,87,90,54,63
1,<environment.Job instance at 0x7f1fc71e33c0>,36,1,[8 5],37,79,80,42,71
1,<environment.Job instance at 0x7f1fc71e3190>,37,18,[3 5],38,90,108,52,80
1,<environment.Job instance at 0x7f1fc71e3b90>,38,19,[3 9],39,90,109,51,80
1,<environment.Job instance at 0x7f1fc71e3d70>,40,3,[2 6],41,80,83,39,80
1,<environment.Job instance at 0x7f1fc71e3550>,42,1,[10  2],43,108,109,65,90
1,<environment.Job instance at 0x7f1fc71e3f50>,44,26,[8 5],45,109,135,64,106
1,<environment.Job instance at 0x7f1fc6c7a280>,47,17,[4 8],48,109,126,61,107
1,<environment.Job instance at 0x7f200ad58780>,5,2,[8 5],6,135,137,129,111
1,<environment.Job instance at 0x7f1fc6be3e60>,21,17,[4 6],22,126,143,104,119
1,<environment.Job instance at 0x7f200d0c1230>,53,24,[3 7],54,137,161,83,132
1,<environment.Job instance at 0x7f200d0c16e0>,60,3,[ 4 10],61,161,164,100,135
1,<environment.Job instance at 0x7f200d0c1370>,61,3,[14  4],62,164,167,102,138
1,<environment.Job instance at 0x7f200d0c1b40>,54,16,[10  1],55,143,159,88,138
1,<environment.Job instance at 0x7f200d0c1640>,64,1,[10  5],65,159,160,94,139
1,<environment.Job instance at 0x7f1fc6c7a4b0>,52,3,[9 1],53,160,163,107,146
1,<environment.Job instance at 0x7f200d0c1c30>,62,16,[ 4 12],63,167,183,104,154
1,<environment.Job instance at 0x7f200a9703c0>,72,2,[2 8],73,183,185,110,168
1,<environment.Job instance at 0x7f200a970c80>,75,25,[ 4 10],76,185,210,109,181
1,<environment.Job instance at 0x7f200a970fa0>,71,18,[10  3],72,182,200,110,182
1,<environment.Job instance at 0x7f200a970690>,79,16,[ 3 12],80,210,226,130,197
1,<environment.Job instance at 0x7f200a970460>,80,1,[10  3],81,200,201,119,197
1,<environment.Job instance at 0x7f200a9709b0>,81,3,[5 3],82,201,204,119,197
1,<environment.Job instance at 0x7f200a970c30>,82,2,[3 7],83,226,228,143,199
1,<environment.Job instance at 0x7f200ad58870>,1,3,[8 3],2,2,5,0,2
1,<environment.Job instance at 0x7f200d4fac30>,3,17,[10  2],4,5,22,1,4
1,<environment.Job instance at 0x7f200ad58280>,7,17,[2 9],8,10,27,2,10
1,<environment.Job instance at 0x7f200d509960>,13,27,[6 5],14,22,49,8,20
1,<environment.Job instance at 0x7f200d509410>,15,26,[6 1],16,22,48,6,20
1,<environment.Job instance at 0x7f200d5091e0>,10,2,[ 4 10],11,48,50,37,24
1,<environment.Job instance at 0x7f200d5093c0>,20,26,[4 5],21,49,75,28,46
1,<environment.Job instance at 0x7f200d50e960>,24,1,[6 1],25,55,56,30,55
1,<environment.Job instance at 0x7f200d50ebe0>,26,3,[2 6],27,67,70,40,67
1,<environment.Job instance at 0x7f200d4fa820>,8,27,[9 1],9,69,96,60,69
1,<environment.Job instance at 0x7f200d50e820>,29,23,[4 6],30,75,98,45,72
1,<environment.Job instance at 0x7f200d50e050>,30,1,[ 2 14],31,98,99,67,72
1,<environment.Job instance at 0x7f200d50e870>,27,15,[12  1],28,98,113,70,84
1,<environment.Job instance at 0x7f200d5148c0>,37,1,[9 1],38,96,97,58,85
1,<environment.Job instance at 0x7f200d5140f0>,40,3,[8 1],41,113,116,72,95
1,<environment.Job instance at 0x7f200d514550>,41,2,[1 6],42,95,97,53,95
1,<environment.Job instance at 0x7f200d514640>,46,1,[7 2],47,125,126,78,125
1,<environment.Job instance at 0x7f200d514e10>,47,25,[9 5],48,126,151,78,125
1,<environment.Job instance at 0x7f200d514d70>,48,2,[ 1 13],49,151,153,102,130
1,<environment.Job instance at 0x7f200d514f00>,51,1,[2 5],52,130,131,78,130
1,<environment.Job instance at 0x7f200d514c80>,52,2,[3 7],53,131,133,78,130
1,<environment.Job instance at 0x7f200d514b90>,53,1,[6 3],54,133,134,79,131
1,<environment.Job instance at 0x7f200d4e8d20>,55,15,[ 3 14],56,153,168,97,139
1,<environment.Job instance at 0x7f200d4e8b90>,56,2,[6 3],57,139,141,82,139
1,<environment.Job instance at 0x7f200d4e8c80>,58,15,[ 5 14],59,168,183,109,154
1,<environment.Job instance at 0x7f200d4e8870>,59,1,[8 4],60,183,184,123,155
1,<environment.Job instance at 0x7f200d4e8730>,64,2,[6 5],65,183,185,118,168
1,<environment.Job instance at 0x7f200d4e8be0>,66,18,[2 5],67,184,202,117,176
1,<environment.Job instance at 0x7f200d4e84b0>,67,2,[ 1 11],68,202,204,134,177
1,<environment.Job instance at 0x7f200d4e8fa0>,68,27,[4 6],69,204,231,135,202
1,<environment.Job instance at 0x7f200d4e83c0>,71,1,[10  5],72,204,205,132,202
1,<environment.Job instance at 0x7f200d5127d0>,75,1,[2 9],76,205,206,129,202
1,<environment.Job instance at 0x7f200d512fa0>,76,3,[1 5],77,206,209,129,202
1,<environment.Job instance at 0x7f200d512820>,77,1,[5 4],78,202,203,124,202
1,<environment.Job instance at 0x7f200d512460>,79,3,[7 3],80,206,209,126,202
1,<environment.Job instance at 0x7f200d512b40>,80,2,[5 2],81,209,211,128,202
1,<environment.Job instance at 0x7f200d512f00>,81,18,[1 6],82,209,227,127,205
1,<environment.Job instance at 0x7f200d512190>,84,2,[9 2],85,211,213,126,207
1,<environment.Job instance at 0x7f71aac956e0>,1,15,[ 1 14],2,2,17,0,2
1,<environment.Job instance at 0x7f71a37fe410>,8,17,[ 2 10],9,17,34,8,9
1,<environment.Job instance at 0x7f71a37fe910>,11,2,[3 9],12,34,36,22,18
1,<environment.Job instance at 0x7f71a37fe7d0>,12,3,[6 3],13,18,21,5,18
1,<environment.Job instance at 0x7f71a37feaa0>,15,3,[10  2],16,28,31,12,28
1,<environment.Job instance at 0x7f71a37feb40>,16,12,[1 8],17,36,48,19,30
1,<environment.Job instance at 0x7f71a37febe0>,17,3,[10  3],18,31,34,13,30
1,<environment.Job instance at 0x7f71aac95af0>,4,18,[10  4],5,38,56,33,38
1,<environment.Job instance at 0x7f71a37fedc0>,19,17,[12  3],20,56,73,36,44
1,<environment.Job instance at 0x7f71a37ff230>,25,3,[1 6],26,48,51,22,46
1,<environment.Job instance at 0x7f71a37ff2d0>,26,22,[2 9],27,51,73,24,46
1,<environment.Job instance at 0x7f71a37ff370>,27,2,[6 4],28,73,75,45,46
1,<environment.Job instance at 0x7f71a37ff910>,30,1,[5 5],31,73,74,42,50
1,<environment.Job instance at 0x7f71a37fef00>,21,3,[ 2 10],22,74,77,52,56
1,<environment.Job instance at 0x7f71a37ff190>,22,2,[12  3],23,75,77,52,56
1,<environment.Job instance at 0x7f71a37ff870>,32,17,[9 3],33,77,94,44,65
1,<environment.Job instance at 0x7f71a38030f0>,40,1,[1 8],41,77,78,36,74
1,<environment.Job instance at 0x7f71a3803140>,43,28,[6 4],44,82,110,38,82
1,<environment.Job instance at 0x7f71a37ffc30>,35,16,[8 1],36,94,110,58,91
1,<environment.Job instance at 0x7f71a38035f0>,44,17,[ 5 12],45,110,127,65,98
1,<environment.Job instance at 0x7f71a3803f00>,50,27,[9 1],51,110,137,59,108
1,<environment.Job instance at 0x7f71a3803eb0>,51,2,[4 9],52,127,129,75,108
1,<environment.Job instance at 0x7f71a3803d20>,52,3,[ 3 11],53,129,132,76,108
1,<environment.Job instance at 0x7f71a3803e10>,53,18,[ 4 12],54,132,150,78,121
1,<environment.Job instance at 0x7f71a3802870>,62,20,[9 1],63,137,157,74,128
1,<environment.Job instance at 0x7f71a3802910>,63,15,[1 5],64,150,165,86,136
1,<environment.Job instance at 0x7f71a3802e60>,66,3,[ 2 10],67,157,160,90,137
1,<environment.Job instance at 0x7f71a3802f00>,67,26,[5 4],68,160,186,92,157
1,<environment.Job instance at 0x7f71a3802fa0>,68,22,[5 6],69,160,182,91,157
1,<environment.Job instance at 0x7f71a3809190>,78,19,[8 4],79,182,201,103,172
1,<environment.Job instance at 0x7f71a3809960>,80,2,[10  3],81,201,203,120,185
1,<environment.Job instance at 0x7f71a3809a00>,81,17,[ 4 14],82,203,220,121,191
1,<environment.Job instance at 0x7f71a3809dc0>,85,19,[14  4],86,220,239,134,210
1,<environment.Job instance at 0x7f71a3807cd0>,1,3,[1 5],2,2,5,0,2
1,<environment.Job instance at 0x7f71a3807190>,2,1,[10  1],3,3,4,0,3
1,<environment.Job instance at 0x7f71a3817e10>,5,3,[5 5],6,6,9,0,6
1,<environment.Job instance at 0x7f71a381b5a0>,6,22,[11  3],7,9,31,2,7
1,<environment.Job instance at 0x7f715fbf28c0>,12,1,[ 5 10],13,31,32,18,13
1,<environment.Job instance at 0x7f715fbd7870>,16,1,[7 4],17,31,32,14,17
1,<environment.Job instance at 0x7f715fbfbd70>,19,23,[2 8],20,32,55,12,26
1,<environment.Job instance at 0x7f715fbfb0f0>,21,1,[5 1],22,34,35,12,34
1,<environment.Job instance at 0x7f715fbfb230>,22,2,[8 2],23,34,36,11,34
1,<environment.Job instance at 0x7f715fbfb870>,23,1,[3 9],24,55,56,31,34
1,<environment.Job instance at 0x7f715fbfb5f0>,26,26,[9 1],27,51,77,24,51
1,<environment.Job instance at 0x7f715fbfb190>,27,2,[9 3],28,77,79,49,51
1,<environment.Job instance at 0x7f715fbd3af0>,30,18,[5 1],31,67,85,36,67
1,<environment.Job instance at 0x7f715fbd3c80>,31,3,[8 2],32,79,82,47,67
1,<environment.Job instance at 0x7f715fbd3190>,33,3,[5 4],34,82,85,48,68
1,<environment.Job instance at 0x7f715fbd3460>,34,17,[10  5],35,85,102,50,81
1,<environment.Job instance at 0x7f715fbd67d0>,36,23,[5 8],37,82,105,45,81
1,<environment.Job instance at 0x7f715fbf9870>,37,3,[4 9],38,105,108,67,81
1,<environment.Job instance at 0x7f715fbf9410>,38,2,[ 3 10],39,108,110,69,81
1,<environment.Job instance at 0x7f715fbf95f0>,39,1,[10  3],40,102,103,62,81
1,<environment.Job instance at 0x7f715fbf9730>,41,2,[12  1],42,108,110,66,82
1,<environment.Job instance at 0x7f715fbf92d0>,43,27,[5 3],44,110,137,66,108
1,<environment.Job instance at 0x7f715fbff460>,48,22,[9 2],49,112,134,63,112
1,<environment.Job instance at 0x7f715fbff140>,49,3,[ 4 12],50,134,137,84,115
1,<environment.Job instance at 0x7f715fbff6e0>,51,18,[ 5 11],52,137,155,85,126
1,<environment.Job instance at 0x7f715fbfe3c0>,56,16,[7 2],57,142,158,85,142
1,<environment.Job instance at 0x7f715fbfe820>,57,18,[ 1 10],58,155,173,97,144
1,<environment.Job instance at 0x7f715fbfe960>,58,28,[7 4],59,158,186,99,157
1,<environment.Job instance at 0x7f715fbfea00>,59,1,[9 2],60,186,187,126,158
1,<environment.Job instance at 0x7f715fbfe140>,61,1,[8 3],62,173,174,111,158
1,<environment.Job instance at 0x7f715fbf37d0>,64,28,[9 1],65,187,215,122,186
1,<environment.Job instance at 0x7f715fbd7730>,15,25,[3 9],16,188,213,172,188
1,<environment.Job instance at 0x7f71a381ba50>,10,3,[9 1],11,215,218,204,189
1,<environment.Job instance at 0x7f715fbf3410>,68,16,[14  3],69,218,234,149,217
1,<environment.Job instance at 0x7f715fc15190>,77,3,[4 9],78,234,237,156,220
1,<environment.Job instance at 0x7f715fe1bb40>,2,2,[9 3],3,3,5,0,3
1,<environment.Job instance at 0x7f715fd0fc80>,1,18,[ 4 13],2,5,23,3,3
1,<environment.Job instance at 0x7f715fa55f50>,5,2,[2 6],6,23,25,17,7
1,<environment.Job instance at 0x7f715fa55230>,8,2,[1 7],9,23,25,14,11
1,<environment.Job instance at 0x7f715fa555f0>,7,16,[ 5 13],8,25,41,17,13
1,<environment.Job instance at 0x7f71aad87230>,14,18,[13  2],15,41,59,26,30
1,<environment.Job instance at 0x7f71a35b7f50>,20,18,[11  4],21,59,77,38,48
1,<environment.Job instance at 0x7f715fa46fa0>,26,20,[6 2],27,77,97,50,68
1,<environment.Job instance at 0x7f715fa46c80>,27,2,[5 9],28,77,79,49,68
1,<environment.Job instance at 0x7f71aad88280>,33,1,[2 8],34,70,71,36,70
1,<environment.Job instance at 0x7f71a3578410>,39,22,[1 6],40,102,124,62,102
1,<environment.Job instance at 0x7f71a35826e0>,40,1,[5 1],41,102,103,61,102
1,<environment.Job instance at 0x7f71a3a6fa50>,41,25,[10  4],42,103,128,61,102
1,<environment.Job instance at 0x7f715faaeb40>,44,22,[1 9],45,124,146,79,117
1,<environment.Job instance at 0x7f715faaa6e0>,49,18,[ 2 10],50,146,164,96,135
1,<environment.Job instance at 0x7f71a3a6c960>,53,24,[3 6],54,164,188,110,159
1,<environment.Job instance at 0x7f715fbbe640>,57,27,[9 5],58,159,186,101,159
1,<environment.Job instance at 0x7f715fbbed70>,63,2,[ 3 14],64,188,190,124,165
1,<environment.Job instance at 0x7f715fbbe460>,66,21,[6 1],67,186,207,119,178
1,<environment.Job instance at 0x7f715fbbeaa0>,69,1,[10  5],70,207,208,137,186
1,<environment.Job instance at 0x7f715fa59f50>,71,2,[7 4],72,190,192,118,187
1,<environment.Job instance at 0x7f715fbbe500>,56,15,[4 9],57,192,207,135,190
1,<environment.Job instance at 0x7f71a3817a00>,6,15,[6 2],7,208,223,201,197
1,<environment.Job instance at 0x7f71aac36b90>,74,3,[ 3 12],75,208,211,133,198
1,<environment.Job instance at 0x7f71aac362d0>,77,20,[5 2],78,211,231,133,209
1,<environment.Job instance at 0x7f71aad7c320>,79,17,[2 6],80,218,235,138,218
1,<environment.Job instance at 0x7f71aac36280>,78,13,[14  4],79,235,248,156,221
1,<environment.Job instance at 0x7f71aa343820>,0,1,[10  3],1,1,2,0,1
1,<environment.Job instance at 0x7f71a365f5f0>,1,24,[4 8],2,2,26,0,2
1,<environment.Job instance at 0x7f715fefefa0>,11,1,[11  1],12,12,13,0,12
1,<environment.Job instance at 0x7f71a39046e0>,15,2,[7 5],16,18,20,2,18
1,<environment.Job instance at 0x7f71aa5788c0>,18,3,[9 1],19,22,25,3,22
1,<environment.Job instance at 0x7f71a3883b40>,19,18,[5 8],20,26,44,6,22
1,<environment.Job instance at 0x7f71a3a575a0>,20,19,[2 7],21,25,44,4,22
1,<environment.Job instance at 0x7f71a389c6e0>,21,24,[1 9],22,44,68,22,39
1,<environment.Job instance at 0x7f71a3a02500>,24,1,[2 5],25,44,45,19,39
1,<environment.Job instance at 0x7f71a3a022d0>,25,2,[9 3],26,45,47,19,39
1,<environment.Job instance at 0x7f71a3835d20>,27,23,[10  4],28,47,70,19,41
1,<environment.Job instance at 0x7f71a3835960>,30,3,[7 3],31,70,73,39,44
1,<environment.Job instance at 0x7f71a3835a50>,33,3,[ 5 13],34,73,76,39,56
1,<environment.Job instance at 0x7f71a3835500>,34,13,[1 9],35,76,89,41,60
1,<environment.Job instance at 0x7f71a3840690>,37,1,[11  4],38,76,77,38,69
1,<environment.Job instance at 0x7f71aa104870>,43,1,[8 5],44,100,101,56,100
1,<environment.Job instance at 0x7f71aa104460>,45,24,[10  2],46,101,125,55,100
1,<environment.Job instance at 0x7f71a3840190>,40,18,[4 6],41,100,118,59,100
1,<environment.Job instance at 0x7f71a37ecbe0>,47,18,[1 7],48,102,120,54,102
1,<environment.Job instance at 0x7f71a38689b0>,49,27,[14  1],50,125,152,75,123
1,<environment.Job instance at 0x7f71a3868730>,48,19,[1 6],49,123,142,74,123
1,<environment.Job instance at 0x7f71a3868320>,52,2,[11  4],53,152,154,99,129
1,<environment.Job instance at 0x7f71aa176280>,56,27,[4 5],57,152,179,95,150
1,<environment.Job instance at 0x7f71a386c550>,62,3,[11  3],63,166,169,103,166
1,<environment.Job instance at 0x7f71a386c460>,63,18,[6 1],64,169,187,105,168
1,<environment.Job instance at 0x7f71a38ce910>,65,1,[8 1],66,179,180,113,168
1,<environment.Job instance at 0x7f71a38ce410>,66,14,[10  4],67,187,201,120,174
1,<environment.Job instance at 0x7f71aa169af0>,53,20,[5 7],54,180,200,126,176
1,<environment.Job instance at 0x7f71aa17a9b0>,69,1,[5 7],70,200,201,130,182
1,<environment.Job instance at 0x7f71a38c1280>,71,15,[ 2 14],72,201,216,129,187
1,<environment.Job instance at 0x7f71a38c1050>,74,2,[10  3],75,216,218,141,189
1,<environment.Job instance at 0x7f71a3872960>,75,12,[ 3 13],76,218,230,142,201
1,<environment.Job instance at 0x7f71a3872690>,79,1,[8 3],80,230,231,150,210
1,<environment.Job instance at 0x7f71a3bbaf00>,80,18,[5 9],81,230,248,149,219
1,<environment.Job instance at 0x7f71a3bba4b0>,81,3,[1 6],82,231,234,149,219
1,<environment.Job instance at 0x7f7160140c30>,1,2,[2 9],2,2,4,0,2
1,<environment.Job instance at 0x7f71a3989dc0>,2,2,[7 3],3,3,5,0,3
1,<environment.Job instance at 0x7f71aa1045f0>,3,3,[8 1],4,4,7,0,4
1,<environment.Job instance at 0x7f71600d8910>,12,1,[4 6],13,13,14,0,13
1,<environment.Job instance at 0x7f715fa593c0>,13,1,[4 9],14,14,15,0,14
1,<environment.Job instance at 0x7f716017d730>,15,3,[9 2],16,16,19,0,16
1,<environment.Job instance at 0x7f715fa59f00>,16,2,[8 4],17,19,21,2,17
1,<environment.Job instance at 0x7f715fa59690>,17,3,[10  4],18,21,24,3,18
1,<environment.Job instance at 0x7f71a3c458c0>,18,3,[3 9],19,19,22,0,19
1,<environment.Job instance at 0x7f715fe2a320>,19,21,[1 9],20,22,43,2,20
1,<environment.Job instance at 0x7f71a3784b40>,20,27,[6 4],21,24,51,3,22
1,<environment.Job instance at 0x7f715fa59910>,21,1,[11  4],22,51,52,29,28
1,<environment.Job instance at 0x7f716015a820>,28,22,[7 5],29,52,74,23,45
1,<environment.Job instance at 0x7f71a3c47550>,27,2,[ 2 10],28,47,49,19,47
1,<environment.Job instance at 0x7f71a3c1f4b0>,7,15,[10  1],8,74,89,66,60
1,<environment.Job instance at 0x7f71a3c57550>,32,24,[1 6],33,60,84,27,60
1,<environment.Job instance at 0x7f71a3c575f0>,35,3,[1 9],36,84,87,48,62
1,<environment.Job instance at 0x7f71a3c57c30>,37,13,[ 4 10],38,87,100,49,72
1,<environment.Job instance at 0x7f71a3c57af0>,42,3,[1 9],43,100,103,57,84
1,<environment.Job instance at 0x7f71a3c65550>,44,3,[ 2 12],45,103,106,58,87
1,<environment.Job instance at 0x7f71a3c65320>,45,2,[3 5],46,89,91,43,87
1,<environment.Job instance at 0x7f71a3c65500>,47,2,[8 4],48,91,93,43,87
1,<environment.Job instance at 0x7f71a3c65eb0>,48,14,[9 1],49,93,107,44,91
1,<environment.Job instance at 0x7f71a3c65690>,49,17,[1 9],50,106,123,56,98
1,<environment.Job instance at 0x7f71a3c65f50>,51,2,[ 3 14],52,123,125,71,98
1,<environment.Job instance at 0x7f71a3c6b050>,53,3,[10  3],54,107,110,53,103
1,<environment.Job instance at 0x7f71a3c57190>,38,17,[3 9],39,125,142,86,122
1,<environment.Job instance at 0x7f71a3c6b8c0>,60,2,[2 7],61,142,144,81,123
1,<environment.Job instance at 0x7f71a3c6baf0>,56,13,[12  4],57,125,138,68,124
1,<environment.Job instance at 0x7f71a3c6b9b0>,61,12,[1 8],62,142,154,80,125
1,<environment.Job instance at 0x7f71a3c4b7d0>,63,16,[5 3],64,144,160,80,131
1,<environment.Job instance at 0x7f71a3c4b0f0>,64,17,[5 1],65,144,161,79,132
1,<environment.Job instance at 0x7f71a3c4b370>,66,12,[ 2 11],67,154,166,87,138
1,<environment.Job instance at 0x7f71a3c4b730>,71,3,[5 2],72,160,163,88,149
1,<environment.Job instance at 0x7f71a3c6cf00>,73,3,[4 7],74,166,169,92,159
1,<environment.Job instance at 0x7f71a3c69dc0>,74,18,[ 4 11],75,169,187,94,159
1,<environment.Job instance at 0x7f71a3c6bcd0>,57,27,[9 3],58,163,190,105,162
1,<environment.Job instance at 0x7f71aa5955a0>,78,2,[5 8],79,187,189,108,168
1,<environment.Job instance at 0x7f71aa599370>,79,3,[14  1],80,190,193,110,168
1,<environment.Job instance at 0x7f71aa599190>,80,20,[4 6],81,193,213,112,184
1,<environment.Job instance at 0x7f71aa5a2960>,83,14,[ 1 11],84,213,227,129,198
1,<environment.Job instance at 0x7f71aa592d20>,85,16,[ 2 11],86,227,243,141,214
1,<environment.Job instance at 0x7f71aa59e1e0>,88,2,[13  3],89,214,216,125,214
1,<environment.Job instance at 0x7f71aa5c0af0>,7,2,[ 3 10],8,11,13,3,11
1,<environment.Job instance at 0x7f715fdf3780>,15,1,[5 8],16,34,35,18,34
1,<environment.Job instance at 0x7f715fdf3410>,17,2,[9 3],18,35,37,17,35
1,<environment.Job instance at 0x7f715fdf3e60>,19,1,[5 4],20,38,39,18,38
1,<environment.Job instance at 0x7f715fdf3af0>,20,23,[9 4],21,38,61,17,38
1,<environment.Job instance at 0x7f71aa5c06e0>,5,17,[ 3 10],6,39,56,33,38
1,<environment.Job instance at 0x7f715fdf3a00>,21,21,[8 2],22,61,82,39,53
1,<environment.Job instance at 0x7f715fba6140>,27,2,[10  3],28,82,84,54,64
1,<environment.Job instance at 0x7f715fba6f00>,28,28,[10  4],29,84,112,55,83
1,<environment.Job instance at 0x7f715fefe730>,4,16,[5 5],5,84,100,79,84
1,<environment.Job instance at 0x7f715fba6a00>,37,3,[6 3],38,112,115,74,100
1,<environment.Job instance at 0x7f715fba6320>,40,26,[4 9],41,100,126,59,100
1,<environment.Job instance at 0x7f715fba6230>,41,1,[6 5],42,115,116,73,101
1,<environment.Job instance at 0x7f715fba6cd0>,34,14,[9 1],35,116,130,81,104
1,<environment.Job instance at 0x7f71aa533c80>,43,14,[3 6],44,126,140,82,114
1,<environment.Job instance at 0x7f71aa533c30>,47,23,[5 3],48,130,153,82,125
1,<environment.Job instance at 0x7f71aa5338c0>,42,16,[13  1],43,153,169,110,140
1,<environment.Job instance at 0x7f71aa5330f0>,53,24,[ 5 11],54,169,193,115,164
1,<environment.Job instance at 0x7f71aa533410>,57,19,[1 5],58,193,212,135,183
1,<environment.Job instance at 0x7f715fba6e60>,38,17,[12  1],39,193,210,154,183
1,<environment.Job instance at 0x7f715fbb9f50>,63,1,[10  5],64,210,211,146,200
1,<environment.Job instance at 0x7f715fbb9460>,65,2,[8 3],66,211,213,145,201
1,<environment.Job instance at 0x7f715fbb9230>,66,3,[ 5 10],67,212,215,145,201
1,<environment.Job instance at 0x7f715fbb9140>,67,16,[ 3 12],68,215,231,147,202
1,<environment.Job instance at 0x7f715fbb9910>,70,14,[10  1],71,213,227,142,212
1,<environment.Job instance at 0x7f715fbb99b0>,73,22,[5 2],74,227,249,153,220
1,<environment.Job instance at 0x7f71a3a0c6e0>,0,28,[ 2 14],1,1,29,0,1
1,<environment.Job instance at 0x7f71aa5d3c80>,1,28,[5 1],2,2,30,0,2
1,<environment.Job instance at 0x7f71aac357d0>,8,2,[7 4],9,29,31,20,9
1,<environment.Job instance at 0x7f71aa70d0a0>,13,23,[7 4],14,30,53,16,25
1,<environment.Job instance at 0x7f715fa6ffa0>,9,2,[5 1],10,31,33,21,26
1,<environment.Job instance at 0x7f715fe5b5f0>,19,15,[2 6],20,33,48,13,33
1,<environment.Job instance at 0x7f715fa6f1e0>,10,2,[10  5],11,53,55,42,33
1,<environment.Job instance at 0x7f71aa0c0dc0>,22,13,[2 9],23,48,61,25,34
1,<environment.Job instance at 0x7f71a3adc5f0>,26,27,[5 2],27,55,82,28,53
1,<environment.Job instance at 0x7f715fbf2f50>,27,14,[ 3 14],28,82,96,54,67
1,<environment.Job instance at 0x7f71a3a39460>,23,3,[13  5],24,96,99,72,73
1,<environment.Job instance at 0x7f71a394e140>,31,1,[8 4],32,75,76,43,75
1,<environment.Job instance at 0x7f71a3748730>,32,1,[2 5],33,75,76,42,75
1,<environment.Job instance at 0x7f71a3883fa0>,33,2,[ 4 10],34,76,78,42,75
1,<environment.Job instance at 0x7f71a3748820>,34,18,[10  2],35,99,117,64,93
1,<environment.Job instance at 0x7f71a3c285a0>,40,1,[ 2 10],41,96,97,55,93
1,<environment.Job instance at 0x7f71a38d2280>,44,28,[4 5],45,100,128,55,100
1,<environment.Job instance at 0x7f71a38d2cd0>,47,2,[ 5 13],48,128,130,80,117
1,<environment.Job instance at 0x7f71a38d2b90>,49,1,[4 5],50,117,118,67,117
1,<environment.Job instance at 0x7f71a38d2640>,51,25,[10  1],52,126,151,74,126
1,<environment.Job instance at 0x7f71aa746500>,56,3,[5 1],57,146,149,89,146
1,<environment.Job instance at 0x7f71aa746230>,57,1,[2 6],58,149,150,91,146
1,<environment.Job instance at 0x7f71aa746550>,58,18,[5 5],59,150,168,91,148
1,<environment.Job instance at 0x7f71aa746eb0>,59,15,[6 2],60,151,166,91,149
1,<environment.Job instance at 0x7f71a37f2370>,62,2,[1 7],63,159,161,96,159
1,<environment.Job instance at 0x7f71a37f2050>,63,17,[5 9],64,166,183,102,160
1,<environment.Job instance at 0x7f71a37f2b40>,65,21,[9 3],66,168,189,102,160
1,<environment.Job instance at 0x7f71a38d58c0>,67,25,[9 4],68,189,214,121,185
1,<environment.Job instance at 0x7f71600d8d20>,70,12,[10  1],71,214,226,143,197
1,<environment.Job instance at 0x7f71600d8dc0>,71,1,[5 5],72,197,198,125,197
1,<environment.Job instance at 0x7f71a3c28690>,38,18,[5 8],39,198,216,159,198
1,<environment.Job instance at 0x7f71600d8460>,74,17,[1 9],75,216,233,141,204
1,<environment.Job instance at 0x7f71600d8e10>,75,2,[4 8],76,233,235,157,208
1,<environment.Job instance at 0x7f71aa5d3190>,2,1,[5 9],3,3,4,0,3
1,<environment.Job instance at 0x7f71aa732870>,3,1,[2 6],4,4,5,0,4
1,<environment.Job instance at 0x7f71aa4f4e10>,9,3,[1 7],10,10,13,0,10
1,<environment.Job instance at 0x7f715fde1870>,10,2,[1 6],11,11,13,0,11
1,<environment.Job instance at 0x7f71aac37d70>,11,28,[3 6],12,13,41,1,12
1,<environment.Job instance at 0x7f71a398dc80>,5,17,[10  3],6,15,32,9,15
1,<environment.Job instance at 0x7f71aa13b2d0>,19,26,[2 6],20,30,56,10,30
1,<environment.Job instance at 0x7f71aa13b370>,20,20,[9 3],21,32,52,11,30
1,<environment.Job instance at 0x7f71aa13b5f0>,24,2,[6 1],25,52,54,27,46
1,<environment.Job instance at 0x7f71aa80ac80>,15,16,[7 3],16,52,68,36,52
1,<environment.Job instance at 0x7f71aa0eef00>,7,24,[5 9],8,56,80,48,54
1,<environment.Job instance at 0x7f71aa13b6e0>,27,1,[ 1 13],28,80,81,52,59
1,<environment.Job instance at 0x7f71aa13ba50>,31,1,[5 4],32,68,69,36,65
1,<environment.Job instance at 0x7f71aa13b140>,26,12,[2 7],27,81,93,54,65
1,<environment.Job instance at 0x7f71aa13bd70>,35,25,[ 3 14],36,93,118,57,89
1,<environment.Job instance at 0x7f71aa13bf50>,38,3,[10  2],39,118,121,79,95
1,<environment.Job instance at 0x7f71aa133190>,41,3,[ 4 13],42,118,121,76,103
1,<environment.Job instance at 0x7f71aa1332d0>,43,14,[ 2 10],44,121,135,77,108
1,<environment.Job instance at 0x7f71aa133370>,44,27,[13  3],45,121,148,76,119
1,<environment.Job instance at 0x7f71aa133af0>,54,13,[10  5],55,148,161,93,133
1,<environment.Job instance at 0x7f71aa133cd0>,55,19,[1 5],56,135,154,79,133
1,<environment.Job instance at 0x7f71aa133b40>,58,16,[3 8],59,154,170,95,146
1,<environment.Job instance at 0x7f71aa133eb0>,59,1,[9 4],60,161,162,101,146
1,<environment.Job instance at 0x7f71aa14b1e0>,63,3,[3 9],64,170,173,106,168
1,<environment.Job instance at 0x7f71aa14b280>,64,27,[6 1],65,168,195,103,168
1,<environment.Job instance at 0x7f71aa133c80>,57,1,[10  2],58,195,196,137,169
1,<environment.Job instance at 0x7f71aa14b870>,71,24,[14  3],72,196,220,124,191
1,<environment.Job instance at 0x7f71aa14b960>,73,24,[10  2],74,220,244,146,215
1,<environment.Job instance at 0x7f71aa13baf0>,30,13,[4 6],31,220,233,189,215
1,<environment.Job instance at 0x7f71aa4f4820>,1,2,[2 9],2,2,4,0,2
1,<environment.Job instance at 0x7f71a3747a00>,2,23,[3 7],3,4,27,1,3
1,<environment.Job instance at 0x7f71aa14b690>,6,3,[ 5 14],7,27,30,20,7
1,<environment.Job instance at 0x7f715ff4d910>,15,1,[1 8],16,17,18,1,17
1,<environment.Job instance at 0x7f715fb75730>,17,16,[11  1],18,30,46,12,18
1,<environment.Job instance at 0x7f71a3cbcf00>,22,18,[2 5],23,39,57,16,39
1,<environment.Job instance at 0x7f71a3cbcb40>,23,3,[5 3],24,46,49,22,39
1,<environment.Job instance at 0x7f71a3ceb960>,25,1,[6 1],26,46,47,20,39
1,<environment.Job instance at 0x7f71a3af4f50>,26,1,[ 5 10],27,49,50,22,39
1,<environment.Job instance at 0x7f71a3af48c0>,27,16,[ 5 13],28,57,73,29,44
1,<environment.Job instance at 0x7f715fa747d0>,28,1,[1 9],29,50,51,21,50
1,<environment.Job instance at 0x7f71aa176190>,32,1,[2 9],33,56,57,23,56
1,<environment.Job instance at 0x7f71aa1760a0>,33,20,[ 5 12],34,73,93,39,64
1,<environment.Job instance at 0x7f715fd98aa0>,34,2,[ 5 11],35,93,95,58,79
1,<environment.Job instance at 0x7f715fd986e0>,37,2,[10  2],38,79,81,41,79
1,<environment.Job instance at 0x7f716006d500>,40,13,[10  1],41,81,94,40,79
1,<environment.Job instance at 0x7f716006d9b0>,41,2,[ 5 11],42,95,97,53,80
1,<environment.Job instance at 0x7f715fe03c80>,49,13,[ 4 14],50,97,110,47,92
1,<environment.Job instance at 0x7f71a3cf2690>,50,2,[8 2],51,94,96,43,92
1,<environment.Job instance at 0x7f71a3cf2d70>,54,1,[4 6],55,110,111,55,102
1,<environment.Job instance at 0x7f71a3cf2870>,55,3,[10  5],56,110,113,54,102
1,<environment.Job instance at 0x7f71a3701c80>,56,16,[13  1],57,113,129,56,102
1,<environment.Job instance at 0x7f71600ba2d0>,61,1,[6 3],62,129,130,67,118
1,<environment.Job instance at 0x7f715fa74dc0>,29,2,[13  4],30,130,132,100,118
1,<environment.Job instance at 0x7f716005a460>,63,3,[10  4],64,132,135,68,119
1,<environment.Job instance at 0x7f716005ad20>,64,1,[4 8],65,129,130,64,121
1,<environment.Job instance at 0x7f716005a410>,66,27,[2 9],67,130,157,63,128
1,<environment.Job instance at 0x7f71aa021f50>,71,1,[10  1],72,145,146,73,145
1,<environment.Job instance at 0x7f71aa021c30>,72,22,[8 1],73,146,168,73,145
1,<environment.Job instance at 0x7f71aa021a50>,73,14,[14  4],74,168,182,94,153
1,<environment.Job instance at 0x7f71aa021550>,76,2,[14  2],77,182,184,105,159
1,<environment.Job instance at 0x7f71aa021d20>,77,15,[ 5 12],78,184,199,106,171
1,<environment.Job instance at 0x7f71aa217b40>,80,2,[14  4],81,199,201,118,181
1,<environment.Job instance at 0x7f71aa217190>,81,27,[8 5],82,201,228,119,199
1,<environment.Job instance at 0x7f71a37fe4b0>,88,16,[13  2],89,228,244,139,215
1,<environment.Job instance at 0x7f71a3cbcfa0>,0,20,[ 4 10],1,1,21,0,1
1,<environment.Job instance at 0x7f716001f8c0>,1,1,[ 3 10],2,21,22,19,2
1,<environment.Job instance at 0x7f7160174cd0>,4,2,[1 9],5,22,24,17,5
1,<environment.Job instance at 0x7f7160174910>,6,24,[4 5],7,7,31,0,7
1,<environment.Job instance at 0x7f71601744b0>,7,24,[4 8],8,24,48,16,19
1,<environment.Job instance at 0x7f71aa7631e0>,17,18,[6 1],18,22,40,4,19
1,<environment.Job instance at 0x7f7160174af0>,8,3,[9 5],9,40,43,31,26
1,<environment.Job instance at 0x7f71a377f4b0>,9,3,[5 4],10,31,34,21,26
1,<environment.Job instance at 0x7f71aa5a4410>,24,3,[ 1 12],25,48,51,23,29
1,<environment.Job instance at 0x7f715f98baa0>,22,23,[6 2],23,43,66,20,37
1,<environment.Job instance at 0x7f71aa1b6d20>,29,3,[4 5],30,43,46,13,40
1,<environment.Job instance at 0x7f71a3c17e10>,31,1,[3 6],32,51,52,19,41
1,<environment.Job instance at 0x7f71a3c178c0>,33,1,[11  3],34,66,67,32,56
1,<environment.Job instance at 0x7f71a3c17aa0>,35,28,[ 4 12],36,58,86,22,58
1,<environment.Job instance at 0x7f71a39b6370>,39,1,[ 4 13],40,86,87,46,84
1,<environment.Job instance at 0x7f71a39b6230>,40,1,[7 5],41,87,88,46,84
1,<environment.Job instance at 0x7f71a39b6910>,42,2,[3 5],43,87,89,44,86
1,<environment.Job instance at 0x7f71a39b63c0>,43,14,[ 2 11],44,89,103,45,87
1,<environment.Job instance at 0x7f71a39b6b90>,47,2,[6 5],48,103,105,55,101
1,<environment.Job instance at 0x7f71a360aa50>,49,3,[2 7],50,103,106,53,103
1,<environment.Job instance at 0x7f71a360ad20>,51,1,[6 2],52,116,117,64,116
1,<environment.Job instance at 0x7f71a360a0f0>,52,17,[ 1 10],53,116,133,63,116
1,<environment.Job instance at 0x7f71a360a280>,55,24,[5 2],56,129,153,73,129
1,<environment.Job instance at 0x7f715fd39780>,57,3,[7 5],58,141,144,83,141
1,<environment.Job instance at 0x7f715fd39820>,58,1,[5 6],59,144,145,85,141
1,<environment.Job instance at 0x7f715fd39eb0>,59,1,[3 8],60,141,142,81,141
1,<environment.Job instance at 0x7f715fd390f0>,60,25,[6 2],61,145,170,84,141
1,<environment.Job instance at 0x7f71a3a83500>,63,3,[10  2],64,170,173,106,151
1,<environment.Job instance at 0x7f71a36b7500>,64,1,[5 9],65,153,154,88,151
1,<environment.Job instance at 0x7f71aa54b320>,67,3,[1 6],68,164,167,96,164
1,<environment.Job instance at 0x7f71aa54bfa0>,68,18,[10  4],69,173,191,104,166
1,<environment.Job instance at 0x7f71aa54b550>,69,13,[ 1 11],70,167,180,97,167
1,<environment.Job instance at 0x7f71aa54b9b0>,70,25,[5 5],71,180,205,109,176
1,<environment.Job instance at 0x7f71600ab0f0>,72,1,[1 7],73,191,192,118,176
1,<environment.Job instance at 0x7f71600abbe0>,73,3,[ 4 11],74,205,208,131,181
1,<environment.Job instance at 0x7f715fdb5f00>,77,1,[10  1],78,192,193,114,183
1,<environment.Job instance at 0x7f71aa1655a0>,80,2,[10  4],81,193,195,112,190
1,<environment.Job instance at 0x7f71a389c5a0>,81,17,[ 2 10],82,208,225,126,196
1,<environment.Job instance at 0x7f71a389cf50>,84,1,[2 9],85,225,226,140,207
1,<environment.Job instance at 0x7f715ff84320>,1,1,[5 3],2,2,3,0,2
1,<environment.Job instance at 0x7f715faebf50>,6,1,[11  3],7,7,8,0,7
1,<environment.Job instance at 0x7f71a3c4ddc0>,7,1,[8 4],8,8,9,0,8
1,<environment.Job instance at 0x7f71a37d89b0>,10,18,[9 3],11,16,34,5,16
1,<environment.Job instance at 0x7f71aa20b5a0>,16,17,[4 8],17,17,34,0,17
1,<environment.Job instance at 0x7f715ff142d0>,23,3,[4 7],24,42,45,18,42
1,<environment.Job instance at 0x7f715ff14320>,24,13,[10  1],25,42,55,17,42
1,<environment.Job instance at 0x7f715ff14460>,25,3,[8 5],26,55,58,29,42
1,<environment.Job instance at 0x7f715fe21e60>,13,14,[14  1],14,58,72,44,45
1,<environment.Job instance at 0x7f71aa20b0a0>,18,16,[8 4],19,72,88,53,59
1,<environment.Job instance at 0x7f715ff14910>,31,18,[7 1],32,72,90,40,61
1,<environment.Job instance at 0x7f715ff14a50>,33,15,[ 2 12],34,88,103,54,75
1,<environment.Job instance at 0x7f715ff14dc0>,38,2,[13  1],39,90,92,51,78
1,<environment.Job instance at 0x7f715ff14f50>,41,26,[7 2],42,98,124,56,98
1,<environment.Job instance at 0x7f715ff207d0>,48,15,[10  2],49,124,139,75,113
1,<environment.Job instance at 0x7f715ff20910>,50,2,[8 1],51,113,115,62,113
1,<environment.Job instance at 0x7f715ff20780>,51,23,[5 9],52,115,138,63,113
1,<environment.Job instance at 0x7f715ff20cd0>,56,1,[ 3 13],57,138,139,81,125
1,<environment.Job instance at 0x7f715ff20960>,57,22,[2 9],58,139,161,81,132
1,<environment.Job instance at 0x7f715ff20d70>,58,1,[5 3],59,139,140,80,132
1,<environment.Job instance at 0x7f715ff20dc0>,62,2,[5 4],63,142,144,79,142
1,<environment.Job instance at 0x7f715ff0c370>,66,20,[8 2],67,162,182,95,162
1,<environment.Job instance at 0x7f715ff0c460>,68,26,[2 5],69,170,196,101,170
1,<environment.Job instance at 0x7f715ff0c5a0>,72,12,[8 2],73,182,194,109,175
1,<environment.Job instance at 0x7f715ff0cb90>,75,2,[8 4],76,194,196,118,183
1,<environment.Job instance at 0x7f715ff0cd20>,77,12,[ 2 12],78,196,208,118,186
1,<environment.Job instance at 0x7f715ff14780>,29,3,[4 8],30,186,189,156,186
1,<environment.Job instance at 0x7f715ff0ce60>,78,14,[13  4],79,208,222,129,194
1,<environment.Job instance at 0x7f71600063c0>,86,1,[7 4],87,222,223,135,213
1,<environment.Job instance at 0x7f7160006500>,88,2,[7 4],89,222,224,133,213
1,<environment.Job instance at 0x7f71600065a0>,89,2,[2 6],90,213,215,123,213
1,<environment.Job instance at 0x7f7160006550>,1,25,[1 6],2,2,27,0,2
1,<environment.Job instance at 0x7f7160006640>,3,26,[10  4],4,6,32,2,6
1,<environment.Job instance at 0x7f71a35e7280>,2,12,[12  2],3,32,44,29,15
1,<environment.Job instance at 0x7f71a37230f0>,12,1,[3 6],13,27,28,14,16
1,<environment.Job instance at 0x7f71a37239b0>,13,2,[5 5],14,28,30,14,16
1,<environment.Job instance at 0x7f71a37232d0>,14,13,[ 5 11],15,44,57,29,28
1,<environment.Job instance at 0x7f71a3723b40>,6,12,[6 2],7,44,56,37,32
1,<environment.Job instance at 0x7f71aa5a40f0>,18,3,[4 5],19,57,60,38,34
1,<environment.Job instance at 0x7f71aa5a42d0>,21,1,[7 2],22,56,57,34,41
1,<environment.Job instance at 0x7f71aa5a47d0>,22,26,[9 1],23,57,83,34,54
1,<environment.Job instance at 0x7f71aae2f370>,24,21,[10  5],25,83,104,58,75
1,<environment.Job instance at 0x7f716013f050>,26,3,[ 2 14],27,75,78,48,75
1,<environment.Job instance at 0x7f716013f820>,30,3,[8 5],31,104,107,73,78
1,<environment.Job instance at 0x7f716013fc80>,32,2,[4 9],33,78,80,45,78
1,<environment.Job instance at 0x7f71aa5a4be0>,19,27,[ 3 10],20,83,110,63,83
1,<environment.Job instance at 0x7f716013faa0>,35,3,[ 1 10],36,110,113,74,84
1,<environment.Job instance at 0x7f716013f190>,37,27,[9 4],38,107,134,69,105
1,<environment.Job instance at 0x7f716013f500>,41,3,[2 9],42,113,116,71,106
1,<environment.Job instance at 0x7f71600db7d0>,43,1,[8 3],44,134,135,90,106
1,<environment.Job instance at 0x7f71a3723aa0>,5,24,[4 7],6,122,146,116,122
1,<environment.Job instance at 0x7f71600db9b0>,48,17,[13  5],49,146,163,97,134
1,<environment.Job instance at 0x7f71600dbf00>,45,15,[8 4],46,168,183,122,168
1,<environment.Job instance at 0x7f71a3723690>,17,28,[7 2],18,168,196,150,168
1,<environment.Job instance at 0x7f71a3792280>,61,1,[3 9],62,183,184,121,177
1,<environment.Job instance at 0x7f71a3792730>,62,13,[13  5],63,196,209,133,180
1,<environment.Job instance at 0x7f71a3792550>,58,2,[1 7],59,184,186,125,180
1,<environment.Job instance at 0x7f715ff4da00>,66,1,[3 9],67,186,187,119,181
1,<environment.Job instance at 0x7f715ff4d690>,68,21,[2 5],69,191,212,122,191
1,<environment.Job instance at 0x7f715ff4d500>,69,23,[5 7],70,209,232,139,203
1,<environment.Job instance at 0x7f715ff4d730>,72,2,[5 3],73,222,224,149,222
1,<environment.Job instance at 0x7f715ff4dcd0>,73,25,[ 1 10],74,232,257,158,228
1,<environment.Job instance at 0x7f71aadd2910>,75,2,[5 2],76,228,230,152,228
1,<environment.Job instance at 0x7f71a3634960>,4,1,[1 7],5,5,6,0,5
1,<environment.Job instance at 0x7f71a3cae140>,5,3,[3 6],6,6,9,0,6
1,<environment.Job instance at 0x7f715ff01c30>,8,2,[7 3],9,10,12,1,10
1,<environment.Job instance at 0x7f71aa505a00>,13,18,[ 5 13],14,20,38,6,20
1,<environment.Job instance at 0x7f715fbfe730>,18,2,[5 5],19,38,40,19,36
1,<environment.Job instance at 0x7f71600060a0>,7,18,[5 3],8,43,61,35,43
1,<environment.Job instance at 0x7f715fbfe2d0>,24,18,[6 5],25,45,63,20,45
1,<environment.Job instance at 0x7f715fbfe690>,28,3,[6 1],29,61,64,32,55
1,<environment.Job instance at 0x7f71a38b0280>,30,1,[9 3],31,63,64,32,55
1,<environment.Job instance at 0x7f71a38b0d20>,31,1,[2 5],32,55,56,23,55
1,<environment.Job instance at 0x7f71a38b0230>,33,13,[2 7],34,64,77,30,58
1,<environment.Job instance at 0x7f715fa75230>,34,2,[7 3],35,64,66,29,58
1,<environment.Job instance at 0x7f715fa75c30>,35,18,[4 9],36,77,95,41,66
1,<environment.Job instance at 0x7f715fa75960>,41,1,[3 9],42,95,96,53,67
1,<environment.Job instance at 0x7f71aa5fd960>,45,16,[10  1],46,77,93,31,77
1,<environment.Job instance at 0x7f71aa5fd1e0>,46,21,[10  4],47,93,114,46,85
1,<environment.Job instance at 0x7f71aa5fdaa0>,47,14,[ 3 12],48,114,128,66,99
1,<environment.Job instance at 0x7f71aa5fd4b0>,50,1,[8 3],51,114,115,63,99
1,<environment.Job instance at 0x7f71aa6a3730>,55,23,[7 3],56,115,138,59,109
1,<environment.Job instance at 0x7f71aa6a3e60>,57,20,[8 3],58,128,148,70,119
1,<environment.Job instance at 0x7f71aa6a3500>,59,22,[9 1],60,148,170,88,141
1,<environment.Job instance at 0x7f715fb2c500>,62,18,[ 3 13],63,148,166,85,141
1,<environment.Job instance at 0x7f715fb2ca00>,65,1,[8 4],66,170,171,104,142
1,<environment.Job instance at 0x7f715fe27e60>,67,2,[4 5],68,142,144,74,142
1,<environment.Job instance at 0x7f715fe27cd0>,70,3,[1 9],71,166,169,95,156
1,<environment.Job instance at 0x7f715fe27730>,71,2,[3 5],72,166,168,94,156
1,<environment.Job instance at 0x7f715fe275a0>,75,15,[ 3 10],76,176,191,100,176
1,<environment.Job instance at 0x7f715fe273c0>,76,12,[1 5],77,176,188,99,176
1,<environment.Job instance at 0x7f715fe27a50>,77,1,[1 9],78,191,192,113,176
1,<environment.Job instance at 0x7f715fe27c80>,78,3,[7 1],79,188,191,109,176
1,<environment.Job instance at 0x7f71a3c990a0>,79,2,[10  5],80,191,193,111,176
1,<environment.Job instance at 0x7f71a3c99960>,80,1,[5 8],81,192,193,111,176
1,<environment.Job instance at 0x7f71a3c99460>,82,26,[9 3],83,193,219,110,190
1,<environment.Job instance at 0x7f71a3c99e60>,86,3,[12  4],87,219,222,132,202
1,<environment.Job instance at 0x7f71aa079410>,89,2,[ 1 10],90,212,214,122,212
1,<environment.Job instance at 0x7f71aa079870>,91,3,[4 6],92,214,217,122,212
1,<environment.Job instance at 0x7f71aa505500>,0,2,[1 7],1,2,4,1,2
1,<environment.Job instance at 0x7f715fe27eb0>,2,24,[7 2],3,3,27,0,3
1,<environment.Job instance at 0x7f715ffd4370>,4,27,[5 1],5,5,32,0,5
1,<environment.Job instance at 0x7f715fe8a320>,5,1,[ 5 12],6,27,28,21,14
1,<environment.Job instance at 0x7f71aa2567d0>,12,2,[7 3],13,28,30,15,16
1,<environment.Job instance at 0x7f715fc68be0>,13,2,[8 4],14,30,32,16,16
1,<environment.Job instance at 0x7f715ff7a690>,17,18,[3 8],18,36,54,18,36
1,<environment.Job instance at 0x7f71a3c6b550>,8,3,[13  2],9,54,57,45,40
1,<environment.Job instance at 0x7f71a38c07d0>,24,1,[8 2],25,63,64,38,63
1,<environment.Job instance at 0x7f71a38c0f50>,25,3,[14  3],26,64,67,38,63
1,<environment.Job instance at 0x7f71a38c0870>,27,18,[2 8],28,67,85,39,63
1,<environment.Job instance at 0x7f71a38c0d70>,28,3,[ 2 10],29,85,88,56,63
1,<environment.Job instance at 0x7f71a38c0eb0>,29,1,[8 3],30,67,68,37,63
1,<environment.Job instance at 0x7f71a37cef50>,30,3,[8 1],31,68,71,37,63
1,<environment.Job instance at 0x7f71a38e7640>,33,12,[10  2],34,79,91,45,79
1,<environment.Job instance at 0x7f71a38e7aa0>,34,1,[10  2],35,91,92,56,79
1,<environment.Job instance at 0x7f71a38e7820>,35,27,[1 5],36,88,115,52,86
1,<environment.Job instance at 0x7f71a38e7500>,37,2,[ 1 10],38,92,94,54,87
1,<environment.Job instance at 0x7f71a38d4550>,38,1,[4 7],39,88,89,49,87
1,<environment.Job instance at 0x7f71a38e7d20>,39,3,[13  3],40,94,97,54,87
1,<environment.Job instance at 0x7f71a38c0b40>,20,3,[13  5],21,105,108,84,105
1,<environment.Job instance at 0x7f71aa19e7d0>,44,3,[5 1],45,111,114,66,111
1,<environment.Job instance at 0x7f71a38d8fa0>,45,12,[8 1],46,111,123,65,111
1,<environment.Job instance at 0x7f71a38d8dc0>,46,1,[10  1],47,123,124,76,111
1,<environment.Job instance at 0x7f71aa61e910>,47,15,[ 3 10],48,115,130,67,114
1,<environment.Job instance at 0x7f71a37dfe60>,48,12,[10  1],49,124,136,75,114
1,<environment.Job instance at 0x7f71a38ea5a0>,51,21,[8 4],52,136,157,84,128
1,<environment.Job instance at 0x7f71aa61fb90>,53,3,[6 5],54,136,139,82,128
1,<environment.Job instance at 0x7f71aa61f4b0>,54,3,[6 4],55,139,142,84,129
1,<environment.Job instance at 0x7f71a38ead70>,57,18,[2 7],58,143,161,85,143
1,<environment.Job instance at 0x7f71aa628780>,58,12,[1 5],59,157,169,98,144
1,<environment.Job instance at 0x7f71aa628dc0>,59,1,[1 7],60,161,162,101,144
1,<environment.Job instance at 0x7f715fa44d70>,62,3,[10  5],63,162,165,99,144
1,<environment.Job instance at 0x7f71a36e7a50>,63,2,[4 5],64,162,164,98,144
1,<environment.Job instance at 0x7f715f9b81e0>,64,20,[8 2],65,165,185,100,156
1,<environment.Job instance at 0x7f715fe2c2d0>,70,21,[10  5],71,185,206,114,177
1,<environment.Job instance at 0x7f715fe2ce10>,71,2,[5 3],72,177,179,105,177
1,<environment.Job instance at 0x7f715fe2c500>,72,2,[5 5],73,179,181,106,177
1,<environment.Job instance at 0x7f715fe2c460>,73,19,[7 1],74,206,225,132,196
1,<environment.Job instance at 0x7f715fb9e780>,75,1,[ 3 11],76,206,207,130,196
1,<environment.Job instance at 0x7f715fb9ebe0>,76,2,[9 2],77,225,227,148,198
1,<environment.Job instance at 0x7f71aa505050>,1,15,[6 1],2,207,222,205,198
1,<environment.Job instance at 0x7f715f9de320>,83,2,[2 8],84,198,200,114,198
1,<environment.Job instance at 0x7f715f9dec30>,87,2,[ 2 11],88,207,209,119,200
1,<environment.Job instance at 0x7f715f819820>,3,3,[8 1],4,5,8,1,5
1,<environment.Job instance at 0x7f71a36ddb90>,6,3,[ 4 11],7,7,10,0,7
1,<environment.Job instance at 0x7f71a3d1f0f0>,11,23,[8 4],12,12,35,0,12
1,<environment.Job instance at 0x7f71a3d1fe10>,14,3,[11  3],15,35,38,20,16
1,<environment.Job instance at 0x7f715fbb93c0>,16,2,[ 2 12],17,35,37,18,17
1,<environment.Job instance at 0x7f715f842690>,19,1,[5 4],20,20,21,0,20
1,<environment.Job instance at 0x7f715f8423c0>,22,2,[6 2],23,31,33,8,31
1,<environment.Job instance at 0x7f71aa80aaf0>,23,16,[1 9],24,39,55,15,39
1,<environment.Job instance at 0x7f715fa1ed20>,25,27,[6 2],26,40,67,14,40
1,<environment.Job instance at 0x7f71a39b40a0>,28,3,[ 3 12],29,55,58,26,40
1,<environment.Job instance at 0x7f71a37331e0>,30,17,[8 2],31,58,75,27,50
1,<environment.Job instance at 0x7f71a3733a50>,31,2,[7 3],32,50,52,18,50
1,<environment.Job instance at 0x7f71a36b7910>,33,15,[5 2],34,67,82,33,57
1,<environment.Job instance at 0x7f71a36b7cd0>,37,3,[6 1],38,75,78,37,65
1,<environment.Job instance at 0x7f71aa28da50>,39,12,[9 5],40,78,90,38,75
1,<environment.Job instance at 0x7f71aa28dc80>,41,18,[1 7],42,75,93,33,75
1,<environment.Job instance at 0x7f71aa065370>,42,3,[1 9],43,93,96,50,75
1,<environment.Job instance at 0x7f71aa065aa0>,43,1,[6 2],44,90,91,46,75
1,<environment.Job instance at 0x7f71aa065dc0>,44,2,[1 8],45,91,93,46,75
1,<environment.Job instance at 0x7f71aa065690>,45,1,[ 4 14],46,96,97,50,75
1,<environment.Job instance at 0x7f71aa0657d0>,46,3,[6 5],47,93,96,46,75
1,<environment.Job instance at 0x7f71aa065c30>,47,3,[1 9],48,97,100,49,75
1,<environment.Job instance at 0x7f71aa065320>,48,2,[2 7],49,100,102,51,75
1,<environment.Job instance at 0x7f71aa0654b0>,49,2,[5 3],50,82,84,32,75
1,<environment.Job instance at 0x7f71aa065730>,50,1,[3 7],51,100,101,49,75
1,<environment.Job instance at 0x7f71aa065500>,51,1,[4 6],52,90,91,38,75
1,<environment.Job instance at 0x7f7160051870>,53,2,[2 7],54,101,103,47,78
1,<environment.Job instance at 0x7f7160051690>,54,18,[7 1],55,93,111,38,86
1,<environment.Job instance at 0x7f71a37460a0>,55,2,[10  4],56,111,113,55,86
1,<environment.Job instance at 0x7f71a3746910>,56,14,[ 5 11],57,103,117,46,101
1,<environment.Job instance at 0x7f71a3746280>,57,1,[10  4],58,113,114,55,101
1,<environment.Job instance at 0x7f71a3746190>,58,1,[2 9],59,117,118,58,101
1,<environment.Job instance at 0x7f715fbb7140>,59,22,[14  5],60,118,140,58,111
1,<environment.Job instance at 0x7f716007a5a0>,67,1,[10  4],68,140,141,72,133
1,<environment.Job instance at 0x7f715fddda00>,68,22,[10  4],69,141,163,72,134
1,<environment.Job instance at 0x7f716007a6e0>,71,21,[5 8],72,141,162,69,141
1,<environment.Job instance at 0x7f71aa0b2870>,62,12,[11  2],63,163,175,100,151
1,<environment.Job instance at 0x7f71a3cc9e60>,85,1,[1 9],86,182,183,96,182
1,<environment.Job instance at 0x7f71a3cc9f50>,86,2,[1 9],87,183,185,96,182
1,<environment.Job instance at 0x7f71a3cc97d0>,88,25,[5 7],89,187,212,98,187
1,<environment.Job instance at 0x7f71a3cc9cd0>,89,13,[ 3 12],90,212,225,122,197
1,<environment.Job instance at 0x7f71a3cc9320>,93,2,[1 5],94,199,201,105,199
1,<environment.Job instance at 0x7f715f8190f0>,0,20,[7 1],1,1,21,0,1
1,<environment.Job instance at 0x7f715f819780>,1,1,[12  2],2,21,22,19,3
1,<environment.Job instance at 0x7f71aa065820>,4,1,[10  3],5,22,23,17,5
1,<environment.Job instance at 0x7f715fb88c30>,5,3,[4 6],6,6,9,0,6
1,<environment.Job instance at 0x7f7160137280>,7,3,[6 5],8,9,12,1,8
1,<environment.Job instance at 0x7f715f7f3640>,10,3,[2 6],11,11,14,0,11
1,<environment.Job instance at 0x7f715f7f3870>,16,3,[5 2],17,17,20,0,17
1,<environment.Job instance at 0x7f715f7f3410>,17,1,[10  1],18,23,24,5,18
1,<environment.Job instance at 0x7f715f7f33c0>,18,3,[2 5],19,19,22,0,19
1,<environment.Job instance at 0x7f715f7f3aa0>,19,1,[3 8],20,20,21,0,20
1,<environment.Job instance at 0x7f715f7f3780>,20,23,[ 1 12],21,22,45,1,21
1,<environment.Job instance at 0x7f715f7f3b40>,25,26,[ 4 10],26,45,71,19,42
1,<environment.Job instance at 0x7f715f801140>,29,22,[12  5],30,71,93,41,64
1,<environment.Job instance at 0x7f715f801640>,33,1,[1 7],34,71,72,37,69
1,<environment.Job instance at 0x7f715f8010a0>,34,27,[3 7],35,72,99,37,70
1,<environment.Job instance at 0x7f715f8012d0>,44,3,[1 9],45,107,110,62,107
1,<environment.Job instance at 0x7f715f857af0>,46,12,[1 9],47,116,128,69,116
1,<environment.Job instance at 0x7f715f857fa0>,47,2,[10  4],48,116,118,68,116
1,<environment.Job instance at 0x7f715f857f50>,48,19,[5 8],49,128,147,79,118
1,<environment.Job instance at 0x7f715f8575f0>,51,2,[8 5],52,118,120,66,118
1,<environment.Job instance at 0x7f715f857a50>,52,18,[10  4],53,120,138,67,118
1,<environment.Job instance at 0x7f715f857d20>,55,3,[5 4],56,146,149,90,146
1,<environment.Job instance at 0x7f715f857eb0>,56,2,[5 6],57,147,149,90,146
1,<environment.Job instance at 0x7f715f8572d0>,59,1,[2 8],60,157,158,97,157
1,<environment.Job instance at 0x7f715f857050>,60,2,[10  3],61,157,159,96,157
1,<environment.Job instance at 0x7f715f857f00>,61,3,[10  4],62,159,162,97,157
1,<environment.Job instance at 0x7f715f8579b0>,62,3,[ 2 10],63,158,161,95,157
1,<environment.Job instance at 0x7f715f857690>,63,1,[4 7],64,161,162,97,157
1,<environment.Job instance at 0x7f715f7dfe10>,66,18,[5 7],67,162,180,95,157
1,<environment.Job instance at 0x7f715f7dfbe0>,67,28,[8 3],68,162,190,94,161
1,<environment.Job instance at 0x7f715f7dfa50>,70,19,[3 8],71,180,199,109,170
1,<environment.Job instance at 0x7f715f7df5f0>,71,1,[ 5 10],72,199,200,127,171
1,<environment.Job instance at 0x7f715f7df7d0>,72,22,[13  5],73,200,222,127,193
1,<environment.Job instance at 0x7f715f7df370>,73,28,[10  5],74,222,250,148,221
1,<environment.Job instance at 0x7f715fcd4eb0>,0,20,[9 2],1,1,21,0,1
1,<environment.Job instance at 0x7f715f7dfe60>,1,15,[ 3 13],2,3,18,1,3
1,<environment.Job instance at 0x7f715fcd41e0>,5,3,[3 8],6,18,21,12,6
1,<environment.Job instance at 0x7f715fa30dc0>,6,26,[ 4 10],7,21,47,14,18
1,<environment.Job instance at 0x7f71aa7d7640>,11,3,[ 2 12],12,47,50,35,22
1,<environment.Job instance at 0x7f715fa30730>,15,13,[13  4],16,50,63,34,34
1,<environment.Job instance at 0x7f71a3582dc0>,16,25,[ 3 12],17,63,88,46,59
1,<environment.Job instance at 0x7f71a35821e0>,19,1,[8 5],20,88,89,68,60
1,<environment.Job instance at 0x7f71a35820f0>,20,1,[8 2],21,63,64,42,60
1,<environment.Job instance at 0x7f71aa189f50>,22,1,[1 9],23,60,61,37,60
1,<environment.Job instance at 0x7f71a3582fa0>,23,2,[7 1],24,64,66,40,60
1,<environment.Job instance at 0x7f71a3886050>,24,25,[7 4],25,88,113,63,84
1,<environment.Job instance at 0x7f715fd9c5f0>,7,12,[3 5],8,89,101,81,86
1,<environment.Job instance at 0x7f71a38865f0>,27,3,[7 1],28,101,104,73,88
1,<environment.Job instance at 0x7f71a3886820>,25,22,[9 2],26,113,135,87,106
1,<environment.Job instance at 0x7f71a3886f50>,29,3,[5 8],30,106,109,76,106
1,<environment.Job instance at 0x7f71a3886d20>,30,1,[ 2 11],31,109,110,78,106
1,<environment.Job instance at 0x7f71a3886dc0>,31,21,[7 2],32,135,156,103,127
1,<environment.Job instance at 0x7f71a3b43910>,14,19,[1 7],15,127,146,112,127
1,<environment.Job instance at 0x7f71a389bdc0>,34,2,[8 2],35,146,148,111,128
1,<environment.Job instance at 0x7f71a3886c80>,32,14,[ 4 14],33,156,170,123,141
1,<environment.Job instance at 0x7f71a389b320>,38,1,[8 1],39,148,149,109,141
1,<environment.Job instance at 0x7f71a389b500>,40,18,[ 2 13],41,170,188,129,159
1,<environment.Job instance at 0x7f71a389bb40>,41,1,[3 6],42,188,189,146,160
1,<environment.Job instance at 0x7f71a389b140>,43,1,[7 5],44,188,189,144,161
1,<environment.Job instance at 0x7f71a389bfa0>,44,17,[10  1],45,161,178,116,161
1,<environment.Job instance at 0x7f71a389be60>,45,2,[1 9],46,189,191,143,162
1,<environment.Job instance at 0x7f71a388a370>,47,3,[12  2],48,178,181,130,162
1,<environment.Job instance at 0x7f71a3892320>,52,26,[5 7],53,191,217,138,188
1,<environment.Job instance at 0x7f71a39aa9b0>,54,28,[9 1],55,189,217,134,188
1,<environment.Job instance at 0x7f71a38a9870>,55,19,[3 8],56,217,236,161,207
1,<environment.Job instance at 0x7f715f7df820>,2,17,[4 7],3,217,234,214,207
1,<environment.Job instance at 0x7f71a3784af0>,58,28,[5 2],59,234,262,175,233
1,<environment.Job instance at 0x7f71a38862d0>,26,28,[6 2],27,234,262,207,233
1,<environment.Job instance at 0x7f715fb886e0>,2,1,[ 1 10],3,3,4,0,3
1,<environment.Job instance at 0x7f71600255f0>,9,3,[3 5],10,10,13,0,10
1,<environment.Job instance at 0x7f7160025050>,12,3,[ 5 13],13,17,20,4,17
1,<environment.Job instance at 0x7f71aa5de280>,13,14,[8 4],14,20,34,6,17
1,<environment.Job instance at 0x7f71aa5de640>,15,18,[4 6],16,24,42,8,24
1,<environment.Job instance at 0x7f715fca2730>,17,18,[3 5],18,24,42,6,24
1,<environment.Job instance at 0x7f715fca2280>,18,19,[3 9],19,42,61,23,32
1,<environment.Job instance at 0x7f71aa44d730>,20,3,[2 6],21,42,45,21,32
1,<environment.Job instance at 0x7f71a3afa730>,22,1,[10  2],23,45,46,22,44
1,<environment.Job instance at 0x7f715f8cc370>,24,26,[8 5],25,46,72,21,44
1,<environment.Job instance at 0x7f71aa5def50>,16,1,[8 5],17,72,73,55,53
1,<environment.Job instance at 0x7f71a38c0eb0>,30,22,[6 2],31,61,83,30,55
1,<environment.Job instance at 0x7f71aa5465f0>,6,3,[3 8],7,73,76,66,55
1,<environment.Job instance at 0x7f71aa104500>,36,3,[4 7],37,76,79,39,64
1,<environment.Job instance at 0x7f71aa104640>,37,3,[5 6],38,76,79,38,64
1,<environment.Job instance at 0x7f71aa104550>,38,1,[10  4],39,83,84,44,64
1,<environment.Job instance at 0x7f71aa104190>,39,18,[3 7],40,79,97,39,69
1,<environment.Job instance at 0x7f71aa1043c0>,40,3,[ 4 10],41,97,100,56,71
1,<environment.Job instance at 0x7f71aa104280>,41,3,[14  4],42,100,103,58,74
1,<environment.Job instance at 0x7f71aa104d20>,42,16,[ 4 12],43,103,119,60,90
1,<environment.Job instance at 0x7f71aa104690>,43,2,[5 4],44,90,92,46,90
1,<environment.Job instance at 0x7f71aa104d70>,44,1,[10  5],45,92,93,47,90
1,<environment.Job instance at 0x7f71aa104dc0>,47,2,[9 2],48,93,95,45,91
1,<environment.Job instance at 0x7f71aa1040f0>,46,15,[14  5],47,119,134,72,105
1,<environment.Job instance at 0x7f715f9912d0>,49,3,[10  4],50,134,137,84,108
1,<environment.Job instance at 0x7f71aa104f50>,52,2,[2 8],53,134,136,81,109
1,<environment.Job instance at 0x7f71a38dbaa0>,54,1,[8 4],55,137,138,82,109
1,<environment.Job instance at 0x7f71a38db410>,55,25,[ 4 10],56,136,161,80,132
1,<environment.Job instance at 0x7f71a38dbcd0>,57,14,[10  2],58,138,152,80,132
1,<environment.Job instance at 0x7f71aa53a1e0>,60,1,[10  3],61,152,153,91,132
1,<environment.Job instance at 0x7f71aa53ab40>,61,3,[5 3],62,153,156,91,132
1,<environment.Job instance at 0x7f71aa53afa0>,62,2,[3 7],63,161,163,98,134
1,<environment.Job instance at 0x7f715fecd050>,63,3,[5 5],64,156,159,92,134
1,<environment.Job instance at 0x7f715fecd140>,64,3,[4 6],65,161,164,96,135
1,<environment.Job instance at 0x7f715fecd5f0>,65,2,[5 8],66,163,165,97,136
1,<environment.Job instance at 0x7f715fa181e0>,68,2,[ 5 11],69,165,167,96,150
1,<environment.Job instance at 0x7f71aa43d280>,69,2,[ 3 10],70,167,169,97,150
1,<environment.Job instance at 0x7f71aa43ddc0>,70,17,[5 2],71,164,181,93,152
1,<environment.Job instance at 0x7f715fbfda50>,71,27,[4 5],72,169,196,97,167
1,<environment.Job instance at 0x7f715fbfdd70>,75,18,[1 8],76,169,187,93,167
1,<environment.Job instance at 0x7f715fe06eb0>,76,27,[10  5],77,187,214,110,185
1,<environment.Job instance at 0x7f715fe06b90>,77,3,[5 8],78,196,199,118,185
1,<environment.Job instance at 0x7f715fe063c0>,78,3,[1 5],79,187,190,108,185
1,<environment.Job instance at 0x7f71aa80a050>,81,15,[2 9],82,199,214,117,192
1,<environment.Job instance at 0x7f715f90f050>,83,2,[2 6],84,214,216,130,192
1,<environment.Job instance at 0x7f71a37bfaf0>,84,2,[4 8],85,214,216,129,192
1,<environment.Job instance at 0x7f715f90f7d0>,86,14,[13  3],87,216,230,129,201
1,<environment.Job instance at 0x7f71a38d4280>,87,21,[2 8],88,216,237,128,208
1,<environment.Job instance at 0x7f715fafa230>,0,1,[ 2 14],1,2,3,1,2
1,<environment.Job instance at 0x7f715fafaf00>,3,2,[5 8],4,4,6,0,4
1,<environment.Job instance at 0x7f71aa456e10>,7,1,[9 1],8,8,9,0,8
1,<environment.Job instance at 0x7f71aa456c80>,10,3,[8 1],11,11,14,0,11
1,<environment.Job instance at 0x7f71aa57e4b0>,11,2,[1 6],12,12,14,0,12
1,<environment.Job instance at 0x7f71aa57edc0>,12,16,[2 9],13,20,36,7,20
1,<environment.Job instance at 0x7f71aa57e140>,16,1,[7 2],17,20,21,3,20
1,<environment.Job instance at 0x7f71aa57e320>,17,25,[9 5],18,21,46,3,20
1,<environment.Job instance at 0x7f71aa57e0a0>,18,2,[ 1 13],19,46,48,27,22
1,<environment.Job instance at 0x7f715f794730>,25,15,[ 3 14],26,48,63,22,34
1,<environment.Job instance at 0x7f715f794910>,26,2,[6 3],27,36,38,9,34
1,<environment.Job instance at 0x7f715f7942d0>,28,15,[ 5 14],29,63,78,34,49
1,<environment.Job instance at 0x7f715f794d70>,29,1,[8 4],30,78,79,48,50
1,<environment.Job instance at 0x7f715f794e60>,32,13,[8 3],33,79,92,46,64
1,<environment.Job instance at 0x7f71aa59fa50>,34,2,[6 5],35,78,80,43,64
1,<environment.Job instance at 0x7f71aa59fc80>,37,2,[ 1 11],38,80,82,42,69
1,<environment.Job instance at 0x7f71aa59faa0>,38,27,[4 6],39,82,109,43,80
1,<environment.Job instance at 0x7f71aa57e050>,15,15,[4 8],16,92,107,76,81
1,<environment.Job instance at 0x7f71aa59f780>,45,1,[2 9],46,107,108,61,84
1,<environment.Job instance at 0x7f71aa59f190>,47,1,[5 4],48,108,109,60,84
1,<environment.Job instance at 0x7f715fdb5f00>,54,2,[9 2],55,109,111,54,100
1,<environment.Job instance at 0x7f715fdb5460>,56,3,[ 2 10],57,116,119,59,116
1,<environment.Job instance at 0x7f715fdb5d70>,57,16,[3 5],58,116,132,58,116
1,<environment.Job instance at 0x7f715f794b90>,33,15,[4 9],34,119,134,85,117
1,<environment.Job instance at 0x7f715fdb5c30>,55,18,[5 8],56,134,152,78,133
1,<environment.Job instance at 0x7f715fdb5b40>,64,1,[3 5],65,133,134,68,133
1,<environment.Job instance at 0x7f715fdb5e60>,65,16,[2 7],66,134,150,68,133
1,<environment.Job instance at 0x7f715fdb5cd0>,67,2,[9 2],68,150,152,82,135
1,<environment.Job instance at 0x7f715fdb59b0>,68,16,[10  1],69,152,168,83,139
1,<environment.Job instance at 0x7f715fdb5eb0>,70,1,[4 5],71,152,153,81,144
1,<environment.Job instance at 0x7f715fdb51e0>,71,2,[1 5],72,150,152,78,144
1,<environment.Job instance at 0x7f71aa5bf280>,72,2,[10  2],73,168,170,95,144
1,<environment.Job instance at 0x7f71aa5bf320>,74,1,[4 5],75,153,154,78,150
1,<environment.Job instance at 0x7f71aa5bf190>,75,18,[4 6],76,162,180,86,162
1,<environment.Job instance at 0x7f71aa5bf0a0>,77,1,[9 4],78,170,171,92,164
1,<environment.Job instance at 0x7f71aa5bfe10>,78,14,[3 9],79,171,185,92,171
1,<environment.Job instance at 0x7f71aa5bf140>,79,20,[8 1],80,180,200,100,171
1,<environment.Job instance at 0x7f71aa5bfcd0>,80,28,[5 3],81,185,213,104,184
1,<environment.Job instance at 0x7f715fe49140>,82,1,[7 4],83,200,201,117,185
1,<environment.Job instance at 0x7f715fdb5aa0>,62,16,[ 2 13],63,213,229,150,202
1,<environment.Job instance at 0x7f715f8700f0>,86,3,[2 9],87,203,206,116,203
1,<environment.Job instance at 0x7f715fe499b0>,83,1,[13  4],84,229,230,145,211
1,<environment.Job instance at 0x7f715fafab90>,4,3,[1 6],5,5,8,0,5
1,<environment.Job instance at 0x7f71a3bd25f0>,5,3,[2 8],6,6,9,0,6
1,<environment.Job instance at 0x7f71a3bb4370>,9,1,[5 5],10,10,11,0,10
1,<environment.Job instance at 0x7f71600b4910>,15,2,[ 3 10],16,16,18,0,16
1,<environment.Job instance at 0x7f715fec7d70>,16,15,[7 1],17,23,38,6,23
1,<environment.Job instance at 0x7f71600b4d70>,14,16,[12  4],15,38,54,23,26
1,<environment.Job instance at 0x7f71a3bd2410>,7,17,[2 8],8,29,46,21,29
1,<environment.Job instance at 0x7f71a39780a0>,26,3,[ 2 12],27,54,57,27,35
1,<environment.Job instance at 0x7f71a3978780>,28,16,[12  5],29,57,73,28,50
1,<environment.Job instance at 0x7f71a3978e10>,30,2,[2 5],31,50,52,19,50
1,<environment.Job instance at 0x7f71aa58d1e0>,8,14,[4 8],9,73,87,64,60
1,<environment.Job instance at 0x7f71a3978730>,33,2,[ 3 12],34,87,89,53,61
1,<environment.Job instance at 0x7f71a3657640>,34,3,[5 3],35,73,76,38,63
1,<environment.Job instance at 0x7f71a36579b0>,35,1,[5 5],36,76,77,40,65
1,<environment.Job instance at 0x7f71a3657b90>,38,2,[2 5],39,70,72,31,70
1,<environment.Job instance at 0x7f715fec7140>,18,16,[11  4],19,89,105,70,78
1,<environment.Job instance at 0x7f71a3657780>,37,18,[7 4],38,105,123,67,95
1,<environment.Job instance at 0x7f71a389ffa0>,42,3,[ 2 14],43,123,126,80,98
1,<environment.Job instance at 0x7f71a389fcd0>,43,1,[9 4],44,126,127,82,98
1,<environment.Job instance at 0x7f71a389f0a0>,44,19,[3 6],45,98,117,53,98
1,<environment.Job instance at 0x7f71a389fbe0>,45,17,[5 3],46,105,122,59,98
1,<environment.Job instance at 0x7f71a389f690>,46,3,[3 5],47,117,120,70,98
1,<environment.Job instance at 0x7f71a3657d70>,39,18,[14  4],40,127,145,87,116
1,<environment.Job instance at 0x7f71aa5a6460>,48,2,[ 1 10],49,126,128,77,116
1,<environment.Job instance at 0x7f71aa5a6d20>,52,12,[11  5],53,145,157,92,128
1,<environment.Job instance at 0x7f71aa5a67d0>,53,3,[9 5],54,157,160,103,131
1,<environment.Job instance at 0x7f71aa5a6780>,54,3,[5 4],55,157,160,102,131
1,<environment.Job instance at 0x7f71aa5a6870>,57,2,[6 3],58,160,162,102,133
1,<environment.Job instance at 0x7f71aa57f140>,60,3,[5 6],61,160,163,99,137
1,<environment.Job instance at 0x7f71aa57f050>,65,2,[ 2 10],66,163,165,97,156
1,<environment.Job instance at 0x7f71aa57f6e0>,64,2,[4 6],65,167,169,102,167
1,<environment.Job instance at 0x7f71aa57f820>,68,15,[7 4],69,170,185,101,170
1,<environment.Job instance at 0x7f715f7e33c0>,72,1,[5 6],73,182,183,109,182
1,<environment.Job instance at 0x7f715f7e38c0>,73,1,[6 2],74,183,184,109,182
1,<environment.Job instance at 0x7f715f7e3370>,75,2,[ 2 10],76,189,191,113,189
1,<environment.Job instance at 0x7f715f7e3c30>,76,2,[4 5],77,189,191,112,189
1,<environment.Job instance at 0x7f715f7e3190>,77,2,[10  1],78,191,193,113,189
1,<environment.Job instance at 0x7f715f7e3a50>,78,2,[ 1 10],79,191,193,112,189
1,<environment.Job instance at 0x7f715f7e3d20>,79,13,[11  2],80,193,206,113,189
1,<environment.Job instance at 0x7f715f7e3050>,80,3,[10  2],81,206,209,125,189
1,<environment.Job instance at 0x7f715f7e3690>,81,3,[4 8],82,193,196,111,189
1,<environment.Job instance at 0x7f715f7e3e60>,82,2,[ 5 13],83,206,208,123,189
1,<environment.Job instance at 0x7f715f7d9b90>,83,2,[7 1],84,209,211,125,189
1,<environment.Job instance at 0x7f71aa57fa00>,71,12,[5 8],72,208,220,136,191
1,<environment.Job instance at 0x7f715f7d9550>,84,17,[ 3 11],85,220,237,135,208
1,<environment.Job instance at 0x7f715f7d9690>,86,24,[8 4],87,213,237,126,213
1,<environment.Job instance at 0x7f715f7d97d0>,88,1,[5 3],89,237,238,148,213
1,<environment.Job instance at 0x7fecef9c5b90>,1,15,[ 1 14],2,2,17,0,2
1,<environment.Job instance at 0x7fece8564280>,4,18,[10  4],5,17,35,12,6
1,<environment.Job instance at 0x7fece8564500>,6,12,[11  4],7,35,47,28,18
1,<environment.Job instance at 0x7fece8564370>,10,1,[7 3],11,47,48,36,19
1,<environment.Job instance at 0x7fece85649b0>,15,3,[10  2],16,48,51,32,22
1,<environment.Job instance at 0x7fecef9c5dc0>,5,13,[5 9],6,47,60,41,33
1,<environment.Job instance at 0x7fece85650f0>,21,3,[ 2 10],22,35,38,13,35
1,<environment.Job instance at 0x7fece8564af0>,17,3,[10  3],18,51,54,33,35
1,<environment.Job instance at 0x7fece8565370>,22,2,[12  3],23,60,62,37,36
1,<environment.Job instance at 0x7fece8564e10>,20,1,[3 7],21,38,39,17,36
1,<environment.Job instance at 0x7fece85655a0>,24,3,[5 9],25,62,65,37,36
1,<environment.Job instance at 0x7fece8565550>,27,2,[6 4],28,54,56,26,37
1,<environment.Job instance at 0x7fece8565280>,28,2,[5 9],29,65,67,36,41
1,<environment.Job instance at 0x7fece8565690>,29,13,[1 6],30,56,69,26,47
1,<environment.Job instance at 0x7fece85658c0>,30,1,[5 5],31,67,68,36,47
1,<environment.Job instance at 0x7fece85657d0>,31,17,[4 9],32,68,85,36,57
1,<environment.Job instance at 0x7fece8565c80>,35,16,[8 1],36,69,85,33,62
1,<environment.Job instance at 0x7fece8568140>,36,2,[5 1],37,85,87,48,69
1,<environment.Job instance at 0x7fece8564fa0>,19,17,[12  3],20,87,104,67,76
1,<environment.Job instance at 0x7fece8568690>,43,28,[6 4],44,104,132,60,103
1,<environment.Job instance at 0x7fece8568c30>,49,2,[1 9],50,104,106,54,104
1,<environment.Job instance at 0x7fece8568e10>,50,27,[9 1],51,106,133,55,104
1,<environment.Job instance at 0x7fece856d280>,52,3,[ 3 11],53,132,135,79,111
1,<environment.Job instance at 0x7fece856d140>,53,18,[ 4 12],54,135,153,81,124
1,<environment.Job instance at 0x7fece856d0a0>,58,1,[5 7],59,153,154,94,128
1,<environment.Job instance at 0x7fece856d730>,60,24,[ 3 10],61,154,178,93,149
1,<environment.Job instance at 0x7fece856d960>,61,2,[9 2],62,149,151,87,149
1,<environment.Job instance at 0x7fece856daa0>,62,20,[9 1],63,151,171,88,149
1,<environment.Job instance at 0x7fece856dc30>,67,26,[5 4],68,171,197,103,168
1,<environment.Job instance at 0x7fece856dcd0>,68,22,[5 6],69,178,200,109,171
1,<environment.Job instance at 0x7fece856e640>,80,2,[10  3],81,200,202,119,200
1,<environment.Job instance at 0x7fece856e910>,81,17,[ 4 14],82,202,219,120,200
1,<environment.Job instance at 0x7fece856e9b0>,82,3,[10  1],83,202,205,119,200
1,<environment.Job instance at 0x7fece856ea50>,83,3,[9 2],84,219,222,135,200
1,<environment.Job instance at 0x7fece856eaf0>,84,12,[3 5],85,219,231,134,202
1,<environment.Job instance at 0x7fece8568640>,39,18,[5 8],40,222,240,182,214
1,<environment.Job instance at 0x7fecef973230>,2,1,[ 5 10],3,3,4,0,3
1,<environment.Job instance at 0x7fece8568640>,4,1,[9 4],5,5,6,0,5
1,<environment.Job instance at 0x7fece857ecd0>,5,25,[3 9],6,6,31,0,6
1,<environment.Job instance at 0x7fece857f960>,6,1,[7 4],7,7,8,0,7
1,<environment.Job instance at 0x7fece857fcd0>,9,23,[2 8],10,31,54,21,25
1,<environment.Job instance at 0x7feca47da500>,21,3,[8 2],22,30,33,8,30
1,<environment.Job instance at 0x7feca47da9b0>,23,3,[5 4],24,42,45,18,42
1,<environment.Job instance at 0x7feca47dcaf0>,16,26,[9 1],17,45,71,28,44
1,<environment.Job instance at 0x7feca47dc780>,20,18,[5 1],21,54,72,33,46
1,<environment.Job instance at 0x7feca47d5280>,29,1,[10  3],30,71,72,41,57
1,<environment.Job instance at 0x7feca47ff0f0>,31,2,[12  1],32,72,74,40,58
1,<environment.Job instance at 0x7feca47bb0f0>,33,27,[5 3],34,74,101,40,72
1,<environment.Job instance at 0x7feca47d5190>,27,3,[4 9],28,74,77,46,72
1,<environment.Job instance at 0x7feca49585f0>,37,1,[1 6],38,72,73,34,72
1,<environment.Job instance at 0x7feca4958460>,38,22,[9 2],39,77,99,38,72
1,<environment.Job instance at 0x7feca49586e0>,39,3,[ 4 12],40,99,102,59,80
1,<environment.Job instance at 0x7feca4961f50>,41,18,[ 5 11],42,102,120,60,91
1,<environment.Job instance at 0x7feca49615f0>,47,18,[ 1 10],48,120,138,72,117
1,<environment.Job instance at 0x7feca4961410>,48,28,[7 4],49,117,145,68,117
1,<environment.Job instance at 0x7feca493c820>,54,28,[9 1],55,145,173,90,144
1,<environment.Job instance at 0x7feca47bb5f0>,35,17,[5 9],36,148,165,112,148
1,<environment.Job instance at 0x7feca493dc30>,63,12,[3 8],64,166,178,102,166
1,<environment.Job instance at 0x7feca4965820>,65,12,[2 6],66,169,181,103,169
1,<environment.Job instance at 0x7feca4965640>,66,3,[7 5],67,178,181,111,169
1,<environment.Job instance at 0x7feca49650a0>,67,3,[4 9],68,181,184,113,169
1,<environment.Job instance at 0x7feca49651e0>,68,18,[3 8],69,184,202,115,173
1,<environment.Job instance at 0x7feca47dcb90>,19,17,[9 2],20,181,198,161,174
1,<environment.Job instance at 0x7feca4965280>,72,3,[3 9],73,202,205,129,186
1,<environment.Job instance at 0x7feca4964dc0>,75,3,[6 4],76,198,201,122,198
1,<environment.Job instance at 0x7feca49641e0>,76,17,[2 6],77,201,218,124,199
1,<environment.Job instance at 0x7feca4964960>,78,12,[9 2],79,205,217,126,200
1,<environment.Job instance at 0x7feca4964640>,79,1,[8 3],80,217,218,137,200
1,<environment.Job instance at 0x7feca4964b40>,80,18,[8 5],81,218,236,137,208
1,<environment.Job instance at 0x7feca49595a0>,84,17,[1 9],85,218,235,133,216
1,<environment.Job instance at 0x7feca4959eb0>,87,1,[1 7],88,216,217,128,216
1,<environment.Job instance at 0x7fece857eb40>,0,18,[11  4],1,2,20,1,2
1,<environment.Job instance at 0x7fece857e9b0>,2,20,[7 3],3,20,40,17,11
1,<environment.Job instance at 0x7fece857ee60>,1,15,[3 5],2,11,26,9,11
1,<environment.Job instance at 0x7fece857e280>,3,1,[2 8],4,26,27,22,12
1,<environment.Job instance at 0x7feca493b960>,10,1,[2 5],11,20,21,9,13
1,<environment.Job instance at 0x7feca493ba50>,9,1,[4 6],10,21,22,11,13
1,<environment.Job instance at 0x7fece857ca50>,5,17,[6 3],6,26,43,20,14
1,<environment.Job instance at 0x7feca47dc3c0>,13,1,[2 8],14,27,28,13,15
1,<environment.Job instance at 0x7fece857eb90>,6,20,[6 2],7,40,60,33,31
1,<environment.Job instance at 0x7feca4836af0>,19,22,[1 6],20,31,53,11,31
1,<environment.Job instance at 0x7feca4836fa0>,20,1,[5 1],21,43,44,22,31
1,<environment.Job instance at 0x7feca47daf50>,21,25,[10  4],22,60,85,38,56
1,<environment.Job instance at 0x7fece8333d20>,24,22,[1 9],25,56,78,31,56
1,<environment.Job instance at 0x7feca4efa3c0>,31,18,[3 8],32,78,96,46,73
1,<environment.Job instance at 0x7fece83b21e0>,32,2,[6 3],33,85,87,52,73
1,<environment.Job instance at 0x7fece82de500>,33,24,[3 6],34,87,111,53,82
1,<environment.Job instance at 0x7fece82de190>,34,2,[4 8],35,96,98,61,82
1,<environment.Job instance at 0x7fece87c7550>,35,20,[3 8],36,98,118,62,89
1,<environment.Job instance at 0x7fece8402690>,37,27,[9 5],38,111,138,73,109
1,<environment.Job instance at 0x7feca47b4050>,27,13,[ 1 10],28,118,131,90,112
1,<environment.Job instance at 0x7feca47acdc0>,41,3,[10  4],42,138,141,96,114
1,<environment.Job instance at 0x7feca47acaf0>,42,2,[6 4],43,131,133,88,115
1,<environment.Job instance at 0x7fecefaeda00>,49,1,[10  5],50,141,142,91,138
1,<environment.Job instance at 0x7fecefaed500>,50,12,[1 5],51,142,154,91,142
1,<environment.Job instance at 0x7fecefaedc80>,51,2,[7 4],52,142,144,90,142
1,<environment.Job instance at 0x7fecefaed4b0>,53,18,[8 1],54,144,162,90,143
1,<environment.Job instance at 0x7fecefaed460>,54,3,[ 3 12],55,154,157,99,143
1,<environment.Job instance at 0x7fecefaed6e0>,55,27,[5 5],56,157,184,101,155
1,<environment.Job instance at 0x7fecefae5230>,56,22,[2 8],57,157,179,100,155
1,<environment.Job instance at 0x7fecefaedd70>,57,20,[5 2],58,162,182,104,155
1,<environment.Job instance at 0x7feca4821eb0>,58,13,[14  4],59,184,197,125,168
1,<environment.Job instance at 0x7feca48215a0>,63,27,[7 5],64,197,224,133,195
1,<environment.Job instance at 0x7fece83af4b0>,70,2,[9 4],71,224,226,153,198
1,<environment.Job instance at 0x7feca493b7d0>,12,15,[7 3],13,198,213,185,198
1,<environment.Job instance at 0x7feca47cdd70>,74,3,[2 5],75,213,216,138,209
1,<environment.Job instance at 0x7feca4827280>,75,25,[3 7],76,216,241,140,212
1,<environment.Job instance at 0x7feca4827c80>,76,13,[1 6],77,226,239,149,214
1,<environment.Job instance at 0x7feceee19960>,6,17,[13  2],7,14,31,7,14
1,<environment.Job instance at 0x7fece866a550>,12,17,[ 2 12],13,19,36,6,19
1,<environment.Job instance at 0x7fece85f1320>,13,1,[8 5],14,36,37,22,19
1,<environment.Job instance at 0x7fece886b190>,15,24,[10  2],16,37,61,21,32
1,<environment.Job instance at 0x7feceee19b40>,9,17,[ 5 10],10,41,58,31,41
1,<environment.Job instance at 0x7feceee19a00>,7,1,[11  4],8,61,62,53,55
1,<environment.Job instance at 0x7fece8634af0>,19,27,[14  1],20,62,89,42,60
1,<environment.Job instance at 0x7fece855e690>,22,2,[11  4],23,89,91,66,62
1,<environment.Job instance at 0x7fece8687690>,23,20,[5 7],24,91,111,67,82
1,<environment.Job instance at 0x7fece886f230>,24,1,[5 7],25,91,92,66,82
1,<environment.Job instance at 0x7fece8940f00>,25,12,[11  5],26,111,123,85,94
1,<environment.Job instance at 0x7fece85ede60>,21,14,[5 4],22,95,109,73,95
1,<environment.Job instance at 0x7fecef0c1730>,3,3,[ 5 13],4,123,126,119,97
1,<environment.Job instance at 0x7feca4e426e0>,37,2,[2 6],38,118,120,80,118
1,<environment.Job instance at 0x7feca4e420a0>,38,2,[5 5],39,126,128,87,118
1,<environment.Job instance at 0x7feca4e42500>,39,1,[5 7],40,126,127,86,118
1,<environment.Job instance at 0x7fece8848910>,40,3,[1 6],41,120,123,79,118
1,<environment.Job instance at 0x7fece88485a0>,41,15,[ 2 14],42,128,143,86,118
1,<environment.Job instance at 0x7fece8848690>,44,2,[10  3],45,143,145,98,121
1,<environment.Job instance at 0x7fece8848c30>,45,12,[ 3 13],46,145,157,99,128
1,<environment.Job instance at 0x7fece859d410>,33,18,[6 1],34,145,163,111,136
1,<environment.Job instance at 0x7fece8627a50>,56,2,[ 3 10],57,157,159,100,152
1,<environment.Job instance at 0x7fece8627eb0>,57,3,[5 1],58,153,156,95,153
1,<environment.Job instance at 0x7fece8627e60>,58,2,[5 4],59,157,159,98,153
1,<environment.Job instance at 0x7fece854d820>,60,1,[5 1],61,166,167,105,166
1,<environment.Job instance at 0x7fece8848b90>,50,18,[5 9],51,174,192,123,174
1,<environment.Job instance at 0x7fece854dbe0>,61,17,[14  3],62,192,209,130,183
1,<environment.Job instance at 0x7fece870f550>,66,17,[ 1 10],67,192,209,125,184
1,<environment.Job instance at 0x7fece870f820>,67,3,[12  4],68,209,212,141,184
1,<environment.Job instance at 0x7feceee6ad20>,69,28,[1 8],70,209,237,139,208
1,<environment.Job instance at 0x7fece870fb40>,65,17,[ 5 10],66,237,254,171,225
1,<environment.Job instance at 0x7feceee19d70>,2,3,[1 9],3,3,6,0,3
1,<environment.Job instance at 0x7fecef2df2d0>,4,3,[ 2 12],5,6,9,1,5
1,<environment.Job instance at 0x7fece8649e10>,5,2,[3 5],6,9,11,3,6
1,<environment.Job instance at 0x7fece89b2be0>,7,2,[8 4],8,9,11,1,8
1,<environment.Job instance at 0x7feca4ceaf50>,10,1,[9 4],11,11,12,0,11
1,<environment.Job instance at 0x7fece85a61e0>,11,2,[ 3 14],12,12,14,0,12
1,<environment.Job instance at 0x7fecef9fb320>,16,13,[12  4],17,18,31,1,18
1,<environment.Job instance at 0x7fece89a5a00>,22,1,[6 3],23,31,32,8,23
1,<environment.Job instance at 0x7feca4c59b90>,26,12,[ 2 11],27,40,52,13,40
1,<environment.Job instance at 0x7fece89a5050>,28,24,[4 7],29,52,76,23,48
1,<environment.Job instance at 0x7feca4e410a0>,17,27,[9 3],18,48,75,30,48
1,<environment.Job instance at 0x7feca4ea5500>,13,3,[10  3],14,75,78,61,52
1,<environment.Job instance at 0x7feceefa0dc0>,33,3,[4 7],34,76,79,42,54
1,<environment.Job instance at 0x7feca4c53730>,36,2,[3 6],37,78,80,41,61
1,<environment.Job instance at 0x7feca4c53d70>,38,2,[5 8],39,79,81,40,67
1,<environment.Job instance at 0x7feca4c2cbe0>,39,3,[14  1],40,81,84,41,67
1,<environment.Job instance at 0x7feca4c2cf50>,40,20,[4 6],41,84,104,43,75
1,<environment.Job instance at 0x7feca4c36d20>,41,2,[8 4],42,84,86,42,76
1,<environment.Job instance at 0x7feca4c36960>,42,2,[8 4],43,86,88,43,76
1,<environment.Job instance at 0x7feca4c36dc0>,43,14,[ 1 11],44,104,118,60,89
1,<environment.Job instance at 0x7feca4c36500>,45,16,[ 2 11],46,118,134,72,105
1,<environment.Job instance at 0x7feca4c36640>,47,1,[10  5],48,134,135,86,106
1,<environment.Job instance at 0x7feca4c36aa0>,48,2,[13  3],49,106,108,57,106
1,<environment.Job instance at 0x7feca4c36f00>,49,1,[5 1],50,108,109,58,106
1,<environment.Job instance at 0x7feca4c55230>,51,3,[6 4],52,109,112,57,106
1,<environment.Job instance at 0x7feca4c30230>,55,2,[6 3],56,112,114,56,111
1,<environment.Job instance at 0x7feca4c30af0>,57,3,[8 1],58,121,124,63,121
1,<environment.Job instance at 0x7feca4c30050>,58,20,[3 8],59,134,154,75,125
1,<environment.Job instance at 0x7feca4c305f0>,60,24,[10  4],61,136,160,75,136
1,<environment.Job instance at 0x7feca4c30eb0>,61,21,[4 7],62,154,175,92,146
1,<environment.Job instance at 0x7feca4c43550>,64,1,[ 2 11],65,175,176,110,152
1,<environment.Job instance at 0x7feca4c43d20>,65,2,[4 7],66,160,162,94,152
1,<environment.Job instance at 0x7feca4c433c0>,67,1,[2 6],68,162,163,94,152
1,<environment.Job instance at 0x7feca4c43b40>,68,3,[8 3],69,163,166,94,152
1,<environment.Job instance at 0x7feca4c43eb0>,69,19,[5 5],70,176,195,106,166
1,<environment.Job instance at 0x7feca4e41af0>,19,18,[ 5 10],20,178,196,158,178
1,<environment.Job instance at 0x7feca4c4f5a0>,75,12,[10  1],76,195,207,119,178
1,<environment.Job instance at 0x7feca4c4f0f0>,80,2,[5 1],81,209,211,128,209
1,<environment.Job instance at 0x7fecef543050>,1,18,[11  2],2,3,21,1,3
1,<environment.Job instance at 0x7feca4b5f910>,3,24,[ 5 11],4,21,45,17,16
1,<environment.Job instance at 0x7feca4b5f870>,6,18,[7 4],7,21,39,14,21
1,<environment.Job instance at 0x7feca4b58280>,10,13,[11  2],11,45,58,34,29
1,<environment.Job instance at 0x7feca4b58820>,13,1,[10  5],14,58,59,44,30
1,<environment.Job instance at 0x7feca4b580f0>,15,2,[8 3],16,39,41,23,32
1,<environment.Job instance at 0x7feca4b586e0>,16,3,[ 5 10],17,58,61,41,32
1,<environment.Job instance at 0x7feca4b58500>,17,16,[ 3 12],18,61,77,43,48
1,<environment.Job instance at 0x7feca4b58e10>,20,14,[10  1],21,59,73,38,51
1,<environment.Job instance at 0x7feca4b58f00>,21,3,[1 9],22,53,56,31,53
1,<environment.Job instance at 0x7feca4b5a0a0>,26,13,[8 2],27,75,88,48,75
1,<environment.Job instance at 0x7feca4b5a640>,28,12,[ 4 10],29,77,89,48,76
1,<environment.Job instance at 0x7feca4b5a870>,29,3,[10  5],30,88,91,58,76
1,<environment.Job instance at 0x7feca4b5a140>,30,16,[ 2 10],31,89,105,58,76
1,<environment.Job instance at 0x7feca4b5a7d0>,31,2,[1 6],32,105,107,73,78
1,<environment.Job instance at 0x7feca4b5a370>,33,2,[3 5],34,91,93,57,83
1,<environment.Job instance at 0x7feca4b5ae60>,35,18,[ 5 10],36,107,125,71,96
1,<environment.Job instance at 0x7feca4b5a500>,36,25,[6 3],37,96,121,59,96
1,<environment.Job instance at 0x7feca4b5a3c0>,40,2,[5 4],41,105,107,64,100
1,<environment.Job instance at 0x7fece8413af0>,44,1,[14  5],45,125,126,80,107
1,<environment.Job instance at 0x7fece89d5910>,2,12,[ 5 13],3,126,138,123,120
1,<environment.Job instance at 0x7feca4b5a960>,42,1,[6 3],43,121,122,78,121
1,<environment.Job instance at 0x7fece84135a0>,51,18,[10  5],52,138,156,86,128
1,<environment.Job instance at 0x7fece8413c30>,53,1,[12  4],54,156,157,102,129
1,<environment.Job instance at 0x7fecef221730>,56,3,[5 8],57,138,141,81,134
1,<environment.Job instance at 0x7fecef221c80>,57,20,[1 8],58,141,161,83,134
1,<environment.Job instance at 0x7fecef221690>,62,3,[5 9],63,161,164,98,135
1,<environment.Job instance at 0x7fecef221370>,63,16,[8 1],64,157,173,93,146
1,<environment.Job instance at 0x7feca4b5a820>,43,2,[14  3],44,173,175,129,161
1,<environment.Job instance at 0x7feceef83e10>,67,20,[5 7],68,175,195,107,166
1,<environment.Job instance at 0x7fecef221f00>,65,23,[8 4],66,175,198,109,171
1,<environment.Job instance at 0x7feca4b74730>,74,15,[11  1],75,198,213,123,184
1,<environment.Job instance at 0x7feca498e2d0>,78,3,[2 7],79,195,198,116,186
1,<environment.Job instance at 0x7feca498ed70>,81,20,[ 5 13],82,213,233,131,204
1,<environment.Job instance at 0x7feca498e870>,86,3,[6 1],87,213,216,126,208
1,<environment.Job instance at 0x7feca498e9b0>,87,1,[5 1],88,216,217,128,208
1,<environment.Job instance at 0x7feca498e960>,85,1,[6 4],86,233,234,147,209
1,<environment.Job instance at 0x7feca498ed20>,90,24,[7 2],91,217,241,126,213
1,<environment.Job instance at 0x7fece876dc80>,2,2,[1 7],3,3,5,0,3
1,<environment.Job instance at 0x7feceefbc050>,5,21,[9 3],6,6,27,0,6
1,<environment.Job instance at 0x7fece86b00a0>,8,2,[7 5],9,27,29,18,10
1,<environment.Job instance at 0x7fece86b0280>,9,14,[5 4],10,11,25,1,11
1,<environment.Job instance at 0x7fece86b0780>,14,17,[1 9],15,25,42,10,18
1,<environment.Job instance at 0x7fece84abe10>,15,2,[4 8],16,42,44,26,18
1,<environment.Job instance at 0x7fece86b0dc0>,11,1,[5 5],12,30,31,18,30
1,<environment.Job instance at 0x7fece84ab730>,17,2,[1 8],18,44,46,26,31
1,<environment.Job instance at 0x7fecef33d7d0>,20,3,[2 8],21,46,49,25,34
1,<environment.Job instance at 0x7fece8903e10>,7,25,[9 4],8,34,59,26,34
1,<environment.Job instance at 0x7fecef33d280>,23,1,[8 5],24,59,60,35,39
1,<environment.Job instance at 0x7feca4efa9b0>,25,3,[7 5],26,59,62,33,47
1,<environment.Job instance at 0x7fece843cdc0>,28,18,[5 3],29,60,78,31,55
1,<environment.Job instance at 0x7feceeddf410>,31,13,[10  4],32,66,79,34,66
1,<environment.Job instance at 0x7fecef875960>,33,24,[5 3],34,78,102,44,73
1,<environment.Job instance at 0x7fece8538320>,35,1,[5 9],36,79,80,43,75
1,<environment.Job instance at 0x7fece84ae780>,37,2,[11  4],38,102,104,64,78
1,<environment.Job instance at 0x7fece84ae2d0>,38,12,[9 3],39,80,92,41,80
1,<environment.Job instance at 0x7fece84ae7d0>,40,3,[8 3],41,92,95,51,81
1,<environment.Job instance at 0x7fece84aeeb0>,41,28,[9 4],42,104,132,62,103
1,<environment.Job instance at 0x7feceef2dfa0>,48,19,[ 3 11],49,110,129,61,110
1,<environment.Job instance at 0x7feceef2d6e0>,50,17,[10  1],51,132,149,81,121
1,<environment.Job instance at 0x7feceef2d4b0>,53,3,[8 2],54,149,152,95,128
1,<environment.Job instance at 0x7fece8945f50>,55,3,[5 3],56,144,147,88,144
1,<environment.Job instance at 0x7fece8945a50>,56,21,[5 5],57,147,168,90,144
1,<environment.Job instance at 0x7fece86f3f00>,57,3,[1 9],58,152,155,94,144
1,<environment.Job instance at 0x7fece89960a0>,59,15,[10  2],60,155,170,95,144
1,<environment.Job instance at 0x7feca492d690>,65,3,[10  4],66,170,173,104,169
1,<environment.Job instance at 0x7fece84dc460>,66,1,[ 4 10],67,169,170,102,169
1,<environment.Job instance at 0x7fece84dc280>,67,13,[14  4],68,173,186,105,169
1,<environment.Job instance at 0x7fece841ce60>,73,17,[9 1],74,192,209,118,192
1,<environment.Job instance at 0x7fece8687550>,74,22,[4 9],75,192,214,117,192
1,<environment.Job instance at 0x7fece841c7d0>,75,1,[1 9],76,214,215,138,192
1,<environment.Job instance at 0x7fece85043c0>,76,21,[5 5],77,209,230,132,201
1,<environment.Job instance at 0x7feceedec820>,77,1,[10  4],78,215,216,137,201
1,<environment.Job instance at 0x7fece8613be0>,81,3,[8 5],82,216,219,134,206
1,<environment.Job instance at 0x7fece8941500>,82,12,[ 1 10],83,219,231,136,206
1,<environment.Job instance at 0x7fece845d370>,83,2,[13  2],84,230,232,146,206
1,<environment.Job instance at 0x7fece845d0a0>,84,15,[10  2],85,232,247,147,219
1,<environment.Job instance at 0x7fece86b0e10>,3,24,[10  2],4,4,28,0,4
1,<environment.Job instance at 0x7fece866f690>,4,2,[3 6],5,9,11,4,9
1,<environment.Job instance at 0x7fece845d0a0>,2,1,[1 8],3,12,13,9,12
1,<environment.Job instance at 0x7feceefd32d0>,9,3,[10  1],10,28,31,18,16
1,<environment.Job instance at 0x7fece884c870>,14,3,[9 3],15,31,34,16,16
1,<environment.Job instance at 0x7feca4e3e690>,1,24,[14  3],2,34,58,32,29
1,<environment.Job instance at 0x7feca474adc0>,20,13,[12  1],21,58,71,37,42
1,<environment.Job instance at 0x7feca474ae60>,21,16,[ 5 11],22,71,87,49,63
1,<environment.Job instance at 0x7feca4759280>,26,1,[12  2],27,87,88,60,65
1,<environment.Job instance at 0x7feca47597d0>,31,2,[ 5 10],32,88,90,56,74
1,<environment.Job instance at 0x7feca4759910>,33,3,[6 2],34,81,84,47,81
1,<environment.Job instance at 0x7feca47599b0>,34,1,[7 4],35,84,85,49,81
1,<environment.Job instance at 0x7feca4759a50>,35,3,[9 2],36,88,91,52,81
1,<environment.Job instance at 0x7feca4759af0>,36,25,[7 3],37,91,116,54,87
1,<environment.Job instance at 0x7feca4759c30>,38,3,[10  4],39,116,119,77,90
1,<environment.Job instance at 0x7feca47591e0>,25,27,[4 5],26,90,117,64,90
1,<environment.Job instance at 0x7fece888e0f0>,12,3,[10  4],13,119,122,106,93
1,<environment.Job instance at 0x7feca47342d0>,48,21,[5 1],49,117,138,68,115
1,<environment.Job instance at 0x7feca4734370>,49,2,[8 2],50,122,124,72,115
1,<environment.Job instance at 0x7feca47344b0>,51,2,[6 1],52,124,126,72,115
1,<environment.Job instance at 0x7feca47345f0>,53,1,[7 3],54,127,128,73,127
1,<environment.Job instance at 0x7feca4734690>,54,2,[2 5],55,127,129,72,127
1,<environment.Job instance at 0x7feca4734870>,57,3,[ 1 10],58,140,143,82,140
1,<environment.Job instance at 0x7feca4734960>,58,2,[5 7],59,143,145,84,140
1,<environment.Job instance at 0x7feca4734a50>,59,20,[5 9],60,145,165,85,140
1,<environment.Job instance at 0x7feca47341e0>,46,16,[9 2],47,142,158,95,142
1,<environment.Job instance at 0x7feca4734c30>,63,3,[6 3],64,158,161,94,157
1,<environment.Job instance at 0x7feca4734e60>,64,2,[10  4],65,161,163,96,157
1,<environment.Job instance at 0x7feca4734f50>,65,3,[1 9],66,165,168,99,157
1,<environment.Job instance at 0x7feca4734e10>,67,3,[1 6],68,163,166,95,157
1,<environment.Job instance at 0x7feca47453c0>,69,2,[6 1],70,166,168,96,158
1,<environment.Job instance at 0x7feca4745500>,70,2,[6 1],71,166,168,95,158
1,<environment.Job instance at 0x7feca4745410>,71,3,[7 4],72,168,171,96,158
1,<environment.Job instance at 0x7feca4745910>,74,1,[13  5],75,175,176,100,175
1,<environment.Job instance at 0x7feca4745960>,75,13,[9 1],76,176,189,100,175
1,<environment.Job instance at 0x7feca4745a00>,76,1,[5 7],77,176,177,99,175
1,<environment.Job instance at 0x7feca4745b40>,78,14,[ 1 10],79,180,194,101,180
1,<environment.Job instance at 0x7feca4745be0>,79,3,[ 3 10],80,194,197,114,180
1,<environment.Job instance at 0x7feca4745c80>,80,25,[5 3],81,180,205,99,180
1,<environment.Job instance at 0x7feca4745cd0>,81,16,[11  2],82,205,221,123,192
1,<environment.Job instance at 0x7feca4745dc0>,82,2,[3 7],83,197,199,114,192
1,<environment.Job instance at 0x7feca47458c0>,85,2,[8 1],86,199,201,113,193
1,<environment.Job instance at 0x7feca4734050>,43,14,[ 4 10],44,201,215,157,200
1,<environment.Job instance at 0x7feca47401e0>,89,28,[3 9],90,215,243,125,214
1,<environment.Job instance at 0x7fece888e820>,0,2,[14  4],1,1,3,0,1
1,<environment.Job instance at 0x7feca4740370>,1,27,[8 5],2,3,30,1,2
1,<environment.Job instance at 0x7fece8941140>,6,3,[8 2],7,30,33,23,8
1,<environment.Job instance at 0x7feceef2d5a0>,5,14,[1 7],6,8,22,2,8
1,<environment.Job instance at 0x7feceef2d640>,4,16,[11  4],5,33,49,28,21
1,<environment.Job instance at 0x7fecef009500>,11,14,[ 2 12],12,49,63,37,34
1,<environment.Job instance at 0x7fecef009870>,13,26,[7 1],14,49,75,35,46
1,<environment.Job instance at 0x7fecef0091e0>,16,1,[7 3],17,63,64,46,46
1,<environment.Job instance at 0x7fece85277d0>,19,1,[7 1],20,64,65,44,46
1,<environment.Job instance at 0x7fece8527e10>,20,3,[5 1],21,49,52,28,46
1,<environment.Job instance at 0x7fece8527b40>,21,2,[3 8],22,46,48,24,46
1,<environment.Job instance at 0x7fece85c15a0>,25,3,[6 4],26,70,73,44,70
1,<environment.Job instance at 0x7fece887e780>,26,13,[1 6],27,71,84,44,71
1,<environment.Job instance at 0x7fece85c1c30>,27,3,[1 8],28,73,76,45,71
1,<environment.Job instance at 0x7feca4be38c0>,28,3,[3 6],29,76,79,47,71
1,<environment.Job instance at 0x7feca4ea26e0>,31,3,[10  1],32,78,81,46,78
1,<environment.Job instance at 0x7fecef246dc0>,32,18,[1 9],33,81,99,48,78
1,<environment.Job instance at 0x7fece8684fa0>,33,2,[2 6],34,79,81,45,78
1,<environment.Job instance at 0x7feca47bf320>,34,18,[7 1],35,84,102,49,78
1,<environment.Job instance at 0x7fece84d8e10>,39,25,[3 6],40,99,124,59,95
1,<environment.Job instance at 0x7fece89c5f00>,42,3,[2 8],43,106,109,63,106
1,<environment.Job instance at 0x7feceefa8370>,43,17,[13  5],44,124,141,80,112
1,<environment.Job instance at 0x7fece84d8140>,46,16,[1 5],47,123,139,76,123
1,<environment.Job instance at 0x7feca49f01e0>,47,2,[5 2],48,141,143,93,123
1,<environment.Job instance at 0x7fece85869b0>,49,19,[2 5],50,139,158,89,129
1,<environment.Job instance at 0x7feca4e9f500>,50,1,[2 5],51,141,142,90,129
1,<environment.Job instance at 0x7feca4e9fb90>,52,3,[4 6],53,142,145,89,129
1,<environment.Job instance at 0x7fece82fd5f0>,53,1,[5 5],54,145,146,91,129
1,<environment.Job instance at 0x7fecef2d7550>,54,18,[ 4 10],55,146,164,91,137
1,<environment.Job instance at 0x7fece82fde10>,55,2,[ 3 11],56,164,166,108,137
1,<environment.Job instance at 0x7fece82fd0f0>,57,1,[10  3],58,158,159,100,139
1,<environment.Job instance at 0x7fecef1f65a0>,60,3,[8 1],61,159,162,98,144
1,<environment.Job instance at 0x7feceee6e230>,62,3,[ 4 11],63,166,169,103,151
1,<environment.Job instance at 0x7feceee6e640>,63,18,[9 2],64,162,180,98,159
1,<environment.Job instance at 0x7feceee6e2d0>,65,2,[9 1],66,180,182,114,159
1,<environment.Job instance at 0x7fecef0ad500>,67,3,[5 2],68,174,177,106,174
1,<environment.Job instance at 0x7fecef0ad2d0>,68,24,[5 6],69,177,201,108,174
1,<environment.Job instance at 0x7fece86d2140>,69,2,[1 7],70,175,177,105,175
1,<environment.Job instance at 0x7fece88cb410>,70,3,[ 3 12],71,201,204,130,175
1,<environment.Job instance at 0x7fece88cb050>,72,14,[14  5],73,204,218,131,189
1,<environment.Job instance at 0x7feca4939550>,75,1,[4 9],76,200,201,124,200
1,<environment.Job instance at 0x7feca4939410>,77,2,[9 4],78,218,220,140,204
1,<environment.Job instance at 0x7feca4939be0>,79,13,[10  4],80,220,233,140,207
1,<environment.Job instance at 0x7feca4939050>,78,12,[10  3],79,233,245,154,216
1,<environment.Job instance at 0x7feca4939e60>,81,1,[ 3 10],82,218,219,136,216
1,<environment.Job instance at 0x7fecef238a50>,84,2,[1 9],85,219,221,134,217
1,<environment.Job instance at 0x7feca4a75b40>,7,27,[8 5],8,12,39,4,12
1,<environment.Job instance at 0x7feca4a75780>,9,3,[ 1 12],10,39,42,29,16
1,<environment.Job instance at 0x7feca4e96dc0>,12,1,[1 8],13,16,17,3,16
1,<environment.Job instance at 0x7fece83cd5a0>,4,19,[ 5 10],5,17,36,12,16
1,<environment.Job instance at 0x7feca4a75500>,11,1,[2 7],12,36,37,24,16
1,<environment.Job instance at 0x7fecef2eeeb0>,13,17,[13  3],14,39,56,25,29
1,<environment.Job instance at 0x7feca4acc9b0>,20,20,[8 5],21,56,76,35,47
1,<environment.Job instance at 0x7fece8a79be0>,23,2,[6 2],24,56,58,32,47
1,<environment.Job instance at 0x7fece83aa5a0>,25,25,[4 5],26,58,83,32,54
1,<environment.Job instance at 0x7feca4e2f690>,28,1,[ 4 14],29,83,84,54,55
1,<environment.Job instance at 0x7fece8a0ecd0>,29,1,[5 6],30,76,77,46,55
1,<environment.Job instance at 0x7feca46522d0>,14,3,[13  1],15,84,87,69,59
1,<environment.Job instance at 0x7feca4c575a0>,34,2,[3 9],35,77,79,42,75
1,<environment.Job instance at 0x7feca4b41e60>,35,1,[1 7],36,79,80,43,75
1,<environment.Job instance at 0x7feca4c57370>,36,2,[5 3],37,79,81,42,75
1,<environment.Job instance at 0x7feca4b41b90>,37,1,[4 7],38,80,81,42,75
1,<environment.Job instance at 0x7fece89b2a00>,39,2,[4 8],40,81,83,41,75
1,<environment.Job instance at 0x7fece89b2c30>,40,2,[13  2],41,87,89,46,75
1,<environment.Job instance at 0x7fece89b2050>,42,18,[4 8],43,89,107,46,78
1,<environment.Job instance at 0x7feca4a4a0a0>,44,1,[12  5],45,107,108,62,79
1,<environment.Job instance at 0x7feca4a4a3c0>,47,26,[ 3 10],48,107,133,59,104
1,<environment.Job instance at 0x7feca4a4acd0>,51,3,[12  2],52,108,111,56,104
1,<environment.Job instance at 0x7feca4a4ac80>,52,1,[2 6],53,104,105,51,104
1,<environment.Job instance at 0x7feca4a4ad70>,53,3,[6 1],54,111,114,57,105
1,<environment.Job instance at 0x7feceef09e60>,55,3,[8 1],56,114,117,58,106
1,<environment.Job instance at 0x7feceef09910>,56,2,[5 9],57,133,135,76,106
1,<environment.Job instance at 0x7feceef09b40>,59,2,[10  1],60,117,119,57,108
1,<environment.Job instance at 0x7fece89d2b40>,62,1,[7 4],63,119,120,56,108
1,<environment.Job instance at 0x7fece882b410>,64,3,[14  3],65,135,138,70,110
1,<environment.Job instance at 0x7fecef4cde60>,67,3,[6 5],68,126,129,58,126
1,<environment.Job instance at 0x7fecef4cdd20>,68,1,[2 8],69,138,139,69,126
1,<environment.Job instance at 0x7fecef4cde10>,69,2,[6 3],70,129,131,59,126
1,<environment.Job instance at 0x7fece863b6e0>,71,1,[5 3],72,131,132,59,127
1,<environment.Job instance at 0x7fece863b7d0>,73,3,[7 1],74,144,147,70,144
1,<environment.Job instance at 0x7fece863b230>,75,3,[ 1 10],76,152,155,76,152
1,<environment.Job instance at 0x7feca487b7d0>,76,1,[11  3],77,152,153,75,152
1,<environment.Job instance at 0x7feca487b960>,77,1,[8 4],78,153,154,75,152
1,<environment.Job instance at 0x7feceefacf50>,79,2,[3 9],80,156,158,76,156
1,<environment.Job instance at 0x7feca4bbba00>,82,2,[8 5],83,173,175,90,173
1,<environment.Job instance at 0x7feca4bbb190>,83,14,[14  1],84,175,189,91,173
1,<environment.Job instance at 0x7feca4bf65f0>,84,2,[8 5],85,189,191,104,173
1,<environment.Job instance at 0x7fece83c6d70>,85,3,[10  5],86,191,194,105,173
1,<environment.Job instance at 0x7fece8a11b40>,91,3,[6 5],92,204,207,112,204
1,<environment.Job instance at 0x7fece8a114b0>,92,17,[ 5 14],93,207,224,114,204
1,<environment.Job instance at 0x7fece8a11c30>,93,3,[4 7],94,204,207,110,204
1,<environment.Job instance at 0x7fece8a11050>,94,13,[10  1],95,207,220,112,205
1,<environment.Job instance at 0x7fece837a460>,1,23,[1 8],2,2,25,0,2
1,<environment.Job instance at 0x7fece85c8b90>,8,1,[10  1],9,9,10,0,9
1,<environment.Job instance at 0x7fece85868c0>,9,3,[3 5],10,10,13,0,10
1,<environment.Job instance at 0x7feca4efea50>,10,3,[ 2 10],11,25,28,14,11
1,<environment.Job instance at 0x7fecef2d7410>,14,2,[1 5],15,15,17,0,15
1,<environment.Job instance at 0x7fece89b2640>,15,3,[9 4],16,17,20,1,16
1,<environment.Job instance at 0x7fece836a9b0>,16,25,[8 1],17,20,45,3,17
1,<environment.Job instance at 0x7fece836a0a0>,17,18,[ 1 10],18,28,46,10,24
1,<environment.Job instance at 0x7fece836a7d0>,20,2,[3 9],21,46,48,25,24
1,<environment.Job instance at 0x7feceeed35a0>,24,28,[7 4],25,45,73,20,44
1,<environment.Job instance at 0x7feceeed3280>,25,20,[7 2],26,48,68,22,44
1,<environment.Job instance at 0x7feceeed35f0>,28,2,[7 1],29,68,70,39,44
1,<environment.Job instance at 0x7feceeed3960>,32,3,[8 4],33,70,73,37,59
1,<environment.Job instance at 0x7feceeed3a50>,34,19,[1 8],35,73,92,38,65
1,<environment.Job instance at 0x7feceeed3af0>,35,3,[9 3],36,73,76,37,65
1,<environment.Job instance at 0x7feceeed3c30>,37,3,[6 1],38,76,79,38,76
1,<environment.Job instance at 0x7feceeed3d70>,39,3,[5 3],40,77,80,37,77
1,<environment.Job instance at 0x7feceeed3eb0>,41,3,[10  1],42,92,95,50,92
1,<environment.Job instance at 0x7feceeef0050>,43,20,[4 5],44,97,117,53,97
1,<environment.Job instance at 0x7feceeef0410>,44,2,[6 5],45,97,99,52,97
1,<environment.Job instance at 0x7feceeef0370>,45,20,[5 5],46,97,117,51,97
1,<environment.Job instance at 0x7feceeef03c0>,47,13,[14  1],48,117,130,69,107
1,<environment.Job instance at 0x7feceeef0230>,54,2,[5 2],55,138,140,83,138
1,<environment.Job instance at 0x7feceeef0aa0>,55,3,[5 2],56,138,141,82,138
1,<environment.Job instance at 0x7feceeef0b40>,56,2,[14  1],57,141,143,84,138
1,<environment.Job instance at 0x7feceeef0be0>,57,2,[5 5],58,138,140,80,138
1,<environment.Job instance at 0x7feceeef0f00>,60,3,[7 3],61,148,151,87,148
1,<environment.Job instance at 0x7feceeef0fa0>,61,25,[1 6],62,148,173,86,148
1,<environment.Job instance at 0x7feceeef0960>,62,12,[12  2],63,151,163,88,148
1,<environment.Job instance at 0x7feceeedf140>,63,26,[10  4],64,163,189,99,160
1,<environment.Job instance at 0x7feceeedf410>,65,24,[4 7],66,173,197,107,168
1,<environment.Job instance at 0x7feceeedf460>,68,2,[3 8],69,189,191,120,172
1,<environment.Job instance at 0x7feceeedf5f0>,70,12,[10  4],71,191,203,120,182
1,<environment.Job instance at 0x7feceeedf730>,72,1,[3 6],73,197,198,124,185
1,<environment.Job instance at 0x7feceeedf7d0>,73,2,[5 5],74,198,200,124,185
1,<environment.Job instance at 0x7feceeedf870>,74,13,[ 5 11],75,200,213,125,193
1,<environment.Job instance at 0x7feceeedfc30>,77,28,[7 2],78,203,231,125,202
1,<environment.Job instance at 0x7feceeedfbe0>,79,27,[ 3 10],80,213,240,133,211
1,<environment.Job instance at 0x7feceeedfe10>,1,21,[1 7],2,2,23,0,2
1,<environment.Job instance at 0x7feca4efe640>,2,1,[ 4 11],3,23,24,20,3
1,<environment.Job instance at 0x7fece8a12dc0>,4,3,[ 3 10],5,24,27,19,5
1,<environment.Job instance at 0x7feca4b3d870>,7,1,[7 1],8,8,9,0,8
1,<environment.Job instance at 0x7feca4b3db90>,8,1,[1 5],9,9,10,0,9
1,<environment.Job instance at 0x7feca4b3d140>,16,3,[3 9],17,27,30,10,21
1,<environment.Job instance at 0x7feca4b3d5a0>,17,13,[ 5 10],18,30,43,12,24
1,<environment.Job instance at 0x7feca4b41e60>,19,3,[9 3],20,24,27,4,24
1,<environment.Job instance at 0x7feca4b410a0>,20,25,[6 2],21,27,52,6,24
1,<environment.Job instance at 0x7feca4b416e0>,21,2,[5 2],22,27,29,5,24
1,<environment.Job instance at 0x7feca4b413c0>,22,3,[14  1],23,52,55,29,26
1,<environment.Job instance at 0x7feca4b41280>,23,1,[ 4 12],24,43,44,19,26
1,<environment.Job instance at 0x7fece8999910>,24,21,[5 2],25,55,76,30,47
1,<environment.Job instance at 0x7fece89999b0>,25,1,[3 5],26,47,48,21,47
1,<environment.Job instance at 0x7fece8999a50>,28,3,[7 1],29,48,51,19,47
1,<environment.Job instance at 0x7fece8a125f0>,12,18,[1 5],13,53,71,40,53
1,<environment.Job instance at 0x7feca4b3d730>,13,15,[2 8],14,55,70,41,53
1,<environment.Job instance at 0x7fece89991e0>,33,3,[1 8],34,70,73,36,54
1,<environment.Job instance at 0x7fece8999aa0>,31,18,[14  2],32,76,94,44,65
1,<environment.Job instance at 0x7fece89995a0>,32,14,[10  5],33,94,108,61,86
1,<environment.Job instance at 0x7fece8999780>,35,15,[12  5],36,108,123,72,100
1,<environment.Job instance at 0x7fece89f9eb0>,41,3,[9 2],42,123,126,81,100
1,<environment.Job instance at 0x7fece89f92d0>,42,1,[5 5],43,100,101,57,100
1,<environment.Job instance at 0x7fece89f99b0>,46,2,[6 5],47,123,125,76,100
1,<environment.Job instance at 0x7fece89f9370>,47,2,[9 5],48,126,128,78,100
1,<environment.Job instance at 0x7fece89f9280>,49,1,[1 5],50,107,108,57,107
1,<environment.Job instance at 0x7feca4c43500>,53,2,[2 7],54,125,127,71,122
1,<environment.Job instance at 0x7feca4c43870>,54,1,[1 7],55,122,123,67,122
1,<environment.Job instance at 0x7feca4c43460>,55,3,[3 6],56,127,130,71,122
1,<environment.Job instance at 0x7feca4c43d70>,56,18,[4 9],57,128,146,71,123
1,<environment.Job instance at 0x7feca4c43dc0>,58,2,[7 3],59,131,133,72,131
1,<environment.Job instance at 0x7feca4c43320>,59,13,[9 3],60,133,146,73,132
1,<environment.Job instance at 0x7feca4c43c30>,61,3,[5 2],62,146,149,84,133
1,<environment.Job instance at 0x7feca4c430f0>,63,18,[ 5 13],64,146,164,82,138
1,<environment.Job instance at 0x7feca4c43820>,65,1,[3 8],66,164,165,98,138
1,<environment.Job instance at 0x7fece8999500>,39,12,[10  1],40,149,161,109,143
1,<environment.Job instance at 0x7feca4c530a0>,72,2,[6 4],73,164,166,91,155
1,<environment.Job instance at 0x7feca4c53230>,73,1,[5 3],74,164,165,90,155
1,<environment.Job instance at 0x7feca4c53b90>,75,1,[5 1],76,173,174,97,173
1,<environment.Job instance at 0x7feca46ed870>,78,3,[6 1],79,184,187,105,184
1,<environment.Job instance at 0x7feca46ed960>,80,1,[9 3],81,184,185,103,184
1,<environment.Job instance at 0x7feca46eda00>,81,1,[2 5],82,185,186,103,184
1,<environment.Job instance at 0x7feca46ed500>,84,2,[7 3],85,185,187,100,185
1,<environment.Job instance at 0x7feca46eda50>,85,18,[4 9],86,187,205,101,187
1,<environment.Job instance at 0x7feca46ed460>,87,1,[8 1],88,188,189,100,188
1,<environment.Job instance at 0x7feca47ffd70>,89,3,[9 5],90,202,205,112,202
1,<environment.Job instance at 0x7feca47ff500>,90,2,[8 4],91,205,207,114,202
1,<environment.Job instance at 0x7feca47ff780>,91,1,[3 9],92,205,206,113,202
1,<environment.Job instance at 0x7feca47ffa00>,92,1,[2 9],93,206,207,113,202
1,<environment.Job instance at 0x7feca47ff910>,93,18,[6 1],94,207,225,113,204
1,<environment.Job instance at 0x7feca4cc3d70>,7,20,[5 3],8,8,28,0,8
1,<environment.Job instance at 0x7feca4d85550>,8,3,[9 1],9,9,12,0,9
1,<environment.Job instance at 0x7feca4b3df50>,4,14,[ 4 10],5,12,26,7,11
1,<environment.Job instance at 0x7fece83c19b0>,11,16,[ 2 10],12,26,42,14,24
1,<environment.Job instance at 0x7fece87ad780>,16,17,[13  4],17,32,49,15,32
1,<environment.Job instance at 0x7fece87ad050>,19,17,[ 1 11],20,42,59,22,32
1,<environment.Job instance at 0x7fece87ad320>,23,1,[6 3],24,49,50,25,39
1,<environment.Job instance at 0x7fece87adc30>,24,17,[12  2],25,50,67,25,41
1,<environment.Job instance at 0x7fece86cf410>,27,3,[6 1],28,67,70,39,53
1,<environment.Job instance at 0x7fece86cf3c0>,28,1,[1 6],29,59,60,30,53
1,<environment.Job instance at 0x7fece86cf730>,29,13,[ 1 10],30,60,73,30,55
1,<environment.Job instance at 0x7fece86cf820>,30,1,[9 2],31,70,71,39,55
1,<environment.Job instance at 0x7fece86cf5f0>,31,2,[1 9],32,73,75,41,55
1,<environment.Job instance at 0x7fece86cf9b0>,32,1,[ 1 11],33,75,76,42,55
1,<environment.Job instance at 0x7fece86cf910>,33,3,[9 3],34,71,74,37,55
1,<environment.Job instance at 0x7fece86cfd70>,34,12,[ 3 12],35,76,88,41,59
1,<environment.Job instance at 0x7fece87adb90>,17,3,[5 6],18,88,91,70,75
1,<environment.Job instance at 0x7fece86cf230>,35,17,[14  3],36,91,108,55,79
1,<environment.Job instance at 0x7fece86cfeb0>,40,2,[1 7],41,88,90,47,79
1,<environment.Job instance at 0x7fece86cfcd0>,42,24,[7 2],43,108,132,65,103
1,<environment.Job instance at 0x7fecef9987d0>,43,18,[1 7],44,103,121,59,103
1,<environment.Job instance at 0x7fecef998c30>,44,27,[5 1],45,108,135,63,106
1,<environment.Job instance at 0x7fecef998780>,45,1,[ 5 12],46,132,133,86,106
1,<environment.Job instance at 0x7fecef9985a0>,47,2,[7 5],48,133,135,85,107
1,<environment.Job instance at 0x7fecef998910>,48,3,[13  2],49,135,138,86,109
1,<environment.Job instance at 0x7fecef998870>,50,1,[9 5],51,138,139,87,110
1,<environment.Job instance at 0x7fecef9984b0>,52,2,[7 3],53,139,141,86,112
1,<environment.Job instance at 0x7fecef998550>,53,2,[8 4],54,139,141,85,112
1,<environment.Job instance at 0x7feca475dfa0>,57,18,[3 8],58,141,159,83,130
1,<environment.Job instance at 0x7feca475d370>,60,3,[13  5],61,159,162,98,138
1,<environment.Job instance at 0x7feca475daf0>,61,3,[6 4],62,141,144,79,138
1,<environment.Job instance at 0x7feca475d8c0>,64,1,[8 2],65,151,152,86,151
1,<environment.Job instance at 0x7feca475dc30>,65,3,[14  3],66,162,165,96,151
1,<environment.Job instance at 0x7feca475deb0>,67,18,[2 8],68,165,183,97,154
1,<environment.Job instance at 0x7feceef71b90>,68,3,[ 2 10],69,159,162,90,154
1,<environment.Job instance at 0x7feceef71c80>,69,1,[8 3],70,154,155,84,154
1,<environment.Job instance at 0x7feceef71960>,70,3,[8 1],71,155,158,84,154
1,<environment.Job instance at 0x7feceef710f0>,73,12,[10  2],74,177,189,103,177
1,<environment.Job instance at 0x7feceef71e60>,74,1,[10  2],75,189,190,114,177
1,<environment.Job instance at 0x7feceef713c0>,75,27,[1 5],76,177,204,101,177
1,<environment.Job instance at 0x7feceef71640>,76,18,[ 2 10],77,190,208,113,180
1,<environment.Job instance at 0x7feceef71a00>,78,1,[4 7],79,183,184,104,181
1,<environment.Job instance at 0x7feceef710a0>,79,3,[13  3],80,204,207,124,181
1,<environment.Job instance at 0x7feceeddf820>,84,3,[5 1],85,209,212,124,209
1,<environment.Job instance at 0x7feceeddf500>,86,1,[10  1],87,214,215,127,214
1,<environment.Job instance at 0x7fece8997870>,0,15,[ 1 11],1,1,16,0,1
1,<environment.Job instance at 0x7feceeddff50>,1,2,[11  4],2,3,5,1,3
1,<environment.Job instance at 0x7fece83c1370>,4,2,[4 5],5,16,18,11,5
1,<environment.Job instance at 0x7fece85ffa50>,10,2,[3 9],11,16,18,5,11
1,<environment.Job instance at 0x7feca4e93fa0>,11,1,[6 4],12,12,13,0,12
1,<environment.Job instance at 0x7feca4b74460>,17,3,[1 5],18,22,25,4,22
1,<environment.Job instance at 0x7feceef0eaf0>,8,15,[3 5],9,32,47,23,32
1,<environment.Job instance at 0x7fece871de60>,19,12,[7 4],20,37,49,17,37
1,<environment.Job instance at 0x7feca491bd20>,22,14,[5 3],23,38,52,15,38
1,<environment.Job instance at 0x7feceeddf500>,2,3,[14  5],3,52,55,49,38
1,<environment.Job instance at 0x7feca48ee870>,26,26,[5 7],27,55,81,28,52
1,<environment.Job instance at 0x7feca48ee0a0>,24,1,[6 3],25,55,56,30,52
1,<environment.Job instance at 0x7feca48ee8c0>,33,3,[8 1],34,61,64,27,61
1,<environment.Job instance at 0x7feca48f0230>,35,3,[4 7],36,64,67,28,61
1,<environment.Job instance at 0x7feca491e140>,36,3,[ 4 11],37,81,84,44,61
1,<environment.Job instance at 0x7feca490ec80>,39,20,[3 9],40,84,104,44,75
1,<environment.Job instance at 0x7fece87fcbe0>,41,23,[8 4],42,89,112,47,89
1,<environment.Job instance at 0x7feca48e8640>,44,3,[11  3],45,112,115,67,93
1,<environment.Job instance at 0x7fece8663780>,46,2,[ 2 12],47,112,114,65,99
1,<environment.Job instance at 0x7feceedd13c0>,49,1,[5 4],50,108,109,58,108
1,<environment.Job instance at 0x7fece88a84b0>,52,2,[6 2],53,109,111,56,108
1,<environment.Job instance at 0x7fecef2a0a50>,54,3,[ 3 10],55,114,117,59,108
1,<environment.Job instance at 0x7fece88a8b90>,55,27,[6 2],56,115,142,59,113
1,<environment.Job instance at 0x7fecef2c2e60>,53,16,[1 9],54,117,133,63,116
1,<environment.Job instance at 0x7feceee059b0>,58,3,[ 3 12],59,133,136,74,121
1,<environment.Job instance at 0x7feceeea11e0>,64,3,[8 2],65,139,142,74,139
1,<environment.Job instance at 0x7fecef2cf4b0>,67,3,[6 1],68,151,154,83,151
1,<environment.Job instance at 0x7fecef2cf5f0>,71,18,[1 7],72,172,190,100,172
1,<environment.Job instance at 0x7fece896de10>,72,3,[1 9],73,190,193,117,172
1,<environment.Job instance at 0x7fecef2cfb40>,73,1,[6 2],74,172,173,98,172
1,<environment.Job instance at 0x7fece896d640>,74,2,[1 8],75,173,175,98,172
1,<environment.Job instance at 0x7fece896d0f0>,75,1,[ 4 14],76,193,194,117,172
1,<environment.Job instance at 0x7fece896daf0>,76,3,[6 5],77,175,178,98,172
1,<environment.Job instance at 0x7fece88cb690>,77,3,[1 9],78,194,197,116,172
1,<environment.Job instance at 0x7fece88cbf50>,78,2,[2 7],79,178,180,99,172
1,<environment.Job instance at 0x7fece863ca50>,79,2,[5 3],80,175,177,95,172
1,<environment.Job instance at 0x7fece863c500>,80,1,[3 7],81,180,181,99,172
1,<environment.Job instance at 0x7feceef774b0>,81,1,[4 6],82,172,173,90,172
1,<environment.Job instance at 0x7feceef77d20>,83,2,[2 7],84,182,184,98,182
1,<environment.Job instance at 0x7feceef775f0>,84,18,[7 1],85,183,201,98,183
1,<environment.Job instance at 0x7feceef77050>,85,2,[10  4],86,201,203,115,183
1,<environment.Job instance at 0x7feca491b9b0>,25,15,[10  4],26,203,218,177,191
1,<environment.Job instance at 0x7fece871df00>,20,18,[5 6],21,197,215,176,195
1,<environment.Job instance at 0x7feceef77960>,86,14,[ 5 11],87,215,229,128,211
1,<environment.Job instance at 0x7feceef620f0>,91,1,[ 5 10],92,229,230,137,211
1,<environment.Job instance at 0x7feca4c2ce60>,0,12,[ 3 11],1,5,17,4,5
1,<environment.Job instance at 0x7feca4efe7d0>,7,14,[9 1],8,8,22,0,8
1,<environment.Job instance at 0x7fece8635690>,2,2,[3 8],3,17,19,14,10
1,<environment.Job instance at 0x7fece8945320>,5,2,[1 7],6,19,21,13,12
1,<environment.Job instance at 0x7feca468a0f0>,13,3,[ 3 10],14,21,24,7,14
1,<environment.Job instance at 0x7fece86c70f0>,14,19,[6 5],15,22,41,7,15
1,<environment.Job instance at 0x7fecef3d3a00>,16,3,[5 6],17,24,27,7,23
1,<environment.Job instance at 0x7feca4a2f0f0>,18,1,[7 4],19,27,28,8,23
1,<environment.Job instance at 0x7fece86c7af0>,19,3,[ 1 10],20,28,31,8,23
1,<environment.Job instance at 0x7feca475c730>,20,20,[7 1],21,31,51,10,23
1,<environment.Job instance at 0x7feca474d870>,21,1,[12  2],22,51,52,29,23
1,<environment.Job instance at 0x7feca474d140>,22,1,[9 3],23,52,53,29,24
1,<environment.Job instance at 0x7feceef71af0>,27,3,[6 5],28,41,44,13,34
1,<environment.Job instance at 0x7fecef14a230>,30,3,[2 6],31,42,45,11,42
1,<environment.Job instance at 0x7feca4ce3460>,31,17,[ 3 10],32,45,62,13,43
1,<environment.Job instance at 0x7fece84bfb40>,33,2,[7 2],34,53,55,19,46
1,<environment.Job instance at 0x7feca4751690>,36,3,[5 2],37,65,68,28,65
1,<environment.Job instance at 0x7fecef24f5f0>,37,1,[10  1],38,65,66,27,65
1,<environment.Job instance at 0x7feceefcddc0>,38,3,[2 5],39,66,69,27,65
1,<environment.Job instance at 0x7feceefcda50>,39,1,[3 8],40,66,67,26,65
1,<environment.Job instance at 0x7feceefcd3c0>,40,23,[ 1 12],41,69,92,28,65
1,<environment.Job instance at 0x7feceefcd460>,42,28,[1 7],43,92,120,49,91
1,<environment.Job instance at 0x7feceefcd870>,45,26,[ 4 10],46,120,146,74,117
1,<environment.Job instance at 0x7feca48d1fa0>,49,22,[12  5],50,146,168,96,139
1,<environment.Job instance at 0x7feca48d14b0>,50,2,[ 4 10],51,168,170,117,141
1,<environment.Job instance at 0x7feca48d1f50>,53,1,[1 7],54,146,147,92,143
1,<environment.Job instance at 0x7feca48d1af0>,54,27,[3 7],55,170,197,115,168
1,<environment.Job instance at 0x7feca48d1960>,56,15,[9 4],57,170,185,113,170
1,<environment.Job instance at 0x7feca4ea21e0>,58,1,[7 1],59,185,186,126,171
1,<environment.Job instance at 0x7feca4ea2280>,60,1,[2 9],61,197,198,136,171
1,<environment.Job instance at 0x7feca4ea2d70>,57,17,[8 2],58,186,203,128,178
1,<environment.Job instance at 0x7fece8489a50>,66,12,[1 9],67,198,210,131,188
1,<environment.Job instance at 0x7fece84891e0>,67,2,[10  4],68,203,205,135,188
1,<environment.Job instance at 0x7feca4e42cd0>,68,19,[5 8],69,210,229,141,200
1,<environment.Job instance at 0x7feca4e42370>,69,12,[10  3],70,205,217,135,200
1,<environment.Job instance at 0x7feceedf0eb0>,71,2,[8 5],72,217,219,145,200
1,<environment.Job instance at 0x7feceedf00f0>,73,16,[1 8],74,229,245,155,216
1,<environment.Job instance at 0x7feca4b00910>,75,3,[5 4],76,219,222,143,217
1,<environment.Job instance at 0x7feca4b00fa0>,76,2,[5 6],77,222,224,145,217
1,<environment.Job instance at 0x7feca4b00f50>,77,12,[5 5],78,224,236,146,217
1,<environment.Job instance at 0x7feca4b001e0>,79,1,[2 8],80,245,246,165,217
1,<environment.Job instance at 0x7fecef12a050>,80,2,[10  3],81,236,238,155,217
1,<environment.Job instance at 0x7fecef12abe0>,81,3,[10  4],82,238,241,156,217
1,<environment.Job instance at 0x7fecef12aa00>,82,3,[ 2 10],83,246,249,163,220
1,<environment.Job instance at 0x7fece89f8190>,83,1,[4 7],84,241,242,157,220
1,<environment.Job instance at 0x7feca4cf70f0>,1,24,[ 3 14],2,2,26,0,2
1,<environment.Job instance at 0x7feca454d870>,10,20,[9 2],11,26,46,15,17
1,<environment.Job instance at 0x7feca454d910>,15,3,[3 8],16,26,29,10,18
1,<environment.Job instance at 0x7feca454d280>,16,26,[ 4 10],17,29,55,12,26
1,<environment.Job instance at 0x7feca47e7050>,24,19,[1 7],25,55,74,30,45
1,<environment.Job instance at 0x7feca47e7640>,25,13,[13  4],26,55,68,29,45
1,<environment.Job instance at 0x7feca47e71e0>,26,25,[ 3 12],27,74,99,47,70
1,<environment.Job instance at 0x7feca47e7dc0>,27,17,[7 2],28,70,87,42,70
1,<environment.Job instance at 0x7feca47e7320>,29,1,[8 5],30,99,100,69,71
1,<environment.Job instance at 0x7feca47e70a0>,30,1,[8 2],31,87,88,56,71
1,<environment.Job instance at 0x7feca47e7d20>,32,1,[1 9],33,99,100,66,72
1,<environment.Job instance at 0x7feca47e7e60>,33,2,[7 1],34,72,74,38,72
1,<environment.Job instance at 0x7feca45b6320>,34,25,[7 4],35,100,125,65,96
1,<environment.Job instance at 0x7feca45b6dc0>,35,22,[9 2],36,125,147,89,118
1,<environment.Job instance at 0x7feca45b6af0>,38,19,[2 5],39,118,137,79,118
1,<environment.Job instance at 0x7feca45b6d20>,40,1,[ 2 11],41,137,138,96,118
1,<environment.Job instance at 0x7feca45b67d0>,41,21,[7 2],42,147,168,105,139
1,<environment.Job instance at 0x7feca45b6a00>,36,28,[6 2],37,140,168,103,140
1,<environment.Job instance at 0x7feca45b65f0>,42,14,[ 4 14],43,168,182,125,153
1,<environment.Job instance at 0x7feca45b6e60>,48,1,[8 1],49,168,169,119,153
1,<environment.Job instance at 0x7feca45b6500>,49,3,[7 2],50,182,185,132,156
1,<environment.Job instance at 0x7feca45b62d0>,50,18,[ 2 13],51,182,200,131,171
1,<environment.Job instance at 0x7feca4675fa0>,54,17,[10  1],55,185,202,130,175
1,<environment.Job instance at 0x7feca4675690>,57,3,[12  2],58,202,205,144,177
1,<environment.Job instance at 0x7feca4675550>,62,26,[5 7],63,205,231,142,202
1,<environment.Job instance at 0x7feca46754b0>,65,19,[3 8],66,211,230,145,211
1,<environment.Job instance at 0x7feca4675b90>,67,2,[8 4],68,230,232,162,211
1,<environment.Job instance at 0x7feca4675870>,68,28,[5 2],69,231,259,162,230
1,<environment.Job instance at 0x7feca4675190>,64,28,[9 1],65,233,261,168,233
1,<environment.Job instance at 0x7feca4558780>,2,1,[ 1 10],3,3,4,0,3
1,<environment.Job instance at 0x7fece8a13fa0>,3,2,[ 4 10],4,4,6,0,4
1,<environment.Job instance at 0x7fece8a13eb0>,5,23,[1 8],6,6,29,0,6
1,<environment.Job instance at 0x7fece870faa0>,9,3,[3 5],10,13,16,3,13
1,<environment.Job instance at 0x7fece8a13af0>,8,13,[ 5 13],9,29,42,20,18
1,<environment.Job instance at 0x7fece897e550>,16,1,[8 5],17,25,26,8,25
1,<environment.Job instance at 0x7fece84950f0>,18,19,[3 9],19,42,61,23,32
1,<environment.Job instance at 0x7fece897eb40>,13,14,[8 4],14,42,56,28,36
1,<environment.Job instance at 0x7fece89f8190>,12,3,[ 5 13],13,61,64,48,38
1,<environment.Job instance at 0x7fece84025f0>,24,26,[8 5],25,64,90,39,61
1,<environment.Job instance at 0x7fece8402690>,27,17,[4 8],28,64,81,36,61
1,<environment.Job instance at 0x7fece8402050>,22,1,[10  2],23,90,91,67,67
1,<environment.Job instance at 0x7fece83d5550>,33,24,[3 7],34,81,105,47,76
1,<environment.Job instance at 0x7fece83d5b90>,36,3,[4 7],37,91,94,54,81
1,<environment.Job instance at 0x7fece83d5370>,37,3,[5 6],38,94,97,56,81
1,<environment.Job instance at 0x7fece83ce050>,38,1,[10  4],39,97,98,58,81
1,<environment.Job instance at 0x7fece83d53c0>,40,3,[ 4 10],41,105,108,64,84
1,<environment.Job instance at 0x7fece83cd780>,41,3,[14  4],42,108,111,66,84
1,<environment.Job instance at 0x7fece83cdb90>,42,16,[ 4 12],43,111,127,68,98
1,<environment.Job instance at 0x7fece83cd460>,43,2,[5 4],44,127,129,83,107
1,<environment.Job instance at 0x7fece83d75a0>,46,15,[14  5],47,129,144,82,115
1,<environment.Job instance at 0x7fece84029b0>,31,13,[ 5 10],32,144,157,112,133
1,<environment.Job instance at 0x7fece85d3be0>,56,13,[9 3],57,144,157,87,133
1,<environment.Job instance at 0x7fece85c0190>,52,2,[2 8],53,157,159,104,135
1,<environment.Job instance at 0x7fecef36d910>,59,16,[ 3 12],60,159,175,99,146
1,<environment.Job instance at 0x7feca471a140>,60,1,[10  3],61,157,158,96,146
1,<environment.Job instance at 0x7feca4a62dc0>,61,3,[5 3],62,158,161,96,147
1,<environment.Job instance at 0x7fecef3608c0>,65,2,[5 8],66,175,177,109,148
1,<environment.Job instance at 0x7fecef36de10>,58,15,[4 6],59,175,190,116,161
1,<environment.Job instance at 0x7fecef360410>,68,2,[ 5 11],69,190,192,121,163
1,<environment.Job instance at 0x7fecef389500>,70,17,[5 2],71,177,194,106,165
1,<environment.Job instance at 0x7fecef360aa0>,69,2,[ 3 10],70,192,194,122,174
1,<environment.Job instance at 0x7fecef360370>,67,18,[ 5 10],68,194,212,126,183
1,<environment.Job instance at 0x7fecef389370>,76,27,[10  5],77,195,222,118,195
1,<environment.Job instance at 0x7fecef389af0>,78,3,[1 5],79,212,215,133,195
1,<environment.Job instance at 0x7fecef389870>,77,3,[5 8],78,215,218,137,197
1,<environment.Job instance at 0x7feca4b40690>,83,2,[2 6],84,218,220,134,210
1,<environment.Job instance at 0x7fece890ceb0>,84,2,[4 8],85,220,222,135,210
1,<environment.Job instance at 0x7feca4501690>,6,1,[7 2],7,7,8,0,7
1,<environment.Job instance at 0x7feca47b45f0>,7,25,[9 5],8,8,33,0,8
1,<environment.Job instance at 0x7feca48bf4b0>,9,2,[5 8],10,10,12,0,10
1,<environment.Job instance at 0x7feca47b4820>,8,2,[ 1 13],9,33,35,24,16
1,<environment.Job instance at 0x7feca45b9690>,16,2,[6 3],17,17,19,0,17
1,<environment.Job instance at 0x7fece86727d0>,18,15,[ 5 14],19,35,50,16,21
1,<environment.Job instance at 0x7fecef01daa0>,24,2,[6 5],25,50,52,25,33
1,<environment.Job instance at 0x7feca4b65550>,27,2,[ 1 11],28,52,54,24,47
1,<environment.Job instance at 0x7feca4b65320>,28,27,[4 6],29,54,81,25,52
1,<environment.Job instance at 0x7feca4630500>,31,1,[10  5],32,54,55,22,52
1,<environment.Job instance at 0x7feca4630780>,35,1,[2 9],36,55,56,19,54
1,<environment.Job instance at 0x7feca4630cd0>,36,3,[1 5],37,56,59,19,54
1,<environment.Job instance at 0x7feca46305a0>,37,1,[5 4],38,56,57,18,54
1,<environment.Job instance at 0x7feceed9a960>,39,3,[7 3],40,57,60,17,55
1,<environment.Job instance at 0x7feceed9adc0>,40,2,[5 2],41,60,62,19,55
1,<environment.Job instance at 0x7feceed9a5a0>,41,18,[1 6],42,59,77,17,55
1,<environment.Job instance at 0x7feceed9a4b0>,42,17,[5 2],43,62,79,19,57
1,<environment.Job instance at 0x7feceed9acd0>,44,2,[9 2],45,79,81,34,65
1,<environment.Job instance at 0x7feceef7a870>,45,18,[5 8],46,81,99,35,70
1,<environment.Job instance at 0x7feceef7a280>,46,3,[ 2 10],47,99,102,52,73
1,<environment.Job instance at 0x7feceef7ad70>,48,1,[2 6],49,77,78,28,73
1,<environment.Job instance at 0x7feceef7a0f0>,50,26,[ 5 14],51,102,128,51,99
1,<environment.Job instance at 0x7feceef7abe0>,52,16,[ 2 13],53,128,144,75,115
1,<environment.Job instance at 0x7feceef7adc0>,53,27,[2 5],54,144,171,90,142
1,<environment.Job instance at 0x7feca4634cd0>,54,1,[3 5],55,144,145,89,142
1,<environment.Job instance at 0x7fecef0c71e0>,57,2,[9 2],58,142,144,84,142
1,<environment.Job instance at 0x7fecef0c7fa0>,58,16,[10  1],59,144,160,85,143
1,<environment.Job instance at 0x7feca4647280>,60,1,[4 5],61,160,161,99,145
1,<environment.Job instance at 0x7feca4647eb0>,61,2,[1 5],62,145,147,83,145
1,<environment.Job instance at 0x7feca46470f0>,62,2,[10  2],63,161,163,98,145
1,<environment.Job instance at 0x7fece85bc0f0>,64,1,[4 5],65,160,161,95,145
1,<environment.Job instance at 0x7fece85bcaf0>,65,18,[4 6],66,163,181,97,154
1,<environment.Job instance at 0x7fece85bc280>,67,1,[9 4],68,163,164,95,154
1,<environment.Job instance at 0x7fece85bc460>,68,14,[3 9],69,171,185,102,157
1,<environment.Job instance at 0x7fece879d370>,69,20,[8 1],70,181,201,111,172
1,<environment.Job instance at 0x7feca4700780>,70,28,[5 3],71,185,213,114,184
1,<environment.Job instance at 0x7feca4700460>,72,1,[7 4],73,201,202,128,184
1,<environment.Job instance at 0x7fece85c3cd0>,73,1,[13  4],74,213,214,139,185
1,<environment.Job instance at 0x7fece85c35a0>,79,1,[5 5],80,202,203,122,186
1,<environment.Job instance at 0x7fecef2a41e0>,80,18,[2 5],81,197,215,116,197
1,<environment.Job instance at 0x7fece88fecd0>,85,14,[2 6],86,214,228,128,207
1,<environment.Job instance at 0x7feca4685820>,87,2,[ 3 10],88,228,230,140,207
1,<environment.Job instance at 0x7fece86f2870>,88,1,[9 5],89,215,216,126,207
1,<environment.Job instance at 0x7fece86f2fa0>,89,3,[9 1],90,216,219,126,207
1,<environment.Job instance at 0x7fece86f2280>,90,3,[5 2],91,207,210,116,207
1,<environment.Job instance at 0x7fece86f2d20>,91,3,[5 3],92,210,213,118,207
1,<environment.Job instance at 0x7fece86f25f0>,92,3,[2 8],93,216,219,123,207
1,<environment.Job instance at 0x7feca47b4190>,3,26,[9 5],4,4,30,0,4
1,<environment.Job instance at 0x7fece86f25f0>,6,3,[ 2 12],7,30,33,23,7
1,<environment.Job instance at 0x7feca4642dc0>,10,2,[2 5],11,20,22,9,20
1,<environment.Job instance at 0x7feca4642230>,14,3,[5 3],15,26,29,11,26
1,<environment.Job instance at 0x7fecef56af50>,13,2,[ 3 12],14,33,35,19,26
1,<environment.Job instance at 0x7fecef2685a0>,18,2,[2 5],19,35,37,16,26
1,<environment.Job instance at 0x7fecef2688c0>,20,14,[10  2],21,30,44,9,29
1,<environment.Job instance at 0x7feca46404b0>,9,25,[4 9],10,37,62,27,33
1,<environment.Job instance at 0x7feca4642910>,8,16,[12  5],9,62,78,53,49
1,<environment.Job instance at 0x7fecef2682d0>,22,3,[ 2 14],23,78,81,55,57
1,<environment.Job instance at 0x7fece8956d20>,27,13,[2 9],28,62,75,34,58
1,<environment.Job instance at 0x7fecef268550>,24,19,[3 6],25,81,100,56,71
1,<environment.Job instance at 0x7fece8956f50>,32,12,[11  5],33,81,93,48,78
1,<environment.Job instance at 0x7fece883c910>,39,12,[3 8],40,93,105,53,90
1,<environment.Job instance at 0x7fece883ca00>,40,3,[5 6],41,100,103,59,90
1,<environment.Job instance at 0x7fece883c6e0>,42,16,[3 5],43,103,119,60,96
1,<environment.Job instance at 0x7fece883c5a0>,44,2,[4 6],45,108,110,63,108
1,<environment.Job instance at 0x7fece883cf50>,45,2,[ 2 10],46,110,112,64,108
1,<environment.Job instance at 0x7fece883c4b0>,47,13,[9 3],48,112,125,64,111
1,<environment.Job instance at 0x7fece883caf0>,49,12,[3 5],50,123,135,73,123
1,<environment.Job instance at 0x7fece85e58c0>,50,15,[2 7],51,124,139,73,124
1,<environment.Job instance at 0x7fece85e5af0>,52,1,[5 6],53,135,136,82,125
1,<environment.Job instance at 0x7fece85e5780>,53,1,[6 2],54,125,126,71,125
1,<environment.Job instance at 0x7fece85e5d20>,55,2,[ 2 10],56,139,141,83,136
1,<environment.Job instance at 0x7fece85e55f0>,56,2,[4 5],57,136,138,79,136
1,<environment.Job instance at 0x7fece85e52d0>,57,2,[10  1],58,138,140,80,136
1,<environment.Job instance at 0x7fece85e5dc0>,58,2,[ 1 10],59,141,143,82,136
1,<environment.Job instance at 0x7fece85e5500>,59,13,[11  2],60,140,153,80,136
1,<environment.Job instance at 0x7fece85e5e60>,60,3,[10  2],61,153,156,92,136
1,<environment.Job instance at 0x7fece85e5280>,61,3,[4 8],62,143,146,81,136
1,<environment.Job instance at 0x7fece85e5c80>,62,2,[ 5 13],63,153,155,90,136
1,<environment.Job instance at 0x7fece85e5eb0>,63,2,[7 1],64,156,158,92,137
1,<environment.Job instance at 0x7fece85e5320>,66,24,[8 4],67,156,180,89,151
1,<environment.Job instance at 0x7fece8956410>,31,16,[3 6],32,158,174,126,151
1,<environment.Job instance at 0x7fece85e5460>,68,1,[5 3],69,174,175,105,157
1,<environment.Job instance at 0x7feca4cd0f00>,70,2,[9 2],71,180,182,109,157
1,<environment.Job instance at 0x7feca4cd02d0>,73,1,[ 5 11],74,175,176,101,163
1,<environment.Job instance at 0x7feca4cd0910>,74,22,[10  1],75,182,204,107,175
1,<environment.Job instance at 0x7fecef268190>,21,13,[ 2 13],22,184,197,162,184
1,<environment.Job instance at 0x7feca4cd0c30>,77,17,[12  1],78,204,221,126,192
1,<environment.Job instance at 0x7feceed86640>,82,15,[ 2 13],83,197,212,114,197
1,<environment.Job instance at 0x7feceed866e0>,84,3,[ 2 10],85,212,215,127,197
1,<environment.Job instance at 0x7feceed86f50>,85,1,[14  4],86,221,222,135,197
1,<environment.Job instance at 0x7fece8617be0>,86,1,[5 7],87,222,223,135,197
1,<environment.Job instance at 0x7fece8617e10>,87,2,[2 7],88,215,217,127,197
1,<environment.Job instance at 0x7fece8617a50>,88,3,[1 7],89,215,218,126,197
1,<environment.Job instance at 0x7fece8617370>,90,2,[1 6],91,217,219,126,197
1,<environment.Job instance at 0x7fece8617a00>,91,1,[5 2],92,222,223,130,197
1,<environment.Job instance at 0x7fece8617a00>,2,2,[3 8],3,3,5,0,3
1,<environment.Job instance at 0x7fece88c3fa0>,3,1,[5 2],4,5,6,1,5
1,<environment.Job instance at 0x7feca45a1910>,12,1,[5 6],13,13,14,0,13
1,<environment.Job instance at 0x7feca455a0a0>,13,15,[6 1],14,27,42,13,27
1,<environment.Job instance at 0x7feca44d9280>,14,3,[9 4],15,27,30,12,27
1,<environment.Job instance at 0x7feca44d9960>,16,1,[ 5 14],17,30,31,13,27
1,<environment.Job instance at 0x7feca44d9e10>,17,18,[ 5 13],18,31,49,13,27
1,<environment.Job instance at 0x7feca44d9a50>,18,13,[9 1],19,42,55,23,29
1,<environment.Job instance at 0x7feca44d99b0>,20,2,[10  1],21,55,57,34,29
1,<environment.Job instance at 0x7fecef578820>,22,17,[ 5 13],23,49,66,26,37
1,<environment.Job instance at 0x7fecef578960>,23,12,[ 5 12],24,66,78,42,49
1,<environment.Job instance at 0x7fece83ce550>,28,3,[8 5],29,78,81,49,56
1,<environment.Job instance at 0x7fece83fc410>,29,1,[3 7],30,78,79,48,56
1,<environment.Job instance at 0x7fece83fcd70>,31,3,[6 5],32,79,82,47,63
1,<environment.Job instance at 0x7fece83fc460>,33,22,[7 2],34,81,103,47,74
1,<environment.Job instance at 0x7fece83fc280>,34,3,[9 5],35,103,106,68,77
1,<environment.Job instance at 0x7feca4a62c30>,36,2,[5 4],37,82,84,45,78
1,<environment.Job instance at 0x7feca4a629b0>,39,3,[7 1],40,84,87,44,82
1,<environment.Job instance at 0x7feca4a4cd70>,40,1,[5 8],41,87,88,46,82
1,<environment.Job instance at 0x7feca4a622d0>,41,18,[14  1],42,106,124,64,95
1,<environment.Job instance at 0x7feca47c4fa0>,45,2,[8 3],46,124,126,78,112
1,<environment.Job instance at 0x7feca47c4b40>,48,18,[ 1 13],49,126,144,77,117
1,<environment.Job instance at 0x7feca47c4190>,53,19,[7 4],54,146,165,92,146
1,<environment.Job instance at 0x7feca47c0050>,54,18,[9 3],55,165,183,110,154
1,<environment.Job instance at 0x7feca47c0f00>,61,21,[ 5 14],62,183,204,121,175
1,<environment.Job instance at 0x7feca47c0b40>,62,1,[ 4 14],63,204,205,141,176
1,<environment.Job instance at 0x7feca47c0960>,66,3,[2 9],67,205,208,138,184
1,<environment.Job instance at 0x7feca47c0230>,68,17,[2 5],69,205,222,136,204
1,<environment.Job instance at 0x7feca47c0d70>,71,19,[3 5],72,208,227,136,204
1,<environment.Job instance at 0x7feca47d9e60>,72,1,[ 1 10],73,222,223,149,204
1,<environment.Job instance at 0x7feca4a62c80>,37,12,[4 6],38,223,235,185,207
1,<environment.Job instance at 0x7feca47d94b0>,75,2,[5 4],76,208,210,132,207
1,<environment.Job instance at 0x7feca47d9c30>,78,1,[1 8],79,227,228,148,208
1,<environment.Job instance at 0x7feca47d93c0>,79,2,[ 3 11],80,235,237,155,208
1,<environment.Job instance at 0x7feca47d97d0>,80,3,[9 2],81,210,213,129,208
1,<environment.Job instance at 0x7feca47d9190>,83,1,[8 1],84,213,214,129,212
1,<environment.Job instance at 0x7feceeed8be0>,85,2,[7 5],86,214,216,128,212
1,<environment.Job instance at 0x7feceeed8050>,86,2,[10  4],87,216,218,129,212
1,<environment.Job instance at 0x7feef36a4dc0>,1,15,[ 1 14],2,2,17,0,2
1,<environment.Job instance at 0x7feeec20b230>,8,17,[ 2 10],9,27,44,18,27
1,<environment.Job instance at 0x7feeec20bb40>,15,3,[10  2],16,33,36,17,33
1,<environment.Job instance at 0x7feeec20baf0>,16,12,[1 8],17,44,56,27,33
1,<environment.Job instance at 0x7feeec20bb90>,17,3,[10  3],18,36,39,18,33
1,<environment.Job instance at 0x7feeec20bd70>,20,1,[3 7],21,44,45,23,41
1,<environment.Job instance at 0x7feeec20be10>,21,3,[ 2 10],22,56,59,34,41
1,<environment.Job instance at 0x7feeec20ba50>,22,2,[12  3],23,41,43,18,41
1,<environment.Job instance at 0x7feeec20d1e0>,23,18,[5 2],24,45,63,21,45
1,<environment.Job instance at 0x7feeec20beb0>,24,3,[5 9],25,59,62,34,45
1,<environment.Job instance at 0x7feeec20d140>,26,22,[2 9],27,62,84,35,55
1,<environment.Job instance at 0x7feeec20d050>,30,1,[5 5],31,63,64,32,56
1,<environment.Job instance at 0x7feeec20daf0>,33,2,[5 3],34,64,66,30,64
1,<environment.Job instance at 0x7feeec20db90>,34,3,[9 5],35,66,69,31,64
1,<environment.Job instance at 0x7feeec20d9b0>,36,2,[5 1],37,69,71,32,68
1,<environment.Job instance at 0x7feeec20dcd0>,38,12,[3 6],39,75,87,36,75
1,<environment.Job instance at 0x7feeec20de10>,39,18,[5 8],40,84,102,44,75
1,<environment.Job instance at 0x7feeec20dd70>,40,1,[1 8],41,102,103,61,75
1,<environment.Job instance at 0x7feeec2125a0>,43,28,[6 4],44,88,116,44,88
1,<environment.Job instance at 0x7feef36a4e10>,5,13,[5 9],6,103,116,97,90
1,<environment.Job instance at 0x7feeec212640>,44,17,[ 5 12],45,116,133,71,104
1,<environment.Job instance at 0x7feeec212be0>,50,27,[9 1],51,116,143,65,114
1,<environment.Job instance at 0x7feeec212dc0>,53,18,[ 4 12],54,133,151,79,122
1,<environment.Job instance at 0x7feeec2144b0>,60,24,[ 3 10],61,151,175,90,146
1,<environment.Job instance at 0x7feeec214550>,61,2,[9 2],62,146,148,84,146
1,<environment.Job instance at 0x7feeec2145f0>,62,20,[9 1],63,148,168,85,146
1,<environment.Job instance at 0x7feeec2147d0>,67,26,[5 4],68,168,194,100,165
1,<environment.Job instance at 0x7feeec214e10>,68,22,[5 6],69,175,197,106,174
1,<environment.Job instance at 0x7feeec214cd0>,73,3,[10  4],74,194,197,120,180
1,<environment.Job instance at 0x7feeec215780>,78,19,[8 4],79,197,216,118,187
1,<environment.Job instance at 0x7feeec2158c0>,80,2,[10  3],81,216,218,135,198
1,<environment.Job instance at 0x7feeec215960>,81,17,[ 4 14],82,218,235,136,206
1,<environment.Job instance at 0x7feeec215a50>,1,1,[5 1],2,6,7,4,6
1,<environment.Job instance at 0x7feeec227820>,6,26,[9 1],7,7,33,0,7
1,<environment.Job instance at 0x7feeec22e2d0>,7,2,[9 3],8,33,35,25,8
1,<environment.Job instance at 0x7feeec22e320>,10,18,[5 1],11,16,34,5,16
1,<environment.Job instance at 0x7feeec227dc0>,11,3,[8 2],12,35,38,23,16
1,<environment.Job instance at 0x7feea85ff730>,13,3,[5 4],14,34,37,20,18
1,<environment.Job instance at 0x7feea8609aa0>,17,3,[4 9],18,37,40,19,22
1,<environment.Job instance at 0x7feea8609fa0>,18,2,[ 3 10],19,40,42,21,22
1,<environment.Job instance at 0x7feea8609190>,19,1,[10  3],20,38,39,18,22
1,<environment.Job instance at 0x7feea8609960>,20,2,[3 8],21,42,44,21,22
1,<environment.Job instance at 0x7feea8609be0>,21,2,[12  1],22,40,42,18,22
1,<environment.Job instance at 0x7feea860c4b0>,23,27,[5 3],24,42,69,18,40
1,<environment.Job instance at 0x7feea860b640>,27,1,[1 6],28,46,47,18,46
1,<environment.Job instance at 0x7feea860b8c0>,28,22,[9 2],29,46,68,17,46
1,<environment.Job instance at 0x7feea860b460>,29,3,[ 4 12],30,68,71,38,46
1,<environment.Job instance at 0x7feea860be60>,32,17,[10  4],33,71,88,38,63
1,<environment.Job instance at 0x7feea860bfa0>,33,12,[5 1],34,69,81,35,63
1,<environment.Job instance at 0x7feea860b0a0>,37,18,[ 1 10],38,81,99,43,79
1,<environment.Job instance at 0x7feea860b050>,38,28,[7 4],39,88,116,49,87
1,<environment.Job instance at 0x7feea86000f0>,40,2,[4 5],41,99,101,58,90
1,<environment.Job instance at 0x7feea86052d0>,47,1,[7 2],48,108,109,60,108
1,<environment.Job instance at 0x7feea860ba00>,31,18,[ 5 11],32,109,127,77,108
1,<environment.Job instance at 0x7feea8689e60>,48,16,[14  3],49,127,143,78,114
1,<environment.Job instance at 0x7feea861ed20>,55,12,[2 6],56,143,155,87,135
1,<environment.Job instance at 0x7feea866caf0>,56,3,[7 5],57,143,146,86,135
1,<environment.Job instance at 0x7feea861e690>,57,3,[4 9],58,146,149,88,135
1,<environment.Job instance at 0x7feea8622690>,58,18,[3 8],59,149,167,90,138
1,<environment.Job instance at 0x7feea8622230>,60,28,[7 3],61,155,183,94,154
1,<environment.Job instance at 0x7feea874f320>,63,18,[1 6],64,167,185,103,164
1,<environment.Job instance at 0x7feea873f910>,65,3,[6 4],66,169,172,103,169
1,<environment.Job instance at 0x7feea883fc80>,68,12,[9 2],69,183,195,114,173
1,<environment.Job instance at 0x7feea86f81e0>,69,1,[8 3],70,195,196,125,173
1,<environment.Job instance at 0x7feea872b870>,71,3,[1 8],72,187,190,115,187
1,<environment.Job instance at 0x7feea86f5550>,74,17,[1 9],75,190,207,115,187
1,<environment.Job instance at 0x7feea86f5dc0>,75,2,[9 2],76,196,198,120,187
1,<environment.Job instance at 0x7feea86f5d20>,76,2,[5 1],77,187,189,110,187
1,<environment.Job instance at 0x7feea86f5460>,77,1,[1 7],78,207,208,129,187
1,<environment.Job instance at 0x7feea86f5730>,78,12,[12  2],79,198,210,119,187
1,<environment.Job instance at 0x7feea87165f0>,80,2,[8 3],81,210,212,129,199
1,<environment.Job instance at 0x7feea86e7dc0>,81,19,[ 3 14],82,212,231,130,202
1,<environment.Job instance at 0x7feea86e7140>,82,2,[14  5],83,231,233,148,204
1,<environment.Job instance at 0x7feea86f58c0>,1,25,[10  4],2,2,27,0,2
1,<environment.Job instance at 0x7feea8756f00>,7,13,[ 1 10],8,8,21,0,8
1,<environment.Job instance at 0x7feea8462410>,15,20,[3 8],16,21,41,5,16
1,<environment.Job instance at 0x7feea84629b0>,17,27,[9 5],18,27,54,9,25
1,<environment.Job instance at 0x7feea8453730>,23,2,[ 3 14],24,54,56,30,34
1,<environment.Job instance at 0x7feea85440a0>,26,21,[6 1],27,41,62,14,38
1,<environment.Job instance at 0x7feea8550050>,29,1,[10  5],30,63,64,33,63
1,<environment.Job instance at 0x7feeec444f00>,31,2,[7 4],32,64,66,32,63
1,<environment.Job instance at 0x7feeebf8e1e0>,34,3,[ 3 12],35,70,73,35,70
1,<environment.Job instance at 0x7feef2a09b90>,35,27,[5 5],36,73,100,37,71
1,<environment.Job instance at 0x7feeebfe7c30>,36,22,[2 8],37,77,99,40,77
1,<environment.Job instance at 0x7feef378e7d0>,37,20,[5 2],38,78,98,40,78
1,<environment.Job instance at 0x7feef378eb40>,38,13,[14  4],39,100,113,61,84
1,<environment.Job instance at 0x7feeebfcf5f0>,43,27,[7 5],44,113,140,69,111
1,<environment.Job instance at 0x7feea84620a0>,13,24,[3 6],14,113,137,99,113
1,<environment.Job instance at 0x7feeebf865f0>,41,3,[3 7],42,137,140,95,126
1,<environment.Job instance at 0x7feef3789370>,48,14,[2 7],49,140,154,91,126
1,<environment.Job instance at 0x7feef3789b90>,49,17,[5 1],50,133,150,83,133
1,<environment.Job instance at 0x7feeebfcfe10>,44,13,[14  5],45,154,167,109,138
1,<environment.Job instance at 0x7feea860e5f0>,55,25,[3 7],56,167,192,111,163
1,<environment.Job instance at 0x7feef37895f0>,52,13,[8 1],53,167,180,114,163
1,<environment.Job instance at 0x7feeec38ccd0>,63,1,[5 2],64,180,181,116,166
1,<environment.Job instance at 0x7feea859f550>,68,21,[9 5],69,181,202,112,181
1,<environment.Job instance at 0x7feea85478c0>,69,3,[12  1],70,202,205,132,181
1,<environment.Job instance at 0x7feea85472d0>,71,1,[5 5],72,198,199,126,198
1,<environment.Job instance at 0x7feea8547780>,72,12,[8 5],73,205,217,132,198
1,<environment.Job instance at 0x7feea84662d0>,73,2,[ 4 10],74,199,201,125,198
1,<environment.Job instance at 0x7feea8466b90>,74,2,[5 3],75,205,207,130,198
1,<environment.Job instance at 0x7feeec389fa0>,76,13,[7 1],77,207,220,130,198
1,<environment.Job instance at 0x7feea8466be0>,78,3,[ 2 10],79,217,220,138,208
1,<environment.Job instance at 0x7feea84667d0>,79,16,[ 5 13],80,220,236,140,208
1,<environment.Job instance at 0x7feeec227b40>,10,17,[7 1],11,220,237,209,214
1,<environment.Job instance at 0x7feeebfe5320>,82,2,[3 5],83,236,238,153,217
1,<environment.Job instance at 0x7feea8867d20>,2,3,[11  3],3,3,6,0,3
1,<environment.Job instance at 0x7feeec069d70>,5,1,[8 1],6,6,7,0,6
1,<environment.Job instance at 0x7feef2bae4b0>,8,2,[5 5],9,9,11,0,9
1,<environment.Job instance at 0x7feef2baef50>,9,1,[5 7],10,10,11,0,10
1,<environment.Job instance at 0x7feef2fe7b40>,10,3,[1 6],11,11,14,0,11
1,<environment.Job instance at 0x7feef2bae7d0>,11,15,[ 2 14],12,14,29,2,12
1,<environment.Job instance at 0x7feeec28cb90>,12,3,[4 9],13,29,32,16,13
1,<environment.Job instance at 0x7feeec367050>,14,2,[10  3],15,29,31,14,15
1,<environment.Job instance at 0x7feeec3598c0>,15,12,[ 3 13],16,32,44,16,16
1,<environment.Job instance at 0x7feeec390870>,21,3,[1 6],22,44,47,22,32
1,<environment.Job instance at 0x7feeec390af0>,22,3,[4 9],23,44,47,21,32
1,<environment.Job instance at 0x7feeec4d2fa0>,23,18,[ 1 10],24,47,65,23,36
1,<environment.Job instance at 0x7feeec4440a0>,18,14,[6 4],19,47,61,28,37
1,<environment.Job instance at 0x7feeec1f4910>,30,1,[5 1],31,47,48,16,46
1,<environment.Job instance at 0x7feeec262d70>,25,12,[6 1],26,48,60,22,46
1,<environment.Job instance at 0x7feeec1f4050>,31,17,[14  3],32,61,78,29,49
1,<environment.Job instance at 0x7feeec26a4b0>,36,17,[ 1 10],37,65,82,28,64
1,<environment.Job instance at 0x7feeec26a050>,37,3,[12  4],38,78,81,40,64
1,<environment.Job instance at 0x7feeec26a910>,39,28,[1 8],40,82,110,42,81
1,<environment.Job instance at 0x7feeec335910>,42,3,[1 9],43,110,113,67,84
1,<environment.Job instance at 0x7feeec335870>,43,2,[6 5],44,84,86,40,84
1,<environment.Job instance at 0x7feef2b11dc0>,44,1,[7 3],45,86,87,41,84
1,<environment.Job instance at 0x7feef2b11140>,45,3,[7 2],46,84,87,38,84
1,<environment.Job instance at 0x7feeec242be0>,46,14,[9 2],47,87,101,40,84
1,<environment.Job instance at 0x7feeec1f4c30>,32,2,[5 5],33,87,89,54,86
1,<environment.Job instance at 0x7feea87e8870>,7,2,[2 6],8,101,103,93,86
1,<environment.Job instance at 0x7feef2aca8c0>,48,18,[13  3],49,103,121,54,92
1,<environment.Job instance at 0x7feeec24d460>,53,3,[1 8],54,113,116,59,93
1,<environment.Job instance at 0x7feeec24dfa0>,54,3,[5 2],55,93,96,38,93
1,<environment.Job instance at 0x7feeec24df50>,55,24,[8 3],56,121,145,65,116
1,<environment.Job instance at 0x7feeec24dd20>,56,1,[4 7],57,121,122,64,116
1,<environment.Job instance at 0x7feeec24d1e0>,57,1,[7 4],58,122,123,64,116
1,<environment.Job instance at 0x7feeec516d70>,61,3,[5 9],62,123,126,61,116
1,<environment.Job instance at 0x7feeec516910>,62,2,[7 4],63,126,128,63,116
1,<environment.Job instance at 0x7feeec45f960>,63,3,[5 5],64,128,131,64,116
1,<environment.Job instance at 0x7feeec45f780>,64,2,[9 2],65,145,147,80,118
1,<environment.Job instance at 0x7feeec4c6190>,68,17,[2 6],69,132,149,63,132
1,<environment.Job instance at 0x7feeec285500>,69,2,[ 4 10],70,149,151,79,132
1,<environment.Job instance at 0x7feeec4c6b90>,70,1,[9 5],71,147,148,76,132
1,<environment.Job instance at 0x7feeec2850a0>,71,13,[12  4],72,151,164,79,135
1,<environment.Job instance at 0x7feef2aca5a0>,49,3,[4 9],50,164,167,114,138
1,<environment.Job instance at 0x7feeec26f320>,74,24,[4 5],75,164,188,89,159
1,<environment.Job instance at 0x7feeec3f99b0>,77,14,[2 5],78,168,182,90,168
1,<environment.Job instance at 0x7feeec5e8af0>,79,3,[5 9],80,182,185,102,174
1,<environment.Job instance at 0x7feeec1ff410>,80,2,[6 4],81,174,176,93,174
1,<environment.Job instance at 0x7feeec5e8a00>,81,2,[3 5],82,176,178,94,174
1,<environment.Job instance at 0x7feeec54bfa0>,85,2,[2 9],86,185,187,99,183
1,<environment.Job instance at 0x7feeec54b460>,86,15,[9 1],87,185,200,98,184
1,<environment.Job instance at 0x7feeec54bd70>,87,1,[3 6],88,188,189,100,184
1,<environment.Job instance at 0x7feeec54bb40>,88,13,[6 1],89,189,202,100,187
1,<environment.Job instance at 0x7feeec54b960>,90,3,[10  4],91,202,205,111,187
1,<environment.Job instance at 0x7feeec54b370>,93,15,[6 1],94,205,220,111,199
1,<environment.Job instance at 0x7feeec54b870>,94,3,[7 4],95,205,208,110,199
1,<environment.Job instance at 0x7feeec62ca00>,95,3,[9 4],96,208,211,112,199
1,<environment.Job instance at 0x7feeec62cf50>,96,2,[5 5],97,200,202,103,199
1,<environment.Job instance at 0x7feeec62ceb0>,97,1,[10  3],98,220,221,122,199
1,<environment.Job instance at 0x7feea87e85f0>,0,20,[4 6],1,1,21,0,1
1,<environment.Job instance at 0x7feea87eb460>,5,16,[ 2 11],6,21,37,15,8
1,<environment.Job instance at 0x7feea89106e0>,8,2,[13  3],9,21,23,12,12
1,<environment.Job instance at 0x7feea8b4de60>,18,20,[3 8],19,37,57,18,28
1,<environment.Job instance at 0x7feea8b4d780>,20,24,[10  4],21,28,52,7,28
1,<environment.Job instance at 0x7feea8b4db90>,21,21,[4 7],22,52,73,30,44
1,<environment.Job instance at 0x7feea88db0a0>,22,17,[ 2 11],23,73,90,50,61
1,<environment.Job instance at 0x7feef2fbbeb0>,26,18,[6 3],27,63,81,36,63
1,<environment.Job instance at 0x7feea8a95730>,29,19,[5 5],30,90,109,60,80
1,<environment.Job instance at 0x7feeec01f1e0>,35,12,[10  1],36,90,102,54,90
1,<environment.Job instance at 0x7feef2f80dc0>,37,14,[ 4 10],38,102,116,64,92
1,<environment.Job instance at 0x7feef2c4a9b0>,38,18,[4 6],39,116,134,77,105
1,<environment.Job instance at 0x7feef2c4a780>,39,1,[ 5 14],40,134,135,94,106
1,<environment.Job instance at 0x7feef2f8fb90>,40,2,[5 1],41,109,111,68,106
1,<environment.Job instance at 0x7feef2f8f870>,45,2,[4 5],46,112,114,66,112
1,<environment.Job instance at 0x7feef2f8f2d0>,48,17,[9 5],49,135,152,86,127
1,<environment.Job instance at 0x7feef2f8f7d0>,50,16,[ 3 10],51,135,151,84,129
1,<environment.Job instance at 0x7feef2f936e0>,54,2,[1 6],55,151,153,96,143
1,<environment.Job instance at 0x7feef2f93280>,56,1,[5 1],57,151,152,94,144
1,<environment.Job instance at 0x7feef2f93140>,57,27,[ 2 11],58,153,180,95,151
1,<environment.Job instance at 0x7feef2f93460>,59,3,[11  2],60,155,158,95,155
1,<environment.Job instance at 0x7feef2fa7d70>,61,2,[7 1],62,158,160,96,155
1,<environment.Job instance at 0x7feef2fa79b0>,62,1,[12  5],63,180,181,117,155
1,<environment.Job instance at 0x7feef2f94960>,67,3,[7 5],68,181,184,113,163
1,<environment.Job instance at 0x7feef2f94550>,69,1,[8 2],70,173,174,103,173
1,<environment.Job instance at 0x7feef2f8fa50>,46,18,[10  2],47,184,202,137,176
1,<environment.Job instance at 0x7feef2f94cd0>,74,3,[ 3 10],75,197,200,122,197
1,<environment.Job instance at 0x7feef2f94eb0>,75,1,[7 3],76,202,203,126,197
1,<environment.Job instance at 0x7feef2f92d20>,76,3,[5 4],77,200,203,123,197
1,<environment.Job instance at 0x7feef2f92f00>,77,2,[7 2],78,203,205,125,197
1,<environment.Job instance at 0x7feef2f92f50>,78,12,[ 4 10],79,203,215,124,197
1,<environment.Job instance at 0x7feef2f92b40>,79,1,[5 7],80,215,216,135,197
1,<environment.Job instance at 0x7feef2f92280>,80,14,[ 2 10],81,216,230,135,201
1,<environment.Job instance at 0x7feef2f92190>,81,3,[3 9],82,230,233,148,204
1,<environment.Job instance at 0x7feef2f93320>,53,13,[5 5],54,211,224,157,211
1,<environment.Job instance at 0x7feeec635b90>,0,1,[8 1],1,1,2,0,1
1,<environment.Job instance at 0x7feef2f94e60>,2,2,[3 6],3,3,5,0,3
1,<environment.Job instance at 0x7feef2fed190>,3,1,[12  4],4,5,6,1,5
1,<environment.Job instance at 0x7feef2fed9b0>,6,3,[5 8],7,7,10,0,7
1,<environment.Job instance at 0x7feef2fedf00>,7,20,[1 8],8,10,30,2,8
1,<environment.Job instance at 0x7feea8869c30>,8,3,[6 1],9,9,12,0,9
1,<environment.Job instance at 0x7feea8869780>,9,3,[8 2],10,10,13,0,10
1,<environment.Job instance at 0x7feea88697d0>,10,2,[ 2 12],11,30,32,19,11
1,<environment.Job instance at 0x7feea8869320>,11,21,[4 9],12,32,53,20,24
1,<environment.Job instance at 0x7feea8869460>,15,23,[8 4],16,32,55,16,26
1,<environment.Job instance at 0x7feea8869190>,17,20,[5 7],18,53,73,35,44
1,<environment.Job instance at 0x7feef33a7c30>,21,3,[2 6],22,55,58,33,44
1,<environment.Job instance at 0x7feef2fedc80>,12,3,[5 9],13,73,76,60,47
1,<environment.Job instance at 0x7feef33a7410>,24,15,[11  1],25,76,91,51,62
1,<environment.Job instance at 0x7feef33a7dc0>,26,1,[7 4],27,62,63,35,62
1,<environment.Job instance at 0x7feef33a70f0>,28,3,[2 7],29,63,66,34,62
1,<environment.Job instance at 0x7feef33a71e0>,29,18,[2 7],30,76,94,46,65
1,<environment.Job instance at 0x7feef33a7aa0>,32,1,[5 1],33,65,66,32,65
1,<environment.Job instance at 0x7feef2ff5140>,35,1,[6 4],36,68,69,32,68
1,<environment.Job instance at 0x7feef2ff57d0>,36,3,[6 1],37,69,72,32,68
1,<environment.Job instance at 0x7feef2ff5870>,37,1,[5 1],38,72,73,34,68
1,<environment.Job instance at 0x7feef2ff5eb0>,39,1,[8 1],40,73,74,33,69
1,<environment.Job instance at 0x7feef2ff5e10>,40,24,[7 2],41,91,115,50,86
1,<environment.Job instance at 0x7feef2ff5b90>,43,3,[10  3],44,115,118,71,89
1,<environment.Job instance at 0x7feef2ff5e60>,44,17,[8 1],45,94,111,49,89
1,<environment.Job instance at 0x7feef2ff5c80>,45,15,[ 1 12],46,111,126,65,97
1,<environment.Job instance at 0x7feef2ff55a0>,46,19,[2 9],47,126,145,79,116
1,<environment.Job instance at 0x7feef2ff5dc0>,47,1,[7 3],48,118,119,70,116
1,<environment.Job instance at 0x7feef2ff5d20>,48,20,[ 1 10],49,145,165,96,136
1,<environment.Job instance at 0x7feef2ff56e0>,50,3,[5 3],51,136,139,85,136
1,<environment.Job instance at 0x7feef2fed5a0>,4,3,[4 5],5,149,152,144,149
1,<environment.Job instance at 0x7feef2ff5050>,51,18,[3 8],52,165,183,113,155
1,<environment.Job instance at 0x7feef2fde730>,55,1,[ 2 10],56,183,184,127,155
1,<environment.Job instance at 0x7feef2fde190>,58,2,[ 1 13],59,184,186,125,157
1,<environment.Job instance at 0x7feef2fde050>,60,28,[ 2 14],61,186,214,125,185
1,<environment.Job instance at 0x7feef2fdebe0>,61,28,[5 1],62,185,213,123,185
1,<environment.Job instance at 0x7feef2fde370>,62,3,[1 8],63,214,217,151,188
1,<environment.Job instance at 0x7feef2fe3550>,64,3,[1 5],65,214,217,149,188
1,<environment.Job instance at 0x7feef2fe38c0>,66,3,[7 4],67,217,220,150,198
1,<environment.Job instance at 0x7feef2fe3870>,67,13,[9 1],68,220,233,152,206
1,<environment.Job instance at 0x7feef2fe3d20>,68,2,[7 4],69,217,219,148,206
1,<environment.Job instance at 0x7feef2fe3d70>,69,2,[5 1],70,213,215,143,206
1,<environment.Job instance at 0x7feef2fe3b90>,70,2,[10  5],71,233,235,162,206
1,<environment.Job instance at 0x7feef2fe3690>,71,3,[9 1],72,235,238,163,209
1,<environment.Job instance at 0x7feea88c23c0>,1,1,[4 5],2,2,3,0,2
1,<environment.Job instance at 0x7feea88e6fa0>,2,3,[8 1],3,3,6,0,3
1,<environment.Job instance at 0x7feef2e9d230>,5,3,[10  4],6,6,9,0,6
1,<environment.Job instance at 0x7feef2c5e370>,6,1,[ 4 10],7,7,8,0,7
1,<environment.Job instance at 0x7feea88c7870>,7,13,[14  4],8,12,25,4,12
1,<environment.Job instance at 0x7feeec2f8aa0>,13,17,[9 1],14,25,42,11,14
1,<environment.Job instance at 0x7feea896ec80>,14,22,[4 9],15,25,47,10,18
1,<environment.Job instance at 0x7feeec128780>,16,21,[5 5],17,42,63,25,34
1,<environment.Job instance at 0x7feef2c78910>,23,2,[13  2],24,63,65,39,39
1,<environment.Job instance at 0x7feeec3bf6e0>,29,3,[9 3],30,65,68,35,62
1,<environment.Job instance at 0x7feeec3bf5f0>,30,27,[11  2],31,68,95,37,66
1,<environment.Job instance at 0x7feea8675460>,35,24,[8 3],36,95,119,59,90
1,<environment.Job instance at 0x7feeec3bfa50>,32,20,[ 5 10],33,95,115,62,90
1,<environment.Job instance at 0x7feeec501d20>,43,1,[2 6],44,115,116,71,102
1,<environment.Job instance at 0x7feeec501aa0>,44,13,[2 7],45,116,129,71,106
1,<environment.Job instance at 0x7feeec501b40>,45,17,[10  3],46,119,136,73,110
1,<environment.Job instance at 0x7feeec5c7d70>,37,12,[5 9],38,129,141,91,112
1,<environment.Job instance at 0x7feeec501af0>,50,2,[1 6],51,136,138,85,117
1,<environment.Job instance at 0x7feeec1ff3c0>,53,2,[2 7],54,141,143,87,128
1,<environment.Job instance at 0x7feeec1ffcd0>,57,16,[1 8],58,142,158,84,142
1,<environment.Job instance at 0x7feeec1ffa50>,58,2,[4 6],59,143,145,84,142
1,<environment.Job instance at 0x7feeec1ff050>,59,26,[2 6],60,145,171,85,142
1,<environment.Job instance at 0x7feeec1ff0a0>,60,20,[9 3],61,158,178,97,149
1,<environment.Job instance at 0x7feeec501f50>,51,28,[3 6],52,160,188,108,160
1,<environment.Job instance at 0x7feea86844b0>,63,16,[2 6],64,171,187,107,160
1,<environment.Job instance at 0x7feeec157dc0>,67,1,[ 1 13],68,188,189,120,171
1,<environment.Job instance at 0x7feef2c79af0>,69,2,[9 3],70,178,180,108,171
1,<environment.Job instance at 0x7feeec501b90>,47,24,[5 9],48,190,214,142,190
1,<environment.Job instance at 0x7feef2f630a0>,8,17,[9 5],9,190,207,181,190
1,<environment.Job instance at 0x7feea87ec0f0>,81,3,[ 4 13],82,214,217,132,202
1,<environment.Job instance at 0x7feef2bab140>,74,13,[2 8],75,217,230,142,204
1,<environment.Job instance at 0x7feef2bab640>,73,18,[4 6],74,217,235,143,206
1,<environment.Job instance at 0x7feef2db7140>,7,15,[3 6],8,12,27,4,12
1,<environment.Job instance at 0x7feeec131640>,4,1,[13  5],5,27,28,22,12
1,<environment.Job instance at 0x7feea891a460>,12,2,[3 7],13,14,16,1,14
1,<environment.Job instance at 0x7feef2c5e410>,6,1,[5 7],7,16,17,9,15
1,<environment.Job instance at 0x7feef2a7e050>,15,2,[8 1],16,17,19,1,16
1,<environment.Job instance at 0x7feeec1aa960>,16,13,[8 1],17,28,41,11,21
1,<environment.Job instance at 0x7feef2a7e640>,17,1,[ 4 10],18,28,29,10,21
1,<environment.Job instance at 0x7feeec1aab40>,20,3,[ 4 10],21,29,32,8,25
1,<environment.Job instance at 0x7feeec1aad20>,21,2,[2 9],22,25,27,3,25
1,<environment.Job instance at 0x7feeec1aae60>,22,23,[3 7],23,32,55,9,26
1,<environment.Job instance at 0x7feef2a7e280>,14,13,[3 6],15,32,45,17,26
1,<environment.Job instance at 0x7feeec1ae1e0>,26,3,[ 5 14],27,55,58,28,42
1,<environment.Job instance at 0x7feeec1ae690>,33,1,[5 4],34,70,71,36,70
1,<environment.Job instance at 0x7feeec1ae730>,34,3,[8 2],35,70,73,35,70
1,<environment.Job instance at 0x7feeec1ae7d0>,35,1,[1 8],36,70,71,34,70
1,<environment.Job instance at 0x7feeec1ae870>,36,15,[5 6],37,71,86,34,70
1,<environment.Job instance at 0x7feeec1ae910>,37,16,[11  1],38,86,102,48,73
1,<environment.Job instance at 0x7feeec1ae9b0>,38,3,[ 4 10],39,86,89,47,73
1,<environment.Job instance at 0x7feeec1ae410>,42,18,[2 5],43,99,117,56,99
1,<environment.Job instance at 0x7feeec1aee10>,43,3,[5 3],44,102,105,58,99
1,<environment.Job instance at 0x7feeec1aed70>,44,14,[ 3 10],45,105,119,60,100
1,<environment.Job instance at 0x7feeec1aee60>,45,1,[6 1],46,102,103,56,100
1,<environment.Job instance at 0x7feeec1aecd0>,46,1,[ 5 10],47,119,120,72,100
1,<environment.Job instance at 0x7feeec1aef50>,47,16,[ 5 13],48,120,136,72,107
1,<environment.Job instance at 0x7feeec1920a0>,49,2,[13  4],50,136,138,86,109
1,<environment.Job instance at 0x7feeec1922d0>,51,15,[5 2],52,117,132,65,109
1,<environment.Job instance at 0x7feeec192550>,53,20,[ 5 12],54,138,158,84,129
1,<environment.Job instance at 0x7feeec192410>,54,2,[ 5 11],55,158,160,103,132
1,<environment.Job instance at 0x7feeec192870>,56,1,[5 9],57,160,161,103,141
1,<environment.Job instance at 0x7feeec1925a0>,57,2,[10  2],58,141,143,83,141
1,<environment.Job instance at 0x7feeec192780>,58,2,[8 5],59,160,162,101,141
1,<environment.Job instance at 0x7feeec192910>,60,13,[10  1],61,143,156,82,143
1,<environment.Job instance at 0x7feeec192af0>,61,2,[ 5 11],62,162,164,100,143
1,<environment.Job instance at 0x7feeec192a00>,62,2,[5 3],63,156,158,93,143
1,<environment.Job instance at 0x7feeec192fa0>,69,13,[ 4 14],70,171,184,101,171
1,<environment.Job instance at 0x7feeec1a80f0>,70,2,[8 2],71,184,186,113,172
1,<environment.Job instance at 0x7feeec192eb0>,71,16,[4 6],72,184,200,112,172
1,<environment.Job instance at 0x7feeec1a84b0>,74,1,[4 6],75,186,187,111,180
1,<environment.Job instance at 0x7feeec1a85f0>,75,3,[10  5],76,187,190,111,180
1,<environment.Job instance at 0x7feeec1a8820>,77,15,[10  4],78,190,205,112,188
1,<environment.Job instance at 0x7feeec1a88c0>,78,16,[ 5 10],79,200,216,121,190
1,<environment.Job instance at 0x7feeec1a8780>,76,16,[13  1],77,216,232,139,203
1,<environment.Job instance at 0x7feeec1a8aa0>,81,1,[6 3],82,205,206,123,203
1,<environment.Job instance at 0x7feeec1a8be0>,83,3,[10  4],84,206,209,122,204
1,<environment.Job instance at 0x7feeec1a8c80>,84,1,[4 8],85,232,233,147,204
1,<environment.Job instance at 0x7feeec6a04b0>,0,20,[ 4 10],1,1,21,0,1
1,<environment.Job instance at 0x7feef2dd1050>,4,2,[1 9],5,21,23,16,5
1,<environment.Job instance at 0x7feeec5e2e10>,6,24,[4 5],7,7,31,0,7
1,<environment.Job instance at 0x7feeec1a8d20>,8,3,[9 5],9,23,26,14,10
1,<environment.Job instance at 0x7feeec5e2c80>,7,24,[4 8],8,26,50,18,21
1,<environment.Job instance at 0x7feeec59c640>,20,2,[7 5],21,36,38,15,36
1,<environment.Job instance at 0x7feef33d7eb0>,21,2,[ 2 10],22,50,52,28,36
1,<environment.Job instance at 0x7feeec59c0a0>,22,23,[6 2],23,38,61,15,36
1,<environment.Job instance at 0x7feea8534140>,24,3,[ 1 12],25,52,55,27,38
1,<environment.Job instance at 0x7feeec659410>,10,2,[3 5],11,43,45,32,43
1,<environment.Job instance at 0x7feef2ccb640>,33,1,[11  3],34,61,62,27,44
1,<environment.Job instance at 0x7feea881e6e0>,25,14,[12  1],26,62,76,36,47
1,<environment.Job instance at 0x7feef2c93af0>,35,28,[ 4 12],36,76,104,40,75
1,<environment.Job instance at 0x7feeec205280>,39,1,[ 4 13],40,104,105,64,79
1,<environment.Job instance at 0x7feef2adc820>,40,1,[7 5],41,105,106,64,79
1,<environment.Job instance at 0x7feef331c9b0>,43,14,[ 2 11],44,106,120,62,92
1,<environment.Job instance at 0x7feeec2de3c0>,48,18,[10  1],49,113,131,64,113
1,<environment.Job instance at 0x7feeec2dee60>,49,3,[2 7],50,120,123,70,113
1,<environment.Job instance at 0x7feef2de38c0>,51,1,[6 2],52,131,132,79,120
1,<environment.Job instance at 0x7feef2de3e10>,52,17,[ 1 10],53,123,140,70,120
1,<environment.Job instance at 0x7feef2de3e60>,54,13,[1 9],55,140,153,85,130
1,<environment.Job instance at 0x7feef2de3c80>,55,24,[5 2],56,134,158,78,134
1,<environment.Job instance at 0x7feeec572f50>,57,3,[7 5],58,153,156,95,140
1,<environment.Job instance at 0x7feeec572aa0>,58,1,[5 6],59,156,157,97,140
1,<environment.Job instance at 0x7feeec572d20>,59,1,[3 8],60,153,154,93,140
1,<environment.Job instance at 0x7feeec5727d0>,60,25,[6 2],61,157,182,96,153
1,<environment.Job instance at 0x7feeec5724b0>,62,2,[8 4],63,158,160,95,153
1,<environment.Job instance at 0x7feea83e5e60>,64,1,[5 9],65,160,161,95,155
1,<environment.Job instance at 0x7feea83e5230>,67,3,[1 6],68,156,159,88,156
1,<environment.Job instance at 0x7feeec2de8c0>,47,2,[6 5],48,161,163,113,160
1,<environment.Job instance at 0x7feea83e5b40>,70,25,[5 5],71,163,188,92,160
1,<environment.Job instance at 0x7feef2abf050>,72,1,[1 7],73,170,171,97,170
1,<environment.Job instance at 0x7feef2abfb90>,73,3,[ 4 11],74,188,191,114,170
1,<environment.Job instance at 0x7feef2abf410>,74,2,[7 5],75,182,184,107,171
1,<environment.Job instance at 0x7feef2abf550>,75,19,[2 8],76,191,210,115,181
1,<environment.Job instance at 0x7feef2abf0f0>,80,2,[10  4],81,189,191,108,189
1,<environment.Job instance at 0x7feef2abfa50>,81,17,[ 2 10],82,210,227,128,198
1,<environment.Job instance at 0x7feea8526910>,84,1,[2 9],85,227,228,142,199
1,<environment.Job instance at 0x7feea86a40a0>,87,2,[10  2],88,216,218,128,216
1,<environment.Job instance at 0x7feea86a40a0>,4,13,[10  1],5,5,18,0,5
1,<environment.Job instance at 0x7feef2b85eb0>,3,3,[4 7],4,8,11,4,8
1,<environment.Job instance at 0x7feeec653af0>,2,17,[ 5 14],3,11,28,8,9
1,<environment.Job instance at 0x7feef2da8690>,8,3,[4 7],9,28,31,19,13
1,<environment.Job instance at 0x7feef2e69b40>,17,2,[9 2],18,28,30,10,19
1,<environment.Job instance at 0x7feef2e69640>,18,2,[13  1],19,31,33,12,19
1,<environment.Job instance at 0x7feea8896eb0>,21,26,[7 2],22,33,59,11,31
1,<environment.Job instance at 0x7feeec1f6780>,27,15,[6 1],28,49,64,21,49
1,<environment.Job instance at 0x7feeec08b140>,28,15,[10  2],29,64,79,35,51
1,<environment.Job instance at 0x7feea8638550>,33,3,[ 1 14],34,59,62,25,56
1,<environment.Job instance at 0x7feea8675280>,35,3,[8 5],36,79,82,43,56
1,<environment.Job instance at 0x7feef2afd050>,36,1,[ 3 13],37,62,63,25,58
1,<environment.Job instance at 0x7feea86750f0>,37,22,[2 9],38,63,85,25,58
1,<environment.Job instance at 0x7feea82f3a50>,5,3,[8 5],6,82,85,76,61
1,<environment.Job instance at 0x7feea895aa00>,46,20,[8 2],47,85,105,38,84
1,<environment.Job instance at 0x7feea878f0f0>,31,23,[5 9],32,86,109,54,86
1,<environment.Job instance at 0x7feea895a9b0>,49,1,[9 3],50,105,106,55,88
1,<environment.Job instance at 0x7feea895a5a0>,53,12,[8 2],54,106,118,52,101
1,<environment.Job instance at 0x7feea895a500>,54,1,[10  4],55,118,119,63,101
1,<environment.Job instance at 0x7feea8b8b8c0>,55,2,[8 4],56,119,121,63,101
1,<environment.Job instance at 0x7feea8b8bbe0>,56,24,[2 9],57,109,133,52,104
1,<environment.Job instance at 0x7feea8b8bb40>,57,12,[ 2 12],58,133,145,75,116
1,<environment.Job instance at 0x7feeec1bc820>,58,14,[13  4],59,145,159,86,130
1,<environment.Job instance at 0x7feef33a7a00>,59,20,[ 3 11],60,159,179,99,150
1,<environment.Job instance at 0x7feef33a7dc0>,60,1,[1 9],61,150,151,89,150
1,<environment.Job instance at 0x7feea886b4b0>,64,2,[3 6],65,179,181,114,152
1,<environment.Job instance at 0x7feea85e3eb0>,66,1,[7 4],67,159,160,92,152
1,<environment.Job instance at 0x7feea85e3a50>,68,2,[7 4],69,168,170,99,168
1,<environment.Job instance at 0x7feea85e3a00>,69,2,[2 6],70,179,181,109,168
1,<environment.Job instance at 0x7feea88cdf50>,71,2,[6 3],72,170,172,98,169
1,<environment.Job instance at 0x7feea88cd640>,72,2,[2 8],73,181,183,108,169
1,<environment.Job instance at 0x7feea88cd0f0>,73,13,[10  3],74,172,185,98,169
1,<environment.Job instance at 0x7feea88f1910>,75,2,[8 1],76,185,187,109,178
1,<environment.Job instance at 0x7feea88f1fa0>,76,1,[ 3 11],77,183,184,106,178
1,<environment.Job instance at 0x7feea88f1b90>,78,1,[3 6],79,184,185,105,178
1,<environment.Job instance at 0x7feeec214870>,79,1,[9 1],80,187,188,107,178
1,<environment.Job instance at 0x7feeec218a50>,80,12,[9 4],81,188,200,107,181
1,<environment.Job instance at 0x7feeec218e10>,81,23,[1 8],82,185,208,103,181
1,<environment.Job instance at 0x7feea8aa6550>,84,17,[3 5],85,200,217,115,192
1,<environment.Job instance at 0x7feeec63f320>,85,15,[ 1 10],86,208,223,122,194
1,<environment.Job instance at 0x7feeec63fbe0>,86,13,[ 5 11],87,223,236,136,207
1,<environment.Job instance at 0x7feeec63f960>,87,1,[7 5],88,217,218,129,207
1,<environment.Job instance at 0x7feeec63f550>,88,1,[10  1],89,207,208,118,207
1,<environment.Job instance at 0x7feeec63f7d0>,89,3,[3 5],90,218,221,128,207
1,<environment.Job instance at 0x7feeec63fd20>,90,3,[ 2 10],91,236,239,145,210
1,<environment.Job instance at 0x7feeec63f140>,7,15,[6 2],8,8,23,0,8
1,<environment.Job instance at 0x7feeec153dc0>,4,15,[10  1],5,23,38,18,10
1,<environment.Job instance at 0x7feef2c214b0>,8,17,[13  5],9,38,55,29,26
1,<environment.Job instance at 0x7feeec4a2b90>,17,3,[8 3],18,55,58,37,29
1,<environment.Job instance at 0x7feeec2d2d70>,11,12,[2 8],12,32,44,20,32
1,<environment.Job instance at 0x7feeec5ffa00>,22,13,[13  5],23,58,71,35,42
1,<environment.Job instance at 0x7feeec5ffdc0>,25,2,[ 2 12],26,55,57,29,42
1,<environment.Job instance at 0x7feeec5fff00>,26,1,[3 9],27,57,58,30,42
1,<environment.Job instance at 0x7feeec5ffc80>,28,21,[2 5],29,58,79,29,50
1,<environment.Job instance at 0x7feeec5ffcd0>,29,23,[5 7],30,71,94,41,65
1,<environment.Job instance at 0x7feeec636460>,33,25,[ 1 10],34,94,119,60,90
1,<environment.Job instance at 0x7feeec636640>,35,2,[5 2],36,90,92,54,90
1,<environment.Job instance at 0x7feeec636690>,36,12,[14  2],37,94,106,57,90
1,<environment.Job instance at 0x7feeec636410>,37,19,[ 2 10],38,119,138,81,109
1,<environment.Job instance at 0x7feeec624320>,50,12,[ 1 13],51,138,150,87,121
1,<environment.Job instance at 0x7feeec624190>,52,2,[4 5],53,133,135,80,133
1,<environment.Job instance at 0x7feeec636c80>,48,18,[7 1],49,139,157,90,139
1,<environment.Job instance at 0x7feeec6245a0>,55,2,[11  4],56,157,159,101,143
1,<environment.Job instance at 0x7feeec624780>,58,2,[6 3],59,150,152,91,149
1,<environment.Job instance at 0x7feeec6248c0>,59,21,[7 2],60,159,180,99,151
1,<environment.Job instance at 0x7feeec6249b0>,61,3,[ 1 10],62,151,154,89,151
1,<environment.Job instance at 0x7feeec624a50>,62,16,[8 1],63,159,175,96,153
1,<environment.Job instance at 0x7feeec625410>,19,14,[4 7],20,175,189,155,161
1,<environment.Job instance at 0x7feeec624500>,54,2,[8 4],55,180,182,125,168
1,<environment.Job instance at 0x7feeec624cd0>,66,23,[ 5 12],67,189,212,122,183
1,<environment.Job instance at 0x7feeec624be0>,68,2,[6 1],69,183,185,114,183
1,<environment.Job instance at 0x7feeec624c80>,71,21,[1 7],72,212,233,140,204
1,<environment.Job instance at 0x7feeec6180a0>,72,1,[ 4 11],73,233,234,160,208
1,<environment.Job instance at 0x7feeec6181e0>,74,3,[ 3 10],75,234,237,159,208
1,<environment.Job instance at 0x7feeec618460>,78,1,[1 5],79,212,213,133,212
1,<environment.Job instance at 0x7feea8b071e0>,2,18,[ 3 13],3,5,23,2,5
1,<environment.Job instance at 0x7feef2ca2410>,10,3,[1 9],11,23,26,12,11
1,<environment.Job instance at 0x7feef2b858c0>,11,2,[3 5],12,23,25,11,12
1,<environment.Job instance at 0x7feef2c62690>,16,12,[1 5],17,32,44,15,32
1,<environment.Job instance at 0x7feef2c62be0>,17,1,[1 9],18,32,33,14,32
1,<environment.Job instance at 0x7feef2c62280>,18,3,[7 1],19,32,35,13,32
1,<environment.Job instance at 0x7feef2c62870>,19,2,[10  5],20,35,37,15,32
1,<environment.Job instance at 0x7feef2c62460>,20,1,[5 8],21,33,34,12,32
1,<environment.Job instance at 0x7feef2c62500>,22,26,[9 3],23,39,65,16,39
1,<environment.Job instance at 0x7feeec013640>,24,3,[5 3],25,43,46,18,43
1,<environment.Job instance at 0x7feeec013c30>,26,3,[12  4],27,65,68,38,44
1,<environment.Job instance at 0x7feeec013230>,28,1,[5 9],29,57,58,28,57
1,<environment.Job instance at 0x7feeec013e60>,29,2,[ 1 10],30,58,60,28,57
1,<environment.Job instance at 0x7feeec013460>,31,3,[4 6],32,60,63,28,57
1,<environment.Job instance at 0x7feea89027d0>,32,12,[9 4],33,68,80,35,64
1,<environment.Job instance at 0x7feea8902230>,34,2,[ 4 10],35,71,73,36,71
1,<environment.Job instance at 0x7feea8902eb0>,36,15,[ 1 11],37,75,90,38,75
1,<environment.Job instance at 0x7feea8902500>,37,22,[6 4],38,80,102,42,75
1,<environment.Job instance at 0x7feea8902d70>,39,2,[1 6],40,90,92,50,85
1,<environment.Job instance at 0x7feea8902d20>,42,2,[4 8],43,96,98,53,96
1,<environment.Job instance at 0x7feea8902320>,43,2,[10  3],44,102,104,58,96
1,<environment.Job instance at 0x7feea8a95f00>,45,3,[10  5],46,113,116,67,113
1,<environment.Job instance at 0x7feea8a951e0>,46,12,[9 2],47,116,128,69,113
1,<environment.Job instance at 0x7feea8a95c30>,47,18,[3 7],48,114,132,66,114
1,<environment.Job instance at 0x7feea8a956e0>,48,12,[14  5],49,132,144,83,115
1,<environment.Job instance at 0x7feef2ca20a0>,14,16,[3 5],15,116,132,101,116
1,<environment.Job instance at 0x7feef2ccecd0>,52,2,[9 5],53,144,146,91,117
1,<environment.Job instance at 0x7feeec6185a0>,3,3,[5 2],4,128,131,124,124
1,<environment.Job instance at 0x7feef3646870>,57,2,[ 3 10],58,144,146,86,131
1,<environment.Job instance at 0x7feeec1a9af0>,58,23,[1 5],59,146,169,87,140
1,<environment.Job instance at 0x7feea84309b0>,61,17,[8 4],62,146,163,84,142
1,<environment.Job instance at 0x7feea8430910>,59,2,[12  2],60,163,165,103,145
1,<environment.Job instance at 0x7feea8430c30>,66,2,[5 1],67,155,157,88,155
1,<environment.Job instance at 0x7feea84305a0>,67,20,[5 3],68,165,185,97,156
1,<environment.Job instance at 0x7feea8430280>,68,3,[9 1],69,165,168,96,156
1,<environment.Job instance at 0x7feea8430b90>,71,16,[ 2 10],72,172,188,100,172
1,<environment.Job instance at 0x7feea8430370>,72,3,[3 8],73,188,191,115,172
1,<environment.Job instance at 0x7feea8544af0>,74,1,[4 6],75,188,189,113,173
1,<environment.Job instance at 0x7feea8544960>,76,17,[13  4],77,191,208,114,185
1,<environment.Job instance at 0x7feea8544c30>,77,3,[5 6],78,208,211,130,185
1,<environment.Job instance at 0x7feeebfd4820>,79,17,[ 1 11],80,211,228,131,200
1,<environment.Job instance at 0x7feef2b85c80>,1,2,[4 5],2,2,4,0,2
1,<environment.Job instance at 0x7feeec2d2cd0>,4,3,[5 3],5,5,8,0,5
1,<environment.Job instance at 0x7feef2b85140>,5,1,[4 8],6,6,7,0,6
1,<environment.Job instance at 0x7feea8b07aa0>,6,23,[ 1 13],7,8,31,1,7
1,<environment.Job instance at 0x7feef2c2a0a0>,7,2,[ 2 11],8,31,33,23,8
1,<environment.Job instance at 0x7feef2c2a910>,14,24,[7 3],15,31,55,16,26
1,<environment.Job instance at 0x7feef2c2a960>,17,22,[1 9],18,33,55,15,26
1,<environment.Job instance at 0x7feea8a06820>,24,19,[ 5 12],25,55,74,30,45
1,<environment.Job instance at 0x7feea8a060f0>,25,27,[2 8],26,74,101,48,72
1,<environment.Job instance at 0x7feeec5c9910>,10,3,[8 2],11,72,75,61,72
1,<environment.Job instance at 0x7feeec131af0>,28,1,[9 4],29,75,76,46,72
1,<environment.Job instance at 0x7feeec2a5e10>,32,24,[5 7],33,85,109,52,85
1,<environment.Job instance at 0x7feeec2a5eb0>,34,1,[4 6],35,101,102,66,85
1,<environment.Job instance at 0x7feeec2a5cd0>,37,1,[ 3 10],38,109,110,71,87
1,<environment.Job instance at 0x7feeec2a5c30>,38,1,[4 5],39,102,103,63,87
1,<environment.Job instance at 0x7feeec2a57d0>,39,23,[6 1],40,101,124,61,95
1,<environment.Job instance at 0x7feeec2a51e0>,40,1,[11  4],41,124,125,83,97
1,<environment.Job instance at 0x7feeec069050>,46,23,[ 2 10],47,110,133,63,106
1,<environment.Job instance at 0x7feeec0697d0>,50,15,[ 1 11],51,133,148,82,119
1,<environment.Job instance at 0x7feeec069460>,51,2,[11  4],52,125,127,73,119
1,<environment.Job instance at 0x7feeec069690>,52,3,[14  5],53,148,151,95,122
1,<environment.Job instance at 0x7feeec2126e0>,53,2,[7 1],54,122,124,68,122
1,<environment.Job instance at 0x7feef301a5f0>,59,14,[ 2 10],60,151,165,91,140
1,<environment.Job instance at 0x7feef301a690>,60,2,[3 9],61,165,167,104,140
1,<environment.Job instance at 0x7feef301a370>,61,1,[6 4],62,140,141,78,140
1,<environment.Job instance at 0x7feef301a780>,63,3,[7 5],64,151,154,87,140
1,<environment.Job instance at 0x7feeec224820>,67,3,[1 5],68,148,151,80,148
1,<environment.Job instance at 0x7feea899a960>,70,18,[5 6],71,165,183,94,160
1,<environment.Job instance at 0x7feea899a690>,71,2,[ 1 10],72,183,185,111,160
1,<environment.Job instance at 0x7feea899a3c0>,72,14,[5 3],73,167,181,94,160
1,<environment.Job instance at 0x7feea899ad70>,74,1,[6 3],75,181,182,106,168
1,<environment.Job instance at 0x7feef2c2a460>,11,15,[9 3],12,183,198,171,183
1,<environment.Job instance at 0x7feea899acd0>,76,26,[5 7],77,188,214,111,188
1,<environment.Job instance at 0x7feea899ac30>,77,2,[1 6],78,198,200,120,188
1,<environment.Job instance at 0x7feea87929b0>,83,3,[8 1],84,198,201,114,193
1,<environment.Job instance at 0x7feea8792690>,84,14,[5 2],85,201,215,116,193
1,<environment.Job instance at 0x7feea8792f00>,86,3,[ 4 11],87,214,217,127,198
1,<environment.Job instance at 0x7feea8792640>,89,20,[3 9],90,217,237,127,208
1,<environment.Job instance at 0x7feea899a410>,81,12,[7 1],82,215,227,133,208
1,<environment.Job instance at 0x7feea8b07230>,5,26,[14  3],6,6,32,0,6
1,<environment.Job instance at 0x7feeec02b780>,4,3,[9 3],5,32,35,27,10
1,<environment.Job instance at 0x7feea8b02870>,14,18,[1 9],15,27,45,12,27
1,<environment.Job instance at 0x7feef3217b40>,16,2,[14  2],17,35,37,18,27
1,<environment.Job instance at 0x7feeec084c80>,17,3,[13  2],18,37,40,19,27
1,<environment.Job instance at 0x7feeec084eb0>,18,1,[5 2],19,32,33,13,27
1,<environment.Job instance at 0x7feeec61c550>,20,1,[3 6],21,40,41,19,27
1,<environment.Job instance at 0x7feea8a95500>,21,19,[3 9],22,45,64,23,35
1,<environment.Job instance at 0x7feea84d79b0>,24,2,[9 3],25,43,45,18,43
1,<environment.Job instance at 0x7feea8652e10>,12,2,[1 7],13,64,66,51,44
1,<environment.Job instance at 0x7feeec01f0a0>,10,18,[5 5],11,45,63,34,45
1,<environment.Job instance at 0x7feea84d7f00>,27,12,[5 6],28,63,75,35,46
1,<environment.Job instance at 0x7feea84d7960>,28,13,[5 5],29,66,79,37,50
1,<environment.Job instance at 0x7feea84fe280>,33,2,[ 4 10],34,75,77,41,63
1,<environment.Job instance at 0x7feea89e2e60>,37,3,[7 4],38,77,80,39,70
1,<environment.Job instance at 0x7feea84fe0f0>,34,15,[ 3 14],35,80,95,45,75
1,<environment.Job instance at 0x7feea86050f0>,40,12,[ 3 11],41,95,107,54,82
1,<environment.Job instance at 0x7feea8605050>,41,28,[1 5],42,107,135,65,106
1,<environment.Job instance at 0x7feea84f2960>,45,2,[1 7],46,107,109,61,106
1,<environment.Job instance at 0x7feea84f2dc0>,49,2,[4 6],50,118,120,68,118
1,<environment.Job instance at 0x7feea84f2b90>,50,27,[3 8],51,120,147,69,118
1,<environment.Job instance at 0x7feea8603730>,51,16,[ 3 14],52,147,163,95,134
1,<environment.Job instance at 0x7feea85dbb90>,53,3,[ 3 10],54,163,166,109,137
1,<environment.Job instance at 0x7feea89d7780>,56,3,[5 6],57,166,169,109,149
1,<environment.Job instance at 0x7feea89d7eb0>,58,1,[7 4],59,163,164,104,149
1,<environment.Job instance at 0x7feea89d7190>,59,3,[ 1 10],60,169,172,109,149
1,<environment.Job instance at 0x7feea83b7050>,60,20,[7 1],61,164,184,103,155
1,<environment.Job instance at 0x7feea83b7eb0>,61,1,[12  2],62,184,185,122,157
1,<environment.Job instance at 0x7feef2a7e960>,62,1,[9 3],63,185,186,122,157
1,<environment.Job instance at 0x7feea8758870>,70,3,[2 6],71,172,175,101,170
1,<environment.Job instance at 0x7feea86cf5f0>,44,17,[4 8],45,185,202,140,176
1,<environment.Job instance at 0x7feef2ac9eb0>,43,16,[10  1],44,186,202,142,177
1,<environment.Job instance at 0x7feef2af2c80>,73,2,[7 2],74,179,181,105,179
1,<environment.Job instance at 0x7feef2b26820>,76,3,[5 2],77,202,205,125,185
1,<environment.Job instance at 0x7feea8b33fa0>,77,1,[10  1],78,202,203,124,185
1,<environment.Job instance at 0x7feef2b26730>,78,3,[2 5],79,203,206,124,185
1,<environment.Job instance at 0x7feef2b26b40>,79,1,[3 8],80,203,204,123,185
1,<environment.Job instance at 0x7feef2b26e60>,80,23,[ 1 12],81,206,229,125,200
1,<environment.Job instance at 0x7feef2f3f7d0>,1,26,[6 3],2,2,28,0,2
1,<environment.Job instance at 0x7feea828b5f0>,7,1,[ 5 12],8,8,9,0,8
1,<environment.Job instance at 0x7feea844fe60>,8,1,[ 2 10],9,18,19,9,18
1,<environment.Job instance at 0x7feea8b356e0>,13,1,[10  2],14,28,29,14,19
1,<environment.Job instance at 0x7feea8b35640>,14,2,[8 5],15,19,21,4,19
1,<environment.Job instance at 0x7feea8b35eb0>,15,27,[8 5],16,29,56,13,27
1,<environment.Job instance at 0x7feea8b35cd0>,16,22,[9 5],17,56,78,39,49
1,<environment.Job instance at 0x7feeec1a38c0>,20,1,[9 3],21,78,79,57,60
1,<environment.Job instance at 0x7feef2bb0730>,22,1,[ 3 10],23,63,64,40,63
1,<environment.Job instance at 0x7feea87655a0>,25,2,[5 4],26,78,80,52,78
1,<environment.Job instance at 0x7feea8765410>,26,2,[7 5],27,79,81,52,78
1,<environment.Job instance at 0x7feea8765d20>,27,13,[ 2 13],28,81,94,53,78
1,<environment.Job instance at 0x7feea8765320>,28,17,[ 1 13],29,94,111,65,82
1,<environment.Job instance at 0x7feea882f640>,29,2,[12  1],30,82,84,52,82
1,<environment.Job instance at 0x7feea8765fa0>,31,24,[ 3 14],32,111,135,79,106
1,<environment.Job instance at 0x7feea8765e60>,33,1,[3 5],34,135,136,101,109
1,<environment.Job instance at 0x7feea8bb8af0>,35,1,[10  4],36,135,136,99,109
1,<environment.Job instance at 0x7feeec4abaa0>,38,13,[14  1],39,136,149,97,120
1,<environment.Job instance at 0x7feef2bb0af0>,24,1,[5 4],25,149,150,124,131
1,<environment.Job instance at 0x7feef2aca460>,41,15,[ 3 13],42,150,165,108,137
1,<environment.Job instance at 0x7feea8811f00>,45,3,[3 8],46,165,168,119,148
1,<environment.Job instance at 0x7feea8811640>,46,26,[ 4 10],47,168,194,121,165
1,<environment.Job instance at 0x7feea830c5a0>,11,3,[11  1],12,169,172,157,169
1,<environment.Job instance at 0x7feea8a78eb0>,51,3,[ 2 12],52,194,197,142,171
1,<environment.Job instance at 0x7feea8a780a0>,54,19,[1 7],55,197,216,142,187
1,<environment.Job instance at 0x7feea8a78140>,55,13,[13  4],56,197,210,141,188
1,<environment.Job instance at 0x7feea8a78e10>,56,25,[ 3 12],57,216,241,159,212
1,<environment.Job instance at 0x7feea8b4fc30>,64,25,[7 4],65,241,266,176,237
1,<environment.Job instance at 0x7feea8550820>,1,3,[5 3],2,2,5,0,2
1,<environment.Job instance at 0x7feeec5c9960>,2,24,[2 9],3,3,27,0,3
1,<environment.Job instance at 0x7feeebfee0f0>,3,1,[9 4],4,5,6,1,4
1,<environment.Job instance at 0x7feea8b4fc30>,5,2,[8 5],6,10,12,4,10
1,<environment.Job instance at 0x7feea845f230>,13,3,[5 5],14,14,17,0,14
1,<environment.Job instance at 0x7feea845fd70>,15,1,[5 5],16,17,18,1,16
1,<environment.Job instance at 0x7feef3002960>,19,20,[5 3],20,43,63,23,43
1,<environment.Job instance at 0x7feef3002a50>,20,2,[7 1],21,43,45,22,43
1,<environment.Job instance at 0x7feef3002c30>,22,1,[ 1 10],23,48,49,25,48
1,<environment.Job instance at 0x7feef3002aa0>,23,2,[ 4 10],24,49,51,25,48
1,<environment.Job instance at 0x7feef3002e10>,24,14,[10  2],25,51,65,26,49
1,<environment.Job instance at 0x7feef3002af0>,25,23,[1 8],26,63,86,37,57
1,<environment.Job instance at 0x7feea8193b90>,6,1,[5 3],7,65,66,58,58
1,<environment.Job instance at 0x7feef30022d0>,28,13,[ 5 13],29,86,99,57,70
1,<environment.Job instance at 0x7feef3002550>,32,3,[ 5 13],33,99,102,66,76
1,<environment.Job instance at 0x7feef3002a00>,36,1,[8 5],37,76,77,39,76
1,<environment.Job instance at 0x7feef3002190>,38,19,[3 9],39,102,121,63,92
1,<environment.Job instance at 0x7feef3002f50>,35,18,[4 6],36,102,120,66,93
1,<environment.Job instance at 0x7feea81f7fa0>,44,26,[8 5],45,120,146,75,117
1,<environment.Job instance at 0x7feef30020a0>,41,18,[1 8],42,121,139,79,119
1,<environment.Job instance at 0x7feea81f7b40>,46,2,[5 2],47,122,124,75,122
1,<environment.Job instance at 0x7feea82dd8c0>,53,24,[3 7],54,139,163,85,134
1,<environment.Job instance at 0x7feea82dd870>,54,16,[10  1],55,146,162,91,138
1,<environment.Job instance at 0x7feea82ddbe0>,57,3,[5 6],58,162,165,104,147
1,<environment.Job instance at 0x7feea82ddf00>,62,16,[ 4 12],63,165,181,102,152
1,<environment.Job instance at 0x7feea82dd2d0>,64,1,[10  5],65,163,164,98,162
1,<environment.Job instance at 0x7feea82dd780>,67,2,[9 2],68,164,166,96,162
1,<environment.Job instance at 0x7feea82dd4b0>,68,18,[5 8],69,181,199,112,172
1,<environment.Job instance at 0x7feea81f7640>,50,22,[6 2],51,172,194,121,172
1,<environment.Job instance at 0x7feea82ddfa0>,61,3,[14  4],62,199,202,137,178
1,<environment.Job instance at 0x7feea8473a00>,75,25,[ 4 10],76,202,227,126,198
1,<environment.Job instance at 0x7feea82dda00>,70,13,[1 6],71,227,240,156,215
1,<environment.Job instance at 0x7feea8767f50>,0,1,[ 2 14],1,1,2,0,1
1,<environment.Job instance at 0x7feea84739b0>,3,2,[5 8],4,4,6,0,4
1,<environment.Job instance at 0x7feeec1d6140>,7,1,[9 1],8,8,9,0,8
1,<environment.Job instance at 0x7feeec5fb3c0>,12,16,[2 9],13,15,31,2,15
1,<environment.Job instance at 0x7feea827a640>,16,1,[7 2],17,20,21,3,20
1,<environment.Job instance at 0x7feea827aa50>,17,25,[9 5],18,21,46,3,20
1,<environment.Job instance at 0x7feea827a690>,18,2,[ 1 13],19,46,48,27,20
1,<environment.Job instance at 0x7feeec48c6e0>,19,2,[5 8],20,31,33,11,20
1,<environment.Job instance at 0x7feeec62f190>,22,2,[3 7],23,35,37,12,35
1,<environment.Job instance at 0x7feeec62f730>,23,1,[6 3],24,37,38,13,35
1,<environment.Job instance at 0x7feeec482c30>,25,15,[ 3 14],26,48,63,22,35
1,<environment.Job instance at 0x7feeec482e10>,26,2,[6 3],27,38,40,11,36
1,<environment.Job instance at 0x7feeec482f50>,28,15,[ 5 14],29,63,78,34,49
1,<environment.Job instance at 0x7feeec4810f0>,29,1,[8 4],30,78,79,48,50
1,<environment.Job instance at 0x7feeec481320>,31,14,[9 1],32,52,66,20,52
1,<environment.Job instance at 0x7feeec481550>,34,2,[6 5],35,78,80,43,64
1,<environment.Job instance at 0x7feeec481a50>,35,14,[6 2],36,79,93,43,67
1,<environment.Job instance at 0x7feeec49e0a0>,37,2,[ 1 11],38,80,82,42,67
1,<environment.Job instance at 0x7feeec6abcd0>,38,27,[4 6],39,82,109,43,80
1,<environment.Job instance at 0x7feef2e235a0>,39,2,[5 9],40,93,95,53,80
1,<environment.Job instance at 0x7feea87b42d0>,40,2,[5 1],41,80,82,39,80
1,<environment.Job instance at 0x7feea87b8460>,41,1,[10  5],42,95,96,53,80
1,<environment.Job instance at 0x7feea87a02d0>,42,3,[1 6],43,82,85,39,80
1,<environment.Job instance at 0x7feea87b4280>,45,1,[2 9],46,96,97,50,80
1,<environment.Job instance at 0x7feea87a1be0>,46,3,[1 5],47,85,88,38,80
1,<environment.Job instance at 0x7feef2dfec80>,49,3,[7 3],50,97,100,47,89
1,<environment.Job instance at 0x7feea87aefa0>,50,2,[5 2],51,89,91,38,89
1,<environment.Job instance at 0x7feef2ec9f00>,51,18,[1 6],52,97,115,45,89
1,<environment.Job instance at 0x7feea81e4c80>,54,2,[9 2],55,103,105,48,103
1,<environment.Job instance at 0x7feea87c9820>,56,3,[ 2 10],57,115,118,58,103
1,<environment.Job instance at 0x7feea87c9f00>,57,16,[3 5],58,109,125,51,104
1,<environment.Job instance at 0x7feea87c9eb0>,58,1,[2 6],59,118,119,59,104
1,<environment.Job instance at 0x7feef2ee4820>,59,18,[5 6],60,119,137,59,108
1,<environment.Job instance at 0x7feef2ee4c80>,62,16,[ 2 13],63,137,153,74,124
1,<environment.Job instance at 0x7feef2ee4640>,63,27,[2 5],64,153,180,89,151
1,<environment.Job instance at 0x7feea87a9960>,64,1,[3 5],65,153,154,88,151
1,<environment.Job instance at 0x7feeec173be0>,67,2,[9 2],68,156,158,88,156
1,<environment.Job instance at 0x7feeec17dc30>,68,16,[10  1],69,158,174,89,156
1,<environment.Job instance at 0x7feef2ed9c30>,70,1,[4 5],71,156,157,85,156
1,<environment.Job instance at 0x7feef2ed9780>,71,2,[1 5],72,157,159,85,156
1,<environment.Job instance at 0x7feef2ed9910>,72,2,[10  2],73,174,176,101,156
1,<environment.Job instance at 0x7feef2ed9fa0>,73,16,[8 3],74,176,192,102,171
1,<environment.Job instance at 0x7feef2ed9460>,74,1,[4 5],75,176,177,101,171
1,<environment.Job instance at 0x7feef2ed9f50>,77,1,[9 4],78,192,193,114,174
1,<environment.Job instance at 0x7feef2ed9960>,79,20,[8 1],80,193,213,113,188
1,<environment.Job instance at 0x7feea8583fa0>,80,28,[5 3],81,188,216,107,188
1,<environment.Job instance at 0x7feea85832d0>,82,1,[7 4],83,213,214,130,190
1,<environment.Job instance at 0x7feeec18d8c0>,13,16,[1 8],14,190,206,176,190
1,<environment.Job instance at 0x7feea85816e0>,83,1,[13  4],84,216,217,132,193
1,<environment.Job instance at 0x7feef2ebda00>,91,12,[10  4],92,217,229,125,211
1,<environment.Job instance at 0x7feeec5c9820>,3,26,[9 5],4,4,30,0,4
1,<environment.Job instance at 0x7feeec5c9370>,5,2,[2 8],6,8,10,2,8
1,<environment.Job instance at 0x7feea81f7eb0>,9,25,[4 9],10,15,40,5,15
1,<environment.Job instance at 0x7feeec47fd70>,14,3,[5 3],15,30,33,15,16
1,<environment.Job instance at 0x7feeec423eb0>,15,1,[5 5],16,33,34,17,19
1,<environment.Job instance at 0x7feeec423b40>,16,13,[ 1 10],17,40,53,23,35
1,<environment.Job instance at 0x7feeec2d2500>,8,16,[12  5],9,40,56,31,35
1,<environment.Job instance at 0x7feef2fcf9b0>,19,18,[14  4],20,56,74,36,45
1,<environment.Job instance at 0x7feea82c1820>,13,2,[ 3 12],14,74,76,60,57
1,<environment.Job instance at 0x7feeec624d70>,23,1,[9 4],24,76,77,52,57
1,<environment.Job instance at 0x7feeec624730>,21,13,[ 2 13],22,77,90,55,61
1,<environment.Job instance at 0x7feeec0c3190>,28,2,[ 1 10],29,65,67,36,65
1,<environment.Job instance at 0x7feea835fa50>,32,12,[11  5],33,90,102,57,85
1,<environment.Job instance at 0x7feea835f320>,33,3,[9 5],34,102,105,68,85
1,<environment.Job instance at 0x7feef2ad5500>,34,3,[5 4],35,102,105,67,85
1,<environment.Job instance at 0x7feef2d58e60>,42,16,[3 5],43,107,123,64,107
1,<environment.Job instance at 0x7feef2d58230>,43,18,[8 4],44,107,125,63,107
1,<environment.Job instance at 0x7feef2d58640>,44,2,[4 6],45,107,109,62,107
1,<environment.Job instance at 0x7feef2d589b0>,45,2,[ 2 10],46,123,125,77,107
1,<environment.Job instance at 0x7feef2d58280>,49,12,[3 5],50,126,138,76,126
1,<environment.Job instance at 0x7feea878a500>,50,15,[2 7],51,126,141,75,126
1,<environment.Job instance at 0x7feef2d58190>,51,12,[5 8],52,138,150,86,126
1,<environment.Job instance at 0x7feea878a6e0>,52,1,[5 6],53,141,142,88,126
1,<environment.Job instance at 0x7feea878a780>,53,1,[6 2],54,126,127,72,126
1,<environment.Job instance at 0x7feea878a5a0>,55,2,[ 2 10],56,150,152,94,132
1,<environment.Job instance at 0x7feea878aa00>,56,2,[4 5],57,142,144,85,132
1,<environment.Job instance at 0x7feea878ac80>,57,2,[10  1],58,132,134,74,132
1,<environment.Job instance at 0x7feea878a0a0>,58,2,[ 1 10],59,152,154,93,132
1,<environment.Job instance at 0x7feea878af50>,59,13,[11  2],60,150,163,90,134
1,<environment.Job instance at 0x7feeec624690>,22,3,[ 2 14],23,163,166,140,145
1,<environment.Job instance at 0x7feea878a820>,60,3,[10  2],61,146,149,85,146
1,<environment.Job instance at 0x7feeebf87190>,6,3,[ 2 12],7,154,157,147,147
1,<environment.Job instance at 0x7feea878a2d0>,62,2,[ 5 13],63,166,168,103,147
1,<environment.Job instance at 0x7feeec28caf0>,68,1,[5 3],69,168,169,99,153
1,<environment.Job instance at 0x7feeec1a9b40>,72,3,[9 3],73,168,171,95,167
1,<environment.Job instance at 0x7feeec1a9c30>,73,1,[ 5 11],74,169,170,95,167
1,<environment.Job instance at 0x7feeec1a9460>,74,22,[10  1],75,171,193,96,167
1,<environment.Job instance at 0x7feeec1a9050>,76,1,[10  4],77,193,194,116,167
1,<environment.Job instance at 0x7feeec28ceb0>,70,2,[9 2],71,194,196,123,167
1,<environment.Job instance at 0x7feef2b297d0>,78,15,[ 3 10],79,174,189,95,174
1,<environment.Job instance at 0x7feeebfdaf50>,77,17,[12  1],78,196,213,118,184
1,<environment.Job instance at 0x7feef29f9640>,82,15,[ 2 13],83,197,212,114,197
1,<environment.Job instance at 0x7feeebfda690>,79,15,[3 5],80,212,227,132,198
1,<environment.Job instance at 0x7feea8758230>,86,1,[5 7],87,213,214,126,198
1,<environment.Job instance at 0x7feea8758aa0>,85,1,[14  4],86,227,228,141,201
1,<environment.Job instance at 0x7feea82571e0>,4,3,[9 4],5,5,8,0,5
1,<environment.Job instance at 0x7feeec47c410>,6,1,[ 5 14],7,8,9,1,7
1,<environment.Job instance at 0x7feef2d58c30>,2,1,[5 6],3,9,10,6,8
1,<environment.Job instance at 0x7feef305aa00>,7,18,[ 5 13],8,10,28,2,8
1,<environment.Job instance at 0x7feeec208820>,10,2,[10  1],11,11,13,0,11
1,<environment.Job instance at 0x7feeec208e60>,13,12,[ 5 12],14,28,40,14,14
1,<environment.Job instance at 0x7feeec208910>,17,14,[10  5],18,40,54,22,29
1,<environment.Job instance at 0x7feeec4d1b90>,19,1,[3 7],20,40,41,20,29
1,<environment.Job instance at 0x7feeec4d1f50>,21,3,[6 5],22,54,57,32,40
1,<environment.Job instance at 0x7feeec4d1050>,23,22,[7 2],24,54,76,30,47
1,<environment.Job instance at 0x7feeec208140>,18,3,[8 5],19,57,60,38,47
1,<environment.Job instance at 0x7feeec47cc80>,9,2,[10  4],10,76,78,66,50
1,<environment.Job instance at 0x7feef3008a50>,29,3,[7 1],30,60,63,30,55
1,<environment.Job instance at 0x7feef3008eb0>,30,1,[5 8],31,63,64,32,55
1,<environment.Job instance at 0x7feef3008be0>,33,15,[5 5],34,64,79,30,60
1,<environment.Job instance at 0x7feef3008280>,31,18,[14  1],32,79,97,47,68
1,<environment.Job instance at 0x7feef30089b0>,35,2,[8 3],36,97,99,61,70
1,<environment.Job instance at 0x7feea8aa6230>,39,14,[1 9],40,90,104,50,90
1,<environment.Job instance at 0x7feea8aa6370>,40,14,[7 3],41,99,113,58,97
1,<environment.Job instance at 0x7feea8aa6870>,41,16,[2 9],42,104,120,62,97
1,<environment.Job instance at 0x7feea8aa6c30>,43,19,[7 4],44,113,132,69,103
1,<environment.Job instance at 0x7feea8aa6d20>,45,26,[ 2 12],46,132,158,86,129
1,<environment.Job instance at 0x7feea8aa6cd0>,46,14,[10  3],47,132,146,85,129
1,<environment.Job instance at 0x7feea8aa6910>,49,2,[5 1],50,129,131,79,129
1,<environment.Job instance at 0x7feea8aa66e0>,50,2,[2 6],51,129,131,78,129
1,<environment.Job instance at 0x7feea8aa6320>,51,21,[ 5 14],52,158,179,106,150
1,<environment.Job instance at 0x7feea8aa6550>,52,1,[ 4 14],53,179,180,126,151
1,<environment.Job instance at 0x7feea8aa6eb0>,56,3,[2 9],57,180,183,123,160
1,<environment.Job instance at 0x7feea8491550>,57,17,[9 1],58,160,177,102,160
1,<environment.Job instance at 0x7feea8491460>,59,2,[6 3],60,180,182,120,167
1,<environment.Job instance at 0x7feea84911e0>,60,22,[13  5],61,182,204,121,175
1,<environment.Job instance at 0x7feea8aa6fa0>,47,3,[5 3],48,204,207,156,189
1,<environment.Job instance at 0x7feea8491a00>,65,2,[5 4],66,204,206,138,191
1,<environment.Job instance at 0x7feea8491dc0>,69,2,[ 3 11],70,206,208,136,191
1,<environment.Job instance at 0x7feea8491fa0>,70,3,[9 2],71,207,210,136,195
1,<environment.Job instance at 0x7feea84913c0>,72,12,[ 4 10],73,208,220,135,199
1,<environment.Job instance at 0x7feea8491410>,73,1,[8 1],74,210,211,136,199
1,<environment.Job instance at 0x7feef2ef6d70>,75,2,[7 5],76,211,213,135,201
1,<environment.Job instance at 0x7feef2ef63c0>,76,2,[10  4],77,213,215,136,201
1,<environment.Job instance at 0x7feef2ef6b90>,79,15,[9 1],80,215,230,135,204
1,<environment.Job instance at 0x7feef2ef6f50>,80,22,[10  2],81,230,252,149,223
1,<environment.Job instance at 0x7feef2a387d0>,0,17,[ 4 12],1,2,19,1,2
1,<environment.Job instance at 0x7feef2c2c370>,4,3,[5 5],5,19,22,14,5
1,<environment.Job instance at 0x7feea857feb0>,6,27,[4 9],7,19,46,12,17
1,<environment.Job instance at 0x7feea857f8c0>,10,1,[ 4 10],11,46,47,35,18
1,<environment.Job instance at 0x7feef2b178c0>,14,3,[2 6],15,23,26,8,23
1,<environment.Job instance at 0x7feef2b17460>,15,13,[11  5],16,26,39,10,23
1,<environment.Job instance at 0x7feef2b17b40>,16,24,[8 3],17,39,63,22,34
1,<environment.Job instance at 0x7feeec33b690>,18,12,[ 4 11],19,47,59,28,34
1,<environment.Job instance at 0x7feeec33bfa0>,21,3,[ 3 11],22,59,62,37,49
1,<environment.Job instance at 0x7feeec33b960>,22,16,[6 1],23,62,78,39,50
1,<environment.Job instance at 0x7feeec33b7d0>,23,2,[2 9],24,63,65,39,51
1,<environment.Job instance at 0x7feeec3267d0>,29,18,[4 9],30,65,83,35,65
1,<environment.Job instance at 0x7feeec3266e0>,30,3,[4 6],31,78,81,47,65
1,<environment.Job instance at 0x7feeec326550>,32,13,[ 4 11],33,83,96,50,70
1,<environment.Job instance at 0x7feeec326e10>,34,15,[8 1],35,81,96,46,70
1,<environment.Job instance at 0x7feeec326910>,35,3,[8 4],36,96,99,60,72
1,<environment.Job instance at 0x7feeec326eb0>,36,1,[3 9],37,96,97,59,72
1,<environment.Job instance at 0x7feef2a38cd0>,1,15,[9 1],2,99,114,97,98
1,<environment.Job instance at 0x7feef3141b40>,42,18,[4 6],43,101,119,58,101
1,<environment.Job instance at 0x7feef31415a0>,48,12,[5 3],49,114,126,65,112
1,<environment.Job instance at 0x7feef31415f0>,52,2,[6 1],53,128,130,75,128
1,<environment.Job instance at 0x7feeec321820>,54,18,[5 2],55,131,149,76,131
1,<environment.Job instance at 0x7feeec321d20>,56,2,[4 7],57,137,139,80,137
1,<environment.Job instance at 0x7feeec321280>,57,23,[8 5],58,139,162,81,137
1,<environment.Job instance at 0x7feeec321f50>,58,1,[10  5],59,162,163,103,137
1,<environment.Job instance at 0x7feeec321b90>,62,13,[ 2 14],63,163,176,100,152
1,<environment.Job instance at 0x7feeec321be0>,64,25,[1 9],65,176,201,111,172
1,<environment.Job instance at 0x7feeec321140>,65,3,[9 2],66,176,179,110,172
1,<environment.Job instance at 0x7feeec3210a0>,66,1,[5 6],67,179,180,112,172
1,<environment.Job instance at 0x7feeec2ff550>,67,2,[4 6],68,180,182,112,172
1,<environment.Job instance at 0x7feeec2ff870>,68,1,[5 3],69,176,177,107,172
1,<environment.Job instance at 0x7feeec2ffaa0>,72,12,[ 3 10],73,201,213,128,184
1,<environment.Job instance at 0x7feeec2ffa50>,75,22,[ 4 13],76,213,235,137,206
1,<environment.Job instance at 0x7feeec2ff780>,78,1,[2 9],79,235,236,156,207
1,<environment.Job instance at 0x7fd3fb263140>,1,15,[ 1 14],2,2,17,0,2
1,<environment.Job instance at 0x7fd3f3e54230>,8,17,[ 2 10],9,17,34,8,14
1,<environment.Job instance at 0x7fd3f3e54410>,10,1,[7 3],11,17,18,6,14
1,<environment.Job instance at 0x7fd3f3e54640>,11,2,[3 9],12,34,36,22,14
1,<environment.Job instance at 0x7fd3f3e54a50>,15,3,[10  2],16,32,35,16,32
1,<environment.Job instance at 0x7fd3f3e54b90>,17,3,[10  3],18,44,47,26,44
1,<environment.Job instance at 0x7fd3f3e54500>,19,17,[12  3],20,60,77,40,60
1,<environment.Job instance at 0x7fd3f3e54fa0>,20,1,[3 7],21,60,61,39,60
1,<environment.Job instance at 0x7fd3f3e54eb0>,21,3,[ 2 10],22,61,64,39,61
1,<environment.Job instance at 0x7fd3f3e550a0>,22,2,[12  3],23,77,79,54,61
1,<environment.Job instance at 0x7fd3f3e551e0>,24,3,[5 9],25,79,82,54,78
1,<environment.Job instance at 0x7fd3f3e55230>,25,3,[1 6],26,78,81,52,78
1,<environment.Job instance at 0x7fd3f3e552d0>,26,22,[2 9],27,82,104,55,78
1,<environment.Job instance at 0x7fd3f3e55370>,27,2,[6 4],28,81,83,53,78
1,<environment.Job instance at 0x7fd3f3e55410>,28,2,[5 9],29,104,106,75,78
1,<environment.Job instance at 0x7fd3f3e55550>,30,1,[5 5],31,83,84,52,78
1,<environment.Job instance at 0x7fd3f3e559b0>,33,2,[5 3],34,84,86,50,84
1,<environment.Job instance at 0x7fd3f3e558c0>,34,3,[9 5],35,86,89,51,85
1,<environment.Job instance at 0x7fd3f3e55a50>,36,2,[5 1],37,94,96,57,94
1,<environment.Job instance at 0x7fd3f3e55af0>,37,14,[5 5],38,94,108,56,94
1,<environment.Job instance at 0x7fd3f3e55c30>,39,18,[5 8],40,109,127,69,109
1,<environment.Job instance at 0x7fd3f3e55cd0>,40,1,[1 8],41,127,128,86,109
1,<environment.Job instance at 0x7fd3f3e55eb0>,43,28,[6 4],44,110,138,66,110
1,<environment.Job instance at 0x7fd3f3e5a230>,44,17,[ 5 12],45,138,155,93,126
1,<environment.Job instance at 0x7fd3f3e5a3c0>,47,1,[2 6],48,128,129,80,126
1,<environment.Job instance at 0x7fd3f3e5a4b0>,50,27,[9 1],51,129,156,78,127
1,<environment.Job instance at 0x7fd3f3e5a5f0>,52,3,[ 3 11],53,155,158,102,129
1,<environment.Job instance at 0x7fd3f3e5a910>,57,3,[8 4],58,156,159,98,139
1,<environment.Job instance at 0x7fd3f3e5a9b0>,58,1,[5 7],59,158,159,99,139
1,<environment.Job instance at 0x7fd3f3e5aa50>,59,14,[ 2 10],60,159,173,99,146
1,<environment.Job instance at 0x7fd3f3e5aeb0>,60,24,[ 3 10],61,173,197,112,168
1,<environment.Job instance at 0x7fd3f3e5ae10>,61,2,[9 2],62,168,170,106,168
1,<environment.Job instance at 0x7fd3f3e5ad20>,62,20,[9 1],63,170,190,107,168
1,<environment.Job instance at 0x7fd3f3e5d460>,66,3,[ 2 10],67,197,200,130,171
1,<environment.Job instance at 0x7fd3f3e5d500>,67,26,[5 4],68,190,216,122,187
1,<environment.Job instance at 0x7fd3f3e5d5a0>,68,22,[5 6],69,200,222,131,193
1,<environment.Job instance at 0x7fd3f3e5d780>,71,1,[8 2],72,216,217,144,195
1,<environment.Job instance at 0x7fd3f3e5d8c0>,73,3,[10  4],74,217,220,143,195
1,<environment.Job instance at 0x7fd3f3e5d960>,74,1,[6 2],75,220,221,145,195
1,<environment.Job instance at 0x7fd3f3e5d0a0>,75,3,[6 4],76,221,224,145,195
1,<environment.Job instance at 0x7fd3f3e5df00>,78,19,[8 4],79,222,241,143,212
1,<environment.Job instance at 0x7fd3f3e5e0a0>,80,2,[10  3],81,241,243,160,214
1,<environment.Job instance at 0x7fd3f3e6b550>,3,3,[5 4],4,4,7,0,4
1,<environment.Job instance at 0x7fd3f3e73410>,7,3,[4 9],8,8,11,0,8
1,<environment.Job instance at 0x7fd3f3e73460>,8,2,[ 3 10],9,11,13,2,9
1,<environment.Job instance at 0x7fd3f3e73870>,9,1,[10  3],10,10,11,0,10
1,<environment.Job instance at 0x7fd3f3e73690>,10,2,[3 8],11,13,15,2,11
1,<environment.Job instance at 0x7fd3b02515f0>,11,2,[12  1],12,12,14,0,12
1,<environment.Job instance at 0x7fd3b0251550>,13,27,[5 3],14,14,41,0,14
1,<environment.Job instance at 0x7fd3f3e72be0>,6,23,[5 8],7,15,38,8,15
1,<environment.Job instance at 0x7fd3b0255780>,18,22,[9 2],19,38,60,19,31
1,<environment.Job instance at 0x7fd3b0255320>,19,3,[ 4 12],20,41,44,21,41
1,<environment.Job instance at 0x7fd3b0255140>,21,18,[ 5 11],22,44,62,22,42
1,<environment.Job instance at 0x7fd3b0254320>,28,28,[7 4],29,71,99,42,71
1,<environment.Job instance at 0x7fd3b0254a00>,29,1,[9 2],30,99,100,69,71
1,<environment.Job instance at 0x7fd3b02546e0>,32,1,[3 8],33,73,74,40,73
1,<environment.Job instance at 0x7fd3b0254f00>,31,1,[8 3],32,74,75,42,74
1,<environment.Job instance at 0x7fd3b0249550>,37,1,[7 2],38,93,94,55,93
1,<environment.Job instance at 0x7fd3b0249eb0>,38,16,[14  3],39,100,116,61,93
1,<environment.Job instance at 0x7fd3b0252dc0>,46,3,[7 5],47,129,132,82,129
1,<environment.Job instance at 0x7fd3b0252410>,47,3,[4 9],48,129,132,81,129
1,<environment.Job instance at 0x7fd3b02526e0>,48,18,[3 8],49,132,150,83,129
1,<environment.Job instance at 0x7fd3b0252b40>,50,28,[7 3],51,138,166,87,138
1,<environment.Job instance at 0x7fd3b0252370>,52,3,[3 9],53,150,153,97,141
1,<environment.Job instance at 0x7fd3b024e4b0>,55,3,[6 4],56,153,156,97,144
1,<environment.Job instance at 0x7fd3b024ec30>,58,12,[9 2],59,167,179,108,167
1,<environment.Job instance at 0x7fd3b02b5cd0>,59,1,[8 3],60,179,180,119,167
1,<environment.Job instance at 0x7fd3b0260d20>,61,3,[1 8],62,175,178,113,175
1,<environment.Job instance at 0x7fd3b0267c30>,64,17,[1 9],65,179,196,114,179
1,<environment.Job instance at 0x7fd3b0267690>,65,2,[9 2],66,180,182,114,179
1,<environment.Job instance at 0x7fd3b0267550>,66,2,[5 1],67,179,181,112,179
1,<environment.Job instance at 0x7fd3b026b0f0>,67,1,[1 7],68,196,197,128,179
1,<environment.Job instance at 0x7fd3b026b550>,68,12,[12  2],69,182,194,113,179
1,<environment.Job instance at 0x7fd3b0464c30>,70,2,[8 3],71,194,196,123,187
1,<environment.Job instance at 0x7fd3b03d54b0>,71,19,[ 3 14],72,197,216,125,187
1,<environment.Job instance at 0x7fd3b026b640>,72,2,[14  5],73,216,218,143,189
1,<environment.Job instance at 0x7fd3b03410a0>,73,21,[9 5],74,218,239,144,210
1,<environment.Job instance at 0x7fd3b0488cd0>,1,3,[10  4],2,2,5,0,2
1,<environment.Job instance at 0x7fd3f3e6be10>,3,2,[ 3 14],4,5,7,1,4
1,<environment.Job instance at 0x7fd3f3e6faf0>,4,2,[1 9],5,7,9,2,5
1,<environment.Job instance at 0x7fd3f3e72eb0>,6,21,[6 1],7,7,28,0,7
1,<environment.Job instance at 0x7fd3b01101e0>,9,1,[10  5],10,28,29,18,10
1,<environment.Job instance at 0x7fd3b0178e10>,15,27,[5 5],16,16,43,0,16
1,<environment.Job instance at 0x7fd3b01785a0>,16,22,[2 8],17,29,51,12,22
1,<environment.Job instance at 0x7fd3f3e61e60>,14,3,[ 3 12],15,51,54,36,25
1,<environment.Job instance at 0x7fd3b0178140>,17,20,[5 2],18,29,49,11,27
1,<environment.Job instance at 0x7fd3b0178410>,23,27,[7 5],24,54,81,30,52
1,<environment.Job instance at 0x7fd3b0110730>,11,2,[7 4],12,62,64,50,62
1,<environment.Job instance at 0x7fd3b0178f00>,24,13,[14  5],25,81,94,56,68
1,<environment.Job instance at 0x7fd3f3c13780>,35,25,[3 7],36,94,119,58,92
1,<environment.Job instance at 0x7fd3fb3d4b90>,37,14,[10  3],38,104,118,66,104
1,<environment.Job instance at 0x7fd3b017c280>,40,1,[ 4 12],41,119,120,78,105
1,<environment.Job instance at 0x7fd3f3cead70>,41,1,[10  1],42,118,119,76,105
1,<environment.Job instance at 0x7fd3f3cf5f50>,43,1,[5 2],44,119,120,75,117
1,<environment.Job instance at 0x7fd3f3c325a0>,44,12,[13  3],45,120,132,75,117
1,<environment.Job instance at 0x7fd3b0178050>,18,13,[14  4],19,132,145,113,124
1,<environment.Job instance at 0x7fd3fb28c7d0>,49,3,[12  1],50,145,148,95,133
1,<environment.Job instance at 0x7fd3fb28c460>,53,2,[ 4 10],54,148,150,94,145
1,<environment.Job instance at 0x7fd3fb28c2d0>,54,2,[5 3],55,148,150,93,145
1,<environment.Job instance at 0x7fd3fb3dd870>,55,15,[5 7],56,150,165,94,146
1,<environment.Job instance at 0x7fd3fb3ddc80>,58,3,[ 2 10],59,165,168,106,155
1,<environment.Job instance at 0x7fd3fb3d25f0>,59,16,[ 5 13],60,168,184,108,156
1,<environment.Job instance at 0x7fd3fb28c8c0>,51,1,[5 5],52,159,160,107,159
1,<environment.Job instance at 0x7fd3f3bcabe0>,12,17,[9 1],13,160,177,147,159
1,<environment.Job instance at 0x7fd3fb3d2cd0>,62,2,[3 5],63,184,186,121,159
1,<environment.Job instance at 0x7fd3fb3d2d20>,61,2,[5 6],62,184,186,122,164
1,<environment.Job instance at 0x7fd3fb262960>,66,17,[9 1],67,186,203,119,174
1,<environment.Job instance at 0x7fd3fb3d0410>,70,1,[2 9],71,186,187,115,181
1,<environment.Job instance at 0x7fd3f40c5690>,71,3,[9 3],72,203,206,131,181
1,<environment.Job instance at 0x7fd3f40790f0>,74,15,[ 1 10],75,196,211,121,196
1,<environment.Job instance at 0x7fd3f4311af0>,75,1,[12  4],76,206,207,130,196
1,<environment.Job instance at 0x7fd3f3fdf640>,76,2,[9 2],77,207,209,130,196
1,<environment.Job instance at 0x7fd3f4311910>,77,2,[5 2],78,196,198,118,196
1,<environment.Job instance at 0x7fd3b00abbe0>,78,2,[6 5],79,209,211,130,196
1,<environment.Job instance at 0x7fd3b00ab9b0>,79,3,[8 5],80,211,214,131,196
1,<environment.Job instance at 0x7fd3f3bd3820>,81,15,[14  1],82,214,229,132,212
1,<environment.Job instance at 0x7fd3f42c84b0>,84,25,[1 7],85,214,239,129,214
1,<environment.Job instance at 0x7fd3fa6bf6e0>,6,17,[ 1 10],7,8,25,1,8
1,<environment.Job instance at 0x7fd3b048abe0>,4,15,[ 2 13],5,25,40,20,11
1,<environment.Job instance at 0x7fd3fabab460>,7,3,[12  4],8,13,16,5,13
1,<environment.Job instance at 0x7fd3f3ece320>,14,1,[7 3],15,16,17,1,16
1,<environment.Job instance at 0x7fd3f42f2820>,13,2,[6 5],14,17,19,3,16
1,<environment.Job instance at 0x7fd3f40028c0>,16,14,[9 2],17,19,33,2,18
1,<environment.Job instance at 0x7fd3f3f3e910>,19,3,[4 9],20,40,43,20,29
1,<environment.Job instance at 0x7fd3b04ad870>,1,17,[14  3],2,43,60,41,32
1,<environment.Job instance at 0x7fd3f3ec7780>,24,3,[5 2],25,33,36,8,32
1,<environment.Job instance at 0x7fd3fa7e55f0>,23,3,[1 8],24,43,46,19,33
1,<environment.Job instance at 0x7fd3f3ec7050>,26,1,[4 7],27,60,61,33,39
1,<environment.Job instance at 0x7fd3f40026e0>,17,17,[3 8],18,60,77,42,55
1,<environment.Job instance at 0x7fd3f3ec7d20>,28,17,[2 7],29,61,78,32,56
1,<environment.Job instance at 0x7fd3f3ec7910>,25,24,[8 3],26,77,101,51,72
1,<environment.Job instance at 0x7fd3f3eb3690>,34,2,[9 2],35,101,103,66,74
1,<environment.Job instance at 0x7fd3f426e230>,39,2,[ 4 10],40,93,95,53,93
1,<environment.Job instance at 0x7fd3f426e820>,40,1,[9 5],41,103,104,62,93
1,<environment.Job instance at 0x7fd3f3e42190>,41,13,[12  4],42,104,117,62,93
1,<environment.Job instance at 0x7fd3f3ec7690>,27,1,[7 4],28,99,100,71,99
1,<environment.Job instance at 0x7fd3f3e42410>,44,24,[4 5],45,117,141,72,112
1,<environment.Job instance at 0x7fd3f3e3f1e0>,49,3,[5 9],50,122,125,72,122
1,<environment.Job instance at 0x7fd3f3e3f730>,50,2,[6 4],51,125,127,74,122
1,<environment.Job instance at 0x7fd3f3e3fc30>,51,2,[3 5],52,125,127,73,122
1,<environment.Job instance at 0x7fd3f3e3f5a0>,55,2,[2 9],56,147,149,91,147
1,<environment.Job instance at 0x7fd3f3fbf2d0>,57,1,[3 6],58,151,152,93,151
1,<environment.Job instance at 0x7fd3f40e4dc0>,60,3,[10  4],61,160,163,99,160
1,<environment.Job instance at 0x7fd3fa792820>,64,3,[7 4],65,188,191,123,188
1,<environment.Job instance at 0x7fd3fa792c30>,65,3,[9 4],66,191,194,125,188
1,<environment.Job instance at 0x7fd3fa792eb0>,66,2,[5 5],67,188,190,121,188
1,<environment.Job instance at 0x7fd3b038dc80>,67,1,[10  3],68,194,195,126,188
1,<environment.Job instance at 0x7fd3b038da00>,71,2,[2 9],72,204,206,132,204
1,<environment.Job instance at 0x7fd3b0550050>,72,2,[7 3],73,204,206,131,204
1,<environment.Job instance at 0x7fd3b0550d20>,73,3,[8 1],74,206,209,132,204
1,<environment.Job instance at 0x7fd3f3eb3640>,29,14,[4 9],30,218,232,188,218
1,<environment.Job instance at 0x7fd3f43005a0>,78,2,[4 5],79,224,226,145,224
1,<environment.Job instance at 0x7fd3f3e9d190>,4,3,[7 4],5,7,10,2,7
1,<environment.Job instance at 0x7fd3f3ca64b0>,12,3,[4 8],13,18,21,5,18
1,<environment.Job instance at 0x7fd3fa75e0a0>,13,13,[5 5],14,20,33,6,20
1,<environment.Job instance at 0x7fd3f3f3e410>,14,2,[1 6],15,21,23,6,20
1,<environment.Job instance at 0x7fd3f3f56d70>,16,1,[5 1],17,31,32,14,31
1,<environment.Job instance at 0x7fd3f3f563c0>,17,27,[ 2 11],18,33,60,15,31
1,<environment.Job instance at 0x7fd3fa7ce5a0>,19,3,[11  2],20,33,36,13,32
1,<environment.Job instance at 0x7fd3b048f4b0>,22,1,[12  5],23,60,61,37,34
1,<environment.Job instance at 0x7fd3b048f8c0>,27,3,[7 5],28,61,64,33,46
1,<environment.Job instance at 0x7fd3fabe60f0>,29,1,[8 2],30,61,62,31,60
1,<environment.Job instance at 0x7fd3f3c9e690>,33,12,[7 4],34,77,89,43,77
1,<environment.Job instance at 0x7fd3fabf4780>,34,3,[ 3 10],35,77,80,42,77
1,<environment.Job instance at 0x7fd3f425fc80>,35,1,[7 3],36,80,81,44,77
1,<environment.Job instance at 0x7fd3f425f6e0>,36,3,[5 4],37,81,84,44,77
1,<environment.Job instance at 0x7fd3f425cbe0>,37,2,[7 2],38,84,86,46,77
1,<environment.Job instance at 0x7fd3f424d460>,38,12,[ 4 10],39,86,98,47,78
1,<environment.Job instance at 0x7fd3f425c320>,39,1,[5 7],40,98,99,58,78
1,<environment.Job instance at 0x7fd3fabd60f0>,41,3,[3 9],42,99,102,57,78
1,<environment.Job instance at 0x7fd3fabd6230>,42,16,[ 3 10],43,102,118,59,89
1,<environment.Job instance at 0x7fd3fabd6410>,43,18,[5 5],44,89,107,45,89
1,<environment.Job instance at 0x7fd3fabd6190>,46,13,[3 9],47,118,131,71,102
1,<environment.Job instance at 0x7fd3fabd6730>,47,2,[ 3 10],48,131,133,83,104
1,<environment.Job instance at 0x7fd3fabd6690>,48,18,[1 5],49,107,125,58,104
1,<environment.Job instance at 0x7fd3fabd6a50>,50,19,[4 5],51,125,144,74,115
1,<environment.Job instance at 0x7fd3fabe4230>,51,3,[1 9],52,133,136,81,115
1,<environment.Job instance at 0x7fd3fabe4370>,55,1,[5 8],56,139,140,83,139
1,<environment.Job instance at 0x7fd3fabf55f0>,59,1,[5 4],60,152,153,92,152
1,<environment.Job instance at 0x7fd3fabf59b0>,60,23,[9 4],61,152,175,91,152
1,<environment.Job instance at 0x7fd3fabf57d0>,61,21,[8 2],62,175,196,113,167
1,<environment.Job instance at 0x7fd3fabc8280>,57,2,[9 3],58,196,198,138,171
1,<environment.Job instance at 0x7fd3fabf5e60>,62,21,[5 7],63,171,192,108,171
1,<environment.Job instance at 0x7fd3fabf5690>,68,28,[10  4],69,198,226,129,197
1,<environment.Job instance at 0x7fd3f4300b40>,9,16,[7 2],10,226,242,216,213
1,<environment.Job instance at 0x7fd3b05ba050>,1,18,[3 8],2,2,20,0,2
1,<environment.Job instance at 0x7fd3fadbbb40>,5,1,[ 2 10],6,20,21,14,6
1,<environment.Job instance at 0x7fd3fadbb550>,8,2,[ 1 13],9,21,23,12,9
1,<environment.Job instance at 0x7fd3fadbb410>,9,17,[ 1 10],10,23,40,13,20
1,<environment.Job instance at 0x7fd3b07420a0>,18,2,[7 4],19,23,25,4,20
1,<environment.Job instance at 0x7fd3b0742e60>,19,2,[5 1],20,20,22,0,20
1,<environment.Job instance at 0x7fd3b0742370>,20,2,[10  5],21,25,27,4,21
1,<environment.Job instance at 0x7fd3b0742870>,21,3,[9 1],22,27,30,5,22
1,<environment.Job instance at 0x7fd3b0742780>,23,23,[7 4],24,35,58,11,35
1,<environment.Job instance at 0x7fd3fadbb780>,11,28,[5 1],12,43,71,31,43
1,<environment.Job instance at 0x7fd3b0742500>,26,12,[9 5],27,58,70,31,57
1,<environment.Job instance at 0x7fd3b0747690>,29,15,[2 6],30,70,85,40,58
1,<environment.Job instance at 0x7fd3b0747640>,31,14,[9 4],32,71,85,39,63
1,<environment.Job instance at 0x7fd3b0747960>,32,13,[2 9],33,85,98,52,78
1,<environment.Job instance at 0x7fd3b07472d0>,36,27,[5 2],37,85,112,48,84
1,<environment.Job instance at 0x7fd3b0747870>,38,13,[1 5],39,103,116,64,103
1,<environment.Job instance at 0x7fd3b07477d0>,37,14,[ 3 14],38,116,130,78,103
1,<environment.Job instance at 0x7fd3b0747e10>,28,18,[13  5],29,130,148,101,119
1,<environment.Job instance at 0x7fd3b07473c0>,40,22,[2 5],41,130,152,89,127
1,<environment.Job instance at 0x7fd3b07c9c80>,54,28,[4 5],55,148,176,93,147
1,<environment.Job instance at 0x7fd3b07c93c0>,55,3,[9 2],56,148,151,92,147
1,<environment.Job instance at 0x7fd3fadd5780>,57,2,[ 5 13],58,176,178,118,151
1,<environment.Job instance at 0x7fd3b0747280>,33,3,[13  5],34,178,181,144,162
1,<environment.Job instance at 0x7fd3fadd5050>,60,13,[5 6],61,163,176,102,163
1,<environment.Job instance at 0x7fd3fadd5730>,63,2,[5 1],64,167,169,103,167
1,<environment.Job instance at 0x7fd3fadd5d20>,64,13,[ 5 10],65,181,194,116,169
1,<environment.Job instance at 0x7fd3fadd5a00>,66,3,[5 1],67,169,172,102,169
1,<environment.Job instance at 0x7fd3fadd5190>,67,1,[2 6],68,178,179,110,169
1,<environment.Job instance at 0x7fd3fadd5dc0>,68,18,[5 5],69,181,199,112,172
1,<environment.Job instance at 0x7fd3fadd5910>,73,17,[5 9],74,201,218,127,201
1,<environment.Job instance at 0x7fd3fadd5500>,75,21,[9 3],76,201,222,125,201
1,<environment.Job instance at 0x7fd3f426e230>,77,25,[9 4],78,222,247,144,218
1,<environment.Job instance at 0x7fd3fab1d780>,0,20,[9 3],1,1,21,0,1
1,<environment.Job instance at 0x7fd3fabac2d0>,4,2,[6 1],5,5,7,0,5
1,<environment.Job instance at 0x7fd3fa810a50>,7,1,[ 1 13],8,21,22,13,8
1,<environment.Job instance at 0x7fd3fa810a00>,8,26,[8 2],9,21,47,12,18
1,<environment.Job instance at 0x7fd3b042c3c0>,3,16,[2 6],4,22,38,18,18
1,<environment.Job instance at 0x7fd3fa8c3320>,18,3,[10  2],19,47,50,28,36
1,<environment.Job instance at 0x7fd3f408cc80>,20,2,[4 6],21,47,49,26,47
1,<environment.Job instance at 0x7fd3f3dc9b90>,21,3,[ 4 13],22,49,52,27,47
1,<environment.Job instance at 0x7fd3f3cfb870>,22,18,[7 4],23,52,70,29,47
1,<environment.Job instance at 0x7fd3fad00c30>,23,14,[ 2 10],24,52,66,28,49
1,<environment.Job instance at 0x7fd3f3d4f550>,24,27,[13  3],25,70,97,45,68
1,<environment.Job instance at 0x7fd3fa6dcbe0>,26,2,[5 7],27,68,70,41,68
1,<environment.Job instance at 0x7fd3b0675a50>,30,2,[8 4],31,97,99,66,70
1,<environment.Job instance at 0x7fd3f40ef190>,31,2,[3 9],32,97,99,65,70
1,<environment.Job instance at 0x7fd3fac57aa0>,35,19,[1 5],36,73,92,37,73
1,<environment.Job instance at 0x7fd3fac57f00>,37,1,[10  2],38,99,100,61,85
1,<environment.Job instance at 0x7fd3fac575f0>,39,1,[9 4],40,100,101,60,99
1,<environment.Job instance at 0x7fd3fa681370>,40,18,[9 2],41,101,119,60,99
1,<environment.Job instance at 0x7fd3f3f1bc80>,43,3,[3 9],44,106,109,62,106
1,<environment.Job instance at 0x7fd3f3f1b870>,44,27,[6 1],45,109,136,64,107
1,<environment.Job instance at 0x7fd3f41ac550>,46,17,[ 5 11],47,119,136,72,115
1,<environment.Job instance at 0x7fd3f41ac7d0>,48,3,[3 8],49,136,139,87,117
1,<environment.Job instance at 0x7fd3f41ac410>,50,12,[4 8],51,139,151,88,122
1,<environment.Job instance at 0x7fd3f41accd0>,51,24,[14  3],52,151,175,99,146
1,<environment.Job instance at 0x7fd3fb3ddeb0>,9,2,[9 3],10,175,177,165,151
1,<environment.Job instance at 0x7fd3f41aca50>,54,2,[3 6],55,175,177,120,152
1,<environment.Job instance at 0x7fd3f41ac1e0>,53,24,[10  2],54,177,201,123,172
1,<environment.Job instance at 0x7fd3f3e06f00>,61,2,[1 9],62,172,174,110,172
1,<environment.Job instance at 0x7fd3f3e06b40>,64,3,[9 3],65,201,204,136,181
1,<environment.Job instance at 0x7fd3f422d820>,67,13,[10  4],68,204,217,136,199
1,<environment.Job instance at 0x7fd3f410ddc0>,70,13,[12  1],71,217,230,146,201
1,<environment.Job instance at 0x7fd3f4232b90>,71,16,[ 5 11],72,230,246,158,217
1,<environment.Job instance at 0x7fd3f3dc9e10>,5,3,[10  5],6,6,9,0,6
1,<environment.Job instance at 0x7fd3fa731690>,4,1,[4 6],5,7,8,2,7
1,<environment.Job instance at 0x7fd3f3fb0500>,6,16,[13  1],7,9,25,2,9
1,<environment.Job instance at 0x7fd3fabd0c80>,9,3,[6 2],10,25,28,15,10
1,<environment.Job instance at 0x7fd3f3f67960>,11,1,[6 3],12,25,26,13,12
1,<environment.Job instance at 0x7fd3fadbd870>,16,27,[2 9],17,17,44,0,17
1,<environment.Job instance at 0x7fd3b01985a0>,21,1,[10  1],22,33,34,11,33
1,<environment.Job instance at 0x7fd3b0198640>,22,22,[8 1],23,34,56,11,33
1,<environment.Job instance at 0x7fd3b01986e0>,23,14,[14  4],24,56,70,32,41
1,<environment.Job instance at 0x7fd3b01988c0>,26,2,[14  2],27,70,72,43,54
1,<environment.Job instance at 0x7fd3b0198a00>,27,15,[ 5 12],28,72,87,44,58
1,<environment.Job instance at 0x7fd3b0198af0>,29,2,[10  2],30,72,74,42,62
1,<environment.Job instance at 0x7fd3b0198b90>,30,2,[14  4],31,87,89,56,62
1,<environment.Job instance at 0x7fd3b0198c30>,31,27,[8 5],32,89,116,57,87
1,<environment.Job instance at 0x7fd3b0198f00>,34,16,[11  4],35,116,132,81,104
1,<environment.Job instance at 0x7fd3b0188320>,40,1,[5 2],41,104,105,63,104
1,<environment.Job instance at 0x7fd3b0188460>,41,14,[ 2 12],42,132,146,90,117
1,<environment.Job instance at 0x7fd3b01880a0>,43,26,[7 1],44,132,158,88,129
1,<environment.Job instance at 0x7fd3b0188730>,46,1,[7 3],47,146,147,99,130
1,<environment.Job instance at 0x7fd3b01885f0>,48,12,[ 1 10],49,146,158,97,133
1,<environment.Job instance at 0x7fd3b0188820>,49,1,[7 1],50,147,148,97,133
1,<environment.Job instance at 0x7fd3b01888c0>,50,3,[5 1],51,133,136,82,133
1,<environment.Job instance at 0x7fd3b01880f0>,51,2,[3 8],52,158,160,106,133
1,<environment.Job instance at 0x7fd3b0188c80>,54,15,[2 7],55,158,173,103,154
1,<environment.Job instance at 0x7fd3b0188cd0>,55,3,[6 4],56,154,157,98,154
1,<environment.Job instance at 0x7fd3b0188e10>,57,3,[1 8],58,160,163,102,154
1,<environment.Job instance at 0x7fd3b0188fa0>,58,3,[3 6],59,163,166,104,154
1,<environment.Job instance at 0x7fd3b018c0f0>,61,3,[10  1],62,163,166,101,162
1,<environment.Job instance at 0x7fd3b018c140>,62,18,[1 9],63,173,191,110,162
1,<environment.Job instance at 0x7fd3b018c4b0>,65,1,[7 3],66,173,174,107,173
1,<environment.Job instance at 0x7fd3b018c550>,66,3,[5 5],67,174,177,107,173
1,<environment.Job instance at 0x7fd3b018c5f0>,67,2,[3 7],68,191,193,123,173
1,<environment.Job instance at 0x7fd3b018c730>,69,25,[3 6],70,177,202,107,176
1,<environment.Job instance at 0x7fd3b018c870>,71,16,[ 5 12],72,202,218,130,189
1,<environment.Job instance at 0x7fd3b018cc30>,77,2,[5 2],78,216,218,138,216
1,<environment.Job instance at 0x7fd3b018ccd0>,78,13,[10  4],79,223,236,144,223
1,<environment.Job instance at 0x7fd3b018cd70>,79,19,[2 5],80,223,242,143,223
1,<environment.Job instance at 0x7fd3b018ce10>,80,1,[2 5],81,223,224,142,223
1,<environment.Job instance at 0x7fd3fad04e10>,4,1,[2 9],5,5,6,0,5
1,<environment.Job instance at 0x7fd3f3f88eb0>,8,16,[14  4],9,9,25,0,9
1,<environment.Job instance at 0x7fd3f3f885f0>,11,12,[8 1],12,25,37,13,18
1,<environment.Job instance at 0x7fd3f3f886e0>,14,19,[ 5 10],15,32,51,17,32
1,<environment.Job instance at 0x7fd3f3f88690>,15,3,[9 1],16,37,40,21,32
1,<environment.Job instance at 0x7fd3fa758eb0>,19,3,[ 1 12],20,51,54,31,38
1,<environment.Job instance at 0x7fd3fa7580f0>,20,13,[8 3],21,45,58,24,45
1,<environment.Job instance at 0x7fd3fa758aa0>,21,1,[2 7],22,54,55,32,45
1,<environment.Job instance at 0x7fd3f3c00230>,22,1,[1 8],23,55,56,32,45
1,<environment.Job instance at 0x7fd3f3cef1e0>,23,17,[13  3],24,58,75,34,46
1,<environment.Job instance at 0x7fd3fac57050>,24,3,[13  1],25,75,78,50,49
1,<environment.Job instance at 0x7fd3fa763820>,28,3,[1 7],29,60,63,31,60
1,<environment.Job instance at 0x7fd3f3f28b90>,30,20,[8 5],31,78,98,47,69
1,<environment.Job instance at 0x7fd3b042e6e0>,35,25,[4 5],36,79,104,43,79
1,<environment.Job instance at 0x7fd3f40d2f50>,37,3,[2 7],38,98,101,60,79
1,<environment.Job instance at 0x7fd3f427e410>,38,1,[ 4 14],39,104,105,65,79
1,<environment.Job instance at 0x7fd3fab2fa00>,39,1,[5 6],40,101,102,61,79
1,<environment.Job instance at 0x7fd3fafc0230>,42,3,[5 8],43,105,108,62,85
1,<environment.Job instance at 0x7fd3fac91730>,44,2,[3 9],45,102,104,57,91
1,<environment.Job instance at 0x7fd3fa7c7d20>,45,1,[1 7],46,105,106,59,91
1,<environment.Job instance at 0x7fd3b04ebf50>,46,2,[5 3],47,98,100,51,91
1,<environment.Job instance at 0x7fd3b04ebbe0>,47,1,[4 7],48,106,107,58,91
1,<environment.Job instance at 0x7fd3fabb04b0>,49,2,[4 8],50,108,110,58,103
1,<environment.Job instance at 0x7fd3fabb03c0>,50,2,[13  2],51,110,112,59,103
1,<environment.Job instance at 0x7fd3f3fff550>,52,18,[4 8],53,112,130,59,105
1,<environment.Job instance at 0x7fd3f3fff870>,54,1,[12  5],55,130,131,75,113
1,<environment.Job instance at 0x7fd3f3fffd70>,55,3,[3 9],56,130,133,74,113
1,<environment.Job instance at 0x7fd3f437d8c0>,57,26,[ 3 10],58,133,159,75,130
1,<environment.Job instance at 0x7fd3fa7613c0>,60,2,[5 4],61,137,139,76,137
1,<environment.Job instance at 0x7fd3f40b7410>,61,3,[12  2],62,139,142,77,137
1,<environment.Job instance at 0x7fd3f41e5eb0>,62,1,[2 6],63,159,160,96,137
1,<environment.Job instance at 0x7fd3f3f10d70>,67,2,[5 8],68,159,161,91,137
1,<environment.Job instance at 0x7fd3f3f104b0>,68,3,[6 2],69,142,145,73,137
1,<environment.Job instance at 0x7fd3f3f102d0>,69,2,[10  1],70,145,147,75,137
1,<environment.Job instance at 0x7fd3f3f10960>,71,17,[7 4],72,160,177,88,148
1,<environment.Job instance at 0x7fd3f3f10910>,72,1,[7 4],73,148,149,75,148
1,<environment.Job instance at 0x7fd3f3f10c80>,74,3,[14  3],75,177,180,102,151
1,<environment.Job instance at 0x7fd3f3f10410>,77,3,[6 5],78,164,167,86,164
1,<environment.Job instance at 0x7fd3f3f10be0>,78,1,[2 8],79,167,168,88,164
1,<environment.Job instance at 0x7fd3f3f10500>,79,2,[6 3],80,167,169,87,164
1,<environment.Job instance at 0x7fd3f41a50a0>,81,1,[5 3],82,169,170,87,165
1,<environment.Job instance at 0x7fd3f41a5640>,85,3,[ 1 10],86,181,184,95,181
1,<environment.Job instance at 0x7fd3f41a5730>,86,1,[11  3],87,181,182,94,181
1,<environment.Job instance at 0x7fd3f41a59b0>,87,1,[8 4],88,182,183,94,181
1,<environment.Job instance at 0x7fd3f41a5820>,89,2,[3 9],90,184,186,94,182
1,<environment.Job instance at 0x7fd3f41a5910>,93,14,[14  1],94,201,215,107,201
1,<environment.Job instance at 0x7fd3f41a5eb0>,84,12,[7 1],85,215,227,130,202
1,<environment.Job instance at 0x7fd3f41a5050>,96,17,[4 8],97,215,232,118,204
1,<environment.Job instance at 0x7fd3fab8a690>,0,3,[ 2 10],1,1,4,0,1
1,<environment.Job instance at 0x7fd3f3e2b6e0>,4,2,[1 5],5,9,11,4,9
1,<environment.Job instance at 0x7fd3fade1460>,5,3,[9 4],6,9,12,3,9
1,<environment.Job instance at 0x7fd3b04fb820>,6,25,[8 1],7,12,37,5,9
1,<environment.Job instance at 0x7fd3b04fb7d0>,7,18,[ 1 10],8,15,33,7,15
1,<environment.Job instance at 0x7fd3f437d550>,12,3,[10  3],13,37,40,24,23
1,<environment.Job instance at 0x7fd3f3c31a00>,18,2,[7 1],19,33,35,14,23
1,<environment.Job instance at 0x7fd3f3c7fbe0>,17,17,[5 6],18,40,57,22,40
1,<environment.Job instance at 0x7fd3f4259050>,22,3,[8 4],23,40,43,17,40
1,<environment.Job instance at 0x7fd3b0207190>,24,19,[1 8],25,43,62,18,40
1,<environment.Job instance at 0x7fd3f3e2d280>,25,3,[9 3],26,57,60,31,40
1,<environment.Job instance at 0x7fd3b04e5be0>,27,3,[6 1],28,48,51,20,48
1,<environment.Job instance at 0x7fd3f3cb54b0>,28,12,[ 1 10],29,62,74,33,48
1,<environment.Job instance at 0x7fd3f425e2d0>,29,3,[5 3],30,57,60,27,48
1,<environment.Job instance at 0x7fd3fab71410>,31,3,[10  1],32,60,63,28,54
1,<environment.Job instance at 0x7fd3f406f690>,33,20,[4 5],34,63,83,29,60
1,<environment.Job instance at 0x7fd3f3f28dc0>,34,2,[6 5],35,74,76,39,60
1,<environment.Job instance at 0x7fd3f3f28c30>,35,20,[5 5],36,74,94,38,65
1,<environment.Job instance at 0x7fd3f415beb0>,37,13,[14  1],38,94,107,56,78
1,<environment.Job instance at 0x7fd3f3f280a0>,39,2,[1 6],40,83,85,43,78
1,<environment.Job instance at 0x7fd3f4132690>,40,16,[ 2 10],41,107,123,66,100
1,<environment.Job instance at 0x7fd3f4132b40>,45,3,[5 2],46,107,110,61,104
1,<environment.Job instance at 0x7fd3fa818230>,46,2,[14  1],47,123,125,76,104
1,<environment.Job instance at 0x7fd3fa818b40>,50,3,[7 3],51,108,111,57,108
1,<environment.Job instance at 0x7fd3f3d0d3c0>,51,25,[1 6],52,123,148,71,119
1,<environment.Job instance at 0x7fd3f3d0de10>,52,12,[12  2],53,125,137,72,119
1,<environment.Job instance at 0x7fd3f3d0d190>,53,26,[10  4],54,137,163,83,134
1,<environment.Job instance at 0x7fd3f3d0dc30>,55,24,[4 7],56,148,172,92,143
1,<environment.Job instance at 0x7fd3b06475f0>,62,1,[3 6],63,163,164,100,152
1,<environment.Job instance at 0x7fd3fac1d5f0>,65,3,[2 8],66,164,167,98,159
1,<environment.Job instance at 0x7fd3fac1df50>,67,28,[7 2],68,167,195,99,166
1,<environment.Job instance at 0x7fd3f40dceb0>,69,27,[ 3 10],70,173,200,103,173
1,<environment.Job instance at 0x7fd3f40dc7d0>,71,1,[7 2],72,195,196,123,179
1,<environment.Job instance at 0x7fd3f40dce10>,72,26,[9 1],73,196,222,123,193
1,<environment.Job instance at 0x7fd3f40dccd0>,73,2,[4 9],74,200,202,126,193
1,<environment.Job instance at 0x7fd3f40dc4b0>,74,21,[10  5],75,222,243,147,214
1,<environment.Job instance at 0x7fd3b033e730>,76,3,[ 2 14],77,215,218,138,215
1,<environment.Job instance at 0x7fd3f3e96730>,1,18,[14  2],2,6,24,4,6
1,<environment.Job instance at 0x7fd3f3c30af0>,6,18,[1 8],7,7,25,0,7
1,<environment.Job instance at 0x7fd3f40ef690>,7,27,[4 8],8,25,52,17,23
1,<environment.Job instance at 0x7fd3f4095370>,12,1,[5 5],13,24,25,11,23
1,<environment.Job instance at 0x7fd3f3c5f320>,14,3,[10  5],15,25,28,10,23
1,<environment.Job instance at 0x7fd3f410beb0>,19,1,[1 5],20,37,38,17,37
1,<environment.Job instance at 0x7fd3f410bf50>,20,1,[10  3],21,38,39,17,37
1,<environment.Job instance at 0x7fd3f4116640>,24,1,[1 7],25,53,54,28,53
1,<environment.Job instance at 0x7fd3f41166e0>,25,3,[3 6],26,53,56,27,53
1,<environment.Job instance at 0x7fd3f4116780>,26,18,[4 9],27,54,72,27,53
1,<environment.Job instance at 0x7fd3f4116aa0>,31,3,[5 2],32,75,78,43,75
1,<environment.Job instance at 0x7fd3f41165f0>,23,2,[2 7],24,75,77,51,75
1,<environment.Job instance at 0x7fd3f4116d20>,35,1,[3 8],36,86,87,50,86
1,<environment.Job instance at 0x7fd3f4116d70>,37,2,[7 1],38,86,88,48,86
1,<environment.Job instance at 0x7fd3f4116f50>,38,2,[5 5],39,86,88,47,86
1,<environment.Job instance at 0x7fd3f41090f0>,42,2,[6 4],43,103,105,60,103
1,<environment.Job instance at 0x7fd3f41091e0>,43,1,[5 3],44,103,104,59,103
1,<environment.Job instance at 0x7fd3f41093c0>,45,1,[5 1],46,114,115,68,114
1,<environment.Job instance at 0x7fd3f41095f0>,48,3,[6 1],49,119,122,70,119
1,<environment.Job instance at 0x7fd3f4109780>,50,1,[9 3],51,128,129,77,128
1,<environment.Job instance at 0x7fd3f4109280>,51,1,[2 5],52,128,129,76,128
1,<environment.Job instance at 0x7fd3f4109c30>,54,2,[7 3],55,141,143,86,141
1,<environment.Job instance at 0x7fd3f4109cd0>,55,18,[4 9],56,141,159,85,141
1,<environment.Job instance at 0x7fd3f4109e10>,57,1,[8 1],58,143,144,85,141
1,<environment.Job instance at 0x7fd3f4109fa0>,59,3,[9 5],60,159,162,99,159
1,<environment.Job instance at 0x7fd3f4109dc0>,60,2,[8 4],61,162,164,101,159
1,<environment.Job instance at 0x7fd3f4109a50>,61,1,[3 9],62,159,160,97,159
1,<environment.Job instance at 0x7fd3f4109910>,62,1,[2 9],63,160,161,97,159
1,<environment.Job instance at 0x7fd3b02c7280>,63,18,[6 1],64,175,193,111,175
1,<environment.Job instance at 0x7fd3b02c7460>,66,21,[10  4],67,193,214,126,185
1,<environment.Job instance at 0x7fd3b02c7500>,67,14,[ 3 12],68,214,228,146,199
1,<environment.Job instance at 0x7fd3b02c7780>,75,23,[7 3],76,214,237,138,208
1,<environment.Job instance at 0x7fd3b02c7730>,76,2,[ 2 10],77,208,210,131,208
1,<environment.Job instance at 0x7fd3b02c7b40>,77,20,[8 3],78,228,248,150,219
1,<environment.Job instance at 0x7fd3b02ba230>,2,2,[7 3],3,3,5,0,3
1,<environment.Job instance at 0x7fd3f3d300f0>,3,2,[8 4],4,4,6,0,4
1,<environment.Job instance at 0x7fd3affeaeb0>,8,3,[7 1],9,9,12,0,9
1,<environment.Job instance at 0x7fd3affea6e0>,9,14,[2 7],10,16,30,6,16
1,<environment.Job instance at 0x7fd3b0388d20>,14,1,[8 2],15,23,24,8,23
1,<environment.Job instance at 0x7fd3b0388a50>,15,3,[14  3],16,30,33,14,23
1,<environment.Job instance at 0x7fd3b0388820>,12,16,[3 7],13,33,49,20,23
1,<environment.Job instance at 0x7fd3b0388190>,17,18,[2 8],18,37,55,19,37
1,<environment.Job instance at 0x7fd3b03880f0>,23,12,[10  2],24,49,61,25,37
1,<environment.Job instance at 0x7fd3b0388460>,26,18,[ 2 10],27,55,73,28,54
1,<environment.Job instance at 0x7fd3b0388be0>,27,2,[ 1 10],28,73,75,45,54
1,<environment.Job instance at 0x7fd3f3d0d370>,28,1,[4 7],29,75,76,46,54
1,<environment.Job instance at 0x7fd3f3d0de10>,29,3,[13  3],30,61,64,31,54
1,<environment.Job instance at 0x7fd3f3d0dc80>,34,3,[5 1],35,64,67,29,63
1,<environment.Job instance at 0x7fd3f42f20a0>,36,1,[10  1],37,68,69,31,68
1,<environment.Job instance at 0x7fd3fb262c30>,38,12,[10  1],39,78,90,39,78
1,<environment.Job instance at 0x7fd3f42f2140>,40,17,[5 2],41,80,97,39,80
1,<environment.Job instance at 0x7fd3b0435230>,41,21,[8 4],42,90,111,48,82
1,<environment.Job instance at 0x7fd3b0388780>,21,14,[1 8],22,90,104,68,83
1,<environment.Job instance at 0x7fd3affeab90>,10,3,[13  5],11,111,114,100,108
1,<environment.Job instance at 0x7fd3b0435aa0>,47,18,[2 7],48,108,126,60,108
1,<environment.Job instance at 0x7fd3b0435730>,49,1,[1 7],50,114,115,64,108
1,<environment.Job instance at 0x7fd3fab97d20>,53,2,[4 5],54,115,117,61,108
1,<environment.Job instance at 0x7fd3fab97910>,54,20,[8 2],55,115,135,60,108
1,<environment.Job instance at 0x7fd3fab97550>,56,2,[4 7],57,126,128,69,112
1,<environment.Job instance at 0x7fd3face7d20>,58,3,[8 2],59,135,138,76,112
1,<environment.Job instance at 0x7fd3face7fa0>,60,21,[10  5],61,138,159,77,130
1,<environment.Job instance at 0x7fd3fb1a05f0>,61,2,[5 3],62,130,132,68,130
1,<environment.Job instance at 0x7fd3fb1a08c0>,62,2,[5 5],63,132,134,69,130
1,<environment.Job instance at 0x7fd3fb1a02d0>,63,19,[7 1],64,159,178,95,149
1,<environment.Job instance at 0x7fd3fb1a0190>,65,1,[ 3 11],66,159,160,93,149
1,<environment.Job instance at 0x7fd3fb1a0d20>,66,2,[9 2],67,178,180,111,151
1,<environment.Job instance at 0x7fd3fb1a0410>,67,2,[4 6],68,151,153,83,151
1,<environment.Job instance at 0x7fd3b071cf00>,68,2,[ 5 10],69,153,155,84,151
1,<environment.Job instance at 0x7fd3f3f2b370>,75,1,[4 8],76,155,156,79,152
1,<environment.Job instance at 0x7fd3f3f2be60>,76,23,[ 1 13],77,160,183,83,154
1,<environment.Job instance at 0x7fd3f3f2bbe0>,77,2,[ 2 11],78,183,185,105,156
1,<environment.Job instance at 0x7fd3b01bdaa0>,83,1,[5 5],84,185,186,101,168
1,<environment.Job instance at 0x7fd3b01bd690>,84,24,[7 3],85,183,207,98,178
1,<environment.Job instance at 0x7fd3b01bd640>,86,21,[5 3],87,186,207,99,178
1,<environment.Job instance at 0x7fd3b01bd6e0>,87,22,[1 9],88,186,208,98,179
1,<environment.Job instance at 0x7fd3b01bd280>,89,1,[ 4 10],90,208,209,118,180
1,<environment.Job instance at 0x7fd3f3cf6370>,92,2,[6 5],93,207,209,114,189
1,<environment.Job instance at 0x7fd3f3cf6a50>,94,19,[ 5 12],95,209,228,114,199
1,<environment.Job instance at 0x7fd3fb1a0e10>,1,18,[1 7],2,2,20,0,2
1,<environment.Job instance at 0x7fd3f408f1e0>,2,3,[1 9],3,20,23,17,3
1,<environment.Job instance at 0x7fd3f3caa280>,3,1,[6 2],4,4,5,0,4
1,<environment.Job instance at 0x7fd3b0000c30>,4,2,[1 8],5,5,7,0,5
1,<environment.Job instance at 0x7fd3f42939b0>,5,1,[ 4 14],6,23,24,17,6
1,<environment.Job instance at 0x7fd3f3d30fa0>,9,2,[5 3],10,15,17,5,15
1,<environment.Job instance at 0x7fd3f4300cd0>,14,18,[7 1],15,16,34,1,16
1,<environment.Job instance at 0x7fd3f427a050>,8,2,[2 7],9,17,19,8,17
1,<environment.Job instance at 0x7fd3f43004b0>,17,1,[10  4],18,34,35,16,19
1,<environment.Job instance at 0x7fd3f4300a00>,15,2,[10  4],16,35,37,19,25
1,<environment.Job instance at 0x7fd3f4300230>,16,14,[ 5 11],17,28,42,11,28
1,<environment.Job instance at 0x7fd3b005f3c0>,27,1,[10  4],28,37,38,9,28
1,<environment.Job instance at 0x7fd3b005f820>,28,22,[10  4],29,38,60,9,31
1,<environment.Job instance at 0x7fd3b005f1e0>,32,3,[4 6],33,57,60,24,57
1,<environment.Job instance at 0x7fd3b005f4b0>,33,2,[1 5],34,57,59,23,57
1,<environment.Job instance at 0x7fd3b0388c30>,19,22,[14  5],20,61,83,41,61
1,<environment.Job instance at 0x7fd3b005fd70>,25,12,[10  4],26,83,95,57,66
1,<environment.Job instance at 0x7fd3f3ebe910>,42,2,[5 3],43,83,85,40,83
1,<environment.Job instance at 0x7fd3f3ebe5a0>,45,1,[1 9],46,98,99,52,98
1,<environment.Job instance at 0x7fd3f3ebeaa0>,46,2,[1 9],47,99,101,52,98
1,<environment.Job instance at 0x7fd3f3ebe460>,48,25,[5 7],49,101,126,52,98
1,<environment.Job instance at 0x7fd3b005ff50>,31,21,[5 8],32,101,122,69,98
1,<environment.Job instance at 0x7fd3affa74b0>,49,13,[ 3 12],50,126,139,76,110
1,<environment.Job instance at 0x7fd3affa76e0>,53,2,[1 5],54,122,124,68,110
1,<environment.Job instance at 0x7fd3affa7500>,55,3,[5 3],56,122,125,66,112
1,<environment.Job instance at 0x7fd3affa7aa0>,56,1,[7 2],57,125,126,68,112
1,<environment.Job instance at 0x7fd3affa7460>,58,3,[12  5],59,139,142,80,130
1,<environment.Job instance at 0x7fd3affa73c0>,59,1,[8 4],60,142,143,82,130
1,<environment.Job instance at 0x7fd3f3e204b0>,62,18,[5 8],63,142,160,79,132
1,<environment.Job instance at 0x7fd3f3e20a50>,64,3,[9 3],65,132,135,67,132
1,<environment.Job instance at 0x7fd3f3e209b0>,65,26,[14  3],66,160,186,94,157
1,<environment.Job instance at 0x7fd3b0724140>,71,19,[3 6],72,186,205,114,176
1,<environment.Job instance at 0x7fd3fb28bd20>,75,2,[8 4],76,186,188,110,183
1,<environment.Job instance at 0x7fd3b0105b40>,76,2,[14  2],77,205,207,128,183
1,<environment.Job instance at 0x7fd3b0105d20>,77,3,[13  2],78,207,210,129,183
1,<environment.Job instance at 0x7fd3b0105500>,78,1,[5 2],79,188,189,109,183
1,<environment.Job instance at 0x7fd3b0105730>,80,1,[3 6],81,188,189,107,185
1,<environment.Job instance at 0x7fd3b0105410>,81,19,[3 9],82,210,229,128,200
1,<environment.Job instance at 0x7fd3f3ebe230>,40,16,[8 3],41,210,226,169,200
1,<environment.Job instance at 0x7fd3b0388a00>,22,12,[11  2],23,226,238,203,210
1,<environment.Job instance at 0x7fd3afe65410>,0,19,[3 8],1,1,20,0,1
1,<environment.Job instance at 0x7fd3f3ebe690>,2,22,[13  5],3,20,42,17,13
1,<environment.Job instance at 0x7fd3f41162d0>,7,27,[3 7],8,42,69,34,40
1,<environment.Job instance at 0x7fd3b068ee60>,16,27,[13  1],17,69,96,52,67
1,<environment.Job instance at 0x7fd3fa7f6730>,19,2,[5 5],20,67,69,47,67
1,<environment.Job instance at 0x7fd3fa7f60f0>,20,1,[5 1],21,67,68,46,67
1,<environment.Job instance at 0x7fd3b07feb90>,25,25,[2 7],26,78,103,52,78
1,<environment.Job instance at 0x7fd3b07fee10>,27,17,[ 5 14],28,103,120,75,91
1,<environment.Job instance at 0x7fd3b07fe8c0>,30,2,[10  4],31,97,99,66,97
1,<environment.Job instance at 0x7fd3b081af00>,34,2,[9 1],35,107,109,72,107
1,<environment.Job instance at 0x7fd3b081afa0>,35,1,[7 1],36,109,110,73,107
1,<environment.Job instance at 0x7fd3b081ad70>,36,1,[6 4],37,120,121,83,107
1,<environment.Job instance at 0x7fd3b081a730>,38,2,[3 8],39,120,122,81,110
1,<environment.Job instance at 0x7fd3b081a2d0>,39,3,[ 1 10],40,122,125,82,110
1,<environment.Job instance at 0x7fd3face7e10>,4,16,[4 6],5,125,141,120,120
1,<environment.Job instance at 0x7fd3b080f0a0>,42,2,[8 4],43,122,124,79,122
1,<environment.Job instance at 0x7fd3b07f8f00>,48,3,[9 4],49,127,130,78,127
1,<environment.Job instance at 0x7fd3b07f8050>,51,26,[6 3],52,130,156,78,128
1,<environment.Job instance at 0x7fd3b081aa50>,41,1,[5 8],42,141,142,99,137
1,<environment.Job instance at 0x7fd3b07f8820>,49,12,[2 9],50,142,154,92,140
1,<environment.Job instance at 0x7fd3b0021140>,54,1,[5 7],55,154,155,99,143
1,<environment.Job instance at 0x7fd3b0525aa0>,56,17,[10  5],57,156,173,99,144
1,<environment.Job instance at 0x7fd3b0021500>,57,1,[ 5 12],58,173,174,115,161
1,<environment.Job instance at 0x7fd3b0702e60>,59,3,[12  2],60,174,177,114,161
1,<environment.Job instance at 0x7fd3b07f0d20>,63,1,[10  2],64,173,174,109,162
1,<environment.Job instance at 0x7fd3b07f0190>,61,3,[11  1],62,177,180,115,165
1,<environment.Job instance at 0x7fd3f3fb0f00>,65,27,[8 5],66,180,207,114,178
1,<environment.Job instance at 0x7fd3b022c460>,68,24,[7 4],69,195,219,126,195
1,<environment.Job instance at 0x7fd3b022e4b0>,66,22,[9 5],67,219,241,152,215
1,<environment.Job instance at 0x7fd3b02489b0>,75,2,[5 4],76,225,227,149,225
1,<environment.Job instance at 0x7fd3b0248fa0>,77,13,[ 2 13],78,241,254,163,225
1,<environment.Job instance at 0x7fd3f4069e10>,5,25,[10  3],6,6,31,0,6
1,<environment.Job instance at 0x7fd3f3e0f960>,6,2,[12  3],7,31,33,24,7
1,<environment.Job instance at 0x7fd3f408e1e0>,12,2,[ 1 10],13,16,18,3,16
1,<environment.Job instance at 0x7fd3b0174eb0>,14,3,[14  3],15,33,36,18,20
1,<environment.Job instance at 0x7fd3b0174be0>,15,2,[5 1],16,20,22,4,20
1,<environment.Job instance at 0x7fd3fa69b050>,17,2,[10  1],18,36,38,18,20
1,<environment.Job instance at 0x7fd3f408f870>,10,12,[4 6],11,36,48,25,30
1,<environment.Job instance at 0x7fd3b02baf00>,3,16,[5 2],4,38,54,34,31
1,<environment.Job instance at 0x7fd3f3d09f50>,23,17,[2 5],24,38,55,14,33
1,<environment.Job instance at 0x7fd3afe6dbe0>,9,14,[8 1],10,48,62,38,33
1,<environment.Job instance at 0x7fd3f3d094b0>,26,3,[12  5],27,62,65,35,43
1,<environment.Job instance at 0x7fd3f3d090a0>,24,17,[2 6],25,54,71,29,45
1,<environment.Job instance at 0x7fd3faa7eaf0>,19,15,[13  3],20,65,80,45,54
1,<environment.Job instance at 0x7fd3b0563b90>,28,2,[5 8],29,80,82,51,62
1,<environment.Job instance at 0x7fd3f3d09780>,22,25,[7 5],23,108,133,85,108
1,<environment.Job instance at 0x7fd3b01b0af0>,38,3,[ 3 10],39,121,124,82,121
1,<environment.Job instance at 0x7fd3fa7310f0>,48,1,[ 2 10],49,124,125,75,123
1,<environment.Job instance at 0x7fd3fa7311e0>,49,18,[1 9],50,126,144,76,126
1,<environment.Job instance at 0x7fd3fa731190>,51,3,[7 1],52,130,133,78,130
1,<environment.Job instance at 0x7fd3b008cb90>,53,3,[5 5],54,136,139,82,136
1,<environment.Job instance at 0x7fd3b008c7d0>,55,1,[5 5],56,141,142,85,141
1,<environment.Job instance at 0x7fd3f4212820>,59,20,[5 3],60,162,182,102,162
1,<environment.Job instance at 0x7fd3f4212410>,60,2,[7 1],61,162,164,101,162
1,<environment.Job instance at 0x7fd3f4212460>,62,1,[ 1 10],63,174,175,111,174
1,<environment.Job instance at 0x7fd3f42120a0>,63,2,[ 4 10],64,175,177,111,174
1,<environment.Job instance at 0x7fd3f4212a00>,65,23,[1 8],66,177,200,111,176
1,<environment.Job instance at 0x7fd3f4212cd0>,66,3,[3 8],67,200,203,133,176
1,<environment.Job instance at 0x7fd3fade8320>,67,3,[3 5],68,182,185,114,176
1,<environment.Job instance at 0x7fd3fade8690>,68,13,[ 5 13],69,203,216,134,187
1,<environment.Job instance at 0x7fd3fade8af0>,69,3,[3 5],70,187,190,117,187
1,<environment.Job instance at 0x7fd3affda140>,70,1,[4 6],71,190,191,119,187
1,<environment.Job instance at 0x7fd3affdacd0>,71,1,[2 7],72,191,192,119,187
1,<environment.Job instance at 0x7fd3affda8c0>,72,3,[ 5 13],73,216,219,143,190
1,<environment.Job instance at 0x7fd3b0717c30>,76,1,[8 5],77,194,195,117,194
1,<environment.Job instance at 0x7fd3b0717230>,78,19,[3 9],79,219,238,140,210
1,<environment.Job instance at 0x7fd3faa7ef50>,20,24,[7 2],21,212,236,191,212
1,<environment.Job instance at 0x7fd3fadcec30>,82,1,[10  2],83,236,237,153,212
1,<environment.Job instance at 0x7fd3fab8b500>,1,3,[8 3],2,2,5,0,2
1,<environment.Job instance at 0x7fd3fa75ed20>,6,2,[2 7],7,7,9,0,7
1,<environment.Job instance at 0x7fd3f4358410>,7,17,[2 9],8,9,26,1,8
1,<environment.Job instance at 0x7fd3f4358fa0>,8,27,[9 1],9,9,36,0,9
1,<environment.Job instance at 0x7fd3f4358a50>,13,27,[6 5],14,26,53,12,24
1,<environment.Job instance at 0x7fd3fadce8c0>,4,13,[1 5],5,36,49,31,24
1,<environment.Job instance at 0x7fd3f4358b90>,15,26,[6 1],16,36,62,20,33
1,<environment.Job instance at 0x7fd3f4358690>,20,26,[4 5],21,53,79,32,50
1,<environment.Job instance at 0x7fd3f4358dc0>,16,16,[10  2],17,62,78,45,52
1,<environment.Job instance at 0x7fd3aff37fa0>,27,15,[12  1],28,79,94,51,65
1,<environment.Job instance at 0x7fd3aff37140>,29,23,[4 6],30,94,117,64,88
1,<environment.Job instance at 0x7fd3aff37aa0>,23,17,[9 1],24,94,111,70,88
1,<environment.Job instance at 0x7fd3aff373c0>,32,3,[3 5],33,89,92,56,89
1,<environment.Job instance at 0x7fd3aff370a0>,30,1,[ 2 14],31,117,118,86,95
1,<environment.Job instance at 0x7fd3aff37a00>,40,3,[8 1],41,111,114,70,99
1,<environment.Job instance at 0x7fd3aff31500>,43,16,[1 8],44,118,134,74,113
1,<environment.Job instance at 0x7fd3aff31320>,46,1,[7 2],47,114,115,67,113
1,<environment.Job instance at 0x7fd3aff31910>,47,25,[9 5],48,118,143,70,114
1,<environment.Job instance at 0x7fd3aff31460>,48,2,[ 1 13],49,143,145,94,123
1,<environment.Job instance at 0x7fd3aff310a0>,51,1,[2 5],52,134,135,82,129
1,<environment.Job instance at 0x7fd3aff31a50>,53,1,[6 3],54,135,136,81,129
1,<environment.Job instance at 0x7fd3aff31230>,55,15,[ 3 14],56,145,160,89,131
1,<environment.Job instance at 0x7fd3aff31820>,58,15,[ 5 14],59,160,175,101,146
1,<environment.Job instance at 0x7fd3afec3870>,64,2,[6 5],65,175,177,110,166
1,<environment.Job instance at 0x7fd3afec3be0>,67,2,[ 1 11],68,177,179,109,172
1,<environment.Job instance at 0x7fd3afec36e0>,68,27,[4 6],69,179,206,110,177
1,<environment.Job instance at 0x7fd3afec3910>,69,2,[5 9],70,185,187,115,185
1,<environment.Job instance at 0x7fd3afec34b0>,75,1,[2 9],76,190,191,114,190
1,<environment.Job instance at 0x7fd3afec3640>,76,3,[1 5],77,191,194,114,190
1,<environment.Job instance at 0x7fd3afec3f00>,77,1,[5 4],78,191,192,113,190
1,<environment.Job instance at 0x7fd3afec38c0>,79,3,[7 3],80,193,196,113,193
1,<environment.Job instance at 0x7fd3afec3fa0>,80,2,[5 2],81,196,198,115,193
1,<environment.Job instance at 0x7fd3b03e22d0>,84,2,[9 2],85,215,217,130,215
1,<environment.Job instance at 0x7fd3b03e2820>,86,3,[ 2 10],87,215,218,128,215
1,<environment.Job instance at 0x7fd3f414b5a0>,2,3,[ 4 10],3,3,6,0,3
1,<environment.Job instance at 0x7fd3b039fe60>,12,1,[9 5],13,22,23,9,22
1,<environment.Job instance at 0x7fd3afeb5910>,14,16,[12  4],15,27,43,12,27
1,<environment.Job instance at 0x7fd3afeb5d70>,15,2,[ 3 10],16,27,29,11,27
1,<environment.Job instance at 0x7fd3f42e2c30>,11,16,[10  2],12,43,59,31,39
1,<environment.Job instance at 0x7fd3b01e4fa0>,9,1,[5 5],10,43,44,33,39
1,<environment.Job instance at 0x7fd3b03e2820>,4,3,[1 6],5,39,42,34,39
1,<environment.Job instance at 0x7fd3afde7c80>,20,1,[8 5],21,59,60,38,39
1,<environment.Job instance at 0x7fd3f3d0c320>,21,2,[9 5],22,60,62,38,41
1,<environment.Job instance at 0x7fd3b07ccb40>,26,3,[ 2 12],27,45,48,18,45
1,<environment.Job instance at 0x7fd3afde70a0>,18,16,[11  4],19,62,78,43,49
1,<environment.Job instance at 0x7fd3b07cc460>,29,25,[4 9],30,51,76,21,51
1,<environment.Job instance at 0x7fd3b07b7730>,34,3,[5 3],35,78,81,43,66
1,<environment.Job instance at 0x7fd3b07b7550>,38,2,[2 5],39,82,84,43,82
1,<environment.Job instance at 0x7fd3b07cc870>,23,26,[9 5],24,115,141,91,115
1,<environment.Job instance at 0x7fd3b07b7f50>,39,18,[14  4],40,141,159,101,130
1,<environment.Job instance at 0x7fd3b07bdfa0>,41,13,[ 2 13],42,159,172,117,143
1,<environment.Job instance at 0x7fd3b07bd6e0>,42,3,[ 2 14],43,172,175,129,146
1,<environment.Job instance at 0x7fd3f3c581e0>,43,1,[9 4],44,175,176,131,147
1,<environment.Job instance at 0x7fd3f3c58460>,44,19,[3 6],45,175,194,130,165
1,<environment.Job instance at 0x7fd3f3c483c0>,46,3,[3 5],47,175,178,128,165
1,<environment.Job instance at 0x7fd3f3dd0140>,48,2,[ 1 10],49,194,196,145,167
1,<environment.Job instance at 0x7fd3b03caaa0>,52,12,[11  5],53,187,199,134,187
1,<environment.Job instance at 0x7fd3f3df0870>,53,3,[9 5],54,199,202,145,187
1,<environment.Job instance at 0x7fd3b004ee10>,54,3,[5 4],55,199,202,144,187
1,<environment.Job instance at 0x7fd3f3c5ddc0>,57,2,[6 3],58,202,204,144,187
1,<environment.Job instance at 0x7fd3f3ddc870>,58,14,[3 7],59,202,216,143,189
1,<environment.Job instance at 0x7fd3b0266140>,60,3,[5 6],61,204,207,143,193
1,<environment.Job instance at 0x7fd3b02668c0>,64,2,[4 6],65,219,221,154,219
1,<environment.Job instance at 0x7fd3b0266500>,65,2,[ 2 10],66,221,223,155,219
1,<environment.Job instance at 0x7fd3b02815a0>,2,2,[3 8],3,4,6,1,4
1,<environment.Job instance at 0x7fd3f407f4b0>,9,16,[3 8],10,14,30,4,14
1,<environment.Job instance at 0x7fd3afdf27d0>,11,18,[4 9],12,30,48,18,19
1,<environment.Job instance at 0x7fd3b07cc280>,3,1,[5 2],4,19,20,15,19
1,<environment.Job instance at 0x7fd3fa7d0cd0>,12,1,[5 6],13,20,21,7,20
1,<environment.Job instance at 0x7fd3aff23f00>,16,1,[ 5 14],17,48,49,31,20
1,<environment.Job instance at 0x7fd3fac26410>,14,3,[9 4],15,21,24,6,20
1,<environment.Job instance at 0x7fd3aff23230>,17,18,[ 5 13],18,49,67,31,38
1,<environment.Job instance at 0x7fd3f3fa0960>,23,12,[ 5 12],24,67,79,43,50
1,<environment.Job instance at 0x7fd3f3ee1a00>,28,3,[8 5],29,79,82,50,58
1,<environment.Job instance at 0x7fd3f3ee1f50>,29,1,[3 7],30,79,80,49,58
1,<environment.Job instance at 0x7fd3f3ee1e60>,31,3,[6 5],32,80,83,48,65
1,<environment.Job instance at 0x7fd3f3ee13c0>,33,22,[7 2],34,82,104,48,75
1,<environment.Job instance at 0x7fd3aff2faa0>,34,3,[9 5],35,104,107,69,78
1,<environment.Job instance at 0x7fd3fab28b40>,36,2,[5 4],37,83,85,46,78
1,<environment.Job instance at 0x7fd3b002bd20>,5,12,[6 1],6,85,97,79,80
1,<environment.Job instance at 0x7fd3afe1d7d0>,39,3,[7 1],40,97,100,57,88
1,<environment.Job instance at 0x7fd3aff3f460>,40,1,[5 8],41,100,101,59,88
1,<environment.Job instance at 0x7fd3aff3f3c0>,41,18,[14  1],42,107,125,65,103
1,<environment.Job instance at 0x7fd3aff3f5f0>,42,3,[5 7],43,125,128,82,116
1,<environment.Job instance at 0x7fd3b047b690>,49,14,[1 9],50,128,142,78,122
1,<environment.Job instance at 0x7fd3f3fe4f00>,51,16,[2 9],52,142,158,90,129
1,<environment.Job instance at 0x7fd3b0638460>,46,18,[5 5],47,129,147,82,129
1,<environment.Job instance at 0x7fd3b0636550>,55,26,[ 2 12],56,158,184,102,155
1,<environment.Job instance at 0x7fd3b0636870>,58,12,[3 9],59,184,196,125,167
1,<environment.Job instance at 0x7fd3b0636190>,62,1,[ 4 14],63,196,197,133,168
1,<environment.Job instance at 0x7fd3aff23050>,18,13,[9 1],19,168,181,149,168
1,<environment.Job instance at 0x7fd3b0636370>,64,13,[10  2],65,181,194,116,170
1,<environment.Job instance at 0x7fd3fa86f870>,66,3,[2 9],67,197,200,130,172
1,<environment.Job instance at 0x7fd3faaa60a0>,69,2,[6 3],70,194,196,124,176
1,<environment.Job instance at 0x7fd3faaa6aa0>,70,22,[13  5],71,197,219,126,190
1,<environment.Job instance at 0x7fd3faaa6fa0>,74,18,[1 5],75,206,224,131,206
1,<environment.Job instance at 0x7fd3faaa69b0>,75,2,[5 4],76,219,221,143,206
1,<environment.Job instance at 0x7fd3fac91960>,76,2,[5 4],77,219,221,142,206
1,<environment.Job instance at 0x7fd3b006ad20>,78,1,[1 8],79,221,222,142,206
1,<environment.Job instance at 0x7fd3b006a640>,79,2,[ 3 11],80,224,226,144,206
1,<environment.Job instance at 0x7fd3b00dc5f0>,80,3,[9 2],81,221,224,140,206
1,<environment.Job instance at 0x7fd3b00dc0f0>,82,12,[ 4 10],83,226,238,143,209
1,<environment.Job instance at 0x7fd3faa00820>,83,1,[8 1],84,224,225,140,209
1,<environment.Job instance at 0x7fd3faa004b0>,85,2,[7 5],86,226,228,140,215
1,<environment.Job instance at 0x7fd3faaf83c0>,86,2,[10  4],87,228,230,141,215
1,<environment.Job instance at 0x7fd3b004d050>,0,17,[ 4 12],1,2,19,1,2
1,<environment.Job instance at 0x7fd3afe76320>,10,1,[ 4 10],11,19,20,8,18
1,<environment.Job instance at 0x7fd3aff0fd70>,14,3,[2 6],15,39,42,24,39
1,<environment.Job instance at 0x7fd3aff0f190>,15,13,[11  5],16,39,52,23,39
1,<environment.Job instance at 0x7fd3aff0f2d0>,16,24,[8 3],17,52,76,35,47
1,<environment.Job instance at 0x7fd3aff0f960>,18,12,[ 4 11],19,54,66,35,54
1,<environment.Job instance at 0x7fd3b0409500>,21,3,[ 3 11],22,68,71,46,68
1,<environment.Job instance at 0x7fd3b0409b90>,23,2,[2 9],24,71,73,47,68
1,<environment.Job instance at 0x7fd3b0409eb0>,25,2,[1 8],26,73,75,47,68
1,<environment.Job instance at 0x7fd3fa849190>,29,18,[4 9],30,75,93,45,73
1,<environment.Job instance at 0x7fd3fa849cd0>,32,13,[ 4 11],33,93,106,60,89
1,<environment.Job instance at 0x7fd3fac9a190>,1,15,[9 1],2,90,105,88,90
1,<environment.Job instance at 0x7fd3fa849820>,36,1,[3 9],37,106,107,69,91
1,<environment.Job instance at 0x7fd3fa849f50>,43,14,[12  2],44,115,129,71,115
1,<environment.Job instance at 0x7fd3fa8490f0>,44,2,[9 3],45,129,131,84,115
1,<environment.Job instance at 0x7fd3fa849140>,45,3,[4 8],46,129,132,83,115
1,<environment.Job instance at 0x7fd3f4045230>,49,12,[5 9],50,136,148,86,136
1,<environment.Job instance at 0x7fd3f4045a00>,52,2,[6 1],53,145,147,92,145
1,<environment.Job instance at 0x7fd3fa66fcd0>,54,18,[5 2],55,147,165,92,146
1,<environment.Job instance at 0x7fd3aff547d0>,56,2,[4 7],57,160,162,103,160
1,<environment.Job instance at 0x7fd3aff54050>,57,23,[8 5],58,162,185,104,160
1,<environment.Job instance at 0x7fd3aff548c0>,58,1,[10  5],59,185,186,126,160
1,<environment.Job instance at 0x7fd3fa849af0>,42,18,[4 6],43,165,183,122,165
1,<environment.Job instance at 0x7fd3aff54a50>,60,1,[14  2],61,186,187,125,165
1,<environment.Job instance at 0x7fd3aff541e0>,64,25,[1 9],65,183,208,118,179
1,<environment.Job instance at 0x7fd3b03195f0>,75,22,[ 4 13],76,215,237,139,215
1,<environment.Job instance at 0x7fd3b0319d70>,1,28,[12  4],2,2,30,0,2
1,<environment.Job instance at 0x7fd3afead3c0>,4,25,[5 5],5,30,55,25,26
1,<environment.Job instance at 0x7fd3b06bd550>,10,13,[12  5],11,55,68,44,41
1,<environment.Job instance at 0x7fd3b06b8c30>,14,26,[8 4],15,68,94,53,65
1,<environment.Job instance at 0x7fd3f3ef3a50>,19,1,[6 1],20,69,70,49,69
1,<environment.Job instance at 0x7fd3fa99d730>,24,23,[6 3],25,89,112,64,89
1,<environment.Job instance at 0x7fd3f3deecd0>,25,22,[6 3],26,94,116,68,89
1,<environment.Job instance at 0x7fd3f3d0f910>,33,28,[8 5],34,112,140,78,111
1,<environment.Job instance at 0x7fd3fa718870>,37,3,[3 8],38,130,133,92,130
1,<environment.Job instance at 0x7fd3afdf2fa0>,39,23,[2 9],40,137,160,97,137
1,<environment.Job instance at 0x7fd3b05f20f0>,40,2,[5 5],41,140,142,99,137
1,<environment.Job instance at 0x7fd3fac33460>,41,14,[ 4 12],42,160,174,118,145
1,<environment.Job instance at 0x7fd3fa7584b0>,42,2,[5 5],43,145,147,102,145
1,<environment.Job instance at 0x7fd3afd692d0>,45,3,[9 4],46,147,150,101,147
1,<environment.Job instance at 0x7fd3b0674a50>,48,16,[ 2 12],49,174,190,125,166
1,<environment.Job instance at 0x7fd3b0674b40>,49,1,[3 5],50,190,191,140,166
1,<environment.Job instance at 0x7fd3b06740a0>,51,26,[13  2],52,191,217,139,188
1,<environment.Job instance at 0x7fd3b06748c0>,55,2,[5 6],56,217,219,161,190
1,<environment.Job instance at 0x7fd3f3e730a0>,57,23,[10  2],58,217,240,159,211
1,<environment.Job instance at 0x7fd3f3e73d20>,61,22,[8 1],62,240,262,178,233
1,<environment.Job instance at 0x7fd3afebd8c0>,63,23,[5 6],64,233,256,169,233
