iteration,job object,job ID,job Length,job ressource requirement,job enter time,job start time,job finish time,job waiting time,current time
1,<environment.Job instance at 0x14865462baf0>,3,2,[1 7],4,25,27,21,5
1,<environment.Job instance at 0x14865462bb40>,5,25,[7 1],6,6,31,0,6
1,<environment.Job instance at 0x14865d876280>,2,18,[ 1 12],3,27,45,24,16
1,<environment.Job instance at 0x14865462b9b0>,6,19,[ 1 13],7,45,64,38,35
1,<environment.Job instance at 0x14865462f1e0>,14,3,[14  2],15,35,38,20,35
1,<environment.Job instance at 0x14865462f460>,16,19,[ 1 12],17,64,83,47,54
1,<environment.Job instance at 0x14865462f500>,17,3,[ 1 13],18,83,86,65,58
1,<environment.Job instance at 0x14865462f3c0>,19,21,[14  2],20,59,80,39,59
1,<environment.Job instance at 0x14865462f2d0>,18,3,[1 6],19,86,89,67,60
1,<environment.Job instance at 0x14865462f640>,21,22,[14  2],22,80,102,58,73
1,<environment.Job instance at 0x14865462f690>,20,3,[7 1],21,102,105,81,90
1,<environment.Job instance at 0x14865462f960>,24,20,[ 2 13],25,102,122,77,95
1,<environment.Job instance at 0x14865462f780>,23,3,[7 2],24,105,108,81,99
1,<environment.Job instance at 0x14865462f8c0>,25,1,[11  1],26,118,119,92,118
1,<environment.Job instance at 0x14865462fa00>,27,25,[14  2],28,122,147,94,118
1,<environment.Job instance at 0x14865462fc80>,30,2,[2 8],31,147,149,116,137
1,<environment.Job instance at 0x14865462f6e0>,22,25,[ 2 12],23,149,174,126,145
1,<environment.Job instance at 0x14865462fd70>,31,23,[5 1],32,147,170,115,147
1,<environment.Job instance at 0x14865462fd20>,34,20,[5 1],35,147,167,112,147
1,<environment.Job instance at 0x148654631050>,35,23,[11  2],36,170,193,134,164
1,<environment.Job instance at 0x148654631190>,37,22,[2 5],38,174,196,136,167
1,<environment.Job instance at 0x1486546310f0>,38,1,[ 1 13],39,196,197,157,168
1,<environment.Job instance at 0x14865462ffa0>,33,2,[9 1],34,193,195,159,168
1,<environment.Job instance at 0x148654631410>,39,2,[5 2],40,195,197,155,169
1,<environment.Job instance at 0x148654631550>,41,18,[ 2 13],42,197,215,155,186
1,<environment.Job instance at 0x148654631690>,43,3,[ 1 14],44,215,218,171,190
1,<environment.Job instance at 0x148654631730>,44,13,[ 2 10],45,218,231,173,202
1,<environment.Job instance at 0x1486546317d0>,45,15,[2 5],46,218,233,172,216
1,<environment.Job instance at 0x148654631870>,46,21,[2 6],47,231,252,184,224
1,<environment.Job instance at 0x148654631910>,47,26,[12  2],48,233,259,185,230
1,<environment.Job instance at 0x1486546319b0>,48,1,[6 2],49,231,232,182,231
1,<environment.Job instance at 0x14865462f370>,15,24,[ 2 13],16,273,297,257,273
1,<environment.Job instance at 0x1486546315f0>,42,23,[ 1 14],43,328,351,285,328
1,<environment.Job instance at 0x14865462be60>,10,3,[ 1 14],11,351,354,340,348
1,<environment.Job instance at 0x14865463d780>,0,23,[2 6],1,1,24,0,1
1,<environment.Job instance at 0x14865463d6e0>,1,2,[ 2 13],2,24,26,22,2
1,<environment.Job instance at 0x14865463d5f0>,2,12,[13  2],3,3,15,0,3
1,<environment.Job instance at 0x1486565dac30>,3,27,[9 1],4,15,42,11,13
1,<environment.Job instance at 0x1486565da4b0>,10,3,[ 1 11],11,26,29,15,13
1,<environment.Job instance at 0x1486565da9b0>,8,17,[2 7],9,34,51,25,34
1,<environment.Job instance at 0x1486565da780>,11,22,[14  1],12,51,73,39,44
1,<environment.Job instance at 0x1486565dad20>,12,3,[6 2],13,45,48,32,45
1,<environment.Job instance at 0x1486565dadc0>,14,2,[11  2],15,48,50,33,47
1,<environment.Job instance at 0x1486565da140>,13,13,[ 2 13],14,73,86,59,57
1,<environment.Job instance at 0x1486565d7aa0>,17,19,[11  1],18,73,92,55,63
1,<environment.Job instance at 0x1486565d75a0>,16,14,[14  2],17,92,106,75,78
1,<environment.Job instance at 0x1486565d7730>,19,14,[12  2],20,106,120,86,93
1,<environment.Job instance at 0x1486565daf50>,6,1,[12  2],7,120,121,113,111
1,<environment.Job instance at 0x1486565d7320>,18,28,[10  1],19,121,149,102,120
1,<environment.Job instance at 0x1486565d70a0>,22,16,[ 2 12],23,138,154,115,138
1,<environment.Job instance at 0x1486565d74b0>,23,3,[ 1 11],24,154,157,130,146
1,<environment.Job instance at 0x1486565d7dc0>,24,1,[14  2],25,159,160,134,159
1,<environment.Job instance at 0x1486565d7140>,25,15,[2 6],26,161,176,135,161
1,<environment.Job instance at 0x1486565d7410>,26,14,[9 1],27,161,175,134,161
1,<environment.Job instance at 0x1486565d7c80>,27,19,[8 1],28,175,194,147,165
1,<environment.Job instance at 0x1486565d7a50>,28,3,[ 2 10],29,176,179,147,168
1,<environment.Job instance at 0x1486565d7eb0>,20,20,[ 2 14],21,179,199,158,174
1,<environment.Job instance at 0x1486565d7370>,31,2,[9 2],32,199,201,167,178
1,<environment.Job instance at 0x1486565d7190>,29,19,[14  1],30,201,220,171,193
1,<environment.Job instance at 0x1486565d7820>,34,14,[7 1],35,220,234,185,205
1,<environment.Job instance at 0x1486565d7be0>,21,12,[ 2 11],22,220,232,198,205
1,<environment.Job instance at 0x148654b8ea50>,37,18,[ 1 12],38,232,250,194,225
1,<environment.Job instance at 0x148654b8e870>,39,12,[11  1],40,234,246,194,225
1,<environment.Job instance at 0x148654b8e730>,40,27,[ 2 14],41,250,277,209,248
1,<environment.Job instance at 0x148654b8ea00>,41,2,[12  2],42,248,250,206,248
1,<environment.Job instance at 0x148654b8ec80>,42,24,[2 9],43,277,301,234,272
1,<environment.Job instance at 0x148654b8e6e0>,43,3,[ 1 14],44,301,304,257,275
1,<environment.Job instance at 0x148654b8e280>,44,3,[6 2],45,285,288,240,285
1,<environment.Job instance at 0x148654b8e960>,36,21,[ 1 12],37,304,325,267,296
1,<environment.Job instance at 0x148654b8e820>,45,25,[7 2],46,304,329,258,300
1,<environment.Job instance at 0x148654b8e5f0>,47,2,[ 1 12],48,325,327,277,301
1,<environment.Job instance at 0x148654b8e190>,46,16,[ 2 11],47,327,343,280,320
1,<environment.Job instance at 0x148654b8ed70>,48,25,[13  2],49,329,354,280,325
1,<environment.Job instance at 0x1486565dac80>,5,20,[ 1 14],6,354,374,348,350
1,<environment.Job instance at 0x148654b8e320>,38,12,[ 1 14],39,374,386,335,359
1,<environment.Job instance at 0x1486565da410>,9,18,[ 2 12],10,386,404,376,380
1,<environment.Job instance at 0x14861b204960>,0,20,[10  2],1,2,22,1,2
1,<environment.Job instance at 0x14861b1fe190>,1,14,[6 1],2,22,36,20,9
1,<environment.Job instance at 0x14861b1fe320>,2,22,[ 2 14],3,22,44,19,21
1,<environment.Job instance at 0x14861b2ec280>,7,16,[13  1],8,36,52,28,23
1,<environment.Job instance at 0x14861b4c6a50>,9,24,[10  2],10,52,76,42,47
1,<environment.Job instance at 0x14861b2ec140>,11,1,[14  2],12,76,77,64,49
1,<environment.Job instance at 0x14861b4c6370>,12,3,[2 8],13,49,52,36,49
1,<environment.Job instance at 0x14861b4c6820>,10,2,[ 2 10],11,52,54,41,50
1,<environment.Job instance at 0x14861b4c6500>,14,3,[ 2 13],15,62,65,47,62
1,<environment.Job instance at 0x14861b4c6690>,13,28,[2 5],14,77,105,63,76
1,<environment.Job instance at 0x14861b4c65a0>,18,28,[7 2],19,77,105,58,76
1,<environment.Job instance at 0x14861b4c6a00>,20,21,[1 5],21,83,104,62,83
1,<environment.Job instance at 0x14861b4c6910>,19,17,[ 2 14],20,105,122,85,93
1,<environment.Job instance at 0x14861b4c6230>,21,15,[ 1 11],22,122,137,100,113
1,<environment.Job instance at 0x14861b4c6870>,23,15,[12  1],24,113,128,89,113
1,<environment.Job instance at 0x14861b4c60a0>,22,20,[13  2],23,128,148,105,119
1,<environment.Job instance at 0x14861b4c6af0>,24,12,[10  2],25,148,160,123,133
1,<environment.Job instance at 0x14861b4c6280>,25,17,[5 1],26,148,165,122,136
1,<environment.Job instance at 0x14861b5165a0>,28,26,[12  2],29,165,191,136,162
1,<environment.Job instance at 0x14861b5165f0>,27,12,[ 1 13],28,163,175,135,163
1,<environment.Job instance at 0x14861b516550>,29,25,[ 2 12],30,183,208,153,183
1,<environment.Job instance at 0x14861b5161e0>,30,27,[12  2],31,191,218,160,189
1,<environment.Job instance at 0x14861b5160f0>,32,19,[11  2],33,218,237,185,208
1,<environment.Job instance at 0x14861b516500>,33,23,[ 1 12],34,209,232,175,209
1,<environment.Job instance at 0x14861b5160a0>,31,18,[ 2 11],32,232,250,200,223
1,<environment.Job instance at 0x14861b516230>,34,14,[12  1],35,237,251,202,224
1,<environment.Job instance at 0x14861b516d70>,35,17,[ 1 11],36,250,267,214,238
1,<environment.Job instance at 0x14861b516dc0>,38,3,[ 1 12],39,267,270,228,248
1,<environment.Job instance at 0x14861b516af0>,39,3,[1 7],40,270,273,230,263
1,<environment.Job instance at 0x14861b516f00>,36,23,[ 1 14],37,273,296,236,267
1,<environment.Job instance at 0x14861b516a50>,41,2,[ 1 13],42,296,298,254,270
1,<environment.Job instance at 0x14861b516b40>,42,16,[11  2],43,296,312,253,285
1,<environment.Job instance at 0x14861b516c80>,40,23,[ 2 13],41,298,321,257,295
1,<environment.Job instance at 0x14861b5169b0>,43,25,[ 1 12],44,321,346,277,317
1,<environment.Job instance at 0x14861b516690>,45,2,[14  1],46,325,327,279,325
1,<environment.Job instance at 0x14861b5163c0>,46,22,[12  2],47,327,349,280,325
1,<environment.Job instance at 0x14861b609fa0>,47,20,[ 1 12],48,346,366,298,337
1,<environment.Job instance at 0x14861b609190>,48,2,[8 2],49,349,351,300,338
1,<environment.Job instance at 0x14861b516a00>,44,27,[ 1 12],45,368,395,323,368
1,<environment.Job instance at 0x14861b2ec4b0>,5,22,[ 2 12],6,399,421,393,399
1,<environment.Job instance at 0x148654634d20>,3,3,[13  1],4,406,409,402,406
1,<environment.Job instance at 0x14861b4c6c30>,16,3,[ 1 13],17,421,424,404,408
1,<environment.Job instance at 0x14861b259410>,0,19,[12  2],1,2,21,1,2
1,<environment.Job instance at 0x148656783c30>,1,19,[2 5],2,6,25,4,6
1,<environment.Job instance at 0x14861b4c6b40>,2,25,[5 2],3,21,46,18,17
1,<environment.Job instance at 0x148654bc6960>,8,24,[14  2],9,46,70,37,41
1,<environment.Job instance at 0x148654bc6370>,9,3,[13  2],10,70,73,60,51
1,<environment.Job instance at 0x14865c8a4aa0>,15,15,[8 1],16,73,88,57,61
1,<environment.Job instance at 0x148654bc6190>,6,28,[ 1 11],7,62,90,55,62
1,<environment.Job instance at 0x14865c8a4a00>,16,1,[12  2],17,88,89,71,78
1,<environment.Job instance at 0x14865c8a4a50>,17,21,[12  1],18,89,110,71,82
1,<environment.Job instance at 0x14865c8a48c0>,19,20,[2 8],20,90,110,70,82
1,<environment.Job instance at 0x14865c8a4640>,22,16,[12  2],23,110,126,87,97
1,<environment.Job instance at 0x14865c8a4140>,11,1,[ 1 11],12,110,111,98,99
1,<environment.Job instance at 0x14865c8a49b0>,23,14,[ 1 12],24,119,133,95,119
1,<environment.Job instance at 0x14865c8a4190>,25,19,[7 1],26,126,145,100,122
1,<environment.Job instance at 0x14865c8a45a0>,21,20,[ 1 14],22,133,153,111,133
1,<environment.Job instance at 0x14865c8a4b90>,27,2,[12  1],28,145,147,117,141
1,<environment.Job instance at 0x14865c8a46e0>,26,23,[9 2],27,153,176,126,147
1,<environment.Job instance at 0x14865c8a41e0>,28,27,[ 1 14],29,176,203,147,174
1,<environment.Job instance at 0x14865c8a4460>,29,28,[9 1],30,176,204,146,175
1,<environment.Job instance at 0x14865c8a4910>,31,1,[11  1],32,204,205,172,176
1,<environment.Job instance at 0x14865c8a4af0>,32,3,[11  2],33,205,208,172,181
1,<environment.Job instance at 0x14865c8a40f0>,33,2,[7 1],34,208,210,174,186
1,<environment.Job instance at 0x14865af46f50>,35,3,[12  1],36,210,213,174,186
1,<environment.Job instance at 0x14865af46b40>,36,3,[13  2],37,213,216,176,187
1,<environment.Job instance at 0x14865c8a4320>,34,15,[11  2],35,216,231,181,204
1,<environment.Job instance at 0x14865af46b90>,37,28,[ 1 11],38,206,234,168,206
1,<environment.Job instance at 0x14865af468c0>,39,14,[1 6],40,234,248,194,219
1,<environment.Job instance at 0x14865af46aa0>,40,12,[ 2 14],41,248,260,207,243
1,<environment.Job instance at 0x14865af46dc0>,41,26,[ 1 14],42,260,286,218,259
1,<environment.Job instance at 0x14865af46910>,42,26,[ 2 12],43,286,312,243,285
1,<environment.Job instance at 0x14865af46d20>,43,2,[ 2 11],44,312,314,268,295
1,<environment.Job instance at 0x14865af463c0>,46,26,[13  1],47,295,321,248,295
1,<environment.Job instance at 0x14865af465f0>,47,17,[6 2],48,321,338,273,311
1,<environment.Job instance at 0x14865af46c80>,38,25,[ 1 12],39,321,346,282,321
1,<environment.Job instance at 0x14865c8a4dc0>,24,15,[ 1 13],25,346,361,321,335
1,<environment.Job instance at 0x14865af46e60>,48,19,[1 5],49,361,380,312,351
1,<environment.Job instance at 0x14865afde320>,0,17,[1 7],1,2,19,1,2
1,<environment.Job instance at 0x14865afdefa0>,1,24,[2 5],2,9,33,7,9
1,<environment.Job instance at 0x14865afdeeb0>,2,24,[ 1 13],3,33,57,30,28
1,<environment.Job instance at 0x148656647d70>,8,1,[ 2 14],9,57,58,48,29
1,<environment.Job instance at 0x1486566478c0>,9,28,[ 2 13],10,58,86,48,57
1,<environment.Job instance at 0x148656647c80>,10,22,[11  2],11,58,80,47,57
1,<environment.Job instance at 0x148656647a00>,11,26,[7 2],12,80,106,68,77
1,<environment.Job instance at 0x148656647f00>,12,21,[13  2],13,106,127,93,99
1,<environment.Job instance at 0x148656647eb0>,13,3,[ 2 13],14,99,102,85,99
1,<environment.Job instance at 0x148656647fa0>,14,27,[2 7],15,102,129,87,100
1,<environment.Job instance at 0x1486566475f0>,15,20,[1 5],16,127,147,111,118
1,<environment.Job instance at 0x1486566479b0>,16,20,[2 5],17,129,149,112,120
1,<environment.Job instance at 0x148656647230>,17,2,[10  2],18,127,129,109,120
1,<environment.Job instance at 0x148656647c30>,18,19,[1 6],19,147,166,128,140
1,<environment.Job instance at 0x148656647e10>,19,12,[ 2 14],20,166,178,146,155
1,<environment.Job instance at 0x148656647140>,20,28,[7 1],21,155,183,134,155
1,<environment.Job instance at 0x148656647be0>,21,28,[ 2 13],22,178,206,156,178
1,<environment.Job instance at 0x148656647640>,22,20,[7 2],23,183,203,160,178
1,<environment.Job instance at 0x148656647050>,24,14,[10  1],25,203,217,178,191
1,<environment.Job instance at 0x14865647d230>,25,19,[5 1],26,206,225,180,197
1,<environment.Job instance at 0x14865ba20a50>,6,19,[ 2 12],7,217,236,210,209
1,<environment.Job instance at 0x14865647deb0>,27,3,[2 5],28,236,239,208,214
1,<environment.Job instance at 0x14865647d8c0>,28,25,[5 2],29,217,242,188,216
1,<environment.Job instance at 0x14865647dc80>,26,24,[ 2 10],27,239,263,212,236
1,<environment.Job instance at 0x148656728be0>,31,2,[1 7],32,263,265,231,238
1,<environment.Job instance at 0x14865647d050>,30,24,[11  2],31,242,266,211,238
1,<environment.Job instance at 0x148656728730>,32,15,[1 9],33,265,280,232,253
1,<environment.Job instance at 0x148656728460>,35,15,[6 1],36,266,281,230,260
1,<environment.Job instance at 0x148656728f50>,36,22,[ 2 11],37,280,302,243,273
1,<environment.Job instance at 0x148656728eb0>,37,20,[7 2],38,273,293,235,273
1,<environment.Job instance at 0x148656728dc0>,38,12,[ 2 12],39,302,314,263,285
1,<environment.Job instance at 0x148656728280>,39,19,[13  2],40,293,312,253,286
1,<environment.Job instance at 0x148656728c30>,40,24,[1 5],41,314,338,273,312
1,<environment.Job instance at 0x148656728910>,41,3,[1 7],42,315,318,273,315
1,<environment.Job instance at 0x148656728a50>,42,19,[13  2],43,315,334,272,315
1,<environment.Job instance at 0x1486567282d0>,43,25,[11  1],44,334,359,290,330
1,<environment.Job instance at 0x148656728230>,44,12,[ 2 13],45,338,350,293,335
1,<environment.Job instance at 0x148656728370>,46,21,[1 7],47,350,371,303,345
1,<environment.Job instance at 0x148650191fa0>,47,20,[5 2],48,359,379,311,350
1,<environment.Job instance at 0x1486501915f0>,48,20,[7 1],49,359,379,310,350
1,<environment.Job instance at 0x1486567280a0>,33,28,[ 1 14],34,387,415,353,387
1,<environment.Job instance at 0x14865ba20460>,5,21,[11  1],6,410,431,404,410
1,<environment.Job instance at 0x14865ba20190>,4,24,[ 1 13],5,421,445,416,421
1,<environment.Job instance at 0x148656647870>,7,1,[12  2],8,435,436,427,435
1,<environment.Job instance at 0x14861b187af0>,0,28,[ 2 13],1,1,29,0,1
1,<environment.Job instance at 0x14865af46fa0>,1,3,[11  2],2,3,6,1,3
1,<environment.Job instance at 0x14861b1877d0>,3,25,[13  2],4,6,31,2,4
1,<environment.Job instance at 0x14861b187230>,4,22,[ 1 13],5,29,51,24,23
1,<environment.Job instance at 0x14861b187500>,11,17,[2 6],12,51,68,39,40
1,<environment.Job instance at 0x14861b187640>,12,1,[ 2 13],13,68,69,55,41
1,<environment.Job instance at 0x14861b1875a0>,15,19,[10  2],16,42,61,26,42
1,<environment.Job instance at 0x14861b1879b0>,16,1,[ 1 11],17,69,70,52,42
1,<environment.Job instance at 0x14861b187820>,17,2,[12  2],18,61,63,43,60
1,<environment.Job instance at 0x14861b1ea730>,18,20,[ 1 13],19,70,90,51,61
1,<environment.Job instance at 0x14861b1ea370>,20,2,[1 9],21,63,65,42,61
1,<environment.Job instance at 0x14861b1ea690>,21,28,[9 1],22,65,93,43,65
1,<environment.Job instance at 0x14861b1ea8c0>,22,17,[2 5],23,90,107,67,78
1,<environment.Job instance at 0x14861b1ea7d0>,25,24,[ 1 10],26,93,117,67,88
1,<environment.Job instance at 0x14861b1eaeb0>,26,3,[ 2 12],27,117,120,90,91
1,<environment.Job instance at 0x14861b1eacd0>,27,3,[ 2 13],28,120,123,92,94
1,<environment.Job instance at 0x14861b1ea5f0>,28,21,[2 6],29,123,144,94,115
1,<environment.Job instance at 0x14861b1ea5a0>,29,19,[2 9],30,123,142,93,115
1,<environment.Job instance at 0x14861b1eaaf0>,24,3,[ 1 13],25,144,147,119,119
1,<environment.Job instance at 0x14861b1ea870>,30,14,[11  2],31,142,156,111,128
1,<environment.Job instance at 0x14861b1ead20>,32,20,[13  2],33,156,176,123,148
1,<environment.Job instance at 0x14861b1ea1e0>,34,12,[7 1],35,176,188,141,161
1,<environment.Job instance at 0x14861b1ea0a0>,35,1,[2 7],36,163,164,127,163
1,<environment.Job instance at 0x14861b1ea640>,36,2,[11  2],37,188,190,151,163
1,<environment.Job instance at 0x14861b1ea460>,37,3,[6 1],38,176,179,138,164
1,<environment.Job instance at 0x14861b1aca00>,41,27,[ 1 13],42,171,198,129,171
1,<environment.Job instance at 0x14861b1ac820>,42,20,[14  1],43,190,210,147,182
1,<environment.Job instance at 0x14861b1ac410>,44,1,[ 1 12],45,198,199,153,183
1,<environment.Job instance at 0x14861b1ac460>,45,20,[2 9],46,210,230,164,201
1,<environment.Job instance at 0x14861b1ea410>,38,24,[12  1],39,210,234,171,205
1,<environment.Job instance at 0x14861b1ac7d0>,46,28,[1 7],47,230,258,183,229
1,<environment.Job instance at 0x14861b1acc30>,48,1,[12  1],49,235,236,186,235
1,<environment.Job instance at 0x14861b1ac190>,43,22,[12  1],44,274,296,230,274
1,<environment.Job instance at 0x14861b1eabe0>,23,23,[13  2],24,342,365,318,342
1,<environment.Job instance at 0x14861b187cd0>,14,24,[ 1 11],15,445,469,430,445
1,<environment.Job instance at 0x14861b1ac0a0>,1,1,[12  1],2,4,5,2,4
1,<environment.Job instance at 0x14861b1cc960>,0,21,[ 2 12],1,4,25,3,4
1,<environment.Job instance at 0x14861b187cd0>,4,3,[ 2 11],5,25,28,20,6
1,<environment.Job instance at 0x1486566a2f50>,6,3,[11  2],7,9,12,2,9
1,<environment.Job instance at 0x1486566a2730>,9,26,[5 1],10,12,38,2,10
1,<environment.Job instance at 0x1486566a2af0>,10,3,[7 2],11,13,16,2,13
1,<environment.Job instance at 0x1486566a2640>,12,23,[8 2],13,16,39,3,13
1,<environment.Job instance at 0x1486566a2be0>,14,23,[11  1],15,39,62,24,33
1,<environment.Job instance at 0x1486566a2320>,15,15,[2 8],16,33,48,17,33
1,<environment.Job instance at 0x1486566a2410>,13,22,[ 1 13],14,48,70,34,42
1,<environment.Job instance at 0x1486566a28c0>,17,12,[13  1],18,62,74,44,52
1,<environment.Job instance at 0x1486566a29b0>,20,20,[7 1],21,74,94,53,65
1,<environment.Job instance at 0x14861b299e60>,25,27,[2 7],26,70,97,44,68
1,<environment.Job instance at 0x14861b2996e0>,26,25,[10  2],27,94,119,67,90
1,<environment.Job instance at 0x14861b299dc0>,27,1,[14  1],28,119,120,91,91
1,<environment.Job instance at 0x14861b2992d0>,28,23,[6 1],29,120,143,91,115
1,<environment.Job instance at 0x14861b299d70>,30,2,[12  2],31,143,145,112,120
1,<environment.Job instance at 0x14861b299fa0>,31,3,[7 1],32,128,131,96,128
1,<environment.Job instance at 0x14861b299c80>,32,21,[10  2],33,145,166,112,137
1,<environment.Job instance at 0x14861b2995f0>,33,15,[13  1],34,166,181,132,152
1,<environment.Job instance at 0x14861b299be0>,34,2,[2 6],35,172,174,137,172
1,<environment.Job instance at 0x1486566a2d20>,16,25,[ 2 14],17,179,204,162,179
1,<environment.Job instance at 0x14861b299820>,36,3,[7 1],37,181,184,144,179
1,<environment.Job instance at 0x14861b299730>,37,25,[11  1],38,184,209,146,180
1,<environment.Job instance at 0x14861b299550>,35,24,[12  1],36,209,233,173,204
1,<environment.Job instance at 0x14861b299a50>,40,27,[2 9],41,204,231,163,204
1,<environment.Job instance at 0x14861b4d8a00>,42,18,[14  2],43,233,251,190,222
1,<environment.Job instance at 0x14861b4d8550>,44,20,[1 6],45,231,251,186,222
1,<environment.Job instance at 0x14861b4d8960>,46,1,[ 1 13],47,251,252,204,230
1,<environment.Job instance at 0x14861b4d8410>,45,21,[ 2 14],46,252,273,206,245
1,<environment.Job instance at 0x14861b4d8640>,48,22,[2 8],49,273,295,224,271
1,<environment.Job instance at 0x14861b1cc0a0>,3,21,[ 2 13],4,297,318,293,297
1,<environment.Job instance at 0x1486566a2780>,8,3,[11  1],9,411,414,402,411
1,<environment.Job instance at 0x14861b299640>,29,15,[ 2 14],30,1938,1953,1908,1938
1,<environment.Job instance at 0x14861b2de410>,1,27,[12  1],2,2,29,0,2
1,<environment.Job instance at 0x14861b2de690>,0,28,[1 6],1,3,31,2,3
1,<environment.Job instance at 0x14865ba39870>,3,12,[2 5],4,5,17,1,5
1,<environment.Job instance at 0x14865ba39fa0>,7,17,[11  2],8,29,46,21,18
1,<environment.Job instance at 0x14865ba39910>,5,19,[ 1 11],6,31,50,25,21
1,<environment.Job instance at 0x14865ba39a50>,4,18,[13  2],5,46,64,41,35
1,<environment.Job instance at 0x14865ba39f00>,12,15,[ 1 13],13,50,65,37,36
1,<environment.Job instance at 0x14861b2e1140>,14,23,[11  2],15,64,87,49,58
1,<environment.Job instance at 0x14861b2e1cd0>,15,15,[5 2],16,87,102,71,73
1,<environment.Job instance at 0x14861b2e1d70>,16,21,[10  1],17,87,108,70,79
1,<environment.Job instance at 0x1486564cf870>,13,3,[1 6],14,83,86,69,83
1,<environment.Job instance at 0x14861b2e1910>,17,17,[1 7],18,102,119,84,91
1,<environment.Job instance at 0x14861b2e1640>,19,2,[ 1 11],20,119,121,99,94
1,<environment.Job instance at 0x14861b2e1460>,18,20,[12  2],19,108,128,89,99
1,<environment.Job instance at 0x14865ba3a1e0>,20,18,[2 6],21,121,139,100,112
1,<environment.Job instance at 0x14865afeb0a0>,22,17,[1 9],23,128,145,105,116
1,<environment.Job instance at 0x14865ba3a140>,23,21,[9 2],24,139,160,115,131
1,<environment.Job instance at 0x14865ba3acd0>,24,14,[11  2],25,160,174,135,145
1,<environment.Job instance at 0x14865afada50>,25,21,[11  2],26,174,195,148,166
1,<environment.Job instance at 0x14865cf397d0>,26,28,[2 5],27,166,194,139,166
1,<environment.Job instance at 0x14865afad460>,27,1,[6 1],28,195,196,167,167
1,<environment.Job instance at 0x14861b5cf910>,28,28,[12  2],29,196,224,167,195
1,<environment.Job instance at 0x14861b5cfaf0>,29,23,[1 9],30,195,218,165,195
1,<environment.Job instance at 0x14865afe0d70>,30,17,[ 1 11],31,218,235,187,206
1,<environment.Job instance at 0x14865afe0230>,32,12,[2 8],33,235,247,202,218
1,<environment.Job instance at 0x14865afe04b0>,33,12,[10  1],34,224,236,190,218
1,<environment.Job instance at 0x14865afe0f50>,34,16,[12  2],35,236,252,201,223
1,<environment.Job instance at 0x148656589f00>,35,26,[5 2],36,252,278,216,249
1,<environment.Job instance at 0x14865afe02d0>,37,3,[ 1 13],38,249,252,211,249
1,<environment.Job instance at 0x14865ba27af0>,38,18,[ 2 14],39,278,296,239,268
1,<environment.Job instance at 0x14865afeb230>,21,22,[11  1],22,278,300,256,274
1,<environment.Job instance at 0x14865ba27aa0>,39,16,[ 2 13],40,296,312,256,283
1,<environment.Job instance at 0x14865ba27c80>,40,14,[14  2],41,312,326,271,297
1,<environment.Job instance at 0x14865ba27910>,42,3,[14  1],43,326,329,283,305
1,<environment.Job instance at 0x14865ba270f0>,41,25,[1 8],42,312,337,270,308
1,<environment.Job instance at 0x14865ba27050>,44,23,[ 1 12],45,337,360,292,331
1,<environment.Job instance at 0x14865ba27f00>,45,22,[10  1],46,331,353,285,331
1,<environment.Job instance at 0x14865ba27dc0>,46,1,[ 1 12],47,360,361,313,332
1,<environment.Job instance at 0x14865ba273c0>,43,3,[ 2 13],44,361,364,317,346
1,<environment.Job instance at 0x14865ba27c30>,48,20,[8 1],49,353,373,304,347
1,<environment.Job instance at 0x14865ba27690>,47,24,[1 6],48,364,388,316,359
1,<environment.Job instance at 0x14865afe03c0>,36,21,[ 2 12],37,394,415,357,394
1,<environment.Job instance at 0x1486564cfc30>,11,20,[14  2],12,460,480,448,460
1,<environment.Job instance at 0x14865ba397d0>,10,18,[12  1],11,482,500,471,482
1,<environment.Job instance at 0x14865658faa0>,0,15,[2 8],1,1,16,0,1
1,<environment.Job instance at 0x14865658f230>,1,27,[11  1],2,2,29,0,2
1,<environment.Job instance at 0x14865665eb90>,2,14,[1 6],3,9,23,6,9
1,<environment.Job instance at 0x14865665e410>,8,25,[12  2],9,29,54,20,25
1,<environment.Job instance at 0x14865665eb40>,9,23,[9 1],10,54,77,44,50
1,<environment.Job instance at 0x14865665ebe0>,10,24,[2 7],11,50,74,39,50
1,<environment.Job instance at 0x14865665efa0>,11,19,[ 1 12],12,74,93,62,67
1,<environment.Job instance at 0x14865665e5a0>,12,1,[2 5],13,67,68,54,67
1,<environment.Job instance at 0x14865665e2d0>,13,13,[14  2],14,77,90,63,70
1,<environment.Job instance at 0x14865665e870>,14,24,[2 8],15,93,117,78,88
1,<environment.Job instance at 0x14865665e910>,15,27,[9 1],16,90,117,74,88
1,<environment.Job instance at 0x14865665e960>,16,21,[2 7],17,117,138,100,112
1,<environment.Job instance at 0x14865662fd70>,17,1,[8 1],18,117,118,99,114
1,<environment.Job instance at 0x14865665ed20>,7,26,[12  2],8,118,144,110,116
1,<environment.Job instance at 0x14865662fa50>,18,15,[ 1 14],19,144,159,125,132
1,<environment.Job instance at 0x14865662f550>,19,24,[5 1],20,144,168,124,143
1,<environment.Job instance at 0x14865662f780>,20,15,[ 2 12],21,159,174,138,145
1,<environment.Job instance at 0x14865662fb90>,23,19,[ 1 11],24,174,193,150,164
1,<environment.Job instance at 0x14865662fe10>,24,27,[6 1],25,164,191,139,164
1,<environment.Job instance at 0x14865662fe60>,25,24,[9 1],26,191,215,165,186
1,<environment.Job instance at 0x14865662f140>,26,22,[1 7],27,193,215,166,186
1,<environment.Job instance at 0x14865662fcd0>,27,2,[ 2 10],28,215,217,187,188
1,<environment.Job instance at 0x14865662f1e0>,28,12,[1 7],29,193,205,164,189
1,<environment.Job instance at 0x14865662f2d0>,29,23,[1 6],30,217,240,187,211
1,<environment.Job instance at 0x14865662f050>,30,17,[11  1],31,215,232,184,212
1,<environment.Job instance at 0x14865662feb0>,31,26,[7 1],32,232,258,200,229
1,<environment.Job instance at 0x14865662f4b0>,32,28,[2 6],33,229,257,196,229
1,<environment.Job instance at 0x14865662f640>,33,28,[1 7],34,240,268,206,239
1,<environment.Job instance at 0x14865662fb40>,34,20,[8 1],35,258,278,223,249
1,<environment.Job instance at 0x14865662fc30>,35,18,[2 8],36,268,286,232,257
1,<environment.Job instance at 0x14865662fd20>,36,25,[12  1],37,278,303,241,274
1,<environment.Job instance at 0x14865662f5a0>,22,18,[ 2 14],23,286,304,263,286
1,<environment.Job instance at 0x14865662ff00>,37,26,[13  1],38,303,329,265,300
1,<environment.Job instance at 0x14865027f2d0>,39,16,[ 1 11],40,307,323,267,307
1,<environment.Job instance at 0x14865027ff00>,38,13,[14  1],39,329,342,290,314
1,<environment.Job instance at 0x14865027fa00>,41,3,[12  2],42,342,345,300,331
1,<environment.Job instance at 0x14865027f280>,40,22,[14  2],41,345,367,304,338
1,<environment.Job instance at 0x14865027fd70>,42,3,[11  1],43,367,370,324,348
1,<environment.Job instance at 0x14865027fb90>,43,28,[6 2],44,370,398,326,369
1,<environment.Job instance at 0x14865027f8c0>,45,21,[13  1],46,398,419,352,390
1,<environment.Job instance at 0x14865027f550>,46,24,[6 2],47,419,443,372,414
1,<environment.Job instance at 0x14865027f5a0>,47,26,[1 5],48,416,442,368,416
1,<environment.Job instance at 0x14865027f460>,48,1,[2 6],49,419,420,370,416
1,<environment.Job instance at 0x14865027f6e0>,44,20,[12  1],45,443,463,398,437
1,<environment.Job instance at 0x14865665e320>,5,27,[13  1],6,463,490,457,462
1,<environment.Job instance at 0x14865665e460>,6,1,[13  1],7,513,514,506,513
1,<environment.Job instance at 0x14865665e050>,4,18,[ 1 14],5,1703,1721,1698,1703
1,<environment.Job instance at 0x14861b36dc30>,0,17,[ 2 12],1,3,20,2,3
1,<environment.Job instance at 0x14865662fdc0>,1,1,[13  2],2,5,6,3,5
1,<environment.Job instance at 0x14865665ef50>,5,21,[9 1],6,6,27,0,6
1,<environment.Job instance at 0x14861b063550>,12,15,[ 1 13],13,20,35,7,19
1,<environment.Job instance at 0x14861b0635f0>,13,2,[7 1],14,27,29,13,20
1,<environment.Job instance at 0x14861b0632d0>,14,13,[14  2],15,29,42,14,21
1,<environment.Job instance at 0x14861b0637d0>,15,3,[8 1],16,42,45,26,24
1,<environment.Job instance at 0x14861b0630a0>,16,1,[1 6],17,35,36,18,27
1,<environment.Job instance at 0x14861b060dc0>,6,21,[12  1],7,45,66,38,38
1,<environment.Job instance at 0x14861b063960>,17,25,[13  1],18,66,91,48,62
1,<environment.Job instance at 0x14861b063aa0>,19,23,[11  2],20,91,114,71,85
1,<environment.Job instance at 0x14861b063b90>,20,14,[ 2 10],21,85,99,64,85
1,<environment.Job instance at 0x14861b063a00>,21,1,[ 1 14],22,114,115,92,86
1,<environment.Job instance at 0x14861b063be0>,22,21,[ 1 13],23,115,136,92,107
1,<environment.Job instance at 0x14861b063e60>,23,21,[5 1],24,114,135,90,107
1,<environment.Job instance at 0x14861b0639b0>,18,1,[2 8],19,136,137,117,121
1,<environment.Job instance at 0x14861b063eb0>,24,16,[14  1],25,137,153,112,124
1,<environment.Job instance at 0x14861b063fa0>,26,26,[10  2],27,153,179,126,150
1,<environment.Job instance at 0x14861b063f50>,25,3,[ 2 13],26,176,179,150,176
1,<environment.Job instance at 0x14861b066280>,27,28,[14  1],28,179,207,151,178
1,<environment.Job instance at 0x14861b0663c0>,29,25,[11  1],30,207,232,177,203
1,<environment.Job instance at 0x14861b066460>,30,19,[2 7],31,207,226,176,203
1,<environment.Job instance at 0x14861b066500>,31,2,[11  1],32,232,234,200,213
1,<environment.Job instance at 0x14861b0665a0>,32,13,[1 5],33,215,228,182,215
1,<environment.Job instance at 0x14861b0666e0>,34,2,[ 1 11],35,228,230,193,217
1,<environment.Job instance at 0x14861b066780>,35,28,[11  2],36,234,262,198,233
1,<environment.Job instance at 0x14861b066820>,36,24,[ 2 13],37,233,257,196,233
1,<environment.Job instance at 0x14861b0668c0>,37,17,[ 2 12],38,257,274,219,249
1,<environment.Job instance at 0x14861b066910>,38,22,[5 2],39,262,284,223,255
1,<environment.Job instance at 0x14861b066aa0>,39,23,[2 9],40,274,297,234,269
1,<environment.Job instance at 0x14861b066320>,28,24,[7 2],29,274,298,245,270
1,<environment.Job instance at 0x14861b066b40>,40,19,[9 2],41,298,317,257,288
1,<environment.Job instance at 0x14861b066c80>,42,28,[ 2 10],43,297,325,254,296
1,<environment.Job instance at 0x14861b066d20>,43,17,[7 2],44,317,334,273,305
1,<environment.Job instance at 0x14861b066dc0>,44,1,[2 7],45,325,326,280,305
1,<environment.Job instance at 0x14861b066e60>,45,2,[1 9],46,326,328,280,305
1,<environment.Job instance at 0x14861b066f00>,46,16,[2 5],47,328,344,281,316
1,<environment.Job instance at 0x14861b066fa0>,47,21,[13  1],48,334,355,286,326
1,<environment.Job instance at 0x14861b0660a0>,48,18,[ 2 12],49,344,362,295,333
1,<environment.Job instance at 0x14861b0634b0>,11,20,[11  1],12,355,375,343,351
1,<environment.Job instance at 0x14861b066640>,33,16,[11  2],34,403,419,369,403
1,<environment.Job instance at 0x14865b277e60>,0,12,[1 5],1,1,13,0,1
1,<environment.Job instance at 0x14865b00d5f0>,2,28,[2 5],3,4,32,1,4
1,<environment.Job instance at 0x148654ae61e0>,1,3,[2 6],2,13,16,11,6
1,<environment.Job instance at 0x148654627550>,6,25,[2 8],7,16,41,9,12
1,<environment.Job instance at 0x148654627190>,8,28,[5 2],9,12,40,3,12
1,<environment.Job instance at 0x1486546271e0>,9,27,[11  1],10,40,67,30,38
1,<environment.Job instance at 0x14861b1d8550>,4,23,[ 1 13],5,50,73,45,50
1,<environment.Job instance at 0x1486546278c0>,10,21,[6 2],11,67,88,56,59
1,<environment.Job instance at 0x148654627280>,12,14,[11  1],13,88,102,75,73
1,<environment.Job instance at 0x14865025c690>,15,14,[ 1 13],16,73,87,57,73
1,<environment.Job instance at 0x14865025cb90>,16,16,[7 1],17,102,118,85,90
1,<environment.Job instance at 0x14865025c780>,17,27,[ 2 10],18,91,118,73,91
1,<environment.Job instance at 0x14865025c230>,13,1,[12  1],14,118,119,104,102
1,<environment.Job instance at 0x14865025caa0>,18,28,[ 2 14],19,118,146,99,117
1,<environment.Job instance at 0x14865025ce10>,20,27,[11  1],21,119,146,98,117
1,<environment.Job instance at 0x14865025c910>,21,2,[2 5],22,146,148,124,119
1,<environment.Job instance at 0x14865025cc30>,23,28,[2 8],24,146,174,122,145
1,<environment.Job instance at 0x14865025caf0>,25,3,[14  2],26,174,177,148,149
1,<environment.Job instance at 0x14865025ccd0>,26,18,[12  2],27,149,167,122,149
1,<environment.Job instance at 0x14865025c870>,27,3,[9 1],28,167,170,139,149
1,<environment.Job instance at 0x14865025c640>,22,3,[8 2],23,170,173,147,166
1,<environment.Job instance at 0x14865025ca00>,28,24,[8 1],29,177,201,148,172
1,<environment.Job instance at 0x14865025c730>,30,14,[10  1],31,201,215,170,187
1,<environment.Job instance at 0x14861b520870>,31,1,[9 2],32,215,216,183,189
1,<environment.Job instance at 0x14861b5202d0>,32,3,[ 1 10],33,189,192,156,189
1,<environment.Job instance at 0x14861b520230>,33,15,[6 1],34,215,230,181,202
1,<environment.Job instance at 0x14861b520780>,35,3,[1 9],36,202,205,166,202
1,<environment.Job instance at 0x14861b200fa0>,36,2,[7 1],37,216,218,179,202
1,<environment.Job instance at 0x14861b2005f0>,37,18,[11  1],38,230,248,192,219
1,<environment.Job instance at 0x14861b200820>,38,28,[7 2],39,248,276,209,247
1,<environment.Job instance at 0x14861b200cd0>,39,25,[ 1 14],40,276,301,236,273
1,<environment.Job instance at 0x14861b200a00>,40,20,[ 2 13],41,301,321,260,293
1,<environment.Job instance at 0x14861b200eb0>,41,21,[10  2],42,301,322,259,293
1,<environment.Job instance at 0x14861b200f50>,42,1,[8 1],43,297,298,254,297
1,<environment.Job instance at 0x14861b200500>,43,14,[ 2 10],44,321,335,277,307
1,<environment.Job instance at 0x14861b2000f0>,44,24,[6 2],45,322,346,277,319
1,<environment.Job instance at 0x14861b2001e0>,45,15,[7 1],46,322,337,276,319
1,<environment.Job instance at 0x14861b2000a0>,46,27,[ 2 12],47,335,362,288,333
1,<environment.Job instance at 0x14861b200780>,47,20,[11  1],48,346,366,298,337
1,<environment.Job instance at 0x14861b200320>,48,22,[ 2 11],49,362,384,313,355
1,<environment.Job instance at 0x14865025c8c0>,29,24,[ 1 14],30,405,429,375,405
1,<environment.Job instance at 0x14865b00d410>,5,21,[11  2],6,432,453,426,432
1,<environment.Job instance at 0x14861b1d8960>,3,27,[ 1 12],4,1096,1123,1092,1096
1,<environment.Job instance at 0x14861b2d66e0>,0,23,[8 1],1,1,24,0,1
1,<environment.Job instance at 0x14861b19c4b0>,1,2,[5 1],2,5,7,3,5
1,<environment.Job instance at 0x14861ad6e690>,5,3,[8 1],6,24,27,18,6
1,<environment.Job instance at 0x14861b2d65f0>,6,20,[6 1],7,7,27,0,7
1,<environment.Job instance at 0x1486501dbd70>,7,17,[ 1 13],8,11,28,3,11
1,<environment.Job instance at 0x14861b667f00>,14,22,[14  2],15,27,49,12,22
1,<environment.Job instance at 0x14861b667af0>,15,1,[ 2 11],16,49,50,33,33
1,<environment.Job instance at 0x14861b667eb0>,16,25,[5 2],17,49,74,32,49
1,<environment.Job instance at 0x14861b667820>,17,23,[14  2],18,74,97,56,68
1,<environment.Job instance at 0x14861ae0b640>,18,1,[1 5],19,68,69,49,68
1,<environment.Job instance at 0x14861ae0be60>,19,3,[14  1],20,97,100,77,71
1,<environment.Job instance at 0x148655601b40>,20,1,[9 2],21,100,101,79,83
1,<environment.Job instance at 0x14861b4d0140>,9,28,[ 1 11],10,93,121,83,93
1,<environment.Job instance at 0x1486556010f0>,21,22,[7 1],22,101,123,79,94
1,<environment.Job instance at 0x148655601be0>,23,1,[11  2],24,123,124,99,106
1,<environment.Job instance at 0x1486556014b0>,24,25,[14  1],25,124,149,99,121
1,<environment.Job instance at 0x148655601e60>,26,21,[ 1 11],27,123,144,96,123
1,<environment.Job instance at 0x1486564755f0>,30,24,[5 2],31,149,173,118,144
1,<environment.Job instance at 0x148656475910>,31,16,[1 7],32,144,160,112,144
1,<environment.Job instance at 0x1486564752d0>,32,21,[1 6],33,149,170,116,144
1,<environment.Job instance at 0x148656475050>,28,2,[ 1 14],29,173,175,144,147
1,<environment.Job instance at 0x148655608640>,36,19,[7 1],37,160,179,123,153
1,<environment.Job instance at 0x1486556085a0>,38,14,[13  1],39,179,193,140,164
1,<environment.Job instance at 0x148655608f00>,33,15,[ 2 14],34,175,190,141,165
1,<environment.Job instance at 0x1486556089b0>,40,1,[1 7],41,170,171,129,167
1,<environment.Job instance at 0x148655608d20>,41,3,[ 2 11],42,190,193,148,185
1,<environment.Job instance at 0x14861b259500>,43,13,[13  1],44,193,206,149,187
1,<environment.Job instance at 0x14861b259be0>,44,3,[14  2],45,206,209,161,190
1,<environment.Job instance at 0x14861b2594b0>,45,20,[14  1],46,209,229,163,200
1,<environment.Job instance at 0x14861b259550>,48,23,[14  2],49,229,252,180,225
1,<environment.Job instance at 0x14861ad6e8c0>,10,12,[ 1 11],11,234,246,223,234
1,<environment.Job instance at 0x14861b2590a0>,42,26,[2 9],43,252,278,209,249
1,<environment.Job instance at 0x14861b259320>,46,3,[13  2],47,346,349,299,346
1,<environment.Job instance at 0x14861b2d6a00>,3,20,[ 1 12],4,453,473,449,453
1,<environment.Job instance at 0x14861b094a50>,0,24,[ 1 10],1,2,26,1,2
1,<environment.Job instance at 0x14861b17b5f0>,6,2,[11  2],7,19,21,12,19
1,<environment.Job instance at 0x14861b17b730>,7,24,[10  2],8,21,45,13,19
1,<environment.Job instance at 0x14861b094f00>,2,24,[ 1 11],3,26,50,23,21
1,<environment.Job instance at 0x1486501f1c80>,9,19,[ 1 10],10,50,69,40,47
1,<environment.Job instance at 0x14861ad5b870>,12,1,[5 1],13,49,50,36,49
1,<environment.Job instance at 0x14861ad5b640>,13,28,[ 2 10],14,69,97,55,69
1,<environment.Job instance at 0x14861ad5b370>,14,20,[10  2],15,70,90,55,70
1,<environment.Job instance at 0x14861ad5baf0>,15,20,[11  2],16,90,110,74,81
1,<environment.Job instance at 0x14861b17b5a0>,11,28,[ 1 12],12,98,126,86,98
1,<environment.Job instance at 0x14861ad5b280>,16,24,[5 1],17,110,134,93,105
1,<environment.Job instance at 0x148654b08eb0>,18,3,[1 5],19,126,129,107,115
1,<environment.Job instance at 0x14861b1640a0>,17,19,[1 7],18,126,145,108,117
1,<environment.Job instance at 0x14865ceee320>,19,21,[14  2],20,134,155,114,126
1,<environment.Job instance at 0x14865ceee8c0>,20,20,[ 1 13],21,145,165,124,136
1,<environment.Job instance at 0x14865be58690>,22,16,[ 2 12],23,165,181,142,152
1,<environment.Job instance at 0x14861adb3550>,21,23,[2 7],22,181,204,159,177
1,<environment.Job instance at 0x14861b428410>,24,1,[8 2],25,179,180,154,179
1,<environment.Job instance at 0x14861b428b90>,23,27,[2 8],24,181,208,157,180
1,<environment.Job instance at 0x14861b428dc0>,25,2,[ 2 13],26,208,210,182,182
1,<environment.Job instance at 0x14861b428190>,26,1,[ 2 13],27,210,211,183,185
1,<environment.Job instance at 0x148650065af0>,28,14,[8 2],29,204,218,175,189
1,<environment.Job instance at 0x148654899370>,29,16,[5 2],30,211,227,181,198
1,<environment.Job instance at 0x148650065b90>,30,1,[14  2],31,227,228,196,204
1,<environment.Job instance at 0x14865b957910>,27,16,[12  1],28,228,244,200,216
1,<environment.Job instance at 0x14865ceeb2d0>,32,19,[ 2 12],33,228,247,195,223
1,<environment.Job instance at 0x14865ceebf00>,31,27,[13  1],32,244,271,212,242
1,<environment.Job instance at 0x148654881dc0>,33,19,[1 5],34,247,266,213,243
1,<environment.Job instance at 0x148654881af0>,34,1,[5 1],35,271,272,236,243
1,<environment.Job instance at 0x148656589280>,36,17,[1 6],37,247,264,210,243
1,<environment.Job instance at 0x14865af3d820>,35,23,[2 6],36,266,289,230,264
1,<environment.Job instance at 0x148656589190>,37,24,[6 1],38,271,295,233,267
1,<environment.Job instance at 0x14865af2df00>,39,27,[5 2],40,272,299,232,270
1,<environment.Job instance at 0x14865af2d870>,40,23,[5 1],41,295,318,254,291
1,<environment.Job instance at 0x14865af2d960>,41,15,[ 1 14],42,299,314,257,295
1,<environment.Job instance at 0x14865af2dbe0>,42,28,[ 1 12],43,314,342,271,313
1,<environment.Job instance at 0x1486565899b0>,38,25,[12  1],39,318,343,279,314
1,<environment.Job instance at 0x14865af36780>,44,25,[11  2],45,343,368,298,339
1,<environment.Job instance at 0x14865cefbfa0>,46,16,[5 1],47,368,384,321,357
1,<environment.Job instance at 0x14865af362d0>,47,12,[ 1 12],48,357,369,309,357
1,<environment.Job instance at 0x14865af428c0>,48,2,[2 5],49,369,371,320,357
1,<environment.Job instance at 0x14865af36af0>,45,23,[ 1 14],46,371,394,325,366
1,<environment.Job instance at 0x1486501f1a00>,10,25,[12  2],11,395,420,384,395
1,<environment.Job instance at 0x14861b094730>,4,18,[ 2 14],5,431,449,426,431
1,<environment.Job instance at 0x148650073640>,0,24,[ 2 12],1,2,26,1,2
1,<environment.Job instance at 0x14865654fcd0>,2,21,[10  1],3,3,24,0,3
1,<environment.Job instance at 0x1486500735a0>,1,15,[11  2],2,24,39,22,14
1,<environment.Job instance at 0x14861b771f50>,8,20,[9 1],9,39,59,30,33
1,<environment.Job instance at 0x14861b443820>,3,24,[11  1],4,59,83,55,54
1,<environment.Job instance at 0x14861b6ef140>,13,28,[ 2 12],14,55,83,41,55
1,<environment.Job instance at 0x1486596e5dc0>,14,19,[8 2],15,83,102,68,76
1,<environment.Job instance at 0x1486596e5140>,15,20,[ 1 12],16,89,109,73,89
1,<environment.Job instance at 0x148657011320>,11,24,[12  1],12,102,126,90,97
1,<environment.Job instance at 0x148657011af0>,10,16,[ 1 14],11,112,128,101,112
1,<environment.Job instance at 0x1486596e50a0>,17,23,[9 2],18,128,151,110,122
1,<environment.Job instance at 0x14861b74eaf0>,22,2,[ 1 11],23,128,130,105,126
1,<environment.Job instance at 0x14861b74e2d0>,23,19,[10  2],24,151,170,127,141
1,<environment.Job instance at 0x14861b74e460>,24,2,[ 1 10],25,144,146,119,144
1,<environment.Job instance at 0x14861b74ec30>,25,22,[9 1],26,170,192,144,164
1,<environment.Job instance at 0x14861b74e910>,26,20,[8 2],27,192,212,165,183
1,<environment.Job instance at 0x14861b74e0a0>,27,27,[14  2],28,212,239,184,210
1,<environment.Job instance at 0x148650234d70>,28,15,[ 1 12],29,210,225,181,210
1,<environment.Job instance at 0x148650234870>,29,2,[ 1 13],30,225,227,195,210
1,<environment.Job instance at 0x148650234230>,30,18,[8 1],31,239,257,208,228
1,<environment.Job instance at 0x1486596e5cd0>,19,17,[ 2 14],20,246,263,226,246
1,<environment.Job instance at 0x1486502345f0>,31,18,[8 2],32,263,281,231,252
1,<environment.Job instance at 0x14861ae9f730>,33,25,[10  1],34,281,306,247,278
1,<environment.Job instance at 0x148650234f50>,34,24,[ 1 14],35,281,305,246,278
1,<environment.Job instance at 0x14861ae9f2d0>,35,18,[7 1],36,306,324,270,295
1,<environment.Job instance at 0x14861ae9fa00>,36,1,[14  1],37,324,325,287,297
1,<environment.Job instance at 0x14861ae9f460>,37,28,[6 1],38,325,353,287,324
1,<environment.Job instance at 0x14861ae9fb90>,38,20,[ 1 11],39,326,346,287,326
1,<environment.Job instance at 0x148650234910>,32,18,[ 1 11],33,346,364,313,338
1,<environment.Job instance at 0x148656fb9230>,40,26,[8 1],41,341,367,300,341
1,<environment.Job instance at 0x148656fb9730>,41,12,[ 1 14],42,364,376,322,358
1,<environment.Job instance at 0x148656fb99b0>,42,14,[6 1],43,367,381,324,358
1,<environment.Job instance at 0x148656fb9a00>,43,2,[2 9],44,376,378,332,372
1,<environment.Job instance at 0x14861ae9f640>,39,27,[2 6],40,378,405,338,376
1,<environment.Job instance at 0x14861ad5ecd0>,45,22,[14  1],46,405,427,359,398
1,<environment.Job instance at 0x14861ad5e2d0>,46,22,[9 2],47,427,449,380,420
1,<environment.Job instance at 0x14861ad5ec80>,47,26,[6 2],48,427,453,379,425
1,<environment.Job instance at 0x14861ad5eaa0>,48,16,[10  1],49,453,469,404,440
1,<environment.Job instance at 0x148656fb9280>,44,21,[ 2 14],45,478,499,433,478
1,<environment.Job instance at 0x1486596e55a0>,21,28,[12  1],22,490,518,468,490
1,<environment.Job instance at 0x1486596e5640>,16,12,[ 1 11],17,519,531,502,519
1,<environment.Job instance at 0x1486501d0820>,9,3,[ 2 12],10,532,535,522,532
1,<environment.Job instance at 0x14865018d320>,2,22,[14  2],3,3,25,0,3
1,<environment.Job instance at 0x14865018d690>,0,2,[7 1],1,25,27,24,5
1,<environment.Job instance at 0x14865018dbe0>,5,14,[1 8],6,6,20,0,6
1,<environment.Job instance at 0x1486570116e0>,6,17,[9 1],7,27,44,20,19
1,<environment.Job instance at 0x1486501a57d0>,7,24,[12  2],8,44,68,36,39
1,<environment.Job instance at 0x1486501a5640>,10,27,[10  2],11,68,95,57,66
1,<environment.Job instance at 0x1486501a5550>,11,2,[ 1 13],12,66,68,54,66
1,<environment.Job instance at 0x1486501a5140>,12,23,[11  2],13,95,118,82,89
1,<environment.Job instance at 0x1486501a5fa0>,13,3,[ 1 12],14,98,101,84,98
1,<environment.Job instance at 0x1486501a5730>,14,22,[10  1],15,118,140,103,111
1,<environment.Job instance at 0x1486501a5870>,9,2,[ 2 11],10,115,117,105,115
1,<environment.Job instance at 0x1486501a5af0>,15,24,[ 2 14],16,118,142,102,116
1,<environment.Job instance at 0x1486501a5910>,16,3,[ 1 10],17,142,145,125,116
1,<environment.Job instance at 0x148650126280>,19,28,[7 1],20,140,168,120,139
1,<environment.Job instance at 0x148650126fa0>,20,21,[ 1 14],21,145,166,124,139
1,<environment.Job instance at 0x148650126d20>,21,1,[5 2],22,142,143,120,139
1,<environment.Job instance at 0x1486501261e0>,18,19,[ 2 10],19,166,185,147,159
1,<environment.Job instance at 0x148650126370>,23,22,[8 2],24,168,190,144,161
1,<environment.Job instance at 0x1486501269b0>,24,14,[7 1],25,185,199,160,171
1,<environment.Job instance at 0x148650126140>,22,26,[8 2],23,190,216,167,187
1,<environment.Job instance at 0x148650126af0>,26,21,[ 2 12],27,199,220,172,191
1,<environment.Job instance at 0x148650126f00>,27,27,[7 1],28,216,243,188,214
1,<environment.Job instance at 0x148650126960>,28,16,[10  2],29,243,259,214,230
1,<environment.Job instance at 0x14861adede60>,31,2,[2 7],32,230,232,198,230
1,<environment.Job instance at 0x14861aded4b0>,32,23,[2 6],33,232,255,199,232
1,<environment.Job instance at 0x1486501a5e10>,17,2,[2 6],18,233,235,215,233
1,<environment.Job instance at 0x14861aded6e0>,33,2,[12  2],34,259,261,225,247
1,<environment.Job instance at 0x14861aded370>,30,23,[13  2],31,261,284,230,255
1,<environment.Job instance at 0x14861aded5a0>,36,22,[11  2],37,284,306,247,278
1,<environment.Job instance at 0x14861aded320>,38,16,[ 1 12],39,285,301,246,285
1,<environment.Job instance at 0x14861adedfa0>,39,14,[11  1],40,306,320,266,292
1,<environment.Job instance at 0x14865018dfa0>,4,27,[ 2 14],5,315,342,310,315
1,<environment.Job instance at 0x14861adedeb0>,37,28,[13  1],38,320,348,282,319
1,<environment.Job instance at 0x14861adedd20>,42,26,[ 1 14],43,342,368,299,339
1,<environment.Job instance at 0x14861aded870>,43,15,[11  1],44,348,363,304,339
1,<environment.Job instance at 0x14861aded960>,45,2,[1 8],46,368,370,322,353
1,<environment.Job instance at 0x14861aded9b0>,47,1,[ 2 13],48,370,371,322,362
1,<environment.Job instance at 0x14861aded780>,48,25,[11  1],49,363,388,314,362
1,<environment.Job instance at 0x14861aded640>,46,27,[8 2],47,388,415,341,386
1,<environment.Job instance at 0x14861adedf50>,41,28,[ 2 13],42,386,414,344,386
1,<environment.Job instance at 0x14865018de60>,3,3,[12  2],4,439,442,435,439
1,<environment.Job instance at 0x14861aded0a0>,34,28,[11  1],35,454,482,419,454
