iteration,job object,job ID,job Length,job ressource requirement,job enter time,job start time,job finish time,job waiting time,current time
1,<environment.Job instance at 0x14bc960da320>,2,1,[1 5],3,8,9,5,7
1,<environment.Job instance at 0x14bc955a7b40>,9,2,[2 8],10,10,12,0,10
1,<environment.Job instance at 0x14bc955a7820>,7,3,[5 1],8,10,13,2,10
1,<environment.Job instance at 0x14bc955a7b90>,8,17,[2 6],9,12,29,3,11
1,<environment.Job instance at 0x14bc955a7c80>,10,1,[7 1],11,13,14,2,11
1,<environment.Job instance at 0x14bc955a7f00>,11,2,[1 9],12,29,31,17,16
1,<environment.Job instance at 0x14bc955a7dc0>,13,13,[1 5],14,31,44,17,18
1,<environment.Job instance at 0x14bc955a9690>,18,3,[1 8],19,44,47,25,19
1,<environment.Job instance at 0x14bc955a9910>,20,1,[1 7],21,47,48,26,21
1,<environment.Job instance at 0x14bc955a9500>,17,2,[7 1],18,21,23,3,21
1,<environment.Job instance at 0x14bc955a99b0>,21,1,[8 1],22,24,25,2,24
1,<environment.Job instance at 0x14bc955a9f50>,26,2,[2 6],27,48,50,21,28
1,<environment.Job instance at 0x14bc955a9eb0>,25,1,[1 5],26,31,32,5,28
1,<environment.Job instance at 0x14bc955ac870>,32,2,[2 9],33,50,52,17,34
1,<environment.Job instance at 0x14bc955aca50>,35,3,[9 2],36,37,40,1,37
1,<environment.Job instance at 0x14bc955ac910>,33,2,[9 1],34,40,42,6,37
1,<environment.Job instance at 0x14bc955acf50>,37,3,[2 5],38,52,55,14,38
1,<environment.Job instance at 0x14bc955ae280>,39,2,[8 2],40,42,44,2,41
1,<environment.Job instance at 0x14bc955ae2d0>,40,14,[2 5],41,52,66,11,41
1,<environment.Job instance at 0x14bc955ae5f0>,43,3,[1 6],44,66,69,22,46
1,<environment.Job instance at 0x14bc955ae780>,44,2,[2 8],45,69,71,24,46
1,<environment.Job instance at 0x14bc955aed20>,48,14,[5 1],49,55,69,6,54
1,<environment.Job instance at 0x14bc955ac370>,1,2,[ 2 10],2,2,4,0,2
1,<environment.Job instance at 0x14bc94968fa0>,4,16,[8 1],5,5,21,0,5
1,<environment.Job instance at 0x14bc94968e60>,6,2,[1 6],7,9,11,2,9
1,<environment.Job instance at 0x14bc9496b280>,5,1,[1 8],6,11,12,5,9
1,<environment.Job instance at 0x14bc9496b5f0>,10,3,[1 9],11,14,17,3,14
1,<environment.Job instance at 0x14bc9496b7d0>,13,24,[2 7],14,17,41,3,17
1,<environment.Job instance at 0x14bc9496bc80>,17,2,[7 2],18,21,23,3,20
1,<environment.Job instance at 0x14bc9496b870>,16,13,[1 5],17,41,54,24,28
1,<environment.Job instance at 0x14bc9496e140>,22,2,[1 7],23,54,56,31,29
1,<environment.Job instance at 0x14bc9496e190>,23,1,[9 1],24,41,42,17,29
1,<environment.Job instance at 0x14bc9496beb0>,21,1,[2 9],22,56,57,34,31
1,<environment.Job instance at 0x14bc9496e410>,25,15,[7 1],26,42,57,16,32
1,<environment.Job instance at 0x14bc9496e460>,24,1,[8 2],25,35,36,10,35
1,<environment.Job instance at 0x14bc9496e6e0>,28,2,[1 5],29,57,59,28,35
1,<environment.Job instance at 0x14bc9496ee10>,34,2,[5 2],35,36,38,1,35
1,<environment.Job instance at 0x14bc9496ef50>,33,3,[10  2],34,59,62,25,36
1,<environment.Job instance at 0x14bc9496f820>,38,1,[10  1],39,62,63,23,40
1,<environment.Job instance at 0x14bc9496feb0>,44,3,[7 2],45,63,66,18,46
1,<environment.Job instance at 0x14bc9496fe60>,43,3,[6 2],44,66,69,22,46
1,<environment.Job instance at 0x14bc94971140>,46,2,[1 6],47,63,65,16,50
1,<environment.Job instance at 0x14bc94971410>,48,1,[1 8],49,65,66,16,52
1,<environment.Job instance at 0x14bc9496eb90>,32,15,[2 8],33,66,81,33,53
1,<environment.Job instance at 0x14bc94491550>,3,2,[1 6],4,4,6,0,4
1,<environment.Job instance at 0x14bc94492dc0>,7,2,[7 1],8,8,10,0,8
1,<environment.Job instance at 0x14bc94492b90>,6,3,[5 1],7,10,13,3,8
1,<environment.Job instance at 0x14bc94422a00>,8,2,[1 6],9,9,11,0,9
1,<environment.Job instance at 0x14bc944221e0>,9,2,[5 2],10,11,13,1,11
1,<environment.Job instance at 0x14bc944220a0>,10,1,[1 6],11,13,14,2,13
1,<environment.Job instance at 0x14bc944223c0>,12,3,[7 2],13,13,16,0,13
1,<environment.Job instance at 0x14bc9441f370>,13,20,[ 1 10],14,17,37,3,17
1,<environment.Job instance at 0x14bc9441fc80>,17,3,[2 5],18,37,40,19,18
1,<environment.Job instance at 0x14bc9441f6e0>,18,12,[6 1],19,37,49,18,20
1,<environment.Job instance at 0x14bc94421a00>,22,13,[10  2],23,49,62,26,33
1,<environment.Job instance at 0x14bc9449d5a0>,29,2,[ 1 10],30,62,64,32,42
1,<environment.Job instance at 0x14bc9449d870>,30,1,[8 1],31,64,65,33,45
1,<environment.Job instance at 0x14bc9449d9b0>,31,2,[1 8],32,46,48,14,46
1,<environment.Job instance at 0x14bc94421fa0>,23,17,[5 1],24,65,82,41,53
1,<environment.Job instance at 0x14bc9449bc30>,36,3,[2 5],37,64,67,27,56
1,<environment.Job instance at 0x14bc9449b190>,40,3,[ 1 10],41,82,85,41,59
1,<environment.Job instance at 0x14bc9449ba50>,39,3,[8 1],40,85,88,45,62
1,<environment.Job instance at 0x14bc94421d20>,20,12,[8 1],21,88,100,67,73
1,<environment.Job instance at 0x14bc945f7d20>,43,3,[1 9],44,79,82,35,79
1,<environment.Job instance at 0x14bc9458fdc0>,44,2,[6 1],45,100,102,55,84
1,<environment.Job instance at 0x14bc9458d5a0>,47,3,[1 7],48,85,88,37,84
1,<environment.Job instance at 0x14bc9449bb40>,34,15,[8 1],35,102,117,67,89
1,<environment.Job instance at 0x14bc8b4e6500>,6,1,[ 2 10],7,7,8,0,7
1,<environment.Job instance at 0x14bc8b524780>,10,16,[1 9],11,13,29,2,13
1,<environment.Job instance at 0x14bc8b524cd0>,11,2,[2 9],12,29,31,17,13
1,<environment.Job instance at 0x14bc8b524be0>,9,1,[2 9],10,31,32,21,16
1,<environment.Job instance at 0x14bc8b524870>,12,13,[10  1],13,32,45,19,16
1,<environment.Job instance at 0x14bc8b531140>,17,2,[10  2],18,45,47,27,18
1,<environment.Job instance at 0x14bc8b44f5f0>,20,2,[8 2],21,47,49,26,21
1,<environment.Job instance at 0x14bc8b435b90>,26,2,[8 2],27,49,51,22,27
1,<environment.Job instance at 0x14bc8b3f9730>,29,3,[9 1],30,51,54,21,30
1,<environment.Job instance at 0x14bc8b3f9370>,28,1,[7 1],29,54,55,25,35
1,<environment.Job instance at 0x14bc8b3f99b0>,34,15,[1 8],35,47,62,12,35
1,<environment.Job instance at 0x14bc8b3f4c30>,35,3,[6 1],36,55,58,19,37
1,<environment.Job instance at 0x14bc8b3f8c80>,37,2,[10  2],38,62,64,24,41
1,<environment.Job instance at 0x14bc8b3f97d0>,33,12,[5 1],34,64,76,30,47
1,<environment.Job instance at 0x14bc8b3f8870>,42,1,[2 6],43,64,65,21,47
1,<environment.Job instance at 0x14bc8b3f8c30>,43,1,[1 7],44,65,66,21,48
1,<environment.Job instance at 0x14bc8b3f8f50>,44,1,[1 7],45,66,67,21,50
1,<environment.Job instance at 0x14bc8b3f8280>,46,2,[1 9],47,67,69,20,52
1,<environment.Job instance at 0x14bc8b3f8a00>,40,2,[2 9],41,69,71,28,55
1,<environment.Job instance at 0x14bc940742d0>,1,1,[7 2],2,5,6,3,5
1,<environment.Job instance at 0x14bc8a921af0>,4,12,[ 2 10],5,8,20,3,8
1,<environment.Job instance at 0x14bc8a82a910>,9,14,[1 5],10,20,34,10,12
1,<environment.Job instance at 0x14bc8a82a460>,11,1,[2 6],12,34,35,22,12
1,<environment.Job instance at 0x14bc8a927280>,16,16,[6 1],17,20,36,3,18
1,<environment.Job instance at 0x14bc8a927320>,15,3,[ 2 10],16,36,39,20,18
1,<environment.Job instance at 0x14bc8a9275f0>,18,2,[9 2],19,39,41,20,21
1,<environment.Job instance at 0x14bc8a9278c0>,22,2,[5 2],23,41,43,18,23
1,<environment.Job instance at 0x14bc8a927870>,20,13,[5 2],21,41,54,20,27
1,<environment.Job instance at 0x14bc8a927f00>,25,3,[8 2],26,54,57,28,28
1,<environment.Job instance at 0x14bc8a8303c0>,29,2,[1 7],30,39,41,9,30
1,<environment.Job instance at 0x14bc8a830780>,32,2,[1 6],33,43,45,10,33
1,<environment.Job instance at 0x14bc8a830b90>,35,2,[7 2],36,57,59,21,40
1,<environment.Job instance at 0x14bc8a8301e0>,27,16,[7 2],28,59,75,31,46
1,<environment.Job instance at 0x14bc8a830e10>,38,1,[2 7],39,46,47,7,46
1,<environment.Job instance at 0x14bc8a830d70>,37,1,[7 2],38,75,76,37,49
1,<environment.Job instance at 0x14bc8a830eb0>,39,1,[6 2],40,76,77,36,49
1,<environment.Job instance at 0x14bc8a831140>,42,1,[7 2],43,77,78,34,53
1,<environment.Job instance at 0x14bc8a830870>,41,3,[8 1],42,78,81,36,56
1,<environment.Job instance at 0x14bc8a831690>,47,1,[5 2],48,81,82,33,64
1,<environment.Job instance at 0x14bc8a846af0>,0,1,[1 9],1,2,3,1,2
1,<environment.Job instance at 0x14bc8a846910>,2,1,[2 6],3,3,4,0,3
1,<environment.Job instance at 0x14bc89c05140>,5,3,[1 9],6,6,9,0,6
1,<environment.Job instance at 0x14bc89c054b0>,7,1,[1 9],8,10,11,2,10
1,<environment.Job instance at 0x14bc89c05730>,11,1,[9 1],12,13,14,1,13
1,<environment.Job instance at 0x14bc89c05870>,12,17,[1 9],13,13,30,0,13
1,<environment.Job instance at 0x14bc89c05be0>,13,1,[10  2],14,30,31,16,15
1,<environment.Job instance at 0x14bc89c05e10>,18,15,[1 7],19,31,46,12,20
1,<environment.Job instance at 0x14bc89c05f50>,19,12,[6 2],20,31,43,11,21
1,<environment.Job instance at 0x14bc89c05f00>,16,2,[1 7],17,46,48,29,21
1,<environment.Job instance at 0x14bc89c07500>,24,2,[8 1],25,25,27,0,25
1,<environment.Job instance at 0x14bc89c055f0>,9,17,[2 6],10,48,65,38,36
1,<environment.Job instance at 0x14bc89c07f50>,32,3,[5 2],33,43,46,10,38
1,<environment.Job instance at 0x14bc89c094b0>,36,3,[2 9],37,65,68,28,39
1,<environment.Job instance at 0x14bc89c09690>,40,1,[8 1],41,46,47,5,41
1,<environment.Job instance at 0x14bc89c09820>,38,3,[5 2],39,47,50,8,41
1,<environment.Job instance at 0x14bc89c0b2d0>,45,2,[7 1],46,50,52,4,49
1,<environment.Job instance at 0x14bc89c09f00>,43,13,[6 2],44,52,65,8,52
1,<environment.Job instance at 0x14bc89c07eb0>,33,12,[10  1],34,68,80,34,55
1,<environment.Job instance at 0x14bc89c0b500>,48,2,[2 5],49,80,82,31,65
1,<environment.Job instance at 0x14bc89c122d0>,4,3,[7 2],5,5,8,0,5
1,<environment.Job instance at 0x14bc88fb5690>,8,18,[9 2],9,9,27,0,9
1,<environment.Job instance at 0x14bc88fb53c0>,5,2,[7 1],6,27,29,21,9
1,<environment.Job instance at 0x14bc88fb58c0>,10,1,[8 2],11,29,30,18,12
1,<environment.Job instance at 0x14bc88fb5be0>,12,1,[2 8],13,27,28,14,14
1,<environment.Job instance at 0x14bc88fb57d0>,13,15,[1 6],14,28,43,14,15
1,<environment.Job instance at 0x14bc88fb5c80>,14,3,[1 7],15,18,21,3,18
1,<environment.Job instance at 0x14bc88fb5d70>,18,2,[8 1],19,30,32,11,26
1,<environment.Job instance at 0x14bc88fb6230>,20,3,[1 7],21,43,46,22,30
1,<environment.Job instance at 0x14bc88fb63c0>,23,3,[1 5],24,46,49,22,31
1,<environment.Job instance at 0x14bc88fb64b0>,24,2,[2 9],25,49,51,24,32
1,<environment.Job instance at 0x14bc88fb66e0>,25,1,[8 1],26,34,35,8,34
1,<environment.Job instance at 0x14bc88fb6730>,26,3,[2 8],27,51,54,24,37
1,<environment.Job instance at 0x14bc88fb6910>,29,2,[1 5],30,46,48,16,38
1,<environment.Job instance at 0x14bc88fb59b0>,11,16,[1 7],12,54,70,42,41
1,<environment.Job instance at 0x14bc88fb93c0>,36,3,[10  1],37,70,73,33,46
1,<environment.Job instance at 0x14bc88fb9870>,40,15,[9 2],41,54,69,13,46
1,<environment.Job instance at 0x14bc88fb97d0>,38,1,[8 1],39,48,49,9,46
1,<environment.Job instance at 0x14bc88fb96e0>,39,3,[1 7],40,73,76,33,47
1,<environment.Job instance at 0x14bc88fb9b90>,42,3,[2 7],43,76,79,33,56
1,<environment.Job instance at 0x14bc88fbc550>,48,2,[1 5],49,79,81,30,71
1,<environment.Job instance at 0x14bc8a3e2af0>,4,17,[9 2],5,6,23,1,6
1,<environment.Job instance at 0x14bc8a70bfa0>,8,2,[8 1],9,23,25,14,11
1,<environment.Job instance at 0x14bc89c07140>,6,14,[2 9],7,23,37,16,11
1,<environment.Job instance at 0x14bc8a66c550>,13,3,[10  1],14,37,40,23,14
1,<environment.Job instance at 0x14bc8a4d4460>,22,3,[9 2],23,40,43,17,33
1,<environment.Job instance at 0x14bc8a585500>,27,17,[1 9],28,43,60,15,38
1,<environment.Job instance at 0x14bc8a66c050>,18,22,[9 1],19,43,65,24,38
1,<environment.Job instance at 0x14bc8a543be0>,28,3,[2 6],29,65,68,36,40
1,<environment.Job instance at 0x14bc8a472aa0>,32,2,[1 5],33,60,62,27,47
1,<environment.Job instance at 0x14bc8a472780>,33,12,[8 2],34,65,77,31,49
1,<environment.Job instance at 0x14bc8a467af0>,34,3,[5 1],35,77,80,42,53
1,<environment.Job instance at 0x14bc8a4672d0>,35,12,[1 6],36,68,80,32,55
1,<environment.Job instance at 0x14bc8a3ff460>,38,17,[8 2],39,80,97,41,68
1,<environment.Job instance at 0x14bc8a49adc0>,44,3,[1 7],45,80,83,35,76
1,<environment.Job instance at 0x14bc8a49a0a0>,45,17,[1 6],46,83,100,37,77
1,<environment.Job instance at 0x14bc8a4702d0>,47,3,[8 2],48,97,100,49,77
1,<environment.Job instance at 0x14bc8a403870>,46,1,[2 9],47,100,101,53,80
1,<environment.Job instance at 0x14bc8a49a960>,42,18,[10  1],43,101,119,58,91
1,<environment.Job instance at 0x14bc8a832820>,0,2,[2 6],1,4,6,3,4
1,<environment.Job instance at 0x14bc95b735f0>,5,2,[2 5],6,10,12,4,10
1,<environment.Job instance at 0x14bc95b73190>,8,1,[2 8],9,12,13,3,10
1,<environment.Job instance at 0x14bc95b734b0>,11,17,[2 7],12,13,30,1,12
1,<environment.Job instance at 0x14bc95b753c0>,15,13,[6 1],16,16,29,0,16
1,<environment.Job instance at 0x14bc95b73dc0>,7,3,[6 2],8,29,32,21,16
1,<environment.Job instance at 0x14bc95b75730>,17,2,[2 7],18,30,32,12,18
1,<environment.Job instance at 0x14bc95b750f0>,21,1,[1 9],22,32,33,10,23
1,<environment.Job instance at 0x14bc95b75e60>,20,2,[2 6],21,33,35,12,26
1,<environment.Job instance at 0x14bc95c80410>,24,13,[2 8],25,35,48,10,26
1,<environment.Job instance at 0x14bc95c80eb0>,22,3,[1 7],23,48,51,25,27
1,<environment.Job instance at 0x14bc95c80050>,30,12,[1 9],31,51,63,20,35
1,<environment.Job instance at 0x14bc95c80230>,32,2,[9 1],33,48,50,15,36
1,<environment.Job instance at 0x14bc95b859b0>,36,15,[7 2],37,63,78,26,52
1,<environment.Job instance at 0x14bc95b75550>,19,15,[2 8],20,63,78,43,53
1,<environment.Job instance at 0x14bc95b85050>,39,2,[7 1],40,53,55,13,53
1,<environment.Job instance at 0x14bc95b9b6e0>,46,1,[5 2],47,78,79,31,61
1,<environment.Job instance at 0x14bc95b85b40>,40,3,[7 2],41,79,82,38,61
1,<environment.Job instance at 0x14bc95b9b500>,45,13,[1 7],46,78,91,32,63
1,<environment.Job instance at 0x14bc95b9b820>,48,1,[10  2],49,91,92,42,72
1,<environment.Job instance at 0x14bc95c0e910>,0,3,[7 2],1,6,9,5,6
1,<environment.Job instance at 0x14bc95cca780>,8,15,[1 7],9,11,26,2,11
1,<environment.Job instance at 0x14bc95cca9b0>,13,18,[9 1],14,14,32,0,14
1,<environment.Job instance at 0x14bc95ccae60>,11,3,[1 6],12,26,29,14,14
1,<environment.Job instance at 0x14bc95cca910>,12,2,[6 1],13,32,34,19,16
1,<environment.Job instance at 0x14bc95ccaeb0>,10,13,[6 2],11,34,47,23,18
1,<environment.Job instance at 0x14bc95cee0f0>,19,3,[5 1],20,47,50,27,23
1,<environment.Job instance at 0x14bc95ceec80>,21,3,[2 7],22,32,35,10,23
1,<environment.Job instance at 0x14bc95ccacd0>,15,2,[ 1 10],16,50,52,34,25
1,<environment.Job instance at 0x14bc95ceea00>,25,3,[9 1],26,52,55,26,28
1,<environment.Job instance at 0x14bc95cbfb40>,30,3,[10  1],31,55,58,24,35
1,<environment.Job instance at 0x14bc95cbf050>,28,2,[2 9],29,47,49,18,35
1,<environment.Job instance at 0x14bc95cbf230>,34,3,[8 1],35,58,61,23,44
1,<environment.Job instance at 0x14bc95cb8690>,36,1,[1 5],37,44,45,7,44
1,<environment.Job instance at 0x14bc95cbfa50>,33,16,[2 9],34,58,74,24,50
1,<environment.Job instance at 0x14bc95cb8f50>,38,1,[1 7],39,53,54,14,53
1,<environment.Job instance at 0x14bc95cb8a50>,44,3,[7 2],45,74,77,29,63
1,<environment.Job instance at 0x14bc95cb8af0>,45,3,[2 6],46,74,77,28,63
1,<environment.Job instance at 0x14bc95cb8370>,46,2,[5 2],47,77,79,30,63
1,<environment.Job instance at 0x14bc95cb8960>,47,1,[2 9],48,79,80,31,63
1,<environment.Job instance at 0x14bc95cb8b90>,48,3,[2 8],49,80,83,31,63
1,<environment.Job instance at 0x14bc956a23c0>,0,28,[7 1],1,4,32,3,4
1,<environment.Job instance at 0x14bc88450820>,4,1,[ 2 10],5,32,33,27,5
1,<environment.Job instance at 0x14bc95aebd20>,3,12,[1 6],4,11,23,7,11
1,<environment.Job instance at 0x14bc88450be0>,9,2,[2 8],10,23,25,13,12
1,<environment.Job instance at 0x14bc88452410>,15,2,[10  2],16,33,35,17,17
1,<environment.Job instance at 0x14bc88452050>,12,12,[10  2],13,35,47,22,19
1,<environment.Job instance at 0x14bc88452460>,18,3,[8 2],19,47,50,28,22
1,<environment.Job instance at 0x14bc88452c30>,23,3,[9 1],24,50,53,26,28
1,<environment.Job instance at 0x14bc88452e10>,24,2,[8 1],25,53,55,28,28
1,<environment.Job instance at 0x14bc884536e0>,31,3,[1 9],32,50,53,18,34
1,<environment.Job instance at 0x14bc88453730>,30,15,[9 2],31,55,70,24,44
1,<environment.Job instance at 0x14bc88453960>,35,3,[1 8],36,53,56,17,50
1,<environment.Job instance at 0x14bc88453a50>,36,2,[2 9],37,70,72,33,51
1,<environment.Job instance at 0x14bc88453be0>,38,3,[1 5],39,56,59,17,53
1,<environment.Job instance at 0x14bc88453d20>,39,3,[1 6],40,59,62,19,53
1,<environment.Job instance at 0x14bc88453eb0>,40,2,[2 6],41,72,74,31,57
1,<environment.Job instance at 0x14bc884538c0>,41,1,[9 1],42,74,75,32,58
1,<environment.Job instance at 0x14bc88453e60>,42,1,[ 2 10],43,75,76,32,58
1,<environment.Job instance at 0x14bc88453e10>,43,2,[9 1],44,76,78,32,61
1,<environment.Job instance at 0x14bc884554b0>,47,2,[5 1],48,70,72,22,62
1,<environment.Job instance at 0x14bc884551e0>,44,2,[9 1],45,78,80,33,68
1,<environment.Job instance at 0x14bc88458870>,3,1,[2 6],4,4,5,0,4
1,<environment.Job instance at 0x14bc95cee690>,1,3,[8 1],2,5,8,3,5
1,<environment.Job instance at 0x14bc87805f50>,4,2,[2 8],5,5,7,0,5
1,<environment.Job instance at 0x14bc88458820>,5,13,[2 8],6,10,23,4,10
1,<environment.Job instance at 0x14bc87809460>,11,3,[2 5],12,23,26,11,12
1,<environment.Job instance at 0x14bc87809640>,10,3,[6 2],11,15,18,4,15
1,<environment.Job instance at 0x14bc87809c30>,15,1,[8 2],16,18,19,2,17
1,<environment.Job instance at 0x14bc87809870>,14,1,[2 5],15,23,24,8,18
1,<environment.Job instance at 0x14bc87809b90>,19,12,[2 9],20,26,38,6,20
1,<environment.Job instance at 0x14bc87809eb0>,18,3,[8 2],19,38,41,19,23
1,<environment.Job instance at 0x14bc8780b050>,21,3,[2 7],22,38,41,16,29
1,<environment.Job instance at 0x14bc8780bc30>,30,1,[7 2],31,41,42,10,31
1,<environment.Job instance at 0x14bc8780bfa0>,31,1,[10  1],32,42,43,10,33
1,<environment.Job instance at 0x14bc8780d1e0>,33,3,[2 7],34,43,46,9,34
1,<environment.Job instance at 0x14bc8780bb90>,28,3,[1 7],29,46,49,17,34
1,<environment.Job instance at 0x14bc8780be60>,32,13,[10  1],33,49,62,16,35
1,<environment.Job instance at 0x14bc8780d6e0>,38,1,[8 1],39,45,46,6,45
1,<environment.Job instance at 0x14bc8780d8c0>,40,13,[5 2],41,62,75,21,49
1,<environment.Job instance at 0x14bc8780dcd0>,45,2,[ 1 10],46,75,77,29,49
1,<environment.Job instance at 0x14bc8780df00>,47,2,[5 2],48,62,64,14,50
1,<environment.Job instance at 0x14bc8780d3c0>,37,3,[6 2],38,77,80,39,55
1,<environment.Job instance at 0x14bc8780ddc0>,46,3,[5 1],47,64,67,17,58
1,<environment.Job instance at 0x14bc8780db40>,44,15,[6 1],45,80,95,35,66
1,<environment.Job instance at 0x14bc8780d690>,39,18,[2 9],40,80,98,40,74
1,<environment.Job instance at 0x14bc87852be0>,0,17,[10  1],1,3,20,2,3
1,<environment.Job instance at 0x14bc8780d690>,3,2,[8 2],4,20,22,16,8
1,<environment.Job instance at 0x14bc8ae6eb90>,12,2,[2 5],13,20,22,7,13
1,<environment.Job instance at 0x14bc8ae6e5f0>,15,3,[2 7],16,22,25,6,16
1,<environment.Job instance at 0x14bc8ae6ec30>,14,2,[5 2],15,22,24,7,16
1,<environment.Job instance at 0x14bc8ae6e9b0>,13,16,[2 9],14,25,41,11,16
1,<environment.Job instance at 0x14bc8ae6e7d0>,18,1,[9 2],19,41,42,22,19
1,<environment.Job instance at 0x14bc8ae6ed70>,21,2,[1 9],22,42,44,20,22
1,<environment.Job instance at 0x14bc8b1dd960>,29,1,[ 2 10],30,44,45,14,32
1,<environment.Job instance at 0x14bc8b1ddaa0>,24,3,[5 2],25,45,48,20,32
1,<environment.Job instance at 0x14bc8b1dd820>,30,1,[1 5],31,41,42,10,35
1,<environment.Job instance at 0x14bc8b1dd190>,32,1,[9 2],33,48,49,15,38
1,<environment.Job instance at 0x14bc8b1dda00>,33,3,[2 5],34,45,48,11,38
1,<environment.Job instance at 0x14bc8b2c6af0>,36,1,[5 2],37,49,50,12,39
1,<environment.Job instance at 0x14bc8b2c67d0>,38,15,[1 8],39,48,63,9,40
1,<environment.Job instance at 0x14bc8b2c6780>,40,2,[2 8],41,63,65,22,41
1,<environment.Job instance at 0x14bc8b30c640>,41,2,[7 1],42,50,52,8,45
1,<environment.Job instance at 0x14bc8b30c5a0>,43,1,[1 9],44,65,66,21,46
1,<environment.Job instance at 0x14bc8b30cd20>,45,2,[7 2],46,52,54,6,48
1,<environment.Job instance at 0x14bc8b2c6dc0>,39,2,[2 6],40,66,68,26,49
1,<environment.Job instance at 0x14bc8b184190>,3,1,[5 2],4,5,6,1,5
1,<environment.Job instance at 0x14bc8b184be0>,0,14,[1 8],1,8,22,7,8
1,<environment.Job instance at 0x14bc947aee60>,6,3,[ 2 10],7,22,25,15,8
1,<environment.Job instance at 0x14bc947aeeb0>,9,3,[2 7],10,25,28,15,11
1,<environment.Job instance at 0x14bc94f267d0>,15,3,[ 2 10],16,28,31,12,17
1,<environment.Job instance at 0x14bc94f264b0>,14,2,[9 2],15,31,33,16,21
1,<environment.Job instance at 0x14bc94f26960>,13,18,[9 1],14,33,51,19,22
1,<environment.Job instance at 0x14bc94de5500>,20,1,[10  2],21,51,52,30,23
1,<environment.Job instance at 0x14bc94f26b40>,17,2,[8 2],18,25,27,7,25
1,<environment.Job instance at 0x14bc94de5910>,23,2,[8 2],24,52,54,28,25
1,<environment.Job instance at 0x14bc94de5a00>,24,1,[8 2],25,54,55,29,28
1,<environment.Job instance at 0x14bc94de5dc0>,26,2,[1 7],27,31,33,4,30
1,<environment.Job instance at 0x14bc95425be0>,30,3,[10  1],31,55,58,24,35
1,<environment.Job instance at 0x14bc9516e3c0>,34,2,[2 6],35,52,54,17,44
1,<environment.Job instance at 0x14bc94b0fa00>,36,12,[5 1],37,58,70,21,44
1,<environment.Job instance at 0x14bc94b0f4b0>,37,13,[1 7],38,58,71,20,45
1,<environment.Job instance at 0x14bc94b0f730>,39,2,[8 2],40,70,72,30,51
1,<environment.Job instance at 0x14bc94b0fb40>,42,3,[7 1],43,72,75,29,59
1,<environment.Job instance at 0x14bc94b0fcd0>,43,1,[5 1],44,75,76,31,71
1,<environment.Job instance at 0x14bc950912d0>,45,1,[9 2],46,76,77,30,73
1,<environment.Job instance at 0x14bc8b736780>,1,12,[2 6],2,4,16,2,4
1,<environment.Job instance at 0x14bc8b6757d0>,3,17,[9 1],4,16,33,12,4
1,<environment.Job instance at 0x14bc8b7b20f0>,2,14,[1 8],3,16,30,13,6
1,<environment.Job instance at 0x14bc8a5900f0>,7,1,[6 2],8,8,9,0,8
1,<environment.Job instance at 0x14bc8a590aa0>,4,2,[10  2],5,33,35,28,8
1,<environment.Job instance at 0x14bc8a590eb0>,5,3,[10  1],6,35,38,29,9
1,<environment.Job instance at 0x14bc8a6adc30>,10,3,[1 9],11,30,33,19,14
1,<environment.Job instance at 0x14bc8a5e7af0>,14,2,[9 1],15,38,40,23,15
1,<environment.Job instance at 0x14bc8a6ad7d0>,12,2,[ 2 10],13,40,42,27,19
1,<environment.Job instance at 0x14bc8a5e7960>,20,2,[1 5],21,38,40,17,25
1,<environment.Job instance at 0x14bc8a5824b0>,25,1,[8 2],26,42,43,16,26
1,<environment.Job instance at 0x14bc8a582640>,26,3,[1 8],27,42,45,15,28
1,<environment.Job instance at 0x14bc8a582a00>,30,2,[1 9],31,45,47,14,31
1,<environment.Job instance at 0x14bc8a582fa0>,29,2,[6 2],30,43,45,13,32
1,<environment.Job instance at 0x14bc8a5e1f50>,36,2,[ 1 10],37,47,49,10,38
1,<environment.Job instance at 0x14bc8a5e12d0>,37,2,[2 7],38,49,51,11,40
1,<environment.Job instance at 0x14bc8a5e1690>,40,1,[5 1],41,45,46,4,42
1,<environment.Job instance at 0x14bc8a5e1c80>,42,13,[10  1],43,51,64,8,43
1,<environment.Job instance at 0x14bc8a95bc30>,0,2,[10  2],1,6,8,5,6
1,<environment.Job instance at 0x14bc93df5a00>,7,3,[5 1],8,8,11,0,8
1,<environment.Job instance at 0x14bc93df5460>,5,2,[1 9],6,10,12,4,10
1,<environment.Job instance at 0x14bc93df5be0>,8,17,[2 6],9,12,29,3,11
1,<environment.Job instance at 0x14bc93df5730>,11,2,[1 9],12,29,31,17,15
1,<environment.Job instance at 0x14bc93dc1eb0>,16,1,[2 5],17,31,32,14,19
1,<environment.Job instance at 0x14bc93dc0960>,23,17,[1 5],24,31,48,7,27
1,<environment.Job instance at 0x14bc93dc0be0>,25,1,[1 5],26,32,33,6,28
1,<environment.Job instance at 0x14bc93dc0550>,26,2,[2 6],27,48,50,21,29
1,<environment.Job instance at 0x14bc943651e0>,32,2,[2 9],33,50,52,17,34
1,<environment.Job instance at 0x14bc94365fa0>,33,2,[9 1],34,38,40,4,38
1,<environment.Job instance at 0x14bc93dc0b40>,30,13,[1 6],31,52,65,21,38
1,<environment.Job instance at 0x14bc94365a50>,35,3,[9 2],36,43,46,7,43
1,<environment.Job instance at 0x14bc94416780>,44,2,[2 8],45,65,67,20,45
1,<environment.Job instance at 0x14bc94416730>,46,2,[2 5],47,67,69,20,47
1,<environment.Job instance at 0x14bc93dc0820>,1,2,[ 2 10],2,2,4,0,2
1,<environment.Job instance at 0x14bc966c30a0>,4,16,[8 1],5,5,21,0,5
1,<environment.Job instance at 0x14bc966c3230>,5,1,[1 8],6,8,9,2,8
1,<environment.Job instance at 0x14bc94338230>,6,2,[1 6],7,9,11,2,8
1,<environment.Job instance at 0x14bc966c3690>,10,3,[1 9],11,14,17,3,14
1,<environment.Job instance at 0x14bc966c38c0>,13,24,[2 7],14,17,41,3,17
1,<environment.Job instance at 0x14bc966c3c80>,17,2,[7 2],18,21,23,3,18
1,<environment.Job instance at 0x14bc966c3d20>,16,13,[1 5],17,41,54,24,27
1,<environment.Job instance at 0x14bc966c50a0>,20,15,[1 5],21,41,56,20,27
1,<environment.Job instance at 0x14bc966c5370>,21,1,[2 9],22,56,57,34,29
1,<environment.Job instance at 0x14bc966c5230>,22,2,[1 7],23,57,59,34,30
1,<environment.Job instance at 0x14bc966c5460>,24,1,[8 2],25,30,31,5,30
1,<environment.Job instance at 0x14bc966c5dc0>,30,1,[9 2],31,54,55,23,34
1,<environment.Job instance at 0x14bc966c83c0>,34,2,[5 2],35,35,37,0,35
1,<environment.Job instance at 0x14bc966c8190>,33,3,[10  2],34,59,62,25,38
1,<environment.Job instance at 0x14bc966c8910>,39,1,[2 9],40,62,63,22,40
1,<environment.Job instance at 0x14bc966c8a50>,41,2,[1 5],42,63,65,21,42
1,<environment.Job instance at 0x14bc966c8e10>,44,3,[7 2],45,63,66,18,45
1,<environment.Job instance at 0x14bc966c8e60>,43,3,[6 2],44,66,69,22,45
1,<environment.Job instance at 0x14bc966ca640>,48,1,[1 8],49,65,66,16,50
1,<environment.Job instance at 0x14bc966c5f00>,32,15,[2 8],33,66,81,33,63
1,<environment.Job instance at 0x14bc95195870>,8,2,[1 6],9,10,12,1,10
1,<environment.Job instance at 0x14bc966944b0>,2,3,[6 1],3,10,13,7,10
1,<environment.Job instance at 0x14bc966c8f00>,5,3,[6 1],6,13,16,7,11
1,<environment.Job instance at 0x14bc951954b0>,10,1,[1 6],11,13,14,2,13
1,<environment.Job instance at 0x14bc951958c0>,12,3,[7 2],13,16,19,3,16
1,<environment.Job instance at 0x14bc95195af0>,16,14,[2 6],17,19,33,2,19
1,<environment.Job instance at 0x14bc95195f00>,19,2,[5 1],20,21,23,1,21
1,<environment.Job instance at 0x14bc94cb9b40>,20,12,[8 1],21,23,35,2,22
1,<environment.Job instance at 0x14bc94cb9730>,23,17,[5 1],24,35,52,11,24
1,<environment.Job instance at 0x14bc94cb9230>,25,12,[1 8],26,33,45,7,27
1,<environment.Job instance at 0x14bc94cb9dc0>,24,13,[9 1],25,52,65,27,36
1,<environment.Job instance at 0x14bc94cb9a00>,30,1,[8 1],31,65,66,34,38
1,<environment.Job instance at 0x14bc94cb9aa0>,31,2,[1 8],32,45,47,13,44
1,<environment.Job instance at 0x14bc94cb9f00>,29,2,[ 1 10],30,66,68,36,49
1,<environment.Job instance at 0x14bc94d1c8c0>,34,15,[8 1],35,68,83,33,54
1,<environment.Job instance at 0x14bc94cb9910>,26,18,[2 9],27,68,86,41,57
1,<environment.Job instance at 0x14bc94d1cc30>,42,3,[1 8],43,57,60,14,57
1,<environment.Job instance at 0x14bc94d1c140>,43,3,[1 9],44,60,63,16,57
1,<environment.Job instance at 0x14bc94d1c5f0>,47,3,[1 7],48,63,66,15,57
1,<environment.Job instance at 0x14bc89555c80>,3,2,[1 6],4,5,7,1,5
1,<environment.Job instance at 0x14bc897a4910>,5,16,[6 2],6,8,24,2,8
1,<environment.Job instance at 0x14bc897a41e0>,9,1,[2 9],10,24,25,14,11
1,<environment.Job instance at 0x14bc960d5c80>,6,1,[ 2 10],7,25,26,18,13
1,<environment.Job instance at 0x14bc897a4be0>,7,1,[1 5],8,13,14,5,13
1,<environment.Job instance at 0x14bc897a4960>,10,16,[1 9],11,26,42,15,14
1,<environment.Job instance at 0x14bc8983f780>,15,2,[ 2 10],16,42,44,26,19
1,<environment.Job instance at 0x14bc8983f960>,17,2,[10  2],18,44,46,26,19
1,<environment.Job instance at 0x14bc89ad3320>,20,2,[8 2],21,46,48,25,21
1,<environment.Job instance at 0x14bc89ad3b40>,21,1,[10  1],22,48,49,26,23
1,<environment.Job instance at 0x14bc89ad3af0>,19,2,[10  1],20,49,51,29,24
1,<environment.Job instance at 0x14bc897a4cd0>,13,1,[2 7],14,46,47,32,31
1,<environment.Job instance at 0x14bc89ad36e0>,24,3,[6 1],25,31,34,6,31
1,<environment.Job instance at 0x14bc89ad3a00>,26,2,[8 2],27,51,53,24,31
1,<environment.Job instance at 0x14bc89ad35a0>,25,1,[1 5],26,47,48,21,31
1,<environment.Job instance at 0x14bc89735b90>,29,3,[9 1],30,34,37,4,31
1,<environment.Job instance at 0x14bc89735d20>,30,3,[1 7],31,51,54,20,36
1,<environment.Job instance at 0x14bc8973b190>,31,3,[10  1],32,54,57,22,37
1,<environment.Job instance at 0x14bc8980bf00>,33,12,[5 1],34,57,69,23,41
1,<environment.Job instance at 0x14bc8980baa0>,37,2,[10  2],38,69,71,31,42
1,<environment.Job instance at 0x14bc8980baf0>,32,2,[1 5],33,57,59,24,45
1,<environment.Job instance at 0x14bc8980b460>,35,3,[6 1],36,71,74,35,46
1,<environment.Job instance at 0x14bc8980b870>,40,2,[2 9],41,59,61,18,47
1,<environment.Job instance at 0x14bc8980b4b0>,41,2,[9 2],42,74,76,32,51
1,<environment.Job instance at 0x14bc8914a6e0>,43,1,[1 7],44,61,62,17,53
1,<environment.Job instance at 0x14bc8914af00>,44,1,[1 7],45,62,63,17,55
1,<environment.Job instance at 0x14bc8914acd0>,46,2,[1 9],47,63,65,16,57
1,<environment.Job instance at 0x14bc8914a7d0>,47,2,[1 9],48,65,67,17,57
1,<environment.Job instance at 0x14bc8980b8c0>,39,20,[2 7],40,76,96,36,68
1,<environment.Job instance at 0x14bc8914a280>,45,17,[10  1],46,96,113,50,85
1,<environment.Job instance at 0x14bc93dc0af0>,1,1,[7 2],2,5,6,3,5
1,<environment.Job instance at 0x14bc8a6ef460>,3,3,[1 9],4,6,9,2,5
1,<environment.Job instance at 0x14bc957ba050>,4,12,[ 2 10],5,9,21,4,5
1,<environment.Job instance at 0x14bc957bae60>,7,2,[2 7],8,21,23,13,8
1,<environment.Job instance at 0x14bc957ba320>,9,14,[1 5],10,23,37,13,10
1,<environment.Job instance at 0x14bc95830960>,11,1,[2 6],12,37,38,25,12
1,<environment.Job instance at 0x14bc957ba820>,5,1,[6 2],6,21,22,15,14
1,<environment.Job instance at 0x14bc95830780>,8,1,[6 2],9,22,23,13,14
1,<environment.Job instance at 0x14bc957ba0f0>,6,1,[2 8],7,38,39,31,16
1,<environment.Job instance at 0x14bc9577acd0>,17,3,[2 9],18,39,42,21,19
1,<environment.Job instance at 0x14bc9577a500>,25,3,[8 2],26,27,30,1,27
1,<environment.Job instance at 0x14bc9577aa50>,23,1,[1 5],24,30,31,6,27
1,<environment.Job instance at 0x14bc9577a780>,20,13,[5 2],21,42,55,21,27
1,<environment.Job instance at 0x14bc95a8ae10>,28,2,[5 2],29,31,33,2,30
1,<environment.Job instance at 0x14bc95830aa0>,13,2,[7 1],14,34,36,20,34
1,<environment.Job instance at 0x14bc95a8a4b0>,32,2,[1 6],33,42,44,9,35
1,<environment.Job instance at 0x14bc95836dc0>,33,15,[6 1],34,55,70,21,41
1,<environment.Job instance at 0x14bc95a8acd0>,30,15,[1 9],31,55,70,24,46
1,<environment.Job instance at 0x14bc958cc280>,37,1,[7 2],38,70,71,32,48
1,<environment.Job instance at 0x14bc958cc870>,41,3,[8 1],42,71,74,29,54
1,<environment.Job instance at 0x14bc958cc460>,40,1,[7 1],41,74,75,33,54
1,<environment.Job instance at 0x14bc958cc4b0>,43,1,[2 9],44,71,72,27,55
1,<environment.Job instance at 0x14bc958cc0a0>,44,2,[9 1],45,75,77,30,56
1,<environment.Job instance at 0x14bc958cc410>,42,1,[7 2],43,77,78,34,56
1,<environment.Job instance at 0x14bc9577a960>,24,17,[10  2],25,78,95,53,67
1,<environment.Job instance at 0x14bc95b0e8c0>,2,1,[2 6],3,6,7,3,6
1,<environment.Job instance at 0x14bc9458c3c0>,9,17,[2 6],10,10,27,0,10
1,<environment.Job instance at 0x14bc8899beb0>,11,1,[9 1],12,27,28,15,12
1,<environment.Job instance at 0x14bc9458cd20>,8,3,[6 2],9,13,16,4,13
1,<environment.Job instance at 0x14bc8899bb90>,12,17,[1 9],13,27,44,14,17
1,<environment.Job instance at 0x14bc8899ba00>,15,2,[6 2],16,22,24,6,22
1,<environment.Job instance at 0x14bc8899b280>,21,1,[1 7],22,44,45,22,23
1,<environment.Job instance at 0x14bc88997f50>,26,2,[1 5],27,45,47,18,27
1,<environment.Job instance at 0x14bc8899b1e0>,19,12,[6 2],20,44,56,24,30
1,<environment.Job instance at 0x14bc889961e0>,32,3,[5 2],33,56,59,23,34
1,<environment.Job instance at 0x14bc88996370>,31,1,[1 7],32,47,48,15,35
1,<environment.Job instance at 0x14bc88996fa0>,34,1,[1 9],35,59,60,24,36
1,<environment.Job instance at 0x14bc88996a50>,37,2,[2 7],38,48,50,10,39
1,<environment.Job instance at 0x14bc88996460>,36,3,[2 9],37,60,63,23,40
1,<environment.Job instance at 0x14bc89214a50>,40,1,[8 1],41,41,42,0,41
1,<environment.Job instance at 0x14bc89214cd0>,38,3,[5 2],39,56,59,17,45
1,<environment.Job instance at 0x14bc89214820>,42,3,[6 1],43,59,62,16,45
1,<environment.Job instance at 0x14bc89214d70>,46,3,[2 7],47,50,53,3,47
1,<environment.Job instance at 0x14bc889978c0>,27,16,[1 7],28,63,79,35,51
1,<environment.Job instance at 0x14bc9521a820>,3,1,[5 2],4,4,5,0,4
1,<environment.Job instance at 0x14bc8b35d690>,9,18,[ 1 10],10,10,28,0,10
1,<environment.Job instance at 0x14bc8b35deb0>,12,1,[2 8],13,28,29,15,15
1,<environment.Job instance at 0x14bc8b35daa0>,14,3,[1 7],15,29,32,14,16
1,<environment.Job instance at 0x14bc8b7aa7d0>,16,2,[1 8],17,32,34,15,19
1,<environment.Job instance at 0x14bc8b74c190>,20,3,[1 7],21,34,37,13,21
1,<environment.Job instance at 0x14bc8b74caa0>,25,1,[8 1],26,28,29,2,28
1,<environment.Job instance at 0x14bc8b67ce60>,28,2,[7 1],29,31,33,2,31
1,<environment.Job instance at 0x14bc8b67c500>,29,2,[1 5],30,37,39,7,31
1,<environment.Job instance at 0x14bc8b67c7d0>,30,1,[8 1],31,33,34,2,31
1,<environment.Job instance at 0x14bc8b675be0>,27,15,[10  1],28,39,54,11,33
1,<environment.Job instance at 0x14bc8b769e10>,32,2,[2 7],33,54,56,21,34
1,<environment.Job instance at 0x14bc8b7690a0>,35,2,[2 8],36,56,58,20,37
1,<environment.Job instance at 0x14bc8b7698c0>,39,3,[1 7],40,58,61,18,43
1,<environment.Job instance at 0x14bc8b769e60>,40,15,[9 2],41,58,73,17,47
1,<environment.Job instance at 0x14bc8b7173c0>,42,3,[2 7],43,73,76,30,51
1,<environment.Job instance at 0x14bc8b717d20>,46,3,[1 9],47,76,79,29,55
1,<environment.Job instance at 0x14bc8b717af0>,48,2,[1 5],49,61,63,12,55
1,<environment.Job instance at 0x14bc93e04b40>,3,12,[5 1],4,4,16,0,4
1,<environment.Job instance at 0x14bc9612f780>,2,2,[2 9],3,4,6,1,4
1,<environment.Job instance at 0x14bc958366e0>,5,3,[ 1 10],6,16,19,10,7
1,<environment.Job instance at 0x14bc95836820>,7,18,[10  1],8,19,37,11,8
1,<environment.Job instance at 0x14bc958367d0>,8,2,[8 1],9,37,39,28,10
1,<environment.Job instance at 0x14bc95836f50>,11,1,[5 2],12,13,14,1,13
1,<environment.Job instance at 0x14bc958369b0>,10,2,[2 7],11,14,16,3,13
1,<environment.Job instance at 0x14bc95836eb0>,13,3,[10  1],14,39,42,25,15
1,<environment.Job instance at 0x14bc946806e0>,22,3,[9 2],23,42,45,19,36
1,<environment.Job instance at 0x14bc94680eb0>,23,2,[2 5],24,45,47,21,38
1,<environment.Job instance at 0x14bc94680190>,24,1,[6 1],25,45,46,20,39
1,<environment.Job instance at 0x14bc94680640>,26,23,[1 9],27,47,70,20,43
1,<environment.Job instance at 0x14bc94696910>,30,12,[10  1],31,70,82,39,53
1,<environment.Job instance at 0x14bc949b5b40>,36,1,[1 6],37,82,83,45,63
1,<environment.Job instance at 0x14bc958b8dc0>,37,3,[2 6],38,83,86,45,63
1,<environment.Job instance at 0x14bc958b8af0>,35,12,[1 6],36,86,98,50,72
1,<environment.Job instance at 0x14bc952970a0>,44,3,[1 7],45,98,101,53,76
1,<environment.Job instance at 0x14bc9460ba00>,45,17,[1 6],46,101,118,55,89
1,<environment.Job instance at 0x14bcb3fece10>,48,1,[2 5],49,118,119,69,91
1,<environment.Job instance at 0x14bc945d1a50>,46,1,[2 9],47,119,120,72,95
1,<environment.Job instance at 0x14bc8a9b2320>,4,1,[5 1],5,5,6,0,5
1,<environment.Job instance at 0x14bc899c02d0>,8,1,[2 8],9,12,13,3,12
1,<environment.Job instance at 0x14bc95836e10>,1,3,[1 8],2,13,16,11,13
1,<environment.Job instance at 0x14bc8a9f10f0>,10,26,[1 9],11,16,42,5,14
1,<environment.Job instance at 0x14bc8aecf050>,14,1,[10  1],15,42,43,27,15
1,<environment.Job instance at 0x14bc8ae220f0>,16,1,[5 2],17,43,44,26,18
1,<environment.Job instance at 0x14bc8ae3b370>,21,1,[1 9],22,44,45,22,23
1,<environment.Job instance at 0x14bc89a7ff50>,22,3,[1 7],23,45,48,22,23
1,<environment.Job instance at 0x14bc8a16ee60>,24,13,[2 8],25,48,61,23,37
1,<environment.Job instance at 0x14bc8ae5baf0>,32,2,[9 1],33,44,46,11,43
1,<environment.Job instance at 0x14bc89a6f730>,36,15,[7 2],37,49,64,12,49
1,<environment.Job instance at 0x14bc899471e0>,34,1,[1 7],35,61,62,26,57
1,<environment.Job instance at 0x14bc89a6f050>,39,2,[7 1],40,64,66,24,58
1,<environment.Job instance at 0x14bc89a6ff50>,40,3,[7 2],41,66,69,25,59
1,<environment.Job instance at 0x14bc8a5572d0>,28,14,[ 2 10],29,69,83,40,64
1,<environment.Job instance at 0x14bc898db140>,44,12,[1 8],45,83,95,38,67
1,<environment.Job instance at 0x14bc898db9b0>,46,1,[5 2],47,83,84,36,69
1,<environment.Job instance at 0x14bc898db3c0>,43,22,[2 9],44,95,117,51,88
1,<environment.Job instance at 0x14bc9612f9b0>,1,2,[7 1],2,2,4,0,2
1,<environment.Job instance at 0x14bc894394b0>,4,2,[5 1],5,6,8,1,6
1,<environment.Job instance at 0x14bc8ae07c80>,6,2,[ 2 10],7,8,10,1,7
1,<environment.Job instance at 0x14bc8ae07d20>,8,15,[1 7],9,10,25,1,9
1,<environment.Job instance at 0x14bc8ae07cd0>,10,13,[6 2],11,12,25,1,12
1,<environment.Job instance at 0x14bc8b02f870>,11,3,[1 6],12,25,28,13,14
1,<environment.Job instance at 0x14bc8b02f3c0>,13,18,[9 1],14,25,43,11,14
1,<environment.Job instance at 0x14bc8b02fa50>,14,2,[1 6],15,28,30,13,16
1,<environment.Job instance at 0x14bc8ac9b370>,19,3,[5 1],20,43,46,23,20
1,<environment.Job instance at 0x14bc8ac9b1e0>,21,3,[2 7],22,43,46,21,22
1,<environment.Job instance at 0x14bc8ac9b780>,22,3,[ 2 10],23,46,49,23,25
1,<environment.Job instance at 0x14bc8ac9b9b0>,24,1,[2 9],25,49,50,24,25
1,<environment.Job instance at 0x14bc8ac9baf0>,28,2,[2 9],29,50,52,21,29
1,<environment.Job instance at 0x14bc8af5cb40>,29,2,[1 9],30,30,32,0,30
1,<environment.Job instance at 0x14bc8ac9b500>,23,13,[5 2],24,52,65,28,42
1,<environment.Job instance at 0x14bc8af5c460>,33,16,[2 9],34,65,81,31,54
1,<environment.Job instance at 0x14bc8adc5230>,40,1,[ 1 10],41,81,82,40,58
1,<environment.Job instance at 0x14bc8adc5780>,44,3,[7 2],45,82,85,37,67
1,<environment.Job instance at 0x14bc8adc5050>,47,1,[2 9],48,85,86,37,72
1,<environment.Job instance at 0x14bc8adc5d70>,42,17,[5 2],43,86,103,43,78
1,<environment.Job instance at 0x14bc8b4f0a00>,0,28,[7 1],1,3,31,2,3
1,<environment.Job instance at 0x14bc9474c640>,2,3,[1 6],3,4,7,1,4
1,<environment.Job instance at 0x14bc8887e230>,4,1,[ 2 10],5,31,32,26,5
1,<environment.Job instance at 0x14bc94432eb0>,3,12,[1 6],4,7,19,3,5
1,<environment.Job instance at 0x14bc8858abe0>,14,3,[1 8],15,19,22,4,16
1,<environment.Job instance at 0x14bc8858ac30>,15,2,[10  2],16,32,34,16,18
1,<environment.Job instance at 0x14bc8887e910>,10,1,[7 1],11,34,35,23,20
1,<environment.Job instance at 0x14bc8858a230>,19,2,[2 8],20,22,24,2,20
1,<environment.Job instance at 0x14bc8858ab40>,20,2,[7 1],21,35,37,14,22
1,<environment.Job instance at 0x14bc8858a370>,23,3,[9 1],24,37,40,13,24
1,<environment.Job instance at 0x14bc8858a3c0>,21,3,[8 2],22,40,43,18,24
1,<environment.Job instance at 0x14bc87cf3d20>,25,2,[1 8],26,26,28,0,26
1,<environment.Job instance at 0x14bc87cf3f50>,28,17,[2 6],29,40,57,11,29
1,<environment.Job instance at 0x14bc87cf3a00>,24,2,[8 1],25,43,45,18,33
1,<environment.Job instance at 0x14bc87cf3eb0>,26,1,[7 1],27,45,46,18,34
1,<environment.Job instance at 0x14bc883e87d0>,32,2,[7 1],33,46,48,13,36
1,<environment.Job instance at 0x14bc883e8960>,30,15,[9 2],31,57,72,26,44
1,<environment.Job instance at 0x14bc883e81e0>,39,3,[1 6],40,57,60,17,51
1,<environment.Job instance at 0x14bc883e80a0>,36,2,[2 9],37,72,74,35,53
1,<environment.Job instance at 0x14bc872a4460>,42,1,[ 2 10],43,74,75,31,53
1,<environment.Job instance at 0x14bc872a41e0>,44,2,[9 1],45,75,77,30,53
1,<environment.Job instance at 0x14bc8b02fe60>,1,3,[8 1],2,4,7,2,4
1,<environment.Job instance at 0x14bc88057a50>,3,1,[2 6],4,5,6,1,5
1,<environment.Job instance at 0x14bc88057820>,6,12,[5 2],7,9,21,2,9
1,<environment.Job instance at 0x14bc879d0f50>,7,3,[9 1],8,21,24,13,11
1,<environment.Job instance at 0x14bc879d04b0>,13,1,[9 1],14,24,25,10,14
1,<environment.Job instance at 0x14bc8794e0f0>,14,1,[2 5],15,15,16,0,15
1,<environment.Job instance at 0x14bc879d0be0>,9,3,[2 7],10,16,19,6,15
1,<environment.Job instance at 0x14bc8794ef50>,16,1,[8 2],17,25,26,8,17
1,<environment.Job instance at 0x14bc8794e820>,17,1,[2 5],18,20,21,2,20
1,<environment.Job instance at 0x14bc8794ec80>,19,12,[2 9],20,26,38,6,20
1,<environment.Job instance at 0x14bc878530a0>,22,12,[7 2],23,38,50,15,24
1,<environment.Job instance at 0x14bc8794e7d0>,18,3,[8 2],19,50,53,31,26
1,<environment.Job instance at 0x14bc878537d0>,25,2,[2 6],26,38,40,12,27
1,<environment.Job instance at 0x14bc87853730>,20,2,[1 9],21,53,55,32,31
1,<environment.Job instance at 0x14bc879d54b0>,30,1,[7 2],31,55,56,24,37
1,<environment.Job instance at 0x14bc879d5cd0>,35,16,[2 6],36,55,71,19,44
1,<environment.Job instance at 0x14bc879d5460>,38,1,[8 1],39,53,54,14,44
1,<environment.Job instance at 0x14bc87853aa0>,23,12,[8 2],24,56,68,32,46
1,<environment.Job instance at 0x14bc879d5c30>,37,3,[6 2],38,68,71,30,46
1,<environment.Job instance at 0x14bc87869320>,41,3,[2 9],42,71,74,29,51
1,<environment.Job instance at 0x14bc87810550>,44,15,[6 1],45,71,86,26,58
1,<environment.Job instance at 0x14bc879d55a0>,39,18,[2 9],40,74,92,34,63
1,<environment.Job instance at 0x14bc87810370>,45,2,[ 1 10],46,92,94,46,74
1,<environment.Job instance at 0x14bc879d5910>,32,13,[10  1],33,94,107,61,81
1,<environment.Job instance at 0x14bc89677500>,3,2,[8 2],4,8,10,4,8
1,<environment.Job instance at 0x14bcb7bf2280>,4,2,[ 2 10],5,11,13,6,11
1,<environment.Job instance at 0x14bc87785050>,9,1,[5 1],10,13,14,3,12
1,<environment.Job instance at 0x14bc87785d70>,13,16,[2 9],14,16,32,2,16
1,<environment.Job instance at 0x14bc947f4190>,15,3,[2 7],16,32,35,16,16
1,<environment.Job instance at 0x14bcb41581e0>,17,3,[6 2],18,32,35,14,19
1,<environment.Job instance at 0x14bcb43b23c0>,19,3,[1 6],20,35,38,15,22
1,<environment.Job instance at 0x14bc89942f00>,21,2,[1 9],22,38,40,16,25
1,<environment.Job instance at 0x14bcb4271410>,18,1,[9 2],19,35,36,16,26
1,<environment.Job instance at 0x14bc8a4c6f00>,27,1,[7 2],28,36,37,8,29
1,<environment.Job instance at 0x14bc8a4c6730>,28,1,[7 1],29,29,30,0,29
1,<environment.Job instance at 0x14bc8a4c6780>,29,1,[ 2 10],30,40,41,10,31
1,<environment.Job instance at 0x14bc89942e10>,22,17,[2 6],23,41,58,18,31
1,<environment.Job instance at 0x14bc8b150500>,31,1,[5 1],32,37,38,5,32
1,<environment.Job instance at 0x14bc8a866e10>,30,1,[1 5],31,58,59,27,32
1,<environment.Job instance at 0x14bc8843dfa0>,33,3,[2 5],34,58,61,24,34
1,<environment.Job instance at 0x14bcb48361e0>,35,1,[2 7],36,61,62,25,36
1,<environment.Job instance at 0x14bc86ab7d70>,39,2,[2 6],40,62,64,22,40
1,<environment.Job instance at 0x14bc877854b0>,41,2,[7 1],42,45,47,3,45
1,<environment.Job instance at 0x14bc8762d6e0>,40,2,[2 8],41,64,66,23,45
1,<environment.Job instance at 0x14bc8b438af0>,48,2,[2 5],49,59,61,10,50
1,<environment.Job instance at 0x14bc8b717050>,38,15,[1 8],39,66,81,27,54
1,<environment.Job instance at 0x14bc86c1c230>,1,2,[7 2],2,7,9,5,7
1,<environment.Job instance at 0x14bc95d1f820>,4,18,[8 1],5,9,27,4,8
1,<environment.Job instance at 0x14bc9577fe60>,12,3,[2 9],13,14,17,1,14
1,<environment.Job instance at 0x14bc86b036e0>,0,14,[1 8],1,17,31,16,14
1,<environment.Job instance at 0x14bc947b1910>,15,3,[ 2 10],16,31,34,15,16
1,<environment.Job instance at 0x14bc94014780>,19,2,[1 5],20,34,36,14,20
1,<environment.Job instance at 0x14bc9577fc80>,17,2,[8 2],18,27,29,9,27
1,<environment.Job instance at 0x14bc947353c0>,22,22,[9 1],23,34,56,11,27
1,<environment.Job instance at 0x14bc88468f50>,26,2,[1 7],27,36,38,9,28
1,<environment.Job instance at 0x14bc94735280>,21,2,[ 1 10],22,56,58,34,32
1,<environment.Job instance at 0x14bc95cf95a0>,31,3,[ 2 10],32,58,61,26,35
1,<environment.Job instance at 0x14bc8846f820>,34,2,[2 6],35,61,63,26,35
1,<environment.Job instance at 0x14bc8855caf0>,37,13,[1 7],38,63,76,25,52
1,<environment.Job instance at 0x14bc8855c820>,39,2,[8 2],40,61,63,21,55
1,<environment.Job instance at 0x14bc8855c5a0>,42,3,[7 1],43,64,67,21,64
1,<environment.Job instance at 0x14bc8855cc80>,45,1,[9 2],46,67,68,21,67
1,<environment.Job instance at 0x14bc8855c910>,43,1,[5 1],44,68,69,24,67
1,<environment.Job instance at 0x14bc88465780>,47,2,[7 1],48,69,71,21,67
1,<environment.Job instance at 0x14bc885a6c30>,33,23,[6 1],34,71,94,37,68
1,<environment.Job instance at 0x14bc88465820>,46,3,[1 5],47,76,79,29,68
1,<environment.Job instance at 0x14bc94899e60>,48,13,[1 8],49,79,92,30,73
1,<environment.Job instance at 0x14bc86b4a410>,1,12,[2 6],2,2,14,0,2
1,<environment.Job instance at 0x14bc88484d70>,3,17,[9 1],4,14,31,10,4
1,<environment.Job instance at 0x14bc89fec1e0>,11,3,[1 8],12,14,17,2,12
1,<environment.Job instance at 0x14bc8a557640>,16,3,[7 1],17,31,34,14,18
1,<environment.Job instance at 0x14bc8a557fa0>,17,3,[1 9],18,19,22,1,19
1,<environment.Job instance at 0x14bc89fec500>,15,14,[2 5],16,31,45,15,21
1,<environment.Job instance at 0x14bc8a43d640>,22,2,[8 2],23,34,36,11,25
1,<environment.Job instance at 0x14bc88d0f460>,27,2,[ 2 10],28,45,47,17,30
1,<environment.Job instance at 0x14bc88d0fb40>,29,2,[6 2],30,36,38,6,30
1,<environment.Job instance at 0x14bc88d0fb90>,26,3,[1 8],27,47,50,20,32
1,<environment.Job instance at 0x14bc88d0fcd0>,31,1,[8 2],32,38,39,6,33
1,<environment.Job instance at 0x14bc8a51b0f0>,32,1,[2 5],33,39,40,6,33
1,<environment.Job instance at 0x14bc8a51bd20>,33,2,[7 1],34,40,42,6,37
1,<environment.Job instance at 0x14bc8a51b460>,35,14,[9 1],36,47,61,11,38
1,<environment.Job instance at 0x14bc8a51bc80>,34,16,[1 6],35,50,66,15,43
1,<environment.Job instance at 0x14bc8a51b4b0>,40,1,[5 1],41,61,62,20,47
1,<environment.Job instance at 0x14bc8a51b140>,37,2,[2 7],38,66,68,28,49
1,<environment.Job instance at 0x14bc8a48cdc0>,43,1,[5 2],44,62,63,18,50
1,<environment.Job instance at 0x14bc8a5d9780>,45,3,[1 5],46,68,71,22,50
1,<environment.Job instance at 0x14bc8a5d9d70>,44,13,[8 2],45,63,76,18,58
1,<environment.Job instance at 0x14bc88d720a0>,48,1,[10  2],49,76,77,27,58
1,<environment.Job instance at 0x14bc8a5d9690>,46,3,[2 8],47,71,74,24,62
1,<environment.Job instance at 0x14bc8a48cd20>,42,13,[10  1],43,77,90,34,66
