iteration,job object,job ID,job Length,job ressource requirement,job enter time,job start time,job finish time,job waiting time,current time
1,<environment.Job instance at 0x7f93cc0e0d70>,10,22,[8 1],11,11,33,0,11
1,<environment.Job instance at 0x7f93cc0e0e60>,12,23,[6 4],13,26,49,13,20
1,<environment.Job instance at 0x7f93cc0e30f0>,14,21,[8 1],15,33,54,18,25
1,<environment.Job instance at 0x7f93cc0e35f0>,18,26,[7 4],19,49,75,30,46
1,<environment.Job instance at 0x7f93cc0e3690>,19,25,[5 9],20,54,79,34,50
1,<environment.Job instance at 0x7f93cc0e3fa0>,30,26,[9 4],31,75,101,44,72
1,<environment.Job instance at 0x7f93cc0e61e0>,31,1,[ 2 14],32,101,102,69,75
1,<environment.Job instance at 0x7f93cc0e6370>,32,21,[5 9],33,79,100,46,75
1,<environment.Job instance at 0x7f93cc0e6410>,33,26,[3 6],34,102,128,68,99
1,<environment.Job instance at 0x7f93cc0e65f0>,36,2,[7 5],37,102,104,65,99
1,<environment.Job instance at 0x7f93cc0e6730>,38,2,[6 1],39,100,102,61,99
1,<environment.Job instance at 0x7f93cc0e6870>,40,26,[ 1 10],41,128,154,87,125
1,<environment.Job instance at 0x7f93d5434aa0>,0,2,[5 6],1,2,4,1,2
1,<environment.Job instance at 0x7f93d54344b0>,9,19,[1 7],10,10,29,0,10
1,<environment.Job instance at 0x7f93d5435780>,14,2,[2 8],15,15,17,0,15
1,<environment.Job instance at 0x7f93d5435870>,15,1,[5 8],16,17,18,1,16
1,<environment.Job instance at 0x7f93d56693c0>,20,1,[5 4],21,23,24,2,23
1,<environment.Job instance at 0x7f93d5669910>,23,2,[9 3],24,24,26,0,24
1,<environment.Job instance at 0x7f93d5669370>,24,2,[1 7],25,26,28,1,25
1,<environment.Job instance at 0x7f93d56601e0>,29,19,[10  3],30,45,64,15,45
1,<environment.Job instance at 0x7f93cbeff780>,32,21,[4 8],33,57,78,24,57
1,<environment.Job instance at 0x7f93d5519690>,34,1,[5 5],35,64,65,29,59
1,<environment.Job instance at 0x7f93d5519820>,43,25,[ 1 10],44,102,127,58,102
1,<environment.Job instance at 0x7f938a49d9b0>,0,2,[5 9],1,2,4,1,2
1,<environment.Job instance at 0x7f938a49d280>,4,1,[ 1 10],5,5,6,0,5
1,<environment.Job instance at 0x7f938a4ae960>,6,1,[4 8],7,7,8,0,7
1,<environment.Job instance at 0x7f938a4aebe0>,8,3,[5 5],9,9,12,0,9
1,<environment.Job instance at 0x7f938a4aec80>,9,27,[3 9],10,10,37,0,10
1,<environment.Job instance at 0x7f938a4ae910>,10,23,[5 1],11,11,34,0,11
1,<environment.Job instance at 0x7f938a4ae370>,17,3,[ 3 13],18,37,40,19,29
1,<environment.Job instance at 0x7f938a4d5a00>,19,28,[7 5],20,40,68,20,39
1,<environment.Job instance at 0x7f938a4d51e0>,26,2,[1 6],27,42,44,15,42
1,<environment.Job instance at 0x7f938a4d5fa0>,28,1,[7 1],29,51,52,22,51
1,<environment.Job instance at 0x7f938a4d50f0>,20,19,[ 5 12],21,68,87,47,58
1,<environment.Job instance at 0x7f938a4d5dc0>,33,2,[ 5 10],34,59,61,25,59
1,<environment.Job instance at 0x7f938a4d53c0>,36,1,[9 5],37,87,88,50,73
1,<environment.Job instance at 0x7f938a4d5410>,37,28,[ 2 10],38,87,115,49,86
1,<environment.Job instance at 0x7f938a4a9aa0>,44,20,[13  4],45,88,108,43,86
1,<environment.Job instance at 0x7f93cc0e91e0>,1,22,[5 6],2,2,24,0,2
1,<environment.Job instance at 0x7f938a781b40>,7,21,[10  4],8,8,29,0,8
1,<environment.Job instance at 0x7f938a781d70>,10,24,[1 5],11,24,48,13,19
1,<environment.Job instance at 0x7f938a55ba50>,12,20,[10  5],13,29,49,16,20
1,<environment.Job instance at 0x7f93cbf5d320>,3,1,[12  5],4,49,50,45,37
1,<environment.Job instance at 0x7f938a796e10>,23,24,[3 7],24,48,72,24,43
1,<environment.Job instance at 0x7f938a7969b0>,24,19,[3 8],25,50,69,25,43
1,<environment.Job instance at 0x7f938a8382d0>,32,1,[8 3],33,69,70,36,63
1,<environment.Job instance at 0x7f938a838460>,33,3,[2 5],34,69,72,35,63
1,<environment.Job instance at 0x7f938a838eb0>,34,19,[6 2],35,70,89,35,63
1,<environment.Job instance at 0x7f938a8381e0>,35,1,[9 3],36,72,73,36,63
1,<environment.Job instance at 0x7f938a8389b0>,38,27,[ 3 12],39,76,103,37,76
1,<environment.Job instance at 0x7f938a838640>,39,1,[5 3],40,89,90,49,77
1,<environment.Job instance at 0x7f938a838780>,41,3,[9 5],42,103,106,61,80
1,<environment.Job instance at 0x7f938a511410>,44,26,[3 9],45,103,129,58,100
1,<environment.Job instance at 0x7f938a511fa0>,48,21,[2 7],49,129,150,80,121
1,<environment.Job instance at 0x7f938a50c230>,0,23,[4 7],1,1,24,0,1
1,<environment.Job instance at 0x7f938a7d5870>,8,20,[ 2 10],9,24,44,15,15
1,<environment.Job instance at 0x7f938a7d5dc0>,15,21,[1 6],16,44,65,28,36
1,<environment.Job instance at 0x7f938a7d5960>,10,1,[14  4],11,44,45,33,37
1,<environment.Job instance at 0x7f938a7d5f50>,18,23,[1 9],19,45,68,26,39
1,<environment.Job instance at 0x7f938a7c95f0>,26,2,[10  2],27,65,67,38,61
1,<environment.Job instance at 0x7f938a7c9780>,28,19,[4 7],29,68,87,39,64
1,<environment.Job instance at 0x7f938a7c98c0>,31,1,[ 5 10],32,87,88,55,76
1,<environment.Job instance at 0x7f938a7c9960>,32,2,[10  4],33,76,78,43,76
1,<environment.Job instance at 0x7f938a7c9a00>,33,22,[9 1],34,78,100,44,76
1,<environment.Job instance at 0x7f938a7c9aa0>,34,2,[3 8],35,88,90,53,76
1,<environment.Job instance at 0x7f938a7c9eb0>,36,1,[5 1],37,90,91,53,76
1,<environment.Job instance at 0x7f938a7c9d20>,37,2,[ 1 12],38,90,92,52,76
1,<environment.Job instance at 0x7f938a7d3230>,39,2,[7 2],40,100,102,60,84
1,<environment.Job instance at 0x7f938a7d36e0>,45,27,[6 1],46,109,136,63,109
1,<environment.Job instance at 0x7f938a7d3780>,46,1,[4 7],47,109,110,62,109
1,<environment.Job instance at 0x7f938a7d3960>,48,3,[5 1],49,120,123,71,120
1,<environment.Job instance at 0x7f93d4c2d690>,2,23,[1 8],3,3,26,0,3
1,<environment.Job instance at 0x7f93cbe9c0a0>,12,1,[1 5],13,13,14,0,13
1,<environment.Job instance at 0x7f93d4922910>,13,26,[5 3],14,14,40,0,14
1,<environment.Job instance at 0x7f93cc1bafa0>,24,3,[7 5],25,38,41,13,38
1,<environment.Job instance at 0x7f93cc1ba410>,25,2,[5 8],26,40,42,14,38
1,<environment.Job instance at 0x7f93cc1ba0a0>,28,20,[5 2],29,43,63,14,43
1,<environment.Job instance at 0x7f93d49edb40>,29,26,[2 8],30,43,69,13,43
1,<environment.Job instance at 0x7f93d49ed0a0>,31,20,[ 4 10],32,69,89,37,60
1,<environment.Job instance at 0x7f93d49eda50>,35,2,[5 7],36,89,91,53,70
1,<environment.Job instance at 0x7f93d49edcd0>,36,2,[8 1],37,70,72,33,70
1,<environment.Job instance at 0x7f93d49eda00>,37,27,[9 5],38,72,99,34,70
1,<environment.Job instance at 0x7f93d5061e60>,45,1,[6 3],46,93,94,47,93
1,<environment.Job instance at 0x7f93d5061cd0>,47,1,[1 5],48,98,99,50,98
1,<environment.Job instance at 0x7f93cc4f9a00>,2,25,[ 3 11],3,3,28,0,3
1,<environment.Job instance at 0x7f938a56b910>,16,1,[9 2],17,22,23,5,22
1,<environment.Job instance at 0x7f938a56bf00>,17,2,[1 8],18,28,30,10,22
1,<environment.Job instance at 0x7f938a379230>,21,2,[9 2],22,40,42,18,40
1,<environment.Job instance at 0x7f938a409410>,22,2,[7 5],23,42,44,19,40
1,<environment.Job instance at 0x7f93cbf24780>,24,2,[5 8],25,45,47,20,45
1,<environment.Job instance at 0x7f93cbf24640>,25,27,[4 5],26,45,72,19,45
1,<environment.Job instance at 0x7f93cc195690>,26,2,[1 8],27,47,49,20,45
1,<environment.Job instance at 0x7f938a26dc80>,6,25,[2 8],7,7,32,0,7
1,<environment.Job instance at 0x7f938a26df50>,10,26,[8 3],11,11,37,0,11
1,<environment.Job instance at 0x7f938a286780>,23,2,[10  2],24,37,39,13,27
1,<environment.Job instance at 0x7f938a286dc0>,24,2,[11  3],25,39,41,14,27
1,<environment.Job instance at 0x7f938a268640>,28,1,[9 5],29,43,44,14,43
1,<environment.Job instance at 0x7f938a2689b0>,33,3,[2 8],34,60,63,26,60
1,<environment.Job instance at 0x7f938a268690>,37,2,[9 3],38,89,91,51,89
1,<environment.Job instance at 0x7f938a268cd0>,38,2,[3 5],39,89,91,50,89
1,<environment.Job instance at 0x7f938a268f50>,42,1,[10  4],43,105,106,62,105
1,<environment.Job instance at 0x7f938a2883c0>,47,2,[ 3 11],48,137,139,89,137
1,<environment.Job instance at 0x7f938a27f5a0>,2,27,[8 3],3,3,30,0,3
1,<environment.Job instance at 0x7f938a2687d0>,5,1,[1 6],6,6,7,0,6
1,<environment.Job instance at 0x7f938a504140>,6,27,[2 6],7,7,34,0,7
1,<environment.Job instance at 0x7f93d490ef00>,26,21,[ 4 10],27,40,61,13,40
1,<environment.Job instance at 0x7f93d4af8050>,27,23,[2 8],28,61,84,33,55
1,<environment.Job instance at 0x7f938a7ebcd0>,28,3,[11  1],29,96,99,67,96
1,<environment.Job instance at 0x7f93cc284410>,40,25,[6 4],41,99,124,58,99
1,<environment.Job instance at 0x7f938a7eb6e0>,29,19,[13  3],30,150,169,120,150
1,<environment.Job instance at 0x7f93d492f640>,44,24,[5 5],45,169,193,124,164
1,<environment.Job instance at 0x7f938a664870>,47,1,[4 6],48,169,170,121,164
1,<environment.Job instance at 0x7f938a664fa0>,48,28,[ 5 10],49,170,198,121,169
1,<environment.Job instance at 0x7f938a664960>,2,1,[4 8],3,3,4,0,3
1,<environment.Job instance at 0x7f938a9e3d70>,9,2,[ 5 14],10,10,12,0,10
1,<environment.Job instance at 0x7f938a9e38c0>,11,2,[7 2],12,12,14,0,12
1,<environment.Job instance at 0x7f938a9e3cd0>,12,2,[4 9],13,13,15,0,13
1,<environment.Job instance at 0x7f938a765a50>,14,3,[2 8],15,15,18,0,15
1,<environment.Job instance at 0x7f938a97b6e0>,19,1,[9 2],20,22,23,2,22
1,<environment.Job instance at 0x7f93cc080be0>,24,22,[7 3],25,43,65,18,43
1,<environment.Job instance at 0x7f938a5e8a50>,25,20,[7 5],26,43,63,17,43
1,<environment.Job instance at 0x7f938a701e10>,36,2,[ 3 10],37,66,68,29,66
1,<environment.Job instance at 0x7f93cbe9b780>,38,3,[3 7],39,81,84,42,81
1,<environment.Job instance at 0x7f93cbe9bd70>,39,3,[5 8],40,81,84,41,81
1,<environment.Job instance at 0x7f93cbe9b0f0>,41,2,[14  5],42,84,86,42,82
1,<environment.Job instance at 0x7f938a8d2230>,44,2,[9 4],45,91,93,46,91
1,<environment.Job instance at 0x7f938a8d2550>,48,2,[9 3],49,110,112,61,110
1,<environment.Job instance at 0x7f93d4b81690>,0,1,[4 8],1,5,6,4,5
1,<environment.Job instance at 0x7f938a8d2050>,6,22,[1 8],7,7,29,0,7
1,<environment.Job instance at 0x7f938a38b0f0>,7,28,[5 9],8,29,57,21,28
1,<environment.Job instance at 0x7f938aa75fa0>,17,28,[9 1],18,38,66,20,38
1,<environment.Job instance at 0x7f938a5e3c30>,22,26,[5 8],23,61,87,38,61
1,<environment.Job instance at 0x7f938a545730>,25,1,[5 4],26,66,67,40,61
1,<environment.Job instance at 0x7f938a545eb0>,26,2,[ 5 13],27,87,89,60,61
1,<environment.Job instance at 0x7f938a5455f0>,27,1,[6 2],28,67,68,39,61
1,<environment.Job instance at 0x7f938a545050>,31,1,[13  4],32,89,90,57,66
1,<environment.Job instance at 0x7f938a545a00>,32,17,[8 1],33,68,85,35,66
1,<environment.Job instance at 0x7f938a562190>,33,22,[3 5],34,90,112,56,83
1,<environment.Job instance at 0x7f938a562b40>,36,3,[6 3],37,90,93,53,83
1,<environment.Job instance at 0x7f938a562be0>,37,28,[ 5 10],38,93,121,55,92
1,<environment.Job instance at 0x7f938a5621e0>,38,2,[12  3],39,121,123,82,116
1,<environment.Job instance at 0x7f938a561f50>,40,22,[7 1],41,123,145,82,116
1,<environment.Job instance at 0x7f938a561e10>,42,21,[5 7],43,123,144,80,116
1,<environment.Job instance at 0x7f938a561c30>,47,1,[ 4 10],48,144,145,96,125
1,<environment.Job instance at 0x7f93cc3da370>,7,1,[5 1],8,8,9,0,8
1,<environment.Job instance at 0x7f938a9f88c0>,8,1,[10  1],9,9,10,0,9
1,<environment.Job instance at 0x7f93d56604b0>,10,26,[3 7],11,11,37,0,11
1,<environment.Job instance at 0x7f938a26e4b0>,16,1,[10  1],17,23,24,6,23
1,<environment.Job instance at 0x7f93cc0c6eb0>,19,1,[12  2],20,36,37,16,36
1,<environment.Job instance at 0x7f93cc0c66e0>,21,3,[5 1],22,43,46,21,43
1,<environment.Job instance at 0x7f93cc0c6d20>,22,24,[1 9],23,43,67,20,43
1,<environment.Job instance at 0x7f93cc0c6690>,25,1,[1 8],26,67,68,41,55
1,<environment.Job instance at 0x7f93cc0c6f00>,27,2,[3 7],28,67,69,39,63
1,<environment.Job instance at 0x7f93cc0c6a50>,28,2,[1 6],29,63,65,34,63
1,<environment.Job instance at 0x7f93cc0c6460>,29,3,[7 2],30,68,71,38,65
1,<environment.Job instance at 0x7f938a26eb40>,17,18,[10  5],18,71,89,53,70
1,<environment.Job instance at 0x7f93cc0c6280>,31,27,[7 1],32,89,116,57,87
1,<environment.Job instance at 0x7f93cc0c6cd0>,32,26,[ 3 10],33,87,113,54,87
1,<environment.Job instance at 0x7f93cc0c6370>,33,2,[ 3 13],34,113,115,79,96
1,<environment.Job instance at 0x7f93cc3a86e0>,37,1,[ 3 14],38,115,116,77,96
1,<environment.Job instance at 0x7f93cc0c61e0>,35,21,[ 2 10],36,116,137,80,108
1,<environment.Job instance at 0x7f938a9f6500>,3,24,[2 6],4,4,28,0,4
1,<environment.Job instance at 0x7f938a9f6fa0>,5,2,[ 2 11],6,28,30,22,26
1,<environment.Job instance at 0x7f93cc1645f0>,11,2,[5 5],12,26,28,14,26
1,<environment.Job instance at 0x7f93cc1648c0>,15,19,[6 3],16,27,46,11,27
1,<environment.Job instance at 0x7f93cc430c80>,19,1,[2 8],20,31,32,11,31
1,<environment.Job instance at 0x7f93d50c1050>,22,27,[5 7],23,37,64,14,37
1,<environment.Job instance at 0x7f93d4dccb90>,24,24,[13  2],25,64,88,39,59
1,<environment.Job instance at 0x7f938a215eb0>,33,3,[1 8],34,85,88,51,85
1,<environment.Job instance at 0x7f938a84caa0>,36,2,[10  2],37,96,98,59,96
1,<environment.Job instance at 0x7f938a257460>,43,1,[1 5],44,129,130,85,129
1,<environment.Job instance at 0x7f93cc04f370>,3,24,[8 5],4,4,28,0,4
1,<environment.Job instance at 0x7f93cbebbdc0>,14,2,[2 7],15,33,35,18,33
1,<environment.Job instance at 0x7f93cbebb8c0>,16,3,[14  2],17,35,38,18,33
1,<environment.Job instance at 0x7f938a132870>,18,20,[3 9],19,38,58,19,34
1,<environment.Job instance at 0x7f938a129370>,25,2,[8 3],26,68,70,42,68
1,<environment.Job instance at 0x7f938a1299b0>,27,21,[4 8],28,68,89,40,68
1,<environment.Job instance at 0x7f938a129320>,28,23,[3 9],29,89,112,60,83
1,<environment.Job instance at 0x7f938a1a23c0>,33,2,[9 2],34,94,96,60,94
1,<environment.Job instance at 0x7f938a17fb40>,40,2,[ 1 11],41,133,135,92,133
1,<environment.Job instance at 0x7f938a17f410>,41,3,[8 3],42,133,136,91,133
1,<environment.Job instance at 0x7f938a17ffa0>,42,1,[ 3 10],43,135,136,92,133
1,<environment.Job instance at 0x7f938a17f140>,44,2,[3 6],45,136,138,91,133
1,<environment.Job instance at 0x7f938a17f730>,46,3,[ 4 10],47,139,142,92,139
1,<environment.Job instance at 0x7f93d4d955f0>,11,3,[3 5],12,14,17,2,14
1,<environment.Job instance at 0x7f93d4d95960>,14,1,[6 4],15,15,16,0,15
1,<environment.Job instance at 0x7f93d4d95870>,15,21,[9 5],16,16,37,0,16
1,<environment.Job instance at 0x7f93d4d7c370>,23,27,[3 5],24,24,51,0,24
1,<environment.Job instance at 0x7f93d4d7c3c0>,24,1,[12  4],25,37,38,12,28
1,<environment.Job instance at 0x7f93d4d7c0a0>,25,2,[14  1],26,51,53,25,34
1,<environment.Job instance at 0x7f93d4d7cb90>,31,2,[4 5],32,53,55,21,53
1,<environment.Job instance at 0x7f93d4d7cc30>,32,3,[4 7],33,53,56,20,53
1,<environment.Job instance at 0x7f93d4db7190>,39,3,[3 7],40,79,82,39,79
1,<environment.Job instance at 0x7f93d4db74b0>,41,3,[5 4],42,85,88,43,85
1,<environment.Job instance at 0x7f93d4db7460>,44,1,[4 7],45,94,95,49,94
1,<environment.Job instance at 0x7f93d4db75a0>,46,27,[10  4],47,104,131,57,104
1,<environment.Job instance at 0x7f93d4d10f00>,0,1,[ 5 11],1,2,3,1,2
1,<environment.Job instance at 0x7f93d4db7690>,2,25,[7 3],3,3,28,0,3
1,<environment.Job instance at 0x7f938a12c140>,12,2,[3 9],13,22,24,9,22
1,<environment.Job instance at 0x7f938a12c8c0>,17,3,[2 7],18,29,32,11,29
1,<environment.Job instance at 0x7f93d5430b40>,26,1,[2 8],27,55,56,28,55
1,<environment.Job instance at 0x7f938a5ac410>,33,1,[6 2],34,84,85,50,84
1,<environment.Job instance at 0x7f938a5ac910>,34,2,[2 7],35,84,86,49,84
1,<environment.Job instance at 0x7f938a5ac9b0>,35,26,[4 8],36,85,111,49,84
1,<environment.Job instance at 0x7f938a5ac230>,36,20,[4 8],37,111,131,74,102
1,<environment.Job instance at 0x7f938a5ac820>,39,1,[5 6],40,102,103,62,102
1,<environment.Job instance at 0x7f938a5ac690>,40,25,[5 4],41,103,128,62,102
1,<environment.Job instance at 0x7f938a5ac0a0>,41,21,[5 5],42,128,149,86,120
1,<environment.Job instance at 0x7f938a5ac6e0>,45,25,[5 7],46,131,156,85,127
1,<environment.Job instance at 0x7f938a3450f0>,47,22,[5 8],48,149,171,101,142
1,<environment.Job instance at 0x7f93cc450690>,3,27,[8 5],4,4,31,0,4
1,<environment.Job instance at 0x7f93cc4509b0>,7,1,[2 8],8,8,9,0,8
1,<environment.Job instance at 0x7f938a7183c0>,8,2,[6 4],9,9,11,0,9
1,<environment.Job instance at 0x7f938a7185f0>,9,1,[12  4],10,31,32,21,11
1,<environment.Job instance at 0x7f93d5045d20>,13,24,[3 5],14,14,38,0,14
1,<environment.Job instance at 0x7f938a79a910>,19,1,[6 2],20,32,33,12,28
1,<environment.Job instance at 0x7f938a8b1f50>,22,3,[9 4],23,35,38,12,35
1,<environment.Job instance at 0x7f93d4e340f0>,24,27,[1 8],25,43,70,18,43
1,<environment.Job instance at 0x7f93cc2651e0>,25,3,[6 4],26,43,46,17,43
1,<environment.Job instance at 0x7f938aa53b40>,29,1,[4 5],30,50,51,20,50
1,<environment.Job instance at 0x7f938a80e500>,34,23,[4 5],35,65,88,30,65
1,<environment.Job instance at 0x7f938a80ee10>,40,1,[1 7],41,104,105,63,104
1,<environment.Job instance at 0x7f938a80ed70>,41,1,[9 4],42,104,105,62,104
1,<environment.Job instance at 0x7f938a80e9b0>,42,2,[3 6],43,105,107,62,104
1,<environment.Job instance at 0x7f938aa11690>,45,2,[2 9],46,125,127,79,125
1,<environment.Job instance at 0x7f938a24f550>,46,26,[8 5],47,125,151,78,125
1,<environment.Job instance at 0x7f93cc0aa4b0>,3,20,[5 3],4,4,24,0,4
1,<environment.Job instance at 0x7f93cc1c26e0>,12,2,[5 2],13,13,15,0,13
1,<environment.Job instance at 0x7f93d4ccb5a0>,13,3,[10  2],14,15,18,1,14
1,<environment.Job instance at 0x7f93d4cf4c80>,15,2,[10  1],16,18,20,2,16
1,<environment.Job instance at 0x7f93d4ccb5f0>,17,22,[10  1],18,23,45,5,23
1,<environment.Job instance at 0x7f93d4cdfcd0>,20,20,[3 8],21,36,56,15,36
1,<environment.Job instance at 0x7f93d4cf05a0>,23,1,[5 7],24,45,46,21,41
1,<environment.Job instance at 0x7f93d4cf02d0>,24,1,[ 1 10],25,56,57,31,41
1,<environment.Job instance at 0x7f938a8ad5f0>,25,1,[9 5],26,46,47,20,41
1,<environment.Job instance at 0x7f938a733780>,26,26,[9 5],27,47,73,20,44
1,<environment.Job instance at 0x7f938a729aa0>,30,1,[10  4],31,73,74,42,55
1,<environment.Job instance at 0x7f938a729e60>,31,2,[2 6],32,57,59,25,55
1,<environment.Job instance at 0x7f93d4cdf5a0>,21,3,[11  4],22,74,77,52,69
1,<environment.Job instance at 0x7f938a729550>,36,2,[2 8],37,70,72,33,70
1,<environment.Job instance at 0x7f938a729dc0>,37,1,[ 4 12],38,77,78,39,70
1,<environment.Job instance at 0x7f938a7290a0>,39,22,[7 3],40,77,99,37,71
1,<environment.Job instance at 0x7f938a757a00>,42,25,[7 5],43,78,103,35,74
1,<environment.Job instance at 0x7f938a757eb0>,43,2,[14  5],44,103,105,59,102
1,<environment.Job instance at 0x7f938a7570a0>,44,2,[13  4],45,105,107,60,104
1,<environment.Job instance at 0x7f93d50bc820>,13,20,[8 4],14,30,50,16,30
1,<environment.Job instance at 0x7f93d50bc050>,14,2,[7 1],15,30,32,15,30
1,<environment.Job instance at 0x7f93d50bcdc0>,16,1,[1 6],17,32,33,15,30
1,<environment.Job instance at 0x7f93d50bceb0>,17,27,[8 5],18,50,77,32,48
1,<environment.Job instance at 0x7f938a9d0dc0>,18,1,[6 5],19,48,49,29,48
1,<environment.Job instance at 0x7f938a9d0910>,24,1,[5 2],25,55,56,30,55
1,<environment.Job instance at 0x7f938a9d02d0>,27,3,[10  5],28,77,80,49,60
1,<environment.Job instance at 0x7f938a9d0280>,29,2,[ 2 12],30,80,82,50,67
1,<environment.Job instance at 0x7f938a9d0690>,28,13,[8 3],29,80,93,51,69
1,<environment.Job instance at 0x7f93d4c2d230>,32,24,[4 6],33,82,106,49,77
1,<environment.Job instance at 0x7f93d4c2d640>,38,1,[1 9],39,117,118,78,117
1,<environment.Job instance at 0x7f93d4c2dd20>,39,1,[3 6],40,117,118,77,117
1,<environment.Job instance at 0x7f93d4c2d9b0>,41,18,[7 2],42,120,138,78,120
1,<environment.Job instance at 0x7f938a2bfcd0>,10,25,[10  4],11,11,36,0,11
1,<environment.Job instance at 0x7f93cc1f35a0>,17,1,[5 4],18,31,32,13,31
1,<environment.Job instance at 0x7f938a3fb7d0>,24,2,[8 1],25,61,63,36,61
1,<environment.Job instance at 0x7f93d4a53f00>,31,2,[13  4],32,99,101,67,99
1,<environment.Job instance at 0x7f938a6c18c0>,33,2,[9 1],34,110,112,76,110
1,<environment.Job instance at 0x7f938a49d0f0>,35,2,[ 3 10],36,111,113,75,111
1,<environment.Job instance at 0x7f938a49dfa0>,36,20,[10  4],37,112,132,75,111
1,<environment.Job instance at 0x7f938a6efd20>,40,27,[ 3 13],41,132,159,91,131
1,<environment.Job instance at 0x7f938a6ef460>,43,27,[1 7],44,159,186,115,157
1,<environment.Job instance at 0x7f938a19ab90>,47,1,[ 4 10],48,186,187,138,166
1,<environment.Job instance at 0x7f2554e0c500>,3,22,[2 5],4,4,26,0,4
1,<environment.Job instance at 0x7f254d9fed20>,10,22,[8 1],11,11,33,0,11
1,<environment.Job instance at 0x7f254da010f0>,12,23,[6 4],13,26,49,13,20
1,<environment.Job instance at 0x7f254da01370>,14,21,[8 1],15,33,54,18,25
1,<environment.Job instance at 0x7f254da015f0>,18,26,[7 4],19,49,75,30,46
1,<environment.Job instance at 0x7f254da01690>,19,25,[5 9],20,54,79,34,50
1,<environment.Job instance at 0x7f254da04230>,30,26,[9 4],31,75,101,44,72
1,<environment.Job instance at 0x7f254da04370>,32,21,[5 9],33,79,100,46,79
1,<environment.Job instance at 0x7f254da04410>,33,26,[3 6],34,100,126,66,97
1,<environment.Job instance at 0x7f254da042d0>,31,1,[ 2 14],32,126,127,94,98
1,<environment.Job instance at 0x7f254da045f0>,36,2,[7 5],37,101,103,64,98
1,<environment.Job instance at 0x7f254da04870>,40,26,[ 1 10],41,127,153,86,124
1,<environment.Job instance at 0x7f254da04f00>,50,2,[5 6],51,153,155,102,136
1,<environment.Job instance at 0x7f254da07230>,52,2,[ 2 10],53,155,157,102,137
1,<environment.Job instance at 0x7f2554f81c80>,1,1,[7 5],2,2,3,0,2
1,<environment.Job instance at 0x7f2554f81780>,0,2,[2 6],1,3,5,2,3
1,<environment.Job instance at 0x7f2554f7f370>,11,2,[5 1],12,14,16,2,14
1,<environment.Job instance at 0x7f2554f87eb0>,20,1,[5 5],21,23,24,2,23
1,<environment.Job instance at 0x7f2554e38c30>,22,21,[4 8],23,26,47,3,26
1,<environment.Job instance at 0x7f2554f87e60>,19,19,[10  3],20,27,46,7,27
1,<environment.Job instance at 0x7f2554e38be0>,30,3,[6 1],31,46,49,15,44
1,<environment.Job instance at 0x7f2554f87190>,16,13,[10  1],17,49,62,32,48
1,<environment.Job instance at 0x7f2554f88410>,33,25,[ 1 10],34,54,79,20,54
1,<environment.Job instance at 0x7f2554f88820>,38,1,[2 9],39,79,80,40,62
1,<environment.Job instance at 0x7f2554f88d70>,40,2,[5 9],41,80,82,39,62
1,<environment.Job instance at 0x7f2554f7cd20>,44,1,[ 1 10],45,82,83,37,81
1,<environment.Job instance at 0x7f2554f7ceb0>,46,1,[4 8],47,92,93,45,92
1,<environment.Job instance at 0x7f2554f7c460>,47,18,[5 5],48,93,111,45,93
1,<environment.Job instance at 0x7f2554f7c5f0>,48,3,[5 5],49,93,96,44,93
1,<environment.Job instance at 0x7f2554f7e410>,49,27,[3 9],50,96,123,46,94
1,<environment.Job instance at 0x7f2554f7e550>,50,23,[5 1],51,94,117,43,94
1,<environment.Job instance at 0x7f254d9d4550>,57,3,[ 3 13],58,123,126,65,113
1,<environment.Job instance at 0x7f2509da13c0>,6,2,[1 6],7,10,12,3,10
1,<environment.Job instance at 0x7f2509da1dc0>,13,2,[ 5 10],14,14,16,0,14
1,<environment.Job instance at 0x7f2509da1870>,16,1,[9 5],17,20,21,3,20
1,<environment.Job instance at 0x7f2509da17d0>,17,28,[ 2 10],18,20,48,2,20
1,<environment.Job instance at 0x7f2509dcd4b0>,24,20,[13  4],25,37,57,12,37
1,<environment.Job instance at 0x7f2509dcd7d0>,30,12,[5 1],31,58,70,27,58
1,<environment.Job instance at 0x7f2509dcdd70>,31,22,[5 6],32,58,80,26,58
1,<environment.Job instance at 0x7f2509dcd0a0>,32,1,[9 2],33,70,71,37,58
1,<environment.Job instance at 0x7f2509dcd5f0>,33,1,[12  5],34,80,81,46,58
1,<environment.Job instance at 0x7f2509dcdb40>,34,1,[8 3],35,71,72,36,58
1,<environment.Job instance at 0x7f2509db0dc0>,37,21,[10  4],38,81,102,43,73
1,<environment.Job instance at 0x7f2509db0a50>,40,24,[1 5],41,74,98,33,74
1,<environment.Job instance at 0x7f2509db0410>,43,2,[9 4],44,102,104,58,89
1,<environment.Job instance at 0x7f2509db0460>,42,20,[10  5],43,104,124,61,95
1,<environment.Job instance at 0x7f2509db05f0>,48,2,[8 1],49,124,126,75,97
1,<environment.Job instance at 0x7f2509db0c80>,52,3,[8 5],53,126,129,73,117
1,<environment.Job instance at 0x7f2509db0d70>,53,24,[3 7],54,117,141,63,117
1,<environment.Job instance at 0x7f2509db05a0>,54,19,[3 8],55,129,148,74,121
1,<environment.Job instance at 0x7f2509da62d0>,58,2,[5 7],59,141,143,82,130
1,<environment.Job instance at 0x7f250a1bac30>,8,27,[ 3 12],9,9,36,0,9
1,<environment.Job instance at 0x7f250a15ab90>,14,26,[3 9],15,36,62,21,33
1,<environment.Job instance at 0x7f250a15abe0>,18,21,[2 7],19,62,83,43,54
1,<environment.Job instance at 0x7f250a15a320>,20,23,[4 7],21,62,85,41,56
1,<environment.Job instance at 0x7f2509dd5820>,28,20,[ 2 10],29,85,105,56,77
1,<environment.Job instance at 0x7f2509dd5460>,30,1,[14  4],31,105,106,74,92
1,<environment.Job instance at 0x7f2509cb3410>,25,19,[ 1 10],26,105,124,79,95
1,<environment.Job instance at 0x7f2509dd56e0>,35,21,[1 6],36,124,145,88,116
1,<environment.Job instance at 0x7f2509dd5190>,38,23,[1 9],39,124,147,85,118
1,<environment.Job instance at 0x7f250a1d1be0>,48,19,[4 7],49,151,170,102,151
1,<environment.Job instance at 0x7f250a344be0>,53,22,[9 1],54,168,190,114,168
1,<environment.Job instance at 0x7f250a32adc0>,57,2,[ 1 12],58,190,192,132,190
1,<environment.Job instance at 0x7f250a156d20>,5,27,[6 1],6,6,33,0,6
1,<environment.Job instance at 0x7f250a3a0c30>,6,1,[4 7],7,7,8,0,7
1,<environment.Job instance at 0x7f250a3a0f50>,9,2,[6 2],10,10,12,0,10
1,<environment.Job instance at 0x7f250a3c2230>,12,23,[1 8],13,13,36,0,13
1,<environment.Job instance at 0x7f250a3c2320>,13,1,[9 5],14,33,34,19,14
1,<environment.Job instance at 0x7f250a3c2cd0>,22,1,[1 5],23,23,24,0,23
1,<environment.Job instance at 0x7f250a3c2f00>,23,26,[5 3],24,34,60,10,31
1,<environment.Job instance at 0x7f250a39f370>,27,1,[4 6],28,36,37,8,36
1,<environment.Job instance at 0x7f250a39f500>,31,3,[5 9],32,55,58,23,55
1,<environment.Job instance at 0x7f250a39f9b0>,34,3,[7 5],35,60,63,25,60
1,<environment.Job instance at 0x7f250a39f960>,35,2,[5 8],36,60,62,24,60
1,<environment.Job instance at 0x7f250a39faa0>,38,20,[5 2],39,76,96,37,76
1,<environment.Job instance at 0x7f250a39fe60>,39,26,[2 8],40,76,102,36,76
1,<environment.Job instance at 0x7f250a39ff00>,41,20,[ 4 10],42,102,122,60,93
1,<environment.Job instance at 0x7f250a39fc80>,43,2,[7 3],44,93,95,49,93
1,<environment.Job instance at 0x7f250a3c12d0>,45,2,[5 7],46,122,124,76,105
1,<environment.Job instance at 0x7f250a3c1370>,46,2,[8 1],47,105,107,58,105
1,<environment.Job instance at 0x7f250a3c13c0>,47,27,[9 5],48,107,134,59,105
1,<environment.Job instance at 0x7f250a3c14b0>,50,2,[4 9],51,124,126,73,116
1,<environment.Job instance at 0x7f250a3c1b90>,55,1,[6 3],56,130,131,74,130
1,<environment.Job instance at 0x7f250a3c1cd0>,57,1,[1 5],58,133,134,75,133
1,<environment.Job instance at 0x7f2550165640>,0,1,[7 2],1,2,3,1,2
1,<environment.Job instance at 0x7f250a3c2eb0>,2,25,[ 3 11],3,3,28,0,3
1,<environment.Job instance at 0x7f25504469b0>,21,2,[9 2],22,43,45,21,43
1,<environment.Job instance at 0x7f25504460a0>,22,2,[7 5],23,45,47,22,43
1,<environment.Job instance at 0x7f2550446a50>,24,2,[5 8],25,60,62,35,60
1,<environment.Job instance at 0x7f25503745a0>,25,27,[4 5],26,60,87,34,60
1,<environment.Job instance at 0x7f2550374550>,26,2,[1 8],27,62,64,35,60
1,<environment.Job instance at 0x7f254dad11e0>,0,26,[8 3],1,1,27,0,1
1,<environment.Job instance at 0x7f2550152b40>,14,2,[11  3],15,27,29,12,16
1,<environment.Job instance at 0x7f2509fc92d0>,18,1,[9 5],19,29,30,10,20
1,<environment.Job instance at 0x7f2509f06910>,23,3,[2 8],24,37,40,13,37
1,<environment.Job instance at 0x7f254dcadd70>,27,2,[9 3],28,49,51,21,49
1,<environment.Job instance at 0x7f254dcadaa0>,28,2,[3 5],29,49,51,20,49
1,<environment.Job instance at 0x7f254d921f50>,32,1,[10  4],33,60,61,27,60
1,<environment.Job instance at 0x7f25503e0e10>,35,3,[8 3],36,80,83,44,80
1,<environment.Job instance at 0x7f25503e0690>,37,2,[ 3 11],38,90,92,52,90
1,<environment.Job instance at 0x7f254d8e6d70>,39,2,[2 7],40,93,95,53,93
1,<environment.Job instance at 0x7f254d8e66e0>,42,27,[8 3],43,110,137,67,110
1,<environment.Job instance at 0x7f254d8e6320>,45,1,[1 6],46,126,127,80,126
1,<environment.Job instance at 0x7f254d8e6b90>,46,27,[2 6],47,126,153,79,126
1,<environment.Job instance at 0x7f2509ff4500>,49,1,[8 5],50,137,138,87,137
1,<environment.Job instance at 0x7f254da38fa0>,52,2,[2 7],53,143,145,90,143
1,<environment.Job instance at 0x7f254da38960>,53,1,[8 3],54,145,146,91,143
1,<environment.Job instance at 0x7f254da38be0>,56,2,[7 5],57,150,152,93,150
1,<environment.Job instance at 0x7f254d874c80>,57,1,[2 8],58,152,153,94,150
1,<environment.Job instance at 0x7f25501a7370>,6,21,[ 4 10],7,7,28,0,7
1,<environment.Job instance at 0x7f25501a74b0>,7,23,[2 8],8,28,51,20,22
1,<environment.Job instance at 0x7f25501a7320>,8,3,[11  1],9,24,27,15,24
1,<environment.Job instance at 0x7f25501a7aa0>,17,1,[7 2],18,31,32,13,31
1,<environment.Job instance at 0x7f25501a7c80>,20,25,[6 4],21,45,70,24,45
1,<environment.Job instance at 0x7f25501a7d20>,21,1,[3 6],22,51,52,29,45
1,<environment.Job instance at 0x7f25501a7f50>,22,3,[14  5],23,70,73,47,45
1,<environment.Job instance at 0x7f2550181370>,24,24,[5 5],25,73,97,48,68
1,<environment.Job instance at 0x7f25501815f0>,28,28,[ 5 10],29,73,101,44,72
1,<environment.Job instance at 0x7f2550181eb0>,39,2,[ 5 14],40,115,117,75,115
1,<environment.Job instance at 0x7f2550181f00>,41,2,[7 2],42,119,121,77,119
1,<environment.Job instance at 0x7f25501816e0>,42,2,[4 9],43,119,121,76,119
1,<environment.Job instance at 0x7f25501a6230>,44,3,[2 8],45,130,133,85,130
1,<environment.Job instance at 0x7f25501a6640>,49,1,[9 2],50,144,145,94,144
1,<environment.Job instance at 0x7f25501a7500>,9,19,[13  3],10,529,548,519,529
1,<environment.Job instance at 0x7f25501a6960>,54,22,[7 3],55,548,570,493,541
1,<environment.Job instance at 0x7f25501a6a00>,55,20,[7 5],56,548,568,492,541
1,<environment.Job instance at 0x7f250a292aa0>,6,2,[ 3 10],7,8,10,1,8
1,<environment.Job instance at 0x7f255021af50>,11,2,[14  5],12,12,14,0,12
1,<environment.Job instance at 0x7f255021a5a0>,14,2,[9 4],15,15,17,0,15
1,<environment.Job instance at 0x7f250a28bb90>,18,2,[9 3],19,23,25,4,23
1,<environment.Job instance at 0x7f2509e4caa0>,19,3,[4 7],20,24,27,4,24
1,<environment.Job instance at 0x7f254ddd8f00>,25,2,[9 1],26,42,44,16,42
1,<environment.Job instance at 0x7f250a0a0870>,26,22,[1 8],27,42,64,15,42
1,<environment.Job instance at 0x7f255003ecd0>,27,28,[5 9],28,64,92,36,63
1,<environment.Job instance at 0x7f250a0a0b40>,28,1,[9 2],29,63,64,34,63
1,<environment.Job instance at 0x7f250a2a80a0>,33,2,[5 9],34,92,94,58,72
1,<environment.Job instance at 0x7f254da01b40>,35,3,[4 6],36,76,79,40,76
1,<environment.Job instance at 0x7f255013d7d0>,37,28,[9 1],38,89,117,51,89
1,<environment.Job instance at 0x7f250a09f8c0>,39,3,[6 3],40,94,97,54,94
1,<environment.Job instance at 0x7f250a09fa50>,40,3,[2 9],41,97,100,56,94
1,<environment.Job instance at 0x7f2509c19460>,42,26,[5 8],43,103,129,60,103
1,<environment.Job instance at 0x7f254d7690f0>,46,2,[ 5 13],47,129,131,82,112
1,<environment.Job instance at 0x7f254de7baf0>,51,1,[13  4],52,131,132,79,122
1,<environment.Job instance at 0x7f254de7be10>,53,22,[3 5],54,132,154,78,125
1,<environment.Job instance at 0x7f254de7ba00>,56,3,[6 3],57,139,142,82,139
1,<environment.Job instance at 0x7f255018e280>,57,28,[ 5 10],58,142,170,84,141
1,<environment.Job instance at 0x7f255018e910>,58,2,[12  3],59,170,172,111,152
1,<environment.Job instance at 0x7f254d7a0550>,0,22,[7 1],1,1,23,0,1
1,<environment.Job instance at 0x7f250a1f65a0>,2,21,[5 7],3,3,24,0,3
1,<environment.Job instance at 0x7f254ddbfd70>,16,2,[2 6],17,17,19,0,17
1,<environment.Job instance at 0x7f250a2cc640>,17,1,[5 1],18,23,24,5,18
1,<environment.Job instance at 0x7f254de1e5a0>,18,1,[10  1],19,24,25,5,19
1,<environment.Job instance at 0x7f250a1cb550>,20,26,[3 7],21,21,47,0,21
1,<environment.Job instance at 0x7f254dec8af0>,26,1,[10  1],27,56,57,29,56
1,<environment.Job instance at 0x7f250a0c4f00>,27,18,[10  5],28,57,75,29,56
1,<environment.Job instance at 0x7f254deae550>,29,1,[12  2],30,75,76,45,65
1,<environment.Job instance at 0x7f250a0a6870>,32,24,[1 9],33,68,92,35,68
1,<environment.Job instance at 0x7f254d92a410>,37,2,[3 7],38,92,94,54,84
1,<environment.Job instance at 0x7f254d7ddf50>,41,27,[7 1],42,98,125,56,98
1,<environment.Job instance at 0x7f254d7dd320>,42,26,[ 3 10],43,98,124,55,98
1,<environment.Job instance at 0x7f254d7dd1e0>,43,2,[ 3 13],44,124,126,80,100
1,<environment.Job instance at 0x7f254d7dda50>,44,1,[3 5],45,126,127,81,100
1,<environment.Job instance at 0x7f254d7dd190>,45,21,[ 2 10],46,126,147,80,118
1,<environment.Job instance at 0x7f254d7dd2d0>,47,1,[ 3 14],48,147,148,99,133
1,<environment.Job instance at 0x7f254d8d2b40>,3,24,[2 6],4,4,28,0,4
1,<environment.Job instance at 0x7f254dd51fa0>,15,19,[6 3],16,28,47,12,28
1,<environment.Job instance at 0x7f254dd30190>,22,27,[5 7],23,46,73,23,46
1,<environment.Job instance at 0x7f254dd30960>,24,24,[13  2],25,73,97,48,68
1,<environment.Job instance at 0x7f254d8d2140>,5,2,[ 2 11],6,95,97,89,95
1,<environment.Job instance at 0x7f254dd30f50>,32,3,[9 5],33,112,115,79,112
1,<environment.Job instance at 0x7f254dd560f0>,33,3,[1 8],34,112,115,78,112
1,<environment.Job instance at 0x7f254dd563c0>,34,2,[9 2],35,115,117,80,112
1,<environment.Job instance at 0x7f254dd56640>,37,3,[10  1],38,117,120,79,112
1,<environment.Job instance at 0x7f254dd56a00>,43,1,[1 5],44,147,148,103,147
1,<environment.Job instance at 0x7f254dd56aa0>,44,1,[2 8],45,147,148,102,147
1,<environment.Job instance at 0x7f2509ef20f0>,8,20,[3 9],9,9,29,0,9
1,<environment.Job instance at 0x7f254d7edaa0>,6,3,[14  2],7,29,32,22,29
1,<environment.Job instance at 0x7f2509ef2b90>,15,2,[8 3],16,39,41,23,39
1,<environment.Job instance at 0x7f2509ef2c30>,17,21,[4 8],18,39,60,21,39
1,<environment.Job instance at 0x7f2509ef2d20>,18,23,[3 9],19,60,83,41,54
1,<environment.Job instance at 0x7f254d85d870>,23,2,[9 2],24,55,57,31,55
1,<environment.Job instance at 0x7f254d97a280>,30,2,[ 1 11],31,97,99,66,97
1,<environment.Job instance at 0x7f254d97a550>,32,1,[ 3 10],33,99,100,66,97
1,<environment.Job instance at 0x7f254d97a1e0>,33,3,[3 8],34,100,103,66,97
1,<environment.Job instance at 0x7f254d97aa50>,34,2,[3 6],35,100,102,65,97
1,<environment.Job instance at 0x7f254ddc2500>,36,3,[ 4 10],37,104,107,67,104
1,<environment.Job instance at 0x7f2554e0c460>,38,2,[ 1 10],39,111,113,72,111
1,<environment.Job instance at 0x7f250a3b93c0>,40,2,[2 7],41,113,115,72,111
1,<environment.Job instance at 0x7f250a3b9780>,42,1,[5 9],43,121,122,78,121
1,<environment.Job instance at 0x7f250a3b9140>,44,1,[2 5],45,129,130,84,129
1,<environment.Job instance at 0x7f254dd1ebe0>,45,1,[7 2],46,129,130,83,129
1,<environment.Job instance at 0x7f254dd1eb40>,46,1,[10  4],47,130,131,83,129
1,<environment.Job instance at 0x7f254dd1e6e0>,47,2,[8 3],48,131,133,83,129
1,<environment.Job instance at 0x7f254dd1e0f0>,49,1,[ 2 10],50,138,139,88,138
1,<environment.Job instance at 0x7f254dd1e550>,51,3,[3 5],52,142,145,90,142
1,<environment.Job instance at 0x7f2550061780>,54,1,[6 4],55,148,149,93,148
1,<environment.Job instance at 0x7f25500610f0>,55,21,[9 5],56,148,169,92,148
1,<environment.Job instance at 0x7f254dab3870>,3,27,[3 5],4,4,31,0,4
1,<environment.Job instance at 0x7f254dd60370>,5,2,[14  1],6,31,33,25,8
1,<environment.Job instance at 0x7f254dd60410>,4,1,[12  4],5,8,9,3,8
1,<environment.Job instance at 0x7f254dd605f0>,11,2,[4 5],12,12,14,0,12
1,<environment.Job instance at 0x7f254dd95a00>,19,3,[3 7],20,28,31,8,28
1,<environment.Job instance at 0x7f254dd95d70>,21,3,[5 4],22,33,36,11,30
1,<environment.Job instance at 0x7f254dd95b40>,24,1,[4 7],25,37,38,12,37
1,<environment.Job instance at 0x7f254dd951e0>,26,27,[10  4],27,43,70,16,43
1,<environment.Job instance at 0x7f255016d730>,32,25,[7 3],33,70,95,37,66
1,<environment.Job instance at 0x7f255016d870>,30,1,[ 5 11],31,77,78,46,77
1,<environment.Job instance at 0x7f254dc65870>,42,2,[3 9],43,110,112,67,110
1,<environment.Job instance at 0x7f25505020f0>,44,3,[9 2],45,123,126,78,123
1,<environment.Job instance at 0x7f2550502a50>,45,3,[8 2],46,126,129,80,124
1,<environment.Job instance at 0x7f2550502500>,47,3,[2 7],48,124,127,76,124
1,<environment.Job instance at 0x7f2550502410>,49,18,[5 2],50,128,146,78,128
1,<environment.Job instance at 0x7f2550502af0>,50,3,[ 1 10],51,128,131,77,128
1,<environment.Job instance at 0x7f25505028c0>,51,2,[ 2 10],52,131,133,79,128
1,<environment.Job instance at 0x7f2550502820>,53,3,[4 8],54,133,136,79,128
1,<environment.Job instance at 0x7f254d7ad6e0>,56,1,[2 8],57,138,139,81,138
1,<environment.Job instance at 0x7f255054ca50>,5,26,[4 8],6,6,32,0,6
1,<environment.Job instance at 0x7f255054ef00>,10,25,[5 4],11,11,36,0,11
1,<environment.Job instance at 0x7f255054e410>,11,21,[5 5],12,32,53,20,24
1,<environment.Job instance at 0x7f2550543780>,15,25,[5 7],16,36,61,20,32
1,<environment.Job instance at 0x7f25505434b0>,17,22,[5 8],18,53,75,35,46
1,<environment.Job instance at 0x7f254ffab8c0>,6,20,[4 8],7,75,95,68,66
1,<environment.Job instance at 0x7f2550543690>,19,3,[11  3],20,75,78,55,66
1,<environment.Job instance at 0x7f2509a157d0>,23,27,[8 5],24,78,105,54,76
1,<environment.Job instance at 0x7f2509f3a140>,33,24,[3 5],34,95,119,61,94
1,<environment.Job instance at 0x7f2509a30b40>,29,1,[12  4],30,105,106,75,102
1,<environment.Job instance at 0x7f250a17f140>,39,1,[6 2],40,110,111,70,110
1,<environment.Job instance at 0x7f2509ef1460>,42,3,[9 4],43,124,127,81,124
1,<environment.Job instance at 0x7f250a1822d0>,44,27,[1 8],45,127,154,82,127
1,<environment.Job instance at 0x7f250a182d20>,45,3,[6 4],46,127,130,81,127
1,<environment.Job instance at 0x7f254ffc4410>,47,3,[3 8],48,154,157,106,134
1,<environment.Job instance at 0x7f2509ef8500>,49,1,[4 5],50,139,140,89,139
1,<environment.Job instance at 0x7f2509b69fa0>,52,12,[6 2],53,141,153,88,141
1,<environment.Job instance at 0x7f2509f28140>,54,23,[4 5],55,141,164,86,141
1,<environment.Job instance at 0x7f2509f0c6e0>,6,26,[8 5],7,7,33,0,7
1,<environment.Job instance at 0x7f254db0f3c0>,13,20,[5 3],14,15,35,1,15
1,<environment.Job instance at 0x7f25502938c0>,22,2,[5 2],23,34,36,11,34
1,<environment.Job instance at 0x7f254da3f2d0>,23,3,[10  2],24,35,38,11,34
1,<environment.Job instance at 0x7f2550293be0>,21,17,[2 9],22,38,55,16,38
1,<environment.Job instance at 0x7f2550293960>,25,2,[10  1],26,38,40,12,38
1,<environment.Job instance at 0x7f2509fe6e60>,27,22,[10  1],28,49,71,21,49
1,<environment.Job instance at 0x7f2509fe65a0>,30,20,[3 8],31,60,80,29,60
1,<environment.Job instance at 0x7f2509fe60f0>,33,1,[5 7],34,81,82,47,81
1,<environment.Job instance at 0x7f2509fe6320>,35,1,[9 5],36,81,82,45,81
1,<environment.Job instance at 0x7f250a12a1e0>,36,26,[9 5],37,82,108,45,81
1,<environment.Job instance at 0x7f250a0c47d0>,41,2,[2 6],42,93,95,51,93
1,<environment.Job instance at 0x7f2509fe6050>,31,3,[11  4],32,108,111,76,104
1,<environment.Job instance at 0x7f250a125e60>,46,2,[2 8],47,105,107,58,105
1,<environment.Job instance at 0x7f250a125be0>,47,1,[ 4 12],48,111,112,63,105
1,<environment.Job instance at 0x7f2550299140>,49,22,[7 3],50,111,133,61,105
1,<environment.Job instance at 0x7f2550591af0>,52,25,[7 5],53,112,137,59,111
1,<environment.Job instance at 0x7f2550591a00>,53,2,[14  5],54,137,139,83,131
1,<environment.Job instance at 0x7f2550591aa0>,54,2,[13  4],55,139,141,84,135
1,<environment.Job instance at 0x7f2509a9e870>,13,20,[8 4],14,31,51,17,31
1,<environment.Job instance at 0x7f2509a9e4b0>,17,27,[8 5],18,51,78,33,49
1,<environment.Job instance at 0x7f2509adf5f0>,27,3,[10  5],28,83,86,55,83
1,<environment.Job instance at 0x7f2509adf460>,29,2,[ 2 12],30,86,88,56,83
1,<environment.Job instance at 0x7f2509ae5eb0>,32,24,[4 6],33,97,121,64,97
1,<environment.Job instance at 0x7f2509ae5f50>,38,1,[1 9],39,145,146,106,145
1,<environment.Job instance at 0x7f2509ae5e10>,39,1,[3 6],40,145,146,105,145
1,<environment.Job instance at 0x7f250a3595a0>,45,3,[5 3],46,214,217,168,214
1,<environment.Job instance at 0x7f2509cc7190>,0,25,[10  4],1,1,26,0,1
1,<environment.Job instance at 0x7f2509c21e10>,20,3,[9 1],21,38,41,17,38
1,<environment.Job instance at 0x7f25099cf780>,21,2,[13  4],22,41,43,19,38
1,<environment.Job instance at 0x7f2509c072d0>,25,2,[ 3 10],26,58,60,32,58
1,<environment.Job instance at 0x7f254d806b90>,26,20,[10  4],27,58,78,31,58
1,<environment.Job instance at 0x7f2509f59460>,30,27,[ 3 13],31,78,105,47,76
1,<environment.Job instance at 0x7f2509f59280>,33,27,[1 7],34,105,132,71,103
1,<environment.Job instance at 0x7f2550341730>,40,1,[12  1],41,107,108,66,107
1,<environment.Job instance at 0x7f2509c1c3c0>,41,25,[9 1],42,108,133,66,107
1,<environment.Job instance at 0x7f254d7f3aa0>,50,27,[5 4],51,165,192,114,165
1,<environment.Job instance at 0x7f254d7f3d20>,51,28,[7 5],52,165,193,113,165
1,<environment.Job instance at 0x7f254d7f33c0>,53,28,[8 2],54,192,220,138,191
1,<environment.Job instance at 0x7f25099e39b0>,6,2,[2 6],7,7,9,0,7
1,<environment.Job instance at 0x7f250a395af0>,5,2,[7 1],6,8,10,2,8
1,<environment.Job instance at 0x7f254dd697d0>,11,1,[ 5 14],12,12,13,0,12
1,<environment.Job instance at 0x7f250a1e9af0>,12,1,[7 1],13,13,14,0,13
1,<environment.Job instance at 0x7f25099e38c0>,13,19,[7 1],14,14,33,0,14
1,<environment.Job instance at 0x7f250a277820>,21,3,[10  5],22,36,39,14,36
1,<environment.Job instance at 0x7f254d9be500>,23,27,[5 1],24,36,63,12,36
1,<environment.Job instance at 0x7f2509a46280>,26,2,[ 5 12],27,47,49,20,47
1,<environment.Job instance at 0x7f255002cc80>,27,3,[3 6],28,49,52,21,47
1,<environment.Job instance at 0x7f255002c0a0>,29,1,[1 6],30,49,50,19,48
1,<environment.Job instance at 0x7f255002c280>,34,18,[9 1],35,76,94,41,76
1,<environment.Job instance at 0x7f255002c3c0>,39,3,[4 7],40,109,112,69,109
1,<environment.Job instance at 0x7f254d774050>,42,3,[8 4],43,142,145,99,142
1,<environment.Job instance at 0x7f2550012190>,44,3,[3 5],45,143,146,98,143
1,<environment.Job instance at 0x7f2550012d70>,45,2,[8 3],46,145,147,99,143
1,<environment.Job instance at 0x7f2550012690>,47,26,[3 7],48,145,171,97,145
1,<environment.Job instance at 0x7f254d7cec80>,49,1,[4 9],50,171,172,121,147
1,<environment.Job instance at 0x7f250a2c4690>,52,3,[2 9],53,172,175,119,148
1,<environment.Job instance at 0x7f250a2c4550>,53,3,[1 5],54,148,151,94,148
1,<environment.Job instance at 0x7f250a2c4050>,55,1,[8 4],56,151,152,95,149
1,<environment.Job instance at 0x7f254de231e0>,57,1,[ 2 11],58,175,176,117,150
1,<environment.Job instance at 0x7f254dcfa190>,7,28,[4 9],8,8,36,0,8
1,<environment.Job instance at 0x7f2509ece730>,18,1,[14  2],19,36,37,17,25
1,<environment.Job instance at 0x7f2509ece460>,19,1,[ 1 11],20,36,37,16,31
1,<environment.Job instance at 0x7f2509acd370>,31,2,[3 8],32,51,53,19,51
1,<environment.Job instance at 0x7f2509acd230>,32,1,[8 4],33,51,52,18,51
1,<environment.Job instance at 0x7f2509acdfa0>,36,3,[4 7],37,77,80,40,77
1,<environment.Job instance at 0x7f2509d1d640>,38,1,[1 9],39,80,81,41,78
1,<environment.Job instance at 0x7f2509d1df50>,39,2,[4 9],40,81,83,41,78
1,<environment.Job instance at 0x7f2509d1d8c0>,41,2,[4 7],42,92,94,50,92
1,<environment.Job instance at 0x7f2509d1de60>,43,1,[9 5],44,92,93,48,92
1,<environment.Job instance at 0x7f2509d1d280>,44,21,[8 1],45,93,114,48,92
1,<environment.Job instance at 0x7f2509d1dbe0>,46,2,[7 3],47,104,106,57,104
1,<environment.Job instance at 0x7f2509d1da00>,47,1,[1 7],48,106,107,58,104
1,<environment.Job instance at 0x7f2509d1d230>,48,3,[1 5],49,106,109,57,104
1,<environment.Job instance at 0x7f2509d1dcd0>,49,25,[ 3 10],50,109,134,59,105
1,<environment.Job instance at 0x7f2509bcfcd0>,57,23,[9 2],58,141,164,83,141
1,<environment.Job instance at 0x7f2509a612d0>,18,1,[3 8],19,27,28,8,27
1,<environment.Job instance at 0x7f254ddda0f0>,23,24,[4 7],24,54,78,30,54
1,<environment.Job instance at 0x7f254ddda190>,26,2,[10  1],27,67,69,40,67
1,<environment.Job instance at 0x7f254ddda730>,27,1,[7 3],28,69,70,41,67
1,<environment.Job instance at 0x7f254ddda780>,28,23,[ 4 10],29,78,101,49,72
1,<environment.Job instance at 0x7f254dde7960>,38,1,[1 6],39,103,104,64,103
1,<environment.Job instance at 0x7f254d8f7230>,40,15,[5 3],41,103,118,62,103
1,<environment.Job instance at 0x7f254d8f7be0>,41,3,[5 5],42,103,106,61,103
1,<environment.Job instance at 0x7f254d8f7140>,42,15,[ 1 10],43,112,127,69,112
1,<environment.Job instance at 0x7f254d8f7c30>,43,24,[3 5],44,118,142,74,113
1,<environment.Job instance at 0x7f254d922e10>,49,2,[8 4],50,127,129,77,124
1,<environment.Job instance at 0x7f254dded320>,53,17,[4 9],54,139,156,85,139
1,<environment.Job instance at 0x7f254dded730>,54,1,[1 9],55,156,157,101,139
1,<environment.Job instance at 0x7f254dded460>,56,1,[2 5],57,142,143,85,139
1,<environment.Job instance at 0x7f254dde0640>,57,1,[8 5],58,143,144,85,139
1,<environment.Job instance at 0x7ff05ec2c140>,3,22,[2 5],4,4,26,0,4
1,<environment.Job instance at 0x7ff05781c870>,10,22,[8 1],11,11,33,0,11
1,<environment.Job instance at 0x7ff05781caa0>,12,23,[6 4],13,26,49,13,20
1,<environment.Job instance at 0x7ff05781c820>,14,21,[8 1],15,33,54,18,25
1,<environment.Job instance at 0x7ff05781ce10>,18,26,[7 4],19,49,75,30,46
1,<environment.Job instance at 0x7ff05781ceb0>,19,25,[5 9],20,54,79,34,50
1,<environment.Job instance at 0x7ff05781fa50>,30,26,[9 4],31,75,101,44,72
1,<environment.Job instance at 0x7ff05781faf0>,31,1,[ 2 14],32,101,102,69,79
1,<environment.Job instance at 0x7ff05781fb90>,32,21,[5 9],33,79,100,46,79
1,<environment.Job instance at 0x7ff05781fc30>,33,26,[3 6],34,102,128,68,99
1,<environment.Job instance at 0x7ff05781fe10>,36,2,[7 5],37,102,104,65,101
1,<environment.Job instance at 0x7ff05781ff50>,38,2,[6 1],39,104,106,65,102
1,<environment.Job instance at 0x7ff05781f550>,40,26,[ 1 10],41,128,154,87,125
1,<environment.Job instance at 0x7ff057820f00>,56,3,[8 4],57,158,161,101,158
1,<environment.Job instance at 0x7ff0578231e0>,59,19,[1 7],60,172,191,112,172
1,<environment.Job instance at 0x7ff057823370>,60,2,[2 6],61,172,174,111,172
1,<environment.Job instance at 0x7ff0578230a0>,61,1,[7 5],62,174,175,112,172
1,<environment.Job instance at 0x7ff0578235f0>,64,2,[2 8],65,175,177,110,173
1,<environment.Job instance at 0x7ff0578232d0>,65,1,[5 8],66,177,178,111,173
1,<environment.Job instance at 0x7ff0578235a0>,66,2,[7 2],67,173,175,106,173
1,<environment.Job instance at 0x7ff05ec56780>,12,21,[4 8],13,13,34,0,13
1,<environment.Job instance at 0x7ff05ed92140>,14,1,[5 5],15,16,17,1,16
1,<environment.Job instance at 0x7ff05ec53af0>,9,19,[10  3],10,30,49,20,30
1,<environment.Job instance at 0x7ff05ed99aa0>,23,25,[ 1 10],24,34,59,10,33
1,<environment.Job instance at 0x7ff05ed9b2d0>,36,1,[4 8],37,76,77,39,76
1,<environment.Job instance at 0x7ff05eda5fa0>,38,3,[5 5],39,92,95,53,92
1,<environment.Job instance at 0x7ff05eda59b0>,39,27,[3 9],40,92,119,52,92
1,<environment.Job instance at 0x7ff05eda5140>,40,23,[5 1],41,92,115,51,92
1,<environment.Job instance at 0x7ff05ed9f280>,47,3,[ 3 13],48,119,122,71,114
1,<environment.Job instance at 0x7ff05ed9f690>,49,28,[7 5],50,122,150,72,121
1,<environment.Job instance at 0x7ff05ed9fb90>,54,1,[6 1],55,121,122,66,121
1,<environment.Job instance at 0x7ff05ed97870>,58,1,[7 1],59,134,135,75,134
1,<environment.Job instance at 0x7ff05ed929b0>,13,18,[ 3 10],14,135,153,121,135
1,<environment.Job instance at 0x7ff05ed975f0>,61,13,[3 8],62,153,166,91,141
1,<environment.Job instance at 0x7ff05ed91c80>,66,1,[9 5],67,152,153,85,152
1,<environment.Job instance at 0x7ff05ed91dc0>,67,28,[ 2 10],68,166,194,98,165
1,<environment.Job instance at 0x7ff013be8e10>,4,20,[13  4],5,5,25,0,5
1,<environment.Job instance at 0x7ff013be8230>,11,22,[5 6],12,25,47,13,18
1,<environment.Job instance at 0x7ff013b957d0>,13,1,[12  5],14,47,48,33,19
1,<environment.Job instance at 0x7ff013b95820>,17,21,[10  4],18,25,46,7,19
1,<environment.Job instance at 0x7ff013b428c0>,22,20,[10  5],23,48,68,25,39
1,<environment.Job instance at 0x7ff013b42280>,33,24,[3 7],34,61,85,27,61
1,<environment.Job instance at 0x7ff013b424b0>,34,19,[3 8],35,68,87,33,63
1,<environment.Job instance at 0x7ff013b423c0>,38,2,[5 7],39,85,87,46,80
1,<environment.Job instance at 0x7ff013b0b550>,39,2,[10  2],40,87,89,47,80
1,<environment.Job instance at 0x7ff013b0baf0>,42,1,[8 3],43,90,91,47,90
1,<environment.Job instance at 0x7ff013b0bdc0>,44,19,[6 2],45,90,109,45,90
1,<environment.Job instance at 0x7ff013b0b780>,45,1,[9 3],46,91,92,45,90
1,<environment.Job instance at 0x7ff013b5b5a0>,48,27,[ 3 12],49,101,128,52,101
1,<environment.Job instance at 0x7ff013b11230>,54,26,[3 9],55,128,154,73,125
1,<environment.Job instance at 0x7ff013b11960>,58,21,[2 7],59,154,175,95,146
1,<environment.Job instance at 0x7ff013b11af0>,60,23,[4 7],61,154,177,93,148
1,<environment.Job instance at 0x7ff013b168c0>,68,20,[ 2 10],69,177,197,108,168
1,<environment.Job instance at 0x7ff013f84780>,3,1,[4 8],4,4,5,0,4
1,<environment.Job instance at 0x7ff013f84370>,5,21,[1 6],6,7,28,1,7
1,<environment.Job instance at 0x7ff013c0f3c0>,0,1,[14  4],1,9,10,8,9
1,<environment.Job instance at 0x7ff013f84910>,8,23,[1 9],9,10,33,1,9
1,<environment.Job instance at 0x7ff013bf27d0>,18,19,[4 7],19,33,52,14,30
1,<environment.Job instance at 0x7ff013bf2e10>,21,1,[ 5 10],22,52,53,30,47
1,<environment.Job instance at 0x7ff013bf2fa0>,23,22,[9 1],24,47,69,23,47
1,<environment.Job instance at 0x7ff013c9d0f0>,26,1,[5 1],27,53,54,26,52
1,<environment.Job instance at 0x7ff013c9d370>,27,2,[ 1 12],28,53,55,25,52
1,<environment.Job instance at 0x7ff013c9dd70>,29,2,[7 2],30,69,71,39,62
1,<environment.Job instance at 0x7ff013f73230>,35,27,[6 1],36,78,105,42,78
1,<environment.Job instance at 0x7ff013f73280>,36,1,[4 7],37,78,79,41,78
1,<environment.Job instance at 0x7ff013f737d0>,39,2,[6 2],40,88,90,48,88
1,<environment.Job instance at 0x7ff013f73780>,42,23,[1 8],43,94,117,51,94
1,<environment.Job instance at 0x7ff013f73820>,43,1,[9 5],44,105,106,61,94
1,<environment.Job instance at 0x7ff013f73870>,45,1,[5 1],46,94,95,48,94
1,<environment.Job instance at 0x7ff013c51820>,46,1,[2 6],47,95,96,48,94
1,<environment.Job instance at 0x7ff013c51eb0>,48,2,[5 3],49,103,105,54,103
1,<environment.Job instance at 0x7ff013c51730>,52,1,[1 5],53,112,113,59,112
1,<environment.Job instance at 0x7ff01414d690>,53,26,[5 3],54,113,139,59,112
1,<environment.Job instance at 0x7ff01414d780>,54,3,[5 4],55,113,116,58,112
1,<environment.Job instance at 0x7ff01414d2d0>,57,1,[4 6],58,126,127,68,126
1,<environment.Job instance at 0x7ff01414d500>,55,18,[ 1 10],56,139,157,83,139
1,<environment.Job instance at 0x7ff01414d410>,65,2,[5 8],66,157,159,91,145
1,<environment.Job instance at 0x7ff01414dfa0>,62,18,[3 8],63,159,177,96,159
1,<environment.Job instance at 0x7ff01414d370>,68,20,[5 2],69,159,179,90,159
1,<environment.Job instance at 0x7ff05ed945a0>,1,20,[ 4 10],2,2,22,0,2
1,<environment.Job instance at 0x7ff013f0a870>,7,27,[9 5],8,8,35,0,8
1,<environment.Job instance at 0x7ff013f09a00>,20,1,[7 2],21,35,36,14,35
1,<environment.Job instance at 0x7ff013f09910>,22,25,[ 3 11],23,38,63,15,38
1,<environment.Job instance at 0x7ff013f13190>,30,3,[5 2],31,81,84,50,81
1,<environment.Job instance at 0x7ff013f13230>,32,2,[6 5],33,81,83,48,81
1,<environment.Job instance at 0x7ff013f13730>,36,1,[9 2],37,91,92,54,91
1,<environment.Job instance at 0x7ff013f136e0>,37,2,[1 8],38,91,93,53,91
1,<environment.Job instance at 0x7ff013f13c30>,41,2,[9 2],42,118,120,76,118
1,<environment.Job instance at 0x7ff013f13b90>,42,2,[7 5],43,120,122,77,118
1,<environment.Job instance at 0x7ff013f13e10>,44,2,[5 8],45,126,128,81,126
1,<environment.Job instance at 0x7ff013f13eb0>,45,27,[4 5],46,126,153,80,126
1,<environment.Job instance at 0x7ff013f13cd0>,6,25,[2 8],7,8,33,1,8
1,<environment.Job instance at 0x7ff059d70640>,10,26,[8 3],11,11,37,0,11
1,<environment.Job instance at 0x7ff05a547690>,24,2,[11  3],25,37,39,12,33
1,<environment.Job instance at 0x7ff05a547a50>,26,2,[2 7],27,36,38,9,36
1,<environment.Job instance at 0x7ff05a547dc0>,28,1,[9 5],29,39,40,10,39
1,<environment.Job instance at 0x7ff0579ac550>,38,2,[3 5],39,83,85,44,83
1,<environment.Job instance at 0x7ff0575e2460>,42,1,[10  4],43,101,102,58,101
1,<environment.Job instance at 0x7ff0575e26e0>,45,3,[8 3],46,106,109,60,106
1,<environment.Job instance at 0x7ff0575e2cd0>,47,2,[ 3 11],48,117,119,69,117
1,<environment.Job instance at 0x7ff0575e25f0>,49,2,[2 7],50,120,122,70,120
1,<environment.Job instance at 0x7ff05eb2e190>,52,27,[8 3],53,136,163,83,136
1,<environment.Job instance at 0x7ff05eb2e730>,55,1,[1 6],56,154,155,98,154
1,<environment.Job instance at 0x7ff05eb2e870>,56,27,[2 6],57,154,181,97,154
1,<environment.Job instance at 0x7ff057ad25f0>,59,1,[8 5],60,169,170,109,169
1,<environment.Job instance at 0x7ff057ad2c30>,62,2,[2 7],63,184,186,121,184
1,<environment.Job instance at 0x7ff057ad2640>,63,1,[8 3],64,184,185,120,184
1,<environment.Job instance at 0x7ff0579aba50>,66,2,[7 5],67,185,187,118,184
1,<environment.Job instance at 0x7ff0579ab320>,67,1,[2 8],68,186,187,118,184
1,<environment.Job instance at 0x7ff0579ab5a0>,68,3,[2 9],69,187,190,118,184
1,<environment.Job instance at 0x7ff0578de500>,6,21,[ 4 10],7,7,28,0,7
1,<environment.Job instance at 0x7ff0578dea50>,7,23,[2 8],8,28,51,20,22
1,<environment.Job instance at 0x7ff0578de410>,8,3,[11  1],9,48,51,39,48
1,<environment.Job instance at 0x7ff057bd72d0>,17,1,[7 2],18,51,52,33,48
1,<environment.Job instance at 0x7ff0578de910>,9,19,[13  3],10,52,71,42,51
1,<environment.Job instance at 0x7ff0575fd410>,20,25,[6 4],21,71,96,50,67
1,<environment.Job instance at 0x7ff0575fdcd0>,21,1,[3 6],22,71,72,49,67
1,<environment.Job instance at 0x7ff05a0d3730>,22,3,[14  5],23,96,99,73,73
1,<environment.Job instance at 0x7ff013cb6690>,24,24,[5 5],25,99,123,74,94
1,<environment.Job instance at 0x7ff057c69f00>,27,1,[4 6],28,94,95,66,94
1,<environment.Job instance at 0x7ff059efd9b0>,28,28,[ 5 10],29,99,127,70,98
1,<environment.Job instance at 0x7ff0578ca780>,39,2,[ 5 14],40,134,136,94,134
1,<environment.Job instance at 0x7ff057758b40>,41,2,[7 2],42,136,138,94,135
1,<environment.Job instance at 0x7ff057758230>,42,2,[4 9],43,136,138,93,135
1,<environment.Job instance at 0x7ff057758b90>,44,3,[2 8],45,138,141,93,138
1,<environment.Job instance at 0x7ff05a11cdc0>,49,1,[9 2],50,160,161,110,160
1,<environment.Job instance at 0x7ff057667b40>,54,22,[7 3],55,192,214,137,192
1,<environment.Job instance at 0x7ff057667d20>,55,20,[7 5],56,192,212,136,192
1,<environment.Job instance at 0x7ff057cd4410>,1,2,[14  5],2,4,6,2,4
1,<environment.Job instance at 0x7ff013b2bb40>,4,2,[9 4],5,6,8,1,5
1,<environment.Job instance at 0x7ff013e16af0>,8,2,[9 3],9,9,11,0,9
1,<environment.Job instance at 0x7ff013e16c30>,9,3,[4 7],10,10,13,0,10
1,<environment.Job instance at 0x7ff013e16d20>,10,1,[4 8],11,11,12,0,11
1,<environment.Job instance at 0x7ff013e16e10>,11,1,[8 1],12,12,13,0,12
1,<environment.Job instance at 0x7ff013df8190>,15,2,[9 1],16,23,25,7,23
1,<environment.Job instance at 0x7ff013df80f0>,16,22,[1 8],17,23,45,6,23
1,<environment.Job instance at 0x7ff013df81e0>,17,28,[5 9],18,45,73,27,44
1,<environment.Job instance at 0x7ff013df8410>,18,1,[9 2],19,44,45,25,44
1,<environment.Job instance at 0x7ff013df8730>,23,2,[5 9],24,73,75,49,51
1,<environment.Job instance at 0x7ff013df8960>,25,3,[4 6],26,56,59,30,56
1,<environment.Job instance at 0x7ff013df8a00>,27,28,[9 1],28,59,87,31,59
1,<environment.Job instance at 0x7ff013df8d20>,32,26,[5 8],33,75,101,42,72
1,<environment.Job instance at 0x7ff013df8dc0>,33,2,[7 2],34,87,89,53,72
1,<environment.Job instance at 0x7ff013df8fa0>,35,1,[5 4],36,89,90,53,72
1,<environment.Job instance at 0x7ff013e1b0f0>,36,2,[ 5 13],37,101,103,64,74
1,<environment.Job instance at 0x7ff013e1b050>,37,1,[6 2],38,90,91,52,74
1,<environment.Job instance at 0x7ff013e1b320>,41,1,[13  4],42,103,104,61,90
1,<environment.Job instance at 0x7ff013e1b460>,43,22,[3 5],44,104,126,60,101
1,<environment.Job instance at 0x7ff013e1ba00>,47,28,[ 5 10],48,105,133,57,105
1,<environment.Job instance at 0x7ff013e1bb40>,50,22,[7 1],51,126,148,75,121
1,<environment.Job instance at 0x7ff013e1baa0>,48,2,[12  3],49,148,150,99,131
1,<environment.Job instance at 0x7ff013e1bf50>,52,21,[5 7],53,150,171,97,142
1,<environment.Job instance at 0x7ff013dfc2d0>,54,2,[ 5 10],55,142,144,87,142
1,<environment.Job instance at 0x7ff013dfc3c0>,57,1,[ 4 10],58,144,145,86,144
1,<environment.Job instance at 0x7ff013dfcb40>,66,2,[2 6],67,179,181,112,179
1,<environment.Job instance at 0x7ff013dfcbe0>,67,1,[5 1],68,179,180,111,179
1,<environment.Job instance at 0x7ff014131a50>,0,26,[3 7],1,1,27,0,1
1,<environment.Job instance at 0x7ff013a67190>,6,1,[10  1],7,7,8,0,7
1,<environment.Job instance at 0x7ff013aadd70>,9,1,[12  2],10,10,11,0,10
1,<environment.Job instance at 0x7ff013aad410>,11,3,[5 1],12,12,15,0,12
1,<environment.Job instance at 0x7ff013aad780>,12,24,[1 9],13,27,51,14,22
1,<environment.Job instance at 0x7ff013ac2eb0>,21,27,[7 1],22,30,57,8,30
1,<environment.Job instance at 0x7ff0576881e0>,22,26,[ 3 10],23,51,77,28,48
1,<environment.Job instance at 0x7ff0578d3fa0>,25,21,[ 2 10],26,77,98,51,69
1,<environment.Job instance at 0x7ff013e96a50>,27,1,[ 3 14],28,98,99,70,79
1,<environment.Job instance at 0x7ff013e98780>,23,2,[ 3 13],24,99,101,75,89
1,<environment.Job instance at 0x7ff057c69140>,14,1,[2 8],15,16,17,1,16
1,<environment.Job instance at 0x7ff05a4d0230>,23,24,[8 5],24,62,86,38,62
1,<environment.Job instance at 0x7ff057c4b870>,26,3,[4 9],27,77,80,50,77
1,<environment.Job instance at 0x7ff057c4bb90>,27,2,[1 6],28,80,82,52,77
1,<environment.Job instance at 0x7ff057d4b3c0>,36,3,[14  2],37,117,120,80,117
1,<environment.Job instance at 0x7ff057d4ba00>,38,20,[3 9],39,123,143,84,123
1,<environment.Job instance at 0x7ff057d4b960>,42,3,[3 7],43,148,151,105,148
1,<environment.Job instance at 0x7ff013f0c320>,2,1,[5 9],3,3,4,0,3
1,<environment.Job instance at 0x7ff013b51870>,15,21,[9 5],16,16,37,0,16
1,<environment.Job instance at 0x7ff0141b30a0>,22,1,[5 3],23,33,34,10,33
1,<environment.Job instance at 0x7ff0141b3230>,23,27,[3 5],24,34,61,10,33
1,<environment.Job instance at 0x7ff0141b3050>,24,1,[12  4],25,37,38,12,33
1,<environment.Job instance at 0x7ff0141b3410>,25,2,[14  1],26,61,63,35,39
1,<environment.Job instance at 0x7ff0141b3690>,30,3,[8 5],31,56,59,25,56
1,<environment.Job instance at 0x7ff0141b3730>,31,2,[4 5],32,56,58,24,56
1,<environment.Job instance at 0x7ff0141b3d20>,34,12,[1 5],35,63,75,28,63
1,<environment.Job instance at 0x7ff0141b3f00>,39,3,[3 7],40,80,83,40,80
1,<environment.Job instance at 0x7ff0141d60a0>,41,3,[5 4],42,87,90,45,87
1,<environment.Job instance at 0x7ff0141d6460>,44,1,[4 7],45,88,89,43,88
1,<environment.Job instance at 0x7ff0141d6370>,45,18,[3 9],46,100,118,54,100
1,<environment.Job instance at 0x7ff0141d62d0>,46,27,[10  4],47,100,127,53,100
1,<environment.Job instance at 0x7ff0141d6a00>,50,1,[ 5 11],51,118,119,67,117
1,<environment.Job instance at 0x7ff0141d6b40>,52,25,[7 3],53,127,152,74,123
1,<environment.Job instance at 0x7ff0141d6780>,53,3,[ 1 10],54,123,126,69,123
1,<environment.Job instance at 0x7ff0141ca1e0>,62,2,[3 9],63,171,173,108,171
1,<environment.Job instance at 0x7ff0140c7a00>,13,1,[6 2],14,14,15,0,14
1,<environment.Job instance at 0x7ff0140c7c30>,14,2,[2 7],15,15,17,0,15
1,<environment.Job instance at 0x7ff0140c7640>,15,26,[4 8],16,16,42,0,16
1,<environment.Job instance at 0x7ff013ed44b0>,16,20,[4 8],17,42,62,25,33
1,<environment.Job instance at 0x7ff013ed4c80>,17,3,[4 6],18,33,36,15,33
1,<environment.Job instance at 0x7ff013ed4780>,19,1,[5 6],20,36,37,16,33
1,<environment.Job instance at 0x7ff013ed4eb0>,20,25,[5 4],21,37,62,16,33
1,<environment.Job instance at 0x7ff0578d5500>,21,21,[5 5],22,62,83,40,54
1,<environment.Job instance at 0x7ff0578d5550>,25,25,[5 7],26,62,87,36,58
1,<environment.Job instance at 0x7ff0578d5050>,27,22,[5 8],28,83,105,55,76
1,<environment.Job instance at 0x7ff0578d55a0>,29,3,[11  3],30,105,108,75,82
1,<environment.Job instance at 0x7ff013a995a0>,33,27,[8 5],34,108,135,74,106
1,<environment.Job instance at 0x7ff0578d5e60>,32,2,[10  4],33,135,137,102,108
1,<environment.Job instance at 0x7ff013a99cd0>,36,2,[5 7],37,108,110,71,108
1,<environment.Job instance at 0x7ff013a99780>,37,1,[2 8],38,110,111,72,108
1,<environment.Job instance at 0x7ff013a999b0>,38,2,[6 4],39,111,113,72,108
1,<environment.Job instance at 0x7ff057c0e690>,39,1,[12  4],40,137,138,97,109
1,<environment.Job instance at 0x7ff057c0ef50>,41,2,[3 5],42,113,115,71,109
1,<environment.Job instance at 0x7ff057c0eeb0>,42,1,[5 5],43,115,116,72,109
1,<environment.Job instance at 0x7ff057c0e3c0>,43,24,[3 5],44,116,140,72,111
1,<environment.Job instance at 0x7ff057c0e2d0>,49,1,[6 2],50,138,139,88,127
1,<environment.Job instance at 0x7ff057c0ebe0>,52,3,[9 4],53,139,142,86,139
1,<environment.Job instance at 0x7ff057c0edc0>,53,18,[3 7],54,143,161,89,143
1,<environment.Job instance at 0x7ff057c0e0a0>,54,27,[1 8],55,143,170,88,143
1,<environment.Job instance at 0x7ff057926dc0>,59,1,[4 5],60,161,162,101,145
1,<environment.Job instance at 0x7ff0579265f0>,64,23,[4 5],65,173,196,108,173
1,<environment.Job instance at 0x7ff0578d5b90>,1,1,[9 4],2,3,4,1,3
1,<environment.Job instance at 0x7ff013ce4320>,6,26,[8 5],7,7,33,0,7
1,<environment.Job instance at 0x7ff0577465f0>,9,20,[6 3],10,10,30,0,10
1,<environment.Job instance at 0x7ff059efc410>,22,2,[5 2],23,39,41,16,39
1,<environment.Job instance at 0x7ff059efc5f0>,23,3,[10  2],24,39,42,15,39
1,<environment.Job instance at 0x7ff059efcbe0>,25,2,[10  1],26,48,50,22,48
1,<environment.Job instance at 0x7ff059efcaa0>,27,22,[10  1],28,52,74,24,52
1,<environment.Job instance at 0x7ff059efc0a0>,30,20,[3 8],31,65,85,34,65
1,<environment.Job instance at 0x7ff014199a50>,31,3,[11  4],32,74,77,42,74
1,<environment.Job instance at 0x7ff014199730>,36,26,[9 5],37,77,103,40,74
1,<environment.Job instance at 0x7ff013b9c730>,46,2,[2 8],47,100,102,53,100
1,<environment.Job instance at 0x7ff013b9c500>,47,1,[ 4 12],48,103,104,55,101
1,<environment.Job instance at 0x7ff013b9cf00>,49,22,[7 3],50,103,125,53,101
1,<environment.Job instance at 0x7ff013b9ce60>,52,25,[7 5],53,116,141,63,116
1,<environment.Job instance at 0x7ff013b9ceb0>,53,2,[14  5],54,141,143,87,124
1,<environment.Job instance at 0x7ff013b9cb40>,54,2,[13  4],55,143,145,88,128
1,<environment.Job instance at 0x7ff013a03cd0>,3,20,[8 4],4,4,24,0,4
1,<environment.Job instance at 0x7ff059d6f2d0>,7,27,[8 5],8,24,51,16,22
1,<environment.Job instance at 0x7ff013a03910>,8,1,[6 5],9,22,23,13,22
1,<environment.Job instance at 0x7ff059d84d70>,14,1,[5 2],15,23,24,8,23
1,<environment.Job instance at 0x7ff059d84eb0>,17,3,[10  5],18,51,54,33,25
1,<environment.Job instance at 0x7ff059d84870>,19,2,[ 2 12],20,54,56,34,27
1,<environment.Job instance at 0x7ff059d8fc80>,22,24,[4 6],23,56,80,33,51
1,<environment.Job instance at 0x7ff057c5c960>,28,1,[1 9],29,76,77,47,76
1,<environment.Job instance at 0x7ff059d6ab90>,29,1,[3 6],30,77,78,47,76
1,<environment.Job instance at 0x7ff057c5c7d0>,31,18,[7 2],32,82,100,50,82
1,<environment.Job instance at 0x7ff059f3ae60>,35,3,[5 3],36,99,102,63,99
1,<environment.Job instance at 0x7ff057793690>,6,20,[10  4],7,11,31,4,11
1,<environment.Job instance at 0x7ff0577930f0>,10,27,[ 3 13],11,31,58,20,29
1,<environment.Job instance at 0x7ff0579ce230>,13,27,[1 7],14,58,85,44,56
1,<environment.Job instance at 0x7ff057c48b90>,1,2,[13  4],2,61,63,59,61
1,<environment.Job instance at 0x7ff057bdb5f0>,20,1,[12  1],21,63,64,42,61
1,<environment.Job instance at 0x7ff05e9bc050>,21,25,[9 1],22,64,89,42,61
1,<environment.Job instance at 0x7ff0140a2820>,30,27,[5 4],31,98,125,67,98
1,<environment.Job instance at 0x7ff0577967d0>,31,28,[7 5],32,98,126,66,98
1,<environment.Job instance at 0x7ff05ec53820>,33,28,[8 2],34,125,153,91,124
1,<environment.Job instance at 0x7ff0139f85a0>,40,3,[10  2],41,153,156,112,129
1,<environment.Job instance at 0x7ff0139f8a00>,41,1,[2 8],42,129,130,87,129
1,<environment.Job instance at 0x7ff013e21500>,51,1,[ 5 14],52,160,161,108,160
1,<environment.Job instance at 0x7ff013e21d70>,52,1,[7 1],53,160,161,107,160
1,<environment.Job instance at 0x7ff013e21be0>,53,19,[7 1],54,161,180,107,160
1,<environment.Job instance at 0x7ff013e21730>,56,1,[4 5],57,175,176,118,175
1,<environment.Job instance at 0x7ff013feccd0>,61,3,[10  5],62,206,209,144,206
1,<environment.Job instance at 0x7ff059d8bcd0>,63,27,[5 1],64,207,234,143,207
1,<environment.Job instance at 0x7ff05a3cee10>,66,2,[ 5 12],67,223,225,156,223
1,<environment.Job instance at 0x7ff05a3cedc0>,68,2,[7 4],69,226,228,157,226
1,<environment.Job instance at 0x7ff05a2d7690>,4,18,[9 1],5,11,29,6,11
1,<environment.Job instance at 0x7ff013e44960>,14,3,[3 5],15,27,30,12,27
1,<environment.Job instance at 0x7ff013e446e0>,15,2,[8 3],16,29,31,13,27
1,<environment.Job instance at 0x7ff013e44730>,17,26,[3 7],18,27,53,9,27
1,<environment.Job instance at 0x7ff013e44550>,19,1,[4 9],20,53,54,33,30
1,<environment.Job instance at 0x7ff013e443c0>,21,3,[7 2],22,31,34,9,31
1,<environment.Job instance at 0x7ff013e44e10>,22,3,[2 9],23,54,57,31,31
1,<environment.Job instance at 0x7ff013e44910>,23,3,[1 5],24,31,34,7,31
1,<environment.Job instance at 0x7ff013e441e0>,25,1,[8 4],26,35,36,9,35
1,<environment.Job instance at 0x7ff013e445a0>,27,1,[ 2 11],28,57,58,29,45
1,<environment.Job instance at 0x7ff013e44cd0>,29,25,[3 8],30,58,83,28,54
1,<environment.Job instance at 0x7ff01393bc80>,37,28,[4 9],38,83,111,45,82
1,<environment.Job instance at 0x7ff01393b690>,38,1,[3 8],39,111,112,72,83
1,<environment.Job instance at 0x7ff01393b6e0>,39,1,[10  3],40,83,84,43,83
1,<environment.Job instance at 0x7ff01393bd20>,40,1,[3 6],41,84,85,43,83
1,<environment.Job instance at 0x7ff013938e10>,43,2,[5 9],44,112,114,68,85
1,<environment.Job instance at 0x7ff013866a00>,47,2,[4 9],48,116,118,68,116
1,<environment.Job instance at 0x7ff0138660f0>,48,1,[14  2],49,118,119,69,116
1,<environment.Job instance at 0x7ff013866870>,49,1,[ 1 11],50,118,119,68,116
1,<environment.Job instance at 0x7ff013866b40>,52,3,[2 8],53,128,131,75,128
1,<environment.Job instance at 0x7ff013866e10>,53,2,[6 4],54,128,130,74,128
1,<environment.Job instance at 0x7ff013866fa0>,54,1,[7 5],55,130,131,75,128
1,<environment.Job instance at 0x7ff013866c30>,55,1,[3 6],56,131,132,75,128
1,<environment.Job instance at 0x7ff013866b90>,57,3,[8 1],58,131,134,73,128
1,<environment.Job instance at 0x7ff013866f00>,60,18,[2 8],61,146,164,85,146
1,<environment.Job instance at 0x7ff013866370>,61,2,[3 8],62,164,166,102,146
1,<environment.Job instance at 0x7ff013866050>,62,1,[8 4],63,146,147,83,146
1,<environment.Job instance at 0x7ff013812e10>,68,1,[1 9],69,174,175,105,174
1,<environment.Job instance at 0x7ff013812e10>,4,21,[8 1],5,5,26,0,5
1,<environment.Job instance at 0x7ff057ac3820>,9,25,[ 3 10],10,10,35,0,10
1,<environment.Job instance at 0x7ff014058960>,17,23,[9 2],18,26,49,8,20
1,<environment.Job instance at 0x7ff05778ee60>,26,3,[1 7],27,42,45,15,42
1,<environment.Job instance at 0x7ff014054eb0>,27,1,[6 5],28,45,46,17,43
1,<environment.Job instance at 0x7ff014046c30>,29,1,[8 2],30,49,50,19,45
1,<environment.Job instance at 0x7ff059ee65a0>,35,3,[7 5],36,74,77,38,74
1,<environment.Job instance at 0x7ff013cc4500>,38,1,[3 8],39,87,88,48,87
1,<environment.Job instance at 0x7ff0576b30a0>,32,18,[ 2 10],33,88,106,55,87
1,<environment.Job instance at 0x7ff057689690>,43,24,[4 7],44,106,130,62,102
1,<environment.Job instance at 0x7ff057689140>,45,3,[6 4],46,106,109,60,106
1,<environment.Job instance at 0x7ff057689190>,46,2,[10  1],47,109,111,62,106
1,<environment.Job instance at 0x7ff0576833c0>,48,23,[ 4 10],49,130,153,81,124
1,<environment.Job instance at 0x7ff057683190>,49,2,[4 6],50,124,126,74,124
1,<environment.Job instance at 0x7ff0576aa5f0>,53,1,[6 5],54,126,127,72,124
1,<environment.Job instance at 0x7ff0576aa7d0>,54,1,[4 9],55,153,154,98,125
1,<environment.Job instance at 0x7ff013b50be0>,4,1,[1 9],5,5,6,0,5
1,<environment.Job instance at 0x7ff013b50550>,6,1,[2 5],7,7,8,0,7
1,<environment.Job instance at 0x7ff014058280>,7,1,[8 5],8,8,9,0,8
1,<environment.Job instance at 0x7ff013b50e60>,9,24,[7 1],10,10,34,0,10
1,<environment.Job instance at 0x7ff013ca7370>,10,26,[4 8],11,11,37,0,11
1,<environment.Job instance at 0x7ff013b45e60>,21,1,[10  4],22,41,42,19,41
1,<environment.Job instance at 0x7ff059f696e0>,23,18,[8 1],24,43,61,19,43
1,<environment.Job instance at 0x7ff013b451e0>,24,13,[4 6],25,43,56,18,43
1,<environment.Job instance at 0x7ff013b33870>,27,3,[1 6],28,65,68,37,65
1,<environment.Job instance at 0x7ff05a2bebe0>,30,2,[3 9],31,75,77,44,75
1,<environment.Job instance at 0x7ff05a2be140>,33,1,[ 3 13],34,88,89,54,88
1,<environment.Job instance at 0x7ff05a2be870>,34,1,[6 2],35,88,89,53,88
1,<environment.Job instance at 0x7ff05a2bee10>,35,22,[1 9],36,89,111,53,88
1,<environment.Job instance at 0x7ff05a2be1e0>,38,2,[3 9],39,111,113,72,105
1,<environment.Job instance at 0x7ff0578a8b90>,45,1,[ 5 13],46,117,118,71,117
1,<environment.Job instance at 0x7ff05a1c20a0>,50,19,[5 4],51,148,167,97,148
1,<environment.Job instance at 0x7ff05a1c2870>,52,3,[5 9],53,160,163,107,160
1,<environment.Job instance at 0x7ff05a1c25a0>,54,24,[5 9],55,163,187,108,160
1,<environment.Job instance at 0x7ff05a0ce500>,56,1,[3 9],57,187,188,130,170
1,<environment.Job instance at 0x7ff05a0ced20>,57,26,[8 5],58,170,196,112,170
1,<environment.Job instance at 0x7ff013987b90>,63,26,[7 5],64,194,220,130,194
1,<environment.Job instance at 0x7ff013987aa0>,65,2,[13  2],66,220,222,154,219
1,<environment.Job instance at 0x7ff013987500>,66,20,[3 6],67,222,242,155,219
1,<environment.Job instance at 0x7ff0139612d0>,6,1,[1 9],7,7,8,0,7
1,<environment.Job instance at 0x7ff013961b90>,7,2,[8 2],8,9,11,1,9
1,<environment.Job instance at 0x7ff013961910>,3,3,[11  3],4,17,20,13,17
1,<environment.Job instance at 0x7ff013961eb0>,16,2,[2 8],17,17,19,0,17
1,<environment.Job instance at 0x7ff0575f90f0>,23,2,[9 4],24,24,26,0,24
1,<environment.Job instance at 0x7ff0575f9320>,26,23,[10  4],27,38,61,11,38
1,<environment.Job instance at 0x7ff013bd4a50>,30,3,[10  4],31,62,65,31,62
1,<environment.Job instance at 0x7ff013bd4c80>,33,1,[6 2],34,80,81,46,80
1,<environment.Job instance at 0x7ff013bd4d20>,34,2,[8 4],35,80,82,45,80
1,<environment.Job instance at 0x7ff013bd4190>,37,18,[5 4],38,93,111,55,93
1,<environment.Job instance at 0x7ff013bd47d0>,38,12,[6 1],39,93,105,54,93
1,<environment.Job instance at 0x7ff013bd4e60>,41,17,[7 2],42,107,124,65,107
1,<environment.Job instance at 0x7ff0575b5050>,42,1,[2 7],43,107,108,64,107
1,<environment.Job instance at 0x7ff0575b56e0>,46,14,[1 5],47,129,143,82,129
1,<environment.Job instance at 0x7ff0575b5e60>,47,1,[4 8],48,129,130,81,129
1,<environment.Job instance at 0x7ff0575b50f0>,48,2,[10  1],49,129,131,80,129
1,<environment.Job instance at 0x7ff0575b52d0>,49,25,[8 3],50,131,156,81,129
1,<environment.Job instance at 0x7ff0575b5b90>,50,2,[5 5],51,131,133,80,129
1,<environment.Job instance at 0x7ff0575b5dc0>,52,24,[11  1],53,156,180,103,151
1,<environment.Job instance at 0x7ff013ab5f00>,62,18,[10  1],63,182,200,119,182
1,<environment.Job instance at 0x7ff013ab5640>,63,2,[4 8],64,182,184,118,182
1,<environment.Job instance at 0x7ff013ab59b0>,64,1,[ 3 10],65,184,185,119,182
1,<environment.Job instance at 0x7ff013ab5b40>,66,3,[7 4],67,200,203,133,183
1,<environment.Job instance at 0x7ff013ab50f0>,67,1,[8 2],68,200,201,132,183
1,<environment.Job instance at 0x7ff013ab5050>,68,2,[8 3],69,201,203,132,183
1,<environment.Job instance at 0x7ff05a37d820>,14,1,[ 5 14],15,15,16,0,15
1,<environment.Job instance at 0x7ff059df75a0>,16,21,[3 7],17,17,38,0,17
1,<environment.Job instance at 0x7ff05a38e5a0>,18,28,[8 3],19,19,47,0,19
1,<environment.Job instance at 0x7ff05a346f50>,19,20,[1 9],20,38,58,18,30
1,<environment.Job instance at 0x7ff05a3667d0>,13,2,[12  1],14,47,49,33,37
1,<environment.Job instance at 0x7ff013b255f0>,27,2,[13  1],28,59,61,31,59
1,<environment.Job instance at 0x7ff013b253c0>,29,18,[3 8],30,65,83,35,65
1,<environment.Job instance at 0x7ff013b259b0>,30,2,[4 9],31,83,85,52,65
1,<environment.Job instance at 0x7ff013b60d20>,34,1,[11  3],35,78,79,43,78
1,<environment.Job instance at 0x7ff0140de190>,39,3,[5 6],40,104,107,64,104
1,<environment.Job instance at 0x7ff0140de730>,40,2,[2 9],41,104,106,63,104
1,<environment.Job instance at 0x7ff0140debe0>,42,27,[9 1],43,106,133,63,104
1,<environment.Job instance at 0x7ff013b26d70>,45,1,[9 3],46,133,134,87,121
1,<environment.Job instance at 0x7ff013b26730>,46,21,[12  2],47,134,155,87,126
1,<environment.Job instance at 0x7ff013b26500>,49,20,[2 8],50,140,160,90,140
1,<environment.Job instance at 0x7ff013b5bb40>,51,19,[5 5],52,172,191,120,172
1,<environment.Job instance at 0x7ff0140b9320>,56,2,[12  3],57,225,227,168,225
1,<environment.Job instance at 0x7ff013b57a50>,61,23,[5 9],62,236,259,174,236
1,<environment.Job instance at 0x7f16e73d8280>,3,22,[2 5],4,4,26,0,4
1,<environment.Job instance at 0x7f16e73d8870>,10,22,[8 1],11,11,33,0,11
1,<environment.Job instance at 0x7f16e73d8af0>,12,23,[6 4],13,26,49,13,20
1,<environment.Job instance at 0x7f16e73d8b40>,14,21,[8 1],15,33,54,18,25
1,<environment.Job instance at 0x7f16e73d8e60>,18,26,[7 4],19,49,75,30,46
1,<environment.Job instance at 0x7f16e73d8fa0>,19,25,[5 9],20,54,79,34,50
1,<environment.Job instance at 0x7f16e73db910>,29,2,[4 7],30,79,81,49,74
1,<environment.Job instance at 0x7f16e73db960>,30,26,[9 4],31,75,101,44,74
1,<environment.Job instance at 0x7f16e73dbaf0>,31,1,[ 2 14],32,101,102,69,85
1,<environment.Job instance at 0x7f16e73dbb90>,32,21,[5 9],33,102,123,69,94
1,<environment.Job instance at 0x7f16e73dbc30>,33,26,[3 6],34,102,128,68,99
1,<environment.Job instance at 0x7f16e73dba00>,40,26,[ 1 10],41,128,154,87,125
1,<environment.Job instance at 0x7f16e73dba50>,41,1,[7 1],42,126,127,84,126
1,<environment.Job instance at 0x7f16e73dd550>,46,2,[3 5],47,130,132,83,130
1,<environment.Job instance at 0x7f16e73ddaa0>,50,2,[5 6],51,154,156,103,143
1,<environment.Job instance at 0x7f16e73ddd70>,51,2,[5 3],52,143,145,91,143
1,<environment.Job instance at 0x7f16e73dde10>,52,2,[ 2 10],53,156,158,103,143
1,<environment.Job instance at 0x7f16e73ddd20>,53,3,[2 9],54,158,161,104,144
1,<environment.Job instance at 0x7f16e73df140>,59,19,[1 7],60,167,186,107,167
1,<environment.Job instance at 0x7f16e73df190>,61,1,[7 5],62,167,168,105,167
1,<environment.Job instance at 0x7f16e73df370>,65,1,[5 8],66,174,175,108,174
1,<environment.Job instance at 0x7f16e73df410>,70,1,[5 4],71,201,202,130,201
1,<environment.Job instance at 0x7f16e73dfaf0>,71,2,[5 1],72,201,203,129,201
1,<environment.Job instance at 0x7f16e73dfaa0>,73,2,[9 3],74,202,204,128,202
1,<environment.Job instance at 0x7f16e73dfeb0>,74,2,[1 7],75,202,204,127,202
1,<environment.Job instance at 0x7f16e73dd5a0>,2,21,[4 8],3,3,24,0,3
1,<environment.Job instance at 0x7f16ec957550>,13,25,[ 1 10],14,24,49,10,20
1,<environment.Job instance at 0x7f16ec80fe10>,24,1,[ 1 10],25,49,50,24,49
1,<environment.Job instance at 0x7f16ec80fb40>,26,1,[4 8],27,55,56,28,55
1,<environment.Job instance at 0x7f16ec80f8c0>,29,27,[3 9],30,65,92,35,65
1,<environment.Job instance at 0x7f16ec9610f0>,30,23,[5 1],31,65,88,34,65
1,<environment.Job instance at 0x7f16ec9613c0>,34,1,[9 2],35,88,89,53,83
1,<environment.Job instance at 0x7f16ec961960>,39,28,[7 5],40,99,127,59,99
1,<environment.Job instance at 0x7f16ec961780>,43,3,[10  1],44,127,130,83,119
1,<environment.Job instance at 0x7f16ec953fa0>,44,1,[6 1],45,119,120,74,119
1,<environment.Job instance at 0x7f16ec9530f0>,45,2,[7 4],46,120,122,74,120
1,<environment.Job instance at 0x7f16ec953be0>,46,2,[1 6],47,120,122,73,120
1,<environment.Job instance at 0x7f16ec9538c0>,48,1,[7 1],49,122,123,73,120
1,<environment.Job instance at 0x7f16ec961870>,40,19,[ 5 12],41,127,146,86,126
1,<environment.Job instance at 0x7f16e7372140>,53,2,[ 5 10],54,146,148,92,146
1,<environment.Job instance at 0x7f16ec9617d0>,37,3,[ 3 13],38,150,153,112,150
1,<environment.Job instance at 0x7f16ec86e5a0>,56,1,[9 5],57,153,154,96,150
1,<environment.Job instance at 0x7f16ec86eb40>,57,28,[ 2 10],58,153,181,95,152
1,<environment.Job instance at 0x7f16ec86eaf0>,59,1,[5 5],60,154,155,94,152
1,<environment.Job instance at 0x7f16ec960230>,64,20,[13  4],65,165,185,100,165
1,<environment.Job instance at 0x7f16ec9606e0>,70,12,[5 1],71,185,197,114,184
1,<environment.Job instance at 0x7f16ec960fa0>,71,22,[5 6],72,185,207,113,184
1,<environment.Job instance at 0x7f16ec950cd0>,72,1,[9 2],73,197,198,124,184
1,<environment.Job instance at 0x7f16ec950550>,73,1,[12  5],74,207,208,133,184
1,<environment.Job instance at 0x7f16ec950b40>,74,1,[8 3],75,198,199,123,184
1,<environment.Job instance at 0x7f16ec950690>,77,21,[10  4],78,208,229,130,202
1,<environment.Job instance at 0x7f16a16c60f0>,0,24,[1 5],1,1,25,0,1
1,<environment.Job instance at 0x7f16ec9505a0>,2,20,[10  5],3,3,23,0,3
1,<environment.Job instance at 0x7f16a16fe1e0>,13,24,[3 7],14,23,47,9,18
1,<environment.Job instance at 0x7f16a16fe690>,24,19,[6 2],25,49,68,24,49
1,<environment.Job instance at 0x7f16a16ae640>,28,27,[ 3 12],29,53,80,24,53
1,<environment.Job instance at 0x7f16a16aea50>,34,26,[3 9],35,80,106,45,77
1,<environment.Job instance at 0x7f16a16ae050>,38,21,[2 7],39,106,127,67,98
1,<environment.Job instance at 0x7f16a16aed70>,40,23,[4 7],41,106,129,65,100
1,<environment.Job instance at 0x7f16a170d8c0>,48,20,[ 2 10],49,129,149,80,120
1,<environment.Job instance at 0x7f16a170d460>,50,1,[14  4],51,149,150,98,121
1,<environment.Job instance at 0x7f16a170daf0>,53,1,[4 8],54,150,151,96,133
1,<environment.Job instance at 0x7f16a1729f00>,55,21,[1 6],56,149,170,93,141
1,<environment.Job instance at 0x7f16a170de10>,45,19,[ 1 10],46,170,189,124,160
1,<environment.Job instance at 0x7f16a1729c80>,58,23,[1 9],59,189,212,130,183
1,<environment.Job instance at 0x7f16a17ddaa0>,66,2,[10  2],67,215,217,148,215
1,<environment.Job instance at 0x7f16a17dd4b0>,68,19,[4 7],69,219,238,150,219
1,<environment.Job instance at 0x7f16a16dcd20>,5,27,[6 1],6,6,33,0,6
1,<environment.Job instance at 0x7f16a16dc500>,6,1,[4 7],7,7,8,0,7
1,<environment.Job instance at 0x7f16a16dce60>,8,3,[5 1],9,10,13,1,10
1,<environment.Job instance at 0x7f16a16dc960>,12,23,[1 8],13,13,36,0,13
1,<environment.Job instance at 0x7f16a16dc230>,13,1,[9 5],14,33,34,19,14
1,<environment.Job instance at 0x7f16a1caa6e0>,23,26,[5 3],24,34,60,10,31
1,<environment.Job instance at 0x7f16a16980a0>,27,1,[4 6],28,38,39,10,38
1,<environment.Job instance at 0x7f16a1698f50>,31,3,[5 9],32,54,57,22,54
1,<environment.Job instance at 0x7f16a1698640>,35,2,[5 8],36,67,69,31,67
1,<environment.Job instance at 0x7f16a1b92f50>,38,20,[5 2],39,82,102,43,82
1,<environment.Job instance at 0x7f16a1b927d0>,39,26,[2 8],40,82,108,42,82
1,<environment.Job instance at 0x7f16a1b92c30>,41,20,[ 4 10],42,108,128,66,99
1,<environment.Job instance at 0x7f16a1b92e60>,47,27,[9 5],48,113,140,65,113
1,<environment.Job instance at 0x7f16a1b92fa0>,50,2,[4 9],51,128,130,77,128
1,<environment.Job instance at 0x7f16a1b92d20>,52,2,[2 9],53,130,132,77,129
1,<environment.Job instance at 0x7f16a1b588c0>,55,1,[6 3],56,139,140,83,139
1,<environment.Job instance at 0x7f16a1b586e0>,57,1,[1 5],58,141,142,83,141
1,<environment.Job instance at 0x7f16ec94da50>,62,25,[ 3 11],63,158,183,95,158
1,<environment.Job instance at 0x7f16a16895f0>,76,1,[9 2],77,219,220,142,219
1,<environment.Job instance at 0x7f16a1acd8c0>,5,27,[4 5],6,6,33,0,6
1,<environment.Job instance at 0x7f16a1acdeb0>,12,20,[4 9],13,13,33,0,13
1,<environment.Job instance at 0x7f16a1ad2c30>,24,21,[4 9],25,33,54,8,31
1,<environment.Job instance at 0x7f16a1ad2dc0>,29,1,[ 4 11],30,76,77,46,76
1,<environment.Job instance at 0x7f16a1add460>,31,2,[4 5],32,116,118,84,116
1,<environment.Job instance at 0x7f16a1add3c0>,32,1,[ 4 10],33,116,117,83,116
1,<environment.Job instance at 0x7f16a1add500>,33,3,[7 5],34,117,120,83,116
1,<environment.Job instance at 0x7f16a1add5a0>,35,2,[6 3],36,118,120,82,116
1,<environment.Job instance at 0x7f16a1add640>,36,25,[2 8],37,120,145,83,116
1,<environment.Job instance at 0x7f16a1add6e0>,39,2,[8 2],40,137,139,97,137
1,<environment.Job instance at 0x7f16a1add8c0>,40,26,[8 3],41,139,165,98,137
1,<environment.Job instance at 0x7f16a1addbe0>,47,3,[10  5],48,169,172,121,169
1,<environment.Job instance at 0x7f16a1addf00>,49,2,[5 3],50,192,194,142,192
1,<environment.Job instance at 0x7f16a1ada0f0>,53,2,[10  2],54,287,289,233,287
1,<environment.Job instance at 0x7f16a1ada1e0>,54,2,[11  3],55,289,291,234,287
1,<environment.Job instance at 0x7f16a1ada4b0>,56,2,[2 7],57,288,290,231,288
1,<environment.Job instance at 0x7f16a1ada320>,58,1,[9 5],59,327,328,268,327
1,<environment.Job instance at 0x7f16a1ada820>,63,3,[2 8],64,450,453,386,450
1,<environment.Job instance at 0x7f16a1adaa50>,2,27,[8 3],3,3,30,0,3
1,<environment.Job instance at 0x7f16e9a519b0>,6,27,[2 6],7,7,34,0,7
1,<environment.Job instance at 0x7f16e9e0a690>,17,1,[2 8],18,30,31,12,21
1,<environment.Job instance at 0x7f16a1a6d550>,23,1,[7 1],24,34,35,10,34
1,<environment.Job instance at 0x7f16a1a6d370>,26,21,[ 4 10],27,37,58,10,37
1,<environment.Job instance at 0x7f16a1a6ddc0>,27,23,[2 8],28,58,81,30,52
1,<environment.Job instance at 0x7f16a1a6d960>,28,3,[11  1],29,57,60,28,57
1,<environment.Job instance at 0x7f16e9e169b0>,33,1,[5 8],34,81,82,47,61
1,<environment.Job instance at 0x7f16a1a6d0a0>,29,19,[13  3],30,86,105,56,86
1,<environment.Job instance at 0x7f16e9e16870>,37,1,[7 2],38,105,106,67,86
1,<environment.Job instance at 0x7f16e9e16f50>,40,25,[6 4],41,105,130,64,101
1,<environment.Job instance at 0x7f16e9e16d20>,42,3,[14  5],43,141,144,98,141
1,<environment.Job instance at 0x7f16a1a66fa0>,44,24,[5 5],45,144,168,99,141
1,<environment.Job instance at 0x7f16a1a66640>,45,3,[8 5],46,144,147,98,141
1,<environment.Job instance at 0x7f16a1a66d70>,48,28,[ 5 10],49,147,175,98,146
1,<environment.Job instance at 0x7f16a1a663c0>,52,1,[4 8],53,175,176,122,155
1,<environment.Job instance at 0x7f16a1a66780>,53,3,[10  3],54,168,171,114,155
1,<environment.Job instance at 0x7f16a1a66b90>,59,2,[ 5 14],60,204,206,144,204
1,<environment.Job instance at 0x7f16e9d517d0>,61,2,[7 2],62,212,214,150,212
1,<environment.Job instance at 0x7f16e9d51190>,62,2,[4 9],63,212,214,149,212
1,<environment.Job instance at 0x7f16e9d51eb0>,69,1,[9 2],70,254,255,184,254
1,<environment.Job instance at 0x7f16e9b96190>,6,2,[ 3 10],7,7,9,0,7
1,<environment.Job instance at 0x7f16e789e910>,11,2,[14  5],12,12,14,0,12
1,<environment.Job instance at 0x7f16e789e550>,14,2,[9 4],15,15,17,0,15
1,<environment.Job instance at 0x7f16a1678820>,18,2,[9 3],19,26,28,7,26
1,<environment.Job instance at 0x7f16a1678870>,19,3,[4 7],20,26,29,6,26
1,<environment.Job instance at 0x7f16a1678dc0>,20,1,[4 8],21,28,29,7,26
1,<environment.Job instance at 0x7f16e9e5ae10>,25,2,[9 1],26,48,50,22,48
1,<environment.Job instance at 0x7f16e77950f0>,26,22,[1 8],27,48,70,21,48
1,<environment.Job instance at 0x7f16e77959b0>,27,28,[5 9],28,70,98,42,69
1,<environment.Job instance at 0x7f16e9b446e0>,37,28,[9 1],38,97,125,59,97
1,<environment.Job instance at 0x7f16e9b44cd0>,42,26,[5 8],43,111,137,68,111
1,<environment.Job instance at 0x7f16e9b44f50>,46,2,[ 5 13],47,137,139,90,124
1,<environment.Job instance at 0x7f16e9f30140>,47,1,[6 2],48,125,126,77,124
1,<environment.Job instance at 0x7f16ea08f190>,51,1,[13  4],52,139,140,87,128
1,<environment.Job instance at 0x7f16e75072d0>,53,22,[3 5],54,140,162,86,133
1,<environment.Job instance at 0x7f16e72fad20>,56,3,[6 3],57,147,150,90,147
1,<environment.Job instance at 0x7f16e72fa2d0>,57,28,[ 5 10],58,150,178,92,149
1,<environment.Job instance at 0x7f16e72fa0f0>,58,2,[12  3],59,178,180,119,169
1,<environment.Job instance at 0x7f16e72fab90>,60,22,[7 1],61,180,202,119,173
1,<environment.Job instance at 0x7f16e9b985a0>,62,21,[5 7],63,180,201,117,175
1,<environment.Job instance at 0x7f16a19e0af0>,70,3,[10  1],71,202,205,131,202
1,<environment.Job instance at 0x7f16e9914960>,76,2,[2 6],77,234,236,157,234
1,<environment.Job instance at 0x7f16e7542b40>,77,1,[5 1],78,234,235,156,234
1,<environment.Job instance at 0x7f16e9914dc0>,78,1,[10  1],79,235,236,156,234
1,<environment.Job instance at 0x7f16e725ef50>,0,26,[3 7],1,1,27,0,1
1,<environment.Job instance at 0x7f16a15b6fa0>,6,1,[10  1],7,7,8,0,7
1,<environment.Job instance at 0x7f16a15b6eb0>,9,1,[12  2],10,10,11,0,10
1,<environment.Job instance at 0x7f16a15a65a0>,12,24,[1 9],13,27,51,14,22
1,<environment.Job instance at 0x7f16a15a6550>,15,1,[1 8],16,23,24,7,23
1,<environment.Job instance at 0x7f16a15a6730>,17,2,[3 7],18,51,53,33,27
1,<environment.Job instance at 0x7f16a15a67d0>,18,2,[1 6],19,27,29,8,27
1,<environment.Job instance at 0x7f16a15a6870>,19,3,[7 2],20,29,32,9,27
1,<environment.Job instance at 0x7f16a15a69b0>,21,27,[7 1],22,31,58,9,31
1,<environment.Job instance at 0x7f16a15a6cd0>,22,26,[ 3 10],23,53,79,30,50
1,<environment.Job instance at 0x7f16a15a6c80>,23,2,[ 3 13],24,79,81,55,52
1,<environment.Job instance at 0x7f16a15a6d70>,24,1,[3 5],25,52,53,27,52
1,<environment.Job instance at 0x7f16a15a6f50>,25,21,[ 2 10],26,81,102,55,73
1,<environment.Job instance at 0x7f16a15a70a0>,27,1,[ 3 14],28,102,103,74,93
1,<environment.Job instance at 0x7f16a15a7500>,4,1,[2 8],5,5,6,0,5
1,<environment.Job instance at 0x7f16e7809500>,13,24,[8 5],14,32,56,18,32
1,<environment.Job instance at 0x7f16a1593b90>,19,15,[1 6],20,78,93,58,78
1,<environment.Job instance at 0x7f16a16c6fa0>,24,2,[2 7],25,78,80,53,78
1,<environment.Job instance at 0x7f16e9b4b230>,26,3,[14  2],27,80,83,53,78
1,<environment.Job instance at 0x7f16a1ba59b0>,28,20,[3 9],29,90,110,61,90
1,<environment.Job instance at 0x7f16ea07b5a0>,29,1,[5 5],30,93,94,63,90
1,<environment.Job instance at 0x7f16e9b3a0f0>,32,3,[3 7],33,110,113,77,102
1,<environment.Job instance at 0x7f16a1625c80>,34,17,[3 5],35,116,133,81,116
1,<environment.Job instance at 0x7f16a16250f0>,35,2,[8 3],36,116,118,80,116
1,<environment.Job instance at 0x7f16a181ac30>,37,21,[4 8],38,118,139,80,117
1,<environment.Job instance at 0x7f16a181a550>,38,23,[3 9],39,139,162,100,133
1,<environment.Job instance at 0x7f16e7754af0>,40,2,[10  4],41,135,137,94,135
1,<environment.Job instance at 0x7f16e7188cd0>,50,2,[ 1 11],51,184,186,133,184
1,<environment.Job instance at 0x7f16e74e8f50>,51,3,[8 3],52,184,187,132,184
1,<environment.Job instance at 0x7f16e7188550>,52,1,[ 3 10],53,186,187,133,184
1,<environment.Job instance at 0x7f16a1a18be0>,53,3,[3 8],54,187,190,133,184
1,<environment.Job instance at 0x7f16a1a186e0>,54,2,[3 6],55,187,189,132,184
1,<environment.Job instance at 0x7f16a1a189b0>,56,3,[ 4 10],57,190,193,133,186
1,<environment.Job instance at 0x7f16a1a58960>,3,27,[3 5],4,4,31,0,4
1,<environment.Job instance at 0x7f16e74dd7d0>,4,1,[12  4],5,7,8,2,7
1,<environment.Job instance at 0x7f16e9eb1d70>,11,2,[4 5],12,15,17,3,15
1,<environment.Job instance at 0x7f16e74dd6e0>,5,2,[14  1],6,31,33,25,19
1,<environment.Job instance at 0x7f16a1bc6780>,19,3,[3 7],20,33,36,13,29
1,<environment.Job instance at 0x7f16e78022d0>,24,1,[4 7],25,40,41,15,40
1,<environment.Job instance at 0x7f16a1a797d0>,26,27,[10  4],27,40,67,13,40
1,<environment.Job instance at 0x7f16a18d75f0>,30,1,[ 5 11],31,55,56,24,55
1,<environment.Job instance at 0x7f16e73f8dc0>,32,25,[7 3],33,67,92,34,63
1,<environment.Job instance at 0x7f16e73f81e0>,33,3,[ 1 10],34,63,66,29,63
1,<environment.Job instance at 0x7f16e73f85f0>,35,2,[ 2 10],36,69,71,33,69
1,<environment.Job instance at 0x7f16e9bd95a0>,25,18,[3 9],26,77,95,51,77
1,<environment.Job instance at 0x7f16e75c9eb0>,42,2,[3 9],43,107,109,64,107
1,<environment.Job instance at 0x7f16e75c9550>,44,3,[9 2],45,108,111,63,108
1,<environment.Job instance at 0x7f16e75c95f0>,47,3,[2 7],48,113,116,65,113
1,<environment.Job instance at 0x7f16e9b44d70>,50,3,[ 1 10],51,129,132,78,129
1,<environment.Job instance at 0x7f16a1ba8820>,51,2,[ 2 10],52,132,134,80,129
1,<environment.Job instance at 0x7f16a1cae5f0>,56,1,[2 8],57,138,139,81,138
1,<environment.Job instance at 0x7f16ea0c97d0>,63,1,[6 2],64,169,170,105,169
1,<environment.Job instance at 0x7f16ea0c9780>,64,2,[2 7],65,169,171,104,169
1,<environment.Job instance at 0x7f16ec80f2d0>,65,26,[4 8],66,170,196,104,169
1,<environment.Job instance at 0x7f16a1a87b90>,66,20,[4 8],67,196,216,129,187
1,<environment.Job instance at 0x7f16e9e77640>,67,3,[4 6],68,187,190,119,187
1,<environment.Job instance at 0x7f16e71595a0>,70,25,[5 4],71,190,215,119,187
1,<environment.Job instance at 0x7f16e71598c0>,71,21,[5 5],72,215,236,143,207
1,<environment.Job instance at 0x7f16e758da00>,75,25,[5 7],76,216,241,140,212
1,<environment.Job instance at 0x7f16a188ec80>,77,22,[5 8],78,236,258,158,229
1,<environment.Job instance at 0x7f16e75c91e0>,3,27,[8 5],4,4,31,0,4
1,<environment.Job instance at 0x7f16a17a47d0>,11,2,[3 5],12,22,24,10,22
1,<environment.Job instance at 0x7f16a17a4a00>,12,1,[5 5],13,24,25,11,23
1,<environment.Job instance at 0x7f16a17a4c30>,13,24,[3 5],14,25,49,11,23
1,<environment.Job instance at 0x7f16a17a4aa0>,9,1,[12  4],10,31,32,21,29
1,<environment.Job instance at 0x7f16a17a4f50>,19,1,[6 2],20,44,45,24,44
1,<environment.Job instance at 0x7f16a17cb2d0>,22,3,[9 4],23,49,52,26,49
1,<environment.Job instance at 0x7f16a17cb3c0>,24,27,[1 8],25,59,86,34,59
1,<environment.Job instance at 0x7f16a17cb1e0>,25,3,[6 4],26,59,62,33,59
1,<environment.Job instance at 0x7f16a17cba50>,29,1,[4 5],30,62,63,32,60
1,<environment.Job instance at 0x7f16a17cbe10>,34,23,[4 5],35,70,93,35,70
1,<environment.Job instance at 0x7f16a17cd230>,40,1,[1 7],41,105,106,64,105
1,<environment.Job instance at 0x7f16a17cd2d0>,41,1,[9 4],42,105,106,63,105
1,<environment.Job instance at 0x7f16a17cd370>,42,2,[3 6],43,106,108,63,105
1,<environment.Job instance at 0x7f16a17cd550>,45,2,[2 9],46,119,121,73,119
1,<environment.Job instance at 0x7f16a17cd780>,46,26,[8 5],47,119,145,72,119
1,<environment.Job instance at 0x7f16a17cd960>,47,2,[4 6],48,121,123,73,119
1,<environment.Job instance at 0x7f16a17cdaa0>,49,20,[6 3],50,127,147,77,127
1,<environment.Job instance at 0x7f16a17cddc0>,52,2,[5 1],53,145,147,92,129
1,<environment.Job instance at 0x7f16a17cde60>,53,20,[5 3],54,147,167,93,138
1,<environment.Job instance at 0x7f16a17cdbe0>,57,3,[ 4 10],58,145,148,87,145
1,<environment.Job instance at 0x7f16a17ce8c0>,62,2,[5 2],63,176,178,113,176
1,<environment.Job instance at 0x7f16a17ceaa0>,65,2,[10  1],66,178,180,112,178
1,<environment.Job instance at 0x7f16a17cec30>,67,22,[10  1],68,190,212,122,190
1,<environment.Job instance at 0x7f16e77d15a0>,9,22,[7 3],10,10,32,0,10
1,<environment.Job instance at 0x7f16e99a2320>,7,1,[ 4 12],8,11,12,3,11
1,<environment.Job instance at 0x7f16e77d1730>,12,25,[7 5],13,13,38,0,13
1,<environment.Job instance at 0x7f16e77d19b0>,13,2,[14  5],14,38,40,24,38
1,<environment.Job instance at 0x7f16e77d16e0>,14,2,[13  4],15,40,42,25,38
1,<environment.Job instance at 0x7f16a1ba3b40>,21,1,[3 5],22,42,43,20,38
1,<environment.Job instance at 0x7f16a1ba3730>,24,1,[6 4],25,42,43,17,38
1,<environment.Job instance at 0x7f16a1ba38c0>,26,18,[5 8],27,47,65,20,47
1,<environment.Job instance at 0x7f16ec71ce10>,31,18,[8 1],32,73,91,41,73
1,<environment.Job instance at 0x7f16ec71ce60>,33,20,[8 4],34,91,111,57,82
1,<environment.Job instance at 0x7f16a161d6e0>,34,2,[7 1],35,82,84,47,82
1,<environment.Job instance at 0x7f16a161d5f0>,35,3,[2 6],36,84,87,48,82
1,<environment.Job instance at 0x7f16a161dfa0>,36,1,[1 6],37,84,85,47,82
1,<environment.Job instance at 0x7f16a161dc80>,37,27,[8 5],38,111,138,73,109
1,<environment.Job instance at 0x7f16e7355230>,38,1,[6 5],39,109,110,70,109
1,<environment.Job instance at 0x7f16a1a68a00>,44,1,[5 2],45,113,114,68,113
1,<environment.Job instance at 0x7f16e9bc1a00>,49,2,[ 2 12],50,138,140,88,133
1,<environment.Job instance at 0x7f16ec7c94b0>,52,24,[4 6],53,150,174,97,150
1,<environment.Job instance at 0x7f16a189f5a0>,54,18,[5 2],55,156,174,101,156
1,<environment.Job instance at 0x7f16e789ec30>,0,25,[10  4],1,1,26,0,1
1,<environment.Job instance at 0x7f16e722b500>,20,3,[9 1],21,48,51,27,48
1,<environment.Job instance at 0x7f16e722bc30>,21,2,[13  4],22,51,53,29,48
1,<environment.Job instance at 0x7f16a1821d20>,25,2,[ 3 10],26,62,64,36,62
1,<environment.Job instance at 0x7f16a1821e60>,26,20,[10  4],27,62,82,35,62
1,<environment.Job instance at 0x7f16a18218c0>,27,2,[10  5],28,82,84,54,62
1,<environment.Job instance at 0x7f16a1821320>,30,27,[ 3 13],31,84,111,53,82
1,<environment.Job instance at 0x7f16a1882640>,33,27,[1 7],34,111,138,77,109
1,<environment.Job instance at 0x7f16a18824b0>,37,1,[ 4 10],38,138,139,100,111
1,<environment.Job instance at 0x7f16e9abaaa0>,40,1,[12  1],41,117,118,76,117
1,<environment.Job instance at 0x7f16e9abae60>,41,25,[9 1],42,118,143,76,117
1,<environment.Job instance at 0x7f16e9aba410>,50,27,[5 4],51,175,202,124,175
1,<environment.Job instance at 0x7f16e9abae10>,51,28,[7 5],52,175,203,123,175
1,<environment.Job instance at 0x7f16e9abadc0>,53,28,[8 2],54,202,230,148,201
1,<environment.Job instance at 0x7f16a1829b40>,65,2,[7 1],66,226,228,160,226
1,<environment.Job instance at 0x7f16a1829050>,66,2,[2 6],67,228,230,161,226
1,<environment.Job instance at 0x7f16a1829140>,71,1,[ 5 14],72,242,243,170,242
1,<environment.Job instance at 0x7f16ea08b0f0>,72,1,[7 1],73,242,243,169,242
1,<environment.Job instance at 0x7f16ea08b230>,73,19,[7 1],74,243,262,169,243
1,<environment.Job instance at 0x7f16ea08b7d0>,76,1,[4 5],77,256,257,179,256
1,<environment.Job instance at 0x7f16e71f1550>,3,27,[5 1],4,4,31,0,4
1,<environment.Job instance at 0x7f16e9eec8c0>,6,2,[ 5 12],7,18,20,11,18
1,<environment.Job instance at 0x7f16e71c6cd0>,19,3,[4 7],20,49,52,29,49
1,<environment.Job instance at 0x7f16e71e6230>,22,3,[8 4],23,55,58,32,55
1,<environment.Job instance at 0x7f16e71e6370>,24,3,[3 5],25,66,69,41,66
1,<environment.Job instance at 0x7f16a15910a0>,25,2,[8 3],26,66,68,40,66
1,<environment.Job instance at 0x7f16e71d6b90>,27,26,[3 7],28,69,95,41,69
1,<environment.Job instance at 0x7f16a156e1e0>,29,1,[4 9],30,95,96,65,73
1,<environment.Job instance at 0x7f16a1565aa0>,35,1,[8 4],36,83,84,47,83
1,<environment.Job instance at 0x7f16e9acc0f0>,37,1,[ 2 11],38,96,97,58,89
1,<environment.Job instance at 0x7f16e7787af0>,39,25,[3 8],40,97,122,57,93
1,<environment.Job instance at 0x7f16a1968910>,43,3,[2 7],44,107,110,63,107
1,<environment.Job instance at 0x7f16e9a98500>,46,1,[6 4],47,110,111,63,107
1,<environment.Job instance at 0x7f16e7457c30>,47,28,[4 9],48,122,150,74,121
1,<environment.Job instance at 0x7f16e9ad0eb0>,48,1,[3 8],49,150,151,101,122
1,<environment.Job instance at 0x7f16a19925a0>,49,1,[10  3],50,122,123,72,122
1,<environment.Job instance at 0x7f16a1992d20>,50,1,[3 6],51,123,124,72,122
1,<environment.Job instance at 0x7f16e99a7aa0>,53,2,[5 9],54,151,153,97,124
1,<environment.Job instance at 0x7f16e743bdc0>,4,21,[8 1],5,5,26,0,5
1,<environment.Job instance at 0x7f16a19fc370>,9,25,[ 3 10],10,10,35,0,10
1,<environment.Job instance at 0x7f16e71cb9b0>,17,23,[9 2],18,26,49,8,20
1,<environment.Job instance at 0x7f16e9f043c0>,24,1,[1 8],25,37,38,12,37
1,<environment.Job instance at 0x7f16e9bc88c0>,27,1,[6 5],28,38,39,10,37
1,<environment.Job instance at 0x7f16e9bc81e0>,29,1,[8 2],30,51,52,21,51
1,<environment.Job instance at 0x7f16a1aeee60>,38,1,[3 8],39,93,94,54,93
1,<environment.Job instance at 0x7f16a1aeeb90>,41,18,[5 5],42,100,118,58,100
1,<environment.Job instance at 0x7f16a1aeef50>,43,24,[4 7],44,110,134,66,110
1,<environment.Job instance at 0x7f16e9e77780>,46,2,[10  1],47,118,120,71,116
1,<environment.Job instance at 0x7f16e9d2d820>,47,1,[7 3],48,120,121,72,116
1,<environment.Job instance at 0x7f16e9d2dc80>,48,23,[ 4 10],49,134,157,85,128
1,<environment.Job instance at 0x7f16e9d2d190>,49,2,[4 6],50,128,130,78,128
1,<environment.Job instance at 0x7f16ec711050>,0,26,[4 8],1,1,27,0,1
1,<environment.Job instance at 0x7f16a1cfdaf0>,11,1,[10  4],12,12,13,0,12
1,<environment.Job instance at 0x7f16a1cfd0a0>,13,18,[8 1],14,20,38,6,20
1,<environment.Job instance at 0x7f16a1cfd5f0>,17,3,[1 6],18,33,36,15,33
1,<environment.Job instance at 0x7f16a13d8050>,20,2,[3 9],21,46,48,25,46
1,<environment.Job instance at 0x7f16a13d89b0>,23,1,[ 3 13],24,55,56,31,55
1,<environment.Job instance at 0x7f16a13d80f0>,25,22,[1 9],26,56,78,30,55
1,<environment.Job instance at 0x7f16a13d87d0>,31,2,[1 5],32,82,84,50,82
1,<environment.Job instance at 0x7f16a13d8c80>,32,3,[9 5],33,82,85,49,82
1,<environment.Job instance at 0x7f16a147f7d0>,34,2,[7 4],35,89,91,54,89
1,<environment.Job instance at 0x7f16a147f910>,35,1,[ 5 13],36,91,92,55,89
1,<environment.Job instance at 0x7f16a147f820>,40,19,[5 4],41,109,128,68,109
1,<environment.Job instance at 0x7f16a147f0f0>,42,3,[5 9],43,118,121,75,118
1,<environment.Job instance at 0x7f16a139f500>,44,24,[5 9],45,127,151,82,127
1,<environment.Job instance at 0x7f16a139faa0>,46,1,[3 9],47,151,152,104,134
1,<environment.Job instance at 0x7f16a139fe60>,47,26,[8 5],48,134,160,86,134
1,<environment.Job instance at 0x7f16a139fb90>,53,26,[7 5],54,161,187,107,161
1,<environment.Job instance at 0x7f16a139f230>,55,2,[13  2],56,187,189,131,181
1,<environment.Job instance at 0x7f16a13ae460>,56,20,[3 6],57,189,209,132,181
1,<environment.Job instance at 0x7f16a13ae5a0>,60,1,[9 3],61,195,196,134,195
1,<environment.Job instance at 0x7f16a13ae3c0>,63,3,[11  3],64,213,216,149,213
1,<environment.Job instance at 0x7f16a13ae820>,64,1,[4 7],65,213,214,148,213
1,<environment.Job instance at 0x7f16a13ae730>,66,1,[1 9],67,214,215,147,214
1,<environment.Job instance at 0x7f16a13ae370>,68,3,[9 2],69,216,219,147,215
1,<environment.Job instance at 0x7f16a14ecd20>,72,1,[7 3],73,228,229,155,228
1,<environment.Job instance at 0x7f16a14eca00>,74,3,[3 9],75,229,232,154,229
1,<environment.Job instance at 0x7f16a14ecc80>,75,2,[4 9],76,232,234,156,229
1,<environment.Job instance at 0x7f16a14ec280>,76,2,[2 8],77,234,236,157,229
1,<environment.Job instance at 0x7f16a1d81550>,6,23,[10  4],7,7,30,0,7
1,<environment.Job instance at 0x7f16a16de320>,10,3,[10  4],11,30,33,19,13
1,<environment.Job instance at 0x7f16e9a8fdc0>,13,1,[6 2],14,33,34,19,25
1,<environment.Job instance at 0x7f16e9a8f2d0>,14,2,[8 4],15,33,35,18,25
1,<environment.Job instance at 0x7f16e9a8f050>,22,1,[2 7],23,71,72,48,71
1,<environment.Job instance at 0x7f16e9a91960>,27,1,[4 8],28,94,95,66,94
1,<environment.Job instance at 0x7f16e9a67d70>,28,2,[10  1],29,94,96,65,94
1,<environment.Job instance at 0x7f16e9a67e10>,29,25,[8 3],30,96,121,66,94
1,<environment.Job instance at 0x7f16e9a67500>,30,2,[5 5],31,95,97,64,94
1,<environment.Job instance at 0x7f16e9a68640>,32,24,[11  1],33,121,145,88,116
1,<environment.Job instance at 0x7f16e9a5faf0>,34,18,[8 2],35,145,163,110,140
1,<environment.Job instance at 0x7f16a18280f0>,43,2,[4 8],44,144,146,100,144
1,<environment.Job instance at 0x7f16a1828e10>,44,1,[ 3 10],45,146,147,101,144
1,<environment.Job instance at 0x7f16a1cb8820>,47,1,[8 2],48,163,164,115,147
1,<environment.Job instance at 0x7f16a1cb80f0>,48,2,[8 3],49,164,166,115,147
1,<environment.Job instance at 0x7f16a1d44f50>,49,1,[ 3 10],50,147,148,97,147
1,<environment.Job instance at 0x7f16a139f5f0>,50,2,[8 2],51,166,168,115,147
1,<environment.Job instance at 0x7f16a1d42230>,52,1,[4 6],53,161,162,108,161
1,<environment.Job instance at 0x7f16a184e5f0>,54,1,[5 8],55,165,166,110,165
1,<environment.Job instance at 0x7f16a1d5c9b0>,55,3,[7 3],56,167,170,111,167
1,<environment.Job instance at 0x7f16a1d5ca50>,56,2,[5 5],57,168,170,111,167
1,<environment.Job instance at 0x7f16a1d5ca00>,57,3,[ 1 10],58,170,173,112,168
1,<environment.Job instance at 0x7f16a1d59370>,59,2,[10  1],60,178,180,118,178
1,<environment.Job instance at 0x7f16a1d59050>,60,3,[8 2],61,180,183,119,178
1,<environment.Job instance at 0x7f16a1d595a0>,63,2,[12  1],64,192,194,128,192
1,<environment.Job instance at 0x7f16a1d59870>,64,1,[ 5 14],65,194,195,129,192
1,<environment.Job instance at 0x7f16a1d59230>,66,21,[3 7],67,195,216,128,194
1,<environment.Job instance at 0x7f16a1d59e10>,68,28,[8 3],69,208,236,139,208
1,<environment.Job instance at 0x7f16a1d59c30>,69,20,[1 9],70,216,236,146,209
1,<environment.Job instance at 0x7f16a176f460>,77,2,[13  1],78,256,258,178,256
1,<environment.Job instance at 0x7f16e7587190>,0,2,[4 9],1,2,4,1,2
1,<environment.Job instance at 0x7f16e9d4d230>,4,1,[11  3],5,6,7,1,6
1,<environment.Job instance at 0x7f16ec3f7230>,10,2,[2 9],11,11,13,0,11
1,<environment.Job instance at 0x7f16ec3f7190>,12,27,[9 1],13,13,40,0,13
1,<environment.Job instance at 0x7f16a19fc2d0>,15,1,[9 3],16,40,41,24,22
1,<environment.Job instance at 0x7f16a1448820>,16,21,[12  2],17,41,62,24,33
1,<environment.Job instance at 0x7f16a1448fa0>,17,2,[1 5],18,33,35,15,33
1,<environment.Job instance at 0x7f16a1ce9fa0>,19,20,[2 8],20,33,53,13,33
1,<environment.Job instance at 0x7f16a1ce9780>,21,19,[5 5],22,62,81,40,52
1,<environment.Job instance at 0x7f16e7736d20>,26,2,[12  3],27,81,83,54,58
1,<environment.Job instance at 0x7f16a1c65230>,28,1,[ 4 10],29,62,63,33,58
1,<environment.Job instance at 0x7f16e9935870>,31,23,[5 9],32,83,106,51,77
1,<environment.Job instance at 0x7f16e9c5af00>,39,3,[ 4 11],40,106,109,66,105
1,<environment.Job instance at 0x7f16e9c5a4b0>,41,26,[7 2],42,105,131,63,105
1,<environment.Job instance at 0x7f16e9c5a500>,42,2,[ 2 13],43,150,152,107,150
1,<environment.Job instance at 0x7f16a1b15b40>,6,2,[3 9],7,7,9,0,7
1,<environment.Job instance at 0x7f16a1b150f0>,10,3,[6 3],11,11,14,0,11
1,<environment.Job instance at 0x7f16a1b15960>,12,2,[5 7],13,13,15,0,13
1,<environment.Job instance at 0x7f16a1b155f0>,13,2,[2 5],14,14,16,0,14
1,<environment.Job instance at 0x7f16a1b15910>,14,2,[2 8],15,15,17,0,15
1,<environment.Job instance at 0x7f16a1930730>,15,22,[9 4],16,16,38,0,16
1,<environment.Job instance at 0x7f16a1930190>,16,1,[1 5],17,17,18,0,17
1,<environment.Job instance at 0x7f16a19303c0>,17,2,[10  1],18,38,40,20,18
1,<environment.Job instance at 0x7f16a1930050>,19,27,[5 8],20,20,47,0,20
1,<environment.Job instance at 0x7f16a1466870>,26,22,[3 8],27,47,69,20,40
1,<environment.Job instance at 0x7f16a14662d0>,28,2,[5 5],29,41,43,12,41
1,<environment.Job instance at 0x7f16a1466960>,29,2,[10  1],30,43,45,13,41
1,<environment.Job instance at 0x7f16a1466af0>,33,1,[5 2],34,45,46,11,45
1,<environment.Job instance at 0x7f16a14669b0>,37,3,[6 4],38,60,63,22,60
1,<environment.Job instance at 0x7f16a1bf5550>,42,1,[14  1],43,88,89,45,88
1,<environment.Job instance at 0x7f16a1bf5cd0>,45,2,[1 6],46,104,106,58,104
1,<environment.Job instance at 0x7f16a1bf5910>,47,1,[9 4],48,114,115,66,114
1,<environment.Job instance at 0x7f16a1bf5b40>,48,24,[8 2],49,115,139,66,114
1,<environment.Job instance at 0x7f16a1bf59b0>,49,27,[ 3 13],50,115,142,65,114
1,<environment.Job instance at 0x7f16a1bf5eb0>,52,18,[1 9],53,142,160,89,141
1,<environment.Job instance at 0x7f16a1bf58c0>,56,24,[13  3],57,145,169,88,145
1,<environment.Job instance at 0x7f16a19596e0>,58,1,[7 4],59,169,170,110,159
1,<environment.Job instance at 0x7f16a1959640>,59,2,[10  1],60,170,172,110,159
1,<environment.Job instance at 0x7f16a19595a0>,61,1,[7 1],62,169,170,107,159
1,<environment.Job instance at 0x7f16a1959870>,63,1,[10  4],64,176,177,112,176
1,<environment.Job instance at 0x7f16a1959550>,65,2,[4 6],66,177,179,111,177
1,<environment.Job instance at 0x7f16a1959f50>,67,1,[9 3],68,194,195,126,194
1,<environment.Job instance at 0x7f16a1959460>,68,3,[2 8],69,194,197,125,194
1,<environment.Job instance at 0x7f16a1959c80>,69,1,[9 1],70,195,196,125,194
1,<environment.Job instance at 0x7f16a1959230>,72,2,[7 2],73,199,201,126,199
1,<environment.Job instance at 0x7f16a19591e0>,73,26,[7 3],74,199,225,125,199
1,<environment.Job instance at 0x7f16a1b070f0>,77,27,[1 8],78,224,251,146,224
1,<environment.Job instance at 0x7f16e78ea730>,5,1,[ 5 10],6,6,7,0,6
1,<environment.Job instance at 0x7f16e78ea3c0>,8,1,[7 2],9,9,10,0,9
1,<environment.Job instance at 0x7f16e78ea500>,10,26,[2 8],11,11,37,0,11
1,<environment.Job instance at 0x7f16e78df730>,20,20,[7 1],21,38,58,17,38
1,<environment.Job instance at 0x7f16e778c190>,24,21,[6 1],25,63,84,38,63
1,<environment.Job instance at 0x7f16e778c140>,26,2,[1 6],27,71,73,44,71
1,<environment.Job instance at 0x7f16e778ccd0>,28,2,[7 4],29,71,73,42,71
1,<environment.Job instance at 0x7f16e778cdc0>,29,1,[2 6],30,73,74,43,71
1,<environment.Job instance at 0x7f16e9bd57d0>,34,1,[8 3],35,101,102,66,101
1,<environment.Job instance at 0x7f16e9bd55a0>,36,3,[5 5],37,101,104,64,101
1,<environment.Job instance at 0x7f16e9bd51e0>,38,1,[7 4],39,119,120,80,119
1,<environment.Job instance at 0x7f16e9bd5f50>,39,2,[3 9],40,119,121,79,119
1,<environment.Job instance at 0x7f16e9bd5cd0>,40,24,[ 4 14],41,121,145,80,119
1,<environment.Job instance at 0x7f16e78ee050>,45,24,[7 4],46,145,169,99,140
1,<environment.Job instance at 0x7f16e78eea50>,48,1,[5 9],49,167,168,118,167
1,<environment.Job instance at 0x7f16e78eee60>,52,2,[7 4],53,187,189,134,187
1,<environment.Job instance at 0x7f16e78ee410>,55,25,[6 2],56,190,215,134,190
1,<environment.Job instance at 0x7f16e78d5c30>,56,2,[ 1 13],57,190,192,133,190
1,<environment.Job instance at 0x7f16e78d5870>,57,3,[3 6],58,192,195,134,191
1,<environment.Job instance at 0x7f16e78d58c0>,60,2,[5 2],61,220,222,159,220
1,<environment.Job instance at 0x7f16e78d5eb0>,63,2,[2 6],64,228,230,164,228
1,<environment.Job instance at 0x7f16e78d5f00>,64,1,[8 1],65,228,229,163,228
1,<environment.Job instance at 0x7f16e78d5c80>,66,26,[10  2],67,232,258,165,232
1,<environment.Job instance at 0x7f16e78d29b0>,72,21,[9 5],73,265,286,192,265
1,<environment.Job instance at 0x7f16e78d2550>,74,1,[12  5],75,286,287,211,265
1,<environment.Job instance at 0x7f16e78d2500>,75,1,[ 2 14],76,287,288,211,268
1,<environment.Job instance at 0x7f16e78d27d0>,77,2,[14  3],78,297,299,219,297
1,<environment.Job instance at 0x7f3b84e3c230>,3,22,[2 5],4,4,26,0,4
1,<environment.Job instance at 0x7f3b81a2c870>,10,22,[8 1],11,11,33,0,11
1,<environment.Job instance at 0x7f3b81a2c8c0>,12,23,[6 4],13,26,49,13,20
1,<environment.Job instance at 0x7f3b81a2cb90>,14,21,[8 1],15,33,54,18,25
1,<environment.Job instance at 0x7f3b81a2ce10>,18,26,[7 4],19,49,75,30,46
1,<environment.Job instance at 0x7f3b81a2ceb0>,19,25,[5 9],20,54,79,34,50
1,<environment.Job instance at 0x7f3b81a2f9b0>,29,2,[4 7],30,79,81,49,74
1,<environment.Job instance at 0x7f3b81a2fa50>,30,26,[9 4],31,75,101,44,74
1,<environment.Job instance at 0x7f3b81a2faf0>,31,1,[ 2 14],32,101,102,69,74
1,<environment.Job instance at 0x7f3b81a2fb90>,32,21,[5 9],33,102,123,69,94
1,<environment.Job instance at 0x7f3b81a2fc30>,33,26,[3 6],34,102,128,68,99
1,<environment.Job instance at 0x7f3b81a2f820>,40,26,[ 1 10],41,128,154,87,125
1,<environment.Job instance at 0x7f3b81a31370>,44,3,[5 1],45,125,128,80,125
1,<environment.Job instance at 0x7f3b81a318c0>,50,2,[5 6],51,154,156,103,145
1,<environment.Job instance at 0x7f3b81a31a50>,52,2,[ 2 10],53,156,158,103,146
1,<environment.Job instance at 0x7f3b81a31af0>,53,3,[2 9],54,158,161,104,149
1,<environment.Job instance at 0x7f3b81a31d20>,56,3,[8 4],57,157,160,100,157
1,<environment.Job instance at 0x7f3b81a315a0>,49,17,[10  2],50,163,180,113,163
1,<environment.Job instance at 0x7f3b81a330a0>,59,19,[1 7],60,163,182,103,163
1,<environment.Job instance at 0x7f3b81a33500>,64,2,[2 8],65,180,182,115,173
1,<environment.Job instance at 0x7f3b81a33730>,65,1,[5 8],66,182,183,116,173
1,<environment.Job instance at 0x7f3b81a33050>,66,2,[7 2],67,182,184,115,173
1,<environment.Job instance at 0x7f3b81a33960>,70,1,[5 4],71,189,190,118,189
1,<environment.Job instance at 0x7f3b81a33af0>,71,2,[5 1],72,189,191,117,189
1,<environment.Job instance at 0x7f3b81a33b90>,72,18,[3 5],73,189,207,116,189
1,<environment.Job instance at 0x7f3b81a33a50>,73,2,[9 3],74,191,193,117,189
1,<environment.Job instance at 0x7f3b81a33f50>,74,2,[1 7],75,190,192,115,189
1,<environment.Job instance at 0x7f3b81a33f00>,75,3,[10  4],76,193,196,117,189
1,<environment.Job instance at 0x7f3b81a33fa0>,76,13,[10  1],77,198,211,121,198
1,<environment.Job instance at 0x7f3b81a36140>,79,19,[10  3],80,211,230,131,203
1,<environment.Job instance at 0x7f3b81a361e0>,80,1,[5 5],81,207,208,126,203
1,<environment.Job instance at 0x7f3b81a36320>,82,21,[4 8],83,211,232,128,211
1,<environment.Job instance at 0x7f3b84fa2780>,3,25,[ 1 10],4,4,29,0,4
1,<environment.Job instance at 0x7f3b84fa9960>,19,27,[3 9],20,29,56,9,27
1,<environment.Job instance at 0x7f3b84fa9910>,20,23,[5 1],21,27,50,6,27
1,<environment.Job instance at 0x7f3b84fab1e0>,29,28,[7 5],30,48,76,18,48
1,<environment.Job instance at 0x7f3b84fab320>,30,19,[ 5 12],31,76,95,45,67
1,<environment.Job instance at 0x7f3b84fb5a50>,43,2,[ 5 10],44,97,99,53,97
1,<environment.Job instance at 0x7f3b84faf4b0>,46,1,[9 5],47,101,102,54,101
1,<environment.Job instance at 0x7f3b84faf5a0>,47,28,[ 2 10],48,101,129,53,101
1,<environment.Job instance at 0x7f3b84faf820>,53,1,[2 7],54,129,130,75,121
1,<environment.Job instance at 0x7f3b84fa70a0>,54,20,[13  4],55,121,141,66,121
1,<environment.Job instance at 0x7f3b84fa76e0>,61,22,[5 6],62,148,170,86,148
1,<environment.Job instance at 0x7f3b84fa1b90>,63,1,[12  5],64,170,171,106,150
1,<environment.Job instance at 0x7f3b84ec2190>,67,21,[10  4],68,171,192,103,163
1,<environment.Job instance at 0x7f3b84fb4550>,70,24,[1 5],71,163,187,92,163
1,<environment.Job instance at 0x7f3b84fb42d0>,72,20,[10  5],73,192,212,119,183
1,<environment.Job instance at 0x7f3b84fa47d0>,83,24,[3 7],84,210,234,126,210
1,<environment.Job instance at 0x7f3b84fa4230>,84,19,[3 8],85,212,231,127,210
1,<environment.Job instance at 0x7f3b84fafeb0>,8,27,[ 3 12],9,9,36,0,9
1,<environment.Job instance at 0x7f3b39c7f5f0>,14,26,[3 9],15,36,62,21,33
1,<environment.Job instance at 0x7f3b39d9fc80>,18,21,[2 7],19,62,83,43,54
1,<environment.Job instance at 0x7f3b39e5e4b0>,16,3,[7 5],17,54,57,37,54
1,<environment.Job instance at 0x7f3b39da53c0>,20,23,[4 7],21,62,85,41,56
1,<environment.Job instance at 0x7f3b39cde1e0>,28,20,[ 2 10],29,85,105,56,76
1,<environment.Job instance at 0x7f3b39d416e0>,25,19,[ 1 10],26,105,124,79,95
1,<environment.Job instance at 0x7f3b81eede60>,35,21,[1 6],36,124,145,88,116
1,<environment.Job instance at 0x7f3b39e26320>,38,23,[1 9],39,124,147,85,118
1,<environment.Job instance at 0x7f3b39cde550>,30,1,[14  4],31,121,122,90,121
1,<environment.Job instance at 0x7f3b39d3ef50>,46,2,[10  2],47,145,147,98,133
1,<environment.Job instance at 0x7f3b39d3eaf0>,48,19,[4 7],49,147,166,98,137
1,<environment.Job instance at 0x7f3b39d3eaa0>,51,1,[ 5 10],52,166,167,114,147
1,<environment.Job instance at 0x7f3b39d3e9b0>,52,2,[10  4],53,147,149,94,147
1,<environment.Job instance at 0x7f3b39d3ee10>,53,22,[9 1],54,149,171,95,147
1,<environment.Job instance at 0x7f3b39d1e370>,57,2,[ 1 12],58,167,169,109,156
1,<environment.Job instance at 0x7f3b39d2e820>,65,27,[6 1],66,187,214,121,187
1,<environment.Job instance at 0x7f3b39d2efa0>,66,1,[4 7],67,187,188,120,187
1,<environment.Job instance at 0x7f3b39c7a6e0>,68,3,[5 1],69,197,200,128,197
1,<environment.Job instance at 0x7f3b39d708c0>,69,2,[6 2],70,200,202,130,197
1,<environment.Job instance at 0x7f3b8181dc80>,72,23,[1 8],73,203,226,130,203
1,<environment.Job instance at 0x7f3b8181d0a0>,73,1,[9 5],74,214,215,140,203
1,<environment.Job instance at 0x7f3b8181d550>,75,1,[5 1],76,203,204,127,203
1,<environment.Job instance at 0x7f3b817f61e0>,82,1,[1 5],83,229,230,146,229
1,<environment.Job instance at 0x7f3b817f6a50>,83,26,[5 3],84,229,255,145,229
1,<environment.Job instance at 0x7f3b817d69b0>,87,1,[4 6],88,244,245,156,244
1,<environment.Job instance at 0x7f3b81b878c0>,8,20,[5 2],9,9,29,0,9
1,<environment.Job instance at 0x7f3b824c82d0>,9,26,[2 8],10,10,36,0,10
1,<environment.Job instance at 0x7f3b81aee640>,11,20,[ 4 10],12,36,56,24,27
1,<environment.Job instance at 0x7f3b39ce47d0>,17,27,[9 5],18,29,56,11,28
1,<environment.Job instance at 0x7f3b39cc6b90>,25,1,[6 3],26,56,57,30,56
1,<environment.Job instance at 0x7f3b39cc6820>,27,1,[1 5],28,67,68,39,67
1,<environment.Job instance at 0x7f3b39cd2a00>,30,1,[7 2],31,82,83,51,82
1,<environment.Job instance at 0x7f3b39cd2fa0>,32,25,[ 3 11],33,82,107,49,82
1,<environment.Job instance at 0x7f3b821b27d0>,2,18,[3 8],3,107,125,104,98
1,<environment.Job instance at 0x7f3b39cd2d70>,36,3,[4 5],37,107,110,70,98
1,<environment.Job instance at 0x7f3b3a176460>,42,2,[6 5],43,125,127,82,125
1,<environment.Job instance at 0x7f3b39dfae10>,46,1,[9 2],47,148,149,101,148
1,<environment.Job instance at 0x7f3b39dfa3c0>,47,2,[1 8],48,148,150,100,148
1,<environment.Job instance at 0x7f3b81ecc5f0>,51,2,[9 2],52,164,166,112,164
1,<environment.Job instance at 0x7f3b81ecc6e0>,52,2,[7 5],53,166,168,113,164
1,<environment.Job instance at 0x7f3b820b73c0>,54,2,[5 8],55,182,184,127,182
1,<environment.Job instance at 0x7f3b81ecce60>,55,27,[4 5],56,182,209,126,182
1,<environment.Job instance at 0x7f3b39e043c0>,0,26,[8 3],1,1,27,0,1
1,<environment.Job instance at 0x7f3b8250ed70>,13,2,[10  2],14,27,29,13,14
1,<environment.Job instance at 0x7f3b819b0b90>,14,2,[11  3],15,29,31,14,15
1,<environment.Job instance at 0x7f3b3a3cc6e0>,16,2,[2 7],17,17,19,0,17
1,<environment.Job instance at 0x7f3b81845230>,18,1,[9 5],19,31,32,12,19
1,<environment.Job instance at 0x7f3b8184f1e0>,23,3,[2 8],24,41,44,17,41
1,<environment.Job instance at 0x7f3b819b4320>,24,17,[6 1],25,41,58,16,41
1,<environment.Job instance at 0x7f3b81847820>,27,2,[9 3],28,44,46,16,41
1,<environment.Job instance at 0x7f3b81847c80>,28,2,[3 5],29,42,44,13,42
1,<environment.Job instance at 0x7f3b81847460>,32,1,[10  4],33,70,71,37,70
1,<environment.Job instance at 0x7f3b818473c0>,37,2,[ 3 11],38,88,90,50,88
1,<environment.Job instance at 0x7f3b819a7d20>,39,2,[2 7],40,103,105,63,103
1,<environment.Job instance at 0x7f3b8182f820>,42,27,[8 3],43,119,146,76,119
1,<environment.Job instance at 0x7f3b8182f960>,45,1,[1 6],46,137,138,91,137
1,<environment.Job instance at 0x7f3b81842a50>,46,27,[2 6],47,137,164,90,137
1,<environment.Job instance at 0x7f3b818421e0>,49,1,[8 5],50,146,147,96,137
1,<environment.Job instance at 0x7f3b8183a3c0>,56,2,[7 5],57,165,167,108,165
1,<environment.Job instance at 0x7f3b818b6c30>,57,1,[2 8],58,165,166,107,165
1,<environment.Job instance at 0x7f3b818af320>,63,1,[7 1],64,184,185,120,184
1,<environment.Job instance at 0x7f3b81e804b0>,66,21,[ 4 10],67,186,207,119,186
1,<environment.Job instance at 0x7f3b818adc30>,67,23,[2 8],68,207,230,139,201
1,<environment.Job instance at 0x7f3b81e642d0>,71,3,[7 4],72,285,288,213,285
1,<environment.Job instance at 0x7f3b818ad8c0>,68,3,[11  1],69,288,291,219,287
1,<environment.Job instance at 0x7f3b81832d70>,73,1,[5 8],74,287,288,213,287
1,<environment.Job instance at 0x7f3b81832af0>,77,1,[7 2],78,343,344,265,343
1,<environment.Job instance at 0x7f3b818ad960>,69,19,[13  3],70,589,608,519,589
1,<environment.Job instance at 0x7f3b81832fa0>,80,25,[6 4],81,608,633,527,604
1,<environment.Job instance at 0x7f3b81832f50>,81,1,[3 6],82,608,609,526,604
1,<environment.Job instance at 0x7f3b818323c0>,82,3,[14  5],83,635,638,552,635
1,<environment.Job instance at 0x7f3b81ea1cd0>,84,24,[5 5],85,638,662,553,635
1,<environment.Job instance at 0x7f3b8184a2d0>,88,28,[ 5 10],89,638,666,549,637
1,<environment.Job instance at 0x7f3b82113b90>,9,2,[ 5 14],10,10,12,0,10
1,<environment.Job instance at 0x7f3b819fe410>,11,2,[7 2],12,12,14,0,12
1,<environment.Job instance at 0x7f3b819fe050>,12,2,[4 9],13,13,15,0,13
1,<environment.Job instance at 0x7f3b819fe8c0>,14,3,[2 8],15,15,18,0,15
1,<environment.Job instance at 0x7f3b820fd230>,24,22,[7 3],25,49,71,24,49
1,<environment.Job instance at 0x7f3b820fd910>,25,20,[7 5],26,49,69,23,49
1,<environment.Job instance at 0x7f3b820fd0a0>,36,2,[ 3 10],37,69,71,32,68
1,<environment.Job instance at 0x7f3b820fdcd0>,37,18,[8 2],38,71,89,33,68
1,<environment.Job instance at 0x7f3b823d8190>,38,3,[3 7],39,71,74,32,68
1,<environment.Job instance at 0x7f3b823d80a0>,39,3,[5 8],40,74,77,34,68
1,<environment.Job instance at 0x7f3b823d8780>,41,2,[14  5],42,89,91,47,69
1,<environment.Job instance at 0x7f3b823d82d0>,44,2,[9 4],45,91,93,46,83
1,<environment.Job instance at 0x7f3b8206ca00>,46,16,[1 9],47,94,110,47,94
1,<environment.Job instance at 0x7f3b8206c140>,48,2,[9 3],49,97,99,48,97
1,<environment.Job instance at 0x7f3b8206cdc0>,49,3,[4 7],50,110,113,60,97
1,<environment.Job instance at 0x7f3b8206ceb0>,50,1,[4 8],51,110,111,59,97
1,<environment.Job instance at 0x7f3b8206cc30>,51,1,[8 1],52,99,100,47,97
1,<environment.Job instance at 0x7f3b8206ccd0>,55,2,[9 1],56,124,126,68,124
1,<environment.Job instance at 0x7f3b8206c730>,56,22,[1 8],57,124,146,67,124
1,<environment.Job instance at 0x7f3b8206ce60>,57,28,[5 9],58,146,174,88,145
1,<environment.Job instance at 0x7f3b8206ca50>,58,1,[9 2],59,145,146,86,145
1,<environment.Job instance at 0x7f3b81b583c0>,63,2,[5 9],64,174,176,110,147
1,<environment.Job instance at 0x7f3b81b586e0>,65,3,[4 6],66,151,154,85,151
1,<environment.Job instance at 0x7f3b81ed8230>,67,28,[9 1],68,165,193,97,165
1,<environment.Job instance at 0x7f3b820fcf50>,69,3,[6 3],70,176,179,106,167
1,<environment.Job instance at 0x7f3b81b99410>,72,26,[5 8],73,179,205,106,178
1,<environment.Job instance at 0x7f3b826c49b0>,76,2,[ 5 13],77,205,207,128,194
1,<environment.Job instance at 0x7f3b81bb9870>,77,1,[6 2],78,194,195,116,194
1,<environment.Job instance at 0x7f3b81fe4f50>,81,1,[13  4],82,207,208,125,197
1,<environment.Job instance at 0x7f3b3a096460>,83,22,[3 5],84,208,230,124,201
1,<environment.Job instance at 0x7f3b81877dc0>,86,3,[6 3],87,215,218,128,215
1,<environment.Job instance at 0x7f3b81877230>,87,28,[ 5 10],88,218,246,130,217
1,<environment.Job instance at 0x7f3b82443780>,88,2,[12  3],89,251,253,162,251
1,<environment.Job instance at 0x7f3b826e0e60>,0,22,[7 1],1,1,23,0,1
1,<environment.Job instance at 0x7f3b82443780>,2,21,[5 7],3,3,24,0,3
1,<environment.Job instance at 0x7f3b81aac1e0>,18,1,[10  1],19,26,27,7,26
1,<environment.Job instance at 0x7f3b81fb9050>,20,26,[3 7],21,26,52,5,26
1,<environment.Job instance at 0x7f3b81cee3c0>,9,18,[8 2],10,37,55,27,37
1,<environment.Job instance at 0x7f3b81cf7f00>,26,1,[10  1],27,55,56,28,47
1,<environment.Job instance at 0x7f3b81d2e6e0>,29,1,[12  2],30,56,57,26,52
1,<environment.Job instance at 0x7f3b81d2e780>,30,13,[10  1],31,57,70,26,56
1,<environment.Job instance at 0x7f3b81f9ba50>,31,3,[5 1],32,57,60,25,56
1,<environment.Job instance at 0x7f3b81f9bc30>,32,24,[1 9],33,60,84,27,56
1,<environment.Job instance at 0x7f3b82161be0>,35,1,[1 8],36,84,85,48,67
1,<environment.Job instance at 0x7f3b821610f0>,37,2,[3 7],38,84,86,46,73
1,<environment.Job instance at 0x7f3b82161f00>,38,2,[1 6],39,73,75,34,73
1,<environment.Job instance at 0x7f3b82161eb0>,39,3,[7 2],40,75,78,35,73
1,<environment.Job instance at 0x7f3b82161500>,41,27,[7 1],42,85,112,43,83
1,<environment.Job instance at 0x7f3b82161dc0>,42,26,[ 3 10],43,86,112,43,83
1,<environment.Job instance at 0x7f3b82161aa0>,43,2,[ 3 13],44,112,114,68,85
1,<environment.Job instance at 0x7f3b821613c0>,44,1,[3 5],45,85,86,40,85
1,<environment.Job instance at 0x7f3b82161780>,45,21,[ 2 10],46,114,135,68,106
1,<environment.Job instance at 0x7f3b3a2e1d20>,47,1,[ 3 14],48,135,136,87,129
1,<environment.Job instance at 0x7f3b3a338780>,13,1,[1 5],14,14,15,0,14
1,<environment.Job instance at 0x7f3b3a338d70>,14,1,[2 8],15,15,16,0,15
1,<environment.Job instance at 0x7f3b39de1690>,23,24,[8 5],24,65,89,41,65
1,<environment.Job instance at 0x7f3b39de16e0>,27,2,[1 6],28,77,79,49,77
1,<environment.Job instance at 0x7f3b39de1d70>,36,3,[14  2],37,778,781,741,778
1,<environment.Job instance at 0x7f3b39de1fa0>,38,20,[3 9],39,786,806,747,786
1,<environment.Job instance at 0x7f3b39dcc230>,3,27,[3 5],4,4,31,0,4
1,<environment.Job instance at 0x7f3b825d6f50>,4,1,[12  4],5,8,9,3,8
1,<environment.Job instance at 0x7f3b39dcc050>,5,2,[14  1],6,31,33,25,8
1,<environment.Job instance at 0x7f3b81a31b90>,11,2,[4 5],12,12,14,0,12
1,<environment.Job instance at 0x7f3b81bdf190>,21,3,[5 4],22,33,36,11,32
1,<environment.Job instance at 0x7f3b821bef50>,24,1,[4 7],25,43,44,18,43
1,<environment.Job instance at 0x7f3b39f4d230>,26,27,[10  4],27,44,71,17,44
1,<environment.Job instance at 0x7f3b825400a0>,30,1,[ 5 11],31,56,57,25,56
1,<environment.Job instance at 0x7f3b8271bf50>,32,25,[7 3],33,71,96,38,67
1,<environment.Job instance at 0x7f3b82222140>,35,2,[ 2 10],36,74,76,38,74
1,<environment.Job instance at 0x7f3b821be820>,25,18,[3 9],26,104,122,78,104
1,<environment.Job instance at 0x7f3b8211c050>,42,2,[3 9],43,122,124,79,104
1,<environment.Job instance at 0x7f3b84e63320>,44,3,[9 2],45,107,110,62,107
1,<environment.Job instance at 0x7f3b84e633c0>,45,3,[8 2],46,110,113,64,107
1,<environment.Job instance at 0x7f3b84e63d70>,47,3,[2 7],48,124,127,76,116
1,<environment.Job instance at 0x7f3b84e63640>,51,2,[ 2 10],52,133,135,81,133
1,<environment.Job instance at 0x7f3b3a2103c0>,53,3,[4 8],54,135,138,81,133
1,<environment.Job instance at 0x7f3b82417780>,56,1,[2 8],57,138,139,81,135
1,<environment.Job instance at 0x7f3b82417d70>,63,1,[6 2],64,168,169,104,168
1,<environment.Job instance at 0x7f3b82417640>,65,26,[4 8],66,168,194,102,168
1,<environment.Job instance at 0x7f3b824179b0>,66,20,[4 8],67,194,214,127,185
1,<environment.Job instance at 0x7f3b82417be0>,69,1,[5 6],70,185,186,115,185
1,<environment.Job instance at 0x7f3b82057be0>,70,25,[5 4],71,186,211,115,185
1,<environment.Job instance at 0x7f3b82057c30>,71,21,[5 5],72,211,232,139,203
1,<environment.Job instance at 0x7f3b820574b0>,75,25,[5 7],76,214,239,138,210
1,<environment.Job instance at 0x7f3b820570f0>,77,22,[5 8],78,232,254,154,225
1,<environment.Job instance at 0x7f3b820571e0>,82,2,[10  4],83,239,241,156,239
1,<environment.Job instance at 0x7f3b820575f0>,83,27,[8 5],84,241,268,157,239
1,<environment.Job instance at 0x7f3b820cefa0>,3,24,[3 5],4,4,28,0,4
1,<environment.Job instance at 0x7f3b822d07d0>,9,1,[6 2],10,10,11,0,10
1,<environment.Job instance at 0x7f3b820c1c80>,12,3,[9 4],13,13,16,0,13
1,<environment.Job instance at 0x7f3b39f2ec30>,14,27,[1 8],15,16,43,1,15
1,<environment.Job instance at 0x7f3b84bc2af0>,24,23,[4 5],25,36,59,11,36
1,<environment.Job instance at 0x7f3b81863dc0>,30,1,[1 7],31,66,67,35,66
1,<environment.Job instance at 0x7f3b3a201190>,31,1,[9 4],32,66,67,34,66
1,<environment.Job instance at 0x7f3b81863e10>,32,2,[3 6],33,67,69,34,66
1,<environment.Job instance at 0x7f3b81863e60>,35,2,[2 9],36,74,76,38,74
1,<environment.Job instance at 0x7f3b820d1690>,36,26,[8 5],37,74,100,37,74
1,<environment.Job instance at 0x7f3b8234c640>,39,20,[6 3],40,84,104,44,84
1,<environment.Job instance at 0x7f3b8234c320>,41,2,[8 5],42,100,102,58,93
1,<environment.Job instance at 0x7f3b8234caa0>,43,20,[5 3],44,102,122,58,93
1,<environment.Job instance at 0x7f3b8234ce60>,48,2,[2 5],49,116,118,67,116
1,<environment.Job instance at 0x7f3b82753c30>,52,2,[5 2],53,134,136,81,134
1,<environment.Job instance at 0x7f3b84a33be0>,53,3,[10  2],54,134,137,80,134
1,<environment.Job instance at 0x7f3b39f83d70>,55,2,[10  1],56,143,145,87,143
1,<environment.Job instance at 0x7f3b39ea25f0>,57,22,[10  1],58,149,171,91,149
1,<environment.Job instance at 0x7f3b39f0af00>,60,20,[3 8],61,169,189,108,169
1,<environment.Job instance at 0x7f3b39f0a230>,61,3,[11  4],62,171,174,109,170
1,<environment.Job instance at 0x7f3b39f0a320>,63,1,[5 7],64,180,181,116,180
1,<environment.Job instance at 0x7f3b39f0a910>,64,1,[ 1 10],65,189,190,124,180
1,<environment.Job instance at 0x7f3b39f0a7d0>,65,1,[9 5],66,181,182,115,180
1,<environment.Job instance at 0x7f3b826c1be0>,66,26,[9 5],67,182,208,115,180
1,<environment.Job instance at 0x7f3b819b9960>,76,2,[2 8],77,224,226,147,224
1,<environment.Job instance at 0x7f3b818fbe10>,77,1,[ 4 12],78,226,227,148,224
1,<environment.Job instance at 0x7f3b818fb690>,78,2,[5 5],79,224,226,145,224
1,<environment.Job instance at 0x7f3b818fb3c0>,79,22,[7 3],80,226,248,146,224
1,<environment.Job instance at 0x7f3b817dc230>,11,18,[8 1],12,22,40,10,22
1,<environment.Job instance at 0x7f3b817dc460>,13,20,[8 4],14,40,60,26,31
1,<environment.Job instance at 0x7f3b817dc5a0>,15,3,[2 6],16,31,34,15,31
1,<environment.Job instance at 0x7f3b817dc6e0>,17,27,[8 5],18,60,87,42,58
1,<environment.Job instance at 0x7f3b817dc780>,18,1,[6 5],19,58,59,39,58
1,<environment.Job instance at 0x7f3b817dc910>,24,1,[5 2],25,59,60,34,59
1,<environment.Job instance at 0x7f3b817dcb90>,27,3,[10  5],28,87,90,59,63
1,<environment.Job instance at 0x7f3b817dccd0>,29,2,[ 2 12],30,90,92,60,73
1,<environment.Job instance at 0x7f3b817d1280>,32,24,[4 6],33,92,116,59,87
1,<environment.Job instance at 0x7f3b817d1410>,34,18,[5 2],35,115,133,80,115
1,<environment.Job instance at 0x7f3b817d1690>,38,1,[1 9],39,116,117,77,115
1,<environment.Job instance at 0x7f3b817d1730>,39,1,[3 6],40,115,116,75,115
1,<environment.Job instance at 0x7f3b817d1af0>,45,3,[5 3],46,152,155,106,152
1,<environment.Job instance at 0x7f3b825789b0>,0,27,[ 3 13],1,1,28,0,1
1,<environment.Job instance at 0x7f3b82578e10>,3,27,[1 7],4,28,55,24,26
1,<environment.Job instance at 0x7f3b39ea25a0>,11,25,[9 1],12,36,61,24,36
1,<environment.Job instance at 0x7f3b39ea2f00>,10,1,[12  1],11,61,62,50,37
1,<environment.Job instance at 0x7f3b81959320>,20,27,[5 4],21,66,93,45,66
1,<environment.Job instance at 0x7f3b81959550>,21,28,[7 5],22,66,94,44,66
1,<environment.Job instance at 0x7f3b819596e0>,23,28,[8 2],24,93,121,69,92
1,<environment.Job instance at 0x7f3b3a2740f0>,30,3,[10  2],31,121,124,90,96
1,<environment.Job instance at 0x7f3b3a274eb0>,31,1,[2 8],32,96,97,64,96
1,<environment.Job instance at 0x7f3b81c6a230>,36,2,[2 6],37,117,119,80,117
1,<environment.Job instance at 0x7f3b81c6a2d0>,41,1,[ 5 14],42,129,130,87,129
1,<environment.Job instance at 0x7f3b81c6a5a0>,42,1,[7 1],43,129,130,86,129
1,<environment.Job instance at 0x7f3b84fa1a50>,43,19,[7 1],44,130,149,86,129
1,<environment.Job instance at 0x7f3b3a210aa0>,45,18,[7 4],46,134,152,88,134
1,<environment.Job instance at 0x7f3b823770a0>,48,18,[ 2 10],49,154,172,105,154
1,<environment.Job instance at 0x7f3b81c86050>,51,3,[10  5],52,154,157,102,154
1,<environment.Job instance at 0x7f3b81c86af0>,53,27,[5 1],54,159,186,105,159
1,<environment.Job instance at 0x7f3b81c86f50>,56,2,[ 5 12],57,173,175,116,173
1,<environment.Job instance at 0x7f3b81c860f0>,57,3,[3 6],58,175,178,117,173
1,<environment.Job instance at 0x7f3b81c862d0>,58,2,[7 4],59,175,177,116,173
1,<environment.Job instance at 0x7f3b81c86d20>,59,1,[1 6],60,177,178,117,173
1,<environment.Job instance at 0x7f3b39ff5a00>,62,1,[6 5],63,185,186,122,185
1,<environment.Job instance at 0x7f3b39ff5cd0>,64,18,[9 1],65,191,209,126,191
1,<environment.Job instance at 0x7f3b39da5f50>,69,3,[4 7],70,221,224,151,221
1,<environment.Job instance at 0x7f3b39da5280>,72,3,[8 4],73,245,248,172,245
1,<environment.Job instance at 0x7f3b39da5550>,73,18,[5 3],74,246,264,172,246
1,<environment.Job instance at 0x7f3b39da51e0>,74,3,[3 5],75,248,251,173,246
1,<environment.Job instance at 0x7f3b39da5460>,75,2,[8 3],76,251,253,175,246
1,<environment.Job instance at 0x7f3b3a024dc0>,77,26,[3 7],78,253,279,175,250
1,<environment.Job instance at 0x7f3b3a024190>,79,1,[4 9],80,279,280,199,251
1,<environment.Job instance at 0x7f3b3a024870>,81,3,[7 2],82,256,259,174,256
1,<environment.Job instance at 0x7f3b3a0248c0>,82,3,[2 9],83,280,283,197,256
1,<environment.Job instance at 0x7f3b3a024d20>,83,3,[1 5],84,259,262,175,256
1,<environment.Job instance at 0x7f3b3a024c80>,85,1,[8 4],86,264,265,178,256
1,<environment.Job instance at 0x7f3b3a024690>,87,1,[ 2 11],88,283,284,195,259
1,<environment.Job instance at 0x7f3b819ce050>,6,1,[6 4],7,7,8,0,7
1,<environment.Job instance at 0x7f3b819ced70>,7,28,[4 9],8,8,36,0,8
1,<environment.Job instance at 0x7f3b3a01f500>,18,1,[14  2],19,36,37,17,26
1,<environment.Job instance at 0x7f3b3a01f320>,19,1,[ 1 11],20,36,37,16,27
1,<environment.Job instance at 0x7f3b39c1b4b0>,22,3,[2 8],23,43,46,20,43
1,<environment.Job instance at 0x7f3b39c1bdc0>,23,2,[6 4],24,43,45,19,43
1,<environment.Job instance at 0x7f3b39c1baa0>,24,1,[7 5],25,45,46,20,43
1,<environment.Job instance at 0x7f3b39c1bb40>,25,1,[3 6],26,46,47,20,43
1,<environment.Job instance at 0x7f3b81ada9b0>,31,2,[3 8],32,64,66,32,64
1,<environment.Job instance at 0x7f3b81adab90>,32,1,[8 4],33,64,65,31,64
1,<environment.Job instance at 0x7f3b81adaa50>,36,3,[4 7],37,77,80,40,77
1,<environment.Job instance at 0x7f3b81adafa0>,35,18,[9 1],36,81,99,45,81
1,<environment.Job instance at 0x7f3b81adaaf0>,38,1,[1 9],39,81,82,42,81
1,<environment.Job instance at 0x7f3b81ada960>,39,2,[4 9],40,82,84,42,81
1,<environment.Job instance at 0x7f3b81ada7d0>,41,2,[4 7],42,90,92,48,90
1,<environment.Job instance at 0x7f3b81970eb0>,43,1,[9 5],44,99,100,55,90
1,<environment.Job instance at 0x7f3b819706e0>,44,21,[8 1],45,100,121,55,92
1,<environment.Job instance at 0x7f3b81970d20>,46,2,[7 3],47,102,104,55,102
1,<environment.Job instance at 0x7f3b81970370>,47,1,[1 7],48,104,105,56,102
1,<environment.Job instance at 0x7f3b81970d70>,48,3,[1 5],49,104,107,55,102
1,<environment.Job instance at 0x7f3b81a7daf0>,49,25,[ 3 10],50,107,132,57,103
1,<environment.Job instance at 0x7f3b81a7d2d0>,57,23,[9 2],58,135,158,77,135
1,<environment.Job instance at 0x7f3b81a7df00>,58,3,[6 1],59,135,138,76,135
1,<environment.Job instance at 0x7f3b81a7dd20>,59,3,[1 9],60,138,141,78,136
1,<environment.Job instance at 0x7f3b81a7db40>,61,3,[9 5],62,158,161,96,139
1,<environment.Job instance at 0x7f3b81a16410>,64,1,[1 8],65,154,155,89,154
1,<environment.Job instance at 0x7f3b81a161e0>,66,3,[1 7],67,156,159,89,156
1,<environment.Job instance at 0x7f3b81a16690>,67,1,[6 5],68,159,160,91,156
1,<environment.Job instance at 0x7f3b81a16aa0>,69,1,[8 2],70,170,171,100,170
1,<environment.Job instance at 0x7f3b81a16780>,75,3,[7 5],76,195,198,119,195
1,<environment.Job instance at 0x7f3b81a16c80>,72,18,[ 2 10],73,224,242,151,224
1,<environment.Job instance at 0x7f3b82584d20>,78,1,[3 8],79,242,243,163,224
1,<environment.Job instance at 0x7f3b3a2d46e0>,8,1,[1 6],9,9,10,0,9
1,<environment.Job instance at 0x7f3b3a2d4cd0>,13,24,[3 5],14,15,39,1,15
1,<environment.Job instance at 0x7f3b3a2bf730>,17,1,[4 7],18,22,23,4,22
1,<environment.Job instance at 0x7f3b3a2bf5a0>,24,1,[1 9],25,62,63,37,62
1,<environment.Job instance at 0x7f3b3a2c0280>,26,1,[2 5],27,63,64,36,63
1,<environment.Job instance at 0x7f3b82422d20>,27,1,[8 5],28,63,64,35,63
1,<environment.Job instance at 0x7f3b3a2c00f0>,29,24,[7 1],30,64,88,34,64
1,<environment.Job instance at 0x7f3b82422e10>,30,26,[4 8],31,64,90,33,64
1,<environment.Job instance at 0x7f3b3a068460>,36,2,[1 9],37,90,92,53,88
1,<environment.Job instance at 0x7f3b81f91820>,39,3,[ 4 10],40,103,106,63,103
1,<environment.Job instance at 0x7f3b81e00320>,41,1,[10  4],42,109,110,67,109
1,<environment.Job instance at 0x7f3b81e13820>,43,18,[8 1],44,118,136,74,118
1,<environment.Job instance at 0x7f3b82503870>,47,3,[1 6],48,142,145,94,142
1,<environment.Job instance at 0x7f3b819c17d0>,50,2,[3 9],51,154,156,103,154
1,<environment.Job instance at 0x7f3b819c1d20>,51,2,[9 4],52,155,157,103,155
1,<environment.Job instance at 0x7f3b819c1cd0>,53,1,[ 3 13],54,170,171,116,170
1,<environment.Job instance at 0x7f3b819c1870>,54,1,[6 2],55,170,171,115,170
1,<environment.Job instance at 0x7f3b819c1f00>,55,22,[1 9],56,171,193,115,170
1,<environment.Job instance at 0x7f3b819c1f50>,57,3,[ 5 10],58,193,196,135,171
1,<environment.Job instance at 0x7f3b819c1be0>,58,2,[3 9],59,196,198,137,171
1,<environment.Job instance at 0x7f3b8199b2d0>,64,2,[7 4],65,226,228,161,226
1,<environment.Job instance at 0x7f3b8199b6e0>,65,1,[ 5 13],66,228,229,162,226
1,<environment.Job instance at 0x7f3b8199b5f0>,74,24,[5 9],75,308,332,233,308
1,<environment.Job instance at 0x7f3b8199b050>,77,26,[8 5],78,318,344,240,318
1,<environment.Job instance at 0x7f3b819acd70>,83,26,[7 5],84,332,358,248,332
1,<environment.Job instance at 0x7f3b819ac280>,85,2,[13  2],86,427,429,341,427
1,<environment.Job instance at 0x7f3b819acfa0>,86,20,[3 6],87,429,449,342,427
1,<environment.Job instance at 0x7f3b81c43eb0>,0,1,[9 3],1,3,4,2,3
1,<environment.Job instance at 0x7f3b819ac2d0>,4,1,[4 7],5,5,6,0,5
1,<environment.Job instance at 0x7f3b81c43550>,1,1,[4 6],2,6,7,4,6
1,<environment.Job instance at 0x7f3b39f06b90>,6,1,[1 9],7,7,8,0,7
1,<environment.Job instance at 0x7f3b39ca54b0>,7,2,[8 2],8,8,10,0,8
1,<environment.Job instance at 0x7f3b3a288cd0>,12,1,[7 3],13,13,14,0,13
1,<environment.Job instance at 0x7f3b3a2889b0>,13,3,[9 3],14,15,18,1,15
1,<environment.Job instance at 0x7f3b81d7d0a0>,14,3,[3 9],15,16,19,1,16
1,<environment.Job instance at 0x7f3b82757910>,16,2,[2 8],17,19,21,2,19
1,<environment.Job instance at 0x7f3b82353dc0>,19,1,[5 5],20,20,21,0,20
1,<environment.Job instance at 0x7f3b82477cd0>,20,3,[4 8],21,23,26,2,23
1,<environment.Job instance at 0x7f3b39c79dc0>,3,3,[11  3],4,33,36,29,33
1,<environment.Job instance at 0x7f3b821b4640>,26,23,[10  4],27,36,59,9,33
1,<environment.Job instance at 0x7f3b81d5f320>,33,1,[6 2],34,73,74,39,73
1,<environment.Job instance at 0x7f3b81d5fdc0>,34,2,[8 4],35,73,75,38,73
1,<environment.Job instance at 0x7f3b81d5f5f0>,37,18,[5 4],38,88,106,50,88
1,<environment.Job instance at 0x7f3b3a1b1820>,42,1,[2 7],43,113,114,70,113
1,<environment.Job instance at 0x7f3b81d62e10>,44,13,[10  1],45,121,134,76,121
1,<environment.Job instance at 0x7f3b8222e230>,47,1,[4 8],48,129,130,81,129
1,<environment.Job instance at 0x7f3b8222e910>,48,2,[10  1],49,134,136,85,129
1,<environment.Job instance at 0x7f3b81d625f0>,49,25,[8 3],50,136,161,86,132
1,<environment.Job instance at 0x7f3b39d7af50>,50,2,[5 5],51,132,134,81,132
1,<environment.Job instance at 0x7f3b39d7a550>,52,24,[11  1],53,161,185,108,156
1,<environment.Job instance at 0x7f3b39f43f00>,62,18,[10  1],63,192,210,129,192
1,<environment.Job instance at 0x7f3b39ead8c0>,63,2,[4 8],64,192,194,128,192
1,<environment.Job instance at 0x7f3b39ead0a0>,64,1,[ 3 10],65,194,195,129,192
1,<environment.Job instance at 0x7f3b3a1170a0>,66,3,[7 4],67,210,213,143,192
1,<environment.Job instance at 0x7f3b3a117be0>,67,1,[8 2],68,210,211,142,192
1,<environment.Job instance at 0x7f3b3a1171e0>,68,2,[8 3],69,211,213,142,192
1,<environment.Job instance at 0x7f3b3a117640>,69,1,[ 3 10],70,195,196,125,192
1,<environment.Job instance at 0x7f3b3a117410>,70,2,[8 2],71,213,215,142,192
1,<environment.Job instance at 0x7f3b3a177960>,72,1,[4 6],73,213,214,140,210
1,<environment.Job instance at 0x7f3b81aff2d0>,74,1,[5 8],75,214,215,139,211
1,<environment.Job instance at 0x7f3b81affb40>,76,2,[5 5],77,215,217,138,213
1,<environment.Job instance at 0x7f3b81aff4b0>,77,3,[ 1 10],78,215,218,137,215
1,<environment.Job instance at 0x7f3b84e5f550>,83,2,[12  1],84,247,249,163,247
1,<environment.Job instance at 0x7f3b84e5fd70>,84,1,[ 5 14],85,249,250,164,247
1,<environment.Job instance at 0x7f3b81dd45f0>,86,21,[3 7],87,250,271,163,247
1,<environment.Job instance at 0x7f3b81dd4370>,88,28,[8 3],89,256,284,167,256
1,<environment.Job instance at 0x7f3b821b4730>,7,2,[13  1],8,9,11,1,9
1,<environment.Job instance at 0x7f3b3a03d870>,10,2,[4 9],11,11,13,0,11
1,<environment.Job instance at 0x7f3b3a03da00>,14,1,[11  3],15,25,26,10,25
1,<environment.Job instance at 0x7f3b39f1b7d0>,19,3,[5 6],20,41,44,21,41
1,<environment.Job instance at 0x7f3b39f1bd70>,20,2,[2 9],21,41,43,20,41
1,<environment.Job instance at 0x7f3b39f1b370>,22,27,[9 1],23,55,82,32,55
1,<environment.Job instance at 0x7f3b39f1b410>,25,1,[9 3],26,82,83,56,69
1,<environment.Job instance at 0x7f3b39f1baf0>,26,21,[12  2],27,83,104,56,75
1,<environment.Job instance at 0x7f3b39f1bb40>,29,20,[2 8],30,76,96,46,76
1,<environment.Job instance at 0x7f3b84dc0aa0>,36,2,[12  3],37,116,118,79,116
1,<environment.Job instance at 0x7f3b84dc0640>,38,1,[ 4 10],39,118,119,79,116
1,<environment.Job instance at 0x7f3b84d78dc0>,41,23,[5 9],42,137,160,95,137
1,<environment.Job instance at 0x7f3b3a301d20>,1,1,[4 8],2,2,3,0,2
1,<environment.Job instance at 0x7f3b81afe780>,10,3,[6 3],11,11,14,0,11
1,<environment.Job instance at 0x7f3b81afefa0>,12,2,[5 7],13,13,15,0,13
1,<environment.Job instance at 0x7f3b81afe320>,13,2,[2 5],14,14,16,0,14
1,<environment.Job instance at 0x7f3b81afe0a0>,14,2,[2 8],15,15,17,0,15
1,<environment.Job instance at 0x7f3b81b01b90>,15,22,[9 4],16,16,38,0,16
1,<environment.Job instance at 0x7f3b81b018c0>,16,1,[1 5],17,17,18,0,17
1,<environment.Job instance at 0x7f3b81b010f0>,17,2,[10  1],18,38,40,20,18
1,<environment.Job instance at 0x7f3b81afee60>,19,27,[5 8],20,20,47,0,20
1,<environment.Job instance at 0x7f3b81b086e0>,24,2,[7 4],25,40,42,15,36
1,<environment.Job instance at 0x7f3b81b01b40>,26,22,[3 8],27,47,69,20,40
1,<environment.Job instance at 0x7f3b81926640>,28,2,[5 5],29,42,44,13,40
1,<environment.Job instance at 0x7f3b81d811e0>,29,2,[10  1],30,44,46,14,40
1,<environment.Job instance at 0x7f3b81b0b690>,33,1,[5 2],34,42,43,8,40
1,<environment.Job instance at 0x7f3b81ad7280>,42,1,[14  1],43,84,85,41,84
1,<environment.Job instance at 0x7f3b81accb90>,45,2,[1 6],46,99,101,53,99
1,<environment.Job instance at 0x7f3b81acce10>,47,1,[9 4],48,112,113,64,112
1,<environment.Job instance at 0x7f3b81ad21e0>,48,24,[8 2],49,113,137,64,112
1,<environment.Job instance at 0x7f3b81ad2230>,49,27,[ 3 13],50,113,140,63,112
1,<environment.Job instance at 0x7f3b81ad2d20>,55,3,[5 4],56,145,148,89,145
1,<environment.Job instance at 0x7f3b81b4f370>,56,24,[13  3],57,148,172,91,145
1,<environment.Job instance at 0x7f3b81b4f550>,58,1,[7 4],59,146,147,87,146
1,<environment.Job instance at 0x7f3b81b4fe60>,59,2,[10  1],60,172,174,112,146
1,<environment.Job instance at 0x7f3b81b4ff00>,61,1,[7 1],62,174,175,112,158
1,<environment.Job instance at 0x7f3b81b2c960>,63,1,[10  4],64,177,178,113,177
1,<environment.Job instance at 0x7f3b81b2c550>,65,2,[4 6],66,177,179,111,177
1,<environment.Job instance at 0x7f3b81b2cf50>,67,1,[9 3],68,181,182,113,181
1,<environment.Job instance at 0x7f3b81b38780>,68,3,[2 8],69,181,184,112,181
1,<environment.Job instance at 0x7f3b81b38cd0>,69,1,[9 1],70,182,183,112,181
1,<environment.Job instance at 0x7f3b81b38820>,72,2,[7 2],73,195,197,122,195
1,<environment.Job instance at 0x7f3b81b381e0>,73,26,[7 3],74,195,221,121,195
1,<environment.Job instance at 0x7f3b81b38640>,77,27,[1 8],78,205,232,127,205
1,<environment.Job instance at 0x7f3b81b38b40>,78,3,[3 9],79,232,235,153,206
1,<environment.Job instance at 0x7f3b81b512d0>,85,1,[ 5 10],86,251,252,165,251
1,<environment.Job instance at 0x7f3b81b4ab40>,88,1,[7 2],89,251,252,162,251
1,<environment.Job instance at 0x7f3b3a0d1820>,0,26,[2 8],1,1,27,0,1
1,<environment.Job instance at 0x7f3b81a40d70>,10,20,[7 1],11,11,31,0,11
1,<environment.Job instance at 0x7f3b3a2202d0>,14,21,[6 1],15,16,37,1,16
1,<environment.Job instance at 0x7f3b3a2e5b40>,24,1,[8 3],25,53,54,28,53
1,<environment.Job instance at 0x7f3b82007140>,26,3,[5 5],27,64,67,37,64
1,<environment.Job instance at 0x7f3b820079b0>,28,1,[7 4],29,75,76,46,75
1,<environment.Job instance at 0x7f3b82007e10>,29,2,[3 9],30,75,77,45,75
1,<environment.Job instance at 0x7f3b82145820>,30,24,[ 4 14],31,77,101,46,75
1,<environment.Job instance at 0x7f3b821459b0>,35,24,[7 4],36,101,125,65,96
1,<environment.Job instance at 0x7f3b821450f0>,38,1,[5 9],39,104,105,65,104
1,<environment.Job instance at 0x7f3b82145e60>,39,3,[6 3],40,105,108,65,104
1,<environment.Job instance at 0x7f3b821455f0>,42,2,[7 4],43,125,127,82,125
1,<environment.Job instance at 0x7f3b8234ce60>,45,25,[6 2],46,132,157,86,132
1,<environment.Job instance at 0x7f3b8234c6e0>,46,2,[ 1 13],47,135,137,88,135
1,<environment.Job instance at 0x7f3b8234c230>,50,2,[5 2],51,169,171,118,169
1,<environment.Job instance at 0x7f3b8234c690>,51,2,[1 7],52,169,171,117,169
1,<environment.Job instance at 0x7f3b81d5c4b0>,53,2,[2 6],54,173,175,119,173
1,<environment.Job instance at 0x7f3b81d5c730>,54,1,[8 1],55,173,174,118,173
1,<environment.Job instance at 0x7f3b81794eb0>,56,26,[10  2],57,176,202,119,176
1,<environment.Job instance at 0x7f3b8244ab90>,62,21,[9 5],63,213,234,150,213
1,<environment.Job instance at 0x7f3b823331e0>,64,1,[12  5],65,234,235,169,218
1,<environment.Job instance at 0x7f3b82333d20>,65,1,[ 2 14],66,235,236,169,219
1,<environment.Job instance at 0x7f3b82333140>,67,2,[14  3],68,236,238,168,224
1,<environment.Job instance at 0x7f3b826dddc0>,73,2,[5 7],74,245,247,171,245
1,<environment.Job instance at 0x7f3b81798910>,78,28,[ 2 11],79,281,309,202,281
1,<environment.Job instance at 0x7f3b3a187be0>,8,2,[1 7],9,9,11,0,9
1,<environment.Job instance at 0x7f3b3a187eb0>,9,1,[5 6],10,10,11,0,10
1,<environment.Job instance at 0x7f3b3a1874b0>,16,1,[4 9],17,25,26,8,25
1,<environment.Job instance at 0x7f3b81958780>,25,1,[2 6],26,72,73,46,72
1,<environment.Job instance at 0x7f3b81958c30>,37,24,[8 1],38,110,134,72,110
1,<environment.Job instance at 0x7f3b3a077370>,41,28,[5 9],42,126,154,84,126
1,<environment.Job instance at 0x7f3b3a077c80>,43,28,[6 1],44,134,162,90,133
1,<environment.Job instance at 0x7f3b3a077730>,48,23,[ 3 10],49,154,177,105,149
1,<environment.Job instance at 0x7f3b3a077910>,54,1,[6 3],55,181,182,126,181
1,<environment.Job instance at 0x7f3b3a0770a0>,55,1,[8 4],56,181,182,125,181
1,<environment.Job instance at 0x7f3b3a077460>,56,3,[9 4],57,182,185,125,181
1,<environment.Job instance at 0x7f3b3a0772d0>,57,19,[6 3],58,182,201,124,181
1,<environment.Job instance at 0x7f3b3a096820>,58,1,[9 4],59,185,186,126,181
1,<environment.Job instance at 0x7f3b3a096370>,59,2,[3 5],60,186,188,126,181
1,<environment.Job instance at 0x7f3b3a0964b0>,60,18,[7 1],61,188,206,127,185
1,<environment.Job instance at 0x7f3b3a096aa0>,63,1,[13  4],64,206,207,142,195
1,<environment.Job instance at 0x7f3b3a144820>,2,20,[1 9],3,3,23,0,3
1,<environment.Job instance at 0x7f3b39d62be0>,7,26,[ 2 12],8,23,49,15,20
1,<environment.Job instance at 0x7f3b81889dc0>,15,26,[5 5],16,49,75,33,46
1,<environment.Job instance at 0x7f3b39d62820>,9,1,[ 3 12],10,75,76,65,48
1,<environment.Job instance at 0x7f3b81889af0>,18,22,[10  5],19,49,71,30,48
1,<environment.Job instance at 0x7f3b399ad730>,12,3,[11  1],13,75,78,62,65
1,<environment.Job instance at 0x7f3b81889fa0>,24,25,[9 4],25,78,103,53,74
1,<environment.Job instance at 0x7f3b8201b6e0>,30,25,[9 5],31,103,128,72,99
1,<environment.Job instance at 0x7f3b8201b0f0>,31,3,[11  1],32,128,131,96,103
1,<environment.Job instance at 0x7f3b8201baf0>,32,3,[12  5],33,131,134,98,105
1,<environment.Job instance at 0x7f3b8201b640>,35,22,[6 4],36,105,127,69,105
1,<environment.Job instance at 0x7f3b82517500>,40,26,[10  1],41,134,160,93,131
1,<environment.Job instance at 0x7f3b82517f50>,42,22,[2 7],43,132,154,89,132
1,<environment.Job instance at 0x7f3b8251fc30>,47,3,[2 9],48,154,157,106,148
1,<environment.Job instance at 0x7f3b8251ff00>,53,1,[9 4],54,177,178,123,177
1,<environment.Job instance at 0x7f3b82500a00>,55,27,[5 8],56,195,222,139,195
1,<environment.Job instance at 0x7f3b82500780>,57,25,[6 4],58,196,221,138,196
1,<environment.Job instance at 0x7f3b825005f0>,59,25,[10  1],60,221,246,161,217
1,<environment.Job instance at 0x7f3b82500640>,62,1,[4 6],63,222,223,159,217
1,<environment.Job instance at 0x7f3b824fdaa0>,67,1,[5 9],68,224,225,156,224
1,<environment.Job instance at 0x7f3b824fdbe0>,69,1,[ 3 10],70,233,234,163,233
1,<environment.Job instance at 0x7f3b824fd050>,71,21,[4 7],72,238,259,166,238
1,<environment.Job instance at 0x7f3b8252b0f0>,76,2,[7 1],77,256,258,179,256
1,<environment.Job instance at 0x7f3b8252b2d0>,78,2,[ 5 10],79,259,261,180,256
1,<environment.Job instance at 0x7f3b8252b320>,79,3,[ 2 10],80,261,264,181,256
1,<environment.Job instance at 0x7f3b8252b370>,81,26,[5 4],82,270,296,188,270
1,<environment.Job instance at 0x7f3b824faf00>,88,26,[ 3 10],89,289,315,200,289
1,<environment.Job instance at 0x7fb3402880f0>,3,22,[2 5],4,4,26,0,4
1,<environment.Job instance at 0x7fb33ae78870>,10,22,[8 1],11,11,33,0,11
1,<environment.Job instance at 0x7fb33ae78aa0>,12,23,[6 4],13,26,49,13,20
1,<environment.Job instance at 0x7fb33ae78af0>,14,21,[8 1],15,33,54,18,25
1,<environment.Job instance at 0x7fb33ae78e10>,18,26,[7 4],19,49,75,30,46
1,<environment.Job instance at 0x7fb33ae78eb0>,19,25,[5 9],20,54,79,34,50
1,<environment.Job instance at 0x7fb33ae7ba50>,30,26,[9 4],31,75,101,44,72
1,<environment.Job instance at 0x7fb33ae7baf0>,31,1,[ 2 14],32,101,102,69,81
1,<environment.Job instance at 0x7fb33ae7bb90>,32,21,[5 9],33,102,123,69,94
1,<environment.Job instance at 0x7fb33ae7bc30>,33,26,[3 6],34,102,128,68,99
1,<environment.Job instance at 0x7fb33ae7b460>,40,26,[ 1 10],41,128,154,87,125
1,<environment.Job instance at 0x7fb33ae7da00>,52,2,[ 2 10],53,154,156,101,143
1,<environment.Job instance at 0x7fb33ae7daa0>,54,18,[7 1],55,157,175,102,157
1,<environment.Job instance at 0x7fb33ae7db40>,56,3,[8 4],57,157,160,100,157
1,<environment.Job instance at 0x7fb33ae7ddc0>,59,19,[1 7],60,169,188,109,169
1,<environment.Job instance at 0x7fb33ae7df00>,60,2,[2 6],61,169,171,108,169
1,<environment.Job instance at 0x7fb33ae7f410>,61,1,[7 5],62,171,172,109,169
1,<environment.Job instance at 0x7fb33ae7f5f0>,64,2,[2 8],65,182,184,117,182
1,<environment.Job instance at 0x7fb33ae7f690>,65,1,[5 8],66,184,185,118,182
1,<environment.Job instance at 0x7fb33ae7f6e0>,66,2,[7 2],67,185,187,118,182
1,<environment.Job instance at 0x7fb33ae7fa50>,70,1,[5 4],71,197,198,126,197
1,<environment.Job instance at 0x7fb33ae7fbe0>,71,2,[5 1],72,197,199,125,197
1,<environment.Job instance at 0x7fb33ae7fd70>,72,18,[3 5],73,197,215,124,197
1,<environment.Job instance at 0x7fb33ae7fc80>,73,2,[9 3],74,199,201,125,197
1,<environment.Job instance at 0x7fb33ae7faa0>,74,2,[1 7],75,198,200,123,197
1,<environment.Job instance at 0x7fb33ae7fdc0>,75,3,[10  4],76,201,204,125,197
1,<environment.Job instance at 0x7fb33ae820a0>,79,19,[10  3],80,212,231,132,212
1,<environment.Job instance at 0x7fb33ae82140>,80,1,[5 5],81,215,216,134,212
1,<environment.Job instance at 0x7fb33ae823c0>,82,21,[4 8],83,216,237,133,214
1,<environment.Job instance at 0x7fb33ae82460>,84,1,[5 5],85,232,233,147,232
1,<environment.Job instance at 0x7fb33ae825a0>,86,3,[6 3],87,233,236,146,232
1,<environment.Job instance at 0x7fb33ae82820>,90,3,[6 1],91,251,254,160,251
1,<environment.Job instance at 0x7fb33ae82a00>,93,25,[ 1 10],94,266,291,172,266
1,<environment.Job instance at 0x7fb33ae82be0>,94,1,[ 5 10],95,291,292,196,266
1,<environment.Job instance at 0x7fb3403ee5a0>,4,1,[ 1 10],5,6,7,1,6
1,<environment.Job instance at 0x7fb3403ee050>,6,1,[4 8],7,7,8,0,7
1,<environment.Job instance at 0x7fb3403f59b0>,9,27,[3 9],10,10,37,0,10
1,<environment.Job instance at 0x7fb3403f5f00>,10,23,[5 1],11,12,35,1,12
1,<environment.Job instance at 0x7fb3402af4b0>,17,3,[ 3 13],18,37,40,19,35
1,<environment.Job instance at 0x7fb3402afdc0>,19,28,[7 5],20,40,68,20,39
1,<environment.Job instance at 0x7fb3402af050>,21,3,[1 6],22,40,43,18,39
1,<environment.Job instance at 0x7fb3402afa00>,24,1,[6 1],25,41,42,16,41
1,<environment.Job instance at 0x7fb2ffe65d20>,25,2,[7 4],26,42,44,16,41
1,<environment.Job instance at 0x7fb3402af0a0>,26,2,[1 6],27,43,45,16,41
1,<environment.Job instance at 0x7fb3403fa370>,28,1,[7 1],29,44,45,15,43
1,<environment.Job instance at 0x7fb3402af780>,20,19,[ 5 12],21,68,87,47,58
1,<environment.Job instance at 0x7fb3403f7280>,36,1,[9 5],37,87,88,50,67
1,<environment.Job instance at 0x7fb3403f7d70>,37,28,[ 2 10],38,87,115,49,86
1,<environment.Job instance at 0x7fb3403f73c0>,40,2,[7 5],41,88,90,47,86
1,<environment.Job instance at 0x7fb3403f7e10>,38,3,[4 6],39,115,118,76,89
1,<environment.Job instance at 0x7fb340401460>,45,3,[9 2],46,91,94,45,91
1,<environment.Job instance at 0x7fb340401320>,44,20,[13  4],45,94,114,49,92
1,<environment.Job instance at 0x7fb3403fbcd0>,51,22,[5 6],52,115,137,63,108
1,<environment.Job instance at 0x7fb3403fb460>,53,1,[12  5],54,114,115,60,109
1,<environment.Job instance at 0x7fb3403f30f0>,57,21,[10  4],58,118,139,60,117
1,<environment.Job instance at 0x7fb3403f3f00>,60,24,[1 5],61,137,161,76,132
1,<environment.Job instance at 0x7fb3403eda50>,62,20,[10  5],63,139,159,76,132
1,<environment.Job instance at 0x7fb3403fae10>,32,18,[10  4],33,161,179,128,161
1,<environment.Job instance at 0x7fb340400640>,73,24,[3 7],74,161,185,87,161
1,<environment.Job instance at 0x7fb340400190>,74,19,[3 8],75,179,198,104,169
1,<environment.Job instance at 0x7fb340400d70>,84,19,[6 2],85,185,204,100,182
1,<environment.Job instance at 0x7fb3402b16e0>,88,27,[ 3 12],89,198,225,109,196
1,<environment.Job instance at 0x7fb3402b15a0>,94,26,[3 9],95,225,251,130,222
1,<environment.Job instance at 0x7fb34030bb40>,98,21,[2 7],99,251,272,152,243
1,<environment.Job instance at 0x7fb2f511d780>,0,23,[4 7],1,1,24,0,1
1,<environment.Job instance at 0x7fb2f51e5190>,8,20,[ 2 10],9,24,44,15,15
1,<environment.Job instance at 0x7fb2f50be3c0>,10,1,[14  4],11,44,45,33,16
1,<environment.Job instance at 0x7fb2f52137d0>,13,1,[4 8],14,16,17,2,16
1,<environment.Job instance at 0x7fb2f5213b90>,15,21,[1 6],16,44,65,28,36
1,<environment.Job instance at 0x7fb33b31dcd0>,18,23,[1 9],19,45,68,26,39
1,<environment.Job instance at 0x7fb33ac18c80>,21,3,[5 3],22,40,43,18,40
1,<environment.Job instance at 0x7fb33d3d8280>,26,2,[10  2],27,65,67,38,57
1,<environment.Job instance at 0x7fb33acfc1e0>,28,19,[4 7],29,68,87,39,64
1,<environment.Job instance at 0x7fb2f51e5c80>,5,19,[ 1 10],6,87,106,81,77
1,<environment.Job instance at 0x7fb2f512baf0>,31,1,[ 5 10],32,106,107,74,78
1,<environment.Job instance at 0x7fb2f51e95a0>,33,22,[9 1],34,78,100,44,78
1,<environment.Job instance at 0x7fb2f50c86e0>,36,1,[5 1],37,87,88,50,79
1,<environment.Job instance at 0x7fb2f51e98c0>,37,2,[ 1 12],38,107,109,69,99
1,<environment.Job instance at 0x7fb2f50c89b0>,39,2,[7 2],40,100,102,60,99
1,<environment.Job instance at 0x7fb2f50c87d0>,45,27,[6 1],46,114,141,68,114
1,<environment.Job instance at 0x7fb2f50c8cd0>,46,1,[4 7],47,114,115,67,114
1,<environment.Job instance at 0x7fb2f50c8500>,49,2,[6 2],50,124,126,74,124
1,<environment.Job instance at 0x7fb2f51f5c30>,52,23,[1 8],53,133,156,80,133
1,<environment.Job instance at 0x7fb2f51197d0>,58,2,[5 3],59,138,140,79,138
1,<environment.Job instance at 0x7fb2f5119a00>,59,3,[4 8],60,156,159,96,140
1,<environment.Job instance at 0x7fb2f5119c80>,60,2,[4 5],61,140,142,79,140
1,<environment.Job instance at 0x7fb2f51fb190>,62,1,[1 5],63,148,149,85,148
1,<environment.Job instance at 0x7fb2f51fb640>,63,26,[5 3],64,149,175,85,148
1,<environment.Job instance at 0x7fb33b0d7370>,67,1,[4 6],68,162,163,94,162
1,<environment.Job instance at 0x7fb33abdf3c0>,71,3,[5 9],72,182,185,110,182
1,<environment.Job instance at 0x7fb33ac340a0>,75,2,[5 8],76,189,191,113,189
1,<environment.Job instance at 0x7fb33ad026e0>,78,20,[5 2],79,204,224,125,204
1,<environment.Job instance at 0x7fb2f50fedc0>,79,26,[2 8],80,204,230,124,204
1,<environment.Job instance at 0x7fb2f50fea50>,81,20,[ 4 10],82,230,250,148,221
1,<environment.Job instance at 0x7fb2f50fe0a0>,85,2,[5 7],86,250,252,164,237
1,<environment.Job instance at 0x7fb2f50fe820>,87,27,[9 5],88,237,264,149,237
1,<environment.Job instance at 0x7fb2f50fe910>,90,2,[4 9],91,252,254,161,251
1,<environment.Job instance at 0x7fb2f51ad050>,95,1,[6 3],96,262,263,166,262
1,<environment.Job instance at 0x7fb2f51ad1e0>,97,1,[1 5],98,270,271,172,270
1,<environment.Job instance at 0x7fb2f544a410>,0,1,[7 2],1,2,3,1,2
1,<environment.Job instance at 0x7fb33dba3960>,2,25,[ 3 11],3,3,28,0,3
1,<environment.Job instance at 0x7fb33af87b90>,22,2,[7 5],23,57,59,34,57
1,<environment.Job instance at 0x7fb2f560ffa0>,24,2,[5 8],25,62,64,37,62
1,<environment.Job instance at 0x7fb2f529c5f0>,25,27,[4 5],26,62,89,36,62
1,<environment.Job instance at 0x7fb33af89140>,26,2,[1 8],27,64,66,37,62
1,<environment.Job instance at 0x7fb2f512ba00>,2,27,[8 3],3,3,30,0,3
1,<environment.Job instance at 0x7fb33ac63b40>,6,27,[2 6],7,7,34,0,7
1,<environment.Job instance at 0x7fb33ac67cd0>,16,2,[7 5],17,30,32,13,24
1,<environment.Job instance at 0x7fb2f5813f50>,17,1,[2 8],18,32,33,14,24
1,<environment.Job instance at 0x7fb2f5813910>,18,3,[2 9],19,33,36,14,24
1,<environment.Job instance at 0x7fb33ac8da00>,23,1,[7 1],24,36,37,12,36
1,<environment.Job instance at 0x7fb33ac796e0>,26,21,[ 4 10],27,49,70,22,49
1,<environment.Job instance at 0x7fb33ac79460>,27,23,[2 8],28,70,93,42,64
1,<environment.Job instance at 0x7fb33ac791e0>,31,3,[7 4],32,85,88,53,85
1,<environment.Job instance at 0x7fb33ac790a0>,33,1,[5 8],34,93,94,59,86
1,<environment.Job instance at 0x7fb33ac79e60>,28,3,[11  1],29,136,139,107,136
1,<environment.Job instance at 0x7fb33ac7fd20>,40,25,[6 4],41,146,171,105,146
1,<environment.Job instance at 0x7fb33ac7ffa0>,41,1,[3 6],42,146,147,104,146
1,<environment.Job instance at 0x7fb33ac7f690>,42,3,[14  5],43,171,174,128,159
1,<environment.Job instance at 0x7fb33ac7f3c0>,44,24,[5 5],45,184,208,139,184
1,<environment.Job instance at 0x7fb33ac82c30>,48,28,[ 5 10],49,185,213,136,185
1,<environment.Job instance at 0x7fb33ac82190>,52,1,[4 8],53,213,214,160,204
1,<environment.Job instance at 0x7fb33ac821e0>,54,1,[ 3 10],55,214,215,159,204
1,<environment.Job instance at 0x7fb33b2dbc80>,1,1,[8 1],2,5,6,3,5
1,<environment.Job instance at 0x7fb33ad397d0>,6,22,[1 8],7,7,29,0,7
1,<environment.Job instance at 0x7fb33ad39a00>,7,28,[5 9],8,29,57,21,28
1,<environment.Job instance at 0x7fb33d8f9690>,17,28,[9 1],18,34,62,16,34
1,<environment.Job instance at 0x7fb33d8f9c80>,22,26,[5 8],23,57,83,34,54
1,<environment.Job instance at 0x7fb33d8f9aa0>,26,2,[ 5 13],27,83,85,56,58
1,<environment.Job instance at 0x7fb33d9af730>,31,1,[13  4],32,85,86,53,73
1,<environment.Job instance at 0x7fb33d9afdc0>,33,22,[3 5],34,86,108,52,79
1,<environment.Job instance at 0x7fb33d9af2d0>,37,28,[ 5 10],38,88,116,50,88
1,<environment.Job instance at 0x7fb33d9af870>,38,2,[12  3],39,116,118,77,102
1,<environment.Job instance at 0x7fb33ad2a4b0>,40,22,[7 1],41,118,140,77,111
1,<environment.Job instance at 0x7fb33ad2ae10>,42,21,[5 7],43,118,139,75,111
1,<environment.Job instance at 0x7fb33ad2a820>,44,2,[ 5 10],45,139,141,94,112
1,<environment.Job instance at 0x7fb33ad2a460>,47,1,[ 4 10],48,141,142,93,121
1,<environment.Job instance at 0x7fb33ad2a730>,50,3,[10  1],51,140,143,89,137
1,<environment.Job instance at 0x7fb33ad392d0>,10,18,[ 2 10],11,154,172,143,154
1,<environment.Job instance at 0x7fb2f5530780>,56,2,[2 6],57,172,174,115,155
1,<environment.Job instance at 0x7fb2f5530050>,57,1,[5 1],58,155,156,97,155
1,<environment.Job instance at 0x7fb2f5530b40>,58,1,[10  1],59,156,157,97,155
1,<environment.Job instance at 0x7fb2f5530e60>,59,2,[4 7],60,172,174,112,155
1,<environment.Job instance at 0x7fb2f55303c0>,60,26,[3 7],61,174,200,113,171
1,<environment.Job instance at 0x7fb2f55300f0>,65,18,[4 9],66,200,218,134,189
1,<environment.Job instance at 0x7fb2f5530c30>,66,1,[10  1],67,189,190,122,189
1,<environment.Job instance at 0x7fb2f5530140>,69,1,[12  2],70,190,191,120,190
1,<environment.Job instance at 0x7fb2f551f9b0>,71,3,[5 1],72,201,204,129,201
1,<environment.Job instance at 0x7fb2f551fd20>,72,24,[1 9],73,218,242,145,213
1,<environment.Job instance at 0x7fb33d786b40>,75,1,[1 8],76,242,243,166,216
1,<environment.Job instance at 0x7fb33d7f1960>,77,2,[3 7],78,242,244,164,218
1,<environment.Job instance at 0x7fb33d7f1550>,78,2,[1 6],79,218,220,139,218
1,<environment.Job instance at 0x7fb33d5bd2d0>,79,3,[7 2],80,220,223,140,218
1,<environment.Job instance at 0x7fb33af8c320>,81,27,[7 1],82,243,270,161,241
1,<environment.Job instance at 0x7fb2f55188c0>,82,26,[ 3 10],83,244,270,161,241
1,<environment.Job instance at 0x7fb33d7f1c30>,85,21,[ 2 10],86,270,291,184,262
1,<environment.Job instance at 0x7fb2f5502140>,87,1,[ 3 14],88,291,292,203,283
1,<environment.Job instance at 0x7fb2f552a500>,83,2,[ 3 13],84,292,294,208,283
1,<environment.Job instance at 0x7fb33d3c84b0>,3,24,[2 6],4,4,28,0,4
1,<environment.Job instance at 0x7fb33d3c8820>,5,2,[ 2 11],6,29,31,23,29
1,<environment.Job instance at 0x7fb33d442050>,15,19,[6 3],16,31,50,15,31
1,<environment.Job instance at 0x7fb33da760a0>,22,27,[5 7],23,36,63,13,36
1,<environment.Job instance at 0x7fb2f5318c30>,24,24,[13  2],25,63,87,38,58
1,<environment.Job instance at 0x7fb2f54c0f50>,36,2,[10  2],37,87,89,50,83
1,<environment.Job instance at 0x7fb33af862d0>,44,1,[2 8],45,119,120,74,119
1,<environment.Job instance at 0x7fb33d5d05f0>,2,1,[5 9],3,3,4,0,3
1,<environment.Job instance at 0x7fb2f548e370>,15,21,[9 5],16,16,37,0,16
1,<environment.Job instance at 0x7fb2f548ed20>,23,27,[3 5],24,24,51,0,24
1,<environment.Job instance at 0x7fb2f548eaf0>,24,1,[12  4],25,37,38,12,34
1,<environment.Job instance at 0x7fb2f548ef50>,25,2,[14  1],26,51,53,25,37
1,<environment.Job instance at 0x7fb2f548f230>,30,3,[8 5],31,53,56,22,52
1,<environment.Job instance at 0x7fb2f548f2d0>,31,2,[4 5],32,53,55,21,52
1,<environment.Job instance at 0x7fb2f548f4b0>,32,3,[4 7],33,55,58,22,52
1,<environment.Job instance at 0x7fb2f548fbe0>,39,3,[3 7],40,79,82,39,79
1,<environment.Job instance at 0x7fb2f548fb90>,41,3,[5 4],42,86,89,44,86
1,<environment.Job instance at 0x7fb2f548fa00>,44,1,[4 7],45,92,93,47,92
1,<environment.Job instance at 0x7fb2f548fa50>,46,27,[10  4],47,104,131,57,104
1,<environment.Job instance at 0x7fb2f548ff50>,47,1,[5 6],48,104,105,56,104
1,<environment.Job instance at 0x7fb2f54a8190>,50,1,[ 5 11],51,118,119,67,118
1,<environment.Job instance at 0x7fb2f548fe10>,45,18,[3 9],46,120,138,74,120
1,<environment.Job instance at 0x7fb2f54a8460>,52,25,[7 3],53,131,156,78,127
1,<environment.Job instance at 0x7fb2f54a8d20>,62,2,[3 9],63,176,178,113,176
1,<environment.Job instance at 0x7fb2f548b0a0>,67,3,[2 7],68,191,194,123,191
1,<environment.Job instance at 0x7fb2f548b5a0>,70,3,[ 1 10],71,208,211,137,208
1,<environment.Job instance at 0x7fb2f548b6e0>,71,2,[ 2 10],72,211,213,139,208
1,<environment.Job instance at 0x7fb2f548b870>,76,1,[2 8],77,213,214,136,213
1,<environment.Job instance at 0x7fb2f548bf00>,83,1,[6 2],84,244,245,160,244
1,<environment.Job instance at 0x7fb2f548be10>,84,2,[2 7],85,244,246,159,244
1,<environment.Job instance at 0x7fb2f548bd70>,85,26,[4 8],86,245,271,159,244
1,<environment.Job instance at 0x7fb2f5496230>,86,20,[4 8],87,271,291,184,262
1,<environment.Job instance at 0x7fb2f5496370>,90,25,[5 4],91,262,287,171,262
1,<environment.Job instance at 0x7fb2f54965a0>,91,21,[5 5],92,287,308,195,279
1,<environment.Job instance at 0x7fb2f54966e0>,95,25,[5 7],96,291,316,195,287
1,<environment.Job instance at 0x7fb2f5496a50>,97,22,[5 8],98,308,330,210,301
1,<environment.Job instance at 0x7fb2f5496960>,3,27,[8 5],4,4,31,0,4
1,<environment.Job instance at 0x7fb2f5651640>,13,24,[3 5],14,15,39,1,15
1,<environment.Job instance at 0x7fb2f5651c30>,9,1,[12  4],10,31,32,21,28
1,<environment.Job instance at 0x7fb33d9a3050>,22,3,[9 4],23,37,40,14,37
1,<environment.Job instance at 0x7fb33dab1500>,24,27,[1 8],25,45,72,20,45
1,<environment.Job instance at 0x7fb3403f2fa0>,25,3,[6 4],26,45,48,19,45
1,<environment.Job instance at 0x7fb33ad9c910>,29,1,[4 5],30,53,54,23,53
1,<environment.Job instance at 0x7fb33adc86e0>,32,12,[6 2],33,68,80,35,68
1,<environment.Job instance at 0x7fb33adc8320>,34,23,[4 5],35,68,91,33,68
1,<environment.Job instance at 0x7fb33b276140>,40,1,[1 7],41,98,99,57,98
1,<environment.Job instance at 0x7fb33b276aa0>,41,1,[9 4],42,98,99,56,98
1,<environment.Job instance at 0x7fb33b276730>,42,2,[3 6],43,99,101,56,98
1,<environment.Job instance at 0x7fb2f56c6aa0>,45,2,[2 9],46,113,115,67,113
1,<environment.Job instance at 0x7fb2f56c65a0>,46,26,[8 5],47,113,139,66,113
1,<environment.Job instance at 0x7fb33b1cfbe0>,49,20,[6 3],50,130,150,80,130
1,<environment.Job instance at 0x7fb2f53365a0>,53,20,[5 3],54,139,159,85,133
1,<environment.Job instance at 0x7fb34000e410>,58,2,[2 5],59,162,164,103,162
1,<environment.Job instance at 0x7fb33d5912d0>,65,2,[10  1],66,193,195,127,193
1,<environment.Job instance at 0x7fb33d5916e0>,67,22,[10  1],68,195,217,127,195
1,<environment.Job instance at 0x7fb33ad72370>,11,18,[8 1],12,23,41,11,23
1,<environment.Job instance at 0x7fb33db2fdc0>,13,20,[8 4],14,41,61,27,32
1,<environment.Job instance at 0x7fb33db2f690>,14,2,[7 1],15,32,34,17,32
1,<environment.Job instance at 0x7fb33db2f500>,15,3,[2 6],16,34,37,18,32
1,<environment.Job instance at 0x7fb33db2f780>,17,27,[8 5],18,61,88,43,59
1,<environment.Job instance at 0x7fb33dba6550>,18,1,[6 5],19,59,60,40,59
1,<environment.Job instance at 0x7fb33ac41690>,24,1,[5 2],25,65,66,40,65
1,<environment.Job instance at 0x7fb33b1cff00>,27,3,[10  5],28,88,91,60,76
1,<environment.Job instance at 0x7fb33b083d70>,29,2,[ 2 12],30,91,93,61,77
1,<environment.Job instance at 0x7fb340287a00>,32,24,[4 6],33,94,118,61,94
1,<environment.Job instance at 0x7fb33afa11e0>,30,13,[1 9],31,97,110,66,97
1,<environment.Job instance at 0x7fb2f5714870>,38,1,[1 9],39,140,141,101,140
1,<environment.Job instance at 0x7fb2f5719a50>,39,1,[3 6],40,140,141,100,140
1,<environment.Job instance at 0x7fb33af3f910>,45,3,[5 3],46,187,190,141,187
1,<environment.Job instance at 0x7fb33b002640>,1,25,[9 1],2,2,27,0,2
1,<environment.Job instance at 0x7fb33b222be0>,0,1,[12  1],1,27,28,26,10
1,<environment.Job instance at 0x7fb2f53516e0>,10,27,[5 4],11,28,55,17,26
1,<environment.Job instance at 0x7fb2f53511e0>,11,28,[7 5],12,28,56,16,27
1,<environment.Job instance at 0x7fb2f5351780>,13,28,[8 2],14,55,83,41,54
1,<environment.Job instance at 0x7fb2f535b140>,25,2,[7 1],26,70,72,44,70
1,<environment.Job instance at 0x7fb2f535b230>,26,2,[2 6],27,72,74,45,70
1,<environment.Job instance at 0x7fb2f535b460>,31,1,[ 5 14],32,97,98,65,97
1,<environment.Job instance at 0x7fb2f535b550>,32,1,[7 1],33,97,98,64,97
1,<environment.Job instance at 0x7fb2f535b5f0>,33,19,[7 1],34,98,117,64,97
1,<environment.Job instance at 0x7fb2f535b7d0>,36,1,[4 5],37,100,101,63,100
1,<environment.Job instance at 0x7fb2f535baf0>,41,3,[10  5],42,131,134,89,131
1,<environment.Job instance at 0x7fb2f535bc30>,43,27,[5 1],44,131,158,87,131
1,<environment.Job instance at 0x7fb2f535bcd0>,44,15,[5 5],45,136,151,91,136
1,<environment.Job instance at 0x7fb2f535be10>,46,2,[ 5 12],47,151,153,104,142
1,<environment.Job instance at 0x7fb2f537c230>,52,1,[6 5],53,156,157,103,156
1,<environment.Job instance at 0x7fb2f537c2d0>,53,18,[6 4],54,158,176,104,158
1,<environment.Job instance at 0x7fb2f537c8c0>,54,18,[9 1],55,160,178,105,160
1,<environment.Job instance at 0x7fb2f537c9b0>,58,16,[1 7],59,176,192,117,174
1,<environment.Job instance at 0x7fb2f537cc30>,59,3,[4 7],60,176,179,116,174
1,<environment.Job instance at 0x7fb2f537cd70>,60,18,[2 9],61,192,210,131,182
1,<environment.Job instance at 0x7fb2f537a230>,67,26,[3 7],68,210,236,142,207
1,<environment.Job instance at 0x7fb2f537a140>,69,1,[4 9],70,236,237,166,208
1,<environment.Job instance at 0x7fb2f537aaa0>,73,3,[1 5],74,211,214,137,211
1,<environment.Job instance at 0x7fb2f537ad20>,77,1,[ 2 11],78,237,238,159,225
1,<environment.Job instance at 0x7fb2f537ae60>,79,25,[3 8],80,238,263,158,234
1,<environment.Job instance at 0x7fb2f5364460>,86,1,[6 4],87,256,257,169,256
1,<environment.Job instance at 0x7fb2f5364500>,87,28,[4 9],88,263,291,175,262
1,<environment.Job instance at 0x7fb2f53647d0>,93,2,[5 9],94,291,293,197,270
1,<environment.Job instance at 0x7fb3400072d0>,11,2,[3 8],12,12,14,0,12
1,<environment.Job instance at 0x7fb2f5504e60>,12,1,[8 4],13,13,14,0,13
1,<environment.Job instance at 0x7fb2f52e0870>,16,3,[4 7],17,17,20,0,17
1,<environment.Job instance at 0x7fb2f52e0410>,18,1,[1 9],19,22,23,3,22
1,<environment.Job instance at 0x7fb2f52e07d0>,19,2,[4 9],20,23,25,3,23
1,<environment.Job instance at 0x7fb33d5b1500>,21,2,[4 7],22,29,31,7,29
1,<environment.Job instance at 0x7fb33d5b1460>,23,1,[9 5],24,34,35,10,34
1,<environment.Job instance at 0x7fb3401a64b0>,24,21,[8 1],25,35,56,10,34
1,<environment.Job instance at 0x7fb3401a6550>,26,2,[7 3],27,42,44,15,42
1,<environment.Job instance at 0x7fb3401a6870>,27,1,[1 7],28,44,45,16,42
1,<environment.Job instance at 0x7fb3401a65f0>,28,3,[1 5],29,44,47,15,42
1,<environment.Job instance at 0x7fb33ae62960>,29,25,[ 3 10],30,47,72,17,43
1,<environment.Job instance at 0x7fb33ae62a50>,32,2,[6 5],33,60,62,27,60
1,<environment.Job instance at 0x7fb33ae62dc0>,31,12,[ 1 10],32,79,91,47,79
1,<environment.Job instance at 0x7fb33ae620a0>,37,23,[9 2],38,79,102,41,79
1,<environment.Job instance at 0x7fb33abffc80>,41,3,[9 5],42,102,105,60,90
1,<environment.Job instance at 0x7fb33abff3c0>,42,3,[8 1],43,105,108,62,90
1,<environment.Job instance at 0x7fb33abff460>,44,1,[1 8],45,91,92,46,90
1,<environment.Job instance at 0x7fb33abffcd0>,46,3,[1 7],47,102,105,55,102
1,<environment.Job instance at 0x7fb33abff0f0>,47,1,[6 5],48,105,106,57,102
1,<environment.Job instance at 0x7fb3402cbbe0>,49,1,[8 2],50,108,109,58,106
1,<environment.Job instance at 0x7fb33b0c1fa0>,52,18,[ 2 10],53,122,140,69,122
1,<environment.Job instance at 0x7fb33b2f3a00>,58,1,[3 8],59,140,141,81,135
1,<environment.Job instance at 0x7fb33b2f3460>,63,24,[4 7],64,168,192,104,168
1,<environment.Job instance at 0x7fb33b2f3640>,65,3,[6 4],66,169,172,103,169
1,<environment.Job instance at 0x7fb33b2f3af0>,66,2,[10  1],67,172,174,105,169
1,<environment.Job instance at 0x7fb2f550ccd0>,67,1,[7 3],68,174,175,106,169
1,<environment.Job instance at 0x7fb2f550c0f0>,68,23,[ 4 10],69,192,215,123,186
1,<environment.Job instance at 0x7fb2f550c7d0>,73,1,[6 5],74,187,188,113,187
1,<environment.Job instance at 0x7fb2f550c820>,74,1,[4 9],75,215,216,140,187
1,<environment.Job instance at 0x7fb2f4f03910>,0,26,[4 8],1,1,27,0,1
1,<environment.Job instance at 0x7fb33d4fc870>,17,3,[1 6],18,32,35,14,32
1,<environment.Job instance at 0x7fb33b156cd0>,12,18,[4 5],13,36,54,23,36
1,<environment.Job instance at 0x7fb33d4fc4b0>,20,2,[3 9],21,43,45,22,43
1,<environment.Job instance at 0x7fb33d4fc910>,21,2,[9 4],22,45,47,23,44
1,<environment.Job instance at 0x7fb33d4fc960>,23,1,[ 3 13],24,54,55,30,48
1,<environment.Job instance at 0x7fb33d4fc050>,25,22,[1 9],26,55,77,29,48
1,<environment.Job instance at 0x7fb2f506e960>,31,2,[1 5],32,79,81,47,79
1,<environment.Job instance at 0x7fb2f506e730>,32,3,[9 5],33,79,82,46,79
1,<environment.Job instance at 0x7fb2f506ef50>,34,2,[7 4],35,82,84,47,80
1,<environment.Job instance at 0x7fb2f506ec80>,35,1,[ 5 13],36,84,85,48,80
1,<environment.Job instance at 0x7fb2f5060be0>,40,19,[5 4],41,111,130,70,111
1,<environment.Job instance at 0x7fb2f5060640>,42,3,[5 9],43,128,131,85,128
1,<environment.Job instance at 0x7fb2f5060050>,44,24,[5 9],45,131,155,86,128
1,<environment.Job instance at 0x7fb2f5060dc0>,43,18,[9 2],44,130,148,86,128
1,<environment.Job instance at 0x7fb2f5060d70>,47,26,[8 5],48,148,174,100,145
1,<environment.Job instance at 0x7fb2f50091e0>,53,26,[7 5],54,157,183,103,157
1,<environment.Job instance at 0x7fb2f5009a50>,55,2,[13  2],56,183,185,127,167
1,<environment.Job instance at 0x7fb2f50090a0>,56,20,[3 6],57,185,205,128,176
1,<environment.Job instance at 0x7fb33d96a320>,60,1,[9 3],61,191,192,130,191
1,<environment.Job instance at 0x7fb33d96a730>,61,1,[4 6],62,192,193,130,191
1,<environment.Job instance at 0x7fb33d96ac30>,63,3,[11  3],64,198,201,134,198
1,<environment.Job instance at 0x7fb33d96a6e0>,64,1,[4 7],65,201,202,136,198
1,<environment.Job instance at 0x7fb33ad17190>,66,1,[1 9],67,208,209,141,208
1,<environment.Job instance at 0x7fb33ad170a0>,67,2,[8 2],68,209,211,141,209
1,<environment.Job instance at 0x7fb33ad17a00>,68,3,[9 2],69,211,214,142,209
1,<environment.Job instance at 0x7fb33ad17500>,72,1,[7 3],73,222,223,149,222
1,<environment.Job instance at 0x7fb33ad17280>,73,3,[9 3],74,223,226,149,222
1,<environment.Job instance at 0x7fb33ad176e0>,75,2,[4 9],76,222,224,146,222
1,<environment.Job instance at 0x7fb33ad175f0>,76,2,[2 8],77,224,226,147,222
1,<environment.Job instance at 0x7fb33b0cd960>,77,3,[1 6],78,226,229,148,222
1,<environment.Job instance at 0x7fb33b0cd0f0>,79,1,[5 5],80,232,233,152,232
1,<environment.Job instance at 0x7fb2f5015c30>,80,3,[4 8],81,232,235,151,232
1,<environment.Job instance at 0x7fb2f50157d0>,83,2,[9 4],84,240,242,156,240
1,<environment.Job instance at 0x7fb2f5071eb0>,86,23,[10  4],87,277,300,190,277
1,<environment.Job instance at 0x7fb2f5071e60>,90,3,[10  4],91,300,303,209,290
1,<environment.Job instance at 0x7fb2f50717d0>,93,1,[6 2],94,313,314,219,313
1,<environment.Job instance at 0x7fb2f5071910>,94,2,[8 4],95,313,315,218,313
1,<environment.Job instance at 0x7fb2f5518960>,7,1,[4 8],8,8,9,0,8
1,<environment.Job instance at 0x7fb33ade2320>,9,25,[8 3],10,10,35,0,10
1,<environment.Job instance at 0x7fb33ade22d0>,10,2,[5 5],11,11,13,0,11
1,<environment.Job instance at 0x7fb33ac34c30>,12,24,[11  1],13,35,59,22,30
1,<environment.Job instance at 0x7fb33d594b40>,23,2,[4 8],24,63,65,39,63
1,<environment.Job instance at 0x7fb33ae075f0>,24,1,[ 3 10],25,65,66,40,63
1,<environment.Job instance at 0x7fb33da76730>,14,18,[8 2],15,67,85,52,67
1,<environment.Job instance at 0x7fb33ae07370>,26,3,[7 4],27,67,70,40,67
1,<environment.Job instance at 0x7fb33ae07c30>,27,1,[8 2],28,85,86,57,67
1,<environment.Job instance at 0x7fb33ae07e60>,28,2,[8 3],29,86,88,57,67
1,<environment.Job instance at 0x7fb33acd2460>,29,1,[ 3 10],30,70,71,40,67
1,<environment.Job instance at 0x7fb33acd2780>,30,2,[8 2],31,88,90,57,67
1,<environment.Job instance at 0x7fb2f551afa0>,31,18,[7 1],32,71,89,39,71
1,<environment.Job instance at 0x7fb33d569910>,32,1,[4 6],33,89,90,56,71
1,<environment.Job instance at 0x7fb2f54ea0f0>,34,1,[5 8],35,90,91,55,71
1,<environment.Job instance at 0x7fb33af79780>,39,2,[10  1],40,90,92,50,86
1,<environment.Job instance at 0x7fb33d722780>,43,2,[12  1],44,98,100,54,98
1,<environment.Job instance at 0x7fb33d7220f0>,44,1,[ 5 14],45,100,101,55,98
1,<environment.Job instance at 0x7fb33ac686e0>,46,21,[3 7],47,102,123,55,102
1,<environment.Job instance at 0x7fb33ac68190>,48,28,[8 3],49,114,142,65,114
1,<environment.Job instance at 0x7fb33ac68a00>,49,20,[1 9],50,123,143,73,114
1,<environment.Job instance at 0x7fb33ac8fb90>,57,2,[13  1],58,161,163,103,161
1,<environment.Job instance at 0x7fb33ac8f3c0>,60,2,[4 9],61,177,179,116,177
1,<environment.Job instance at 0x7fb33ac8f280>,64,1,[11  3],65,193,194,128,193
1,<environment.Job instance at 0x7fb33d8e63c0>,69,3,[5 6],70,206,209,136,206
1,<environment.Job instance at 0x7fb33d8e6a00>,70,2,[2 9],71,206,208,135,206
1,<environment.Job instance at 0x7fb2f4e8c320>,72,27,[9 1],73,225,252,152,225
1,<environment.Job instance at 0x7fb33d8d5730>,75,1,[9 3],76,252,253,176,237
1,<environment.Job instance at 0x7fb2f56c94b0>,76,21,[12  2],77,253,274,176,245
1,<environment.Job instance at 0x7fb2f4ea2b90>,79,20,[2 8],80,246,266,166,246
1,<environment.Job instance at 0x7fb33b2c72d0>,81,19,[5 5],82,274,293,192,264
1,<environment.Job instance at 0x7fb2f56f89b0>,86,2,[12  3],87,336,338,249,336
1,<environment.Job instance at 0x7fb33daa4370>,88,1,[ 4 10],89,338,339,249,336
1,<environment.Job instance at 0x7fb33daa4b90>,91,23,[5 9],92,342,365,250,342
1,<environment.Job instance at 0x7fb33ac87190>,1,26,[7 2],2,2,28,0,2
1,<environment.Job instance at 0x7fb33ac28640>,7,1,[14  5],8,28,29,20,9
1,<environment.Job instance at 0x7fb2f5547b90>,2,2,[ 2 13],3,16,18,13,16
1,<environment.Job instance at 0x7fb33ac28190>,10,1,[1 6],11,18,19,7,16
1,<environment.Job instance at 0x7fb33ac28780>,8,19,[ 5 11],9,29,48,20,25
1,<environment.Job instance at 0x7fb2f503b820>,18,1,[ 4 13],19,48,49,29,44
1,<environment.Job instance at 0x7fb33ad26870>,19,19,[9 1],20,45,64,25,45
1,<environment.Job instance at 0x7fb33d4e4c80>,24,23,[8 3],25,64,87,39,58
1,<environment.Job instance at 0x7fb33acfae60>,22,2,[ 3 14],23,87,89,64,80
1,<environment.Job instance at 0x7fb2f5544e60>,29,1,[11  4],30,89,90,59,81
1,<environment.Job instance at 0x7fb2f5544f00>,33,27,[9 4],34,90,117,56,88
1,<environment.Job instance at 0x7fb2f55446e0>,34,25,[8 2],35,117,142,82,113
1,<environment.Job instance at 0x7fb2f57f94b0>,44,2,[5 6],45,140,142,95,140
1,<environment.Job instance at 0x7fb2f57f9500>,46,2,[3 9],47,142,144,95,142
1,<environment.Job instance at 0x7fb2f552df00>,50,3,[6 3],51,162,165,111,162
1,<environment.Job instance at 0x7fb2f552d0a0>,52,2,[5 7],53,164,166,111,164
1,<environment.Job instance at 0x7fb2f552dcd0>,53,2,[2 5],54,164,166,110,164
1,<environment.Job instance at 0x7fb2f552d140>,54,2,[2 8],55,166,168,111,164
1,<environment.Job instance at 0x7fb2f55ce550>,55,22,[9 4],56,166,188,110,164
1,<environment.Job instance at 0x7fb2f50ecf50>,59,27,[5 8],60,176,203,116,176
1,<environment.Job instance at 0x7fb2f5488960>,64,2,[7 4],65,203,205,138,203
1,<environment.Job instance at 0x7fb2f54886e0>,66,22,[3 8],67,203,225,136,203
1,<environment.Job instance at 0x7fb2f5015fa0>,68,2,[5 5],69,205,207,136,205
1,<environment.Job instance at 0x7fb33b0c4af0>,70,1,[10  3],71,207,208,136,205
1,<environment.Job instance at 0x7fb33d4a35f0>,71,3,[5 8],72,225,228,153,205
1,<environment.Job instance at 0x7fb33b0c4410>,72,1,[3 9],73,228,229,155,205
1,<environment.Job instance at 0x7fb33d4a3dc0>,73,1,[5 2],74,205,206,131,205
1,<environment.Job instance at 0x7fb2f56675a0>,77,3,[6 4],78,271,274,193,271
1,<environment.Job instance at 0x7fb33d9d6c80>,82,1,[14  1],83,294,295,211,294
1,<environment.Job instance at 0x7fb33d91f870>,85,2,[1 6],86,326,328,240,326
1,<environment.Job instance at 0x7fb33d97a190>,87,1,[9 4],88,336,337,248,336
1,<environment.Job instance at 0x7fb33d97a2d0>,88,24,[8 2],89,337,361,248,336
1,<environment.Job instance at 0x7fb33d97a780>,89,27,[ 3 13],90,337,364,247,336
1,<environment.Job instance at 0x7fb33d97a780>,7,1,[9 3],8,8,9,0,8
1,<environment.Job instance at 0x7fb2f4e619b0>,9,1,[9 1],10,10,11,0,10
1,<environment.Job instance at 0x7fb2f4e61b40>,8,3,[2 8],9,11,14,2,11
1,<environment.Job instance at 0x7fb2f4e61140>,13,26,[7 3],14,14,40,0,14
1,<environment.Job instance at 0x7fb2f4e61aa0>,17,27,[1 8],18,22,49,4,22
1,<environment.Job instance at 0x7fb2f4e01190>,25,1,[ 5 10],26,66,67,40,66
1,<environment.Job instance at 0x7fb2f4e015f0>,27,3,[2 5],28,74,77,46,74
1,<environment.Job instance at 0x7fb2f4e01960>,28,1,[7 2],29,74,75,45,74
1,<environment.Job instance at 0x7fb2f4e01050>,30,26,[2 8],31,80,106,49,80
1,<environment.Job instance at 0x7fb2f4e01730>,36,3,[2 7],37,107,110,70,107
1,<environment.Job instance at 0x7fb34003b690>,37,2,[9 5],38,107,109,69,107
1,<environment.Job instance at 0x7fb34003b230>,40,20,[7 1],41,118,138,77,118
1,<environment.Job instance at 0x7fb2f4eca690>,42,14,[7 1],43,124,138,81,124
1,<environment.Job instance at 0x7fb2f4eca4b0>,44,21,[6 1],45,138,159,93,130
1,<environment.Job instance at 0x7fb2f4eca500>,48,2,[7 4],49,138,140,89,137
1,<environment.Job instance at 0x7fb2f4eca460>,49,1,[2 6],50,138,139,88,137
1,<environment.Job instance at 0x7fb2f4ecabe0>,54,1,[8 3],55,166,167,111,166
1,<environment.Job instance at 0x7fb2f4e05d70>,56,3,[5 5],57,170,173,113,170
1,<environment.Job instance at 0x7fb2f4e050f0>,58,1,[7 4],59,183,184,124,183
1,<environment.Job instance at 0x7fb2f4e055a0>,59,2,[3 9],60,183,185,123,183
1,<environment.Job instance at 0x7fb2f4e05050>,60,24,[ 4 14],61,185,209,124,183
1,<environment.Job instance at 0x7fb2f4e66640>,65,24,[7 4],66,209,233,143,204
1,<environment.Job instance at 0x7fb2f4e662d0>,68,1,[5 9],69,233,234,164,233
1,<environment.Job instance at 0x7fb2f4e66910>,69,3,[6 3],70,233,236,163,233
1,<environment.Job instance at 0x7fb2f4e66960>,75,25,[6 2],76,265,290,189,265
1,<environment.Job instance at 0x7fb2f4e66c80>,76,2,[ 1 13],77,265,267,188,265
1,<environment.Job instance at 0x7fb2f4e66730>,78,2,[5 6],79,267,269,188,265
1,<environment.Job instance at 0x7fb2f4e7df50>,80,2,[5 2],81,317,319,236,317
1,<environment.Job instance at 0x7fb2f4e7d460>,83,2,[2 6],84,326,328,242,326
1,<environment.Job instance at 0x7fb2f4e7d870>,84,1,[8 1],85,326,327,241,326
1,<environment.Job instance at 0x7fb2f4e7d280>,86,26,[10  2],87,327,353,240,327
1,<environment.Job instance at 0x7fb2f4e7d1e0>,92,21,[9 5],93,384,405,291,384
1,<environment.Job instance at 0x7fb2f4e071e0>,94,1,[12  5],95,405,406,310,385
1,<environment.Job instance at 0x7fb2f4e07280>,95,1,[ 2 14],96,406,407,310,387
1,<environment.Job instance at 0x7fb2f4e075f0>,97,2,[14  3],98,407,409,309,399
1,<environment.Job instance at 0x7fb33ad6cf00>,8,28,[ 2 11],9,9,37,0,9
1,<environment.Job instance at 0x7fb33ad80a00>,18,2,[6 2],19,45,47,26,45
1,<environment.Job instance at 0x7fb33ae84550>,28,2,[1 7],29,105,107,76,105
1,<environment.Job instance at 0x7fb33ae84690>,29,1,[5 6],30,105,106,75,105
1,<environment.Job instance at 0x7fb33ad752d0>,34,3,[5 5],35,120,123,85,120
1,<environment.Job instance at 0x7fb33aefdb90>,36,1,[4 9],37,126,127,89,126
1,<environment.Job instance at 0x7fb33ad75910>,44,3,[3 6],45,196,199,151,196
1,<environment.Job instance at 0x7fb33ad05370>,45,1,[2 6],46,196,197,150,196
1,<environment.Job instance at 0x7fb2f552b8c0>,57,24,[8 1],58,267,291,209,267
1,<environment.Job instance at 0x7fb2f552ba00>,61,28,[5 9],62,282,310,220,282
1,<environment.Job instance at 0x7fb2f552bc80>,63,28,[6 1],64,291,319,227,290
1,<environment.Job instance at 0x7fb2f5512a00>,68,23,[ 3 10],69,369,392,300,369
1,<environment.Job instance at 0x7fb33b2b95f0>,9,1,[5 9],10,10,11,0,10
1,<environment.Job instance at 0x7fb33b2b99b0>,12,20,[1 9],13,15,35,2,15
1,<environment.Job instance at 0x7fb2f508c5a0>,17,26,[ 2 12],18,35,61,17,32
1,<environment.Job instance at 0x7fb2f4f95280>,23,1,[9 2],24,42,43,18,42
1,<environment.Job instance at 0x7fb33d8c45a0>,22,3,[11  1],23,47,50,24,47
1,<environment.Job instance at 0x7fb2f4f95b90>,25,26,[5 5],26,61,87,35,58
1,<environment.Job instance at 0x7fb33d8c4280>,19,1,[ 3 12],20,87,88,67,59
1,<environment.Job instance at 0x7fb2f4f52e60>,28,22,[10  5],29,61,83,32,59
1,<environment.Job instance at 0x7fb33d7d8a50>,34,25,[9 4],35,88,113,53,84
1,<environment.Job instance at 0x7fb33d591dc0>,40,25,[9 5],41,113,138,72,109
1,<environment.Job instance at 0x7fb33b211640>,45,22,[6 4],46,113,135,67,113
1,<environment.Job instance at 0x7fb33db68fa0>,42,3,[12  5],43,138,141,95,136
1,<environment.Job instance at 0x7fb33b211dc0>,50,26,[10  1],51,141,167,90,138
1,<environment.Job instance at 0x7fb33b211960>,52,22,[2 7],53,141,163,88,141
1,<environment.Job instance at 0x7fb33d3c5690>,57,3,[2 9],58,163,166,105,160
1,<environment.Job instance at 0x7fb33d3c5eb0>,58,2,[5 1],59,166,168,107,160
1,<environment.Job instance at 0x7fb33d591c30>,41,3,[11  1],42,176,179,134,176
1,<environment.Job instance at 0x7fb33d8cf7d0>,63,1,[9 4],64,179,180,115,177
1,<environment.Job instance at 0x7fb2f53db140>,65,27,[5 8],66,186,213,120,186
1,<environment.Job instance at 0x7fb2f4ec80f0>,67,25,[6 4],68,192,217,124,192
1,<environment.Job instance at 0x7fb2f4ec82d0>,69,25,[10  1],70,217,242,147,213
1,<environment.Job instance at 0x7fb33d7765f0>,77,1,[5 9],78,223,224,145,223
1,<environment.Job instance at 0x7fb33d776cd0>,79,1,[ 3 10],80,229,230,149,229
1,<environment.Job instance at 0x7fb33d7760a0>,81,21,[4 7],82,238,259,156,238
1,<environment.Job instance at 0x7fb33d776c80>,83,2,[ 5 10],84,259,261,175,238
1,<environment.Job instance at 0x7fb33d7760f0>,86,2,[7 1],87,255,257,168,255
1,<environment.Job instance at 0x7fb33d776e10>,88,2,[ 5 10],89,261,263,172,256
1,<environment.Job instance at 0x7fb33d776aa0>,89,3,[ 2 10],90,263,266,173,256
1,<environment.Job instance at 0x7fb33d5d0370>,91,26,[5 4],92,272,298,180,272
1,<environment.Job instance at 0x7fb33d5d0690>,92,1,[10  4],93,272,273,179,272
1,<environment.Job instance at 0x7fb33d5d07d0>,93,1,[6 5],94,273,274,179,272
1,<environment.Job instance at 0x7fb33d5d0be0>,98,26,[ 3 10],99,289,315,190,289
1,<environment.Job instance at 0x7fb33b1fbe60>,0,22,[ 3 10],1,1,23,0,1
1,<environment.Job instance at 0x7fb33d682370>,17,3,[ 5 11],18,23,26,5,22
1,<environment.Job instance at 0x7fb33d682140>,18,1,[1 5],19,22,23,3,22
1,<environment.Job instance at 0x7fb33d682be0>,20,2,[3 7],21,26,28,5,22
1,<environment.Job instance at 0x7fb33d6828c0>,22,2,[8 4],23,23,25,0,23
1,<environment.Job instance at 0x7fb33d65bcd0>,27,3,[5 5],28,50,53,22,50
1,<environment.Job instance at 0x7fb33d65bf00>,30,2,[6 2],31,63,65,32,63
1,<environment.Job instance at 0x7fb33d65bd20>,31,2,[10  5],32,65,67,33,63
1,<environment.Job instance at 0x7fb33d682a50>,12,18,[2 9],13,99,117,86,99
1,<environment.Job instance at 0x7fb33d4085a0>,39,20,[5 5],40,106,126,66,106
1,<environment.Job instance at 0x7fb33d408fa0>,47,2,[13  4],48,126,128,78,122
1,<environment.Job instance at 0x7fb33d408b90>,48,1,[3 9],49,122,123,73,122
1,<environment.Job instance at 0x7fb33d408be0>,49,1,[5 1],50,122,123,72,122
1,<environment.Job instance at 0x7fb2f57f1280>,50,3,[1 7],51,123,126,72,122
1,<environment.Job instance at 0x7fb2f57f16e0>,52,2,[10  3],53,130,132,77,130
1,<environment.Job instance at 0x7fb2f57f1a50>,57,28,[8 2],58,156,184,98,156
1,<environment.Job instance at 0x7fb2f4f00eb0>,6,20,[5 3],7,7,27,0,7
1,<environment.Job instance at 0x7fb2f57f2230>,10,21,[5 4],11,11,32,0,11
1,<environment.Job instance at 0x7fb2f4f00b90>,7,1,[ 2 11],8,27,28,19,22
1,<environment.Job instance at 0x7fb3401c5050>,17,1,[9 3],18,28,29,10,22
1,<environment.Job instance at 0x7fb3401c5e60>,19,1,[8 5],20,29,30,9,29
1,<environment.Job instance at 0x7fb3401c5730>,21,3,[5 8],22,38,41,16,38
1,<environment.Job instance at 0x7fb3401c58c0>,22,2,[6 1],23,38,40,15,38
1,<environment.Job instance at 0x7fb33d680be0>,27,3,[ 5 11],28,70,73,42,70
1,<environment.Job instance at 0x7fb33d680730>,34,2,[8 3],35,99,101,64,99
1,<environment.Job instance at 0x7fb33d66e640>,35,3,[2 5],36,99,102,63,99
1,<environment.Job instance at 0x7fb33d66e690>,36,2,[9 3],37,101,103,64,99
1,<environment.Job instance at 0x7fb33d66e820>,37,1,[5 9],38,102,103,64,99
1,<environment.Job instance at 0x7fb33d66e050>,39,3,[7 2],40,116,119,76,116
1,<environment.Job instance at 0x7fb33d6782d0>,41,18,[8 4],42,117,135,75,117
1,<environment.Job instance at 0x7fb33d678f00>,43,18,[4 6],44,132,150,88,132
1,<environment.Job instance at 0x7fb33b131500>,47,3,[10  4],48,149,152,101,149
1,<environment.Job instance at 0x7fb33d678b40>,48,1,[3 9],49,150,151,101,149
1,<environment.Job instance at 0x7fb33d8d86e0>,51,2,[ 3 10],52,160,162,108,160
1,<environment.Job instance at 0x7fb33adeac30>,52,1,[1 8],53,162,163,109,160
1,<environment.Job instance at 0x7fb33d9ad140>,53,2,[7 5],54,160,162,106,160
1,<environment.Job instance at 0x7fb34017f5f0>,54,1,[6 5],55,162,163,107,160
1,<environment.Job instance at 0x7fb33d9ad0f0>,55,28,[5 5],56,163,191,107,162
1,<environment.Job instance at 0x7fb2f52f0d20>,61,21,[4 8],62,180,201,118,180
1,<environment.Job instance at 0x7fb33d656af0>,64,2,[4 5],65,195,197,130,195
1,<environment.Job instance at 0x7fb33d656c30>,65,2,[5 5],66,197,199,131,195
1,<environment.Job instance at 0x7fb33d6560f0>,67,3,[2 7],68,199,202,131,195
1,<environment.Job instance at 0x7fb33d656e10>,68,1,[ 1 11],69,202,203,133,195
1,<environment.Job instance at 0x7fb33d656910>,69,2,[1 8],70,203,205,133,195
1,<environment.Job instance at 0x7fb33ac8fd70>,70,21,[6 2],71,201,222,130,195
1,<environment.Job instance at 0x7fb33db99500>,71,1,[5 3],72,201,202,129,195
1,<environment.Job instance at 0x7fb2f5120be0>,74,1,[1 9],75,206,207,131,206
1,<environment.Job instance at 0x7fb2f51e0550>,75,2,[ 3 10],76,207,209,131,206
1,<environment.Job instance at 0x7fb2f51e04b0>,76,1,[10  1],77,222,223,145,206
1,<environment.Job instance at 0x7fb2f55060a0>,78,22,[4 8],79,209,231,130,208
1,<environment.Job instance at 0x7fb33d47c9b0>,80,28,[4 7],81,284,312,203,284
1,<environment.Job instance at 0x7fc219945280>,3,22,[2 5],4,4,26,0,4
1,<environment.Job instance at 0x7fc219945870>,10,22,[8 1],11,11,33,0,11
1,<environment.Job instance at 0x7fc219945aa0>,12,23,[6 4],13,26,49,13,20
1,<environment.Job instance at 0x7fc219945a50>,14,21,[8 1],15,33,54,18,25
1,<environment.Job instance at 0x7fc219945e10>,18,26,[7 4],19,49,75,30,46
1,<environment.Job instance at 0x7fc219945eb0>,19,25,[5 9],20,54,79,34,50
1,<environment.Job instance at 0x7fc219948a50>,30,26,[9 4],31,75,101,44,72
1,<environment.Job instance at 0x7fc219948b90>,32,21,[5 9],33,79,100,46,77
1,<environment.Job instance at 0x7fc219948c30>,33,26,[3 6],34,100,126,66,97
1,<environment.Job instance at 0x7fc219948af0>,31,1,[ 2 14],32,126,127,94,98
1,<environment.Job instance at 0x7fc219948e10>,36,2,[7 5],37,101,103,64,98
1,<environment.Job instance at 0x7fc219948f50>,38,2,[6 1],39,103,105,64,98
1,<environment.Job instance at 0x7fc219948640>,40,26,[ 1 10],41,127,153,86,124
1,<environment.Job instance at 0x7fc2199486e0>,41,1,[7 1],42,124,125,82,124
1,<environment.Job instance at 0x7fc21994c280>,59,19,[1 7],60,165,184,105,165
1,<environment.Job instance at 0x7fc21994c1e0>,61,1,[7 5],62,166,167,104,166
1,<environment.Job instance at 0x7fc21994c500>,64,2,[2 8],65,176,178,111,176
1,<environment.Job instance at 0x7fc21994c5a0>,65,1,[5 8],66,178,179,112,176
1,<environment.Job instance at 0x7fc21994cb90>,70,1,[5 4],71,197,198,126,197
1,<environment.Job instance at 0x7fc21994cc30>,71,2,[5 1],72,197,199,125,197
1,<environment.Job instance at 0x7fc21994cc80>,73,2,[9 3],74,198,200,124,197
1,<environment.Job instance at 0x7fc21994cbe0>,74,2,[1 7],75,197,199,122,197
1,<environment.Job instance at 0x7fc21994cdc0>,75,3,[10  4],76,200,203,124,197
1,<environment.Job instance at 0x7fc21994ce60>,76,13,[10  1],77,203,216,126,200
1,<environment.Job instance at 0x7fc21994f050>,79,19,[10  3],80,216,235,136,211
1,<environment.Job instance at 0x7fc21994f410>,80,1,[5 5],81,211,212,130,211
1,<environment.Job instance at 0x7fc21994f550>,82,21,[4 8],83,221,242,138,221
1,<environment.Job instance at 0x7fc21994fa50>,90,3,[6 1],91,246,249,155,246
1,<environment.Job instance at 0x7fc21994fc30>,93,25,[ 1 10],94,260,285,166,260
1,<environment.Job instance at 0x7fc219953910>,106,1,[4 8],107,297,298,190,297
1,<environment.Job instance at 0x7fc2199616e0>,0,23,[5 1],1,1,24,0,1
1,<environment.Job instance at 0x7fc220ec2dc0>,9,28,[7 5],10,10,38,0,10
1,<environment.Job instance at 0x7fc220ec20a0>,7,3,[ 3 13],8,38,41,30,30
1,<environment.Job instance at 0x7fc220ec7460>,23,2,[ 5 10],24,30,32,6,30
1,<environment.Job instance at 0x7fc220eca320>,10,19,[ 5 12],11,41,60,30,33
1,<environment.Job instance at 0x7fc220ece0f0>,26,1,[9 5],27,60,61,33,33
1,<environment.Job instance at 0x7fc220ece230>,27,28,[ 2 10],28,60,88,32,59
1,<environment.Job instance at 0x7fc220ec8280>,34,20,[13  4],35,69,89,34,69
1,<environment.Job instance at 0x7fc220ec8460>,41,22,[5 6],42,89,111,47,82
1,<environment.Job instance at 0x7fc220ec4f00>,43,1,[12  5],44,111,112,67,88
1,<environment.Job instance at 0x7fc220ec42d0>,44,1,[8 3],45,89,90,44,88
1,<environment.Job instance at 0x7fc220ec4d70>,47,21,[10  4],48,90,111,42,88
1,<environment.Job instance at 0x7fc220ec4730>,50,24,[1 5],51,111,135,60,106
1,<environment.Job instance at 0x7fc220ec0870>,52,20,[10  5],53,112,132,59,106
1,<environment.Job instance at 0x7fc220ddb280>,62,3,[8 5],63,132,135,69,132
1,<environment.Job instance at 0x7fc220ecdb90>,63,24,[3 7],64,135,159,71,132
1,<environment.Job instance at 0x7fc220ecd550>,64,19,[3 8],65,135,154,70,132
1,<environment.Job instance at 0x7fc220ebd0a0>,72,1,[8 3],73,154,155,81,151
1,<environment.Job instance at 0x7fc220ebdf50>,73,3,[2 5],74,154,157,80,151
1,<environment.Job instance at 0x7fc220ebd2d0>,74,19,[6 2],75,155,174,80,151
1,<environment.Job instance at 0x7fc220ebd550>,75,1,[9 3],76,159,160,83,151
1,<environment.Job instance at 0x7fc220ebd7d0>,76,17,[9 1],77,160,177,83,159
1,<environment.Job instance at 0x7fc2197d54b0>,78,27,[ 3 12],79,174,201,95,172
1,<environment.Job instance at 0x7fc220d7d370>,84,26,[3 9],85,201,227,116,198
1,<environment.Job instance at 0x7fc220d7db40>,86,3,[7 5],87,201,204,114,198
1,<environment.Job instance at 0x7fc220d7d910>,87,2,[5 3],88,198,200,110,198
1,<environment.Job instance at 0x7fc220d366e0>,88,21,[2 7],89,227,248,138,219
1,<environment.Job instance at 0x7fc220d7deb0>,89,3,[10  4],90,219,222,129,219
1,<environment.Job instance at 0x7fc1d5be8b40>,90,23,[4 7],91,227,250,136,221
1,<environment.Job instance at 0x7fc2050dfbe0>,98,20,[ 2 10],99,250,270,151,241
1,<environment.Job instance at 0x7fc1d5c3a190>,100,1,[14  4],101,270,271,169,246
1,<environment.Job instance at 0x7fc1d5d651e0>,105,21,[1 6],106,270,291,164,262
1,<environment.Job instance at 0x7fc1d5cc9cd0>,108,23,[1 9],109,278,301,169,278
1,<environment.Job instance at 0x7fc1d5f0afa0>,1,3,[5 3],2,6,9,4,6
1,<environment.Job instance at 0x7fc1d5c00370>,6,2,[10  2],7,7,9,0,7
1,<environment.Job instance at 0x7fc1d5c00f00>,8,19,[4 7],9,9,28,0,9
1,<environment.Job instance at 0x7fc1d5c000f0>,11,1,[ 5 10],12,28,29,16,12
1,<environment.Job instance at 0x7fc219e74820>,13,22,[9 1],14,14,36,0,14
1,<environment.Job instance at 0x7fc1d5bf9230>,17,2,[ 1 12],18,29,31,11,26
1,<environment.Job instance at 0x7fc219e0f7d0>,25,27,[6 1],26,40,67,14,40
1,<environment.Job instance at 0x7fc2196f82d0>,26,1,[4 7],27,40,41,13,40
1,<environment.Job instance at 0x7fc219e39140>,28,3,[5 1],29,42,45,13,42
1,<environment.Job instance at 0x7fc219712f00>,29,2,[6 2],30,45,47,15,42
1,<environment.Job instance at 0x7fc1d5c74230>,32,23,[1 8],33,54,77,21,54
1,<environment.Job instance at 0x7fc1d5c74280>,33,1,[9 5],34,67,68,33,54
1,<environment.Job instance at 0x7fc1d5c3a960>,34,2,[7 1],35,54,56,19,54
1,<environment.Job instance at 0x7fc1d5c3a5a0>,35,1,[5 1],36,56,57,20,54
1,<environment.Job instance at 0x7fc1d5c6fcd0>,38,2,[5 3],39,64,66,25,64
1,<environment.Job instance at 0x7fc1d5c6fd20>,42,1,[1 5],43,70,71,27,70
1,<environment.Job instance at 0x7fc1d5c6ffa0>,43,26,[5 3],44,71,97,27,70
1,<environment.Job instance at 0x7fc1d5c8ad70>,47,1,[4 6],48,87,88,39,87
1,<environment.Job instance at 0x7fc2196af1e0>,51,3,[5 9],52,103,106,51,103
1,<environment.Job instance at 0x7fc1d5c8af50>,50,18,[5 8],51,106,124,55,103
1,<environment.Job instance at 0x7fc1d5bce460>,55,2,[5 8],56,124,126,68,110
1,<environment.Job instance at 0x7fc1d5c5a1e0>,58,20,[5 2],59,125,145,66,125
1,<environment.Job instance at 0x7fc1d5c5ab90>,59,26,[2 8],60,126,152,66,125
1,<environment.Job instance at 0x7fc219d5e0a0>,61,20,[ 4 10],62,152,172,90,143
1,<environment.Job instance at 0x7fc219ad2d20>,63,2,[7 3],64,143,145,79,143
1,<environment.Job instance at 0x7fc219715be0>,65,2,[5 7],66,172,174,106,152
1,<environment.Job instance at 0x7fc219715460>,66,2,[8 1],67,152,154,85,152
1,<environment.Job instance at 0x7fc2197154b0>,67,27,[9 5],68,154,181,86,152
1,<environment.Job instance at 0x7fc219de89b0>,75,1,[6 3],76,187,188,111,187
1,<environment.Job instance at 0x7fc1d5c464b0>,76,13,[8 2],77,201,214,124,201
1,<environment.Job instance at 0x7fc1d5c460f0>,82,25,[ 3 11],83,201,226,118,201
1,<environment.Job instance at 0x7fc2196fb140>,2,20,[4 9],3,4,24,1,4
1,<environment.Job instance at 0x7fc219a15d20>,11,1,[5 8],12,24,25,12,12
1,<environment.Job instance at 0x7fc21c3e1230>,14,21,[4 9],15,25,46,10,17
1,<environment.Job instance at 0x7fc1d60f6af0>,19,1,[ 4 11],20,46,47,26,20
1,<environment.Job instance at 0x7fc219a6ed70>,21,2,[4 5],22,22,24,0,22
1,<environment.Job instance at 0x7fc21befb190>,22,1,[ 4 10],23,47,48,24,23
1,<environment.Job instance at 0x7fc219af7910>,25,2,[6 3],26,26,28,0,26
1,<environment.Job instance at 0x7fc1d5c9b910>,26,25,[2 8],27,48,73,21,44
1,<environment.Job instance at 0x7fc21979aeb0>,29,2,[8 2],30,44,46,14,44
1,<environment.Job instance at 0x7fc21979ab40>,30,26,[8 3],31,46,72,15,44
1,<environment.Job instance at 0x7fc1d5d17d20>,37,3,[10  5],38,72,75,34,61
1,<environment.Job instance at 0x7fc1d5d23280>,39,2,[5 3],40,61,63,21,61
1,<environment.Job instance at 0x7fc1d5be1050>,42,14,[2 8],43,74,88,31,74
1,<environment.Job instance at 0x7fc1d5be1aa0>,43,2,[10  2],44,75,77,31,74
1,<environment.Job instance at 0x7fc1d621fe60>,44,2,[11  3],45,77,79,32,74
1,<environment.Job instance at 0x7fc1d6007780>,46,2,[2 7],47,79,81,32,75
1,<environment.Job instance at 0x7fc1d6007730>,48,1,[9 5],49,81,82,32,79
1,<environment.Job instance at 0x7fc1d6007d70>,52,17,[8 2],53,97,114,44,97
1,<environment.Job instance at 0x7fc1d60079b0>,53,3,[2 8],54,97,100,43,97
1,<environment.Job instance at 0x7fc1d60089b0>,54,17,[6 1],55,116,133,61,116
1,<environment.Job instance at 0x7fc1d6008a00>,57,2,[9 3],58,116,118,58,116
1,<environment.Job instance at 0x7fc1d5be2b40>,58,2,[3 5],59,118,120,59,116
1,<environment.Job instance at 0x7fc1d60e6c30>,62,1,[10  4],63,138,139,75,138
1,<environment.Job instance at 0x7fc1d5be2be0>,59,18,[10  4],60,140,158,80,140
1,<environment.Job instance at 0x7fc219aa7190>,67,2,[ 3 11],68,153,155,85,153
1,<environment.Job instance at 0x7fc219aa7870>,69,2,[2 7],70,158,160,88,158
1,<environment.Job instance at 0x7fc1d61035a0>,72,27,[8 3],73,172,199,99,172
1,<environment.Job instance at 0x7fc2197ca640>,75,1,[1 6],76,189,190,113,189
1,<environment.Job instance at 0x7fc1d5d09500>,76,27,[2 6],77,189,216,112,189
1,<environment.Job instance at 0x7fc1d627cfa0>,79,1,[8 5],80,205,206,125,205
1,<environment.Job instance at 0x7fc220d54960>,82,2,[2 7],83,219,221,136,219
1,<environment.Job instance at 0x7fc220d540a0>,83,1,[8 3],84,219,220,135,219
1,<environment.Job instance at 0x7fc220d549b0>,86,2,[7 5],87,220,222,133,219
1,<environment.Job instance at 0x7fc220d54e60>,87,1,[2 8],88,221,222,133,219
1,<environment.Job instance at 0x7fc1d613ef50>,88,3,[2 9],89,222,225,133,219
1,<environment.Job instance at 0x7fc1d613e1e0>,89,3,[2 7],90,225,228,135,219
1,<environment.Job instance at 0x7fc1d613ed70>,91,3,[3 8],92,227,230,135,227
1,<environment.Job instance at 0x7fc1d613ebe0>,93,1,[7 1],94,228,229,134,227
1,<environment.Job instance at 0x7fc1d5d61500>,96,21,[ 4 10],97,233,254,136,233
1,<environment.Job instance at 0x7fc1d5d61c80>,97,23,[2 8],98,254,277,156,248
1,<environment.Job instance at 0x7fc1d5d61370>,98,3,[11  1],99,249,252,150,249
1,<environment.Job instance at 0x7fc1d5d61230>,99,19,[13  3],100,282,301,182,282
1,<environment.Job instance at 0x7fc1d5d611e0>,101,3,[7 4],102,301,304,199,282
1,<environment.Job instance at 0x7fc1d608d460>,103,1,[5 8],104,301,302,197,282
1,<environment.Job instance at 0x7fc21c1e1c80>,0,25,[6 4],1,1,26,0,1
1,<environment.Job instance at 0x7fc21997e320>,4,24,[5 5],5,5,29,0,5
1,<environment.Job instance at 0x7fc1d5ba2690>,8,28,[ 5 10],9,26,54,17,25
1,<environment.Job instance at 0x7fc21c1e1dc0>,2,3,[14  5],3,54,57,51,29
1,<environment.Job instance at 0x7fc220be2b90>,19,2,[ 5 14],20,57,59,37,30
1,<environment.Job instance at 0x7fc1d5d74cd0>,21,2,[7 2],22,35,37,13,35
1,<environment.Job instance at 0x7fc1d5bf9870>,22,2,[4 9],23,59,61,36,35
1,<environment.Job instance at 0x7fc1d5bf9af0>,24,3,[2 8],25,61,64,36,39
1,<environment.Job instance at 0x7fc1d5d1e5f0>,34,22,[7 3],35,80,102,45,80
1,<environment.Job instance at 0x7fc1d5d1ef50>,35,20,[7 5],36,80,100,44,80
1,<environment.Job instance at 0x7fc1d60c8f50>,46,2,[ 3 10],47,105,107,58,105
1,<environment.Job instance at 0x7fc21c443910>,51,2,[14  5],52,116,118,64,116
1,<environment.Job instance at 0x7fc1d61eb140>,58,2,[9 3],59,159,161,100,159
1,<environment.Job instance at 0x7fc1d61ebc80>,59,3,[4 7],60,159,162,99,159
1,<environment.Job instance at 0x7fc2197d23c0>,60,1,[4 8],61,161,162,100,159
1,<environment.Job instance at 0x7fc2197d2e60>,61,1,[8 1],62,162,163,100,159
1,<environment.Job instance at 0x7fc2197e6aa0>,66,22,[1 8],67,184,206,117,184
1,<environment.Job instance at 0x7fc2197e65a0>,67,28,[5 9],68,206,234,138,205
1,<environment.Job instance at 0x7fc2197e6f00>,73,2,[5 9],74,234,236,160,209
1,<environment.Job instance at 0x7fc2197c02d0>,77,28,[9 1],78,238,266,160,238
1,<environment.Job instance at 0x7fc2197df190>,82,26,[5 8],83,245,271,162,245
1,<environment.Job instance at 0x7fc2197dfc30>,86,2,[ 5 13],87,271,273,184,265
1,<environment.Job instance at 0x7fc2197dffa0>,87,1,[6 2],88,266,267,178,265
1,<environment.Job instance at 0x7fc2197e52d0>,91,1,[13  4],92,273,274,181,267
1,<environment.Job instance at 0x7fc2197e50f0>,93,22,[3 5],94,274,296,180,273
1,<environment.Job instance at 0x7fc2197e5e10>,96,3,[6 3],97,275,278,178,275
1,<environment.Job instance at 0x7fc2197d0af0>,97,28,[ 5 10],98,278,306,180,277
1,<environment.Job instance at 0x7fc2197d0550>,98,2,[12  3],99,306,308,207,289
1,<environment.Job instance at 0x7fc2197d0910>,100,22,[7 1],101,308,330,207,301
1,<environment.Job instance at 0x7fc2197d0190>,102,21,[5 7],103,308,329,205,304
1,<environment.Job instance at 0x7fc2197e7af0>,107,1,[ 4 10],108,329,330,221,317
1,<environment.Job instance at 0x7fc219a5d6e0>,10,26,[3 7],11,11,37,0,11
1,<environment.Job instance at 0x7fc219d01410>,16,1,[10  1],17,21,22,4,21
1,<environment.Job instance at 0x7fc219d01190>,19,1,[12  2],20,34,35,14,34
1,<environment.Job instance at 0x7fc219d01cd0>,21,3,[5 1],22,35,38,13,34
1,<environment.Job instance at 0x7fc219d01640>,22,24,[1 9],23,37,61,14,34
1,<environment.Job instance at 0x7fc21c317730>,25,1,[1 8],26,61,62,35,48
1,<environment.Job instance at 0x7fc21c317960>,27,2,[3 7],28,61,63,33,58
1,<environment.Job instance at 0x7fc21c317a00>,28,2,[1 6],29,58,60,29,58
1,<environment.Job instance at 0x7fc21c317e60>,29,3,[7 2],30,62,65,32,58
1,<environment.Job instance at 0x7fc21c317690>,31,27,[7 1],32,65,92,33,65
1,<environment.Job instance at 0x7fc21c317820>,32,26,[ 3 10],33,65,91,32,65
1,<environment.Job instance at 0x7fc21c317af0>,35,21,[ 2 10],36,91,112,55,83
1,<environment.Job instance at 0x7fc21c317b90>,37,1,[ 3 14],38,112,113,74,95
1,<environment.Job instance at 0x7fc21c317f00>,33,2,[ 3 13],34,113,115,79,100
1,<environment.Job instance at 0x7fc2199e1f00>,8,20,[3 9],9,9,29,0,9
1,<environment.Job instance at 0x7fc2199e1780>,6,3,[14  2],7,29,32,22,28
1,<environment.Job instance at 0x7fc219bd4190>,15,2,[8 3],16,32,34,16,28
1,<environment.Job instance at 0x7fc219bd47d0>,17,21,[4 8],18,32,53,14,31
1,<environment.Job instance at 0x7fc1d5de1b40>,18,23,[3 9],19,53,76,34,47
1,<environment.Job instance at 0x7fc1d5dc8eb0>,30,2,[ 1 11],31,93,95,62,93
1,<environment.Job instance at 0x7fc1d61f89b0>,33,3,[3 8],34,96,99,62,96
1,<environment.Job instance at 0x7fc1d61f8820>,38,2,[ 1 10],39,109,111,70,109
1,<environment.Job instance at 0x7fc1d61f8190>,40,2,[2 7],41,111,113,70,109
1,<environment.Job instance at 0x7fc219929640>,42,1,[5 9],43,114,115,71,114
1,<environment.Job instance at 0x7fc219929f00>,44,1,[2 5],45,124,125,79,124
1,<environment.Job instance at 0x7fc219929230>,45,1,[7 2],46,124,125,78,124
1,<environment.Job instance at 0x7fc219929500>,46,1,[10  4],47,125,126,78,124
1,<environment.Job instance at 0x7fc21c3e15f0>,47,2,[8 3],48,126,128,78,124
1,<environment.Job instance at 0x7fc1d60f67d0>,49,1,[ 2 10],50,126,127,76,126
1,<environment.Job instance at 0x7fc219a468c0>,51,3,[3 5],52,139,142,87,139
1,<environment.Job instance at 0x7fc219a46870>,54,1,[6 4],55,142,143,87,142
1,<environment.Job instance at 0x7fc219a463c0>,55,21,[9 5],56,142,163,86,142
1,<environment.Job instance at 0x7fc1d61f4c30>,59,2,[4 7],60,167,169,107,167
1,<environment.Job instance at 0x7fc1d61f40f0>,62,1,[5 3],63,172,173,109,172
1,<environment.Job instance at 0x7fc1d61f4960>,63,27,[3 5],64,172,199,108,172
1,<environment.Job instance at 0x7fc1d61f4eb0>,64,1,[12  4],65,173,174,108,172
1,<environment.Job instance at 0x7fc1d5dc5190>,65,2,[14  1],66,199,201,133,172
1,<environment.Job instance at 0x7fc21c1f7910>,70,3,[8 5],71,201,204,130,201
1,<environment.Job instance at 0x7fc21c1f7e10>,71,2,[4 5],72,201,203,129,201
1,<environment.Job instance at 0x7fc1d61e80a0>,79,3,[3 7],80,223,226,143,223
1,<environment.Job instance at 0x7fc21988b500>,81,3,[5 4],82,235,238,153,235
1,<environment.Job instance at 0x7fc1d60a3460>,84,1,[4 7],85,248,249,163,248
1,<environment.Job instance at 0x7fc21988b870>,86,27,[10  4],87,250,277,163,250
1,<environment.Job instance at 0x7fc219bfe320>,87,1,[5 6],88,250,251,162,250
1,<environment.Job instance at 0x7fc219bfe5a0>,90,1,[ 5 11],91,272,273,181,272
1,<environment.Job instance at 0x7fc219bfe370>,92,25,[7 3],93,279,304,186,279
1,<environment.Job instance at 0x7fc219bfecd0>,95,2,[ 2 10],96,286,288,190,286
1,<environment.Job instance at 0x7fc21c52c820>,102,2,[3 9],103,356,358,253,356
1,<environment.Job instance at 0x7fc1d609b820>,13,1,[6 2],14,14,15,0,14
1,<environment.Job instance at 0x7fc219d30a00>,14,2,[2 7],15,15,17,0,15
1,<environment.Job instance at 0x7fc219d30410>,15,26,[4 8],16,16,42,0,16
1,<environment.Job instance at 0x7fc1d5dd7aa0>,16,20,[4 8],17,42,62,25,33
1,<environment.Job instance at 0x7fc219d30910>,17,3,[4 6],18,33,36,15,33
1,<environment.Job instance at 0x7fc21bf90640>,20,25,[5 4],21,36,61,15,33
1,<environment.Job instance at 0x7fc1d5dd75a0>,25,25,[5 7],26,61,86,35,57
1,<environment.Job instance at 0x7fc1d5dd7f00>,21,21,[5 5],22,62,83,40,57
1,<environment.Job instance at 0x7fc219d66e60>,27,22,[5 8],28,83,105,55,76
1,<environment.Job instance at 0x7fc219d665a0>,28,1,[6 4],29,86,87,57,76
1,<environment.Job instance at 0x7fc219d66870>,29,3,[11  3],30,105,108,75,88
1,<environment.Job instance at 0x7fc21c4981e0>,32,2,[10  4],33,88,90,55,88
1,<environment.Job instance at 0x7fc21c498b40>,33,27,[8 5],34,108,135,74,106
1,<environment.Job instance at 0x7fc21c498d70>,37,1,[2 8],38,106,107,68,106
1,<environment.Job instance at 0x7fc21c498b90>,39,1,[12  4],40,135,136,95,107
1,<environment.Job instance at 0x7fc21c4984b0>,42,1,[5 5],43,108,109,65,107
1,<environment.Job instance at 0x7fc21c498730>,43,24,[3 5],44,109,133,65,107
1,<environment.Job instance at 0x7fc1d5be9820>,49,1,[6 2],50,134,135,84,134
1,<environment.Job instance at 0x7fc1d5be9960>,51,18,[5 9],52,138,156,86,138
1,<environment.Job instance at 0x7fc1d5be9a00>,52,3,[9 4],53,138,141,85,138
1,<environment.Job instance at 0x7fc1d5be9b40>,54,27,[1 8],55,156,183,101,154
1,<environment.Job instance at 0x7fc1d5be9eb0>,59,1,[4 5],60,156,157,96,156
1,<environment.Job instance at 0x7fc1d5be8410>,64,23,[4 5],65,167,190,102,167
1,<environment.Job instance at 0x7fc1d5be87d0>,70,1,[1 7],71,187,188,116,187
1,<environment.Job instance at 0x7fc1d5be8870>,71,1,[9 4],72,188,189,116,187
1,<environment.Job instance at 0x7fc1d5be8910>,72,2,[3 6],73,189,191,116,187
1,<environment.Job instance at 0x7fc1d5be8af0>,75,2,[2 9],76,196,198,120,196
1,<environment.Job instance at 0x7fc1d5be8b40>,76,26,[8 5],77,196,222,119,196
1,<environment.Job instance at 0x7fc1d5be8cd0>,79,20,[6 3],80,207,227,127,207
1,<environment.Job instance at 0x7fc1d5be8eb0>,81,2,[8 5],82,222,224,140,214
1,<environment.Job instance at 0x7fc1d5be8fa0>,83,20,[5 3],84,224,244,140,215
1,<environment.Job instance at 0x7fc1d5bef2d0>,87,3,[ 4 10],88,227,230,139,227
1,<environment.Job instance at 0x7fc1d5bef500>,88,2,[2 5],89,230,232,141,227
1,<environment.Job instance at 0x7fc1d5bef6e0>,92,2,[5 2],93,255,257,162,255
1,<environment.Job instance at 0x7fc1d5bef780>,93,3,[10  2],94,255,258,161,255
1,<environment.Job instance at 0x7fc1d5bef8c0>,95,2,[10  1],96,258,260,162,256
1,<environment.Job instance at 0x7fc1d5befa00>,97,22,[10  1],98,264,286,166,264
1,<environment.Job instance at 0x7fc219c85820>,7,1,[ 4 12],8,9,10,1,9
1,<environment.Job instance at 0x7fc219c85190>,9,22,[7 3],10,10,32,0,10
1,<environment.Job instance at 0x7fc1d624b730>,12,25,[7 5],13,13,38,0,13
1,<environment.Job instance at 0x7fc21bf2c640>,13,2,[14  5],14,43,45,29,43
1,<environment.Job instance at 0x7fc1d624b1e0>,14,2,[13  4],15,45,47,30,44
1,<environment.Job instance at 0x7fc2198a9eb0>,33,20,[8 4],34,99,119,65,99
1,<environment.Job instance at 0x7fc1d5d59910>,37,27,[8 5],38,119,146,81,117
1,<environment.Job instance at 0x7fc21c00e9b0>,44,1,[5 2],45,133,134,88,133
1,<environment.Job instance at 0x7fc219d2ec80>,47,3,[10  5],48,146,149,98,135
1,<environment.Job instance at 0x7fc1d60a78c0>,49,2,[ 2 12],50,149,151,99,145
1,<environment.Job instance at 0x7fc1d60a7870>,52,24,[4 6],53,163,187,110,163
1,<environment.Job instance at 0x7fc1d624bcd0>,0,27,[ 3 13],1,1,28,0,1
1,<environment.Job instance at 0x7fc1d5e48820>,11,25,[9 1],12,12,37,0,12
1,<environment.Job instance at 0x7fc1d5e48780>,10,1,[12  1],11,37,38,26,25
1,<environment.Job instance at 0x7fc21979daa0>,16,17,[1 6],17,38,55,21,38
1,<environment.Job instance at 0x7fc21c2685f0>,20,27,[5 4],21,46,73,25,46
1,<environment.Job instance at 0x7fc1d62cdaf0>,21,28,[7 5],22,46,74,24,46
1,<environment.Job instance at 0x7fc220d7b9b0>,23,28,[8 2],24,73,101,49,72
1,<environment.Job instance at 0x7fc21c5d46e0>,30,3,[10  2],31,101,104,70,75
1,<environment.Job instance at 0x7fc21c5d4280>,31,1,[2 8],32,75,76,43,75
1,<environment.Job instance at 0x7fc21c3b0a00>,35,2,[7 1],36,89,91,53,89
1,<environment.Job instance at 0x7fc21c3b0dc0>,36,2,[2 6],37,91,93,54,89
1,<environment.Job instance at 0x7fc2199a3910>,41,1,[ 5 14],42,112,113,70,112
1,<environment.Job instance at 0x7fc2199a3c80>,42,1,[7 1],43,112,113,69,112
1,<environment.Job instance at 0x7fc2198b8960>,43,19,[7 1],44,113,132,69,112
1,<environment.Job instance at 0x7fc2198b87d0>,46,1,[4 5],47,130,131,83,130
1,<environment.Job instance at 0x7fc2198b8a50>,47,13,[5 1],48,131,144,83,130
1,<environment.Job instance at 0x7fc2198b8190>,45,18,[7 4],46,132,150,86,131
1,<environment.Job instance at 0x7fc21c132140>,51,3,[10  5],52,150,153,98,134
1,<environment.Job instance at 0x7fc21c132690>,53,27,[5 1],54,144,171,90,143
1,<environment.Job instance at 0x7fc2198bd460>,56,2,[ 5 12],57,157,159,100,157
1,<environment.Job instance at 0x7fc21c3cc820>,57,3,[3 6],58,159,162,101,157
1,<environment.Job instance at 0x7fc21c3ccbe0>,58,2,[7 4],59,159,161,100,157
1,<environment.Job instance at 0x7fc21c3cc0a0>,59,1,[1 6],60,161,162,101,157
1,<environment.Job instance at 0x7fc1d5eca280>,61,12,[3 8],62,162,174,100,162
1,<environment.Job instance at 0x7fc1d5ecaa00>,62,1,[6 5],63,162,163,99,162
1,<environment.Job instance at 0x7fc219ac5280>,63,18,[6 4],64,176,194,112,176
1,<environment.Job instance at 0x7fc21bfa7410>,69,3,[4 7],70,205,208,135,205
1,<environment.Job instance at 0x7fc219ac5730>,70,18,[2 9],71,208,226,137,205
1,<environment.Job instance at 0x7fc1d61fcb40>,75,2,[8 3],76,211,213,135,211
1,<environment.Job instance at 0x7fc1d61daa50>,76,13,[7 1],77,218,231,141,218
1,<environment.Job instance at 0x7fc1d61daaa0>,77,26,[3 7],78,226,252,148,223
1,<environment.Job instance at 0x7fc1d5fcb140>,79,1,[4 9],80,252,253,172,227
1,<environment.Job instance at 0x7fc1d5fcb2d0>,81,3,[7 2],82,231,234,149,228
1,<environment.Job instance at 0x7fc1d5fcbcd0>,82,3,[2 9],83,253,256,170,228
1,<environment.Job instance at 0x7fc21c2efa00>,83,3,[1 5],84,229,232,145,229
1,<environment.Job instance at 0x7fc1d61b7190>,85,1,[8 4],86,234,235,148,230
1,<environment.Job instance at 0x7fc219d51460>,87,1,[ 2 11],88,256,257,168,236
1,<environment.Job instance at 0x7fc219d519b0>,89,25,[3 8],90,257,282,167,253
1,<environment.Job instance at 0x7fc219d51730>,96,1,[6 4],97,273,274,176,273
1,<environment.Job instance at 0x7fc219d510f0>,97,28,[4 9],98,282,310,184,281
1,<environment.Job instance at 0x7fc219d51e60>,98,1,[3 8],99,310,311,211,282
1,<environment.Job instance at 0x7fc219d51690>,99,1,[10  3],100,282,283,182,282
1,<environment.Job instance at 0x7fc219d51c30>,100,1,[3 6],101,283,284,182,282
1,<environment.Job instance at 0x7fc1d6306910>,5,1,[3 6],6,6,7,0,6
1,<environment.Job instance at 0x7fc1d6306eb0>,11,2,[3 8],12,12,14,0,12
1,<environment.Job instance at 0x7fc1d6306fa0>,12,1,[8 4],13,14,15,1,14
1,<environment.Job instance at 0x7fc1d62fe320>,15,18,[9 1],16,18,36,2,18
1,<environment.Job instance at 0x7fc1d62fe730>,18,1,[1 9],19,19,20,0,19
1,<environment.Job instance at 0x7fc1d62fe5f0>,19,2,[4 9],20,20,22,0,20
1,<environment.Job instance at 0x7fc1d62fe8c0>,21,2,[4 7],22,26,28,4,26
1,<environment.Job instance at 0x7fc1d62fea00>,23,1,[9 5],24,36,37,12,26
1,<environment.Job instance at 0x7fc1d62feaf0>,24,21,[8 1],25,37,58,12,29
1,<environment.Job instance at 0x7fc1d62feeb0>,26,2,[7 3],27,37,39,10,31
1,<environment.Job instance at 0x7fc1d62fed70>,27,1,[1 7],28,31,32,3,31
1,<environment.Job instance at 0x7fc1d62d43c0>,29,25,[ 3 10],30,39,64,9,35
1,<environment.Job instance at 0x7fc1d62d4690>,32,2,[6 5],33,58,60,25,46
1,<environment.Job instance at 0x7fc1d62d4af0>,37,23,[9 2],38,67,90,29,67
1,<environment.Job instance at 0x7fc1d62d4b90>,38,3,[6 1],39,67,70,28,67
1,<environment.Job instance at 0x7fc1d62d4c80>,39,3,[1 9],40,70,73,30,67
1,<environment.Job instance at 0x7fc1d62d4e10>,41,3,[9 5],42,90,93,48,77
1,<environment.Job instance at 0x7fc1d62d4eb0>,42,3,[8 1],43,93,96,50,77
1,<environment.Job instance at 0x7fc1d62d4fa0>,44,1,[1 8],45,84,85,39,84
1,<environment.Job instance at 0x7fc1d62ff0f0>,46,3,[1 7],47,94,97,47,94
1,<environment.Job instance at 0x7fc1d62ff230>,47,1,[6 5],48,94,95,46,94
1,<environment.Job instance at 0x7fc1d62ff410>,49,1,[8 2],50,101,102,51,101
1,<environment.Job instance at 0x7fc1d62d4f50>,43,17,[7 4],44,130,147,86,130
1,<environment.Job instance at 0x7fc1d62ff550>,57,15,[1 6],58,130,145,72,130
1,<environment.Job instance at 0x7fc1d62ffaf0>,58,1,[3 8],59,145,146,86,130
1,<environment.Job instance at 0x7fc1d62fff50>,63,24,[4 7],64,161,185,97,161
1,<environment.Job instance at 0x7fc1d62ffeb0>,65,3,[6 4],66,172,175,106,172
1,<environment.Job instance at 0x7fc1d630a0f0>,66,2,[10  1],67,175,177,108,172
1,<environment.Job instance at 0x7fc1d630a5a0>,67,1,[7 3],68,177,178,109,172
1,<environment.Job instance at 0x7fc1d630a190>,68,23,[ 4 10],69,185,208,116,179
1,<environment.Job instance at 0x7fc1d630a870>,73,1,[6 5],74,179,180,105,179
1,<environment.Job instance at 0x7fc1d630a4b0>,74,1,[4 9],75,208,209,133,180
1,<environment.Job instance at 0x7fc220acc640>,10,2,[3 9],11,13,15,2,13
1,<environment.Job instance at 0x7fc21c473b40>,11,2,[9 4],12,13,15,1,13
1,<environment.Job instance at 0x7fc2197a18c0>,13,1,[ 3 13],14,22,23,8,22
1,<environment.Job instance at 0x7fc2197a15a0>,14,1,[6 2],15,22,23,7,22
1,<environment.Job instance at 0x7fc2197a1910>,15,22,[1 9],16,23,45,7,22
1,<environment.Job instance at 0x7fc2197a1730>,18,2,[3 9],19,45,47,26,22
1,<environment.Job instance at 0x7fc2198f8230>,24,2,[7 4],25,54,56,29,54
1,<environment.Job instance at 0x7fc2198f8870>,25,1,[ 5 13],26,56,57,30,54
1,<environment.Job instance at 0x7fc219b363c0>,30,19,[5 4],31,81,100,50,81
1,<environment.Job instance at 0x7fc219d780a0>,34,24,[5 9],35,99,123,64,99
1,<environment.Job instance at 0x7fc219d78870>,37,26,[8 5],38,107,133,69,107
1,<environment.Job instance at 0x7fc219d78e60>,43,26,[7 5],44,135,161,91,135
1,<environment.Job instance at 0x7fc219d78140>,45,2,[13  2],46,161,163,115,146
1,<environment.Job instance at 0x7fc219d789b0>,46,20,[3 6],47,163,183,116,154
1,<environment.Job instance at 0x7fc219d78b40>,50,1,[9 3],51,166,167,115,166
1,<environment.Job instance at 0x7fc1d5f122d0>,51,1,[4 6],52,167,168,115,166
1,<environment.Job instance at 0x7fc21c0a4550>,53,3,[11  3],54,190,193,136,190
1,<environment.Job instance at 0x7fc21c0a4140>,54,1,[4 7],55,190,191,135,190
1,<environment.Job instance at 0x7fc21c0a4f00>,56,1,[1 9],57,191,192,134,190
1,<environment.Job instance at 0x7fc21c0a4b90>,57,2,[8 2],58,193,195,135,190
1,<environment.Job instance at 0x7fc219a56d70>,60,2,[7 3],61,193,195,132,190
1,<environment.Job instance at 0x7fc219a56cd0>,62,1,[7 3],63,198,199,135,198
1,<environment.Job instance at 0x7fc219a56690>,63,3,[9 3],64,199,202,135,198
1,<environment.Job instance at 0x7fc219b49cd0>,64,3,[3 9],65,198,201,133,198
1,<environment.Job instance at 0x7fc219b490f0>,65,2,[4 9],66,201,203,135,198
1,<environment.Job instance at 0x7fc219b49050>,66,2,[2 8],67,203,205,136,198
1,<environment.Job instance at 0x7fc219b49d20>,69,1,[5 5],70,217,218,147,217
1,<environment.Job instance at 0x7fc219b49f50>,70,3,[4 8],71,217,220,146,217
1,<environment.Job instance at 0x7fc219d26050>,73,2,[9 4],74,235,237,161,235
1,<environment.Job instance at 0x7fc219d26b40>,76,23,[10  4],77,254,277,177,254
1,<environment.Job instance at 0x7fc219d26f00>,83,1,[6 2],84,296,297,212,296
1,<environment.Job instance at 0x7fc219b826e0>,92,1,[2 7],93,341,342,248,341
1,<environment.Job instance at 0x7fc219b82500>,97,1,[4 8],98,366,367,268,366
1,<environment.Job instance at 0x7fc219b82dc0>,99,25,[8 3],100,366,391,266,366
1,<environment.Job instance at 0x7fc21c129690>,102,24,[11  1],103,391,415,288,386
1,<environment.Job instance at 0x7fc220d55460>,4,1,[ 3 10],5,5,6,0,5
1,<environment.Job instance at 0x7fc21c0cae10>,8,2,[8 3],9,10,12,1,10
1,<environment.Job instance at 0x7fc21c0ca2d0>,10,2,[8 2],11,12,14,1,11
1,<environment.Job instance at 0x7fc21c0cab40>,14,1,[5 8],15,15,16,0,15
1,<environment.Job instance at 0x7fc219d6faf0>,16,2,[5 5],17,17,19,0,17
1,<environment.Job instance at 0x7fc219d6f1e0>,19,2,[10  1],20,20,22,0,20
1,<environment.Job instance at 0x7fc219d6f870>,20,3,[8 2],21,22,25,1,21
1,<environment.Job instance at 0x7fc1d5e5ad70>,23,2,[12  1],24,26,28,2,26
1,<environment.Job instance at 0x7fc219d6f8c0>,24,1,[ 5 14],25,28,29,3,26
1,<environment.Job instance at 0x7fc1d5e5a050>,26,21,[3 7],27,31,52,4,31
1,<environment.Job instance at 0x7fc1d5e5a820>,28,28,[8 3],29,39,67,10,39
1,<environment.Job instance at 0x7fc1d5e5a190>,29,20,[1 9],30,52,72,22,44
1,<environment.Job instance at 0x7fc1d5e5adc0>,37,2,[13  1],38,86,88,48,86
1,<environment.Job instance at 0x7fc1d5e5a460>,40,2,[4 9],41,106,108,65,106
1,<environment.Job instance at 0x7fc21c1290f0>,42,15,[1 7],43,112,127,69,112
1,<environment.Job instance at 0x7fc21c129190>,43,17,[6 1],44,113,130,69,113
1,<environment.Job instance at 0x7fc21c129410>,44,1,[11  3],45,130,131,85,113
1,<environment.Job instance at 0x7fc21c1298c0>,49,3,[5 6],50,139,142,89,139
1,<environment.Job instance at 0x7fc21c469640>,50,2,[2 9],51,139,141,88,139
1,<environment.Job instance at 0x7fc21c469eb0>,52,27,[9 1],53,145,172,92,145
1,<environment.Job instance at 0x7fc21c469b40>,54,16,[1 8],55,155,171,100,155
1,<environment.Job instance at 0x7fc21c469460>,55,1,[9 3],56,172,173,116,155
1,<environment.Job instance at 0x7fc21c4697d0>,56,21,[12  2],57,173,194,116,165
1,<environment.Job instance at 0x7fc21c469a00>,59,20,[2 8],60,171,191,111,170
1,<environment.Job instance at 0x7fc21c0c6550>,66,2,[12  3],67,220,222,153,220
1,<environment.Job instance at 0x7fc21c0c6910>,67,3,[5 7],68,222,225,154,220
1,<environment.Job instance at 0x7fc21c0c6370>,68,1,[ 4 10],69,225,226,156,220
1,<environment.Job instance at 0x7fc1d5f17aa0>,71,23,[5 9],72,239,262,167,239
1,<environment.Job instance at 0x7fc1d5f17140>,3,27,[9 4],4,4,31,0,4
1,<environment.Job instance at 0x7fc1d5f17460>,4,25,[8 2],5,31,56,26,27
1,<environment.Job instance at 0x7fc2197458c0>,14,2,[5 6],15,34,36,19,34
1,<environment.Job instance at 0x7fc219a8d7d0>,22,2,[5 7],23,44,46,21,44
1,<environment.Job instance at 0x7fc219a8da50>,23,2,[2 5],24,44,46,20,44
1,<environment.Job instance at 0x7fc219ab4460>,24,2,[2 8],25,46,48,21,44
1,<environment.Job instance at 0x7fc219a8dc30>,25,22,[9 4],26,56,78,30,49
1,<environment.Job instance at 0x7fc219a9eeb0>,26,1,[1 5],27,49,50,22,49
1,<environment.Job instance at 0x7fc21c0c2910>,29,27,[5 8],30,54,81,24,54
1,<environment.Job instance at 0x7fc1d6145c30>,34,2,[7 4],35,82,84,47,82
1,<environment.Job instance at 0x7fc1d6145a50>,36,22,[3 8],37,85,107,48,85
1,<environment.Job instance at 0x7fc21beff320>,38,2,[5 5],39,89,91,50,89
1,<environment.Job instance at 0x7fc21c0a69b0>,39,2,[10  1],40,91,93,51,89
1,<environment.Job instance at 0x7fc219ca69b0>,40,1,[10  3],41,93,94,52,89
1,<environment.Job instance at 0x7fc1d6110730>,41,3,[5 8],42,107,110,65,89
1,<environment.Job instance at 0x7fc21c0aaaf0>,42,1,[3 9],43,110,111,67,89
1,<environment.Job instance at 0x7fc21c2fbaf0>,43,1,[5 2],44,89,90,45,89
1,<environment.Job instance at 0x7fc219caee10>,44,3,[5 4],45,94,97,49,89
1,<environment.Job instance at 0x7fc1d5e245f0>,52,1,[14  1],53,129,130,76,129
1,<environment.Job instance at 0x7fc1d5e240f0>,55,2,[1 6],56,142,144,86,142
1,<environment.Job instance at 0x7fc1d5c24f00>,57,1,[9 4],58,154,155,96,154
1,<environment.Job instance at 0x7fc1d5c24be0>,58,24,[8 2],59,155,179,96,154
1,<environment.Job instance at 0x7fc21993b050>,59,27,[ 3 13],60,155,182,95,154
1,<environment.Job instance at 0x7fc1d5e1e640>,65,3,[5 4],66,190,193,124,190
1,<environment.Job instance at 0x7fc1d5e1eb40>,66,24,[13  3],67,193,217,126,190
1,<environment.Job instance at 0x7fc21c2a2050>,73,1,[10  4],74,217,218,143,217
1,<environment.Job instance at 0x7fc21c2a27d0>,75,2,[4 6],76,222,224,146,222
1,<environment.Job instance at 0x7fc21c2a22d0>,77,1,[9 3],78,235,236,157,235
1,<environment.Job instance at 0x7fc21c2a2730>,78,3,[2 8],79,235,238,156,235
1,<environment.Job instance at 0x7fc21c2a25f0>,79,1,[9 1],80,236,237,156,235
1,<environment.Job instance at 0x7fc21c2a2be0>,82,2,[7 2],83,247,249,164,247
1,<environment.Job instance at 0x7fc21c2a2c30>,83,26,[7 3],84,247,273,163,247
1,<environment.Job instance at 0x7fc21c2a25a0>,87,27,[1 8],88,259,286,171,259
1,<environment.Job instance at 0x7fc1d5c0e3c0>,95,1,[ 5 10],96,303,304,207,303
1,<environment.Job instance at 0x7fc220ece410>,97,3,[2 5],98,307,310,209,307
1,<environment.Job instance at 0x7fc1d5c0ed20>,98,1,[7 2],99,307,308,208,307
1,<environment.Job instance at 0x7fc1d5c43c80>,100,26,[2 8],101,319,345,218,319
1,<environment.Job instance at 0x7fc21c271370>,106,3,[2 7],107,338,341,231,338
1,<environment.Job instance at 0x7fc21c2719b0>,107,2,[9 5],108,341,343,233,338
1,<environment.Job instance at 0x7fc1d5ecc050>,0,20,[7 1],1,1,21,0,1
1,<environment.Job instance at 0x7fc2197fb320>,4,21,[6 1],5,5,26,0,5
1,<environment.Job instance at 0x7fc1d5ff0320>,14,1,[8 3],15,21,22,6,15
1,<environment.Job instance at 0x7fc1d5ff0b40>,18,1,[7 4],19,33,34,14,33
1,<environment.Job instance at 0x7fc1d59ebf50>,19,2,[3 9],20,33,35,13,33
1,<environment.Job instance at 0x7fc21c297f00>,20,24,[ 4 14],21,35,59,14,33
1,<environment.Job instance at 0x7fc219b4d9b0>,25,24,[7 4],26,59,83,33,54
1,<environment.Job instance at 0x7fc220c57050>,28,1,[5 9],29,72,73,43,72
1,<environment.Job instance at 0x7fc220c57690>,29,3,[6 3],30,73,76,43,72
1,<environment.Job instance at 0x7fc220c57140>,32,2,[7 4],33,78,80,45,78
1,<environment.Job instance at 0x7fc21c2c39b0>,35,25,[6 2],36,86,111,50,86
1,<environment.Job instance at 0x7fc21c2c3410>,36,2,[ 1 13],37,86,88,49,86
1,<environment.Job instance at 0x7fc21c2c3c30>,37,3,[3 6],38,88,91,50,86
1,<environment.Job instance at 0x7fc21c2c37d0>,38,2,[5 6],39,88,90,49,86
1,<environment.Job instance at 0x7fc21c2c3a00>,40,2,[5 2],41,105,107,64,105
1,<environment.Job instance at 0x7fc21c2c3780>,41,2,[1 7],42,105,107,63,105
1,<environment.Job instance at 0x7fc21c2c3550>,43,2,[2 6],44,110,112,66,110
1,<environment.Job instance at 0x7fc21c2c3eb0>,44,1,[8 1],45,111,112,66,110
1,<environment.Job instance at 0x7fc1d6174af0>,46,26,[10  2],47,114,140,67,114
1,<environment.Job instance at 0x7fc1d6019960>,52,21,[9 5],53,141,162,88,141
1,<environment.Job instance at 0x7fc21be99b40>,53,2,[4 9],54,141,143,87,141
1,<environment.Job instance at 0x7fc21be99640>,54,1,[12  5],55,162,163,107,141
1,<environment.Job instance at 0x7fc21be99820>,55,1,[ 2 14],56,163,164,107,141
1,<environment.Job instance at 0x7fc1d5a6c5f0>,57,2,[14  3],58,164,166,106,149
1,<environment.Job instance at 0x7fc1d5a6c960>,58,2,[10  3],59,166,168,107,149
1,<environment.Job instance at 0x7fc1d5a6cfa0>,59,3,[4 7],60,149,152,89,149
1,<environment.Job instance at 0x7fc219a0b460>,63,2,[5 7],64,171,173,107,171
1,<environment.Job instance at 0x7fc1d5f0ae10>,68,28,[ 2 11],69,198,226,129,198
1,<environment.Job instance at 0x7fc21979aa50>,78,2,[6 2],79,267,269,188,267
1,<environment.Job instance at 0x7fc219a53b40>,7,24,[8 1],8,8,32,0,8
1,<environment.Job instance at 0x7fc219a53a00>,11,28,[5 9],12,12,40,0,12
1,<environment.Job instance at 0x7fc219a53d70>,13,28,[6 1],14,32,60,18,31
1,<environment.Job instance at 0x7fc219a53370>,18,23,[ 3 10],19,40,63,21,34
1,<environment.Job instance at 0x7fc219d04c30>,27,19,[6 3],28,59,78,31,59
1,<environment.Job instance at 0x7fc219d04780>,28,1,[9 4],29,63,64,34,59
1,<environment.Job instance at 0x7fc219d04a00>,33,1,[13  4],34,79,80,45,79
1,<environment.Job instance at 0x7fc1d628eaa0>,35,2,[4 8],36,80,82,44,79
1,<environment.Job instance at 0x7fc1d628efa0>,36,22,[3 7],37,80,102,43,79
1,<environment.Job instance at 0x7fc1d628e140>,37,21,[5 3],38,82,103,44,79
1,<environment.Job instance at 0x7fc1d628e4b0>,42,1,[9 1],43,102,103,59,93
1,<environment.Job instance at 0x7fc1d62c5500>,45,3,[ 2 10],46,111,114,65,111
1,<environment.Job instance at 0x7fc1d62c5140>,46,28,[7 3],47,111,139,64,111
1,<environment.Job instance at 0x7fc1d62c54b0>,47,1,[1 8],48,114,115,66,111
1,<environment.Job instance at 0x7fc1d62c56e0>,49,21,[10  5],50,139,160,89,131
1,<environment.Job instance at 0x7fc1d629d370>,53,1,[1 6],54,131,132,77,131
1,<environment.Job instance at 0x7fc1d629d6e0>,56,3,[ 4 10],57,142,145,85,142
1,<environment.Job instance at 0x7fc1d59c3730>,59,1,[5 9],60,151,152,91,151
1,<environment.Job instance at 0x7fc1d59c30f0>,61,16,[6 2],62,160,176,98,155
1,<environment.Job instance at 0x7fc1d59c3780>,62,20,[1 9],63,155,175,92,155
1,<environment.Job instance at 0x7fc1d59c3eb0>,64,1,[10  5],65,176,177,111,169
1,<environment.Job instance at 0x7fc1d59c3fa0>,67,26,[ 2 12],68,177,203,109,175
1,<environment.Job instance at 0x7fc1d59c31e0>,69,1,[ 3 12],70,203,204,133,197
1,<environment.Job instance at 0x7fc1d59c3280>,73,1,[9 2],74,199,200,125,199
1,<environment.Job instance at 0x7fc1d59c3af0>,72,3,[11  1],73,204,207,131,204
1,<environment.Job instance at 0x7fc1d59a82d0>,75,26,[5 5],76,207,233,131,204
1,<environment.Job instance at 0x7fc1d59a8230>,78,22,[10  5],79,207,229,128,204
1,<environment.Job instance at 0x7fc1d59c63c0>,84,25,[9 4],85,229,254,144,225
1,<environment.Job instance at 0x7fc1d59c6500>,90,25,[9 5],91,254,279,163,250
1,<environment.Job instance at 0x7fc1d59c6460>,92,3,[12  5],93,279,282,186,254
1,<environment.Job instance at 0x7fc1d59c6410>,93,3,[9 5],94,282,285,188,256
1,<environment.Job instance at 0x7fc1d59c6b40>,95,22,[6 4],96,256,278,160,256
1,<environment.Job instance at 0x7fc1d59c6050>,100,26,[10  1],101,285,311,184,282
1,<environment.Job instance at 0x7fc1d59c6190>,91,3,[11  1],92,320,323,228,320
1,<environment.Job instance at 0x7fc1d59c60f0>,102,22,[2 7],103,320,342,217,320
1,<environment.Job instance at 0x7fc1d599e640>,107,3,[2 9],108,342,345,234,320
1,<environment.Job instance at 0x7fc1d599e730>,108,2,[5 1],109,323,325,214,320
1,<environment.Job instance at 0x7fc219a53280>,5,27,[5 8],6,6,33,0,6
1,<environment.Job instance at 0x7fc1d5ff05f0>,7,25,[6 4],8,8,33,0,8
1,<environment.Job instance at 0x7fc1d5935870>,9,25,[10  1],10,33,58,23,29
1,<environment.Job instance at 0x7fc1d5affe60>,21,21,[4 7],22,36,57,14,36
1,<environment.Job instance at 0x7fc1d5f6bdc0>,26,2,[7 1],27,58,60,31,55
1,<environment.Job instance at 0x7fc1d58d3f00>,28,2,[ 5 10],29,57,59,28,56
1,<environment.Job instance at 0x7fc1d62a1aa0>,31,26,[5 4],32,66,92,34,66
1,<environment.Job instance at 0x7fc21c6176e0>,32,1,[10  4],33,66,67,33,66
1,<environment.Job instance at 0x7fc1d62a1b40>,33,1,[6 5],34,67,68,33,66
1,<environment.Job instance at 0x7fc219a20e10>,38,26,[ 3 10],39,74,100,35,74
1,<environment.Job instance at 0x7fc1d58cb640>,40,22,[ 3 10],41,100,122,59,93
1,<environment.Job instance at 0x7fc1d5dc0500>,48,1,[2 8],49,122,123,73,99
1,<environment.Job instance at 0x7fc1d5dc0fa0>,54,3,[6 5],55,122,125,67,122
1,<environment.Job instance at 0x7fc1d5db45a0>,56,3,[4 6],57,130,133,73,130
1,<environment.Job instance at 0x7fc1d5dc0f50>,57,3,[ 5 11],58,133,136,75,130
1,<environment.Job instance at 0x7fc1d5db4820>,58,1,[1 5],59,130,131,71,130
1,<environment.Job instance at 0x7fc219d94870>,52,18,[2 9],53,139,157,86,139
1,<environment.Job instance at 0x7fc2196c20a0>,70,2,[6 2],71,186,188,115,186
1,<environment.Job instance at 0x7fc1d5da1640>,71,2,[10  5],72,188,190,116,186
1,<environment.Job instance at 0x7fc2196ca8c0>,79,20,[5 5],80,242,262,162,242
1,<environment.Job instance at 0x7fc219990b90>,80,1,[1 5],81,242,243,161,242
1,<environment.Job instance at 0x7fc21998b410>,83,2,[3 8],84,244,246,160,244
1,<environment.Job instance at 0x7fc219986f00>,86,18,[1 8],87,258,276,171,258
1,<environment.Job instance at 0x7fc2199ab9b0>,87,2,[13  4],88,262,264,174,258
1,<environment.Job instance at 0x7fc2199b2960>,97,28,[8 2],98,276,304,178,276
1,<environment.Job instance at 0x7fc1d61b7050>,0,22,[9 5],1,1,23,0,1
1,<environment.Job instance at 0x7fc2199b2460>,2,27,[8 4],3,23,50,20,21
1,<environment.Job instance at 0x7fc1d61b7c30>,5,2,[4 7],6,21,23,15,21
1,<environment.Job instance at 0x7fc219a8f820>,13,25,[ 4 10],14,25,50,11,25
1,<environment.Job instance at 0x7fc21c09afa0>,19,21,[14  3],20,50,71,30,42
1,<environment.Job instance at 0x7fc219dbdaa0>,23,19,[8 5],24,71,90,47,61
1,<environment.Job instance at 0x7fc219dbd370>,25,2,[6 4],26,71,73,45,61
1,<environment.Job instance at 0x7fc219dbd870>,26,2,[ 5 10],27,73,75,46,62
1,<environment.Job instance at 0x7fc219a92870>,29,22,[3 7],30,75,97,45,68
1,<environment.Job instance at 0x7fc219a31e60>,12,1,[ 1 13],13,97,98,84,84
1,<environment.Job instance at 0x7fc219a6e320>,36,20,[5 3],37,98,118,61,89
1,<environment.Job instance at 0x7fc219a6eaa0>,37,1,[ 2 11],38,98,99,60,89
1,<environment.Job instance at 0x7fc219a6e690>,39,2,[1 5],40,90,92,50,89
1,<environment.Job instance at 0x7fc219a6e820>,40,21,[5 4],41,99,120,58,91
1,<environment.Job instance at 0x7fc220ebafa0>,47,1,[9 3],48,118,119,70,110
1,<environment.Job instance at 0x7fc219b4d1e0>,49,1,[8 5],50,122,123,72,122
1,<environment.Job instance at 0x7fc219b4dcd0>,51,3,[5 8],52,124,127,72,124
1,<environment.Job instance at 0x7fc219b4dd20>,52,2,[6 1],53,124,126,71,124
1,<environment.Job instance at 0x7fc21c4d9370>,57,3,[ 5 11],58,156,159,98,156
1,<environment.Job instance at 0x7fc219e37e10>,59,3,[8 3],60,167,170,107,167
1,<environment.Job instance at 0x7fc1d5a0caa0>,64,2,[8 3],65,197,199,132,197
1,<environment.Job instance at 0x7fc220ec8190>,65,3,[2 5],66,197,200,131,197
1,<environment.Job instance at 0x7fc21c2999b0>,67,1,[5 9],68,199,200,131,197
1,<environment.Job instance at 0x7fc1d5c7caa0>,68,18,[2 8],69,202,220,133,202
1,<environment.Job instance at 0x7fc1d5c7c5f0>,69,3,[7 2],70,202,205,132,202
1,<environment.Job instance at 0x7fc21c469fa0>,77,3,[10  4],78,236,239,158,236
1,<environment.Job instance at 0x7fc21c5da9b0>,78,1,[3 9],79,236,237,157,236
1,<environment.Job instance at 0x7fc21c31dfa0>,81,2,[ 3 10],82,252,254,170,252
1,<environment.Job instance at 0x7fc21c31d780>,82,1,[1 8],83,254,255,171,252
1,<environment.Job instance at 0x7fc21c31d5f0>,83,2,[7 5],84,252,254,168,252
1,<environment.Job instance at 0x7fc21c31d4b0>,84,1,[6 5],85,254,255,169,252
1,<environment.Job instance at 0x7fc21c31d690>,85,28,[5 5],86,255,283,169,254
1,<environment.Job instance at 0x7fc1d58cfa00>,87,3,[9 3],88,258,261,170,258
1,<environment.Job instance at 0x7fc1d6183e60>,91,21,[4 8],92,277,298,185,277
1,<environment.Job instance at 0x7fc1d6183f00>,94,2,[4 5],95,298,300,203,298
1,<environment.Job instance at 0x7fc1d6183280>,95,2,[5 5],96,298,300,202,298
1,<environment.Job instance at 0x7fc1d6183eb0>,97,3,[2 7],98,300,303,202,298
1,<environment.Job instance at 0x7fc1d6183e10>,98,1,[ 1 11],99,303,304,204,298
1,<environment.Job instance at 0x7fc1d6183d70>,99,2,[1 8],100,300,302,200,298
1,<environment.Job instance at 0x7fc1d6183f50>,100,21,[6 2],101,302,323,201,298
1,<environment.Job instance at 0x7fc1d6183780>,101,1,[5 3],102,298,299,196,298
1,<environment.Job instance at 0x7fc1d6183640>,104,1,[1 9],105,304,305,199,303
1,<environment.Job instance at 0x7fc1d6183370>,105,2,[ 3 10],106,305,307,199,303
1,<environment.Job instance at 0x7fc1d630ae10>,106,1,[10  1],107,323,324,216,303
1,<environment.Job instance at 0x7fc1d630a0a0>,108,22,[4 8],109,308,330,199,308
1,<environment.Job instance at 0x7fc219c02fa0>,0,28,[4 7],1,1,29,0,1
1,<environment.Job instance at 0x7fc21be88910>,22,2,[1 7],23,73,75,50,73
1,<environment.Job instance at 0x7fc21be885f0>,23,1,[ 4 10],24,75,76,51,73
1,<environment.Job instance at 0x7fc1d59424b0>,25,3,[3 8],26,76,79,50,73
1,<environment.Job instance at 0x7fc1d59421e0>,30,1,[4 9],31,100,101,69,100
1,<environment.Job instance at 0x7fc1d5942730>,33,2,[5 7],34,103,105,69,103
1,<environment.Job instance at 0x7fc1d59420a0>,34,1,[5 8],35,103,104,68,103
1,<environment.Job instance at 0x7fc1d5942f00>,36,1,[ 1 10],37,107,108,70,107
1,<environment.Job instance at 0x7fc1d5942410>,37,2,[5 2],38,107,109,69,107
1,<environment.Job instance at 0x7fc1d5942b90>,38,2,[4 5],39,108,110,69,107
1,<environment.Job instance at 0x7fc1d5942870>,42,2,[ 2 10],43,121,123,78,121
1,<environment.Job instance at 0x7fc1d5942690>,43,2,[ 5 10],44,123,125,79,121
1,<environment.Job instance at 0x7fc1d5af5a00>,50,2,[5 5],51,160,162,109,160
1,<environment.Job instance at 0x7fc1d5af5be0>,52,3,[ 1 14],53,162,165,109,160
1,<environment.Job instance at 0x7fc1d5af59b0>,53,1,[9 5],54,160,161,106,160
1,<environment.Job instance at 0x7fc1d5af5730>,55,2,[ 4 10],56,176,178,120,176
1,<environment.Job instance at 0x7fc1d5af58c0>,56,2,[7 2],57,176,178,119,176
1,<environment.Job instance at 0x7fc1d5af5190>,57,1,[9 4],58,178,179,120,176
1,<environment.Job instance at 0x7fc1d5af5af0>,61,2,[9 4],62,179,181,117,177
1,<environment.Job instance at 0x7fc1d5af5410>,62,3,[10  3],63,181,184,118,177
1,<environment.Job instance at 0x7fc21c35b050>,66,3,[ 5 11],67,206,209,139,206
1,<environment.Job instance at 0x7fc21c35bc30>,70,1,[5 1],71,212,213,141,212
1,<environment.Job instance at 0x7fc21c35bcd0>,74,24,[8 1],75,243,267,168,243
1,<environment.Job instance at 0x7fc21c35b820>,76,25,[6 2],77,244,269,167,244
1,<environment.Job instance at 0x7fc1d5a7e7d0>,81,3,[3 8],82,274,277,192,274
1,<environment.Job instance at 0x7fc1d5a7e780>,84,1,[8 1],85,275,276,190,275
1,<environment.Job instance at 0x7fc1d5a7e0a0>,87,1,[5 3],88,291,292,203,291
1,<environment.Job instance at 0x7fc1d5a7edc0>,88,3,[10  1],89,291,294,202,291
1,<environment.Job instance at 0x7fc1d5a7e500>,90,1,[5 7],91,305,306,214,305
1,<environment.Job instance at 0x7fc1d5a7e870>,91,20,[5 3],92,305,325,213,305
1,<environment.Job instance at 0x7fc1d5a7e9b0>,92,24,[8 2],93,306,330,213,305
1,<environment.Job instance at 0x7fc1d5a7eeb0>,95,1,[3 9],96,325,326,229,314
1,<environment.Job instance at 0x7fc1d6128d20>,15,18,[6 1],16,30,48,14,30
1,<environment.Job instance at 0x7fc1d6128be0>,17,3,[6 4],18,40,43,22,40
1,<environment.Job instance at 0x7fc1d6128050>,19,2,[2 5],20,45,47,25,45
1,<environment.Job instance at 0x7fc1d6128cd0>,21,3,[8 5],22,58,61,36,58
1,<environment.Job instance at 0x7fc1d6128690>,22,18,[10  1],23,62,80,39,62
1,<environment.Job instance at 0x7fc1d5d760f0>,24,27,[1 7],25,62,89,37,62
1,<environment.Job instance at 0x7fc219b5a6e0>,34,2,[10  4],35,102,104,67,102
1,<environment.Job instance at 0x7fc219b5a730>,35,2,[6 1],36,104,106,68,102
1,<environment.Job instance at 0x7fc1d5f53e60>,38,1,[4 7],39,112,113,73,112
1,<environment.Job instance at 0x7fc219753a00>,42,1,[ 4 10],43,128,129,85,128
1,<environment.Job instance at 0x7fc219753e10>,46,19,[5 4],47,142,161,95,142
1,<environment.Job instance at 0x7fc2197530a0>,50,3,[10  1],51,160,163,109,160
1,<environment.Job instance at 0x7fc219753af0>,51,3,[5 4],52,161,164,109,160
1,<environment.Job instance at 0x7fc219753fa0>,53,18,[10  1],54,172,190,118,172
1,<environment.Job instance at 0x7fc1d59d6e10>,57,3,[9 2],58,192,195,134,192
1,<environment.Job instance at 0x7fc1d59d6230>,58,3,[9 1],59,195,198,136,192
1,<environment.Job instance at 0x7fe99514c820>,3,22,[2 5],4,4,26,0,4
1,<environment.Job instance at 0x7fe98fcb4870>,10,22,[8 1],11,11,33,0,11
1,<environment.Job instance at 0x7fe98fcb4aa0>,12,23,[6 4],13,26,49,13,20
1,<environment.Job instance at 0x7fe98fcb4af0>,14,21,[8 1],15,33,54,18,25
1,<environment.Job instance at 0x7fe98fcb4e10>,18,26,[7 4],19,49,75,30,46
1,<environment.Job instance at 0x7fe98fcb4eb0>,19,25,[5 9],20,54,79,34,50
1,<environment.Job instance at 0x7fe98fcb7a50>,30,26,[9 4],31,75,101,44,72
1,<environment.Job instance at 0x7fe98fcb7af0>,31,1,[ 2 14],32,101,102,69,74
1,<environment.Job instance at 0x7fe98fcb7b90>,32,21,[5 9],33,79,100,46,74
1,<environment.Job instance at 0x7fe98fcb7c30>,33,26,[3 6],34,102,128,68,99
1,<environment.Job instance at 0x7fe98fcb79b0>,40,26,[ 1 10],41,128,154,87,125
1,<environment.Job instance at 0x7fe98fcb98c0>,50,2,[5 6],51,154,156,103,146
1,<environment.Job instance at 0x7fe98fcb9c80>,52,2,[ 2 10],53,156,158,103,146
1,<environment.Job instance at 0x7fe98fcbb230>,59,19,[1 7],60,166,185,106,166
1,<environment.Job instance at 0x7fe98fcbb140>,60,2,[2 6],61,166,168,105,166
1,<environment.Job instance at 0x7fe98fcbb190>,61,1,[7 5],62,168,169,106,166
1,<environment.Job instance at 0x7fe98fcbb460>,64,2,[2 8],65,173,175,108,173
1,<environment.Job instance at 0x7fe98fcbb820>,65,1,[5 8],66,175,176,109,173
1,<environment.Job instance at 0x7fe98fcbbb90>,70,1,[5 4],71,197,198,126,197
1,<environment.Job instance at 0x7fe98fcbbc30>,71,2,[5 1],72,197,199,125,197
1,<environment.Job instance at 0x7fe98fcbbc80>,73,2,[9 3],74,200,202,126,200
1,<environment.Job instance at 0x7fe98fcbbfa0>,74,2,[1 7],75,200,202,125,200
1,<environment.Job instance at 0x7fe98fcbbdc0>,75,3,[10  4],76,202,205,126,200
1,<environment.Job instance at 0x7fe98fcbd370>,79,19,[10  3],80,224,243,144,224
1,<environment.Job instance at 0x7fe98fcbd410>,80,1,[5 5],81,224,225,143,224
1,<environment.Job instance at 0x7fe98fcbd550>,82,21,[4 8],83,226,247,143,226
1,<environment.Job instance at 0x7fe98fcbd7d0>,86,3,[6 3],87,243,246,156,242
1,<environment.Job instance at 0x7fe98fcbda50>,90,3,[6 1],91,262,265,171,262
1,<environment.Job instance at 0x7fe98fcbdc30>,93,25,[ 1 10],94,274,299,180,274
1,<environment.Job instance at 0x7fe98fcbdcd0>,94,1,[ 5 10],95,299,300,204,274
1,<environment.Job instance at 0x7fe98fcc2910>,106,1,[4 8],107,318,319,211,318
1,<environment.Job instance at 0x7fe98fcc2af0>,109,27,[3 9],110,331,358,221,331
1,<environment.Job instance at 0x7fe98fcc2b90>,110,23,[5 1],111,331,354,220,331
1,<environment.Job instance at 0x7fe98fcedaf0>,117,3,[ 3 13],118,400,403,282,400
1,<environment.Job instance at 0x7fe98fccfbe0>,8,1,[7 1],9,9,10,0,9
1,<environment.Job instance at 0x7fe98fccfc80>,13,2,[ 5 10],14,14,16,0,14
1,<environment.Job instance at 0x7fe98fccffa0>,16,1,[9 5],17,21,22,4,21
1,<environment.Job instance at 0x7fe98fccb690>,17,28,[ 2 10],18,21,49,3,21
1,<environment.Job instance at 0x7fe98fccbb90>,23,1,[2 7],24,49,50,25,39
1,<environment.Job instance at 0x7fe98fccba00>,24,20,[13  4],25,39,59,14,39
1,<environment.Job instance at 0x7fe98fccbb40>,31,22,[5 6],32,59,81,27,59
1,<environment.Job instance at 0x7fe98fcd3410>,32,1,[9 2],33,59,60,26,59
1,<environment.Job instance at 0x7fe98fcd3500>,33,1,[12  5],34,81,82,47,59
1,<environment.Job instance at 0x7fe98fcd31e0>,37,21,[10  4],38,82,103,44,75
1,<environment.Job instance at 0x7fe94a0ac690>,40,24,[1 5],41,75,99,34,75
1,<environment.Job instance at 0x7fe94a0b4910>,42,20,[10  5],43,103,123,60,94
1,<environment.Job instance at 0x7fe94a0b4370>,47,3,[5 6],48,99,102,51,99
1,<environment.Job instance at 0x7fe94a0b4190>,48,2,[8 1],49,123,125,74,99
1,<environment.Job instance at 0x7fe94a0b6050>,53,24,[3 7],54,122,146,68,122
1,<environment.Job instance at 0x7fe94a0b60f0>,54,19,[3 8],55,125,144,70,122
1,<environment.Job instance at 0x7fe94a0b78c0>,61,18,[6 2],62,144,162,82,143
1,<environment.Job instance at 0x7fe94a0b7e60>,62,1,[8 3],63,146,147,83,143
1,<environment.Job instance at 0x7fe94a0b7500>,63,3,[2 5],64,147,150,83,143
1,<environment.Job instance at 0x7fe94a0b7820>,64,19,[6 2],65,147,166,82,143
1,<environment.Job instance at 0x7fe94a0b75a0>,65,1,[9 3],66,162,163,96,143
1,<environment.Job instance at 0x7fe94a0b73c0>,68,27,[ 3 12],69,163,190,94,161
1,<environment.Job instance at 0x7fe94a119dc0>,74,26,[3 9],75,190,216,115,187
1,<environment.Job instance at 0x7fe94a0ca730>,77,2,[5 3],78,187,189,109,187
1,<environment.Job instance at 0x7fe94a0c5960>,78,21,[2 7],79,216,237,137,208
1,<environment.Job instance at 0x7fe94a0c5f00>,79,3,[10  4],80,208,211,128,208
1,<environment.Job instance at 0x7fe94a0ce7d0>,80,23,[4 7],81,216,239,135,210
1,<environment.Job instance at 0x7fe94a1d87d0>,82,3,[8 2],83,211,214,128,211
1,<environment.Job instance at 0x7fe94a2ebf50>,84,3,[5 6],85,237,240,152,213
1,<environment.Job instance at 0x7fe94a0ce730>,87,2,[10  3],88,239,241,151,230
1,<environment.Job instance at 0x7fe94a1c2be0>,88,20,[ 2 10],89,240,260,151,231
1,<environment.Job instance at 0x7fe94a1e4cd0>,90,1,[14  4],91,260,261,169,238
1,<environment.Job instance at 0x7fe94a1a53c0>,93,1,[4 8],94,261,262,167,246
1,<environment.Job instance at 0x7fe94a373a00>,95,21,[1 6],96,260,281,164,252
1,<environment.Job instance at 0x7fe98fccf190>,0,19,[ 5 12],1,316,335,315,316
1,<environment.Job instance at 0x7fe94a1a1a00>,98,23,[1 9],99,335,358,236,329
1,<environment.Job instance at 0x7fe949ff34b0>,5,27,[6 1],6,6,33,0,6
1,<environment.Job instance at 0x7fe94a1406e0>,6,1,[4 7],7,7,8,0,7
1,<environment.Job instance at 0x7fe949f74b40>,12,23,[1 8],13,13,36,0,13
1,<environment.Job instance at 0x7fe949f74fa0>,13,1,[9 5],14,33,34,19,14
1,<environment.Job instance at 0x7fe949f74f00>,15,1,[5 1],16,16,17,0,16
1,<environment.Job instance at 0x7fe949f69140>,16,1,[2 6],17,18,19,1,18
1,<environment.Job instance at 0x7fe949f697d0>,20,2,[4 5],21,21,23,0,21
1,<environment.Job instance at 0x7fe949fdc550>,22,1,[1 5],23,23,24,0,23
1,<environment.Job instance at 0x7fe949f690f0>,23,26,[5 3],24,34,60,10,31
1,<environment.Job instance at 0x7fe98fafbf50>,27,1,[4 6],28,36,37,8,35
1,<environment.Job instance at 0x7fe9901ad0f0>,31,3,[5 9],32,53,56,21,53
1,<environment.Job instance at 0x7fe98fe3e500>,34,3,[7 5],35,56,59,21,54
1,<environment.Job instance at 0x7fe98fb0a1e0>,38,20,[5 2],39,70,90,31,70
1,<environment.Job instance at 0x7fe9950ebeb0>,39,26,[2 8],40,70,96,30,70
1,<environment.Job instance at 0x7fe949efdc30>,41,20,[ 4 10],42,96,116,54,87
1,<environment.Job instance at 0x7fe949f140f0>,47,27,[9 5],48,103,130,55,103
1,<environment.Job instance at 0x7fe949f14dc0>,55,1,[6 3],56,132,133,76,132
1,<environment.Job instance at 0x7fe949f7e230>,57,1,[1 5],58,137,138,79,137
1,<environment.Job instance at 0x7fe949f7eb90>,60,1,[7 2],61,152,153,91,152
1,<environment.Job instance at 0x7fe94a33bb40>,62,25,[ 3 11],63,158,183,95,158
1,<environment.Job instance at 0x7fe98fe2dbe0>,66,3,[4 5],67,187,190,120,187
1,<environment.Job instance at 0x7fe995236e10>,70,3,[5 2],71,218,221,147,218
1,<environment.Job instance at 0x7fe995236280>,71,3,[9 4],72,218,221,146,218
1,<environment.Job instance at 0x7fe949f0f230>,72,2,[6 5],73,221,223,148,218
1,<environment.Job instance at 0x7fe949f0f190>,76,1,[9 2],77,248,249,171,248
1,<environment.Job instance at 0x7fe949f0f5a0>,77,2,[1 8],78,248,250,170,248
1,<environment.Job instance at 0x7fe98fa25690>,81,2,[9 2],82,263,265,181,263
1,<environment.Job instance at 0x7fe98fa25910>,82,2,[7 5],83,265,267,182,263
1,<environment.Job instance at 0x7fe99012e140>,84,2,[5 8],85,279,281,194,279
1,<environment.Job instance at 0x7fe99015c7d0>,85,27,[4 5],86,279,306,193,279
1,<environment.Job instance at 0x7fe9901605f0>,86,2,[1 8],87,281,283,194,279
1,<environment.Job instance at 0x7fe98fa7ad20>,0,26,[8 3],1,1,27,0,1
1,<environment.Job instance at 0x7fe94a542960>,14,2,[11  3],15,27,29,12,15
1,<environment.Job instance at 0x7fe94a5972d0>,18,1,[9 5],19,29,30,10,19
1,<environment.Job instance at 0x7fe98fa59c30>,23,3,[2 8],24,29,32,5,29
1,<environment.Job instance at 0x7fe98fdb5aa0>,27,2,[9 3],28,48,50,20,48
1,<environment.Job instance at 0x7fe98fdb5230>,28,2,[3 5],29,48,50,19,48
1,<environment.Job instance at 0x7fe98fb0cb90>,32,1,[10  4],33,71,72,38,71
1,<environment.Job instance at 0x7fe98fb0c870>,35,3,[8 3],36,89,92,53,89
1,<environment.Job instance at 0x7fe9900eb550>,37,2,[ 3 11],38,93,95,55,93
1,<environment.Job instance at 0x7fe9900ecc80>,39,2,[2 7],40,104,106,64,104
1,<environment.Job instance at 0x7fe9900ec910>,42,27,[8 3],43,120,147,77,120
1,<environment.Job instance at 0x7fe9900ec190>,43,18,[1 6],44,126,144,82,126
1,<environment.Job instance at 0x7fe98fde6960>,45,1,[1 6],46,129,130,83,129
1,<environment.Job instance at 0x7fe98fde6cd0>,46,27,[2 6],47,130,157,83,129
1,<environment.Job instance at 0x7fe98fe69e60>,49,1,[8 5],50,147,148,97,142
1,<environment.Job instance at 0x7fe9902f4460>,52,2,[2 7],53,159,161,106,159
1,<environment.Job instance at 0x7fe9902f4230>,53,1,[8 3],54,159,160,105,159
1,<environment.Job instance at 0x7fe9902f4dc0>,56,2,[7 5],57,165,167,108,165
1,<environment.Job instance at 0x7fe9902f4140>,57,1,[2 8],58,165,166,107,165
1,<environment.Job instance at 0x7fe9902f4320>,58,3,[2 9],59,166,169,107,165
1,<environment.Job instance at 0x7fe9902f4960>,59,3,[2 7],60,169,172,109,165
1,<environment.Job instance at 0x7fe990273320>,63,1,[7 1],64,183,184,119,183
1,<environment.Job instance at 0x7fe990273780>,66,21,[ 4 10],67,189,210,122,189
1,<environment.Job instance at 0x7fe9902735f0>,67,23,[2 8],68,210,233,142,204
1,<environment.Job instance at 0x7fe990273b90>,69,19,[13  3],70,243,262,173,243
1,<environment.Job instance at 0x7fe9902737d0>,68,3,[11  1],69,338,341,269,338
1,<environment.Job instance at 0x7fe98fdb9c80>,77,1,[7 2],78,341,342,263,339
1,<environment.Job instance at 0x7fe99007be10>,80,25,[6 4],81,351,376,270,351
1,<environment.Job instance at 0x7fe99007b7d0>,81,1,[3 6],82,351,352,269,351
1,<environment.Job instance at 0x7fe99007b910>,82,3,[14  5],83,376,379,293,354
1,<environment.Job instance at 0x7fe98fcec690>,84,24,[5 5],85,379,403,294,377
1,<environment.Job instance at 0x7fe98fcec9b0>,87,1,[4 6],88,379,380,291,379
1,<environment.Job instance at 0x7fe98fcecdc0>,88,28,[ 5 10],89,380,408,291,379
1,<environment.Job instance at 0x7fe99067ab90>,92,1,[4 8],93,408,409,315,384
1,<environment.Job instance at 0x7fe98fe010a0>,94,1,[ 3 10],95,409,410,314,384
1,<environment.Job instance at 0x7fe98fa9bf50>,8,3,[3 7],9,9,12,0,9
1,<environment.Job instance at 0x7fe98fdddd20>,9,3,[5 8],10,10,13,0,10
1,<environment.Job instance at 0x7fe98fe03820>,11,2,[14  5],12,13,15,1,12
1,<environment.Job instance at 0x7fe94a4380f0>,14,2,[9 4],15,15,17,0,15
1,<environment.Job instance at 0x7fe990157230>,18,2,[9 3],19,24,26,5,24
1,<environment.Job instance at 0x7fe990157780>,19,3,[4 7],20,25,28,5,25
1,<environment.Job instance at 0x7fe990157320>,20,1,[4 8],21,26,27,5,25
1,<environment.Job instance at 0x7fe9901570f0>,21,1,[8 1],22,27,28,5,26
1,<environment.Job instance at 0x7fe9901577d0>,25,2,[9 1],26,54,56,28,54
1,<environment.Job instance at 0x7fe990157a50>,26,22,[1 8],27,54,76,27,54
1,<environment.Job instance at 0x7fe990157820>,27,28,[5 9],28,76,104,48,75
1,<environment.Job instance at 0x7fe99021f1e0>,37,28,[9 1],38,106,134,68,106
1,<environment.Job instance at 0x7fe99021ff50>,39,3,[6 3],40,111,114,71,111
1,<environment.Job instance at 0x7fe99021f730>,40,3,[2 9],41,114,117,73,111
1,<environment.Job instance at 0x7fe99021f6e0>,42,26,[5 8],43,123,149,80,123
1,<environment.Job instance at 0x7fe99021fd20>,45,1,[5 4],46,134,135,88,123
1,<environment.Job instance at 0x7fe99021f460>,46,2,[ 5 13],47,149,151,102,127
1,<environment.Job instance at 0x7fe99021f5f0>,51,1,[13  4],52,151,152,99,140
1,<environment.Job instance at 0x7fe94a3a80a0>,53,22,[3 5],54,152,174,98,146
1,<environment.Job instance at 0x7fe9907892d0>,56,3,[6 3],57,152,155,95,150
1,<environment.Job instance at 0x7fe94a362af0>,57,28,[ 5 10],58,155,183,97,154
1,<environment.Job instance at 0x7fe94a39ea00>,60,22,[7 1],61,174,196,113,167
1,<environment.Job instance at 0x7fe98fb24a50>,62,21,[5 7],63,183,204,120,176
1,<environment.Job instance at 0x7fe98fb1dcd0>,58,2,[12  3],59,204,206,145,183
1,<environment.Job instance at 0x7fe94a399eb0>,67,1,[ 4 10],68,206,207,138,188
1,<environment.Job instance at 0x7fe94a399b90>,70,3,[10  1],71,196,199,125,190
1,<environment.Job instance at 0x7fe94a399af0>,72,3,[6 5],73,200,203,127,200
1,<environment.Job instance at 0x7fe94a399c30>,69,18,[8 2],70,206,224,136,204
1,<environment.Job instance at 0x7fe94a399f50>,76,2,[2 6],77,216,218,139,216
1,<environment.Job instance at 0x7fe94a399d70>,77,1,[5 1],78,216,217,138,216
1,<environment.Job instance at 0x7fe94a3aa280>,78,1,[10  1],79,224,225,145,216
1,<environment.Job instance at 0x7fe94a3aa050>,79,2,[4 7],80,217,219,137,216
1,<environment.Job instance at 0x7fe94a3aa5f0>,80,26,[3 7],81,219,245,138,216
1,<environment.Job instance at 0x7fe94a397dc0>,86,1,[10  1],87,246,247,159,246
1,<environment.Job instance at 0x7fe94a397320>,85,18,[4 9],86,246,264,160,246
1,<environment.Job instance at 0x7fe94a39b8c0>,89,1,[12  2],90,264,265,174,254
1,<environment.Job instance at 0x7fe94a39b500>,91,3,[5 1],92,258,261,166,258
1,<environment.Job instance at 0x7fe94a39b640>,92,24,[1 9],93,264,288,171,259
1,<environment.Job instance at 0x7fe94a39b0a0>,95,1,[1 8],96,288,289,192,270
1,<environment.Job instance at 0x7fe94a39bf50>,97,2,[3 7],98,288,290,190,276
1,<environment.Job instance at 0x7fe94a3a25a0>,98,2,[1 6],99,277,279,178,277
1,<environment.Job instance at 0x7fe94a3a2af0>,101,27,[7 1],102,293,320,191,293
1,<environment.Job instance at 0x7fe94a3a2dc0>,102,26,[ 3 10],103,293,319,190,293
1,<environment.Job instance at 0x7fe94a3a2d20>,105,21,[ 2 10],106,319,340,213,311
1,<environment.Job instance at 0x7fe94a3a23c0>,103,2,[ 3 13],104,340,342,236,321
1,<environment.Job instance at 0x7fe94a3a20a0>,107,1,[ 3 14],108,342,343,234,322
1,<environment.Job instance at 0x7fe990340d70>,3,24,[2 6],4,4,28,0,4
1,<environment.Job instance at 0x7fe94a3995f0>,5,2,[ 2 11],6,28,30,22,17
1,<environment.Job instance at 0x7fe94a2a9730>,13,1,[5 5],14,17,18,3,17
1,<environment.Job instance at 0x7fe94a2a9b90>,15,19,[6 3],16,26,45,10,26
1,<environment.Job instance at 0x7fe94a2a98c0>,20,3,[1 9],21,37,40,16,37
1,<environment.Job instance at 0x7fe94a2a9140>,22,27,[5 7],23,40,67,17,38
1,<environment.Job instance at 0x7fe9908ea050>,24,24,[13  2],25,67,91,42,62
1,<environment.Job instance at 0x7fe94a29f960>,44,1,[2 8],45,129,130,84,129
1,<environment.Job instance at 0x7fe9902cbbe0>,3,27,[3 5],4,4,31,0,4
1,<environment.Job instance at 0x7fe9902cb1e0>,5,2,[14  1],6,31,33,25,7
1,<environment.Job instance at 0x7fe94a3f9eb0>,4,1,[12  4],5,8,9,3,8
1,<environment.Job instance at 0x7fe94a498eb0>,19,3,[3 7],20,33,36,13,29
1,<environment.Job instance at 0x7fe98fd09b40>,21,3,[5 4],22,33,36,11,29
1,<environment.Job instance at 0x7fe98fd091e0>,24,1,[4 7],25,42,43,17,42
1,<environment.Job instance at 0x7fe98ff9e9b0>,26,27,[10  4],27,52,79,25,52
1,<environment.Job instance at 0x7fe98ff9e730>,27,1,[5 6],28,52,53,24,52
1,<environment.Job instance at 0x7fe98fc75410>,30,1,[ 5 11],31,69,70,38,69
1,<environment.Job instance at 0x7fe990607780>,32,25,[7 3],33,79,104,46,75
1,<environment.Job instance at 0x7fe9906076e0>,35,2,[ 2 10],36,86,88,50,86
1,<environment.Job instance at 0x7fe98ff9e870>,25,18,[3 9],26,88,106,62,87
1,<environment.Job instance at 0x7fe990303c80>,42,2,[3 9],43,114,116,71,114
1,<environment.Job instance at 0x7fe94a0ffcd0>,44,3,[9 2],45,114,117,69,114
1,<environment.Job instance at 0x7fe990303e10>,45,3,[8 2],46,117,120,71,114
1,<environment.Job instance at 0x7fe98ff547d0>,47,3,[2 7],48,127,130,79,127
1,<environment.Job instance at 0x7fe949f40690>,50,3,[ 1 10],51,144,147,93,144
1,<environment.Job instance at 0x7fe990241640>,51,2,[ 2 10],52,147,149,95,144
1,<environment.Job instance at 0x7fe990241aa0>,52,3,[5 7],53,149,152,96,144
1,<environment.Job instance at 0x7fe94a24a280>,56,1,[2 8],57,149,150,92,145
1,<environment.Job instance at 0x7fe94a24a1e0>,63,1,[6 2],64,174,175,110,174
1,<environment.Job instance at 0x7fe94a24a780>,64,2,[2 7],65,174,176,109,174
1,<environment.Job instance at 0x7fe94a24a910>,65,26,[4 8],66,175,201,109,174
1,<environment.Job instance at 0x7fe94a24aa50>,66,20,[4 8],67,201,221,134,192
1,<environment.Job instance at 0x7fe94a4c9eb0>,69,1,[5 6],70,192,193,122,192
1,<environment.Job instance at 0x7fe94a4c98c0>,70,25,[5 4],71,193,218,122,192
1,<environment.Job instance at 0x7fe94a4c9dc0>,71,21,[5 5],72,218,239,146,210
1,<environment.Job instance at 0x7fe94a12cc30>,75,25,[5 7],76,221,246,145,217
1,<environment.Job instance at 0x7fe98fc04e60>,77,22,[5 8],78,239,261,161,232
1,<environment.Job instance at 0x7fe94a15eaf0>,79,3,[11  3],80,261,264,181,259
1,<environment.Job instance at 0x7fe94a118230>,82,2,[10  4],83,259,261,176,259
1,<environment.Job instance at 0x7fe98fc460f0>,83,27,[8 5],84,264,291,180,262
1,<environment.Job instance at 0x7fe9902ff640>,89,1,[12  4],90,291,292,201,275
1,<environment.Job instance at 0x7fe98fb6d5f0>,92,1,[5 5],93,275,276,182,275
1,<environment.Job instance at 0x7fe98fb6dd20>,93,24,[3 5],94,276,300,182,275
1,<environment.Job instance at 0x7fe98fd3c5f0>,99,1,[6 2],100,303,304,203,303
1,<environment.Job instance at 0x7fe9908da550>,104,27,[1 8],105,323,350,218,323
1,<environment.Job instance at 0x7fe99040c780>,114,23,[4 5],115,344,367,229,344
1,<environment.Job instance at 0x7fe98fb13af0>,0,1,[1 7],1,1,2,0,1
1,<environment.Job instance at 0x7fe94a274960>,6,26,[8 5],7,7,33,0,7
1,<environment.Job instance at 0x7fe98fc7beb0>,9,20,[6 3],10,11,31,1,11
1,<environment.Job instance at 0x7fe990369c30>,13,20,[5 3],14,31,51,17,22
1,<environment.Job instance at 0x7fe990369230>,22,2,[5 2],23,39,41,16,39
1,<environment.Job instance at 0x7fe94a33e4b0>,25,2,[10  1],26,43,45,17,43
1,<environment.Job instance at 0x7fe94a33ec30>,27,22,[10  1],28,52,74,24,52
1,<environment.Job instance at 0x7fe9950e8be0>,30,20,[3 8],31,66,86,35,66
1,<environment.Job instance at 0x7fe9950e8190>,31,3,[11  4],32,83,86,51,83
1,<environment.Job instance at 0x7fe9950e8b40>,35,1,[9 5],36,86,87,50,83
1,<environment.Job instance at 0x7fe9950e8d70>,36,26,[9 5],37,87,113,50,84
1,<environment.Job instance at 0x7fe99066e870>,46,2,[2 8],47,108,110,61,108
1,<environment.Job instance at 0x7fe99066eb40>,47,1,[ 4 12],48,113,114,65,108
1,<environment.Job instance at 0x7fe99069e0f0>,49,22,[7 3],50,113,135,63,108
1,<environment.Job instance at 0x7fe99069e550>,52,25,[7 5],53,122,147,69,122
1,<environment.Job instance at 0x7fe99069e5a0>,53,2,[14  5],54,147,149,93,125
1,<environment.Job instance at 0x7fe99069e4b0>,54,2,[13  4],55,149,151,94,133
1,<environment.Job instance at 0x7fe99069e1e0>,55,2,[1 5],56,133,135,77,133
1,<environment.Job instance at 0x7fe98fb703c0>,0,25,[10  4],1,1,26,0,1
1,<environment.Job instance at 0x7fe94a5ecdc0>,20,3,[9 1],21,34,37,13,34
1,<environment.Job instance at 0x7fe94a5ec690>,21,2,[13  4],22,37,39,15,34
1,<environment.Job instance at 0x7fe94a5ec730>,22,18,[8 1],23,39,57,16,39
1,<environment.Job instance at 0x7fe94a5ec9b0>,23,2,[9 1],24,57,59,33,39
1,<environment.Job instance at 0x7fe94a5ecfa0>,25,2,[ 3 10],26,43,45,17,43
1,<environment.Job instance at 0x7fe9907000a0>,26,20,[10  4],27,59,79,32,50
1,<environment.Job instance at 0x7fe94a0424b0>,30,27,[ 3 13],31,79,106,48,77
1,<environment.Job instance at 0x7fe98ff89d20>,33,27,[1 7],34,106,133,72,104
1,<environment.Job instance at 0x7fe994cbbc80>,36,3,[10  3],37,106,109,69,104
1,<environment.Job instance at 0x7fe99070b1e0>,37,1,[ 4 10],38,133,134,95,105
1,<environment.Job instance at 0x7fe990713500>,40,1,[12  1],41,105,106,64,105
1,<environment.Job instance at 0x7fe990713960>,41,25,[9 1],42,109,134,67,105
1,<environment.Job instance at 0x7fe94a2c1500>,43,18,[5 5],44,144,162,100,144
1,<environment.Job instance at 0x7fe9904c8a00>,50,27,[5 4],51,144,171,93,144
1,<environment.Job instance at 0x7fe9904c8be0>,51,28,[7 5],52,162,190,110,161
1,<environment.Job instance at 0x7fe98fc3ceb0>,52,1,[4 8],53,171,172,118,161
1,<environment.Job instance at 0x7fe9904c84b0>,53,28,[8 2],54,172,200,118,171
1,<environment.Job instance at 0x7fe9909d5c30>,70,13,[7 1],71,205,218,134,205
1,<environment.Job instance at 0x7fe9909d5960>,71,1,[ 5 14],72,205,206,133,205
1,<environment.Job instance at 0x7fe9909d57d0>,72,1,[7 1],73,206,207,133,205
1,<environment.Job instance at 0x7fe9909d5cd0>,73,19,[7 1],74,207,226,133,205
1,<environment.Job instance at 0x7fe9909d5820>,76,1,[4 5],77,224,225,147,224
1,<environment.Job instance at 0x7fe9909d5370>,81,3,[10  5],82,248,251,166,248
1,<environment.Job instance at 0x7fe9909d5eb0>,83,27,[5 1],84,258,285,174,258
1,<environment.Job instance at 0x7fe949f20fa0>,86,2,[ 5 12],87,263,265,176,263
1,<environment.Job instance at 0x7fe9909d58c0>,87,3,[3 6],88,265,268,177,263
1,<environment.Job instance at 0x7fe949f20c30>,88,2,[7 4],89,265,267,176,264
1,<environment.Job instance at 0x7fe949f20af0>,89,1,[1 6],90,267,268,177,264
1,<environment.Job instance at 0x7fe949f20140>,92,1,[6 5],93,287,288,194,287
1,<environment.Job instance at 0x7fe949f20c80>,94,18,[9 1],95,295,313,200,295
1,<environment.Job instance at 0x7fe949f20190>,99,3,[4 7],100,324,327,224,324
1,<environment.Job instance at 0x7fe94a2fa0f0>,7,28,[4 9],8,8,36,0,8
1,<environment.Job instance at 0x7fe98fb3da50>,10,1,[3 6],11,11,12,0,11
1,<environment.Job instance at 0x7fe94a309550>,13,2,[5 9],14,36,38,22,14
1,<environment.Job instance at 0x7fe9900da410>,18,1,[14  2],19,38,39,19,23
1,<environment.Job instance at 0x7fe9900da050>,19,1,[ 1 11],20,38,39,18,27
1,<environment.Job instance at 0x7fe99071f690>,25,1,[3 6],26,40,41,14,40
1,<environment.Job instance at 0x7fe94a6646e0>,30,18,[2 8],31,63,81,32,63
1,<environment.Job instance at 0x7fe98fc4ff00>,31,2,[3 8],32,81,83,49,63
1,<environment.Job instance at 0x7fe949f54690>,32,1,[8 4],33,63,64,30,63
1,<environment.Job instance at 0x7fe9901575f0>,36,3,[4 7],37,81,84,44,81
1,<environment.Job instance at 0x7fe99084cdc0>,38,1,[1 9],39,87,88,48,87
1,<environment.Job instance at 0x7fe99084c8c0>,39,2,[4 9],40,88,90,48,87
1,<environment.Job instance at 0x7fe94a3609b0>,35,18,[9 1],36,87,105,51,87
1,<environment.Job instance at 0x7fe990969730>,41,2,[4 7],42,90,92,48,87
1,<environment.Job instance at 0x7fe9909692d0>,43,1,[9 5],44,105,106,61,92
1,<environment.Job instance at 0x7fe94a133a00>,44,21,[8 1],45,106,127,61,98
1,<environment.Job instance at 0x7fe98fb5cf00>,47,1,[1 7],48,102,103,54,102
1,<environment.Job instance at 0x7fe98fb5c280>,48,3,[1 5],49,103,106,54,103
1,<environment.Job instance at 0x7fe98fb5c690>,49,25,[ 3 10],50,106,131,56,103
1,<environment.Job instance at 0x7fe98fb5ceb0>,51,12,[ 1 10],52,137,149,85,137
1,<environment.Job instance at 0x7fe98fb5c500>,57,23,[9 2],58,137,160,79,137
1,<environment.Job instance at 0x7fe98fb5c820>,58,3,[6 1],59,149,152,90,137
1,<environment.Job instance at 0x7fe98fb5c230>,59,3,[1 9],60,152,155,92,137
1,<environment.Job instance at 0x7fe98fb5c9b0>,61,3,[9 5],62,160,163,98,142
1,<environment.Job instance at 0x7fe98fb5caa0>,62,3,[8 1],63,163,166,100,142
1,<environment.Job instance at 0x7fe98faa5050>,64,1,[1 8],65,155,156,90,149
1,<environment.Job instance at 0x7fe9909e26e0>,67,1,[6 5],68,159,160,91,159
1,<environment.Job instance at 0x7fe9909e2d20>,69,1,[8 2],70,166,167,96,163
1,<environment.Job instance at 0x7fe94a5c4230>,70,15,[7 2],71,176,191,105,176
1,<environment.Job instance at 0x7fe94a5c4d20>,75,3,[7 5],76,187,190,111,187
1,<environment.Job instance at 0x7fe9908a2280>,78,1,[3 8],79,205,206,126,205
1,<environment.Job instance at 0x7fe98fb009b0>,0,26,[4 8],1,1,27,0,1
1,<environment.Job instance at 0x7fe94a606aa0>,17,3,[1 6],18,35,38,17,35
1,<environment.Job instance at 0x7fe94a606af0>,20,2,[3 9],21,50,52,29,50
1,<environment.Job instance at 0x7fe94a606f00>,23,1,[ 3 13],24,53,54,29,53
1,<environment.Job instance at 0x7fe94a606cd0>,24,1,[6 2],25,53,54,28,53
1,<environment.Job instance at 0x7fe94a6068c0>,25,22,[1 9],26,54,76,28,53
1,<environment.Job instance at 0x7fe94a635820>,35,1,[ 5 13],36,81,82,45,81
1,<environment.Job instance at 0x7fe94a635c80>,40,19,[5 4],41,112,131,71,112
1,<environment.Job instance at 0x7fe94a635d70>,42,3,[5 9],43,128,131,85,128
1,<environment.Job instance at 0x7fe94a635fa0>,44,24,[5 9],45,131,155,86,128
1,<environment.Job instance at 0x7fe94a635e60>,47,26,[8 5],48,145,171,97,145
1,<environment.Job instance at 0x7fe94a61f870>,53,26,[7 5],54,161,187,107,161
1,<environment.Job instance at 0x7fe94a61fb90>,55,2,[13  2],56,187,189,131,179
1,<environment.Job instance at 0x7fe94a61fc30>,56,20,[3 6],57,189,209,132,180
1,<environment.Job instance at 0x7fe94a61ff50>,60,1,[9 3],61,194,195,133,194
1,<environment.Job instance at 0x7fe94a610320>,64,1,[4 7],65,213,214,148,213
1,<environment.Job instance at 0x7fe94a610280>,63,3,[11  3],64,218,221,154,218
1,<environment.Job instance at 0x7fe94a610460>,66,1,[1 9],67,218,219,151,218
1,<environment.Job instance at 0x7fe94a6108c0>,72,1,[7 3],73,231,232,158,231
1,<environment.Job instance at 0x7fe94a610a00>,74,3,[3 9],75,234,237,159,234
1,<environment.Job instance at 0x7fe94a6109b0>,75,2,[4 9],76,237,239,161,234
1,<environment.Job instance at 0x7fe94a610a50>,76,2,[2 8],77,239,241,162,234
1,<environment.Job instance at 0x7fe94a610f00>,79,1,[5 5],80,247,248,167,247
1,<environment.Job instance at 0x7fe94a610e10>,80,3,[4 8],81,247,250,166,247
1,<environment.Job instance at 0x7fe94a6210a0>,83,2,[9 4],84,259,261,175,259
1,<environment.Job instance at 0x7fe94a621370>,86,23,[10  4],87,276,299,189,276
1,<environment.Job instance at 0x7fe94a6215f0>,90,3,[10  4],91,300,303,209,300
1,<environment.Job instance at 0x7fe94a6218c0>,93,1,[6 2],94,319,320,225,319
1,<environment.Job instance at 0x7fe94a621a50>,94,2,[8 4],95,319,321,224,319
1,<environment.Job instance at 0x7fe94a621a00>,102,1,[2 7],103,361,362,258,361
1,<environment.Job instance at 0x7fe94a6082d0>,107,1,[4 8],108,388,389,280,388
1,<environment.Job instance at 0x7fe94a608410>,108,2,[10  1],109,388,390,279,388
1,<environment.Job instance at 0x7fe94a608370>,109,25,[8 3],110,390,415,280,388
1,<environment.Job instance at 0x7fe94a608730>,112,24,[11  1],113,415,439,302,410
1,<environment.Job instance at 0x7fe98fcd45a0>,4,1,[ 3 10],5,5,6,0,5
1,<environment.Job instance at 0x7fe98fcd4fa0>,7,1,[8 2],8,8,9,0,8
1,<environment.Job instance at 0x7fe98fcd4c30>,9,1,[ 3 10],10,11,12,1,11
1,<environment.Job instance at 0x7fe94a133eb0>,12,1,[4 6],13,13,14,0,13
1,<environment.Job instance at 0x7fe94a4ebd70>,14,1,[5 8],15,15,16,0,15
1,<environment.Job instance at 0x7fe94a536230>,17,3,[ 1 10],18,19,22,1,19
1,<environment.Job instance at 0x7fe94a536dc0>,19,2,[10  1],20,20,22,0,20
1,<environment.Job instance at 0x7fe949e83a50>,23,2,[12  1],24,30,32,6,30
1,<environment.Job instance at 0x7fe949e83410>,24,1,[ 5 14],25,32,33,7,30
1,<environment.Job instance at 0x7fe949e83c80>,26,21,[3 7],27,35,56,8,35
1,<environment.Job instance at 0x7fe949e834b0>,28,28,[8 3],29,46,74,17,46
1,<environment.Job instance at 0x7fe949e83780>,29,20,[1 9],30,56,76,26,52
1,<environment.Job instance at 0x7fe990074eb0>,37,2,[13  1],38,90,92,52,90
1,<environment.Job instance at 0x7fe990074fa0>,39,18,[3 8],40,92,110,52,91
1,<environment.Job instance at 0x7fe94a39be60>,40,2,[4 9],41,110,112,69,91
1,<environment.Job instance at 0x7fe94a39b7d0>,44,1,[11  3],45,108,109,63,108
1,<environment.Job instance at 0x7fe94a39bf50>,41,18,[4 6],42,110,128,68,110
1,<environment.Job instance at 0x7fe94a1eb050>,47,12,[ 3 10],48,128,140,80,121
1,<environment.Job instance at 0x7fe94a1eb0a0>,50,2,[2 9],51,122,124,71,122
1,<environment.Job instance at 0x7fe94a1ebcd0>,52,27,[9 1],53,136,163,83,136
1,<environment.Job instance at 0x7fe94a1eb230>,55,1,[9 3],56,163,164,107,149
1,<environment.Job instance at 0x7fe94a1eb6e0>,56,21,[12  2],57,164,185,107,156
1,<environment.Job instance at 0x7fe94a1eb320>,57,2,[1 5],58,156,158,98,156
1,<environment.Job instance at 0x7fe94a48dc80>,59,20,[2 8],60,156,176,96,156
1,<environment.Job instance at 0x7fe94a48d5f0>,61,19,[5 5],62,185,204,123,177
1,<environment.Job instance at 0x7fe94a48dc30>,66,2,[12  3],67,322,324,255,322
1,<environment.Job instance at 0x7fe94a48d5a0>,68,1,[ 4 10],69,324,325,255,322
1,<environment.Job instance at 0x7fe94a48da50>,71,23,[5 9],72,380,403,308,380
1,<environment.Job instance at 0x7fe9904a1cd0>,12,2,[5 7],13,13,15,0,13
1,<environment.Job instance at 0x7fe99037e0a0>,13,2,[2 5],14,14,16,0,14
1,<environment.Job instance at 0x7fe99030baf0>,14,2,[2 8],15,15,17,0,15
1,<environment.Job instance at 0x7fe99030b050>,15,22,[9 4],16,16,38,0,16
1,<environment.Job instance at 0x7fe99030b2d0>,19,27,[5 8],20,20,47,0,20
1,<environment.Job instance at 0x7fe990077410>,24,2,[7 4],25,38,40,13,36
1,<environment.Job instance at 0x7fe990077690>,26,22,[3 8],27,47,69,20,42
1,<environment.Job instance at 0x7fe990077460>,28,2,[5 5],29,43,45,14,43
1,<environment.Job instance at 0x7fe9900773c0>,29,2,[10  1],30,45,47,15,43
1,<environment.Job instance at 0x7fe94a3f9f00>,30,1,[10  3],31,47,48,16,43
1,<environment.Job instance at 0x7fe94a3f9690>,31,3,[5 8],32,69,72,37,43
1,<environment.Job instance at 0x7fe94a3f9c80>,32,1,[3 9],33,72,73,39,44
1,<environment.Job instance at 0x7fe94a3f9af0>,33,1,[5 2],34,44,45,10,44
1,<environment.Job instance at 0x7fe94a3f97d0>,34,3,[5 4],35,48,51,13,44
1,<environment.Job instance at 0x7fe94a117be0>,42,1,[14  1],43,82,83,39,82
1,<environment.Job instance at 0x7fe94a117af0>,45,2,[1 6],46,95,97,49,95
1,<environment.Job instance at 0x7fe99084c7d0>,47,1,[9 4],48,107,108,59,107
1,<environment.Job instance at 0x7fe99084ce60>,48,24,[8 2],49,108,132,59,107
1,<environment.Job instance at 0x7fe949f6bf50>,49,27,[ 3 13],50,108,135,58,107
1,<environment.Job instance at 0x7fe94a0b4320>,56,24,[13  3],57,144,168,87,144
1,<environment.Job instance at 0x7fe94a0b4500>,58,1,[7 4],59,168,169,109,147
1,<environment.Job instance at 0x7fe94a0b45a0>,59,2,[10  1],60,169,171,109,147
1,<environment.Job instance at 0x7fe94a0b45f0>,61,1,[7 1],62,168,169,106,158
1,<environment.Job instance at 0x7fe94a0b4280>,63,1,[10  4],64,173,174,109,173
1,<environment.Job instance at 0x7fe94a0667d0>,65,2,[4 6],66,173,175,107,173
1,<environment.Job instance at 0x7fe94a0b47d0>,67,1,[9 3],68,181,182,113,181
1,<environment.Job instance at 0x7fe94a066be0>,68,3,[2 8],69,181,184,112,181
1,<environment.Job instance at 0x7fe94a066190>,69,1,[9 1],70,182,183,112,181
1,<environment.Job instance at 0x7fe94a0662d0>,73,26,[7 3],74,196,222,122,196
1,<environment.Job instance at 0x7fe949f5d460>,77,27,[1 8],78,221,248,143,221
1,<environment.Job instance at 0x7fe9900d32d0>,85,1,[ 5 10],86,262,263,176,262
1,<environment.Job instance at 0x7fe9900d3af0>,87,3,[2 5],88,266,269,178,266
1,<environment.Job instance at 0x7fe9900d3e60>,88,1,[7 2],89,266,267,177,266
1,<environment.Job instance at 0x7fe9900d3c80>,90,26,[2 8],91,277,303,186,277
1,<environment.Job instance at 0x7fe9900d35a0>,97,2,[9 5],98,296,298,198,296
1,<environment.Job instance at 0x7fe98ff5a5f0>,0,24,[ 4 14],1,1,25,0,1
1,<environment.Job instance at 0x7fe98fe16280>,5,24,[7 4],6,25,49,19,20
1,<environment.Job instance at 0x7fe9905d48c0>,15,25,[6 2],16,25,50,9,21
1,<environment.Job instance at 0x7fe99028fbe0>,16,2,[ 1 13],17,49,51,32,47
1,<environment.Job instance at 0x7fe94a422be0>,26,26,[10  2],27,50,76,23,47
1,<environment.Job instance at 0x7fe98fd76a50>,32,21,[9 5],33,77,98,44,77
1,<environment.Job instance at 0x7fe98fb2fd70>,34,1,[12  5],35,98,99,63,88
1,<environment.Job instance at 0x7fe98fb2f320>,35,1,[ 2 14],36,99,100,63,88
1,<environment.Job instance at 0x7fe99075f140>,40,1,[5 1],41,101,102,60,101
1,<environment.Job instance at 0x7fe98fa98cd0>,37,2,[14  3],38,102,104,64,102
1,<environment.Job instance at 0x7fe949ec9f00>,48,28,[ 2 11],49,139,167,90,139
1,<environment.Job instance at 0x7fe949f72d20>,69,1,[5 6],70,449,450,379,449
1,<environment.Job instance at 0x7fe98fc03aa0>,76,1,[4 9],77,759,760,682,759
1,<environment.Job instance at 0x7fe98fc03280>,3,1,[13  4],4,6,7,2,6
1,<environment.Job instance at 0x7fe9906e6910>,6,22,[3 7],7,7,29,0,7
1,<environment.Job instance at 0x7fe9950e4b90>,7,21,[5 3],8,8,29,0,8
1,<environment.Job instance at 0x7fe949ce9d70>,16,28,[7 3],17,21,49,4,21
1,<environment.Job instance at 0x7fe949df2e10>,19,21,[10  5],20,49,70,29,41
1,<environment.Job instance at 0x7fe94a2d8190>,22,3,[1 8],23,41,44,18,41
1,<environment.Job instance at 0x7fe94a2d8d70>,23,1,[1 6],24,44,45,20,41
1,<environment.Job instance at 0x7fe98ff0e140>,29,1,[5 9],30,69,70,39,69
1,<environment.Job instance at 0x7fe98ff0e410>,32,20,[1 9],33,78,98,45,78
1,<environment.Job instance at 0x7fe9900747d0>,34,1,[10  5],35,88,89,53,88
1,<environment.Job instance at 0x7fe94a45af50>,18,18,[1 8],19,98,116,79,90
1,<environment.Job instance at 0x7fe94a4c7820>,37,26,[ 2 12],38,116,142,78,113
1,<environment.Job instance at 0x7fe94a648d70>,39,1,[ 3 12],40,142,143,102,117
1,<environment.Job instance at 0x7fe98fdff5f0>,42,3,[11  1],43,123,126,80,123
1,<environment.Job instance at 0x7fe990106280>,45,26,[5 5],46,143,169,97,140
1,<environment.Job instance at 0x7fe98fc04be0>,48,22,[10  5],49,143,165,94,140
1,<environment.Job instance at 0x7fe98fc04d70>,51,1,[10  4],52,165,166,113,146
1,<environment.Job instance at 0x7fe99015b5a0>,52,2,[6 2],53,166,168,113,146
1,<environment.Job instance at 0x7fe99015bd70>,54,25,[9 4],55,168,193,113,164
1,<environment.Job instance at 0x7fe98fd05460>,60,25,[9 5],61,193,218,132,189
1,<environment.Job instance at 0x7fe98fd055f0>,62,3,[12  5],63,218,221,155,192
1,<environment.Job instance at 0x7fe98fd059b0>,65,22,[6 4],66,221,243,155,214
1,<environment.Job instance at 0x7fe995001eb0>,70,26,[10  1],71,243,269,172,240
1,<environment.Job instance at 0x7fe990051780>,72,22,[2 7],73,243,265,170,243
1,<environment.Job instance at 0x7fe9900519b0>,77,3,[2 9],78,265,268,187,264
1,<environment.Job instance at 0x7fe98fd05eb0>,61,3,[11  1],62,272,275,210,272
1,<environment.Job instance at 0x7fe99018d820>,83,1,[9 4],84,284,285,200,284
1,<environment.Job instance at 0x7fe99018d5f0>,85,27,[5 8],86,286,313,200,286
1,<environment.Job instance at 0x7fe94a5075f0>,87,25,[6 4],88,298,323,210,298
1,<environment.Job instance at 0x7fe94a507a50>,89,25,[10  1],90,323,348,233,319
1,<environment.Job instance at 0x7fe990789550>,92,1,[4 6],93,319,320,226,319
1,<environment.Job instance at 0x7fe990789a00>,94,1,[1 6],95,320,321,225,319
1,<environment.Job instance at 0x7fe94a0b6690>,97,1,[5 9],98,322,323,224,322
1,<environment.Job instance at 0x7fe94a0b6910>,99,1,[ 3 10],100,337,338,237,337
1,<environment.Job instance at 0x7fe94a313280>,101,21,[4 7],102,338,359,236,337
1,<environment.Job instance at 0x7fe98fbe9280>,108,2,[ 5 10],109,367,369,258,367
1,<environment.Job instance at 0x7fe94a4ebeb0>,111,26,[5 4],112,377,403,265,377
1,<environment.Job instance at 0x7fe98feaadc0>,118,26,[ 3 10],119,397,423,278,397
1,<environment.Job instance at 0x7fe98fff1b40>,0,22,[ 3 10],1,1,23,0,1
1,<environment.Job instance at 0x7fe9907a2230>,18,1,[1 5],19,21,22,2,21
1,<environment.Job instance at 0x7fe9907a2e60>,17,3,[ 5 11],18,23,26,5,23
1,<environment.Job instance at 0x7fe9907a2f50>,22,2,[8 4],23,27,29,4,27
1,<environment.Job instance at 0x7fe9907a29b0>,23,18,[5 5],24,30,48,6,30
1,<environment.Job instance at 0x7fe9907a2cd0>,27,3,[5 5],28,42,45,14,42
1,<environment.Job instance at 0x7fe9907a2be0>,30,2,[6 2],31,54,56,23,54
1,<environment.Job instance at 0x7fe9907a2a00>,31,2,[10  5],32,56,58,24,54
1,<environment.Job instance at 0x7fe98fbcbfa0>,37,17,[3 7],38,90,107,52,90
1,<environment.Job instance at 0x7fe98fbcbeb0>,39,20,[5 5],40,96,116,56,96
1,<environment.Job instance at 0x7fe98fbcb140>,40,1,[1 5],41,107,108,66,96
1,<environment.Job instance at 0x7fe94a20c460>,42,3,[3 5],43,107,110,64,103
1,<environment.Job instance at 0x7fe94a20c3c0>,43,2,[3 8],44,110,112,66,103
1,<environment.Job instance at 0x7fe94a01b7d0>,44,3,[9 1],45,112,115,67,103
1,<environment.Job instance at 0x7fe94a01bb90>,47,2,[13  4],48,118,120,70,118
1,<environment.Job instance at 0x7fe94a01b460>,48,1,[3 9],49,120,121,71,118
1,<environment.Job instance at 0x7fe94a01b730>,49,1,[5 1],50,120,121,70,118
1,<environment.Job instance at 0x7fe94a01b870>,50,3,[1 7],51,121,124,70,118
1,<environment.Job instance at 0x7fe94a01b500>,52,2,[10  3],53,128,130,75,128
1,<environment.Job instance at 0x7fe94a01bf00>,54,3,[3 5],55,131,134,76,131
1,<environment.Job instance at 0x7fe94a01bfa0>,57,28,[8 2],58,143,171,85,143
1,<environment.Job instance at 0x7fe94a2ed870>,7,3,[ 5 11],8,8,11,0,8
1,<environment.Job instance at 0x7fe949c40190>,14,2,[8 3],15,22,24,7,22
1,<environment.Job instance at 0x7fe99522f7d0>,15,3,[2 5],16,22,25,6,22
1,<environment.Job instance at 0x7fe94a0054b0>,16,2,[9 3],17,24,26,7,22
1,<environment.Job instance at 0x7fe94a0050f0>,17,1,[5 9],18,25,26,7,22
1,<environment.Job instance at 0x7fe94a005140>,18,18,[2 8],19,26,44,7,23
1,<environment.Job instance at 0x7fe9900635a0>,19,3,[7 2],20,26,29,6,23
1,<environment.Job instance at 0x7fe949d80d20>,23,18,[4 6],24,43,61,19,43
1,<environment.Job instance at 0x7fe949c9f190>,27,3,[10  4],28,55,58,27,55
1,<environment.Job instance at 0x7fe949d81910>,28,1,[3 9],29,58,59,29,55
1,<environment.Job instance at 0x7fe94a008730>,31,2,[ 3 10],32,70,72,38,70
1,<environment.Job instance at 0x7fe94a224910>,32,1,[1 8],33,72,73,39,70
1,<environment.Job instance at 0x7fe94a006550>,33,2,[7 5],34,70,72,36,70
1,<environment.Job instance at 0x7fe94a2bc780>,34,1,[6 5],35,72,73,37,70
1,<environment.Job instance at 0x7fe949fdc230>,35,28,[5 5],36,73,101,37,72
1,<environment.Job instance at 0x7fe99523c960>,41,21,[4 8],42,100,121,58,100
1,<environment.Job instance at 0x7fe990167640>,44,2,[4 5],45,117,119,72,117
1,<environment.Job instance at 0x7fe990167aa0>,47,3,[2 7],48,119,122,71,119
1,<environment.Job instance at 0x7fe949dd5960>,48,1,[ 1 11],49,122,123,73,119
1,<environment.Job instance at 0x7fe949dd5460>,49,2,[1 8],50,123,125,73,119
1,<environment.Job instance at 0x7fe98fd70910>,50,21,[6 2],51,121,142,70,119
1,<environment.Job instance at 0x7fe94a04f370>,54,1,[1 9],55,132,133,77,132
1,<environment.Job instance at 0x7fe94a04fc80>,55,2,[ 3 10],56,133,135,77,132
1,<environment.Job instance at 0x7fe94a04feb0>,56,1,[10  1],57,142,143,85,132
1,<environment.Job instance at 0x7fe94a04fcd0>,58,22,[4 8],59,135,157,76,134
1,<environment.Job instance at 0x7fe94a04f910>,60,28,[4 7],61,149,177,88,149
1,<environment.Job instance at 0x7fe94a3f3730>,8,2,[9 5],9,9,11,0,9
1,<environment.Job instance at 0x7fe9907a25f0>,10,1,[5 1],11,12,13,1,12
1,<environment.Job instance at 0x7fe949ca4be0>,6,3,[ 5 11],7,14,17,7,14
1,<environment.Job instance at 0x7fe98fe2d320>,14,24,[8 1],15,15,39,0,15
1,<environment.Job instance at 0x7fe98fcff5f0>,16,25,[6 2],17,23,48,6,23
1,<environment.Job instance at 0x7fe9905554b0>,18,2,[10  5],19,48,50,29,32
1,<environment.Job instance at 0x7fe99522eaf0>,24,1,[8 1],25,50,51,25,49
1,<environment.Job instance at 0x7fe990705910>,20,15,[8 3],21,51,66,30,49
1,<environment.Job instance at 0x7fe990388280>,26,12,[10  1],27,66,78,39,63
1,<environment.Job instance at 0x7fe990388b40>,27,1,[5 3],28,63,64,35,63
1,<environment.Job instance at 0x7fe990388960>,28,3,[10  1],29,78,81,49,63
1,<environment.Job instance at 0x7fe94a1f08c0>,30,1,[5 7],31,64,65,33,63
1,<environment.Job instance at 0x7fe94a1f0730>,31,20,[5 3],32,65,85,33,63
1,<environment.Job instance at 0x7fe94a1f0fa0>,32,24,[8 2],33,81,105,48,76
1,<environment.Job instance at 0x7fe990968460>,38,1,[3 6],39,85,86,46,84
1,<environment.Job instance at 0x7fe94a2d3e10>,39,1,[8 3],40,105,106,65,84
1,<environment.Job instance at 0x7fe94a2d30f0>,40,2,[5 9],41,86,88,45,84
1,<environment.Job instance at 0x7fe94a2d39b0>,42,2,[ 1 12],43,91,93,48,91
1,<environment.Job instance at 0x7fe949d18e60>,43,1,[ 3 10],44,93,94,49,91
1,<environment.Job instance at 0x7fe9907d57d0>,48,2,[9 5],49,115,117,66,115
1,<environment.Job instance at 0x7fe98fa7abe0>,49,25,[1 7],50,115,140,65,115
1,<environment.Job instance at 0x7fe949ecbb90>,61,3,[7 5],62,176,179,114,176
1,<environment.Job instance at 0x7fe949ecb730>,65,18,[6 1],66,204,222,138,204
1,<environment.Job instance at 0x7fe949ecb370>,67,3,[6 4],68,208,211,140,208
1,<environment.Job instance at 0x7fe9907dbe10>,69,2,[2 5],70,209,211,139,209
1,<environment.Job instance at 0x7fe9907dbf50>,71,3,[8 5],72,221,224,149,221
1,<environment.Job instance at 0x7fe94a48e140>,74,27,[1 7],75,236,263,161,236
1,<environment.Job instance at 0x7fe98fc594b0>,79,1,[5 4],80,242,243,162,242
1,<environment.Job instance at 0x7fe98fc59370>,80,3,[5 5],81,243,246,162,242
1,<environment.Job instance at 0x7fe949f0fa00>,84,2,[10  4],85,262,264,177,262
1,<environment.Job instance at 0x7fe98fc599b0>,85,2,[6 1],86,264,266,178,262
1,<environment.Job instance at 0x7fe94a388230>,88,1,[4 7],89,279,280,190,279
1,<environment.Job instance at 0x7fe94a388e60>,89,3,[6 5],90,279,282,189,279
1,<environment.Job instance at 0x7fe949ced550>,92,1,[ 4 10],93,286,287,193,286
1,<environment.Job instance at 0x7fe98fc019b0>,96,19,[5 4],97,304,323,207,304
1,<environment.Job instance at 0x7fe94a65a870>,100,3,[10  1],101,322,325,221,322
1,<environment.Job instance at 0x7fe94a65a0f0>,101,3,[5 4],102,323,326,221,322
1,<environment.Job instance at 0x7fe9904931e0>,103,18,[10  1],104,340,358,236,340
1,<environment.Job instance at 0x7fe98fc01780>,97,17,[1 8],98,358,375,260,358
1,<environment.Job instance at 0x7fe990493dc0>,107,3,[9 2],108,358,361,250,358
1,<environment.Job instance at 0x7fe94a3f3500>,4,1,[5 2],5,8,9,3,8
1,<environment.Job instance at 0x7fe9900a5730>,10,22,[9 3],11,11,33,0,11
1,<environment.Job instance at 0x7fe9900a5c80>,11,28,[1 5],12,12,40,0,12
1,<environment.Job instance at 0x7fe9900a5410>,17,22,[7 3],18,33,55,15,28
1,<environment.Job instance at 0x7fe94a27d820>,24,2,[14  4],25,60,62,35,60
1,<environment.Job instance at 0x7fe94a27d4b0>,25,3,[14  3],26,64,67,38,64
1,<environment.Job instance at 0x7fe94a27da50>,27,3,[ 4 13],28,67,70,39,66
1,<environment.Job instance at 0x7fe94a27d690>,31,27,[6 5],32,130,157,98,130
1,<environment.Job instance at 0x7fe94a27d870>,32,1,[ 3 10],33,130,131,97,130
1,<environment.Job instance at 0x7fe94a27dfa0>,33,3,[ 1 13],34,157,160,123,155
1,<environment.Job instance at 0x7fe94a17dd20>,6,1,[12  5],7,8,9,1,8
1,<environment.Job instance at 0x7fe94a196320>,8,2,[8 4],9,9,11,0,9
1,<environment.Job instance at 0x7fe94a196500>,13,1,[5 5],14,14,15,0,14
1,<environment.Job instance at 0x7fe949f30b90>,19,2,[10  4],20,20,22,0,20
1,<environment.Job instance at 0x7fe949f300f0>,21,20,[5 5],22,22,42,0,22
1,<environment.Job instance at 0x7fe949f30c80>,23,22,[2 8],24,24,46,0,24
1,<environment.Job instance at 0x7fe94a1a6690>,32,20,[ 1 10],33,46,66,13,37
1,<environment.Job instance at 0x7fe94a1a6d20>,37,1,[ 3 10],38,66,67,28,56
1,<environment.Job instance at 0x7fe94a1a6370>,39,2,[ 5 10],40,67,69,27,66
1,<environment.Job instance at 0x7fe94a1a6410>,41,1,[10  4],42,68,69,26,68
1,<environment.Job instance at 0x7fe94a1a6be0>,42,21,[9 2],43,69,90,26,68
1,<environment.Job instance at 0x7fe94a187af0>,50,2,[3 7],51,103,105,52,103
1,<environment.Job instance at 0x7fe94a187730>,51,19,[6 5],52,103,122,51,103
1,<environment.Job instance at 0x7fe94a187aa0>,52,25,[3 6],53,105,130,52,103
1,<environment.Job instance at 0x7fe94a1876e0>,57,2,[3 5],58,122,124,64,119
1,<environment.Job instance at 0x7fe94a187d20>,58,3,[ 1 13],59,130,133,71,119
1,<environment.Job instance at 0x7fe949f255f0>,63,1,[7 3],64,122,123,58,119
1,<environment.Job instance at 0x7fe949f25410>,66,1,[10  1],67,132,133,65,132
1,<environment.Job instance at 0x7fe949f251e0>,68,3,[1 8],69,137,140,68,137
1,<environment.Job instance at 0x7fe949f25be0>,69,1,[5 8],70,140,141,70,137
1,<environment.Job instance at 0x7fddfc1e2230>,3,22,[2 5],4,4,26,0,4
1,<environment.Job instance at 0x7fddf4dd28c0>,10,22,[8 1],11,11,33,0,11
1,<environment.Job instance at 0x7fddf4dd2af0>,12,23,[6 4],13,26,49,13,20
1,<environment.Job instance at 0x7fddf4dd2b40>,14,21,[8 1],15,33,54,18,25
1,<environment.Job instance at 0x7fddf4dd2e60>,18,26,[7 4],19,49,75,30,46
1,<environment.Job instance at 0x7fddf4dd2fa0>,19,25,[5 9],20,54,79,34,50
1,<environment.Job instance at 0x7fddf4dd5a50>,30,26,[9 4],31,75,101,44,72
1,<environment.Job instance at 0x7fddf4dd5b90>,32,21,[5 9],33,79,100,46,75
1,<environment.Job instance at 0x7fddf4dd5c30>,33,26,[3 6],34,100,126,66,97
1,<environment.Job instance at 0x7fddf4dd5af0>,31,1,[ 2 14],32,126,127,94,98
1,<environment.Job instance at 0x7fddf4dd57d0>,40,26,[ 1 10],41,127,153,86,124
1,<environment.Job instance at 0x7fddf4dd7aa0>,50,2,[5 6],51,153,155,102,136
1,<environment.Job instance at 0x7fddf4dd77d0>,52,2,[ 2 10],53,155,157,102,137
1,<environment.Job instance at 0x7fddf4dd7b90>,53,3,[2 9],54,157,160,103,139
1,<environment.Job instance at 0x7fddf4dd75a0>,49,17,[10  2],50,154,171,104,154
1,<environment.Job instance at 0x7fddf4dd9370>,59,19,[1 7],60,160,179,100,154
1,<environment.Job instance at 0x7fddf4dd9410>,60,2,[2 6],61,160,162,99,154
1,<environment.Job instance at 0x7fddf4dd94b0>,61,1,[7 5],62,171,172,109,154
1,<environment.Job instance at 0x7fddf4dd9500>,64,2,[2 8],65,172,174,107,163
1,<environment.Job instance at 0x7fddf4dd90a0>,65,1,[5 8],66,174,175,108,163
1,<environment.Job instance at 0x7fddf4dd97d0>,66,2,[7 2],67,175,177,108,163
1,<environment.Job instance at 0x7fddf4dd9a50>,70,1,[5 4],71,189,190,118,189
1,<environment.Job instance at 0x7fddf4dd9be0>,71,2,[5 1],72,189,191,117,189
1,<environment.Job instance at 0x7fddf4dd9e10>,73,2,[9 3],74,191,193,117,191
1,<environment.Job instance at 0x7fddf4dd9640>,74,2,[1 7],75,191,193,116,191
1,<environment.Job instance at 0x7fddf4dd9f00>,75,3,[10  4],76,193,196,117,191
1,<environment.Job instance at 0x7fddf4ddc370>,79,19,[10  3],80,206,225,126,206
1,<environment.Job instance at 0x7fddf4ddc550>,82,21,[4 8],83,207,228,124,207
1,<environment.Job instance at 0x7fddf4ddc690>,84,1,[5 5],85,225,226,140,223
1,<environment.Job instance at 0x7fddf4ddc5f0>,83,18,[ 3 10],84,228,246,144,227
1,<environment.Job instance at 0x7fddf4ddcc30>,93,25,[ 1 10],94,251,276,157,251
1,<environment.Job instance at 0x7fddf4ddf7d0>,104,1,[ 1 10],105,280,281,175,280
1,<environment.Job instance at 0x7fddf4ddf910>,106,1,[4 8],107,291,292,184,291
1,<environment.Job instance at 0x7fddf4ddfaf0>,109,27,[3 9],110,296,323,186,296
1,<environment.Job instance at 0x7fddf4ddfb90>,110,23,[5 1],111,296,319,185,296
1,<environment.Job instance at 0x7fddf4ddfeb0>,115,2,[1 6],116,319,321,203,309
1,<environment.Job instance at 0x7fddf4ddff50>,117,3,[ 3 13],118,323,326,205,321
1,<environment.Job instance at 0x7fddf4ddf320>,119,28,[7 5],120,326,354,206,326
1,<environment.Job instance at 0x7fddf4dc9190>,123,3,[10  1],124,354,357,230,344
1,<environment.Job instance at 0x7fddf4e8b7d0>,128,1,[7 1],129,344,345,215,344
1,<environment.Job instance at 0x7fddf4ddf1e0>,120,19,[ 5 12],121,579,598,458,579
1,<environment.Job instance at 0x7fddf4ddf1e0>,6,1,[9 5],7,7,8,0,7
1,<environment.Job instance at 0x7fddf4dee140>,7,28,[ 2 10],8,8,36,0,8
1,<environment.Job instance at 0x7fddf4deee60>,14,20,[13  4],15,21,41,6,21
1,<environment.Job instance at 0x7fddf4debaa0>,21,22,[5 6],22,41,63,19,34
1,<environment.Job instance at 0x7fddf4debfa0>,22,1,[9 2],23,41,42,18,34
1,<environment.Job instance at 0x7fddf4debdc0>,23,1,[12  5],24,63,64,39,35
1,<environment.Job instance at 0x7fddf4debe10>,24,1,[8 3],25,42,43,17,35
1,<environment.Job instance at 0x7fddf4debd20>,27,21,[10  4],28,64,85,36,56
1,<environment.Job instance at 0x7fddf4df1370>,30,24,[1 5],31,56,80,25,56
1,<environment.Job instance at 0x7fddf4df16e0>,32,20,[10  5],33,85,105,52,76
1,<environment.Job instance at 0x7fddb104e5f0>,43,24,[3 7],44,92,116,48,92
1,<environment.Job instance at 0x7fddb104eb90>,44,19,[3 8],45,105,124,60,98
1,<environment.Job instance at 0x7fddb1050460>,52,1,[8 3],53,117,118,64,117
1,<environment.Job instance at 0x7fddb107ac30>,58,27,[ 3 12],59,134,161,75,134
1,<environment.Job instance at 0x7fddb11cce60>,64,26,[3 9],65,166,192,101,166
1,<environment.Job instance at 0x7fddb11cb460>,68,21,[2 7],69,192,213,123,184
1,<environment.Job instance at 0x7fddb11cbc80>,70,23,[4 7],71,192,215,121,186
1,<environment.Job instance at 0x7fddb11d42d0>,78,20,[ 2 10],79,215,235,136,211
1,<environment.Job instance at 0x7fddb11d4cd0>,80,1,[14  4],81,235,236,154,213
1,<environment.Job instance at 0x7fddb11583c0>,85,21,[1 6],86,235,256,149,229
1,<environment.Job instance at 0x7fddb11cb050>,75,19,[ 1 10],76,256,275,180,246
1,<environment.Job instance at 0x7fddb1158820>,88,23,[1 9],89,275,298,186,269
1,<environment.Job instance at 0x7fddf4de8140>,3,26,[5 3],4,4,30,0,4
1,<environment.Job instance at 0x7fddb10add70>,15,2,[5 8],16,17,19,1,17
1,<environment.Job instance at 0x7fddb1115820>,18,20,[5 2],19,31,51,12,31
1,<environment.Job instance at 0x7fddb1102af0>,19,26,[2 8],20,31,57,11,31
1,<environment.Job instance at 0x7fddb11026e0>,21,20,[ 4 10],22,57,77,35,48
1,<environment.Job instance at 0x7fddb10215a0>,27,27,[9 5],28,56,83,28,56
1,<environment.Job instance at 0x7fddf4baf4b0>,32,2,[2 9],33,77,79,44,74
1,<environment.Job instance at 0x7fddf4b4aaf0>,35,1,[6 3],36,84,85,48,84
1,<environment.Job instance at 0x7fddf4b50dc0>,37,1,[1 5],38,89,90,51,89
1,<environment.Job instance at 0x7fddb107e5a0>,40,1,[7 2],41,106,107,65,106
1,<environment.Job instance at 0x7fddb107e460>,42,25,[ 3 11],43,112,137,69,112
1,<environment.Job instance at 0x7fddb107a5f0>,51,3,[9 4],52,157,160,105,157
1,<environment.Job instance at 0x7fddb107a4b0>,52,2,[6 5],53,157,159,104,157
1,<environment.Job instance at 0x7fddf5031410>,56,1,[9 2],57,172,173,115,172
1,<environment.Job instance at 0x7fddf5031550>,57,2,[1 8],58,172,174,114,172
1,<environment.Job instance at 0x7fddb110c910>,61,2,[9 2],62,189,191,127,189
1,<environment.Job instance at 0x7fddb110ceb0>,62,2,[7 5],63,191,193,128,189
1,<environment.Job instance at 0x7fddb1083b90>,64,2,[5 8],65,202,204,137,202
1,<environment.Job instance at 0x7fddb1083d70>,65,27,[4 5],66,202,229,136,202
1,<environment.Job instance at 0x7fddb1083910>,66,2,[1 8],67,204,206,137,202
1,<environment.Job instance at 0x7fddb1494640>,7,2,[ 3 11],8,8,10,0,8
1,<environment.Job instance at 0x7fddb12bb050>,9,2,[2 7],10,10,12,0,10
1,<environment.Job instance at 0x7fddb12bbc30>,12,27,[8 3],13,14,41,1,14
1,<environment.Job instance at 0x7fddfc0d7500>,15,1,[1 6],16,29,30,13,29
1,<environment.Job instance at 0x7fddb1433820>,16,27,[2 6],17,29,56,12,29
1,<environment.Job instance at 0x7fddf5098c80>,19,1,[8 5],20,41,42,21,35
1,<environment.Job instance at 0x7fddf4e8b230>,22,2,[2 7],23,50,52,27,50
1,<environment.Job instance at 0x7fddf77ee4b0>,23,1,[8 3],24,52,53,28,50
1,<environment.Job instance at 0x7fddf50fce10>,26,2,[7 5],27,53,55,26,53
1,<environment.Job instance at 0x7fddf4c2ae60>,27,1,[2 8],28,55,56,27,53
1,<environment.Job instance at 0x7fddf4e6e6e0>,31,3,[3 8],32,60,63,28,60
1,<environment.Job instance at 0x7fddf4fb75a0>,33,1,[7 1],34,69,70,35,69
1,<environment.Job instance at 0x7fddf5117370>,36,21,[ 4 10],37,73,94,36,73
1,<environment.Job instance at 0x7fddf4fba690>,37,23,[2 8],38,94,117,56,88
1,<environment.Job instance at 0x7fddf501b140>,43,1,[5 8],44,117,118,73,99
1,<environment.Job instance at 0x7fddf4f7d190>,38,3,[11  1],39,111,114,72,111
1,<environment.Job instance at 0x7fddf501eb40>,47,1,[7 2],48,114,115,66,113
1,<environment.Job instance at 0x7fddf4ee0aa0>,50,25,[6 4],51,130,155,79,130
1,<environment.Job instance at 0x7fddf4e57aa0>,51,1,[3 6],52,130,131,78,130
1,<environment.Job instance at 0x7fddf4e9f550>,52,3,[14  5],53,155,158,102,130
1,<environment.Job instance at 0x7fddf4e6cf50>,54,24,[5 5],55,158,182,103,153
1,<environment.Job instance at 0x7fddf4e9f7d0>,55,3,[8 5],56,158,161,102,153
1,<environment.Job instance at 0x7fddf4e80af0>,57,1,[4 6],58,153,154,95,153
1,<environment.Job instance at 0x7fddf4e80b40>,58,28,[ 5 10],59,161,189,102,160
1,<environment.Job instance at 0x7fddf4e800a0>,62,1,[4 8],63,189,190,126,162
1,<environment.Job instance at 0x7fddf76ca550>,39,19,[13  3],40,218,237,178,218
1,<environment.Job instance at 0x7fddf4f7acd0>,69,2,[ 5 14],70,237,239,167,221
1,<environment.Job instance at 0x7fddf4bd84b0>,79,1,[9 2],80,245,246,165,245
1,<environment.Job instance at 0x7fddb14d5370>,2,26,[5 8],3,3,29,0,3
1,<environment.Job instance at 0x7fddf4ef4820>,11,1,[13  4],12,29,30,17,20
1,<environment.Job instance at 0x7fddf4ef4460>,13,22,[3 5],14,30,52,16,23
1,<environment.Job instance at 0x7fddf4e3b5f0>,16,3,[6 3],17,30,33,13,29
1,<environment.Job instance at 0x7fddf4e3b050>,17,28,[ 5 10],18,33,61,15,32
1,<environment.Job instance at 0x7fddf4ed7820>,20,22,[7 1],21,52,74,31,46
1,<environment.Job instance at 0x7fddf4ed7fa0>,22,21,[5 7],23,61,82,38,53
1,<environment.Job instance at 0x7fddf4ed75f0>,18,2,[12  3],19,82,84,63,60
1,<environment.Job instance at 0x7fddf4e9c8c0>,30,3,[10  1],31,74,77,43,71
1,<environment.Job instance at 0x7fddb14d3320>,6,2,[ 5 13],7,84,86,77,72
1,<environment.Job instance at 0x7fddf4e13370>,36,2,[2 6],37,86,88,49,86
1,<environment.Job instance at 0x7fddf4e138c0>,37,1,[5 1],38,86,87,48,86
1,<environment.Job instance at 0x7fddf4e13be0>,38,1,[10  1],39,87,88,48,86
1,<environment.Job instance at 0x7fddf4e130a0>,39,2,[4 7],40,88,90,48,86
1,<environment.Job instance at 0x7fddf4e13820>,40,26,[3 7],41,86,112,45,86
1,<environment.Job instance at 0x7fddf4e13e10>,46,1,[10  1],47,108,109,61,108
1,<environment.Job instance at 0x7fddf4e133c0>,48,13,[5 5],49,113,126,64,113
1,<environment.Job instance at 0x7fddf4e134b0>,49,1,[12  2],50,126,127,76,113
1,<environment.Job instance at 0x7fddf7899910>,52,24,[1 9],53,122,146,69,122
1,<environment.Job instance at 0x7fddf78999b0>,55,1,[1 8],56,146,147,90,135
1,<environment.Job instance at 0x7fddb14a7500>,50,13,[10  1],51,150,163,99,150
1,<environment.Job instance at 0x7fddb1747b90>,61,27,[7 1],62,163,190,101,161
1,<environment.Job instance at 0x7fddf78baf00>,62,26,[ 3 10],63,161,187,98,161
1,<environment.Job instance at 0x7fddf78ba5a0>,63,2,[ 3 13],64,187,189,123,161
1,<environment.Job instance at 0x7fddf78bab40>,64,1,[3 5],65,189,190,124,161
1,<environment.Job instance at 0x7fddf78ba320>,65,21,[ 2 10],66,190,211,124,182
1,<environment.Job instance at 0x7fddf78baaa0>,67,1,[ 3 14],68,211,212,143,204
1,<environment.Job instance at 0x7fddf4e80be0>,3,24,[8 5],4,4,28,0,4
1,<environment.Job instance at 0x7fddf4c17500>,14,2,[2 7],15,27,29,12,27
1,<environment.Job instance at 0x7fddb1448410>,16,3,[14  2],17,33,36,16,33
1,<environment.Job instance at 0x7fddb1448190>,18,20,[3 9],19,40,60,21,40
1,<environment.Job instance at 0x7fddf4d4f780>,19,1,[5 5],20,40,41,20,40
1,<environment.Job instance at 0x7fddf4d4fd70>,22,3,[3 7],23,60,63,37,50
1,<environment.Job instance at 0x7fddf4d4fe10>,25,2,[8 3],26,57,59,31,57
1,<environment.Job instance at 0x7fddf4d4f500>,27,21,[4 8],28,62,83,34,62
1,<environment.Job instance at 0x7fddf4d4f460>,28,23,[3 9],29,83,106,54,77
1,<environment.Job instance at 0x7fddf4c00dc0>,40,2,[ 1 11],41,123,125,82,123
1,<environment.Job instance at 0x7fddf4c009b0>,42,1,[ 3 10],43,125,126,82,123
1,<environment.Job instance at 0x7fddf4c00640>,44,2,[3 6],45,126,128,81,125
1,<environment.Job instance at 0x7fddf4c0e460>,48,2,[ 1 10],49,141,143,92,141
1,<environment.Job instance at 0x7fddf4c0e690>,50,2,[2 7],51,143,145,92,141
1,<environment.Job instance at 0x7fddf4c0eaa0>,52,1,[5 9],53,157,158,104,157
1,<environment.Job instance at 0x7fddf4c0e370>,53,18,[6 4],54,158,176,104,158
1,<environment.Job instance at 0x7fddf4c0eeb0>,54,1,[2 5],55,158,159,103,158
1,<environment.Job instance at 0x7fddf4c0e9b0>,55,1,[7 2],56,158,159,102,158
1,<environment.Job instance at 0x7fddf4c0e640>,56,1,[10  4],57,176,177,119,158
1,<environment.Job instance at 0x7fddf4c0e4b0>,57,2,[8 3],58,159,161,101,158
1,<environment.Job instance at 0x7fddf5275190>,3,1,[6 2],4,4,5,0,4
1,<environment.Job instance at 0x7fddf51b5a00>,5,26,[4 8],6,6,32,0,6
1,<environment.Job instance at 0x7fddf7461730>,6,20,[4 8],7,32,52,25,23
1,<environment.Job instance at 0x7fddf78fc4b0>,10,25,[5 4],11,23,48,12,23
1,<environment.Job instance at 0x7fddf50b7690>,11,21,[5 5],12,48,69,36,40
1,<environment.Job instance at 0x7fddf4c2c4b0>,15,25,[5 7],16,52,77,36,48
1,<environment.Job instance at 0x7fddf4c2c780>,17,22,[5 8],18,69,91,51,62
1,<environment.Job instance at 0x7fddf4ccb550>,22,2,[10  4],23,77,79,54,75
1,<environment.Job instance at 0x7fddf4c2cc80>,23,27,[8 5],24,79,106,55,77
1,<environment.Job instance at 0x7fddf4c2cbe0>,19,3,[11  3],20,106,109,86,91
1,<environment.Job instance at 0x7fddf79c5500>,27,1,[2 8],28,91,92,63,91
1,<environment.Job instance at 0x7fddb11a6050>,28,2,[6 4],29,92,94,63,91
1,<environment.Job instance at 0x7fddb14948c0>,29,1,[12  4],30,109,110,79,92
1,<environment.Job instance at 0x7fddb1494be0>,31,2,[3 5],32,94,96,62,92
1,<environment.Job instance at 0x7fddb1494eb0>,32,1,[5 5],33,96,97,63,92
1,<environment.Job instance at 0x7fddb14940f0>,33,24,[3 5],34,97,121,63,92
1,<environment.Job instance at 0x7fddb11cde60>,39,1,[6 2],40,115,116,75,115
1,<environment.Job instance at 0x7fddb1036a50>,42,3,[9 4],43,120,123,77,120
1,<environment.Job instance at 0x7fddf4e83d20>,44,27,[1 8],45,134,161,89,134
1,<environment.Job instance at 0x7fddf73e9910>,45,3,[6 4],46,135,138,89,135
1,<environment.Job instance at 0x7fddf4d14140>,47,3,[3 8],48,161,164,113,135
1,<environment.Job instance at 0x7fddf4cb5cd0>,49,1,[4 5],50,138,139,88,138
1,<environment.Job instance at 0x7fddf4d195f0>,54,23,[4 5],55,151,174,96,151
1,<environment.Job instance at 0x7fddf4ccaf50>,60,1,[1 7],61,189,190,128,189
1,<environment.Job instance at 0x7fddf4ccabe0>,61,1,[9 4],62,189,190,127,189
1,<environment.Job instance at 0x7fddf4cca190>,62,2,[3 6],63,190,192,127,189
1,<environment.Job instance at 0x7fddf4ceaa00>,65,2,[2 9],66,209,211,143,209
1,<environment.Job instance at 0x7fddf4cea280>,66,26,[8 5],67,209,235,142,209
1,<environment.Job instance at 0x7fddf4cea780>,69,20,[6 3],70,214,234,144,214
1,<environment.Job instance at 0x7fddf4ceaaf0>,71,2,[8 5],72,235,237,163,232
1,<environment.Job instance at 0x7fddf73a5be0>,72,2,[5 1],73,234,236,161,232
1,<environment.Job instance at 0x7fddf4cea910>,73,20,[5 3],74,236,256,162,232
1,<environment.Job instance at 0x7fddb120aeb0>,78,2,[2 5],79,254,256,175,254
1,<environment.Job instance at 0x7fddf4bacb40>,82,2,[5 2],83,311,313,228,311
1,<environment.Job instance at 0x7fddf4bac780>,85,2,[10  1],86,343,345,257,343
1,<environment.Job instance at 0x7fddf4f894b0>,87,22,[10  1],88,346,368,258,346
1,<environment.Job instance at 0x7fddf4f89af0>,3,20,[8 4],4,4,24,0,4
1,<environment.Job instance at 0x7fddb16b8460>,7,27,[8 5],8,24,51,16,22
1,<environment.Job instance at 0x7fddf7461960>,8,1,[6 5],9,22,23,13,22
1,<environment.Job instance at 0x7fddf4e1a280>,14,1,[5 2],15,23,24,8,22
1,<environment.Job instance at 0x7fddf4e1a8c0>,19,2,[ 2 12],20,51,53,31,30
1,<environment.Job instance at 0x7fddf4e1a870>,22,24,[4 6],23,53,77,30,48
1,<environment.Job instance at 0x7fddf4baf910>,28,1,[1 9],29,75,76,46,75
1,<environment.Job instance at 0x7fddf4baf1e0>,29,1,[3 6],30,76,77,46,75
1,<environment.Job instance at 0x7fddf7418c30>,35,3,[5 3],36,100,103,64,100
1,<environment.Job instance at 0x7fddf7418690>,38,3,[7 2],39,111,114,72,111
1,<environment.Job instance at 0x7fddf74610f0>,3,27,[5 1],4,4,31,0,4
1,<environment.Job instance at 0x7fddf4cca820>,6,2,[ 5 12],7,8,10,1,8
1,<environment.Job instance at 0x7fddf4ec6af0>,12,1,[6 5],13,13,14,0,13
1,<environment.Job instance at 0x7fddb15845f0>,14,18,[9 1],15,28,46,13,28
1,<environment.Job instance at 0x7fddf5138910>,22,3,[8 4],23,51,54,28,51
1,<environment.Job instance at 0x7fddb15af140>,24,3,[3 5],25,61,64,36,61
1,<environment.Job instance at 0x7fddb15af460>,25,2,[8 3],26,61,63,35,61
1,<environment.Job instance at 0x7fddf4d7c6e0>,27,26,[3 7],28,61,87,33,61
1,<environment.Job instance at 0x7fddb1585780>,29,1,[4 9],30,87,88,57,63
1,<environment.Job instance at 0x7fddf4d3f640>,33,3,[1 5],34,65,68,31,65
1,<environment.Job instance at 0x7fddf4d3fc80>,35,1,[8 4],36,68,69,32,65
1,<environment.Job instance at 0x7fddf4d3f2d0>,37,1,[ 2 11],38,88,89,50,82
1,<environment.Job instance at 0x7fddf4d3f280>,39,25,[3 8],40,89,114,49,85
1,<environment.Job instance at 0x7fddf4d6c730>,43,3,[2 7],44,99,102,55,99
1,<environment.Job instance at 0x7fddf50a7e10>,46,1,[6 4],47,109,110,62,109
1,<environment.Job instance at 0x7fddf7a2fb40>,47,28,[4 9],48,114,142,66,113
1,<environment.Job instance at 0x7fddf4d6c640>,48,1,[3 8],49,142,143,93,114
1,<environment.Job instance at 0x7fddf7a2f550>,49,1,[10  3],50,114,115,64,114
1,<environment.Job instance at 0x7fddf77b3640>,50,1,[3 6],51,115,116,64,114
1,<environment.Job instance at 0x7fddf77b3b40>,53,2,[5 9],54,143,145,89,131
1,<environment.Job instance at 0x7fddb1468190>,13,24,[3 5],14,14,38,0,14
1,<environment.Job instance at 0x7fddb14683c0>,14,2,[1 6],15,15,17,0,15
1,<environment.Job instance at 0x7fddf7496be0>,16,1,[3 7],17,17,18,0,17
1,<environment.Job instance at 0x7fddf50ed780>,17,1,[4 7],18,18,19,0,18
1,<environment.Job instance at 0x7fddf7461f00>,19,2,[8 4],20,20,22,0,20
1,<environment.Job instance at 0x7fddb1553e10>,24,1,[1 9],25,51,52,26,51
1,<environment.Job instance at 0x7fddb14a15f0>,26,1,[2 5],27,51,52,24,51
1,<environment.Job instance at 0x7fddf4fd0190>,27,1,[8 5],28,52,53,24,51
1,<environment.Job instance at 0x7fddf51bb230>,29,24,[7 1],30,58,82,28,58
1,<environment.Job instance at 0x7fddf5203410>,30,26,[4 8],31,58,84,27,58
1,<environment.Job instance at 0x7fddf7a85730>,41,1,[10  4],42,104,105,62,104
1,<environment.Job instance at 0x7fddb160d730>,47,3,[1 6],48,139,142,91,139
1,<environment.Job instance at 0x7fddb15bc6e0>,50,2,[3 9],51,154,156,103,154
1,<environment.Job instance at 0x7fddb15bc960>,53,1,[ 3 13],54,169,170,115,169
1,<environment.Job instance at 0x7fddb15bc780>,54,1,[6 2],55,169,170,114,169
1,<environment.Job instance at 0x7fddb15bc0a0>,55,22,[1 9],56,170,192,114,169
1,<environment.Job instance at 0x7fddf4b535f0>,61,2,[1 5],62,193,195,131,193
1,<environment.Job instance at 0x7fddf766a3c0>,64,2,[7 4],65,204,206,139,204
1,<environment.Job instance at 0x7fddf766af00>,65,1,[ 5 13],66,206,207,140,204
1,<environment.Job instance at 0x7fddf4e47a50>,70,19,[5 4],71,269,288,198,269
1,<environment.Job instance at 0x7fddf4d49050>,74,24,[5 9],75,293,317,218,293
1,<environment.Job instance at 0x7fddf4f4fcd0>,76,1,[3 9],77,317,318,240,307
1,<environment.Job instance at 0x7fddf79037d0>,77,26,[8 5],78,307,333,229,307
1,<environment.Job instance at 0x7fddf74d4eb0>,83,26,[7 5],84,318,344,234,317
1,<environment.Job instance at 0x7fddf50fd6e0>,85,2,[13  2],86,344,346,258,335
1,<environment.Job instance at 0x7fddf4d20b90>,86,20,[3 6],87,346,366,259,337
1,<environment.Job instance at 0x7fddf5138e60>,90,1,[9 3],91,368,369,277,368
1,<environment.Job instance at 0x7fddf5138870>,91,1,[4 6],92,368,369,276,368
1,<environment.Job instance at 0x7fddf5138460>,93,3,[11  3],94,388,391,294,388
1,<environment.Job instance at 0x7fddf5138960>,94,1,[4 7],95,388,389,293,388
1,<environment.Job instance at 0x7fddf5138b40>,96,1,[1 9],97,403,404,306,403
1,<environment.Job instance at 0x7fddf5138be0>,97,2,[8 2],98,403,405,305,403
1,<environment.Job instance at 0x7fddf5138a00>,100,2,[7 3],101,409,411,308,409
1,<environment.Job instance at 0x7fddf5138eb0>,102,1,[7 3],103,415,416,312,415
1,<environment.Job instance at 0x7fddf5138b90>,103,3,[9 3],104,416,419,312,415
1,<environment.Job instance at 0x7fddf4eb7af0>,105,2,[4 9],106,415,417,309,415
1,<environment.Job instance at 0x7fddf4d20320>,7,1,[4 8],8,8,9,0,8
1,<environment.Job instance at 0x7fddf4d82140>,8,2,[10  1],9,9,11,0,9
1,<environment.Job instance at 0x7fddb11f0730>,9,25,[8 3],10,11,36,1,10
1,<environment.Job instance at 0x7fddb13b2a00>,10,2,[5 5],11,11,13,0,11
1,<environment.Job instance at 0x7fddf5138820>,12,24,[11  1],13,36,60,23,31
1,<environment.Job instance at 0x7fddf7aa96e0>,15,3,[9 3],16,60,63,44,34
1,<environment.Job instance at 0x7fddf7aa99b0>,23,2,[4 8],24,52,54,28,52
1,<environment.Job instance at 0x7fddf5253280>,24,1,[ 3 10],25,54,55,29,52
1,<environment.Job instance at 0x7fddf5253410>,27,1,[8 2],28,63,64,35,62
1,<environment.Job instance at 0x7fddf52535f0>,28,2,[8 3],29,64,66,35,62
1,<environment.Job instance at 0x7fddb0f8e640>,29,1,[ 3 10],30,62,63,32,62
1,<environment.Job instance at 0x7fddb0f8e1e0>,30,2,[8 2],31,66,68,35,62
1,<environment.Job instance at 0x7fddb0f8ebe0>,32,1,[4 6],33,70,71,37,70
1,<environment.Job instance at 0x7fddb0f8e050>,34,1,[5 8],35,72,73,37,72
1,<environment.Job instance at 0x7fddb0f8e9b0>,36,2,[5 5],37,74,76,37,74
1,<environment.Job instance at 0x7fddb0f8ea00>,37,3,[ 1 10],38,74,77,36,74
1,<environment.Job instance at 0x7fddb0f8e460>,39,2,[10  1],40,77,79,37,77
1,<environment.Job instance at 0x7fddb176ef00>,43,2,[12  1],44,92,94,48,92
1,<environment.Job instance at 0x7fddf78f3960>,44,1,[ 5 14],45,94,95,49,92
1,<environment.Job instance at 0x7fddf78f3b90>,46,21,[3 7],47,104,125,57,104
1,<environment.Job instance at 0x7fddf78f3690>,48,28,[8 3],49,108,136,59,108
1,<environment.Job instance at 0x7fddf78f3af0>,49,20,[1 9],50,125,145,75,117
1,<environment.Job instance at 0x7fddf51183c0>,57,2,[13  1],58,157,159,99,157
1,<environment.Job instance at 0x7fddf7aa9730>,22,18,[10  1],23,165,183,142,165
1,<environment.Job instance at 0x7fddf5118410>,60,2,[4 9],61,165,167,104,165
1,<environment.Job instance at 0x7fddf5118230>,61,18,[4 6],62,179,197,117,179
1,<environment.Job instance at 0x7fddf5118aa0>,64,1,[11  3],65,183,184,118,179
1,<environment.Job instance at 0x7fddf5118dc0>,69,3,[5 6],70,193,196,123,193
1,<environment.Job instance at 0x7fddf5118f50>,70,2,[2 9],71,196,198,125,193
1,<environment.Job instance at 0x7fddf5118780>,72,27,[9 1],73,200,227,127,200
1,<environment.Job instance at 0x7fddf5127280>,76,21,[12  2],77,227,248,150,219
1,<environment.Job instance at 0x7fddf5127640>,79,20,[2 8],80,222,242,142,222
1,<environment.Job instance at 0x7fddf5127af0>,86,2,[12  3],87,361,363,274,361
1,<environment.Job instance at 0x7fddf5127c30>,88,1,[ 4 10],89,363,364,274,361
1,<environment.Job instance at 0x7fddf5127e60>,91,23,[5 9],92,372,395,280,372
1,<environment.Job instance at 0x7fddb11f0f00>,3,27,[9 4],4,4,31,0,4
1,<environment.Job instance at 0x7fddf5111280>,4,25,[8 2],5,31,56,26,27
1,<environment.Job instance at 0x7fddf74eb1e0>,20,3,[6 3],21,51,54,30,51
1,<environment.Job instance at 0x7fddf4cd4050>,22,2,[5 7],23,54,56,31,51
1,<environment.Job instance at 0x7fddf4cd4410>,23,2,[2 5],24,54,56,30,51
1,<environment.Job instance at 0x7fddf4cd4460>,24,2,[2 8],25,56,58,31,51
1,<environment.Job instance at 0x7fddf4cd48c0>,25,22,[9 4],26,56,78,30,51
1,<environment.Job instance at 0x7fddf4cd4730>,27,2,[10  1],28,78,80,50,53
1,<environment.Job instance at 0x7fddfc205d20>,29,27,[5 8],30,58,85,28,56
1,<environment.Job instance at 0x7fddfc205be0>,36,22,[3 8],37,86,108,49,86
1,<environment.Job instance at 0x7fddfc205230>,39,2,[10  1],40,86,88,46,86
1,<environment.Job instance at 0x7fddfc205c80>,40,1,[10  3],41,88,89,47,86
1,<environment.Job instance at 0x7fddb172bb90>,42,1,[3 9],43,108,109,65,89
1,<environment.Job instance at 0x7fddb172b8c0>,43,1,[5 2],44,89,90,45,89
1,<environment.Job instance at 0x7fddf766aa50>,50,18,[9 4],51,118,136,67,118
1,<environment.Job instance at 0x7fddf766a780>,52,1,[14  1],53,136,137,83,124
1,<environment.Job instance at 0x7fddb14943c0>,55,2,[1 6],56,147,149,91,147
1,<environment.Job instance at 0x7fddb14946e0>,57,1,[9 4],58,150,151,92,150
1,<environment.Job instance at 0x7fddb14945f0>,58,24,[8 2],59,151,175,92,150
1,<environment.Job instance at 0x7fddb1494e10>,59,27,[ 3 13],60,151,178,91,150
1,<environment.Job instance at 0x7fddb14a38c0>,66,24,[13  3],67,192,216,125,192
1,<environment.Job instance at 0x7fddfc34a280>,71,1,[7 1],72,216,217,144,209
1,<environment.Job instance at 0x7fddfc34af50>,73,1,[10  4],74,226,227,152,226
1,<environment.Job instance at 0x7fddf51b0b40>,75,2,[4 6],76,226,228,150,226
1,<environment.Job instance at 0x7fddf51b0640>,77,1,[9 3],78,235,236,157,235
1,<environment.Job instance at 0x7fddf51b0190>,79,1,[9 1],80,236,237,156,235
1,<environment.Job instance at 0x7fddf51b0550>,82,2,[7 2],83,246,248,163,246
1,<environment.Job instance at 0x7fddf51b0280>,83,26,[7 3],84,246,272,162,246
1,<environment.Job instance at 0x7fddb15b4960>,87,27,[1 8],88,254,281,166,254
1,<environment.Job instance at 0x7fddb15b4a50>,95,1,[ 5 10],96,303,304,207,303
1,<environment.Job instance at 0x7fddb15b4d20>,97,3,[2 5],98,304,307,206,304
1,<environment.Job instance at 0x7fddf50d3fa0>,98,1,[7 2],99,304,305,205,304
1,<environment.Job instance at 0x7fddf50d3f00>,100,26,[2 8],101,314,340,213,314
1,<environment.Job instance at 0x7fddf4cd4960>,0,24,[ 4 14],1,1,25,0,1
1,<environment.Job instance at 0x7fddb16b13c0>,15,25,[6 2],16,25,50,9,22
1,<environment.Job instance at 0x7fddb16b1960>,16,2,[ 1 13],17,26,28,9,26
1,<environment.Job instance at 0x7fddb0fab3c0>,23,2,[2 6],24,39,41,15,39
1,<environment.Job instance at 0x7fddb0fabc30>,24,1,[8 1],25,41,42,16,39
1,<environment.Job instance at 0x7fddb0fab2d0>,26,26,[10  2],27,50,76,23,47
1,<environment.Job instance at 0x7fddf4f3caa0>,32,21,[9 5],33,76,97,43,73
1,<environment.Job instance at 0x7fddf4f3c1e0>,34,1,[12  5],35,97,98,62,73
1,<environment.Job instance at 0x7fddf4f3cb40>,35,1,[ 2 14],36,98,99,62,73
1,<environment.Job instance at 0x7fddf4f3cbe0>,37,2,[14  3],38,99,101,61,86
1,<environment.Job instance at 0x7fddf4f3cd70>,40,1,[5 1],41,91,92,50,91
1,<environment.Job instance at 0x7fddb0f62280>,43,2,[5 7],44,101,103,57,97
1,<environment.Job instance at 0x7fddb0f62870>,48,28,[ 2 11],49,128,156,79,128
1,<environment.Job instance at 0x7fddb0f62cd0>,53,2,[5 2],54,154,156,100,154
1,<environment.Job instance at 0x7fddb0f625a0>,54,18,[8 4],55,160,178,105,160
1,<environment.Job instance at 0x7fddf7a4d8c0>,58,2,[6 2],59,165,167,106,165
1,<environment.Job instance at 0x7fddf7a4d2d0>,62,3,[6 3],63,191,194,128,191
1,<environment.Job instance at 0x7fddb13db730>,69,1,[5 6],70,215,216,145,215
1,<environment.Job instance at 0x7fddb13db2d0>,74,3,[5 5],75,244,247,169,244
1,<environment.Job instance at 0x7fddf4ee3fa0>,76,1,[4 9],77,258,259,181,258
1,<environment.Job instance at 0x7fddf51187d0>,2,1,[9 1],3,5,6,2,5
1,<environment.Job instance at 0x7fddf5111b90>,5,3,[ 2 10],6,6,9,0,6
1,<environment.Job instance at 0x7fddb11df140>,6,28,[7 3],7,7,35,0,7
1,<environment.Job instance at 0x7fddf5127f50>,9,21,[10  5],10,35,56,25,27
1,<environment.Job instance at 0x7fddb107ad20>,13,1,[1 6],14,27,28,13,27
1,<environment.Job instance at 0x7fddf74c4320>,19,1,[5 9],20,28,29,8,28
1,<environment.Job instance at 0x7fddf4d23be0>,22,20,[1 9],23,47,67,24,47
1,<environment.Job instance at 0x7fddb14a3eb0>,27,26,[ 2 12],28,67,93,39,64
1,<environment.Job instance at 0x7fddf4be20a0>,29,1,[ 3 12],30,93,94,63,66
1,<environment.Job instance at 0x7fddf4baf5a0>,32,3,[11  1],33,67,70,34,67
1,<environment.Job instance at 0x7fddb11f0640>,33,1,[9 2],34,70,71,36,67
1,<environment.Job instance at 0x7fddf7728910>,35,26,[5 5],36,94,120,58,91
1,<environment.Job instance at 0x7fddb1110320>,36,3,[7 1],37,91,94,54,91
1,<environment.Job instance at 0x7fddf50045f0>,38,22,[10  5],39,94,116,55,92
1,<environment.Job instance at 0x7fddf7988820>,44,25,[9 4],45,116,141,71,112
1,<environment.Job instance at 0x7fddb1195730>,49,1,[5 7],50,120,121,70,115
1,<environment.Job instance at 0x7fddf793efa0>,50,25,[9 5],51,141,166,90,137
1,<environment.Job instance at 0x7fddf793ec30>,51,3,[11  1],52,166,169,114,141
1,<environment.Job instance at 0x7fddf793eb90>,52,3,[12  5],53,169,172,116,150
1,<environment.Job instance at 0x7fddf791a320>,55,22,[6 4],56,172,194,116,165
1,<environment.Job instance at 0x7fddf791aaa0>,60,26,[10  1],61,194,220,133,191
1,<environment.Job instance at 0x7fddf791adc0>,62,22,[2 7],63,191,213,128,191
1,<environment.Job instance at 0x7fddf7a6a5a0>,34,18,[2 9],35,221,239,186,221
1,<environment.Job instance at 0x7fddf73fc960>,73,1,[9 4],74,225,226,151,225
1,<environment.Job instance at 0x7fddb0f1c6e0>,75,27,[5 8],76,239,266,163,237
1,<environment.Job instance at 0x7fddf7941500>,77,25,[6 4],78,243,268,165,243
1,<environment.Job instance at 0x7fddb15911e0>,79,25,[10  1],80,268,293,188,264
1,<environment.Job instance at 0x7fddf7941780>,82,1,[4 6],83,266,267,183,264
1,<environment.Job instance at 0x7fddb0f54d20>,84,1,[1 6],85,267,268,182,264
1,<environment.Job instance at 0x7fddb159e460>,86,3,[7 5],87,293,296,206,274
1,<environment.Job instance at 0x7fddb159e050>,87,1,[5 9],88,274,275,186,274
1,<environment.Job instance at 0x7fddb0f43be0>,89,1,[ 3 10],90,275,276,185,274
1,<environment.Job instance at 0x7fddf4ea8370>,91,21,[4 7],92,287,308,195,287
1,<environment.Job instance at 0x7fddf74c6fa0>,96,2,[7 1],97,305,307,208,305
1,<environment.Job instance at 0x7fddb15b9e60>,98,2,[ 5 10],99,308,310,209,305
1,<environment.Job instance at 0x7fddb15b9050>,99,3,[ 2 10],100,310,313,210,307
1,<environment.Job instance at 0x7fddb15b98c0>,101,26,[5 4],102,321,347,219,321
1,<environment.Job instance at 0x7fddb1410f00>,103,1,[6 5],104,321,322,217,321
1,<environment.Job instance at 0x7fddf4ea0e60>,108,26,[ 3 10],109,341,367,232,341
1,<environment.Job instance at 0x7fddf5008140>,109,1,[ 4 10],110,367,368,257,341
1,<environment.Job instance at 0x7fddf5008230>,110,22,[ 3 10],111,368,390,257,361
1,<environment.Job instance at 0x7fddb15a7e60>,118,1,[2 8],119,390,391,271,363
1,<environment.Job instance at 0x7fddb15a7280>,120,2,[ 3 10],121,391,393,270,364
1,<environment.Job instance at 0x7fddf50a4820>,127,3,[ 5 11],128,398,401,270,398
1,<environment.Job instance at 0x7fddf50a4730>,128,1,[1 5],129,401,402,272,398
1,<environment.Job instance at 0x7fddf5115c80>,10,2,[6 2],11,11,13,0,11
1,<environment.Job instance at 0x7fddb0f8eaa0>,11,2,[10  5],12,13,15,1,12
1,<environment.Job instance at 0x7fddf73d2e10>,19,20,[5 5],20,53,73,33,53
1,<environment.Job instance at 0x7fddf73d2d20>,20,1,[1 5],21,53,54,32,53
1,<environment.Job instance at 0x7fddf73d2460>,23,2,[3 8],24,57,59,33,57
1,<environment.Job instance at 0x7fddb0e4f190>,27,2,[13  4],28,73,75,45,71
1,<environment.Job instance at 0x7fddb0e4f410>,28,1,[3 9],29,71,72,42,71
1,<environment.Job instance at 0x7fddb0da6410>,29,1,[5 1],30,71,72,41,71
1,<environment.Job instance at 0x7fddb0e9ba50>,32,2,[10  3],33,75,77,42,75
1,<environment.Job instance at 0x7fddfc34c550>,34,3,[3 5],35,84,87,49,84
1,<environment.Job instance at 0x7fddfc34cdc0>,37,28,[8 2],38,93,121,55,93
1,<environment.Job instance at 0x7fddb16f04b0>,5,28,[5 5],6,6,34,0,6
1,<environment.Job instance at 0x7fddb100f820>,11,21,[4 8],12,12,33,0,12
1,<environment.Job instance at 0x7fddb100f320>,20,21,[6 2],21,27,48,6,27
1,<environment.Job instance at 0x7fddb100f5a0>,18,1,[ 1 11],19,35,36,16,35
1,<environment.Job instance at 0x7fddb145a7d0>,28,22,[4 8],29,36,58,7,35
1,<environment.Job instance at 0x7fddb1492780>,30,28,[4 7],31,48,76,17,47
1,<environment.Job instance at 0x7fddb1492910>,36,2,[5 9],37,76,78,39,65
1,<environment.Job instance at 0x7fddb1492a50>,37,3,[6 2],38,65,68,27,65
1,<environment.Job instance at 0x7fddb14921e0>,38,2,[6 5],39,68,70,29,65
1,<environment.Job instance at 0x7fddb1492820>,40,1,[10  2],41,70,71,29,66
1,<environment.Job instance at 0x7fddb1602820>,3,1,[ 3 10],4,4,5,0,4
1,<environment.Job instance at 0x7fddf4cb1690>,2,2,[ 1 12],3,10,12,7,10
1,<environment.Job instance at 0x7fddb0e3fdc0>,9,25,[1 7],10,12,37,2,10
1,<environment.Job instance at 0x7fddf504cc30>,27,3,[6 4],28,68,71,40,68
1,<environment.Job instance at 0x7fddb0f19fa0>,29,2,[2 5],30,70,72,40,70
1,<environment.Job instance at 0x7fddf73a50a0>,34,27,[1 7],35,95,122,60,95
1,<environment.Job instance at 0x7fddb14b6320>,35,1,[10  2],36,95,96,59,95
1,<environment.Job instance at 0x7fddf4dd5b40>,39,1,[5 4],40,113,114,73,113
1,<environment.Job instance at 0x7fddb1479c80>,44,2,[10  4],45,128,130,83,128
1,<environment.Job instance at 0x7fddf51bf5a0>,45,2,[6 1],46,130,132,84,128
1,<environment.Job instance at 0x7fddf5098d20>,47,3,[2 5],48,142,145,94,142
1,<environment.Job instance at 0x7fddf5098690>,48,1,[4 7],49,142,143,93,142
1,<environment.Job instance at 0x7fddf50989b0>,49,3,[6 5],50,143,146,93,142
1,<environment.Job instance at 0x7fddf4ee45f0>,52,1,[ 4 10],53,158,159,105,158
1,<environment.Job instance at 0x7fddf4ee4eb0>,56,19,[5 4],57,173,192,116,173
1,<environment.Job instance at 0x7fddf4ee2dc0>,60,3,[10  1],61,199,202,138,199
1,<environment.Job instance at 0x7fddf4ee2550>,67,3,[9 2],68,235,238,167,235
1,<environment.Job instance at 0x7fddf4ee2190>,70,2,[5 6],71,250,252,179,250
1,<environment.Job instance at 0x7fddb0e06410>,1,28,[6 2],2,2,30,0,2
1,<environment.Job instance at 0x7fddb1579eb0>,21,1,[10  2],22,30,31,8,22
1,<environment.Job instance at 0x7fddf4fddeb0>,27,2,[2 7],28,28,30,0,28
1,<environment.Job instance at 0x7fddf73685a0>,23,1,[ 4 14],24,31,32,7,29
1,<environment.Job instance at 0x7fddf5013140>,29,2,[8 1],30,31,33,1,30
1,<environment.Job instance at 0x7fddb1492a00>,30,3,[4 7],31,32,35,1,31
1,<environment.Job instance at 0x7fddf73b9be0>,32,2,[10  5],33,33,35,0,33
1,<environment.Job instance at 0x7fddb1492730>,38,25,[3 6],39,48,73,9,48
1,<environment.Job instance at 0x7fddb156c190>,46,1,[4 6],47,86,87,39,86
1,<environment.Job instance at 0x7fddb16e5be0>,50,3,[1 7],51,92,95,41,92
1,<environment.Job instance at 0x7fddb16e5500>,52,20,[3 6],53,98,118,45,98
1,<environment.Job instance at 0x7fddb16e5a00>,54,2,[10  3],55,108,110,53,108
1,<environment.Job instance at 0x7fddb16e5730>,55,2,[2 9],56,110,112,54,108
1,<environment.Job instance at 0x7fddb16e5190>,56,21,[10  4],57,112,133,55,108
1,<environment.Job instance at 0x7fddb16e56e0>,62,3,[10  1],63,147,150,84,147
1,<environment.Job instance at 0x7fddf753bd70>,64,2,[9 5],65,150,152,85,148
1,<environment.Job instance at 0x7fddf75adfa0>,65,2,[3 9],66,148,150,82,148
1,<environment.Job instance at 0x7fddf75ad0a0>,66,1,[6 4],67,150,151,83,148
1,<environment.Job instance at 0x7fddf76d2640>,67,24,[9 5],68,152,176,84,148
1,<environment.Job instance at 0x7fddf75065a0>,75,1,[8 3],76,176,177,100,171
1,<environment.Job instance at 0x7fddf7506460>,76,1,[12  5],77,177,178,100,171
1,<environment.Job instance at 0x7fddb14ddc80>,78,2,[8 4],79,178,180,99,171
1,<environment.Job instance at 0x7fddb14dd1e0>,80,2,[6 2],81,215,217,134,215
1,<environment.Job instance at 0x7fddb14dd230>,83,1,[5 5],84,239,240,155,239
1,<environment.Job instance at 0x7fddb12a0140>,84,1,[6 2],85,239,240,154,239
1,<environment.Job instance at 0x7fddb14ddaf0>,85,2,[10  4],86,240,242,154,239
1,<environment.Job instance at 0x7fddb14ddd70>,86,1,[5 5],87,240,241,153,240
1,<environment.Job instance at 0x7fddf74f5e10>,88,3,[9 2],89,243,246,154,243
1,<environment.Job instance at 0x7fddb14b4a50>,89,2,[10  4],90,246,248,156,243
1,<environment.Job instance at 0x7fddb14b4050>,91,20,[5 5],92,245,265,153,245
1,<environment.Job instance at 0x7fddb14b4f00>,93,22,[2 8],94,248,270,154,245
1,<environment.Job instance at 0x7fddb0d5ce60>,98,3,[2 6],99,269,272,170,269
1,<environment.Job instance at 0x7fddb0d5c7d0>,99,1,[5 4],100,270,271,170,269
1,<environment.Job instance at 0x7fddf78fdeb0>,101,3,[3 5],102,271,274,169,271
1,<environment.Job instance at 0x7fddf78fd7d0>,102,20,[ 1 10],103,272,292,169,271
1,<environment.Job instance at 0x7fddf4e9f370>,3,1,[7 3],4,7,8,3,7
1,<environment.Job instance at 0x7fddb0e068c0>,6,1,[10  1],7,8,9,1,7
1,<environment.Job instance at 0x7fddf5132b40>,9,1,[5 8],10,11,12,1,11
1,<environment.Job instance at 0x7fddf5132dc0>,14,1,[3 8],15,15,16,0,15
1,<environment.Job instance at 0x7fddf5132820>,15,1,[1 7],16,16,17,0,16
1,<environment.Job instance at 0x7fddf5132230>,18,2,[3 6],19,19,21,0,19
1,<environment.Job instance at 0x7fddf5132a00>,19,1,[8 1],20,20,21,0,20
1,<environment.Job instance at 0x7fddf7518230>,23,2,[ 3 10],24,33,35,9,33
1,<environment.Job instance at 0x7fddf75180f0>,25,21,[3 8],26,38,59,12,38
1,<environment.Job instance at 0x7fddf7518320>,26,1,[ 2 10],27,59,60,32,38
1,<environment.Job instance at 0x7fddb0dc44b0>,28,3,[ 1 10],29,60,63,31,49
1,<environment.Job instance at 0x7fddb0dc4aa0>,29,1,[10  3],30,49,50,19,49
1,<environment.Job instance at 0x7fddb0dc4d70>,30,19,[5 1],31,50,69,19,49
1,<environment.Job instance at 0x7fddb0dc46e0>,32,21,[1 8],33,66,87,33,66
1,<environment.Job instance at 0x7fddb0e39140>,37,22,[7 5],38,85,107,47,85
1,<environment.Job instance at 0x7fddb0e39eb0>,44,2,[5 2],45,124,126,79,124
1,<environment.Job instance at 0x7fddb0e39fa0>,45,1,[9 3],46,124,125,78,124
1,<environment.Job instance at 0x7fddb0e399b0>,46,2,[5 3],47,125,127,78,124
1,<environment.Job instance at 0x7fddf52914b0>,10,2,[5 5],11,11,13,0,11
1,<environment.Job instance at 0x7fddf52917d0>,13,20,[2 6],14,23,43,9,23
1,<environment.Job instance at 0x7fddb14fd690>,15,1,[3 6],16,26,27,10,26
1,<environment.Job instance at 0x7fddb14fd410>,17,1,[ 3 11],18,43,44,25,40
1,<environment.Job instance at 0x7fddb14fd500>,21,28,[7 5],22,58,86,36,58
1,<environment.Job instance at 0x7fddb14fd7d0>,26,2,[8 2],27,87,89,60,87
1,<environment.Job instance at 0x7fddb16e3fa0>,28,1,[5 6],29,87,88,58,87
1,<environment.Job instance at 0x7fddb16e3050>,29,18,[4 6],30,88,106,58,87
1,<environment.Job instance at 0x7fddb16e35f0>,30,2,[6 1],31,89,91,58,87
1,<environment.Job instance at 0x7fddb16e30f0>,31,1,[4 7],32,89,90,57,87
1,<environment.Job instance at 0x7fddb16e3e10>,35,3,[2 9],36,107,110,71,107
1,<environment.Job instance at 0x7fddf78f0c30>,38,1,[10  2],39,121,122,82,121
1,<environment.Job instance at 0x7fddf78f04b0>,40,2,[3 9],41,133,135,92,133
1,<environment.Job instance at 0x7fddf78f0690>,42,3,[8 5],43,135,138,92,135
1,<environment.Job instance at 0x7fddf78f0cd0>,44,1,[4 9],45,147,148,102,147
1,<environment.Job instance at 0x7fddf78f0730>,45,1,[4 9],46,148,149,102,147
1,<environment.Job instance at 0x7fddf78f0410>,47,1,[ 2 11],48,149,150,101,147
1,<environment.Job instance at 0x7fddf766eb90>,51,2,[7 2],52,162,164,110,162
1,<environment.Job instance at 0x7fddf766eaa0>,55,3,[ 4 12],56,180,183,124,180
1,<environment.Job instance at 0x7fddb16e3780>,32,17,[9 3],33,189,206,156,189
1,<environment.Job instance at 0x7fddf766ec80>,58,2,[14  5],59,206,208,147,189
1,<environment.Job instance at 0x7fddf766ed20>,59,2,[9 5],60,208,210,148,189
1,<environment.Job instance at 0x7fddf78ffd20>,65,19,[5 1],66,208,227,142,207
1,<environment.Job instance at 0x7fddf78ff550>,66,24,[5 3],67,210,234,143,207
1,<environment.Job instance at 0x7fddf78ff2d0>,69,3,[5 5],70,219,222,149,219
1,<environment.Job instance at 0x7fddf78ff640>,72,3,[7 4],73,227,230,154,227
1,<environment.Job instance at 0x7fddf78ff910>,73,2,[8 3],74,230,232,156,227
1,<environment.Job instance at 0x7fddf78ff5f0>,74,28,[10  4],75,232,260,157,231
1,<environment.Job instance at 0x7fddf78ff730>,80,2,[2 7],81,257,259,176,257
1,<environment.Job instance at 0x7fddf78fff50>,82,2,[10  1],83,272,274,189,272
1,<environment.Job instance at 0x7fddf78ffc30>,84,3,[9 2],85,274,277,189,272
1,<environment.Job instance at 0x7fddf78ff8c0>,86,2,[5 9],87,279,281,192,279
1,<environment.Job instance at 0x7fddf52a5dc0>,87,2,[ 5 12],88,281,283,193,279
1,<environment.Job instance at 0x7fddf52a5f50>,88,3,[5 1],89,279,282,190,279
1,<environment.Job instance at 0x7fddf52a5870>,90,2,[5 1],91,279,281,188,279
1,<environment.Job instance at 0x7fddf52a5320>,92,25,[2 8],93,283,308,190,279
1,<environment.Job instance at 0x7fddf52a5460>,94,19,[3 6],95,291,310,196,291
1,<environment.Job instance at 0x7fddf52a5230>,96,26,[ 1 12],97,310,336,213,307
1,<environment.Job instance at 0x7fddf5294c30>,103,2,[11  4],104,336,338,232,331
1,<environment.Job instance at 0x7fddf52942d0>,107,2,[11  1],108,340,342,232,340
1,<environment.Job instance at 0x7fddf52944b0>,109,2,[5 5],110,342,344,232,340
1,<environment.Job instance at 0x7fddf5294410>,110,3,[3 5],111,340,343,229,340
1,<environment.Job instance at 0x7fddf5294d70>,112,1,[1 6],113,340,341,227,340
1,<environment.Job instance at 0x7fddf5295050>,113,1,[8 5],114,343,344,229,340
1,<environment.Job instance at 0x7fddf5295cd0>,115,21,[ 2 10],116,346,367,230,346
1,<environment.Job instance at 0x7fddf5295500>,119,2,[ 3 11],120,367,369,247,365
1,<environment.Job instance at 0x7fddf5295d70>,121,2,[4 6],122,369,371,247,365
1,<environment.Job instance at 0x7fddf5295dc0>,124,1,[10  1],125,368,369,243,368
1,<environment.Job instance at 0x7fddf52955f0>,125,1,[4 9],126,369,370,243,368
1,<environment.Job instance at 0x7fddf4d6d9b0>,126,3,[1 9],127,370,373,243,368
1,<environment.Job instance at 0x7fddf4d6d3c0>,127,3,[5 9],128,373,376,245,368
1,<environment.Job instance at 0x7fddf4d6d460>,128,3,[7 1],129,371,374,242,368
1,<environment.Job instance at 0x7f2f9c961140>,3,22,[2 5],4,4,26,0,4
1,<environment.Job instance at 0x7f2f955528c0>,10,22,[8 1],11,11,33,0,11
1,<environment.Job instance at 0x7f2f95552af0>,12,23,[6 4],13,26,49,13,20
1,<environment.Job instance at 0x7f2f95552b40>,14,21,[8 1],15,33,54,18,25
1,<environment.Job instance at 0x7f2f95552e60>,18,26,[7 4],19,49,75,30,46
1,<environment.Job instance at 0x7f2f95552fa0>,19,25,[5 9],20,54,79,34,50
1,<environment.Job instance at 0x7f2f95555a50>,30,26,[9 4],31,75,101,44,72
1,<environment.Job instance at 0x7f2f95555b90>,32,21,[5 9],33,79,100,46,73
1,<environment.Job instance at 0x7f2f95555c30>,33,26,[3 6],34,100,126,66,97
1,<environment.Job instance at 0x7f2f95555af0>,31,1,[ 2 14],32,126,127,94,99
1,<environment.Job instance at 0x7f2f95555e10>,36,2,[7 5],37,101,103,64,99
1,<environment.Job instance at 0x7f2f95555f50>,38,2,[6 1],39,103,105,64,101
1,<environment.Job instance at 0x7f2f95555640>,40,26,[ 1 10],41,127,153,86,124
1,<environment.Job instance at 0x7f2f955575a0>,49,17,[10  2],50,154,171,104,154
1,<environment.Job instance at 0x7f2f95559370>,59,19,[1 7],60,160,179,100,160
1,<environment.Job instance at 0x7f2f955594b0>,61,1,[7 5],62,171,172,109,160
1,<environment.Job instance at 0x7f2f95559690>,64,2,[2 8],65,172,174,107,170
1,<environment.Job instance at 0x7f2f95559730>,65,1,[5 8],66,174,175,108,170
1,<environment.Job instance at 0x7f2f955592d0>,66,2,[7 2],67,175,177,108,170
1,<environment.Job instance at 0x7f2f95559b40>,70,1,[5 4],71,196,197,125,196
1,<environment.Job instance at 0x7f2f95559c30>,71,2,[5 1],72,196,198,124,196
1,<environment.Job instance at 0x7f2f95559d70>,72,18,[3 5],73,196,214,123,196
1,<environment.Job instance at 0x7f2f95559be0>,73,2,[9 3],74,198,200,124,196
1,<environment.Job instance at 0x7f2f95559b90>,74,2,[1 7],75,197,199,122,196
1,<environment.Job instance at 0x7f2f95559f50>,75,3,[10  4],76,200,203,124,196
1,<environment.Job instance at 0x7f2f9555c2d0>,78,14,[6 1],79,209,223,130,209
1,<environment.Job instance at 0x7f2f9555c370>,79,19,[10  3],80,223,242,143,213
1,<environment.Job instance at 0x7f2f9555c0f0>,80,1,[5 5],81,213,214,132,213
1,<environment.Job instance at 0x7f2f9555c190>,82,21,[4 8],83,214,235,131,214
1,<environment.Job instance at 0x7f2f9555c6e0>,87,18,[7 1],88,242,260,154,233
1,<environment.Job instance at 0x7f2f9555ca50>,90,3,[6 1],91,242,245,151,242
1,<environment.Job instance at 0x7f2f9555cc30>,93,25,[ 1 10],94,255,280,161,255
1,<environment.Job instance at 0x7f2f9555cf50>,97,2,[6 2],98,272,274,174,272
1,<environment.Job instance at 0x7f2f9555ce60>,98,1,[2 9],99,280,281,181,272
1,<environment.Job instance at 0x7f2f955602d0>,99,2,[7 5],100,274,276,174,272
1,<environment.Job instance at 0x7f2f955607d0>,104,1,[ 1 10],105,294,295,189,294
1,<environment.Job instance at 0x7f2f95560910>,106,1,[4 8],107,301,302,194,301
1,<environment.Job instance at 0x7f2f955609b0>,107,18,[5 5],108,308,326,200,308
1,<environment.Job instance at 0x7f2f95560a50>,108,3,[5 5],109,308,311,199,308
1,<environment.Job instance at 0x7f2f95560af0>,109,27,[3 9],110,311,338,201,309
1,<environment.Job instance at 0x7f2f95560b90>,110,23,[5 1],111,309,332,198,309
1,<environment.Job instance at 0x7f2f95560f50>,117,3,[ 3 13],118,338,341,220,327
1,<environment.Job instance at 0x7f2f955605f0>,119,28,[7 5],120,341,369,221,340
1,<environment.Job instance at 0x7f2f95560500>,120,19,[ 5 12],121,369,388,248,359
1,<environment.Job instance at 0x7f2f955492d0>,128,1,[7 1],129,359,360,230,359
1,<environment.Job instance at 0x7f2f957072d0>,133,2,[ 5 10],134,388,390,254,381
1,<environment.Job instance at 0x7f2f95545cd0>,136,1,[9 5],137,396,397,259,396
1,<environment.Job instance at 0x7f2f95545b40>,137,28,[ 2 10],138,396,424,258,396
1,<environment.Job instance at 0x7f2f9556cf50>,4,20,[13  4],5,5,25,0,5
1,<environment.Job instance at 0x7f2f95575aa0>,11,22,[5 6],12,25,47,13,18
1,<environment.Job instance at 0x7f2f95575cd0>,12,1,[9 2],13,25,26,12,18
1,<environment.Job instance at 0x7f2f95575c30>,13,1,[12  5],14,47,48,33,21
1,<environment.Job instance at 0x7f2f95575960>,17,21,[10  4],18,26,47,8,21
1,<environment.Job instance at 0x7f2f955755a0>,20,24,[1 5],21,47,71,26,42
1,<environment.Job instance at 0x7f2f95575b90>,22,20,[10  5],23,48,68,25,42
1,<environment.Job instance at 0x7f2f955715a0>,33,24,[3 7],34,68,92,34,63
1,<environment.Job instance at 0x7f2f955715f0>,34,19,[3 8],35,71,90,36,63
1,<environment.Job instance at 0x7f2f517cfe60>,44,19,[6 2],45,96,115,51,96
1,<environment.Job instance at 0x7f2f51930a50>,45,1,[9 3],46,96,97,50,96
1,<environment.Job instance at 0x7f2f519303c0>,48,27,[ 3 12],49,99,126,50,99
1,<environment.Job instance at 0x7f2f51955c80>,54,26,[3 9],55,126,152,71,123
1,<environment.Job instance at 0x7f2f519554b0>,58,21,[2 7],59,152,173,93,144
1,<environment.Job instance at 0x7f2f519550f0>,60,23,[4 7],61,152,175,91,146
1,<environment.Job instance at 0x7f2f51953140>,65,19,[ 1 10],66,175,194,109,165
1,<environment.Job instance at 0x7f2f51953460>,68,20,[ 2 10],69,194,214,125,185
1,<environment.Job instance at 0x7f2f519538c0>,70,1,[14  4],71,214,215,143,206
1,<environment.Job instance at 0x7f2f518d9500>,75,21,[1 6],76,214,235,138,206
1,<environment.Job instance at 0x7f2f518d9370>,78,23,[1 9],79,215,238,136,210
1,<environment.Job instance at 0x7f2f9556d730>,1,20,[ 4 10],2,3,23,1,3
1,<environment.Job instance at 0x7f2f5192d550>,7,27,[9 5],8,8,35,0,8
1,<environment.Job instance at 0x7f2f51806460>,22,25,[ 3 11],23,36,61,13,36
1,<environment.Job instance at 0x7f2f51806410>,26,3,[4 5],27,61,64,34,59
1,<environment.Job instance at 0x7f2f517fd320>,30,3,[5 2],31,99,102,68,99
1,<environment.Job instance at 0x7f2f9539e280>,36,1,[9 2],37,125,126,88,125
1,<environment.Job instance at 0x7f2f959f2a50>,37,2,[1 8],38,125,127,87,125
1,<environment.Job instance at 0x7f2f952ced70>,41,2,[9 2],42,154,156,112,154
1,<environment.Job instance at 0x7f2f952ce550>,42,2,[7 5],43,156,158,113,154
1,<environment.Job instance at 0x7f2f5182f410>,44,2,[5 8],45,171,173,126,171
1,<environment.Job instance at 0x7f2f5182f370>,45,27,[4 5],46,171,198,125,171
1,<environment.Job instance at 0x7f2f5182f460>,46,2,[1 8],47,173,175,126,172
1,<environment.Job instance at 0x7f2f9bf6b0a0>,6,21,[ 4 10],7,7,28,0,7
1,<environment.Job instance at 0x7f2f9c1000a0>,7,23,[2 8],8,28,51,20,22
1,<environment.Job instance at 0x7f2f9bf5a3c0>,13,1,[5 8],14,51,52,37,24
1,<environment.Job instance at 0x7f2f9c0fe3c0>,8,3,[11  1],9,26,29,17,26
1,<environment.Job instance at 0x7f2f9c0bcd20>,17,1,[7 2],18,29,30,11,27
1,<environment.Job instance at 0x7f2f9c0a6be0>,20,25,[6 4],21,41,66,20,41
1,<environment.Job instance at 0x7f2f9c0b0d20>,22,3,[14  5],23,66,69,43,58
1,<environment.Job instance at 0x7f2f95330be0>,24,24,[5 5],25,69,93,44,64
1,<environment.Job instance at 0x7f2f95338640>,27,1,[4 6],28,64,65,36,64
1,<environment.Job instance at 0x7f2f51bb3f50>,28,28,[ 5 10],29,69,97,40,68
1,<environment.Job instance at 0x7f2f9c287230>,39,2,[ 5 14],40,118,120,78,118
1,<environment.Job instance at 0x7f2f95663c80>,41,2,[7 2],42,124,126,82,124
1,<environment.Job instance at 0x7f2f95663960>,42,2,[4 9],43,124,126,81,124
1,<environment.Job instance at 0x7f2f9becbf50>,44,3,[2 8],45,131,134,86,131
1,<environment.Job instance at 0x7f2f51e131e0>,9,19,[13  3],10,150,169,140,150
1,<environment.Job instance at 0x7f2f9bef5be0>,54,22,[7 3],55,173,195,118,173
1,<environment.Job instance at 0x7f2f955a8190>,55,20,[7 5],56,173,193,117,173
1,<environment.Job instance at 0x7f2f9bf87730>,0,26,[3 7],1,1,27,0,1
1,<environment.Job instance at 0x7f2f9553a0a0>,6,1,[10  1],7,7,8,0,7
1,<environment.Job instance at 0x7f2f51d26500>,9,1,[12  2],10,10,11,0,10
1,<environment.Job instance at 0x7f2f51d26cd0>,11,3,[5 1],12,12,15,0,12
1,<environment.Job instance at 0x7f2f95a010a0>,12,24,[1 9],13,27,51,14,22
1,<environment.Job instance at 0x7f2f95a01410>,15,1,[1 8],16,22,23,6,22
1,<environment.Job instance at 0x7f2f80f32f50>,17,2,[3 7],18,23,25,5,22
1,<environment.Job instance at 0x7f2f95a01780>,18,2,[1 6],19,25,27,6,22
1,<environment.Job instance at 0x7f2f51e960f0>,21,27,[7 1],22,32,59,10,32
1,<environment.Job instance at 0x7f2f51e96eb0>,22,26,[ 3 10],23,51,77,28,48
1,<environment.Job instance at 0x7f2f51e35b40>,25,21,[ 2 10],26,77,98,51,69
1,<environment.Job instance at 0x7f2f51e35a00>,27,1,[ 3 14],28,98,99,70,88
1,<environment.Job instance at 0x7f2f51e96410>,23,2,[ 3 13],24,99,101,75,97
1,<environment.Job instance at 0x7f2f51b37fa0>,7,18,[10  5],8,101,119,93,100
1,<environment.Job instance at 0x7f2f958ffc80>,15,21,[9 5],16,16,37,0,16
1,<environment.Job instance at 0x7f2f958ff4b0>,22,1,[5 3],23,26,27,3,26
1,<environment.Job instance at 0x7f2f958ff460>,23,27,[3 5],24,27,54,3,26
1,<environment.Job instance at 0x7f2f958ff3c0>,24,1,[12  4],25,37,38,12,32
1,<environment.Job instance at 0x7f2f958ffbe0>,25,2,[14  1],26,54,56,28,34
1,<environment.Job instance at 0x7f2f956141e0>,31,2,[4 5],32,52,54,20,52
1,<environment.Job instance at 0x7f2f95614820>,34,12,[1 5],35,59,71,24,59
1,<environment.Job instance at 0x7f2f9c355f50>,39,3,[3 7],40,77,80,37,77
1,<environment.Job instance at 0x7f2f9c3557d0>,41,3,[5 4],42,78,81,36,78
1,<environment.Job instance at 0x7f2f958ff7d0>,16,18,[10  5],17,82,100,65,82
1,<environment.Job instance at 0x7f2f955bb230>,46,27,[10  4],47,100,127,53,98
1,<environment.Job instance at 0x7f2f95520690>,50,1,[ 5 11],51,106,107,55,106
1,<environment.Job instance at 0x7f2f95520910>,52,25,[7 3],53,127,152,74,123
1,<environment.Job instance at 0x7f2f95520b90>,53,3,[ 1 10],54,123,126,69,123
1,<environment.Job instance at 0x7f2f955bb140>,45,18,[3 9],46,154,172,108,154
1,<environment.Job instance at 0x7f2f9c45f050>,62,2,[3 9],63,172,174,109,154
1,<environment.Job instance at 0x7f2f9c45fb90>,64,3,[9 2],65,156,159,91,156
1,<environment.Job instance at 0x7f2f9c45fbe0>,65,3,[8 2],66,159,162,93,156
1,<environment.Job instance at 0x7f2f9c45f230>,67,3,[2 7],68,174,177,106,161
1,<environment.Job instance at 0x7f2f9540a0f0>,70,3,[ 1 10],71,177,180,106,175
1,<environment.Job instance at 0x7f2f9540a2d0>,71,2,[ 2 10],72,180,182,108,175
1,<environment.Job instance at 0x7f2f9540acd0>,76,1,[2 8],77,182,183,105,178
1,<environment.Job instance at 0x7f2f95520960>,51,18,[4 8],52,183,201,131,182
1,<environment.Job instance at 0x7f2f9543a5f0>,83,1,[6 2],84,203,204,119,203
1,<environment.Job instance at 0x7f2f9543aa50>,84,2,[2 7],85,203,205,118,203
1,<environment.Job instance at 0x7f2f9543a2d0>,85,26,[4 8],86,204,230,118,203
1,<environment.Job instance at 0x7f2f9543afa0>,86,20,[4 8],87,230,250,143,221
1,<environment.Job instance at 0x7f2f9c09a7d0>,90,25,[5 4],91,221,246,130,221
1,<environment.Job instance at 0x7f2f955318c0>,91,21,[5 5],92,246,267,154,238
1,<environment.Job instance at 0x7f2f953f3c80>,95,25,[5 7],96,250,275,154,246
1,<environment.Job instance at 0x7f2f953f3960>,97,22,[5 8],98,267,289,169,260
1,<environment.Job instance at 0x7f2f9c324280>,102,2,[10  4],103,286,288,183,286
1,<environment.Job instance at 0x7f2f9c33ce10>,103,27,[8 5],104,288,315,184,286
1,<environment.Job instance at 0x7f2f953f3460>,99,3,[11  3],100,316,319,216,316
1,<environment.Job instance at 0x7f2f952ea910>,106,2,[5 7],107,319,321,212,316
1,<environment.Job instance at 0x7f2f9c1221e0>,107,1,[2 8],108,316,317,208,316
1,<environment.Job instance at 0x7f2f959d6af0>,108,2,[6 4],109,319,321,210,316
1,<environment.Job instance at 0x7f2f957041e0>,109,1,[12  4],110,321,322,211,317
1,<environment.Job instance at 0x7f2f959cce10>,111,2,[3 5],112,317,319,205,317
1,<environment.Job instance at 0x7f2f959cc320>,112,1,[5 5],113,322,323,209,317
1,<environment.Job instance at 0x7f2f9c4b5460>,113,24,[3 5],114,321,345,207,317
1,<environment.Job instance at 0x7f2f9c084230>,119,1,[6 2],120,334,335,214,334
1,<environment.Job instance at 0x7f2f9c1accd0>,124,27,[1 8],125,353,380,228,353
1,<environment.Job instance at 0x7f2f9c6ece10>,125,3,[6 4],126,355,358,229,355
1,<environment.Job instance at 0x7f2f9c2273c0>,129,1,[4 5],130,365,366,235,365
1,<environment.Job instance at 0x7f2f9c20ae10>,134,23,[4 5],135,375,398,240,375
1,<environment.Job instance at 0x7f2f959e20a0>,1,1,[9 4],2,3,4,1,3
1,<environment.Job instance at 0x7f2f9533caa0>,6,26,[8 5],7,7,33,0,7
1,<environment.Job instance at 0x7f2f953adbe0>,9,20,[6 3],10,10,30,0,10
1,<environment.Job instance at 0x7f2f519ba190>,13,20,[5 3],14,30,50,16,21
1,<environment.Job instance at 0x7f2f9c32acd0>,22,2,[5 2],23,39,41,16,39
1,<environment.Job instance at 0x7f2f51cbf960>,25,2,[10  1],26,49,51,23,49
1,<environment.Job instance at 0x7f2f51d9c230>,27,22,[10  1],28,54,76,26,54
1,<environment.Job instance at 0x7f2f51d9cb90>,30,20,[3 8],31,68,88,37,68
1,<environment.Job instance at 0x7f2f9553cf00>,31,3,[11  4],32,80,83,48,80
1,<environment.Job instance at 0x7f2f9c428820>,34,1,[ 1 10],35,88,89,53,80
1,<environment.Job instance at 0x7f2f952cd460>,36,26,[9 5],37,83,109,46,80
1,<environment.Job instance at 0x7f2f9c14d7d0>,46,2,[2 8],47,114,116,67,114
1,<environment.Job instance at 0x7f2f9c1a7f50>,47,1,[ 4 12],48,116,117,68,114
1,<environment.Job instance at 0x7f2f9bd925a0>,48,2,[5 5],49,114,116,65,114
1,<environment.Job instance at 0x7f2f9c1a7dc0>,49,22,[7 3],50,116,138,66,114
1,<environment.Job instance at 0x7f2f95458a00>,52,25,[7 5],53,117,142,64,115
1,<environment.Job instance at 0x7f2f9bfef500>,53,2,[14  5],54,142,144,88,135
1,<environment.Job instance at 0x7f2f95458f50>,54,2,[13  4],55,144,146,89,139
1,<environment.Job instance at 0x7f2f95458690>,55,2,[1 5],56,139,141,83,139
1,<environment.Job instance at 0x7f2f95600c80>,1,2,[13  4],2,5,7,3,5
1,<environment.Job instance at 0x7f2f957f20a0>,6,20,[10  4],7,7,27,0,7
1,<environment.Job instance at 0x7f2f952ead70>,10,27,[ 3 13],11,27,54,16,25
1,<environment.Job instance at 0x7f2f955a3aa0>,13,27,[1 7],14,54,81,40,52
1,<environment.Job instance at 0x7f2f955a3780>,17,1,[ 4 10],18,81,82,63,53
1,<environment.Job instance at 0x7f2f955a3d20>,20,1,[12  1],21,54,55,33,54
1,<environment.Job instance at 0x7f2f955a3c80>,21,25,[9 1],22,55,80,33,54
1,<environment.Job instance at 0x7f2f51e968c0>,27,18,[5 5],28,86,104,58,86
1,<environment.Job instance at 0x7f2f51e96fa0>,30,27,[5 4],31,92,119,61,92
1,<environment.Job instance at 0x7f2f51e96b90>,31,28,[7 5],32,104,132,72,103
1,<environment.Job instance at 0x7f2f51e96be0>,33,28,[8 2],34,119,147,85,118
1,<environment.Job instance at 0x7f2f95509870>,44,12,[9 3],45,148,160,103,148
1,<environment.Job instance at 0x7f2f955ece60>,45,2,[7 1],46,160,162,114,148
1,<environment.Job instance at 0x7f2f955ecf00>,46,2,[2 6],47,148,150,101,148
1,<environment.Job instance at 0x7f2f955ece10>,50,13,[7 1],51,160,173,109,157
1,<environment.Job instance at 0x7f2f955ec3c0>,51,1,[ 5 14],52,162,163,110,157
1,<environment.Job instance at 0x7f2f955ecbe0>,52,1,[7 1],53,163,164,110,157
1,<environment.Job instance at 0x7f2f517a6f00>,53,19,[7 1],54,164,183,110,157
1,<environment.Job instance at 0x7f2f517a82d0>,56,1,[4 5],57,173,174,116,171
1,<environment.Job instance at 0x7f2f517a8370>,57,13,[5 1],58,174,187,116,171
1,<environment.Job instance at 0x7f2f517a8410>,58,18,[ 2 10],59,174,192,115,172
1,<environment.Job instance at 0x7f2f517a85f0>,61,3,[10  5],62,191,194,129,191
1,<environment.Job instance at 0x7f2f517a87d0>,63,27,[5 1],64,199,226,135,199
1,<environment.Job instance at 0x7f2f517a8a00>,66,2,[ 5 12],67,202,204,135,202
1,<environment.Job instance at 0x7f2f517a8a50>,67,3,[3 6],68,204,207,136,202
1,<environment.Job instance at 0x7f2f517a8af0>,68,2,[7 4],69,204,206,135,202
1,<environment.Job instance at 0x7f2f517a8b90>,69,1,[1 6],70,206,207,136,202
1,<environment.Job instance at 0x7f2f517a8d70>,72,1,[6 5],73,214,215,141,214
1,<environment.Job instance at 0x7f2f517d22d0>,79,3,[4 7],80,260,263,180,260
1,<environment.Job instance at 0x7f2f517d24b0>,82,3,[8 4],83,273,276,190,273
1,<environment.Job instance at 0x7f2f517d25f0>,84,3,[3 5],85,275,278,190,275
1,<environment.Job instance at 0x7f2f517d2730>,85,2,[8 3],86,276,278,190,275
1,<environment.Job instance at 0x7f2f517d21e0>,87,26,[3 7],88,276,302,188,276
1,<environment.Job instance at 0x7f2f517d2780>,89,1,[4 9],90,302,303,212,284
1,<environment.Job instance at 0x7f2f517d2960>,91,3,[7 2],92,284,287,192,284
1,<environment.Job instance at 0x7f2f517d26e0>,92,3,[2 9],93,303,306,210,284
1,<environment.Job instance at 0x7f2f517d2690>,93,3,[1 5],94,284,287,190,284
1,<environment.Job instance at 0x7f2f517d2be0>,94,17,[5 1],95,287,304,192,285
1,<environment.Job instance at 0x7f2f517d2aa0>,95,1,[8 4],96,303,304,207,285
1,<environment.Job instance at 0x7f2f517d2d20>,97,1,[ 2 11],98,306,307,208,294
1,<environment.Job instance at 0x7f2f517d2f00>,99,25,[3 8],100,307,332,207,303
1,<environment.Job instance at 0x7f2f518a3280>,103,3,[2 7],104,312,315,208,312
1,<environment.Job instance at 0x7f2f518a32d0>,106,1,[6 4],107,329,330,222,329
1,<environment.Job instance at 0x7f2f518a31e0>,107,28,[4 9],108,332,360,224,331
1,<environment.Job instance at 0x7f2f518a3500>,108,1,[3 8],109,360,361,251,332
1,<environment.Job instance at 0x7f2f518a35a0>,109,1,[10  3],110,332,333,222,332
1,<environment.Job instance at 0x7f2f518a3640>,110,1,[3 6],111,333,334,222,332
1,<environment.Job instance at 0x7f2f954feb90>,4,21,[8 1],5,5,26,0,5
1,<environment.Job instance at 0x7f2f518425f0>,9,25,[ 3 10],10,10,35,0,10
1,<environment.Job instance at 0x7f2f957f5320>,17,23,[9 2],18,26,49,8,20
1,<environment.Job instance at 0x7f2f517cf050>,24,1,[1 8],25,35,36,10,35
1,<environment.Job instance at 0x7f2f952d0a00>,27,1,[6 5],28,42,43,14,42
1,<environment.Job instance at 0x7f2f9c0b4c80>,29,1,[8 2],30,55,56,25,55
1,<environment.Job instance at 0x7f2f952fff00>,35,3,[7 5],36,82,85,46,82
1,<environment.Job instance at 0x7f2f953edeb0>,38,1,[3 8],39,84,85,45,84
1,<environment.Job instance at 0x7f2f51842b40>,10,18,[ 2 11],11,85,103,74,85
1,<environment.Job instance at 0x7f2f9c1ce910>,41,18,[5 5],42,103,121,61,98
1,<environment.Job instance at 0x7f2f51cb37d0>,43,24,[4 7],44,103,127,59,98
1,<environment.Job instance at 0x7f2f9547e0a0>,47,1,[7 3],48,121,122,73,113
1,<environment.Job instance at 0x7f2f9bf835a0>,48,23,[ 4 10],49,127,150,78,121
1,<environment.Job instance at 0x7f2f956146e0>,49,2,[4 6],50,122,124,72,121
1,<environment.Job instance at 0x7f2f95755910>,50,2,[5 8],51,124,126,73,121
1,<environment.Job instance at 0x7f2f9c10dc30>,58,1,[1 6],59,150,151,91,148
1,<environment.Job instance at 0x7f2f9c2d7780>,63,24,[3 5],64,166,190,102,166
1,<environment.Job instance at 0x7f2f51d79870>,67,1,[4 7],68,168,169,100,168
1,<environment.Job instance at 0x7f2f51d79280>,74,1,[1 9],75,217,218,142,217
1,<environment.Job instance at 0x7f2f95819eb0>,77,1,[8 5],78,217,218,139,217
1,<environment.Job instance at 0x7f2f95819910>,79,24,[7 1],80,219,243,139,219
1,<environment.Job instance at 0x7f2f95819b90>,80,26,[4 8],81,219,245,138,219
1,<environment.Job instance at 0x7f2f958197d0>,89,3,[ 4 10],90,254,257,164,254
1,<environment.Job instance at 0x7f2f95819370>,91,1,[10  4],92,265,266,173,265
1,<environment.Job instance at 0x7f2f9bff50a0>,6,1,[1 9],7,9,10,2,9
1,<environment.Job instance at 0x7f2f954fec30>,7,2,[8 2],8,12,14,4,12
1,<environment.Job instance at 0x7f2f9533b3c0>,12,1,[7 3],13,16,17,3,16
1,<environment.Job instance at 0x7f2f9533cf00>,15,2,[4 9],16,16,18,0,16
1,<environment.Job instance at 0x7f2f51bfcdc0>,16,2,[2 8],17,18,20,1,17
1,<environment.Job instance at 0x7f2f51bfc2d0>,17,3,[1 6],18,19,22,1,19
1,<environment.Job instance at 0x7f2f95819d70>,3,3,[11  3],4,24,27,20,24
1,<environment.Job instance at 0x7f2f955494b0>,23,2,[9 4],24,27,29,3,24
1,<environment.Job instance at 0x7f2f9cad02d0>,26,23,[10  4],27,39,62,12,39
1,<environment.Job instance at 0x7f2f9560e460>,30,3,[10  4],31,62,65,31,58
1,<environment.Job instance at 0x7f2f953f5d70>,33,1,[6 2],34,76,77,42,76
1,<environment.Job instance at 0x7f2f5179c960>,34,2,[8 4],35,76,78,41,76
1,<environment.Job instance at 0x7f2f51ce3b90>,42,1,[2 7],43,125,126,82,125
1,<environment.Job instance at 0x7f2f953679b0>,47,1,[4 8],48,142,143,94,142
1,<environment.Job instance at 0x7f2f95367be0>,48,2,[10  1],49,142,144,93,142
1,<environment.Job instance at 0x7f2f95367e60>,49,25,[8 3],50,144,169,94,142
1,<environment.Job instance at 0x7f2f95367e10>,50,2,[5 5],51,143,145,92,142
1,<environment.Job instance at 0x7f2f95367cd0>,52,24,[11  1],53,169,193,116,164
1,<environment.Job instance at 0x7f2f9be02910>,58,17,[3 5],59,193,210,134,193
1,<environment.Job instance at 0x7f2f953d3cd0>,63,2,[4 8],64,193,195,129,193
1,<environment.Job instance at 0x7f2f953d38c0>,64,1,[ 3 10],65,195,196,130,193
1,<environment.Job instance at 0x7f2f51dedd20>,67,1,[8 2],68,199,200,131,199
1,<environment.Job instance at 0x7f2f51dedf50>,68,2,[8 3],69,200,202,131,199
1,<environment.Job instance at 0x7f2f956d29b0>,69,1,[ 3 10],70,202,203,132,199
1,<environment.Job instance at 0x7f2f9bfa98c0>,70,2,[8 2],71,203,205,132,199
1,<environment.Job instance at 0x7f2f9c2f77d0>,72,1,[4 6],73,203,204,130,203
1,<environment.Job instance at 0x7f2f51cf6460>,74,1,[5 8],75,208,209,133,208
1,<environment.Job instance at 0x7f2f51cf6e60>,75,3,[7 3],76,209,212,133,208
1,<environment.Job instance at 0x7f2f51cf6cd0>,76,2,[5 5],77,209,211,132,208
1,<environment.Job instance at 0x7f2f959ac5a0>,77,3,[ 1 10],78,211,214,133,208
1,<environment.Job instance at 0x7f2f959ac1e0>,79,2,[10  1],80,215,217,135,215
1,<environment.Job instance at 0x7f2f9bee49b0>,80,3,[8 2],81,217,220,136,215
1,<environment.Job instance at 0x7f2f9bee4820>,82,14,[ 1 10],83,222,236,139,222
1,<environment.Job instance at 0x7f2f9bee4af0>,83,2,[12  1],84,227,229,143,227
1,<environment.Job instance at 0x7f2f95555550>,84,1,[ 5 14],85,236,237,151,227
1,<environment.Job instance at 0x7f2f95555780>,86,21,[3 7],87,237,258,150,233
1,<environment.Job instance at 0x7f2f51bde230>,88,28,[8 3],89,238,266,149,238
1,<environment.Job instance at 0x7f2f51bdefa0>,89,20,[1 9],90,258,278,168,249
1,<environment.Job instance at 0x7f2f95771370>,97,2,[13  1],98,284,286,186,284
1,<environment.Job instance at 0x7f2f957718c0>,100,2,[4 9],101,312,314,211,312
1,<environment.Job instance at 0x7f2f95771c30>,104,1,[11  3],105,317,318,212,317
1,<environment.Job instance at 0x7f2f957713c0>,110,2,[2 9],111,337,339,226,337
1,<environment.Job instance at 0x7f2f954b4690>,112,27,[9 1],113,377,404,264,377
1,<environment.Job instance at 0x7f2f952eeaf0>,115,1,[9 3],116,404,405,288,384
1,<environment.Job instance at 0x7f2f952ee370>,116,21,[12  2],117,405,426,288,397
1,<environment.Job instance at 0x7f2f9533caf0>,1,26,[7 2],2,2,28,0,2
1,<environment.Job instance at 0x7f2f95549f50>,5,2,[1 8],6,8,10,2,8
1,<environment.Job instance at 0x7f2f95416910>,7,1,[14  5],8,28,29,20,10
1,<environment.Job instance at 0x7f2f51da6c30>,2,2,[ 2 13],3,15,17,12,15
1,<environment.Job instance at 0x7f2f9547e960>,8,19,[ 5 11],9,29,48,20,21
1,<environment.Job instance at 0x7f2f95363c30>,18,1,[ 4 13],19,48,49,29,37
1,<environment.Job instance at 0x7f2f953635a0>,19,19,[9 1],20,37,56,17,37
1,<environment.Job instance at 0x7f2f95363f50>,24,23,[8 3],25,56,79,31,50
1,<environment.Job instance at 0x7f2f95363a50>,22,2,[ 3 14],23,79,81,56,57
1,<environment.Job instance at 0x7f2f95667e60>,29,1,[11  4],30,81,82,51,57
1,<environment.Job instance at 0x7f2f95667a00>,33,27,[9 4],34,82,109,48,80
1,<environment.Job instance at 0x7f2f95667aa0>,34,25,[8 2],35,109,134,74,105
1,<environment.Job instance at 0x7f2f9c2c4e10>,41,1,[4 8],42,108,109,66,108
1,<environment.Job instance at 0x7f2f9c2c4aa0>,44,2,[5 6],45,126,128,81,126
1,<environment.Job instance at 0x7f2f9c2c4780>,46,2,[3 9],47,131,133,84,131
1,<environment.Job instance at 0x7f2f9c271230>,50,3,[6 3],51,143,146,92,143
1,<environment.Job instance at 0x7f2f9c2712d0>,52,2,[5 7],53,145,147,92,145
1,<environment.Job instance at 0x7f2f9c2714b0>,53,2,[2 5],54,145,147,91,145
1,<environment.Job instance at 0x7f2f9c271550>,54,2,[2 8],55,147,149,92,145
1,<environment.Job instance at 0x7f2f9c2715f0>,55,22,[9 4],56,147,169,91,145
1,<environment.Job instance at 0x7f2f9c271780>,59,27,[5 8],60,156,183,96,156
1,<environment.Job instance at 0x7f2f9c271cd0>,64,2,[7 4],65,183,185,118,183
1,<environment.Job instance at 0x7f2f9c271e10>,66,22,[3 8],67,184,206,117,184
1,<environment.Job instance at 0x7f2f9c271f50>,68,2,[5 5],69,189,191,120,189
1,<environment.Job instance at 0x7f2f9c271fa0>,69,2,[10  1],70,191,193,121,189
1,<environment.Job instance at 0x7f2f9c271910>,70,1,[10  3],71,193,194,122,189
1,<environment.Job instance at 0x7f2f9c264190>,71,3,[5 8],72,206,209,134,189
1,<environment.Job instance at 0x7f2f9c264230>,72,1,[3 9],73,209,210,136,189
1,<environment.Job instance at 0x7f2f9c2642d0>,73,1,[5 2],74,189,190,115,189
1,<environment.Job instance at 0x7f2f9c264550>,77,3,[6 4],78,218,221,140,218
1,<environment.Job instance at 0x7f2f9c264140>,82,1,[14  1],83,243,244,160,243
1,<environment.Job instance at 0x7f2f9c264a00>,85,2,[1 6],86,257,259,171,257
1,<environment.Job instance at 0x7f2f9c264b40>,87,1,[9 4],88,262,263,174,262
1,<environment.Job instance at 0x7f2f9c264be0>,88,24,[8 2],89,263,287,174,262
1,<environment.Job instance at 0x7f2f9c264c80>,89,27,[ 3 13],90,263,290,173,262
1,<environment.Job instance at 0x7f2f959ca320>,0,20,[7 1],1,1,21,0,1
1,<environment.Job instance at 0x7f2f954fe7d0>,4,21,[6 1],5,5,26,0,5
1,<environment.Job instance at 0x7f2f9563beb0>,16,3,[5 5],17,28,31,11,28
1,<environment.Job instance at 0x7f2f9563b190>,18,1,[7 4],19,30,31,11,30
1,<environment.Job instance at 0x7f2f9563b780>,19,2,[3 9],20,31,33,11,30
1,<environment.Job instance at 0x7f2f9563b9b0>,20,24,[ 4 14],21,33,57,12,30
1,<environment.Job instance at 0x7f2f953bb6e0>,25,24,[7 4],26,57,81,31,53
1,<environment.Job instance at 0x7f2f953bb4b0>,32,2,[7 4],33,77,79,44,77
1,<environment.Job instance at 0x7f2f51a502d0>,35,25,[6 2],36,89,114,53,89
1,<environment.Job instance at 0x7f2f51a50be0>,36,2,[ 1 13],37,89,91,52,89
1,<environment.Job instance at 0x7f2f51d24e10>,43,2,[2 6],44,111,113,67,111
1,<environment.Job instance at 0x7f2f51d243c0>,44,1,[8 1],45,113,114,68,111
1,<environment.Job instance at 0x7f2f51d24730>,46,26,[10  2],47,117,143,70,117
1,<environment.Job instance at 0x7f2f51769d70>,52,21,[9 5],53,148,169,95,148
1,<environment.Job instance at 0x7f2f51769820>,53,2,[4 9],54,149,151,95,149
1,<environment.Job instance at 0x7f2f51769cd0>,54,1,[12  5],55,169,170,114,158
1,<environment.Job instance at 0x7f2f51769870>,55,1,[ 2 14],56,170,171,114,159
1,<environment.Job instance at 0x7f2f517692d0>,57,2,[14  3],58,171,173,113,163
1,<environment.Job instance at 0x7f2f51addc30>,68,28,[ 2 11],69,200,228,131,200
1,<environment.Job instance at 0x7f2f51addd70>,69,1,[10  5],70,228,229,158,200
1,<environment.Job instance at 0x7f2f51add780>,73,2,[5 2],74,229,231,155,229
1,<environment.Job instance at 0x7f2f953c1960>,6,22,[3 7],7,8,30,1,8
1,<environment.Job instance at 0x7f2f953bb140>,7,21,[5 3],8,8,29,0,8
1,<environment.Job instance at 0x7f2f9c400910>,3,1,[13  4],4,30,31,26,26
1,<environment.Job instance at 0x7f2f959100a0>,16,28,[7 3],17,31,59,14,30
1,<environment.Job instance at 0x7f2f95a4d9b0>,19,21,[10  5],20,59,80,39,51
1,<environment.Job instance at 0x7f2f95a4d320>,23,1,[1 6],24,51,52,27,51
1,<environment.Job instance at 0x7f2f95a4d230>,32,20,[1 9],33,89,109,56,89
1,<environment.Job instance at 0x7f2f9587bfa0>,37,26,[ 2 12],38,109,135,71,106
1,<environment.Job instance at 0x7f2f9587b870>,39,1,[ 3 12],40,135,136,95,127
1,<environment.Job instance at 0x7f2f9cbac2d0>,43,1,[9 2],44,136,137,92,136
1,<environment.Job instance at 0x7f2f9587ba50>,42,3,[11  1],43,137,140,94,136
1,<environment.Job instance at 0x7f2f9cbac6e0>,45,26,[5 5],46,140,166,94,137
1,<environment.Job instance at 0x7f2f51b96fa0>,48,22,[10  5],49,140,162,91,137
1,<environment.Job instance at 0x7f2f9c858f50>,54,25,[9 4],55,162,187,107,158
1,<environment.Job instance at 0x7f2f9c858dc0>,60,25,[9 5],61,187,212,126,183
1,<environment.Job instance at 0x7f2f9c858b90>,61,3,[11  1],62,212,215,150,209
1,<environment.Job instance at 0x7f2f51b357d0>,65,22,[6 4],66,215,237,149,209
1,<environment.Job instance at 0x7f2f51bb3a50>,70,26,[10  1],71,237,263,166,234
1,<environment.Job instance at 0x7f2f51bb3410>,72,22,[2 7],73,234,256,161,234
1,<environment.Job instance at 0x7f2f9c858af0>,62,3,[12  5],63,263,266,200,263
1,<environment.Job instance at 0x7f2f9c3204b0>,83,1,[9 4],84,272,273,188,272
1,<environment.Job instance at 0x7f2f9c320320>,85,27,[5 8],86,289,316,203,289
1,<environment.Job instance at 0x7f2f9c320e60>,87,25,[6 4],88,289,314,201,289
1,<environment.Job instance at 0x7f2f9c3200f0>,89,25,[10  1],90,314,339,224,310
1,<environment.Job instance at 0x7f2f9c4b5230>,96,3,[7 5],97,339,342,242,317
1,<environment.Job instance at 0x7f2f9c4b5cd0>,97,1,[5 9],98,317,318,219,317
1,<environment.Job instance at 0x7f2f9c4b5c30>,99,1,[ 3 10],100,326,327,226,326
1,<environment.Job instance at 0x7f2f9c4b54b0>,101,21,[4 7],102,330,351,228,330
1,<environment.Job instance at 0x7f2f51b5fe10>,106,2,[7 1],107,346,348,239,346
1,<environment.Job instance at 0x7f2f51b5f6e0>,108,2,[ 5 10],109,357,359,248,357
1,<environment.Job instance at 0x7f2f51b5f820>,111,26,[5 4],112,367,393,255,367
1,<environment.Job instance at 0x7f2f51b5f0f0>,112,1,[10  4],113,367,368,254,367
1,<environment.Job instance at 0x7f2f51b5f320>,113,1,[6 5],114,368,369,254,367
1,<environment.Job instance at 0x7f2f51b5ff00>,118,26,[ 3 10],119,385,411,266,385
1,<environment.Job instance at 0x7f2f51b72b40>,120,22,[ 3 10],121,411,433,290,404
1,<environment.Job instance at 0x7f2f51b930f0>,134,3,[6 5],135,431,434,296,431
1,<environment.Job instance at 0x7f2f51b938c0>,136,3,[4 6],137,433,436,296,431
1,<environment.Job instance at 0x7f2f51b93f00>,137,3,[ 5 11],138,436,439,298,431
1,<environment.Job instance at 0x7f2f51b931e0>,138,1,[1 5],139,434,435,295,431
1,<environment.Job instance at 0x7f2f954fe3c0>,11,2,[10  5],12,12,14,0,12
1,<environment.Job instance at 0x7f2f953e3e60>,19,20,[5 5],20,52,72,32,52
1,<environment.Job instance at 0x7f2f9538d370>,20,1,[1 5],21,52,53,31,52
1,<environment.Job instance at 0x7f2f955524b0>,23,2,[3 8],24,53,55,29,52
1,<environment.Job instance at 0x7f2f95552410>,24,3,[9 1],25,55,58,30,52
1,<environment.Job instance at 0x7f2f9536f2d0>,27,2,[13  4],28,72,74,44,69
1,<environment.Job instance at 0x7f2f95552370>,28,1,[3 9],29,69,70,40,69
1,<environment.Job instance at 0x7f2f9553cdc0>,29,1,[5 1],30,69,70,39,69
1,<environment.Job instance at 0x7f2f9553c050>,30,3,[1 7],31,70,73,39,69
1,<environment.Job instance at 0x7f2f95552640>,26,18,[1 8],27,76,94,49,76
1,<environment.Job instance at 0x7f2f9c271320>,37,28,[8 2],38,91,119,53,91
1,<environment.Job instance at 0x7f2f9be4eb40>,1,21,[4 8],2,2,23,0,2
1,<environment.Job instance at 0x7f2f5156f320>,8,1,[ 1 11],9,23,24,14,22
1,<environment.Job instance at 0x7f2f51cd6b40>,10,21,[6 2],11,22,43,11,22
1,<environment.Job instance at 0x7f2f9575b3c0>,18,22,[4 8],19,24,46,5,22
1,<environment.Job instance at 0x7f2f9c9a4e10>,20,28,[4 7],21,43,71,22,42
1,<environment.Job instance at 0x7f2f516abf50>,14,27,[1 7],15,16,43,1,16
1,<environment.Job instance at 0x7f2f516ab5a0>,15,1,[10  2],16,16,17,0,16
1,<environment.Job instance at 0x7f2f516abdc0>,19,1,[5 4],20,31,32,11,31
1,<environment.Job instance at 0x7f2f516ab140>,20,3,[5 5],21,32,35,11,31
1,<environment.Job instance at 0x7f2f51a5cb90>,24,2,[10  4],25,55,57,30,55
1,<environment.Job instance at 0x7f2f51a5ce60>,25,2,[6 1],26,57,59,31,55
1,<environment.Job instance at 0x7f2f518b5550>,27,3,[2 5],28,59,62,31,59
1,<environment.Job instance at 0x7f2f518b5c80>,28,1,[4 7],29,59,60,30,59
1,<environment.Job instance at 0x7f2f518b59b0>,29,3,[6 5],30,60,63,30,59
1,<environment.Job instance at 0x7f2f518b5c30>,32,1,[ 4 10],33,71,72,38,71
1,<environment.Job instance at 0x7f2f518b5280>,31,18,[4 6],32,78,96,46,78
1,<environment.Job instance at 0x7f2f518b51e0>,36,19,[5 4],37,85,104,48,85
1,<environment.Job instance at 0x7f2f5165faf0>,40,3,[10  1],41,107,110,66,107
1,<environment.Job instance at 0x7f2f518b5320>,38,18,[4 6],39,114,132,75,114
1,<environment.Job instance at 0x7f2f5165ff50>,47,3,[9 2],48,140,143,92,140
1,<environment.Job instance at 0x7f2f5165fc30>,50,2,[5 6],51,152,154,101,152
1,<environment.Job instance at 0x7f2f5165f6e0>,46,17,[ 2 10],47,160,177,113,160
1,<environment.Job instance at 0x7f2f5165f5f0>,53,3,[3 7],54,177,180,123,160
1,<environment.Job instance at 0x7f2f516311e0>,59,23,[9 3],60,189,212,129,189
1,<environment.Job instance at 0x7f2f516313c0>,63,3,[1 5],64,205,208,141,205
1,<environment.Job instance at 0x7f2f51631050>,64,1,[5 2],65,205,206,140,205
1,<environment.Job instance at 0x7f2f51631b40>,66,3,[3 9],67,210,213,143,210
1,<environment.Job instance at 0x7f2f51ebef50>,8,25,[3 6],9,9,34,0,9
1,<environment.Job instance at 0x7f2f9593cfa0>,16,1,[4 6],17,27,28,10,27
1,<environment.Job instance at 0x7f2f51a5c1e0>,19,2,[2 7],20,29,31,9,29
1,<environment.Job instance at 0x7f2f51a5c370>,20,3,[1 7],21,31,34,10,29
1,<environment.Job instance at 0x7f2f51a5c820>,22,20,[3 6],23,37,57,14,37
1,<environment.Job instance at 0x7f2f51a5c0f0>,24,2,[10  3],25,44,46,19,44
1,<environment.Job instance at 0x7f2f51a5ce10>,25,2,[2 9],26,46,48,20,44
1,<environment.Job instance at 0x7f2f51a5cd20>,26,21,[10  4],27,48,69,21,44
1,<environment.Job instance at 0x7f2f95384e10>,28,1,[5 7],29,57,58,28,52
1,<environment.Job instance at 0x7f2f51b3c7d0>,32,3,[10  1],33,80,83,47,80
1,<environment.Job instance at 0x7f2f51b3c140>,34,2,[9 5],35,83,85,48,83
1,<environment.Job instance at 0x7f2f51b3ce60>,35,2,[3 9],36,83,85,47,83
1,<environment.Job instance at 0x7f2f51b3c5a0>,36,1,[6 4],37,85,86,48,83
1,<environment.Job instance at 0x7f2f51b3c3c0>,37,24,[9 5],38,85,109,47,83
1,<environment.Job instance at 0x7f2f9be02cd0>,42,3,[10  5],43,109,112,66,101
1,<environment.Job instance at 0x7f2f95627f00>,45,1,[8 3],46,112,113,66,112
1,<environment.Job instance at 0x7f2f51ddb4b0>,46,1,[12  5],47,113,114,66,112
1,<environment.Job instance at 0x7f2f51ddbaa0>,48,2,[8 4],49,114,116,65,112
1,<environment.Job instance at 0x7f2f51de8a00>,50,2,[6 2],51,119,121,68,119
1,<environment.Job instance at 0x7f2f51de85a0>,53,1,[5 5],54,136,137,82,136
1,<environment.Job instance at 0x7f2f51de8550>,54,1,[6 2],55,136,137,81,136
1,<environment.Job instance at 0x7f2f959df2d0>,55,2,[10  4],56,137,139,81,136
1,<environment.Job instance at 0x7f2f51de89b0>,56,1,[5 5],57,137,138,80,136
1,<environment.Job instance at 0x7f2f51de87d0>,59,2,[10  4],60,144,146,84,144
1,<environment.Job instance at 0x7f2f51dded70>,61,20,[5 5],62,155,175,93,155
1,<environment.Job instance at 0x7f2f959d3190>,63,22,[2 8],64,155,177,91,155
1,<environment.Job instance at 0x7f2f51e0a460>,68,3,[2 6],69,175,178,106,163
1,<environment.Job instance at 0x7f2f51e0a690>,69,1,[5 4],70,177,178,107,163
1,<environment.Job instance at 0x7f2f51ce3fa0>,72,20,[ 1 10],73,178,198,105,169
1,<environment.Job instance at 0x7f2f9bfc2870>,15,2,[2 9],16,25,27,9,25
1,<environment.Job instance at 0x7f2f51e893c0>,21,2,[6 1],22,38,40,16,38
1,<environment.Job instance at 0x7f2f51bb2f00>,22,26,[8 2],23,38,64,15,38
1,<environment.Job instance at 0x7f2f516d9690>,23,2,[5 6],24,40,42,16,38
1,<environment.Job instance at 0x7f2f9c267960>,26,27,[5 8],27,55,82,28,55
1,<environment.Job instance at 0x7f2f516557d0>,30,21,[5 7],31,64,85,33,56
1,<environment.Job instance at 0x7f2f5170cc30>,40,3,[ 3 12],41,85,88,44,76
1,<environment.Job instance at 0x7f2f5170c320>,43,26,[7 3],44,82,108,38,79
1,<environment.Job instance at 0x7f2f5170c960>,48,2,[6 1],49,111,113,62,111
1,<environment.Job instance at 0x7f2f9c320f50>,50,2,[5 9],51,124,126,73,124
1,<environment.Job instance at 0x7f2f9c320cd0>,51,3,[6 5],52,124,127,72,124
1,<environment.Job instance at 0x7f2f9c320e60>,54,3,[5 5],55,137,140,82,137
1,<environment.Job instance at 0x7f2f953eaf50>,57,24,[9 3],58,138,162,80,138
1,<environment.Job instance at 0x7f2f9c320550>,58,3,[ 5 10],59,140,143,81,139
1,<environment.Job instance at 0x7f2f51b53b90>,64,1,[12  4],65,170,171,105,170
1,<environment.Job instance at 0x7f2f51b53fa0>,66,25,[10  1],67,171,196,104,171
1,<environment.Job instance at 0x7f2f959a64b0>,70,24,[ 4 13],71,183,207,112,183
1,<environment.Job instance at 0x7f2f514d7410>,73,27,[4 5],74,207,234,133,205
1,<environment.Job instance at 0x7f2f514d7730>,75,20,[5 6],76,207,227,131,207
1,<environment.Job instance at 0x7f2f95787d20>,86,19,[5 9],87,266,285,179,266
1,<environment.Job instance at 0x7f2f95787370>,88,2,[4 7],89,285,287,196,274
1,<environment.Job instance at 0x7f2f957873c0>,89,1,[7 5],90,274,275,184,274
1,<environment.Job instance at 0x7f2f95877870>,91,1,[4 5],92,307,308,215,307
1,<environment.Job instance at 0x7f2f95877c30>,92,2,[1 8],93,307,309,214,307
1,<environment.Job instance at 0x7f2f9c988460>,95,2,[5 9],96,311,313,215,311
1,<environment.Job instance at 0x7f2f51b355a0>,5,3,[ 4 12],6,7,10,1,7
1,<environment.Job instance at 0x7f2f51b35c80>,8,2,[14  5],9,10,12,1,10
1,<environment.Job instance at 0x7f2f51b35a00>,16,24,[5 3],17,18,42,1,18
1,<environment.Job instance at 0x7f2f51b351e0>,15,19,[5 1],16,18,37,2,18
1,<environment.Job instance at 0x7f2f955a8370>,22,3,[7 4],23,42,45,19,42
1,<environment.Job instance at 0x7f2f955a8f00>,23,2,[8 3],24,42,44,18,42
1,<environment.Job instance at 0x7f2f955a8f50>,24,28,[10  4],25,45,73,20,44
1,<environment.Job instance at 0x7f2f518111e0>,34,3,[9 2],35,73,76,38,72
1,<environment.Job instance at 0x7f2f51811b90>,36,2,[5 9],37,77,79,40,77
1,<environment.Job instance at 0x7f2f51811910>,37,2,[ 5 12],38,79,81,41,77
1,<environment.Job instance at 0x7f2f51811d20>,42,25,[2 8],43,93,118,50,93
1,<environment.Job instance at 0x7f2f518118c0>,44,19,[3 6],45,110,129,65,110
1,<environment.Job instance at 0x7f2f51542af0>,46,26,[ 1 12],47,129,155,82,126
1,<environment.Job instance at 0x7f2f51542370>,53,2,[11  4],54,155,157,101,155
1,<environment.Job instance at 0x7f2f515423c0>,57,2,[11  1],58,157,159,99,156
1,<environment.Job instance at 0x7f2f515424b0>,62,1,[1 6],63,157,158,94,157
1,<environment.Job instance at 0x7f2f959149b0>,63,1,[8 5],64,159,160,95,157
1,<environment.Job instance at 0x7f2f95914cd0>,65,21,[ 2 10],66,163,184,97,163
1,<environment.Job instance at 0x7f2f95914c30>,71,2,[4 6],72,184,186,112,182
1,<environment.Job instance at 0x7f2f959140a0>,69,2,[ 3 11],70,186,188,116,184
1,<environment.Job instance at 0x7f2f95914e10>,74,1,[10  1],75,187,188,112,187
1,<environment.Job instance at 0x7f2f95914500>,75,1,[4 9],76,188,189,112,187
1,<environment.Job instance at 0x7f2f95914eb0>,77,3,[5 9],78,189,192,111,188
1,<environment.Job instance at 0x7f2f95935eb0>,80,24,[2 5],81,197,221,116,197
1,<environment.Job instance at 0x7f2f959351e0>,84,3,[5 6],85,202,205,117,202
1,<environment.Job instance at 0x7f2f959358c0>,85,20,[5 4],86,202,222,116,202
1,<environment.Job instance at 0x7f2f95935410>,86,24,[ 1 10],87,221,245,134,216
1,<environment.Job instance at 0x7f2f9bddf870>,93,25,[4 6],94,245,270,151,241
1,<environment.Job instance at 0x7f2f95935c80>,87,3,[13  1],88,270,273,182,245
1,<environment.Job instance at 0x7f2f9bddf690>,95,2,[8 5],96,245,247,149,245
1,<environment.Job instance at 0x7f2f9bddfd20>,97,22,[10  3],98,247,269,149,246
1,<environment.Job instance at 0x7f2f9bddfaa0>,98,21,[1 6],99,264,285,165,264
1,<environment.Job instance at 0x7f2f95905dc0>,108,1,[ 4 10],109,285,286,176,284
1,<environment.Job instance at 0x7f2f95905c30>,112,3,[1 6],113,363,366,250,363
1,<environment.Job instance at 0x7f2f95905910>,117,2,[5 1],118,365,367,247,365
1,<environment.Job instance at 0x7f2f95921410>,118,1,[9 2],119,365,366,246,365
1,<environment.Job instance at 0x7f2f959211e0>,119,3,[14  2],120,367,370,247,366
1,<environment.Job instance at 0x7f2f95921960>,120,1,[9 3],121,366,367,245,366
1,<environment.Job instance at 0x7f2f95921870>,124,3,[3 7],125,388,391,263,388
1,<environment.Job instance at 0x7f2f95921eb0>,127,19,[ 4 10],128,408,427,280,408
1,<environment.Job instance at 0x7f2f959219b0>,131,2,[8 5],132,416,418,284,416
1,<environment.Job instance at 0x7f2f95921fa0>,133,1,[ 4 10],134,427,428,293,418
1,<environment.Job instance at 0x7f2f959212d0>,134,2,[8 5],135,418,420,283,418
1,<environment.Job instance at 0x7f2f516167d0>,136,23,[ 4 10],137,428,451,291,422
1,<environment.Job instance at 0x7f2f9bd3ed70>,13,24,[ 5 11],14,14,38,0,14
1,<environment.Job instance at 0x7f2f9bd63370>,19,2,[ 5 10],20,38,40,18,32
1,<environment.Job instance at 0x7f2f9bd637d0>,20,1,[2 8],21,40,41,19,33
1,<environment.Job instance at 0x7f2f519934b0>,22,2,[10  4],23,40,42,17,40
1,<environment.Job instance at 0x7f2f9bd621e0>,23,1,[10  5],24,42,43,18,40
1,<environment.Job instance at 0x7f2f9bd62870>,25,3,[4 5],26,44,47,18,44
1,<environment.Job instance at 0x7f2f9bd77d20>,28,1,[ 3 10],29,60,61,31,60
1,<environment.Job instance at 0x7f2f9bd771e0>,29,21,[7 5],30,60,81,30,60
1,<environment.Job instance at 0x7f2f9bd77780>,31,19,[14  4],32,81,100,49,73
1,<environment.Job instance at 0x7f2f955fe0a0>,35,21,[6 2],36,100,121,64,92
1,<environment.Job instance at 0x7f2f955fef00>,37,3,[ 5 11],38,100,103,62,93
1,<environment.Job instance at 0x7f2f9c490730>,38,1,[11  4],39,121,122,82,102
1,<environment.Job instance at 0x7f2f9c495f50>,40,1,[5 6],41,103,104,62,102
1,<environment.Job instance at 0x7f2f9c4ab6e0>,48,1,[5 4],49,120,121,71,120
1,<environment.Job instance at 0x7f2f9c4abd70>,50,2,[8 4],51,123,125,72,123
1,<environment.Job instance at 0x7f2f9c4ab8c0>,51,1,[8 1],52,125,126,73,123
1,<environment.Job instance at 0x7f2f9c36dbe0>,52,2,[2 9],53,123,125,70,123
1,<environment.Job instance at 0x7f2f9c36d690>,55,2,[3 7],56,138,140,82,138
1,<environment.Job instance at 0x7f2f9c488230>,62,1,[2 7],63,166,167,103,166
1,<environment.Job instance at 0x7f2f9c488320>,66,22,[8 4],67,193,215,126,193
1,<environment.Job instance at 0x7f2f9c4888c0>,67,20,[5 5],68,193,213,125,193
1,<environment.Job instance at 0x7f2f9c4880f0>,68,20,[6 2],69,213,233,144,206
1,<environment.Job instance at 0x7f2f9c496370>,73,1,[7 3],74,215,216,141,210
1,<environment.Job instance at 0x7f2f9c24ef50>,75,1,[ 5 14],76,233,234,157,210
1,<environment.Job instance at 0x7f2f9c24e910>,78,3,[ 4 10],79,216,219,137,213
1,<environment.Job instance at 0x7f2f9c24e7d0>,80,3,[ 1 10],81,226,229,145,226
1,<environment.Job instance at 0x7f2f9c474be0>,85,1,[2 7],86,242,243,156,242
1,<environment.Job instance at 0x7f2f9c474140>,86,2,[8 2],87,242,244,155,242
1,<environment.Job instance at 0x7f2f9c474aa0>,87,23,[2 9],88,243,266,155,242
1,<environment.Job instance at 0x7f2f9c474c30>,88,2,[ 1 11],89,266,268,177,248
1,<environment.Job instance at 0x7f2f9c48caf0>,95,2,[6 3],96,267,269,171,267
1,<environment.Job instance at 0x7f2f959ca140>,98,2,[1 8],99,275,277,176,275
1,<environment.Job instance at 0x7f2f9bd7e140>,100,3,[7 5],101,283,286,182,283
1,<environment.Job instance at 0x7f2f9bd7e9b0>,101,1,[5 6],102,283,284,181,283
1,<environment.Job instance at 0x7f2f9591d910>,105,3,[3 7],106,296,299,190,296
1,<environment.Job instance at 0x7f2f95a4f9b0>,106,1,[6 3],107,296,297,189,296
1,<environment.Job instance at 0x7f2f9591dfa0>,107,3,[8 2],108,297,300,189,296
1,<environment.Job instance at 0x7f2f51e48aa0>,108,3,[9 1],109,300,303,191,296
1,<environment.Job instance at 0x7f2f9c850be0>,111,23,[10  2],112,309,332,197,309
1,<environment.Job instance at 0x7f2f9578b410>,117,2,[7 4],118,339,341,221,339
1,<environment.Job instance at 0x7f2f95a80eb0>,125,1,[5 1],126,381,382,255,381
1,<environment.Job instance at 0x7f2f95536dc0>,130,1,[9 4],131,407,408,276,407
1,<environment.Job instance at 0x7f2f51ec80f0>,131,26,[14  5],132,408,434,276,407
1,<environment.Job instance at 0x7fd1cd02d190>,3,22,[2 5],4,4,26,0,4
1,<environment.Job instance at 0x7fd1c5c1e730>,10,22,[8 1],11,11,33,0,11
1,<environment.Job instance at 0x7fd1c5c1e9b0>,12,23,[6 4],13,26,49,13,20
1,<environment.Job instance at 0x7fd1c5c1eb90>,14,21,[8 1],15,33,54,18,25
1,<environment.Job instance at 0x7fd1c5c1ee10>,18,26,[7 4],19,49,75,30,46
1,<environment.Job instance at 0x7fd1c5c1eeb0>,19,25,[5 9],20,54,79,34,50
1,<environment.Job instance at 0x7fd1c5c21a50>,30,26,[9 4],31,75,101,44,72
1,<environment.Job instance at 0x7fd1c5c21af0>,31,1,[ 2 14],32,101,102,69,92
1,<environment.Job instance at 0x7fd1c5c21b90>,32,21,[5 9],33,102,123,69,94
1,<environment.Job instance at 0x7fd1c5c21c30>,33,26,[3 6],34,102,128,68,99
1,<environment.Job instance at 0x7fd1c5c21640>,40,26,[ 1 10],41,128,154,87,125
1,<environment.Job instance at 0x7fd1c5c22960>,51,2,[5 3],52,141,143,89,141
1,<environment.Job instance at 0x7fd1c5c22780>,52,2,[ 2 10],53,154,156,101,142
1,<environment.Job instance at 0x7fd1c5c22a00>,54,18,[7 1],55,153,171,98,153
1,<environment.Job instance at 0x7fd1c5c22be0>,56,3,[8 4],57,156,159,99,153
1,<environment.Job instance at 0x7fd1c5c25190>,59,19,[1 7],60,169,188,109,169
1,<environment.Job instance at 0x7fd1c5c25230>,60,2,[2 6],61,169,171,108,169
1,<environment.Job instance at 0x7fd1c5c254b0>,61,1,[7 5],62,171,172,109,169
1,<environment.Job instance at 0x7fd1c5c25500>,64,2,[2 8],65,173,175,108,173
1,<environment.Job instance at 0x7fd1c5c25820>,65,1,[5 8],66,175,176,109,173
1,<environment.Job instance at 0x7fd1c5c25910>,66,2,[7 2],67,176,178,109,173
1,<environment.Job instance at 0x7fd1c5c25b90>,70,1,[5 4],71,199,200,128,199
1,<environment.Job instance at 0x7fd1c5c25c80>,73,2,[9 3],74,203,205,129,203
1,<environment.Job instance at 0x7fd1c5c25be0>,74,2,[1 7],75,203,205,128,203
1,<environment.Job instance at 0x7fd1c5c270a0>,79,19,[10  3],80,219,238,139,219
1,<environment.Job instance at 0x7fd1c5c27140>,80,1,[5 5],81,219,220,138,219
1,<environment.Job instance at 0x7fd1c5c27280>,82,21,[4 8],83,232,253,149,232
1,<environment.Job instance at 0x7fd1c5c273c0>,84,1,[5 5],85,238,239,153,233
1,<environment.Job instance at 0x7fd1c5c27780>,90,3,[6 1],91,268,271,177,268
1,<environment.Job instance at 0x7fd1c5c27820>,91,18,[5 4],92,268,286,176,268
1,<environment.Job instance at 0x7fd1c5c27aa0>,93,25,[ 1 10],94,268,293,174,268
1,<environment.Job instance at 0x7fd1c5c27be0>,94,1,[ 5 10],95,293,294,198,268
1,<environment.Job instance at 0x7fd1c5c27eb0>,97,2,[6 2],98,286,288,188,285
1,<environment.Job instance at 0x7fd1c5c27f50>,98,1,[2 9],99,294,295,195,285
1,<environment.Job instance at 0x7fd1c5c27cd0>,99,2,[7 5],100,288,290,188,285
1,<environment.Job instance at 0x7fd1c5c2a230>,100,2,[5 9],101,295,297,194,285
1,<environment.Job instance at 0x7fd1c5c2a690>,103,16,[1 9],104,298,314,194,298
1,<environment.Job instance at 0x7fd1c5c2a730>,104,1,[ 1 10],105,314,315,209,298
1,<environment.Job instance at 0x7fd1cd06ebe0>,106,1,[4 8],107,315,316,208,298
1,<environment.Job instance at 0x7fd1c5c66e60>,107,18,[5 5],108,298,316,190,298
1,<environment.Job instance at 0x7fd1c5c150f0>,108,3,[5 5],109,316,319,207,298
1,<environment.Job instance at 0x7fd1c5c152d0>,109,27,[3 9],110,316,343,206,314
1,<environment.Job instance at 0x7fd1c5c15140>,110,23,[5 1],111,315,338,204,314
1,<environment.Job instance at 0x7fd1c5c6f2d0>,117,3,[ 3 13],118,343,346,225,328
1,<environment.Job instance at 0x7fd1c5c74410>,119,28,[7 5],120,346,374,226,345
1,<environment.Job instance at 0x7fd1c5c938c0>,120,19,[ 5 12],121,374,393,253,364
1,<environment.Job instance at 0x7fd1c5c11af0>,124,1,[6 1],125,364,365,239,364
1,<environment.Job instance at 0x7fd1c5c11b40>,126,2,[1 6],127,364,366,237,364
1,<environment.Job instance at 0x7fd1c5cb73c0>,128,1,[7 1],129,365,366,236,365
1,<environment.Job instance at 0x7fd1c5ce0aa0>,133,2,[ 5 10],134,393,395,259,384
1,<environment.Job instance at 0x7fd1c5dd5550>,136,1,[9 5],137,398,399,261,398
1,<environment.Job instance at 0x7fd1c5dd1320>,137,28,[ 2 10],138,398,426,260,398
1,<environment.Job instance at 0x7fd1c5d70550>,144,20,[13  4],145,412,432,267,412
1,<environment.Job instance at 0x7fd1c5d2e0a0>,147,2,[3 8],148,432,434,284,429
1,<environment.Job instance at 0x7fd1c5d69230>,148,3,[4 8],149,434,437,285,429
1,<environment.Job instance at 0x7fd1c5c2aa50>,1,22,[5 6],2,2,24,0,2
1,<environment.Job instance at 0x7fd1c5c3f370>,7,21,[10  4],8,8,29,0,8
1,<environment.Job instance at 0x7fd1c5c3f4b0>,12,20,[10  5],13,29,49,16,20
1,<environment.Job instance at 0x7fd1c5c337d0>,3,1,[12  5],4,49,50,45,35
1,<environment.Job instance at 0x7fd1c5c3faa0>,23,24,[3 7],24,35,59,11,35
1,<environment.Job instance at 0x7fd1c5c3cf00>,24,19,[3 8],25,50,69,25,40
1,<environment.Job instance at 0x7fd1c5c3ce60>,28,2,[5 7],29,59,61,30,46
1,<environment.Job instance at 0x7fd1c5bc30f0>,34,19,[6 2],35,65,84,30,65
1,<environment.Job instance at 0x7fd1c5bc3910>,38,27,[ 3 12],39,69,96,30,69
1,<environment.Job instance at 0x7fd1c5bc3410>,44,26,[3 9],45,96,122,51,93
1,<environment.Job instance at 0x7fd182020b90>,48,21,[2 7],49,122,143,73,114
1,<environment.Job instance at 0x7fd182020fa0>,50,23,[4 7],51,122,145,71,116
1,<environment.Job instance at 0x7fd182017cd0>,58,20,[ 2 10],59,145,165,86,136
1,<environment.Job instance at 0x7fd1820170f0>,60,1,[14  4],61,165,166,104,142
1,<environment.Job instance at 0x7fd181fa4640>,63,1,[4 8],64,166,167,102,147
1,<environment.Job instance at 0x7fd181fa4be0>,65,21,[1 6],66,165,186,99,158
1,<environment.Job instance at 0x7fd182017550>,55,19,[ 1 10],56,186,205,130,176
1,<environment.Job instance at 0x7fd181fa4c80>,68,23,[1 9],69,205,228,136,199
1,<environment.Job instance at 0x7fd182022820>,76,2,[10  2],77,221,223,144,221
1,<environment.Job instance at 0x7fd182022a00>,78,19,[4 7],79,228,247,149,222
1,<environment.Job instance at 0x7fd1c5c3ca50>,2,25,[ 3 11],3,4,29,1,4
1,<environment.Job instance at 0x7fd1c5c3cbe0>,0,1,[7 2],1,4,5,3,4
1,<environment.Job instance at 0x7fd1cd1a06e0>,12,2,[6 5],13,29,31,16,13
1,<environment.Job instance at 0x7fd1c6092d70>,21,2,[9 2],22,48,50,26,48
1,<environment.Job instance at 0x7fd1cc40a910>,22,2,[7 5],23,50,52,27,48
1,<environment.Job instance at 0x7fd181efa0f0>,24,2,[5 8],25,48,50,23,48
1,<environment.Job instance at 0x7fd181f48f00>,25,27,[4 5],26,50,77,24,48
1,<environment.Job instance at 0x7fd181f48640>,26,2,[1 8],27,52,54,25,48
1,<environment.Job instance at 0x7fd1822a8910>,9,2,[ 5 14],10,10,12,0,10
1,<environment.Job instance at 0x7fd1822a8c80>,11,2,[7 2],12,12,14,0,12
1,<environment.Job instance at 0x7fd182281190>,12,2,[4 9],13,13,15,0,13
1,<environment.Job instance at 0x7fd1822a8dc0>,14,3,[2 8],15,15,18,0,15
1,<environment.Job instance at 0x7fd1824c8aa0>,19,1,[9 2],20,22,23,2,22
1,<environment.Job instance at 0x7fd1ccbbd280>,24,22,[7 3],25,36,58,11,36
1,<environment.Job instance at 0x7fd1c5d973c0>,25,20,[7 5],26,36,56,10,36
1,<environment.Job instance at 0x7fd1cc9364b0>,36,2,[ 3 10],37,57,59,20,57
1,<environment.Job instance at 0x7fd1cc8fe1e0>,38,3,[3 7],39,61,64,22,61
1,<environment.Job instance at 0x7fd1cc950730>,39,3,[5 8],40,61,64,21,61
1,<environment.Job instance at 0x7fd1cc974c80>,41,2,[14  5],42,64,66,22,61
1,<environment.Job instance at 0x7fd1ccabc640>,44,2,[9 4],45,79,81,34,79
1,<environment.Job instance at 0x7fd1cc9fbfa0>,48,2,[9 3],49,96,98,47,96
1,<environment.Job instance at 0x7fd1cc9fbb40>,49,3,[4 7],50,97,100,47,97
1,<environment.Job instance at 0x7fd1c5f32960>,50,1,[4 8],51,98,99,47,97
1,<environment.Job instance at 0x7fd1c5f32190>,51,1,[8 1],52,99,100,47,97
1,<environment.Job instance at 0x7fd1c60b8af0>,55,2,[9 1],56,128,130,72,128
1,<environment.Job instance at 0x7fd1c60b8f50>,56,22,[1 8],57,128,150,71,128
1,<environment.Job instance at 0x7fd1c60b8550>,57,28,[5 9],58,150,178,92,149
1,<environment.Job instance at 0x7fd1c60b8c80>,58,1,[9 2],59,149,150,90,149
1,<environment.Job instance at 0x7fd1824e51e0>,63,2,[5 9],64,178,180,114,156
1,<environment.Job instance at 0x7fd1824e55a0>,65,3,[4 6],66,161,164,95,161
1,<environment.Job instance at 0x7fd1c5ee0be0>,67,28,[9 1],68,172,200,104,172
1,<environment.Job instance at 0x7fd1c5ee0780>,69,3,[6 3],70,185,188,115,185
1,<environment.Job instance at 0x7fd1ccb81460>,70,3,[2 9],71,188,191,117,185
1,<environment.Job instance at 0x7fd1c5f7b0a0>,72,26,[5 8],73,191,217,118,190
1,<environment.Job instance at 0x7fd1c5fda1e0>,76,2,[ 5 13],77,217,219,140,200
1,<environment.Job instance at 0x7fd1c5f47960>,81,1,[13  4],82,219,220,137,208
1,<environment.Job instance at 0x7fd1c601b640>,83,22,[3 5],84,222,244,138,222
1,<environment.Job instance at 0x7fd1c601b5a0>,86,3,[6 3],87,228,231,141,228
1,<environment.Job instance at 0x7fd1c601be60>,87,28,[ 5 10],88,231,259,143,230
1,<environment.Job instance at 0x7fd1c6016e10>,88,2,[12  3],89,259,261,170,232
1,<environment.Job instance at 0x7fd1c5cf9460>,90,22,[7 1],91,261,283,170,254
1,<environment.Job instance at 0x7fd1c5cf9b40>,92,21,[5 7],93,261,282,168,254
1,<environment.Job instance at 0x7fd1c6016460>,89,18,[3 8],90,285,303,195,285
1,<environment.Job instance at 0x7fd1c59fc5f0>,106,2,[2 6],107,300,302,193,300
1,<environment.Job instance at 0x7fd1c59fc780>,107,1,[5 1],108,300,301,192,300
1,<environment.Job instance at 0x7fd1c59fc690>,108,1,[10  1],109,301,302,192,300
1,<environment.Job instance at 0x7fd1c59fc0a0>,109,2,[4 7],110,302,304,192,300
1,<environment.Job instance at 0x7fd1c59fc820>,110,26,[3 7],111,303,329,192,300
1,<environment.Job instance at 0x7fd1c59fc3c0>,116,1,[10  1],117,339,340,222,339
1,<environment.Job instance at 0x7fd1c59fc7d0>,119,1,[12  2],120,350,351,230,350
1,<environment.Job instance at 0x7fd1c59fce60>,121,3,[5 1],122,355,358,233,355
1,<environment.Job instance at 0x7fd1c59fca50>,122,24,[1 9],123,355,379,232,355
1,<environment.Job instance at 0x7fd1c59fc2d0>,125,1,[1 8],126,379,380,253,370
1,<environment.Job instance at 0x7fd1c5ccc5a0>,127,2,[3 7],128,379,381,251,377
1,<environment.Job instance at 0x7fd1c5cccd70>,128,2,[1 6],129,377,379,248,377
1,<environment.Job instance at 0x7fd1c5c66e10>,131,27,[7 1],132,387,414,255,387
1,<environment.Job instance at 0x7fd1c5c66d20>,132,26,[ 3 10],133,387,413,254,387
1,<environment.Job instance at 0x7fd1c5c66730>,133,2,[ 3 13],134,413,415,279,408
1,<environment.Job instance at 0x7fd1c5c666e0>,134,1,[3 5],135,415,416,280,408
1,<environment.Job instance at 0x7fd1c5c66190>,135,21,[ 2 10],136,415,436,279,408
1,<environment.Job instance at 0x7fd1c5c66780>,137,1,[ 3 14],138,436,437,298,425
1,<environment.Job instance at 0x7fd182522b40>,3,24,[2 6],4,4,28,0,4
1,<environment.Job instance at 0x7fd1c5caa820>,5,2,[ 2 11],6,28,30,22,6
1,<environment.Job instance at 0x7fd1c59e2280>,8,3,[ 1 10],9,30,33,21,10
1,<environment.Job instance at 0x7fd1c5d8bd20>,13,1,[5 5],14,14,15,0,14
1,<environment.Job instance at 0x7fd1c5d8bc30>,15,19,[6 3],16,22,41,6,22
1,<environment.Job instance at 0x7fd1c5d8b730>,22,27,[5 7],23,36,63,13,36
1,<environment.Job instance at 0x7fd1c5c3b140>,24,24,[13  2],25,63,87,38,58
1,<environment.Job instance at 0x7fd1c5d4d280>,32,3,[9 5],33,87,90,54,77
1,<environment.Job instance at 0x7fd1c5d4d5a0>,33,3,[1 8],34,77,80,43,77
1,<environment.Job instance at 0x7fd1c5d4d050>,34,2,[9 2],35,90,92,55,77
1,<environment.Job instance at 0x7fd1c5cd4550>,36,2,[10  2],37,92,94,55,91
1,<environment.Job instance at 0x7fd1c5cd4aa0>,37,3,[10  1],38,94,97,56,91
1,<environment.Job instance at 0x7fd1c5cd4960>,43,1,[1 5],44,121,122,77,121
1,<environment.Job instance at 0x7fd1c5cd4a50>,44,1,[2 8],45,121,122,76,121
1,<environment.Job instance at 0x7fd1c5ce8960>,0,1,[ 5 11],1,2,3,1,2
1,<environment.Job instance at 0x7fd1cc86aa00>,2,25,[7 3],3,3,28,0,3
1,<environment.Job instance at 0x7fd1c5cf9d20>,12,2,[3 9],13,15,17,2,15
1,<environment.Job instance at 0x7fd1ccc326e0>,15,3,[8 2],16,17,20,1,16
1,<environment.Job instance at 0x7fd1ccc32d70>,17,3,[2 7],18,27,30,9,27
1,<environment.Job instance at 0x7fd1ccc325a0>,20,3,[ 1 10],21,45,48,24,45
1,<environment.Job instance at 0x7fd1ccc32af0>,21,2,[ 2 10],22,48,50,26,45
1,<environment.Job instance at 0x7fd1c5b4faf0>,26,1,[2 8],27,50,51,23,46
1,<environment.Job instance at 0x7fd1c5b4f050>,29,14,[7 2],30,62,76,32,62
1,<environment.Job instance at 0x7fd1c5b4fe10>,33,1,[6 2],34,80,81,46,80
1,<environment.Job instance at 0x7fd1c5b4f370>,35,26,[4 8],36,80,106,44,80
1,<environment.Job instance at 0x7fd1c5b4ff00>,36,20,[4 8],37,106,126,69,97
1,<environment.Job instance at 0x7fd181e8ce60>,39,1,[5 6],40,98,99,58,98
1,<environment.Job instance at 0x7fd181e8c140>,40,25,[5 4],41,99,124,58,98
1,<environment.Job instance at 0x7fd181e8c640>,45,25,[5 7],46,124,149,78,120
1,<environment.Job instance at 0x7fd181e8c5f0>,47,22,[5 8],48,126,148,78,120
1,<environment.Job instance at 0x7fd1824c8d70>,52,2,[10  4],53,148,150,95,142
1,<environment.Job instance at 0x7fd1824c8140>,53,27,[8 5],54,150,177,96,148
1,<environment.Job instance at 0x7fd1824c8870>,49,3,[11  3],50,177,180,127,151
1,<environment.Job instance at 0x7fd1824c8c80>,56,2,[5 7],57,153,155,96,153
1,<environment.Job instance at 0x7fd1824c8dc0>,59,1,[12  4],60,180,181,120,158
1,<environment.Job instance at 0x7fd1824e41e0>,62,1,[5 5],63,159,160,96,159
1,<environment.Job instance at 0x7fd1824c8820>,63,24,[3 5],64,160,184,96,159
1,<environment.Job instance at 0x7fd1824e4a50>,69,1,[6 2],70,201,202,131,201
1,<environment.Job instance at 0x7fd1cc6348c0>,74,27,[1 8],75,220,247,145,220
1,<environment.Job instance at 0x7fd1cc6346e0>,77,3,[3 8],78,247,250,169,222
1,<environment.Job instance at 0x7fd1cc634eb0>,79,1,[4 5],80,224,225,144,224
1,<environment.Job instance at 0x7fd1c60b8c80>,84,23,[4 5],85,247,270,162,247
1,<environment.Job instance at 0x7fd1c5dcbeb0>,90,1,[1 7],91,279,280,188,279
1,<environment.Job instance at 0x7fd1c5dcb410>,91,1,[9 4],92,279,280,187,279
1,<environment.Job instance at 0x7fd1c5dcb640>,92,2,[3 6],93,280,282,187,279
1,<environment.Job instance at 0x7fd18257c280>,11,18,[8 1],12,21,39,9,21
1,<environment.Job instance at 0x7fd182521870>,13,20,[8 4],14,39,59,25,30
1,<environment.Job instance at 0x7fd1c60b1d70>,14,2,[7 1],15,30,32,15,30
1,<environment.Job instance at 0x7fd1c5d3e6e0>,16,1,[1 6],17,32,33,15,30
1,<environment.Job instance at 0x7fd1c5d3e780>,17,27,[8 5],18,59,86,41,57
1,<environment.Job instance at 0x7fd181eac6e0>,29,2,[ 2 12],30,86,88,56,82
1,<environment.Job instance at 0x7fd181ec0cd0>,32,24,[4 6],33,92,116,59,92
1,<environment.Job instance at 0x7fd181ec05f0>,34,18,[5 2],35,115,133,80,115
1,<environment.Job instance at 0x7fd1c613e5a0>,38,1,[1 9],39,116,117,77,115
1,<environment.Job instance at 0x7fd1c613e2d0>,39,1,[3 6],40,115,116,75,115
1,<environment.Job instance at 0x7fd182521280>,9,17,[ 2 10],10,132,149,122,132
1,<environment.Job instance at 0x7fd1c5f38910>,45,3,[5 3],46,143,146,97,143
1,<environment.Job instance at 0x7fd1c5c6f4b0>,12,3,[8 4],13,26,29,13,26
1,<environment.Job instance at 0x7fd1c5c6fb90>,14,3,[3 5],15,27,30,12,27
1,<environment.Job instance at 0x7fd1cc5e70f0>,15,2,[8 3],16,29,31,13,27
1,<environment.Job instance at 0x7fd1c5c6f910>,17,26,[3 7],18,37,63,19,37
1,<environment.Job instance at 0x7fd1c5a79a00>,19,1,[4 9],20,63,64,43,38
1,<environment.Job instance at 0x7fd1c5d2e140>,21,3,[7 2],22,39,42,17,39
1,<environment.Job instance at 0x7fd1c5d2e280>,22,3,[2 9],23,64,67,41,41
1,<environment.Job instance at 0x7fd1c5d2eaa0>,23,3,[1 5],24,41,44,17,41
1,<environment.Job instance at 0x7fd1c5d2e820>,25,1,[8 4],26,49,50,23,49
1,<environment.Job instance at 0x7fd1c5b563c0>,27,1,[ 2 11],28,67,68,39,53
1,<environment.Job instance at 0x7fd1c5b56b90>,29,25,[3 8],30,68,93,38,64
1,<environment.Job instance at 0x7fd1c5b56b40>,36,1,[6 4],37,74,75,37,74
1,<environment.Job instance at 0x7fd1c5b56eb0>,37,28,[4 9],38,93,121,55,92
1,<environment.Job instance at 0x7fd1c5b56820>,39,1,[10  3],40,92,93,52,92
1,<environment.Job instance at 0x7fd1cc999eb0>,43,2,[5 9],44,121,123,77,96
1,<environment.Job instance at 0x7fd1cc999aa0>,47,2,[4 9],48,128,130,80,128
1,<environment.Job instance at 0x7fd1c59f7e60>,48,1,[14  2],49,130,131,81,128
1,<environment.Job instance at 0x7fd1c59f7f50>,49,1,[ 1 11],50,130,131,80,128
1,<environment.Job instance at 0x7fd1c59f7cd0>,52,3,[2 8],53,146,149,93,146
1,<environment.Job instance at 0x7fd1c59d81e0>,53,2,[6 4],54,146,148,92,146
1,<environment.Job instance at 0x7fd1c59d8280>,54,1,[7 5],55,148,149,93,146
1,<environment.Job instance at 0x7fd1c59d8140>,55,1,[3 6],56,149,150,93,146
1,<environment.Job instance at 0x7fd1c59d8190>,56,3,[8 5],57,149,152,92,146
1,<environment.Job instance at 0x7fd1c59d8460>,57,3,[8 1],58,152,155,94,146
1,<environment.Job instance at 0x7fd1c59d85a0>,59,18,[8 2],60,163,181,103,163
1,<environment.Job instance at 0x7fd1c59d86e0>,61,2,[3 8],62,172,174,110,172
1,<environment.Job instance at 0x7fd1c59d8780>,62,1,[8 4],63,181,182,118,172
1,<environment.Job instance at 0x7fd1c59d8230>,65,18,[9 1],66,189,207,123,189
1,<environment.Job instance at 0x7fd1c59d8c30>,66,3,[4 7],67,189,192,122,189
1,<environment.Job instance at 0x7fd1c59d8b40>,68,1,[1 9],69,192,193,123,192
1,<environment.Job instance at 0x7fd1c59d8320>,69,2,[4 9],70,193,195,123,192
1,<environment.Job instance at 0x7fd1c59d8fa0>,71,2,[4 7],72,222,224,150,222
1,<environment.Job instance at 0x7fd1c59d8dc0>,73,1,[9 5],74,223,224,149,223
1,<environment.Job instance at 0x7fd1c59ea0a0>,74,21,[8 1],75,224,245,149,223
1,<environment.Job instance at 0x7fd1c59ea230>,76,2,[7 3],77,224,226,147,223
1,<environment.Job instance at 0x7fd1c59ea320>,77,1,[1 7],78,226,227,148,223
1,<environment.Job instance at 0x7fd1c59ea370>,78,3,[1 5],79,226,229,147,223
1,<environment.Job instance at 0x7fd1c59ea460>,79,25,[ 3 10],80,229,254,149,225
1,<environment.Job instance at 0x7fd1c5a8a820>,0,26,[4 8],1,1,27,0,1
1,<environment.Job instance at 0x7fd1c5eed5f0>,20,2,[3 9],21,53,55,32,53
1,<environment.Job instance at 0x7fd1c5eed870>,21,2,[9 4],22,53,55,31,53
1,<environment.Job instance at 0x7fd18203aaa0>,23,1,[ 3 13],24,65,66,41,65
1,<environment.Job instance at 0x7fd1c5eed5a0>,24,1,[6 2],25,65,66,40,65
1,<environment.Job instance at 0x7fd1c5eed960>,25,22,[1 9],26,66,88,40,65
1,<environment.Job instance at 0x7fd1c5b4a8c0>,28,2,[3 9],29,88,90,59,69
1,<environment.Job instance at 0x7fd1cc58eaa0>,31,2,[1 5],32,86,88,54,86
1,<environment.Job instance at 0x7fd1cc58e0f0>,32,3,[9 5],33,88,91,55,87
1,<environment.Job instance at 0x7fd1cc608050>,34,2,[7 4],35,91,93,56,87
1,<environment.Job instance at 0x7fd1c5ec1dc0>,35,1,[ 5 13],36,93,94,57,88
1,<environment.Job instance at 0x7fd18229ac80>,40,19,[5 4],41,118,137,77,118
1,<environment.Job instance at 0x7fd1c5b576e0>,42,3,[5 9],43,128,131,85,128
1,<environment.Job instance at 0x7fd1cc937640>,44,24,[5 9],45,136,160,91,136
1,<environment.Job instance at 0x7fd1c5a6caa0>,46,1,[3 9],47,160,161,113,145
1,<environment.Job instance at 0x7fd1ccd7cfa0>,47,26,[8 5],48,145,171,97,145
1,<environment.Job instance at 0x7fd1c5e32050>,53,26,[7 5],54,170,196,116,170
1,<environment.Job instance at 0x7fd1c5e324b0>,55,2,[13  2],56,196,198,140,190
1,<environment.Job instance at 0x7fd1c5e32910>,56,20,[3 6],57,198,218,141,190
1,<environment.Job instance at 0x7fd1823a3550>,60,1,[9 3],61,203,204,142,203
1,<environment.Job instance at 0x7fd1c5eb4d20>,61,1,[4 6],62,204,205,142,203
1,<environment.Job instance at 0x7fd1ccabcb90>,63,3,[11  3],64,211,214,147,211
1,<environment.Job instance at 0x7fd1ccabc5f0>,64,1,[4 7],65,214,215,149,211
1,<environment.Job instance at 0x7fd1ccabc5a0>,66,1,[1 9],67,221,222,154,221
1,<environment.Job instance at 0x7fd1ccabc690>,67,2,[8 2],68,221,223,153,221
1,<environment.Job instance at 0x7fd1ccabc7d0>,68,3,[9 2],69,223,226,154,221
1,<environment.Job instance at 0x7fd1c5b8ab40>,70,2,[7 3],71,226,228,155,225
1,<environment.Job instance at 0x7fd1c5b8a050>,72,1,[7 3],73,236,237,163,236
1,<environment.Job instance at 0x7fd1c5b8afa0>,73,3,[9 3],74,237,240,163,236
1,<environment.Job instance at 0x7fd1c5b8a370>,74,3,[3 9],75,236,239,161,236
1,<environment.Job instance at 0x7fd1c5b8a320>,75,2,[4 9],76,239,241,163,236
1,<environment.Job instance at 0x7fd1c5b8acd0>,76,2,[2 8],77,241,243,164,236
1,<environment.Job instance at 0x7fd1c5b8a190>,79,1,[5 5],80,248,249,168,248
1,<environment.Job instance at 0x7fd1c5b8a2d0>,80,3,[4 8],81,248,251,167,248
1,<environment.Job instance at 0x7fd1c5b8a6e0>,83,2,[9 4],84,259,261,175,259
1,<environment.Job instance at 0x7fd1c5b8aaf0>,86,23,[10  4],87,276,299,189,276
1,<environment.Job instance at 0x7fd1821f0d70>,90,3,[10  4],91,301,304,210,301
1,<environment.Job instance at 0x7fd1821f0500>,93,1,[6 2],94,318,319,224,318
1,<environment.Job instance at 0x7fd1c5b9f140>,94,2,[8 4],95,318,320,223,318
1,<environment.Job instance at 0x7fd1cc45e460>,102,1,[2 7],103,362,363,259,362
1,<environment.Job instance at 0x7fd1823ccf00>,107,1,[4 8],108,389,390,281,389
1,<environment.Job instance at 0x7fd1823ccb40>,108,2,[10  1],109,389,391,280,389
1,<environment.Job instance at 0x7fd1823ccc80>,109,25,[8 3],110,391,416,281,389
1,<environment.Job instance at 0x7fd1823cc140>,112,24,[11  1],113,416,440,303,411
1,<environment.Job instance at 0x7fd1c5ce08c0>,123,2,[4 8],124,453,455,329,453
1,<environment.Job instance at 0x7fd1c5ce0140>,124,1,[ 3 10],125,455,456,330,453
1,<environment.Job instance at 0x7fd1c5ce0410>,126,3,[7 4],127,453,456,326,453
1,<environment.Job instance at 0x7fd1c5ce0af0>,127,1,[8 2],128,456,457,328,453
1,<environment.Job instance at 0x7fd1c5ce0d20>,128,2,[8 3],129,457,459,328,453
1,<environment.Job instance at 0x7fd1c5ce0550>,129,1,[ 3 10],130,456,457,326,453
1,<environment.Job instance at 0x7fd1c5ce0be0>,130,2,[8 2],131,459,461,328,453
1,<environment.Job instance at 0x7fd1c5ce0690>,131,18,[7 1],132,459,477,327,459
1,<environment.Job instance at 0x7fd1c5ce0460>,132,1,[4 6],133,461,462,328,459
1,<environment.Job instance at 0x7fd1c5ce0f50>,134,1,[5 8],135,470,471,335,470
1,<environment.Job instance at 0x7fd1c5ce0960>,135,3,[7 3],136,471,474,335,470
1,<environment.Job instance at 0x7fd1c5ce09b0>,136,2,[5 5],137,474,476,337,470
1,<environment.Job instance at 0x7fd1c5ce0910>,137,3,[ 1 10],138,471,474,333,470
1,<environment.Job instance at 0x7fd1cd070aa0>,143,2,[12  1],144,485,487,341,485
1,<environment.Job instance at 0x7fd1cc4a8050>,144,1,[ 5 14],145,487,488,342,485
1,<environment.Job instance at 0x7fd1cc4a8320>,146,21,[3 7],147,500,521,353,500
1,<environment.Job instance at 0x7fd1cc4a8690>,148,28,[8 3],149,500,528,351,500
1,<environment.Job instance at 0x7fd1ccde9190>,7,2,[13  1],8,10,12,2,10
1,<environment.Job instance at 0x7fd1c5f2e9b0>,10,2,[4 9],11,14,16,3,14
1,<environment.Job instance at 0x7fd1cc979640>,14,1,[11  3],15,25,26,10,25
1,<environment.Job instance at 0x7fd1cc772eb0>,19,3,[5 6],20,64,67,44,64
1,<environment.Job instance at 0x7fd1cc772370>,20,2,[2 9],21,64,66,43,64
1,<environment.Job instance at 0x7fd1cc7724b0>,22,27,[9 1],23,66,93,43,64
1,<environment.Job instance at 0x7fd1c5d47be0>,25,1,[9 3],26,93,94,67,67
1,<environment.Job instance at 0x7fd1c5a3ae10>,26,21,[12  2],27,94,115,67,86
1,<environment.Job instance at 0x7fd1822bc0a0>,29,20,[2 8],30,89,109,59,89
1,<environment.Job instance at 0x7fd1c606ae60>,36,2,[12  3],37,125,127,88,125
1,<environment.Job instance at 0x7fd181e68a00>,38,1,[ 4 10],39,127,128,88,125
1,<environment.Job instance at 0x7fd1c5a01050>,41,23,[5 9],42,144,167,102,144
1,<environment.Job instance at 0x7fd1ccac17d0>,42,2,[9 4],43,144,146,101,144
1,<environment.Job instance at 0x7fd1cc650780>,5,2,[4 6],6,7,9,1,7
1,<environment.Job instance at 0x7fd1cd19a460>,7,1,[9 3],8,8,9,0,8
1,<environment.Job instance at 0x7fd1c5a067d0>,9,1,[9 1],10,10,11,0,10
1,<environment.Job instance at 0x7fd181ffb7d0>,13,26,[7 3],14,14,40,0,14
1,<environment.Job instance at 0x7fd181ffb0a0>,17,27,[1 8],18,18,45,0,18
1,<environment.Job instance at 0x7fd182561dc0>,6,18,[8 5],7,44,62,37,44
1,<environment.Job instance at 0x7fd1c5ac7280>,27,3,[2 5],28,59,62,31,59
1,<environment.Job instance at 0x7fd1c5ac7cd0>,28,1,[7 2],29,62,63,33,59
1,<environment.Job instance at 0x7fd1c5ac7b90>,30,26,[2 8],31,62,88,31,60
1,<environment.Job instance at 0x7fd181fce230>,40,20,[7 1],41,96,116,55,96
1,<environment.Job instance at 0x7fd181fce0a0>,44,21,[6 1],45,122,143,77,122
1,<environment.Job instance at 0x7fd181fcee60>,46,2,[1 6],47,126,128,79,126
1,<environment.Job instance at 0x7fd181fce370>,48,2,[7 4],49,144,146,95,144
1,<environment.Job instance at 0x7fd181fce640>,49,1,[2 6],50,144,145,94,144
1,<environment.Job instance at 0x7fd1c5c9ea50>,54,1,[8 3],55,161,162,106,161
1,<environment.Job instance at 0x7fd18212d410>,56,3,[5 5],57,167,170,110,167
1,<environment.Job instance at 0x7fd18212d690>,58,1,[7 4],59,173,174,114,173
1,<environment.Job instance at 0x7fd18212d910>,59,2,[3 9],60,173,175,113,173
1,<environment.Job instance at 0x7fd18212daa0>,60,24,[ 4 14],61,175,199,114,173
1,<environment.Job instance at 0x7fd18212daf0>,61,1,[9 5],62,174,175,112,173
1,<environment.Job instance at 0x7fd18212dc80>,65,24,[7 4],66,201,225,135,201
1,<environment.Job instance at 0x7fd18212de60>,68,1,[5 9],69,212,213,143,212
1,<environment.Job instance at 0x7fd18214b190>,72,2,[7 4],73,223,225,150,223
1,<environment.Job instance at 0x7fd18214b370>,73,18,[8 3],74,225,243,151,225
1,<environment.Job instance at 0x7fd18214b410>,75,25,[6 2],76,225,250,149,225
1,<environment.Job instance at 0x7fd18214b4b0>,76,2,[ 1 13],77,243,245,166,242
1,<environment.Job instance at 0x7fd18214b5f0>,80,2,[5 2],81,245,247,164,245
1,<environment.Job instance at 0x7fd18214b690>,81,2,[1 7],82,245,247,163,245
1,<environment.Job instance at 0x7fd18214baf0>,83,2,[2 6],84,247,249,163,246
1,<environment.Job instance at 0x7fd18214b960>,84,1,[8 1],85,249,250,164,246
1,<environment.Job instance at 0x7fd18214bb90>,86,26,[10  2],87,250,276,163,249
1,<environment.Job instance at 0x7fd18214bf00>,92,21,[9 5],93,276,297,183,275
1,<environment.Job instance at 0x7fd18214bfa0>,93,2,[4 9],94,275,277,181,275
1,<environment.Job instance at 0x7fd1821610f0>,94,1,[12  5],95,297,298,202,275
1,<environment.Job instance at 0x7fd1821611e0>,95,1,[ 2 14],96,298,299,202,275
1,<environment.Job instance at 0x7fd182161500>,97,2,[14  3],98,299,301,201,295
1,<environment.Job instance at 0x7fd1821617d0>,103,2,[5 7],104,304,306,200,304
1,<environment.Job instance at 0x7fd182161c30>,108,28,[ 2 11],109,337,365,228,337
1,<environment.Job instance at 0x7fd182161d70>,109,1,[10  5],110,365,366,255,338
1,<environment.Job instance at 0x7fd182161fa0>,113,2,[5 2],114,361,363,247,361
1,<environment.Job instance at 0x7fd1c5d4da00>,7,24,[8 1],8,8,32,0,8
1,<environment.Job instance at 0x7fd1cc4f1190>,11,28,[5 9],12,12,40,0,12
1,<environment.Job instance at 0x7fd1cc4f1aa0>,13,28,[6 1],14,32,60,18,31
1,<environment.Job instance at 0x7fd1cc4f1820>,18,23,[ 3 10],19,40,63,21,34
1,<environment.Job instance at 0x7fd1c5ce80a0>,24,1,[6 3],25,51,52,26,51
1,<environment.Job instance at 0x7fd1c5ff6cd0>,27,19,[6 3],28,60,79,32,60
1,<environment.Job instance at 0x7fd18231b5f0>,33,1,[13  4],34,79,80,45,70
1,<environment.Job instance at 0x7fd18231baf0>,36,22,[3 7],37,80,102,43,78
1,<environment.Job instance at 0x7fd18231b230>,37,21,[5 3],38,80,101,42,78
1,<environment.Job instance at 0x7fd1cc4f1eb0>,16,18,[9 2],17,101,119,84,101
1,<environment.Job instance at 0x7fd1824c48c0>,45,3,[ 2 10],46,102,105,56,101
1,<environment.Job instance at 0x7fd1824c4280>,46,28,[7 3],47,119,147,72,118
1,<environment.Job instance at 0x7fd1824c4e60>,47,1,[1 8],48,118,119,70,118
1,<environment.Job instance at 0x7fd1824c4c30>,49,21,[10  5],50,147,168,97,139
1,<environment.Job instance at 0x7fd1824c44b0>,52,3,[1 8],53,139,142,86,139
1,<environment.Job instance at 0x7fd1824c45f0>,56,3,[ 4 10],57,146,149,89,146
1,<environment.Job instance at 0x7fd1cc750af0>,59,1,[5 9],60,149,150,89,149
1,<environment.Job instance at 0x7fd1cc750820>,62,20,[1 9],63,153,173,90,153
1,<environment.Job instance at 0x7fd1cc750960>,64,1,[10  5],65,168,169,103,166
1,<environment.Job instance at 0x7fd1c5f0e6e0>,67,26,[ 2 12],68,173,199,105,173
1,<environment.Job instance at 0x7fd181e6ceb0>,69,1,[ 3 12],70,199,200,129,185
1,<environment.Job instance at 0x7fd181e6cfa0>,73,1,[9 2],74,196,197,122,196
1,<environment.Job instance at 0x7fd181e6c3c0>,72,3,[11  1],73,197,200,124,197
1,<environment.Job instance at 0x7fd181e6ce10>,75,26,[5 5],76,200,226,124,197
1,<environment.Job instance at 0x7fd181e6c2d0>,78,22,[10  5],79,204,226,125,204
1,<environment.Job instance at 0x7fd1820c0550>,81,1,[10  4],82,226,227,144,221
1,<environment.Job instance at 0x7fd1820c0820>,82,2,[6 2],83,227,229,144,221
1,<environment.Job instance at 0x7fd1820c09b0>,84,25,[9 4],85,227,252,142,223
1,<environment.Job instance at 0x7fd1820c0c80>,86,2,[5 5],87,229,231,142,223
1,<environment.Job instance at 0x7fd1820c00f0>,89,1,[5 7],90,232,233,142,232
1,<environment.Job instance at 0x7fd1820c03c0>,90,25,[9 5],91,252,277,161,248
1,<environment.Job instance at 0x7fd1820c0960>,91,3,[11  1],92,277,280,185,253
1,<environment.Job instance at 0x7fd1cca788c0>,92,3,[12  5],93,280,283,187,266
1,<environment.Job instance at 0x7fd1cca780f0>,95,22,[6 4],96,283,305,187,276
1,<environment.Job instance at 0x7fd1c599b2d0>,100,26,[10  1],101,305,331,204,302
1,<environment.Job instance at 0x7fd1c599bf00>,102,22,[2 7],103,302,324,199,302
1,<environment.Job instance at 0x7fd1c599b640>,108,2,[5 1],109,324,326,215,322
1,<environment.Job instance at 0x7fd1c599b690>,106,18,[8 3],107,337,355,230,337
1,<environment.Job instance at 0x7fd1c59fcd20>,113,1,[9 4],114,355,356,241,337
1,<environment.Job instance at 0x7fd1c59fcfa0>,115,27,[5 8],116,347,374,231,347
1,<environment.Job instance at 0x7fd1c59fc0a0>,117,25,[6 4],118,356,381,238,353
1,<environment.Job instance at 0x7fd1c59fcdc0>,119,25,[10  1],120,381,406,261,377
1,<environment.Job instance at 0x7fd18202cc30>,122,1,[4 6],123,377,378,254,377
1,<environment.Job instance at 0x7fd18202cfa0>,124,1,[1 6],125,395,396,270,395
1,<environment.Job instance at 0x7fd18202c4b0>,126,3,[7 5],127,406,409,279,405
1,<environment.Job instance at 0x7fd18202c230>,127,1,[5 9],128,405,406,277,405
1,<environment.Job instance at 0x7fd18202c640>,129,1,[ 3 10],130,414,415,284,414
1,<environment.Job instance at 0x7fd18202caa0>,131,21,[4 7],132,421,442,289,421
1,<environment.Job instance at 0x7fd1c5c56aa0>,136,2,[7 1],137,452,454,315,452
1,<environment.Job instance at 0x7fd1c5c560a0>,138,2,[ 5 10],139,460,462,321,460
1,<environment.Job instance at 0x7fd1cc53ef50>,139,3,[ 2 10],140,462,465,322,461
1,<environment.Job instance at 0x7fd1823fde60>,141,26,[5 4],142,462,488,320,462
1,<environment.Job instance at 0x7fd1823fdb40>,143,1,[6 5],144,465,466,321,462
1,<environment.Job instance at 0x7fd1c60c97d0>,148,26,[ 3 10],149,474,500,325,474
1,<environment.Job instance at 0x7fd1cca78960>,0,22,[ 3 10],1,1,23,0,1
1,<environment.Job instance at 0x7fd1cc612dc0>,18,1,[1 5],19,19,20,0,19
1,<environment.Job instance at 0x7fd1cc612370>,17,3,[ 5 11],18,23,26,5,22
1,<environment.Job instance at 0x7fd1820d9b90>,22,2,[8 4],23,23,25,0,23
1,<environment.Job instance at 0x7fd1820d9e10>,27,3,[5 5],28,53,56,25,53
1,<environment.Job instance at 0x7fd1820d9f50>,30,2,[6 2],31,66,68,35,66
1,<environment.Job instance at 0x7fd1820d90f0>,31,2,[10  5],32,68,70,36,66
1,<environment.Job instance at 0x7fd1820d9410>,39,20,[5 5],40,113,133,73,113
1,<environment.Job instance at 0x7fd1c5b6a8c0>,40,1,[1 5],41,113,114,72,113
1,<environment.Job instance at 0x7fd1c5b6aa50>,43,2,[3 8],44,125,127,81,125
1,<environment.Job instance at 0x7fd1c5b6a5f0>,44,3,[9 1],45,127,130,82,125
1,<environment.Job instance at 0x7fd1c5b6a140>,47,2,[13  4],48,133,135,85,132
1,<environment.Job instance at 0x7fd1c5b6a3c0>,48,1,[3 9],49,132,133,83,132
1,<environment.Job instance at 0x7fd1c5b6af00>,49,1,[5 1],50,132,133,82,132
1,<environment.Job instance at 0x7fd1c5b6a0f0>,50,3,[1 7],51,133,136,82,132
1,<environment.Job instance at 0x7fd1c5b6a690>,52,2,[10  3],53,142,144,89,142
1,<environment.Job instance at 0x7fd1cc6cfbe0>,54,3,[3 5],55,146,149,91,146
1,<environment.Job instance at 0x7fd1cc6cf5f0>,57,28,[8 2],58,159,187,101,159
1,<environment.Job instance at 0x7fd1cd19ad70>,5,28,[5 5],6,6,34,0,6
1,<environment.Job instance at 0x7fd1ccbbf230>,11,21,[4 8],12,12,33,0,12
1,<environment.Job instance at 0x7fd1c5ffef50>,18,1,[ 1 11],19,34,35,15,29
1,<environment.Job instance at 0x7fd1cc55a230>,20,21,[6 2],21,29,50,8,29
1,<environment.Job instance at 0x7fd1ccb5ea50>,26,1,[10  1],27,50,51,23,30
1,<environment.Job instance at 0x7fd181c3c8c0>,28,22,[4 8],29,35,57,6,30
1,<environment.Job instance at 0x7fd181e08f00>,30,28,[4 7],31,51,79,20,50
1,<environment.Job instance at 0x7fd1c5dd39b0>,36,2,[5 9],37,79,81,42,61
1,<environment.Job instance at 0x7fd1c5dd3960>,37,3,[6 2],38,61,64,23,61
1,<environment.Job instance at 0x7fd1c5bc7730>,40,1,[10  2],41,64,65,23,64
1,<environment.Job instance at 0x7fd181d3ad20>,7,3,[6 4],8,8,11,0,8
1,<environment.Job instance at 0x7fd18219d460>,14,27,[1 7],15,23,50,8,23
1,<environment.Job instance at 0x7fd1cc7e7d70>,15,1,[10  2],16,23,24,7,23
1,<environment.Job instance at 0x7fd1cc974370>,19,1,[5 4],20,28,29,8,28
1,<environment.Job instance at 0x7fd182144b40>,25,2,[6 1],26,58,60,32,58
1,<environment.Job instance at 0x7fd1ccc2b370>,27,3,[2 5],28,61,64,33,61
1,<environment.Job instance at 0x7fd1c5ff7d70>,28,1,[4 7],29,61,62,32,61
1,<environment.Job instance at 0x7fd1c5ff7690>,32,1,[ 4 10],33,81,82,48,81
1,<environment.Job instance at 0x7fd1ccf56690>,36,19,[5 4],37,91,110,54,91
1,<environment.Job instance at 0x7fd18254c370>,40,3,[10  1],41,106,109,65,106
1,<environment.Job instance at 0x7fd1c5ba9aa0>,41,3,[5 4],42,109,112,67,106
1,<environment.Job instance at 0x7fd1c5ba9550>,47,3,[9 2],48,145,148,97,145
1,<environment.Job instance at 0x7fd1822760f0>,2,18,[ 1 10],3,150,168,147,150
1,<environment.Job instance at 0x7fd1c5c3beb0>,59,23,[9 3],60,197,220,137,197
1,<environment.Job instance at 0x7fd181e65e10>,63,3,[1 5],64,214,217,150,214
1,<environment.Job instance at 0x7fd181e65550>,66,3,[3 9],67,224,227,157,224
1,<environment.Job instance at 0x7fd1cc634190>,6,1,[4 6],7,7,8,0,7
1,<environment.Job instance at 0x7fd1c5dae0a0>,12,20,[3 6],13,13,33,0,13
1,<environment.Job instance at 0x7fd1c5daec80>,16,21,[10  4],17,17,38,0,17
1,<environment.Job instance at 0x7fd1822a7a50>,22,3,[10  1],23,40,43,17,40
1,<environment.Job instance at 0x7fd1c5cf9640>,24,2,[9 5],25,50,52,25,50
1,<environment.Job instance at 0x7fd1c5cf90a0>,25,2,[3 9],26,50,52,24,50
1,<environment.Job instance at 0x7fd1c5cf9190>,26,1,[6 4],27,52,53,25,50
1,<environment.Job instance at 0x7fd1c5cf9050>,27,24,[9 5],28,52,76,24,50
1,<environment.Job instance at 0x7fd1c5cf91e0>,35,1,[8 3],36,76,77,40,75
1,<environment.Job instance at 0x7fd1c5cf96e0>,36,1,[12  5],37,77,78,40,75
1,<environment.Job instance at 0x7fd1c5cf9f00>,38,2,[8 4],39,78,80,39,76
1,<environment.Job instance at 0x7fd1c5cf9c30>,40,2,[6 2],41,82,84,41,82
1,<environment.Job instance at 0x7fd1c5ecaf00>,43,1,[5 5],44,97,98,53,97
1,<environment.Job instance at 0x7fd1c5eca5a0>,44,1,[6 2],45,97,98,52,97
1,<environment.Job instance at 0x7fd1c5ecad20>,45,2,[10  4],46,98,100,52,97
1,<environment.Job instance at 0x7fd1c5ecaa50>,46,1,[5 5],47,98,99,51,97
1,<environment.Job instance at 0x7fd1c5eca0f0>,49,2,[10  4],50,104,106,54,104
1,<environment.Job instance at 0x7fd181c06b90>,51,20,[5 5],52,114,134,62,114
1,<environment.Job instance at 0x7fd181c06280>,53,22,[2 8],54,115,137,61,115
1,<environment.Job instance at 0x7fd181c06b40>,59,1,[5 4],60,134,135,74,128
1,<environment.Job instance at 0x7fd181c06410>,62,20,[ 1 10],63,137,157,74,131
1,<environment.Job instance at 0x7fd1c5ec8550>,67,1,[ 3 10],68,173,174,105,173
1,<environment.Job instance at 0x7fd182058be0>,2,26,[8 2],3,3,29,0,3
1,<environment.Job instance at 0x7fd181d2bbe0>,6,27,[5 8],7,7,34,0,7
1,<environment.Job instance at 0x7fd181c56d70>,23,26,[7 3],24,29,55,5,26
1,<environment.Job instance at 0x7fd1c59fe8c0>,20,3,[ 3 12],21,35,38,14,35
1,<environment.Job instance at 0x7fd1824e7640>,28,2,[6 1],29,42,44,13,42
1,<environment.Job instance at 0x7fd1824e7eb0>,30,2,[5 9],31,44,46,13,42
1,<environment.Job instance at 0x7fd1824e74b0>,31,3,[6 5],32,46,49,14,42
1,<environment.Job instance at 0x7fd1824e7af0>,34,3,[5 5],35,55,58,20,55
1,<environment.Job instance at 0x7fd1cc44ae10>,35,12,[5 5],36,55,67,19,55
1,<environment.Job instance at 0x7fd1cc44ae60>,37,24,[9 3],38,63,87,25,63
1,<environment.Job instance at 0x7fd1822ce820>,41,3,[2 5],42,84,87,42,84
1,<environment.Job instance at 0x7fd1c5fda370>,44,1,[12  4],45,98,99,53,98
1,<environment.Job instance at 0x7fd1c5fdacd0>,46,25,[10  1],47,100,125,53,100
1,<environment.Job instance at 0x7fd1c5a28690>,50,24,[ 4 13],51,103,127,52,103
1,<environment.Job instance at 0x7fd181de06e0>,53,27,[4 5],54,127,154,73,125
1,<environment.Job instance at 0x7fd181de0780>,55,20,[5 6],56,130,150,74,130
1,<environment.Job instance at 0x7fd182551460>,66,19,[5 9],67,189,208,122,189
1,<environment.Job instance at 0x7fd1c5d328c0>,71,1,[4 5],72,205,206,133,205
1,<environment.Job instance at 0x7fd182530960>,75,2,[5 9],76,219,221,143,219
1,<environment.Job instance at 0x7fd1820f9dc0>,80,2,[5 5],81,253,255,172,253
1,<environment.Job instance at 0x7fd182529410>,83,20,[2 6],84,271,291,187,271
1,<environment.Job instance at 0x7fd182529140>,85,1,[3 6],86,271,272,185,271
1,<environment.Job instance at 0x7fd1cc662b90>,87,1,[ 3 11],88,291,292,203,285
1,<environment.Job instance at 0x7fd182545d20>,91,28,[7 5],92,301,329,209,301
1,<environment.Job instance at 0x7fd1820ee3c0>,96,2,[8 2],97,323,325,226,323
1,<environment.Job instance at 0x7fd1c5d634b0>,98,1,[5 6],99,328,329,229,328
1,<environment.Job instance at 0x7fd182106870>,100,2,[6 1],101,341,343,240,341
1,<environment.Job instance at 0x7fd1cc685a50>,101,1,[4 7],102,341,342,239,341
1,<environment.Job instance at 0x7fd182120eb0>,105,3,[2 9],106,355,358,249,355
1,<environment.Job instance at 0x7fd182120fa0>,108,1,[10  2],109,370,371,261,370
1,<environment.Job instance at 0x7fd182120500>,110,2,[3 9],111,377,379,266,377
1,<environment.Job instance at 0x7fd182120410>,112,3,[8 5],113,384,387,271,384
1,<environment.Job instance at 0x7fd182120230>,114,1,[4 9],115,392,393,277,392
1,<environment.Job instance at 0x7fd182120af0>,115,1,[4 9],116,393,394,277,392
1,<environment.Job instance at 0x7fd1c5c9d370>,116,3,[9 3],117,392,395,275,392
1,<environment.Job instance at 0x7fd1c5c9d0a0>,117,1,[ 2 11],118,394,395,276,392
1,<environment.Job instance at 0x7fd1c5c9de10>,121,2,[7 2],122,410,412,288,410
1,<environment.Job instance at 0x7fd1c5c9d730>,124,2,[1 5],125,423,425,298,423
1,<environment.Job instance at 0x7fd1c5c9da50>,125,3,[ 4 12],126,425,428,299,423
1,<environment.Job instance at 0x7fd1c5c9d230>,128,2,[14  5],129,455,457,326,455
1,<environment.Job instance at 0x7fd1c5c9d820>,129,2,[9 5],130,457,459,327,455
1,<environment.Job instance at 0x7fd181bf7690>,135,19,[5 1],136,490,509,354,490
1,<environment.Job instance at 0x7fd181bf7dc0>,136,24,[5 3],137,490,514,353,490
1,<environment.Job instance at 0x7fd1c5ccda50>,143,2,[8 3],144,510,512,366,510
1,<environment.Job instance at 0x7fd1c5ccd5f0>,144,28,[10  4],145,512,540,367,511
1,<environment.Job instance at 0x7fd1cc929a50>,0,2,[2 7],1,2,4,1,2
1,<environment.Job instance at 0x7fd1822a7eb0>,7,2,[ 5 12],8,8,10,0,8
1,<environment.Job instance at 0x7fd1822a7b90>,12,25,[2 8],13,13,38,0,13
1,<environment.Job instance at 0x7fd1822a72d0>,16,26,[ 1 12],17,38,64,21,35
1,<environment.Job instance at 0x7fd18225caf0>,19,2,[10  2],20,35,37,15,35
1,<environment.Job instance at 0x7fd18225c230>,23,2,[11  4],24,64,66,40,47
1,<environment.Job instance at 0x7fd1ccba8e60>,24,2,[8 1],25,47,49,22,47
1,<environment.Job instance at 0x7fd1ccba8820>,27,2,[11  1],28,51,53,23,51
1,<environment.Job instance at 0x7fd1c5aca550>,30,3,[3 5],31,64,67,33,52
1,<environment.Job instance at 0x7fd1c5aca960>,32,1,[1 6],33,64,65,31,52
1,<environment.Job instance at 0x7fd1c5acaf00>,33,1,[8 5],34,66,67,32,52
1,<environment.Job instance at 0x7fd182136460>,35,21,[ 2 10],36,67,88,31,64
1,<environment.Job instance at 0x7fd182032b90>,39,2,[ 3 11],40,88,90,48,79
1,<environment.Job instance at 0x7fd182032370>,41,2,[4 6],42,90,92,48,80
1,<environment.Job instance at 0x7fd18254c640>,44,1,[10  1],45,94,95,49,94
1,<environment.Job instance at 0x7fd18250ff00>,45,1,[4 9],46,94,95,48,94
1,<environment.Job instance at 0x7fd18250f140>,46,3,[1 9],47,95,98,48,94
1,<environment.Job instance at 0x7fd18250f3c0>,47,3,[5 9],48,98,101,50,94
1,<environment.Job instance at 0x7fd182455500>,48,3,[7 1],49,95,98,46,94
1,<environment.Job instance at 0x7fd181c3efa0>,50,24,[2 5],51,95,119,44,94
1,<environment.Job instance at 0x7fd1822a7460>,14,19,[3 6],15,101,120,86,94
1,<environment.Job instance at 0x7fd1cc5bc190>,55,20,[5 4],56,101,121,45,95
1,<environment.Job instance at 0x7fd1cc5bc3c0>,56,24,[ 1 10],57,120,144,63,115
1,<environment.Job instance at 0x7fd1cc5bc140>,63,25,[4 6],64,144,169,80,140
1,<environment.Job instance at 0x7fd1cc5bcaf0>,57,3,[13  1],58,169,172,111,144
1,<environment.Job instance at 0x7fd1c5c15500>,67,22,[10  3],68,144,166,76,144
1,<environment.Job instance at 0x7fd1c5c159b0>,68,21,[1 6],69,144,165,75,144
1,<environment.Job instance at 0x7fd181e928c0>,77,1,[10  1],78,184,185,106,184
1,<environment.Job instance at 0x7fd181e92f50>,78,1,[ 4 10],79,184,185,105,184
1,<environment.Job instance at 0x7fd1ccbf55f0>,82,3,[1 6],83,209,212,126,209
1,<environment.Job instance at 0x7fd1ccbf5eb0>,83,3,[ 5 10],84,212,215,128,209
1,<environment.Job instance at 0x7fd1cca59410>,87,2,[5 1],88,221,223,133,221
1,<environment.Job instance at 0x7fd1cca598c0>,88,1,[9 2],89,221,222,132,221
1,<environment.Job instance at 0x7fd181fa6280>,89,3,[14  2],90,223,226,133,221
1,<environment.Job instance at 0x7fd181fa6550>,90,1,[9 3],91,222,223,131,221
1,<environment.Job instance at 0x7fd181fa6be0>,91,17,[9 1],92,227,244,135,227
1,<environment.Job instance at 0x7fd1cc977f00>,94,3,[3 7],95,234,237,139,234
1,<environment.Job instance at 0x7fd181d25a00>,96,18,[5 9],97,237,255,140,235
1,<environment.Job instance at 0x7fd181fa6b40>,97,19,[ 4 10],98,255,274,157,245
1,<environment.Job instance at 0x7fd181fe44b0>,103,1,[ 4 10],104,274,275,170,260
1,<environment.Job instance at 0x7fd18210ec30>,104,2,[8 5],105,260,262,155,260
1,<environment.Job instance at 0x7fd1824cf960>,106,23,[ 4 10],107,275,298,168,269
1,<environment.Job instance at 0x7fd1cc979f50>,108,2,[ 2 10],109,298,300,189,271
1,<environment.Job instance at 0x7fd1cc979460>,109,2,[13  2],110,298,300,188,271
1,<environment.Job instance at 0x7fd1cc979eb0>,111,1,[7 1],112,271,272,159,271
1,<environment.Job instance at 0x7fd1cc9790a0>,112,3,[4 9],113,300,303,187,274
1,<environment.Job instance at 0x7fd1cc979dc0>,115,1,[1 6],116,300,301,184,285
1,<environment.Job instance at 0x7fd1cc979e10>,116,2,[3 8],117,303,305,186,285
1,<environment.Job instance at 0x7fd1cc979fa0>,118,1,[3 7],119,303,304,184,286
1,<environment.Job instance at 0x7fd1cc979a50>,123,24,[ 5 11],124,317,341,193,317
1,<environment.Job instance at 0x7fd1cc979af0>,125,1,[7 3],126,332,333,206,332
1,<environment.Job instance at 0x7fd1cc9795a0>,126,1,[3 9],127,341,342,214,332
1,<environment.Job instance at 0x7fd1cc894050>,129,2,[ 5 10],130,346,348,216,346
1,<environment.Job instance at 0x7fd1cc894e10>,130,1,[2 8],131,348,349,217,346
1,<environment.Job instance at 0x7fd1cc894190>,132,2,[10  4],133,349,351,216,349
1,<environment.Job instance at 0x7fd1cc894140>,133,1,[10  5],134,351,352,217,349
1,<environment.Job instance at 0x7fd1cc894e60>,135,3,[4 5],136,362,365,226,362
1,<environment.Job instance at 0x7fd1cc8949b0>,138,1,[ 3 10],139,374,375,235,374
1,<environment.Job instance at 0x7fd1cc894730>,139,21,[7 5],140,374,395,234,374
1,<environment.Job instance at 0x7fd1cc894af0>,142,3,[6 3],143,394,397,251,394
1,<environment.Job instance at 0x7fd1cc894500>,145,21,[6 2],146,398,419,252,398
1,<environment.Job instance at 0x7fd1cc8a6b90>,147,3,[ 5 11],148,416,419,268,416
1,<environment.Job instance at 0x7fd1cc8a64b0>,148,1,[11  4],149,419,420,270,417
1,<environment.Job instance at 0x7fd1820e6f50>,8,1,[5 4],9,9,10,0,9
1,<environment.Job instance at 0x7fd1820e68c0>,11,1,[8 1],12,12,13,0,12
1,<environment.Job instance at 0x7fd1820e6280>,10,2,[8 4],11,14,16,3,14
1,<environment.Job instance at 0x7fd1820e6e10>,15,2,[3 7],16,16,18,0,16
1,<environment.Job instance at 0x7fd1820e6730>,22,1,[2 7],23,40,41,17,40
1,<environment.Job instance at 0x7fd181c16320>,26,22,[8 4],27,59,81,32,59
1,<environment.Job instance at 0x7fd1cc921a50>,27,20,[5 5],28,59,79,31,59
1,<environment.Job instance at 0x7fd1cc921a00>,28,20,[6 2],29,79,99,50,70
1,<environment.Job instance at 0x7fd1cc921280>,33,1,[7 3],34,81,82,47,77
1,<environment.Job instance at 0x7fd1cc921780>,34,2,[9 2],35,82,84,47,79
1,<environment.Job instance at 0x7fd1cc921af0>,35,1,[ 5 14],36,99,100,63,80
1,<environment.Job instance at 0x7fd1cc9216e0>,40,3,[ 1 10],41,93,96,52,93
1,<environment.Job instance at 0x7fd1cc921050>,45,1,[2 7],46,111,112,65,111
1,<environment.Job instance at 0x7fd1cc921820>,46,2,[8 2],47,112,114,65,112
1,<environment.Job instance at 0x7fd1cc921c80>,47,23,[2 9],48,112,135,64,112
1,<environment.Job instance at 0x7fd1cc921140>,48,2,[ 1 11],49,135,137,86,125
1,<environment.Job instance at 0x7fd181c0bd20>,55,2,[6 3],56,140,142,84,140
1,<environment.Job instance at 0x7fd181c0b910>,58,2,[1 8],59,150,152,91,150
1,<environment.Job instance at 0x7fd181c0be10>,60,3,[7 5],61,155,158,94,155
1,<environment.Job instance at 0x7fd181c0b370>,61,1,[5 6],62,155,156,93,155
1,<environment.Job instance at 0x7fd181c0ba00>,63,16,[6 1],64,160,176,96,160
1,<environment.Job instance at 0x7fd181c0b1e0>,64,13,[5 5],65,160,173,95,160
1,<environment.Job instance at 0x7fd181c0bc30>,65,3,[3 7],66,160,163,94,160
1,<environment.Job instance at 0x7fd181c0b500>,66,1,[6 3],67,173,174,106,160
1,<environment.Job instance at 0x7fd181c0b230>,67,3,[8 2],68,174,177,106,160
1,<environment.Job instance at 0x7fd1c59fc500>,68,3,[9 1],69,177,180,108,160
1,<environment.Job instance at 0x7fd1c59fcaa0>,71,23,[10  2],72,180,203,108,174
1,<environment.Job instance at 0x7fd1c59fc5f0>,77,2,[7 4],78,208,210,130,208
1,<environment.Job instance at 0x7fd1c59fcfa0>,78,18,[1 6],79,208,226,129,208
1,<environment.Job instance at 0x7fd181c300a0>,85,1,[5 1],86,244,245,158,244
1,<environment.Job instance at 0x7fd181c30af0>,89,17,[3 7],90,270,287,180,270
1,<environment.Job instance at 0x7fd181c30b40>,90,1,[9 4],91,270,271,179,270
1,<environment.Job instance at 0x7fd181c30780>,91,26,[14  5],92,287,313,195,284
1,<environment.Job instance at 0x7fd1cc5b9c80>,101,2,[1 6],102,300,302,198,300
1,<environment.Job instance at 0x7fd1cc5b98c0>,102,1,[7 3],103,313,314,210,300
1,<environment.Job instance at 0x7fd1cc5b9b90>,103,1,[2 6],104,313,314,209,300
1,<environment.Job instance at 0x7fd1cc5b90f0>,106,3,[10  3],107,314,317,207,305
1,<environment.Job instance at 0x7fd1cc5b9d70>,107,3,[9 5],108,317,320,209,305
1,<environment.Job instance at 0x7fd1cc5b9af0>,111,21,[9 2],112,321,342,209,321
1,<environment.Job instance at 0x7fd1cc5b9be0>,112,2,[10  1],113,342,344,229,321
1,<environment.Job instance at 0x7fd1cc5b9910>,114,3,[13  3],115,344,347,229,334
1,<environment.Job instance at 0x7fd1cc5b9fa0>,115,3,[8 1],116,347,350,231,334
1,<environment.Job instance at 0x7fd1cc5b9730>,117,22,[8 1],118,350,372,232,343
1,<environment.Job instance at 0x7fd1c6065c30>,123,3,[9 5],124,372,375,248,362
1,<environment.Job instance at 0x7fd1c6065140>,124,1,[5 5],125,362,363,237,362
1,<environment.Job instance at 0x7fd1c60650a0>,127,3,[3 5],128,378,381,250,378
1,<environment.Job instance at 0x7fd1c6065910>,128,1,[4 9],129,378,379,249,378
1,<environment.Job instance at 0x7fd1c6065be0>,129,1,[8 5],130,379,380,249,378
1,<environment.Job instance at 0x7fd1c6065960>,131,25,[12  4],132,381,406,249,381
1,<environment.Job instance at 0x7fd1c60655f0>,133,21,[1 5],134,395,416,261,395
1,<environment.Job instance at 0x7fd1cca78d70>,139,1,[4 8],140,410,411,270,410
1,<environment.Job instance at 0x7fd1cc421640>,143,2,[1 9],144,431,433,287,431
1,<environment.Job instance at 0x7fd1cca47b90>,7,2,[5 5],8,8,10,0,8
1,<environment.Job instance at 0x7fd1cca475f0>,12,3,[12  2],13,35,38,22,35
1,<environment.Job instance at 0x7fd181f2f370>,17,18,[9 5],18,49,67,31,49
1,<environment.Job instance at 0x7fd181f2f960>,25,2,[ 4 10],26,49,51,23,49
1,<environment.Job instance at 0x7fd181f2fe60>,26,23,[ 4 10],27,51,74,24,49
1,<environment.Job instance at 0x7fd181f2f5a0>,30,3,[6 3],31,67,70,36,67
1,<environment.Job instance at 0x7fd181f2f5f0>,31,28,[9 4],32,70,98,38,69
1,<environment.Job instance at 0x7fd181f2fcd0>,32,25,[12  5],33,98,123,65,94
1,<environment.Job instance at 0x7fd181f3fb90>,44,25,[1 6],45,108,133,63,108
1,<environment.Job instance at 0x7fd181f3fd20>,47,1,[8 1],48,123,124,75,120
1,<environment.Job instance at 0x7fd181f3f1e0>,49,2,[10  4],50,124,126,74,124
1,<environment.Job instance at 0x7fd181f3f0a0>,52,1,[2 8],53,126,127,73,125
1,<environment.Job instance at 0x7fd181f3fe60>,53,1,[ 3 10],54,133,134,79,125
1,<environment.Job instance at 0x7fd181f45690>,54,12,[1 8],55,134,146,79,126
1,<environment.Job instance at 0x7fd181f457d0>,60,1,[10  2],61,150,151,89,150
1,<environment.Job instance at 0x7fd181f45d70>,62,24,[3 5],63,152,176,89,152
1,<environment.Job instance at 0x7fd181f45fa0>,63,3,[6 5],64,152,155,88,152
1,<environment.Job instance at 0x7fd181f45730>,65,27,[1 5],66,163,190,97,163
1,<environment.Job instance at 0x7fd181f45e60>,68,1,[6 1],69,169,170,100,169
1,<environment.Job instance at 0x7fd181f459b0>,70,2,[1 8],71,176,178,105,175
1,<environment.Job instance at 0x7fd181f45280>,71,1,[1 5],72,175,176,103,175
1,<environment.Job instance at 0x7fd181f45500>,72,3,[ 4 10],73,178,181,105,175
1,<environment.Job instance at 0x7fd181f26aa0>,76,3,[4 5],77,198,201,121,198
1,<environment.Job instance at 0x7fd181f26730>,77,3,[3 6],78,198,201,120,198
1,<environment.Job instance at 0x7fd181f26e10>,78,2,[ 4 10],79,201,203,122,198
1,<environment.Job instance at 0x7fd181f26af0>,80,2,[1 6],81,203,205,122,198
1,<environment.Job instance at 0x7fd181f26f00>,81,19,[5 8],82,203,222,121,198
1,<environment.Job instance at 0x7fd181f26f50>,83,1,[5 9],84,222,223,138,209
1,<environment.Job instance at 0x7fd181f26780>,85,2,[5 5],86,215,217,129,215
1,<environment.Job instance at 0x7fd181f266e0>,93,21,[4 8],94,260,281,166,260
1,<environment.Job instance at 0x7fd181f30820>,97,1,[4 9],98,281,282,183,278
1,<environment.Job instance at 0x7fd181f30280>,99,3,[4 5],100,281,284,181,281
1,<environment.Job instance at 0x7fd181f30eb0>,101,2,[2 6],102,282,284,180,281
1,<environment.Job instance at 0x7fd181f30690>,103,2,[5 8],104,285,287,181,285
1,<environment.Job instance at 0x7fd181f30f00>,106,2,[11  2],107,298,300,191,298
1,<environment.Job instance at 0x7fd181f511e0>,112,3,[4 8],113,329,332,216,329
1,<environment.Job instance at 0x7fd181f51d70>,115,1,[6 1],116,333,334,217,333
1,<environment.Job instance at 0x7f8666bc3870>,3,22,[2 5],4,4,26,0,4
1,<environment.Job instance at 0x7f8661770870>,10,22,[8 1],11,11,33,0,11
1,<environment.Job instance at 0x7f8661770af0>,12,23,[6 4],13,26,49,13,20
1,<environment.Job instance at 0x7f8661770b40>,14,21,[8 1],15,33,54,18,25
1,<environment.Job instance at 0x7f8661770e60>,18,26,[7 4],19,49,75,30,46
1,<environment.Job instance at 0x7f8661770fa0>,19,25,[5 9],20,54,79,34,50
1,<environment.Job instance at 0x7f86617739b0>,29,2,[4 7],30,79,81,49,73
1,<environment.Job instance at 0x7f8661773a50>,30,26,[9 4],31,75,101,44,73
1,<environment.Job instance at 0x7f8661773af0>,31,1,[ 2 14],32,101,102,69,75
1,<environment.Job instance at 0x7f8661773b90>,32,21,[5 9],33,102,123,69,94
1,<environment.Job instance at 0x7f8661773c30>,33,26,[3 6],34,102,128,68,99
1,<environment.Job instance at 0x7f86617737d0>,40,26,[ 1 10],41,128,154,87,125
1,<environment.Job instance at 0x7f86617759b0>,56,3,[8 4],57,153,156,96,153
1,<environment.Job instance at 0x7f8661777230>,59,19,[1 7],60,166,185,106,166
1,<environment.Job instance at 0x7f86617770f0>,60,2,[2 6],61,167,169,106,167
1,<environment.Job instance at 0x7f8661777410>,61,1,[7 5],62,169,170,107,167
1,<environment.Job instance at 0x7f8661777280>,65,1,[5 8],66,178,179,112,178
1,<environment.Job instance at 0x7f8661777910>,70,1,[5 4],71,196,197,125,196
1,<environment.Job instance at 0x7f86617778c0>,71,2,[5 1],72,196,198,124,196
1,<environment.Job instance at 0x7f8661777e10>,73,2,[9 3],74,200,202,126,200
1,<environment.Job instance at 0x7f8661777be0>,74,2,[1 7],75,200,202,125,200
1,<environment.Job instance at 0x7f8661777820>,75,3,[10  4],76,202,205,126,200
1,<environment.Job instance at 0x7f866177a140>,79,19,[10  3],80,227,246,147,227
1,<environment.Job instance at 0x7f866177a1e0>,80,1,[5 5],81,227,228,146,227
1,<environment.Job instance at 0x7f866177a320>,82,21,[4 8],83,230,251,147,230
1,<environment.Job instance at 0x7f866177a5a0>,86,3,[6 3],87,246,249,159,245
1,<environment.Job instance at 0x7f866177a640>,87,18,[7 1],88,251,269,163,251
1,<environment.Job instance at 0x7f866177a820>,90,3,[6 1],91,264,267,173,264
1,<environment.Job instance at 0x7f866177aa00>,93,25,[ 1 10],94,270,295,176,270
1,<environment.Job instance at 0x7f866177aeb0>,97,2,[6 2],98,283,285,185,283
1,<environment.Job instance at 0x7f866177af50>,98,1,[2 9],99,295,296,196,283
1,<environment.Job instance at 0x7f866177e2d0>,99,2,[7 5],100,285,287,185,283
1,<environment.Job instance at 0x7f866177e370>,100,2,[5 9],101,296,298,195,283
1,<environment.Job instance at 0x7f866177e5f0>,104,1,[ 1 10],105,299,300,194,299
1,<environment.Job instance at 0x7f8666bc1820>,106,1,[4 8],107,312,313,205,312
1,<environment.Job instance at 0x7f8661767190>,108,3,[5 5],109,317,320,208,317
1,<environment.Job instance at 0x7f86617671e0>,109,27,[3 9],110,317,344,207,317
1,<environment.Job instance at 0x7f8661880aa0>,110,23,[5 1],111,317,340,206,317
1,<environment.Job instance at 0x7f86617a98c0>,114,1,[9 2],115,340,341,225,330
1,<environment.Job instance at 0x7f8661846280>,117,3,[ 3 13],118,344,347,226,341
1,<environment.Job instance at 0x7f8661826f00>,119,28,[7 5],120,347,375,227,346
1,<environment.Job instance at 0x7f8661763c30>,121,3,[1 6],122,359,362,237,359
1,<environment.Job instance at 0x7f8661763be0>,123,3,[10  1],124,375,378,251,360
1,<environment.Job instance at 0x7f866191d7d0>,124,1,[6 1],125,360,361,235,360
1,<environment.Job instance at 0x7f86618fe5a0>,125,2,[7 4],126,361,363,235,360
1,<environment.Job instance at 0x7f86619add70>,126,2,[1 6],127,362,364,235,360
1,<environment.Job instance at 0x7f8661763af0>,128,1,[7 1],129,368,369,239,368
1,<environment.Job instance at 0x7f86619005a0>,120,19,[ 5 12],121,375,394,254,372
1,<environment.Job instance at 0x7f8661927230>,136,1,[9 5],137,394,395,257,389
1,<environment.Job instance at 0x7f8661809f50>,137,28,[ 2 10],138,394,422,256,393
1,<environment.Job instance at 0x7f86618095a0>,139,1,[5 5],140,395,396,255,394
1,<environment.Job instance at 0x7f8661890640>,143,1,[2 7],144,422,423,278,413
1,<environment.Job instance at 0x7f8661890c80>,144,20,[13  4],145,413,433,268,413
1,<environment.Job instance at 0x7f866189f5f0>,151,22,[5 6],152,436,458,284,436
1,<environment.Job instance at 0x7f8661821780>,152,1,[9 2],153,436,437,283,436
1,<environment.Job instance at 0x7f8661821fa0>,153,1,[12  5],154,458,459,304,436
1,<environment.Job instance at 0x7f8661821500>,154,1,[8 3],155,437,438,282,436
1,<environment.Job instance at 0x7f8661821d20>,157,21,[10  4],158,459,480,301,451
1,<environment.Job instance at 0x7f866177e140>,0,24,[1 5],1,1,25,0,1
1,<environment.Job instance at 0x7f866177e730>,2,20,[10  5],3,3,23,0,3
1,<environment.Job instance at 0x7f8661715370>,13,24,[3 7],14,23,47,9,18
1,<environment.Job instance at 0x7f8661715500>,14,19,[3 8],15,25,44,10,18
1,<environment.Job instance at 0x7f8661715d20>,24,19,[6 2],25,44,63,19,35
1,<environment.Job instance at 0x7f8661715a00>,28,27,[ 3 12],29,47,74,18,45
1,<environment.Job instance at 0x7f8661717550>,34,26,[3 9],35,74,100,39,71
1,<environment.Job instance at 0x7f86617170a0>,37,2,[5 3],38,74,76,36,74
1,<environment.Job instance at 0x7f8661717a00>,38,21,[2 7],39,100,121,61,92
1,<environment.Job instance at 0x7f8661717370>,40,23,[4 7],41,100,123,59,94
1,<environment.Job instance at 0x7f8661717e60>,45,19,[ 1 10],46,123,142,77,113
1,<environment.Job instance at 0x7f861baf7960>,48,20,[ 2 10],49,142,162,93,133
1,<environment.Job instance at 0x7f861baf71e0>,50,1,[14  4],51,133,134,82,133
1,<environment.Job instance at 0x7f861bb75190>,55,21,[1 6],56,162,183,106,154
1,<environment.Job instance at 0x7f861bb75730>,58,23,[1 9],59,162,185,103,160
1,<environment.Job instance at 0x7f861bb753c0>,63,18,[5 1],64,185,203,121,185
1,<environment.Job instance at 0x7f861baf6fa0>,66,2,[10  2],67,203,205,136,203
1,<environment.Job instance at 0x7f861baf6960>,68,19,[4 7],69,203,222,134,203
1,<environment.Job instance at 0x7f8661791820>,5,27,[4 5],6,6,33,0,6
1,<environment.Job instance at 0x7f861bb4e280>,12,20,[4 9],13,13,33,0,13
1,<environment.Job instance at 0x7f861bab00f0>,24,21,[4 9],25,33,54,8,30
1,<environment.Job instance at 0x7f861b9bec80>,29,1,[ 4 11],30,72,73,42,72
1,<environment.Job instance at 0x7f866160fb90>,31,2,[4 5],32,76,78,44,76
1,<environment.Job instance at 0x7f8661d06050>,32,1,[ 4 10],33,76,77,43,76
1,<environment.Job instance at 0x7f8661a30640>,33,3,[7 5],34,77,80,43,76
1,<environment.Job instance at 0x7f861b9bcf50>,35,2,[6 3],36,80,82,44,80
1,<environment.Job instance at 0x7f86614fa3c0>,36,25,[2 8],37,80,105,43,80
1,<environment.Job instance at 0x7f866155e3c0>,40,26,[8 3],41,86,112,45,86
1,<environment.Job instance at 0x7f8661563c80>,46,18,[8 3],47,115,133,68,115
1,<environment.Job instance at 0x7f8661563e60>,47,3,[10  5],48,133,136,85,115
1,<environment.Job instance at 0x7f861b9de550>,49,2,[5 3],50,115,117,65,115
1,<environment.Job instance at 0x7f861b9de8c0>,53,2,[10  2],54,148,150,94,148
1,<environment.Job instance at 0x7f861b9b8dc0>,54,2,[11  3],55,150,152,95,148
1,<environment.Job instance at 0x7f861b9b8c80>,56,2,[2 7],57,148,150,91,148
1,<environment.Job instance at 0x7f861b9b8690>,58,1,[9 5],59,184,185,125,184
1,<environment.Job instance at 0x7f861b9b8730>,62,17,[8 2],63,256,273,193,256
1,<environment.Job instance at 0x7f861b9b80a0>,63,3,[2 8],64,256,259,192,256
1,<environment.Job instance at 0x7f861bc5b7d0>,8,3,[3 7],9,10,13,1,10
1,<environment.Job instance at 0x7f861be34640>,11,2,[14  5],12,13,15,1,12
1,<environment.Job instance at 0x7f861bdf81e0>,14,2,[9 4],15,15,17,0,15
1,<environment.Job instance at 0x7f861bdf9320>,18,2,[9 3],19,29,31,10,29
1,<environment.Job instance at 0x7f866220ca50>,20,1,[4 8],21,29,30,8,29
1,<environment.Job instance at 0x7f866220ccd0>,21,1,[8 1],22,31,32,9,29
1,<environment.Job instance at 0x7f8661b4e820>,25,2,[9 1],26,50,52,24,50
1,<environment.Job instance at 0x7f86617a6d70>,26,22,[1 8],27,50,72,23,50
1,<environment.Job instance at 0x7f866185c910>,27,28,[5 9],28,72,100,44,71
1,<environment.Job instance at 0x7f8661880d20>,28,1,[9 2],29,71,72,42,71
1,<environment.Job instance at 0x7f8661a8a910>,33,2,[5 9],34,100,102,66,74
1,<environment.Job instance at 0x7f8661a8a3c0>,37,28,[9 1],38,91,119,53,91
1,<environment.Job instance at 0x7f86617d90f0>,40,3,[2 9],41,102,105,61,100
1,<environment.Job instance at 0x7f8661e52280>,42,26,[5 8],43,107,133,64,107
1,<environment.Job instance at 0x7f86618693c0>,46,2,[ 5 13],47,133,135,86,116
1,<environment.Job instance at 0x7f8661b5f820>,47,1,[6 2],48,119,120,71,116
1,<environment.Job instance at 0x7f8661d91e10>,51,1,[13  4],52,135,136,83,123
1,<environment.Job instance at 0x7f866189f820>,52,17,[8 1],53,136,153,83,128
1,<environment.Job instance at 0x7f8661d91f50>,53,22,[3 5],54,136,158,82,129
1,<environment.Job instance at 0x7f86615595a0>,56,3,[6 3],57,153,156,96,135
1,<environment.Job instance at 0x7f8661559d20>,57,28,[ 5 10],58,156,184,98,155
1,<environment.Job instance at 0x7f8661559140>,58,2,[12  3],59,184,186,125,158
1,<environment.Job instance at 0x7f8661559af0>,60,22,[7 1],61,158,180,97,158
1,<environment.Job instance at 0x7f8661559500>,62,21,[5 7],63,186,207,123,178
1,<environment.Job instance at 0x7f8661559550>,67,1,[ 4 10],68,207,208,139,179
1,<environment.Job instance at 0x7f8661b51f00>,69,18,[8 2],70,188,206,118,188
1,<environment.Job instance at 0x7f8661b51960>,70,3,[10  1],71,206,209,135,189
1,<environment.Job instance at 0x7f8661840f00>,72,3,[6 5],73,209,212,136,198
1,<environment.Job instance at 0x7f8661840410>,76,2,[2 6],77,215,217,138,215
1,<environment.Job instance at 0x7f86617a82d0>,77,1,[5 1],78,215,216,137,215
1,<environment.Job instance at 0x7f86617a8aa0>,78,1,[10  1],79,216,217,137,215
1,<environment.Job instance at 0x7f86618fdc80>,79,2,[4 7],80,217,219,137,215
1,<environment.Job instance at 0x7f86618fdeb0>,80,26,[3 7],81,215,241,134,215
1,<environment.Job instance at 0x7f86617a9960>,86,1,[10  1],87,241,242,154,241
1,<environment.Job instance at 0x7f86617c6050>,85,18,[4 9],86,246,264,160,246
1,<environment.Job instance at 0x7f86617a95f0>,89,1,[12  2],90,264,265,174,246
1,<environment.Job instance at 0x7f86619fd4b0>,91,3,[5 1],92,254,257,162,254
1,<environment.Job instance at 0x7f86617a9d70>,92,24,[1 9],93,264,288,171,259
1,<environment.Job instance at 0x7f86617c13c0>,98,2,[1 6],99,272,274,173,272
1,<environment.Job instance at 0x7f86617c1f00>,101,27,[7 1],102,286,313,184,286
1,<environment.Job instance at 0x7f8661cc80a0>,102,26,[ 3 10],103,288,314,185,286
1,<environment.Job instance at 0x7f8661af13c0>,105,21,[ 2 10],106,314,335,208,306
1,<environment.Job instance at 0x7f8661cc8870>,103,2,[ 3 13],104,335,337,231,310
1,<environment.Job instance at 0x7f8661c77870>,107,1,[ 3 14],108,337,338,229,311
1,<environment.Job instance at 0x7f8661b8d9b0>,13,24,[8 5],14,28,52,14,28
1,<environment.Job instance at 0x7f8661b8d500>,24,2,[2 7],25,87,89,62,87
1,<environment.Job instance at 0x7f8661b8d780>,26,3,[14  2],27,89,92,62,87
1,<environment.Job instance at 0x7f8661b8da50>,28,20,[3 9],29,92,112,63,88
1,<environment.Job instance at 0x7f861bf22960>,29,1,[5 5],30,88,89,58,88
1,<environment.Job instance at 0x7f8661ad3b90>,35,2,[8 3],36,124,126,88,124
1,<environment.Job instance at 0x7f8661ad3cd0>,37,21,[4 8],38,125,146,87,125
1,<environment.Job instance at 0x7f8661ad3690>,38,23,[3 9],39,146,169,107,140
1,<environment.Job instance at 0x7f8661ad3640>,40,2,[10  4],41,140,142,99,140
1,<environment.Job instance at 0x7f8661ad3e60>,43,2,[9 2],44,147,149,103,147
1,<environment.Job instance at 0x7f861bebebe0>,50,2,[ 1 11],51,184,186,133,184
1,<environment.Job instance at 0x7f8661bd0050>,52,1,[ 3 10],53,186,187,133,184
1,<environment.Job instance at 0x7f8661bd06e0>,54,2,[3 6],55,187,189,132,184
1,<environment.Job instance at 0x7f861c0c9d20>,56,3,[ 4 10],57,191,194,134,191
1,<environment.Job instance at 0x7f86621f1870>,3,27,[8 5],4,4,31,0,4
1,<environment.Job instance at 0x7f86617d0550>,6,2,[5 7],7,7,9,0,7
1,<environment.Job instance at 0x7f86617d01e0>,9,1,[12  4],10,31,32,21,11
1,<environment.Job instance at 0x7f86617d0fa0>,13,24,[3 5],14,14,38,0,14
1,<environment.Job instance at 0x7f86617dee10>,19,1,[6 2],20,32,33,12,27
1,<environment.Job instance at 0x7f86617de190>,22,3,[9 4],23,41,44,18,41
1,<environment.Job instance at 0x7f86617deb40>,24,27,[1 8],25,49,76,24,49
1,<environment.Job instance at 0x7f86617de780>,27,3,[3 8],28,76,79,48,52
1,<environment.Job instance at 0x7f86617de8c0>,29,1,[4 5],30,54,55,24,54
1,<environment.Job instance at 0x7f86624a0cd0>,34,23,[4 5],35,71,94,36,71
1,<environment.Job instance at 0x7f86624a0910>,40,1,[1 7],41,106,107,65,106
1,<environment.Job instance at 0x7f86624a0140>,41,1,[9 4],42,106,107,64,106
1,<environment.Job instance at 0x7f86624a0be0>,45,2,[2 9],46,116,118,70,116
1,<environment.Job instance at 0x7f86624a0870>,46,26,[8 5],47,116,142,69,116
1,<environment.Job instance at 0x7f86624a0a50>,49,20,[6 3],50,120,140,70,120
1,<environment.Job instance at 0x7f86624a0eb0>,51,2,[8 5],52,142,144,90,136
1,<environment.Job instance at 0x7f86624a0aa0>,52,2,[5 1],53,140,142,87,136
1,<environment.Job instance at 0x7f86624a0640>,53,20,[5 3],54,142,162,88,136
1,<environment.Job instance at 0x7f8661741b90>,57,3,[ 4 10],58,152,155,94,152
1,<environment.Job instance at 0x7f8661741cd0>,58,2,[2 5],59,155,157,96,152
1,<environment.Job instance at 0x7f8661741d20>,62,2,[5 2],63,186,188,123,186
1,<environment.Job instance at 0x7f8661741050>,63,3,[10  2],64,186,189,122,186
1,<environment.Job instance at 0x7f86617410f0>,65,2,[10  1],66,192,194,126,192
1,<environment.Job instance at 0x7f86617413c0>,67,22,[10  1],68,194,216,126,193
1,<environment.Job instance at 0x7f861c000960>,0,25,[10  4],1,1,26,0,1
1,<environment.Job instance at 0x7f86616ed190>,20,3,[9 1],21,43,46,22,43
1,<environment.Job instance at 0x7f86616edc80>,21,2,[13  4],22,46,48,24,43
1,<environment.Job instance at 0x7f86616ed870>,22,18,[8 1],23,50,68,27,50
1,<environment.Job instance at 0x7f8661e8e870>,25,2,[ 3 10],26,50,52,24,50
1,<environment.Job instance at 0x7f86614f0460>,26,20,[10  4],27,68,88,41,59
1,<environment.Job instance at 0x7f861b9f0780>,33,27,[1 7],34,81,108,47,81
1,<environment.Job instance at 0x7f861b9f0b90>,30,27,[ 3 13],31,108,135,77,106
1,<environment.Job instance at 0x7f861bb74640>,40,1,[12  1],41,127,128,86,127
1,<environment.Job instance at 0x7f861bb748c0>,41,25,[9 1],42,128,153,86,127
1,<environment.Job instance at 0x7f866182c5a0>,50,27,[5 4],51,154,181,103,154
1,<environment.Job instance at 0x7f8661767be0>,51,28,[7 5],52,154,182,102,154
1,<environment.Job instance at 0x7f8661a7f230>,53,28,[8 2],54,181,209,127,180
1,<environment.Job instance at 0x7f8661d00b90>,61,1,[2 8],62,184,185,122,184
1,<environment.Job instance at 0x7f8661d00b40>,65,2,[7 1],66,196,198,130,196
1,<environment.Job instance at 0x7f8661e5df50>,66,2,[2 6],67,198,200,131,196
1,<environment.Job instance at 0x7f8661e5db90>,67,18,[2 6],68,199,217,131,199
1,<environment.Job instance at 0x7f861bd4fc30>,71,1,[ 5 14],72,217,218,145,209
1,<environment.Job instance at 0x7f861bd4f2d0>,72,1,[7 1],73,209,210,136,209
1,<environment.Job instance at 0x7f861bd4faa0>,73,19,[7 1],74,210,229,136,209
1,<environment.Job instance at 0x7f861bd4f280>,76,1,[4 5],77,225,226,148,225
1,<environment.Job instance at 0x7f8662071280>,77,13,[5 1],78,226,239,148,225
1,<environment.Job instance at 0x7f8661ab50f0>,83,27,[5 1],84,260,287,176,260
1,<environment.Job instance at 0x7f8661ab5820>,86,2,[ 5 12],87,274,276,187,274
1,<environment.Job instance at 0x7f8661cfdfa0>,88,2,[7 4],89,276,278,187,274
1,<environment.Job instance at 0x7f8661cfd0f0>,89,1,[1 6],90,276,277,186,274
1,<environment.Job instance at 0x7f86618903c0>,92,1,[6 5],93,286,287,193,286
1,<environment.Job instance at 0x7f86616ba910>,99,3,[4 7],100,336,339,236,336
1,<environment.Job instance at 0x7f861bdc4730>,3,1,[9 5],4,4,5,0,4
1,<environment.Job instance at 0x7f86620893c0>,4,21,[8 1],5,5,26,0,5
1,<environment.Job instance at 0x7f86617de2d0>,9,25,[ 3 10],10,10,35,0,10
1,<environment.Job instance at 0x7f86623cd280>,17,23,[9 2],18,26,49,8,20
1,<environment.Job instance at 0x7f86616f0cd0>,24,1,[1 8],25,35,36,10,32
1,<environment.Job instance at 0x7f86616f03c0>,27,1,[6 5],28,43,44,15,43
1,<environment.Job instance at 0x7f86616f0910>,29,1,[8 2],30,49,50,19,47
1,<environment.Job instance at 0x7f86616f0c80>,35,3,[7 5],36,79,82,43,79
1,<environment.Job instance at 0x7f866191b640>,38,1,[3 8],39,87,88,48,87
1,<environment.Job instance at 0x7f866191b730>,43,24,[4 7],44,117,141,73,117
1,<environment.Job instance at 0x7f866191b500>,45,3,[6 4],46,131,134,85,131
1,<environment.Job instance at 0x7f861bc00cd0>,46,2,[10  1],47,134,136,87,131
1,<environment.Job instance at 0x7f861bc00e10>,47,1,[7 3],48,136,137,88,131
1,<environment.Job instance at 0x7f861bc00eb0>,48,23,[ 4 10],49,141,164,92,135
1,<environment.Job instance at 0x7f861bafab90>,10,18,[ 2 11],11,246,264,235,246
1,<environment.Job instance at 0x7f861bc237d0>,58,1,[1 6],59,264,265,205,246
1,<environment.Job instance at 0x7f861bc236e0>,61,3,[5 5],62,264,267,202,246
1,<environment.Job instance at 0x7f861bc239b0>,63,24,[3 5],64,265,289,201,260
1,<environment.Job instance at 0x7f861bc23c80>,64,2,[1 6],65,267,269,202,260
1,<environment.Job instance at 0x7f861bc23d70>,66,1,[3 7],67,269,270,202,260
1,<environment.Job instance at 0x7f861bc23d20>,67,1,[4 7],68,270,271,202,260
1,<environment.Job instance at 0x7f861bc23f50>,69,2,[8 4],70,267,269,197,264
1,<environment.Job instance at 0x7f861bc0a320>,74,1,[1 9],75,298,299,223,298
1,<environment.Job instance at 0x7f861bc0a0f0>,76,1,[2 5],77,298,299,221,298
1,<environment.Job instance at 0x7f861bc0a410>,77,1,[8 5],78,299,300,221,298
1,<environment.Job instance at 0x7f861bc0a640>,79,24,[7 1],80,299,323,219,299
1,<environment.Job instance at 0x7f861bc0a5a0>,80,26,[4 8],81,300,326,219,299
1,<environment.Job instance at 0x7f861bc0a5f0>,82,3,[7 5],83,323,326,240,313
1,<environment.Job instance at 0x7f861bc0a6e0>,83,3,[10  4],84,326,329,242,313
1,<environment.Job instance at 0x7f861bc0a960>,86,2,[1 9],87,326,328,239,315
1,<environment.Job instance at 0x7f861bc0acd0>,89,3,[ 4 10],90,328,331,238,328
1,<environment.Job instance at 0x7f861bc0ab90>,90,18,[8 5],91,330,348,239,330
1,<environment.Job instance at 0x7f861bc0af50>,91,1,[10  4],92,348,349,256,330
1,<environment.Job instance at 0x7f861bc0adc0>,93,18,[8 1],94,349,367,255,346
1,<environment.Job instance at 0x7f861bc2cf00>,0,3,[4 8],1,2,5,1,2
1,<environment.Job instance at 0x7f8661b5f410>,6,23,[10  4],7,7,30,0,7
1,<environment.Job instance at 0x7f86615d4a00>,13,1,[6 2],14,30,31,16,25
1,<environment.Job instance at 0x7f86615d4dc0>,14,2,[8 4],15,30,32,15,25
1,<environment.Job instance at 0x7f866151fc80>,21,17,[7 2],22,65,82,43,65
1,<environment.Job instance at 0x7f866151f1e0>,22,1,[2 7],23,65,66,42,65
1,<environment.Job instance at 0x7f861bca84b0>,27,1,[4 8],28,90,91,62,90
1,<environment.Job instance at 0x7f8662168500>,28,2,[10  1],29,90,92,61,90
1,<environment.Job instance at 0x7f861bca8910>,29,25,[8 3],30,92,117,62,90
1,<environment.Job instance at 0x7f861bb8ff50>,32,24,[11  1],33,117,141,84,112
1,<environment.Job instance at 0x7f861bd8aeb0>,43,2,[4 8],44,145,147,101,145
1,<environment.Job instance at 0x7f8661ea9820>,44,1,[ 3 10],45,147,148,102,145
1,<environment.Job instance at 0x7f8662172c30>,46,3,[7 4],47,156,159,109,156
1,<environment.Job instance at 0x7f8662172be0>,47,1,[8 2],48,156,157,108,156
1,<environment.Job instance at 0x7f8661b511e0>,48,2,[8 3],49,157,159,108,156
1,<environment.Job instance at 0x7f86615ec4b0>,50,2,[8 2],51,159,161,108,156
1,<environment.Job instance at 0x7f8661a660f0>,52,1,[4 6],53,163,164,110,163
1,<environment.Job instance at 0x7f8661ecea50>,51,18,[7 1],52,167,185,115,167
1,<environment.Job instance at 0x7f8661843140>,54,1,[5 8],55,167,168,112,167
1,<environment.Job instance at 0x7f861bc3a500>,55,3,[7 3],56,168,171,112,167
1,<environment.Job instance at 0x7f861bc3a870>,56,2,[5 5],57,171,173,114,167
1,<environment.Job instance at 0x7f8661c0af50>,57,3,[ 1 10],58,168,171,110,167
1,<environment.Job instance at 0x7f8661c0adc0>,59,2,[10  1],60,185,187,125,170
1,<environment.Job instance at 0x7f8661c0a9b0>,60,3,[8 2],61,173,176,112,170
1,<environment.Job instance at 0x7f8661a2b140>,63,2,[12  1],64,187,189,123,183
1,<environment.Job instance at 0x7f8661a2b5f0>,64,1,[ 5 14],65,183,184,118,183
1,<environment.Job instance at 0x7f861bfba230>,66,21,[3 7],67,192,213,125,192
1,<environment.Job instance at 0x7f861bfba7d0>,68,28,[8 3],69,199,227,130,199
1,<environment.Job instance at 0x7f861bfba280>,69,20,[1 9],70,213,233,143,204
1,<environment.Job instance at 0x7f861bf608c0>,77,2,[13  1],78,250,252,172,250
1,<environment.Job instance at 0x7f861bf600a0>,80,2,[4 9],81,267,269,186,267
1,<environment.Job instance at 0x7f861bf60780>,84,1,[11  3],85,282,283,197,282
1,<environment.Job instance at 0x7f861bf60870>,85,12,[1 9],86,285,297,199,285
1,<environment.Job instance at 0x7f86668f7640>,89,3,[5 6],90,300,303,210,300
1,<environment.Job instance at 0x7f86668f78c0>,90,2,[2 9],91,300,302,209,300
1,<environment.Job instance at 0x7f86668f7690>,92,27,[9 1],93,310,337,217,310
1,<environment.Job instance at 0x7f8661d4b370>,95,1,[9 3],96,337,338,241,322
1,<environment.Job instance at 0x7f8661d4b960>,96,21,[12  2],97,338,359,241,330
1,<environment.Job instance at 0x7f8661d4b690>,99,20,[2 8],100,340,360,240,340
1,<environment.Job instance at 0x7f861bfcdfa0>,6,2,[3 9],7,8,10,1,8
1,<environment.Job instance at 0x7f86623f4960>,12,2,[5 7],13,13,15,0,13
1,<environment.Job instance at 0x7f861ba00500>,15,22,[9 4],16,16,38,0,16
1,<environment.Job instance at 0x7f866191dfa0>,19,27,[5 8],20,24,51,4,24
1,<environment.Job instance at 0x7f861b81a5a0>,24,2,[7 4],25,40,42,15,40
1,<environment.Job instance at 0x7f861bc8db90>,26,22,[3 8],27,52,74,25,52
1,<environment.Job instance at 0x7f861baf6460>,33,1,[5 2],34,59,60,25,59
1,<environment.Job instance at 0x7f861baf63c0>,42,1,[14  1],43,94,95,51,94
1,<environment.Job instance at 0x7f861be862d0>,45,2,[1 6],46,110,112,64,110
1,<environment.Job instance at 0x7f861bf0fb90>,47,1,[9 4],48,122,123,74,122
1,<environment.Job instance at 0x7f861bf0f960>,48,24,[8 2],49,123,147,74,122
1,<environment.Job instance at 0x7f861bf0f050>,49,27,[ 3 13],50,123,150,73,122
1,<environment.Job instance at 0x7f861c113a50>,55,3,[5 4],56,154,157,98,154
1,<environment.Job instance at 0x7f861c113500>,56,24,[13  3],57,157,181,100,154
1,<environment.Job instance at 0x7f861c113dc0>,58,1,[7 4],59,155,156,96,155
1,<environment.Job instance at 0x7f861c113b90>,59,2,[10  1],60,181,183,121,155
1,<environment.Job instance at 0x7f861c1132d0>,61,1,[7 1],62,183,184,121,168
1,<environment.Job instance at 0x7f8661f2b4b0>,63,1,[10  4],64,184,185,120,177
1,<environment.Job instance at 0x7f8661f2b640>,65,2,[4 6],66,182,184,116,182
1,<environment.Job instance at 0x7f8661f2ba00>,67,1,[9 3],68,191,192,123,191
1,<environment.Job instance at 0x7f86619ad0a0>,68,3,[2 8],69,191,194,122,191
1,<environment.Job instance at 0x7f86619ad3c0>,69,1,[9 1],70,192,193,122,191
1,<environment.Job instance at 0x7f861bdc4370>,72,2,[7 2],73,206,208,133,206
1,<environment.Job instance at 0x7f861bdc4b90>,73,26,[7 3],74,206,232,132,206
1,<environment.Job instance at 0x7f86618bb640>,77,27,[1 8],78,209,236,131,209
1,<environment.Job instance at 0x7f8666785af0>,85,1,[ 5 10],86,257,258,171,257
1,<environment.Job instance at 0x7f861c0d9050>,87,3,[2 5],88,260,263,172,260
1,<environment.Job instance at 0x7f861c0d9e10>,88,1,[7 2],89,260,261,171,260
1,<environment.Job instance at 0x7f861bc707d0>,90,26,[2 8],91,271,297,180,271
1,<environment.Job instance at 0x7f861bdd3b40>,96,3,[2 7],97,291,294,194,291
1,<environment.Job instance at 0x7f861b82e820>,0,1,[5 1],1,2,3,1,2
1,<environment.Job instance at 0x7f86669100f0>,8,28,[ 2 11],9,9,37,0,9
1,<environment.Job instance at 0x7f8661bab5a0>,18,2,[6 2],19,45,47,26,45
1,<environment.Job instance at 0x7f861bc5b4b0>,36,1,[4 9],37,151,152,114,151
1,<environment.Job instance at 0x7f861bf57640>,45,1,[2 6],46,252,253,206,252
1,<environment.Job instance at 0x7f861bf57a50>,47,2,[5 7],48,257,259,209,257
1,<environment.Job instance at 0x7f861c0fde10>,57,24,[8 1],58,530,554,472,530
1,<environment.Job instance at 0x7f861c0fda50>,61,28,[5 9],62,563,591,501,563
1,<environment.Job instance at 0x7f861c12c280>,63,28,[6 1],64,566,594,502,566
1,<environment.Job instance at 0x7f8661babe60>,20,12,[ 1 11],21,724,736,703,724
1,<environment.Job instance at 0x7f861c12c0a0>,68,23,[ 3 10],69,736,759,667,730
1,<environment.Job instance at 0x7f861c12c6e0>,74,1,[6 3],75,802,803,727,802
1,<environment.Job instance at 0x7f861c12c820>,75,1,[8 4],76,802,803,726,802
1,<environment.Job instance at 0x7f861c12c9b0>,77,19,[6 3],78,803,822,725,802
1,<environment.Job instance at 0x7f861c12cc80>,78,1,[9 4],79,803,804,724,802
1,<environment.Job instance at 0x7f861c12ce10>,83,1,[13  4],84,822,823,738,815
1,<environment.Job instance at 0x7f861c12cf50>,3,1,[9 4],4,5,6,1,5
1,<environment.Job instance at 0x7f8661f15690>,5,27,[5 8],6,6,33,0,6
1,<environment.Job instance at 0x7f8661f2ac80>,7,25,[6 4],8,8,33,0,8
1,<environment.Job instance at 0x7f86622705a0>,9,25,[10  1],10,33,58,23,29
1,<environment.Job instance at 0x7f861bec9820>,14,1,[1 6],15,33,34,18,29
1,<environment.Job instance at 0x7f861bab0230>,17,1,[5 9],18,34,35,16,29
1,<environment.Job instance at 0x7f86614d5320>,21,21,[4 7],22,37,58,15,37
1,<environment.Job instance at 0x7f8661c09a50>,28,2,[ 5 10],29,58,60,29,56
1,<environment.Job instance at 0x7f861c002aa0>,31,26,[5 4],32,73,99,41,73
1,<environment.Job instance at 0x7f861c002370>,32,1,[10  4],33,73,74,40,73
1,<environment.Job instance at 0x7f861b9cd2d0>,38,26,[ 3 10],39,90,116,51,90
1,<environment.Job instance at 0x7f861bfdafa0>,40,22,[ 3 10],41,116,138,75,109
1,<environment.Job instance at 0x7f861bfda050>,41,2,[8 3],42,110,112,68,110
1,<environment.Job instance at 0x7f861bb45320>,58,1,[1 5],59,142,143,83,142
1,<environment.Job instance at 0x7f861bf895f0>,57,3,[ 5 11],58,147,150,89,147
1,<environment.Job instance at 0x7f861bb45dc0>,60,2,[3 7],61,150,152,89,147
1,<environment.Job instance at 0x7f861bb455f0>,62,2,[8 4],63,151,153,88,151
1,<environment.Job instance at 0x7f861bb45960>,63,18,[5 5],64,152,170,88,152
1,<environment.Job instance at 0x7f861bb45730>,67,3,[5 5],68,161,164,93,161
1,<environment.Job instance at 0x7f8661f27870>,52,18,[2 9],53,166,184,113,166
1,<environment.Job instance at 0x7f8661d87c30>,70,2,[6 2],71,171,173,100,171
1,<environment.Job instance at 0x7f8661d87230>,71,2,[10  5],72,173,175,101,171
1,<environment.Job instance at 0x7f8661d87d70>,79,20,[5 5],80,225,245,145,225
1,<environment.Job instance at 0x7f8661d87a00>,80,1,[1 5],81,225,226,144,225
1,<environment.Job instance at 0x7f8661d87320>,83,2,[3 8],84,226,228,142,225
1,<environment.Job instance at 0x7f866187e550>,87,2,[13  4],88,245,247,157,241
1,<environment.Job instance at 0x7f866187ef00>,88,1,[3 9],89,241,242,152,241
1,<environment.Job instance at 0x7f866187e460>,89,1,[5 1],90,241,242,151,241
1,<environment.Job instance at 0x7f866187e780>,90,3,[1 7],91,242,245,151,241
1,<environment.Job instance at 0x7f866187e3c0>,92,2,[10  3],93,247,249,154,246
1,<environment.Job instance at 0x7f8661ef5d20>,94,3,[3 5],95,255,258,160,255
1,<environment.Job instance at 0x7f8661ef5370>,97,28,[8 2],98,260,288,162,260
1,<environment.Job instance at 0x7f8661bac5f0>,7,3,[ 5 11],8,14,17,6,14
1,<environment.Job instance at 0x7f861bdd1cd0>,14,2,[8 3],15,29,31,14,29
1,<environment.Job instance at 0x7f861bdd1730>,15,3,[2 5],16,29,32,13,29
1,<environment.Job instance at 0x7f861bdd1960>,16,2,[9 3],17,31,33,14,29
1,<environment.Job instance at 0x7f861bdd1be0>,17,1,[5 9],18,32,33,14,29
1,<environment.Job instance at 0x7f8661f15870>,19,3,[7 2],20,42,45,22,42
1,<environment.Job instance at 0x7f8666910140>,21,18,[8 4],22,46,64,24,46
1,<environment.Job instance at 0x7f8661f15a00>,22,17,[5 3],23,60,77,37,60
1,<environment.Job instance at 0x7f8661bab370>,27,3,[10  4],28,72,75,44,72
1,<environment.Job instance at 0x7f8661baba00>,28,1,[3 9],29,75,76,46,72
1,<environment.Job instance at 0x7f861b9ed550>,31,2,[ 3 10],32,84,86,52,84
1,<environment.Job instance at 0x7f861b9ed410>,32,1,[1 8],33,86,87,53,84
1,<environment.Job instance at 0x7f861bca81e0>,35,28,[5 5],36,84,112,48,84
1,<environment.Job instance at 0x7f861bca82d0>,41,21,[4 8],42,113,134,71,113
1,<environment.Job instance at 0x7f861bca8eb0>,44,2,[4 5],45,132,134,87,132
1,<environment.Job instance at 0x7f861becf140>,45,2,[5 5],46,134,136,88,132
1,<environment.Job instance at 0x7f8661890be0>,47,3,[2 7],48,134,137,86,133
1,<environment.Job instance at 0x7f861c0206e0>,48,1,[ 1 11],49,137,138,88,133
1,<environment.Job instance at 0x7f861c020280>,49,2,[1 8],50,138,140,88,133
1,<environment.Job instance at 0x7f861c020960>,50,21,[6 2],51,133,154,82,133
1,<environment.Job instance at 0x7f861c020d70>,51,1,[5 3],52,136,137,84,133
1,<environment.Job instance at 0x7f861c054eb0>,54,1,[1 9],55,140,141,85,135
1,<environment.Job instance at 0x7f861c0547d0>,55,2,[ 3 10],56,141,143,85,135
1,<environment.Job instance at 0x7f861c0543c0>,56,1,[10  1],57,154,155,97,135
1,<environment.Job instance at 0x7f861c0545f0>,58,22,[4 8],59,143,165,84,142
1,<environment.Job instance at 0x7f861c054e10>,60,28,[4 7],61,159,187,98,159
1,<environment.Job instance at 0x7f861c054e60>,62,3,[2 8],63,177,180,114,177
1,<environment.Job instance at 0x7f8661802870>,3,1,[ 3 10],4,6,7,2,6
1,<environment.Job instance at 0x7f861c054e60>,2,2,[ 1 12],3,9,11,6,9
1,<environment.Job instance at 0x7f861bec9a50>,9,25,[1 7],10,11,36,1,10
1,<environment.Job instance at 0x7f8661c06370>,21,3,[7 5],22,33,36,11,33
1,<environment.Job instance at 0x7f866189f0a0>,25,18,[6 1],26,45,63,19,45
1,<environment.Job instance at 0x7f866180a370>,27,3,[6 4],28,58,61,30,58
1,<environment.Job instance at 0x7f861b78d050>,29,2,[2 5],30,62,64,32,62
1,<environment.Job instance at 0x7f86615b6050>,31,3,[8 5],32,69,72,37,69
1,<environment.Job instance at 0x7f8661b4d370>,32,18,[10  1],33,72,90,39,72
1,<environment.Job instance at 0x7f8661b33730>,34,27,[1 7],35,72,99,37,72
1,<environment.Job instance at 0x7f866191df00>,35,1,[10  2],36,90,91,54,72
1,<environment.Job instance at 0x7f8661f1a6e0>,39,1,[5 4],40,91,92,51,80
1,<environment.Job instance at 0x7f861bc00c80>,44,2,[10  4],45,106,108,61,106
1,<environment.Job instance at 0x7f86617265a0>,45,2,[6 1],46,108,110,62,106
1,<environment.Job instance at 0x7f861bdd1410>,47,3,[2 5],48,107,110,59,107
1,<environment.Job instance at 0x7f86619870a0>,48,1,[4 7],49,108,109,59,107
1,<environment.Job instance at 0x7f861c0b9140>,52,1,[ 4 10],53,126,127,73,126
1,<environment.Job instance at 0x7f861c0b9500>,56,19,[5 4],57,142,161,85,142
1,<environment.Job instance at 0x7f861c0b9a50>,60,3,[10  1],61,167,170,106,167
1,<environment.Job instance at 0x7f861c0ef230>,68,3,[9 1],69,204,207,135,204
1,<environment.Job instance at 0x7f861c0ef7d0>,70,2,[5 6],71,213,215,142,213
1,<environment.Job instance at 0x7f86617a2d20>,2,2,[10  5],3,6,8,3,6
1,<environment.Job instance at 0x7f861b736f00>,8,25,[3 6],9,9,34,0,9
1,<environment.Job instance at 0x7f8661880870>,16,1,[4 6],17,20,21,3,20
1,<environment.Job instance at 0x7f861b8bab90>,19,2,[2 7],20,27,29,7,27
1,<environment.Job instance at 0x7f861b8ba190>,22,20,[3 6],23,40,60,17,40
1,<environment.Job instance at 0x7f861b9d4cd0>,25,2,[2 9],26,44,46,18,44
1,<environment.Job instance at 0x7f86621a0640>,26,21,[10  4],27,46,67,19,44
1,<environment.Job instance at 0x7f86618bbbe0>,32,3,[10  1],33,83,86,50,83
1,<environment.Job instance at 0x7f86615d81e0>,34,2,[9 5],35,86,88,51,86
1,<environment.Job instance at 0x7f861bbd9c30>,35,2,[3 9],36,86,88,50,86
1,<environment.Job instance at 0x7f861bbd9140>,36,1,[6 4],37,88,89,51,86
1,<environment.Job instance at 0x7f861bf89820>,37,24,[9 5],38,88,112,50,86
1,<environment.Job instance at 0x7f8661c37640>,45,1,[8 3],46,116,117,70,116
1,<environment.Job instance at 0x7f861c0b2b40>,46,1,[12  5],47,117,118,70,116
1,<environment.Job instance at 0x7f861c0b2f50>,48,2,[8 4],49,118,120,69,117
1,<environment.Job instance at 0x7f86616c1a00>,50,2,[6 2],51,130,132,79,130
1,<environment.Job instance at 0x7f86616c1b90>,53,1,[5 5],54,144,145,90,144
1,<environment.Job instance at 0x7f86616c1460>,54,1,[6 2],55,144,145,89,144
1,<environment.Job instance at 0x7f86616c1640>,55,2,[10  4],56,145,147,89,144
1,<environment.Job instance at 0x7f86616c10a0>,56,1,[5 5],57,145,146,88,144
1,<environment.Job instance at 0x7f86616c1b40>,58,3,[9 2],59,148,151,89,148
1,<environment.Job instance at 0x7f861be24280>,59,2,[10  4],60,151,153,91,148
1,<environment.Job instance at 0x7f861be24fa0>,61,20,[5 5],62,161,181,99,161
1,<environment.Job instance at 0x7f861be244b0>,62,3,[8 5],63,161,164,98,161
1,<environment.Job instance at 0x7f861be24640>,63,22,[2 8],64,164,186,100,161
1,<environment.Job instance at 0x7f861be24190>,68,3,[2 6],69,181,184,112,178
1,<environment.Job instance at 0x7f861be249b0>,69,1,[5 4],70,184,185,114,178
1,<environment.Job instance at 0x7f861be24910>,71,3,[3 5],72,185,188,113,182
1,<environment.Job instance at 0x7f861be245f0>,72,20,[ 1 10],73,186,206,113,182
1,<environment.Job instance at 0x7f86624a0a00>,2,26,[8 2],3,3,29,0,3
1,<environment.Job instance at 0x7f8661bcdb40>,6,27,[5 8],7,7,34,0,7
1,<environment.Job instance at 0x7f861bdc0a00>,10,21,[5 7],11,29,50,18,21
1,<environment.Job instance at 0x7f861bdc0e10>,23,26,[7 3],24,34,60,10,31
1,<environment.Job instance at 0x7f861bdc0050>,20,3,[ 3 12],21,55,58,34,55
1,<environment.Job instance at 0x7f861b7cfc30>,37,24,[9 3],38,64,88,26,64
1,<environment.Job instance at 0x7f861b7cf780>,41,3,[2 5],42,82,85,40,82
1,<environment.Job instance at 0x7f861b7cfa00>,44,1,[12  4],45,96,97,51,96
1,<environment.Job instance at 0x7f861b7cf0f0>,46,25,[10  1],47,97,122,50,96
1,<environment.Job instance at 0x7f861b7cfc80>,47,3,[10  2],48,122,125,74,96
1,<environment.Job instance at 0x7f861b7cf460>,50,24,[ 4 13],51,100,124,49,100
1,<environment.Job instance at 0x7f861b7cf4b0>,53,27,[4 5],54,124,151,70,122
1,<environment.Job instance at 0x7f861b8aa410>,55,20,[5 6],56,125,145,69,122
1,<environment.Job instance at 0x7f861b74b500>,66,19,[5 9],67,175,194,108,175
1,<environment.Job instance at 0x7f861b74bb40>,68,2,[4 7],69,194,196,125,177
1,<environment.Job instance at 0x7f861b74b690>,75,2,[5 9],76,199,201,123,199
1,<environment.Job instance at 0x7f861b74bcd0>,78,18,[5 5],79,229,247,150,229
1,<environment.Job instance at 0x7f861b74b4b0>,80,2,[5 5],81,229,231,148,229
1,<environment.Job instance at 0x7f861b7ce370>,83,20,[2 6],84,240,260,156,240
1,<environment.Job instance at 0x7f861b7ce5a0>,85,1,[3 6],86,247,248,161,242
1,<environment.Job instance at 0x7f861b7ce2d0>,87,1,[ 3 11],88,260,261,172,255
1,<environment.Job instance at 0x7f861b7cea50>,88,18,[5 3],89,256,274,167,256
1,<environment.Job instance at 0x7f861b7cefa0>,91,28,[7 5],92,271,299,179,271
1,<environment.Job instance at 0x7f861b7cecd0>,92,2,[2 9],93,274,276,181,271
1,<environment.Job instance at 0x7f861b7ce500>,96,2,[8 2],97,295,297,198,295
1,<environment.Job instance at 0x7f861b7ce280>,98,1,[5 6],99,297,298,198,296
1,<environment.Job instance at 0x7f861b7ce8c0>,99,18,[4 6],100,301,319,201,301
1,<environment.Job instance at 0x7f861b7cedc0>,100,2,[6 1],101,301,303,200,301
1,<environment.Job instance at 0x7f861b7ce050>,101,1,[4 7],102,301,302,199,301
1,<environment.Job instance at 0x7f861b707960>,105,3,[2 9],106,310,313,204,310
1,<environment.Job instance at 0x7f861b7070a0>,108,1,[10  2],109,329,330,220,329
1,<environment.Job instance at 0x7f861b707050>,110,2,[3 9],111,343,345,232,343
1,<environment.Job instance at 0x7f861b707af0>,112,3,[8 5],113,343,346,230,343
1,<environment.Job instance at 0x7f861b707640>,114,1,[4 9],115,359,360,244,359
1,<environment.Job instance at 0x7f861b707dc0>,115,1,[4 9],116,360,361,244,359
1,<environment.Job instance at 0x7f861b707550>,116,3,[9 3],117,359,362,242,359
1,<environment.Job instance at 0x7f861b7073c0>,117,1,[ 2 11],118,361,362,243,359
1,<environment.Job instance at 0x7f861b707460>,121,2,[7 2],122,373,375,251,373
1,<environment.Job instance at 0x7f861b7d7af0>,124,2,[1 5],125,387,389,262,387
1,<environment.Job instance at 0x7f861b7d7370>,125,3,[ 4 12],126,389,392,263,387
1,<environment.Job instance at 0x7f861b7d7230>,128,2,[14  5],129,405,407,276,405
1,<environment.Job instance at 0x7f861b7d7730>,129,2,[9 5],130,407,409,277,405
1,<environment.Job instance at 0x7f861b7d7640>,130,18,[7 5],131,409,427,278,409
1,<environment.Job instance at 0x7f861b7d7a00>,135,19,[5 1],136,429,448,293,429
1,<environment.Job instance at 0x7f861b7d7b40>,136,24,[5 3],137,429,453,292,429
1,<environment.Job instance at 0x7f861b7d7fa0>,139,3,[5 5],140,438,441,298,438
1,<environment.Job instance at 0x7f861b7d7910>,142,3,[7 4],143,448,451,305,447
1,<environment.Job instance at 0x7f866223ca50>,143,2,[8 3],144,451,453,307,447
1,<environment.Job instance at 0x7f861b83eb90>,144,28,[10  4],145,453,481,308,452
1,<environment.Job instance at 0x7f861b83eb90>,2,25,[2 8],3,3,28,0,3
1,<environment.Job instance at 0x7f8661d7a2d0>,6,26,[ 1 12],7,28,54,21,25
1,<environment.Job instance at 0x7f8661b58280>,17,2,[11  1],18,50,52,32,50
1,<environment.Job instance at 0x7f8661679dc0>,18,2,[9 3],19,52,54,33,50
1,<environment.Job instance at 0x7f866678f140>,19,2,[5 5],20,54,56,34,50
1,<environment.Job instance at 0x7f8661740fa0>,20,3,[3 5],21,54,57,33,50
1,<environment.Job instance at 0x7f8661ad36e0>,22,1,[1 6],23,56,57,33,50
1,<environment.Job instance at 0x7f8661679af0>,23,1,[8 5],24,57,58,33,50
1,<environment.Job instance at 0x7f86621a1500>,13,2,[11  4],14,58,60,44,56
1,<environment.Job instance at 0x7f8661ba6050>,25,21,[ 2 10],26,57,78,31,56
1,<environment.Job instance at 0x7f8661ba6730>,29,2,[ 3 11],30,78,80,48,71
1,<environment.Job instance at 0x7f866231e820>,34,1,[10  1],35,75,76,40,75
1,<environment.Job instance at 0x7f866231ed20>,35,1,[4 9],36,80,81,44,75
1,<environment.Job instance at 0x7f861bdd33c0>,36,3,[1 9],37,81,84,44,75
1,<environment.Job instance at 0x7f861bdd3b90>,37,3,[5 9],38,84,87,46,75
1,<environment.Job instance at 0x7f861bbe8c30>,38,3,[7 1],39,76,79,37,75
1,<environment.Job instance at 0x7f86618bf8c0>,40,24,[2 5],41,80,104,39,75
1,<environment.Job instance at 0x7f86618bf500>,43,3,[7 2],44,89,92,45,89
1,<environment.Job instance at 0x7f86618bfdc0>,44,3,[5 6],45,89,92,44,89
1,<environment.Job instance at 0x7f8666ab6f00>,45,20,[5 4],46,92,112,46,89
1,<environment.Job instance at 0x7f8666ce87d0>,46,24,[ 1 10],47,104,128,57,99
1,<environment.Job instance at 0x7f8661ba9500>,47,3,[13  1],48,112,115,64,108
1,<environment.Job instance at 0x7f8661ba9370>,48,2,[1 8],49,128,130,79,108
1,<environment.Job instance at 0x7f861bf23690>,53,25,[4 6],54,128,153,74,124
1,<environment.Job instance at 0x7f861bf0afa0>,57,22,[10  3],58,130,152,72,124
1,<environment.Job instance at 0x7f861bf11640>,67,1,[10  1],68,172,173,104,172
1,<environment.Job instance at 0x7f861bf110a0>,68,1,[ 4 10],69,172,173,103,172
1,<environment.Job instance at 0x7f8661b4e8c0>,72,3,[1 6],73,203,206,130,203
1,<environment.Job instance at 0x7f861b9d9eb0>,73,3,[ 5 10],74,206,209,132,203
1,<environment.Job instance at 0x7f861bac8dc0>,77,2,[5 1],78,215,217,137,215
1,<environment.Job instance at 0x7f8661b5c0f0>,78,1,[9 2],79,215,216,136,215
1,<environment.Job instance at 0x7f8661b5cf50>,79,3,[14  2],80,217,220,137,215
1,<environment.Job instance at 0x7f8661c71280>,80,1,[9 3],81,216,217,135,215
1,<environment.Job instance at 0x7f861bdcb0a0>,84,3,[3 7],85,229,232,144,229
1,<environment.Job instance at 0x7f861b9e46e0>,87,19,[ 4 10],88,246,265,158,246
1,<environment.Job instance at 0x7f861b9cb780>,91,2,[8 5],92,260,262,168,260
1,<environment.Job instance at 0x7f861b9f1d20>,93,1,[ 4 10],94,272,273,178,272
1,<environment.Job instance at 0x7f861b9f1320>,94,2,[8 5],95,272,274,177,272
1,<environment.Job instance at 0x7f861b9f1910>,96,23,[ 4 10],97,273,296,176,272
1,<environment.Job instance at 0x7f861b9d6cd0>,98,2,[ 2 10],99,296,298,197,274
1,<environment.Job instance at 0x7f861b9d6370>,99,2,[13  2],100,296,298,196,274
1,<environment.Job instance at 0x7f861b9d6a50>,105,1,[1 6],106,298,299,192,294
1,<environment.Job instance at 0x7f861b9d69b0>,108,1,[3 7],109,302,303,193,302
1,<environment.Job instance at 0x7f8661bc8870>,113,24,[ 5 11],114,334,358,220,334
1,<environment.Job instance at 0x7f8661bc84b0>,116,1,[3 9],117,358,359,241,347
1,<environment.Job instance at 0x7f8661bc8c30>,119,2,[ 5 10],120,359,361,239,357
1,<environment.Job instance at 0x7f8661bc8fa0>,120,1,[2 8],121,361,362,240,357
1,<environment.Job instance at 0x7f8661bc8e10>,122,2,[10  4],123,364,366,241,364
1,<environment.Job instance at 0x7f8661bc8d20>,123,1,[10  5],124,366,367,242,364
1,<environment.Job instance at 0x7f8661bc8b40>,125,3,[4 5],126,374,377,248,374
1,<environment.Job instance at 0x7f8661bc8eb0>,128,1,[ 3 10],129,386,387,257,386
1,<environment.Job instance at 0x7f8661bc86e0>,129,21,[7 5],130,386,407,256,386
1,<environment.Job instance at 0x7f8661bc8370>,131,19,[14  4],132,407,426,275,397
1,<environment.Job instance at 0x7f8661bb0d20>,135,21,[6 2],136,426,447,290,418
1,<environment.Job instance at 0x7f8661bb0280>,138,1,[11  4],139,447,448,308,424
1,<environment.Job instance at 0x7f8661bb0c80>,137,3,[ 5 11],138,427,430,289,427
1,<environment.Job instance at 0x7f861b712410>,148,1,[5 4],149,439,440,290,439
1,<environment.Job instance at 0x7f8661bc4c80>,150,2,[8 4],151,451,453,300,451
1,<environment.Job instance at 0x7f8661bc4eb0>,151,1,[8 1],152,453,454,301,451
1,<environment.Job instance at 0x7f8661bc4960>,152,2,[2 9],153,451,453,298,451
1,<environment.Job instance at 0x7f8661be4af0>,155,2,[3 7],156,454,456,298,454
1,<environment.Job instance at 0x7f861b8aaeb0>,6,22,[8 4],7,7,29,0,7
1,<environment.Job instance at 0x7f861b8aa7d0>,7,20,[5 5],8,8,28,0,8
1,<environment.Job instance at 0x7f861b707370>,15,1,[ 5 14],16,29,30,13,27
1,<environment.Job instance at 0x7f86624344b0>,25,1,[2 7],26,58,59,32,58
1,<environment.Job instance at 0x7f8661d57870>,27,23,[2 9],28,59,82,31,58
1,<environment.Job instance at 0x7f8661d35af0>,28,2,[ 1 11],29,82,84,53,59
1,<environment.Job instance at 0x7f86622185f0>,31,2,[8 5],32,74,76,42,74
1,<environment.Job instance at 0x7f861c04c460>,35,2,[6 3],36,87,89,51,87
1,<environment.Job instance at 0x7f861bf3ea50>,38,2,[1 8],39,92,94,53,92
1,<environment.Job instance at 0x7f8661a10190>,40,3,[7 5],41,103,106,62,103
1,<environment.Job instance at 0x7f8661a10dc0>,41,1,[5 6],42,103,104,61,103
1,<environment.Job instance at 0x7f86615eef00>,45,3,[3 7],46,116,119,70,116
1,<environment.Job instance at 0x7f86615ee370>,46,1,[6 3],47,116,117,69,116
1,<environment.Job instance at 0x7f86615ee5f0>,47,3,[8 2],48,117,120,69,116
1,<environment.Job instance at 0x7f86615ee690>,48,3,[9 1],49,120,123,71,116
1,<environment.Job instance at 0x7f86615ee320>,51,23,[10  2],52,128,151,76,128
1,<environment.Job instance at 0x7f86615ee5a0>,52,1,[3 6],53,128,129,75,128
1,<environment.Job instance at 0x7f8661acd0a0>,57,2,[7 4],58,158,160,100,158
1,<environment.Job instance at 0x7f861b70a2d0>,65,1,[5 1],66,195,196,129,195
1,<environment.Job instance at 0x7f861bf3e230>,39,18,[4 9],40,214,232,174,214
1,<environment.Job instance at 0x7f8661c77a00>,70,1,[9 4],71,220,221,149,220
1,<environment.Job instance at 0x7f861b738050>,71,26,[14  5],72,232,258,160,229
1,<environment.Job instance at 0x7f861b738140>,73,3,[8 1],74,229,232,155,229
1,<environment.Job instance at 0x7f8661ed9b40>,79,1,[2 5],80,258,259,178,239
1,<environment.Job instance at 0x7f8661ed9e60>,81,2,[1 6],82,241,243,159,241
1,<environment.Job instance at 0x7f8661ed9960>,82,1,[7 3],83,258,259,175,241
1,<environment.Job instance at 0x7f86619abf50>,83,1,[2 6],84,258,259,174,241
1,<environment.Job instance at 0x7f86619ab8c0>,86,3,[10  3],87,259,262,172,254
1,<environment.Job instance at 0x7f861bf894b0>,87,3,[9 5],88,262,265,174,254
1,<environment.Job instance at 0x7f86619ab460>,88,3,[ 4 10],89,259,262,170,254
1,<environment.Job instance at 0x7f8661cd0b40>,91,21,[9 2],92,281,302,189,281
1,<environment.Job instance at 0x7f861c0b9eb0>,94,3,[13  3],95,302,305,207,289
1,<environment.Job instance at 0x7f861c0b9f50>,95,3,[8 1],96,305,308,209,289
1,<environment.Job instance at 0x7f8661ba6be0>,97,22,[8 1],98,308,330,210,301
1,<environment.Job instance at 0x7f866201aa50>,103,3,[9 5],104,330,333,226,317
1,<environment.Job instance at 0x7f861ba33730>,104,1,[5 5],105,317,318,212,317
1,<environment.Job instance at 0x7f8661efc7d0>,107,3,[3 5],108,323,326,215,323
1,<environment.Job instance at 0x7f8661efccd0>,108,1,[4 9],109,323,324,214,323
1,<environment.Job instance at 0x7f8661b77d70>,109,1,[8 5],110,333,334,223,323
1,<environment.Job instance at 0x7f8661b77820>,111,25,[12  4],112,334,359,222,331
1,<environment.Job instance at 0x7f8661b77eb0>,113,21,[1 5],114,339,360,225,339
1,<environment.Job instance at 0x7f8661b77960>,119,1,[4 8],120,359,360,239,359
1,<environment.Job instance at 0x7f8661b77a00>,123,2,[1 9],124,380,382,256,380
1,<environment.Job instance at 0x7f8661b70a50>,130,2,[ 5 10],131,420,422,289,420
1,<environment.Job instance at 0x7f8661b70230>,131,1,[4 8],132,422,423,290,420
1,<environment.Job instance at 0x7f8661b70b40>,132,2,[10  1],133,420,422,287,420
1,<environment.Job instance at 0x7f8661b70af0>,134,1,[5 2],135,423,424,288,423
1,<environment.Job instance at 0x7f8661b77fa0>,112,18,[10  1],113,428,446,315,428
1,<environment.Job instance at 0x7f8661b70f50>,137,2,[5 5],138,435,437,297,435
1,<environment.Job instance at 0x7f8661b70dc0>,140,3,[6 2],141,446,449,305,444
1,<environment.Job instance at 0x7f8661b70e60>,142,3,[12  2],143,469,472,326,469
1,<environment.Job instance at 0x7f8661b70190>,145,3,[10  5],146,498,501,352,498
1,<environment.Job instance at 0x7f861b6fd4b0>,149,2,[4 6],150,539,541,389,539
1,<environment.Job instance at 0x7f861b6fd960>,150,3,[2 8],151,539,542,388,539
1,<environment.Job instance at 0x7f861b6fdf50>,152,3,[5 7],153,541,544,388,539
1,<environment.Job instance at 0x7f861b6fdd20>,155,2,[ 4 10],156,554,556,398,554
1,<environment.Job instance at 0x7f861b6fd1e0>,156,23,[ 4 10],157,556,579,399,554
1,<environment.Job instance at 0x7f861b6fd820>,158,2,[9 2],159,561,563,402,561
1,<environment.Job instance at 0x7f8661d36f00>,1,28,[9 4],2,2,30,0,2
1,<environment.Job instance at 0x7f861b9accd0>,2,25,[12  5],3,30,55,27,26
1,<environment.Job instance at 0x7f861b9ac5a0>,14,25,[1 6],15,27,52,12,27
1,<environment.Job instance at 0x7f8661a0c550>,30,1,[10  2],31,60,61,29,60
1,<environment.Job instance at 0x7f8661a0c5f0>,32,24,[3 5],33,69,93,36,69
1,<environment.Job instance at 0x7f861b9a6dc0>,35,27,[1 5],36,78,105,42,78
1,<environment.Job instance at 0x7f861b9a6190>,38,1,[6 1],39,87,88,48,87
1,<environment.Job instance at 0x7f861b9a6c80>,40,2,[1 8],41,93,95,52,90
1,<environment.Job instance at 0x7f861b9a6140>,41,1,[1 5],42,90,91,48,90
1,<environment.Job instance at 0x7f861b9a6690>,42,3,[ 4 10],43,95,98,52,93
1,<environment.Job instance at 0x7f861b9a6370>,46,3,[4 5],47,113,116,66,113
1,<environment.Job instance at 0x7f861b9a6500>,47,3,[3 6],48,113,116,65,113
1,<environment.Job instance at 0x7f861b9a6e60>,48,2,[ 4 10],49,116,118,67,113
1,<environment.Job instance at 0x7f861b9a6e10>,50,2,[1 6],51,122,124,71,122
1,<environment.Job instance at 0x7f8661a8b500>,51,19,[5 8],52,122,141,70,122
1,<environment.Job instance at 0x7f8661a8b370>,53,1,[5 9],54,141,142,87,127
1,<environment.Job instance at 0x7f8661a8bdc0>,55,2,[5 5],56,139,141,83,139
1,<environment.Job instance at 0x7f8661a8be10>,57,18,[1 6],58,141,159,83,141
1,<environment.Job instance at 0x7f861b797c80>,63,21,[4 8],64,171,192,107,171
1,<environment.Job instance at 0x7f861b797050>,67,1,[4 9],68,192,193,124,187
1,<environment.Job instance at 0x7f861b797460>,69,3,[4 5],70,197,200,127,197
1,<environment.Job instance at 0x7f861b7976e0>,71,2,[2 6],72,199,201,127,199
1,<environment.Job instance at 0x7f861b797af0>,73,2,[5 8],74,207,209,133,207
1,<environment.Job instance at 0x7f861b7973c0>,76,2,[11  2],77,216,218,139,216
1,<environment.Job instance at 0x7f861b7970a0>,78,2,[7 2],79,222,224,143,222
1,<environment.Job instance at 0x7f861b9b1be0>,79,2,[6 2],80,222,224,142,222
1,<environment.Job instance at 0x7f861b9b17d0>,82,3,[4 8],83,229,232,146,229
1,<environment.Job instance at 0x7f861b9b1960>,83,2,[9 2],84,229,231,145,229
1,<environment.Job instance at 0x7f861b9b1f00>,85,1,[6 1],86,238,239,152,238
1,<environment.Job instance at 0x7f861b9b15a0>,87,2,[5 3],88,256,258,168,256
1,<environment.Job instance at 0x7f861b9b1190>,92,1,[ 2 10],93,271,272,178,271
1,<environment.Job instance at 0x7f86618f41e0>,93,2,[ 2 10],94,272,274,178,271
1,<environment.Job instance at 0x7f861b9b1cd0>,94,1,[10  4],95,271,272,176,271
1,<environment.Job instance at 0x7f86618f4c80>,95,2,[5 5],96,272,274,176,272
1,<environment.Job instance at 0x7f86618f4960>,97,1,[4 5],98,274,275,176,273
1,<environment.Job instance at 0x7f86618f4e60>,98,1,[3 6],99,274,275,175,273
1,<environment.Job instance at 0x7f86618f4a50>,99,2,[1 6],100,275,277,175,273
1,<environment.Job instance at 0x7f86618f4f50>,100,22,[5 2],101,274,296,173,273
1,<environment.Job instance at 0x7f86618f4af0>,102,1,[11  5],103,296,297,193,274
1,<environment.Job instance at 0x7f86618f4f00>,103,2,[ 4 10],104,277,279,173,274
1,<environment.Job instance at 0x7f86618f4230>,105,19,[9 4],106,297,316,191,287
1,<environment.Job instance at 0x7f86618f40a0>,110,28,[6 4],111,297,325,186,296
1,<environment.Job instance at 0x7f86618f46e0>,111,3,[11  1],112,325,328,213,314
1,<environment.Job instance at 0x7f86618f4aa0>,112,2,[11  5],113,328,330,215,315
1,<environment.Job instance at 0x7f86616ab820>,115,26,[9 2],116,330,356,214,327
1,<environment.Job instance at 0x7f86616ab910>,121,23,[4 5],122,337,360,215,337
1,<environment.Job instance at 0x7f86616ab5a0>,125,3,[ 3 11],126,360,363,234,358
1,<environment.Job instance at 0x7f86616ab0a0>,128,2,[10  3],129,372,374,243,372
1,<environment.Job instance at 0x7f86616abc80>,130,3,[3 9],131,374,377,243,374
1,<environment.Job instance at 0x7f86616abd20>,131,3,[4 8],132,377,380,245,374
1,<environment.Job instance at 0x7f86616abcd0>,132,3,[2 5],133,374,377,241,374
1,<environment.Job instance at 0x7f86616ab6e0>,133,1,[9 2],134,377,378,243,374
1,<environment.Job instance at 0x7f8661599e10>,134,21,[10  4],135,378,399,243,374
1,<environment.Job instance at 0x7f8661599460>,136,1,[ 5 10],137,382,383,245,382
1,<environment.Job instance at 0x7f8661599a50>,137,2,[6 4],138,399,401,261,382
1,<environment.Job instance at 0x7f8661599500>,138,26,[1 5],139,383,409,244,382
1,<environment.Job instance at 0x7f866165e730>,141,1,[ 3 10],142,401,402,259,388
1,<environment.Job instance at 0x7f8662148c30>,142,2,[ 4 13],143,409,411,266,391
1,<environment.Job instance at 0x7f861ba09fa0>,146,2,[2 6],147,402,404,255,400
1,<environment.Job instance at 0x7f8661d4d320>,148,2,[5 5],149,404,406,255,400
1,<environment.Job instance at 0x7f861be39230>,14,20,[ 1 10],15,21,41,6,21
1,<environment.Job instance at 0x7f861be3c140>,10,3,[13  2],11,47,50,36,47
1,<environment.Job instance at 0x7f861be708c0>,20,1,[4 9],21,50,51,29,47
1,<environment.Job instance at 0x7f861ba04550>,22,2,[ 2 13],23,52,54,29,52
1,<environment.Job instance at 0x7f86616f0050>,31,24,[10  2],32,80,104,48,80
1,<environment.Job instance at 0x7f8662401a50>,37,21,[1 8],38,105,126,67,105
1,<environment.Job instance at 0x7f8662401eb0>,42,2,[10  3],43,129,131,86,129
1,<environment.Job instance at 0x7f8662401820>,43,25,[6 2],44,131,156,87,129
1,<environment.Job instance at 0x7f86624010a0>,46,20,[ 5 11],47,142,162,95,142
1,<environment.Job instance at 0x7f8661c71870>,52,1,[1 8],53,170,171,117,170
1,<environment.Job instance at 0x7f7ddf2ae0f0>,3,22,[2 5],4,4,26,0,4
1,<environment.Job instance at 0x7f7dd7e9f8c0>,10,22,[8 1],11,11,33,0,11
1,<environment.Job instance at 0x7f7dd7e9f910>,12,23,[6 4],13,26,49,13,20
1,<environment.Job instance at 0x7f7dd7e9fa00>,14,21,[8 1],15,33,54,18,25
1,<environment.Job instance at 0x7f7dd7e9fc80>,15,3,[2 8],16,49,52,33,25
1,<environment.Job instance at 0x7f7dd7e9fe60>,18,26,[7 4],19,52,78,33,49
1,<environment.Job instance at 0x7f7dd7e9ffa0>,19,25,[5 9],20,54,79,34,50
1,<environment.Job instance at 0x7f7dd7ea29b0>,29,2,[4 7],30,79,81,49,74
1,<environment.Job instance at 0x7f7dd7ea2a50>,30,26,[9 4],31,78,104,47,75
1,<environment.Job instance at 0x7f7dd7ea2b90>,32,21,[5 9],33,81,102,48,75
1,<environment.Job instance at 0x7f7dd7ea2c30>,33,26,[3 6],34,102,128,68,99
1,<environment.Job instance at 0x7f7dd7ea2af0>,31,1,[ 2 14],32,128,129,96,100
1,<environment.Job instance at 0x7f7dd7ea2640>,40,26,[ 1 10],41,129,155,88,126
1,<environment.Job instance at 0x7f7dd7ea26e0>,41,1,[7 1],42,126,127,84,126
1,<environment.Job instance at 0x7f7dd7ea4230>,42,2,[4 7],43,126,128,83,126
1,<environment.Job instance at 0x7f7dd7ea48c0>,50,2,[5 6],51,155,157,104,138
1,<environment.Job instance at 0x7f7dd7ea4a00>,51,2,[5 3],52,138,140,86,138
1,<environment.Job instance at 0x7f7dd7ea4d20>,52,2,[ 2 10],53,157,159,104,138
1,<environment.Job instance at 0x7f7dd7ea45a0>,53,3,[2 9],54,159,162,105,138
1,<environment.Job instance at 0x7f7dd7ea6140>,59,19,[1 7],60,164,183,104,164
1,<environment.Job instance at 0x7f7dd7ea6410>,61,1,[7 5],62,164,165,102,164
1,<environment.Job instance at 0x7f7dd7ea6500>,64,2,[2 8],65,175,177,110,175
1,<environment.Job instance at 0x7f7dd7ea65a0>,65,1,[5 8],66,177,178,111,175
1,<environment.Job instance at 0x7f7dd7ea6960>,71,2,[5 1],72,195,197,123,195
1,<environment.Job instance at 0x7f7dd7ea6aa0>,73,2,[9 3],74,195,197,121,195
1,<environment.Job instance at 0x7f7dd7ea6dc0>,74,2,[1 7],75,195,197,120,195
1,<environment.Job instance at 0x7f7dd7ea6d70>,75,3,[10  4],76,197,200,121,195
1,<environment.Job instance at 0x7f7dd7ea9370>,79,19,[10  3],80,223,242,143,223
1,<environment.Job instance at 0x7f7dd7ea9550>,82,21,[4 8],83,230,251,147,230
1,<environment.Job instance at 0x7f7dd7ea9a50>,90,3,[6 1],91,257,260,166,257
1,<environment.Job instance at 0x7f7dd7ea9c30>,93,25,[ 1 10],94,264,289,170,264
1,<environment.Job instance at 0x7f7dd7ea9cd0>,94,1,[ 5 10],95,289,290,194,264
1,<environment.Job instance at 0x7f7dd7ea9d70>,95,3,[8 5],96,264,267,168,264
1,<environment.Job instance at 0x7f7dd7ead320>,100,2,[5 9],101,290,292,189,273
1,<environment.Job instance at 0x7f7dd7ead4b0>,104,1,[ 1 10],105,298,299,193,298
1,<environment.Job instance at 0x7f7ddf2fc500>,106,1,[4 8],107,304,305,197,304
1,<environment.Job instance at 0x7f7dd7e96190>,109,27,[3 9],110,316,343,206,316
1,<environment.Job instance at 0x7f7dd7f660f0>,110,23,[5 1],111,316,339,205,316
1,<environment.Job instance at 0x7f7dd7e967d0>,117,3,[ 3 13],118,343,346,225,343
1,<environment.Job instance at 0x7f7dd7e92320>,119,28,[7 5],120,346,374,226,345
1,<environment.Job instance at 0x7f7dd7f8bd70>,121,3,[1 6],122,352,355,230,352
1,<environment.Job instance at 0x7f7dd7e92b40>,123,3,[10  1],124,374,377,250,352
1,<environment.Job instance at 0x7f7dd802f410>,124,1,[6 1],125,352,353,227,352
1,<environment.Job instance at 0x7f7dd810c460>,125,2,[7 4],126,354,356,228,354
1,<environment.Job instance at 0x7f7dd7f58eb0>,126,2,[1 6],127,355,357,228,354
1,<environment.Job instance at 0x7f7dd7fbe500>,128,1,[7 1],129,366,367,237,366
1,<environment.Job instance at 0x7f7dd7e92be0>,120,19,[ 5 12],121,374,393,253,368
1,<environment.Job instance at 0x7f7dd8030960>,133,2,[ 5 10],134,393,395,259,384
1,<environment.Job instance at 0x7f7dd7f38460>,136,1,[9 5],137,397,398,260,397
1,<environment.Job instance at 0x7f7dd7f55c80>,137,28,[ 2 10],138,397,425,259,397
1,<environment.Job instance at 0x7f7dd7faf190>,144,20,[13  4],145,423,443,278,423
1,<environment.Job instance at 0x7f7dd7f5b320>,151,22,[5 6],152,443,465,291,436
1,<environment.Job instance at 0x7f7dd7f5b1e0>,153,1,[12  5],154,465,466,311,437
1,<environment.Job instance at 0x7f7dd7f5b280>,154,1,[8 3],155,443,444,288,437
1,<environment.Job instance at 0x7f7dd7fb0a00>,157,21,[10  4],158,466,487,308,458
1,<environment.Job instance at 0x7f7dd7faebe0>,160,24,[1 5],161,458,482,297,458
1,<environment.Job instance at 0x7f7dd7eb6500>,3,24,[3 7],4,4,28,0,4
1,<environment.Job instance at 0x7f7dd7ebb8c0>,4,19,[3 8],5,7,26,2,7
1,<environment.Job instance at 0x7f7dd7e46d20>,18,27,[ 3 12],19,28,55,9,26
1,<environment.Job instance at 0x7f7dd7e46f50>,24,26,[3 9],25,55,81,30,52
1,<environment.Job instance at 0x7f7dd7e435a0>,26,3,[7 5],27,55,58,28,52
1,<environment.Job instance at 0x7f7dd7e434b0>,28,21,[2 7],29,81,102,52,73
1,<environment.Job instance at 0x7f7dd7e43cd0>,30,23,[4 7],31,81,104,50,75
1,<environment.Job instance at 0x7f7dd7e4a0f0>,37,2,[10  3],38,102,104,64,83
1,<environment.Job instance at 0x7f7dd7e4a4b0>,38,20,[ 2 10],39,104,124,65,95
1,<environment.Job instance at 0x7f7dd7e4a730>,43,1,[4 8],44,124,125,80,113
1,<environment.Job instance at 0x7f7dd7e439b0>,35,19,[ 1 10],36,125,144,89,115
1,<environment.Job instance at 0x7f7dd7e4a320>,45,21,[1 6],46,144,165,98,136
1,<environment.Job instance at 0x7f7dd7e4a1e0>,40,1,[14  4],41,136,137,95,136
1,<environment.Job instance at 0x7f7d942a3280>,48,23,[1 9],49,144,167,95,138
1,<environment.Job instance at 0x7f7d94226140>,58,19,[4 7],59,167,186,108,157
1,<environment.Job instance at 0x7f7d94226a50>,61,1,[ 5 10],62,186,187,124,173
1,<environment.Job instance at 0x7f7d94226320>,62,2,[10  4],63,173,175,110,173
1,<environment.Job instance at 0x7f7d942240a0>,63,22,[9 1],64,175,197,111,173
1,<environment.Job instance at 0x7f7d942243c0>,67,2,[ 1 12],68,187,189,119,184
1,<environment.Job instance at 0x7f7d94224870>,69,2,[7 2],70,197,199,127,187
1,<environment.Job instance at 0x7f7d942245f0>,73,13,[9 2],74,199,212,125,198
1,<environment.Job instance at 0x7f7d94225280>,75,27,[6 1],76,206,233,130,206
1,<environment.Job instance at 0x7f7d94225d20>,76,1,[4 7],77,212,213,135,206
1,<environment.Job instance at 0x7f7d94225640>,78,3,[5 1],79,213,216,134,213
1,<environment.Job instance at 0x7f7d94225500>,79,2,[6 2],80,216,218,136,213
1,<environment.Job instance at 0x7f7d9429ca50>,82,23,[1 8],83,223,246,140,223
1,<environment.Job instance at 0x7f7d942b2d70>,83,1,[9 5],84,233,234,149,223
1,<environment.Job instance at 0x7f7d9429c0f0>,84,2,[7 1],85,223,225,138,223
1,<environment.Job instance at 0x7f7d94323460>,85,1,[5 1],86,225,226,139,223
1,<environment.Job instance at 0x7f7d942b7fa0>,86,1,[2 6],87,226,227,139,223
1,<environment.Job instance at 0x7f7d942a7550>,88,2,[5 3],89,227,229,138,226
1,<environment.Job instance at 0x7f7d942b7e60>,89,3,[4 8],90,246,249,156,227
1,<environment.Job instance at 0x7f7d942b7c30>,90,2,[4 5],91,229,231,138,227
1,<environment.Job instance at 0x7f7d942bc7d0>,92,1,[1 5],93,239,240,146,239
1,<environment.Job instance at 0x7f7d942bcbe0>,93,26,[5 3],94,240,266,146,239
1,<environment.Job instance at 0x7f7d943a6a50>,97,1,[4 6],98,254,255,156,254
1,<environment.Job instance at 0x7f7d943695a0>,99,18,[5 2],100,258,276,158,258
1,<environment.Job instance at 0x7f7d94391cd0>,100,18,[5 8],101,261,279,160,261
1,<environment.Job instance at 0x7f7d94391640>,104,3,[7 5],105,276,279,171,275
1,<environment.Job instance at 0x7f7d9455d2d0>,108,20,[5 2],109,288,308,179,288
1,<environment.Job instance at 0x7f7d9455d460>,109,26,[2 8],110,288,314,178,288
1,<environment.Job instance at 0x7f7d943cb0a0>,111,20,[ 4 10],112,314,334,202,305
1,<environment.Job instance at 0x7f7d94171050>,113,2,[7 3],114,305,307,191,305
1,<environment.Job instance at 0x7f7d9411caf0>,115,2,[5 7],116,334,336,218,315
1,<environment.Job instance at 0x7f7d941dfe10>,116,2,[8 1],117,315,317,198,315
1,<environment.Job instance at 0x7f7d941dfd20>,117,27,[9 5],118,317,344,199,315
1,<environment.Job instance at 0x7f7d940eaeb0>,4,21,[4 9],5,5,26,0,5
1,<environment.Job instance at 0x7f7d941066e0>,9,1,[ 4 11],10,26,27,16,10
1,<environment.Job instance at 0x7f7d9411c5a0>,11,2,[4 5],12,12,14,0,12
1,<environment.Job instance at 0x7f7d9411c460>,12,1,[ 4 10],13,27,28,14,13
1,<environment.Job instance at 0x7f7d9411c050>,13,3,[7 5],14,14,17,0,14
1,<environment.Job instance at 0x7f7d9411c2d0>,16,25,[2 8],17,28,53,11,24
1,<environment.Job instance at 0x7f7d9410df50>,20,26,[8 3],21,24,50,3,24
1,<environment.Job instance at 0x7f7ddf4149b0>,27,3,[10  5],28,50,53,22,42
1,<environment.Job instance at 0x7f7d9411e5a0>,29,2,[5 3],30,44,46,14,44
1,<environment.Job instance at 0x7f7dd80d4d20>,33,2,[10  2],34,56,58,22,56
1,<environment.Job instance at 0x7f7dd80d4aa0>,34,2,[11  3],35,58,60,23,56
1,<environment.Job instance at 0x7f7d94102280>,36,2,[2 7],37,70,72,33,70
1,<environment.Job instance at 0x7f7ddf4161e0>,38,1,[9 5],39,70,71,31,70
1,<environment.Job instance at 0x7f7dd7cf42d0>,39,18,[5 2],40,71,89,31,70
1,<environment.Job instance at 0x7f7dd7c265f0>,26,18,[8 3],27,87,105,60,87
1,<environment.Job instance at 0x7f7d94178730>,43,3,[2 8],44,87,90,43,87
1,<environment.Job instance at 0x7f7dd7c8eb40>,44,17,[6 1],45,95,112,50,95
1,<environment.Job instance at 0x7f7d940f4aa0>,47,2,[9 3],48,105,107,57,102
1,<environment.Job instance at 0x7f7ddf2d5d20>,52,1,[10  4],53,119,120,66,119
1,<environment.Job instance at 0x7f7ddf2d53c0>,54,18,[10  5],55,133,151,78,133
1,<environment.Job instance at 0x7f7ddf2d56e0>,55,3,[8 3],56,151,154,95,133
1,<environment.Job instance at 0x7f7ddf2d5dc0>,57,2,[ 3 11],58,151,153,93,134
1,<environment.Job instance at 0x7f7ddf419870>,59,2,[2 7],60,147,149,87,147
1,<environment.Job instance at 0x7f7ddf4195a0>,62,27,[8 3],63,162,189,99,162
1,<environment.Job instance at 0x7f7ddf4190f0>,63,18,[1 6],64,164,182,100,164
1,<environment.Job instance at 0x7f7ddf2ad0a0>,65,1,[1 6],66,165,166,99,165
1,<environment.Job instance at 0x7f7dd7c2c550>,66,27,[2 6],67,166,193,99,165
1,<environment.Job instance at 0x7f7d940fc1e0>,72,2,[2 7],73,194,196,121,194
1,<environment.Job instance at 0x7f7d940fc0f0>,73,1,[8 3],74,194,195,120,194
1,<environment.Job instance at 0x7f7ddf420320>,76,2,[7 5],77,203,205,126,203
1,<environment.Job instance at 0x7f7dd7c93690>,77,1,[2 8],78,203,204,125,203
1,<environment.Job instance at 0x7f7dd7c933c0>,78,3,[2 9],79,204,207,125,203
1,<environment.Job instance at 0x7f7ddf427dc0>,79,3,[2 7],80,207,210,127,203
1,<environment.Job instance at 0x7f7ddf427a00>,81,3,[3 8],82,209,212,127,209
1,<environment.Job instance at 0x7f7dd7cc39b0>,83,1,[7 1],84,214,215,130,214
1,<environment.Job instance at 0x7f7dd7cc3780>,86,21,[ 4 10],87,221,242,134,221
1,<environment.Job instance at 0x7f7dd7cc3050>,87,23,[2 8],88,242,265,154,236
1,<environment.Job instance at 0x7f7dd801f320>,88,3,[11  1],89,236,239,147,236
1,<environment.Job instance at 0x7f7dd7c046e0>,89,19,[13  3],90,286,305,196,286
1,<environment.Job instance at 0x7f7dd80befa0>,91,3,[7 4],92,305,308,213,286
1,<environment.Job instance at 0x7f7dd7c04550>,93,1,[5 8],94,305,306,211,286
1,<environment.Job instance at 0x7f7d9474bbe0>,7,28,[9 1],8,8,36,0,8
1,<environment.Job instance at 0x7f7d9474afa0>,12,26,[5 8],13,13,39,0,13
1,<environment.Job instance at 0x7f7d947a2fa0>,16,2,[ 5 13],17,39,41,22,31
1,<environment.Job instance at 0x7f7d947a30f0>,21,1,[13  4],22,41,42,19,37
1,<environment.Job instance at 0x7f7d947855a0>,23,22,[3 5],24,42,64,18,37
1,<environment.Job instance at 0x7f7dd7ef5b40>,27,28,[ 5 10],28,42,70,14,41
1,<environment.Job instance at 0x7f7dde82ffa0>,28,2,[12  3],29,70,72,41,48
1,<environment.Job instance at 0x7f7ddec78550>,30,22,[7 1],31,72,94,41,65
1,<environment.Job instance at 0x7f7dd7f50a00>,32,21,[5 7],33,72,93,39,65
1,<environment.Job instance at 0x7f7dde807050>,40,3,[10  1],41,94,97,53,90
1,<environment.Job instance at 0x7f7dd7fee500>,39,18,[8 2],40,97,115,57,96
1,<environment.Job instance at 0x7f7dd7f1f5a0>,42,3,[6 5],43,97,100,54,96
1,<environment.Job instance at 0x7f7dde752be0>,46,2,[2 6],47,117,119,70,117
1,<environment.Job instance at 0x7f7dd8056500>,47,1,[5 1],48,117,118,69,117
1,<environment.Job instance at 0x7f7dd8049500>,48,1,[10  1],49,118,119,69,117
1,<environment.Job instance at 0x7f7dd7fe4e60>,49,2,[4 7],50,119,121,69,117
1,<environment.Job instance at 0x7f7dd808f460>,50,26,[3 7],51,117,143,66,117
1,<environment.Job instance at 0x7f7dd7e92aa0>,56,1,[10  1],57,146,147,89,146
1,<environment.Job instance at 0x7f7dd800e780>,59,1,[12  2],60,158,159,98,158
1,<environment.Job instance at 0x7f7dd800e0f0>,61,3,[5 1],62,165,168,103,165
1,<environment.Job instance at 0x7f7dde8894b0>,62,24,[1 9],63,165,189,102,165
1,<environment.Job instance at 0x7f7d94604fa0>,67,2,[3 7],68,189,191,121,185
1,<environment.Job instance at 0x7f7d94604960>,68,2,[1 6],69,185,187,116,185
1,<environment.Job instance at 0x7f7dd817cd70>,69,3,[7 2],70,187,190,117,185
1,<environment.Job instance at 0x7f7d94171460>,71,27,[7 1],72,193,220,121,193
1,<environment.Job instance at 0x7f7d941711e0>,72,26,[ 3 10],73,193,219,120,193
1,<environment.Job instance at 0x7f7d94171b90>,73,2,[ 3 13],74,219,221,145,214
1,<environment.Job instance at 0x7f7d94171f50>,75,21,[ 2 10],76,221,242,145,214
1,<environment.Job instance at 0x7f7d94171910>,77,1,[ 3 14],78,242,243,164,219
1,<environment.Job instance at 0x7f7dd7f24f00>,10,2,[ 1 11],11,11,13,0,11
1,<environment.Job instance at 0x7f7ddf418af0>,12,1,[ 3 10],13,13,14,0,13
1,<environment.Job instance at 0x7f7ddf4180f0>,13,3,[3 8],14,14,17,0,14
1,<environment.Job instance at 0x7f7d9463b910>,14,2,[3 6],15,15,17,0,15
1,<environment.Job instance at 0x7f7d9463b640>,18,2,[ 1 10],19,26,28,7,26
1,<environment.Job instance at 0x7f7d944f8640>,22,1,[5 9],23,35,36,12,35
1,<environment.Job instance at 0x7f7d944f8c80>,24,1,[2 5],25,44,45,19,44
1,<environment.Job instance at 0x7f7d944f8460>,25,1,[7 2],26,44,45,18,44
1,<environment.Job instance at 0x7f7d944f8410>,26,1,[10  4],27,45,46,18,44
1,<environment.Job instance at 0x7f7d944f8fa0>,27,2,[8 3],28,46,48,18,44
1,<environment.Job instance at 0x7f7d944f8960>,29,1,[ 2 10],30,54,55,24,54
1,<environment.Job instance at 0x7f7d944f85a0>,31,3,[3 5],32,55,58,23,55
1,<environment.Job instance at 0x7f7dd7fa0af0>,34,1,[6 4],35,70,71,35,70
1,<environment.Job instance at 0x7f7dd7fa0e10>,35,21,[9 5],36,70,91,34,70
1,<environment.Job instance at 0x7f7dd7fa0d70>,42,1,[5 3],43,98,99,55,98
1,<environment.Job instance at 0x7f7dd7fa0c80>,43,27,[3 5],44,98,125,54,98
1,<environment.Job instance at 0x7f7dd7fa05f0>,44,1,[12  4],45,99,100,54,98
1,<environment.Job instance at 0x7f7dd7fa0690>,45,2,[14  1],46,125,127,79,104
1,<environment.Job instance at 0x7f7dd830c870>,51,2,[4 5],52,127,129,75,125
1,<environment.Job instance at 0x7f7d94810960>,59,3,[3 7],60,156,159,96,156
1,<environment.Job instance at 0x7f7d9474d9b0>,61,3,[5 4],62,163,166,101,163
1,<environment.Job instance at 0x7f7dd7fa01e0>,36,18,[10  5],37,165,183,128,165
1,<environment.Job instance at 0x7f7d947fcf00>,64,1,[4 7],65,166,167,101,165
1,<environment.Job instance at 0x7f7dd82b2be0>,66,27,[10  4],67,183,210,116,181
1,<environment.Job instance at 0x7f7dd82b25f0>,67,1,[5 6],68,181,182,113,181
1,<environment.Job instance at 0x7f7dd7cd56e0>,70,1,[ 5 11],71,190,191,119,190
1,<environment.Job instance at 0x7f7dd7ccfcd0>,72,25,[7 3],73,210,235,137,206
1,<environment.Job instance at 0x7f7d94811b90>,73,3,[ 1 10],74,206,209,132,206
1,<environment.Job instance at 0x7f7d948117d0>,75,2,[ 2 10],76,209,211,133,208
1,<environment.Job instance at 0x7f7d94811190>,82,2,[3 9],83,252,254,169,252
1,<environment.Job instance at 0x7f7d9480cf50>,90,3,[ 1 10],91,290,293,199,290
1,<environment.Job instance at 0x7f7d9480c7d0>,91,2,[ 2 10],92,293,295,201,290
1,<environment.Job instance at 0x7f7d9480ce60>,96,1,[2 8],97,295,296,198,293
1,<environment.Job instance at 0x7f7d948083c0>,103,1,[6 2],104,337,338,233,337
1,<environment.Job instance at 0x7f7d94808b40>,104,2,[2 7],105,337,339,232,337
1,<environment.Job instance at 0x7f7d94808320>,105,26,[4 8],106,338,364,232,337
1,<environment.Job instance at 0x7f7d94808910>,106,20,[4 8],107,364,384,257,355
1,<environment.Job instance at 0x7f7d94808f00>,107,3,[4 6],108,355,358,247,355
1,<environment.Job instance at 0x7f7d948089b0>,109,1,[5 6],110,358,359,248,356
1,<environment.Job instance at 0x7f7d948095a0>,110,25,[5 4],111,359,384,248,356
1,<environment.Job instance at 0x7f7d948090a0>,111,21,[5 5],112,384,405,272,376
1,<environment.Job instance at 0x7f7d948091e0>,112,1,[6 5],113,384,385,271,376
1,<environment.Job instance at 0x7f7d94809f50>,115,25,[5 7],116,387,412,271,387
1,<environment.Job instance at 0x7f7d94809a50>,117,22,[5 8],118,405,427,287,398
1,<environment.Job instance at 0x7f7d947ece60>,119,3,[11  3],120,432,435,312,432
1,<environment.Job instance at 0x7f7d947ec9b0>,122,2,[10  4],123,436,438,313,436
1,<environment.Job instance at 0x7f7d947ec730>,123,27,[8 5],124,438,465,314,436
1,<environment.Job instance at 0x7f7dd7f24140>,3,20,[5 3],4,4,24,0,4
1,<environment.Job instance at 0x7f7ddf418960>,8,2,[2 5],9,9,11,0,9
1,<environment.Job instance at 0x7f7ddf418780>,7,3,[ 4 10],8,11,14,3,9
1,<environment.Job instance at 0x7f7ddf4189b0>,12,2,[5 2],13,14,16,1,14
1,<environment.Job instance at 0x7f7dd82fd2d0>,15,2,[10  1],16,16,18,0,16
1,<environment.Job instance at 0x7f7d944eae60>,17,22,[10  1],18,18,40,0,18
1,<environment.Job instance at 0x7f7d944ea640>,20,20,[3 8],21,28,48,7,28
1,<environment.Job instance at 0x7f7d944ea1e0>,21,3,[11  4],22,40,43,18,34
1,<environment.Job instance at 0x7f7d944eaa50>,23,1,[5 7],24,43,44,19,34
1,<environment.Job instance at 0x7f7d944ea500>,25,1,[9 5],26,44,45,18,35
1,<environment.Job instance at 0x7f7d944ea870>,26,26,[9 5],27,45,71,18,42
1,<environment.Job instance at 0x7f7d94499e10>,27,1,[5 3],28,48,49,20,42
1,<environment.Job instance at 0x7f7d944996e0>,30,1,[10  4],31,71,72,40,44
1,<environment.Job instance at 0x7f7d94499050>,31,2,[2 6],32,49,51,17,44
1,<environment.Job instance at 0x7f7d944999b0>,36,2,[2 8],37,63,65,26,63
1,<environment.Job instance at 0x7f7ddeadfc30>,37,1,[ 4 12],38,72,73,34,63
1,<environment.Job instance at 0x7f7ddeadfb40>,38,2,[5 5],39,65,67,26,63
1,<environment.Job instance at 0x7f7ddeadfaf0>,39,22,[7 3],40,72,94,32,65
1,<environment.Job instance at 0x7f7ddeadfaa0>,42,25,[7 5],43,74,99,31,74
1,<environment.Job instance at 0x7f7dd7f02c30>,43,2,[14  5],44,102,104,58,102
1,<environment.Job instance at 0x7f7dd7f02690>,44,2,[13  4],45,104,106,59,102
1,<environment.Job instance at 0x7f7dde766640>,51,1,[3 5],52,121,122,69,121
1,<environment.Job instance at 0x7f7dde7662d0>,52,3,[7 4],53,125,128,72,125
1,<environment.Job instance at 0x7f7dde766be0>,54,1,[6 4],55,129,130,74,129
1,<environment.Job instance at 0x7f7dde898e10>,61,18,[8 1],62,193,211,131,193
1,<environment.Job instance at 0x7f7dd80f37d0>,63,20,[8 4],64,211,231,147,202
1,<environment.Job instance at 0x7f7dd80f3f00>,64,2,[7 1],65,202,204,137,202
1,<environment.Job instance at 0x7f7d944010f0>,65,3,[2 6],66,204,207,138,202
1,<environment.Job instance at 0x7f7d94401aa0>,66,1,[1 6],67,204,205,137,203
1,<environment.Job instance at 0x7f7d94401eb0>,67,27,[8 5],68,231,258,163,229
1,<environment.Job instance at 0x7f7d94401140>,68,1,[6 5],69,229,230,160,229
1,<environment.Job instance at 0x7f7dd7e52280>,79,2,[ 2 12],80,258,260,178,258
1,<environment.Job instance at 0x7f7dd7e52320>,82,24,[4 6],83,266,290,183,266
1,<environment.Job instance at 0x7f7dd7f24780>,1,1,[2 8],2,2,3,0,2
1,<environment.Job instance at 0x7f7dd7f24b90>,5,2,[7 1],6,6,8,0,6
1,<environment.Job instance at 0x7f7dd7f24500>,6,2,[2 6],7,7,9,0,7
1,<environment.Job instance at 0x7f7dde83b6e0>,11,1,[ 5 14],12,12,13,0,12
1,<environment.Job instance at 0x7f7ddea6fd20>,12,1,[7 1],13,13,14,0,13
1,<environment.Job instance at 0x7f7ddec760f0>,13,19,[7 1],14,14,33,0,14
1,<environment.Job instance at 0x7f7ddea724b0>,16,1,[4 5],17,17,18,0,17
1,<environment.Job instance at 0x7f7dded86820>,23,27,[5 1],24,44,71,20,44
1,<environment.Job instance at 0x7f7ddeac8960>,26,2,[ 5 12],27,55,57,28,55
1,<environment.Job instance at 0x7f7ddeac8eb0>,28,2,[7 4],29,57,59,28,55
1,<environment.Job instance at 0x7f7ddecfd730>,29,1,[1 6],30,57,58,27,56
1,<environment.Job instance at 0x7f7dd7ee7e10>,32,1,[6 5],33,70,71,37,70
1,<environment.Job instance at 0x7f7dd7ebecd0>,39,3,[4 7],40,115,118,75,115
1,<environment.Job instance at 0x7f7dd802fbe0>,40,18,[2 9],41,128,146,87,128
1,<environment.Job instance at 0x7f7dd7fafa00>,44,3,[3 5],45,137,140,92,137
1,<environment.Job instance at 0x7f7d945ea0f0>,45,2,[8 3],46,140,142,94,137
1,<environment.Job instance at 0x7f7dd8204f50>,47,26,[3 7],48,146,172,98,143
1,<environment.Job instance at 0x7f7d9460c960>,49,1,[4 9],50,172,173,122,144
1,<environment.Job instance at 0x7f7d9460c550>,51,3,[7 2],52,144,147,92,144
1,<environment.Job instance at 0x7f7dde7abfa0>,52,3,[2 9],53,173,176,120,147
1,<environment.Job instance at 0x7f7dde7ab2d0>,53,3,[1 5],54,147,150,93,147
1,<environment.Job instance at 0x7f7d9411ca50>,55,1,[8 4],56,150,151,94,147
1,<environment.Job instance at 0x7f7ddeb78050>,57,1,[ 2 11],58,176,177,118,153
1,<environment.Job instance at 0x7f7dd81f6dc0>,59,25,[3 8],60,177,202,117,173
1,<environment.Job instance at 0x7f7dd7fb1410>,63,3,[2 7],64,177,180,113,173
1,<environment.Job instance at 0x7f7dde7193c0>,65,18,[8 2],66,180,198,114,173
1,<environment.Job instance at 0x7f7d94307550>,66,1,[6 4],67,173,174,106,173
1,<environment.Job instance at 0x7f7dde719f50>,67,28,[4 9],68,202,230,134,201
1,<environment.Job instance at 0x7f7d945ebfa0>,68,1,[3 8],69,230,231,161,202
1,<environment.Job instance at 0x7f7d945ebd20>,69,1,[10  3],70,202,203,132,202
1,<environment.Job instance at 0x7f7d945eb320>,70,1,[3 6],71,203,204,132,202
1,<environment.Job instance at 0x7f7d945eb730>,73,2,[5 9],74,231,233,157,205
1,<environment.Job instance at 0x7f7ddecd5dc0>,9,24,[7 1],10,10,34,0,10
1,<environment.Job instance at 0x7f7d944ec870>,10,26,[4 8],11,11,37,0,11
1,<environment.Job instance at 0x7f7d944eccd0>,13,3,[10  4],14,34,37,20,14
1,<environment.Job instance at 0x7f7d945991e0>,21,1,[10  4],22,37,38,15,36
1,<environment.Job instance at 0x7f7d945998c0>,23,18,[8 1],24,49,67,25,49
1,<environment.Job instance at 0x7f7dd7e175f0>,30,2,[3 9],31,75,77,44,75
1,<environment.Job instance at 0x7f7dd7e170f0>,33,1,[ 3 13],34,77,78,43,76
1,<environment.Job instance at 0x7f7dd7e17550>,34,1,[6 2],35,76,77,41,76
1,<environment.Job instance at 0x7f7dd7e17dc0>,35,22,[1 9],36,78,100,42,76
1,<environment.Job instance at 0x7f7ddf2d2e10>,41,2,[1 5],42,97,99,55,97
1,<environment.Job instance at 0x7f7dd8204320>,42,3,[9 5],43,100,103,57,100
1,<environment.Job instance at 0x7f7dde6ce0f0>,45,1,[ 5 13],46,114,115,68,114
1,<environment.Job instance at 0x7f7d945eb1e0>,50,19,[5 4],51,142,161,91,142
1,<environment.Job instance at 0x7f7dd7ed59b0>,52,3,[5 9],53,148,151,95,148
1,<environment.Job instance at 0x7f7dde6d1190>,54,24,[5 9],55,160,184,105,160
1,<environment.Job instance at 0x7f7ddecfdf50>,56,1,[3 9],57,184,185,127,164
1,<environment.Job instance at 0x7f7ddecc2320>,57,26,[8 5],58,164,190,106,164
1,<environment.Job instance at 0x7f7ddecc2910>,63,26,[7 5],64,193,219,129,193
1,<environment.Job instance at 0x7f7ddecc2aa0>,65,2,[13  2],66,219,221,153,200
1,<environment.Job instance at 0x7f7ddecc28c0>,66,20,[3 6],67,221,241,154,212
1,<environment.Job instance at 0x7f7ddecc2cd0>,70,1,[9 3],71,227,228,156,227
1,<environment.Job instance at 0x7f7ddecc2d70>,71,1,[4 6],72,228,229,156,227
1,<environment.Job instance at 0x7f7ddecc2960>,73,3,[11  3],74,234,237,160,234
1,<environment.Job instance at 0x7f7ddecc2f50>,74,1,[4 7],75,237,238,162,234
1,<environment.Job instance at 0x7f7ddecc2e60>,76,1,[1 9],77,242,243,165,242
1,<environment.Job instance at 0x7f7ddecb04b0>,77,2,[8 2],78,242,244,164,242
1,<environment.Job instance at 0x7f7ddecb0550>,78,3,[9 2],79,244,247,165,242
1,<environment.Job instance at 0x7f7ddecb06e0>,80,2,[7 3],81,249,251,168,249
1,<environment.Job instance at 0x7f7ddecb05a0>,82,1,[7 3],83,254,255,171,254
1,<environment.Job instance at 0x7f7ddecb09b0>,83,3,[9 3],84,255,258,171,254
1,<environment.Job instance at 0x7f7ddecb0aa0>,85,2,[4 9],86,254,256,168,254
1,<environment.Job instance at 0x7f7ddecb0b40>,86,2,[2 8],87,256,258,169,254
1,<environment.Job instance at 0x7f7ddecb0be0>,87,3,[1 6],88,258,261,170,254
1,<environment.Job instance at 0x7f7ddecb0d20>,89,1,[5 5],90,269,270,179,269
1,<environment.Job instance at 0x7f7ddecb0dc0>,90,3,[4 8],91,269,272,178,269
1,<environment.Job instance at 0x7f7ddecb0f00>,92,13,[7 3],93,271,284,178,271
1,<environment.Job instance at 0x7f7ddecb0820>,93,2,[9 4],94,284,286,190,271
1,<environment.Job instance at 0x7f7ddecb0b90>,96,23,[10  4],97,288,311,191,288
1,<environment.Job instance at 0x7f7d940b7370>,99,18,[9 5],100,311,329,211,310
1,<environment.Job instance at 0x7f7d940b75a0>,100,3,[10  4],101,329,332,228,310
1,<environment.Job instance at 0x7f7d940b7690>,103,1,[6 2],104,321,322,217,321
1,<environment.Job instance at 0x7f7d940b7820>,104,2,[8 4],105,332,334,227,321
1,<environment.Job instance at 0x7f7d940b7870>,107,18,[5 4],108,336,354,228,336
1,<environment.Job instance at 0x7f7d940b7aa0>,108,12,[6 1],109,336,348,227,336
1,<environment.Job instance at 0x7f7d940b7af0>,111,17,[7 2],112,352,369,240,352
1,<environment.Job instance at 0x7f7d940b7c30>,112,1,[2 7],113,352,353,239,352
1,<environment.Job instance at 0x7f7d940b7f50>,116,14,[1 5],117,373,387,256,373
1,<environment.Job instance at 0x7f7d940b7eb0>,117,1,[4 8],118,373,374,255,373
1,<environment.Job instance at 0x7f7d940a8190>,118,2,[10  1],119,373,375,254,373
1,<environment.Job instance at 0x7f7d940a8230>,119,25,[8 3],120,375,400,255,373
1,<environment.Job instance at 0x7f7d940a82d0>,120,2,[5 5],121,375,377,254,373
1,<environment.Job instance at 0x7f7d940a8410>,122,24,[11  1],123,400,424,277,395
1,<environment.Job instance at 0x7f7d940a8be0>,132,18,[10  1],133,424,442,291,423
1,<environment.Job instance at 0x7f7d940a8b40>,133,2,[4 8],134,423,425,289,423
1,<environment.Job instance at 0x7f7d940a86e0>,134,1,[ 3 10],135,425,426,290,423
1,<environment.Job instance at 0x7f7d940a8aa0>,136,3,[7 4],137,442,445,305,423
1,<environment.Job instance at 0x7f7d940a8d70>,137,1,[8 2],138,442,443,304,423
1,<environment.Job instance at 0x7f7d940a8e10>,138,2,[8 3],139,443,445,304,423
1,<environment.Job instance at 0x7f7d940a8eb0>,139,1,[ 3 10],140,426,427,286,423
1,<environment.Job instance at 0x7f7d940a8960>,140,2,[8 2],141,445,447,304,423
1,<environment.Job instance at 0x7f7d940d9230>,142,1,[4 6],143,441,442,298,441
1,<environment.Job instance at 0x7f7d940d9320>,144,1,[5 8],145,445,446,300,442
1,<environment.Job instance at 0x7f7d940d9280>,145,3,[7 3],146,446,449,300,442
1,<environment.Job instance at 0x7f7d940d9410>,146,2,[5 5],147,447,449,300,442
1,<environment.Job instance at 0x7f7d940d9550>,147,3,[ 1 10],148,449,452,301,442
1,<environment.Job instance at 0x7f7ddec70b90>,149,2,[10  1],150,452,454,302,452
1,<environment.Job instance at 0x7f7ddecba1e0>,150,3,[8 2],151,454,457,303,452
1,<environment.Job instance at 0x7f7ddecba460>,152,14,[ 1 10],153,456,470,303,456
1,<environment.Job instance at 0x7f7ddecba230>,153,2,[12  1],154,457,459,303,456
1,<environment.Job instance at 0x7f7ddecba190>,154,1,[ 5 14],155,470,471,315,456
1,<environment.Job instance at 0x7f7d944525f0>,156,21,[3 7],157,471,492,314,467
1,<environment.Job instance at 0x7f7dde6c2e10>,158,28,[8 3],159,471,499,312,471
1,<environment.Job instance at 0x7f7ddecba410>,159,20,[1 9],160,492,512,332,483
1,<environment.Job instance at 0x7f7d947b10f0>,165,12,[7 2],166,509,521,343,509
1,<environment.Job instance at 0x7f7dd7f24690>,0,2,[4 9],1,2,4,1,2
1,<environment.Job instance at 0x7f7dd8345230>,4,1,[11  3],5,6,7,1,6
1,<environment.Job instance at 0x7f7d94524d20>,10,2,[2 9],11,11,13,0,11
1,<environment.Job instance at 0x7f7dd827c3c0>,12,27,[9 1],13,13,40,0,13
1,<environment.Job instance at 0x7f7d94239d70>,15,1,[9 3],16,40,41,24,26
1,<environment.Job instance at 0x7f7d942eb320>,16,21,[12  2],17,41,62,24,33
1,<environment.Job instance at 0x7f7dd827c0f0>,17,2,[1 5],18,33,35,15,33
1,<environment.Job instance at 0x7f7d945d6960>,19,20,[2 8],20,33,53,13,33
1,<environment.Job instance at 0x7f7dd8343370>,21,19,[5 5],22,62,81,40,52
1,<environment.Job instance at 0x7f7dd7e695f0>,31,23,[5 9],32,110,133,78,110
1,<environment.Job instance at 0x7f7dd81a4fa0>,26,2,[12  3],27,133,135,106,116
1,<environment.Job instance at 0x7f7dd82601e0>,37,3,[ 1 10],38,140,143,102,140
1,<environment.Job instance at 0x7f7dded05d20>,38,1,[8 4],39,140,141,101,140
1,<environment.Job instance at 0x7f7dded05d70>,39,3,[ 4 11],40,143,146,103,140
1,<environment.Job instance at 0x7f7dded05960>,41,26,[7 2],42,141,167,99,140
1,<environment.Job instance at 0x7f7ddee65c80>,42,2,[ 2 13],43,147,149,104,147
1,<environment.Job instance at 0x7f7d9429c0f0>,45,2,[1 8],46,162,164,116,162
1,<environment.Job instance at 0x7f7dde863f00>,0,26,[2 8],1,1,27,0,1
1,<environment.Job instance at 0x7f7d943a9640>,10,20,[7 1],11,11,31,0,11
1,<environment.Job instance at 0x7f7dd7df9f50>,14,21,[6 1],15,18,39,3,18
1,<environment.Job instance at 0x7f7dd7df94b0>,18,2,[7 4],19,31,33,12,29
1,<environment.Job instance at 0x7f7dd7c8a320>,24,1,[8 3],25,57,58,32,57
1,<environment.Job instance at 0x7f7dd7c8a3c0>,26,3,[5 5],27,59,62,32,59
1,<environment.Job instance at 0x7f7dd7c8a370>,27,17,[9 1],28,61,78,33,61
1,<environment.Job instance at 0x7f7d9424d5a0>,28,1,[7 4],29,78,79,49,61
1,<environment.Job instance at 0x7f7dd82b8e10>,29,2,[3 9],30,62,64,32,61
1,<environment.Job instance at 0x7f7dd82b8320>,30,24,[ 4 14],31,79,103,48,74
1,<environment.Job instance at 0x7f7d9451d780>,35,24,[7 4],36,103,127,67,102
1,<environment.Job instance at 0x7f7d942480f0>,38,1,[5 9],39,108,109,69,108
1,<environment.Job instance at 0x7f7d942a3b90>,45,25,[6 2],46,136,161,90,136
1,<environment.Job instance at 0x7f7d942a3460>,46,2,[ 1 13],47,147,149,100,147
1,<environment.Job instance at 0x7f7dd802ceb0>,50,2,[5 2],51,157,159,106,157
1,<environment.Job instance at 0x7f7dd802cd20>,53,2,[2 6],54,157,159,103,157
1,<environment.Job instance at 0x7f7dd7c057d0>,54,1,[8 1],55,159,160,104,157
1,<environment.Job instance at 0x7f7dd7c05b90>,56,26,[10  2],57,161,187,104,158
1,<environment.Job instance at 0x7f7dd7c059b0>,59,3,[3 8],60,168,171,108,168
1,<environment.Job instance at 0x7f7dde843af0>,62,21,[9 5],63,187,208,124,186
1,<environment.Job instance at 0x7f7dde843640>,64,1,[12  5],65,208,209,143,186
1,<environment.Job instance at 0x7f7dde843870>,65,1,[ 2 14],66,209,210,143,186
1,<environment.Job instance at 0x7f7dd8321870>,67,2,[14  3],68,210,212,142,199
1,<environment.Job instance at 0x7f7dde893050>,73,2,[5 7],74,214,216,140,214
1,<environment.Job instance at 0x7f7dd8331960>,78,28,[ 2 11],79,247,275,168,247
1,<environment.Job instance at 0x7f7dd8331eb0>,79,1,[10  5],80,275,276,195,247
1,<environment.Job instance at 0x7f7d94547eb0>,83,2,[5 2],84,270,272,186,270
1,<environment.Job instance at 0x7f7dde79e820>,9,1,[5 9],10,10,11,0,10
1,<environment.Job instance at 0x7f7ddec823c0>,12,20,[1 9],13,13,33,0,13
1,<environment.Job instance at 0x7f7dd8089eb0>,17,26,[ 2 12],18,33,59,15,30
1,<environment.Job instance at 0x7f7dd8089460>,19,1,[ 3 12],20,59,60,39,32
1,<environment.Job instance at 0x7f7dd8089640>,22,3,[11  1],23,38,41,15,38
1,<environment.Job instance at 0x7f7dd8089140>,25,26,[5 5],26,60,86,34,57
1,<environment.Job instance at 0x7f7dd8089be0>,28,22,[10  5],29,60,82,31,59
1,<environment.Job instance at 0x7f7ddec548c0>,34,25,[9 4],35,82,107,47,78
1,<environment.Job instance at 0x7f7ddec54d20>,39,1,[5 7],40,86,87,46,81
1,<environment.Job instance at 0x7f7ddec54910>,40,25,[9 5],41,107,132,66,103
1,<environment.Job instance at 0x7f7ddec543c0>,42,3,[12  5],43,132,135,89,106
1,<environment.Job instance at 0x7f7ddec545a0>,45,22,[6 4],46,109,131,63,109
1,<environment.Job instance at 0x7f7ddeb25960>,50,26,[10  1],51,135,161,84,132
1,<environment.Job instance at 0x7f7ddeb25aa0>,52,22,[2 7],53,134,156,81,134
1,<environment.Job instance at 0x7f7ddec54370>,41,3,[11  1],42,161,164,119,155
1,<environment.Job instance at 0x7f7ddeb25d20>,56,18,[8 3],57,179,197,122,179
1,<environment.Job instance at 0x7f7ddeb08140>,63,1,[9 4],64,197,198,133,179
1,<environment.Job instance at 0x7f7ddeb08500>,65,27,[5 8],66,181,208,115,181
1,<environment.Job instance at 0x7f7ddeb085a0>,67,25,[6 4],68,198,223,130,194
1,<environment.Job instance at 0x7f7ddeb08730>,69,25,[10  1],70,223,248,153,219
1,<environment.Job instance at 0x7f7ddeb08f00>,79,1,[ 3 10],80,229,230,149,229
1,<environment.Job instance at 0x7f7ddeb310f0>,81,21,[4 7],82,242,263,160,242
1,<environment.Job instance at 0x7f7ddeb313c0>,86,2,[7 1],87,252,254,165,252
1,<environment.Job instance at 0x7f7ddeb31500>,88,2,[ 5 10],89,263,265,174,260
1,<environment.Job instance at 0x7f7ddeb315a0>,89,3,[ 2 10],90,265,268,175,261
1,<environment.Job instance at 0x7f7ddeb316e0>,91,26,[5 4],92,267,293,175,267
1,<environment.Job instance at 0x7f7ddeb31820>,93,1,[6 5],94,268,269,174,267
1,<environment.Job instance at 0x7f7ddeb31b40>,98,26,[ 3 10],99,284,310,185,284
1,<environment.Job instance at 0x7f7ddeb31c80>,100,22,[ 3 10],101,310,332,209,303
1,<environment.Job instance at 0x7f7ddeb31d20>,101,2,[8 3],102,303,305,201,303
1,<environment.Job instance at 0x7f7ddeb26960>,116,3,[4 6],117,338,341,221,338
1,<environment.Job instance at 0x7f7ddeb26aa0>,117,3,[ 5 11],118,343,346,225,343
1,<environment.Job instance at 0x7f7ddeb26dc0>,122,2,[8 4],123,355,357,232,355
1,<environment.Job instance at 0x7f7ddeb00320>,127,3,[5 5],128,388,391,260,388
1,<environment.Job instance at 0x7f7ddeb004b0>,130,2,[6 2],131,399,401,268,399
1,<environment.Job instance at 0x7f7ddeb00550>,131,2,[10  5],132,401,403,269,399
1,<environment.Job instance at 0x7f7ddeb00af0>,139,20,[5 5],140,444,464,304,444
1,<environment.Job instance at 0x7f7ddeb00aa0>,140,1,[1 5],141,444,445,303,444
1,<environment.Job instance at 0x7f7ddeb00c80>,143,2,[3 8],144,455,457,311,455
1,<environment.Job instance at 0x7f7ddeb00e60>,146,18,[1 8],147,457,475,310,457
1,<environment.Job instance at 0x7f7ddeb00a50>,147,2,[13  4],148,465,467,317,465
1,<environment.Job instance at 0x7f7ddeb00a00>,148,1,[3 9],149,475,476,326,465
1,<environment.Job instance at 0x7f7dde92a5a0>,149,1,[5 1],150,467,468,317,465
1,<environment.Job instance at 0x7f7ddeb11640>,154,3,[3 5],155,467,470,312,467
1,<environment.Job instance at 0x7f7dd800d640>,0,22,[9 5],1,1,23,0,1
1,<environment.Job instance at 0x7f7dd800dc30>,2,27,[8 4],3,23,50,20,21
1,<environment.Job instance at 0x7f7dd81f64b0>,13,25,[ 4 10],14,23,48,9,23
1,<environment.Job instance at 0x7f7dd81f69b0>,19,21,[14  3],20,50,71,30,42
1,<environment.Job instance at 0x7f7ddee26730>,29,22,[3 7],30,71,93,41,64
1,<environment.Job instance at 0x7f7ddee260f0>,23,19,[8 5],24,71,90,47,64
1,<environment.Job instance at 0x7f7dd81f6be0>,12,1,[ 1 13],13,93,94,80,66
1,<environment.Job instance at 0x7f7d94050fa0>,36,20,[5 3],37,94,114,57,85
1,<environment.Job instance at 0x7f7ddf414640>,37,1,[ 2 11],38,94,95,56,85
1,<environment.Job instance at 0x7f7d940505f0>,39,2,[1 5],40,90,92,50,85
1,<environment.Job instance at 0x7f7d94050140>,40,21,[5 4],41,95,116,54,87
1,<environment.Job instance at 0x7f7ddebe1550>,47,1,[9 3],48,114,115,66,109
1,<environment.Job instance at 0x7f7ddebd6d20>,49,1,[8 5],50,115,116,65,115
1,<environment.Job instance at 0x7f7ddebd6870>,57,3,[ 5 11],58,162,165,104,162
1,<environment.Job instance at 0x7f7dd80b9b40>,59,3,[8 3],60,166,169,106,166
1,<environment.Job instance at 0x7f7dde8197d0>,64,2,[8 3],65,193,195,128,193
1,<environment.Job instance at 0x7f7dde8190a0>,65,3,[2 5],66,193,196,127,193
1,<environment.Job instance at 0x7f7dde819280>,66,2,[9 3],67,195,197,128,193
1,<environment.Job instance at 0x7f7dde819910>,67,1,[5 9],68,196,197,128,193
1,<environment.Job instance at 0x7f7dde889fa0>,69,3,[7 2],70,205,208,135,205
1,<environment.Job instance at 0x7f7dde6d43c0>,77,3,[10  4],78,243,246,165,243
1,<environment.Job instance at 0x7f7dde6d4d20>,78,1,[3 9],79,243,244,164,243
1,<environment.Job instance at 0x7f7dde6d4a50>,81,2,[ 3 10],82,259,261,177,259
1,<environment.Job instance at 0x7f7dde6d4d70>,82,1,[1 8],83,261,262,178,259
1,<environment.Job instance at 0x7f7dde8aeb90>,83,2,[7 5],84,259,261,175,259
1,<environment.Job instance at 0x7f7dde8aee60>,84,1,[6 5],85,261,262,176,259
1,<environment.Job instance at 0x7f7dde8aeaf0>,85,28,[5 5],86,262,290,176,261
1,<environment.Job instance at 0x7f7dde8ae1e0>,87,3,[9 3],88,268,271,180,268
1,<environment.Job instance at 0x7f7dde8ae280>,91,21,[4 8],92,287,308,195,287
1,<environment.Job instance at 0x7f7dd82d09b0>,94,2,[4 5],95,315,317,220,315
1,<environment.Job instance at 0x7f7dd82d0230>,95,2,[5 5],96,315,317,219,315
1,<environment.Job instance at 0x7f7dd82d0550>,97,3,[2 7],98,317,320,219,316
1,<environment.Job instance at 0x7f7dd82d08c0>,98,1,[ 1 11],99,320,321,221,316
1,<environment.Job instance at 0x7f7dd82d05f0>,99,2,[1 8],100,317,319,217,316
1,<environment.Job instance at 0x7f7dd82d0d70>,100,21,[6 2],101,319,340,218,316
1,<environment.Job instance at 0x7f7dd82d0780>,101,1,[5 3],102,316,317,214,316
1,<environment.Job instance at 0x7f7dd82d0500>,102,3,[3 6],103,321,324,218,316
1,<environment.Job instance at 0x7f7dd82d0640>,104,1,[1 9],105,324,325,219,319
1,<environment.Job instance at 0x7f7dd82d0870>,105,2,[ 3 10],106,325,327,219,319
1,<environment.Job instance at 0x7f7dd82d07d0>,106,1,[10  1],107,340,341,233,319
1,<environment.Job instance at 0x7f7dd82d0a50>,108,22,[4 8],109,327,349,218,320
1,<environment.Job instance at 0x7f7ddebe1eb0>,44,17,[11  1],45,457,474,412,457
1,<environment.Job instance at 0x7f7dd82d0af0>,110,28,[4 7],111,457,485,346,457
1,<environment.Job instance at 0x7f7d9466a460>,8,2,[9 5],9,9,11,0,9
1,<environment.Job instance at 0x7f7d94050c80>,6,3,[ 5 11],7,13,16,6,13
1,<environment.Job instance at 0x7f7d943895a0>,14,24,[8 1],15,16,40,1,16
1,<environment.Job instance at 0x7f7d94389be0>,16,25,[6 2],17,26,51,9,26
1,<environment.Job instance at 0x7f7ddf4167d0>,21,3,[3 8],22,49,52,27,49
1,<environment.Job instance at 0x7f7ddf416690>,24,1,[8 1],25,58,59,33,58
1,<environment.Job instance at 0x7f7ddecbadc0>,27,1,[5 3],28,68,69,40,68
1,<environment.Job instance at 0x7f7ddecbaaf0>,28,3,[10  1],29,68,71,39,68
1,<environment.Job instance at 0x7f7ddecbaa00>,30,1,[5 7],31,81,82,50,81
1,<environment.Job instance at 0x7f7ddecba730>,31,20,[5 3],32,81,101,49,81
1,<environment.Job instance at 0x7f7ddecba870>,32,24,[8 2],33,82,106,49,81
1,<environment.Job instance at 0x7f7d94024f00>,38,1,[3 6],39,101,102,62,98
1,<environment.Job instance at 0x7f7d940242d0>,39,1,[8 3],40,106,107,66,98
1,<environment.Job instance at 0x7f7d94024cd0>,40,2,[5 9],41,102,104,61,98
1,<environment.Job instance at 0x7f7d94024190>,42,2,[ 1 12],43,110,112,67,110
1,<environment.Job instance at 0x7f7d94024460>,43,1,[ 3 10],44,112,113,68,110
1,<environment.Job instance at 0x7f7d94809cd0>,48,2,[9 5],49,128,130,79,128
1,<environment.Job instance at 0x7f7d94809fa0>,49,25,[1 7],50,128,153,78,128
1,<environment.Job instance at 0x7f7d9ee8bd20>,9,18,[ 3 10],10,178,196,168,178
1,<environment.Job instance at 0x7f7d94727640>,61,3,[7 5],62,184,187,122,184
1,<environment.Job instance at 0x7f7d94727d20>,62,18,[ 1 10],63,196,214,133,187
1,<environment.Job instance at 0x7f7d94727500>,65,18,[6 1],66,189,207,123,189
1,<environment.Job instance at 0x7f7d940aefa0>,71,3,[8 5],72,218,221,146,218
1,<environment.Job instance at 0x7f7d940ae050>,73,15,[7 2],74,219,234,145,219
1,<environment.Job instance at 0x7f7d940ae3c0>,74,27,[1 7],75,221,248,146,219
1,<environment.Job instance at 0x7f7d940ae7d0>,75,1,[10  2],76,234,235,158,219
1,<environment.Job instance at 0x7f7d940ae960>,77,18,[6 1],78,235,253,157,232
1,<environment.Job instance at 0x7f7d9442b5a0>,79,1,[5 4],80,235,236,155,234
1,<environment.Job instance at 0x7f7d9442b4b0>,80,3,[5 5],81,236,239,155,234
1,<environment.Job instance at 0x7f7d9407c550>,83,14,[9 2],84,250,264,166,250
1,<environment.Job instance at 0x7f7d9407c5f0>,84,2,[10  4],85,264,266,179,250
1,<environment.Job instance at 0x7f7d9407caf0>,85,2,[6 1],86,253,255,167,250
1,<environment.Job instance at 0x7f7d9407cfa0>,87,3,[2 5],88,260,263,172,260
1,<environment.Job instance at 0x7f7d9407c1e0>,88,1,[4 7],89,260,261,171,260
1,<environment.Job instance at 0x7f7d9407cc30>,89,3,[6 5],90,266,269,176,260
1,<environment.Job instance at 0x7f7d9407c870>,91,18,[4 6],92,269,287,177,269
1,<environment.Job instance at 0x7f7d9407c0f0>,92,1,[ 4 10],93,287,288,194,269
1,<environment.Job instance at 0x7f7d9408f690>,96,19,[5 4],97,286,305,189,286
1,<environment.Job instance at 0x7f7d9408fa50>,97,17,[1 8],98,288,305,190,287
1,<environment.Job instance at 0x7f7d9408faf0>,100,3,[10  1],101,305,308,204,298
1,<environment.Job instance at 0x7f7d9408fdc0>,101,3,[5 4],102,305,308,203,298
1,<environment.Job instance at 0x7f7d9408f960>,103,18,[10  1],104,309,327,205,309
1,<environment.Job instance at 0x7f7d94389e60>,11,18,[5 9],12,314,332,302,314
1,<environment.Job instance at 0x7f7d940dd0f0>,110,2,[5 6],111,336,338,225,336
1,<environment.Job instance at 0x7f7dde8ae690>,1,28,[6 2],2,2,30,0,2
1,<environment.Job instance at 0x7f7d9408f550>,5,1,[7 4],6,8,9,2,8
1,<environment.Job instance at 0x7f7dd7c03870>,7,2,[7 5],8,9,11,1,9
1,<environment.Job instance at 0x7f7dde814f50>,22,1,[10  1],23,30,31,7,24
1,<environment.Job instance at 0x7f7ddee26410>,29,2,[8 1],30,31,33,1,30
1,<environment.Job instance at 0x7f7dde814e10>,23,1,[ 4 14],24,32,33,8,32
1,<environment.Job instance at 0x7f7ddee26c30>,32,2,[10  5],33,33,35,0,33
1,<environment.Job instance at 0x7f7d9435b870>,38,25,[3 6],39,51,76,12,51
1,<environment.Job instance at 0x7f7d9435b9b0>,41,3,[2 5],42,66,69,24,66
1,<environment.Job instance at 0x7f7d94156370>,46,1,[4 6],47,91,92,44,91
1,<environment.Job instance at 0x7f7d9432f9b0>,49,2,[2 7],50,97,99,47,97
1,<environment.Job instance at 0x7f7d9432fc30>,50,3,[1 7],51,97,100,46,97
1,<environment.Job instance at 0x7f7d9432f190>,52,20,[3 6],53,106,126,53,106
1,<environment.Job instance at 0x7f7d9432f730>,54,2,[10  3],55,119,121,64,119
1,<environment.Job instance at 0x7f7d9432f7d0>,55,2,[2 9],56,121,123,65,119
1,<environment.Job instance at 0x7f7d9432ff50>,56,21,[10  4],57,123,144,66,119
1,<environment.Job instance at 0x7f7dde94b140>,62,3,[10  1],63,146,149,83,146
1,<environment.Job instance at 0x7f7dd832f460>,64,2,[9 5],65,149,151,84,149
1,<environment.Job instance at 0x7f7d940075f0>,66,1,[6 4],67,149,150,82,149
1,<environment.Job instance at 0x7f7dde95c870>,67,24,[9 5],68,151,175,83,149
1,<environment.Job instance at 0x7f7dd7d860f0>,72,3,[10  5],73,175,178,102,164
1,<environment.Job instance at 0x7f7d94719aa0>,75,1,[8 3],76,181,182,105,181
1,<environment.Job instance at 0x7f7d94513c30>,76,1,[12  5],77,182,183,105,181
1,<environment.Job instance at 0x7f7dde952be0>,78,2,[8 4],79,183,185,104,181
1,<environment.Job instance at 0x7f7d93ffeaf0>,80,2,[6 2],81,207,209,126,207
1,<environment.Job instance at 0x7f7dd7ea52d0>,83,1,[5 5],84,208,209,124,208
1,<environment.Job instance at 0x7f7dd8340e60>,84,1,[6 2],85,209,210,124,208
1,<environment.Job instance at 0x7f7dd7d919b0>,85,2,[10  4],86,210,212,124,208
1,<environment.Job instance at 0x7f7dd7d91dc0>,86,1,[5 5],87,209,210,122,208
1,<environment.Job instance at 0x7f7dd7d91fa0>,88,3,[9 2],89,213,216,124,213
1,<environment.Job instance at 0x7f7dd7e8d870>,89,2,[10  4],90,216,218,126,213
1,<environment.Job instance at 0x7f7d946e7140>,91,20,[5 5],92,222,242,130,222
1,<environment.Job instance at 0x7f7d946e7eb0>,92,3,[8 5],93,222,225,129,222
1,<environment.Job instance at 0x7f7d946e7af0>,93,22,[2 8],94,225,247,131,222
1,<environment.Job instance at 0x7f7d946e8140>,102,20,[ 1 10],103,247,267,144,240
1,<environment.Job instance at 0x7f7d93f73e60>,4,2,[5 2],5,5,7,0,5
1,<environment.Job instance at 0x7f7d94487190>,5,1,[9 3],6,6,7,0,6
1,<environment.Job instance at 0x7f7dde94eb90>,6,2,[5 3],7,7,9,0,7
1,<environment.Job instance at 0x7f7d93f23370>,15,2,[2 9],16,28,30,12,28
1,<environment.Job instance at 0x7f7dd7e89d70>,19,2,[5 2],20,29,31,9,29
1,<environment.Job instance at 0x7f7dd7e89320>,21,2,[6 1],22,37,39,15,37
1,<environment.Job instance at 0x7f7dd7fc1e10>,22,26,[8 2],23,37,63,14,37
1,<environment.Job instance at 0x7f7dd7fc1050>,23,2,[5 6],24,39,41,15,37
1,<environment.Job instance at 0x7f7ddf41b5f0>,24,3,[5 8],25,41,44,16,37
1,<environment.Job instance at 0x7f7dd7c23460>,26,27,[5 8],27,51,78,24,51
1,<environment.Job instance at 0x7f7dd7c90e60>,29,1,[4 9],30,78,79,48,51
1,<environment.Job instance at 0x7f7dd7c23730>,30,21,[5 7],31,79,100,48,71
1,<environment.Job instance at 0x7f7dde9d1e60>,33,1,[1 8],34,79,80,45,71
1,<environment.Job instance at 0x7f7dde9d1410>,34,1,[8 4],35,71,72,36,71
1,<environment.Job instance at 0x7f7d946053c0>,43,26,[7 3],44,82,108,38,82
1,<environment.Job instance at 0x7f7d93f71780>,40,3,[ 3 12],41,100,103,59,82
1,<environment.Job instance at 0x7f7dde785730>,48,2,[6 1],49,111,113,62,111
1,<environment.Job instance at 0x7f7dde785050>,50,2,[5 9],51,118,120,67,118
1,<environment.Job instance at 0x7f7d93e69780>,44,18,[5 8],45,120,138,75,119
1,<environment.Job instance at 0x7f7d93f56a50>,57,24,[9 3],58,141,165,83,141
1,<environment.Job instance at 0x7f7dd8050b90>,64,1,[12  4],65,168,169,103,168
1,<environment.Job instance at 0x7f7dd8050b40>,66,25,[10  1],67,169,194,102,169
1,<environment.Job instance at 0x7f7d94748410>,70,24,[ 4 13],71,179,203,108,179
1,<environment.Job instance at 0x7f7dde8ae410>,73,27,[4 5],74,203,230,129,201
1,<environment.Job instance at 0x7f7dde8aea00>,75,20,[5 6],76,203,223,127,201
1,<environment.Job instance at 0x7f7d93f85e60>,86,19,[5 9],87,253,272,166,253
1,<environment.Job instance at 0x7f7dd7c2b640>,95,2,[5 9],96,272,274,176,269
1,<environment.Job instance at 0x7f7ddeb2b280>,0,2,[2 7],1,3,5,2,3
1,<environment.Job instance at 0x7f7dd7d08460>,6,2,[5 9],7,7,9,0,7
1,<environment.Job instance at 0x7f7dd7d08960>,7,2,[ 5 12],8,10,12,2,10
1,<environment.Job instance at 0x7f7dd7d08550>,10,2,[5 1],11,12,14,1,12
1,<environment.Job instance at 0x7f7dd7d080f0>,12,25,[2 8],13,13,38,0,13
1,<environment.Job instance at 0x7f7dd7d08230>,14,19,[3 6],15,15,34,0,15
1,<environment.Job instance at 0x7f7dd7d08500>,16,26,[ 1 12],17,38,64,21,35
1,<environment.Job instance at 0x7f7d9425d960>,23,2,[11  4],24,64,66,40,61
1,<environment.Job instance at 0x7f7dde857f00>,27,2,[11  1],28,61,63,33,61
1,<environment.Job instance at 0x7f7dde8575f0>,33,1,[8 5],34,66,67,32,61
1,<environment.Job instance at 0x7f7dde8571e0>,35,21,[ 2 10],36,64,85,28,62
1,<environment.Job instance at 0x7f7d93e387d0>,39,2,[ 3 11],40,85,87,45,65
1,<environment.Job instance at 0x7f7d93e38d70>,41,2,[4 6],42,87,89,45,76
1,<environment.Job instance at 0x7f7d93e380a0>,44,1,[10  1],45,78,79,33,78
1,<environment.Job instance at 0x7f7ddeac9370>,45,1,[4 9],46,87,88,41,78
1,<environment.Job instance at 0x7f7d93e38af0>,46,3,[1 9],47,88,91,41,78
1,<environment.Job instance at 0x7f7ddeac9640>,50,24,[2 5],51,90,114,39,90
1,<environment.Job instance at 0x7f7ddeac94b0>,55,20,[5 4],56,103,123,47,103
1,<environment.Job instance at 0x7f7ddeac9690>,56,24,[ 1 10],57,114,138,57,109
1,<environment.Job instance at 0x7f7ddeac9d20>,63,25,[4 6],64,138,163,74,134
1,<environment.Job instance at 0x7f7ddeac90f0>,57,3,[13  1],58,135,138,77,135
1,<environment.Job instance at 0x7f7d93e391e0>,67,22,[10  3],68,138,160,70,138
1,<environment.Job instance at 0x7f7d93e39e10>,68,21,[1 6],69,138,159,69,138
1,<environment.Job instance at 0x7f7d93e395f0>,72,3,[8 5],73,160,163,87,155
1,<environment.Job instance at 0x7f7d93e39af0>,77,1,[10  1],78,184,185,106,184
1,<environment.Job instance at 0x7f7d93ef1190>,78,1,[ 4 10],79,184,185,105,184
1,<environment.Job instance at 0x7f7d93ef1b90>,83,3,[ 5 10],84,208,211,124,208
1,<environment.Job instance at 0x7f7d93ef1e60>,87,2,[5 1],88,224,226,136,224
1,<environment.Job instance at 0x7f7d93ef1e10>,88,1,[9 2],89,224,225,135,224
1,<environment.Job instance at 0x7f7d93ef1d70>,89,3,[14  2],90,226,229,136,224
1,<environment.Job instance at 0x7f7d93ef19b0>,90,1,[9 3],91,225,226,134,224
1,<environment.Job instance at 0x7f7d93ef1640>,91,17,[9 1],92,231,248,139,231
1,<environment.Job instance at 0x7f7d93ef1b40>,94,3,[3 7],95,233,236,138,233
1,<environment.Job instance at 0x7f7d93f06500>,97,19,[ 4 10],98,247,266,149,247
1,<environment.Job instance at 0x7f7d93f06230>,98,3,[ 1 10],99,266,269,167,247
1,<environment.Job instance at 0x7f7d93f06370>,104,2,[8 5],105,267,269,162,267
1,<environment.Job instance at 0x7f7d93f06960>,106,23,[ 4 10],107,278,301,171,278
1,<environment.Job instance at 0x7f7d93f06c80>,108,2,[ 2 10],109,301,303,192,278
1,<environment.Job instance at 0x7f7d93f06b90>,109,2,[13  2],110,301,303,191,279
1,<environment.Job instance at 0x7f7d93f388c0>,110,3,[9 4],111,280,283,169,280
1,<environment.Job instance at 0x7f7d93f38e10>,111,1,[7 1],112,283,284,171,280
1,<environment.Job instance at 0x7f7d93f381e0>,115,1,[1 6],116,303,304,187,293
1,<environment.Job instance at 0x7f7d93f38a50>,116,2,[3 8],117,303,305,186,293
1,<environment.Job instance at 0x7f7d93f38550>,118,1,[3 7],119,304,305,185,303
1,<environment.Job instance at 0x7f7d93f383c0>,114,18,[8 1],115,306,324,191,306
1,<environment.Job instance at 0x7f7d93f610f0>,123,24,[ 5 11],124,325,349,201,325
1,<environment.Job instance at 0x7f7d93f61be0>,129,2,[ 5 10],130,349,351,219,349
1,<environment.Job instance at 0x7f7d93f61aa0>,130,1,[2 8],131,351,352,220,349
1,<environment.Job instance at 0x7f7d93f61500>,132,2,[10  4],133,358,360,225,358
1,<environment.Job instance at 0x7f7d93f2a5f0>,133,1,[10  5],134,360,361,226,358
1,<environment.Job instance at 0x7f7d93f2a230>,135,3,[4 5],136,366,369,230,366
1,<environment.Job instance at 0x7f7d93f2a870>,138,1,[ 3 10],139,379,380,240,379
1,<environment.Job instance at 0x7f7ddea060f0>,139,21,[7 5],140,379,400,239,379
1,<environment.Job instance at 0x7f7d93f080a0>,141,19,[14  4],142,400,419,258,390
1,<environment.Job instance at 0x7f7dd7f84050>,145,21,[6 2],146,419,440,273,411
1,<environment.Job instance at 0x7f7d94698960>,147,3,[ 5 11],148,425,428,277,425
1,<environment.Job instance at 0x7f7dd7e9fdc0>,148,1,[11  4],149,440,441,291,425
1,<environment.Job instance at 0x7f7dd7d028c0>,150,1,[5 6],151,428,429,277,425
1,<environment.Job instance at 0x7f7d93e30280>,158,1,[5 4],159,448,449,289,448
1,<environment.Job instance at 0x7f7dd7c2c550>,160,2,[8 4],161,449,451,288,449
1,<environment.Job instance at 0x7f7d93f653c0>,161,1,[8 1],162,451,452,289,449
1,<environment.Job instance at 0x7f7d93fd6d20>,162,2,[2 9],163,449,451,286,449
1,<environment.Job instance at 0x7f7dd7eb52d0>,164,3,[7 3],165,451,454,286,450
1,<environment.Job instance at 0x7f7d93fd6aa0>,165,2,[3 7],166,452,454,286,450
1,<environment.Job instance at 0x7f7d93f79b40>,6,22,[8 4],7,7,29,0,7
1,<environment.Job instance at 0x7f7d9425dbe0>,7,20,[5 5],8,8,28,0,8
1,<environment.Job instance at 0x7f7dde9f3780>,15,1,[ 5 14],16,29,30,13,29
1,<environment.Job instance at 0x7f7dd7fac320>,25,1,[2 7],26,53,54,27,53
1,<environment.Job instance at 0x7f7d93f81500>,26,2,[8 2],27,53,55,26,53
1,<environment.Job instance at 0x7f7d93f81550>,27,23,[2 9],28,54,77,26,53
1,<environment.Job instance at 0x7f7dd810c6e0>,28,2,[ 1 11],29,77,79,48,72
1,<environment.Job instance at 0x7f7d93f81730>,31,2,[8 5],32,72,74,40,72
1,<environment.Job instance at 0x7f7d93fbadc0>,32,2,[8 3],33,74,76,41,72
1,<environment.Job instance at 0x7f7d93ebdbe0>,38,2,[1 8],39,89,91,50,89
1,<environment.Job instance at 0x7f7d93f040f0>,40,3,[7 5],41,94,97,53,94
1,<environment.Job instance at 0x7f7d93f04050>,41,1,[5 6],42,94,95,52,94
1,<environment.Job instance at 0x7f7d93f045a0>,45,3,[3 7],46,117,120,71,117
1,<environment.Job instance at 0x7f7d93f04960>,46,1,[6 3],47,117,118,70,117
1,<environment.Job instance at 0x7f7d93f048c0>,47,3,[8 2],48,118,121,70,117
1,<environment.Job instance at 0x7f7d93f04a00>,48,3,[9 1],49,121,124,72,117
1,<environment.Job instance at 0x7f7d946e1460>,51,23,[10  2],52,131,154,79,131
1,<environment.Job instance at 0x7f7d946e13c0>,52,1,[3 6],53,131,132,78,131
1,<environment.Job instance at 0x7f7d946e1e60>,57,2,[7 4],58,158,160,100,158
1,<environment.Job instance at 0x7f7d946e0eb0>,65,1,[5 1],66,202,203,136,202
1,<environment.Job instance at 0x7f7d946e0050>,70,1,[9 4],71,236,237,165,236
1,<environment.Job instance at 0x7f7d946c8e10>,71,26,[14  5],72,237,263,165,236
1,<environment.Job instance at 0x7f7d946b3be0>,81,2,[1 6],82,256,258,174,256
1,<environment.Job instance at 0x7f7d93ec8c30>,82,1,[7 3],83,263,264,180,256
1,<environment.Job instance at 0x7f7d946b65f0>,83,1,[2 6],84,263,264,179,256
1,<environment.Job instance at 0x7f7d93ed8460>,86,3,[10  3],87,270,273,183,270
1,<environment.Job instance at 0x7f7d93ed8d20>,87,3,[9 5],88,273,276,185,271
1,<environment.Job instance at 0x7f7d942a0c80>,88,3,[ 4 10],89,272,275,183,272
1,<environment.Job instance at 0x7f7dd81f1820>,91,21,[9 2],92,284,305,192,284
1,<environment.Job instance at 0x7f7dd81f1690>,92,2,[10  1],93,305,307,212,285
1,<environment.Job instance at 0x7f7dd81d7640>,94,3,[13  3],95,307,310,212,295
1,<environment.Job instance at 0x7f7dd81d6eb0>,97,22,[8 1],98,310,332,212,303
1,<environment.Job instance at 0x7f7dd81d6500>,103,3,[9 5],104,332,335,228,321
1,<environment.Job instance at 0x7f7dd81d6820>,104,1,[5 5],105,321,322,216,321
1,<environment.Job instance at 0x7f7dd81d6d20>,107,3,[3 5],108,335,338,227,335
1,<environment.Job instance at 0x7f7dd8208870>,108,1,[4 9],109,335,336,226,335
1,<environment.Job instance at 0x7f7dd81d6230>,109,1,[8 5],110,336,337,226,335
1,<environment.Job instance at 0x7f7dd8208460>,111,25,[12  4],112,343,368,231,343
1,<environment.Job instance at 0x7f7d940caaa0>,113,21,[1 5],114,352,373,238,352
1,<environment.Job instance at 0x7f7dd7fdfbe0>,119,1,[4 8],120,368,369,248,367
1,<environment.Job instance at 0x7f7d9481b500>,123,2,[1 9],124,391,393,267,391
1,<environment.Job instance at 0x7f7d948110a0>,130,2,[ 5 10],131,433,435,302,433
1,<environment.Job instance at 0x7f7d94811f50>,131,1,[4 8],132,435,436,303,433
1,<environment.Job instance at 0x7f7d94811d20>,132,2,[10  1],133,433,435,300,433
1,<environment.Job instance at 0x7f7d948110f0>,134,1,[5 2],135,435,436,300,434
1,<environment.Job instance at 0x7f7d948116e0>,137,2,[5 5],138,448,450,310,448
1,<environment.Job instance at 0x7f7d94811410>,139,18,[7 1],140,465,483,325,465
1,<environment.Job instance at 0x7f7d94811e60>,140,3,[6 2],141,465,468,324,465
1,<environment.Job instance at 0x7f7d947ff320>,142,3,[12  2],143,483,486,340,465
1,<environment.Job instance at 0x7f7d94814dc0>,145,3,[10  5],146,493,496,347,493
1,<environment.Job instance at 0x7f7d94814690>,149,2,[4 6],150,511,513,361,511
1,<environment.Job instance at 0x7f7d94814d70>,150,3,[2 8],151,511,514,360,511
1,<environment.Job instance at 0x7f7d94814aa0>,152,3,[5 7],153,514,517,361,514
1,<environment.Job instance at 0x7f7d94814c30>,155,2,[ 4 10],156,528,530,372,528
1,<environment.Job instance at 0x7f7d94814780>,156,23,[ 4 10],157,530,553,373,528
1,<environment.Job instance at 0x7f7d9481cf50>,160,3,[6 3],161,547,550,386,547
1,<environment.Job instance at 0x7f7d947f0af0>,161,28,[9 4],162,550,578,388,549
1,<environment.Job instance at 0x7f7d947f06e0>,162,25,[12  5],163,578,603,415,574
1,<environment.Job instance at 0x7f7d947f0230>,4,25,[1 6],5,5,30,0,5
1,<environment.Job instance at 0x7f7ddeaff550>,22,24,[3 5],23,24,48,1,24
1,<environment.Job instance at 0x7f7dd836f1e0>,25,27,[1 5],26,34,61,8,34
1,<environment.Job instance at 0x7f7dde7d8d70>,30,2,[1 8],31,52,54,21,52
1,<environment.Job instance at 0x7f7ddeb64960>,36,3,[4 5],37,64,67,27,64
1,<environment.Job instance at 0x7f7ddea9a4b0>,37,3,[3 6],38,64,67,26,64
1,<environment.Job instance at 0x7f7d9400ba00>,40,2,[1 6],41,73,75,32,73
1,<environment.Job instance at 0x7f7d9400b500>,41,19,[5 8],42,73,92,31,73
1,<environment.Job instance at 0x7f7d9400b820>,43,1,[5 9],44,92,93,48,78
1,<environment.Job instance at 0x7f7d944e8230>,45,2,[5 5],46,87,89,41,87
1,<environment.Job instance at 0x7f7d9447a0f0>,53,21,[4 8],54,121,142,67,121
1,<environment.Job instance at 0x7f7ddeb5a190>,57,1,[4 9],58,142,143,84,132
1,<environment.Job instance at 0x7f7ddeb5a5a0>,61,2,[2 6],62,143,145,81,143
1,<environment.Job instance at 0x7f7ddeb5a0a0>,63,2,[5 8],64,145,147,81,145
1,<environment.Job instance at 0x7f7ddeb5a820>,66,2,[11  2],67,158,160,91,158
1,<environment.Job instance at 0x7f7d94272690>,68,2,[7 2],69,167,169,98,167
1,<environment.Job instance at 0x7f7d94272960>,69,2,[6 2],70,167,169,97,167
1,<environment.Job instance at 0x7f7ddf4f9370>,72,3,[4 8],73,174,177,101,174
1,<environment.Job instance at 0x7f7ddf4f97d0>,73,2,[9 2],74,174,176,100,174
1,<environment.Job instance at 0x7f7d93e2e0f0>,75,1,[6 1],76,181,182,105,181
1,<environment.Job instance at 0x7f7d93e2e550>,77,2,[5 3],78,194,196,116,194
1,<environment.Job instance at 0x7f7d94641190>,82,1,[ 2 10],83,222,223,139,222
1,<environment.Job instance at 0x7f7d94641640>,83,2,[ 2 10],84,223,225,139,222
1,<environment.Job instance at 0x7f7ddefaec80>,84,1,[10  4],85,222,223,137,222
1,<environment.Job instance at 0x7f7ddefaed70>,85,2,[5 5],86,223,225,137,222
1,<environment.Job instance at 0x7f7d940eea50>,87,1,[4 5],88,225,226,137,222
1,<environment.Job instance at 0x7f7d940ee9b0>,88,1,[3 6],89,225,226,136,222
1,<environment.Job instance at 0x7f7dde819cd0>,89,2,[1 6],90,226,228,136,222
1,<environment.Job instance at 0x7f7dde9d1eb0>,90,22,[5 2],91,225,247,134,222
1,<environment.Job instance at 0x7f7dde819c80>,92,1,[11  5],93,247,248,154,223
1,<environment.Job instance at 0x7f7dde819dc0>,93,2,[ 4 10],94,228,230,134,223
1,<environment.Job instance at 0x7f7dd7c26af0>,95,19,[9 4],96,248,267,152,238
1,<environment.Job instance at 0x7f7ddebe6780>,100,28,[6 4],101,248,276,147,248
1,<environment.Job instance at 0x7f7ddebe6140>,101,3,[11  1],102,276,279,174,265
1,<environment.Job instance at 0x7f7ddebe6c80>,102,2,[11  5],103,279,281,176,268
1,<environment.Job instance at 0x7f7ddebe6230>,105,26,[9 2],106,281,307,175,278
1,<environment.Job instance at 0x7f7ddebe6190>,109,3,[1 9],110,287,290,177,287
1,<environment.Job instance at 0x7f7ddebe6690>,111,23,[4 5],112,290,313,178,287
1,<environment.Job instance at 0x7f7ddebe6be0>,115,3,[ 3 11],116,313,316,197,306
1,<environment.Job instance at 0x7f7ddebe6870>,118,2,[10  3],119,346,348,227,346
1,<environment.Job instance at 0x7f7dd7ea4230>,120,3,[3 9],121,382,385,261,382
1,<environment.Job instance at 0x7f7dd7ea4d20>,121,3,[4 8],122,385,388,263,382
1,<environment.Job instance at 0x7f7dd7ea41e0>,122,3,[2 5],123,382,385,259,382
1,<environment.Job instance at 0x7f7dd7ea4370>,123,1,[9 2],124,385,386,261,382
1,<environment.Job instance at 0x7f7dd7ea4870>,124,21,[10  4],125,386,407,261,382
1,<environment.Job instance at 0x7f7dd7ea4be0>,127,2,[6 4],128,407,409,279,384
1,<environment.Job instance at 0x7f7dd7ea4640>,128,26,[1 5],129,388,414,259,385
1,<environment.Job instance at 0x7f7d93fc3230>,132,2,[ 4 13],133,414,416,281,398
1,<environment.Job instance at 0x7f7d93fc3dc0>,138,2,[5 5],139,407,409,268,404
1,<environment.Job instance at 0x7f7dde94e0f0>,0,1,[4 9],1,2,3,1,2
1,<environment.Job instance at 0x7f7dde8d2c30>,2,2,[ 2 13],3,3,5,0,3
1,<environment.Job instance at 0x7f7dde92ac30>,11,24,[10  2],12,12,36,0,12
1,<environment.Job instance at 0x7f7dde92a190>,17,21,[1 8],18,26,47,8,26
1,<environment.Job instance at 0x7f7d940b26e0>,23,25,[6 2],24,45,70,21,45
1,<environment.Job instance at 0x7f7d940b2140>,25,1,[7 1],26,61,62,35,61
1,<environment.Job instance at 0x7f7d940b2be0>,26,20,[ 5 11],27,62,82,35,61
1,<environment.Job instance at 0x7f7d940b2aa0>,31,1,[6 1],32,84,85,52,84
1,<environment.Job instance at 0x7f7d940b2820>,32,1,[1 8],33,85,86,52,85
1,<environment.Job instance at 0x7f7d9482d820>,47,1,[6 1],48,153,154,105,153
1,<environment.Job instance at 0x7f7d9482d7d0>,49,1,[ 1 10],50,160,161,110,160
1,<environment.Job instance at 0x7f7d9482daf0>,50,2,[13  1],51,160,162,109,160
1,<environment.Job instance at 0x7f7d9482dfa0>,53,1,[4 7],54,173,174,119,173
1,<environment.Job instance at 0x7f7d9482d320>,54,2,[ 5 10],55,174,176,119,173
1,<environment.Job instance at 0x7f7d9482df50>,55,1,[11  2],56,173,174,117,173
1,<environment.Job instance at 0x7f7d9482d5a0>,56,28,[5 5],57,174,202,117,173
1,<environment.Job instance at 0x7f7d9482d050>,60,24,[8 2],61,178,202,117,178
1,<environment.Job instance at 0x7f7d940e0f50>,64,22,[9 1],65,202,224,137,198
1,<environment.Job instance at 0x7f7d93f0f410>,72,3,[ 3 14],73,243,246,170,243
1,<environment.Job instance at 0x7f7d93f0f4b0>,74,3,[2 8],75,246,249,171,244
1,<environment.Job instance at 0x7f7d93f0ffa0>,75,1,[3 9],76,249,250,173,244
1,<environment.Job instance at 0x7f7d93f0feb0>,80,25,[ 5 10],81,275,300,194,275
1,<environment.Job instance at 0x7f7d93f0f230>,81,22,[10  3],82,275,297,193,275
1,<environment.Job instance at 0x7f7dde93c7d0>,5,24,[5 2],6,6,30,0,6
1,<environment.Job instance at 0x7f7d93fb2b90>,7,2,[1 7],8,8,10,0,8
1,<environment.Job instance at 0x7f7d93fb2af0>,10,19,[8 1],11,11,30,0,11
1,<environment.Job instance at 0x7f7ddee0d820>,22,1,[2 7],23,33,34,10,33
1,<environment.Job instance at 0x7f7ddee0d3c0>,24,25,[9 4],25,36,61,11,36
1,<environment.Job instance at 0x7f7ddee10690>,31,21,[2 6],32,55,76,23,55
1,<environment.Job instance at 0x7f7ddee109b0>,34,1,[9 3],35,68,69,33,68
1,<environment.Job instance at 0x7f7ddee10730>,39,1,[8 5],40,84,85,44,84
1,<environment.Job instance at 0x7f7dd82c93c0>,41,1,[ 4 13],42,100,101,58,100
1,<environment.Job instance at 0x7f7dd82c9280>,42,1,[10  1],43,100,101,57,100
1,<environment.Job instance at 0x7f7dd82c9d20>,43,2,[2 7],44,101,103,57,101
1,<environment.Job instance at 0x7f7dd82c9cd0>,44,1,[2 9],45,103,104,58,101
1,<environment.Job instance at 0x7f7dd82c9050>,45,1,[5 5],46,101,102,55,101
1,<environment.Job instance at 0x7f7dd82c99b0>,46,3,[10  1],47,102,105,55,101
1,<environment.Job instance at 0x7f7dd82c9690>,47,2,[5 6],48,104,106,56,101
1,<environment.Job instance at 0x7f7dd82c97d0>,52,2,[ 3 10],53,106,108,53,101
1,<environment.Job instance at 0x7f7dd82c91e0>,53,2,[6 4],54,105,107,51,102
1,<environment.Job instance at 0x7f7dd82cbe60>,56,26,[7 5],57,113,139,56,113
1,<environment.Job instance at 0x7f7dd82cb5f0>,62,25,[1 9],63,142,167,79,142
1,<environment.Job instance at 0x7f7dd8290dc0>,70,24,[5 4],71,176,200,105,176
1,<environment.Job instance at 0x7f7dd82906e0>,72,2,[6 2],73,176,178,103,176
1,<environment.Job instance at 0x7f7dd8290aa0>,73,28,[1 9],74,176,204,102,176
1,<environment.Job instance at 0x7f7dd82af7d0>,81,2,[4 8],82,213,215,131,213
1,<environment.Job instance at 0x7f7dd82afbe0>,83,3,[4 8],84,222,225,138,222
1,<environment.Job instance at 0x7f7dd82afb90>,84,1,[10  5],85,222,223,137,222
1,<environment.Job instance at 0x7f7dd82af500>,88,27,[9 1],89,245,272,156,245
1,<environment.Job instance at 0x7f7dd82af460>,90,1,[ 5 10],91,252,253,161,252
1,<environment.Job instance at 0x7f7dd82a15f0>,92,1,[9 4],93,272,273,179,252
1,<environment.Job instance at 0x7f7dd82a11e0>,93,1,[ 5 10],94,253,254,159,252
1,<environment.Job instance at 0x7f7dd82a1a00>,94,1,[2 7],95,254,255,159,253
1,<environment.Job instance at 0x7f7dd82a1730>,95,1,[5 9],96,255,256,159,253
1,<environment.Job instance at 0x7f7dd82a18c0>,97,2,[1 5],98,260,262,162,260
1,<environment.Job instance at 0x7f7dd82a10f0>,99,1,[3 7],100,260,261,160,260
1,<environment.Job instance at 0x7f7dd82a10a0>,100,2,[5 5],101,261,263,160,260
1,<environment.Job instance at 0x7f7dd82c4690>,105,21,[1 5],106,278,299,172,278
1,<environment.Job instance at 0x7f7dd82c4d20>,107,28,[9 2],108,278,306,170,278
1,<environment.Job instance at 0x7f7dd82c44b0>,109,3,[13  5],110,306,309,196,295
1,<environment.Job instance at 0x7f7dd82c4280>,115,28,[5 2],116,316,344,200,316
1,<environment.Job instance at 0x7f7dd82c4190>,116,3,[5 8],117,317,320,200,317
1,<environment.Job instance at 0x7f7dd82a8410>,120,3,[6 4],121,330,333,209,330
1,<environment.Job instance at 0x7f7dd82a8aa0>,125,2,[8 3],126,349,351,223,349
1,<environment.Job instance at 0x7f7dd82a8eb0>,127,20,[5 5],128,357,377,229,357
1,<environment.Job instance at 0x7f7dd82a8280>,130,27,[5 7],131,369,396,238,369
1,<environment.Job instance at 0x7f7dd82a8e10>,132,2,[7 1],133,379,381,246,379
1,<environment.Job instance at 0x7f7dd82b71e0>,133,23,[9 1],134,381,404,247,379
1,<environment.Job instance at 0x7f7dd82b70f0>,136,26,[ 2 10],137,396,422,259,393
1,<environment.Job instance at 0x7f7dd82b78c0>,140,1,[10  5],141,404,405,263,397
1,<environment.Job instance at 0x7f7d942deb40>,146,20,[8 3],147,435,455,288,435
1,<environment.Job instance at 0x7f7d93fb26e0>,147,3,[13  4],148,455,458,307,445
1,<environment.Job instance at 0x7f7d9448e410>,150,25,[ 1 12],151,458,483,307,454
1,<environment.Job instance at 0x7f7dd8335910>,152,1,[7 2],153,458,459,305,455
1,<environment.Job instance at 0x7f7d94814640>,153,1,[7 5],154,483,484,329,455
1,<environment.Job instance at 0x7f7dd7ed5730>,155,1,[10  2],156,459,460,303,459
1,<environment.Job instance at 0x7f7d942467d0>,157,3,[5 6],158,483,486,325,462
1,<environment.Job instance at 0x7fc59b71f9b0>,3,22,[2 5],4,4,26,0,4
1,<environment.Job instance at 0x7fc5982cd870>,10,22,[8 1],11,11,33,0,11
1,<environment.Job instance at 0x7fc5982cdaa0>,12,23,[6 4],13,26,49,13,20
1,<environment.Job instance at 0x7fc5982cdaf0>,14,21,[8 1],15,33,54,18,25
1,<environment.Job instance at 0x7fc5982cde10>,18,26,[7 4],19,49,75,30,46
1,<environment.Job instance at 0x7fc5982cdeb0>,19,25,[5 9],20,54,79,34,50
1,<environment.Job instance at 0x7fc5982d0a50>,30,26,[9 4],31,75,101,44,72
1,<environment.Job instance at 0x7fc5982d0b90>,32,21,[5 9],33,79,100,46,76
1,<environment.Job instance at 0x7fc5982d0c30>,33,26,[3 6],34,100,126,66,97
1,<environment.Job instance at 0x7fc5982d0af0>,31,1,[ 2 14],32,126,127,94,99
1,<environment.Job instance at 0x7fc5982d0f50>,38,2,[6 1],39,101,103,62,99
1,<environment.Job instance at 0x7fc5982d0500>,40,26,[ 1 10],41,127,153,86,124
1,<environment.Job instance at 0x7fc5982d4410>,59,19,[1 7],60,161,180,101,161
1,<environment.Job instance at 0x7fc5982d45f0>,61,1,[7 5],62,161,162,99,161
1,<environment.Job instance at 0x7fc5982d47d0>,64,2,[2 8],65,174,176,109,174
1,<environment.Job instance at 0x7fc5982d4870>,65,1,[5 8],66,176,177,110,174
1,<environment.Job instance at 0x7fc5982d4910>,66,2,[7 2],67,177,179,110,174
1,<environment.Job instance at 0x7fc5982d4b90>,70,1,[5 4],71,192,193,121,192
1,<environment.Job instance at 0x7fc5982d4c30>,71,2,[5 1],72,192,194,120,192
1,<environment.Job instance at 0x7fc5982d4c80>,73,2,[9 3],74,193,195,119,192
1,<environment.Job instance at 0x7fc5982d4be0>,74,2,[1 7],75,192,194,117,192
1,<environment.Job instance at 0x7fc5982d4dc0>,75,3,[10  4],76,195,198,119,192
1,<environment.Job instance at 0x7fc5982d7280>,79,19,[10  3],80,217,236,137,217
1,<environment.Job instance at 0x7fc5982d7460>,82,21,[4 8],83,222,243,139,222
1,<environment.Job instance at 0x7fc5982d7690>,83,18,[ 3 10],84,243,261,159,243
1,<environment.Job instance at 0x7fc5982d7af0>,90,3,[6 1],91,243,246,152,243
1,<environment.Job instance at 0x7fc5982d7cd0>,93,25,[ 1 10],94,261,286,167,258
1,<environment.Job instance at 0x7fc5982d7d70>,94,1,[ 5 10],95,286,287,191,258
1,<environment.Job instance at 0x7fc5982d7fa0>,97,2,[6 2],98,259,261,161,259
1,<environment.Job instance at 0x7fc5982d7e60>,98,1,[2 9],99,287,288,188,259
1,<environment.Job instance at 0x7fc5982d93c0>,99,2,[7 5],100,261,263,161,259
1,<environment.Job instance at 0x7fc5982d97d0>,104,1,[ 1 10],105,289,290,184,289
1,<environment.Job instance at 0x7fc5982d9910>,106,1,[4 8],107,290,291,183,289
1,<environment.Job instance at 0x7fc5982d99b0>,107,18,[5 5],108,291,309,183,291
1,<environment.Job instance at 0x7fc5982d9a50>,108,3,[5 5],109,291,294,182,291
1,<environment.Job instance at 0x7fc5982d9af0>,109,27,[3 9],110,294,321,184,292
1,<environment.Job instance at 0x7fc5982d9b90>,110,23,[5 1],111,292,315,181,292
1,<environment.Job instance at 0x7fc5982d9f50>,117,3,[ 3 13],118,321,324,203,311
1,<environment.Job instance at 0x7fc5982d9410>,119,28,[7 5],120,324,352,204,323
1,<environment.Job instance at 0x7fc5982d9550>,120,19,[ 5 12],121,352,371,231,342
1,<environment.Job instance at 0x7fc5982c0af0>,133,2,[ 5 10],134,371,373,237,368
1,<environment.Job instance at 0x7fc5982c05a0>,136,1,[9 5],137,380,381,243,380
1,<environment.Job instance at 0x7fc5983dedc0>,137,28,[ 2 10],138,380,408,242,380
1,<environment.Job instance at 0x7fc59845c690>,138,3,[4 6],139,408,411,269,382
1,<environment.Job instance at 0x7fc5983db5f0>,139,1,[5 5],140,382,383,242,382
1,<environment.Job instance at 0x7fc598477500>,140,2,[7 5],141,383,385,242,382
1,<environment.Job instance at 0x7fc59838f050>,143,1,[2 7],144,408,409,264,400
1,<environment.Job instance at 0x7fc5983669b0>,144,20,[13  4],145,411,431,266,402
1,<environment.Job instance at 0x7fc5983a3230>,151,22,[5 6],152,431,453,279,424
1,<environment.Job instance at 0x7fc5983fc3c0>,153,1,[12  5],154,453,454,299,429
1,<environment.Job instance at 0x7fc5983d7fa0>,157,21,[10  4],158,431,452,273,430
1,<environment.Job instance at 0x7fc5983d7b40>,160,24,[1 5],161,452,476,291,447
1,<environment.Job instance at 0x7fc598389a00>,162,20,[10  5],163,454,474,291,447
1,<environment.Job instance at 0x7fc5982e5af0>,4,19,[6 2],5,5,24,0,5
1,<environment.Job instance at 0x7fc5982eea50>,8,27,[ 3 12],9,9,36,0,9
1,<environment.Job instance at 0x7fc598277410>,14,26,[3 9],15,36,62,21,33
1,<environment.Job instance at 0x7fc5982776e0>,18,21,[2 7],19,62,83,43,54
1,<environment.Job instance at 0x7fc598277d20>,20,23,[4 7],21,62,85,41,56
1,<environment.Job instance at 0x7fc5982779b0>,28,20,[ 2 10],29,85,105,56,76
1,<environment.Job instance at 0x7fc5982735f0>,30,1,[14  4],31,105,106,74,87
1,<environment.Job instance at 0x7fc598273870>,35,21,[1 6],36,105,126,69,98
1,<environment.Job instance at 0x7fc598273a00>,38,23,[1 9],39,106,129,67,106
1,<environment.Job instance at 0x7fc598273190>,40,3,[4 8],41,129,132,88,117
1,<environment.Job instance at 0x7fc598273aa0>,43,18,[5 1],44,131,149,87,131
1,<environment.Job instance at 0x7fc598273eb0>,46,2,[10  2],47,137,139,90,137
1,<environment.Job instance at 0x7fc598273f50>,48,19,[4 7],49,143,162,94,143
1,<environment.Job instance at 0x7fc5506a8c30>,51,1,[ 5 10],52,162,163,110,158
1,<environment.Job instance at 0x7fc5506a8a00>,52,2,[10  4],53,158,160,105,158
1,<environment.Job instance at 0x7fc5506d1d70>,53,22,[9 1],54,160,182,106,158
1,<environment.Job instance at 0x7fc5506d1be0>,54,2,[3 8],55,163,165,108,158
1,<environment.Job instance at 0x7fc5506d1370>,56,1,[5 1],57,165,166,108,159
1,<environment.Job instance at 0x7fc5506d10f0>,57,2,[ 1 12],58,165,167,107,159
1,<environment.Job instance at 0x7fc5506d1550>,59,2,[7 2],60,182,184,122,161
1,<environment.Job instance at 0x7fc5506c8fa0>,65,27,[6 1],66,195,222,129,195
1,<environment.Job instance at 0x7fc5506c8050>,66,1,[4 7],67,195,196,128,195
1,<environment.Job instance at 0x7fc550655a50>,68,3,[5 1],69,197,200,128,197
1,<environment.Job instance at 0x7fc5506555a0>,69,2,[6 2],70,200,202,130,197
1,<environment.Job instance at 0x7fc550655640>,70,13,[3 5],71,198,211,127,198
1,<environment.Job instance at 0x7fc5506558c0>,72,23,[1 8],73,213,236,140,213
1,<environment.Job instance at 0x7fc550655280>,73,1,[9 5],74,222,223,148,213
1,<environment.Job instance at 0x7fc550655a00>,74,2,[7 1],75,213,215,138,213
1,<environment.Job instance at 0x7fc550655460>,75,1,[5 1],76,215,216,139,213
1,<environment.Job instance at 0x7fc550655dc0>,76,1,[2 6],77,216,217,139,213
1,<environment.Job instance at 0x7fc550655320>,79,3,[4 8],80,236,239,156,218
1,<environment.Job instance at 0x7fc550652dc0>,80,2,[4 5],81,218,220,137,218
1,<environment.Job instance at 0x7fc5506522d0>,82,1,[1 5],83,225,226,142,225
1,<environment.Job instance at 0x7fc550652460>,83,26,[5 3],84,226,252,142,225
1,<environment.Job instance at 0x7fc550652a50>,87,1,[4 6],88,241,242,153,241
1,<environment.Job instance at 0x7fc5506cadc0>,91,3,[5 9],92,263,266,171,263
1,<environment.Job instance at 0x7fc5506ca9b0>,94,3,[7 5],95,275,278,180,275
1,<environment.Job instance at 0x7fc5506ca460>,95,2,[5 8],96,275,277,179,275
1,<environment.Job instance at 0x7fc550653d20>,98,20,[5 2],99,294,314,195,294
1,<environment.Job instance at 0x7fc5506def50>,99,26,[2 8],100,294,320,194,294
1,<environment.Job instance at 0x7fc5506ec0a0>,101,20,[ 4 10],102,320,340,218,311
1,<environment.Job instance at 0x7fc5506e5cd0>,105,2,[5 7],106,340,342,234,320
1,<environment.Job instance at 0x7fc5506d2a50>,107,27,[9 5],108,321,348,213,321
1,<environment.Job instance at 0x7fc598272c80>,0,26,[8 3],1,1,27,0,1
1,<environment.Job instance at 0x7fc59b84f230>,14,2,[11  3],15,27,29,12,19
1,<environment.Job instance at 0x7fc550590820>,18,1,[9 5],19,29,30,10,19
1,<environment.Job instance at 0x7fc598094640>,23,3,[2 8],24,38,41,14,38
1,<environment.Job instance at 0x7fc59b7625a0>,28,2,[3 5],29,63,65,34,63
1,<environment.Job instance at 0x7fc5980384b0>,32,1,[10  4],33,86,87,53,86
1,<environment.Job instance at 0x7fc5987c0be0>,35,3,[8 3],36,102,105,66,102
1,<environment.Job instance at 0x7fc55052a550>,37,2,[ 3 11],38,108,110,70,108
1,<environment.Job instance at 0x7fc55052ad70>,39,2,[2 7],40,116,118,76,116
1,<environment.Job instance at 0x7fc598035410>,42,27,[8 3],43,131,158,88,131
1,<environment.Job instance at 0x7fc59b8477d0>,45,1,[1 6],46,148,149,102,148
1,<environment.Job instance at 0x7fc59b854f50>,46,27,[2 6],47,148,175,101,148
1,<environment.Job instance at 0x7fc59b7031e0>,52,2,[2 7],53,167,169,114,167
1,<environment.Job instance at 0x7fc59b8550a0>,53,1,[8 3],54,169,170,115,167
1,<environment.Job instance at 0x7fc59b855460>,56,2,[7 5],57,179,181,122,179
1,<environment.Job instance at 0x7fc59b855910>,57,1,[2 8],58,179,180,121,179
1,<environment.Job instance at 0x7fc59b855140>,58,3,[2 9],59,180,183,121,179
1,<environment.Job instance at 0x7fc59b855eb0>,61,3,[3 8],62,183,186,121,182
1,<environment.Job instance at 0x7fc598037d70>,63,1,[7 1],64,189,190,125,189
1,<environment.Job instance at 0x7fc59b855a00>,66,21,[ 4 10],67,200,221,133,200
1,<environment.Job instance at 0x7fc59b849370>,67,23,[2 8],68,221,244,153,215
1,<environment.Job instance at 0x7fc59b849d20>,68,3,[11  1],69,220,223,151,220
1,<environment.Job instance at 0x7fc59844a280>,71,3,[7 4],72,223,226,151,223
1,<environment.Job instance at 0x7fc5980a7fa0>,73,1,[5 8],74,244,245,170,223
1,<environment.Job instance at 0x7fc59b849460>,69,19,[13  3],70,245,264,175,235
1,<environment.Job instance at 0x7fc59b89f2d0>,80,25,[6 4],81,264,289,183,260
1,<environment.Job instance at 0x7fc550530960>,81,1,[3 6],82,264,265,182,260
1,<environment.Job instance at 0x7fc550530b90>,82,3,[14  5],83,289,292,206,264
1,<environment.Job instance at 0x7fc59b84ec80>,84,24,[5 5],85,264,288,179,264
1,<environment.Job instance at 0x7fc598770dc0>,88,28,[ 5 10],89,292,320,203,291
1,<environment.Job instance at 0x7fc550959a00>,0,22,[7 1],1,1,23,0,1
1,<environment.Job instance at 0x7fc59816e500>,2,21,[5 7],3,3,24,0,3
1,<environment.Job instance at 0x7fc5980e2910>,16,2,[2 6],17,27,29,10,27
1,<environment.Job instance at 0x7fc5980e2140>,17,1,[5 1],18,27,28,9,27
1,<environment.Job instance at 0x7fc5980e2dc0>,18,1,[10  1],19,28,29,9,27
1,<environment.Job instance at 0x7fc5980e2b40>,19,2,[4 7],20,29,31,9,27
1,<environment.Job instance at 0x7fc5980e27d0>,20,26,[3 7],21,27,53,6,27
1,<environment.Job instance at 0x7fc55092ceb0>,26,1,[10  1],27,53,54,26,53
1,<environment.Job instance at 0x7fc59ad80320>,29,1,[12  2],30,63,64,33,63
1,<environment.Job instance at 0x7fc5985f7be0>,31,3,[5 1],32,74,77,42,74
1,<environment.Job instance at 0x7fc59ad80550>,32,24,[1 9],33,74,98,41,74
1,<environment.Job instance at 0x7fc5986e8b40>,35,1,[1 8],36,98,99,62,86
1,<environment.Job instance at 0x7fc5986e86e0>,37,2,[3 7],38,98,100,60,94
1,<environment.Job instance at 0x7fc5986e8320>,38,2,[1 6],39,94,96,55,94
1,<environment.Job instance at 0x7fc550531500>,39,3,[7 2],40,99,102,59,94
1,<environment.Job instance at 0x7fc5983dca50>,41,27,[7 1],42,102,129,60,102
1,<environment.Job instance at 0x7fc59845d7d0>,42,26,[ 3 10],43,102,128,59,102
1,<environment.Job instance at 0x7fc5983dcd20>,43,2,[ 3 13],44,128,130,84,102
1,<environment.Job instance at 0x7fc598478b40>,44,1,[3 5],45,130,131,85,102
1,<environment.Job instance at 0x7fc5983dcc30>,45,21,[ 2 10],46,130,151,84,122
1,<environment.Job instance at 0x7fc5983a09b0>,47,1,[ 3 14],48,151,152,103,128
1,<environment.Job instance at 0x7fc5508b2b40>,3,27,[3 5],4,4,31,0,4
1,<environment.Job instance at 0x7fc5982b5af0>,4,1,[12  4],5,8,9,3,8
1,<environment.Job instance at 0x7fc59ab87aa0>,5,2,[14  1],6,31,33,25,10
1,<environment.Job instance at 0x7fc598397320>,19,3,[3 7],20,27,30,7,27
1,<environment.Job instance at 0x7fc5983977d0>,21,3,[5 4],22,33,36,11,30
1,<environment.Job instance at 0x7fc598397b40>,24,1,[4 7],25,37,38,12,37
1,<environment.Job instance at 0x7fc598477f00>,26,27,[10  4],27,47,74,20,47
1,<environment.Job instance at 0x7fc5984778c0>,27,1,[5 6],28,47,48,19,47
1,<environment.Job instance at 0x7fc5984775a0>,30,1,[ 5 11],31,62,63,31,62
1,<environment.Job instance at 0x7fc598303aa0>,32,25,[7 3],33,74,99,41,70
1,<environment.Job instance at 0x7fc5983030a0>,42,2,[3 9],43,118,120,75,118
1,<environment.Job instance at 0x7fc598303a00>,44,3,[9 2],45,129,132,84,129
1,<environment.Job instance at 0x7fc5983034b0>,45,3,[8 2],46,132,135,86,129
1,<environment.Job instance at 0x7fc550bafb40>,47,3,[2 7],48,133,136,85,133
1,<environment.Job instance at 0x7fc5508dadc0>,50,3,[ 1 10],51,150,153,99,150
1,<environment.Job instance at 0x7fc550b803c0>,51,2,[ 2 10],52,153,155,101,150
1,<environment.Job instance at 0x7fc59811cc80>,56,1,[2 8],57,155,156,98,151
1,<environment.Job instance at 0x7fc59811f870>,63,1,[6 2],64,179,180,115,179
1,<environment.Job instance at 0x7fc598100af0>,64,2,[2 7],65,179,181,114,179
1,<environment.Job instance at 0x7fc550989690>,65,26,[4 8],66,180,206,114,179
1,<environment.Job instance at 0x7fc550989af0>,66,20,[4 8],67,206,226,139,197
1,<environment.Job instance at 0x7fc59810f230>,70,25,[5 4],71,197,222,126,197
1,<environment.Job instance at 0x7fc59810f870>,71,21,[5 5],72,222,243,150,214
1,<environment.Job instance at 0x7fc59810fc30>,72,1,[6 5],73,226,227,153,214
1,<environment.Job instance at 0x7fc59810f7d0>,75,25,[5 7],76,227,252,151,223
1,<environment.Job instance at 0x7fc59810faf0>,77,22,[5 8],78,243,265,165,236
1,<environment.Job instance at 0x7fc5980f7780>,83,27,[8 5],84,252,279,168,250
1,<environment.Job instance at 0x7fc59810f370>,79,3,[11  3],80,279,282,199,264
1,<environment.Job instance at 0x7fc598114190>,87,1,[2 8],88,265,266,177,264
1,<environment.Job instance at 0x7fc598114960>,89,1,[12  4],90,282,283,192,264
1,<environment.Job instance at 0x7fc5981146e0>,91,2,[3 5],92,266,268,174,264
1,<environment.Job instance at 0x7fc598114eb0>,92,1,[5 5],93,268,269,175,264
1,<environment.Job instance at 0x7fc598114e60>,93,24,[3 5],94,269,293,175,264
1,<environment.Job instance at 0x7fc5981168c0>,99,1,[6 2],100,286,287,186,286
1,<environment.Job instance at 0x7fc598116a00>,102,3,[9 4],103,302,305,199,302
1,<environment.Job instance at 0x7fc5981160a0>,104,27,[1 8],105,302,329,197,302
1,<environment.Job instance at 0x7fc598116d20>,105,3,[6 4],106,305,308,199,303
1,<environment.Job instance at 0x7fc598116f00>,107,3,[3 8],108,329,332,221,305
1,<environment.Job instance at 0x7fc598117050>,109,1,[4 5],110,312,313,202,312
1,<environment.Job instance at 0x7fc598117af0>,114,23,[4 5],115,320,343,205,320
1,<environment.Job instance at 0x7fc5508f1960>,120,1,[1 7],121,363,364,242,363
1,<environment.Job instance at 0x7fc5508fccd0>,121,1,[9 4],122,363,364,241,363
1,<environment.Job instance at 0x7fc5508fc6e0>,122,2,[3 6],123,364,366,241,363
1,<environment.Job instance at 0x7fc598707b40>,13,20,[8 4],14,27,47,13,27
1,<environment.Job instance at 0x7fc5987075a0>,16,1,[1 6],17,27,28,10,27
1,<environment.Job instance at 0x7fc598707730>,17,27,[8 5],18,47,74,29,45
1,<environment.Job instance at 0x7fc550691f50>,24,1,[5 2],25,53,54,28,53
1,<environment.Job instance at 0x7fc550691730>,27,3,[10  5],28,74,77,46,58
1,<environment.Job instance at 0x7fc5506915a0>,29,2,[ 2 12],30,77,79,47,71
1,<environment.Job instance at 0x7fc550691500>,32,24,[4 6],33,80,104,47,80
1,<environment.Job instance at 0x7fc550691a50>,38,1,[1 9],39,117,118,78,117
1,<environment.Job instance at 0x7fc550691870>,39,1,[3 6],40,117,118,77,117
1,<environment.Job instance at 0x7fc59804ea50>,7,28,[4 9],8,8,36,0,8
1,<environment.Job instance at 0x7fc5982b1fa0>,18,1,[14  2],19,36,37,17,32
1,<environment.Job instance at 0x7fc5982b1410>,19,1,[ 1 11],20,36,37,16,32
1,<environment.Job instance at 0x7fc59ad6a910>,24,1,[7 5],25,33,34,8,33
1,<environment.Job instance at 0x7fc59ab07190>,31,2,[3 8],32,65,67,33,65
1,<environment.Job instance at 0x7fc550b31910>,32,1,[8 4],33,65,66,32,65
1,<environment.Job instance at 0x7fc5506e5960>,36,3,[4 7],37,81,84,44,81
1,<environment.Job instance at 0x7fc550a62280>,38,1,[1 9],39,92,93,53,92
1,<environment.Job instance at 0x7fc550a62a50>,39,2,[4 9],40,93,95,53,92
1,<environment.Job instance at 0x7fc59ab57460>,41,2,[4 7],42,95,97,53,95
1,<environment.Job instance at 0x7fc5506763c0>,43,1,[9 5],44,106,107,62,106
1,<environment.Job instance at 0x7fc59b6dc4b0>,44,21,[8 1],45,107,128,62,106
1,<environment.Job instance at 0x7fc59820ebe0>,46,2,[7 3],47,108,110,61,108
1,<environment.Job instance at 0x7fc550676a00>,47,1,[1 7],48,110,111,62,108
1,<environment.Job instance at 0x7fc59862d460>,48,3,[1 5],49,110,113,61,108
1,<environment.Job instance at 0x7fc550ae7af0>,49,25,[ 3 10],50,113,138,63,109
1,<environment.Job instance at 0x7fc5509c6410>,57,23,[9 2],58,154,177,96,154
1,<environment.Job instance at 0x7fc5509c67d0>,62,3,[8 1],63,177,180,114,160
1,<environment.Job instance at 0x7fc5509c6b90>,66,3,[1 7],67,174,177,107,174
1,<environment.Job instance at 0x7fc59ac447d0>,67,1,[6 5],68,177,178,109,174
1,<environment.Job instance at 0x7fc59ab47a00>,69,1,[8 2],70,190,191,120,190
1,<environment.Job instance at 0x7fc59ab473c0>,75,3,[7 5],76,220,223,144,220
1,<environment.Job instance at 0x7fc59ab47cd0>,78,1,[3 8],79,242,243,163,242
1,<environment.Job instance at 0x7fc5987fbb40>,15,14,[11  2],16,264,278,248,264
1,<environment.Job instance at 0x7fc59b700230>,83,24,[4 7],84,265,289,181,265
1,<environment.Job instance at 0x7fc59b700780>,85,3,[6 4],86,278,281,192,270
1,<environment.Job instance at 0x7fc5980ad6e0>,86,2,[10  1],87,281,283,194,270
1,<environment.Job instance at 0x7fc5980adaf0>,87,1,[7 3],88,283,284,195,270
1,<environment.Job instance at 0x7fc5980ad960>,88,23,[ 4 10],89,289,312,200,283
1,<environment.Job instance at 0x7fc5980ad190>,89,2,[4 6],90,284,286,194,283
1,<environment.Job instance at 0x7fc5982c0d20>,90,2,[5 8],91,286,288,195,283
1,<environment.Job instance at 0x7fc5980ad870>,93,1,[6 5],94,288,289,194,283
1,<environment.Job instance at 0x7fc59813f0a0>,94,1,[4 9],95,312,313,217,284
1,<environment.Job instance at 0x7fc59b028b40>,1,1,[4 6],2,2,3,0,2
1,<environment.Job instance at 0x7fc59b212a50>,0,1,[9 3],1,3,4,2,3
1,<environment.Job instance at 0x7fc59804e640>,6,1,[1 9],7,7,8,0,7
1,<environment.Job instance at 0x7fc59afc8690>,7,2,[8 2],8,9,11,1,9
1,<environment.Job instance at 0x7fc59ab7d640>,16,2,[2 8],17,17,19,0,17
1,<environment.Job instance at 0x7fc59ab7d280>,19,1,[5 5],20,20,21,0,20
1,<environment.Job instance at 0x7fc59ab7d910>,20,3,[4 8],21,21,24,0,21
1,<environment.Job instance at 0x7fc5981af500>,3,3,[11  3],4,29,32,25,29
1,<environment.Job instance at 0x7fc5980ad280>,26,23,[10  4],27,36,59,9,36
1,<environment.Job instance at 0x7fc550999690>,30,3,[10  4],31,59,62,28,57
1,<environment.Job instance at 0x7fc59ad81eb0>,33,1,[6 2],34,72,73,38,72
1,<environment.Job instance at 0x7fc59ad81dc0>,34,2,[8 4],35,72,74,37,72
1,<environment.Job instance at 0x7fc550a70730>,42,1,[2 7],43,121,122,78,121
1,<environment.Job instance at 0x7fc550a70eb0>,47,1,[4 8],48,145,146,97,145
1,<environment.Job instance at 0x7fc550a70780>,48,2,[10  1],49,145,147,96,145
1,<environment.Job instance at 0x7fc550a70320>,49,25,[8 3],50,147,172,97,145
1,<environment.Job instance at 0x7fc550a70fa0>,50,2,[5 5],51,146,148,95,145
1,<environment.Job instance at 0x7fc5985edc30>,52,24,[11  1],53,172,196,119,167
1,<environment.Job instance at 0x7fc550417820>,63,2,[4 8],64,200,202,136,200
1,<environment.Job instance at 0x7fc550417b40>,64,1,[ 3 10],65,202,203,137,200
1,<environment.Job instance at 0x7fc550417960>,66,3,[7 4],67,209,212,142,209
1,<environment.Job instance at 0x7fc550417d20>,67,1,[8 2],68,209,210,141,209
1,<environment.Job instance at 0x7fc550417f50>,68,2,[8 3],69,210,212,141,209
1,<environment.Job instance at 0x7fc550417410>,69,1,[ 3 10],70,212,213,142,209
1,<environment.Job instance at 0x7fc550417dc0>,70,2,[8 2],71,212,214,141,209
1,<environment.Job instance at 0x7fc550435050>,72,1,[4 6],73,214,215,141,214
1,<environment.Job instance at 0x7fc550435140>,74,1,[5 8],75,227,228,152,227
1,<environment.Job instance at 0x7fc5504353c0>,75,3,[7 3],76,228,231,152,228
1,<environment.Job instance at 0x7fc550435320>,76,2,[5 5],77,228,230,151,228
1,<environment.Job instance at 0x7fc550435690>,77,3,[ 1 10],78,230,233,152,229
1,<environment.Job instance at 0x7fc550417b90>,62,18,[10  1],63,242,260,179,242
1,<environment.Job instance at 0x7fc550435a50>,83,2,[12  1],84,260,262,176,242
1,<environment.Job instance at 0x7fc5504355f0>,84,1,[ 5 14],85,244,245,159,244
1,<environment.Job instance at 0x7fc550435c30>,86,21,[3 7],87,246,267,159,246
1,<environment.Job instance at 0x7fc550435dc0>,88,28,[8 3],89,262,290,173,261
1,<environment.Job instance at 0x7fc550435e60>,89,20,[1 9],90,267,287,177,264
1,<environment.Job instance at 0x7fc550438410>,97,2,[13  1],98,305,307,207,305
1,<environment.Job instance at 0x7fc550438550>,99,18,[3 8],100,311,329,211,311
1,<environment.Job instance at 0x7fc5504385f0>,100,2,[4 9],101,329,331,228,311
1,<environment.Job instance at 0x7fc550438910>,104,1,[11  3],105,322,323,217,322
1,<environment.Job instance at 0x7fc550438c80>,109,3,[5 6],110,347,350,237,347
1,<environment.Job instance at 0x7fc550438d20>,110,2,[2 9],111,347,349,236,347
1,<environment.Job instance at 0x7fc550438e60>,112,27,[9 1],113,367,394,254,367
1,<environment.Job instance at 0x7fc550438f50>,115,1,[9 3],116,394,395,278,376
1,<environment.Job instance at 0x7fc550438820>,116,21,[12  2],117,395,416,278,387
1,<environment.Job instance at 0x7fc59b700af0>,10,3,[6 3],11,11,14,0,11
1,<environment.Job instance at 0x7fc59b0a1550>,12,2,[5 7],13,13,15,0,13
1,<environment.Job instance at 0x7fc59847f0a0>,13,2,[2 5],14,14,16,0,14
1,<environment.Job instance at 0x7fc59aedc8c0>,14,2,[2 8],15,15,17,0,15
1,<environment.Job instance at 0x7fc59813f4b0>,15,22,[9 4],16,16,38,0,16
1,<environment.Job instance at 0x7fc550688f50>,16,1,[1 5],17,17,18,0,17
1,<environment.Job instance at 0x7fc59862d500>,17,2,[10  1],18,38,40,20,18
1,<environment.Job instance at 0x7fc550688190>,19,27,[5 8],20,20,47,0,20
1,<environment.Job instance at 0x7fc59859ba50>,24,2,[7 4],25,40,42,15,39
1,<environment.Job instance at 0x7fc59859b690>,26,22,[3 8],27,47,69,20,46
1,<environment.Job instance at 0x7fc59b0da640>,28,2,[5 5],29,52,54,23,52
1,<environment.Job instance at 0x7fc59b0dabe0>,29,2,[10  1],30,54,56,24,52
1,<environment.Job instance at 0x7fc55067bd20>,30,1,[10  3],31,56,57,25,52
1,<environment.Job instance at 0x7fc598130e60>,32,1,[3 9],33,69,70,36,52
1,<environment.Job instance at 0x7fc598130730>,33,1,[5 2],34,53,54,19,53
1,<environment.Job instance at 0x7fc5506e9640>,37,3,[6 4],38,71,74,33,71
1,<environment.Job instance at 0x7fc59806e5a0>,42,1,[14  1],43,100,101,57,100
1,<environment.Job instance at 0x7fc5506145a0>,45,2,[1 6],46,115,117,69,115
1,<environment.Job instance at 0x7fc550634af0>,47,1,[9 4],48,116,117,68,116
1,<environment.Job instance at 0x7fc550903230>,48,24,[8 2],49,117,141,68,116
1,<environment.Job instance at 0x7fc59b75ffa0>,49,27,[ 3 13],50,117,144,67,116
1,<environment.Job instance at 0x7fc59842f9b0>,55,3,[5 4],56,166,169,110,166
1,<environment.Job instance at 0x7fc5984ec0f0>,56,24,[13  3],57,169,193,112,166
1,<environment.Job instance at 0x7fc59ac0ce10>,61,1,[7 1],62,193,194,131,178
1,<environment.Job instance at 0x7fc59ac0ca50>,63,1,[10  4],64,194,195,130,186
1,<environment.Job instance at 0x7fc59ac0c8c0>,65,2,[4 6],66,193,195,127,193
1,<environment.Job instance at 0x7fc59ac0cd70>,67,1,[9 3],68,203,204,135,203
1,<environment.Job instance at 0x7fc59ac0ccd0>,68,3,[2 8],69,203,206,134,203
1,<environment.Job instance at 0x7fc5986875f0>,69,1,[9 1],70,204,205,134,203
1,<environment.Job instance at 0x7fc598687b40>,72,2,[7 2],73,215,217,142,215
1,<environment.Job instance at 0x7fc59aedda50>,73,26,[7 3],74,215,241,141,215
1,<environment.Job instance at 0x7fc55051ba50>,77,27,[1 8],78,229,256,151,229
1,<environment.Job instance at 0x7fc55051be10>,85,1,[ 5 10],86,265,266,179,265
1,<environment.Job instance at 0x7fc55051bd70>,87,3,[2 5],88,276,279,188,276
1,<environment.Job instance at 0x7fc55051b870>,88,1,[7 2],89,276,277,187,276
1,<environment.Job instance at 0x7fc55051b640>,90,26,[2 8],91,282,308,191,282
1,<environment.Job instance at 0x7fc550923280>,96,3,[2 7],97,305,308,208,305
1,<environment.Job instance at 0x7fc550923050>,97,2,[9 5],98,308,310,210,305
1,<environment.Job instance at 0x7fc59ad66640>,8,2,[1 7],9,9,11,0,9
1,<environment.Job instance at 0x7fc55076c2d0>,9,1,[5 6],10,10,11,0,10
1,<environment.Job instance at 0x7fc59ac01af0>,16,1,[4 9],17,19,20,2,19
1,<environment.Job instance at 0x7fc55061e780>,24,3,[3 6],25,67,70,42,67
1,<environment.Job instance at 0x7fc59ab87280>,25,1,[2 6],26,67,68,41,67
1,<environment.Job instance at 0x7fc55061e690>,27,2,[5 7],28,78,80,50,78
1,<environment.Job instance at 0x7fc59ae214b0>,29,3,[2 6],30,81,84,51,81
1,<environment.Job instance at 0x7fc598247910>,30,3,[1 5],31,81,84,50,81
1,<environment.Job instance at 0x7fc550903460>,33,3,[ 3 10],34,93,96,59,93
1,<environment.Job instance at 0x7fc598095be0>,37,24,[8 1],38,107,131,69,107
1,<environment.Job instance at 0x7fc598095640>,38,2,[4 8],39,107,109,68,107
1,<environment.Job instance at 0x7fc598095550>,41,28,[5 9],42,119,147,77,119
1,<environment.Job instance at 0x7fc598095e60>,43,28,[6 1],44,131,159,87,130
1,<environment.Job instance at 0x7fc59804fd70>,48,23,[ 3 10],49,147,170,98,141
1,<environment.Job instance at 0x7fc59804f230>,54,1,[6 3],55,173,174,118,173
1,<environment.Job instance at 0x7fc59804fc80>,55,1,[8 4],56,173,174,117,173
1,<environment.Job instance at 0x7fc59804f050>,57,19,[6 3],58,175,194,117,175
1,<environment.Job instance at 0x7fc59804f780>,58,1,[9 4],59,175,176,116,175
1,<environment.Job instance at 0x7fc5982d2190>,61,3,[8 2],62,193,196,131,193
1,<environment.Job instance at 0x7fc59ad5cbe0>,63,1,[13  4],64,198,199,134,198
1,<environment.Job instance at 0x7fc59804ff00>,0,22,[ 3 10],1,1,23,0,1
1,<environment.Job instance at 0x7fc59afb2230>,17,3,[ 5 11],18,29,32,11,29
1,<environment.Job instance at 0x7fc59ac7e7d0>,24,16,[10  2],25,51,67,26,51
1,<environment.Job instance at 0x7fc59ac7e460>,30,2,[6 2],31,67,69,36,52
1,<environment.Job instance at 0x7fc59ac7e370>,31,2,[10  5],32,69,71,37,52
1,<environment.Job instance at 0x7fc59826c7d0>,34,18,[ 3 10],35,82,100,47,82
1,<environment.Job instance at 0x7fc59826c690>,39,20,[5 5],40,91,111,51,91
1,<environment.Job instance at 0x7fc59826c370>,40,1,[1 5],41,100,101,59,91
1,<environment.Job instance at 0x7fc55051d8c0>,42,3,[3 5],43,100,103,57,92
1,<environment.Job instance at 0x7fc55051d0f0>,43,2,[3 8],44,103,105,59,92
1,<environment.Job instance at 0x7fc55051dd70>,44,3,[9 1],45,105,108,60,92
1,<environment.Job instance at 0x7fc55051d6e0>,46,18,[1 8],47,107,125,60,107
1,<environment.Job instance at 0x7fc55051d4b0>,47,2,[13  4],48,111,113,63,107
1,<environment.Job instance at 0x7fc598427c80>,48,1,[3 9],49,125,126,76,107
1,<environment.Job instance at 0x7fc598427c30>,49,1,[5 1],50,108,109,58,107
1,<environment.Job instance at 0x7fc598427d20>,52,2,[10  3],53,113,115,60,111
1,<environment.Job instance at 0x7fc598423230>,54,3,[3 5],55,119,122,64,119
1,<environment.Job instance at 0x7fc598423460>,57,28,[8 2],58,134,162,76,134
1,<environment.Job instance at 0x7fc5984235a0>,59,13,[5 1],60,134,147,74,134
1,<environment.Job instance at 0x7fc5983dd3c0>,0,28,[4 7],1,1,29,0,1
1,<environment.Job instance at 0x7fc59ad70a00>,22,2,[1 7],23,73,75,50,73
1,<environment.Job instance at 0x7fc59ad70230>,23,1,[ 4 10],24,75,76,51,73
1,<environment.Job instance at 0x7fc59ae211e0>,24,3,[4 7],25,76,79,51,73
1,<environment.Job instance at 0x7fc59ae21730>,25,3,[3 8],26,76,79,50,73
1,<environment.Job instance at 0x7fc598149230>,30,1,[4 9],31,90,91,59,90
1,<environment.Job instance at 0x7fc598149730>,31,3,[7 5],32,90,93,58,90
1,<environment.Job instance at 0x7fc550593d70>,32,1,[5 4],33,91,92,58,90
1,<environment.Job instance at 0x7fc5505935f0>,33,2,[5 7],34,92,94,58,90
1,<environment.Job instance at 0x7fc550593690>,34,1,[5 8],35,93,94,58,90
1,<environment.Job instance at 0x7fc550593f50>,36,1,[ 1 10],37,94,95,57,90
1,<environment.Job instance at 0x7fc550593230>,37,2,[5 2],38,94,96,56,90
1,<environment.Job instance at 0x7fc5505937d0>,38,2,[4 5],39,95,97,56,90
1,<environment.Job instance at 0x7fc550593c80>,39,2,[3 9],40,96,98,56,90
1,<environment.Job instance at 0x7fc550593370>,42,2,[ 2 10],43,104,106,61,104
1,<environment.Job instance at 0x7fc5505932d0>,43,2,[ 5 10],44,106,108,62,104
1,<environment.Job instance at 0x7fc5983dfdc0>,47,3,[5 6],48,125,128,77,125
1,<environment.Job instance at 0x7fc5983dfcd0>,48,2,[6 4],49,125,127,76,125
1,<environment.Job instance at 0x7fc5983df0a0>,50,2,[5 5],51,137,139,86,137
1,<environment.Job instance at 0x7fc5983ddf50>,3,14,[ 3 11],4,141,155,137,141
1,<environment.Job instance at 0x7fc59afb8e60>,52,3,[ 1 14],53,155,158,102,150
1,<environment.Job instance at 0x7fc5983df7d0>,53,1,[9 5],54,158,159,104,150
1,<environment.Job instance at 0x7fc5981bfa00>,55,2,[ 4 10],56,158,160,102,150
1,<environment.Job instance at 0x7fc5981bfdc0>,56,2,[7 2],57,150,152,93,150
1,<environment.Job instance at 0x7fc5981bf5f0>,57,1,[9 4],58,152,153,94,150
1,<environment.Job instance at 0x7fc5981bfa50>,61,2,[9 4],62,153,155,91,152
1,<environment.Job instance at 0x7fc5981bfd20>,62,3,[10  3],63,159,162,96,152
1,<environment.Job instance at 0x7fc5981bfb90>,63,17,[9 1],64,162,179,98,155
1,<environment.Job instance at 0x7fc59ab3c500>,66,3,[ 5 11],67,165,168,98,165
1,<environment.Job instance at 0x7fc59ab3c370>,67,18,[7 5],68,179,197,111,168
1,<environment.Job instance at 0x7fc59ab3cd70>,68,2,[9 5],69,197,199,128,170
1,<environment.Job instance at 0x7fc59ab3c640>,70,1,[5 1],71,171,172,100,171
1,<environment.Job instance at 0x7fc59ab3c4b0>,73,17,[8 4],74,199,216,125,197
1,<environment.Job instance at 0x7fc59ab3c9b0>,74,24,[8 1],75,216,240,141,211
1,<environment.Job instance at 0x7fc59ab3c0a0>,76,25,[6 2],77,211,236,134,211
1,<environment.Job instance at 0x7fc59ab3caa0>,78,2,[10  5],79,240,242,161,213
1,<environment.Job instance at 0x7fc59ab3c960>,81,3,[3 8],82,236,239,154,218
1,<environment.Job instance at 0x7fc59813f280>,82,12,[2 6],83,236,248,153,219
1,<environment.Job instance at 0x7fc59813f0f0>,84,1,[8 1],85,242,243,157,219
1,<environment.Job instance at 0x7fc59813f3c0>,87,1,[5 3],88,239,240,151,236
1,<environment.Job instance at 0x7fc598784500>,88,3,[10  1],89,243,246,154,236
1,<environment.Job instance at 0x7fc598784af0>,90,1,[5 7],91,246,247,155,246
1,<environment.Job instance at 0x7fc598784960>,91,20,[5 3],92,247,267,155,246
1,<environment.Job instance at 0x7fc598784190>,92,24,[8 2],93,246,270,153,246
1,<environment.Job instance at 0x7fc598784230>,93,1,[2 7],94,248,249,154,246
1,<environment.Job instance at 0x7fc5986f2820>,95,1,[3 9],96,267,268,171,251
1,<environment.Job instance at 0x7fc5986f2550>,98,1,[3 6],99,270,271,171,270
1,<environment.Job instance at 0x7fc5986f2640>,99,1,[8 3],100,270,271,170,270
1,<environment.Job instance at 0x7fc5986f20a0>,100,2,[5 9],101,271,273,170,270
1,<environment.Job instance at 0x7fc5986f23c0>,102,2,[ 1 12],103,273,275,170,271
1,<environment.Job instance at 0x7fc5986f2b40>,103,1,[ 3 10],104,275,276,171,271
1,<environment.Job instance at 0x7fc5505c0af0>,108,2,[9 5],109,305,307,196,305
1,<environment.Job instance at 0x7fc5505c0fa0>,109,25,[1 7],110,305,330,195,305
1,<environment.Job instance at 0x7fc5505c0730>,110,1,[7 1],111,307,308,196,305
1,<environment.Job instance at 0x7fc550886500>,10,22,[9 3],11,11,33,0,11
1,<environment.Job instance at 0x7fc5508864b0>,11,28,[1 5],12,12,40,0,12
1,<environment.Job instance at 0x7fc59b26d550>,17,22,[7 3],18,33,55,15,26
1,<environment.Job instance at 0x7fc59b26daa0>,24,2,[14  4],25,57,59,32,57
1,<environment.Job instance at 0x7fc59b26d1e0>,25,3,[14  3],26,77,80,51,77
1,<environment.Job instance at 0x7fc598246f00>,27,3,[ 4 13],28,83,86,55,83
1,<environment.Job instance at 0x7fc5982462d0>,31,27,[6 5],32,102,129,70,102
1,<environment.Job instance at 0x7fc598246690>,32,1,[ 3 10],33,102,103,69,102
1,<environment.Job instance at 0x7fc598246140>,33,3,[ 1 13],34,129,132,95,105
1,<environment.Job instance at 0x7fc598246a50>,35,3,[4 6],36,107,110,71,107
1,<environment.Job instance at 0x7fc59ac458c0>,14,1,[3 8],15,15,16,0,15
1,<environment.Job instance at 0x7fc59ac08410>,15,1,[1 7],16,16,17,0,16
1,<environment.Job instance at 0x7fc550a7e5a0>,23,2,[ 3 10],24,45,47,21,45
1,<environment.Job instance at 0x7fc59af6bfa0>,25,21,[3 8],26,47,68,21,45
1,<environment.Job instance at 0x7fc5506c8960>,28,3,[ 1 10],29,68,71,39,63
1,<environment.Job instance at 0x7fc59861d280>,29,1,[10  3],30,63,64,33,63
1,<environment.Job instance at 0x7fc59861d320>,30,19,[5 1],31,64,83,33,63
1,<environment.Job instance at 0x7fc598423a00>,32,21,[1 8],33,71,92,38,64
1,<environment.Job instance at 0x7fc59825e910>,37,22,[7 5],38,91,113,53,91
1,<environment.Job instance at 0x7fc598421aa0>,44,2,[5 2],45,135,137,90,135
1,<environment.Job instance at 0x7fc598421f50>,45,1,[9 3],46,135,136,89,135
1,<environment.Job instance at 0x7fc5984215a0>,46,2,[5 3],47,136,138,89,135
1,<environment.Job instance at 0x7fc59b061690>,4,2,[1 5],5,6,8,1,6
1,<environment.Job instance at 0x7fc5982e3410>,8,2,[14  5],9,9,11,0,9
1,<environment.Job instance at 0x7fc5508a3d20>,5,3,[ 4 12],6,25,28,19,25
1,<environment.Job instance at 0x7fc59b0c6190>,15,19,[5 1],16,27,46,11,27
1,<environment.Job instance at 0x7fc55069a6e0>,16,24,[5 3],17,28,52,11,27
1,<environment.Job instance at 0x7fc5982132d0>,22,3,[7 4],23,46,49,23,43
1,<environment.Job instance at 0x7fc59b119c30>,23,2,[8 3],24,49,51,25,43
1,<environment.Job instance at 0x7fc59b119370>,24,28,[10  4],25,51,79,26,50
1,<environment.Job instance at 0x7fc5984d00a0>,36,2,[5 9],37,83,85,46,83
1,<environment.Job instance at 0x7fc5984d02d0>,37,2,[ 5 12],38,85,87,47,83
1,<environment.Job instance at 0x7fc55076c320>,42,25,[2 8],43,96,121,53,96
1,<environment.Job instance at 0x7fc5987cd690>,46,26,[ 1 12],47,121,147,74,118
1,<environment.Job instance at 0x7fc5987cd820>,44,19,[3 6],45,147,166,102,147
1,<environment.Job instance at 0x7fc5509401e0>,53,2,[11  4],54,154,156,100,154
1,<environment.Job instance at 0x7fc550467820>,57,2,[11  1],58,156,158,98,155
1,<environment.Job instance at 0x7fc59ad58f00>,63,1,[8 5],64,158,159,94,155
1,<environment.Job instance at 0x7fc59af6bd20>,65,21,[ 2 10],66,166,187,100,164
1,<environment.Job instance at 0x7fc598188c80>,69,2,[ 3 11],70,188,190,118,188
1,<environment.Job instance at 0x7fc55069d9b0>,72,3,[10  2],73,189,192,116,189
1,<environment.Job instance at 0x7fc55069d050>,74,1,[10  1],75,192,193,117,189
1,<environment.Job instance at 0x7fc55069d460>,75,1,[4 9],76,190,191,114,189
1,<environment.Job instance at 0x7fc55069d730>,76,3,[1 9],77,191,194,114,189
1,<environment.Job instance at 0x7fc55069deb0>,77,3,[5 9],78,194,197,116,189
1,<environment.Job instance at 0x7fc55069d8c0>,80,24,[2 5],81,194,218,113,194
1,<environment.Job instance at 0x7fc59b03d370>,85,20,[5 4],86,204,224,118,204
1,<environment.Job instance at 0x7fc59b03d4b0>,86,24,[ 1 10],87,218,242,131,213
1,<environment.Job instance at 0x7fc5980935a0>,87,3,[13  1],88,224,227,136,218
1,<environment.Job instance at 0x7fc59aea0c30>,92,3,[1 9],93,242,245,149,226
1,<environment.Job instance at 0x7fc59aea0910>,93,25,[4 6],94,242,267,148,238
1,<environment.Job instance at 0x7fc550737fa0>,95,2,[8 5],96,238,240,142,238
1,<environment.Job instance at 0x7fc5507378c0>,97,22,[10  3],98,245,267,147,238
1,<environment.Job instance at 0x7fc598484d20>,98,21,[1 6],99,245,266,146,238
1,<environment.Job instance at 0x7fc598796eb0>,107,1,[10  1],108,285,286,177,285
1,<environment.Job instance at 0x7fc59aba8320>,108,1,[ 4 10],109,285,286,176,285
1,<environment.Job instance at 0x7fc5508870a0>,112,3,[1 6],113,331,334,218,331
1,<environment.Job instance at 0x7fc550470280>,116,17,[7 1],117,338,355,221,338
1,<environment.Job instance at 0x7fc550470910>,117,2,[5 1],118,338,340,220,338
1,<environment.Job instance at 0x7fc59accf370>,118,1,[9 2],119,355,356,236,338
1,<environment.Job instance at 0x7fc59accf5f0>,119,3,[14  2],120,356,359,236,338
1,<environment.Job instance at 0x7fc59accf5a0>,120,1,[9 3],121,359,360,238,338
1,<environment.Job instance at 0x7fc59b700280>,124,3,[3 7],125,362,365,237,362
1,<environment.Job instance at 0x7fc59b700140>,127,19,[ 4 10],128,371,390,243,371
1,<environment.Job instance at 0x7fc59b700dc0>,128,3,[ 1 10],129,390,393,261,371
1,<environment.Job instance at 0x7fc59b700870>,131,2,[8 5],132,374,376,242,374
1,<environment.Job instance at 0x7fc59b700550>,133,1,[ 4 10],134,393,394,259,391
1,<environment.Job instance at 0x7fc59b700e60>,134,2,[8 5],135,391,393,256,391
1,<environment.Job instance at 0x7fc59b700190>,136,23,[ 4 10],137,394,417,257,391
1,<environment.Job instance at 0x7fc59b700320>,138,2,[ 2 10],139,417,419,278,395
1,<environment.Job instance at 0x7fc59b700f00>,139,2,[13  2],140,417,419,277,395
1,<environment.Job instance at 0x7fc59ac9bdc0>,141,1,[7 1],142,395,396,253,395
1,<environment.Job instance at 0x7fc59ac9bcd0>,145,1,[1 6],146,419,420,273,409
1,<environment.Job instance at 0x7fc59ac9ba00>,146,2,[3 8],147,419,421,272,409
1,<environment.Job instance at 0x7fc59ac9b4b0>,148,1,[3 7],149,420,421,271,418
1,<environment.Job instance at 0x7fc59ac9b780>,153,24,[ 5 11],154,458,482,304,458
1,<environment.Job instance at 0x7fc55052a820>,160,1,[2 8],161,482,483,321,472
1,<environment.Job instance at 0x7fc55052a5a0>,162,2,[10  4],163,483,485,320,483
1,<environment.Job instance at 0x7fc55052a370>,163,1,[10  5],164,485,486,321,483
1,<environment.Job instance at 0x7fc598410640>,8,1,[5 4],9,9,10,0,9
1,<environment.Job instance at 0x7fc59ac22230>,15,2,[3 7],16,16,18,0,16
1,<environment.Job instance at 0x7fc59ac22c30>,22,1,[2 7],23,47,48,24,47
1,<environment.Job instance at 0x7fc5987f9050>,26,22,[8 4],27,65,87,38,65
1,<environment.Job instance at 0x7fc5987f9370>,27,20,[5 5],28,65,85,37,65
1,<environment.Job instance at 0x7fc5987f9af0>,28,20,[6 2],29,85,105,56,76
1,<environment.Job instance at 0x7fc5987f9460>,33,1,[7 3],34,87,88,53,84
1,<environment.Job instance at 0x7fc5987f9820>,34,2,[9 2],35,88,90,53,84
1,<environment.Job instance at 0x7fc5987f98c0>,35,1,[ 5 14],36,105,106,69,84
1,<environment.Job instance at 0x7fc5503dcaa0>,45,1,[2 7],46,129,130,83,129
1,<environment.Job instance at 0x7fc550395960>,46,2,[8 2],47,129,131,82,129
1,<environment.Job instance at 0x7fc550395f00>,47,23,[2 9],48,130,153,82,129
1,<environment.Job instance at 0x7fc550395b90>,48,2,[ 1 11],49,153,155,104,146
1,<environment.Job instance at 0x7fc550395e60>,55,2,[6 3],56,153,155,97,153
1,<environment.Job instance at 0x7fc5503951e0>,58,2,[1 8],59,168,170,109,168
1,<environment.Job instance at 0x7fc550395730>,61,1,[5 6],62,182,183,120,182
1,<environment.Job instance at 0x7fc550343140>,65,3,[3 7],66,196,199,130,196
1,<environment.Job instance at 0x7fc550343230>,66,1,[6 3],67,196,197,129,196
1,<environment.Job instance at 0x7fc5503431e0>,67,3,[8 2],68,197,200,129,196
1,<environment.Job instance at 0x7fc550343190>,68,3,[9 1],69,200,203,131,196
1,<environment.Job instance at 0x7fc550395550>,59,18,[4 9],60,209,227,149,209
1,<environment.Job instance at 0x7fc550343320>,71,23,[10  2],72,209,232,137,209
1,<environment.Job instance at 0x7fc550323d70>,77,2,[7 4],78,232,234,154,227
1,<environment.Job instance at 0x7fc5503236e0>,85,1,[5 1],86,272,273,186,272
1,<environment.Job instance at 0x7fc550333780>,87,17,[10  1],88,274,291,186,274
1,<environment.Job instance at 0x7fc550333f00>,90,1,[9 4],91,292,293,201,292
1,<environment.Job instance at 0x7fc550333a00>,91,26,[14  5],92,293,319,201,292
1,<environment.Job instance at 0x7fc550333320>,99,1,[2 5],100,319,320,219,305
1,<environment.Job instance at 0x7fc550333a50>,101,2,[1 6],102,322,324,220,322
1,<environment.Job instance at 0x7fc550333230>,102,1,[7 3],103,322,323,219,322
1,<environment.Job instance at 0x7fc5503337d0>,103,1,[2 6],104,322,323,218,322
1,<environment.Job instance at 0x7fc550266690>,106,3,[10  3],107,333,336,226,333
1,<environment.Job instance at 0x7fc550266870>,107,3,[9 5],108,336,339,228,333
1,<environment.Job instance at 0x7fc550266280>,108,3,[ 4 10],109,333,336,224,333
1,<environment.Job instance at 0x7fc550266d20>,111,21,[9 2],112,344,365,232,344
1,<environment.Job instance at 0x7fc550266730>,112,2,[10  1],113,365,367,252,344
1,<environment.Job instance at 0x7fc550266be0>,114,3,[13  3],115,367,370,252,354
1,<environment.Job instance at 0x7fc5502674b0>,117,22,[8 1],118,370,392,252,363
1,<environment.Job instance at 0x7fc550267320>,123,3,[9 5],124,392,395,268,388
1,<environment.Job instance at 0x7fc550267be0>,124,1,[5 5],125,388,389,263,388
1,<environment.Job instance at 0x7fc5502675f0>,127,3,[3 5],128,403,406,275,403
1,<environment.Job instance at 0x7fc550267a00>,128,1,[4 9],129,403,404,274,403
1,<environment.Job instance at 0x7fc5502678c0>,129,1,[8 5],130,404,405,274,403
1,<environment.Job instance at 0x7fc550265730>,131,25,[12  4],132,412,437,280,412
1,<environment.Job instance at 0x7fc550265eb0>,133,21,[1 5],134,418,439,284,418
1,<environment.Job instance at 0x7fc550265870>,138,12,[7 1],139,444,456,305,444
1,<environment.Job instance at 0x7fc550265e60>,139,1,[4 8],140,444,445,304,444
1,<environment.Job instance at 0x7fc550265230>,143,2,[1 9],144,449,451,305,449
1,<environment.Job instance at 0x7fc59823c460>,150,2,[ 5 10],151,493,495,342,493
1,<environment.Job instance at 0x7fc59823ce10>,151,1,[4 8],152,495,496,343,493
1,<environment.Job instance at 0x7fc5503bd280>,152,2,[10  1],153,493,495,340,493
1,<environment.Job instance at 0x7fc5503bd140>,154,1,[5 2],155,495,496,340,493
1,<environment.Job instance at 0x7fc5503bdf50>,157,2,[5 5],158,506,508,348,506
1,<environment.Job instance at 0x7fc5503bd8c0>,159,18,[7 1],160,508,526,348,508
1,<environment.Job instance at 0x7fc59ad73af0>,160,3,[6 2],161,508,511,347,508
1,<environment.Job instance at 0x7fc5983424b0>,161,18,[7 5],162,518,536,356,518
1,<environment.Job instance at 0x7fc5984ecfa0>,162,3,[12  2],163,536,539,373,524
1,<environment.Job instance at 0x7fc598383050>,165,3,[10  5],166,539,542,373,528
1,<environment.Job instance at 0x7fc598281730>,168,13,[10  3],169,542,555,373,539
1,<environment.Job instance at 0x7fc59b046190>,169,2,[4 6],170,539,541,369,539
1,<environment.Job instance at 0x7fc59841cd70>,170,3,[2 8],171,541,544,370,539
1,<environment.Job instance at 0x7fc550752af0>,172,3,[5 7],173,553,556,380,553
1,<environment.Job instance at 0x7fc550bb1780>,175,2,[ 4 10],176,570,572,394,570
1,<environment.Job instance at 0x7fc55046af00>,176,23,[ 4 10],177,572,595,395,570
1,<environment.Job instance at 0x7fc5503dc960>,1,28,[9 4],2,2,30,0,2
1,<environment.Job instance at 0x7fc59ac22780>,2,25,[12  5],3,30,55,27,26
1,<environment.Job instance at 0x7fc598181140>,14,25,[1 6],15,27,52,12,27
1,<environment.Job instance at 0x7fc59b0eb960>,30,1,[10  2],31,66,67,35,66
1,<environment.Job instance at 0x7fc550793820>,32,24,[3 5],33,72,96,39,72
1,<environment.Job instance at 0x7fc550350dc0>,35,27,[1 5],36,79,106,43,79
1,<environment.Job instance at 0x7fc59b762370>,38,1,[6 1],39,90,91,51,90
1,<environment.Job instance at 0x7fc5987675f0>,40,2,[1 8],41,96,98,55,94
1,<environment.Job instance at 0x7fc598767370>,41,1,[1 5],42,94,95,52,94
1,<environment.Job instance at 0x7fc598585460>,21,18,[9 3],22,104,122,82,104
1,<environment.Job instance at 0x7fc5503f37d0>,46,3,[4 5],47,107,110,60,107
1,<environment.Job instance at 0x7fc5503f34b0>,47,3,[3 6],48,110,113,62,109
1,<environment.Job instance at 0x7fc55064f4b0>,48,2,[ 4 10],49,113,115,64,109
1,<environment.Job instance at 0x7fc55064f730>,50,2,[1 6],51,116,118,65,116
1,<environment.Job instance at 0x7fc55064faa0>,51,19,[5 8],52,118,137,66,116
1,<environment.Job instance at 0x7fc55064f820>,53,1,[5 9],54,137,138,83,119
1,<environment.Job instance at 0x7fc55064f230>,55,2,[5 5],56,126,128,70,126
1,<environment.Job instance at 0x7fc550632af0>,63,21,[4 8],64,166,187,102,166
1,<environment.Job instance at 0x7fc550623dc0>,65,3,[6 5],66,174,177,108,174
1,<environment.Job instance at 0x7fc550623fa0>,67,1,[4 9],68,187,188,119,175
1,<environment.Job instance at 0x7fc5506233c0>,69,3,[4 5],70,190,193,120,190
1,<environment.Job instance at 0x7fc55061cdc0>,71,2,[2 6],72,191,193,119,191
1,<environment.Job instance at 0x7fc55061cd70>,73,2,[5 8],74,193,195,119,192
1,<environment.Job instance at 0x7fc55064b230>,76,2,[11  2],77,204,206,127,204
1,<environment.Job instance at 0x7fc5509f59b0>,78,2,[7 2],79,218,220,139,218
1,<environment.Job instance at 0x7fc5509f5140>,79,2,[6 2],80,218,220,138,218
1,<environment.Job instance at 0x7fc5504400a0>,82,3,[4 8],83,220,223,137,219
1,<environment.Job instance at 0x7fc59aee32d0>,83,2,[9 2],84,220,222,136,219
1,<environment.Job instance at 0x7fc59abbb4b0>,85,1,[6 1],86,231,232,145,231
1,<environment.Job instance at 0x7fc59abce9b0>,87,2,[5 3],88,245,247,157,245
1,<environment.Job instance at 0x7fc5509d8550>,92,1,[ 2 10],93,269,270,176,269
1,<environment.Job instance at 0x7fc5986f3910>,93,2,[ 2 10],94,270,272,176,269
1,<environment.Job instance at 0x7fc5980efb40>,94,1,[10  4],95,269,270,174,269
1,<environment.Job instance at 0x7fc59aec8690>,95,2,[5 5],96,270,272,174,269
1,<environment.Job instance at 0x7fc59aec8870>,97,1,[4 5],98,272,273,174,269
1,<environment.Job instance at 0x7fc59aec8a50>,98,1,[3 6],99,272,273,173,269
1,<environment.Job instance at 0x7fc59aec8960>,99,2,[1 6],100,273,275,173,269
1,<environment.Job instance at 0x7fc59aec8f50>,100,22,[5 2],101,272,294,171,269
1,<environment.Job instance at 0x7fc59abc2a50>,102,1,[11  5],103,294,295,191,269
1,<environment.Job instance at 0x7fc59aec69b0>,103,2,[ 4 10],104,275,277,171,269
1,<environment.Job instance at 0x7fc59aec6550>,105,19,[9 4],106,295,314,189,285
1,<environment.Job instance at 0x7fc59aeb1460>,110,28,[6 4],111,296,324,185,296
1,<environment.Job instance at 0x7fc59aec7320>,111,3,[11  1],112,324,327,212,302
1,<environment.Job instance at 0x7fc550baaa00>,112,2,[11  5],113,327,329,214,304
1,<environment.Job instance at 0x7fc550baae10>,115,26,[9 2],116,329,355,213,326
1,<environment.Job instance at 0x7fc5982c4c80>,119,3,[1 9],120,334,337,214,334
1,<environment.Job instance at 0x7fc550bb7280>,121,23,[4 5],122,337,360,215,334
1,<environment.Job instance at 0x7fc598784730>,123,2,[7 5],124,355,357,231,344
1,<environment.Job instance at 0x7fc598665af0>,124,1,[5 8],125,357,358,232,344
1,<environment.Job instance at 0x7fc598665050>,125,3,[ 3 11],126,360,363,234,344
1,<environment.Job instance at 0x7fc550bbad70>,128,2,[10  3],129,545,547,416,545
1,<environment.Job instance at 0x7fc550bba690>,130,3,[3 9],131,589,592,458,589
1,<environment.Job instance at 0x7fc550bba500>,131,3,[4 8],132,592,595,460,589
1,<environment.Job instance at 0x7fc59aec40a0>,132,3,[2 5],133,589,592,456,589
1,<environment.Job instance at 0x7fc59aec4af0>,134,21,[10  4],135,592,613,457,589
1,<environment.Job instance at 0x7fc59aec4320>,138,26,[1 5],139,595,621,456,592
1,<environment.Job instance at 0x7fc59aec4eb0>,142,2,[ 4 13],143,621,623,478,608
1,<environment.Job instance at 0x7fc59810f730>,146,2,[2 6],147,609,611,462,609
1,<environment.Job instance at 0x7fc59aec4780>,148,2,[5 5],149,613,615,464,610
1,<environment.Job instance at 0x7fc550441730>,0,1,[4 9],1,2,3,1,2
1,<environment.Job instance at 0x7fc550bb9dc0>,2,2,[ 2 13],3,9,11,6,9
1,<environment.Job instance at 0x7fc550343870>,9,1,[8 4],10,11,12,1,10
1,<environment.Job instance at 0x7fc5508a30a0>,11,24,[10  2],12,12,36,0,12
1,<environment.Job instance at 0x7fc5506c93c0>,12,2,[ 1 10],13,14,16,1,14
1,<environment.Job instance at 0x7fc55083b230>,17,21,[1 8],18,23,44,5,23
1,<environment.Job instance at 0x7fc5983933c0>,21,2,[8 5],22,38,40,16,38
1,<environment.Job instance at 0x7fc59828a5f0>,23,25,[6 2],24,39,64,15,39
1,<environment.Job instance at 0x7fc5980e1c80>,26,20,[ 5 11],27,53,73,26,53
1,<environment.Job instance at 0x7fc550864be0>,46,2,[7 3],47,136,138,89,136
1,<environment.Job instance at 0x7fc550864550>,47,1,[6 1],48,136,137,88,136
1,<environment.Job instance at 0x7fc550864870>,49,1,[ 1 10],50,148,149,98,148
1,<environment.Job instance at 0x7fc5508644b0>,50,2,[13  1],51,148,150,97,148
1,<environment.Job instance at 0x7fc550864cd0>,53,1,[4 7],54,169,170,115,169
1,<environment.Job instance at 0x7fc550864f50>,54,2,[ 5 10],55,170,172,115,169
1,<environment.Job instance at 0x7fc5504c12d0>,55,1,[11  2],56,169,170,113,169
1,<environment.Job instance at 0x7fc5504c1b40>,56,28,[5 5],57,170,198,113,169
1,<environment.Job instance at 0x7fc5504c1320>,58,2,[3 9],59,172,174,113,169
1,<environment.Job instance at 0x7fc5504c1960>,59,3,[5 5],60,174,177,114,169
1,<environment.Job instance at 0x7fc5504c1230>,60,24,[8 2],61,177,201,116,172
1,<environment.Job instance at 0x7fc5504c1f50>,62,19,[2 9],63,198,217,135,188
1,<environment.Job instance at 0x7fc5504c11e0>,64,22,[9 1],65,201,223,136,194
1,<environment.Job instance at 0x7fc550435b40>,72,3,[ 3 14],73,228,231,155,228
1,<environment.Job instance at 0x7fc550974dc0>,74,3,[2 8],75,233,236,158,233
1,<environment.Job instance at 0x7fc550974c30>,75,1,[3 9],76,236,237,160,233
1,<environment.Job instance at 0x7fc5509740a0>,76,2,[5 7],77,233,235,156,233
1,<environment.Job instance at 0x7fc598585500>,80,25,[ 5 10],81,254,279,173,254
1,<environment.Job instance at 0x7fc598585b40>,81,22,[10  3],82,254,276,172,254
1,<environment.Job instance at 0x7fc59ae21370>,0,19,[8 1],1,2,21,1,2
1,<environment.Job instance at 0x7fc59b241d70>,2,1,[7 1],3,5,6,2,5
1,<environment.Job instance at 0x7fc5985f65f0>,8,1,[5 5],9,9,10,0,9
1,<environment.Job instance at 0x7fc5983fe780>,12,1,[2 7],13,13,14,0,13
1,<environment.Job instance at 0x7fc5983fe0f0>,14,25,[9 4],15,21,46,6,17
1,<environment.Job instance at 0x7fc59b09b0f0>,21,21,[2 6],22,22,43,0,22
1,<environment.Job instance at 0x7fc5503b40a0>,29,1,[8 5],30,49,50,19,49
1,<environment.Job instance at 0x7fc5503b4500>,31,1,[ 4 13],32,50,51,18,50
1,<environment.Job instance at 0x7fc5503b4410>,32,1,[10  1],33,50,51,17,50
1,<environment.Job instance at 0x7fc5503b40f0>,33,2,[2 7],34,51,53,17,50
1,<environment.Job instance at 0x7fc5503b4af0>,34,1,[2 9],35,53,54,18,50
1,<environment.Job instance at 0x7fc5503b48c0>,35,1,[5 5],36,51,52,15,50
1,<environment.Job instance at 0x7fc5503b49b0>,37,2,[5 6],38,52,54,14,50
1,<environment.Job instance at 0x7fc55040b820>,42,2,[ 3 10],43,66,68,23,66
1,<environment.Job instance at 0x7fc55040bc80>,43,2,[6 4],44,66,68,22,66
1,<environment.Job instance at 0x7fc55040bf50>,46,26,[7 5],47,75,101,28,75
1,<environment.Job instance at 0x7fc59876fdc0>,52,25,[1 9],53,97,122,44,97
1,<environment.Job instance at 0x7fc59876f8c0>,56,2,[6 5],57,115,117,58,115
1,<environment.Job instance at 0x7fc5983e5320>,59,3,[6 3],60,121,124,61,121
1,<environment.Job instance at 0x7fc5983e5d70>,60,24,[5 4],61,122,146,61,121
1,<environment.Job instance at 0x7fc5983e59b0>,63,28,[1 9],64,126,154,62,126
1,<environment.Job instance at 0x7fc5502655f0>,73,3,[4 8],74,168,171,94,168
1,<environment.Job instance at 0x7fc59b00e230>,74,1,[10  5],75,168,169,93,168
1,<environment.Job instance at 0x7fc550265140>,68,18,[10  5],69,187,205,118,187
1,<environment.Job instance at 0x7fc59b00e730>,78,27,[9 1],79,205,232,126,203
1,<environment.Job instance at 0x7fc59b00e8c0>,80,1,[ 5 10],81,203,204,122,203
1,<environment.Job instance at 0x7fc598247730>,82,1,[9 4],83,232,233,149,204
1,<environment.Job instance at 0x7fc598247640>,83,1,[ 5 10],84,204,205,120,204
1,<environment.Job instance at 0x7fc5982473c0>,84,1,[2 7],85,205,206,120,204
1,<environment.Job instance at 0x7fc598247d20>,85,1,[5 9],86,206,207,120,204
1,<environment.Job instance at 0x7fc598247be0>,87,2,[1 5],88,205,207,117,204
1,<environment.Job instance at 0x7fc5982478c0>,89,1,[3 7],90,210,211,120,210
1,<environment.Job instance at 0x7fc598247c80>,90,2,[5 5],91,211,213,120,210
1,<environment.Job instance at 0x7fc598247f50>,92,2,[5 5],93,213,215,120,210
1,<environment.Job instance at 0x7fc598247d70>,95,21,[1 5],96,219,240,123,219
1,<environment.Job instance at 0x7fc598247960>,96,3,[9 5],97,233,236,136,219
1,<environment.Job instance at 0x7fc598247550>,97,28,[9 2],98,236,264,138,235
1,<environment.Job instance at 0x7fc5982476e0>,99,3,[13  5],100,264,267,164,243
1,<environment.Job instance at 0x7fc59b0d9190>,105,28,[5 2],106,267,295,161,266
1,<environment.Job instance at 0x7fc59af390f0>,110,3,[6 4],111,267,270,156,266
1,<environment.Job instance at 0x7fc59af39460>,111,18,[8 2],112,272,290,160,272
1,<environment.Job instance at 0x7fc59af39820>,114,3,[1 8],115,278,281,163,278
1,<environment.Job instance at 0x7fc59af39410>,117,20,[5 5],118,290,310,172,284
1,<environment.Job instance at 0x7fc5502b7640>,120,27,[5 7],121,297,324,176,297
1,<environment.Job instance at 0x7fc5502b7910>,122,2,[7 1],123,310,312,187,307
1,<environment.Job instance at 0x7fc5502b7c80>,123,23,[9 1],124,312,335,188,307
1,<environment.Job instance at 0x7fc5502b77d0>,126,26,[ 2 10],127,324,350,197,321
1,<environment.Job instance at 0x7fc5502b7140>,128,3,[5 1],129,335,338,206,325
1,<environment.Job instance at 0x7fc5502b7e60>,129,3,[4 9],130,350,353,220,325
1,<environment.Job instance at 0x7fc5502b7af0>,130,1,[10  5],131,338,339,207,325
1,<environment.Job instance at 0x7fc5986653c0>,132,3,[5 9],133,353,356,220,328
1,<environment.Job instance at 0x7fc598665be0>,136,20,[8 3],137,347,367,210,347
1,<environment.Job instance at 0x7fc598665550>,137,3,[13  4],138,367,370,229,354
1,<environment.Job instance at 0x7fc5986656e0>,140,25,[ 1 12],141,370,395,229,366
1,<environment.Job instance at 0x7fc59af280f0>,142,1,[7 2],143,370,371,227,368
1,<environment.Job instance at 0x7fc59af28e60>,143,1,[7 5],144,395,396,251,368
1,<environment.Job instance at 0x7fc5985cc2d0>,145,1,[10  2],146,371,372,225,371
1,<environment.Job instance at 0x7fc5503c08c0>,147,3,[5 6],148,395,398,247,378
1,<environment.Job instance at 0x7fc5503c0550>,149,18,[3 9],150,396,414,246,394
1,<environment.Job instance at 0x7fc5980ad370>,151,1,[3 9],152,414,415,262,396
1,<environment.Job instance at 0x7fc59b232460>,153,3,[ 5 13],154,415,418,261,401
1,<environment.Job instance at 0x7fc59b2d3c80>,156,3,[ 1 10],157,418,421,261,409
1,<environment.Job instance at 0x7fc59af45e10>,157,3,[7 1],158,409,412,251,409
1,<environment.Job instance at 0x7fc59af45d20>,161,2,[1 7],162,432,434,270,432
1,<environment.Job instance at 0x7fc598121190>,164,1,[8 5],165,447,448,282,447
1,<environment.Job instance at 0x7fc59af45b90>,166,2,[10  4],167,454,456,287,454
1,<environment.Job instance at 0x7fc5980a0fa0>,170,2,[10  3],171,478,480,307,478
1,<environment.Job instance at 0x7fc550a34230>,175,2,[3 8],176,539,541,363,539
1,<environment.Job instance at 0x7fc550a1e0f0>,178,1,[3 8],179,544,545,365,544
1,<environment.Job instance at 0x7fc59ae21c30>,8,2,[ 5 14],9,14,16,5,14
1,<environment.Job instance at 0x7fc5982ae050>,11,1,[1 7],12,16,17,4,14
1,<environment.Job instance at 0x7fc5982aeaf0>,12,1,[4 6],13,16,17,3,14
1,<environment.Job instance at 0x7fc550435410>,15,3,[2 7],16,17,20,1,16
1,<environment.Job instance at 0x7fc550435960>,17,20,[7 1],18,18,38,0,18
1,<environment.Job instance at 0x7fc5504357d0>,21,1,[2 9],22,33,34,11,33
1,<environment.Job instance at 0x7fc550435d20>,28,3,[1 9],29,70,73,41,70
1,<environment.Job instance at 0x7fc550435f50>,29,26,[ 3 11],30,73,99,43,70
1,<environment.Job instance at 0x7fc5980adf50>,35,1,[9 1],36,91,92,55,91
1,<environment.Job instance at 0x7fc5980ade60>,36,23,[3 6],37,99,122,62,93
1,<environment.Job instance at 0x7fc5980ad1e0>,37,26,[9 1],38,93,119,55,93
1,<environment.Job instance at 0x7fc5980adaf0>,42,20,[ 5 10],43,122,142,79,113
1,<environment.Job instance at 0x7fc5980ad050>,45,27,[9 2],46,122,149,76,122
1,<environment.Job instance at 0x7fc598078230>,54,19,[5 8],55,153,172,98,153
1,<environment.Job instance at 0x7fc598078690>,56,3,[5 1],57,163,166,106,163
1,<environment.Job instance at 0x7fc598078dc0>,57,3,[ 1 13],58,172,175,114,163
1,<environment.Job instance at 0x7fc59807fe10>,62,21,[1 8],63,177,198,114,177
1,<environment.Job instance at 0x7fc59807f960>,66,2,[7 1],67,204,206,137,204
1,<environment.Job instance at 0x7fc59807f8c0>,67,3,[8 1],68,204,207,136,204
1,<environment.Job instance at 0x7fc59807f190>,68,3,[5 6],69,206,209,137,204
1,<environment.Job instance at 0x7fc59807f820>,70,1,[5 5],71,207,208,136,206
1,<environment.Job instance at 0x7fc598071500>,73,3,[2 8],74,222,225,148,222
1,<environment.Job instance at 0x7fc598071190>,75,1,[ 1 10],76,230,231,154,230
1,<environment.Job instance at 0x7fc598071410>,76,22,[5 9],77,231,253,154,230
1,<environment.Job instance at 0x7fc598071af0>,77,1,[11  1],78,253,254,175,233
1,<environment.Job instance at 0x7fc5980710a0>,85,1,[7 3],86,258,259,172,258
1,<environment.Job instance at 0x7fc598071cd0>,86,2,[2 6],87,258,260,171,258
1,<environment.Job instance at 0x7fc5980a95a0>,87,3,[ 2 10],88,260,263,172,258
1,<environment.Job instance at 0x7fc5980a9550>,88,1,[5 5],89,258,259,169,258
1,<environment.Job instance at 0x7fc5980a9730>,89,2,[3 6],90,263,265,173,258
1,<environment.Job instance at 0x7fc5980a9050>,90,1,[5 5],91,259,260,168,258
1,<environment.Job instance at 0x7fc5980a9d70>,92,19,[14  1],93,265,284,172,258
1,<environment.Job instance at 0x7fc5980a9be0>,97,28,[1 7],98,263,291,165,262
1,<environment.Job instance at 0x7fc55082cdc0>,105,3,[4 8],106,299,302,193,299
1,<environment.Job instance at 0x7fc550826fa0>,108,18,[6 3],109,324,342,215,324
1,<environment.Job instance at 0x7fc550826e60>,110,2,[ 5 10],111,325,327,214,325
1,<environment.Job instance at 0x7fc55084ec30>,121,1,[3 7],122,389,390,267,389
1,<environment.Job instance at 0x7fc55084ec80>,122,1,[ 2 11],123,390,391,267,389
1,<environment.Job instance at 0x7fc55084e0a0>,124,1,[6 4],125,389,390,264,389
1,<environment.Job instance at 0x7fc55084e910>,125,2,[5 7],126,391,393,265,389
1,<environment.Job instance at 0x7fc550851780>,130,1,[ 1 10],131,414,415,283,414
1,<environment.Job instance at 0x7fc550851b90>,133,2,[8 1],134,427,429,293,427
1,<environment.Job instance at 0x7fc550851820>,134,3,[6 2],135,427,430,292,427
1,<environment.Job instance at 0x7fc550851500>,137,24,[5 6],138,445,469,307,445
1,<environment.Job instance at 0x7fc550851550>,140,3,[7 3],141,457,460,316,457
1,<environment.Job instance at 0x7fc550851190>,141,1,[1 5],142,457,458,315,457
1,<environment.Job instance at 0x7fc550851640>,142,3,[2 7],143,460,463,317,457
1,<environment.Job instance at 0x7fc550851370>,145,3,[ 3 12],146,469,472,323,469
1,<environment.Job instance at 0x7fc550837d70>,149,2,[6 5],150,488,490,338,488
1,<environment.Job instance at 0x7fc550837f50>,150,22,[10  1],151,490,512,339,488
1,<environment.Job instance at 0x7fc550837550>,151,1,[4 9],152,488,489,336,488
1,<environment.Job instance at 0x7fc598082140>,152,3,[1 7],153,489,492,336,488
1,<environment.Job instance at 0x7fc59869d050>,155,23,[5 1],156,495,518,339,495
1,<environment.Job instance at 0x7fc59b7007d0>,156,20,[4 7],157,512,532,355,503
1,<environment.Job instance at 0x7fc55062ca00>,157,20,[5 2],158,512,532,354,503
1,<environment.Job instance at 0x7fc5508d1550>,166,3,[7 5],167,533,536,366,533
1,<environment.Job instance at 0x7fc5985b0230>,167,2,[1 9],168,533,535,365,533
1,<environment.Job instance at 0x7fc5505f9e10>,170,3,[4 8],171,551,554,380,551
1,<environment.Job instance at 0x7fc550b31320>,171,1,[6 5],172,551,552,379,551
1,<environment.Job instance at 0x7fc5503916e0>,175,2,[4 9],176,564,566,388,564
1,<environment.Job instance at 0x7f94a6fcc280>,3,22,[2 5],4,4,26,0,4
1,<environment.Job instance at 0x7f94a6fcc870>,10,22,[8 1],11,11,33,0,11
1,<environment.Job instance at 0x7f94a6fccaa0>,12,23,[6 4],13,26,49,13,20
1,<environment.Job instance at 0x7f94a6fccb90>,14,21,[8 1],15,33,54,18,25
1,<environment.Job instance at 0x7f94a6fcce60>,18,26,[7 4],19,49,75,30,46
1,<environment.Job instance at 0x7f94a6fccfa0>,19,25,[5 9],20,54,79,34,50
1,<environment.Job instance at 0x7f94a6fcfa50>,30,26,[9 4],31,75,101,44,72
1,<environment.Job instance at 0x7f94a6fcfaf0>,31,1,[ 2 14],32,101,102,69,76
1,<environment.Job instance at 0x7f94a6fcfb90>,32,21,[5 9],33,79,100,46,76
1,<environment.Job instance at 0x7f94a6fcfc30>,33,26,[3 6],34,102,128,68,99
1,<environment.Job instance at 0x7f94a6fcfe10>,36,2,[7 5],37,102,104,65,99
1,<environment.Job instance at 0x7f94a6fcff50>,38,2,[6 1],39,100,102,61,99
1,<environment.Job instance at 0x7f94a6fcf640>,40,26,[ 1 10],41,128,154,87,125
1,<environment.Job instance at 0x7f94a6fd1b40>,50,2,[5 6],51,154,156,103,141
1,<environment.Job instance at 0x7f94a6fd1b90>,51,2,[5 3],52,141,143,89,141
1,<environment.Job instance at 0x7f94a6fd1af0>,52,2,[ 2 10],53,156,158,103,141
1,<environment.Job instance at 0x7f94a6fd1be0>,53,3,[2 9],54,158,161,104,141
1,<environment.Job instance at 0x7f94a6fd3230>,59,19,[1 7],60,161,180,101,159
1,<environment.Job instance at 0x7f94a6fd3140>,60,2,[2 6],61,159,161,98,159
1,<environment.Job instance at 0x7f94a6fd3190>,61,1,[7 5],62,161,162,99,159
1,<environment.Job instance at 0x7f94a6fd33c0>,64,2,[2 8],65,169,171,104,169
1,<environment.Job instance at 0x7f94a6fd3320>,65,1,[5 8],66,171,172,105,169
1,<environment.Job instance at 0x7f94a6fd3500>,66,2,[7 2],67,172,174,105,169
1,<environment.Job instance at 0x7f94a6fd3b90>,70,1,[5 4],71,191,192,120,191
1,<environment.Job instance at 0x7f94a6fd3c30>,71,2,[5 1],72,191,193,119,191
1,<environment.Job instance at 0x7f94a6fd3c80>,73,2,[9 3],74,192,194,118,191
1,<environment.Job instance at 0x7f94a6fd6370>,79,19,[10  3],80,217,236,137,217
1,<environment.Job instance at 0x7f94a6fd6410>,80,1,[5 5],81,217,218,136,217
1,<environment.Job instance at 0x7f94a6fd6550>,82,21,[4 8],83,218,239,135,218
1,<environment.Job instance at 0x7f94a6fd6690>,84,1,[5 5],85,236,237,151,221
1,<environment.Job instance at 0x7f94a6fd67d0>,86,3,[6 3],87,237,240,150,236
1,<environment.Job instance at 0x7f94a6fd6a50>,90,3,[6 1],91,254,257,163,254
1,<environment.Job instance at 0x7f94a6fd6c30>,93,25,[ 1 10],94,254,279,160,254
1,<environment.Job instance at 0x7f94a6fd6cd0>,94,1,[ 5 10],95,279,280,184,254
1,<environment.Job instance at 0x7f94a6fd6d70>,95,3,[8 5],96,257,260,161,254
1,<environment.Job instance at 0x7f94a6fd6f50>,98,1,[2 9],99,280,281,181,266
1,<environment.Job instance at 0x7f94a6fda3c0>,99,2,[7 5],100,266,268,166,266
1,<environment.Job instance at 0x7f94ae429500>,104,1,[ 1 10],105,289,290,184,289
1,<environment.Job instance at 0x7f94a6fc32d0>,106,1,[4 8],107,295,296,188,295
1,<environment.Job instance at 0x7f94a709feb0>,109,27,[3 9],110,307,334,197,307
1,<environment.Job instance at 0x7f94a701daf0>,110,23,[5 1],111,307,330,196,307
1,<environment.Job instance at 0x7f94a70a25f0>,114,1,[9 2],115,330,331,215,320
1,<environment.Job instance at 0x7f94a7068730>,115,2,[1 6],116,331,333,215,321
1,<environment.Job instance at 0x7f94a7082f00>,117,3,[ 3 13],118,334,337,216,323
1,<environment.Job instance at 0x7f94a6fbfa50>,119,28,[7 5],120,337,365,217,336
1,<environment.Job instance at 0x7f94a715c690>,124,1,[6 1],125,346,347,221,346
1,<environment.Job instance at 0x7f94a7286500>,125,2,[7 4],126,347,349,221,346
1,<environment.Job instance at 0x7f94a6fbfb40>,128,1,[7 1],129,356,357,227,356
1,<environment.Job instance at 0x7f94a6fbf870>,120,19,[ 5 12],121,365,384,244,359
1,<environment.Job instance at 0x7f94a708eb40>,133,2,[ 5 10],134,384,386,250,374
1,<environment.Job instance at 0x7f94a715ad70>,136,1,[9 5],137,384,385,247,380
1,<environment.Job instance at 0x7f94a708e6e0>,137,28,[ 2 10],138,386,414,248,385
1,<environment.Job instance at 0x7f94a70eee10>,139,1,[5 5],140,385,386,245,385
1,<environment.Job instance at 0x7f94a7088f00>,144,20,[13  4],145,402,422,257,402
1,<environment.Job instance at 0x7f94a70886e0>,151,22,[5 6],152,422,444,270,419
1,<environment.Job instance at 0x7f94a7088aa0>,152,1,[9 2],153,422,423,269,419
1,<environment.Job instance at 0x7f94a70885a0>,153,1,[12  5],154,444,445,290,419
1,<environment.Job instance at 0x7f94a70debe0>,154,1,[8 3],155,423,424,268,419
1,<environment.Job instance at 0x7f94a70eb640>,157,21,[10  4],158,445,466,287,437
1,<environment.Job instance at 0x7f94a70ebb40>,160,24,[1 5],161,438,462,277,438
1,<environment.Job instance at 0x7f94a70eb8c0>,162,20,[10  5],163,466,486,303,457
1,<environment.Job instance at 0x7f94a6fe5500>,4,26,[3 9],5,5,31,0,5
1,<environment.Job instance at 0x7f94a6f730f0>,8,21,[2 7],9,31,52,22,23
1,<environment.Job instance at 0x7f94a6f731e0>,10,23,[4 7],11,31,54,20,25
1,<environment.Job instance at 0x7f94a6f73aa0>,18,20,[ 2 10],19,54,74,35,45
1,<environment.Job instance at 0x7f94a6f73d70>,25,21,[1 6],26,74,95,48,66
1,<environment.Job instance at 0x7f94a6f73be0>,20,1,[14  4],21,74,75,53,69
1,<environment.Job instance at 0x7f94a6f72be0>,28,23,[1 9],29,75,98,46,69
1,<environment.Job instance at 0x7f94a6f73730>,15,19,[ 1 10],16,98,117,82,90
1,<environment.Job instance at 0x7f94a6f72b40>,38,19,[4 7],39,117,136,78,107
1,<environment.Job instance at 0x7f94a6f790f0>,41,1,[ 5 10],42,136,137,94,108
1,<environment.Job instance at 0x7f94a6f790a0>,42,2,[10  4],43,108,110,65,108
1,<environment.Job instance at 0x7f94a6f79190>,43,22,[9 1],44,110,132,66,108
1,<environment.Job instance at 0x7f94a6f798c0>,47,2,[ 1 12],48,137,139,89,125
1,<environment.Job instance at 0x7f94633c70f0>,55,27,[6 1],56,157,184,101,157
1,<environment.Job instance at 0x7f94633c7aa0>,56,1,[4 7],57,157,158,100,157
1,<environment.Job instance at 0x7f94633d09b0>,58,3,[5 1],59,164,167,105,164
1,<environment.Job instance at 0x7f94633d0eb0>,59,2,[6 2],60,167,169,107,164
1,<environment.Job instance at 0x7f94633d0f50>,62,23,[1 8],63,173,196,110,173
1,<environment.Job instance at 0x7f94633d02d0>,63,1,[9 5],64,184,185,120,173
1,<environment.Job instance at 0x7f94633d0190>,64,2,[7 1],65,173,175,108,173
1,<environment.Job instance at 0x7f94633551e0>,66,1,[2 6],67,175,176,108,174
1,<environment.Job instance at 0x7f94633550a0>,68,2,[5 3],69,180,182,111,180
1,<environment.Job instance at 0x7f94633541e0>,69,3,[4 8],70,196,199,126,181
1,<environment.Job instance at 0x7f9463354500>,70,2,[4 5],71,182,184,111,181
1,<environment.Job instance at 0x7f9463354a00>,72,1,[1 5],73,190,191,117,190
1,<environment.Job instance at 0x7f94633548c0>,73,26,[5 3],74,191,217,117,190
1,<environment.Job instance at 0x7f94633546e0>,75,18,[ 1 10],76,199,217,123,199
1,<environment.Job instance at 0x7f9463351690>,82,18,[3 8],83,218,236,135,218
1,<environment.Job instance at 0x7f9463351370>,85,2,[5 8],86,236,238,150,218
1,<environment.Job instance at 0x7f9463351500>,88,20,[5 2],89,231,251,142,231
1,<environment.Job instance at 0x7f9463351d20>,89,26,[2 8],90,238,264,148,235
1,<environment.Job instance at 0x7f94633c9e10>,91,20,[ 4 10],92,264,284,172,255
1,<environment.Job instance at 0x7f94633c9370>,93,2,[7 3],94,255,257,161,255
1,<environment.Job instance at 0x7f9463440730>,95,2,[5 7],96,257,259,161,257
1,<environment.Job instance at 0x7f94633c9730>,96,2,[8 1],97,259,261,162,257
1,<environment.Job instance at 0x7f94633c96e0>,97,27,[9 5],98,261,288,163,259
1,<environment.Job instance at 0x7f94a6fe5f00>,7,2,[9 3],8,8,10,0,8
1,<environment.Job instance at 0x7f9463310320>,8,2,[3 5],9,9,11,0,9
1,<environment.Job instance at 0x7f94632165a0>,15,3,[8 3],16,28,31,12,28
1,<environment.Job instance at 0x7f94632166e0>,17,2,[ 3 11],18,36,38,18,36
1,<environment.Job instance at 0x7f94a6dc1b40>,19,2,[2 7],20,43,45,23,43
1,<environment.Job instance at 0x7f94633103c0>,9,18,[10  4],10,47,65,37,47
1,<environment.Job instance at 0x7f94a6dc1d20>,22,27,[8 3],23,65,92,42,63
1,<environment.Job instance at 0x7f94a6dc1f00>,25,1,[1 6],26,70,71,44,70
1,<environment.Job instance at 0x7f94a6dc1aa0>,26,27,[2 6],27,70,97,43,70
1,<environment.Job instance at 0x7f94632147d0>,32,2,[2 7],33,95,97,62,95
1,<environment.Job instance at 0x7f94a6d5b140>,33,1,[8 3],34,97,98,63,95
1,<environment.Job instance at 0x7f94634fd140>,36,2,[7 5],37,97,99,60,97
1,<environment.Job instance at 0x7f94a6da0af0>,37,1,[2 8],38,98,99,60,97
1,<environment.Job instance at 0x7f9463214cd0>,38,3,[2 9],39,99,102,60,97
1,<environment.Job instance at 0x7f94a6d39190>,39,3,[2 7],40,102,105,62,97
1,<environment.Job instance at 0x7f94a71f3a50>,41,3,[3 8],42,108,111,66,108
1,<environment.Job instance at 0x7f94a7381af0>,43,1,[7 1],44,112,113,68,112
1,<environment.Job instance at 0x7f94632af8c0>,46,21,[ 4 10],47,118,139,71,118
1,<environment.Job instance at 0x7f94632afb90>,47,23,[2 8],48,139,162,91,133
1,<environment.Job instance at 0x7f94632af140>,48,3,[11  1],49,133,136,84,133
1,<environment.Job instance at 0x7f94632afe10>,49,19,[13  3],50,139,158,89,133
1,<environment.Job instance at 0x7f9463276b90>,57,1,[7 2],58,159,160,101,159
1,<environment.Job instance at 0x7f9463276d70>,60,25,[6 4],61,189,214,128,189
1,<environment.Job instance at 0x7f94632765f0>,62,3,[14  5],63,231,234,168,231
1,<environment.Job instance at 0x7f9463276a00>,64,24,[5 5],65,234,258,169,234
1,<environment.Job instance at 0x7f94a6d36460>,68,28,[ 5 10],69,234,262,165,234
1,<environment.Job instance at 0x7f94a6d585f0>,72,1,[4 8],73,262,263,189,251
1,<environment.Job instance at 0x7f9463307c30>,74,1,[ 3 10],75,263,264,188,253
1,<environment.Job instance at 0x7f94ada03280>,2,24,[1 9],3,3,27,0,3
1,<environment.Job instance at 0x7f94635b7e10>,11,27,[7 1],12,12,39,0,12
1,<environment.Job instance at 0x7f946360acd0>,12,26,[ 3 10],13,27,53,14,24
1,<environment.Job instance at 0x7f946360a870>,15,21,[ 2 10],16,53,74,37,45
1,<environment.Job instance at 0x7f94639035a0>,17,1,[ 3 14],18,74,75,56,46
1,<environment.Job instance at 0x7f9463658d70>,13,2,[ 3 13],14,75,77,61,48
1,<environment.Job instance at 0x7f9463656190>,24,2,[7 1],25,56,58,31,56
1,<environment.Job instance at 0x7f946385f230>,25,2,[4 7],26,77,79,51,56
1,<environment.Job instance at 0x7f946385f910>,27,1,[7 3],28,58,59,30,58
1,<environment.Job instance at 0x7f94a72f65f0>,33,24,[2 6],34,90,114,56,90
1,<environment.Job instance at 0x7f94a7139dc0>,11,2,[ 2 10],12,12,14,0,12
1,<environment.Job instance at 0x7f94638ae870>,13,3,[4 8],14,14,17,0,14
1,<environment.Job instance at 0x7f9463906550>,16,1,[2 8],17,18,19,1,18
1,<environment.Job instance at 0x7f9463625f00>,23,1,[6 2],24,37,38,13,37
1,<environment.Job instance at 0x7f9463625a00>,24,2,[2 7],25,37,39,12,37
1,<environment.Job instance at 0x7f9463625af0>,25,26,[4 8],26,38,64,12,37
1,<environment.Job instance at 0x7f9463625be0>,26,20,[4 8],27,64,84,37,55
1,<environment.Job instance at 0x7f9463625410>,27,3,[4 6],28,55,58,27,55
1,<environment.Job instance at 0x7f94636256e0>,30,25,[5 4],31,58,83,27,55
1,<environment.Job instance at 0x7f9463625370>,31,21,[5 5],32,83,104,51,75
1,<environment.Job instance at 0x7f946377e780>,35,25,[5 7],36,84,109,48,80
1,<environment.Job instance at 0x7f94a7051410>,37,22,[5 8],38,104,126,66,97
1,<environment.Job instance at 0x7f94a7051c80>,43,27,[8 5],44,109,136,65,107
1,<environment.Job instance at 0x7f946388a870>,49,1,[12  4],50,136,137,86,126
1,<environment.Job instance at 0x7f946387f190>,53,24,[3 5],54,146,170,92,146
1,<environment.Job instance at 0x7f94a7051320>,39,3,[11  3],40,147,150,107,147
1,<environment.Job instance at 0x7f94635a2280>,59,1,[6 2],60,151,152,91,151
1,<environment.Job instance at 0x7f94638691e0>,62,3,[9 4],63,168,171,105,168
1,<environment.Job instance at 0x7f94638696e0>,64,27,[1 8],65,171,198,106,171
1,<environment.Job instance at 0x7f9463862960>,74,23,[4 5],75,193,216,118,193
1,<environment.Job instance at 0x7f9463863960>,80,1,[1 7],81,236,237,155,236
1,<environment.Job instance at 0x7f94638635a0>,81,1,[9 4],82,236,237,154,236
1,<environment.Job instance at 0x7f94638636e0>,82,2,[3 6],83,237,239,154,236
1,<environment.Job instance at 0x7f9463863550>,85,2,[2 9],86,273,275,187,273
1,<environment.Job instance at 0x7f9463863460>,86,26,[8 5],87,273,299,186,273
1,<environment.Job instance at 0x7f9463863140>,87,2,[4 6],88,275,277,187,273
1,<environment.Job instance at 0x7f9463863500>,2,19,[2 5],3,3,22,0,3
1,<environment.Job instance at 0x7f94635ea780>,10,25,[10  4],11,11,36,0,11
1,<environment.Job instance at 0x7f94635ea7d0>,17,1,[5 4],18,28,29,10,28
1,<environment.Job instance at 0x7f94635eadc0>,21,3,[7 5],22,42,45,20,42
1,<environment.Job instance at 0x7f946360c0a0>,24,2,[8 1],25,59,61,34,59
1,<environment.Job instance at 0x7f9463633b90>,31,2,[13  4],32,100,102,68,100
1,<environment.Job instance at 0x7f94636332d0>,35,2,[ 3 10],36,117,119,81,117
1,<environment.Job instance at 0x7f9463633c30>,36,20,[10  4],37,117,137,80,117
1,<environment.Job instance at 0x7f94ad95a6e0>,40,27,[ 3 13],41,137,164,96,135
1,<environment.Job instance at 0x7f94ad95a690>,43,27,[1 7],44,164,191,120,162
1,<environment.Job instance at 0x7f94ad95aeb0>,46,3,[10  3],47,164,167,117,162
1,<environment.Job instance at 0x7f94ad95a190>,47,1,[ 4 10],48,191,192,143,163
1,<environment.Job instance at 0x7f94ad95a050>,50,1,[12  1],51,163,164,112,163
1,<environment.Job instance at 0x7f94ad95ab90>,51,25,[9 1],52,167,192,115,163
1,<environment.Job instance at 0x7f94a6e49aa0>,60,27,[5 4],61,209,236,148,209
1,<environment.Job instance at 0x7f94a6e49870>,61,28,[7 5],62,209,237,147,209
1,<environment.Job instance at 0x7f94a6e49050>,62,1,[4 8],63,236,237,173,209
1,<environment.Job instance at 0x7f94a6e498c0>,63,28,[8 2],64,237,265,173,236
1,<environment.Job instance at 0x7f9463650c80>,71,1,[2 8],72,237,238,165,237
1,<environment.Job instance at 0x7f9463650230>,75,2,[7 1],76,258,260,182,258
1,<environment.Job instance at 0x7f94636506e0>,76,2,[2 6],77,260,262,183,258
1,<environment.Job instance at 0x7f9463643280>,81,1,[ 5 14],82,289,290,207,289
1,<environment.Job instance at 0x7f9463643aa0>,82,1,[7 1],83,289,290,206,289
1,<environment.Job instance at 0x7f9463643cd0>,83,19,[7 1],84,290,309,206,289
1,<environment.Job instance at 0x7f94636438c0>,86,1,[4 5],87,305,306,218,305
1,<environment.Job instance at 0x7f94ae1664b0>,93,27,[5 1],94,344,371,250,344
1,<environment.Job instance at 0x7f94adf31780>,96,2,[ 5 12],97,351,353,254,351
1,<environment.Job instance at 0x7f94a6f5ea50>,98,2,[7 4],99,353,355,254,351
1,<environment.Job instance at 0x7f94a6f5e960>,99,1,[1 6],100,353,354,253,351
1,<environment.Job instance at 0x7f94ad7e7690>,102,1,[6 5],103,362,363,259,362
1,<environment.Job instance at 0x7f94adcc11e0>,15,3,[7 5],16,16,19,0,16
1,<environment.Job instance at 0x7f94adb871e0>,18,1,[3 8],19,26,27,7,26
1,<environment.Job instance at 0x7f94a70dadc0>,23,24,[4 7],24,51,75,27,51
1,<environment.Job instance at 0x7f94a6f47410>,25,3,[6 4],26,60,63,34,60
1,<environment.Job instance at 0x7f9463355d20>,26,2,[10  1],27,63,65,36,61
1,<environment.Job instance at 0x7f94a6f47eb0>,27,1,[7 3],28,65,66,37,61
1,<environment.Job instance at 0x7f94ad9fee10>,28,23,[ 4 10],29,75,98,46,69
1,<environment.Job instance at 0x7f94add27c30>,38,1,[1 6],39,101,102,62,101
1,<environment.Job instance at 0x7f94adb688c0>,41,3,[5 5],42,107,110,65,107
1,<environment.Job instance at 0x7f94adcb6f50>,43,24,[3 5],44,113,137,69,113
1,<environment.Job instance at 0x7f94adcb66e0>,44,2,[1 6],45,113,115,68,113
1,<environment.Job instance at 0x7f94ad99ae60>,46,1,[3 7],47,122,123,75,122
1,<environment.Job instance at 0x7f94ad99a550>,47,1,[4 7],48,123,124,75,122
1,<environment.Job instance at 0x7f946376ff50>,49,2,[8 4],50,130,132,80,130
1,<environment.Job instance at 0x7f946376f910>,54,1,[1 9],55,167,168,112,167
1,<environment.Job instance at 0x7f94a6ed45a0>,56,1,[2 5],57,167,168,110,167
1,<environment.Job instance at 0x7f94a6f9f5a0>,57,1,[8 5],58,168,169,110,167
1,<environment.Job instance at 0x7f94a6f9f2d0>,59,24,[7 1],60,168,192,108,168
1,<environment.Job instance at 0x7f94a6f9f550>,60,26,[4 8],61,169,195,108,168
1,<environment.Job instance at 0x7f94a6f9fe10>,62,3,[7 5],63,192,195,129,180
1,<environment.Job instance at 0x7f94a6f9f960>,63,3,[10  4],64,195,198,131,181
1,<environment.Job instance at 0x7f94a6f9f690>,66,2,[1 9],67,195,197,128,184
1,<environment.Job instance at 0x7f94a6fa5d20>,69,3,[ 4 10],70,197,200,127,197
1,<environment.Job instance at 0x7f94a6fa5730>,70,18,[8 5],71,202,220,131,202
1,<environment.Job instance at 0x7f94a7065050>,71,1,[10  4],72,220,221,148,202
1,<environment.Job instance at 0x7f94a723fc80>,73,18,[8 1],74,221,239,147,213
1,<environment.Job instance at 0x7f946359bfa0>,2,1,[4 6],3,4,5,1,4
1,<environment.Job instance at 0x7f94a7005960>,9,2,[10  1],10,12,14,2,12
1,<environment.Job instance at 0x7f94a6f209b0>,14,1,[ 5 14],15,16,17,1,16
1,<environment.Job instance at 0x7f94a6f1fdc0>,13,2,[12  1],14,18,20,4,18
1,<environment.Job instance at 0x7f94ad7c4410>,16,21,[3 7],17,18,39,1,18
1,<environment.Job instance at 0x7f94a6fbf410>,18,28,[8 3],19,20,48,1,19
1,<environment.Job instance at 0x7f94633d4960>,19,20,[1 9],20,39,59,19,30
1,<environment.Job instance at 0x7f94a6f879b0>,27,2,[13  1],28,51,53,23,51
1,<environment.Job instance at 0x7f94a6f870a0>,30,2,[4 9],31,65,67,34,65
1,<environment.Job instance at 0x7f94a6f87cd0>,31,18,[4 6],32,65,83,33,65
1,<environment.Job instance at 0x7f94a72e0410>,33,17,[6 1],34,78,95,44,78
1,<environment.Job instance at 0x7f94a72e0b40>,34,1,[11  3],35,95,96,60,78
1,<environment.Job instance at 0x7f94a6f87640>,29,18,[3 8],30,90,108,60,90
1,<environment.Job instance at 0x7f94a72e0280>,42,27,[9 1],43,96,123,53,94
1,<environment.Job instance at 0x7f94ad7feb90>,45,1,[9 3],46,123,124,77,111
1,<environment.Job instance at 0x7f94a72e0cd0>,46,21,[12  2],47,124,145,77,116
1,<environment.Job instance at 0x7f94ad7fe820>,47,2,[1 5],48,116,118,68,116
1,<environment.Job instance at 0x7f9463150690>,49,20,[2 8],50,121,141,71,121
1,<environment.Job instance at 0x7f9463150c30>,56,2,[12  3],57,157,159,100,157
1,<environment.Job instance at 0x7f9463150d70>,58,1,[ 4 10],59,159,160,100,158
1,<environment.Job instance at 0x7f9463150fa0>,61,23,[5 9],62,188,211,126,188
1,<environment.Job instance at 0x7f94632493c0>,5,1,[ 5 10],6,6,7,0,6
1,<environment.Job instance at 0x7f94a6f65370>,8,1,[7 2],9,9,10,0,9
1,<environment.Job instance at 0x7f94ade63550>,10,26,[2 8],11,11,37,0,11
1,<environment.Job instance at 0x7f94ada76fa0>,17,2,[9 5],18,23,25,5,23
1,<environment.Job instance at 0x7f94ad87c410>,20,20,[7 1],21,37,57,16,37
1,<environment.Job instance at 0x7f94ad87c690>,24,21,[6 1],25,51,72,26,51
1,<environment.Job instance at 0x7f94ad87c820>,26,2,[1 6],27,61,63,34,61
1,<environment.Job instance at 0x7f946397c0f0>,29,1,[2 6],30,66,67,36,66
1,<environment.Job instance at 0x7f94adb7d7d0>,34,1,[8 3],35,87,88,52,87
1,<environment.Job instance at 0x7f94635c72d0>,38,1,[7 4],39,106,107,67,106
1,<environment.Job instance at 0x7f946342d910>,39,2,[3 9],40,106,108,66,106
1,<environment.Job instance at 0x7f94a70eb730>,40,24,[ 4 14],41,108,132,67,106
1,<environment.Job instance at 0x7f9463180e10>,45,24,[7 4],46,132,156,86,131
1,<environment.Job instance at 0x7f94a6ef45a0>,48,1,[5 9],49,133,134,84,133
1,<environment.Job instance at 0x7f94a6ef4730>,49,3,[6 3],50,135,138,85,135
1,<environment.Job instance at 0x7f9463516d70>,52,2,[7 4],53,144,146,91,144
1,<environment.Job instance at 0x7f94a7250910>,55,25,[6 2],56,162,187,106,162
1,<environment.Job instance at 0x7f94a7250780>,56,2,[ 1 13],57,166,168,109,166
1,<environment.Job instance at 0x7f94a7250fa0>,60,2,[5 2],61,180,182,119,180
1,<environment.Job instance at 0x7f94ad893910>,64,1,[8 1],65,182,183,117,181
1,<environment.Job instance at 0x7f9463242c30>,66,26,[10  2],67,187,213,120,185
1,<environment.Job instance at 0x7f94add47500>,72,21,[9 5],73,218,239,145,218
1,<environment.Job instance at 0x7f94add47eb0>,74,1,[12  5],75,239,240,164,221
1,<environment.Job instance at 0x7f94add47e60>,75,1,[ 2 14],76,240,241,164,228
1,<environment.Job instance at 0x7f94add473c0>,77,2,[14  3],78,241,243,163,232
1,<environment.Job instance at 0x7f94635920a0>,80,1,[5 1],81,233,234,152,233
1,<environment.Job instance at 0x7f9463592d20>,83,2,[5 7],84,247,249,163,247
1,<environment.Job instance at 0x7f9463592a00>,88,28,[ 2 11],89,282,310,193,282
1,<environment.Job instance at 0x7f94adeb23c0>,2,20,[1 9],3,3,23,0,3
1,<environment.Job instance at 0x7f9463592f00>,7,26,[ 2 12],8,23,49,15,20
1,<environment.Job instance at 0x7f94635a5500>,9,1,[ 3 12],10,49,50,39,43
1,<environment.Job instance at 0x7f9463478730>,15,26,[5 5],16,50,76,34,47
1,<environment.Job instance at 0x7f94635a5d70>,13,1,[9 2],14,47,48,33,47
1,<environment.Job instance at 0x7f946382e5f0>,18,22,[10  5],19,50,72,31,47
1,<environment.Job instance at 0x7f946346b500>,24,25,[9 4],25,72,97,47,68
1,<environment.Job instance at 0x7f94a6da70f0>,29,1,[5 7],30,77,78,47,77
1,<environment.Job instance at 0x7f94a6da77d0>,30,25,[9 5],31,97,122,66,93
1,<environment.Job instance at 0x7f94a6eb05f0>,35,22,[6 4],36,107,129,71,107
1,<environment.Job instance at 0x7f946336e730>,31,3,[11  1],32,129,132,97,117
1,<environment.Job instance at 0x7f94a71b68c0>,40,26,[10  1],41,132,158,91,129
1,<environment.Job instance at 0x7f94adb14460>,42,22,[2 7],43,133,155,90,133
1,<environment.Job instance at 0x7f9463815be0>,32,3,[12  5],33,158,161,125,156
1,<environment.Job instance at 0x7f94ad9b6690>,47,3,[2 9],48,156,159,108,156
1,<environment.Job instance at 0x7f94ad9b6c30>,48,2,[5 1],49,161,163,112,157
1,<environment.Job instance at 0x7f94635a5f50>,12,3,[11  1],13,163,166,150,161
1,<environment.Job instance at 0x7f94a717f6e0>,53,1,[9 4],54,161,162,107,161
1,<environment.Job instance at 0x7f9463674140>,55,27,[5 8],56,176,203,120,176
1,<environment.Job instance at 0x7f9463674230>,57,25,[6 4],58,177,202,119,177
1,<environment.Job instance at 0x7f9463674460>,59,25,[10  1],60,202,227,142,198
1,<environment.Job instance at 0x7f9463674c30>,62,1,[4 6],63,203,204,140,198
1,<environment.Job instance at 0x7f9463674e60>,64,1,[1 6],65,203,204,138,198
1,<environment.Job instance at 0x7f9463674690>,66,3,[7 5],67,227,230,160,204
1,<environment.Job instance at 0x7f94638b1f50>,67,1,[5 9],68,204,205,136,204
1,<environment.Job instance at 0x7f9463516870>,69,1,[ 3 10],70,213,214,143,213
1,<environment.Job instance at 0x7f94638b1eb0>,71,21,[4 7],72,219,240,147,219
1,<environment.Job instance at 0x7f94a6fa5550>,76,2,[7 1],77,239,241,162,239
1,<environment.Job instance at 0x7f94a6fa50a0>,78,2,[ 5 10],79,245,247,166,245
1,<environment.Job instance at 0x7f94adf59140>,79,3,[ 2 10],80,247,250,167,245
1,<environment.Job instance at 0x7f94ad9fe410>,80,18,[7 3],81,251,269,170,251
1,<environment.Job instance at 0x7f94ad9fe500>,81,26,[5 4],82,251,277,169,251
1,<environment.Job instance at 0x7f94ad9fe690>,82,1,[10  4],83,269,270,186,251
1,<environment.Job instance at 0x7f94adc98140>,88,26,[ 3 10],89,270,296,181,267
1,<environment.Job instance at 0x7f9463687640>,90,22,[ 3 10],91,296,318,205,289
1,<environment.Job instance at 0x7f94635dbaf0>,106,3,[4 6],107,318,321,211,314
1,<environment.Job instance at 0x7f94635db140>,107,3,[ 5 11],108,321,324,213,314
1,<environment.Job instance at 0x7f94635db1e0>,108,1,[1 5],109,314,315,205,314
1,<environment.Job instance at 0x7f94635dbc30>,110,2,[3 7],111,318,320,207,317
1,<environment.Job instance at 0x7f94635dbf50>,112,2,[8 4],113,330,332,217,330
1,<environment.Job instance at 0x7f94635db9b0>,121,2,[10  5],122,375,377,253,375
1,<environment.Job instance at 0x7f94634188c0>,129,20,[5 5],130,433,453,303,433
1,<environment.Job instance at 0x7f9463418460>,130,1,[1 5],131,433,434,302,433
1,<environment.Job instance at 0x7f9463418820>,133,2,[3 8],134,434,436,300,433
1,<environment.Job instance at 0x7f94634182d0>,134,3,[9 1],135,436,439,301,433
1,<environment.Job instance at 0x7f9463418190>,137,2,[13  4],138,453,455,315,449
1,<environment.Job instance at 0x7f9463418cd0>,138,1,[3 9],139,449,450,310,449
1,<environment.Job instance at 0x7f9463418320>,139,1,[5 1],140,449,450,309,449
1,<environment.Job instance at 0x7f9463780c80>,142,2,[10  3],143,457,459,314,457
1,<environment.Job instance at 0x7f9463780640>,147,28,[8 2],148,491,519,343,491
1,<environment.Job instance at 0x7f94636c6e10>,6,20,[5 3],7,7,27,0,7
1,<environment.Job instance at 0x7f9463423320>,10,21,[5 4],11,11,32,0,11
1,<environment.Job instance at 0x7f94ad92c9b0>,7,1,[ 2 11],8,27,28,19,19
1,<environment.Job instance at 0x7f94638bf550>,19,1,[8 5],20,28,29,8,25
1,<environment.Job instance at 0x7f94a6f692d0>,21,3,[5 8],22,35,38,13,35
1,<environment.Job instance at 0x7f94a6f69a00>,22,2,[6 1],23,35,37,12,35
1,<environment.Job instance at 0x7f94a6f69280>,27,3,[ 5 11],28,69,72,41,69
1,<environment.Job instance at 0x7f94a6f69500>,34,2,[8 3],35,101,103,66,101
1,<environment.Job instance at 0x7f94adc8a6e0>,35,3,[2 5],36,101,104,65,101
1,<environment.Job instance at 0x7f94a6f69960>,36,2,[9 3],37,103,105,66,101
1,<environment.Job instance at 0x7f94adc8aa50>,37,1,[5 9],38,104,105,66,101
1,<environment.Job instance at 0x7f94adc8ad20>,39,3,[7 2],40,105,108,65,101
1,<environment.Job instance at 0x7f94adc8ab90>,38,18,[2 8],39,105,123,66,104
1,<environment.Job instance at 0x7f94adc8adc0>,41,18,[8 4],42,126,144,84,126
1,<environment.Job instance at 0x7f94adc8a050>,48,1,[3 9],49,136,137,87,136
1,<environment.Job instance at 0x7f94adc8ac30>,45,14,[1 5],46,141,155,95,141
1,<environment.Job instance at 0x7f94adc633c0>,51,2,[ 3 10],52,150,152,98,150
1,<environment.Job instance at 0x7f94adc63280>,52,1,[1 8],53,152,153,99,150
1,<environment.Job instance at 0x7f94adc63460>,53,2,[7 5],54,153,155,99,150
1,<environment.Job instance at 0x7f94adc63550>,54,1,[6 5],55,153,154,98,150
1,<environment.Job instance at 0x7f94adc63500>,55,28,[5 5],56,154,182,98,153
1,<environment.Job instance at 0x7f94adc63320>,57,3,[9 3],58,155,158,97,154
1,<environment.Job instance at 0x7f94adc63820>,59,18,[1 5],60,165,183,105,165
1,<environment.Job instance at 0x7f94adc63780>,61,21,[4 8],62,182,203,120,174
1,<environment.Job instance at 0x7f94adc63aa0>,64,2,[4 5],65,188,190,123,188
1,<environment.Job instance at 0x7f94adc63b40>,65,2,[5 5],66,190,192,124,188
1,<environment.Job instance at 0x7f94adc63d20>,67,3,[2 7],68,192,195,124,188
1,<environment.Job instance at 0x7f94adc63f00>,68,1,[ 1 11],69,203,204,134,188
1,<environment.Job instance at 0x7f94adc63be0>,69,2,[1 8],70,204,206,134,188
1,<environment.Job instance at 0x7f94adc3a140>,70,21,[6 2],71,195,216,124,188
1,<environment.Job instance at 0x7f94adc63c80>,71,1,[5 3],72,195,196,123,188
1,<environment.Job instance at 0x7f94adc3a1e0>,74,1,[1 9],75,206,207,131,193
1,<environment.Job instance at 0x7f94adc3a4b0>,75,2,[ 3 10],76,207,209,131,193
1,<environment.Job instance at 0x7f94adc3a500>,78,22,[4 8],79,209,231,130,202
1,<environment.Job instance at 0x7f94adc3a640>,80,28,[4 7],81,216,244,135,215
1,<environment.Job instance at 0x7f94a6fa5d70>,0,1,[7 1],1,1,2,0,1
1,<environment.Job instance at 0x7f94a6fe4410>,17,3,[6 4],18,34,37,16,34
1,<environment.Job instance at 0x7f94a6fe4eb0>,19,2,[2 5],20,40,42,20,40
1,<environment.Job instance at 0x7f94a6fe4dc0>,21,3,[8 5],22,47,50,25,47
1,<environment.Job instance at 0x7f94a6fe4b90>,22,18,[10  1],23,50,68,27,47
1,<environment.Job instance at 0x7f94ade07730>,24,27,[1 7],25,55,82,30,55
1,<environment.Job instance at 0x7f94ade077d0>,29,1,[5 4],30,73,74,43,73
1,<environment.Job instance at 0x7f94ade07550>,30,3,[5 5],31,74,77,43,73
1,<environment.Job instance at 0x7f94ade07b90>,34,2,[10  4],35,99,101,64,99
1,<environment.Job instance at 0x7f94ade07050>,35,2,[6 1],36,101,103,65,99
1,<environment.Job instance at 0x7f94638b1320>,37,3,[2 5],38,104,107,66,104
1,<environment.Job instance at 0x7f94638b1f50>,38,1,[4 7],39,104,105,65,104
1,<environment.Job instance at 0x7f94638b1280>,39,3,[6 5],40,105,108,65,104
1,<environment.Job instance at 0x7f94638b1eb0>,41,18,[4 6],42,111,129,69,111
1,<environment.Job instance at 0x7f94a6db0af0>,42,1,[ 4 10],43,129,130,86,111
1,<environment.Job instance at 0x7f94a6db0960>,46,19,[5 4],47,132,151,85,132
1,<environment.Job instance at 0x7f946375dd20>,50,3,[10  1],51,155,158,104,155
1,<environment.Job instance at 0x7f94a6f45280>,57,3,[9 2],58,187,190,129,187
1,<environment.Job instance at 0x7f94a6f45af0>,60,2,[5 6],61,203,205,142,203
1,<environment.Job instance at 0x7f94a6f45050>,63,3,[3 7],64,220,223,156,220
1,<environment.Job instance at 0x7f9462f96320>,5,1,[8 3],6,8,9,2,8
1,<environment.Job instance at 0x7f94a71e6eb0>,6,1,[12  5],7,9,10,2,8
1,<environment.Job instance at 0x7f9463694d70>,10,2,[6 2],11,11,13,0,11
1,<environment.Job instance at 0x7f9463694b40>,13,1,[5 5],14,14,15,0,14
1,<environment.Job instance at 0x7f94a6db89b0>,14,1,[6 2],15,16,17,1,16
1,<environment.Job instance at 0x7f94a6db87d0>,16,1,[5 5],17,17,18,0,17
1,<environment.Job instance at 0x7f94a6db8690>,15,2,[10  4],16,17,19,1,17
1,<environment.Job instance at 0x7f94a6db8b90>,19,2,[10  4],20,20,22,0,20
1,<environment.Job instance at 0x7f94add01b40>,21,20,[5 5],22,22,42,0,22
1,<environment.Job instance at 0x7f94add01870>,23,22,[2 8],24,24,46,0,24
1,<environment.Job instance at 0x7f94a73e5d70>,31,3,[3 5],32,42,45,10,41
1,<environment.Job instance at 0x7f94a73e5cd0>,32,20,[ 1 10],33,46,66,13,41
1,<environment.Job instance at 0x7f94a73e5dc0>,37,1,[ 3 10],38,66,67,28,57
1,<environment.Job instance at 0x7f94adc98e10>,41,1,[10  4],42,69,70,27,69
1,<environment.Job instance at 0x7f94a73e59b0>,42,21,[9 2],43,70,91,27,69
1,<environment.Job instance at 0x7f9463695d70>,47,3,[7 2],48,91,94,43,90
1,<environment.Job instance at 0x7f94636951e0>,49,3,[3 6],50,104,107,54,104
1,<environment.Job instance at 0x7f9463695a00>,50,2,[3 7],51,104,106,53,104
1,<environment.Job instance at 0x7f9463695a50>,51,19,[6 5],52,106,125,54,104
1,<environment.Job instance at 0x7f9463695320>,52,25,[3 6],53,107,132,54,104
1,<environment.Job instance at 0x7f9463797370>,58,3,[ 1 13],59,132,135,73,119
1,<environment.Job instance at 0x7f94637971e0>,68,3,[1 8],69,136,139,67,136
1,<environment.Job instance at 0x7f94637970f0>,69,1,[5 8],70,139,140,69,136
1,<environment.Job instance at 0x7f9463984cd0>,10,2,[5 5],11,11,13,0,11
1,<environment.Job instance at 0x7f94631aadc0>,13,20,[2 6],14,22,42,8,22
1,<environment.Job instance at 0x7f94adea2460>,15,1,[3 6],16,23,24,7,23
1,<environment.Job instance at 0x7f9463611230>,17,1,[ 3 11],18,42,43,24,37
1,<environment.Job instance at 0x7f9463611690>,21,28,[7 5],22,56,84,34,56
1,<environment.Job instance at 0x7f9463611f50>,22,2,[2 9],23,56,58,33,56
1,<environment.Job instance at 0x7f946326d3c0>,28,1,[5 6],29,87,88,58,87
1,<environment.Job instance at 0x7f946326db90>,30,2,[6 1],31,102,104,71,102
1,<environment.Job instance at 0x7f946326d1e0>,31,1,[4 7],32,102,103,70,102
1,<environment.Job instance at 0x7f946326d820>,35,3,[2 9],36,118,121,82,118
1,<environment.Job instance at 0x7f94632c1320>,38,1,[10  2],39,135,136,96,135
1,<environment.Job instance at 0x7f94632c1280>,40,2,[3 9],41,139,141,98,139
1,<environment.Job instance at 0x7f94632c1af0>,42,3,[8 5],43,149,152,106,149
1,<environment.Job instance at 0x7f94632c1870>,44,1,[4 9],45,154,155,109,154
1,<environment.Job instance at 0x7f94632c1a00>,45,1,[4 9],46,155,156,109,154
1,<environment.Job instance at 0x7f94632c1500>,46,3,[9 3],47,154,157,107,154
1,<environment.Job instance at 0x7f94632c15f0>,47,1,[ 2 11],48,156,157,108,154
1,<environment.Job instance at 0x7f94639175a0>,51,2,[7 2],52,174,176,122,174
1,<environment.Job instance at 0x7f94636c0d70>,54,2,[1 5],55,185,187,130,185
1,<environment.Job instance at 0x7f94636c00f0>,55,3,[ 4 12],56,187,190,131,185
1,<environment.Job instance at 0x7f94a74f1730>,58,2,[14  5],59,198,200,139,198
1,<environment.Job instance at 0x7f94a74f1780>,59,2,[9 5],60,200,202,140,198
1,<environment.Job instance at 0x7f94636ceeb0>,63,12,[1 5],64,220,232,156,220
1,<environment.Job instance at 0x7f94636cecd0>,65,19,[5 1],66,226,245,160,226
1,<environment.Job instance at 0x7f94636ceb90>,66,24,[5 3],67,226,250,159,226
1,<environment.Job instance at 0x7f94636ce2d0>,69,3,[5 5],70,241,244,171,241
1,<environment.Job instance at 0x7f94636a00f0>,72,3,[7 4],73,256,259,183,256
1,<environment.Job instance at 0x7f94636ce910>,73,2,[8 3],74,256,258,182,256
1,<environment.Job instance at 0x7f94636c7190>,74,28,[10  4],75,259,287,184,258
1,<environment.Job instance at 0x7f94636bcc30>,82,2,[10  1],83,287,289,204,285
1,<environment.Job instance at 0x7f94a6e9f5f0>,86,2,[5 9],87,302,304,215,302
1,<environment.Job instance at 0x7f946332b6e0>,87,2,[ 5 12],88,304,306,216,302
1,<environment.Job instance at 0x7f94a6e9fdc0>,88,3,[5 1],89,303,306,214,303
1,<environment.Job instance at 0x7f94a6fb9280>,92,25,[2 8],93,314,339,221,314
1,<environment.Job instance at 0x7f94a7260320>,94,19,[3 6],95,321,340,226,321
1,<environment.Job instance at 0x7f94630bdf00>,96,26,[ 1 12],97,340,366,243,337
1,<environment.Job instance at 0x7f94adc74cd0>,103,2,[11  4],104,366,368,262,364
1,<environment.Job instance at 0x7f94adc85690>,107,2,[11  1],108,368,370,260,366
1,<environment.Job instance at 0x7f94a6e97140>,108,2,[9 3],109,370,372,261,366
1,<environment.Job instance at 0x7f94ade2a280>,109,2,[5 5],110,370,372,260,366
1,<environment.Job instance at 0x7f9463306cd0>,112,1,[1 6],113,366,367,253,366
1,<environment.Job instance at 0x7f94adbf5e60>,115,21,[ 2 10],116,372,393,256,370
1,<environment.Job instance at 0x7f94632deb40>,119,2,[ 3 11],120,393,395,273,373
1,<environment.Job instance at 0x7f946398f190>,124,1,[10  1],125,390,391,265,390
1,<environment.Job instance at 0x7f946398fb90>,125,1,[4 9],126,395,396,269,390
1,<environment.Job instance at 0x7f946398f8c0>,126,3,[1 9],127,396,399,269,391
1,<environment.Job instance at 0x7f946398f870>,127,3,[5 9],128,399,402,271,392
1,<environment.Job instance at 0x7f946398fd20>,130,24,[2 5],131,397,421,266,397
1,<environment.Job instance at 0x7f946398f910>,135,20,[5 4],136,415,435,279,415
1,<environment.Job instance at 0x7f946398f410>,136,24,[ 1 10],137,421,445,284,416
1,<environment.Job instance at 0x7f946398f780>,137,3,[13  1],138,438,441,300,438
1,<environment.Job instance at 0x7f94639825f0>,142,3,[1 9],143,445,448,302,438
1,<environment.Job instance at 0x7f94639824b0>,143,25,[4 6],144,445,470,301,441
1,<environment.Job instance at 0x7f9463982e60>,145,2,[8 5],146,442,444,296,442
1,<environment.Job instance at 0x7f9463982a00>,147,22,[10  3],148,448,470,300,447
1,<environment.Job instance at 0x7f9463982be0>,152,3,[8 5],153,471,474,318,471
1,<environment.Job instance at 0x7f9463982820>,157,1,[10  1],158,514,515,356,514
1,<environment.Job instance at 0x7f9463982140>,158,1,[ 4 10],159,514,515,355,514
1,<environment.Job instance at 0x7f94636c00a0>,57,18,[ 3 11],58,619,637,561,619
1,<environment.Job instance at 0x7f946362d500>,167,2,[5 1],168,628,630,460,628
1,<environment.Job instance at 0x7f94ade32cd0>,168,1,[9 2],169,630,631,461,628
1,<environment.Job instance at 0x7f94ade32410>,169,3,[14  2],170,637,640,467,628
1,<environment.Job instance at 0x7f94ade32050>,171,3,[3 7],175,640,643,465,634
1,<environment.Job instance at 0x7f94adea8370>,173,18,[5 9],177,644,662,467,644
1,<environment.Job instance at 0x7f94adea8500>,175,23,[ 4 10],187,662,685,475,656
1,<environment.Job instance at 0x7f94adea8b40>,8,1,[3 7],9,11,12,2,11
1,<environment.Job instance at 0x7f9462fec7d0>,13,24,[ 5 11],14,16,40,2,16
1,<environment.Job instance at 0x7f94630e6aa0>,20,1,[2 8],21,40,41,19,33
1,<environment.Job instance at 0x7f94630e6870>,22,2,[10  4],23,47,49,24,47
1,<environment.Job instance at 0x7f94ada57870>,23,1,[10  5],24,49,50,25,47
1,<environment.Job instance at 0x7f94633551e0>,28,1,[ 3 10],29,64,65,35,64
1,<environment.Job instance at 0x7f9463355140>,29,21,[7 5],30,64,85,34,64
1,<environment.Job instance at 0x7f94a72d5870>,33,2,[2 9],34,79,81,45,79
1,<environment.Job instance at 0x7f94631cea00>,35,21,[6 2],36,91,112,55,91
1,<environment.Job instance at 0x7f94ade63730>,37,3,[ 5 11],38,93,96,55,93
1,<environment.Job instance at 0x7f94ade63550>,38,1,[11  4],39,112,113,73,93
1,<environment.Job instance at 0x7f94ade63e10>,40,1,[5 6],41,98,99,57,98
1,<environment.Job instance at 0x7f9463355870>,31,19,[14  4],32,113,132,81,108
1,<environment.Job instance at 0x7f94ad905e10>,51,1,[8 1],52,132,133,80,131
1,<environment.Job instance at 0x7f94a6f62460>,55,2,[3 7],56,146,148,90,146
1,<environment.Job instance at 0x7f94ad859d20>,62,1,[2 7],63,173,174,110,173
1,<environment.Job instance at 0x7f94ad859320>,66,22,[8 4],67,188,210,121,188
1,<environment.Job instance at 0x7f94ad859b90>,67,20,[5 5],68,188,208,120,188
1,<environment.Job instance at 0x7f9463233870>,68,20,[6 2],69,208,228,139,199
1,<environment.Job instance at 0x7f9463233f50>,71,2,[2 9],72,210,212,138,205
1,<environment.Job instance at 0x7f94632338c0>,73,1,[7 3],74,210,211,136,210
1,<environment.Job instance at 0x7f9463233500>,75,1,[ 5 14],76,228,229,152,210
1,<environment.Job instance at 0x7f94632330f0>,78,3,[ 4 10],79,221,224,142,221
1,<environment.Job instance at 0x7f9463233910>,80,3,[ 1 10],81,229,232,148,228
1,<environment.Job instance at 0x7f94ad99a640>,85,1,[2 7],86,249,250,163,249
1,<environment.Job instance at 0x7f94ad99a190>,86,2,[8 2],87,249,251,162,249
1,<environment.Job instance at 0x7f94ad99a280>,87,23,[2 9],88,250,273,162,249
1,<environment.Job instance at 0x7f94a7098690>,88,2,[ 1 11],89,273,275,184,256
1,<environment.Job instance at 0x7f94a74958c0>,95,2,[6 3],96,277,279,181,277
1,<environment.Job instance at 0x7f94a7495be0>,98,2,[1 8],99,286,288,187,286
1,<environment.Job instance at 0x7f9463355aa0>,34,18,[1 8],35,288,306,253,287
1,<environment.Job instance at 0x7f94a6fa5eb0>,101,1,[5 6],102,287,288,185,287
1,<environment.Job instance at 0x7f94a6d7feb0>,105,3,[3 7],106,311,314,205,311
1,<environment.Job instance at 0x7f94a6fa5dc0>,106,1,[6 3],107,311,312,204,311
1,<environment.Job instance at 0x7f9463155640>,108,3,[9 1],109,312,315,203,311
1,<environment.Job instance at 0x7f94a6e68370>,111,23,[10  2],112,324,347,212,324
1,<environment.Job instance at 0x7f94636400f0>,125,1,[5 1],126,385,386,259,385
1,<environment.Job instance at 0x7f9463640d70>,130,1,[9 4],131,419,420,288,419
1,<environment.Job instance at 0x7f94636409b0>,131,26,[14  5],132,420,446,288,419
1,<environment.Job instance at 0x7f9463640640>,141,2,[1 6],142,450,452,308,450
1,<environment.Job instance at 0x7f9463640820>,142,1,[7 3],143,450,451,307,450
1,<environment.Job instance at 0x7f9463640190>,143,1,[2 6],144,450,451,306,450
1,<environment.Job instance at 0x7f94a7023780>,114,18,[2 9],115,452,470,337,452
1,<environment.Job instance at 0x7f94633ca1e0>,146,3,[10  3],147,452,455,305,452
1,<environment.Job instance at 0x7f94633ca230>,151,21,[9 2],152,468,489,316,468
1,<environment.Job instance at 0x7f94633ca2d0>,152,2,[10  1],153,489,491,336,468
1,<environment.Job instance at 0x7f94633ca7d0>,154,3,[13  3],155,491,494,336,483
1,<environment.Job instance at 0x7f94633ca410>,155,3,[8 1],156,494,497,338,483
1,<environment.Job instance at 0x7f94633caa50>,157,22,[8 1],158,497,519,339,490
1,<environment.Job instance at 0x7f94633cab40>,158,3,[8 1],159,519,522,360,493
1,<environment.Job instance at 0x7f94633cad70>,163,3,[9 5],164,522,525,358,510
1,<environment.Job instance at 0x7f94633ca960>,164,1,[5 5],165,510,511,345,510
1,<environment.Job instance at 0x7f946370bcd0>,168,1,[4 9],169,524,525,355,524
1,<environment.Job instance at 0x7f946370b140>,169,1,[8 5],170,525,526,355,524
1,<environment.Job instance at 0x7f946370b3c0>,171,25,[12  4],172,535,560,363,535
1,<environment.Job instance at 0x7f946370baf0>,173,21,[1 5],174,535,556,361,535
1,<environment.Job instance at 0x7f94a7022730>,178,12,[7 1],179,560,572,381,560
1,<environment.Job instance at 0x7f94a70220a0>,179,1,[4 8],180,560,561,380,560
1,<environment.Job instance at 0x7f94a7022550>,183,2,[1 9],184,580,582,396,580
1,<environment.Job instance at 0x7f94adea8500>,4,1,[5 2],5,6,7,1,6
1,<environment.Job instance at 0x7f9463975910>,12,3,[12  2],13,35,38,22,35
1,<environment.Job instance at 0x7f94631355f0>,19,2,[4 6],20,42,44,22,42
1,<environment.Job instance at 0x7f9463135280>,20,3,[2 8],21,42,45,21,42
1,<environment.Job instance at 0x7f94631354b0>,25,2,[ 4 10],26,65,67,39,65
1,<environment.Job instance at 0x7f94630fa140>,26,23,[ 4 10],27,67,90,40,65
1,<environment.Job instance at 0x7f94630fa320>,30,3,[6 3],31,82,85,51,82
1,<environment.Job instance at 0x7f94630fa500>,31,28,[9 4],32,85,113,53,84
1,<environment.Job instance at 0x7f94630fa0f0>,32,25,[12  5],33,113,138,80,109
1,<environment.Job instance at 0x7f9463209f00>,44,25,[1 6],45,122,147,77,122
1,<environment.Job instance at 0x7f9463209fa0>,49,2,[10  4],50,142,144,92,142
1,<environment.Job instance at 0x7f9463209aa0>,50,1,[5 1],51,144,145,93,142
1,<environment.Job instance at 0x7f9463209870>,52,1,[2 8],53,150,151,97,150
1,<environment.Job instance at 0x7f94637870f0>,53,1,[ 3 10],54,151,152,97,150
1,<environment.Job instance at 0x7f9463787690>,60,1,[10  2],61,179,180,118,179
1,<environment.Job instance at 0x7f9463787c80>,62,24,[3 5],63,180,204,117,180
1,<environment.Job instance at 0x7f9463787320>,63,3,[6 5],64,180,183,116,180
1,<environment.Job instance at 0x7f94637872d0>,65,27,[1 5],66,188,215,122,188
1,<environment.Job instance at 0x7f946390e500>,68,1,[6 1],69,203,204,134,203
1,<environment.Job instance at 0x7f946304a550>,70,2,[1 8],71,204,206,133,204
1,<environment.Job instance at 0x7f946304a410>,71,1,[1 5],72,206,207,134,204
1,<environment.Job instance at 0x7f946304a320>,72,3,[ 4 10],73,207,210,134,204
1,<environment.Job instance at 0x7f946304a960>,76,3,[4 5],77,217,220,140,217
1,<environment.Job instance at 0x7f946304a050>,77,3,[3 6],78,217,220,139,217
1,<environment.Job instance at 0x7f946304a5f0>,78,2,[ 4 10],79,220,222,141,217
1,<environment.Job instance at 0x7f946304ac30>,80,2,[1 6],81,225,227,144,225
1,<environment.Job instance at 0x7f946304a190>,81,19,[5 8],82,225,244,143,225
1,<environment.Job instance at 0x7f946304a870>,83,1,[5 9],84,244,245,160,231
1,<environment.Job instance at 0x7f946304a3c0>,85,2,[5 5],86,239,241,153,239
1,<environment.Job instance at 0x7f946304ad20>,88,16,[6 3],89,251,267,162,251
1,<environment.Job instance at 0x7f946304ad70>,87,18,[1 6],88,251,269,163,251
1,<environment.Job instance at 0x7f94addae460>,93,21,[4 8],94,279,300,185,279
1,<environment.Job instance at 0x7f94addaea00>,97,1,[4 9],98,300,301,202,293
1,<environment.Job instance at 0x7f94addaec30>,101,2,[2 6],102,306,308,204,306
1,<environment.Job instance at 0x7f94addaefa0>,103,2,[5 8],104,306,308,202,306
1,<environment.Job instance at 0x7f94addae370>,106,2,[11  2],107,325,327,218,325
1,<environment.Job instance at 0x7f94addaeb40>,108,2,[7 2],109,332,334,223,332
1,<environment.Job instance at 0x7f94addaea50>,109,2,[6 2],110,332,334,222,332
1,<environment.Job instance at 0x7f9462fdd7d0>,112,3,[4 8],113,338,341,225,338
1,<environment.Job instance at 0x7f9462fdd960>,113,2,[9 2],114,338,340,224,338
1,<environment.Job instance at 0x7f9462fdd280>,115,1,[6 1],116,346,347,230,346
1,<environment.Job instance at 0x7f94ada76690>,12,1,[4 8],13,21,22,8,21
1,<environment.Job instance at 0x7f94630f2d20>,14,20,[ 1 10],15,22,42,7,22
1,<environment.Job instance at 0x7f94a6eb8230>,20,1,[4 9],21,43,44,22,43
1,<environment.Job instance at 0x7f94635cab40>,22,2,[ 2 13],23,65,67,42,65
1,<environment.Job instance at 0x7f94a72e0f50>,10,3,[13  2],11,86,89,75,86
1,<environment.Job instance at 0x7f94635f95a0>,31,24,[10  2],32,100,124,68,100
1,<environment.Job instance at 0x7f946317f1e0>,37,21,[1 8],38,121,142,83,121
1,<environment.Job instance at 0x7f94adea89b0>,42,2,[10  3],43,148,150,105,148
1,<environment.Job instance at 0x7f94adea85f0>,43,25,[6 2],44,150,175,106,148
1,<environment.Job instance at 0x7f94adea8140>,45,1,[7 1],46,154,155,108,154
1,<environment.Job instance at 0x7f94adea8be0>,46,20,[ 5 11],47,155,175,108,154
1,<environment.Job instance at 0x7f94ad88a320>,52,1,[1 8],53,183,184,130,183
1,<environment.Job instance at 0x7f94a70d2f00>,60,3,[5 4],61,219,222,158,219
1,<environment.Job instance at 0x7f9462fddd70>,5,24,[5 2],6,6,30,0,6
1,<environment.Job instance at 0x7f94adc356e0>,10,19,[8 1],11,11,30,0,11
1,<environment.Job instance at 0x7f9463787050>,16,1,[5 2],17,30,31,13,19
1,<environment.Job instance at 0x7f94a73a5550>,24,25,[9 4],25,30,55,5,26
1,<environment.Job instance at 0x7f94a73a5c30>,28,3,[ 1 10],29,42,45,13,42
1,<environment.Job instance at 0x7f94a73a51e0>,30,1,[ 5 10],31,45,46,14,45
1,<environment.Job instance at 0x7f94636f8e10>,31,21,[2 6],32,46,67,14,45
1,<environment.Job instance at 0x7f946315d370>,34,1,[9 3],35,56,57,21,56
1,<environment.Job instance at 0x7f94ade2a4b0>,37,3,[5 5],38,58,61,20,58
1,<environment.Job instance at 0x7f94ad8863c0>,39,1,[8 5],40,61,62,21,61
1,<environment.Job instance at 0x7f9462f91dc0>,41,1,[ 4 13],42,72,73,30,72
1,<environment.Job instance at 0x7f9462f91c80>,42,1,[10  1],43,73,74,30,73
1,<environment.Job instance at 0x7f9462f91eb0>,43,2,[2 7],44,73,75,29,73
1,<environment.Job instance at 0x7f9462f91910>,44,1,[2 9],45,75,76,30,73
1,<environment.Job instance at 0x7f9462f918c0>,45,1,[5 5],46,74,75,28,73
1,<environment.Job instance at 0x7f9462f913c0>,47,2,[5 6],48,75,77,27,73
1,<environment.Job instance at 0x7f94633aaf00>,52,2,[ 3 10],53,83,85,30,83
1,<environment.Job instance at 0x7f94633aa0f0>,53,2,[6 4],54,83,85,29,83
1,<environment.Job instance at 0x7f94633aacd0>,56,26,[7 5],57,96,122,39,96
1,<environment.Job instance at 0x7f94a6dd6b90>,62,25,[1 9],63,126,151,63,126
1,<environment.Job instance at 0x7f946362c5a0>,66,2,[6 5],67,135,137,68,135
1,<environment.Job instance at 0x7f946362ce60>,69,3,[6 3],70,145,148,75,145
1,<environment.Job instance at 0x7f94a6d39410>,70,24,[5 4],71,148,172,77,145
1,<environment.Job instance at 0x7f94adc648c0>,73,28,[1 9],74,151,179,77,150
1,<environment.Job instance at 0x7f94a7217c30>,81,2,[4 8],82,189,191,107,189
1,<environment.Job instance at 0x7f94a7217730>,84,1,[10  5],85,195,196,110,195
1,<environment.Job instance at 0x7f94631f2460>,88,27,[9 1],89,225,252,136,225
1,<environment.Job instance at 0x7f94631b4230>,90,1,[ 5 10],91,228,229,137,228
1,<environment.Job instance at 0x7f94ada0efa0>,91,2,[3 5],92,229,231,137,228
1,<environment.Job instance at 0x7f94ada0e460>,92,1,[9 4],93,252,253,159,228
1,<environment.Job instance at 0x7f94ada0ebe0>,93,1,[ 5 10],94,231,232,137,228
1,<environment.Job instance at 0x7f94adafef50>,95,1,[5 9],96,232,233,136,229
1,<environment.Job instance at 0x7f94adafee60>,97,2,[1 5],98,239,241,141,239
1,<environment.Job instance at 0x7f94631023c0>,99,1,[3 7],100,239,240,139,239
1,<environment.Job instance at 0x7f9463102fa0>,100,2,[5 5],101,240,242,139,239
1,<environment.Job instance at 0x7f9463102050>,102,2,[5 5],103,242,244,139,239
1,<environment.Job instance at 0x7f94631028c0>,105,21,[1 5],106,253,274,147,253
1,<environment.Job instance at 0x7f9463102d70>,107,28,[9 2],108,253,281,145,253
1,<environment.Job instance at 0x7f9463102c30>,109,3,[13  5],110,281,284,171,263
1,<environment.Job instance at 0x7f94adc87870>,115,28,[5 2],116,291,319,175,291
1,<environment.Job instance at 0x7f94adc87fa0>,121,18,[8 2],122,315,333,193,315
1,<environment.Job instance at 0x7f94adc87550>,124,3,[1 8],125,322,325,197,322
1,<environment.Job instance at 0x7f94adc87d20>,125,2,[8 3],126,333,335,207,322
1,<environment.Job instance at 0x7f94adc878c0>,127,20,[5 5],128,334,354,206,334
1,<environment.Job instance at 0x7f94adc87500>,130,27,[5 7],131,346,373,215,346
1,<environment.Job instance at 0x7f94adc87730>,133,23,[9 1],134,354,377,220,354
1,<environment.Job instance at 0x7f94a70290a0>,136,26,[ 2 10],137,373,399,236,370
1,<environment.Job instance at 0x7f94a7029050>,146,20,[8 3],147,402,422,255,402
1,<environment.Job instance at 0x7f94a7029370>,147,3,[13  4],148,422,425,274,402
1,<environment.Job instance at 0x7f94add479b0>,150,25,[ 1 12],151,425,450,274,421
1,<environment.Job instance at 0x7f94add47aa0>,152,1,[7 2],153,421,422,268,421
1,<environment.Job instance at 0x7f94add47e60>,153,1,[7 5],154,450,451,296,422
1,<environment.Job instance at 0x7f94add47820>,155,1,[10  2],156,427,428,271,427
1,<environment.Job instance at 0x7f94addaf0a0>,8,2,[ 5 14],9,10,12,1,10
1,<environment.Job instance at 0x7f94a74d85a0>,11,1,[1 7],12,12,13,0,12
1,<environment.Job instance at 0x7f94a74d89b0>,12,1,[4 6],13,13,14,0,13
1,<environment.Job instance at 0x7f94a74d8dc0>,17,20,[7 1],18,20,40,2,20
1,<environment.Job instance at 0x7f94a74d8410>,21,1,[2 9],22,41,42,19,41
1,<environment.Job instance at 0x7f94a74d8870>,13,18,[9 4],14,49,67,35,49
1,<environment.Job instance at 0x7f94a74d8d20>,27,2,[6 5],28,63,65,35,63
1,<environment.Job instance at 0x7f94a74d8fa0>,28,3,[1 9],29,65,68,36,63
1,<environment.Job instance at 0x7f94a6fb90f0>,29,26,[ 3 11],30,68,94,38,65
1,<environment.Job instance at 0x7f94a6fb9f00>,35,1,[9 1],36,80,81,44,80
1,<environment.Job instance at 0x7f94a6fb9b40>,36,23,[3 6],37,94,117,57,88
1,<environment.Job instance at 0x7f94a6fb9f50>,37,26,[9 1],38,88,114,50,88
1,<environment.Job instance at 0x7f94a6fb9eb0>,41,3,[ 5 10],42,117,120,75,93
1,<environment.Job instance at 0x7f94a6fb9500>,42,20,[ 5 10],43,120,140,77,111
1,<environment.Job instance at 0x7f94adb7ab90>,45,27,[9 2],46,114,141,68,112
1,<environment.Job instance at 0x7f9462fe4460>,52,2,[8 5],53,144,146,91,144
1,<environment.Job instance at 0x7f9462fe4e60>,54,19,[5 8],55,146,165,91,146
1,<environment.Job instance at 0x7f9462fe4280>,57,3,[ 1 13],58,167,170,109,167
1,<environment.Job instance at 0x7f9462fe49b0>,62,21,[1 8],63,170,191,107,170
1,<environment.Job instance at 0x7f94ae4014b0>,66,2,[7 1],67,192,194,125,192
1,<environment.Job instance at 0x7f94ae4018c0>,67,3,[8 1],68,192,195,124,192
1,<environment.Job instance at 0x7f94ae4017d0>,68,3,[5 6],69,194,197,125,192
1,<environment.Job instance at 0x7f9462fe4d70>,51,18,[10  3],52,196,214,144,196
1,<environment.Job instance at 0x7f94a6f259b0>,72,18,[8 1],73,214,232,141,211
1,<environment.Job instance at 0x7f94a6f252d0>,75,1,[ 1 10],76,211,212,135,211
1,<environment.Job instance at 0x7f94a6f25d70>,76,22,[5 9],77,212,234,135,211
1,<environment.Job instance at 0x7f94a6f25280>,77,1,[11  1],78,234,235,156,220
1,<environment.Job instance at 0x7f94a6f25730>,80,2,[3 6],81,232,234,151,226
1,<environment.Job instance at 0x7f94a6f25d20>,85,1,[7 3],86,243,244,157,243
1,<environment.Job instance at 0x7f94a6f25e60>,86,2,[2 6],87,243,245,156,243
1,<environment.Job instance at 0x7f94a72d1eb0>,87,3,[ 2 10],88,245,248,157,243
1,<environment.Job instance at 0x7f94a72d1c30>,88,1,[5 5],89,243,244,154,243
1,<environment.Job instance at 0x7f94a72d1140>,90,1,[5 5],91,244,245,153,243
1,<environment.Job instance at 0x7f94a72d1af0>,91,3,[5 1],92,244,247,152,243
1,<environment.Job instance at 0x7f94a72d1b90>,93,2,[1 8],94,252,254,158,252
1,<environment.Job instance at 0x7f94a72d1f00>,94,1,[5 3],95,252,253,157,252
1,<environment.Job instance at 0x7f94a72d1fa0>,95,1,[10  4],96,253,254,157,252
1,<environment.Job instance at 0x7f94a72d1050>,96,2,[5 1],97,254,256,157,252
1,<environment.Job instance at 0x7f94a72d1dc0>,97,28,[1 7],98,254,282,156,253
1,<environment.Job instance at 0x7f94a72d1820>,98,3,[9 3],99,254,257,155,253
1,<environment.Job instance at 0x7f94a72d11e0>,99,16,[9 1],100,257,273,157,257
1,<environment.Job instance at 0x7f94a72d15f0>,102,3,[2 7],103,270,273,167,270
1,<environment.Job instance at 0x7f94a72d1190>,105,3,[4 8],106,287,290,181,287
1,<environment.Job instance at 0x7f9463614820>,109,15,[10  1],110,297,312,187,297
1,<environment.Job instance at 0x7f9463614b90>,110,2,[ 5 10],111,297,299,186,297
1,<environment.Job instance at 0x7f9463614fa0>,118,3,[7 4],119,351,354,232,351
1,<environment.Job instance at 0x7f9463614190>,121,1,[3 7],122,371,372,249,371
1,<environment.Job instance at 0x7f94636141e0>,122,1,[ 2 11],123,372,373,249,371
1,<environment.Job instance at 0x7f94636140f0>,124,1,[6 4],125,371,372,246,371
1,<environment.Job instance at 0x7f94636148c0>,125,2,[5 7],126,373,375,247,371
1,<environment.Job instance at 0x7f94638bf0a0>,130,1,[ 1 10],131,389,390,258,389
1,<environment.Job instance at 0x7f94638bfb40>,133,2,[8 1],134,400,402,266,400
1,<environment.Job instance at 0x7f94638bfb90>,134,3,[6 2],135,400,403,265,400
1,<environment.Job instance at 0x7f94638bf190>,137,24,[5 6],138,422,446,284,422
1,<environment.Job instance at 0x7f94638bf0f0>,140,3,[7 3],141,428,431,287,428
1,<environment.Job instance at 0x7f94638bfbe0>,141,1,[1 5],142,428,429,286,428
1,<environment.Job instance at 0x7f94638bf6e0>,142,3,[2 7],143,431,434,288,428
1,<environment.Job instance at 0x7f94a74b5fa0>,145,3,[ 3 12],146,446,449,300,441
1,<environment.Job instance at 0x7f946360b370>,149,2,[6 5],150,462,464,312,462
1,<environment.Job instance at 0x7f94a6f7b9b0>,150,22,[10  1],151,464,486,313,462
1,<environment.Job instance at 0x7f94630135f0>,151,1,[4 9],152,462,463,310,462
1,<environment.Job instance at 0x7f9463013870>,152,3,[1 7],153,463,466,310,462
1,<environment.Job instance at 0x7f9463013820>,155,23,[5 1],156,466,489,310,464
1,<environment.Job instance at 0x7f94630134b0>,156,20,[4 7],157,486,506,329,477
1,<environment.Job instance at 0x7f94ae403460>,157,20,[5 2],158,486,506,328,477
1,<environment.Job instance at 0x7f94637241e0>,0,1,[2 7],1,2,3,1,2
1,<environment.Job instance at 0x7f94a6fb1910>,10,25,[7 3],11,11,36,0,11
1,<environment.Job instance at 0x7f94addaf500>,12,2,[5 8],13,22,24,9,22
1,<environment.Job instance at 0x7f946328aaf0>,13,24,[12  2],14,36,60,22,31
1,<environment.Job instance at 0x7f9463272c80>,20,24,[5 5],21,60,84,39,55
1,<environment.Job instance at 0x7f9463272af0>,22,21,[5 1],23,60,81,37,55
1,<environment.Job instance at 0x7f94632720a0>,23,21,[6 1],24,81,102,57,73
1,<environment.Job instance at 0x7f9463272a00>,27,23,[5 9],28,84,107,56,78
1,<environment.Job instance at 0x7f946327c370>,33,1,[6 4],34,114,115,80,114
1,<environment.Job instance at 0x7f946327c690>,34,1,[9 2],35,114,115,79,114
1,<environment.Job instance at 0x7f946327c460>,36,3,[6 1],37,120,123,83,120
1,<environment.Job instance at 0x7f946327c050>,37,2,[3 9],38,120,122,82,120
1,<environment.Job instance at 0x7f946327ceb0>,39,3,[7 5],40,129,132,89,129
1,<environment.Job instance at 0x7f9463265550>,43,3,[8 5],44,152,155,108,152
1,<environment.Job instance at 0x7f9463265960>,45,3,[7 1],46,183,186,137,183
1,<environment.Job instance at 0x7f9463265aa0>,46,2,[8 2],47,183,185,136,183
1,<environment.Job instance at 0x7f9463265b90>,47,2,[2 6],48,185,187,137,183
1,<environment.Job instance at 0x7f9463265050>,52,1,[4 8],53,202,203,149,202
1,<environment.Job instance at 0x7f9463265370>,53,1,[6 3],54,202,203,148,202
1,<environment.Job instance at 0x7f94632653c0>,54,2,[10  4],55,203,205,148,202
1,<environment.Job instance at 0x7f94632651e0>,55,1,[8 2],56,205,206,149,202
1,<environment.Job instance at 0x7f94632650f0>,56,2,[5 3],57,202,204,145,202
1,<environment.Job instance at 0x7f9463261e60>,57,1,[10  3],58,206,207,148,202
1,<environment.Job instance at 0x7f94632611e0>,61,1,[6 1],62,212,213,150,212
1,<environment.Job instance at 0x7f9463272690>,28,18,[11  3],29,424,442,395,424
1,<environment.Job instance at 0x7f9463261eb0>,67,1,[ 4 10],68,424,425,356,424
1,<environment.Job instance at 0x7fe1ee5eafa0>,10,1,[7 3],11,35,36,24,35
1,<environment.Job instance at 0x7fe1ee5eae60>,11,2,[3 9],12,35,37,23,35
1,<environment.Job instance at 0x7fe1ee5eaa00>,12,3,[6 3],13,36,39,23,35
1,<environment.Job instance at 0x7fe1ee5ed050>,15,3,[10  2],16,39,42,23,35
1,<environment.Job instance at 0x7fe1ee5ed5a0>,17,3,[10  3],18,43,46,25,43
1,<environment.Job instance at 0x7fe1ee5ed410>,20,1,[3 7],21,62,63,41,62
1,<environment.Job instance at 0x7fe1ee5ed7d0>,21,3,[ 2 10],22,63,66,41,62
1,<environment.Job instance at 0x7fe1ee5ed550>,22,2,[12  3],23,63,65,40,63
1,<environment.Job instance at 0x7fe1ee5ed910>,24,3,[5 9],25,71,74,46,71
1,<environment.Job instance at 0x7fe1ee5ed820>,26,22,[2 9],27,74,96,47,71
1,<environment.Job instance at 0x7fe1ee5f03c0>,36,2,[5 1],37,101,103,64,101
1,<environment.Job instance at 0x7fe1ee5f0500>,40,1,[1 8],41,119,120,78,119
1,<environment.Job instance at 0x7fe1ee5f0960>,43,28,[6 4],44,130,158,86,130
1,<environment.Job instance at 0x7fe1ef68e3c0>,0,27,[9 1],1,1,28,0,1
1,<environment.Job instance at 0x7fe1ef68eb90>,2,3,[ 3 11],3,8,11,5,8
1,<environment.Job instance at 0x7fe1ef8c3550>,8,1,[5 7],9,11,12,2,9
1,<environment.Job instance at 0x7fe1ef8c3050>,10,24,[ 3 10],11,12,36,1,11
1,<environment.Job instance at 0x7fe1ef8bdfa0>,17,26,[5 4],18,28,54,10,25
1,<environment.Job instance at 0x7fe1ef8bdbe0>,18,22,[5 6],19,36,58,17,29
1,<environment.Job instance at 0x7fe1ef8b9e10>,28,19,[8 4],29,54,73,25,52
1,<environment.Job instance at 0x7fe1ef8b9cd0>,30,2,[10  3],31,73,75,42,57
1,<environment.Job instance at 0x7fe1ef8b9f00>,32,3,[10  1],33,75,78,42,70
1,<environment.Job instance at 0x7fe1ef8bcaa0>,36,3,[5 6],37,80,83,43,80
1,<environment.Job instance at 0x7fe1ef798a50>,37,2,[ 4 10],38,83,85,45,80
1,<environment.Job instance at 0x7fe1ef8bc230>,40,3,[7 2],41,85,88,44,85
1,<environment.Job instance at 0x7fe1ef8c33c0>,9,14,[ 2 10],10,88,102,78,88
1,<environment.Job instance at 0x7fe1a46a08c0>,45,23,[3 7],46,102,125,56,96
1,<environment.Job instance at 0x7fe1a46358c0>,2,27,[ 3 13],3,3,30,0,3
1,<environment.Job instance at 0x7fe1a462af50>,8,20,[5 7],9,30,50,21,21
1,<environment.Job instance at 0x7fe1a4622e10>,10,20,[5 7],11,30,50,19,21
1,<environment.Job instance at 0x7fe1a466ca00>,26,2,[9 1],27,50,52,23,50
1,<environment.Job instance at 0x7fe1a466cc30>,27,3,[1 8],28,50,53,22,50
1,<environment.Job instance at 0x7fe1a466c550>,31,2,[9 3],32,75,77,43,75
1,<environment.Job instance at 0x7fe1a466cf00>,32,3,[8 5],33,77,80,44,75
1,<environment.Job instance at 0x7fe1a4614a50>,33,3,[2 9],34,75,78,41,75
1,<environment.Job instance at 0x7fe1a4622280>,17,18,[ 3 12],18,84,102,66,84
1,<environment.Job instance at 0x7fe1a4614500>,6,2,[8 2],7,8,10,1,8
1,<environment.Job instance at 0x7fe1a4767a00>,9,3,[4 8],10,10,13,0,10
1,<environment.Job instance at 0x7fe1a4767640>,11,3,[1 5],12,12,15,0,12
1,<environment.Job instance at 0x7fe1a4767280>,12,1,[10  1],13,13,14,0,13
1,<environment.Job instance at 0x7fe1a49e82d0>,15,3,[5 5],16,20,23,4,20
1,<environment.Job instance at 0x7fe1a49e8820>,16,22,[11  3],17,23,45,6,20
1,<environment.Job instance at 0x7fe1a49f4140>,20,3,[9 1],21,45,48,24,36
1,<environment.Job instance at 0x7fe1a49f4f00>,22,1,[ 5 10],23,45,46,22,36
1,<environment.Job instance at 0x7fe1a49f48c0>,24,1,[9 4],25,48,49,23,36
1,<environment.Job instance at 0x7fe1a49f4500>,25,25,[3 9],26,46,71,20,42
1,<environment.Job instance at 0x7fe1a49f4780>,26,1,[7 4],27,49,50,22,42
1,<environment.Job instance at 0x7fe1a49eebe0>,29,23,[2 8],30,71,94,41,65
1,<environment.Job instance at 0x7fe1a49ee5a0>,31,1,[5 1],32,65,66,33,65
1,<environment.Job instance at 0x7fe1a49ee870>,32,2,[8 2],33,66,68,33,65
1,<environment.Job instance at 0x7fe1a49eeb90>,33,1,[3 9],34,94,95,60,66
1,<environment.Job instance at 0x7fe1a4b08280>,36,26,[9 1],37,78,104,41,78
1,<environment.Job instance at 0x7fe1a4acf1e0>,40,18,[5 1],41,95,113,54,94
1,<environment.Job instance at 0x7fe1a4acf0f0>,41,3,[8 2],42,104,107,62,94
1,<environment.Job instance at 0x7fe1a4acfe60>,46,23,[5 8],47,117,140,70,117
1,<environment.Job instance at 0x7fe1a4acf280>,47,3,[4 9],48,140,143,92,117
1,<environment.Job instance at 0x7fe1a4ac7fa0>,48,2,[ 3 10],49,143,145,94,117
1,<environment.Job instance at 0x7fe1a4ac7fa0>,3,27,[5 3],4,4,31,0,4
1,<environment.Job instance at 0x7fe1a46f3a50>,1,2,[12  1],2,31,33,29,6
1,<environment.Job instance at 0x7fe1a4cf5780>,7,1,[1 6],8,8,9,0,8
1,<environment.Job instance at 0x7fe1a4cf5870>,8,22,[9 2],9,9,31,0,9
1,<environment.Job instance at 0x7fe1a4cf5960>,9,3,[ 4 12],10,33,36,23,26
1,<environment.Job instance at 0x7fe1a4cf5eb0>,18,28,[7 4],19,47,75,28,47
1,<environment.Job instance at 0x7fe1a4cf5f50>,19,1,[9 2],20,75,76,55,48
1,<environment.Job instance at 0x7fe1a4cd82d0>,24,28,[9 1],25,76,104,51,75
1,<environment.Job instance at 0x7fe1a4cd80f0>,27,1,[7 2],28,104,105,76,81
1,<environment.Job instance at 0x7fe1a4cd8be0>,36,3,[7 5],37,125,128,88,125
1,<environment.Job instance at 0x7fe1a4cd8c80>,37,3,[4 9],38,125,128,87,125
1,<environment.Job instance at 0x7fe1a4cd8dc0>,40,28,[7 3],41,140,168,99,140
1,<environment.Job instance at 0x7fe1ee688fa0>,10,2,[8 3],11,12,14,1,12
1,<environment.Job instance at 0x7fe1ef08e6e0>,13,21,[9 5],14,14,35,0,14
1,<environment.Job instance at 0x7fe1ef08e460>,12,2,[14  5],13,35,37,22,30
1,<environment.Job instance at 0x7fe1ef08e640>,16,22,[6 1],17,38,60,21,38
1,<environment.Job instance at 0x7fe1ef08e230>,18,21,[5 1],19,39,60,20,39
1,<environment.Job instance at 0x7fe1ef08e4b0>,25,2,[7 1],26,63,65,37,63
1,<environment.Job instance at 0x7fe1eeb28fa0>,28,1,[ 5 14],29,80,81,51,80
1,<environment.Job instance at 0x7fe1eeb28a00>,30,2,[10  1],31,92,94,61,92
1,<environment.Job instance at 0x7fe1eeb28280>,32,2,[9 4],33,98,100,65,98
1,<environment.Job instance at 0x7fe1eeb28aa0>,33,3,[14  5],34,108,111,74,108
1,<environment.Job instance at 0x7fe1eeb28230>,35,1,[ 4 10],36,111,112,75,108
1,<environment.Job instance at 0x7fe1eeb286e0>,37,1,[9 4],38,111,112,73,108
1,<environment.Job instance at 0x7fe1eee94e10>,11,19,[ 3 14],12,118,137,106,118
1,<environment.Job instance at 0x7fe1a4836690>,42,1,[13  3],43,137,138,94,130
1,<environment.Job instance at 0x7fe1a48367d0>,45,1,[8 2],46,143,144,97,143
1,<environment.Job instance at 0x7fe1a48e33c0>,47,1,[4 8],48,146,147,98,146
1,<environment.Job instance at 0x7fe1eee7fdc0>,2,27,[ 2 13],3,3,30,0,3
1,<environment.Job instance at 0x7fe1ef1c8780>,8,1,[12  5],9,30,31,21,24
1,<environment.Job instance at 0x7fe1a48229b0>,24,3,[5 8],25,62,65,37,62
1,<environment.Job instance at 0x7fe1ee7edaa0>,25,2,[2 6],26,62,64,36,62
1,<environment.Job instance at 0x7fe1ee42f9b0>,29,3,[8 4],30,64,67,34,64
1,<environment.Job instance at 0x7fe1ee42f870>,32,2,[6 1],33,77,79,44,77
1,<environment.Job instance at 0x7fe1ef7434b0>,33,13,[2 5],34,77,90,43,77
1,<environment.Job instance at 0x7fe1a45d3550>,35,1,[5 7],36,90,91,54,90
1,<environment.Job instance at 0x7fe1a45d3460>,36,2,[3 5],37,90,92,53,90
1,<environment.Job instance at 0x7fe1eeda3c80>,37,2,[9 1],38,91,93,53,90
1,<environment.Job instance at 0x7fe1a47efa50>,42,20,[7 3],43,128,148,85,128
1,<environment.Job instance at 0x7fe1a47ef0f0>,43,1,[2 8],44,128,129,84,128
1,<environment.Job instance at 0x7fe1a47efa00>,46,20,[6 2],47,131,151,84,131
1,<environment.Job instance at 0x7fe1ee434e10>,0,1,[2 5],1,4,5,3,4
1,<environment.Job instance at 0x7fe1a4b8ff00>,9,22,[1 6],10,10,32,0,10
1,<environment.Job instance at 0x7fe1ee6ff820>,10,1,[5 1],11,11,12,0,11
1,<environment.Job instance at 0x7fe1a4b833c0>,11,25,[10  4],12,12,37,0,12
1,<environment.Job instance at 0x7fe1a4bb2f00>,14,22,[1 9],15,32,54,17,25
1,<environment.Job instance at 0x7fe1eef5c870>,23,24,[3 6],24,37,61,13,35
1,<environment.Job instance at 0x7fe1a44a40f0>,25,20,[3 8],26,54,74,28,45
1,<environment.Job instance at 0x7fe1a44a45f0>,27,27,[9 5],28,61,88,33,59
1,<environment.Job instance at 0x7fe1a449bcd0>,36,21,[6 1],37,84,105,47,84
1,<environment.Job instance at 0x7fe1a449b780>,33,2,[ 3 14],34,88,90,54,86
1,<environment.Job instance at 0x7fe1a44a2280>,39,1,[10  5],40,105,106,65,86
1,<environment.Job instance at 0x7fe1a44a20a0>,41,2,[7 4],42,94,96,52,94
1,<environment.Job instance at 0x7fe1a44a2af0>,43,18,[8 1],44,106,124,62,96
1,<environment.Job instance at 0x7fe1a44a23c0>,45,27,[5 5],46,96,123,50,96
1,<environment.Job instance at 0x7fe1a44a26e0>,46,22,[2 8],47,106,128,59,99
1,<environment.Job instance at 0x7fe1a44a29b0>,44,3,[ 3 12],45,272,275,227,272
1,<environment.Job instance at 0x7fe1eee04c30>,3,27,[7 5],4,4,31,0,4
1,<environment.Job instance at 0x7fe1ee99ea50>,10,2,[9 4],11,31,33,20,11
1,<environment.Job instance at 0x7fe1eee04410>,14,3,[2 5],15,18,21,3,18
1,<environment.Job instance at 0x7fe1ee99e140>,15,25,[3 7],16,21,46,5,18
1,<environment.Job instance at 0x7fe1ee99ebe0>,20,1,[ 4 12],21,46,47,25,34
1,<environment.Job instance at 0x7fe1ee99e820>,21,1,[10  1],22,34,35,12,34
1,<environment.Job instance at 0x7fe1a4cced20>,23,1,[5 2],24,40,41,16,40
1,<environment.Job instance at 0x7fe1a4ccee60>,28,21,[9 5],29,69,90,40,69
1,<environment.Job instance at 0x7fe1a4cce780>,29,3,[12  1],30,90,93,60,78
1,<environment.Job instance at 0x7fe1a4cce910>,31,1,[5 5],32,79,80,47,79
1,<environment.Job instance at 0x7fe1a4ccef00>,33,2,[ 4 10],34,81,83,47,81
1,<environment.Job instance at 0x7fe1a4cce3c0>,34,2,[5 3],35,83,85,48,82
1,<environment.Job instance at 0x7fe1a4b342d0>,38,3,[ 2 10],39,97,100,58,97
1,<environment.Job instance at 0x7fe1a4b34c30>,40,3,[9 1],41,110,113,69,110
1,<environment.Job instance at 0x7fe1a4b347d0>,41,2,[5 6],42,110,112,68,110
1,<environment.Job instance at 0x7fe1a4b34640>,42,2,[3 5],43,112,114,69,110
1,<environment.Job instance at 0x7fe1a4b340a0>,45,24,[3 9],46,130,154,84,130
1,<environment.Job instance at 0x7fe1a4a428c0>,0,1,[2 9],1,1,2,0,1
1,<environment.Job instance at 0x7fe1a4981190>,5,1,[12  4],6,15,16,9,15
1,<environment.Job instance at 0x7fe1a4907cd0>,12,27,[5 5],13,16,43,3,15
1,<environment.Job instance at 0x7fe1a4c381e0>,14,25,[1 7],15,15,40,0,15
1,<environment.Job instance at 0x7fe1ee431140>,26,27,[5 8],27,61,88,34,61
1,<environment.Job instance at 0x7fe1eec0f960>,29,1,[ 4 10],30,88,89,58,68
1,<environment.Job instance at 0x7fe1eec0f550>,30,1,[10  3],31,68,69,37,68
1,<environment.Job instance at 0x7fe1eebfc5f0>,31,24,[4 8],32,89,113,57,84
1,<environment.Job instance at 0x7fe1eebfc960>,34,2,[4 8],35,113,115,78,86
1,<environment.Job instance at 0x7fe1eebfc9b0>,35,19,[7 5],36,86,105,50,86
1,<environment.Job instance at 0x7fe1ee571b40>,41,1,[11  1],42,105,106,63,104
1,<environment.Job instance at 0x7fe1ee5710f0>,44,2,[4 9],45,115,117,70,112
1,<environment.Job instance at 0x7fe1ee5718c0>,45,2,[7 5],46,112,114,66,112
1,<environment.Job instance at 0x7fe1ef76f2d0>,1,24,[1 9],2,2,26,0,2
1,<environment.Job instance at 0x7fe1a4414960>,7,23,[10  4],8,8,31,0,8
1,<environment.Job instance at 0x7fe1a46146e0>,17,1,[11  4],18,31,32,13,28
1,<environment.Job instance at 0x7fe1a4614870>,18,1,[5 3],19,32,33,13,31
1,<environment.Job instance at 0x7fe1a46143c0>,13,3,[ 5 13],14,33,36,19,32
1,<environment.Job instance at 0x7fe1ee682b90>,23,1,[8 5],24,45,46,21,45
1,<environment.Job instance at 0x7fe1ee682dc0>,25,24,[10  2],26,55,79,29,55
1,<environment.Job instance at 0x7fe1eedefaf0>,28,19,[1 6],29,74,93,45,74
1,<environment.Job instance at 0x7fe1a43c9050>,29,27,[14  1],30,79,106,49,77
1,<environment.Job instance at 0x7fe1a4b855f0>,33,20,[5 7],34,106,126,72,97
1,<environment.Job instance at 0x7fe1a4b89870>,34,1,[5 7],35,106,107,71,97
1,<environment.Job instance at 0x7fe1ef03bb90>,32,2,[11  4],33,126,128,93,105
1,<environment.Job instance at 0x7fe1a4b89410>,36,27,[4 5],37,107,134,70,105
1,<environment.Job instance at 0x7fe1ee3c3e60>,42,3,[11  3],43,146,149,103,146
1,<environment.Job instance at 0x7fe1a4583960>,45,1,[8 1],46,149,150,103,147
1,<environment.Job instance at 0x7fe1a4583f00>,47,2,[2 6],48,150,152,102,150
1,<environment.Job instance at 0x7fe1a4583a50>,48,2,[5 5],49,150,152,101,150
1,<environment.Job instance at 0x7fe1ee95c6e0>,16,2,[ 3 10],17,32,34,15,32
1,<environment.Job instance at 0x7fe1ee95c820>,18,2,[5 4],19,33,35,14,33
1,<environment.Job instance at 0x7fe1ee95c910>,20,1,[5 1],21,33,34,12,33
1,<environment.Job instance at 0x7fe1ee95cb40>,22,2,[5 5],23,42,44,19,42
1,<environment.Job instance at 0x7fe1ee95c9b0>,23,1,[7 1],24,42,43,18,42
1,<environment.Job instance at 0x7fe1ee95ccd0>,27,3,[12  4],28,66,69,38,66
1,<environment.Job instance at 0x7fe1ee95cf50>,29,28,[1 8],30,72,100,42,72
1,<environment.Job instance at 0x7fe1ee94f780>,34,1,[7 3],35,91,92,56,91
1,<environment.Job instance at 0x7fe1ee7907d0>,10,1,[9 5],11,11,12,0,11
1,<environment.Job instance at 0x7fe1ee790050>,14,24,[4 5],15,15,39,0,15
1,<environment.Job instance at 0x7fe1eea82c80>,19,3,[5 9],20,30,33,10,30
1,<environment.Job instance at 0x7fe1eea822d0>,25,2,[2 9],26,46,48,20,46
1,<environment.Job instance at 0x7fe1ee999b40>,27,1,[3 6],28,57,58,29,57
1,<environment.Job instance at 0x7fe1ee9999b0>,30,3,[10  4],31,59,62,28,59
1,<environment.Job instance at 0x7fe1ee999cd0>,36,2,[5 5],37,85,87,48,85
1,<environment.Job instance at 0x7fe1ee5f3c30>,37,1,[10  3],38,85,86,47,85
1,<environment.Job instance at 0x7fe1ee5f32d0>,41,2,[2 9],42,110,112,68,110
1,<environment.Job instance at 0x7fe1ee5f3500>,42,2,[7 3],43,110,112,67,110
1,<environment.Job instance at 0x7fe1ee5f33c0>,43,3,[8 1],44,112,115,68,110
1,<environment.Job instance at 0x7fe1ee5f3910>,48,2,[4 5],49,132,134,83,132
1,<environment.Job instance at 0x7fe1a4bf2500>,9,21,[1 9],10,10,31,0,10
1,<environment.Job instance at 0x7fe1a4bf27d0>,10,27,[6 4],11,11,38,0,11
1,<environment.Job instance at 0x7fe1ee9e2eb0>,11,1,[11  4],12,38,39,26,16
1,<environment.Job instance at 0x7fe1ee9e2fa0>,18,22,[7 5],19,39,61,20,32
1,<environment.Job instance at 0x7fe1eea3f410>,22,24,[1 6],23,32,56,9,32
1,<environment.Job instance at 0x7fe1eea3fd20>,29,2,[9 1],30,61,63,31,56
1,<environment.Job instance at 0x7fe1eea3ffa0>,32,3,[1 9],33,66,69,33,66
1,<environment.Job instance at 0x7fe1eea3f370>,34,3,[ 2 12],35,69,72,34,66
1,<environment.Job instance at 0x7fe1a4afb190>,35,2,[3 5],36,66,68,30,66
1,<environment.Job instance at 0x7fe1a4afb0f0>,37,2,[8 4],38,76,78,38,76
1,<environment.Job instance at 0x7fe1a4afb960>,40,1,[9 4],41,85,86,44,85
1,<environment.Job instance at 0x7fe1a4afb1e0>,41,2,[ 3 14],42,86,88,44,85
1,<environment.Job instance at 0x7fe1a4afbe10>,45,1,[8 4],46,93,94,47,93
1,<environment.Job instance at 0x7fe1ee90ec80>,47,27,[9 3],48,98,125,50,98
1,<environment.Job instance at 0x7fe1ee50a1e0>,0,2,[2 7],1,2,4,1,2
1,<environment.Job instance at 0x7fe1eea3fe60>,2,1,[6 3],3,3,4,0,3
1,<environment.Job instance at 0x7fe1a4524500>,8,24,[4 7],9,9,33,0,9
1,<environment.Job instance at 0x7fe1a450b5a0>,16,2,[3 6],17,19,21,2,19
1,<environment.Job instance at 0x7fe1a450b4b0>,18,2,[5 8],19,23,25,4,23
1,<environment.Job instance at 0x7fe1a450b960>,19,3,[14  1],20,33,36,13,24
1,<environment.Job instance at 0x7fe1a450b910>,20,20,[4 6],21,36,56,15,27
1,<environment.Job instance at 0x7fe1a450baa0>,21,2,[8 4],22,27,29,5,27
1,<environment.Job instance at 0x7fe1a450b8c0>,22,2,[8 4],23,29,31,6,27
1,<environment.Job instance at 0x7fe1a450bdc0>,26,3,[8 3],27,55,58,28,55
1,<environment.Job instance at 0x7fe1a4536050>,27,1,[10  5],28,58,59,30,55
1,<environment.Job instance at 0x7fe1a45362d0>,28,2,[13  3],29,59,61,30,57
1,<environment.Job instance at 0x7fe1a4536410>,29,1,[5 1],30,57,58,27,57
1,<environment.Job instance at 0x7fe1a45366e0>,35,2,[6 3],36,81,83,45,81
1,<environment.Job instance at 0x7fe1a4536870>,38,20,[3 8],39,87,107,48,87
1,<environment.Job instance at 0x7fe1a4536b40>,40,24,[10  4],41,97,121,56,97
1,<environment.Job instance at 0x7fe1a4536be0>,41,21,[4 7],42,107,128,65,99
1,<environment.Job instance at 0x7fe1eecd96e0>,9,1,[ 5 14],10,10,11,0,10
1,<environment.Job instance at 0x7fe1eecd90f0>,10,2,[5 1],11,11,13,0,11
1,<environment.Job instance at 0x7fe1eecd9690>,14,3,[7 4],15,29,32,14,29
1,<environment.Job instance at 0x7fe1eecd9fa0>,15,2,[4 5],16,29,31,13,29
1,<environment.Job instance at 0x7fe1eecd9640>,17,2,[7 4],18,38,40,20,38
1,<environment.Job instance at 0x7fe1eeb789b0>,22,3,[4 8],23,59,62,36,59
1,<environment.Job instance at 0x7fe1ef0e14b0>,24,2,[1 6],25,69,71,44,69
1,<environment.Job instance at 0x7fe1ef0e1c30>,26,1,[5 1],27,73,74,46,73
1,<environment.Job instance at 0x7fe1ef0e11e0>,27,27,[ 2 11],28,73,100,45,73
1,<environment.Job instance at 0x7fe1ef0e1370>,30,2,[3 9],31,100,102,69,92
1,<environment.Job instance at 0x7fe1ef0e1aa0>,32,1,[12  5],33,100,101,67,94
1,<environment.Job instance at 0x7fe1ef0e10a0>,29,3,[11  2],30,101,104,71,100
1,<environment.Job instance at 0x7fe1ef0e1050>,37,3,[7 5],38,105,108,67,105
1,<environment.Job instance at 0x7fe1ef0e1730>,39,1,[8 2],40,108,109,68,108
1,<environment.Job instance at 0x7fe1a45307d0>,1,18,[4 8],2,114,132,112,114
1,<environment.Job instance at 0x7fe1eeaae460>,45,1,[7 3],46,126,127,80,126
1,<environment.Job instance at 0x7fe1eeaae5f0>,46,3,[5 4],47,128,131,81,128
1,<environment.Job instance at 0x7fe1a48b96e0>,7,2,[ 3 10],8,8,10,0,8
1,<environment.Job instance at 0x7fe1ee3c3460>,10,19,[4 5],11,11,30,0,11
1,<environment.Job instance at 0x7fe1a47f4460>,15,1,[5 8],16,25,26,9,25
1,<environment.Job instance at 0x7fe1a484b550>,17,2,[9 3],18,37,39,19,37
1,<environment.Job instance at 0x7fe1eec4ccd0>,19,1,[5 4],20,37,38,17,37
1,<environment.Job instance at 0x7fe1ee4c0c30>,20,23,[9 4],21,39,62,18,37
1,<environment.Job instance at 0x7fe1ee4c0f00>,21,21,[8 2],22,62,83,40,54
1,<environment.Job instance at 0x7fe1ee4c05a0>,22,21,[5 7],23,54,75,31,54
1,<environment.Job instance at 0x7fe1ee806230>,23,1,[10  1],24,83,84,59,55
1,<environment.Job instance at 0x7fe1a47d0a50>,26,2,[5 9],27,75,77,48,56
1,<environment.Job instance at 0x7fe1a47d0370>,27,2,[10  3],28,84,86,56,57
1,<environment.Job instance at 0x7fe1ef2b4140>,28,28,[10  4],29,86,114,57,85
1,<environment.Job instance at 0x7fe1eea3f370>,39,1,[2 5],40,112,113,72,112
1,<environment.Job instance at 0x7fe1eea3fa50>,40,26,[4 9],41,113,139,72,112
1,<environment.Job instance at 0x7fe1ee840d70>,47,23,[5 3],48,144,167,96,144
1,<environment.Job instance at 0x7fe1eea50dc0>,3,24,[ 5 11],4,4,28,0,4
1,<environment.Job instance at 0x7fe1ee373f50>,13,1,[10  5],14,28,29,14,22
1,<environment.Job instance at 0x7fe1a46929b0>,21,3,[1 9],22,57,60,35,57
1,<environment.Job instance at 0x7fe1a49fd190>,23,22,[5 2],24,57,79,33,57
1,<environment.Job instance at 0x7fe1a49c7d70>,29,3,[10  5],30,95,98,65,95
1,<environment.Job instance at 0x7fe1a49c7410>,31,2,[1 6],32,104,106,72,104
1,<environment.Job instance at 0x7fe1a49c7550>,33,2,[3 5],34,109,111,75,109
1,<environment.Job instance at 0x7fe1a49c7c30>,36,25,[6 3],37,129,154,92,129
1,<environment.Job instance at 0x7fe1eef7acd0>,38,2,[2 8],39,129,131,90,129
1,<environment.Job instance at 0x7fe1eef7af00>,40,2,[5 4],41,132,134,91,132
1,<environment.Job instance at 0x7fe1eef7a370>,41,2,[3 8],42,132,134,90,132
1,<environment.Job instance at 0x7fe1a49cb8c0>,42,1,[6 3],43,134,135,91,132
1,<environment.Job instance at 0x7fe1a49cb820>,43,2,[14  3],44,154,156,110,132
1,<environment.Job instance at 0x7fe1a49cb960>,44,1,[14  5],45,156,157,111,132
1,<environment.Job instance at 0x7fe1a49cb460>,45,2,[ 2 10],46,135,137,89,132
1,<environment.Job instance at 0x7fe1a49cb280>,46,2,[7 1],47,135,137,88,133
1,<environment.Job instance at 0x7fe1ee3c0500>,0,1,[8 1],1,2,3,1,2
1,<environment.Job instance at 0x7fe1a49cbeb0>,2,2,[3 6],3,3,5,0,3
1,<environment.Job instance at 0x7fe1ee3c02d0>,3,1,[12  4],4,4,5,0,4
1,<environment.Job instance at 0x7fe1a4c0d280>,7,20,[1 8],8,8,28,0,8
1,<environment.Job instance at 0x7fe1a4c0da00>,11,21,[4 9],12,28,49,16,20
1,<environment.Job instance at 0x7fe1a4c0dbe0>,15,23,[8 4],16,20,43,4,20
1,<environment.Job instance at 0x7fe1a4c0d230>,17,20,[5 7],18,49,69,31,40
1,<environment.Job instance at 0x7fe1a4c0d9b0>,10,2,[ 2 12],11,69,71,58,42
1,<environment.Job instance at 0x7fe1ee472230>,23,3,[8 3],24,43,46,19,42
1,<environment.Job instance at 0x7fe1ee4721e0>,26,1,[7 4],27,46,47,19,44
1,<environment.Job instance at 0x7fe1ef0914b0>,28,3,[2 7],29,49,52,20,46
1,<environment.Job instance at 0x7fe1ef091780>,31,20,[ 5 13],32,71,91,39,62
1,<environment.Job instance at 0x7fe1ef091b90>,32,1,[5 1],33,62,63,29,62
1,<environment.Job instance at 0x7fe1ef091aa0>,35,1,[6 4],36,63,64,27,63
1,<environment.Job instance at 0x7fe1ef091820>,36,3,[6 1],37,64,67,27,63
1,<environment.Job instance at 0x7fe1ef091190>,37,1,[5 1],38,67,68,29,63
1,<environment.Job instance at 0x7fe1ef091fa0>,39,1,[8 1],40,68,69,28,63
1,<environment.Job instance at 0x7fe1ef091c80>,40,24,[7 2],41,69,93,28,64
1,<environment.Job instance at 0x7fe1ee547140>,43,3,[10  3],44,93,96,49,79
1,<environment.Job instance at 0x7fe1ee547be0>,46,19,[2 9],47,92,111,45,92
1,<environment.Job instance at 0x7fe1ee547960>,48,20,[ 1 10],49,111,131,62,102
1,<environment.Job instance at 0x7fe1ee844e60>,5,1,[ 2 10],6,7,8,1,7
1,<environment.Job instance at 0x7fe1a4aa9be0>,8,2,[ 1 13],9,9,11,0,9
1,<environment.Job instance at 0x7fe1eeef0500>,10,28,[ 2 14],11,11,39,0,11
1,<environment.Job instance at 0x7fe1ee64f780>,11,28,[5 1],12,12,40,0,12
1,<environment.Job instance at 0x7fe1ee6287d0>,23,23,[7 4],24,39,62,15,33
1,<environment.Job instance at 0x7fe1a4848320>,30,2,[5 5],31,66,68,35,66
1,<environment.Job instance at 0x7fe1a46429b0>,33,3,[13  5],34,84,87,50,84
1,<environment.Job instance at 0x7fe1a4642050>,36,27,[5 2],37,89,116,52,89
1,<environment.Job instance at 0x7fe1a4642cd0>,40,22,[2 5],41,120,142,79,120
1,<environment.Job instance at 0x7fe1a4642640>,41,1,[8 4],42,120,121,78,120
1,<environment.Job instance at 0x7fe1a46425f0>,42,1,[2 5],43,120,121,77,120
1,<environment.Job instance at 0x7fe1a4642550>,43,2,[ 4 10],44,121,123,77,120
1,<environment.Job instance at 0x7f1687441f00>,10,1,[7 3],11,17,18,6,17
1,<environment.Job instance at 0x7f1687441e60>,11,2,[3 9],12,17,19,5,17
1,<environment.Job instance at 0x7f1687441cd0>,12,3,[6 3],13,19,22,6,19
1,<environment.Job instance at 0x7f16874443c0>,15,3,[10  2],16,29,32,13,29
1,<environment.Job instance at 0x7f1687444730>,20,1,[3 7],21,58,59,37,58
1,<environment.Job instance at 0x7f1687444780>,22,2,[12  3],23,59,61,36,59
1,<environment.Job instance at 0x7f1687444af0>,25,3,[1 6],26,68,71,42,68
1,<environment.Job instance at 0x7f1687444aa0>,26,22,[2 9],27,68,90,41,68
1,<environment.Job instance at 0x7f1687448140>,34,3,[9 5],35,87,90,52,87
1,<environment.Job instance at 0x7f1687448280>,36,2,[5 1],37,99,101,62,99
1,<environment.Job instance at 0x7f1687448500>,40,1,[1 8],41,118,119,77,118
1,<environment.Job instance at 0x7f1687448960>,43,28,[6 4],44,127,155,83,127
1,<environment.Job instance at 0x7f1687448d70>,47,1,[2 6],48,149,150,101,149
1,<environment.Job instance at 0x7f1687448c30>,49,2,[1 9],50,157,159,107,157
1,<environment.Job instance at 0x7f1687448eb0>,50,27,[9 1],51,157,184,106,157
1,<environment.Job instance at 0x7f1687448d20>,52,3,[ 3 11],53,182,185,129,182
1,<environment.Job instance at 0x7f168c9bf140>,0,24,[ 3 10],1,1,25,0,1
1,<environment.Job instance at 0x7f168c9bf370>,2,20,[9 1],3,3,23,0,3
1,<environment.Job instance at 0x7f168c9c4e10>,7,26,[5 4],8,23,49,15,20
1,<environment.Job instance at 0x7f168c9c4370>,8,22,[5 6],9,25,47,16,20
1,<environment.Job instance at 0x7f168c9c2140>,18,19,[8 4],19,47,66,28,37
1,<environment.Job instance at 0x7f168c87abe0>,27,2,[ 4 10],28,49,51,21,43
1,<environment.Job instance at 0x7f168c9c5230>,30,3,[7 2],31,51,54,20,47
1,<environment.Job instance at 0x7f168c87a050>,25,19,[14  4],26,66,85,40,56
1,<environment.Job instance at 0x7f168c9c5fa0>,34,2,[4 7],35,56,58,21,56
1,<environment.Job instance at 0x7f168c9c57d0>,35,23,[3 7],36,85,108,49,79
1,<environment.Job instance at 0x7f168c9c5b90>,36,2,[4 8],37,85,87,48,79
1,<environment.Job instance at 0x7f168c9c1af0>,37,3,[5 3],38,87,90,49,79
1,<environment.Job instance at 0x7f168c9c1f50>,39,2,[10  4],40,90,92,50,79
1,<environment.Job instance at 0x7f168c9c1cd0>,41,1,[9 4],42,92,93,50,79
1,<environment.Job instance at 0x7f168c9c1fa0>,42,27,[ 3 13],43,108,135,65,106
1,<environment.Job instance at 0x7f168c87b8c0>,45,1,[3 6],46,106,107,60,106
1,<environment.Job instance at 0x7f168c87b5f0>,48,20,[5 7],49,135,155,86,126
1,<environment.Job instance at 0x7f168c87bcd0>,49,3,[5 3],50,135,138,85,126
1,<environment.Job instance at 0x7f168c87b780>,50,20,[5 7],51,138,158,87,129
1,<environment.Job instance at 0x7f16417c67d0>,0,2,[5 6],1,2,4,1,2
1,<environment.Job instance at 0x7f164177eb90>,11,2,[9 3],12,13,15,1,13
1,<environment.Job instance at 0x7f164177e050>,13,3,[2 9],14,14,17,0,14
1,<environment.Job instance at 0x7f164177ee60>,22,2,[4 9],23,45,47,22,45
1,<environment.Job instance at 0x7f164181ab40>,24,1,[7 1],25,59,60,34,59
1,<environment.Job instance at 0x7f164181a050>,27,3,[ 2 10],28,74,77,46,74
1,<environment.Job instance at 0x7f164181a370>,29,3,[5 5],30,76,79,46,76
1,<environment.Job instance at 0x7f164181ab90>,33,1,[5 6],34,90,91,56,90
1,<environment.Job instance at 0x7f164181ae60>,34,2,[8 5],35,90,92,55,90
1,<environment.Job instance at 0x7f164181a4b0>,36,2,[8 2],37,96,98,59,96
1,<environment.Job instance at 0x7f164181abe0>,39,3,[4 8],40,107,110,67,107
1,<environment.Job instance at 0x7f164173be60>,41,3,[1 5],42,118,121,76,118
1,<environment.Job instance at 0x7f164173bd20>,42,1,[10  1],43,118,119,75,118
1,<environment.Job instance at 0x7f164173b910>,45,3,[5 5],46,131,134,85,131
1,<environment.Job instance at 0x7f164173b960>,46,22,[11  3],47,134,156,87,131
1,<environment.Job instance at 0x7f16417381e0>,54,1,[9 4],55,162,163,107,162
1,<environment.Job instance at 0x7f16417380f0>,55,25,[3 9],56,162,187,106,162
1,<environment.Job instance at 0x7f1641bfdaf0>,3,1,[3 9],4,4,5,0,4
1,<environment.Job instance at 0x7f1641bfdeb0>,6,26,[9 1],7,7,33,0,7
1,<environment.Job instance at 0x7f164186dd20>,16,23,[5 8],17,18,41,1,18
1,<environment.Job instance at 0x7f1641bbd280>,21,2,[12  1],22,41,43,19,34
1,<environment.Job instance at 0x7f1641bbdd70>,23,27,[5 3],24,43,70,19,41
1,<environment.Job instance at 0x7f1641bbdc80>,27,1,[1 6],28,48,49,20,48
1,<environment.Job instance at 0x7f1641d6dc80>,28,22,[9 2],29,48,70,19,48
1,<environment.Job instance at 0x7f1641d6d140>,29,3,[ 4 12],30,70,73,40,70
1,<environment.Job instance at 0x7f1641d6d0f0>,33,12,[5 1],34,76,88,42,76
1,<environment.Job instance at 0x7f1641d6d190>,35,17,[8 1],36,84,101,48,84
1,<environment.Job instance at 0x7f1641d6d410>,38,28,[7 4],39,103,131,64,103
1,<environment.Job instance at 0x7f1641d6d050>,39,1,[9 2],40,131,132,91,103
1,<environment.Job instance at 0x7f1641d6df00>,40,2,[4 5],41,103,105,62,103
1,<environment.Job instance at 0x7f1641d6da00>,41,1,[8 3],42,105,106,63,103
1,<environment.Job instance at 0x7f1641b912d0>,42,1,[3 8],43,106,107,63,103
1,<environment.Job instance at 0x7f1641b91370>,44,28,[9 1],45,132,160,87,131
1,<environment.Job instance at 0x7f1641b914b0>,47,1,[7 2],48,160,161,112,133
1,<environment.Job instance at 0x7f164168a8c0>,56,3,[7 5],57,171,174,114,171
1,<environment.Job instance at 0x7f164168ae10>,57,3,[4 9],58,173,176,115,173
1,<environment.Job instance at 0x7f1670e23f50>,0,28,[7 3],1,1,29,0,1
1,<environment.Job instance at 0x7f1641b2cdc0>,9,1,[8 3],10,10,11,0,10
1,<environment.Job instance at 0x7f1641b2a550>,15,2,[9 2],16,29,31,13,24
1,<environment.Job instance at 0x7f1641b2a5f0>,16,2,[5 1],17,24,26,7,24
1,<environment.Job instance at 0x7f1641b2a6e0>,17,1,[1 7],18,24,25,6,24
1,<environment.Job instance at 0x7f1641b2a410>,20,2,[8 3],21,33,35,12,33
1,<environment.Job instance at 0x7f1641b2cc30>,10,18,[8 5],11,35,53,24,34
1,<environment.Job instance at 0x7f1641b2a820>,22,2,[14  5],23,53,55,30,34
1,<environment.Job instance at 0x7f1641b2a910>,23,21,[9 5],24,55,76,31,47
1,<environment.Job instance at 0x7f1641b2af50>,26,22,[6 1],27,55,77,28,48
1,<environment.Job instance at 0x7f1641b345a0>,33,18,[7 5],34,76,94,42,73
1,<environment.Job instance at 0x7f1641b347d0>,34,1,[3 7],35,77,78,42,73
1,<environment.Job instance at 0x7f1641b34500>,35,2,[7 1],36,78,80,42,73
1,<environment.Job instance at 0x7f1641b348c0>,38,1,[ 5 14],39,94,95,55,82
1,<environment.Job instance at 0x7f1641b34a00>,40,2,[10  1],41,94,96,53,89
1,<environment.Job instance at 0x7f1641b34aa0>,41,16,[6 2],42,96,112,54,89
1,<environment.Job instance at 0x7f1641b34b40>,42,2,[9 4],43,96,98,53,89
1,<environment.Job instance at 0x7f1641b34be0>,43,3,[14  5],44,112,115,68,89
1,<environment.Job instance at 0x7f1641b34c80>,44,2,[1 7],45,89,91,44,89
1,<environment.Job instance at 0x7f1641b34d20>,45,1,[ 4 10],46,91,92,45,89
1,<environment.Job instance at 0x7f1641b345f0>,47,1,[9 4],48,98,99,50,95
1,<environment.Job instance at 0x7f1641b430a0>,48,17,[12  1],49,133,150,84,133
1,<environment.Job instance at 0x7f1641b435f0>,52,1,[13  3],53,150,151,97,133
1,<environment.Job instance at 0x7f1641b437d0>,55,1,[8 2],56,151,152,95,143
1,<environment.Job instance at 0x7f1641b43190>,57,1,[4 8],58,151,152,93,147
1,<environment.Job instance at 0x7f1641b43b90>,58,15,[2 5],59,148,163,89,148
1,<environment.Job instance at 0x7f1641b43be0>,2,27,[ 2 13],3,3,30,0,3
1,<environment.Job instance at 0x7f1641cd6230>,8,1,[12  5],9,30,31,21,20
1,<environment.Job instance at 0x7f1641cf71e0>,22,2,[9 3],23,40,42,17,40
1,<environment.Job instance at 0x7f1687825410>,24,3,[5 8],25,56,59,31,56
1,<environment.Job instance at 0x7f1687825230>,25,2,[2 6],26,56,58,30,56
1,<environment.Job instance at 0x7f1687264cd0>,32,2,[6 1],33,76,78,43,76
1,<environment.Job instance at 0x7f1687264fa0>,35,1,[5 7],36,93,94,57,93
1,<environment.Job instance at 0x7f1687264b90>,37,2,[9 1],38,93,95,55,93
1,<environment.Job instance at 0x7f1687542870>,42,20,[7 3],43,132,152,89,132
1,<environment.Job instance at 0x7f1687542e60>,43,1,[2 8],44,132,133,88,132
1,<environment.Job instance at 0x7f1687998a50>,46,20,[6 2],47,132,152,85,132
1,<environment.Job instance at 0x7f1687998140>,49,1,[4 6],50,152,153,102,144
1,<environment.Job instance at 0x7f1687998cd0>,53,1,[2 8],54,158,159,104,158
1,<environment.Job instance at 0x7f1687204910>,1,25,[10  4],2,2,27,0,2
1,<environment.Job instance at 0x7f1687a19230>,4,22,[1 9],5,5,27,0,5
1,<environment.Job instance at 0x7f1687773550>,15,20,[3 8],16,27,47,11,20
1,<environment.Job instance at 0x7f1687427460>,13,24,[3 6],14,27,51,13,22
1,<environment.Job instance at 0x7f168770f280>,17,27,[9 5],18,47,74,29,45
1,<environment.Job instance at 0x7f16873867d0>,23,2,[ 3 14],24,74,76,50,70
1,<environment.Job instance at 0x7f16878e3280>,26,21,[6 1],27,70,91,43,70
1,<environment.Job instance at 0x7f16878e3fa0>,29,1,[10  5],30,91,92,61,70
1,<environment.Job instance at 0x7f1687ec3320>,34,3,[ 3 12],35,86,89,51,86
1,<environment.Job instance at 0x7f1687ec3c80>,35,27,[5 5],36,89,116,53,87
1,<environment.Job instance at 0x7f1687ec3f50>,36,22,[2 8],37,92,114,55,87
1,<environment.Job instance at 0x7f1687ec3690>,37,20,[5 2],38,93,113,55,93
1,<environment.Job instance at 0x7f1687ec3d20>,43,27,[7 5],44,114,141,70,112
1,<environment.Job instance at 0x7f16879981e0>,50,2,[9 4],51,141,143,90,128
1,<environment.Job instance at 0x7f16872c33c0>,54,3,[2 5],55,155,158,100,155
1,<environment.Job instance at 0x7f1687326c30>,55,25,[3 7],56,155,180,99,155
1,<environment.Job instance at 0x7f16418d2870>,0,1,[ 4 12],1,4,5,3,4
1,<environment.Job instance at 0x7f168740f4b0>,8,21,[9 5],9,9,30,0,9
1,<environment.Job instance at 0x7f168740f5f0>,9,3,[12  1],10,30,33,20,10
1,<environment.Job instance at 0x7f168740f7d0>,11,1,[5 5],12,12,13,0,12
1,<environment.Job instance at 0x7f168740faa0>,14,2,[5 3],15,15,17,0,15
1,<environment.Job instance at 0x7f168740feb0>,18,3,[ 2 10],19,23,26,4,23
1,<environment.Job instance at 0x7f16873e6140>,21,2,[5 6],22,33,35,11,31
1,<environment.Job instance at 0x7f16873e61e0>,25,24,[3 9],26,43,67,17,43
1,<environment.Job instance at 0x7f16873e6780>,30,1,[2 9],31,69,70,38,69
1,<environment.Job instance at 0x7f16873e6dc0>,35,1,[12  4],36,86,87,50,86
1,<environment.Job instance at 0x7f16873e6e60>,36,2,[9 2],37,87,89,50,86
1,<environment.Job instance at 0x7f16873e6c80>,37,2,[5 2],38,87,89,49,86
1,<environment.Job instance at 0x7f16873e6fa0>,38,2,[6 5],39,89,91,50,86
1,<environment.Job instance at 0x7f16873e80f0>,42,27,[5 5],43,100,127,57,100
1,<environment.Job instance at 0x7f16873e84b0>,44,25,[1 7],45,109,134,64,109
1,<environment.Job instance at 0x7f16873e85a0>,48,2,[7 3],49,117,119,68,117
1,<environment.Job instance at 0x7f16873e88c0>,50,2,[6 5],51,129,131,78,129
1,<environment.Job instance at 0x7f16873e8d20>,56,27,[5 8],57,162,189,105,162
1,<environment.Job instance at 0x7f1687c37320>,1,24,[4 8],2,2,26,0,2
1,<environment.Job instance at 0x7f1687ced550>,11,1,[11  1],12,22,23,10,22
1,<environment.Job instance at 0x7f168816ec80>,20,19,[2 7],21,33,52,12,33
1,<environment.Job instance at 0x7f168816eeb0>,21,24,[1 9],22,52,76,30,47
1,<environment.Job instance at 0x7f1687c3f910>,27,23,[10  4],28,48,71,20,48
1,<environment.Job instance at 0x7f16873b9190>,33,3,[ 5 13],34,76,79,42,68
1,<environment.Job instance at 0x7f1687585690>,19,18,[5 8],20,79,97,59,79
1,<environment.Job instance at 0x7f1687ed9b90>,37,1,[11  4],38,97,98,59,80
1,<environment.Job instance at 0x7f1687ed9370>,38,1,[5 3],39,80,81,41,80
1,<environment.Job instance at 0x7f16872866e0>,43,1,[8 5],44,110,111,66,110
1,<environment.Job instance at 0x7f1687478e10>,45,24,[10  2],46,113,137,67,113
1,<environment.Job instance at 0x7f1687478fa0>,47,18,[1 7],48,125,143,77,125
1,<environment.Job instance at 0x7f1687478320>,48,19,[1 6],49,125,144,76,125
1,<environment.Job instance at 0x7f1641b70320>,49,27,[14  1],50,143,170,93,141
1,<environment.Job instance at 0x7f1641bf90f0>,52,2,[11  4],53,170,172,117,161
1,<environment.Job instance at 0x7f1641cc35a0>,53,20,[5 7],54,172,192,118,163
1,<environment.Job instance at 0x7f1641cc3b90>,54,1,[5 7],55,172,173,117,163
1,<environment.Job instance at 0x7f1641cc32d0>,56,27,[4 5],57,173,200,116,171
1,<environment.Job instance at 0x7f16416d4b40>,2,3,[11  3],3,31,34,28,31
1,<environment.Job instance at 0x7f1641b66320>,19,1,[8 3],20,34,35,14,33
1,<environment.Job instance at 0x7f16873ab0a0>,21,3,[1 6],22,35,38,13,35
1,<environment.Job instance at 0x7f16873abdc0>,22,3,[4 9],23,35,38,12,35
1,<environment.Job instance at 0x7f16875094b0>,26,2,[ 3 10],27,52,54,25,52
1,<environment.Job instance at 0x7f16418573c0>,28,2,[5 4],29,52,54,23,52
1,<environment.Job instance at 0x7f1641a0d550>,30,1,[5 1],31,61,62,30,61
1,<environment.Job instance at 0x7f16876f2640>,32,2,[5 5],33,67,69,34,67
1,<environment.Job instance at 0x7f16878e38c0>,33,1,[7 1],34,67,68,33,67
1,<environment.Job instance at 0x7f1641910b90>,37,3,[12  4],38,117,120,79,117
1,<environment.Job instance at 0x7f16419100f0>,39,28,[1 8],40,120,148,80,120
1,<environment.Job instance at 0x7f16416c0e10>,10,1,[9 5],11,11,12,0,11
1,<environment.Job instance at 0x7f16416970f0>,14,24,[4 5],15,17,41,2,17
1,<environment.Job instance at 0x7f1641697780>,19,3,[5 9],20,33,36,13,33
1,<environment.Job instance at 0x7f1641697820>,20,2,[6 4],21,36,38,15,33
1,<environment.Job instance at 0x7f16416978c0>,21,2,[3 5],22,36,38,14,33
1,<environment.Job instance at 0x7f1641697b40>,25,2,[2 9],26,51,53,25,51
1,<environment.Job instance at 0x7f1641697b90>,27,1,[3 6],28,57,58,29,57
1,<environment.Job instance at 0x7f164169c6e0>,36,2,[5 5],37,84,86,47,84
1,<environment.Job instance at 0x7f164169c780>,37,1,[10  3],38,84,85,46,84
1,<environment.Job instance at 0x7f164169c910>,41,2,[2 9],42,107,109,65,107
1,<environment.Job instance at 0x7f164169caa0>,42,2,[7 3],43,107,109,64,107
1,<environment.Job instance at 0x7f164169c550>,43,3,[8 1],44,109,112,65,107
1,<environment.Job instance at 0x7f164169cdc0>,48,2,[4 5],49,126,128,77,126
1,<environment.Job instance at 0x7f164169cd70>,49,23,[6 5],50,126,149,76,126
1,<environment.Job instance at 0x7f16416a21e0>,51,2,[5 7],52,137,139,85,137
1,<environment.Job instance at 0x7f16416a2140>,52,1,[4 6],53,139,140,86,137
1,<environment.Job instance at 0x7f16416a2410>,55,3,[9 2],56,140,143,84,140
1,<environment.Job instance at 0x7f16416a2a00>,58,3,[3 9],59,143,146,84,141
1,<environment.Job instance at 0x7f1641892780>,0,27,[6 4],1,1,28,0,1
1,<environment.Job instance at 0x7f16878dd730>,8,22,[7 5],9,13,35,4,13
1,<environment.Job instance at 0x7f1641892500>,1,1,[11  4],2,35,36,33,19
1,<environment.Job instance at 0x7f16878ddf00>,12,24,[1 6],13,19,43,6,19
1,<environment.Job instance at 0x7f1687e4e230>,19,2,[9 1],20,45,47,25,45
1,<environment.Job instance at 0x7f1641900f50>,22,3,[1 9],23,55,58,32,55
1,<environment.Job instance at 0x7f1641900960>,24,3,[ 2 12],25,59,62,34,59
1,<environment.Job instance at 0x7f1641900d20>,25,2,[3 5],26,62,64,36,59
1,<environment.Job instance at 0x7f16877abf00>,27,2,[8 4],28,62,64,34,59
1,<environment.Job instance at 0x7f16877ab960>,30,1,[9 4],31,69,70,38,69
1,<environment.Job instance at 0x7f16877ab140>,31,2,[ 3 14],32,70,72,38,69
1,<environment.Job instance at 0x7f16877abaa0>,33,3,[10  3],34,75,78,41,75
1,<environment.Job instance at 0x7f16877ab9b0>,34,3,[3 6],35,75,78,40,75
1,<environment.Job instance at 0x7f16877abb40>,35,1,[8 4],36,78,79,42,75
1,<environment.Job instance at 0x7f16876d8910>,37,27,[9 3],38,84,111,46,84
1,<environment.Job instance at 0x7f16876d8230>,40,2,[2 7],41,101,103,60,101
1,<environment.Job instance at 0x7f16876d8e10>,42,1,[6 3],43,107,108,64,107
1,<environment.Job instance at 0x7f168772c9b0>,48,24,[4 7],49,139,163,90,139
1,<environment.Job instance at 0x7f1641b753c0>,51,3,[5 2],52,148,151,96,148
1,<environment.Job instance at 0x7f164186d730>,53,3,[4 7],54,151,154,97,151
1,<environment.Job instance at 0x7f16416fd500>,56,2,[3 6],57,167,169,110,167
1,<environment.Job instance at 0x7f16416fd1e0>,58,2,[5 8],59,183,185,124,183
1,<environment.Job instance at 0x7f1687ee5a50>,0,20,[4 6],1,1,21,0,1
1,<environment.Job instance at 0x7f16879796e0>,7,1,[10  5],8,8,9,0,8
1,<environment.Job instance at 0x7f1687979460>,8,2,[13  3],9,21,23,12,13
1,<environment.Job instance at 0x7f16879792d0>,15,2,[6 3],16,16,18,0,16
1,<environment.Job instance at 0x7f168c73e960>,18,20,[3 8],19,23,43,4,19
1,<environment.Job instance at 0x7f168c73e460>,20,24,[10  4],21,26,50,5,26
1,<environment.Job instance at 0x7f1687ccfeb0>,21,21,[4 7],22,43,64,21,35
1,<environment.Job instance at 0x7f1687860050>,24,1,[ 2 11],25,64,65,39,47
1,<environment.Job instance at 0x7f16878603c0>,27,1,[2 6],28,50,51,22,48
1,<environment.Job instance at 0x7f1687860550>,29,19,[5 5],30,65,84,35,55
1,<environment.Job instance at 0x7f1687860e60>,33,3,[8 4],34,67,70,33,67
1,<environment.Job instance at 0x7f16419bfa00>,35,12,[10  1],36,82,94,46,82
1,<environment.Job instance at 0x7f16419bf690>,39,1,[ 5 14],40,96,97,56,96
1,<environment.Job instance at 0x7f16419bf4b0>,40,2,[5 1],41,96,98,55,96
1,<environment.Job instance at 0x7f16873e9820>,44,3,[7 4],45,115,118,70,115
1,<environment.Job instance at 0x7f16873e9960>,45,2,[4 5],46,115,117,69,115
1,<environment.Job instance at 0x7f16873e9370>,47,2,[7 4],48,130,132,82,130
1,<environment.Job instance at 0x7f16873e9730>,52,3,[4 8],53,166,169,113,166
1,<environment.Job instance at 0x7f16873e99b0>,54,2,[1 6],55,166,168,111,166
1,<environment.Job instance at 0x7f1687b1e730>,56,1,[5 1],57,173,174,116,173
1,<environment.Job instance at 0x7f1687b1eb90>,57,27,[ 2 11],58,173,200,115,173
1,<environment.Job instance at 0x7f16414a7640>,1,2,[7 1],2,2,4,0,2
1,<environment.Job instance at 0x7f168722d9b0>,2,1,[12  5],3,5,6,2,5
1,<environment.Job instance at 0x7f16878be6e0>,19,1,[5 7],20,20,21,0,20
1,<environment.Job instance at 0x7f16878bed70>,21,3,[3 9],22,25,28,3,25
1,<environment.Job instance at 0x7f16873d4f00>,23,18,[5 5],24,45,63,21,45
1,<environment.Job instance at 0x7f16415c6aa0>,27,2,[ 3 10],28,50,52,22,50
1,<environment.Job instance at 0x7f16879344b0>,30,19,[4 5],31,63,82,32,63
1,<environment.Job instance at 0x7f1641873aa0>,35,1,[5 8],36,85,86,49,85
1,<environment.Job instance at 0x7f16418605a0>,37,2,[9 3],38,91,93,53,91
1,<environment.Job instance at 0x7f1641873460>,39,1,[5 4],40,100,101,60,100
1,<environment.Job instance at 0x7f1687936f00>,40,23,[9 4],41,100,123,59,100
1,<environment.Job instance at 0x7f164159c7d0>,41,21,[8 2],42,123,144,81,115
1,<environment.Job instance at 0x7f1687936fa0>,42,21,[5 7],43,115,136,72,115
1,<environment.Job instance at 0x7f1687cf5af0>,48,28,[10  4],49,144,172,95,143
1,<environment.Job instance at 0x7f1687908c80>,46,2,[5 9],47,143,145,96,143
1,<environment.Job instance at 0x7f1641e04550>,50,3,[5 7],51,145,148,94,143
1,<environment.Job instance at 0x7f1641e04eb0>,51,1,[7 3],52,172,173,120,144
1,<environment.Job instance at 0x7f16873bdc80>,57,3,[6 3],58,172,175,114,150
1,<environment.Job instance at 0x7f16414c6690>,0,26,[4 9],1,1,27,0,1
1,<environment.Job instance at 0x7f168738c2d0>,7,23,[5 3],8,8,31,0,8
1,<environment.Job instance at 0x7f16417d03c0>,13,24,[ 5 11],14,27,51,13,22
1,<environment.Job instance at 0x7f1641925050>,23,1,[10  5],24,67,68,43,67
1,<environment.Job instance at 0x7f16419afc80>,25,2,[8 3],26,69,71,43,69
1,<environment.Job instance at 0x7f16879c8550>,0,1,[8 1],1,2,3,1,2
1,<environment.Job instance at 0x7f1641e06e10>,3,1,[12  4],4,4,5,0,4
1,<environment.Job instance at 0x7f16414384b0>,7,20,[1 8],8,8,28,0,8
1,<environment.Job instance at 0x7f16414380f0>,11,21,[4 9],12,28,49,16,20
1,<environment.Job instance at 0x7f1641438370>,15,23,[8 4],16,20,43,4,20
1,<environment.Job instance at 0x7f1641438230>,10,2,[ 2 12],11,49,51,38,47
1,<environment.Job instance at 0x7f16417f5af0>,26,1,[7 4],27,47,48,20,47
1,<environment.Job instance at 0x7f16417f5820>,28,3,[2 7],29,51,54,22,49
1,<environment.Job instance at 0x7f16417f5e60>,31,20,[ 5 13],32,54,74,22,54
1,<environment.Job instance at 0x7f1641441190>,35,1,[6 4],36,74,75,38,65
1,<environment.Job instance at 0x7f1641441370>,36,3,[6 1],37,66,69,29,66
1,<environment.Job instance at 0x7f16414417d0>,37,1,[5 1],38,69,70,31,66
1,<environment.Job instance at 0x7f16414416e0>,39,1,[8 1],40,70,71,30,66
1,<environment.Job instance at 0x7f1641441640>,40,24,[7 2],41,71,95,30,66
1,<environment.Job instance at 0x7f1641441b40>,43,3,[10  3],44,95,98,51,80
1,<environment.Job instance at 0x7f1641441960>,46,19,[2 9],47,99,118,52,99
1,<environment.Job instance at 0x7f16414198c0>,48,20,[ 1 10],49,118,138,69,109
1,<environment.Job instance at 0x7f1641419f00>,58,2,[ 1 13],59,138,140,79,135
1,<environment.Job instance at 0x7f164194f190>,1,28,[5 1],2,2,30,0,2
1,<environment.Job instance at 0x7f16878d8370>,0,28,[ 2 14],1,2,30,1,2
1,<environment.Job instance at 0x7f16414c59b0>,13,23,[7 4],14,30,53,16,24
1,<environment.Job instance at 0x7f1687906320>,20,2,[5 5],21,30,32,9,30
1,<environment.Job instance at 0x7f16879069b0>,23,3,[13  5],24,53,56,29,43
1,<environment.Job instance at 0x7f16879064b0>,26,27,[5 2],27,56,83,29,54
1,<environment.Job instance at 0x7f168792c190>,30,22,[2 5],31,74,96,43,74
1,<environment.Job instance at 0x7f1641d1ec80>,31,1,[8 4],32,74,75,42,74
1,<environment.Job instance at 0x7f1641d1e5f0>,32,1,[2 5],33,75,76,42,74
1,<environment.Job instance at 0x7f16872b1460>,33,2,[ 4 10],34,83,85,49,74
1,<environment.Job instance at 0x7f16879245f0>,36,1,[2 6],37,76,77,39,74
1,<environment.Job instance at 0x7f1687924c80>,40,1,[ 2 10],41,101,102,60,101
1,<environment.Job instance at 0x7f1687282640>,42,1,[9 5],43,101,102,58,101
1,<environment.Job instance at 0x7f16872dcdc0>,44,28,[4 5],45,109,137,64,109
1,<environment.Job instance at 0x7f16872a7960>,47,2,[ 5 13],48,137,139,89,116
1,<environment.Job instance at 0x7f16872a78c0>,49,1,[4 5],50,127,128,77,127
1,<environment.Job instance at 0x7f16872a7370>,51,25,[10  1],52,135,160,83,135
1,<environment.Job instance at 0x7f16872e0e60>,56,3,[5 1],57,157,160,100,157
1,<environment.Job instance at 0x7f16872e0c30>,57,1,[2 6],58,160,161,102,157
1,<environment.Job instance at 0x7f1687fd0a00>,5,21,[9 3],6,6,27,0,6
1,<environment.Job instance at 0x7f1641cd2b90>,7,25,[9 4],8,27,52,19,23
1,<environment.Job instance at 0x7f16416a5190>,11,1,[5 5],12,24,25,12,24
1,<environment.Job instance at 0x7f16414c2af0>,17,2,[1 8],18,41,43,23,41
1,<environment.Job instance at 0x7f16414c2780>,19,28,[6 1],20,43,71,23,42
1,<environment.Job instance at 0x7f1641afb820>,23,1,[8 5],24,54,55,30,54
1,<environment.Job instance at 0x7f164153b0a0>,25,3,[7 5],26,60,63,34,60
1,<environment.Job instance at 0x7f164143b820>,33,24,[5 3],34,89,113,55,89
1,<environment.Job instance at 0x7f164143ba00>,35,1,[5 9],36,104,105,68,104
1,<environment.Job instance at 0x7f164143b0a0>,37,2,[11  4],38,113,115,75,106
1,<environment.Job instance at 0x7f164143b190>,40,3,[8 3],41,119,122,78,119
1,<environment.Job instance at 0x7f16415eeaf0>,41,28,[9 4],42,122,150,80,121
1,<environment.Job instance at 0x7f16878edaa0>,48,19,[ 3 11],49,151,170,102,151
1,<environment.Job instance at 0x7f1641670460>,53,3,[8 2],54,177,180,123,177
1,<environment.Job instance at 0x7f164192e190>,56,21,[5 5],57,178,199,121,178
1,<environment.Job instance at 0x7f1641c120f0>,5,3,[10  4],6,8,11,2,8
1,<environment.Job instance at 0x7f1641c12eb0>,9,2,[5 8],10,10,12,0,10
1,<environment.Job instance at 0x7f1641c12050>,14,22,[4 9],15,26,48,11,26
1,<environment.Job instance at 0x7f1687dc17d0>,15,1,[1 9],16,48,49,32,26
1,<environment.Job instance at 0x7f1687dc1f00>,16,21,[5 5],17,26,47,9,26
1,<environment.Job instance at 0x7f1687dc1780>,23,2,[13  2],24,48,50,24,43
1,<environment.Job instance at 0x7f1687dc1500>,25,25,[1 6],26,55,80,29,55
1,<environment.Job instance at 0x7f1687b025f0>,26,1,[5 5],27,55,56,28,55
1,<environment.Job instance at 0x7f1687b02a00>,28,3,[ 1 10],29,80,83,51,58
1,<environment.Job instance at 0x7f1687b02870>,29,3,[9 3],30,58,61,28,58
1,<environment.Job instance at 0x7f1687b02cd0>,30,27,[11  2],31,61,88,30,59
1,<environment.Job instance at 0x7f1687b02050>,32,20,[ 5 10],33,88,108,55,79
1,<environment.Job instance at 0x7f1687b023c0>,35,24,[8 3],36,88,112,52,83
1,<environment.Job instance at 0x7f1687e84f00>,47,24,[5 9],48,117,141,69,117
1,<environment.Job instance at 0x7f1687e84780>,49,3,[1 7],50,141,144,91,124
1,<environment.Job instance at 0x7f1687e84dc0>,50,2,[1 6],51,124,126,73,124
1,<environment.Job instance at 0x7f168c9b8780>,51,28,[3 6],52,126,154,74,125
1,<environment.Job instance at 0x7f16416d2230>,0,20,[9 3],1,1,21,0,1
1,<environment.Job instance at 0x7f1687e7a870>,8,26,[8 2],9,21,47,12,18
1,<environment.Job instance at 0x7f1687e7a0a0>,7,1,[ 1 13],8,21,22,13,18
1,<environment.Job instance at 0x7f16874d9be0>,15,25,[ 3 14],16,47,72,31,43
1,<environment.Job instance at 0x7f1687a1f280>,24,27,[13  3],25,72,99,47,70
1,<environment.Job instance at 0x7f16876319b0>,35,19,[1 5],36,97,116,61,97
1,<environment.Job instance at 0x7f1641cd2050>,37,1,[10  2],38,99,100,61,97
1,<environment.Job instance at 0x7f1687d42140>,21,3,[ 4 13],22,116,119,94,98
1,<environment.Job instance at 0x7f1641cd2f00>,39,1,[9 4],40,100,101,60,98
1,<environment.Job instance at 0x7f16875d86e0>,43,3,[3 9],44,124,127,80,124
1,<environment.Job instance at 0x7f16875d8640>,44,27,[6 1],45,124,151,79,124
1,<environment.Job instance at 0x7f16875d85a0>,42,17,[9 4],43,127,144,84,127
1,<environment.Job instance at 0x7f16875f15f0>,48,3,[3 8],49,144,147,95,135
1,<environment.Job instance at 0x7f1687a19f50>,51,24,[14  3],52,151,175,99,147
1,<environment.Job instance at 0x7f1687a19280>,53,24,[10  2],54,175,199,121,170
1,<environment.Job instance at 0x7f397276a7d0>,10,1,[7 3],11,17,18,6,17
1,<environment.Job instance at 0x7f397276a960>,11,2,[3 9],12,17,19,5,17
1,<environment.Job instance at 0x7f397276aa00>,12,3,[6 3],13,20,23,7,20
1,<environment.Job instance at 0x7f397276ac30>,15,3,[10  2],16,37,40,21,37
1,<environment.Job instance at 0x7f397276af50>,20,1,[3 7],21,59,60,38,59
1,<environment.Job instance at 0x7f397276af00>,21,3,[ 2 10],22,60,63,38,60
1,<environment.Job instance at 0x7f397276d0f0>,22,2,[12  3],23,62,64,39,62
1,<environment.Job instance at 0x7f397276d1e0>,24,3,[5 9],25,64,67,39,64
1,<environment.Job instance at 0x7f397276d280>,25,3,[1 6],26,64,67,38,64
1,<environment.Job instance at 0x7f397276d050>,26,22,[2 9],27,67,89,40,64
1,<environment.Job instance at 0x7f397276d4b0>,28,2,[5 9],29,89,91,60,65
1,<environment.Job instance at 0x7f397276dc80>,40,1,[1 8],41,121,122,80,121
1,<environment.Job instance at 0x7f397276df00>,43,28,[6 4],44,122,150,78,122
1,<environment.Job instance at 0x7f397276f3c0>,46,3,[5 4],47,152,155,105,152
1,<environment.Job instance at 0x7f397276f050>,47,1,[2 6],48,152,153,104,152
1,<environment.Job instance at 0x7f397276f500>,49,2,[1 9],50,153,155,103,152
1,<environment.Job instance at 0x7f397276f640>,50,27,[9 1],51,153,180,102,152
1,<environment.Job instance at 0x7f397276f5a0>,52,3,[ 3 11],53,156,159,103,156
1,<environment.Job instance at 0x7f3979cdf4b0>,8,19,[8 4],9,9,28,0,9
1,<environment.Job instance at 0x7f3979cec4b0>,16,3,[5 6],17,17,20,0,17
1,<environment.Job instance at 0x7f3979cec5a0>,17,2,[ 4 10],18,20,22,2,18
1,<environment.Job instance at 0x7f3979ce6a50>,15,19,[14  4],16,28,47,12,19
1,<environment.Job instance at 0x7f3979cec230>,20,3,[7 2],21,22,25,1,22
1,<environment.Job instance at 0x7f3979cebc80>,24,2,[4 7],25,47,49,22,29
1,<environment.Job instance at 0x7f3979ceb780>,25,23,[3 7],26,47,70,21,41
1,<environment.Job instance at 0x7f3979cebeb0>,26,2,[4 8],27,49,51,22,41
1,<environment.Job instance at 0x7f3979ce8280>,29,2,[10  4],30,51,53,21,43
1,<environment.Job instance at 0x7f3979ce8730>,31,1,[9 4],32,53,54,21,45
1,<environment.Job instance at 0x7f3979ce8550>,32,27,[ 3 13],33,70,97,37,68
1,<environment.Job instance at 0x7f3979cf24b0>,35,1,[3 6],36,68,69,32,68
1,<environment.Job instance at 0x7f3979cf2640>,38,20,[5 7],39,97,117,58,88
1,<environment.Job instance at 0x7f3979cf2550>,39,3,[5 3],40,97,100,57,88
1,<environment.Job instance at 0x7f3979cf27d0>,40,20,[5 7],41,100,120,59,91
1,<environment.Job instance at 0x7f3979ce4af0>,50,2,[5 6],51,117,119,66,115
1,<environment.Job instance at 0x7f39727446e0>,51,18,[11  5],52,128,146,76,128
1,<environment.Job instance at 0x7f3979bff1e0>,61,2,[9 3],62,147,149,85,147
1,<environment.Job instance at 0x7f3979bffaf0>,62,3,[8 5],63,149,152,86,147
1,<environment.Job instance at 0x7f3979cf1a00>,63,3,[2 9],64,147,150,83,147
1,<environment.Job instance at 0x7f392ea58fa0>,13,1,[5 6],14,14,15,0,14
1,<environment.Job instance at 0x7f392ea58230>,16,2,[8 2],17,23,25,6,23
1,<environment.Job instance at 0x7f392eaaa7d0>,19,3,[4 8],20,25,28,5,25
1,<environment.Job instance at 0x7f392eaaa870>,21,3,[1 5],22,34,37,12,34
1,<environment.Job instance at 0x7f392eaaa140>,22,1,[10  1],23,34,35,11,34
1,<environment.Job instance at 0x7f392ea5e730>,25,3,[5 5],26,50,53,24,50
1,<environment.Job instance at 0x7f392ea5e910>,26,22,[11  3],27,53,75,26,50
1,<environment.Job instance at 0x7f392ea5ec80>,32,1,[ 5 10],33,75,76,42,69
1,<environment.Job instance at 0x7f392ea631e0>,34,1,[9 4],35,75,76,40,71
1,<environment.Job instance at 0x7f392ea63870>,35,25,[3 9],36,76,101,40,72
1,<environment.Job instance at 0x7f392ea63f50>,36,1,[7 4],37,76,77,39,72
1,<environment.Job instance at 0x7f392ea635a0>,39,23,[2 8],40,101,124,61,95
1,<environment.Job instance at 0x7f392ea636e0>,41,1,[5 1],42,95,96,53,95
1,<environment.Job instance at 0x7f392ea63780>,42,2,[8 2],43,96,98,53,95
1,<environment.Job instance at 0x7f392ea63960>,43,1,[3 9],44,124,125,80,96
1,<environment.Job instance at 0x7f392ea632d0>,46,26,[9 1],47,99,125,52,99
1,<environment.Job instance at 0x7f392ea5cb90>,51,3,[8 2],52,125,128,73,117
1,<environment.Job instance at 0x7f392ea5c0f0>,49,17,[9 2],50,128,145,78,127
1,<environment.Job instance at 0x7f392ea54c30>,56,23,[5 8],57,131,154,74,131
1,<environment.Job instance at 0x7f392ea549b0>,61,2,[12  1],62,154,156,92,146
1,<environment.Job instance at 0x7f392ea54be0>,63,27,[5 3],64,156,183,92,154
1,<environment.Job instance at 0x7f392ea45230>,67,1,[1 6],68,160,161,92,160
1,<environment.Job instance at 0x7f392ea45c30>,68,22,[9 2],69,160,182,91,160
1,<environment.Job instance at 0x7f392ea17640>,8,28,[7 4],9,9,37,0,9
1,<environment.Job instance at 0x7f392ea17dc0>,14,28,[9 1],15,37,65,22,36
1,<environment.Job instance at 0x7f392eeb4690>,26,3,[7 5],27,70,73,43,70
1,<environment.Job instance at 0x7f39791549b0>,27,3,[4 9],28,70,73,42,70
1,<environment.Job instance at 0x7f392ea17fa0>,7,18,[ 1 10],8,73,91,65,73
1,<environment.Job instance at 0x7f392ee26960>,30,28,[7 3],31,86,114,55,86
1,<environment.Job instance at 0x7f392ee26b90>,35,3,[6 4],36,95,98,59,95
1,<environment.Job instance at 0x7f3979154870>,28,18,[3 8],29,98,116,69,95
1,<environment.Job instance at 0x7f392ef55d20>,39,1,[8 3],40,114,115,74,106
1,<environment.Job instance at 0x7f392ef553c0>,40,18,[8 5],41,117,135,76,117
1,<environment.Job instance at 0x7f392ef55b90>,41,3,[1 8],42,117,120,75,117
1,<environment.Job instance at 0x7f392eaecfa0>,45,2,[9 2],46,135,137,89,134
1,<environment.Job instance at 0x7f392eaec910>,46,2,[5 1],47,134,136,87,134
1,<environment.Job instance at 0x7f392eaecaa0>,47,1,[1 7],48,134,135,86,134
1,<environment.Job instance at 0x7f392eaec9b0>,50,2,[8 3],51,144,146,93,144
1,<environment.Job instance at 0x7f392eaec0f0>,52,2,[14  5],53,151,153,98,151
1,<environment.Job instance at 0x7f392eaecd20>,53,21,[9 5],54,153,174,99,151
1,<environment.Job instance at 0x7f392eaec870>,51,19,[ 3 14],52,174,193,122,166
1,<environment.Job instance at 0x7f392eaec280>,56,22,[6 1],57,166,188,109,166
1,<environment.Job instance at 0x7f392ee5a370>,7,1,[9 4],8,8,9,0,8
1,<environment.Job instance at 0x7f392ee5a910>,12,1,[13  3],13,13,14,0,13
1,<environment.Job instance at 0x7f392ee5ab90>,17,1,[4 8],18,18,19,0,18
1,<environment.Job instance at 0x7f392ee6c1e0>,21,2,[3 8],22,31,33,9,31
1,<environment.Job instance at 0x7f392ee6c0f0>,22,27,[ 2 13],23,33,60,10,31
1,<environment.Job instance at 0x7f392ee6c460>,24,1,[3 8],25,60,61,35,35
1,<environment.Job instance at 0x7f392eaecb90>,3,3,[14  5],4,61,64,57,38
1,<environment.Job instance at 0x7f392ee6c870>,28,1,[12  5],29,60,61,31,52
1,<environment.Job instance at 0x7f392ee6c6e0>,29,1,[8 5],30,64,65,34,52
1,<environment.Job instance at 0x7f392ee6cb90>,32,2,[7 1],33,68,70,35,68
1,<environment.Job instance at 0x7f392ee6cf50>,35,2,[4 6],36,82,84,46,82
1,<environment.Job instance at 0x7f392ee6ceb0>,36,2,[6 5],37,84,86,47,84
1,<environment.Job instance at 0x7f392ee4e550>,42,2,[9 3],43,99,101,56,99
1,<environment.Job instance at 0x7f392ee4e5a0>,44,3,[5 8],45,114,117,69,114
1,<environment.Job instance at 0x7f392ee4e640>,45,2,[2 6],46,114,116,68,114
1,<environment.Job instance at 0x7f392ee5ab40>,14,18,[ 5 10],15,127,145,112,127
1,<environment.Job instance at 0x7f392ee4ef00>,55,1,[5 7],56,145,146,89,145
1,<environment.Job instance at 0x7f392ee4e730>,56,2,[3 5],57,145,147,88,145
1,<environment.Job instance at 0x7f392ee4ee10>,57,2,[9 1],58,146,148,88,145
1,<environment.Job instance at 0x7f392ee6a140>,59,16,[1 7],60,159,175,99,159
1,<environment.Job instance at 0x7f392ee6a370>,60,18,[11  4],61,306,324,245,306
1,<environment.Job instance at 0x7f392ee6a4b0>,62,20,[7 3],63,324,344,261,315
1,<environment.Job instance at 0x7f392ee6a1e0>,63,1,[2 8],64,315,316,251,315
1,<environment.Job instance at 0x7f392ee6a780>,66,20,[6 2],67,324,344,257,315
1,<environment.Job instance at 0x7f392ee6a870>,67,2,[5 9],68,344,346,276,317
1,<environment.Job instance at 0x7f392ef55b90>,0,1,[2 5],1,2,3,1,2
1,<environment.Job instance at 0x7f392ea17140>,9,22,[1 6],10,11,33,1,11
1,<environment.Job instance at 0x7f392ea17870>,11,25,[10  4],12,12,37,0,12
1,<environment.Job instance at 0x7f3978fd40f0>,14,22,[1 9],15,33,55,18,26
1,<environment.Job instance at 0x7f39728f8c80>,22,2,[6 3],23,39,41,16,39
1,<environment.Job instance at 0x7f39728f8e60>,23,24,[3 6],24,41,65,17,39
1,<environment.Job instance at 0x7f3979935960>,24,2,[4 8],25,55,57,30,39
1,<environment.Job instance at 0x7f39728f88c0>,25,20,[3 8],26,57,77,31,48
1,<environment.Job instance at 0x7f3972a4e8c0>,27,27,[9 5],28,65,92,37,63
1,<environment.Job instance at 0x7f3972a4e9b0>,33,2,[ 3 14],34,92,94,58,68
1,<environment.Job instance at 0x7f3972a4e5a0>,34,2,[1 9],35,77,79,42,68
1,<environment.Job instance at 0x7f3972acf870>,36,21,[6 1],37,79,100,42,73
1,<environment.Job instance at 0x7f3972acf140>,39,1,[10  5],40,100,101,60,88
1,<environment.Job instance at 0x7f3972a5aeb0>,43,18,[8 1],44,101,119,57,91
1,<environment.Job instance at 0x7f3972a5a7d0>,44,3,[ 3 12],45,94,97,49,91
1,<environment.Job instance at 0x7f3972a5a2d0>,45,27,[5 5],46,97,124,51,95
1,<environment.Job instance at 0x7f3972a5ab90>,46,22,[2 8],47,101,123,54,95
1,<environment.Job instance at 0x7f3972b23f50>,51,3,[3 7],52,123,126,71,119
1,<environment.Job instance at 0x7f3972a4ed20>,30,18,[4 8],31,124,142,93,124
1,<environment.Job instance at 0x7f39796d28c0>,53,27,[7 5],54,126,153,72,124
1,<environment.Job instance at 0x7f39796d2a50>,60,2,[9 4],61,153,155,92,144
1,<environment.Job instance at 0x7f39796d2690>,61,18,[5 7],62,152,170,90,152
1,<environment.Job instance at 0x7f3979ce9190>,64,3,[2 5],65,156,159,91,156
1,<environment.Job instance at 0x7f3979ce9320>,65,25,[3 7],66,159,184,93,156
1,<environment.Job instance at 0x7f3972576320>,0,1,[ 4 12],1,1,2,0,1
1,<environment.Job instance at 0x7f39794c6050>,1,1,[10  1],2,3,4,1,3
1,<environment.Job instance at 0x7f3972c2f7d0>,3,1,[5 2],4,4,5,0,4
1,<environment.Job instance at 0x7f392eee8410>,8,21,[9 5],9,9,30,0,9
1,<environment.Job instance at 0x7f392ed3a460>,9,3,[12  1],10,30,33,20,14
1,<environment.Job instance at 0x7f392eee8460>,11,1,[5 5],12,14,15,2,14
1,<environment.Job instance at 0x7f392f0857d0>,13,2,[ 4 10],14,16,18,2,16
1,<environment.Job instance at 0x7f39796cf320>,18,3,[ 2 10],19,32,35,13,32
1,<environment.Job instance at 0x7f39796cf870>,20,3,[9 1],21,37,40,16,37
1,<environment.Job instance at 0x7f39796cf5f0>,21,2,[5 6],22,37,39,15,37
1,<environment.Job instance at 0x7f397282c870>,22,2,[3 5],23,39,41,16,37
1,<environment.Job instance at 0x7f39727f68c0>,25,24,[3 9],26,46,70,20,46
1,<environment.Job instance at 0x7f39790659b0>,30,1,[2 9],31,70,71,39,60
1,<environment.Job instance at 0x7f397910c140>,35,1,[12  4],36,89,90,53,89
1,<environment.Job instance at 0x7f3972957af0>,36,2,[9 2],37,90,92,53,89
1,<environment.Job instance at 0x7f397270a050>,37,2,[5 2],38,90,92,52,89
1,<environment.Job instance at 0x7f3972957690>,38,2,[6 5],39,92,94,53,89
1,<environment.Job instance at 0x7f397901d190>,42,27,[5 5],43,104,131,61,104
1,<environment.Job instance at 0x7f392ed0e190>,44,25,[1 7],45,106,131,61,106
1,<environment.Job instance at 0x7f3979443af0>,50,2,[6 5],51,133,135,82,133
1,<environment.Job instance at 0x7f39794bf820>,53,18,[4 8],54,150,168,96,150
1,<environment.Job instance at 0x7f39729c7190>,56,27,[5 8],57,168,195,111,166
1,<environment.Job instance at 0x7f39729c7cd0>,59,1,[ 4 10],60,195,196,135,168
1,<environment.Job instance at 0x7f3972bfaa50>,60,1,[10  3],61,168,169,107,168
1,<environment.Job instance at 0x7f3972853820>,61,24,[4 8],62,196,220,134,191
1,<environment.Job instance at 0x7f39725e5c30>,65,19,[7 5],66,191,210,125,191
1,<environment.Job instance at 0x7f3979186410>,1,1,[11  1],2,4,5,2,4
1,<environment.Job instance at 0x7f39795060f0>,4,2,[4 9],5,5,7,0,5
1,<environment.Job instance at 0x7f392eda17d0>,8,3,[9 1],9,9,12,0,9
1,<environment.Job instance at 0x7f392eda1dc0>,11,24,[1 9],12,12,36,0,12
1,<environment.Job instance at 0x7f392eda1d20>,14,1,[2 5],15,16,17,1,16
1,<environment.Job instance at 0x7f392ed94460>,17,23,[10  4],18,18,41,0,18
1,<environment.Job instance at 0x7f3979506820>,10,19,[2 7],11,36,55,25,29
1,<environment.Job instance at 0x7f392ed94a50>,23,3,[ 5 13],24,55,58,31,40
1,<environment.Job instance at 0x7f392ed94d20>,27,1,[11  4],28,53,54,25,53
1,<environment.Job instance at 0x7f392ed94dc0>,28,1,[5 3],29,54,55,25,53
1,<environment.Job instance at 0x7f392eda1a00>,9,18,[5 8],10,58,76,48,57
1,<environment.Job instance at 0x7f392ed700a0>,33,1,[8 5],34,76,77,42,76
1,<environment.Job instance at 0x7f392ed70550>,35,24,[10  2],36,78,102,42,78
1,<environment.Job instance at 0x7f392ed70640>,38,19,[1 6],39,96,115,57,96
1,<environment.Job instance at 0x7f392ed70140>,39,27,[14  1],40,102,129,62,100
1,<environment.Job instance at 0x7f392ed70780>,43,20,[5 7],44,129,149,85,120
1,<environment.Job instance at 0x7f392ed709b0>,42,2,[11  4],43,149,151,106,122
1,<environment.Job instance at 0x7f392ed70b40>,46,27,[4 5],47,129,156,82,127
1,<environment.Job instance at 0x7f392edad230>,52,3,[11  3],53,154,157,101,154
1,<environment.Job instance at 0x7f392edad410>,55,1,[8 1],56,158,159,102,158
1,<environment.Job instance at 0x7f392edad7d0>,57,2,[2 6],58,169,171,111,169
1,<environment.Job instance at 0x7f392edad730>,58,2,[5 5],59,169,171,110,169
1,<environment.Job instance at 0x7f392edad5a0>,59,1,[5 7],60,171,172,111,169
1,<environment.Job instance at 0x7f392edad820>,60,3,[1 6],61,171,174,110,169
1,<environment.Job instance at 0x7f392edadaf0>,62,3,[4 9],63,183,186,120,183
1,<environment.Job instance at 0x7f392edadd70>,64,2,[10  3],65,187,189,122,187
1,<environment.Job instance at 0x7f397269d2d0>,12,2,[5 5],13,13,15,0,13
1,<environment.Job instance at 0x7f39728fb3c0>,13,1,[7 1],14,14,15,0,14
1,<environment.Job instance at 0x7f39790a76e0>,17,3,[12  4],18,23,26,5,23
1,<environment.Job instance at 0x7f3972678e10>,19,28,[1 8],20,29,57,9,29
1,<environment.Job instance at 0x7f397940ffa0>,22,3,[1 9],23,57,60,34,41
1,<environment.Job instance at 0x7f392f053a00>,23,2,[6 5],24,41,43,17,41
1,<environment.Job instance at 0x7f39726f8140>,24,1,[7 3],25,43,44,18,41
1,<environment.Job instance at 0x7f39726f8730>,25,3,[7 2],26,41,44,15,41
1,<environment.Job instance at 0x7f39726fe9b0>,33,3,[1 8],34,92,95,58,92
1,<environment.Job instance at 0x7f39796c3d20>,34,3,[5 2],35,92,95,57,92
1,<environment.Job instance at 0x7f39726fe870>,35,24,[8 3],36,92,116,56,92
1,<environment.Job instance at 0x7f397920afa0>,36,1,[4 7],37,95,96,58,92
1,<environment.Job instance at 0x7f392f08ffa0>,37,1,[7 4],38,96,97,58,92
1,<environment.Job instance at 0x7f39726c4500>,40,18,[8 1],41,116,134,75,105
1,<environment.Job instance at 0x7f3979904780>,42,2,[7 4],43,106,108,63,106
1,<environment.Job instance at 0x7f3972afbf00>,44,2,[9 2],45,134,136,89,107
1,<environment.Job instance at 0x7f392f099e60>,49,2,[ 4 10],50,140,142,90,140
1,<environment.Job instance at 0x7f392ed75b90>,50,1,[9 5],51,140,141,89,140
1,<environment.Job instance at 0x7f39797884b0>,54,24,[4 5],55,169,193,114,169
1,<environment.Job instance at 0x7f39729f1690>,59,3,[5 9],60,187,190,127,187
1,<environment.Job instance at 0x7f392ee180f0>,60,2,[6 4],61,190,192,129,187
1,<environment.Job instance at 0x7f392ee18a00>,61,2,[3 5],62,190,192,128,187
1,<environment.Job instance at 0x7f397919c140>,65,2,[2 9],66,213,215,147,213
1,<environment.Job instance at 0x7f397919cfa0>,67,1,[3 6],68,213,214,145,213
1,<environment.Job instance at 0x7f39793d46e0>,7,1,[10  3],8,9,10,1,9
1,<environment.Job instance at 0x7f397919c5f0>,4,3,[7 4],5,11,14,6,11
1,<environment.Job instance at 0x7f39725b2960>,13,3,[8 1],14,15,18,1,15
1,<environment.Job instance at 0x7f3979317410>,19,23,[6 5],20,27,50,7,27
1,<environment.Job instance at 0x7f39791f9be0>,29,21,[1 9],30,32,53,2,32
1,<environment.Job instance at 0x7f397260e370>,30,27,[6 4],31,50,77,19,48
1,<environment.Job instance at 0x7f39790746e0>,31,1,[11  4],32,77,78,45,55
1,<environment.Job instance at 0x7f39793199b0>,37,2,[ 2 10],38,65,67,27,65
1,<environment.Job instance at 0x7f3979319b40>,38,22,[7 5],39,78,100,39,71
1,<environment.Job instance at 0x7f3979319550>,42,24,[1 6],43,75,99,32,75
1,<environment.Job instance at 0x7f392ee99500>,49,2,[9 1],50,110,112,60,110
1,<environment.Job instance at 0x7f392ee99370>,52,3,[1 9],53,122,125,69,122
1,<environment.Job instance at 0x7f392ee99af0>,54,3,[ 2 12],55,125,128,70,123
1,<environment.Job instance at 0x7f39727bfc30>,55,2,[3 5],56,123,125,67,123
1,<environment.Job instance at 0x7f39727bf6e0>,57,2,[8 4],58,134,136,76,134
1,<environment.Job instance at 0x7f3979319be0>,40,18,[ 5 10],41,138,156,97,138
1,<environment.Job instance at 0x7f39791c1aa0>,60,1,[9 4],61,138,139,77,138
1,<environment.Job instance at 0x7f3972899be0>,61,2,[ 3 14],62,156,158,94,138
1,<environment.Job instance at 0x7f3972845500>,65,1,[8 4],66,141,142,75,141
1,<environment.Job instance at 0x7f3979138730>,67,27,[9 3],68,158,185,90,156
1,<environment.Job instance at 0x7f3972a0d5a0>,2,1,[6 3],3,5,6,2,5
1,<environment.Job instance at 0x7f39725d00f0>,8,24,[4 7],9,9,33,0,9
1,<environment.Job instance at 0x7f39725d0be0>,18,2,[5 8],19,22,24,3,22
1,<environment.Job instance at 0x7f39725d0b90>,19,3,[14  1],20,33,36,13,26
1,<environment.Job instance at 0x7f39725d0e10>,20,20,[4 6],21,36,56,15,27
1,<environment.Job instance at 0x7f39725f7320>,28,2,[13  3],29,59,61,30,59
1,<environment.Job instance at 0x7f39725f78c0>,29,1,[5 1],30,61,62,31,59
1,<environment.Job instance at 0x7f39725f7af0>,35,2,[6 3],36,71,73,35,71
1,<environment.Job instance at 0x7f39725f7780>,38,20,[3 8],39,84,104,45,84
1,<environment.Job instance at 0x7f39725f7eb0>,40,24,[10  4],41,87,111,46,87
1,<environment.Job instance at 0x7f39725f7fa0>,41,21,[4 7],42,104,125,62,96
1,<environment.Job instance at 0x7f397257b370>,7,27,[ 2 11],8,8,35,0,8
1,<environment.Job instance at 0x7f397298ed70>,19,1,[8 2],20,30,31,10,30
1,<environment.Job instance at 0x7f397257baf0>,12,1,[12  5],13,35,36,22,32
1,<environment.Job instance at 0x7f397257b0a0>,9,3,[11  2],10,36,39,26,33
1,<environment.Job instance at 0x7f397298e640>,24,3,[ 3 10],25,35,38,10,35
1,<environment.Job instance at 0x7f397298e230>,25,1,[7 3],26,39,40,13,35
1,<environment.Job instance at 0x7f392ee899b0>,31,3,[3 9],32,48,51,16,48
1,<environment.Job instance at 0x7f39790a9370>,37,2,[ 3 10],38,80,82,42,80
1,<environment.Job instance at 0x7f39790a90a0>,38,18,[1 5],39,88,106,49,88
1,<environment.Job instance at 0x7f39790a91e0>,40,19,[4 5],41,90,109,49,90
1,<environment.Job instance at 0x7f39790a9690>,41,3,[1 9],42,106,109,64,90
1,<environment.Job instance at 0x7f39727a3fa0>,45,1,[5 8],46,110,111,64,110
1,<environment.Job instance at 0x7f39727a37d0>,47,2,[9 3],48,119,121,71,119
1,<environment.Job instance at 0x7f392eb36140>,49,1,[5 4],50,120,121,70,120
1,<environment.Job instance at 0x7f392eb36870>,50,23,[9 4],51,121,144,70,120
1,<environment.Job instance at 0x7f392eb36d70>,51,21,[8 2],52,144,165,92,136
1,<environment.Job instance at 0x7f392eb36aa0>,52,21,[5 7],53,136,157,83,136
1,<environment.Job instance at 0x7f392eb36640>,58,28,[10  4],59,165,193,106,164
1,<environment.Job instance at 0x7f392eb369b0>,59,14,[5 1],60,164,178,104,164
1,<environment.Job instance at 0x7f39790fcfa0>,67,3,[6 3],68,193,196,125,185
1,<environment.Job instance at 0x7f392f01bb90>,0,26,[4 9],1,1,27,0,1
1,<environment.Job instance at 0x7f392f01b0f0>,4,2,[9 3],5,7,9,2,7
1,<environment.Job instance at 0x7f392f01bfa0>,7,23,[5 3],8,9,32,1,8
1,<environment.Job instance at 0x7f39726cbf00>,13,24,[ 5 11],14,27,51,13,22
1,<environment.Job instance at 0x7f392f01b410>,5,18,[1 8],6,52,70,46,52
1,<environment.Job instance at 0x7f392ea7abe0>,23,1,[10  5],24,57,58,33,57
1,<environment.Job instance at 0x7f392efcb140>,1,21,[4 9],2,2,23,0,2
1,<environment.Job instance at 0x7f3979431af0>,5,23,[8 4],6,6,29,0,6
1,<environment.Job instance at 0x7f3979431e60>,7,20,[5 7],8,23,43,15,14
1,<environment.Job instance at 0x7f3979434eb0>,13,3,[8 3],14,33,36,19,33
1,<environment.Job instance at 0x7f392ef80b40>,0,2,[ 2 12],1,43,45,42,33
1,<environment.Job instance at 0x7f392ea7a0f0>,4,3,[2 7],5,36,39,31,33
1,<environment.Job instance at 0x7f3979434d70>,21,20,[ 5 13],22,46,66,24,46
1,<environment.Job instance at 0x7f397942b190>,22,1,[5 1],23,46,47,23,46
1,<environment.Job instance at 0x7f3979411410>,25,1,[6 4],26,66,67,40,53
1,<environment.Job instance at 0x7f39794115a0>,26,3,[6 1],27,53,56,26,53
1,<environment.Job instance at 0x7f3979411550>,27,1,[5 1],28,56,57,28,53
1,<environment.Job instance at 0x7f39729e7730>,29,1,[8 1],30,57,58,27,56
1,<environment.Job instance at 0x7f39729e7b40>,30,24,[7 2],31,58,82,27,56
1,<environment.Job instance at 0x7f39729fcdc0>,33,3,[10  3],34,82,85,48,70
1,<environment.Job instance at 0x7f392e77f550>,36,19,[2 9],37,87,106,50,87
1,<environment.Job instance at 0x7f392e77f1e0>,37,1,[7 3],38,87,88,49,87
1,<environment.Job instance at 0x7f392ea17910>,38,20,[ 1 10],39,106,126,67,97
1,<environment.Job instance at 0x7f392ebf7320>,48,2,[ 1 13],49,126,128,77,123
1,<environment.Job instance at 0x7f392ebf7500>,50,28,[ 2 14],51,140,168,89,140
1,<environment.Job instance at 0x7f39794c0af0>,51,28,[5 1],52,140,168,88,140
1,<environment.Job instance at 0x7f397256e4b0>,58,2,[7 4],59,168,170,109,155
1,<environment.Job instance at 0x7f3972748eb0>,59,2,[5 1],60,168,170,108,155
1,<environment.Job instance at 0x7f3972734c80>,63,23,[7 4],64,170,193,106,168
1,<environment.Job instance at 0x7f3972c2f550>,6,27,[5 2],7,7,34,0,7
1,<environment.Job instance at 0x7f392efead70>,10,22,[2 5],11,14,36,3,14
1,<environment.Job instance at 0x7f392e950730>,11,1,[8 4],12,14,15,2,14
1,<environment.Job instance at 0x7f392e950640>,12,1,[2 5],13,15,16,2,14
1,<environment.Job instance at 0x7f392f01e6e0>,13,2,[ 4 10],14,34,36,20,14
1,<environment.Job instance at 0x7f392ec54fa0>,14,18,[10  2],15,36,54,21,32
1,<environment.Job instance at 0x7f39791daf50>,20,1,[ 2 10],21,36,37,15,32
1,<environment.Job instance at 0x7f39792b6460>,21,2,[1 5],22,32,34,10,32
1,<environment.Job instance at 0x7f39792b6aa0>,22,1,[9 5],23,54,55,31,32
1,<environment.Job instance at 0x7f397977eb40>,24,28,[4 5],25,37,65,12,36
1,<environment.Job instance at 0x7f3979107410>,27,2,[ 5 13],28,65,67,37,60
1,<environment.Job instance at 0x7f392ee71690>,29,1,[4 5],30,61,62,31,61
1,<environment.Job instance at 0x7f392ee71230>,31,25,[10  1],32,64,89,32,64
1,<environment.Job instance at 0x7f3972530780>,33,2,[5 1],34,69,71,35,69
1,<environment.Job instance at 0x7f3979742d20>,36,3,[5 1],37,82,85,45,82
1,<environment.Job instance at 0x7f3979742230>,35,15,[8 1],36,93,108,57,93
1,<environment.Job instance at 0x7f3972546cd0>,42,2,[1 7],43,107,109,64,107
1,<environment.Job instance at 0x7f3979ce1230>,45,21,[9 3],46,109,130,63,109
1,<environment.Job instance at 0x7f39726ab320>,47,25,[9 4],48,130,155,82,126
1,<environment.Job instance at 0x7f39726abc80>,51,1,[5 5],52,128,129,76,128
1,<environment.Job instance at 0x7f392e948d20>,55,2,[4 8],56,151,153,95,151
1,<environment.Job instance at 0x7f397919b690>,57,2,[1 8],58,153,155,95,151
1,<environment.Job instance at 0x7f397919b410>,58,2,[10  5],59,155,157,96,151
1,<environment.Job instance at 0x7f392ef3ff00>,59,28,[6 1],60,157,185,97,156
1,<environment.Job instance at 0x7f392ef3f9b0>,60,3,[2 8],61,156,159,95,156
1,<environment.Job instance at 0x7f3979601cd0>,63,1,[8 5],64,160,161,96,160
1,<environment.Job instance at 0x7f39729defa0>,65,3,[7 5],66,169,172,103,169
1,<environment.Job instance at 0x7f39725cc1e0>,3,24,[5 3],4,4,28,0,4
1,<environment.Job instance at 0x7f39725cc280>,5,1,[5 9],6,6,7,0,6
1,<environment.Job instance at 0x7f392e769fa0>,7,2,[11  4],8,28,30,20,9
1,<environment.Job instance at 0x7f392e74c320>,11,28,[9 4],12,30,58,18,29
1,<environment.Job instance at 0x7f392e74cbe0>,26,21,[5 5],27,68,89,41,68
1,<environment.Job instance at 0x7f392e74f1e0>,31,1,[4 5],32,84,85,52,84
1,<environment.Job instance at 0x7f392e74f320>,32,3,[8 1],33,85,88,52,84
1,<environment.Job instance at 0x7f392e74cf00>,20,17,[10  1],21,88,105,67,88
1,<environment.Job instance at 0x7f392e74f410>,35,3,[10  4],36,105,108,69,98
1,<environment.Job instance at 0x7f392e74f8c0>,36,1,[ 4 10],37,98,99,61,98
1,<environment.Job instance at 0x7f392e74c7d0>,18,19,[ 3 11],19,114,133,95,114
1,<environment.Job instance at 0x7f392e74f500>,44,22,[4 9],45,133,155,88,132
1,<environment.Job instance at 0x7f392e74f7d0>,46,21,[5 5],47,133,154,86,132
1,<environment.Job instance at 0x7f392e745e10>,51,3,[8 5],52,154,157,102,150
1,<environment.Job instance at 0x7f392e745e60>,53,2,[13  2],54,157,159,103,153
1,<environment.Job instance at 0x7f392e7458c0>,55,25,[1 6],56,163,188,107,163
1,<environment.Job instance at 0x7f392e745b90>,56,1,[5 5],57,163,164,106,163
1,<environment.Job instance at 0x7f392e745cd0>,60,27,[11  2],61,169,196,108,169
1,<environment.Job instance at 0x7f392e7455f0>,62,20,[ 5 10],63,196,216,133,187
1,<environment.Job instance at 0x7f392e745640>,65,24,[8 3],66,196,220,130,191
1,<environment.Job instance at 0x7f397255e280>,7,24,[5 9],8,8,32,0,8
1,<environment.Job instance at 0x7f397255eb90>,11,28,[3 6],12,12,40,0,12
1,<environment.Job instance at 0x7f39725846e0>,19,26,[2 6],20,32,58,12,29
1,<environment.Job instance at 0x7f3972584fa0>,20,20,[9 3],21,32,52,11,29
1,<environment.Job instance at 0x7f39725841e0>,24,2,[6 1],25,52,54,27,43
1,<environment.Job instance at 0x7f392ec565a0>,27,1,[ 1 13],28,58,59,30,53
1,<environment.Job instance at 0x7f3972584280>,28,26,[8 2],29,54,80,25,53
1,<environment.Job instance at 0x7f392ec560a0>,29,2,[9 3],30,80,82,50,56
1,<environment.Job instance at 0x7f392ec46eb0>,31,1,[5 4],32,57,58,25,57
1,<environment.Job instance at 0x7f3972b106e0>,35,25,[ 3 14],36,82,107,46,82
1,<environment.Job instance at 0x7f392ec53550>,41,3,[ 4 13],42,107,110,65,105
1,<environment.Job instance at 0x7f3972b006e0>,44,27,[13  3],45,110,137,65,108
1,<environment.Job instance at 0x7f3972b13dc0>,55,19,[1 5],56,141,160,85,141
1,<environment.Job instance at 0x7f3972b13a50>,57,1,[10  2],58,152,153,94,152
1,<environment.Job instance at 0x7f3972b13af0>,59,1,[9 4],60,155,156,95,155
1,<environment.Job instance at 0x7f3972b13eb0>,60,18,[9 2],61,156,174,95,155
1,<environment.Job instance at 0x7f3972aeff00>,64,27,[6 1],65,171,198,106,171
1,<environment.Job instance at 0x7f3972aefc80>,67,12,[1 6],68,187,199,119,187
1,<environment.Job instance at 0x7f3972aefaf0>,68,3,[3 8],69,187,190,118,187
1,<environment.Job instance at 0x7f39793ee2d0>,1,24,[14  3],2,2,26,0,2
1,<environment.Job instance at 0x7f39725b5280>,3,24,[10  2],4,26,50,22,21
1,<environment.Job instance at 0x7f39727e5be0>,23,3,[ 4 10],24,55,58,31,55
1,<environment.Job instance at 0x7f392e821b40>,25,27,[4 5],26,55,82,29,55
1,<environment.Job instance at 0x7f392e821dc0>,26,1,[12  2],27,82,83,55,55
1,<environment.Job instance at 0x7f397289d140>,28,2,[1 9],29,58,60,29,55
1,<environment.Job instance at 0x7f397289d4b0>,31,2,[ 5 10],32,69,71,37,69
1,<environment.Job instance at 0x7f397289db90>,33,3,[6 2],34,71,74,37,71
1,<environment.Job instance at 0x7f397289d8c0>,34,1,[7 4],35,74,75,39,71
1,<environment.Job instance at 0x7f397289d5a0>,36,25,[7 3],37,83,108,46,79
1,<environment.Job instance at 0x7f397289dc30>,40,26,[6 4],41,89,115,48,89
1,<environment.Job instance at 0x7f392f0d8780>,47,21,[9 4],48,118,139,70,118
1,<environment.Job instance at 0x7f392f0d8e60>,48,21,[5 1],49,119,140,70,119
1,<environment.Job instance at 0x7f392f12bd20>,58,2,[5 7],59,141,143,82,141
1,<environment.Job instance at 0x7f392f12b5a0>,59,20,[5 9],60,143,163,83,141
1,<environment.Job instance at 0x7f39790715f0>,4,1,[13  5],5,5,6,0,5
1,<environment.Job instance at 0x7f3979071fa0>,6,1,[5 7],7,7,8,0,7
1,<environment.Job instance at 0x7f39796f9a50>,10,25,[5 3],11,11,36,0,11
1,<environment.Job instance at 0x7f39796f9eb0>,19,28,[3 9],20,27,55,7,27
1,<environment.Job instance at 0x7f3979088d70>,22,23,[3 7],23,55,78,32,49
1,<environment.Job instance at 0x7f3979088dc0>,26,3,[ 5 14],27,78,81,51,52
1,<environment.Job instance at 0x7f39790880a0>,33,1,[5 4],34,81,82,47,78
1,<environment.Job instance at 0x7f3979088eb0>,35,1,[1 8],36,81,82,45,78
1,<environment.Job instance at 0x7f39790ac9b0>,38,3,[ 4 10],39,93,96,54,93
1,<environment.Job instance at 0x7f39790acf00>,42,18,[2 5],43,117,135,74,117
1,<environment.Job instance at 0x7f39790ac460>,43,3,[5 3],44,117,120,73,117
1,<environment.Job instance at 0x7f39790ac230>,45,1,[6 1],46,122,123,76,122
1,<environment.Job instance at 0x7f39790ace10>,46,1,[ 5 10],47,123,124,76,122
1,<environment.Job instance at 0x7f39790aca00>,48,1,[1 9],49,122,123,73,122
1,<environment.Job instance at 0x7f39726dfbe0>,49,2,[13  4],50,124,126,74,123
1,<environment.Job instance at 0x7f39726dfc30>,50,2,[5 2],51,126,128,75,123
1,<environment.Job instance at 0x7f39726df6e0>,52,1,[2 9],53,128,129,75,123
1,<environment.Job instance at 0x7f39726df730>,53,20,[ 5 12],54,135,155,81,126
1,<environment.Job instance at 0x7f39726dfa50>,54,2,[ 5 11],55,155,157,100,128
1,<environment.Job instance at 0x7f39726df7d0>,56,1,[5 9],57,129,130,72,129
1,<environment.Job instance at 0x7f397974a8c0>,61,2,[ 5 11],62,157,159,95,152
1,<environment.Job instance at 0x7f397974afa0>,64,1,[6 1],65,160,161,95,160
1,<environment.Job instance at 0x7f397974a500>,67,3,[9 4],68,161,164,93,161
1,<environment.Job instance at 0x7f3972b901e0>,4,1,[4 6],5,5,6,0,5
1,<environment.Job instance at 0x7f3972b73c80>,11,1,[6 3],12,12,13,0,12
1,<environment.Job instance at 0x7f392ecd7280>,14,1,[4 8],15,15,16,0,15
1,<environment.Job instance at 0x7f3972b8b410>,16,27,[2 9],17,17,44,0,17
1,<environment.Job instance at 0x7f397250d3c0>,21,1,[10  1],22,31,32,9,31
1,<environment.Job instance at 0x7f392ecc1dc0>,22,22,[8 1],23,32,54,9,31
1,<environment.Job instance at 0x7f392ecc1280>,25,3,[ 1 13],26,49,52,23,49
1,<environment.Job instance at 0x7f392ecc15f0>,26,2,[14  2],27,54,56,27,49
1,<environment.Job instance at 0x7f392ece7b90>,29,2,[10  2],30,62,64,32,62
1,<environment.Job instance at 0x7f392ece7730>,30,2,[14  4],31,64,66,33,62
1,<environment.Job instance at 0x7f392ece7500>,31,27,[8 5],32,66,93,34,64
1,<environment.Job instance at 0x7f392ece7460>,32,2,[10  3],33,93,95,60,66
1,<environment.Job instance at 0x7f392ece7780>,33,1,[1 7],34,66,67,32,66
1,<environment.Job instance at 0x7f39796d0a00>,36,3,[8 2],37,95,98,58,86
1,<environment.Job instance at 0x7fdd30ff5910>,10,1,[7 3],11,30,31,19,30
1,<environment.Job instance at 0x7fdd30ff5f50>,20,1,[3 7],21,68,69,47,68
1,<environment.Job instance at 0x7fdd30ff5f00>,21,3,[ 2 10],22,69,72,47,68
1,<environment.Job instance at 0x7fdd30ff5dc0>,22,2,[12  3],23,69,71,46,69
1,<environment.Job instance at 0x7fdd30ff6230>,24,3,[5 9],25,83,86,58,83
1,<environment.Job instance at 0x7fdd30ff62d0>,25,3,[1 6],26,83,86,57,83
1,<environment.Job instance at 0x7fdd30ff6140>,26,22,[2 9],27,86,108,59,83
1,<environment.Job instance at 0x7fdd30ff6050>,27,2,[6 4],28,86,88,58,84
1,<environment.Job instance at 0x7fdd30ff65a0>,30,1,[5 5],31,88,89,57,85
1,<environment.Job instance at 0x7fdd30ff6500>,33,2,[5 3],34,103,105,69,103
1,<environment.Job instance at 0x7fdd30ff6a00>,36,2,[5 1],37,104,106,67,104
1,<environment.Job instance at 0x7fdd30ff6be0>,40,1,[1 8],41,130,131,89,130
1,<environment.Job instance at 0x7fdd30ff6dc0>,43,28,[6 4],44,144,172,100,144
1,<environment.Job instance at 0x7fdd30ffb280>,46,3,[5 4],47,161,164,114,161
1,<environment.Job instance at 0x7fdd30ffb410>,47,1,[2 6],48,161,162,113,161
1,<environment.Job instance at 0x7fdd30ffb550>,49,2,[1 9],50,173,175,123,173
1,<environment.Job instance at 0x7fdd30ffb640>,50,27,[9 1],51,173,200,122,173
1,<environment.Job instance at 0x7fdd30ffb3c0>,52,3,[ 3 11],53,186,189,133,186
1,<environment.Job instance at 0x7fdd30ffc3c0>,0,2,[10  3],1,2,4,1,2
1,<environment.Job instance at 0x7fdd30ffb6e0>,2,3,[10  1],3,4,7,1,4
1,<environment.Job instance at 0x7fdd36403a00>,7,2,[ 4 10],8,8,10,0,8
1,<environment.Job instance at 0x7fdd36576a50>,12,2,[2 5],13,13,15,0,13
1,<environment.Job instance at 0x7fdd365791e0>,14,2,[4 7],15,15,17,0,15
1,<environment.Job instance at 0x7fdd3642e500>,15,23,[3 7],16,16,39,0,16
1,<environment.Job instance at 0x7fdd3656ac80>,19,2,[10  4],20,20,22,0,20
1,<environment.Job instance at 0x7fdd3657d8c0>,22,27,[ 3 13],23,39,66,16,37
1,<environment.Job instance at 0x7fdd3657d280>,25,1,[3 6],26,37,38,11,37
1,<environment.Job instance at 0x7fdd3657d1e0>,28,20,[5 7],29,66,86,37,57
1,<environment.Job instance at 0x7fdd3657d5f0>,30,20,[5 7],31,66,86,35,57
1,<environment.Job instance at 0x7fdd36403b90>,5,19,[14  4],6,130,149,124,130
1,<environment.Job instance at 0x7fdd36403b90>,2,1,[10  1],3,5,6,2,5
1,<environment.Job instance at 0x7fdceb31a870>,6,22,[11  3],7,7,29,0,7
1,<environment.Job instance at 0x7fdceb3069b0>,15,25,[3 9],16,16,41,0,16
1,<environment.Job instance at 0x7fdceb306dc0>,19,23,[2 8],20,41,64,21,35
1,<environment.Job instance at 0x7fdceb306eb0>,21,1,[5 1],22,35,36,13,35
1,<environment.Job instance at 0x7fdceb306e60>,22,2,[8 2],23,36,38,13,35
1,<environment.Job instance at 0x7fdceb306640>,23,1,[3 9],24,64,65,40,36
1,<environment.Job instance at 0x7fdceb306320>,26,26,[9 1],27,38,64,11,36
1,<environment.Job instance at 0x7fdceb333d20>,36,23,[5 8],37,72,95,35,72
1,<environment.Job instance at 0x7fdceb333af0>,39,1,[10  3],40,75,76,35,75
1,<environment.Job instance at 0x7fdceb333f00>,41,2,[12  1],42,95,97,53,86
1,<environment.Job instance at 0x7fdceb333730>,43,27,[5 3],44,97,124,53,95
1,<environment.Job instance at 0x7fdceb2f2f00>,47,1,[1 6],48,101,102,53,101
1,<environment.Job instance at 0x7fdceb2f2f50>,48,22,[9 2],49,101,123,52,101
1,<environment.Job instance at 0x7fdceb2f2a00>,49,3,[ 4 12],50,123,126,73,119
1,<environment.Job instance at 0x7fdceb2f2af0>,55,17,[8 1],56,135,152,79,135
1,<environment.Job instance at 0x7fdceb2ee910>,56,16,[7 2],57,135,151,78,135
1,<environment.Job instance at 0x7fdceb2ee0f0>,58,28,[7 4],59,151,179,92,150
1,<environment.Job instance at 0x7fdceb2eebe0>,61,1,[8 3],62,152,153,90,150
1,<environment.Job instance at 0x7fdceb2ee320>,64,28,[9 1],65,179,207,114,178
1,<environment.Job instance at 0x7fdceb2ee140>,67,1,[7 2],68,207,208,139,179
1,<environment.Job instance at 0x7fdceb2e2af0>,76,3,[7 5],77,210,213,133,210
1,<environment.Job instance at 0x7fdceb2e2870>,77,3,[4 9],78,210,213,132,210
1,<environment.Job instance at 0x7fdceb753b90>,0,28,[7 3],1,1,29,0,1
1,<environment.Job instance at 0x7fdceb78a0a0>,16,2,[5 1],17,18,20,1,18
1,<environment.Job instance at 0x7fdceb78a690>,17,1,[1 7],18,19,20,1,19
1,<environment.Job instance at 0x7fdceb753780>,10,18,[8 5],11,29,47,18,29
1,<environment.Job instance at 0x7fdceb2f8370>,22,2,[14  5],23,47,49,24,32
1,<environment.Job instance at 0x7fdceb2f80f0>,23,21,[9 5],24,49,70,25,41
1,<environment.Job instance at 0x7fdceb2f8640>,26,22,[6 1],27,52,74,25,52
1,<environment.Job instance at 0x7fdceb2f8500>,28,21,[5 1],29,70,91,41,62
1,<environment.Job instance at 0x7fdceb2f81e0>,29,1,[8 5],30,74,75,44,62
1,<environment.Job instance at 0x7fdceb2f8140>,30,1,[9 5],31,75,76,44,62
1,<environment.Job instance at 0x7fdceb2f8af0>,34,1,[3 7],35,87,88,52,87
1,<environment.Job instance at 0x7fdceb7a94b0>,35,2,[7 1],36,87,89,51,87
1,<environment.Job instance at 0x7fdceb7a95f0>,38,1,[ 5 14],39,100,101,61,100
1,<environment.Job instance at 0x7fdceb7a9d20>,40,2,[10  1],41,101,103,60,101
1,<environment.Job instance at 0x7fdceb7a9dc0>,42,2,[9 4],43,103,105,60,102
1,<environment.Job instance at 0x7fdceb7a9550>,43,3,[14  5],44,105,108,61,102
1,<environment.Job instance at 0x7fdceb7a9aa0>,44,2,[1 7],45,102,104,57,102
1,<environment.Job instance at 0x7fdceb7a9a00>,45,1,[ 4 10],46,104,105,58,102
1,<environment.Job instance at 0x7fdceb2f8dc0>,21,19,[ 3 14],22,569,588,547,569
1,<environment.Job instance at 0x7fdceb3c2690>,52,1,[13  3],53,588,589,535,569
1,<environment.Job instance at 0x7fdceb28ce10>,55,1,[8 2],56,620,621,564,620
1,<environment.Job instance at 0x7fdceb28c140>,57,1,[4 8],58,658,659,600,658
1,<environment.Job instance at 0x7fdceb28caa0>,61,2,[3 8],62,676,678,614,676
1,<environment.Job instance at 0x7fdceb28c6e0>,62,27,[ 2 13],63,678,705,615,676
1,<environment.Job instance at 0x7fdceb28c4b0>,68,1,[12  5],69,707,708,638,707
1,<environment.Job instance at 0x7fdceb28c0a0>,69,1,[8 5],70,708,709,638,707
1,<environment.Job instance at 0x7fdd36291b90>,72,2,[7 1],73,721,723,648,721
1,<environment.Job instance at 0x7fdceb28cf00>,73,2,[3 5],74,721,723,647,721
1,<environment.Job instance at 0x7fdceb23d6e0>,75,2,[4 6],76,727,729,651,727
1,<environment.Job instance at 0x7fdceb23d4b0>,76,2,[6 5],77,727,729,650,727
1,<environment.Job instance at 0x7fdceb23d280>,78,3,[5 1],79,729,732,650,729
1,<environment.Job instance at 0x7fdceb6e0eb0>,12,2,[6 1],13,13,15,0,13
1,<environment.Job instance at 0x7fdceb6db2d0>,15,1,[5 7],16,26,27,10,26
1,<environment.Job instance at 0x7fdceb6db500>,22,20,[7 3],23,55,75,32,55
1,<environment.Job instance at 0x7fdceb6db5a0>,23,1,[2 8],24,55,56,31,55
1,<environment.Job instance at 0x7fdceb6db8c0>,26,20,[6 2],27,55,75,28,55
1,<environment.Job instance at 0x7fdceb6dbaf0>,29,1,[4 6],30,75,76,45,70
1,<environment.Job instance at 0x7fdceb6dbd20>,30,1,[2 5],31,70,71,39,70
1,<environment.Job instance at 0x7fdceb6dbfa0>,33,1,[2 8],34,79,80,45,79
1,<environment.Job instance at 0x7fdceb6ea050>,35,16,[2 6],36,90,106,54,90
1,<environment.Job instance at 0x7fdceb6ea320>,39,22,[1 6],40,147,169,107,147
1,<environment.Job instance at 0x7fdceb6ea3c0>,40,1,[5 1],41,147,148,106,147
1,<environment.Job instance at 0x7fdceb6ea690>,41,25,[10  4],42,148,173,106,147
1,<environment.Job instance at 0x7fdceb6ea500>,44,22,[1 9],45,169,191,124,162
1,<environment.Job instance at 0x7fdceb6eaf50>,53,24,[3 6],54,179,203,125,179
1,<environment.Job instance at 0x7fdceb6ead70>,54,2,[4 8],55,191,193,136,180
1,<environment.Job instance at 0x7fdceb6f7460>,55,20,[3 8],56,193,213,137,184
1,<environment.Job instance at 0x7fdceb6f7690>,57,27,[9 5],58,203,230,145,201
1,<environment.Job instance at 0x7fdceb6f79b0>,63,2,[ 3 14],64,230,232,166,223
1,<environment.Job instance at 0x7fdceb6f7c30>,66,21,[6 1],67,226,247,159,226
1,<environment.Job instance at 0x7fdceb6f7640>,69,1,[10  5],70,247,248,177,228
1,<environment.Job instance at 0x7fdceb6f7dc0>,71,2,[7 4],72,232,234,160,228
1,<environment.Job instance at 0x7fdceb6f92d0>,73,18,[8 1],74,248,266,174,240
1,<environment.Job instance at 0x7fdceb6f90f0>,74,3,[ 3 12],75,256,259,181,256
1,<environment.Job instance at 0x7fdceb6f9410>,75,27,[5 5],76,259,286,183,257
1,<environment.Job instance at 0x7fdceb6f94b0>,76,22,[2 8],77,259,281,182,257
1,<environment.Job instance at 0x7fdceb6f9550>,3,27,[7 5],4,4,31,0,4
1,<environment.Job instance at 0x7fdd35d4f2d0>,10,2,[9 4],11,31,33,20,11
1,<environment.Job instance at 0x7fdd35d4f550>,14,3,[2 5],15,19,22,4,19
1,<environment.Job instance at 0x7fdd35d4f9b0>,15,25,[3 7],16,22,47,6,19
1,<environment.Job instance at 0x7fdd35d4fd70>,19,3,[9 3],20,33,36,13,32
1,<environment.Job instance at 0x7fdd35d4faf0>,20,1,[ 4 12],21,47,48,26,32
1,<environment.Job instance at 0x7fdd35d4f6e0>,23,1,[5 2],24,46,47,22,46
1,<environment.Job instance at 0x7fdd35d54870>,28,21,[9 5],29,70,91,41,70
1,<environment.Job instance at 0x7fdd35d54b40>,29,3,[12  1],30,91,94,61,84
1,<environment.Job instance at 0x7fdd35d54550>,31,1,[5 5],32,84,85,52,84
1,<environment.Job instance at 0x7fdd35d544b0>,33,2,[ 4 10],34,85,87,51,84
1,<environment.Job instance at 0x7fdd35d54140>,34,2,[5 3],35,87,89,52,84
1,<environment.Job instance at 0x7fdd35d54820>,38,3,[ 2 10],39,96,99,57,96
1,<environment.Job instance at 0x7fdceb6f9460>,2,17,[4 6],3,99,116,96,99
1,<environment.Job instance at 0x7fdd35de0140>,40,3,[9 1],41,99,102,58,99
1,<environment.Job instance at 0x7fdd35de0be0>,41,2,[5 6],42,102,104,60,99
1,<environment.Job instance at 0x7fdd35de0cd0>,42,2,[3 5],43,104,106,61,99
1,<environment.Job instance at 0x7fdd35de0370>,43,17,[1 8],44,109,126,65,109
1,<environment.Job instance at 0x7fdd35de0aa0>,45,24,[3 9],46,126,150,80,121
1,<environment.Job instance at 0x7fdd35de0b40>,47,3,[10  3],48,121,124,73,121
1,<environment.Job instance at 0x7fdd35de0280>,50,1,[2 9],51,150,151,99,124
1,<environment.Job instance at 0x7fdceb731d20>,51,3,[9 3],52,124,127,72,124
1,<environment.Job instance at 0x7fdceb731aa0>,55,1,[12  4],56,148,149,92,148
1,<environment.Job instance at 0x7fdceb731190>,56,2,[9 2],57,149,151,92,148
1,<environment.Job instance at 0x7fdceb731280>,57,2,[5 2],58,151,153,93,148
1,<environment.Job instance at 0x7fdceb731320>,58,2,[6 5],59,151,153,92,148
1,<environment.Job instance at 0x7fdceb394c30>,1,24,[4 8],2,2,26,0,2
1,<environment.Job instance at 0x7fdceb4b4fa0>,11,1,[11  1],12,19,20,7,19
1,<environment.Job instance at 0x7fdceb5c2d70>,20,19,[2 7],21,33,52,12,33
1,<environment.Job instance at 0x7fdd31106460>,21,24,[1 9],22,52,76,30,47
1,<environment.Job instance at 0x7fdceb4b0c80>,24,1,[2 5],25,47,48,22,47
1,<environment.Job instance at 0x7fdd313b47d0>,25,2,[9 3],26,47,49,21,47
1,<environment.Job instance at 0x7fdd35a17050>,27,23,[10  4],28,49,72,21,48
1,<environment.Job instance at 0x7fdd30fd5c30>,33,3,[ 5 13],34,76,79,42,69
1,<environment.Job instance at 0x7fdd30f519b0>,37,1,[11  4],38,90,91,52,90
1,<environment.Job instance at 0x7fdd30f51370>,38,1,[5 3],39,91,92,52,90
1,<environment.Job instance at 0x7fdd310de9b0>,19,18,[5 8],20,92,110,72,92
1,<environment.Job instance at 0x7fdd30f51cd0>,43,1,[8 5],44,101,102,57,101
1,<environment.Job instance at 0x7fdd30f514b0>,40,18,[4 6],41,107,125,66,107
1,<environment.Job instance at 0x7fdd30f51550>,45,24,[10  2],46,110,134,64,107
1,<environment.Job instance at 0x7fdd31124910>,48,19,[1 6],49,116,135,67,116
1,<environment.Job instance at 0x7fdd311244b0>,49,27,[14  1],50,134,161,84,132
1,<environment.Job instance at 0x7fdd31124cd0>,53,20,[5 7],54,161,181,107,152
1,<environment.Job instance at 0x7fdd31124eb0>,52,2,[11  4],53,181,183,128,158
1,<environment.Job instance at 0x7fdd35dd2b40>,56,27,[4 5],57,161,188,104,159
1,<environment.Job instance at 0x7fdd31443320>,62,3,[11  3],63,183,186,120,177
1,<environment.Job instance at 0x7fdd311aae60>,63,18,[6 1],64,186,204,122,179
1,<environment.Job instance at 0x7fdd311aaf50>,65,1,[8 1],66,188,189,122,179
1,<environment.Job instance at 0x7fdd311aa870>,67,2,[2 6],68,190,192,122,190
1,<environment.Job instance at 0x7fdd31162460>,68,2,[5 5],69,190,192,121,190
1,<environment.Job instance at 0x7fdd35dfd5a0>,69,1,[5 7],70,192,193,122,190
1,<environment.Job instance at 0x7fdd30d76d70>,72,3,[4 9],73,199,202,126,199
1,<environment.Job instance at 0x7fdd35a65c30>,74,2,[10  3],75,204,206,129,203
1,<environment.Job instance at 0x7fdceb4baf50>,10,1,[5 1],11,11,12,0,11
1,<environment.Job instance at 0x7fdceb4ef690>,17,3,[12  4],18,26,29,8,26
1,<environment.Job instance at 0x7fdceb4efbe0>,19,28,[1 8],20,34,62,14,34
1,<environment.Job instance at 0x7fdceb4efcd0>,22,3,[1 9],23,62,65,39,45
1,<environment.Job instance at 0x7fdceb4ef280>,24,1,[7 3],25,45,46,20,45
1,<environment.Job instance at 0x7fdceb4c14b0>,29,3,[4 9],30,75,78,45,75
1,<environment.Job instance at 0x7fdceb4c1550>,33,3,[1 8],34,92,95,58,92
1,<environment.Job instance at 0x7fdceb4c1910>,34,3,[5 2],35,92,95,57,92
1,<environment.Job instance at 0x7fdceb4c19b0>,35,24,[8 3],36,92,116,56,92
1,<environment.Job instance at 0x7fdceb4c1af0>,40,18,[8 1],41,116,134,75,109
1,<environment.Job instance at 0x7fdceb4c1e10>,41,3,[5 9],42,111,114,69,111
1,<environment.Job instance at 0x7fdceb4c1f50>,43,3,[5 5],44,114,117,70,113
1,<environment.Job instance at 0x7fdceb4ec690>,49,2,[ 4 10],50,143,145,93,143
1,<environment.Job instance at 0x7fdceb4ec730>,50,1,[9 5],51,143,144,92,143
1,<environment.Job instance at 0x7fdceb4ec9b0>,54,24,[4 5],55,177,201,122,177
1,<environment.Job instance at 0x7fdceb4ecbe0>,59,3,[5 9],60,189,192,129,189
1,<environment.Job instance at 0x7fdceb4ec3c0>,60,2,[6 4],61,192,194,131,191
1,<environment.Job instance at 0x7fdceb4ecd20>,61,2,[3 5],62,192,194,130,191
1,<environment.Job instance at 0x7fdceb4f0230>,65,2,[2 9],66,205,207,139,205
1,<environment.Job instance at 0x7fdceb4f0280>,67,1,[3 6],68,217,218,149,217
1,<environment.Job instance at 0x7fdceb4f0550>,70,3,[10  4],71,219,222,148,219
1,<environment.Job instance at 0x7fdceb4f07d0>,74,3,[7 4],75,242,245,167,242
1,<environment.Job instance at 0x7fdceb4f0b40>,77,1,[10  3],78,245,246,167,243
1,<environment.Job instance at 0x7fdd312c46e0>,8,2,[4 5],9,9,11,0,9
1,<environment.Job instance at 0x7fdd30f13730>,9,23,[6 5],10,10,33,0,10
1,<environment.Job instance at 0x7fdceb2a2640>,12,1,[4 6],13,13,14,0,13
1,<environment.Job instance at 0x7fdd35dcd910>,13,1,[4 9],14,14,15,0,14
1,<environment.Job instance at 0x7fdd35f7a4b0>,15,3,[9 2],16,16,19,0,16
1,<environment.Job instance at 0x7fdd311aaaf0>,16,2,[8 4],17,19,21,2,17
1,<environment.Job instance at 0x7fdd35f7a730>,17,3,[10  4],18,33,36,15,18
1,<environment.Job instance at 0x7fdd30e89c30>,19,21,[1 9],20,21,42,1,20
1,<environment.Job instance at 0x7fdd30e4a3c0>,20,27,[6 4],21,36,63,15,34
1,<environment.Job instance at 0x7fdd30f34a00>,21,1,[11  4],22,63,64,41,35
1,<environment.Job instance at 0x7fdceb219910>,25,3,[10  4],26,64,67,38,38
1,<environment.Job instance at 0x7fdd313ddfa0>,27,2,[ 2 10],28,42,44,14,38
1,<environment.Job instance at 0x7fdd313ddb40>,28,22,[7 5],29,67,89,38,60
1,<environment.Job instance at 0x7fdd358a57d0>,32,24,[1 6],33,60,84,27,60
1,<environment.Job instance at 0x7fdd35b5f550>,39,2,[9 1],40,91,93,51,91
1,<environment.Job instance at 0x7fdceb720960>,42,3,[1 9],43,105,108,62,105
1,<environment.Job instance at 0x7fdceb720f00>,44,3,[ 2 12],45,108,111,63,105
1,<environment.Job instance at 0x7fdceb720730>,45,2,[3 5],46,105,107,59,105
1,<environment.Job instance at 0x7fdceb8cba50>,50,1,[9 4],51,123,124,72,123
1,<environment.Job instance at 0x7fdd35ecbb90>,51,2,[ 3 14],52,124,126,72,123
1,<environment.Job instance at 0x7fdd35ecb5a0>,53,3,[10  3],54,126,129,72,124
1,<environment.Job instance at 0x7fdceb8bca00>,55,1,[8 4],56,129,130,73,125
1,<environment.Job instance at 0x7fdd3595cd20>,57,27,[9 3],58,130,157,72,128
1,<environment.Job instance at 0x7fdd3595caa0>,60,2,[2 7],61,144,146,83,144
1,<environment.Job instance at 0x7fdd3595c050>,62,1,[6 3],63,158,159,95,158
1,<environment.Job instance at 0x7fdd35e8c690>,68,24,[4 7],69,177,201,108,177
1,<environment.Job instance at 0x7fdd35e8cd20>,71,3,[5 2],72,183,186,111,183
1,<environment.Job instance at 0x7fdd35e8c2d0>,73,3,[4 7],74,199,202,125,199
1,<environment.Job instance at 0x7fdd35e8cbe0>,76,2,[3 6],77,215,217,138,215
1,<environment.Job instance at 0x7fdd35e8c3c0>,78,2,[5 8],79,217,219,138,217
1,<environment.Job instance at 0x7fdd313aee10>,0,20,[4 6],1,1,21,0,1
1,<environment.Job instance at 0x7fdd313df6e0>,7,1,[10  5],8,9,10,1,9
1,<environment.Job instance at 0x7fdceb630370>,8,2,[13  3],9,21,23,12,12
1,<environment.Job instance at 0x7fdceb630fa0>,9,1,[5 1],10,13,14,3,13
1,<environment.Job instance at 0x7fdd310ac820>,15,2,[6 3],16,17,19,1,17
1,<environment.Job instance at 0x7fdceb51fa00>,18,20,[3 8],19,23,43,4,19
1,<environment.Job instance at 0x7fdd3113a0f0>,20,24,[10  4],21,23,47,2,21
1,<environment.Job instance at 0x7fdceb673910>,21,21,[4 7],22,43,64,21,35
1,<environment.Job instance at 0x7fdceb88a690>,24,1,[ 2 11],25,64,65,39,44
1,<environment.Job instance at 0x7fdd3142dfa0>,33,3,[8 4],34,72,75,38,72
1,<environment.Job instance at 0x7fdd31150460>,39,1,[ 5 14],40,109,110,69,109
1,<environment.Job instance at 0x7fdd31150050>,40,2,[5 1],41,109,111,68,109
1,<environment.Job instance at 0x7fdd3135f280>,47,2,[7 4],48,143,145,95,143
1,<environment.Job instance at 0x7fdd35a46960>,52,3,[4 8],53,175,178,122,175
1,<environment.Job instance at 0x7fdd358f45f0>,54,2,[1 6],55,175,177,120,175
1,<environment.Job instance at 0x7fdd358f4b40>,56,1,[5 1],57,189,190,132,189
1,<environment.Job instance at 0x7fdd30ec2e10>,57,27,[ 2 11],58,189,216,131,189
1,<environment.Job instance at 0x7fdd30ec29b0>,59,3,[11  2],60,213,216,153,213
1,<environment.Job instance at 0x7fdceb5b5960>,62,1,[12  5],63,216,217,153,213
1,<environment.Job instance at 0x7fdd35f3af00>,67,3,[7 5],68,224,227,156,224
1,<environment.Job instance at 0x7fdd35d87d70>,77,2,[7 2],78,256,258,178,256
1,<environment.Job instance at 0x7fdd3129f730>,7,2,[ 3 10],8,8,10,0,8
1,<environment.Job instance at 0x7fdd3129faf0>,10,19,[4 5],11,11,30,0,11
1,<environment.Job instance at 0x7fdd3129fb90>,15,1,[5 8],16,26,27,10,26
1,<environment.Job instance at 0x7fdd3129ff00>,17,2,[9 3],18,39,41,21,39
1,<environment.Job instance at 0x7fdd3128e050>,19,1,[5 4],20,42,43,22,42
1,<environment.Job instance at 0x7fdd3128e320>,20,23,[9 4],21,42,65,21,42
1,<environment.Job instance at 0x7fdd3128e190>,21,21,[8 2],22,65,86,43,57
1,<environment.Job instance at 0x7fdd3128e280>,22,21,[5 7],23,57,78,34,57
1,<environment.Job instance at 0x7fdd3128e730>,28,28,[10  4],29,86,114,57,85
1,<environment.Job instance at 0x7fdd3128ea50>,31,1,[7 3],32,85,86,53,85
1,<environment.Job instance at 0x7fdd312820f0>,39,1,[2 5],40,109,110,69,109
1,<environment.Job instance at 0x7fdd31282230>,40,26,[4 9],41,110,136,69,109
1,<environment.Job instance at 0x7fdd312827d0>,47,23,[5 3],48,141,164,93,141
1,<environment.Job instance at 0x7fdd31282b90>,53,24,[ 5 11],54,195,219,141,195
1,<environment.Job instance at 0x7fdceb553eb0>,6,25,[6 3],7,7,32,0,7
1,<environment.Job instance at 0x7fdceb290410>,10,2,[5 4],11,11,13,0,11
1,<environment.Job instance at 0x7fdceb294d70>,8,2,[2 8],9,11,13,2,11
1,<environment.Job instance at 0x7fdd313b4b90>,14,1,[14  5],15,32,33,17,17
1,<environment.Job instance at 0x7fdd313b47d0>,13,2,[14  3],14,33,35,19,19
1,<environment.Job instance at 0x7fdd313b41e0>,19,1,[1 8],20,20,21,0,20
1,<environment.Job instance at 0x7fdd313b4820>,20,1,[8 1],21,21,22,0,21
1,<environment.Job instance at 0x7fdd313b4e60>,22,2,[3 6],23,23,25,0,23
1,<environment.Job instance at 0x7fdd313b4690>,23,1,[12  4],24,35,36,11,24
1,<environment.Job instance at 0x7fdd30db5f00>,27,20,[1 8],28,28,48,0,28
1,<environment.Job instance at 0x7fdd30db5870>,30,2,[ 2 12],31,48,50,17,36
1,<environment.Job instance at 0x7fdd35d7c9b0>,31,21,[4 9],32,50,71,18,42
1,<environment.Job instance at 0x7fdd35d7cd20>,35,23,[8 4],36,50,73,14,44
1,<environment.Job instance at 0x7fdceb86f7d0>,37,20,[5 7],38,71,91,33,62
1,<environment.Job instance at 0x7fdceb86ffa0>,41,3,[2 6],42,73,76,31,70
1,<environment.Job instance at 0x7fdceb86f5a0>,43,3,[8 3],44,76,79,32,71
1,<environment.Job instance at 0x7fdceb86f730>,46,1,[7 4],47,86,87,39,86
1,<environment.Job instance at 0x7fdceb4703c0>,48,3,[2 7],49,88,91,39,88
1,<environment.Job instance at 0x7fdceb4704b0>,51,20,[ 5 13],52,102,122,50,102
1,<environment.Job instance at 0x7fdd35b27780>,60,24,[7 2],61,116,140,55,116
1,<environment.Job instance at 0x7fdd35b27910>,63,3,[10  3],64,140,143,76,133
1,<environment.Job instance at 0x7fdceb77e230>,66,19,[2 9],67,148,167,81,148
1,<environment.Job instance at 0x7fdceb77e870>,68,20,[ 1 10],69,167,187,98,158
1,<environment.Job instance at 0x7fdd311f8960>,75,1,[ 2 10],76,187,188,111,171
1,<environment.Job instance at 0x7fdd3585dd70>,78,2,[ 1 13],79,188,190,109,186
1,<environment.Job instance at 0x7fdd35a98780>,0,28,[ 2 14],1,1,29,0,1
1,<environment.Job instance at 0x7fdd35a98c80>,1,28,[5 1],2,2,30,0,2
1,<environment.Job instance at 0x7fdd30f3c7d0>,13,23,[7 4],14,29,52,15,23
1,<environment.Job instance at 0x7fdd310c5b40>,20,2,[5 5],21,32,34,11,32
1,<environment.Job instance at 0x7fdd310c5780>,23,3,[13  5],24,52,55,28,45
1,<environment.Job instance at 0x7fdd310c5730>,24,3,[4 5],25,45,48,20,45
1,<environment.Job instance at 0x7fdd310c5aa0>,26,27,[5 2],27,55,82,28,53
1,<environment.Job instance at 0x7fdd35f592d0>,28,13,[1 5],29,58,71,29,58
1,<environment.Job instance at 0x7fdd35f59050>,29,18,[ 2 10],30,71,89,41,61
1,<environment.Job instance at 0x7fdd35f59460>,30,22,[2 5],31,82,104,51,75
1,<environment.Job instance at 0x7fdd35f59190>,31,1,[8 4],32,89,90,57,75
1,<environment.Job instance at 0x7fdd35f59c80>,32,1,[2 5],33,89,90,56,75
1,<environment.Job instance at 0x7fdd35f59d70>,33,2,[ 4 10],34,90,92,56,75
1,<environment.Job instance at 0x7fdd35f591e0>,34,18,[10  2],35,92,110,57,90
1,<environment.Job instance at 0x7fdd35f595a0>,40,1,[ 2 10],41,104,105,63,90
1,<environment.Job instance at 0x7fdd35f597d0>,41,2,[1 5],42,92,94,50,90
1,<environment.Job instance at 0x7fdceb5068c0>,42,1,[9 5],43,110,111,67,90
1,<environment.Job instance at 0x7fdceb5066e0>,44,28,[4 5],45,105,133,60,104
1,<environment.Job instance at 0x7fdceb506320>,45,3,[9 2],46,111,114,65,104
1,<environment.Job instance at 0x7fdceb506050>,47,2,[ 5 13],48,133,135,85,106
1,<environment.Job instance at 0x7fdceb5b5370>,49,1,[4 5],50,114,115,64,109
1,<environment.Job instance at 0x7fdceb5b5f00>,51,25,[10  1],52,116,141,64,116
1,<environment.Job instance at 0x7fdceb3cbb90>,59,15,[6 2],60,141,156,81,140
1,<environment.Job instance at 0x7fdceb3cb2d0>,61,15,[5 4],62,143,158,81,143
1,<environment.Job instance at 0x7fdceb3cb500>,62,2,[1 7],63,143,145,80,143
1,<environment.Job instance at 0x7fdd30e08870>,65,21,[9 3],66,158,179,92,158
1,<environment.Job instance at 0x7fdd30e08e10>,67,25,[9 4],68,179,204,111,175
1,<environment.Job instance at 0x7fdd30df9e60>,75,2,[4 8],76,192,194,116,192
1,<environment.Job instance at 0x7fdd30df9500>,76,18,[8 1],77,204,222,127,194
1,<environment.Job instance at 0x7fdd30df95f0>,77,2,[1 8],78,194,196,116,194
1,<environment.Job instance at 0x7fdd30df9550>,78,2,[10  5],79,222,224,143,195
1,<environment.Job instance at 0x7fdd30df90a0>,3,1,[8 5],4,5,6,1,5
1,<environment.Job instance at 0x7fdceb63f410>,0,3,[2 8],1,10,13,9,10
1,<environment.Job instance at 0x7fdceb6957d0>,13,24,[5 3],14,14,38,0,14
1,<environment.Job instance at 0x7fdceb691c30>,15,1,[5 9],16,27,28,11,27
1,<environment.Job instance at 0x7fdceb695eb0>,17,2,[11  4],18,38,40,20,27
1,<environment.Job instance at 0x7fdceb67f8c0>,20,3,[8 3],21,40,43,19,39
1,<environment.Job instance at 0x7fdceb687370>,21,28,[9 4],22,43,71,21,42
1,<environment.Job instance at 0x7fdceb687320>,22,2,[3 6],23,42,44,19,42
1,<environment.Job instance at 0x7fdceb6aaf50>,26,1,[6 3],27,55,56,28,55
1,<environment.Job instance at 0x7fdceb13fe60>,29,18,[7 5],30,71,89,41,61
1,<environment.Job instance at 0x7fdceb40a4b0>,33,3,[8 2],34,75,78,41,75
1,<environment.Job instance at 0x7fdceb6aad20>,28,19,[ 3 11],29,89,108,60,80
1,<environment.Job instance at 0x7fdd30f2f5a0>,36,21,[5 5],37,108,129,71,100
1,<environment.Job instance at 0x7fdceb140230>,41,1,[4 5],42,108,109,66,103
1,<environment.Job instance at 0x7fdd310c6820>,45,3,[10  4],46,114,117,68,114
1,<environment.Job instance at 0x7fdd3150dd70>,46,1,[ 4 10],47,117,118,70,114
1,<environment.Job instance at 0x7fdd30f543c0>,49,2,[5 8],50,136,138,86,136
1,<environment.Job instance at 0x7fdd31348500>,54,22,[4 9],55,161,183,106,161
1,<environment.Job instance at 0x7fdd313484b0>,55,1,[1 9],56,183,184,127,161
1,<environment.Job instance at 0x7fdd358727d0>,56,21,[5 5],57,161,182,104,161
1,<environment.Job instance at 0x7fdd31352be0>,63,2,[13  2],64,183,185,119,178
1,<environment.Job instance at 0x7fdd31352960>,65,25,[1 6],66,192,217,126,192
1,<environment.Job instance at 0x7fdd313524b0>,66,1,[5 5],67,192,193,125,192
1,<environment.Job instance at 0x7fdd31352dc0>,68,3,[ 1 10],69,217,220,148,207
1,<environment.Job instance at 0x7fdd31352f50>,69,3,[9 3],70,207,210,137,207
1,<environment.Job instance at 0x7fdd31352d70>,70,27,[11  2],71,210,237,139,208
1,<environment.Job instance at 0x7fdd31352410>,75,24,[8 3],76,237,261,161,232
1,<environment.Job instance at 0x7fdd313528c0>,72,20,[ 5 10],73,237,257,164,232
1,<environment.Job instance at 0x7fdceb504690>,7,24,[5 9],8,8,32,0,8
1,<environment.Job instance at 0x7fdceb504370>,11,28,[3 6],12,12,40,0,12
1,<environment.Job instance at 0x7fdceb194230>,18,2,[4 6],19,32,34,13,31
1,<environment.Job instance at 0x7fdceb194410>,19,26,[2 6],20,34,60,14,31
1,<environment.Job instance at 0x7fdceb1942d0>,20,20,[9 3],21,34,54,13,31
1,<environment.Job instance at 0x7fdd313deb90>,27,1,[ 1 13],28,60,61,32,59
1,<environment.Job instance at 0x7fdd313de5a0>,28,26,[8 2],29,59,85,30,59
1,<environment.Job instance at 0x7fdceb764a00>,31,1,[5 4],32,63,64,31,63
1,<environment.Job instance at 0x7fdceb158960>,35,25,[ 3 14],36,85,110,49,81
1,<environment.Job instance at 0x7fdd35c235f0>,38,3,[10  2],39,110,113,71,96
1,<environment.Job instance at 0x7fdd35c23500>,40,2,[4 6],41,110,112,69,105
1,<environment.Job instance at 0x7fdd35c23230>,41,3,[ 4 13],42,112,115,70,105
1,<environment.Job instance at 0x7fdd35c23550>,42,18,[7 4],43,115,133,72,115
1,<environment.Job instance at 0x7fdd35c23050>,44,27,[13  3],45,133,160,88,131
1,<environment.Job instance at 0x7fdd311dfd70>,55,19,[1 5],56,150,169,94,150
1,<environment.Job instance at 0x7fdceb9597d0>,57,1,[10  2],58,160,161,102,153
1,<environment.Job instance at 0x7fdceb9591e0>,59,1,[9 4],60,164,165,104,164
1,<environment.Job instance at 0x7fdceb959c30>,60,18,[9 2],61,165,183,104,164
1,<environment.Job instance at 0x7fdceb1541e0>,63,3,[3 9],64,180,183,116,180
1,<environment.Job instance at 0x7fdceb154640>,64,27,[6 1],65,183,210,118,181
1,<environment.Job instance at 0x7fdceb154dc0>,62,17,[9 4],63,183,200,120,183
1,<environment.Job instance at 0x7fdd31447e60>,68,3,[3 8],69,200,203,131,192
1,<environment.Job instance at 0x7fdd35d4f960>,71,24,[14  3],72,210,234,138,206
1,<environment.Job instance at 0x7fdd31214e60>,73,24,[10  2],74,234,258,160,229
1,<environment.Job instance at 0x7fdceafdbb40>,13,3,[ 4 10],14,19,22,5,19
1,<environment.Job instance at 0x7fdceb0f2500>,15,27,[4 5],16,19,46,3,19
1,<environment.Job instance at 0x7fdceb0f2730>,16,1,[12  2],17,46,47,29,20
1,<environment.Job instance at 0x7fdd30d69780>,26,25,[7 3],27,47,72,20,43
1,<environment.Job instance at 0x7fdd30d69320>,30,26,[6 4],31,57,83,26,57
1,<environment.Job instance at 0x7fdceafd34b0>,37,21,[9 4],38,85,106,47,85
1,<environment.Job instance at 0x7fdceafd3280>,38,21,[5 1],39,85,106,46,85
1,<environment.Job instance at 0x7fdceafd6820>,47,3,[ 1 10],48,114,117,66,114
1,<environment.Job instance at 0x7fdceafd6f00>,48,2,[5 7],49,117,119,68,114
1,<environment.Job instance at 0x7fdceafd69b0>,49,20,[5 9],50,119,139,69,114
1,<environment.Job instance at 0x7fdceafd6c80>,54,2,[10  4],55,135,137,80,135
1,<environment.Job instance at 0x7fdceafd6b40>,55,3,[1 9],56,139,142,83,135
1,<environment.Job instance at 0x7fdceb628140>,56,2,[5 2],57,137,139,80,135
1,<environment.Job instance at 0x7fdceb628d70>,57,3,[1 6],58,139,142,81,135
1,<environment.Job instance at 0x7fdceb628eb0>,60,2,[6 1],61,144,146,83,144
1,<environment.Job instance at 0x7fdceb628b90>,61,3,[7 4],62,144,147,82,144
1,<environment.Job instance at 0x7fdceafc2af0>,64,1,[13  5],65,161,162,96,161
1,<environment.Job instance at 0x7fdceafc2aa0>,66,1,[5 7],67,162,163,95,162
1,<environment.Job instance at 0x7fdceafc22d0>,70,25,[5 3],71,179,204,108,179
1,<environment.Job instance at 0x7fdceafc2dc0>,72,2,[3 7],73,179,181,106,179
1,<environment.Job instance at 0x7fdceafdd820>,75,2,[8 1],76,193,195,117,193
1,<environment.Job instance at 0x7fdceafddb40>,77,1,[ 4 10],78,205,206,127,205
1,<environment.Job instance at 0x7fdceafd6be0>,2,23,[3 7],3,3,26,0,3
1,<environment.Job instance at 0x7fdd35a00140>,13,1,[5 4],14,17,18,3,17
1,<environment.Job instance at 0x7fdd35a00fa0>,15,1,[1 8],16,18,19,2,17
1,<environment.Job instance at 0x7fdd35a07dc0>,6,3,[ 5 14],7,26,29,19,18
1,<environment.Job instance at 0x7fdceb7d1910>,23,3,[5 3],24,40,43,16,40
1,<environment.Job instance at 0x7fdd358bcd70>,25,1,[6 1],26,49,50,23,49
1,<environment.Job instance at 0x7fdd359fff00>,26,1,[ 5 10],27,49,50,22,49
1,<environment.Job instance at 0x7fdd359ff820>,28,1,[1 9],29,63,64,34,63
1,<environment.Job instance at 0x7fdd358a7370>,29,2,[13  4],30,64,66,34,64
1,<environment.Job instance at 0x7fdceb5c24b0>,32,1,[2 9],33,66,67,33,66
1,<environment.Job instance at 0x7fdceb5c2e10>,33,20,[ 5 12],34,67,87,33,66
1,<environment.Job instance at 0x7fdceb5c2410>,34,2,[ 5 11],35,87,89,52,77
1,<environment.Job instance at 0x7fdceb5f28c0>,36,1,[5 9],37,89,90,52,79
1,<environment.Job instance at 0x7fdceb7da820>,41,2,[ 5 11],42,90,92,48,88
1,<environment.Job instance at 0x7fdceb7da730>,42,2,[5 3],43,88,90,45,88
1,<environment.Job instance at 0x7fdceb774910>,44,1,[6 1],45,97,98,52,97
1,<environment.Job instance at 0x7fdceb7dd8c0>,47,3,[9 4],48,102,105,54,102
1,<environment.Job instance at 0x7fdceb7dc780>,50,2,[8 2],51,113,115,62,113
1,<environment.Job instance at 0x7fdceb75bb90>,53,3,[2 7],54,120,123,66,120
1,<environment.Job instance at 0x7fdceb75b6e0>,54,1,[4 6],55,120,121,65,120
1,<environment.Job instance at 0x7fdceb75b0a0>,55,3,[10  5],56,121,124,65,121
1,<environment.Job instance at 0x7fdceb75b9b0>,59,3,[6 2],60,156,159,96,156
1,<environment.Job instance at 0x7fdceb75b4b0>,61,1,[6 3],62,158,159,96,158
1,<environment.Job instance at 0x7fdd30e05140>,63,3,[10  4],64,159,162,95,159
1,<environment.Job instance at 0x7fdceb75b820>,64,1,[4 8],65,159,160,94,159
1,<environment.Job instance at 0x7fdceb74c730>,66,27,[2 9],67,160,187,93,160
1,<environment.Job instance at 0x7fdceb74c460>,72,22,[8 1],73,192,214,119,192
1,<environment.Job instance at 0x7fdd35a2be60>,1,27,[8 5],2,2,29,0,2
1,<environment.Job instance at 0x7fdceb4bbcd0>,0,2,[14  4],1,29,31,28,17
1,<environment.Job instance at 0x7fdd35ba1870>,13,26,[7 1],14,31,57,17,28
1,<environment.Job instance at 0x7fdd35dd1dc0>,16,1,[7 3],17,32,33,15,32
1,<environment.Job instance at 0x7fdd30f92dc0>,19,1,[7 1],20,45,46,25,45
1,<environment.Job instance at 0x7fdd3124edc0>,20,3,[5 1],21,46,49,25,45
1,<environment.Job instance at 0x7fdd3124e0f0>,21,2,[3 8],22,46,48,24,45
1,<environment.Job instance at 0x7fdd35f7c190>,25,3,[6 4],26,72,75,46,72
1,<environment.Job instance at 0x7fdd35f7ccd0>,27,3,[1 8],28,72,75,44,72
1,<environment.Job instance at 0x7fdd35f7c5a0>,28,3,[3 6],29,75,78,46,73
1,<environment.Job instance at 0x7fdceb0d2d70>,31,3,[10  1],32,84,87,52,84
1,<environment.Job instance at 0x7fdceb0d2320>,32,18,[1 9],33,98,116,65,98
1,<environment.Job instance at 0x7fdceb2fa780>,39,25,[3 6],40,103,128,63,103
1,<environment.Job instance at 0x7fdceb2fa640>,42,3,[2 8],43,135,138,92,135
1,<environment.Job instance at 0x7fdd35d4faa0>,0,20,[ 4 10],1,1,21,0,1
1,<environment.Job instance at 0x7fdd3120c550>,6,24,[4 5],7,7,31,0,7
1,<environment.Job instance at 0x7fdd3120ca00>,7,24,[4 8],8,21,45,13,16
1,<environment.Job instance at 0x7fdceaf7b870>,22,23,[6 2],23,23,46,0,23
1,<environment.Job instance at 0x7fdceaf7b190>,24,3,[ 1 12],25,46,49,21,46
1,<environment.Job instance at 0x7fdceaf7bcd0>,30,2,[1 5],31,49,51,18,46
1,<environment.Job instance at 0x7fdceb78c320>,31,1,[3 6],32,49,50,17,46
1,<environment.Job instance at 0x7fdceb78ce10>,33,1,[11  3],34,51,52,17,51
1,<environment.Job instance at 0x7fdceb78c820>,35,28,[ 4 12],36,56,84,20,56
1,<environment.Job instance at 0x7fdceb78c690>,39,1,[ 4 13],40,84,85,44,81
1,<environment.Job instance at 0x7fdceb78c370>,40,1,[7 5],41,85,86,44,81
1,<environment.Job instance at 0x7fdceb78c3c0>,42,2,[3 5],43,85,87,42,85
1,<environment.Job instance at 0x7fdd35b9ddc0>,47,2,[6 5],48,114,116,66,114
1,<environment.Job instance at 0x7fdd35b9d5a0>,49,3,[2 7],50,129,132,79,129
1,<environment.Job instance at 0x7fdd35b9d140>,51,1,[6 2],52,129,130,77,129
1,<environment.Job instance at 0x7fdd35b9db90>,55,24,[5 2],56,160,184,104,160
1,<environment.Job instance at 0x7fdd35f4e780>,57,3,[7 5],58,160,163,102,160
1,<environment.Job instance at 0x7fdd35f4e6e0>,58,1,[5 6],59,163,164,104,160
1,<environment.Job instance at 0x7fdd35f4eaf0>,59,1,[3 8],60,160,161,100,160
1,<environment.Job instance at 0x7fdd35f4ebe0>,60,25,[6 2],61,164,189,103,160
1,<environment.Job instance at 0x7fdd35f4ee10>,62,2,[8 4],63,184,186,121,174
1,<environment.Job instance at 0x7fdd35f4e280>,64,1,[5 9],65,186,187,121,176
1,<environment.Job instance at 0x7fdd35f4e5a0>,66,12,[9 1],67,187,199,120,178
1,<environment.Job instance at 0x7fdd35f4ee60>,70,25,[5 5],71,202,227,131,202
1,<environment.Job instance at 0x7fdceb362820>,73,3,[ 4 11],74,250,253,176,250
1,<environment.Job instance at 0x7fdceb362190>,75,19,[2 8],76,253,272,177,250
1,<environment.Job instance at 0x7fdceb798910>,0,2,[10  4],1,2,4,1,2
1,<environment.Job instance at 0x7fdceb7980f0>,4,1,[2 9],5,5,6,0,5
1,<environment.Job instance at 0x7fdceb798eb0>,7,2,[10  2],8,8,10,0,8
1,<environment.Job instance at 0x7fdceb795fa0>,13,3,[6 5],14,23,26,9,23
1,<environment.Job instance at 0x7fdceb795550>,14,19,[ 5 10],15,23,42,8,23
1,<environment.Job instance at 0x7fdceb795460>,17,27,[8 5],18,27,54,9,27
1,<environment.Job instance at 0x7fdceb795eb0>,19,3,[ 1 12],20,54,57,34,41
1,<environment.Job instance at 0x7fdceb795be0>,21,1,[2 7],22,42,43,20,41
1,<environment.Job instance at 0x7fdceb795e10>,22,1,[1 8],23,43,44,20,41
1,<environment.Job instance at 0x7fdceb795f50>,24,3,[13  1],25,61,64,36,61
1,<environment.Job instance at 0x7fdceb7b1410>,28,3,[1 7],29,68,71,39,68
1,<environment.Job instance at 0x7fdceb7b15f0>,29,3,[7 3],30,68,71,38,68
1,<environment.Job instance at 0x7fdceb7b1500>,30,20,[8 5],31,71,91,40,68
1,<environment.Job instance at 0x7fdceb7b1a50>,33,2,[6 2],34,81,83,47,81
1,<environment.Job instance at 0x7fdceb7b1b90>,35,25,[4 5],36,85,110,49,85
1,<environment.Job instance at 0x7fdceb7b4910>,38,1,[ 4 14],39,110,111,71,86
1,<environment.Job instance at 0x7fdceb7b4c30>,39,1,[5 6],40,91,92,51,86
1,<environment.Job instance at 0x7fdceb7b47d0>,44,2,[3 9],45,102,104,57,102
1,<environment.Job instance at 0x7fdceb7b4b40>,45,1,[1 7],46,104,105,58,102
1,<environment.Job instance at 0x7fdceb7b46e0>,46,2,[5 3],47,104,106,57,102
1,<environment.Job instance at 0x7fdceb7b41e0>,47,1,[4 7],48,105,106,57,102
1,<environment.Job instance at 0x7fdceb7b4a00>,49,2,[4 8],50,106,108,56,104
1,<environment.Job instance at 0x7fdceb3c9050>,50,2,[13  2],51,111,113,60,106
1,<environment.Job instance at 0x7fdceb3c9320>,52,18,[4 8],53,113,131,60,113
1,<environment.Job instance at 0x7fdceb3c9870>,54,1,[12  5],55,131,132,76,115
1,<environment.Job instance at 0x7fdceb3c9640>,55,3,[3 9],56,131,134,75,115
1,<environment.Job instance at 0x7fdceb3c9eb0>,57,26,[ 3 10],58,134,160,76,131
1,<environment.Job instance at 0x7fdceb77ac30>,61,3,[12  2],62,155,158,93,155
1,<environment.Job instance at 0x7fdceb77ab40>,64,1,[7 3],65,158,159,93,155
1,<environment.Job instance at 0x7fdceb3d8f50>,74,3,[14  3],75,178,181,103,178
1,<environment.Job instance at 0x7fdceb3d8780>,77,3,[6 5],78,181,184,103,179
1,<environment.Job instance at 0x7fdceb3d87d0>,78,1,[2 8],79,181,182,102,179
1,<environment.Job instance at 0x7fe87d4218c0>,10,1,[7 3],11,16,17,5,16
1,<environment.Job instance at 0x7fe87d421780>,11,2,[3 9],12,16,18,4,16
1,<environment.Job instance at 0x7fe87d421cd0>,17,3,[10  3],18,39,42,21,39
1,<environment.Job instance at 0x7fe87d421e60>,20,1,[3 7],21,75,76,54,75
1,<environment.Job instance at 0x7fe87d421f00>,21,3,[ 2 10],22,76,79,54,75
1,<environment.Job instance at 0x7fe87d424230>,22,2,[12  3],23,79,81,56,79
1,<environment.Job instance at 0x7fe87d4241e0>,24,3,[5 9],25,81,84,56,80
1,<environment.Job instance at 0x7fe87d424280>,25,3,[1 6],26,80,83,54,80
1,<environment.Job instance at 0x7fe87d4240a0>,26,22,[2 9],27,84,106,57,80
1,<environment.Job instance at 0x7fe87d424be0>,36,2,[5 1],37,108,110,71,108
1,<environment.Job instance at 0x7fe87d424e10>,40,1,[1 8],41,128,129,87,128
1,<environment.Job instance at 0x7fe87d4262d0>,43,28,[6 4],44,136,164,92,136
1,<environment.Job instance at 0x7fe87d426320>,47,1,[2 6],48,156,157,108,156
1,<environment.Job instance at 0x7fe87d426690>,49,2,[1 9],50,160,162,110,160
1,<environment.Job instance at 0x7fe87d426730>,50,27,[9 1],51,162,189,111,160
1,<environment.Job instance at 0x7fe87d426460>,52,3,[ 3 11],53,187,190,134,187
1,<environment.Job instance at 0x7fe88a9a72d0>,5,23,[3 7],6,6,29,0,6
1,<environment.Job instance at 0x7fe88a85fe60>,11,1,[9 4],12,12,13,0,12
1,<environment.Job instance at 0x7fe88a99b140>,12,27,[ 3 13],13,29,56,16,27
1,<environment.Job instance at 0x7fe88a99ac80>,20,20,[5 7],21,56,76,35,47
1,<environment.Job instance at 0x7fe88a99ac30>,18,20,[5 7],19,56,76,37,47
1,<environment.Job instance at 0x7fe88a9a80a0>,36,2,[9 1],37,76,78,39,69
1,<environment.Job instance at 0x7fe88a9a8280>,37,3,[1 8],38,76,79,38,69
1,<environment.Job instance at 0x7fe88a9a8730>,41,2,[9 3],42,94,96,52,94
1,<environment.Job instance at 0x7fe88a9a8eb0>,42,3,[8 5],43,96,99,53,94
1,<environment.Job instance at 0x7fe88a9a4f00>,43,3,[2 9],44,94,97,50,94
1,<environment.Job instance at 0x7fe88a9a8fa0>,31,18,[11  5],32,99,117,67,98
1,<environment.Job instance at 0x7fe83f7c3230>,6,26,[9 1],7,7,33,0,7
1,<environment.Job instance at 0x7fe83f7ca0a0>,16,23,[5 8],17,17,40,0,17
1,<environment.Job instance at 0x7fe83f7cafa0>,19,1,[10  3],20,33,34,13,22
1,<environment.Job instance at 0x7fe83f7caeb0>,21,2,[12  1],22,40,42,18,23
1,<environment.Job instance at 0x7fe83f7caa50>,23,27,[5 3],24,42,69,18,40
1,<environment.Job instance at 0x7fe83f7cad20>,27,1,[1 6],28,41,42,13,41
1,<environment.Job instance at 0x7fe83f809f50>,28,22,[9 2],29,42,64,13,41
1,<environment.Job instance at 0x7fe83f8094b0>,29,3,[ 4 12],30,64,67,34,47
1,<environment.Job instance at 0x7fe83f8093c0>,38,28,[7 4],39,102,130,63,102
1,<environment.Job instance at 0x7fe83f809690>,39,1,[9 2],40,130,131,90,102
1,<environment.Job instance at 0x7fe83f809190>,40,2,[4 5],41,102,104,61,102
1,<environment.Job instance at 0x7fe83f8098c0>,41,1,[8 3],42,104,105,62,102
1,<environment.Job instance at 0x7fe83f809500>,42,1,[3 8],43,105,106,62,102
1,<environment.Job instance at 0x7fe83f8095a0>,44,28,[9 1],45,131,159,86,130
1,<environment.Job instance at 0x7fe83f74b0a0>,47,1,[7 2],48,159,160,111,134
1,<environment.Job instance at 0x7fe83f74bbe0>,56,3,[7 5],57,165,168,108,165
1,<environment.Job instance at 0x7fe83f74bd20>,57,3,[4 9],58,165,168,107,165
1,<environment.Job instance at 0x7fe83f74b960>,60,28,[7 3],61,182,210,121,182
1,<environment.Job instance at 0x7fe83f74b550>,62,3,[3 9],63,197,200,134,197
1,<environment.Job instance at 0x7fe83f75ee10>,65,3,[6 4],66,202,205,136,202
1,<environment.Job instance at 0x7fe83f75ec30>,67,16,[2 8],68,216,232,148,216
1,<environment.Job instance at 0x7fe83f75e460>,69,1,[8 3],70,217,218,147,217
1,<environment.Job instance at 0x7fe83f75eb90>,70,18,[8 5],71,218,236,147,217
1,<environment.Job instance at 0x7fe83f7e8230>,75,2,[9 2],76,245,247,169,245
1,<environment.Job instance at 0x7fe83f7e8640>,77,1,[1 7],78,245,246,167,245
1,<environment.Job instance at 0x7fe83f7e8e10>,80,2,[8 3],81,257,259,176,257
1,<environment.Job instance at 0x7fe83f7e8d20>,82,2,[14  5],83,270,272,187,270
1,<environment.Job instance at 0x7fe83f7e8b90>,83,21,[9 5],84,272,293,188,270
1,<environment.Job instance at 0x7fe83f7f7140>,0,1,[9 5],1,2,3,1,2
1,<environment.Job instance at 0x7fe83fbb8f50>,8,1,[ 5 14],9,9,10,0,9
1,<environment.Job instance at 0x7fe83fbb8f00>,12,2,[9 4],13,17,19,4,17
1,<environment.Job instance at 0x7fe83fbb8af0>,14,2,[1 7],15,17,19,2,17
1,<environment.Job instance at 0x7fe83fbdde10>,15,1,[ 4 10],16,19,20,3,17
1,<environment.Job instance at 0x7fe83fbb8c30>,13,3,[14  5],14,24,27,10,24
1,<environment.Job instance at 0x7fe83fbddeb0>,22,1,[13  3],23,27,28,4,25
1,<environment.Job instance at 0x7fe83f84b870>,25,1,[8 2],26,42,43,16,42
1,<environment.Job instance at 0x7fe83f84b780>,27,1,[4 8],28,42,43,14,42
1,<environment.Job instance at 0x7fe83f84b730>,31,2,[3 8],32,58,60,26,58
1,<environment.Job instance at 0x7fe83f84b0a0>,32,27,[ 2 13],33,60,87,27,58
1,<environment.Job instance at 0x7fe83f84b8c0>,34,1,[3 8],35,87,88,52,70
1,<environment.Job instance at 0x7fe83f7f5230>,38,1,[12  5],39,93,94,54,93
1,<environment.Job instance at 0x7fe83f7f5f50>,39,1,[8 5],40,94,95,54,93
1,<environment.Job instance at 0x7fe83f7f5500>,42,2,[7 1],43,109,111,66,109
1,<environment.Job instance at 0x7fe83f7f5be0>,43,2,[3 5],44,109,111,65,109
1,<environment.Job instance at 0x7fe83f7f5050>,45,2,[4 6],46,115,117,69,115
1,<environment.Job instance at 0x7fe83f7f51e0>,46,2,[6 5],47,115,117,68,115
1,<environment.Job instance at 0x7fe83f7f50a0>,48,3,[5 1],49,124,127,75,124
1,<environment.Job instance at 0x7fe83f7f5b90>,52,2,[9 3],53,149,151,96,149
1,<environment.Job instance at 0x7fe83fbd07d0>,55,2,[2 6],56,152,154,96,152
1,<environment.Job instance at 0x7fe83fbd0f00>,58,2,[1 7],59,173,175,114,173
1,<environment.Job instance at 0x7fe83fd49140>,62,2,[6 1],63,186,188,123,186
1,<environment.Job instance at 0x7fe83f6f7eb0>,1,25,[10  4],2,2,27,0,2
1,<environment.Job instance at 0x7fe83fb135a0>,13,24,[3 6],14,14,38,0,14
1,<environment.Job instance at 0x7fe83fb13730>,15,20,[3 8],16,27,47,11,18
1,<environment.Job instance at 0x7fe83fb13910>,17,27,[9 5],18,38,65,20,36
1,<environment.Job instance at 0x7fe83fb13c80>,26,21,[6 1],27,47,68,20,46
1,<environment.Job instance at 0x7fe83fb13eb0>,23,2,[ 3 14],24,65,67,41,59
1,<environment.Job instance at 0x7fe83fb11550>,33,18,[8 1],34,67,85,33,64
1,<environment.Job instance at 0x7fe83fb115f0>,34,3,[ 3 12],35,68,71,33,65
1,<environment.Job instance at 0x7fe83fb11690>,35,27,[5 5],36,71,98,35,69
1,<environment.Job instance at 0x7fe83fb11a00>,36,22,[2 8],37,71,93,34,69
1,<environment.Job instance at 0x7fe83fb11c30>,37,20,[5 2],38,85,105,47,76
1,<environment.Job instance at 0x7fe83fb11be0>,43,27,[7 5],44,98,125,54,96
1,<environment.Job instance at 0x7fe83fb015f0>,50,2,[9 4],51,125,127,74,115
1,<environment.Job instance at 0x7fe83fb01b40>,54,3,[2 5],55,142,145,87,142
1,<environment.Job instance at 0x7fe83fb01be0>,55,25,[3 7],56,142,167,86,142
1,<environment.Job instance at 0x7fe83fb01b90>,59,3,[9 3],60,157,160,97,157
1,<environment.Job instance at 0x7fe83fb01f50>,60,1,[ 4 12],61,167,168,106,157
1,<environment.Job instance at 0x7fe83fb1f280>,61,1,[10  1],62,160,161,98,157
1,<environment.Job instance at 0x7fe83fb1f3c0>,63,1,[5 2],64,161,162,97,160
1,<environment.Job instance at 0x7fe83fb1f730>,68,21,[9 5],69,191,212,122,191
1,<environment.Job instance at 0x7fe83fb1f910>,69,3,[12  1],70,212,215,142,191
1,<environment.Job instance at 0x7fe83fb1f9b0>,71,1,[5 5],72,204,205,132,204
1,<environment.Job instance at 0x7fe83fb1fa50>,73,2,[ 4 10],74,205,207,131,204
1,<environment.Job instance at 0x7fe83fb1faf0>,74,2,[5 3],75,207,209,132,204
1,<environment.Job instance at 0x7fe83fb1fcd0>,78,3,[ 2 10],79,219,222,140,219
1,<environment.Job instance at 0x7fe83f6201e0>,80,3,[9 1],81,232,235,151,232
1,<environment.Job instance at 0x7fe83f620230>,81,2,[5 6],82,232,234,150,232
1,<environment.Job instance at 0x7fe83f6202d0>,82,2,[3 5],83,234,236,151,232
1,<environment.Job instance at 0x7fe83f620500>,1,3,[9 3],2,3,6,1,3
1,<environment.Job instance at 0x7fe87dfd3730>,5,1,[12  4],6,13,14,7,13
1,<environment.Job instance at 0x7fe87d950050>,7,2,[5 2],8,14,16,6,13
1,<environment.Job instance at 0x7fe87d9507d0>,6,2,[9 2],7,14,16,7,13
1,<environment.Job instance at 0x7fe87d78c870>,12,27,[5 5],13,16,43,3,14
1,<environment.Job instance at 0x7fe87d78c0f0>,14,25,[1 7],15,15,40,0,15
1,<environment.Job instance at 0x7fe87d809050>,26,27,[5 8],27,62,89,35,62
1,<environment.Job instance at 0x7fe87d809460>,29,1,[ 4 10],30,89,90,59,66
1,<environment.Job instance at 0x7fe87d809230>,30,1,[10  3],31,66,67,35,66
1,<environment.Job instance at 0x7fe87d809dc0>,31,24,[4 8],32,90,114,58,85
1,<environment.Job instance at 0x7fe87d809aa0>,32,3,[1 7],33,85,88,52,85
1,<environment.Job instance at 0x7fe87d8093c0>,35,19,[7 5],36,88,107,52,85
1,<environment.Job instance at 0x7fe87d1da7d0>,41,1,[11  1],42,107,108,65,98
1,<environment.Job instance at 0x7fe87d1da460>,44,2,[4 9],45,114,116,69,104
1,<environment.Job instance at 0x7fe87d1dae60>,50,19,[2 7],51,127,146,76,127
1,<environment.Job instance at 0x7fe87d83f3c0>,51,24,[1 9],52,146,170,94,141
1,<environment.Job instance at 0x7fe87d25b280>,54,1,[2 5],55,141,142,86,141
1,<environment.Job instance at 0x7fe87d25bd70>,55,2,[9 3],56,141,143,85,141
1,<environment.Job instance at 0x7fe87d26b5f0>,57,23,[10  4],58,144,167,86,144
1,<environment.Job instance at 0x7fe87d65cb40>,63,3,[ 5 13],64,170,173,106,168
1,<environment.Job instance at 0x7fe87d18ab90>,67,1,[11  4],68,195,196,127,195
1,<environment.Job instance at 0x7fe87d18a550>,68,1,[5 3],69,196,197,127,195
1,<environment.Job instance at 0x7fe87d18a5f0>,73,1,[8 5],74,210,211,136,210
1,<environment.Job instance at 0x7fe87d18a370>,75,24,[10  2],76,225,249,149,225
1,<environment.Job instance at 0x7fe87d18acd0>,78,19,[1 6],79,243,262,164,243
1,<environment.Job instance at 0x7fe87d18a050>,79,27,[14  1],80,249,276,169,247
1,<environment.Job instance at 0x7fe87d18a2d0>,82,2,[11  4],83,276,278,193,271
1,<environment.Job instance at 0x7fe87d18aa50>,83,20,[5 7],84,278,298,194,271
1,<environment.Job instance at 0x7fe87d25f3c0>,86,27,[4 5],87,277,304,190,277
1,<environment.Job instance at 0x7fe87de564b0>,2,3,[11  3],3,24,27,21,24
1,<environment.Job instance at 0x7fe87df26550>,14,2,[10  3],15,27,29,12,24
1,<environment.Job instance at 0x7fe87da7bbe0>,19,1,[8 3],20,31,32,11,31
1,<environment.Job instance at 0x7fe87db23690>,22,3,[4 9],23,36,39,13,36
1,<environment.Job instance at 0x7fe83f891b90>,26,2,[ 3 10],27,47,49,20,47
1,<environment.Job instance at 0x7fe83f8d8820>,28,2,[5 4],29,48,50,19,48
1,<environment.Job instance at 0x7fe83fabff00>,30,1,[5 1],31,48,49,17,48
1,<environment.Job instance at 0x7fe87dbe07d0>,32,2,[5 5],33,66,68,33,66
1,<environment.Job instance at 0x7fe87d484190>,33,1,[7 1],34,66,67,32,66
1,<environment.Job instance at 0x7fe83fc8fd20>,37,3,[12  4],38,102,105,64,102
1,<environment.Job instance at 0x7fe83fc8fe60>,39,28,[1 8],40,103,131,63,103
1,<environment.Job instance at 0x7fe83fc8fa00>,42,3,[1 9],43,131,134,88,112
1,<environment.Job instance at 0x7fe83fc8f140>,43,2,[6 5],44,112,114,68,112
1,<environment.Job instance at 0x7fe83fc8fc80>,44,1,[7 3],45,114,115,69,112
1,<environment.Job instance at 0x7fe87d895aa0>,11,2,[2 9],12,13,15,1,13
1,<environment.Job instance at 0x7fe87d895d70>,13,3,[8 1],14,15,18,1,15
1,<environment.Job instance at 0x7fe87d8801e0>,19,23,[6 5],20,23,46,3,23
1,<environment.Job instance at 0x7fe87d8805a0>,22,1,[4 6],23,34,35,11,34
1,<environment.Job instance at 0x7fe87d880730>,23,1,[4 9],24,35,36,11,34
1,<environment.Job instance at 0x7fe87d8808c0>,25,3,[9 2],26,36,39,10,35
1,<environment.Job instance at 0x7fe87d880aa0>,28,3,[3 9],29,39,42,10,36
1,<environment.Job instance at 0x7fe87d880b40>,29,21,[1 9],30,42,63,12,36
1,<environment.Job instance at 0x7fe87d880be0>,30,27,[6 4],31,46,73,15,44
1,<environment.Job instance at 0x7fe87d880c80>,31,1,[11  4],32,73,74,41,54
1,<environment.Job instance at 0x7fe87d885780>,38,22,[7 5],39,74,96,35,68
1,<environment.Job instance at 0x7fe87d885960>,41,2,[2 6],42,80,82,38,80
1,<environment.Job instance at 0x7fe87d885a00>,42,24,[1 6],43,82,106,39,80
1,<environment.Job instance at 0x7fe87d885af0>,45,3,[1 9],46,96,99,50,96
1,<environment.Job instance at 0x7fe87d885d20>,49,2,[9 1],50,112,114,62,112
1,<environment.Job instance at 0x7fe87d885b90>,50,14,[1 8],51,112,126,61,112
1,<environment.Job instance at 0x7fe87d891140>,52,3,[1 9],53,126,129,73,122
1,<environment.Job instance at 0x7fe87d8911e0>,53,13,[5 1],54,123,136,69,123
1,<environment.Job instance at 0x7fe87d891550>,54,3,[ 2 12],55,129,132,74,123
1,<environment.Job instance at 0x7fe87d891500>,55,2,[3 5],56,124,126,68,124
1,<environment.Job instance at 0x7fe87d891320>,57,2,[8 4],58,126,128,68,126
1,<environment.Job instance at 0x7fe87d891960>,60,1,[9 4],61,137,138,76,137
1,<environment.Job instance at 0x7fe87d891af0>,61,2,[ 3 14],62,138,140,76,137
1,<environment.Job instance at 0x7fe87d891b40>,63,3,[10  3],64,141,144,77,141
1,<environment.Job instance at 0x7fe87d891cd0>,64,3,[3 6],65,141,144,76,141
1,<environment.Job instance at 0x7fe87d891a50>,65,1,[8 4],66,144,145,78,141
1,<environment.Job instance at 0x7fe87d891dc0>,67,27,[9 3],68,152,179,84,152
1,<environment.Job instance at 0x7fe87d88f280>,70,2,[2 7],71,167,169,96,167
1,<environment.Job instance at 0x7fe87d88f4b0>,72,1,[6 3],73,177,178,104,177
1,<environment.Job instance at 0x7fe87d88f690>,78,24,[4 7],79,195,219,116,195
1,<environment.Job instance at 0x7fe87d88fdc0>,86,2,[3 6],87,238,240,151,238
1,<environment.Job instance at 0x7fe87d88ffa0>,88,2,[5 8],89,238,240,149,238
1,<environment.Job instance at 0x7fe87d52f730>,0,20,[4 6],1,1,21,0,1
1,<environment.Job instance at 0x7fe87d457370>,7,1,[10  5],8,8,9,0,8
1,<environment.Job instance at 0x7fe87d457d70>,8,2,[13  3],9,21,23,12,9
1,<environment.Job instance at 0x7fe87d457a00>,9,1,[5 1],10,10,11,0,10
1,<environment.Job instance at 0x7fe87d273be0>,18,20,[3 8],19,23,43,4,19
1,<environment.Job instance at 0x7fe83f8a9aa0>,20,24,[10  4],21,23,47,2,23
1,<environment.Job instance at 0x7fe88a8b8b40>,21,21,[4 7],22,43,64,21,35
1,<environment.Job instance at 0x7fe87de3c730>,24,1,[ 2 11],25,64,65,39,40
1,<environment.Job instance at 0x7fe87de3cd20>,25,2,[4 7],26,47,49,21,40
1,<environment.Job instance at 0x7fe87d6b7f00>,27,1,[2 6],28,49,50,21,40
1,<environment.Job instance at 0x7fe87d6b77d0>,28,3,[8 3],29,50,53,21,40
1,<environment.Job instance at 0x7fe83f6d4d20>,29,19,[5 5],30,65,84,35,55
1,<environment.Job instance at 0x7fe87d41b550>,39,1,[ 5 14],40,105,106,65,105
1,<environment.Job instance at 0x7fe83f6c91e0>,40,2,[5 1],41,105,107,64,105
1,<environment.Job instance at 0x7fe87d2b6aa0>,44,3,[7 4],45,125,128,80,125
1,<environment.Job instance at 0x7fe87d4f1140>,45,2,[4 5],46,125,127,79,125
1,<environment.Job instance at 0x7fe87d421870>,52,3,[4 8],53,170,173,117,170
1,<environment.Job instance at 0x7fe87d421230>,54,2,[1 6],55,174,176,119,174
1,<environment.Job instance at 0x7fe87d4212d0>,56,1,[5 1],57,179,180,122,179
1,<environment.Job instance at 0x7fe87d284aa0>,57,27,[ 2 11],58,179,206,121,179
1,<environment.Job instance at 0x7fe87d2841e0>,59,3,[11  2],60,200,203,140,200
1,<environment.Job instance at 0x7fe83fcb3780>,62,1,[12  5],63,206,207,143,200
1,<environment.Job instance at 0x7fe87d3480a0>,69,1,[8 2],70,217,218,147,217
1,<environment.Job instance at 0x7fe87d348500>,74,3,[ 3 10],75,238,241,163,238
1,<environment.Job instance at 0x7fe87d3481e0>,75,1,[7 3],76,238,239,162,238
1,<environment.Job instance at 0x7fe87d348280>,77,2,[7 2],78,239,241,161,239
1,<environment.Job instance at 0x7fe87d348cd0>,79,1,[5 7],80,253,254,173,253
1,<environment.Job instance at 0x7fe87da31a00>,87,2,[ 3 10],88,318,320,230,318
1,<environment.Job instance at 0x7fe83f994e10>,0,19,[4 5],1,2,21,1,2
1,<environment.Job instance at 0x7fe87d883f00>,10,23,[9 4],11,11,34,0,11
1,<environment.Job instance at 0x7fe83faa33c0>,11,21,[8 2],12,34,55,22,26
1,<environment.Job instance at 0x7fe83f9c15a0>,12,21,[5 7],13,26,47,13,26
1,<environment.Job instance at 0x7fe83f6a4fa0>,18,28,[10  4],19,55,83,36,54
1,<environment.Job instance at 0x7fe83faeae60>,30,26,[4 9],31,78,104,47,78
1,<environment.Job instance at 0x7fe83faeaeb0>,31,1,[6 5],32,83,84,51,78
1,<environment.Job instance at 0x7fe83faeaf00>,34,2,[9 3],35,94,96,59,94
1,<environment.Job instance at 0x7fe83faea9b0>,37,23,[5 3],38,96,119,58,96
1,<environment.Job instance at 0x7fe83fb5b9b0>,43,24,[ 5 11],44,129,153,85,129
1,<environment.Job instance at 0x7fe83fb5b8c0>,47,19,[1 5],48,153,172,105,143
1,<environment.Job instance at 0x7fe83f8f7f00>,0,1,[8 1],1,1,2,0,1
1,<environment.Job instance at 0x7fe83f8f7f50>,3,1,[12  4],4,7,8,3,7
1,<environment.Job instance at 0x7fe87db78b90>,7,20,[1 8],8,8,28,0,8
1,<environment.Job instance at 0x7fe87db78cd0>,10,2,[ 2 12],11,28,30,17,11
1,<environment.Job instance at 0x7fe87db69140>,11,21,[4 9],12,30,51,18,22
1,<environment.Job instance at 0x7fe87db69460>,15,23,[8 4],16,30,53,14,24
1,<environment.Job instance at 0x7fe87db695a0>,17,20,[5 7],18,51,71,33,42
1,<environment.Job instance at 0x7fe87db69dc0>,26,1,[7 4],27,53,54,26,47
1,<environment.Job instance at 0x7fe87db69eb0>,28,3,[2 7],29,61,64,32,61
1,<environment.Job instance at 0x7fe87db730a0>,31,20,[ 5 13],32,71,91,39,62
1,<environment.Job instance at 0x7fe87db73190>,32,1,[5 1],33,62,63,29,62
1,<environment.Job instance at 0x7fe87db73370>,35,1,[6 4],36,91,92,55,79
1,<environment.Job instance at 0x7fe87db734b0>,37,1,[5 1],38,79,80,41,79
1,<environment.Job instance at 0x7fe87db73690>,40,24,[7 2],41,80,104,39,80
1,<environment.Job instance at 0x7fe87db73e10>,43,3,[10  3],44,104,107,60,91
1,<environment.Job instance at 0x7fe87db73f00>,46,19,[2 9],47,110,129,63,110
1,<environment.Job instance at 0x7fe87db65230>,47,1,[7 3],48,110,111,62,110
1,<environment.Job instance at 0x7fe87db65460>,48,20,[ 1 10],49,129,149,80,120
1,<environment.Job instance at 0x7fe87db654b0>,52,2,[5 7],53,149,151,96,127
1,<environment.Job instance at 0x7fe87db65690>,55,1,[ 2 10],56,151,152,95,145
1,<environment.Job instance at 0x7fe87db65870>,58,2,[ 1 13],59,152,154,93,147
1,<environment.Job instance at 0x7fe87db65be0>,60,28,[ 2 14],61,162,190,101,162
1,<environment.Job instance at 0x7fe87db65e10>,61,28,[5 1],62,162,190,100,162
1,<environment.Job instance at 0x7fe83f699410>,70,2,[10  5],71,190,192,119,177
1,<environment.Job instance at 0x7fe83f699640>,73,23,[7 4],74,192,215,118,189
1,<environment.Job instance at 0x7fe83f699f00>,79,15,[2 6],80,226,241,146,226
1,<environment.Job instance at 0x7fe83f699a50>,80,2,[5 5],81,226,228,145,226
1,<environment.Job instance at 0x7fe83f68a0f0>,83,3,[13  5],84,232,235,148,232
1,<environment.Job instance at 0x7fe83f68a230>,84,3,[4 5],85,235,238,150,232
1,<environment.Job instance at 0x7fe83f68a370>,86,27,[5 2],87,249,276,162,249
1,<environment.Job instance at 0x7fe83f9786e0>,0,22,[2 5],1,1,23,0,1
1,<environment.Job instance at 0x7fe88a9a2f00>,11,2,[1 5],12,12,14,0,12
1,<environment.Job instance at 0x7fe88a9a28c0>,12,1,[9 5],13,13,14,0,13
1,<environment.Job instance at 0x7fe88a9a2d20>,14,28,[4 5],15,15,43,0,15
1,<environment.Job instance at 0x7fe83f98b2d0>,17,2,[ 5 13],18,43,45,25,18
1,<environment.Job instance at 0x7fe83f98baf0>,21,25,[10  1],22,23,48,1,22
1,<environment.Job instance at 0x7fe83f919dc0>,26,3,[5 1],27,46,49,19,46
1,<environment.Job instance at 0x7fe83f919cd0>,27,1,[2 6],28,48,49,20,46
1,<environment.Job instance at 0x7fe83f9192d0>,32,2,[1 7],33,63,65,30,63
1,<environment.Job instance at 0x7fe87da32870>,4,18,[10  2],5,64,82,59,64
1,<environment.Job instance at 0x7fe83f919910>,35,21,[9 3],36,82,103,46,74
1,<environment.Job instance at 0x7fe83f919190>,37,25,[9 4],38,103,128,65,99
1,<environment.Job instance at 0x7fe83fac6c80>,45,2,[4 8],46,113,115,67,113
1,<environment.Job instance at 0x7fe83fac6eb0>,46,18,[8 1],47,128,146,81,118
1,<environment.Job instance at 0x7fe83fac6820>,47,2,[1 8],48,118,120,70,118
1,<environment.Job instance at 0x7fe83f85deb0>,48,2,[10  5],49,146,148,97,119
1,<environment.Job instance at 0x7fe83f85d050>,49,28,[6 1],50,148,176,98,147
1,<environment.Job instance at 0x7fe83f85daa0>,50,3,[2 8],51,147,150,96,147
1,<environment.Job instance at 0x7fe87d266a00>,53,1,[8 5],54,150,151,96,147
1,<environment.Job instance at 0x7fe84c170fa0>,55,3,[7 5],56,153,156,97,153
1,<environment.Job instance at 0x7fe87d266870>,54,18,[5 5],55,156,174,101,153
1,<environment.Job instance at 0x7fe87d2668c0>,56,17,[2 6],57,174,191,117,174
1,<environment.Job instance at 0x7fe87d1d3820>,63,24,[5 3],64,174,198,110,174
1,<environment.Job instance at 0x7fe87d1d3f50>,65,1,[5 9],66,191,192,125,176
1,<environment.Job instance at 0x7fe87d1d3f00>,67,2,[11  4],68,198,200,130,176
1,<environment.Job instance at 0x7fe87d9f09b0>,70,3,[8 3],71,192,195,121,191
1,<environment.Job instance at 0x7fe87d9f00a0>,71,28,[9 4],72,200,228,128,199
1,<environment.Job instance at 0x7fe87d9f0690>,76,1,[6 3],77,216,217,139,216
1,<environment.Job instance at 0x7fe87d9f0410>,78,19,[ 3 11],79,218,237,139,218
1,<environment.Job instance at 0x7fe83f72b320>,83,3,[8 2],84,247,250,163,247
1,<environment.Job instance at 0x7fe83f72bd20>,86,21,[5 5],87,257,278,170,257
1,<environment.Job instance at 0x7fe87d30a5a0>,9,2,[5 8],10,10,12,0,10
1,<environment.Job instance at 0x7fe87d49be10>,14,22,[4 9],15,16,38,1,16
1,<environment.Job instance at 0x7fe87d49b9b0>,15,1,[1 9],16,38,39,22,16
1,<environment.Job instance at 0x7fe87d49b960>,16,21,[5 5],17,17,38,0,17
1,<environment.Job instance at 0x7fe87e0e4af0>,23,2,[13  2],24,42,44,18,42
1,<environment.Job instance at 0x7fe87e0e4eb0>,25,25,[1 6],26,46,71,20,46
1,<environment.Job instance at 0x7fe87e0e4960>,26,1,[5 5],27,46,47,19,46
1,<environment.Job instance at 0x7fe87e0e4280>,28,3,[ 1 10],29,71,74,42,57
1,<environment.Job instance at 0x7fe87e0e4f50>,30,27,[11  2],31,57,84,26,57
1,<environment.Job instance at 0x7fe83f6b6690>,32,20,[ 5 10],33,84,104,51,75
1,<environment.Job instance at 0x7fe83f6b62d0>,35,24,[8 3],36,84,108,48,79
1,<environment.Job instance at 0x7fe87d4770f0>,11,18,[4 7],12,118,136,106,118
1,<environment.Job instance at 0x7fe83fac6d70>,47,24,[5 9],48,136,160,88,131
1,<environment.Job instance at 0x7fe83fac6730>,49,3,[1 7],50,132,135,82,132
1,<environment.Job instance at 0x7fe83fac6b40>,50,2,[1 6],51,135,137,84,132
1,<environment.Job instance at 0x7fe83fac6c30>,51,28,[3 6],52,137,165,85,136
1,<environment.Job instance at 0x7fe83f660eb0>,59,26,[2 6],60,160,186,100,157
1,<environment.Job instance at 0x7fe83f6601e0>,60,20,[9 3],61,161,181,100,161
1,<environment.Job instance at 0x7fe83fb05f00>,67,1,[ 1 13],68,186,187,118,173
1,<environment.Job instance at 0x7fe83fb05280>,68,26,[8 2],69,181,207,112,178
1,<environment.Job instance at 0x7fe83fb058c0>,71,1,[5 4],72,187,188,115,187
1,<environment.Job instance at 0x7fe83fb05050>,73,18,[4 6],74,200,218,126,200
1,<environment.Job instance at 0x7fe83fb051e0>,75,25,[ 3 14],76,218,243,142,214
1,<environment.Job instance at 0x7fe83f891dc0>,78,3,[10  2],79,243,246,164,217
1,<environment.Job instance at 0x7fe87d441910>,80,2,[4 6],81,243,245,162,217
1,<environment.Job instance at 0x7fe87d441a50>,81,3,[ 4 13],82,245,248,163,219
1,<environment.Job instance at 0x7fe87d441500>,84,27,[13  3],85,248,275,163,246
1,<environment.Job instance at 0x7fe83fd89500>,5,19,[1 5],6,7,26,1,7
1,<environment.Job instance at 0x7fe83fd89af0>,7,1,[10  2],8,8,9,0,8
1,<environment.Job instance at 0x7fe83fd7b5f0>,14,27,[6 1],15,15,42,0,15
1,<environment.Job instance at 0x7fe83fd7b5a0>,18,3,[3 8],19,28,31,9,28
1,<environment.Job instance at 0x7fe83fd89d20>,10,18,[9 2],11,41,59,30,41
1,<environment.Job instance at 0x7fe83fd820f0>,21,24,[14  3],22,59,83,37,54
1,<environment.Job instance at 0x7fe83fd7b550>,23,24,[10  2],24,83,107,59,78
1,<environment.Job instance at 0x7fe83f9d6730>,28,18,[5 9],29,112,130,83,112
1,<environment.Job instance at 0x7fe87dd281e0>,43,3,[ 4 10],44,130,133,86,122
1,<environment.Job instance at 0x7fe87e0a5b90>,45,27,[4 5],46,123,150,77,123
1,<environment.Job instance at 0x7fe87d420eb0>,46,1,[12  2],47,150,151,103,132
1,<environment.Job instance at 0x7fe83f4c3d20>,48,2,[1 9],49,133,135,84,132
1,<environment.Job instance at 0x7fe83fdac140>,51,2,[ 5 10],52,137,139,85,137
1,<environment.Job instance at 0x7fe87d747e60>,53,3,[6 2],54,139,142,85,137
1,<environment.Job instance at 0x7fe83f88d3c0>,54,1,[7 4],55,142,143,87,137
1,<environment.Job instance at 0x7fe83f9a08c0>,55,3,[9 2],56,143,146,87,138
1,<environment.Job instance at 0x7fe83f9a0280>,56,25,[7 3],57,151,176,94,147
1,<environment.Job instance at 0x7fe83f9a0fa0>,58,3,[10  4],59,147,150,88,147
1,<environment.Job instance at 0x7fe83f899320>,60,26,[6 4],61,151,177,90,148
1,<environment.Job instance at 0x7fe87d72ae10>,67,21,[9 4],68,179,200,111,179
1,<environment.Job instance at 0x7fe83f9cfdc0>,68,21,[5 1],69,179,200,110,179
1,<environment.Job instance at 0x7fe87e1052d0>,77,3,[ 1 10],78,200,203,122,200
1,<environment.Job instance at 0x7fe87e105d70>,78,2,[5 7],79,203,205,124,200
1,<environment.Job instance at 0x7fe87d60e820>,79,20,[5 9],80,205,225,125,200
1,<environment.Job instance at 0x7fe87d60efa0>,83,3,[6 3],84,232,235,148,232
1,<environment.Job instance at 0x7fe87d60ec30>,84,2,[10  4],85,235,237,150,232
1,<environment.Job instance at 0x7fe88a5c0a00>,85,3,[1 9],86,232,235,146,232
1,<environment.Job instance at 0x7fe87e0e7050>,86,2,[5 2],87,232,234,145,232
1,<environment.Job instance at 0x7fe87e0e7b40>,87,3,[1 6],88,235,238,147,232
1,<environment.Job instance at 0x7fe87db3a7d0>,0,2,[6 1],1,1,3,0,1
1,<environment.Job instance at 0x7fe87d9b77d0>,4,1,[13  5],5,7,8,2,7
1,<environment.Job instance at 0x7fe87d7d4d20>,6,1,[5 7],7,8,9,1,8
1,<environment.Job instance at 0x7fe88a834960>,10,25,[5 3],11,11,36,0,11
1,<environment.Job instance at 0x7fe87d857e60>,15,2,[8 1],16,16,18,0,16
1,<environment.Job instance at 0x7fe87d857cd0>,17,1,[ 4 10],18,20,21,2,20
1,<environment.Job instance at 0x7fe83fb39d70>,19,28,[3 9],20,21,49,1,20
1,<environment.Job instance at 0x7fe83f7e9370>,22,23,[3 7],23,49,72,26,43
1,<environment.Job instance at 0x7fe87d94c820>,26,3,[ 5 14],27,72,75,45,71
1,<environment.Job instance at 0x7fe87d6f6d20>,33,1,[5 4],34,75,76,41,75
1,<environment.Job instance at 0x7fe87d6f6230>,34,3,[8 2],35,75,78,40,75
1,<environment.Job instance at 0x7fe87d6f60a0>,35,1,[1 8],36,75,76,39,75
1,<environment.Job instance at 0x7fe87d6f6870>,38,3,[ 4 10],39,89,92,50,89
1,<environment.Job instance at 0x7fe87d212c30>,43,3,[5 3],44,122,125,78,122
1,<environment.Job instance at 0x7fe87d212230>,45,1,[6 1],46,126,127,80,126
1,<environment.Job instance at 0x7fe87d212e60>,46,1,[ 5 10],47,126,127,79,126
1,<environment.Job instance at 0x7fe87d212cd0>,48,1,[1 9],49,127,128,78,126
1,<environment.Job instance at 0x7fe87d212870>,49,2,[13  4],50,127,129,77,126
1,<environment.Job instance at 0x7fe87d212c80>,50,2,[5 2],51,129,131,78,126
1,<environment.Job instance at 0x7fe83f89ad20>,52,1,[2 9],53,136,137,83,136
1,<environment.Job instance at 0x7fe83f89ab90>,53,20,[ 5 12],54,137,157,83,136
1,<environment.Job instance at 0x7fe83f89ad70>,54,2,[ 5 11],55,157,159,102,150
1,<environment.Job instance at 0x7fe83f89af50>,56,1,[5 9],57,159,160,102,152
1,<environment.Job instance at 0x7fe87dea6b90>,58,2,[8 5],59,159,161,100,153
1,<environment.Job instance at 0x7fe83fa87320>,61,2,[ 5 11],62,161,163,99,159
1,<environment.Job instance at 0x7fe83fa87500>,64,1,[6 1],65,170,171,105,170
1,<environment.Job instance at 0x7fe87d4f7870>,70,2,[8 2],71,189,191,118,189
1,<environment.Job instance at 0x7fe83f4494b0>,73,3,[2 7],74,203,206,129,203
1,<environment.Job instance at 0x7fe83f449eb0>,74,1,[4 6],75,203,204,128,203
1,<environment.Job instance at 0x7fe83f5c11e0>,75,3,[10  5],76,204,207,128,203
1,<environment.Job instance at 0x7fe83f5c1050>,2,22,[8 1],3,3,25,0,3
1,<environment.Job instance at 0x7fe83f4f4820>,6,2,[14  2],7,25,27,18,7
1,<environment.Job instance at 0x7fe83f4f4780>,10,2,[14  4],11,27,29,16,25
1,<environment.Job instance at 0x7fe83f4f4640>,11,27,[8 5],12,29,56,17,27
1,<environment.Job instance at 0x7fe83f4f4e60>,5,3,[ 1 13],6,56,59,50,48
1,<environment.Job instance at 0x7fe87dad6640>,20,1,[5 2],21,53,54,32,53
1,<environment.Job instance at 0x7fe83fc70a50>,0,20,[ 4 10],1,1,21,0,1
1,<environment.Job instance at 0x7fe83f8d9aa0>,6,24,[4 5],7,7,31,0,7
1,<environment.Job instance at 0x7fe83f98fc80>,7,24,[4 8],8,21,45,13,16
1,<environment.Job instance at 0x7fe83f8d0b90>,22,23,[6 2],23,27,50,4,27
1,<environment.Job instance at 0x7fe83f8a9410>,24,3,[ 1 12],25,45,48,20,44
1,<environment.Job instance at 0x7fe83f8c55f0>,30,2,[1 5],31,48,50,17,45
1,<environment.Job instance at 0x7fe83f8d2870>,31,1,[3 6],32,48,49,16,45
1,<environment.Job instance at 0x7fe83f8bbb90>,33,1,[11  3],34,50,51,16,46
1,<environment.Job instance at 0x7fe83f83ddc0>,35,28,[ 4 12],36,51,79,15,51
1,<environment.Job instance at 0x7fe83f587fa0>,39,1,[ 4 13],40,79,80,39,72
1,<environment.Job instance at 0x7fe83f8470a0>,40,1,[7 5],41,80,81,39,73
1,<environment.Job instance at 0x7fe83f85e870>,42,2,[3 5],43,80,82,37,79
1,<environment.Job instance at 0x7fe83f85f960>,47,2,[6 5],48,110,112,62,110
1,<environment.Job instance at 0x7fe83f85f640>,48,18,[10  1],49,112,130,63,110
1,<environment.Job instance at 0x7fe83f842550>,49,3,[2 7],50,111,114,61,111
1,<environment.Job instance at 0x7fe83f8427d0>,51,1,[6 2],52,130,131,78,121
1,<environment.Job instance at 0x7fe83f842fa0>,55,24,[5 2],56,137,161,81,137
1,<environment.Job instance at 0x7fe87d5834b0>,58,1,[5 6],59,148,149,89,148
1,<environment.Job instance at 0x7fe87d5833c0>,59,1,[3 8],60,149,150,89,148
1,<environment.Job instance at 0x7fe87d583e60>,60,25,[6 2],61,149,174,88,148
1,<environment.Job instance at 0x7fe87d583d20>,62,2,[8 4],63,161,163,98,154
1,<environment.Job instance at 0x7fe87d583b90>,63,3,[10  2],64,174,177,110,154
1,<environment.Job instance at 0x7fe87d583f00>,64,1,[5 9],65,163,164,98,154
1,<environment.Job instance at 0x7fe87d57c320>,67,3,[1 6],68,166,169,98,166
1,<environment.Job instance at 0x7fe87d57cd20>,70,25,[5 5],71,183,208,112,183
1,<environment.Job instance at 0x7fe87d57c370>,72,1,[1 7],73,190,191,117,190
1,<environment.Job instance at 0x7fe87d57ce60>,73,3,[ 4 11],74,208,211,134,195
1,<environment.Job instance at 0x7fe87d57ceb0>,75,19,[2 8],76,211,230,135,201
1,<environment.Job instance at 0x7fe87d5929b0>,80,2,[10  4],81,213,215,132,213
1,<environment.Job instance at 0x7fe87d577780>,84,1,[2 9],85,230,231,145,228
1,<environment.Job instance at 0x7fe87d577730>,87,2,[10  2],88,245,247,157,245
1,<environment.Job instance at 0x7fe87ddc6d20>,7,27,[8 5],8,8,35,0,8
1,<environment.Job instance at 0x7fe83f8970f0>,4,19,[ 5 10],5,37,56,32,37
1,<environment.Job instance at 0x7fe88a737320>,9,3,[ 1 12],10,59,62,49,59
1,<environment.Job instance at 0x7fe87dcdbe60>,20,20,[8 5],21,100,120,79,100
1,<environment.Job instance at 0x7fe83f41acd0>,25,25,[4 5],26,118,143,92,118
1,<environment.Job instance at 0x7fe83fb39910>,14,3,[13  1],15,143,146,128,118
1,<environment.Job instance at 0x7fe87d663500>,28,1,[ 4 14],29,146,147,117,118
1,<environment.Job instance at 0x7fe87d188280>,26,2,[ 1 10],27,120,122,93,118
1,<environment.Job instance at 0x7fe83fcb6780>,34,2,[3 9],35,122,124,87,122
1,<environment.Job instance at 0x7fe87d8b0230>,37,1,[4 7],38,124,125,86,123
1,<environment.Job instance at 0x7fe87d8b0910>,40,2,[13  2],41,147,149,106,123
1,<environment.Job instance at 0x7fe87d8b0780>,44,1,[12  5],45,149,150,104,138
1,<environment.Job instance at 0x7fe87d8b05f0>,45,3,[3 9],46,138,141,92,138
1,<environment.Job instance at 0x7fe87d8b0c80>,47,26,[ 3 10],48,149,175,101,149
1,<environment.Job instance at 0x7fe87d8b0be0>,51,3,[12  2],52,174,177,122,174
1,<environment.Job instance at 0x7fe87d8b02d0>,52,1,[2 6],53,175,176,122,174
1,<environment.Job instance at 0x7fe87d8be280>,54,1,[7 3],55,177,178,122,174
1,<environment.Job instance at 0x7fe87d8be320>,56,2,[5 9],57,177,179,120,174
1,<environment.Job instance at 0x7fe87d72b550>,68,1,[2 8],69,207,208,138,207
1,<environment.Job instance at 0x7fe87d528a00>,69,2,[6 3],70,207,209,137,207
1,<environment.Job instance at 0x7fe87d528410>,71,1,[5 3],72,208,209,136,208
1,<environment.Job instance at 0x7fe87d72be10>,64,3,[14  3],65,216,219,151,216
1,<environment.Job instance at 0x7fe87d4fde10>,73,3,[7 1],74,219,222,145,219
1,<environment.Job instance at 0x7fe87d4fd730>,75,3,[ 1 10],76,221,224,145,221
1,<environment.Job instance at 0x7fe87d4fd550>,76,1,[11  3],77,222,223,145,221
1,<environment.Job instance at 0x7fe83f4372d0>,77,1,[8 4],78,223,224,145,221
1,<environment.Job instance at 0x7fe87d43ef50>,82,2,[8 5],83,242,244,159,242
1,<environment.Job instance at 0x7fe87dca3e10>,84,2,[8 5],85,244,246,159,242
1,<environment.Job instance at 0x7fe87dca32d0>,85,3,[10  5],86,246,249,160,242
1,<environment.Job instance at 0x7fe83f61f500>,14,2,[10  2],15,15,17,0,15
1,<environment.Job instance at 0x7fe87d437b40>,17,2,[9 2],18,22,24,4,22
1,<environment.Job instance at 0x7fe87d437c80>,18,2,[13  1],19,24,26,5,22
1,<environment.Job instance at 0x7fe87d4374b0>,21,26,[7 2],22,32,58,10,32
1,<environment.Job instance at 0x7fe87d4373c0>,23,3,[8 2],24,37,40,13,37
1,<environment.Job instance at 0x7fe87d437550>,25,3,[9 4],26,58,61,32,37
1,<environment.Job instance at 0x7fe87d4370f0>,31,23,[5 9],32,55,78,23,55
1,<environment.Job instance at 0x7fe83fc85f00>,36,1,[ 3 13],37,78,79,41,63
1,<environment.Job instance at 0x7fe83fc85a50>,37,22,[2 9],38,79,101,41,72
1,<environment.Job instance at 0x7fe83fc858c0>,33,3,[ 1 14],34,101,104,67,97
1,<environment.Job instance at 0x7fe83fa1e9b0>,46,20,[8 2],47,104,124,57,97
1,<environment.Job instance at 0x7fe83fa1e8c0>,48,26,[2 5],49,104,130,55,101
1,<environment.Job instance at 0x7fe83fa1edc0>,54,1,[10  4],55,124,125,69,120
1,<environment.Job instance at 0x7fe88a9aa690>,55,2,[8 4],56,125,127,69,120
1,<environment.Job instance at 0x7fe88a9aa190>,56,24,[2 9],57,127,151,70,122
1,<environment.Job instance at 0x7fe87d1d9d20>,59,20,[ 3 11],60,151,171,91,142
1,<environment.Job instance at 0x7fe87d3a28c0>,68,2,[7 4],69,167,169,98,167
1,<environment.Job instance at 0x7fe87d3a2190>,69,2,[2 6],70,171,173,101,167
1,<environment.Job instance at 0x7fe87d3a2780>,71,2,[6 3],72,169,171,97,167
1,<environment.Job instance at 0x7fe83f710050>,72,2,[2 8],73,171,173,98,167
1,<environment.Job instance at 0x7fe83f7105f0>,75,2,[8 1],76,179,181,103,179
1,<environment.Job instance at 0x7fe83f710140>,76,1,[ 3 11],77,179,180,102,179
1,<environment.Job instance at 0x7fe83f710c30>,78,1,[3 6],79,180,181,101,179
1,<environment.Job instance at 0x7fe83f710c80>,79,1,[9 1],80,181,182,101,179
1,<environment.Job instance at 0x7fe83f7102d0>,81,23,[1 8],82,181,204,99,181
1,<environment.Job instance at 0x7fe87df1c230>,6,25,[8 1],7,7,32,0,7
1,<environment.Job instance at 0x7fe87df1c460>,11,3,[4 5],12,14,17,2,14
1,<environment.Job instance at 0x7fe87dee80f0>,14,28,[7 4],15,17,45,2,16
1,<environment.Job instance at 0x7fe87dee8dc0>,15,20,[7 2],16,32,52,16,24
1,<environment.Job instance at 0x7fe87dee8820>,24,19,[1 8],25,39,58,14,39
1,<environment.Job instance at 0x7fe87df16c80>,33,20,[4 5],34,70,90,36,70
1,<environment.Job instance at 0x7fe87df16dc0>,34,2,[6 5],35,71,73,36,71
1,<environment.Job instance at 0x7fe87df16a00>,35,20,[5 5],36,71,91,35,71
1,<environment.Job instance at 0x7fe87df16730>,39,2,[1 6],40,90,92,50,88
1,<environment.Job instance at 0x7fe87df200f0>,44,2,[5 2],45,105,107,60,105
1,<environment.Job instance at 0x7fe87df20af0>,45,3,[5 2],46,105,108,59,105
1,<environment.Job instance at 0x7fe87df20eb0>,46,2,[14  1],47,108,110,61,105
1,<environment.Job instance at 0x7fe87df20690>,50,3,[7 3],51,121,124,70,121
1,<environment.Job instance at 0x7fe87d73f500>,51,25,[1 6],52,121,146,69,121
1,<environment.Job instance at 0x7fe87d73ffa0>,53,26,[10  4],54,135,161,81,135
1,<environment.Job instance at 0x7fe87d73f870>,55,24,[4 7],56,146,170,90,141
1,<environment.Job instance at 0x7fe87df0ea50>,62,1,[3 6],63,173,174,110,173
1,<environment.Job instance at 0x7fe87df0e780>,63,2,[5 5],64,173,175,109,173
1,<environment.Job instance at 0x7fe87df0ed20>,65,3,[2 8],66,210,213,144,210
1,<environment.Job instance at 0x7fe87df0ebe0>,67,28,[7 2],68,223,251,155,223
1,<environment.Job instance at 0x7fe87df0edc0>,69,27,[ 3 10],70,223,250,153,223
1,<environment.Job instance at 0x7fe87df02230>,72,26,[9 1],73,251,277,178,248
1,<environment.Job instance at 0x7fe87df02fa0>,74,21,[10  5],75,277,298,202,269
1,<environment.Job instance at 0x7fe87df02910>,76,3,[ 2 14],77,273,276,196,273
1,<environment.Job instance at 0x7fe87df02370>,77,20,[10  2],78,298,318,220,289
1,<environment.Job instance at 0x7fe87df02820>,84,2,[3 8],85,289,291,204,289
1,<environment.Job instance at 0x7fe87d749eb0>,87,27,[9 4],88,318,345,230,316
1,<environment.Job instance at 0x7f67714d8730>,10,1,[7 3],11,22,23,11,22
1,<environment.Job instance at 0x7f67714d8910>,11,2,[3 9],12,22,24,10,22
1,<environment.Job instance at 0x7f67714d8690>,15,3,[10  2],16,36,39,20,36
1,<environment.Job instance at 0x7f67714d8be0>,20,1,[3 7],21,63,64,42,63
1,<environment.Job instance at 0x7f67714d8fa0>,22,2,[12  3],23,65,67,42,65
1,<environment.Job instance at 0x7f67714da230>,26,22,[2 9],27,69,91,42,69
1,<environment.Job instance at 0x7f67714da820>,33,2,[5 3],34,93,95,59,93
1,<environment.Job instance at 0x7f67714da960>,34,3,[9 5],35,93,96,58,93
1,<environment.Job instance at 0x7f67714dad20>,40,1,[1 8],41,120,121,79,120
1,<environment.Job instance at 0x7f67714dafa0>,43,28,[6 4],44,129,157,85,129
1,<environment.Job instance at 0x7f67714dc3c0>,46,3,[5 4],47,172,175,125,172
1,<environment.Job instance at 0x7f67714dc460>,47,1,[2 6],48,172,173,124,172
1,<environment.Job instance at 0x7f67714dc730>,49,2,[1 9],50,184,186,134,184
1,<environment.Job instance at 0x7f67714dc6e0>,50,27,[9 1],51,184,211,133,184
1,<environment.Job instance at 0x7f67714dc910>,52,3,[ 3 11],53,210,213,157,210
1,<environment.Job instance at 0x7f67714dc820>,2,27,[ 3 13],3,3,30,0,3
1,<environment.Job instance at 0x7f677890e0a0>,8,20,[5 7],9,30,50,21,21
1,<environment.Job instance at 0x7f6778911f50>,10,20,[5 7],11,30,50,19,21
1,<environment.Job instance at 0x7f6778a540a0>,23,3,[1 5],24,52,55,28,52
1,<environment.Job instance at 0x7f6778a56730>,26,2,[9 1],27,54,56,27,54
1,<environment.Job instance at 0x7f6778a56870>,27,3,[1 8],28,54,57,26,54
1,<environment.Job instance at 0x7f6778a60910>,31,2,[9 3],32,78,80,46,78
1,<environment.Job instance at 0x7f6778a60140>,32,3,[8 5],33,80,83,47,78
1,<environment.Job instance at 0x7f672d8d4be0>,3,27,[5 3],4,4,31,0,4
1,<environment.Job instance at 0x7f6778a60690>,1,2,[12  1],2,31,33,29,7
1,<environment.Job instance at 0x7f672d8d4780>,7,1,[1 6],8,8,9,0,8
1,<environment.Job instance at 0x7f672d8d40f0>,8,22,[9 2],9,9,31,0,9
1,<environment.Job instance at 0x7f672d8d4550>,9,3,[ 4 12],10,33,36,23,32
1,<environment.Job instance at 0x7f672d8cd9b0>,18,28,[7 4],19,39,67,20,39
1,<environment.Job instance at 0x7f672d8cd0a0>,22,1,[3 8],23,42,43,19,42
1,<environment.Job instance at 0x7f672d8cd370>,24,28,[9 1],25,67,95,42,66
1,<environment.Job instance at 0x7f672d8cdf00>,27,1,[7 2],28,66,67,38,66
1,<environment.Job instance at 0x7f672d8ac5a0>,36,3,[7 5],37,110,113,73,110
1,<environment.Job instance at 0x7f672d8acd70>,38,18,[3 8],39,113,131,74,113
1,<environment.Job instance at 0x7f672d8ac230>,40,28,[7 3],41,122,150,81,122
1,<environment.Job instance at 0x7f672d8ac0f0>,42,3,[3 9],43,131,134,88,122
1,<environment.Job instance at 0x7f672d808190>,49,1,[8 3],50,159,160,109,159
1,<environment.Job instance at 0x7f672d808c80>,50,18,[8 5],51,160,178,109,159
1,<environment.Job instance at 0x7f672d808460>,51,3,[1 8],52,159,162,107,159
1,<environment.Job instance at 0x7f672d808550>,55,2,[9 2],56,178,180,122,174
1,<environment.Job instance at 0x7f672d808370>,56,2,[5 1],57,174,176,117,174
1,<environment.Job instance at 0x7f672d808500>,57,1,[1 7],58,174,175,116,174
1,<environment.Job instance at 0x7f672d8088c0>,60,2,[8 3],61,184,186,123,184
1,<environment.Job instance at 0x7f672d808b90>,61,19,[ 3 14],62,186,205,124,185
1,<environment.Job instance at 0x7f672d8086e0>,62,2,[14  5],63,205,207,142,201
1,<environment.Job instance at 0x7f672d808640>,63,21,[9 5],64,207,228,143,201
1,<environment.Job instance at 0x7f672d808e10>,66,22,[6 1],67,207,229,140,201
1,<environment.Job instance at 0x7f672db7bfa0>,2,27,[ 2 13],3,3,30,0,3
1,<environment.Job instance at 0x7f672d8a9d20>,15,2,[4 6],16,30,32,14,24
1,<environment.Job instance at 0x7f672db7bb40>,8,1,[12  5],9,35,36,26,35
1,<environment.Job instance at 0x7f672d75f9b0>,28,2,[1 7],29,62,64,33,62
1,<environment.Job instance at 0x7f672d75faa0>,29,3,[8 4],30,62,65,32,62
1,<environment.Job instance at 0x7f672d75f500>,32,2,[6 1],33,79,81,46,79
1,<environment.Job instance at 0x7f672d75f0f0>,35,1,[5 7],36,93,94,57,93
1,<environment.Job instance at 0x7f672d75f1e0>,36,2,[3 5],37,94,96,57,94
1,<environment.Job instance at 0x7f672d8b1dc0>,42,20,[7 3],43,125,145,82,125
1,<environment.Job instance at 0x7f672d8b1190>,43,1,[2 8],44,125,126,81,125
1,<environment.Job instance at 0x7f672d8b1910>,46,20,[6 2],47,135,155,88,135
1,<environment.Job instance at 0x7f672d8b1c80>,49,1,[4 6],50,145,146,95,143
1,<environment.Job instance at 0x7f672d8b12d0>,50,1,[2 5],51,143,144,92,143
1,<environment.Job instance at 0x7f672db8cdc0>,53,1,[2 8],54,150,151,96,150
1,<environment.Job instance at 0x7f672db98c30>,59,22,[1 6],60,180,202,120,180
1,<environment.Job instance at 0x7f672db98410>,60,1,[5 1],61,180,181,119,180
1,<environment.Job instance at 0x7f672db98550>,61,25,[10  4],62,181,206,119,180
1,<environment.Job instance at 0x7f672db98b90>,64,22,[1 9],65,202,224,137,195
1,<environment.Job instance at 0x7f672dc293c0>,68,3,[4 7],69,224,227,155,199
1,<environment.Job instance at 0x7f672dc29320>,72,2,[6 3],73,218,220,145,218
1,<environment.Job instance at 0x7f672dc29aa0>,73,24,[3 6],74,220,244,146,218
1,<environment.Job instance at 0x7f672dc29b90>,74,2,[4 8],75,227,229,152,218
1,<environment.Job instance at 0x7f672dc29690>,75,20,[3 8],76,229,249,153,220
1,<environment.Job instance at 0x7f672dc29910>,77,27,[9 5],78,244,271,166,242
1,<environment.Job instance at 0x7f672dc29730>,81,3,[10  4],82,271,274,189,245
1,<environment.Job instance at 0x7f672dc291e0>,82,2,[6 4],83,249,251,166,245
1,<environment.Job instance at 0x7f672dccd0a0>,83,2,[ 3 14],84,274,276,190,247
1,<environment.Job instance at 0x7f672dccd370>,84,2,[1 9],85,251,253,166,247
1,<environment.Job instance at 0x7f672dccd320>,86,21,[6 1],87,274,295,187,266
1,<environment.Job instance at 0x7f672d8b05a0>,89,1,[10  5],90,295,296,205,267
1,<environment.Job instance at 0x7f672d8b0c30>,91,2,[7 4],92,276,278,184,267
1,<environment.Job instance at 0x7f672d8b00f0>,94,3,[ 3 12],95,286,289,191,286
1,<environment.Job instance at 0x7f672d8b0370>,95,27,[5 5],96,289,316,193,287
1,<environment.Job instance at 0x7f672d8b0b90>,96,22,[2 8],97,296,318,199,289
1,<environment.Job instance at 0x7f672dc69be0>,3,27,[7 5],4,4,31,0,4
1,<environment.Job instance at 0x7f672dbccb40>,15,25,[3 7],16,24,49,8,24
1,<environment.Job instance at 0x7f672dbccfa0>,19,3,[9 3],20,37,40,17,37
1,<environment.Job instance at 0x7f672dbd0230>,20,1,[ 4 12],21,49,50,28,37
1,<environment.Job instance at 0x7f672dbd00f0>,21,1,[10  1],22,40,41,18,37
1,<environment.Job instance at 0x7f672dbd03c0>,23,1,[5 2],24,44,45,20,44
1,<environment.Job instance at 0x7f672dbd0780>,28,21,[9 5],29,76,97,47,76
1,<environment.Job instance at 0x7f672dbd0820>,29,3,[12  1],30,97,100,67,84
1,<environment.Job instance at 0x7f672dbd0b90>,31,1,[5 5],32,87,88,55,87
1,<environment.Job instance at 0x7f672dbd0d70>,33,2,[ 4 10],34,88,90,54,87
1,<environment.Job instance at 0x7f672dbc10f0>,38,3,[ 2 10],39,101,104,62,101
1,<environment.Job instance at 0x7f672dbc1320>,40,3,[9 1],41,126,129,85,126
1,<environment.Job instance at 0x7f672dbc1190>,41,2,[5 6],42,126,128,84,126
1,<environment.Job instance at 0x7f672dbc1550>,42,2,[3 5],43,128,130,85,126
1,<environment.Job instance at 0x7f672dbc1640>,45,24,[3 9],46,131,155,85,131
1,<environment.Job instance at 0x7f672dbc1a00>,50,1,[2 9],51,155,156,104,150
1,<environment.Job instance at 0x7f672dbc1f00>,55,1,[12  4],56,210,211,154,210
1,<environment.Job instance at 0x7f672dbc1f50>,57,2,[5 2],58,211,213,153,210
1,<environment.Job instance at 0x7f6777da9140>,1,24,[1 9],2,2,26,0,2
1,<environment.Job instance at 0x7f6777da9870>,7,23,[10  4],8,8,31,0,8
1,<environment.Job instance at 0x7f6777da9f00>,0,19,[2 7],1,26,45,25,16
1,<environment.Job instance at 0x7f67712b9460>,17,1,[11  4],18,31,32,13,20
1,<environment.Job instance at 0x7f67712b9be0>,18,1,[5 3],19,32,33,13,20
1,<environment.Job instance at 0x7f67712b9c30>,13,3,[ 5 13],14,45,48,31,28
1,<environment.Job instance at 0x7f677181c230>,23,1,[8 5],24,50,51,26,50
1,<environment.Job instance at 0x7f677181c050>,25,24,[10  2],26,51,75,25,50
1,<environment.Job instance at 0x7f6778279910>,28,19,[1 6],29,68,87,39,68
1,<environment.Job instance at 0x7f6778279e60>,29,27,[14  1],30,75,102,45,73
1,<environment.Job instance at 0x7f67786a3140>,33,20,[5 7],34,102,122,68,93
1,<environment.Job instance at 0x7f6778165460>,36,27,[4 5],37,102,129,65,100
1,<environment.Job instance at 0x7f6778279d20>,32,2,[11  4],33,122,124,89,115
1,<environment.Job instance at 0x7f672d881550>,42,3,[11  3],43,124,127,81,121
1,<environment.Job instance at 0x7f672d8810f0>,45,1,[8 1],46,127,128,81,125
1,<environment.Job instance at 0x7f672d881230>,47,2,[2 6],48,139,141,91,139
1,<environment.Job instance at 0x7f672d881780>,48,2,[5 5],49,139,141,90,139
1,<environment.Job instance at 0x7f6771247640>,49,1,[5 7],50,141,142,91,139
1,<environment.Job instance at 0x7f6771247aa0>,50,3,[1 6],51,141,144,90,139
1,<environment.Job instance at 0x7f6771247140>,52,3,[4 9],53,142,145,89,140
1,<environment.Job instance at 0x7f6771247370>,54,2,[10  3],55,173,175,118,173
1,<environment.Job instance at 0x7f672dda16e0>,9,2,[ 4 10],10,10,12,0,10
1,<environment.Job instance at 0x7f6777de26e0>,10,1,[9 5],11,11,12,0,11
1,<environment.Job instance at 0x7f672dd51b90>,14,24,[4 5],15,15,39,0,15
1,<environment.Job instance at 0x7f67714cb410>,19,3,[5 9],20,24,27,4,24
1,<environment.Job instance at 0x7f67718f0050>,20,2,[6 4],21,27,29,6,24
1,<environment.Job instance at 0x7f677177e5f0>,25,2,[2 9],26,47,49,21,47
1,<environment.Job instance at 0x7f67715603c0>,27,1,[3 6],28,53,54,25,53
1,<environment.Job instance at 0x7f677843f9b0>,30,3,[10  4],31,56,59,25,56
1,<environment.Job instance at 0x7f6777f0a910>,36,2,[5 5],37,80,82,43,80
1,<environment.Job instance at 0x7f6777f0ab40>,37,1,[10  3],38,80,81,42,80
1,<environment.Job instance at 0x7f67788245a0>,41,2,[2 9],42,99,101,57,99
1,<environment.Job instance at 0x7f6777ecb960>,49,23,[6 5],50,131,154,81,131
1,<environment.Job instance at 0x7f677140d500>,52,1,[4 6],53,135,136,82,135
1,<environment.Job instance at 0x7f672dc0d190>,56,2,[8 4],57,145,147,88,145
1,<environment.Job instance at 0x7f67715c4c80>,59,21,[1 9],60,147,168,87,146
1,<environment.Job instance at 0x7f67715c4500>,60,27,[6 4],61,154,181,93,152
1,<environment.Job instance at 0x7f672dd04870>,61,1,[11  4],62,181,182,119,158
1,<environment.Job instance at 0x7f6778456a50>,65,3,[10  4],66,182,185,116,167
1,<environment.Job instance at 0x7f677196bd70>,67,2,[ 2 10],68,174,176,106,174
1,<environment.Job instance at 0x7f677196b320>,68,22,[7 5],69,185,207,116,178
1,<environment.Job instance at 0x7f677196b5a0>,71,2,[2 6],72,189,191,117,189
1,<environment.Job instance at 0x7f6778a5c280>,72,24,[1 6],73,191,215,118,189
1,<environment.Job instance at 0x7f67713fc140>,75,3,[1 9],76,207,210,131,207
1,<environment.Job instance at 0x7f672ddac9b0>,6,18,[9 4],7,219,237,212,219
1,<environment.Job instance at 0x7f6771668b40>,79,2,[9 1],80,237,239,157,219
1,<environment.Job instance at 0x7f6777dc8eb0>,82,3,[1 9],83,229,232,146,229
1,<environment.Job instance at 0x7f6777dc88c0>,84,3,[ 2 12],85,237,240,152,229
1,<environment.Job instance at 0x7f6777dc8910>,85,2,[3 5],86,232,234,146,229
1,<environment.Job instance at 0x7f6777dc8f50>,87,2,[8 4],88,240,242,152,238
1,<environment.Job instance at 0x7f6777dc8780>,90,1,[9 4],91,244,245,153,244
1,<environment.Job instance at 0x7f6771552f50>,91,2,[ 3 14],92,245,247,153,244
1,<environment.Job instance at 0x7f67715524b0>,93,3,[10  3],94,254,257,160,254
1,<environment.Job instance at 0x7f6771552230>,94,3,[3 6],95,254,257,159,254
1,<environment.Job instance at 0x7f6771552140>,95,1,[8 4],96,257,258,161,254
1,<environment.Job instance at 0x7f6771552f00>,97,27,[9 3],98,259,286,161,259
1,<environment.Job instance at 0x7f672d846e10>,8,24,[4 7],9,9,33,0,9
1,<environment.Job instance at 0x7f672d8203c0>,16,2,[3 6],17,25,27,8,25
1,<environment.Job instance at 0x7f672d820780>,19,3,[14  1],20,33,36,13,27
1,<environment.Job instance at 0x7f672d820820>,20,20,[4 6],21,36,56,15,27
1,<environment.Job instance at 0x7f672d858320>,27,1,[10  5],28,382,383,354,382
1,<environment.Job instance at 0x7f672d858140>,28,2,[13  3],29,383,385,354,382
1,<environment.Job instance at 0x7f672d8584b0>,29,1,[5 1],30,382,383,352,382
1,<environment.Job instance at 0x7f672d858870>,38,20,[3 8],39,555,575,516,555
1,<environment.Job instance at 0x7f672d858c30>,40,24,[10  4],41,555,579,514,555
1,<environment.Job instance at 0x7f67712e7a00>,7,2,[ 3 10],8,9,11,1,9
1,<environment.Job instance at 0x7f672dd50e60>,10,19,[4 5],11,11,30,0,11
1,<environment.Job instance at 0x7f672dd50960>,11,3,[1 9],12,12,15,0,12
1,<environment.Job instance at 0x7f67712820a0>,15,1,[5 8],16,21,22,5,21
1,<environment.Job instance at 0x7f6771285c30>,17,2,[9 3],18,29,31,11,29
1,<environment.Job instance at 0x7f672d9c75f0>,19,1,[5 4],20,34,35,14,34
1,<environment.Job instance at 0x7f67712956e0>,20,23,[9 4],21,34,57,13,34
1,<environment.Job instance at 0x7f67712aa460>,21,21,[8 2],22,57,78,35,49
1,<environment.Job instance at 0x7f672de58a50>,22,21,[5 7],23,49,70,26,49
1,<environment.Job instance at 0x7f672d790c30>,28,28,[10  4],29,78,106,49,77
1,<environment.Job instance at 0x7f6771495230>,37,3,[6 3],38,106,109,68,95
1,<environment.Job instance at 0x7f672d7dedc0>,39,1,[2 5],40,97,98,57,97
1,<environment.Job instance at 0x7f672d7de370>,40,26,[4 9],41,98,124,57,97
1,<environment.Job instance at 0x7f672da34690>,44,2,[9 3],45,112,114,67,112
1,<environment.Job instance at 0x7f672da34140>,45,18,[1 8],46,128,146,82,128
1,<environment.Job instance at 0x7f672dd79190>,47,23,[5 3],48,128,151,80,128
1,<environment.Job instance at 0x7f67714951e0>,36,18,[8 3],37,143,161,106,143
1,<environment.Job instance at 0x7f67715dd2d0>,53,24,[ 5 11],54,151,175,97,146
1,<environment.Job instance at 0x7f6778313b90>,57,19,[1 5],58,175,194,117,172
1,<environment.Job instance at 0x7f67714b4e60>,3,1,[12  4],4,6,7,2,6
1,<environment.Job instance at 0x7f6777f361e0>,7,20,[1 8],8,8,28,0,8
1,<environment.Job instance at 0x7f6777f36c30>,11,21,[4 9],12,28,49,16,20
1,<environment.Job instance at 0x7f6771985fa0>,10,2,[ 2 12],11,49,51,38,22
1,<environment.Job instance at 0x7f677175c370>,15,23,[8 4],16,22,45,6,22
1,<environment.Job instance at 0x7f672db25b40>,17,20,[5 7],18,51,71,33,42
1,<environment.Job instance at 0x7f672db25370>,12,3,[5 9],13,71,74,58,45
1,<environment.Job instance at 0x7f672dc90eb0>,26,1,[7 4],27,51,52,24,49
1,<environment.Job instance at 0x7f6771321a00>,28,3,[2 7],29,54,57,25,54
1,<environment.Job instance at 0x7f6771321640>,31,20,[ 5 13],32,74,94,42,69
1,<environment.Job instance at 0x7f672dad42d0>,32,1,[5 1],33,69,70,36,69
1,<environment.Job instance at 0x7f672d94b6e0>,35,1,[6 4],36,94,95,58,76
1,<environment.Job instance at 0x7f672d94b050>,37,1,[5 1],38,77,78,39,77
1,<environment.Job instance at 0x7f6777dd7fa0>,39,1,[8 1],40,78,79,38,77
1,<environment.Job instance at 0x7f6777dd7e10>,40,24,[7 2],41,79,103,38,77
1,<environment.Job instance at 0x7f6777dd7af0>,43,3,[10  3],44,103,106,59,92
1,<environment.Job instance at 0x7f672dbe5c80>,46,19,[2 9],47,105,124,58,105
1,<environment.Job instance at 0x7f677131b550>,47,1,[7 3],48,106,107,58,105
1,<environment.Job instance at 0x7f677131b190>,48,20,[ 1 10],49,124,144,75,115
1,<environment.Job instance at 0x7f6777d183c0>,55,1,[ 2 10],56,144,145,88,138
1,<environment.Job instance at 0x7f6777d18b90>,58,2,[ 1 13],59,145,147,86,143
1,<environment.Job instance at 0x7f6778029730>,60,28,[ 2 14],61,151,179,90,151
1,<environment.Job instance at 0x7f672d936190>,61,28,[5 1],62,151,179,89,151
1,<environment.Job instance at 0x7f672d9d9640>,73,23,[7 4],74,179,202,105,177
1,<environment.Job instance at 0x7f6777f310a0>,80,2,[5 5],81,222,224,141,222
1,<environment.Job instance at 0x7f67717721e0>,83,3,[13  5],84,237,240,153,237
1,<environment.Job instance at 0x7f67717780f0>,86,27,[5 2],87,244,271,157,244
1,<environment.Job instance at 0x7f67717787d0>,90,22,[2 5],91,275,297,184,275
1,<environment.Job instance at 0x7f6771778230>,91,1,[8 4],92,275,276,183,275
1,<environment.Job instance at 0x7f67717786e0>,96,1,[2 6],97,278,279,181,278
1,<environment.Job instance at 0x7f6777dac1e0>,4,28,[4 5],5,5,33,0,5
1,<environment.Job instance at 0x7f67717d3870>,11,25,[10  1],12,12,37,0,12
1,<environment.Job instance at 0x7f67717d31e0>,7,2,[ 5 13],8,36,38,28,36
1,<environment.Job instance at 0x7f67717f2280>,22,2,[1 7],23,38,40,15,38
1,<environment.Job instance at 0x7f67717f24b0>,25,21,[9 3],26,46,67,20,46
1,<environment.Job instance at 0x7f67717f2550>,27,25,[9 4],28,67,92,39,63
1,<environment.Job instance at 0x7f67717f2c30>,35,2,[4 8],36,79,81,43,79
1,<environment.Job instance at 0x7f67717f2870>,30,12,[10  1],31,92,104,61,89
1,<environment.Job instance at 0x7f67717f2f50>,38,2,[10  5],39,104,106,65,89
1,<environment.Job instance at 0x7f67717dc190>,39,28,[6 1],40,106,134,66,105
1,<environment.Job instance at 0x7f67717dc280>,40,3,[2 8],41,105,108,64,105
1,<environment.Job instance at 0x7f67717dc2d0>,43,1,[8 5],44,108,109,64,105
1,<environment.Job instance at 0x7f67717f2e10>,36,18,[8 1],37,110,128,73,110
1,<environment.Job instance at 0x7f67717dcc30>,53,24,[5 3],54,138,162,84,138
1,<environment.Job instance at 0x7f67717dcd70>,55,1,[5 9],56,138,139,82,138
1,<environment.Job instance at 0x7f67717dc780>,57,2,[11  4],58,162,164,104,147
1,<environment.Job instance at 0x7f67717fa0f0>,60,3,[8 3],61,159,162,98,159
1,<environment.Job instance at 0x7f67717fa190>,61,28,[9 4],62,164,192,102,163
1,<environment.Job instance at 0x7f67717fac30>,73,3,[8 2],74,217,220,143,217
1,<environment.Job instance at 0x7f67717fae10>,76,21,[5 5],77,229,250,152,229
1,<environment.Job instance at 0x7f67717faf50>,77,3,[1 9],78,229,232,151,229
1,<environment.Job instance at 0x7f67718035a0>,81,1,[4 5],82,243,244,161,243
1,<environment.Job instance at 0x7f6771803640>,82,3,[8 1],83,244,247,161,243
1,<environment.Job instance at 0x7f67717fa960>,68,19,[ 3 11],69,250,269,181,250
1,<environment.Job instance at 0x7f6771803b40>,89,2,[5 8],90,274,276,184,274
1,<environment.Job instance at 0x7f6771803d70>,94,22,[4 9],95,296,318,201,296
1,<environment.Job instance at 0x7f6771803e10>,95,1,[1 9],96,318,319,222,296
1,<environment.Job instance at 0x7f6771803eb0>,96,21,[5 5],97,296,317,199,296
1,<environment.Job instance at 0x7f672dc1c320>,5,25,[1 6],6,6,31,0,6
1,<environment.Job instance at 0x7f6777e6b7d0>,10,27,[11  2],11,11,38,0,11
1,<environment.Job instance at 0x7f6777e6b230>,15,24,[8 3],16,38,62,22,33
1,<environment.Job instance at 0x7f6777e6b5a0>,12,20,[ 5 10],13,38,58,25,33
1,<environment.Job instance at 0x7f6777d99eb0>,27,24,[5 9],28,58,82,30,53
1,<environment.Job instance at 0x7f6771475be0>,31,28,[3 6],32,62,90,30,62
1,<environment.Job instance at 0x7f67717d3280>,3,2,[13  2],4,90,92,86,77
1,<environment.Job instance at 0x7f672dba4820>,38,2,[4 6],39,84,86,45,84
1,<environment.Job instance at 0x7f672dba42d0>,39,26,[2 6],40,86,112,46,84
1,<environment.Job instance at 0x7f672dba4f00>,40,20,[9 3],41,92,112,51,84
1,<environment.Job instance at 0x7f672dba4a50>,45,17,[5 3],46,112,129,66,112
1,<environment.Job instance at 0x7f67714ee550>,47,1,[ 1 13],48,129,130,81,117
1,<environment.Job instance at 0x7f6778adfd70>,48,26,[8 2],49,117,143,68,117
1,<environment.Job instance at 0x7f6771983410>,49,2,[9 3],50,143,145,93,117
1,<environment.Job instance at 0x7f67719833c0>,51,1,[5 4],52,130,131,78,117
1,<environment.Job instance at 0x7f6771983190>,55,25,[ 3 14],56,145,170,89,141
1,<environment.Job instance at 0x7f6777ecbb90>,60,2,[4 6],61,170,172,109,166
1,<environment.Job instance at 0x7f6777ecbf50>,61,3,[ 4 13],62,172,175,110,167
1,<environment.Job instance at 0x7f6777ecbaa0>,64,27,[13  3],65,177,204,112,177
1,<environment.Job instance at 0x7f6778227af0>,65,2,[3 9],66,204,206,138,177
1,<environment.Job instance at 0x7f6778227d70>,66,2,[5 7],67,206,208,139,179
1,<environment.Job instance at 0x7f67782272d0>,67,1,[8 1],68,204,205,136,179
1,<environment.Job instance at 0x7f67782277d0>,68,3,[9 5],69,205,208,136,179
1,<environment.Job instance at 0x7f677174b230>,70,2,[8 4],71,208,210,137,181
1,<environment.Job instance at 0x7f677174b960>,71,2,[3 9],72,208,210,136,181
1,<environment.Job instance at 0x7f677174b910>,75,19,[1 5],76,210,229,134,209
1,<environment.Job instance at 0x7f672d6b4140>,77,1,[10  2],78,210,211,132,209
1,<environment.Job instance at 0x7f672d6b49b0>,79,1,[9 4],80,223,224,143,223
1,<environment.Job instance at 0x7f6771983280>,53,18,[4 6],54,226,244,172,226
1,<environment.Job instance at 0x7f672d6b41e0>,83,3,[3 9],84,233,236,149,233
1,<environment.Job instance at 0x7f672d77ad70>,84,27,[6 1],85,236,263,151,234
1,<environment.Job instance at 0x7f6771245c30>,88,3,[3 8],89,258,261,169,258
1,<environment.Job instance at 0x7f6771245910>,91,24,[14  3],92,268,292,176,268
1,<environment.Job instance at 0x7f67712454b0>,93,24,[10  2],94,292,316,198,287
1,<environment.Job instance at 0x7f672dd94cd0>,13,3,[ 4 10],14,17,20,3,17
1,<environment.Job instance at 0x7f672d54bc30>,15,27,[4 5],16,18,45,2,18
1,<environment.Job instance at 0x7f6771983e60>,16,1,[12  2],17,45,46,28,18
1,<environment.Job instance at 0x7f672d8dee10>,21,2,[ 5 10],22,41,43,19,41
1,<environment.Job instance at 0x7f672de73280>,25,3,[9 2],26,46,49,20,42
1,<environment.Job instance at 0x7f67718b4640>,26,25,[7 3],27,49,74,22,45
1,<environment.Job instance at 0x7f6778096f50>,27,3,[8 1],28,49,52,21,45
1,<environment.Job instance at 0x7f67712a25f0>,30,26,[6 4],31,57,83,26,57
1,<environment.Job instance at 0x7f6771986140>,37,21,[9 4],38,86,107,48,86
1,<environment.Job instance at 0x7f672d8d2d20>,47,3,[ 1 10],48,104,107,56,104
1,<environment.Job instance at 0x7f67781630a0>,49,20,[5 9],50,107,127,57,106
1,<environment.Job instance at 0x7f67781632d0>,53,3,[6 3],54,139,142,85,139
1,<environment.Job instance at 0x7f672d949500>,54,2,[10  4],55,142,144,87,139
1,<environment.Job instance at 0x7f672d949af0>,55,3,[1 9],56,139,142,83,139
1,<environment.Job instance at 0x7f67781636e0>,56,2,[5 2],57,139,141,82,139
1,<environment.Job instance at 0x7f6778475fa0>,59,2,[6 1],60,144,146,84,140
1,<environment.Job instance at 0x7f6778475640>,60,2,[6 1],61,144,146,83,140
1,<environment.Job instance at 0x7f677190a280>,64,1,[13  5],65,157,158,92,157
1,<environment.Job instance at 0x7f677190a6e0>,66,1,[5 7],67,163,164,96,163
1,<environment.Job instance at 0x7f672dd77140>,69,3,[ 3 10],70,179,182,109,179
1,<environment.Job instance at 0x7f672dd779b0>,70,25,[5 3],71,179,204,108,179
1,<environment.Job instance at 0x7f672dd775a0>,72,2,[3 7],73,191,193,118,191
1,<environment.Job instance at 0x7f677824d9b0>,75,2,[8 1],76,204,206,128,204
1,<environment.Job instance at 0x7f677197e0f0>,77,1,[ 4 10],78,205,206,127,205
1,<environment.Job instance at 0x7f672d8b0410>,79,28,[3 9],80,223,251,143,223
1,<environment.Job instance at 0x7f67719a7460>,82,23,[3 7],83,251,274,168,245
1,<environment.Job instance at 0x7f67715e95a0>,86,3,[ 5 14],87,274,277,187,249
1,<environment.Job instance at 0x7f6777f090f0>,93,1,[5 4],94,277,278,183,274
1,<environment.Job instance at 0x7f6777f09fa0>,95,1,[1 8],96,277,278,181,274
1,<environment.Job instance at 0x7f6777f094b0>,94,3,[8 2],95,277,280,182,274
1,<environment.Job instance at 0x7f6777f09d70>,98,3,[ 4 10],99,281,284,182,281
1,<environment.Job instance at 0x7f677811f4b0>,6,1,[ 5 10],7,7,8,0,7
1,<environment.Job instance at 0x7f677811fb90>,13,20,[ 5 12],14,23,43,9,23
1,<environment.Job instance at 0x7f677811f820>,9,2,[13  4],10,43,45,33,41
1,<environment.Job instance at 0x7f677811fc30>,14,2,[ 5 11],15,45,47,30,44
1,<environment.Job instance at 0x7f677811f780>,21,2,[ 5 11],22,48,50,26,48
1,<environment.Job instance at 0x7f67780f7460>,24,1,[6 1],25,49,50,24,49
1,<environment.Job instance at 0x7f67780f78c0>,30,2,[8 2],31,62,64,31,62
1,<environment.Job instance at 0x7f67780f7b40>,34,1,[4 6],35,75,76,40,75
1,<environment.Job instance at 0x7f67780f71e0>,41,1,[6 3],42,104,105,62,104
1,<environment.Job instance at 0x7f67780fd3c0>,43,3,[10  4],44,113,116,69,113
1,<environment.Job instance at 0x7f67780fd230>,44,1,[4 8],45,113,114,68,113
1,<environment.Job instance at 0x7f67780fd6e0>,46,27,[2 9],47,114,141,67,114
1,<environment.Job instance at 0x7f67780fda50>,51,1,[10  1],52,144,145,92,144
1,<environment.Job instance at 0x7f67780fdaf0>,52,22,[8 1],53,145,167,92,144
1,<environment.Job instance at 0x7f67780fdeb0>,55,3,[ 1 13],56,171,174,115,171
1,<environment.Job instance at 0x7f677810c050>,56,2,[14  2],57,171,173,114,171
1,<environment.Job instance at 0x7f672d5712d0>,7,2,[5 2],8,10,12,2,10
1,<environment.Job instance at 0x7f672dc39910>,9,19,[2 5],10,11,30,1,11
1,<environment.Job instance at 0x7f672dc5ad70>,10,1,[2 5],11,11,12,0,11
1,<environment.Job instance at 0x7f672d9affa0>,13,1,[5 5],14,15,16,1,15
1,<environment.Job instance at 0x7f6777d68b40>,15,2,[ 3 11],16,30,32,14,16
1,<environment.Job instance at 0x7f67719a8370>,17,1,[10  3],18,23,24,5,23
1,<environment.Job instance at 0x7f672d822500>,22,3,[ 4 11],23,40,43,17,40
1,<environment.Job instance at 0x7f6771510a00>,25,2,[9 1],26,55,57,29,55
1,<environment.Job instance at 0x7f67715100a0>,28,24,[5 6],29,68,92,39,68
1,<environment.Job instance at 0x7f67715105f0>,29,2,[1 7],30,68,70,38,68
1,<environment.Job instance at 0x7f67718ddb90>,30,3,[ 3 12],31,92,95,61,68
1,<environment.Job instance at 0x7f6778250640>,35,1,[4 9],36,100,101,64,100
1,<environment.Job instance at 0x7f67719cf0f0>,37,2,[9 4],38,102,104,64,102
1,<environment.Job instance at 0x7f67715361e0>,40,20,[ 4 10],41,122,142,81,122
1,<environment.Job instance at 0x7f672d5771e0>,44,2,[1 9],45,142,144,97,139
1,<environment.Job instance at 0x7f672d577460>,46,24,[4 5],47,141,165,94,141
1,<environment.Job instance at 0x7f672d5777d0>,47,24,[4 8],48,144,168,96,141
1,<environment.Job instance at 0x7f672d8a7aa0>,50,2,[3 5],51,165,167,114,144
1,<environment.Job instance at 0x7f672d8a7fa0>,53,1,[3 7],54,167,168,113,146
1,<environment.Job instance at 0x7f672ddfc820>,55,2,[9 5],56,168,170,112,149
1,<environment.Job instance at 0x7f67718c29b0>,60,2,[7 5],61,170,172,109,168
1,<environment.Job instance at 0x7f67718c2eb0>,61,2,[ 2 10],62,168,170,106,168
1,<environment.Job instance at 0x7f6771369050>,62,23,[6 2],63,170,193,107,168
1,<environment.Job instance at 0x7f6771369f00>,63,1,[9 4],64,172,173,108,168
1,<environment.Job instance at 0x7f67713699b0>,64,3,[ 1 12],65,173,176,108,168
1,<environment.Job instance at 0x7f67716fce10>,69,3,[4 5],70,196,199,126,196
1,<environment.Job instance at 0x7f67716fc410>,70,2,[1 5],71,196,198,125,196
1,<environment.Job instance at 0x7f67716fc230>,71,1,[3 6],72,198,199,126,196
1,<environment.Job instance at 0x7f672d9b10f0>,73,1,[11  3],74,210,211,136,210
1,<environment.Job instance at 0x7f672d7304b0>,75,28,[ 4 12],76,211,239,135,211
1,<environment.Job instance at 0x7f672d9b11e0>,78,15,[1 6],79,239,254,160,238
1,<environment.Job instance at 0x7f672d9b1690>,79,1,[ 4 13],80,254,255,174,238
1,<environment.Job instance at 0x7f672d83c5f0>,80,1,[7 5],81,239,240,158,238
1,<environment.Job instance at 0x7f67716c2af0>,82,2,[3 5],83,240,242,157,238
1,<environment.Job instance at 0x7f672d8f6730>,0,25,[6 2],1,1,26,0,1
1,<environment.Job instance at 0x7f672daf9a00>,10,25,[5 5],11,11,36,0,11
1,<environment.Job instance at 0x7f672daf9410>,13,3,[ 4 11],14,36,39,22,25
1,<environment.Job instance at 0x7f672daf9050>,17,1,[10  1],18,26,27,8,25
1,<environment.Job instance at 0x7f672d65b7d0>,20,2,[10  4],21,29,31,8,29
1,<environment.Job instance at 0x7f672daf9f00>,15,19,[2 8],16,39,58,23,29
1,<environment.Job instance at 0x7f672d65ba50>,24,1,[2 9],25,58,59,33,41
1,<environment.Job instance at 0x7f672d65be10>,27,2,[10  2],28,58,60,30,58
1,<environment.Job instance at 0x7f6777eb1e10>,34,19,[ 5 10],35,102,121,67,102
1,<environment.Job instance at 0x7f6777eb1460>,37,27,[8 5],38,107,134,69,107
1,<environment.Job instance at 0x7f6777eb1730>,39,3,[ 1 12],40,134,137,94,113
1,<environment.Job instance at 0x7f6777eb1500>,41,1,[2 7],42,121,122,79,117
1,<environment.Job instance at 0x7f6777eb14b0>,42,1,[1 8],43,122,123,79,117
1,<environment.Job instance at 0x7f6777eb1c30>,44,3,[13  1],45,134,137,89,124
1,<environment.Job instance at 0x7f67718d8190>,48,3,[1 7],49,143,146,94,143
1,<environment.Job instance at 0x7f67718d8c80>,50,20,[8 5],51,143,163,92,143
1,<environment.Job instance at 0x7f67718d8050>,52,3,[5 8],53,150,153,97,150
1,<environment.Job instance at 0x7f67718d8be0>,53,2,[6 2],54,153,155,99,152
1,<environment.Job instance at 0x7f67718d88c0>,55,25,[4 5],56,158,183,102,158
1,<environment.Job instance at 0x7f67718d8b90>,56,2,[ 1 10],57,163,165,106,158
1,<environment.Job instance at 0x7f672de59640>,58,1,[ 4 14],59,183,184,124,158
1,<environment.Job instance at 0x7f672de59730>,59,1,[5 6],60,165,166,105,158
1,<environment.Job instance at 0x7f672de59a50>,64,2,[3 9],65,171,173,106,171
1,<environment.Job instance at 0x7f672de59f50>,65,1,[1 7],66,173,174,107,171
1,<environment.Job instance at 0x7f672de597d0>,67,1,[4 7],68,174,175,106,171
1,<environment.Job instance at 0x7f672de59050>,69,2,[4 8],70,175,177,105,175
1,<environment.Job instance at 0x7f672ddee8c0>,70,2,[13  2],71,184,186,113,175
1,<environment.Job instance at 0x7f672ddeee10>,74,1,[12  5],75,190,191,115,190
1,<environment.Job instance at 0x7f672ddee910>,75,3,[3 9],76,190,193,114,190
1,<environment.Job instance at 0x7f672ddee320>,77,26,[ 3 10],78,202,228,124,202
1,<environment.Job instance at 0x7f672ddeef00>,80,2,[5 4],81,214,216,133,214
1,<environment.Job instance at 0x7f672ddee410>,81,3,[12  2],82,224,227,142,224
1,<environment.Job instance at 0x7f672ddeedc0>,86,2,[5 9],87,228,230,141,224
1,<environment.Job instance at 0x7f67718ecfa0>,92,1,[7 4],93,233,234,140,233
1,<environment.Job instance at 0x7f67718ec820>,94,3,[14  3],95,238,241,143,238
1,<environment.Job instance at 0x7f67718ec640>,98,1,[2 8],99,254,255,155,254
1,<environment.Job instance at 0x7f677817c190>,6,1,[11  3],7,12,13,5,12
1,<environment.Job instance at 0x7f677817c0a0>,12,2,[8 5],13,13,15,0,13
1,<environment.Job instance at 0x7f6778181d70>,14,2,[8 5],15,15,17,0,15
1,<environment.Job instance at 0x7f6778176a00>,21,3,[6 5],22,47,50,25,47
1,<environment.Job instance at 0x7f67781768c0>,23,3,[4 7],24,52,55,28,52
1,<environment.Job instance at 0x7f6771532be0>,25,3,[8 5],26,62,65,36,62
1,<environment.Job instance at 0x7f6778176f50>,28,3,[4 7],29,75,78,46,75
1,<environment.Job instance at 0x7f6778176780>,29,3,[4 8],30,75,78,45,75
1,<environment.Job instance at 0x7f677133e460>,31,18,[7 1],32,83,101,51,83
1,<environment.Job instance at 0x7f677135d870>,34,2,[10  2],35,101,103,66,89
1,<environment.Job instance at 0x7f677133ec30>,37,2,[9 2],38,103,105,65,97
1,<environment.Job instance at 0x7f6771590be0>,38,2,[13  1],39,105,107,66,97
1,<environment.Job instance at 0x7f677158ae10>,41,26,[7 2],42,107,133,65,104
1,<environment.Job instance at 0x7f672d3f5410>,43,3,[8 2],44,108,111,64,108
1,<environment.Job instance at 0x7f672d44eaf0>,45,3,[9 4],46,133,136,87,116
1,<environment.Job instance at 0x7f67714a54b0>,50,2,[8 1],51,129,131,78,129
1,<environment.Job instance at 0x7f67718abd70>,51,23,[5 9],52,131,154,79,129
1,<environment.Job instance at 0x7f672dc79870>,53,3,[ 1 14],54,154,157,100,129
1,<environment.Job instance at 0x7f672dc790a0>,54,1,[ 2 10],55,157,158,102,129
1,<environment.Job instance at 0x7f672dc65be0>,55,3,[8 5],56,136,139,80,129
1,<environment.Job instance at 0x7f672dc65690>,56,1,[ 3 13],57,158,159,101,130
1,<environment.Job instance at 0x7f672dc65140>,57,22,[2 9],58,159,181,101,152
1,<environment.Job instance at 0x7f672d9d58c0>,62,2,[5 4],63,152,154,89,152
1,<environment.Job instance at 0x7f67783fcaf0>,66,20,[8 2],67,157,177,90,157
1,<environment.Job instance at 0x7f67783fc0f0>,68,26,[2 5],69,177,203,108,174
1,<environment.Job instance at 0x7f67783fcbe0>,74,1,[10  4],75,193,194,118,193
1,<environment.Job instance at 0x7f67783fcc30>,76,24,[2 9],77,194,218,117,193
1,<environment.Job instance at 0x7f677810c820>,1,23,[1 8],2,2,25,0,2
1,<environment.Job instance at 0x7f6771391e60>,16,25,[8 1],17,17,42,0,17
1,<environment.Job instance at 0x7f672d4074b0>,24,28,[7 4],25,42,70,17,42
1,<environment.Job instance at 0x7f672d410c30>,25,20,[7 2],26,42,62,16,42
1,<environment.Job instance at 0x7f6778b322d0>,28,2,[7 1],29,62,64,33,57
1,<environment.Job instance at 0x7f67781638c0>,34,19,[1 8],35,73,92,38,73
1,<environment.Job instance at 0x7f67781630a0>,37,3,[6 1],38,80,83,42,80
1,<environment.Job instance at 0x7f672d771140>,41,3,[10  1],42,96,99,54,96
1,<environment.Job instance at 0x7f672d771be0>,43,20,[4 5],44,99,119,55,99
1,<environment.Job instance at 0x7f67718d8fa0>,44,2,[6 5],45,99,101,54,99
1,<environment.Job instance at 0x7f672d771280>,45,20,[5 5],46,99,119,53,99
1,<environment.Job instance at 0x7f67714d18c0>,49,2,[1 6],50,119,121,69,117
1,<environment.Job instance at 0x7f672dd50d20>,54,2,[5 2],55,145,147,90,145
1,<environment.Job instance at 0x7f672dd50320>,56,2,[14  1],57,147,149,90,145
1,<environment.Job instance at 0x7f672d6e2730>,57,2,[5 5],58,145,147,87,145
1,<environment.Job instance at 0x7f672d6e2960>,61,25,[1 6],62,160,185,98,160
1,<environment.Job instance at 0x7f672de1d730>,63,26,[10  4],64,173,199,109,173
1,<environment.Job instance at 0x7f672de1d550>,65,24,[4 7],66,185,209,119,180
1,<environment.Job instance at 0x7f672d9c5eb0>,72,1,[3 6],73,208,209,135,208
1,<environment.Job instance at 0x7f672d9c5be0>,73,2,[5 5],74,209,211,135,208
1,<environment.Job instance at 0x7f672d41f230>,77,28,[7 2],78,366,394,288,366
1,<environment.Job instance at 0x7f67713f4050>,78,3,[4 5],79,366,369,287,366
1,<environment.Job instance at 0x7f67713f4e10>,79,27,[ 3 10],80,369,396,289,367
1,<environment.Job instance at 0x7f672de0c320>,82,26,[9 1],83,394,420,311,391
1,<environment.Job instance at 0x7f672de0c190>,84,21,[10  5],85,420,441,335,412
1,<environment.Job instance at 0x7f672de0c730>,86,3,[ 2 14],87,441,444,354,441
1,<environment.Job instance at 0x7f672de0c9b0>,87,20,[10  2],88,444,464,356,441
1,<environment.Job instance at 0x7f672de0cf00>,97,27,[9 4],98,464,491,366,462
1,<environment.Job instance at 0x7f677179ed70>,13,2,[1 7],14,14,16,0,14
1,<environment.Job instance at 0x7f6778231820>,18,2,[1 7],19,32,34,13,32
1,<environment.Job instance at 0x7f6778231c30>,21,1,[3 9],22,44,45,22,44
1,<environment.Job instance at 0x7f6778231fa0>,23,3,[6 1],24,57,60,33,57
1,<environment.Job instance at 0x7f6778231960>,25,2,[ 2 12],26,60,62,34,60
1,<environment.Job instance at 0x7f67782315a0>,26,1,[3 9],27,62,63,35,60
1,<environment.Job instance at 0x7f6778231d70>,28,21,[2 5],29,71,92,42,71
1,<environment.Job instance at 0x7f6778231f00>,29,23,[5 7],30,71,94,41,71
1,<environment.Job instance at 0x7f6777e3f5a0>,32,2,[5 3],33,84,86,51,84
1,<environment.Job instance at 0x7f6777e3f9b0>,33,25,[ 1 10],34,94,119,60,90
1,<environment.Job instance at 0x7f6777e3f820>,35,2,[5 2],36,90,92,54,90
1,<environment.Job instance at 0x7f6777e3f370>,37,19,[ 2 10],38,119,138,81,109
1,<environment.Job instance at 0x7f6777e3ff50>,38,1,[ 5 14],39,138,139,99,110
1,<environment.Job instance at 0x7f6777e3faf0>,39,1,[5 1],40,110,111,70,110
1,<environment.Job instance at 0x7f6777e3faa0>,40,1,[2 9],41,139,140,98,111
1,<environment.Job instance at 0x7f6777e3f7d0>,43,3,[3 6],44,139,142,95,113
1,<environment.Job instance at 0x7f6777e3fdc0>,45,2,[5 7],46,140,142,94,113
1,<environment.Job instance at 0x7f6777e3fb90>,47,3,[10  5],48,122,125,74,122
1,<environment.Job instance at 0x7f672d5b1e60>,52,2,[4 5],53,142,144,89,142
1,<environment.Job instance at 0x7f672dc08820>,54,2,[8 4],55,160,162,105,160
1,<environment.Job instance at 0x7f672dc08e10>,55,2,[11  4],56,162,164,106,160
1,<environment.Job instance at 0x7f672dc08f50>,56,1,[6 4],57,160,161,103,160
1,<environment.Job instance at 0x7f672dc082d0>,58,2,[6 3],59,164,166,105,161
1,<environment.Job instance at 0x7f672dc08730>,59,21,[7 2],60,164,185,104,161
1,<environment.Job instance at 0x7f672dc08af0>,61,3,[ 1 10],62,164,167,102,164
1,<environment.Job instance at 0x7f672dc08500>,62,16,[8 1],63,167,183,104,165
1,<environment.Job instance at 0x7f67783393c0>,3,3,[1 8],4,4,7,0,4
1,<environment.Job instance at 0x7f67712dd0a0>,7,27,[4 8],8,8,35,0,8
1,<environment.Job instance at 0x7f67712dd410>,8,20,[ 4 13],9,35,55,26,26
1,<environment.Job instance at 0x7f677881bcd0>,11,3,[9 2],12,26,29,14,26
1,<environment.Job instance at 0x7f67712dd730>,12,1,[5 5],13,29,30,16,26
1,<environment.Job instance at 0x7f672dc55e60>,14,3,[10  5],15,30,33,15,27
1,<environment.Job instance at 0x7f672dc55870>,17,2,[9 5],18,33,35,15,27
1,<environment.Job instance at 0x7f672dc55f00>,19,1,[1 5],20,55,56,35,32
1,<environment.Job instance at 0x7f672dd11a50>,20,1,[10  3],21,55,56,34,32
1,<environment.Job instance at 0x7f672dc55960>,21,17,[7 1],22,37,54,15,37
1,<environment.Job instance at 0x7f67716c5c30>,23,2,[2 7],24,55,57,31,42
1,<environment.Job instance at 0x7f67716c5f00>,24,1,[1 7],25,56,57,31,42
1,<environment.Job instance at 0x7f67716c5fa0>,25,3,[3 6],26,57,60,31,42
1,<environment.Job instance at 0x7f67716c5410>,28,2,[7 3],29,60,62,31,60
1,<environment.Job instance at 0x7f67787e9730>,31,3,[5 2],32,65,68,33,65
1,<environment.Job instance at 0x7f67787e9c80>,35,1,[3 8],36,80,81,44,80
1,<environment.Job instance at 0x7f672dba0be0>,37,2,[7 1],38,80,82,42,80
1,<environment.Job instance at 0x7f672dba0c30>,38,2,[5 5],39,80,82,41,80
1,<environment.Job instance at 0x7f672dbd9280>,42,2,[6 4],43,97,99,54,97
1,<environment.Job instance at 0x7f672dbd90f0>,43,1,[5 3],44,97,98,53,97
1,<environment.Job instance at 0x7f672dbd9690>,45,1,[5 1],46,111,112,65,111
1,<environment.Job instance at 0x7f672dbcdf00>,48,3,[6 1],49,112,115,63,112
1,<environment.Job instance at 0x7f672d9f77d0>,50,1,[9 3],51,128,129,77,128
1,<environment.Job instance at 0x7f672d9f7460>,51,1,[2 5],52,128,129,76,128
1,<environment.Job instance at 0x7f672d9f79b0>,54,2,[7 3],55,129,131,74,128
1,<environment.Job instance at 0x7f6777dbcaa0>,57,1,[8 1],58,142,143,84,142
1,<environment.Job instance at 0x7f6777dbc140>,59,3,[9 5],60,158,161,98,158
1,<environment.Job instance at 0x7f6771537c80>,60,2,[8 4],61,161,163,100,158
1,<environment.Job instance at 0x7f677808f3c0>,61,1,[3 9],62,158,159,96,158
1,<environment.Job instance at 0x7f6777dbcc80>,62,1,[2 9],63,159,160,96,158
1,<environment.Job instance at 0x7f67716c20f0>,66,21,[10  4],67,175,196,108,175
1,<environment.Job instance at 0x7f672dadc0f0>,69,2,[9 5],70,196,198,126,188
1,<environment.Job instance at 0x7f6777dc1cd0>,70,1,[8 3],71,198,199,127,188
1,<environment.Job instance at 0x7f677158f5f0>,71,2,[10  3],72,199,201,127,189
1,<environment.Job instance at 0x7f672db88870>,75,23,[7 3],76,201,224,125,196
1,<environment.Job instance at 0x7f672d3eb190>,77,20,[8 3],78,201,221,123,196
1,<environment.Job instance at 0x7f672dbd0780>,79,22,[9 1],80,224,246,144,217
1,<environment.Job instance at 0x7fe9ead49870>,10,1,[7 3],11,37,38,26,37
1,<environment.Job instance at 0x7fe9ead49910>,11,2,[3 9],12,37,39,25,37
1,<environment.Job instance at 0x7fe9ead49be0>,15,3,[10  2],16,41,44,25,41
1,<environment.Job instance at 0x7fe9ead49960>,17,3,[10  3],18,45,48,27,45
1,<environment.Job instance at 0x7fe9ead49f50>,20,1,[3 7],21,72,73,51,72
1,<environment.Job instance at 0x7fe9ead49fa0>,21,3,[ 2 10],22,73,76,51,72
1,<environment.Job instance at 0x7fe9ead49e60>,22,2,[12  3],23,72,74,49,72
1,<environment.Job instance at 0x7fe9ead4a370>,26,22,[2 9],27,76,98,49,75
1,<environment.Job instance at 0x7fe9ead4a3c0>,33,2,[5 3],34,99,101,65,99
1,<environment.Job instance at 0x7fe9ead4a780>,36,2,[5 1],37,108,110,71,108
1,<environment.Job instance at 0x7fe9ead4ae60>,43,28,[6 4],44,137,165,93,137
1,<environment.Job instance at 0x7fe9ead4e3c0>,46,3,[5 4],47,169,172,122,169
1,<environment.Job instance at 0x7fe9ead4e2d0>,47,1,[2 6],48,169,170,121,169
1,<environment.Job instance at 0x7fe9ead4e460>,49,2,[1 9],50,170,172,120,169
1,<environment.Job instance at 0x7fe9ead4e500>,50,27,[9 1],51,170,197,119,169
1,<environment.Job instance at 0x7fe9ead4e640>,52,3,[ 3 11],53,196,199,143,196
1,<environment.Job instance at 0x7fe9ead64460>,0,20,[5 7],1,1,21,0,1
1,<environment.Job instance at 0x7fe9f22bf4b0>,10,2,[5 6],11,12,14,1,12
1,<environment.Job instance at 0x7fe9f22d23c0>,16,2,[9 1],17,19,21,2,19
1,<environment.Job instance at 0x7fe9f22d2410>,21,2,[9 3],22,44,46,22,44
1,<environment.Job instance at 0x7fe9f22d2460>,22,3,[8 5],23,46,49,23,45
1,<environment.Job instance at 0x7fe9a704a320>,0,2,[4 5],1,4,6,3,4
1,<environment.Job instance at 0x7fe9a70461e0>,4,28,[9 1],5,5,33,0,5
1,<environment.Job instance at 0x7fe9a7043c30>,16,3,[7 5],17,33,36,16,24
1,<environment.Job instance at 0x7fe9a7043730>,20,28,[7 3],21,36,64,15,36
1,<environment.Job instance at 0x7fe9a70435f0>,22,3,[3 9],23,45,48,22,45
1,<environment.Job instance at 0x7fe9a703a690>,25,3,[6 4],26,52,55,26,52
1,<environment.Job instance at 0x7fe9a7043dc0>,18,18,[3 8],19,55,73,36,52
1,<environment.Job instance at 0x7fe9a703a5f0>,29,1,[8 3],30,64,65,34,55
1,<environment.Job instance at 0x7fe9a703a4b0>,31,3,[1 8],32,73,76,41,69
1,<environment.Job instance at 0x7fe9a703a460>,35,2,[9 2],36,83,85,47,83
1,<environment.Job instance at 0x7fe9a702b370>,36,2,[5 1],37,83,85,46,83
1,<environment.Job instance at 0x7fe9a702b500>,37,1,[1 7],38,83,84,45,83
1,<environment.Job instance at 0x7fe9a702b5f0>,40,2,[8 3],41,94,96,53,94
1,<environment.Job instance at 0x7fe9a702b640>,42,2,[14  5],43,106,108,63,106
1,<environment.Job instance at 0x7fe9a702bf00>,43,21,[9 5],44,108,129,64,106
1,<environment.Job instance at 0x7fe9a702b780>,44,18,[10  2],45,129,147,84,118
1,<environment.Job instance at 0x7fe9a708c460>,46,22,[6 1],47,147,169,100,140
1,<environment.Job instance at 0x7fe9a708c230>,48,21,[5 1],49,140,161,91,140
1,<environment.Job instance at 0x7fe9a702bb90>,41,19,[ 3 14],42,162,181,120,162
1,<environment.Job instance at 0x7fe9a708cbe0>,54,1,[3 7],55,181,182,126,162
1,<environment.Job instance at 0x7fe9a709db40>,58,1,[ 5 14],59,182,183,123,168
1,<environment.Job instance at 0x7fe9a709df50>,60,2,[10  1],61,178,180,117,178
1,<environment.Job instance at 0x7fe9a709d2d0>,62,2,[9 4],63,183,185,120,182
1,<environment.Job instance at 0x7fe9a714a050>,63,3,[14  5],64,185,188,121,182
1,<environment.Job instance at 0x7fe9a714a3c0>,64,2,[1 7],65,183,185,118,182
1,<environment.Job instance at 0x7fe9a714af50>,65,1,[ 4 10],66,188,189,122,182
1,<environment.Job instance at 0x7fe9a714ad70>,67,1,[9 4],68,188,189,120,183
1,<environment.Job instance at 0x7fe9a703a1e0>,12,20,[7 3],13,13,33,0,13
1,<environment.Job instance at 0x7fe9a703a820>,16,20,[6 2],17,21,41,4,21
1,<environment.Job instance at 0x7fe9a703a9b0>,17,2,[5 9],18,33,35,15,23
1,<environment.Job instance at 0x7fe9a6fe9e60>,19,1,[4 6],20,35,36,15,25
1,<environment.Job instance at 0x7fe9a6fe9500>,23,1,[2 8],24,36,37,12,33
1,<environment.Job instance at 0x7fe9a6fe9910>,29,22,[1 6],30,63,85,33,63
1,<environment.Job instance at 0x7fe9a6fe96e0>,30,1,[5 1],31,63,64,32,63
1,<environment.Job instance at 0x7fe9a6fe93c0>,31,25,[10  4],32,64,89,32,63
1,<environment.Job instance at 0x7fe9a6fe9d20>,34,22,[1 9],35,85,107,50,78
1,<environment.Job instance at 0x7fe9a6fe6c80>,43,24,[3 6],44,100,124,56,100
1,<environment.Job instance at 0x7fe9a6fe6730>,44,2,[4 8],45,107,109,62,101
1,<environment.Job instance at 0x7fe9a6fe65a0>,45,20,[3 8],46,109,129,63,101
1,<environment.Job instance at 0x7fe9a6fe6af0>,47,27,[9 5],48,124,151,76,122
1,<environment.Job instance at 0x7fe9a7043870>,52,2,[6 4],53,129,131,76,128
1,<environment.Job instance at 0x7fe9a6fe61e0>,53,2,[ 3 14],54,151,153,97,128
1,<environment.Job instance at 0x7fe9a7043d70>,54,2,[1 9],55,131,133,76,128
1,<environment.Job instance at 0x7fe9a7043a00>,56,21,[6 1],57,135,156,78,135
1,<environment.Job instance at 0x7fe9a7043230>,59,1,[10  5],60,156,157,96,147
1,<environment.Job instance at 0x7fe9a7043b40>,61,2,[7 4],62,153,155,91,147
1,<environment.Job instance at 0x7fe9a70432d0>,63,18,[8 1],64,162,180,98,162
1,<environment.Job instance at 0x7fe9a7043370>,64,3,[ 3 12],65,164,167,99,164
1,<environment.Job instance at 0x7fe9a74b7230>,65,27,[5 5],66,167,194,101,165
1,<environment.Job instance at 0x7fe9a74b7dc0>,66,22,[2 8],67,167,189,100,165
1,<environment.Job instance at 0x7fe9a74b7550>,67,20,[5 2],68,180,200,112,171
1,<environment.Job instance at 0x7fe9a74b7c30>,73,27,[7 5],74,194,221,120,192
1,<environment.Job instance at 0x7fe9f219c230>,80,2,[9 4],81,221,223,140,213
1,<environment.Job instance at 0x7fe9a76810f0>,84,3,[2 5],85,238,241,153,238
1,<environment.Job instance at 0x7fe9a7681f50>,85,25,[3 7],86,238,263,152,238
1,<environment.Job instance at 0x7fe9a751f230>,89,3,[9 3],90,251,254,161,251
1,<environment.Job instance at 0x7fe9a751faf0>,90,1,[ 4 12],91,263,264,172,251
1,<environment.Job instance at 0x7fe9a751f410>,91,1,[10  1],92,254,255,162,251
1,<environment.Job instance at 0x7fe9a751ff00>,93,1,[5 2],94,255,256,161,252
1,<environment.Job instance at 0x7fe9a7409690>,5,24,[3 9],6,6,30,0,6
1,<environment.Job instance at 0x7fe9a7144190>,15,1,[12  4],16,17,18,1,17
1,<environment.Job instance at 0x7fe9a74ccaa0>,22,27,[5 5],23,24,51,1,24
1,<environment.Job instance at 0x7fe9a74cc0a0>,24,25,[1 7],25,34,59,9,34
1,<environment.Job instance at 0x7fe9a6f9a910>,36,27,[5 8],37,90,117,53,90
1,<environment.Job instance at 0x7fe9a753fc30>,41,24,[4 8],42,117,141,75,112
1,<environment.Job instance at 0x7fe9a6f9ae10>,45,19,[7 5],46,112,131,66,112
1,<environment.Job instance at 0x7fe9eab30370>,51,1,[11  1],52,131,132,79,131
1,<environment.Job instance at 0x7fe9eab30910>,54,2,[4 9],55,141,143,86,138
1,<environment.Job instance at 0x7fe9eab30c30>,55,2,[7 5],56,138,140,82,138
1,<environment.Job instance at 0x7fe9eab4afa0>,60,19,[2 7],61,157,176,96,157
1,<environment.Job instance at 0x7fe9eab4af00>,61,24,[1 9],62,176,200,114,171
1,<environment.Job instance at 0x7fe9eab360a0>,64,1,[2 5],65,171,172,106,171
1,<environment.Job instance at 0x7fe9eab54b90>,67,23,[10  4],68,176,199,108,176
1,<environment.Job instance at 0x7fe9eab69050>,73,3,[ 5 13],74,200,203,126,197
1,<environment.Job instance at 0x7fe9eab58d70>,77,1,[11  4],78,218,219,140,218
1,<environment.Job instance at 0x7fe9a7425c80>,78,1,[5 3],79,219,220,140,218
1,<environment.Job instance at 0x7fe9eab52b90>,83,1,[8 5],84,253,254,169,253
1,<environment.Job instance at 0x7fe9eabc4730>,85,24,[10  2],86,255,279,169,255
1,<environment.Job instance at 0x7fe9a7421af0>,88,19,[1 6],89,273,292,184,273
1,<environment.Job instance at 0x7fe9ed839c80>,89,27,[14  1],90,279,306,189,277
1,<environment.Job instance at 0x7fe9a76ec1e0>,92,2,[11  4],93,306,308,213,302
1,<environment.Job instance at 0x7fe9a76ecf50>,93,20,[5 7],94,308,328,214,302
1,<environment.Job instance at 0x7fe9ed847fa0>,94,1,[5 7],95,308,309,213,302
1,<environment.Job instance at 0x7fe9eab18fa0>,11,3,[1 6],12,12,15,0,12
1,<environment.Job instance at 0x7fe9eaf585f0>,20,1,[5 1],21,27,28,6,27
1,<environment.Job instance at 0x7fe9eaf58460>,23,1,[7 1],24,36,37,12,36
1,<environment.Job instance at 0x7fe9eaf58cd0>,27,3,[12  4],28,64,67,36,64
1,<environment.Job instance at 0x7fe9eaf58410>,29,28,[1 8],30,69,97,39,69
1,<environment.Job instance at 0x7fe9eaf58050>,33,2,[6 5],34,84,86,50,84
1,<environment.Job instance at 0x7fe9a75030f0>,0,27,[6 4],1,1,28,0,1
1,<environment.Job instance at 0x7fe9a7202b40>,8,22,[7 5],9,12,34,3,12
1,<environment.Job instance at 0x7fe9a75033c0>,1,1,[11  4],2,34,35,32,23
1,<environment.Job instance at 0x7fe9a71780a0>,12,24,[1 6],13,23,47,10,23
1,<environment.Job instance at 0x7fe9a73fe0a0>,19,2,[9 1],20,49,51,29,49
1,<environment.Job instance at 0x7fe9a74c20f0>,20,14,[1 8],21,49,63,28,49
1,<environment.Job instance at 0x7fe9a74c2fa0>,22,3,[1 9],23,63,66,40,49
1,<environment.Job instance at 0x7fe9a7602c30>,24,3,[ 2 12],25,66,69,41,49
1,<environment.Job instance at 0x7fe9a71db5a0>,25,2,[3 5],26,49,51,23,49
1,<environment.Job instance at 0x7fe9eade5410>,27,2,[8 4],28,57,59,29,57
1,<environment.Job instance at 0x7fe9f2048640>,30,1,[9 4],31,64,65,33,64
1,<environment.Job instance at 0x7fe9f20485a0>,31,2,[ 3 14],32,69,71,37,64
1,<environment.Job instance at 0x7fe9eacea6e0>,33,3,[10  3],34,75,78,41,75
1,<environment.Job instance at 0x7fe9eacea9b0>,34,3,[3 6],35,75,78,40,75
1,<environment.Job instance at 0x7fe9eacea730>,35,1,[8 4],36,78,79,42,75
1,<environment.Job instance at 0x7fe9eaceae10>,37,27,[9 3],38,81,108,43,81
1,<environment.Job instance at 0x7fe9eacea3c0>,40,2,[2 7],41,98,100,57,98
1,<environment.Job instance at 0x7fe9eacf2eb0>,42,1,[6 3],43,110,111,67,110
1,<environment.Job instance at 0x7fe9eacf2fa0>,44,17,[5 1],45,114,131,69,114
1,<environment.Job instance at 0x7fe9eacf2b40>,48,24,[4 7],49,135,159,86,135
1,<environment.Job instance at 0x7fe9ed34c960>,56,2,[3 6],57,172,174,115,172
1,<environment.Job instance at 0x7fe9a70f8320>,58,2,[5 8],59,177,179,118,177
1,<environment.Job instance at 0x7fe9eb064230>,59,3,[14  1],60,179,182,119,177
1,<environment.Job instance at 0x7fe9eb0644b0>,60,20,[4 6],61,182,202,121,177
1,<environment.Job instance at 0x7fe9eb064c80>,61,2,[8 4],62,177,179,115,177
1,<environment.Job instance at 0x7fe9eb064e60>,62,2,[8 4],63,182,184,119,177
1,<environment.Job instance at 0x7fe9eab18b90>,7,27,[ 2 11],8,11,38,3,11
1,<environment.Job instance at 0x7fe9ed54a230>,12,1,[12  5],13,38,39,25,21
1,<environment.Job instance at 0x7fe9ed54af50>,9,3,[11  2],10,26,29,16,26
1,<environment.Job instance at 0x7fe9a7209820>,25,1,[7 3],26,37,38,11,37
1,<environment.Job instance at 0x7fe9a7209dc0>,27,2,[7 2],28,39,41,11,38
1,<environment.Job instance at 0x7fe9ed603b90>,29,1,[5 7],30,50,51,20,50
1,<environment.Job instance at 0x7fe9ed603a50>,31,3,[3 9],32,54,57,22,54
1,<environment.Job instance at 0x7fe9a7503a00>,37,2,[ 3 10],38,85,87,47,85
1,<environment.Job instance at 0x7fe9eb2193c0>,38,18,[1 5],39,85,103,46,85
1,<environment.Job instance at 0x7fe9eac833c0>,40,19,[4 5],41,94,113,53,94
1,<environment.Job instance at 0x7fe9eac83d70>,41,3,[1 9],42,103,106,61,96
1,<environment.Job instance at 0x7fe9eac83780>,39,18,[9 5],40,111,129,71,111
1,<environment.Job instance at 0x7fe9eac4a550>,47,2,[9 3],48,129,131,81,111
1,<environment.Job instance at 0x7fe9eac4a780>,49,1,[5 4],50,113,114,63,112
1,<environment.Job instance at 0x7fe9eac4a8c0>,50,23,[9 4],51,131,154,80,125
1,<environment.Job instance at 0x7fe9eac4a870>,51,21,[8 2],52,154,175,102,146
1,<environment.Job instance at 0x7fe9eac4a730>,52,21,[5 7],53,146,167,93,146
1,<environment.Job instance at 0x7fe9eac4ad70>,58,28,[10  4],59,175,203,116,174
1,<environment.Job instance at 0x7fe9eac4aeb0>,61,1,[7 3],62,174,175,112,174
1,<environment.Job instance at 0x7fe9eac506e0>,69,1,[2 5],70,199,200,129,199
1,<environment.Job instance at 0x7fe9eac50140>,70,26,[4 9],71,200,226,129,199
1,<environment.Job instance at 0x7fe9eac50820>,74,2,[9 3],75,213,215,138,213
1,<environment.Job instance at 0x7fe9eac50be0>,77,23,[5 3],78,231,254,153,231
1,<environment.Job instance at 0x7fe9eac50f50>,83,24,[ 5 11],84,262,286,178,262
1,<environment.Job instance at 0x7fe9eac492d0>,87,19,[1 5],88,286,305,198,279
1,<environment.Job instance at 0x7fe9a7667e10>,6,25,[6 3],7,7,32,0,7
1,<environment.Job instance at 0x7fe9f217fa00>,8,2,[2 8],9,10,12,1,10
1,<environment.Job instance at 0x7fe9f217f9b0>,10,2,[5 4],11,11,13,0,11
1,<environment.Job instance at 0x7fe9f217f190>,11,2,[3 8],12,12,14,0,12
1,<environment.Job instance at 0x7fe9f217fe10>,12,1,[6 3],13,13,14,0,13
1,<environment.Job instance at 0x7fe9f217f460>,13,2,[14  3],14,32,34,18,14
1,<environment.Job instance at 0x7fe9f22ccf00>,14,1,[14  5],15,34,35,19,15
1,<environment.Job instance at 0x7fe9a7543c30>,16,2,[7 1],17,17,19,0,17
1,<environment.Job instance at 0x7fe9ed895690>,23,1,[12  4],24,35,36,11,24
1,<environment.Job instance at 0x7fe9f2048a50>,27,20,[1 8],28,28,48,0,28
1,<environment.Job instance at 0x7fe9eae42500>,30,2,[ 2 12],31,48,50,17,34
1,<environment.Job instance at 0x7fe9eaac7140>,31,21,[4 9],32,50,71,18,42
1,<environment.Job instance at 0x7fe9eae427d0>,35,23,[8 4],36,50,73,14,49
1,<environment.Job instance at 0x7fe9eaaadcd0>,37,20,[5 7],38,71,91,33,62
1,<environment.Job instance at 0x7fe9ed4a8870>,46,1,[7 4],47,81,82,34,81
1,<environment.Job instance at 0x7fe9eb0b48c0>,48,3,[2 7],49,86,89,37,86
1,<environment.Job instance at 0x7fe9a766bd20>,51,20,[ 5 13],52,103,123,51,103
1,<environment.Job instance at 0x7fe9eb23d5a0>,59,1,[8 1],60,114,115,54,114
1,<environment.Job instance at 0x7fe9a717e780>,60,24,[7 2],61,115,139,54,114
1,<environment.Job instance at 0x7fe9a717e410>,63,3,[10  3],64,139,142,75,130
1,<environment.Job instance at 0x7fe9a74ea3c0>,66,19,[2 9],67,147,166,80,147
1,<environment.Job instance at 0x7fe9a74ea5a0>,68,20,[ 1 10],69,166,186,97,157
1,<environment.Job instance at 0x7fe9ed646d20>,75,1,[ 2 10],76,186,187,110,180
1,<environment.Job instance at 0x7fe9ed6465a0>,78,2,[ 1 13],79,196,198,117,196
1,<environment.Job instance at 0x7fe9ed646780>,80,28,[ 2 14],81,199,227,118,199
1,<environment.Job instance at 0x7fe9ed646960>,81,28,[5 1],82,199,227,117,199
1,<environment.Job instance at 0x7fe9ed646af0>,84,3,[1 5],85,227,230,142,207
1,<environment.Job instance at 0x7fe9a75a8410>,86,3,[7 4],87,227,230,140,213
1,<environment.Job instance at 0x7fe9a75a86e0>,88,2,[7 4],89,227,229,138,219
1,<environment.Job instance at 0x7fe9a75a8d70>,89,2,[5 1],90,229,231,139,219
1,<environment.Job instance at 0x7fe9a75a8cd0>,90,2,[10  5],91,230,232,139,219
1,<environment.Job instance at 0x7fe9a75a8be0>,93,23,[7 4],94,232,255,138,226
1,<environment.Job instance at 0x7fe9a745c410>,100,2,[5 5],101,270,272,169,270
1,<environment.Job instance at 0x7fe9a745c190>,103,3,[13  5],104,284,287,180,284
1,<environment.Job instance at 0x7fe9a745c3c0>,104,3,[4 5],105,287,290,182,285
1,<environment.Job instance at 0x7fe9a745ceb0>,106,27,[5 2],107,292,319,185,292
1,<environment.Job instance at 0x7fe9ed34c550>,0,22,[2 5],1,1,23,0,1
1,<environment.Job instance at 0x7fe9ed34c640>,1,1,[8 4],2,3,4,1,3
1,<environment.Job instance at 0x7fe9a70462d0>,3,2,[ 4 10],4,5,7,1,5
1,<environment.Job instance at 0x7fe9a73f7d70>,10,1,[ 2 10],11,11,12,0,11
1,<environment.Job instance at 0x7fe9a753f690>,12,1,[9 5],13,13,14,0,13
1,<environment.Job instance at 0x7fe9a74bd9b0>,14,28,[4 5],15,15,43,0,15
1,<environment.Job instance at 0x7fe9eac1a140>,19,1,[4 5],20,30,31,10,30
1,<environment.Job instance at 0x7fe9eac1ae10>,17,2,[ 5 13],18,43,45,25,34
1,<environment.Job instance at 0x7fe9eb0af640>,21,25,[10  1],22,34,59,12,34
1,<environment.Job instance at 0x7fe9eb1e75f0>,27,1,[2 6],28,45,46,17,45
1,<environment.Job instance at 0x7fe9eb198640>,35,21,[9 3],36,86,107,50,86
1,<environment.Job instance at 0x7fe9eb198cd0>,37,25,[9 4],38,107,132,69,103
1,<environment.Job instance at 0x7fe9eb198500>,41,1,[5 5],42,103,104,61,103
1,<environment.Job instance at 0x7fe9a70469b0>,4,18,[10  2],5,132,150,127,129
1,<environment.Job instance at 0x7fe9eada76e0>,47,2,[1 8],48,129,131,81,129
1,<environment.Job instance at 0x7fe9eada7320>,49,28,[6 1],50,150,178,100,149
1,<environment.Job instance at 0x7fe9eada7cd0>,50,3,[2 8],51,149,152,98,149
1,<environment.Job instance at 0x7fe9eada7960>,53,1,[8 5],54,152,153,98,149
1,<environment.Job instance at 0x7fe9eae2ec80>,55,3,[7 5],56,154,157,98,154
1,<environment.Job instance at 0x7fe9eb198b40>,44,17,[1 9],45,163,180,118,163
1,<environment.Job instance at 0x7fe9eb1035a0>,63,24,[5 3],64,180,204,116,180
1,<environment.Job instance at 0x7fe9eb1033c0>,65,1,[5 9],66,189,190,123,189
1,<environment.Job instance at 0x7fe9a7445960>,67,2,[11  4],68,204,206,136,190
1,<environment.Job instance at 0x7fe9a7445370>,70,3,[8 3],71,193,196,122,193
1,<environment.Job instance at 0x7fe9a7450c80>,71,28,[9 4],72,206,234,134,205
1,<environment.Job instance at 0x7fe9eab17910>,76,1,[6 3],77,218,219,141,218
1,<environment.Job instance at 0x7fe9eda77b90>,78,19,[ 3 11],79,221,240,142,221
1,<environment.Job instance at 0x7fe9a7388d20>,86,21,[5 5],87,269,290,182,269
1,<environment.Job instance at 0x7fe9a7388550>,91,1,[4 5],92,284,285,192,284
1,<environment.Job instance at 0x7fe9a7388320>,95,3,[10  4],96,299,302,203,299
1,<environment.Job instance at 0x7fe9a7388870>,96,1,[ 4 10],97,299,300,202,299
1,<environment.Job instance at 0x7fe9a7388410>,99,2,[5 8],100,318,320,218,318
1,<environment.Job instance at 0x7fe9ed7f6960>,104,22,[4 9],105,346,368,241,346
1,<environment.Job instance at 0x7fe9a7264cd0>,106,21,[5 5],107,346,367,239,346
1,<environment.Job instance at 0x7fe9a75ebcd0>,5,25,[1 6],6,6,31,0,6
1,<environment.Job instance at 0x7fe9eacb5d20>,10,27,[11  2],11,15,42,4,15
1,<environment.Job instance at 0x7fe9f22cc3c0>,12,20,[ 5 10],13,42,62,29,33
1,<environment.Job instance at 0x7fe9ed2a1f50>,15,24,[8 3],16,42,66,26,37
1,<environment.Job instance at 0x7fe9a7388f00>,3,2,[13  2],4,66,68,62,61
1,<environment.Job instance at 0x7fe9eb125640>,27,24,[5 9],28,68,92,40,63
1,<environment.Job instance at 0x7fe9eb125af0>,31,28,[3 6],32,68,96,36,67
1,<environment.Job instance at 0x7fe9a74977d0>,38,2,[4 6],39,95,97,56,95
1,<environment.Job instance at 0x7fe9a74973c0>,39,26,[2 6],40,96,122,56,95
1,<environment.Job instance at 0x7fe9a7347230>,40,20,[9 3],41,96,116,55,95
1,<environment.Job instance at 0x7fe9eaedd820>,47,1,[ 1 13],48,122,123,74,118
1,<environment.Job instance at 0x7fe9eaedd8c0>,48,26,[8 2],49,118,144,69,118
1,<environment.Job instance at 0x7fe9eaedd960>,49,2,[9 3],50,144,146,94,119
1,<environment.Job instance at 0x7fe9eaeddbe0>,51,1,[5 4],52,120,121,68,120
1,<environment.Job instance at 0x7fe9eaedde60>,55,25,[ 3 14],56,146,171,90,146
1,<environment.Job instance at 0x7fe9eaedda50>,58,3,[10  2],59,171,174,112,158
1,<environment.Job instance at 0x7fe9eaeddb90>,60,2,[4 6],61,171,173,110,167
1,<environment.Job instance at 0x7fe9eaef40a0>,61,3,[ 4 13],62,173,176,111,167
1,<environment.Job instance at 0x7fe9eaef44b0>,64,27,[13  3],65,176,203,111,174
1,<environment.Job instance at 0x7fe9eaef4dc0>,75,19,[1 5],76,215,234,139,215
1,<environment.Job instance at 0x7fe9eaef4c30>,77,1,[10  2],78,216,217,138,216
1,<environment.Job instance at 0x7fe9eaef4e60>,79,1,[9 4],80,224,225,144,224
1,<environment.Job instance at 0x7fe9eaef4f50>,80,18,[9 2],81,225,243,144,224
1,<environment.Job instance at 0x7fe9eaefc280>,83,3,[3 9],84,235,238,151,235
1,<environment.Job instance at 0x7fe9eaefc190>,84,27,[6 1],85,238,265,153,236
1,<environment.Job instance at 0x7fe9eaefc3c0>,87,12,[1 6],88,252,264,164,252
1,<environment.Job instance at 0x7fe9eaefc640>,88,3,[3 8],89,252,255,163,252
1,<environment.Job instance at 0x7fe9eaefc870>,91,24,[14  3],92,265,289,173,263
1,<environment.Job instance at 0x7fe9eaefc7d0>,92,1,[1 8],93,263,264,170,263
1,<environment.Job instance at 0x7fe9eaefc8c0>,93,24,[10  2],94,289,313,195,284
1,<environment.Job instance at 0x7fe9eaefcc80>,96,1,[9 2],97,313,314,216,285
1,<environment.Job instance at 0x7fe9eaefcdc0>,97,1,[5 3],98,289,290,191,285
1,<environment.Job instance at 0x7fe9eaefcb90>,99,3,[10  1],100,314,317,214,288
1,<environment.Job instance at 0x7fe9eaefceb0>,101,2,[1 9],102,290,292,188,288
1,<environment.Job instance at 0x7fe9ead48320>,104,3,[9 3],105,317,320,212,297
1,<environment.Job instance at 0x7fe9ead48280>,106,1,[5 2],107,299,300,192,299
1,<environment.Job instance at 0x7fe9eacb2b40>,4,3,[10  2],5,5,8,0,5
1,<environment.Job instance at 0x7fe9ed7f6cd0>,5,27,[4 5],6,6,33,0,6
1,<environment.Job instance at 0x7fe9eaef4140>,6,1,[12  2],7,33,34,26,11
1,<environment.Job instance at 0x7fe9eb17ba00>,16,25,[7 3],17,34,59,17,30
1,<environment.Job instance at 0x7fe9eb17b690>,20,26,[6 4],21,34,60,13,31
1,<environment.Job instance at 0x7fe9eb0dbc80>,27,21,[9 4],28,59,80,31,51
1,<environment.Job instance at 0x7fe9eb0dbf00>,28,21,[5 1],29,60,81,31,52
1,<environment.Job instance at 0x7fe9eb132dc0>,33,1,[7 3],34,80,81,46,64
1,<environment.Job instance at 0x7fe9eb10a7d0>,38,2,[5 7],39,81,83,42,72
1,<environment.Job instance at 0x7fe9eb10a870>,39,20,[5 9],40,83,103,43,74
1,<environment.Job instance at 0x7fe9eaab3550>,43,3,[6 3],44,99,102,55,99
1,<environment.Job instance at 0x7fe9eaab3640>,44,2,[10  4],45,102,104,57,99
1,<environment.Job instance at 0x7fe9eaab3fa0>,45,3,[1 9],46,103,106,57,99
1,<environment.Job instance at 0x7fe9eaab3050>,46,2,[5 2],47,104,106,57,99
1,<environment.Job instance at 0x7fe9eaab3eb0>,47,3,[1 6],48,106,109,58,99
1,<environment.Job instance at 0x7fe9ead9ffa0>,50,2,[6 1],51,104,106,53,99
1,<environment.Job instance at 0x7fe9ead9fe10>,51,3,[7 4],52,106,109,54,100
1,<environment.Job instance at 0x7fe9ead9f910>,52,18,[3 7],53,109,127,56,107
1,<environment.Job instance at 0x7fe9ead9f5a0>,54,1,[13  5],55,127,128,72,109
1,<environment.Job instance at 0x7fe9ed528b90>,56,1,[5 7],57,122,123,65,122
1,<environment.Job instance at 0x7fe9a730e910>,42,18,[3 8],43,129,147,86,129
1,<environment.Job instance at 0x7fe9ed5283c0>,60,25,[5 3],61,129,154,68,129
1,<environment.Job instance at 0x7fe9ed5280a0>,65,2,[8 1],66,147,149,81,142
1,<environment.Job instance at 0x7fe9a735dc80>,67,1,[ 4 10],68,149,150,81,144
1,<environment.Job instance at 0x7fe9a735d690>,69,28,[3 9],70,159,187,89,159
1,<environment.Job instance at 0x7fe9ed8156e0>,72,23,[3 7],73,187,210,114,181
1,<environment.Job instance at 0x7fe9ed7f40a0>,76,3,[ 5 14],77,210,213,133,189
1,<environment.Job instance at 0x7fe9ed7f42d0>,79,18,[5 1],80,192,210,112,192
1,<environment.Job instance at 0x7fe9ed7f4140>,83,1,[5 4],84,209,210,125,209
1,<environment.Job instance at 0x7fe9ed7f49b0>,84,3,[8 2],85,213,216,128,210
1,<environment.Job instance at 0x7fe9a745d370>,85,1,[1 8],86,213,214,127,210
1,<environment.Job instance at 0x7fe9a745d960>,88,3,[ 4 10],89,224,227,135,224
1,<environment.Job instance at 0x7fe9a745da50>,92,18,[2 5],93,246,264,153,246
1,<environment.Job instance at 0x7fe9a745df00>,93,3,[5 3],94,246,249,152,246
1,<environment.Job instance at 0x7fe9a745d230>,95,1,[6 1],96,257,258,161,257
1,<environment.Job instance at 0x7fe9a745d500>,96,1,[ 5 10],97,258,259,161,257
1,<environment.Job instance at 0x7fe9eabb31e0>,4,1,[6 1],5,5,6,0,5
1,<environment.Job instance at 0x7fe9ed5e1460>,1,2,[ 5 11],2,6,8,4,6
1,<environment.Job instance at 0x7fe9a6dc1c30>,7,3,[9 4],8,8,11,0,8
1,<environment.Job instance at 0x7fe9eae0b4b0>,10,2,[8 2],11,11,13,0,11
1,<environment.Job instance at 0x7fe9a72baf00>,13,3,[2 7],14,14,17,0,14
1,<environment.Job instance at 0x7fe9a72ba1e0>,14,1,[4 6],15,15,16,0,15
1,<environment.Job instance at 0x7fe9eaec6af0>,21,1,[6 3],22,29,30,7,29
1,<environment.Job instance at 0x7fe9a6e507d0>,24,1,[4 8],25,41,42,16,41
1,<environment.Job instance at 0x7fe9a6e30460>,26,27,[2 9],27,45,72,18,45
1,<environment.Job instance at 0x7fe9ed7db320>,32,22,[8 1],33,68,90,35,68
1,<environment.Job instance at 0x7fe9a758fc80>,35,3,[ 1 13],36,84,87,48,84
1,<environment.Job instance at 0x7fe9a71bdaa0>,36,2,[14  2],37,90,92,53,85
1,<environment.Job instance at 0x7fe9a72f4a50>,39,2,[10  2],40,97,99,57,97
1,<environment.Job instance at 0x7fe9a72f4320>,40,2,[14  4],41,99,101,58,97
1,<environment.Job instance at 0x7fe9a72f4f50>,41,27,[8 5],42,101,128,59,99
1,<environment.Job instance at 0x7fe9a72f40a0>,43,1,[1 7],44,99,100,55,99
1,<environment.Job instance at 0x7fe9a7650aa0>,5,1,[4 9],6,6,7,0,6
1,<environment.Job instance at 0x7fe9a72f49b0>,7,2,[9 4],8,9,11,1,9
1,<environment.Job instance at 0x7fe9a7650f50>,10,20,[ 4 10],11,11,31,0,11
1,<environment.Job instance at 0x7fe9a72beeb0>,0,3,[ 3 12],1,31,34,30,24
1,<environment.Job instance at 0x7fe9a7675370>,16,24,[4 5],17,34,58,17,29
1,<environment.Job instance at 0x7fe9a76754b0>,17,24,[4 8],18,34,58,16,29
1,<environment.Job instance at 0x7fe9a7656500>,30,2,[7 5],31,61,63,30,61
1,<environment.Job instance at 0x7fe9a76561e0>,31,2,[ 2 10],32,61,63,29,61
1,<environment.Job instance at 0x7fe9a7656550>,32,23,[6 2],33,63,86,30,61
1,<environment.Job instance at 0x7fe9a76565a0>,33,1,[9 4],34,63,64,29,61
1,<environment.Job instance at 0x7fe9a7656690>,34,3,[ 1 12],35,64,67,29,61
1,<environment.Job instance at 0x7fe9a76569b0>,39,3,[4 5],40,75,78,35,75
1,<environment.Job instance at 0x7fe9a7656aa0>,40,2,[1 5],41,75,77,34,75
1,<environment.Job instance at 0x7fe9a7656af0>,41,1,[3 6],42,77,78,35,75
1,<environment.Job instance at 0x7fe9a7656e60>,43,1,[11  3],44,86,87,42,84
1,<environment.Job instance at 0x7fe9a7656f50>,45,28,[ 4 12],46,88,116,42,88
1,<environment.Job instance at 0x7fe9a76743c0>,49,1,[ 4 13],50,116,117,66,115
1,<environment.Job instance at 0x7fe9a7674460>,50,1,[7 5],51,117,118,66,115
1,<environment.Job instance at 0x7fe9a76745a0>,52,2,[3 5],53,117,119,64,115
1,<environment.Job instance at 0x7fe9a7656b90>,42,18,[6 5],43,119,137,76,119
1,<environment.Job instance at 0x7fe9a7674870>,57,2,[6 5],58,150,152,92,150
1,<environment.Job instance at 0x7fe9a76749b0>,59,3,[2 7],60,150,153,90,150
1,<environment.Job instance at 0x7fe9a7674960>,61,1,[6 2],62,162,163,100,162
1,<environment.Job instance at 0x7fe9a768b230>,65,24,[5 2],66,179,203,113,179
1,<environment.Job instance at 0x7fe9a768b370>,67,3,[7 5],68,191,194,123,191
1,<environment.Job instance at 0x7fe9a768b410>,68,1,[5 6],69,194,195,125,191
1,<environment.Job instance at 0x7fe9a768b4b0>,69,1,[3 8],70,191,192,121,191
1,<environment.Job instance at 0x7fe9a768b780>,70,25,[6 2],71,195,220,124,191
1,<environment.Job instance at 0x7fe9a768b6e0>,72,2,[8 4],73,203,205,130,194
1,<environment.Job instance at 0x7fe9a768b960>,73,3,[10  2],74,220,223,146,194
1,<environment.Job instance at 0x7fe9a768ba00>,74,1,[5 9],75,205,206,130,194
1,<environment.Job instance at 0x7fe9a768be60>,77,3,[1 6],78,206,209,128,206
1,<environment.Job instance at 0x7fe9a768bf50>,80,25,[5 5],81,229,254,148,229
1,<environment.Job instance at 0x7fe9a768b9b0>,82,1,[1 7],83,236,237,153,236
1,<environment.Job instance at 0x7fe9a7676280>,83,3,[ 4 11],84,254,257,170,236
1,<environment.Job instance at 0x7fe9a76763c0>,84,2,[7 5],85,237,239,152,236
1,<environment.Job instance at 0x7fe9a7676500>,85,19,[2 8],86,257,276,171,247
1,<environment.Job instance at 0x7fe9a7676640>,87,1,[10  1],88,278,279,190,278
1,<environment.Job instance at 0x7fe9a7676690>,88,3,[2 6],89,278,281,189,278
1,<environment.Job instance at 0x7fe9a7676960>,90,2,[10  4],91,280,282,189,280
1,<environment.Job instance at 0x7fe9a7676be0>,94,1,[2 9],95,294,295,199,294
1,<environment.Job instance at 0x7fe9a7676dc0>,97,2,[10  2],98,309,311,211,309
1,<environment.Job instance at 0x7fe9ed33da00>,4,3,[13  1],5,7,10,2,7
1,<environment.Job instance at 0x7fe9a6edb910>,10,20,[8 5],11,11,31,0,11
1,<environment.Job instance at 0x7fe9a7332640>,15,25,[4 5],16,16,41,0,16
1,<environment.Job instance at 0x7fe9a7332cd0>,18,1,[ 4 14],19,41,42,22,31
1,<environment.Job instance at 0x7fe9a766caf0>,25,1,[1 7],26,33,34,7,33
1,<environment.Job instance at 0x7fe9a7323730>,27,1,[4 7],28,34,35,6,33
1,<environment.Job instance at 0x7fe9a738dfa0>,30,2,[13  2],31,42,44,11,35
1,<environment.Job instance at 0x7fe9eadac460>,34,1,[12  5],35,50,51,15,50
1,<environment.Job instance at 0x7fe9eadacd70>,35,3,[3 9],36,50,53,14,50
1,<environment.Job instance at 0x7fe9eafcee60>,37,26,[ 3 10],38,57,83,19,57
1,<environment.Job instance at 0x7fe9eafcec30>,41,3,[12  2],42,79,82,37,79
1,<environment.Job instance at 0x7fe9eafce370>,42,1,[2 6],43,83,84,40,79
1,<environment.Job instance at 0x7fe9ed4c34b0>,47,2,[5 8],48,83,85,35,79
1,<environment.Job instance at 0x7fe9ed2c53c0>,52,1,[7 4],53,95,96,42,95
1,<environment.Job instance at 0x7fe9ed606d20>,54,3,[14  3],55,98,101,43,98
1,<environment.Job instance at 0x7fe9f1edfaa0>,57,3,[6 5],58,111,114,53,111
1,<environment.Job instance at 0x7fe9eb1f4a50>,58,1,[2 8],59,111,112,52,111
1,<environment.Job instance at 0x7fe9ed606a00>,59,2,[6 3],60,112,114,52,111
1,<environment.Job instance at 0x7fe9a6f75af0>,61,1,[5 3],62,123,124,61,123
1,<environment.Job instance at 0x7fe9a764fa00>,32,18,[4 8],33,123,141,90,123
1,<environment.Job instance at 0x7fe9a7638500>,63,3,[7 1],64,124,127,60,123
1,<environment.Job instance at 0x7fe9a76384b0>,65,3,[ 1 10],66,141,144,75,124
1,<environment.Job instance at 0x7fe9a76380a0>,66,1,[11  3],67,127,128,60,124
1,<environment.Job instance at 0x7fe9a7638640>,67,1,[8 4],68,128,129,60,124
1,<environment.Job instance at 0x7fe9a74ab230>,69,2,[3 9],70,144,146,74,135
1,<environment.Job instance at 0x7fe9eab5b9b0>,72,2,[8 5],73,151,153,78,151
1,<environment.Job instance at 0x7fe9eab5b460>,74,2,[8 5],75,158,160,83,158
1,<environment.Job instance at 0x7fe9eab5b8c0>,75,3,[10  5],76,160,163,84,158
1,<environment.Job instance at 0x7fe9ed9d8c30>,83,3,[4 7],84,214,217,130,214
1,<environment.Job instance at 0x7fe9eafb07d0>,85,3,[8 5],86,214,217,128,214
1,<environment.Job instance at 0x7fe9eafb01e0>,87,13,[7 1],88,221,234,133,221
1,<environment.Job instance at 0x7fe9eafb0c30>,88,3,[4 7],89,221,224,132,221
1,<environment.Job instance at 0x7fe9eafb0d20>,89,3,[4 8],90,224,227,134,221
1,<environment.Job instance at 0x7fe9eafb0730>,91,18,[7 1],92,227,245,135,226
1,<environment.Job instance at 0x7fe9eafb0a50>,94,2,[10  2],95,245,247,150,236
1,<environment.Job instance at 0x7fe9a6fe5e10>,97,2,[9 2],98,250,252,152,250
1,<environment.Job instance at 0x7fe9a6fe50f0>,98,2,[13  1],99,252,254,153,250
1,<environment.Job instance at 0x7fe9ed54acd0>,101,26,[7 2],102,257,283,155,257
1,<environment.Job instance at 0x7fe9eade24b0>,1,23,[5 9],2,2,25,0,2
1,<environment.Job instance at 0x7fe9a6cc64b0>,7,22,[2 9],8,25,47,17,18
1,<environment.Job instance at 0x7fe9a6cc69b0>,12,2,[5 4],13,20,22,7,20
1,<environment.Job instance at 0x7fe9a6cc6a50>,6,1,[ 3 13],7,47,48,40,33
1,<environment.Job instance at 0x7fe9a6cc6320>,16,20,[8 2],17,33,53,16,33
1,<environment.Job instance at 0x7fe9a6cc63c0>,18,26,[2 5],19,48,74,29,45
1,<environment.Job instance at 0x7fe9a6ca7d70>,24,1,[10  4],25,53,54,28,52
1,<environment.Job instance at 0x7fe9a6ca7aa0>,26,24,[2 9],27,54,78,27,53
1,<environment.Job instance at 0x7fe9a6ca7af0>,29,20,[ 3 11],30,78,98,48,75
1,<environment.Job instance at 0x7fe9a6ca7dc0>,30,1,[1 9],31,98,99,67,75
1,<environment.Job instance at 0x7fe9a6ca7820>,36,1,[7 4],37,91,92,54,91
1,<environment.Job instance at 0x7fe9a6e6d5f0>,38,2,[7 4],39,97,99,58,97
1,<environment.Job instance at 0x7fe9a6e6d8c0>,39,2,[2 6],40,99,101,59,97
1,<environment.Job instance at 0x7fe9a6e6d0f0>,41,2,[6 3],42,109,111,67,109
1,<environment.Job instance at 0x7fe9a6e6d500>,42,2,[2 8],43,109,111,66,109
1,<environment.Job instance at 0x7fe9a6e6dbe0>,45,2,[8 1],46,111,113,65,110
1,<environment.Job instance at 0x7fe9a6e6d140>,46,1,[ 3 11],47,111,112,64,110
1,<environment.Job instance at 0x7fe9ed54a870>,3,3,[ 1 14],4,112,115,108,111
1,<environment.Job instance at 0x7fe9a6e6d9b0>,48,1,[3 6],49,115,116,66,111
1,<environment.Job instance at 0x7fe9a6e6d1e0>,49,1,[9 1],50,113,114,63,111
1,<environment.Job instance at 0x7fe9a6e6d280>,51,23,[1 8],52,121,144,69,121
1,<environment.Job instance at 0x7fe9a6e6fd70>,57,1,[7 5],58,149,150,91,149
1,<environment.Job instance at 0x7fe9a6e6f4b0>,58,1,[10  1],59,150,151,91,149
1,<environment.Job instance at 0x7fe9a6e6f640>,59,3,[3 5],60,149,152,89,149
1,<environment.Job instance at 0x7fe9a6e6f550>,60,3,[ 2 10],61,151,154,90,150
1,<environment.Job instance at 0x7fe9a6e6f410>,64,2,[1 5],65,155,157,90,155
1,<environment.Job instance at 0x7fe9a6e6f0f0>,65,3,[9 4],66,156,159,90,156
1,<environment.Job instance at 0x7fe9a6e6fc30>,66,25,[8 1],67,159,184,92,156
1,<environment.Job instance at 0x7fe9a6e6f9b0>,69,3,[7 4],70,183,186,113,183
1,<environment.Job instance at 0x7fe9a6e6f7d0>,70,2,[3 9],71,184,186,113,184
1,<environment.Job instance at 0x7fe9a6c6c7d0>,74,28,[7 4],75,186,214,111,185
1,<environment.Job instance at 0x7fe9a6c6cc30>,75,20,[7 2],76,186,206,110,185
1,<environment.Job instance at 0x7fe9a6c6c2d0>,82,3,[8 4],83,220,223,137,220
1,<environment.Job instance at 0x7fe9a6c5d1e0>,84,19,[1 8],85,220,239,135,220
1,<environment.Job instance at 0x7fe9a6c5d910>,85,3,[9 3],86,223,226,137,222
1,<environment.Job instance at 0x7fe9a6c5db90>,93,20,[4 5],94,250,270,156,250
1,<environment.Job instance at 0x7fe9a6c5d820>,95,20,[5 5],96,251,271,155,251
1,<environment.Job instance at 0x7fe9a6c5d500>,99,2,[1 6],100,278,280,178,278
1,<environment.Job instance at 0x7fe9ed645960>,104,2,[5 2],105,302,304,197,302
1,<environment.Job instance at 0x7fe9ed645050>,106,2,[14  1],107,304,306,197,302
1,<environment.Job instance at 0x7fe9a7676320>,1,25,[1 6],2,2,27,0,2
1,<environment.Job instance at 0x7fe9eb1d9c80>,3,26,[10  4],4,4,30,0,4
1,<environment.Job instance at 0x7fe9ead49dc0>,17,28,[7 2],18,30,58,12,29
1,<environment.Job instance at 0x7fe9eb198730>,19,27,[ 3 10],20,29,56,9,29
1,<environment.Job instance at 0x7fe9eb1be780>,22,26,[9 1],23,58,84,35,55
1,<environment.Job instance at 0x7fe9a6ddffa0>,24,21,[10  5],25,84,105,59,76
1,<environment.Job instance at 0x7fe9eb1be870>,27,20,[10  2],28,105,125,77,96
1,<environment.Job instance at 0x7fe9a6c984b0>,37,27,[9 4],38,125,152,87,123
1,<environment.Job instance at 0x7fe9a6c98460>,38,3,[6 2],39,125,128,86,123
1,<environment.Job instance at 0x7fe9eb1be1e0>,26,3,[ 2 14],27,152,155,125,126
1,<environment.Job instance at 0x7fe9a6e006e0>,41,3,[2 9],42,128,131,86,127
1,<environment.Job instance at 0x7fe9a6e00a50>,43,1,[8 3],44,155,156,111,128
1,<environment.Job instance at 0x7fe9eafeca50>,53,2,[1 7],54,201,203,147,201
1,<environment.Job instance at 0x7fe9eafec4b0>,57,3,[8 3],58,225,228,167,225
1,<environment.Job instance at 0x7fe9eafec870>,58,2,[1 7],59,225,227,166,225
1,<environment.Job instance at 0x7fe9a7242140>,61,1,[3 9],62,229,230,167,229
1,<environment.Job instance at 0x7fe9eaff9c30>,63,3,[6 1],64,269,272,205,269
1,<environment.Job instance at 0x7fe9eaff9690>,65,2,[ 2 12],66,305,307,239,305
1,<environment.Job instance at 0x7fe9eaff9af0>,66,1,[3 9],67,307,308,240,305
1,<environment.Job instance at 0x7fe9a6cc6870>,1,21,[1 7],2,2,23,0,2
1,<environment.Job instance at 0x7fe9eaff9cd0>,2,1,[ 4 11],3,23,24,20,16
1,<environment.Job instance at 0x7fe9eab8e690>,20,25,[6 2],21,32,57,11,32
1,<environment.Job instance at 0x7fe9a700a690>,22,3,[14  1],23,57,60,34,32
1,<environment.Job instance at 0x7fe9a6e57910>,23,1,[ 4 12],24,32,33,8,32
1,<environment.Job instance at 0x7fe9a6e57730>,24,21,[5 2],25,33,54,8,32
1,<environment.Job instance at 0x7fe9eab8e550>,14,3,[ 1 12],15,54,57,39,51
1,<environment.Job instance at 0x7fe9a6e4bf50>,36,18,[1 8],37,73,91,36,73
1,<environment.Job instance at 0x7fe9a6e4abe0>,37,27,[4 8],38,91,118,53,89
1,<environment.Job instance at 0x7fe9a6e4a870>,38,20,[ 4 13],39,118,138,79,109
1,<environment.Job instance at 0x7fe9f22c6320>,49,1,[1 5],50,112,113,62,112
1,<environment.Job instance at 0x7fe9a75231e0>,58,2,[7 3],59,147,149,88,147
1,<environment.Job instance at 0x7fe9eaf51730>,61,3,[5 2],62,159,162,97,159
1,<environment.Job instance at 0x7fe9a6d82b90>,65,1,[3 8],66,177,178,111,177
1,<environment.Job instance at 0x7fe9a7467c80>,67,2,[7 1],68,177,179,109,177
1,<environment.Job instance at 0x7fe9a74678c0>,68,2,[5 5],69,177,179,108,177
1,<environment.Job instance at 0x7fe9a7676c30>,72,2,[6 4],73,195,197,122,195
1,<environment.Job instance at 0x7fe9eaaf4370>,73,1,[5 3],74,195,196,121,195
1,<environment.Job instance at 0x7fe9eaaf4500>,75,1,[5 1],76,202,203,126,202
1,<environment.Job instance at 0x7fe9eaaf4c30>,78,3,[6 1],79,210,213,131,210
1,<environment.Job instance at 0x7fe9eaaf4410>,80,1,[9 3],81,218,219,137,218
1,<environment.Job instance at 0x7fe9eaaf43c0>,81,1,[2 5],82,218,219,136,218
1,<environment.Job instance at 0x7fe9eaaf4b90>,84,2,[7 3],85,219,221,134,219
1,<environment.Job instance at 0x7fe9eaaf4aa0>,87,1,[8 1],88,232,233,144,232
1,<environment.Job instance at 0x7fe9eaaf41e0>,89,3,[9 5],90,244,247,154,244
1,<environment.Job instance at 0x7fe9eaaf47d0>,90,2,[8 4],91,247,249,156,244
1,<environment.Job instance at 0x7fe9eaaf4e10>,91,1,[3 9],92,244,245,152,244
1,<environment.Job instance at 0x7fe9eaaf4a50>,92,1,[2 9],93,245,246,152,244
1,<environment.Job instance at 0x7fe9eacfb050>,93,18,[6 1],94,261,279,167,261
1,<environment.Job instance at 0x7fe9eaaf4050>,85,18,[4 9],86,261,279,175,261
1,<environment.Job instance at 0x7fe9eacfb230>,96,21,[10  4],97,279,300,182,271
1,<environment.Job instance at 0x7fe9eacfb780>,99,2,[9 5],100,300,302,200,275
1,<environment.Job instance at 0x7fe9eacfb370>,100,1,[8 3],101,302,303,201,275
1,<environment.Job instance at 0x7fe9eacfb5f0>,105,23,[7 3],106,302,325,196,296
1,<environment.Job instance at 0x7fe9eacfb0f0>,107,20,[8 3],108,303,323,195,296
1,<environment.Job instance at 0x7fe9a6d845f0>,3,3,[5 2],4,4,7,0,4
1,<environment.Job instance at 0x7fe9eacfb820>,5,1,[8 4],6,6,7,0,6
1,<environment.Job instance at 0x7fe9a6d84b40>,7,2,[4 5],8,8,10,0,8
1,<environment.Job instance at 0x7fe9a6d84910>,11,2,[3 5],12,12,14,0,12
1,<environment.Job instance at 0x7fe9eaf34190>,16,12,[1 5],17,32,44,15,32
1,<environment.Job instance at 0x7fe9eaf34b40>,17,1,[1 9],18,32,33,14,32
1,<environment.Job instance at 0x7fe9eaf34fa0>,18,3,[7 1],19,32,35,13,32
1,<environment.Job instance at 0x7fe9eaf34e60>,19,2,[10  5],20,35,37,15,32
1,<environment.Job instance at 0x7fe9eaf346e0>,20,1,[5 8],21,33,34,12,32
1,<environment.Job instance at 0x7fe9eaf34e10>,22,26,[9 3],23,37,63,14,34
1,<environment.Job instance at 0x7fe9eaf34460>,24,3,[5 3],25,41,44,16,41
1,<environment.Job instance at 0x7fe9eaf34dc0>,26,3,[12  4],27,63,66,36,45
1,<environment.Job instance at 0x7fe9eaf34be0>,28,1,[5 9],29,54,55,25,54
1,<environment.Job instance at 0x7fe9a6d57fa0>,29,2,[ 1 10],30,55,57,25,54
1,<environment.Job instance at 0x7fe9a6d57f50>,31,3,[4 6],32,57,60,25,57
1,<environment.Job instance at 0x7fe9a734ad20>,34,2,[ 4 10],35,72,74,37,72
1,<environment.Job instance at 0x7fe9a734a3c0>,35,18,[6 4],36,73,91,37,73
1,<environment.Job instance at 0x7fe9ed603e10>,37,22,[6 4],38,80,102,42,80
1,<environment.Job instance at 0x7fe9ed603280>,42,2,[4 8],43,99,101,56,99
1,<environment.Job instance at 0x7fe9ed603230>,43,2,[10  3],44,102,104,58,99
1,<environment.Job instance at 0x7fe9ed6035a0>,45,3,[10  5],46,112,115,66,112
1,<environment.Job instance at 0x7fe9ed603c80>,49,2,[5 2],50,127,129,77,127
1,<environment.Job instance at 0x7fe9eda30be0>,50,2,[1 6],51,127,129,76,127
1,<environment.Job instance at 0x7fe9eda30320>,51,17,[7 1],52,127,144,75,127
1,<environment.Job instance at 0x7fe9eda305a0>,52,2,[9 5],53,144,146,91,127
1,<environment.Job instance at 0x7fe9eda30410>,55,19,[10  1],56,146,165,90,146
1,<environment.Job instance at 0x7fe9eda305f0>,57,2,[ 3 10],58,153,155,95,153
1,<environment.Job instance at 0x7fe9eda304b0>,58,23,[1 5],59,155,178,96,153
1,<environment.Job instance at 0x7fe9eda30730>,59,2,[12  2],60,165,167,105,157
1,<environment.Job instance at 0x7fe9ed4a64b0>,66,2,[5 1],67,193,195,126,193
1,<environment.Job instance at 0x7fe9ed4a6280>,67,20,[5 3],68,193,213,125,193
1,<environment.Job instance at 0x7fe9ed4a68c0>,68,3,[9 1],69,195,198,126,193
1,<environment.Job instance at 0x7fe9ed4a66e0>,72,3,[3 8],73,215,218,142,215
1,<environment.Job instance at 0x7fe9ed4a6cd0>,74,1,[4 6],75,224,225,149,224
1,<environment.Job instance at 0x7fe9eb125af0>,77,3,[5 6],78,243,246,165,243
1,<environment.Job instance at 0x7fe9eafda2d0>,0,1,[9 5],1,2,3,1,2
1,<environment.Job instance at 0x7fe9eafd9230>,8,3,[7 1],9,9,12,0,9
1,<environment.Job instance at 0x7fe9ed412460>,10,3,[13  5],11,12,15,1,11
1,<environment.Job instance at 0x7fe9eafd9190>,11,3,[6 4],12,15,18,3,12
1,<environment.Job instance at 0x7fe9eafc1370>,14,1,[8 2],15,15,16,0,15
1,<environment.Job instance at 0x7fe9ed42d910>,15,3,[14  3],16,18,21,2,16
1,<environment.Job instance at 0x7fe9ed42d8c0>,18,3,[ 2 10],19,26,29,7,26
1,<environment.Job instance at 0x7fe9ed435460>,19,1,[8 3],20,26,27,6,26
1,<environment.Job instance at 0x7fe9ed4354b0>,20,3,[8 1],21,27,30,6,26
1,<environment.Job instance at 0x7fe9ed420a00>,21,14,[1 8],22,29,43,7,29
1,<environment.Job instance at 0x7fe9ed4253c0>,24,1,[10  2],25,41,42,16,41
1,<environment.Job instance at 0x7fe9ed404370>,25,27,[1 5],26,41,68,15,41
1,<environment.Job instance at 0x7fe9ed425a50>,27,2,[ 1 10],28,47,49,19,47
1,<environment.Job instance at 0x7fe9a71d7550>,28,1,[4 7],29,49,50,20,47
1,<environment.Job instance at 0x7fe9a6f7e3c0>,29,3,[13  3],30,50,53,20,47
1,<environment.Job instance at 0x7fe9ed4b6af0>,34,3,[5 1],35,68,71,33,68
1,<environment.Job instance at 0x7fe9ed4b61e0>,36,1,[10  1],37,76,77,39,76
1,<environment.Job instance at 0x7fe9eaff4640>,41,21,[8 4],42,97,118,55,97
1,<environment.Job instance at 0x7fe9ed442c30>,26,18,[ 2 10],27,97,115,70,97
1,<environment.Job instance at 0x7fe9ed8386e0>,43,3,[6 5],44,115,118,71,97
1,<environment.Job instance at 0x7fe9ed838690>,44,3,[6 4],45,118,121,73,97
1,<environment.Job instance at 0x7fe9ed8385f0>,47,18,[2 7],48,118,136,70,109
1,<environment.Job instance at 0x7fe9a6f58460>,49,1,[1 7],50,121,122,71,116
1,<environment.Job instance at 0x7fe9a6f58e10>,51,3,[4 7],52,122,125,70,116
1,<environment.Job instance at 0x7fe9a6f58fa0>,52,3,[10  5],53,125,128,72,116
1,<environment.Job instance at 0x7fe9eafdf460>,54,20,[8 2],55,128,148,73,119
1,<environment.Job instance at 0x7fe9ed828280>,60,21,[10  5],61,148,169,87,140
1,<environment.Job instance at 0x7fe9ed828640>,61,2,[5 3],62,140,142,78,140
1,<environment.Job instance at 0x7fe9ed828eb0>,62,2,[5 5],63,142,144,79,140
1,<environment.Job instance at 0x7fe9ed828190>,63,19,[7 1],64,169,188,105,159
1,<environment.Job instance at 0x7fe9ed80a910>,65,1,[ 3 11],66,169,170,103,159
1,<environment.Job instance at 0x7fe9ed80a5a0>,67,2,[4 6],68,160,162,92,160
1,<environment.Job instance at 0x7fe9ed827af0>,75,1,[4 8],76,162,163,86,160
1,<environment.Job instance at 0x7fe9ed8277d0>,76,23,[ 1 13],77,170,193,93,164
1,<environment.Job instance at 0x7fe9ed8271e0>,77,2,[ 2 11],78,193,195,115,178
1,<environment.Job instance at 0x7fe9a6f87870>,83,1,[5 5],84,195,196,111,178
1,<environment.Job instance at 0x7fe9a6f87370>,84,24,[7 3],85,193,217,108,188
1,<environment.Job instance at 0x7fe9a6f87cd0>,86,21,[5 3],87,196,217,109,190
1,<environment.Job instance at 0x7fe9ed846aa0>,87,22,[1 9],88,196,218,108,190
1,<environment.Job instance at 0x7fe9ed846d20>,94,19,[ 5 12],95,218,237,123,208
1,<environment.Job instance at 0x7fe9ed8468c0>,95,27,[2 8],96,237,264,141,235
1,<environment.Job instance at 0x7fe9ed846910>,96,2,[3 7],97,237,239,140,235
1,<environment.Job instance at 0x7fe9ead9ea00>,98,1,[9 4],99,239,240,140,235
1,<environment.Job instance at 0x7fe9ed3859b0>,99,1,[ 4 13],100,264,265,164,237
1,<environment.Job instance at 0x7fe9ed82ff00>,101,1,[10  1],102,240,241,138,238
1,<environment.Job instance at 0x7fe9ed82f780>,102,24,[5 7],103,265,289,162,260
1,<environment.Job instance at 0x7fe9ed82f230>,104,1,[4 6],105,260,261,155,260
1,<environment.Job instance at 0x7fe9ed80e960>,105,2,[4 5],106,261,263,155,260
1,<environment.Job instance at 0x7ff780c0b280>,10,1,[7 3],11,28,29,17,28
1,<environment.Job instance at 0x7ff780c0b960>,11,2,[3 9],12,28,30,16,28
1,<environment.Job instance at 0x7ff780c0b460>,12,3,[6 3],13,29,32,16,29
1,<environment.Job instance at 0x7ff780c0b780>,15,3,[10  2],16,39,42,23,39
1,<environment.Job instance at 0x7ff780c0bdc0>,17,3,[10  3],18,42,45,24,41
1,<environment.Job instance at 0x7ff780c0bf50>,20,1,[3 7],21,83,84,62,83
1,<environment.Job instance at 0x7ff780c0bf00>,21,3,[ 2 10],22,84,87,62,83
1,<environment.Job instance at 0x7ff780c0bc30>,22,2,[12  3],23,83,85,60,83
1,<environment.Job instance at 0x7ff780c0c370>,26,22,[2 9],27,87,109,60,83
1,<environment.Job instance at 0x7ff780c0c410>,27,2,[6 4],28,85,87,57,83
1,<environment.Job instance at 0x7ff780c0c5a0>,30,1,[5 5],31,87,88,56,87
1,<environment.Job instance at 0x7ff780c0c3c0>,33,2,[5 3],34,98,100,64,98
1,<environment.Job instance at 0x7ff780c0c820>,34,3,[9 5],35,100,103,65,99
1,<environment.Job instance at 0x7ff780c0c960>,36,2,[5 1],37,111,113,74,111
1,<environment.Job instance at 0x7ff780c0ce60>,40,1,[1 8],41,130,131,89,130
1,<environment.Job instance at 0x7ff780c110f0>,43,28,[6 4],44,135,163,91,135
1,<environment.Job instance at 0x7ff780c11280>,46,3,[5 4],47,152,155,105,152
1,<environment.Job instance at 0x7ff780c11460>,49,2,[1 9],50,162,164,112,162
1,<environment.Job instance at 0x7ff780c11500>,50,27,[9 1],51,163,190,112,162
1,<environment.Job instance at 0x7ff780c11640>,52,3,[ 3 11],53,190,193,137,190
1,<environment.Job instance at 0x7ff780c25140>,0,2,[5 6],1,2,4,1,2
1,<environment.Job instance at 0x7ff780c25af0>,6,2,[9 1],7,7,9,0,7
1,<environment.Job instance at 0x7ff780c26be0>,11,2,[9 3],12,12,14,0,12
1,<environment.Job instance at 0x7ff73b002960>,18,14,[5 1],19,33,47,14,33
1,<environment.Job instance at 0x7ff73b002640>,19,3,[1 7],20,33,36,13,33
1,<environment.Job instance at 0x7ff73b00e280>,22,2,[4 9],23,46,48,23,46
1,<environment.Job instance at 0x7ff73b00e460>,24,1,[7 1],25,60,61,35,60
1,<environment.Job instance at 0x7ff73b00e500>,27,3,[ 2 10],28,62,65,34,62
1,<environment.Job instance at 0x7ff73b00e8c0>,29,3,[5 5],30,72,75,42,72
1,<environment.Job instance at 0x7ff73b00c5f0>,33,1,[5 6],34,88,89,54,88
1,<environment.Job instance at 0x7ff73b00c690>,34,2,[8 5],35,88,90,53,88
1,<environment.Job instance at 0x7ff73b00c870>,36,2,[8 2],37,90,92,53,89
1,<environment.Job instance at 0x7ff73b00c550>,39,3,[4 8],40,105,108,65,105
1,<environment.Job instance at 0x7ff73b00dd20>,41,3,[1 5],42,106,109,64,106
1,<environment.Job instance at 0x7ff73b00dc80>,42,1,[10  1],43,106,107,63,106
1,<environment.Job instance at 0x7ff73b00d820>,45,3,[5 5],46,120,123,74,120
1,<environment.Job instance at 0x7ff73b00d6e0>,46,22,[11  3],47,123,145,76,120
1,<environment.Job instance at 0x7ff73b00d2d0>,50,3,[9 1],51,145,148,94,137
1,<environment.Job instance at 0x7ff73b020a50>,52,1,[ 5 10],53,145,146,92,137
1,<environment.Job instance at 0x7ff73b020c80>,53,12,[1 7],54,146,158,92,146
1,<environment.Job instance at 0x7ff73b020910>,54,1,[9 4],55,148,149,93,146
1,<environment.Job instance at 0x7ff73b020820>,55,25,[3 9],56,158,183,102,154
1,<environment.Job instance at 0x7ff73b01ab40>,56,1,[7 4],57,154,155,97,154
1,<environment.Job instance at 0x7ff73b024a00>,59,23,[2 8],60,183,206,123,177
1,<environment.Job instance at 0x7ff73b187640>,62,2,[8 2],63,177,179,114,177
1,<environment.Job instance at 0x7ff73b266230>,63,1,[3 9],64,206,207,142,178
1,<environment.Job instance at 0x7ff73b0f9b40>,66,26,[9 1],67,179,205,112,179
1,<environment.Job instance at 0x7ff73b0f79b0>,76,23,[5 8],77,228,251,151,228
1,<environment.Job instance at 0x7ff73b0f7be0>,77,3,[4 9],78,251,254,173,228
1,<environment.Job instance at 0x7ff73b0f70f0>,78,2,[ 3 10],79,254,256,175,228
1,<environment.Job instance at 0x7ff73b0f7c30>,79,1,[10  3],80,228,229,148,228
1,<environment.Job instance at 0x7ff73b0f7550>,80,2,[3 8],81,256,258,175,229
1,<environment.Job instance at 0x7ff73b139eb0>,81,2,[12  1],82,254,256,172,229
1,<environment.Job instance at 0x7ff73b117690>,83,27,[5 3],84,256,283,172,254
1,<environment.Job instance at 0x7ff73b0efc80>,87,1,[1 6],88,258,259,170,257
1,<environment.Job instance at 0x7ff73b0ef6e0>,88,22,[9 2],89,258,280,169,257
1,<environment.Job instance at 0x7ff73b0ef5f0>,89,3,[ 4 12],90,280,283,190,259
1,<environment.Job instance at 0x7ff73b0d8d70>,0,28,[7 3],1,1,29,0,1
1,<environment.Job instance at 0x7ff7861806e0>,9,1,[8 3],10,10,11,0,10
1,<environment.Job instance at 0x7ff73aed9e10>,15,2,[9 2],16,29,31,13,16
1,<environment.Job instance at 0x7ff73aed9370>,17,1,[1 7],18,18,19,0,18
1,<environment.Job instance at 0x7ff7859e4550>,20,2,[8 3],21,27,29,6,27
1,<environment.Job instance at 0x7ff78617faa0>,22,2,[14  5],23,42,44,19,42
1,<environment.Job instance at 0x7ff7810d01e0>,23,21,[9 5],24,44,65,20,42
1,<environment.Job instance at 0x7ff786193870>,26,22,[6 1],27,59,81,32,59
1,<environment.Job instance at 0x7ff7810d09b0>,28,21,[5 1],29,65,86,36,60
1,<environment.Job instance at 0x7ff78618f690>,29,1,[8 5],30,81,82,51,60
1,<environment.Job instance at 0x7ff73af325f0>,30,1,[9 5],31,82,83,51,60
1,<environment.Job instance at 0x7ff73aed9410>,21,19,[ 3 14],22,83,102,61,83
1,<environment.Job instance at 0x7ff7861920a0>,38,1,[ 5 14],39,102,103,63,93
1,<environment.Job instance at 0x7ff73af4cfa0>,40,2,[10  1],41,101,103,60,101
1,<environment.Job instance at 0x7ff73af4c910>,42,2,[9 4],43,103,105,60,101
1,<environment.Job instance at 0x7ff73af4c550>,43,3,[14  5],44,105,108,61,101
1,<environment.Job instance at 0x7ff73aecf410>,44,2,[1 7],45,103,105,58,101
1,<environment.Job instance at 0x7ff73aecf460>,45,1,[ 4 10],46,108,109,62,101
1,<environment.Job instance at 0x7ff73aecfb40>,47,1,[9 4],48,108,109,60,102
1,<environment.Job instance at 0x7ff73aecfa00>,51,3,[3 6],52,128,131,76,128
1,<environment.Job instance at 0x7ff73aecf2d0>,52,1,[13  3],53,131,132,78,128
1,<environment.Job instance at 0x7ff73aecf500>,55,1,[8 2],56,146,147,90,146
1,<environment.Job instance at 0x7ff73aecfa50>,57,1,[4 8],58,153,154,95,153
1,<environment.Job instance at 0x7ff780a9ea00>,61,2,[3 8],62,170,172,108,170
1,<environment.Job instance at 0x7ff780a9eeb0>,62,27,[ 2 13],63,172,199,109,170
1,<environment.Job instance at 0x7ff73ae6a870>,68,1,[12  5],69,207,208,138,207
1,<environment.Job instance at 0x7ff73ae6a370>,69,1,[8 5],70,208,209,138,207
1,<environment.Job instance at 0x7ff780985a50>,72,2,[7 1],73,220,222,147,220
1,<environment.Job instance at 0x7ff780e43320>,73,2,[3 5],74,220,222,146,220
1,<environment.Job instance at 0x7ff780e433c0>,75,2,[4 6],76,223,225,147,223
1,<environment.Job instance at 0x7ff7809c3aa0>,76,2,[6 5],77,223,225,146,223
1,<environment.Job instance at 0x7ff7809c3af0>,78,3,[5 1],79,233,236,154,233
1,<environment.Job instance at 0x7ff73aed9780>,1,25,[10  4],2,2,27,0,2
1,<environment.Job instance at 0x7ff73b26b910>,4,22,[1 9],5,5,27,0,5
1,<environment.Job instance at 0x7ff73b4ef320>,13,24,[3 6],14,27,51,13,22
1,<environment.Job instance at 0x7ff73b4d0140>,15,20,[3 8],16,27,47,11,22
1,<environment.Job instance at 0x7ff73b1ea910>,17,27,[9 5],18,47,74,29,45
1,<environment.Job instance at 0x7ff780ed1410>,23,2,[ 3 14],24,74,76,50,47
1,<environment.Job instance at 0x7ff785c18d70>,26,21,[6 1],27,51,72,24,49
1,<environment.Job instance at 0x7ff780d50eb0>,34,3,[ 3 12],35,76,79,41,71
1,<environment.Job instance at 0x7ff780d502d0>,35,27,[5 5],36,79,106,43,77
1,<environment.Job instance at 0x7ff780d50fa0>,36,22,[2 8],37,79,101,42,77
1,<environment.Job instance at 0x7ff780d50140>,37,20,[5 2],38,92,112,54,92
1,<environment.Job instance at 0x7ff780e6d550>,43,27,[7 5],44,106,133,62,104
1,<environment.Job instance at 0x7ff780ca4280>,50,2,[9 4],51,134,136,83,134
1,<environment.Job instance at 0x7ff78554a5f0>,54,3,[2 5],55,152,155,97,152
1,<environment.Job instance at 0x7ff780d66d20>,55,25,[3 7],56,152,177,96,152
1,<environment.Job instance at 0x7ff780a62550>,59,3,[9 3],60,170,173,110,170
1,<environment.Job instance at 0x7ff7854bf3c0>,60,1,[ 4 12],61,177,178,116,170
1,<environment.Job instance at 0x7ff7854bf640>,61,1,[10  1],62,173,174,111,170
1,<environment.Job instance at 0x7ff7854bf780>,63,1,[5 2],64,177,178,113,177
1,<environment.Job instance at 0x7ff780cdb8c0>,68,21,[9 5],69,209,230,140,209
1,<environment.Job instance at 0x7ff73b3ba500>,69,3,[12  1],70,230,233,160,209
1,<environment.Job instance at 0x7ff780cdbf00>,71,1,[5 5],72,217,218,145,217
1,<environment.Job instance at 0x7ff780cdb7d0>,73,2,[ 4 10],74,221,223,147,221
1,<environment.Job instance at 0x7ff780cdbc80>,74,2,[5 3],75,223,225,148,221
1,<environment.Job instance at 0x7ff780cdba00>,78,3,[ 2 10],79,237,240,158,237
1,<environment.Job instance at 0x7ff780bf8e10>,80,3,[9 1],81,263,266,182,263
1,<environment.Job instance at 0x7ff780bf8a50>,81,2,[5 6],82,263,265,181,263
1,<environment.Job instance at 0x7ff73b38d730>,82,2,[3 5],83,265,267,182,263
1,<environment.Job instance at 0x7ff780ed13c0>,1,24,[4 8],2,2,26,0,2
1,<environment.Job instance at 0x7ff73b265550>,5,19,[7 5],6,7,26,1,7
1,<environment.Job instance at 0x7ff780bf3640>,15,2,[7 5],16,26,28,10,18
1,<environment.Job instance at 0x7ff780bf31e0>,11,1,[11  1],12,28,29,16,19
1,<environment.Job instance at 0x7ff780bf3e60>,21,24,[1 9],22,26,50,4,22
1,<environment.Job instance at 0x7ff780bf3960>,27,23,[10  4],28,36,59,8,36
1,<environment.Job instance at 0x7ff780bf3e10>,16,18,[8 2],17,59,77,42,52
1,<environment.Job instance at 0x7ff780bf5be0>,33,3,[ 5 13],34,59,62,25,52
1,<environment.Job instance at 0x7ff780bf5d70>,37,1,[11  4],38,77,78,39,68
1,<environment.Job instance at 0x7ff780bf54b0>,38,1,[5 3],39,68,69,29,68
1,<environment.Job instance at 0x7ff780c41820>,40,18,[4 6],41,84,102,43,84
1,<environment.Job instance at 0x7ff780c41eb0>,43,1,[8 5],44,94,95,50,94
1,<environment.Job instance at 0x7ff780c414b0>,45,24,[10  2],46,101,125,55,101
1,<environment.Job instance at 0x7ff73ae13cd0>,48,19,[1 6],49,121,140,72,121
1,<environment.Job instance at 0x7ff73ae13d70>,49,27,[14  1],50,125,152,75,123
1,<environment.Job instance at 0x7ff73ae13e60>,52,2,[11  4],53,152,154,99,129
1,<environment.Job instance at 0x7ff73ae13a50>,53,20,[5 7],54,154,174,100,145
1,<environment.Job instance at 0x7ff73ae19050>,54,1,[5 7],55,154,155,99,145
1,<environment.Job instance at 0x7ff73ae19140>,56,27,[4 5],57,155,182,98,153
1,<environment.Job instance at 0x7ff73ae19500>,62,3,[11  3],63,175,178,112,175
1,<environment.Job instance at 0x7ff73ae19780>,65,1,[8 1],66,178,179,112,175
1,<environment.Job instance at 0x7ff73ae198c0>,67,2,[2 6],68,189,191,121,189
1,<environment.Job instance at 0x7ff73ae19c80>,68,2,[5 5],69,189,191,120,189
1,<environment.Job instance at 0x7ff73ae19a50>,69,1,[5 7],70,191,192,121,189
1,<environment.Job instance at 0x7ff73ae19af0>,70,3,[1 6],71,191,194,120,189
1,<environment.Job instance at 0x7ff73ae19d20>,72,3,[4 9],73,210,213,137,210
1,<environment.Job instance at 0x7ff73ae19f00>,74,2,[10  3],75,232,234,157,232
1,<environment.Job instance at 0x7ff780f145f0>,10,1,[9 5],11,11,12,0,11
1,<environment.Job instance at 0x7ff7858c6e60>,14,24,[4 5],15,15,39,0,15
1,<environment.Job instance at 0x7ff780f34aa0>,27,1,[3 6],28,66,67,38,66
1,<environment.Job instance at 0x7ff785a65730>,37,1,[10  3],38,97,98,59,97
1,<environment.Job instance at 0x7ff73b1ea9b0>,41,2,[2 9],42,112,114,70,112
1,<environment.Job instance at 0x7ff73b1eac30>,42,2,[7 3],43,112,114,69,112
1,<environment.Job instance at 0x7ff73b1ea910>,43,3,[8 1],44,114,117,70,112
1,<environment.Job instance at 0x7ff73b1ea550>,48,2,[4 5],49,142,144,93,142
1,<environment.Job instance at 0x7ff73b1ea730>,49,23,[6 5],50,142,165,92,142
1,<environment.Job instance at 0x7ff73af439b0>,51,2,[5 7],52,144,146,92,142
1,<environment.Job instance at 0x7ff73af43e10>,52,1,[4 6],53,146,147,93,142
1,<environment.Job instance at 0x7ff73af431e0>,53,1,[4 9],54,147,148,93,142
1,<environment.Job instance at 0x7ff73af43460>,56,2,[8 4],57,148,150,91,144
1,<environment.Job instance at 0x7ff73af43aa0>,58,3,[3 9],59,150,153,91,146
1,<environment.Job instance at 0x7ff73af43e60>,59,21,[1 9],60,153,174,93,146
1,<environment.Job instance at 0x7ff73af43b90>,60,27,[6 4],61,165,192,104,163
1,<environment.Job instance at 0x7ff73af43960>,61,1,[11  4],62,192,193,130,168
1,<environment.Job instance at 0x7ff73af432d0>,67,2,[ 2 10],68,174,176,106,171
1,<environment.Job instance at 0x7ff785426e60>,68,22,[7 5],69,193,215,124,186
1,<environment.Job instance at 0x7ff785426730>,71,2,[2 6],72,189,191,117,189
1,<environment.Job instance at 0x7ff785426910>,72,24,[1 6],73,191,215,118,189
1,<environment.Job instance at 0x7ff785426a00>,75,3,[1 9],76,215,218,139,203
1,<environment.Job instance at 0x7ff78605bbe0>,79,2,[9 1],80,229,231,149,229
1,<environment.Job instance at 0x7ff785b18960>,82,3,[1 9],83,238,241,155,238
1,<environment.Job instance at 0x7ff785b18370>,84,3,[ 2 12],85,241,244,156,239
1,<environment.Job instance at 0x7ff7854c5aa0>,85,2,[3 5],86,239,241,153,239
1,<environment.Job instance at 0x7ff7854c5fa0>,87,2,[8 4],88,244,246,156,240
1,<environment.Job instance at 0x7ff7854c5f00>,90,1,[9 4],91,247,248,156,247
1,<environment.Job instance at 0x7ff785a41d20>,91,2,[ 3 14],92,248,250,156,247
1,<environment.Job instance at 0x7ff785a41820>,94,3,[3 6],95,254,257,159,254
1,<environment.Job instance at 0x7ff785a41a50>,95,1,[8 4],96,254,255,158,254
1,<environment.Job instance at 0x7ff785586910>,97,27,[9 3],98,269,296,171,269
1,<environment.Job instance at 0x7ff785586190>,100,2,[2 7],101,286,288,185,286
1,<environment.Job instance at 0x7ff785586140>,108,24,[4 7],109,318,342,209,318
1,<environment.Job instance at 0x7ff785586690>,111,3,[5 2],112,326,329,214,326
1,<environment.Job instance at 0x7ff7855867d0>,113,3,[4 7],114,333,336,219,333
1,<environment.Job instance at 0x7ff78603e140>,116,2,[3 6],117,349,351,232,349
1,<environment.Job instance at 0x7ff73b309a50>,0,20,[4 6],1,1,21,0,1
1,<environment.Job instance at 0x7ff785a07d70>,8,2,[13  3],9,21,23,12,20
1,<environment.Job instance at 0x7ff7858b2af0>,18,20,[3 8],19,23,43,4,21
1,<environment.Job instance at 0x7ff786038820>,20,24,[10  4],21,23,47,2,21
1,<environment.Job instance at 0x7ff786212be0>,21,21,[4 7],22,43,64,21,35
1,<environment.Job instance at 0x7ff7855d4c80>,24,1,[ 2 11],25,64,65,39,43
1,<environment.Job instance at 0x7ff7856960a0>,27,1,[2 6],28,47,48,19,45
1,<environment.Job instance at 0x7ff785696a50>,29,19,[5 5],30,65,84,35,55
1,<environment.Job instance at 0x7ff780d9a640>,33,3,[8 4],34,66,69,32,66
1,<environment.Job instance at 0x7ff7854affa0>,39,1,[ 5 14],40,104,105,64,104
1,<environment.Job instance at 0x7ff7854af2d0>,40,2,[5 1],41,104,106,63,104
1,<environment.Job instance at 0x7ff78601a0a0>,44,3,[7 4],45,121,124,76,121
1,<environment.Job instance at 0x7ff73b046fa0>,47,2,[7 4],48,138,140,90,138
1,<environment.Job instance at 0x7ff73b16cf00>,52,3,[4 8],53,171,174,118,171
1,<environment.Job instance at 0x7ff73ae86d20>,54,2,[1 6],55,171,173,116,171
1,<environment.Job instance at 0x7ff78567b460>,56,1,[5 1],57,181,182,124,181
1,<environment.Job instance at 0x7ff780c53820>,57,27,[ 2 11],58,181,208,123,181
1,<environment.Job instance at 0x7ff780c537d0>,59,3,[11  2],60,205,208,145,205
1,<environment.Job instance at 0x7ff73b3bc500>,62,1,[12  5],63,208,209,145,205
1,<environment.Job instance at 0x7ff73b3bc5a0>,67,3,[7 5],68,209,212,141,208
1,<environment.Job instance at 0x7ff73b4d0f00>,69,1,[8 2],70,209,210,139,209
1,<environment.Job instance at 0x7ff73b4d07d0>,74,3,[ 3 10],75,235,238,160,235
1,<environment.Job instance at 0x7ff780ed86e0>,75,1,[7 3],76,235,236,159,235
1,<environment.Job instance at 0x7ff780ed8050>,76,3,[5 4],77,236,239,159,235
1,<environment.Job instance at 0x7ff780ed97d0>,79,1,[5 7],80,240,241,160,240
1,<environment.Job instance at 0x7ff780ed9370>,81,3,[3 9],82,252,255,170,252
1,<environment.Job instance at 0x7ff780f35af0>,87,2,[ 3 10],88,293,295,205,293
1,<environment.Job instance at 0x7ff780f35780>,90,19,[4 5],91,304,323,213,304
1,<environment.Job instance at 0x7ff780aa05f0>,91,3,[1 9],92,304,307,212,304
1,<environment.Job instance at 0x7ff73b39d550>,95,1,[5 8],96,319,320,223,319
1,<environment.Job instance at 0x7ff7856a84b0>,97,2,[9 3],98,332,334,234,332
1,<environment.Job instance at 0x7ff780c8b050>,99,1,[5 4],100,332,333,232,332
1,<environment.Job instance at 0x7ff780c8b3c0>,100,23,[9 4],101,334,357,233,332
1,<environment.Job instance at 0x7ff7859e3280>,101,21,[8 2],102,357,378,255,349
1,<environment.Job instance at 0x7ff7859e3780>,102,21,[5 7],103,349,370,246,349
1,<environment.Job instance at 0x7ff780bc8d70>,108,28,[10  4],109,378,406,269,377
1,<environment.Job instance at 0x7ff73b3b05f0>,117,3,[6 3],118,406,409,288,402
1,<environment.Job instance at 0x7ff73b292af0>,0,26,[4 9],1,1,27,0,1
1,<environment.Job instance at 0x7ff73b1e9af0>,7,23,[5 3],8,8,31,0,8
1,<environment.Job instance at 0x7ff7809e3a00>,13,24,[ 5 11],14,27,51,13,22
1,<environment.Job instance at 0x7ff7811267d0>,17,19,[1 5],18,51,70,33,41
1,<environment.Job instance at 0x7ff781126230>,23,1,[10  5],24,73,74,49,73
1,<environment.Job instance at 0x7ff781126dc0>,25,2,[8 3],26,74,76,48,73
1,<environment.Job instance at 0x7ff73b26b0a0>,0,28,[ 2 14],1,1,29,0,1
1,<environment.Job instance at 0x7ff73afeaa00>,1,28,[5 1],2,2,30,0,2
1,<environment.Job instance at 0x7ff73b3b9370>,13,23,[7 4],14,29,52,15,23
1,<environment.Job instance at 0x7ff780af9500>,20,2,[5 5],21,32,34,11,32
1,<environment.Job instance at 0x7ff73af840a0>,23,3,[13  5],24,52,55,28,48
1,<environment.Job instance at 0x7ff780ea1550>,26,27,[5 2],27,55,82,28,53
1,<environment.Job instance at 0x7ff73b450f00>,30,22,[2 5],31,69,91,38,69
1,<environment.Job instance at 0x7ff73b25b730>,31,1,[8 4],32,69,70,37,69
1,<environment.Job instance at 0x7ff73ae4bd70>,32,1,[2 5],33,70,71,37,69
1,<environment.Job instance at 0x7ff780c41c30>,33,2,[ 4 10],34,82,84,48,69
1,<environment.Job instance at 0x7ff73b48fa00>,36,1,[2 6],37,81,82,44,81
1,<environment.Job instance at 0x7ff780fadc80>,34,18,[10  2],35,84,102,49,83
1,<environment.Job instance at 0x7ff73ae14e10>,40,1,[ 2 10],41,99,100,58,99
1,<environment.Job instance at 0x7ff78559e690>,41,2,[1 5],42,100,102,58,99
1,<environment.Job instance at 0x7ff73b4cabe0>,42,1,[9 5],43,102,103,59,99
1,<environment.Job instance at 0x7ff7810cf6e0>,44,28,[4 5],45,100,128,55,100
1,<environment.Job instance at 0x7ff73afcb410>,45,3,[9 2],46,103,106,57,100
1,<environment.Job instance at 0x7ff780f2b820>,47,2,[ 5 13],48,128,130,80,116
1,<environment.Job instance at 0x7ff7810bec30>,49,1,[4 5],50,116,117,66,116
1,<environment.Job instance at 0x7ff780ff50a0>,51,25,[10  1],52,129,154,77,129
1,<environment.Job instance at 0x7ff785b708c0>,53,2,[5 1],54,130,132,76,129
1,<environment.Job instance at 0x7ff73af99230>,56,3,[5 1],57,143,146,86,143
1,<environment.Job instance at 0x7ff7856b1af0>,57,1,[2 6],58,146,147,88,143
1,<environment.Job instance at 0x7ff7856b10a0>,58,18,[5 5],59,147,165,88,147
1,<environment.Job instance at 0x7ff780d1c780>,62,2,[1 7],63,158,160,95,158
1,<environment.Job instance at 0x7ff780d1c050>,65,21,[9 3],66,174,195,108,174
1,<environment.Job instance at 0x7ff780fb4f00>,67,25,[9 4],68,195,220,127,191
1,<environment.Job instance at 0x7ff780fb4cd0>,68,2,[7 5],69,220,222,151,193
1,<environment.Job instance at 0x7ff780fb4960>,71,1,[5 5],72,193,194,121,193
1,<environment.Job instance at 0x7ff780f1b050>,75,2,[4 8],76,209,211,133,209
1,<environment.Job instance at 0x7ff780f1bd70>,77,2,[1 8],78,217,219,139,217
1,<environment.Job instance at 0x7ff780f1bf00>,79,28,[6 1],80,219,247,139,218
1,<environment.Job instance at 0x7ff780f1b5f0>,74,17,[1 9],75,228,245,153,228
1,<environment.Job instance at 0x7ff780f1bf50>,83,1,[8 5],84,228,229,144,228
1,<environment.Job instance at 0x7ff780f1b1e0>,85,3,[7 5],86,233,236,147,233
1,<environment.Job instance at 0x7ff780c4c640>,93,24,[5 3],94,258,282,164,258
1,<environment.Job instance at 0x7ff780c4c280>,95,1,[5 9],96,273,274,177,273
1,<environment.Job instance at 0x7ff780c4c0f0>,97,2,[11  4],98,282,284,184,275
1,<environment.Job instance at 0x7ff780c4c460>,100,3,[8 3],101,285,288,184,285
1,<environment.Job instance at 0x7ff780c4cc80>,101,28,[9 4],102,288,316,186,287
1,<environment.Job instance at 0x7ff73afd3230>,106,1,[6 3],107,314,315,207,314
1,<environment.Job instance at 0x7ff73afd3aa0>,108,19,[ 3 11],109,328,347,219,328
1,<environment.Job instance at 0x7ff73afd3eb0>,113,3,[8 2],114,347,350,233,347
1,<environment.Job instance at 0x7ff73afd3b90>,115,3,[5 3],116,365,368,249,365
1,<environment.Job instance at 0x7ff73afd3cd0>,116,21,[5 5],117,365,386,248,365
1,<environment.Job instance at 0x7ff73b2acc30>,9,2,[5 8],10,10,12,0,10
1,<environment.Job instance at 0x7ff73afbc910>,14,22,[4 9],15,20,42,5,20
1,<environment.Job instance at 0x7ff780b7b910>,16,21,[5 5],17,20,41,3,20
1,<environment.Job instance at 0x7ff73afa0370>,23,2,[13  2],24,48,50,24,48
1,<environment.Job instance at 0x7ff781017fa0>,25,25,[1 6],26,50,75,24,50
1,<environment.Job instance at 0x7ff781017af0>,26,1,[5 5],27,50,51,23,50
1,<environment.Job instance at 0x7ff785575410>,28,3,[ 1 10],29,75,78,46,62
1,<environment.Job instance at 0x7ff785575f00>,29,3,[9 3],30,63,66,33,63
1,<environment.Job instance at 0x7ff780e3cf50>,30,27,[11  2],31,66,93,35,64
1,<environment.Job instance at 0x7ff78576deb0>,32,20,[ 5 10],33,93,113,60,84
1,<environment.Job instance at 0x7ff78569a3c0>,35,24,[8 3],36,93,117,57,88
1,<environment.Job instance at 0x7ff78103ceb0>,47,24,[5 9],48,120,144,72,120
1,<environment.Job instance at 0x7ff78103ce60>,51,28,[3 6],52,125,153,73,125
1,<environment.Job instance at 0x7ff78103c7d0>,54,3,[10  5],55,144,147,89,140
1,<environment.Job instance at 0x7ff780fa9690>,58,2,[4 6],59,154,156,95,154
1,<environment.Job instance at 0x7ff780fa9640>,59,26,[2 6],60,154,180,94,154
1,<environment.Job instance at 0x7ff780fa9f00>,60,20,[9 3],61,154,174,93,154
1,<environment.Job instance at 0x7ff785b50780>,67,1,[ 1 13],68,180,181,112,175
1,<environment.Job instance at 0x7ff785b50730>,68,26,[8 2],69,175,201,106,175
1,<environment.Job instance at 0x7ff785640500>,71,1,[5 4],72,181,182,109,180
1,<environment.Job instance at 0x7ff785640d70>,75,25,[ 3 14],76,201,226,125,201
1,<environment.Job instance at 0x7ff780a6a6e0>,78,3,[10  2],79,226,229,147,215
1,<environment.Job instance at 0x7ff785471370>,80,2,[4 6],81,229,231,148,229
1,<environment.Job instance at 0x7ff785471a00>,81,3,[ 4 13],82,231,234,149,229
1,<environment.Job instance at 0x7ff785926d70>,84,27,[13  3],85,238,265,153,238
1,<environment.Job instance at 0x7ff785471e60>,85,2,[3 9],86,265,267,179,238
1,<environment.Job instance at 0x7ff780b90b40>,87,1,[8 1],88,265,266,177,240
1,<environment.Job instance at 0x7ff73b42cd20>,88,3,[9 5],89,266,269,177,240
1,<environment.Job instance at 0x7ff7854d2730>,91,2,[3 9],92,267,269,175,247
1,<environment.Job instance at 0x7ff780ed8c30>,95,19,[1 5],96,269,288,173,266
1,<environment.Job instance at 0x7ff780ed85f0>,97,1,[10  2],98,276,277,178,276
1,<environment.Job instance at 0x7ff780ed8dc0>,99,1,[9 4],100,281,282,181,281
1,<environment.Job instance at 0x7ff780ed8280>,100,18,[9 2],101,282,300,181,282
1,<environment.Job instance at 0x7ff780ed83c0>,103,3,[3 9],104,297,300,193,297
1,<environment.Job instance at 0x7ff780ed8910>,104,27,[6 1],105,300,327,195,298
1,<environment.Job instance at 0x7ff780ed8730>,107,12,[1 6],108,312,324,204,312
1,<environment.Job instance at 0x7ff780ed86e0>,111,24,[14  3],112,327,351,215,326
1,<environment.Job instance at 0x7ff73b266190>,113,24,[10  2],114,351,375,237,346
1,<environment.Job instance at 0x7ff780c2ae10>,15,27,[4 5],16,22,49,6,22
1,<environment.Job instance at 0x7ff780c2a8c0>,16,1,[12  2],17,49,50,32,35
1,<environment.Job instance at 0x7ff780a67aa0>,24,1,[7 4],25,50,51,25,50
1,<environment.Job instance at 0x7ff780a67b90>,26,25,[7 3],27,50,75,23,50
1,<environment.Job instance at 0x7ff780a67550>,30,26,[6 4],31,59,85,28,59
1,<environment.Job instance at 0x7ff780a67190>,34,1,[5 5],35,75,76,40,75
1,<environment.Job instance at 0x7ff780a67370>,37,21,[9 4],38,92,113,54,92
1,<environment.Job instance at 0x7ff7858e52d0>,49,20,[5 9],50,120,140,70,120
1,<environment.Job instance at 0x7ff7858cb550>,53,3,[6 3],54,147,150,93,147
1,<environment.Job instance at 0x7ff7858cb5a0>,54,2,[10  4],55,150,152,95,147
1,<environment.Job instance at 0x7ff7858cb4b0>,55,3,[1 9],56,148,151,92,148
1,<environment.Job instance at 0x7ff7858cb6e0>,56,2,[5 2],57,148,150,91,148
1,<environment.Job instance at 0x7ff7858cb780>,57,3,[1 6],58,151,154,93,148
1,<environment.Job instance at 0x7ff7858cb370>,59,2,[6 1],60,152,154,92,150
1,<environment.Job instance at 0x7ff7858cba50>,60,2,[6 1],61,152,154,91,150
1,<environment.Job instance at 0x7ff7858cb9b0>,64,1,[13  5],65,169,170,104,169
1,<environment.Job instance at 0x7ff7858cbeb0>,66,1,[5 7],67,176,177,109,176
1,<environment.Job instance at 0x7ff7858cbe10>,69,3,[ 3 10],70,185,188,115,185
1,<environment.Job instance at 0x7ff7858cbdc0>,70,25,[5 3],71,185,210,114,185
1,<environment.Job instance at 0x7ff7858d40f0>,72,2,[3 7],73,189,191,116,189
1,<environment.Job instance at 0x7ff7858d4550>,75,2,[8 1],76,200,202,124,200
1,<environment.Job instance at 0x7ff7858d4640>,77,1,[ 4 10],78,213,214,135,213
1,<environment.Job instance at 0x7ff7858d4780>,79,28,[3 9],80,215,243,135,215
1,<environment.Job instance at 0x7ff7858d4910>,81,2,[2 9],82,243,245,161,217
1,<environment.Job instance at 0x7ff7858d4050>,82,23,[3 7],83,245,268,162,239
1,<environment.Job instance at 0x7ff7858d4a50>,83,3,[8 1],84,239,242,155,239
1,<environment.Job instance at 0x7ff7858d4870>,86,3,[ 5 14],87,268,271,181,254
1,<environment.Job instance at 0x7ff7858d4b40>,93,1,[5 4],94,277,278,183,277
1,<environment.Job instance at 0x7ff7858c4410>,95,1,[1 8],96,277,278,181,277
1,<environment.Job instance at 0x7ff7858c40f0>,98,3,[ 4 10],99,282,285,183,282
1,<environment.Job instance at 0x7ff7858c4870>,103,3,[5 3],104,335,338,231,335
1,<environment.Job instance at 0x7ff7858c4820>,105,1,[6 1],106,343,344,237,343
1,<environment.Job instance at 0x7ff7858c4a50>,106,1,[ 5 10],107,343,344,236,343
1,<environment.Job instance at 0x7ff780b7b910>,4,1,[6 1],5,5,6,0,5
1,<environment.Job instance at 0x7ff73b5b25f0>,1,2,[ 5 11],2,7,9,5,7
1,<environment.Job instance at 0x7ff7857692d0>,10,2,[8 2],11,11,13,0,11
1,<environment.Job instance at 0x7ff785769460>,13,3,[2 7],14,17,20,3,17
1,<environment.Job instance at 0x7ff7857694b0>,14,1,[4 6],15,17,18,2,17
1,<environment.Job instance at 0x7ff785769370>,15,3,[10  5],16,18,21,2,17
1,<environment.Job instance at 0x7ff73b5029b0>,19,3,[6 2],20,28,31,8,28
1,<environment.Job instance at 0x7ff73b5021e0>,20,13,[1 5],21,28,41,7,28
1,<environment.Job instance at 0x7ff780aa36e0>,21,1,[6 3],22,28,29,6,28
1,<environment.Job instance at 0x7ff780aa3f00>,23,3,[10  4],24,43,46,19,43
1,<environment.Job instance at 0x7ff780aa35a0>,24,1,[4 8],25,43,44,18,43
1,<environment.Job instance at 0x7ff780aa3500>,26,27,[2 9],27,44,71,17,43
1,<environment.Job instance at 0x7ff73b01a780>,31,1,[10  1],32,68,69,36,68
1,<environment.Job instance at 0x7ff73b01ad20>,32,22,[8 1],33,69,91,36,68
1,<environment.Job instance at 0x7ff73b01aa50>,35,3,[ 1 13],36,82,85,46,82
1,<environment.Job instance at 0x7ff7809f1a00>,36,2,[14  2],37,91,93,54,84
1,<environment.Job instance at 0x7ff785963960>,39,2,[10  2],40,97,99,57,97
1,<environment.Job instance at 0x7ff7859636e0>,40,2,[14  4],41,99,101,58,97
1,<environment.Job instance at 0x7ff785963870>,41,27,[8 5],42,101,128,59,99
1,<environment.Job instance at 0x7ff73ad53a50>,43,1,[1 7],44,100,101,56,100
1,<environment.Job instance at 0x7ff7858c7f50>,0,20,[ 4 10],1,1,21,0,1
1,<environment.Job instance at 0x7ff78551b460>,6,24,[4 5],7,7,31,0,7
1,<environment.Job instance at 0x7ff73ac47460>,7,24,[4 8],8,21,45,13,16
1,<environment.Job instance at 0x7ff780b48640>,22,23,[6 2],23,23,46,0,23
1,<environment.Job instance at 0x7ff780b48140>,24,3,[ 1 12],25,46,49,21,46
1,<environment.Job instance at 0x7ff780b48c80>,30,2,[1 5],31,49,51,18,46
1,<environment.Job instance at 0x7ff73ada9460>,31,1,[3 6],32,49,50,17,46
1,<environment.Job instance at 0x7ff73ada98c0>,33,1,[11  3],34,50,51,16,50
1,<environment.Job instance at 0x7ff73ada9cd0>,35,28,[ 4 12],36,51,79,15,51
1,<environment.Job instance at 0x7ff73ada9e60>,39,1,[ 4 13],40,79,80,39,79
1,<environment.Job instance at 0x7ff73ada95f0>,40,1,[7 5],41,80,81,39,79
1,<environment.Job instance at 0x7ff78567b0f0>,42,2,[3 5],43,80,82,37,79
1,<environment.Job instance at 0x7ff7856549b0>,47,2,[6 5],48,113,115,65,113
1,<environment.Job instance at 0x7ff7856541e0>,49,3,[2 7],50,126,129,76,126
1,<environment.Job instance at 0x7ff7856547d0>,48,18,[10  1],49,127,145,78,127
1,<environment.Job instance at 0x7ff73b3eecd0>,51,1,[6 2],52,145,146,93,127
1,<environment.Job instance at 0x7ff73b3ee870>,55,24,[5 2],56,142,166,86,142
1,<environment.Job instance at 0x7ff73b5b8640>,58,1,[5 6],59,150,151,91,150
1,<environment.Job instance at 0x7ff73b5b85f0>,59,1,[3 8],60,151,152,91,150
1,<environment.Job instance at 0x7ff73b5b8550>,60,25,[6 2],61,151,176,90,150
1,<environment.Job instance at 0x7ff73af90960>,67,3,[1 6],68,171,174,103,171
1,<environment.Job instance at 0x7ff73af905a0>,70,25,[5 5],71,189,214,118,189
1,<environment.Job instance at 0x7ff73af90190>,72,1,[1 7],73,202,203,129,202
1,<environment.Job instance at 0x7ff73af901e0>,74,2,[7 5],75,205,207,130,205
1,<environment.Job instance at 0x7ff73af90af0>,75,19,[2 8],76,207,226,131,205
1,<environment.Job instance at 0x7ff73af90aa0>,73,3,[ 4 11],74,226,229,152,225
1,<environment.Job instance at 0x7ff780e0f140>,80,2,[10  4],81,225,227,144,225
1,<environment.Job instance at 0x7ff780e0f320>,84,1,[2 9],85,242,243,157,242
1,<environment.Job instance at 0x7ff780e0f8c0>,87,2,[10  2],88,252,254,164,252
1,<environment.Job instance at 0x7ff73afb3be0>,93,3,[6 5],94,361,364,267,361
1,<environment.Job instance at 0x7ff73afb3410>,94,19,[ 5 10],95,361,380,266,361
1,<environment.Job instance at 0x7ff73afb32d0>,97,27,[8 5],98,364,391,266,363
1,<environment.Job instance at 0x7ff73afb3f50>,99,3,[ 1 12],100,391,394,291,381
1,<environment.Job instance at 0x7ff785a5d460>,101,1,[2 7],102,381,382,279,381
1,<environment.Job instance at 0x7ff785a5d5a0>,102,1,[1 8],103,382,383,279,381
1,<environment.Job instance at 0x7ff780d58960>,14,1,[12  5],15,15,16,0,15
1,<environment.Job instance at 0x7ff780bb6fa0>,17,26,[ 3 10],18,18,44,0,18
1,<environment.Job instance at 0x7ff785621410>,10,2,[13  2],11,44,46,33,29
1,<environment.Job instance at 0x7ff73b3b90a0>,22,1,[2 6],23,44,45,21,29
1,<environment.Job instance at 0x7ff73ad96460>,21,3,[12  2],22,30,33,8,30
1,<environment.Job instance at 0x7ff73ad67e10>,32,1,[7 4],33,33,34,0,33
1,<environment.Job instance at 0x7ff7856bf910>,34,3,[14  3],35,46,49,11,38
1,<environment.Job instance at 0x7ff7855fbdc0>,37,3,[6 5],38,49,52,11,49
1,<environment.Job instance at 0x7ff73b59a0a0>,38,1,[2 8],39,49,50,10,49
1,<environment.Job instance at 0x7ff785f575f0>,41,1,[5 3],42,56,57,14,56
1,<environment.Job instance at 0x7ff780c254b0>,12,18,[4 8],13,56,74,43,56
1,<environment.Job instance at 0x7ff780b257d0>,43,3,[7 1],44,57,60,13,56
1,<environment.Job instance at 0x7ff73adfde10>,45,3,[ 1 10],46,74,77,28,61
1,<environment.Job instance at 0x7ff73adfd960>,46,1,[11  3],47,61,62,14,61
1,<environment.Job instance at 0x7ff7854fe2d0>,47,1,[8 4],48,62,63,14,61
1,<environment.Job instance at 0x7ff7854feaf0>,49,2,[3 9],50,77,79,27,71
1,<environment.Job instance at 0x7ff7854fefa0>,52,2,[8 5],53,84,86,31,84
1,<environment.Job instance at 0x7ff7854fe1e0>,54,2,[8 5],55,96,98,41,96
1,<environment.Job instance at 0x7ff7854fec80>,55,3,[10  5],56,98,101,42,96
1,<environment.Job instance at 0x7ff7854f7cd0>,61,3,[6 5],62,134,137,72,134
1,<environment.Job instance at 0x7ff73ac26aa0>,63,3,[4 7],64,142,145,78,142
1,<environment.Job instance at 0x7ff73af1cf50>,65,3,[8 5],66,148,151,82,148
1,<environment.Job instance at 0x7ff785509aa0>,68,3,[4 7],69,162,165,93,162
1,<environment.Job instance at 0x7ff785420a50>,69,3,[4 8],70,162,165,92,162
1,<environment.Job instance at 0x7ff73ac4dd70>,71,18,[7 1],72,165,183,93,164
1,<environment.Job instance at 0x7ff73afbb690>,74,2,[10  2],75,183,185,108,173
1,<environment.Job instance at 0x7ff73afa2cd0>,77,2,[9 2],78,185,187,107,175
1,<environment.Job instance at 0x7ff73ac15b90>,78,2,[13  1],79,187,189,108,175
1,<environment.Job instance at 0x7ff78542b960>,81,26,[7 2],82,189,215,107,189
1,<environment.Job instance at 0x7ff780d7c3c0>,91,23,[5 9],92,223,246,131,223
1,<environment.Job instance at 0x7ff780e5ae10>,93,3,[ 1 14],94,246,249,152,234
1,<environment.Job instance at 0x7ff780e5a2d0>,94,1,[ 2 10],95,249,250,154,234
1,<environment.Job instance at 0x7ff780d41370>,96,1,[ 3 13],97,250,251,153,235
1,<environment.Job instance at 0x7ff7810f1960>,97,22,[2 9],98,251,273,153,244
1,<environment.Job instance at 0x7ff7810ca730>,106,20,[8 2],107,261,281,154,261
1,<environment.Job instance at 0x7ff7810ef640>,108,26,[2 5],109,273,299,164,270
1,<environment.Job instance at 0x7ff785b444b0>,114,1,[10  4],115,287,288,172,287
1,<environment.Job instance at 0x7ff785b443c0>,115,2,[8 4],116,288,290,172,287
1,<environment.Job instance at 0x7ff785b447d0>,116,24,[2 9],117,290,314,173,287
1,<environment.Job instance at 0x7ff73ae541e0>,0,1,[1 9],1,2,3,1,2
1,<environment.Job instance at 0x7ff78603e0f0>,2,1,[1 5],3,3,4,0,3
1,<environment.Job instance at 0x7ff7856b0910>,6,1,[7 4],7,7,8,0,7
1,<environment.Job instance at 0x7ff78097b5a0>,12,2,[2 8],13,13,15,0,13
1,<environment.Job instance at 0x7ff78557e190>,16,1,[ 3 11],17,18,19,1,18
1,<environment.Job instance at 0x7ff73ac3b3c0>,18,1,[3 6],19,19,20,0,19
1,<environment.Job instance at 0x7ff7856270a0>,19,1,[9 1],20,20,21,0,20
1,<environment.Job instance at 0x7ff7856271e0>,21,23,[1 8],22,22,45,0,22
1,<environment.Job instance at 0x7ff780dbe410>,27,1,[7 5],28,41,42,13,41
1,<environment.Job instance at 0x7ff73b124e10>,28,1,[10  1],29,42,43,13,42
1,<environment.Job instance at 0x7ff780e6de60>,30,3,[ 2 10],31,45,48,14,45
1,<environment.Job instance at 0x7ff73b464870>,36,25,[8 1],37,57,82,20,57
1,<environment.Job instance at 0x7ff780b55370>,40,2,[3 9],41,72,74,31,72
1,<environment.Job instance at 0x7ff780b559b0>,41,3,[4 5],42,72,75,30,72
1,<environment.Job instance at 0x7ff780d84d20>,44,28,[7 4],45,80,108,35,80
1,<environment.Job instance at 0x7ff780d84230>,45,20,[7 2],46,82,102,36,80
1,<environment.Job instance at 0x7ff780d84e60>,48,2,[7 1],49,102,104,53,98
1,<environment.Job instance at 0x7ff780d15af0>,54,19,[1 8],55,118,137,63,118
1,<environment.Job instance at 0x7ff7858bb820>,59,3,[5 3],60,134,137,74,134
1,<environment.Job instance at 0x7ff73b150c80>,61,3,[10  1],62,146,149,84,146
1,<environment.Job instance at 0x7ff73aeb7e10>,63,20,[4 5],64,148,168,84,148
1,<environment.Job instance at 0x7ff73ae76eb0>,65,20,[5 5],66,149,169,83,148
1,<environment.Job instance at 0x7ff73adeae10>,69,2,[1 6],70,168,170,98,164
1,<environment.Job instance at 0x7ff7858e38c0>,74,2,[5 2],75,196,198,121,196
1,<environment.Job instance at 0x7ff7858e3f00>,75,3,[5 2],76,196,199,120,196
1,<environment.Job instance at 0x7ff7858e3910>,76,2,[14  1],77,199,201,122,196
1,<environment.Job instance at 0x7ff7858e34b0>,77,2,[5 5],78,196,198,118,196
1,<environment.Job instance at 0x7ff7858e3280>,80,3,[7 3],81,210,213,129,210
1,<environment.Job instance at 0x7ff7858e36e0>,81,25,[1 6],82,210,235,128,210
1,<environment.Job instance at 0x7ff7858e30a0>,83,26,[10  4],84,213,239,129,212
1,<environment.Job instance at 0x7ff73b1cab40>,85,24,[4 7],86,235,259,149,230
1,<environment.Job instance at 0x7ff73b1ca780>,88,2,[3 8],89,239,241,150,233
1,<environment.Job instance at 0x7ff781067320>,92,1,[3 6],93,254,255,161,254
1,<environment.Job instance at 0x7ff781067780>,93,2,[5 5],94,255,257,161,254
1,<environment.Job instance at 0x7ff781067eb0>,95,3,[2 8],96,259,262,163,259
1,<environment.Job instance at 0x7ff7810755a0>,97,28,[7 2],98,325,353,227,325
1,<environment.Job instance at 0x7ff781075230>,99,27,[ 3 10],100,326,353,226,326
1,<environment.Job instance at 0x7ff780c41af0>,102,26,[9 1],103,353,379,250,350
1,<environment.Job instance at 0x7ff780c41c30>,104,21,[10  5],105,379,400,274,371
1,<environment.Job instance at 0x7ff73af2a230>,106,3,[ 2 14],107,403,406,296,403
1,<environment.Job instance at 0x7ff73af2a640>,107,20,[10  2],108,406,426,298,403
1,<environment.Job instance at 0x7ff780e0e690>,112,2,[4 9],113,409,411,296,409
1,<environment.Job instance at 0x7ff780ccd780>,117,27,[9 4],118,426,453,308,424
1,<environment.Job instance at 0x7ff780cd58c0>,3,1,[8 3],4,4,5,0,4
1,<environment.Job instance at 0x7ff7858b0960>,13,2,[1 7],14,14,16,0,14
1,<environment.Job instance at 0x7ff73ae09af0>,18,2,[1 7],19,28,30,9,28
1,<environment.Job instance at 0x7ff73ae09730>,21,1,[3 9],22,49,50,27,49
1,<environment.Job instance at 0x7ff73ae09140>,23,3,[6 1],24,53,56,29,53
1,<environment.Job instance at 0x7ff73ae09410>,25,2,[ 2 12],26,56,58,30,56
1,<environment.Job instance at 0x7ff73ae09c30>,26,1,[3 9],27,58,59,31,56
1,<environment.Job instance at 0x7ff73ae09280>,28,21,[2 5],29,60,81,31,60
1,<environment.Job instance at 0x7ff73ae09eb0>,29,23,[5 7],30,60,83,30,60
1,<environment.Job instance at 0x7ff73ae08690>,33,25,[ 1 10],34,83,108,49,79
1,<environment.Job instance at 0x7ff73ae08230>,37,19,[ 2 10],38,108,127,70,98
1,<environment.Job instance at 0x7ff73ae083c0>,38,1,[ 5 14],39,127,128,88,99
1,<environment.Job instance at 0x7ff73ae08870>,39,1,[5 1],40,99,100,59,99
1,<environment.Job instance at 0x7ff73ae082d0>,43,3,[3 6],44,128,131,84,106
1,<environment.Job instance at 0x7ff7856b2d20>,45,2,[5 7],46,128,130,82,111
1,<environment.Job instance at 0x7ff7856b2a00>,47,3,[10  5],48,111,114,63,111
1,<environment.Job instance at 0x7ff7856b29b0>,48,18,[7 1],49,119,137,70,119
1,<environment.Job instance at 0x7ff73b30cf50>,52,2,[4 5],53,136,138,83,136
1,<environment.Job instance at 0x7ff73b30c460>,54,2,[8 4],55,149,151,94,149
1,<environment.Job instance at 0x7ff73b52f780>,55,2,[11  4],56,151,153,95,149
1,<environment.Job instance at 0x7ff73b52ff00>,56,1,[6 4],57,149,150,92,149
1,<environment.Job instance at 0x7ff73b52f7d0>,58,2,[6 3],59,153,155,94,150
1,<environment.Job instance at 0x7ff73b52f140>,59,21,[7 2],60,153,174,93,150
1,<environment.Job instance at 0x7ff73b52f640>,61,3,[ 1 10],62,152,155,90,152
1,<environment.Job instance at 0x7ff7856c34b0>,0,1,[10  3],1,3,4,2,3
1,<environment.Job instance at 0x7ff7856c3e10>,3,2,[2 7],4,4,6,0,4
1,<environment.Job instance at 0x7ff780c565f0>,4,1,[1 7],5,5,6,0,5
1,<environment.Job instance at 0x7ff780c56e60>,11,3,[5 2],12,14,17,2,14
1,<environment.Job instance at 0x7ff780c56f50>,15,1,[3 8],16,16,17,0,16
1,<environment.Job instance at 0x7ff780c58780>,17,2,[7 1],18,20,22,2,20
1,<environment.Job instance at 0x7ff780c588c0>,18,2,[5 5],19,20,22,1,20
1,<environment.Job instance at 0x7ff780c4daa0>,23,1,[5 3],24,40,41,16,40
1,<environment.Job instance at 0x7ff780c4d690>,25,1,[5 1],26,43,44,17,43
1,<environment.Job instance at 0x7ff780983370>,26,17,[5 1],27,43,60,16,43
1,<environment.Job instance at 0x7ff780c5e500>,27,13,[6 1],28,44,57,16,43
1,<environment.Job instance at 0x7ff73b245050>,28,3,[6 1],29,57,60,28,43
1,<environment.Job instance at 0x7ff785581140>,30,1,[9 3],31,60,61,29,46
1,<environment.Job instance at 0x7ff73b229550>,31,1,[2 5],32,46,47,14,46
1,<environment.Job instance at 0x7ff78097f640>,34,2,[7 3],35,61,63,26,58
1,<environment.Job instance at 0x7ff78097f5a0>,37,1,[8 1],38,66,67,28,66
1,<environment.Job instance at 0x7ff73b2275f0>,38,18,[6 5],39,66,84,27,66
1,<environment.Job instance at 0x7ff73b2271e0>,39,3,[9 5],40,67,70,27,66
1,<environment.Job instance at 0x7ff73b2273c0>,40,2,[8 4],41,70,72,29,66
1,<environment.Job instance at 0x7ff7809a65f0>,41,1,[3 9],42,72,73,30,66
1,<environment.Job instance at 0x7ff78557cbe0>,42,1,[2 9],43,73,74,30,66
1,<environment.Job instance at 0x7ff73aef65f0>,45,16,[10  1],46,84,100,38,73
1,<environment.Job instance at 0x7ff73b2205a0>,46,21,[10  4],47,100,121,53,92
1,<environment.Job instance at 0x7ff73af022d0>,49,2,[9 5],50,121,123,71,94
1,<environment.Job instance at 0x7ff73af02730>,50,1,[8 3],51,123,124,72,95
1,<environment.Job instance at 0x7ff73af020f0>,51,2,[10  3],52,124,126,72,97
1,<environment.Job instance at 0x7ff73af02910>,54,2,[7 5],55,126,128,71,99
1,<environment.Job instance at 0x7ff73af02be0>,55,23,[7 3],56,126,149,70,120
1,<environment.Job instance at 0x7ff73af02050>,57,20,[8 3],58,128,148,70,120
1,<environment.Job instance at 0x7ff73ac99460>,59,22,[9 1],60,149,171,89,142
1,<environment.Job instance at 0x7ff73ac990a0>,60,2,[9 2],61,171,173,110,144
1,<environment.Job instance at 0x7ff73aed87d0>,65,1,[8 4],66,148,149,82,145
1,<environment.Job instance at 0x7ff73aed8730>,67,2,[4 5],68,149,151,81,146
1,<environment.Job instance at 0x7ff73acae960>,70,3,[1 9],71,164,167,93,164
1,<environment.Job instance at 0x7ff73acaea50>,71,2,[3 5],72,164,166,92,164
1,<environment.Job instance at 0x7ff73aee95a0>,77,1,[1 9],78,193,194,115,193
1,<environment.Job instance at 0x7ff73aee94b0>,80,1,[5 8],81,195,196,114,195
1,<environment.Job instance at 0x7ff73aee9870>,82,26,[9 3],83,207,233,124,207
1,<environment.Job instance at 0x7ff73aee9fa0>,86,3,[12  4],87,233,236,146,231
1,<environment.Job instance at 0x7ff73aee9c30>,88,1,[5 9],89,232,233,143,232
1,<environment.Job instance at 0x7ff73aee96e0>,89,2,[ 1 10],90,233,235,143,232
1,<environment.Job instance at 0x7ff73acc8fa0>,94,2,[ 4 10],95,247,249,152,247
1,<environment.Job instance at 0x7ff73aef5e60>,97,22,[6 4],98,281,303,183,281
1,<environment.Job instance at 0x7ff73aca8fa0>,103,2,[10  3],104,303,305,199,287
1,<environment.Job instance at 0x7ff73aef6690>,47,14,[ 3 12],48,489,503,441,489
1,<environment.Job instance at 0x7ff78106ad70>,109,2,[5 2],110,489,491,379,489
1,<environment.Job instance at 0x7ff7855a2230>,110,2,[1 6],111,503,505,392,489
1,<environment.Job instance at 0x7ff7855a2280>,112,2,[9 5],113,503,505,390,489
1,<environment.Job instance at 0x7ff7855a2be0>,115,19,[10  1],116,505,524,389,495
1,<environment.Job instance at 0x7ff7855a2cd0>,117,2,[ 3 10],118,505,507,387,498
1,<environment.Job instance at 0x7ff7855a2d70>,118,23,[1 5],119,507,530,388,501
1,<environment.Job instance at 0x7ff73ab9e190>,6,2,[5 1],7,7,9,0,7
1,<environment.Job instance at 0x7ff73abfd730>,7,20,[5 3],8,8,28,0,8
1,<environment.Job instance at 0x7ff785f9ebe0>,14,1,[4 6],15,21,22,6,21
1,<environment.Job instance at 0x7ff73b2c0af0>,23,1,[6 3],24,67,68,43,67
1,<environment.Job instance at 0x7ff785d91640>,27,3,[6 1],28,87,90,59,87
1,<environment.Job instance at 0x7ff73b2c0370>,28,1,[1 6],29,87,88,58,87
1,<environment.Job instance at 0x7ff780b13c30>,30,1,[9 2],31,101,102,70,101
1,<environment.Job instance at 0x7ff780af0d20>,31,2,[1 9],32,101,103,69,101
1,<environment.Job instance at 0x7ff780b13320>,32,1,[ 1 11],33,103,104,70,101
1,<environment.Job instance at 0x7ff73ada90f0>,33,3,[9 3],34,102,105,68,101
1,<environment.Job instance at 0x7ff785803dc0>,1,2,[4 5],2,3,5,1,3
1,<environment.Job instance at 0x7ff73abfd910>,3,2,[2 8],4,6,8,2,6
1,<environment.Job instance at 0x7ff780e76b40>,6,23,[ 1 13],7,8,31,1,7
1,<environment.Job instance at 0x7ff780a754b0>,14,24,[7 3],15,31,55,16,26
1,<environment.Job instance at 0x7ff780a750a0>,16,21,[5 3],17,31,52,14,27
1,<environment.Job instance at 0x7ff780a75280>,17,22,[1 9],18,38,60,20,38
1,<environment.Job instance at 0x7ff780b95910>,25,27,[2 8],26,60,87,34,58
1,<environment.Job instance at 0x7ff780b95fa0>,29,1,[ 4 13],30,87,88,57,74
1,<environment.Job instance at 0x7ff780b95af0>,32,24,[5 7],33,88,112,55,83
1,<environment.Job instance at 0x7ff780b95640>,39,23,[6 1],40,84,107,44,84
1,<environment.Job instance at 0x7ff780b95eb0>,40,1,[11  4],41,112,113,71,105
1,<environment.Job instance at 0x7ff780a75e10>,7,2,[ 2 11],8,112,114,104,107
1,<environment.Job instance at 0x7ff73b42e460>,46,23,[ 2 10],47,114,137,67,108
1,<environment.Job instance at 0x7ff73b42e640>,51,2,[11  4],52,136,138,84,136
1,<environment.Job instance at 0x7ff73b1ed820>,24,19,[ 5 12],25,138,157,113,136
1,<environment.Job instance at 0x7ff73b42e140>,52,3,[14  5],53,157,160,104,153
1,<environment.Job instance at 0x7ff73b42ed70>,60,2,[3 9],61,161,163,100,161
1,<environment.Job instance at 0x7ff73b42ef00>,61,1,[6 4],62,161,162,99,161
1,<environment.Job instance at 0x7ff73b42ec30>,63,3,[7 5],64,162,165,98,161
1,<environment.Job instance at 0x7ff73ac20c80>,67,3,[1 5],68,175,178,107,175
1,<environment.Job instance at 0x7ff73ac205a0>,71,2,[ 1 10],72,188,190,116,188
1,<environment.Job instance at 0x7ff73ac20230>,72,14,[5 3],73,191,205,118,191
1,<environment.Job instance at 0x7ff73ac20320>,74,1,[6 3],75,201,202,126,201
1,<environment.Job instance at 0x7ff73add0c30>,76,26,[5 7],77,205,231,128,205
1,<environment.Job instance at 0x7ff73add0c80>,77,2,[1 6],78,205,207,127,205
1,<environment.Job instance at 0x7ff73add0cd0>,80,1,[7 3],81,215,216,134,215
1,<environment.Job instance at 0x7ff73add04b0>,85,3,[4 7],86,237,240,151,237
1,<environment.Job instance at 0x7ff73add0f00>,86,3,[ 4 11],87,240,243,153,237
1,<environment.Job instance at 0x7ff73add09b0>,89,20,[3 9],90,251,271,161,251
1,<environment.Job instance at 0x7ff73add0e60>,91,23,[8 4],92,252,275,160,252
1,<environment.Job instance at 0x7ff73add00a0>,94,3,[11  3],95,275,278,180,273
1,<environment.Job instance at 0x7ff73ac00a00>,96,2,[ 2 12],97,275,277,178,273
1,<environment.Job instance at 0x7ff73ac00f50>,97,2,[1 9],98,273,275,175,273
1,<environment.Job instance at 0x7ff73ac00cd0>,99,1,[5 4],100,278,279,178,274
1,<environment.Job instance at 0x7ff73ac00820>,100,1,[3 6],101,277,278,176,274
1,<environment.Job instance at 0x7ff73ac00b90>,104,3,[ 3 10],105,286,289,181,286
1,<environment.Job instance at 0x7ff73ac00d20>,105,27,[6 2],106,286,313,180,286
1,<environment.Job instance at 0x7ff73ac00690>,108,3,[ 3 12],109,291,294,182,291
1,<environment.Job instance at 0x7ff73ab9e8c0>,111,2,[7 3],112,311,313,199,311
1,<environment.Job instance at 0x7ff73b5a4780>,114,3,[8 2],115,320,323,205,320
1,<environment.Job instance at 0x7ff73b5a4190>,117,3,[6 1],118,329,332,211,329
1,<environment.Job instance at 0x7ff785603230>,3,1,[6 2],4,4,5,0,4
1,<environment.Job instance at 0x7ff785626a50>,5,1,[ 4 14],6,14,15,8,14
1,<environment.Job instance at 0x7ff78563b460>,17,1,[10  4],18,18,19,0,18
1,<environment.Job instance at 0x7ff78563ba00>,19,22,[14  5],20,20,42,0,20
1,<environment.Job instance at 0x7ff785605c30>,28,22,[10  4],29,42,64,13,35
1,<environment.Job instance at 0x7ff7856051e0>,31,21,[5 8],32,45,66,13,45
1,<environment.Job instance at 0x7ff78562ca50>,35,3,[10  1],36,65,68,29,65
1,<environment.Job instance at 0x7ff78562c910>,37,25,[6 5],38,68,93,30,65
1,<environment.Job instance at 0x7ff7856286e0>,39,1,[9 5],40,68,69,28,65
1,<environment.Job instance at 0x7ff785628eb0>,45,1,[1 9],46,88,89,42,88
1,<environment.Job instance at 0x7ff785628460>,46,2,[1 9],47,89,91,42,88
1,<environment.Job instance at 0x7ff785628e60>,48,25,[5 7],49,91,116,42,91
1,<environment.Job instance at 0x7ff785613e10>,56,1,[7 2],57,111,112,54,111
1,<environment.Job instance at 0x7ff7856133c0>,58,3,[12  5],59,116,119,57,113
1,<environment.Job instance at 0x7ff785613c30>,59,1,[8 4],60,113,114,53,113
1,<environment.Job instance at 0x7ff7856130a0>,64,3,[9 3],65,142,145,77,142
1,<environment.Job instance at 0x7ff785613960>,65,26,[14  3],66,145,171,79,142
1,<environment.Job instance at 0x7ff785615a00>,67,28,[6 3],68,171,199,103,170
1,<environment.Job instance at 0x7ff785615af0>,69,1,[2 6],70,171,172,101,170
1,<environment.Job instance at 0x7ff785615d20>,71,19,[3 6],72,171,190,99,170
1,<environment.Job instance at 0x7ff785615d70>,76,2,[14  2],77,199,201,122,187
1,<environment.Job instance at 0x7ff785615eb0>,77,3,[13  2],78,204,207,126,204
1,<environment.Job instance at 0x7ff785615960>,78,1,[5 2],79,207,208,128,204
1,<environment.Job instance at 0x7ff780e608c0>,80,1,[3 6],81,207,208,126,204
1,<environment.Job instance at 0x7ff780e60370>,81,19,[3 9],82,208,227,126,204
1,<environment.Job instance at 0x7ff780e60460>,91,1,[1 6],92,242,243,150,242
1,<environment.Job instance at 0x7ff780e60a00>,92,25,[2 8],93,242,267,149,242
1,<environment.Job instance at 0x7ff780e3d910>,93,2,[ 4 10],94,267,269,173,242
1,<environment.Job instance at 0x7ffac3734460>,10,1,[7 3],11,18,19,7,18
1,<environment.Job instance at 0x7ffac3734960>,11,2,[3 9],12,18,20,6,18
1,<environment.Job instance at 0x7ffac37347d0>,12,3,[6 3],13,19,22,6,19
1,<environment.Job instance at 0x7ffac3734730>,15,3,[10  2],16,35,38,19,35
1,<environment.Job instance at 0x7ffac3734c80>,17,3,[10  3],18,38,41,20,38
1,<environment.Job instance at 0x7ffac3734e10>,20,1,[3 7],21,62,63,41,62
1,<environment.Job instance at 0x7ffac3737230>,22,2,[12  3],23,62,64,39,62
1,<environment.Job instance at 0x7ffac37371e0>,24,3,[5 9],25,73,76,48,73
1,<environment.Job instance at 0x7ffac3737280>,25,3,[1 6],26,73,76,47,73
1,<environment.Job instance at 0x7ffac3737320>,26,22,[2 9],27,76,98,49,73
1,<environment.Job instance at 0x7ffac3737be0>,36,2,[5 1],37,103,105,66,103
1,<environment.Job instance at 0x7ffac3737eb0>,40,1,[1 8],41,124,125,83,124
1,<environment.Job instance at 0x7ffac3739050>,43,28,[6 4],44,132,160,88,132
1,<environment.Job instance at 0x7ffac3739320>,47,1,[2 6],48,148,149,100,148
1,<environment.Job instance at 0x7ffac3739460>,49,2,[1 9],50,157,159,107,157
1,<environment.Job instance at 0x7ffac37395a0>,50,27,[9 1],51,159,186,108,157
1,<environment.Job instance at 0x7ffac3739910>,52,3,[ 3 11],53,184,187,131,184
1,<environment.Job instance at 0x7ffac374c640>,9,3,[1 7],10,10,13,0,10
1,<environment.Job instance at 0x7ffac374cdc0>,12,2,[4 9],13,13,15,0,13
1,<environment.Job instance at 0x7ffac374cfa0>,14,1,[7 1],15,15,16,0,15
1,<environment.Job instance at 0x7ffac3750c80>,17,3,[ 2 10],18,27,30,9,27
1,<environment.Job instance at 0x7ffac37508c0>,19,3,[5 5],20,29,32,9,29
1,<environment.Job instance at 0x7ffac374f050>,23,1,[5 6],24,42,43,18,42
1,<environment.Job instance at 0x7ffac374f460>,24,2,[8 5],25,42,44,17,42
1,<environment.Job instance at 0x7ffac374fcd0>,26,2,[8 2],27,44,46,17,43
1,<environment.Job instance at 0x7ffa7fb36f00>,32,1,[10  1],33,59,60,26,59
1,<environment.Job instance at 0x7ffa7fb33780>,35,3,[5 5],36,77,80,41,77
1,<environment.Job instance at 0x7ffa7fb333c0>,36,22,[11  3],37,80,102,43,77
1,<environment.Job instance at 0x7ffa7fb337d0>,42,1,[ 5 10],43,102,103,59,92
1,<environment.Job instance at 0x7ffa7fb2c320>,44,1,[9 4],45,102,103,57,101
1,<environment.Job instance at 0x7ffa7fb2cfa0>,45,25,[3 9],46,103,128,57,101
1,<environment.Job instance at 0x7ffa7fb2c5a0>,46,1,[7 4],47,103,104,56,101
1,<environment.Job instance at 0x7ffa7fb38b40>,49,23,[2 8],50,128,151,78,122
1,<environment.Job instance at 0x7ffa7fb38c80>,51,1,[5 1],52,122,123,70,122
1,<environment.Job instance at 0x7ffa7fb38d20>,52,2,[8 2],53,123,125,70,122
1,<environment.Job instance at 0x7ffa7fb383c0>,53,1,[3 9],54,151,152,97,123
1,<environment.Job instance at 0x7ffa7fb380a0>,56,26,[9 1],57,135,161,78,135
1,<environment.Job instance at 0x7ffa7fb38820>,57,2,[9 3],58,161,163,103,136
1,<environment.Job instance at 0x7ffa7fab9640>,61,3,[8 2],62,163,166,101,157
1,<environment.Job instance at 0x7ffa7fab9cd0>,63,3,[5 4],64,165,168,101,165
1,<environment.Job instance at 0x7ffa7fb2d320>,66,23,[5 8],67,182,205,115,182
1,<environment.Job instance at 0x7ffa7fb2d6e0>,68,2,[ 3 10],69,205,207,136,182
1,<environment.Job instance at 0x7ffa7fb2daa0>,69,1,[10  3],70,182,183,112,182
1,<environment.Job instance at 0x7ffa7fb2d0f0>,70,2,[3 8],71,207,209,136,182
1,<environment.Job instance at 0x7ffa7fb32f00>,71,2,[12  1],72,205,207,133,182
1,<environment.Job instance at 0x7ffa7fb32870>,73,27,[5 3],74,207,234,133,205
1,<environment.Job instance at 0x7ffa7fb47960>,78,22,[9 2],79,209,231,130,206
1,<environment.Job instance at 0x7ffa7fbb88c0>,79,3,[ 4 12],80,231,234,151,210
1,<environment.Job instance at 0x7ffa7fb4f370>,83,12,[5 1],84,234,246,150,232
1,<environment.Job instance at 0x7ffa7fc8a6e0>,85,17,[8 1],86,236,253,150,236
1,<environment.Job instance at 0x7ffa7fd6daa0>,88,28,[7 4],89,265,293,176,265
1,<environment.Job instance at 0x7ffa7fb4f280>,89,1,[9 2],90,293,294,203,265
1,<environment.Job instance at 0x7ffa7fc5af00>,90,2,[4 5],91,265,267,174,265
1,<environment.Job instance at 0x7ffa7fc16f00>,91,1,[8 3],92,267,268,175,265
1,<environment.Job instance at 0x7ffa7fc162d0>,92,1,[3 8],93,268,269,175,265
1,<environment.Job instance at 0x7ffa7fbfaaf0>,94,28,[9 1],95,294,322,199,293
1,<environment.Job instance at 0x7ffa7fd6ebe0>,97,1,[7 2],98,322,323,224,294
1,<environment.Job instance at 0x7ffa7fcaf730>,106,3,[7 5],107,326,329,219,326
1,<environment.Job instance at 0x7ffa7fc22370>,107,3,[4 9],108,326,329,218,326
1,<environment.Job instance at 0x7ffa7fc4cc30>,110,28,[7 3],111,349,377,238,349
1,<environment.Job instance at 0x7ffa7fc65910>,112,3,[3 9],113,360,363,247,360
1,<environment.Job instance at 0x7ffa7fc0f5f0>,115,3,[6 4],116,366,369,250,366
1,<environment.Job instance at 0x7ffa7fc60640>,119,1,[8 3],120,386,387,266,386
1,<environment.Job instance at 0x7ffacacad0f0>,120,18,[8 5],121,392,410,271,392
1,<environment.Job instance at 0x7ffa7fa73cd0>,125,2,[9 2],126,410,412,284,408
1,<environment.Job instance at 0x7ffa7fa01d20>,126,2,[5 1],127,408,410,281,408
1,<environment.Job instance at 0x7ffa7fa73960>,127,1,[1 7],128,408,409,280,408
1,<environment.Job instance at 0x7ffa7fa77730>,3,21,[9 5],4,4,25,0,4
1,<environment.Job instance at 0x7ffacacb60f0>,6,22,[6 1],7,7,29,0,7
1,<environment.Job instance at 0x7ffa7f994eb0>,2,2,[14  5],3,29,31,26,23
1,<environment.Job instance at 0x7ffac374c5a0>,1,19,[ 3 14],2,31,50,29,26
1,<environment.Job instance at 0x7ffacacb5370>,18,1,[ 5 14],19,50,51,31,48
1,<environment.Job instance at 0x7ffacab42a00>,23,3,[14  5],24,51,54,27,48
1,<environment.Job instance at 0x7ffacacbc8c0>,24,2,[1 7],25,51,53,26,48
1,<environment.Job instance at 0x7ffacab42050>,25,1,[ 4 10],26,54,55,28,48
1,<environment.Job instance at 0x7ffac34ee0a0>,27,1,[9 4],28,54,55,26,49
1,<environment.Job instance at 0x7ffac3c03d20>,31,3,[3 6],32,68,71,36,68
1,<environment.Job instance at 0x7ffa7f992690>,32,1,[13  3],33,71,72,38,68
1,<environment.Job instance at 0x7ffa7fa6a0a0>,42,27,[ 2 13],43,117,144,74,117
1,<environment.Job instance at 0x7ffa7fa1d7d0>,48,1,[12  5],49,146,147,97,146
1,<environment.Job instance at 0x7ffa7fa1dd20>,49,1,[8 5],50,147,148,97,146
1,<environment.Job instance at 0x7ffa7f9ea280>,52,2,[7 1],53,161,163,108,161
1,<environment.Job instance at 0x7ffa7f9eab40>,53,2,[3 5],54,161,163,107,161
1,<environment.Job instance at 0x7ffa7f9ead70>,55,2,[4 6],56,170,172,114,170
1,<environment.Job instance at 0x7ffa7f9ea820>,58,3,[5 1],59,179,182,120,179
1,<environment.Job instance at 0x7ffac3500c80>,62,2,[9 3],63,205,207,142,205
1,<environment.Job instance at 0x7ffa7f9ea050>,64,3,[5 8],65,224,227,159,224
1,<environment.Job instance at 0x7ffac35c8780>,65,2,[2 6],66,224,226,158,224
1,<environment.Job instance at 0x7ffac3bd64b0>,28,17,[12  1],29,501,518,472,501
1,<environment.Job instance at 0x7ffa7f9e7c80>,68,2,[1 7],69,501,503,432,501
1,<environment.Job instance at 0x7ffa7fd194b0>,5,27,[5 5],6,6,33,0,6
1,<environment.Job instance at 0x7ffa7fffb820>,6,22,[2 8],7,7,29,0,7
1,<environment.Job instance at 0x7ffa7ffdccd0>,13,27,[7 5],14,29,56,15,27
1,<environment.Job instance at 0x7ffa7ff7cd20>,4,3,[ 3 12],5,56,59,51,33
1,<environment.Job instance at 0x7ffaca476320>,24,3,[2 5],25,50,53,25,50
1,<environment.Job instance at 0x7ffaca359f50>,25,25,[3 7],26,59,84,33,55
1,<environment.Job instance at 0x7ffac3aef8c0>,29,3,[9 3],30,63,66,33,63
1,<environment.Job instance at 0x7ffac3c45730>,30,1,[ 4 12],31,84,85,53,63
1,<environment.Job instance at 0x7ffac3c456e0>,31,1,[10  1],32,66,67,34,63
1,<environment.Job instance at 0x7ffaca071960>,33,1,[5 2],34,75,76,41,75
1,<environment.Job instance at 0x7ffac3a8b8c0>,38,21,[9 5],39,104,125,65,104
1,<environment.Job instance at 0x7ffac396eb90>,39,3,[12  1],40,125,128,85,104
1,<environment.Job instance at 0x7ffaca592500>,41,1,[5 5],42,110,111,68,110
1,<environment.Job instance at 0x7ffac39e9d20>,43,2,[ 4 10],44,115,117,71,115
1,<environment.Job instance at 0x7ffac37f6320>,44,2,[5 3],45,117,119,72,115
1,<environment.Job instance at 0x7ffac3953f50>,46,13,[7 1],47,138,151,91,138
1,<environment.Job instance at 0x7ffac3a84370>,48,3,[ 2 10],49,138,141,89,138
1,<environment.Job instance at 0x7ffac38542d0>,50,3,[9 1],51,151,154,100,143
1,<environment.Job instance at 0x7ffac37cee10>,51,2,[5 6],52,143,145,91,143
1,<environment.Job instance at 0x7ffac3854410>,52,2,[3 5],53,143,145,90,143
1,<environment.Job instance at 0x7ffac376caa0>,53,17,[1 8],54,149,166,95,149
1,<environment.Job instance at 0x7ffac3854780>,5,24,[10  2],6,6,30,0,6
1,<environment.Job instance at 0x7ffa7fd96460>,8,19,[1 6],9,9,28,0,9
1,<environment.Job instance at 0x7ffa7fe36190>,9,27,[14  1],10,30,57,20,28
1,<environment.Job instance at 0x7ffac38c5eb0>,13,20,[5 7],14,57,77,43,48
1,<environment.Job instance at 0x7ffac38c55a0>,16,27,[4 5],17,57,84,40,55
1,<environment.Job instance at 0x7ffac3792b90>,12,2,[11  4],13,77,79,64,62
1,<environment.Job instance at 0x7ffac35c4a00>,25,1,[8 1],26,83,84,57,83
1,<environment.Job instance at 0x7ffac35c4410>,27,2,[2 6],28,92,94,64,92
1,<environment.Job instance at 0x7ffac35c4f50>,28,2,[5 5],29,92,94,63,92
1,<environment.Job instance at 0x7ffac35c45a0>,29,1,[5 7],30,94,95,64,92
1,<environment.Job instance at 0x7ffac35c41e0>,30,3,[1 6],31,94,97,63,92
1,<environment.Job instance at 0x7ffac35c4be0>,22,3,[11  3],23,95,98,72,93
1,<environment.Job instance at 0x7ffac35c4e10>,34,2,[10  3],35,98,100,63,96
1,<environment.Job instance at 0x7ffac37ed0f0>,39,1,[8 3],40,160,161,120,160
1,<environment.Job instance at 0x7ffac37ed780>,46,2,[ 3 10],47,249,251,202,249
1,<environment.Job instance at 0x7ffac37ed910>,47,3,[5 1],48,249,252,201,249
1,<environment.Job instance at 0x7ffac379d1e0>,48,2,[5 4],49,249,251,200,249
1,<environment.Job instance at 0x7ffac379ddc0>,50,1,[5 1],51,270,271,219,270
1,<environment.Job instance at 0x7ffac3bb6500>,9,21,[1 9],10,10,31,0,10
1,<environment.Job instance at 0x7ffac3bb66e0>,10,27,[6 4],11,11,38,0,11
1,<environment.Job instance at 0x7ffac3bb6b40>,11,1,[11  4],12,38,39,26,15
1,<environment.Job instance at 0x7ffac3bb6dc0>,18,22,[7 5],19,39,61,20,32
1,<environment.Job instance at 0x7ffac3596140>,22,24,[1 6],23,32,56,9,32
1,<environment.Job instance at 0x7ffac384e050>,29,2,[9 1],30,61,63,31,59
1,<environment.Job instance at 0x7ffac384ea00>,32,3,[1 9],33,76,79,43,76
1,<environment.Job instance at 0x7ffac384ef00>,34,3,[ 2 12],35,79,82,44,76
1,<environment.Job instance at 0x7ffac384e320>,37,2,[8 4],38,77,79,39,77
1,<environment.Job instance at 0x7ffaca47eb90>,40,1,[9 4],41,86,87,45,86
1,<environment.Job instance at 0x7ffac3840e10>,41,2,[ 3 14],42,87,89,45,86
1,<environment.Job instance at 0x7ffac3840280>,43,3,[10  3],44,96,99,52,96
1,<environment.Job instance at 0x7ffac38406e0>,44,3,[3 6],45,96,99,51,96
1,<environment.Job instance at 0x7ffac3840960>,45,1,[8 4],46,99,100,53,96
1,<environment.Job instance at 0x7ffac3840a00>,47,27,[9 3],48,100,127,52,99
1,<environment.Job instance at 0x7ffac3840320>,50,2,[2 7],51,116,118,65,116
1,<environment.Job instance at 0x7ffac38405f0>,52,1,[6 3],53,119,120,66,119
1,<environment.Job instance at 0x7ffa7fd286e0>,58,24,[4 7],59,151,175,92,151
1,<environment.Job instance at 0x7ffa7fd28be0>,61,3,[5 2],62,159,162,97,159
1,<environment.Job instance at 0x7ffa7fd28b90>,63,3,[4 7],64,175,178,111,175
1,<environment.Job instance at 0x7ffa7fd28050>,66,2,[3 6],67,190,192,123,190
1,<environment.Job instance at 0x7ffa7fd281e0>,68,2,[5 8],69,193,195,124,193
1,<environment.Job instance at 0x7ffa7fd289b0>,69,3,[14  1],70,195,198,125,193
1,<environment.Job instance at 0x7ffa7fd28500>,70,20,[4 6],71,198,218,127,193
1,<environment.Job instance at 0x7ffa7fd28140>,71,2,[8 4],72,193,195,121,193
1,<environment.Job instance at 0x7ffa7fd28d20>,72,2,[8 4],73,198,200,125,193
1,<environment.Job instance at 0x7ffac37926e0>,2,1,[12  5],3,3,4,0,3
1,<environment.Job instance at 0x7ffa7f9e06e0>,15,1,[7 3],16,16,17,0,16
1,<environment.Job instance at 0x7ffac3674d70>,16,3,[5 4],17,17,20,0,17
1,<environment.Job instance at 0x7ffac3a03370>,19,1,[5 7],20,20,21,0,20
1,<environment.Job instance at 0x7ffac3a03500>,21,3,[3 9],22,22,25,0,22
1,<environment.Job instance at 0x7ffaca0f9e60>,27,2,[ 3 10],28,51,53,23,51
1,<environment.Job instance at 0x7ffa7fb2d780>,30,19,[4 5],31,65,84,34,65
1,<environment.Job instance at 0x7ffa7fb2bd70>,31,3,[1 9],32,65,68,33,65
1,<environment.Job instance at 0x7ffaca1da960>,35,1,[5 8],36,80,81,44,80
1,<environment.Job instance at 0x7ffa7febfaa0>,37,2,[9 3],38,83,85,45,83
1,<environment.Job instance at 0x7ffa7fd6fe10>,39,1,[5 4],40,84,85,44,83
1,<environment.Job instance at 0x7ffa7fb360a0>,40,23,[9 4],41,85,108,44,83
1,<environment.Job instance at 0x7ffac3b1d640>,41,21,[8 2],42,108,129,66,100
1,<environment.Job instance at 0x7ffac3a5e410>,42,21,[5 7],43,100,121,57,100
1,<environment.Job instance at 0x7ffac39ceaa0>,43,1,[10  1],44,129,130,85,101
1,<environment.Job instance at 0x7ffac378a050>,48,28,[10  4],49,130,158,81,129
1,<environment.Job instance at 0x7ffac9fb3280>,59,1,[2 5],60,166,167,106,166
1,<environment.Job instance at 0x7ffac37d0190>,60,26,[4 9],61,166,192,105,166
1,<environment.Job instance at 0x7ffac37d0640>,61,1,[6 5],62,167,168,105,166
1,<environment.Job instance at 0x7ffa7ff93780>,64,2,[9 3],65,180,182,115,180
1,<environment.Job instance at 0x7ffac35e6a50>,67,23,[5 3],68,193,216,125,193
1,<environment.Job instance at 0x7ffac3b4bcd0>,65,18,[1 8],66,230,248,164,230
1,<environment.Job instance at 0x7ffac36a8e60>,73,24,[ 5 11],74,248,272,174,243
1,<environment.Job instance at 0x7ffaca0cef50>,77,19,[1 5],78,272,291,194,262
1,<environment.Job instance at 0x7ffaca2e1b40>,1,21,[4 9],2,2,23,0,2
1,<environment.Job instance at 0x7ffaca0d8e60>,5,23,[8 4],6,6,29,0,6
1,<environment.Job instance at 0x7ffac3a03050>,7,20,[5 7],8,23,43,15,16
1,<environment.Job instance at 0x7ffa7fcc6e60>,0,2,[ 2 12],1,43,45,42,34
1,<environment.Job instance at 0x7ffac3a1c320>,21,20,[ 5 13],22,45,65,23,38
1,<environment.Job instance at 0x7ffac3a1c140>,22,1,[5 1],23,38,39,15,38
1,<environment.Job instance at 0x7ffac3a1ccd0>,25,1,[6 4],26,65,66,39,51
1,<environment.Job instance at 0x7ffac38638c0>,27,1,[5 1],28,51,52,23,51
1,<environment.Job instance at 0x7ffac3863640>,29,1,[8 1],30,52,53,22,51
1,<environment.Job instance at 0x7ffac38635f0>,30,24,[7 2],31,53,77,22,51
1,<environment.Job instance at 0x7ffac3863a50>,36,19,[2 9],37,85,104,48,85
1,<environment.Job instance at 0x7ffaca6d36e0>,38,20,[ 1 10],39,104,124,65,95
1,<environment.Job instance at 0x7ffaca6d3370>,45,1,[ 2 10],46,124,125,78,115
1,<environment.Job instance at 0x7ffaca6d32d0>,48,2,[ 1 13],49,125,127,76,122
1,<environment.Job instance at 0x7ffaca6d3d70>,50,28,[ 2 14],51,130,158,79,130
1,<environment.Job instance at 0x7ffaca6d3820>,51,28,[5 1],52,130,158,78,130
1,<environment.Job instance at 0x7ffa7fa74500>,63,23,[7 4],64,158,181,94,158
1,<environment.Job instance at 0x7ffa7fa74910>,70,2,[5 5],71,197,199,126,197
1,<environment.Job instance at 0x7ffa7fa74b90>,73,3,[13  5],74,208,211,134,208
1,<environment.Job instance at 0x7ffa7fa74dc0>,74,3,[4 5],75,211,214,136,208
1,<environment.Job instance at 0x7ffa7fa74e10>,76,27,[5 2],77,221,248,144,221
1,<environment.Job instance at 0x7ffa7fa74cd0>,79,18,[ 2 10],80,227,245,147,227
1,<environment.Job instance at 0x7ffa7fa5a0f0>,80,22,[2 5],81,245,267,164,238
1,<environment.Job instance at 0x7ffa7fa5a190>,81,1,[8 4],82,245,246,163,238
1,<environment.Job instance at 0x7ffa7fa5a2d0>,85,3,[5 6],86,246,249,160,244
1,<environment.Job instance at 0x7ffa7fa5a550>,86,1,[2 6],87,249,250,162,244
1,<environment.Job instance at 0x7ffa7fa5a7d0>,90,1,[ 2 10],91,261,262,170,261
1,<environment.Job instance at 0x7ffa7fa5a870>,91,2,[1 5],92,262,264,170,261
1,<environment.Job instance at 0x7ffa7fa5a910>,92,1,[9 5],93,262,263,169,261
1,<environment.Job instance at 0x7ffa7fa5aa50>,94,28,[4 5],95,270,298,175,270
1,<environment.Job instance at 0x7ffa7fa5ae60>,95,3,[9 2],96,270,273,174,270
1,<environment.Job instance at 0x7ffa7fa5af50>,97,2,[ 5 13],98,298,300,200,278
1,<environment.Job instance at 0x7ffa7fa5ab90>,99,1,[4 5],100,285,286,185,285
1,<environment.Job instance at 0x7ffa7fa5adc0>,101,25,[10  1],102,291,316,189,291
1,<environment.Job instance at 0x7ffa7fa43550>,106,3,[5 1],107,312,315,205,312
1,<environment.Job instance at 0x7ffa7fa435f0>,107,1,[2 6],108,315,316,207,312
1,<environment.Job instance at 0x7ffa7fa43690>,108,18,[5 5],109,316,334,207,313
1,<environment.Job instance at 0x7ffa7fa43910>,112,2,[1 7],113,335,337,222,335
1,<environment.Job instance at 0x7ffa7fa43c80>,115,21,[9 3],116,346,367,230,346
1,<environment.Job instance at 0x7ffa7fa43b90>,117,25,[9 4],118,367,392,249,363
1,<environment.Job instance at 0x7ffa7fa43e10>,118,2,[7 5],119,392,394,273,365
1,<environment.Job instance at 0x7ffa7fa43f50>,121,1,[5 5],122,365,366,243,365
1,<environment.Job instance at 0x7ffa7fa46410>,125,2,[4 8],126,383,385,257,383
1,<environment.Job instance at 0x7ffa7fa464b0>,126,18,[8 1],127,392,410,265,387
1,<environment.Job instance at 0x7ffa7fa46460>,127,2,[1 8],128,387,389,259,387
1,<environment.Job instance at 0x7ffa7fa465f0>,128,2,[10  5],129,410,412,281,387
1,<environment.Job instance at 0x7ffac3792050>,3,1,[8 5],4,4,5,0,4
1,<environment.Job instance at 0x7ffa7fc6f690>,13,24,[5 3],14,16,40,2,16
1,<environment.Job instance at 0x7ffa7fc6ff50>,15,1,[5 9],16,26,27,10,26
1,<environment.Job instance at 0x7ffa7fc6f370>,17,2,[11  4],18,40,42,22,33
1,<environment.Job instance at 0x7ffacaa49460>,20,3,[8 3],21,42,45,21,38
1,<environment.Job instance at 0x7ffac35b4050>,21,28,[9 4],22,45,73,23,44
1,<environment.Job instance at 0x7ffa7f9965f0>,28,19,[ 3 11],29,63,82,34,63
1,<environment.Job instance at 0x7ffac3843410>,30,17,[10  1],31,84,101,53,84
1,<environment.Job instance at 0x7ffa7f97bf00>,33,3,[8 2],34,101,104,67,85
1,<environment.Job instance at 0x7ffac3a78960>,36,21,[5 5],37,96,117,59,96
1,<environment.Job instance at 0x7ffaca817050>,41,1,[4 5],42,115,116,73,115
1,<environment.Job instance at 0x7ffac37ae3c0>,42,3,[8 1],43,116,119,73,115
1,<environment.Job instance at 0x7ffac9f69960>,46,1,[ 4 10],47,132,133,85,132
1,<environment.Job instance at 0x7ffa7f9a1cd0>,49,2,[5 8],50,150,152,100,150
1,<environment.Job instance at 0x7ffaca60a370>,53,17,[9 1],54,164,181,110,164
1,<environment.Job instance at 0x7ffaca60adc0>,54,22,[4 9],55,164,186,109,164
1,<environment.Job instance at 0x7ffac35a3190>,56,21,[5 5],57,181,202,124,173
1,<environment.Job instance at 0x7ffac39f9cd0>,63,2,[13  2],64,202,204,138,195
1,<environment.Job instance at 0x7ffac3718280>,65,25,[1 6],66,200,225,134,200
1,<environment.Job instance at 0x7ffac3718960>,66,1,[5 5],67,204,205,137,200
1,<environment.Job instance at 0x7ffac3718af0>,68,3,[ 1 10],69,225,228,156,210
1,<environment.Job instance at 0x7ffac37188c0>,69,3,[9 3],70,210,213,140,210
1,<environment.Job instance at 0x7ffac3718a00>,70,27,[11  2],71,213,240,142,211
1,<environment.Job instance at 0x7ffa800466e0>,72,20,[ 5 10],73,240,260,167,231
1,<environment.Job instance at 0x7ffa80046b40>,75,24,[8 3],76,240,264,164,235
1,<environment.Job instance at 0x7ffac38adb90>,87,24,[5 9],88,268,292,180,268
1,<environment.Job instance at 0x7ffac38ad9b0>,90,2,[1 6],91,282,284,191,282
1,<environment.Job instance at 0x7ffac38ad460>,91,28,[3 6],92,284,312,192,283
1,<environment.Job instance at 0x7ffac38adc30>,93,2,[2 7],94,292,294,198,284
1,<environment.Job instance at 0x7ffacacb5f50>,98,2,[4 6],99,313,315,214,313
1,<environment.Job instance at 0x7ffacacb5870>,99,26,[2 6],100,313,339,213,313
1,<environment.Job instance at 0x7ffacacb5a50>,100,20,[9 3],101,313,333,212,313
1,<environment.Job instance at 0x7ffacab42fa0>,107,1,[ 1 13],108,339,340,231,329
1,<environment.Job instance at 0x7ffacab420a0>,108,26,[8 2],109,333,359,224,330
1,<environment.Job instance at 0x7ffacab42780>,109,2,[9 3],110,359,361,249,332
1,<environment.Job instance at 0x7ffacab42aa0>,111,1,[5 4],112,333,334,221,332
1,<environment.Job instance at 0x7ffaca415320>,115,25,[ 3 14],116,361,386,245,357
1,<environment.Job instance at 0x7ffaca415780>,121,3,[ 4 13],122,391,394,269,391
1,<environment.Job instance at 0x7ffaca415960>,124,27,[13  3],125,394,421,269,392
1,<environment.Job instance at 0x7ffac38968c0>,7,1,[10  2],8,8,9,0,8
1,<environment.Job instance at 0x7ffac353fb40>,13,3,[3 9],14,24,27,10,24
1,<environment.Job instance at 0x7ffaca4d95f0>,14,27,[6 1],15,24,51,9,24
1,<environment.Job instance at 0x7ffa7faf8550>,18,3,[3 8],19,39,42,20,39
1,<environment.Job instance at 0x7ffa7fbb41e0>,21,24,[14  3],22,51,75,29,51
1,<environment.Job instance at 0x7ffac391eaa0>,23,24,[10  2],24,75,99,51,70
1,<environment.Job instance at 0x7ffaca3ccb40>,26,1,[9 2],27,99,100,72,71
1,<environment.Job instance at 0x7ffac3b85820>,27,1,[5 3],28,75,76,47,71
1,<environment.Job instance at 0x7ffaca3ccd70>,29,3,[10  1],30,100,103,70,74
1,<environment.Job instance at 0x7ffac3b859b0>,31,2,[1 9],32,76,78,44,74
1,<environment.Job instance at 0x7ffac36f9c30>,36,1,[5 2],37,89,90,52,89
1,<environment.Job instance at 0x7ffac35f2a50>,43,3,[ 4 10],44,136,139,92,136
1,<environment.Job instance at 0x7ffac35f2910>,44,3,[10  2],45,137,140,92,137
1,<environment.Job instance at 0x7ffac35f20a0>,45,27,[4 5],46,139,166,93,137
1,<environment.Job instance at 0x7ffac35f2640>,46,1,[12  2],47,166,167,119,138
1,<environment.Job instance at 0x7ffa7fd915f0>,48,2,[1 9],49,140,142,91,138
1,<environment.Job instance at 0x7ffa7fd91050>,51,2,[ 5 10],52,142,144,90,138
1,<environment.Job instance at 0x7ffac37dc050>,54,1,[7 4],55,155,156,100,155
1,<environment.Job instance at 0x7ffac37dca50>,55,3,[9 2],56,156,159,100,156
1,<environment.Job instance at 0x7ffac37dc9b0>,56,25,[7 3],57,167,192,110,163
1,<environment.Job instance at 0x7ffaca69c820>,60,26,[6 4],61,167,193,106,164
1,<environment.Job instance at 0x7ffa7f9ac640>,67,21,[9 4],68,196,217,128,196
1,<environment.Job instance at 0x7ffa7f9aca50>,68,21,[5 1],69,196,217,127,196
1,<environment.Job instance at 0x7ffac3996320>,77,3,[ 1 10],78,215,218,137,215
1,<environment.Job instance at 0x7ffac9fa67d0>,79,20,[5 9],80,218,238,138,215
1,<environment.Job instance at 0x7ffac36fb1e0>,84,2,[10  4],85,248,250,163,248
1,<environment.Job instance at 0x7ffac36fb960>,85,3,[1 9],86,248,251,162,248
1,<environment.Job instance at 0x7ffa800ab640>,86,2,[5 2],87,250,252,163,248
1,<environment.Job instance at 0x7ffa800abeb0>,89,2,[6 1],90,250,252,160,248
1,<environment.Job instance at 0x7ffa7f9db730>,90,2,[6 1],91,252,254,161,248
1,<environment.Job instance at 0x7ffa7f9dba00>,91,3,[7 4],92,252,255,160,250
1,<environment.Job instance at 0x7ffac3bc8be0>,94,1,[13  5],95,264,265,169,264
1,<environment.Job instance at 0x7ffac3c62f50>,96,1,[5 7],97,273,274,176,273
1,<environment.Job instance at 0x7ffa7fcfea00>,99,3,[ 3 10],100,287,290,187,287
1,<environment.Job instance at 0x7ffa7fcfe960>,100,25,[5 3],101,287,312,186,287
1,<environment.Job instance at 0x7ffa7f9e0c80>,102,2,[3 7],103,314,316,211,314
1,<environment.Job instance at 0x7ffac361a280>,105,2,[8 1],106,314,316,208,314
1,<environment.Job instance at 0x7ffac361adc0>,107,1,[ 4 10],108,318,319,210,318
1,<environment.Job instance at 0x7ffac361aaf0>,109,28,[3 9],110,330,358,220,330
1,<environment.Job instance at 0x7ffac361a910>,112,23,[3 7],113,358,381,245,352
1,<environment.Job instance at 0x7ffac361a7d0>,116,3,[ 5 14],117,381,384,264,355
1,<environment.Job instance at 0x7ffa7fb88230>,6,1,[ 5 10],7,7,8,0,7
1,<environment.Job instance at 0x7ffa7fa4c050>,8,1,[1 9],9,10,11,1,10
1,<environment.Job instance at 0x7ffa7fdac7d0>,13,20,[ 5 12],14,19,39,5,19
1,<environment.Job instance at 0x7ffac39a77d0>,9,2,[13  4],10,39,41,29,26
1,<environment.Job instance at 0x7ffa7fdacf50>,16,1,[5 9],17,41,42,24,28
1,<environment.Job instance at 0x7ffa7fdacbe0>,14,2,[ 5 11],15,42,44,27,29
1,<environment.Job instance at 0x7ffac37897d0>,21,2,[ 5 11],22,44,46,22,30
1,<environment.Job instance at 0x7ffac3789500>,24,1,[6 1],25,32,33,7,32
1,<environment.Job instance at 0x7ffaca1f3e10>,30,2,[8 2],31,51,53,20,51
1,<environment.Job instance at 0x7ffaca1f3c30>,33,3,[2 7],34,70,73,36,70
1,<environment.Job instance at 0x7ffaca1f3820>,34,1,[4 6],35,70,71,35,70
1,<environment.Job instance at 0x7ffaca1f30a0>,39,3,[6 2],40,94,97,54,94
1,<environment.Job instance at 0x7ffa7fda2c30>,41,1,[6 3],42,107,108,65,107
1,<environment.Job instance at 0x7ffa7fda2550>,43,3,[10  4],44,108,111,64,107
1,<environment.Job instance at 0x7ffa7fda28c0>,44,1,[4 8],45,107,108,62,107
1,<environment.Job instance at 0x7ffaca128500>,46,27,[2 9],47,108,135,61,107
1,<environment.Job instance at 0x7ffac39d9410>,51,1,[10  1],52,135,136,83,135
1,<environment.Job instance at 0x7ffac3834af0>,52,22,[8 1],53,136,158,83,135
1,<environment.Job instance at 0x7ffac382f050>,55,3,[ 1 13],56,153,156,97,153
1,<environment.Job instance at 0x7ffaca3a7230>,56,2,[14  2],57,158,160,101,153
1,<environment.Job instance at 0x7ffa80074370>,5,1,[4 9],6,6,7,0,6
1,<environment.Job instance at 0x7ffa7fdac370>,0,3,[ 3 12],1,7,10,6,7
1,<environment.Job instance at 0x7ffac3bde870>,7,2,[9 4],8,10,12,2,8
1,<environment.Job instance at 0x7ffac3bdec30>,10,20,[ 4 10],11,11,31,0,11
1,<environment.Job instance at 0x7ffa80074190>,11,1,[ 3 10],12,31,32,19,12
1,<environment.Job instance at 0x7ffac3bdebe0>,16,24,[4 5],17,20,44,3,20
1,<environment.Job instance at 0x7ffac3bde3c0>,17,24,[4 8],18,32,56,14,27
1,<environment.Job instance at 0x7ffaca147b90>,30,2,[7 5],31,59,61,28,59
1,<environment.Job instance at 0x7ffaca1473c0>,31,2,[ 2 10],32,59,61,27,59
1,<environment.Job instance at 0x7ffaca147e10>,32,23,[6 2],33,61,84,28,59
1,<environment.Job instance at 0x7ffaca147410>,34,3,[ 1 12],35,61,64,26,61
1,<environment.Job instance at 0x7ffaca1478c0>,39,3,[4 5],40,75,78,35,75
1,<environment.Job instance at 0x7ffacab245a0>,40,2,[1 5],41,75,77,34,75
1,<environment.Job instance at 0x7ffaca147820>,41,1,[3 6],42,77,78,35,75
1,<environment.Job instance at 0x7ffaca147e60>,42,18,[6 5],43,87,105,44,87
1,<environment.Job instance at 0x7ffaca66c050>,43,1,[11  3],44,105,106,61,87
1,<environment.Job instance at 0x7ffaca66cb90>,45,28,[ 4 12],46,105,133,59,104
1,<environment.Job instance at 0x7ffac34a7550>,49,1,[ 4 13],50,133,134,83,106
1,<environment.Job instance at 0x7ffac34a7b90>,50,1,[7 5],51,134,135,83,106
1,<environment.Job instance at 0x7ffacab86f00>,54,17,[1 6],55,139,156,84,139
1,<environment.Job instance at 0x7ffac3896780>,59,3,[2 7],60,150,153,90,150
1,<environment.Job instance at 0x7ffac3896730>,61,1,[6 2],62,151,152,89,151
1,<environment.Job instance at 0x7ffac3896a50>,58,18,[10  1],59,159,177,100,159
1,<environment.Job instance at 0x7ffaca321be0>,65,24,[5 2],66,166,190,100,166
1,<environment.Job instance at 0x7ffaca3210a0>,67,3,[7 5],68,177,180,109,176
1,<environment.Job instance at 0x7ffaca321a00>,68,1,[5 6],69,180,181,111,176
1,<environment.Job instance at 0x7ffaca321820>,69,1,[3 8],70,177,178,107,176
1,<environment.Job instance at 0x7ffaca321410>,70,25,[6 2],71,181,206,110,177
1,<environment.Job instance at 0x7ffaca321280>,72,2,[8 4],73,190,192,117,186
1,<environment.Job instance at 0x7ffaca321f50>,74,1,[5 9],75,192,193,117,186
1,<environment.Job instance at 0x7ffacab66d20>,77,3,[1 6],78,195,198,117,195
1,<environment.Job instance at 0x7ffacab66be0>,80,25,[5 5],81,217,242,136,217
1,<environment.Job instance at 0x7ffacab66d70>,82,1,[1 7],83,222,223,139,222
1,<environment.Job instance at 0x7ffacab66230>,83,3,[ 4 11],84,242,245,158,223
1,<environment.Job instance at 0x7ffacab660f0>,84,2,[7 5],85,223,225,138,223
1,<environment.Job instance at 0x7ffacab663c0>,85,19,[2 8],86,245,264,159,235
1,<environment.Job instance at 0x7ffacab669b0>,87,1,[10  1],88,239,240,151,239
1,<environment.Job instance at 0x7ffacab66960>,88,3,[2 6],89,245,248,156,239
1,<environment.Job instance at 0x7ffacab66f00>,90,2,[10  4],91,240,242,149,239
1,<environment.Job instance at 0x7ffac3723e10>,94,1,[2 9],95,264,265,169,259
1,<environment.Job instance at 0x7ffac3723460>,97,2,[10  2],98,272,274,174,272
1,<environment.Job instance at 0x7ffa7fdf5af0>,10,2,[13  2],11,13,15,2,13
1,<environment.Job instance at 0x7ffac34b35a0>,14,1,[12  5],15,16,17,1,16
1,<environment.Job instance at 0x7ffac3be40a0>,17,26,[ 3 10],18,18,44,0,18
1,<environment.Job instance at 0x7ffa80089d70>,21,3,[12  2],22,34,37,12,34
1,<environment.Job instance at 0x7ffaca27cdc0>,32,1,[7 4],33,39,40,6,39
1,<environment.Job instance at 0x7ffa7f78bc80>,34,3,[14  3],35,48,51,13,48
1,<environment.Job instance at 0x7ffa7f85baa0>,37,3,[6 5],38,61,64,23,61
1,<environment.Job instance at 0x7ffaca285410>,38,1,[2 8],39,61,62,22,61
1,<environment.Job instance at 0x7ffaca48caf0>,39,2,[6 3],40,62,64,22,61
1,<environment.Job instance at 0x7ffac3bece10>,41,1,[5 3],42,65,66,23,65
1,<environment.Job instance at 0x7ffa7f91a280>,43,3,[7 1],44,76,79,32,76
1,<environment.Job instance at 0x7ffa7f91a500>,45,3,[ 1 10],46,84,87,38,84
1,<environment.Job instance at 0x7ffa7f91ac80>,46,1,[11  3],47,84,85,37,84
1,<environment.Job instance at 0x7ffa7f91a320>,47,1,[8 4],48,85,86,37,84
1,<environment.Job instance at 0x7ffa7f91a910>,49,2,[3 9],50,89,91,39,89
1,<environment.Job instance at 0x7ffac3bb1690>,51,17,[9 4],52,104,121,52,104
1,<environment.Job instance at 0x7ffac3bb1910>,52,2,[8 5],53,121,123,68,104
1,<environment.Job instance at 0x7ffac3bb14b0>,54,2,[8 5],55,123,125,68,109
1,<environment.Job instance at 0x7ffac3bb1d70>,55,3,[10  5],56,125,128,69,109
1,<environment.Job instance at 0x7ffa7fd5cb40>,61,3,[6 5],62,140,143,78,140
1,<environment.Job instance at 0x7ffa7f796960>,63,3,[4 7],64,153,156,89,153
1,<environment.Job instance at 0x7ffaca50ac80>,68,3,[4 7],69,171,174,102,171
1,<environment.Job instance at 0x7ffa7f7a20f0>,69,3,[4 8],70,171,174,101,171
1,<environment.Job instance at 0x7ffac34ff230>,74,2,[10  2],75,193,195,118,193
1,<environment.Job instance at 0x7ffa7f77ed20>,77,2,[9 2],78,195,197,117,193
1,<environment.Job instance at 0x7ffa7f83bdc0>,78,2,[13  1],79,197,199,118,193
1,<environment.Job instance at 0x7ffa7f7a53c0>,81,26,[7 2],82,207,233,125,207
1,<environment.Job instance at 0x7ffa7f79c640>,90,2,[8 1],91,238,240,147,238
1,<environment.Job instance at 0x7ffa7fd01fa0>,91,23,[5 9],92,238,261,146,238
1,<environment.Job instance at 0x7ffa7fd014b0>,94,1,[ 2 10],95,261,262,166,255
1,<environment.Job instance at 0x7ffa7fd01500>,96,1,[ 3 13],97,262,263,165,257
1,<environment.Job instance at 0x7ffa7fd01230>,97,22,[2 9],98,263,285,165,257
1,<environment.Job instance at 0x7ffa7fd01c30>,102,2,[5 4],103,278,280,175,278
1,<environment.Job instance at 0x7ffa7fd01e10>,93,3,[ 1 14],94,292,295,198,292
1,<environment.Job instance at 0x7ffaca400c80>,106,20,[8 2],107,295,315,188,294
1,<environment.Job instance at 0x7ffaca4005f0>,108,26,[2 5],109,296,322,187,296
1,<environment.Job instance at 0x7ffaca4009b0>,114,1,[10  4],115,315,316,200,313
1,<environment.Job instance at 0x7ffaca400cd0>,116,24,[2 9],117,316,340,199,313
1,<environment.Job instance at 0x7ffac3539050>,6,1,[ 3 11],7,8,9,1,8
1,<environment.Job instance at 0x7ffac3b430f0>,9,1,[9 1],10,10,11,0,10
1,<environment.Job instance at 0x7ffac9ff6730>,11,23,[1 8],12,12,35,0,12
1,<environment.Job instance at 0x7ffa7f821320>,17,1,[7 5],18,26,27,8,26
1,<environment.Job instance at 0x7ffa7f821550>,24,2,[1 5],25,49,51,24,49
1,<environment.Job instance at 0x7ffac38c2a00>,26,25,[8 1],27,49,74,22,49
1,<environment.Job instance at 0x7ffaca128fa0>,29,3,[7 4],30,62,65,32,62
1,<environment.Job instance at 0x7ffa7f7d25f0>,30,2,[3 9],31,65,67,34,63
1,<environment.Job instance at 0x7ffac37e5230>,34,28,[7 4],35,75,103,40,75
1,<environment.Job instance at 0x7ffac37e5820>,35,20,[7 2],36,75,95,39,75
1,<environment.Job instance at 0x7ffaca2d4870>,42,3,[8 4],43,107,110,64,107
1,<environment.Job instance at 0x7ffa7fb88780>,44,19,[1 8],45,107,126,62,107
1,<environment.Job instance at 0x7ffaca150eb0>,45,3,[9 3],46,110,113,64,107
1,<environment.Job instance at 0x7ffaca3db5a0>,49,3,[5 3],50,125,128,75,125
1,<environment.Job instance at 0x7ffac36f4eb0>,53,20,[4 5],54,136,156,82,136
1,<environment.Job instance at 0x7ffac9f44d20>,54,2,[6 5],55,136,138,81,136
1,<environment.Job instance at 0x7ffac36f4690>,55,20,[5 5],56,136,156,80,136
1,<environment.Job instance at 0x7ffa7f842f50>,59,2,[1 6],60,156,158,96,154
1,<environment.Job instance at 0x7ffa7f8425f0>,61,18,[3 9],62,164,182,102,164
1,<environment.Job instance at 0x7ffa7f806b90>,66,2,[14  1],67,182,184,115,174
1,<environment.Job instance at 0x7ffa7f806a50>,70,3,[7 3],71,184,187,113,182
1,<environment.Job instance at 0x7ffa7f806910>,71,25,[1 6],72,182,207,110,182
1,<environment.Job instance at 0x7ffa7f8066e0>,73,26,[10  4],74,194,220,120,194
1,<environment.Job instance at 0x7ffac37d2cd0>,75,24,[4 7],76,207,231,131,202
1,<environment.Job instance at 0x7ffa7f7a48c0>,82,1,[3 6],83,236,237,153,236
1,<environment.Job instance at 0x7ffa7f7a4be0>,83,2,[5 5],84,236,238,152,236
1,<environment.Job instance at 0x7ffa7f84e4b0>,85,3,[2 8],86,238,241,152,238
1,<environment.Job instance at 0x7ffa7f743f00>,87,28,[7 2],88,260,288,172,260
1,<environment.Job instance at 0x7ffa7f743370>,89,27,[ 3 10],90,261,288,171,261
1,<environment.Job instance at 0x7ffa7f7432d0>,92,26,[9 1],93,288,314,195,285
1,<environment.Job instance at 0x7ffa7f743780>,94,21,[10  5],95,314,335,219,306
1,<environment.Job instance at 0x7ffa7f79fb90>,96,3,[ 2 14],97,338,341,241,338
1,<environment.Job instance at 0x7ffa7f79fd70>,97,20,[10  2],98,341,361,243,338
1,<environment.Job instance at 0x7ffa7fdd8320>,107,27,[9 4],108,361,388,253,359
1,<environment.Job instance at 0x7ffaca414910>,8,21,[2 5],9,10,31,1,10
1,<environment.Job instance at 0x7ffa7f7f3960>,9,23,[5 7],10,10,33,0,10
1,<environment.Job instance at 0x7ffa7f77e820>,13,25,[ 1 10],14,33,58,19,29
1,<environment.Job instance at 0x7ffac3513cd0>,5,2,[ 2 12],6,58,60,52,31
1,<environment.Job instance at 0x7ffa7f77e410>,18,1,[ 5 14],19,60,61,41,51
1,<environment.Job instance at 0x7ffac351c190>,25,2,[5 7],26,61,63,35,51
1,<environment.Job instance at 0x7ffac351ceb0>,27,3,[10  5],28,61,64,33,57
1,<environment.Job instance at 0x7ffac351c690>,32,2,[4 5],33,79,81,46,79
1,<environment.Job instance at 0x7ffac351c140>,34,2,[8 4],35,82,84,47,82
1,<environment.Job instance at 0x7ffac351cd70>,35,2,[11  4],36,84,86,48,82
1,<environment.Job instance at 0x7ffac351c3c0>,36,1,[6 4],37,82,83,45,82
1,<environment.Job instance at 0x7ffa7f86ef50>,39,21,[7 2],40,92,113,52,92
1,<environment.Job instance at 0x7ffa7ffdde10>,45,2,[8 4],46,113,115,67,113
1,<environment.Job instance at 0x7ffa7ffdd3c0>,46,23,[ 5 12],47,115,138,68,113
1,<environment.Job instance at 0x7ffa7ffdd0f0>,47,21,[10  4],48,138,159,90,130
1,<environment.Job instance at 0x7ffa7fb7f460>,51,21,[1 7],52,138,159,86,130
1,<environment.Job instance at 0x7ffa7ffddaa0>,52,1,[ 4 11],53,159,160,106,149
1,<environment.Job instance at 0x7ffa7fbb06e0>,57,1,[7 1],58,159,160,101,159
1,<environment.Job instance at 0x7ffa7ff02e60>,58,1,[1 5],59,160,161,101,159
1,<environment.Job instance at 0x7ffac3a0de60>,64,3,[ 1 12],65,185,188,120,185
1,<environment.Job instance at 0x7ffa800f6aa0>,65,3,[ 1 10],66,188,191,122,186
1,<environment.Job instance at 0x7ffaca39b0f0>,66,3,[3 9],67,191,194,124,186
1,<environment.Job instance at 0x7ffac39f50a0>,69,3,[9 3],70,194,197,124,194
1,<environment.Job instance at 0x7ffac39f5640>,70,25,[6 2],71,194,219,123,194
1,<environment.Job instance at 0x7ffac39f5960>,72,3,[14  1],73,219,222,146,197
1,<environment.Job instance at 0x7ffac39f5a00>,73,1,[ 4 12],74,197,198,123,197
1,<environment.Job instance at 0x7ffac39f56e0>,74,21,[5 2],75,198,219,123,197
1,<environment.Job instance at 0x7ffa7f743c80>,1,1,[2 5],2,3,4,1,3
1,<environment.Job instance at 0x7ffac38ebd20>,7,1,[8 1],8,8,9,0,8
1,<environment.Job instance at 0x7ffac38eb190>,10,2,[8 4],11,11,13,0,11
1,<environment.Job instance at 0x7ffac38eb460>,11,1,[3 9],12,12,13,0,12
1,<environment.Job instance at 0x7ffac38eb0f0>,12,1,[2 9],13,13,14,0,13
1,<environment.Job instance at 0x7ffacaa45870>,16,21,[10  4],17,24,45,7,24
1,<environment.Job instance at 0x7ffacaa45820>,19,2,[9 5],20,45,47,25,37
1,<environment.Job instance at 0x7ffacaa45e10>,20,1,[8 3],21,47,48,26,37
1,<environment.Job instance at 0x7ffacaa45be0>,21,2,[10  3],22,48,50,26,37
1,<environment.Job instance at 0x7ffacaa45d70>,22,3,[ 4 10],23,37,40,14,37
1,<environment.Job instance at 0x7ffacaa45af0>,24,2,[7 5],25,50,52,25,41
1,<environment.Job instance at 0x7ffacaa450a0>,25,23,[7 3],26,50,73,24,44
1,<environment.Job instance at 0x7ffacaa45690>,26,2,[ 2 10],27,44,46,17,44
1,<environment.Job instance at 0x7ffacaa458c0>,27,20,[8 3],28,52,72,24,44
1,<environment.Job instance at 0x7ffaca1e5190>,29,22,[9 1],30,73,95,43,66
1,<environment.Job instance at 0x7ffaca1e5b90>,35,1,[8 4],36,72,73,36,66
1,<environment.Job instance at 0x7ffaca1e5690>,37,2,[4 5],38,73,75,35,70
1,<environment.Job instance at 0x7ffaca1e5be0>,41,2,[3 5],42,89,91,47,89
1,<environment.Job instance at 0x7ffaca1e5870>,38,18,[5 9],39,98,116,59,98
1,<environment.Job instance at 0x7ffac3a65460>,47,1,[1 9],48,118,119,70,118
1,<environment.Job instance at 0x7ffac3a65f00>,49,2,[10  5],50,118,120,68,118
1,<environment.Job instance at 0x7ffac3a65fa0>,50,1,[5 8],51,119,120,68,118
1,<environment.Job instance at 0x7ffac3a65500>,52,26,[9 3],53,120,146,67,118
1,<environment.Job instance at 0x7ffac3a65960>,54,3,[5 3],55,129,132,74,129
1,<environment.Job instance at 0x7ffac3a65190>,56,3,[12  4],57,146,149,89,132
1,<environment.Job instance at 0x7ffac3a65d20>,58,1,[5 9],59,142,143,83,142
1,<environment.Job instance at 0x7ffac3a654b0>,59,2,[ 1 10],60,143,145,83,142
1,<environment.Job instance at 0x7ffac3a65370>,61,3,[4 6],62,151,154,89,151
1,<environment.Job instance at 0x7ffac39a1280>,64,2,[ 4 10],65,164,166,99,164
1,<environment.Job instance at 0x7ffac39a1d20>,67,22,[6 4],68,178,200,110,178
1,<environment.Job instance at 0x7ffac39a15f0>,72,2,[4 8],73,199,201,126,199
1,<environment.Job instance at 0x7ffa7f8d6a00>,79,2,[5 2],80,232,234,152,232
1,<environment.Job instance at 0x7ffa7f8d6320>,80,2,[1 6],81,232,234,151,232
1,<environment.Job instance at 0x7ffa7f8d6230>,82,2,[9 5],83,243,245,160,243
1,<environment.Job instance at 0x7ffa7f8d6500>,85,19,[10  1],86,262,281,176,262
1,<environment.Job instance at 0x7ffa7f8d6fa0>,87,2,[ 3 10],88,263,265,175,263
1,<environment.Job instance at 0x7ffa7f8d63c0>,88,23,[1 5],89,265,288,176,263
1,<environment.Job instance at 0x7ffaca592410>,89,2,[12  2],90,281,283,191,271
1,<environment.Job instance at 0x7ffacaca8fa0>,96,2,[5 1],97,298,300,201,298
1,<environment.Job instance at 0x7ffaca4d4690>,97,20,[5 3],98,298,318,200,298
1,<environment.Job instance at 0x7ffac3734e10>,98,3,[9 1],99,300,303,201,298
1,<environment.Job instance at 0x7ffaca040460>,102,3,[3 8],103,320,323,217,320
1,<environment.Job instance at 0x7ffaca040370>,104,1,[4 6],105,331,332,226,331
1,<environment.Job instance at 0x7ffa7f868500>,0,2,[1 7],1,2,4,1,2
1,<environment.Job instance at 0x7ffa7f8ab7d0>,2,24,[7 2],3,3,27,0,3
1,<environment.Job instance at 0x7ffac39217d0>,4,27,[5 1],5,5,32,0,5
1,<environment.Job instance at 0x7ffaca0d33c0>,8,3,[13  2],9,32,35,23,20
1,<environment.Job instance at 0x7ffaca0d3780>,10,1,[9 5],11,27,28,16,20
1,<environment.Job instance at 0x7ffaca51c7d0>,5,1,[ 5 12],6,28,29,22,25
1,<environment.Job instance at 0x7ffacacb5460>,18,3,[7 1],19,29,32,10,27
1,<environment.Job instance at 0x7ffaca347500>,20,3,[13  5],21,35,38,14,29
1,<environment.Job instance at 0x7ffaca347410>,21,3,[6 4],22,38,41,16,30
1,<environment.Job instance at 0x7ffa7ff3a730>,24,1,[8 2],25,45,46,20,45
1,<environment.Job instance at 0x7ffaca3dbd20>,25,3,[14  3],26,46,49,20,45
1,<environment.Job instance at 0x7ffac36740f0>,28,3,[ 2 10],29,61,64,32,61
1,<environment.Job instance at 0x7ffac387ff50>,29,1,[8 3],30,61,62,31,61
1,<environment.Job instance at 0x7ffac387f320>,30,3,[8 1],31,62,65,31,61
1,<environment.Job instance at 0x7ffac387fdc0>,34,1,[10  2],35,78,79,43,78
1,<environment.Job instance at 0x7ffac387f0f0>,35,27,[1 5],36,78,105,42,78
1,<environment.Job instance at 0x7ffa7f93e7d0>,37,2,[ 1 10],38,88,90,50,88
1,<environment.Job instance at 0x7ffa7f93eb40>,38,1,[4 7],39,90,91,51,88
1,<environment.Job instance at 0x7ffa7f93ed70>,39,3,[13  3],40,91,94,51,88
1,<environment.Job instance at 0x7ffac3552dc0>,44,3,[5 1],45,108,111,63,108
1,<environment.Job instance at 0x7ffac3522be0>,46,1,[10  1],47,120,121,73,120
1,<environment.Job instance at 0x7ffa7fbdc690>,48,12,[10  1],49,122,134,73,122
1,<environment.Job instance at 0x7ffac39df140>,51,21,[8 4],52,135,156,83,135
1,<environment.Job instance at 0x7ffaca0d3550>,11,18,[5 6],12,137,155,125,137
1,<environment.Job instance at 0x7ffaca28ea00>,58,12,[1 5],59,154,166,95,154
1,<environment.Job instance at 0x7ffaca28e190>,59,1,[1 7],60,156,157,96,154
1,<environment.Job instance at 0x7ffaca4e32d0>,61,3,[4 7],62,157,160,95,154
1,<environment.Job instance at 0x7ffaca4e3af0>,63,2,[4 5],64,160,162,96,156
1,<environment.Job instance at 0x7ffaca4e3b40>,64,20,[8 2],65,156,176,91,156
1,<environment.Job instance at 0x7ffaca4e3550>,66,2,[4 7],67,165,167,98,165
1,<environment.Job instance at 0x7ffaca4e3140>,67,2,[ 4 10],68,167,169,99,165
1,<environment.Job instance at 0x7ffac3aedb40>,68,3,[8 2],69,176,179,107,165
1,<environment.Job instance at 0x7ffac3aed5a0>,70,21,[10  5],71,179,200,108,171
1,<environment.Job instance at 0x7ffac3aed140>,71,2,[5 3],72,171,173,99,171
1,<environment.Job instance at 0x7ffac3aed9b0>,72,2,[5 5],73,173,175,100,171
1,<environment.Job instance at 0x7ffac3aed0f0>,73,19,[7 1],74,200,219,126,190
1,<environment.Job instance at 0x7ffac3aed4b0>,75,1,[ 3 11],76,200,201,124,190
1,<environment.Job instance at 0x7ffa7fb99960>,81,2,[4 5],82,191,193,109,191
1,<environment.Job instance at 0x7ffac36516e0>,85,1,[4 8],86,193,194,107,192
1,<environment.Job instance at 0x7ffac3651fa0>,86,23,[ 1 13],87,201,224,114,195
1,<environment.Job instance at 0x7ffac34dbdc0>,90,3,[8 2],91,219,222,128,209
1,<environment.Job instance at 0x7ffac3651960>,87,2,[ 2 11],88,224,226,136,216
1,<environment.Job instance at 0x7ffac34dbb90>,93,1,[5 5],94,226,227,132,216
1,<environment.Job instance at 0x7ffac34dbaf0>,94,24,[7 3],95,224,248,129,219
1,<environment.Job instance at 0x7ffa7fe94910>,96,21,[5 3],97,227,248,130,220
1,<environment.Job instance at 0x7ffa7fe94b90>,97,22,[1 9],98,227,249,129,225
1,<environment.Job instance at 0x7ffa7fa13b40>,105,27,[2 8],106,249,276,143,247
1,<environment.Job instance at 0x7ffaca10ca50>,106,2,[3 7],107,249,251,142,247
1,<environment.Job instance at 0x7ffa7fa130a0>,104,19,[ 5 12],105,276,295,171,266
1,<environment.Job instance at 0x7ffacaa38460>,108,1,[9 4],109,266,267,157,266
1,<environment.Job instance at 0x7ffa7fa46eb0>,109,1,[ 4 13],110,295,296,185,267
1,<environment.Job instance at 0x7ffa7fcadfa0>,112,24,[5 7],113,296,320,183,291
1,<environment.Job instance at 0x7ffa7ffa16e0>,114,1,[4 6],115,296,297,181,291
1,<environment.Job instance at 0x7ffa7ffa1050>,115,2,[4 5],116,297,299,181,291
1,<environment.Job instance at 0x7ffa7ffa19b0>,117,1,[ 3 10],118,320,321,202,292
1,<environment.Job instance at 0x7ffa7ffa1cd0>,119,23,[6 1],120,292,315,172,292
1,<environment.Job instance at 0x7ffa7ffa1be0>,121,1,[5 7],122,315,316,193,295
1,<environment.Job instance at 0x7ffa7f85f5a0>,120,1,[11  4],121,320,321,199,310
1,<environment.Job instance at 0x7ffa7f85f1e0>,126,23,[ 2 10],127,321,344,194,315
1,<environment.Job instance at 0x7ffa7f85f6e0>,128,3,[10  5],129,327,330,198,327
1,<environment.Job instance at 0x7ffac39e2a00>,3,2,[7 1],4,8,10,4,8
1,<environment.Job instance at 0x7ffa800cb690>,1,2,[11  4],2,10,12,8,8
1,<environment.Job instance at 0x7ffaca347c30>,4,2,[4 5],5,10,12,5,10
1,<environment.Job instance at 0x7ffa7fcce9b0>,11,1,[6 4],12,13,14,1,13
1,<environment.Job instance at 0x7ffa7fc93140>,17,3,[1 5],18,27,30,9,27
1,<environment.Job instance at 0x7ffac387f410>,2,3,[14  5],3,30,33,27,30
1,<environment.Job instance at 0x7ffa7fec9780>,21,2,[ 1 10],22,38,40,16,38
1,<environment.Job instance at 0x7ffa7fec9690>,24,1,[6 3],25,44,45,19,44
1,<environment.Job instance at 0x7ffa7fec9cd0>,26,26,[5 7],27,54,80,27,54
1,<environment.Job instance at 0x7ffa7fec9dc0>,27,2,[1 6],28,54,56,26,54
1,<environment.Job instance at 0x7ffa7fec9be0>,30,1,[7 3],31,62,63,31,62
1,<environment.Job instance at 0x7ffaca296f00>,33,3,[8 1],34,76,79,42,76
1,<environment.Job instance at 0x7ffaca296aa0>,35,3,[4 7],36,79,82,43,76
1,<environment.Job instance at 0x7ffaca296b90>,36,3,[ 4 11],37,82,85,45,78
1,<environment.Job instance at 0x7ffaca296a50>,39,20,[3 9],40,90,110,50,90
1,<environment.Job instance at 0x7ffaca2968c0>,41,23,[8 4],42,91,114,49,91
1,<environment.Job instance at 0x7ffaca2966e0>,44,3,[11  3],45,118,121,73,118
1,<environment.Job instance at 0x7ffaca296fa0>,47,2,[1 9],48,120,122,72,120
1,<environment.Job instance at 0x7ffaca2961e0>,48,2,[7 4],49,121,123,72,120
1,<environment.Job instance at 0x7ffa7ff04230>,49,1,[5 4],50,122,123,72,120
1,<environment.Job instance at 0x7ffa7ff04be0>,50,1,[3 6],51,122,123,71,120
1,<environment.Job instance at 0x7ffa7ff04730>,52,2,[6 2],53,124,126,71,124
1,<environment.Job instance at 0x7ffaca296be0>,46,2,[ 2 12],47,124,126,77,124
1,<environment.Job instance at 0x7ffa7fad7820>,55,27,[6 2],56,126,153,70,124
1,<environment.Job instance at 0x7ffa7fad7640>,58,3,[ 3 12],59,134,137,75,134
1,<environment.Job instance at 0x7ffa7fad7f00>,64,3,[8 2],65,154,157,89,154
1,<environment.Job instance at 0x7ffa7fad02d0>,70,12,[5 7],71,180,192,109,180
1,<environment.Job instance at 0x7ffa7fad0410>,72,3,[1 9],73,192,195,119,192
1,<environment.Job instance at 0x7ffa7fad0550>,73,1,[6 2],74,192,193,118,192
1,<environment.Job instance at 0x7ffa7fad04b0>,74,2,[1 8],75,195,197,120,192
1,<environment.Job instance at 0x7ffa7fad05f0>,75,1,[ 4 14],76,197,198,121,192
1,<environment.Job instance at 0x7ffa7fad0640>,77,3,[1 9],78,198,201,120,193
1,<environment.Job instance at 0x7ffa7fad0cd0>,81,1,[4 6],82,194,195,112,194
1,<environment.Job instance at 0x7ffa7fad0c30>,80,1,[3 7],81,195,196,114,194
1,<environment.Job instance at 0x7ffa7fad0e10>,85,2,[10  4],86,198,200,112,194
1,<environment.Job instance at 0x7ffa7fad09b0>,87,1,[10  4],88,208,209,120,208
1,<environment.Job instance at 0x7ffa7fad0fa0>,88,1,[2 9],89,208,209,119,208
1,<environment.Job instance at 0x7ffa7face280>,89,22,[14  5],90,209,231,119,208
1,<environment.Job instance at 0x7ffa7face910>,97,1,[10  4],98,255,256,157,255
1,<environment.Job instance at 0x7ffa7face870>,98,22,[10  4],99,256,278,157,255
1,<environment.Job instance at 0x7ffa7faceb90>,101,21,[5 8],102,275,296,173,275
1,<environment.Job instance at 0x7ffa7face9b0>,107,25,[6 5],108,279,304,171,279
1,<environment.Job instance at 0x7ffa7fade550>,115,1,[1 9],116,309,310,193,309
1,<environment.Job instance at 0x7ffa7fade500>,116,2,[1 9],117,310,312,193,309
1,<environment.Job instance at 0x7ffa7fade7d0>,118,25,[5 7],119,312,337,193,309
1,<environment.Job instance at 0x7ffa7fade6e0>,5,26,[14  3],6,6,32,0,6
1,<environment.Job instance at 0x7ffa7f86e5f0>,7,28,[6 3],8,32,60,24,31
1,<environment.Job instance at 0x7ffaca41c6e0>,11,19,[3 6],12,32,51,20,31
1,<environment.Job instance at 0x7ffa7fccb960>,16,2,[14  2],17,60,62,43,37
1,<environment.Job instance at 0x7ffa7fccb460>,21,19,[3 9],22,62,81,40,52
1,<environment.Job instance at 0x7ffac36d4230>,24,2,[9 3],25,55,57,30,55
1,<environment.Job instance at 0x7ffa7fccbfa0>,17,3,[13  2],18,81,84,63,56
1,<environment.Job instance at 0x7ffac3689d70>,31,1,[1 6],32,64,65,32,64
1,<environment.Job instance at 0x7ffac350fb90>,32,25,[2 8],33,81,106,48,77
1,<environment.Job instance at 0x7ffac37f2410>,41,28,[1 5],42,105,133,63,105
1,<environment.Job instance at 0x7ffac37f2780>,42,2,[3 8],43,106,108,63,105
1,<environment.Job instance at 0x7ffac3785550>,45,2,[1 7],46,114,116,68,114
1,<environment.Job instance at 0x7ffa7fbb5780>,49,2,[4 6],50,138,140,88,138
1,<environment.Job instance at 0x7ffa7fbb5640>,50,27,[3 8],51,138,165,87,138
1,<environment.Job instance at 0x7ffa7ffb80a0>,54,19,[6 5],55,164,183,109,164
1,<environment.Job instance at 0x7ffa7ff67af0>,58,1,[7 4],59,177,178,118,177
1,<environment.Job instance at 0x7ffac3a18e10>,60,20,[7 1],61,178,198,117,177
1,<environment.Job instance at 0x7ffa7fc93690>,61,1,[12  2],62,198,199,136,177
1,<environment.Job instance at 0x7ffa7fc93960>,62,1,[9 3],63,199,200,136,177
1,<environment.Job instance at 0x7ffa7fbd3730>,64,1,[10  3],65,200,201,135,189
1,<environment.Job instance at 0x7ffaca39d870>,68,12,[6 1],69,202,214,133,202
1,<environment.Job instance at 0x7ffaca39da50>,70,3,[2 6],71,212,215,141,212
1,<environment.Job instance at 0x7ffaca39d5a0>,73,2,[7 2],74,237,239,163,237
1,<environment.Job instance at 0x7ffaca39d230>,77,1,[10  1],78,271,272,193,271
1,<environment.Job instance at 0x7ffaca39d780>,78,3,[2 5],79,271,274,192,271
1,<environment.Job instance at 0x7ffaca39de60>,79,1,[3 8],80,271,272,191,271
1,<environment.Job instance at 0x7ffaca39d910>,80,23,[ 1 12],81,274,297,193,271
1,<environment.Job instance at 0x7ffaca39df00>,82,28,[1 7],83,297,325,214,296
1,<environment.Job instance at 0x7ffac3abac80>,85,26,[ 4 10],86,325,351,239,322
1,<environment.Job instance at 0x7ffac3aba2d0>,89,22,[12  5],90,351,373,261,344
1,<environment.Job instance at 0x7ffac3aba280>,94,27,[3 7],95,351,378,256,349
1,<environment.Job instance at 0x7ffac3abaa00>,98,1,[7 1],99,373,374,274,371
1,<environment.Job instance at 0x7ffac3aba5a0>,104,3,[1 9],105,406,409,301,406
1,<environment.Job instance at 0x7ffac3b71320>,107,2,[10  4],108,463,465,355,463
1,<environment.Job instance at 0x7ffac3b71410>,108,19,[5 8],109,463,482,354,463
1,<environment.Job instance at 0x7ffac3b71af0>,116,2,[5 6],117,499,501,382,499
1,<environment.Job instance at 0x7ffac9fa2e60>,120,2,[10  3],121,512,514,391,512
1,<environment.Job instance at 0x7ffac9fa2be0>,123,1,[4 7],124,517,518,393,517
1,<environment.Job instance at 0x7ffac9fa27d0>,127,28,[8 3],128,535,563,407,535
1,<environment.Job instance at 0x7ffaca0ea550>,128,1,[8 4],129,563,564,434,535
1,<environment.Job instance at 0x7ffa80055870>,2,22,[13  5],3,3,25,0,3
1,<environment.Job instance at 0x7ffaca0ea550>,3,28,[10  5],4,25,53,21,24
1,<environment.Job instance at 0x7ffaca4c26e0>,7,27,[3 7],8,25,52,17,24
1,<environment.Job instance at 0x7ffac37aeaf0>,16,27,[13  1],17,53,80,36,51
1,<environment.Job instance at 0x7ffa7f848af0>,25,25,[2 7],26,58,83,32,58
1,<environment.Job instance at 0x7ffaca494d20>,30,2,[10  4],31,81,83,50,81
1,<environment.Job instance at 0x7ffa7fbec730>,32,2,[4 8],33,83,85,50,81
1,<environment.Job instance at 0x7ffa7fe44690>,33,3,[10  2],34,83,86,49,81
1,<environment.Job instance at 0x7ffa7fc857d0>,36,1,[6 4],37,86,87,49,81
1,<environment.Job instance at 0x7ffac3c5fc80>,38,2,[3 8],39,92,94,53,92
1,<environment.Job instance at 0x7ffa800d8f00>,39,3,[ 1 10],40,94,97,54,92
1,<environment.Job instance at 0x7ffaca4aef50>,41,1,[5 8],42,97,98,55,95
1,<environment.Job instance at 0x7ffaca4ae0f0>,42,2,[8 4],43,96,98,53,96
1,<environment.Job instance at 0x7ffac3610be0>,45,1,[7 4],46,98,99,52,96
1,<environment.Job instance at 0x7ffac3610d70>,46,1,[5 9],47,98,99,51,96
1,<environment.Job instance at 0x7ffac3610190>,47,2,[5 5],48,99,101,51,97
1,<environment.Job instance at 0x7ffac36100a0>,48,3,[9 4],49,99,102,50,99
1,<environment.Job instance at 0x7ffa7fae3320>,51,26,[6 3],52,106,132,54,106
1,<environment.Job instance at 0x7ffaca0f9c30>,54,1,[5 7],55,121,122,66,121
1,<environment.Job instance at 0x7ffaca0f90a0>,57,1,[ 5 12],58,123,124,65,123
1,<environment.Job instance at 0x7ffaca2e4960>,58,1,[ 2 10],59,124,125,65,123
1,<environment.Job instance at 0x7ffaca2e4d70>,59,3,[12  2],60,132,135,72,128
1,<environment.Job instance at 0x7ffaca0f98c0>,61,3,[11  1],62,137,140,75,137
1,<environment.Job instance at 0x7ffaca2dc4b0>,63,1,[10  2],64,141,142,77,141
1,<environment.Job instance at 0x7ffaca2dc6e0>,64,2,[8 5],65,142,144,77,141
1,<environment.Job instance at 0x7ffaca2dcb40>,65,27,[8 5],66,144,171,78,142
1,<environment.Job instance at 0x7ffaca2dc0f0>,66,22,[9 5],67,171,193,104,164
1,<environment.Job instance at 0x7ffa7fe454b0>,68,24,[7 4],69,193,217,124,188
1,<environment.Job instance at 0x7ffac360c280>,74,1,[5 4],75,189,190,114,189
1,<environment.Job instance at 0x7ffac360ca50>,75,2,[5 4],76,190,192,114,189
1,<environment.Job instance at 0x7ffac36d4cd0>,79,2,[12  1],80,217,219,137,199
1,<environment.Job instance at 0x7ffac36d4780>,81,24,[ 3 14],82,217,241,135,212
1,<environment.Job instance at 0x7ffac3640960>,82,2,[10  2],83,241,243,158,214
1,<environment.Job instance at 0x7ffa7fbbba50>,83,1,[3 5],84,214,215,130,214
1,<environment.Job instance at 0x7ffa7fbbbf00>,85,1,[10  4],86,243,244,157,215
1,<environment.Job instance at 0x7ffa7fbbb5a0>,86,1,[1 6],87,215,216,128,215
1,<environment.Job instance at 0x7ffaca3aa190>,90,20,[9 2],91,244,264,153,235
1,<environment.Job instance at 0x7f3b6b3078c0>,10,1,[7 3],11,24,25,13,24
1,<environment.Job instance at 0x7f3b6b3075a0>,11,2,[3 9],12,24,26,12,24
1,<environment.Job instance at 0x7f3b6b307aa0>,12,3,[6 3],13,26,29,13,26
1,<environment.Job instance at 0x7f3b6b307c80>,20,1,[3 7],21,66,67,45,66
1,<environment.Job instance at 0x7f3b6b307f00>,22,2,[12  3],23,66,68,43,66
1,<environment.Job instance at 0x7f3b6b3082d0>,24,3,[5 9],25,75,78,50,75
1,<environment.Job instance at 0x7f3b6b308050>,25,3,[1 6],26,75,78,49,75
1,<environment.Job instance at 0x7f3b6b3084b0>,26,22,[2 9],27,78,100,51,75
1,<environment.Job instance at 0x7f3b6b308410>,27,2,[6 4],28,78,80,50,77
1,<environment.Job instance at 0x7f3b6b308910>,33,2,[5 3],34,96,98,62,96
1,<environment.Job instance at 0x7f3b6b3086e0>,36,2,[5 1],37,101,103,64,101
1,<environment.Job instance at 0x7f3b6b308aa0>,40,1,[1 8],41,128,129,87,128
1,<environment.Job instance at 0x7f3b6b308e60>,43,28,[6 4],44,128,156,84,128
1,<environment.Job instance at 0x7f3b6b30d140>,46,3,[5 4],47,146,149,99,146
1,<environment.Job instance at 0x7f3b6b30d460>,47,1,[2 6],48,146,147,98,146
1,<environment.Job instance at 0x7f3b6b30d3c0>,49,2,[1 9],50,155,157,105,155
1,<environment.Job instance at 0x7f3b6b30d4b0>,50,27,[9 1],51,156,183,105,155
1,<environment.Job instance at 0x7f3b6b30d640>,52,3,[ 3 11],53,162,165,109,162
1,<environment.Job instance at 0x7f3b6b31ea50>,13,1,[5 6],14,24,25,10,24
1,<environment.Job instance at 0x7f3b6b31ef00>,14,2,[8 5],15,24,26,9,24
1,<environment.Job instance at 0x7f3b6b3230a0>,16,2,[8 2],17,26,28,9,24
1,<environment.Job instance at 0x7f3b6b3239b0>,19,3,[4 8],20,28,31,8,28
1,<environment.Job instance at 0x7f3b6b323910>,21,3,[1 5],22,35,38,13,35
1,<environment.Job instance at 0x7f3b6b323eb0>,22,1,[10  1],23,35,36,12,35
1,<environment.Job instance at 0x7f3b6b326e10>,25,3,[5 5],26,45,48,19,45
1,<environment.Job instance at 0x7f3b6b326cd0>,26,22,[11  3],27,48,70,21,45
1,<environment.Job instance at 0x7f3b6b3299b0>,32,1,[ 5 10],33,70,71,37,62
1,<environment.Job instance at 0x7f3b6b329b40>,34,1,[9 4],35,70,71,35,66
1,<environment.Job instance at 0x7f3b277028c0>,35,25,[3 9],36,71,96,35,67
1,<environment.Job instance at 0x7f3b27702aa0>,36,1,[7 4],37,71,72,34,67
1,<environment.Job instance at 0x7f3b27702a50>,39,23,[2 8],40,96,119,56,90
1,<environment.Job instance at 0x7f3b2770a640>,41,1,[5 1],42,90,91,48,90
1,<environment.Job instance at 0x7f3b2770af00>,43,1,[3 9],44,119,120,75,91
1,<environment.Job instance at 0x7f3b2770a9b0>,46,26,[9 1],47,104,130,57,104
1,<environment.Job instance at 0x7f3b277015a0>,51,3,[8 2],52,130,133,78,124
1,<environment.Job instance at 0x7f3b277010f0>,53,3,[5 4],54,124,127,70,124
1,<environment.Job instance at 0x7f3b277010a0>,56,23,[5 8],57,142,165,85,142
1,<environment.Job instance at 0x7f3b2768e3c0>,58,2,[ 3 10],59,165,167,106,142
1,<environment.Job instance at 0x7f3b2768e0a0>,59,1,[10  3],60,142,143,82,142
1,<environment.Job instance at 0x7f3b2768eaa0>,60,2,[3 8],61,167,169,106,142
1,<environment.Job instance at 0x7f3b2768e5a0>,61,2,[12  1],62,165,167,103,143
1,<environment.Job instance at 0x7f3b2768e500>,63,27,[5 3],64,167,194,103,165
1,<environment.Job instance at 0x7f3b2770b5a0>,67,1,[1 6],68,172,173,104,172
1,<environment.Job instance at 0x7f3b2770b230>,68,22,[9 2],69,172,194,103,172
1,<environment.Job instance at 0x7f3b2770bf00>,69,3,[ 4 12],70,194,197,124,184
1,<environment.Job instance at 0x7f3b2768c5a0>,78,28,[7 4],79,222,250,143,222
1,<environment.Job instance at 0x7f3b2768c780>,79,1,[9 2],80,250,251,170,222
1,<environment.Job instance at 0x7f3b2768c460>,82,1,[3 8],83,223,224,140,223
1,<environment.Job instance at 0x7f3b2768c190>,84,28,[9 1],85,251,279,166,250
1,<environment.Job instance at 0x7f3b2777e190>,87,1,[7 2],88,279,280,191,255
1,<environment.Job instance at 0x7f3b279250f0>,96,3,[7 5],97,293,296,196,293
1,<environment.Job instance at 0x7f3b27724370>,97,3,[4 9],98,293,296,195,293
1,<environment.Job instance at 0x7f3b277d1230>,100,28,[7 3],101,312,340,211,312
1,<environment.Job instance at 0x7f3b27586460>,109,1,[8 3],110,348,349,238,348
1,<environment.Job instance at 0x7f3b275cc730>,111,3,[1 8],112,366,369,254,366
1,<environment.Job instance at 0x7f3b27585730>,115,2,[9 2],116,380,382,264,380
1,<environment.Job instance at 0x7f3b27585b40>,116,2,[5 1],117,380,382,263,380
1,<environment.Job instance at 0x7f3b27585500>,117,1,[1 7],118,380,381,262,380
1,<environment.Job instance at 0x7f3b276b0b90>,120,2,[8 3],121,392,394,271,392
1,<environment.Job instance at 0x7f3b275d3820>,121,19,[ 3 14],122,394,413,272,392
1,<environment.Job instance at 0x7f3b275d3eb0>,122,2,[14  5],123,413,415,290,392
1,<environment.Job instance at 0x7f3b276b0d70>,123,21,[9 5],124,415,436,291,407
1,<environment.Job instance at 0x7f3b27631be0>,126,22,[6 1],127,415,437,288,408
1,<environment.Job instance at 0x7f3b7287cd70>,128,21,[5 1],129,436,457,307,428
1,<environment.Job instance at 0x7f3b7287cdc0>,129,1,[8 5],130,437,438,307,428
1,<environment.Job instance at 0x7f3b6b326a50>,0,2,[10  1],1,2,4,1,2
1,<environment.Job instance at 0x7f3b275f93c0>,4,2,[1 7],5,6,8,1,6
1,<environment.Job instance at 0x7f3b72888230>,12,1,[13  3],13,14,15,1,14
1,<environment.Job instance at 0x7f3b275fc1e0>,3,3,[14  5],4,15,18,11,15
1,<environment.Job instance at 0x7f3b7273e230>,17,1,[4 8],18,18,19,0,18
1,<environment.Job instance at 0x7f3b275d3280>,21,2,[3 8],22,32,34,10,32
1,<environment.Job instance at 0x7f3b6b087960>,22,27,[ 2 13],23,34,61,11,32
1,<environment.Job instance at 0x7f3b6b19af50>,28,1,[12  5],29,63,64,34,63
1,<environment.Job instance at 0x7f3b6b6e36e0>,29,1,[8 5],30,64,65,34,63
1,<environment.Job instance at 0x7f3b6b0dd190>,32,2,[7 1],33,78,80,45,78
1,<environment.Job instance at 0x7f3b6b0e5f50>,33,2,[3 5],34,78,80,44,78
1,<environment.Job instance at 0x7f3b276310f0>,35,2,[4 6],36,79,81,43,79
1,<environment.Job instance at 0x7f3b27631e60>,36,2,[6 5],37,80,82,43,79
1,<environment.Job instance at 0x7f3b275bf4b0>,38,3,[5 1],39,93,96,54,93
1,<environment.Job instance at 0x7f3b275bf5a0>,39,17,[4 8],40,107,124,67,107
1,<environment.Job instance at 0x7f3b275bff00>,42,2,[9 3],43,107,109,64,107
1,<environment.Job instance at 0x7f3b275bff50>,44,3,[5 8],45,124,127,79,112
1,<environment.Job instance at 0x7f3b275bf500>,45,2,[2 6],46,112,114,66,112
1,<environment.Job instance at 0x7f3b275b9370>,48,2,[1 7],49,131,133,82,131
1,<environment.Job instance at 0x7f3b275b9be0>,52,2,[6 1],53,155,157,102,155
1,<environment.Job instance at 0x7f3b275b9140>,55,1,[5 7],56,172,173,116,172
1,<environment.Job instance at 0x7f3b275b9cd0>,56,2,[3 5],57,172,174,115,172
1,<environment.Job instance at 0x7f3b275b9af0>,57,2,[9 1],58,173,175,115,173
1,<environment.Job instance at 0x7f3b720fa050>,0,1,[ 4 12],1,1,2,0,1
1,<environment.Job instance at 0x7f3b27bc2500>,8,21,[9 5],9,9,30,0,9
1,<environment.Job instance at 0x7f3b27993870>,9,3,[12  1],10,30,33,20,11
1,<environment.Job instance at 0x7f3b27993500>,11,1,[5 5],12,12,13,0,12
1,<environment.Job instance at 0x7f3b27968190>,13,2,[ 4 10],14,14,16,0,14
1,<environment.Job instance at 0x7f3b27968730>,14,2,[5 3],15,16,18,1,15
1,<environment.Job instance at 0x7f3b27968e10>,18,3,[ 2 10],19,21,24,2,21
1,<environment.Job instance at 0x7f3b71d501e0>,20,3,[9 1],21,33,36,12,24
1,<environment.Job instance at 0x7f3b2754fd70>,21,2,[5 6],22,24,26,2,24
1,<environment.Job instance at 0x7f3b71d50500>,22,2,[3 5],23,26,28,3,24
1,<environment.Job instance at 0x7f3b6b0d2190>,25,24,[3 9],26,42,66,16,42
1,<environment.Job instance at 0x7f3b72610140>,30,1,[2 9],31,66,67,35,60
1,<environment.Job instance at 0x7f3b72610910>,31,3,[9 3],32,60,63,28,60
1,<environment.Job instance at 0x7f3b6b5569b0>,35,1,[12  4],36,85,86,49,85
1,<environment.Job instance at 0x7f3b6b556910>,36,2,[9 2],37,86,88,49,85
1,<environment.Job instance at 0x7f3b71f30320>,37,2,[5 2],38,86,88,48,86
1,<environment.Job instance at 0x7f3b6b556f00>,38,2,[6 5],39,88,90,49,86
1,<environment.Job instance at 0x7f3b6b50a640>,42,27,[5 5],43,100,127,57,100
1,<environment.Job instance at 0x7f3b72169b90>,44,25,[1 7],45,100,125,55,100
1,<environment.Job instance at 0x7f3b71cbfe60>,50,2,[6 5],51,127,129,76,127
1,<environment.Job instance at 0x7f3b721aa640>,56,27,[5 8],57,164,191,107,164
1,<environment.Job instance at 0x7f3b6b427c30>,59,1,[ 4 10],60,191,192,131,172
1,<environment.Job instance at 0x7f3b6b595640>,60,1,[10  3],61,172,173,111,172
1,<environment.Job instance at 0x7f3b6b595c80>,61,24,[4 8],62,192,216,130,187
1,<environment.Job instance at 0x7f3b71bc8b40>,62,3,[1 7],63,187,190,124,187
1,<environment.Job instance at 0x7f3b71bc8370>,64,2,[4 8],65,216,218,151,189
1,<environment.Job instance at 0x7f3b71bc81e0>,65,19,[7 5],66,190,209,124,189
1,<environment.Job instance at 0x7f3b71bc8780>,71,1,[11  1],72,209,210,137,195
1,<environment.Job instance at 0x7f3b6b3c0be0>,74,2,[4 9],75,218,220,143,203
1,<environment.Job instance at 0x7f3b6b3c05f0>,75,2,[7 5],76,210,212,134,203
1,<environment.Job instance at 0x7f3b6b3c0e60>,78,3,[9 1],79,219,222,140,219
1,<environment.Job instance at 0x7f3b722605a0>,79,18,[5 8],80,224,242,144,224
1,<environment.Job instance at 0x7f3b71c42a50>,80,19,[2 7],81,224,243,143,224
1,<environment.Job instance at 0x7f3b71c42be0>,81,24,[1 9],82,243,267,161,238
1,<environment.Job instance at 0x7f3b6b3b8640>,87,23,[10  4],88,242,265,154,240
1,<environment.Job instance at 0x7f3b6b469780>,93,3,[ 5 13],94,267,270,173,262
1,<environment.Job instance at 0x7f3b6b2efa00>,6,2,[ 3 10],7,7,9,0,7
1,<environment.Job instance at 0x7f3b27964370>,12,2,[5 5],13,13,15,0,13
1,<environment.Job instance at 0x7f3b6b4007d0>,13,1,[7 1],14,14,15,0,14
1,<environment.Job instance at 0x7f3b6b3be910>,17,3,[12  4],18,27,30,9,27
1,<environment.Job instance at 0x7f3b6b3be820>,19,28,[1 8],20,29,57,9,29
1,<environment.Job instance at 0x7f3b6b3dd410>,22,3,[1 9],23,57,60,34,42
1,<environment.Job instance at 0x7f3b6b3dd0a0>,23,2,[6 5],24,42,44,18,42
1,<environment.Job instance at 0x7f3b6b3dd820>,24,1,[7 3],25,44,45,19,42
1,<environment.Job instance at 0x7f3b71c6f500>,25,3,[7 2],26,42,45,16,42
1,<environment.Job instance at 0x7f3b71c6f780>,35,24,[8 3],36,95,119,59,95
1,<environment.Job instance at 0x7f3b71c6fc80>,37,1,[7 4],38,96,97,58,96
1,<environment.Job instance at 0x7f3b6b3707d0>,44,2,[9 2],45,119,121,74,116
1,<environment.Job instance at 0x7f3b6b2eb190>,49,2,[ 4 10],50,148,150,98,148
1,<environment.Job instance at 0x7f3b6b2eb9b0>,50,1,[9 5],51,149,150,98,149
1,<environment.Job instance at 0x7f3b279118c0>,54,24,[4 5],55,175,199,120,175
1,<environment.Job instance at 0x7f3b27911960>,59,3,[5 9],60,195,198,135,195
1,<environment.Job instance at 0x7f3b27ba4140>,60,2,[6 4],61,198,200,137,195
1,<environment.Job instance at 0x7f3b6b177eb0>,61,2,[3 5],62,198,200,136,195
1,<environment.Job instance at 0x7f3b27bbd550>,65,2,[2 9],66,216,218,150,216
1,<environment.Job instance at 0x7f3b27b9eaa0>,67,1,[3 6],68,221,222,153,221
1,<environment.Job instance at 0x7f3b27b9ed70>,68,13,[6 1],69,223,236,154,223
1,<environment.Job instance at 0x7f3b27ba9fa0>,70,3,[10  4],71,236,239,165,228
1,<environment.Job instance at 0x7f3b278fdbe0>,74,3,[7 4],75,240,243,165,240
1,<environment.Job instance at 0x7f3b278fddc0>,75,3,[9 4],76,243,246,167,240
1,<environment.Job instance at 0x7f3b278fdfa0>,76,2,[5 5],77,240,242,163,240
1,<environment.Job instance at 0x7f3b27b951e0>,77,1,[10  3],78,246,247,168,240
1,<environment.Job instance at 0x7f3b27ba0f00>,81,2,[2 9],82,266,268,184,266
1,<environment.Job instance at 0x7f3b27ba0320>,82,2,[7 3],83,266,268,183,266
1,<environment.Job instance at 0x7f3b27ba0d20>,83,3,[8 1],84,268,271,184,266
1,<environment.Job instance at 0x7f3b27ba05a0>,88,2,[4 5],89,298,300,209,298
1,<environment.Job instance at 0x7f3b279dbf00>,89,23,[6 5],90,298,321,208,298
1,<environment.Job instance at 0x7f3b27bba460>,91,2,[5 7],92,300,302,208,298
1,<environment.Job instance at 0x7f3b27bba190>,92,1,[4 6],93,302,303,209,298
1,<environment.Job instance at 0x7f3b27bba280>,93,1,[4 9],94,303,304,209,298
1,<environment.Job instance at 0x7f3b27bbab40>,95,3,[9 2],96,306,309,210,306
1,<environment.Job instance at 0x7f3b27bbaeb0>,96,2,[8 4],97,309,311,212,306
1,<environment.Job instance at 0x7f3b27bba370>,98,3,[3 9],99,311,314,212,309
1,<environment.Job instance at 0x7f3b27bba050>,99,21,[1 9],100,314,335,214,309
1,<environment.Job instance at 0x7f3b27b93410>,100,27,[6 4],101,321,348,220,319
1,<environment.Job instance at 0x7f3b27b93730>,101,1,[11  4],102,348,349,246,325
1,<environment.Job instance at 0x7f3b27b93b40>,107,2,[ 2 10],108,338,340,230,338
1,<environment.Job instance at 0x7f3b27b935f0>,108,22,[7 5],109,349,371,240,342
1,<environment.Job instance at 0x7f3b27b9c5f0>,111,2,[2 6],112,374,376,262,374
1,<environment.Job instance at 0x7f3b27b9caf0>,112,24,[1 6],113,374,398,261,374
1,<environment.Job instance at 0x7f3b27b9c190>,115,3,[1 9],116,386,389,270,386
1,<environment.Job instance at 0x7f3b7207a280>,119,2,[9 1],120,416,418,296,416
1,<environment.Job instance at 0x7f3b720b2a00>,122,3,[1 9],123,417,420,294,417
1,<environment.Job instance at 0x7f3b7209e500>,124,3,[ 2 12],125,420,423,295,417
1,<environment.Job instance at 0x7f3b7209e690>,125,2,[3 5],126,417,419,291,417
1,<environment.Job instance at 0x7f3b7209ec30>,127,2,[8 4],128,423,425,295,422
1,<environment.Job instance at 0x7f3b7208f1e0>,130,1,[9 4],131,431,432,300,431
1,<environment.Job instance at 0x7f3b2794bd20>,131,2,[ 3 14],132,432,434,300,431
1,<environment.Job instance at 0x7f3b2794b910>,133,3,[10  3],134,440,443,306,440
1,<environment.Job instance at 0x7f3b279337d0>,135,1,[8 4],136,443,444,307,440
1,<environment.Job instance at 0x7f3b276c8500>,8,24,[4 7],9,9,33,0,9
1,<environment.Job instance at 0x7f3b276c8690>,16,2,[3 6],17,17,19,0,17
1,<environment.Job instance at 0x7f3b276c8910>,18,2,[5 8],19,21,23,2,21
1,<environment.Job instance at 0x7f3b276c8f00>,19,3,[14  1],20,33,36,13,25
1,<environment.Job instance at 0x7f3b276c8a00>,20,20,[4 6],21,36,56,15,27
1,<environment.Job instance at 0x7f3b6b26fc80>,27,1,[10  5],28,48,49,20,48
1,<environment.Job instance at 0x7f3b6b26fb40>,28,2,[13  3],29,56,58,27,49
1,<environment.Job instance at 0x7f3b6b26f0a0>,29,1,[5 1],30,49,50,19,49
1,<environment.Job instance at 0x7f3b720eaa00>,31,3,[6 4],32,51,54,19,51
1,<environment.Job instance at 0x7f3b720ea780>,35,2,[6 3],36,77,79,41,77
1,<environment.Job instance at 0x7f3b720eaf50>,37,3,[8 1],38,85,88,47,85
1,<environment.Job instance at 0x7f3b720eaa50>,38,20,[3 8],39,85,105,46,85
1,<environment.Job instance at 0x7f3b71effb90>,40,24,[10  4],41,90,114,49,90
1,<environment.Job instance at 0x7f3b71effaf0>,41,21,[4 7],42,105,126,63,97
1,<environment.Job instance at 0x7f3b6b3be140>,0,26,[4 9],1,1,27,0,1
1,<environment.Job instance at 0x7f3b72063280>,7,23,[5 3],8,8,31,0,8
1,<environment.Job instance at 0x7f3b27a132d0>,13,24,[ 5 11],14,27,51,13,22
1,<environment.Job instance at 0x7f3b6b1b4cd0>,23,1,[10  5],24,68,69,44,68
1,<environment.Job instance at 0x7f3b6b1b4140>,25,2,[8 3],26,75,77,49,75
1,<environment.Job instance at 0x7f3b71fd3e60>,26,3,[ 5 10],27,75,78,48,75
1,<environment.Job instance at 0x7f3b720635f0>,11,18,[11  2],12,844,862,832,844
1,<environment.Job instance at 0x7f3b27690140>,32,3,[7 1],33,862,865,829,846
1,<environment.Job instance at 0x7f3b27690910>,33,22,[5 2],34,862,884,828,855
1,<environment.Job instance at 0x7f3b2770b0a0>,6,27,[5 2],7,7,34,0,7
1,<environment.Job instance at 0x7f3b275a7550>,10,22,[2 5],11,11,33,0,11
1,<environment.Job instance at 0x7f3b6b415190>,20,1,[ 2 10],21,42,43,21,42
1,<environment.Job instance at 0x7f3b6b415500>,21,2,[1 5],22,42,44,20,42
1,<environment.Job instance at 0x7f3b6b415aa0>,22,1,[9 5],23,43,44,20,42
1,<environment.Job instance at 0x7f3b6b415af0>,24,28,[4 5],25,63,91,38,63
1,<environment.Job instance at 0x7f3b6b415dc0>,27,2,[ 5 13],28,91,93,63,64
1,<environment.Job instance at 0x7f3b27957d20>,29,1,[4 5],30,70,71,40,70
1,<environment.Job instance at 0x7f3b27957dc0>,31,25,[10  1],32,73,98,41,73
1,<environment.Job instance at 0x7f3b2774c730>,37,1,[2 6],38,97,98,59,97
1,<environment.Job instance at 0x7f3b2774cd20>,42,2,[1 7],43,128,130,85,128
1,<environment.Job instance at 0x7f3b27a13730>,3,3,[13  5],4,148,151,144,148
1,<environment.Job instance at 0x7f3b2774cd70>,45,21,[9 3],46,151,172,105,148
1,<environment.Job instance at 0x7f3b27a114b0>,47,25,[9 4],48,172,197,124,168
1,<environment.Job instance at 0x7f3b2782a5a0>,57,2,[1 8],58,186,188,128,186
1,<environment.Job instance at 0x7f3b2782a640>,58,2,[10  5],59,197,199,138,186
1,<environment.Job instance at 0x7f3b2782a6e0>,59,28,[6 1],60,199,227,139,198
1,<environment.Job instance at 0x7f3b2782a780>,60,3,[2 8],61,198,201,137,198
1,<environment.Job instance at 0x7f3b2782abe0>,63,1,[8 5],64,203,204,139,203
1,<environment.Job instance at 0x7f3b2782ab90>,65,3,[7 5],66,209,212,143,209
1,<environment.Job instance at 0x7f3b2782afa0>,69,12,[4 6],70,213,225,143,213
1,<environment.Job instance at 0x7f3b2782ae60>,70,13,[2 6],71,218,231,147,218
1,<environment.Job instance at 0x7f3b71f8b1e0>,73,24,[5 3],74,225,249,151,225
1,<environment.Job instance at 0x7f3b71f8b3c0>,75,1,[5 9],76,237,238,161,237
1,<environment.Job instance at 0x7f3b71f8b550>,77,2,[11  4],78,249,251,171,237
1,<environment.Job instance at 0x7f3b71f8b7d0>,80,3,[8 3],81,253,256,172,253
1,<environment.Job instance at 0x7f3b71f8b820>,81,28,[9 4],82,256,284,174,255
1,<environment.Job instance at 0x7f3b71f8ba00>,82,2,[3 6],83,255,257,172,255
1,<environment.Job instance at 0x7f3b71f8b730>,86,1,[6 3],87,272,273,185,272
1,<environment.Job instance at 0x7f3b71f91280>,96,21,[5 5],97,324,345,227,324
1,<environment.Job instance at 0x7f3b71f91a50>,106,1,[ 4 10],107,361,362,254,361
1,<environment.Job instance at 0x7f3b71f8bb90>,88,19,[ 3 11],89,362,381,273,361
1,<environment.Job instance at 0x7f3b71f91be0>,109,2,[5 8],110,384,386,274,384
1,<environment.Job instance at 0x7f3b71f91fa0>,114,22,[4 9],115,397,419,282,397
1,<environment.Job instance at 0x7f3b71f91f00>,116,21,[5 5],117,397,418,280,397
1,<environment.Job instance at 0x7f3b71f8a5a0>,123,2,[13  2],124,432,434,308,432
1,<environment.Job instance at 0x7f3b71f8a6e0>,125,25,[1 6],126,458,483,332,458
1,<environment.Job instance at 0x7f3b71f8aa50>,130,27,[11  2],131,459,486,328,459
1,<environment.Job instance at 0x7f3b71f8abe0>,132,20,[ 5 10],133,486,506,353,477
1,<environment.Job instance at 0x7f3b71f8a960>,135,24,[8 3],136,486,510,350,481
1,<environment.Job instance at 0x7f3b6b32a870>,7,24,[5 9],8,8,32,0,8
1,<environment.Job instance at 0x7f3b6b32a500>,11,28,[3 6],12,12,40,0,12
1,<environment.Job instance at 0x7f3b6b657eb0>,18,2,[4 6],19,32,34,13,26
1,<environment.Job instance at 0x7f3b6b657e10>,19,26,[2 6],20,34,60,14,31
1,<environment.Job instance at 0x7f3b72142690>,20,20,[9 3],21,34,54,13,31
1,<environment.Job instance at 0x7f3b6b3005a0>,27,1,[ 1 13],28,60,61,32,52
1,<environment.Job instance at 0x7f3b71dbe5a0>,28,26,[8 2],29,54,80,25,52
1,<environment.Job instance at 0x7f3b71c7b2d0>,29,2,[9 3],30,80,82,50,54
1,<environment.Job instance at 0x7f3b27551e10>,31,1,[5 4],32,54,55,22,54
1,<environment.Job instance at 0x7f3b71cd0320>,35,25,[ 3 14],36,82,107,46,78
1,<environment.Job instance at 0x7f3b71db05f0>,38,3,[10  2],39,107,110,68,83
1,<environment.Job instance at 0x7f3b27a7fc30>,40,2,[4 6],41,107,109,66,89
1,<environment.Job instance at 0x7f3b72285a00>,41,3,[ 4 13],42,109,112,67,89
1,<environment.Job instance at 0x7f3b71cc3e60>,44,27,[13  3],45,112,139,67,110
1,<environment.Job instance at 0x7f3b27a08460>,51,2,[3 9],52,139,141,87,115
1,<environment.Job instance at 0x7f3b6b2fe5a0>,55,19,[1 5],56,130,149,74,130
1,<environment.Job instance at 0x7f3b6b2fee60>,57,1,[10  2],58,142,143,84,142
1,<environment.Job instance at 0x7f3b6b2fe730>,59,1,[9 4],60,145,146,85,145
1,<environment.Job instance at 0x7f3b6b35dc30>,63,3,[3 9],64,170,173,106,170
1,<environment.Job instance at 0x7f3b6b35d870>,64,27,[6 1],65,170,197,105,170
1,<environment.Job instance at 0x7f3b6b35d9b0>,68,3,[3 8],69,187,190,118,187
1,<environment.Job instance at 0x7f3b6b35dd70>,71,24,[14  3],72,199,223,127,199
1,<environment.Job instance at 0x7f3b6b35daa0>,72,1,[1 8],73,200,201,127,200
1,<environment.Job instance at 0x7f3b6b35de10>,73,24,[10  2],74,223,247,149,218
1,<environment.Job instance at 0x7f3b6b35dcd0>,77,1,[5 3],78,223,224,145,218
1,<environment.Job instance at 0x7f3b27c1d2d0>,86,1,[5 2],87,241,242,154,241
1,<environment.Job instance at 0x7f3b27bea0a0>,93,3,[ 4 10],94,285,288,191,285
1,<environment.Job instance at 0x7f3b27bea1e0>,94,3,[10  2],95,285,288,190,285
1,<environment.Job instance at 0x7f3b27beaa50>,95,27,[4 5],96,288,315,192,286
1,<environment.Job instance at 0x7f3b27bea230>,96,1,[12  2],97,315,316,218,287
1,<environment.Job instance at 0x7f3b7273ae60>,98,2,[1 9],99,290,292,191,290
1,<environment.Job instance at 0x7f3b7273ae10>,101,2,[ 5 10],102,292,294,190,292
1,<environment.Job instance at 0x7f3b7273a3c0>,103,3,[6 2],104,299,302,195,299
1,<environment.Job instance at 0x7f3b7273aa50>,104,1,[7 4],105,302,303,197,299
1,<environment.Job instance at 0x7f3b7273af50>,105,3,[9 2],106,303,306,197,299
1,<environment.Job instance at 0x7f3b7273acd0>,106,25,[7 3],107,316,341,209,312
1,<environment.Job instance at 0x7f3b7273ab40>,107,3,[8 1],108,312,315,204,312
1,<environment.Job instance at 0x7f3b7273aaf0>,110,26,[6 4],111,316,342,205,313
1,<environment.Job instance at 0x7f3b27839640>,114,1,[5 5],115,341,342,226,327
1,<environment.Job instance at 0x7f3b27839780>,117,21,[9 4],118,343,364,225,343
1,<environment.Job instance at 0x7f3b27839690>,118,21,[5 1],119,343,364,224,343
1,<environment.Job instance at 0x7f3b27839be0>,121,2,[6 1],122,364,366,242,344
1,<environment.Job instance at 0x7f3b27c320f0>,123,1,[7 3],124,364,365,240,344
1,<environment.Job instance at 0x7f3b27c325f0>,124,2,[2 5],125,364,366,239,344
1,<environment.Job instance at 0x7f3b27c321e0>,127,3,[ 1 10],128,360,363,232,360
1,<environment.Job instance at 0x7f3b27c32cd0>,128,2,[5 7],129,365,367,236,360
1,<environment.Job instance at 0x7f3b27c32910>,129,20,[5 9],130,367,387,237,360
1,<environment.Job instance at 0x7f3b27c32870>,133,3,[6 3],134,393,396,259,393
1,<environment.Job instance at 0x7f3b27c329b0>,134,2,[10  4],135,396,398,261,393
1,<environment.Job instance at 0x7f3b27c323c0>,137,3,[1 6],138,393,396,255,393
1,<environment.Job instance at 0x7f3b27a13c80>,4,1,[13  5],5,5,6,0,5
1,<environment.Job instance at 0x7f3b6b150190>,9,3,[ 3 10],10,10,13,0,10
1,<environment.Job instance at 0x7f3b6b1501e0>,10,25,[5 3],11,11,36,0,11
1,<environment.Job instance at 0x7f3b278cf4b0>,17,1,[ 4 10],18,18,19,0,18
1,<environment.Job instance at 0x7f3b71c44140>,19,28,[3 9],20,31,59,11,31
1,<environment.Job instance at 0x7f3b278cf0f0>,21,2,[2 9],22,59,61,37,34
1,<environment.Job instance at 0x7f3b6b16a640>,22,23,[3 7],23,61,84,38,55
1,<environment.Job instance at 0x7f3b27b126e0>,23,3,[8 1],24,55,58,31,55
1,<environment.Job instance at 0x7f3b6b3ce320>,29,18,[5 1],30,66,84,36,66
1,<environment.Job instance at 0x7f3b71fb5820>,33,1,[5 4],34,96,97,62,96
1,<environment.Job instance at 0x7f3b71f2c8c0>,34,3,[8 2],35,96,99,61,96
1,<environment.Job instance at 0x7f3b720e7d70>,35,1,[1 8],36,96,97,60,96
1,<environment.Job instance at 0x7f3b278ee0a0>,38,3,[ 4 10],39,100,103,61,100
1,<environment.Job instance at 0x7f3b279435f0>,26,3,[ 5 14],27,112,115,85,112
1,<environment.Job instance at 0x7f3b278ee140>,43,3,[5 3],44,126,129,82,126
1,<environment.Job instance at 0x7f3b278ee0f0>,45,1,[6 1],46,132,133,86,132
1,<environment.Job instance at 0x7f3b72061c30>,46,1,[ 5 10],47,132,133,85,132
1,<environment.Job instance at 0x7f3b6b315820>,48,1,[1 9],49,141,142,92,141
1,<environment.Job instance at 0x7f3b6b315910>,49,2,[13  4],50,144,146,94,144
1,<environment.Job instance at 0x7f3b6b315320>,50,2,[5 2],51,146,148,95,144
1,<environment.Job instance at 0x7f3b6b315aa0>,52,1,[2 9],53,144,145,91,144
1,<environment.Job instance at 0x7f3b6b315140>,53,20,[ 5 12],54,146,166,92,144
1,<environment.Job instance at 0x7f3b6b315280>,54,2,[ 5 11],55,166,168,111,165
1,<environment.Job instance at 0x7f3b6b3150f0>,56,1,[5 9],57,168,169,111,165
1,<environment.Job instance at 0x7f3b6b204f50>,61,2,[ 5 11],62,169,171,107,165
1,<environment.Job instance at 0x7f3b71b44e10>,64,1,[6 1],65,173,174,108,173
1,<environment.Job instance at 0x7f3b71fd3f50>,70,2,[8 2],71,257,259,186,257
1,<environment.Job instance at 0x7f3b71cf04b0>,73,3,[2 7],74,260,263,186,260
1,<environment.Job instance at 0x7f3b71cf0320>,74,1,[4 6],75,260,261,185,260
1,<environment.Job instance at 0x7f3b71cf0cd0>,75,3,[10  5],76,261,264,185,260
1,<environment.Job instance at 0x7f3b6b147cd0>,9,19,[2 5],10,10,29,0,10
1,<environment.Job instance at 0x7f3b2745c370>,10,1,[2 5],11,11,12,0,11
1,<environment.Job instance at 0x7f3b6b7a08c0>,15,2,[ 3 11],16,29,31,13,24
1,<environment.Job instance at 0x7f3b6b7a03c0>,22,3,[ 4 11],23,55,58,32,55
1,<environment.Job instance at 0x7f3b6b7a0dc0>,25,2,[9 1],26,67,69,41,67
1,<environment.Job instance at 0x7f3b6b7a0c80>,28,24,[5 6],29,74,98,45,74
1,<environment.Job instance at 0x7f3b27920870>,30,3,[ 3 12],31,98,101,67,93
1,<environment.Job instance at 0x7f3b27920730>,35,1,[4 9],36,108,109,72,108
1,<environment.Job instance at 0x7f3b27920dc0>,37,2,[9 4],38,108,110,70,108
1,<environment.Job instance at 0x7f3b27671a50>,40,20,[ 4 10],41,121,141,80,121
1,<environment.Job instance at 0x7f3b27671b90>,41,1,[ 3 10],42,141,142,99,121
1,<environment.Job instance at 0x7f3b276716e0>,44,2,[1 9],45,142,144,97,136
1,<environment.Job instance at 0x7f3b6b475fa0>,46,24,[4 5],47,148,172,101,148
1,<environment.Job instance at 0x7f3b6b475410>,47,24,[4 8],48,148,172,100,148
1,<environment.Job instance at 0x7f3b6b65c230>,60,2,[7 5],61,180,182,119,180
1,<environment.Job instance at 0x7f3b6b65c050>,61,2,[ 2 10],62,180,182,118,180
1,<environment.Job instance at 0x7f3b6b65c190>,62,23,[6 2],63,182,205,119,180
1,<environment.Job instance at 0x7f3b6b65c3c0>,63,1,[9 4],64,182,183,118,181
1,<environment.Job instance at 0x7f3b6b65c5a0>,64,3,[ 1 12],65,183,186,118,182
1,<environment.Job instance at 0x7f3b6b65c910>,69,3,[4 5],70,203,206,133,203
1,<environment.Job instance at 0x7f3b6b65ca00>,70,2,[1 5],71,203,205,132,203
1,<environment.Job instance at 0x7f3b6b65caa0>,71,1,[3 6],72,205,206,133,203
1,<environment.Job instance at 0x7f3b6b65cbe0>,73,1,[11  3],74,209,210,135,209
1,<environment.Job instance at 0x7f3b6b65ccd0>,75,28,[ 4 12],76,216,244,140,216
1,<environment.Job instance at 0x7f3b6b637140>,79,1,[ 4 13],80,244,245,164,237
1,<environment.Job instance at 0x7f3b6b637320>,82,2,[3 5],83,245,247,162,244
1,<environment.Job instance at 0x7f3b27b9c230>,8,3,[1 7],9,11,14,2,11
1,<environment.Job instance at 0x7f3b27b9c690>,10,20,[8 5],11,11,31,0,11
1,<environment.Job instance at 0x7f3b6b315410>,15,25,[4 5],16,16,41,0,16
1,<environment.Job instance at 0x7f3b6b315550>,18,1,[ 4 14],19,41,42,22,32
1,<environment.Job instance at 0x7f3b2774faa0>,27,1,[4 7],28,43,44,15,43
1,<environment.Job instance at 0x7f3b2774f1e0>,29,2,[4 8],30,44,46,14,44
1,<environment.Job instance at 0x7f3b6b16a2d0>,30,2,[13  2],31,46,48,15,46
1,<environment.Job instance at 0x7f3b6b637320>,4,3,[13  1],5,48,51,43,47
1,<environment.Job instance at 0x7f3b279cb140>,34,1,[12  5],35,51,52,16,47
1,<environment.Job instance at 0x7f3b279cb780>,37,26,[ 3 10],38,57,83,19,57
1,<environment.Job instance at 0x7f3b279cb6e0>,41,3,[12  2],42,74,77,32,74
1,<environment.Job instance at 0x7f3b6b552af0>,44,1,[7 3],45,77,78,32,75
1,<environment.Job instance at 0x7f3b27671230>,47,2,[5 8],48,83,85,35,77
1,<environment.Job instance at 0x7f3b71c71c30>,49,2,[10  1],50,78,80,28,77
1,<environment.Job instance at 0x7f3b6b1622d0>,52,1,[7 4],53,81,82,28,81
1,<environment.Job instance at 0x7f3b6b162140>,54,3,[14  3],55,106,109,51,106
1,<environment.Job instance at 0x7f3b6b1624b0>,58,1,[2 8],59,109,110,50,108
1,<environment.Job instance at 0x7f3b56aaa870>,59,2,[6 3],60,109,111,49,108
1,<environment.Job instance at 0x7f3b6b3bde60>,61,1,[5 3],62,113,114,51,113
1,<environment.Job instance at 0x7f3b71d9b690>,63,3,[7 1],64,114,117,50,114
1,<environment.Job instance at 0x7f3b71d9b460>,65,3,[ 1 10],66,119,122,53,119
1,<environment.Job instance at 0x7f3b71d9b4b0>,66,1,[11  3],67,119,120,52,119
1,<environment.Job instance at 0x7f3b71d9b870>,67,1,[8 4],68,120,121,52,119
1,<environment.Job instance at 0x7f3b71d9bf00>,69,2,[3 9],70,123,125,53,123
1,<environment.Job instance at 0x7f3b71d9b3c0>,72,2,[8 5],73,139,141,66,139
1,<environment.Job instance at 0x7f3b27b12410>,74,2,[8 5],75,141,143,66,140
1,<environment.Job instance at 0x7f3b71d9b500>,75,3,[10  5],76,143,146,67,140
1,<environment.Job instance at 0x7f3b27a13b40>,81,3,[6 5],82,184,187,102,184
1,<environment.Job instance at 0x7f3b27a13460>,83,3,[4 7],84,191,194,107,191
1,<environment.Job instance at 0x7f3b27a13320>,85,3,[8 5],86,197,200,111,197
1,<environment.Job instance at 0x7f3b27a13140>,89,3,[4 8],90,212,215,122,212
1,<environment.Job instance at 0x7f3b7214f500>,91,18,[7 1],92,222,240,130,222
1,<environment.Job instance at 0x7f3b7214f140>,94,2,[10  2],95,240,242,145,232
1,<environment.Job instance at 0x7f3b7214f550>,97,2,[9 2],98,242,244,144,234
1,<environment.Job instance at 0x7f3b6b147be0>,98,2,[13  1],99,244,246,145,234
1,<environment.Job instance at 0x7f3b6b1475a0>,101,26,[7 2],102,246,272,144,243
1,<environment.Job instance at 0x7f3b6b1470f0>,103,3,[8 2],104,246,249,142,244
1,<environment.Job instance at 0x7f3b6b147b40>,105,3,[9 4],106,272,275,166,260
1,<environment.Job instance at 0x7f3b27c6bdc0>,110,2,[8 1],111,275,277,164,274
1,<environment.Job instance at 0x7f3b27c6bb40>,111,23,[5 9],112,274,297,162,274
1,<environment.Job instance at 0x7f3b27c6b140>,113,3,[ 1 14],114,297,300,183,276
1,<environment.Job instance at 0x7f3b27b70370>,114,1,[ 2 10],115,300,301,185,276
1,<environment.Job instance at 0x7f3b27b70780>,115,3,[8 5],116,277,280,161,276
1,<environment.Job instance at 0x7f3b27b700f0>,116,1,[ 3 13],117,301,302,184,276
1,<environment.Job instance at 0x7f3b27b705a0>,117,22,[2 9],118,302,324,184,295
1,<environment.Job instance at 0x7f3b27b708c0>,118,1,[5 3],119,295,296,176,295
1,<environment.Job instance at 0x7f3b6b797fa0>,122,2,[5 4],123,302,304,179,295
1,<environment.Job instance at 0x7f3b6b797550>,126,20,[8 2],127,313,333,186,313
1,<environment.Job instance at 0x7f3b27bb2a00>,128,26,[2 5],129,324,350,195,321
1,<environment.Job instance at 0x7f3b72314230>,134,1,[10  4],135,337,338,202,337
1,<environment.Job instance at 0x7f3b72314be0>,135,2,[8 4],136,338,340,202,337
1,<environment.Job instance at 0x7f3b278ed0f0>,136,24,[2 9],137,340,364,203,337
1,<environment.Job instance at 0x7f3b6b0e51e0>,0,1,[1 9],1,1,2,0,1
1,<environment.Job instance at 0x7f3b27a150a0>,6,1,[7 4],7,7,8,0,7
1,<environment.Job instance at 0x7f3b27c5e050>,16,1,[ 3 11],17,17,18,0,17
1,<environment.Job instance at 0x7f3b6b6e75f0>,19,1,[9 1],20,20,21,0,20
1,<environment.Job instance at 0x7f3b6b6e7730>,21,23,[1 8],22,22,45,0,22
1,<environment.Job instance at 0x7f3b276a7c80>,27,1,[7 5],28,39,40,11,39
1,<environment.Job instance at 0x7f3b276a7460>,28,1,[10  1],29,40,41,11,39
1,<environment.Job instance at 0x7f3b276a7870>,30,3,[ 2 10],31,45,48,14,41
1,<environment.Job instance at 0x7f3b276a7d70>,34,2,[1 5],35,53,55,18,53
1,<environment.Job instance at 0x7f3b276a7960>,35,3,[9 4],36,53,56,17,53
1,<environment.Job instance at 0x7f3b276a7e60>,36,25,[8 1],37,56,81,19,53
1,<environment.Job instance at 0x7f3b276a7190>,39,3,[7 4],40,67,70,27,67
1,<environment.Job instance at 0x7f3b276a7fa0>,40,2,[3 9],41,70,72,29,67
1,<environment.Job instance at 0x7f3b276a7af0>,44,28,[7 4],45,83,111,38,83
1,<environment.Job instance at 0x7f3b276a75f0>,45,20,[7 2],46,83,103,37,83
1,<environment.Job instance at 0x7f3b276a7cd0>,48,2,[7 1],49,103,105,54,99
1,<environment.Job instance at 0x7f3b6b1a7fa0>,52,3,[8 4],53,115,118,62,115
1,<environment.Job instance at 0x7f3b6b1a7aa0>,54,19,[1 8],55,117,136,62,117
1,<environment.Job instance at 0x7f3b6b1a7af0>,59,3,[5 3],60,137,140,77,137
1,<environment.Job instance at 0x7f3b72883460>,61,3,[10  1],62,143,146,81,143
1,<environment.Job instance at 0x7f3b728830a0>,63,20,[4 5],64,145,165,81,145
1,<environment.Job instance at 0x7f3b72883e10>,64,2,[6 5],65,146,148,81,145
1,<environment.Job instance at 0x7f3b72883140>,65,20,[5 5],66,146,166,80,145
1,<environment.Job instance at 0x7f3b72883dc0>,69,2,[1 6],70,165,167,95,162
1,<environment.Job instance at 0x7f3b2795fc30>,74,2,[5 2],75,195,197,120,195
1,<environment.Job instance at 0x7f3b2795f9b0>,75,3,[5 2],76,195,198,119,195
1,<environment.Job instance at 0x7f3b2795f050>,76,2,[14  1],77,198,200,121,195
1,<environment.Job instance at 0x7f3b2795f8c0>,77,2,[5 5],78,195,197,117,195
1,<environment.Job instance at 0x7f3b6b62cb40>,80,3,[7 3],81,209,212,128,209
1,<environment.Job instance at 0x7f3b6b62c820>,81,25,[1 6],82,209,234,127,209
1,<environment.Job instance at 0x7f3b6b62cb90>,83,26,[10  4],84,215,241,131,215
1,<environment.Job instance at 0x7f3b6b62c320>,85,24,[4 7],86,234,258,148,229
1,<environment.Job instance at 0x7f3b6b62c050>,92,1,[3 6],93,245,246,152,245
1,<environment.Job instance at 0x7f3b6b62ccd0>,93,2,[5 5],94,246,248,152,245
1,<environment.Job instance at 0x7f3b7226c780>,95,3,[2 8],96,260,263,164,260
1,<environment.Job instance at 0x7f3b7226cdc0>,97,28,[7 2],98,260,288,162,260
1,<environment.Job instance at 0x7f3b7226c0f0>,98,3,[4 5],99,260,263,161,260
1,<environment.Job instance at 0x7f3b7226c690>,99,27,[ 3 10],100,263,290,163,261
1,<environment.Job instance at 0x7f3b7226c5f0>,102,26,[9 1],103,288,314,185,285
1,<environment.Job instance at 0x7f3b71d503c0>,104,21,[10  5],105,314,335,209,306
1,<environment.Job instance at 0x7f3b71d50230>,106,3,[ 2 14],107,306,309,199,306
1,<environment.Job instance at 0x7f3b71d507d0>,107,20,[10  2],108,335,355,227,326
1,<environment.Job instance at 0x7f3b72060640>,110,3,[8 5],111,355,358,244,329
1,<environment.Job instance at 0x7f3b720600f0>,112,2,[4 9],113,329,331,216,329
1,<environment.Job instance at 0x7f3b72060cd0>,114,2,[3 8],115,331,333,216,330
1,<environment.Job instance at 0x7f3b72060c30>,117,27,[9 4],118,358,385,240,356
1,<environment.Job instance at 0x7f3b720605f0>,118,3,[6 2],119,356,359,237,356
1,<environment.Job instance at 0x7f3b72060320>,123,1,[8 3],124,385,386,261,364
1,<environment.Job instance at 0x7f3b7230dd70>,6,1,[3 9],7,7,8,0,7
1,<environment.Job instance at 0x7f3b6b0e5960>,8,21,[2 5],9,9,30,0,9
1,<environment.Job instance at 0x7f3b6b0e5190>,9,23,[5 7],10,10,33,0,10
1,<environment.Job instance at 0x7f3b6b16ad20>,13,25,[ 1 10],14,33,58,19,29
1,<environment.Job instance at 0x7f3b6b12c230>,5,2,[ 2 12],6,58,60,52,43
1,<environment.Job instance at 0x7f3b6b7392d0>,18,1,[ 5 14],19,60,61,41,44
1,<environment.Job instance at 0x7f3b6b7390f0>,19,1,[5 1],20,49,50,29,49
1,<environment.Job instance at 0x7f3b6b5f7780>,17,19,[ 2 10],18,61,80,43,51
1,<environment.Job instance at 0x7f3b275022d0>,25,2,[5 7],26,80,82,54,54
1,<environment.Job instance at 0x7f3b71d92eb0>,28,18,[7 1],29,71,89,42,71
1,<environment.Job instance at 0x7f3b6b08e550>,32,2,[4 5],33,82,84,49,71
1,<environment.Job instance at 0x7f3b27504280>,35,2,[11  4],36,89,91,53,78
1,<environment.Job instance at 0x7f3b6b65c460>,36,1,[6 4],37,78,79,41,78
1,<environment.Job instance at 0x7f3b6b3095f0>,38,2,[6 3],39,87,89,48,87
1,<environment.Job instance at 0x7f3b6b309140>,39,21,[7 2],40,91,112,51,87
1,<environment.Job instance at 0x7f3b6b309500>,41,3,[ 1 10],42,87,90,45,87
1,<environment.Job instance at 0x7f3b6b5c31e0>,45,2,[8 4],46,155,157,109,155
1,<environment.Job instance at 0x7f3b27c5e870>,46,23,[ 5 12],47,157,180,110,155
1,<environment.Job instance at 0x7f3b27c5e1e0>,47,21,[10  4],48,180,201,132,172
1,<environment.Job instance at 0x7f3b6b80b500>,51,21,[1 7],52,180,201,128,173
1,<environment.Job instance at 0x7f3b6b57a050>,52,1,[ 4 11],53,201,202,148,185
1,<environment.Job instance at 0x7f3b6b80bd20>,57,1,[7 1],58,207,208,149,207
1,<environment.Job instance at 0x7f3b6b80b6e0>,58,1,[1 5],59,207,208,148,207
1,<environment.Job instance at 0x7f3b6b82d500>,64,3,[ 1 12],65,235,238,170,235
1,<environment.Job instance at 0x7f3b6b82d780>,65,3,[ 1 10],66,238,241,172,235
1,<environment.Job instance at 0x7f3b6b82dbe0>,66,3,[3 9],67,241,244,174,235
1,<environment.Job instance at 0x7f3b6b82d1e0>,70,25,[6 2],71,255,280,184,255
1,<environment.Job instance at 0x7f3b278154b0>,71,2,[5 2],72,255,257,183,255
1,<environment.Job instance at 0x7f3b6b48a820>,72,3,[14  1],73,280,283,207,258
1,<environment.Job instance at 0x7f3b6b80af00>,73,1,[ 4 12],74,258,259,184,258
1,<environment.Job instance at 0x7f3b6b80adc0>,74,21,[5 2],75,259,280,184,258
1,<environment.Job instance at 0x7f3b6b0e5c80>,6,21,[10  4],7,7,28,0,7
1,<environment.Job instance at 0x7f3b71c12d70>,15,23,[7 3],16,28,51,12,22
1,<environment.Job instance at 0x7f3b6b53f910>,17,20,[8 3],18,28,48,10,22
1,<environment.Job instance at 0x7f3b6b53f7d0>,19,22,[9 1],20,51,73,31,44
1,<environment.Job instance at 0x7f3b71c424b0>,30,3,[1 9],31,64,67,33,64
1,<environment.Job instance at 0x7f3b71c42190>,31,2,[3 5],32,64,66,32,64
1,<environment.Job instance at 0x7f3b6b2f20f0>,5,16,[10  1],6,73,89,67,64
1,<environment.Job instance at 0x7f3b72739370>,37,1,[1 9],38,80,81,42,80
1,<environment.Job instance at 0x7f3b275b4690>,38,3,[7 1],39,89,92,50,80
1,<environment.Job instance at 0x7f3b275b4140>,39,2,[10  5],40,92,94,52,80
1,<environment.Job instance at 0x7f3b71cf1dc0>,40,1,[5 8],41,81,82,40,80
1,<environment.Job instance at 0x7f3b6b6e7280>,42,26,[9 3],43,94,120,51,91
1,<environment.Job instance at 0x7f3b7273caf0>,44,3,[5 3],45,91,94,46,91
1,<environment.Job instance at 0x7f3b7273c640>,46,3,[12  4],47,120,123,73,94
1,<environment.Job instance at 0x7f3b274c40a0>,48,1,[5 9],49,105,106,56,105
1,<environment.Job instance at 0x7f3b274c4a00>,49,2,[ 1 10],50,106,108,56,105
1,<environment.Job instance at 0x7f3b27598af0>,51,3,[4 6],52,108,111,56,107
1,<environment.Job instance at 0x7f3b27598140>,54,2,[ 4 10],55,124,126,69,124
1,<environment.Job instance at 0x7f3b71fd90f0>,57,22,[6 4],58,140,162,82,140
1,<environment.Job instance at 0x7f3b6b456f50>,59,2,[1 6],60,148,150,88,148
1,<environment.Job instance at 0x7f3b278f2f00>,62,2,[4 8],63,163,165,100,163
1,<environment.Job instance at 0x7f3b6b3f3b90>,63,2,[10  3],64,163,165,99,163
1,<environment.Job instance at 0x7f3b27868780>,65,3,[10  5],66,167,170,101,167
1,<environment.Job instance at 0x7f3b2746c1e0>,69,2,[5 2],70,193,195,123,193
1,<environment.Job instance at 0x7f3b2746c0f0>,70,2,[1 6],71,193,195,122,193
1,<environment.Job instance at 0x7f3b2746c500>,72,2,[9 5],73,196,198,123,196
1,<environment.Job instance at 0x7f3b2746c780>,75,19,[10  1],76,212,231,136,212
1,<environment.Job instance at 0x7f3b27885550>,77,2,[ 3 10],78,212,214,134,212
1,<environment.Job instance at 0x7f3b27885c80>,78,23,[1 5],79,214,237,135,212
1,<environment.Job instance at 0x7f3b27885c30>,79,2,[12  2],80,231,233,151,214
1,<environment.Job instance at 0x7f3b27885320>,86,2,[5 1],87,257,259,170,257
1,<environment.Job instance at 0x7f3b27b875a0>,87,20,[5 3],88,257,277,169,257
1,<environment.Job instance at 0x7f3b27b87e10>,88,3,[9 1],89,259,262,170,257
1,<environment.Job instance at 0x7f3b6b0ee460>,92,3,[3 8],93,279,282,186,279
1,<environment.Job instance at 0x7f3b71b2cd20>,94,1,[4 6],95,291,292,196,291
1,<environment.Job instance at 0x7f3b27348690>,4,1,[8 2],5,5,6,0,5
1,<environment.Job instance at 0x7f3b71b2c370>,5,3,[14  3],6,8,11,2,8
1,<environment.Job instance at 0x7f3b2771f550>,8,3,[ 2 10],9,11,14,2,9
1,<environment.Job instance at 0x7f3b2771f5f0>,9,1,[8 3],10,11,12,1,10
1,<environment.Job instance at 0x7f3b2771f410>,7,18,[2 8],8,18,36,10,18
1,<environment.Job instance at 0x7f3b2771f230>,14,1,[10  2],15,18,19,3,18
1,<environment.Job instance at 0x7f3b2771f960>,15,27,[1 5],16,18,45,2,18
1,<environment.Job instance at 0x7f3b2771f0a0>,19,3,[13  3],20,36,39,16,36
1,<environment.Job instance at 0x7f3b71f020a0>,24,3,[5 1],25,44,47,19,44
1,<environment.Job instance at 0x7f3b71f02730>,26,1,[10  1],27,46,47,19,46
1,<environment.Job instance at 0x7f3b71f02f00>,31,21,[8 4],32,69,90,37,69
1,<environment.Job instance at 0x7f3b71f02640>,33,3,[6 5],34,74,77,40,74
1,<environment.Job instance at 0x7f3b71f02500>,36,12,[2 8],37,85,97,48,85
1,<environment.Job instance at 0x7f3b71f02cd0>,38,12,[1 5],39,91,103,52,91
1,<environment.Job instance at 0x7f3b6b543870>,39,1,[1 7],40,97,98,57,91
1,<environment.Job instance at 0x7f3b6b5431e0>,40,15,[6 1],41,94,109,53,94
1,<environment.Job instance at 0x7f3b6b543fa0>,41,3,[4 7],42,98,101,56,94
1,<environment.Job instance at 0x7f3b6b5434b0>,42,3,[10  5],43,109,112,66,94
1,<environment.Job instance at 0x7f3b6b5438c0>,43,2,[4 5],44,101,103,57,94
1,<environment.Job instance at 0x7f3b6b543190>,44,20,[8 2],45,112,132,67,103
1,<environment.Job instance at 0x7f3b6b543410>,46,2,[4 7],47,103,105,56,103
1,<environment.Job instance at 0x7f3b6b1a7370>,47,2,[ 4 10],48,105,107,57,103
1,<environment.Job instance at 0x7f3b6b1a7640>,50,21,[10  5],51,132,153,81,124
1,<environment.Job instance at 0x7f3b6b1a7dc0>,55,1,[ 3 11],56,153,154,97,135
1,<environment.Job instance at 0x7f3b6b517050>,66,23,[ 1 13],67,154,177,87,148
1,<environment.Job instance at 0x7f3b6b517dc0>,67,2,[ 2 11],68,177,179,109,161
1,<environment.Job instance at 0x7f3b6b53ffa0>,73,1,[5 5],74,179,180,105,161
1,<environment.Job instance at 0x7f3b6b53f550>,74,24,[7 3],75,177,201,102,172
1,<environment.Job instance at 0x7f3b6b53fa00>,76,21,[5 3],77,180,201,103,172
1,<environment.Job instance at 0x7f3b6b53f870>,77,22,[1 9],78,180,202,102,173
1,<environment.Job instance at 0x7f3b6b53f0f0>,84,19,[ 5 12],85,202,221,117,197
1,<environment.Job instance at 0x7f3b6b53f4b0>,85,27,[2 8],86,221,248,135,219
1,<environment.Job instance at 0x7f3b6b53fc30>,86,2,[3 7],87,221,223,134,219
1,<environment.Job instance at 0x7f3b27328eb0>,88,1,[9 4],89,223,224,134,219
1,<environment.Job instance at 0x7f3b27328fa0>,89,1,[ 4 13],90,248,249,158,220
1,<environment.Job instance at 0x7f3b27328230>,91,1,[10  1],92,220,221,128,220
1,<environment.Job instance at 0x7f3b72465f00>,92,24,[5 7],93,224,248,131,220
1,<environment.Job instance at 0x7f3b72465e10>,94,1,[4 6],95,249,250,154,222
1,<environment.Job instance at 0x7f3b72465e60>,95,2,[4 5],96,249,251,153,222
1,<environment.Job instance at 0x7f3b6b3dd320>,97,1,[ 3 10],98,250,251,152,226
1,<environment.Job instance at 0x7f3b6b3ddfa0>,98,1,[4 5],99,251,252,152,226
1,<environment.Job instance at 0x7f3b6b3ddaf0>,99,23,[6 1],100,251,274,151,245
1,<environment.Job instance at 0x7f3b6b3dd2d0>,100,1,[11  4],101,274,275,173,246
1,<environment.Job instance at 0x7f3b6b3ddc80>,101,1,[5 7],102,251,252,149,246
1,<environment.Job instance at 0x7f3b6b3ddd20>,105,12,[5 1],106,252,264,146,252
1,<environment.Job instance at 0x7f3b6b3dd690>,106,23,[ 2 10],107,252,275,145,252
1,<environment.Job instance at 0x7f3b6b3dd280>,108,3,[10  5],109,275,278,166,258
1,<environment.Job instance at 0x7f3b6b63a820>,111,2,[11  4],112,278,280,166,271
1,<environment.Job instance at 0x7f3b6b63a9b0>,112,3,[14  5],113,280,283,167,271
1,<environment.Job instance at 0x7f3b6b57a0f0>,114,2,[4 5],115,275,277,160,271
1,<environment.Job instance at 0x7f3b6b57acd0>,116,3,[4 7],117,277,280,160,276
1,<environment.Job instance at 0x7f3b6b57abe0>,120,2,[3 9],121,302,304,181,302
1,<environment.Job instance at 0x7f3b6b57a1e0>,121,1,[6 4],122,302,303,180,302
1,<environment.Job instance at 0x7f3b6b57ae10>,123,3,[7 5],124,305,308,181,305
1,<environment.Job instance at 0x7f3b6b57a3c0>,127,3,[1 5],128,318,321,190,318
1,<environment.Job instance at 0x7f3b6b57a5a0>,131,2,[ 1 10],132,349,351,217,349
1,<environment.Job instance at 0x7f3b6b1322d0>,134,1,[6 3],135,350,351,215,350
1,<environment.Job instance at 0x7f3b6b1328c0>,136,26,[5 7],137,367,393,230,367
1,<environment.Job instance at 0x7f3b6b132410>,137,2,[1 6],138,369,371,231,369
1,<environment.Job instance at 0x7f3b27324280>,9,20,[3 9],10,10,30,0,10
1,<environment.Job instance at 0x7f3b6b55b050>,11,23,[8 4],12,12,35,0,12
1,<environment.Job instance at 0x7f3b6b3f33c0>,16,2,[ 2 12],17,35,37,18,24
1,<environment.Job instance at 0x7f3b27a47370>,17,2,[1 9],18,30,32,12,24
1,<environment.Job instance at 0x7f3b6b1d0a50>,19,1,[5 4],20,32,33,12,25
1,<environment.Job instance at 0x7f3b6b165780>,20,1,[3 6],21,33,34,12,25
1,<environment.Job instance at 0x7f3b71b760f0>,6,3,[ 4 11],7,37,40,30,33
1,<environment.Job instance at 0x7f3b6b1e00a0>,22,2,[6 2],23,34,36,11,34
1,<environment.Job instance at 0x7f3b6b1e0cd0>,24,3,[ 3 10],25,40,43,15,36
1,<environment.Job instance at 0x7f3b6b228fa0>,25,27,[6 2],26,36,63,10,36
1,<environment.Job instance at 0x7f3b6b679690>,26,2,[9 1],27,43,45,16,36
1,<environment.Job instance at 0x7f3b2744e2d0>,28,3,[ 3 12],29,45,48,16,38
1,<environment.Job instance at 0x7f3b2744e0a0>,31,2,[7 3],32,48,50,16,42
1,<environment.Job instance at 0x7f3b6b2ceb40>,34,3,[8 2],35,57,60,22,57
1,<environment.Job instance at 0x7f3b71d31e10>,37,3,[6 1],38,67,70,29,67
1,<environment.Job instance at 0x7f3b2744ec80>,30,17,[8 2],31,82,99,51,82
1,<environment.Job instance at 0x7f3b27a05c30>,42,3,[1 9],43,82,85,39,82
1,<environment.Job instance at 0x7f3b27a05e60>,43,1,[6 2],44,82,83,38,82
1,<environment.Job instance at 0x7f3b71b9ae60>,44,2,[1 8],45,85,87,40,82
1,<environment.Job instance at 0x7f3b71b9a140>,45,1,[ 4 14],46,99,100,53,82
1,<environment.Job instance at 0x7f3b71b9a190>,46,3,[6 5],47,85,88,38,82
1,<environment.Job instance at 0x7f3b71b9acd0>,47,3,[1 9],48,88,91,40,85
1,<environment.Job instance at 0x7f3b720ea960>,50,1,[3 7],51,91,92,40,85
1,<environment.Job instance at 0x7f3b27c37140>,51,1,[4 6],52,91,92,39,85
1,<environment.Job instance at 0x7f3b71b009b0>,14,3,[11  3],15,100,103,85,89
1,<environment.Job instance at 0x7f3b27c37910>,53,2,[2 7],54,92,94,38,89
1,<environment.Job instance at 0x7f3b27c37b90>,55,2,[10  4],56,103,105,47,91
1,<environment.Job instance at 0x7f3b27c37dc0>,57,1,[10  4],58,105,106,47,98
1,<environment.Job instance at 0x7f3b27c37e60>,58,1,[2 9],59,98,99,39,98
1,<environment.Job instance at 0x7f3b27c37eb0>,59,22,[14  5],60,106,128,46,99
1,<environment.Job instance at 0x7f3b27c25cd0>,61,1,[ 5 10],62,103,104,41,102
1,<environment.Job instance at 0x7f3b27c25320>,67,1,[10  4],68,129,130,61,129
1,<environment.Job instance at 0x7f3b27c25140>,68,22,[10  4],69,130,152,61,129
1,<environment.Job instance at 0x7f3b27306aa0>,71,21,[5 8],72,134,155,62,134
1,<environment.Job instance at 0x7f3b71fbc730>,76,1,[7 5],77,152,153,75,138
1,<environment.Job instance at 0x7f3b6b203fa0>,77,25,[6 5],78,153,178,75,149
1,<environment.Job instance at 0x7f3b71bf6f00>,79,1,[9 5],80,155,156,75,150
1,<environment.Job instance at 0x7f3b71c08eb0>,82,2,[5 3],83,156,158,73,156
1,<environment.Job instance at 0x7f3b27c40550>,85,1,[1 9],86,178,179,92,178
1,<environment.Job instance at 0x7f3b27c40050>,86,2,[1 9],87,179,181,92,178
1,<environment.Job instance at 0x7f3b71fe00a0>,88,25,[5 7],89,181,206,92,179
1,<environment.Job instance at 0x7f3b71c65b40>,93,2,[1 5],94,200,202,106,200
1,<environment.Job instance at 0x7f3b71c65f50>,95,3,[5 3],96,203,206,107,203
1,<environment.Job instance at 0x7f3b71c65230>,96,1,[7 2],97,206,207,109,203
1,<environment.Job instance at 0x7f3b71c65eb0>,98,3,[12  5],99,207,210,108,206
1,<environment.Job instance at 0x7f3b71c65730>,99,1,[8 4],100,206,207,106,206
1,<environment.Job instance at 0x7f3b71c49280>,105,26,[14  3],106,240,266,134,240
1,<environment.Job instance at 0x7f3b71c49c80>,107,28,[6 3],108,266,294,158,265
1,<environment.Job instance at 0x7f3b71c59230>,111,19,[3 6],112,266,285,154,265
1,<environment.Job instance at 0x7f3b71c557d0>,117,3,[13  2],118,294,297,176,276
1,<environment.Job instance at 0x7f3b71c55640>,120,1,[3 6],121,287,288,166,287
1,<environment.Job instance at 0x7f3b71c555f0>,121,19,[3 9],122,297,316,175,287
1,<environment.Job instance at 0x7f3b71c550f0>,116,2,[14  2],117,316,318,199,311
1,<environment.Job instance at 0x7f3b71c33e10>,131,1,[1 6],132,357,358,225,357
1,<environment.Job instance at 0x7f3b71c33a50>,132,25,[2 8],133,357,382,224,357
1,<environment.Job instance at 0x7f3b71c20280>,1,28,[1 5],2,2,30,0,2
1,<environment.Job instance at 0x7f3b27bb3b90>,10,27,[3 8],11,11,38,0,11
1,<environment.Job instance at 0x7f3b27324cd0>,16,3,[5 6],17,30,33,13,27
1,<environment.Job instance at 0x7f3b27324640>,14,19,[6 5],15,33,52,18,29
1,<environment.Job instance at 0x7f3b27a543c0>,20,20,[7 1],21,38,58,17,34
1,<environment.Job instance at 0x7f3b27521a00>,22,1,[9 3],23,58,59,35,41
1,<environment.Job instance at 0x7f3b27521230>,24,1,[10  3],25,59,60,34,41
1,<environment.Job instance at 0x7f3b27a54190>,21,1,[12  2],22,60,61,38,50
1,<environment.Job instance at 0x7f3b71c3fc80>,30,3,[2 6],31,57,60,26,57
1,<environment.Job instance at 0x7f3b6b1e05a0>,33,2,[7 2],34,69,71,35,69
1,<environment.Job instance at 0x7f3b71b222d0>,36,3,[5 2],37,82,85,45,82
1,<environment.Job instance at 0x7f3b71b22b90>,37,1,[10  1],38,82,83,44,82
1,<environment.Job instance at 0x7f3b71b226e0>,38,3,[2 5],39,83,86,44,82
1,<environment.Job instance at 0x7f3b71b22140>,39,1,[3 8],40,83,84,43,82
1,<environment.Job instance at 0x7f3b27be5690>,40,23,[ 1 12],41,86,109,45,82
1,<environment.Job instance at 0x7f3b722e7320>,42,28,[1 7],43,109,137,66,108
1,<environment.Job instance at 0x7f3b274de8c0>,45,26,[ 4 10],46,137,163,91,134
1,<environment.Job instance at 0x7f3b2786d870>,49,22,[12  5],50,163,185,113,156
1,<environment.Job instance at 0x7f3b2786d4b0>,54,27,[3 7],55,163,190,108,161
1,<environment.Job instance at 0x7f3b6b35d190>,64,3,[1 9],65,195,198,130,195
1,<environment.Job instance at 0x7f3b6b35dcd0>,66,12,[1 9],67,203,215,136,203
1,<environment.Job instance at 0x7f3b27cba5f0>,67,2,[10  4],68,203,205,135,203
1,<environment.Job instance at 0x7f3b27cbaf00>,68,19,[5 8],69,215,234,146,205
1,<environment.Job instance at 0x7f3b27cba910>,71,2,[8 5],72,214,216,142,214
1,<environment.Job instance at 0x7f3b27cba0a0>,72,18,[10  4],73,216,234,143,214
1,<environment.Job instance at 0x7f3b71e4bfa0>,73,16,[1 8],74,234,250,160,223
1,<environment.Job instance at 0x7f3b27cbafa0>,75,3,[5 4],76,234,237,158,223
1,<environment.Job instance at 0x7f3b27cbad20>,76,2,[5 6],77,237,239,160,223
1,<environment.Job instance at 0x7f3b6b427af0>,79,1,[2 8],80,250,251,170,238
1,<environment.Job instance at 0x7f3b6b4271e0>,80,2,[10  3],81,239,241,158,238
1,<environment.Job instance at 0x7f3b6b3dd140>,83,1,[4 7],84,241,242,157,238
1,<environment.Job instance at 0x7f3b720e7be0>,87,28,[8 3],88,252,280,164,252
1,<environment.Job instance at 0x7f3b720e71e0>,88,1,[8 4],89,280,281,191,252
1,<environment.Job instance at 0x7f3b720e7280>,90,19,[3 8],91,265,284,174,265
1,<environment.Job instance at 0x7f3b720e7f50>,91,1,[ 5 10],92,284,285,192,265
1,<environment.Job instance at 0x7f3b720e7b90>,92,22,[13  5],93,285,307,192,278
1,<environment.Job instance at 0x7f3b6b426500>,93,28,[10  5],94,307,335,213,306
1,<environment.Job instance at 0x7f3b6b7a1e10>,97,27,[3 7],98,307,334,209,306
1,<environment.Job instance at 0x7f3b272dfaf0>,104,17,[5 2],105,336,353,231,336
1,<environment.Job instance at 0x7f3b272df230>,105,3,[5 9],106,336,339,230,336
1,<environment.Job instance at 0x7f3b272df460>,106,27,[13  1],107,353,380,246,351
1,<environment.Job instance at 0x7f3b272df870>,115,25,[2 7],116,354,379,238,354
1,<environment.Job instance at 0x7f3b272df5f0>,111,18,[ 5 10],112,384,402,272,384
1,<environment.Job instance at 0x7f3b6b235f00>,122,2,[4 8],123,402,404,279,384
1,<environment.Job instance at 0x7f3b6b235d20>,123,3,[10  2],124,384,387,260,384
1,<environment.Job instance at 0x7f3b6b235820>,124,2,[9 1],125,387,389,262,384
1,<environment.Job instance at 0x7f3b6b2353c0>,125,1,[7 1],126,389,390,263,384
1,<environment.Job instance at 0x7f3b6b235eb0>,126,1,[6 4],127,390,391,263,384
1,<environment.Job instance at 0x7f3b6b2358c0>,128,2,[3 8],129,404,406,275,395
1,<environment.Job instance at 0x7f3b6b235050>,129,3,[ 1 10],130,406,409,276,395
1,<environment.Job instance at 0x7f3b6b235dc0>,131,1,[5 8],132,409,410,277,397
1,<environment.Job instance at 0x7f3b6b235870>,132,2,[8 4],133,397,399,264,397
1,<environment.Job instance at 0x7f3b6b235410>,133,2,[7 1],134,399,401,265,397
1,<environment.Job instance at 0x7f3b6b235370>,134,3,[2 5],135,401,404,266,397
1,<environment.Job instance at 0x7f3b6b235b90>,136,1,[5 9],137,410,411,273,397
1,<environment.Job instance at 0x7f3b6b2359b0>,137,2,[5 5],138,404,406,266,397
1,<environment.Job instance at 0x7f3b6b235a00>,1,26,[6 3],2,2,28,0,2
1,<environment.Job instance at 0x7f3b27703d20>,7,1,[ 5 12],8,8,9,0,8
1,<environment.Job instance at 0x7f3b277030a0>,8,1,[ 2 10],9,9,10,0,9
1,<environment.Job instance at 0x7f3b27703140>,11,3,[11  1],12,28,31,16,15
1,<environment.Job instance at 0x7f3b27703960>,15,27,[8 5],16,31,58,15,29
1,<environment.Job instance at 0x7f3b27703500>,16,22,[9 5],17,58,80,41,51
1,<environment.Job instance at 0x7f3b277034b0>,18,24,[7 4],19,80,104,61,75
1,<environment.Job instance at 0x7f3b273c0c80>,22,1,[ 3 10],23,75,76,52,75
1,<environment.Job instance at 0x7f3b71f36d20>,24,1,[5 4],25,76,77,51,76
1,<environment.Job instance at 0x7f3b277033c0>,9,3,[12  2],10,104,107,94,78
1,<environment.Job instance at 0x7f3b71f36370>,29,2,[12  1],30,107,109,77,80
1,<environment.Job instance at 0x7f3b71f36320>,31,24,[ 3 14],32,107,131,75,102
1,<environment.Job instance at 0x7f3b71f36460>,33,1,[3 5],34,102,103,68,102
1,<environment.Job instance at 0x7f3b71f36550>,40,20,[9 2],41,131,151,90,122
1,<environment.Job instance at 0x7f3b27368b40>,45,3,[3 8],46,137,140,91,137
1,<environment.Job instance at 0x7f3b27368b90>,46,26,[ 4 10],47,140,166,93,137
1,<environment.Job instance at 0x7f3b273689b0>,51,3,[ 2 12],52,166,169,114,163
1,<environment.Job instance at 0x7f3b27368280>,54,19,[1 7],55,169,188,114,163
1,<environment.Job instance at 0x7f3b6b2350f0>,5,25,[10  3],6,6,31,0,6
1,<environment.Job instance at 0x7f3b724c9690>,12,2,[ 1 10],13,18,20,5,18
1,<environment.Job instance at 0x7f3b6b743a50>,6,2,[12  3],7,31,33,24,27
1,<environment.Job instance at 0x7f3b27a0b320>,15,2,[5 1],16,27,29,11,27
1,<environment.Job instance at 0x7f3b722e2410>,16,2,[4 7],17,29,31,12,28
1,<environment.Job instance at 0x7f3b27866640>,14,3,[14  3],15,33,36,18,31
1,<environment.Job instance at 0x7f3b2788ef50>,20,24,[7 2],21,36,60,15,31
1,<environment.Job instance at 0x7f3b2788e6e0>,22,25,[7 5],23,36,61,13,32
1,<environment.Job instance at 0x7f3b2788e780>,26,3,[12  5],27,61,64,34,54
1,<environment.Job instance at 0x7f3b272da370>,33,2,[5 6],34,79,81,45,79
1,<environment.Job instance at 0x7f3b272e1820>,35,3,[9 1],36,81,84,45,81
1,<environment.Job instance at 0x7f3b272e15f0>,38,3,[ 3 10],39,98,101,59,98
1,<environment.Job instance at 0x7f3b272e1c30>,41,3,[5 3],42,112,115,70,112
1,<environment.Job instance at 0x7f3b272e1d70>,42,24,[2 9],43,112,136,69,112
1,<environment.Job instance at 0x7f3b272e1af0>,43,1,[9 4],44,115,116,71,112
1,<environment.Job instance at 0x7f3b272e1b90>,45,2,[8 5],46,127,129,81,127
1,<environment.Job instance at 0x7f3b272e1be0>,46,1,[5 3],47,129,130,82,127
1,<environment.Job instance at 0x7f3b272e1b40>,48,1,[ 2 10],49,136,137,87,128
1,<environment.Job instance at 0x7f3b272cc870>,49,18,[1 9],50,140,158,90,140
1,<environment.Job instance at 0x7f3b272cceb0>,53,3,[5 5],54,145,148,91,145
1,<environment.Job instance at 0x7f3b272ccc30>,55,1,[5 5],56,157,158,101,157
1,<environment.Job instance at 0x7f3b272cc640>,59,20,[5 3],60,173,193,113,173
1,<environment.Job instance at 0x7f3b272cc5f0>,60,2,[7 1],61,173,175,112,173
1,<environment.Job instance at 0x7f3b272cc6e0>,62,1,[ 1 10],63,189,190,126,189
1,<environment.Job instance at 0x7f3b272cc5a0>,63,2,[ 4 10],64,190,192,126,189
1,<environment.Job instance at 0x7f3b272cc230>,65,23,[1 8],66,192,215,126,189
1,<environment.Job instance at 0x7f3b272cc500>,66,3,[3 8],67,215,218,148,189
1,<environment.Job instance at 0x7f3b272cc190>,67,3,[3 5],68,193,196,125,189
1,<environment.Job instance at 0x7f3b272cc690>,69,3,[3 5],70,205,208,135,205
1,<environment.Job instance at 0x7f3b272cc8c0>,70,1,[4 6],71,208,209,137,205
1,<environment.Job instance at 0x7f3b272d8500>,71,1,[2 7],72,209,210,137,205
1,<environment.Job instance at 0x7f3b272d89b0>,72,3,[ 5 13],73,218,221,145,208
1,<environment.Job instance at 0x7f3b272d8870>,76,1,[8 5],77,221,222,144,221
1,<environment.Job instance at 0x7f3b272d8780>,78,19,[3 9],79,226,245,147,226
1,<environment.Job instance at 0x7f3b272d8aa0>,80,3,[2 6],81,231,234,150,231
1,<environment.Job instance at 0x7f3b272d8730>,82,1,[10  2],83,245,246,162,245
1,<environment.Job instance at 0x7f3b272d8460>,84,26,[8 5],85,246,272,161,246
1,<environment.Job instance at 0x7f3b272d82d0>,86,2,[5 2],87,248,250,161,248
1,<environment.Job instance at 0x7f3b27307690>,90,22,[6 2],91,261,283,170,261
1,<environment.Job instance at 0x7f3b27307190>,93,24,[3 7],94,272,296,178,267
1,<environment.Job instance at 0x7f3b27307050>,96,3,[4 7],97,284,287,187,284
1,<environment.Job instance at 0x7f3b273079b0>,97,3,[5 6],98,287,290,189,285
1,<environment.Job instance at 0x7f3b27307cd0>,98,1,[10  4],99,290,291,191,285
1,<environment.Job instance at 0x7f3b272fa5a0>,100,3,[ 4 10],101,296,299,195,295
1,<environment.Job instance at 0x7f3b272fa870>,101,3,[14  4],102,299,302,197,295
1,<environment.Job instance at 0x7f3b272fac80>,103,2,[5 4],104,302,304,198,302
1,<environment.Job instance at 0x7f3b272fad20>,104,1,[10  5],105,302,303,197,302
1,<environment.Job instance at 0x7f3b272fadc0>,107,2,[9 2],108,318,320,210,318
1,<environment.Job instance at 0x7f3b272fa550>,109,3,[10  4],110,321,324,211,321
1,<environment.Job instance at 0x7f3b273007d0>,110,13,[1 6],111,324,337,213,324
1,<environment.Job instance at 0x7f3b27300b90>,112,2,[2 8],113,329,331,216,329
1,<environment.Job instance at 0x7f3b273006e0>,114,1,[8 4],115,335,336,220,335
1,<environment.Job instance at 0x7f3b27300f00>,115,25,[ 4 10],116,337,362,221,335
1,<environment.Job instance at 0x7f62248c98c0>,10,1,[7 3],11,25,26,14,25
1,<environment.Job instance at 0x7f62248c9cd0>,17,3,[10  3],18,50,53,32,50
1,<environment.Job instance at 0x7f62248c9f50>,20,1,[3 7],21,66,67,45,66
1,<environment.Job instance at 0x7f62248c9dc0>,22,2,[12  3],23,66,68,43,66
1,<environment.Job instance at 0x7f62248ca1e0>,26,22,[2 9],27,74,96,47,74
1,<environment.Job instance at 0x7f62248ca0a0>,28,2,[5 9],29,96,98,67,75
1,<environment.Job instance at 0x7f62248ca5a0>,30,1,[5 5],31,76,77,45,76
1,<environment.Job instance at 0x7f62248ca780>,33,2,[5 3],34,91,93,57,91
1,<environment.Job instance at 0x7f62248caa00>,36,2,[5 1],37,104,106,67,104
1,<environment.Job instance at 0x7f62248caaa0>,40,1,[1 8],41,128,129,87,128
1,<environment.Job instance at 0x7f62248cafa0>,43,28,[6 4],44,132,160,88,132
1,<environment.Job instance at 0x7f62248ce140>,46,3,[5 4],47,157,160,110,157
1,<environment.Job instance at 0x7f62248ce1e0>,47,1,[2 6],48,157,158,109,157
1,<environment.Job instance at 0x7f62248ce320>,49,2,[1 9],50,163,165,113,163
1,<environment.Job instance at 0x7f62248ce5f0>,50,27,[9 1],51,163,190,112,163
1,<environment.Job instance at 0x7f62248ce6e0>,51,2,[4 9],52,165,167,113,164
1,<environment.Job instance at 0x7f62248ce7d0>,52,3,[ 3 11],53,172,175,119,172
1,<environment.Job instance at 0x7f62248ce7d0>,6,2,[8 2],7,8,10,1,8
1,<environment.Job instance at 0x7f62248e3d70>,9,3,[4 8],10,10,13,0,10
1,<environment.Job instance at 0x7f62248e3c30>,11,3,[1 5],12,12,15,0,12
1,<environment.Job instance at 0x7f62248e3eb0>,12,1,[10  1],13,13,14,0,13
1,<environment.Job instance at 0x7f62248e3d20>,15,3,[5 5],16,19,22,3,19
1,<environment.Job instance at 0x7f62248e44b0>,16,22,[11  3],17,22,44,5,19
1,<environment.Job instance at 0x7f62248e4be0>,20,3,[9 1],21,44,47,23,29
1,<environment.Job instance at 0x7f62248e4c80>,22,1,[ 5 10],23,44,45,21,33
1,<environment.Job instance at 0x7f62248e4e60>,24,1,[9 4],25,47,48,22,33
1,<environment.Job instance at 0x7f62248e9230>,25,25,[3 9],26,45,70,19,41
1,<environment.Job instance at 0x7f62248e9aa0>,29,23,[2 8],30,70,93,40,64
1,<environment.Job instance at 0x7f62248eb460>,31,1,[5 1],32,64,65,32,64
1,<environment.Job instance at 0x7f62248eb0a0>,32,2,[8 2],33,65,67,32,64
1,<environment.Job instance at 0x7f62248eb640>,33,1,[3 9],34,93,94,59,65
1,<environment.Job instance at 0x7f62248eb050>,36,26,[9 1],37,77,103,40,77
1,<environment.Job instance at 0x7f61e0b4a2d0>,43,3,[5 4],44,109,112,65,109
1,<environment.Job instance at 0x7f62248ec910>,40,18,[5 1],41,111,129,70,111
1,<environment.Job instance at 0x7f61e0b4a9b0>,46,23,[5 8],47,111,134,64,111
1,<environment.Job instance at 0x7f61e0b6c0a0>,47,3,[4 9],48,134,137,86,111
1,<environment.Job instance at 0x7f61e0b6f460>,48,2,[ 3 10],49,137,139,88,111
1,<environment.Job instance at 0x7f61e0b6cb40>,49,1,[10  3],50,129,130,79,111
1,<environment.Job instance at 0x7f61e0b6caf0>,50,2,[3 8],51,139,141,88,112
1,<environment.Job instance at 0x7f61e0b48be0>,51,2,[12  1],52,137,139,85,112
1,<environment.Job instance at 0x7f61e0b48960>,53,27,[5 3],54,139,166,85,137
1,<environment.Job instance at 0x7f61e0b483c0>,57,1,[1 6],58,141,142,83,140
1,<environment.Job instance at 0x7f61e0b48230>,58,22,[9 2],59,141,163,82,140
1,<environment.Job instance at 0x7f61e0cc5870>,59,3,[ 4 12],60,163,166,103,161
1,<environment.Job instance at 0x7f61e0cc5eb0>,63,12,[5 1],64,166,178,102,166
1,<environment.Job instance at 0x7f61e0ccd370>,65,17,[8 1],66,175,192,109,175
1,<environment.Job instance at 0x7f61e0ccd2d0>,68,28,[7 4],69,189,217,120,189
1,<environment.Job instance at 0x7f61e0ccd550>,69,1,[9 2],70,217,218,147,189
1,<environment.Job instance at 0x7f61e0ccd050>,70,2,[4 5],71,192,194,121,189
1,<environment.Job instance at 0x7f61e0ccda50>,71,1,[8 3],72,194,195,122,189
1,<environment.Job instance at 0x7f61e0c4e460>,72,1,[3 8],73,195,196,122,189
1,<environment.Job instance at 0x7f61e0c4e0f0>,74,28,[9 1],75,218,246,143,217
1,<environment.Job instance at 0x7f61e0c4e230>,77,1,[7 2],78,246,247,168,218
1,<environment.Job instance at 0x7f61e0c51140>,86,3,[7 5],87,251,254,164,251
1,<environment.Job instance at 0x7f61e0c506e0>,87,3,[4 9],88,251,254,163,251
1,<environment.Job instance at 0x7f61e0c500a0>,90,28,[7 3],91,268,296,177,268
1,<environment.Job instance at 0x7f61e0c50280>,92,3,[3 9],93,283,286,190,283
1,<environment.Job instance at 0x7f61e0c50e60>,95,3,[6 4],96,298,301,202,298
1,<environment.Job instance at 0x7f61e0c50c80>,89,16,[9 4],90,304,320,214,304
1,<environment.Job instance at 0x7f61e0cc6cd0>,99,1,[8 3],100,320,321,220,310
1,<environment.Job instance at 0x7f61e0cc67d0>,101,3,[1 8],102,318,321,216,318
1,<environment.Job instance at 0x7f61e0cc6910>,100,18,[8 5],101,324,342,223,324
1,<environment.Job instance at 0x7f61e0cc6eb0>,105,2,[9 2],106,342,344,236,324
1,<environment.Job instance at 0x7f61e0cc6a50>,106,2,[5 1],107,324,326,217,324
1,<environment.Job instance at 0x7f61e0ccbe60>,107,1,[1 7],108,324,325,216,324
1,<environment.Job instance at 0x7f622bcb9640>,110,2,[8 3],111,344,346,233,336
1,<environment.Job instance at 0x7f622bcb94b0>,111,19,[ 3 14],112,346,365,234,336
1,<environment.Job instance at 0x7f622be43320>,112,2,[14  5],113,365,367,252,338
1,<environment.Job instance at 0x7f622bd1be10>,113,21,[9 5],114,367,388,253,359
1,<environment.Job instance at 0x7f61e0c70280>,116,22,[6 1],117,367,389,250,360
1,<environment.Job instance at 0x7f61e0c55e10>,119,1,[8 5],120,388,389,268,376
1,<environment.Job instance at 0x7f61e0c1e960>,2,27,[ 2 13],3,4,31,1,4
1,<environment.Job instance at 0x7f61e0b11550>,8,1,[12  5],9,31,32,22,30
1,<environment.Job instance at 0x7f61e0b115f0>,15,2,[4 6],16,32,34,16,30
1,<environment.Job instance at 0x7f61e0b48870>,22,2,[9 3],23,48,50,25,48
1,<environment.Job instance at 0x7f61e0b1c2d0>,24,3,[5 8],25,56,59,31,56
1,<environment.Job instance at 0x7f62247687d0>,25,2,[2 6],26,56,58,30,56
1,<environment.Job instance at 0x7f61e0b36a50>,32,2,[6 1],33,87,89,54,87
1,<environment.Job instance at 0x7f622bd5eaf0>,42,20,[7 3],43,133,153,90,133
1,<environment.Job instance at 0x7f622bd5e3c0>,43,1,[2 8],44,133,134,89,133
1,<environment.Job instance at 0x7f61e0bfb3c0>,46,20,[6 2],47,139,159,92,139
1,<environment.Job instance at 0x7f61e0bfb410>,49,1,[4 6],50,153,154,103,146
1,<environment.Job instance at 0x7f61e0bfbf50>,50,1,[2 5],51,146,147,95,146
1,<environment.Job instance at 0x7f622be40c80>,53,1,[2 8],54,152,153,98,152
1,<environment.Job instance at 0x7f61e0ca7eb0>,59,22,[1 6],60,216,238,156,216
1,<environment.Job instance at 0x7f61e0ca7690>,60,1,[5 1],61,216,217,155,216
1,<environment.Job instance at 0x7f61e0ca7cd0>,61,25,[10  4],62,217,242,155,216
1,<environment.Job instance at 0x7f61e0ca7e60>,64,22,[1 9],65,238,260,173,231
1,<environment.Job instance at 0x7f61e0bf6a00>,72,2,[6 3],73,248,250,175,248
1,<environment.Job instance at 0x7f61e0bf68c0>,73,24,[3 6],74,250,274,176,248
1,<environment.Job instance at 0x7f622bd00c30>,74,2,[4 8],75,260,262,185,248
1,<environment.Job instance at 0x7f622bd002d0>,75,20,[3 8],76,262,282,186,253
1,<environment.Job instance at 0x7f622bd00aa0>,77,27,[9 5],78,274,301,196,272
1,<environment.Job instance at 0x7f622be4b6e0>,82,2,[6 4],83,284,286,201,284
1,<environment.Job instance at 0x7f622be4b0f0>,83,2,[ 3 14],84,301,303,217,284
1,<environment.Job instance at 0x7f6224b266e0>,84,2,[1 9],85,286,288,201,284
1,<environment.Job instance at 0x7f6224646960>,86,21,[6 1],87,303,324,216,303
1,<environment.Job instance at 0x7f6224646190>,89,1,[10  5],90,324,325,234,313
1,<environment.Job instance at 0x7f622468db90>,91,2,[7 4],92,313,315,221,313
1,<environment.Job instance at 0x7f622468a780>,93,18,[8 1],94,325,343,231,323
1,<environment.Job instance at 0x7f62246a74b0>,94,3,[ 3 12],95,325,328,230,324
1,<environment.Job instance at 0x7f622468a230>,95,27,[5 5],96,328,355,232,326
1,<environment.Job instance at 0x7f622468a5a0>,96,22,[2 8],97,328,350,231,326
1,<environment.Job instance at 0x7f61e0f2c5a0>,5,1,[12  4],6,6,7,0,6
1,<environment.Job instance at 0x7f622be3db90>,8,2,[6 5],9,11,13,2,11
1,<environment.Job instance at 0x7f61e0f2fdc0>,12,27,[5 5],13,13,40,0,13
1,<environment.Job instance at 0x7f61e0f2fbe0>,14,25,[1 7],15,15,40,0,15
1,<environment.Job instance at 0x7f61e0eaab90>,26,27,[5 8],27,57,84,30,57
1,<environment.Job instance at 0x7f61e0eaa0a0>,27,3,[5 6],28,58,61,30,58
1,<environment.Job instance at 0x7f6224949f50>,29,1,[ 4 10],30,84,85,54,62
1,<environment.Job instance at 0x7f6224aed320>,31,24,[4 8],32,85,109,53,80
1,<environment.Job instance at 0x7f6224aed4b0>,34,2,[4 8],35,109,111,74,82
1,<environment.Job instance at 0x7f6224a4da00>,35,19,[7 5],36,82,101,46,82
1,<environment.Job instance at 0x7f622b133aa0>,41,1,[11  1],42,101,102,59,97
1,<environment.Job instance at 0x7f622b1ce0a0>,48,3,[9 1],49,110,113,61,110
1,<environment.Job instance at 0x7f622498b690>,50,19,[2 7],51,126,145,75,126
1,<environment.Job instance at 0x7f622b25c550>,51,24,[1 9],52,145,169,93,140
1,<environment.Job instance at 0x7f6224ca55a0>,54,1,[2 5],55,141,142,86,141
1,<environment.Job instance at 0x7f6224cbef50>,55,2,[9 3],56,141,143,85,141
1,<environment.Job instance at 0x7f6224cc6c30>,57,23,[10  4],58,143,166,85,142
1,<environment.Job instance at 0x7f62249d8410>,63,3,[ 5 13],64,169,172,105,164
1,<environment.Job instance at 0x7f622b1ce370>,49,18,[5 8],50,172,190,122,171
1,<environment.Job instance at 0x7f622b244c30>,67,1,[11  4],68,190,191,122,175
1,<environment.Job instance at 0x7f622b244f50>,68,1,[5 3],69,175,176,106,175
1,<environment.Job instance at 0x7f622b244b90>,73,1,[8 5],74,211,212,137,211
1,<environment.Job instance at 0x7f622b244780>,75,24,[10  2],76,216,240,140,216
1,<environment.Job instance at 0x7f6224a1bd20>,78,19,[1 6],79,233,252,154,233
1,<environment.Job instance at 0x7f6224a1b730>,79,27,[14  1],80,240,267,160,238
1,<environment.Job instance at 0x7f6224a2b5f0>,82,2,[11  4],83,267,269,184,245
1,<environment.Job instance at 0x7f6224a1b6e0>,83,20,[5 7],84,269,289,185,260
1,<environment.Job instance at 0x7f6224a2bd70>,84,1,[5 7],85,269,270,184,260
1,<environment.Job instance at 0x7f6224a2b820>,86,27,[4 5],87,270,297,183,268
1,<environment.Job instance at 0x7f62248b8280>,92,3,[11  3],93,289,292,196,280
1,<environment.Job instance at 0x7f62246845a0>,95,1,[8 1],96,294,295,198,294
1,<environment.Job instance at 0x7f622491e5f0>,97,2,[2 6],98,313,315,215,313
1,<environment.Job instance at 0x7f6224b03d70>,98,2,[5 5],99,313,315,214,313
1,<environment.Job instance at 0x7f6224b03410>,99,1,[5 7],100,315,316,215,313
1,<environment.Job instance at 0x7f6224b03eb0>,100,3,[1 6],101,315,318,214,313
1,<environment.Job instance at 0x7f61e0b12780>,10,1,[9 5],11,11,12,0,11
1,<environment.Job instance at 0x7f62249367d0>,14,24,[4 5],15,17,41,2,17
1,<environment.Job instance at 0x7f62248ffeb0>,19,3,[5 9],20,32,35,12,32
1,<environment.Job instance at 0x7f62248ff730>,25,2,[2 9],26,56,58,30,56
1,<environment.Job instance at 0x7f62248ff4b0>,27,1,[3 6],28,61,62,33,61
1,<environment.Job instance at 0x7f62248c27d0>,34,3,[7 4],35,87,90,52,87
1,<environment.Job instance at 0x7f62248c2a00>,35,3,[9 4],36,90,93,54,87
1,<environment.Job instance at 0x7f62248c2aa0>,36,2,[5 5],37,87,89,50,87
1,<environment.Job instance at 0x7f62248c2870>,37,1,[10  3],38,93,94,55,87
1,<environment.Job instance at 0x7f62248c2820>,41,2,[2 9],42,106,108,64,106
1,<environment.Job instance at 0x7f62248c2dc0>,42,2,[7 3],43,106,108,63,106
1,<environment.Job instance at 0x7f62248c2f00>,43,3,[8 1],44,108,111,64,107
1,<environment.Job instance at 0x7f62249116e0>,48,2,[4 5],49,136,138,87,136
1,<environment.Job instance at 0x7f6224911f00>,49,23,[6 5],50,136,159,86,136
1,<environment.Job instance at 0x7f622b64a460>,53,1,[4 9],54,146,147,92,146
1,<environment.Job instance at 0x7f61e0f815f0>,56,2,[8 4],57,156,158,99,156
1,<environment.Job instance at 0x7f622473e730>,58,3,[3 9],59,158,161,99,157
1,<environment.Job instance at 0x7f622b64a280>,59,21,[1 9],60,161,182,101,157
1,<environment.Job instance at 0x7f62247451e0>,60,27,[6 4],61,159,186,98,157
1,<environment.Job instance at 0x7f622475ca00>,61,1,[11  4],62,186,187,124,160
1,<environment.Job instance at 0x7f6224750320>,65,3,[10  4],66,187,190,121,174
1,<environment.Job instance at 0x7f62247504b0>,67,2,[ 2 10],68,184,186,116,184
1,<environment.Job instance at 0x7f61e1153190>,68,22,[7 5],69,190,212,121,184
1,<environment.Job instance at 0x7f61e11543c0>,71,2,[2 6],72,191,193,119,191
1,<environment.Job instance at 0x7f61e1154190>,72,24,[1 6],73,193,217,120,191
1,<environment.Job instance at 0x7f61e115e280>,75,3,[1 9],76,212,215,136,209
1,<environment.Job instance at 0x7f622497a3c0>,6,18,[9 4],7,217,235,210,217
1,<environment.Job instance at 0x7f61e115e960>,79,2,[9 1],80,235,237,155,224
1,<environment.Job instance at 0x7f61e115ee10>,82,3,[1 9],83,235,238,152,235
1,<environment.Job instance at 0x7f61e115eeb0>,84,3,[ 2 12],85,238,241,153,235
1,<environment.Job instance at 0x7f61e11640f0>,87,2,[8 4],88,243,245,155,243
1,<environment.Job instance at 0x7f61e11644b0>,88,14,[9 1],89,245,259,156,244
1,<environment.Job instance at 0x7f61e116a050>,90,1,[9 4],91,259,260,168,249
1,<environment.Job instance at 0x7f61e116a5f0>,91,2,[ 3 14],92,249,251,157,249
1,<environment.Job instance at 0x7f61e116aaf0>,94,3,[3 6],95,251,254,156,249
1,<environment.Job instance at 0x7f61e116aa50>,95,1,[8 4],96,260,261,164,249
1,<environment.Job instance at 0x7f61e116a690>,97,27,[9 3],98,265,292,167,265
1,<environment.Job instance at 0x7f61e118cd20>,100,2,[2 7],101,285,287,184,285
1,<environment.Job instance at 0x7f61e118c6e0>,102,1,[6 3],103,287,288,184,285
1,<environment.Job instance at 0x7f61e118c5a0>,108,24,[4 7],109,313,337,204,313
1,<environment.Job instance at 0x7f61e1185640>,113,3,[4 7],114,330,333,216,330
1,<environment.Job instance at 0x7f61e1185eb0>,116,2,[3 6],117,346,348,229,346
1,<environment.Job instance at 0x7f61e0eee0f0>,118,2,[5 8],119,358,360,239,358
1,<environment.Job instance at 0x7f61e0ef73c0>,119,3,[14  1],120,360,363,240,358
1,<environment.Job instance at 0x7f61e0ef7dc0>,120,20,[4 6],121,363,383,242,358
1,<environment.Job instance at 0x7f61e0eda730>,122,2,[8 4],123,363,365,240,359
1,<environment.Job instance at 0x7f62249ca2d0>,9,1,[ 5 14],10,10,11,0,10
1,<environment.Job instance at 0x7f62249caf50>,10,2,[5 1],11,11,13,0,11
1,<environment.Job instance at 0x7f622491edc0>,1,18,[4 8],2,22,40,20,22
1,<environment.Job instance at 0x7f6224dba190>,14,3,[7 4],15,22,25,7,22
1,<environment.Job instance at 0x7f6224dba4b0>,15,2,[4 5],16,25,27,9,22
1,<environment.Job instance at 0x7f6224dbac80>,17,2,[7 4],18,31,33,13,31
1,<environment.Job instance at 0x7f6224dba690>,22,3,[4 8],23,52,55,29,52
1,<environment.Job instance at 0x7f6224dba2d0>,16,18,[10  2],17,56,74,39,56
1,<environment.Job instance at 0x7f6224dba820>,24,2,[1 6],25,56,58,31,56
1,<environment.Job instance at 0x7f6224dba780>,26,1,[5 1],27,60,61,33,60
1,<environment.Job instance at 0x7f6224dba460>,27,27,[ 2 11],28,61,88,33,60
1,<environment.Job instance at 0x7f62249bcd70>,32,1,[12  5],33,88,89,55,72
1,<environment.Job instance at 0x7f6224dbab90>,29,3,[11  2],30,85,88,55,85
1,<environment.Job instance at 0x7f62249bc870>,39,1,[8 2],40,89,90,49,85
1,<environment.Job instance at 0x7f622b1ec960>,44,3,[ 3 10],45,103,106,58,103
1,<environment.Job instance at 0x7f622b56ff00>,45,1,[7 3],46,103,104,57,103
1,<environment.Job instance at 0x7f622b56f780>,46,3,[5 4],47,104,107,57,103
1,<environment.Job instance at 0x7f622b56f280>,49,1,[5 7],50,109,110,59,109
1,<environment.Job instance at 0x7f622b56fa50>,51,3,[3 9],52,115,118,63,115
1,<environment.Job instance at 0x7f622b1dba00>,57,2,[ 3 10],58,157,159,99,157
1,<environment.Job instance at 0x7f622b1dbd70>,58,18,[1 5],59,158,176,99,158
1,<environment.Job instance at 0x7f622b1dbaa0>,60,19,[4 5],61,161,180,100,161
1,<environment.Job instance at 0x7f622b1db230>,65,1,[5 8],66,190,191,124,190
1,<environment.Job instance at 0x7f61e11c29b0>,67,2,[9 3],68,190,192,122,190
1,<environment.Job instance at 0x7f61e11c2e60>,69,1,[5 4],70,191,192,121,190
1,<environment.Job instance at 0x7f61e11c2190>,70,23,[9 4],71,192,215,121,190
1,<environment.Job instance at 0x7f61e11c23c0>,71,21,[8 2],72,215,236,143,207
1,<environment.Job instance at 0x7f61e11c2eb0>,72,21,[5 7],73,207,228,134,207
1,<environment.Job instance at 0x7f61e11c2960>,78,28,[10  4],79,236,264,157,235
1,<environment.Job instance at 0x7f61e11c20a0>,80,3,[5 7],81,235,238,154,235
1,<environment.Job instance at 0x7f61e0c879b0>,81,1,[7 3],82,264,265,182,236
1,<environment.Job instance at 0x7f61e0c87820>,87,3,[6 3],88,264,267,176,261
1,<environment.Job instance at 0x7f61e0c876e0>,89,1,[2 5],90,267,268,177,267
1,<environment.Job instance at 0x7f61e0c878c0>,90,26,[4 9],91,267,293,176,267
1,<environment.Job instance at 0x7f61e0c87c30>,91,1,[6 5],92,268,269,176,267
1,<environment.Job instance at 0x7f6224d6b6e0>,94,2,[9 3],95,284,286,189,284
1,<environment.Job instance at 0x7f6224ae3550>,97,23,[5 3],98,292,315,194,292
1,<environment.Job instance at 0x7f622b465960>,103,24,[ 5 11],104,333,357,229,333
1,<environment.Job instance at 0x7f622b59cc30>,107,19,[1 5],108,357,376,249,349
1,<environment.Job instance at 0x7f622b811050>,0,1,[8 1],1,2,3,1,2
1,<environment.Job instance at 0x7f6224719a50>,2,2,[3 6],3,3,5,0,3
1,<environment.Job instance at 0x7f622b8113c0>,3,1,[12  4],4,5,6,1,5
1,<environment.Job instance at 0x7f6224ac48c0>,7,20,[1 8],8,8,28,0,8
1,<environment.Job instance at 0x7f622482caa0>,11,21,[4 9],12,28,49,16,20
1,<environment.Job instance at 0x7f61e0c75d70>,15,23,[8 4],16,20,43,4,20
1,<environment.Job instance at 0x7f61e0c752d0>,17,20,[5 7],18,49,69,31,40
1,<environment.Job instance at 0x7f622b4cca00>,10,2,[ 2 12],11,69,71,58,42
1,<environment.Job instance at 0x7f61e0c755f0>,21,3,[2 6],22,43,46,21,42
1,<environment.Job instance at 0x7f6224be9e60>,31,20,[ 5 13],32,71,91,39,62
1,<environment.Job instance at 0x7f622b2fc050>,35,1,[6 4],36,65,66,29,65
1,<environment.Job instance at 0x7f622b69baf0>,37,1,[5 1],38,66,67,28,65
1,<environment.Job instance at 0x7f6224985be0>,39,1,[8 1],40,67,68,27,65
1,<environment.Job instance at 0x7f6224d694b0>,40,24,[7 2],41,68,92,27,65
1,<environment.Job instance at 0x7f61e0cd3190>,43,3,[10  3],44,92,95,48,79
1,<environment.Job instance at 0x7f61e1115be0>,44,17,[8 1],45,95,112,50,95
1,<environment.Job instance at 0x7f61e1115aa0>,46,19,[2 9],47,95,114,48,95
1,<environment.Job instance at 0x7f61e11158c0>,47,1,[7 3],48,112,113,64,95
1,<environment.Job instance at 0x7f622b72b730>,48,20,[ 1 10],49,114,134,65,105
1,<environment.Job instance at 0x7f622b72b320>,58,2,[ 1 13],59,134,136,75,134
1,<environment.Job instance at 0x7f622b72bdc0>,60,28,[ 2 14],61,138,166,77,138
1,<environment.Job instance at 0x7f6224772050>,61,28,[5 1],62,138,166,76,138
1,<environment.Job instance at 0x7f61e0b6c640>,68,2,[7 4],69,166,168,97,165
1,<environment.Job instance at 0x7f622b106a50>,69,2,[5 1],70,166,168,96,165
1,<environment.Job instance at 0x7f6224b98b90>,73,23,[7 4],74,170,193,96,170
1,<environment.Job instance at 0x7f622b2e3730>,80,2,[5 5],81,210,212,129,210
1,<environment.Job instance at 0x7f61e10b4f00>,83,3,[13  5],84,222,225,138,222
1,<environment.Job instance at 0x7f62248ca0f0>,86,27,[5 2],87,238,265,151,238
1,<environment.Job instance at 0x7f61e0cd72d0>,88,13,[1 5],89,243,256,154,243
1,<environment.Job instance at 0x7f61e0cd7690>,90,22,[2 5],91,258,280,167,258
1,<environment.Job instance at 0x7f6224768690>,91,1,[8 4],92,258,259,166,258
1,<environment.Job instance at 0x7f6224768190>,92,1,[2 5],93,259,260,166,258
1,<environment.Job instance at 0x7f6224abf3c0>,93,2,[ 4 10],94,265,267,171,258
1,<environment.Job instance at 0x7f6224abf550>,96,1,[2 6],97,263,264,166,263
1,<environment.Job instance at 0x7f6224abf690>,100,1,[ 2 10],101,285,286,184,285
1,<environment.Job instance at 0x7f6224abfc30>,101,2,[1 5],102,285,287,183,285
1,<environment.Job instance at 0x7f6224abff00>,102,1,[9 5],103,286,287,183,285
1,<environment.Job instance at 0x7f6224abf050>,104,28,[4 5],105,295,323,190,295
1,<environment.Job instance at 0x7f6224abfdc0>,105,3,[9 2],106,295,298,189,295
1,<environment.Job instance at 0x7f6224abfe10>,107,2,[ 5 13],108,323,325,215,303
1,<environment.Job instance at 0x7f6224980fa0>,109,1,[4 5],110,310,311,200,310
1,<environment.Job instance at 0x7f6224980c30>,111,25,[10  1],112,315,340,203,315
1,<environment.Job instance at 0x7f6224980b40>,113,2,[5 1],114,325,327,211,322
1,<environment.Job instance at 0x7f62247e3910>,115,15,[8 1],116,340,355,224,329
1,<environment.Job instance at 0x7f62247e38c0>,116,3,[5 1],117,329,332,212,329
1,<environment.Job instance at 0x7f62247e3eb0>,117,1,[2 6],118,332,333,214,329
1,<environment.Job instance at 0x7f62247e35a0>,118,18,[5 5],119,333,351,214,332
1,<environment.Job instance at 0x7f62247e39b0>,122,2,[1 7],123,352,354,229,352
1,<environment.Job instance at 0x7f61e0d38230>,125,21,[9 3],126,361,382,235,361
1,<environment.Job instance at 0x7f61e0d38cd0>,127,25,[9 4],128,382,407,254,378
1,<environment.Job instance at 0x7f61e0d38dc0>,131,1,[5 5],132,378,379,246,378
1,<environment.Job instance at 0x7f61e0d38460>,135,2,[4 8],136,405,407,269,405
1,<environment.Job instance at 0x7f61e0d386e0>,136,18,[8 1],137,407,425,270,406
1,<environment.Job instance at 0x7f61e0d38a50>,137,2,[1 8],138,407,409,269,406
1,<environment.Job instance at 0x7f61e0d380a0>,138,2,[10  5],139,425,427,286,406
1,<environment.Job instance at 0x7f61e0d38870>,139,28,[6 1],140,427,455,287,426
1,<environment.Job instance at 0x7f61e0d389b0>,140,3,[2 8],141,426,429,285,426
1,<environment.Job instance at 0x7f61e0d385a0>,142,18,[ 2 12],143,591,609,448,591
1,<environment.Job instance at 0x7f62247e35f0>,3,24,[5 3],4,4,28,0,4
1,<environment.Job instance at 0x7f6224d5d140>,7,2,[11  4],8,28,30,20,11
1,<environment.Job instance at 0x7f6224982f00>,11,28,[9 4],12,30,58,18,29
1,<environment.Job instance at 0x7f61e0b57730>,18,19,[ 3 11],19,49,68,30,49
1,<environment.Job instance at 0x7f61e0c70820>,26,21,[5 5],27,68,89,41,65
1,<environment.Job instance at 0x7f622481dc30>,31,1,[4 5],32,82,83,50,82
1,<environment.Job instance at 0x7f622481d960>,36,1,[ 4 10],37,100,101,63,100
1,<environment.Job instance at 0x7f622481d690>,39,2,[5 8],40,116,118,76,116
1,<environment.Job instance at 0x7f61e0b18e60>,44,22,[4 9],45,147,169,102,147
1,<environment.Job instance at 0x7f61e0b18960>,45,1,[1 9],46,169,170,123,147
1,<environment.Job instance at 0x7f61e0b18190>,46,21,[5 5],47,147,168,100,147
1,<environment.Job instance at 0x7f61e0b18410>,51,3,[8 5],52,168,171,116,165
1,<environment.Job instance at 0x7f61e0d86730>,53,2,[13  2],54,171,173,117,165
1,<environment.Job instance at 0x7f61e0d86910>,55,25,[1 6],56,181,206,125,181
1,<environment.Job instance at 0x7f61e0d86a50>,56,1,[5 5],57,181,182,124,181
1,<environment.Job instance at 0x7f61e0d86af0>,58,3,[ 1 10],59,206,209,147,182
1,<environment.Job instance at 0x7f61e0d86b90>,59,3,[9 3],60,182,185,122,182
1,<environment.Job instance at 0x7f61e0d86c30>,60,27,[11  2],61,185,212,124,183
1,<environment.Job instance at 0x7f61e0d86d70>,62,20,[ 5 10],63,212,232,149,203
1,<environment.Job instance at 0x7f61e0d86b40>,65,24,[8 3],66,212,236,146,207
1,<environment.Job instance at 0x7f61e0d6f4b0>,72,1,[5 9],73,232,233,159,226
1,<environment.Job instance at 0x7f61e0d6f960>,77,24,[5 9],78,245,269,167,245
1,<environment.Job instance at 0x7f61e0d6fb90>,80,2,[1 6],81,252,254,171,252
1,<environment.Job instance at 0x7f61e0d6fc30>,81,28,[3 6],82,254,282,172,253
1,<environment.Job instance at 0x7f61e0d6feb0>,83,2,[2 7],84,269,271,185,262
1,<environment.Job instance at 0x7f61e0d791e0>,88,2,[4 6],89,285,287,196,285
1,<environment.Job instance at 0x7f61e0d79280>,89,26,[2 6],90,285,311,195,285
1,<environment.Job instance at 0x7f61e0d79140>,90,20,[9 3],91,285,305,194,285
1,<environment.Job instance at 0x7f61e0d79820>,97,1,[ 1 13],98,311,312,213,311
1,<environment.Job instance at 0x7f61e0d794b0>,98,26,[8 2],99,311,337,212,311
1,<environment.Job instance at 0x7f61e0d79910>,99,2,[9 3],100,337,339,237,311
1,<environment.Job instance at 0x7f61e0d79aa0>,101,1,[5 4],102,312,313,210,311
1,<environment.Job instance at 0x7f61e0d79d20>,105,25,[ 3 14],106,339,364,233,339
1,<environment.Job instance at 0x7f61e0d810a0>,110,2,[4 6],111,364,366,253,360
1,<environment.Job instance at 0x7f61e0d81140>,111,3,[ 4 13],112,366,369,254,364
1,<environment.Job instance at 0x7f61e0d81320>,114,27,[13  3],115,375,402,260,375
1,<environment.Job instance at 0x7f61e0d81870>,121,2,[3 9],122,402,404,280,382
1,<environment.Job instance at 0x7f61e0d81cd0>,125,19,[1 5],126,410,429,284,410
1,<environment.Job instance at 0x7f61e0d81e10>,127,1,[10  2],128,411,412,283,411
1,<environment.Job instance at 0x7f61e0d79b90>,103,18,[4 6],104,417,435,313,417
1,<environment.Job instance at 0x7f61e0d582d0>,133,3,[3 9],134,439,442,305,439
1,<environment.Job instance at 0x7f61e0d81aa0>,134,27,[6 1],135,439,466,304,439
1,<environment.Job instance at 0x7f61e0d583c0>,137,12,[1 6],138,455,467,317,455
1,<environment.Job instance at 0x7f61e0d58460>,138,3,[3 8],139,455,458,316,455
1,<environment.Job instance at 0x7f61e0d58640>,141,24,[14  3],142,467,491,325,467
1,<environment.Job instance at 0x7f61e0d58780>,143,24,[10  2],144,491,515,347,486
1,<environment.Job instance at 0x7f6224c084b0>,15,27,[4 5],16,22,49,6,22
1,<environment.Job instance at 0x7f6224c08a00>,16,1,[12  2],17,49,50,32,26
1,<environment.Job instance at 0x7f6224c087d0>,18,2,[1 9],19,30,32,11,30
1,<environment.Job instance at 0x7f6224920690>,26,25,[7 3],27,50,75,23,46
1,<environment.Job instance at 0x7f61e0e246e0>,30,26,[6 4],31,61,87,30,61
1,<environment.Job instance at 0x7f61e0bdff00>,37,21,[9 4],38,92,113,54,92
1,<environment.Job instance at 0x7f61e0bdfa00>,38,21,[5 1],39,92,113,53,92
1,<environment.Job instance at 0x7f622b566190>,43,1,[7 3],44,113,114,69,92
1,<environment.Job instance at 0x7f61e0d60d70>,48,2,[5 7],49,113,115,64,111
1,<environment.Job instance at 0x7f61e0d601e0>,49,20,[5 9],50,115,135,65,111
1,<environment.Job instance at 0x7f61e0d607d0>,54,2,[10  4],55,141,143,86,141
1,<environment.Job instance at 0x7f61e0d600f0>,55,3,[1 9],56,141,144,85,141
1,<environment.Job instance at 0x7f622b7f4460>,59,2,[6 1],60,143,145,83,142
1,<environment.Job instance at 0x7f622b7f4d70>,60,2,[6 1],61,143,145,82,142
1,<environment.Job instance at 0x7f61e0b6c870>,64,1,[13  5],65,162,163,97,162
1,<environment.Job instance at 0x7f61e11c5af0>,66,1,[5 7],67,171,172,104,171
1,<environment.Job instance at 0x7f61e11c5370>,69,3,[ 3 10],70,188,191,118,188
1,<environment.Job instance at 0x7f61e11c5320>,70,25,[5 3],71,188,213,117,188
1,<environment.Job instance at 0x7f61e11c5e10>,72,2,[3 7],73,191,193,118,191
1,<environment.Job instance at 0x7f61e11c50f0>,75,2,[8 1],76,203,205,127,203
1,<environment.Job instance at 0x7f61e11c5eb0>,77,1,[ 4 10],78,216,217,138,216
1,<environment.Job instance at 0x7f61e11c5910>,79,28,[3 9],80,219,247,139,219
1,<environment.Job instance at 0x7f61e11c51e0>,80,3,[ 4 10],81,247,250,166,221
1,<environment.Job instance at 0x7f61e11c5cd0>,81,2,[2 9],82,250,252,168,223
1,<environment.Job instance at 0x7f61e11c5be0>,82,23,[3 7],83,252,275,169,246
1,<environment.Job instance at 0x7f6224b1db40>,86,3,[ 5 14],87,275,278,188,252
1,<environment.Job instance at 0x7f6224b1d410>,93,1,[5 4],94,266,267,172,266
1,<environment.Job instance at 0x7f61e0c66d20>,95,1,[1 8],96,267,268,171,267
1,<environment.Job instance at 0x7f61e0c665a0>,105,1,[6 1],106,315,316,209,315
1,<environment.Job instance at 0x7f61e0c66f00>,106,1,[ 5 10],107,315,316,208,315
1,<environment.Job instance at 0x7f61e10391e0>,2,22,[8 1],3,3,25,0,3
1,<environment.Job instance at 0x7f6224b7e5a0>,6,2,[14  2],7,25,27,18,7
1,<environment.Job instance at 0x7f622b19a050>,10,2,[14  4],11,27,29,16,16
1,<environment.Job instance at 0x7f622b19a910>,11,27,[8 5],12,29,56,17,27
1,<environment.Job instance at 0x7f61e0c66f00>,5,3,[ 1 13],6,56,59,50,52
1,<environment.Job instance at 0x7f622b26df50>,20,1,[5 2],21,62,63,41,62
1,<environment.Job instance at 0x7f6224b63aa0>,0,25,[6 2],1,1,26,0,1
1,<environment.Job instance at 0x7f61e10ac730>,10,25,[5 5],11,11,36,0,11
1,<environment.Job instance at 0x7f6224879550>,12,1,[1 7],13,13,14,0,13
1,<environment.Job instance at 0x7f61e0b819b0>,13,3,[ 4 11],14,36,39,22,16
1,<environment.Job instance at 0x7f62247b1640>,17,1,[10  1],18,26,27,8,18
1,<environment.Job instance at 0x7f62247b10f0>,15,19,[2 8],16,39,58,23,29
1,<environment.Job instance at 0x7f6224ad6780>,24,1,[2 9],25,58,59,33,39
1,<environment.Job instance at 0x7f6224ad6280>,27,2,[10  2],28,54,56,26,54
1,<environment.Job instance at 0x7f6224ad6370>,33,3,[6 5],34,86,89,52,86
1,<environment.Job instance at 0x7f6224ad6870>,34,19,[ 5 10],35,86,105,51,86
1,<environment.Job instance at 0x7f6224ad6eb0>,37,27,[8 5],38,103,130,65,103
1,<environment.Job instance at 0x7f6224ab6eb0>,39,3,[ 1 12],40,130,133,90,129
1,<environment.Job instance at 0x7f6224ab6190>,41,1,[2 7],42,129,130,87,129
1,<environment.Job instance at 0x7f6224ab62d0>,42,1,[1 8],43,133,134,90,129
1,<environment.Job instance at 0x7f6224ab6b90>,44,3,[13  1],45,131,134,86,131
1,<environment.Job instance at 0x7f6224ab6410>,48,3,[1 7],49,143,146,94,143
1,<environment.Job instance at 0x7f6224ab6550>,49,3,[7 3],50,143,146,93,143
1,<environment.Job instance at 0x7f6224ab69b0>,50,20,[8 5],51,146,166,95,143
1,<environment.Job instance at 0x7f6224688820>,55,25,[4 5],56,160,185,104,160
1,<environment.Job instance at 0x7f6224844870>,58,1,[ 4 14],59,185,186,126,169
1,<environment.Job instance at 0x7f6224844af0>,59,1,[5 6],60,169,170,109,169
1,<environment.Job instance at 0x7f6224844e10>,64,2,[3 9],65,186,188,121,184
1,<environment.Job instance at 0x7f6224844960>,65,1,[1 7],66,184,185,118,184
1,<environment.Job instance at 0x7f6224844690>,69,2,[4 8],70,188,190,118,185
1,<environment.Job instance at 0x7f6224860280>,70,2,[13  2],71,190,192,119,185
1,<environment.Job instance at 0x7f62248600a0>,74,1,[12  5],75,201,202,126,201
1,<environment.Job instance at 0x7f6224860410>,75,3,[3 9],76,202,205,126,202
1,<environment.Job instance at 0x7f62248606e0>,77,26,[ 3 10],78,209,235,131,209
1,<environment.Job instance at 0x7f62248604b0>,81,3,[12  2],82,223,226,141,223
1,<environment.Job instance at 0x7f6224860a00>,82,1,[2 6],83,235,236,152,223
1,<environment.Job instance at 0x7f6224860870>,85,3,[8 1],86,226,229,140,223
1,<environment.Job instance at 0x7f6224860b90>,86,2,[5 9],87,235,237,148,223
1,<environment.Job instance at 0x7f622483c140>,92,1,[7 4],93,242,243,149,242
1,<environment.Job instance at 0x7f622483c280>,94,3,[14  3],95,267,270,172,267
1,<environment.Job instance at 0x7f622483c500>,97,3,[6 5],98,270,273,172,267
1,<environment.Job instance at 0x7f622483c5a0>,98,1,[2 8],99,270,271,171,267
1,<environment.Job instance at 0x7f622483c9b0>,103,3,[7 1],104,271,274,167,271
1,<environment.Job instance at 0x7f622483c960>,105,3,[ 1 10],106,273,276,167,272
1,<environment.Job instance at 0x7f622483cb40>,106,1,[11  3],107,274,275,167,272
1,<environment.Job instance at 0x7f622483cc30>,107,1,[8 4],108,275,276,167,272
1,<environment.Job instance at 0x7f622483cd70>,109,2,[3 9],110,283,285,173,283
1,<environment.Job instance at 0x7f622483cf50>,112,2,[8 5],113,297,299,184,297
1,<environment.Job instance at 0x7f622483caf0>,114,2,[8 5],115,305,307,190,305
1,<environment.Job instance at 0x7f6224845190>,115,3,[10  5],116,307,310,191,306
1,<environment.Job instance at 0x7f6224845550>,121,3,[6 5],122,350,353,228,350
1,<environment.Job instance at 0x7f6224ad60a0>,1,23,[5 9],2,2,25,0,2
1,<environment.Job instance at 0x7f6224bc9be0>,7,22,[2 9],8,25,47,17,18
1,<environment.Job instance at 0x7f6224c08fa0>,6,1,[ 3 13],7,47,48,40,23
1,<environment.Job instance at 0x7f61e1182a50>,16,20,[8 2],17,27,47,10,27
1,<environment.Job instance at 0x7f61e1182d70>,18,26,[2 5],19,48,74,29,45
1,<environment.Job instance at 0x7f622b5231e0>,26,24,[2 9],27,48,72,21,45
1,<environment.Job instance at 0x7f61e0e02550>,29,20,[ 3 11],30,74,94,44,70
1,<environment.Job instance at 0x7f61e0b814b0>,3,3,[ 1 14],4,94,97,90,71
1,<environment.Job instance at 0x7f6224967b90>,36,1,[7 4],37,72,73,35,71
1,<environment.Job instance at 0x7f6224b01cd0>,41,2,[6 3],42,86,88,44,86
1,<environment.Job instance at 0x7f6224b01410>,42,2,[2 8],43,97,99,54,86
1,<environment.Job instance at 0x7f6224b01640>,45,2,[8 1],46,100,102,54,100
1,<environment.Job instance at 0x7f6224b010a0>,46,1,[ 3 11],47,100,101,53,100
1,<environment.Job instance at 0x7f6224b36500>,48,1,[3 6],49,105,106,56,105
1,<environment.Job instance at 0x7f6224b36140>,49,1,[9 1],50,105,106,55,105
1,<environment.Job instance at 0x7f6224b36910>,51,23,[1 8],52,106,129,54,106
1,<environment.Job instance at 0x7f6224d92140>,58,1,[10  1],59,141,142,82,141
1,<environment.Job instance at 0x7f622b27bf00>,64,2,[1 5],65,160,162,95,160
1,<environment.Job instance at 0x7f622b27bdc0>,65,3,[9 4],66,160,163,94,160
1,<environment.Job instance at 0x7f622b27b6e0>,66,25,[8 1],67,163,188,96,160
1,<environment.Job instance at 0x7f622b27b280>,69,3,[7 4],70,173,176,103,173
1,<environment.Job instance at 0x7f622b27b3c0>,70,2,[3 9],71,176,178,105,173
1,<environment.Job instance at 0x7f622b2e3eb0>,74,28,[7 4],75,185,213,110,185
1,<environment.Job instance at 0x7f622b2e31e0>,75,20,[7 2],76,188,208,112,185
1,<environment.Job instance at 0x7f622b2e34b0>,78,2,[7 1],79,208,210,129,204
1,<environment.Job instance at 0x7f61e0eacaf0>,82,3,[8 4],83,221,224,138,221
1,<environment.Job instance at 0x7f61e0eac9b0>,84,19,[1 8],85,222,241,137,222
1,<environment.Job instance at 0x7f61e0eac640>,87,3,[6 1],88,238,241,150,238
1,<environment.Job instance at 0x7f61e0eac690>,89,3,[5 3],90,240,243,150,240
1,<environment.Job instance at 0x7f61e0eace60>,91,3,[10  1],92,247,250,155,247
1,<environment.Job instance at 0x7f61e0eac500>,93,20,[4 5],94,248,268,154,248
1,<environment.Job instance at 0x7f61e0eac3c0>,94,2,[6 5],95,250,252,155,248
1,<environment.Job instance at 0x7f61e0eac050>,95,20,[5 5],96,250,270,154,248
1,<environment.Job instance at 0x7f61e0eacd70>,99,2,[1 6],100,276,278,176,276
1,<environment.Job instance at 0x7f622475acd0>,106,2,[14  1],107,300,302,193,300
1,<environment.Job instance at 0x7f622475ad70>,110,3,[7 3],111,316,319,205,316
1,<environment.Job instance at 0x7f622475aaf0>,111,25,[1 6],112,316,341,204,316
1,<environment.Job instance at 0x7f61e109fd70>,13,2,[1 7],14,15,17,1,15
1,<environment.Job instance at 0x7f6224bc98c0>,17,3,[8 3],18,42,45,24,42
1,<environment.Job instance at 0x7f6224bc9640>,18,2,[1 7],19,42,44,23,42
1,<environment.Job instance at 0x7f6224bc9d70>,21,1,[3 9],22,53,54,31,53
1,<environment.Job instance at 0x7f6224bc92d0>,23,3,[6 1],24,55,58,31,55
1,<environment.Job instance at 0x7f6224bc9e10>,25,2,[ 2 12],26,58,60,32,58
1,<environment.Job instance at 0x7f6224bc9af0>,26,1,[3 9],27,60,61,33,58
1,<environment.Job instance at 0x7f6224bc94b0>,28,21,[2 5],29,72,93,43,72
1,<environment.Job instance at 0x7f6224bc9fa0>,29,23,[5 7],30,72,95,42,72
1,<environment.Job instance at 0x7f622b71beb0>,32,2,[5 3],33,85,87,52,85
1,<environment.Job instance at 0x7f622b71bdc0>,33,25,[ 1 10],34,95,120,61,91
1,<environment.Job instance at 0x7f622b7d60f0>,35,2,[5 2],36,91,93,55,91
1,<environment.Job instance at 0x7f622b7d6550>,38,1,[ 5 14],39,120,121,81,98
1,<environment.Job instance at 0x7f622b7d6370>,39,1,[5 1],40,98,99,58,98
1,<environment.Job instance at 0x7f622b7d6d70>,40,1,[2 9],41,121,122,80,98
1,<environment.Job instance at 0x7f622b7d6cd0>,37,19,[ 2 10],38,122,141,84,112
1,<environment.Job instance at 0x7f622b187b90>,47,3,[10  5],48,121,124,73,120
1,<environment.Job instance at 0x7f622b187a00>,48,18,[7 1],49,129,147,80,129
1,<environment.Job instance at 0x7f622b187d20>,52,2,[4 5],53,141,143,88,135
1,<environment.Job instance at 0x7f622b187410>,54,2,[8 4],55,161,163,106,161
1,<environment.Job instance at 0x7f622b1870f0>,55,2,[11  4],56,163,165,107,161
1,<environment.Job instance at 0x7f622b187960>,56,1,[6 4],57,161,162,104,161
1,<environment.Job instance at 0x7f6224d30f00>,58,2,[6 3],59,165,167,106,163
1,<environment.Job instance at 0x7f6224d30410>,59,21,[7 2],60,165,186,105,163
1,<environment.Job instance at 0x7f6224d30280>,61,3,[ 1 10],62,171,174,109,171
1,<environment.Job instance at 0x7f61e0b7ab90>,7,1,[8 1],8,8,9,0,8
1,<environment.Job instance at 0x7f61e09ce6e0>,16,21,[10  4],17,21,42,4,21
1,<environment.Job instance at 0x7f61e109feb0>,20,1,[8 3],21,42,43,21,29
1,<environment.Job instance at 0x7f61e10aca50>,25,23,[7 3],26,42,65,16,36
1,<environment.Job instance at 0x7f61e10ac370>,27,20,[8 3],28,43,63,15,36
1,<environment.Job instance at 0x7f61e10ac460>,29,22,[9 1],30,65,87,35,58
1,<environment.Job instance at 0x7f62246dff50>,47,1,[1 9],48,113,114,65,113
1,<environment.Job instance at 0x7f62246dfe60>,49,2,[10  5],50,113,115,63,113
1,<environment.Job instance at 0x7f622b7a5780>,50,1,[5 8],51,114,115,63,113
1,<environment.Job instance at 0x7f622b7a5e60>,52,26,[9 3],53,123,149,70,123
1,<environment.Job instance at 0x7f6224b7f7d0>,56,3,[12  4],57,149,152,92,149
1,<environment.Job instance at 0x7f62247bb410>,58,1,[5 9],59,152,153,93,149
1,<environment.Job instance at 0x7f6224b7faa0>,59,2,[ 1 10],60,149,151,89,149
1,<environment.Job instance at 0x7f6224ba53c0>,64,2,[ 4 10],65,165,167,100,165
1,<environment.Job instance at 0x7f61e121c4b0>,67,22,[6 4],68,182,204,114,182
1,<environment.Job instance at 0x7f6224b870a0>,69,2,[1 6],70,184,186,114,184
1,<environment.Job instance at 0x7f6224b93460>,72,2,[4 8],73,196,198,123,196
1,<environment.Job instance at 0x7f6224b93be0>,73,2,[10  3],74,204,206,130,196
1,<environment.Job instance at 0x7f6224a67d20>,75,3,[10  5],76,216,219,140,216
1,<environment.Job instance at 0x7f61e1221d70>,79,2,[5 2],80,262,264,182,262
1,<environment.Job instance at 0x7f6224c54910>,80,2,[1 6],81,262,264,181,262
1,<environment.Job instance at 0x7f61e12131e0>,85,19,[10  1],86,310,329,224,310
1,<environment.Job instance at 0x7f61e1213d70>,87,2,[ 3 10],88,315,317,227,315
1,<environment.Job instance at 0x7f61e0e958c0>,88,23,[1 5],89,317,340,228,315
1,<environment.Job instance at 0x7f61e0e95c80>,89,2,[12  2],90,329,331,239,315
1,<environment.Job instance at 0x7f622b54fb40>,96,2,[5 1],97,358,360,261,358
1,<environment.Job instance at 0x7f6224c195a0>,97,20,[5 3],98,358,378,260,358
1,<environment.Job instance at 0x7f6224a4a280>,102,3,[3 8],103,372,375,269,372
1,<environment.Job instance at 0x7f61e0bd7a50>,104,1,[4 6],105,385,386,280,385
1,<environment.Job instance at 0x7f6224b7daf0>,4,1,[8 2],5,5,6,0,5
1,<environment.Job instance at 0x7f61e0bcea00>,5,3,[14  3],6,7,10,1,7
1,<environment.Job instance at 0x7f61e0abffa0>,8,3,[ 2 10],9,10,13,1,9
1,<environment.Job instance at 0x7f61e0999cd0>,9,1,[8 3],10,10,11,0,10
1,<environment.Job instance at 0x7f61e0999e60>,10,3,[8 1],11,11,14,0,11
1,<environment.Job instance at 0x7f622b1501e0>,14,1,[10  2],15,19,20,4,19
1,<environment.Job instance at 0x7f61e094c230>,15,27,[1 5],16,19,46,3,19
1,<environment.Job instance at 0x7f61e09f2960>,17,2,[ 1 10],18,24,26,6,24
1,<environment.Job instance at 0x7f61e09f21e0>,18,1,[4 7],19,26,27,7,24
1,<environment.Job instance at 0x7f622be48410>,19,3,[13  3],20,27,30,7,25
1,<environment.Job instance at 0x7f622b1fdfa0>,24,3,[5 1],25,44,47,19,44
1,<environment.Job instance at 0x7f6224ca90f0>,26,1,[10  1],27,51,52,24,51
1,<environment.Job instance at 0x7f61e0d60910>,31,21,[8 4],32,77,98,45,77
1,<environment.Job instance at 0x7f62247b58c0>,33,3,[6 5],34,77,80,43,77
1,<environment.Job instance at 0x7f62247b50a0>,34,3,[6 4],35,80,83,45,77
1,<environment.Job instance at 0x7f622b2a3b90>,35,18,[4 5],36,83,101,47,77
1,<environment.Job instance at 0x7f61e11bd8c0>,39,1,[1 7],40,98,99,58,97
1,<environment.Job instance at 0x7f61e11bde10>,41,3,[4 7],42,99,102,57,97
1,<environment.Job instance at 0x7f61e11b72d0>,43,2,[4 5],44,101,103,57,98
1,<environment.Job instance at 0x7f62248bc320>,44,20,[8 2],45,102,122,57,98
1,<environment.Job instance at 0x7f62247f20a0>,46,2,[4 7],47,104,106,57,104
1,<environment.Job instance at 0x7f62247e01e0>,48,3,[8 2],49,122,125,73,104
1,<environment.Job instance at 0x7f62249ce500>,50,21,[10  5],51,125,146,74,117
1,<environment.Job instance at 0x7f6224763190>,51,2,[5 3],52,117,119,65,117
1,<environment.Job instance at 0x7f62249ce820>,52,2,[5 5],53,119,121,66,117
1,<environment.Job instance at 0x7f62249ce0a0>,53,19,[7 1],54,146,165,92,136
1,<environment.Job instance at 0x7f6224bb98c0>,55,1,[ 3 11],56,146,147,90,136
1,<environment.Job instance at 0x7f6224d8cd70>,56,2,[9 2],57,165,167,108,138
1,<environment.Job instance at 0x7f62249cea50>,57,2,[4 6],58,138,140,80,138
1,<environment.Job instance at 0x7f61e097cbe0>,58,2,[ 5 10],59,140,142,81,138
1,<environment.Job instance at 0x7f61e097caa0>,59,2,[9 2],60,167,169,107,140
1,<environment.Job instance at 0x7f61e097c230>,63,2,[2 8],64,143,145,79,143
1,<environment.Job instance at 0x7f61e097cdc0>,65,1,[4 8],66,145,146,79,143
1,<environment.Job instance at 0x7f61e097cb90>,66,23,[ 1 13],67,147,170,80,143
1,<environment.Job instance at 0x7f61e097cc80>,67,2,[ 2 11],68,170,172,102,166
1,<environment.Job instance at 0x7f61e097c730>,70,3,[8 2],71,169,172,98,166
1,<environment.Job instance at 0x7f61e097ce10>,73,1,[5 5],74,172,173,98,166
1,<environment.Job instance at 0x7f61e11c5a50>,74,24,[7 3],75,172,196,97,167
1,<environment.Job instance at 0x7f61e11c5b90>,76,21,[5 3],77,173,194,96,167
1,<environment.Job instance at 0x7f61e100dd20>,77,22,[1 9],78,173,195,95,167
1,<environment.Job instance at 0x7f6224d5d780>,0,3,[13  5],1,196,199,195,195
1,<environment.Job instance at 0x7f622b551960>,82,2,[6 5],83,199,201,116,195
1,<environment.Job instance at 0x7f622b551d70>,85,27,[2 8],86,195,222,109,195
1,<environment.Job instance at 0x7f61e0f2f5a0>,86,2,[3 7],87,201,203,114,195
1,<environment.Job instance at 0x7f622b551280>,88,1,[9 4],89,207,208,118,207
1,<environment.Job instance at 0x7f622b551fa0>,89,1,[ 4 13],90,222,223,132,207
1,<environment.Job instance at 0x7f61e109cc30>,91,1,[10  1],92,210,211,118,210
1,<environment.Job instance at 0x7f61e109c6e0>,92,24,[5 7],93,223,247,130,218
1,<environment.Job instance at 0x7f61e0e4fe60>,93,3,[4 8],94,223,226,129,218
1,<environment.Job instance at 0x7f61e0e4f050>,94,1,[4 6],95,218,219,123,218
1,<environment.Job instance at 0x7f61e0e4f500>,95,2,[4 5],96,219,221,123,218
1,<environment.Job instance at 0x7f61e1106140>,97,1,[ 3 10],98,247,248,149,222
1,<environment.Job instance at 0x7f61e1106d20>,98,1,[4 5],99,226,227,127,222
1,<environment.Job instance at 0x7f61e1106280>,99,23,[6 1],100,226,249,126,222
1,<environment.Job instance at 0x7f61e119dd20>,100,1,[11  4],101,249,250,148,222
1,<environment.Job instance at 0x7f61e119d050>,101,1,[5 7],102,248,249,146,222
1,<environment.Job instance at 0x7f61e0fd7e10>,106,23,[ 2 10],107,249,272,142,243
1,<environment.Job instance at 0x7f622b22e910>,111,2,[11  4],112,261,263,149,261
1,<environment.Job instance at 0x7f622b22ecd0>,112,3,[14  5],113,272,275,159,267
1,<environment.Job instance at 0x7f622b551820>,84,19,[ 5 12],85,275,294,190,275
1,<environment.Job instance at 0x7f622b22e320>,127,3,[1 5],128,295,298,167,295
1,<environment.Job instance at 0x7f622b5af050>,131,2,[ 1 10],132,322,324,190,322
1,<environment.Job instance at 0x7f622b5af780>,134,1,[6 3],135,325,326,190,325
1,<environment.Job instance at 0x7f622b5afa50>,136,26,[5 7],137,333,359,196,333
1,<environment.Job instance at 0x7f622b5af690>,137,2,[1 6],138,333,335,195,333
1,<environment.Job instance at 0x7f622b5af140>,138,3,[10  2],139,335,338,196,333
1,<environment.Job instance at 0x7f6224b6f500>,146,3,[ 4 11],147,381,384,234,381
1,<environment.Job instance at 0x7f61e0e5f690>,1,23,[8 4],2,2,25,0,2
1,<environment.Job instance at 0x7f622b18b280>,6,2,[ 2 12],7,26,28,19,26
1,<environment.Job instance at 0x7f61e097c7d0>,15,27,[6 2],16,26,53,10,26
1,<environment.Job instance at 0x7f61e1106190>,18,3,[ 3 12],19,33,36,14,33
1,<environment.Job instance at 0x7f622b18b870>,4,3,[11  3],5,53,56,48,35
1,<environment.Job instance at 0x7f61e10b1be0>,24,3,[8 2],25,44,47,19,44
1,<environment.Job instance at 0x7f61e10b1820>,27,3,[6 1],28,56,59,28,54
1,<environment.Job instance at 0x7f61e10b13c0>,32,3,[1 9],33,64,67,31,64
1,<environment.Job instance at 0x7f61e10b1320>,33,1,[6 2],34,64,65,30,64
1,<environment.Job instance at 0x7f61e10b15a0>,34,2,[1 8],35,67,69,32,64
1,<environment.Job instance at 0x7f61e10b1050>,35,1,[ 4 14],36,69,70,33,64
1,<environment.Job instance at 0x7f6224866e60>,36,3,[6 5],37,65,68,28,64
1,<environment.Job instance at 0x7f6224866c80>,38,2,[2 7],39,70,72,31,64
1,<environment.Job instance at 0x7f6224866cd0>,41,1,[4 6],42,68,69,26,64
1,<environment.Job instance at 0x7f6224866550>,43,2,[2 7],44,73,75,29,73
1,<environment.Job instance at 0x7f6224866d70>,44,18,[7 1],45,73,91,28,73
1,<environment.Job instance at 0x7f6224866c30>,45,2,[10  4],46,91,93,45,73
1,<environment.Job instance at 0x7f62248667d0>,47,1,[10  4],48,93,94,45,75
1,<environment.Job instance at 0x7f6224d90b90>,48,1,[2 9],49,75,76,26,75
1,<environment.Job instance at 0x7f6224d90eb0>,49,22,[14  5],50,94,116,44,87
1,<environment.Job instance at 0x7f6224d90820>,57,1,[10  4],58,119,120,61,119
1,<environment.Job instance at 0x7f62247115a0>,58,22,[10  4],59,120,142,61,119
1,<environment.Job instance at 0x7f6224711050>,61,21,[5 8],62,124,145,62,124
1,<environment.Job instance at 0x7f6224711f50>,67,25,[6 5],68,142,167,74,138
1,<environment.Job instance at 0x7f61e096f910>,75,1,[1 9],76,168,169,92,168
1,<environment.Job instance at 0x7f61e096f640>,76,2,[1 9],77,169,171,92,168
1,<environment.Job instance at 0x7f61e096f370>,78,25,[5 7],79,174,199,95,174
1,<environment.Job instance at 0x7f61e096f0f0>,80,3,[5 1],81,195,198,114,195
1,<environment.Job instance at 0x7f61e09e80f0>,83,2,[1 5],84,195,197,111,195
1,<environment.Job instance at 0x7f61e09e8af0>,84,3,[7 2],85,198,201,113,195
1,<environment.Job instance at 0x7f61e09e8370>,86,1,[7 2],87,199,200,112,195
1,<environment.Job instance at 0x7f61e09e8550>,88,3,[12  5],89,201,204,112,198
1,<environment.Job instance at 0x7f61e09e8fa0>,89,1,[8 4],90,200,201,110,198
1,<environment.Job instance at 0x7f61e09c9500>,94,3,[9 3],95,225,228,130,225
1,<environment.Job instance at 0x7f61e09c9be0>,95,26,[14  3],96,228,254,132,225
1,<environment.Job instance at 0x7f61e09c95a0>,97,28,[6 3],98,254,282,156,253
1,<environment.Job instance at 0x7f61e09c90f0>,99,1,[2 6],100,254,255,154,254
1,<environment.Job instance at 0x7f61e09c9f50>,101,19,[3 6],102,255,274,153,255
1,<environment.Job instance at 0x7f61e09c93c0>,106,2,[14  2],107,282,284,175,269
1,<environment.Job instance at 0x7f61e09c9640>,107,3,[13  2],108,284,287,176,274
1,<environment.Job instance at 0x7f61e09c9af0>,108,1,[5 2],109,274,275,165,274
1,<environment.Job instance at 0x7f6224b48230>,110,1,[3 6],111,276,277,165,276
1,<environment.Job instance at 0x7f6224b48af0>,111,19,[3 9],112,287,306,175,277
1,<environment.Job instance at 0x7f6224b48870>,114,2,[9 3],115,287,289,172,281
1,<environment.Job instance at 0x7f6224b48690>,121,1,[1 6],122,327,328,205,327
1,<environment.Job instance at 0x7f6224b48c30>,122,25,[2 8],123,327,352,204,327
1,<environment.Job instance at 0x7f62247e4780>,0,20,[7 1],1,1,21,0,1
1,<environment.Job instance at 0x7f6224b48e60>,2,1,[9 3],3,21,22,18,5
1,<environment.Job instance at 0x7f622b18b5a0>,1,1,[12  2],2,22,23,20,9
1,<environment.Job instance at 0x7f61e0957280>,17,1,[10  1],18,23,24,5,18
1,<environment.Job instance at 0x7f622b5fb0f0>,20,23,[ 1 12],21,21,44,0,21
1,<environment.Job instance at 0x7f622b5fb190>,22,28,[1 7],23,44,72,21,43
1,<environment.Job instance at 0x7f622b5fbfa0>,25,26,[ 4 10],26,72,98,46,69
1,<environment.Job instance at 0x7f61e0ae4370>,29,22,[12  5],30,98,120,68,91
1,<environment.Job instance at 0x7f622b0cddc0>,34,27,[3 7],35,98,125,63,96
1,<environment.Job instance at 0x7f6224985730>,47,2,[10  4],48,131,133,83,131
1,<environment.Job instance at 0x7f61e11ad820>,48,19,[5 8],49,131,150,82,131
1,<environment.Job instance at 0x7f61e11ade60>,51,2,[8 5],52,145,147,93,145
1,<environment.Job instance at 0x7f61e0fbed70>,55,3,[5 4],56,174,177,118,174
1,<environment.Job instance at 0x7f61e112a550>,56,2,[5 6],57,174,176,117,174
1,<environment.Job instance at 0x7f61e10ba780>,59,1,[2 8],60,183,184,123,183
1,<environment.Job instance at 0x7f61e10ba4b0>,60,2,[10  3],61,183,185,122,183
1,<environment.Job instance at 0x7f61e10ba410>,61,3,[10  4],62,185,188,123,183
1,<environment.Job instance at 0x7f61e0f984b0>,63,1,[4 7],64,184,185,120,183
1,<environment.Job instance at 0x7f61e0fcad20>,67,28,[8 3],68,201,229,133,201
1,<environment.Job instance at 0x7f61e0fcadc0>,68,1,[8 4],69,229,230,160,201
1,<environment.Job instance at 0x7f61e0fca5a0>,70,19,[3 8],71,209,228,138,209
1,<environment.Job instance at 0x7f61e0fca320>,72,22,[13  5],73,230,252,157,223
1,<environment.Job instance at 0x7f61e0fca190>,73,28,[10  5],74,252,280,178,251
1,<environment.Job instance at 0x7f61e0f21dc0>,77,27,[3 7],78,252,279,174,251
1,<environment.Job instance at 0x7f61e1020320>,84,17,[5 2],85,280,297,195,280
1,<environment.Job instance at 0x7f61e10207d0>,85,3,[5 9],86,280,283,194,280
1,<environment.Job instance at 0x7f6224893550>,86,27,[13  1],87,297,324,210,295
1,<environment.Job instance at 0x7f61e1034320>,95,25,[2 7],96,297,322,201,297
1,<environment.Job instance at 0x7f61e1208cd0>,99,16,[ 1 10],100,323,339,223,323
1,<environment.Job instance at 0x7f61e12083c0>,100,2,[10  4],101,324,326,223,323
1,<environment.Job instance at 0x7f61e0855190>,102,2,[4 8],103,339,341,236,329
1,<environment.Job instance at 0x7f61e1172370>,103,3,[10  2],104,329,332,225,329
1,<environment.Job instance at 0x7f61e0f2ad20>,104,2,[9 1],105,332,334,227,329
1,<environment.Job instance at 0x7f62249f1780>,105,1,[7 1],106,334,335,228,329
1,<environment.Job instance at 0x7f62249f1690>,106,1,[6 4],107,334,335,227,329
1,<environment.Job instance at 0x7f61e0f26be0>,108,2,[3 8],109,341,343,232,334
1,<environment.Job instance at 0x7f61e0f26320>,109,3,[ 1 10],110,343,346,233,334
1,<environment.Job instance at 0x7f61e0f331e0>,111,1,[5 8],112,346,347,234,342
1,<environment.Job instance at 0x7f61e0f332d0>,112,2,[8 4],113,342,344,229,342
1,<environment.Job instance at 0x7f61e0f33190>,113,2,[7 1],114,344,346,230,342
1,<environment.Job instance at 0x7f61e0f33d70>,115,1,[7 4],116,344,345,228,342
1,<environment.Job instance at 0x7f61e0f33280>,116,1,[5 9],117,347,348,230,342
1,<environment.Job instance at 0x7f61e0f33eb0>,117,2,[5 5],118,346,348,228,342
1,<environment.Job instance at 0x7f622b2ccaf0>,120,13,[2 8],121,353,366,232,353
1,<environment.Job instance at 0x7f622b2cc870>,121,26,[6 3],122,353,379,231,353
1,<environment.Job instance at 0x7f622b2ccd70>,124,1,[5 7],125,366,367,241,366
1,<environment.Job instance at 0x7f622b2ccb90>,125,3,[2 5],126,366,369,240,366
1,<environment.Job instance at 0x7f6224ba4b90>,127,1,[ 5 12],128,371,372,243,371
1,<environment.Job instance at 0x7f622b2cca50>,128,1,[ 2 10],129,372,373,243,371
1,<environment.Job instance at 0x7f622b2cc140>,129,3,[12  2],130,379,382,249,371
1,<environment.Job instance at 0x7f622b2bb370>,130,14,[5 1],131,382,396,251,377
1,<environment.Job instance at 0x7f622b2bbeb0>,131,3,[11  1],132,396,399,264,377
1,<environment.Job instance at 0x7f622b2bb460>,133,1,[10  2],134,383,384,249,383
1,<environment.Job instance at 0x7f622b2bb4b0>,134,2,[8 5],135,384,386,249,383
1,<environment.Job instance at 0x7f6224bb4aa0>,135,27,[8 5],136,399,426,263,397
1,<environment.Job instance at 0x7f622b2bbc30>,136,22,[9 5],137,426,448,289,419
1,<environment.Job instance at 0x7f61e099e7d0>,138,24,[7 4],139,448,472,309,443
1,<environment.Job instance at 0x7f61e099e960>,140,1,[9 3],141,472,473,331,444
1,<environment.Job instance at 0x7f622b2f26e0>,142,1,[ 3 10],143,444,445,301,444
1,<environment.Job instance at 0x7f622b2f2960>,144,1,[5 4],145,445,446,300,444
1,<environment.Job instance at 0x7f622b2f22d0>,146,2,[7 5],147,448,450,301,444
1,<environment.Job instance at 0x7f622b0cd730>,1,24,[ 3 14],2,3,27,1,3
1,<environment.Job instance at 0x7f6224ba5fa0>,10,20,[9 2],11,27,47,16,18
1,<environment.Job instance at 0x7f622b632a00>,16,26,[ 4 10],17,27,53,10,24
1,<environment.Job instance at 0x7f6224b5a5f0>,24,19,[1 7],25,58,77,33,58
1,<environment.Job instance at 0x7f61e0a142d0>,26,25,[ 3 12],27,77,102,50,73
1,<environment.Job instance at 0x7f61e0fd95a0>,34,25,[7 4],35,102,127,67,98
1,<environment.Job instance at 0x7f61e0fd9e10>,35,22,[9 2],36,127,149,91,120
1,<environment.Job instance at 0x7f61e0fd9b90>,36,28,[6 2],37,120,148,83,120
1,<environment.Job instance at 0x7f61e0fd91e0>,40,1,[ 2 11],41,150,151,109,150
1,<environment.Job instance at 0x7f622b3f93c0>,41,21,[7 2],42,150,171,108,150
1,<environment.Job instance at 0x7f622b7fd8c0>,21,3,[ 2 12],22,161,164,139,161
1,<environment.Job instance at 0x7f622b3f9eb0>,43,22,[10  1],44,171,193,127,164
1,<environment.Job instance at 0x7f622b3f9a00>,48,1,[8 1],49,193,194,144,171
1,<environment.Job instance at 0x7f61e0ec2f50>,2,24,[2 9],3,3,27,0,3
1,<environment.Job instance at 0x7f6224c4e460>,8,1,[ 2 10],9,27,28,18,19
1,<environment.Job instance at 0x7f6224c4ee10>,15,1,[5 5],16,20,21,4,20
1,<environment.Job instance at 0x7f6224c4e7d0>,19,20,[5 3],20,35,55,15,35
1,<environment.Job instance at 0x7f61e0b1c500>,20,2,[7 1],21,35,37,14,35
1,<environment.Job instance at 0x7f61e0b1caa0>,22,1,[ 1 10],23,43,44,20,43
1,<environment.Job instance at 0x7f61e0b1c8c0>,23,2,[ 4 10],24,44,46,20,43
1,<environment.Job instance at 0x7f61e0b1c3c0>,25,23,[1 8],26,51,74,25,51
1,<environment.Job instance at 0x7f61e0b1ce60>,26,3,[3 8],27,74,77,47,51
1,<environment.Job instance at 0x7f61e0b1c230>,27,3,[3 5],28,55,58,27,51
1,<environment.Job instance at 0x7f61e0b1cf00>,30,1,[4 6],31,58,59,27,58
1,<environment.Job instance at 0x7f61e0b1caf0>,31,1,[2 7],32,59,60,27,58
1,<environment.Job instance at 0x7f61e0b1c0a0>,32,3,[ 5 13],33,77,80,44,59
1,<environment.Job instance at 0x7f61e09884b0>,36,1,[8 5],37,80,81,43,77
1,<environment.Job instance at 0x7f61e094deb0>,38,19,[3 9],39,84,103,45,84
1,<environment.Job instance at 0x7f61e094d140>,40,3,[2 6],41,87,90,46,87
1,<environment.Job instance at 0x7f61e094d6e0>,42,1,[10  2],43,90,91,47,87
1,<environment.Job instance at 0x7f61e094d780>,44,26,[8 5],45,91,117,46,90
1,<environment.Job instance at 0x7f61e0d4df00>,50,22,[6 2],51,104,126,53,104
1,<environment.Job instance at 0x7f61e0d4d820>,52,3,[9 1],53,119,122,66,119
1,<environment.Job instance at 0x7f61e0d4dd70>,53,24,[3 7],54,122,146,68,119
1,<environment.Job instance at 0x7f61e0d4d910>,57,3,[5 6],58,139,142,81,139
1,<environment.Job instance at 0x7f61e0d4d190>,60,3,[ 4 10],61,146,149,85,140
1,<environment.Job instance at 0x7f6224d3bfa0>,61,3,[14  4],62,149,152,87,144
1,<environment.Job instance at 0x7f6224d3be60>,64,1,[10  5],65,144,145,79,144
1,<environment.Job instance at 0x7f6224d3b230>,67,2,[9 2],68,158,160,90,158
1,<environment.Job instance at 0x7f6224d3bf00>,69,3,[10  4],70,174,177,104,174
1,<environment.Job instance at 0x7f6224d3b410>,72,2,[2 8],73,186,188,113,186
1,<environment.Job instance at 0x7f6224b180a0>,74,1,[8 4],75,200,201,125,200
1,<environment.Job instance at 0x7f6224b182d0>,75,25,[ 4 10],76,200,225,124,200
1,<environment.Job instance at 0x7f6224b18960>,80,1,[10  3],81,215,216,134,215
1,<environment.Job instance at 0x7f6224b18d20>,81,3,[5 3],82,216,219,134,215
1,<environment.Job instance at 0x7f6224b180f0>,82,2,[3 7],83,225,227,142,215
1,<environment.Job instance at 0x7f6224b188c0>,84,3,[4 6],85,225,228,140,218
1,<environment.Job instance at 0x7f6224b18280>,85,2,[5 8],86,227,229,141,219
1,<environment.Job instance at 0x7f61e0eaae60>,88,2,[ 5 11],89,244,246,155,244
1,<environment.Job instance at 0x7f61e0eaafa0>,89,2,[ 3 10],90,246,248,156,244
1,<environment.Job instance at 0x7f61e0eaab40>,91,27,[4 5],92,253,280,161,253
1,<environment.Job instance at 0x7f61e0eaa6e0>,96,27,[10  5],97,268,295,171,268
1,<environment.Job instance at 0x7f622b40de10>,103,2,[2 6],104,303,305,199,303
1,<environment.Job instance at 0x7f622b40d190>,104,2,[4 8],105,303,305,198,303
1,<environment.Job instance at 0x7f622b4aeeb0>,8,27,[9 1],9,9,36,0,9
1,<environment.Job instance at 0x7f622b4ae410>,13,27,[6 5],14,14,41,0,14
1,<environment.Job instance at 0x7f622b4ae870>,12,22,[8 5],13,36,58,23,29
1,<environment.Job instance at 0x7f622b4aecd0>,15,26,[6 1],16,41,67,25,38
1,<environment.Job instance at 0x7f622b4dd870>,20,26,[4 5],21,58,84,37,55
1,<environment.Job instance at 0x7f622b4dd1e0>,26,3,[2 6],27,64,67,37,64
1,<environment.Job instance at 0x7f622b4dd2d0>,29,23,[4 6],30,78,101,48,78
1,<environment.Job instance at 0x7f622b4dd050>,30,1,[ 2 14],31,101,102,70,80
1,<environment.Job instance at 0x7f622b4ddf50>,33,2,[5 8],34,84,86,50,80
1,<environment.Job instance at 0x7f622b4db280>,37,1,[9 1],38,97,98,59,97
1,<environment.Job instance at 0x7f622b4dbf50>,41,2,[1 6],42,107,109,65,107
1,<environment.Job instance at 0x7f622b4ddeb0>,25,18,[8 2],26,111,129,85,111
1,<environment.Job instance at 0x7f622b4dbe60>,46,1,[7 2],47,125,126,78,125
1,<environment.Job instance at 0x7f61e0979f50>,47,25,[9 5],48,129,154,81,125
1,<environment.Job instance at 0x7f61e0979e10>,48,2,[ 1 13],49,126,128,77,125
1,<environment.Job instance at 0x7f61e0979730>,49,2,[5 8],50,128,130,78,125
1,<environment.Job instance at 0x7f61e0979320>,51,1,[2 5],52,131,132,79,131
1,<environment.Job instance at 0x7f61e0979370>,52,2,[3 7],53,132,134,79,131
1,<environment.Job instance at 0x7f61e09791e0>,53,1,[6 3],54,134,135,80,131
1,<environment.Job instance at 0x7f61e0979190>,56,2,[6 3],57,146,148,89,146
1,<environment.Job instance at 0x7f61e0989280>,59,1,[8 4],60,162,163,102,162
1,<environment.Job instance at 0x7f61e0989410>,64,2,[6 5],65,177,179,112,177
1,<environment.Job instance at 0x7f61e09699b0>,67,2,[ 1 11],68,194,196,126,194
1,<environment.Job instance at 0x7f61e09698c0>,68,27,[4 6],69,196,223,127,194
1,<environment.Job instance at 0x7f61e09690f0>,69,2,[5 9],70,196,198,126,194
1,<environment.Job instance at 0x7f61e09691e0>,70,2,[5 1],71,194,196,123,194
1,<environment.Job instance at 0x7f61e0969820>,71,1,[10  5],72,198,199,126,194
1,<environment.Job instance at 0x7f61e0969dc0>,72,3,[1 6],73,199,202,126,194
1,<environment.Job instance at 0x7f61e0969d20>,75,1,[2 9],76,217,218,141,217
1,<environment.Job instance at 0x7f61e0969730>,76,3,[1 5],77,218,221,141,217
1,<environment.Job instance at 0x7f61e0969690>,77,1,[5 4],78,218,219,140,217
1,<environment.Job instance at 0x7f61e0969f50>,79,3,[7 3],80,219,222,139,217
1,<environment.Job instance at 0x7f61e0969a50>,80,2,[5 2],81,222,224,141,217
1,<environment.Job instance at 0x7f61e097f2d0>,84,2,[9 2],85,231,233,146,231
1,<environment.Job instance at 0x7f61e097f0f0>,85,18,[5 8],86,234,252,148,234
1,<environment.Job instance at 0x7f61e097fe60>,86,3,[ 2 10],87,252,255,165,234
1,<environment.Job instance at 0x7f61e097ffa0>,88,1,[2 6],89,247,248,158,247
1,<environment.Job instance at 0x7f61e097f4b0>,90,26,[ 5 14],91,255,281,164,252
1,<environment.Job instance at 0x7f828d13e820>,10,1,[7 3],11,17,18,6,17
1,<environment.Job instance at 0x7f828d13e640>,11,2,[3 9],12,17,19,5,17
1,<environment.Job instance at 0x7f828d13e7d0>,12,3,[6 3],13,19,22,6,19
1,<environment.Job instance at 0x7f828d13eaa0>,15,3,[10  2],16,31,34,15,31
1,<environment.Job instance at 0x7f828d13edc0>,17,3,[10  3],18,41,44,23,41
1,<environment.Job instance at 0x7f828d13efa0>,20,1,[3 7],21,60,61,39,60
1,<environment.Job instance at 0x7f828d13ef00>,21,3,[ 2 10],22,63,66,41,63
1,<environment.Job instance at 0x7f828d1410a0>,22,2,[12  3],23,63,65,40,63
1,<environment.Job instance at 0x7f828d1411e0>,24,3,[5 9],25,66,69,41,63
1,<environment.Job instance at 0x7f828d141280>,25,3,[1 6],26,66,69,40,63
1,<environment.Job instance at 0x7f828d141320>,26,22,[2 9],27,69,91,42,63
1,<environment.Job instance at 0x7f828d141640>,30,1,[5 5],31,70,71,39,70
1,<environment.Job instance at 0x7f828d141780>,33,2,[5 3],34,85,87,51,85
1,<environment.Job instance at 0x7f828d141aa0>,36,2,[5 1],37,97,99,60,97
1,<environment.Job instance at 0x7f828d141d20>,40,1,[1 8],41,112,113,71,112
1,<environment.Job instance at 0x7f828d141c80>,39,18,[5 8],40,123,141,83,123
1,<environment.Job instance at 0x7f828d144190>,43,28,[6 4],44,123,151,79,123
1,<environment.Job instance at 0x7f828d1447d0>,50,27,[9 1],51,141,168,90,139
1,<environment.Job instance at 0x7f828d144780>,52,3,[ 3 11],53,151,154,98,143
1,<environment.Job instance at 0x7f828d159460>,6,22,[11  3],7,7,29,0,7
1,<environment.Job instance at 0x7f828d159fa0>,15,25,[3 9],16,16,41,0,16
1,<environment.Job instance at 0x7f828d15ea00>,19,23,[2 8],20,41,64,21,35
1,<environment.Job instance at 0x7f828d160690>,26,26,[9 1],27,36,62,9,36
1,<environment.Job instance at 0x7f828d1590a0>,4,13,[1 9],5,69,82,64,69
1,<environment.Job instance at 0x7f828d161c80>,36,23,[5 8],37,82,105,45,76
1,<environment.Job instance at 0x7f828d161f50>,38,2,[ 3 10],39,105,107,66,78
1,<environment.Job instance at 0x7f82432911e0>,39,1,[10  3],40,80,81,40,80
1,<environment.Job instance at 0x7f828d0e3410>,40,2,[3 8],41,107,109,66,80
1,<environment.Job instance at 0x7f8243291780>,41,2,[12  1],42,105,107,63,82
1,<environment.Job instance at 0x7f8243291460>,43,27,[5 3],44,107,134,63,105
1,<environment.Job instance at 0x7f8243289370>,47,1,[1 6],48,109,110,61,106
1,<environment.Job instance at 0x7f8243289cd0>,48,22,[9 2],49,109,131,60,106
1,<environment.Job instance at 0x7f8243289a50>,49,3,[ 4 12],50,131,134,81,129
1,<environment.Job instance at 0x7f8243216820>,58,28,[7 4],59,154,182,95,154
1,<environment.Job instance at 0x7f8243216f00>,59,1,[9 2],60,182,183,122,154
1,<environment.Job instance at 0x7f8243216280>,60,2,[4 5],61,154,156,93,154
1,<environment.Job instance at 0x7f8243216a50>,62,1,[3 8],63,156,157,93,154
1,<environment.Job instance at 0x7f8243217500>,64,28,[9 1],65,183,211,118,182
1,<environment.Job instance at 0x7f824328be10>,67,1,[7 2],68,211,212,143,183
1,<environment.Job instance at 0x7f82432f8190>,76,3,[7 5],77,215,218,138,215
1,<environment.Job instance at 0x7f82432a6eb0>,77,3,[4 9],78,215,218,137,215
1,<environment.Job instance at 0x7f8243384320>,80,28,[7 3],81,233,261,152,233
1,<environment.Job instance at 0x7f824340ddc0>,85,3,[6 4],86,252,255,166,252
1,<environment.Job instance at 0x7f82433a3c80>,89,1,[8 3],90,272,273,182,272
1,<environment.Job instance at 0x7f8243380be0>,91,3,[1 8],92,287,290,195,287
1,<environment.Job instance at 0x7f8243380910>,95,2,[9 2],96,302,304,206,302
1,<environment.Job instance at 0x7f82433803c0>,96,2,[5 1],97,302,304,205,302
1,<environment.Job instance at 0x7f8243380320>,97,1,[1 7],98,302,303,204,302
1,<environment.Job instance at 0x7f82433804b0>,100,2,[8 3],101,312,314,211,312
1,<environment.Job instance at 0x7f82433b86e0>,102,2,[14  5],103,320,322,217,320
1,<environment.Job instance at 0x7f8243380e10>,103,21,[9 5],104,322,343,218,320
1,<environment.Job instance at 0x7f828d147730>,8,2,[1 7],9,9,11,0,9
1,<environment.Job instance at 0x7f828d156e60>,9,3,[8 4],10,10,13,0,10
1,<environment.Job instance at 0x7f828d47b230>,12,2,[6 1],13,13,15,0,13
1,<environment.Job instance at 0x7f82430deb90>,15,1,[5 7],16,16,17,0,16
1,<environment.Job instance at 0x7f82430de460>,17,2,[9 1],18,18,20,0,18
1,<environment.Job instance at 0x7f82430ded20>,22,20,[7 3],23,45,65,22,45
1,<environment.Job instance at 0x7f82437584b0>,23,1,[2 8],24,45,46,21,45
1,<environment.Job instance at 0x7f8243251960>,26,20,[6 2],27,55,75,28,55
1,<environment.Job instance at 0x7f828cf180a0>,27,2,[5 9],28,65,67,37,55
1,<environment.Job instance at 0x7f82431c0640>,29,1,[4 6],30,67,68,37,62
1,<environment.Job instance at 0x7f828e416140>,30,1,[2 5],31,62,63,31,62
1,<environment.Job instance at 0x7f828e416730>,33,1,[2 8],34,70,71,36,70
1,<environment.Job instance at 0x7f828cfd98c0>,39,22,[1 6],40,105,127,65,105
1,<environment.Job instance at 0x7f828cefd370>,40,1,[5 1],41,105,106,64,105
1,<environment.Job instance at 0x7f828cefd190>,41,25,[10  4],42,106,131,64,105
1,<environment.Job instance at 0x7f828cf1dcd0>,44,22,[1 9],45,127,149,82,120
1,<environment.Job instance at 0x7f828e40c7d0>,52,2,[6 3],53,142,144,89,142
1,<environment.Job instance at 0x7f828e40c2d0>,53,24,[3 6],54,144,168,90,142
1,<environment.Job instance at 0x7f828e40cd70>,54,2,[4 8],55,149,151,94,142
1,<environment.Job instance at 0x7f824315f8c0>,55,20,[3 8],56,151,171,95,142
1,<environment.Job instance at 0x7f824315f820>,57,27,[9 5],58,168,195,110,166
1,<environment.Job instance at 0x7f828e2c4d70>,63,2,[ 3 14],64,195,197,131,185
1,<environment.Job instance at 0x7f828e2c4e10>,64,2,[1 9],65,185,187,120,185
1,<environment.Job instance at 0x7f828e2c4f50>,66,21,[6 1],67,187,208,120,186
1,<environment.Job instance at 0x7f828cfa09b0>,69,1,[10  5],70,208,209,138,191
1,<environment.Job instance at 0x7f828e2c46e0>,71,2,[7 4],72,197,199,125,191
1,<environment.Job instance at 0x7f828cefe730>,74,3,[ 3 12],75,209,212,134,209
1,<environment.Job instance at 0x7f828d2c2b90>,75,27,[5 5],76,212,239,136,210
1,<environment.Job instance at 0x7f828e40feb0>,76,22,[2 8],77,212,234,135,210
1,<environment.Job instance at 0x7f828cefe0f0>,77,20,[5 2],78,210,230,132,210
1,<environment.Job instance at 0x7f828d14cb90>,1,24,[4 8],2,2,26,0,2
1,<environment.Job instance at 0x7f828da3e370>,11,1,[11  1],12,26,27,14,26
1,<environment.Job instance at 0x7f82434ecbe0>,18,3,[9 1],19,27,30,8,26
1,<environment.Job instance at 0x7f82434ece60>,20,19,[2 7],21,26,45,5,26
1,<environment.Job instance at 0x7f82434ec230>,21,24,[1 9],22,45,69,23,40
1,<environment.Job instance at 0x7f828e2c05f0>,27,23,[10  4],28,41,64,13,41
1,<environment.Job instance at 0x7f828db67c80>,33,3,[ 5 13],34,69,72,35,63
1,<environment.Job instance at 0x7f828dd31dc0>,37,1,[11  4],38,83,84,45,83
1,<environment.Job instance at 0x7f828dc96cd0>,38,1,[5 3],39,84,85,45,83
1,<environment.Job instance at 0x7f828dc96910>,34,13,[1 9],35,84,97,49,84
1,<environment.Job instance at 0x7f828d5b3500>,43,1,[8 5],44,102,103,58,102
1,<environment.Job instance at 0x7f828d8c4a50>,45,24,[10  2],46,110,134,64,110
1,<environment.Job instance at 0x7f828dcec140>,48,19,[1 6],49,128,147,79,128
1,<environment.Job instance at 0x7f828d8c44b0>,49,27,[14  1],50,134,161,84,132
1,<environment.Job instance at 0x7f82434e8960>,52,2,[11  4],53,161,163,108,160
1,<environment.Job instance at 0x7f828d24c820>,53,20,[5 7],54,163,183,109,160
1,<environment.Job instance at 0x7f828d2ac5a0>,56,27,[4 5],57,164,191,107,164
1,<environment.Job instance at 0x7f828d2acf50>,62,3,[11  3],63,185,188,122,185
1,<environment.Job instance at 0x7f828d2acb40>,63,18,[6 1],64,191,209,127,191
1,<environment.Job instance at 0x7f828d3e45f0>,65,1,[8 1],66,191,192,125,191
1,<environment.Job instance at 0x7f828d413c30>,67,2,[2 6],68,206,208,138,206
1,<environment.Job instance at 0x7f828d3e4910>,68,2,[5 5],69,206,208,137,206
1,<environment.Job instance at 0x7f828d413140>,69,1,[5 7],70,208,209,138,206
1,<environment.Job instance at 0x7f828d413e10>,70,3,[1 6],71,208,211,137,206
1,<environment.Job instance at 0x7f828d413be0>,72,3,[4 9],73,209,212,136,206
1,<environment.Job instance at 0x7f828d413460>,74,2,[10  3],75,218,220,143,218
1,<environment.Job instance at 0x7f828d942370>,9,23,[6 5],10,10,33,0,10
1,<environment.Job instance at 0x7f82433dce10>,8,2,[4 5],9,10,12,1,10
1,<environment.Job instance at 0x7f828d6ad460>,11,2,[5 7],12,12,14,0,12
1,<environment.Job instance at 0x7f828d583050>,13,1,[4 9],14,14,15,0,14
1,<environment.Job instance at 0x7f828d5836e0>,19,21,[1 9],20,20,41,0,20
1,<environment.Job instance at 0x7f828d583a00>,20,27,[6 4],21,33,60,12,31
1,<environment.Job instance at 0x7f828d583af0>,21,1,[11  4],22,60,61,38,33
1,<environment.Job instance at 0x7f828d5eef50>,25,3,[10  4],26,61,64,35,35
1,<environment.Job instance at 0x7f828d5ee140>,28,22,[7 5],29,64,86,35,57
1,<environment.Job instance at 0x7f828d5ee7d0>,32,24,[1 6],33,57,81,24,57
1,<environment.Job instance at 0x7f828d7935a0>,39,2,[9 1],40,86,88,46,80
1,<environment.Job instance at 0x7f828d793d70>,42,3,[1 9],43,92,95,49,92
1,<environment.Job instance at 0x7f828d7937d0>,43,13,[5 1],44,92,105,48,92
1,<environment.Job instance at 0x7f828d7931e0>,44,3,[ 2 12],45,95,98,50,92
1,<environment.Job instance at 0x7f828d793690>,45,2,[3 5],46,92,94,46,92
1,<environment.Job instance at 0x7f828d793b40>,47,2,[8 4],48,99,101,51,99
1,<environment.Job instance at 0x7f828d793780>,50,1,[9 4],51,105,106,54,105
1,<environment.Job instance at 0x7f828cfb4140>,51,2,[ 3 14],52,106,108,54,105
1,<environment.Job instance at 0x7f828cfb4dc0>,53,3,[10  3],54,108,111,54,106
1,<environment.Job instance at 0x7f828cfb2500>,54,3,[3 6],55,108,111,53,106
1,<environment.Job instance at 0x7f824356eeb0>,55,1,[8 4],56,111,112,55,106
1,<environment.Job instance at 0x7f8243573dc0>,57,27,[9 3],58,117,144,59,117
1,<environment.Job instance at 0x7f828cfc31e0>,68,24,[4 7],69,170,194,101,170
1,<environment.Job instance at 0x7f828cfd0640>,73,3,[4 7],74,197,200,123,197
1,<environment.Job instance at 0x7f828cfd0500>,76,2,[3 6],77,226,228,149,226
1,<environment.Job instance at 0x7f828cfd03c0>,78,2,[5 8],79,229,231,150,229
1,<environment.Job instance at 0x7f828cfd0e60>,79,3,[14  1],80,231,234,151,229
1,<environment.Job instance at 0x7f828cfd0050>,80,20,[4 6],81,234,254,153,229
1,<environment.Job instance at 0x7f828cfd0140>,81,2,[8 4],82,229,231,147,229
1,<environment.Job instance at 0x7f828cfd3050>,82,2,[8 4],83,234,236,151,229
1,<environment.Job instance at 0x7f8243785410>,7,2,[ 3 10],8,8,10,0,8
1,<environment.Job instance at 0x7f82437855a0>,10,19,[4 5],11,11,30,0,11
1,<environment.Job instance at 0x7f828dc65190>,15,1,[5 8],16,27,28,11,27
1,<environment.Job instance at 0x7f828dc65230>,17,2,[9 3],18,37,39,19,37
1,<environment.Job instance at 0x7f828dc65a00>,19,1,[5 4],20,37,38,17,37
1,<environment.Job instance at 0x7f828dc65e60>,20,23,[9 4],21,39,62,18,37
1,<environment.Job instance at 0x7f828dc65eb0>,21,21,[8 2],22,62,83,40,54
1,<environment.Job instance at 0x7f828dc65f50>,22,21,[5 7],23,54,75,31,54
1,<environment.Job instance at 0x7f828d87fbe0>,28,28,[10  4],29,83,111,54,82
1,<environment.Job instance at 0x7f828d1b3410>,39,1,[2 5],40,121,122,81,121
1,<environment.Job instance at 0x7f828d1b3cd0>,40,26,[4 9],41,121,147,80,121
1,<environment.Job instance at 0x7f828d1b3280>,41,1,[6 5],42,122,123,80,122
1,<environment.Job instance at 0x7f824375a960>,47,23,[5 3],48,148,171,100,148
1,<environment.Job instance at 0x7f828dba31e0>,53,24,[ 5 11],54,185,209,131,185
1,<environment.Job instance at 0x7f828dadcc80>,57,19,[1 5],58,209,228,151,204
1,<environment.Job instance at 0x7f82433dc500>,0,28,[ 2 14],1,1,29,0,1
1,<environment.Job instance at 0x7f828d2cd690>,1,28,[5 1],2,2,30,0,2
1,<environment.Job instance at 0x7f828dadcbe0>,13,23,[7 4],14,29,52,15,23
1,<environment.Job instance at 0x7f828db890a0>,23,3,[13  5],24,52,55,28,37
1,<environment.Job instance at 0x7f828db89eb0>,26,27,[5 2],27,55,82,28,53
1,<environment.Job instance at 0x7f828d406410>,30,22,[2 5],31,63,85,32,63
1,<environment.Job instance at 0x7f828d406d70>,31,1,[8 4],32,63,64,31,63
1,<environment.Job instance at 0x7f828d406eb0>,32,1,[2 5],33,64,65,31,63
1,<environment.Job instance at 0x7f828d73e960>,36,1,[2 6],37,76,77,39,76
1,<environment.Job instance at 0x7f828d0098c0>,40,1,[ 2 10],41,94,95,53,94
1,<environment.Job instance at 0x7f828dba6460>,41,2,[1 5],42,94,96,52,94
1,<environment.Job instance at 0x7f828d2004b0>,42,1,[9 5],43,95,96,52,94
1,<environment.Job instance at 0x7f828d5057d0>,44,28,[4 5],45,107,135,62,107
1,<environment.Job instance at 0x7f8243478aa0>,47,2,[ 5 13],48,135,137,87,114
1,<environment.Job instance at 0x7f8243478e60>,49,1,[4 5],50,122,123,72,122
1,<environment.Job instance at 0x7f82434787d0>,51,25,[10  1],52,127,152,75,127
1,<environment.Job instance at 0x7f824341cd70>,56,3,[5 1],57,151,154,94,151
1,<environment.Job instance at 0x7f824341c6e0>,57,1,[2 6],58,152,153,94,151
1,<environment.Job instance at 0x7f828d068550>,62,2,[1 7],63,179,181,116,179
1,<environment.Job instance at 0x7f828d71eaf0>,65,21,[9 3],66,191,212,125,191
1,<environment.Job instance at 0x7f828d71ee10>,67,25,[9 4],68,212,237,144,208
1,<environment.Job instance at 0x7f828d103b90>,76,18,[8 1],77,238,256,161,238
1,<environment.Job instance at 0x7f824329cd70>,77,2,[1 8],78,238,240,160,238
1,<environment.Job instance at 0x7f824334c640>,79,28,[6 1],80,238,266,158,238
1,<environment.Job instance at 0x7f824334cd20>,83,1,[8 5],84,257,258,173,257
1,<environment.Job instance at 0x7f824334c730>,85,3,[7 5],86,263,266,177,263
1,<environment.Job instance at 0x7f828d1d7140>,88,18,[5 3],89,273,291,184,273
1,<environment.Job instance at 0x7f82436d94b0>,93,24,[5 3],94,301,325,207,301
1,<environment.Job instance at 0x7f828d464aa0>,95,1,[5 9],96,310,311,214,310
1,<environment.Job instance at 0x7f828d1e6730>,97,2,[11  4],98,325,327,227,312
1,<environment.Job instance at 0x7f824373b230>,100,3,[8 3],101,327,330,226,323
1,<environment.Job instance at 0x7f828d0df6e0>,101,28,[9 4],102,330,358,228,329
1,<environment.Job instance at 0x7f828d0df230>,102,2,[3 6],103,329,331,226,329
1,<environment.Job instance at 0x7f828d74ed20>,106,1,[6 3],107,361,362,254,361
1,<environment.Job instance at 0x7f828d0f6410>,108,19,[ 3 11],109,386,405,277,386
1,<environment.Job instance at 0x7f82432fb500>,115,3,[5 3],116,415,418,299,415
1,<environment.Job instance at 0x7f82432fb2d0>,116,21,[5 5],117,415,436,298,415
1,<environment.Job instance at 0x7f82432fb370>,121,1,[4 5],122,467,468,345,467
1,<environment.Job instance at 0x7f82432fb8c0>,122,3,[8 1],123,467,470,344,467
1,<environment.Job instance at 0x7f82434ee230>,126,1,[ 4 10],127,484,485,357,484
1,<environment.Job instance at 0x7f82434eef50>,3,1,[2 6],4,4,5,0,4
1,<environment.Job instance at 0x7f828d808f00>,7,24,[5 9],8,8,32,0,8
1,<environment.Job instance at 0x7f828d2cd780>,11,28,[3 6],12,12,40,0,12
1,<environment.Job instance at 0x7f828d2ad960>,19,26,[2 6],20,32,58,12,29
1,<environment.Job instance at 0x7f828d2ade60>,20,20,[9 3],21,32,52,11,29
1,<environment.Job instance at 0x7f828d2ad870>,24,2,[6 1],25,52,54,27,51
1,<environment.Job instance at 0x7f828dce09b0>,27,1,[ 1 13],28,58,59,30,58
1,<environment.Job instance at 0x7f828dce0640>,28,26,[8 2],29,58,84,29,58
1,<environment.Job instance at 0x7f828dce0500>,31,1,[5 4],32,59,60,27,58
1,<environment.Job instance at 0x7f828dce0690>,35,25,[ 3 14],36,84,109,48,80
1,<environment.Job instance at 0x7f828d51d960>,40,2,[4 6],41,109,111,68,93
1,<environment.Job instance at 0x7f828d51dcd0>,41,3,[ 4 13],42,111,114,69,94
1,<environment.Job instance at 0x7f828d51df50>,44,27,[13  3],45,114,141,69,112
1,<environment.Job instance at 0x7f828d0795a0>,51,2,[3 9],52,141,143,89,123
1,<environment.Job instance at 0x7f828d079640>,55,19,[1 5],56,145,164,89,145
1,<environment.Job instance at 0x7f828d079780>,57,1,[10  2],58,150,151,92,150
1,<environment.Job instance at 0x7f828d079550>,59,1,[9 4],60,158,159,98,158
1,<environment.Job instance at 0x7f828d079dc0>,63,3,[3 9],64,183,186,119,183
1,<environment.Job instance at 0x7f828d079d70>,64,27,[6 1],65,183,210,118,183
1,<environment.Job instance at 0x7f828d0800f0>,67,12,[1 6],68,199,211,131,199
1,<environment.Job instance at 0x7f828d0800a0>,68,3,[3 8],69,199,202,130,199
1,<environment.Job instance at 0x7f828d080140>,71,24,[14  3],72,210,234,138,210
1,<environment.Job instance at 0x7f828d080500>,73,24,[10  2],74,234,258,160,229
1,<environment.Job instance at 0x7f828d080be0>,81,2,[1 9],82,233,235,151,233
1,<environment.Job instance at 0x7f828d080c30>,82,3,[10  4],83,258,261,175,233
1,<environment.Job instance at 0x7f828d080aa0>,84,3,[9 3],85,261,264,176,237
1,<environment.Job instance at 0x7f828d080e60>,86,1,[5 2],87,249,250,162,249
1,<environment.Job instance at 0x7f828d082320>,93,3,[ 4 10],94,299,302,205,299
1,<environment.Job instance at 0x7f828d082550>,95,27,[4 5],96,299,326,203,299
1,<environment.Job instance at 0x7f828d082780>,96,1,[12  2],97,326,327,229,301
1,<environment.Job instance at 0x7f828d082cd0>,104,1,[7 4],105,317,318,212,317
1,<environment.Job instance at 0x7f828d082e10>,106,25,[7 3],107,327,352,220,323
1,<environment.Job instance at 0x7f828d0825f0>,110,26,[6 4],111,333,359,222,333
1,<environment.Job instance at 0x7f828d0945f0>,117,21,[9 4],118,362,383,244,362
1,<environment.Job instance at 0x7f828d0944b0>,118,21,[5 1],119,362,383,243,362
1,<environment.Job instance at 0x7f828d094e60>,127,3,[ 1 10],128,384,387,256,384
1,<environment.Job instance at 0x7f828d094f00>,128,2,[5 7],129,387,389,258,384
1,<environment.Job instance at 0x7f828d094fa0>,129,20,[5 9],130,389,409,259,384
1,<environment.Job instance at 0x7f828d09a190>,133,3,[6 3],134,416,419,282,416
1,<environment.Job instance at 0x7f828d09a140>,134,2,[10  4],135,419,421,284,416
1,<environment.Job instance at 0x7f828d09a320>,136,2,[5 2],137,416,418,279,416
1,<environment.Job instance at 0x7f828d09a500>,137,3,[1 6],138,416,419,278,416
1,<environment.Job instance at 0x7f828d09a5a0>,139,2,[6 1],140,421,423,281,416
1,<environment.Job instance at 0x7f828d09a3c0>,140,2,[6 1],141,421,423,280,416
1,<environment.Job instance at 0x7f828d09a690>,141,3,[7 4],142,423,426,281,417
1,<environment.Job instance at 0x7f828d09a870>,144,1,[13  5],145,436,437,291,436
1,<environment.Job instance at 0x7f828d20e7d0>,146,1,[5 7],147,443,444,296,443
1,<environment.Job instance at 0x7f828e416500>,149,3,[ 3 10],150,463,466,313,463
1,<environment.Job instance at 0x7f828db5da50>,150,25,[5 3],151,463,488,312,463
1,<environment.Job instance at 0x7f828d244b90>,152,2,[3 7],153,477,479,324,477
1,<environment.Job instance at 0x7f824343f4b0>,155,2,[8 1],156,484,486,328,484
1,<environment.Job instance at 0x7f828d128eb0>,157,1,[ 4 10],158,488,489,330,488
1,<environment.Job instance at 0x7f828d0820f0>,2,23,[3 7],3,3,26,0,3
1,<environment.Job instance at 0x7f82432fbfa0>,13,1,[5 4],14,23,24,9,23
1,<environment.Job instance at 0x7f828d8085f0>,15,1,[1 8],16,24,25,8,23
1,<environment.Job instance at 0x7f8243113af0>,6,3,[ 5 14],7,33,36,26,33
1,<environment.Job instance at 0x7f828d1445f0>,23,3,[5 3],24,46,49,22,46
1,<environment.Job instance at 0x7f828d52d140>,25,1,[6 1],26,49,50,23,49
1,<environment.Job instance at 0x7f82436b70a0>,26,1,[ 5 10],27,49,50,22,49
1,<environment.Job instance at 0x7f828d195d20>,28,1,[1 9],29,50,51,21,49
1,<environment.Job instance at 0x7f828d195410>,29,2,[13  4],30,50,52,20,49
1,<environment.Job instance at 0x7f828d1955a0>,30,2,[5 2],31,52,54,21,49
1,<environment.Job instance at 0x7f828d1950a0>,32,1,[2 9],33,61,62,28,61
1,<environment.Job instance at 0x7f828d195cd0>,33,20,[ 5 12],34,62,82,28,61
1,<environment.Job instance at 0x7f828d195d70>,34,2,[ 5 11],35,82,84,47,82
1,<environment.Job instance at 0x7f82434d35f0>,41,2,[ 5 11],42,84,86,42,82
1,<environment.Job instance at 0x7f828ced6dc0>,44,1,[6 1],45,88,89,43,88
1,<environment.Job instance at 0x7f82435cdd70>,47,3,[9 4],48,92,95,44,92
1,<environment.Job instance at 0x7f8243186f50>,50,2,[8 2],51,110,112,59,110
1,<environment.Job instance at 0x7f82431d7280>,53,3,[2 7],54,115,118,61,115
1,<environment.Job instance at 0x7f828dae84b0>,54,1,[4 6],55,115,116,60,115
1,<environment.Job instance at 0x7f828d7cbc30>,59,3,[6 2],60,146,149,86,146
1,<environment.Job instance at 0x7f828d711730>,61,1,[6 3],62,148,149,86,148
1,<environment.Job instance at 0x7f828d711b40>,64,1,[4 8],65,159,160,94,159
1,<environment.Job instance at 0x7f828d711f50>,66,27,[2 9],67,161,188,94,161
1,<environment.Job instance at 0x7f82434ee500>,71,1,[10  1],72,192,193,120,192
1,<environment.Job instance at 0x7f82434ee5f0>,72,22,[8 1],73,193,215,120,192
1,<environment.Job instance at 0x7f828e192320>,0,20,[ 4 10],1,1,21,0,1
1,<environment.Job instance at 0x7f828d2cd820>,7,24,[4 8],8,21,45,13,16
1,<environment.Job instance at 0x7f824354b870>,22,23,[6 2],23,23,46,0,23
1,<environment.Job instance at 0x7f82435208c0>,24,3,[ 1 12],25,45,48,20,43
1,<environment.Job instance at 0x7f828cf6deb0>,30,2,[1 5],31,43,45,12,43
1,<environment.Job instance at 0x7f828cf565a0>,31,1,[3 6],32,48,49,16,43
1,<environment.Job instance at 0x7f828cf56910>,33,1,[11  3],34,48,49,14,48
1,<environment.Job instance at 0x7f824354eb90>,35,28,[ 4 12],36,55,83,19,55
1,<environment.Job instance at 0x7f82436e4e10>,39,1,[ 4 13],40,83,84,43,74
1,<environment.Job instance at 0x7f828d2905a0>,49,3,[2 7],50,121,124,71,121
1,<environment.Job instance at 0x7f828d2905f0>,51,1,[6 2],52,123,124,71,123
1,<environment.Job instance at 0x7f828dc011e0>,55,24,[5 2],56,150,174,94,150
1,<environment.Job instance at 0x7f828d74c5a0>,58,1,[5 6],59,152,153,93,152
1,<environment.Job instance at 0x7f8243134b90>,59,1,[3 8],60,153,154,93,152
1,<environment.Job instance at 0x7f828dc81410>,60,25,[6 2],61,153,178,92,152
1,<environment.Job instance at 0x7f828dc81500>,62,2,[8 4],63,174,176,111,169
1,<environment.Job instance at 0x7f82432f4b40>,64,1,[5 9],65,176,177,111,169
1,<environment.Job instance at 0x7f82432f4460>,67,3,[1 6],68,185,188,117,185
1,<environment.Job instance at 0x7f82432f4f00>,70,25,[5 5],71,198,223,127,198
1,<environment.Job instance at 0x7f828d46df50>,72,1,[1 7],73,200,201,127,200
1,<environment.Job instance at 0x7f828d7ca320>,73,3,[ 4 11],74,223,226,149,200
1,<environment.Job instance at 0x7f8243384a00>,74,2,[7 5],75,201,203,126,200
1,<environment.Job instance at 0x7f828dce8aa0>,75,19,[2 8],76,203,222,127,200
1,<environment.Job instance at 0x7f828d89d820>,84,1,[2 9],85,241,242,156,241
1,<environment.Job instance at 0x7f828cf49280>,87,2,[10  2],88,258,260,170,258
1,<environment.Job instance at 0x7f828cf736e0>,93,3,[6 5],94,301,304,207,301
1,<environment.Job instance at 0x7f828cf73a50>,94,19,[ 5 10],95,301,320,206,301
1,<environment.Job instance at 0x7f828cf73690>,97,27,[8 5],98,305,332,207,305
1,<environment.Job instance at 0x7f828cf73190>,99,3,[ 1 12],100,332,335,232,330
1,<environment.Job instance at 0x7f828cf73d20>,101,1,[2 7],102,331,332,229,331
1,<environment.Job instance at 0x7f828cf730f0>,102,1,[1 8],103,335,336,232,331
1,<environment.Job instance at 0x7f828d7253c0>,6,1,[11  3],7,7,8,0,7
1,<environment.Job instance at 0x7f82434e7f50>,7,1,[8 4],8,8,9,0,8
1,<environment.Job instance at 0x7f828d8ae230>,15,3,[10  5],16,17,20,1,17
1,<environment.Job instance at 0x7f828d8ae050>,21,3,[6 5],22,48,51,26,48
1,<environment.Job instance at 0x7f828d8aeaa0>,23,3,[4 7],24,55,58,31,55
1,<environment.Job instance at 0x7f828d8aec80>,25,3,[8 5],26,64,67,38,64
1,<environment.Job instance at 0x7f828d8ae320>,29,3,[4 8],30,80,83,50,80
1,<environment.Job instance at 0x7f828d8ae9b0>,24,13,[10  1],25,85,98,60,85
1,<environment.Job instance at 0x7f828d8ae960>,31,18,[7 1],32,98,116,66,90
1,<environment.Job instance at 0x7f824339c230>,34,2,[10  2],35,116,118,81,90
1,<environment.Job instance at 0x7f824339c320>,37,2,[9 2],38,118,120,80,94
1,<environment.Job instance at 0x7f824339c820>,38,2,[13  1],39,120,122,81,95
1,<environment.Job instance at 0x7f824339cb90>,41,26,[7 2],42,122,148,80,119
1,<environment.Job instance at 0x7f828d941460>,50,2,[8 1],51,127,129,76,127
1,<environment.Job instance at 0x7f828d941500>,51,23,[5 9],52,129,152,77,127
1,<environment.Job instance at 0x7f828d941550>,53,3,[ 1 14],54,152,155,98,139
1,<environment.Job instance at 0x7f828cefe640>,54,1,[ 2 10],55,155,156,100,139
1,<environment.Job instance at 0x7f828cefe5a0>,56,1,[ 3 13],57,156,157,99,140
1,<environment.Job instance at 0x7f828cefe9b0>,57,22,[2 9],58,157,179,99,150
1,<environment.Job instance at 0x7f828cefe8c0>,58,1,[5 3],59,150,151,91,150
1,<environment.Job instance at 0x7f828cefebe0>,62,2,[5 4],63,157,159,94,151
1,<environment.Job instance at 0x7f828cefeeb0>,66,20,[8 2],67,170,190,103,170
1,<environment.Job instance at 0x7f828cef8140>,68,26,[2 5],69,179,205,110,176
1,<environment.Job instance at 0x7f828cef80a0>,69,1,[9 3],70,190,191,120,176
1,<environment.Job instance at 0x7f828cef8460>,71,3,[1 5],72,185,188,113,185
1,<environment.Job instance at 0x7f828cef8410>,74,1,[10  4],75,196,197,121,196
1,<environment.Job instance at 0x7f828cef8550>,75,2,[8 4],76,197,199,121,196
1,<environment.Job instance at 0x7f828cef8690>,76,24,[2 9],77,199,223,122,196
1,<environment.Job instance at 0x7f828d2cd3c0>,1,25,[1 6],2,2,27,0,2
1,<environment.Job instance at 0x7f828d2e8b40>,3,26,[10  4],4,4,30,0,4
1,<environment.Job instance at 0x7f828d2e87d0>,5,24,[4 7],6,27,51,21,22
1,<environment.Job instance at 0x7f828d8aed20>,12,1,[3 6],13,30,31,17,22
1,<environment.Job instance at 0x7f828e2c39b0>,17,28,[7 2],18,37,65,19,37
1,<environment.Job instance at 0x7f828e2c3d70>,19,27,[ 3 10],20,51,78,31,49
1,<environment.Job instance at 0x7f8243529fa0>,21,1,[7 2],22,65,66,43,49
1,<environment.Job instance at 0x7f8243529d20>,22,26,[9 1],23,66,92,43,63
1,<environment.Job instance at 0x7f8243529320>,24,21,[10  5],25,92,113,67,84
1,<environment.Job instance at 0x7f828d3fe050>,27,20,[10  2],28,113,133,85,104
1,<environment.Job instance at 0x7f828d3fe320>,37,27,[9 4],38,133,160,95,131
1,<environment.Job instance at 0x7f824374a410>,41,3,[2 9],42,132,135,90,132
1,<environment.Job instance at 0x7f828d3fef50>,26,3,[ 2 14],27,160,163,133,135
1,<environment.Job instance at 0x7f828d358dc0>,43,1,[8 3],44,163,164,119,135
1,<environment.Job instance at 0x7f828d358280>,53,2,[1 7],54,173,175,119,173
1,<environment.Job instance at 0x7f828d358730>,56,14,[6 2],57,189,203,132,189
1,<environment.Job instance at 0x7f828d358be0>,57,3,[8 3],58,189,192,131,189
1,<environment.Job instance at 0x7f828d358780>,58,2,[1 7],59,189,191,130,189
1,<environment.Job instance at 0x7f828dbc79b0>,60,14,[1 7],61,197,211,136,197
1,<environment.Job instance at 0x7f828dbc76e0>,61,1,[3 9],62,211,212,149,197
1,<environment.Job instance at 0x7f828dbc7c30>,63,3,[6 1],64,206,209,142,206
1,<environment.Job instance at 0x7f828dbc7f50>,65,2,[ 2 12],66,212,214,146,209
1,<environment.Job instance at 0x7f828dbc7870>,66,1,[3 9],67,214,215,147,209
1,<environment.Job instance at 0x7f828d8a8aa0>,68,21,[2 5],69,228,249,159,228
1,<environment.Job instance at 0x7f828d8a8be0>,69,23,[5 7],70,228,251,158,228
1,<environment.Job instance at 0x7f828d8a8f00>,73,25,[ 1 10],74,251,276,177,247
1,<environment.Job instance at 0x7f828d8a8780>,75,2,[5 2],76,248,250,172,248
1,<environment.Job instance at 0x7f828d2cd5f0>,14,13,[8 1],15,27,40,12,27
1,<environment.Job instance at 0x7f828dd25050>,22,2,[6 4],23,40,42,17,40
1,<environment.Job instance at 0x7f828dd25910>,23,1,[5 3],24,40,41,16,40
1,<environment.Job instance at 0x7f828d3a1e60>,25,1,[5 1],26,41,42,15,40
1,<environment.Job instance at 0x7f828d3a17d0>,30,1,[9 3],31,65,66,34,65
1,<environment.Job instance at 0x7f828d3a1fa0>,31,1,[2 5],32,65,66,33,65
1,<environment.Job instance at 0x7f828d3a1230>,34,2,[7 3],35,66,68,31,66
1,<environment.Job instance at 0x7f828d3a1960>,37,1,[8 1],38,81,82,43,81
1,<environment.Job instance at 0x7f828d3a1410>,39,3,[9 5],40,89,92,49,89
1,<environment.Job instance at 0x7f828cfbdd70>,40,2,[8 4],41,92,94,51,89
1,<environment.Job instance at 0x7f828d3a16e0>,41,1,[3 9],42,89,90,47,89
1,<environment.Job instance at 0x7f828cfbd4b0>,42,1,[2 9],43,90,91,47,90
1,<environment.Job instance at 0x7f828cfbdbe0>,46,21,[10  4],47,105,126,58,105
1,<environment.Job instance at 0x7f8243515140>,52,3,[ 4 10],53,123,126,70,123
1,<environment.Job instance at 0x7f8243515cd0>,55,23,[7 3],56,133,156,77,133
1,<environment.Job instance at 0x7f8243515690>,57,20,[8 3],58,133,153,75,133
1,<environment.Job instance at 0x7f8243515960>,59,22,[9 1],60,156,178,96,149
1,<environment.Job instance at 0x7f8242fede60>,71,2,[3 5],72,172,174,100,172
1,<environment.Job instance at 0x7f824346beb0>,77,1,[1 9],78,203,204,125,203
1,<environment.Job instance at 0x7f824346ba00>,78,3,[7 1],79,203,206,124,203
1,<environment.Job instance at 0x7f824346b1e0>,79,2,[10  5],80,206,208,126,203
1,<environment.Job instance at 0x7f824346be60>,80,1,[5 8],81,204,205,123,203
1,<environment.Job instance at 0x7f824346bfa0>,82,26,[9 3],83,210,236,127,210
1,<environment.Job instance at 0x7f828cf4b550>,86,3,[12  4],87,236,239,149,231
1,<environment.Job instance at 0x7f828cf4b320>,88,1,[5 9],89,231,232,142,231
1,<environment.Job instance at 0x7f828d147c80>,97,22,[6 4],98,293,315,195,293
1,<environment.Job instance at 0x7f828d147820>,99,2,[1 6],100,295,297,195,295
1,<environment.Job instance at 0x7f828d147f00>,102,2,[4 8],103,326,328,223,326
1,<environment.Job instance at 0x7f828d147230>,105,3,[10  5],106,332,335,226,332
1,<environment.Job instance at 0x7f828d8fce60>,2,24,[7 2],3,3,27,0,3
1,<environment.Job instance at 0x7f828d3a15f0>,4,27,[5 1],5,5,32,0,5
1,<environment.Job instance at 0x7f828de1d0a0>,5,1,[ 5 12],6,27,28,21,21
1,<environment.Job instance at 0x7f828d5ed550>,8,3,[13  2],9,32,35,23,26
1,<environment.Job instance at 0x7f8243116280>,20,3,[13  5],21,35,38,14,30
1,<environment.Job instance at 0x7f82430f3b40>,24,1,[8 2],25,38,39,13,38
1,<environment.Job instance at 0x7f82435ced70>,25,3,[14  3],26,39,42,13,38
1,<environment.Job instance at 0x7f828d831460>,27,18,[2 8],28,42,60,14,42
1,<environment.Job instance at 0x7f8243045f00>,29,1,[8 3],30,43,44,13,43
1,<environment.Job instance at 0x7f828d9befa0>,34,1,[10  2],35,59,60,24,59
1,<environment.Job instance at 0x7f828d9be0a0>,35,27,[1 5],36,59,86,23,59
1,<environment.Job instance at 0x7f828d9be0f0>,37,2,[ 1 10],38,65,67,27,65
1,<environment.Job instance at 0x7f828d0b1960>,38,1,[4 7],39,67,68,28,65
1,<environment.Job instance at 0x7f828d9beb90>,39,3,[13  3],40,68,71,28,65
1,<environment.Job instance at 0x7f8243120d20>,44,3,[5 1],45,91,94,46,91
1,<environment.Job instance at 0x7f82431205f0>,46,1,[10  1],47,93,94,46,93
1,<environment.Job instance at 0x7f82436460a0>,51,21,[8 4],52,118,139,66,118
1,<environment.Job instance at 0x7f8243646050>,53,3,[6 5],54,121,124,67,121
1,<environment.Job instance at 0x7f8243644500>,54,3,[6 4],55,124,127,69,121
1,<environment.Job instance at 0x7f8243644910>,57,18,[2 7],58,136,154,78,136
1,<environment.Job instance at 0x7f82436443c0>,58,12,[1 5],59,139,151,80,136
1,<environment.Job instance at 0x7f8243644140>,59,1,[1 7],60,151,152,91,136
1,<environment.Job instance at 0x7f82436446e0>,61,3,[4 7],62,152,155,90,136
1,<environment.Job instance at 0x7f8243644320>,62,3,[10  5],63,154,157,91,136
1,<environment.Job instance at 0x7f824361b370>,63,2,[4 5],64,155,157,91,136
1,<environment.Job instance at 0x7f82436444b0>,64,20,[8 2],65,157,177,92,148
1,<environment.Job instance at 0x7f824361daa0>,70,21,[10  5],71,177,198,106,169
1,<environment.Job instance at 0x7f828d789780>,75,1,[ 3 11],76,198,199,122,184
1,<environment.Job instance at 0x7f828e2c4820>,85,1,[4 8],86,185,186,99,185
1,<environment.Job instance at 0x7f828d79baf0>,86,23,[ 1 13],87,199,222,112,193
1,<environment.Job instance at 0x7f828d79b730>,87,2,[ 2 11],88,222,224,134,196
1,<environment.Job instance at 0x7f828d92ed70>,89,2,[9 5],90,224,226,134,197
1,<environment.Job instance at 0x7f828d0b31e0>,90,3,[8 2],91,198,201,107,197
1,<environment.Job instance at 0x7f828d0c05f0>,93,1,[5 5],94,224,225,130,204
1,<environment.Job instance at 0x7f82434defa0>,94,24,[7 3],95,226,250,131,221
1,<environment.Job instance at 0x7f82436186e0>,96,21,[5 3],97,225,246,128,221
1,<environment.Job instance at 0x7f8243618aa0>,97,22,[1 9],98,226,248,128,221
1,<environment.Job instance at 0x7f828d843960>,105,27,[2 8],106,248,275,142,246
1,<environment.Job instance at 0x7f82437c4e10>,106,2,[3 7],107,250,252,143,246
1,<environment.Job instance at 0x7f828d843d70>,108,1,[9 4],109,252,253,143,252
1,<environment.Job instance at 0x7f828d843f50>,109,1,[ 4 13],110,275,276,165,252
1,<environment.Job instance at 0x7f82436970a0>,111,1,[10  1],112,257,258,145,257
1,<environment.Job instance at 0x7f82436970f0>,112,24,[5 7],113,276,300,163,271
1,<environment.Job instance at 0x7f8243697a50>,113,3,[4 8],114,276,279,162,271
1,<environment.Job instance at 0x7f8243697230>,114,1,[4 6],115,271,272,156,271
1,<environment.Job instance at 0x7f8243697140>,115,2,[4 5],116,272,274,156,271
1,<environment.Job instance at 0x7f8243697e60>,117,1,[ 3 10],118,300,301,182,272
1,<environment.Job instance at 0x7f82436a7190>,118,1,[4 5],119,274,275,155,272
1,<environment.Job instance at 0x7f82436a7960>,119,23,[6 1],120,279,302,159,273
1,<environment.Job instance at 0x7f82436a7780>,120,1,[11  4],121,302,303,181,293
1,<environment.Job instance at 0x7f82436a7a00>,126,23,[ 2 10],127,301,324,174,295
1,<environment.Job instance at 0x7f82436a7d20>,131,2,[11  4],132,314,316,182,314
1,<environment.Job instance at 0x7f828deac730>,132,3,[14  5],133,324,327,191,314
1,<environment.Job instance at 0x7f8243794c80>,140,2,[3 9],141,343,345,202,343
1,<environment.Job instance at 0x7f8243794a50>,141,1,[6 4],142,343,344,201,343
1,<environment.Job instance at 0x7f82437948c0>,147,3,[1 5],148,369,372,221,369
1,<environment.Job instance at 0x7f82436a73c0>,122,18,[ 3 10],123,384,402,261,384
1,<environment.Job instance at 0x7f8243794320>,151,2,[ 1 10],152,402,404,250,384
1,<environment.Job instance at 0x7f828d8758c0>,156,26,[5 7],157,404,430,247,401
1,<environment.Job instance at 0x7f8242e95f00>,0,1,[7 3],1,1,2,0,1
1,<environment.Job instance at 0x7f828d853960>,9,20,[3 9],10,10,30,0,10
1,<environment.Job instance at 0x7f8243570230>,11,23,[8 4],12,12,35,0,12
1,<environment.Job instance at 0x7f828d882dc0>,16,2,[ 2 12],17,35,37,18,27
1,<environment.Job instance at 0x7f82437870a0>,22,2,[6 2],23,30,32,7,30
1,<environment.Job instance at 0x7f828cfd2be0>,6,3,[ 4 11],7,32,35,25,32
1,<environment.Job instance at 0x7f8242f79230>,25,27,[6 2],26,35,62,9,33
1,<environment.Job instance at 0x7f82430f3500>,28,3,[ 3 12],29,41,44,12,41
1,<environment.Job instance at 0x7f8242ed0960>,31,2,[7 3],32,53,55,21,53
1,<environment.Job instance at 0x7f8243275eb0>,34,3,[8 2],35,68,71,33,68
1,<environment.Job instance at 0x7f828d9f0500>,14,3,[11  3],15,71,74,56,68
1,<environment.Job instance at 0x7f828ddf63c0>,37,3,[6 1],38,68,71,30,68
1,<environment.Job instance at 0x7f828d0e3780>,42,3,[1 9],43,86,89,43,86
1,<environment.Job instance at 0x7f824347f0a0>,43,1,[6 2],44,86,87,42,86
1,<environment.Job instance at 0x7f824347f730>,44,2,[1 8],45,89,91,44,86
1,<environment.Job instance at 0x7f824347f460>,45,1,[ 4 14],46,91,92,45,86
1,<environment.Job instance at 0x7f824347f370>,46,3,[6 5],47,87,90,40,86
1,<environment.Job instance at 0x7f824347fe60>,47,3,[1 9],48,92,95,44,86
1,<environment.Job instance at 0x7f82434b0a50>,48,2,[2 7],49,95,97,46,86
1,<environment.Job instance at 0x7f828d526c30>,49,2,[5 3],50,92,94,42,86
1,<environment.Job instance at 0x7f8242f38b90>,50,1,[3 7],51,90,91,39,86
1,<environment.Job instance at 0x7f824371e320>,51,1,[4 6],52,94,95,42,86
1,<environment.Job instance at 0x7f828d9df500>,53,2,[2 7],54,95,97,41,94
1,<environment.Job instance at 0x7f8242feb7d0>,54,18,[7 1],55,98,116,43,98
1,<environment.Job instance at 0x7f828d46d690>,55,2,[10  4],56,116,118,60,98
1,<environment.Job instance at 0x7f828d46d730>,57,1,[10  4],58,118,119,60,100
1,<environment.Job instance at 0x7f828d46df00>,58,1,[2 9],59,100,101,41,100
1,<environment.Job instance at 0x7f828d46ddc0>,59,22,[14  5],60,119,141,59,112
1,<environment.Job instance at 0x7f828d46d550>,67,1,[10  4],68,141,142,73,134
1,<environment.Job instance at 0x7f82430656e0>,68,22,[10  4],69,142,164,73,135
1,<environment.Job instance at 0x7f8243065870>,71,21,[5 8],72,141,162,69,141
1,<environment.Job instance at 0x7f8243065690>,77,25,[6 5],78,164,189,86,160
1,<environment.Job instance at 0x7f828d24d1e0>,82,2,[5 3],83,177,179,94,177
1,<environment.Job instance at 0x7f828d24da50>,85,1,[1 9],86,188,189,102,188
1,<environment.Job instance at 0x7f828d641960>,86,2,[1 9],87,189,191,102,188
1,<environment.Job instance at 0x7f82436357d0>,88,25,[5 7],89,191,216,102,190
1,<environment.Job instance at 0x7f8243635960>,90,3,[5 1],91,215,218,124,215
1,<environment.Job instance at 0x7f8243635320>,92,3,[6 1],93,216,219,123,215
1,<environment.Job instance at 0x7f8243635050>,93,2,[1 5],94,215,217,121,215
1,<environment.Job instance at 0x7f828d00b960>,96,1,[7 2],97,218,219,121,215
1,<environment.Job instance at 0x7f828d00b640>,98,3,[12  5],99,220,223,121,220
1,<environment.Job instance at 0x7f828ddf14b0>,99,1,[8 4],100,223,224,123,220
1,<environment.Job instance at 0x7f828d8020a0>,104,3,[9 3],105,251,254,146,251
1,<environment.Job instance at 0x7f828d802910>,105,26,[14  3],106,254,280,148,251
1,<environment.Job instance at 0x7f82434951e0>,107,28,[6 3],108,280,308,172,279
1,<environment.Job instance at 0x7f82434955f0>,108,2,[10  3],109,308,310,199,281
1,<environment.Job instance at 0x7f8243495730>,109,1,[2 6],110,281,282,171,281
1,<environment.Job instance at 0x7f82437123c0>,111,19,[3 6],112,282,301,170,282
1,<environment.Job instance at 0x7f828d1deeb0>,116,2,[14  2],117,321,323,204,321
1,<environment.Job instance at 0x7f824314f230>,118,1,[5 2],119,338,339,219,338
1,<environment.Job instance at 0x7f82430a9820>,120,1,[3 6],121,339,340,218,339
1,<environment.Job instance at 0x7f82430a9640>,121,19,[3 9],122,339,358,217,339
1,<environment.Job instance at 0x7f82430a99b0>,124,2,[9 3],125,345,347,220,345
1,<environment.Job instance at 0x7f824314f6e0>,117,3,[13  2],118,631,634,513,631
1,<environment.Job instance at 0x7f82430a9140>,131,1,[1 6],132,634,635,502,634
1,<environment.Job instance at 0x7f82430a93c0>,132,25,[2 8],133,634,659,501,634
1,<environment.Job instance at 0x7f828d24d780>,0,20,[7 1],1,1,21,0,1
1,<environment.Job instance at 0x7f828de02140>,4,1,[10  3],5,21,22,16,5
1,<environment.Job instance at 0x7f82430a9780>,1,1,[12  2],2,22,23,20,18
1,<environment.Job instance at 0x7f828d46ef50>,17,1,[10  1],18,23,24,5,19
1,<environment.Job instance at 0x7f828d46e690>,19,1,[3 8],20,20,21,0,20
1,<environment.Job instance at 0x7f828d46e9b0>,20,23,[ 1 12],21,21,44,0,21
1,<environment.Job instance at 0x7f828d46ec80>,22,28,[1 7],23,44,72,21,43
1,<environment.Job instance at 0x7f828d46ebe0>,25,26,[ 4 10],26,72,98,46,69
1,<environment.Job instance at 0x7f8243495050>,26,1,[7 2],27,69,70,42,69
1,<environment.Job instance at 0x7f8242eec0a0>,29,22,[12  5],30,98,120,68,91
1,<environment.Job instance at 0x7f8242eec370>,34,27,[3 7],35,98,125,63,96
1,<environment.Job instance at 0x7f828d516dc0>,47,2,[10  4],48,126,128,78,126
1,<environment.Job instance at 0x7f828d516690>,48,19,[5 8],49,126,145,77,126
1,<environment.Job instance at 0x7f828d516780>,51,2,[8 5],52,140,142,88,140
1,<environment.Job instance at 0x7f828d516e10>,52,18,[10  4],53,152,170,99,152
1,<environment.Job instance at 0x7f8242e9d550>,59,1,[2 8],60,167,168,107,167
1,<environment.Job instance at 0x7f8242e9df50>,60,2,[10  3],61,170,172,109,167
1,<environment.Job instance at 0x7f8242e9d230>,61,3,[10  4],62,172,175,110,167
1,<environment.Job instance at 0x7f8242e9d730>,62,3,[ 2 10],63,168,171,105,168
1,<environment.Job instance at 0x7f8242e9d870>,67,28,[8 3],68,186,214,118,186
1,<environment.Job instance at 0x7f8242e9db90>,68,1,[8 4],69,214,215,145,186
1,<environment.Job instance at 0x7f8242ef6d70>,70,19,[3 8],71,196,215,125,196
1,<environment.Job instance at 0x7f8242ef6550>,72,22,[13  5],73,215,237,142,208
1,<environment.Job instance at 0x7f8242ef6870>,73,28,[10  5],74,237,265,163,236
1,<environment.Job instance at 0x7f8242ef6780>,77,27,[3 7],78,238,265,160,238
1,<environment.Job instance at 0x7f8242ef6460>,85,3,[5 9],86,265,268,179,260
1,<environment.Job instance at 0x7f8242ef69b0>,86,27,[13  1],87,268,295,181,266
1,<environment.Job instance at 0x7f8242ef4640>,89,2,[5 5],90,266,268,176,266
1,<environment.Job instance at 0x7f8242ef46e0>,90,1,[5 1],91,266,267,175,266
1,<environment.Job instance at 0x7f8242ef4b90>,95,25,[2 7],96,280,305,184,280
1,<environment.Job instance at 0x7f8242ef4140>,100,2,[10  4],101,308,310,207,308
1,<environment.Job instance at 0x7f8242ef4870>,102,2,[4 8],103,324,326,221,324
1,<environment.Job instance at 0x7f8242e94f00>,103,3,[10  2],104,324,327,220,324
1,<environment.Job instance at 0x7f8242e945a0>,104,2,[9 1],105,327,329,222,324
1,<environment.Job instance at 0x7f8242e94190>,105,1,[7 1],106,329,330,223,324
1,<environment.Job instance at 0x7f8242e944b0>,106,1,[6 4],107,327,328,220,324
1,<environment.Job instance at 0x7f8242e94690>,108,2,[3 8],109,328,330,219,324
1,<environment.Job instance at 0x7f8242e94140>,109,3,[ 1 10],110,330,333,220,324
1,<environment.Job instance at 0x7f8242e94cd0>,111,1,[5 8],112,333,334,221,333
1,<environment.Job instance at 0x7f8242e94d70>,112,2,[8 4],113,333,335,220,333
1,<environment.Job instance at 0x7f8242e94eb0>,113,2,[7 1],114,334,336,220,333
1,<environment.Job instance at 0x7f8242e94a50>,114,3,[2 5],115,335,338,220,333
1,<environment.Job instance at 0x7f8242e940f0>,115,1,[7 4],116,336,337,220,333
1,<environment.Job instance at 0x7f8242e94370>,116,1,[5 9],117,335,336,218,333
1,<environment.Job instance at 0x7f8242ee5e10>,117,2,[5 5],118,336,338,218,333
1,<environment.Job instance at 0x7f8242ee5fa0>,118,3,[9 4],119,338,341,219,334
1,<environment.Job instance at 0x7f8242ee5f50>,121,26,[6 3],122,339,365,217,339
1,<environment.Job instance at 0x7f8242ee5f00>,124,1,[5 7],125,357,358,232,357
1,<environment.Job instance at 0x7f8242ee5b90>,125,3,[2 5],126,357,360,231,357
1,<environment.Job instance at 0x7f8242ee57d0>,127,1,[ 5 12],128,360,361,232,358
1,<environment.Job instance at 0x7f82434e1550>,128,1,[ 2 10],129,361,362,232,358
1,<environment.Job instance at 0x7f8242ee5e60>,129,3,[12  2],130,365,368,235,358
1,<environment.Job instance at 0x7f8242e60c80>,131,3,[11  1],132,368,371,236,361
1,<environment.Job instance at 0x7f8242e604b0>,133,1,[10  2],134,371,372,237,368
1,<environment.Job instance at 0x7f8242e601e0>,134,2,[8 5],135,372,374,237,368
1,<environment.Job instance at 0x7f8242e60f00>,135,27,[8 5],136,374,401,238,372
1,<environment.Job instance at 0x7f8242e60910>,136,22,[9 5],137,401,423,264,394
1,<environment.Job instance at 0x7f8242e60140>,138,24,[7 4],139,423,447,284,418
1,<environment.Job instance at 0x7f828d64bb40>,140,1,[9 3],141,447,448,306,419
1,<environment.Job instance at 0x7f828d64b6e0>,142,1,[ 3 10],143,419,420,276,419
1,<environment.Job instance at 0x7f828d64b640>,144,1,[5 4],145,420,421,275,419
1,<environment.Job instance at 0x7f828d64b690>,145,2,[5 4],146,421,423,275,419
1,<environment.Job instance at 0x7f828d64b780>,146,2,[7 5],147,423,425,276,419
1,<environment.Job instance at 0x7f8242e57fa0>,149,2,[12  1],150,448,450,298,424
1,<environment.Job instance at 0x7f82434cfb40>,151,24,[ 3 14],152,448,472,296,443
1,<environment.Job instance at 0x7f82437cc640>,0,20,[9 2],1,1,21,0,1
1,<environment.Job instance at 0x7f8242ee5aa0>,6,26,[ 4 10],7,7,33,0,7
1,<environment.Job instance at 0x7f828ceb7910>,14,19,[1 7],15,33,52,18,24
1,<environment.Job instance at 0x7f824350cf00>,16,25,[ 3 12],17,52,77,35,48
1,<environment.Job instance at 0x7f828da93dc0>,24,25,[7 4],25,77,102,52,73
1,<environment.Job instance at 0x7f828da930a0>,25,22,[9 2],26,102,124,76,95
1,<environment.Job instance at 0x7f8243787d70>,26,28,[6 2],27,95,123,68,95
1,<environment.Job instance at 0x7f828d0cba50>,30,1,[ 2 11],31,123,124,92,118
1,<environment.Job instance at 0x7f828d0cbe60>,31,21,[7 2],32,124,145,92,118
1,<environment.Job instance at 0x7f828ddf6730>,11,3,[ 2 12],12,126,129,114,126
1,<environment.Job instance at 0x7f828d71ec80>,33,22,[10  1],34,145,167,111,138
1,<environment.Job instance at 0x7f8242eb37d0>,38,1,[8 1],39,143,144,104,143
1,<environment.Job instance at 0x7f824368e320>,45,2,[1 9],46,164,166,118,164
1,<environment.Job instance at 0x7f824368e230>,47,3,[12  2],48,187,190,139,187
1,<environment.Job instance at 0x7f828dbe4050>,52,26,[5 7],53,193,219,140,193
1,<environment.Job instance at 0x7f828d06f500>,54,28,[9 1],55,210,238,155,210
1,<environment.Job instance at 0x7f828d06f190>,58,28,[5 2],59,220,248,161,220
1,<environment.Job instance at 0x7f828d07c230>,62,20,[10  4],63,242,262,179,242
1,<environment.Job instance at 0x7f828d07caa0>,63,3,[11  4],64,262,265,198,260
1,<environment.Job instance at 0x7f828d067d70>,68,2,[4 9],69,265,267,196,265
1,<environment.Job instance at 0x7f828d067f50>,70,2,[ 5 14],71,286,288,215,286
1,<environment.Job instance at 0x7f828d067460>,75,1,[4 9],76,290,291,214,290
1,<environment.Job instance at 0x7f828d06c870>,77,20,[10  3],78,292,312,214,292
1,<environment.Job instance at 0x7f828d0732d0>,79,28,[10  4],80,312,340,232,311
1,<environment.Job instance at 0x7f8243363910>,85,3,[11  1],86,342,345,256,342
1,<environment.Job instance at 0x7f828d083820>,86,1,[10  4],87,345,346,258,342
1,<environment.Job instance at 0x7f828d06d9b0>,89,1,[6 5],90,346,347,256,342
1,<environment.Job instance at 0x7f828d083410>,90,1,[ 1 14],91,343,344,252,343
1,<environment.Job instance at 0x7f8243761c80>,95,3,[1 5],96,361,364,265,361
1,<environment.Job instance at 0x7f82431e1500>,97,1,[5 7],98,361,362,263,361
1,<environment.Job instance at 0x7f82431e13c0>,98,28,[2 8],99,362,390,263,361
1,<environment.Job instance at 0x7f828de02d20>,5,23,[1 8],6,6,29,0,6
1,<environment.Job instance at 0x7f828d517370>,11,1,[2 7],12,12,13,0,12
1,<environment.Job instance at 0x7f82436a7fa0>,16,1,[8 5],17,21,22,4,21
1,<environment.Job instance at 0x7f82436a75f0>,18,19,[3 9],19,29,48,10,21
1,<environment.Job instance at 0x7f828d718a00>,22,1,[10  2],23,43,44,20,43
1,<environment.Job instance at 0x7f828d1fad70>,24,26,[8 5],25,55,81,30,55
1,<environment.Job instance at 0x7f828ceb78c0>,30,22,[6 2],31,67,89,36,67
1,<environment.Job instance at 0x7f8243111910>,33,24,[3 7],34,81,105,47,76
1,<environment.Job instance at 0x7f8242ff8a50>,38,1,[10  4],39,92,93,53,92
1,<environment.Job instance at 0x7f828d871b90>,41,3,[14  4],42,105,108,63,93
1,<environment.Job instance at 0x7f828d5171e0>,12,3,[ 5 13],13,113,116,100,113
1,<environment.Job instance at 0x7f828d871640>,47,2,[9 2],48,113,115,65,113
1,<environment.Job instance at 0x7f828d871690>,49,3,[10  4],50,116,119,66,116
1,<environment.Job instance at 0x7f82433c5960>,51,18,[10  3],52,119,137,67,118
1,<environment.Job instance at 0x7f82433c5280>,52,2,[2 8],53,118,120,65,118
1,<environment.Job instance at 0x7f82433c5500>,54,1,[8 4],55,137,138,82,129
1,<environment.Job instance at 0x7f82433c5550>,55,25,[ 4 10],56,129,154,73,129
1,<environment.Job instance at 0x7f828d9f50f0>,60,1,[10  3],61,158,159,97,158
1,<environment.Job instance at 0x7f82433c8e60>,61,3,[5 3],62,158,161,96,158
1,<environment.Job instance at 0x7f82433c8cd0>,62,2,[3 7],63,159,161,96,158
1,<environment.Job instance at 0x7f82433c82d0>,63,3,[5 5],64,161,164,97,161
1,<environment.Job instance at 0x7f82433c88c0>,65,2,[5 8],66,161,163,95,161
1,<environment.Job instance at 0x7f828d025c30>,68,2,[ 5 11],69,202,204,133,202
1,<environment.Job instance at 0x7f828d025eb0>,69,2,[ 3 10],70,204,206,134,202
1,<environment.Job instance at 0x7f828d025140>,71,27,[4 5],72,208,235,136,208
1,<environment.Job instance at 0x7f828dcf0af0>,76,27,[10  5],77,215,242,138,215
1,<environment.Job instance at 0x7f8242f79460>,83,2,[2 6],84,257,259,173,257
1,<environment.Job instance at 0x7f8242f79500>,84,2,[4 8],85,257,259,172,257
1,<environment.Job instance at 0x7f8242f01fa0>,0,1,[ 2 14],1,4,5,3,4
1,<environment.Job instance at 0x7f8242eaf0a0>,16,1,[7 2],17,22,23,5,22
1,<environment.Job instance at 0x7f8242eaf2d0>,17,25,[9 5],18,23,48,5,22
1,<environment.Job instance at 0x7f8242eaf280>,18,2,[ 1 13],19,48,50,29,40
1,<environment.Job instance at 0x7f8242eaf1e0>,23,1,[6 3],24,43,44,19,43
1,<environment.Job instance at 0x7f828d0bc230>,29,1,[8 4],30,58,59,28,58
1,<environment.Job instance at 0x7f828d5ffb90>,34,2,[6 5],35,87,89,52,87
1,<environment.Job instance at 0x7f828d5ff960>,37,2,[ 1 11],38,90,92,52,90
1,<environment.Job instance at 0x7f828d5ff1e0>,38,27,[4 6],39,92,119,53,90
1,<environment.Job instance at 0x7f828d32bbe0>,42,3,[1 6],43,92,95,49,90
1,<environment.Job instance at 0x7f828d32b640>,45,1,[2 9],46,103,104,57,103
1,<environment.Job instance at 0x7f828d32b370>,52,17,[5 2],53,121,138,68,121
1,<environment.Job instance at 0x7f828d32b960>,54,2,[9 2],55,132,134,77,132
1,<environment.Job instance at 0x7f82432f36e0>,56,3,[ 2 10],57,139,142,82,139
1,<environment.Job instance at 0x7f82432f3af0>,58,1,[2 6],59,150,151,91,150
1,<environment.Job instance at 0x7f82432f3c80>,60,26,[ 5 14],61,154,180,93,154
1,<environment.Job instance at 0x7f82432f3780>,63,27,[2 5],64,180,207,116,178
1,<environment.Job instance at 0x7f82432f3b90>,70,1,[4 5],71,203,204,132,203
1,<environment.Job instance at 0x7f82432f3aa0>,71,2,[1 5],72,203,205,131,203
1,<environment.Job instance at 0x7f82432f3f50>,72,2,[10  2],73,204,206,131,203
1,<environment.Job instance at 0x7f828cf2ca50>,74,1,[4 5],75,206,207,131,203
1,<environment.Job instance at 0x7f828cf2ce10>,77,1,[9 4],78,217,218,139,217
1,<environment.Job instance at 0x7f828cf2c370>,79,20,[8 1],80,218,238,138,217
1,<environment.Job instance at 0x7f828cf2cc30>,80,28,[5 3],81,217,245,136,217
1,<environment.Job instance at 0x7f828cf2c8c0>,82,1,[7 4],83,238,239,155,219
1,<environment.Job instance at 0x7f828db59820>,83,1,[13  4],84,245,246,161,220
1,<environment.Job instance at 0x7f828d82ae10>,97,2,[ 3 10],98,274,276,176,274
1,<environment.Job instance at 0x7f828d82a1e0>,98,1,[9 5],99,274,275,175,274
1,<environment.Job instance at 0x7f828d82a6e0>,103,27,[6 3],104,275,302,171,275
1,<environment.Job instance at 0x7f824381bc80>,110,2,[11  1],111,302,304,191,302
1,<environment.Job instance at 0x7f824381b460>,111,2,[8 4],112,304,306,192,302
1,<environment.Job instance at 0x7f824381bbe0>,114,2,[1 5],115,317,319,202,317
1,<environment.Job instance at 0x7f824e88e690>,117,1,[6 2],118,334,335,216,334
1,<environment.Job instance at 0x7f824381b0a0>,118,14,[9 1],119,336,350,217,336
1,<environment.Job instance at 0x7f828d541e10>,119,28,[3 9],120,336,364,216,336
1,<environment.Job instance at 0x7f828d5416e0>,124,1,[5 3],125,365,366,240,365
1,<environment.Job instance at 0x7f828d5411e0>,125,25,[10  4],126,365,390,239,365
1,<environment.Job instance at 0x7f828d7de370>,129,3,[3 8],130,391,394,261,391
1,<environment.Job instance at 0x7f828d7de820>,130,3,[5 3],131,391,394,260,391
1,<environment.Job instance at 0x7f828d7def50>,131,2,[1 6],132,394,396,262,391
1,<environment.Job instance at 0x7f828d7de910>,132,2,[6 5],133,394,396,261,391
1,<environment.Job instance at 0x7f828d7de9b0>,135,28,[5 2],136,398,426,262,398
1,<environment.Job instance at 0x7f828d7defa0>,136,2,[ 5 10],137,398,400,261,398
1,<environment.Job instance at 0x7f828d7de190>,137,2,[ 4 10],138,400,402,262,398
1,<environment.Job instance at 0x7f828d7de730>,138,1,[5 2],139,398,399,259,398
1,<environment.Job instance at 0x7f828d604be0>,139,1,[2 6],140,402,403,262,398
1,<environment.Job instance at 0x7f828d880a00>,141,2,[10  3],142,403,405,261,399
1,<environment.Job instance at 0x7f828d4d53c0>,144,2,[5 9],145,413,415,268,413
1,<environment.Job instance at 0x7f828dc673c0>,145,2,[5 3],146,413,415,267,413
1,<environment.Job instance at 0x7f828d880af0>,149,22,[ 4 10],150,434,456,284,434
1,<environment.Job instance at 0x7f828d573b90>,150,1,[ 1 10],151,456,457,305,434
1,<environment.Job instance at 0x7f82434e1b90>,153,3,[1 9],154,457,460,303,445
1,<environment.Job instance at 0x7f828dc627d0>,155,20,[7 3],156,445,465,289,445
1,<environment.Job instance at 0x7f828d28d9b0>,158,2,[2 9],159,460,462,301,451
1,<environment.Job instance at 0x7f828d62ebe0>,9,1,[5 5],10,10,11,0,10
1,<environment.Job instance at 0x7f828d617370>,12,1,[9 5],13,14,15,1,14
1,<environment.Job instance at 0x7f828d624820>,15,2,[ 3 10],16,16,18,0,16
1,<environment.Job instance at 0x7f828d62ce10>,20,1,[8 5],21,31,32,10,31
1,<environment.Job instance at 0x7f828d62c460>,23,26,[9 5],24,37,63,13,37
1,<environment.Job instance at 0x7f828d62f0a0>,26,3,[ 2 12],27,63,66,36,51
1,<environment.Job instance at 0x7f828d62fd20>,29,25,[4 9],30,66,91,36,62
1,<environment.Job instance at 0x7f828d62f410>,30,2,[2 5],31,66,68,35,62
1,<environment.Job instance at 0x7f828d62f780>,33,2,[ 3 12],34,91,93,57,68
1,<environment.Job instance at 0x7f828d62f5f0>,35,1,[5 5],36,68,69,32,68
1,<environment.Job instance at 0x7f828d62f870>,38,2,[2 5],39,83,85,44,83
1,<environment.Job instance at 0x7f8a071b38c0>,10,1,[7 3],11,27,28,16,27
1,<environment.Job instance at 0x7f8a071b3410>,11,2,[3 9],12,27,29,15,27
1,<environment.Job instance at 0x7f8a071b39b0>,15,3,[10  2],16,44,47,28,44
1,<environment.Job instance at 0x7f8a071b3d20>,17,3,[10  3],18,47,50,29,47
1,<environment.Job instance at 0x7f8a071b3c80>,20,1,[3 7],21,72,73,51,72
1,<environment.Job instance at 0x7f8a071b3f00>,22,2,[12  3],23,74,76,51,74
1,<environment.Job instance at 0x7f8a071b4140>,26,22,[2 9],27,76,98,49,76
1,<environment.Job instance at 0x7f8a071b4780>,33,2,[5 3],34,105,107,71,105
1,<environment.Job instance at 0x7f8a071b4820>,36,2,[5 1],37,108,110,71,108
1,<environment.Job instance at 0x7f8a071b4be0>,40,1,[1 8],41,128,129,87,128
1,<environment.Job instance at 0x7f8a071b4dc0>,43,28,[6 4],44,137,165,93,137
1,<environment.Job instance at 0x7f8a071b9320>,47,1,[2 6],48,151,152,103,151
1,<environment.Job instance at 0x7f8a071b92d0>,49,2,[1 9],50,163,165,113,163
1,<environment.Job instance at 0x7f8a071b94b0>,50,27,[9 1],51,165,192,114,163
1,<environment.Job instance at 0x7f8a071b9640>,52,3,[ 3 11],53,177,180,124,177
1,<environment.Job instance at 0x7f8a071cdd20>,5,25,[3 9],6,6,31,0,6
1,<environment.Job instance at 0x7f8a071ce960>,6,1,[7 4],7,7,8,0,7
1,<environment.Job instance at 0x7f8a071cee60>,9,23,[2 8],10,31,54,21,25
1,<environment.Job instance at 0x7f8a071b9640>,4,1,[9 4],5,25,26,20,25
1,<environment.Job instance at 0x7f8a071d1500>,16,26,[9 1],17,26,52,9,25
1,<environment.Job instance at 0x7f8a071d1f00>,26,23,[5 8],27,54,77,27,48
1,<environment.Job instance at 0x7f8a071d66e0>,29,1,[10  3],30,52,53,22,49
1,<environment.Job instance at 0x7f8a071d6cd0>,31,2,[12  1],32,77,79,45,54
1,<environment.Job instance at 0x7f8a07157cd0>,33,27,[5 3],34,79,106,45,77
1,<environment.Job instance at 0x7f8a07159280>,37,1,[1 6],38,80,81,42,80
1,<environment.Job instance at 0x7f8a07157e10>,38,22,[9 2],39,80,102,41,80
1,<environment.Job instance at 0x7f8a07159c80>,39,3,[ 4 12],40,102,105,62,96
1,<environment.Job instance at 0x7f89bf5af960>,48,28,[7 4],49,135,163,86,135
1,<environment.Job instance at 0x7f89bf5b70a0>,54,28,[9 1],55,163,191,108,162
1,<environment.Job instance at 0x7f89bf539f00>,67,3,[4 9],68,212,215,144,212
1,<environment.Job instance at 0x7f89bf539e60>,68,18,[3 8],69,227,245,158,227
1,<environment.Job instance at 0x7f89bf53c280>,70,28,[7 3],71,228,256,157,228
1,<environment.Job instance at 0x7f89bf53cd20>,79,1,[8 3],80,259,260,179,259
1,<environment.Job instance at 0x7f89bf53caa0>,80,18,[8 5],81,260,278,179,259
1,<environment.Job instance at 0x7f89bf53c5a0>,81,3,[1 8],82,259,262,177,259
1,<environment.Job instance at 0x7f89bf53d280>,85,2,[9 2],86,288,290,202,288
1,<environment.Job instance at 0x7f89bf53d050>,86,2,[5 1],87,288,290,201,288
1,<environment.Job instance at 0x7f89bf5b1eb0>,87,1,[1 7],88,288,289,200,288
1,<environment.Job instance at 0x7f89bf5b1640>,90,2,[8 3],91,299,301,208,299
1,<environment.Job instance at 0x7f89bf5b13c0>,92,2,[14  5],93,304,306,211,304
1,<environment.Job instance at 0x7f89bf5b1190>,93,21,[9 5],94,306,327,212,304
1,<environment.Job instance at 0x7f89bf5b1aa0>,91,19,[ 3 14],92,327,346,235,325
1,<environment.Job instance at 0x7f89bf61e870>,96,22,[6 1],97,350,372,253,350
1,<environment.Job instance at 0x7f89bf5bcc80>,98,21,[5 1],99,353,374,254,353
1,<environment.Job instance at 0x7f8a071ce690>,2,20,[7 3],3,3,23,0,3
1,<environment.Job instance at 0x7f8a0a611230>,13,1,[2 8],14,14,15,0,14
1,<environment.Job instance at 0x7f89bf433230>,8,17,[2 8],9,24,41,15,24
1,<environment.Job instance at 0x7f89bf3fa780>,19,22,[1 6],20,24,46,4,24
1,<environment.Job instance at 0x7f89bf3fac80>,21,25,[10  4],22,41,66,19,37
1,<environment.Job instance at 0x7f8a0a72eaa0>,24,22,[1 9],25,46,68,21,39
1,<environment.Job instance at 0x7f8a076ac9b0>,33,24,[3 6],34,66,90,32,66
1,<environment.Job instance at 0x7f8a073f0050>,34,2,[4 8],35,68,70,33,66
1,<environment.Job instance at 0x7f8a07653dc0>,35,20,[3 8],36,70,90,34,66
1,<environment.Job instance at 0x7f8a073f00a0>,37,27,[9 5],38,90,117,52,88
1,<environment.Job instance at 0x7f89bf4969b0>,43,2,[ 3 14],44,117,119,73,91
1,<environment.Job instance at 0x7f89bf496780>,44,2,[1 9],45,92,94,47,92
1,<environment.Job instance at 0x7f89bf496c80>,46,21,[6 1],47,100,121,53,100
1,<environment.Job instance at 0x7f89bf496e10>,49,1,[10  5],50,121,122,71,115
1,<environment.Job instance at 0x7f89bf46d5a0>,51,2,[7 4],52,119,121,67,115
1,<environment.Job instance at 0x7f89bf46dd70>,53,18,[8 1],54,122,140,68,121
1,<environment.Job instance at 0x7f89bf46d140>,54,3,[ 3 12],55,122,125,67,121
1,<environment.Job instance at 0x7f89bf46de10>,55,27,[5 5],56,125,152,69,123
1,<environment.Job instance at 0x7f89bf46ddc0>,56,22,[2 8],57,125,147,68,123
1,<environment.Job instance at 0x7f89bf46d820>,57,20,[5 2],58,140,160,82,134
1,<environment.Job instance at 0x7f89bf46b5f0>,63,27,[7 5],64,152,179,88,151
1,<environment.Job instance at 0x7f8a0765b1e0>,69,17,[5 1],70,177,194,107,177
1,<environment.Job instance at 0x7f8a0a5ea3c0>,70,2,[9 4],71,179,181,108,177
1,<environment.Job instance at 0x7f8a0a5eac30>,71,18,[5 7],72,181,199,109,180
1,<environment.Job instance at 0x7f89bf4756e0>,74,3,[2 5],75,192,195,117,192
1,<environment.Job instance at 0x7f89bf475910>,75,25,[3 7],76,195,220,119,192
1,<environment.Job instance at 0x7f89bf4755a0>,79,3,[9 3],80,205,208,125,205
1,<environment.Job instance at 0x7f89bf4e11e0>,80,1,[ 4 12],81,220,221,139,205
1,<environment.Job instance at 0x7f89bf4e1be0>,81,1,[10  1],82,208,209,126,205
1,<environment.Job instance at 0x7f8a07707b90>,83,1,[5 2],84,211,212,127,211
1,<environment.Job instance at 0x7f8a06f93320>,88,21,[9 5],89,275,296,186,275
1,<environment.Job instance at 0x7f8a07652910>,89,3,[12  1],90,296,299,206,275
1,<environment.Job instance at 0x7f8a06f2e910>,91,1,[5 5],92,278,279,186,278
1,<environment.Job instance at 0x7f8a0765d050>,93,2,[ 4 10],94,280,282,186,280
1,<environment.Job instance at 0x7f8a06f33730>,94,2,[5 3],95,282,284,187,280
1,<environment.Job instance at 0x7f8a073c7820>,98,3,[ 2 10],99,299,302,200,299
1,<environment.Job instance at 0x7f89bfaed190>,7,1,[11  4],8,20,21,12,20
1,<environment.Job instance at 0x7f89bfa7f3c0>,3,3,[ 5 13],4,23,26,19,23
1,<environment.Job instance at 0x7f89bfa7ebe0>,13,1,[8 5],14,27,28,13,27
1,<environment.Job instance at 0x7f89bfa7e8c0>,15,24,[10  2],16,28,52,12,28
1,<environment.Job instance at 0x7f89bfa7ee60>,18,19,[1 6],19,41,60,22,41
1,<environment.Job instance at 0x7f8a07504f00>,19,27,[14  1],20,52,79,32,50
1,<environment.Job instance at 0x7f8a0791d280>,22,2,[11  4],23,79,81,56,59
1,<environment.Job instance at 0x7f8a07cb8f00>,23,20,[5 7],24,81,101,57,72
1,<environment.Job instance at 0x7f8a07ada690>,26,27,[4 5],27,79,106,52,77
1,<environment.Job instance at 0x7f8a07591be0>,32,3,[11  3],33,101,104,68,95
1,<environment.Job instance at 0x7f89bf3fa3c0>,33,18,[6 1],34,104,122,70,103
1,<environment.Job instance at 0x7f8a0747f960>,35,1,[8 1],36,106,107,70,103
1,<environment.Job instance at 0x7f8a075d25a0>,37,2,[2 6],38,104,106,66,104
1,<environment.Job instance at 0x7f8a075d2a00>,39,1,[5 7],40,107,108,67,104
1,<environment.Job instance at 0x7f8a071e9e10>,42,3,[4 9],43,124,127,81,124
1,<environment.Job instance at 0x7f8a073c3af0>,44,2,[10  3],45,136,138,91,136
1,<environment.Job instance at 0x7f8a07048190>,4,3,[ 2 12],5,6,9,1,6
1,<environment.Job instance at 0x7f89bf80b0a0>,10,1,[9 4],11,12,13,1,12
1,<environment.Job instance at 0x7f89bf80bc80>,11,2,[ 3 14],12,14,16,2,14
1,<environment.Job instance at 0x7f8a07238a50>,14,3,[3 6],15,16,19,1,15
1,<environment.Job instance at 0x7f89bf8badc0>,15,1,[8 4],16,17,18,1,17
1,<environment.Job instance at 0x7f8a07238aa0>,17,27,[9 3],18,18,45,0,18
1,<environment.Job instance at 0x7f8a07238500>,28,24,[4 7],29,50,74,21,50
1,<environment.Job instance at 0x7f8a073216e0>,31,3,[5 2],32,55,58,23,55
1,<environment.Job instance at 0x7f8a07321730>,33,3,[4 7],34,69,72,35,69
1,<environment.Job instance at 0x7f8a07321550>,36,2,[3 6],37,84,86,47,84
1,<environment.Job instance at 0x7f8a07321b90>,38,2,[5 8],39,85,87,46,85
1,<environment.Job instance at 0x7f8a07321910>,39,3,[14  1],40,87,90,47,86
1,<environment.Job instance at 0x7f8a07321d70>,40,20,[4 6],41,90,110,49,86
1,<environment.Job instance at 0x7f8a07321870>,41,2,[8 4],42,90,92,48,86
1,<environment.Job instance at 0x7f8a07590f50>,3,24,[ 5 11],4,4,28,0,4
1,<environment.Job instance at 0x7f8a07ede7d0>,13,1,[10  5],14,28,29,14,22
1,<environment.Job instance at 0x7f8a07ede0a0>,15,2,[8 3],16,25,27,9,25
1,<environment.Job instance at 0x7f89bf3fe870>,21,3,[1 9],22,54,57,32,54
1,<environment.Job instance at 0x7f89bf3fe230>,23,22,[5 2],24,54,76,30,54
1,<environment.Job instance at 0x7f89bf3fe1e0>,29,3,[10  5],30,94,97,64,94
1,<environment.Job instance at 0x7f89bf3fe4b0>,31,2,[1 6],32,105,107,73,105
1,<environment.Job instance at 0x7f89bf8ff280>,1,18,[11  2],2,105,123,103,105
1,<environment.Job instance at 0x7f8a07bcf5a0>,36,25,[6 3],37,123,148,86,119
1,<environment.Job instance at 0x7f8a07bcf0a0>,41,2,[3 8],42,125,127,83,125
1,<environment.Job instance at 0x7f89bf80bd70>,43,2,[14  3],44,148,150,104,126
1,<environment.Job instance at 0x7f89bf80b640>,44,1,[14  5],45,150,151,105,127
1,<environment.Job instance at 0x7f8a07e48e60>,48,16,[7 2],49,151,167,102,140
1,<environment.Job instance at 0x7f8a07e48af0>,49,1,[1 8],50,140,141,90,140
1,<environment.Job instance at 0x7f8a07e480a0>,50,1,[8 1],51,140,141,89,140
1,<environment.Job instance at 0x7f8a07e485f0>,52,2,[3 6],53,142,144,89,142
1,<environment.Job instance at 0x7f8a07e48050>,53,1,[12  4],54,167,168,113,142
1,<environment.Job instance at 0x7f8a071044b0>,54,3,[4 5],55,142,145,87,142
1,<environment.Job instance at 0x7f8a07104c80>,56,3,[5 8],57,160,163,103,160
1,<environment.Job instance at 0x7f8a07104b40>,57,20,[1 8],58,163,183,105,160
1,<environment.Job instance at 0x7f8a07104320>,60,2,[ 2 12],61,183,185,122,160
1,<environment.Job instance at 0x7f8a07104a50>,61,21,[4 9],62,185,206,123,177
1,<environment.Job instance at 0x7f89bf807960>,65,23,[8 4],66,185,208,119,179
1,<environment.Job instance at 0x7f89bf807f50>,67,20,[5 7],68,206,226,138,197
1,<environment.Job instance at 0x7f8a0a5994b0>,71,3,[2 6],72,208,211,136,206
1,<environment.Job instance at 0x7f89bf807c80>,73,3,[8 3],74,211,214,137,206
1,<environment.Job instance at 0x7f8a07261b90>,76,1,[7 4],77,228,229,151,228
1,<environment.Job instance at 0x7f8a07261140>,78,3,[2 7],79,229,232,150,229
1,<environment.Job instance at 0x7f8a072610f0>,79,18,[2 7],80,239,257,159,239
1,<environment.Job instance at 0x7f8a07261460>,81,20,[ 5 13],82,257,277,175,248
1,<environment.Job instance at 0x7f89bf600780>,90,24,[7 2],91,260,284,169,260
1,<environment.Job instance at 0x7f89bfab5dc0>,94,17,[8 1],95,278,295,183,278
1,<environment.Job instance at 0x7f8a0729f9b0>,5,21,[9 3],6,6,27,0,6
1,<environment.Job instance at 0x7f8a07b73820>,7,25,[9 4],8,27,52,19,23
1,<environment.Job instance at 0x7f8a07baa320>,18,2,[10  5],19,52,54,33,31
1,<environment.Job instance at 0x7f8a07baa690>,19,28,[6 1],20,54,82,34,53
1,<environment.Job instance at 0x7f89bfa0a960>,20,3,[2 8],21,53,56,32,53
1,<environment.Job instance at 0x7f8a07b60640>,23,1,[8 5],24,56,57,32,53
1,<environment.Job instance at 0x7f8a07c39690>,25,3,[7 5],26,57,60,31,55
1,<environment.Job instance at 0x7f8a07b12690>,33,24,[5 3],34,91,115,57,91
1,<environment.Job instance at 0x7f8a07bdca50>,35,1,[5 9],36,92,93,56,92
1,<environment.Job instance at 0x7f8a077d4aa0>,37,2,[11  4],38,115,117,77,104
1,<environment.Job instance at 0x7f89bf79aaa0>,41,28,[9 4],42,117,145,75,117
1,<environment.Job instance at 0x7f89bf7f3550>,42,2,[3 6],43,117,119,74,117
1,<environment.Job instance at 0x7f8a07a35f50>,46,1,[6 3],47,132,133,85,132
1,<environment.Job instance at 0x7f8a0716c0a0>,48,19,[ 3 11],49,138,157,89,138
1,<environment.Job instance at 0x7f8a0721cf00>,55,3,[5 3],56,180,183,124,180
1,<environment.Job instance at 0x7f8a0716c5f0>,56,21,[5 5],57,180,201,123,180
1,<environment.Job instance at 0x7f8a0721c640>,61,1,[4 5],62,200,201,138,200
1,<environment.Job instance at 0x7f8a07895410>,66,1,[ 4 10],67,217,218,150,217
1,<environment.Job instance at 0x7f8a070079b0>,69,2,[5 8],70,234,236,164,234
1,<environment.Job instance at 0x7f8a078bbc80>,74,22,[4 9],75,262,284,187,262
1,<environment.Job instance at 0x7f8a078bba50>,76,21,[5 5],77,262,283,185,262
1,<environment.Job instance at 0x7f8a07e56870>,77,1,[10  4],78,283,284,205,262
1,<environment.Job instance at 0x7f8a07e56b40>,83,2,[13  2],84,284,286,200,281
1,<environment.Job instance at 0x7f8a07cde4b0>,85,25,[1 6],86,292,317,206,292
1,<environment.Job instance at 0x7f8a07cde780>,86,1,[5 5],87,292,293,205,292
1,<environment.Job instance at 0x7f89bf798e60>,88,3,[ 1 10],89,317,320,228,297
1,<environment.Job instance at 0x7f89bf8c9e10>,90,27,[11  2],91,299,326,208,299
1,<environment.Job instance at 0x7f89bf6827d0>,92,20,[ 5 10],93,326,346,233,317
1,<environment.Job instance at 0x7f89bfae6050>,95,24,[8 3],96,326,350,230,321
1,<environment.Job instance at 0x7f8a070b6690>,102,1,[5 9],103,346,347,243,338
1,<environment.Job instance at 0x7f8a070b60a0>,103,1,[2 6],104,347,348,243,338
1,<environment.Job instance at 0x7f8a070b60f0>,107,24,[5 9],108,357,381,249,357
1,<environment.Job instance at 0x7f8a070b62d0>,109,3,[1 7],110,381,384,271,373
1,<environment.Job instance at 0x7f8a070b6780>,111,28,[3 6],112,373,401,261,373
1,<environment.Job instance at 0x7f8a0712f730>,118,2,[4 6],119,405,407,286,405
1,<environment.Job instance at 0x7f8a0712ff00>,119,26,[2 6],120,405,431,285,405
1,<environment.Job instance at 0x7f8a0712f690>,120,20,[9 3],121,405,425,284,405
1,<environment.Job instance at 0x7f8a0712f1e0>,127,1,[ 1 13],128,431,432,303,423
1,<environment.Job instance at 0x7f8a0712f140>,128,26,[8 2],129,425,451,296,423
1,<environment.Job instance at 0x7f8a075a2320>,131,1,[5 4],132,432,433,300,431
1,<environment.Job instance at 0x7f8a075a2c80>,135,25,[ 3 14],136,453,478,317,453
1,<environment.Job instance at 0x7f8a0726bd70>,140,2,[4 6],141,485,487,344,485
1,<environment.Job instance at 0x7f8a0726b640>,141,3,[ 4 13],142,487,490,345,485
1,<environment.Job instance at 0x7f8a0726b6e0>,144,27,[13  3],145,490,517,345,489
1,<environment.Job instance at 0x7f8a0726b7d0>,150,2,[8 4],151,517,519,366,507
1,<environment.Job instance at 0x7f8a0716b5f0>,151,2,[3 9],152,517,519,365,507
1,<environment.Job instance at 0x7f8a0716be60>,155,19,[1 5],156,522,541,366,522
1,<environment.Job instance at 0x7f8a0716b5a0>,157,1,[10  2],158,533,534,375,533
1,<environment.Job instance at 0x7f8a0716bb90>,159,1,[9 4],160,536,537,376,536
1,<environment.Job instance at 0x7f8a0716bfa0>,163,3,[3 9],164,568,571,404,568
1,<environment.Job instance at 0x7f8a0716b0f0>,164,27,[6 1],165,568,595,403,568
1,<environment.Job instance at 0x7f8a06f7ad70>,1,24,[14  3],2,2,26,0,2
1,<environment.Job instance at 0x7f8a0712dd20>,3,24,[10  2],4,26,50,22,21
1,<environment.Job instance at 0x7f8a07b9bd70>,25,27,[4 5],26,54,81,28,54
1,<environment.Job instance at 0x7f8a07b9b3c0>,26,1,[12  2],27,81,82,54,59
1,<environment.Job instance at 0x7f8a07b9b140>,31,2,[ 5 10],32,69,71,37,69
1,<environment.Job instance at 0x7f8a07b9b0a0>,36,25,[7 3],37,82,107,45,78
1,<environment.Job instance at 0x7f8a07baa730>,40,26,[6 4],41,82,108,41,80
1,<environment.Job instance at 0x7f89bf75acd0>,47,21,[9 4],48,118,139,70,118
1,<environment.Job instance at 0x7f89bf75ad20>,48,21,[5 1],49,118,139,69,118
1,<environment.Job instance at 0x7f89bf778500>,57,3,[ 1 10],58,141,144,83,141
1,<environment.Job instance at 0x7f89bf7785f0>,58,2,[5 7],59,144,146,85,141
1,<environment.Job instance at 0x7f89bf7789b0>,59,20,[5 9],60,146,166,86,141
1,<environment.Job instance at 0x7f89bf778c80>,64,2,[10  4],65,162,164,97,162
1,<environment.Job instance at 0x7f89bf778fa0>,69,2,[6 1],70,175,177,105,175
1,<environment.Job instance at 0x7f89bf778f50>,70,2,[6 1],71,175,177,104,175
1,<environment.Job instance at 0x7f89bf771230>,71,3,[7 4],72,177,180,105,175
1,<environment.Job instance at 0x7f89bf771320>,74,1,[13  5],75,186,187,111,186
1,<environment.Job instance at 0x7f89bf7714b0>,76,1,[5 7],77,192,193,115,192
1,<environment.Job instance at 0x7f89bf771960>,79,3,[ 3 10],80,203,206,123,203
1,<environment.Job instance at 0x7f89bf771af0>,80,25,[5 3],81,203,228,122,203
1,<environment.Job instance at 0x7f89bf771be0>,82,2,[3 7],83,210,212,127,210
1,<environment.Job instance at 0x7f89bf771dc0>,85,2,[8 1],86,223,225,137,223
1,<environment.Job instance at 0x7f89bf771f00>,87,1,[ 4 10],88,229,230,141,229
1,<environment.Job instance at 0x7f89bf771f50>,89,28,[3 9],90,240,268,150,240
1,<environment.Job instance at 0x7f89bf775190>,91,2,[2 9],92,268,270,176,242
1,<environment.Job instance at 0x7f89bf7710a0>,92,23,[3 7],93,270,293,177,264
1,<environment.Job instance at 0x7f89bf775370>,93,3,[8 1],94,265,268,171,265
1,<environment.Job instance at 0x7f89bf7750f0>,96,3,[ 5 14],97,293,296,196,290
1,<environment.Job instance at 0x7f89bf775a50>,103,1,[5 4],104,296,297,192,295
1,<environment.Job instance at 0x7f89bf775af0>,104,3,[8 2],105,296,299,191,295
1,<environment.Job instance at 0x7f89bf775c30>,105,1,[1 8],106,296,297,190,295
1,<environment.Job instance at 0x7f89bf775b40>,108,3,[ 4 10],109,328,331,219,328
1,<environment.Job instance at 0x7f89bf775eb0>,113,3,[5 3],114,371,374,257,371
1,<environment.Job instance at 0x7f89bf760050>,115,1,[6 1],116,406,407,290,406
1,<environment.Job instance at 0x7f89bf760320>,116,1,[ 5 10],117,406,407,289,406
1,<environment.Job instance at 0x7f89bfa7d690>,1,27,[8 5],2,2,29,0,2
1,<environment.Job instance at 0x7f89bfa7d410>,0,2,[14  4],1,29,31,28,17
1,<environment.Job instance at 0x7f8a07e102d0>,10,1,[5 2],11,17,18,6,17
1,<environment.Job instance at 0x7f8a07e10be0>,13,26,[7 1],14,31,57,17,28
1,<environment.Job instance at 0x7f8a079ad8c0>,16,1,[7 3],17,28,29,11,28
1,<environment.Job instance at 0x7f8a0792d780>,19,1,[7 1],20,39,40,19,39
1,<environment.Job instance at 0x7f8a079ad9b0>,21,2,[3 8],22,40,42,18,39
1,<environment.Job instance at 0x7f8a07775e10>,25,3,[6 4],26,66,69,40,66
1,<environment.Job instance at 0x7f8a0729c280>,27,3,[1 8],28,70,73,42,70
1,<environment.Job instance at 0x7f8a07cd5f50>,28,3,[3 6],29,70,73,41,70
1,<environment.Job instance at 0x7f89bf55d640>,31,3,[10  1],32,79,82,47,79
1,<environment.Job instance at 0x7f8a07b51140>,33,2,[2 6],34,88,90,54,88
1,<environment.Job instance at 0x7f8a07b51c30>,34,18,[7 1],35,93,111,58,93
1,<environment.Job instance at 0x7f8a07a6aaa0>,35,1,[7 3],36,93,94,57,93
1,<environment.Job instance at 0x7f8a07a57c80>,36,3,[5 5],37,94,97,57,93
1,<environment.Job instance at 0x7f8a07a6d640>,37,2,[3 7],38,94,96,56,93
1,<environment.Job instance at 0x7f89bf5645f0>,39,25,[3 6],40,96,121,56,94
1,<environment.Job instance at 0x7f8a06f75190>,7,27,[8 5],8,8,35,0,8
1,<environment.Job instance at 0x7f8a0780d050>,9,3,[ 1 12],10,36,39,26,36
1,<environment.Job instance at 0x7f8a0700d780>,20,20,[8 5],21,39,59,18,37
1,<environment.Job instance at 0x7f89bf67d5a0>,14,3,[13  1],15,59,62,44,51
1,<environment.Job instance at 0x7f89bf6d9050>,25,25,[4 5],26,62,87,36,58
1,<environment.Job instance at 0x7f89bf6d9320>,26,2,[ 1 10],27,58,60,31,58
1,<environment.Job instance at 0x7f89bf6d9280>,28,1,[ 4 14],29,87,88,58,59
1,<environment.Job instance at 0x7f89bf6d9e10>,29,1,[5 6],30,62,63,32,59
1,<environment.Job instance at 0x7f8a073c3640>,32,3,[5 8],33,63,66,30,60
1,<environment.Job instance at 0x7f8a077b6960>,35,1,[1 7],36,66,67,30,62
1,<environment.Job instance at 0x7f8a074b9460>,37,1,[4 7],38,67,68,29,62
1,<environment.Job instance at 0x7f8a07895460>,39,2,[4 8],40,70,72,30,70
1,<environment.Job instance at 0x7f8a078955a0>,40,2,[13  2],41,88,90,47,86
1,<environment.Job instance at 0x7f8a07e379b0>,44,1,[12  5],45,90,91,45,86
1,<environment.Job instance at 0x7f8a07e37960>,47,26,[ 3 10],48,96,122,48,96
1,<environment.Job instance at 0x7f8a075b1870>,51,3,[12  2],52,118,121,66,118
1,<environment.Job instance at 0x7f8a075b1460>,52,1,[2 6],53,122,123,69,118
1,<environment.Job instance at 0x7f8a075b1af0>,54,1,[7 3],55,121,122,66,118
1,<environment.Job instance at 0x7f8a075b1e60>,57,2,[5 8],58,122,124,64,118
1,<environment.Job instance at 0x7f89bf99c2d0>,59,2,[10  1],60,123,125,63,118
1,<environment.Job instance at 0x7f8a075ad5a0>,62,1,[7 4],63,125,126,62,122
1,<environment.Job instance at 0x7f8a0714c1e0>,68,1,[2 8],69,149,150,80,149
1,<environment.Job instance at 0x7f8a0714c550>,69,2,[6 3],70,149,151,79,149
1,<environment.Job instance at 0x7f8a0714c370>,71,1,[5 3],72,156,157,84,156
1,<environment.Job instance at 0x7f89bf4fe8c0>,64,3,[14  3],65,157,160,92,156
1,<environment.Job instance at 0x7f8a07ce2640>,73,3,[7 1],74,160,163,86,156
1,<environment.Job instance at 0x7f8a06f949b0>,75,3,[ 1 10],76,165,168,89,165
1,<environment.Job instance at 0x7f8a06f94910>,76,1,[11  3],77,166,167,89,166
1,<environment.Job instance at 0x7f8a06f2cb40>,77,1,[8 4],78,167,168,89,166
1,<environment.Job instance at 0x7f89bf539960>,79,2,[3 9],80,168,170,88,168
1,<environment.Job instance at 0x7f89bf5391e0>,82,2,[8 5],83,184,186,101,184
1,<environment.Job instance at 0x7f89bf4396e0>,84,2,[8 5],85,197,199,112,197
1,<environment.Job instance at 0x7f8a078954b0>,42,18,[4 8],43,198,216,155,198
1,<environment.Job instance at 0x7f8a07b3eb40>,91,3,[6 5],92,229,232,137,229
1,<environment.Job instance at 0x7f8a06f5e910>,93,3,[4 7],94,231,234,137,231
1,<environment.Job instance at 0x7f8a06f5e230>,95,3,[8 5],96,246,249,150,246
1,<environment.Job instance at 0x7f8a06f5e050>,98,3,[4 7],99,259,262,160,259
1,<environment.Job instance at 0x7f8a06f5eaa0>,99,3,[4 8],100,259,262,159,259
1,<environment.Job instance at 0x7f8a06f5e1e0>,101,18,[7 1],102,262,280,160,260
1,<environment.Job instance at 0x7f8a070a45a0>,104,2,[10  2],105,280,282,175,260
1,<environment.Job instance at 0x7f8a070a4960>,107,2,[9 2],108,282,284,174,273
1,<environment.Job instance at 0x7f8a070a4fa0>,108,2,[13  1],109,284,286,175,273
1,<environment.Job instance at 0x7f8a070a43c0>,111,26,[7 2],112,287,313,175,287
1,<environment.Job instance at 0x7f89bfa78640>,120,2,[8 1],121,312,314,191,312
1,<environment.Job instance at 0x7f89bfa78960>,121,23,[5 9],122,313,336,191,312
1,<environment.Job instance at 0x7f89bfa78e10>,123,3,[ 1 14],124,336,339,212,335
1,<environment.Job instance at 0x7f8a07a6acd0>,124,1,[ 2 10],125,339,340,214,335
1,<environment.Job instance at 0x7f8a07a6af50>,126,1,[ 3 13],127,340,341,213,337
1,<environment.Job instance at 0x7f8a07a6a780>,127,22,[2 9],128,341,363,213,337
1,<environment.Job instance at 0x7f8a07a6a230>,136,20,[8 2],137,351,371,214,351
1,<environment.Job instance at 0x7f8a07a6a2d0>,138,26,[2 5],139,363,389,224,360
1,<environment.Job instance at 0x7f8a07a6a0f0>,139,1,[9 3],140,371,372,231,360
1,<environment.Job instance at 0x7f8a07a6a690>,141,3,[1 5],142,367,370,225,367
1,<environment.Job instance at 0x7f8a0729c820>,144,1,[10  4],145,380,381,235,380
1,<environment.Job instance at 0x7f8a0729c640>,145,2,[8 4],146,381,383,235,380
1,<environment.Job instance at 0x7f8a0729c780>,146,24,[2 9],147,383,407,236,380
1,<environment.Job instance at 0x7f8a07700140>,1,23,[1 8],2,2,25,0,2
1,<environment.Job instance at 0x7f8a0702c910>,16,25,[8 1],17,20,45,3,20
1,<environment.Job instance at 0x7f8a07e37870>,19,3,[7 4],20,31,34,11,31
1,<environment.Job instance at 0x7f8a075ad820>,20,2,[3 9],21,34,36,13,31
1,<environment.Job instance at 0x7f89bf8120f0>,24,28,[7 4],25,43,71,18,43
1,<environment.Job instance at 0x7f8a07579f50>,25,20,[7 2],26,45,65,19,43
1,<environment.Job instance at 0x7f8a07e68870>,32,3,[8 4],33,71,74,38,71
1,<environment.Job instance at 0x7f8a07c5be60>,34,19,[1 8],35,76,95,41,76
1,<environment.Job instance at 0x7f8a075bc870>,41,3,[10  1],42,100,103,58,100
1,<environment.Job instance at 0x7f8a075bcc30>,43,20,[4 5],44,100,120,56,100
1,<environment.Job instance at 0x7f8a07934a50>,45,20,[5 5],46,103,123,57,102
1,<environment.Job instance at 0x7f8a079340a0>,49,2,[1 6],50,120,122,70,119
1,<environment.Job instance at 0x7f8a07c7fbe0>,55,3,[5 2],56,150,153,94,150
1,<environment.Job instance at 0x7f8a076b0d70>,56,2,[14  1],57,153,155,96,150
1,<environment.Job instance at 0x7f8a076b0fa0>,57,2,[5 5],58,150,152,92,150
1,<environment.Job instance at 0x7f8a06f79190>,61,25,[1 6],62,164,189,102,164
1,<environment.Job instance at 0x7f8a06f792d0>,63,26,[10  4],64,171,197,107,171
1,<environment.Job instance at 0x7f8a06f795f0>,65,24,[4 7],66,189,213,123,184
1,<environment.Job instance at 0x7f8a06f79140>,72,1,[3 6],73,213,214,140,213
1,<environment.Job instance at 0x7f8a06f79a50>,73,2,[5 5],74,213,215,139,213
1,<environment.Job instance at 0x7f8a06f79d20>,75,3,[2 8],76,236,239,160,236
1,<environment.Job instance at 0x7f8a06f79f50>,77,28,[7 2],78,239,267,161,239
1,<environment.Job instance at 0x7f8a06f79f00>,79,27,[ 3 10],80,240,267,160,240
1,<environment.Job instance at 0x7f8a06f92140>,82,26,[9 1],83,267,293,184,264
1,<environment.Job instance at 0x7f8a06f92460>,84,21,[10  5],85,293,314,208,285
1,<environment.Job instance at 0x7f8a06f92320>,86,3,[ 2 14],87,314,317,227,305
1,<environment.Job instance at 0x7f8a06f92690>,87,20,[10  2],88,317,337,229,308
1,<environment.Job instance at 0x7f8a06f92be0>,97,27,[9 4],98,337,364,239,335
1,<environment.Job instance at 0x7f8a06f78370>,103,1,[8 3],104,364,365,260,361
1,<environment.Job instance at 0x7f8a071606e0>,1,21,[1 7],2,2,23,0,2
1,<environment.Job instance at 0x7f8a070a44b0>,8,1,[1 5],9,9,10,0,9
1,<environment.Job instance at 0x7f8a0761b550>,2,1,[ 4 11],3,23,24,20,13
1,<environment.Job instance at 0x7f8a0707b910>,14,3,[ 1 12],15,24,27,9,15
1,<environment.Job instance at 0x7f8a074e3910>,15,3,[ 1 10],16,27,30,11,25
1,<environment.Job instance at 0x7f8a07277370>,20,25,[6 2],21,26,51,5,26
1,<environment.Job instance at 0x7f89bf39a9b0>,23,1,[ 4 12],24,31,32,7,31
1,<environment.Job instance at 0x7f89bfa4e5f0>,24,21,[5 2],25,32,53,7,31
1,<environment.Job instance at 0x7f89bfa62190>,33,3,[1 8],34,52,55,18,52
1,<environment.Job instance at 0x7f8a07277fa0>,22,3,[14  1],23,53,56,30,52
1,<environment.Job instance at 0x7f8a0a80e410>,36,18,[1 8],37,62,80,25,62
1,<environment.Job instance at 0x7f8a0a80e3c0>,37,27,[4 8],38,80,107,42,78
1,<environment.Job instance at 0x7f89bfb25780>,42,1,[5 5],43,92,93,49,92
1,<environment.Job instance at 0x7f89bfa0ebe0>,38,20,[ 4 13],39,107,127,68,98
1,<environment.Job instance at 0x7f89bf9c2c30>,53,2,[2 7],54,127,129,73,124
1,<environment.Job instance at 0x7f8a074f8b90>,54,1,[1 7],55,127,128,72,124
1,<environment.Job instance at 0x7f8a07274d70>,58,2,[7 3],59,141,143,82,141
1,<environment.Job instance at 0x7f89bf66fe60>,61,3,[5 2],62,148,151,86,148
1,<environment.Job instance at 0x7f8a074f88c0>,56,18,[4 9],57,154,172,97,154
1,<environment.Job instance at 0x7f89bf66f870>,65,1,[3 8],66,172,173,106,155
1,<environment.Job instance at 0x7f89bf66f550>,67,2,[7 1],68,156,158,88,156
1,<environment.Job instance at 0x7f89bf66fe10>,68,2,[5 5],69,158,160,89,156
1,<environment.Job instance at 0x7f89bf8b3690>,72,2,[6 4],73,183,185,110,183
1,<environment.Job instance at 0x7f89bf8b3c30>,73,1,[5 3],74,183,184,109,183
1,<environment.Job instance at 0x7f89bf8b30a0>,74,18,[6 5],75,184,202,109,183
1,<environment.Job instance at 0x7f89bf8b3780>,75,1,[5 1],76,185,186,109,183
1,<environment.Job instance at 0x7f89bf8b3320>,78,3,[6 1],79,186,189,107,184
1,<environment.Job instance at 0x7f89bf8b3870>,80,1,[9 3],81,200,201,119,200
1,<environment.Job instance at 0x7f89bf8b3640>,81,1,[2 5],82,201,202,119,200
1,<environment.Job instance at 0x7f8a07afbf00>,83,13,[2 7],84,202,215,118,201
1,<environment.Job instance at 0x7f89bf8b3b40>,84,2,[7 3],85,201,203,116,201
1,<environment.Job instance at 0x7f8a06f9bc80>,87,1,[8 1],88,213,214,125,213
1,<environment.Job instance at 0x7f8a06f9b820>,85,18,[4 9],86,215,233,129,214
1,<environment.Job instance at 0x7f89bf8b30f0>,89,3,[9 5],90,214,217,124,214
1,<environment.Job instance at 0x7f8a076cab40>,90,2,[8 4],91,217,219,126,214
1,<environment.Job instance at 0x7f8a070abcd0>,92,1,[2 9],93,233,234,140,214
1,<environment.Job instance at 0x7f8a070aba00>,96,21,[10  4],97,231,252,134,231
1,<environment.Job instance at 0x7f89bf3de1e0>,99,2,[9 5],100,252,254,152,249
1,<environment.Job instance at 0x7f8a075792d0>,100,1,[8 3],101,254,255,153,249
1,<environment.Job instance at 0x7f89bf3dee60>,101,2,[10  3],102,255,257,153,249
1,<environment.Job instance at 0x7f8a07579820>,102,3,[ 4 10],103,249,252,146,249
1,<environment.Job instance at 0x7f8a07579d70>,104,2,[7 5],105,257,259,152,253
1,<environment.Job instance at 0x7f8a07579410>,105,23,[7 3],106,257,280,151,253
1,<environment.Job instance at 0x7f8a07923460>,106,2,[ 2 10],107,253,255,146,253
1,<environment.Job instance at 0x7f8a07579730>,107,20,[8 3],108,259,279,151,253
1,<environment.Job instance at 0x7f8a07923af0>,109,22,[9 1],110,280,302,170,273
1,<environment.Job instance at 0x7f8a0761baf0>,6,2,[5 1],7,7,9,0,7
1,<environment.Job instance at 0x7f8a071604b0>,7,20,[5 3],8,8,28,0,8
1,<environment.Job instance at 0x7f89bf6c25a0>,14,1,[4 6],15,26,27,11,26
1,<environment.Job instance at 0x7f8a07172140>,17,3,[5 6],18,41,44,23,41
1,<environment.Job instance at 0x7f8a07172870>,23,1,[6 3],24,68,69,44,68
1,<environment.Job instance at 0x7f89bf6a66e0>,27,3,[6 1],28,87,90,59,87
1,<environment.Job instance at 0x7f89bf6a60f0>,28,1,[1 6],29,87,88,58,87
1,<environment.Job instance at 0x7f89bf6a6dc0>,30,1,[9 2],31,99,100,68,99
1,<environment.Job instance at 0x7f89bf6a6b90>,31,2,[1 9],32,99,101,67,99
1,<environment.Job instance at 0x7f89bf6a6190>,32,1,[ 1 11],33,101,102,68,99
1,<environment.Job instance at 0x7f89bf6a63c0>,33,3,[9 3],34,102,105,68,102
1,<environment.Job instance at 0x7f8a07160780>,4,2,[4 5],5,5,7,0,5
1,<environment.Job instance at 0x7f8a075b1af0>,1,2,[11  4],2,9,11,7,9
1,<environment.Job instance at 0x7f8a07160aa0>,2,3,[14  5],3,28,31,25,28
1,<environment.Job instance at 0x7f8a074e3c30>,21,2,[ 1 10],22,38,40,16,38
1,<environment.Job instance at 0x7f8a06f6d460>,24,1,[6 3],25,51,52,26,51
1,<environment.Job instance at 0x7f8a06f6dcd0>,26,26,[5 7],27,52,78,25,52
1,<environment.Job instance at 0x7f8a07aaf0f0>,35,3,[4 7],36,79,82,43,79
1,<environment.Job instance at 0x7f89bf988320>,36,3,[ 4 11],37,82,85,45,81
1,<environment.Job instance at 0x7f8a076ca6e0>,39,20,[3 9],40,85,105,45,81
1,<environment.Job instance at 0x7f89bf4a66e0>,41,23,[8 4],42,92,115,50,92
1,<environment.Job instance at 0x7f89bf927820>,44,3,[11  3],45,115,118,70,104
1,<environment.Job instance at 0x7f8a07842eb0>,46,2,[ 2 12],47,115,117,68,109
1,<environment.Job instance at 0x7f89bf810b90>,47,2,[1 9],48,109,111,61,109
1,<environment.Job instance at 0x7f89bf8107d0>,49,1,[5 4],50,111,112,61,109
1,<environment.Job instance at 0x7f8a0a5e6500>,50,1,[3 6],51,112,113,61,109
1,<environment.Job instance at 0x7f8a0743a9b0>,52,2,[6 2],53,113,115,60,112
1,<environment.Job instance at 0x7f8a0743acd0>,54,3,[ 3 10],55,125,128,70,125
1,<environment.Job instance at 0x7f8a0743aeb0>,55,27,[6 2],56,125,152,69,125
1,<environment.Job instance at 0x7f8a0743aa50>,56,2,[9 1],57,128,130,71,125
1,<environment.Job instance at 0x7f8a0743ad70>,58,3,[ 3 12],59,130,133,71,128
1,<environment.Job instance at 0x7f8a07454050>,61,2,[7 3],62,143,145,81,143
1,<environment.Job instance at 0x7f8a074545a0>,64,3,[8 2],65,156,159,91,156
1,<environment.Job instance at 0x7f8a07454550>,67,3,[6 1],68,167,170,99,167
1,<environment.Job instance at 0x7f8a07454e60>,68,18,[5 3],69,188,206,119,188
1,<environment.Job instance at 0x7f89bf6b5500>,72,3,[1 9],73,188,191,115,188
1,<environment.Job instance at 0x7f8a07437c30>,73,1,[6 2],74,188,189,114,188
1,<environment.Job instance at 0x7f8a0759a4b0>,74,2,[1 8],75,191,193,116,188
1,<environment.Job instance at 0x7f8a0759af50>,75,1,[ 4 14],76,206,207,130,188
1,<environment.Job instance at 0x7f89bf65d500>,76,3,[6 5],77,193,196,116,189
1,<environment.Job instance at 0x7f8a06fba2d0>,78,2,[2 7],79,193,195,114,189
1,<environment.Job instance at 0x7f89bf696960>,80,1,[3 7],81,195,196,114,189
1,<environment.Job instance at 0x7f89bf648230>,81,1,[4 6],82,196,197,114,189
1,<environment.Job instance at 0x7f8a06faa460>,83,2,[2 7],84,197,199,113,193
1,<environment.Job instance at 0x7f89bfa7cd70>,84,18,[7 1],85,197,215,112,197
1,<environment.Job instance at 0x7f8a07d06dc0>,85,2,[10  4],86,215,217,129,197
1,<environment.Job instance at 0x7f8a07585320>,87,1,[10  4],88,217,218,129,205
1,<environment.Job instance at 0x7f8a07585280>,88,1,[2 9],89,205,206,116,205
1,<environment.Job instance at 0x7f8a07585c80>,89,22,[14  5],90,218,240,128,211
1,<environment.Job instance at 0x7f89bf451b40>,91,1,[ 5 10],92,211,212,119,211
1,<environment.Job instance at 0x7f89bf67c3c0>,97,1,[10  4],98,241,242,143,241
1,<environment.Job instance at 0x7f8a07bf92d0>,98,22,[10  4],99,242,264,143,241
1,<environment.Job instance at 0x7f8a07c526e0>,101,21,[5 8],102,255,276,153,255
1,<environment.Job instance at 0x7f89bfaa56e0>,106,1,[7 5],107,265,266,158,265
1,<environment.Job instance at 0x7f89bfa82690>,107,25,[6 5],108,266,291,158,265
1,<environment.Job instance at 0x7f8a070312d0>,112,2,[5 3],113,283,285,170,283
1,<environment.Job instance at 0x7f8a07031370>,115,1,[1 9],116,301,302,185,301
1,<environment.Job instance at 0x7f8a07cd5c30>,116,2,[1 9],117,302,304,185,301
1,<environment.Job instance at 0x7f8a07cd5370>,118,25,[5 7],119,304,329,185,304
1,<environment.Job instance at 0x7f8a07d06cd0>,1,28,[1 5],2,2,30,0,2
1,<environment.Job instance at 0x7f8a076c5960>,10,27,[3 8],11,11,38,0,11
1,<environment.Job instance at 0x7f89bf454eb0>,16,3,[5 6],17,30,33,13,24
1,<environment.Job instance at 0x7f8a07d4bc80>,18,1,[7 4],19,33,34,14,31
1,<environment.Job instance at 0x7f8a07d4bf50>,20,20,[7 1],21,34,54,13,31
1,<environment.Job instance at 0x7f8a07d4bd20>,21,1,[12  2],22,54,55,32,32
1,<environment.Job instance at 0x7f8a07d01780>,22,1,[9 3],23,55,56,32,32
1,<environment.Job instance at 0x7f89bf2ab550>,24,1,[10  3],25,56,57,31,39
1,<environment.Job instance at 0x7f89bf2ab230>,25,3,[4 6],26,39,42,13,39
1,<environment.Job instance at 0x7f8a07ee3050>,14,19,[6 5],15,57,76,42,48
1,<environment.Job instance at 0x7f8a07330e60>,36,3,[5 2],37,77,80,40,77
1,<environment.Job instance at 0x7f8a070d74b0>,37,1,[10  1],38,77,78,39,77
1,<environment.Job instance at 0x7f8a070d75a0>,38,3,[2 5],39,78,81,39,77
1,<environment.Job instance at 0x7f8a07ce2d70>,39,1,[3 8],40,78,79,38,77
1,<environment.Job instance at 0x7f8a07ce2f50>,40,23,[ 1 12],41,81,104,40,77
1,<environment.Job instance at 0x7f89bfa4e230>,42,28,[1 7],43,104,132,61,103
1,<environment.Job instance at 0x7f89bf3640f0>,45,26,[ 4 10],46,132,158,86,129
1,<environment.Job instance at 0x7f89bf75ef00>,49,22,[12  5],50,158,180,108,151
1,<environment.Job instance at 0x7f8a07c7e190>,53,1,[1 7],54,158,159,104,151
1,<environment.Job instance at 0x7f8a07c7ebe0>,54,27,[3 7],55,159,186,104,157
1,<environment.Job instance at 0x7f8a07352fa0>,58,1,[7 1],59,180,181,121,160
1,<environment.Job instance at 0x7f8a070db1e0>,59,2,[1 8],60,181,183,121,160
1,<environment.Job instance at 0x7f8a072f3e10>,60,1,[2 9],61,186,187,125,160
1,<environment.Job instance at 0x7f8a072f32d0>,64,3,[1 9],65,187,190,122,182
1,<environment.Job instance at 0x7f89bf17dcd0>,66,12,[1 9],67,195,207,128,195
1,<environment.Job instance at 0x7f89bf403b40>,67,2,[10  4],68,195,197,127,195
1,<environment.Job instance at 0x7f89bf4039b0>,68,19,[5 8],69,207,226,138,197
1,<environment.Job instance at 0x7f89bf403280>,71,2,[8 5],72,206,208,134,206
1,<environment.Job instance at 0x7f89bf403960>,72,18,[10  4],73,222,240,149,222
1,<environment.Job instance at 0x7f89bf403b90>,75,3,[5 4],76,226,229,150,224
1,<environment.Job instance at 0x7f89bf403370>,76,2,[5 6],77,229,231,152,224
1,<environment.Job instance at 0x7f89bf1bf5f0>,79,1,[2 8],80,236,237,156,236
1,<environment.Job instance at 0x7f89bf1bf0f0>,80,2,[10  3],81,240,242,159,236
1,<environment.Job instance at 0x7f89bf1bff50>,81,3,[10  4],82,242,245,160,236
1,<environment.Job instance at 0x7f89bf1bfbe0>,82,3,[ 2 10],83,237,240,154,236
1,<environment.Job instance at 0x7f89bf1bf7d0>,83,1,[4 7],84,240,241,156,236
1,<environment.Job instance at 0x7f89bf1bf910>,87,28,[8 3],88,255,283,167,255
1,<environment.Job instance at 0x7f89bf1bf0a0>,88,1,[8 4],89,283,284,194,255
1,<environment.Job instance at 0x7f89bf1bf6e0>,90,19,[3 8],91,267,286,176,267
1,<environment.Job instance at 0x7f89bf1bf140>,92,22,[13  5],93,286,308,193,279
1,<environment.Job instance at 0x7f89bf1bf460>,93,28,[10  5],94,308,336,214,307
1,<environment.Job instance at 0x7f8a07d392d0>,97,27,[3 7],98,312,339,214,312
1,<environment.Job instance at 0x7f8a06f9b320>,106,27,[13  1],107,341,368,234,341
1,<environment.Job instance at 0x7f8a06f9b730>,109,2,[5 5],110,368,370,258,347
1,<environment.Job instance at 0x7f8a06f9ba50>,110,1,[5 1],111,368,369,257,347
1,<environment.Job instance at 0x7f8a07681870>,115,25,[2 7],116,359,384,243,359
1,<environment.Job instance at 0x7f8a078b4870>,120,2,[10  4],121,394,396,273,394
1,<environment.Job instance at 0x7f8a078b4500>,122,2,[4 8],123,406,408,283,406
1,<environment.Job instance at 0x7f8a078b40a0>,123,3,[10  2],124,406,409,282,406
1,<environment.Job instance at 0x7f8a06f92f00>,124,2,[9 1],125,409,411,284,406
1,<environment.Job instance at 0x7f8a06f92500>,125,1,[7 1],126,411,412,285,406
1,<environment.Job instance at 0x7f8a06f925a0>,126,1,[6 4],127,409,410,282,406
1,<environment.Job instance at 0x7f8a0719bd70>,128,2,[3 8],129,410,412,281,406
1,<environment.Job instance at 0x7f8a0719b5a0>,129,3,[ 1 10],130,412,415,282,406
1,<environment.Job instance at 0x7f89bf8b8280>,131,1,[5 8],132,408,409,276,408
1,<environment.Job instance at 0x7f8a0707ef00>,132,2,[8 4],133,412,414,279,408
1,<environment.Job instance at 0x7f89bf8b85f0>,133,2,[7 1],134,414,416,280,408
1,<environment.Job instance at 0x7f8a0707ec80>,134,3,[2 5],135,415,418,280,409
1,<environment.Job instance at 0x7f89bf509a50>,136,1,[5 9],137,415,416,278,409
1,<environment.Job instance at 0x7f89bf509f00>,137,2,[5 5],138,416,418,278,409
1,<environment.Job instance at 0x7f89bf710730>,138,3,[9 4],139,418,421,279,410
1,<environment.Job instance at 0x7f89bf7103c0>,141,26,[6 3],142,420,446,278,420
1,<environment.Job instance at 0x7f89bf710c30>,144,1,[5 7],145,439,440,294,439
1,<environment.Job instance at 0x7f89bf710f50>,145,3,[2 5],146,439,442,293,439
1,<environment.Job instance at 0x7f89bf7102d0>,147,1,[ 5 12],148,445,446,297,445
1,<environment.Job instance at 0x7f89bf710910>,148,1,[ 2 10],149,446,447,297,445
1,<environment.Job instance at 0x7f89bf710d20>,149,3,[12  2],150,446,449,296,446
1,<environment.Job instance at 0x7f89bf710780>,151,3,[11  1],152,451,454,299,451
1,<environment.Job instance at 0x7f89bf7101e0>,153,1,[10  2],154,457,458,303,457
1,<environment.Job instance at 0x7f89bf7100f0>,154,2,[8 5],155,458,460,303,457
1,<environment.Job instance at 0x7f89bf7100a0>,155,27,[8 5],156,460,487,304,458
1,<environment.Job instance at 0x7f89bf710320>,156,22,[9 5],157,487,509,330,480
1,<environment.Job instance at 0x7f8a07be5550>,158,24,[7 4],159,509,533,350,504
1,<environment.Job instance at 0x7f8a07be5690>,160,1,[9 3],161,533,534,372,505
1,<environment.Job instance at 0x7f8a07be5960>,162,1,[ 3 10],163,508,509,345,508
1,<environment.Job instance at 0x7f8a07be5f50>,164,1,[5 4],165,509,510,344,509
1,<environment.Job instance at 0x7f8a07be51e0>,165,2,[5 4],166,510,512,344,509
1,<environment.Job instance at 0x7f8a07be5640>,166,2,[7 5],167,512,514,345,509
1,<environment.Job instance at 0x7f8a07e4d4b0>,1,24,[ 3 14],2,2,26,0,2
1,<environment.Job instance at 0x7f8a071b42d0>,10,20,[9 2],11,26,46,15,17
1,<environment.Job instance at 0x7f8a071b43c0>,15,3,[3 8],16,26,29,10,17
1,<environment.Job instance at 0x7f8a071b45f0>,16,26,[ 4 10],17,29,55,12,26
1,<environment.Job instance at 0x7f8a07ee17d0>,21,3,[ 2 12],22,55,58,33,35
1,<environment.Job instance at 0x7f89bf2a4a00>,24,19,[1 7],25,58,77,33,48
1,<environment.Job instance at 0x7f89bf2a42d0>,26,25,[ 3 12],27,77,102,50,73
1,<environment.Job instance at 0x7f89bf2a40a0>,28,1,[2 8],29,73,74,44,73
1,<environment.Job instance at 0x7f89bf2a43c0>,29,1,[8 5],30,74,75,44,73
1,<environment.Job instance at 0x7f89bf2a45f0>,32,1,[1 9],33,102,103,69,74
1,<environment.Job instance at 0x7f89bf2a4460>,34,25,[7 4],35,102,127,67,98
1,<environment.Job instance at 0x7f89bf2a4050>,35,22,[9 2],36,127,149,91,120
1,<environment.Job instance at 0x7f89bf2a4190>,36,28,[6 2],37,120,148,83,120
1,<environment.Job instance at 0x7f8a0a5e74b0>,40,1,[ 2 11],41,148,149,107,141
1,<environment.Job instance at 0x7f8a0a5e7cd0>,41,21,[7 2],42,149,170,107,141
1,<environment.Job instance at 0x7f8a0a5e7640>,43,22,[10  1],44,170,192,126,163
1,<environment.Job instance at 0x7f8a0a5e7500>,44,2,[8 2],45,163,165,118,163
1,<environment.Job instance at 0x7f8a0a5e7320>,48,1,[8 1],49,166,167,117,166
1,<environment.Job instance at 0x7f8a0a5e72d0>,49,3,[7 2],50,192,195,142,168
1,<environment.Job instance at 0x7f8a07c69230>,0,2,[7 1],1,3,5,2,3
1,<environment.Job instance at 0x7f8a0a5e79b0>,3,2,[ 4 10],4,4,6,0,4
1,<environment.Job instance at 0x7f8a070d4c80>,5,23,[1 8],6,6,29,0,6
1,<environment.Job instance at 0x7f8a07594b40>,12,3,[ 5 13],13,29,32,16,25
1,<environment.Job instance at 0x7f8a075943c0>,16,1,[8 5],17,25,26,8,25
1,<environment.Job instance at 0x7f8a06f5e2d0>,18,19,[3 9],19,32,51,13,26
1,<environment.Job instance at 0x7f8a074472d0>,24,26,[8 5],25,33,59,8,33
1,<environment.Job instance at 0x7f89bf56c0f0>,30,22,[6 2],31,51,73,20,44
1,<environment.Job instance at 0x7f8a077a7c30>,33,24,[3 7],34,59,83,25,54
1,<environment.Job instance at 0x7f89bf809f50>,38,1,[10  4],39,73,74,34,71
1,<environment.Job instance at 0x7f8a075ade60>,40,3,[ 4 10],41,83,86,42,75
1,<environment.Job instance at 0x7f8a07a4f960>,41,3,[14  4],42,86,89,44,75
1,<environment.Job instance at 0x7f8a076de730>,44,1,[10  5],45,83,84,38,83
1,<environment.Job instance at 0x7f89bf456be0>,47,2,[9 2],48,99,101,51,99
1,<environment.Job instance at 0x7f89bf65c550>,49,3,[10  4],50,105,108,55,105
1,<environment.Job instance at 0x7f89bf65ca50>,52,2,[2 8],53,120,122,67,120
1,<environment.Job instance at 0x7f89bf65ccd0>,54,1,[8 4],55,120,121,65,120
1,<environment.Job instance at 0x7f89bf65c870>,55,25,[ 4 10],56,122,147,66,120
1,<environment.Job instance at 0x7f89bf650960>,60,1,[10  3],61,150,151,89,150
1,<environment.Job instance at 0x7f89bf650d20>,61,3,[5 3],62,150,153,88,150
1,<environment.Job instance at 0x7f89bf650f00>,62,2,[3 7],63,151,153,88,150
1,<environment.Job instance at 0x7f89bf650050>,64,3,[4 6],65,153,156,88,150
1,<environment.Job instance at 0x7f89bf6506e0>,65,2,[5 8],66,153,155,87,150
1,<environment.Job instance at 0x7f89bf647280>,68,2,[ 5 11],69,206,208,137,206
1,<environment.Job instance at 0x7f89bf6473c0>,69,2,[ 3 10],70,208,210,138,206
1,<environment.Job instance at 0x7f89bf661af0>,71,27,[4 5],72,212,239,140,212
1,<environment.Job instance at 0x7f89bf50ee10>,76,27,[10  5],77,241,268,164,241
1,<environment.Job instance at 0x7f8a076fa140>,77,3,[5 8],78,243,246,165,243
1,<environment.Job instance at 0x7f89bf547a00>,83,2,[2 6],84,281,283,197,281
1,<environment.Job instance at 0x7f8a07714140>,84,2,[4 8],85,281,283,196,281
1,<environment.Job instance at 0x7f89bf4b4a50>,1,2,[1 6],2,3,5,1,3
1,<environment.Job instance at 0x7f8a0705a230>,7,25,[9 5],8,8,33,0,8
1,<environment.Job instance at 0x7f89bf1f58c0>,11,1,[2 5],12,13,14,1,13
1,<environment.Job instance at 0x7f8a0a4ba9b0>,13,1,[6 3],14,16,17,2,16
1,<environment.Job instance at 0x7f89bf29abe0>,16,2,[6 3],17,26,28,9,26
1,<environment.Job instance at 0x7f8a07869870>,8,2,[ 1 13],9,33,35,24,26
1,<environment.Job instance at 0x7f89bf289550>,19,1,[8 4],20,35,36,15,26
1,<environment.Job instance at 0x7f89bf289b40>,24,2,[6 5],25,51,53,26,51
1,<environment.Job instance at 0x7f8a07d61780>,26,18,[2 5],27,53,71,26,53
1,<environment.Job instance at 0x7f8a075b1320>,27,2,[ 1 11],28,71,73,43,53
1,<environment.Job instance at 0x7f8a075b13c0>,28,27,[4 6],29,73,100,44,71
1,<environment.Job instance at 0x7f8a0a4f50f0>,31,1,[10  5],32,73,74,41,71
1,<environment.Job instance at 0x7f8a071722d0>,35,1,[2 9],36,74,75,38,71
1,<environment.Job instance at 0x7f8a07209820>,36,3,[1 5],37,75,78,38,71
1,<environment.Job instance at 0x7f8a0702cb90>,37,1,[5 4],38,71,72,33,71
1,<environment.Job instance at 0x7f89bf89faf0>,39,3,[7 3],40,75,78,35,71
1,<environment.Job instance at 0x7f89bf89fd20>,40,2,[5 2],41,78,80,37,72
1,<environment.Job instance at 0x7f89bf89f690>,44,2,[9 2],45,84,86,39,84
1,<environment.Job instance at 0x7f89bf89f3c0>,46,3,[ 2 10],47,102,105,55,102
1,<environment.Job instance at 0x7f8a070a5e10>,48,1,[2 6],49,105,106,56,102
1,<environment.Job instance at 0x7f8a070a5c30>,50,26,[ 5 14],51,118,144,67,118
1,<environment.Job instance at 0x7f8a070a5780>,53,27,[2 5],54,144,171,90,142
1,<environment.Job instance at 0x7f8a073b6c30>,57,2,[9 2],58,146,148,88,146
1,<environment.Job instance at 0x7f8a073b60f0>,60,1,[4 5],61,162,163,101,162
1,<environment.Job instance at 0x7f8a06f318c0>,61,2,[1 5],62,162,164,100,162
1,<environment.Job instance at 0x7f8a06f31c80>,62,2,[10  2],63,163,165,100,162
1,<environment.Job instance at 0x7f8a06f31dc0>,64,1,[4 5],65,167,168,102,167
1,<environment.Job instance at 0x7f8a0786b140>,69,20,[8 1],70,182,202,112,182
1,<environment.Job instance at 0x7f89bf7e2230>,70,28,[5 3],71,182,210,111,182
1,<environment.Job instance at 0x7f89bf3093c0>,73,1,[13  4],74,210,211,136,198
1,<environment.Job instance at 0x7f89bf775af0>,78,3,[2 6],79,198,201,119,198
1,<environment.Job instance at 0x7f89bf775a00>,79,1,[5 5],80,202,203,122,198
1,<environment.Job instance at 0x7f89bf13cf00>,88,1,[9 5],89,238,239,149,238
1,<environment.Job instance at 0x7f89bf13f280>,92,3,[2 8],93,245,248,152,245
1,<environment.Job instance at 0x7f89bf13f8c0>,93,27,[6 3],94,245,272,151,245
1,<environment.Job instance at 0x7f89bf355e10>,100,2,[11  1],101,283,285,182,283
1,<environment.Job instance at 0x7f8a07a61f50>,109,28,[3 9],110,301,329,191,301
1,<environment.Job instance at 0x7f8a07a610a0>,114,1,[5 3],115,330,331,215,330
1,<environment.Job instance at 0x7f8a07a61870>,115,25,[10  4],116,330,355,214,330
1,<environment.Job instance at 0x7f8a07a61280>,119,3,[3 8],120,356,359,236,356
1,<environment.Job instance at 0x7f8a07a61be0>,120,3,[5 3],121,356,359,235,356
1,<environment.Job instance at 0x7f8a07a614b0>,121,2,[1 6],122,359,361,237,356
1,<environment.Job instance at 0x7f8a0744b690>,122,2,[6 5],123,359,361,236,356
1,<environment.Job instance at 0x7f8a0744be10>,125,28,[5 2],126,364,392,238,364
1,<environment.Job instance at 0x7f8a0744b910>,126,2,[ 5 10],127,364,366,237,364
1,<environment.Job instance at 0x7f8a0744b140>,127,2,[ 4 10],128,366,368,238,364
1,<environment.Job instance at 0x7f8a0744baa0>,128,1,[5 2],129,364,365,235,364
1,<environment.Job instance at 0x7f8a0744b0f0>,130,18,[7 3],131,368,386,237,368
1,<environment.Job instance at 0x7f8a0744b9b0>,131,2,[10  3],132,386,388,254,368
1,<environment.Job instance at 0x7f8a0744b780>,134,2,[5 9],135,388,390,253,381
1,<environment.Job instance at 0x7f8a0744b3c0>,135,2,[5 3],136,388,390,252,381
1,<environment.Job instance at 0x7f8a0744b280>,139,22,[ 4 10],140,398,420,258,398
1,<environment.Job instance at 0x7f8a0744b960>,140,1,[ 1 10],141,420,421,279,398
1,<environment.Job instance at 0x7f8a0744bfa0>,143,3,[1 9],144,421,424,277,413
1,<environment.Job instance at 0x7f8a0729c0f0>,145,20,[7 3],146,413,433,267,413
1,<environment.Job instance at 0x7f8a0729ca00>,150,18,[6 2],151,430,448,279,430
1,<environment.Job instance at 0x7f8a0729c5a0>,151,3,[5 4],152,433,436,281,430
1,<environment.Job instance at 0x7f8a0729cf00>,152,3,[ 4 10],153,436,439,283,430
1,<environment.Job instance at 0x7f8a0729c9b0>,154,3,[1 6],155,433,436,278,433
1,<environment.Job instance at 0x7f8a0729c4b0>,155,3,[2 8],156,439,442,283,433
1,<environment.Job instance at 0x7f8a0729c910>,157,17,[2 8],158,442,459,284,441
1,<environment.Job instance at 0x7f8a072f3b40>,159,1,[5 5],160,447,448,287,447
1,<environment.Job instance at 0x7f8a072f3cd0>,161,16,[10  2],162,459,475,297,459
1,<environment.Job instance at 0x7f8a072f3f50>,162,1,[9 5],163,475,476,312,459
1,<environment.Job instance at 0x7f8a0748bd20>,1,2,[9 5],2,3,5,1,3
1,<environment.Job instance at 0x7f89bfa9da50>,3,26,[9 5],4,5,31,1,4
1,<environment.Job instance at 0x7f89bf5f4230>,9,25,[4 9],10,10,35,0,10
1,<environment.Job instance at 0x7f89bf13c870>,6,3,[ 2 12],7,47,50,40,47
1,<environment.Job instance at 0x7f8a074c8460>,14,3,[5 3],15,52,55,37,52
1,<environment.Job instance at 0x7f8a074c8910>,15,1,[5 5],16,52,53,36,52
1,<environment.Job instance at 0x7f8a074c80a0>,13,2,[ 3 12],14,53,55,39,53
1,<environment.Job instance at 0x7f8a074c83c0>,22,3,[ 2 14],23,64,67,41,64
1,<environment.Job instance at 0x7f8a074b2e60>,23,1,[9 4],24,67,68,43,64
1,<environment.Job instance at 0x7f8a074b2870>,24,19,[3 6],25,67,86,42,64
1,<environment.Job instance at 0x7f8a074b2730>,28,2,[ 1 10],29,86,88,57,78
1,<environment.Job instance at 0x7f89bf2723c0>,33,3,[9 5],34,117,120,83,117
1,<environment.Job instance at 0x7f89bf272a00>,34,3,[5 4],35,117,120,82,117
1,<environment.Job instance at 0x7f89bf272a50>,37,2,[6 3],38,121,123,83,121
1,<environment.Job instance at 0x7f89bf272690>,40,3,[5 6],41,135,138,94,135
1,<environment.Job instance at 0x7f89bf272960>,44,2,[4 6],45,149,151,104,149
1,<environment.Job instance at 0x7f89bf272eb0>,45,2,[ 2 10],46,151,153,105,149
1,<environment.Job instance at 0x7f89bf272d20>,49,12,[3 5],50,161,173,111,161
1,<environment.Job instance at 0x7f89bf1b2af0>,52,1,[5 6],53,180,181,127,180
1,<environment.Job instance at 0x7f89bf1b2410>,53,1,[6 2],54,180,181,126,180
1,<environment.Job instance at 0x7f89bf1b2b40>,55,2,[ 2 10],56,190,192,134,190
1,<environment.Job instance at 0x7f89bf1b2e60>,56,2,[4 5],57,190,192,133,190
1,<environment.Job instance at 0x7f89bf1b27d0>,57,2,[10  1],58,192,194,134,190
1,<environment.Job instance at 0x7f89bf1b20f0>,58,2,[ 1 10],59,192,194,133,190
1,<environment.Job instance at 0x7f8a07ae5b90>,12,1,[5 6],13,16,17,3,16
1,<environment.Job instance at 0x7f8a073f6690>,16,1,[ 5 14],17,19,20,2,19
1,<environment.Job instance at 0x7f8a07e42780>,19,2,[10  4],20,34,36,14,34
1,<environment.Job instance at 0x7f8a07e425f0>,20,2,[10  1],21,36,38,15,34
1,<environment.Job instance at 0x7f8a07e420f0>,18,13,[9 1],19,38,51,19,34
1,<environment.Job instance at 0x7f8a07e42e60>,25,3,[6 3],26,55,58,29,55
1,<environment.Job instance at 0x7f89bf391aa0>,29,1,[3 7],30,72,73,42,72
1,<environment.Job instance at 0x7f89bf391fa0>,31,3,[6 5],32,85,88,53,85
1,<environment.Job instance at 0x7f89bf391eb0>,33,22,[7 2],34,89,111,55,89
1,<environment.Job instance at 0x7f89bf391870>,34,3,[9 5],35,111,114,76,89
1,<environment.Job instance at 0x7f8a07e7ae10>,36,2,[5 4],37,90,92,53,90
1,<environment.Job instance at 0x7f8a07e7ac30>,40,1,[5 8],41,105,106,64,105
1,<environment.Job instance at 0x7f8a07e7a140>,42,3,[5 7],43,121,124,78,121
1,<environment.Job instance at 0x7f8a07e7a5a0>,45,2,[8 3],46,130,132,84,130
1,<environment.Job instance at 0x7fb108eb28c0>,10,1,[7 3],11,18,19,7,18
1,<environment.Job instance at 0x7fb108eb2960>,11,2,[3 9],12,18,20,6,18
1,<environment.Job instance at 0x7fb108eb29b0>,15,3,[10  2],16,32,35,16,32
1,<environment.Job instance at 0x7fb108eb2af0>,17,3,[10  3],18,42,45,24,42
1,<environment.Job instance at 0x7fb108eb2be0>,20,1,[3 7],21,60,61,39,60
1,<environment.Job instance at 0x7fb108eb50a0>,22,2,[12  3],23,61,63,38,61
1,<environment.Job instance at 0x7fb108eb50f0>,24,3,[5 9],25,68,71,43,68
1,<environment.Job instance at 0x7fb108eb5410>,26,22,[2 9],27,71,93,44,68
1,<environment.Job instance at 0x7fb108eb5aa0>,36,2,[5 1],37,101,103,64,101
1,<environment.Job instance at 0x7fb108eb5d20>,40,1,[1 8],41,124,125,83,124
1,<environment.Job instance at 0x7fb108eb7190>,43,28,[6 4],44,128,156,84,128
1,<environment.Job instance at 0x7fb108eb7690>,49,2,[1 9],50,157,159,107,157
1,<environment.Job instance at 0x7fb108eb74b0>,50,27,[9 1],51,157,184,106,157
1,<environment.Job instance at 0x7fb108eb7780>,52,3,[ 3 11],53,185,188,132,185
1,<environment.Job instance at 0x7fb108ecd3c0>,3,1,[3 9],4,6,7,2,6
1,<environment.Job instance at 0x7fb108ecf500>,6,26,[9 1],7,7,33,0,7
1,<environment.Job instance at 0x7fb108ecfaa0>,11,3,[8 2],12,33,36,21,13
1,<environment.Job instance at 0x7fb108ecfd70>,13,3,[5 4],14,16,19,2,16
1,<environment.Job instance at 0x7fb108eceaa0>,16,23,[5 8],17,19,42,2,17
1,<environment.Job instance at 0x7fb108ecee10>,23,27,[5 3],24,36,63,12,34
1,<environment.Job instance at 0x7fb108ecefa0>,21,2,[12  1],22,63,65,41,39
1,<environment.Job instance at 0x7fb108ed3500>,27,1,[1 6],28,49,50,21,49
1,<environment.Job instance at 0x7fb108e568c0>,28,22,[9 2],29,65,87,36,58
1,<environment.Job instance at 0x7fb108e56a50>,29,3,[ 4 12],30,72,75,42,72
1,<environment.Job instance at 0x7fb108e560f0>,35,17,[8 1],36,89,106,53,89
1,<environment.Job instance at 0x7fb108ed4820>,38,28,[7 4],39,93,121,54,93
1,<environment.Job instance at 0x7fb108ed4410>,39,1,[9 2],40,121,122,81,93
1,<environment.Job instance at 0x7fb108ed4af0>,40,2,[4 5],41,106,108,65,93
1,<environment.Job instance at 0x7fb108ed4dc0>,41,1,[8 3],42,108,109,66,93
1,<environment.Job instance at 0x7fb0c52382d0>,42,1,[3 8],43,109,110,66,93
1,<environment.Job instance at 0x7fb0c52387d0>,44,28,[9 1],45,122,150,77,121
1,<environment.Job instance at 0x7fb0c5238230>,47,1,[7 2],48,150,151,102,124
1,<environment.Job instance at 0x7fb0c5238fa0>,49,12,[5 4],50,125,137,75,125
1,<environment.Job instance at 0x7fb0c52b6cd0>,53,12,[3 8],54,141,153,87,141
1,<environment.Job instance at 0x7fb0c52b6050>,56,3,[7 5],57,162,165,105,162
1,<environment.Job instance at 0x7fb0c52b65f0>,57,3,[4 9],58,162,165,104,162
1,<environment.Job instance at 0x7fb0c52b63c0>,58,18,[3 8],59,169,187,110,169
1,<environment.Job instance at 0x7fb0c52b67d0>,60,28,[7 3],61,169,197,108,169
1,<environment.Job instance at 0x7fb0c523bbe0>,65,3,[6 4],66,187,190,121,186
1,<environment.Job instance at 0x7fb0c523b8c0>,69,1,[8 3],70,202,203,132,202
1,<environment.Job instance at 0x7fb0c523bf00>,70,18,[8 5],71,203,221,132,202
1,<environment.Job instance at 0x7fb0c523b6e0>,71,3,[1 8],72,202,205,130,202
1,<environment.Job instance at 0x7fb0c52b06e0>,75,2,[9 2],76,221,223,145,219
1,<environment.Job instance at 0x7fb0c52b0140>,76,2,[5 1],77,219,221,142,219
1,<environment.Job instance at 0x7fb0c52b05f0>,77,1,[1 7],78,219,220,141,219
1,<environment.Job instance at 0x7fb0c52b0c30>,80,2,[8 3],81,231,233,150,231
1,<environment.Job instance at 0x7fb0c5239e60>,81,19,[ 3 14],82,233,252,151,231
1,<environment.Job instance at 0x7fb0c52390f0>,82,2,[14  5],83,252,254,169,231
1,<environment.Job instance at 0x7fb0c5239c80>,83,21,[9 5],84,254,275,170,246
1,<environment.Job instance at 0x7fb0c52397d0>,86,22,[6 1],87,254,276,167,250
1,<environment.Job instance at 0x7fb0c52c02d0>,88,21,[5 1],89,275,296,186,267
1,<environment.Job instance at 0x7fb0c52cf640>,89,1,[8 5],90,276,277,186,267
1,<environment.Job instance at 0x7fb0c5239f00>,90,1,[9 5],91,277,278,186,267
1,<environment.Job instance at 0x7fb108ecf2d0>,1,25,[10  4],2,2,27,0,2
1,<environment.Job instance at 0x7fb108ecd280>,4,22,[1 9],5,6,28,1,6
1,<environment.Job instance at 0x7fb108cd7780>,13,24,[3 6],14,27,51,13,22
1,<environment.Job instance at 0x7fb108c2f550>,15,20,[3 8],16,28,48,12,22
1,<environment.Job instance at 0x7fb10934c7d0>,17,27,[9 5],18,48,75,30,46
1,<environment.Job instance at 0x7fb0c51e5b90>,26,21,[6 1],27,67,88,40,67
1,<environment.Job instance at 0x7fb109102d70>,31,2,[7 4],32,75,77,43,74
1,<environment.Job instance at 0x7fb0c51e5780>,23,2,[ 3 14],24,77,79,53,74
1,<environment.Job instance at 0x7fb10936a140>,33,18,[8 1],34,79,97,45,74
1,<environment.Job instance at 0x7fb109120190>,35,27,[5 5],36,88,115,52,86
1,<environment.Job instance at 0x7fb1093bf460>,36,22,[2 8],37,88,110,51,86
1,<environment.Job instance at 0x7fb0c5850500>,34,3,[ 3 12],35,115,118,80,103
1,<environment.Job instance at 0x7fb0c50fd7d0>,43,27,[7 5],44,118,145,74,116
1,<environment.Job instance at 0x7fb108ed4e10>,50,2,[9 4],51,145,147,94,135
1,<environment.Job instance at 0x7fb108ed4f00>,54,3,[2 5],55,154,157,99,154
1,<environment.Job instance at 0x7fb108ed4b40>,55,25,[3 7],56,154,179,98,154
1,<environment.Job instance at 0x7fb1104355a0>,59,3,[9 3],60,174,177,114,174
1,<environment.Job instance at 0x7fb110435190>,60,1,[ 4 12],61,179,180,118,174
1,<environment.Job instance at 0x7fb110435550>,61,1,[10  1],62,177,178,115,174
1,<environment.Job instance at 0x7fb110435af0>,63,1,[5 2],64,183,184,119,183
1,<environment.Job instance at 0x7fb0c5184a00>,68,21,[9 5],69,205,226,136,205
1,<environment.Job instance at 0x7fb0c5184d20>,69,3,[12  1],70,226,229,156,205
1,<environment.Job instance at 0x7fb0c5184500>,71,1,[5 5],72,211,212,139,211
1,<environment.Job instance at 0x7fb108d4ceb0>,73,2,[ 4 10],74,219,221,145,219
1,<environment.Job instance at 0x7fb109374be0>,74,2,[5 3],75,221,223,146,219
1,<environment.Job instance at 0x7fb1090fee10>,78,3,[ 2 10],79,233,236,154,233
1,<environment.Job instance at 0x7fb1102e92d0>,80,3,[9 1],81,257,260,176,257
1,<environment.Job instance at 0x7fb1102e90a0>,81,2,[5 6],82,257,259,175,257
1,<environment.Job instance at 0x7fb1102e98c0>,82,2,[3 5],83,259,261,176,257
1,<environment.Job instance at 0x7fb0c5538320>,5,1,[8 1],6,8,9,2,8
1,<environment.Job instance at 0x7fb108ecddc0>,2,3,[11  3],3,9,12,6,8
1,<environment.Job instance at 0x7fb108c2d0a0>,19,1,[8 3],20,28,29,8,28
1,<environment.Job instance at 0x7fb0c5513410>,21,3,[1 6],22,32,35,10,32
1,<environment.Job instance at 0x7fb10d639730>,22,3,[4 9],23,32,35,9,32
1,<environment.Job instance at 0x7fb10d540730>,26,2,[ 3 10],27,57,59,30,57
1,<environment.Job instance at 0x7fb10db80e10>,28,2,[5 4],29,60,62,31,60
1,<environment.Job instance at 0x7fb108f6bcd0>,33,1,[7 1],34,79,80,45,79
1,<environment.Job instance at 0x7fb108f1bb90>,37,3,[12  4],38,123,126,85,123
1,<environment.Job instance at 0x7fb109004d70>,39,28,[1 8],40,125,153,85,125
1,<environment.Job instance at 0x7fb1092e3280>,43,2,[6 5],44,126,128,82,126
1,<environment.Job instance at 0x7fb108f85b40>,44,1,[7 3],45,128,129,83,126
1,<environment.Job instance at 0x7fb0c569e140>,45,3,[7 2],46,127,130,81,127
1,<environment.Job instance at 0x7fb0c5538550>,0,20,[4 6],1,1,21,0,1
1,<environment.Job instance at 0x7fb0c5538690>,7,1,[10  5],8,8,9,0,8
1,<environment.Job instance at 0x7fb108c5ba00>,9,1,[5 1],10,11,12,1,11
1,<environment.Job instance at 0x7fb108c5b550>,8,2,[13  3],9,21,23,12,12
1,<environment.Job instance at 0x7fb108e86780>,18,20,[3 8],19,23,43,4,19
1,<environment.Job instance at 0x7fb108e861e0>,20,24,[10  4],21,23,47,2,21
1,<environment.Job instance at 0x7fb108e86370>,21,21,[4 7],22,43,64,21,35
1,<environment.Job instance at 0x7fb110427a50>,24,1,[ 2 11],25,64,65,39,43
1,<environment.Job instance at 0x7fb0c55fff00>,27,1,[2 6],28,49,50,21,49
1,<environment.Job instance at 0x7fb0c55ff280>,29,19,[5 5],30,65,84,35,55
1,<environment.Job instance at 0x7fb0c55ff960>,33,3,[8 4],34,67,70,33,67
1,<environment.Job instance at 0x7fb0c550a1e0>,38,18,[4 6],39,94,112,55,94
1,<environment.Job instance at 0x7fb0c550a6e0>,39,1,[ 5 14],40,112,113,72,94
1,<environment.Job instance at 0x7fb0c550a7d0>,40,2,[5 1],41,94,96,53,94
1,<environment.Job instance at 0x7fb10d97dbe0>,44,3,[7 4],45,117,120,72,117
1,<environment.Job instance at 0x7fb0c550a2d0>,45,2,[4 5],46,117,119,71,117
1,<environment.Job instance at 0x7fb1092b0370>,47,2,[7 4],48,122,124,74,122
1,<environment.Job instance at 0x7fb0c550a500>,46,18,[10  2],47,124,142,77,124
1,<environment.Job instance at 0x7fb108d140f0>,54,2,[1 6],55,155,157,100,155
1,<environment.Job instance at 0x7fb0c54d4320>,56,1,[5 1],57,169,170,112,169
1,<environment.Job instance at 0x7fb0c54d40f0>,57,27,[ 2 11],58,169,196,111,169
1,<environment.Job instance at 0x7fb0c547b6e0>,59,3,[11  2],60,202,205,142,202
1,<environment.Job instance at 0x7fb10d993aa0>,62,1,[12  5],63,205,206,142,202
1,<environment.Job instance at 0x7fb0c5823a50>,69,1,[8 2],70,211,212,141,211
1,<environment.Job instance at 0x7fb0c5743cd0>,74,3,[ 3 10],75,231,234,156,231
1,<environment.Job instance at 0x7fb0c57434b0>,75,1,[7 3],76,231,232,155,231
1,<environment.Job instance at 0x7fb0c5743690>,77,2,[7 2],78,232,234,154,231
1,<environment.Job instance at 0x7fb0c5743b90>,79,1,[5 7],80,243,244,163,243
1,<environment.Job instance at 0x7fb0c57437d0>,81,3,[3 9],82,244,247,162,244
1,<environment.Job instance at 0x7fb0c57690a0>,87,2,[ 3 10],88,276,278,188,276
1,<environment.Job instance at 0x7fb0c5769500>,88,18,[1 5],89,276,294,187,276
1,<environment.Job instance at 0x7fb0c5769aa0>,90,19,[4 5],91,293,312,202,293
1,<environment.Job instance at 0x7fb0c5749320>,91,3,[1 9],92,294,297,202,293
1,<environment.Job instance at 0x7fb0c5749190>,95,1,[5 8],96,310,311,214,310
1,<environment.Job instance at 0x7fb0c5749d70>,97,2,[9 3],98,313,315,215,313
1,<environment.Job instance at 0x7fb0c57497d0>,99,1,[5 4],100,324,325,224,324
1,<environment.Job instance at 0x7fb0c5766e10>,100,23,[9 4],101,324,347,223,324
1,<environment.Job instance at 0x7fb0c5766b40>,101,21,[8 2],102,347,368,245,339
1,<environment.Job instance at 0x7fb0c5766960>,102,21,[5 7],103,339,360,236,339
1,<environment.Job instance at 0x7fb0c57660f0>,108,28,[10  4],109,368,396,259,367
1,<environment.Job instance at 0x7fb0c5594640>,117,3,[6 3],118,396,399,278,390
1,<environment.Job instance at 0x7fb0c559a780>,119,1,[2 5],120,402,403,282,402
1,<environment.Job instance at 0x7fb0c54ccf00>,120,26,[4 9],121,402,428,281,402
1,<environment.Job instance at 0x7fb0c559b370>,121,1,[6 5],122,403,404,281,402
1,<environment.Job instance at 0x7fb0c54f1230>,0,1,[8 1],1,2,3,1,2
1,<environment.Job instance at 0x7fb11043c050>,2,2,[3 6],3,3,5,0,3
1,<environment.Job instance at 0x7fb1092cb230>,3,1,[12  4],4,4,5,0,4
1,<environment.Job instance at 0x7fb109270780>,7,20,[1 8],8,8,28,0,8
1,<environment.Job instance at 0x7fb109270f50>,11,21,[4 9],12,28,49,16,20
1,<environment.Job instance at 0x7fb109270640>,15,23,[8 4],16,21,44,5,21
1,<environment.Job instance at 0x7fb10d9d95a0>,17,20,[5 7],18,49,69,31,40
1,<environment.Job instance at 0x7fb109270910>,10,2,[ 2 12],11,69,71,58,44
1,<environment.Job instance at 0x7fb10d9d96e0>,26,1,[7 4],27,56,57,29,56
1,<environment.Job instance at 0x7fb10d9d9e60>,28,3,[2 7],29,60,63,31,60
1,<environment.Job instance at 0x7fb10d9d9e10>,31,20,[ 5 13],32,71,91,39,67
1,<environment.Job instance at 0x7fb108d35230>,40,24,[7 2],41,80,104,39,80
1,<environment.Job instance at 0x7fb108d35640>,43,3,[10  3],44,104,107,60,97
1,<environment.Job instance at 0x7fb108d35320>,46,19,[2 9],47,112,131,65,112
1,<environment.Job instance at 0x7fb108d35dc0>,48,20,[ 1 10],49,131,151,82,122
1,<environment.Job instance at 0x7fb0c52749b0>,50,3,[5 3],51,122,125,71,122
1,<environment.Job instance at 0x7fb10d96e690>,52,2,[5 7],53,151,153,98,129
1,<environment.Job instance at 0x7fb10d96e780>,55,1,[ 2 10],56,153,154,97,144
1,<environment.Job instance at 0x7fb10d96e960>,58,2,[ 1 13],59,154,156,95,147
1,<environment.Job instance at 0x7fb10d96e820>,60,28,[ 2 14],61,162,190,101,162
1,<environment.Job instance at 0x7fb10d96e410>,61,28,[5 1],62,162,190,100,162
1,<environment.Job instance at 0x7fb109351a00>,69,2,[5 1],70,190,192,120,183
1,<environment.Job instance at 0x7fb108d42190>,73,23,[7 4],74,193,216,119,193
1,<environment.Job instance at 0x7fb108d42a00>,80,2,[5 5],81,237,239,156,237
1,<environment.Job instance at 0x7fb108d42280>,83,3,[13  5],84,251,254,167,251
1,<environment.Job instance at 0x7fb108d42e60>,86,27,[5 2],87,256,283,169,256
1,<environment.Job instance at 0x7fb108d42640>,90,22,[2 5],91,278,300,187,278
1,<environment.Job instance at 0x7fb10d8bd140>,96,1,[2 6],97,290,291,193,290
1,<environment.Job instance at 0x7fb1093c9be0>,100,1,[ 2 10],101,325,326,224,325
1,<environment.Job instance at 0x7fb0c5437140>,101,2,[1 5],102,325,327,223,325
1,<environment.Job instance at 0x7fb108cc8370>,102,1,[9 5],103,326,327,223,325
1,<environment.Job instance at 0x7fb0c577b9b0>,104,28,[4 5],105,336,364,231,336
1,<environment.Job instance at 0x7fb10d899d70>,107,2,[ 5 13],108,364,366,256,350
1,<environment.Job instance at 0x7fb0c53f8e60>,109,1,[4 5],110,355,356,245,355
1,<environment.Job instance at 0x7fb10d7ef5a0>,111,25,[10  1],112,357,382,245,357
1,<environment.Job instance at 0x7fb10d732230>,116,3,[5 1],117,373,376,256,373
1,<environment.Job instance at 0x7fb0c54a0190>,117,1,[2 6],118,376,377,258,373
1,<environment.Job instance at 0x7fb10db50aa0>,122,2,[1 7],123,405,407,282,405
1,<environment.Job instance at 0x7fb10d518050>,125,21,[9 3],126,426,447,300,426
1,<environment.Job instance at 0x7fb10d7bdf50>,127,25,[9 4],128,447,472,319,443
1,<environment.Job instance at 0x7fb10932b1e0>,131,1,[5 5],132,444,445,312,444
1,<environment.Job instance at 0x7fb10d921370>,135,2,[4 8],136,466,468,330,466
1,<environment.Job instance at 0x7fb10d9215a0>,137,2,[1 8],138,468,470,330,466
1,<environment.Job instance at 0x7fb10d9210f0>,139,28,[6 1],140,470,498,330,469
1,<environment.Job instance at 0x7fb11042cf50>,1,1,[4 5],2,2,3,0,2
1,<environment.Job instance at 0x7fb0c561fe10>,9,2,[5 8],10,10,12,0,10
1,<environment.Job instance at 0x7fb10db4a910>,14,22,[4 9],15,25,47,10,25
1,<environment.Job instance at 0x7fb0c512fdc0>,15,1,[1 9],16,47,48,31,25
1,<environment.Job instance at 0x7fb1093c4780>,16,21,[5 5],17,25,46,8,25
1,<environment.Job instance at 0x7fb10db41d20>,18,2,[3 6],19,46,48,27,25
1,<environment.Job instance at 0x7fb0c5322690>,21,3,[8 5],22,48,51,26,40
1,<environment.Job instance at 0x7fb0c53220f0>,23,2,[13  2],24,51,53,27,41
1,<environment.Job instance at 0x7fb0c5322050>,25,25,[1 6],26,53,78,27,53
1,<environment.Job instance at 0x7fb10dad85a0>,26,1,[5 5],27,53,54,26,53
1,<environment.Job instance at 0x7fb10d6ac960>,28,3,[ 1 10],29,78,81,49,56
1,<environment.Job instance at 0x7fb10d6ace60>,30,27,[11  2],31,56,83,25,56
1,<environment.Job instance at 0x7fb1090427d0>,32,20,[ 5 10],33,83,103,50,74
1,<environment.Job instance at 0x7fb10d610c80>,35,24,[8 3],36,83,107,47,78
1,<environment.Job instance at 0x7fb108de6b40>,47,24,[5 9],48,118,142,70,118
1,<environment.Job instance at 0x7fb10d65a9b0>,49,3,[1 7],50,142,145,92,124
1,<environment.Job instance at 0x7fb109102b40>,50,2,[1 6],51,124,126,73,124
1,<environment.Job instance at 0x7fb0c5821230>,51,28,[3 6],52,126,154,74,125
1,<environment.Job instance at 0x7fb108e78d20>,53,2,[2 7],54,145,147,91,134
1,<environment.Job instance at 0x7fb108e78370>,58,2,[4 6],59,159,161,100,159
1,<environment.Job instance at 0x7fb108e78b40>,59,26,[2 6],60,159,185,99,159
1,<environment.Job instance at 0x7fb108e781e0>,60,20,[9 3],61,159,179,98,159
1,<environment.Job instance at 0x7fb108da4b90>,64,2,[6 1],65,179,181,114,175
1,<environment.Job instance at 0x7fb108da4320>,67,1,[ 1 13],68,186,187,118,186
1,<environment.Job instance at 0x7fb108da4af0>,68,26,[8 2],69,186,212,117,186
1,<environment.Job instance at 0x7fb108da4550>,69,2,[9 3],70,212,214,142,186
1,<environment.Job instance at 0x7fb108da4410>,71,1,[5 4],72,192,193,120,192
1,<environment.Job instance at 0x7fb108da4be0>,73,18,[4 6],74,201,219,127,201
1,<environment.Job instance at 0x7fb108fdb140>,75,25,[ 3 14],76,219,244,143,215
1,<environment.Job instance at 0x7fb108e2cf00>,78,3,[10  2],79,244,247,165,218
1,<environment.Job instance at 0x7fb108e2c140>,80,2,[4 6],81,244,246,163,218
1,<environment.Job instance at 0x7fb108e86050>,81,3,[ 4 13],82,246,249,164,220
1,<environment.Job instance at 0x7fb108e861e0>,84,27,[13  3],85,249,276,164,247
1,<environment.Job instance at 0x7fb108e0a910>,95,19,[1 5],96,271,290,175,271
1,<environment.Job instance at 0x7fb108e0ae60>,97,1,[10  2],98,283,284,185,283
1,<environment.Job instance at 0x7fb108e0a3c0>,99,1,[9 4],100,287,288,187,287
1,<environment.Job instance at 0x7fb10926f4b0>,104,27,[6 1],105,315,342,210,315
1,<environment.Job instance at 0x7fb10db4aa50>,11,18,[4 7],12,316,334,304,316
1,<environment.Job instance at 0x7fb1091a30f0>,108,3,[3 8],109,334,337,225,320
1,<environment.Job instance at 0x7fb10d4c3b40>,111,24,[14  3],112,342,366,230,337
1,<environment.Job instance at 0x7fb10d4c3be0>,112,1,[1 8],113,337,338,224,337
1,<environment.Job instance at 0x7fb10d4c36e0>,113,24,[10  2],114,366,390,252,361
1,<environment.Job instance at 0x7fb10d4c3d20>,126,1,[5 2],127,377,378,250,377
1,<environment.Job instance at 0x7fb0c52ffa00>,129,13,[8 2],130,390,403,260,390
1,<environment.Job instance at 0x7fb0c52ffeb0>,134,3,[10  2],135,418,421,283,418
1,<environment.Job instance at 0x7fb0c52ff140>,135,27,[4 5],136,418,445,282,418
1,<environment.Job instance at 0x7fb0c52ff3c0>,136,1,[12  2],137,445,446,308,418
1,<environment.Job instance at 0x7fb0c52ffa50>,138,2,[1 9],139,424,426,285,424
1,<environment.Job instance at 0x7fb0c52ffe10>,141,2,[ 5 10],142,437,439,295,437
1,<environment.Job instance at 0x7fb0c52ff370>,144,1,[7 4],145,440,441,295,440
1,<environment.Job instance at 0x7fb0c52ff1e0>,145,3,[9 2],146,446,449,300,443
1,<environment.Job instance at 0x7fb1100396e0>,146,25,[7 3],147,449,474,302,445
1,<environment.Job instance at 0x7fb110039370>,150,26,[6 4],151,464,490,313,464
1,<environment.Job instance at 0x7fb108d4e140>,154,1,[5 5],155,487,488,332,487
1,<environment.Job instance at 0x7fb108d4e5a0>,157,21,[9 4],158,494,515,336,494
1,<environment.Job instance at 0x7fb108d4eaf0>,158,21,[5 1],159,494,515,335,494
1,<environment.Job instance at 0x7fb0c5651f00>,167,3,[ 1 10],168,533,536,365,533
1,<environment.Job instance at 0x7fb0c5651d20>,168,2,[5 7],169,536,538,367,533
1,<environment.Job instance at 0x7fb0c56513c0>,169,20,[5 9],170,538,558,368,533
1,<environment.Job instance at 0x7fb0c5651640>,174,2,[10  4],175,593,595,418,593
1,<environment.Job instance at 0x7fb0c5651690>,176,2,[5 2],177,593,595,416,593
1,<environment.Job instance at 0x7fb0c561f0a0>,0,2,[6 1],1,3,5,2,3
1,<environment.Job instance at 0x7fb10dad8c80>,4,1,[13  5],5,6,7,1,6
1,<environment.Job instance at 0x7fb108f88c30>,6,1,[5 7],7,7,8,0,7
1,<environment.Job instance at 0x7fb0c52ec960>,9,3,[ 3 10],10,10,13,0,10
1,<environment.Job instance at 0x7fb10d48c690>,10,25,[5 3],11,11,36,0,11
1,<environment.Job instance at 0x7fb0c5794870>,12,2,[3 7],13,13,15,0,13
1,<environment.Job instance at 0x7fb110432cd0>,17,1,[ 4 10],18,18,19,0,18
1,<environment.Job instance at 0x7fb0c57940f0>,19,28,[3 9],20,23,51,3,23
1,<environment.Job instance at 0x7fb10d448690>,22,23,[3 7],23,51,74,28,45
1,<environment.Job instance at 0x7fb108c74cd0>,33,1,[5 4],34,74,75,40,74
1,<environment.Job instance at 0x7fb108c74050>,34,3,[8 2],35,74,77,39,74
1,<environment.Job instance at 0x7fb108c74320>,35,1,[1 8],36,74,75,38,74
1,<environment.Job instance at 0x7fb11042caf0>,26,3,[ 5 14],27,77,80,50,76
1,<environment.Job instance at 0x7fb108c74d70>,38,3,[ 4 10],39,80,83,41,76
1,<environment.Job instance at 0x7fb109356eb0>,43,3,[5 3],44,106,109,62,106
1,<environment.Job instance at 0x7fb0c57bb7d0>,45,1,[6 1],46,113,114,67,113
1,<environment.Job instance at 0x7fb0c57bb870>,46,1,[ 5 10],47,113,114,66,113
1,<environment.Job instance at 0x7fb0c57bba50>,48,1,[1 9],49,118,119,69,118
1,<environment.Job instance at 0x7fb0c57bbaf0>,49,2,[13  4],50,118,120,68,118
1,<environment.Job instance at 0x7fb0c57bbb90>,50,2,[5 2],51,120,122,69,118
1,<environment.Job instance at 0x7fb0c57bbd70>,52,1,[2 9],53,125,126,72,125
1,<environment.Job instance at 0x7fb0c57bbd20>,53,20,[ 5 12],54,126,146,72,125
1,<environment.Job instance at 0x7fb0c57bbf00>,54,2,[ 5 11],55,146,148,91,137
1,<environment.Job instance at 0x7fb0c57bbfa0>,56,1,[5 9],57,148,149,91,139
1,<environment.Job instance at 0x7fb0c57bf0f0>,61,2,[ 5 11],62,149,151,87,148
1,<environment.Job instance at 0x7fb0c57bf3c0>,62,2,[5 3],63,148,150,85,148
1,<environment.Job instance at 0x7fb0c57bf690>,63,18,[4 5],64,154,172,90,154
1,<environment.Job instance at 0x7fb0c57bf500>,64,1,[6 1],65,154,155,89,154
1,<environment.Job instance at 0x7fb0c57bf960>,70,2,[8 2],71,171,173,100,171
1,<environment.Job instance at 0x7fb0c57bfb90>,72,15,[5 1],73,188,203,115,188
1,<environment.Job instance at 0x7fb0c57bfc30>,73,3,[2 7],74,188,191,114,188
1,<environment.Job instance at 0x7fb0c57bfeb0>,74,1,[4 6],75,188,189,113,188
1,<environment.Job instance at 0x7fb0c57bfcd0>,75,3,[10  5],76,191,194,115,188
1,<environment.Job instance at 0x7fb110432500>,0,20,[ 4 10],1,1,21,0,1
1,<environment.Job instance at 0x7fb0c58135f0>,6,24,[4 5],7,7,31,0,7
1,<environment.Job instance at 0x7fb0c5813eb0>,7,24,[4 8],8,21,45,13,16
1,<environment.Job instance at 0x7fb108fabaa0>,22,23,[6 2],23,25,48,2,25
1,<environment.Job instance at 0x7fb108de4b90>,31,1,[3 6],32,45,46,13,45
1,<environment.Job instance at 0x7fb108fab820>,24,3,[ 1 12],25,51,54,26,51
1,<environment.Job instance at 0x7fb110246d20>,33,1,[11  3],34,52,53,18,52
1,<environment.Job instance at 0x7fb10d69bc80>,35,28,[ 4 12],36,59,87,23,59
1,<environment.Job instance at 0x7fb10d6ba410>,39,1,[ 4 13],40,87,88,47,73
1,<environment.Job instance at 0x7fb0c559f3c0>,40,1,[7 5],41,88,89,47,73
1,<environment.Job instance at 0x7fb0c57b6aa0>,47,2,[6 5],48,110,112,62,110
1,<environment.Job instance at 0x7fb10d5b4140>,51,1,[6 2],52,121,122,69,121
1,<environment.Job instance at 0x7fb108ec65a0>,48,18,[10  1],49,122,140,73,121
1,<environment.Job instance at 0x7fb10d5a60a0>,55,24,[5 2],56,137,161,81,137
1,<environment.Job instance at 0x7fb10d5a6820>,57,3,[7 5],58,147,150,89,147
1,<environment.Job instance at 0x7fb1090b03c0>,58,1,[5 6],59,150,151,91,147
1,<environment.Job instance at 0x7fb1090b0910>,59,1,[3 8],60,147,148,87,147
1,<environment.Job instance at 0x7fb1090b01e0>,60,25,[6 2],61,151,176,90,147
1,<environment.Job instance at 0x7fb10905c690>,64,1,[5 9],65,161,162,96,153
1,<environment.Job instance at 0x7fb0c5626d70>,67,3,[1 6],68,178,181,110,178
1,<environment.Job instance at 0x7fb0c5626050>,70,25,[5 5],71,187,212,116,187
1,<environment.Job instance at 0x7fb10d4c3a00>,72,1,[1 7],73,191,192,118,191
1,<environment.Job instance at 0x7fb10d4c3d20>,73,3,[ 4 11],74,214,217,140,214
1,<environment.Job instance at 0x7fb108df3640>,75,19,[2 8],76,217,236,141,214
1,<environment.Job instance at 0x7fb108f79410>,84,1,[2 9],85,240,241,155,240
1,<environment.Job instance at 0x7fb108f79820>,87,2,[10  2],88,257,259,169,257
1,<environment.Job instance at 0x7fb109366370>,93,3,[6 5],94,296,299,202,296
1,<environment.Job instance at 0x7fb109366dc0>,94,19,[ 5 10],95,296,315,201,296
1,<environment.Job instance at 0x7fb109366b90>,95,3,[9 1],96,299,302,203,297
1,<environment.Job instance at 0x7fb1093669b0>,97,27,[8 5],98,302,329,204,300
1,<environment.Job instance at 0x7fb0c56bcdc0>,99,3,[ 1 12],100,329,332,229,304
1,<environment.Job instance at 0x7fb0c56bc910>,101,1,[2 7],102,315,316,213,308
1,<environment.Job instance at 0x7fb0c56bca00>,102,1,[1 8],103,316,317,213,308
1,<environment.Job instance at 0x7fb0c4f770f0>,11,18,[7 1],12,12,30,0,12
1,<environment.Job instance at 0x7fb0c580c910>,14,2,[10  2],15,30,32,15,15
1,<environment.Job instance at 0x7fb108df35a0>,8,3,[4 7],9,16,19,7,16
1,<environment.Job instance at 0x7fb0c5448c30>,17,2,[9 2],18,32,34,14,18
1,<environment.Job instance at 0x7fb10d61be10>,18,2,[13  1],19,34,36,15,20
1,<environment.Job instance at 0x7fb0c5806820>,21,26,[7 2],22,36,62,14,33
1,<environment.Job instance at 0x7fb108e0a640>,23,3,[8 2],24,36,39,12,33
1,<environment.Job instance at 0x7fb0c53c1050>,30,2,[8 1],31,56,58,25,56
1,<environment.Job instance at 0x7fb108e4db90>,31,23,[5 9],32,58,81,26,56
1,<environment.Job instance at 0x7fb0c51fd0a0>,36,1,[ 3 13],37,81,82,44,76
1,<environment.Job instance at 0x7fb10929d280>,37,22,[2 9],38,82,104,44,76
1,<environment.Job instance at 0x7fb108e1c320>,46,20,[8 2],47,101,121,54,101
1,<environment.Job instance at 0x7fb0c5810dc0>,48,26,[2 5],49,104,130,55,103
1,<environment.Job instance at 0x7fb0c5810cd0>,54,1,[10  4],55,127,128,72,127
1,<environment.Job instance at 0x7fb0c50b0aa0>,56,24,[2 9],57,128,152,71,127
1,<environment.Job instance at 0x7fb1090d1820>,33,3,[ 1 14],34,152,155,118,140
1,<environment.Job instance at 0x7fb0c50b09b0>,59,20,[ 3 11],60,155,175,95,146
1,<environment.Job instance at 0x7fb0c580a3c0>,64,2,[3 6],65,149,151,84,149
1,<environment.Job instance at 0x7fb0c580aaf0>,68,2,[7 4],69,165,167,96,165
1,<environment.Job instance at 0x7fb10d5e7640>,71,2,[6 3],72,183,185,111,183
1,<environment.Job instance at 0x7fb0c52bbb40>,72,2,[2 8],73,183,185,110,183
1,<environment.Job instance at 0x7fb10900d230>,75,2,[8 1],76,193,195,117,193
1,<environment.Job instance at 0x7fb10900df00>,76,1,[ 3 11],77,193,194,116,193
1,<environment.Job instance at 0x7fb10d49e500>,78,1,[3 6],79,197,198,118,197
1,<environment.Job instance at 0x7fb10d49ee10>,79,1,[9 1],80,197,198,117,197
1,<environment.Job instance at 0x7fb10d49e460>,81,23,[1 8],82,214,237,132,214
1,<environment.Job instance at 0x7fb108e780a0>,3,1,[8 3],4,5,6,1,5
1,<environment.Job instance at 0x7fb109141dc0>,13,2,[1 7],14,15,17,1,15
1,<environment.Job instance at 0x7fb10d9ddb40>,17,3,[8 3],18,30,33,12,30
1,<environment.Job instance at 0x7fb10d9dd4b0>,18,2,[1 7],19,30,32,11,30
1,<environment.Job instance at 0x7fb10d9ddf50>,21,1,[3 9],22,40,41,18,40
1,<environment.Job instance at 0x7fb10d9ddfa0>,23,3,[6 1],24,44,47,20,44
1,<environment.Job instance at 0x7fb10d9dd6e0>,25,2,[ 2 12],26,52,54,26,52
1,<environment.Job instance at 0x7fb10d9dd730>,26,1,[3 9],27,54,55,27,52
1,<environment.Job instance at 0x7fb109244370>,28,21,[2 5],29,61,82,32,61
1,<environment.Job instance at 0x7fb10926dfa0>,29,23,[5 7],30,61,84,31,61
1,<environment.Job instance at 0x7fb108d18050>,32,2,[5 3],33,72,74,39,72
1,<environment.Job instance at 0x7fb1093e12d0>,33,25,[ 1 10],34,84,109,50,80
1,<environment.Job instance at 0x7fb11004deb0>,35,2,[5 2],36,80,82,44,80
1,<environment.Job instance at 0x7fb10d4c2e60>,38,1,[ 5 14],39,109,110,70,100
1,<environment.Job instance at 0x7fb10d4c2f00>,43,3,[3 6],44,110,113,66,104
1,<environment.Job instance at 0x7fb10d4c2820>,37,19,[ 2 10],38,113,132,75,110
1,<environment.Job instance at 0x7fb1090f4dc0>,52,2,[4 5],53,137,139,84,137
1,<environment.Job instance at 0x7fb10910e140>,54,2,[8 4],55,151,153,96,151
1,<environment.Job instance at 0x7fb10910e230>,55,2,[11  4],56,153,155,97,151
1,<environment.Job instance at 0x7fb10910e280>,56,1,[6 4],57,151,152,94,151
1,<environment.Job instance at 0x7fb10910e370>,58,2,[6 3],59,155,157,96,152
1,<environment.Job instance at 0x7fb10910e410>,59,21,[7 2],60,155,176,95,152
1,<environment.Job instance at 0x7fb10910e780>,61,3,[ 1 10],62,157,160,95,157
1,<environment.Job instance at 0x7fb108c32280>,0,2,[9 2],1,1,3,0,1
1,<environment.Job instance at 0x7fb10d50ea00>,10,3,[1 9],11,11,14,0,11
1,<environment.Job instance at 0x7fb0c58063c0>,11,2,[3 5],12,12,14,0,12
1,<environment.Job instance at 0x7fb1102e65f0>,17,1,[1 9],18,33,34,15,33
1,<environment.Job instance at 0x7fb10daebfa0>,18,3,[7 1],19,33,36,14,33
1,<environment.Job instance at 0x7fb10daeb5f0>,19,2,[10  5],20,36,38,16,33
1,<environment.Job instance at 0x7fb10daeb730>,20,1,[5 8],21,34,35,13,33
1,<environment.Job instance at 0x7fb10daebbe0>,22,26,[9 3],23,38,64,15,37
1,<environment.Job instance at 0x7fb1092ab960>,28,1,[5 9],29,59,60,30,59
1,<environment.Job instance at 0x7fb1092ab500>,29,2,[ 1 10],30,60,62,30,59
1,<environment.Job instance at 0x7fb10900d230>,26,3,[12  4],27,64,67,37,62
1,<environment.Job instance at 0x7fb1092ab8c0>,34,2,[ 4 10],35,72,74,37,72
1,<environment.Job instance at 0x7fb10d594910>,37,22,[6 4],38,85,107,47,85
1,<environment.Job instance at 0x7fb10d594870>,39,2,[1 6],40,85,87,45,85
1,<environment.Job instance at 0x7fb108f3aa00>,42,2,[4 8],43,103,105,60,103
1,<environment.Job instance at 0x7fb108f3a960>,45,3,[10  5],46,107,110,61,103
1,<environment.Job instance at 0x7fb108f79690>,49,2,[5 2],50,134,136,84,134
1,<environment.Job instance at 0x7fb108f79780>,50,2,[1 6],51,134,136,83,134
1,<environment.Job instance at 0x7fb108f79a00>,52,2,[9 5],53,135,137,82,135
1,<environment.Job instance at 0x7fb108f79af0>,55,19,[10  1],56,166,185,110,166
1,<environment.Job instance at 0x7fb10d61baf0>,57,2,[ 3 10],58,166,168,108,166
1,<environment.Job instance at 0x7fb1090ba280>,58,23,[1 5],59,168,191,109,166
1,<environment.Job instance at 0x7fb10d61b230>,59,2,[12  2],60,185,187,125,182
1,<environment.Job instance at 0x7fb10d9fe500>,66,2,[5 1],67,201,203,134,201
1,<environment.Job instance at 0x7fb10d9fe690>,67,20,[5 3],68,201,221,133,201
1,<environment.Job instance at 0x7fb0c5850a00>,68,3,[9 1],69,203,206,134,201
1,<environment.Job instance at 0x7fb0c5850780>,74,1,[4 6],75,233,234,158,233
1,<environment.Job instance at 0x7fb0c5850aa0>,77,3,[5 6],78,268,271,190,268
1,<environment.Job instance at 0x7fb0c507b410>,6,23,[ 1 13],7,7,30,0,7
1,<environment.Job instance at 0x7fb108df5c30>,7,2,[ 2 11],8,30,32,22,13
1,<environment.Job instance at 0x7fb0c56ab6e0>,13,1,[5 5],14,32,33,18,14
1,<environment.Job instance at 0x7fb0c56abb40>,14,24,[7 3],15,30,54,15,25
1,<environment.Job instance at 0x7fb10d74a820>,16,21,[5 3],17,33,54,16,25
1,<environment.Job instance at 0x7fb0c4f9b0f0>,17,22,[1 9],18,33,55,15,26
1,<environment.Job instance at 0x7fb10d5a50f0>,25,27,[2 8],26,55,82,29,53
1,<environment.Job instance at 0x7fb10d5a5c30>,28,1,[9 4],29,54,55,25,53
1,<environment.Job instance at 0x7fb10d5a5fa0>,29,1,[ 4 13],30,82,83,52,54
1,<environment.Job instance at 0x7fb10d5a5d70>,31,1,[10  1],32,58,59,26,58
1,<environment.Job instance at 0x7fb10d5a55a0>,32,24,[5 7],33,83,107,50,78
1,<environment.Job instance at 0x7fb0c50452d0>,33,3,[4 8],34,83,86,49,78
1,<environment.Job instance at 0x7fb0c5045410>,34,1,[4 6],35,78,79,43,78
1,<environment.Job instance at 0x7fb0c5045320>,35,2,[4 5],36,79,81,43,78
1,<environment.Job instance at 0x7fb0c5045f50>,37,1,[ 3 10],38,107,108,69,79
1,<environment.Job instance at 0x7fb0c5045f00>,38,1,[4 5],39,81,82,42,79
1,<environment.Job instance at 0x7fb0c5045d20>,39,23,[6 1],40,86,109,46,80
1,<environment.Job instance at 0x7fb0c50457d0>,40,1,[11  4],41,109,110,68,81
1,<environment.Job instance at 0x7fb108ca0230>,46,23,[ 2 10],47,108,131,61,102
1,<environment.Job instance at 0x7fb108ca0550>,51,2,[11  4],52,110,112,58,107
1,<environment.Job instance at 0x7fb108ca01e0>,52,3,[14  5],53,131,134,78,111
1,<environment.Job instance at 0x7fb108e9c910>,54,2,[4 5],55,112,114,57,111
1,<environment.Job instance at 0x7fb108e9c0f0>,56,3,[4 7],57,134,137,77,118
1,<environment.Job instance at 0x7fb108e9c7d0>,60,2,[3 9],61,137,139,76,137
1,<environment.Job instance at 0x7fb108e9c050>,61,1,[6 4],62,137,138,75,137
1,<environment.Job instance at 0x7fb10914d050>,63,3,[7 5],64,149,152,85,149
1,<environment.Job instance at 0x7fb10914dfa0>,67,3,[1 5],68,164,167,96,164
1,<environment.Job instance at 0x7fb10914d230>,70,18,[5 6],71,174,192,103,174
1,<environment.Job instance at 0x7fb10914d460>,71,2,[ 1 10],72,192,194,120,174
1,<environment.Job instance at 0x7fb10914df00>,72,14,[5 3],73,174,188,101,174
1,<environment.Job instance at 0x7fb0c5823e60>,74,1,[6 3],75,188,189,113,176
1,<environment.Job instance at 0x7fb0c58233c0>,76,26,[5 7],77,194,220,117,192
1,<environment.Job instance at 0x7fb0c5823fa0>,77,2,[1 6],78,194,196,116,192
1,<environment.Job instance at 0x7fb0c5823370>,78,3,[10  2],79,196,199,117,192
1,<environment.Job instance at 0x7fb0c5823230>,80,1,[7 3],81,199,200,118,194
1,<environment.Job instance at 0x7fb0c50d76e0>,86,3,[ 4 11],87,220,223,133,219
1,<environment.Job instance at 0x7fb0c50d7190>,89,20,[3 9],90,230,250,140,230
1,<environment.Job instance at 0x7fb0c50d7870>,91,23,[8 4],92,231,254,139,231
1,<environment.Job instance at 0x7fb1101bc910>,94,3,[11  3],95,254,257,159,251
1,<environment.Job instance at 0x7fb1101bc8c0>,96,2,[ 2 12],97,254,256,157,252
1,<environment.Job instance at 0x7fb1101bc140>,97,2,[1 9],98,252,254,154,252
1,<environment.Job instance at 0x7fb1101bc6e0>,99,1,[5 4],100,257,258,157,252
1,<environment.Job instance at 0x7fb1101bcdc0>,100,1,[3 6],101,256,257,155,252
1,<environment.Job instance at 0x7fb1101bc500>,102,2,[6 2],103,257,259,154,253
1,<environment.Job instance at 0x7fb1101bc5a0>,104,3,[ 3 10],105,258,261,153,258
1,<environment.Job instance at 0x7fb1101bcc30>,105,27,[6 2],106,258,285,152,258
1,<environment.Job instance at 0x7fb1101bccd0>,106,2,[9 1],107,261,263,154,258
1,<environment.Job instance at 0x7fb1101bc1e0>,108,3,[ 3 12],109,265,268,156,265
1,<environment.Job instance at 0x7fb108c9ebe0>,113,15,[5 2],114,294,309,180,294
1,<environment.Job instance at 0x7fb10d669d70>,122,3,[1 9],123,325,328,202,325
1,<environment.Job instance at 0x7fb10d669780>,123,1,[6 2],124,325,326,201,325
1,<environment.Job instance at 0x7fb10d6699b0>,124,2,[1 8],125,328,330,203,325
1,<environment.Job instance at 0x7fb10d669b40>,125,1,[ 4 14],126,330,331,204,325
1,<environment.Job instance at 0x7fb10d6693c0>,128,2,[2 7],129,328,330,199,325
1,<environment.Job instance at 0x7fb10d669640>,129,2,[5 3],130,325,327,195,325
1,<environment.Job instance at 0x7fb10d669730>,131,1,[4 6],132,327,328,195,325
1,<environment.Job instance at 0x7fb10d669aa0>,133,2,[2 7],134,338,340,204,338
1,<environment.Job instance at 0x7fb0c503e1e0>,137,1,[10  4],138,360,361,222,360
1,<environment.Job instance at 0x7fb0c503e730>,138,1,[2 9],139,360,361,221,360
1,<environment.Job instance at 0x7fb0c503e690>,139,22,[14  5],140,361,383,221,360
1,<environment.Job instance at 0x7fb10d5a5410>,24,19,[ 5 12],25,450,469,425,450
1,<environment.Job instance at 0x7fb0c5064910>,147,1,[10  4],148,526,527,378,526
1,<environment.Job instance at 0x7fb0c5064f50>,148,22,[10  4],149,527,549,378,526
1,<environment.Job instance at 0x7fb0c50d9a00>,151,21,[5 8],152,553,574,401,553
1,<environment.Job instance at 0x7fb1093a45f0>,156,1,[7 5],157,585,586,428,585
1,<environment.Job instance at 0x7fb1093a4f00>,157,25,[6 5],158,585,610,427,585
1,<environment.Job instance at 0x7fb1093a4b40>,165,1,[1 9],166,615,616,449,615
1,<environment.Job instance at 0x7fb10db507d0>,168,25,[5 7],169,623,648,454,623
1,<environment.Job instance at 0x7fb0c58238c0>,5,26,[14  3],6,6,32,0,6
1,<environment.Job instance at 0x7fb0c4fb8a50>,7,28,[6 3],8,32,60,24,31
1,<environment.Job instance at 0x7fb10db507d0>,4,3,[9 3],5,32,35,27,31
1,<environment.Job instance at 0x7fb0c5777f50>,8,2,[10  3],9,60,62,51,33
1,<environment.Job instance at 0x7fb1101bcb90>,12,2,[1 7],13,35,37,22,33
1,<environment.Job instance at 0x7fb1101bcbe0>,11,19,[3 6],12,37,56,25,33
1,<environment.Job instance at 0x7fb108eab460>,18,1,[5 2],19,43,44,24,43
1,<environment.Job instance at 0x7fb0c5441820>,17,3,[13  2],18,62,65,44,44
1,<environment.Job instance at 0x7fb10d431eb0>,20,1,[3 6],21,44,45,23,44
1,<environment.Job instance at 0x7fb10d431e10>,21,19,[3 9],22,65,84,43,55
1,<environment.Job instance at 0x7fb108eab3c0>,16,2,[14  2],17,84,86,67,57
1,<environment.Job instance at 0x7fb0c5617d70>,31,1,[1 6],32,95,96,63,95
1,<environment.Job instance at 0x7fb0c5617eb0>,32,25,[2 8],33,95,120,62,95
1,<environment.Job instance at 0x7fb1092d1550>,33,2,[ 4 10],34,120,122,86,95
1,<environment.Job instance at 0x7fb0c50c76e0>,41,28,[1 5],42,120,148,78,120
1,<environment.Job instance at 0x7fb0c5064140>,45,2,[1 7],46,132,134,86,132
1,<environment.Job instance at 0x7fb0c5743d20>,49,2,[4 6],50,152,154,102,152
1,<environment.Job instance at 0x7fb0c5743a50>,50,27,[3 8],51,152,179,101,152
1,<environment.Job instance at 0x7fb0c57435f0>,53,3,[ 3 10],54,179,182,125,167
1,<environment.Job instance at 0x7fb0c5743230>,54,19,[6 5],55,167,186,112,167
1,<environment.Job instance at 0x7fb0c5743d70>,56,3,[5 6],57,182,185,125,182
1,<environment.Job instance at 0x7fb108f54c30>,58,1,[7 4],59,185,186,126,182
1,<environment.Job instance at 0x7fb108f545f0>,59,3,[ 1 10],60,186,189,126,182
1,<environment.Job instance at 0x7fb108f45fa0>,60,20,[7 1],61,186,206,125,182
1,<environment.Job instance at 0x7fb108f45500>,61,1,[12  2],62,206,207,144,182
1,<environment.Job instance at 0x7fb108f45c80>,64,1,[10  3],65,207,208,142,182
1,<environment.Job instance at 0x7fb108f45320>,65,3,[4 6],66,189,192,123,183
1,<environment.Job instance at 0x7fb108f45be0>,67,3,[6 5],68,192,195,124,192
1,<environment.Job instance at 0x7fb108f45a00>,70,3,[2 6],71,197,200,126,197
1,<environment.Job instance at 0x7fb10938c780>,73,2,[7 2],74,217,219,143,217
1,<environment.Job instance at 0x7fb10d531af0>,76,3,[5 2],77,222,225,145,222
1,<environment.Job instance at 0x7fb108f36cd0>,77,1,[10  1],78,222,223,144,222
1,<environment.Job instance at 0x7fb108f36eb0>,78,3,[2 5],79,223,226,144,222
1,<environment.Job instance at 0x7fb10d5340a0>,79,1,[3 8],80,223,224,143,222
1,<environment.Job instance at 0x7fb10d534fa0>,80,23,[ 1 12],81,226,249,145,222
1,<environment.Job instance at 0x7fb108f57aa0>,82,28,[1 7],83,249,277,166,248
1,<environment.Job instance at 0x7fb10d549460>,85,26,[ 4 10],86,277,303,191,274
1,<environment.Job instance at 0x7fb0c5472370>,86,1,[7 2],87,274,275,187,274
1,<environment.Job instance at 0x7fb109390050>,89,22,[12  5],90,303,325,213,296
1,<environment.Job instance at 0x7fb1091e7be0>,94,27,[3 7],95,303,330,208,301
1,<environment.Job instance at 0x7fb0c543f0f0>,104,3,[1 9],105,332,335,227,332
1,<environment.Job instance at 0x7fb109256f00>,106,12,[1 9],107,341,353,234,341
1,<environment.Job instance at 0x7fb1093aae60>,107,2,[10  4],108,341,343,233,341
1,<environment.Job instance at 0x7fb1093aa960>,108,19,[5 8],109,353,372,244,343
1,<environment.Job instance at 0x7fb1093aaaf0>,111,2,[8 5],112,352,354,240,352
1,<environment.Job instance at 0x7fb108fe2c30>,115,3,[5 4],116,379,382,263,379
1,<environment.Job instance at 0x7fb108fe2780>,116,2,[5 6],117,379,381,262,379
1,<environment.Job instance at 0x7fb108fdd500>,119,1,[2 8],120,390,391,270,390
1,<environment.Job instance at 0x7fb1093a8fa0>,120,2,[10  3],121,390,392,269,390
1,<environment.Job instance at 0x7fb1093a8500>,121,3,[10  4],122,392,395,270,390
1,<environment.Job instance at 0x7fb1093a8b40>,122,3,[ 2 10],123,391,394,268,390
1,<environment.Job instance at 0x7fb1093a86e0>,123,1,[4 7],124,394,395,270,390
1,<environment.Job instance at 0x7fb1093a8a50>,127,28,[8 3],128,409,437,281,409
1,<environment.Job instance at 0x7fb1093a8c80>,128,1,[8 4],129,437,438,308,409
1,<environment.Job instance at 0x7fb108f32550>,130,19,[3 8],131,411,430,280,411
1,<environment.Job instance at 0x7fb1093bd320>,132,22,[13  5],133,438,460,305,431
1,<environment.Job instance at 0x7fb1093bd370>,133,28,[10  5],134,460,488,326,459
1,<environment.Job instance at 0x7fb1093bde60>,137,27,[3 7],138,460,487,322,459
1,<environment.Job instance at 0x7fb1093bd460>,146,27,[13  1],147,488,515,341,486
1,<environment.Job instance at 0x7fb10d5d5140>,152,2,[8 3],153,515,517,362,505
1,<environment.Job instance at 0x7fb10d937500>,154,3,[4 8],155,515,518,360,505
1,<environment.Job instance at 0x7fb10d937640>,155,25,[2 7],156,517,542,361,513
1,<environment.Job instance at 0x7fb0c5064e10>,1,26,[6 3],2,2,28,0,2
1,<environment.Job instance at 0x7fb108e9c370>,4,1,[5 7],5,5,6,0,5
1,<environment.Job instance at 0x7fb108c93780>,7,1,[ 5 12],8,8,9,0,8
1,<environment.Job instance at 0x7fb10d4d6f00>,8,1,[ 2 10],9,9,10,0,9
1,<environment.Job instance at 0x7fb108d2a4b0>,9,3,[12  2],10,28,31,18,10
1,<environment.Job instance at 0x7fb10d989050>,11,3,[11  1],12,31,34,19,12
1,<environment.Job instance at 0x7fb0c4e7f0a0>,15,27,[8 5],16,34,61,18,32
1,<environment.Job instance at 0x7fb0c4e7ff00>,16,22,[9 5],17,61,83,44,54
1,<environment.Job instance at 0x7fb0c57774b0>,5,3,[2 5],6,54,57,48,54
1,<environment.Job instance at 0x7fb0c4fdffa0>,18,24,[7 4],19,83,107,64,78
1,<environment.Job instance at 0x7fb0c4ff7140>,20,1,[9 3],21,107,108,86,79
1,<environment.Job instance at 0x7fb0c4e78d70>,24,1,[5 4],25,82,83,57,82
1,<environment.Job instance at 0x7fb0c4e788c0>,25,2,[5 4],26,83,85,57,82
1,<environment.Job instance at 0x7fb0c4e785f0>,26,2,[7 5],27,85,87,58,82
1,<environment.Job instance at 0x7fb1091b8050>,29,2,[12  1],30,108,110,78,84
1,<environment.Job instance at 0x7fb109260190>,31,24,[ 3 14],32,108,132,76,103
1,<environment.Job instance at 0x7fb10da1fe60>,40,20,[9 2],41,132,152,91,123
1,<environment.Job instance at 0x7fb10da1ff00>,45,3,[3 8],46,153,156,107,153
1,<environment.Job instance at 0x7fb10da1f4b0>,46,26,[ 4 10],47,156,182,109,153
1,<environment.Job instance at 0x7fb0c55d7050>,51,3,[ 2 12],52,186,189,134,186
1,<environment.Job instance at 0x7fb10d8ea550>,54,19,[1 7],55,189,208,134,189
1,<environment.Job instance at 0x7fb0c5064500>,2,24,[2 9],3,3,27,0,3
1,<environment.Job instance at 0x7fb0c5513fa0>,8,1,[ 2 10],9,27,28,18,16
1,<environment.Job instance at 0x7fb10d7d55f0>,15,1,[5 5],16,17,18,1,17
1,<environment.Job instance at 0x7fb0c50dd5a0>,19,20,[5 3],20,31,51,11,31
1,<environment.Job instance at 0x7fb0c50dd820>,20,2,[7 1],21,31,33,10,31
1,<environment.Job instance at 0x7fb10d7d5aa0>,9,18,[1 9],10,41,59,31,41
1,<environment.Job instance at 0x7fb0c50dd050>,22,1,[ 1 10],23,59,60,36,41
1,<environment.Job instance at 0x7fb10d5a2af0>,25,23,[1 8],26,60,83,34,54
1,<environment.Job instance at 0x7fb10d5a2820>,30,1,[4 6],31,55,56,24,55
1,<environment.Job instance at 0x7fb10d5a2a50>,31,1,[2 7],32,60,61,28,55
1,<environment.Job instance at 0x7fb10d5a2780>,32,3,[ 5 13],33,83,86,50,75
1,<environment.Job instance at 0x7fb10d5a2960>,35,18,[4 6],36,87,105,51,87
1,<environment.Job instance at 0x7fb0c4e48780>,38,19,[3 9],39,87,106,48,87
1,<environment.Job instance at 0x7fb0c4e48d70>,44,26,[8 5],45,105,131,60,102
1,<environment.Job instance at 0x7fb0c4e57140>,46,2,[5 2],47,106,108,59,103
1,<environment.Job instance at 0x7fb0c4e57230>,48,2,[1 6],49,106,108,57,104
1,<environment.Job instance at 0x7fb0c4e57050>,49,3,[9 2],50,131,134,81,105
1,<environment.Job instance at 0x7fb0c4e57af0>,50,22,[6 2],51,108,130,57,105
1,<environment.Job instance at 0x7fb0c4e57e10>,52,3,[9 1],53,134,137,81,108
1,<environment.Job instance at 0x7fb0c4e57b90>,53,24,[3 7],54,130,154,76,125
1,<environment.Job instance at 0x7fb0c4e4bfa0>,60,3,[ 4 10],61,154,157,93,143
1,<environment.Job instance at 0x7fb0c4e4bf50>,61,3,[14  4],62,157,160,95,143
1,<environment.Job instance at 0x7fb0c4e4b280>,64,1,[10  5],65,143,144,78,143
1,<environment.Job instance at 0x7fb0c4e4b370>,67,2,[9 2],68,161,163,93,161
1,<environment.Job instance at 0x7fb0c4e4bdc0>,72,2,[2 8],73,177,179,104,177
1,<environment.Job instance at 0x7fb0c531fa50>,74,1,[8 4],75,177,178,102,177
1,<environment.Job instance at 0x7fb0c531ff50>,75,25,[ 4 10],76,179,204,103,177
1,<environment.Job instance at 0x7fb0c531f960>,80,1,[10  3],81,224,225,143,224
1,<environment.Job instance at 0x7fb0c531f370>,81,3,[5 3],82,224,227,142,224
1,<environment.Job instance at 0x7fb0c531f640>,82,2,[3 7],83,225,227,142,224
1,<environment.Job instance at 0x7fb0c531f410>,83,3,[5 5],84,225,228,141,224
1,<environment.Job instance at 0x7fb0c531fdc0>,84,3,[4 6],85,227,230,142,224
1,<environment.Job instance at 0x7fb0c531f500>,85,2,[5 8],86,228,230,142,224
1,<environment.Job instance at 0x7fb0c531f7d0>,88,2,[ 5 11],89,243,245,154,243
1,<environment.Job instance at 0x7fb0c531f280>,89,2,[ 3 10],90,245,247,155,243
1,<environment.Job instance at 0x7fb0c531f1e0>,91,27,[4 5],92,246,273,154,246
1,<environment.Job instance at 0x7fb0c5303910>,96,27,[10  5],97,273,300,176,273
1,<environment.Job instance at 0x7fb0c4e9f370>,103,2,[2 6],104,302,304,198,302
1,<environment.Job instance at 0x7fb0c4e9f7d0>,104,2,[4 8],105,302,304,197,302
1,<environment.Job instance at 0x7fb0c50dd9b0>,0,1,[ 2 14],1,1,2,0,1
1,<environment.Job instance at 0x7fb0c4f1b0a0>,3,2,[5 8],4,7,9,3,7
1,<environment.Job instance at 0x7fb0c574c820>,16,1,[7 2],17,17,18,0,17
1,<environment.Job instance at 0x7fb11043bfa0>,17,25,[9 5],18,18,43,0,18
1,<environment.Job instance at 0x7fb109097050>,18,2,[ 1 13],19,43,45,24,20
1,<environment.Job instance at 0x7fb0c4f28f50>,21,1,[2 5],22,26,27,4,26
1,<environment.Job instance at 0x7fb0c5563280>,22,2,[3 7],23,27,29,4,26
1,<environment.Job instance at 0x7fb0c4f10c80>,23,1,[6 3],24,29,30,5,26
1,<environment.Job instance at 0x7fb0c4f1d690>,26,2,[6 3],27,40,42,13,40
1,<environment.Job instance at 0x7fb10d56d5a0>,29,1,[8 4],30,54,55,24,54
1,<environment.Job instance at 0x7fb0c4e92fa0>,34,2,[6 5],35,70,72,35,70
1,<environment.Job instance at 0x7fb0c5064690>,36,18,[2 5],37,82,100,45,82
1,<environment.Job instance at 0x7fb0c5064780>,37,2,[ 1 11],38,100,102,62,82
1,<environment.Job instance at 0x7fb0c5064fa0>,38,27,[4 6],39,102,129,63,100
1,<environment.Job instance at 0x7fb0c4e7d6e0>,39,2,[5 9],40,102,104,62,100
1,<environment.Job instance at 0x7fb0c4eb7140>,41,1,[10  5],42,104,105,62,100
1,<environment.Job instance at 0x7fb0c4e7d0a0>,45,1,[2 9],46,105,106,59,101
1,<environment.Job instance at 0x7fb0c4edd140>,49,3,[7 3],50,106,109,56,103
1,<environment.Job instance at 0x7fb0c4e445a0>,50,2,[5 2],51,109,111,58,103
1,<environment.Job instance at 0x7fb0c4ffd690>,54,2,[9 2],55,117,119,62,117
1,<environment.Job instance at 0x7fb0c4ffd2d0>,56,3,[ 2 10],57,134,137,77,134
1,<environment.Job instance at 0x7fb0c4ffd190>,60,26,[ 5 14],61,145,171,84,145
1,<environment.Job instance at 0x7fb0c563df50>,63,27,[2 5],64,171,198,107,169
1,<environment.Job instance at 0x7fb0c502caf0>,70,1,[4 5],71,195,196,124,195
1,<environment.Job instance at 0x7fb0c5221230>,71,2,[1 5],72,195,197,123,195
1,<environment.Job instance at 0x7fb0c502cc30>,72,2,[10  2],73,197,199,124,197
1,<environment.Job instance at 0x7fb0c502cd20>,74,1,[4 5],75,198,199,123,198
1,<environment.Job instance at 0x7fb0c5012e10>,77,1,[9 4],78,211,212,133,211
1,<environment.Job instance at 0x7fb108c5b410>,79,20,[8 1],80,214,234,134,214
1,<environment.Job instance at 0x7fb108c7ad20>,80,28,[5 3],81,214,242,133,214
1,<environment.Job instance at 0x7fb0c4eb8be0>,82,1,[7 4],83,234,235,151,216
1,<environment.Job instance at 0x7fb10d5e70a0>,83,1,[13  4],84,242,243,158,216
1,<environment.Job instance at 0x7fb10d5e73c0>,84,2,[3 8],85,234,236,149,216
1,<environment.Job instance at 0x7fb10d5d0960>,97,2,[ 3 10],98,272,274,174,272
1,<environment.Job instance at 0x7fb10d5edd70>,102,3,[2 8],103,277,280,174,277
1,<environment.Job instance at 0x7fb10d5e60a0>,103,27,[6 3],104,277,304,173,277
1,<environment.Job instance at 0x7fb0c54255f0>,110,2,[11  1],111,308,310,197,308
1,<environment.Job instance at 0x7fb0c5425190>,111,2,[8 4],112,310,312,198,308
1,<environment.Job instance at 0x7fb0c519bc30>,117,1,[6 2],118,328,329,210,328
1,<environment.Job instance at 0x7fb0c519b050>,119,28,[3 9],120,335,363,215,335
1,<environment.Job instance at 0x7fb0c5430cd0>,124,1,[5 3],125,365,366,240,365
1,<environment.Job instance at 0x7fb0c5430410>,125,25,[10  4],126,365,390,239,365
1,<environment.Job instance at 0x7fb0c54305a0>,129,3,[3 8],130,396,399,266,396
1,<environment.Job instance at 0x7fb0c5430870>,132,2,[6 5],133,396,398,263,396
1,<environment.Job instance at 0x7fb0c5430a50>,135,28,[5 2],136,403,431,267,403
1,<environment.Job instance at 0x7fb0c54066e0>,136,2,[ 5 10],137,403,405,266,403
1,<environment.Job instance at 0x7fb0c5406780>,137,2,[ 4 10],138,405,407,267,403
1,<environment.Job instance at 0x7fb0c5406aa0>,138,1,[5 2],139,403,404,264,403
1,<environment.Job instance at 0x7fb0c5406550>,141,2,[10  3],142,407,409,265,403
1,<environment.Job instance at 0x7fb0c5406b40>,144,2,[5 9],145,419,421,274,419
1,<environment.Job instance at 0x7fb0c4fe9690>,145,2,[5 3],146,419,421,273,419
1,<environment.Job instance at 0x7fb0c54061e0>,149,22,[ 4 10],150,436,458,286,436
1,<environment.Job instance at 0x7fb0c51798c0>,150,1,[ 1 10],151,458,459,307,436
1,<environment.Job instance at 0x7fb1092678c0>,155,20,[7 3],156,453,473,297,453
1,<environment.Job instance at 0x7fb0c5179280>,158,2,[2 9],159,459,461,300,456
1,<environment.Job instance at 0x7fb0c4e9f780>,161,3,[5 4],162,472,475,310,472
1,<environment.Job instance at 0x7fb0c4e9fb40>,162,3,[ 4 10],163,473,476,310,472
1,<environment.Job instance at 0x7fb0c4e9f0a0>,164,3,[1 6],165,476,479,311,473
1,<environment.Job instance at 0x7fb108c79a00>,165,3,[2 8],166,476,479,310,474
1,<environment.Job instance at 0x7fb108c79dc0>,169,1,[5 5],170,497,498,327,497
1,<environment.Job instance at 0x7fb108c798c0>,172,1,[9 5],173,514,515,341,514
1,<environment.Job instance at 0x7fb0c5695e60>,0,1,[8 5],1,3,4,2,3
1,<environment.Job instance at 0x7fb10d4c4190>,3,26,[9 5],4,4,30,0,4
1,<environment.Job instance at 0x7fb1093a4410>,9,25,[4 9],10,10,35,0,10
1,<environment.Job instance at 0x7fb1091b5d70>,15,1,[5 5],16,35,36,19,35
1,<environment.Job instance at 0x7fb0c5513e10>,13,2,[ 3 12],14,36,38,22,36
1,<environment.Job instance at 0x7fb10d5c9a00>,6,3,[ 2 12],7,40,43,33,40
1,<environment.Job instance at 0x7fb0c531f050>,22,3,[ 2 14],23,44,47,21,44
1,<environment.Job instance at 0x7fb108f97320>,23,1,[9 4],24,47,48,23,44
1,<environment.Job instance at 0x7fb10db67b40>,26,3,[3 5],27,57,60,30,57
1,<environment.Job instance at 0x7fb1092d8820>,28,2,[ 1 10],29,57,59,28,57
1,<environment.Job instance at 0x7fb109110c80>,33,3,[9 5],34,88,91,54,88
1,<environment.Job instance at 0x7fb109110910>,34,3,[5 4],35,88,91,53,88
1,<environment.Job instance at 0x7fb109110870>,37,2,[6 3],38,91,93,53,88
1,<environment.Job instance at 0x7fb0c5619230>,40,3,[5 6],41,102,105,61,102
1,<environment.Job instance at 0x7fb0c54f2b90>,52,1,[5 6],53,161,162,108,161
1,<environment.Job instance at 0x7fb0c54f2af0>,53,1,[6 2],54,161,162,107,161
1,<environment.Job instance at 0x7fb108fab690>,55,2,[ 2 10],56,174,176,118,174
1,<environment.Job instance at 0x7fb0c54f25a0>,56,2,[4 5],57,174,176,117,174
1,<environment.Job instance at 0x7fb0c54f2050>,57,2,[10  1],58,176,178,118,174
1,<environment.Job instance at 0x7fb0c54f2c80>,58,2,[ 1 10],59,176,178,117,174
1,<environment.Job instance at 0x7fb0c54f2c80>,6,1,[ 5 14],7,7,8,0,7
1,<environment.Job instance at 0x7fb1091c7050>,1,18,[4 9],2,15,33,13,15
1,<environment.Job instance at 0x7fb10d622d20>,15,3,[6 3],16,25,28,9,25
1,<environment.Job instance at 0x7fb10d622410>,18,3,[8 5],19,37,40,18,37
1,<environment.Job instance at 0x7fb108fff0a0>,19,1,[3 7],20,37,38,17,37
1,<environment.Job instance at 0x7fb10d622a00>,21,3,[6 5],22,41,44,19,41
1,<environment.Job instance at 0x7fb10d622190>,23,22,[7 2],24,53,75,29,53
1,<environment.Job instance at 0x7fb1091e7780>,24,3,[9 5],25,75,78,50,53
1,<environment.Job instance at 0x7fb1091e7b90>,26,2,[5 4],27,53,55,26,53
1,<environment.Job instance at 0x7fb1091e7e60>,30,1,[5 8],31,68,69,37,68
1,<environment.Job instance at 0x7fb1091e75f0>,32,3,[5 7],33,73,76,40,73
1,<environment.Job instance at 0x7fb1091e75a0>,35,2,[8 3],36,91,93,55,91
1,<environment.Job instance at 0x7fb1091e7320>,36,18,[5 5],37,91,109,54,91
1,<environment.Job instance at 0x7fb1091e7dc0>,37,18,[9 5],38,96,114,58,96
1,<environment.Job instance at 0x7fb1091e7af0>,38,18,[ 1 13],39,201,219,162,201
1,<environment.Job instance at 0x7fb0c5707c30>,43,19,[7 4],44,219,238,175,209
1,<environment.Job instance at 0x7fb0c5707dc0>,45,26,[ 2 12],46,238,264,192,235
1,<environment.Job instance at 0x7fb0c4fa4aa0>,49,2,[5 1],50,236,238,186,236
1,<environment.Job instance at 0x7fb0c4fa4be0>,50,2,[2 6],51,236,238,185,236
1,<environment.Job instance at 0x7fb0c4fa4fa0>,51,21,[ 5 14],52,264,285,212,256
1,<environment.Job instance at 0x7fb0c4fa40a0>,52,1,[ 4 14],53,285,286,232,257
1,<environment.Job instance at 0x7fb0c4fa4410>,55,18,[5 2],56,286,304,230,275
1,<environment.Job instance at 0x7fb10d85b410>,56,3,[2 9],57,286,289,229,275
1,<environment.Job instance at 0x7fb10d85b870>,57,17,[9 1],58,289,306,231,278
1,<environment.Job instance at 0x7fb10d85b2d0>,60,22,[13  5],61,306,328,245,299
1,<environment.Job instance at 0x7fb10d85b820>,61,19,[3 5],62,328,347,266,318
1,<environment.Job instance at 0x7fb10d85be60>,62,1,[ 1 10],63,318,319,255,318
1,<environment.Job instance at 0x7fb10d85b550>,63,18,[9 5],64,328,346,264,318
1,<environment.Job instance at 0x7fb10d85b280>,69,2,[ 3 11],70,347,349,277,342
1,<environment.Job instance at 0x7fb10d85b320>,73,1,[8 1],74,346,347,272,343
1,<environment.Job instance at 0x7fb0c5300a00>,75,2,[7 5],76,349,351,273,343
1,<environment.Job instance at 0x7fb0c5300780>,76,2,[10  4],77,347,349,270,343
1,<environment.Job instance at 0x7fb0c4ef4780>,4,3,[5 5],5,6,9,1,6
1,<environment.Job instance at 0x7fb10d5c96e0>,6,27,[4 9],7,7,34,0,7
1,<environment.Job instance at 0x7fb0c4db70a0>,16,24,[8 3],17,39,63,22,39
1,<environment.Job instance at 0x7fb0c4febbe0>,21,3,[ 3 11],22,56,59,34,56
1,<environment.Job instance at 0x7fb0c4d96870>,23,2,[2 9],24,69,71,45,69
1,<environment.Job instance at 0x7fb0c4febd70>,25,2,[1 8],26,71,73,45,70
1,<environment.Job instance at 0x7fb0c4da9640>,29,18,[4 9],30,75,93,45,75
1,<environment.Job instance at 0x7fb10d9cd0f0>,30,3,[4 6],31,75,78,44,75
1,<environment.Job instance at 0x7fb0c4db0fa0>,36,1,[3 9],37,102,103,65,102
1,<environment.Job instance at 0x7fa4fb4789b0>,15,3,[10  2],16,35,38,19,35
1,<environment.Job instance at 0x7fa4fb478910>,17,3,[10  3],18,43,46,25,43
1,<environment.Job instance at 0x7fa4fb478f50>,20,1,[3 7],21,61,62,40,61
1,<environment.Job instance at 0x7fa4fb478f00>,22,2,[12  3],23,62,64,39,62
1,<environment.Job instance at 0x7fa4fb479410>,26,22,[2 9],27,66,88,39,66
1,<environment.Job instance at 0x7fa4fb479be0>,36,2,[5 1],37,103,105,66,103
1,<environment.Job instance at 0x7fa4fb479d20>,40,1,[1 8],41,123,124,82,123
1,<environment.Job instance at 0x7fa4fb47c1e0>,43,28,[6 4],44,130,158,86,130
1,<environment.Job instance at 0x7fa4fb47c0a0>,46,3,[5 4],47,164,167,117,164
1,<environment.Job instance at 0x7fa4fb47c500>,47,1,[2 6],48,164,165,116,164
1,<environment.Job instance at 0x7fa4fb47c050>,49,2,[1 9],50,175,177,125,175
1,<environment.Job instance at 0x7fa4fb47c640>,50,27,[9 1],51,175,202,124,175
1,<environment.Job instance at 0x7fa4fb47c780>,52,3,[ 3 11],53,184,187,131,184
1,<environment.Job instance at 0x7fa4fb4935a0>,6,23,[5 8],7,7,30,0,7
1,<environment.Job instance at 0x7fa4fb495780>,13,27,[5 3],14,16,43,2,16
1,<environment.Job instance at 0x7fa4fb495f50>,18,22,[9 2],19,30,52,11,23
1,<environment.Job instance at 0x7fa4fb495f00>,19,3,[ 4 12],20,48,51,28,48
1,<environment.Job instance at 0x7fa4fb495050>,11,2,[12  1],12,52,54,40,49
1,<environment.Job instance at 0x7fa4fb49a9b0>,28,28,[7 4],29,78,106,49,78
1,<environment.Job instance at 0x7fa4fb41c960>,29,1,[9 2],30,106,107,76,78
1,<environment.Job instance at 0x7fa4fb41caf0>,30,2,[4 5],31,78,80,47,78
1,<environment.Job instance at 0x7fa4fb41c780>,31,1,[8 3],32,80,81,48,78
1,<environment.Job instance at 0x7fa4fb41ceb0>,32,1,[3 8],33,81,82,48,78
1,<environment.Job instance at 0x7fa4fb41c190>,34,28,[9 1],35,107,135,72,106
1,<environment.Job instance at 0x7fa4fb41f0f0>,37,1,[7 2],38,135,136,97,107
1,<environment.Job instance at 0x7fa4b57fe7d0>,46,3,[7 5],47,147,150,100,147
1,<environment.Job instance at 0x7fa4b57fe4b0>,47,3,[4 9],48,147,150,99,147
1,<environment.Job instance at 0x7fa4b57fea50>,50,28,[7 3],51,164,192,113,164
1,<environment.Job instance at 0x7fa4b57fe410>,52,3,[3 9],53,175,178,122,175
1,<environment.Job instance at 0x7fa4b57fef00>,55,3,[6 4],56,182,185,126,182
1,<environment.Job instance at 0x7fa4b5801fa0>,59,1,[8 3],60,193,194,133,193
1,<environment.Job instance at 0x7fa4b5801280>,61,3,[1 8],62,207,210,145,207
1,<environment.Job instance at 0x7fa4b5801d20>,65,2,[9 2],66,223,225,157,223
1,<environment.Job instance at 0x7fa4b5801dc0>,66,2,[5 1],67,223,225,156,223
1,<environment.Job instance at 0x7fa4b58020f0>,67,1,[1 7],68,223,224,155,223
1,<environment.Job instance at 0x7fa4b58023c0>,70,2,[8 3],71,234,236,163,234
1,<environment.Job instance at 0x7fa4b58021e0>,72,2,[14  5],73,238,240,165,238
1,<environment.Job instance at 0x7fa4b57ff140>,73,21,[9 5],74,240,261,166,238
1,<environment.Job instance at 0x7fa4b5802280>,71,19,[ 3 14],72,265,284,193,265
1,<environment.Job instance at 0x7fa4b57ffe60>,76,22,[6 1],77,265,287,188,265
1,<environment.Job instance at 0x7fa4b5890410>,78,21,[5 1],79,284,305,205,276
1,<environment.Job instance at 0x7fa4b57ff6e0>,79,1,[8 5],80,287,288,207,276
1,<environment.Job instance at 0x7fa4b5895500>,80,1,[9 5],81,288,289,207,276
1,<environment.Job instance at 0x7fa4fb49a640>,21,18,[ 5 11],22,609,627,587,609
1,<environment.Job instance at 0x7fa4b58e3c30>,84,1,[3 7],85,627,628,542,614
1,<environment.Job instance at 0x7fa4b596f3c0>,88,1,[ 5 14],89,628,629,539,617
1,<environment.Job instance at 0x7fa4b5898370>,90,2,[10  1],91,627,629,536,627
1,<environment.Job instance at 0x7fa4b595fdc0>,92,2,[9 4],93,629,631,536,627
1,<environment.Job instance at 0x7fa4b595ffa0>,93,3,[14  5],94,631,634,537,627
1,<environment.Job instance at 0x7fa4b595f9b0>,94,2,[1 7],95,629,631,534,627
1,<environment.Job instance at 0x7fa4b595f2d0>,95,1,[ 4 10],96,634,635,538,627
1,<environment.Job instance at 0x7fa4b595fe10>,97,1,[9 4],98,634,635,536,628
1,<environment.Job instance at 0x7fa4b5ab7820>,98,17,[12  1],99,796,813,697,796
1,<environment.Job instance at 0x7fa4b596c140>,102,1,[13  3],103,813,814,710,796
1,<environment.Job instance at 0x7fa4fb4938c0>,6,21,[6 1],7,7,28,0,7
1,<environment.Job instance at 0x7fa4b58c6eb0>,9,1,[10  5],10,28,29,18,12
1,<environment.Job instance at 0x7fa4b56dbcd0>,11,2,[7 4],12,14,16,2,14
1,<environment.Job instance at 0x7fa4b596cc80>,3,2,[ 3 14],4,29,31,25,28
1,<environment.Job instance at 0x7fa4b56dbfa0>,15,27,[5 5],16,31,58,15,29
1,<environment.Job instance at 0x7fa4b5730460>,16,22,[2 8],17,31,53,14,29
1,<environment.Job instance at 0x7fa4b57303c0>,17,20,[5 2],18,42,62,24,42
1,<environment.Job instance at 0x7fa4b5724dc0>,23,27,[7 5],24,58,85,34,56
1,<environment.Job instance at 0x7fa4b56dbaf0>,14,3,[ 3 12],15,85,88,70,82
1,<environment.Job instance at 0x7fa4fb908370>,30,2,[9 4],31,88,90,57,84
1,<environment.Job instance at 0x7fa4b57bc0a0>,34,3,[2 5],35,103,106,68,103
1,<environment.Job instance at 0x7fa4b57bc320>,35,25,[3 7],36,103,128,67,103
1,<environment.Job instance at 0x7fa4fb1f4eb0>,39,3,[9 3],40,115,118,75,115
1,<environment.Job instance at 0x7fa4b572ad70>,40,1,[ 4 12],41,128,129,87,115
1,<environment.Job instance at 0x7fa4fd9c0870>,41,1,[10  1],42,118,119,76,115
1,<environment.Job instance at 0x7fa4fb312af0>,43,1,[5 2],44,119,120,75,118
1,<environment.Job instance at 0x7fa4b576b820>,48,21,[9 5],49,169,190,120,169
1,<environment.Job instance at 0x7fa4b576b0f0>,49,3,[12  1],50,190,193,140,189
1,<environment.Job instance at 0x7fa4b5719d20>,51,1,[5 5],52,202,203,150,202
1,<environment.Job instance at 0x7fa4b5719e10>,53,2,[ 4 10],54,203,205,149,203
1,<environment.Job instance at 0x7fa4b57195f0>,54,2,[5 3],55,203,205,148,203
1,<environment.Job instance at 0x7fa4b57b35a0>,58,3,[ 2 10],59,207,210,148,207
1,<environment.Job instance at 0x7fa4b57b36e0>,60,3,[9 1],61,247,250,186,247
1,<environment.Job instance at 0x7fa4b57b39b0>,61,2,[5 6],62,247,249,185,247
1,<environment.Job instance at 0x7fa4b57b3d20>,62,2,[3 5],63,249,251,186,247
1,<environment.Job instance at 0x7fa500618140>,0,1,[5 1],1,2,3,1,2
1,<environment.Job instance at 0x7fa4fe05f640>,2,2,[5 5],3,4,6,1,4
1,<environment.Job instance at 0x7fa4fdc7c7d0>,7,3,[12  4],8,15,18,7,15
1,<environment.Job instance at 0x7fa4fdc7c820>,9,28,[1 8],10,15,43,5,15
1,<environment.Job instance at 0x7fa4b5a61d20>,24,3,[5 2],25,65,68,40,65
1,<environment.Job instance at 0x7fa4fb268820>,25,24,[8 3],26,65,89,39,65
1,<environment.Job instance at 0x7fa4fb2680f0>,27,1,[7 4],28,68,69,40,66
1,<environment.Job instance at 0x7fa4fb5da0f0>,32,2,[7 4],33,85,87,52,85
1,<environment.Job instance at 0x7fa4fd9c05f0>,34,2,[9 2],35,89,91,54,85
1,<environment.Job instance at 0x7fa4fb4fda00>,39,2,[ 4 10],40,119,121,79,119
1,<environment.Job instance at 0x7fa4fb4fd230>,40,1,[9 5],41,119,120,78,119
1,<environment.Job instance at 0x7fa4fb4ed5f0>,44,24,[4 5],45,137,161,92,137
1,<environment.Job instance at 0x7fa4fb582460>,50,2,[6 4],51,161,163,110,161
1,<environment.Job instance at 0x7fa4fb59a4b0>,55,2,[2 9],56,186,188,130,186
1,<environment.Job instance at 0x7fa4fb59ab90>,57,1,[3 6],58,190,191,132,190
1,<environment.Job instance at 0x7fa4fb59a7d0>,60,3,[10  4],61,201,204,140,201
1,<environment.Job instance at 0x7fa4fb516370>,71,2,[2 9],72,249,251,177,249
1,<environment.Job instance at 0x7fa4fb851e10>,78,2,[4 5],79,272,274,193,272
1,<environment.Job instance at 0x7fa4fb4cf190>,79,23,[6 5],80,272,295,192,272
1,<environment.Job instance at 0x7fa4fb5d38c0>,82,1,[4 6],83,279,280,196,279
1,<environment.Job instance at 0x7fa4fb4d6960>,85,3,[9 2],86,286,289,200,286
1,<environment.Job instance at 0x7fa4fb5d35f0>,86,2,[8 4],87,289,291,202,288
1,<environment.Job instance at 0x7fa4fb52e730>,89,21,[1 9],90,291,312,201,289
1,<environment.Job instance at 0x7fa4fb52ea00>,90,27,[6 4],91,295,322,204,293
1,<environment.Job instance at 0x7fa4fb5a7820>,91,1,[11  4],92,322,323,230,294
1,<environment.Job instance at 0x7fa4fb5c3eb0>,95,3,[10  4],96,323,326,227,309
1,<environment.Job instance at 0x7fa4fb45c0f0>,97,2,[ 2 10],98,316,318,218,316
1,<environment.Job instance at 0x7fa4fb45c6e0>,98,22,[7 5],99,326,348,227,319
1,<environment.Job instance at 0x7fa4fb45c280>,102,24,[1 6],103,336,360,233,336
1,<environment.Job instance at 0x7fa4fb6f29b0>,109,2,[9 1],110,374,376,264,374
1,<environment.Job instance at 0x7fa4fb471960>,112,3,[1 9],113,383,386,270,383
1,<environment.Job instance at 0x7fa4fb471820>,114,3,[ 2 12],115,386,389,271,383
1,<environment.Job instance at 0x7fa4fb471f50>,117,2,[8 4],118,389,391,271,385
1,<environment.Job instance at 0x7fa4fb471aa0>,120,1,[9 4],121,406,407,285,406
1,<environment.Job instance at 0x7fa4fb471c30>,121,2,[ 3 14],122,407,409,285,406
1,<environment.Job instance at 0x7fa4b5c50410>,124,3,[3 6],125,409,412,284,406
1,<environment.Job instance at 0x7fa4b5c50140>,125,1,[8 4],126,409,410,283,406
1,<environment.Job instance at 0x7fa4fdd10c80>,0,2,[5 1],1,2,4,1,2
1,<environment.Job instance at 0x7fa4fb8995a0>,12,3,[4 8],13,17,20,4,17
1,<environment.Job instance at 0x7fa4fb5a1dc0>,14,2,[1 6],15,17,19,2,17
1,<environment.Job instance at 0x7fa4fe193280>,16,1,[5 1],17,26,27,9,26
1,<environment.Job instance at 0x7fa4b5c28d70>,17,27,[ 2 11],18,26,53,8,26
1,<environment.Job instance at 0x7fa4fb8e8870>,19,3,[11  2],20,28,31,8,28
1,<environment.Job instance at 0x7fa4fb8e8eb0>,22,1,[12  5],23,53,54,30,28
1,<environment.Job instance at 0x7fa4fb8e8370>,27,3,[7 5],28,54,57,26,34
1,<environment.Job instance at 0x7fa4fb8e8be0>,29,1,[8 2],30,44,45,14,44
1,<environment.Job instance at 0x7fa4fb8ac5f0>,34,3,[ 3 10],35,66,69,31,66
1,<environment.Job instance at 0x7fa4fb4d6870>,35,1,[7 3],36,66,67,30,66
1,<environment.Job instance at 0x7fa4fb511e10>,36,3,[5 4],37,67,70,30,66
1,<environment.Job instance at 0x7fa4fb4c99b0>,39,1,[5 7],40,78,79,38,78
1,<environment.Job instance at 0x7fa4fb892b40>,41,3,[3 9],42,79,82,37,78
1,<environment.Job instance at 0x7fa4b5b4c2d0>,47,2,[ 3 10],48,110,112,62,110
1,<environment.Job instance at 0x7fa4b5b4c460>,50,19,[4 5],51,126,145,75,126
1,<environment.Job instance at 0x7fa4fb8bbeb0>,51,3,[1 9],52,126,129,74,126
1,<environment.Job instance at 0x7fa4fb8bce60>,55,1,[5 8],56,140,141,84,140
1,<environment.Job instance at 0x7fa4fb8bc5f0>,57,2,[9 3],58,151,153,93,151
1,<environment.Job instance at 0x7fa4b5a44eb0>,59,1,[5 4],60,151,152,91,151
1,<environment.Job instance at 0x7fa4fb8aafa0>,60,23,[9 4],61,153,176,92,151
1,<environment.Job instance at 0x7fa4fb8c27d0>,61,21,[8 2],62,176,197,114,168
1,<environment.Job instance at 0x7fa4b5dd59b0>,62,21,[5 7],63,168,189,105,168
1,<environment.Job instance at 0x7fa4fb8bfb90>,68,28,[10  4],69,197,225,128,196
1,<environment.Job instance at 0x7fa4fb8bd6e0>,79,1,[2 5],80,227,228,147,227
1,<environment.Job instance at 0x7fa4fb8bdbe0>,80,26,[4 9],81,227,253,146,227
1,<environment.Job instance at 0x7fa4fb8bd500>,81,1,[6 5],82,228,229,146,227
1,<environment.Job instance at 0x7fa4fb8d9af0>,84,2,[9 3],85,238,240,153,238
1,<environment.Job instance at 0x7fa4fb8d9e60>,85,18,[1 8],86,253,271,167,245
1,<environment.Job instance at 0x7fa4fb8d9370>,87,23,[5 3],88,251,274,163,251
1,<environment.Job instance at 0x7fa4b5b05be0>,6,18,[10  2],7,272,290,265,272
1,<environment.Job instance at 0x7fa4fb8d9aa0>,93,24,[ 5 11],94,282,306,188,282
1,<environment.Job instance at 0x7fa4fb8d0320>,97,19,[1 5],98,306,325,208,299
1,<environment.Job instance at 0x7fa4b5b655f0>,5,1,[ 2 10],6,6,7,0,6
1,<environment.Job instance at 0x7fa4b5b65730>,10,28,[ 2 14],11,11,39,0,11
1,<environment.Job instance at 0x7fa4b5b65780>,11,28,[5 1],12,12,40,0,12
1,<environment.Job instance at 0x7fa4b56c37d0>,23,23,[7 4],24,39,62,15,36
1,<environment.Job instance at 0x7fa4b5b65640>,8,2,[ 1 13],9,62,64,53,39
1,<environment.Job instance at 0x7fa4fdbfa6e0>,30,2,[5 5],31,69,71,38,69
1,<environment.Job instance at 0x7fa4fdbfa550>,33,3,[13  5],34,79,82,45,79
1,<environment.Job instance at 0x7fa4fdbfaeb0>,34,3,[4 5],35,82,85,47,79
1,<environment.Job instance at 0x7fa4fdbfa320>,35,18,[7 5],36,84,102,48,84
1,<environment.Job instance at 0x7fa4fdbfa2d0>,36,27,[5 2],37,85,112,48,84
1,<environment.Job instance at 0x7fa4fdbfa050>,40,22,[2 5],41,100,122,59,100
1,<environment.Job instance at 0x7fa4fde59d70>,46,1,[2 6],47,103,104,56,103
1,<environment.Job instance at 0x7fa4b5d28eb0>,50,1,[ 2 10],51,132,133,81,132
1,<environment.Job instance at 0x7fa4b5d28910>,51,2,[1 5],52,134,136,82,134
1,<environment.Job instance at 0x7fa4b5bf9b90>,52,1,[9 5],53,134,135,81,134
1,<environment.Job instance at 0x7fa4b5bf94b0>,54,28,[4 5],55,138,166,83,138
1,<environment.Job instance at 0x7fa4b5bf9910>,57,2,[ 5 13],58,166,168,108,149
1,<environment.Job instance at 0x7fa4fdeade60>,61,25,[10  1],62,163,188,101,163
1,<environment.Job instance at 0x7fa4fde22870>,66,3,[5 1],67,183,186,116,183
1,<environment.Job instance at 0x7fa4fb339aa0>,72,2,[1 7],73,211,213,138,211
1,<environment.Job instance at 0x7fa4fb339d70>,75,21,[9 3],76,226,247,150,226
1,<environment.Job instance at 0x7fa4fb339f00>,77,25,[9 4],78,247,272,169,243
1,<environment.Job instance at 0x7fa4fb5a7960>,81,1,[5 5],82,243,244,161,243
1,<environment.Job instance at 0x7fa4fdbfb1e0>,85,2,[4 8],86,271,273,185,271
1,<environment.Job instance at 0x7fa4fdbfb910>,87,2,[1 8],88,273,275,185,272
1,<environment.Job instance at 0x7fa4fdbfbbe0>,88,2,[10  5],89,272,274,183,272
1,<environment.Job instance at 0x7fa4fdbfbe60>,89,28,[6 1],90,274,302,184,273
1,<environment.Job instance at 0x7fa4fdbfbd70>,90,3,[2 8],91,275,278,184,273
1,<environment.Job instance at 0x7fa4fdbfba50>,93,1,[8 5],94,284,285,190,284
1,<environment.Job instance at 0x7fa4fb90daf0>,103,24,[5 3],104,327,351,223,327
1,<environment.Job instance at 0x7fa4fb90dc80>,105,1,[5 9],106,335,336,229,335
1,<environment.Job instance at 0x7fa4fb90dc30>,107,2,[11  4],108,351,353,243,345
1,<environment.Job instance at 0x7fa4fb5caf00>,110,3,[8 3],111,347,350,236,347
1,<environment.Job instance at 0x7fa4fdf380f0>,111,28,[9 4],112,353,381,241,352
1,<environment.Job instance at 0x7fa4fded72d0>,116,1,[6 3],117,386,387,269,386
1,<environment.Job instance at 0x7fa4fe112be0>,118,19,[ 3 11],119,400,419,281,400
1,<environment.Job instance at 0x7fa4fb5e59b0>,123,3,[8 2],124,432,435,308,432
1,<environment.Job instance at 0x7fa4b58d1780>,126,21,[5 5],127,432,453,305,432
1,<environment.Job instance at 0x7fa4fdae0b40>,131,1,[4 5],132,469,470,337,469
1,<environment.Job instance at 0x7fa4b5ad80a0>,132,3,[8 1],133,469,472,336,469
1,<environment.Job instance at 0x7fa4fdefc780>,136,1,[ 4 10],137,510,511,373,510
1,<environment.Job instance at 0x7fa4fda2e8c0>,0,20,[9 3],1,1,21,0,1
1,<environment.Job instance at 0x7fa4fdffbb40>,8,26,[8 2],9,21,47,12,18
1,<environment.Job instance at 0x7fa4fdffb460>,7,1,[ 1 13],8,21,22,13,18
1,<environment.Job instance at 0x7fa4b5adac80>,15,25,[ 3 14],16,47,72,31,43
1,<environment.Job instance at 0x7fa4fdcfa910>,21,3,[ 4 13],22,43,46,21,43
1,<environment.Job instance at 0x7fa4fdb59cd0>,24,27,[13  3],25,72,99,47,70
1,<environment.Job instance at 0x7fa4fdc19e10>,35,19,[1 5],36,97,116,61,97
1,<environment.Job instance at 0x7fa4fb3391e0>,39,1,[9 4],40,99,100,59,99
1,<environment.Job instance at 0x7fa4fb339c30>,40,18,[9 2],41,111,129,70,111
1,<environment.Job instance at 0x7fa4fb4290f0>,43,3,[3 9],44,116,119,72,111
1,<environment.Job instance at 0x7fa4fb7892d0>,44,27,[6 1],45,119,146,74,117
1,<environment.Job instance at 0x7fa4fb90d190>,13,18,[4 6],14,129,147,115,127
1,<environment.Job instance at 0x7fa4fdb6b820>,48,3,[3 8],49,129,132,80,127
1,<environment.Job instance at 0x7fa4fb77ec80>,51,24,[14  3],52,147,171,95,142
1,<environment.Job instance at 0x7fa4fb6ec690>,53,24,[10  2],54,171,195,117,166
1,<environment.Job instance at 0x7fa4fb3aea00>,54,2,[3 6],55,171,173,116,166
1,<environment.Job instance at 0x7fa4b5a60a50>,57,1,[5 3],58,173,174,115,167
1,<environment.Job instance at 0x7fa4b5a60a00>,61,2,[1 9],62,167,169,105,167
1,<environment.Job instance at 0x7fa4b5a60be0>,64,3,[9 3],65,195,198,130,175
1,<environment.Job instance at 0x7fa4b5a60d20>,66,1,[5 2],67,181,182,114,181
1,<environment.Job instance at 0x7fa4fb3ca500>,72,16,[5 4],73,214,230,141,214
1,<environment.Job instance at 0x7fa4fb3ca870>,73,3,[ 4 10],74,214,217,140,214
1,<environment.Job instance at 0x7fa4fb3ca820>,74,3,[10  2],75,217,220,142,214
1,<environment.Job instance at 0x7fa4fb3ca7d0>,75,27,[4 5],76,220,247,144,218
1,<environment.Job instance at 0x7fa4fb3ca8c0>,76,1,[12  2],77,247,248,170,219
1,<environment.Job instance at 0x7fa4fdd649b0>,78,2,[1 9],79,230,232,151,228
1,<environment.Job instance at 0x7fa4fb775e60>,81,2,[ 5 10],82,232,234,150,231
1,<environment.Job instance at 0x7fa4fb775af0>,83,3,[6 2],84,234,237,150,231
1,<environment.Job instance at 0x7fa4fb3d98c0>,84,1,[7 4],85,237,238,152,231
1,<environment.Job instance at 0x7fa4fb3d9820>,85,3,[9 2],86,238,241,152,232
1,<environment.Job instance at 0x7fa4fb35e5a0>,86,25,[7 3],87,248,273,161,244
1,<environment.Job instance at 0x7fa4fb3c8690>,90,26,[6 4],91,248,274,157,245
1,<environment.Job instance at 0x7fa4fb42e1e0>,97,21,[9 4],98,274,295,176,274
1,<environment.Job instance at 0x7fa4fb42ed20>,98,21,[5 1],99,274,295,175,274
1,<environment.Job instance at 0x7fa4fb8360f0>,103,1,[7 3],104,295,296,191,283
1,<environment.Job instance at 0x7fa4fb782910>,106,18,[5 5],107,295,313,188,295
1,<environment.Job instance at 0x7fa4fb37c550>,107,3,[ 1 10],108,296,299,188,295
1,<environment.Job instance at 0x7fa4fb37c780>,109,20,[5 9],110,299,319,189,295
1,<environment.Job instance at 0x7fa4fb37c230>,113,3,[6 3],114,315,318,201,315
1,<environment.Job instance at 0x7fa4fb37c500>,114,2,[10  4],115,318,320,203,315
1,<environment.Job instance at 0x7fa4fb37ca00>,115,3,[1 9],116,319,322,203,315
1,<environment.Job instance at 0x7fa4fb37caf0>,116,2,[5 2],117,320,322,203,315
1,<environment.Job instance at 0x7fa4fb37ccd0>,117,3,[1 6],118,322,325,204,315
1,<environment.Job instance at 0x7fa4fb37ceb0>,119,2,[6 1],120,326,328,206,326
1,<environment.Job instance at 0x7fa4fb37c410>,120,2,[6 1],121,326,328,205,326
1,<environment.Job instance at 0x7fa4fb37c640>,121,3,[7 4],122,328,331,206,326
1,<environment.Job instance at 0x7fa4fb862780>,124,1,[13  5],125,339,340,214,339
1,<environment.Job instance at 0x7fa4fb8623c0>,126,1,[5 7],127,340,341,213,340
1,<environment.Job instance at 0x7fa4fb37c8c0>,122,18,[3 7],123,357,375,234,357
1,<environment.Job instance at 0x7fa4fb8621e0>,129,3,[ 3 10],130,375,378,245,357
1,<environment.Job instance at 0x7fa4fb8620f0>,130,25,[5 3],131,357,382,226,357
1,<environment.Job instance at 0x7fa4fb8628c0>,135,2,[8 1],136,378,380,242,367
1,<environment.Job instance at 0x7fa4fb862a50>,137,1,[ 4 10],138,380,381,242,371
1,<environment.Job instance at 0x7fa4fb862690>,139,28,[3 9],140,387,415,247,387
1,<environment.Job instance at 0x7fa4fb3f6f50>,142,23,[3 7],143,415,438,272,409
1,<environment.Job instance at 0x7fa4fb3f61e0>,143,3,[8 1],144,409,412,265,409
1,<environment.Job instance at 0x7fa4fb3f6b90>,146,3,[ 5 14],147,438,441,291,413
1,<environment.Job instance at 0x7fa4fb3f6d20>,153,1,[5 4],154,441,442,287,439
1,<environment.Job instance at 0x7fa4fb3f65a0>,154,3,[8 2],155,441,444,286,439
1,<environment.Job instance at 0x7fa4fb3f6a00>,155,1,[1 8],156,441,442,285,439
1,<environment.Job instance at 0x7fa4b5d370f0>,0,2,[8 2],1,2,4,1,2
1,<environment.Job instance at 0x7fa4fb862230>,4,1,[4 6],5,5,6,0,5
1,<environment.Job instance at 0x7fa4fdbfb0f0>,13,3,[10  4],14,14,17,0,14
1,<environment.Job instance at 0x7fa4fb861820>,16,27,[2 9],17,17,44,0,17
1,<environment.Job instance at 0x7fa4fb861e10>,22,22,[8 1],23,34,56,11,34
1,<environment.Job instance at 0x7fa4fb8618c0>,25,3,[ 1 13],26,47,50,21,47
1,<environment.Job instance at 0x7fa4fb861500>,26,2,[14  2],27,56,58,29,47
1,<environment.Job instance at 0x7fa4fb861640>,19,18,[10  2],20,58,76,38,54
1,<environment.Job instance at 0x7fa4fb7d0320>,29,2,[10  2],30,76,78,46,62
1,<environment.Job instance at 0x7fa4fb7d0f50>,30,2,[14  4],31,78,80,47,62
1,<environment.Job instance at 0x7fa4fb7d0690>,31,27,[8 5],32,80,107,48,78
1,<environment.Job instance at 0x7fa4fb7d0eb0>,32,2,[10  3],33,107,109,74,80
1,<environment.Job instance at 0x7fa4fb7d0820>,33,1,[1 7],34,80,81,46,80
1,<environment.Job instance at 0x7fa4fb7d02d0>,36,3,[8 2],37,109,112,72,85
1,<environment.Job instance at 0x7fa4fb861550>,4,1,[2 9],5,5,6,0,5
1,<environment.Job instance at 0x7fa4fb3ca1e0>,11,12,[8 1],12,22,34,10,22
1,<environment.Job instance at 0x7fa500a012d0>,13,3,[6 5],14,22,25,8,22
1,<environment.Job instance at 0x7fa4b5ad5aa0>,14,19,[ 5 10],15,25,44,10,22
1,<environment.Job instance at 0x7fa4fb2deaa0>,17,27,[8 5],18,34,61,16,32
1,<environment.Job instance at 0x7fa4fb2de640>,19,3,[ 1 12],20,61,64,41,42
1,<environment.Job instance at 0x7fa4fdf21f00>,24,3,[13  1],25,61,64,36,44
1,<environment.Job instance at 0x7fa4fb5114b0>,28,3,[1 7],29,69,72,40,69
1,<environment.Job instance at 0x7fa4fdb8cb90>,29,3,[7 3],30,70,73,40,70
1,<environment.Job instance at 0x7fa4fb3aac80>,30,20,[8 5],31,72,92,41,70
1,<environment.Job instance at 0x7fa4fb836dc0>,33,2,[6 2],34,73,75,39,72
1,<environment.Job instance at 0x7fa4fda8a0a0>,35,25,[4 5],36,81,106,45,81
1,<environment.Job instance at 0x7fa4fb3aa690>,36,2,[ 1 10],37,92,94,55,81
1,<environment.Job instance at 0x7fa4fdc70870>,38,1,[ 4 14],39,106,107,67,81
1,<environment.Job instance at 0x7fa4b58daaa0>,39,1,[5 6],40,94,95,54,81
1,<environment.Job instance at 0x7fa4fdc91320>,42,3,[5 8],43,96,99,53,96
1,<environment.Job instance at 0x7fa4fb799280>,44,2,[3 9],45,99,101,54,96
1,<environment.Job instance at 0x7fa4fdc8f5a0>,45,1,[1 7],46,101,102,55,96
1,<environment.Job instance at 0x7fa4b5c96460>,46,2,[5 3],47,101,103,54,96
1,<environment.Job instance at 0x7fa4fda5b190>,47,1,[4 7],48,102,103,54,96
1,<environment.Job instance at 0x7fa4fda5b3c0>,49,2,[4 8],50,103,105,53,96
1,<environment.Job instance at 0x7fa4fb37e640>,50,2,[13  2],51,107,109,56,96
1,<environment.Job instance at 0x7fa4fb5870a0>,52,18,[4 8],53,109,127,56,109
1,<environment.Job instance at 0x7fa4fb587d20>,54,1,[12  5],55,127,128,72,116
1,<environment.Job instance at 0x7fa4fb587eb0>,55,3,[3 9],56,127,130,71,116
1,<environment.Job instance at 0x7fa4fb709050>,57,26,[ 3 10],58,130,156,72,127
1,<environment.Job instance at 0x7fa4b581a9b0>,61,3,[12  2],62,152,155,90,152
1,<environment.Job instance at 0x7fa4fde296e0>,64,1,[7 3],65,155,156,90,152
1,<environment.Job instance at 0x7fa4b5d23d70>,67,2,[5 8],68,156,158,88,152
1,<environment.Job instance at 0x7fa4b5d23410>,72,1,[7 4],73,156,157,83,156
1,<environment.Job instance at 0x7fa4b5d5c0f0>,74,3,[14  3],75,158,161,83,156
1,<environment.Job instance at 0x7fa4b5d5c7d0>,77,3,[6 5],78,172,175,94,172
1,<environment.Job instance at 0x7fa4b5d5c9b0>,78,1,[2 8],79,172,173,93,172
1,<environment.Job instance at 0x7fa4b5d5c500>,79,2,[6 3],80,173,175,93,172
1,<environment.Job instance at 0x7fa4b5d5cf50>,81,1,[5 3],82,175,176,93,173
1,<environment.Job instance at 0x7fa4b5d5c190>,83,3,[7 1],84,186,189,102,186
1,<environment.Job instance at 0x7fa4b5d5ca00>,86,1,[11  3],87,190,191,103,190
1,<environment.Job instance at 0x7fa4b5d5cb90>,87,1,[8 4],88,191,192,103,190
1,<environment.Job instance at 0x7fa4b5d5ceb0>,89,2,[3 9],90,200,202,110,200
1,<environment.Job instance at 0x7fa4b5d5c730>,90,18,[9 3],91,201,219,110,201
1,<environment.Job instance at 0x7fa4b5d5c1e0>,92,2,[8 5],93,219,221,126,205
1,<environment.Job instance at 0x7fa4b5d5c8c0>,94,2,[8 5],95,221,223,126,219
1,<environment.Job instance at 0x7fa4b5d42320>,95,3,[10  5],96,223,226,127,219
1,<environment.Job instance at 0x7fa4fb747870>,101,3,[6 5],102,250,253,148,250
1,<environment.Job instance at 0x7fa4fb747e60>,103,3,[4 7],104,265,268,161,265
1,<environment.Job instance at 0x7fa4fb747be0>,105,3,[8 5],106,266,269,160,266
1,<environment.Job instance at 0x7fa4fb747910>,108,3,[4 7],109,278,281,169,278
1,<environment.Job instance at 0x7fa4fb747b90>,109,3,[4 8],110,278,281,168,278
1,<environment.Job instance at 0x7fa4fb747460>,111,18,[7 1],112,281,299,169,281
1,<environment.Job instance at 0x7fa4fb747640>,112,15,[6 2],113,281,296,168,281
1,<environment.Job instance at 0x7fa5007a65f0>,6,25,[8 1],7,7,32,0,7
1,<environment.Job instance at 0x7fa4b5c08910>,11,3,[4 5],12,13,16,1,13
1,<environment.Job instance at 0x7fa4fe110c80>,9,3,[7 4],10,16,19,6,14
1,<environment.Job instance at 0x7fa4fdf43870>,14,28,[7 4],15,19,47,4,18
1,<environment.Job instance at 0x7fa4fdf43f00>,15,20,[7 2],16,32,52,16,23
1,<environment.Job instance at 0x7fa4b56c68c0>,24,19,[1 8],25,35,54,10,35
1,<environment.Job instance at 0x7fa4fb2d1870>,27,3,[6 1],28,47,50,19,47
1,<environment.Job instance at 0x7fa4fdaf6910>,29,3,[5 3],30,50,53,20,49
1,<environment.Job instance at 0x7fa4fdacdd20>,31,3,[10  1],32,60,63,28,60
1,<environment.Job instance at 0x7fa4b5d233c0>,33,20,[4 5],34,60,80,26,60
1,<environment.Job instance at 0x7fa4fb899aa0>,34,2,[6 5],35,63,65,28,60
1,<environment.Job instance at 0x7fa4fb899910>,35,20,[5 5],36,63,83,27,60
1,<environment.Job instance at 0x7fa4fb775500>,39,2,[1 6],40,80,82,40,76
1,<environment.Job instance at 0x7fa4fe146b90>,36,18,[7 3],37,94,112,57,94
1,<environment.Job instance at 0x7fa4fb7755f0>,44,2,[5 2],45,94,96,49,94
1,<environment.Job instance at 0x7fa4fb775e10>,45,3,[5 2],46,96,99,50,94
1,<environment.Job instance at 0x7fa4fb7758c0>,46,2,[14  1],47,112,114,65,94
1,<environment.Job instance at 0x7fa4fb775f00>,47,2,[5 5],48,99,101,51,94
1,<environment.Job instance at 0x7fa4b5ace190>,50,3,[7 3],51,107,110,56,107
1,<environment.Job instance at 0x7fa4b5acea50>,51,25,[1 6],52,107,132,55,107
1,<environment.Job instance at 0x7fa4b5ace870>,53,26,[10  4],54,124,150,70,124
1,<environment.Job instance at 0x7fa4b5acea00>,55,24,[4 7],56,132,156,76,127
1,<environment.Job instance at 0x7fa4fb3cafa0>,62,1,[3 6],63,160,161,97,160
1,<environment.Job instance at 0x7fa4fb3ca730>,63,2,[5 5],64,160,162,96,160
1,<environment.Job instance at 0x7fa4fb3ca370>,65,3,[2 8],66,186,189,120,186
1,<environment.Job instance at 0x7fa4fdf14c80>,67,28,[7 2],68,189,217,121,189
1,<environment.Job instance at 0x7fa4fdf148c0>,68,3,[4 5],69,189,192,120,189
1,<environment.Job instance at 0x7fa4fdf14410>,69,27,[ 3 10],70,192,219,122,190
1,<environment.Job instance at 0x7fa4fd9fd4b0>,72,26,[9 1],73,217,243,144,214
1,<environment.Job instance at 0x7fa4fd9fd370>,74,21,[10  5],75,243,264,168,235
1,<environment.Job instance at 0x7fa4fd9fd9b0>,76,3,[ 2 14],77,264,267,187,261
1,<environment.Job instance at 0x7fa4fda9f910>,77,20,[10  2],78,267,287,189,261
1,<environment.Job instance at 0x7fa4fddc3fa0>,87,27,[9 4],88,287,314,199,285
1,<environment.Job instance at 0x7fa4fdcfa280>,103,2,[1 7],104,368,370,264,368
1,<environment.Job instance at 0x7fa4fdcfae60>,107,3,[8 3],108,431,434,323,431
1,<environment.Job instance at 0x7fa4fdcfab40>,108,2,[1 7],109,431,433,322,431
1,<environment.Job instance at 0x7fa4fb46b5a0>,111,1,[3 9],112,436,437,324,436
1,<environment.Job instance at 0x7fa4fddcde60>,3,3,[1 8],4,4,7,0,4
1,<environment.Job instance at 0x7fa4fb854e10>,7,27,[4 8],8,8,35,0,8
1,<environment.Job instance at 0x7fa4fdc707d0>,12,1,[5 5],13,23,24,10,23
1,<environment.Job instance at 0x7fa5008af320>,8,20,[ 4 13],9,35,55,26,31
1,<environment.Job instance at 0x7fa4fdddff50>,23,2,[2 7],24,55,57,31,52
1,<environment.Job instance at 0x7fa4fdddfe10>,24,1,[1 7],25,55,56,30,53
1,<environment.Job instance at 0x7fa4fdddfd70>,28,2,[7 3],29,67,69,38,67
1,<environment.Job instance at 0x7fa4fdddfdc0>,31,3,[5 2],32,77,80,45,77
1,<environment.Job instance at 0x7fa4fdddf500>,26,18,[4 9],27,82,100,55,82
1,<environment.Job instance at 0x7fa4fdddfc80>,35,1,[3 8],36,100,101,64,88
1,<environment.Job instance at 0x7fa4fdddfb90>,37,2,[7 1],38,88,90,50,88
1,<environment.Job instance at 0x7fa4fdddf8c0>,38,2,[5 5],39,90,92,51,88
1,<environment.Job instance at 0x7fa4fb861b90>,42,2,[6 4],43,107,109,64,107
1,<environment.Job instance at 0x7fa4fb861c80>,43,1,[5 3],44,107,108,63,107
1,<environment.Job instance at 0x7fa4fb861d20>,45,1,[5 1],46,114,115,68,114
1,<environment.Job instance at 0x7fa4fb8618c0>,48,3,[6 1],49,119,122,70,119
1,<environment.Job instance at 0x7fa4fb8615f0>,50,1,[9 3],51,130,131,79,130
1,<environment.Job instance at 0x7fa4fb861e10>,51,1,[2 5],52,130,131,78,130
1,<environment.Job instance at 0x7fa4b59f0640>,54,2,[7 3],55,135,137,80,135
1,<environment.Job instance at 0x7fa4b59f0af0>,57,1,[8 1],58,151,152,93,151
1,<environment.Job instance at 0x7fa4b59ca140>,59,3,[9 5],60,166,169,106,166
1,<environment.Job instance at 0x7fa4b59ca280>,61,1,[3 9],62,166,167,104,166
1,<environment.Job instance at 0x7fa4b59ca320>,62,1,[2 9],63,167,168,104,166
1,<environment.Job instance at 0x7fa4b59ca780>,66,21,[10  4],67,182,203,115,182
1,<environment.Job instance at 0x7fa4b59ca5f0>,69,2,[9 5],70,203,205,133,199
1,<environment.Job instance at 0x7fa4b59ca7d0>,70,1,[8 3],71,205,206,134,199
1,<environment.Job instance at 0x7fa4b59ca910>,71,2,[10  3],72,206,208,134,199
1,<environment.Job instance at 0x7fa4b59ca9b0>,72,3,[ 4 10],73,200,203,127,200
1,<environment.Job instance at 0x7fa4b59caaf0>,74,2,[7 5],75,208,210,133,201
1,<environment.Job instance at 0x7fa4b59cab90>,75,23,[7 3],76,208,231,132,202
1,<environment.Job instance at 0x7fa4b59cac30>,77,20,[8 3],78,210,230,132,202
1,<environment.Job instance at 0x7fa4b59cacd0>,79,22,[9 1],80,231,253,151,224
1,<environment.Job instance at 0x7fa4b59f9870>,0,1,[9 5],1,2,3,1,2
1,<environment.Job instance at 0x7fa4fb2e2460>,10,3,[13  5],11,12,15,1,12
1,<environment.Job instance at 0x7fa4fb2e2410>,14,1,[8 2],15,15,16,0,15
1,<environment.Job instance at 0x7fa4fb2e2eb0>,15,3,[14  3],16,16,19,0,16
1,<environment.Job instance at 0x7fa4fde76500>,19,1,[8 3],20,27,28,7,27
1,<environment.Job instance at 0x7fa4fb2e25a0>,7,18,[3 8],8,32,50,24,32
1,<environment.Job instance at 0x7fa4fde76780>,24,1,[10  2],25,42,43,17,42
1,<environment.Job instance at 0x7fa4fde762d0>,25,27,[1 5],26,42,69,16,42
1,<environment.Job instance at 0x7fa4fb62ae60>,27,2,[ 1 10],28,54,56,26,54
1,<environment.Job instance at 0x7fa4fb62a0a0>,28,1,[4 7],29,56,57,27,54
1,<environment.Job instance at 0x7fa4fdb3c370>,29,3,[13  3],30,60,63,30,60
1,<environment.Job instance at 0x7fa4fdb3c820>,34,3,[5 1],35,84,87,49,84
1,<environment.Job instance at 0x7fa4fdb3cd70>,36,1,[10  1],37,85,86,48,85
1,<environment.Job instance at 0x7fa4fde76f50>,17,18,[2 8],18,87,105,69,87
1,<environment.Job instance at 0x7fa4fdb3cbe0>,41,21,[8 4],42,103,124,61,103
1,<environment.Job instance at 0x7fa4b59c2730>,49,1,[1 7],50,125,126,75,125
1,<environment.Job instance at 0x7fa4b59c22d0>,47,18,[2 7],48,125,143,77,125
1,<environment.Job instance at 0x7fa4b59c26e0>,53,2,[4 5],54,126,128,72,125
1,<environment.Job instance at 0x7fa4b59c2af0>,54,20,[8 2],55,126,146,71,125
1,<environment.Job instance at 0x7fa4fb2d1870>,60,21,[10  5],61,146,167,85,139
1,<environment.Job instance at 0x7fa4fb8915a0>,67,2,[4 6],68,156,158,88,156
1,<environment.Job instance at 0x7fa4fb891f00>,68,2,[ 5 10],69,158,160,89,156
1,<environment.Job instance at 0x7fa4fb891820>,63,19,[7 1],64,167,186,103,160
1,<environment.Job instance at 0x7fa4fb891500>,65,1,[ 3 11],66,167,168,101,162
1,<environment.Job instance at 0x7fa4fb891550>,76,23,[ 1 13],77,168,191,91,163
1,<environment.Job instance at 0x7fa4fda9fa00>,84,24,[7 3],85,191,215,106,186
1,<environment.Job instance at 0x7fa4fda9ffa0>,86,21,[5 3],87,193,214,106,193
1,<environment.Job instance at 0x7fa4fda9f550>,87,22,[1 9],88,193,215,105,193
1,<environment.Job instance at 0x7fa4fb8910f0>,77,2,[ 2 11],78,215,217,137,212
1,<environment.Job instance at 0x7fa4fb6f6820>,92,2,[6 5],93,217,219,124,212
1,<environment.Job instance at 0x7fa4fb6f69b0>,94,19,[ 5 12],95,219,238,124,212
1,<environment.Job instance at 0x7fa4fb6f6050>,95,27,[2 8],96,238,265,142,236
1,<environment.Job instance at 0x7fa4fb6f6780>,98,1,[9 4],99,238,239,139,236
1,<environment.Job instance at 0x7fa4fb6f6960>,99,1,[ 4 13],100,265,266,165,237
1,<environment.Job instance at 0x7fa4fb6f68c0>,101,1,[10  1],102,237,238,135,237
1,<environment.Job instance at 0x7fa4fb6f6280>,102,24,[5 7],103,239,263,136,237
1,<environment.Job instance at 0x7fa4fdb8c780>,109,23,[6 1],110,263,286,153,257
1,<environment.Job instance at 0x7fa4fdb8c690>,110,1,[11  4],111,286,287,175,258
1,<environment.Job instance at 0x7fa4fdb8ccd0>,111,1,[5 7],112,266,267,154,258
1,<environment.Job instance at 0x7fa4fb6f6b90>,107,1,[ 3 10],108,267,268,159,258
1,<environment.Job instance at 0x7fa4fdb8cfa0>,116,23,[ 2 10],117,268,291,151,262
1,<environment.Job instance at 0x7fa4fdaf5aa0>,121,2,[11  4],122,287,289,165,274
1,<environment.Job instance at 0x7fa4fdaf50a0>,122,3,[14  5],123,291,294,168,274
1,<environment.Job instance at 0x7fa4fdaf5d70>,123,2,[7 1],124,274,276,150,274
1,<environment.Job instance at 0x7fa4b5ada500>,126,3,[4 7],127,294,297,167,283
1,<environment.Job instance at 0x7fa4b5ada320>,130,2,[3 9],131,308,310,177,308
1,<environment.Job instance at 0x7fa4fb6fd410>,131,1,[6 4],132,308,309,176,308
1,<environment.Job instance at 0x7fa4fb6fd820>,137,3,[1 5],138,331,334,193,331
1,<environment.Job instance at 0x7fa4fde33820>,140,18,[5 6],141,337,355,196,337
1,<environment.Job instance at 0x7fa4b5600d70>,141,2,[ 1 10],142,355,357,213,337
1,<environment.Job instance at 0x7fa4fb46bd70>,144,1,[6 3],145,349,350,204,349
1,<environment.Job instance at 0x7fa4fb46b280>,146,26,[5 7],147,363,389,216,363
1,<environment.Job instance at 0x7fa4fb46beb0>,147,2,[1 6],148,363,365,215,363
1,<environment.Job instance at 0x7fa4fb46bb40>,148,3,[10  2],149,365,368,216,364
1,<environment.Job instance at 0x7fa4fb46ba50>,150,1,[7 3],151,368,369,217,365
1,<environment.Job instance at 0x7fa4fb26a1e0>,153,3,[8 1],154,380,383,226,380
1,<environment.Job instance at 0x7fa4fb26a190>,156,3,[ 4 11],157,389,392,232,380
1,<environment.Job instance at 0x7fa4fb492910>,159,20,[3 9],160,392,412,232,389
1,<environment.Job instance at 0x7fa4fddcdc30>,161,23,[8 4],162,390,413,228,390
1,<environment.Job instance at 0x7fa5008af640>,164,3,[11  3],165,413,416,248,401
1,<environment.Job instance at 0x7fa4b5830c30>,166,2,[ 2 12],167,413,415,246,404
1,<environment.Job instance at 0x7fa5009ee6e0>,172,2,[6 2],173,416,418,243,414
1,<environment.Job instance at 0x7fa4fb6e9e60>,174,3,[ 3 10],175,415,418,240,414
1,<environment.Job instance at 0x7fa4fb6e9b90>,175,27,[6 2],176,416,443,240,414
1,<environment.Job instance at 0x7fa4fb2efaf0>,178,3,[ 3 12],179,429,432,250,429
1,<environment.Job instance at 0x7fa4b5be08c0>,181,2,[7 3],182,446,448,264,446
1,<environment.Job instance at 0x7fa4fb2e28c0>,11,1,[4 6],12,15,16,3,15
1,<environment.Job instance at 0x7fa4fb2e23c0>,10,1,[3 7],11,15,16,4,15
1,<environment.Job instance at 0x7fa4b5914dc0>,5,1,[ 4 14],6,16,17,10,15
1,<environment.Job instance at 0x7fa4b59ca370>,8,2,[2 7],9,17,19,8,15
1,<environment.Job instance at 0x7fa4fb2e2be0>,17,1,[10  4],18,18,19,0,18
1,<environment.Job instance at 0x7fa4fb2ad6e0>,18,1,[2 9],19,19,20,0,19
1,<environment.Job instance at 0x7fa4fb6e95a0>,19,22,[14  5],20,20,42,0,20
1,<environment.Job instance at 0x7fa4b576cd70>,28,22,[10  4],29,42,64,13,35
1,<environment.Job instance at 0x7fa4b59e0be0>,31,21,[5 8],32,43,64,11,43
1,<environment.Job instance at 0x7fa4b59e0280>,37,25,[6 5],38,64,89,26,60
1,<environment.Job instance at 0x7fa4fdbbc280>,45,1,[1 9],46,83,84,37,83
1,<environment.Job instance at 0x7fa4fb512690>,48,25,[5 7],49,90,115,41,90
1,<environment.Job instance at 0x7fa4fdded5f0>,58,3,[12  5],59,115,118,56,112
1,<environment.Job instance at 0x7fa4b5c22aa0>,64,3,[9 3],65,138,141,73,138
1,<environment.Job instance at 0x7fa4b5c228c0>,65,26,[14  3],66,141,167,75,138
1,<environment.Job instance at 0x7fa4b5c221e0>,67,28,[6 3],68,167,195,99,166
1,<environment.Job instance at 0x7fa4b5c22a50>,69,1,[2 6],70,167,168,97,166
1,<environment.Job instance at 0x7fa4fb756d70>,75,2,[8 4],76,182,184,106,182
1,<environment.Job instance at 0x7fa4fb756a00>,76,2,[14  2],77,195,197,118,184
1,<environment.Job instance at 0x7fa4fb756a50>,77,3,[13  2],78,197,200,119,184
1,<environment.Job instance at 0x7fa4fb756b90>,80,1,[3 6],81,185,186,104,185
1,<environment.Job instance at 0x7fa4fb756b40>,81,19,[3 9],82,200,219,118,190
1,<environment.Job instance at 0x7fa50047fd20>,91,1,[1 6],92,290,291,198,290
1,<environment.Job instance at 0x7fa4fdf55a00>,92,25,[2 8],93,290,315,197,290
1,<environment.Job instance at 0x7fa4fdf557d0>,93,2,[ 4 10],94,315,317,221,290
1,<environment.Job instance at 0x7fa4fb756cd0>,0,19,[3 8],1,2,21,1,2
1,<environment.Job instance at 0x7fa4fdd321e0>,3,28,[10  5],4,4,32,0,4
1,<environment.Job instance at 0x7fa4b5c220f0>,7,27,[3 7],8,21,48,13,19
1,<environment.Job instance at 0x7fa4fdf557d0>,2,22,[13  5],3,48,70,45,41
1,<environment.Job instance at 0x7fa4b5bec6e0>,16,27,[13  1],17,70,97,53,68
1,<environment.Job instance at 0x7fa4fb465230>,25,25,[2 7],26,75,100,49,75
1,<environment.Job instance at 0x7fa4fe130d70>,32,2,[4 8],33,107,109,74,107
1,<environment.Job instance at 0x7fa4fe130d20>,33,3,[10  2],34,107,110,73,107
1,<environment.Job instance at 0x7fa4fe130aa0>,34,2,[9 1],35,110,112,75,107
1,<environment.Job instance at 0x7fa4fe130f00>,35,1,[7 1],36,112,113,76,107
1,<environment.Job instance at 0x7fa4fb71ccd0>,36,1,[6 4],37,110,111,73,107
1,<environment.Job instance at 0x7fa4fb71c960>,38,2,[3 8],39,111,113,72,107
1,<environment.Job instance at 0x7fa4fb416aa0>,41,1,[5 8],42,114,115,72,114
1,<environment.Job instance at 0x7fa4fb416f50>,42,2,[8 4],43,114,116,71,114
1,<environment.Job instance at 0x7fa4b5563730>,43,2,[7 1],44,115,117,71,114
1,<environment.Job instance at 0x7fa4b5563b40>,46,1,[5 9],47,116,117,69,114
1,<environment.Job instance at 0x7fa4b5563410>,48,3,[9 4],49,117,120,68,115
1,<environment.Job instance at 0x7fa5008b0aa0>,51,26,[6 3],52,134,160,82,134
1,<environment.Job instance at 0x7fa4fe168b90>,54,1,[5 7],55,140,141,85,140
1,<environment.Job instance at 0x7fa4fe1689b0>,57,1,[ 5 12],58,147,148,89,147
1,<environment.Job instance at 0x7fa4fe1296e0>,58,1,[ 2 10],59,148,149,89,147
1,<environment.Job instance at 0x7fa4fe129140>,59,3,[12  2],60,160,163,100,148
1,<environment.Job instance at 0x7fa4fe129af0>,61,3,[11  1],62,163,166,101,154
1,<environment.Job instance at 0x7fa4fe129910>,63,1,[10  2],64,166,167,102,157
1,<environment.Job instance at 0x7fa4fe129960>,64,2,[8 5],65,157,159,92,157
1,<environment.Job instance at 0x7fa4fe129320>,65,27,[8 5],66,167,194,101,165
1,<environment.Job instance at 0x7fa4b55e18c0>,66,22,[9 5],67,194,216,127,187
1,<environment.Job instance at 0x7fa4fb511640>,68,24,[7 4],69,216,240,147,211
1,<environment.Job instance at 0x7fa4b589d7d0>,75,2,[5 4],76,212,214,136,212
1,<environment.Job instance at 0x7fa4b5c3c140>,79,2,[12  1],80,240,242,160,224
1,<environment.Job instance at 0x7fa4b58a75a0>,81,24,[ 3 14],82,240,264,158,235
1,<environment.Job instance at 0x7fa4fdaf4640>,83,1,[3 5],84,236,237,152,236
1,<environment.Job instance at 0x7fa4fe0f8230>,85,1,[10  4],86,264,265,178,236
1,<environment.Job instance at 0x7fa4fe0f8500>,86,1,[1 6],87,236,237,149,236
1,<environment.Job instance at 0x7fa4b5c18960>,90,20,[9 2],91,265,285,174,256
1,<environment.Job instance at 0x7fa4b5be06e0>,5,25,[10  3],6,6,31,0,6
1,<environment.Job instance at 0x7fa4b5966190>,14,3,[14  3],15,31,34,16,27
1,<environment.Job instance at 0x7fa4b5593c80>,6,2,[12  3],7,36,38,29,36
1,<environment.Job instance at 0x7fa4fb850910>,20,24,[7 2],21,38,62,17,36
1,<environment.Job instance at 0x7fa4b5b8aa50>,22,25,[7 5],23,41,66,18,41
1,<environment.Job instance at 0x7fa4fb8e1cd0>,26,3,[12  5],27,66,69,39,63
1,<environment.Job instance at 0x7fa4fb6929b0>,33,2,[5 6],34,92,94,58,92
1,<environment.Job instance at 0x7fa4fdf55190>,35,3,[9 1],36,103,106,67,103
1,<environment.Job instance at 0x7fa4fb6923c0>,34,18,[2 9],35,109,127,74,109
1,<environment.Job instance at 0x7fa4fb415730>,38,3,[ 3 10],39,127,130,88,109
1,<environment.Job instance at 0x7fa4b574a550>,41,3,[5 3],42,122,125,80,122
1,<environment.Job instance at 0x7fa4b5a9b8c0>,42,24,[2 9],43,130,154,87,125
1,<environment.Job instance at 0x7fa4fdf22d20>,43,1,[9 4],44,125,126,81,125
1,<environment.Job instance at 0x7fa4fdf225a0>,48,1,[ 2 10],49,154,155,105,139
1,<environment.Job instance at 0x7fa4b59289b0>,51,3,[7 1],52,155,158,103,155
1,<environment.Job instance at 0x7fa4fb2efdc0>,52,17,[8 1],53,155,172,102,155
1,<environment.Job instance at 0x7fa4fb526730>,53,3,[5 5],54,158,161,104,155
1,<environment.Job instance at 0x7fa4fe022640>,55,1,[5 5],56,161,162,105,159
1,<environment.Job instance at 0x7fa4b5d27d20>,59,20,[5 3],60,186,206,126,186
1,<environment.Job instance at 0x7fa4b5ad54b0>,60,2,[7 1],61,186,188,125,186
1,<environment.Job instance at 0x7fa4fdc762d0>,49,18,[1 9],50,188,206,138,188
1,<environment.Job instance at 0x7fa4fb62b640>,65,23,[1 8],66,206,229,140,200
1,<environment.Job instance at 0x7fa4b56fa6e0>,72,3,[ 5 13],73,229,232,156,222
1,<environment.Job instance at 0x7fa4b56fa370>,76,1,[8 5],77,224,225,147,224
1,<environment.Job instance at 0x7fa4b56fa960>,78,19,[3 9],79,242,261,163,242
1,<environment.Job instance at 0x7fa4b56fa8c0>,82,1,[10  2],83,257,258,174,257
1,<environment.Job instance at 0x7fa4fb836cd0>,84,26,[8 5],85,258,284,173,257
1,<environment.Job instance at 0x7fa4fb836b90>,88,2,[1 6],89,268,270,179,268
1,<environment.Job instance at 0x7fa4fb836410>,89,3,[9 2],90,284,287,194,268
1,<environment.Job instance at 0x7fa4fb836e60>,90,22,[6 2],91,268,290,177,268
1,<environment.Job instance at 0x7fa4fb836be0>,92,3,[9 1],93,287,290,194,272
1,<environment.Job instance at 0x7fa4fdafc640>,93,24,[3 7],94,290,314,196,285
1,<environment.Job instance at 0x7fa4fe05f370>,97,3,[5 6],98,290,293,192,288
1,<environment.Job instance at 0x7fa4fe05f320>,98,1,[10  4],99,293,294,194,288
1,<environment.Job instance at 0x7fa4b56e5d20>,101,3,[14  4],102,314,317,212,293
1,<environment.Job instance at 0x7fa4b56e5730>,103,2,[5 4],104,307,309,203,307
1,<environment.Job instance at 0x7fa4b5d94640>,104,1,[10  5],105,309,310,204,307
1,<environment.Job instance at 0x7fa4b5722e60>,112,2,[2 8],113,346,348,233,346
1,<environment.Job instance at 0x7fa4fd9c52d0>,114,1,[8 4],115,352,353,237,352
1,<environment.Job instance at 0x7fa4fddf18c0>,115,25,[ 4 10],116,352,377,236,352
1,<environment.Job instance at 0x7fa4b562cc80>,6,2,[2 7],7,7,9,0,7
1,<environment.Job instance at 0x7fa4fdae88c0>,8,27,[9 1],9,9,36,0,9
1,<environment.Job instance at 0x7fa4b562c500>,10,2,[ 4 10],11,12,14,1,12
1,<environment.Job instance at 0x7fa4b562cfa0>,13,27,[6 5],14,14,41,0,14
1,<environment.Job instance at 0x7fa4b562ce10>,12,22,[8 5],13,36,58,23,29
1,<environment.Job instance at 0x7fa4fb2609b0>,15,26,[6 1],16,41,67,25,38
1,<environment.Job instance at 0x7fa4b5d7f690>,20,26,[4 5],21,58,84,37,55
1,<environment.Job instance at 0x7fa4b5d7fd70>,24,1,[6 1],25,67,68,42,57
1,<environment.Job instance at 0x7fa4fb93afa0>,29,23,[4 6],30,79,102,49,79
1,<environment.Job instance at 0x7fa4b5d7feb0>,30,1,[ 2 14],31,102,103,71,85
1,<environment.Job instance at 0x7fa4fb29ee10>,33,2,[5 8],34,85,87,51,85
1,<environment.Job instance at 0x7fa4fb5c71e0>,37,1,[9 1],38,108,109,70,108
1,<environment.Job instance at 0x7fa4fb5c76e0>,40,3,[8 1],41,118,121,77,118
1,<environment.Job instance at 0x7fa4fb5c7b90>,41,2,[1 6],42,118,120,76,118
1,<environment.Job instance at 0x7fa4fb5c7050>,46,1,[7 2],47,136,137,89,136
1,<environment.Job instance at 0x7fa4fb5c7be0>,47,25,[9 5],48,137,162,89,136
1,<environment.Job instance at 0x7fa4fb5c7d70>,48,2,[ 1 13],49,162,164,113,147
1,<environment.Job instance at 0x7fa4fb5c7cd0>,51,1,[2 5],52,150,151,98,150
1,<environment.Job instance at 0x7fa4fdfa50f0>,52,2,[3 7],53,151,153,98,151
1,<environment.Job instance at 0x7fa4fdfa55f0>,56,2,[6 3],57,169,171,112,169
1,<environment.Job instance at 0x7fa4fdfa5eb0>,59,1,[8 4],60,178,179,118,178
1,<environment.Job instance at 0x7fa4fdfa5640>,64,2,[6 5],65,198,200,133,198
1,<environment.Job instance at 0x7fa4fdfa5dc0>,67,2,[ 1 11],68,209,211,141,209
1,<environment.Job instance at 0x7fa4fdfa51e0>,68,27,[4 6],69,211,238,142,209
1,<environment.Job instance at 0x7fa4fdfa5910>,70,2,[5 1],71,209,211,138,209
1,<environment.Job instance at 0x7fa4fdfa5aa0>,71,1,[10  5],72,211,212,139,209
1,<environment.Job instance at 0x7fa4b54bdfa0>,75,1,[2 9],76,224,225,148,224
1,<environment.Job instance at 0x7fa4b54bd8c0>,77,1,[5 4],78,225,226,147,224
1,<environment.Job instance at 0x7fa4b54bd6e0>,80,2,[5 2],81,231,233,150,231
1,<environment.Job instance at 0x7fa4b54bda50>,84,2,[9 2],85,258,260,173,258
1,<environment.Job instance at 0x7fa4b54bd690>,86,3,[ 2 10],87,266,269,179,266
1,<environment.Job instance at 0x7fa4b54bd7d0>,88,1,[2 6],89,273,274,184,273
1,<environment.Job instance at 0x7fa4b54bd640>,90,26,[ 5 14],91,282,308,191,282
1,<environment.Job instance at 0x7fa4fb7098c0>,12,1,[9 5],13,13,14,0,13
1,<environment.Job instance at 0x7fa4fb3ad0f0>,15,2,[ 3 10],16,16,18,0,16
1,<environment.Job instance at 0x7fa4fb8bba00>,19,2,[8 3],20,28,30,8,28
1,<environment.Job instance at 0x7fa4fb8bbe60>,20,1,[8 5],21,30,31,9,28
1,<environment.Job instance at 0x7fa4fe0f3370>,23,26,[9 5],24,41,67,17,41
1,<environment.Job instance at 0x7fa4fdb69fa0>,26,3,[ 2 12],27,67,70,40,66
1,<environment.Job instance at 0x7fa4b5445960>,29,25,[4 9],30,70,95,40,66
1,<environment.Job instance at 0x7fa4fb55c9b0>,33,2,[ 3 12],34,95,97,61,68
1,<environment.Job instance at 0x7fa4fb460550>,34,3,[5 3],35,68,71,33,68
1,<environment.Job instance at 0x7fa4fb460c80>,35,1,[5 5],36,71,72,35,68
1,<environment.Job instance at 0x7fa4b576b1e0>,38,2,[2 5],39,78,80,39,78
1,<environment.Job instance at 0x7fa4b562c230>,12,1,[5 6],13,17,18,4,17
1,<environment.Job instance at 0x7fa4b562c0f0>,16,1,[ 5 14],17,31,32,14,31
1,<environment.Job instance at 0x7fa4fb8329b0>,18,13,[9 1],19,32,45,13,32
1,<environment.Job instance at 0x7fa4fb761500>,19,2,[10  4],20,45,47,25,32
1,<environment.Job instance at 0x7fa4b56cb910>,20,2,[10  1],21,47,49,26,32
1,<environment.Job instance at 0x7fa4b55b2550>,29,1,[3 7],30,84,85,54,84
1,<environment.Job instance at 0x7fa4b55b2b90>,33,22,[7 2],34,100,122,66,100
1,<environment.Job instance at 0x7fa4b5b4cb40>,36,2,[5 4],37,107,109,70,107
1,<environment.Job instance at 0x7fa4fdead0f0>,39,3,[7 1],40,124,127,84,124
1,<environment.Job instance at 0x7fa4fdd22910>,40,1,[5 8],41,124,125,83,124
1,<environment.Job instance at 0x7fa4fda4b910>,42,3,[5 7],43,133,136,90,133
1,<environment.Job instance at 0x7fa4b5b278c0>,45,2,[8 3],46,146,148,100,146
1,<environment.Job instance at 0x7fa4b5574c30>,6,27,[4 9],7,7,34,0,7
1,<environment.Job instance at 0x7fa4b55740f0>,10,1,[ 4 10],11,34,35,23,12
1,<environment.Job instance at 0x7fa4fb822b40>,14,3,[2 6],15,31,34,16,31
1,<environment.Job instance at 0x7fa4fb822050>,16,24,[8 3],17,42,66,25,42
1,<environment.Job instance at 0x7fa4fb8222d0>,21,3,[ 3 11],22,66,69,44,66
1,<environment.Job instance at 0x7fa4fb8220a0>,23,2,[2 9],24,69,71,45,66
1,<environment.Job instance at 0x7fa4fb8221e0>,25,2,[1 8],26,71,73,45,68
1,<environment.Job instance at 0x7fa4fb822f50>,9,17,[1 9],10,79,96,69,79
1,<environment.Job instance at 0x7fa4fdf38960>,30,3,[4 6],31,79,82,48,79
1,<environment.Job instance at 0x7fa4fdf38fa0>,34,15,[8 1],35,97,112,62,97
1,<environment.Job instance at 0x7fa4fdf38b40>,35,3,[8 4],36,112,115,76,97
1,<environment.Job instance at 0x7fa4fdf38050>,36,1,[3 9],37,97,98,60,97
1,<environment.Job instance at 0x7fa4fb822230>,1,28,[12  4],2,2,30,0,2
1,<environment.Job instance at 0x7fa4b53af1e0>,4,25,[5 5],5,30,55,25,26
1,<environment.Job instance at 0x7fa4b5b23a50>,9,3,[4 5],10,30,33,20,26
1,<environment.Job instance at 0x7fa4fb425690>,12,27,[6 2],13,30,57,17,28
1,<environment.Job instance at 0x7fa4fb4259b0>,14,26,[8 4],15,55,81,40,52
1,<environment.Job instance at 0x7fa4b53b8460>,19,1,[6 1],20,57,58,37,56
1,<environment.Job instance at 0x7fa4b53b8820>,22,2,[1 9],23,72,74,49,72
1,<environment.Job instance at 0x7fa4b5d3be60>,24,23,[6 3],25,74,97,49,73
1,<environment.Job instance at 0x7fa4b5e1dc30>,25,22,[6 3],26,81,103,55,74
1,<environment.Job instance at 0x7fa4fb7129b0>,26,2,[8 5],27,97,99,70,74
1,<environment.Job instance at 0x7fa4fb712f00>,27,1,[5 5],28,99,100,71,74
1,<environment.Job instance at 0x7fa4b57d0aa0>,28,3,[ 3 10],29,100,103,71,78
1,<environment.Job instance at 0x7fa4b57d0dc0>,33,28,[8 5],34,103,131,69,102
1,<environment.Job instance at 0x7fa4b57d0730>,37,3,[3 8],38,116,119,78,116
1,<environment.Job instance at 0x7fa4b57d0e60>,39,23,[2 9],40,119,142,79,116
1,<environment.Job instance at 0x7fa4b5c89960>,49,1,[3 5],50,148,149,98,148
1,<environment.Job instance at 0x7fa4b5c89e10>,50,18,[7 1],51,148,166,97,148
1,<environment.Job instance at 0x7fa4b5c89730>,51,26,[13  2],52,166,192,114,163
1,<environment.Job instance at 0x7fa4fdc2f190>,57,23,[10  2],58,192,215,134,186
1,<environment.Job instance at 0x7fa4fdc2ff00>,61,22,[8 1],62,215,237,153,208
1,<environment.Job instance at 0x7fa4fdc2fbe0>,63,23,[5 6],64,208,231,144,208
1,<environment.Job instance at 0x7fa4fdc2fe10>,64,1,[8 4],65,237,238,172,209
1,<environment.Job instance at 0x7fa4b56fa5f0>,68,1,[5 1],69,231,232,162,209
1,<environment.Job instance at 0x7fa4b56faeb0>,70,1,[9 1],71,238,239,167,218
1,<environment.Job instance at 0x7fa4b56fa730>,72,1,[6 2],73,232,233,159,221
1,<environment.Job instance at 0x7fa4b56fa460>,74,3,[ 1 10],75,231,234,156,231
1,<environment.Job instance at 0x7fa4b56fa6e0>,75,2,[1 9],76,234,236,158,231
1,<environment.Job instance at 0x7fa4b5c31640>,77,26,[8 3],78,243,269,165,243
1,<environment.Job instance at 0x7fa4b5c315a0>,78,3,[8 5],79,269,272,190,243
1,<environment.Job instance at 0x7f2c2716f640>,1,22,[11  3],2,2,24,0,2
1,<environment.Job instance at 0x7f2c2716f500>,2,22,[4 8],3,3,25,0,3
1,<environment.Job instance at 0x7f2c260191e0>,12,26,[ 1 10],13,25,51,12,22
1,<environment.Job instance at 0x7f2c26019b40>,23,27,[1 6],24,51,78,27,49
1,<environment.Job instance at 0x7f2c26019d70>,26,3,[3 7],27,51,54,24,50
1,<environment.Job instance at 0x7f2c26019f00>,28,23,[10  4],29,60,83,31,60
1,<environment.Job instance at 0x7f2c2601c780>,34,24,[1 8],35,78,102,43,73
1,<environment.Job instance at 0x7f2c2601cb40>,41,1,[5 2],42,95,96,53,95
1,<environment.Job instance at 0x7f2c2601cbe0>,42,2,[4 6],43,96,98,53,95
1,<environment.Job instance at 0x7f2c270b9460>,10,3,[12  3],11,12,15,1,12
1,<environment.Job instance at 0x7f2c270b9a00>,12,22,[6 4],13,15,37,2,13
1,<environment.Job instance at 0x7f2c270baf00>,15,20,[2 6],16,20,40,4,20
1,<environment.Job instance at 0x7f2c270ba5a0>,17,27,[ 1 10],18,40,67,22,38
1,<environment.Job instance at 0x7f2c270ba460>,26,19,[4 8],27,67,86,40,57
1,<environment.Job instance at 0x7f2c270bb3c0>,33,20,[7 1],34,91,111,57,91
1,<environment.Job instance at 0x7f2c270bb550>,37,3,[10  5],38,120,123,82,120
1,<environment.Job instance at 0x7f2c270bb690>,38,2,[7 4],39,123,125,84,120
1,<environment.Job instance at 0x7f2c270bb460>,40,2,[9 3],41,125,127,84,120
1,<environment.Job instance at 0x7f2c25fa70a0>,41,3,[1 8],42,120,123,78,120
1,<environment.Job instance at 0x7f2c272ef730>,42,20,[1 5],43,123,143,80,120
1,<environment.Job instance at 0x7f2c272ef550>,43,2,[6 1],44,123,125,79,120
1,<environment.Job instance at 0x7f2c272ef910>,47,2,[ 5 11],48,143,145,95,133
1,<environment.Job instance at 0x7f2c272ef370>,48,2,[5 2],49,133,135,84,133
1,<environment.Job instance at 0x7f2bdc0852d0>,8,3,[10  4],9,10,13,1,10
1,<environment.Job instance at 0x7f2bdc0855f0>,9,1,[10  4],10,13,14,3,10
1,<environment.Job instance at 0x7f2bdc0e3550>,10,3,[6 5],11,14,17,3,11
1,<environment.Job instance at 0x7f2bdc0e3910>,11,26,[ 5 10],12,12,38,0,12
1,<environment.Job instance at 0x7f2bdc0e35f0>,16,3,[ 1 12],17,38,41,21,32
1,<environment.Job instance at 0x7f2bdc0e3870>,17,1,[1 5],18,32,33,14,32
1,<environment.Job instance at 0x7f2bdc0e3c30>,18,1,[3 6],19,41,42,22,32
1,<environment.Job instance at 0x7f2bdc0e3af0>,19,20,[2 6],20,41,61,21,32
1,<environment.Job instance at 0x7f2bdbfad1e0>,22,3,[ 4 12],23,61,64,38,47
1,<environment.Job instance at 0x7f2bdbfadc30>,24,1,[8 4],25,47,48,22,47
1,<environment.Job instance at 0x7f2bdbfadeb0>,25,21,[4 5],26,64,85,38,56
1,<environment.Job instance at 0x7f2bdbfaddc0>,27,22,[4 5],28,64,86,36,57
1,<environment.Job instance at 0x7f2bdbfad9b0>,28,23,[ 2 14],29,86,109,57,80
1,<environment.Job instance at 0x7f2bdc1962d0>,37,20,[9 2],38,109,129,71,100
1,<environment.Job instance at 0x7f2bdc3c7460>,0,2,[3 8],1,2,4,1,2
1,<environment.Job instance at 0x7f2bdc3c70a0>,5,1,[9 1],6,7,8,1,7
1,<environment.Job instance at 0x7f2bdc13d0f0>,9,2,[4 9],10,11,13,1,11
1,<environment.Job instance at 0x7f2bdc012730>,10,3,[13  3],11,13,16,2,13
1,<environment.Job instance at 0x7f2bdc13c690>,18,19,[6 4],19,20,39,1,20
1,<environment.Job instance at 0x7f2bdc13c190>,26,2,[11  5],27,39,41,12,36
1,<environment.Job instance at 0x7f2bdc13c6e0>,27,21,[ 3 10],28,36,57,8,36
1,<environment.Job instance at 0x7f2bdc41de60>,30,1,[5 8],31,57,58,26,44
1,<environment.Job instance at 0x7f2bdc41db90>,35,2,[5 2],36,68,70,32,68
1,<environment.Job instance at 0x7f2bdc01be10>,36,1,[5 9],37,68,69,31,68
1,<environment.Job instance at 0x7f2bdc01b320>,38,21,[9 4],39,69,90,30,68
1,<environment.Job instance at 0x7f2bdc01bbe0>,42,3,[10  2],43,103,106,60,103
1,<environment.Job instance at 0x7f2bdc01b960>,43,2,[8 3],44,106,108,62,104
1,<environment.Job instance at 0x7f2bdc0cceb0>,45,1,[6 2],46,106,107,60,106
1,<environment.Job instance at 0x7f2bdc0cc4b0>,47,1,[9 1],48,108,109,60,106
1,<environment.Job instance at 0x7f2bdc722550>,8,2,[13  1],9,12,14,3,12
1,<environment.Job instance at 0x7f2bdc722be0>,12,2,[ 1 12],13,15,17,2,15
1,<environment.Job instance at 0x7f2bdc722f00>,15,2,[5 5],16,17,19,1,17
1,<environment.Job instance at 0x7f2bdc710320>,19,1,[ 2 10],20,20,21,0,20
1,<environment.Job instance at 0x7f2bdc7228c0>,11,3,[13  5],12,20,23,8,20
1,<environment.Job instance at 0x7f2bdc7101e0>,17,3,[1 5],18,21,24,3,21
1,<environment.Job instance at 0x7f2bdc710820>,22,1,[ 4 13],23,24,25,1,23
1,<environment.Job instance at 0x7f2bdc710b90>,25,1,[3 8],26,31,32,5,31
1,<environment.Job instance at 0x7f2bdc710dc0>,31,1,[8 3],32,59,60,27,59
1,<environment.Job instance at 0x7f2bdc715230>,32,20,[1 7],33,59,79,26,59
1,<environment.Job instance at 0x7f2bdc7152d0>,33,1,[ 4 10],34,79,80,45,59
1,<environment.Job instance at 0x7f2bdc715410>,35,1,[10  1],36,60,61,24,60
1,<environment.Job instance at 0x7f2bdc7150a0>,36,19,[2 7],37,60,79,23,60
1,<environment.Job instance at 0x7f2bdc7154b0>,39,2,[5 8],40,80,82,40,74
1,<environment.Job instance at 0x7f2bdc715730>,40,24,[ 1 10],41,82,106,41,77
1,<environment.Job instance at 0x7f2bdc715910>,43,24,[7 4],44,79,103,35,77
1,<environment.Job instance at 0x7f2bdc7090a0>,1,27,[4 7],2,2,29,0,2
1,<environment.Job instance at 0x7f2bdc715c80>,2,26,[8 4],3,3,29,0,3
1,<environment.Job instance at 0x7f2c262c79b0>,10,25,[ 3 10],11,29,54,18,25
1,<environment.Job instance at 0x7f2c25ec6f50>,23,23,[10  1],24,29,52,5,26
1,<environment.Job instance at 0x7f2c26367460>,26,28,[6 5],27,52,80,25,51
1,<environment.Job instance at 0x7f2c26372cd0>,33,2,[7 3],34,54,56,20,52
1,<environment.Job instance at 0x7f2c2606c3c0>,36,1,[2 7],37,63,64,26,63
1,<environment.Job instance at 0x7f2c2606cfa0>,37,3,[6 3],38,63,66,25,63
1,<environment.Job instance at 0x7f2c2606c500>,39,28,[5 3],40,70,98,30,70
1,<environment.Job instance at 0x7f2c2606ca00>,41,2,[1 5],42,76,78,34,76
1,<environment.Job instance at 0x7f2c2606c8c0>,43,3,[9 5],44,88,91,44,88
1,<environment.Job instance at 0x7f2c2606c460>,44,2,[7 4],45,91,93,46,88
1,<environment.Job instance at 0x7f2c262d8870>,46,1,[7 3],47,93,94,46,88
1,<environment.Job instance at 0x7f2c262d80a0>,48,1,[2 7],49,91,92,42,90
1,<environment.Job instance at 0x7f2c25dc9a00>,2,25,[6 3],3,3,28,0,3
1,<environment.Job instance at 0x7f2bdc21e960>,10,1,[ 1 10],11,11,12,0,11
1,<environment.Job instance at 0x7f2c26aaf550>,12,1,[5 9],13,13,14,0,13
1,<environment.Job instance at 0x7f2c26aafc30>,13,20,[2 6],14,14,34,0,14
1,<environment.Job instance at 0x7f2c266fc4b0>,17,1,[8 5],18,28,29,10,20
1,<environment.Job instance at 0x7f2c26432e10>,21,2,[1 7],22,29,31,7,27
1,<environment.Job instance at 0x7f2c263d6aa0>,22,3,[ 3 11],23,34,37,11,31
1,<environment.Job instance at 0x7f2bdc24e5f0>,14,15,[5 1],15,35,50,20,35
1,<environment.Job instance at 0x7f2c25dcfeb0>,27,1,[9 3],28,37,38,9,35
1,<environment.Job instance at 0x7f2bdc408230>,30,24,[2 8],31,40,64,9,40
1,<environment.Job instance at 0x7f2c260edaf0>,31,24,[9 1],32,50,74,18,45
1,<environment.Job instance at 0x7f2c26441460>,33,24,[10  5],34,74,98,40,69
1,<environment.Job instance at 0x7f2c26441140>,34,23,[10  2],35,98,121,63,92
1,<environment.Job instance at 0x7f2c26441d70>,38,1,[2 9],39,92,93,53,92
1,<environment.Job instance at 0x7f2c25df0050>,46,1,[2 6],47,121,122,74,121
1,<environment.Job instance at 0x7f2c25deff00>,48,2,[5 7],49,124,126,75,124
1,<environment.Job instance at 0x7f2bdc3e5e60>,8,2,[9 4],9,9,11,0,9
1,<environment.Job instance at 0x7f2bdc3e5eb0>,10,27,[ 5 10],11,11,38,0,11
1,<environment.Job instance at 0x7f2bdc3b95a0>,16,25,[ 5 10],17,38,63,21,34
1,<environment.Job instance at 0x7f2bdc3dd820>,36,3,[6 3],37,60,63,23,60
1,<environment.Job instance at 0x7f2bdc3dddc0>,41,3,[9 4],42,82,85,40,82
1,<environment.Job instance at 0x7f2bdc3ddc30>,42,1,[7 4],43,85,86,42,82
1,<environment.Job instance at 0x7f2bdc3bc370>,43,2,[9 2],44,86,88,42,82
1,<environment.Job instance at 0x7f2bdc3bc050>,45,2,[ 4 11],46,94,96,48,94
1,<environment.Job instance at 0x7f2bdc3bc5a0>,48,1,[2 6],49,110,111,61,110
1,<environment.Job instance at 0x7f2bdc3ddf50>,2,19,[8 2],3,3,22,0,3
1,<environment.Job instance at 0x7f2c25dece10>,6,2,[11  3],7,22,24,15,9
1,<environment.Job instance at 0x7f2bdc3db780>,3,2,[ 2 14],4,39,41,35,39
1,<environment.Job instance at 0x7f2c25dec0a0>,7,2,[12  2],8,41,43,33,39
1,<environment.Job instance at 0x7f2c25de00f0>,14,1,[14  4],15,43,44,28,39
1,<environment.Job instance at 0x7f2c25de08c0>,12,2,[12  5],13,44,46,31,41
1,<environment.Job instance at 0x7f2c25de0af0>,9,17,[9 1],10,46,63,36,44
1,<environment.Job instance at 0x7f2c261603c0>,24,2,[2 5],25,53,55,28,53
1,<environment.Job instance at 0x7f2bdc565f50>,26,1,[3 8],27,59,60,32,59
1,<environment.Job instance at 0x7f2bdc45c500>,27,3,[10  2],28,63,66,35,59
1,<environment.Job instance at 0x7f2c2719fbe0>,28,1,[2 8],29,60,61,31,59
1,<environment.Job instance at 0x7f2bdc5c4500>,29,1,[ 3 10],30,61,62,31,59
1,<environment.Job instance at 0x7f2c25ece370>,32,1,[ 5 10],33,72,73,39,72
1,<environment.Job instance at 0x7f2bdc5604b0>,33,1,[ 5 12],34,73,74,39,72
1,<environment.Job instance at 0x7f2c26395b90>,34,21,[7 2],35,72,93,37,72
1,<environment.Job instance at 0x7f2bdbfed6e0>,36,3,[ 3 10],37,83,86,46,83
1,<environment.Job instance at 0x7f2c26300410>,41,14,[1 5],42,97,111,55,97
1,<environment.Job instance at 0x7f2c25f0b910>,45,2,[5 5],46,115,117,69,115
1,<environment.Job instance at 0x7f2c26a163c0>,46,2,[13  4],47,117,119,70,115
1,<environment.Job instance at 0x7f2bdc5dd320>,47,3,[3 5],48,119,122,71,115
1,<environment.Job instance at 0x7f2c25e00050>,0,1,[5 1],1,2,3,1,2
1,<environment.Job instance at 0x7f2bdc624320>,16,25,[3 8],17,17,42,0,17
1,<environment.Job instance at 0x7f2c26931640>,19,27,[9 3],20,36,63,16,36
1,<environment.Job instance at 0x7f2c26227f50>,22,24,[ 3 10],23,42,66,19,40
1,<environment.Job instance at 0x7f2bdc5f7af0>,18,3,[ 5 14],19,66,69,47,62
1,<environment.Job instance at 0x7f2c25ed7e60>,28,27,[1 7],29,69,96,40,67
1,<environment.Job instance at 0x7f2c25ed7960>,30,19,[6 3],31,69,88,38,67
1,<environment.Job instance at 0x7f2bdc29eaf0>,35,3,[1 5],36,76,79,40,76
1,<environment.Job instance at 0x7f2bdc2b6280>,39,1,[10  3],40,88,89,48,85
1,<environment.Job instance at 0x7f2c26c9e1e0>,40,19,[1 5],41,85,104,44,85
1,<environment.Job instance at 0x7f2bdc6768c0>,44,2,[7 5],45,164,166,119,164
1,<environment.Job instance at 0x7f2bdc6766e0>,45,2,[14  5],46,166,168,120,164
1,<environment.Job instance at 0x7f2bdc35d690>,0,1,[6 3],1,1,2,0,1
1,<environment.Job instance at 0x7f2bdc35deb0>,5,21,[2 5],6,6,27,0,6
1,<environment.Job instance at 0x7f2c267ca410>,9,19,[9 1],10,11,30,1,11
1,<environment.Job instance at 0x7f2c267caaf0>,13,27,[1 8],14,14,41,0,14
1,<environment.Job instance at 0x7f2c26798a50>,27,22,[1 7],28,44,66,16,44
1,<environment.Job instance at 0x7f2c26798be0>,28,2,[5 7],29,44,46,15,44
1,<environment.Job instance at 0x7f2c26798f00>,32,1,[9 3],33,60,61,27,60
1,<environment.Job instance at 0x7f2c26798fa0>,33,3,[ 3 14],34,66,69,32,61
1,<environment.Job instance at 0x7f2c26798e10>,35,25,[6 3],36,69,94,33,65
1,<environment.Job instance at 0x7f2c26798f50>,36,2,[5 1],37,65,67,28,65
1,<environment.Job instance at 0x7f2c267d3280>,37,2,[4 5],38,69,71,31,65
1,<environment.Job instance at 0x7f2c267d31e0>,40,2,[ 5 11],41,81,83,40,81
1,<environment.Job instance at 0x7f2c267d3780>,44,1,[5 7],45,98,99,53,98
1,<environment.Job instance at 0x7f2c267d39b0>,46,2,[2 9],47,114,116,67,114
1,<environment.Job instance at 0x7f2c267d3a50>,47,3,[7 1],48,114,117,66,114
1,<environment.Job instance at 0x7f2c267a6140>,1,22,[ 1 10],2,2,24,0,2
1,<environment.Job instance at 0x7f2c26605730>,8,20,[6 2],9,12,32,3,12
1,<environment.Job instance at 0x7f2c2619a410>,23,2,[10  5],24,50,52,26,50
1,<environment.Job instance at 0x7f2c2619ab90>,26,3,[8 1],27,59,62,32,59
1,<environment.Job instance at 0x7f2c26832cd0>,28,21,[5 8],29,64,85,35,64
1,<environment.Job instance at 0x7f2c26832730>,31,28,[2 8],32,85,113,53,84
1,<environment.Job instance at 0x7f2c26832c80>,33,27,[9 3],34,94,121,60,94
1,<environment.Job instance at 0x7f2c26832550>,36,28,[1 7],37,113,141,76,112
1,<environment.Job instance at 0x7f2c26832d20>,38,1,[5 7],39,121,122,82,112
1,<environment.Job instance at 0x7f2c265a7640>,39,2,[ 4 11],40,141,143,101,115
1,<environment.Job instance at 0x7f2c265a7eb0>,41,1,[10  2],42,122,123,80,115
1,<environment.Job instance at 0x7f2c265a7dc0>,44,3,[11  1],45,123,126,78,115
1,<environment.Job instance at 0x7f2c265a7050>,45,1,[8 2],46,126,127,80,115
1,<environment.Job instance at 0x7f2c265a7d70>,46,28,[9 2],47,127,155,80,126
1,<environment.Job instance at 0x7f2c25f1da00>,3,1,[6 2],4,4,5,0,4
1,<environment.Job instance at 0x7f2c25f1df00>,7,3,[ 1 12],8,21,24,13,21
1,<environment.Job instance at 0x7f2c266720f0>,16,23,[7 4],17,24,47,7,21
1,<environment.Job instance at 0x7f2c2611b8c0>,23,20,[5 4],24,26,46,2,26
1,<environment.Job instance at 0x7f2c25d8d6e0>,31,2,[5 1],32,46,48,14,45
1,<environment.Job instance at 0x7f2c25d8dcd0>,33,1,[7 2],34,48,49,14,48
1,<environment.Job instance at 0x7f2c25d8db90>,35,20,[4 7],36,60,80,24,60
1,<environment.Job instance at 0x7f2c25d8d500>,36,21,[6 5],37,60,81,23,60
1,<environment.Job instance at 0x7f2bdc60a2d0>,38,1,[ 3 10],39,80,81,41,60
1,<environment.Job instance at 0x7f2bdc60a780>,41,27,[5 1],42,81,108,39,79
1,<environment.Job instance at 0x7f2bdc60ab40>,42,21,[1 6],43,81,102,38,79
1,<environment.Job instance at 0x7f2bdc60a3c0>,46,25,[8 3],47,89,114,42,89
1,<environment.Job instance at 0x7f2c25f6c9b0>,1,19,[10  1],2,2,21,0,2
1,<environment.Job instance at 0x7f2bdc3eb870>,6,25,[ 5 10],7,7,32,0,7
1,<environment.Job instance at 0x7f2bdc4160f0>,26,2,[13  5],27,46,48,19,46
1,<environment.Job instance at 0x7f2bdc416410>,27,1,[9 5],28,48,49,20,46
1,<environment.Job instance at 0x7f2bdc416910>,30,26,[6 3],31,53,79,22,53
1,<environment.Job instance at 0x7f2bdc5bad70>,12,18,[5 9],13,53,71,40,53
1,<environment.Job instance at 0x7f2bdc2890f0>,35,23,[7 1],36,71,94,35,65
1,<environment.Job instance at 0x7f2c2675ac30>,38,2,[8 5],39,79,81,40,69
1,<environment.Job instance at 0x7f2c2602c460>,45,18,[10  3],46,105,123,59,105
1,<environment.Job instance at 0x7f2c26001370>,48,1,[ 3 14],49,123,124,74,109
1,<environment.Job instance at 0x7f2c25ebe550>,8,1,[8 4],9,9,10,0,9
1,<environment.Job instance at 0x7f2bdbdfaeb0>,10,2,[4 9],11,11,13,0,11
1,<environment.Job instance at 0x7f2c263f41e0>,14,1,[1 9],15,15,16,0,15
1,<environment.Job instance at 0x7f2c262a1690>,20,28,[5 6],21,39,67,18,39
1,<environment.Job instance at 0x7f2c2677efa0>,23,28,[ 1 11],24,67,95,43,66
1,<environment.Job instance at 0x7f2c2677e410>,25,23,[5 3],26,67,90,41,67
1,<environment.Job instance at 0x7f2c25e31d70>,7,2,[ 4 14],8,10,12,2,10
1,<environment.Job instance at 0x7f2c25e31780>,10,1,[5 4],11,12,13,1,11
1,<environment.Job instance at 0x7f2c25e31500>,12,1,[2 7],13,13,14,0,13
1,<environment.Job instance at 0x7f2c261cbeb0>,14,2,[ 1 12],15,15,17,0,15
1,<environment.Job instance at 0x7f2c261cb230>,17,2,[6 4],18,18,20,0,18
1,<environment.Job instance at 0x7f2c261cb730>,20,25,[2 8],21,28,53,7,28
1,<environment.Job instance at 0x7f2c273c1370>,24,3,[ 3 14],25,56,59,31,56
1,<environment.Job instance at 0x7f2c273c17d0>,25,1,[10  1],26,56,57,30,56
1,<environment.Job instance at 0x7f2c25e31460>,11,18,[4 8],12,59,77,47,59
1,<environment.Job instance at 0x7f2c27062be0>,29,2,[13  5],30,77,79,47,60
1,<environment.Job instance at 0x7f2c270628c0>,30,1,[4 8],31,79,80,48,60
1,<environment.Job instance at 0x7f2c27062050>,32,3,[5 2],33,70,73,37,70
1,<environment.Job instance at 0x7f2bdc4703c0>,37,3,[8 5],38,95,98,57,95
1,<environment.Job instance at 0x7f2bdc470050>,38,1,[ 3 12],39,98,99,59,95
1,<environment.Job instance at 0x7f2bdc470e60>,40,2,[5 6],41,104,106,63,104
1,<environment.Job instance at 0x7f2bdc470460>,44,20,[9 5],45,122,142,77,122
1,<environment.Job instance at 0x7f2bdc470aa0>,48,2,[8 5],49,143,145,94,143
1,<environment.Job instance at 0x7f2c2608ef50>,1,1,[10  4],2,2,3,0,2
1,<environment.Job instance at 0x7f2bdbd5d5f0>,0,2,[2 7],1,2,4,1,2
1,<environment.Job instance at 0x7f2bdc3d65f0>,17,25,[9 4],18,19,44,1,19
1,<environment.Job instance at 0x7f2bdc3d4690>,21,3,[ 4 12],22,44,47,22,35
1,<environment.Job instance at 0x7f2bdc2ef140>,24,1,[8 1],25,44,45,19,41
1,<environment.Job instance at 0x7f2bdc6cfa00>,29,2,[9 5],30,67,69,37,67
1,<environment.Job instance at 0x7f2bdc6cfc30>,30,1,[8 5],31,69,70,38,67
1,<environment.Job instance at 0x7f2bdc6cbd70>,32,2,[5 7],33,72,74,39,72
1,<environment.Job instance at 0x7f2c25dbfa50>,34,25,[7 4],35,84,109,49,84
1,<environment.Job instance at 0x7f2bdc3139b0>,35,3,[1 6],36,84,87,48,84
1,<environment.Job instance at 0x7f2c26a575f0>,36,22,[ 4 10],37,87,109,50,84
1,<environment.Job instance at 0x7f2c265d5730>,44,3,[3 5],45,118,121,73,118
1,<environment.Job instance at 0x7f2bdc0eccd0>,45,23,[8 2],46,118,141,72,118
1,<environment.Job instance at 0x7f2c265b70a0>,47,1,[8 3],48,141,142,93,118
1,<environment.Job instance at 0x7f2c26a72460>,48,1,[ 1 10],49,121,122,72,118
1,<environment.Job instance at 0x7f2c25df8c30>,4,3,[8 2],5,5,8,0,5
1,<environment.Job instance at 0x7f2bdc5c2b40>,5,3,[11  2],6,8,11,2,7
1,<environment.Job instance at 0x7f2c2719ff00>,6,3,[8 5],7,11,14,4,7
1,<environment.Job instance at 0x7f2c261a25a0>,10,18,[5 8],11,17,35,6,17
1,<environment.Job instance at 0x7f2c261a2460>,12,23,[7 1],13,17,40,4,17
1,<environment.Job instance at 0x7f2bdbe9de10>,18,1,[13  4],19,40,41,21,29
1,<environment.Job instance at 0x7f2c261a2c80>,15,3,[13  2],16,41,44,25,34
1,<environment.Job instance at 0x7f2c2644ee60>,24,2,[5 2],25,53,55,28,53
1,<environment.Job instance at 0x7f2c2660a640>,25,3,[5 1],26,53,56,27,53
1,<environment.Job instance at 0x7f2c26aa5500>,27,2,[2 9],28,66,68,38,66
1,<environment.Job instance at 0x7f2bdc1e6a50>,28,2,[8 3],29,66,68,37,66
1,<environment.Job instance at 0x7f2bdc1e6140>,31,23,[ 3 13],32,81,104,49,81
1,<environment.Job instance at 0x7f2bdc17b5a0>,36,2,[7 2],37,99,101,62,99
1,<environment.Job instance at 0x7f2c25deb2d0>,39,1,[9 4],40,113,114,73,113
1,<environment.Job instance at 0x7f2c26994500>,40,20,[9 5],41,114,134,73,113
1,<environment.Job instance at 0x7f2bdc6a9fa0>,45,2,[10  5],46,134,136,88,117
1,<environment.Job instance at 0x7f2bdc6a9280>,46,2,[6 4],47,119,121,72,119
1,<environment.Job instance at 0x7f2bdc6a98c0>,48,3,[2 7],49,130,133,81,130
1,<environment.Job instance at 0x7f2c260d1870>,4,22,[9 5],5,5,27,0,5
1,<environment.Job instance at 0x7f2c263e39b0>,12,3,[10  5],13,27,30,14,23
1,<environment.Job instance at 0x7f2c260d1c80>,5,3,[ 1 14],6,42,45,36,42
1,<environment.Job instance at 0x7f2bdbf3ea00>,17,2,[3 7],18,49,51,31,49
1,<environment.Job instance at 0x7f2bdbf3ef00>,19,21,[1 7],20,49,70,29,49
1,<environment.Job instance at 0x7f2bdc13c5f0>,21,2,[5 5],22,55,57,33,55
1,<environment.Job instance at 0x7f2bdc04ab40>,23,2,[8 4],24,66,68,42,66
1,<environment.Job instance at 0x7f2bdc728d70>,24,1,[10  4],25,68,69,43,66
1,<environment.Job instance at 0x7f2bdc194fa0>,30,2,[8 1],31,95,97,64,95
1,<environment.Job instance at 0x7f2c2660c820>,31,1,[9 4],32,97,98,65,95
1,<environment.Job instance at 0x7f2c2719fd20>,33,2,[1 7],34,96,98,62,96
1,<environment.Job instance at 0x7f2bdc633820>,34,2,[1 6],35,98,100,63,96
1,<environment.Job instance at 0x7f2c26604370>,36,3,[9 2],37,113,116,76,113
1,<environment.Job instance at 0x7f2c26730e60>,38,1,[8 2],39,117,118,78,117
1,<environment.Job instance at 0x7f2c263b0050>,39,3,[2 6],40,117,120,77,117
1,<environment.Job instance at 0x7f2c263b0500>,41,1,[9 4],42,124,125,82,124
1,<environment.Job instance at 0x7f2c26151140>,42,2,[2 7],43,124,126,81,124
1,<environment.Job instance at 0x7f2bdc5eedc0>,45,2,[3 7],46,136,138,90,136
1,<environment.Job instance at 0x7f2c2630af50>,46,1,[11  2],47,143,144,96,143
1,<environment.Job instance at 0x7f2c265e0410>,0,1,[4 5],1,1,2,0,1
1,<environment.Job instance at 0x7f2c26577050>,8,19,[7 1],9,9,28,0,9
1,<environment.Job instance at 0x7f2c26577b90>,7,1,[6 3],8,9,10,1,9
1,<environment.Job instance at 0x7f2c26577820>,16,1,[2 5],17,18,19,1,18
1,<environment.Job instance at 0x7f2c26532fa0>,20,27,[7 4],21,21,48,0,21
1,<environment.Job instance at 0x7f2c26532a00>,25,2,[ 1 12],26,48,50,22,46
1,<environment.Job instance at 0x7f2c26532c30>,30,25,[ 1 14],31,65,90,34,65
1,<environment.Job instance at 0x7f2c263ad460>,33,1,[ 4 13],34,90,91,56,79
1,<environment.Job instance at 0x7f2c263ad820>,34,19,[9 1],35,79,98,44,79
1,<environment.Job instance at 0x7f2c263adf00>,35,3,[ 4 11],36,91,94,55,88
1,<environment.Job instance at 0x7f2c263ad640>,36,2,[8 3],37,98,100,61,88
1,<environment.Job instance at 0x7f2c263ad2d0>,40,1,[2 6],41,95,96,54,95
1,<environment.Job instance at 0x7f2c263ad3c0>,45,1,[5 2],46,122,123,76,122
1,<environment.Job instance at 0x7f2c263ad910>,48,3,[11  1],49,124,127,75,124
1,<environment.Job instance at 0x7f836277b640>,1,22,[11  3],2,2,24,0,2
1,<environment.Job instance at 0x7f836277b500>,2,22,[4 8],3,3,25,0,3
1,<environment.Job instance at 0x7f835f61ecd0>,12,26,[ 1 10],13,25,51,12,22
1,<environment.Job instance at 0x7f835f621870>,20,1,[7 5],21,33,34,12,33
1,<environment.Job instance at 0x7f835f621910>,21,1,[6 5],22,34,35,12,33
1,<environment.Job instance at 0x7f835f621c30>,22,1,[2 7],23,51,52,28,33
1,<environment.Job instance at 0x7f835f621e10>,23,27,[1 6],24,51,78,27,49
1,<environment.Job instance at 0x7f835f621c80>,28,23,[10  4],29,54,77,25,54
1,<environment.Job instance at 0x7f835f624410>,34,24,[1 8],35,77,101,42,72
1,<environment.Job instance at 0x7f835f6248c0>,37,2,[2 6],38,83,85,45,83
1,<environment.Job instance at 0x7f835f624fa0>,47,2,[6 5],48,114,116,66,114
1,<environment.Job instance at 0x7f835f6262d0>,51,3,[1 5],52,133,136,81,133
1,<environment.Job instance at 0x7f835f626320>,52,1,[8 5],53,133,134,80,133
1,<environment.Job instance at 0x7f83628f6cd0>,2,22,[6 4],3,3,25,0,3
1,<environment.Job instance at 0x7f83628f6d70>,5,20,[2 6],6,6,26,0,6
1,<environment.Job instance at 0x7f83628f6eb0>,7,27,[ 1 10],8,26,53,18,24
1,<environment.Job instance at 0x7f83627a6c80>,16,19,[4 8],17,53,72,36,43
1,<environment.Job instance at 0x7f83628f69b0>,0,3,[12  3],1,72,75,71,59
1,<environment.Job instance at 0x7f83627a6eb0>,23,20,[7 1],24,75,95,51,66
1,<environment.Job instance at 0x7f83628f7d70>,28,2,[7 4],29,84,86,55,84
1,<environment.Job instance at 0x7f83628f7320>,32,20,[1 5],33,88,108,55,88
1,<environment.Job instance at 0x7f83628eba50>,37,2,[ 5 11],38,108,110,70,101
1,<environment.Job instance at 0x7f83199084b0>,5,21,[4 5],6,6,27,0,6
1,<environment.Job instance at 0x7f83199086e0>,2,3,[ 4 12],3,27,30,24,6
1,<environment.Job instance at 0x7f83199082d0>,7,22,[4 5],8,30,52,22,23
1,<environment.Job instance at 0x7f8319908370>,9,2,[1 8],10,23,25,13,23
1,<environment.Job instance at 0x7f8319908410>,11,1,[3 9],12,25,26,13,23
1,<environment.Job instance at 0x7f831995b6e0>,16,1,[9 3],17,29,30,12,29
1,<environment.Job instance at 0x7f831995b370>,17,20,[9 2],18,30,50,12,29
1,<environment.Job instance at 0x7f8319908280>,8,23,[ 2 14],9,52,75,43,46
1,<environment.Job instance at 0x7f831995d410>,25,3,[ 4 13],26,75,78,49,74
1,<environment.Job instance at 0x7f83199cb730>,27,1,[ 1 14],28,78,79,50,77
1,<environment.Job instance at 0x7f83199cb460>,28,1,[4 6],29,79,80,50,77
1,<environment.Job instance at 0x7f83199cbd20>,33,3,[1 9],34,80,83,46,80
1,<environment.Job instance at 0x7f83199cb280>,35,1,[9 1],36,90,91,54,90
1,<environment.Job instance at 0x7f83199cb1e0>,36,1,[6 3],37,90,91,53,90
1,<environment.Job instance at 0x7f83199cbfa0>,37,3,[4 5],38,91,94,53,90
1,<environment.Job instance at 0x7f83199cb230>,39,2,[4 9],40,94,96,54,94
1,<environment.Job instance at 0x7f83199cb4b0>,40,3,[13  3],41,96,99,55,94
1,<environment.Job instance at 0x7f8319a17dc0>,44,3,[6 4],45,110,113,65,110
1,<environment.Job instance at 0x7f83199f1e10>,8,21,[9 4],9,9,30,0,9
1,<environment.Job instance at 0x7f83199e9230>,26,3,[2 8],27,52,55,25,52
1,<environment.Job instance at 0x7f83199e9be0>,27,1,[2 8],28,55,56,27,52
1,<environment.Job instance at 0x7f83199e9410>,28,2,[13  1],29,53,55,24,53
1,<environment.Job instance at 0x7f83199e92d0>,29,2,[10  4],30,55,57,25,53
1,<environment.Job instance at 0x7f83199e9aa0>,31,3,[13  5],32,57,60,25,56
1,<environment.Job instance at 0x7f83199e9460>,32,2,[ 1 12],33,60,62,27,57
1,<environment.Job instance at 0x7f83199e96e0>,35,2,[5 5],36,62,64,26,61
1,<environment.Job instance at 0x7f8319865d70>,37,3,[1 5],38,68,71,30,68
1,<environment.Job instance at 0x7f8319865640>,38,1,[10  5],39,68,69,29,68
1,<environment.Job instance at 0x7f83198651e0>,39,1,[ 2 10],40,69,70,29,68
1,<environment.Job instance at 0x7f8319865280>,42,1,[ 4 13],43,73,74,30,73
1,<environment.Job instance at 0x7f8319865af0>,45,1,[3 8],46,89,90,43,89
1,<environment.Job instance at 0x7f8319865b40>,51,1,[8 3],52,124,125,72,124
1,<environment.Job instance at 0x7f8319865960>,52,20,[1 7],53,124,144,71,124
1,<environment.Job instance at 0x7f8319dec1e0>,56,19,[2 7],57,125,144,68,125
1,<environment.Job instance at 0x7f835f7b4d20>,0,24,[ 1 10],1,1,25,0,1
1,<environment.Job instance at 0x7f835fa12690>,3,24,[7 4],4,4,28,0,4
1,<environment.Job instance at 0x7f8319d21fa0>,11,27,[4 7],12,25,52,13,23
1,<environment.Job instance at 0x7f8319d09050>,12,26,[8 4],13,28,54,15,25
1,<environment.Job instance at 0x7f8319d096e0>,20,25,[ 3 10],21,52,77,31,48
1,<environment.Job instance at 0x7f8319d09780>,21,1,[ 2 10],22,77,78,55,50
1,<environment.Job instance at 0x7f8319d09820>,22,1,[3 9],23,78,79,55,50
1,<environment.Job instance at 0x7f8319d21b40>,5,3,[12  3],6,60,63,54,60
1,<environment.Job instance at 0x7f8319d043c0>,32,1,[5 5],33,63,64,30,62
1,<environment.Job instance at 0x7f8319d040f0>,33,23,[10  1],34,64,87,30,62
1,<environment.Job instance at 0x7f8319d045a0>,36,28,[6 5],37,87,115,50,86
1,<environment.Job instance at 0x7f8319d04780>,39,2,[10  2],40,115,117,75,88
1,<environment.Job instance at 0x7f8319d04820>,40,2,[ 5 10],41,88,90,47,88
1,<environment.Job instance at 0x7f8319d04960>,42,2,[2 6],43,90,92,47,88
1,<environment.Job instance at 0x7f8319d04a00>,43,2,[7 3],44,90,92,46,89
1,<environment.Job instance at 0x7f8319d04be0>,46,1,[2 7],47,102,103,55,102
1,<environment.Job instance at 0x7f8319d04c80>,47,3,[6 3],48,102,105,54,102
1,<environment.Job instance at 0x7f8319d04fa0>,49,28,[5 3],50,109,137,59,109
1,<environment.Job instance at 0x7f8319d12500>,54,2,[7 4],55,118,120,63,118
1,<environment.Job instance at 0x7f8319d128c0>,56,1,[7 3],57,126,127,69,126
1,<environment.Job instance at 0x7f8319d12aa0>,58,1,[2 7],59,136,137,77,136
1,<environment.Job instance at 0x7f8319d12780>,2,25,[6 3],3,3,28,0,3
1,<environment.Job instance at 0x7f835f861b90>,12,1,[5 9],13,13,14,0,13
1,<environment.Job instance at 0x7f8319ccca00>,13,20,[2 6],14,14,34,0,14
1,<environment.Job instance at 0x7f8319cced20>,21,2,[1 7],22,29,31,7,29
1,<environment.Job instance at 0x7f8319cce4b0>,22,3,[ 3 11],23,34,37,11,31
1,<environment.Job instance at 0x7f8319edc8c0>,27,1,[9 3],28,44,45,16,44
1,<environment.Job instance at 0x7f835f7b1140>,30,24,[2 8],31,55,79,24,55
1,<environment.Job instance at 0x7f835f7b12d0>,31,24,[9 1],32,55,79,23,55
1,<environment.Job instance at 0x7f835f7b1690>,33,24,[10  5],34,79,103,45,74
1,<environment.Job instance at 0x7f835f7b1820>,34,23,[10  2],35,103,126,68,97
1,<environment.Job instance at 0x7f835f7a2550>,43,3,[3 5],44,114,117,70,114
1,<environment.Job instance at 0x7f835f7a2cd0>,46,1,[2 6],47,128,129,81,128
1,<environment.Job instance at 0x7f835f7a21e0>,48,2,[5 7],49,141,143,92,141
1,<environment.Job instance at 0x7f83199f1140>,51,2,[6 3],52,156,158,104,156
1,<environment.Job instance at 0x7f83199f1cd0>,53,1,[1 7],54,156,157,102,156
1,<environment.Job instance at 0x7f83199f1280>,55,3,[9 4],56,174,177,118,174
1,<environment.Job instance at 0x7f83199f1730>,58,2,[9 4],59,185,187,126,185
1,<environment.Job instance at 0x7f8362337b90>,0,27,[ 5 10],1,1,28,0,1
1,<environment.Job instance at 0x7f8319add2d0>,6,25,[ 5 10],7,28,53,21,24
1,<environment.Job instance at 0x7f836204f050>,32,1,[7 4],33,51,52,18,51
1,<environment.Job instance at 0x7f835f45b370>,35,2,[ 4 11],36,68,70,32,68
1,<environment.Job instance at 0x7f835f45beb0>,38,1,[2 6],39,78,79,39,78
1,<environment.Job instance at 0x7f835f597500>,40,2,[10  2],41,79,81,38,79
1,<environment.Job instance at 0x7f835f597eb0>,42,19,[8 2],43,81,100,38,79
1,<environment.Job instance at 0x7f835f5977d0>,43,2,[ 2 14],44,100,102,56,96
1,<environment.Job instance at 0x7f835f597730>,45,3,[2 5],46,96,99,50,96
1,<environment.Job instance at 0x7f835f597640>,46,2,[11  3],47,102,104,55,97
1,<environment.Job instance at 0x7f835f597960>,47,2,[12  2],48,104,106,56,97
1,<environment.Job instance at 0x7f835f6292d0>,52,2,[12  5],53,111,113,58,111
1,<environment.Job instance at 0x7f835f54ca50>,53,1,[1 7],54,111,112,57,111
1,<environment.Job instance at 0x7f835f54c550>,54,1,[14  4],55,113,114,58,112
1,<environment.Job instance at 0x7f835f54caa0>,57,2,[6 4],58,116,118,58,116
1,<environment.Job instance at 0x7f8319caf140>,6,1,[3 8],7,7,8,0,7
1,<environment.Job instance at 0x7f8319caf5a0>,9,1,[ 3 10],10,10,11,0,10
1,<environment.Job instance at 0x7f8319caf3c0>,8,1,[2 8],9,11,12,2,11
1,<environment.Job instance at 0x7f8319caf8c0>,12,1,[ 5 10],13,13,14,0,13
1,<environment.Job instance at 0x7f8319caf9b0>,13,1,[ 5 12],14,14,15,0,14
1,<environment.Job instance at 0x7f8319cafaa0>,14,21,[7 2],15,15,36,0,15
1,<environment.Job instance at 0x7f8319cafd20>,17,2,[10  4],18,36,38,18,18
1,<environment.Job instance at 0x7f8319cb25f0>,24,3,[14  4],25,38,41,13,38
1,<environment.Job instance at 0x7f8319cb27d0>,25,2,[5 5],26,41,43,15,38
1,<environment.Job instance at 0x7f8319cb2320>,26,2,[13  4],27,43,45,16,38
1,<environment.Job instance at 0x7f8319cb2730>,27,3,[3 5],28,45,48,17,38
1,<environment.Job instance at 0x7f8319cb20a0>,29,27,[1 5],30,50,77,20,50
1,<environment.Job instance at 0x7f8319cb2af0>,30,1,[5 1],31,50,51,19,50
1,<environment.Job instance at 0x7f8319cb2820>,31,3,[9 3],32,52,55,20,52
1,<environment.Job instance at 0x7f8319cb2cd0>,33,3,[8 4],34,55,58,21,53
1,<environment.Job instance at 0x7f8319cb6500>,41,3,[9 2],42,96,99,54,96
1,<environment.Job instance at 0x7f8319cb65f0>,43,2,[9 1],44,104,106,60,104
1,<environment.Job instance at 0x7f8319cb6690>,44,2,[1 8],45,104,106,59,104
1,<environment.Job instance at 0x7f8319cb6910>,46,25,[3 8],47,112,137,65,112
1,<environment.Job instance at 0x7f8319cb6870>,47,2,[2 8],48,137,139,89,114
1,<environment.Job instance at 0x7f8319cb6960>,48,3,[ 5 14],49,139,142,90,136
1,<environment.Job instance at 0x7f8319cb6af0>,49,27,[9 3],50,142,169,92,140
1,<environment.Job instance at 0x7f8319cb6dc0>,52,24,[ 3 10],53,142,166,89,140
1,<environment.Job instance at 0x7f835f639b40>,0,19,[6 3],1,4,23,3,4
1,<environment.Job instance at 0x7f835f959b40>,10,19,[1 5],11,12,31,1,12
1,<environment.Job instance at 0x7f835f959f00>,15,2,[14  5],16,27,29,11,27
1,<environment.Job instance at 0x7f8319ac7e10>,20,1,[6 3],21,30,31,9,30
1,<environment.Job instance at 0x7f835fa382d0>,17,18,[5 1],18,33,51,15,33
1,<environment.Job instance at 0x7f8319dd5690>,25,21,[2 5],26,42,63,16,42
1,<environment.Job instance at 0x7f8319f9baf0>,26,1,[7 2],27,42,43,15,42
1,<environment.Job instance at 0x7f8319db0d20>,27,2,[2 6],28,43,45,15,42
1,<environment.Job instance at 0x7f835fa36320>,29,19,[9 1],30,51,70,21,45
1,<environment.Job instance at 0x7f835faacfa0>,32,1,[2 9],33,58,59,25,58
1,<environment.Job instance at 0x7f835f53db40>,33,27,[1 8],34,59,86,25,58
1,<environment.Job instance at 0x7f835fa45eb0>,40,3,[1 7],41,78,81,37,78
1,<environment.Job instance at 0x7f835f959870>,12,18,[10  4],13,87,105,74,87
1,<environment.Job instance at 0x7f8319cdac80>,42,3,[ 1 10],43,87,90,44,87
1,<environment.Job instance at 0x7f8319cda3c0>,43,3,[7 3],44,105,108,61,87
1,<environment.Job instance at 0x7f835f5233c0>,47,22,[1 7],48,103,125,55,103
1,<environment.Job instance at 0x7f835f523820>,48,2,[5 7],49,108,110,59,103
1,<environment.Job instance at 0x7f8319d85fa0>,52,1,[9 3],53,119,120,66,119
1,<environment.Job instance at 0x7f8319d85500>,53,3,[ 3 14],54,125,128,71,119
1,<environment.Job instance at 0x7f83197db050>,55,25,[6 3],56,128,153,72,124
1,<environment.Job instance at 0x7f8361ced190>,9,27,[ 5 10],10,13,40,3,13
1,<environment.Job instance at 0x7f835f3fef50>,11,22,[ 1 10],12,40,62,28,33
1,<environment.Job instance at 0x7f835f90d6e0>,0,2,[ 5 11],1,62,64,61,36
1,<environment.Job instance at 0x7f8361c47370>,18,20,[6 2],19,36,56,17,36
1,<environment.Job instance at 0x7f8361d76050>,33,2,[10  5],34,102,104,68,102
1,<environment.Job instance at 0x7f8319f33b40>,36,3,[8 1],37,117,120,80,117
1,<environment.Job instance at 0x7f8319c2e8c0>,38,21,[5 8],39,119,140,80,119
1,<environment.Job instance at 0x7f8319c2e550>,41,28,[2 8],42,140,168,98,139
1,<environment.Job instance at 0x7f8319c2e690>,43,27,[9 3],44,144,171,100,144
1,<environment.Job instance at 0x7f8319dd15f0>,46,28,[1 7],47,168,196,121,167
1,<environment.Job instance at 0x7f8319dd10f0>,48,1,[5 7],49,171,172,122,170
1,<environment.Job instance at 0x7f8319dd1370>,49,2,[ 4 11],50,196,198,146,171
1,<environment.Job instance at 0x7f8319dd1dc0>,51,1,[10  2],52,172,173,120,171
1,<environment.Job instance at 0x7f8319dd1cd0>,53,2,[ 4 10],54,198,200,144,171
1,<environment.Job instance at 0x7f8319dd1730>,54,3,[11  1],55,173,176,118,171
1,<environment.Job instance at 0x7f8319dd1690>,55,1,[8 2],56,176,177,120,171
1,<environment.Job instance at 0x7f8361d44f50>,56,28,[9 2],57,177,205,120,176
1,<environment.Job instance at 0x7f8319be42d0>,3,1,[6 2],4,4,5,0,4
1,<environment.Job instance at 0x7f836211d410>,4,2,[4 6],5,6,8,1,6
1,<environment.Job instance at 0x7f8319c4ed20>,9,3,[5 1],10,15,18,5,15
1,<environment.Job instance at 0x7f8319c4ec30>,11,1,[10  4],12,15,16,3,15
1,<environment.Job instance at 0x7f836211dcd0>,7,3,[ 1 12],8,17,20,9,17
1,<environment.Job instance at 0x7f8319c24230>,16,23,[7 4],17,20,43,3,17
1,<environment.Job instance at 0x7f8319c24aa0>,23,20,[5 4],24,28,48,4,28
1,<environment.Job instance at 0x7f8319c5e6e0>,33,1,[7 2],34,47,48,13,47
1,<environment.Job instance at 0x7f8319c5e870>,35,20,[4 7],36,56,76,20,56
1,<environment.Job instance at 0x7f8319c5e910>,36,21,[6 5],37,56,77,19,56
1,<environment.Job instance at 0x7f8319c5efa0>,41,27,[5 1],42,76,103,34,76
1,<environment.Job instance at 0x7f8319c5ec30>,42,21,[1 6],43,76,97,33,76
1,<environment.Job instance at 0x7f8319c3c320>,46,25,[8 3],47,87,112,40,87
1,<environment.Job instance at 0x7f8319c3c690>,51,19,[10  1],52,119,138,67,119
1,<environment.Job instance at 0x7f8319c3c730>,52,2,[5 8],53,119,121,66,119
1,<environment.Job instance at 0x7f8319c3c9b0>,56,25,[ 5 10],57,127,152,70,127
1,<environment.Job instance at 0x7f8362155c80>,1,1,[4 6],2,4,5,2,4
1,<environment.Job instance at 0x7f8319c3cdc0>,4,2,[ 2 10],5,6,8,1,6
1,<environment.Job instance at 0x7f8362155be0>,6,1,[2 6],7,8,9,1,7
1,<environment.Job instance at 0x7f8362155c30>,0,1,[4 6],1,9,10,8,9
1,<environment.Job instance at 0x7f83621550f0>,11,2,[9 5],12,12,14,0,12
1,<environment.Job instance at 0x7f8319c519b0>,12,3,[9 5],13,14,17,1,13
1,<environment.Job instance at 0x7f8319c516e0>,16,2,[13  5],17,28,30,11,28
1,<environment.Job instance at 0x7f8319c51b90>,17,1,[9 5],18,30,31,12,28
1,<environment.Job instance at 0x7f8319c51870>,20,26,[6 3],21,38,64,17,38
1,<environment.Job instance at 0x7f83196f4550>,24,1,[9 4],25,43,44,18,43
1,<environment.Job instance at 0x7f83196f4190>,25,23,[7 1],26,44,67,18,43
1,<environment.Job instance at 0x7f835f753b90>,28,2,[8 5],29,64,66,35,46
1,<environment.Job instance at 0x7f835f94a5a0>,30,3,[2 7],31,46,49,15,46
1,<environment.Job instance at 0x7f835f52ca50>,35,18,[10  3],36,78,96,42,78
1,<environment.Job instance at 0x7f835f52c320>,38,1,[ 3 14],39,96,97,57,95
1,<environment.Job instance at 0x7f835f52c640>,39,2,[5 6],40,97,99,57,95
1,<environment.Job instance at 0x7f835f52c410>,40,1,[5 9],41,95,96,54,95
1,<environment.Job instance at 0x7f835f52c190>,42,3,[5 2],43,97,100,54,95
1,<environment.Job instance at 0x7f835fac9c30>,43,3,[9 2],44,99,102,55,95
1,<environment.Job instance at 0x7f835fac93c0>,48,1,[8 4],49,126,127,77,126
1,<environment.Job instance at 0x7f835fac94b0>,49,3,[7 4],50,126,129,76,126
1,<environment.Job instance at 0x7f835fac97d0>,50,2,[4 9],51,127,129,76,126
1,<environment.Job instance at 0x7f835fac9230>,54,1,[1 9],55,169,170,114,169
1,<environment.Job instance at 0x7f835f4d6320>,0,28,[5 6],1,1,29,0,1
1,<environment.Job instance at 0x7f835f558aa0>,5,23,[5 3],6,6,29,0,6
1,<environment.Job instance at 0x7f835f558a00>,3,28,[ 1 11],4,29,57,25,28
1,<environment.Job instance at 0x7f8362025c80>,24,1,[1 6],25,66,67,41,66
1,<environment.Job instance at 0x7f83620253c0>,28,3,[7 1],29,83,86,54,83
1,<environment.Job instance at 0x7f8362025960>,29,1,[7 3],30,83,84,53,83
1,<environment.Job instance at 0x7f8362025dc0>,31,1,[9 5],32,91,92,59,91
1,<environment.Job instance at 0x7f8362025a00>,32,2,[ 2 10],33,91,93,58,91
1,<environment.Job instance at 0x7f83198b7190>,34,2,[4 6],35,98,100,63,98
1,<environment.Job instance at 0x7f83198b75f0>,35,2,[10  5],36,98,100,62,98
1,<environment.Job instance at 0x7f83198b7820>,36,1,[5 7],37,100,101,63,98
1,<environment.Job instance at 0x7f83198b7500>,37,2,[ 4 14],38,101,103,63,101
1,<environment.Job instance at 0x7f83198b7be0>,40,1,[5 4],41,109,110,68,109
1,<environment.Job instance at 0x7f83198b7050>,42,1,[2 7],43,118,119,75,118
1,<environment.Job instance at 0x7f83198b7d20>,44,2,[ 1 12],45,125,127,80,125
1,<environment.Job instance at 0x7f83199a8dc0>,50,25,[2 8],51,146,171,95,146
1,<environment.Job instance at 0x7f83199a8320>,54,3,[ 3 14],55,194,197,139,194
1,<environment.Job instance at 0x7f83199a8b40>,55,1,[10  1],56,194,195,138,194
1,<environment.Job instance at 0x7f83199754b0>,8,1,[ 3 12],9,9,10,0,9
1,<environment.Job instance at 0x7f8319975b40>,10,2,[5 6],11,11,13,0,11
1,<environment.Job instance at 0x7f835f7c2eb0>,12,18,[5 1],13,13,31,0,13
1,<environment.Job instance at 0x7f835f6cbfa0>,14,20,[9 5],15,15,35,0,15
1,<environment.Job instance at 0x7f8319983960>,18,2,[8 5],19,35,37,16,31
1,<environment.Job instance at 0x7f8319983d70>,20,2,[2 7],21,42,44,21,42
1,<environment.Job instance at 0x7f8319983c80>,21,1,[10  4],22,42,43,20,42
1,<environment.Job instance at 0x7f835f943320>,26,1,[5 7],27,66,67,39,66
1,<environment.Job instance at 0x7f835f919230>,28,2,[7 3],29,66,68,37,66
1,<environment.Job instance at 0x7f8361bbfaf0>,29,1,[5 6],30,67,68,37,66
1,<environment.Job instance at 0x7f8361bade10>,36,2,[7 3],37,110,112,73,110
1,<environment.Job instance at 0x7f8319ce9280>,37,25,[9 4],38,112,137,74,110
1,<environment.Job instance at 0x7f835f938730>,38,2,[2 7],39,112,114,73,112
1,<environment.Job instance at 0x7f8319ceb140>,39,2,[4 6],40,114,116,74,112
1,<environment.Job instance at 0x7f8319d10190>,41,3,[ 4 12],42,137,140,95,117
1,<environment.Job instance at 0x7f8319d80be0>,44,1,[8 1],45,137,138,92,125
1,<environment.Job instance at 0x7f83621d8c80>,49,2,[9 5],50,143,145,93,143
1,<environment.Job instance at 0x7f8362196460>,50,1,[8 5],51,145,146,94,143
1,<environment.Job instance at 0x7f8319a17820>,52,2,[5 7],53,157,159,104,157
1,<environment.Job instance at 0x7f8319a172d0>,54,25,[7 4],55,159,184,104,159
1,<environment.Job instance at 0x7f8319a17870>,56,22,[ 4 10],57,159,181,102,159
1,<environment.Job instance at 0x7f8319a17e60>,5,23,[8 2],6,6,29,0,6
1,<environment.Job instance at 0x7f8319785af0>,15,3,[11  2],16,29,32,13,16
1,<environment.Job instance at 0x7f8319f04320>,22,23,[7 1],23,45,68,22,45
1,<environment.Job instance at 0x7f835f8bcc30>,23,2,[2 8],24,45,47,21,45
1,<environment.Job instance at 0x7f8361f686e0>,20,18,[5 8],21,60,78,39,60
1,<environment.Job instance at 0x7f8319b61410>,25,3,[13  2],26,78,81,52,67
1,<environment.Job instance at 0x7f835f842820>,28,1,[13  4],29,81,82,52,67
1,<environment.Job instance at 0x7f8319ce1730>,34,2,[5 2],35,91,93,56,91
1,<environment.Job instance at 0x7f8319ce1050>,35,3,[5 1],36,91,94,55,91
1,<environment.Job instance at 0x7f8319ce1550>,37,2,[2 9],38,93,95,55,93
1,<environment.Job instance at 0x7f8319ce1e60>,38,2,[8 3],39,93,95,54,93
1,<environment.Job instance at 0x7f8319ce1a50>,41,23,[ 3 13],42,108,131,66,108
1,<environment.Job instance at 0x7f8319ce19b0>,44,18,[1 8],45,131,149,86,126
1,<environment.Job instance at 0x7f8319db5fa0>,46,2,[7 2],47,134,136,87,134
1,<environment.Job instance at 0x7f8361b64050>,49,1,[9 4],50,140,141,90,140
1,<environment.Job instance at 0x7f8361b641e0>,50,20,[9 5],51,141,161,90,140
1,<environment.Job instance at 0x7f8361fa5c30>,55,2,[10  5],56,161,163,105,157
1,<environment.Job instance at 0x7f8361fa5140>,58,3,[2 7],59,158,161,99,158
1,<environment.Job instance at 0x7f8361f135f0>,4,22,[9 5],5,5,27,0,5
1,<environment.Job instance at 0x7f8361f13b90>,5,3,[ 1 14],6,27,30,21,9
1,<environment.Job instance at 0x7f8361f13e60>,9,3,[10  2],10,30,33,20,12
1,<environment.Job instance at 0x7f835f69daa0>,17,2,[3 7],18,40,42,22,40
1,<environment.Job instance at 0x7f835f69dd20>,19,21,[1 7],20,50,71,30,50
1,<environment.Job instance at 0x7f835f69d280>,23,2,[8 4],24,68,70,44,68
1,<environment.Job instance at 0x7f835f69dfa0>,24,1,[10  4],25,70,71,45,68
1,<environment.Job instance at 0x7f8319c16af0>,30,2,[8 1],31,95,97,64,95
1,<environment.Job instance at 0x7f8319c16aa0>,31,1,[9 4],32,97,98,65,95
1,<environment.Job instance at 0x7f8319c16a00>,33,2,[1 7],34,99,101,65,99
1,<environment.Job instance at 0x7f8319c167d0>,34,2,[1 6],35,99,101,64,99
1,<environment.Job instance at 0x7f8319c16cd0>,36,3,[9 2],37,119,122,82,119
1,<environment.Job instance at 0x7f8319c16fa0>,38,1,[8 2],39,130,131,91,130
1,<environment.Job instance at 0x7f835f511fa0>,39,3,[2 6],40,130,133,90,130
1,<environment.Job instance at 0x7f835f511af0>,41,1,[9 4],42,131,132,89,130
1,<environment.Job instance at 0x7f835f5115a0>,42,2,[2 7],43,132,134,89,130
1,<environment.Job instance at 0x7f835f511320>,45,2,[3 7],46,167,169,121,167
1,<environment.Job instance at 0x7f835f511be0>,46,1,[11  2],47,167,168,120,167
1,<environment.Job instance at 0x7f83198862d0>,50,1,[4 5],51,244,245,193,244
1,<environment.Job instance at 0x7f8361db6aa0>,52,1,[6 3],53,247,248,194,247
1,<environment.Job instance at 0x7f8361db6b40>,54,1,[5 4],55,247,248,192,247
1,<environment.Job instance at 0x7f8361db6c80>,56,3,[6 2],57,334,337,277,334
1,<environment.Job instance at 0x7f8361db6c30>,57,1,[6 3],58,334,335,276,334
1,<environment.Job instance at 0x7f8361db6190>,58,19,[7 1],59,335,354,276,334
1,<environment.Job instance at 0x7f8319de4780>,10,27,[7 4],11,11,38,0,11
1,<environment.Job instance at 0x7f8319df8aa0>,15,2,[ 1 12],16,38,40,22,18
1,<environment.Job instance at 0x7f8319de5140>,20,25,[ 1 14],21,44,69,23,44
1,<environment.Job instance at 0x7f8319de5fa0>,24,19,[9 1],25,64,83,39,64
1,<environment.Job instance at 0x7f8319de58c0>,23,1,[ 4 13],24,69,70,45,69
1,<environment.Job instance at 0x7f8319e1e410>,30,1,[2 6],31,71,72,40,71
1,<environment.Job instance at 0x7f8319925410>,25,3,[ 4 11],26,84,87,58,84
1,<environment.Job instance at 0x7f8319946280>,35,1,[5 2],36,95,96,59,95
1,<environment.Job instance at 0x7f8361be5960>,36,3,[8 3],37,95,98,58,95
1,<environment.Job instance at 0x7f8319c170f0>,38,3,[11  1],39,98,101,59,95
1,<environment.Job instance at 0x7f83199302d0>,39,2,[3 7],40,96,98,56,95
1,<environment.Job instance at 0x7f83199300f0>,40,2,[9 1],41,101,103,60,95
1,<environment.Job instance at 0x7f8319947190>,41,2,[6 2],42,101,103,59,95
1,<environment.Job instance at 0x7f8361c17050>,43,2,[2 7],44,103,105,59,103
1,<environment.Job instance at 0x7f8361db6460>,44,1,[9 2],45,103,104,58,103
1,<environment.Job instance at 0x7f8361bdb1e0>,45,3,[9 1],46,104,107,58,103
1,<environment.Job instance at 0x7f83621252d0>,47,22,[6 1],48,108,130,60,108
1,<environment.Job instance at 0x7f8361bea320>,52,2,[8 2],53,137,139,84,137
1,<environment.Job instance at 0x7f8362116a00>,53,2,[8 1],54,139,141,85,137
1,<environment.Job instance at 0x7f83621162d0>,54,1,[ 3 10],55,137,138,82,137
1,<environment.Job instance at 0x7f8361beae10>,2,19,[8 3],3,3,22,0,3
1,<environment.Job instance at 0x7f8361ebbaa0>,6,23,[5 5],7,7,30,0,7
1,<environment.Job instance at 0x7f8361bea280>,9,25,[7 3],10,22,47,12,18
1,<environment.Job instance at 0x7f835f6c5f00>,10,1,[12  5],11,47,48,36,25
1,<environment.Job instance at 0x7f8361f868c0>,15,3,[ 3 10],16,30,33,14,28
1,<environment.Job instance at 0x7f8319da1870>,20,2,[8 5],21,34,36,13,34
1,<environment.Job instance at 0x7f83621fafa0>,21,3,[ 3 11],22,36,39,14,35
1,<environment.Job instance at 0x7f8361e406e0>,26,1,[ 3 10],27,43,44,16,43
1,<environment.Job instance at 0x7f8361f9abe0>,29,2,[3 7],30,58,60,28,58
1,<environment.Job instance at 0x7f83197020a0>,31,1,[4 7],32,72,73,40,72
1,<environment.Job instance at 0x7f8319add5f0>,32,19,[6 2],33,72,91,39,72
1,<environment.Job instance at 0x7f8319adde10>,33,3,[1 8],34,73,76,39,72
1,<environment.Job instance at 0x7f8361f945a0>,34,1,[1 7],35,76,77,41,72
1,<environment.Job instance at 0x7f8361f94f50>,35,3,[14  4],36,91,94,55,72
1,<environment.Job instance at 0x7f8362296190>,41,2,[11  4],42,103,105,61,103
1,<environment.Job instance at 0x7f8362296370>,42,2,[6 3],43,105,107,62,103
1,<environment.Job instance at 0x7f8362296410>,45,3,[3 9],46,119,122,73,119
1,<environment.Job instance at 0x7f835f821320>,47,18,[5 5],48,123,141,75,123
1,<environment.Job instance at 0x7f835f821960>,48,22,[ 1 13],49,141,163,92,134
1,<environment.Job instance at 0x7f835fae7320>,58,2,[11  2],59,165,167,106,165
1,<environment.Job instance at 0x7f835f80b690>,3,1,[5 5],4,4,5,0,4
1,<environment.Job instance at 0x7f835f80ba50>,4,22,[5 8],5,5,27,0,5
1,<environment.Job instance at 0x7f835f6a6190>,20,2,[ 4 14],21,27,29,6,23
1,<environment.Job instance at 0x7f835f6a63c0>,22,2,[1 5],23,29,31,6,28
1,<environment.Job instance at 0x7f835f6a6f50>,25,3,[10  2],26,37,40,11,37
1,<environment.Job instance at 0x7f8362048410>,27,2,[9 1],28,45,47,17,45
1,<environment.Job instance at 0x7f83620482d0>,28,2,[ 2 10],29,45,47,16,45
1,<environment.Job instance at 0x7f8319985500>,32,1,[3 9],33,70,71,37,70
1,<environment.Job instance at 0x7f8319985960>,35,1,[5 6],36,76,77,40,76
1,<environment.Job instance at 0x7f8319985640>,37,3,[9 4],38,81,84,43,81
1,<environment.Job instance at 0x7f8319985aa0>,38,3,[6 3],39,81,84,42,81
1,<environment.Job instance at 0x7f8319985550>,39,2,[10  3],40,84,86,44,81
1,<environment.Job instance at 0x7f83199857d0>,40,1,[4 8],41,84,85,43,81
1,<environment.Job instance at 0x7f8319985c30>,42,3,[5 8],43,89,92,46,89
1,<environment.Job instance at 0x7f8362048780>,29,18,[2 9],30,99,117,69,99
1,<environment.Job instance at 0x7f8319985870>,45,20,[10  3],46,99,119,53,99
1,<environment.Job instance at 0x7f831970d230>,53,3,[9 5],54,119,122,65,119
1,<environment.Job instance at 0x7f831970dfa0>,56,2,[ 5 12],57,130,132,73,130
1,<environment.Job instance at 0x7f831970d2d0>,57,23,[6 1],58,130,153,72,130
1,<environment.Job instance at 0x7f83197100f0>,10,25,[9 4],11,11,36,0,11
1,<environment.Job instance at 0x7f8361e14dc0>,14,28,[ 5 10],15,15,43,0,15
1,<environment.Job instance at 0x7f8319e97190>,17,27,[2 9],18,43,70,25,41
1,<environment.Job instance at 0x7f8361c81140>,18,26,[4 9],19,70,96,51,67
1,<environment.Job instance at 0x7f8361f22190>,19,1,[10  5],20,67,68,47,67
1,<environment.Job instance at 0x7f8361dc0550>,32,22,[5 4],33,79,101,46,79
1,<environment.Job instance at 0x7f8362388cd0>,28,19,[2 7],29,96,115,67,93
1,<environment.Job instance at 0x7f8361da3cd0>,44,2,[9 5],45,122,124,77,122
1,<environment.Job instance at 0x7f835fa604b0>,6,18,[ 2 10],7,124,142,117,124
1,<environment.Job instance at 0x7f8361da3aa0>,47,26,[10  5],48,124,150,76,124
1,<environment.Job instance at 0x7f8361dc2be0>,50,18,[4 5],51,152,170,101,152
1,<environment.Job instance at 0x7f8361dc2b90>,52,3,[1 7],53,152,155,99,152
1,<environment.Job instance at 0x7f8361dc2aa0>,54,19,[2 5],55,155,174,100,152
1,<environment.Job instance at 0x7f835f5986e0>,57,1,[3 8],58,170,171,112,163
1,<environment.Job instance at 0x7f4884cd1370>,1,22,[11  3],2,2,24,0,2
1,<environment.Job instance at 0x7f4884d59820>,2,22,[4 8],3,3,25,0,3
1,<environment.Job instance at 0x7f487d8c1960>,12,26,[ 1 10],13,25,51,12,22
1,<environment.Job instance at 0x7f487d8c1f50>,18,3,[4 7],19,51,54,32,25
1,<environment.Job instance at 0x7f487d8c1be0>,20,1,[7 5],21,25,26,4,25
1,<environment.Job instance at 0x7f487d8c1c30>,21,1,[6 5],22,26,27,4,25
1,<environment.Job instance at 0x7f487d8c4370>,22,1,[2 7],23,51,52,28,25
1,<environment.Job instance at 0x7f487d8c4500>,23,27,[1 6],24,52,79,28,50
1,<environment.Job instance at 0x7f487d8c4b40>,28,23,[10  4],29,54,77,25,53
1,<environment.Job instance at 0x7f487d8c4fa0>,34,24,[1 8],35,77,101,42,72
1,<environment.Job instance at 0x7f487d8c5140>,37,2,[2 6],38,82,84,44,82
1,<environment.Job instance at 0x7f487d8c5460>,42,2,[4 6],43,86,88,43,86
1,<environment.Job instance at 0x7f487d8c55a0>,44,3,[5 5],45,101,104,56,101
1,<environment.Job instance at 0x7f487d8c5780>,47,2,[6 5],48,121,123,73,121
1,<environment.Job instance at 0x7f487d8c5d70>,51,3,[1 5],52,151,154,99,151
1,<environment.Job instance at 0x7f487d8c5af0>,52,1,[8 5],53,151,152,98,151
1,<environment.Job instance at 0x7f4884cf8690>,6,19,[4 8],7,7,26,0,7
1,<environment.Job instance at 0x7f4884e37b90>,13,20,[7 1],14,14,34,0,14
1,<environment.Job instance at 0x7f4884e37a00>,16,18,[9 2],17,34,52,17,25
1,<environment.Job instance at 0x7f4884e41820>,17,3,[10  5],18,52,55,34,26
1,<environment.Job instance at 0x7f4884e41550>,18,2,[7 4],19,26,28,7,26
1,<environment.Job instance at 0x7f4884e41140>,20,2,[9 3],21,55,57,34,35
1,<environment.Job instance at 0x7f4884e419b0>,21,3,[1 8],22,35,38,13,35
1,<environment.Job instance at 0x7f4884e41280>,22,20,[1 5],23,35,55,12,35
1,<environment.Job instance at 0x7f4884e4a8c0>,26,2,[1 8],27,38,40,11,38
1,<environment.Job instance at 0x7f4884e4ae10>,27,2,[ 5 11],28,55,57,27,41
1,<environment.Job instance at 0x7f4884cf9b90>,38,3,[10  4],39,112,115,73,112
1,<environment.Job instance at 0x7f4884cf9c30>,39,1,[10  4],40,115,116,75,112
1,<environment.Job instance at 0x7f4884cf9eb0>,41,26,[ 5 10],42,112,138,70,112
1,<environment.Job instance at 0x7f4884cf9230>,42,2,[6 2],43,116,118,73,113
1,<environment.Job instance at 0x7f4884e44280>,46,3,[ 1 12],47,138,141,91,130
1,<environment.Job instance at 0x7f4884e44eb0>,49,20,[2 6],50,141,161,91,132
1,<environment.Job instance at 0x7f4884e44b90>,52,3,[ 4 12],53,161,164,108,142
1,<environment.Job instance at 0x7f4839be4780>,7,1,[ 1 14],8,10,11,2,10
1,<environment.Job instance at 0x7f4839be4a50>,5,3,[ 4 13],6,12,15,6,12
1,<environment.Job instance at 0x7f4839bd2140>,15,1,[9 1],16,18,19,2,18
1,<environment.Job instance at 0x7f4839bd2e10>,16,1,[6 3],17,18,19,1,18
1,<environment.Job instance at 0x7f4839bd28c0>,19,2,[4 9],20,21,23,1,21
1,<environment.Job instance at 0x7f4839bd2640>,20,3,[13  3],21,24,27,3,24
1,<environment.Job instance at 0x7f4839b6f8c0>,28,19,[6 4],29,39,58,10,39
1,<environment.Job instance at 0x7f4839b6fa50>,31,2,[5 5],32,52,54,20,52
1,<environment.Job instance at 0x7f4839b6f2d0>,34,19,[6 1],35,55,74,20,55
1,<environment.Job instance at 0x7f4839b6f1e0>,36,2,[11  5],37,74,76,37,71
1,<environment.Job instance at 0x7f4839c33230>,37,21,[ 3 10],38,71,92,33,71
1,<environment.Job instance at 0x7f4839c33e10>,38,3,[14  4],39,95,98,56,95
1,<environment.Job instance at 0x7f4839b0ac80>,46,1,[5 9],47,98,99,51,95
1,<environment.Job instance at 0x7f4839b0a050>,48,21,[9 4],49,98,119,49,95
1,<environment.Job instance at 0x7f4839b0a0a0>,53,2,[8 3],54,123,125,69,123
1,<environment.Job instance at 0x7f4839bc5f00>,55,1,[6 2],56,123,124,67,123
1,<environment.Job instance at 0x7f4839bc5d70>,57,1,[9 1],58,137,138,79,137
1,<environment.Job instance at 0x7f4839bc5eb0>,59,2,[9 4],60,141,143,81,141
1,<environment.Job instance at 0x7f4839bc5a00>,66,3,[2 8],67,181,184,114,181
1,<environment.Job instance at 0x7f4839bc5c30>,67,1,[2 8],68,184,185,116,181
1,<environment.Job instance at 0x7f4839bc58c0>,68,2,[13  1],69,182,184,113,182
1,<environment.Job instance at 0x7f4839c97730>,0,3,[5 6],1,5,8,4,5
1,<environment.Job instance at 0x7f483a086e10>,8,1,[10  5],9,9,10,0,9
1,<environment.Job instance at 0x7f4839c97500>,2,2,[ 1 12],3,13,15,10,13
1,<environment.Job instance at 0x7f483a086a50>,9,1,[ 2 10],10,15,16,5,14
1,<environment.Job instance at 0x7f4839c97aa0>,7,3,[1 5],8,15,18,7,14
1,<environment.Job instance at 0x7f483a0869b0>,12,1,[ 4 13],13,18,19,5,14
1,<environment.Job instance at 0x7f4884e36c80>,1,3,[13  5],2,19,22,17,17
1,<environment.Job instance at 0x7f483a0900f0>,21,1,[8 3],22,36,37,14,36
1,<environment.Job instance at 0x7f4884cfac80>,22,20,[1 7],23,36,56,13,36
1,<environment.Job instance at 0x7f4884cfaa50>,27,3,[1 6],28,54,57,26,54
1,<environment.Job instance at 0x7f4884cfab90>,29,2,[5 8],30,58,60,28,58
1,<environment.Job instance at 0x7f4884cfaf50>,30,24,[ 1 10],31,60,84,29,58
1,<environment.Job instance at 0x7f4884cfa0a0>,31,2,[9 5],32,58,60,26,58
1,<environment.Job instance at 0x7f4884cfa3c0>,33,24,[7 4],34,60,84,26,60
1,<environment.Job instance at 0x7f4884cfa190>,37,2,[4 5],38,84,86,46,82
1,<environment.Job instance at 0x7f4884cfa1e0>,26,19,[2 7],27,84,103,57,83
1,<environment.Job instance at 0x7f483a0ad3c0>,41,27,[4 7],42,86,113,44,84
1,<environment.Job instance at 0x7f483a0ad5a0>,42,26,[8 4],43,103,129,60,100
1,<environment.Job instance at 0x7f483a0ad410>,46,3,[9 1],47,129,132,82,115
1,<environment.Job instance at 0x7f4839cf0730>,49,1,[5 4],50,118,119,68,118
1,<environment.Job instance at 0x7f4839cf00f0>,50,25,[ 3 10],51,119,144,68,118
1,<environment.Job instance at 0x7f4884cfa640>,35,3,[12  3],36,138,141,102,138
1,<environment.Job instance at 0x7f483a1db370>,62,1,[5 5],63,147,148,84,147
1,<environment.Job instance at 0x7f483a1db780>,63,23,[10  1],64,147,170,83,147
1,<environment.Job instance at 0x7f4839c6ffa0>,66,28,[6 5],67,170,198,103,169
1,<environment.Job instance at 0x7f487db3b140>,0,2,[ 5 10],1,2,4,1,2
1,<environment.Job instance at 0x7f4881f18b90>,3,2,[7 3],4,4,6,0,4
1,<environment.Job instance at 0x7f4839fb4140>,6,1,[2 7],7,7,8,0,7
1,<environment.Job instance at 0x7f4839fb4550>,9,28,[5 3],10,10,38,0,10
1,<environment.Job instance at 0x7f4839fb1280>,22,25,[6 3],23,38,63,15,38
1,<environment.Job instance at 0x7f4839fb1370>,23,2,[5 1],24,38,40,14,38
1,<environment.Job instance at 0x7f4839fb1550>,26,2,[5 5],27,52,54,25,52
1,<environment.Job instance at 0x7f4839fb18c0>,30,1,[ 1 10],31,81,82,50,81
1,<environment.Job instance at 0x7f4839fb1820>,32,1,[5 9],33,82,83,49,82
1,<environment.Job instance at 0x7f4839fb1910>,33,20,[2 6],34,82,102,48,82
1,<environment.Job instance at 0x7f4839fb1a50>,35,3,[5 2],36,96,99,60,96
1,<environment.Job instance at 0x7f4839fb1cd0>,37,1,[8 5],38,96,97,58,96
1,<environment.Job instance at 0x7f4839fb1dc0>,38,2,[2 6],39,97,99,58,96
1,<environment.Job instance at 0x7f4839fc3190>,41,2,[1 7],42,99,101,57,98
1,<environment.Job instance at 0x7f4839fc32d0>,42,3,[ 3 11],43,102,105,59,98
1,<environment.Job instance at 0x7f4839fc3370>,43,3,[2 5],44,105,108,61,98
1,<environment.Job instance at 0x7f4839fc35f0>,47,1,[9 3],48,123,124,75,123
1,<environment.Job instance at 0x7f4839fc3960>,50,24,[2 8],51,139,163,88,139
1,<environment.Job instance at 0x7f4839fc3730>,51,24,[9 1],52,139,163,87,139
1,<environment.Job instance at 0x7f4839fc39b0>,53,24,[10  5],54,163,187,109,158
1,<environment.Job instance at 0x7f4839fc36e0>,54,23,[10  2],55,187,210,132,181
1,<environment.Job instance at 0x7f4839fc3d70>,57,1,[4 5],58,195,196,137,195
1,<environment.Job instance at 0x7f4839fb74b0>,66,1,[2 6],67,220,221,153,220
1,<environment.Job instance at 0x7f487d6680f0>,10,27,[ 5 10],11,11,38,0,11
1,<environment.Job instance at 0x7f487dc82e60>,16,25,[ 5 10],17,38,63,21,34
1,<environment.Job instance at 0x7f487dc82c80>,21,1,[ 4 10],22,63,64,41,36
1,<environment.Job instance at 0x7f487dc82d70>,23,2,[5 7],24,64,66,40,38
1,<environment.Job instance at 0x7f487dc82320>,24,1,[3 8],25,64,65,39,38
1,<environment.Job instance at 0x7f487dd66410>,26,3,[2 8],27,65,68,38,40
1,<environment.Job instance at 0x7f487dd669b0>,27,1,[5 5],28,40,41,12,40
1,<environment.Job instance at 0x7f487dd66870>,36,3,[6 3],37,59,62,22,59
1,<environment.Job instance at 0x7f4882575be0>,39,3,[5 5],40,73,76,33,73
1,<environment.Job instance at 0x7f4881e09190>,41,3,[9 4],42,84,87,42,84
1,<environment.Job instance at 0x7f4881e09780>,42,1,[7 4],43,87,88,44,84
1,<environment.Job instance at 0x7f4881e09690>,43,2,[9 2],44,88,90,44,84
1,<environment.Job instance at 0x7f4839b54e10>,45,2,[ 4 11],46,89,91,43,89
1,<environment.Job instance at 0x7f4839b54d70>,50,2,[10  2],51,109,111,58,109
1,<environment.Job instance at 0x7f4839b542d0>,52,19,[8 2],53,111,130,58,109
1,<environment.Job instance at 0x7f4839b549b0>,53,2,[ 2 14],54,130,132,76,111
1,<environment.Job instance at 0x7f4881ecf640>,55,3,[2 5],56,111,114,55,111
1,<environment.Job instance at 0x7f4881ecfe60>,56,2,[11  3],57,132,134,75,111
1,<environment.Job instance at 0x7f4881ecfb90>,57,2,[12  2],58,134,136,76,111
1,<environment.Job instance at 0x7f4881ecf780>,61,3,[7 3],62,140,143,78,140
1,<environment.Job instance at 0x7f487db89d70>,62,2,[12  5],63,143,145,80,140
1,<environment.Job instance at 0x7f487db89a50>,64,1,[14  4],65,145,146,80,140
1,<environment.Job instance at 0x7f487db89910>,66,3,[8 1],67,140,143,73,140
1,<environment.Job instance at 0x7f4839e66d70>,4,2,[2 5],5,5,7,0,5
1,<environment.Job instance at 0x7f4881e30370>,12,1,[ 5 10],13,13,14,0,13
1,<environment.Job instance at 0x7f483a16c050>,13,1,[ 5 12],14,14,15,0,14
1,<environment.Job instance at 0x7f487ddcecd0>,14,21,[7 2],15,15,36,0,15
1,<environment.Job instance at 0x7f4881fa2f50>,17,2,[10  4],18,36,38,18,18
1,<environment.Job instance at 0x7f4881e79eb0>,16,3,[ 3 10],17,20,23,3,20
1,<environment.Job instance at 0x7f483a03d870>,24,3,[14  4],25,38,41,13,35
1,<environment.Job instance at 0x7f4881e05190>,25,2,[5 5],26,35,37,9,35
1,<environment.Job instance at 0x7f4881e05f00>,26,2,[13  4],27,41,43,14,35
1,<environment.Job instance at 0x7f4839d25af0>,27,3,[3 5],28,43,46,15,35
1,<environment.Job instance at 0x7f4839d25870>,29,27,[1 5],30,48,75,18,48
1,<environment.Job instance at 0x7f487dc12d70>,30,1,[5 1],31,48,49,17,48
1,<environment.Job instance at 0x7f48820428c0>,31,3,[9 3],32,48,51,16,48
1,<environment.Job instance at 0x7f483a174280>,32,3,[ 4 10],33,51,54,18,48
1,<environment.Job instance at 0x7f4882081b90>,33,3,[8 4],34,54,57,20,48
1,<environment.Job instance at 0x7f4882081050>,34,3,[6 1],35,54,57,19,48
1,<environment.Job instance at 0x7f487d84af00>,37,19,[14  4],38,66,85,28,66
1,<environment.Job instance at 0x7f487d6a04b0>,44,2,[1 8],45,100,102,55,100
1,<environment.Job instance at 0x7f487d6a07d0>,46,25,[3 8],47,102,127,55,100
1,<environment.Job instance at 0x7f487d6a0c30>,47,2,[2 8],48,127,129,79,100
1,<environment.Job instance at 0x7f487d6a0eb0>,49,27,[9 3],50,270,297,220,270
1,<environment.Job instance at 0x7f4839d4c9b0>,52,24,[ 3 10],53,294,318,241,294
1,<environment.Job instance at 0x7f488236cb40>,48,3,[ 5 14],49,754,757,705,754
1,<environment.Job instance at 0x7f4839fb3370>,58,27,[1 7],59,757,784,698,755
1,<environment.Job instance at 0x7f4839fb3b40>,60,19,[6 3],61,760,779,699,760
1,<environment.Job instance at 0x7f4884c0ddc0>,0,19,[1 5],1,2,21,1,2
1,<environment.Job instance at 0x7f483a12bb90>,8,3,[5 8],9,17,20,8,17
1,<environment.Job instance at 0x7f483a12bcd0>,10,1,[6 3],11,20,21,9,17
1,<environment.Job instance at 0x7f483a12b8c0>,5,2,[14  5],6,21,23,15,18
1,<environment.Job instance at 0x7f483a12b960>,15,21,[2 5],16,23,44,7,18
1,<environment.Job instance at 0x7f483a1197d0>,19,19,[9 1],20,23,42,3,20
1,<environment.Job instance at 0x7f483a119b90>,22,1,[2 9],23,29,30,6,29
1,<environment.Job instance at 0x7f483a119b40>,23,27,[1 8],24,30,57,6,29
1,<environment.Job instance at 0x7f483a119c80>,27,2,[2 8],28,57,59,29,44
1,<environment.Job instance at 0x7f483a119e60>,28,3,[5 9],29,59,62,30,45
1,<environment.Job instance at 0x7f483a122320>,32,3,[ 1 10],33,62,65,29,59
1,<environment.Job instance at 0x7f4881e40e10>,1,18,[2 9],2,74,92,72,74
1,<environment.Job instance at 0x7f483a122640>,37,22,[1 7],38,92,114,54,85
1,<environment.Job instance at 0x7f483a122910>,38,2,[5 7],39,92,94,53,85
1,<environment.Job instance at 0x7f483a122b90>,42,1,[9 3],43,98,99,55,98
1,<environment.Job instance at 0x7f483a122c80>,43,3,[ 3 14],44,114,117,70,98
1,<environment.Job instance at 0x7f483a122dc0>,45,25,[6 3],46,117,142,71,113
1,<environment.Job instance at 0x7f483a122fa0>,47,2,[4 5],48,117,119,69,113
1,<environment.Job instance at 0x7f483a123140>,50,2,[ 5 11],51,119,121,68,119
1,<environment.Job instance at 0x7f483a123690>,54,1,[5 7],55,134,135,79,134
1,<environment.Job instance at 0x7f483a123730>,55,18,[7 5],56,135,153,79,135
1,<environment.Job instance at 0x7f483a1237d0>,56,2,[2 9],57,142,144,85,135
1,<environment.Job instance at 0x7f483a1238c0>,59,27,[ 5 10],60,144,171,84,142
1,<environment.Job instance at 0x7f483a123cd0>,61,22,[ 1 10],62,171,193,109,164
1,<environment.Job instance at 0x7f483a116140>,68,20,[6 2],69,164,184,95,164
1,<environment.Job instance at 0x7f4839f24c80>,13,2,[10  5],14,21,23,7,21
1,<environment.Job instance at 0x7f4881f4f280>,16,3,[8 1],17,36,39,19,36
1,<environment.Job instance at 0x7f4881f4f460>,18,21,[5 8],19,46,67,27,46
1,<environment.Job instance at 0x7f487da6bc30>,21,28,[2 8],22,67,95,45,66
1,<environment.Job instance at 0x7f4839b17aa0>,23,27,[9 3],24,71,98,47,71
1,<environment.Job instance at 0x7f48823ec3c0>,26,28,[1 7],27,95,123,68,94
1,<environment.Job instance at 0x7f487dd5b7d0>,29,2,[ 4 11],30,123,125,93,96
1,<environment.Job instance at 0x7f48822e5370>,35,1,[8 2],36,98,99,62,96
1,<environment.Job instance at 0x7f483a235b90>,36,28,[9 2],37,99,127,62,98
1,<environment.Job instance at 0x7f4839d7c730>,34,3,[11  1],35,127,130,92,126
1,<environment.Job instance at 0x7f487d7fd5a0>,43,1,[6 2],44,126,127,82,126
1,<environment.Job instance at 0x7f4839b5d4b0>,47,3,[ 1 12],48,130,133,82,130
1,<environment.Job instance at 0x7f4839b5d6e0>,51,1,[10  4],52,133,134,81,130
1,<environment.Job instance at 0x7f483a0a55a0>,56,23,[7 4],57,158,181,101,158
1,<environment.Job instance at 0x7f483a0a53c0>,63,20,[5 4],64,180,200,116,180
1,<environment.Job instance at 0x7f483a090af0>,64,2,[10  3],65,181,183,116,181
1,<environment.Job instance at 0x7f483a0c5be0>,5,20,[4 7],6,6,26,0,6
1,<environment.Job instance at 0x7f4839e0c550>,6,21,[6 5],7,7,28,0,7
1,<environment.Job instance at 0x7f4839fdaeb0>,11,27,[5 1],12,13,40,1,13
1,<environment.Job instance at 0x7f487dafb410>,12,21,[1 6],13,26,47,13,18
1,<environment.Job instance at 0x7f4881ee51e0>,16,25,[8 3],17,28,53,11,24
1,<environment.Job instance at 0x7f4881ee5230>,21,19,[10  1],22,53,72,31,43
1,<environment.Job instance at 0x7f483a1b1c80>,26,25,[ 5 10],27,52,77,25,52
1,<environment.Job instance at 0x7f487dd65320>,34,2,[ 2 10],35,77,79,42,73
1,<environment.Job instance at 0x7f487d671870>,35,1,[9 5],36,73,74,37,73
1,<environment.Job instance at 0x7f483a16c780>,41,2,[9 5],42,103,105,61,103
1,<environment.Job instance at 0x7f483a16c140>,42,3,[9 5],43,105,108,62,103
1,<environment.Job instance at 0x7f483a16c5f0>,46,2,[13  5],47,131,133,84,131
1,<environment.Job instance at 0x7f487d8c4780>,47,1,[9 5],48,133,134,85,131
1,<environment.Job instance at 0x7f487d8c47d0>,50,26,[6 3],51,137,163,86,137
1,<environment.Job instance at 0x7f487d9a65f0>,53,2,[6 3],54,150,152,96,150
1,<environment.Job instance at 0x7f487d9a6280>,54,1,[9 4],55,152,153,97,150
1,<environment.Job instance at 0x7f487d83c1e0>,55,23,[7 1],56,153,176,97,150
1,<environment.Job instance at 0x7f487d83c960>,56,1,[4 9],57,163,164,106,150
1,<environment.Job instance at 0x7f4839ff7be0>,58,2,[8 5],59,165,167,106,165
1,<environment.Job instance at 0x7f487dd36140>,60,3,[2 7],61,167,170,106,165
1,<environment.Job instance at 0x7f4881ea4b40>,65,18,[10  3],66,197,215,131,197
1,<environment.Job instance at 0x7f487da251e0>,8,1,[8 4],9,10,11,1,10
1,<environment.Job instance at 0x7f487da25960>,14,1,[1 9],15,15,16,0,15
1,<environment.Job instance at 0x7f487da25be0>,17,3,[6 4],18,25,28,7,25
1,<environment.Job instance at 0x7f487da25dc0>,19,18,[9 5],20,37,55,17,37
1,<environment.Job instance at 0x7f487da25e60>,20,28,[5 6],21,37,65,16,37
1,<environment.Job instance at 0x7f487da25d20>,23,28,[ 1 11],24,65,93,41,64
1,<environment.Job instance at 0x7f487da210a0>,25,23,[5 3],26,64,87,38,64
1,<environment.Job instance at 0x7f4839d253c0>,0,25,[2 8],1,1,26,0,1
1,<environment.Job instance at 0x7f4839d25910>,4,3,[ 3 14],5,26,29,21,13
1,<environment.Job instance at 0x7f4839beedc0>,9,2,[13  5],10,13,15,3,13
1,<environment.Job instance at 0x7f48820c5d20>,17,3,[8 5],18,29,32,11,28
1,<environment.Job instance at 0x7f48820c5af0>,18,1,[ 3 12],19,32,33,13,28
1,<environment.Job instance at 0x7f48820c5140>,20,2,[5 6],21,41,43,20,41
1,<environment.Job instance at 0x7f48820c5820>,24,20,[9 5],25,54,74,29,54
1,<environment.Job instance at 0x7f48822e5a00>,26,18,[4 6],27,75,93,48,75
1,<environment.Job instance at 0x7f48822e5140>,28,2,[8 5],29,75,77,46,75
1,<environment.Job instance at 0x7f48822e5870>,30,2,[2 7],31,77,79,46,75
1,<environment.Job instance at 0x7f48822e55f0>,31,1,[10  4],32,79,80,47,75
1,<environment.Job instance at 0x7f48822e5960>,36,1,[5 7],37,103,104,66,103
1,<environment.Job instance at 0x7f48822e5640>,37,16,[1 5],38,104,120,66,104
1,<environment.Job instance at 0x7f48822e50f0>,38,2,[7 3],39,104,106,65,104
1,<environment.Job instance at 0x7f48822e5730>,39,1,[5 6],40,104,105,64,104
1,<environment.Job instance at 0x7f48821daf50>,46,2,[7 3],47,148,150,101,148
1,<environment.Job instance at 0x7f48821da500>,47,25,[9 4],48,150,175,102,148
1,<environment.Job instance at 0x7f487d972e10>,51,3,[ 4 12],52,177,180,125,177
1,<environment.Job instance at 0x7f487d972d70>,54,1,[8 1],55,178,179,123,178
1,<environment.Job instance at 0x7f487d972230>,59,2,[9 5],60,197,199,137,197
1,<environment.Job instance at 0x7f487daf3a00>,60,1,[8 5],61,199,200,138,197
1,<environment.Job instance at 0x7f487daf3280>,62,2,[5 7],63,198,200,135,198
1,<environment.Job instance at 0x7f483a076af0>,64,25,[7 4],65,204,229,139,204
1,<environment.Job instance at 0x7f483a076410>,66,22,[ 4 10],67,204,226,137,204
1,<environment.Job instance at 0x7f483a076be0>,67,1,[5 7],68,226,227,158,204
1,<environment.Job instance at 0x7f487d77c910>,5,23,[8 2],6,6,29,0,6
1,<environment.Job instance at 0x7f487d77cdc0>,7,1,[8 3],8,29,30,21,8
1,<environment.Job instance at 0x7f487d77c3c0>,8,1,[ 1 10],9,9,10,0,9
1,<environment.Job instance at 0x7f483a143e10>,9,2,[3 6],10,10,12,0,10
1,<environment.Job instance at 0x7f488202daf0>,15,3,[11  2],16,41,44,25,41
1,<environment.Job instance at 0x7f488202d0a0>,22,23,[7 1],23,50,73,27,50
1,<environment.Job instance at 0x7f488202d410>,23,2,[2 8],24,50,52,26,50
1,<environment.Job instance at 0x7f488202d500>,20,18,[5 8],21,57,75,36,57
1,<environment.Job instance at 0x7f487d978370>,25,3,[13  2],26,75,78,49,71
1,<environment.Job instance at 0x7f487d978c80>,26,1,[9 4],27,73,74,46,71
1,<environment.Job instance at 0x7f487d978f50>,28,1,[13  4],29,78,79,49,72
1,<environment.Job instance at 0x7f488238cdc0>,34,2,[5 2],35,92,94,57,92
1,<environment.Job instance at 0x7f488238c910>,35,3,[5 1],36,92,95,56,92
1,<environment.Job instance at 0x7f487db5c0a0>,37,2,[2 9],38,100,102,62,100
1,<environment.Job instance at 0x7f487db5ca50>,38,2,[8 3],39,100,102,61,100
1,<environment.Job instance at 0x7f487db5c960>,40,15,[9 1],41,107,122,66,107
1,<environment.Job instance at 0x7f487db5c370>,41,23,[ 3 13],42,107,130,65,107
1,<environment.Job instance at 0x7f487dca4dc0>,44,18,[1 8],45,131,149,86,131
1,<environment.Job instance at 0x7f487dca40a0>,49,1,[9 4],50,136,137,86,136
1,<environment.Job instance at 0x7f487dca4cd0>,50,20,[9 5],51,137,157,86,136
1,<environment.Job instance at 0x7f4839dbceb0>,55,2,[10  5],56,157,159,101,151
1,<environment.Job instance at 0x7f4839dbc190>,56,2,[6 4],57,151,153,94,151
1,<environment.Job instance at 0x7f4839dbc550>,59,2,[10  2],60,159,161,99,154
1,<environment.Job instance at 0x7f4839dbca50>,60,1,[8 1],61,161,162,100,154
1,<environment.Job instance at 0x7f4882579f50>,64,22,[9 5],65,186,208,121,186
1,<environment.Job instance at 0x7f4882579a00>,65,3,[ 1 14],66,208,211,142,186
1,<environment.Job instance at 0x7f483a06e3c0>,9,21,[1 7],10,10,31,0,10
1,<environment.Job instance at 0x7f483a06ba00>,11,2,[5 5],12,12,14,0,12
1,<environment.Job instance at 0x7f483a06ecd0>,14,1,[10  4],15,18,19,3,18
1,<environment.Job instance at 0x7f4839f56550>,20,2,[8 1],21,47,49,26,47
1,<environment.Job instance at 0x7f4839f7fb40>,21,1,[9 4],22,49,50,27,47
1,<environment.Job instance at 0x7f4839f7f190>,23,2,[1 7],24,55,57,31,55
1,<environment.Job instance at 0x7f483a0266e0>,24,2,[1 6],25,55,57,30,55
1,<environment.Job instance at 0x7f488244ce10>,26,3,[9 2],27,62,65,35,62
1,<environment.Job instance at 0x7f483a073280>,28,1,[8 2],29,70,71,41,70
1,<environment.Job instance at 0x7f483a070050>,31,1,[9 4],32,72,73,40,72
1,<environment.Job instance at 0x7f483a011d20>,32,2,[2 7],33,72,74,39,72
1,<environment.Job instance at 0x7f4839dd3690>,35,2,[3 7],36,87,89,51,87
1,<environment.Job instance at 0x7f4839dd3f50>,36,1,[11  2],37,87,88,50,87
1,<environment.Job instance at 0x7f4881f4b870>,40,1,[4 5],41,118,119,77,118
1,<environment.Job instance at 0x7f487dcef640>,42,1,[6 3],43,118,119,75,118
1,<environment.Job instance at 0x7f4839f5d780>,43,3,[1 6],44,118,121,74,118
1,<environment.Job instance at 0x7f4839dcaf50>,44,1,[5 4],45,119,120,74,118
1,<environment.Job instance at 0x7f4839eb6820>,46,3,[6 2],47,144,147,97,144
1,<environment.Job instance at 0x7f4839d147d0>,47,1,[6 3],48,144,145,96,144
1,<environment.Job instance at 0x7f4839d14730>,48,19,[7 1],49,145,164,96,144
1,<environment.Job instance at 0x7f48823c10f0>,49,2,[5 4],50,147,149,97,144
1,<environment.Job instance at 0x7f4839eb2d70>,51,1,[2 7],52,152,153,100,152
1,<environment.Job instance at 0x7f4881f3f500>,52,2,[4 5],53,152,154,99,152
1,<environment.Job instance at 0x7f4839ee8eb0>,55,2,[10  5],56,164,166,108,156
1,<environment.Job instance at 0x7f4839ee8730>,56,1,[2 5],57,156,157,99,156
1,<environment.Job instance at 0x7f4884cf7af0>,0,25,[ 1 14],1,2,27,1,2
1,<environment.Job instance at 0x7f488201ffa0>,3,1,[ 4 13],4,27,28,23,13
1,<environment.Job instance at 0x7f4839ee8730>,4,19,[9 1],5,26,45,21,26
1,<environment.Job instance at 0x7f4839ec2f50>,15,1,[5 2],16,28,29,12,26
1,<environment.Job instance at 0x7f487dcc23c0>,5,3,[ 4 11],6,31,34,25,31
1,<environment.Job instance at 0x7f487dcdb140>,20,2,[9 1],21,45,47,24,32
1,<environment.Job instance at 0x7f4839926280>,23,2,[2 7],24,36,38,12,36
1,<environment.Job instance at 0x7f4839be7190>,24,1,[9 2],25,47,48,22,37
1,<environment.Job instance at 0x7f48822b8050>,27,22,[6 1],28,39,61,11,39
1,<environment.Job instance at 0x7f4839efda00>,18,3,[11  1],19,61,64,42,42
1,<environment.Job instance at 0x7f4839b040a0>,32,2,[8 2],33,53,55,20,53
1,<environment.Job instance at 0x7f4882580280>,33,2,[8 1],34,55,57,21,53
1,<environment.Job instance at 0x7f48821bfc30>,34,1,[ 3 10],35,57,58,22,53
1,<environment.Job instance at 0x7f4882178cd0>,39,2,[3 7],40,83,85,43,83
1,<environment.Job instance at 0x7f4882178820>,42,19,[8 3],43,97,116,54,97
1,<environment.Job instance at 0x7f4882178af0>,45,1,[7 1],46,110,111,64,110
1,<environment.Job instance at 0x7f4882178780>,46,23,[5 5],47,111,134,64,110
1,<environment.Job instance at 0x7f4882178aa0>,49,25,[7 3],50,124,149,74,124
1,<environment.Job instance at 0x7f4882178c30>,50,1,[12  5],51,149,150,98,132
1,<environment.Job instance at 0x7f4882178280>,52,1,[5 2],53,134,135,81,132
1,<environment.Job instance at 0x7f4839bca190>,55,3,[ 3 10],56,141,144,85,141
1,<environment.Job instance at 0x7f483a174460>,59,3,[7 1],60,150,153,90,148
1,<environment.Job instance at 0x7f483a174fa0>,60,2,[8 5],61,150,152,89,148
1,<environment.Job instance at 0x7f483a174a00>,61,3,[ 3 11],62,154,157,92,154
1,<environment.Job instance at 0x7f488203be60>,63,3,[1 6],64,157,160,93,154
1,<environment.Job instance at 0x7f488203bc80>,66,1,[ 3 10],67,170,171,103,170
1,<environment.Job instance at 0x7f48399d39b0>,5,3,[14  4],6,9,12,3,9
1,<environment.Job instance at 0x7f48399d33c0>,11,2,[11  4],12,12,14,0,12
1,<environment.Job instance at 0x7f48399d31e0>,12,2,[6 3],13,14,16,1,13
1,<environment.Job instance at 0x7f48399d3e60>,15,3,[3 9],16,16,19,0,16
1,<environment.Job instance at 0x7f48399d3d20>,16,18,[3 6],17,20,38,3,20
1,<environment.Job instance at 0x7f48399d3460>,18,22,[ 1 13],19,38,60,19,31
1,<environment.Job instance at 0x7f48399d35f0>,19,3,[2 9],20,31,34,11,31
1,<environment.Job instance at 0x7f4839dac8c0>,21,3,[2 9],22,34,37,12,31
1,<environment.Job instance at 0x7f4839dacbe0>,27,1,[9 1],28,50,51,22,50
1,<environment.Job instance at 0x7f4839dac190>,28,2,[11  2],29,51,53,22,50
1,<environment.Job instance at 0x7f4839dacaa0>,29,23,[4 9],30,60,83,30,54
1,<environment.Job instance at 0x7f4839dac6e0>,30,2,[7 4],31,60,62,29,54
1,<environment.Job instance at 0x7f4839cab9b0>,33,1,[5 5],34,72,73,38,72
1,<environment.Job instance at 0x7f487dd0ed20>,34,22,[5 8],35,83,105,48,76
1,<environment.Job instance at 0x7f48823ad7d0>,42,1,[10  2],43,105,106,62,105
1,<environment.Job instance at 0x7f48823ad1e0>,43,1,[2 9],44,105,106,61,105
1,<environment.Job instance at 0x7f48823adc30>,44,1,[10  4],45,106,107,61,105
1,<environment.Job instance at 0x7f48823ad730>,45,3,[5 7],46,106,109,60,105
1,<environment.Job instance at 0x7f48823ad4b0>,46,1,[1 8],47,107,108,60,105
1,<environment.Job instance at 0x7f48823ad370>,47,3,[4 5],48,108,111,60,107
1,<environment.Job instance at 0x7f4839ed2be0>,50,2,[ 4 14],51,122,124,71,122
1,<environment.Job instance at 0x7f4839a190a0>,52,2,[1 5],53,124,126,71,122
1,<environment.Job instance at 0x7f48823ad230>,49,18,[1 9],50,125,143,75,125
1,<environment.Job instance at 0x7f4839a19050>,57,2,[9 1],58,128,130,70,128
1,<environment.Job instance at 0x7f4839a19b40>,58,2,[ 2 10],59,143,145,84,128
1,<environment.Job instance at 0x7f487d70a6e0>,0,1,[4 8],1,2,3,1,2
1,<environment.Job instance at 0x7f483a23c550>,5,20,[10  3],6,6,26,0,6
1,<environment.Job instance at 0x7f483a23a500>,17,23,[6 1],18,26,49,8,20
1,<environment.Job instance at 0x7f483a23a230>,16,2,[ 5 12],17,22,24,5,22
1,<environment.Job instance at 0x7f483a2394b0>,23,3,[2 6],24,26,29,2,26
1,<environment.Job instance at 0x7f487db82550>,24,2,[9 2],25,29,31,4,26
1,<environment.Job instance at 0x7f4839fc01e0>,30,25,[9 4],31,45,70,14,45
1,<environment.Job instance at 0x7f483a209690>,34,28,[ 5 10],35,59,87,24,59
1,<environment.Job instance at 0x7f487d707690>,37,27,[2 9],38,87,114,49,85
1,<environment.Job instance at 0x7f487d707fa0>,38,26,[4 9],39,114,140,75,111
1,<environment.Job instance at 0x7f487d70ec80>,42,2,[ 2 10],43,140,142,97,113
1,<environment.Job instance at 0x7f487d6f64b0>,52,22,[5 4],53,131,153,78,131
1,<environment.Job instance at 0x7f487d6f6b40>,48,19,[2 7],49,142,161,93,132
1,<environment.Job instance at 0x7f4881edddc0>,67,26,[10  5],68,190,216,122,190
1,<environment.Job instance at 0x7f487dad3d20>,4,19,[2 5],5,5,24,0,5
1,<environment.Job instance at 0x7f4882572d20>,13,23,[1 7],14,14,37,0,14
1,<environment.Job instance at 0x7f487d758e60>,14,22,[1 8],15,24,46,9,17
1,<environment.Job instance at 0x7f487dde2e10>,22,26,[1 5],23,37,63,14,34
1,<environment.Job instance at 0x7f48821ccfa0>,26,1,[9 3],27,54,55,27,54
1,<environment.Job instance at 0x7f487d911be0>,28,3,[5 8],29,55,58,26,54
1,<environment.Job instance at 0x7f487d911b90>,29,2,[3 9],30,58,60,28,54
1,<environment.Job instance at 0x7f487d911870>,32,22,[5 3],33,65,87,32,65
1,<environment.Job instance at 0x7f487d71b050>,33,1,[8 4],34,65,66,31,65
1,<environment.Job instance at 0x7f487d71b690>,35,1,[8 5],36,82,83,46,82
1,<environment.Job instance at 0x7f487d71b500>,36,3,[2 5],37,82,85,45,82
1,<environment.Job instance at 0x7f487d71b460>,37,24,[2 8],38,85,109,47,82
1,<environment.Job instance at 0x7f487d71be60>,38,2,[5 7],39,83,85,44,82
1,<environment.Job instance at 0x7f487d71bc80>,43,26,[1 8],44,109,135,65,107
1,<environment.Job instance at 0x7f4839e8cf50>,50,1,[3 5],51,127,128,76,127
1,<environment.Job instance at 0x7f4839e8cb90>,51,23,[9 4],52,128,151,76,127
1,<environment.Job instance at 0x7f4839e015a0>,55,2,[1 9],56,142,144,86,142
1,<environment.Job instance at 0x7f4839e018c0>,57,1,[ 1 10],58,146,147,88,146
1,<environment.Job instance at 0x7f4839e01c80>,59,1,[6 4],60,148,149,88,148
1,<environment.Job instance at 0x7f483a25ed70>,64,3,[3 9],65,160,163,95,160
1,<environment.Job instance at 0x7f483a25e6e0>,65,2,[10  1],66,160,162,94,160
1,<environment.Job instance at 0x7f483a25edc0>,66,3,[ 1 10],67,163,166,96,160
1,<environment.Job instance at 0x7f4839e10d70>,68,3,[5 9],69,177,180,108,177
1,<environment.Job instance at 0x7f487d8fd230>,8,1,[8 3],9,9,10,0,9
1,<environment.Job instance at 0x7f4839dce0f0>,13,3,[ 2 10],14,14,17,0,14
1,<environment.Job instance at 0x7f4839dce0a0>,16,2,[ 2 10],17,24,26,7,24
1,<environment.Job instance at 0x7f4839891820>,19,3,[10  4],20,36,39,16,36
1,<environment.Job instance at 0x7f4839891cd0>,21,3,[13  1],22,47,50,25,47
1,<environment.Job instance at 0x7f4839891b40>,23,3,[5 4],24,50,53,26,47
1,<environment.Job instance at 0x7f4884bd72d0>,27,1,[ 5 10],28,62,63,34,62
1,<environment.Job instance at 0x7f4881f01d20>,29,2,[1 9],30,63,65,33,62
1,<environment.Job instance at 0x7f4881f01690>,31,2,[10  4],32,64,66,32,64
1,<environment.Job instance at 0x7f4881f019b0>,35,1,[ 3 12],36,88,89,52,88
1,<environment.Job instance at 0x7f4881f01af0>,36,3,[10  3],37,88,91,51,88
1,<environment.Job instance at 0x7f4881f01870>,38,3,[ 5 12],39,94,97,55,94
1,<environment.Job instance at 0x7f4881f01190>,40,2,[5 4],41,104,106,63,104
1,<environment.Job instance at 0x7f4881f01050>,45,22,[5 2],46,121,143,75,121
1,<environment.Job instance at 0x7f4881f011e0>,46,1,[11  1],47,143,144,96,121
1,<environment.Job instance at 0x7f4839f19230>,47,2,[2 6],48,121,123,73,121
1,<environment.Job instance at 0x7f4839f19370>,49,3,[7 2],50,122,125,72,122
1,<environment.Job instance at 0x7f4839f194b0>,51,28,[7 5],52,144,172,92,143
1,<environment.Job instance at 0x7f4839b08370>,53,2,[14  5],54,172,174,118,145
1,<environment.Job instance at 0x7f4839b08460>,54,26,[7 1],55,145,171,90,145
1,<environment.Job instance at 0x7f4839b08b40>,58,1,[5 1],59,171,172,112,155
1,<environment.Job instance at 0x7f4839b20230>,63,3,[6 1],64,174,177,110,171
1,<environment.Job instance at 0x7f4839b20d70>,64,3,[1 6],65,171,174,106,171
1,<environment.Job instance at 0x7f4839b20b90>,66,1,[7 1],67,176,177,109,176
1,<environment.Job instance at 0x7f487d888af0>,0,24,[10  5],1,1,25,0,1
1,<environment.Job instance at 0x7f487d6c30f0>,8,27,[5 1],9,18,45,9,18
1,<environment.Job instance at 0x7f487d793b40>,10,1,[2 7],11,25,26,14,21
1,<environment.Job instance at 0x7f487d6d7c80>,11,2,[ 1 10],12,26,28,14,21
1,<environment.Job instance at 0x7f4881ffaf00>,15,1,[5 2],16,32,33,16,32
1,<environment.Job instance at 0x7f487d6acf00>,17,2,[5 5],18,40,42,22,40
1,<environment.Job instance at 0x7f487d6c2b90>,18,27,[1 7],19,40,67,21,40
1,<environment.Job instance at 0x7f4839bc0870>,20,3,[5 7],21,68,71,47,68
1,<environment.Job instance at 0x7f4881e57870>,21,3,[7 4],22,68,71,46,68
1,<environment.Job instance at 0x7f4839bc0820>,22,3,[1 5],23,71,74,48,68
1,<environment.Job instance at 0x7f4839b8fb40>,24,1,[2 5],25,71,72,46,68
1,<environment.Job instance at 0x7f4839b8f820>,26,1,[14  4],27,81,82,54,81
1,<environment.Job instance at 0x7f487d6c11e0>,1,3,[ 4 12],2,82,85,80,82
1,<environment.Job instance at 0x7f4839b8f4b0>,28,1,[1 5],29,85,86,56,82
1,<environment.Job instance at 0x7f4839b8e870>,32,2,[3 7],33,159,161,126,159
1,<environment.Job instance at 0x7f4839b8efa0>,33,2,[ 3 10],34,161,163,127,159
1,<environment.Job instance at 0x7f487d6af500>,39,2,[ 3 10],40,335,337,295,335
1,<environment.Job instance at 0x7f4839bb4690>,41,2,[6 2],42,336,338,294,336
1,<environment.Job instance at 0x7f4839bb0a50>,43,1,[5 5],44,354,355,310,354
1,<environment.Job instance at 0x7f4839bb0c80>,48,3,[6 2],49,414,417,365,414
1,<environment.Job instance at 0x7f4839bb0d70>,49,1,[6 1],50,414,415,364,414
1,<environment.Job instance at 0x7f4839bb38c0>,57,1,[3 5],58,456,457,398,456
1,<environment.Job instance at 0x7f4839bb3aa0>,58,25,[5 5],59,456,481,397,456
1,<environment.Job instance at 0x7f4839b95a50>,59,2,[5 1],60,456,458,396,456
1,<environment.Job instance at 0x7fbbe7328370>,1,22,[11  3],2,2,24,0,2
1,<environment.Job instance at 0x7fbbe7328230>,2,22,[4 8],3,3,25,0,3
1,<environment.Job instance at 0x7fbbe1f189b0>,12,26,[ 1 10],13,25,51,12,22
1,<environment.Job instance at 0x7fbbe1f1b230>,20,1,[7 5],21,31,32,10,31
1,<environment.Job instance at 0x7fbbe1f1b2d0>,21,1,[6 5],22,32,33,10,31
1,<environment.Job instance at 0x7fbbe1f1b4b0>,22,1,[2 7],23,51,52,28,31
1,<environment.Job instance at 0x7fbbe1f1b320>,23,27,[1 6],24,51,78,27,49
1,<environment.Job instance at 0x7fbbe1f1b9b0>,28,23,[10  4],29,56,79,27,56
1,<environment.Job instance at 0x7fbbe1f1bfa0>,34,24,[1 8],35,78,102,43,73
1,<environment.Job instance at 0x7fbbe1f1c140>,37,2,[2 6],38,81,83,43,81
1,<environment.Job instance at 0x7fbbe1f1c280>,39,2,[5 6],40,83,85,43,81
1,<environment.Job instance at 0x7fbbe1f1c3c0>,41,1,[5 2],42,98,99,56,98
1,<environment.Job instance at 0x7fbbe1f1c780>,47,2,[6 5],48,114,116,66,114
1,<environment.Job instance at 0x7fbbe1f1b640>,24,18,[2 6],25,134,152,109,134
1,<environment.Job instance at 0x7fbbe1f1cb90>,51,3,[1 5],52,134,137,82,134
1,<environment.Job instance at 0x7fbbe1f1c960>,52,1,[8 5],53,137,138,84,134
1,<environment.Job instance at 0x7fbbe734fb40>,3,20,[7 1],4,4,24,0,4
1,<environment.Job instance at 0x7fbbe748eeb0>,11,3,[1 8],12,13,16,1,13
1,<environment.Job instance at 0x7fbbe748ed20>,12,20,[1 5],13,13,33,0,13
1,<environment.Job instance at 0x7fbbe7495be0>,13,2,[6 1],14,14,16,0,14
1,<environment.Job instance at 0x7fbbe749af50>,17,2,[ 5 11],18,33,35,15,19
1,<environment.Job instance at 0x7fbbe749aa50>,18,2,[5 2],19,19,21,0,19
1,<environment.Job instance at 0x7fbbe749ac80>,20,18,[2 7],21,35,53,14,29
1,<environment.Job instance at 0x7fbbe74a10f0>,29,1,[10  4],30,86,87,56,86
1,<environment.Job instance at 0x7fbbe74a1140>,31,26,[ 5 10],32,86,112,54,86
1,<environment.Job instance at 0x7fbbe74a13c0>,32,2,[6 2],33,87,89,54,86
1,<environment.Job instance at 0x7fbbe74a12d0>,36,3,[ 1 12],37,112,115,75,104
1,<environment.Job instance at 0x7fbbe74a1960>,37,1,[1 5],38,104,105,66,104
1,<environment.Job instance at 0x7fbbe74a17d0>,39,20,[2 6],40,115,135,75,106
1,<environment.Job instance at 0x7fbbe74a1eb0>,40,2,[7 2],41,106,108,65,106
1,<environment.Job instance at 0x7fbbe74a1a50>,41,1,[2 6],42,115,116,73,106
1,<environment.Job instance at 0x7fbbe74a1780>,42,3,[ 4 12],43,135,138,92,110
1,<environment.Job instance at 0x7fbbe749bfa0>,44,1,[8 4],45,119,120,74,119
1,<environment.Job instance at 0x7fbbe749baf0>,45,21,[4 5],46,138,159,92,130
1,<environment.Job instance at 0x7fbbe749bcd0>,47,22,[4 5],48,138,160,90,131
1,<environment.Job instance at 0x7fbbe749b690>,48,23,[ 2 14],49,160,183,111,154
1,<environment.Job instance at 0x7fbbe7493a00>,56,1,[9 3],57,183,184,126,178
1,<environment.Job instance at 0x7fbbe7493f00>,57,20,[9 2],58,184,204,126,178
1,<environment.Job instance at 0x7fbb9c206f50>,6,2,[8 1],7,7,9,0,7
1,<environment.Job instance at 0x7fbb9c206320>,7,2,[10  2],8,9,11,1,8
1,<environment.Job instance at 0x7fbb9c2060a0>,8,19,[6 4],9,11,30,2,9
1,<environment.Job instance at 0x7fbb9c2030a0>,14,19,[6 1],15,15,34,0,15
1,<environment.Job instance at 0x7fbb9c203460>,16,2,[11  5],17,34,36,17,28
1,<environment.Job instance at 0x7fbb9c203f00>,17,21,[ 3 10],18,28,49,10,28
1,<environment.Job instance at 0x7fbb9c259730>,20,1,[5 8],21,49,50,28,29
1,<environment.Job instance at 0x7fbb9c2035a0>,18,3,[14  4],19,50,53,31,42
1,<environment.Job instance at 0x7fbb9c259550>,23,2,[7 3],24,42,44,18,42
1,<environment.Job instance at 0x7fbb9c2596e0>,26,1,[5 9],27,53,54,26,43
1,<environment.Job instance at 0x7fbb9c259640>,27,1,[2 9],28,54,55,26,43
1,<environment.Job instance at 0x7fbb9c257af0>,28,21,[9 4],29,53,74,24,45
1,<environment.Job instance at 0x7fbb9c25a410>,37,1,[9 1],38,76,77,38,76
1,<environment.Job instance at 0x7fbb9c20b820>,0,3,[13  3],1,77,80,76,77
1,<environment.Job instance at 0x7fbb9c25a4b0>,39,2,[9 4],40,80,82,40,77
1,<environment.Job instance at 0x7fbb9c1f5f50>,44,3,[9 2],45,103,106,58,103
1,<environment.Job instance at 0x7fbb9c30f0a0>,46,3,[2 8],47,107,110,60,107
1,<environment.Job instance at 0x7fbb9c30f460>,47,1,[2 8],48,110,111,62,107
1,<environment.Job instance at 0x7fbb9c30feb0>,48,2,[13  1],49,108,110,59,108
1,<environment.Job instance at 0x7fbb9c30ff50>,51,3,[13  5],52,114,117,62,114
1,<environment.Job instance at 0x7fbb9c30fe60>,52,2,[ 1 12],53,117,119,64,115
1,<environment.Job instance at 0x7fbb9c30f780>,58,1,[10  5],59,124,125,65,124
1,<environment.Job instance at 0x7fbb9c30f730>,59,1,[ 2 10],60,124,125,64,124
1,<environment.Job instance at 0x7fbb9c257190>,31,17,[10  2],32,126,143,94,126
1,<environment.Job instance at 0x7fbb9c30f410>,62,1,[ 4 13],63,126,127,63,126
1,<environment.Job instance at 0x7fbb9c2cdb90>,65,1,[3 8],66,142,143,76,142
1,<environment.Job instance at 0x7fbb9c2cddc0>,71,1,[8 3],72,184,185,112,184
1,<environment.Job instance at 0x7fbb9c2cd3c0>,72,20,[1 7],73,184,204,111,184
1,<environment.Job instance at 0x7fbb9c2cd8c0>,73,1,[ 4 10],74,204,205,130,184
1,<environment.Job instance at 0x7fbb9c2cda00>,75,1,[10  1],76,185,186,109,184
1,<environment.Job instance at 0x7fbb9c2cdd20>,76,19,[2 7],77,185,204,108,185
1,<environment.Job instance at 0x7fbb9c2d79b0>,0,24,[ 1 10],1,1,25,0,1
1,<environment.Job instance at 0x7fbb9c2f1190>,3,24,[7 4],4,4,28,0,4
1,<environment.Job instance at 0x7fbb9c21a460>,12,26,[8 4],13,25,51,12,22
1,<environment.Job instance at 0x7fbb9c21a910>,11,27,[4 7],12,28,55,16,26
1,<environment.Job instance at 0x7fbb9c21aaf0>,20,25,[ 3 10],21,55,80,34,51
1,<environment.Job instance at 0x7fbb9c21a410>,22,1,[3 9],23,80,81,57,52
1,<environment.Job instance at 0x7fbb9c21ae10>,23,2,[4 7],24,52,54,28,52
1,<environment.Job instance at 0x7fbb9c21ac80>,21,1,[ 2 10],22,81,82,59,54
1,<environment.Job instance at 0x7fbb9c21c550>,25,2,[1 5],26,55,57,29,55
1,<environment.Job instance at 0x7fbb9c2f1be0>,5,3,[12  3],6,57,60,51,57
1,<environment.Job instance at 0x7fbb9c21c0a0>,29,3,[4 7],30,82,85,52,60
1,<environment.Job instance at 0x7fbb9c21c5a0>,32,1,[5 5],33,62,63,29,62
1,<environment.Job instance at 0x7fbb9c21cc30>,33,23,[10  1],34,63,86,29,62
1,<environment.Job instance at 0x7fbb9c21c690>,36,28,[6 5],37,86,114,49,85
1,<environment.Job instance at 0x7fbb9c5d2aa0>,42,2,[2 6],43,88,90,45,88
1,<environment.Job instance at 0x7fbb9c5d2a00>,43,2,[7 3],44,88,90,44,88
1,<environment.Job instance at 0x7fbb9c5d25f0>,46,1,[2 7],47,100,101,53,100
1,<environment.Job instance at 0x7fbb9c5d2f00>,47,3,[6 3],48,100,103,52,100
1,<environment.Job instance at 0x7fbb9c5d2690>,49,28,[5 3],50,103,131,53,103
1,<environment.Job instance at 0x7fbb9c5d2370>,51,2,[1 5],52,106,108,54,106
1,<environment.Job instance at 0x7fbb9c5d2410>,52,18,[8 2],53,114,132,61,114
1,<environment.Job instance at 0x7fbb9c662460>,56,1,[7 3],57,131,132,74,119
1,<environment.Job instance at 0x7fbb9c662a50>,58,1,[2 7],59,121,122,62,121
1,<environment.Job instance at 0x7fbb9c662370>,61,3,[4 5],62,136,139,74,136
1,<environment.Job instance at 0x7fbb9c6d0410>,62,25,[6 3],63,136,161,73,136
1,<environment.Job instance at 0x7fbbe7497cd0>,63,2,[5 1],64,136,138,72,136
1,<environment.Job instance at 0x7fbbe74971e0>,66,2,[5 5],67,150,152,83,150
1,<environment.Job instance at 0x7fbb9c7135a0>,70,1,[ 1 10],71,168,169,97,168
1,<environment.Job instance at 0x7fbb9c713fa0>,72,1,[5 9],73,169,170,96,168
1,<environment.Job instance at 0x7fbb9c713a00>,73,20,[2 6],74,169,189,95,168
1,<environment.Job instance at 0x7fbb9c1b53c0>,75,3,[5 2],76,183,186,107,183
1,<environment.Job instance at 0x7fbb9c1b5460>,76,3,[ 5 10],77,189,192,112,183
1,<environment.Job instance at 0x7fbb9c1b5320>,77,1,[8 5],78,183,184,105,183
1,<environment.Job instance at 0x7fbb9c1b5d70>,78,2,[2 6],79,184,186,105,183
1,<environment.Job instance at 0x7fbb9c1b5d20>,2,3,[ 3 11],3,6,9,3,6
1,<environment.Job instance at 0x7fbb9c608a50>,7,1,[9 3],8,8,9,0,8
1,<environment.Job instance at 0x7fbb9c608500>,10,24,[2 8],11,11,35,0,11
1,<environment.Job instance at 0x7fbb9c608190>,11,24,[9 1],12,12,36,0,12
1,<environment.Job instance at 0x7fbb9c608d20>,13,24,[10  5],14,36,60,22,31
1,<environment.Job instance at 0x7fbb9c61d050>,14,23,[10  2],15,60,83,45,54
1,<environment.Job instance at 0x7fbb9c61d780>,26,1,[2 6],27,69,70,42,69
1,<environment.Job instance at 0x7fbb9c61d8c0>,28,2,[5 7],29,81,83,52,81
1,<environment.Job instance at 0x7fbb9c61dcd0>,31,2,[6 3],32,96,98,64,96
1,<environment.Job instance at 0x7fbb9c61dc30>,32,12,[8 1],33,96,108,63,96
1,<environment.Job instance at 0x7fbb9c61ddc0>,33,1,[1 7],34,96,97,62,96
1,<environment.Job instance at 0x7fbb9c61dfa0>,35,3,[9 4],36,108,111,72,97
1,<environment.Job instance at 0x7fbb9c61b140>,38,2,[9 4],39,112,114,73,112
1,<environment.Job instance at 0x7fbb9c61b1e0>,39,3,[ 2 10],40,112,115,72,112
1,<environment.Job instance at 0x7fbb9c61b280>,40,27,[ 5 10],41,115,142,74,113
1,<environment.Job instance at 0x7fbb9c61b640>,46,25,[ 5 10],47,142,167,95,138
1,<environment.Job instance at 0x7fbb9c61b8c0>,50,2,[1 7],51,167,169,116,149
1,<environment.Job instance at 0x7fbb9c610320>,57,1,[5 5],58,151,152,93,151
1,<environment.Job instance at 0x7fbb9c610870>,64,1,[7 4],65,171,172,106,171
1,<environment.Job instance at 0x7fbb9c610aa0>,72,1,[7 4],73,204,205,131,204
1,<environment.Job instance at 0x7fbb9c610dc0>,73,2,[9 2],74,205,207,131,205
1,<environment.Job instance at 0x7fbb9c610fa0>,75,2,[ 4 11],76,207,209,131,207
1,<environment.Job instance at 0x7fbb9c61d5f0>,2,19,[8 2],3,3,22,0,3
1,<environment.Job instance at 0x7fbbe239c1e0>,5,3,[2 5],6,11,14,5,11
1,<environment.Job instance at 0x7fbbe239c320>,7,2,[12  2],8,22,24,14,11
1,<environment.Job instance at 0x7fbbe239c230>,6,2,[11  3],7,25,27,18,25
1,<environment.Job instance at 0x7fbbe239cc80>,3,2,[ 2 14],4,27,29,23,25
1,<environment.Job instance at 0x7fbb9c5c70a0>,12,2,[12  5],13,29,31,16,26
1,<environment.Job instance at 0x7fbb9c5c7fa0>,14,1,[14  4],15,31,32,16,26
1,<environment.Job instance at 0x7fbb9c5c75f0>,24,2,[2 5],25,57,59,32,57
1,<environment.Job instance at 0x7fbb9c7fc820>,26,1,[3 8],27,59,60,32,59
1,<environment.Job instance at 0x7fbb9c7fc370>,27,3,[10  2],28,59,62,31,59
1,<environment.Job instance at 0x7fbb9c7fc910>,28,1,[2 8],29,60,61,31,59
1,<environment.Job instance at 0x7fbb9c7fc460>,29,1,[ 3 10],30,61,62,31,59
1,<environment.Job instance at 0x7fbb9c7fc0f0>,32,1,[ 5 10],33,68,69,35,68
1,<environment.Job instance at 0x7fbb9c7fcc80>,33,1,[ 5 12],34,69,70,35,68
1,<environment.Job instance at 0x7fbb9c7fc4b0>,34,21,[7 2],35,68,89,33,68
1,<environment.Job instance at 0x7fbb9c7fc690>,36,3,[ 3 10],37,79,82,42,79
1,<environment.Job instance at 0x7fbb9c7fce10>,37,2,[10  4],38,89,91,51,79
1,<environment.Job instance at 0x7fbb9c7fc6e0>,40,18,[4 7],41,88,106,47,88
1,<environment.Job instance at 0x7fbbe268aaf0>,44,3,[14  4],45,106,109,61,99
1,<environment.Job instance at 0x7fbbe268a3c0>,45,2,[5 5],46,99,101,53,99
1,<environment.Job instance at 0x7fbbe268ab90>,46,2,[13  4],47,109,111,62,99
1,<environment.Job instance at 0x7fbbe268a190>,49,27,[1 5],50,107,134,57,107
1,<environment.Job instance at 0x7fbbe268a910>,57,19,[14  4],58,130,149,72,130
1,<environment.Job instance at 0x7fbbe1defaa0>,66,25,[3 8],67,207,232,140,207
1,<environment.Job instance at 0x7fbbe22d8820>,0,19,[6 3],1,2,21,1,2
1,<environment.Job instance at 0x7fbbe2262460>,10,19,[1 5],11,14,33,3,14
1,<environment.Job instance at 0x7fbbe1f8d410>,15,2,[14  5],16,21,23,5,16
1,<environment.Job instance at 0x7fbb9c5d9af0>,18,3,[5 8],19,25,28,6,25
1,<environment.Job instance at 0x7fbb9c7ebfa0>,20,1,[6 3],21,28,29,7,27
1,<environment.Job instance at 0x7fbbe1ff31e0>,25,21,[2 5],26,51,72,25,51
1,<environment.Job instance at 0x7fbbe2814aa0>,26,1,[7 2],27,51,52,24,51
1,<environment.Job instance at 0x7fbbe24d2e10>,27,2,[2 6],28,51,53,23,51
1,<environment.Job instance at 0x7fbbe1d08d20>,29,19,[9 1],30,52,71,22,51
1,<environment.Job instance at 0x7fbbe7028eb0>,33,27,[1 8],34,62,89,28,62
1,<environment.Job instance at 0x7fbbe1dffd70>,37,2,[2 8],38,89,91,51,73
1,<environment.Job instance at 0x7fbbe1dfffa0>,38,3,[5 9],39,91,94,52,73
1,<environment.Job instance at 0x7fbbe1dffb40>,40,3,[1 7],41,76,79,35,76
1,<environment.Job instance at 0x7fbbe1dff140>,42,3,[ 1 10],43,94,97,51,91
1,<environment.Job instance at 0x7fbbe7348eb0>,43,3,[7 3],44,91,94,47,91
1,<environment.Job instance at 0x7fbbe22621e0>,11,18,[2 9],12,106,124,94,106
1,<environment.Job instance at 0x7fbb9c5605a0>,47,22,[1 7],48,124,146,76,117
1,<environment.Job instance at 0x7fbb9c5607d0>,48,2,[5 7],49,124,126,75,117
1,<environment.Job instance at 0x7fbb9c348870>,52,1,[9 3],53,120,121,67,120
1,<environment.Job instance at 0x7fbb9c348910>,53,3,[ 3 14],54,146,149,92,120
1,<environment.Job instance at 0x7fbbe217c410>,54,14,[7 1],55,122,136,67,122
1,<environment.Job instance at 0x7fbbe217cd70>,55,25,[6 3],56,149,174,93,145
1,<environment.Job instance at 0x7fbbe217c500>,56,2,[5 1],57,145,147,88,145
1,<environment.Job instance at 0x7fbbe24f2140>,57,2,[4 5],58,149,151,91,145
1,<environment.Job instance at 0x7fbbe24f25f0>,60,2,[ 5 11],61,151,153,90,147
1,<environment.Job instance at 0x7fbbe20cabe0>,64,1,[5 7],65,163,164,98,163
1,<environment.Job instance at 0x7fbbe2157e10>,66,2,[2 9],67,174,176,107,174
1,<environment.Job instance at 0x7fbbe2157fa0>,67,3,[7 1],68,174,177,106,174
1,<environment.Job instance at 0x7fbb9c39c780>,69,27,[ 5 10],70,180,207,110,180
1,<environment.Job instance at 0x7fbbe1e36a50>,71,22,[ 1 10],72,207,229,135,200
1,<environment.Job instance at 0x7fbbe214faa0>,78,20,[6 2],79,202,222,123,202
1,<environment.Job instance at 0x7fbb9c090690>,13,2,[10  5],14,29,31,15,29
1,<environment.Job instance at 0x7fbb9c090870>,16,3,[8 1],17,45,48,28,45
1,<environment.Job instance at 0x7fbb9c0909b0>,18,21,[5 8],19,47,68,28,47
1,<environment.Job instance at 0x7fbb9c090b90>,21,28,[2 8],22,68,96,46,67
1,<environment.Job instance at 0x7fbb9c090cd0>,23,27,[9 3],24,75,102,51,75
1,<environment.Job instance at 0x7fbb9c090f00>,26,28,[1 7],27,96,124,69,95
1,<environment.Job instance at 0x7fbb9c090c80>,29,2,[ 4 11],30,124,126,94,115
1,<environment.Job instance at 0x7fbb9c092370>,31,1,[10  2],32,116,117,84,116
1,<environment.Job instance at 0x7fbb9c0925a0>,35,1,[8 2],36,119,120,83,119
1,<environment.Job instance at 0x7fbb9c092730>,36,28,[9 2],37,120,148,83,119
1,<environment.Job instance at 0x7fbb9c092410>,34,3,[11  1],35,148,151,113,137
1,<environment.Job instance at 0x7fbb9c092e10>,47,3,[ 1 12],48,139,142,91,139
1,<environment.Job instance at 0x7fbb9c0951e0>,51,1,[10  4],52,151,152,99,148
1,<environment.Job instance at 0x7fbb9c095320>,53,3,[6 2],54,152,155,98,148
1,<environment.Job instance at 0x7fbb9c095460>,56,23,[7 4],57,156,179,99,156
1,<environment.Job instance at 0x7fbb9c095690>,57,1,[9 4],58,179,180,121,156
1,<environment.Job instance at 0x7fbb9c095780>,63,20,[5 4],64,250,270,186,250
1,<environment.Job instance at 0x7fbb9c095be0>,66,2,[3 9],67,250,252,183,250
1,<environment.Job instance at 0x7fbb9c095f50>,67,2,[7 2],68,250,252,182,250
1,<environment.Job instance at 0x7fbb9c095d20>,69,1,[ 2 10],70,252,253,182,250
1,<environment.Job instance at 0x7fbb9c775c80>,1,27,[5 1],2,2,29,0,2
1,<environment.Job instance at 0x7fbb9c095e60>,2,21,[1 6],3,3,24,0,3
1,<environment.Job instance at 0x7fbbe2346f50>,6,25,[8 3],7,7,32,0,7
1,<environment.Job instance at 0x7fbb9c13ad70>,11,19,[10  1],12,32,51,20,22
1,<environment.Job instance at 0x7fbbe2075550>,16,25,[ 5 10],17,29,54,12,25
1,<environment.Job instance at 0x7fbb9c43e730>,25,1,[9 5],26,51,52,25,39
1,<environment.Job instance at 0x7fbb9c4d90a0>,31,2,[9 5],32,71,73,39,71
1,<environment.Job instance at 0x7fbbe203a8c0>,36,2,[13  5],37,88,90,51,88
1,<environment.Job instance at 0x7fbbe203aaa0>,37,1,[9 5],38,90,91,52,88
1,<environment.Job instance at 0x7fbb9c7821e0>,40,26,[6 3],41,103,129,62,103
1,<environment.Job instance at 0x7fbbe215e9b0>,22,18,[5 9],23,105,123,82,105
1,<environment.Job instance at 0x7fbb9c76e8c0>,44,1,[9 4],45,123,124,78,105
1,<environment.Job instance at 0x7fbbe2197b40>,45,23,[7 1],46,124,147,78,118
1,<environment.Job instance at 0x7fbbe2197730>,46,1,[4 9],47,129,130,82,118
1,<environment.Job instance at 0x7fbb9c549aa0>,55,18,[10  3],56,151,169,95,151
1,<environment.Job instance at 0x7fbb9c7e1af0>,58,1,[ 3 14],59,271,272,212,271
1,<environment.Job instance at 0x7fbb9c7e1d20>,59,2,[5 6],60,273,275,213,273
1,<environment.Job instance at 0x7fbb9c7e1b40>,60,1,[5 9],61,273,274,212,273
1,<environment.Job instance at 0x7fbb9c7e1550>,62,3,[5 2],63,274,277,211,273
1,<environment.Job instance at 0x7fbb9c7e17d0>,63,3,[9 2],64,275,278,211,274
1,<environment.Job instance at 0x7fbb9c82e0f0>,68,1,[8 4],69,321,322,252,321
1,<environment.Job instance at 0x7fbb9c82ed20>,70,2,[4 9],71,321,323,250,321
1,<environment.Job instance at 0x7fbb9c7db140>,0,28,[5 6],1,1,29,0,1
1,<environment.Job instance at 0x7fbbe2157cd0>,5,23,[5 3],6,6,29,0,6
1,<environment.Job instance at 0x7fbbe2169c30>,3,28,[ 1 11],4,29,57,25,28
1,<environment.Job instance at 0x7fbb9c52a460>,14,1,[6 1],15,30,31,15,30
1,<environment.Job instance at 0x7fbbe2415550>,19,1,[10  3],20,45,46,25,45
1,<environment.Job instance at 0x7fbb9c51f6e0>,24,1,[1 6],25,72,73,47,72
1,<environment.Job instance at 0x7fbbe2a121e0>,28,3,[7 1],29,92,95,63,92
1,<environment.Job instance at 0x7fbb9c7bcaa0>,29,1,[7 3],30,92,93,62,92
1,<environment.Job instance at 0x7fbb9c7bc910>,31,1,[9 5],32,106,107,74,106
1,<environment.Job instance at 0x7fbbe29aa3c0>,32,2,[ 2 10],33,106,108,73,106
1,<environment.Job instance at 0x7fbbe29aa6e0>,34,2,[4 6],35,108,110,73,106
1,<environment.Job instance at 0x7fbbe236c0f0>,35,2,[10  5],36,107,109,71,106
1,<environment.Job instance at 0x7fbbe236c9b0>,36,1,[5 7],37,109,110,72,106
1,<environment.Job instance at 0x7fbbe236c230>,37,2,[ 4 14],38,110,112,72,106
1,<environment.Job instance at 0x7fbbe236cf00>,40,1,[5 4],41,120,121,79,120
1,<environment.Job instance at 0x7fbbe236c870>,41,18,[4 8],42,123,141,81,123
1,<environment.Job instance at 0x7fbbe236c960>,42,1,[2 7],43,123,124,80,123
1,<environment.Job instance at 0x7fbbe236c410>,44,2,[ 1 12],45,141,143,96,123
1,<environment.Job instance at 0x7fbbe21c4050>,47,2,[6 4],48,136,138,88,136
1,<environment.Job instance at 0x7fbbe21c4d20>,50,25,[2 8],51,147,172,96,147
1,<environment.Job instance at 0x7fbbe21c4a50>,54,3,[ 3 14],55,174,177,119,174
1,<environment.Job instance at 0x7fbbe21c40f0>,55,1,[10  1],56,174,175,118,174
1,<environment.Job instance at 0x7fbbe21c42d0>,59,2,[13  5],60,194,196,134,194
1,<environment.Job instance at 0x7fbbe21c4190>,60,1,[4 8],61,196,197,135,194
1,<environment.Job instance at 0x7fbbe1cc8550>,62,3,[5 2],63,198,201,135,198
1,<environment.Job instance at 0x7fbbe1cc8a50>,63,2,[2 5],64,198,200,134,198
1,<environment.Job instance at 0x7fbbe2a9e3c0>,67,3,[8 5],68,229,232,161,229
1,<environment.Job instance at 0x7fbbe2a9e0a0>,68,1,[ 3 12],69,232,233,163,229
1,<environment.Job instance at 0x7fbb9c4477d0>,70,2,[5 6],71,230,232,159,230
1,<environment.Job instance at 0x7fbb9c447370>,71,13,[2 8],72,233,246,161,231
1,<environment.Job instance at 0x7fbbe2324370>,74,20,[9 5],75,248,268,173,248
1,<environment.Job instance at 0x7fbb9c50d870>,78,2,[8 5],79,268,270,189,265
1,<environment.Job instance at 0x7fbb9c3446e0>,6,1,[5 7],7,7,8,0,7
1,<environment.Job instance at 0x7fbb9c344780>,8,2,[7 3],9,9,11,0,9
1,<environment.Job instance at 0x7fbb9c3449b0>,9,1,[5 6],10,10,11,0,10
1,<environment.Job instance at 0x7fbb9c344f00>,16,2,[7 3],17,26,28,9,26
1,<environment.Job instance at 0x7fbb9c33e0f0>,17,25,[9 4],18,28,53,10,26
1,<environment.Job instance at 0x7fbb9c33e2d0>,19,2,[4 6],20,28,30,8,28
1,<environment.Job instance at 0x7fbb9c33e410>,21,3,[ 4 12],22,53,56,31,31
1,<environment.Job instance at 0x7fbb9c33e5f0>,24,1,[8 1],25,53,54,28,43
1,<environment.Job instance at 0x7fbb9c33eaf0>,29,2,[9 5],30,63,65,33,63
1,<environment.Job instance at 0x7fbb9c33ed20>,30,1,[8 5],31,65,66,34,63
1,<environment.Job instance at 0x7fbb9c33ef50>,32,2,[5 7],33,78,80,45,78
1,<environment.Job instance at 0x7fbb9c33ee10>,34,25,[7 4],35,78,103,43,78
1,<environment.Job instance at 0x7fbb9c31f050>,35,3,[1 6],36,80,83,44,78
1,<environment.Job instance at 0x7fbb9c31f0a0>,36,22,[ 4 10],37,83,105,46,78
1,<environment.Job instance at 0x7fbb9c31f320>,37,1,[5 7],38,105,106,67,78
1,<environment.Job instance at 0x7fbb9c31f370>,40,3,[7 3],41,103,106,62,93
1,<environment.Job instance at 0x7fbb9c31f5f0>,42,18,[5 8],43,106,124,63,103
1,<environment.Job instance at 0x7fbb9c31f820>,44,3,[3 5],45,107,110,62,107
1,<environment.Job instance at 0x7fbb9c31f910>,45,23,[8 2],46,110,133,64,107
1,<environment.Job instance at 0x7fbb9c31f9b0>,47,1,[8 3],48,133,134,85,111
1,<environment.Job instance at 0x7fbb9c31ff50>,54,3,[8 2],55,144,147,89,144
1,<environment.Job instance at 0x7fbb9c35b050>,55,3,[11  2],56,147,150,91,144
1,<environment.Job instance at 0x7fbb9c35b0a0>,56,3,[8 5],57,150,153,93,144
1,<environment.Job instance at 0x7fbb9c35b780>,62,23,[7 1],63,187,210,124,187
1,<environment.Job instance at 0x7fbb9c35b7d0>,63,2,[2 8],64,187,189,123,187
1,<environment.Job instance at 0x7fbb9c35bb40>,65,3,[13  2],66,210,213,144,191
1,<environment.Job instance at 0x7fbb9c35bbe0>,66,1,[9 4],67,213,214,146,191
1,<environment.Job instance at 0x7fbb9c35bc80>,67,3,[3 8],68,191,194,123,191
1,<environment.Job instance at 0x7fbb9c35bd20>,68,1,[13  4],69,214,215,145,191
1,<environment.Job instance at 0x7fbb9c1e1230>,1,23,[ 3 13],2,2,25,0,2
1,<environment.Job instance at 0x7fbb9c1e1a50>,10,20,[9 5],11,25,45,14,16
1,<environment.Job instance at 0x7fbb9c7cf640>,24,22,[9 5],25,45,67,20,38
1,<environment.Job instance at 0x7fbb9c7cf140>,25,3,[ 1 14],26,67,70,41,66
1,<environment.Job instance at 0x7fbb9c22a730>,21,18,[3 7],22,84,102,62,84
1,<environment.Job instance at 0x7fbb9c447b40>,37,2,[3 7],38,100,102,62,100
1,<environment.Job instance at 0x7fbb9c447690>,38,12,[10  1],39,102,114,63,102
1,<environment.Job instance at 0x7fbb9c447370>,39,21,[1 7],40,102,123,62,102
1,<environment.Job instance at 0x7fbb9c7a62d0>,41,2,[5 5],42,114,116,72,113
1,<environment.Job instance at 0x7fbb9c7a6a00>,43,2,[8 4],44,116,118,72,116
1,<environment.Job instance at 0x7fbb9c7a6140>,44,1,[10  4],45,118,119,73,116
1,<environment.Job instance at 0x7fbb9c7a6d20>,47,17,[8 2],48,141,158,93,141
1,<environment.Job instance at 0x7fbb9c7a6870>,50,2,[8 1],51,158,160,107,141
1,<environment.Job instance at 0x7fbbe2073d70>,51,1,[9 4],52,160,161,108,141
1,<environment.Job instance at 0x7fbbe84053c0>,53,2,[1 7],54,143,145,89,143
1,<environment.Job instance at 0x7fbbe2073780>,54,2,[1 6],55,143,145,88,143
1,<environment.Job instance at 0x7fbb9c60b2d0>,58,1,[8 2],59,162,163,103,162
1,<environment.Job instance at 0x7fbb9c60bd20>,59,3,[2 6],60,163,166,103,163
1,<environment.Job instance at 0x7fbb9c60b4b0>,61,1,[9 4],62,163,164,101,163
1,<environment.Job instance at 0x7fbbe24f3eb0>,62,2,[2 7],63,164,166,101,163
1,<environment.Job instance at 0x7fbbe24f3c30>,65,2,[3 7],66,182,184,116,182
1,<environment.Job instance at 0x7fbbe24f3870>,66,1,[11  2],67,182,183,115,182
1,<environment.Job instance at 0x7fbb9c730050>,72,1,[6 3],73,211,212,138,211
1,<environment.Job instance at 0x7fbb9c730780>,74,1,[5 4],75,211,212,136,211
1,<environment.Job instance at 0x7fbb9c730370>,76,3,[6 2],77,223,226,146,223
1,<environment.Job instance at 0x7fbb9c730b90>,77,1,[6 3],78,223,224,145,223
1,<environment.Job instance at 0x7fbb9c730280>,78,19,[7 1],79,224,243,145,223
1,<environment.Job instance at 0x7fbbe23ad690>,6,1,[2 5],7,7,8,0,7
1,<environment.Job instance at 0x7fbbe2a10640>,10,27,[7 4],11,11,38,0,11
1,<environment.Job instance at 0x7fbbe2a10d70>,15,2,[ 1 12],16,38,40,22,27
1,<environment.Job instance at 0x7fbbe1f13960>,20,25,[ 1 14],21,45,70,24,45
1,<environment.Job instance at 0x7fbbe1f13dc0>,23,1,[ 4 13],24,70,71,46,58
1,<environment.Job instance at 0x7fbbe1f130f0>,24,19,[9 1],25,58,77,33,58
1,<environment.Job instance at 0x7fbbe2675c30>,30,1,[2 6],31,77,78,46,77
1,<environment.Job instance at 0x7fbbe1f137d0>,25,3,[ 4 11],26,93,96,67,93
1,<environment.Job instance at 0x7fbb9c14c190>,35,1,[5 2],36,99,100,63,99
1,<environment.Job instance at 0x7fbb9c14c4b0>,40,2,[9 1],41,120,122,79,120
1,<environment.Job instance at 0x7fbb9c14c230>,41,2,[6 2],42,122,124,80,122
1,<environment.Job instance at 0x7fbb9c14c2d0>,38,3,[11  1],39,124,127,85,122
1,<environment.Job instance at 0x7fbb9c14c5f0>,43,2,[2 7],44,123,125,79,123
1,<environment.Job instance at 0x7fbb9c14ccd0>,44,1,[9 2],45,127,128,82,123
1,<environment.Job instance at 0x7fbb9c14caa0>,47,22,[6 1],48,132,154,84,132
1,<environment.Job instance at 0x7fbb9c14cdc0>,51,18,[5 9],52,145,163,93,145
1,<environment.Job instance at 0x7fbbe1d84320>,52,2,[8 2],53,154,156,101,145
1,<environment.Job instance at 0x7fbbe1d84e10>,53,2,[8 1],54,156,158,102,145
1,<environment.Job instance at 0x7fbbe1d845a0>,54,1,[ 3 10],55,163,164,108,145
1,<environment.Job instance at 0x7fbbe1d84d20>,62,19,[8 3],63,179,198,116,179
1,<environment.Job instance at 0x7fbbe1d6ac80>,65,1,[7 1],66,198,199,132,198
1,<environment.Job instance at 0x7fbbe1d6a730>,66,23,[5 5],67,198,221,131,198
1,<environment.Job instance at 0x7fbbe1d6a140>,67,1,[2 6],68,198,199,130,198
1,<environment.Job instance at 0x7fbbe1d6a9b0>,69,25,[7 3],70,204,229,134,204
1,<environment.Job instance at 0x7fbbe1d6a910>,70,1,[12  5],71,229,230,158,219
1,<environment.Job instance at 0x7fbbe2073b90>,1,3,[ 3 11],2,11,14,9,11
1,<environment.Job instance at 0x7fbbe23b0a50>,11,1,[4 7],12,14,15,2,12
1,<environment.Job instance at 0x7fbbe23b0550>,12,19,[6 2],13,13,32,0,13
1,<environment.Job instance at 0x7fbbe23b08c0>,14,1,[1 7],15,15,16,0,15
1,<environment.Job instance at 0x7fbbe23bc190>,15,3,[14  4],16,32,35,16,19
1,<environment.Job instance at 0x7fbbe2394320>,21,2,[11  4],22,38,40,16,38
1,<environment.Job instance at 0x7fbb9c1a60a0>,25,3,[3 9],26,43,46,17,43
1,<environment.Job instance at 0x7fbbe23c87d0>,28,22,[ 1 13],29,58,80,29,58
1,<environment.Job instance at 0x7fbbe265a780>,35,18,[5 8],36,91,109,55,91
1,<environment.Job instance at 0x7fbb9c1cdd70>,37,1,[9 1],38,91,92,53,91
1,<environment.Job instance at 0x7fbb9c4cb280>,38,2,[11  2],39,109,111,70,91
1,<environment.Job instance at 0x7fbbe2121c80>,39,23,[4 9],40,109,132,69,103
1,<environment.Job instance at 0x7fbb9c5146e0>,43,1,[5 5],44,103,104,59,103
1,<environment.Job instance at 0x7fbb9c514b90>,44,22,[5 8],45,132,154,87,125
1,<environment.Job instance at 0x7fbbe206f0f0>,49,3,[4 5],50,128,131,78,128
1,<environment.Job instance at 0x7fbb9c0eaa50>,52,1,[10  2],53,139,140,86,139
1,<environment.Job instance at 0x7fbb9c0eadc0>,53,1,[2 9],54,154,155,100,139
1,<environment.Job instance at 0x7fbb9c0eaaa0>,54,1,[10  4],55,140,141,85,139
1,<environment.Job instance at 0x7fbb9c0ea3c0>,56,1,[1 8],57,155,156,98,139
1,<environment.Job instance at 0x7fbb9c69cd20>,60,2,[ 4 14],61,157,159,96,157
1,<environment.Job instance at 0x7fbb9c0e6b90>,65,3,[10  2],66,175,178,109,175
1,<environment.Job instance at 0x7fbb9c0e6870>,67,2,[9 1],68,178,180,110,175
1,<environment.Job instance at 0x7fbb9c0e6a50>,68,2,[ 2 10],69,175,177,106,175
1,<environment.Job instance at 0x7fbbe214eb40>,75,1,[5 6],76,224,225,148,224
1,<environment.Job instance at 0x7fbbe214ecd0>,78,3,[6 3],79,226,229,147,226
1,<environment.Job instance at 0x7fbbe7352410>,0,1,[4 8],1,2,3,1,2
1,<environment.Job instance at 0x7fbbe2443050>,5,20,[10  3],6,6,26,0,6
1,<environment.Job instance at 0x7fbbe2a4bbe0>,16,2,[ 5 12],17,22,24,5,22
1,<environment.Job instance at 0x7fbbe1c7f460>,17,23,[6 1],18,26,49,8,22
1,<environment.Job instance at 0x7fbbe2ab4640>,24,2,[9 2],25,27,29,2,27
1,<environment.Job instance at 0x7fbbe21c9280>,30,25,[9 4],31,55,80,24,55
1,<environment.Job instance at 0x7fbbe21c91e0>,33,3,[3 9],34,70,73,36,70
1,<environment.Job instance at 0x7fbbe21c9780>,34,28,[ 5 10],35,73,101,38,72
1,<environment.Job instance at 0x7fbbe21c98c0>,37,27,[2 9],38,101,128,63,99
1,<environment.Job instance at 0x7fbb9bfb2d70>,38,26,[4 9],39,128,154,89,125
1,<environment.Job instance at 0x7fbb9bfb25a0>,39,1,[10  5],40,125,126,85,125
1,<environment.Job instance at 0x7fbbe2218dc0>,48,19,[2 7],49,154,173,105,144
1,<environment.Job instance at 0x7fbb9c62a500>,49,3,[6 1],50,144,147,94,144
1,<environment.Job instance at 0x7fbb9c62a280>,51,2,[6 2],52,147,149,95,146
1,<environment.Job instance at 0x7fbb9c62a780>,52,22,[5 4],53,146,168,93,146
1,<environment.Job instance at 0x7fbbe22db9b0>,63,16,[1 5],64,192,208,128,192
1,<environment.Job instance at 0x7fbbe22dbaa0>,64,2,[9 5],65,192,194,127,192
1,<environment.Job instance at 0x7fbbe2454050>,67,26,[10  5],68,195,221,127,195
1,<environment.Job instance at 0x7fbbe236deb0>,72,3,[1 7],73,227,230,154,227
1,<environment.Job instance at 0x7fbbe2236c30>,74,19,[2 5],75,230,249,155,230
1,<environment.Job instance at 0x7fbbe2860fa0>,77,1,[3 8],78,242,243,164,242
1,<environment.Job instance at 0x7fbb9bf00190>,3,23,[1 7],4,4,27,0,4
1,<environment.Job instance at 0x7fbb9bf00910>,4,22,[1 8],5,5,27,0,5
1,<environment.Job instance at 0x7fbb9be9e0f0>,12,26,[1 5],13,27,53,14,24
1,<environment.Job instance at 0x7fbb9be9e870>,19,2,[3 9],20,27,29,7,27
1,<environment.Job instance at 0x7fbb9be9e1e0>,22,22,[5 3],23,29,51,6,29
1,<environment.Job instance at 0x7fbb9be9e690>,23,1,[8 4],24,29,30,5,29
1,<environment.Job instance at 0x7fbb9be9f8c0>,25,1,[8 5],26,41,42,15,41
1,<environment.Job instance at 0x7fbb9be9f460>,27,24,[2 8],28,51,75,23,46
1,<environment.Job instance at 0x7fbb9be9fe10>,28,2,[5 7],29,46,48,17,46
1,<environment.Job instance at 0x7fbb9be9f7d0>,33,26,[1 8],34,75,101,41,72
1,<environment.Job instance at 0x7fbb9beffd70>,37,3,[7 5],38,81,84,43,81
1,<environment.Job instance at 0x7fbb9befff00>,40,1,[3 5],41,87,88,46,87
1,<environment.Job instance at 0x7fbb9beffdc0>,41,23,[9 4],42,88,111,46,87
1,<environment.Job instance at 0x7fbb9beffb40>,45,2,[1 9],46,101,103,55,98
1,<environment.Job instance at 0x7fbb9beff190>,47,1,[ 1 10],48,105,106,57,105
1,<environment.Job instance at 0x7fbb9beffe10>,49,1,[6 4],50,109,110,59,109
1,<environment.Job instance at 0x7fbb9c021fa0>,54,3,[3 9],55,128,131,73,128
1,<environment.Job instance at 0x7fbb9c0210a0>,55,2,[10  1],56,128,130,72,128
1,<environment.Job instance at 0x7fbb9c0210f0>,58,3,[5 9],59,139,142,80,139
1,<environment.Job instance at 0x7fbb9c021370>,59,1,[10  2],60,139,140,79,139
1,<environment.Job instance at 0x7fbb9c021960>,61,2,[4 9],62,145,147,83,145
1,<environment.Job instance at 0x7fbb9c021230>,65,3,[3 8],66,159,162,93,159
1,<environment.Job instance at 0x7fbb9c021690>,68,1,[8 3],69,171,172,102,171
1,<environment.Job instance at 0x7fbb9c0214b0>,71,2,[5 4],72,185,187,113,185
1,<environment.Job instance at 0x7fbbe1de6f00>,73,3,[ 2 10],74,185,188,111,185
1,<environment.Job instance at 0x7fbbe1de6a50>,76,2,[ 2 10],77,200,202,123,200
1,<environment.Job instance at 0x7fbbe72aa370>,1,3,[13  1],2,7,10,5,7
1,<environment.Job instance at 0x7fbb9c568cd0>,7,1,[ 5 10],8,10,11,2,8
1,<environment.Job instance at 0x7fbb9c5612d0>,15,1,[ 3 12],16,16,17,0,16
1,<environment.Job instance at 0x7fbb9c5611e0>,18,3,[ 5 12],19,27,30,8,27
1,<environment.Job instance at 0x7fbb9c5619b0>,20,2,[5 4],21,30,32,9,27
1,<environment.Job instance at 0x7fbb9c5623c0>,25,22,[5 2],26,43,65,17,43
1,<environment.Job instance at 0x7fbb9c562d70>,26,1,[11  1],27,65,66,38,43
1,<environment.Job instance at 0x7fbb9c587410>,27,2,[2 6],28,43,45,15,43
1,<environment.Job instance at 0x7fbbe2981320>,31,28,[7 5],32,66,94,34,65
1,<environment.Job instance at 0x7fbb9c594410>,34,26,[7 1],35,74,100,39,74
1,<environment.Job instance at 0x7fbb9c594b90>,33,2,[14  5],34,100,102,66,91
1,<environment.Job instance at 0x7fbb9c8a8730>,38,1,[5 1],39,94,95,55,91
1,<environment.Job instance at 0x7fbb9c8cc640>,40,2,[1 9],41,91,93,50,91
1,<environment.Job instance at 0x7fbb9c0502d0>,43,3,[6 1],44,95,98,51,95
1,<environment.Job instance at 0x7fbbe1d4b230>,44,3,[1 6],45,95,98,50,95
1,<environment.Job instance at 0x7fbbe1d4bf00>,46,1,[7 1],47,102,103,55,102
1,<environment.Job instance at 0x7fbb9c8d1be0>,35,18,[10  4],36,103,121,67,103
1,<environment.Job instance at 0x7fbbe1ffeeb0>,50,24,[10  5],51,121,145,70,116
1,<environment.Job instance at 0x7fbbe1ffe9b0>,51,3,[ 4 12],52,145,148,93,140
1,<environment.Job instance at 0x7fbbe1d61e10>,58,27,[5 1],59,175,202,116,175
1,<environment.Job instance at 0x7fbbe1d61190>,60,1,[2 7],61,182,183,121,182
1,<environment.Job instance at 0x7fbbe1d61b90>,61,2,[ 1 10],62,183,185,121,182
1,<environment.Job instance at 0x7fbbe262bc30>,62,3,[2 6],63,185,188,122,182
1,<environment.Job instance at 0x7fbbe262b910>,64,2,[10  3],65,189,191,124,189
1,<environment.Job instance at 0x7fbbe263e5a0>,65,1,[5 2],66,191,192,125,189
1,<environment.Job instance at 0x7fbbe263efa0>,67,2,[5 5],68,191,193,123,191
1,<environment.Job instance at 0x7fbbe263e780>,68,27,[1 7],69,192,219,123,191
1,<environment.Job instance at 0x7fbbe1e8fbe0>,9,2,[ 3 10],10,11,13,1,11
1,<environment.Job instance at 0x7fbbe1e8f5f0>,13,1,[5 5],14,20,21,6,20
1,<environment.Job instance at 0x7fbb9bfed780>,16,18,[ 2 10],17,39,57,22,39
1,<environment.Job instance at 0x7fbbe70b3fa0>,19,1,[6 1],20,39,40,19,39
1,<environment.Job instance at 0x7fbbe213c0f0>,23,3,[ 2 10],24,59,62,35,59
1,<environment.Job instance at 0x7fbbe23002d0>,26,3,[1 8],27,62,65,35,59
1,<environment.Job instance at 0x7fbbe1fd1aa0>,27,1,[3 5],28,59,60,31,59
1,<environment.Job instance at 0x7fbbe1fd12d0>,28,25,[5 5],29,60,85,31,59
1,<environment.Job instance at 0x7fbb9c0c53c0>,29,2,[5 1],30,62,64,32,59
1,<environment.Job instance at 0x7fbb9bfeddc0>,17,18,[5 9],18,65,83,47,63
1,<environment.Job instance at 0x7fbbe1df4e60>,40,22,[4 6],41,129,151,88,129
1,<environment.Job instance at 0x7fbb9c387460>,41,2,[1 8],42,129,131,87,129
1,<environment.Job instance at 0x7fbb9c387190>,44,18,[10  2],45,150,168,105,150
1,<environment.Job instance at 0x7fbb9c3872d0>,49,2,[2 5],50,166,168,116,166
1,<environment.Job instance at 0x7fbb9c3871e0>,50,3,[7 5],51,168,171,117,166
1,<environment.Job instance at 0x7fbb9c387230>,51,2,[5 4],52,168,170,116,166
1,<environment.Job instance at 0x7fbb9c387af0>,54,13,[9 1],55,172,185,117,172
1,<environment.Job instance at 0x7fbb9c3879b0>,56,3,[1 8],57,179,182,122,179
1,<environment.Job instance at 0x7fbb9c387140>,57,3,[6 1],58,182,185,124,179
1,<environment.Job instance at 0x7fbb9c2dfcd0>,2,1,[ 3 10],3,3,4,0,3
1,<environment.Job instance at 0x7fbbe70db690>,9,2,[1 8],10,10,12,0,10
1,<environment.Job instance at 0x7fbbe1d200a0>,1,3,[ 3 11],2,12,15,10,11
1,<environment.Job instance at 0x7fbb9beffbe0>,14,26,[10  2],15,15,41,0,15
1,<environment.Job instance at 0x7fbbe255efa0>,18,3,[2 8],19,19,22,0,19
1,<environment.Job instance at 0x7fbbe255e820>,19,2,[4 5],20,22,24,2,20
1,<environment.Job instance at 0x7fbbe255e050>,20,1,[7 1],21,41,42,20,21
1,<environment.Job instance at 0x7fbbe255e190>,21,2,[2 6],22,24,26,2,22
1,<environment.Job instance at 0x7fbbe255e1e0>,22,20,[5 2],23,26,46,3,23
1,<environment.Job instance at 0x7fbbe255e3c0>,26,1,[5 5],27,42,43,15,30
1,<environment.Job instance at 0x7fbb9c248dc0>,30,2,[10  1],31,43,45,12,31
1,<environment.Job instance at 0x7fbb9c248a00>,34,3,[2 8],35,46,49,11,46
1,<environment.Job instance at 0x7fbb9bf6a690>,36,20,[4 9],37,51,71,14,51
1,<environment.Job instance at 0x7fbb9bf6ae60>,39,1,[6 3],40,54,55,14,54
1,<environment.Job instance at 0x7fbb9bf6acd0>,43,21,[5 7],44,71,92,27,63
1,<environment.Job instance at 0x7fbb9bf6a320>,41,2,[ 2 13],42,92,94,50,66
1,<environment.Job instance at 0x7fbb9bf6aaf0>,46,2,[8 3],47,66,68,19,66
1,<environment.Job instance at 0x7fbb9bff2a00>,48,2,[12  1],49,92,94,43,73
1,<environment.Job instance at 0x7fbb9bff2730>,49,27,[ 5 11],50,94,121,44,92
1,<environment.Job instance at 0x7fbb9bff2870>,52,19,[4 7],53,121,140,68,111
1,<environment.Job instance at 0x7fbb9bff2dc0>,53,25,[9 3],54,111,136,57,111
1,<environment.Job instance at 0x7fbbe2166780>,60,26,[9 4],61,136,162,75,133
1,<environment.Job instance at 0x7fbb9bff2af0>,56,19,[9 4],57,162,181,105,152
1,<environment.Job instance at 0x7fbbe2166e60>,64,1,[7 2],65,181,182,116,153
1,<environment.Job instance at 0x7fbbe21662d0>,67,1,[6 4],68,161,162,93,161
1,<environment.Job instance at 0x7fbbe2166320>,68,24,[8 3],69,181,205,112,176
1,<environment.Job instance at 0x7fbbe2166a00>,73,2,[1 5],74,184,186,110,184
1,<environment.Job instance at 0x7fbb9bff5780>,78,2,[6 4],79,197,199,118,197
1,<environment.Job instance at 0x7fbbe25a1730>,0,22,[1 9],1,1,23,0,1
1,<environment.Job instance at 0x7fbbe2599d20>,13,26,[2 9],14,23,49,9,20
1,<environment.Job instance at 0x7fbbe25b87d0>,8,2,[ 4 12],9,49,51,40,34
1,<environment.Job instance at 0x7fbbe2593960>,26,1,[5 3],27,49,50,22,49
1,<environment.Job instance at 0x7fbbe25934b0>,23,18,[1 8],24,54,72,30,54
1,<environment.Job instance at 0x7fbbe2593aa0>,30,1,[1 7],31,62,63,31,62
1,<environment.Job instance at 0x7fbbe2593910>,32,2,[1 9],33,72,74,39,62
1,<environment.Job instance at 0x7fbbe25931e0>,36,1,[6 3],37,69,70,32,69
1,<environment.Job instance at 0x7fbbe2595dc0>,37,1,[5 4],38,69,70,31,69
1,<environment.Job instance at 0x7fbbe2595eb0>,39,1,[3 5],40,76,77,36,76
1,<environment.Job instance at 0x7fbbe2595320>,40,1,[4 9],41,76,77,35,76
1,<environment.Job instance at 0x7fbbe2595050>,42,18,[7 3],43,78,96,35,78
1,<environment.Job instance at 0x7fbbe25956e0>,44,2,[7 3],45,80,82,35,80
1,<environment.Job instance at 0x7fbbe2595b40>,48,2,[1 6],49,105,107,56,105
1,<environment.Job instance at 0x7fbbe2595140>,49,23,[5 5],50,105,128,55,105
1,<environment.Job instance at 0x7fbb9c3c49b0>,55,24,[7 5],56,123,147,67,123
1,<environment.Job instance at 0x7fbb9c3c4af0>,57,3,[ 2 13],58,147,150,89,125
1,<environment.Job instance at 0x7fbb9c3b3910>,61,2,[4 8],62,134,136,72,134
1,<environment.Job instance at 0x7fbb9c3b3fa0>,64,3,[9 3],65,150,153,85,141
1,<environment.Job instance at 0x7fbb9c3ba8c0>,65,2,[7 1],66,141,143,75,141
1,<environment.Job instance at 0x7fbb9c3ba910>,68,3,[10  1],69,153,156,84,151
1,<environment.Job instance at 0x7fbb9c3bae10>,70,1,[13  2],71,158,159,87,158
1,<environment.Job instance at 0x7fbb9c3ba1e0>,73,1,[ 2 13],74,175,176,101,175
1,<environment.Job instance at 0x7fbb9c3baa00>,74,2,[ 4 10],75,176,178,101,175
1,<environment.Job instance at 0x7fbb9c3ba7d0>,75,19,[8 1],76,175,194,99,175
1,<environment.Job instance at 0x7fbb9c3da0a0>,76,1,[ 4 11],77,178,179,101,175
1,<environment.Job instance at 0x7f1dc72a2370>,1,22,[11  3],2,2,24,0,2
1,<environment.Job instance at 0x7f1dbfe93a50>,12,26,[ 1 10],13,13,39,0,13
1,<environment.Job instance at 0x7f1dbfe93690>,6,20,[6 1],7,26,46,19,26
1,<environment.Job instance at 0x7f1dbfe93f50>,20,1,[7 5],21,42,43,21,42
1,<environment.Job instance at 0x7f1dbfe960a0>,21,1,[6 5],22,43,44,21,42
1,<environment.Job instance at 0x7f1dbfe96230>,22,1,[2 7],23,42,43,19,42
1,<environment.Job instance at 0x7f1dbfe962d0>,23,27,[1 6],24,43,70,19,42
1,<environment.Job instance at 0x7f1dbfe96690>,28,23,[10  4],29,61,84,32,61
1,<environment.Job instance at 0x7f1dbfe96d70>,34,24,[1 8],35,77,101,42,77
1,<environment.Job instance at 0x7f1dbfe96d20>,37,2,[2 6],38,84,86,46,80
1,<environment.Job instance at 0x7f1dbfe96f00>,38,2,[ 1 10],39,101,103,62,80
1,<environment.Job instance at 0x7f1dbfe970f0>,41,1,[5 2],42,94,95,52,94
1,<environment.Job instance at 0x7f1dbfe975a0>,42,2,[4 6],43,95,97,52,94
1,<environment.Job instance at 0x7f1dbfe977d0>,44,3,[5 5],45,97,100,52,97
1,<environment.Job instance at 0x7f1dbfe979b0>,47,2,[6 5],48,113,115,65,113
1,<environment.Job instance at 0x7f1dbfe97640>,51,3,[1 5],52,132,135,80,132
1,<environment.Job instance at 0x7f1dbfe97cd0>,52,1,[8 5],53,132,133,79,132
1,<environment.Job instance at 0x7f1dbfe97d70>,2,20,[1 5],3,3,23,0,3
1,<environment.Job instance at 0x7f1dc740ff00>,7,2,[ 5 11],8,23,25,15,11
1,<environment.Job instance at 0x7f1dc740f320>,8,2,[5 2],9,11,13,2,11
1,<environment.Job instance at 0x7f1dc7408b90>,18,3,[10  4],19,36,39,17,36
1,<environment.Job instance at 0x7f1dc7408eb0>,19,1,[10  4],20,39,40,19,36
1,<environment.Job instance at 0x7f1dc7408d20>,21,26,[ 5 10],22,36,62,14,36
1,<environment.Job instance at 0x7f1dc7408a00>,22,2,[6 2],23,40,42,17,36
1,<environment.Job instance at 0x7f1dc7414f00>,26,3,[ 1 12],27,62,65,35,52
1,<environment.Job instance at 0x7f1dc7414b90>,27,1,[1 5],28,52,53,24,52
1,<environment.Job instance at 0x7f1dc7414af0>,28,1,[3 6],29,65,66,36,52
1,<environment.Job instance at 0x7f1dc7414eb0>,29,20,[2 6],30,65,85,35,56
1,<environment.Job instance at 0x7f1dc74142d0>,30,2,[7 2],31,56,58,25,56
1,<environment.Job instance at 0x7f1dc7414c80>,32,3,[ 4 12],33,85,88,52,77
1,<environment.Job instance at 0x7f1dc7414410>,34,1,[8 4],35,80,81,45,80
1,<environment.Job instance at 0x7f1dc741b910>,35,21,[4 5],36,88,109,52,80
1,<environment.Job instance at 0x7f1dc741b5f0>,36,3,[ 5 10],37,88,91,51,80
1,<environment.Job instance at 0x7f1dc741b190>,37,22,[4 5],38,91,113,53,84
1,<environment.Job instance at 0x7f1dc741beb0>,38,23,[ 2 14],39,113,136,74,107
1,<environment.Job instance at 0x7f1dc7415fa0>,39,2,[1 8],40,109,111,69,107
1,<environment.Job instance at 0x7f1dc7415820>,41,1,[3 9],42,111,112,69,108
1,<environment.Job instance at 0x7f1dc7415690>,44,3,[5 6],45,136,139,91,115
1,<environment.Job instance at 0x7f1dc7415190>,46,1,[9 3],47,136,137,89,117
1,<environment.Job instance at 0x7f1dc7415eb0>,47,20,[9 2],48,137,157,89,128
1,<environment.Job instance at 0x7f1d7c1a6cd0>,0,1,[5 8],1,2,3,1,2
1,<environment.Job instance at 0x7f1d7c199b90>,8,21,[9 4],9,9,30,0,9
1,<environment.Job instance at 0x7f1d7c0e4af0>,24,3,[9 2],25,44,47,19,44
1,<environment.Job instance at 0x7f1d7c0e4690>,26,3,[2 8],27,48,51,21,48
1,<environment.Job instance at 0x7f1d7c0e45f0>,27,1,[2 8],28,51,52,23,48
1,<environment.Job instance at 0x7f1d7c0e45a0>,28,2,[13  1],29,48,50,19,48
1,<environment.Job instance at 0x7f1d7c0e4280>,29,2,[10  4],30,50,52,20,48
1,<environment.Job instance at 0x7f1d7c0e46e0>,31,3,[13  5],32,52,55,20,49
1,<environment.Job instance at 0x7f1d7c0e4a50>,32,2,[ 1 12],33,55,57,22,49
1,<environment.Job instance at 0x7f1d7c0e4230>,33,2,[5 6],34,57,59,23,49
1,<environment.Job instance at 0x7f1d7c0e48c0>,35,2,[5 5],36,57,59,21,49
1,<environment.Job instance at 0x7f1d7c2c3dc0>,37,3,[1 5],38,61,64,23,61
1,<environment.Job instance at 0x7f1d7c2c3fa0>,38,1,[10  5],39,61,62,22,61
1,<environment.Job instance at 0x7f1d7c2c3500>,39,1,[ 2 10],40,62,63,22,61
1,<environment.Job instance at 0x7f1d7c199550>,10,18,[10  3],11,70,88,59,70
1,<environment.Job instance at 0x7f1d7c2c3a00>,42,1,[ 4 13],43,88,89,45,74
1,<environment.Job instance at 0x7f1d7c2c3910>,45,1,[3 8],46,82,83,36,82
1,<environment.Job instance at 0x7f1d7c0de3c0>,51,1,[8 3],52,118,119,66,118
1,<environment.Job instance at 0x7f1d7c0de2d0>,52,20,[1 7],53,118,138,65,118
1,<environment.Job instance at 0x7f1d7c0de960>,53,1,[ 4 10],54,138,139,84,118
1,<environment.Job instance at 0x7f1d7c0defa0>,54,3,[4 7],55,119,122,64,118
1,<environment.Job instance at 0x7f1d7c0de780>,56,19,[2 7],57,139,158,82,129
1,<environment.Job instance at 0x7f1d7c0de9b0>,59,2,[5 8],60,131,133,71,131
1,<environment.Job instance at 0x7f1d7c0de820>,60,24,[ 1 10],61,158,182,97,153
1,<environment.Job instance at 0x7f1d7c1a3230>,62,2,[9 3],63,153,155,90,153
1,<environment.Job instance at 0x7f1d7c1a3550>,63,24,[7 4],64,155,179,91,153
1,<environment.Job instance at 0x7f1d7c1a3640>,69,3,[5 1],70,177,180,107,177
1,<environment.Job instance at 0x7f1d7c1a3f00>,71,27,[4 7],72,182,209,110,180
1,<environment.Job instance at 0x7f1d7c1a3be0>,72,26,[8 4],73,180,206,107,180
1,<environment.Job instance at 0x7f1d7c193c80>,76,3,[9 1],77,206,209,129,205
1,<environment.Job instance at 0x7f1d7c1a34b0>,65,3,[12  3],66,209,212,143,205
1,<environment.Job instance at 0x7f1d7c193370>,79,1,[5 4],80,212,213,132,205
1,<environment.Job instance at 0x7f1d7c1939b0>,80,25,[ 3 10],81,209,234,128,205
1,<environment.Job instance at 0x7f1d7c226e10>,3,23,[10  1],4,4,27,0,4
1,<environment.Job instance at 0x7f1d7c7c6f50>,6,28,[6 5],7,27,55,20,26
1,<environment.Job instance at 0x7f1d7c7c6280>,5,1,[8 1],6,27,28,21,26
1,<environment.Job instance at 0x7f1d7c544050>,10,2,[ 5 10],11,28,30,17,26
1,<environment.Job instance at 0x7f1d7c29aaa0>,12,2,[2 6],13,30,32,17,26
1,<environment.Job instance at 0x7f1d7c29a190>,19,28,[5 3],20,30,58,10,30
1,<environment.Job instance at 0x7f1d7c197780>,26,1,[7 3],27,58,59,31,58
1,<environment.Job instance at 0x7f1d7c197870>,28,1,[2 7],29,59,60,30,59
1,<environment.Job instance at 0x7f1d7c667eb0>,32,25,[6 3],33,77,102,44,77
1,<environment.Job instance at 0x7f1d7c260c30>,40,1,[ 1 10],41,119,120,78,119
1,<environment.Job instance at 0x7f1d7c696d20>,42,1,[5 9],43,120,121,77,119
1,<environment.Job instance at 0x7f1d7c696eb0>,43,20,[2 6],44,120,140,76,119
1,<environment.Job instance at 0x7f1d7c6960f0>,45,3,[5 2],46,133,136,87,133
1,<environment.Job instance at 0x7f1d7c696460>,47,1,[8 5],48,133,134,85,133
1,<environment.Job instance at 0x7f1d7c696410>,51,2,[1 7],52,145,147,93,145
1,<environment.Job instance at 0x7f1d7c768140>,52,3,[ 3 11],53,147,150,94,145
1,<environment.Job instance at 0x7f1d7c1970a0>,22,18,[8 2],23,157,175,134,157
1,<environment.Job instance at 0x7f1d7c28c050>,57,1,[9 3],58,175,176,117,157
1,<environment.Job instance at 0x7f1d7c53e190>,60,24,[2 8],61,172,196,111,172
1,<environment.Job instance at 0x7f1d7c75cfa0>,61,24,[9 1],62,176,200,114,172
1,<environment.Job instance at 0x7f1d7c53e730>,63,24,[10  5],64,200,224,136,195
1,<environment.Job instance at 0x7f1d7c6431e0>,64,23,[10  2],65,224,247,159,218
1,<environment.Job instance at 0x7f1d7c607b40>,76,1,[2 6],77,264,265,187,264
1,<environment.Job instance at 0x7f1dc74117d0>,0,27,[ 5 10],1,1,28,0,1
1,<environment.Job instance at 0x7f1d7c57e820>,6,25,[ 5 10],7,28,53,21,24
1,<environment.Job instance at 0x7f1d7c589690>,29,3,[5 5],30,55,58,25,55
1,<environment.Job instance at 0x7f1d7c589730>,30,18,[9 5],31,56,74,25,56
1,<environment.Job instance at 0x7f1d7c5897d0>,31,3,[9 4],32,74,77,42,56
1,<environment.Job instance at 0x7f1d7c589870>,32,1,[7 4],33,77,78,44,56
1,<environment.Job instance at 0x7f1d7c589910>,33,2,[9 2],34,78,80,44,56
1,<environment.Job instance at 0x7f1d7c589a50>,35,2,[ 4 11],36,74,76,38,61
1,<environment.Job instance at 0x7f1d7c589cd0>,38,1,[2 6],39,71,72,32,71
1,<environment.Job instance at 0x7f1d7c589f50>,42,19,[8 2],43,80,99,37,80
1,<environment.Job instance at 0x7f1d7c589b90>,43,2,[ 2 14],44,99,101,55,87
1,<environment.Job instance at 0x7f1d7c587230>,45,3,[2 5],46,87,90,41,87
1,<environment.Job instance at 0x7f1d7c587370>,46,2,[11  3],47,101,103,54,89
1,<environment.Job instance at 0x7f1d7c587500>,47,2,[12  2],48,103,105,55,89
1,<environment.Job instance at 0x7f1d7c587730>,51,3,[7 3],52,105,108,53,103
1,<environment.Job instance at 0x7f1d7c5876e0>,52,2,[12  5],53,108,110,55,103
1,<environment.Job instance at 0x7f1d7c5878c0>,53,1,[1 7],54,103,104,49,103
1,<environment.Job instance at 0x7f1d7c587960>,54,1,[14  4],55,110,111,55,103
1,<environment.Job instance at 0x7f1d7c587e60>,56,3,[8 1],57,120,123,63,120
1,<environment.Job instance at 0x7f1d7c587f50>,57,2,[6 4],58,120,122,62,120
1,<environment.Job instance at 0x7f1d7c594500>,64,2,[2 5],65,146,148,81,146
1,<environment.Job instance at 0x7f1d7c594640>,66,1,[3 8],67,157,158,90,157
1,<environment.Job instance at 0x7f1d7c5946e0>,67,3,[10  2],68,157,160,89,157
1,<environment.Job instance at 0x7f1d7c594910>,68,1,[2 8],69,158,159,89,157
1,<environment.Job instance at 0x7f1d7c594960>,69,1,[ 3 10],70,159,160,89,157
1,<environment.Job instance at 0x7f1d7c594a50>,72,1,[ 5 10],73,169,170,96,169
1,<environment.Job instance at 0x7f1d7c594c80>,73,1,[ 5 12],74,170,171,96,169
1,<environment.Job instance at 0x7f1d7c594e10>,74,21,[7 2],75,169,190,94,169
1,<environment.Job instance at 0x7f1d7c0982d0>,84,3,[14  4],85,216,219,131,216
1,<environment.Job instance at 0x7f1d7c098870>,85,2,[5 5],86,219,221,133,216
1,<environment.Job instance at 0x7f1d7c098910>,86,2,[13  4],87,221,223,134,216
1,<environment.Job instance at 0x7f1dc6bf4c30>,16,25,[3 8],17,17,42,0,17
1,<environment.Job instance at 0x7f1dc6e09cd0>,19,27,[9 3],20,32,59,12,32
1,<environment.Job instance at 0x7f1dc6e09c30>,22,24,[ 3 10],23,43,67,20,43
1,<environment.Job instance at 0x7f1dc6e09d70>,18,3,[ 5 14],19,85,88,66,85
1,<environment.Job instance at 0x7f1dc6e094b0>,28,27,[1 7],29,88,115,59,86
1,<environment.Job instance at 0x7f1dc6e09500>,30,19,[6 3],31,88,107,57,87
1,<environment.Job instance at 0x7f1dc67837d0>,44,2,[7 5],45,132,134,87,132
1,<environment.Job instance at 0x7f1dc6783b40>,45,2,[14  5],46,134,136,88,132
1,<environment.Job instance at 0x7f1dc6783910>,50,1,[6 3],51,150,151,99,150
1,<environment.Job instance at 0x7f1dc6783280>,55,21,[2 5],56,171,192,115,171
1,<environment.Job instance at 0x7f1dc6783960>,56,1,[7 2],57,172,173,115,172
1,<environment.Job instance at 0x7f1dc6783dc0>,59,19,[9 1],60,182,201,122,182
1,<environment.Job instance at 0x7f1dc6ab8140>,62,1,[2 9],63,187,188,124,187
1,<environment.Job instance at 0x7f1dc6ab8780>,63,27,[1 8],64,188,215,124,187
1,<environment.Job instance at 0x7f1dc6ab8af0>,67,2,[2 8],68,215,217,147,200
1,<environment.Job instance at 0x7f1dc6ab8910>,72,3,[ 1 10],73,224,227,151,224
1,<environment.Job instance at 0x7f1dc6ab8e60>,73,3,[7 3],74,224,227,150,224
1,<environment.Job instance at 0x7f1dc6ab8370>,77,22,[1 7],78,254,276,176,254
1,<environment.Job instance at 0x7f1dc6ab8be0>,82,1,[9 3],83,271,272,188,271
1,<environment.Job instance at 0x7f1dc6ab8690>,83,3,[ 3 14],84,277,280,193,277
1,<environment.Job instance at 0x7f1dc01213c0>,85,25,[6 3],86,280,305,194,277
1,<environment.Job instance at 0x7f1d7c641370>,4,1,[5 7],5,5,6,0,5
1,<environment.Job instance at 0x7f1d7c6410a0>,6,2,[2 9],7,8,10,1,8
1,<environment.Job instance at 0x7f1d7c641410>,9,27,[ 5 10],10,10,37,0,10
1,<environment.Job instance at 0x7f1dbfe97a50>,11,22,[ 1 10],12,37,59,25,30
1,<environment.Job instance at 0x7f1d7c728eb0>,13,2,[5 6],14,59,61,45,32
1,<environment.Job instance at 0x7f1dc0155870>,18,20,[6 2],19,32,52,13,32
1,<environment.Job instance at 0x7f1d7c3647d0>,0,2,[ 5 11],1,61,63,60,37
1,<environment.Job instance at 0x7f1d7c456320>,33,2,[10  5],34,87,89,53,87
1,<environment.Job instance at 0x7f1dbfde8820>,36,3,[8 1],37,92,95,55,92
1,<environment.Job instance at 0x7f1dbfc58a00>,38,21,[5 8],39,103,124,64,103
1,<environment.Job instance at 0x7f1dbfc58500>,41,28,[2 8],42,124,152,82,123
1,<environment.Job instance at 0x7f1dbfc58870>,43,27,[9 3],44,123,150,79,123
1,<environment.Job instance at 0x7f1dbfc587d0>,45,2,[4 7],46,150,152,104,131
1,<environment.Job instance at 0x7f1dbfc586e0>,46,28,[1 7],47,152,180,105,151
1,<environment.Job instance at 0x7f1dbfd190a0>,48,1,[5 7],49,152,153,103,151
1,<environment.Job instance at 0x7f1d7c587e60>,49,2,[ 4 11],50,180,182,130,153
1,<environment.Job instance at 0x7f1d7c587370>,50,3,[4 8],51,153,156,102,153
1,<environment.Job instance at 0x7f1d7c5878c0>,51,1,[10  2],52,156,157,104,153
1,<environment.Job instance at 0x7f1dc69f1a50>,52,3,[9 1],53,157,160,104,153
1,<environment.Job instance at 0x7f1dc69f11e0>,54,3,[11  1],55,160,163,105,154
1,<environment.Job instance at 0x7f1dc6792460>,55,1,[8 2],56,163,164,107,154
1,<environment.Job instance at 0x7f1dc6792b40>,56,28,[9 2],57,164,192,107,163
1,<environment.Job instance at 0x7f1dc6792b90>,58,1,[6 3],59,163,164,104,163
1,<environment.Job instance at 0x7f1dc01bc9b0>,63,1,[6 2],64,182,183,118,164
1,<environment.Job instance at 0x7f1d7c452a50>,64,2,[4 6],65,164,166,99,164
1,<environment.Job instance at 0x7f1dbfc74a50>,67,3,[ 1 12],68,183,186,115,173
1,<environment.Job instance at 0x7f1dc7028e60>,71,1,[10  4],72,192,193,120,181
1,<environment.Job instance at 0x7f1d7c0ea320>,76,23,[7 4],77,198,221,121,198
1,<environment.Job instance at 0x7f1dc00de6e0>,77,1,[9 4],78,221,222,143,198
1,<environment.Job instance at 0x7f1dbfce4780>,81,3,[5 5],82,225,228,143,225
1,<environment.Job instance at 0x7f1dbfd3fc80>,83,20,[5 4],84,225,245,141,225
1,<environment.Job instance at 0x7f1dc0251b90>,84,2,[10  3],85,228,230,143,225
1,<environment.Job instance at 0x7f1dc0251910>,85,3,[5 5],86,225,228,139,225
1,<environment.Job instance at 0x7f1dc0251820>,87,2,[7 2],88,230,232,142,229
1,<environment.Job instance at 0x7f1dc0251190>,5,20,[4 7],6,6,26,0,6
1,<environment.Job instance at 0x7f1dc6b67690>,6,21,[6 5],7,7,28,0,7
1,<environment.Job instance at 0x7f1dc6b67b40>,11,27,[5 1],12,12,39,0,12
1,<environment.Job instance at 0x7f1dc6b67c30>,12,21,[1 6],13,26,47,13,18
1,<environment.Job instance at 0x7f1dc6b67dc0>,16,25,[8 3],17,28,53,11,24
1,<environment.Job instance at 0x7f1dc6b65320>,21,19,[10  1],22,53,72,31,43
1,<environment.Job instance at 0x7f1dc6b653c0>,22,2,[5 8],23,47,49,24,43
1,<environment.Job instance at 0x7f1dc6b65690>,26,25,[ 5 10],27,51,76,24,51
1,<environment.Job instance at 0x7f1dc6b65eb0>,34,2,[ 2 10],35,76,78,41,71
1,<environment.Job instance at 0x7f1dc6b65f50>,35,1,[9 5],36,72,73,36,71
1,<environment.Job instance at 0x7f1dc6b65f00>,36,1,[2 6],37,78,79,41,71
1,<environment.Job instance at 0x7f1dc6b310f0>,41,2,[9 5],42,107,109,65,107
1,<environment.Job instance at 0x7f1dc6b315f0>,46,2,[13  5],47,126,128,79,126
1,<environment.Job instance at 0x7f1dc6b31780>,47,1,[9 5],48,128,129,80,126
1,<environment.Job instance at 0x7f1dc6b31960>,50,26,[6 3],51,139,165,88,139
1,<environment.Job instance at 0x7f1dc6b31be0>,53,2,[6 3],54,153,155,99,153
1,<environment.Job instance at 0x7f1dc6b302d0>,54,1,[9 4],55,155,156,100,153
1,<environment.Job instance at 0x7f1dc6b30320>,55,23,[7 1],56,156,179,100,153
1,<environment.Job instance at 0x7f1dc6b30370>,56,1,[4 9],57,165,166,108,153
1,<environment.Job instance at 0x7f1dc6b30050>,58,2,[8 5],59,166,168,107,156
1,<environment.Job instance at 0x7f1dc6b305a0>,60,3,[2 7],61,156,159,95,156
1,<environment.Job instance at 0x7f1dbfea1be0>,0,28,[5 6],1,1,29,0,1
1,<environment.Job instance at 0x7f1dbfe8adc0>,5,23,[5 3],6,6,29,0,6
1,<environment.Job instance at 0x7f1dc6b30a00>,3,28,[ 1 11],4,29,57,25,28
1,<environment.Job instance at 0x7f1dbfe8a780>,14,1,[6 1],15,29,30,14,28
1,<environment.Job instance at 0x7f1d7c609690>,19,1,[10  3],20,45,46,25,45
1,<environment.Job instance at 0x7f1d7c6028c0>,24,1,[1 6],25,80,81,55,80
1,<environment.Job instance at 0x7f1d7c2a4230>,27,18,[10  5],28,90,108,62,90
1,<environment.Job instance at 0x7f1dc00cd5a0>,28,3,[7 1],29,108,111,79,90
1,<environment.Job instance at 0x7f1dc6743dc0>,29,1,[7 3],30,108,109,78,90
1,<environment.Job instance at 0x7f1dc689bdc0>,31,1,[9 5],32,111,112,79,96
1,<environment.Job instance at 0x7f1dc689b460>,32,2,[ 2 10],33,96,98,63,96
1,<environment.Job instance at 0x7f1d7c672c80>,34,2,[4 6],35,104,106,69,104
1,<environment.Job instance at 0x7f1d7c6727d0>,35,2,[10  5],36,112,114,76,104
1,<environment.Job instance at 0x7f1dc029d0a0>,36,1,[5 7],37,106,107,69,104
1,<environment.Job instance at 0x7f1dc029de10>,37,2,[ 4 14],38,109,111,71,104
1,<environment.Job instance at 0x7f1dc6938460>,40,1,[5 4],41,121,122,80,121
1,<environment.Job instance at 0x7f1dc69231e0>,41,18,[4 8],42,121,139,79,121
1,<environment.Job instance at 0x7f1dc02ad3c0>,42,1,[2 7],43,122,123,79,121
1,<environment.Job instance at 0x7f1dc03411e0>,44,2,[ 1 12],45,139,141,94,129
1,<environment.Job instance at 0x7f1dc0341280>,47,2,[6 4],48,141,143,93,139
1,<environment.Job instance at 0x7f1d7c2a1d70>,50,25,[2 8],51,149,174,98,149
1,<environment.Job instance at 0x7f1d7c2a1a00>,54,3,[ 3 14],55,174,177,119,170
1,<environment.Job instance at 0x7f1d7c2a1dc0>,55,1,[10  1],56,170,171,114,170
1,<environment.Job instance at 0x7f1d7c2a1e60>,59,2,[13  5],60,196,198,136,196
1,<environment.Job instance at 0x7f1d7c2a1be0>,60,1,[4 8],61,198,199,137,196
1,<environment.Job instance at 0x7f1d7c1246e0>,62,3,[5 2],63,202,205,139,202
1,<environment.Job instance at 0x7f1d7c1248c0>,63,2,[2 5],64,202,204,138,202
1,<environment.Job instance at 0x7f1d7c1245f0>,66,18,[9 4],67,218,236,151,218
1,<environment.Job instance at 0x7f1d7c124730>,68,1,[ 3 12],69,236,237,167,218
1,<environment.Job instance at 0x7f1d7c1240a0>,70,2,[5 6],71,230,232,159,230
1,<environment.Job instance at 0x7f1d7c124af0>,74,20,[9 5],75,250,270,175,250
1,<environment.Job instance at 0x7f1d7c124e10>,76,18,[4 6],77,250,268,173,250
1,<environment.Job instance at 0x7f1d7c13fa00>,80,2,[2 7],81,268,270,187,264
1,<environment.Job instance at 0x7f1d7c13f910>,82,3,[3 8],83,270,273,187,264
1,<environment.Job instance at 0x7f1d7c560050>,7,25,[9 4],8,8,33,0,8
1,<environment.Job instance at 0x7f1d7c752a50>,14,1,[8 1],15,33,34,18,24
1,<environment.Job instance at 0x7f1dc67f9690>,11,3,[ 4 12],12,33,36,21,33
1,<environment.Job instance at 0x7f1dc67512d0>,19,2,[9 5],20,36,38,16,35
1,<environment.Job instance at 0x7f1dc6902e10>,20,1,[8 5],21,38,39,17,35
1,<environment.Job instance at 0x7f1dc69023c0>,22,2,[5 7],23,40,42,17,40
1,<environment.Job instance at 0x7f1d7c5b4730>,24,25,[7 4],25,53,78,28,53
1,<environment.Job instance at 0x7f1d7c73d050>,25,3,[1 6],26,53,56,27,53
1,<environment.Job instance at 0x7f1dc00450f0>,26,22,[ 4 10],27,56,78,29,53
1,<environment.Job instance at 0x7f1dc6dd8f00>,34,3,[3 5],35,94,97,59,94
1,<environment.Job instance at 0x7f1dbfce20f0>,35,23,[8 2],36,94,117,58,94
1,<environment.Job instance at 0x7f1dc693d5f0>,39,2,[3 6],40,97,99,57,97
1,<environment.Job instance at 0x7f1dc693dd70>,44,3,[8 2],45,117,120,72,117
1,<environment.Job instance at 0x7f1dc693d640>,45,3,[11  2],46,120,123,74,117
1,<environment.Job instance at 0x7f1dc00c4eb0>,46,3,[8 5],47,123,126,76,117
1,<environment.Job instance at 0x7f1dc00c4dc0>,50,18,[5 8],51,141,159,90,141
1,<environment.Job instance at 0x7f1dc00c4230>,52,23,[7 1],53,148,171,95,148
1,<environment.Job instance at 0x7f1d7c62fc30>,55,3,[13  2],56,171,174,115,156
1,<environment.Job instance at 0x7f1d7c62feb0>,56,1,[9 4],57,174,175,117,156
1,<environment.Job instance at 0x7f1dc6c2b410>,57,3,[3 8],58,159,162,101,156
1,<environment.Job instance at 0x7f1dc6c2b0a0>,58,1,[13  4],59,175,176,116,156
1,<environment.Job instance at 0x7f1dc00006e0>,64,2,[5 2],65,200,202,135,200
1,<environment.Job instance at 0x7f1dc0000dc0>,65,3,[5 1],66,200,203,134,200
1,<environment.Job instance at 0x7f1d7c3cb9b0>,67,2,[2 9],68,213,215,145,213
1,<environment.Job instance at 0x7f1d7c3cb5f0>,68,2,[8 3],69,213,215,144,213
1,<environment.Job instance at 0x7f1dbfd11320>,71,23,[ 3 13],72,218,241,146,218
1,<environment.Job instance at 0x7f1dc03029b0>,76,2,[7 2],77,249,251,172,249
1,<environment.Job instance at 0x7f1dc0302b90>,79,1,[9 4],80,265,266,185,265
1,<environment.Job instance at 0x7f1dbfd4d640>,80,20,[9 5],81,266,286,185,265
1,<environment.Job instance at 0x7f1dbfd4d140>,81,3,[3 7],82,266,269,184,266
1,<environment.Job instance at 0x7f1dc024e410>,85,2,[10  5],86,286,288,200,267
1,<environment.Job instance at 0x7f1dc6e233c0>,88,3,[2 7],89,279,282,190,279
1,<environment.Job instance at 0x7f1dc6716370>,4,22,[9 5],5,5,27,0,5
1,<environment.Job instance at 0x7f1dc0107be0>,5,3,[ 1 14],6,27,30,21,26
1,<environment.Job instance at 0x7f1dc013b5a0>,17,2,[3 7],18,48,50,30,48
1,<environment.Job instance at 0x7f1dc013b7d0>,19,21,[1 7],20,50,71,30,50
1,<environment.Job instance at 0x7f1dc013b730>,21,2,[5 5],22,61,63,39,61
1,<environment.Job instance at 0x7f1dc013b9b0>,23,2,[8 4],24,65,67,41,65
1,<environment.Job instance at 0x7f1dc013beb0>,31,1,[9 4],32,97,98,65,97
1,<environment.Job instance at 0x7f1dc011f230>,33,2,[1 7],34,109,111,75,109
1,<environment.Job instance at 0x7f1dc011f4b0>,36,3,[9 2],37,116,119,79,116
1,<environment.Job instance at 0x7f1dc011f370>,38,1,[8 2],39,131,132,92,131
1,<environment.Job instance at 0x7f1dc011f550>,39,3,[2 6],40,131,134,91,131
1,<environment.Job instance at 0x7f1dc011f690>,41,1,[9 4],42,132,133,90,131
1,<environment.Job instance at 0x7f1dc011f5a0>,42,2,[2 7],43,133,135,90,131
1,<environment.Job instance at 0x7f1dc011f7d0>,45,2,[3 7],46,237,239,191,237
1,<environment.Job instance at 0x7f1dc011f870>,46,1,[11  2],47,237,238,190,237
1,<environment.Job instance at 0x7f1dc011fe60>,50,1,[4 5],51,286,287,235,286
1,<environment.Job instance at 0x7f1dc00320f0>,52,1,[6 3],53,292,293,239,292
1,<environment.Job instance at 0x7f1dc0032320>,53,3,[1 6],54,292,295,238,292
1,<environment.Job instance at 0x7f1dc0032190>,54,1,[5 4],55,292,293,237,292
1,<environment.Job instance at 0x7f1dc00322d0>,56,3,[6 2],57,300,303,243,300
1,<environment.Job instance at 0x7f1dc0032500>,57,1,[6 3],58,300,301,242,300
1,<environment.Job instance at 0x7f1dc00324b0>,58,19,[7 1],59,301,320,242,300
1,<environment.Job instance at 0x7f1dc0032370>,59,2,[5 4],60,303,305,243,300
1,<environment.Job instance at 0x7f1dc0032820>,61,1,[2 7],62,362,363,300,362
1,<environment.Job instance at 0x7f1dc0032910>,62,2,[4 5],63,362,364,299,362
1,<environment.Job instance at 0x7f1dc0032c30>,65,2,[10  5],66,378,380,312,378
1,<environment.Job instance at 0x7f1dc0032af0>,66,1,[2 5],67,378,379,311,378
1,<environment.Job instance at 0x7f1d7c231410>,0,1,[2 6],1,2,3,1,2
1,<environment.Job instance at 0x7f1dc6c64fa0>,17,22,[6 1],18,18,40,0,18
1,<environment.Job instance at 0x7f1dbfdf8f00>,8,3,[11  1],9,40,43,31,21
1,<environment.Job instance at 0x7f1d7c721960>,22,2,[8 2],23,29,31,6,29
1,<environment.Job instance at 0x7f1dbfcdd6e0>,23,2,[8 1],24,31,33,7,30
1,<environment.Job instance at 0x7f1d7c721640>,24,1,[ 3 10],25,33,34,8,30
1,<environment.Job instance at 0x7f1dc6dfbf00>,28,14,[6 3],29,48,62,19,48
1,<environment.Job instance at 0x7f1dc6dfb870>,29,2,[3 7],30,48,50,18,48
1,<environment.Job instance at 0x7f1d7c67ac80>,32,19,[8 3],33,60,79,27,60
1,<environment.Job instance at 0x7f1d7c67a1e0>,35,1,[7 1],36,73,74,37,73
1,<environment.Job instance at 0x7f1d7c67ab90>,36,23,[5 5],37,74,97,37,73
1,<environment.Job instance at 0x7f1d7c67a4b0>,39,25,[7 3],40,86,111,46,86
1,<environment.Job instance at 0x7f1dc6e23500>,40,1,[12  5],41,111,112,70,89
1,<environment.Job instance at 0x7f1dc6e23dc0>,45,3,[ 3 10],46,106,109,60,106
1,<environment.Job instance at 0x7f1dc6e23370>,49,3,[7 1],50,118,121,68,118
1,<environment.Job instance at 0x7f1dc6e23230>,50,2,[8 5],51,118,120,67,118
1,<environment.Job instance at 0x7f1dc6e239b0>,51,3,[ 3 11],52,120,123,68,118
1,<environment.Job instance at 0x7f1dbfdd5960>,53,3,[1 6],54,123,126,69,121
1,<environment.Job instance at 0x7f1dbfdd5fa0>,56,1,[ 3 10],57,133,134,76,133
1,<environment.Job instance at 0x7f1d7c50a870>,59,2,[3 7],60,146,148,86,146
1,<environment.Job instance at 0x7f1d7c50a5f0>,60,18,[5 4],61,146,164,85,146
1,<environment.Job instance at 0x7f1d7c50aa50>,61,1,[4 7],62,148,149,86,146
1,<environment.Job instance at 0x7f1d7c50a960>,62,19,[6 2],63,146,165,83,146
1,<environment.Job instance at 0x7f1d7c50af50>,63,3,[1 8],64,149,152,85,146
1,<environment.Job instance at 0x7f1d7c50aa00>,64,1,[1 7],65,152,153,87,146
1,<environment.Job instance at 0x7f1d7c50a730>,65,3,[14  4],66,165,168,99,147
1,<environment.Job instance at 0x7f1dbfe80dc0>,71,2,[11  4],72,179,181,107,179
1,<environment.Job instance at 0x7f1dbfe80d20>,72,2,[6 3],73,181,183,108,179
1,<environment.Job instance at 0x7f1dc000cbe0>,78,22,[ 1 13],79,213,235,134,213
1,<environment.Job instance at 0x7f1d7c34e280>,87,1,[9 1],88,240,241,152,240
1,<environment.Job instance at 0x7f1d7c34e8c0>,88,2,[11  2],89,256,258,167,256
1,<environment.Job instance at 0x7f1d7c53e0a0>,4,22,[5 8],5,5,27,0,5
1,<environment.Job instance at 0x7f1dc6b73eb0>,12,1,[10  2],13,13,14,0,13
1,<environment.Job instance at 0x7f1dc6b73b40>,13,1,[2 9],14,27,28,13,14
1,<environment.Job instance at 0x7f1dc6b73a50>,14,1,[10  4],15,16,17,1,16
1,<environment.Job instance at 0x7f1dc6b73640>,16,1,[1 8],17,28,29,11,18
1,<environment.Job instance at 0x7f1dbfdfea00>,20,2,[ 4 14],21,29,31,8,23
1,<environment.Job instance at 0x7f1dbfc35aa0>,27,2,[9 1],28,46,48,18,46
1,<environment.Job instance at 0x7f1dbfc35a00>,28,2,[ 2 10],29,46,48,17,46
1,<environment.Job instance at 0x7f1dc004a820>,29,18,[2 9],30,59,77,29,59
1,<environment.Job instance at 0x7f1dc004a6e0>,32,1,[3 9],33,77,78,44,60
1,<environment.Job instance at 0x7f1dc004a550>,35,1,[5 6],36,66,67,30,66
1,<environment.Job instance at 0x7f1dc004ab40>,37,3,[9 4],38,70,73,32,70
1,<environment.Job instance at 0x7f1dc004ac30>,39,2,[10  3],40,75,77,35,75
1,<environment.Job instance at 0x7f1dc004a4b0>,40,1,[4 8],41,78,79,37,75
1,<environment.Job instance at 0x7f1d7c700780>,42,3,[5 8],43,85,88,42,85
1,<environment.Job instance at 0x7f1d7c7000a0>,45,20,[10  3],46,100,120,54,100
1,<environment.Job instance at 0x7f1d7c7006e0>,48,1,[9 5],49,120,121,71,101
1,<environment.Job instance at 0x7f1dc6b441e0>,56,2,[ 5 12],57,124,126,67,124
1,<environment.Job instance at 0x7f1dc6b44870>,57,23,[6 1],58,124,147,66,124
1,<environment.Job instance at 0x7f1dc6b44be0>,58,3,[9 2],59,126,129,67,124
1,<environment.Job instance at 0x7f1dc6b44a00>,59,2,[4 5],60,129,131,69,124
1,<environment.Job instance at 0x7f1dc67bfe60>,60,1,[10  3],61,147,148,86,124
1,<environment.Job instance at 0x7f1dc67bf5a0>,63,3,[2 6],64,140,143,76,140
1,<environment.Job instance at 0x7f1dc67bfc30>,64,2,[9 2],65,143,145,78,140
1,<environment.Job instance at 0x7f1dc01e3690>,70,25,[9 4],71,166,191,95,166
1,<environment.Job instance at 0x7f1dc01e3820>,73,3,[3 9],74,173,176,99,173
1,<environment.Job instance at 0x7f1dc01e37d0>,74,28,[ 5 10],75,176,204,101,175
1,<environment.Job instance at 0x7f1dc01e3460>,75,1,[ 1 10],76,204,205,128,176
1,<environment.Job instance at 0x7f1dc01e3140>,77,27,[2 9],78,205,232,127,203
1,<environment.Job instance at 0x7f1d7c2ca0a0>,78,26,[4 9],79,232,258,153,229
1,<environment.Job instance at 0x7f1d7c2ca410>,79,1,[10  5],80,229,230,149,229
1,<environment.Job instance at 0x7f1d7c2ca140>,83,3,[1 6],84,231,234,147,231
1,<environment.Job instance at 0x7f1d7c2ca2d0>,85,3,[10  3],86,237,240,151,237
1,<environment.Job instance at 0x7f1d7c2ca7d0>,88,19,[2 7],89,258,277,169,248
1,<environment.Job instance at 0x7f1d7c2f94b0>,2,22,[5 4],3,3,25,0,3
1,<environment.Job instance at 0x7f1dc03b8140>,14,2,[9 5],15,20,22,5,20
1,<environment.Job instance at 0x7f1dc03b82d0>,17,26,[10  5],18,28,54,10,28
1,<environment.Job instance at 0x7f1dc03c0230>,24,19,[2 5],25,52,71,27,52
1,<environment.Job instance at 0x7f1dc03b20f0>,27,1,[3 8],28,64,65,36,64
1,<environment.Job instance at 0x7f1dc03b24b0>,29,3,[6 1],30,77,80,47,77
1,<environment.Job instance at 0x7f1dc0301690>,30,2,[2 6],31,77,79,46,77
1,<environment.Job instance at 0x7f1dc03b2820>,31,2,[7 1],32,77,79,45,77
1,<environment.Job instance at 0x7f1dc02e1820>,33,23,[1 7],34,79,102,45,77
1,<environment.Job instance at 0x7f1dc02f1410>,34,22,[1 8],35,80,102,45,77
1,<environment.Job instance at 0x7f1d7c0e7eb0>,35,18,[ 2 10],36,102,120,66,102
1,<environment.Job instance at 0x7f1d7c71c0f0>,42,26,[1 5],43,102,128,59,102
1,<environment.Job instance at 0x7f1d7c61edc0>,46,1,[9 3],47,121,122,74,121
1,<environment.Job instance at 0x7f1d7c61e820>,48,3,[5 8],49,129,132,80,129
1,<environment.Job instance at 0x7f1d7c2d0690>,49,2,[3 9],50,132,134,82,129
1,<environment.Job instance at 0x7f1dc0336cd0>,52,22,[5 3],53,141,163,88,141
1,<environment.Job instance at 0x7f1d7c4109b0>,53,1,[8 4],54,141,142,87,141
1,<environment.Job instance at 0x7f1d7c49ef50>,55,1,[8 5],56,146,147,90,146
1,<environment.Job instance at 0x7f1dc026af00>,56,3,[2 5],57,146,149,89,146
1,<environment.Job instance at 0x7f1d7c410fa0>,57,24,[2 8],58,149,173,91,146
1,<environment.Job instance at 0x7f1dc026a050>,58,2,[5 7],59,147,149,88,146
1,<environment.Job instance at 0x7f1d7c73ad70>,63,26,[1 8],64,173,199,109,173
1,<environment.Job instance at 0x7f1dc6acd3c0>,66,18,[7 1],67,186,204,119,186
1,<environment.Job instance at 0x7f1dc6acd690>,67,3,[7 5],68,186,189,118,186
1,<environment.Job instance at 0x7f1dc6acd320>,68,2,[5 3],69,189,191,120,186
1,<environment.Job instance at 0x7f1dc740f5f0>,70,1,[3 5],71,191,192,120,189
1,<environment.Job instance at 0x7f1dc740f140>,71,23,[9 4],72,204,227,132,198
1,<environment.Job instance at 0x7f1dc6ad7370>,75,2,[1 9],76,216,218,140,216
1,<environment.Job instance at 0x7f1dc6ad7e10>,77,1,[ 1 10],78,218,219,140,216
1,<environment.Job instance at 0x7f1dc6ad7eb0>,79,1,[6 4],80,219,220,139,219
1,<environment.Job instance at 0x7f1dc6ac7b90>,84,3,[3 9],85,232,235,147,232
1,<environment.Job instance at 0x7f1dc6ac7e10>,85,2,[10  1],86,232,234,146,232
1,<environment.Job instance at 0x7f1dc6ac7be0>,86,3,[ 1 10],87,235,238,148,232
1,<environment.Job instance at 0x7f1dc6ac7e60>,88,3,[5 9],89,241,244,152,241
1,<environment.Job instance at 0x7f1d7c487460>,1,2,[4 9],2,5,7,3,5
1,<environment.Job instance at 0x7f1d7c5e9550>,5,3,[3 8],6,7,10,1,6
1,<environment.Job instance at 0x7f1dbfcaf5f0>,8,1,[8 3],9,9,10,0,9
1,<environment.Job instance at 0x7f1d7c438f50>,11,2,[5 4],12,12,14,0,12
1,<environment.Job instance at 0x7f1d7c438870>,13,3,[ 2 10],14,20,23,6,20
1,<environment.Job instance at 0x7f1d7c51b1e0>,16,2,[ 2 10],17,35,37,18,35
1,<environment.Job instance at 0x7f1dc0035550>,19,3,[10  4],20,49,52,29,49
1,<environment.Job instance at 0x7f1d7c51ba00>,21,3,[13  1],22,52,55,30,49
1,<environment.Job instance at 0x7f1dbfbf7aa0>,22,3,[3 7],23,49,52,26,49
1,<environment.Job instance at 0x7f1dc0183e10>,27,1,[ 5 10],28,62,63,34,62
1,<environment.Job instance at 0x7f1dbfdb0910>,29,2,[1 9],30,63,65,33,63
1,<environment.Job instance at 0x7f1d7c686370>,31,2,[10  4],32,64,66,32,64
1,<environment.Job instance at 0x7f1dbfc8acd0>,35,1,[ 3 12],36,80,81,44,80
1,<environment.Job instance at 0x7f1dc67abdc0>,36,3,[10  3],37,80,83,43,80
1,<environment.Job instance at 0x7f1dc67ab2d0>,38,3,[ 5 12],39,96,99,57,96
1,<environment.Job instance at 0x7f1dc67abc30>,40,2,[5 4],41,99,101,58,97
1,<environment.Job instance at 0x7f1dc67ab3c0>,45,22,[5 2],46,112,134,66,112
1,<environment.Job instance at 0x7f1dc67ab690>,46,1,[11  1],47,134,135,87,112
1,<environment.Job instance at 0x7f1dc67abb40>,47,2,[2 6],48,112,114,64,112
1,<environment.Job instance at 0x7f1dc6a431e0>,49,3,[7 2],50,122,125,72,122
1,<environment.Job instance at 0x7f1d7c5d0cd0>,51,28,[7 5],52,135,163,83,134
1,<environment.Job instance at 0x7f1d7c5d0190>,53,2,[14  5],54,163,165,109,141
1,<environment.Job instance at 0x7f1d7c5d0410>,54,26,[7 1],55,165,191,110,162
1,<environment.Job instance at 0x7f1dbfe3f3c0>,58,1,[5 1],59,165,166,106,163
1,<environment.Job instance at 0x7f1dbfe3f9b0>,60,2,[1 9],61,163,165,102,163
1,<environment.Job instance at 0x7f1d7c464e60>,63,3,[6 1],64,172,175,108,172
1,<environment.Job instance at 0x7f1d7c4640f0>,64,3,[1 6],65,172,175,107,172
1,<environment.Job instance at 0x7f1d7c23faa0>,66,1,[7 1],67,175,176,108,173
1,<environment.Job instance at 0x7f1dbfe985f0>,70,24,[10  5],71,206,230,135,206
1,<environment.Job instance at 0x7f1dbfe989b0>,71,3,[ 4 12],72,230,233,158,223
1,<environment.Job instance at 0x7f1d7c351960>,4,1,[2 5],5,5,6,0,5
1,<environment.Job instance at 0x7f1dc67baf00>,6,1,[14  4],7,9,10,2,9
1,<environment.Job instance at 0x7f1d7c7b8cd0>,13,2,[ 3 10],14,14,16,0,14
1,<environment.Job instance at 0x7f1dc6ac7aa0>,19,2,[ 3 10],20,22,24,2,22
1,<environment.Job instance at 0x7f1d7c325d20>,21,2,[6 2],22,34,36,12,34
1,<environment.Job instance at 0x7f1d7be71050>,23,1,[5 5],24,35,36,11,35
1,<environment.Job instance at 0x7f1d7be71280>,28,3,[6 2],29,65,68,36,65
1,<environment.Job instance at 0x7f1d7be71140>,29,1,[6 1],30,65,66,35,65
1,<environment.Job instance at 0x7f1d7be71320>,33,3,[ 2 10],34,94,97,60,94
1,<environment.Job instance at 0x7f1d7be71460>,37,1,[3 5],38,97,98,59,97
1,<environment.Job instance at 0x7f1d7be71410>,38,25,[5 5],39,97,122,58,97
1,<environment.Job instance at 0x7f1d7c7f0050>,39,2,[5 1],40,97,99,57,97
1,<environment.Job instance at 0x7f1d7c7f09b0>,50,22,[4 6],51,172,194,121,172
1,<environment.Job instance at 0x7f1dbfd17af0>,51,2,[1 8],52,172,174,120,172
1,<environment.Job instance at 0x7f1dbfd17640>,56,1,[6 4],57,206,207,149,206
1,<environment.Job instance at 0x7f1dbfd17e60>,57,2,[9 5],58,206,208,148,206
1,<environment.Job instance at 0x7f1dbfd17870>,59,2,[2 5],60,215,217,155,215
1,<environment.Job instance at 0x7f1dbfd17fa0>,61,2,[5 4],62,215,217,153,215
1,<environment.Job instance at 0x7f1dbfd176e0>,63,2,[8 3],64,233,235,169,233
1,<environment.Job instance at 0x7f1d7be9af50>,2,1,[ 3 10],3,4,5,1,4
1,<environment.Job instance at 0x7f1d7c4aca50>,4,1,[2 5],5,6,7,1,6
1,<environment.Job instance at 0x7f1d7be9ab40>,0,2,[7 1],1,6,8,5,6
1,<environment.Job instance at 0x7f1dbfd7c320>,1,3,[ 3 11],2,11,14,9,11
1,<environment.Job instance at 0x7f1d7c4bda00>,6,3,[2 5],7,14,17,7,13
1,<environment.Job instance at 0x7f1d7c4a2190>,14,26,[10  2],15,15,41,0,15
1,<environment.Job instance at 0x7f1d7c4bd960>,22,20,[5 2],23,23,43,0,23
1,<environment.Job instance at 0x7f1d7c1ea4b0>,31,3,[2 9],32,41,44,9,32
1,<environment.Job instance at 0x7f1d7c203b90>,34,3,[2 8],35,44,47,9,36
1,<environment.Job instance at 0x7f1dbff985a0>,36,20,[4 9],37,47,67,10,38
1,<environment.Job instance at 0x7f1dbff98050>,37,2,[5 7],38,44,46,6,38
1,<environment.Job instance at 0x7f1d7c1ece10>,41,2,[ 2 13],42,67,69,25,51
1,<environment.Job instance at 0x7f1dbffba460>,42,1,[5 5],43,51,52,8,51
1,<environment.Job instance at 0x7f1dbffba820>,43,21,[5 7],44,69,90,25,61
1,<environment.Job instance at 0x7f1dc6c27870>,46,2,[8 3],47,69,71,22,67
1,<environment.Job instance at 0x7f1dbffba2d0>,48,2,[12  1],49,67,69,18,67
1,<environment.Job instance at 0x7f1dbffba1e0>,49,27,[ 5 11],50,90,117,40,88
1,<environment.Job instance at 0x7f1dc6c2fb40>,53,25,[9 3],54,102,127,48,102
1,<environment.Job instance at 0x7f1dc6c41550>,56,19,[9 4],57,127,146,70,117
1,<environment.Job instance at 0x7f1d7bf03c80>,60,26,[9 4],61,146,172,85,143
1,<environment.Job instance at 0x7f1dbfd64280>,67,1,[6 4],68,160,161,92,160
1,<environment.Job instance at 0x7f1dbffb2b90>,68,24,[8 3],69,172,196,103,167
1,<environment.Job instance at 0x7f1dc6c2e7d0>,73,2,[1 5],74,174,176,100,174
1,<environment.Job instance at 0x7f1dc6c2eeb0>,76,3,[4 5],77,190,193,113,190
1,<environment.Job instance at 0x7f1d7bfc4230>,78,2,[6 4],79,199,201,120,199
1,<environment.Job instance at 0x7f1d7c41fe10>,79,19,[2 9],80,199,218,119,199
1,<environment.Job instance at 0x7f1d7c41f050>,80,22,[1 9],81,218,240,137,211
1,<environment.Job instance at 0x7f1dbff9f8c0>,88,2,[ 4 12],89,240,242,151,231
1,<environment.Job instance at 0x7f1d7c7b88c0>,3,26,[2 9],4,4,30,0,4
1,<environment.Job instance at 0x7f1d7bf27e10>,16,1,[5 3],17,17,18,0,17
1,<environment.Job instance at 0x7f1dc6891f00>,20,1,[1 7],21,30,31,9,28
1,<environment.Job instance at 0x7f1dbfee88c0>,22,2,[1 9],23,31,33,8,28
1,<environment.Job instance at 0x7f1dc03c0870>,26,1,[6 3],27,34,35,7,34
1,<environment.Job instance at 0x7f1d7bfa6870>,27,1,[5 4],28,34,35,6,34
1,<environment.Job instance at 0x7f1dc66969b0>,29,1,[3 5],30,43,44,13,43
1,<environment.Job instance at 0x7f1dbfe778c0>,30,1,[4 9],31,43,44,12,43
1,<environment.Job instance at 0x7f1d7bf805a0>,34,2,[7 3],35,66,68,31,66
1,<environment.Job instance at 0x7f1d7bf80e10>,38,2,[1 6],39,93,95,54,93
1,<environment.Job instance at 0x7f1d7c29a820>,39,23,[5 5],40,93,116,53,93
1,<environment.Job instance at 0x7f1d7c29a6e0>,45,24,[7 5],46,119,143,73,119
1,<environment.Job instance at 0x7f1dc01c1a00>,48,2,[5 5],49,121,123,72,121
1,<environment.Job instance at 0x7f1dc01c10a0>,49,3,[5 2],50,123,126,73,123
1,<environment.Job instance at 0x7f1dc01c1140>,51,2,[4 8],52,134,136,82,134
1,<environment.Job instance at 0x7f1dc01c1550>,47,3,[ 2 13],48,143,146,95,136
1,<environment.Job instance at 0x7f1d7c439b90>,54,3,[9 3],55,146,149,91,136
1,<environment.Job instance at 0x7f1d7c439960>,55,2,[7 1],56,137,139,81,137
1,<environment.Job instance at 0x7f1d7bf11320>,58,3,[10  1],59,149,152,90,146
1,<environment.Job instance at 0x7f1d7c837910>,60,1,[13  2],61,153,154,92,153
1,<environment.Job instance at 0x7f1d7c8375f0>,63,1,[ 2 13],64,167,168,103,167
1,<environment.Job instance at 0x7f1d7c837b40>,64,2,[ 4 10],65,168,170,103,167
1,<environment.Job instance at 0x7f1dc6dd86e0>,65,19,[8 1],66,167,186,101,167
1,<environment.Job instance at 0x7f1dc6dd88c0>,66,1,[ 4 11],67,170,171,103,167
1,<environment.Job instance at 0x7f1dbfe2afa0>,69,2,[10  5],70,186,188,116,169
1,<environment.Job instance at 0x7f1dbfe2a910>,70,2,[4 6],71,171,173,100,169
1,<environment.Job instance at 0x7f1d7be8c690>,71,23,[7 5],72,188,211,116,182
1,<environment.Job instance at 0x7f1d7be8c050>,72,28,[8 2],73,188,216,115,187
1,<environment.Job instance at 0x7f1d7c09d3c0>,73,22,[5 4],74,211,233,137,204
1,<environment.Job instance at 0x7f1d7c09d500>,74,1,[7 5],75,216,217,141,204
1,<environment.Job instance at 0x7f1d7c09d780>,77,1,[3 5],78,216,217,138,204
1,<environment.Job instance at 0x7f1d7c09d230>,84,2,[1 7],85,211,213,126,209
1,<environment.Job instance at 0x7f1d7c09db90>,85,1,[2 5],86,213,214,127,210
1,<environment.Job instance at 0x7f1d7c09d5a0>,88,1,[1 6],89,215,216,126,215
1,<environment.Job instance at 0x7f1d7c0a6af0>,4,26,[7 4],5,5,31,0,5
1,<environment.Job instance at 0x7f1dc0254cd0>,5,1,[12  3],6,31,32,25,17
1,<environment.Job instance at 0x7f1d7c22d0f0>,23,1,[7 3],24,24,25,0,24
1,<environment.Job instance at 0x7f1d7c22de60>,26,1,[3 9],27,34,35,7,34
1,<environment.Job instance at 0x7f1d7c22d140>,27,19,[4 7],28,35,54,7,34
1,<environment.Job instance at 0x7f1d7c686640>,28,3,[9 1],29,34,37,5,34
1,<environment.Job instance at 0x7f1d7be7e870>,31,3,[2 8],32,45,48,13,45
1,<environment.Job instance at 0x7f1d7be7e960>,35,1,[5 7],36,62,63,26,62
1,<environment.Job instance at 0x7f1d7be7e820>,37,18,[7 1],38,63,81,25,63
1,<environment.Job instance at 0x7f1d7be7e7d0>,40,2,[3 9],41,78,80,37,78
1,<environment.Job instance at 0x7f1d7be7e190>,41,3,[1 7],42,80,83,38,78
1,<environment.Job instance at 0x7f1d7be7ec80>,42,22,[6 2],43,80,102,37,78
1,<environment.Job instance at 0x7f1d7be7ec30>,44,23,[6 5],45,88,111,43,88
1,<environment.Job instance at 0x7f1d7be7ed20>,45,1,[9 4],46,102,103,56,88
1,<environment.Job instance at 0x7f1d7bf4d2d0>,47,2,[5 8],48,103,105,55,88
1,<environment.Job instance at 0x7f1d7bf4d140>,49,3,[8 1],50,105,108,55,92
1,<environment.Job instance at 0x7f1d7bf4df50>,50,2,[2 7],51,92,94,41,92
1,<environment.Job instance at 0x7f1d7bf4d5f0>,53,21,[7 4],54,108,129,54,103
1,<environment.Job instance at 0x7f1d7bf4d320>,54,2,[ 4 10],55,111,113,56,103
1,<environment.Job instance at 0x7f1d7bf4dcd0>,56,1,[3 5],57,120,121,63,120
1,<environment.Job instance at 0x7f1d7bf4d870>,58,1,[5 1],59,120,121,61,120
1,<environment.Job instance at 0x7f1d7bf28140>,60,26,[5 7],61,121,147,60,120
1,<environment.Job instance at 0x7f1d7bf28af0>,62,2,[7 5],63,129,131,66,124
1,<environment.Job instance at 0x7f1d7bf288c0>,64,20,[5 9],65,147,167,82,141
1,<environment.Job instance at 0x7f1d7bf28a00>,66,1,[7 3],67,141,142,74,141
1,<environment.Job instance at 0x7f1d7bf28e60>,69,27,[5 9],70,167,194,97,165
1,<environment.Job instance at 0x7f1d7bf28cd0>,72,26,[ 1 10],73,194,220,121,191
1,<environment.Job instance at 0x7f1d7bfa5410>,73,28,[3 5],74,191,219,117,191
1,<environment.Job instance at 0x7f1d7bfa5780>,80,20,[5 8],81,220,240,139,211
1,<environment.Job instance at 0x7f1dbfc1f910>,0,21,[5 2],1,1,22,0,1
1,<environment.Job instance at 0x7f1dbfc1fa00>,5,2,[ 5 10],6,7,9,1,7
1,<environment.Job instance at 0x7f1dbfc1eaa0>,7,2,[8 3],8,9,11,1,8
1,<environment.Job instance at 0x7f1dbfc1eeb0>,12,1,[5 8],13,13,14,0,13
1,<environment.Job instance at 0x7f1dbfc1eb40>,13,1,[6 3],14,14,15,0,14
1,<environment.Job instance at 0x7f1dbfc1e0a0>,15,1,[10  4],16,16,17,0,16
1,<environment.Job instance at 0x7f1dbfc26dc0>,17,3,[10  1],18,19,22,1,19
1,<environment.Job instance at 0x7f1dbfc26d20>,21,1,[6 1],22,35,36,13,35
1,<environment.Job instance at 0x7f1dbfc26e10>,22,2,[ 4 10],23,35,37,12,35
1,<environment.Job instance at 0x7f1dbfc26a00>,23,2,[4 7],24,37,39,13,35
1,<environment.Job instance at 0x7f1dbfc26690>,25,23,[7 4],26,41,64,15,41
1,<environment.Job instance at 0x7f1dbfc26820>,26,23,[5 6],27,41,64,14,41
1,<environment.Job instance at 0x7f1dbfc06f50>,28,25,[ 5 10],29,64,89,35,60
1,<environment.Job instance at 0x7f1dbfc06e60>,34,1,[9 2],35,72,73,37,72
1,<environment.Job instance at 0x7f1d7bf7dd20>,36,2,[4 6],37,89,91,52,79
1,<environment.Job instance at 0x7f1d7bf7d870>,37,26,[ 2 10],38,91,117,53,88
1,<environment.Job instance at 0x7f1d7bf7db40>,42,2,[5 1],43,105,107,62,105
1,<environment.Job instance at 0x7f1d7bf7dc80>,46,1,[5 8],47,122,123,75,122
1,<environment.Job instance at 0x7f1d7bf7dcd0>,47,3,[9 3],48,122,125,74,122
1,<environment.Job instance at 0x7f1dbfbf7640>,49,1,[8 4],50,137,138,87,137
1,<environment.Job instance at 0x7f1dbfbf7280>,51,2,[1 9],52,139,141,87,139
1,<environment.Job instance at 0x7f1dbfbf7a50>,52,1,[7 2],53,139,140,86,139
1,<environment.Job instance at 0x7f1dbfbf75f0>,53,20,[5 2],54,139,159,85,139
1,<environment.Job instance at 0x7f1dbfbf7af0>,56,1,[6 2],57,152,153,95,152
1,<environment.Job instance at 0x7f1dbfbf70a0>,57,2,[ 5 11],58,153,155,95,152
1,<environment.Job instance at 0x7f1dbfbf7c80>,60,2,[ 4 14],61,174,176,113,174
1,<environment.Job instance at 0x7f1dbffbcfa0>,62,1,[ 4 10],63,188,189,125,188
1,<environment.Job instance at 0x7f1dbffbc870>,65,3,[1 7],66,209,212,143,209
1,<environment.Job instance at 0x7f1dbffbca50>,67,3,[1 7],68,209,212,141,209
1,<environment.Job instance at 0x7f1dbffbc460>,69,2,[6 4],70,217,219,147,217
1,<environment.Job instance at 0x7f1dbffbcaa0>,70,25,[8 3],71,217,242,146,217
1,<environment.Job instance at 0x7f1dbffbc500>,71,27,[8 1],72,242,269,170,240
1,<environment.Job instance at 0x7f1dbffbcc30>,72,1,[7 5],73,240,241,167,240
1,<environment.Job instance at 0x7f1dbffbc0f0>,73,2,[ 3 10],74,241,243,167,240
1,<environment.Job instance at 0x7f1dbffbc320>,74,2,[1 8],75,243,245,168,240
1,<environment.Job instance at 0x7f1dbfc14be0>,77,27,[2 6],78,243,270,165,241
1,<environment.Job instance at 0x7f1dbfc140f0>,87,26,[ 5 10],88,277,303,189,277
1,<environment.Job instance at 0x7f3393e55370>,1,22,[11  3],2,2,24,0,2
1,<environment.Job instance at 0x7f3393e550f0>,2,22,[4 8],3,3,25,0,3
1,<environment.Job instance at 0x7f338ea46460>,6,20,[6 1],7,24,44,17,15
1,<environment.Job instance at 0x7f338ea46820>,12,26,[ 1 10],13,25,51,12,22
1,<environment.Job instance at 0x7f338ea46b40>,20,1,[7 5],21,44,45,23,25
1,<environment.Job instance at 0x7f338ea46c80>,21,1,[6 5],22,45,46,23,25
1,<environment.Job instance at 0x7f338ea49320>,22,1,[2 7],23,51,52,28,25
1,<environment.Job instance at 0x7f338ea494b0>,23,27,[1 6],24,51,78,27,49
1,<environment.Job instance at 0x7f338ea49500>,26,3,[3 7],27,52,55,25,49
1,<environment.Job instance at 0x7f338ea49b40>,28,23,[10  4],29,55,78,26,49
1,<environment.Job instance at 0x7f338ea49dc0>,32,3,[5 1],33,51,54,18,51
1,<environment.Job instance at 0x7f338ea49fa0>,34,24,[1 8],35,78,102,43,73
1,<environment.Job instance at 0x7f338ea4a140>,37,2,[2 6],38,78,80,40,73
1,<environment.Job instance at 0x7f338ea4a1e0>,38,2,[ 1 10],39,102,104,63,75
1,<environment.Job instance at 0x7f338ea4a280>,39,2,[5 6],40,80,82,40,75
1,<environment.Job instance at 0x7f338ea4a3c0>,41,1,[5 2],42,82,83,40,80
1,<environment.Job instance at 0x7f338ea4a460>,42,2,[4 6],43,83,85,40,80
1,<environment.Job instance at 0x7f338ea4a5a0>,44,3,[5 5],45,85,88,40,85
1,<environment.Job instance at 0x7f338ea4a780>,47,2,[6 5],48,104,106,56,104
1,<environment.Job instance at 0x7f338ea4abe0>,51,3,[1 5],52,126,129,74,126
1,<environment.Job instance at 0x7f338ea4d050>,52,1,[8 5],53,126,127,73,126
1,<environment.Job instance at 0x7f3393fbb780>,9,1,[10  4],10,12,13,2,12
1,<environment.Job instance at 0x7f3393fc2280>,11,26,[ 5 10],12,13,39,1,13
1,<environment.Job instance at 0x7f3393fc21e0>,12,2,[6 2],13,13,15,0,13
1,<environment.Job instance at 0x7f3393fc7c30>,16,3,[ 1 12],17,39,42,22,28
1,<environment.Job instance at 0x7f3393fc7af0>,17,1,[1 5],18,28,29,10,28
1,<environment.Job instance at 0x7f3393fc7410>,19,20,[2 6],20,42,62,22,33
1,<environment.Job instance at 0x7f3393fc7870>,22,3,[ 4 12],23,62,65,39,61
1,<environment.Job instance at 0x7f3393fc4fa0>,24,1,[8 4],25,65,66,40,64
1,<environment.Job instance at 0x7f3393fc4550>,25,21,[4 5],26,65,86,39,64
1,<environment.Job instance at 0x7f3393fc4f50>,27,22,[4 5],28,66,88,38,64
1,<environment.Job instance at 0x7f3393e7d5f0>,28,23,[ 2 14],29,88,111,59,82
1,<environment.Job instance at 0x7f3393e7d140>,36,1,[9 3],37,111,112,74,89
1,<environment.Job instance at 0x7f3393e7dc30>,37,20,[9 2],38,112,132,74,103
1,<environment.Job instance at 0x7f3348e23050>,7,1,[2 8],8,9,10,1,9
1,<environment.Job instance at 0x7f3348d24460>,9,2,[10  4],10,17,19,7,17
1,<environment.Job instance at 0x7f3348d24140>,10,3,[5 6],11,18,21,7,18
1,<environment.Job instance at 0x7f3348d245a0>,12,2,[ 1 12],13,21,23,8,18
1,<environment.Job instance at 0x7f3348d24fa0>,18,1,[10  5],19,23,24,4,21
1,<environment.Job instance at 0x7f3348d24e10>,19,1,[ 2 10],20,23,24,3,21
1,<environment.Job instance at 0x7f3348e23dc0>,8,2,[13  1],9,21,23,12,21
1,<environment.Job instance at 0x7f3348d24500>,11,3,[13  5],12,24,27,12,22
1,<environment.Job instance at 0x7f3348d884b0>,22,1,[ 4 13],23,27,28,4,23
1,<environment.Job instance at 0x7f3348e1f550>,25,1,[3 8],26,31,32,5,31
1,<environment.Job instance at 0x7f3348d9ad20>,31,1,[8 3],32,60,61,28,60
1,<environment.Job instance at 0x7f3348d9a3c0>,32,20,[1 7],33,60,80,27,60
1,<environment.Job instance at 0x7f3348d9ae10>,35,1,[10  1],36,61,62,25,60
1,<environment.Job instance at 0x7f3348d9acd0>,36,19,[2 7],37,61,80,24,60
1,<environment.Job instance at 0x7f3348d9a550>,39,2,[5 8],40,80,82,40,75
1,<environment.Job instance at 0x7f3348d9ae60>,40,24,[ 1 10],41,82,106,41,77
1,<environment.Job instance at 0x7f3348df4870>,43,24,[7 4],44,80,104,36,77
1,<environment.Job instance at 0x7f3348df4eb0>,45,3,[12  3],46,106,109,60,106
1,<environment.Job instance at 0x7f3348df42d0>,49,3,[5 1],50,109,112,59,106
1,<environment.Job instance at 0x7f3348df4a00>,51,27,[4 7],52,109,136,57,107
1,<environment.Job instance at 0x7f3348df46e0>,52,26,[8 4],53,112,138,59,109
1,<environment.Job instance at 0x7f3348df49b0>,59,1,[5 4],60,136,137,76,128
1,<environment.Job instance at 0x7f3348e084b0>,60,25,[ 3 10],61,137,162,76,133
1,<environment.Job instance at 0x7f3348e08410>,61,1,[ 2 10],62,162,163,100,134
1,<environment.Job instance at 0x7f3348e08cd0>,62,1,[3 9],63,163,164,100,135
1,<environment.Job instance at 0x7f3348e08640>,63,2,[4 7],64,164,166,100,137
1,<environment.Job instance at 0x7f3348e08dc0>,65,2,[1 5],66,138,140,72,137
1,<environment.Job instance at 0x7f3348e087d0>,66,3,[8 4],67,140,143,73,137
1,<environment.Job instance at 0x7f3348e04280>,69,3,[4 7],70,164,167,94,145
1,<environment.Job instance at 0x7f3348e04960>,72,1,[5 5],73,159,160,86,159
1,<environment.Job instance at 0x7f3348e04dc0>,73,23,[10  1],74,166,189,92,160
1,<environment.Job instance at 0x7f3348e04e10>,76,28,[6 5],77,189,217,112,188
1,<environment.Job instance at 0x7f3348e04b90>,80,2,[ 5 10],81,188,190,107,188
1,<environment.Job instance at 0x7f3348dcee60>,82,2,[2 6],83,190,192,107,189
1,<environment.Job instance at 0x7f3348dce5f0>,86,1,[2 7],87,195,196,108,195
1,<environment.Job instance at 0x7f3348dce320>,89,28,[5 3],90,195,223,105,195
1,<environment.Job instance at 0x7f3348dce140>,91,2,[1 5],92,212,214,120,212
1,<environment.Job instance at 0x7f3348dce6e0>,92,18,[8 2],93,217,235,124,215
1,<environment.Job instance at 0x7f3348dceaf0>,96,1,[7 3],97,223,224,126,216
1,<environment.Job instance at 0x7f3348dce280>,98,1,[2 7],99,226,227,127,226
1,<environment.Job instance at 0x7f33491f7280>,2,25,[6 3],3,3,28,0,3
1,<environment.Job instance at 0x7f33491f7780>,10,1,[ 1 10],11,11,12,0,11
1,<environment.Job instance at 0x7f3348d25b40>,12,1,[5 9],13,13,14,0,13
1,<environment.Job instance at 0x7f3348d25690>,13,20,[2 6],14,14,34,0,14
1,<environment.Job instance at 0x7f3348d251e0>,22,3,[ 3 11],23,34,37,11,26
1,<environment.Job instance at 0x7f3348c942d0>,27,1,[9 3],28,41,42,13,41
1,<environment.Job instance at 0x7f3348c94370>,30,24,[2 8],31,57,81,26,57
1,<environment.Job instance at 0x7f3348c94320>,31,24,[9 1],32,57,81,25,57
1,<environment.Job instance at 0x7f3348c94c30>,33,24,[10  5],34,81,105,47,76
1,<environment.Job instance at 0x7f3348c948c0>,34,23,[10  2],35,105,128,70,99
1,<environment.Job instance at 0x7f3348c94870>,37,1,[4 5],38,99,100,61,99
1,<environment.Job instance at 0x7f3348c94dc0>,38,1,[2 9],39,100,101,61,99
1,<environment.Job instance at 0x7f3348e1feb0>,46,1,[2 6],47,129,130,82,129
1,<environment.Job instance at 0x7f3348e1fa00>,48,2,[5 7],49,133,135,84,133
1,<environment.Job instance at 0x7f3348e1fd20>,51,2,[6 3],52,146,148,94,146
1,<environment.Job instance at 0x7f3348e1f910>,52,12,[8 1],53,147,159,94,147
1,<environment.Job instance at 0x7f3348e1f5a0>,53,1,[1 7],54,147,148,93,147
1,<environment.Job instance at 0x7f33491fe190>,55,3,[9 4],56,159,162,103,147
1,<environment.Job instance at 0x7f33491fe960>,58,2,[9 4],59,165,167,106,165
1,<environment.Job instance at 0x7f33491fe4b0>,59,3,[ 2 10],60,165,168,105,165
1,<environment.Job instance at 0x7f33491fef00>,60,27,[ 5 10],61,168,195,107,166
1,<environment.Job instance at 0x7f3349106af0>,66,25,[ 5 10],67,195,220,128,191
1,<environment.Job instance at 0x7f3349106050>,70,2,[1 7],71,220,222,149,202
1,<environment.Job instance at 0x7f33491065f0>,71,1,[ 4 10],72,222,223,150,202
1,<environment.Job instance at 0x7f33491062d0>,72,3,[10  4],73,202,205,129,202
1,<environment.Job instance at 0x7f3349106370>,73,2,[5 7],74,220,222,146,203
1,<environment.Job instance at 0x7f3349106190>,74,1,[3 8],75,223,224,148,203
1,<environment.Job instance at 0x7f3349106730>,77,1,[5 5],78,205,206,127,204
1,<environment.Job instance at 0x7f3348e78e60>,83,2,[5 5],84,218,220,134,218
1,<environment.Job instance at 0x7f3348e78af0>,84,1,[7 4],85,222,223,137,219
1,<environment.Job instance at 0x7f3348e78730>,95,2,[ 4 11],96,329,331,233,329
1,<environment.Job instance at 0x7f3348e784b0>,98,1,[2 6],99,331,332,232,329
1,<environment.Job instance at 0x7f3348e782d0>,2,19,[8 2],3,3,22,0,3
1,<environment.Job instance at 0x7f334914a460>,6,2,[11  3],7,22,24,15,10
1,<environment.Job instance at 0x7f3348e15be0>,3,2,[ 2 14],4,28,30,24,28
1,<environment.Job instance at 0x7f334914aaf0>,12,2,[12  5],13,30,32,17,28
1,<environment.Job instance at 0x7f334914ab90>,13,1,[1 7],14,30,31,16,28
1,<environment.Job instance at 0x7f334914ac30>,14,1,[14  4],15,32,33,17,28
1,<environment.Job instance at 0x7f334914a780>,7,2,[12  2],8,33,35,25,28
1,<environment.Job instance at 0x7f334914a8c0>,9,17,[9 1],10,41,58,31,41
1,<environment.Job instance at 0x7f3349134c30>,24,2,[2 5],25,50,52,25,50
1,<environment.Job instance at 0x7f3349134050>,26,1,[3 8],27,53,54,26,53
1,<environment.Job instance at 0x7f3349134820>,28,1,[2 8],29,54,55,25,53
1,<environment.Job instance at 0x7f3349134640>,29,1,[ 3 10],30,55,56,25,53
1,<environment.Job instance at 0x7f3349134960>,32,1,[ 5 10],33,64,65,31,64
1,<environment.Job instance at 0x7f3349134fa0>,33,1,[ 5 12],34,65,66,31,64
1,<environment.Job instance at 0x7f3349134140>,34,21,[7 2],35,64,85,29,64
1,<environment.Job instance at 0x7f3349134be0>,36,3,[ 3 10],37,76,79,39,76
1,<environment.Job instance at 0x7f334913f780>,44,3,[14  4],45,113,116,68,113
1,<environment.Job instance at 0x7f334913f820>,45,2,[5 5],46,116,118,70,113
1,<environment.Job instance at 0x7f334913f8c0>,46,2,[13  4],47,118,120,71,113
1,<environment.Job instance at 0x7f334913f960>,47,3,[3 5],48,120,123,72,113
1,<environment.Job instance at 0x7f334913faa0>,49,27,[1 5],50,120,147,70,120
1,<environment.Job instance at 0x7f334913fc30>,50,1,[5 1],51,120,121,69,120
1,<environment.Job instance at 0x7f334913fd20>,51,3,[9 3],52,121,124,69,120
1,<environment.Job instance at 0x7f334913fe60>,53,3,[8 4],54,124,127,70,121
1,<environment.Job instance at 0x7f334912e140>,54,3,[6 1],55,124,127,69,121
1,<environment.Job instance at 0x7f334912e230>,57,19,[14  4],58,132,151,74,132
1,<environment.Job instance at 0x7f334912ec80>,66,25,[3 8],67,194,219,127,194
1,<environment.Job instance at 0x7f339366bb90>,0,1,[6 3],1,2,3,1,2
1,<environment.Job instance at 0x7f33938215a0>,5,21,[2 5],6,6,27,0,6
1,<environment.Job instance at 0x7f3348d25a00>,6,1,[7 2],7,7,8,0,7
1,<environment.Job instance at 0x7f3348d25b40>,9,19,[9 1],10,10,29,0,10
1,<environment.Job instance at 0x7f3348d255f0>,13,27,[1 8],14,14,41,0,14
1,<environment.Job instance at 0x7f3348cfa690>,26,16,[5 5],27,42,58,15,42
1,<environment.Job instance at 0x7f3348cfa5a0>,27,22,[1 7],28,42,64,14,42
1,<environment.Job instance at 0x7f3393e79960>,31,18,[3 6],32,60,78,28,60
1,<environment.Job instance at 0x7f3393e79be0>,32,1,[9 3],33,64,65,31,60
1,<environment.Job instance at 0x7f3393e79500>,33,3,[ 3 14],34,78,81,44,60
1,<environment.Job instance at 0x7f33934ad320>,35,25,[6 3],36,81,106,45,77
1,<environment.Job instance at 0x7f33934adaa0>,36,2,[5 1],37,77,79,40,77
1,<environment.Job instance at 0x7f33934adf00>,37,2,[4 5],38,81,83,43,77
1,<environment.Job instance at 0x7f33934adaf0>,40,2,[ 5 11],41,83,85,42,81
1,<environment.Job instance at 0x7f33937be410>,44,1,[5 7],45,101,102,56,101
1,<environment.Job instance at 0x7f33934adcd0>,39,18,[7 5],40,107,125,67,107
1,<environment.Job instance at 0x7f33937be280>,46,2,[2 9],47,107,109,60,107
1,<environment.Job instance at 0x7f338e897820>,49,27,[ 5 10],50,115,142,65,115
1,<environment.Job instance at 0x7f338e897d20>,51,22,[ 1 10],52,142,164,90,135
1,<environment.Job instance at 0x7f3393268a50>,58,20,[6 2],59,148,168,89,148
1,<environment.Job instance at 0x7f3393268050>,65,17,[7 1],66,167,184,101,167
1,<environment.Job instance at 0x7f338ef6b9b0>,66,13,[11  1],67,184,197,117,170
1,<environment.Job instance at 0x7f338ef6b820>,73,2,[10  5],74,202,204,128,202
1,<environment.Job instance at 0x7f33490120f0>,78,21,[5 8],79,215,236,136,215
1,<environment.Job instance at 0x7f3349012140>,81,28,[2 8],82,236,264,154,235
1,<environment.Job instance at 0x7f3349012320>,83,27,[9 3],84,236,263,152,236
1,<environment.Job instance at 0x7f33490127d0>,86,28,[1 7],87,263,291,176,262
1,<environment.Job instance at 0x7f3349012fa0>,88,1,[5 7],89,264,265,175,262
1,<environment.Job instance at 0x7f3349012b40>,91,1,[10  2],92,266,267,174,266
1,<environment.Job instance at 0x7f3349012eb0>,96,28,[9 2],97,271,299,174,271
1,<environment.Job instance at 0x7f3349012410>,94,3,[11  1],95,302,305,207,302
1,<environment.Job instance at 0x7f33490121e0>,89,2,[ 4 11],90,362,364,272,362
1,<environment.Job instance at 0x7f3348c94aa0>,11,1,[10  4],12,12,13,0,12
1,<environment.Job instance at 0x7f3348edea50>,16,23,[7 4],17,17,40,0,17
1,<environment.Job instance at 0x7f338e89dfa0>,7,3,[ 1 12],8,40,43,32,38
1,<environment.Job instance at 0x7f3348ecb0f0>,23,20,[5 4],24,43,63,19,38
1,<environment.Job instance at 0x7f338e7cdcd0>,35,20,[4 7],36,68,88,32,68
1,<environment.Job instance at 0x7f338e7cdbe0>,36,21,[6 5],37,68,89,31,68
1,<environment.Job instance at 0x7f338e98cf50>,41,27,[5 1],42,86,113,44,86
1,<environment.Job instance at 0x7f338e98caf0>,42,21,[1 6],43,88,109,45,86
1,<environment.Job instance at 0x7f33492dde60>,46,25,[8 3],47,101,126,54,101
1,<environment.Job instance at 0x7f33492dd0a0>,51,19,[10  1],52,200,219,148,200
1,<environment.Job instance at 0x7f338eeda500>,54,3,[6 4],55,219,222,164,215
1,<environment.Job instance at 0x7f3348cf7fa0>,56,25,[ 5 10],57,225,250,168,225
1,<environment.Job instance at 0x7f3348cf7f00>,57,1,[3 6],58,250,251,192,225
1,<environment.Job instance at 0x7f338e89e9b0>,58,3,[8 2],59,225,228,166,225
1,<environment.Job instance at 0x7f338e89e0f0>,59,3,[ 5 10],60,251,254,191,225
1,<environment.Job instance at 0x7f338e89ecd0>,60,1,[4 6],61,250,251,189,225
1,<environment.Job instance at 0x7f338e7ad320>,61,1,[4 6],62,254,255,192,226
1,<environment.Job instance at 0x7f338e7ad1e0>,64,2,[ 2 10],65,255,257,190,241
1,<environment.Job instance at 0x7f338e7adc30>,65,1,[9 5],66,241,242,175,241
1,<environment.Job instance at 0x7f338e7adf00>,66,1,[2 6],67,254,255,187,241
1,<environment.Job instance at 0x7f338e89c7d0>,71,2,[9 5],72,274,276,202,274
1,<environment.Job instance at 0x7f338e89c550>,72,3,[9 5],73,276,279,203,274
1,<environment.Job instance at 0x7f3393d921e0>,76,2,[13  5],77,297,299,220,297
1,<environment.Job instance at 0x7f3393d92640>,77,1,[9 5],78,299,300,221,297
1,<environment.Job instance at 0x7f338eb6fc80>,80,26,[6 3],81,318,344,237,318
1,<environment.Job instance at 0x7f338e816c80>,8,1,[8 4],9,9,10,0,9
1,<environment.Job instance at 0x7f338e806280>,14,1,[1 9],15,18,19,3,18
1,<environment.Job instance at 0x7f338e8062d0>,17,3,[6 4],18,25,28,7,25
1,<environment.Job instance at 0x7f338e806820>,20,28,[5 6],21,43,71,22,43
1,<environment.Job instance at 0x7f338e8068c0>,21,2,[2 6],22,43,45,21,43
1,<environment.Job instance at 0x7f338e806a00>,23,28,[ 1 11],24,71,99,47,70
1,<environment.Job instance at 0x7f338e806780>,25,23,[5 3],26,70,93,44,70
1,<environment.Job instance at 0x7f338e92a460>,16,2,[7 3],17,23,25,6,23
1,<environment.Job instance at 0x7f338e92aeb0>,17,25,[9 4],18,25,50,7,23
1,<environment.Job instance at 0x7f338e92acd0>,19,2,[4 6],20,23,25,3,23
1,<environment.Job instance at 0x7f3348f62500>,21,3,[ 4 12],22,50,53,28,31
1,<environment.Job instance at 0x7f339342b0a0>,24,1,[8 1],25,50,51,25,40
1,<environment.Job instance at 0x7f339358a140>,29,2,[9 5],30,64,66,34,64
1,<environment.Job instance at 0x7f3349151370>,30,1,[8 5],31,66,67,35,64
1,<environment.Job instance at 0x7f3348cec6e0>,32,2,[5 7],33,81,83,48,81
1,<environment.Job instance at 0x7f3393d57dc0>,34,25,[7 4],35,81,106,46,81
1,<environment.Job instance at 0x7f334921cfa0>,35,3,[1 6],36,83,86,47,81
1,<environment.Job instance at 0x7f334921c500>,36,22,[ 4 10],37,86,108,49,81
1,<environment.Job instance at 0x7f3393dd9640>,44,3,[3 5],45,116,119,71,116
1,<environment.Job instance at 0x7f33934b48c0>,45,23,[8 2],46,116,139,70,116
1,<environment.Job instance at 0x7f334903a280>,47,1,[8 3],48,139,140,91,129
1,<environment.Job instance at 0x7f334903ac80>,48,1,[ 1 10],49,129,130,80,129
1,<environment.Job instance at 0x7f334903afa0>,49,2,[3 6],50,130,132,80,129
1,<environment.Job instance at 0x7f338eb417d0>,54,3,[8 2],55,148,151,93,148
1,<environment.Job instance at 0x7f338eb41eb0>,55,3,[11  2],56,151,154,95,148
1,<environment.Job instance at 0x7f338eb411e0>,56,3,[8 5],57,154,157,97,148
1,<environment.Job instance at 0x7f334921af00>,60,18,[5 8],61,184,202,123,184
1,<environment.Job instance at 0x7f334921a7d0>,62,23,[7 1],63,184,207,121,184
1,<environment.Job instance at 0x7f334921a730>,63,2,[2 8],64,202,204,138,184
1,<environment.Job instance at 0x7f334921afa0>,65,3,[13  2],66,207,210,141,190
1,<environment.Job instance at 0x7f334921ae60>,66,1,[9 4],67,210,211,143,190
1,<environment.Job instance at 0x7f334921ac80>,68,1,[13  4],69,211,212,142,190
1,<environment.Job instance at 0x7f338ec7b280>,0,1,[8 1],1,1,2,0,1
1,<environment.Job instance at 0x7f3348d020a0>,4,22,[9 5],5,5,27,0,5
1,<environment.Job instance at 0x7f3348d02690>,5,3,[ 1 14],6,27,30,21,22
1,<environment.Job instance at 0x7f3393787be0>,17,2,[3 7],18,40,42,22,40
1,<environment.Job instance at 0x7f33490fa320>,19,21,[1 7],20,49,70,29,49
1,<environment.Job instance at 0x7f338ed2e820>,23,2,[8 4],24,72,74,48,72
1,<environment.Job instance at 0x7f3348ffef00>,24,1,[10  4],25,74,75,49,72
1,<environment.Job instance at 0x7f3348f90b40>,27,17,[8 2],28,76,93,48,76
1,<environment.Job instance at 0x7f3348d5ad70>,30,2,[8 1],31,93,95,62,88
1,<environment.Job instance at 0x7f3348d5a5f0>,31,1,[9 4],32,95,96,63,88
1,<environment.Job instance at 0x7f3348d5a9b0>,33,2,[1 7],34,102,104,68,102
1,<environment.Job instance at 0x7f3393414c80>,34,2,[1 6],35,102,104,67,102
1,<environment.Job instance at 0x7f33934147d0>,36,3,[9 2],37,108,111,71,108
1,<environment.Job instance at 0x7f3393414460>,38,1,[8 2],39,121,122,82,121
1,<environment.Job instance at 0x7f3393414370>,39,3,[2 6],40,121,124,81,121
1,<environment.Job instance at 0x7f3393414f00>,41,1,[9 4],42,129,130,87,129
1,<environment.Job instance at 0x7f3393414af0>,42,2,[2 7],43,129,131,86,129
1,<environment.Job instance at 0x7f33492fc7d0>,45,2,[3 7],46,175,177,129,175
1,<environment.Job instance at 0x7f33492fc4b0>,46,1,[11  2],47,175,176,128,175
1,<environment.Job instance at 0x7f33492fc640>,50,1,[4 5],51,226,227,175,226
1,<environment.Job instance at 0x7f338eb21410>,52,1,[6 3],53,230,231,177,230
1,<environment.Job instance at 0x7f33492fc8c0>,53,3,[1 6],54,230,233,176,230
1,<environment.Job instance at 0x7f338eb21320>,54,1,[5 4],55,230,231,175,230
1,<environment.Job instance at 0x7f33934b4870>,56,3,[6 2],57,247,250,190,247
1,<environment.Job instance at 0x7f3393246c80>,57,1,[6 3],58,247,248,189,247
1,<environment.Job instance at 0x7f3393246cd0>,58,19,[7 1],59,248,267,189,247
1,<environment.Job instance at 0x7f3393246eb0>,59,2,[5 4],60,250,252,190,247
1,<environment.Job instance at 0x7f338eeb4910>,61,1,[2 7],62,264,265,202,264
1,<environment.Job instance at 0x7f338eeb45f0>,62,2,[4 5],63,264,266,201,264
1,<environment.Job instance at 0x7f339323afa0>,65,2,[10  5],66,281,283,215,281
1,<environment.Job instance at 0x7f339323aeb0>,66,1,[2 5],67,281,282,214,281
1,<environment.Job instance at 0x7f3348bb6500>,7,22,[6 1],8,8,30,0,8
1,<environment.Job instance at 0x7f3348bb6a50>,13,2,[8 1],14,15,17,1,15
1,<environment.Job instance at 0x7f3348bb6aa0>,14,1,[ 3 10],15,17,18,2,15
1,<environment.Job instance at 0x7f3348bb6f50>,19,2,[3 7],20,27,29,7,27
1,<environment.Job instance at 0x7f3348baa190>,22,19,[8 3],23,44,63,21,44
1,<environment.Job instance at 0x7f3348baa370>,25,1,[7 1],26,62,63,36,62
1,<environment.Job instance at 0x7f3348baa640>,26,23,[5 5],27,63,86,36,62
1,<environment.Job instance at 0x7f3348baa8c0>,27,1,[2 6],28,63,64,35,62
1,<environment.Job instance at 0x7f3348baaa00>,29,25,[7 3],30,69,94,39,69
1,<environment.Job instance at 0x7f3348baa5f0>,30,1,[12  5],31,94,95,63,82
1,<environment.Job instance at 0x7f3348baac30>,35,3,[ 3 10],36,89,92,53,89
1,<environment.Job instance at 0x7f3348baaf50>,39,3,[7 1],40,103,106,63,103
1,<environment.Job instance at 0x7f3348baaeb0>,40,2,[8 5],41,103,105,62,103
1,<environment.Job instance at 0x7f3348baafa0>,41,3,[ 3 11],42,105,108,63,103
1,<environment.Job instance at 0x7f3348baa730>,38,12,[5 1],39,106,118,67,106
1,<environment.Job instance at 0x7f3348bc42d0>,43,3,[1 6],44,108,111,64,106
1,<environment.Job instance at 0x7f3348bc46e0>,46,1,[ 3 10],47,114,115,67,114
1,<environment.Job instance at 0x7f3348bc4730>,49,2,[3 7],50,128,130,78,128
1,<environment.Job instance at 0x7f3348bc4870>,51,1,[4 7],52,146,147,94,146
1,<environment.Job instance at 0x7f3348bc4aa0>,52,19,[6 2],53,146,165,93,146
1,<environment.Job instance at 0x7f3348bc44b0>,53,3,[1 8],54,147,150,93,146
1,<environment.Job instance at 0x7f3348bc4a50>,54,1,[1 7],55,150,151,95,146
1,<environment.Job instance at 0x7f3348bc4af0>,55,3,[14  4],56,165,168,109,146
1,<environment.Job instance at 0x7f3348bc4910>,61,2,[11  4],62,174,176,112,174
1,<environment.Job instance at 0x7f338e7da370>,62,2,[6 3],63,176,178,113,174
1,<environment.Job instance at 0x7f338e7da640>,65,3,[3 9],66,188,191,122,188
1,<environment.Job instance at 0x7f338e7da6e0>,66,18,[3 6],67,191,209,124,191
1,<environment.Job instance at 0x7f338e7da690>,68,22,[ 1 13],69,209,231,140,202
1,<environment.Job instance at 0x7f338e7dad70>,77,1,[9 1],78,229,230,151,229
1,<environment.Job instance at 0x7f338e7dae10>,78,2,[11  2],79,230,232,151,229
1,<environment.Job instance at 0x7f338e7da7d0>,79,23,[4 9],80,231,254,151,229
1,<environment.Job instance at 0x7f338e7c5320>,83,1,[5 5],84,249,250,165,249
1,<environment.Job instance at 0x7f338e7c5370>,84,22,[5 8],85,254,276,169,249
1,<environment.Job instance at 0x7f338e7c5c80>,92,1,[10  2],93,284,285,191,284
1,<environment.Job instance at 0x7f338e7c5910>,93,1,[2 9],94,284,285,190,284
1,<environment.Job instance at 0x7f338e7c5c30>,94,1,[10  4],95,285,286,190,284
1,<environment.Job instance at 0x7f338e7c5d70>,96,1,[1 8],97,285,286,188,284
1,<environment.Job instance at 0x7f338e7c5af0>,97,3,[4 5],98,286,289,188,285
1,<environment.Job instance at 0x7f338eb509b0>,8,2,[ 2 10],9,11,13,2,11
1,<environment.Job instance at 0x7f33934f4820>,15,1,[5 6],16,29,30,13,29
1,<environment.Job instance at 0x7f33934f4910>,17,3,[9 4],18,29,32,11,29
1,<environment.Job instance at 0x7f3348bd1230>,20,1,[4 8],21,30,31,9,29
1,<environment.Job instance at 0x7f338ee05a00>,0,2,[ 4 14],1,32,34,31,32
1,<environment.Job instance at 0x7f3348bd19b0>,22,3,[5 8],23,34,37,11,32
1,<environment.Job instance at 0x7f3348bd1910>,25,20,[10  3],26,42,62,16,42
1,<environment.Job instance at 0x7f3348bd1fa0>,27,3,[8 3],28,62,65,34,55
1,<environment.Job instance at 0x7f3348bd11e0>,28,1,[9 5],29,65,66,36,55
1,<environment.Job instance at 0x7f3348bd1a00>,29,1,[7 3],30,62,63,32,55
1,<environment.Job instance at 0x7f3348bd1870>,30,2,[9 4],31,66,68,35,55
1,<environment.Job instance at 0x7f33493ea640>,31,1,[3 8],32,55,56,23,55
1,<environment.Job instance at 0x7f33493ea910>,36,2,[ 5 12],37,73,75,36,73
1,<environment.Job instance at 0x7f33493eaeb0>,37,23,[6 1],38,73,96,35,73
1,<environment.Job instance at 0x7f334913e730>,39,2,[4 5],40,75,77,35,75
1,<environment.Job instance at 0x7f334913e410>,40,1,[10  3],41,96,97,55,75
1,<environment.Job instance at 0x7f33491c8910>,44,2,[9 2],45,88,90,43,88
1,<environment.Job instance at 0x7f33493eab40>,32,18,[9 2],33,97,115,64,92
1,<environment.Job instance at 0x7f33491c86e0>,50,25,[9 4],51,115,140,64,111
1,<environment.Job instance at 0x7f3349366780>,54,28,[ 5 10],55,114,142,59,114
1,<environment.Job instance at 0x7f3348d0fb90>,58,26,[4 9],59,142,168,83,139
1,<environment.Job instance at 0x7f3348d0f820>,57,27,[2 9],58,168,195,110,166
1,<environment.Job instance at 0x7f3348d0f5f0>,59,1,[10  5],60,166,167,106,166
1,<environment.Job instance at 0x7f3348d0f7d0>,62,2,[ 2 10],63,195,197,132,168
1,<environment.Job instance at 0x7f3348d0f550>,63,3,[1 6],64,168,171,104,168
1,<environment.Job instance at 0x7f338ee2eb40>,65,3,[10  3],66,171,174,105,168
1,<environment.Job instance at 0x7f3348d0f3c0>,64,16,[8 1],65,174,190,109,170
1,<environment.Job instance at 0x7f339381a820>,71,2,[6 2],72,190,192,118,172
1,<environment.Job instance at 0x7f339381af00>,72,22,[5 4],73,174,196,101,172
1,<environment.Job instance at 0x7f334917faf0>,77,3,[3 7],78,197,200,119,191
1,<environment.Job instance at 0x7f334917f050>,76,18,[1 5],77,196,214,119,194
1,<environment.Job instance at 0x7f334927d2d0>,84,2,[9 5],85,217,219,132,217
1,<environment.Job instance at 0x7f334927d280>,80,17,[10  1],81,219,236,138,217
1,<environment.Job instance at 0x7f334927de10>,87,26,[10  5],88,236,262,148,233
1,<environment.Job instance at 0x7f339366beb0>,88,2,[7 5],89,262,264,173,235
1,<environment.Job instance at 0x7f33493dc820>,91,18,[4 9],92,235,253,143,235
1,<environment.Job instance at 0x7f3393c08820>,97,1,[3 8],98,253,254,155,253
1,<environment.Job instance at 0x7f33492a3e60>,98,12,[1 9],99,254,266,155,254
1,<environment.Job instance at 0x7f338e89faa0>,3,23,[1 7],4,4,27,0,4
1,<environment.Job instance at 0x7f338e89fe10>,4,22,[1 8],5,5,27,0,5
1,<environment.Job instance at 0x7f33492bf820>,12,26,[1 5],13,27,53,14,24
1,<environment.Job instance at 0x7f33492bf640>,16,1,[9 3],17,27,28,10,25
1,<environment.Job instance at 0x7f33492bfbe0>,19,2,[3 9],20,28,30,8,26
1,<environment.Job instance at 0x7f33492bf370>,22,22,[5 3],23,38,60,15,38
1,<environment.Job instance at 0x7f33492bfaa0>,23,1,[8 4],24,38,39,14,38
1,<environment.Job instance at 0x7f33934f4640>,25,1,[8 5],26,53,54,27,53
1,<environment.Job instance at 0x7f33934f4a00>,27,24,[2 8],28,54,78,26,53
1,<environment.Job instance at 0x7f33934f4eb0>,28,2,[5 7],29,60,62,31,54
1,<environment.Job instance at 0x7f33934f4870>,33,26,[1 8],34,81,107,47,81
1,<environment.Job instance at 0x7f33490d1dc0>,40,1,[3 5],41,115,116,74,115
1,<environment.Job instance at 0x7f33490d1230>,41,23,[9 4],42,115,138,73,115
1,<environment.Job instance at 0x7f33936ce9b0>,47,1,[ 1 10],48,132,133,84,132
1,<environment.Job instance at 0x7f33936ce780>,49,1,[6 4],50,133,134,83,132
1,<environment.Job instance at 0x7f33936ced70>,54,3,[3 9],55,146,149,91,146
1,<environment.Job instance at 0x7f33936cef00>,55,2,[10  1],56,146,148,90,146
1,<environment.Job instance at 0x7f33936ce230>,56,3,[ 1 10],57,149,152,92,147
1,<environment.Job instance at 0x7f338eb08320>,58,3,[5 9],59,152,155,93,149
1,<environment.Job instance at 0x7f338eb08050>,59,1,[10  2],60,149,150,89,149
1,<environment.Job instance at 0x7f338eb088c0>,61,2,[4 9],62,164,166,102,164
1,<environment.Job instance at 0x7f338eb08190>,65,3,[3 8],66,174,177,108,174
1,<environment.Job instance at 0x7f338eb087d0>,68,1,[8 3],69,183,184,114,183
1,<environment.Job instance at 0x7f338ea7ee10>,71,2,[5 4],72,195,197,123,195
1,<environment.Job instance at 0x7f338ea7ec30>,73,3,[ 2 10],74,200,203,126,200
1,<environment.Job instance at 0x7f338ea7ee60>,76,2,[ 2 10],77,216,218,139,216
1,<environment.Job instance at 0x7f338ea7e280>,78,13,[3 6],79,218,231,139,217
1,<environment.Job instance at 0x7f338ea7e500>,79,3,[10  4],80,217,220,137,217
1,<environment.Job instance at 0x7f3349050320>,81,3,[13  1],82,231,234,149,225
1,<environment.Job instance at 0x7f3349050190>,82,3,[3 7],83,225,228,142,225
1,<environment.Job instance at 0x7f3349050d70>,83,3,[5 4],84,228,231,144,225
1,<environment.Job instance at 0x7f338eae09b0>,87,1,[ 5 10],88,258,259,170,258
1,<environment.Job instance at 0x7f338eae05f0>,89,2,[1 9],90,261,263,171,261
1,<environment.Job instance at 0x7f338eae0140>,91,2,[10  4],92,261,263,169,261
1,<environment.Job instance at 0x7f338eae07d0>,95,1,[ 3 12],96,295,296,199,295
1,<environment.Job instance at 0x7f3349079370>,96,3,[10  3],97,295,298,198,295
1,<environment.Job instance at 0x7f33490790f0>,98,3,[ 5 12],99,315,318,216,315
1,<environment.Job instance at 0x7f33490790f0>,5,22,[5 2],6,6,28,0,6
1,<environment.Job instance at 0x7f338eaadd70>,11,28,[7 5],12,14,42,2,14
1,<environment.Job instance at 0x7f338eaad4b0>,14,26,[7 1],15,28,54,13,25
1,<environment.Job instance at 0x7f338ea9f230>,6,1,[11  1],7,54,55,47,39
1,<environment.Job instance at 0x7f338ea9e190>,18,1,[5 1],19,42,43,23,39
1,<environment.Job instance at 0x7f338eaadb90>,13,2,[14  5],14,55,57,41,39
1,<environment.Job instance at 0x7f338ea9e410>,23,3,[6 1],24,43,46,19,39
1,<environment.Job instance at 0x7f3348fbfc80>,24,3,[1 6],25,39,42,14,39
1,<environment.Job instance at 0x7f3348cb8aa0>,30,24,[10  5],31,57,81,26,55
1,<environment.Job instance at 0x7f338e91c050>,31,3,[ 4 12],32,87,90,55,87
1,<environment.Job instance at 0x7f3348fc6320>,38,27,[5 1],39,175,202,136,175
1,<environment.Job instance at 0x7f338e914fa0>,40,1,[2 7],41,202,203,161,202
1,<environment.Job instance at 0x7f338e9140f0>,41,2,[ 1 10],42,203,205,161,202
1,<environment.Job instance at 0x7f338ed16e10>,44,2,[10  3],45,209,211,164,209
1,<environment.Job instance at 0x7f338e8ff0f0>,45,1,[5 2],46,209,210,163,209
1,<environment.Job instance at 0x7f3393466b40>,47,2,[5 5],48,254,256,206,254
1,<environment.Job instance at 0x7f3393466820>,48,27,[1 7],49,254,281,205,254
1,<environment.Job instance at 0x7f3393462280>,0,22,[4 6],1,1,23,0,1
1,<environment.Job instance at 0x7f3393788640>,7,2,[9 5],8,8,10,0,8
1,<environment.Job instance at 0x7f3349313a00>,11,2,[5 4],12,12,14,0,12
1,<environment.Job instance at 0x7f3348c28d70>,13,2,[8 3],14,14,16,0,14
1,<environment.Job instance at 0x7f3348c283c0>,19,1,[ 4 14],20,25,26,5,25
1,<environment.Job instance at 0x7f33937883c0>,4,18,[10  2],5,26,44,21,26
1,<environment.Job instance at 0x7f3348bc5dc0>,21,1,[5 5],22,26,27,4,26
1,<environment.Job instance at 0x7f338e925190>,25,1,[ 5 13],26,43,44,17,43
1,<environment.Job instance at 0x7f338e906be0>,26,1,[8 5],27,44,45,17,43
1,<environment.Job instance at 0x7f338e906500>,27,3,[3 6],28,44,47,16,43
1,<environment.Job instance at 0x7f338e9064b0>,28,2,[2 9],29,45,47,16,43
1,<environment.Job instance at 0x7f33492138c0>,31,22,[2 9],32,58,80,26,58
1,<environment.Job instance at 0x7f3349213460>,32,2,[5 5],33,58,60,25,58
1,<environment.Job instance at 0x7f3349213370>,33,3,[ 5 11],34,80,83,46,58
1,<environment.Job instance at 0x7f3349213050>,34,1,[9 1],35,60,61,25,58
1,<environment.Job instance at 0x7f3349213a50>,37,2,[9 2],38,72,74,34,72
1,<environment.Job instance at 0x7f3349213640>,38,1,[5 5],39,74,75,35,72
1,<environment.Job instance at 0x7f33492134b0>,39,18,[7 2],40,75,93,35,75
1,<environment.Job instance at 0x7f3349192af0>,40,2,[7 1],41,83,85,42,75
1,<environment.Job instance at 0x7f33492135f0>,41,3,[ 3 11],42,85,88,43,83
1,<environment.Job instance at 0x7f3349192190>,42,1,[ 3 10],43,88,89,45,83
1,<environment.Job instance at 0x7f33937b7f50>,44,1,[2 5],45,89,90,44,83
1,<environment.Job instance at 0x7f3348da8aa0>,46,3,[2 5],47,89,92,42,83
1,<environment.Job instance at 0x7f338eba9190>,0,26,[9 4],1,1,27,0,1
1,<environment.Job instance at 0x7f3348ac4e10>,7,1,[6 4],8,8,9,0,8
1,<environment.Job instance at 0x7f3348ac4190>,8,24,[8 3],9,27,51,18,22
1,<environment.Job instance at 0x7f3348ac4370>,16,3,[4 5],17,27,30,10,27
1,<environment.Job instance at 0x7f3348fcc780>,18,2,[6 4],19,35,37,16,35
1,<environment.Job instance at 0x7f3348fcc6e0>,19,19,[2 9],20,37,56,17,35
1,<environment.Job instance at 0x7f3348fcce10>,20,22,[1 9],21,56,78,35,49
1,<environment.Job instance at 0x7f3348fcc0a0>,21,1,[5 1],22,49,50,27,49
1,<environment.Job instance at 0x7f3393355910>,26,2,[1 8],27,78,80,51,51
1,<environment.Job instance at 0x7f33933559b0>,28,2,[ 4 12],29,80,82,51,57
1,<environment.Job instance at 0x7f3393355aa0>,33,26,[2 9],34,82,108,48,79
1,<environment.Job instance at 0x7f3393355f50>,37,3,[4 9],38,108,111,70,92
1,<environment.Job instance at 0x7f3348adeb40>,43,18,[1 8],44,115,133,71,115
1,<environment.Job instance at 0x7f3348adee60>,45,3,[5 5],46,117,120,71,117
1,<environment.Job instance at 0x7f3348ade2d0>,46,1,[5 3],47,120,121,73,117
1,<environment.Job instance at 0x7f3348ade370>,48,3,[10  4],49,121,124,72,121
1,<environment.Job instance at 0x7f3348ade140>,50,1,[1 7],51,128,129,77,128
1,<environment.Job instance at 0x7f3348ade910>,51,12,[5 1],52,129,141,77,128
1,<environment.Job instance at 0x7f3348adec30>,52,2,[1 9],53,133,135,80,128
1,<environment.Job instance at 0x7f3348adea50>,53,2,[6 3],54,129,131,75,128
1,<environment.Job instance at 0x7f3348ade280>,55,13,[2 6],56,135,148,79,133
1,<environment.Job instance at 0x7f3348adeeb0>,56,1,[6 3],57,133,134,76,133
1,<environment.Job instance at 0x7f3348adb820>,57,1,[5 4],58,134,135,76,133
1,<environment.Job instance at 0x7f3348adb9b0>,59,1,[3 5],60,138,139,78,138
1,<environment.Job instance at 0x7f3348adb730>,60,1,[4 9],61,141,142,80,138
1,<environment.Job instance at 0x7f3348adb230>,62,18,[7 3],63,144,162,81,144
1,<environment.Job instance at 0x7f3348adb410>,64,2,[7 3],65,151,153,86,151
1,<environment.Job instance at 0x7f3348adb3c0>,68,2,[1 6],69,171,173,102,171
1,<environment.Job instance at 0x7f3348adb5f0>,69,23,[5 5],70,171,194,101,171
1,<environment.Job instance at 0x7f3348adb500>,75,24,[7 5],76,197,221,121,197
1,<environment.Job instance at 0x7f3348ad8a50>,77,3,[ 2 13],78,221,224,143,203
1,<environment.Job instance at 0x7f3348ad8410>,78,2,[5 5],79,203,205,124,203
1,<environment.Job instance at 0x7f3348ad8b90>,79,3,[5 2],80,205,208,125,203
1,<environment.Job instance at 0x7f3348ad8050>,81,2,[4 8],82,213,215,131,213
1,<environment.Job instance at 0x7f3348ad8fa0>,85,2,[7 1],86,215,217,129,214
1,<environment.Job instance at 0x7f3348ad8d70>,88,3,[10  1],89,226,229,137,226
1,<environment.Job instance at 0x7f3348ad8500>,90,1,[13  2],91,233,234,142,233
1,<environment.Job instance at 0x7f3348ad8cd0>,93,1,[ 2 13],94,250,251,156,250
1,<environment.Job instance at 0x7f3348ad85f0>,94,2,[ 4 10],95,251,253,156,250
1,<environment.Job instance at 0x7f3348ad8460>,95,19,[8 1],96,250,269,154,250
1,<environment.Job instance at 0x7f3348fd2550>,96,1,[ 4 11],97,253,254,156,250
1,<environment.Job instance at 0x7f3348fd2f00>,98,3,[2 6],99,254,257,155,250
1,<environment.Job instance at 0x7f3348ad8780>,1,23,[7 5],2,2,25,0,2
1,<environment.Job instance at 0x7f338e88b640>,2,28,[8 2],3,3,31,0,3
1,<environment.Job instance at 0x7f3393323230>,3,22,[5 4],4,25,47,21,18
1,<environment.Job instance at 0x7f3348ad8280>,4,1,[7 5],5,31,32,26,18
1,<environment.Job instance at 0x7f33933270a0>,21,3,[5 8],22,32,35,10,24
1,<environment.Job instance at 0x7f33933201e0>,24,26,[7 4],25,35,61,10,32
1,<environment.Job instance at 0x7f3393320640>,25,1,[12  3],26,61,62,35,33
1,<environment.Job instance at 0x7f33932f1a50>,33,1,[10  5],34,62,63,28,42
1,<environment.Job instance at 0x7f338e85a320>,35,3,[5 6],36,49,52,13,49
1,<environment.Job instance at 0x7f338e85a230>,36,2,[3 5],37,49,51,12,49
1,<environment.Job instance at 0x7f3349173140>,37,1,[5 1],38,52,53,14,49
1,<environment.Job instance at 0x7f338e85a820>,39,2,[6 3],40,63,65,23,60
1,<environment.Job instance at 0x7f3348c4f500>,41,16,[8 1],42,63,79,21,63
1,<environment.Job instance at 0x7f3348bf0b40>,23,18,[4 9],24,73,91,49,73
1,<environment.Job instance at 0x7f3348c5caf0>,46,1,[3 9],47,93,94,46,93
1,<environment.Job instance at 0x7f3348c5c4b0>,47,19,[4 7],48,94,113,46,93
1,<environment.Job instance at 0x7f3348c5cfa0>,48,3,[9 1],49,93,96,44,93
1,<environment.Job instance at 0x7f3348c5cdc0>,51,3,[2 8],52,96,99,44,94
1,<environment.Job instance at 0x7f3348c84140>,55,1,[5 7],56,109,110,53,109
1,<environment.Job instance at 0x7f3348c84aa0>,60,2,[3 9],61,126,128,65,126
1,<environment.Job instance at 0x7f33489cef00>,61,3,[1 7],62,128,131,66,126
1,<environment.Job instance at 0x7f33489ce4b0>,62,22,[6 2],63,126,148,63,126
1,<environment.Job instance at 0x7f338ef6f320>,64,23,[6 5],65,141,164,76,141
1,<environment.Job instance at 0x7f338ef6f640>,65,1,[9 4],66,148,149,82,141
1,<environment.Job instance at 0x7f338ef6fdc0>,67,2,[5 8],68,149,151,81,145
1,<environment.Job instance at 0x7f338ef4af50>,73,21,[7 4],74,163,184,89,163
1,<environment.Job instance at 0x7f3348c75d70>,76,1,[3 5],77,199,200,122,199
1,<environment.Job instance at 0x7f3348c75be0>,78,1,[5 1],79,199,200,120,199
1,<environment.Job instance at 0x7f3348c75730>,79,1,[9 1],80,200,201,120,199
1,<environment.Job instance at 0x7f3348c75cd0>,80,26,[5 7],81,199,225,118,199
1,<environment.Job instance at 0x7f3348c64e10>,84,20,[5 9],85,225,245,140,216
1,<environment.Job instance at 0x7f3348c64cd0>,86,1,[7 3],87,216,217,129,216
1,<environment.Job instance at 0x7f3348c64730>,89,27,[5 9],90,245,272,155,243
1,<environment.Job instance at 0x7f3348c645f0>,92,26,[ 1 10],93,272,298,179,269
1,<environment.Job instance at 0x7f3348c64c80>,93,28,[3 5],94,269,297,175,269
1,<environment.Job instance at 0x7f338ef3caa0>,98,1,[9 2],99,297,298,198,270
1,<environment.Job instance at 0x7f334937b370>,0,20,[5 8],1,1,21,0,1
1,<environment.Job instance at 0x7f3393300c30>,10,21,[5 2],11,12,33,1,12
1,<environment.Job instance at 0x7f338e812aa0>,19,3,[ 4 10],20,28,31,8,28
1,<environment.Job instance at 0x7f339366b230>,22,1,[5 8],23,44,45,21,44
1,<environment.Job instance at 0x7f3393453b40>,23,1,[6 3],24,44,45,20,44
1,<environment.Job instance at 0x7f33491105f0>,25,1,[10  4],26,45,46,19,44
1,<environment.Job instance at 0x7f338ee2ebe0>,27,3,[10  1],28,46,49,18,44
1,<environment.Job instance at 0x7f338ee2e230>,29,1,[6 1],30,56,57,26,56
1,<environment.Job instance at 0x7f338ee2e0f0>,31,1,[6 1],32,56,57,24,56
1,<environment.Job instance at 0x7f338ee2e870>,32,2,[ 4 10],33,57,59,24,56
1,<environment.Job instance at 0x7f338ee2ea50>,33,2,[4 7],34,59,61,25,56
1,<environment.Job instance at 0x7f338ee2efa0>,35,23,[7 4],36,74,97,38,74
1,<environment.Job instance at 0x7f33491021e0>,36,23,[5 6],37,74,97,37,74
1,<environment.Job instance at 0x7f33491029b0>,38,25,[ 5 10],39,97,122,58,93
1,<environment.Job instance at 0x7f33937a1a50>,47,26,[ 2 10],48,122,148,74,119
1,<environment.Job instance at 0x7f33492f6d20>,56,1,[5 8],57,212,213,155,212
1,<environment.Job instance at 0x7f3348c4eeb0>,59,1,[8 4],60,218,219,158,218
1,<environment.Job instance at 0x7f3349245230>,61,2,[1 9],62,230,232,168,230
1,<environment.Job instance at 0x7f33933e0320>,62,1,[7 2],63,230,231,167,230
1,<environment.Job instance at 0x7f33933e07d0>,63,20,[5 2],64,230,250,166,230
1,<environment.Job instance at 0x7f338e944d20>,66,1,[6 2],67,262,263,195,262
1,<environment.Job instance at 0x7f338e944140>,67,2,[ 5 11],68,262,264,194,262
1,<environment.Job instance at 0x7f338ea4ae10>,7,1,[6 4],8,10,11,2,10
1,<environment.Job instance at 0x7f338ea4adc0>,5,1,[ 3 14],6,21,22,15,21
1,<environment.Job instance at 0x7f338ea4a320>,4,1,[ 1 11],5,22,23,17,21
1,<environment.Job instance at 0x7f338ea4ac80>,8,3,[6 2],9,22,25,13,21
1,<environment.Job instance at 0x7f338ea4a2d0>,12,28,[5 1],13,21,49,8,21
1,<environment.Job instance at 0x7f338ea4a370>,13,2,[1 9],14,23,25,9,21
1,<environment.Job instance at 0x7f3348e5feb0>,22,1,[6 3],23,44,45,21,44
1,<environment.Job instance at 0x7f3348e5ffa0>,24,23,[2 9],25,44,67,19,44
1,<environment.Job instance at 0x7f3348e5f460>,26,3,[14  4],27,67,70,40,45
1,<environment.Job instance at 0x7f3348e5f820>,28,2,[10  1],29,49,51,20,45
1,<environment.Job instance at 0x7f33492c5550>,34,2,[6 1],35,77,79,42,77
1,<environment.Job instance at 0x7f33492c5aa0>,35,3,[7 2],36,77,80,41,77
1,<environment.Job instance at 0x7f33492c5f50>,36,1,[10  5],37,80,81,43,77
1,<environment.Job instance at 0x7f33492c5c80>,37,3,[10  3],38,81,84,43,77
1,<environment.Job instance at 0x7f3348b60c30>,38,26,[2 5],39,77,103,38,77
1,<environment.Job instance at 0x7f3348b60c80>,39,28,[4 8],40,84,112,44,83
1,<environment.Job instance at 0x7f3348b607d0>,40,28,[1 5],41,103,131,62,102
1,<environment.Job instance at 0x7f3348b600a0>,46,22,[7 4],47,112,134,65,105
1,<environment.Job instance at 0x7f3348b60460>,47,28,[ 1 10],48,131,159,83,130
1,<environment.Job instance at 0x7f3348ab61e0>,53,1,[5 4],54,130,131,76,130
1,<environment.Job instance at 0x7f3348ab6230>,56,1,[10  4],57,134,135,77,132
1,<environment.Job instance at 0x7f3348ab6aa0>,59,1,[8 3],60,139,140,79,139
1,<environment.Job instance at 0x7f3348ab6af0>,61,1,[9 1],62,140,141,78,139
1,<environment.Job instance at 0x7f3348ab6eb0>,66,1,[5 1],67,157,158,90,157
1,<environment.Job instance at 0x7f3348af2af0>,71,2,[5 2],72,183,185,111,183
1,<environment.Job instance at 0x7f3348af26e0>,75,13,[6 1],76,196,209,120,196
1,<environment.Job instance at 0x7f3348af21e0>,76,20,[10  4],77,209,229,132,200
1,<environment.Job instance at 0x7f3348a14d20>,86,1,[10  4],87,229,230,142,225
1,<environment.Job instance at 0x7f3348a14b40>,89,2,[5 5],90,225,227,135,225
1,<environment.Job instance at 0x7f3348a145a0>,92,17,[5 5],93,249,266,156,249
1,<environment.Job instance at 0x7f3348a14280>,93,24,[9 2],94,249,273,155,249
1,<environment.Job instance at 0x7f3348fb6aa0>,1,24,[2 6],2,2,26,0,2
1,<environment.Job instance at 0x7f338edf7230>,10,3,[ 5 10],11,26,29,15,11
1,<environment.Job instance at 0x7f338ee32500>,12,1,[2 8],13,13,14,0,13
1,<environment.Job instance at 0x7f338ee32f50>,13,21,[5 4],14,14,35,0,14
1,<environment.Job instance at 0x7f338ee13a00>,20,2,[1 8],21,29,31,8,24
1,<environment.Job instance at 0x7f338ee136e0>,23,1,[ 4 10],24,32,33,8,32
1,<environment.Job instance at 0x7f338ee13820>,24,24,[5 8],25,33,57,8,32
1,<environment.Job instance at 0x7f338ee130f0>,26,24,[10  2],27,35,59,8,32
1,<environment.Job instance at 0x7f338ee29a00>,30,2,[14  3],31,59,61,28,54
1,<environment.Job instance at 0x7f338ee29fa0>,34,18,[1 8],35,64,82,29,64
1,<environment.Job instance at 0x7f338ee293c0>,35,1,[5 9],36,82,83,46,64
1,<environment.Job instance at 0x7f338ee29190>,36,23,[9 5],37,64,87,27,64
1,<environment.Job instance at 0x7f338ee10370>,44,1,[3 8],45,85,86,40,85
1,<environment.Job instance at 0x7f338ee100f0>,47,3,[8 5],48,98,101,50,98
1,<environment.Job instance at 0x7f338ee10960>,48,3,[9 3],49,101,104,52,98
1,<environment.Job instance at 0x7f338ee105a0>,49,1,[13  5],50,104,105,54,98
1,<environment.Job instance at 0x7f338ee105f0>,50,1,[4 5],51,98,99,47,98
1,<environment.Job instance at 0x7f338ee10460>,51,2,[4 7],52,99,101,47,98
1,<environment.Job instance at 0x7f338ee10e60>,53,27,[5 6],54,105,132,51,103
1,<environment.Job instance at 0x7f338ee0f910>,57,2,[4 9],58,105,107,47,105
1,<environment.Job instance at 0x7f338ee0f140>,58,25,[11  1],59,132,157,73,128
1,<environment.Job instance at 0x7f338ee06690>,64,27,[3 8],65,135,162,70,135
1,<environment.Job instance at 0x7f338ee05fa0>,73,18,[1 8],74,178,196,104,178
1,<environment.Job instance at 0x7f338ee055a0>,75,27,[4 6],76,180,207,104,180
1,<environment.Job instance at 0x7f338ee05780>,81,2,[5 3],82,209,211,127,209
1,<environment.Job instance at 0x7f338ee057d0>,82,1,[5 5],83,209,210,126,209
1,<environment.Job instance at 0x7f338ee22640>,84,2,[9 3],85,210,212,125,209
1,<environment.Job instance at 0x7f338ee225f0>,85,3,[2 6],86,211,214,125,209
1,<environment.Job instance at 0x7f338ee22f00>,87,3,[6 3],88,224,227,136,224
1,<environment.Job instance at 0x7f338ee22cd0>,88,1,[10  4],89,227,228,138,224
1,<environment.Job instance at 0x7f77dccca370>,1,22,[11  3],2,2,24,0,2
1,<environment.Job instance at 0x7f77d58baa00>,12,26,[ 1 10],13,13,39,0,13
1,<environment.Job instance at 0x7f77d58baf50>,16,16,[3 5],17,24,40,7,24
1,<environment.Job instance at 0x7f77d58bafa0>,17,3,[4 9],18,39,42,21,24
1,<environment.Job instance at 0x7f77d58bae60>,18,3,[4 7],19,42,45,23,24
1,<environment.Job instance at 0x7f77d58bd140>,20,1,[7 5],21,40,41,19,25
1,<environment.Job instance at 0x7f77d58bd2d0>,21,1,[6 5],22,41,42,19,25
1,<environment.Job instance at 0x7f77d58bd280>,22,1,[2 7],23,42,43,19,25
1,<environment.Job instance at 0x7f77d58bd320>,23,27,[1 6],24,43,70,19,41
1,<environment.Job instance at 0x7f77d58bd9b0>,26,3,[3 7],27,45,48,18,44
1,<environment.Job instance at 0x7f77d58bdb40>,28,23,[10  4],29,52,75,23,52
1,<environment.Job instance at 0x7f77d58bdfa0>,34,24,[1 8],35,70,94,35,65
1,<environment.Job instance at 0x7f77d58bf140>,37,2,[2 6],38,75,77,37,73
1,<environment.Job instance at 0x7f77d58bf1e0>,38,2,[ 1 10],39,94,96,55,73
1,<environment.Job instance at 0x7f77d58bf280>,39,2,[5 6],40,77,79,37,73
1,<environment.Job instance at 0x7f77d58bf460>,41,1,[5 2],42,87,88,45,87
1,<environment.Job instance at 0x7f77d58bf5f0>,42,2,[4 6],43,88,90,45,87
1,<environment.Job instance at 0x7f77d58bf870>,44,3,[5 5],45,90,93,45,88
1,<environment.Job instance at 0x7f77d58bfc80>,51,3,[1 5],52,136,139,84,136
1,<environment.Job instance at 0x7f77d58bfe60>,52,1,[8 5],53,136,137,83,136
1,<environment.Job instance at 0x7f77d58c2dc0>,1,26,[ 5 10],2,2,28,0,2
1,<environment.Job instance at 0x7f77d58d2e10>,9,20,[2 6],10,28,48,18,22
1,<environment.Job instance at 0x7f7791cb1910>,14,1,[8 4],15,29,30,14,29
1,<environment.Job instance at 0x7f7791cb1870>,15,21,[4 5],16,29,50,13,29
1,<environment.Job instance at 0x7f7791cb1190>,17,22,[4 5],18,48,70,30,41
1,<environment.Job instance at 0x7f7791cb14b0>,12,3,[ 4 12],13,70,73,57,63
1,<environment.Job instance at 0x7f7791cbe050>,18,23,[ 2 14],19,73,96,54,68
1,<environment.Job instance at 0x7f7791cbd4b0>,27,20,[9 2],28,96,116,68,87
1,<environment.Job instance at 0x7f77d58d23c0>,6,3,[ 1 12],7,108,111,101,108
1,<environment.Job instance at 0x7f7791cba6e0>,32,3,[4 7],33,111,114,78,108
1,<environment.Job instance at 0x7f7791cba8c0>,34,2,[2 7],35,114,116,79,109
1,<environment.Job instance at 0x7f7791cbaa50>,35,3,[ 4 13],36,116,119,80,115
1,<environment.Job instance at 0x7f7791cba960>,37,1,[ 1 14],38,119,120,81,115
1,<environment.Job instance at 0x7f7791cbaf00>,38,1,[4 6],39,115,116,76,115
1,<environment.Job instance at 0x7f7791cba410>,40,2,[3 8],41,120,122,79,120
1,<environment.Job instance at 0x7f7791cbbeb0>,43,3,[1 9],44,134,137,90,134
1,<environment.Job instance at 0x7f7791cbb910>,45,1,[9 1],46,143,144,97,143
1,<environment.Job instance at 0x7f7791cbb280>,46,1,[6 3],47,143,144,96,143
1,<environment.Job instance at 0x7f7791cbb1e0>,47,3,[4 5],48,144,147,96,143
1,<environment.Job instance at 0x7f7791d1d910>,49,2,[4 9],50,148,150,98,148
1,<environment.Job instance at 0x7f7791cbb460>,50,3,[13  3],51,150,153,99,148
1,<environment.Job instance at 0x7f7791ccdf50>,54,3,[6 4],55,163,166,108,163
1,<environment.Job instance at 0x7f7791ba4280>,2,1,[ 4 13],3,4,5,1,4
1,<environment.Job instance at 0x7f7791ba47d0>,5,1,[3 8],6,6,7,0,6
1,<environment.Job instance at 0x7f7791be8690>,11,1,[8 3],12,21,22,9,21
1,<environment.Job instance at 0x7f7791be85a0>,12,20,[1 7],13,21,41,8,21
1,<environment.Job instance at 0x7f7791be8410>,13,1,[ 4 10],14,41,42,27,21
1,<environment.Job instance at 0x7f7791be87d0>,14,3,[4 7],15,22,25,7,21
1,<environment.Job instance at 0x7f7791be8500>,15,1,[10  1],16,22,23,6,21
1,<environment.Job instance at 0x7f7791be8d20>,16,19,[2 7],17,42,61,25,32
1,<environment.Job instance at 0x7f77d5dac6e0>,19,2,[5 8],20,32,34,12,32
1,<environment.Job instance at 0x7f77d5ad4460>,20,24,[ 1 10],21,61,85,40,56
1,<environment.Job instance at 0x7f77d562f7d0>,23,24,[7 4],24,56,80,32,56
1,<environment.Job instance at 0x7f77d5746a00>,27,2,[4 5],28,80,82,52,69
1,<environment.Job instance at 0x7f7791bf5be0>,31,27,[4 7],32,85,112,53,83
1,<environment.Job instance at 0x7f7791bf5e10>,32,26,[8 4],33,83,109,50,83
1,<environment.Job instance at 0x7f77d574c370>,25,3,[12  3],26,112,115,86,108
1,<environment.Job instance at 0x7f7791b193c0>,39,1,[5 4],40,109,110,69,108
1,<environment.Job instance at 0x7f7791b19af0>,40,25,[ 3 10],41,112,137,71,108
1,<environment.Job instance at 0x7f7791b19cd0>,41,1,[ 2 10],42,137,138,95,109
1,<environment.Job instance at 0x7f7791b19140>,42,1,[3 9],43,138,139,95,110
1,<environment.Job instance at 0x7f7791b195f0>,49,3,[4 7],50,139,142,89,121
1,<environment.Job instance at 0x7f7791b7f410>,52,1,[5 5],53,138,139,85,138
1,<environment.Job instance at 0x7f77d5670fa0>,53,23,[10  1],54,139,162,85,138
1,<environment.Job instance at 0x7f7791b7f140>,55,1,[8 1],56,162,163,106,141
1,<environment.Job instance at 0x7f7791b2c690>,56,28,[6 5],57,162,190,105,161
1,<environment.Job instance at 0x7f7791b320a0>,59,2,[10  2],60,190,192,130,163
1,<environment.Job instance at 0x7f7791b32280>,60,2,[ 5 10],61,163,165,102,163
1,<environment.Job instance at 0x7f7791b35f00>,62,2,[2 6],63,167,169,104,167
1,<environment.Job instance at 0x7f7791b359b0>,63,2,[7 3],64,167,169,103,167
1,<environment.Job instance at 0x7f7791b23aa0>,66,1,[2 7],67,188,189,121,188
1,<environment.Job instance at 0x7f7791b234b0>,67,3,[6 3],68,192,195,124,188
1,<environment.Job instance at 0x7f77d574b820>,69,28,[5 3],70,198,226,128,198
1,<environment.Job instance at 0x7f77d571cd20>,71,2,[1 5],72,203,205,131,203
1,<environment.Job instance at 0x7f77d571c910>,73,3,[9 5],74,206,209,132,206
1,<environment.Job instance at 0x7f77d5628870>,76,1,[7 3],77,224,225,147,224
1,<environment.Job instance at 0x7f77d5b14370>,78,1,[2 7],79,241,242,162,241
1,<environment.Job instance at 0x7f77d5677cd0>,81,3,[4 5],82,267,270,185,267
1,<environment.Job instance at 0x7f77d5714a50>,82,25,[6 3],83,267,292,184,267
1,<environment.Job instance at 0x7f7791b7d1e0>,86,2,[5 5],87,275,277,188,275
1,<environment.Job instance at 0x7f7791b7d410>,90,1,[ 1 10],91,329,330,238,329
1,<environment.Job instance at 0x7f7791b7db90>,92,1,[5 9],93,332,333,239,332
1,<environment.Job instance at 0x7f7791b7dc30>,93,20,[2 6],94,332,352,238,332
1,<environment.Job instance at 0x7f7791b7d640>,95,3,[5 2],96,333,336,237,332
1,<environment.Job instance at 0x7f7791b7d2d0>,97,1,[8 5],98,333,334,235,332
1,<environment.Job instance at 0x7f7791b7d780>,98,2,[2 6],99,334,336,235,332
1,<environment.Job instance at 0x7f77d5cb39b0>,0,24,[2 8],1,1,25,0,1
1,<environment.Job instance at 0x7f7791b7d050>,1,24,[9 1],2,2,26,0,2
1,<environment.Job instance at 0x7f7791b7d780>,3,24,[10  5],4,26,50,22,21
1,<environment.Job instance at 0x7f77d7edb4b0>,4,23,[10  2],5,50,73,45,44
1,<environment.Job instance at 0x7f77d59a30f0>,16,1,[2 6],17,46,47,29,46
1,<environment.Job instance at 0x7f77d59a30a0>,18,2,[5 7],19,51,53,32,51
1,<environment.Job instance at 0x7f77d5946cd0>,23,1,[1 7],24,64,65,40,64
1,<environment.Job instance at 0x7f77d57147d0>,28,2,[9 4],29,87,89,58,87
1,<environment.Job instance at 0x7f77d59ed9b0>,29,3,[ 2 10],30,87,90,57,87
1,<environment.Job instance at 0x7f77d590b0a0>,30,27,[ 5 10],31,90,117,59,88
1,<environment.Job instance at 0x7f77d568c1e0>,35,3,[3 8],36,117,120,81,117
1,<environment.Job instance at 0x7f77d568cb40>,36,25,[ 5 10],37,120,145,83,117
1,<environment.Job instance at 0x7f77d5be47d0>,53,2,[5 5],54,155,157,101,155
1,<environment.Job instance at 0x7f77d58a2e10>,54,1,[7 4],55,155,156,100,155
1,<environment.Job instance at 0x7f77d589e140>,56,3,[6 3],57,156,159,99,156
1,<environment.Job instance at 0x7f77d589e8c0>,59,3,[5 5],60,168,171,108,168
1,<environment.Job instance at 0x7f77d589e730>,61,3,[9 4],62,183,186,121,183
1,<environment.Job instance at 0x7f77d5a47c80>,62,1,[7 4],63,186,187,123,183
1,<environment.Job instance at 0x7f77d5a47820>,63,2,[9 2],64,187,189,123,183
1,<environment.Job instance at 0x7f77d591df00>,65,2,[ 4 11],66,185,187,119,185
1,<environment.Job instance at 0x7f77d58b36e0>,68,1,[2 6],69,202,203,133,202
1,<environment.Job instance at 0x7f77d58b3d20>,70,2,[10  2],71,206,208,135,206
1,<environment.Job instance at 0x7f77d58b3b90>,72,19,[8 2],73,208,227,135,206
1,<environment.Job instance at 0x7f77d5b75140>,73,2,[ 2 14],74,227,229,153,206
1,<environment.Job instance at 0x7f77d5b75370>,75,3,[2 5],76,220,223,144,220
1,<environment.Job instance at 0x7f77d5ddbeb0>,76,2,[11  3],77,229,231,152,222
1,<environment.Job instance at 0x7f77d5ddb320>,77,2,[12  2],78,231,233,153,222
1,<environment.Job instance at 0x7f77d58f0460>,82,2,[12  5],83,239,241,156,239
1,<environment.Job instance at 0x7f77d58f0c80>,83,1,[1 7],84,239,240,155,239
1,<environment.Job instance at 0x7f77d5acf7d0>,84,1,[14  4],85,241,242,156,240
1,<environment.Job instance at 0x7f77d59d9370>,87,2,[6 4],88,248,250,160,248
1,<environment.Job instance at 0x7f77d59d9e60>,94,2,[2 5],95,288,290,193,288
1,<environment.Job instance at 0x7f77d59d9be0>,96,1,[3 8],97,291,292,194,291
1,<environment.Job instance at 0x7f77d59d9b40>,98,1,[2 8],99,292,293,193,291
1,<environment.Job instance at 0x7f77d59d9410>,99,1,[ 3 10],100,293,294,193,291
1,<environment.Job instance at 0x7f77d58f31e0>,102,1,[ 5 10],103,304,305,201,304
1,<environment.Job instance at 0x7f77d58f3cd0>,103,1,[ 5 12],104,305,306,201,304
1,<environment.Job instance at 0x7f77d58f35f0>,104,21,[7 2],105,304,325,199,304
1,<environment.Job instance at 0x7f77d56a51e0>,5,2,[5 5],6,6,8,0,6
1,<environment.Job instance at 0x7f77d56a57d0>,6,2,[13  4],7,8,10,1,7
1,<environment.Job instance at 0x7f77d56a5230>,7,3,[3 5],8,10,13,2,8
1,<environment.Job instance at 0x7f7791f668c0>,9,27,[1 5],10,11,38,1,11
1,<environment.Job instance at 0x7f77d5d2acd0>,4,3,[14  4],5,18,21,13,18
1,<environment.Job instance at 0x7f77d5ce2b90>,17,19,[14  4],18,51,70,33,51
1,<environment.Job instance at 0x7f77d573be60>,26,25,[3 8],27,70,95,43,66
1,<environment.Job instance at 0x7f77d573dd20>,29,27,[9 3],30,70,97,40,68
1,<environment.Job instance at 0x7f77d573dbe0>,32,24,[ 3 10],33,95,119,62,90
1,<environment.Job instance at 0x7f77d573ddc0>,28,3,[ 5 14],29,813,816,784,813
1,<environment.Job instance at 0x7f77d573d140>,38,27,[1 7],39,816,843,777,814
1,<environment.Job instance at 0x7f77d56aa870>,1,22,[ 1 10],2,2,24,0,2
1,<environment.Job instance at 0x7f77dca50460>,8,20,[6 2],9,10,30,1,10
1,<environment.Job instance at 0x7f77921bbc30>,23,2,[10  5],24,53,55,29,53
1,<environment.Job instance at 0x7f77921bba00>,26,3,[8 1],27,67,70,40,67
1,<environment.Job instance at 0x7f77d5c2dc80>,28,21,[5 8],29,70,91,41,70
1,<environment.Job instance at 0x7f77d5c2dcd0>,31,28,[2 8],32,91,119,59,90
1,<environment.Job instance at 0x7f77d5c2d0f0>,33,27,[9 3],34,93,120,59,93
1,<environment.Job instance at 0x7f77d5c2d280>,36,28,[1 7],37,119,147,82,118
1,<environment.Job instance at 0x7f77d831c5f0>,44,3,[11  1],45,137,140,92,137
1,<environment.Job instance at 0x7f77d831c320>,45,1,[8 2],46,140,141,94,137
1,<environment.Job instance at 0x7f77d831c960>,46,28,[9 2],47,141,169,94,140
1,<environment.Job instance at 0x7f77d831c7d0>,48,1,[6 3],49,140,141,91,140
1,<environment.Job instance at 0x7f77d5c2d5a0>,39,2,[ 4 11],40,147,149,107,147
1,<environment.Job instance at 0x7f77d831cf50>,54,2,[4 6],55,149,151,94,148
1,<environment.Job instance at 0x7f77d5842dc0>,57,3,[ 1 12],58,151,154,93,149
1,<environment.Job instance at 0x7f77d58421e0>,62,3,[6 4],63,157,160,94,157
1,<environment.Job instance at 0x7f77d58427d0>,66,23,[7 4],67,169,192,102,165
1,<environment.Job instance at 0x7f77d5842280>,67,1,[9 4],68,192,193,124,165
1,<environment.Job instance at 0x7f7791c7ebe0>,73,20,[5 4],74,190,210,116,190
1,<environment.Job instance at 0x7f7791c7e280>,74,2,[10  3],75,193,195,118,191
1,<environment.Job instance at 0x7f7791c7e7d0>,77,2,[7 2],78,195,197,117,192
1,<environment.Job instance at 0x7f7791c7eaf0>,79,1,[ 2 10],80,197,198,117,195
1,<environment.Job instance at 0x7f77d57ab640>,0,1,[4 6],1,1,2,0,1
1,<environment.Job instance at 0x7f7791fb9e60>,1,1,[4 6],2,2,3,0,2
1,<environment.Job instance at 0x7f77d5825460>,16,2,[13  5],17,23,25,6,23
1,<environment.Job instance at 0x7f77d5954f50>,17,1,[9 5],18,25,26,7,23
1,<environment.Job instance at 0x7f7791d43820>,20,26,[6 3],21,28,54,7,28
1,<environment.Job instance at 0x7f77d7fd3f50>,23,2,[6 3],24,44,46,20,44
1,<environment.Job instance at 0x7f77d7fd3410>,24,1,[9 4],25,46,47,21,44
1,<environment.Job instance at 0x7f77d7fd3190>,25,23,[7 1],26,47,70,21,44
1,<environment.Job instance at 0x7f7792046230>,28,2,[8 5],29,54,56,25,45
1,<environment.Job instance at 0x7f77920465f0>,29,14,[6 1],30,56,70,26,50
1,<environment.Job instance at 0x7f77d57adbe0>,38,1,[ 3 14],39,114,115,75,114
1,<environment.Job instance at 0x7f77d57ad870>,39,2,[5 6],40,115,117,75,114
1,<environment.Job instance at 0x7f77d57ad730>,40,1,[5 9],41,115,116,74,114
1,<environment.Job instance at 0x7f77d7fa7190>,48,1,[8 4],49,140,141,91,140
1,<environment.Job instance at 0x7f77d7fa75f0>,49,3,[7 4],50,140,143,90,140
1,<environment.Job instance at 0x7f77d84688c0>,50,2,[4 9],51,141,143,90,140
1,<environment.Job instance at 0x7f77d59710f0>,54,1,[1 9],55,288,289,233,288
1,<environment.Job instance at 0x7f77920aaf00>,0,25,[2 8],1,1,26,0,1
1,<environment.Job instance at 0x7f77d83f90f0>,5,1,[10  1],6,9,10,3,9
1,<environment.Job instance at 0x7f77d83f94b0>,9,2,[13  5],10,19,21,9,19
1,<environment.Job instance at 0x7f77d83f95a0>,10,1,[4 8],11,26,27,15,19
1,<environment.Job instance at 0x7f77920aa7d0>,4,3,[ 3 14],5,27,30,22,25
1,<environment.Job instance at 0x7f77d83f9a50>,17,3,[8 5],18,31,34,13,31
1,<environment.Job instance at 0x7f77d83f9af0>,18,1,[ 3 12],19,34,35,15,31
1,<environment.Job instance at 0x7f77d83f9d20>,20,2,[5 6],21,40,42,19,40
1,<environment.Job instance at 0x7f77d83f9e60>,22,18,[5 1],23,42,60,19,42
1,<environment.Job instance at 0x7f77d83f9f50>,24,20,[9 5],25,56,76,31,56
1,<environment.Job instance at 0x7f77d83ef3c0>,28,2,[8 5],29,76,78,47,73
1,<environment.Job instance at 0x7f77d83ef6e0>,30,2,[2 7],31,84,86,53,84
1,<environment.Job instance at 0x7f77d83ef8c0>,31,1,[10  4],32,84,85,52,84
1,<environment.Job instance at 0x7f77d83ef870>,32,3,[3 8],33,85,88,52,84
1,<environment.Job instance at 0x7f77d83efaa0>,36,1,[5 7],37,107,108,70,107
1,<environment.Job instance at 0x7f77d83efbe0>,38,2,[7 3],39,117,119,78,117
1,<environment.Job instance at 0x7f77d83efeb0>,39,1,[5 6],40,117,118,77,117
1,<environment.Job instance at 0x7f77d83f15f0>,46,2,[7 3],47,152,154,105,152
1,<environment.Job instance at 0x7f77d83f1690>,47,25,[9 4],48,154,179,106,152
1,<environment.Job instance at 0x7f77d83f11e0>,48,2,[2 7],49,152,154,103,152
1,<environment.Job instance at 0x7f77d83f1730>,51,3,[ 4 12],52,179,182,127,166
1,<environment.Job instance at 0x7f77d83f1af0>,54,1,[8 1],55,179,180,124,172
1,<environment.Job instance at 0x7f77d83f1eb0>,59,2,[9 5],60,197,199,137,197
1,<environment.Job instance at 0x7f77d83f1f50>,60,1,[8 5],61,199,200,138,197
1,<environment.Job instance at 0x7f77d83dd230>,62,2,[5 7],63,212,214,149,212
1,<environment.Job instance at 0x7f77d83dd370>,64,25,[7 4],65,216,241,151,216
1,<environment.Job instance at 0x7f77d83dd410>,65,3,[1 6],66,216,219,150,216
1,<environment.Job instance at 0x7f77d83dd4b0>,66,22,[ 4 10],67,219,241,152,216
1,<environment.Job instance at 0x7f77d83ddb90>,74,3,[3 5],75,255,258,180,255
1,<environment.Job instance at 0x7f77d83dd5f0>,75,23,[8 2],76,255,278,179,255
1,<environment.Job instance at 0x7f77d83e41e0>,84,3,[8 2],85,289,292,204,289
1,<environment.Job instance at 0x7f77d83e4550>,85,3,[11  2],86,292,295,206,289
1,<environment.Job instance at 0x7f77d83e45f0>,86,3,[8 5],87,295,298,208,289
1,<environment.Job instance at 0x7f77d83e4960>,92,23,[7 1],93,327,350,234,327
1,<environment.Job instance at 0x7f77d83e4a50>,93,2,[2 8],94,327,329,233,327
1,<environment.Job instance at 0x7f77d83e4aa0>,95,3,[13  2],96,350,353,254,333
1,<environment.Job instance at 0x7f77d83e4b40>,96,1,[9 4],97,353,354,256,333
1,<environment.Job instance at 0x7f77d83e4be0>,97,3,[3 8],98,333,336,235,333
1,<environment.Job instance at 0x7f77d83e4c80>,98,1,[13  4],99,354,355,255,333
1,<environment.Job instance at 0x7f77d7e7ca50>,1,23,[ 3 13],2,2,25,0,2
1,<environment.Job instance at 0x7f7791f41870>,10,20,[9 5],11,25,45,14,16
1,<environment.Job instance at 0x7f77d5962640>,24,22,[9 5],25,45,67,20,45
1,<environment.Job instance at 0x7f77d5962910>,25,3,[ 1 14],26,67,70,41,47
1,<environment.Job instance at 0x7f77d7e50550>,29,3,[10  2],30,70,73,40,64
1,<environment.Job instance at 0x7f77d5c4ce60>,8,18,[5 8],9,72,90,63,72
1,<environment.Job instance at 0x7f77d5c068c0>,37,2,[3 7],38,98,100,60,98
1,<environment.Job instance at 0x7f7791b78320>,39,21,[1 7],40,109,130,69,109
1,<environment.Job instance at 0x7f77d5ca3690>,41,2,[5 5],42,125,127,83,125
1,<environment.Job instance at 0x7f779213c320>,43,2,[8 4],44,127,129,83,126
1,<environment.Job instance at 0x7f779213ce60>,44,1,[10  4],45,129,130,84,126
1,<environment.Job instance at 0x7f7791b7ff00>,50,2,[8 1],51,156,158,105,156
1,<environment.Job instance at 0x7f7791b7fb40>,51,1,[9 4],52,158,159,106,156
1,<environment.Job instance at 0x7f7791b092d0>,53,2,[1 7],54,159,161,105,159
1,<environment.Job instance at 0x7f7791b09aa0>,54,2,[1 6],55,159,161,104,159
1,<environment.Job instance at 0x7f7791b09960>,56,3,[9 2],57,201,204,144,201
1,<environment.Job instance at 0x7f7791b18d70>,58,1,[8 2],59,210,211,151,210
1,<environment.Job instance at 0x7f7791b09be0>,59,3,[2 6],60,210,213,150,210
1,<environment.Job instance at 0x7f77d59a6190>,61,1,[9 4],62,211,212,149,211
1,<environment.Job instance at 0x7f77d57eaaf0>,62,2,[2 7],63,212,214,149,211
1,<environment.Job instance at 0x7f77d57eaaa0>,65,2,[3 7],66,244,246,178,244
1,<environment.Job instance at 0x7f77d57eae10>,66,1,[11  2],67,244,245,177,244
1,<environment.Job instance at 0x7f77d7f16d70>,70,1,[4 5],71,403,404,332,403
1,<environment.Job instance at 0x7f77d7f16dc0>,72,1,[6 3],73,408,409,335,408
1,<environment.Job instance at 0x7f77d7f16550>,73,3,[1 6],74,408,411,334,408
1,<environment.Job instance at 0x7f77d7f16780>,74,1,[5 4],75,408,409,333,408
1,<environment.Job instance at 0x7f77d7f163c0>,76,3,[6 2],77,411,414,334,411
1,<environment.Job instance at 0x7f77d7f16e60>,77,1,[6 3],78,411,412,333,411
1,<environment.Job instance at 0x7f77d7f16960>,78,19,[7 1],79,412,431,333,411
1,<environment.Job instance at 0x7f77d7f16870>,79,2,[5 4],80,414,416,334,411
1,<environment.Job instance at 0x7f7791d1ac30>,81,1,[2 7],82,438,439,356,438
1,<environment.Job instance at 0x7f7791d1aa50>,82,2,[4 5],83,438,440,355,438
1,<environment.Job instance at 0x7f77d5bb73c0>,85,2,[10  5],86,453,455,367,453
1,<environment.Job instance at 0x7f77d5bb7140>,86,1,[2 5],87,453,454,366,453
1,<environment.Job instance at 0x7f7791f802d0>,9,2,[3 7],10,12,14,2,12
1,<environment.Job instance at 0x7f77d59cc5f0>,8,3,[11  1],9,18,21,9,18
1,<environment.Job instance at 0x7f7791e92c30>,17,22,[6 1],18,21,43,3,18
1,<environment.Job instance at 0x7f77d83b35f0>,22,2,[8 2],23,29,31,6,29
1,<environment.Job instance at 0x7f77d7e0a5a0>,23,2,[8 1],24,31,33,7,30
1,<environment.Job instance at 0x7f7791ec5320>,24,1,[ 3 10],25,33,34,8,30
1,<environment.Job instance at 0x7f77d58ba550>,29,2,[3 7],30,55,57,25,55
1,<environment.Job instance at 0x7f7792037280>,32,19,[8 3],33,70,89,37,70
1,<environment.Job instance at 0x7f77920370a0>,35,1,[7 1],36,86,87,50,86
1,<environment.Job instance at 0x7f7791b32cd0>,36,23,[5 5],37,87,110,50,86
1,<environment.Job instance at 0x7f7791b32820>,37,1,[2 6],38,87,88,49,86
1,<environment.Job instance at 0x7f7791b32d20>,39,25,[7 3],40,96,121,56,96
1,<environment.Job instance at 0x7f77d7ecad20>,40,1,[12  5],41,121,122,80,103
1,<environment.Job instance at 0x7f77d7ecabe0>,45,3,[ 3 10],46,118,121,72,118
1,<environment.Job instance at 0x7f77d8171870>,48,12,[5 1],49,128,140,79,128
1,<environment.Job instance at 0x7f77d8171aa0>,49,3,[7 1],50,128,131,78,128
1,<environment.Job instance at 0x7f77d8171640>,50,2,[8 5],51,131,133,80,128
1,<environment.Job instance at 0x7f77d8171820>,51,3,[ 3 11],52,133,136,81,129
1,<environment.Job instance at 0x7f7791fbf8c0>,56,1,[ 3 10],57,143,144,86,143
1,<environment.Job instance at 0x7f77d8171eb0>,52,14,[10  1],53,145,159,92,145
1,<environment.Job instance at 0x7f77d82be780>,61,1,[4 7],62,161,162,99,161
1,<environment.Job instance at 0x7f77d82be640>,62,19,[6 2],63,161,180,98,161
1,<environment.Job instance at 0x7f77d5b89640>,63,3,[1 8],64,162,165,98,161
1,<environment.Job instance at 0x7f7791d1e500>,64,1,[1 7],65,165,166,100,161
1,<environment.Job instance at 0x7f77dccee460>,65,3,[14  4],66,180,183,114,161
1,<environment.Job instance at 0x7f77d7e2ce60>,71,2,[11  4],72,197,199,125,197
1,<environment.Job instance at 0x7f77921978c0>,72,2,[6 3],73,199,201,126,197
1,<environment.Job instance at 0x7f7792197dc0>,75,3,[3 9],76,208,211,132,208
1,<environment.Job instance at 0x7f7791e9e280>,78,22,[ 1 13],79,226,248,147,226
1,<environment.Job instance at 0x7f77d7ee1230>,21,18,[5 9],22,250,268,228,250
1,<environment.Job instance at 0x7f77d7e3f2d0>,87,1,[9 1],88,254,255,166,254
1,<environment.Job instance at 0x7f77d7e3f500>,88,2,[11  2],89,268,270,179,254
1,<environment.Job instance at 0x7f7792163370>,89,23,[4 9],90,268,291,178,262
1,<environment.Job instance at 0x7f7791ccdfa0>,93,1,[5 5],94,273,274,179,273
1,<environment.Job instance at 0x7f7791ccd550>,94,22,[5 8],95,291,313,196,284
1,<environment.Job instance at 0x7f7791ccd460>,102,1,[10  2],103,306,307,203,306
1,<environment.Job instance at 0x7f7791ccdcd0>,103,1,[2 9],104,313,314,209,306
1,<environment.Job instance at 0x7f7791ccdeb0>,104,1,[10  4],105,307,308,202,306
1,<environment.Job instance at 0x7f77d5c59820>,106,1,[1 8],107,314,315,207,307
1,<environment.Job instance at 0x7f77d5c59870>,107,3,[4 5],108,308,311,200,307
1,<environment.Job instance at 0x7f77d5d1ec80>,8,2,[ 2 10],9,9,11,0,9
1,<environment.Job instance at 0x7f77d5d1ec30>,7,2,[9 1],8,10,12,2,10
1,<environment.Job instance at 0x7f77d5d1ee60>,12,1,[3 9],13,17,18,4,17
1,<environment.Job instance at 0x7f77d5ca4870>,0,2,[ 4 14],1,19,21,18,19
1,<environment.Job instance at 0x7f77d5d1b2d0>,15,1,[5 6],16,21,22,5,19
1,<environment.Job instance at 0x7f77d5d1b4b0>,17,3,[9 4],18,29,32,11,29
1,<environment.Job instance at 0x7f77d5d1b550>,19,2,[10  3],20,32,34,12,29
1,<environment.Job instance at 0x7f77d5d1b5f0>,20,1,[4 8],21,29,30,8,29
1,<environment.Job instance at 0x7f77d5d1b460>,22,3,[5 8],23,31,34,8,31
1,<environment.Job instance at 0x7f77d5d1eb90>,9,18,[2 9],10,42,60,32,42
1,<environment.Job instance at 0x7f77d5d1baa0>,25,20,[10  3],26,42,62,16,42
1,<environment.Job instance at 0x7f77d5d0a690>,36,2,[ 5 12],37,67,69,30,67
1,<environment.Job instance at 0x7f77d5d0a5f0>,37,23,[6 1],38,67,90,29,67
1,<environment.Job instance at 0x7f77d5d0a7d0>,39,2,[4 5],40,69,71,29,67
1,<environment.Job instance at 0x7f77d5d0aa00>,40,1,[10  3],41,90,91,49,67
1,<environment.Job instance at 0x7f77d5d0aa50>,43,3,[2 6],44,81,84,37,81
1,<environment.Job instance at 0x7f77d5d0ae10>,44,2,[9 2],45,84,86,39,81
1,<environment.Job instance at 0x7f77d5d0aeb0>,46,18,[ 2 10],47,98,116,51,98
1,<environment.Job instance at 0x7f77d5d1d550>,50,25,[9 4],51,98,123,47,98
1,<environment.Job instance at 0x7f77d5d1d960>,54,28,[ 5 10],55,116,144,61,115
1,<environment.Job instance at 0x7f77d5d1db40>,57,27,[2 9],58,144,171,86,142
1,<environment.Job instance at 0x7f77d5d1dbe0>,58,26,[4 9],59,171,197,112,168
1,<environment.Job instance at 0x7f77d5d1dc80>,59,1,[10  5],60,168,169,108,168
1,<environment.Job instance at 0x7f77d5d264b0>,67,3,[5 6],68,174,177,106,174
1,<environment.Job instance at 0x7f77d5d266e0>,68,19,[2 7],69,197,216,128,187
1,<environment.Job instance at 0x7f77d5d26780>,69,3,[6 1],70,187,190,117,187
1,<environment.Job instance at 0x7f77d5d268c0>,71,2,[6 2],72,190,192,118,187
1,<environment.Job instance at 0x7f77d5d26960>,72,22,[5 4],73,187,209,114,187
1,<environment.Job instance at 0x7f77d5ceb320>,84,2,[9 5],85,233,235,148,233
1,<environment.Job instance at 0x7f77d5ceb550>,87,26,[10  5],88,248,274,160,248
1,<environment.Job instance at 0x7f77d5ceb5f0>,88,2,[7 5],89,274,276,185,248
1,<environment.Job instance at 0x7f77d5ceb870>,92,3,[1 7],93,267,270,174,267
1,<environment.Job instance at 0x7f77d5ceb9b0>,94,19,[2 5],95,281,300,186,281
1,<environment.Job instance at 0x7f77d5cebe10>,99,3,[6 1],100,294,297,194,294
1,<environment.Job instance at 0x7f77d5cebf50>,100,2,[2 6],101,294,296,193,294
1,<environment.Job instance at 0x7f77d5cec2d0>,103,23,[1 7],104,296,319,192,294
1,<environment.Job instance at 0x7f77d5cec370>,104,22,[1 8],105,300,322,195,294
1,<environment.Job instance at 0x7f77d5cec5a0>,106,1,[6 4],107,319,320,212,301
1,<environment.Job instance at 0x7f77d5cec550>,107,2,[3 8],108,322,324,214,301
1,<environment.Job instance at 0x7f77d5cec410>,2,26,[1 5],3,3,29,0,3
1,<environment.Job instance at 0x7f77d80b8730>,9,2,[3 9],10,12,14,2,12
1,<environment.Job instance at 0x7f77d5b895f0>,12,22,[5 3],13,14,36,1,13
1,<environment.Job instance at 0x7f77d5b89fa0>,13,1,[8 4],14,14,15,0,14
1,<environment.Job instance at 0x7f77d5b89f00>,15,1,[8 5],16,16,17,0,16
1,<environment.Job instance at 0x7f77d5b89a00>,17,24,[2 8],18,29,53,11,24
1,<environment.Job instance at 0x7f77dce3d6e0>,23,26,[1 8],24,53,79,29,50
1,<environment.Job instance at 0x7f77d7fcfaf0>,28,2,[5 3],29,50,52,21,50
1,<environment.Job instance at 0x7f77d7fcf0f0>,30,1,[3 5],31,58,59,27,58
1,<environment.Job instance at 0x7f77d7fcf3c0>,31,23,[9 4],32,59,82,27,58
1,<environment.Job instance at 0x7f77d7fcf230>,35,2,[1 9],36,79,81,43,72
1,<environment.Job instance at 0x7f7791c2d410>,39,1,[6 4],40,81,82,41,75
1,<environment.Job instance at 0x7f7791c2dc80>,44,3,[3 9],45,90,93,45,90
1,<environment.Job instance at 0x7f7791c2d7d0>,45,2,[10  1],46,90,92,44,90
1,<environment.Job instance at 0x7f7791c2db90>,46,3,[ 1 10],47,93,96,46,90
1,<environment.Job instance at 0x7f7791c2da00>,48,3,[5 9],49,108,111,59,108
1,<environment.Job instance at 0x7f7791c2da50>,49,1,[10  2],50,108,109,58,108
1,<environment.Job instance at 0x7f77922034b0>,51,2,[4 9],52,111,113,59,108
1,<environment.Job instance at 0x7f77d81c5eb0>,55,3,[3 8],56,123,126,67,123
1,<environment.Job instance at 0x7f77d80bec30>,58,1,[8 3],59,137,138,78,137
1,<environment.Job instance at 0x7f77d7e2cd20>,61,2,[5 4],62,148,150,86,148
1,<environment.Job instance at 0x7f77d7e2c9b0>,66,2,[ 2 10],67,177,179,110,177
1,<environment.Job instance at 0x7f77dce3f690>,69,3,[10  4],70,182,185,112,182
1,<environment.Job instance at 0x7f77d5b7d3c0>,71,3,[13  1],72,196,199,124,196
1,<environment.Job instance at 0x7f77d5b7d870>,72,3,[3 7],73,199,202,126,196
1,<environment.Job instance at 0x7f77921606e0>,77,1,[ 5 10],78,215,216,137,215
1,<environment.Job instance at 0x7f77921607d0>,79,2,[1 9],80,220,222,140,220
1,<environment.Job instance at 0x7f77d59a6550>,81,2,[10  4],82,228,230,146,228
1,<environment.Job instance at 0x7f77d59a63c0>,85,1,[ 3 12],86,254,255,168,254
1,<environment.Job instance at 0x7f77d59a6230>,86,3,[10  3],87,254,257,167,254
1,<environment.Job instance at 0x7f7791de74b0>,88,3,[ 5 12],89,259,262,170,259
1,<environment.Job instance at 0x7f7791de7190>,90,2,[5 4],91,267,269,176,267
1,<environment.Job instance at 0x7f7792181730>,95,22,[5 2],96,283,305,187,283
1,<environment.Job instance at 0x7f7792181f50>,96,1,[11  1],97,305,306,208,283
1,<environment.Job instance at 0x7f7792181820>,97,2,[2 6],98,283,285,185,283
1,<environment.Job instance at 0x7f7792181500>,99,3,[7 2],100,287,290,187,287
1,<environment.Job instance at 0x7f77921813c0>,101,28,[7 5],102,313,341,211,313
1,<environment.Job instance at 0x7f77921815a0>,103,2,[14  5],104,341,343,237,314
1,<environment.Job instance at 0x7f7792181cd0>,104,26,[7 1],105,314,340,209,314
1,<environment.Job instance at 0x7f77921701e0>,0,2,[1 9],1,2,4,1,2
1,<environment.Job instance at 0x7f77921f91e0>,6,1,[7 1],7,7,8,0,7
1,<environment.Job instance at 0x7f77921f9f50>,10,24,[10  5],11,11,35,0,11
1,<environment.Job instance at 0x7f77921f9140>,11,3,[ 4 12],12,35,38,23,28
1,<environment.Job instance at 0x7f77d59958c0>,18,27,[5 1],19,48,75,29,48
1,<environment.Job instance at 0x7f77d5995aa0>,20,1,[2 7],21,55,56,34,55
1,<environment.Job instance at 0x7f77d59950f0>,21,2,[ 1 10],22,56,58,34,55
1,<environment.Job instance at 0x7f77d59957d0>,22,3,[2 6],23,58,61,35,56
1,<environment.Job instance at 0x7f77d5995a00>,24,2,[10  3],25,62,64,37,62
1,<environment.Job instance at 0x7f77d83e6fa0>,25,1,[5 2],26,64,65,38,62
1,<environment.Job instance at 0x7f77d83e6410>,27,2,[5 5],28,71,73,43,71
1,<environment.Job instance at 0x7f77d83e6780>,28,27,[1 7],29,71,98,42,71
1,<environment.Job instance at 0x7f77dcd4db40>,30,3,[5 7],31,84,87,53,84
1,<environment.Job instance at 0x7f77d83e6c30>,31,3,[7 4],32,87,90,55,84
1,<environment.Job instance at 0x7f7791961870>,32,3,[1 5],33,90,93,57,84
1,<environment.Job instance at 0x7f7791961140>,33,2,[5 6],34,93,95,59,84
1,<environment.Job instance at 0x7f7791961640>,34,1,[2 5],35,95,96,60,84
1,<environment.Job instance at 0x7f7791961190>,36,1,[14  4],37,100,101,63,100
1,<environment.Job instance at 0x7f7792181690>,1,22,[2 9],2,2,24,0,2
1,<environment.Job instance at 0x7f77d7e7afa0>,7,2,[9 2],8,11,13,3,11
1,<environment.Job instance at 0x7f77d5a1d640>,3,3,[ 5 11],4,24,27,20,24
1,<environment.Job instance at 0x7f7791f2f4b0>,11,3,[ 3 11],12,27,30,15,27
1,<environment.Job instance at 0x7f7791b524b0>,23,3,[6 1],24,32,35,8,32
1,<environment.Job instance at 0x7f77d5a5ee10>,24,26,[10  2],25,35,61,10,32
1,<environment.Job instance at 0x7f7791f05d70>,25,3,[4 8],26,32,35,6,32
1,<environment.Job instance at 0x7f7791f07dc0>,29,2,[4 5],30,34,36,4,34
1,<environment.Job instance at 0x7f7791f07f00>,30,1,[7 1],31,61,62,30,34
1,<environment.Job instance at 0x7f7791b47410>,32,20,[5 2],33,36,56,3,35
1,<environment.Job instance at 0x7f7791b059b0>,39,1,[5 1],40,56,57,16,52
1,<environment.Job instance at 0x7f77918e4460>,41,3,[2 9],42,57,60,15,54
1,<environment.Job instance at 0x7f77918e4550>,46,20,[4 9],47,67,87,20,67
1,<environment.Job instance at 0x7f7792231f00>,51,2,[ 2 13],52,87,89,35,83
1,<environment.Job instance at 0x7f77918df0a0>,53,21,[5 7],54,89,110,35,83
1,<environment.Job instance at 0x7f77918df7d0>,56,2,[8 3],57,98,100,41,98
1,<environment.Job instance at 0x7f77918f26e0>,58,2,[12  1],59,110,112,51,98
1,<environment.Job instance at 0x7f77918f22d0>,59,27,[ 5 11],60,112,139,52,110
1,<environment.Job instance at 0x7f77918f25f0>,62,19,[4 7],63,139,158,76,129
1,<environment.Job instance at 0x7f77918f2c80>,63,25,[9 3],64,129,154,65,129
1,<environment.Job instance at 0x7f77918f2370>,70,26,[9 4],71,154,180,83,151
1,<environment.Job instance at 0x7f77dccf18c0>,74,1,[7 2],75,180,181,105,164
1,<environment.Job instance at 0x7f77d8043a50>,77,1,[6 4],78,179,180,101,179
1,<environment.Job instance at 0x7f77d8043280>,78,24,[8 3],79,180,204,101,179
1,<environment.Job instance at 0x7f77d8203c80>,88,2,[6 4],89,213,215,124,213
1,<environment.Job instance at 0x7f77d82031e0>,89,19,[2 9],90,213,232,123,213
1,<environment.Job instance at 0x7f77d8203960>,90,22,[1 9],91,232,254,141,225
1,<environment.Job instance at 0x7f77d8069910>,96,2,[1 8],97,254,256,157,227
1,<environment.Job instance at 0x7f77d8069690>,98,2,[ 4 12],99,256,258,157,244
1,<environment.Job instance at 0x7f77d8072be0>,103,26,[2 9],104,258,284,154,255
1,<environment.Job instance at 0x7f779206e140>,6,1,[5 3],7,7,8,0,7
1,<environment.Job instance at 0x7f7792060af0>,17,1,[5 4],18,18,19,0,18
1,<environment.Job instance at 0x7f77d5843d20>,19,1,[3 5],20,28,29,8,28
1,<environment.Job instance at 0x7f77d5b82280>,20,1,[4 9],21,28,29,7,28
1,<environment.Job instance at 0x7f77d82bedc0>,24,2,[7 3],25,38,40,13,38
1,<environment.Job instance at 0x7f77d81ec4b0>,28,2,[1 6],29,54,56,25,54
1,<environment.Job instance at 0x7f77d81ec6e0>,29,23,[5 5],30,54,77,24,54
1,<environment.Job instance at 0x7f77d80235a0>,35,24,[7 5],36,84,108,48,84
1,<environment.Job instance at 0x7f77d8023fa0>,38,2,[5 5],39,85,87,46,85
1,<environment.Job instance at 0x7f77d8023320>,39,3,[5 2],40,87,90,47,86
1,<environment.Job instance at 0x7f77d8023c30>,37,3,[ 2 13],38,108,111,70,87
1,<environment.Job instance at 0x7f77d8023500>,41,2,[4 8],42,90,92,48,88
1,<environment.Job instance at 0x7f77d80232d0>,43,3,[5 6],44,98,101,54,98
1,<environment.Job instance at 0x7f77d80236e0>,44,3,[9 3],45,111,114,66,98
1,<environment.Job instance at 0x7f77d8023960>,45,2,[7 1],46,101,103,55,98
1,<environment.Job instance at 0x7f7791e729b0>,50,1,[13  2],51,118,119,67,118
1,<environment.Job instance at 0x7f7791e728c0>,53,1,[ 2 13],54,133,134,79,133
1,<environment.Job instance at 0x7f77d5ced460>,54,2,[ 4 10],55,134,136,79,133
1,<environment.Job instance at 0x7f77d5cedb90>,55,19,[8 1],56,133,152,77,133
1,<environment.Job instance at 0x7f77d5cedd70>,56,1,[ 4 11],57,136,137,79,133
1,<environment.Job instance at 0x7f7791e56870>,59,2,[10  5],60,152,154,92,134
1,<environment.Job instance at 0x7f7791e56f50>,60,2,[4 6],61,137,139,76,134
1,<environment.Job instance at 0x7f7791e56fa0>,61,23,[7 5],62,154,177,92,148
1,<environment.Job instance at 0x7f7791e56230>,62,28,[8 2],63,154,182,91,153
1,<environment.Job instance at 0x7f7791e56960>,63,22,[5 4],64,177,199,113,170
1,<environment.Job instance at 0x7f7791981460>,74,2,[1 7],75,177,179,102,174
1,<environment.Job instance at 0x7f7791981eb0>,75,1,[2 5],76,179,180,103,174
1,<environment.Job instance at 0x7f77919819b0>,77,3,[9 2],78,183,186,105,183
1,<environment.Job instance at 0x7f77d5787a50>,78,1,[1 6],79,183,184,104,183
1,<environment.Job instance at 0x7f77921cb910>,79,3,[5 2],80,186,189,106,183
1,<environment.Job instance at 0x7f77921cbf00>,80,2,[2 6],81,186,188,105,183
1,<environment.Job instance at 0x7f77d83dc7d0>,82,2,[2 8],83,188,190,105,183
1,<environment.Job instance at 0x7f77d575d1e0>,83,18,[4 9],84,195,213,111,195
1,<environment.Job instance at 0x7f77d5d275a0>,84,26,[7 4],85,199,225,114,196
1,<environment.Job instance at 0x7f77d5d27910>,85,1,[12  3],86,225,226,139,203
1,<environment.Job instance at 0x7f7791ec1280>,86,2,[5 5],87,213,215,126,203
1,<environment.Job instance at 0x7f77d59e9460>,90,3,[8 4],91,215,218,124,212
1,<environment.Job instance at 0x7f77d59e9320>,93,1,[10  5],94,226,227,132,212
1,<environment.Job instance at 0x7f77d59e9960>,95,3,[5 6],96,218,221,122,216
1,<environment.Job instance at 0x7f77d59e9730>,96,2,[3 5],97,218,220,121,216
1,<environment.Job instance at 0x7f77d59e9cd0>,99,2,[6 3],100,232,234,132,232
1,<environment.Job instance at 0x7f77d59e9870>,103,1,[7 3],104,247,248,143,247
1,<environment.Job instance at 0x7f77d5d25500>,104,3,[3 7],105,247,250,142,247
1,<environment.Job instance at 0x7f77d5d25730>,106,1,[3 9],107,252,253,145,252
1,<environment.Job instance at 0x7f77d5d25b40>,107,19,[4 7],108,253,272,145,252
1,<environment.Job instance at 0x7f77d5d25cd0>,108,3,[9 1],109,252,255,143,252
1,<environment.Job instance at 0x7f77d5899870>,12,22,[6 2],13,13,35,0,13
1,<environment.Job instance at 0x7f77d5899c80>,14,23,[6 5],15,23,46,8,23
1,<environment.Job instance at 0x7f779189fd20>,23,21,[7 4],24,42,63,18,42
1,<environment.Job instance at 0x7f779189f730>,24,2,[ 4 10],25,46,48,21,42
1,<environment.Job instance at 0x7f779189f050>,26,1,[3 5],27,48,49,21,46
1,<environment.Job instance at 0x7f77918a4b40>,28,1,[5 1],29,48,49,19,46
1,<environment.Job instance at 0x7f77918a4d70>,29,1,[9 1],30,63,64,33,46
1,<environment.Job instance at 0x7f77918a4be0>,30,26,[5 7],31,49,75,18,46
1,<environment.Job instance at 0x7f77918a4320>,34,20,[5 9],35,75,95,40,66
1,<environment.Job instance at 0x7f77918a4910>,39,27,[5 9],40,95,122,55,93
1,<environment.Job instance at 0x7f7791cce7d0>,42,26,[ 1 10],43,122,148,79,119
1,<environment.Job instance at 0x7f7791cce0f0>,43,28,[3 5],44,119,147,75,119
1,<environment.Job instance at 0x7f7791cce2d0>,46,2,[5 6],47,148,150,101,123
1,<environment.Job instance at 0x7f7791cce460>,48,1,[9 2],49,147,148,98,123
1,<environment.Job instance at 0x7f77918957d0>,50,20,[5 8],51,148,168,97,139
1,<environment.Job instance at 0x7f77918952d0>,51,2,[10  5],52,150,152,98,139
1,<environment.Job instance at 0x7f7791895e60>,52,1,[9 4],53,152,153,99,139
1,<environment.Job instance at 0x7f7791895550>,60,21,[5 2],61,158,179,97,158
1,<environment.Job instance at 0x7f7791895be0>,63,2,[9 4],64,170,172,106,170
1,<environment.Job instance at 0x7f7791895780>,65,2,[ 5 10],66,188,190,122,188
1,<environment.Job instance at 0x7f77d5816550>,67,2,[8 3],68,188,190,120,188
1,<environment.Job instance at 0x7f77d5816820>,69,3,[ 4 10],70,190,193,120,189
1,<environment.Job instance at 0x7f77d5816410>,72,1,[5 8],73,214,215,141,214
1,<environment.Job instance at 0x7f77d58161e0>,73,1,[6 3],74,214,215,140,214
1,<environment.Job instance at 0x7f77d5816140>,74,3,[6 1],75,215,218,140,214
1,<environment.Job instance at 0x7f77d5816e10>,75,1,[10  4],76,218,219,142,214
1,<environment.Job instance at 0x7f77d5816cd0>,77,3,[10  1],78,219,222,141,214
1,<environment.Job instance at 0x7f77d5816be0>,79,1,[6 1],80,222,223,142,222
1,<environment.Job instance at 0x7f77d58168c0>,81,1,[6 1],82,222,223,140,222
1,<environment.Job instance at 0x7f77d5816d70>,82,2,[ 4 10],83,223,225,140,222
1,<environment.Job instance at 0x7f77d5816f00>,83,2,[4 7],84,225,227,141,222
1,<environment.Job instance at 0x7f77d58165a0>,85,23,[7 4],86,240,263,154,240
1,<environment.Job instance at 0x7f77918bc050>,86,23,[5 6],87,240,263,153,240
1,<environment.Job instance at 0x7f77918bc5a0>,88,25,[ 5 10],89,263,288,174,259
1,<environment.Job instance at 0x7f77918bcf00>,96,2,[4 6],97,288,290,191,281
1,<environment.Job instance at 0x7f77918bcc80>,97,26,[ 2 10],98,290,316,192,287
1,<environment.Job instance at 0x7f77918bc320>,99,3,[2 9],100,316,319,216,290
1,<environment.Job instance at 0x7f77918bc2d0>,102,2,[5 1],103,307,309,204,307
1,<environment.Job instance at 0x7f7791da2820>,3,20,[5 2],4,4,24,0,4
1,<environment.Job instance at 0x7f7791db6aa0>,10,2,[ 4 14],11,24,26,13,23
1,<environment.Job instance at 0x7f7791db6f00>,12,1,[ 4 10],13,23,24,10,23
1,<environment.Job instance at 0x7f7791db6370>,15,3,[1 7],16,28,31,12,28
1,<environment.Job instance at 0x7f77918bc2d0>,7,2,[ 5 11],8,31,33,23,30
1,<environment.Job instance at 0x7f7791d9a500>,20,25,[8 3],21,30,55,9,30
1,<environment.Job instance at 0x7f7791d9a320>,21,27,[8 1],22,55,82,33,53
1,<environment.Job instance at 0x7f77d83f2280>,27,27,[2 6],28,53,80,25,53
1,<environment.Job instance at 0x7f77d83c2e60>,37,26,[ 5 10],38,80,106,42,77
1,<environment.Job instance at 0x7f7791ad3c30>,39,1,[12  4],40,106,107,66,103
1,<environment.Job instance at 0x7f77d5671b40>,43,1,[9 3],44,107,108,63,106
1,<environment.Job instance at 0x7f77d83f30f0>,44,1,[ 1 11],45,106,107,61,106
1,<environment.Job instance at 0x7f77d83f3460>,45,1,[ 3 14],46,108,109,62,106
1,<environment.Job instance at 0x7f77d83eacd0>,46,1,[1 9],47,107,108,60,106
1,<environment.Job instance at 0x7f77d5957a50>,47,1,[6 4],48,109,110,61,106
1,<environment.Job instance at 0x7f77d569b550>,52,28,[5 1],53,125,153,72,125
1,<environment.Job instance at 0x7f77d566d6e0>,53,2,[1 9],54,125,127,71,125
1,<environment.Job instance at 0x7f77921d03c0>,54,17,[6 1],55,130,147,75,130
1,<environment.Job instance at 0x7f77d56813c0>,57,1,[6 2],58,147,148,89,130
1,<environment.Job instance at 0x7f779202a320>,62,1,[6 3],63,152,153,89,152
1,<environment.Job instance at 0x7f77921da730>,63,2,[4 5],64,152,154,88,152
1,<environment.Job instance at 0x7f77921dab40>,64,23,[2 9],65,153,176,88,152
1,<environment.Job instance at 0x7f77921dacd0>,66,3,[14  4],67,176,179,109,176
1,<environment.Job instance at 0x7f77921daeb0>,68,2,[10  1],69,179,181,110,176
1,<environment.Job instance at 0x7f77921dab90>,74,2,[6 1],75,200,202,125,200
1,<environment.Job instance at 0x7f77921da870>,75,3,[7 2],76,200,203,124,200
1,<environment.Job instance at 0x7f77921c0230>,76,1,[10  5],77,203,204,126,200
1,<environment.Job instance at 0x7f77921c0cd0>,77,3,[10  3],78,204,207,126,200
1,<environment.Job instance at 0x7f77921c0050>,78,26,[2 5],79,200,226,121,200
1,<environment.Job instance at 0x7f77921c0b40>,79,28,[4 8],80,207,235,127,206
1,<environment.Job instance at 0x7f77921c55f0>,86,22,[7 4],87,226,248,139,219
1,<environment.Job instance at 0x7f77921c5190>,87,28,[ 1 10],88,235,263,147,234
1,<environment.Job instance at 0x7f77921d5a00>,106,1,[5 1],107,271,272,164,271
1,<environment.Job instance at 0x7f77921d6550>,6,20,[10  4],7,7,27,0,7
1,<environment.Job instance at 0x7f77d5716f50>,23,24,[9 2],24,27,51,3,24
1,<environment.Job instance at 0x7f77d570f230>,31,24,[2 6],32,42,66,10,42
1,<environment.Job instance at 0x7f77d5c7bc80>,35,3,[1 5],36,55,58,19,55
1,<environment.Job instance at 0x7f7791dca690>,38,3,[6 4],39,64,67,25,64
1,<environment.Job instance at 0x7f7791cba140>,42,1,[2 8],43,80,81,37,80
1,<environment.Job instance at 0x7f7791cbacd0>,43,21,[5 4],44,80,101,36,80
1,<environment.Job instance at 0x7f77d5d2c280>,47,2,[10  5],48,101,103,53,101
1,<environment.Job instance at 0x7f77d5d2c0f0>,48,3,[10  4],49,103,106,54,101
1,<environment.Job instance at 0x7f77d5c3a500>,50,2,[1 8],51,102,104,51,102
1,<environment.Job instance at 0x7f77d803d0f0>,52,18,[10  3],53,114,132,61,114
1,<environment.Job instance at 0x7f77d83cb910>,54,24,[5 8],55,114,138,59,114
1,<environment.Job instance at 0x7f77d56eadc0>,56,24,[10  2],57,132,156,75,127
1,<environment.Job instance at 0x7f77d56ea640>,60,2,[14  3],61,156,158,95,134
1,<environment.Job instance at 0x7f77d56ea0a0>,61,1,[3 9],62,138,139,76,134
1,<environment.Job instance at 0x7f77d5c7c6e0>,65,1,[5 9],66,147,148,81,147
1,<environment.Job instance at 0x7f77d5c7c4b0>,66,23,[9 5],67,158,181,91,152
1,<environment.Job instance at 0x7f7791bdf140>,64,18,[1 8],65,183,201,118,183
1,<environment.Job instance at 0x7f77d5c7c5f0>,74,1,[3 8],75,201,202,126,183
1,<environment.Job instance at 0x7f77d5c7c3c0>,77,3,[8 5],78,185,188,107,185
1,<environment.Job instance at 0x7f77d5c7c7d0>,78,3,[9 3],79,188,191,109,185
1,<environment.Job instance at 0x7f77d5c7c780>,79,1,[13  5],80,191,192,111,185
1,<environment.Job instance at 0x7f77d593faa0>,83,27,[5 6],84,192,219,108,191
1,<environment.Job instance at 0x7f77d593ff00>,84,2,[5 3],85,202,204,117,191
1,<environment.Job instance at 0x7f77d593f280>,88,25,[11  1],89,219,244,130,215
1,<environment.Job instance at 0x7f77d593f2d0>,90,3,[7 1],91,215,218,124,215
1,<environment.Job instance at 0x7f77d593fb40>,94,27,[3 8],95,217,244,122,217
1,<environment.Job instance at 0x7f77d5d8aa00>,105,27,[4 6],106,278,305,172,278
1,<environment.Job instance at 0x7f77d5d8aaf0>,107,1,[1 7],108,286,287,178,286
1,<environment.Job instance at 0x7f77d5b34d70>,14,28,[4 7],15,15,43,0,15
1,<environment.Job instance at 0x7f77d5b341e0>,16,2,[9 4],17,25,27,8,25
1,<environment.Job instance at 0x7f77d84404b0>,20,24,[9 4],21,38,62,17,38
1,<environment.Job instance at 0x7f77d8440e10>,23,2,[12  3],24,62,64,38,49
1,<environment.Job instance at 0x7f77d8440aa0>,19,18,[8 2],20,75,93,55,75
1,<environment.Job instance at 0x7f7791c8ee10>,32,1,[7 3],33,85,86,52,85
1,<environment.Job instance at 0x7f7791c8e820>,37,18,[3 9],38,126,144,88,126
1,<environment.Job instance at 0x7f7791c8e5f0>,40,1,[6 3],41,126,127,85,126
1,<environment.Job instance at 0x7f7791c8e3c0>,41,2,[ 3 10],42,144,146,102,126
1,<environment.Job instance at 0x7f7791c8ebe0>,42,2,[6 4],43,127,129,84,126
1,<environment.Job instance at 0x7f7791ea9690>,45,2,[9 3],46,136,138,90,136
1,<environment.Job instance at 0x7f7791ea9230>,47,22,[10  4],48,145,167,97,145
1,<environment.Job instance at 0x7f7791ea9c30>,48,21,[7 1],49,167,188,118,159
1,<environment.Job instance at 0x7f7791ea9280>,50,1,[7 3],51,167,168,116,159
1,<environment.Job instance at 0x7f7791ea9140>,51,1,[5 8],52,159,160,107,159
1,<environment.Job instance at 0x7f7791ea9af0>,52,21,[5 3],53,168,189,115,160
1,<environment.Job instance at 0x7f7791ea9730>,58,3,[14  4],59,189,192,130,185
1,<environment.Job instance at 0x7f77919efbe0>,64,2,[2 5],65,192,194,127,191
1,<environment.Job instance at 0x7f77919ef3c0>,66,21,[10  2],67,192,213,125,191
1,<environment.Job instance at 0x7f77919ef550>,73,1,[9 4],74,213,214,139,200
1,<environment.Job instance at 0x7f77d5c2e1e0>,79,3,[1 6],80,234,237,154,234
1,<environment.Job instance at 0x7f77d5c2ef50>,80,25,[ 4 10],81,237,262,156,234
1,<environment.Job instance at 0x7f77d5c2e960>,81,22,[9 1],82,234,256,152,234
1,<environment.Job instance at 0x7f77d5a9feb0>,87,19,[ 2 10],88,275,294,187,275
1,<environment.Job instance at 0x7f77921c3c30>,10,1,[6 1],11,11,12,0,11
1,<environment.Job instance at 0x7f77919e1370>,12,1,[1 5],13,13,14,0,13
1,<environment.Job instance at 0x7f77919e1050>,13,1,[7 1],14,14,15,0,14
1,<environment.Job instance at 0x7f77921c3eb0>,17,1,[3 6],18,18,19,0,18
1,<environment.Job instance at 0x7f77918bc8c0>,20,2,[ 2 12],21,22,24,1,22
1,<environment.Job instance at 0x7f77d562acd0>,29,2,[10  4],30,79,81,49,79
1,<environment.Job instance at 0x7f77d562a0a0>,31,2,[10  3],32,84,86,52,84
1,<environment.Job instance at 0x7f77d562a500>,35,1,[14  5],36,97,98,61,97
1,<environment.Job instance at 0x7f77919e9c30>,37,2,[ 5 12],38,108,110,70,108
1,<environment.Job instance at 0x7f77919e9cd0>,38,3,[9 4],39,110,113,71,108
1,<environment.Job instance at 0x7f77919e9f00>,39,20,[7 2],40,113,133,73,108
1,<environment.Job instance at 0x7f7792010870>,44,1,[5 9],45,127,128,82,127
1,<environment.Job instance at 0x7f7792010500>,45,2,[ 2 12],46,128,130,82,127
1,<environment.Job instance at 0x7f77920104b0>,48,22,[ 3 10],49,139,161,90,139
1,<environment.Job instance at 0x7f779203bf00>,54,19,[3 7],55,169,188,114,169
1,<environment.Job instance at 0x7f779203b280>,56,1,[6 5],57,171,172,114,171
1,<environment.Job instance at 0x7f779203b2d0>,57,23,[3 5],58,172,195,114,171
1,<environment.Job instance at 0x7f779203bb40>,60,28,[2 6],61,188,216,127,187
1,<environment.Job instance at 0x7f779203b500>,61,1,[2 6],62,195,196,133,187
1,<environment.Job instance at 0x7f779203bdc0>,62,2,[ 4 10],63,216,218,153,189
1,<environment.Job instance at 0x7f779203b640>,63,1,[6 1],64,189,190,125,189
1,<environment.Job instance at 0x7f779200f460>,67,2,[9 2],68,202,204,134,202
1,<environment.Job instance at 0x7f779200f870>,68,2,[8 1],69,204,206,135,202
1,<environment.Job instance at 0x7f779200f1e0>,69,23,[8 2],70,206,229,136,202
1,<environment.Job instance at 0x7f779200ffa0>,70,1,[13  1],71,229,230,158,205
1,<environment.Job instance at 0x7f779200fb40>,73,19,[3 9],74,230,249,156,220
1,<environment.Job instance at 0x7f779200ff00>,74,2,[2 7],75,220,222,145,220
1,<environment.Job instance at 0x7f779200f780>,81,20,[10  2],82,234,254,152,234
1,<environment.Job instance at 0x7f77920017d0>,86,3,[ 3 10],87,279,282,192,279
1,<environment.Job instance at 0x7f7792001d70>,88,3,[13  1],89,399,402,310,399
1,<environment.Job instance at 0x7f4956244370>,1,22,[11  3],2,2,24,0,2
1,<environment.Job instance at 0x7f4956244230>,2,22,[4 8],3,3,25,0,3
1,<environment.Job instance at 0x7f4950e35a50>,12,26,[ 1 10],13,25,51,12,22
1,<environment.Job instance at 0x7f4950e35f00>,18,3,[4 7],19,51,54,32,27
1,<environment.Job instance at 0x7f4950e35550>,20,1,[7 5],21,34,35,13,34
1,<environment.Job instance at 0x7f4950e38190>,22,1,[2 7],23,51,52,28,34
1,<environment.Job instance at 0x7f4950e382d0>,23,27,[1 6],24,52,79,28,50
1,<environment.Job instance at 0x7f4950e388c0>,28,23,[10  4],29,54,77,25,51
1,<environment.Job instance at 0x7f4950e38f50>,34,24,[1 8],35,77,101,42,72
1,<environment.Job instance at 0x7f4950e39140>,37,2,[2 6],38,79,81,41,79
1,<environment.Job instance at 0x7f4950e391e0>,38,2,[ 1 10],39,101,103,62,79
1,<environment.Job instance at 0x7f4950e39280>,39,2,[5 6],40,81,83,41,79
1,<environment.Job instance at 0x7f4950e393c0>,41,1,[5 2],42,83,84,41,83
1,<environment.Job instance at 0x7f4950e39460>,42,2,[4 6],43,84,86,41,83
1,<environment.Job instance at 0x7f4950e35d20>,15,18,[2 8],16,103,121,87,92
1,<environment.Job instance at 0x7f4950e395a0>,44,3,[5 5],45,92,95,47,92
1,<environment.Job instance at 0x7f4950e39dc0>,51,3,[1 5],52,121,124,69,121
1,<environment.Job instance at 0x7f4950e39c80>,52,1,[8 5],53,121,122,68,121
1,<environment.Job instance at 0x7f4950e4d190>,4,1,[8 4],5,5,6,0,5
1,<environment.Job instance at 0x7f4950eedc80>,1,1,[2 6],2,5,6,3,5
1,<environment.Job instance at 0x7f4950e4d910>,5,21,[4 5],6,6,27,0,6
1,<environment.Job instance at 0x7f4950e4daf0>,7,22,[4 5],8,8,30,0,8
1,<environment.Job instance at 0x7f490b234870>,17,20,[9 2],18,27,47,9,19
1,<environment.Job instance at 0x7f4950e39f00>,2,3,[ 4 12],3,30,33,27,20
1,<environment.Job instance at 0x7f4950e4deb0>,8,23,[ 2 14],9,47,70,38,41
1,<environment.Job instance at 0x7f490b238460>,22,3,[4 7],23,41,44,18,41
1,<environment.Job instance at 0x7f490b238960>,24,2,[2 7],25,44,46,19,41
1,<environment.Job instance at 0x7f490b238050>,25,3,[ 4 13],26,70,73,44,55
1,<environment.Job instance at 0x7f490b238370>,27,1,[ 1 14],28,73,74,45,59
1,<environment.Job instance at 0x7f490b238550>,28,1,[4 6],29,74,75,45,59
1,<environment.Job instance at 0x7f490b238b90>,33,3,[1 9],34,74,77,40,68
1,<environment.Job instance at 0x7f490b236320>,35,1,[9 1],36,78,79,42,78
1,<environment.Job instance at 0x7f490b236500>,36,1,[6 3],37,78,79,41,78
1,<environment.Job instance at 0x7f490b2365a0>,37,3,[4 5],38,79,82,41,78
1,<environment.Job instance at 0x7f490b236870>,40,3,[13  3],41,102,105,61,102
1,<environment.Job instance at 0x7f490b237cd0>,44,3,[6 4],45,106,109,61,106
1,<environment.Job instance at 0x7f490b0a85a0>,0,24,[ 1 10],1,1,25,0,1
1,<environment.Job instance at 0x7f490b47e3c0>,3,24,[7 4],4,4,28,0,4
1,<environment.Job instance at 0x7f490b16d0f0>,11,27,[4 7],12,25,52,13,23
1,<environment.Job instance at 0x7f490b16d820>,12,26,[8 4],13,28,54,15,25
1,<environment.Job instance at 0x7f490b095730>,20,25,[ 3 10],21,52,77,31,48
1,<environment.Job instance at 0x7f490b095c80>,22,1,[3 9],23,77,78,54,49
1,<environment.Job instance at 0x7f490b098410>,23,2,[4 7],24,78,80,54,51
1,<environment.Job instance at 0x7f490b15f820>,5,3,[12  3],6,55,58,49,55
1,<environment.Job instance at 0x7f4951326dc0>,32,1,[5 5],33,64,65,31,64
1,<environment.Job instance at 0x7f4950c0b0a0>,33,23,[10  1],34,65,88,31,64
1,<environment.Job instance at 0x7f4950fbfdc0>,36,28,[6 5],37,88,116,51,87
1,<environment.Job instance at 0x7f49563b6eb0>,46,1,[2 7],47,104,105,57,104
1,<environment.Job instance at 0x7f49563af780>,49,28,[5 3],50,114,142,64,114
1,<environment.Job instance at 0x7f490b08e3c0>,51,2,[1 5],52,116,118,64,116
1,<environment.Job instance at 0x7f490b08eaa0>,53,3,[9 5],54,116,119,62,116
1,<environment.Job instance at 0x7f490b08ee60>,56,1,[7 3],57,131,132,74,131
1,<environment.Job instance at 0x7f490b08e410>,58,1,[2 7],59,131,132,72,131
1,<environment.Job instance at 0x7f490b08e1e0>,61,3,[4 5],62,147,150,85,147
1,<environment.Job instance at 0x7f490b08e820>,62,25,[6 3],63,147,172,84,147
1,<environment.Job instance at 0x7f490b08e460>,52,18,[8 2],53,161,179,108,161
1,<environment.Job instance at 0x7f490b0fde60>,66,2,[5 5],67,172,174,105,161
1,<environment.Job instance at 0x7f490b07d550>,70,1,[ 1 10],71,177,178,106,177
1,<environment.Job instance at 0x7f490b07deb0>,72,1,[5 9],73,178,179,105,178
1,<environment.Job instance at 0x7f490b07df00>,73,20,[2 6],74,179,199,105,178
1,<environment.Job instance at 0x7f490b07d690>,75,3,[5 2],76,193,196,117,193
1,<environment.Job instance at 0x7f490b0f48c0>,76,3,[ 5 10],77,199,202,122,193
1,<environment.Job instance at 0x7f490b0f4280>,77,1,[8 5],78,193,194,115,193
1,<environment.Job instance at 0x7f490b0f40f0>,78,2,[2 6],79,194,196,115,193
1,<environment.Job instance at 0x7f490b0f40a0>,81,2,[1 7],82,203,205,121,203
1,<environment.Job instance at 0x7f490b0f4960>,82,3,[ 3 11],83,205,208,122,203
1,<environment.Job instance at 0x7f4950faeb40>,87,1,[9 3],88,216,217,128,216
1,<environment.Job instance at 0x7f49512d7dc0>,90,24,[2 8],91,233,257,142,233
1,<environment.Job instance at 0x7f495105ca00>,91,24,[9 1],92,233,257,141,233
1,<environment.Job instance at 0x7f495105cfa0>,92,3,[7 1],93,257,260,164,233
1,<environment.Job instance at 0x7f4950c98f50>,93,24,[10  5],94,260,284,166,255
1,<environment.Job instance at 0x7f490b09f730>,94,23,[10  2],95,284,307,189,278
1,<environment.Job instance at 0x7f49558c0d70>,0,27,[ 5 10],1,1,28,0,1
1,<environment.Job instance at 0x7f495626d460>,6,25,[ 5 10],7,28,53,21,24
1,<environment.Job instance at 0x7f4950f455f0>,31,3,[9 4],32,52,55,20,52
1,<environment.Job instance at 0x7f4950f808c0>,32,1,[7 4],33,55,56,22,52
1,<environment.Job instance at 0x7f4950f80c80>,33,2,[9 2],34,56,58,22,52
1,<environment.Job instance at 0x7f4950f80910>,35,2,[ 4 11],36,53,55,17,53
1,<environment.Job instance at 0x7f4950ee6690>,38,1,[2 6],39,70,71,31,70
1,<environment.Job instance at 0x7f4950ee6fa0>,40,2,[10  2],41,77,79,36,77
1,<environment.Job instance at 0x7f4950e19280>,42,19,[8 2],43,79,98,36,77
1,<environment.Job instance at 0x7f4950e76230>,43,2,[ 2 14],44,98,100,54,88
1,<environment.Job instance at 0x7f4950e6b460>,45,3,[2 5],46,88,91,42,88
1,<environment.Job instance at 0x7f4950e6bb40>,46,2,[11  3],47,100,102,53,88
1,<environment.Job instance at 0x7f4950e6da50>,47,2,[12  2],48,102,104,54,90
1,<environment.Job instance at 0x7f4950e6dc80>,51,3,[7 3],52,111,114,59,111
1,<environment.Job instance at 0x7f4950e86a50>,52,2,[12  5],53,114,116,61,111
1,<environment.Job instance at 0x7f49513508c0>,53,1,[1 7],54,111,112,57,111
1,<environment.Job instance at 0x7f4950f472d0>,54,1,[14  4],55,116,117,61,111
1,<environment.Job instance at 0x7f4950f3f4b0>,56,3,[8 1],57,117,120,60,115
1,<environment.Job instance at 0x7f4950f3fb40>,57,2,[6 4],58,117,119,59,115
1,<environment.Job instance at 0x7f4950f43870>,62,12,[5 5],63,141,153,78,141
1,<environment.Job instance at 0x7f4950f43b40>,64,2,[2 5],65,151,153,86,151
1,<environment.Job instance at 0x7f4950fb9870>,66,1,[3 8],67,155,156,88,155
1,<environment.Job instance at 0x7f4950fb9dc0>,67,3,[10  2],68,155,158,87,155
1,<environment.Job instance at 0x7f4950ebdf50>,68,1,[2 8],69,156,157,87,155
1,<environment.Job instance at 0x7f4950ebd230>,69,1,[ 3 10],70,157,158,87,155
1,<environment.Job instance at 0x7f4950e24140>,72,1,[ 5 10],73,168,169,95,168
1,<environment.Job instance at 0x7f4950e242d0>,73,1,[ 5 12],74,169,170,95,168
1,<environment.Job instance at 0x7f4950e24370>,74,21,[7 2],75,168,189,93,168
1,<environment.Job instance at 0x7f4950e243c0>,76,3,[ 3 10],77,180,183,103,180
1,<environment.Job instance at 0x7f4950e24780>,77,2,[10  4],78,189,191,111,180
1,<environment.Job instance at 0x7f495571ea50>,84,3,[14  4],85,215,218,130,215
1,<environment.Job instance at 0x7f495571eb90>,85,2,[5 5],86,218,220,132,215
1,<environment.Job instance at 0x7f495571e5a0>,86,2,[13  4],87,220,222,133,215
1,<environment.Job instance at 0x7f495571ee60>,87,3,[3 5],88,222,225,134,215
1,<environment.Job instance at 0x7f495571eaf0>,89,27,[1 5],90,228,255,138,228
1,<environment.Job instance at 0x7f495571efa0>,90,1,[5 1],91,228,229,137,228
1,<environment.Job instance at 0x7f495571eeb0>,91,3,[9 3],92,228,231,136,228
1,<environment.Job instance at 0x7f495571ecd0>,92,3,[ 4 10],93,231,234,138,229
1,<environment.Job instance at 0x7f4950e98780>,94,3,[6 1],95,234,237,139,229
1,<environment.Job instance at 0x7f4950e98730>,97,19,[14  4],98,270,289,172,270
1,<environment.Job instance at 0x7f490b6da550>,9,1,[10  3],10,10,11,0,10
1,<environment.Job instance at 0x7f490b6e61e0>,10,19,[1 5],11,12,31,1,12
1,<environment.Job instance at 0x7f4955ba7050>,14,2,[7 5],15,18,20,3,18
1,<environment.Job instance at 0x7f4950cb9280>,15,2,[14  5],16,20,22,4,20
1,<environment.Job instance at 0x7f4955bd85a0>,17,18,[5 1],18,31,49,13,31
1,<environment.Job instance at 0x7f4955bd86e0>,18,3,[5 8],19,31,34,12,31
1,<environment.Job instance at 0x7f4955bd8280>,20,1,[6 3],21,34,35,13,31
1,<environment.Job instance at 0x7f4955bb6fa0>,25,21,[2 5],26,50,71,24,50
1,<environment.Job instance at 0x7f4955bb6a00>,26,1,[7 2],27,50,51,23,50
1,<environment.Job instance at 0x7f4955bb6960>,27,2,[2 6],28,51,53,23,51
1,<environment.Job instance at 0x7f4955bb6d20>,29,19,[9 1],30,62,81,32,62
1,<environment.Job instance at 0x7f4955bc70a0>,33,27,[1 8],34,63,90,29,63
1,<environment.Job instance at 0x7f4955bc7c30>,40,3,[1 7],41,93,96,52,93
1,<environment.Job instance at 0x7f4955bc7cd0>,42,3,[ 1 10],43,96,99,53,93
1,<environment.Job instance at 0x7f4955bb52d0>,47,22,[1 7],48,122,144,74,122
1,<environment.Job instance at 0x7f4955bb5c30>,48,2,[5 7],49,122,124,73,122
1,<environment.Job instance at 0x7f4955bd10a0>,52,1,[9 3],53,136,137,83,136
1,<environment.Job instance at 0x7f4955bd1af0>,55,25,[6 3],56,148,173,92,148
1,<environment.Job instance at 0x7f4955bd1910>,56,2,[5 1],57,148,150,91,148
1,<environment.Job instance at 0x7f4955bd13c0>,57,2,[4 5],58,148,150,90,148
1,<environment.Job instance at 0x7f4955bd1140>,53,3,[ 3 14],54,173,176,119,152
1,<environment.Job instance at 0x7f4955bd19b0>,60,2,[ 5 11],61,157,159,96,157
1,<environment.Job instance at 0x7f4955bbe9b0>,64,1,[5 7],65,176,177,111,176
1,<environment.Job instance at 0x7f490b44a320>,66,2,[2 9],67,192,194,125,192
1,<environment.Job instance at 0x7f490b44a050>,67,3,[7 1],68,192,195,124,192
1,<environment.Job instance at 0x7f490b461780>,69,27,[ 5 10],70,194,221,124,192
1,<environment.Job instance at 0x7f490b461870>,70,1,[6 3],71,192,193,121,192
1,<environment.Job instance at 0x7f4955bdc6e0>,71,22,[ 1 10],72,221,243,149,214
1,<environment.Job instance at 0x7f490b44daa0>,73,2,[5 6],74,243,245,169,216
1,<environment.Job instance at 0x7f490b44ddc0>,74,2,[2 5],75,216,218,141,216
1,<environment.Job instance at 0x7f4950c31550>,75,3,[6 5],76,218,221,142,216
1,<environment.Job instance at 0x7f4950c31280>,76,3,[8 2],77,221,224,144,216
1,<environment.Job instance at 0x7f4950c31be0>,78,20,[6 2],79,221,241,142,216
1,<environment.Job instance at 0x7f4950c32e60>,93,2,[10  5],94,290,292,196,290
1,<environment.Job instance at 0x7f4950c329b0>,98,21,[5 8],99,312,333,213,312
1,<environment.Job instance at 0x7f4950c28690>,101,28,[2 8],102,333,361,231,332
1,<environment.Job instance at 0x7f4950c28320>,103,27,[9 3],104,341,368,237,341
1,<environment.Job instance at 0x7f4950c28f50>,111,1,[10  2],112,368,369,256,360
1,<environment.Job instance at 0x7f4950c28910>,109,2,[ 4 11],110,391,393,281,391
1,<environment.Job instance at 0x7f4955bd7f50>,116,28,[9 2],117,391,419,274,391
1,<environment.Job instance at 0x7f490b5392d0>,3,1,[6 2],4,4,5,0,4
1,<environment.Job instance at 0x7f4950c534b0>,4,2,[4 6],5,7,9,2,7
1,<environment.Job instance at 0x7f4950f14500>,11,1,[10  4],12,12,13,0,12
1,<environment.Job instance at 0x7f4950c530f0>,16,23,[7 4],17,17,40,0,17
1,<environment.Job instance at 0x7f4950dc0a00>,23,20,[5 4],24,35,55,11,35
1,<environment.Job instance at 0x7f4950f145a0>,7,3,[ 1 12],8,56,59,48,56
1,<environment.Job instance at 0x7f49510dbe10>,33,1,[7 2],34,56,57,22,56
1,<environment.Job instance at 0x7f49510db140>,35,20,[4 7],36,59,79,23,56
1,<environment.Job instance at 0x7f4955f180f0>,36,21,[6 5],37,59,80,22,56
1,<environment.Job instance at 0x7f4955f18190>,41,27,[5 1],42,69,96,27,69
1,<environment.Job instance at 0x7f495582e0a0>,42,21,[1 6],43,79,100,36,71
1,<environment.Job instance at 0x7f495582e2d0>,46,25,[8 3],47,90,115,43,90
1,<environment.Job instance at 0x7f495582e550>,51,19,[10  1],52,133,152,81,133
1,<environment.Job instance at 0x7f4955857eb0>,56,25,[ 5 10],57,135,160,78,135
1,<environment.Job instance at 0x7f4950d0f3c0>,65,1,[9 5],66,166,167,100,166
1,<environment.Job instance at 0x7f4955e42190>,71,2,[9 5],72,215,217,143,215
1,<environment.Job instance at 0x7f4955e53780>,76,2,[13  5],77,237,239,160,237
1,<environment.Job instance at 0x7f4955e533c0>,77,1,[9 5],78,239,240,161,237
1,<environment.Job instance at 0x7f495569da50>,80,26,[6 3],81,243,269,162,243
1,<environment.Job instance at 0x7f4950c4f4b0>,0,28,[5 6],1,1,29,0,1
1,<environment.Job instance at 0x7f49557d4230>,5,23,[5 3],6,6,29,0,6
1,<environment.Job instance at 0x7f49557d4b90>,3,28,[ 1 11],4,29,57,25,28
1,<environment.Job instance at 0x7f4955d11af0>,19,1,[10  3],20,51,52,31,51
1,<environment.Job instance at 0x7f4955dd4410>,24,1,[1 6],25,77,78,52,77
1,<environment.Job instance at 0x7f4955a455a0>,29,1,[7 3],30,101,102,71,101
1,<environment.Job instance at 0x7f4955b2a2d0>,31,1,[9 5],32,111,112,79,111
1,<environment.Job instance at 0x7f4955d1c640>,32,2,[ 2 10],33,111,113,78,111
1,<environment.Job instance at 0x7f4955b2a820>,34,2,[4 6],35,115,117,80,115
1,<environment.Job instance at 0x7f490b2b9e10>,35,2,[10  5],36,115,117,79,115
1,<environment.Job instance at 0x7f490b626780>,36,1,[5 7],37,117,118,80,115
1,<environment.Job instance at 0x7f49557303c0>,37,2,[ 4 14],38,118,120,80,116
1,<environment.Job instance at 0x7f490b417f50>,40,1,[5 4],41,128,129,87,128
1,<environment.Job instance at 0x7f490b4175a0>,42,1,[2 7],43,134,135,91,134
1,<environment.Job instance at 0x7f490b4172d0>,44,2,[ 1 12],45,141,143,96,141
1,<environment.Job instance at 0x7f495115e050>,47,2,[6 4],48,161,163,113,161
1,<environment.Job instance at 0x7f49510ea5a0>,50,25,[2 8],51,169,194,118,169
1,<environment.Job instance at 0x7f490b0942d0>,54,3,[ 3 14],55,197,200,142,197
1,<environment.Job instance at 0x7f490b2f00a0>,55,1,[10  1],56,197,198,141,197
1,<environment.Job instance at 0x7f4955b4af00>,59,2,[13  5],60,221,223,161,221
1,<environment.Job instance at 0x7f4951180190>,60,1,[4 8],61,223,224,162,221
1,<environment.Job instance at 0x7f4950ddd550>,63,2,[2 5],64,221,223,157,221
1,<environment.Job instance at 0x7f490b2755f0>,68,1,[ 3 12],69,255,256,186,255
1,<environment.Job instance at 0x7f495108e8c0>,70,2,[5 6],71,257,259,186,257
1,<environment.Job instance at 0x7f4955cdf5f0>,74,20,[9 5],75,276,296,201,276
1,<environment.Job instance at 0x7f4955cdf2d0>,78,2,[8 5],79,296,298,217,295
1,<environment.Job instance at 0x7f4955cdf410>,80,2,[2 7],81,306,308,225,306
1,<environment.Job instance at 0x7f4955cdf280>,81,1,[10  4],82,306,307,224,306
1,<environment.Job instance at 0x7f4955cdf960>,82,3,[3 8],83,307,310,224,306
1,<environment.Job instance at 0x7f4950da7140>,5,23,[8 2],6,6,29,0,6
1,<environment.Job instance at 0x7f4950cef3c0>,8,1,[ 1 10],9,9,10,0,9
1,<environment.Job instance at 0x7f4955d9a460>,15,3,[11  2],16,29,32,13,17
1,<environment.Job instance at 0x7f4955d9a9b0>,20,18,[5 8],21,42,60,21,42
1,<environment.Job instance at 0x7f4955d9a230>,22,23,[7 1],23,42,65,19,42
1,<environment.Job instance at 0x7f4955d9ae10>,23,2,[2 8],24,60,62,36,42
1,<environment.Job instance at 0x7f4955d9a820>,26,1,[9 4],27,65,66,38,59
1,<environment.Job instance at 0x7f4950d2cb90>,28,1,[13  4],29,66,67,37,59
1,<environment.Job instance at 0x7f4955d9a690>,25,3,[13  2],26,67,70,41,61
1,<environment.Job instance at 0x7f49562687d0>,34,2,[5 2],35,81,83,46,81
1,<environment.Job instance at 0x7f49510fa230>,37,2,[2 9],38,90,92,52,90
1,<environment.Job instance at 0x7f49510facd0>,38,2,[8 3],39,90,92,51,90
1,<environment.Job instance at 0x7f49510fa870>,41,23,[ 3 13],42,103,126,61,103
1,<environment.Job instance at 0x7f49556e9640>,46,2,[7 2],47,134,136,87,134
1,<environment.Job instance at 0x7f49510fa320>,47,15,[6 1],48,135,150,87,135
1,<environment.Job instance at 0x7f49510faaf0>,44,18,[1 8],45,136,154,91,136
1,<environment.Job instance at 0x7f49556e9320>,49,1,[9 4],50,150,151,100,136
1,<environment.Job instance at 0x7f490b011eb0>,50,20,[9 5],51,151,171,100,142
1,<environment.Job instance at 0x7f490b4e6780>,59,2,[10  2],60,171,173,111,159
1,<environment.Job instance at 0x7f490b4e6730>,60,1,[8 1],61,173,174,112,159
1,<environment.Job instance at 0x7f490b4e6b40>,64,22,[9 5],65,177,199,112,177
1,<environment.Job instance at 0x7f490b4e6c80>,65,3,[ 1 14],66,199,202,133,177
1,<environment.Job instance at 0x7f490b4e6eb0>,69,3,[10  2],70,203,206,133,203
1,<environment.Job instance at 0x7f490b4e6d20>,72,3,[10  5],73,241,244,168,241
1,<environment.Job instance at 0x7f490b4cf370>,77,2,[3 7],78,303,305,225,303
1,<environment.Job instance at 0x7f490b4cf280>,79,21,[1 7],80,320,341,240,320
1,<environment.Job instance at 0x7f490b4cf870>,81,2,[5 5],82,325,327,243,325
1,<environment.Job instance at 0x7f490b5900a0>,10,27,[7 4],11,11,38,0,11
1,<environment.Job instance at 0x7f490b5b3460>,15,2,[ 1 12],16,38,40,22,21
1,<environment.Job instance at 0x7f490b1b7370>,20,25,[ 1 14],21,43,68,22,43
1,<environment.Job instance at 0x7f495586a870>,23,1,[ 4 13],24,68,69,44,59
1,<environment.Job instance at 0x7f495586ae60>,24,19,[9 1],25,59,78,34,59
1,<environment.Job instance at 0x7f495586a7d0>,25,3,[ 4 11],26,89,92,63,89
1,<environment.Job instance at 0x7f495584f640>,39,2,[3 7],40,120,122,80,120
1,<environment.Job instance at 0x7f490b2f7be0>,40,2,[9 1],41,120,122,79,120
1,<environment.Job instance at 0x7f490b2ccf00>,41,2,[6 2],42,122,124,80,120
1,<environment.Job instance at 0x7f490b6b32d0>,43,2,[2 7],44,130,132,86,130
1,<environment.Job instance at 0x7f490b688870>,44,1,[9 2],45,130,131,85,130
1,<environment.Job instance at 0x7f490b6885f0>,45,3,[9 1],46,131,134,85,130
1,<environment.Job instance at 0x7f490b1a0140>,38,3,[11  1],39,139,142,100,139
1,<environment.Job instance at 0x7f4955b1d550>,47,22,[6 1],48,142,164,94,139
1,<environment.Job instance at 0x7f4950e6dcd0>,52,2,[8 2],53,158,160,105,158
1,<environment.Job instance at 0x7f49562ca370>,53,2,[8 1],54,160,162,106,158
1,<environment.Job instance at 0x7f49562ca190>,54,1,[ 3 10],55,162,163,107,158
1,<environment.Job instance at 0x7f4955772fa0>,62,19,[8 3],63,199,218,136,199
1,<environment.Job instance at 0x7f490b2cfd20>,65,1,[7 1],66,217,218,151,217
1,<environment.Job instance at 0x7f490b2cfeb0>,66,23,[5 5],67,218,241,151,217
1,<environment.Job instance at 0x7f490b2cf9b0>,69,25,[7 3],70,223,248,153,223
1,<environment.Job instance at 0x7f490b2cf280>,70,1,[12  5],71,248,249,177,228
1,<environment.Job instance at 0x7f490b180af0>,80,2,[8 5],81,258,260,177,258
1,<environment.Job instance at 0x7f490b180f50>,81,3,[ 3 11],82,269,272,187,269
1,<environment.Job instance at 0x7f490b180820>,83,3,[1 6],84,272,275,188,272
1,<environment.Job instance at 0x7f490b180c30>,86,1,[ 3 10],87,276,277,189,276
1,<environment.Job instance at 0x7f490b369be0>,91,1,[4 7],92,308,309,216,308
1,<environment.Job instance at 0x7f490b3697d0>,92,19,[6 2],93,308,327,215,308
1,<environment.Job instance at 0x7f490b3690a0>,93,3,[1 8],94,309,312,215,308
1,<environment.Job instance at 0x7f490b369a00>,94,1,[1 7],95,312,313,217,308
1,<environment.Job instance at 0x7f490b369820>,95,3,[14  4],96,327,330,231,314
1,<environment.Job instance at 0x7f4950caa6e0>,101,2,[11  4],102,364,366,262,364
1,<environment.Job instance at 0x7f4950caa9b0>,102,2,[6 3],103,366,368,263,364
1,<environment.Job instance at 0x7f4950caa5a0>,105,3,[3 9],106,384,387,278,384
1,<environment.Job instance at 0x7f490b2f0370>,108,22,[ 1 13],109,405,427,296,405
1,<environment.Job instance at 0x7f49511ccd70>,117,1,[9 1],118,441,442,323,441
1,<environment.Job instance at 0x7f49511cccd0>,118,2,[11  2],119,449,451,330,449
1,<environment.Job instance at 0x7f4956000780>,4,22,[5 8],5,5,27,0,5
1,<environment.Job instance at 0x7f490b658820>,20,2,[ 4 14],21,31,33,10,31
1,<environment.Job instance at 0x7f495109b640>,22,2,[1 5],23,33,35,10,32
1,<environment.Job instance at 0x7f490b2e35f0>,27,2,[9 1],28,42,44,14,42
1,<environment.Job instance at 0x7f490b4070f0>,28,2,[ 2 10],29,42,44,13,42
1,<environment.Job instance at 0x7f49512c9370>,19,18,[1 9],20,45,63,25,45
1,<environment.Job instance at 0x7f495104c690>,32,1,[3 9],33,63,64,30,58
1,<environment.Job instance at 0x7f4955d11280>,35,1,[5 6],36,74,75,38,74
1,<environment.Job instance at 0x7f49510ed5f0>,37,3,[9 4],38,88,91,50,88
1,<environment.Job instance at 0x7f49512830a0>,38,3,[6 3],39,88,91,49,88
1,<environment.Job instance at 0x7f495614a370>,39,2,[10  3],40,91,93,51,88
1,<environment.Job instance at 0x7f490b415140>,45,20,[10  3],46,104,124,58,104
1,<environment.Job instance at 0x7f490b4158c0>,48,1,[9 5],49,124,125,75,116
1,<environment.Job instance at 0x7f490b4150f0>,49,1,[7 3],50,125,126,75,116
1,<environment.Job instance at 0x7f490b415050>,50,2,[9 4],51,126,128,75,116
1,<environment.Job instance at 0x7f490b415550>,51,1,[3 8],52,116,117,64,116
1,<environment.Job instance at 0x7f490b415a50>,53,3,[9 5],54,128,131,74,124
1,<environment.Job instance at 0x7f490b415be0>,56,2,[ 5 12],57,138,140,81,138
1,<environment.Job instance at 0x7f490b415730>,57,23,[6 1],58,138,161,80,138
1,<environment.Job instance at 0x7f490b4156e0>,58,3,[9 2],59,140,143,81,138
1,<environment.Job instance at 0x7f490b415d70>,59,2,[4 5],60,143,145,83,138
1,<environment.Job instance at 0x7f4950e8a730>,60,1,[10  3],61,161,162,100,138
1,<environment.Job instance at 0x7f495105c2d0>,64,2,[9 2],65,145,147,80,138
1,<environment.Job instance at 0x7f49556a4a00>,70,25,[9 4],71,174,199,103,174
1,<environment.Job instance at 0x7f49556a4dc0>,74,28,[ 5 10],75,189,217,114,189
1,<environment.Job instance at 0x7f4951039e60>,75,1,[ 1 10],76,217,218,141,189
1,<environment.Job instance at 0x7f490b2650f0>,77,27,[2 9],78,218,245,140,216
1,<environment.Job instance at 0x7f490b265690>,78,26,[4 9],79,245,271,166,242
1,<environment.Job instance at 0x7f490b265820>,79,1,[10  5],80,242,243,162,242
1,<environment.Job instance at 0x7f4955c14a50>,88,19,[2 7],89,271,290,182,261
1,<environment.Job instance at 0x7f4955c14fa0>,91,2,[6 2],92,263,265,171,263
1,<environment.Job instance at 0x7f490b5d2d20>,92,22,[5 4],93,263,285,170,263
1,<environment.Job instance at 0x7f4955e13500>,97,3,[3 7],98,285,288,187,271
1,<environment.Job instance at 0x7f490b59ee10>,104,2,[9 5],105,310,312,205,310
1,<environment.Job instance at 0x7f490b59e1e0>,107,26,[10  5],108,318,344,210,318
1,<environment.Job instance at 0x7f490b59e0a0>,108,2,[7 5],109,344,346,235,318
1,<environment.Job instance at 0x7f490b59ea50>,112,3,[1 7],113,351,354,238,351
1,<environment.Job instance at 0x7f490b46f5a0>,114,19,[2 5],115,351,370,236,351
1,<environment.Job instance at 0x7f490b46f780>,117,1,[3 8],118,365,366,247,365
1,<environment.Job instance at 0x7f49510b9f00>,3,23,[1 7],4,4,27,0,4
1,<environment.Job instance at 0x7f490b2e3af0>,4,22,[1 8],5,5,27,0,5
1,<environment.Job instance at 0x7f490b6263c0>,12,26,[1 5],13,27,53,14,24
1,<environment.Job instance at 0x7f4950e09c30>,11,3,[1 8],12,27,30,15,24
1,<environment.Job instance at 0x7f490b626d20>,19,2,[3 9],20,30,32,10,26
1,<environment.Job instance at 0x7f490b7dd4b0>,22,22,[5 3],23,38,60,15,38
1,<environment.Job instance at 0x7f490b7dd6e0>,23,1,[8 4],24,38,39,14,38
1,<environment.Job instance at 0x7f490b7dd2d0>,25,1,[8 5],26,46,47,20,46
1,<environment.Job instance at 0x7f490b7ddf00>,26,3,[2 5],27,47,50,20,46
1,<environment.Job instance at 0x7f490b7dde10>,27,24,[2 8],28,53,77,25,48
1,<environment.Job instance at 0x7f490b7ddf50>,28,2,[5 7],29,50,52,21,49
1,<environment.Job instance at 0x7f490b7dd730>,33,26,[1 8],34,77,103,43,74
1,<environment.Job instance at 0x7f4955621c80>,36,18,[7 1],37,85,103,48,85
1,<environment.Job instance at 0x7f4950ce8d20>,41,23,[9 4],42,103,126,61,101
1,<environment.Job instance at 0x7f4950ce8690>,47,1,[ 1 10],48,118,119,70,118
1,<environment.Job instance at 0x7f490b602730>,49,1,[6 4],50,124,125,74,124
1,<environment.Job instance at 0x7f490b602640>,54,3,[3 9],55,131,134,76,131
1,<environment.Job instance at 0x7f490b6029b0>,55,2,[10  1],56,131,133,75,131
1,<environment.Job instance at 0x7f490b602870>,56,3,[ 1 10],57,134,137,77,132
1,<environment.Job instance at 0x7f490b602be0>,58,3,[5 9],59,141,144,82,141
1,<environment.Job instance at 0x7f490b602c80>,59,1,[10  2],60,141,142,81,141
1,<environment.Job instance at 0x7f490b602c30>,61,2,[4 9],62,149,151,87,149
1,<environment.Job instance at 0x7f490b5fb050>,65,3,[3 8],66,161,164,95,161
1,<environment.Job instance at 0x7f490b5fb410>,68,1,[8 3],69,174,175,105,174
1,<environment.Job instance at 0x7f490b5fb5a0>,71,2,[5 4],72,188,190,116,188
1,<environment.Job instance at 0x7f490b5fb820>,73,3,[ 2 10],74,198,201,124,198
1,<environment.Job instance at 0x7f490b5fb870>,76,2,[ 2 10],77,213,215,136,213
1,<environment.Job instance at 0x7f490b5fbaa0>,79,3,[10  4],80,226,229,146,226
1,<environment.Job instance at 0x7f490b5fb730>,80,14,[3 5],81,226,240,145,226
1,<environment.Job instance at 0x7f490b5fbe60>,81,3,[13  1],82,240,243,158,226
1,<environment.Job instance at 0x7f490b5fbeb0>,82,3,[3 7],83,229,232,146,226
1,<environment.Job instance at 0x7f490b5fbf50>,83,3,[5 4],84,232,235,148,226
1,<environment.Job instance at 0x7f490b6171e0>,87,1,[ 5 10],88,283,284,195,283
1,<environment.Job instance at 0x7f490b617460>,89,2,[1 9],90,284,286,194,284
1,<environment.Job instance at 0x7f490b617410>,91,2,[10  4],92,293,295,201,293
1,<environment.Job instance at 0x7f490b617820>,95,1,[ 3 12],96,330,331,234,330
1,<environment.Job instance at 0x7f490b617280>,98,3,[ 5 12],99,336,339,237,336
1,<environment.Job instance at 0x7f490b617a50>,100,2,[5 4],101,339,341,238,336
1,<environment.Job instance at 0x7f490b617f00>,105,22,[5 2],106,368,390,262,368
1,<environment.Job instance at 0x7f490b617b90>,106,1,[11  1],107,390,391,283,368
1,<environment.Job instance at 0x7f490b617c80>,107,2,[2 6],108,368,370,260,368
1,<environment.Job instance at 0x7f4950e09190>,0,2,[1 9],1,2,4,1,2
1,<environment.Job instance at 0x7f490b7b74b0>,6,1,[7 1],7,7,8,0,7
1,<environment.Job instance at 0x7f490b656e10>,10,24,[10  5],11,11,35,0,11
1,<environment.Job instance at 0x7f490b6562d0>,11,3,[ 4 12],12,39,42,27,39
1,<environment.Job instance at 0x7f490b656f50>,18,27,[5 1],19,54,81,35,54
1,<environment.Job instance at 0x7f490b656500>,20,1,[2 7],21,63,64,42,63
1,<environment.Job instance at 0x7f490b5bacd0>,21,2,[ 1 10],22,64,66,42,63
1,<environment.Job instance at 0x7f490b5ba2d0>,22,3,[2 6],23,66,69,43,63
1,<environment.Job instance at 0x7f490b5ba870>,24,2,[10  3],25,69,71,44,63
1,<environment.Job instance at 0x7f490b5ba5f0>,25,1,[5 2],26,63,64,37,63
1,<environment.Job instance at 0x7f490b5bac30>,27,2,[5 5],28,78,80,50,78
1,<environment.Job instance at 0x7f490b5ba960>,28,27,[1 7],29,78,105,49,78
1,<environment.Job instance at 0x7f490b6e9af0>,30,3,[5 7],31,88,91,57,88
1,<environment.Job instance at 0x7f4950e8aaa0>,32,3,[1 5],33,91,94,58,88
1,<environment.Job instance at 0x7f4950e8a5a0>,33,2,[5 6],34,94,96,60,88
1,<environment.Job instance at 0x7f4950e8acd0>,34,1,[2 5],35,96,97,61,88
1,<environment.Job instance at 0x7f4950e8af00>,36,1,[14  4],37,98,99,61,98
1,<environment.Job instance at 0x7f4955c2eb40>,2,1,[ 3 10],3,4,5,1,4
1,<environment.Job instance at 0x7f490b46ff50>,1,3,[ 3 11],2,12,15,10,12
1,<environment.Job instance at 0x7f4955f93eb0>,13,3,[6 1],14,14,17,0,14
1,<environment.Job instance at 0x7f490b6e9690>,14,26,[10  2],15,17,43,2,15
1,<environment.Job instance at 0x7f490afd8c30>,22,20,[5 2],23,25,45,2,25
1,<environment.Job instance at 0x7f4951097e10>,36,20,[4 9],37,49,69,12,49
1,<environment.Job instance at 0x7f4951097e60>,41,2,[ 2 13],42,69,71,27,69
1,<environment.Job instance at 0x7f4950fc4050>,43,21,[5 7],44,71,92,27,69
1,<environment.Job instance at 0x7f4950fc45f0>,48,2,[12  1],49,92,94,43,82
1,<environment.Job instance at 0x7f4950fc43c0>,49,27,[ 5 11],50,94,121,44,92
1,<environment.Job instance at 0x7f4950fc4a00>,53,25,[9 3],54,104,129,50,104
1,<environment.Job instance at 0x7f4950fc4fa0>,56,19,[9 4],57,129,148,72,119
1,<environment.Job instance at 0x7f4950f3fa50>,59,2,[5 9],60,129,131,69,129
1,<environment.Job instance at 0x7f4950f3f230>,60,26,[9 4],61,148,174,87,145
1,<environment.Job instance at 0x7f4950f3ff00>,67,1,[6 4],68,163,164,95,163
1,<environment.Job instance at 0x7f4950f3f0a0>,68,24,[8 3],69,174,198,105,169
1,<environment.Job instance at 0x7f4955792c80>,73,2,[1 5],74,174,176,100,174
1,<environment.Job instance at 0x7f4955792820>,76,3,[4 5],77,187,190,110,187
1,<environment.Job instance at 0x7f495106d960>,78,2,[6 4],79,196,198,117,196
1,<environment.Job instance at 0x7f495106daa0>,79,19,[2 9],80,198,217,118,196
1,<environment.Job instance at 0x7f495106d820>,80,22,[1 9],81,217,239,136,210
1,<environment.Job instance at 0x7f495106d2d0>,88,2,[ 4 12],89,239,241,150,233
1,<environment.Job instance at 0x7f4951306640>,93,26,[2 9],94,241,267,147,238
1,<environment.Job instance at 0x7f490b3adb90>,0,1,[4 9],1,2,3,1,2
1,<environment.Job instance at 0x7f4955bd6320>,9,23,[5 5],10,10,33,0,10
1,<environment.Job instance at 0x7f4950e09dc0>,8,2,[1 6],9,12,14,3,12
1,<environment.Job instance at 0x7f490b4959b0>,15,24,[7 5],16,19,43,3,19
1,<environment.Job instance at 0x7f490b495e10>,17,3,[ 2 13],18,43,46,25,32
1,<environment.Job instance at 0x7f4950c89640>,18,2,[5 5],19,33,35,14,32
1,<environment.Job instance at 0x7f490b1eba50>,21,2,[4 8],22,35,37,13,32
1,<environment.Job instance at 0x7f4950c89b90>,25,2,[7 1],26,39,41,13,39
1,<environment.Job instance at 0x7f490b110370>,28,3,[10  1],29,54,57,25,54
1,<environment.Job instance at 0x7f490b1f6d20>,30,1,[13  2],31,61,62,30,61
1,<environment.Job instance at 0x7f4950cf5230>,33,1,[ 2 13],34,77,78,43,77
1,<environment.Job instance at 0x7f49563b31e0>,34,2,[ 4 10],35,78,80,43,77
1,<environment.Job instance at 0x7f490ae71550>,35,19,[8 1],36,77,96,41,77
1,<environment.Job instance at 0x7f49557d75f0>,36,1,[ 4 11],37,80,81,43,77
1,<environment.Job instance at 0x7f495134b280>,38,3,[2 6],39,84,87,45,84
1,<environment.Job instance at 0x7f4955a3ae60>,41,23,[7 5],42,87,110,45,84
1,<environment.Job instance at 0x7f490b3f4910>,42,28,[8 2],43,96,124,53,95
1,<environment.Job instance at 0x7f49559810a0>,43,22,[5 4],44,110,132,66,103
1,<environment.Job instance at 0x7f4950c80d70>,64,26,[7 4],65,126,152,61,126
1,<environment.Job instance at 0x7f4950c590f0>,65,1,[12  3],66,152,153,86,129
1,<environment.Job instance at 0x7f4950c59190>,70,3,[8 4],71,138,141,67,138
1,<environment.Job instance at 0x7f4950eab6e0>,72,3,[9 3],73,153,156,80,148
1,<environment.Job instance at 0x7f4950eab190>,73,1,[10  5],74,156,157,82,148
1,<environment.Job instance at 0x7f490b0dc410>,75,3,[5 6],76,157,160,81,157
1,<environment.Job instance at 0x7f490b7cca00>,76,2,[3 5],77,157,159,80,157
1,<environment.Job instance at 0x7f490b6587d0>,79,2,[6 3],80,165,167,85,165
1,<environment.Job instance at 0x7f4950c93fa0>,53,18,[10  5],54,181,199,127,181
1,<environment.Job instance at 0x7f49557aef50>,83,1,[7 3],84,199,200,115,181
1,<environment.Job instance at 0x7f490b163140>,84,3,[3 7],85,181,184,96,181
1,<environment.Job instance at 0x7f495115fd70>,86,1,[3 9],87,187,188,100,187
1,<environment.Job instance at 0x7f4955afa8c0>,87,19,[4 7],88,188,207,100,187
1,<environment.Job instance at 0x7f4950c87780>,91,3,[2 8],92,201,204,109,201
1,<environment.Job instance at 0x7f4950c87140>,93,13,[5 1],94,206,219,112,206
1,<environment.Job instance at 0x7f4955c60050>,95,1,[5 7],96,214,215,118,214
1,<environment.Job instance at 0x7f4955767be0>,97,18,[7 1],98,216,234,118,216
1,<environment.Job instance at 0x7f4955767320>,100,2,[3 9],101,229,231,128,229
1,<environment.Job instance at 0x7f490b0e1410>,101,3,[1 7],102,231,234,129,230
1,<environment.Job instance at 0x7f490b0e18c0>,102,22,[6 2],103,231,253,128,230
1,<environment.Job instance at 0x7f490b0e1c30>,104,23,[6 5],105,246,269,141,246
1,<environment.Job instance at 0x7f49511f12d0>,105,1,[9 4],106,253,254,147,246
1,<environment.Job instance at 0x7f4950c9e190>,107,2,[5 8],108,254,256,146,248
1,<environment.Job instance at 0x7f490b0f3870>,109,3,[8 1],110,256,259,146,249
1,<environment.Job instance at 0x7f490b595a50>,113,21,[7 4],114,268,289,154,268
1,<environment.Job instance at 0x7f490b014b40>,0,26,[5 7],1,1,27,0,1
1,<environment.Job instance at 0x7f4950d74aa0>,4,20,[5 9],5,27,47,22,18
1,<environment.Job instance at 0x7f490b292f50>,6,1,[7 3],7,18,19,11,18
1,<environment.Job instance at 0x7f4950c84280>,9,27,[5 9],10,47,74,37,45
1,<environment.Job instance at 0x7f4950c847d0>,10,1,[8 1],11,45,46,34,45
1,<environment.Job instance at 0x7f4950c84dc0>,12,26,[ 1 10],13,74,100,61,71
1,<environment.Job instance at 0x7f490aec9230>,13,28,[3 5],14,71,99,57,71
1,<environment.Job instance at 0x7f490aec9f00>,16,2,[5 6],17,100,102,83,73
1,<environment.Job instance at 0x7f490afb3f00>,18,1,[9 2],19,99,100,80,73
1,<environment.Job instance at 0x7f490aec9320>,20,20,[5 8],21,100,120,79,91
1,<environment.Job instance at 0x7f490b0da320>,22,1,[9 4],23,102,103,79,91
1,<environment.Job instance at 0x7f4950ed4960>,23,2,[3 6],24,103,105,79,91
1,<environment.Job instance at 0x7f490b208be0>,30,21,[5 2],31,105,126,74,103
1,<environment.Job instance at 0x7f490b1870f0>,33,2,[9 4],34,120,122,86,115
1,<environment.Job instance at 0x7f4955c81410>,37,2,[8 3],38,129,131,91,129
1,<environment.Job instance at 0x7f495106f6e0>,39,3,[ 4 10],40,129,132,89,129
1,<environment.Job instance at 0x7f49512e6370>,42,1,[5 8],43,146,147,103,146
1,<environment.Job instance at 0x7f49512e6230>,43,1,[6 3],44,146,147,102,146
1,<environment.Job instance at 0x7f49512e6280>,44,3,[6 1],45,147,150,102,146
1,<environment.Job instance at 0x7f49512e65a0>,45,1,[10  4],46,150,151,104,146
1,<environment.Job instance at 0x7f49512e6f50>,47,3,[10  1],48,151,154,103,148
1,<environment.Job instance at 0x7f49512e6870>,49,1,[6 1],50,160,161,110,160
1,<environment.Job instance at 0x7f49512e6b90>,51,1,[6 1],52,161,162,109,161
1,<environment.Job instance at 0x7f49512e6af0>,52,2,[ 4 10],53,161,163,108,161
1,<environment.Job instance at 0x7f49512e6190>,53,2,[4 7],54,163,165,109,161
1,<environment.Job instance at 0x7f495577aa00>,55,23,[7 4],56,178,201,122,178
1,<environment.Job instance at 0x7f495577a640>,56,23,[5 6],57,178,201,121,178
1,<environment.Job instance at 0x7f4955a5aa50>,58,25,[ 5 10],59,201,226,142,197
1,<environment.Job instance at 0x7f4955a5a7d0>,64,1,[9 2],65,211,212,146,211
1,<environment.Job instance at 0x7f4951232be0>,66,2,[4 6],67,226,228,159,222
1,<environment.Job instance at 0x7f4955a5a910>,67,26,[ 2 10],68,228,254,160,225
1,<environment.Job instance at 0x7f490b5fcd20>,69,3,[2 9],70,254,257,184,228
1,<environment.Job instance at 0x7f490b5fc6e0>,72,2,[5 1],73,249,251,176,249
1,<environment.Job instance at 0x7f4950ba8320>,76,1,[5 8],77,282,283,205,282
1,<environment.Job instance at 0x7f495563d280>,77,3,[9 3],78,282,285,204,282
1,<environment.Job instance at 0x7f4950ba8b40>,79,1,[8 4],80,286,287,206,286
1,<environment.Job instance at 0x7f4955c14f50>,81,2,[1 9],82,287,289,205,287
1,<environment.Job instance at 0x7f4955c14370>,82,1,[7 2],83,287,288,204,287
1,<environment.Job instance at 0x7f490b7b4c30>,83,20,[5 2],84,287,307,203,287
1,<environment.Job instance at 0x7f4950dd50f0>,86,1,[6 2],87,323,324,236,323
1,<environment.Job instance at 0x7f4950dd53c0>,87,2,[ 5 11],88,323,325,235,323
1,<environment.Job instance at 0x7f490b0da7d0>,5,1,[ 3 14],6,13,14,7,13
1,<environment.Job instance at 0x7f495577abe0>,6,1,[1 9],7,14,15,7,13
1,<environment.Job instance at 0x7f4955f18460>,4,1,[ 1 11],5,15,16,10,13
1,<environment.Job instance at 0x7f490b014e10>,12,28,[5 1],13,13,41,0,13
1,<environment.Job instance at 0x7f4950f02fa0>,13,2,[1 9],14,16,18,2,14
1,<environment.Job instance at 0x7f4951039eb0>,17,1,[6 2],18,18,19,0,18
1,<environment.Job instance at 0x7f4951039fa0>,18,3,[1 7],19,19,22,0,19
1,<environment.Job instance at 0x7f4951039960>,22,1,[6 3],23,41,42,18,41
1,<environment.Job instance at 0x7f4951039140>,24,23,[2 9],25,41,64,16,41
1,<environment.Job instance at 0x7f49510390a0>,26,3,[14  4],27,64,67,37,43
1,<environment.Job instance at 0x7f4956139fa0>,28,2,[10  1],29,43,45,14,43
1,<environment.Job instance at 0x7f490ae999b0>,34,2,[6 1],35,80,82,45,80
1,<environment.Job instance at 0x7f490ae99190>,35,3,[7 2],36,81,84,45,81
1,<environment.Job instance at 0x7f490ae99780>,36,1,[10  5],37,84,85,47,81
1,<environment.Job instance at 0x7f490ae99370>,38,26,[2 5],39,81,107,42,81
1,<environment.Job instance at 0x7f490ae99640>,39,28,[4 8],40,85,113,45,84
1,<environment.Job instance at 0x7f490ae990f0>,40,28,[1 5],41,107,135,66,106
1,<environment.Job instance at 0x7f490aee83c0>,46,22,[7 4],47,113,135,66,106
1,<environment.Job instance at 0x7f490ae315f0>,47,28,[ 1 10],48,135,163,87,134
1,<environment.Job instance at 0x7f490ae31d20>,56,1,[10  4],57,140,141,83,140
1,<environment.Job instance at 0x7f490ae313c0>,59,1,[8 3],60,145,146,85,145
1,<environment.Job instance at 0x7f490ae316e0>,61,1,[9 1],62,146,147,84,145
1,<environment.Job instance at 0x7f490ae31910>,63,3,[9 5],64,157,160,93,157
1,<environment.Job instance at 0x7f490ae31050>,66,1,[5 1],67,172,173,105,172
1,<environment.Job instance at 0x7f490ae31960>,68,12,[3 8],69,173,185,104,173
1,<environment.Job instance at 0x7f490b73f410>,71,2,[5 2],72,186,188,114,186
1,<environment.Job instance at 0x7f490b73f960>,76,20,[10  4],77,200,220,123,200
1,<environment.Job instance at 0x7f490b73fc80>,77,2,[10  1],78,220,222,142,200
1,<environment.Job instance at 0x7f490b73f1e0>,78,1,[2 8],79,200,201,121,200
1,<environment.Job instance at 0x7f490b73fa00>,80,1,[ 2 10],81,201,202,120,200
1,<environment.Job instance at 0x7f490b73fc30>,83,2,[1 9],84,202,204,118,201
1,<environment.Job instance at 0x7f490b73f280>,86,1,[10  4],87,222,223,135,219
1,<environment.Job instance at 0x7f490adc4d70>,87,2,[7 3],88,223,225,135,219
1,<environment.Job instance at 0x7f490adc4640>,89,2,[5 5],90,219,221,129,219
1,<environment.Job instance at 0x7f490adc46e0>,93,24,[9 2],94,236,260,142,236
1,<environment.Job instance at 0x7f490adc49b0>,98,2,[ 2 10],99,243,245,144,243
1,<environment.Job instance at 0x7f490adc4dc0>,101,24,[2 6],102,257,281,155,257
1,<environment.Job instance at 0x7f490adc4cd0>,105,3,[1 5],106,270,273,164,270
1,<environment.Job instance at 0x7f490adc4550>,107,3,[3 5],108,285,288,177,285
1,<environment.Job instance at 0x7f490ae0daa0>,108,3,[6 4],109,288,291,179,288
1,<environment.Job instance at 0x7f490ae0d460>,112,1,[2 8],113,294,295,181,294
1,<environment.Job instance at 0x7f490ae0daf0>,113,21,[5 4],114,294,315,180,294
1,<environment.Job instance at 0x7f490ae0d6e0>,117,2,[10  5],118,318,320,200,318
1,<environment.Job instance at 0x7f4950f85eb0>,3,1,[ 4 10],4,4,5,0,4
1,<environment.Job instance at 0x7f4951180640>,4,24,[5 8],5,5,29,0,5
1,<environment.Job instance at 0x7f495135a280>,6,24,[10  2],7,7,31,0,7
1,<environment.Job instance at 0x7f4951362960>,16,23,[9 5],17,31,54,14,25
1,<environment.Job instance at 0x7f495135a460>,10,2,[14  3],11,54,56,43,29
1,<environment.Job instance at 0x7f490b672960>,24,1,[3 8],25,37,38,12,37
1,<environment.Job instance at 0x7f4951140d70>,27,3,[8 5],28,56,59,28,42
1,<environment.Job instance at 0x7f490b6485f0>,28,3,[9 3],29,59,62,30,42
1,<environment.Job instance at 0x7f4951135d20>,29,1,[13  5],30,62,63,32,42
1,<environment.Job instance at 0x7f495133a190>,30,1,[4 5],31,42,43,11,42
1,<environment.Job instance at 0x7f495133a820>,31,2,[4 7],32,43,45,11,42
1,<environment.Job instance at 0x7f495133a780>,33,27,[5 6],34,63,90,29,61
1,<environment.Job instance at 0x7f490b65d2d0>,37,2,[4 9],38,63,65,25,61
1,<environment.Job instance at 0x7f490b6b4050>,38,25,[11  1],39,90,115,51,86
1,<environment.Job instance at 0x7f490b6a9dc0>,44,27,[3 8],45,86,113,41,86
1,<environment.Job instance at 0x7f490b67cbe0>,53,18,[1 8],54,125,143,71,125
1,<environment.Job instance at 0x7f490b67ce60>,55,27,[4 6],56,130,157,74,130
1,<environment.Job instance at 0x7f49511a38c0>,57,1,[1 7],58,143,144,85,140
1,<environment.Job instance at 0x7f490b025730>,61,2,[5 3],62,161,163,99,161
1,<environment.Job instance at 0x7f490b035fa0>,62,1,[5 5],63,161,162,98,161
1,<environment.Job instance at 0x7f490b035690>,64,2,[9 3],65,169,171,104,169
1,<environment.Job instance at 0x7f490b035820>,65,3,[2 6],66,169,172,103,169
1,<environment.Job instance at 0x7f490b035b90>,68,1,[10  4],69,172,173,103,172
1,<environment.Job instance at 0x7f490b035050>,74,28,[4 7],75,207,235,132,207
1,<environment.Job instance at 0x7f490b01c690>,76,2,[9 4],77,221,223,144,221
1,<environment.Job instance at 0x7f490b0236e0>,80,24,[9 4],81,238,262,157,238
1,<environment.Job instance at 0x7f490b0234b0>,83,2,[12  3],84,262,264,178,258
1,<environment.Job instance at 0x7f490b00d6e0>,92,1,[7 3],93,313,314,220,313
1,<environment.Job instance at 0x7f490b00d9b0>,99,3,[5 2],100,372,375,272,372
1,<environment.Job instance at 0x7f490affb410>,100,1,[6 3],101,372,373,271,372
1,<environment.Job instance at 0x7f490affb7d0>,101,2,[ 3 10],102,372,374,270,372
1,<environment.Job instance at 0x7f490affb730>,102,2,[6 4],103,374,376,271,372
1,<environment.Job instance at 0x7f490affbf00>,105,2,[9 3],106,394,396,288,394
1,<environment.Job instance at 0x7f490b12f500>,107,22,[10  4],108,408,430,300,408
1,<environment.Job instance at 0x7f490b2371e0>,108,21,[7 1],109,430,451,321,422
1,<environment.Job instance at 0x7f490b02d140>,112,21,[5 3],113,423,444,310,423
1,<environment.Job instance at 0x7f490b657410>,118,3,[14  4],119,451,454,332,450
1,<environment.Job instance at 0x7f490b06dcd0>,6,21,[10  2],7,7,28,0,7
1,<environment.Job instance at 0x7f490adc42d0>,20,25,[ 4 10],21,25,50,4,25
1,<environment.Job instance at 0x7f4955f18550>,21,22,[9 1],22,31,53,9,31
1,<environment.Job instance at 0x7f490b36b140>,26,18,[10  3],27,55,73,28,55
1,<environment.Job instance at 0x7f490b36b820>,27,19,[ 2 10],28,57,76,29,57
1,<environment.Job instance at 0x7f4950bc96e0>,32,1,[3 7],33,76,77,43,68
1,<environment.Job instance at 0x7f4955b40500>,35,1,[8 4],36,80,81,44,80
1,<environment.Job instance at 0x7f4950dfa5f0>,36,2,[5 2],37,80,82,43,80
1,<environment.Job instance at 0x7f4951045af0>,42,2,[5 5],43,108,110,65,108
1,<environment.Job instance at 0x7f4955a1ca50>,43,1,[3 5],44,108,109,64,108
1,<environment.Job instance at 0x7f4955767fa0>,44,2,[6 5],45,108,110,63,108
1,<environment.Job instance at 0x7f4955a1c7d0>,45,1,[ 4 10],46,110,111,64,108
1,<environment.Job instance at 0x7f490b47ee60>,47,3,[1 7],48,119,122,71,119
1,<environment.Job instance at 0x7f4950ce85a0>,48,2,[3 7],49,119,121,70,119
1,<environment.Job instance at 0x7f4950ce89b0>,49,28,[4 8],50,121,149,71,120
1,<environment.Job instance at 0x7f4950df8820>,52,3,[5 5],53,125,128,72,125
1,<environment.Job instance at 0x7f4950df8e60>,53,3,[ 3 10],54,149,152,95,125
1,<environment.Job instance at 0x7f4950df8730>,54,1,[10  2],55,128,129,73,125
1,<environment.Job instance at 0x7f4950df8dc0>,56,2,[4 9],57,152,154,95,137
1,<environment.Job instance at 0x7f4951167a50>,57,2,[9 2],58,137,139,79,137
1,<environment.Job instance at 0x7f4951167780>,60,1,[6 1],61,139,140,78,138
1,<environment.Job instance at 0x7f4951167c80>,62,1,[1 5],63,149,150,86,149
1,<environment.Job instance at 0x7f4951167c30>,63,1,[7 1],64,150,151,86,149
1,<environment.Job instance at 0x7f4951045820>,3,19,[3 9],4,4,23,0,4
1,<environment.Job instance at 0x7f490ae9a780>,0,1,[13  1],1,23,24,22,4
1,<environment.Job instance at 0x7f490b7990f0>,11,20,[10  2],12,24,44,12,15
1,<environment.Job instance at 0x7f490b7995a0>,19,1,[10  2],20,44,45,24,33
1,<environment.Job instance at 0x7f490b44b230>,22,1,[1 9],23,36,37,13,36
1,<environment.Job instance at 0x7f490b799b40>,18,3,[13  1],19,45,48,26,45
1,<environment.Job instance at 0x7f490b44bb90>,26,2,[10  3],27,48,50,21,45
1,<environment.Job instance at 0x7f490b44bcd0>,27,20,[1 5],28,45,65,17,45
1,<environment.Job instance at 0x7f490b784d20>,28,27,[6 3],29,50,77,21,48
1,<environment.Job instance at 0x7f490b7841e0>,29,27,[3 5],30,48,75,18,48
1,<environment.Job instance at 0x7f490b7840a0>,32,2,[12  2],33,77,79,44,56
1,<environment.Job instance at 0x7f490b7846e0>,35,1,[9 5],36,75,76,39,65
1,<environment.Job instance at 0x7f490b7849b0>,36,2,[4 7],37,65,67,28,65
1,<environment.Job instance at 0x7f490b799aa0>,17,18,[1 8],18,76,94,58,76
1,<environment.Job instance at 0x7f490b784f00>,38,1,[ 2 10],39,94,95,55,76
1,<environment.Job instance at 0x7f490b7847d0>,40,23,[5 8],41,95,118,54,89
1,<environment.Job instance at 0x7f490b784a50>,43,1,[ 4 10],44,118,119,74,90
1,<environment.Job instance at 0x7f490b7844b0>,45,1,[7 2],46,93,94,47,93
1,<environment.Job instance at 0x7f490b6151e0>,53,1,[6 1],54,139,140,85,139
1,<environment.Job instance at 0x7f490b615e60>,54,3,[6 2],55,140,143,85,140
1,<environment.Job instance at 0x7f490b615aa0>,55,2,[1 9],56,140,142,84,140
1,<environment.Job instance at 0x7f490b615a50>,57,2,[ 1 10],58,151,153,93,151
1,<environment.Job instance at 0x7f490ae22a50>,58,1,[7 4],59,151,152,92,151
1,<environment.Job instance at 0x7f490b615190>,59,1,[2 5],60,152,153,92,151
1,<environment.Job instance at 0x7f490ae22370>,63,3,[6 1],64,154,157,90,154
1,<environment.Job instance at 0x7f490ae22730>,66,3,[9 5],67,168,171,101,168
1,<environment.Job instance at 0x7f490ae22b40>,68,28,[9 5],69,184,212,115,184
1,<environment.Job instance at 0x7f490ae22fa0>,70,1,[11  1],71,212,213,141,184
1,<environment.Job instance at 0x7f490aeeb0f0>,72,2,[1 8],73,185,187,112,185
1,<environment.Job instance at 0x7f490aeeb730>,76,22,[4 9],77,190,212,113,190
1,<environment.Job instance at 0x7f490aeeb280>,80,1,[2 9],81,212,213,131,202
1,<environment.Job instance at 0x7f490aeeb820>,81,1,[7 3],82,213,214,131,202
1,<environment.Job instance at 0x7f490aeebeb0>,83,1,[2 6],84,216,217,132,216
1,<environment.Job instance at 0x7f4950e772d0>,87,1,[ 2 12],88,219,220,131,219
1,<environment.Job instance at 0x7f4950e77eb0>,88,1,[5 8],89,220,221,131,219
1,<environment.Job instance at 0x7f4950e77960>,89,3,[ 2 10],90,221,224,131,220
1,<environment.Job instance at 0x7f4950e77d20>,94,1,[8 1],95,249,250,154,249
1,<environment.Job instance at 0x7f4950e77410>,95,1,[10  4],96,250,251,154,249
1,<environment.Job instance at 0x7f4950e77910>,99,2,[7 1],100,270,272,170,270
1,<environment.Job instance at 0x7f4950e77690>,101,23,[9 2],102,279,302,177,279
1,<environment.Job instance at 0x7f4950e77e60>,102,1,[ 3 10],103,279,280,176,279
1,<environment.Job instance at 0x7f4950e77820>,104,2,[2 5],105,285,287,180,285
1,<environment.Job instance at 0x7f4950c89640>,105,25,[ 2 11],106,287,312,181,285
1,<environment.Job instance at 0x7f4955ca4960>,2,22,[ 4 11],3,3,25,0,3
1,<environment.Job instance at 0x7f4955735e60>,11,2,[5 5],12,25,27,13,12
1,<environment.Job instance at 0x7f4955735960>,13,3,[ 3 14],14,27,30,13,15
1,<environment.Job instance at 0x7f4950c89d20>,14,22,[7 4],15,30,52,15,23
1,<environment.Job instance at 0x7f4955735280>,20,20,[ 3 10],21,35,55,14,35
1,<environment.Job instance at 0x7f490b38e2d0>,23,3,[9 3],24,52,55,28,48
1,<environment.Job instance at 0x7f490b38e230>,26,2,[1 9],27,55,57,28,50
1,<environment.Job instance at 0x7f490b38e6e0>,28,2,[10  3],29,59,61,30,59
1,<environment.Job instance at 0x7f490b38e730>,30,1,[6 3],31,69,70,38,69
1,<environment.Job instance at 0x7f490b38e8c0>,31,1,[6 5],32,69,70,37,69
1,<environment.Job instance at 0x7f490b38e820>,33,1,[3 8],34,70,71,36,70
1,<environment.Job instance at 0x7f490b38e410>,34,1,[10  1],35,70,71,35,70
1,<environment.Job instance at 0x7f490af4ae10>,35,3,[5 5],36,71,74,35,70
1,<environment.Job instance at 0x7f490af4a960>,37,1,[12  4],38,74,75,36,74
1,<environment.Job instance at 0x7f490af4ad20>,40,1,[10  2],41,89,90,48,89
1,<environment.Job instance at 0x7f67fba30370>,1,22,[11  3],2,2,24,0,2
1,<environment.Job instance at 0x7f67fba300f0>,2,22,[4 8],3,3,25,0,3
1,<environment.Job instance at 0x7f67f4621aa0>,12,26,[ 1 10],13,25,51,12,22
1,<environment.Job instance at 0x7f67f4621e60>,20,1,[7 5],21,33,34,12,33
1,<environment.Job instance at 0x7f67f4624230>,21,1,[6 5],22,34,35,12,33
1,<environment.Job instance at 0x7f67f4624410>,22,1,[2 7],23,51,52,28,33
1,<environment.Job instance at 0x7f67f46240a0>,23,27,[1 6],24,51,78,27,49
1,<environment.Job instance at 0x7f67f4624690>,28,23,[10  4],29,52,75,23,51
1,<environment.Job instance at 0x7f67f4624fa0>,34,24,[1 8],35,75,99,40,70
1,<environment.Job instance at 0x7f67f4625140>,37,2,[2 6],38,78,80,40,77
1,<environment.Job instance at 0x7f67f46251e0>,38,2,[ 1 10],39,99,101,60,77
1,<environment.Job instance at 0x7f67f4625280>,39,2,[5 6],40,80,82,40,77
1,<environment.Job instance at 0x7f67f46253c0>,41,1,[5 2],42,82,83,40,82
1,<environment.Job instance at 0x7f67f4625460>,42,2,[4 6],43,83,85,40,82
1,<environment.Job instance at 0x7f67f4625780>,47,2,[6 5],48,109,111,61,109
1,<environment.Job instance at 0x7f67f4625dc0>,51,3,[1 5],52,125,128,73,125
1,<environment.Job instance at 0x7f67f4625d20>,52,1,[8 5],53,125,126,72,125
1,<environment.Job instance at 0x7f67f463bcd0>,6,1,[9 3],7,7,8,0,7
1,<environment.Job instance at 0x7f67f463bc30>,7,20,[9 2],8,8,28,0,8
1,<environment.Job instance at 0x7f67f463c190>,15,3,[ 4 13],16,38,41,22,38
1,<environment.Job instance at 0x7f67f463c0a0>,17,1,[ 1 14],18,41,42,23,38
1,<environment.Job instance at 0x7f67f463c6e0>,18,1,[4 6],19,42,43,23,38
1,<environment.Job instance at 0x7f67b0a20140>,23,3,[1 9],24,48,51,24,48
1,<environment.Job instance at 0x7f67f463cfa0>,25,1,[9 1],26,61,62,35,61
1,<environment.Job instance at 0x7f67b0a23b40>,26,1,[6 3],27,61,62,34,61
1,<environment.Job instance at 0x7f67b0a23140>,27,3,[4 5],28,62,65,34,61
1,<environment.Job instance at 0x7f67b0a237d0>,29,2,[4 9],30,62,64,32,62
1,<environment.Job instance at 0x7f67b0a23be0>,30,3,[13  3],31,65,68,34,63
1,<environment.Job instance at 0x7f67b0a233c0>,32,3,[3 7],33,77,80,44,77
1,<environment.Job instance at 0x7f67b0a23a00>,38,19,[6 4],39,92,111,53,92
1,<environment.Job instance at 0x7f67b0a25190>,42,1,[6 4],43,97,98,54,97
1,<environment.Job instance at 0x7f67b0a257d0>,44,19,[6 1],45,115,134,70,115
1,<environment.Job instance at 0x7f67b0a25730>,46,2,[11  5],47,134,136,87,116
1,<environment.Job instance at 0x7f67b0a25b90>,47,21,[ 3 10],48,116,137,68,116
1,<environment.Job instance at 0x7f67b0a25a50>,48,3,[14  4],49,137,140,88,136
1,<environment.Job instance at 0x7f67b0a1a820>,57,1,[2 9],58,140,141,82,136
1,<environment.Job instance at 0x7f67b0a1a140>,58,21,[9 4],59,140,161,81,136
1,<environment.Job instance at 0x7f67b0a1af00>,62,3,[10  2],63,164,167,101,164
1,<environment.Job instance at 0x7f67b0a39be0>,63,2,[8 3],64,167,169,103,164
1,<environment.Job instance at 0x7f67b0aa2dc0>,65,1,[6 2],66,167,168,101,166
1,<environment.Job instance at 0x7f67b0aa53c0>,67,1,[9 1],68,178,179,110,178
1,<environment.Job instance at 0x7f67f463d410>,9,18,[ 1 12],10,281,299,271,281
1,<environment.Job instance at 0x7f67b0b03dc0>,76,3,[2 8],77,299,302,222,294
1,<environment.Job instance at 0x7f67b0b5a140>,77,1,[2 8],78,302,303,224,294
1,<environment.Job instance at 0x7f67b0b5a7d0>,78,2,[13  1],79,294,296,215,294
1,<environment.Job instance at 0x7f67b0b03a00>,79,2,[10  4],80,299,301,219,294
1,<environment.Job instance at 0x7f67b0b03d20>,80,3,[5 6],81,301,304,220,294
1,<environment.Job instance at 0x7f67b0ae7140>,81,3,[13  5],82,304,307,222,296
1,<environment.Job instance at 0x7f67b0ae7500>,82,2,[ 1 12],83,307,309,224,303
1,<environment.Job instance at 0x7f67b0b10c80>,87,3,[1 5],88,309,312,221,309
1,<environment.Job instance at 0x7f67b0b10c30>,88,1,[10  5],89,309,310,220,309
1,<environment.Job instance at 0x7f67b0b10b40>,89,1,[ 2 10],90,310,311,220,309
1,<environment.Job instance at 0x7f67b0b108c0>,91,18,[2 8],92,316,334,224,316
1,<environment.Job instance at 0x7f67b0b7e320>,92,1,[ 4 13],93,334,335,241,316
1,<environment.Job instance at 0x7f67fbab8820>,0,25,[ 3 10],1,1,26,0,1
1,<environment.Job instance at 0x7f67b08df7d0>,13,23,[10  1],14,14,37,0,14
1,<environment.Job instance at 0x7f67b094bdc0>,16,28,[6 5],17,37,65,20,36
1,<environment.Job instance at 0x7f67b094b550>,19,2,[10  2],20,65,67,45,38
1,<environment.Job instance at 0x7f67b0881e60>,23,2,[7 3],24,38,40,14,38
1,<environment.Job instance at 0x7f67b09fc640>,26,1,[2 7],27,38,39,11,38
1,<environment.Job instance at 0x7f67fbb980f0>,29,28,[5 3],30,41,69,11,41
1,<environment.Job instance at 0x7f67f4ad4050>,34,2,[7 4],35,67,69,32,60
1,<environment.Job instance at 0x7f67b0958050>,36,1,[7 3],37,69,70,32,63
1,<environment.Job instance at 0x7f67b086bc80>,32,18,[8 2],33,69,87,36,69
1,<environment.Job instance at 0x7f67b08aee10>,38,1,[2 7],39,70,71,31,69
1,<environment.Job instance at 0x7f67b08be140>,41,3,[4 5],42,74,77,32,74
1,<environment.Job instance at 0x7f67b08be780>,42,25,[6 3],43,77,102,34,74
1,<environment.Job instance at 0x7f67b08bef50>,43,2,[5 1],44,87,89,43,74
1,<environment.Job instance at 0x7f67b0922e10>,46,2,[5 5],47,89,91,42,88
1,<environment.Job instance at 0x7f67f43dc820>,50,1,[ 1 10],51,106,107,55,106
1,<environment.Job instance at 0x7f67b08bf140>,52,1,[5 9],53,113,114,60,113
1,<environment.Job instance at 0x7f67b08bf7d0>,53,20,[2 6],54,113,133,59,113
1,<environment.Job instance at 0x7f67b08bfe60>,55,3,[5 2],56,122,125,66,122
1,<environment.Job instance at 0x7f67b08bffa0>,56,3,[ 5 10],57,133,136,76,122
1,<environment.Job instance at 0x7f67b08bff50>,57,1,[8 5],58,122,123,64,122
1,<environment.Job instance at 0x7f67b08c3f50>,58,2,[2 6],59,123,125,64,122
1,<environment.Job instance at 0x7f67b08c3cd0>,61,2,[1 7],62,128,130,66,128
1,<environment.Job instance at 0x7f67b08cde60>,62,3,[ 3 11],63,136,139,73,130
1,<environment.Job instance at 0x7f67b08cd550>,63,3,[2 5],64,130,133,66,130
1,<environment.Job instance at 0x7f67f4395910>,67,1,[9 3],68,151,152,83,151
1,<environment.Job instance at 0x7f67f4b4fc30>,70,24,[2 8],71,166,190,95,166
1,<environment.Job instance at 0x7f67b08cb870>,71,24,[9 1],72,166,190,94,166
1,<environment.Job instance at 0x7f67b08c85a0>,72,3,[7 1],73,190,193,117,166
1,<environment.Job instance at 0x7f67b08c8780>,73,24,[10  5],74,193,217,119,188
1,<environment.Job instance at 0x7f67f43930a0>,74,23,[10  2],75,217,240,142,211
1,<environment.Job instance at 0x7f67f446c3c0>,86,1,[2 6],87,242,243,155,242
1,<environment.Job instance at 0x7f67f48ee280>,5,2,[ 4 11],6,7,9,1,7
1,<environment.Job instance at 0x7f67fb0638c0>,8,1,[2 6],9,9,10,0,9
1,<environment.Job instance at 0x7f67fb45cbe0>,12,19,[8 2],13,13,32,0,13
1,<environment.Job instance at 0x7f67fb45c730>,13,2,[ 2 14],14,32,34,18,15
1,<environment.Job instance at 0x7f67fb730b40>,15,3,[2 5],16,16,19,0,16
1,<environment.Job instance at 0x7f67f469bc80>,16,2,[11  3],17,34,36,17,17
1,<environment.Job instance at 0x7f67f4730e10>,17,2,[12  2],18,36,38,18,18
1,<environment.Job instance at 0x7f67f472f550>,22,2,[12  5],23,38,40,15,30
1,<environment.Job instance at 0x7f67f4926370>,24,1,[14  4],25,40,41,15,36
1,<environment.Job instance at 0x7f67f4926f50>,27,2,[6 4],28,41,43,13,40
1,<environment.Job instance at 0x7f67f4a0b1e0>,34,2,[2 5],35,67,69,32,67
1,<environment.Job instance at 0x7f67f4a0b410>,36,1,[3 8],37,81,82,44,81
1,<environment.Job instance at 0x7f67fb3ff780>,38,1,[2 8],39,82,83,43,81
1,<environment.Job instance at 0x7f67f47cb5f0>,39,1,[ 3 10],40,83,84,43,81
1,<environment.Job instance at 0x7f67f4741b40>,42,1,[ 5 10],43,86,87,43,86
1,<environment.Job instance at 0x7f67f4741d20>,43,1,[ 5 12],44,87,88,43,86
1,<environment.Job instance at 0x7f67f4741d70>,44,21,[7 2],45,86,107,41,86
1,<environment.Job instance at 0x7f67f4657e10>,47,2,[10  4],48,107,109,59,96
1,<environment.Job instance at 0x7f67f478ff00>,54,3,[14  4],55,125,128,70,125
1,<environment.Job instance at 0x7f67f48a8190>,55,2,[5 5],56,128,130,72,125
1,<environment.Job instance at 0x7f67f48a81e0>,56,2,[13  4],57,130,132,73,125
1,<environment.Job instance at 0x7f67f48a8f50>,57,3,[3 5],58,132,135,74,125
1,<environment.Job instance at 0x7f67f4831c80>,50,18,[4 7],51,135,153,84,135
1,<environment.Job instance at 0x7f67fae29320>,59,27,[1 5],60,135,162,75,135
1,<environment.Job instance at 0x7f67fae29e60>,60,1,[5 1],61,135,136,74,135
1,<environment.Job instance at 0x7f67f4811230>,61,3,[9 3],62,136,139,74,135
1,<environment.Job instance at 0x7f67f48113c0>,62,3,[ 4 10],63,153,156,90,135
1,<environment.Job instance at 0x7f67f4811aa0>,64,3,[6 1],65,139,142,74,135
1,<environment.Job instance at 0x7f67f46f72d0>,67,19,[14  4],68,156,175,88,148
1,<environment.Job instance at 0x7f67fb377960>,73,2,[9 1],74,186,188,112,186
1,<environment.Job instance at 0x7f67f46d76e0>,76,25,[3 8],77,187,212,110,187
1,<environment.Job instance at 0x7f67f46d7230>,78,3,[ 5 14],79,214,217,135,214
1,<environment.Job instance at 0x7f67f46d7aa0>,79,27,[9 3],80,217,244,137,215
1,<environment.Job instance at 0x7f67f46d7370>,82,24,[ 3 10],83,217,241,134,215
1,<environment.Job instance at 0x7f67b0c01910>,7,22,[1 7],8,8,30,0,8
1,<environment.Job instance at 0x7f67b09a7190>,8,2,[5 7],9,9,11,0,9
1,<environment.Job instance at 0x7f67b09a7410>,12,1,[9 3],13,13,14,0,13
1,<environment.Job instance at 0x7f67faf5d4b0>,13,3,[ 3 14],14,30,33,16,14
1,<environment.Job instance at 0x7f67f4a1e140>,15,25,[6 3],16,33,58,17,29
1,<environment.Job instance at 0x7f67f4887820>,16,2,[5 1],17,29,31,12,29
1,<environment.Job instance at 0x7f67b0ee6960>,17,2,[4 5],18,33,35,15,29
1,<environment.Job instance at 0x7f67b0ee6e60>,20,2,[ 5 11],21,35,37,14,29
1,<environment.Job instance at 0x7f67faf26410>,24,1,[5 7],25,43,44,18,43
1,<environment.Job instance at 0x7f67faf26190>,26,2,[2 9],27,58,60,31,58
1,<environment.Job instance at 0x7f67faf26e10>,27,3,[7 1],28,58,61,30,58
1,<environment.Job instance at 0x7f67faf26730>,29,27,[ 5 10],30,60,87,30,59
1,<environment.Job instance at 0x7f67faf26d70>,31,22,[ 1 10],32,87,109,55,80
1,<environment.Job instance at 0x7f67faee17d0>,36,3,[8 2],37,83,86,46,83
1,<environment.Job instance at 0x7f67faee1b40>,38,20,[6 2],39,86,106,47,85
1,<environment.Job instance at 0x7f67f4a78b90>,58,21,[5 8],59,181,202,122,181
1,<environment.Job instance at 0x7f67f4a41b90>,61,28,[2 8],62,202,230,140,201
1,<environment.Job instance at 0x7f67f4a78690>,63,27,[9 3],64,207,234,143,207
1,<environment.Job instance at 0x7f67fb3c9370>,66,28,[1 7],67,230,258,163,229
1,<environment.Job instance at 0x7f67fb3c9640>,69,2,[ 4 11],70,258,260,188,232
1,<environment.Job instance at 0x7f67f449f0a0>,71,1,[10  2],72,234,235,162,232
1,<environment.Job instance at 0x7f67fb3ac1e0>,75,1,[8 2],76,249,250,173,249
1,<environment.Job instance at 0x7f67fb3acf00>,76,28,[9 2],77,250,278,173,249
1,<environment.Job instance at 0x7f67fb3c55a0>,84,2,[4 6],85,260,262,175,258
1,<environment.Job instance at 0x7f67b0c1e230>,87,3,[ 1 12],88,262,265,174,261
1,<environment.Job instance at 0x7f67fb3acdc0>,74,3,[11  1],75,282,285,207,282
1,<environment.Job instance at 0x7f67fb3b03c0>,91,1,[10  4],92,285,286,193,282
1,<environment.Job instance at 0x7f67fb3b2820>,96,23,[7 4],97,324,347,227,324
1,<environment.Job instance at 0x7f67fb3b2780>,97,1,[9 4],98,347,348,249,326
1,<environment.Job instance at 0x7f67b0f52a00>,1,19,[10  1],2,2,21,0,2
1,<environment.Job instance at 0x7f67faf86640>,6,25,[ 5 10],7,7,32,0,7
1,<environment.Job instance at 0x7f67f447d1e0>,17,17,[5 2],18,30,47,12,30
1,<environment.Job instance at 0x7f67f447d370>,21,2,[9 5],22,32,34,10,30
1,<environment.Job instance at 0x7f67f447db40>,26,2,[13  5],27,47,49,20,41
1,<environment.Job instance at 0x7f67f447d230>,27,1,[9 5],28,41,42,13,41
1,<environment.Job instance at 0x7f67f447d140>,29,13,[3 6],30,50,63,20,50
1,<environment.Job instance at 0x7f67f447dc80>,30,26,[6 3],31,50,76,19,50
1,<environment.Job instance at 0x7f67f45b8460>,33,2,[6 3],34,66,68,32,66
1,<environment.Job instance at 0x7f67f45b8960>,34,1,[9 4],35,68,69,33,66
1,<environment.Job instance at 0x7f67f45b8230>,35,23,[7 1],36,69,92,33,66
1,<environment.Job instance at 0x7f67f45b8500>,38,2,[8 5],39,76,78,37,72
1,<environment.Job instance at 0x7f67f45b8780>,40,3,[2 7],41,72,75,31,72
1,<environment.Job instance at 0x7f67b09c7e10>,48,1,[ 3 14],49,129,130,80,129
1,<environment.Job instance at 0x7f67b09c7410>,49,2,[5 6],50,130,132,80,129
1,<environment.Job instance at 0x7f67b09c7500>,50,1,[5 9],51,130,131,79,129
1,<environment.Job instance at 0x7f67b09c7460>,53,3,[9 2],54,131,134,77,130
1,<environment.Job instance at 0x7f67f4550690>,58,1,[8 4],59,154,155,95,154
1,<environment.Job instance at 0x7f67f4550a00>,59,3,[7 4],60,154,157,94,154
1,<environment.Job instance at 0x7f67f4550cd0>,60,2,[4 9],61,155,157,94,154
1,<environment.Job instance at 0x7f67f4550d20>,64,1,[1 9],65,208,209,143,208
1,<environment.Job instance at 0x7f67b0d6e5a0>,0,1,[4 8],1,2,3,1,2
1,<environment.Job instance at 0x7f67faee1dc0>,2,3,[5 2],3,3,6,0,3
1,<environment.Job instance at 0x7f67faefceb0>,3,2,[2 5],4,4,6,0,4
1,<environment.Job instance at 0x7f67fba5a2d0>,8,1,[ 3 12],9,9,10,0,9
1,<environment.Job instance at 0x7f67fb1d8e60>,10,2,[5 6],11,11,13,0,11
1,<environment.Job instance at 0x7f67fb1e7280>,14,20,[9 5],15,18,38,3,18
1,<environment.Job instance at 0x7f67f4aaa320>,18,2,[8 5],19,41,43,22,41
1,<environment.Job instance at 0x7f67f4aaab90>,20,2,[2 7],21,51,53,30,51
1,<environment.Job instance at 0x7f67fb5600a0>,22,3,[3 8],23,51,54,28,51
1,<environment.Job instance at 0x7f67fb569d20>,26,1,[5 7],27,70,71,43,70
1,<environment.Job instance at 0x7f67f4ac4190>,28,2,[7 3],29,72,74,43,72
1,<environment.Job instance at 0x7f67fb560b90>,29,1,[5 6],30,72,73,42,72
1,<environment.Job instance at 0x7f67f4ac5eb0>,36,2,[7 3],37,113,115,76,113
1,<environment.Job instance at 0x7f67fb0cfe10>,37,25,[9 4],38,115,140,77,113
1,<environment.Job instance at 0x7f67fb317dc0>,41,3,[ 4 12],42,140,143,98,133
1,<environment.Job instance at 0x7f67fb317910>,44,1,[8 1],45,140,141,95,136
1,<environment.Job instance at 0x7f67fae90050>,49,2,[9 5],50,164,166,114,164
1,<environment.Job instance at 0x7f67fb04baf0>,50,1,[8 5],51,166,167,115,164
1,<environment.Job instance at 0x7f67faef2370>,51,18,[9 3],52,168,186,116,168
1,<environment.Job instance at 0x7f67f470a7d0>,54,25,[7 4],55,186,211,131,182
1,<environment.Job instance at 0x7f67b0e77d70>,55,3,[1 6],56,182,185,126,182
1,<environment.Job instance at 0x7f67b0d69500>,56,22,[ 4 10],57,185,207,128,182
1,<environment.Job instance at 0x7f67f4935b90>,65,23,[8 2],66,215,238,149,215
1,<environment.Job instance at 0x7f67f4935870>,67,1,[8 3],68,238,239,170,225
1,<environment.Job instance at 0x7f67f4935230>,68,1,[ 1 10],69,225,226,156,225
1,<environment.Job instance at 0x7f67f49354b0>,69,2,[3 6],70,226,228,156,225
1,<environment.Job instance at 0x7f67b0a56500>,74,3,[8 2],75,259,262,184,259
1,<environment.Job instance at 0x7f67b0a56af0>,75,3,[11  2],76,262,265,186,259
1,<environment.Job instance at 0x7f67b0a56910>,76,3,[8 5],77,265,268,188,259
1,<environment.Job instance at 0x7f67b0ea08c0>,82,23,[7 1],83,291,314,208,291
1,<environment.Job instance at 0x7f67f46fcc30>,83,2,[2 8],84,291,293,207,291
1,<environment.Job instance at 0x7f67f46fc9b0>,85,3,[13  2],86,314,317,228,298
1,<environment.Job instance at 0x7f67f46c97d0>,86,1,[9 4],87,317,318,230,298
1,<environment.Job instance at 0x7f67f46c95f0>,87,3,[3 8],88,298,301,210,298
1,<environment.Job instance at 0x7f67b0a56e60>,88,1,[13  4],89,318,319,229,298
1,<environment.Job instance at 0x7f67b0d85d70>,7,2,[3 7],8,8,10,0,8
1,<environment.Job instance at 0x7f67faf2d5f0>,9,21,[1 7],10,10,31,0,10
1,<environment.Job instance at 0x7f67fae61870>,21,1,[9 4],22,51,52,29,51
1,<environment.Job instance at 0x7f67fae61050>,23,2,[1 7],24,51,53,27,51
1,<environment.Job instance at 0x7f67f485a960>,24,2,[1 6],25,52,54,27,51
1,<environment.Job instance at 0x7f67f485a5a0>,26,3,[9 2],27,65,68,38,65
1,<environment.Job instance at 0x7f67f485aaa0>,28,1,[8 2],29,69,70,40,69
1,<environment.Job instance at 0x7f67f485af50>,29,3,[2 6],30,69,72,39,69
1,<environment.Job instance at 0x7f67f485a690>,31,1,[9 4],32,75,76,43,75
1,<environment.Job instance at 0x7f67f485a320>,32,2,[2 7],33,75,77,42,75
1,<environment.Job instance at 0x7f67f485a0f0>,35,2,[3 7],36,98,100,62,98
1,<environment.Job instance at 0x7f67f485a9b0>,36,1,[11  2],37,98,99,61,98
1,<environment.Job instance at 0x7f67b0ee9190>,1,12,[ 1 13],2,103,115,101,103
1,<environment.Job instance at 0x7f67fae53460>,40,1,[4 5],41,115,116,74,103
1,<environment.Job instance at 0x7f67fae537d0>,42,1,[6 3],43,117,118,74,117
1,<environment.Job instance at 0x7f67fae530a0>,43,3,[1 6],44,117,120,73,117
1,<environment.Job instance at 0x7f67fae53640>,44,1,[5 4],45,117,118,72,117
1,<environment.Job instance at 0x7f67fb41d280>,46,3,[6 2],47,120,123,73,120
1,<environment.Job instance at 0x7f67fb41deb0>,47,1,[6 3],48,120,121,72,120
1,<environment.Job instance at 0x7f67fb41d550>,48,19,[7 1],49,121,140,72,120
1,<environment.Job instance at 0x7f67b086d3c0>,49,2,[5 4],50,123,125,73,120
1,<environment.Job instance at 0x7f67b086de10>,50,18,[9 2],51,140,158,89,129
1,<environment.Job instance at 0x7f67b086d640>,51,1,[2 7],52,129,130,77,129
1,<environment.Job instance at 0x7f67b086d9b0>,52,2,[4 5],53,129,131,76,129
1,<environment.Job instance at 0x7f67b0879370>,55,2,[10  5],56,158,160,102,131
1,<environment.Job instance at 0x7f67b0879320>,56,1,[2 5],57,131,132,74,131
1,<environment.Job instance at 0x7f67b08795a0>,57,14,[11  2],58,301,315,243,301
1,<environment.Job instance at 0x7f67b0879690>,60,27,[7 4],61,315,342,254,313
1,<environment.Job instance at 0x7f67b0879910>,65,2,[ 1 12],66,342,344,276,317
1,<environment.Job instance at 0x7f67b0879d70>,70,25,[ 1 14],71,344,369,273,340
1,<environment.Job instance at 0x7f67b086e0a0>,73,1,[ 4 13],74,369,370,295,353
1,<environment.Job instance at 0x7f67b086e140>,74,19,[9 1],75,353,372,278,353
1,<environment.Job instance at 0x7f67b086e190>,75,3,[ 4 11],76,370,373,294,363
1,<environment.Job instance at 0x7f67b086e410>,77,3,[2 8],78,373,376,295,363
1,<environment.Job instance at 0x7f67b086e550>,80,1,[2 6],81,373,374,292,372
1,<environment.Job instance at 0x7f67b086e690>,82,16,[1 7],83,376,392,293,376
1,<environment.Job instance at 0x7f67b086e870>,85,1,[5 2],86,385,386,299,385
1,<environment.Job instance at 0x7f67b086e7d0>,86,3,[8 3],87,385,388,298,385
1,<environment.Job instance at 0x7f67b086e9b0>,87,16,[7 2],88,388,404,300,385
1,<environment.Job instance at 0x7f67b086ea50>,88,3,[11  1],89,404,407,315,385
1,<environment.Job instance at 0x7f67b086eaf0>,89,2,[3 7],90,392,394,302,385
1,<environment.Job instance at 0x7f67b086eb90>,90,2,[9 1],91,407,409,316,385
1,<environment.Job instance at 0x7f67b086ec30>,91,2,[6 2],92,386,388,294,386
1,<environment.Job instance at 0x7f67b086ed70>,93,2,[2 7],94,399,401,305,399
1,<environment.Job instance at 0x7f67b086ef50>,94,1,[9 2],95,409,410,314,399
1,<environment.Job instance at 0x7f67b086eeb0>,95,3,[9 1],96,410,413,314,399
1,<environment.Job instance at 0x7f67b08660a0>,97,22,[6 1],98,407,429,309,401
1,<environment.Job instance at 0x7f67b0866280>,98,15,[7 1],99,413,428,314,412
1,<environment.Job instance at 0x7f67b0866460>,101,18,[5 9],102,428,446,326,418
1,<environment.Job instance at 0x7f67b0866550>,102,2,[8 2],103,429,431,326,418
1,<environment.Job instance at 0x7f67b0866050>,103,2,[8 1],104,431,433,327,418
1,<environment.Job instance at 0x7f67b0866230>,104,1,[ 3 10],105,446,447,341,418
1,<environment.Job instance at 0x7f67b0866a50>,109,2,[3 7],110,447,449,337,444
1,<environment.Job instance at 0x7f67b0866af0>,110,17,[8 4],111,452,469,341,452
1,<environment.Job instance at 0x7f67b0866c30>,112,19,[8 3],113,469,488,356,459
1,<environment.Job instance at 0x7f67b0866e10>,115,1,[7 1],116,473,474,357,473
1,<environment.Job instance at 0x7f67b0866eb0>,116,23,[5 5],117,474,497,357,473
1,<environment.Job instance at 0x7f67b0866f50>,117,1,[2 6],118,474,475,356,473
1,<environment.Job instance at 0x7f67b08a52d0>,119,25,[7 3],120,488,513,368,484
1,<environment.Job instance at 0x7f67b08a56e0>,120,1,[12  5],121,513,514,392,485
1,<environment.Job instance at 0x7f67b08a57d0>,122,1,[5 2],123,497,498,374,485
1,<environment.Job instance at 0x7f67b08a59b0>,125,3,[ 3 10],126,497,500,371,491
1,<environment.Job instance at 0x7f67faefc410>,6,1,[ 3 10],7,7,8,0,7
1,<environment.Job instance at 0x7f67b08a54b0>,1,3,[ 3 11],2,8,11,6,8
1,<environment.Job instance at 0x7f67faefc730>,11,1,[4 7],12,12,13,0,12
1,<environment.Job instance at 0x7f67f4a98460>,12,19,[6 2],13,13,32,0,13
1,<environment.Job instance at 0x7f67f4a98870>,14,1,[1 7],15,16,17,1,16
1,<environment.Job instance at 0x7f67b0bcc5a0>,21,2,[11  4],22,42,44,20,42
1,<environment.Job instance at 0x7f67b0bccdc0>,22,2,[6 3],23,44,46,21,42
1,<environment.Job instance at 0x7f67f4447230>,28,22,[ 1 13],29,79,101,50,79
1,<environment.Job instance at 0x7f67fb1e7fa0>,15,3,[14  4],16,105,108,89,105
1,<environment.Job instance at 0x7f67b09559b0>,37,1,[9 1],38,108,109,70,108
1,<environment.Job instance at 0x7f67b0be3a50>,38,2,[11  2],39,109,111,70,108
1,<environment.Job instance at 0x7f67fb0c65f0>,39,23,[4 9],40,108,131,68,108
1,<environment.Job instance at 0x7f67fb16d730>,43,1,[5 5],44,116,117,72,116
1,<environment.Job instance at 0x7f67fb0ae640>,44,22,[5 8],45,131,153,86,124
1,<environment.Job instance at 0x7f67f46400f0>,52,1,[10  2],53,154,155,101,154
1,<environment.Job instance at 0x7f67f4640730>,53,1,[2 9],54,154,155,100,154
1,<environment.Job instance at 0x7f67f45cd0f0>,54,1,[10  4],55,155,156,100,154
1,<environment.Job instance at 0x7f67faea0e60>,56,1,[1 8],57,155,156,98,154
1,<environment.Job instance at 0x7f67faea0c30>,57,3,[4 5],58,156,159,98,154
1,<environment.Job instance at 0x7f67f45ce8c0>,59,18,[1 9],60,168,186,108,168
1,<environment.Job instance at 0x7f67fb2fad20>,60,2,[ 4 14],61,186,188,125,172
1,<environment.Job instance at 0x7f67b0f2fd20>,68,2,[ 2 10],69,188,190,119,187
1,<environment.Job instance at 0x7f67f4480d70>,72,1,[3 9],73,210,211,137,210
1,<environment.Job instance at 0x7f67f44807d0>,75,1,[5 6],76,215,216,139,215
1,<environment.Job instance at 0x7f67f4480af0>,77,3,[9 4],78,222,225,144,222
1,<environment.Job instance at 0x7f67f4480370>,78,3,[6 3],79,222,225,143,222
1,<environment.Job instance at 0x7f67f498baa0>,79,2,[10  3],80,225,227,145,222
1,<environment.Job instance at 0x7f67f498b3c0>,80,1,[4 8],81,225,226,144,222
1,<environment.Job instance at 0x7f67faf13960>,82,3,[5 8],83,232,235,149,232
1,<environment.Job instance at 0x7f67b0e0c4b0>,85,20,[10  3],86,244,264,158,244
1,<environment.Job instance at 0x7f67b0e0c780>,87,3,[8 3],88,264,267,176,252
1,<environment.Job instance at 0x7f67b0e0c0a0>,88,1,[9 5],89,267,268,178,253
1,<environment.Job instance at 0x7f67b0e0c6e0>,89,1,[7 3],90,264,265,174,253
1,<environment.Job instance at 0x7f67b0e0c140>,90,2,[9 4],91,268,270,177,253
1,<environment.Job instance at 0x7f67b0e0c640>,91,1,[3 8],92,253,254,161,253
1,<environment.Job instance at 0x7f67b0e0c910>,93,3,[9 5],94,270,273,176,262
1,<environment.Job instance at 0x7f67b0e0ce10>,96,2,[ 5 12],97,277,279,180,277
1,<environment.Job instance at 0x7f67b0e0ce60>,97,23,[6 1],98,277,300,179,277
1,<environment.Job instance at 0x7f67b0a200a0>,98,3,[9 2],99,279,282,180,277
1,<environment.Job instance at 0x7f67b0a20cd0>,99,2,[4 5],100,282,284,182,277
1,<environment.Job instance at 0x7f67b0a20e60>,100,1,[10  3],101,300,301,199,277
1,<environment.Job instance at 0x7f67b0a20af0>,103,3,[2 6],104,282,285,178,280
1,<environment.Job instance at 0x7f67b0a20c80>,104,2,[9 2],105,285,287,180,280
1,<environment.Job instance at 0x7f67b0a20960>,110,25,[9 4],111,313,338,202,313
1,<environment.Job instance at 0x7f67f4610c30>,113,3,[3 9],114,322,325,208,322
1,<environment.Job instance at 0x7f67f4610050>,114,28,[ 5 10],115,325,353,210,324
1,<environment.Job instance at 0x7f67f46106e0>,117,27,[2 9],118,353,380,235,351
1,<environment.Job instance at 0x7f67f46107d0>,118,26,[4 9],119,380,406,261,377
1,<environment.Job instance at 0x7f67f4610dc0>,119,1,[10  5],120,377,378,257,377
1,<environment.Job instance at 0x7f67f4610a50>,122,2,[ 2 10],123,406,408,283,381
1,<environment.Job instance at 0x7f67f46104b0>,123,3,[1 6],124,381,384,257,381
1,<environment.Job instance at 0x7f67fbc2b190>,2,22,[5 4],3,3,25,0,3
1,<environment.Job instance at 0x7f67fb46d280>,14,2,[9 5],15,20,22,5,20
1,<environment.Job instance at 0x7f67f449af00>,17,26,[10  5],18,24,50,6,24
1,<environment.Job instance at 0x7f67b0f85460>,24,19,[2 5],25,44,63,19,44
1,<environment.Job instance at 0x7f67f48dd8c0>,27,1,[3 8],28,55,56,27,55
1,<environment.Job instance at 0x7f67f4a095a0>,29,3,[6 1],30,55,58,25,55
1,<environment.Job instance at 0x7f67b0cd2e10>,30,2,[2 6],31,56,58,25,55
1,<environment.Job instance at 0x7f67b0cd23c0>,31,2,[7 1],32,58,60,26,55
1,<environment.Job instance at 0x7f67b0cd2e60>,33,23,[1 7],34,58,81,24,58
1,<environment.Job instance at 0x7f67b0cd2960>,34,22,[1 8],35,63,85,28,58
1,<environment.Job instance at 0x7f67b0cab280>,36,1,[6 4],37,81,82,44,69
1,<environment.Job instance at 0x7f67f4522b40>,37,2,[3 8],38,85,87,47,69
1,<environment.Job instance at 0x7f67b0c6fbe0>,41,3,[1 8],42,88,91,46,88
1,<environment.Job instance at 0x7f67b0c6f500>,42,26,[1 5],43,88,114,45,88
1,<environment.Job instance at 0x7f67b0db9af0>,46,1,[9 3],47,122,123,75,122
1,<environment.Job instance at 0x7f67b09d18c0>,48,3,[5 8],49,122,125,73,122
1,<environment.Job instance at 0x7f67b09d1410>,49,2,[3 9],50,125,127,75,122
1,<environment.Job instance at 0x7f67f4538cd0>,52,22,[5 3],53,131,153,78,131
1,<environment.Job instance at 0x7f67b0f68500>,53,1,[8 4],54,131,132,77,131
1,<environment.Job instance at 0x7f67b0f68690>,55,1,[8 5],56,146,147,90,146
1,<environment.Job instance at 0x7f67b0ecaa00>,56,3,[2 5],57,146,149,89,146
1,<environment.Job instance at 0x7f67f481acd0>,57,24,[2 8],58,149,173,91,146
1,<environment.Job instance at 0x7f67b0ed14b0>,63,26,[1 8],64,173,199,109,172
1,<environment.Job instance at 0x7f67b0ce1c30>,67,3,[7 5],68,187,190,119,187
1,<environment.Job instance at 0x7f67b0ce10f0>,68,2,[5 3],69,190,192,121,187
1,<environment.Job instance at 0x7f67b0e09a50>,70,1,[3 5],71,201,202,130,201
1,<environment.Job instance at 0x7f67b0e09f00>,71,23,[9 4],72,201,224,129,201
1,<environment.Job instance at 0x7f67b0e09be0>,75,2,[1 9],76,204,206,128,204
1,<environment.Job instance at 0x7f67fb3dab90>,77,1,[ 1 10],78,209,210,131,209
1,<environment.Job instance at 0x7f67fb3daaf0>,79,1,[6 4],80,210,211,130,209
1,<environment.Job instance at 0x7f67b0cbdeb0>,84,3,[3 9],85,233,236,148,233
1,<environment.Job instance at 0x7f67fb2cdc30>,85,2,[10  1],86,233,235,147,233
1,<environment.Job instance at 0x7f67b0cbdd70>,86,3,[ 1 10],87,236,239,149,233
1,<environment.Job instance at 0x7f67f489e2d0>,91,2,[4 9],92,255,257,163,255
1,<environment.Job instance at 0x7f67b0c68780>,95,3,[3 8],96,268,271,172,268
1,<environment.Job instance at 0x7f67b0c7a370>,98,1,[8 3],99,280,281,181,280
1,<environment.Job instance at 0x7f67b0c226e0>,101,2,[5 4],102,293,295,191,293
1,<environment.Job instance at 0x7f67b0c22230>,103,3,[ 2 10],104,293,296,189,293
1,<environment.Job instance at 0x7f67f49de3c0>,106,2,[ 2 10],107,307,309,200,307
1,<environment.Job instance at 0x7f67f489e780>,5,22,[5 2],6,6,28,0,6
1,<environment.Job instance at 0x7f67f46102d0>,6,1,[11  1],7,28,29,21,7
1,<environment.Job instance at 0x7f67fb18e050>,11,28,[7 5],12,29,57,17,28
1,<environment.Job instance at 0x7f67fae43d20>,14,26,[7 1],15,29,55,14,28
1,<environment.Job instance at 0x7f67fb18e2d0>,13,2,[14  5],14,57,59,43,51
1,<environment.Job instance at 0x7f67fae43e60>,24,3,[1 6],25,51,54,26,51
1,<environment.Job instance at 0x7f67f4ac58c0>,30,24,[10  5],31,59,83,28,55
1,<environment.Job instance at 0x7f67f4ac56e0>,31,3,[ 4 12],32,83,86,51,83
1,<environment.Job instance at 0x7f67f4ac5140>,38,27,[5 1],39,125,152,86,125
1,<environment.Job instance at 0x7f67f4ac51e0>,40,1,[2 7],41,129,130,88,129
1,<environment.Job instance at 0x7f67f4ac52d0>,41,2,[ 1 10],42,130,132,88,129
1,<environment.Job instance at 0x7f67f4ac5820>,42,3,[2 6],43,132,135,89,131
1,<environment.Job instance at 0x7f67f4ac5fa0>,44,2,[10  3],45,135,137,90,134
1,<environment.Job instance at 0x7f67f4ac5640>,45,1,[5 2],46,134,135,88,134
1,<environment.Job instance at 0x7f67fb2fa7d0>,47,2,[5 5],48,145,147,97,145
1,<environment.Job instance at 0x7f67fb2fa5f0>,48,27,[1 7],49,145,172,96,145
1,<environment.Job instance at 0x7f67f4ac5dc0>,1,22,[2 9],2,2,24,0,2
1,<environment.Job instance at 0x7f67b0df4be0>,8,1,[5 5],9,10,11,1,10
1,<environment.Job instance at 0x7f67b0eca5f0>,12,1,[ 3 10],13,24,25,11,13
1,<environment.Job instance at 0x7f67b0ecaf00>,14,1,[2 5],15,23,24,8,23
1,<environment.Job instance at 0x7f67b0d987d0>,15,3,[10  1],16,24,27,8,24
1,<environment.Job instance at 0x7f67fb18e5a0>,3,3,[ 5 11],4,27,30,23,27
1,<environment.Job instance at 0x7f67b0ed1460>,19,2,[1 8],20,30,32,10,27
1,<environment.Job instance at 0x7f67b0df4fa0>,11,3,[ 3 11],12,32,35,20,31
1,<environment.Job instance at 0x7f67b0ed13c0>,24,26,[10  2],25,31,57,6,31
1,<environment.Job instance at 0x7f67f4916b90>,30,1,[7 1],31,57,58,26,33
1,<environment.Job instance at 0x7f67f4916d70>,31,2,[2 6],32,35,37,3,33
1,<environment.Job instance at 0x7f67f4916960>,32,20,[5 2],33,37,57,4,33
1,<environment.Job instance at 0x7f67b09c1a00>,36,1,[5 5],37,57,58,20,41
1,<environment.Job instance at 0x7f67fb7e3910>,44,3,[2 8],45,57,60,12,57
1,<environment.Job instance at 0x7f67fb7e3820>,46,20,[4 9],47,65,85,18,65
1,<environment.Job instance at 0x7f67b0ec8d70>,51,2,[ 2 13],52,85,87,33,76
1,<environment.Job instance at 0x7f67b0ec8c30>,53,21,[5 7],54,87,108,33,79
1,<environment.Job instance at 0x7f67faf88fa0>,56,2,[8 3],57,97,99,40,97
1,<environment.Job instance at 0x7f67faf88190>,58,2,[12  1],59,108,110,49,98
1,<environment.Job instance at 0x7f67b0c6be10>,59,27,[ 5 11],60,110,137,50,108
1,<environment.Job instance at 0x7f67b0f799b0>,62,19,[4 7],63,137,156,74,127
1,<environment.Job instance at 0x7f67b0f79460>,63,25,[9 3],64,127,152,63,127
1,<environment.Job instance at 0x7f67b0f79e10>,64,1,[6 5],65,152,153,87,127
1,<environment.Job instance at 0x7f67b0f79910>,66,19,[9 4],67,153,172,86,143
1,<environment.Job instance at 0x7f67f4817500>,70,26,[9 4],71,172,198,101,169
1,<environment.Job instance at 0x7f67b0c810a0>,78,24,[8 3],79,198,222,119,193
1,<environment.Job instance at 0x7f67b0c81eb0>,83,2,[1 5],84,197,199,113,197
1,<environment.Job instance at 0x7f67b0c814b0>,88,2,[6 4],89,218,220,129,218
1,<environment.Job instance at 0x7f67b0c815a0>,89,19,[2 9],90,220,239,130,218
1,<environment.Job instance at 0x7f67b0c81c30>,90,22,[1 9],91,239,261,148,232
1,<environment.Job instance at 0x7f67b0c817d0>,91,1,[5 1],92,232,233,140,232
1,<environment.Job instance at 0x7f67b0c81460>,93,1,[5 6],94,234,235,140,234
1,<environment.Job instance at 0x7f67f47314b0>,96,2,[1 8],97,261,263,164,234
1,<environment.Job instance at 0x7f67f4731c30>,98,2,[ 4 12],99,263,265,164,240
1,<environment.Job instance at 0x7f67f43f99b0>,100,3,[ 4 10],101,265,268,164,250
1,<environment.Job instance at 0x7f67f43f95f0>,103,26,[2 9],104,268,294,164,265
1,<environment.Job instance at 0x7f67b0878e60>,4,2,[7 3],5,7,9,2,7
1,<environment.Job instance at 0x7f67b0b320a0>,8,2,[1 6],9,9,11,0,9
1,<environment.Job instance at 0x7f67b0d98870>,9,23,[5 5],10,10,33,0,10
1,<environment.Job instance at 0x7f67b0d98a50>,15,24,[7 5],16,23,47,7,23
1,<environment.Job instance at 0x7f67f4acce60>,17,3,[ 2 13],18,47,50,29,29
1,<environment.Job instance at 0x7f67f4676410>,23,3,[5 6],24,33,36,9,32
1,<environment.Job instance at 0x7f67f46764b0>,30,1,[13  2],31,61,62,30,61
1,<environment.Job instance at 0x7f67b0efe230>,33,1,[ 2 13],34,77,78,43,77
1,<environment.Job instance at 0x7f67b0efeaf0>,34,2,[ 4 10],35,78,80,43,77
1,<environment.Job instance at 0x7f67b0efe280>,35,19,[8 1],36,77,96,41,77
1,<environment.Job instance at 0x7f67b0efe9b0>,36,1,[ 4 11],37,80,81,43,77
1,<environment.Job instance at 0x7f67b0efe460>,38,3,[2 6],39,81,84,42,77
1,<environment.Job instance at 0x7f67faf4a190>,39,2,[10  5],40,96,98,56,77
1,<environment.Job instance at 0x7f67faf4a1e0>,40,2,[4 6],41,81,83,40,77
1,<environment.Job instance at 0x7f67faf4af50>,41,23,[7 5],42,98,121,56,92
1,<environment.Job instance at 0x7f67faf4a2d0>,42,28,[8 2],43,98,126,55,97
1,<environment.Job instance at 0x7f67faf4aaa0>,43,22,[5 4],44,121,143,77,114
1,<environment.Job instance at 0x7f67f4590a50>,57,3,[9 2],58,127,130,69,127
1,<environment.Job instance at 0x7f67f4590640>,58,1,[1 6],59,127,128,68,127
1,<environment.Job instance at 0x7f67f4590be0>,59,3,[5 2],60,130,133,70,127
1,<environment.Job instance at 0x7f67f4590d20>,60,2,[2 6],61,130,132,69,127
1,<environment.Job instance at 0x7f67f4590af0>,62,2,[2 8],63,132,134,69,127
1,<environment.Job instance at 0x7f67b081f550>,64,26,[7 4],65,135,161,70,135
1,<environment.Job instance at 0x7f67b081feb0>,65,1,[12  3],66,161,162,95,135
1,<environment.Job instance at 0x7f67b081f870>,67,2,[9 3],68,162,164,94,135
1,<environment.Job instance at 0x7f67b081fe60>,70,3,[8 4],71,149,152,78,149
1,<environment.Job instance at 0x7f67b081f9b0>,72,3,[9 3],73,164,167,91,158
1,<environment.Job instance at 0x7f67b081faf0>,73,1,[10  5],74,167,168,93,158
1,<environment.Job instance at 0x7f67b081fc30>,75,3,[5 6],76,163,166,87,163
1,<environment.Job instance at 0x7f67b081ff50>,76,2,[3 5],77,166,168,89,163
1,<environment.Job instance at 0x7f67f46cf370>,77,1,[5 1],78,168,169,90,163
1,<environment.Job instance at 0x7f67f46cf4b0>,79,2,[6 3],80,175,177,95,175
1,<environment.Job instance at 0x7f67f46cfbe0>,81,16,[8 1],82,177,193,95,177
1,<environment.Job instance at 0x7f67f46cfeb0>,83,1,[7 3],84,192,193,108,192
1,<environment.Job instance at 0x7f67f46cf5a0>,84,3,[3 7],85,193,196,108,192
1,<environment.Job instance at 0x7f67f47af370>,86,1,[3 9],87,196,197,109,196
1,<environment.Job instance at 0x7f67f47afeb0>,87,19,[4 7],88,197,216,109,196
1,<environment.Job instance at 0x7f67f47aff50>,88,3,[9 1],89,196,199,107,196
1,<environment.Job instance at 0x7f67f47af500>,91,3,[2 8],92,209,212,117,209
1,<environment.Job instance at 0x7f67f47afa50>,93,13,[5 1],94,213,226,119,213
1,<environment.Job instance at 0x7f67f47afaa0>,95,1,[5 7],96,224,225,128,224
1,<environment.Job instance at 0x7f67b0a89a00>,101,3,[1 7],102,240,243,138,240
1,<environment.Job instance at 0x7f67b0a89550>,102,22,[6 2],103,240,262,137,240
1,<environment.Job instance at 0x7f67b0a89460>,104,23,[6 5],105,254,277,149,254
1,<environment.Job instance at 0x7f67b0a89c30>,109,3,[8 1],110,262,265,152,258
1,<environment.Job instance at 0x7f67b0a89f50>,110,2,[2 7],111,258,260,147,258
1,<environment.Job instance at 0x7f67b0a89910>,113,21,[7 4],114,275,296,161,275
1,<environment.Job instance at 0x7f67fb0904b0>,114,2,[ 4 10],115,277,279,162,275
1,<environment.Job instance at 0x7f67fb090280>,116,1,[3 5],117,305,306,188,305
1,<environment.Job instance at 0x7f67fb090730>,120,26,[5 7],121,305,331,184,305
1,<environment.Job instance at 0x7f67faf2b640>,122,2,[7 5],123,319,321,196,319
1,<environment.Job instance at 0x7f67faf2b3c0>,124,20,[5 9],125,331,351,206,322
1,<environment.Job instance at 0x7f67faf2b460>,125,3,[6 1],126,322,325,196,322
1,<environment.Job instance at 0x7f67faf2b320>,126,1,[7 3],127,325,326,198,322
1,<environment.Job instance at 0x7f67faf2b140>,2,26,[ 1 10],3,3,29,0,3
1,<environment.Job instance at 0x7f67f45d5370>,3,28,[3 5],4,4,32,0,4
1,<environment.Job instance at 0x7f67f43fe230>,10,20,[5 8],11,29,49,18,20
1,<environment.Job instance at 0x7f67b0c25550>,20,21,[5 2],21,29,50,8,24
1,<environment.Job instance at 0x7f67faeb8fa0>,25,2,[ 5 10],26,49,51,23,42
1,<environment.Job instance at 0x7f67b0b322d0>,27,2,[8 3],28,52,54,24,52
1,<environment.Job instance at 0x7f67b0b327d0>,29,3,[ 4 10],30,55,58,25,55
1,<environment.Job instance at 0x7f67b0b32370>,32,1,[5 8],33,66,67,33,66
1,<environment.Job instance at 0x7f67faee3780>,33,1,[6 3],34,66,67,32,66
1,<environment.Job instance at 0x7f67fb373280>,34,3,[6 1],35,67,70,32,66
1,<environment.Job instance at 0x7f67fb373c30>,35,1,[10  4],36,70,71,34,66
1,<environment.Job instance at 0x7f67fb373050>,36,12,[9 1],37,75,87,38,75
1,<environment.Job instance at 0x7f67fb3dacd0>,37,3,[10  1],38,87,90,49,75
1,<environment.Job instance at 0x7f67b0c2a690>,39,1,[6 1],40,80,81,40,80
1,<environment.Job instance at 0x7f67f46ba2d0>,41,1,[6 1],42,81,82,39,81
1,<environment.Job instance at 0x7f67b07f7410>,42,2,[ 4 10],43,82,84,39,81
1,<environment.Job instance at 0x7f67b0eda320>,43,2,[4 7],44,84,86,40,81
1,<environment.Job instance at 0x7f67fb96c230>,45,23,[7 4],46,95,118,49,95
1,<environment.Job instance at 0x7f67fb96ca50>,46,23,[5 6],47,95,118,48,95
1,<environment.Job instance at 0x7f67f43fbcd0>,48,25,[ 5 10],49,118,143,69,114
1,<environment.Job instance at 0x7f67b0f12aa0>,56,2,[4 6],57,143,145,86,138
1,<environment.Job instance at 0x7f67b0f12190>,57,26,[ 2 10],58,145,171,87,142
1,<environment.Job instance at 0x7f67b0f12320>,65,12,[5 1],66,176,188,110,176
1,<environment.Job instance at 0x7f67b0f01dc0>,66,1,[5 8],67,176,177,109,176
1,<environment.Job instance at 0x7f67b0f01050>,67,3,[9 3],68,177,180,109,176
1,<environment.Job instance at 0x7f67b0f01fa0>,68,15,[6 1],69,180,195,111,177
1,<environment.Job instance at 0x7f67b0f01190>,69,1,[8 4],70,188,189,118,177
1,<environment.Job instance at 0x7f67b0f01460>,70,12,[6 1],71,189,201,118,178
1,<environment.Job instance at 0x7f67b0f01e60>,71,2,[1 9],72,178,180,106,178
1,<environment.Job instance at 0x7f67f4a19e10>,72,1,[7 2],73,195,196,122,178
1,<environment.Job instance at 0x7f67b0f01370>,73,20,[5 2],74,196,216,122,187
1,<environment.Job instance at 0x7f67b0f10af0>,76,1,[6 2],77,201,202,124,191
1,<environment.Job instance at 0x7f67f46a32d0>,77,2,[ 5 11],78,202,204,124,191
1,<environment.Job instance at 0x7f67fb41a730>,4,23,[2 9],5,5,28,0,5
1,<environment.Job instance at 0x7f67f4447780>,6,3,[14  4],7,28,31,21,26
1,<environment.Job instance at 0x7f67f4a17910>,14,2,[6 1],15,26,28,11,26
1,<environment.Job instance at 0x7f67b06f3be0>,16,1,[10  5],17,31,32,14,26
1,<environment.Job instance at 0x7f67f4909b40>,18,26,[2 5],19,31,57,12,28
1,<environment.Job instance at 0x7f67fb2c8b90>,19,28,[4 8],20,32,60,12,31
1,<environment.Job instance at 0x7f67fb2c8be0>,20,28,[1 5],21,57,85,36,56
1,<environment.Job instance at 0x7f67b0abaf50>,24,2,[8 1],25,56,58,31,56
1,<environment.Job instance at 0x7f67fb363af0>,26,22,[7 4],27,60,82,33,56
1,<environment.Job instance at 0x7f67b0824820>,27,28,[ 1 10],28,82,110,54,81
1,<environment.Job instance at 0x7f67f43d9780>,46,1,[5 1],47,110,111,63,110
1,<environment.Job instance at 0x7f67b0df43c0>,50,13,[8 2],51,134,147,83,134
1,<environment.Job instance at 0x7f67b0d140a0>,51,2,[5 2],52,134,136,82,134
1,<environment.Job instance at 0x7f67b0df4140>,52,13,[1 7],53,136,149,83,136
1,<environment.Job instance at 0x7f67f467f280>,56,20,[10  4],57,154,174,97,154
1,<environment.Job instance at 0x7f67f46a10a0>,58,1,[2 8],59,154,155,95,154
1,<environment.Job instance at 0x7f67f4838190>,60,1,[ 2 10],61,161,162,100,161
1,<environment.Job instance at 0x7f67f4838140>,63,2,[1 9],64,162,164,98,161
1,<environment.Job instance at 0x7f67f4838c30>,64,2,[2 7],65,164,166,99,161
1,<environment.Job instance at 0x7f67f48384b0>,66,1,[10  4],67,174,175,107,166
1,<environment.Job instance at 0x7f67f4838550>,67,2,[7 3],68,175,177,107,166
1,<environment.Job instance at 0x7f67f48383c0>,69,2,[5 5],70,166,168,96,166
1,<environment.Job instance at 0x7f67f4838cd0>,73,24,[9 2],74,183,207,109,183
1,<environment.Job instance at 0x7f67f4576230>,75,3,[ 4 10],76,191,194,115,191
1,<environment.Job instance at 0x7f67f4576140>,76,1,[1 6],77,194,195,117,191
1,<environment.Job instance at 0x7f67f4576dc0>,78,2,[ 2 10],79,195,197,116,192
1,<environment.Job instance at 0x7f67fafef0f0>,81,24,[2 6],82,205,229,123,205
1,<environment.Job instance at 0x7f67faed4140>,84,3,[2 5],85,223,226,138,223
1,<environment.Job instance at 0x7f67b092a7d0>,87,3,[3 5],88,231,234,143,231
1,<environment.Job instance at 0x7f67b092a500>,88,3,[6 4],89,231,234,142,231
1,<environment.Job instance at 0x7f67f4678050>,90,3,[ 5 10],91,235,238,144,235
1,<environment.Job instance at 0x7f67f4678a50>,92,1,[2 8],93,238,239,145,235
1,<environment.Job instance at 0x7f67f4678be0>,93,21,[5 4],94,235,256,141,235
1,<environment.Job instance at 0x7f67b0947dc0>,97,2,[10  5],98,258,260,160,258
1,<environment.Job instance at 0x7f67b0947fa0>,98,3,[10  4],99,260,263,161,258
1,<environment.Job instance at 0x7f67b0947e10>,100,2,[1 8],101,265,267,164,265
1,<environment.Job instance at 0x7f67b0bdfaf0>,102,18,[10  3],103,270,288,167,270
1,<environment.Job instance at 0x7f67b0bdf460>,103,1,[ 4 10],104,270,271,166,270
1,<environment.Job instance at 0x7f67b0bdf910>,104,24,[5 8],105,271,295,166,270
1,<environment.Job instance at 0x7f67fb0432d0>,105,1,[1 5],106,288,289,182,270
1,<environment.Job instance at 0x7f67fb0434b0>,106,24,[10  2],107,289,313,182,284
1,<environment.Job instance at 0x7f67b0d6efa0>,108,1,[2 6],109,295,296,186,288
1,<environment.Job instance at 0x7f67b0d6e280>,110,2,[14  3],111,313,315,202,292
1,<environment.Job instance at 0x7f67f476e640>,115,1,[5 9],116,308,309,192,308
1,<environment.Job instance at 0x7f67f476ec80>,116,23,[9 5],117,315,338,198,309
1,<environment.Job instance at 0x7f67f45b7b40>,120,1,[ 5 10],121,323,324,202,323
1,<environment.Job instance at 0x7f67f45b75a0>,124,1,[3 8],125,339,340,214,339
1,<environment.Job instance at 0x7f67f45b7370>,127,3,[8 5],128,342,345,214,342
1,<environment.Job instance at 0x7f67f45b77d0>,128,3,[9 3],129,345,348,216,342
1,<environment.Job instance at 0x7f67fb41a320>,3,27,[5 6],4,4,31,0,4
1,<environment.Job instance at 0x7f67fb3cb690>,0,1,[4 5],1,6,7,5,6
1,<environment.Job instance at 0x7f67b090db40>,8,25,[11  1],9,31,56,22,27
1,<environment.Job instance at 0x7f67b090d190>,14,27,[3 8],15,27,54,12,27
1,<environment.Job instance at 0x7f67fb327d20>,25,27,[4 6],26,58,85,32,58
1,<environment.Job instance at 0x7f67fb3270a0>,27,1,[1 7],28,64,65,36,64
1,<environment.Job instance at 0x7f67b0e61500>,31,2,[5 3],32,87,89,55,87
1,<environment.Job instance at 0x7f67b0e610f0>,32,1,[5 5],33,87,88,54,87
1,<environment.Job instance at 0x7f67b0e61d20>,34,2,[9 3],35,90,92,55,90
1,<environment.Job instance at 0x7f67b0e61d70>,35,3,[2 6],36,90,93,54,90
1,<environment.Job instance at 0x7f67b0e61c30>,37,3,[6 3],38,102,105,64,102
1,<environment.Job instance at 0x7f67b0e617d0>,38,1,[10  4],39,105,106,66,102
1,<environment.Job instance at 0x7f67b0e61a50>,44,28,[4 7],45,133,161,88,133
1,<environment.Job instance at 0x7f67b072ef50>,46,2,[9 4],47,134,136,87,134
1,<environment.Job instance at 0x7f67b072e140>,47,3,[7 3],48,136,139,88,135
1,<environment.Job instance at 0x7f67b0611910>,50,24,[9 4],51,150,174,99,150
1,<environment.Job instance at 0x7f67b0611c80>,52,2,[ 3 10],53,164,166,111,164
1,<environment.Job instance at 0x7f67b0611820>,53,2,[12  3],54,174,176,120,165
1,<environment.Job instance at 0x7f67b0611a50>,62,1,[7 3],63,211,212,148,211
1,<environment.Job instance at 0x7f67b0683c30>,69,3,[5 2],70,243,246,173,243
1,<environment.Job instance at 0x7f67b0683af0>,70,1,[6 3],71,243,244,172,243
1,<environment.Job instance at 0x7f67b0683e10>,71,2,[ 3 10],72,243,245,171,243
1,<environment.Job instance at 0x7f67b0683230>,75,2,[9 3],76,257,259,181,257
1,<environment.Job instance at 0x7f67b0683eb0>,77,22,[10  4],78,270,292,192,270
1,<environment.Job instance at 0x7f67b0683960>,78,21,[7 1],79,292,313,213,284
1,<environment.Job instance at 0x7f67b08abcd0>,80,1,[7 3],81,292,293,211,284
1,<environment.Job instance at 0x7f67b08abb40>,81,1,[5 8],82,284,285,202,284
1,<environment.Job instance at 0x7f67b08ab050>,82,21,[5 3],83,293,314,210,285
1,<environment.Job instance at 0x7f67b08abfa0>,88,3,[14  4],89,314,317,225,308
1,<environment.Job instance at 0x7f67b06e3be0>,9,28,[4 8],10,10,38,0,10
1,<environment.Job instance at 0x7f67f488ed70>,22,1,[1 5],23,27,28,4,27
1,<environment.Job instance at 0x7f67f4840b90>,27,1,[3 6],28,41,42,13,41
1,<environment.Job instance at 0x7f67b0da6aa0>,28,2,[7 1],29,41,43,12,41
1,<environment.Job instance at 0x7f67fb37cdc0>,29,2,[5 1],30,41,43,11,41
1,<environment.Job instance at 0x7f67fb401f50>,30,2,[ 2 12],31,42,44,11,41
1,<environment.Job instance at 0x7f67fb36d910>,39,2,[10  4],40,99,101,59,99
1,<environment.Job instance at 0x7f67f49728c0>,41,2,[10  3],42,121,123,79,121
1,<environment.Job instance at 0x7f67fae3ba00>,45,1,[14  5],46,125,126,79,125
1,<environment.Job instance at 0x7f67b0b55870>,47,2,[ 5 12],48,130,132,82,130
1,<environment.Job instance at 0x7f67fae20910>,48,3,[9 4],49,132,135,83,130
1,<environment.Job instance at 0x7f67fae202d0>,49,20,[7 2],50,135,155,85,130
1,<environment.Job instance at 0x7f67fae20d70>,54,1,[5 9],55,157,158,102,157
1,<environment.Job instance at 0x7f67fae208c0>,55,2,[ 2 12],56,158,160,102,157
1,<environment.Job instance at 0x7f67fae3c230>,56,2,[10  2],57,157,159,100,157
1,<environment.Job instance at 0x7f67fae3c050>,58,22,[ 3 10],59,166,188,107,166
1,<environment.Job instance at 0x7f67fae3c730>,64,19,[3 7],65,255,274,190,255
1,<environment.Job instance at 0x7f67fb080c30>,66,1,[6 5],67,264,265,197,264
1,<environment.Job instance at 0x7f67fb05e8c0>,67,23,[3 5],68,265,288,197,264
1,<environment.Job instance at 0x7f67fb0804b0>,70,28,[2 6],71,311,339,240,311
1,<environment.Job instance at 0x7f67b09cc370>,71,1,[2 6],72,311,312,239,311
1,<environment.Job instance at 0x7f67fae42cd0>,73,1,[6 1],74,312,313,238,312
1,<environment.Job instance at 0x7f67fae42820>,74,2,[7 2],75,312,314,237,312
1,<environment.Job instance at 0x7f67fae17f00>,79,23,[8 2],80,317,340,237,317
1,<environment.Job instance at 0x7f67fae17be0>,80,1,[13  1],81,340,341,259,337
1,<environment.Job instance at 0x7f67faed6f00>,83,19,[3 9],84,341,360,257,337
1,<environment.Job instance at 0x7f67faee6a00>,90,2,[2 6],91,407,409,316,407
1,<environment.Job instance at 0x7f67b0715870>,91,20,[10  2],92,407,427,315,407
1,<environment.Job instance at 0x7f67b0b481e0>,9,1,[2 5],10,10,11,0,10
1,<environment.Job instance at 0x7f67f4811eb0>,16,3,[9 5],17,18,21,1,18
1,<environment.Job instance at 0x7f67b0e307d0>,18,28,[9 5],19,21,49,2,20
1,<environment.Job instance at 0x7f67b09d8eb0>,21,1,[10  5],22,49,50,27,31
1,<environment.Job instance at 0x7f67f44f5780>,22,2,[1 8],23,32,34,9,32
1,<environment.Job instance at 0x7f67f44f52d0>,20,1,[11  1],21,50,51,29,39
1,<environment.Job instance at 0x7f67b0ef4aa0>,26,22,[4 9],27,39,61,12,39
1,<environment.Job instance at 0x7f67faf25cd0>,37,1,[ 2 12],38,61,62,23,51
1,<environment.Job instance at 0x7f67b09d8460>,25,17,[8 3],26,67,84,41,67
1,<environment.Job instance at 0x7f67b060ec80>,44,1,[8 1],45,84,85,39,67
1,<environment.Job instance at 0x7f67fb3d2640>,45,1,[10  4],46,85,86,39,67
1,<environment.Job instance at 0x7f67f4811dc0>,15,18,[2 9],16,86,104,70,86
1,<environment.Job instance at 0x7f67b060e550>,51,23,[9 2],52,94,117,42,94
1,<environment.Job instance at 0x7f67f4b00870>,55,25,[ 2 11],56,104,129,48,100
1,<environment.Job instance at 0x7f67b0c0cf00>,65,2,[3 6],66,143,145,77,143
1,<environment.Job instance at 0x7f67b0e01410>,68,2,[4 9],69,157,159,88,157
1,<environment.Job instance at 0x7f67b0e016e0>,70,18,[3 7],71,167,185,96,167
1,<environment.Job instance at 0x7f67b0e01730>,71,1,[1 8],72,167,168,95,167
1,<environment.Job instance at 0x7f67b0e01aa0>,72,22,[ 4 11],73,185,207,112,178
1,<environment.Job instance at 0x7f67b08e14b0>,74,3,[7 5],75,178,181,103,178
1,<environment.Job instance at 0x7f67b0c72910>,75,2,[5 6],76,181,183,105,178
1,<environment.Job instance at 0x7f67f453d320>,4,1,[3 8],5,6,7,1,6
1,<environment.Job instance at 0x7f67b060e640>,1,1,[12  1],2,9,10,7,9
1,<environment.Job instance at 0x7f67f453da50>,3,3,[ 3 12],4,15,18,11,15
1,<environment.Job instance at 0x7f67fb1d1460>,13,23,[5 6],14,18,41,4,15
1,<environment.Job instance at 0x7f67fb1d1410>,14,2,[8 2],15,15,17,0,15
1,<environment.Job instance at 0x7f67fb1d1910>,15,2,[3 8],16,18,20,2,16
1,<environment.Job instance at 0x7f67b09fb190>,20,2,[13  2],21,41,43,20,34
1,<environment.Job instance at 0x7f67fb264140>,23,1,[14  1],24,43,44,19,41
1,<environment.Job instance at 0x7f67fb2643c0>,32,1,[2 5],33,63,64,30,63
1,<environment.Job instance at 0x7f67fb264e10>,33,1,[5 6],34,63,64,29,63
1,<environment.Job instance at 0x7f67fb264d20>,34,3,[6 1],35,63,66,28,63
1,<environment.Job instance at 0x7f67fb36b230>,38,2,[ 4 11],39,95,97,56,95
1,<environment.Job instance at 0x7f67fb358b90>,42,2,[ 1 14],43,113,115,70,113
1,<environment.Job instance at 0x7f67fb3583c0>,43,1,[5 6],44,115,116,71,113
1,<environment.Job instance at 0x7f67fb358050>,44,24,[4 8],45,115,139,70,113
1,<environment.Job instance at 0x7f67fb3581e0>,46,23,[9 2],47,124,147,77,124
1,<environment.Job instance at 0x7f67fb358820>,49,27,[ 5 10],50,139,166,89,137
1,<environment.Job instance at 0x7f67fb358aa0>,50,28,[8 5],51,147,175,96,146
1,<environment.Job instance at 0x7f67b0b83140>,57,2,[2 5],58,167,169,109,167
1,<environment.Job instance at 0x7f67b0b83550>,59,2,[3 7],60,169,171,109,169
1,<environment.Job instance at 0x7f67b0b83500>,64,2,[3 9],65,205,207,140,205
1,<environment.Job instance at 0x7f67f48770a0>,70,21,[9 2],71,223,244,152,223
1,<environment.Job instance at 0x7f67b0e3bc80>,71,3,[8 3],72,244,247,172,223
1,<environment.Job instance at 0x7f67b0e3bf50>,72,2,[9 2],73,247,249,174,223
1,<environment.Job instance at 0x7f67b0e3be10>,75,3,[8 2],76,249,252,173,240
1,<environment.Job instance at 0x7f67b0e3bd20>,76,26,[3 5],77,240,266,163,240
1,<environment.Job instance at 0x7f67b0e3b280>,77,24,[9 4],78,252,276,174,247
1,<environment.Job instance at 0x7f67faf2fbe0>,82,3,[8 3],83,276,279,193,256
1,<environment.Job instance at 0x7f67fafa77d0>,88,1,[12  1],89,279,280,190,275
1,<environment.Job instance at 0x7f67fafa7e60>,90,1,[5 5],91,275,276,184,275
1,<environment.Job instance at 0x7f67fafa7820>,94,1,[7 2],95,288,289,193,288
1,<environment.Job instance at 0x7f67fafa7dc0>,95,1,[6 4],96,288,289,192,288
1,<environment.Job instance at 0x7f67fafa7780>,96,1,[6 5],97,289,290,192,288
1,<environment.Job instance at 0x7f67faf0d190>,98,3,[1 5],99,290,293,191,290
1,<environment.Job instance at 0x7f67faf0d320>,100,2,[6 2],101,302,304,201,302
1,<environment.Job instance at 0x7f67faf0dbe0>,103,24,[5 1],104,307,331,203,307
1,<environment.Job instance at 0x7f67faf0dc80>,104,1,[6 5],105,307,308,202,307
1,<environment.Job instance at 0x7f67faf0d640>,105,22,[5 4],106,308,330,202,307
1,<environment.Job instance at 0x7f67faf0d2d0>,106,28,[8 5],107,330,358,223,329
1,<environment.Job instance at 0x7f67faf0dcd0>,107,3,[4 8],108,331,334,223,329
1,<environment.Job instance at 0x7f67b0d68370>,114,25,[9 4],115,358,383,243,354
1,<environment.Job instance at 0x7f67b0d68870>,117,1,[5 2],118,395,396,277,395
1,<environment.Job instance at 0x7f67f453d5a0>,0,1,[10  3],1,1,2,0,1
1,<environment.Job instance at 0x7f67f453d050>,5,27,[4 6],6,6,33,0,6
1,<environment.Job instance at 0x7f67f453d370>,3,1,[8 5],4,9,10,5,9
1,<environment.Job instance at 0x7f67b0cd30f0>,6,1,[6 2],7,10,11,3,9
1,<environment.Job instance at 0x7f67f489e1e0>,9,24,[9 1],10,11,35,1,10
1,<environment.Job instance at 0x7f67fb30af00>,18,1,[ 2 12],19,33,34,14,20
1,<environment.Job instance at 0x7f67b0a1bc80>,24,1,[3 6],25,34,35,9,34
1,<environment.Job instance at 0x7f67b0a1bb40>,25,1,[5 2],26,35,36,9,34
1,<environment.Job instance at 0x7f67b0a1b820>,28,1,[9 2],29,49,50,20,49
1,<environment.Job instance at 0x7f67b0a1b870>,31,23,[5 2],32,58,81,26,58
1,<environment.Job instance at 0x7f67b0a05780>,33,28,[10  4],34,65,93,31,65
1,<environment.Job instance at 0x7f67b0a05960>,40,1,[5 2],41,89,90,48,89
1,<environment.Job instance at 0x7f67b0a1acd0>,41,3,[ 1 10],42,90,93,48,89
1,<environment.Job instance at 0x7f67b0a1a140>,42,2,[4 7],43,93,95,50,90
1,<environment.Job instance at 0x7f67b0a1a690>,45,3,[ 4 10],46,108,111,62,108
1,<environment.Job instance at 0x7f67b0a1abe0>,47,1,[1 5],48,116,117,68,116
1,<environment.Job instance at 0x7f67b0a1aeb0>,51,19,[10  5],52,130,149,78,130
1,<environment.Job instance at 0x7f67b0a0c910>,58,2,[1 9],59,148,150,89,148
1,<environment.Job instance at 0x7f67b0a0c870>,64,1,[3 7],65,176,177,111,176
1,<environment.Job instance at 0x7f67b0a0ca00>,65,2,[ 5 10],66,177,179,111,176
1,<environment.Job instance at 0x7f67b0a214b0>,67,2,[2 8],68,183,185,115,183
1,<environment.Job instance at 0x7f67b0a21fa0>,71,3,[8 1],72,201,204,129,201
1,<environment.Job instance at 0x7f67b0a21780>,73,1,[10  2],74,215,216,141,215
1,<environment.Job instance at 0x7f67b0a217d0>,74,24,[5 9],75,215,239,140,215
1,<environment.Job instance at 0x7f67b0a21f00>,76,28,[9 5],77,219,247,142,219
1,<environment.Job instance at 0x7f67b0a21b90>,83,18,[8 3],84,261,279,177,261
1,<environment.Job instance at 0x7f67b0a21c80>,84,2,[6 2],85,261,263,176,261
1,<environment.Job instance at 0x7f67b09fcfa0>,86,3,[9 4],87,279,282,192,263
1,<environment.Job instance at 0x7f67b0a211e0>,87,1,[8 4],88,282,283,194,263
1,<environment.Job instance at 0x7f67b09fc5a0>,88,2,[4 8],89,263,265,174,263
1,<environment.Job instance at 0x7f67b09fcaa0>,90,3,[10  5],91,283,286,192,265
1,<environment.Job instance at 0x7f67b09fc9b0>,92,1,[2 9],93,265,266,172,265
1,<environment.Job instance at 0x7f67b09fc410>,95,1,[8 2],96,286,287,190,281
1,<environment.Job instance at 0x7f67b09fc500>,96,1,[2 8],97,281,282,184,281
1,<environment.Job instance at 0x7f67b09fcbe0>,100,3,[1 9],101,298,301,197,298
1,<environment.Job instance at 0x7f67b09fc780>,102,19,[1 5],103,310,329,207,310
1,<environment.Job instance at 0x7f67b0a09190>,103,2,[1 7],104,310,312,206,310
1,<environment.Job instance at 0x7f67b0a09dc0>,108,16,[8 1],109,340,356,231,340
1,<environment.Job instance at 0x7f67b0a09af0>,113,23,[5 6],114,352,375,238,352
1,<environment.Job instance at 0x7f67b0a098c0>,116,2,[10  5],117,356,358,239,355
1,<environment.Job instance at 0x7f67b0a0ec30>,118,28,[3 8],119,358,386,239,357
1,<environment.Job instance at 0x7f67b0a0ef50>,121,2,[8 4],122,375,377,253,371
1,<environment.Job instance at 0x7f67b0a0ef00>,122,2,[10  2],123,377,379,254,371
1,<environment.Job instance at 0x7f67b0a0e140>,123,23,[5 7],124,379,402,255,373
1,<environment.Job instance at 0x7f67b0a0e4b0>,124,28,[8 5],125,386,414,261,385
1,<environment.Job instance at 0x7f67b0a0e870>,125,1,[10  5],126,414,415,288,386
1,<environment.Job instance at 0x7f67b0a0eaa0>,126,23,[3 7],127,402,425,275,396
1,<environment.Job instance at 0x7f89c76cd370>,1,22,[11  3],2,2,24,0,2
1,<environment.Job instance at 0x7f89c7755e60>,2,22,[4 8],3,3,25,0,3
1,<environment.Job instance at 0x7f89c02bda50>,12,26,[ 1 10],13,25,51,12,22
1,<environment.Job instance at 0x7f89c02c0410>,23,27,[1 6],24,51,78,27,49
1,<environment.Job instance at 0x7f89c02c00a0>,22,1,[2 7],23,51,52,28,49
1,<environment.Job instance at 0x7f89c02c07d0>,28,23,[10  4],29,59,82,30,59
1,<environment.Job instance at 0x7f89c02c0a00>,34,24,[1 8],35,78,102,43,73
1,<environment.Job instance at 0x7f89c02c0f00>,38,2,[ 1 10],39,102,104,63,81
1,<environment.Job instance at 0x7f89c02c1230>,41,1,[5 2],42,86,87,44,86
1,<environment.Job instance at 0x7f89c02c12d0>,42,2,[4 6],43,87,89,44,86
1,<environment.Job instance at 0x7f89c02c1320>,44,3,[5 5],45,98,101,53,98
1,<environment.Job instance at 0x7f89c02c1780>,47,2,[6 5],48,108,110,60,108
1,<environment.Job instance at 0x7f89c02c1c30>,51,3,[1 5],52,131,134,79,131
1,<environment.Job instance at 0x7f89c02c1cd0>,52,1,[8 5],53,131,132,78,131
1,<environment.Job instance at 0x7f89c02c1d70>,4,2,[2 7],5,6,8,1,6
1,<environment.Job instance at 0x7f89c02cbc80>,7,1,[ 1 14],8,8,9,0,8
1,<environment.Job instance at 0x7f89c02cbbe0>,8,1,[4 6],9,9,10,0,9
1,<environment.Job instance at 0x7f89c02cbaf0>,5,3,[ 4 13],6,11,14,5,11
1,<environment.Job instance at 0x7f89c02d6820>,13,3,[1 9],14,16,19,2,16
1,<environment.Job instance at 0x7f89c02d6f50>,19,2,[4 9],20,20,22,0,20
1,<environment.Job instance at 0x7f89c02d6eb0>,20,3,[13  3],21,23,26,2,23
1,<environment.Job instance at 0x7f89c02d88c0>,22,3,[3 7],23,30,33,7,30
1,<environment.Job instance at 0x7f89c02d8e60>,26,2,[8 1],27,39,41,12,39
1,<environment.Job instance at 0x7f89c02d8280>,27,2,[10  2],28,41,43,13,39
1,<environment.Job instance at 0x7f89c02d8820>,28,19,[6 4],29,43,62,14,39
1,<environment.Job instance at 0x7f89c02dce10>,30,2,[9 5],31,44,46,13,44
1,<environment.Job instance at 0x7f89c02dc4b0>,31,2,[5 5],32,46,48,14,46
1,<environment.Job instance at 0x7f89c02dc640>,34,19,[6 1],35,60,79,25,60
1,<environment.Job instance at 0x7f89c02de870>,36,2,[11  5],37,79,81,42,61
1,<environment.Job instance at 0x7f89c02deaa0>,37,21,[ 3 10],38,61,82,23,61
1,<environment.Job instance at 0x7f89c02de8c0>,38,3,[14  4],39,82,85,43,76
1,<environment.Job instance at 0x7f897c6b7dc0>,43,2,[7 3],44,85,87,41,85
1,<environment.Job instance at 0x7f897c6864b0>,44,3,[4 6],45,85,88,40,85
1,<environment.Job instance at 0x7f897c686730>,45,2,[5 2],46,87,89,41,85
1,<environment.Job instance at 0x7f897c6995f0>,46,1,[5 9],47,88,89,41,85
1,<environment.Job instance at 0x7f897c699320>,47,1,[2 9],48,89,90,41,85
1,<environment.Job instance at 0x7f897c6990f0>,48,21,[9 4],49,89,110,40,85
1,<environment.Job instance at 0x7f897c6c1f50>,52,3,[10  2],53,110,113,57,102
1,<environment.Job instance at 0x7f897c6c1550>,53,2,[8 3],54,113,115,59,102
1,<environment.Job instance at 0x7f897c699e10>,50,18,[10  3],51,115,133,64,105
1,<environment.Job instance at 0x7f897c6c18c0>,55,1,[6 2],56,105,106,49,105
1,<environment.Job instance at 0x7f897c6c1aa0>,57,1,[9 1],58,133,134,75,115
1,<environment.Job instance at 0x7f897c6c1c80>,59,2,[9 4],60,134,136,74,117
1,<environment.Job instance at 0x7f897c643cd0>,64,3,[9 2],65,149,152,84,149
1,<environment.Job instance at 0x7f897c643eb0>,66,3,[2 8],67,155,158,88,155
1,<environment.Job instance at 0x7f897c643d70>,67,1,[2 8],68,158,159,90,155
1,<environment.Job instance at 0x7f897c643870>,68,2,[13  1],69,156,158,87,156
1,<environment.Job instance at 0x7f897c643230>,69,2,[10  4],70,158,160,88,156
1,<environment.Job instance at 0x7f897c643370>,71,3,[13  5],72,160,163,88,157
1,<environment.Job instance at 0x7f897c6c20a0>,72,2,[ 1 12],73,163,165,90,157
1,<environment.Job instance at 0x7f897c6c2c30>,75,2,[5 5],76,173,175,97,173
1,<environment.Job instance at 0x7f897c6c2550>,77,3,[1 5],78,177,180,99,177
1,<environment.Job instance at 0x7f897c6c2460>,78,1,[10  5],79,177,178,98,177
1,<environment.Job instance at 0x7f897c6c29b0>,79,1,[ 2 10],80,178,179,98,177
1,<environment.Job instance at 0x7f897c6bfb90>,82,1,[ 4 13],83,180,181,97,179
1,<environment.Job instance at 0x7f897c6bfd20>,81,18,[2 8],82,181,199,99,180
1,<environment.Job instance at 0x7f897c6d2960>,91,1,[8 3],92,220,221,128,220
1,<environment.Job instance at 0x7f897c6bf0a0>,92,20,[1 7],93,220,240,127,220
1,<environment.Job instance at 0x7f897c72eb90>,93,1,[ 4 10],94,240,241,146,220
1,<environment.Job instance at 0x7f897c6d6820>,95,1,[10  1],96,221,222,125,220
1,<environment.Job instance at 0x7f897c6db910>,96,19,[2 7],97,221,240,124,220
1,<environment.Job instance at 0x7f897c93cfa0>,99,2,[5 8],100,241,243,141,237
1,<environment.Job instance at 0x7f897c6dba50>,100,24,[ 1 10],101,243,267,142,238
1,<environment.Job instance at 0x7f897c7880a0>,103,24,[7 4],104,240,264,136,238
1,<environment.Job instance at 0x7f897c7c50a0>,105,3,[12  3],106,266,269,160,266
1,<environment.Job instance at 0x7f897c7b12d0>,107,2,[4 5],108,269,271,161,266
1,<environment.Job instance at 0x7f897c7b1230>,109,3,[5 1],110,271,274,161,271
1,<environment.Job instance at 0x7f897c7aeeb0>,111,27,[4 7],112,271,298,159,271
1,<environment.Job instance at 0x7f897c7aedc0>,112,26,[8 4],113,274,300,161,271
1,<environment.Job instance at 0x7f897c82b640>,0,2,[ 5 10],1,2,4,1,2
1,<environment.Job instance at 0x7f897c699cd0>,6,1,[2 7],7,7,8,0,7
1,<environment.Job instance at 0x7f897c580140>,9,28,[5 3],10,10,38,0,10
1,<environment.Job instance at 0x7f89c008c5a0>,18,1,[2 7],19,26,27,7,26
1,<environment.Job instance at 0x7f89c07654b0>,22,25,[6 3],23,36,61,13,36
1,<environment.Job instance at 0x7f89c003acd0>,30,1,[ 1 10],31,80,81,49,80
1,<environment.Job instance at 0x7f89c051cc30>,32,1,[5 9],33,81,82,48,81
1,<environment.Job instance at 0x7f89c051ccd0>,33,20,[2 6],34,81,101,47,81
1,<environment.Job instance at 0x7f897c5f24b0>,38,2,[2 6],39,95,97,56,95
1,<environment.Job instance at 0x7f897c5f2aa0>,41,2,[1 7],42,105,107,63,105
1,<environment.Job instance at 0x7f897c5f2e10>,42,3,[ 3 11],43,107,110,64,107
1,<environment.Job instance at 0x7f897c5f2c30>,47,1,[9 3],48,125,126,77,125
1,<environment.Job instance at 0x7f897c5f2af0>,50,24,[2 8],51,132,156,81,132
1,<environment.Job instance at 0x7f897c5f2230>,51,24,[9 1],52,132,156,80,132
1,<environment.Job instance at 0x7f897c5f26e0>,53,24,[10  5],54,156,180,102,151
1,<environment.Job instance at 0x7f897c5f2cd0>,54,23,[10  2],55,180,203,125,174
1,<environment.Job instance at 0x7f89c0766230>,66,1,[2 6],67,214,215,147,214
1,<environment.Job instance at 0x7f897c8a1cd0>,4,2,[2 5],5,6,8,1,6
1,<environment.Job instance at 0x7f897cc01fa0>,6,1,[3 8],7,7,8,0,7
1,<environment.Job instance at 0x7f897cc01780>,7,3,[10  2],8,8,11,0,8
1,<environment.Job instance at 0x7f897c91b0f0>,8,1,[2 8],9,9,10,0,9
1,<environment.Job instance at 0x7f897c91bcd0>,9,1,[ 3 10],10,10,11,0,10
1,<environment.Job instance at 0x7f897c91b1e0>,12,1,[ 5 10],13,13,14,0,13
1,<environment.Job instance at 0x7f897c91beb0>,13,1,[ 5 12],14,14,15,0,14
1,<environment.Job instance at 0x7f897c982640>,14,21,[7 2],15,15,36,0,15
1,<environment.Job instance at 0x7f89c0877780>,24,3,[14  4],25,40,43,15,40
1,<environment.Job instance at 0x7f89c010d8c0>,25,2,[5 5],26,43,45,17,40
1,<environment.Job instance at 0x7f89c0073140>,26,2,[13  4],27,45,47,18,40
1,<environment.Job instance at 0x7f89c0155eb0>,27,3,[3 5],28,47,50,19,41
1,<environment.Job instance at 0x7f89c76f0cd0>,29,27,[1 5],30,52,79,22,52
1,<environment.Job instance at 0x7f89c76f0370>,30,1,[5 1],31,52,53,21,52
1,<environment.Job instance at 0x7f89c76f0550>,31,3,[9 3],32,52,55,20,52
1,<environment.Job instance at 0x7f89c044eaf0>,32,3,[ 4 10],33,55,58,22,52
1,<environment.Job instance at 0x7f89c04416e0>,41,3,[9 2],42,104,107,62,104
1,<environment.Job instance at 0x7f89c0441230>,43,2,[9 1],44,107,109,63,106
1,<environment.Job instance at 0x7f89c06e8f50>,44,2,[1 8],45,106,108,61,106
1,<environment.Job instance at 0x7f89c0607fa0>,46,25,[3 8],47,113,138,66,113
1,<environment.Job instance at 0x7f89c0607eb0>,47,2,[2 8],48,138,140,90,113
1,<environment.Job instance at 0x7f89c0607370>,48,3,[ 5 14],49,140,143,91,134
1,<environment.Job instance at 0x7f89c04adb90>,49,27,[9 3],50,143,170,93,141
1,<environment.Job instance at 0x7f897c910e60>,52,24,[ 3 10],53,143,167,90,141
1,<environment.Job instance at 0x7f89c08fd4b0>,13,2,[10  5],14,26,28,12,26
1,<environment.Job instance at 0x7f89c08fd280>,18,21,[5 8],19,42,63,23,42
1,<environment.Job instance at 0x7f89c08fd870>,21,28,[2 8],22,63,91,41,62
1,<environment.Job instance at 0x7f89c08fd910>,23,27,[9 3],24,72,99,48,72
1,<environment.Job instance at 0x7f89c08fd460>,26,28,[1 7],27,91,119,64,90
1,<environment.Job instance at 0x7f89c08fde10>,29,2,[ 4 11],30,119,121,89,104
1,<environment.Job instance at 0x7f89c00c4f00>,36,28,[9 2],37,104,132,67,104
1,<environment.Job instance at 0x7f89c00c4230>,43,1,[6 2],44,122,123,78,122
1,<environment.Job instance at 0x7f89c00c46e0>,34,3,[11  1],35,132,135,97,126
1,<environment.Job instance at 0x7f89c00c4640>,47,3,[ 1 12],48,134,137,86,134
1,<environment.Job instance at 0x7f89c03df370>,51,1,[10  4],52,137,138,85,134
1,<environment.Job instance at 0x7f897cb637d0>,56,23,[7 4],57,158,181,101,158
1,<environment.Job instance at 0x7f897c990fa0>,63,20,[5 4],64,191,211,127,191
1,<environment.Job instance at 0x7f897cb63550>,64,2,[10  3],65,191,193,126,191
1,<environment.Job instance at 0x7f897cb87f50>,0,1,[5 9],1,2,3,1,2
1,<environment.Job instance at 0x7f89c025e460>,14,1,[1 9],15,15,16,0,15
1,<environment.Job instance at 0x7f89c0106f50>,20,28,[5 6],21,43,71,22,43
1,<environment.Job instance at 0x7f89c0106730>,21,2,[2 6],22,43,45,21,43
1,<environment.Job instance at 0x7f89c0f3cdc0>,23,28,[ 1 11],24,71,99,47,70
1,<environment.Job instance at 0x7f89c0f3c3c0>,25,23,[5 3],26,70,93,44,70
1,<environment.Job instance at 0x7f89c0f3c5a0>,28,1,[6 1],29,74,75,45,74
1,<environment.Job instance at 0x7f89c02a1320>,4,3,[3 5],5,5,8,0,5
1,<environment.Job instance at 0x7f89c0bb9cd0>,5,23,[8 2],6,6,29,0,6
1,<environment.Job instance at 0x7f89c0bdd910>,15,3,[11  2],16,43,46,27,43
1,<environment.Job instance at 0x7f89c0c24280>,22,23,[7 1],23,55,78,32,55
1,<environment.Job instance at 0x7f89c0c24550>,23,2,[2 8],24,55,57,31,55
1,<environment.Job instance at 0x7f89c0c24320>,25,3,[13  2],26,78,81,52,55
1,<environment.Job instance at 0x7f89c0c24780>,26,1,[9 4],27,81,82,54,55
1,<environment.Job instance at 0x7f89c0c242d0>,27,3,[3 8],28,57,60,29,55
1,<environment.Job instance at 0x7f89c02132d0>,28,1,[13  4],29,82,83,53,55
1,<environment.Job instance at 0x7f89c0c1dcd0>,34,2,[5 2],35,99,101,64,99
1,<environment.Job instance at 0x7f897c9c8dc0>,37,2,[2 9],38,106,108,68,106
1,<environment.Job instance at 0x7f89c03a6b40>,38,2,[8 3],39,106,108,67,106
1,<environment.Job instance at 0x7f897c9ca280>,41,23,[ 3 13],42,120,143,78,120
1,<environment.Job instance at 0x7f89c0fde0a0>,46,2,[7 2],47,149,151,102,149
1,<environment.Job instance at 0x7f89c0f70280>,47,15,[6 1],48,149,164,101,149
1,<environment.Job instance at 0x7f89c08e1b90>,44,18,[1 8],45,152,170,107,152
1,<environment.Job instance at 0x7f89c036b0f0>,49,1,[9 4],50,164,165,114,152
1,<environment.Job instance at 0x7f89c03140f0>,50,20,[9 5],51,165,185,114,156
1,<environment.Job instance at 0x7f897c703af0>,58,3,[2 7],59,171,174,112,171
1,<environment.Job instance at 0x7f89c0337820>,60,1,[8 1],61,185,186,124,172
1,<environment.Job instance at 0x7f89c03370f0>,64,22,[9 5],65,198,220,133,198
1,<environment.Job instance at 0x7f89c0337dc0>,65,3,[ 1 14],66,220,223,154,211
1,<environment.Job instance at 0x7f89c03375f0>,69,3,[10  2],70,223,226,153,217
1,<environment.Job instance at 0x7f89c01ecf50>,77,2,[3 7],78,293,295,215,293
1,<environment.Job instance at 0x7f89c01eca50>,79,21,[1 7],80,307,328,227,307
1,<environment.Job instance at 0x7f897cb12dc0>,0,25,[ 1 14],1,4,29,3,4
1,<environment.Job instance at 0x7f89c0213b40>,4,19,[9 1],5,5,24,0,5
1,<environment.Job instance at 0x7f89c03c2640>,10,1,[2 6],11,29,30,18,21
1,<environment.Job instance at 0x7f89c0ef4af0>,3,1,[ 4 13],4,30,31,26,21
1,<environment.Job instance at 0x7f89c08c15f0>,15,1,[5 2],16,29,30,13,21
1,<environment.Job instance at 0x7f897cb7ed20>,16,3,[8 3],17,31,34,14,21
1,<environment.Job instance at 0x7f897cb7e870>,18,3,[11  1],19,36,39,17,36
1,<environment.Job instance at 0x7f897cb7e780>,19,2,[3 7],20,37,39,17,37
1,<environment.Job instance at 0x7f89c01d8d20>,23,2,[2 7],24,39,41,15,37
1,<environment.Job instance at 0x7f89c01eab90>,5,3,[ 4 11],6,41,44,35,38
1,<environment.Job instance at 0x7f897c8e1050>,27,22,[6 1],28,39,61,11,38
1,<environment.Job instance at 0x7f897ca5a550>,33,2,[8 1],34,59,61,25,59
1,<environment.Job instance at 0x7f897ca5ad70>,34,1,[ 3 10],35,61,62,26,59
1,<environment.Job instance at 0x7f897ca5a4b0>,39,2,[3 7],40,85,87,45,85
1,<environment.Job instance at 0x7f897c820190>,42,19,[8 3],43,99,118,56,99
1,<environment.Job instance at 0x7f897cc3a820>,45,1,[7 1],46,116,117,70,116
1,<environment.Job instance at 0x7f897cc3aa50>,46,23,[5 5],47,117,140,70,116
1,<environment.Job instance at 0x7f897cc3aaf0>,47,1,[2 6],48,117,118,69,116
1,<environment.Job instance at 0x7f897cc3ac30>,49,25,[7 3],50,121,146,71,121
1,<environment.Job instance at 0x7f897cc3a780>,50,1,[12  5],51,146,147,95,121
1,<environment.Job instance at 0x7f897cc3ac80>,52,1,[5 2],53,140,141,87,130
1,<environment.Job instance at 0x7f897cc0a0f0>,58,12,[5 1],59,150,162,91,150
1,<environment.Job instance at 0x7f897cc0a280>,59,3,[7 1],60,150,153,90,150
1,<environment.Job instance at 0x7f897cc0a370>,60,2,[8 5],61,153,155,92,150
1,<environment.Job instance at 0x7f897cc0a460>,61,3,[ 3 11],62,155,158,93,152
1,<environment.Job instance at 0x7f897cc0a3c0>,63,3,[1 6],64,164,167,100,164
1,<environment.Job instance at 0x7f897cc0a960>,66,1,[ 3 10],67,167,168,100,166
1,<environment.Job instance at 0x7f897c8e1c30>,31,18,[5 9],32,182,200,150,182
1,<environment.Job instance at 0x7f897cc0a910>,69,2,[3 7],70,200,202,130,182
1,<environment.Job instance at 0x7f897cc0aa50>,71,1,[4 7],72,200,201,128,189
1,<environment.Job instance at 0x7f897cc0ad20>,72,19,[6 2],73,201,220,128,191
1,<environment.Job instance at 0x7f897cc0ac80>,73,3,[1 8],74,202,205,128,191
1,<environment.Job instance at 0x7f897cc0aeb0>,74,1,[1 7],75,205,206,130,191
1,<environment.Job instance at 0x7f897cc0ad70>,75,3,[14  4],76,220,223,144,194
1,<environment.Job instance at 0x7f897cc053c0>,81,2,[11  4],82,223,225,141,217
1,<environment.Job instance at 0x7f897cc05460>,82,2,[6 3],83,217,219,134,217
1,<environment.Job instance at 0x7f897cc05190>,85,3,[3 9],86,232,235,146,232
1,<environment.Job instance at 0x7f897cc050a0>,86,18,[3 6],87,236,254,149,236
1,<environment.Job instance at 0x7f897cc055f0>,88,22,[ 1 13],89,254,276,165,247
1,<environment.Job instance at 0x7f897cc05eb0>,97,1,[9 1],98,268,269,170,268
1,<environment.Job instance at 0x7f897cc05f50>,98,2,[11  2],99,269,271,170,268
1,<environment.Job instance at 0x7f897cc05fa0>,99,23,[4 9],100,276,299,176,270
1,<environment.Job instance at 0x7f897cc42280>,104,22,[5 8],105,299,321,194,292
1,<environment.Job instance at 0x7f897cc42190>,109,3,[4 5],110,323,326,213,323
1,<environment.Job instance at 0x7f897cc427d0>,112,1,[10  2],113,333,334,220,333
1,<environment.Job instance at 0x7f897cc42870>,113,1,[2 9],114,333,334,219,333
1,<environment.Job instance at 0x7f897cc42910>,114,1,[10  4],115,334,335,219,333
1,<environment.Job instance at 0x7f897cc429b0>,115,3,[5 7],116,334,337,218,333
1,<environment.Job instance at 0x7f897cc42be0>,116,1,[1 8],117,335,336,218,333
1,<environment.Job instance at 0x7f897cc42e10>,120,2,[ 4 14],121,350,352,229,350
1,<environment.Job instance at 0x7f897cc42b90>,122,2,[1 5],123,352,354,229,350
1,<environment.Job instance at 0x7f897cc03280>,125,3,[10  2],126,366,369,240,366
1,<environment.Job instance at 0x7f897cc033c0>,127,2,[9 1],128,369,371,241,366
1,<environment.Job instance at 0x7f897cc03460>,128,2,[ 2 10],129,366,368,237,366
1,<environment.Job instance at 0x7f897cc037d0>,132,1,[3 9],133,392,393,259,392
1,<environment.Job instance at 0x7f897cc035a0>,135,1,[5 6],136,403,404,267,403
1,<environment.Job instance at 0x7f89c01d80f0>,0,1,[4 8],1,2,3,1,2
1,<environment.Job instance at 0x7f89c0daea00>,5,20,[10  3],6,6,26,0,6
1,<environment.Job instance at 0x7f89c0cfc370>,17,23,[6 1],18,26,49,8,20
1,<environment.Job instance at 0x7f89c0cfc190>,16,2,[ 5 12],17,24,26,7,24
1,<environment.Job instance at 0x7f897c746500>,23,3,[2 6],24,28,31,4,28
1,<environment.Job instance at 0x7f89c0f72dc0>,24,2,[9 2],25,31,33,6,28
1,<environment.Job instance at 0x7f89c0cfc500>,12,18,[9 2],13,33,51,20,31
1,<environment.Job instance at 0x7f89c01ba500>,30,25,[9 4],31,51,76,20,47
1,<environment.Job instance at 0x7f89c05d3550>,34,28,[ 5 10],35,52,80,17,52
1,<environment.Job instance at 0x7f89c062de10>,38,26,[4 9],39,80,106,41,77
1,<environment.Job instance at 0x7f89c062deb0>,37,27,[2 9],38,106,133,68,104
1,<environment.Job instance at 0x7f897c510f50>,52,22,[5 4],53,111,133,58,111
1,<environment.Job instance at 0x7f897c5105f0>,48,19,[2 7],49,133,152,84,123
1,<environment.Job instance at 0x7f89c0cdf3c0>,57,3,[3 7],58,133,136,75,124
1,<environment.Job instance at 0x7f89c01b2eb0>,64,2,[9 5],65,157,159,92,157
1,<environment.Job instance at 0x7f89c06d54b0>,61,16,[2 5],62,159,175,97,159
1,<environment.Job instance at 0x7f89c0ac17d0>,67,26,[10  5],68,167,193,99,167
1,<environment.Job instance at 0x7f89c0ac15a0>,72,3,[1 7],73,191,194,118,191
1,<environment.Job instance at 0x7f89c0ac1190>,74,19,[2 5],75,201,220,126,201
1,<environment.Job instance at 0x7f897c576e60>,77,1,[3 8],78,214,215,136,214
1,<environment.Job instance at 0x7f897c5762d0>,78,12,[1 9],79,220,232,141,220
1,<environment.Job instance at 0x7f897c5768c0>,83,23,[1 7],84,232,255,148,226
1,<environment.Job instance at 0x7f897c5760f0>,84,22,[1 8],85,232,254,147,226
1,<environment.Job instance at 0x7f89c0e4d6e0>,91,3,[1 8],92,255,258,163,255
1,<environment.Job instance at 0x7f89c0e4d280>,92,26,[1 5],93,255,281,162,255
1,<environment.Job instance at 0x7f89c0e4d460>,96,1,[9 3],97,275,276,178,275
1,<environment.Job instance at 0x7f89c0e4d5a0>,98,3,[5 8],99,282,285,183,282
1,<environment.Job instance at 0x7f89c0e4d5f0>,99,2,[3 9],100,285,287,185,282
1,<environment.Job instance at 0x7f89c0e4de60>,102,22,[5 3],103,294,316,191,294
1,<environment.Job instance at 0x7f89c0e4d690>,103,1,[8 4],104,294,295,190,294
1,<environment.Job instance at 0x7f89c0e4dc30>,105,1,[8 5],106,305,306,199,305
1,<environment.Job instance at 0x7f89c0839780>,106,3,[2 5],107,305,308,198,305
1,<environment.Job instance at 0x7f89c0839e10>,107,24,[2 8],108,308,332,200,305
1,<environment.Job instance at 0x7f89c0a7c870>,5,3,[3 8],6,6,9,0,6
1,<environment.Job instance at 0x7f897c7f87d0>,8,1,[8 3],9,9,10,0,9
1,<environment.Job instance at 0x7f897c95c640>,13,3,[ 2 10],14,18,21,4,18
1,<environment.Job instance at 0x7f897c894b40>,16,2,[ 2 10],17,22,24,5,22
1,<environment.Job instance at 0x7f89c0f57e60>,19,3,[10  4],20,36,39,16,36
1,<environment.Job instance at 0x7f897c894c80>,21,3,[13  1],22,45,48,23,45
1,<environment.Job instance at 0x7f89c0984730>,22,3,[3 7],23,48,51,25,45
1,<environment.Job instance at 0x7f89c0dc8320>,27,1,[ 5 10],28,56,57,28,56
1,<environment.Job instance at 0x7f897c6c1730>,29,2,[1 9],30,66,68,36,66
1,<environment.Job instance at 0x7f897c6c1e60>,31,2,[10  4],32,72,74,40,72
1,<environment.Job instance at 0x7f897c97b280>,35,1,[ 3 12],36,95,96,59,95
1,<environment.Job instance at 0x7f897c97b730>,36,3,[10  3],37,95,98,58,95
1,<environment.Job instance at 0x7f897c97b500>,38,3,[ 5 12],39,105,108,66,105
1,<environment.Job instance at 0x7f897c93b190>,40,2,[5 4],41,108,110,67,105
1,<environment.Job instance at 0x7f897cba0d70>,45,22,[5 2],46,125,147,79,125
1,<environment.Job instance at 0x7f897cba05f0>,46,1,[11  1],47,147,148,100,125
1,<environment.Job instance at 0x7f897cba0280>,47,2,[2 6],48,125,127,77,125
1,<environment.Job instance at 0x7f897cba08c0>,49,3,[7 2],50,127,130,77,127
1,<environment.Job instance at 0x7f897cb5d0f0>,51,28,[7 5],52,148,176,96,147
1,<environment.Job instance at 0x7f89c0dfd2d0>,53,2,[14  5],54,176,178,122,153
1,<environment.Job instance at 0x7f89c0dfd500>,54,26,[7 1],55,178,204,123,175
1,<environment.Job instance at 0x7f897c91c910>,56,3,[10  1],57,204,207,147,178
1,<environment.Job instance at 0x7f89c0dd9370>,58,1,[5 1],59,178,179,119,178
1,<environment.Job instance at 0x7f89c0dd9f50>,59,2,[7 4],60,179,181,119,178
1,<environment.Job instance at 0x7f89c0dd9b40>,60,2,[1 9],61,178,180,117,178
1,<environment.Job instance at 0x7f89c02131e0>,63,3,[6 1],64,182,185,118,182
1,<environment.Job instance at 0x7f89c0213410>,64,3,[1 6],65,182,185,117,182
1,<environment.Job instance at 0x7f89c0d68af0>,66,1,[7 1],67,198,199,131,198
1,<environment.Job instance at 0x7f89c0d68a00>,70,24,[10  5],71,223,247,152,223
1,<environment.Job instance at 0x7f89c0d68f50>,71,3,[ 4 12],72,247,250,175,243
1,<environment.Job instance at 0x7f897c7f85f0>,0,22,[4 6],1,1,23,0,1
1,<environment.Job instance at 0x7f897ca5faf0>,13,2,[8 3],14,14,16,0,14
1,<environment.Job instance at 0x7f897ca5fbe0>,17,3,[6 1],18,18,21,0,18
1,<environment.Job instance at 0x7f897cc6a2d0>,4,18,[10  2],5,21,39,16,19
1,<environment.Job instance at 0x7f897ca5f730>,19,1,[ 4 14],20,39,40,19,25
1,<environment.Job instance at 0x7f89c0096f00>,25,1,[ 5 13],26,41,42,15,41
1,<environment.Job instance at 0x7f89c0096d20>,26,1,[8 5],27,42,43,15,41
1,<environment.Job instance at 0x7f89c0096cd0>,27,3,[3 6],28,42,45,14,41
1,<environment.Job instance at 0x7f89c0096550>,28,2,[2 9],29,43,45,14,41
1,<environment.Job instance at 0x7f897cc6d410>,31,22,[2 9],32,56,78,24,56
1,<environment.Job instance at 0x7f897cc6d190>,33,3,[ 5 11],34,78,81,44,73
1,<environment.Job instance at 0x7f897cc6d9b0>,34,1,[9 1],35,73,74,38,73
1,<environment.Job instance at 0x7f897cc6d140>,40,2,[7 1],41,88,90,47,88
1,<environment.Job instance at 0x7f897cc6d230>,41,3,[ 3 11],42,93,96,51,93
1,<environment.Job instance at 0x7f897cc6dbe0>,42,1,[ 3 10],43,96,97,53,93
1,<environment.Job instance at 0x7f897c97c410>,44,1,[2 5],45,96,97,51,93
1,<environment.Job instance at 0x7f897c97c550>,46,3,[2 5],47,97,100,50,93
1,<environment.Job instance at 0x7f89c0096d70>,22,16,[14  1],23,205,221,182,205
1,<environment.Job instance at 0x7f897c9579b0>,53,3,[6 1],54,221,224,167,207
1,<environment.Job instance at 0x7f897c9575f0>,54,26,[10  2],55,224,250,169,221
1,<environment.Job instance at 0x7f897c9578c0>,55,3,[4 8],56,221,224,165,221
1,<environment.Job instance at 0x7f897c957eb0>,60,1,[7 1],61,250,251,189,222
1,<environment.Job instance at 0x7f897c957f50>,61,2,[2 6],62,222,224,160,222
1,<environment.Job instance at 0x7f897c957fa0>,62,20,[5 2],63,224,244,161,222
1,<environment.Job instance at 0x7f897c9752d0>,66,1,[5 5],67,244,245,177,224
1,<environment.Job instance at 0x7f897cc6d640>,0,3,[2 6],1,2,5,1,2
1,<environment.Job instance at 0x7f89c05e33c0>,10,1,[1 7],11,11,12,0,11
1,<environment.Job instance at 0x7f89c03a6500>,12,2,[1 9],13,13,15,0,13
1,<environment.Job instance at 0x7f89c03a65f0>,13,2,[6 3],14,14,16,0,14
1,<environment.Job instance at 0x7f89c03a6dc0>,16,1,[6 3],17,18,19,1,18
1,<environment.Job instance at 0x7f89c03a6f00>,17,1,[5 4],18,18,19,0,18
1,<environment.Job instance at 0x7f897c868dc0>,19,1,[3 5],20,20,21,0,20
1,<environment.Job instance at 0x7f897c868370>,20,1,[4 9],21,21,22,0,21
1,<environment.Job instance at 0x7f897c868a50>,24,2,[7 3],25,34,36,9,34
1,<environment.Job instance at 0x7f897c8686e0>,28,2,[1 6],29,54,56,25,54
1,<environment.Job instance at 0x7f897c8681e0>,29,23,[5 5],30,54,77,24,54
1,<environment.Job instance at 0x7f897c868a00>,35,24,[7 5],36,74,98,38,74
1,<environment.Job instance at 0x7f897c93b780>,41,2,[4 8],42,90,92,48,90
1,<environment.Job instance at 0x7f897c8689b0>,37,3,[ 2 13],38,98,101,60,91
1,<environment.Job instance at 0x7f89c0dd9550>,43,3,[5 6],44,92,95,48,92
1,<environment.Job instance at 0x7f89c0dd9190>,45,2,[7 1],46,95,97,49,93
1,<environment.Job instance at 0x7f89c0dd9410>,48,3,[10  1],49,107,110,58,107
1,<environment.Job instance at 0x7f89c0dd9460>,50,1,[13  2],51,115,116,64,115
1,<environment.Job instance at 0x7f89c0dd9f00>,53,1,[ 2 13],54,129,130,75,129
1,<environment.Job instance at 0x7f89c0dd9280>,54,2,[ 4 10],55,130,132,75,129
1,<environment.Job instance at 0x7f897ca6a410>,55,19,[8 1],56,129,148,73,129
1,<environment.Job instance at 0x7f897ca6a8c0>,56,1,[ 4 11],57,132,133,75,130
1,<environment.Job instance at 0x7f89c06282d0>,60,2,[4 6],61,138,140,77,138
1,<environment.Job instance at 0x7f89c0628be0>,61,23,[7 5],62,140,163,78,138
1,<environment.Job instance at 0x7f89c0628230>,62,28,[8 2],63,148,176,85,147
1,<environment.Job instance at 0x7f89c0628140>,63,22,[5 4],64,163,185,99,156
1,<environment.Job instance at 0x7f897ca238c0>,74,2,[1 7],75,167,169,92,167
1,<environment.Job instance at 0x7f897ca237d0>,77,3,[9 2],78,176,179,98,172
1,<environment.Job instance at 0x7f897ca23870>,78,1,[1 6],79,172,173,93,172
1,<environment.Job instance at 0x7f897ca23e10>,80,2,[2 6],81,173,175,92,172
1,<environment.Job instance at 0x7f897ca230f0>,82,2,[2 8],83,179,181,96,175
1,<environment.Job instance at 0x7f89c057f230>,84,26,[7 4],85,187,213,102,187
1,<environment.Job instance at 0x7f89c057ff00>,85,1,[12  3],86,213,214,127,187
1,<environment.Job instance at 0x7f89c057f550>,86,2,[5 5],87,187,189,100,187
1,<environment.Job instance at 0x7f89c057f410>,90,3,[8 4],91,198,201,107,198
1,<environment.Job instance at 0x7f89c057f140>,92,3,[9 3],93,214,217,121,203
1,<environment.Job instance at 0x7f89c057f190>,93,1,[10  5],94,217,218,123,203
1,<environment.Job instance at 0x7f897c7263c0>,95,3,[5 6],96,215,218,119,215
1,<environment.Job instance at 0x7f897c726fa0>,96,2,[3 5],97,218,220,121,215
1,<environment.Job instance at 0x7f897c726af0>,97,1,[5 1],98,218,219,120,215
1,<environment.Job instance at 0x7f89c08e8320>,99,2,[6 3],100,220,222,120,220
1,<environment.Job instance at 0x7f89c08e8e10>,103,1,[7 3],104,248,249,144,248
1,<environment.Job instance at 0x7f89c065a5a0>,106,1,[3 9],107,256,257,149,256
1,<environment.Job instance at 0x7f89c065a960>,107,19,[4 7],108,257,276,149,256
1,<environment.Job instance at 0x7f89c065a3c0>,108,3,[9 1],109,257,260,148,257
1,<environment.Job instance at 0x7f89c07e3a00>,111,3,[2 8],112,273,276,161,273
1,<environment.Job instance at 0x7f89c07e3af0>,115,1,[5 7],116,293,294,177,293
1,<environment.Job instance at 0x7f89c07e3d70>,117,18,[7 1],118,301,319,183,301
1,<environment.Job instance at 0x7f89c07e3aa0>,120,2,[3 9],121,318,320,197,318
1,<environment.Job instance at 0x7f89c07e3280>,121,3,[1 7],122,320,323,198,318
1,<environment.Job instance at 0x7f89c0d23fa0>,122,22,[6 2],123,319,341,196,318
1,<environment.Job instance at 0x7f89c0d235a0>,124,23,[6 5],125,330,353,205,330
1,<environment.Job instance at 0x7f89c0d235f0>,125,1,[9 4],126,341,342,215,330
1,<environment.Job instance at 0x7f89c0d237d0>,127,2,[5 8],128,342,344,214,330
1,<environment.Job instance at 0x7f897c35ec80>,130,2,[2 7],131,332,334,201,332
1,<environment.Job instance at 0x7f897c35e3c0>,133,21,[7 4],134,346,367,212,346
1,<environment.Job instance at 0x7f897c35ea50>,134,2,[ 4 10],135,353,355,218,346
1,<environment.Job instance at 0x7f89c03a61e0>,0,26,[5 7],1,1,27,0,1
1,<environment.Job instance at 0x7f897c958a50>,4,20,[5 9],5,27,47,22,18
1,<environment.Job instance at 0x7f89c0dfd190>,6,1,[7 3],7,18,19,11,18
1,<environment.Job instance at 0x7f89c733e7d0>,5,3,[6 1],6,19,22,13,18
1,<environment.Job instance at 0x7f897c726730>,9,27,[5 9],10,47,74,37,45
1,<environment.Job instance at 0x7f897c7260a0>,10,1,[8 1],11,45,46,34,45
1,<environment.Job instance at 0x7f897c726500>,12,26,[ 1 10],13,74,100,61,71
1,<environment.Job instance at 0x7f897c726960>,13,28,[3 5],14,71,99,57,71
1,<environment.Job instance at 0x7f89c04a7d20>,20,20,[5 8],21,100,120,79,91
1,<environment.Job instance at 0x7f89c04a7dc0>,21,2,[10  5],22,99,101,77,91
1,<environment.Job instance at 0x7f89c04a73c0>,22,1,[9 4],23,101,102,78,91
1,<environment.Job instance at 0x7f89c04a7be0>,23,2,[3 6],24,102,104,78,91
1,<environment.Job instance at 0x7f89c04a7550>,30,21,[5 2],31,104,125,73,102
1,<environment.Job instance at 0x7f897c91f280>,35,2,[ 5 10],36,121,123,85,121
1,<environment.Job instance at 0x7f897c91f5a0>,37,2,[8 3],38,128,130,90,128
1,<environment.Job instance at 0x7f897c91f410>,42,1,[5 8],43,154,155,111,154
1,<environment.Job instance at 0x7f897c91f690>,43,1,[6 3],44,154,155,110,154
1,<environment.Job instance at 0x7f897c91f500>,44,3,[6 1],45,155,158,110,154
1,<environment.Job instance at 0x7f897c91c870>,45,1,[10  4],46,158,159,112,154
1,<environment.Job instance at 0x7f897c91c190>,47,3,[10  1],48,159,162,111,155
1,<environment.Job instance at 0x7f897c91c7d0>,49,1,[6 1],50,167,168,117,167
1,<environment.Job instance at 0x7f897c91c820>,51,1,[6 1],52,170,171,118,170
1,<environment.Job instance at 0x7f89c0373730>,52,2,[ 4 10],53,170,172,117,170
1,<environment.Job instance at 0x7f89c0373dc0>,53,2,[4 7],54,172,174,118,170
1,<environment.Job instance at 0x7f89c0373af0>,55,23,[7 4],56,185,208,129,185
1,<environment.Job instance at 0x7f89c0373d70>,56,23,[5 6],57,185,208,128,185
1,<environment.Job instance at 0x7f89c0373a50>,58,25,[ 5 10],59,208,233,149,204
1,<environment.Job instance at 0x7f897c408cd0>,64,1,[9 2],65,222,223,157,222
1,<environment.Job instance at 0x7f89c00b5820>,66,2,[4 6],67,233,235,166,233
1,<environment.Job instance at 0x7f89c00b5370>,67,26,[ 2 10],68,235,261,167,233
1,<environment.Job instance at 0x7f89c0259dc0>,76,1,[5 8],77,311,312,234,311
1,<environment.Job instance at 0x7f89c0259730>,79,1,[8 4],80,319,320,239,319
1,<environment.Job instance at 0x7f89c02591e0>,81,2,[1 9],82,326,328,244,326
1,<environment.Job instance at 0x7f89c02598c0>,82,1,[7 2],83,326,327,243,326
1,<environment.Job instance at 0x7f89c02590a0>,83,20,[5 2],84,326,346,242,326
1,<environment.Job instance at 0x7f897c4b70a0>,86,1,[6 2],87,347,348,260,347
1,<environment.Job instance at 0x7f897c4b7780>,87,2,[ 5 11],88,347,349,259,347
1,<environment.Job instance at 0x7f89c08e8280>,4,23,[2 9],5,5,28,0,5
1,<environment.Job instance at 0x7f89c043d5f0>,14,2,[6 1],15,24,26,9,24
1,<environment.Job instance at 0x7f89c043d460>,15,3,[7 2],16,25,28,9,25
1,<environment.Job instance at 0x7f89c043d0a0>,16,1,[10  5],17,28,29,11,25
1,<environment.Job instance at 0x7f89c043df00>,17,3,[10  3],18,29,32,11,26
1,<environment.Job instance at 0x7f89c092e780>,18,26,[2 5],19,28,54,9,26
1,<environment.Job instance at 0x7f89c043df50>,19,28,[4 8],20,32,60,12,31
1,<environment.Job instance at 0x7f89c7750b40>,20,28,[1 5],21,54,82,33,53
1,<environment.Job instance at 0x7f897cb217d0>,26,22,[7 4],27,60,82,33,53
1,<environment.Job instance at 0x7f897ca4fd20>,27,28,[ 1 10],28,82,110,54,81
1,<environment.Job instance at 0x7f897c945fa0>,43,3,[9 5],44,113,116,69,113
1,<environment.Job instance at 0x7f897c40cb90>,6,3,[14  4],7,116,119,109,114
1,<environment.Job instance at 0x7f89c0828870>,56,20,[10  4],57,147,167,90,147
1,<environment.Job instance at 0x7f89c07f3eb0>,66,1,[10  4],67,169,170,102,169
1,<environment.Job instance at 0x7f89c07f3d70>,67,2,[7 3],68,170,172,102,169
1,<environment.Job instance at 0x7f89c07f3e10>,69,2,[5 5],70,169,171,99,169
1,<environment.Job instance at 0x7f89c07f3190>,73,24,[9 2],74,193,217,119,193
1,<environment.Job instance at 0x7f897c41b410>,81,24,[2 6],82,215,239,133,215
1,<environment.Job instance at 0x7f89c06585f0>,85,3,[1 5],86,231,234,145,231
1,<environment.Job instance at 0x7f897c423aa0>,90,3,[ 5 10],91,247,250,156,247
1,<environment.Job instance at 0x7f897c707fa0>,92,1,[2 8],93,250,251,157,249
1,<environment.Job instance at 0x7f89c03df320>,93,21,[5 4],94,249,270,155,249
1,<environment.Job instance at 0x7f89c07083c0>,97,2,[10  5],98,270,272,172,270
1,<environment.Job instance at 0x7f89c01c1c30>,98,3,[10  4],99,272,275,173,270
1,<environment.Job instance at 0x7f89c0592be0>,100,2,[1 8],101,279,281,178,279
1,<environment.Job instance at 0x7f89c0bb90f0>,103,1,[ 4 10],104,297,298,193,297
1,<environment.Job instance at 0x7f89c0bb9960>,104,24,[5 8],105,298,322,193,297
1,<environment.Job instance at 0x7f89c0bb9e10>,105,1,[1 5],106,297,298,191,297
1,<environment.Job instance at 0x7f89c06355a0>,106,24,[10  2],107,298,322,191,297
1,<environment.Job instance at 0x7f89c06359b0>,108,1,[2 6],109,322,323,213,298
1,<environment.Job instance at 0x7f89c06ea2d0>,110,2,[14  3],111,323,325,212,309
1,<environment.Job instance at 0x7f89c06ea8c0>,111,1,[3 9],112,322,323,210,309
1,<environment.Job instance at 0x7f89c0635910>,107,18,[3 8],108,325,343,217,315
1,<environment.Job instance at 0x7f89c06d4550>,115,1,[5 9],116,343,344,227,315
1,<environment.Job instance at 0x7f897c5f45a0>,116,23,[9 5],117,325,348,208,319
1,<environment.Job instance at 0x7f89c06e8780>,124,1,[3 8],125,348,349,223,348
1,<environment.Job instance at 0x7f897c5e3410>,127,3,[8 5],128,348,351,220,348
1,<environment.Job instance at 0x7f897c5e31e0>,128,3,[9 3],129,351,354,222,348
1,<environment.Job instance at 0x7f897c5e3820>,129,1,[13  5],130,354,355,224,348
1,<environment.Job instance at 0x7f897c5e3500>,130,1,[4 5],131,349,350,218,348
1,<environment.Job instance at 0x7f897c5e3960>,131,2,[4 7],132,350,352,218,348
1,<environment.Job instance at 0x7f897c5e3280>,133,27,[5 6],134,363,390,229,363
1,<environment.Job instance at 0x7f897c5e3d20>,135,1,[9 2],136,363,364,227,363
1,<environment.Job instance at 0x7f897c5e30f0>,137,2,[4 9],138,367,369,229,367
1,<environment.Job instance at 0x7f897c5e3eb0>,138,25,[11  1],139,390,415,251,386
1,<environment.Job instance at 0x7f897c89ad20>,4,27,[3 8],5,5,32,0,5
1,<environment.Job instance at 0x7f897ca40460>,15,27,[4 6],16,27,54,11,27
1,<environment.Job instance at 0x7f89c01409b0>,17,1,[1 7],18,32,33,14,30
1,<environment.Job instance at 0x7f897c4528c0>,21,2,[5 3],22,45,47,23,45
1,<environment.Job instance at 0x7f897c452e60>,22,1,[5 5],23,45,46,22,45
1,<environment.Job instance at 0x7f89c0238690>,24,2,[9 3],25,57,59,32,57
1,<environment.Job instance at 0x7f89c0238410>,25,3,[2 6],26,57,60,31,57
1,<environment.Job instance at 0x7f89c0e48780>,27,3,[6 3],28,59,62,31,59
1,<environment.Job instance at 0x7f89c0e488c0>,28,1,[10  4],29,62,63,33,59
1,<environment.Job instance at 0x7f89c010f050>,34,28,[4 7],35,99,127,64,99
1,<environment.Job instance at 0x7f89c010f9b0>,36,2,[9 4],37,102,104,65,102
1,<environment.Job instance at 0x7f89c076eaf0>,40,24,[9 4],41,115,139,74,115
1,<environment.Job instance at 0x7f89c0e13410>,43,2,[12  3],44,139,141,95,133
1,<environment.Job instance at 0x7f89c076ef00>,39,18,[8 2],40,165,183,125,165
1,<environment.Job instance at 0x7f89c0644280>,52,1,[7 3],53,166,167,113,166
1,<environment.Job instance at 0x7f897c89efa0>,59,3,[5 2],60,208,211,148,208
1,<environment.Job instance at 0x7f89c06c01e0>,60,1,[6 3],61,208,209,147,208
1,<environment.Job instance at 0x7f89c06c0280>,61,2,[ 3 10],62,208,210,146,208
1,<environment.Job instance at 0x7f89c0747870>,62,2,[6 4],63,210,212,147,208
1,<environment.Job instance at 0x7f89c02dc050>,65,2,[9 3],66,224,226,158,224
1,<environment.Job instance at 0x7f89c02dca00>,67,22,[10  4],68,235,257,167,235
1,<environment.Job instance at 0x7f89c02dcd70>,68,21,[7 1],69,257,278,188,249
1,<environment.Job instance at 0x7f89c02dcf00>,70,1,[7 3],71,257,258,186,249
1,<environment.Job instance at 0x7f89c02dc640>,71,1,[5 8],72,249,250,177,249
1,<environment.Job instance at 0x7f89c02dc410>,72,21,[5 3],73,258,279,185,250
1,<environment.Job instance at 0x7f89c02dcc30>,73,2,[9 1],74,278,280,204,251
1,<environment.Job instance at 0x7f89c02dc690>,76,2,[8 2],77,280,282,203,253
1,<environment.Job instance at 0x7f89c02dc370>,78,3,[14  4],79,282,285,203,259
1,<environment.Job instance at 0x7f89c0bbc730>,81,2,[2 7],82,263,265,181,263
1,<environment.Job instance at 0x7f89c0bbc8c0>,84,2,[2 5],85,272,274,187,272
1,<environment.Job instance at 0x7f89c0bbc640>,86,21,[10  2],87,285,306,198,277
1,<environment.Job instance at 0x7f897c4fe6e0>,99,3,[1 6],100,330,333,230,330
1,<environment.Job instance at 0x7f897c4fee60>,100,25,[ 4 10],101,333,358,232,330
1,<environment.Job instance at 0x7f897c4fee10>,101,22,[9 1],102,330,352,228,330
1,<environment.Job instance at 0x7f89c07763c0>,103,1,[6 5],104,352,353,248,331
1,<environment.Job instance at 0x7f89c0dfd280>,0,1,[6 1],1,3,4,2,3
1,<environment.Job instance at 0x7f89c07c4f00>,7,1,[3 6],8,8,9,0,8
1,<environment.Job instance at 0x7f89c07c4320>,8,2,[7 1],9,10,12,1,10
1,<environment.Job instance at 0x7f89c07c4a50>,10,2,[ 2 12],11,11,13,0,11
1,<environment.Job instance at 0x7f89c07c4050>,19,2,[10  4],20,43,45,23,43
1,<environment.Job instance at 0x7f89c04c6780>,21,2,[10  3],22,47,49,25,47
1,<environment.Job instance at 0x7f89c04c6230>,25,1,[14  5],26,61,62,35,61
1,<environment.Job instance at 0x7f89c04c6b90>,27,2,[ 5 12],28,69,71,41,69
1,<environment.Job instance at 0x7f89c04c6500>,29,20,[7 2],30,69,89,39,69
1,<environment.Job instance at 0x7f89c04c6370>,34,1,[5 9],35,97,98,62,97
1,<environment.Job instance at 0x7f89c04c6280>,35,2,[ 2 12],36,98,100,62,97
1,<environment.Job instance at 0x7f89c04c66e0>,36,2,[10  2],37,97,99,60,97
1,<environment.Job instance at 0x7f897c389f00>,38,22,[ 3 10],39,106,128,67,106
1,<environment.Job instance at 0x7f897c388050>,44,19,[3 7],45,138,157,93,138
1,<environment.Job instance at 0x7f897c388fa0>,46,1,[6 5],47,150,151,103,150
1,<environment.Job instance at 0x7f897c388640>,47,23,[3 5],48,151,174,103,150
1,<environment.Job instance at 0x7f897c3880f0>,50,28,[2 6],51,166,194,115,166
1,<environment.Job instance at 0x7f897c388730>,51,1,[2 6],52,174,175,122,166
1,<environment.Job instance at 0x7f897c3885f0>,52,2,[ 4 10],53,194,196,141,167
1,<environment.Job instance at 0x7f897c3885a0>,53,1,[6 1],54,167,168,113,167
1,<environment.Job instance at 0x7f897c388be0>,54,2,[7 2],55,168,170,113,167
1,<environment.Job instance at 0x7f897c24a050>,57,2,[9 2],58,170,172,112,167
1,<environment.Job instance at 0x7f897c24aa50>,58,2,[8 1],59,172,174,113,167
1,<environment.Job instance at 0x7f897c24a640>,59,23,[8 2],60,174,197,114,168
1,<environment.Job instance at 0x7f897c24ac30>,60,1,[13  1],61,197,198,136,193
1,<environment.Job instance at 0x7f897c24afa0>,63,19,[3 9],64,198,217,134,195
1,<environment.Job instance at 0x7f897c24af00>,70,2,[2 6],71,221,223,150,221
1,<environment.Job instance at 0x7f897c24a960>,71,20,[10  2],72,221,241,149,221
1,<environment.Job instance at 0x7f897c2a50a0>,78,3,[13  1],79,283,286,204,283
1,<environment.Job instance at 0x7f897c2a5190>,79,1,[10  2],80,286,287,206,283
1,<environment.Job instance at 0x7f897c2a5960>,82,1,[1 9],83,286,287,203,286
1,<environment.Job instance at 0x7f897c389d20>,1,1,[7 3],2,2,3,0,2
1,<environment.Job instance at 0x7f89c04c6050>,0,1,[2 9],1,3,4,2,3
1,<environment.Job instance at 0x7f89c04c6d20>,3,1,[2 6],4,4,5,0,4
1,<environment.Job instance at 0x7f89c0aa6960>,7,1,[ 2 12],8,14,15,6,14
1,<environment.Job instance at 0x7f897cb346e0>,15,1,[10  4],16,16,17,0,16
1,<environment.Job instance at 0x7f897ca880f0>,19,2,[7 1],20,31,33,11,31
1,<environment.Job instance at 0x7f897cae4dc0>,21,23,[9 2],22,33,56,11,31
1,<environment.Job instance at 0x7f897cae4b90>,22,1,[ 3 10],23,31,32,8,31
1,<environment.Job instance at 0x7f897cae4910>,24,2,[2 5],25,43,45,18,43
1,<environment.Job instance at 0x7f897cae4690>,25,25,[ 2 11],26,45,70,19,43
1,<environment.Job instance at 0x7f897c821550>,35,2,[3 6],36,80,82,44,80
1,<environment.Job instance at 0x7f897c821870>,38,2,[4 9],39,90,92,51,90
1,<environment.Job instance at 0x7f897ca71eb0>,41,1,[1 8],42,129,130,87,129
1,<environment.Job instance at 0x7f89c0e332d0>,42,22,[ 4 11],43,130,152,87,129
1,<environment.Job instance at 0x7f89c071a2d0>,45,2,[5 6],46,152,154,106,130
1,<environment.Job instance at 0x7f89c0cd87d0>,3,1,[5 6],4,4,5,0,4
1,<environment.Job instance at 0x7f89c0cd8730>,4,24,[4 8],5,5,29,0,5
1,<environment.Job instance at 0x7f89c0d91c80>,6,23,[9 2],7,7,30,0,7
1,<environment.Job instance at 0x7f89c72cbcd0>,9,27,[ 5 10],10,29,56,19,27
1,<environment.Job instance at 0x7f89c04c65a0>,10,28,[8 5],11,30,58,19,29
1,<environment.Job instance at 0x7f89c0cc0fa0>,2,2,[ 1 14],3,58,60,55,52
1,<environment.Job instance at 0x7f897c5f31e0>,19,2,[3 7],20,60,62,40,57
1,<environment.Job instance at 0x7f897c5f3690>,24,2,[3 9],25,85,87,60,85
1,<environment.Job instance at 0x7f897c5f3b90>,30,21,[9 2],31,106,127,75,106
1,<environment.Job instance at 0x7f897c5f3870>,31,3,[8 3],32,127,130,95,106
1,<environment.Job instance at 0x7f897c5f39b0>,32,2,[9 2],33,130,132,97,106
1,<environment.Job instance at 0x7f897c2a51e0>,35,3,[8 2],36,132,135,96,118
1,<environment.Job instance at 0x7f897c2a55f0>,36,26,[3 5],37,118,144,81,118
1,<environment.Job instance at 0x7f897c82bb40>,37,24,[9 4],38,135,159,97,130
1,<environment.Job instance at 0x7f897c707f00>,43,2,[8 5],44,159,161,115,136
1,<environment.Job instance at 0x7f89c00dc410>,46,3,[9 1],47,161,164,114,154
1,<environment.Job instance at 0x7f89c0342c80>,48,1,[12  1],49,164,165,115,154
1,<environment.Job instance at 0x7f897cb46410>,49,2,[7 2],50,159,161,109,154
1,<environment.Job instance at 0x7f897cb46c80>,50,1,[5 5],51,154,155,103,154
1,<environment.Job instance at 0x7f897cb465f0>,51,2,[2 5],52,155,157,103,154
1,<environment.Job instance at 0x7f89c07c4910>,54,1,[7 2],55,167,168,112,167
1,<environment.Job instance at 0x7f897cc60c30>,55,1,[6 4],56,167,168,111,167
1,<environment.Job instance at 0x7f89c07c4cd0>,56,1,[6 5],57,168,169,111,167
1,<environment.Job instance at 0x7f89c07c4a50>,58,3,[1 5],59,168,171,109,168
1,<environment.Job instance at 0x7f897c8fa5a0>,60,2,[6 2],61,172,174,111,172
1,<environment.Job instance at 0x7f897c8faf50>,62,2,[8 5],63,183,185,120,183
1,<environment.Job instance at 0x7f89c08a01e0>,63,24,[5 1],64,183,207,119,183
1,<environment.Job instance at 0x7f89c08a0820>,64,1,[6 5],65,185,186,120,183
1,<environment.Job instance at 0x7f89c08a0e60>,65,22,[5 4],66,186,208,120,183
1,<environment.Job instance at 0x7f89c08a0f50>,66,28,[8 5],67,207,235,140,206
1,<environment.Job instance at 0x7f897cb1beb0>,74,25,[9 4],75,235,260,160,231
1,<environment.Job instance at 0x7f897cb1bd20>,77,1,[5 2],78,232,233,154,232
1,<environment.Job instance at 0x7f897c82ba00>,1,19,[10  5],2,2,21,0,2
1,<environment.Job instance at 0x7f89c0894be0>,15,2,[ 5 10],16,17,19,1,17
1,<environment.Job instance at 0x7f89c0894f50>,17,2,[2 8],18,19,21,1,18
1,<environment.Job instance at 0x7f89c08945f0>,21,3,[8 1],22,29,32,7,29
1,<environment.Job instance at 0x7f89c0894dc0>,23,1,[10  2],24,34,35,10,34
1,<environment.Job instance at 0x7f89c0894190>,24,24,[5 9],25,34,58,9,34
1,<environment.Job instance at 0x7f89c08948c0>,26,28,[9 5],27,47,75,20,47
1,<environment.Job instance at 0x7f89c0894690>,30,3,[5 6],31,60,63,29,60
1,<environment.Job instance at 0x7f89c0792be0>,11,18,[4 5],12,64,82,52,64
1,<environment.Job instance at 0x7f897c3a20f0>,36,3,[9 4],37,75,78,38,69
1,<environment.Job instance at 0x7f897c3a20a0>,40,3,[10  5],41,81,84,40,81
1,<environment.Job instance at 0x7f897c3a2960>,42,1,[2 9],43,82,83,39,81
1,<environment.Job instance at 0x7f897c3a24b0>,43,18,[2 6],44,84,102,40,84
1,<environment.Job instance at 0x7f897c3a26e0>,44,13,[1 6],45,84,97,39,84
1,<environment.Job instance at 0x7f897c3a2eb0>,45,1,[8 2],46,86,87,40,86
1,<environment.Job instance at 0x7f897c3a2460>,46,1,[2 8],47,97,98,50,86
1,<environment.Job instance at 0x7f897c3b0c30>,50,3,[1 9],51,98,101,47,98
1,<environment.Job instance at 0x7f897c3b0c80>,52,19,[1 5],53,114,133,61,114
1,<environment.Job instance at 0x7f897c3b0730>,53,2,[1 7],54,114,116,60,114
1,<environment.Job instance at 0x7f897c3b00a0>,47,18,[3 8],48,116,134,68,115
1,<environment.Job instance at 0x7f897c3b0cd0>,63,23,[5 6],64,142,165,78,142
1,<environment.Job instance at 0x7f89c0c12aa0>,66,2,[10  5],67,153,155,86,153
1,<environment.Job instance at 0x7f89c0c12320>,68,28,[3 8],69,155,183,86,154
1,<environment.Job instance at 0x7f89c0f1a550>,71,2,[8 4],72,167,169,95,167
1,<environment.Job instance at 0x7f89c0f1a820>,72,2,[10  2],73,169,171,96,167
1,<environment.Job instance at 0x7f89c0f1ab40>,73,23,[5 7],74,171,194,97,167
1,<environment.Job instance at 0x7f89c0f1a0a0>,74,28,[8 5],75,183,211,108,182
1,<environment.Job instance at 0x7f89c0f1a3c0>,76,23,[3 7],77,194,217,117,188
1,<environment.Job instance at 0x7f89c0f1a870>,79,22,[5 3],80,211,233,131,204
1,<environment.Job instance at 0x7f89c0074b90>,82,23,[13  5],83,233,256,150,227
1,<environment.Job instance at 0x7f89c00749b0>,84,20,[1 9],85,227,247,142,227
1,<environment.Job instance at 0x7f89c0074370>,93,26,[6 4],94,256,282,162,253
1,<environment.Job instance at 0x7f89c00740a0>,87,20,[ 5 12],88,282,302,194,273
1,<environment.Job instance at 0x7f89c0074140>,96,24,[10  1],97,282,306,185,277
1,<environment.Job instance at 0x7f897c8cba50>,106,26,[8 4],107,306,332,199,303
1,<environment.Job instance at 0x7f89c094a4b0>,0,27,[7 2],1,1,28,0,1
1,<environment.Job instance at 0x7f89c041d280>,1,26,[ 5 11],2,2,28,0,2
1,<environment.Job instance at 0x7f89c02f1190>,16,3,[4 9],17,28,31,11,23
1,<environment.Job instance at 0x7f89c02f1e60>,18,1,[3 6],19,28,29,9,23
1,<environment.Job instance at 0x7f89c02f1460>,19,2,[ 1 11],20,31,33,11,23
1,<environment.Job instance at 0x7f89c02f15f0>,20,2,[8 1],21,29,31,8,24
1,<environment.Job instance at 0x7f89c02f1b90>,23,2,[9 5],24,40,42,16,40
1,<environment.Job instance at 0x7f89c02f11e0>,24,2,[1 6],25,40,42,15,40
1,<environment.Job instance at 0x7f89c03162d0>,25,3,[5 7],26,42,45,16,40
1,<environment.Job instance at 0x7f89c0316500>,26,13,[5 1],27,40,53,13,40
1,<environment.Job instance at 0x7f89c0316dc0>,27,15,[1 9],28,45,60,17,42
1,<environment.Job instance at 0x7f89c0316870>,28,21,[5 3],29,42,63,13,42
1,<environment.Job instance at 0x7f89c0316aa0>,33,24,[10  4],34,60,84,26,55
1,<environment.Job instance at 0x7f89c0316cd0>,37,2,[ 3 11],38,75,77,37,75
1,<environment.Job instance at 0x7f89c0316320>,40,2,[1 7],41,77,79,36,75
1,<environment.Job instance at 0x7f89c0316c30>,41,21,[2 7],42,79,100,37,75
1,<environment.Job instance at 0x7f89c0328690>,50,1,[5 9],51,111,112,60,111
1,<environment.Job instance at 0x7f89c032d780>,51,1,[2 5],52,111,112,59,111
1,<environment.Job instance at 0x7f89c032daa0>,52,18,[3 8],53,112,130,59,112
1,<environment.Job instance at 0x7f89c032d5a0>,53,1,[ 3 10],54,130,131,76,112
1,<environment.Job instance at 0x7f89c032d550>,55,25,[8 3],56,113,138,57,113
1,<environment.Job instance at 0x7f89c032d870>,58,12,[ 2 12],59,715,727,656,715
1,<environment.Job instance at 0x7f89c0302be0>,62,1,[2 7],63,727,728,664,715
1,<environment.Job instance at 0x7f89c0302d20>,63,1,[4 8],64,727,728,663,715
1,<environment.Job instance at 0x7f89c0302e10>,66,19,[4 6],67,728,747,661,718
1,<environment.Job instance at 0x7f89c03025f0>,68,1,[3 8],69,728,729,659,718
1,<environment.Job instance at 0x7f89c0302280>,69,21,[ 5 10],70,747,768,677,739
1,<environment.Job instance at 0x7f89c03029b0>,70,3,[9 5],71,739,742,668,739
1,<environment.Job instance at 0x7f89c03027d0>,72,3,[6 5],73,742,745,669,742
1,<environment.Job instance at 0x7f89c03026e0>,73,21,[5 5],74,745,766,671,742
1,<environment.Job instance at 0x7f89c0318820>,82,3,[5 5],83,766,769,683,762
1,<environment.Job instance at 0x7f89c0318d70>,83,27,[4 6],84,768,795,684,766
1,<environment.Job instance at 0x7f89c0318190>,87,2,[3 5],88,778,780,690,778
1,<environment.Job instance at 0x7f89c03182d0>,88,14,[5 1],89,778,792,689,778
1,<environment.Job instance at 0x7f89c0318280>,90,3,[ 1 14],91,795,798,704,788
1,<environment.Job instance at 0x7f89c0318730>,91,1,[10  3],92,792,793,700,788
1,<environment.Job instance at 0x7f89c0318960>,92,1,[10  1],93,793,794,700,788
1,<environment.Job instance at 0x7f89c03188c0>,94,1,[ 2 11],95,798,799,703,791
1,<environment.Job instance at 0x7f17cf3ab370>,1,22,[11  3],2,2,24,0,2
1,<environment.Job instance at 0x7f17cf3ab230>,2,22,[4 8],3,3,25,0,3
1,<environment.Job instance at 0x7f17c9f9b6e0>,12,26,[ 1 10],13,25,51,12,22
1,<environment.Job instance at 0x7f17c9f9baf0>,20,1,[7 5],21,27,28,6,27
1,<environment.Job instance at 0x7f17c9f9e550>,23,27,[1 6],24,51,78,27,49
1,<environment.Job instance at 0x7f17c9f9e780>,26,3,[3 7],27,51,54,24,50
1,<environment.Job instance at 0x7f17c9f9e8c0>,28,23,[10  4],29,54,77,25,51
1,<environment.Job instance at 0x7f17c9f9efa0>,34,24,[1 8],35,77,101,42,72
1,<environment.Job instance at 0x7f17c9f9f1e0>,38,2,[ 1 10],39,101,103,62,75
1,<environment.Job instance at 0x7f17c9f9fc30>,51,3,[1 5],52,134,137,82,134
1,<environment.Job instance at 0x7f17c9fa2230>,52,1,[8 5],53,134,135,81,134
1,<environment.Job instance at 0x7f17c9fa5320>,0,2,[3 8],1,2,4,1,2
1,<environment.Job instance at 0x7f17c9fb4a50>,5,1,[9 1],6,7,8,1,7
1,<environment.Job instance at 0x7f17c9fb4d70>,9,2,[4 9],10,10,12,0,10
1,<environment.Job instance at 0x7f17c9fb4fa0>,12,3,[3 7],13,14,17,1,14
1,<environment.Job instance at 0x7f17c9fb6b40>,17,2,[10  2],18,18,20,0,18
1,<environment.Job instance at 0x7f17c9fb6a50>,18,19,[6 4],19,20,39,1,19
1,<environment.Job instance at 0x7f17c9fbb690>,24,19,[6 1],25,29,48,4,29
1,<environment.Job instance at 0x7f17c9fb4af0>,10,3,[13  3],11,48,51,37,37
1,<environment.Job instance at 0x7f17c9fbbf00>,27,21,[ 3 10],28,51,72,23,43
1,<environment.Job instance at 0x7f17c9fbe1e0>,38,21,[9 4],39,62,83,23,62
1,<environment.Job instance at 0x7f17c9fbb4b0>,26,2,[11  5],27,83,85,56,80
1,<environment.Job instance at 0x7f17c9fbb870>,28,3,[14  4],29,85,88,56,81
1,<environment.Job instance at 0x7f17844071e0>,42,3,[10  2],43,88,91,45,85
1,<environment.Job instance at 0x7f1784219d70>,45,1,[6 2],46,91,92,45,85
1,<environment.Job instance at 0x7f1784396050>,47,1,[9 1],48,91,92,43,86
1,<environment.Job instance at 0x7f17843969b0>,49,2,[9 4],50,96,98,46,96
1,<environment.Job instance at 0x7f1784396be0>,54,3,[9 2],55,120,123,65,120
1,<environment.Job instance at 0x7f178439faa0>,56,3,[2 8],57,127,130,70,127
1,<environment.Job instance at 0x7f178439fb40>,57,1,[2 8],58,130,131,72,127
1,<environment.Job instance at 0x7f178439f6e0>,58,2,[13  1],59,129,131,70,129
1,<environment.Job instance at 0x7f178439f050>,61,3,[13  5],62,131,134,69,131
1,<environment.Job instance at 0x7f178439f0f0>,62,2,[ 1 12],63,134,136,71,132
1,<environment.Job instance at 0x7f1784397af0>,67,3,[1 5],68,143,146,75,143
1,<environment.Job instance at 0x7f1784323e10>,68,1,[10  5],69,143,144,74,143
1,<environment.Job instance at 0x7f1784323730>,69,1,[ 2 10],70,144,145,74,143
1,<environment.Job instance at 0x7f1784323780>,72,1,[ 4 13],73,161,162,88,161
1,<environment.Job instance at 0x7f17843230f0>,75,1,[3 8],76,180,181,104,180
1,<environment.Job instance at 0x7f17843211e0>,81,1,[8 3],82,217,218,135,217
1,<environment.Job instance at 0x7f1784323cd0>,82,20,[1 7],83,217,237,134,217
1,<environment.Job instance at 0x7f17843210f0>,83,1,[ 4 10],84,237,238,153,217
1,<environment.Job instance at 0x7f1784321f00>,85,1,[10  1],86,218,219,132,217
1,<environment.Job instance at 0x7f17843215a0>,86,19,[2 7],87,218,237,131,217
1,<environment.Job instance at 0x7f17843229b0>,90,24,[ 1 10],91,238,262,147,233
1,<environment.Job instance at 0x7f1784322f50>,93,24,[7 4],94,237,261,143,233
1,<environment.Job instance at 0x7f17844204b0>,99,3,[5 1],100,261,264,161,261
1,<environment.Job instance at 0x7f17843221e0>,100,3,[7 3],101,261,264,160,261
1,<environment.Job instance at 0x7f17843a42d0>,101,27,[4 7],102,264,291,162,262
1,<environment.Job instance at 0x7f17843b3eb0>,102,26,[8 4],103,264,290,161,262
1,<environment.Job instance at 0x7f17843addc0>,95,3,[12  3],96,291,294,195,290
1,<environment.Job instance at 0x7f17843b86e0>,109,1,[5 4],110,294,295,184,294
1,<environment.Job instance at 0x7f178448e5f0>,110,25,[ 3 10],111,294,319,183,294
1,<environment.Job instance at 0x7f178448e460>,111,1,[ 2 10],112,319,320,207,294
1,<environment.Job instance at 0x7f178448e410>,112,1,[3 9],113,320,321,207,294
1,<environment.Job instance at 0x7f17842dc550>,113,2,[4 7],114,321,323,207,294
1,<environment.Job instance at 0x7f17842e2cd0>,115,2,[1 5],116,299,301,183,299
1,<environment.Job instance at 0x7f1784335780>,116,3,[8 4],117,301,304,184,299
1,<environment.Job instance at 0x7f17842c65a0>,119,3,[4 7],120,322,325,202,322
1,<environment.Job instance at 0x7f17cf42edc0>,122,1,[5 5],123,332,333,209,332
1,<environment.Job instance at 0x7f178434b820>,123,23,[10  1],124,332,355,208,332
1,<environment.Job instance at 0x7f178437a780>,124,2,[8 5],125,355,357,230,332
1,<environment.Job instance at 0x7f17842c65f0>,125,1,[8 1],126,357,358,231,332
1,<environment.Job instance at 0x7f17cf38c5a0>,126,28,[6 5],127,355,383,228,354
1,<environment.Job instance at 0x7f17cf513230>,129,2,[10  2],130,408,410,278,408
1,<environment.Job instance at 0x7f17c9e8fc30>,130,2,[ 5 10],131,408,410,277,408
1,<environment.Job instance at 0x7f17c9fb40a0>,2,25,[6 3],3,3,28,0,3
1,<environment.Job instance at 0x7f178421a8c0>,13,20,[2 6],14,17,37,3,17
1,<environment.Job instance at 0x7f17ca4a9f00>,22,3,[ 3 11],23,39,42,16,39
1,<environment.Job instance at 0x7f178425f0a0>,27,1,[9 3],28,41,42,13,41
1,<environment.Job instance at 0x7f17c9d65140>,30,24,[2 8],31,50,74,19,50
1,<environment.Job instance at 0x7f17c9d655f0>,31,24,[9 1],32,50,74,18,50
1,<environment.Job instance at 0x7f17ca46ab40>,32,3,[7 1],33,74,77,41,50
1,<environment.Job instance at 0x7f17841ff190>,33,24,[10  5],34,77,101,43,72
1,<environment.Job instance at 0x7f17841fffa0>,34,23,[10  2],35,101,124,66,95
1,<environment.Job instance at 0x7f178437a410>,46,1,[2 6],47,122,123,75,122
1,<environment.Job instance at 0x7f178437a690>,48,2,[5 7],49,130,132,81,130
1,<environment.Job instance at 0x7f178437a820>,51,2,[6 3],52,142,144,90,142
1,<environment.Job instance at 0x7f178437afa0>,55,3,[9 4],56,159,162,103,159
1,<environment.Job instance at 0x7f178437a8c0>,58,2,[9 4],59,175,177,116,175
1,<environment.Job instance at 0x7f17c9d1df00>,59,3,[ 2 10],60,175,178,115,175
1,<environment.Job instance at 0x7f17c9d1d500>,60,27,[ 5 10],61,178,205,117,176
1,<environment.Job instance at 0x7f17d03d8a50>,66,25,[ 5 10],67,205,230,138,201
1,<environment.Job instance at 0x7f17c9e3b640>,81,3,[1 6],82,230,233,148,230
1,<environment.Job instance at 0x7f17c9deca50>,83,2,[5 5],84,237,239,153,237
1,<environment.Job instance at 0x7f17c9d78d70>,84,1,[7 4],85,237,238,152,237
1,<environment.Job instance at 0x7f17c9dec4b0>,86,3,[6 3],87,246,249,159,246
1,<environment.Job instance at 0x7f17c9d78af0>,89,3,[5 5],90,258,261,168,258
1,<environment.Job instance at 0x7f17c9d77140>,91,3,[9 4],92,267,270,175,267
1,<environment.Job instance at 0x7f17ca114960>,92,1,[7 4],93,270,271,177,267
1,<environment.Job instance at 0x7f17ca415050>,93,2,[9 2],94,271,273,177,267
1,<environment.Job instance at 0x7f17ca415f50>,95,2,[ 4 11],96,275,277,179,275
1,<environment.Job instance at 0x7f1784219280>,98,1,[2 6],99,290,291,191,290
1,<environment.Job instance at 0x7f17ca4457d0>,100,2,[10  2],101,296,298,195,296
1,<environment.Job instance at 0x7f17ca1a8be0>,102,19,[8 2],103,298,317,195,296
1,<environment.Job instance at 0x7f17cf3aa0a0>,103,2,[ 2 14],104,317,319,213,296
1,<environment.Job instance at 0x7f17ca12a050>,7,19,[14  4],8,11,30,3,11
1,<environment.Job instance at 0x7f1784882230>,16,25,[3 8],17,30,55,13,26
1,<environment.Job instance at 0x7f17c9d82aa0>,19,27,[9 3],20,30,57,10,28
1,<environment.Job instance at 0x7f17842e6690>,22,24,[ 3 10],23,55,79,32,50
1,<environment.Job instance at 0x7f17c9d82960>,18,3,[ 5 14],19,79,82,60,69
1,<environment.Job instance at 0x7f17ca2c6d20>,28,27,[1 7],29,82,109,53,80
1,<environment.Job instance at 0x7f17ca6deb40>,30,19,[6 3],31,82,101,51,80
1,<environment.Job instance at 0x7f17ca027d20>,39,1,[10  3],40,101,102,61,97
1,<environment.Job instance at 0x7f17ca034320>,40,19,[1 5],41,97,116,56,97
1,<environment.Job instance at 0x7f17ca034a50>,44,2,[7 5],45,126,128,81,126
1,<environment.Job instance at 0x7f17ca3380a0>,45,2,[14  5],46,128,130,82,126
1,<environment.Job instance at 0x7f17cf2a2d20>,46,3,[2 7],47,130,133,83,126
1,<environment.Job instance at 0x7f17ca399fa0>,48,3,[5 8],49,133,136,84,133
1,<environment.Job instance at 0x7f17ca1f0be0>,50,1,[6 3],51,141,142,90,141
1,<environment.Job instance at 0x7f17ca1feb90>,55,21,[2 5],56,162,183,106,162
1,<environment.Job instance at 0x7f17ca1fe1e0>,56,1,[7 2],57,162,163,105,162
1,<environment.Job instance at 0x7f17ca068dc0>,57,2,[2 6],58,162,164,104,162
1,<environment.Job instance at 0x7f1784791be0>,59,19,[9 1],60,168,187,108,168
1,<environment.Job instance at 0x7f17ca08f9b0>,62,1,[2 9],63,175,176,112,175
1,<environment.Job instance at 0x7f17ca0c4be0>,63,27,[1 8],64,176,203,112,175
1,<environment.Job instance at 0x7f17ca2569b0>,70,3,[1 7],71,203,206,132,203
1,<environment.Job instance at 0x7f17ca057410>,72,3,[ 1 10],73,211,214,138,211
1,<environment.Job instance at 0x7f17ca0570a0>,73,3,[7 3],74,211,214,137,211
1,<environment.Job instance at 0x7f17c9fdcbe0>,77,22,[1 7],78,229,251,151,229
1,<environment.Job instance at 0x7f17c9fdc9b0>,78,2,[5 7],79,229,231,150,229
1,<environment.Job instance at 0x7f17ca6669b0>,82,1,[9 3],83,249,250,166,249
1,<environment.Job instance at 0x7f17ca2cbfa0>,85,25,[6 3],86,267,292,181,267
1,<environment.Job instance at 0x7f17ca2cb6e0>,86,2,[5 1],87,267,269,180,267
1,<environment.Job instance at 0x7f17ca2cbe60>,87,2,[4 5],88,267,269,179,267
1,<environment.Job instance at 0x7f17ca039820>,90,2,[ 5 11],91,282,284,191,282
1,<environment.Job instance at 0x7f17ca0046e0>,94,1,[5 7],95,301,302,206,301
1,<environment.Job instance at 0x7f17ca0040f0>,96,2,[2 9],97,318,320,221,318
1,<environment.Job instance at 0x7f17c9f94d20>,97,3,[7 1],98,318,321,220,318
1,<environment.Job instance at 0x7f17ca12caf0>,99,27,[ 5 10],100,349,376,249,349
1,<environment.Job instance at 0x7f17ca051370>,100,1,[6 3],101,349,350,248,349
1,<environment.Job instance at 0x7f17ca0514b0>,101,22,[ 1 10],102,376,398,274,369
1,<environment.Job instance at 0x7f17ca1b2dc0>,108,20,[6 2],109,372,392,263,372
1,<environment.Job instance at 0x7f17c9f837d0>,111,1,[8 5],112,411,412,299,411
1,<environment.Job instance at 0x7f17c9f83eb0>,113,2,[5 5],114,414,416,300,414
1,<environment.Job instance at 0x7f17ca0bd9b0>,83,3,[ 3 14],84,674,677,590,674
1,<environment.Job instance at 0x7f1784842cd0>,5,3,[8 5],6,6,9,0,6
1,<environment.Job instance at 0x7f17caa200f0>,3,1,[6 2],4,7,8,3,7
1,<environment.Job instance at 0x7f17c9ff03c0>,16,23,[7 4],17,17,40,0,17
1,<environment.Job instance at 0x7f17ca2c6dc0>,7,3,[ 1 12],8,40,43,32,20
1,<environment.Job instance at 0x7f17c9ff0af0>,21,3,[5 5],22,26,29,4,26
1,<environment.Job instance at 0x7f17ca5f26e0>,23,20,[5 4],24,43,63,19,34
1,<environment.Job instance at 0x7f17ca5f2af0>,24,2,[10  3],25,40,42,15,34
1,<environment.Job instance at 0x7f17ca5f25a0>,29,1,[ 2 10],30,34,35,4,34
1,<environment.Job instance at 0x7f17ca5f2820>,35,20,[4 7],36,55,75,19,55
1,<environment.Job instance at 0x7f17c9ffeb40>,36,21,[6 5],37,63,84,26,55
1,<environment.Job instance at 0x7f17c9ffebe0>,41,27,[5 1],42,75,102,33,75
1,<environment.Job instance at 0x7f17c9ffeaa0>,42,21,[1 6],43,75,96,32,75
1,<environment.Job instance at 0x7f17c9ffe0f0>,44,3,[6 1],45,88,91,43,88
1,<environment.Job instance at 0x7f1784675c30>,46,25,[8 3],47,91,116,44,90
1,<environment.Job instance at 0x7f17846753c0>,51,19,[10  1],52,275,294,223,275
1,<environment.Job instance at 0x7f17c9da47d0>,56,25,[ 5 10],57,296,321,239,296
1,<environment.Job instance at 0x7f1784589d20>,57,1,[3 6],58,321,322,263,296
1,<environment.Job instance at 0x7f17caa79f00>,58,3,[8 2],59,296,299,237,296
1,<environment.Job instance at 0x7f17caa79dc0>,60,1,[4 6],61,321,322,260,298
1,<environment.Job instance at 0x7f17c9dd6050>,61,1,[4 6],62,322,323,260,298
1,<environment.Job instance at 0x7f17caa70e10>,65,1,[9 5],66,341,342,275,341
1,<environment.Job instance at 0x7f178459a4b0>,66,1,[2 6],67,341,342,274,341
1,<environment.Job instance at 0x7f17caa8e960>,76,2,[13  5],77,486,488,409,486
1,<environment.Job instance at 0x7f17caa8e780>,77,1,[9 5],78,488,489,410,486
1,<environment.Job instance at 0x7f17caa8e6e0>,80,26,[6 3],81,535,561,454,535
1,<environment.Job instance at 0x7f17c9f7f820>,7,2,[ 4 14],8,10,12,2,10
1,<environment.Job instance at 0x7f17c9ff0820>,10,1,[5 4],11,12,13,1,12
1,<environment.Job instance at 0x7f17caa50410>,12,1,[2 7],13,13,14,0,13
1,<environment.Job instance at 0x7f17caa505f0>,14,2,[ 1 12],15,15,17,0,15
1,<environment.Job instance at 0x7f17c9effd20>,17,2,[6 4],18,18,20,0,18
1,<environment.Job instance at 0x7f17caa502d0>,20,25,[2 8],21,23,48,2,23
1,<environment.Job instance at 0x7f17c9eff910>,24,3,[ 3 14],25,48,51,23,47
1,<environment.Job instance at 0x7f17c9eff140>,25,1,[10  1],26,47,48,21,47
1,<environment.Job instance at 0x7f17c9efffa0>,29,2,[13  5],30,69,71,39,69
1,<environment.Job instance at 0x7f17c9eff550>,30,1,[4 8],31,71,72,40,69
1,<environment.Job instance at 0x7f17c9eff0f0>,32,3,[5 2],33,78,81,45,78
1,<environment.Job instance at 0x7f17c9f22140>,33,2,[2 5],34,78,80,44,78
1,<environment.Job instance at 0x7f17c9f221e0>,37,3,[8 5],38,107,110,69,107
1,<environment.Job instance at 0x7f17c9f228c0>,38,1,[ 3 12],39,110,111,71,107
1,<environment.Job instance at 0x7f17c9f22500>,40,2,[5 6],41,111,113,70,110
1,<environment.Job instance at 0x7f17c9f223c0>,42,18,[5 1],43,112,130,69,112
1,<environment.Job instance at 0x7f17c9f22550>,44,20,[9 5],45,128,148,83,128
1,<environment.Job instance at 0x7f17c9f22190>,46,18,[4 6],47,130,148,83,130
1,<environment.Job instance at 0x7f17caa3eb40>,48,2,[8 5],49,148,150,99,142
1,<environment.Job instance at 0x7f17caa3ebe0>,50,2,[2 7],51,148,150,97,145
1,<environment.Job instance at 0x7f17caa3e460>,51,1,[10  4],52,150,151,98,145
1,<environment.Job instance at 0x7f17caa3eaa0>,52,3,[3 8],53,150,153,97,145
1,<environment.Job instance at 0x7f17caa3ef00>,56,1,[5 7],57,175,176,118,175
1,<environment.Job instance at 0x7f17caa3ecd0>,58,2,[7 3],59,175,177,116,175
1,<environment.Job instance at 0x7f17caa3e5a0>,59,1,[5 6],60,176,177,116,175
1,<environment.Job instance at 0x7f17c9f03640>,66,2,[7 3],67,216,218,149,216
1,<environment.Job instance at 0x7f17c9f03190>,67,25,[9 4],68,218,243,150,216
1,<environment.Job instance at 0x7f17c9f03730>,68,2,[2 7],69,216,218,147,216
1,<environment.Job instance at 0x7f17c9f03e60>,69,2,[4 6],70,218,220,148,216
1,<environment.Job instance at 0x7f17c9f03960>,71,3,[ 4 12],72,243,246,171,220
1,<environment.Job instance at 0x7f17c9f03370>,74,1,[8 1],75,243,244,168,234
1,<environment.Job instance at 0x7f17c9f03d70>,79,2,[9 5],80,253,255,173,253
1,<environment.Job instance at 0x7f17c9f34910>,80,1,[8 5],81,255,256,174,253
1,<environment.Job instance at 0x7f17c9f34f50>,82,2,[5 7],83,265,267,182,265
1,<environment.Job instance at 0x7f17c9f34a00>,84,25,[7 4],85,282,307,197,282
1,<environment.Job instance at 0x7f17c9f349b0>,86,22,[ 4 10],87,282,304,195,282
1,<environment.Job instance at 0x7f17ca44ac30>,94,3,[3 5],95,308,311,213,308
1,<environment.Job instance at 0x7f17c9d561e0>,95,23,[8 2],96,308,331,212,308
1,<environment.Job instance at 0x7f17ca67d370>,97,1,[8 3],98,331,332,233,316
1,<environment.Job instance at 0x7f17c9e9c460>,98,1,[ 1 10],99,316,317,217,316
1,<environment.Job instance at 0x7f17c9f21c30>,99,2,[3 6],100,317,319,217,316
1,<environment.Job instance at 0x7f17c9ee9e10>,104,3,[8 2],105,342,345,237,342
1,<environment.Job instance at 0x7f17c9f27460>,105,3,[11  2],106,345,348,239,342
1,<environment.Job instance at 0x7f17c9f4b320>,106,3,[8 5],107,348,351,241,342
1,<environment.Job instance at 0x7f17caabc190>,112,23,[7 1],113,382,405,269,382
1,<environment.Job instance at 0x7f17caabcf00>,113,2,[2 8],114,382,384,268,382
1,<environment.Job instance at 0x7f17c9ff3c80>,115,3,[13  2],116,405,408,289,386
1,<environment.Job instance at 0x7f17c9ff3960>,116,1,[9 4],117,408,409,291,386
1,<environment.Job instance at 0x7f1784596eb0>,117,3,[3 8],118,386,389,268,386
1,<environment.Job instance at 0x7f1784596690>,118,1,[13  4],119,409,410,290,386
1,<environment.Job instance at 0x7f178457ed70>,0,1,[8 1],1,2,3,1,2
1,<environment.Job instance at 0x7f17847bf050>,4,22,[9 5],5,5,27,0,5
1,<environment.Job instance at 0x7f17ca9d5960>,5,3,[ 1 14],6,29,32,23,29
1,<environment.Job instance at 0x7f17ca0ab910>,19,21,[1 7],20,53,74,33,53
1,<environment.Job instance at 0x7f17ca0ab7d0>,23,2,[8 4],24,73,75,49,73
1,<environment.Job instance at 0x7f17ca0ab2d0>,24,1,[10  4],25,75,76,50,73
1,<environment.Job instance at 0x7f17ca8a68c0>,30,2,[8 1],31,92,94,61,92
1,<environment.Job instance at 0x7f17ca8a6d70>,31,1,[9 4],32,94,95,62,92
1,<environment.Job instance at 0x7f17ca9cb190>,33,2,[1 7],34,96,98,62,96
1,<environment.Job instance at 0x7f17ca9cb640>,34,2,[1 6],35,96,98,61,96
1,<environment.Job instance at 0x7f17c9d1d910>,36,3,[9 2],37,104,107,67,104
1,<environment.Job instance at 0x7f17c9d1dd20>,38,1,[8 2],39,118,119,79,118
1,<environment.Job instance at 0x7f17c9d1d4b0>,39,3,[2 6],40,120,123,80,120
1,<environment.Job instance at 0x7f17845276e0>,41,1,[9 4],42,121,122,79,121
1,<environment.Job instance at 0x7f17cab957d0>,42,2,[2 7],43,122,124,79,121
1,<environment.Job instance at 0x7f17ca629be0>,45,2,[3 7],46,159,161,113,159
1,<environment.Job instance at 0x7f17ca629230>,46,1,[11  2],47,159,160,112,159
1,<environment.Job instance at 0x7f17c9f26c80>,50,1,[4 5],51,260,261,209,260
1,<environment.Job instance at 0x7f17c9f26640>,52,1,[6 3],53,264,265,211,264
1,<environment.Job instance at 0x7f17ca037730>,53,3,[1 6],54,264,267,210,264
1,<environment.Job instance at 0x7f17ca191cd0>,54,1,[5 4],55,264,265,209,264
1,<environment.Job instance at 0x7f17ca951960>,57,1,[6 3],58,401,402,343,401
1,<environment.Job instance at 0x7f17ca939870>,58,19,[7 1],59,401,420,342,401
1,<environment.Job instance at 0x7f17c9ef7780>,59,2,[5 4],60,402,404,342,401
1,<environment.Job instance at 0x7f178439c190>,61,1,[2 7],62,414,415,352,414
1,<environment.Job instance at 0x7f17c9ea0cd0>,62,2,[4 5],63,414,416,351,414
1,<environment.Job instance at 0x7f17ca5ad320>,65,2,[10  5],66,424,426,358,424
1,<environment.Job instance at 0x7f17ca59f730>,66,1,[2 5],67,424,425,357,424
1,<environment.Job instance at 0x7f17ca59f730>,5,3,[14  4],6,8,11,2,8
1,<environment.Job instance at 0x7f17caa65a50>,11,2,[11  4],12,13,15,1,13
1,<environment.Job instance at 0x7f17cf5119b0>,12,2,[6 3],13,15,17,2,13
1,<environment.Job instance at 0x7f17cf511dc0>,15,3,[3 9],16,16,19,0,16
1,<environment.Job instance at 0x7f17ca43eaf0>,16,18,[3 6],17,22,40,5,22
1,<environment.Job instance at 0x7f17ca43e7d0>,18,22,[ 1 13],19,40,62,21,33
1,<environment.Job instance at 0x7f17ca19f6e0>,28,2,[11  2],29,62,64,33,62
1,<environment.Job instance at 0x7f17ca19f230>,29,23,[4 9],30,62,85,32,62
1,<environment.Job instance at 0x7f17ca19f500>,33,1,[5 5],34,70,71,36,70
1,<environment.Job instance at 0x7f17ca19f640>,34,22,[5 8],35,85,107,50,78
1,<environment.Job instance at 0x7f17ca57bb40>,39,3,[4 5],40,99,102,59,99
1,<environment.Job instance at 0x7f17ca57b960>,37,18,[9 4],38,102,120,64,100
1,<environment.Job instance at 0x7f17ca57b0a0>,42,1,[10  2],43,120,121,77,100
1,<environment.Job instance at 0x7f17ca57b280>,43,1,[2 9],44,107,108,63,100
1,<environment.Job instance at 0x7f17ca57bdc0>,44,1,[10  4],45,121,122,76,100
1,<environment.Job instance at 0x7f17ca380730>,46,1,[1 8],47,108,109,61,101
1,<environment.Job instance at 0x7f17843a0fa0>,50,2,[ 4 14],51,122,124,71,116
1,<environment.Job instance at 0x7f17843a0c30>,52,2,[1 5],53,120,122,67,120
1,<environment.Job instance at 0x7f17843913c0>,55,3,[10  2],56,128,131,72,128
1,<environment.Job instance at 0x7f1784391500>,57,2,[9 1],58,131,133,73,131
1,<environment.Job instance at 0x7f17843915a0>,58,2,[ 2 10],59,131,133,72,131
1,<environment.Job instance at 0x7f1784391190>,62,1,[3 9],63,150,151,87,150
1,<environment.Job instance at 0x7f1784391a50>,63,18,[5 2],64,150,168,86,150
1,<environment.Job instance at 0x7f1784391b40>,65,1,[5 6],66,165,166,99,165
1,<environment.Job instance at 0x7f17843918c0>,67,3,[9 4],68,166,169,98,165
1,<environment.Job instance at 0x7f1784391d20>,68,3,[6 3],69,168,171,99,165
1,<environment.Job instance at 0x7f1784391dc0>,69,2,[10  3],70,171,173,101,165
1,<environment.Job instance at 0x7f1784391f50>,70,1,[4 8],71,169,170,98,165
1,<environment.Job instance at 0x7f17843910f0>,72,3,[5 8],73,174,177,101,174
1,<environment.Job instance at 0x7f178437e280>,75,20,[10  3],76,190,210,114,190
1,<environment.Job instance at 0x7f178437e3c0>,77,3,[8 3],78,210,213,132,192
1,<environment.Job instance at 0x7f178437e0f0>,78,1,[9 5],79,213,214,134,192
1,<environment.Job instance at 0x7f178437e050>,79,1,[7 3],80,210,211,130,192
1,<environment.Job instance at 0x7f178437e500>,80,2,[9 4],81,214,216,133,192
1,<environment.Job instance at 0x7f178437e370>,81,1,[3 8],82,192,193,110,192
1,<environment.Job instance at 0x7f178437e5f0>,83,3,[9 5],84,216,219,132,206
1,<environment.Job instance at 0x7f178437ea00>,86,2,[ 5 12],87,219,221,132,219
1,<environment.Job instance at 0x7f178437eb40>,87,23,[6 1],88,219,242,131,219
1,<environment.Job instance at 0x7f178437eb90>,88,3,[9 2],89,221,224,132,219
1,<environment.Job instance at 0x7f178437ec30>,89,2,[4 5],90,224,226,134,219
1,<environment.Job instance at 0x7f178437ecd0>,90,1,[10  3],91,242,243,151,219
1,<environment.Job instance at 0x7f178437eaf0>,93,3,[2 6],94,224,227,130,220
1,<environment.Job instance at 0x7f178437ee60>,94,2,[9 2],95,227,229,132,220
1,<environment.Job instance at 0x7f1784369550>,100,25,[9 4],101,254,279,153,254
1,<environment.Job instance at 0x7f1784369960>,103,3,[3 9],104,266,269,162,266
1,<environment.Job instance at 0x7f17843699b0>,104,28,[ 5 10],105,269,297,164,268
1,<environment.Job instance at 0x7f1784369a50>,105,1,[ 1 10],106,297,298,191,269
1,<environment.Job instance at 0x7f1784369b90>,107,27,[2 9],108,298,325,190,296
1,<environment.Job instance at 0x7f1784369c30>,108,26,[4 9],109,325,351,216,322
1,<environment.Job instance at 0x7f1784369cd0>,109,1,[10  5],110,322,323,212,322
1,<environment.Job instance at 0x7f1784369eb0>,112,2,[ 2 10],113,351,353,238,324
1,<environment.Job instance at 0x7f1784369f50>,113,3,[1 6],114,324,327,210,324
1,<environment.Job instance at 0x7f1784369190>,115,3,[10  3],116,327,330,211,327
1,<environment.Job instance at 0x7f17846f4960>,3,23,[1 7],4,4,27,0,4
1,<environment.Job instance at 0x7f1784369190>,4,22,[1 8],5,5,27,0,5
1,<environment.Job instance at 0x7f17847ffe60>,12,26,[1 5],13,27,53,14,24
1,<environment.Job instance at 0x7f17c9f6fbe0>,19,2,[3 9],20,29,31,9,29
1,<environment.Job instance at 0x7f17c9d1be60>,22,22,[5 3],23,42,64,19,42
1,<environment.Job instance at 0x7f17c9d1bc80>,23,1,[8 4],24,42,43,18,42
1,<environment.Job instance at 0x7f17c9d1be10>,25,1,[8 5],26,56,57,30,56
1,<environment.Job instance at 0x7f17c9d1b410>,27,24,[2 8],28,57,81,29,56
1,<environment.Job instance at 0x7f17cf2c95a0>,33,26,[1 8],34,82,108,48,82
1,<environment.Job instance at 0x7f178427be10>,37,3,[7 5],38,91,94,53,91
1,<environment.Job instance at 0x7f17842c2690>,38,2,[5 3],39,94,96,55,91
1,<environment.Job instance at 0x7f17ca2a1af0>,40,1,[3 5],41,96,97,55,96
1,<environment.Job instance at 0x7f17ca984b40>,41,23,[9 4],42,97,120,55,96
1,<environment.Job instance at 0x7f178429a8c0>,47,1,[ 1 10],48,120,121,72,120
1,<environment.Job instance at 0x7f178429ac30>,49,1,[6 4],50,121,122,71,121
1,<environment.Job instance at 0x7f17cac53aa0>,54,3,[3 9],55,136,139,81,136
1,<environment.Job instance at 0x7f17ca5bceb0>,55,2,[10  1],56,136,138,80,136
1,<environment.Job instance at 0x7f17ca38b140>,56,3,[ 1 10],57,139,142,82,137
1,<environment.Job instance at 0x7f17ca33f230>,58,3,[5 9],59,152,155,93,152
1,<environment.Job instance at 0x7f17ca33fe10>,59,1,[10  2],60,152,153,92,152
1,<environment.Job instance at 0x7f17ca845b90>,61,2,[4 9],62,155,157,93,152
1,<environment.Job instance at 0x7f17ca845820>,65,3,[3 8],66,172,175,106,172
1,<environment.Job instance at 0x7f1784818140>,68,1,[8 3],69,181,182,112,181
1,<environment.Job instance at 0x7f17ca92e910>,71,2,[5 4],72,196,198,124,196
1,<environment.Job instance at 0x7f17ca92ecd0>,73,3,[ 2 10],74,207,210,133,207
1,<environment.Job instance at 0x7f17ca92eeb0>,76,2,[ 2 10],77,214,216,137,214
1,<environment.Job instance at 0x7f17ca92eaf0>,79,3,[10  4],80,228,231,148,228
1,<environment.Job instance at 0x7f17ca92ebe0>,81,3,[13  1],82,237,240,155,237
1,<environment.Job instance at 0x7f17ca92e0a0>,82,3,[3 7],83,240,243,157,237
1,<environment.Job instance at 0x7f17ca92eaa0>,83,3,[5 4],84,240,243,156,237
1,<environment.Job instance at 0x7f17ca37c410>,87,1,[ 5 10],88,267,268,179,267
1,<environment.Job instance at 0x7f17ca37cf00>,89,2,[1 9],90,268,270,178,267
1,<environment.Job instance at 0x7f17ca37ce60>,91,2,[10  4],92,267,269,175,267
1,<environment.Job instance at 0x7f17ca37c280>,95,1,[ 3 12],96,303,304,207,303
1,<environment.Job instance at 0x7f17ca37c9b0>,96,3,[10  3],97,303,306,206,303
1,<environment.Job instance at 0x7f17ca37c5f0>,98,3,[ 5 12],99,306,309,207,306
1,<environment.Job instance at 0x7f17ca37c320>,100,2,[5 4],101,320,322,219,320
1,<environment.Job instance at 0x7f17ca37c640>,105,22,[5 2],106,327,349,221,327
1,<environment.Job instance at 0x7f17caab3140>,106,1,[11  1],107,349,350,242,327
1,<environment.Job instance at 0x7f17caab3410>,107,2,[2 6],108,327,329,219,327
1,<environment.Job instance at 0x7f17caab3190>,109,3,[7 2],110,335,338,225,335
1,<environment.Job instance at 0x7f17842c2fa0>,6,1,[14  4],7,8,9,1,8
1,<environment.Job instance at 0x7f17caccb280>,12,2,[3 7],13,14,16,1,14
1,<environment.Job instance at 0x7f17c9fd1280>,19,2,[ 3 10],20,27,29,7,27
1,<environment.Job instance at 0x7f17caaa6910>,21,2,[6 2],22,27,29,5,27
1,<environment.Job instance at 0x7f17c9fd1be0>,23,1,[5 5],24,39,40,15,39
1,<environment.Job instance at 0x7f17cab950a0>,28,3,[6 2],29,70,73,41,70
1,<environment.Job instance at 0x7f17ca63f960>,29,1,[6 1],30,70,71,40,70
1,<environment.Job instance at 0x7f178463baa0>,36,3,[1 8],37,101,104,64,101
1,<environment.Job instance at 0x7f17c9f693c0>,37,1,[3 5],38,101,102,63,101
1,<environment.Job instance at 0x7f17ca196f00>,38,25,[5 5],39,102,127,63,101
1,<environment.Job instance at 0x7f17ca43a5f0>,50,22,[4 6],51,170,192,119,170
1,<environment.Job instance at 0x7f17ca35aeb0>,56,1,[6 4],57,201,202,144,201
1,<environment.Job instance at 0x7f17ca35aa50>,57,2,[9 5],58,201,203,143,201
1,<environment.Job instance at 0x7f17ca35a410>,59,2,[2 5],60,212,214,152,212
1,<environment.Job instance at 0x7f17ca35a2d0>,60,3,[7 5],61,212,215,151,212
1,<environment.Job instance at 0x7f17ca35a640>,61,2,[5 4],62,212,214,150,212
1,<environment.Job instance at 0x7f17ca35a870>,63,2,[8 3],64,219,221,155,219
1,<environment.Job instance at 0x7f17ca49ed20>,64,13,[9 1],65,222,235,157,222
1,<environment.Job instance at 0x7f17caccb410>,0,26,[9 4],1,1,27,0,1
1,<environment.Job instance at 0x7f17ca5d1a00>,8,24,[8 3],9,27,51,18,22
1,<environment.Job instance at 0x7f178441c550>,13,2,[1 5],14,22,24,8,22
1,<environment.Job instance at 0x7f17848e8870>,18,2,[6 4],19,31,33,12,31
1,<environment.Job instance at 0x7f17848e8af0>,19,19,[2 9],20,33,52,13,31
1,<environment.Job instance at 0x7f17848e8640>,20,22,[1 9],21,52,74,31,45
1,<environment.Job instance at 0x7f17848e8a00>,28,2,[ 4 12],29,74,76,45,53
1,<environment.Job instance at 0x7f17c9f1d910>,30,3,[ 4 10],31,76,79,45,67
1,<environment.Job instance at 0x7f17c9f1d9b0>,33,26,[2 9],34,79,105,45,76
1,<environment.Job instance at 0x7f17c9f1de10>,40,3,[2 6],41,100,103,59,100
1,<environment.Job instance at 0x7f17c9f1d7d0>,43,18,[1 8],44,105,123,61,101
1,<environment.Job instance at 0x7f17cf2a5820>,45,3,[5 5],46,114,117,68,114
1,<environment.Job instance at 0x7f17cf2a5280>,46,1,[5 3],47,117,118,70,114
1,<environment.Job instance at 0x7f17c9f1d4b0>,48,3,[10  4],49,118,121,69,117
1,<environment.Job instance at 0x7f1784903cd0>,50,1,[1 7],51,121,122,70,117
1,<environment.Job instance at 0x7f1784903fa0>,52,2,[1 9],53,123,125,70,117
1,<environment.Job instance at 0x7f1784903eb0>,53,2,[6 3],54,122,124,68,117
1,<environment.Job instance at 0x7f17849000f0>,56,1,[6 3],57,127,128,70,127
1,<environment.Job instance at 0x7f1784900230>,57,1,[5 4],58,127,128,69,127
1,<environment.Job instance at 0x7f1784900190>,58,18,[5 6],59,128,146,69,127
1,<environment.Job instance at 0x7f17849002d0>,59,1,[3 5],60,127,128,67,127
1,<environment.Job instance at 0x7f1784900410>,60,1,[4 9],61,128,129,67,127
1,<environment.Job instance at 0x7f17849005f0>,64,2,[7 3],65,140,142,75,140
1,<environment.Job instance at 0x7f1784900b40>,68,2,[1 6],69,170,172,101,170
1,<environment.Job instance at 0x7f1784900be0>,69,23,[5 5],70,170,193,100,170
1,<environment.Job instance at 0x7f1784900fa0>,75,24,[7 5],76,200,224,124,200
1,<environment.Job instance at 0x7f1784900960>,77,3,[ 2 13],78,224,227,146,211
1,<environment.Job instance at 0x7f17848ee690>,90,1,[13  2],91,235,236,144,235
1,<environment.Job instance at 0x7f17848eecd0>,93,1,[ 2 13],94,250,251,156,250
1,<environment.Job instance at 0x7f17848eed70>,94,2,[ 4 10],95,251,253,156,250
1,<environment.Job instance at 0x7f17848eee10>,95,19,[8 1],96,250,269,154,250
1,<environment.Job instance at 0x7f17848eeeb0>,96,1,[ 4 11],97,253,254,156,250
1,<environment.Job instance at 0x7f17848eea00>,99,2,[10  5],100,269,271,169,252
1,<environment.Job instance at 0x7f17848ec1e0>,100,2,[4 6],101,254,256,153,252
1,<environment.Job instance at 0x7f17848ec2d0>,101,23,[7 5],102,271,294,169,265
1,<environment.Job instance at 0x7f17848ee960>,102,28,[8 2],103,271,299,168,270
1,<environment.Job instance at 0x7f17848ec280>,114,2,[1 7],115,297,299,182,297
1,<environment.Job instance at 0x7f17848ecc30>,115,1,[2 5],116,297,298,181,297
1,<environment.Job instance at 0x7f17848eccd0>,117,3,[9 2],118,302,305,184,302
1,<environment.Job instance at 0x7f17848ecf50>,118,1,[1 6],119,302,303,183,302
1,<environment.Job instance at 0x7f178490a2d0>,120,2,[2 6],121,302,304,181,302
1,<environment.Job instance at 0x7f178490a320>,121,3,[5 8],122,304,307,182,302
1,<environment.Job instance at 0x7f178490a140>,122,2,[2 8],123,307,309,184,302
1,<environment.Job instance at 0x7f178490a4b0>,124,26,[7 4],125,314,340,189,314
1,<environment.Job instance at 0x7f178490a550>,125,1,[12  3],126,340,341,214,314
1,<environment.Job instance at 0x7f178490a5f0>,126,2,[5 5],127,314,316,187,314
1,<environment.Job instance at 0x7f178490ac30>,130,3,[8 4],131,319,322,188,319
1,<environment.Job instance at 0x7f178490abe0>,132,3,[9 3],133,341,344,208,331
1,<environment.Job instance at 0x7f178490ae10>,133,1,[10  5],134,344,345,210,331
1,<environment.Job instance at 0x7f178490aaa0>,135,3,[5 6],136,349,352,213,349
1,<environment.Job instance at 0x7f178490ae60>,136,2,[3 5],137,349,351,212,349
1,<environment.Job instance at 0x7f178490afa0>,137,1,[5 1],138,349,350,211,349
1,<environment.Job instance at 0x7f17849020a0>,139,2,[6 3],140,350,352,210,350
1,<environment.Job instance at 0x7f1784902370>,141,16,[8 1],142,352,368,210,351
1,<environment.Job instance at 0x7f17c9e2b0a0>,10,2,[3 9],11,11,13,0,11
1,<environment.Job instance at 0x7f17c9e2b640>,12,22,[6 2],13,13,35,0,13
1,<environment.Job instance at 0x7f17c9e2b960>,14,23,[6 5],15,15,38,0,15
1,<environment.Job instance at 0x7f17ca26f730>,23,21,[7 4],24,39,60,15,39
1,<environment.Job instance at 0x7f17ca26f320>,24,2,[ 4 10],25,39,41,14,39
1,<environment.Job instance at 0x7f17ca26f370>,26,1,[3 5],27,41,42,14,39
1,<environment.Job instance at 0x7f17ca26f8c0>,27,3,[5 5],28,41,44,13,39
1,<environment.Job instance at 0x7f17ca26f870>,30,26,[5 7],31,44,70,13,41
1,<environment.Job instance at 0x7f17c9f940f0>,34,20,[5 9],35,70,90,35,61
1,<environment.Job instance at 0x7f17844ac320>,39,27,[5 9],40,90,117,50,88
1,<environment.Job instance at 0x7f17844ac0f0>,40,1,[8 1],41,88,89,47,88
1,<environment.Job instance at 0x7f17844ac730>,42,26,[ 1 10],43,117,143,74,114
1,<environment.Job instance at 0x7f17844accd0>,43,28,[3 5],44,114,142,70,114
1,<environment.Job instance at 0x7f17844ac1e0>,50,20,[5 8],51,143,163,92,134
1,<environment.Job instance at 0x7f17844d50f0>,60,21,[5 2],61,145,166,84,145
1,<environment.Job instance at 0x7f17ca2cb0a0>,63,2,[9 4],64,170,172,106,170
1,<environment.Job instance at 0x7f17ca2cbb90>,65,2,[ 5 10],66,172,174,106,172
1,<environment.Job instance at 0x7f178441c870>,67,2,[8 3],68,175,177,107,175
1,<environment.Job instance at 0x7f178441cf00>,69,3,[ 4 10],70,177,180,107,177
1,<environment.Job instance at 0x7f17844f65a0>,72,1,[5 8],73,191,192,118,191
1,<environment.Job instance at 0x7f17844f6140>,73,1,[6 3],74,191,192,117,191
1,<environment.Job instance at 0x7f17844f6500>,74,3,[6 1],75,192,195,117,191
1,<environment.Job instance at 0x7f17844f6320>,75,1,[10  4],76,195,196,119,191
1,<environment.Job instance at 0x7f17844f6190>,77,3,[10  1],78,206,209,128,206
1,<environment.Job instance at 0x7f178480d1e0>,79,1,[6 1],80,209,210,129,207
1,<environment.Job instance at 0x7f178480d4b0>,80,12,[3 8],81,209,221,128,209
1,<environment.Job instance at 0x7f178480d190>,81,1,[6 1],82,209,210,127,209
1,<environment.Job instance at 0x7f178480de10>,82,2,[ 4 10],83,221,223,138,209
1,<environment.Job instance at 0x7f178480da00>,83,2,[4 7],84,210,212,126,209
1,<environment.Job instance at 0x7f178480ddc0>,85,23,[7 4],86,223,246,137,223
1,<environment.Job instance at 0x7f178480df00>,86,23,[5 6],87,223,246,136,223
1,<environment.Job instance at 0x7f178480dcd0>,88,25,[ 5 10],89,246,271,157,242
1,<environment.Job instance at 0x7f178480d140>,94,1,[9 2],95,267,268,172,267
1,<environment.Job instance at 0x7f178480d910>,96,2,[4 6],97,286,288,189,286
1,<environment.Job instance at 0x7f1784188cd0>,97,26,[ 2 10],98,288,314,190,286
1,<environment.Job instance at 0x7f1784188370>,99,3,[2 9],100,314,317,214,291
1,<environment.Job instance at 0x7f1784188a00>,102,2,[5 1],103,298,300,195,298
1,<environment.Job instance at 0x7f17ca6d5be0>,4,1,[ 1 11],5,5,6,0,5
1,<environment.Job instance at 0x7f17ca6d5d70>,3,1,[9 3],4,5,6,1,5
1,<environment.Job instance at 0x7f178441ce10>,6,1,[1 9],7,7,8,0,7
1,<environment.Job instance at 0x7f17cab51050>,7,1,[6 4],8,8,9,0,8
1,<environment.Job instance at 0x7f178441c5a0>,5,1,[ 3 14],6,9,10,3,9
1,<environment.Job instance at 0x7f17843333c0>,12,28,[5 1],13,13,41,0,13
1,<environment.Job instance at 0x7f17843334b0>,13,2,[1 9],14,14,16,0,14
1,<environment.Job instance at 0x7f1784333050>,15,3,[8 5],16,17,20,1,17
1,<environment.Job instance at 0x7f17ca555af0>,17,1,[6 2],18,20,21,2,18
1,<environment.Job instance at 0x7f17cac7a050>,18,3,[1 7],19,19,22,0,19
1,<environment.Job instance at 0x7f17cac7ac80>,22,1,[6 3],23,31,32,8,31
1,<environment.Job instance at 0x7f17cac7a730>,23,2,[4 5],24,31,33,7,31
1,<environment.Job instance at 0x7f17cac7a5a0>,24,23,[2 9],25,32,55,7,31
1,<environment.Job instance at 0x7f1784583690>,26,3,[14  4],27,55,58,28,51
1,<environment.Job instance at 0x7f17c9ff6f50>,34,2,[6 1],35,61,63,26,61
1,<environment.Job instance at 0x7f17c9ff6280>,35,3,[7 2],36,62,65,26,62
1,<environment.Job instance at 0x7f17c9ff6aa0>,36,1,[10  5],37,65,66,28,62
1,<environment.Job instance at 0x7f17c9ff6e60>,38,26,[2 5],39,63,89,24,63
1,<environment.Job instance at 0x7f17c9ff6c30>,39,28,[4 8],40,66,94,26,65
1,<environment.Job instance at 0x7f17c9ff6dc0>,40,28,[1 5],41,89,117,48,88
1,<environment.Job instance at 0x7f17c9ff6550>,46,22,[7 4],47,94,116,47,88
1,<environment.Job instance at 0x7f17c9ff68c0>,47,28,[ 1 10],48,116,144,68,115
1,<environment.Job instance at 0x7f17ca458780>,66,1,[5 1],67,149,150,82,149
1,<environment.Job instance at 0x7f1784160d20>,71,2,[5 2],72,173,175,101,173
1,<environment.Job instance at 0x7f1784160820>,76,20,[10  4],77,193,213,116,193
1,<environment.Job instance at 0x7f1784160fa0>,77,2,[10  1],78,213,215,135,193
1,<environment.Job instance at 0x7f1784160d70>,78,1,[2 8],79,193,194,114,193
1,<environment.Job instance at 0x7f17ca49edc0>,80,1,[ 2 10],81,205,206,124,205
1,<environment.Job instance at 0x7f17ca49e410>,81,3,[3 8],82,206,209,124,205
1,<environment.Job instance at 0x7f17cac82690>,84,2,[2 7],85,209,211,124,205
1,<environment.Job instance at 0x7f17cac82780>,86,1,[10  4],87,215,216,128,206
1,<environment.Job instance at 0x7f17cac82f00>,89,2,[5 5],90,211,213,121,207
1,<environment.Job instance at 0x7f17845f1500>,93,24,[9 2],94,238,262,144,238
1,<environment.Job instance at 0x7f178424eeb0>,101,24,[2 6],102,252,276,150,252
1,<environment.Job instance at 0x7f178427deb0>,104,3,[2 5],105,265,268,160,265
1,<environment.Job instance at 0x7f178427d140>,105,3,[1 5],106,268,271,162,265
1,<environment.Job instance at 0x7f178427daa0>,110,3,[ 5 10],111,287,290,176,287
1,<environment.Job instance at 0x7f1784653a00>,112,1,[2 8],113,297,298,184,297
1,<environment.Job instance at 0x7f1784653870>,113,21,[5 4],114,297,318,183,297
1,<environment.Job instance at 0x7f1784653140>,117,2,[10  5],118,316,318,198,316
1,<environment.Job instance at 0x7f1784653050>,118,3,[10  4],119,318,321,199,316
1,<environment.Job instance at 0x7f17846530f0>,120,2,[1 8],121,320,322,199,320
1,<environment.Job instance at 0x7f1784653cd0>,122,18,[10  3],123,330,348,207,330
1,<environment.Job instance at 0x7f17c9e99cd0>,124,24,[5 8],125,330,354,205,330
1,<environment.Job instance at 0x7f17c9e992d0>,126,24,[10  2],127,348,372,221,343
1,<environment.Job instance at 0x7f17c9e990f0>,130,2,[14  3],131,372,374,241,350
1,<environment.Job instance at 0x7f17c9e997d0>,135,1,[5 9],136,362,363,226,362
1,<environment.Job instance at 0x7f17ca741550>,136,23,[9 5],137,374,397,237,368
1,<environment.Job instance at 0x7f17ca7415f0>,140,1,[ 5 10],141,377,378,236,377
1,<environment.Job instance at 0x7f17ca741af0>,144,1,[3 8],145,390,391,245,390
1,<environment.Job instance at 0x7f178413ef00>,147,3,[8 5],148,406,409,258,406
1,<environment.Job instance at 0x7f17cab51f00>,0,1,[4 5],1,3,4,2,3
1,<environment.Job instance at 0x7f17cab51140>,3,27,[5 6],4,4,31,0,4
1,<environment.Job instance at 0x7f17848ec140>,8,25,[11  1],9,31,56,22,27
1,<environment.Job instance at 0x7f17c9e99be0>,9,2,[1 6],10,27,29,17,27
1,<environment.Job instance at 0x7f1784678730>,14,27,[3 8],15,29,56,14,27
1,<environment.Job instance at 0x7f17cab215a0>,23,18,[1 8],24,56,74,32,52
1,<environment.Job instance at 0x7f17cab21f50>,25,27,[4 6],26,56,83,30,54
1,<environment.Job instance at 0x7f17cab21d20>,27,1,[1 7],28,74,75,46,61
1,<environment.Job instance at 0x7f1784057cd0>,31,2,[5 3],32,78,80,46,78
1,<environment.Job instance at 0x7f178490a3c0>,32,1,[5 5],33,79,80,46,79
1,<environment.Job instance at 0x7f17846ec6e0>,34,2,[9 3],35,87,89,52,87
1,<environment.Job instance at 0x7f17846eceb0>,35,3,[2 6],36,87,90,51,87
1,<environment.Job instance at 0x7f178411b690>,37,3,[6 3],38,93,96,55,93
1,<environment.Job instance at 0x7f17ca479be0>,38,1,[10  4],39,96,97,57,93
1,<environment.Job instance at 0x7f17840c2230>,44,28,[4 7],45,127,155,82,127
1,<environment.Job instance at 0x7f17c9e13d70>,50,24,[9 4],51,157,181,106,157
1,<environment.Job instance at 0x7f17ca97bcd0>,52,2,[ 3 10],53,159,161,106,159
1,<environment.Job instance at 0x7f17c9e13c80>,53,2,[12  3],54,181,183,127,161
1,<environment.Job instance at 0x7f17ca40e690>,62,1,[7 3],63,215,216,152,215
1,<environment.Job instance at 0x7f17ca40edc0>,64,13,[7 1],65,215,228,150,215
1,<environment.Job instance at 0x7f17ca40e280>,67,18,[3 9],68,227,245,159,227
1,<environment.Job instance at 0x7f17ca3f8050>,70,1,[6 3],71,238,239,167,238
1,<environment.Job instance at 0x7f17ca3f80f0>,72,2,[6 4],73,239,241,166,239
1,<environment.Job instance at 0x7f17ca3f8550>,75,2,[9 3],76,250,252,174,250
1,<environment.Job instance at 0x7f1784285a00>,77,22,[10  4],78,271,293,193,271
1,<environment.Job instance at 0x7f178426b370>,78,21,[7 1],79,293,314,214,285
1,<environment.Job instance at 0x7f17ca40df00>,80,1,[7 3],81,293,294,212,285
1,<environment.Job instance at 0x7f1784278c30>,82,21,[5 3],83,294,315,211,286
1,<environment.Job instance at 0x7f17ca5c29b0>,88,3,[14  4],89,315,318,226,311
1,<environment.Job instance at 0x7f1784369190>,3,1,[7 1],4,7,8,3,7
1,<environment.Job instance at 0x7f17cf3aa1e0>,8,2,[7 1],9,10,12,1,10
1,<environment.Job instance at 0x7f17cf3aa4b0>,10,2,[ 2 12],11,16,18,5,16
1,<environment.Job instance at 0x7f17c9f9bc80>,19,2,[10  4],20,37,39,17,37
1,<environment.Job instance at 0x7f17845890a0>,21,2,[10  3],22,48,50,26,48
1,<environment.Job instance at 0x7f17c9ffe8c0>,25,1,[14  5],26,62,63,36,62
1,<environment.Job instance at 0x7f17ca5782d0>,27,2,[ 5 12],28,68,70,40,68
1,<environment.Job instance at 0x7f17c9fa5d20>,28,3,[9 4],29,70,73,41,68
1,<environment.Job instance at 0x7f17c9fa5780>,29,20,[7 2],30,73,93,43,68
1,<environment.Job instance at 0x7f1784052190>,34,1,[5 9],35,89,90,54,89
1,<environment.Job instance at 0x7f17caa7f870>,35,2,[ 2 12],36,90,92,54,89
1,<environment.Job instance at 0x7f17caa7faf0>,36,2,[10  2],37,93,95,56,89
1,<environment.Job instance at 0x7f17caa7f730>,38,22,[ 3 10],39,93,115,54,93
1,<environment.Job instance at 0x7f17ca11a4b0>,44,19,[3 7],45,131,150,86,131
1,<environment.Job instance at 0x7f17ca44beb0>,46,1,[6 5],47,132,133,85,132
1,<environment.Job instance at 0x7f17ca44baf0>,47,23,[3 5],48,133,156,85,132
1,<environment.Job instance at 0x7f17ca44bf00>,50,28,[2 6],51,150,178,99,149
1,<environment.Job instance at 0x7f17ca44ba00>,51,1,[2 6],52,156,157,104,149
1,<environment.Job instance at 0x7f17c9e821e0>,57,2,[9 2],58,167,169,109,167
1,<environment.Job instance at 0x7f17c9e82500>,59,23,[8 2],60,169,192,109,167
1,<environment.Job instance at 0x7f178427be10>,60,1,[13  1],61,192,193,131,186
1,<environment.Job instance at 0x7f178427b960>,63,19,[3 9],64,193,212,129,186
1,<environment.Job instance at 0x7f178464b870>,70,2,[2 6],71,204,206,133,204
1,<environment.Job instance at 0x7f178464bb40>,71,20,[10  2],72,206,226,134,204
1,<environment.Job instance at 0x7f17843add20>,76,3,[ 3 10],77,271,274,194,271
1,<environment.Job instance at 0x7f17843adaa0>,78,3,[13  1],79,404,407,325,404
1,<environment.Job instance at 0x7f17843ad0a0>,82,1,[1 9],83,404,405,321,404
1,<environment.Job instance at 0x7f17841f9050>,5,1,[10  4],6,6,7,0,6
1,<environment.Job instance at 0x7f17caae4640>,9,2,[7 1],10,10,12,0,10
1,<environment.Job instance at 0x7f17caae4870>,11,23,[9 2],12,12,35,0,12
1,<environment.Job instance at 0x7f178494e1e0>,15,25,[ 2 11],16,16,41,0,16
1,<environment.Job instance at 0x7f178494e960>,25,2,[3 6],26,65,67,39,65
1,<environment.Job instance at 0x7f17ca5c65f0>,28,2,[4 9],29,76,78,47,76
1,<environment.Job instance at 0x7f17ca5c6a50>,31,1,[1 8],32,94,95,62,94
1,<environment.Job instance at 0x7f17ca5c6d70>,32,22,[ 4 11],33,95,117,62,94
1,<environment.Job instance at 0x7f17ca5c6e10>,34,3,[7 5],35,117,120,82,100
1,<environment.Job instance at 0x7f17842d8280>,35,2,[5 6],36,117,119,81,100
1,<environment.Job instance at 0x7f17842d88c0>,4,2,[3 9],5,5,7,0,5
1,<environment.Job instance at 0x7f17cabc7190>,5,3,[4 8],6,7,10,1,6
1,<environment.Job instance at 0x7f17c9ff2c80>,10,21,[9 2],11,11,32,0,11
1,<environment.Job instance at 0x7f17ca46aaf0>,15,3,[8 2],16,32,35,16,22
1,<environment.Job instance at 0x7f1784938230>,16,26,[3 5],17,22,48,5,22
1,<environment.Job instance at 0x7f17ca5d4500>,17,24,[9 4],18,35,59,17,30
1,<environment.Job instance at 0x7f17848eeaa0>,28,1,[12  1],29,59,60,30,53
1,<environment.Job instance at 0x7f17848ee410>,29,2,[7 2],30,60,62,30,53
1,<environment.Job instance at 0x7f17ca8fed20>,30,1,[5 5],31,53,54,22,53
1,<environment.Job instance at 0x7f17caaa6fa0>,34,1,[7 2],35,60,61,25,60
1,<environment.Job instance at 0x7f1783fdc6e0>,35,1,[6 4],36,61,62,25,60
1,<environment.Job instance at 0x7f1783fdcf00>,36,1,[6 5],37,62,63,25,60
1,<environment.Job instance at 0x7f1783fdcbe0>,38,3,[1 5],39,76,79,37,76
1,<environment.Job instance at 0x7f1783fdc690>,40,2,[6 2],41,76,78,35,76
1,<environment.Job instance at 0x7f17ca5f21e0>,42,2,[8 5],43,77,79,34,77
1,<environment.Job instance at 0x7f17ca5f2e10>,43,24,[5 1],44,78,102,34,77
1,<environment.Job instance at 0x7f17ca5f26e0>,44,1,[6 5],45,79,80,34,77
1,<environment.Job instance at 0x7f17ca5f2640>,45,22,[5 4],46,80,102,34,77
1,<environment.Job instance at 0x7f17ca5f2b40>,46,28,[8 5],47,102,130,55,101
1,<environment.Job instance at 0x7f17ca2c76e0>,48,2,[5 4],49,101,103,52,101
1,<environment.Job instance at 0x7f17ca5f2870>,49,1,[9 5],50,130,131,80,102
1,<environment.Job instance at 0x7f1784466050>,54,25,[9 4],55,131,156,76,127
1,<environment.Job instance at 0x7f178449d410>,63,2,[ 2 13],64,156,158,92,147
1,<environment.Job instance at 0x7f178449d8c0>,66,1,[9 2],67,156,157,89,147
1,<environment.Job instance at 0x7f178490e140>,68,3,[7 2],69,157,160,88,152
1,<environment.Job instance at 0x7f17ca9abb90>,70,1,[10  3],71,160,161,89,158
1,<environment.Job instance at 0x7f178461ec80>,71,2,[2 5],72,158,160,86,158
1,<environment.Job instance at 0x7f1784918e10>,72,2,[3 9],73,160,162,87,158
1,<environment.Job instance at 0x7f178448a0f0>,73,1,[8 5],74,161,162,87,158
1,<environment.Job instance at 0x7f178448a5f0>,74,1,[3 7],75,158,159,83,158
1,<environment.Job instance at 0x7f178448a550>,75,27,[4 6],76,162,189,86,160
1,<environment.Job instance at 0x7f17844720f0>,76,1,[6 2],77,162,163,85,160
1,<environment.Job instance at 0x7f17844779b0>,79,24,[9 1],80,180,204,100,180
1,<environment.Job instance at 0x7f17840b7f50>,80,1,[6 3],81,189,190,108,180
1,<environment.Job instance at 0x7f17845f3230>,84,2,[1 7],85,191,193,106,191
1,<environment.Job instance at 0x7f178465fd20>,86,2,[10  3],87,204,206,117,196
1,<environment.Job instance at 0x7f178465fdc0>,87,17,[2 5],88,197,214,109,197
1,<environment.Job instance at 0x7f17842ffaa0>,88,1,[ 2 12],89,214,215,125,197
1,<environment.Job instance at 0x7f178490b3c0>,94,1,[3 6],95,225,226,130,225
1,<environment.Job instance at 0x7f17ca9bf820>,95,1,[5 2],96,225,226,129,225
1,<environment.Job instance at 0x7f17ca9c09b0>,98,1,[9 2],99,243,244,144,243
1,<environment.Job instance at 0x7f17ca9c0a50>,100,1,[8 5],101,258,259,157,258
1,<environment.Job instance at 0x7f17ca9c07d0>,101,23,[5 2],102,258,281,156,258
1,<environment.Job instance at 0x7f17ca9c0820>,103,28,[10  4],104,313,341,209,313
1,<environment.Job instance at 0x7f178490bcd0>,96,13,[11  2],97,604,617,507,604
1,<environment.Job instance at 0x7f17ca0fe1e0>,117,1,[1 5],118,614,615,496,614
1,<environment.Job instance at 0x7f17ca9b2dc0>,121,19,[10  5],122,628,647,506,628
1,<environment.Job instance at 0x7f17ca9b22d0>,122,2,[10  5],123,647,649,524,628
1,<environment.Job instance at 0x7f17ca9b2cd0>,123,1,[2 5],124,628,629,504,628
1,<environment.Job instance at 0x7f17ca9b2fa0>,124,2,[2 7],125,629,631,504,628
1,<environment.Job instance at 0x7f17ca9b25a0>,125,3,[6 5],126,649,652,523,628
1,<environment.Job instance at 0x7f17ca105e60>,127,13,[ 1 10],128,637,650,509,637
1,<environment.Job instance at 0x7f17ca105f50>,128,2,[1 9],129,650,652,521,637
1,<environment.Job instance at 0x7f17c9fe60a0>,131,18,[4 5],132,652,670,520,648
1,<environment.Job instance at 0x7f17ca009b90>,133,12,[5 2],134,652,664,518,649
1,<environment.Job instance at 0x7f17ca009140>,134,1,[3 7],135,652,653,517,649
1,<environment.Job instance at 0x7f17ca009d20>,135,2,[ 5 10],136,664,666,528,649
1,<environment.Job instance at 0x7f17ca0de500>,137,2,[2 8],138,666,668,528,663
1,<environment.Job instance at 0x7f17ca0de9b0>,141,3,[8 1],142,678,681,536,678
1,<environment.Job instance at 0x7f17ca0de910>,143,1,[10  2],144,692,693,548,692
1,<environment.Job instance at 0x7f17ca0de780>,144,24,[5 9],145,692,716,547,692
1,<environment.Job instance at 0x7f17ca10cc80>,146,28,[9 5],147,695,723,548,695
1,<environment.Job instance at 0x7f17c9d85870>,0,3,[5 6],1,5,8,4,5
1,<environment.Job instance at 0x7f17ca833780>,8,2,[4 8],9,9,11,0,9
1,<environment.Job instance at 0x7f17ca62a370>,12,1,[2 9],13,13,14,0,13
1,<environment.Job instance at 0x7f17ca62a910>,15,1,[8 2],16,17,18,1,17
1,<environment.Job instance at 0x7f17ca8330f0>,16,1,[2 8],17,17,18,0,17
1,<environment.Job instance at 0x7f17840912d0>,20,3,[1 9],21,26,29,5,26
1,<environment.Job instance at 0x7f17ca62aa50>,13,18,[2 6],14,26,44,12,26
1,<environment.Job instance at 0x7f17840ae5f0>,22,19,[1 5],23,29,48,6,26
1,<environment.Job instance at 0x7f17c9e99b90>,33,23,[5 6],34,72,95,38,72
1,<environment.Job instance at 0x7f17c9e993c0>,36,2,[10  5],37,78,80,41,78
1,<environment.Job instance at 0x7f17c9e99140>,38,28,[3 8],39,88,116,49,88
1,<environment.Job instance at 0x7f17c9e99e60>,43,23,[5 7],44,95,118,51,94
1,<environment.Job instance at 0x7f17c9e99500>,44,28,[8 5],45,116,144,71,115
1,<environment.Job instance at 0x7f17ca620870>,45,1,[10  5],46,144,145,98,116
1,<environment.Job instance at 0x7f17ca620280>,46,23,[3 7],47,118,141,71,116
1,<environment.Job instance at 0x7f17ca6203c0>,49,22,[5 3],50,141,163,91,135
1,<environment.Job instance at 0x7f17c9e99dc0>,47,24,[2 9],48,145,169,97,140
1,<environment.Job instance at 0x7f17ca6205a0>,52,23,[13  5],53,163,186,110,157
1,<environment.Job instance at 0x7f17ca6205f0>,54,20,[1 9],55,169,189,114,160
1,<environment.Job instance at 0x7f17ca6207d0>,57,20,[ 5 12],58,189,209,131,180
1,<environment.Job instance at 0x7f17c9e82f50>,63,26,[6 4],64,209,235,145,206
1,<environment.Job instance at 0x7f17ca795780>,66,24,[10  1],67,235,259,168,230
1,<environment.Job instance at 0x7f17ca7957d0>,68,1,[1 7],69,230,231,161,230
1,<environment.Job instance at 0x7f1784651f50>,69,1,[10  4],70,259,260,189,231
1,<environment.Job instance at 0x7f17ca795c80>,70,1,[4 7],71,231,232,160,231
1,<environment.Job instance at 0x7f17ca6dea50>,74,1,[6 1],75,234,235,159,234
1,<environment.Job instance at 0x7f17ca6ded20>,76,26,[8 4],77,260,286,183,257
1,<environment.Job instance at 0x7f17841f9be0>,1,21,[2 7],2,2,23,0,2
1,<environment.Job instance at 0x7f17ca12baa0>,15,25,[8 3],16,23,48,7,23
1,<environment.Job instance at 0x7f17ca12bf50>,19,1,[7 1],20,37,38,17,37
1,<environment.Job instance at 0x7f178456e280>,21,2,[9 4],22,48,50,26,40
1,<environment.Job instance at 0x7f178456ed70>,22,1,[2 7],23,40,41,17,40
1,<environment.Job instance at 0x7f178456e5f0>,23,1,[4 8],24,41,42,17,40
1,<environment.Job instance at 0x7f178456edc0>,24,1,[5 4],25,40,41,15,40
1,<environment.Job instance at 0x7f178456e780>,25,3,[7 4],26,42,45,16,41
1,<environment.Job instance at 0x7f178456e910>,26,19,[4 6],27,45,64,18,41
1,<environment.Job instance at 0x7f178456e7d0>,28,1,[3 8],29,55,56,26,55
1,<environment.Job instance at 0x7f178456ec30>,29,21,[ 5 10],30,64,85,34,56
1,<environment.Job instance at 0x7f178456ea00>,33,21,[5 5],34,61,82,27,61
1,<environment.Job instance at 0x7f17c9f69730>,40,18,[9 1],41,85,103,44,85
1,<environment.Job instance at 0x7f17c9f69cd0>,42,3,[5 5],43,89,92,46,89
1,<environment.Job instance at 0x7f17c9f69820>,43,27,[4 6],44,92,119,48,90
1,<environment.Job instance at 0x7f17c9f69d70>,47,2,[3 5],48,109,111,61,109
1,<environment.Job instance at 0x7f17c9f69050>,50,3,[ 1 14],51,123,126,72,123
1,<environment.Job instance at 0x7f17c9f69f50>,51,1,[10  3],52,126,127,74,123
1,<environment.Job instance at 0x7f17c9f69910>,54,1,[ 2 11],55,126,127,71,123
1,<environment.Job instance at 0x7f17c9f69460>,57,28,[8 2],58,138,166,80,138
1,<environment.Job instance at 0x7f17caa78320>,58,22,[5 8],59,138,160,79,138
1,<environment.Job instance at 0x7f17847520a0>,61,28,[ 3 10],62,160,188,98,159
1,<environment.Job instance at 0x7f17847524b0>,64,1,[ 1 10],65,188,189,123,160
1,<environment.Job instance at 0x7f1784752780>,68,1,[8 5],69,178,179,109,178
1,<environment.Job instance at 0x7f17847531e0>,74,2,[ 3 10],75,204,206,129,204
1,<environment.Job instance at 0x7f1784753640>,75,2,[4 5],76,204,206,128,204
1,<environment.Job instance at 0x7f1784753140>,77,14,[5 1],78,207,221,129,207
1,<environment.Job instance at 0x7f1784753e10>,78,14,[6 1],79,208,222,129,208
1,<environment.Job instance at 0x7f1784753f50>,79,2,[6 5],80,221,223,141,208
1,<environment.Job instance at 0x7f178405a7d0>,80,1,[10  5],81,223,224,142,208
1,<environment.Job instance at 0x7f178405ac80>,82,1,[1 8],83,210,211,127,210
1,<environment.Job instance at 0x7f178405abe0>,83,1,[3 7],84,211,212,127,210
1,<environment.Job instance at 0x7f178405a190>,86,21,[8 5],87,225,246,138,225
1,<environment.Job instance at 0x7f17cab57230>,89,28,[3 6],90,234,262,144,234
1,<environment.Job instance at 0x7f1784030730>,90,26,[6 1],91,246,272,155,243
1,<environment.Job instance at 0x7f17cab57140>,91,2,[ 4 13],92,262,264,170,243
1,<environment.Job instance at 0x7f1784030f50>,99,24,[9 1],100,264,288,164,259
1,<environment.Job instance at 0x7f1783f81eb0>,103,25,[3 7],104,272,297,168,268
1,<environment.Job instance at 0x7f1783f81870>,106,20,[12  4],107,288,308,181,279
1,<environment.Job instance at 0x7f17caa09f50>,11,26,[3 8],12,12,38,0,12
1,<environment.Job instance at 0x7f17caa092d0>,12,1,[4 5],13,14,15,1,14
1,<environment.Job instance at 0x7f17840a85a0>,14,2,[7 1],15,15,17,0,15
1,<environment.Job instance at 0x7f17840a84b0>,17,1,[4 7],18,18,19,0,18
1,<environment.Job instance at 0x7f17840a82d0>,18,1,[5 3],19,19,20,0,19
1,<environment.Job instance at 0x7f17840a8280>,19,2,[ 1 14],20,38,40,18,22
1,<environment.Job instance at 0x7f17ca9de5a0>,24,24,[ 3 10],25,40,64,15,35
1,<environment.Job instance at 0x7f17ca9de7d0>,28,24,[10  5],29,52,76,23,52
1,<environment.Job instance at 0x7f17ca9de320>,33,19,[5 5],34,64,83,30,62
1,<environment.Job instance at 0x7f17840b1370>,42,12,[1 5],43,103,115,60,103
1,<environment.Job instance at 0x7f17840b16e0>,43,20,[1 7],44,103,123,59,103
1,<environment.Job instance at 0x7f17840b1780>,45,3,[ 4 13],46,123,126,77,114
1,<environment.Job instance at 0x7f17840b1e60>,46,28,[2 6],47,126,154,79,125
1,<environment.Job instance at 0x7f17840b15f0>,48,3,[8 3],49,126,129,77,125
1,<environment.Job instance at 0x7f17840b1140>,49,26,[10  1],50,129,155,79,126
1,<environment.Job instance at 0x7f17840dfe10>,53,3,[9 2],54,155,158,101,131
1,<environment.Job instance at 0x7f17840df5a0>,54,2,[8 3],55,158,160,103,131
1,<environment.Job instance at 0x7f17840df910>,56,2,[3 7],57,146,148,89,146
1,<environment.Job instance at 0x7f17840df780>,58,3,[7 4],59,158,161,99,148
1,<environment.Job instance at 0x7f17840dfb90>,61,2,[10  4],62,167,169,105,167
1,<environment.Job instance at 0x7f17840df370>,65,3,[2 8],66,180,183,114,180
1,<environment.Job instance at 0x7f17840dfc30>,66,2,[ 1 10],67,183,185,116,180
1,<environment.Job instance at 0x7f17840df820>,67,2,[2 8],68,185,187,117,180
1,<environment.Job instance at 0x7f17840dfaa0>,68,26,[5 7],69,185,211,116,182
1,<environment.Job instance at 0x7f17840c63c0>,69,28,[ 4 10],70,211,239,141,210
1,<environment.Job instance at 0x7f17840c64b0>,72,2,[ 4 11],73,239,241,166,212
1,<environment.Job instance at 0x7f17840c6550>,75,23,[ 3 10],76,241,264,165,235
1,<environment.Job instance at 0x7f17840ded20>,86,1,[8 2],87,258,259,171,258
1,<environment.Job instance at 0x7f17840ded70>,90,23,[7 1],91,286,309,195,286
1,<environment.Job instance at 0x7f17840deaf0>,94,1,[1 8],95,289,290,194,289
1,<environment.Job instance at 0x7f17840dee10>,95,21,[5 2],96,289,310,193,289
1,<environment.Job instance at 0x7f17840bcd70>,100,1,[10  1],101,312,313,211,312
1,<environment.Job instance at 0x7fd121769370>,1,22,[11  3],2,2,24,0,2
1,<environment.Job instance at 0x7fd121769230>,2,22,[4 8],3,3,25,0,3
1,<environment.Job instance at 0x7fd11c359690>,12,26,[ 1 10],13,25,51,12,22
1,<environment.Job instance at 0x7fd11c359460>,7,1,[5 4],8,24,25,16,22
1,<environment.Job instance at 0x7fd11c359e60>,17,3,[4 9],18,51,54,33,25
1,<environment.Job instance at 0x7fd11c359910>,20,1,[7 5],21,34,35,13,34
1,<environment.Job instance at 0x7fd11c359a50>,21,1,[6 5],22,35,36,13,34
1,<environment.Job instance at 0x7fd11c35c410>,22,1,[2 7],23,54,55,31,34
1,<environment.Job instance at 0x7fd11c35c500>,23,27,[1 6],24,51,78,27,49
1,<environment.Job instance at 0x7fd11c35c640>,26,3,[3 7],27,55,58,28,50
1,<environment.Job instance at 0x7fd11c35c9b0>,28,23,[10  4],29,58,81,29,54
1,<environment.Job instance at 0x7fd11c35ca50>,32,3,[5 1],33,78,81,45,56
1,<environment.Job instance at 0x7fd11c35cd20>,34,24,[1 8],35,81,105,46,76
1,<environment.Job instance at 0x7fd11c35d1e0>,38,2,[ 1 10],39,105,107,66,78
1,<environment.Job instance at 0x7fd11c35d280>,39,2,[5 6],40,81,83,41,78
1,<environment.Job instance at 0x7fd11c35d3c0>,41,1,[5 2],42,83,84,41,82
1,<environment.Job instance at 0x7fd11c35d460>,42,2,[4 6],43,84,86,41,82
1,<environment.Job instance at 0x7fd11c35d5a0>,44,3,[5 5],45,86,89,41,86
1,<environment.Job instance at 0x7fd11c35d780>,47,2,[6 5],48,103,105,55,103
1,<environment.Job instance at 0x7fd11c35d960>,49,16,[2 5],50,110,126,60,110
1,<environment.Job instance at 0x7fd11c4153c0>,4,3,[6 4],5,6,9,1,6
1,<environment.Job instance at 0x7fd11c374230>,12,1,[6 4],13,13,14,0,13
1,<environment.Job instance at 0x7fd11c374c30>,16,2,[11  5],17,22,24,5,22
1,<environment.Job instance at 0x7fd11c374f50>,17,21,[ 3 10],18,22,43,4,22
1,<environment.Job instance at 0x7fd11c3747d0>,18,3,[14  4],19,43,46,24,43
1,<environment.Job instance at 0x7fd11c372820>,23,2,[7 3],24,46,48,22,44
1,<environment.Job instance at 0x7fd11c378410>,25,2,[5 2],26,46,48,20,45
1,<environment.Job instance at 0x7fd11c3785f0>,26,1,[5 9],27,48,49,21,45
1,<environment.Job instance at 0x7fd11c378be0>,27,1,[2 9],28,46,47,18,45
1,<environment.Job instance at 0x7fd11c378aa0>,28,21,[9 4],29,48,69,19,45
1,<environment.Job instance at 0x7fd11c37b910>,35,1,[6 2],36,71,72,35,71
1,<environment.Job instance at 0x7fd11c37bbe0>,37,1,[9 1],38,79,80,41,79
1,<environment.Job instance at 0x7fd11c415a00>,0,3,[13  3],1,84,87,83,84
1,<environment.Job instance at 0x7fd11c2fd320>,39,2,[9 4],40,87,89,47,84
1,<environment.Job instance at 0x7fd11c2fd0f0>,44,3,[9 2],45,107,110,62,107
1,<environment.Job instance at 0x7fd0d66e1870>,46,3,[2 8],47,115,118,68,115
1,<environment.Job instance at 0x7fd0d66e1690>,47,1,[2 8],48,118,119,70,115
1,<environment.Job instance at 0x7fd0d66e1370>,48,2,[13  1],49,115,117,66,115
1,<environment.Job instance at 0x7fd0d66e1c30>,49,2,[10  4],50,117,119,67,115
1,<environment.Job instance at 0x7fd0d66e1e10>,51,3,[13  5],52,119,122,67,118
1,<environment.Job instance at 0x7fd0d66e1f50>,52,2,[ 1 12],53,122,124,69,120
1,<environment.Job instance at 0x7fd0d66e1eb0>,53,2,[5 6],54,124,126,70,120
1,<environment.Job instance at 0x7fd0d66e1910>,55,2,[5 5],56,126,128,70,126
1,<environment.Job instance at 0x7fd0d66df500>,57,3,[1 5],58,127,130,69,127
1,<environment.Job instance at 0x7fd0d66df190>,58,1,[10  5],59,128,129,69,127
1,<environment.Job instance at 0x7fd0d66df280>,59,1,[ 2 10],60,129,130,69,127
1,<environment.Job instance at 0x7fd0d66df820>,62,1,[ 4 13],63,144,145,81,144
1,<environment.Job instance at 0x7fd0d66df6e0>,65,1,[3 8],66,162,163,96,162
1,<environment.Job instance at 0x7fd0d66e05f0>,71,1,[8 3],72,202,203,130,202
1,<environment.Job instance at 0x7fd0d66e0730>,72,20,[1 7],73,202,222,129,202
1,<environment.Job instance at 0x7fd0d66e00a0>,73,1,[ 4 10],74,222,223,148,202
1,<environment.Job instance at 0x7fd0d67a8aa0>,75,1,[10  1],76,204,205,128,204
1,<environment.Job instance at 0x7fd0d66e0eb0>,76,19,[2 7],77,223,242,146,213
1,<environment.Job instance at 0x7fd0d67de550>,79,2,[5 8],80,213,215,133,213
1,<environment.Job instance at 0x7fd0d6771410>,80,24,[ 1 10],81,242,266,161,237
1,<environment.Job instance at 0x7fd0d6776320>,83,24,[7 4],84,238,262,154,238
1,<environment.Job instance at 0x7fd0d68b4320>,85,3,[12  3],86,262,265,176,262
1,<environment.Job instance at 0x7fd0d684c870>,91,27,[4 7],92,266,293,174,264
1,<environment.Job instance at 0x7fd0d6886050>,92,26,[8 4],93,265,291,172,264
1,<environment.Job instance at 0x7fd0d684cdc0>,99,1,[5 4],100,291,292,191,284
1,<environment.Job instance at 0x7fd0d688f1e0>,100,25,[ 3 10],101,293,318,192,289
1,<environment.Job instance at 0x7fd0d687b960>,101,1,[ 2 10],102,318,319,216,290
1,<environment.Job instance at 0x7fd0d687bd70>,102,1,[3 9],103,319,320,216,291
1,<environment.Job instance at 0x7fd0d682af50>,103,2,[4 7],104,320,322,216,293
1,<environment.Job instance at 0x7fd0d688f6e0>,105,2,[1 5],106,295,297,189,295
1,<environment.Job instance at 0x7fd0d6834b40>,106,3,[8 4],107,297,300,190,295
1,<environment.Job instance at 0x7fd0d669aa00>,109,3,[4 7],110,320,323,210,301
1,<environment.Job instance at 0x7fd0d65d8a00>,112,1,[5 5],113,313,314,200,313
1,<environment.Job instance at 0x7fd0d66332d0>,113,23,[10  1],114,322,345,208,316
1,<environment.Job instance at 0x7fd0d66361e0>,114,2,[8 5],115,316,318,201,316
1,<environment.Job instance at 0x7fd0d67055f0>,115,1,[8 1],116,318,319,202,316
1,<environment.Job instance at 0x7fd0d6633be0>,116,28,[6 5],117,345,373,228,344
1,<environment.Job instance at 0x7fd0d65a45a0>,2,3,[ 3 11],3,8,11,5,8
1,<environment.Job instance at 0x7fd0d6a584b0>,10,24,[2 8],11,11,35,0,11
1,<environment.Job instance at 0x7fd0d6a58370>,11,24,[9 1],12,12,36,0,12
1,<environment.Job instance at 0x7fd0d65be190>,13,24,[10  5],14,36,60,22,31
1,<environment.Job instance at 0x7fd0d6a583c0>,14,23,[10  2],15,60,83,45,54
1,<environment.Job instance at 0x7fd0d65d70f0>,26,1,[2 6],27,81,82,54,81
1,<environment.Job instance at 0x7fd0d65d82d0>,28,2,[5 7],29,83,85,54,83
1,<environment.Job instance at 0x7fd11c53e230>,31,2,[6 3],32,95,97,63,95
1,<environment.Job instance at 0x7fd0d661f9b0>,33,1,[1 7],34,103,104,69,103
1,<environment.Job instance at 0x7fd0d661f500>,34,18,[3 6],35,125,143,90,125
1,<environment.Job instance at 0x7fd0d65c8be0>,38,2,[9 4],39,125,127,86,125
1,<environment.Job instance at 0x7fd11c5b82d0>,39,3,[ 2 10],40,143,146,103,125
1,<environment.Job instance at 0x7fd11c1f8410>,40,27,[ 5 10],41,146,173,105,144
1,<environment.Job instance at 0x7fd0d67382d0>,46,25,[ 5 10],47,173,198,126,169
1,<environment.Job instance at 0x7fd11c1196e0>,57,1,[5 5],58,170,171,112,170
1,<environment.Job instance at 0x7fd11c119f50>,63,2,[5 5],64,190,192,126,190
1,<environment.Job instance at 0x7fd11c119690>,64,1,[7 4],65,192,193,127,190
1,<environment.Job instance at 0x7fd1218db870>,66,3,[6 3],67,193,196,126,192
1,<environment.Job instance at 0x7fd11c11a3c0>,69,3,[5 5],70,205,208,135,205
1,<environment.Job instance at 0x7fd11c1267d0>,71,3,[9 4],72,220,223,148,220
1,<environment.Job instance at 0x7fd11c1262d0>,72,1,[7 4],73,223,224,150,220
1,<environment.Job instance at 0x7fd11c126e60>,73,2,[9 2],74,224,226,150,220
1,<environment.Job instance at 0x7fd11c87ffa0>,75,2,[ 4 11],76,225,227,149,225
1,<environment.Job instance at 0x7fd11c4d9aa0>,78,1,[2 6],79,238,239,159,238
1,<environment.Job instance at 0x7fd0d661d960>,79,17,[8 1],80,239,256,159,239
1,<environment.Job instance at 0x7fd0d661dc30>,80,2,[10  2],81,256,258,175,239
1,<environment.Job instance at 0x7fd12174a690>,82,19,[8 2],83,258,277,175,248
1,<environment.Job instance at 0x7fd0d661daa0>,83,2,[ 2 14],84,249,251,165,249
1,<environment.Job instance at 0x7fd0d6633a50>,86,2,[11  3],87,277,279,190,262
1,<environment.Job instance at 0x7fd0d6633d20>,87,2,[12  2],88,279,281,191,278
1,<environment.Job instance at 0x7fd11c815500>,91,3,[7 3],92,291,294,199,291
1,<environment.Job instance at 0x7fd11c815b40>,92,2,[12  5],93,294,296,201,291
1,<environment.Job instance at 0x7fd11c8151e0>,93,1,[1 7],94,291,292,197,291
1,<environment.Job instance at 0x7fd0d66267d0>,94,1,[14  4],95,296,297,201,291
1,<environment.Job instance at 0x7fd11c0d2b90>,97,2,[6 4],98,304,306,206,304
1,<environment.Job instance at 0x7fd11c138960>,104,2,[2 5],105,336,338,231,336
1,<environment.Job instance at 0x7fd121790a50>,106,1,[3 8],107,344,345,237,344
1,<environment.Job instance at 0x7fd121790fa0>,108,1,[2 8],109,345,346,236,344
1,<environment.Job instance at 0x7fd121790af0>,109,1,[ 3 10],110,346,347,236,344
1,<environment.Job instance at 0x7fd121790640>,112,1,[ 5 10],113,371,372,258,371
1,<environment.Job instance at 0x7fd121790b40>,113,1,[ 5 12],114,372,373,258,371
1,<environment.Job instance at 0x7fd121790050>,114,21,[7 2],115,371,392,256,371
1,<environment.Job instance at 0x7fd11eaf2fa0>,0,19,[6 3],1,1,20,0,1
1,<environment.Job instance at 0x7fd0d6c5d140>,9,1,[10  3],10,20,21,10,10
1,<environment.Job instance at 0x7fd11c145370>,15,2,[14  5],16,23,25,7,23
1,<environment.Job instance at 0x7fd0d6c42a00>,20,1,[6 3],21,25,26,4,25
1,<environment.Job instance at 0x7fd0d69be320>,24,12,[6 4],25,40,52,15,40
1,<environment.Job instance at 0x7fd0d69be2d0>,25,21,[2 5],26,40,61,14,40
1,<environment.Job instance at 0x7fd0d69bea00>,26,1,[7 2],27,40,41,13,40
1,<environment.Job instance at 0x7fd0d69bee10>,27,2,[2 6],28,41,43,13,40
1,<environment.Job instance at 0x7fd0d69be460>,29,19,[9 1],30,52,71,22,51
1,<environment.Job instance at 0x7fd11c3de320>,32,1,[2 9],33,54,55,21,54
1,<environment.Job instance at 0x7fd11c3de4b0>,33,27,[1 8],34,55,82,21,54
1,<environment.Job instance at 0x7fd11c3debe0>,34,1,[5 8],35,82,83,47,54
1,<environment.Job instance at 0x7fd11c773910>,37,2,[2 8],38,83,85,45,68
1,<environment.Job instance at 0x7fd11c773cd0>,38,3,[5 9],39,85,88,46,68
1,<environment.Job instance at 0x7fd11c5ea3c0>,42,3,[ 1 10],43,88,91,45,84
1,<environment.Job instance at 0x7fd11c5eab90>,43,3,[7 3],44,84,87,40,84
1,<environment.Job instance at 0x7fd11c4ab370>,47,22,[1 7],48,115,137,67,115
1,<environment.Job instance at 0x7fd11c4abcd0>,48,2,[5 7],49,115,117,66,115
1,<environment.Job instance at 0x7fd11c4ab550>,52,1,[9 3],53,133,134,80,133
1,<environment.Job instance at 0x7fd11c46a0f0>,53,3,[ 3 14],54,140,143,86,140
1,<environment.Job instance at 0x7fd11c46a190>,55,25,[6 3],56,143,168,87,140
1,<environment.Job instance at 0x7fd11c8293c0>,60,2,[ 5 11],61,152,154,91,152
1,<environment.Job instance at 0x7fd0d65fdd70>,64,1,[5 7],65,181,182,116,181
1,<environment.Job instance at 0x7fd0d65fd230>,66,2,[2 9],67,182,184,115,181
1,<environment.Job instance at 0x7fd11c4635f0>,67,3,[7 1],68,183,186,115,183
1,<environment.Job instance at 0x7fd11c4636e0>,69,27,[ 5 10],70,195,222,125,195
1,<environment.Job instance at 0x7fd11c44df50>,71,22,[ 1 10],72,222,244,150,215
1,<environment.Job instance at 0x7fd11c44d8c0>,78,20,[6 2],79,215,235,136,215
1,<environment.Job instance at 0x7fd11c788550>,87,18,[1 7],88,252,270,164,252
1,<environment.Job instance at 0x7fd0d6ab9b40>,93,2,[10  5],94,280,282,186,280
1,<environment.Job instance at 0x7fd11c4b4140>,96,3,[8 1],97,295,298,198,295
1,<environment.Job instance at 0x7fd11c3415f0>,98,21,[5 8],99,296,317,197,296
1,<environment.Job instance at 0x7fd121792960>,101,28,[2 8],102,317,345,215,316
1,<environment.Job instance at 0x7fd1217925f0>,103,27,[9 3],104,330,357,226,330
1,<environment.Job instance at 0x7fd121792af0>,106,28,[1 7],107,345,373,238,344
1,<environment.Job instance at 0x7fd11c3c20f0>,109,2,[ 4 11],110,373,375,263,353
1,<environment.Job instance at 0x7fd11c3c2af0>,111,1,[10  2],112,357,358,245,353
1,<environment.Job instance at 0x7fd11c3bc5f0>,114,3,[11  1],115,358,361,243,356
1,<environment.Job instance at 0x7fd11c616730>,116,28,[9 2],117,361,389,244,360
1,<environment.Job instance at 0x7fd0d6c3df00>,127,3,[ 1 12],128,375,378,247,369
1,<environment.Job instance at 0x7fd0d6c3dc30>,129,3,[5 1],130,380,383,250,380
1,<environment.Job instance at 0x7fd0d6c3d190>,131,1,[10  4],132,389,390,257,380
1,<environment.Job instance at 0x7fd0d65a7730>,136,23,[7 4],137,525,548,388,525
1,<environment.Job instance at 0x7fd11c467550>,1,27,[5 1],2,2,29,0,2
1,<environment.Job instance at 0x7fd0d65a7a50>,2,21,[1 6],3,3,24,0,3
1,<environment.Job instance at 0x7fd0d69bae60>,6,25,[8 3],7,7,32,0,7
1,<environment.Job instance at 0x7fd0d66051e0>,16,25,[ 5 10],17,29,54,12,26
1,<environment.Job instance at 0x7fd11c6fc0a0>,24,2,[ 2 10],25,54,56,29,43
1,<environment.Job instance at 0x7fd11c6fcc30>,26,1,[2 6],27,56,57,29,43
1,<environment.Job instance at 0x7fd121791370>,11,19,[10  1],12,53,72,41,53
1,<environment.Job instance at 0x7fd11c6fce60>,31,2,[9 5],32,72,74,40,70
1,<environment.Job instance at 0x7fd11c4c7e60>,36,2,[13  5],37,91,93,54,91
1,<environment.Job instance at 0x7fd11c43e500>,37,1,[9 5],38,93,94,55,91
1,<environment.Job instance at 0x7fd11c43edc0>,40,26,[6 3],41,101,127,60,101
1,<environment.Job instance at 0x7fd11c43e190>,43,2,[6 3],44,117,119,73,117
1,<environment.Job instance at 0x7fd0d695ccd0>,44,1,[9 4],45,119,120,74,117
1,<environment.Job instance at 0x7fd11c1ce870>,45,23,[7 1],46,120,143,74,117
1,<environment.Job instance at 0x7fd11ee53320>,48,2,[8 5],49,127,129,78,122
1,<environment.Job instance at 0x7fd11c1e3550>,58,1,[ 3 14],59,219,220,160,219
1,<environment.Job instance at 0x7fd11e9fc050>,59,2,[5 6],60,220,222,160,220
1,<environment.Job instance at 0x7fd11c1e3b40>,60,1,[5 9],61,220,221,159,220
1,<environment.Job instance at 0x7fd0d6cb79b0>,62,3,[5 2],63,221,224,158,220
1,<environment.Job instance at 0x7fd0d6cb7690>,68,1,[8 4],69,293,294,224,293
1,<environment.Job instance at 0x7fd0d6cc0410>,70,2,[4 9],71,295,297,224,295
1,<environment.Job instance at 0x7fd0d6605190>,1,1,[10  4],2,3,4,1,3
1,<environment.Job instance at 0x7fd0d696d730>,6,1,[5 7],7,7,8,0,7
1,<environment.Job instance at 0x7fd0d696d460>,8,2,[7 3],9,9,11,0,9
1,<environment.Job instance at 0x7fd0d696d9b0>,9,1,[5 6],10,10,11,0,10
1,<environment.Job instance at 0x7fd0d67187d0>,16,2,[7 3],17,17,19,0,17
1,<environment.Job instance at 0x7fd0d6718460>,17,25,[9 4],18,19,44,1,18
1,<environment.Job instance at 0x7fd0d696d910>,21,3,[ 4 12],22,44,47,22,30
1,<environment.Job instance at 0x7fd0d6718d70>,24,1,[8 1],25,44,45,19,43
1,<environment.Job instance at 0x7fd11c2f2550>,29,2,[9 5],30,71,73,41,71
1,<environment.Job instance at 0x7fd11c2f2500>,30,1,[8 5],31,73,74,42,71
1,<environment.Job instance at 0x7fd11c2f2690>,32,2,[5 7],33,72,74,39,72
1,<environment.Job instance at 0x7fd11c2f25a0>,34,25,[7 4],35,74,99,39,74
1,<environment.Job instance at 0x7fd11c2f28c0>,35,3,[1 6],36,74,77,38,74
1,<environment.Job instance at 0x7fd11c2f24b0>,36,22,[ 4 10],37,77,99,40,74
1,<environment.Job instance at 0x7fd11c2e25a0>,44,3,[3 5],45,112,115,67,112
1,<environment.Job instance at 0x7fd11c2e21e0>,45,23,[8 2],46,112,135,66,112
1,<environment.Job instance at 0x7fd11c2e2f00>,47,1,[8 3],48,135,136,87,113
1,<environment.Job instance at 0x7fd11c2e2730>,48,1,[ 1 10],49,115,116,66,113
1,<environment.Job instance at 0x7fd11c2e2370>,49,2,[3 6],50,113,115,63,113
1,<environment.Job instance at 0x7fd11c2e2500>,54,3,[8 2],55,144,147,89,144
1,<environment.Job instance at 0x7fd0d67094b0>,55,3,[11  2],56,147,150,91,144
1,<environment.Job instance at 0x7fd0d6709e10>,56,3,[8 5],57,150,153,93,144
1,<environment.Job instance at 0x7fd0d6709370>,62,23,[7 1],63,195,218,132,195
1,<environment.Job instance at 0x7fd0d6709410>,63,2,[2 8],64,195,197,131,195
1,<environment.Job instance at 0x7fd0d67098c0>,65,3,[13  2],66,218,221,152,213
1,<environment.Job instance at 0x7fd0d6709140>,66,1,[9 4],67,221,222,154,213
1,<environment.Job instance at 0x7fd0d6709f50>,67,3,[3 8],68,214,217,146,214
1,<environment.Job instance at 0x7fd0d67097d0>,68,1,[13  4],69,222,223,153,214
1,<environment.Job instance at 0x7fd11c2e2820>,53,18,[ 2 11],54,692,710,638,692
1,<environment.Job instance at 0x7fd0d67106e0>,81,23,[ 3 13],82,710,733,628,704
1,<environment.Job instance at 0x7fd0d69dd3c0>,86,2,[7 2],87,732,734,645,732
1,<environment.Job instance at 0x7fd0d69ddb90>,88,18,[5 8],89,743,761,654,743
1,<environment.Job instance at 0x7fd11ed40eb0>,90,20,[9 5],91,744,764,653,744
1,<environment.Job instance at 0x7fd11e9e8d70>,98,3,[2 7],99,767,770,668,767
1,<environment.Job instance at 0x7fd11c50b410>,99,2,[10  2],100,767,769,667,767
1,<environment.Job instance at 0x7fd11edb3640>,100,1,[8 1],101,769,770,668,767
1,<environment.Job instance at 0x7fd11f01ccd0>,104,22,[9 5],105,776,798,671,776
1,<environment.Job instance at 0x7fd11f01c190>,105,3,[ 1 14],106,798,801,692,785
1,<environment.Job instance at 0x7fd11edb4320>,5,2,[10  5],6,7,9,1,7
1,<environment.Job instance at 0x7fd11ecd2cd0>,10,27,[7 4],11,11,38,0,11
1,<environment.Job instance at 0x7fd11c6eb870>,15,2,[ 1 12],16,38,40,22,27
1,<environment.Job instance at 0x7fd0d679f370>,20,25,[ 1 14],21,41,66,20,41
1,<environment.Job instance at 0x7fd0d679fe10>,23,1,[ 4 13],24,66,67,42,63
1,<environment.Job instance at 0x7fd0d679fe60>,24,19,[9 1],25,65,84,40,65
1,<environment.Job instance at 0x7fd0d679f3c0>,25,3,[ 4 11],26,75,78,49,75
1,<environment.Job instance at 0x7fd11ec13140>,35,1,[5 2],36,90,91,54,90
1,<environment.Job instance at 0x7fd11ea5a780>,36,3,[8 3],37,90,93,53,90
1,<environment.Job instance at 0x7fd11ed46d20>,38,3,[11  1],39,97,100,58,97
1,<environment.Job instance at 0x7fd11ed46410>,39,2,[3 7],40,97,99,57,97
1,<environment.Job instance at 0x7fd11c2f3af0>,43,2,[2 7],44,100,102,56,100
1,<environment.Job instance at 0x7fd11c238e10>,44,1,[9 2],45,100,101,55,100
1,<environment.Job instance at 0x7fd11c238dc0>,45,3,[9 1],46,101,104,55,100
1,<environment.Job instance at 0x7fd11c238460>,47,22,[6 1],48,106,128,58,106
1,<environment.Job instance at 0x7fd11c811af0>,52,2,[8 2],53,129,131,76,129
1,<environment.Job instance at 0x7fd11c811e60>,53,2,[8 1],54,131,133,77,129
1,<environment.Job instance at 0x7fd11c811c30>,54,1,[ 3 10],55,129,130,74,129
1,<environment.Job instance at 0x7fd11c28ae10>,59,2,[3 7],60,150,152,90,150
1,<environment.Job instance at 0x7fd11c28ae60>,62,19,[8 3],63,164,183,101,164
1,<environment.Job instance at 0x7fd0d6a19820>,65,1,[7 1],66,181,182,115,181
1,<environment.Job instance at 0x7fd0d6a19780>,66,23,[5 5],67,182,205,115,181
1,<environment.Job instance at 0x7fd0d6a19320>,67,1,[2 6],68,182,183,114,181
1,<environment.Job instance at 0x7fd0d6a194b0>,69,25,[7 3],70,192,217,122,192
1,<environment.Job instance at 0x7fd0d6a191e0>,70,1,[12  5],71,217,218,146,205
1,<environment.Job instance at 0x7fd11c297c80>,75,3,[ 3 10],76,211,214,135,211
1,<environment.Job instance at 0x7fd11c297460>,79,3,[7 1],80,225,228,145,225
1,<environment.Job instance at 0x7fd11c2a9b40>,80,2,[8 5],81,225,227,144,225
1,<environment.Job instance at 0x7fd11c2a9e60>,81,3,[ 3 11],82,227,230,145,225
1,<environment.Job instance at 0x7fd11c48cb90>,86,1,[ 3 10],87,239,240,152,239
1,<environment.Job instance at 0x7fd11c48c550>,89,2,[3 7],90,254,256,164,254
1,<environment.Job instance at 0x7fd11c48caf0>,91,1,[4 7],92,271,272,179,271
1,<environment.Job instance at 0x7fd11c309be0>,92,19,[6 2],93,271,290,178,271
1,<environment.Job instance at 0x7fd11c309d70>,93,3,[1 8],94,272,275,178,271
1,<environment.Job instance at 0x7fd11c275960>,94,1,[1 7],95,275,276,180,271
1,<environment.Job instance at 0x7fd11c2758c0>,95,3,[14  4],96,290,293,194,271
1,<environment.Job instance at 0x7fd11c21ecd0>,101,2,[11  4],102,306,308,204,306
1,<environment.Job instance at 0x7fd11c21ed20>,102,2,[6 3],103,308,310,205,306
1,<environment.Job instance at 0x7fd11c2a1960>,105,3,[3 9],106,333,336,227,333
1,<environment.Job instance at 0x7fd11c29b820>,108,22,[ 1 13],109,340,362,231,340
1,<environment.Job instance at 0x7fd11e9231e0>,117,1,[9 1],118,405,406,287,405
1,<environment.Job instance at 0x7fd11e923e60>,118,2,[11  2],119,406,408,287,405
1,<environment.Job instance at 0x7fd11e923730>,119,23,[4 9],120,405,428,285,405
1,<environment.Job instance at 0x7fd11ec60c80>,0,1,[4 8],1,2,3,1,2
1,<environment.Job instance at 0x7fd11c6fc0a0>,5,20,[10  3],6,6,26,0,6
1,<environment.Job instance at 0x7fd11eeb15a0>,16,2,[ 5 12],17,18,20,1,18
1,<environment.Job instance at 0x7fd11eeb1500>,17,23,[6 1],18,26,49,8,20
1,<environment.Job instance at 0x7fd11eeb1e60>,19,2,[4 5],20,20,22,0,20
1,<environment.Job instance at 0x7fd11eeb10f0>,20,1,[10  3],21,49,50,28,22
1,<environment.Job instance at 0x7fd0d69b3f50>,22,17,[5 1],23,36,53,13,36
1,<environment.Job instance at 0x7fd0d69b3550>,30,25,[9 4],31,50,75,19,46
1,<environment.Job instance at 0x7fd0d69b3b90>,34,28,[ 5 10],35,60,88,25,60
1,<environment.Job instance at 0x7fd0d6ae30a0>,37,27,[2 9],38,88,115,50,86
1,<environment.Job instance at 0x7fd0d6ae3820>,38,26,[4 9],39,115,141,76,112
1,<environment.Job instance at 0x7fd0d6ae33c0>,39,1,[10  5],40,112,113,72,112
1,<environment.Job instance at 0x7fd0d6ae3690>,42,2,[ 2 10],43,141,143,98,114
1,<environment.Job instance at 0x7fd0d6ae3af0>,43,3,[1 6],44,114,117,70,114
1,<environment.Job instance at 0x7fd0d6ae3be0>,47,3,[5 6],48,120,123,72,120
1,<environment.Job instance at 0x7fd0d66951e0>,48,19,[2 7],49,143,162,94,133
1,<environment.Job instance at 0x7fd0d6695320>,49,3,[6 1],50,133,136,83,133
1,<environment.Job instance at 0x7fd0d66950f0>,51,2,[6 2],52,136,138,84,133
1,<environment.Job instance at 0x7fd0d6695500>,52,22,[5 4],53,133,155,80,133
1,<environment.Job instance at 0x7fd0d6695820>,57,3,[3 7],58,155,158,97,139
1,<environment.Job instance at 0x7fd0d6695be0>,64,2,[9 5],65,171,173,106,171
1,<environment.Job instance at 0x7fd0d6695d20>,67,26,[10  5],68,187,213,119,187
1,<environment.Job instance at 0x7fd0d6667140>,68,2,[7 5],69,213,215,144,187
1,<environment.Job instance at 0x7fd0d66673c0>,72,3,[1 7],73,206,209,133,206
1,<environment.Job instance at 0x7fd0d6667500>,74,19,[2 5],75,213,232,138,213
1,<environment.Job instance at 0x7fd0d66676e0>,77,1,[3 8],78,227,228,149,227
1,<environment.Job instance at 0x7fd0d6667820>,79,3,[6 1],80,231,234,151,231
1,<environment.Job instance at 0x7fd0d66678c0>,80,2,[2 6],81,231,233,150,231
1,<environment.Job instance at 0x7fd0d6667960>,81,2,[7 1],82,232,234,150,231
1,<environment.Job instance at 0x7fd0d6667a00>,82,3,[6 1],83,234,237,151,231
1,<environment.Job instance at 0x7fd0d6667aa0>,83,23,[1 7],84,233,256,149,231
1,<environment.Job instance at 0x7fd0d6667b40>,84,22,[1 8],85,237,259,152,231
1,<environment.Job instance at 0x7fd0d6667dc0>,91,3,[1 8],92,267,270,175,267
1,<environment.Job instance at 0x7fd0d6667d70>,92,26,[1 5],93,267,293,174,267
1,<environment.Job instance at 0x7fd0d669e460>,96,1,[9 3],97,291,292,194,291
1,<environment.Job instance at 0x7fd0d669e5a0>,98,3,[5 8],99,294,297,195,294
1,<environment.Job instance at 0x7fd0d669e640>,99,2,[3 9],100,297,299,197,294
1,<environment.Job instance at 0x7fd0d669e820>,102,22,[5 3],103,306,328,203,306
1,<environment.Job instance at 0x7fd0d669e8c0>,103,1,[8 4],104,306,307,202,306
1,<environment.Job instance at 0x7fd0d669ea00>,105,1,[8 5],106,320,321,214,320
1,<environment.Job instance at 0x7fd0d669eaa0>,106,3,[2 5],107,320,323,213,320
1,<environment.Job instance at 0x7fd0d669eb40>,107,24,[2 8],108,323,347,215,320
1,<environment.Job instance at 0x7fd0d669ebe0>,108,2,[5 7],109,321,323,212,320
1,<environment.Job instance at 0x7fd0d69b3c30>,1,3,[13  1],2,7,10,5,7
1,<environment.Job instance at 0x7fd11e9a80a0>,7,1,[ 5 10],8,10,11,2,9
1,<environment.Job instance at 0x7fd11c28abe0>,9,2,[1 9],10,14,16,4,14
1,<environment.Job instance at 0x7fd0d659bb40>,15,1,[ 3 12],16,20,21,4,20
1,<environment.Job instance at 0x7fd0d659bc80>,16,3,[10  3],17,21,24,4,21
1,<environment.Job instance at 0x7fd0d659b2d0>,18,3,[ 5 12],19,22,25,3,22
1,<environment.Job instance at 0x7fd0d659ba50>,20,2,[5 4],21,36,38,15,36
1,<environment.Job instance at 0x7fd0d6653140>,25,22,[5 2],26,52,74,26,52
1,<environment.Job instance at 0x7fd11c2ffd70>,26,1,[11  1],27,74,75,47,52
1,<environment.Job instance at 0x7fd0d6653910>,27,2,[2 6],28,52,54,24,52
1,<environment.Job instance at 0x7fd0d66e96e0>,29,3,[7 2],30,53,56,23,53
1,<environment.Job instance at 0x7fd0d66e92d0>,31,28,[7 5],32,75,103,43,74
1,<environment.Job instance at 0x7fd0d66e9a00>,34,26,[7 1],35,76,102,41,76
1,<environment.Job instance at 0x7fd0d66e9820>,33,2,[14  5],34,103,105,69,100
1,<environment.Job instance at 0x7fd0d66edc30>,46,1,[7 1],47,105,106,58,105
1,<environment.Job instance at 0x7fd11c2b7500>,50,24,[10  5],51,131,155,80,131
1,<environment.Job instance at 0x7fd11eadba00>,51,3,[ 4 12],52,161,164,109,161
1,<environment.Job instance at 0x7fd11e89deb0>,58,27,[5 1],59,236,263,177,236
1,<environment.Job instance at 0x7fd11e89d9b0>,60,1,[2 7],61,261,262,200,261
1,<environment.Job instance at 0x7fd11c7b8870>,61,2,[ 1 10],62,262,264,200,262
1,<environment.Job instance at 0x7fd0d6997cd0>,62,3,[2 6],63,264,267,201,263
1,<environment.Job instance at 0x7fd0d6997b40>,64,2,[10  3],65,268,270,203,268
1,<environment.Job instance at 0x7fd0d68bf0a0>,65,1,[5 2],66,268,269,202,268
1,<environment.Job instance at 0x7fd11c64acd0>,67,2,[5 5],68,287,289,219,287
1,<environment.Job instance at 0x7fd11c64af00>,68,27,[1 7],69,287,314,218,287
1,<environment.Job instance at 0x7fd11c59ac30>,4,1,[2 5],5,6,7,1,6
1,<environment.Job instance at 0x7fd11c6200f0>,9,2,[1 8],10,10,12,0,10
1,<environment.Job instance at 0x7fd0d696de10>,1,3,[ 3 11],2,12,15,10,11
1,<environment.Job instance at 0x7fd11e9f7af0>,14,26,[10  2],15,15,41,0,15
1,<environment.Job instance at 0x7fd11e89d280>,22,20,[5 2],23,23,43,0,23
1,<environment.Job instance at 0x7fd11e8a1d20>,30,2,[10  1],31,45,47,14,45
1,<environment.Job instance at 0x7fd0d6ba4e10>,34,3,[2 8],35,50,53,15,50
1,<environment.Job instance at 0x7fd0d6ba4820>,36,20,[4 9],37,53,73,16,50
1,<environment.Job instance at 0x7fd11c85b230>,42,1,[5 5],43,70,71,27,70
1,<environment.Job instance at 0x7fd11c85b960>,43,21,[5 7],44,73,94,29,70
1,<environment.Job instance at 0x7fd11c85ba50>,41,2,[ 2 13],42,94,96,52,92
1,<environment.Job instance at 0x7fd11c85b1e0>,46,2,[8 3],47,92,94,45,92
1,<environment.Job instance at 0x7fd11c85bf50>,48,2,[12  1],49,94,96,45,92
1,<environment.Job instance at 0x7fd11c85b870>,49,27,[ 5 11],50,96,123,46,94
1,<environment.Job instance at 0x7fd11c578c80>,52,19,[4 7],53,123,142,70,113
1,<environment.Job instance at 0x7fd11c578640>,53,25,[9 3],54,113,138,59,113
1,<environment.Job instance at 0x7fd11c5780f0>,59,2,[5 9],60,142,144,82,135
1,<environment.Job instance at 0x7fd11c578140>,60,26,[9 4],61,138,164,77,135
1,<environment.Job instance at 0x7fd12178f910>,64,1,[7 2],65,164,165,99,150
1,<environment.Job instance at 0x7fd11c1639b0>,67,1,[6 4],68,170,171,102,170
1,<environment.Job instance at 0x7fd11c163190>,68,24,[8 3],69,170,194,101,170
1,<environment.Job instance at 0x7fd11e9feb90>,73,2,[1 5],74,191,193,117,191
1,<environment.Job instance at 0x7fd11e9fe550>,78,2,[6 4],79,202,204,123,202
1,<environment.Job instance at 0x7fd11e9feb40>,79,19,[2 9],80,202,221,122,202
1,<environment.Job instance at 0x7fd0d6afc460>,80,22,[1 9],81,221,243,140,214
1,<environment.Job instance at 0x7fd11c57bd20>,83,1,[5 6],84,214,215,130,214
1,<environment.Job instance at 0x7fd11c596730>,86,2,[1 8],87,243,245,156,220
1,<environment.Job instance at 0x7fd0d6ba6b90>,88,2,[ 4 12],89,245,247,156,227
1,<environment.Job instance at 0x7fd11c851140>,93,26,[2 9],94,247,273,153,244
1,<environment.Job instance at 0x7fd11c1b2be0>,0,2,[4 6],1,1,3,0,1
1,<environment.Job instance at 0x7fd0d678c0f0>,1,23,[7 5],2,2,25,0,2
1,<environment.Job instance at 0x7fd0d68f0370>,2,28,[8 2],3,3,31,0,3
1,<environment.Job instance at 0x7fd0d69fb050>,3,22,[5 4],4,25,47,21,18
1,<environment.Job instance at 0x7fd11e99f9b0>,4,1,[7 5],5,31,32,26,18
1,<environment.Job instance at 0x7fd11c1f63c0>,24,26,[7 4],25,32,58,7,29
1,<environment.Job instance at 0x7fd11c4d9be0>,25,1,[12  3],26,58,59,32,43
1,<environment.Job instance at 0x7fd11e8e6b90>,33,1,[10  5],34,59,60,25,45
1,<environment.Job instance at 0x7fd11e8e6c80>,35,3,[5 6],36,47,50,11,47
1,<environment.Job instance at 0x7fd11e8e65a0>,37,1,[5 1],38,50,51,12,47
1,<environment.Job instance at 0x7fd0d6c22370>,39,2,[6 3],40,65,67,25,65
1,<environment.Job instance at 0x7fd0d6c224b0>,43,1,[7 3],44,80,81,36,80
1,<environment.Job instance at 0x7fd11c1e0690>,44,3,[3 7],45,81,84,36,81
1,<environment.Job instance at 0x7fd11c1e08c0>,46,1,[3 9],47,84,85,37,83
1,<environment.Job instance at 0x7fd11c1e0dc0>,47,19,[4 7],48,85,104,37,83
1,<environment.Job instance at 0x7fd11c1e0e60>,48,3,[9 1],49,83,86,34,83
1,<environment.Job instance at 0x7fd11e9e80a0>,51,3,[2 8],52,97,100,45,97
1,<environment.Job instance at 0x7fd11e9e8a50>,53,13,[5 1],54,103,116,49,103
1,<environment.Job instance at 0x7fd11e9e85f0>,55,1,[5 7],56,112,113,56,112
1,<environment.Job instance at 0x7fd11e9e8780>,57,18,[7 1],58,113,131,55,113
1,<environment.Job instance at 0x7fd11ea0a230>,60,2,[3 9],61,130,132,69,130
1,<environment.Job instance at 0x7fd11ea0a2d0>,61,3,[1 7],62,132,135,70,130
1,<environment.Job instance at 0x7fd11ea0a370>,62,22,[6 2],63,131,153,68,130
1,<environment.Job instance at 0x7fd11ea0a550>,64,23,[6 5],65,140,163,75,140
1,<environment.Job instance at 0x7fd11ea0a050>,65,1,[9 4],66,153,154,87,140
1,<environment.Job instance at 0x7fd11ea0a500>,70,2,[2 7],71,144,146,73,144
1,<environment.Job instance at 0x7fd11ea0a960>,73,21,[7 4],74,168,189,94,168
1,<environment.Job instance at 0x7fd11ea0a0f0>,74,2,[ 4 10],75,168,170,93,168
1,<environment.Job instance at 0x7fd11ea0ac30>,78,1,[5 1],79,170,171,91,169
1,<environment.Job instance at 0x7fd11ea0acd0>,79,1,[9 1],80,189,190,109,169
1,<environment.Job instance at 0x7fd11ea0afa0>,80,26,[5 7],81,171,197,90,169
1,<environment.Job instance at 0x7fd11ea0af50>,82,2,[7 5],83,190,192,107,175
1,<environment.Job instance at 0x7fd11e9ef370>,84,20,[5 9],85,197,217,112,188
1,<environment.Job instance at 0x7fd11e9ef460>,85,3,[6 1],86,192,195,106,188
1,<environment.Job instance at 0x7fd11e9ef500>,86,1,[7 3],87,195,196,108,188
1,<environment.Job instance at 0x7fd11e9ef820>,89,27,[5 9],90,217,244,127,215
1,<environment.Job instance at 0x7fd11e9ef7d0>,90,1,[8 1],91,215,216,124,215
1,<environment.Job instance at 0x7fd11e9ef910>,92,26,[ 1 10],93,244,270,151,241
1,<environment.Job instance at 0x7fd11e9ef9b0>,93,28,[3 5],94,241,269,147,241
1,<environment.Job instance at 0x7fd11e9eff00>,100,20,[5 8],101,270,290,169,261
1,<environment.Job instance at 0x7fd11e9efb40>,101,2,[10  5],102,269,271,167,261
1,<environment.Job instance at 0x7fd11e9efd70>,102,1,[9 4],103,271,272,168,261
1,<environment.Job instance at 0x7fd11e9d70a0>,103,2,[3 6],104,272,274,168,261
1,<environment.Job instance at 0x7fd11e9d7050>,104,1,[1 7],105,274,275,169,261
1,<environment.Job instance at 0x7fd11e9d73c0>,3,20,[5 2],4,4,24,0,4
1,<environment.Job instance at 0x7fd11e8a1140>,12,1,[ 4 10],13,17,18,4,17
1,<environment.Job instance at 0x7fd11e8a1b90>,10,2,[ 4 14],11,24,26,13,24
1,<environment.Job instance at 0x7fd0d67f7cd0>,7,2,[ 5 11],8,26,28,18,24
1,<environment.Job instance at 0x7fd11e8a1d20>,20,25,[8 3],21,26,51,5,24
1,<environment.Job instance at 0x7fd11e8a1050>,21,27,[8 1],22,51,78,29,49
1,<environment.Job instance at 0x7fd11e8a15f0>,22,1,[7 5],23,49,50,26,49
1,<environment.Job instance at 0x7fd11e8a1690>,23,2,[ 3 10],24,50,52,26,49
1,<environment.Job instance at 0x7fd11c29bd20>,27,27,[2 6],28,52,79,24,50
1,<environment.Job instance at 0x7fd11c308d70>,37,26,[ 5 10],38,79,105,41,76
1,<environment.Job instance at 0x7fd11c308f00>,39,1,[12  4],40,105,106,65,93
1,<environment.Job instance at 0x7fd11c3080a0>,43,1,[9 3],44,99,100,55,99
1,<environment.Job instance at 0x7fd11c308320>,44,1,[ 1 11],45,105,106,60,99
1,<environment.Job instance at 0x7fd11c308730>,45,1,[ 3 14],46,106,107,60,99
1,<environment.Job instance at 0x7fd11efd40a0>,47,1,[6 4],48,100,101,52,100
1,<environment.Job instance at 0x7fd0d6b30500>,52,28,[5 1],53,118,146,65,118
1,<environment.Job instance at 0x7fd0d6b30c30>,53,2,[1 9],54,118,120,64,118
1,<environment.Job instance at 0x7fd0d6b30a00>,57,1,[6 2],58,130,131,72,130
1,<environment.Job instance at 0x7fd0d6b30d20>,58,3,[1 7],59,130,133,71,130
1,<environment.Job instance at 0x7fd11c6ba0a0>,62,1,[6 3],63,156,157,93,156
1,<environment.Job instance at 0x7fd11c247d20>,64,23,[2 9],65,156,179,91,156
1,<environment.Job instance at 0x7fd11c247280>,66,3,[14  4],67,179,182,112,162
1,<environment.Job instance at 0x7fd11c247460>,74,2,[6 1],75,199,201,124,199
1,<environment.Job instance at 0x7fd11c2cc550>,76,1,[10  5],77,201,202,124,199
1,<environment.Job instance at 0x7fd11c2ccb90>,77,3,[10  3],78,202,205,124,199
1,<environment.Job instance at 0x7fd11c3aacd0>,78,26,[2 5],79,199,225,120,199
1,<environment.Job instance at 0x7fd11c3aa3c0>,79,28,[4 8],80,205,233,125,204
1,<environment.Job instance at 0x7fd11c3aa230>,80,28,[1 5],81,225,253,144,224
1,<environment.Job instance at 0x7fd11c3aa6e0>,86,22,[7 4],87,233,255,146,226
1,<environment.Job instance at 0x7fd11c3aadc0>,87,28,[ 1 10],88,253,281,165,252
1,<environment.Job instance at 0x7fd11c49e6e0>,106,1,[5 1],107,288,289,181,288
1,<environment.Job instance at 0x7fd11c49e960>,111,2,[5 2],112,311,313,199,311
1,<environment.Job instance at 0x7fd11c620780>,116,20,[10  4],117,324,344,207,324
1,<environment.Job instance at 0x7fd11c64ad70>,118,1,[2 8],119,326,327,207,326
1,<environment.Job instance at 0x7fd11c64af50>,120,1,[ 2 10],121,327,328,206,326
1,<environment.Job instance at 0x7fd11c64a820>,123,2,[1 9],124,331,333,207,331
1,<environment.Job instance at 0x7fd0d696d190>,126,1,[10  4],127,344,345,217,338
1,<environment.Job instance at 0x7fd0d696d2d0>,129,2,[5 5],130,338,340,208,338
1,<environment.Job instance at 0x7fd0d696d780>,133,24,[9 2],134,367,391,233,367
1,<environment.Job instance at 0x7fd0d696d8c0>,135,3,[ 4 10],136,370,373,234,370
1,<environment.Job instance at 0x7fd11e9efcd0>,137,2,[4 6],138,373,375,235,370
1,<environment.Job instance at 0x7fd11c25a7d0>,141,24,[2 6],142,384,408,242,384
1,<environment.Job instance at 0x7fd11c656c30>,145,3,[1 5],146,397,400,251,397
1,<environment.Job instance at 0x7fd11c656820>,147,3,[3 5],148,410,413,262,410
1,<environment.Job instance at 0x7fd11c656550>,148,3,[6 4],149,410,413,261,410
1,<environment.Job instance at 0x7fd11c656230>,152,1,[2 8],153,424,425,271,424
1,<environment.Job instance at 0x7fd11c740be0>,153,21,[5 4],154,424,445,270,424
1,<environment.Job instance at 0x7fd0d6b30be0>,3,1,[ 4 10],4,4,5,0,4
1,<environment.Job instance at 0x7fd11c49eaf0>,4,24,[5 8],5,5,29,0,5
1,<environment.Job instance at 0x7fd0d6ba6820>,6,24,[10  2],7,7,31,0,7
1,<environment.Job instance at 0x7fd11c434e10>,10,2,[14  3],11,31,33,20,20
1,<environment.Job instance at 0x7fd11c434910>,16,23,[9 5],17,33,56,16,27
1,<environment.Job instance at 0x7fd11c47b370>,24,1,[3 8],25,37,38,12,37
1,<environment.Job instance at 0x7fd11c47baf0>,27,3,[8 5],28,56,59,28,52
1,<environment.Job instance at 0x7fd11c573500>,29,1,[13  5],30,59,60,29,52
1,<environment.Job instance at 0x7fd11c573d70>,30,1,[4 5],31,52,53,21,52
1,<environment.Job instance at 0x7fd11c573be0>,31,2,[4 7],32,53,55,21,52
1,<environment.Job instance at 0x7fd11c573320>,33,27,[5 6],34,60,87,26,58
1,<environment.Job instance at 0x7fd11c5735a0>,34,2,[5 3],35,60,62,25,59
1,<environment.Job instance at 0x7fd11c573640>,35,1,[9 2],36,62,63,26,59
1,<environment.Job instance at 0x7fd11c1eadc0>,37,2,[4 9],38,69,71,31,69
1,<environment.Job instance at 0x7fd11c1ead20>,38,25,[11  1],39,87,112,48,83
1,<environment.Job instance at 0x7fd11c1ea0f0>,44,27,[3 8],45,87,114,42,87
1,<environment.Job instance at 0x7fd11c1eaf50>,41,12,[10  1],42,114,126,72,114
1,<environment.Job instance at 0x7fd0d6953820>,53,18,[1 8],54,114,132,60,114
1,<environment.Job instance at 0x7fd0d6953b90>,55,27,[4 6],56,126,153,70,126
1,<environment.Job instance at 0x7fd11ee48c80>,57,1,[1 7],58,132,133,74,129
1,<environment.Job instance at 0x7fd11ee483c0>,59,17,[7 1],60,138,155,78,138
1,<environment.Job instance at 0x7fd11ee48780>,61,2,[5 3],62,153,155,91,145
1,<environment.Job instance at 0x7fd11ee48820>,62,1,[5 5],63,155,156,92,145
1,<environment.Job instance at 0x7fd11ee480a0>,64,2,[9 3],65,155,157,90,150
1,<environment.Job instance at 0x7fd11ee48f00>,65,3,[2 6],66,150,153,84,150
1,<environment.Job instance at 0x7fd11ee48f50>,67,3,[6 3],68,156,159,88,152
1,<environment.Job instance at 0x7fd0d6cd2e10>,68,1,[10  4],69,159,160,90,152
1,<environment.Job instance at 0x7fd0d6cd2f50>,74,28,[4 7],75,184,212,109,184
1,<environment.Job instance at 0x7fd0d6cd2c80>,76,2,[9 4],77,199,201,122,199
1,<environment.Job instance at 0x7fd0d6cd2820>,77,3,[7 3],78,201,204,123,199
1,<environment.Job instance at 0x7fd0d6cd24b0>,80,24,[9 4],81,214,238,133,214
1,<environment.Job instance at 0x7fd0d6cd21e0>,83,2,[12  3],84,238,240,154,227
1,<environment.Job instance at 0x7fd0d6585d70>,86,18,[10  1],87,253,271,166,253
1,<environment.Job instance at 0x7fd0d6585320>,92,1,[7 3],93,271,272,178,259
1,<environment.Job instance at 0x7fd0d6cc3dc0>,99,3,[5 2],100,295,298,195,295
1,<environment.Job instance at 0x7fd0d6cc3690>,100,1,[6 3],101,295,296,194,295
1,<environment.Job instance at 0x7fd0d6cc3280>,101,2,[ 3 10],102,295,297,193,295
1,<environment.Job instance at 0x7fd0d6cc3af0>,102,2,[6 4],103,297,299,194,295
1,<environment.Job instance at 0x7fd0d6b33fa0>,105,2,[9 3],106,305,307,199,305
1,<environment.Job instance at 0x7fd0d6b33f00>,107,22,[10  4],108,320,342,212,320
1,<environment.Job instance at 0x7fd0d6b33050>,108,21,[7 1],109,342,363,233,334
1,<environment.Job instance at 0x7fd11f028c80>,111,1,[5 8],112,334,335,222,334
1,<environment.Job instance at 0x7fd11f028a50>,112,21,[5 3],113,335,356,222,334
1,<environment.Job instance at 0x7fd11f028730>,118,3,[14  4],119,363,366,244,356
1,<environment.Job instance at 0x7fd0d6a3c140>,9,28,[4 8],10,10,38,0,10
1,<environment.Job instance at 0x7fd0d640ce60>,8,2,[3 7],9,10,12,1,10
1,<environment.Job instance at 0x7fd11c6bfc80>,16,2,[4 9],17,38,40,21,20
1,<environment.Job instance at 0x7fd11c6bff00>,20,1,[6 1],21,21,22,0,21
1,<environment.Job instance at 0x7fd0d67c3f00>,22,1,[1 5],23,24,25,1,24
1,<environment.Job instance at 0x7fd11c372640>,23,1,[7 1],24,25,26,1,25
1,<environment.Job instance at 0x7fd11ea0af00>,27,1,[3 6],28,39,40,11,39
1,<environment.Job instance at 0x7fd11ea0aaf0>,28,2,[7 1],29,40,42,11,39
1,<environment.Job instance at 0x7fd11ea0a6e0>,29,2,[5 1],30,40,42,10,39
1,<environment.Job instance at 0x7fd11ea0ae10>,30,2,[ 2 12],31,40,42,9,39
1,<environment.Job instance at 0x7fd11eb5a640>,39,2,[10  4],40,94,96,54,94
1,<environment.Job instance at 0x7fd11eda5eb0>,41,2,[10  3],42,110,112,68,110
1,<environment.Job instance at 0x7fd11ea0de10>,45,1,[14  5],46,119,120,73,119
1,<environment.Job instance at 0x7fd11c174820>,47,2,[ 5 12],48,123,125,75,123
1,<environment.Job instance at 0x7fd11c174be0>,48,3,[9 4],49,125,128,76,123
1,<environment.Job instance at 0x7fd11c1746e0>,49,20,[7 2],50,128,148,78,123
1,<environment.Job instance at 0x7fd11c174fa0>,54,1,[5 9],55,151,152,96,151
1,<environment.Job instance at 0x7fd11c166b90>,55,2,[ 2 12],56,152,154,96,151
1,<environment.Job instance at 0x7fd11c166cd0>,56,2,[10  2],57,151,153,94,151
1,<environment.Job instance at 0x7fd11c166e10>,58,22,[ 3 10],59,154,176,95,153
1,<environment.Job instance at 0x7fd11c166550>,64,19,[3 7],65,416,435,351,416
1,<environment.Job instance at 0x7fd11c175230>,66,1,[6 5],67,468,469,401,468
1,<environment.Job instance at 0x7fd11c175050>,67,23,[3 5],68,468,491,400,468
1,<environment.Job instance at 0x7fd11c85de60>,70,28,[2 6],71,477,505,406,477
1,<environment.Job instance at 0x7fd11c1572d0>,71,1,[2 6],72,491,492,419,477
1,<environment.Job instance at 0x7fd11c157730>,72,2,[ 4 10],73,505,507,432,478
1,<environment.Job instance at 0x7fd11c868c30>,73,1,[6 1],74,478,479,404,478
1,<environment.Job instance at 0x7fd11c820500>,74,2,[7 2],75,479,481,404,478
1,<environment.Job instance at 0x7fd11c8688c0>,77,2,[9 2],78,499,501,421,499
1,<environment.Job instance at 0x7fd11c868910>,78,2,[8 1],79,501,503,422,499
1,<environment.Job instance at 0x7fd0d66f5fa0>,79,23,[8 2],80,503,526,423,499
1,<environment.Job instance at 0x7fd0d6c76b90>,80,1,[13  1],81,526,527,445,499
1,<environment.Job instance at 0x7fd0d6943460>,83,19,[3 9],84,507,526,423,502
1,<environment.Job instance at 0x7fd11eac5cd0>,90,2,[2 6],91,526,528,435,521
1,<environment.Job instance at 0x7fd0d6714a50>,91,20,[10  2],92,527,547,435,521
1,<environment.Job instance at 0x7fd11e9d7280>,3,1,[2 6],4,4,5,0,4
1,<environment.Job instance at 0x7fd11c1e38c0>,7,1,[ 2 12],8,11,12,3,11
1,<environment.Job instance at 0x7fd11c2a9140>,21,23,[9 2],22,35,58,13,35
1,<environment.Job instance at 0x7fd11c3b74b0>,25,25,[ 2 11],26,36,61,10,36
1,<environment.Job instance at 0x7fd11c2f2be0>,32,3,[10  5],33,67,70,34,67
1,<environment.Job instance at 0x7fd11c744af0>,35,2,[3 6],36,81,83,45,81
1,<environment.Job instance at 0x7fd0d6639b90>,38,2,[4 9],39,93,95,54,93
1,<environment.Job instance at 0x7fd0d6c430f0>,41,1,[1 8],42,120,121,78,120
1,<environment.Job instance at 0x7fd0d68bf370>,42,22,[ 4 11],43,121,143,78,120
1,<environment.Job instance at 0x7fd0d69e6460>,4,2,[3 9],5,6,8,1,6
1,<environment.Job instance at 0x7fd11eb49fa0>,10,21,[9 2],11,11,32,0,11
1,<environment.Job instance at 0x7fd11eb495a0>,15,3,[8 2],16,32,35,16,18
1,<environment.Job instance at 0x7fd11eb49550>,16,26,[3 5],17,18,44,1,18
1,<environment.Job instance at 0x7fd11eb49c80>,17,24,[9 4],18,35,59,17,30
1,<environment.Job instance at 0x7fd11c467f50>,22,3,[8 3],23,59,62,36,50
1,<environment.Job instance at 0x7fd11c467a50>,23,2,[8 5],24,62,64,38,50
1,<environment.Job instance at 0x7fd11c467e10>,26,3,[9 1],27,64,67,37,51
1,<environment.Job instance at 0x7fd11c467370>,28,1,[12  1],29,67,68,38,51
1,<environment.Job instance at 0x7fd11c4670a0>,30,1,[5 5],31,51,52,20,51
1,<environment.Job instance at 0x7fd11f07a140>,34,1,[7 2],35,68,69,33,66
1,<environment.Job instance at 0x7fd11f07aa50>,35,1,[6 4],36,66,67,30,66
1,<environment.Job instance at 0x7fd11f07af00>,36,1,[6 5],37,68,69,31,66
1,<environment.Job instance at 0x7fd11f07ac80>,38,3,[1 5],39,80,83,41,80
1,<environment.Job instance at 0x7fd11f07ac30>,40,2,[6 2],41,80,82,39,80
1,<environment.Job instance at 0x7fd11f07a910>,42,2,[8 5],43,82,84,39,82
1,<environment.Job instance at 0x7fd11f07ae10>,43,24,[5 1],44,82,106,38,82
1,<environment.Job instance at 0x7fd11f07a550>,44,1,[6 5],45,84,85,39,82
1,<environment.Job instance at 0x7fd11f07abe0>,45,22,[5 4],46,85,107,39,82
1,<environment.Job instance at 0x7fd11f07adc0>,46,28,[8 5],47,106,134,59,105
1,<environment.Job instance at 0x7fd0d63bafa0>,49,1,[9 5],50,134,135,84,106
1,<environment.Job instance at 0x7fd0d63bacd0>,51,2,[2 5],52,106,108,54,106
1,<environment.Job instance at 0x7fd0d63badc0>,54,25,[9 4],55,135,160,80,131
1,<environment.Job instance at 0x7fd0d62f2a00>,63,2,[ 2 13],64,160,162,96,150
1,<environment.Job instance at 0x7fd0d62f2280>,70,1,[10  3],71,163,164,92,163
1,<environment.Job instance at 0x7fd0d62f25a0>,71,2,[2 5],72,163,165,91,163
1,<environment.Job instance at 0x7fd0d62f2e10>,72,2,[3 9],73,164,166,91,163
1,<environment.Job instance at 0x7fd0d62f2780>,73,1,[8 5],74,165,166,91,163
1,<environment.Job instance at 0x7fd0d62f2050>,74,1,[3 7],75,163,164,88,163
1,<environment.Job instance at 0x7fd0d62f22d0>,75,27,[4 6],76,166,193,90,164
1,<environment.Job instance at 0x7fd0d62f0fa0>,76,1,[6 2],77,166,167,89,164
1,<environment.Job instance at 0x7fd0d62f0aa0>,79,24,[9 1],80,181,205,101,181
1,<environment.Job instance at 0x7fd0d62f0d70>,80,1,[6 3],81,193,194,112,181
1,<environment.Job instance at 0x7fd0d62f0370>,84,2,[1 7],85,198,200,113,198
1,<environment.Job instance at 0x7fd0d62f16e0>,86,2,[10  3],87,205,207,118,201
1,<environment.Job instance at 0x7fd0d62f14b0>,88,1,[ 2 12],89,204,205,115,204
1,<environment.Job instance at 0x7fd0d62f1a50>,91,16,[5 1],92,226,242,134,226
1,<environment.Job instance at 0x7fd0d62f1a00>,94,1,[3 6],95,238,239,143,238
1,<environment.Job instance at 0x7fd0d62f19b0>,95,1,[5 2],96,238,239,142,238
1,<environment.Job instance at 0x7fd0d62f1af0>,98,1,[9 2],99,252,253,153,252
1,<environment.Job instance at 0x7fd0d62f1960>,100,1,[8 5],101,255,256,154,255
1,<environment.Job instance at 0x7fd0d62f1870>,101,23,[5 2],102,255,278,153,255
1,<environment.Job instance at 0x7fd0d62f1370>,103,28,[10  4],104,271,299,167,271
1,<environment.Job instance at 0x7fd11c467500>,2,1,[2 9],3,4,5,1,4
1,<environment.Job instance at 0x7fd0d62fd500>,5,1,[8 2],6,6,7,0,6
1,<environment.Job instance at 0x7fd11c48baf0>,10,3,[1 9],11,11,14,0,11
1,<environment.Job instance at 0x7fd11ea3a690>,12,19,[1 5],13,13,32,0,13
1,<environment.Job instance at 0x7fd11f0749b0>,23,23,[5 6],24,51,74,27,51
1,<environment.Job instance at 0x7fd11f0747d0>,26,2,[10  5],27,60,62,33,60
1,<environment.Job instance at 0x7fd0d69e0d70>,28,28,[3 8],29,63,91,34,63
1,<environment.Job instance at 0x7fd0d69e0b90>,31,2,[8 4],32,75,77,43,75
1,<environment.Job instance at 0x7fd0d69e0640>,32,2,[10  2],33,77,79,44,75
1,<environment.Job instance at 0x7fd0d64aee60>,33,23,[5 7],34,79,102,45,75
1,<environment.Job instance at 0x7fd11c112f00>,34,28,[8 5],35,91,119,56,90
1,<environment.Job instance at 0x7fd11e98ffa0>,36,23,[3 7],37,102,125,65,96
1,<environment.Job instance at 0x7fd0d64e2730>,39,22,[5 3],40,119,141,79,112
1,<environment.Job instance at 0x7fd0d69e0af0>,37,24,[2 9],38,125,149,87,120
1,<environment.Job instance at 0x7fd0d64e2dc0>,42,23,[13  5],43,141,164,98,135
1,<environment.Job instance at 0x7fd0d64e2a00>,44,20,[1 9],45,149,169,104,140
1,<environment.Job instance at 0x7fd0d67d10a0>,53,26,[6 4],54,164,190,110,161
1,<environment.Job instance at 0x7fd11e8993c0>,56,24,[10  1],57,190,214,133,185
1,<environment.Job instance at 0x7fd0d6c40f00>,47,20,[ 5 12],48,190,210,142,185
1,<environment.Job instance at 0x7fd11e8a2050>,66,26,[8 4],67,214,240,147,211
1,<environment.Job instance at 0x7fd0d65c9050>,2,1,[2 7],3,3,4,0,3
1,<environment.Job instance at 0x7fd0d63babe0>,6,19,[4 6],7,7,26,0,7
1,<environment.Job instance at 0x7fd0d63bac30>,9,21,[ 5 10],10,26,47,16,18
1,<environment.Job instance at 0x7fd0d643d0f0>,13,21,[5 5],14,18,39,4,18
1,<environment.Job instance at 0x7fd11c85b3c0>,23,27,[4 6],24,47,74,23,45
1,<environment.Job instance at 0x7fd11f074be0>,31,1,[10  3],32,59,60,27,59
1,<environment.Job instance at 0x7fd11f0745a0>,30,3,[ 1 14],31,74,77,43,62
1,<environment.Job instance at 0x7fd11c1c88c0>,34,1,[ 2 11],35,77,78,42,64
1,<environment.Job instance at 0x7fd11ec55050>,37,28,[8 2],38,77,105,39,76
1,<environment.Job instance at 0x7fd121789690>,38,22,[5 8],39,78,100,39,76
1,<environment.Job instance at 0x7fd11ec0b0f0>,41,28,[ 3 10],42,100,128,58,99
1,<environment.Job instance at 0x7fd0d65c4a50>,60,1,[10  5],61,154,155,93,154
1,<environment.Job instance at 0x7fd11ef8f8c0>,62,1,[1 8],63,163,164,100,163
1,<environment.Job instance at 0x7fd11ef8f7d0>,63,1,[3 7],64,163,164,99,163
1,<environment.Job instance at 0x7fd0d6ac7dc0>,66,21,[8 5],67,175,196,108,175
1,<environment.Job instance at 0x7fd0d6ac7050>,69,28,[3 6],70,190,218,120,190
1,<environment.Job instance at 0x7fd11c6f2500>,70,26,[6 1],71,196,222,125,193
1,<environment.Job instance at 0x7fd11c6f20a0>,71,2,[ 4 13],72,218,220,146,215
1,<environment.Job instance at 0x7fd11c6f20f0>,77,2,[6 4],78,215,217,137,215
1,<environment.Job instance at 0x7fd11c6f2690>,79,24,[9 1],80,220,244,140,215
1,<environment.Job instance at 0x7fd1213670a0>,83,25,[3 7],84,222,247,138,218
1,<environment.Job instance at 0x7fd121367c80>,86,20,[12  4],87,244,264,157,235
1,<environment.Job instance at 0x7fd0d637b500>,95,26,[7 2],96,264,290,168,264
1,<environment.Job instance at 0x7fd0d64882d0>,97,1,[6 3],98,265,266,167,265
1,<environment.Job instance at 0x7fd11c42f0a0>,1,1,[8 1],2,5,6,3,5
1,<environment.Job instance at 0x7fd0d62f0af0>,2,2,[9 1],3,6,8,3,6
1,<environment.Job instance at 0x7fd0d65b7c80>,5,3,[3 5],6,7,10,1,7
1,<environment.Job instance at 0x7fd11c74f9b0>,3,19,[5 5],4,10,29,6,10
1,<environment.Job instance at 0x7fd11ec16960>,13,20,[1 7],14,14,34,0,14
1,<environment.Job instance at 0x7fd11ec16a50>,15,3,[ 4 13],16,34,37,18,27
1,<environment.Job instance at 0x7fd11ec161e0>,16,28,[2 6],17,37,65,20,36
1,<environment.Job instance at 0x7fd11ec16dc0>,18,3,[8 3],19,37,40,18,36
1,<environment.Job instance at 0x7fd11ec165a0>,19,26,[10  1],20,40,66,20,37
1,<environment.Job instance at 0x7fd1218d9280>,31,2,[10  4],32,72,74,40,72
1,<environment.Job instance at 0x7fd11edff910>,36,2,[ 1 10],37,84,86,47,84
1,<environment.Job instance at 0x7fd11edff3c0>,37,2,[2 8],38,86,88,48,84
1,<environment.Job instance at 0x7fd11edff370>,38,26,[5 7],39,86,112,47,84
1,<environment.Job instance at 0x7fd11c888eb0>,39,28,[ 4 10],40,112,140,72,111
1,<environment.Job instance at 0x7fd11c888f50>,42,2,[ 4 11],43,140,142,97,135
1,<environment.Job instance at 0x7fd11c8885a0>,45,23,[ 3 10],46,142,165,96,136
1,<environment.Job instance at 0x7fd11c8889b0>,48,1,[ 1 10],49,165,166,116,137
1,<environment.Job instance at 0x7fd11c8886e0>,49,2,[1 5],50,137,139,87,137
1,<environment.Job instance at 0x7fd11c3deb90>,53,1,[7 2],54,162,163,108,162
1,<environment.Job instance at 0x7fd11c3dea50>,55,3,[3 9],56,166,169,110,165
1,<environment.Job instance at 0x7fd11c3de2d0>,56,1,[8 2],57,165,166,108,165
1,<environment.Job instance at 0x7fd11c3de8c0>,57,18,[10  1],58,169,187,111,169
1,<environment.Job instance at 0x7fd11c3de190>,60,23,[7 1],61,187,210,126,181
1,<environment.Job instance at 0x7fd11c3de230>,62,13,[5 1],63,181,194,118,181
1,<environment.Job instance at 0x7fd11c3dedc0>,64,1,[1 8],65,190,191,125,190
1,<environment.Job instance at 0x7fd11c3dec80>,65,21,[5 2],66,194,215,128,190
1,<environment.Job instance at 0x7fd11c3de640>,70,1,[10  1],71,210,211,139,204
1,<environment.Job instance at 0x7fd0d63a3460>,72,3,[5 1],73,212,215,139,212
1,<environment.Job instance at 0x7fd0d63a35f0>,74,3,[8 3],75,224,227,149,224
1,<environment.Job instance at 0x7fd0d63a3c30>,78,27,[1 8],79,244,271,165,244
1,<environment.Job instance at 0x7fd0d63a3960>,79,3,[ 5 12],80,271,274,191,260
1,<environment.Job instance at 0x7fd0d63a3c80>,80,2,[ 5 14],81,274,276,193,263
1,<environment.Job instance at 0x7fd0d63a3370>,84,2,[2 7],85,264,266,179,264
1,<environment.Job instance at 0x7fd0d6ba4a50>,87,1,[5 8],88,276,277,188,265
1,<environment.Job instance at 0x7fd0d6ba4550>,88,18,[2 5],89,276,294,187,269
1,<environment.Job instance at 0x7fd11ee196e0>,92,2,[13  4],93,287,289,194,287
1,<environment.Job instance at 0x7fd11ee191e0>,95,2,[7 3],96,293,295,197,293
1,<environment.Job instance at 0x7fd11ee19fa0>,96,3,[10  2],97,295,298,198,293
1,<environment.Job instance at 0x7fd1214e0690>,98,3,[ 3 14],99,323,326,224,323
1,<environment.Job instance at 0x7fd1214e0410>,100,3,[13  3],101,349,352,248,349
1,<environment.Job instance at 0x7fd11ea92dc0>,102,21,[2 7],103,352,373,249,352
1,<environment.Job instance at 0x7fd11ea92fa0>,105,2,[13  4],106,382,384,276,382
1,<environment.Job instance at 0x7fd11ea92cd0>,106,24,[7 1],107,384,408,277,382
1,<environment.Job instance at 0x7fd11ea92640>,111,1,[7 1],112,479,480,367,479
1,<environment.Job instance at 0x7fd11ea92140>,112,3,[7 3],113,479,482,366,479
1,<environment.Job instance at 0x7fd1218e2d70>,116,2,[2 7],117,507,509,390,507
1,<environment.Job instance at 0x7fd1218e2640>,120,22,[6 5],121,538,560,417,538
1,<environment.Job instance at 0x7fd1218e2690>,121,3,[ 5 11],122,560,563,438,549
1,<environment.Job instance at 0x7fd1218e2a50>,125,3,[3 8],126,587,590,461,587
1,<environment.Job instance at 0x7fd1218e2320>,126,1,[5 8],127,590,591,463,587
1,<environment.Job instance at 0x7fd1218e20a0>,128,20,[5 5],129,598,618,469,598
1,<environment.Job instance at 0x7fd11c2bf140>,131,3,[5 1],132,604,607,472,604
1,<environment.Job instance at 0x7fd11c2bfa50>,133,19,[2 6],134,621,640,487,621
1,<environment.Job instance at 0x7fd11c2bf8c0>,135,2,[6 1],136,630,632,494,630
1,<environment.Job instance at 0x7fd11c2bf370>,136,2,[10  5],137,632,634,495,630
1,<environment.Job instance at 0x7fd11c2bf410>,137,1,[1 8],138,630,631,492,630
1,<environment.Job instance at 0x7fd11c2bf5f0>,139,1,[ 2 10],140,645,646,505,645
1,<environment.Job instance at 0x7fd11c2bf3c0>,141,2,[10  2],142,651,653,509,651
1,<environment.Job instance at 0x7fd0d66085f0>,147,2,[4 7],148,683,685,535,683
1,<environment.Job instance at 0x7fd0d66086e0>,149,3,[ 5 10],150,685,688,535,684
1,<environment.Job instance at 0x7fd11c160d70>,8,24,[7 5],9,9,33,0,9
1,<environment.Job instance at 0x7fd11c70d8c0>,11,21,[5 3],12,12,33,0,12
1,<environment.Job instance at 0x7fd0d66d4af0>,25,1,[8 1],26,33,34,7,30
1,<environment.Job instance at 0x7fd0d66d4960>,27,25,[4 6],28,43,68,15,43
1,<environment.Job instance at 0x7fd0d66d46e0>,30,1,[5 1],31,61,62,30,61
1,<environment.Job instance at 0x7fd0d66d47d0>,31,23,[10  1],32,62,85,30,61
1,<environment.Job instance at 0x7fd0d66c0050>,33,26,[10  2],34,85,111,51,82
1,<environment.Job instance at 0x7fd0d66c0b90>,34,3,[ 3 12],35,100,103,65,100
1,<environment.Job instance at 0x7fd0d66c0410>,39,1,[3 8],40,103,104,63,100
1,<environment.Job instance at 0x7fd0d66c03c0>,41,24,[4 8],42,104,128,62,100
1,<environment.Job instance at 0x7fd0d66c0320>,43,2,[12  5],44,128,130,84,126
1,<environment.Job instance at 0x7fd0d66c0370>,47,1,[3 8],48,128,129,80,126
1,<environment.Job instance at 0x7fd0d66d5e60>,52,22,[10  1],53,130,152,77,126
1,<environment.Job instance at 0x7fd0d66d5eb0>,54,23,[ 5 10],55,130,153,75,126
1,<environment.Job instance at 0x7fd0d66d5910>,58,3,[8 2],59,166,169,107,166
1,<environment.Job instance at 0x7fd0d66d5f50>,59,23,[1 5],60,166,189,106,166
1,<environment.Job instance at 0x7fd0d66d5190>,62,1,[8 3],63,176,177,113,176
1,<environment.Job instance at 0x7fd0d66d5460>,63,25,[10  1],64,177,202,113,176
1,<environment.Job instance at 0x7fd0d66d50a0>,65,28,[1 7],66,180,208,114,180
1,<environment.Job instance at 0x7fd11ea1a960>,72,2,[ 5 10],73,223,225,150,223
1,<environment.Job instance at 0x7fd11ea1abe0>,78,2,[8 4],79,262,264,183,262
1,<environment.Job instance at 0x7fd11ea1a0f0>,79,2,[5 2],80,262,264,182,262
1,<environment.Job instance at 0x7fd11ea18820>,81,1,[3 6],82,264,265,182,262
1,<environment.Job instance at 0x7fb65f2b5370>,1,22,[11  3],2,2,24,0,2
1,<environment.Job instance at 0x7fb65f2b50f0>,2,22,[4 8],3,3,25,0,3
1,<environment.Job instance at 0x7fb657ea6910>,12,26,[ 1 10],13,25,51,12,22
1,<environment.Job instance at 0x7fb657ea9500>,23,27,[1 6],24,51,78,27,49
1,<environment.Job instance at 0x7fb657ea6aa0>,20,1,[7 5],21,49,50,28,49
1,<environment.Job instance at 0x7fb657ea9960>,28,23,[10  4],29,57,80,28,57
1,<environment.Job instance at 0x7fb657ea9fa0>,34,24,[1 8],35,78,102,43,73
1,<environment.Job instance at 0x7fb657eaa3c0>,41,1,[5 2],42,94,95,52,94
1,<environment.Job instance at 0x7fb657eaac80>,51,3,[1 5],52,151,154,99,151
1,<environment.Job instance at 0x7fb657eaae10>,52,1,[8 5],53,151,152,98,151
1,<environment.Job instance at 0x7fb657ec2aa0>,7,21,[ 3 10],8,8,29,0,8
1,<environment.Job instance at 0x7fb657ec2640>,6,2,[11  5],7,27,29,20,27
1,<environment.Job instance at 0x7fb657ec2960>,10,1,[5 8],11,29,30,18,27
1,<environment.Job instance at 0x7fb657ec2be0>,13,2,[7 3],14,29,31,15,28
1,<environment.Job instance at 0x7fb657ec2e60>,14,3,[4 6],15,30,33,15,28
1,<environment.Job instance at 0x7fb657ec2eb0>,15,2,[5 2],16,31,33,15,28
1,<environment.Job instance at 0x7fb657ec2f50>,16,1,[5 9],17,33,34,16,28
1,<environment.Job instance at 0x7fb657ec2690>,17,1,[2 9],18,34,35,16,28
1,<environment.Job instance at 0x7fb657ec2a50>,18,21,[9 4],19,33,54,14,28
1,<environment.Job instance at 0x7fb657ec5a50>,23,2,[8 3],24,54,56,30,40
1,<environment.Job instance at 0x7fb657ec57d0>,25,1,[6 2],26,46,47,20,46
1,<environment.Job instance at 0x7fb657ec53c0>,27,1,[9 1],28,56,57,28,54
1,<environment.Job instance at 0x7fb657ec2730>,8,3,[14  4],9,57,60,48,54
1,<environment.Job instance at 0x7fb657ec5c30>,29,2,[9 4],30,60,62,30,54
1,<environment.Job instance at 0x7fb657ec9550>,34,3,[9 2],35,82,85,47,82
1,<environment.Job instance at 0x7fb657ec9a00>,36,3,[2 8],37,86,89,49,86
1,<environment.Job instance at 0x7fb657ec9d70>,37,1,[2 8],38,89,90,51,86
1,<environment.Job instance at 0x7fb657ec9cd0>,38,2,[13  1],39,86,88,47,86
1,<environment.Job instance at 0x7fb657ec9fa0>,39,2,[10  4],40,88,90,48,86
1,<environment.Job instance at 0x7fb657e4c1e0>,41,3,[13  5],42,90,93,48,89
1,<environment.Job instance at 0x7fb657e4c0f0>,42,2,[ 1 12],43,93,95,50,89
1,<environment.Job instance at 0x7fb61422b550>,45,2,[5 5],46,102,104,56,102
1,<environment.Job instance at 0x7fb61422b4b0>,47,3,[1 5],48,102,105,54,102
1,<environment.Job instance at 0x7fb61422b8c0>,48,1,[10  5],49,104,105,55,102
1,<environment.Job instance at 0x7fb61422ba50>,49,1,[ 2 10],50,105,106,55,102
1,<environment.Job instance at 0x7fb61422bf00>,52,1,[ 4 13],53,118,119,65,118
1,<environment.Job instance at 0x7fb61422c550>,55,1,[3 8],56,138,139,82,138
1,<environment.Job instance at 0x7fb61422c7d0>,61,1,[8 3],62,175,176,113,175
1,<environment.Job instance at 0x7fb61422c910>,62,20,[1 7],63,175,195,112,175
1,<environment.Job instance at 0x7fb6142a2190>,66,19,[2 7],67,180,199,113,180
1,<environment.Job instance at 0x7fb6142ae050>,69,2,[5 8],70,195,197,125,189
1,<environment.Job instance at 0x7fb6142bdb90>,70,24,[ 1 10],71,199,223,128,194
1,<environment.Job instance at 0x7fb6142c2e10>,73,24,[7 4],74,197,221,123,194
1,<environment.Job instance at 0x7fb6142c2eb0>,72,2,[9 3],73,221,223,148,194
1,<environment.Job instance at 0x7fb6142c2960>,75,3,[12  3],76,223,226,147,220
1,<environment.Job instance at 0x7fb614376af0>,77,2,[4 5],78,226,228,148,220
1,<environment.Job instance at 0x7fb614564460>,81,27,[4 7],82,226,253,144,224
1,<environment.Job instance at 0x7fb6144e3960>,82,26,[8 4],83,228,254,145,225
1,<environment.Job instance at 0x7fb614398a00>,86,3,[9 1],87,254,257,167,239
1,<environment.Job instance at 0x7fb61438cc30>,89,1,[5 4],90,253,254,163,243
1,<environment.Job instance at 0x7fb6143980a0>,90,25,[ 3 10],91,254,279,163,250
1,<environment.Job instance at 0x7fb6143805f0>,102,1,[5 5],103,276,277,173,276
1,<environment.Job instance at 0x7fb614380aa0>,103,23,[10  1],104,277,300,173,276
1,<environment.Job instance at 0x7fb6143801e0>,104,2,[8 5],105,300,302,195,276
1,<environment.Job instance at 0x7fb6143805a0>,105,1,[8 1],106,302,303,196,276
1,<environment.Job instance at 0x7fb614380f00>,106,28,[6 5],107,300,328,193,299
1,<environment.Job instance at 0x7fb614380a00>,109,2,[10  2],110,328,330,218,301
1,<environment.Job instance at 0x7fb614488b40>,112,2,[2 6],113,309,311,196,309
1,<environment.Job instance at 0x7fb614380d20>,113,2,[7 3],114,309,311,195,309
1,<environment.Job instance at 0x7fb6140ef550>,13,1,[1 7],14,14,15,0,14
1,<environment.Job instance at 0x7fb6140ef780>,15,3,[9 4],16,16,19,0,16
1,<environment.Job instance at 0x7fb6141e6690>,18,2,[9 4],19,29,31,10,29
1,<environment.Job instance at 0x7fb6141e6280>,20,27,[ 5 10],21,29,56,8,29
1,<environment.Job instance at 0x7fb6140f9960>,25,3,[3 8],26,58,61,32,58
1,<environment.Job instance at 0x7fb6140f9460>,26,25,[ 5 10],27,61,86,34,58
1,<environment.Job instance at 0x7fb657c89050>,30,2,[1 7],31,86,88,55,77
1,<environment.Job instance at 0x7fb61410c9b0>,31,1,[ 4 10],32,88,89,56,77
1,<environment.Job instance at 0x7fb6141030a0>,33,2,[5 7],34,86,88,52,79
1,<environment.Job instance at 0x7fb658399b90>,34,1,[3 8],35,89,90,54,79
1,<environment.Job instance at 0x7fb657c0a730>,37,1,[5 5],38,82,83,44,82
1,<environment.Job instance at 0x7fb65f42dfa0>,46,3,[6 3],47,96,99,49,96
1,<environment.Job instance at 0x7fb614109780>,51,3,[9 4],52,120,123,68,120
1,<environment.Job instance at 0x7fb614109460>,55,2,[ 4 11],56,134,136,78,134
1,<environment.Job instance at 0x7fb657ccb8c0>,60,2,[10  2],61,150,152,89,150
1,<environment.Job instance at 0x7fb65f427370>,62,19,[8 2],63,152,171,89,150
1,<environment.Job instance at 0x7fb65f427c30>,63,2,[ 2 14],64,171,173,107,150
1,<environment.Job instance at 0x7fb614177aa0>,66,2,[11  3],67,173,175,106,167
1,<environment.Job instance at 0x7fb65f42e780>,67,2,[12  2],68,175,177,107,167
1,<environment.Job instance at 0x7fb65f4285a0>,72,2,[12  5],73,184,186,111,184
1,<environment.Job instance at 0x7fb65f428eb0>,73,1,[1 7],74,184,185,110,184
1,<environment.Job instance at 0x7fb65833a500>,74,1,[14  4],75,186,187,111,184
1,<environment.Job instance at 0x7fb65809c1e0>,76,3,[8 1],77,197,200,120,197
1,<environment.Job instance at 0x7fb65809cdc0>,77,2,[6 4],78,197,199,119,197
1,<environment.Job instance at 0x7fb657c860f0>,81,12,[5 5],82,211,223,129,211
1,<environment.Job instance at 0x7fb658335690>,84,2,[2 5],85,231,233,146,231
1,<environment.Job instance at 0x7fb6583495f0>,86,1,[3 8],87,236,237,149,236
1,<environment.Job instance at 0x7fb65801faa0>,87,3,[10  2],88,236,239,148,236
1,<environment.Job instance at 0x7fb65801f0a0>,88,1,[2 8],89,237,238,148,236
1,<environment.Job instance at 0x7fb65809fb40>,89,1,[ 3 10],90,238,239,148,236
1,<environment.Job instance at 0x7fb61410ab40>,92,1,[ 5 10],93,249,250,156,249
1,<environment.Job instance at 0x7fb61410afa0>,93,1,[ 5 12],94,250,251,156,249
1,<environment.Job instance at 0x7fb61410aa50>,94,21,[7 2],95,249,270,154,249
1,<environment.Job instance at 0x7fb61410a050>,96,3,[ 3 10],97,255,258,158,255
1,<environment.Job instance at 0x7fb61410a730>,97,2,[10  4],98,270,272,172,255
1,<environment.Job instance at 0x7fb61410ac80>,101,14,[1 5],102,271,285,169,271
1,<environment.Job instance at 0x7fb61410ad20>,104,3,[14  4],105,306,309,201,306
1,<environment.Job instance at 0x7fb65f422140>,105,2,[5 5],106,309,311,203,306
1,<environment.Job instance at 0x7fb65f4221e0>,106,2,[13  4],107,311,313,204,306
1,<environment.Job instance at 0x7fb65f422aa0>,109,27,[1 5],110,307,334,197,307
1,<environment.Job instance at 0x7fb65f4223c0>,113,3,[8 4],114,313,316,199,311
1,<environment.Job instance at 0x7fb65f422d70>,3,27,[1 8],4,4,31,0,4
1,<environment.Job instance at 0x7fb65eb0c550>,17,22,[1 7],18,22,44,4,22
1,<environment.Job instance at 0x7fb65edf04b0>,22,1,[9 3],23,39,40,16,39
1,<environment.Job instance at 0x7fb65f2d8dc0>,23,3,[ 3 14],24,44,47,20,40
1,<environment.Job instance at 0x7fb65e899aa0>,25,25,[6 3],26,50,75,24,50
1,<environment.Job instance at 0x7fb65ed3d910>,26,2,[5 1],27,50,52,23,50
1,<environment.Job instance at 0x7fb65ee33410>,27,2,[4 5],28,50,52,22,50
1,<environment.Job instance at 0x7fb657f76550>,30,2,[ 5 11],31,55,57,24,55
1,<environment.Job instance at 0x7fb65e8408c0>,34,1,[5 7],35,69,70,34,69
1,<environment.Job instance at 0x7fb65e840500>,36,2,[2 9],37,81,83,44,81
1,<environment.Job instance at 0x7fb65e8e8aa0>,37,3,[7 1],38,81,84,43,81
1,<environment.Job instance at 0x7fb6580e1f00>,39,27,[ 5 10],40,86,113,46,86
1,<environment.Job instance at 0x7fb6580e1370>,41,22,[ 1 10],42,113,135,71,106
1,<environment.Job instance at 0x7fb657fc5280>,48,20,[6 2],49,107,127,58,107
1,<environment.Job instance at 0x7fb658037140>,63,2,[10  5],64,187,189,123,187
1,<environment.Job instance at 0x7fb657f3f050>,66,3,[8 1],67,189,192,122,187
1,<environment.Job instance at 0x7fb657f5ce60>,68,21,[5 8],69,200,221,131,200
1,<environment.Job instance at 0x7fb657f40050>,71,28,[2 8],72,221,249,149,220
1,<environment.Job instance at 0x7fb657f40eb0>,73,27,[9 3],74,220,247,146,220
1,<environment.Job instance at 0x7fb657fd9a50>,76,28,[1 7],77,247,275,170,246
1,<environment.Job instance at 0x7fb657fd90f0>,78,1,[5 7],79,249,250,170,246
1,<environment.Job instance at 0x7fb657fd9140>,79,2,[ 4 11],80,275,277,195,248
1,<environment.Job instance at 0x7fb657fd94b0>,80,3,[4 8],81,250,253,169,248
1,<environment.Job instance at 0x7fb657ee7280>,83,2,[ 4 10],84,277,279,193,250
1,<environment.Job instance at 0x7fb657f5f9b0>,84,3,[11  1],85,253,256,168,251
1,<environment.Job instance at 0x7fb657ee7c80>,85,1,[8 2],86,256,257,170,251
1,<environment.Job instance at 0x7fb657e950a0>,86,28,[9 2],87,257,285,170,256
1,<environment.Job instance at 0x7fb657f5f7d0>,88,1,[6 3],89,256,257,167,256
1,<environment.Job instance at 0x7fb657f7cd70>,94,2,[4 6],95,257,259,162,257
1,<environment.Job instance at 0x7fb6580aa500>,97,3,[ 1 12],98,279,282,181,261
1,<environment.Job instance at 0x7fb65e8b3960>,101,1,[10  4],102,285,286,183,268
1,<environment.Job instance at 0x7fb657e9f140>,106,23,[7 4],107,288,311,181,288
1,<environment.Job instance at 0x7fb657e9ff50>,107,1,[9 4],108,311,312,203,288
1,<environment.Job instance at 0x7fb657e9f500>,113,20,[5 4],114,307,327,193,307
1,<environment.Job instance at 0x7fb657e9f0f0>,114,2,[10  3],115,312,314,197,308
1,<environment.Job instance at 0x7fb657e9f050>,116,2,[3 9],117,314,316,197,310
1,<environment.Job instance at 0x7fb614533f00>,0,26,[6 3],1,1,27,0,1
1,<environment.Job instance at 0x7fb61447e820>,5,23,[7 1],6,6,29,0,6
1,<environment.Job instance at 0x7fb614787c30>,18,1,[ 3 14],19,31,32,12,31
1,<environment.Job instance at 0x7fb6582bd410>,19,2,[5 6],20,32,34,12,31
1,<environment.Job instance at 0x7fb6582bde60>,20,1,[5 9],21,32,33,11,31
1,<environment.Job instance at 0x7fb6582bd4b0>,21,3,[8 4],22,33,36,11,31
1,<environment.Job instance at 0x7fb614648690>,28,1,[8 4],29,68,69,39,68
1,<environment.Job instance at 0x7fb6147df370>,30,2,[4 9],31,69,71,38,69
1,<environment.Job instance at 0x7fb61460beb0>,34,1,[1 9],35,146,147,111,146
1,<environment.Job instance at 0x7fb657ca4870>,5,3,[11  2],6,13,16,7,13
1,<environment.Job instance at 0x7fb657ca4960>,12,23,[7 1],13,18,41,5,18
1,<environment.Job instance at 0x7fb657ca4e60>,13,2,[2 8],14,18,20,4,18
1,<environment.Job instance at 0x7fb657ca40a0>,15,3,[13  2],16,41,44,25,23
1,<environment.Job instance at 0x7fb657ca4f50>,16,1,[9 4],17,44,45,27,23
1,<environment.Job instance at 0x7fb657ca47d0>,17,3,[3 8],18,23,26,5,23
1,<environment.Job instance at 0x7fb614784c30>,18,1,[13  4],19,45,46,26,23
1,<environment.Job instance at 0x7fb614784410>,24,2,[5 2],25,66,68,41,66
1,<environment.Job instance at 0x7fb6147842d0>,25,3,[5 1],26,66,69,40,66
1,<environment.Job instance at 0x7fb614784780>,27,2,[2 9],28,69,71,41,69
1,<environment.Job instance at 0x7fb6147840a0>,28,2,[8 3],29,69,71,40,69
1,<environment.Job instance at 0x7fb614784550>,31,23,[ 3 13],32,86,109,54,86
1,<environment.Job instance at 0x7fb614786320>,34,18,[1 8],35,109,127,74,109
1,<environment.Job instance at 0x7fb614786d70>,36,2,[7 2],37,110,112,73,110
1,<environment.Job instance at 0x7fb614786c30>,39,1,[9 4],40,117,118,77,117
1,<environment.Job instance at 0x7fb614786fa0>,40,20,[9 5],41,118,138,77,117
1,<environment.Job instance at 0x7fb614786b90>,42,2,[5 6],43,127,129,84,117
1,<environment.Job instance at 0x7fb658342280>,45,2,[10  5],46,138,140,92,128
1,<environment.Job instance at 0x7fb658342b40>,46,2,[6 4],47,129,131,82,128
1,<environment.Job instance at 0x7fb658342410>,49,2,[10  2],50,140,142,90,133
1,<environment.Job instance at 0x7fb6583426e0>,50,1,[8 1],51,142,143,91,133
1,<environment.Job instance at 0x7fb6583420f0>,54,22,[9 5],55,160,182,105,160
1,<environment.Job instance at 0x7fb658342320>,55,3,[ 1 14],56,182,185,126,161
1,<environment.Job instance at 0x7fb658342780>,59,3,[10  2],60,185,188,125,179
1,<environment.Job instance at 0x7fb657ec0eb0>,62,3,[10  5],63,251,254,188,251
1,<environment.Job instance at 0x7fb657d48e60>,67,2,[3 7],68,393,395,325,393
1,<environment.Job instance at 0x7fb657d48780>,69,21,[1 7],70,411,432,341,411
1,<environment.Job instance at 0x7fb658113e10>,6,23,[5 5],7,7,30,0,7
1,<environment.Job instance at 0x7fb65ed8dd70>,9,25,[7 3],10,10,35,0,10
1,<environment.Job instance at 0x7fb658151230>,10,1,[12  5],11,35,36,24,30
1,<environment.Job instance at 0x7fb65ec77b90>,21,3,[ 3 11],22,36,39,14,33
1,<environment.Job instance at 0x7fb65ec778c0>,23,3,[1 6],24,43,46,19,43
1,<environment.Job instance at 0x7fb65e8d9690>,26,1,[ 3 10],27,46,47,19,46
1,<environment.Job instance at 0x7fb657e03460>,29,2,[3 7],30,61,63,31,61
1,<environment.Job instance at 0x7fb657e03780>,31,1,[4 7],32,75,76,43,75
1,<environment.Job instance at 0x7fb61461c3c0>,32,19,[6 2],33,76,95,43,76
1,<environment.Job instance at 0x7fb65e8db320>,34,1,[1 7],35,76,77,41,76
1,<environment.Job instance at 0x7fb614617690>,35,3,[14  4],36,95,98,59,76
1,<environment.Job instance at 0x7fb614617e10>,41,2,[11  4],42,108,110,66,108
1,<environment.Job instance at 0x7fb657f4eaa0>,42,2,[6 3],43,110,112,67,108
1,<environment.Job instance at 0x7fb65805d640>,45,3,[3 9],46,121,124,75,121
1,<environment.Job instance at 0x7fb65e857be0>,46,18,[3 6],47,123,141,76,123
1,<environment.Job instance at 0x7fb61422b5f0>,47,18,[5 5],48,124,142,76,123
1,<environment.Job instance at 0x7fb658015a50>,48,22,[ 1 13],49,142,164,93,135
1,<environment.Job instance at 0x7fb65e7b2460>,57,1,[9 1],58,153,154,95,153
1,<environment.Job instance at 0x7fb6581f1230>,58,2,[11  2],59,154,156,95,153
1,<environment.Job instance at 0x7fb6581f1a50>,59,23,[4 9],60,164,187,104,158
1,<environment.Job instance at 0x7fb6581f1780>,60,2,[7 4],61,164,166,103,158
1,<environment.Job instance at 0x7fb657da74b0>,64,22,[5 8],65,187,209,122,180
1,<environment.Job instance at 0x7fb657da73c0>,69,3,[4 5],70,202,205,132,202
1,<environment.Job instance at 0x7fb657e05640>,72,1,[10  2],73,217,218,144,217
1,<environment.Job instance at 0x7fb657e05690>,73,1,[2 9],74,217,218,143,217
1,<environment.Job instance at 0x7fb657e055a0>,74,1,[10  4],75,218,219,143,217
1,<environment.Job instance at 0x7fb657e05e60>,75,3,[5 7],76,218,221,142,217
1,<environment.Job instance at 0x7fb657e05730>,76,1,[1 8],77,219,220,142,217
1,<environment.Job instance at 0x7fb6580de500>,77,3,[4 5],78,220,223,142,217
1,<environment.Job instance at 0x7fb65e8f7870>,80,2,[ 4 14],81,223,225,142,218
1,<environment.Job instance at 0x7fb65e8f7640>,79,18,[1 9],80,225,243,145,221
1,<environment.Job instance at 0x7fb657e2c0a0>,87,2,[9 1],88,237,239,149,237
1,<environment.Job instance at 0x7fb65e739140>,88,2,[ 2 10],89,243,245,154,237
1,<environment.Job instance at 0x7fb65e739f00>,89,18,[2 9],90,245,263,155,244
1,<environment.Job instance at 0x7fb657e738c0>,92,1,[3 9],93,263,264,170,256
1,<environment.Job instance at 0x7fb657e78dc0>,95,1,[5 6],96,262,263,166,262
1,<environment.Job instance at 0x7fb657e78690>,96,12,[8 3],97,265,277,168,265
1,<environment.Job instance at 0x7fb657e78be0>,97,3,[9 4],98,277,280,179,265
1,<environment.Job instance at 0x7fb657dd95a0>,98,3,[6 3],99,265,268,166,265
1,<environment.Job instance at 0x7fb657dd9aa0>,99,2,[10  3],100,280,282,180,265
1,<environment.Job instance at 0x7fb657e78910>,100,1,[4 8],101,268,269,167,265
1,<environment.Job instance at 0x7fb658001500>,102,3,[5 8],103,269,272,166,269
1,<environment.Job instance at 0x7fb61427a2d0>,105,20,[10  3],106,284,304,178,284
1,<environment.Job instance at 0x7fb657f924b0>,107,3,[8 3],108,304,307,196,288
1,<environment.Job instance at 0x7fb657f92140>,108,1,[9 5],109,307,308,198,288
1,<environment.Job instance at 0x7fb657da9be0>,109,1,[7 3],110,304,305,194,288
1,<environment.Job instance at 0x7fb65825f7d0>,110,2,[9 4],111,308,310,197,288
1,<environment.Job instance at 0x7fb657da9f00>,111,1,[3 8],112,288,289,176,288
1,<environment.Job instance at 0x7fb65e7640f0>,116,2,[ 5 12],117,317,319,200,317
1,<environment.Job instance at 0x7fb614230d20>,117,23,[6 1],118,317,340,199,317
1,<environment.Job instance at 0x7fb614844af0>,118,3,[9 2],119,319,322,200,317
1,<environment.Job instance at 0x7fb6148447d0>,119,2,[4 5],120,322,324,202,317
1,<environment.Job instance at 0x7fb614844d70>,120,1,[10  3],121,340,341,219,317
1,<environment.Job instance at 0x7fb65edebaa0>,130,25,[9 4],131,354,379,223,354
1,<environment.Job instance at 0x7fb65edeb5a0>,134,28,[ 5 10],135,362,390,227,362
1,<environment.Job instance at 0x7fb65edebb40>,137,27,[2 9],138,390,417,252,388
1,<environment.Job instance at 0x7fb65edeb410>,138,26,[4 9],139,417,443,278,414
1,<environment.Job instance at 0x7fb65edebe60>,139,1,[10  5],140,414,415,274,414
1,<environment.Job instance at 0x7fb65edeb0f0>,142,2,[ 2 10],143,443,445,300,417
1,<environment.Job instance at 0x7fb614761910>,143,3,[1 6],144,417,420,273,417
1,<environment.Job instance at 0x7fb6147612d0>,145,3,[10  3],146,420,423,274,417
1,<environment.Job instance at 0x7fb6147612d0>,4,19,[2 5],5,5,24,0,5
1,<environment.Job instance at 0x7fb65ecee910>,7,1,[3 8],8,8,9,0,8
1,<environment.Job instance at 0x7fb657ec06e0>,13,23,[1 7],14,14,37,0,14
1,<environment.Job instance at 0x7fb657d983c0>,14,22,[1 8],15,24,46,9,17
1,<environment.Job instance at 0x7fb61435f140>,22,26,[1 5],23,37,63,14,34
1,<environment.Job instance at 0x7fb6147bfeb0>,26,1,[9 3],27,48,49,21,48
1,<environment.Job instance at 0x7fb61435fdc0>,29,2,[3 9],30,55,57,25,55
1,<environment.Job instance at 0x7fb657e1feb0>,32,22,[5 3],33,67,89,34,67
1,<environment.Job instance at 0x7fb657e1f140>,33,1,[8 4],34,67,68,33,67
1,<environment.Job instance at 0x7fb657e1ffa0>,35,1,[8 5],36,77,78,41,77
1,<environment.Job instance at 0x7fb657e1f0f0>,36,3,[2 5],37,77,80,40,77
1,<environment.Job instance at 0x7fb657e1f0a0>,37,24,[2 8],38,80,104,42,77
1,<environment.Job instance at 0x7fb657e1f690>,43,26,[1 8],44,105,131,61,105
1,<environment.Job instance at 0x7fb657e80870>,48,2,[5 3],49,121,123,72,121
1,<environment.Job instance at 0x7fb6147c7320>,50,1,[3 5],51,127,128,76,127
1,<environment.Job instance at 0x7fb6147c7410>,51,23,[9 4],52,128,151,76,127
1,<environment.Job instance at 0x7fb6147c7820>,55,2,[1 9],56,139,141,83,139
1,<environment.Job instance at 0x7fb6147c78c0>,57,1,[ 1 10],58,144,145,86,144
1,<environment.Job instance at 0x7fb6147c7550>,59,1,[6 4],60,145,146,85,145
1,<environment.Job instance at 0x7fb6147c7d70>,64,3,[3 9],65,160,163,95,160
1,<environment.Job instance at 0x7fb6147c7e10>,65,2,[10  1],66,160,162,94,160
1,<environment.Job instance at 0x7fb6147c7eb0>,66,3,[ 1 10],67,163,166,96,160
1,<environment.Job instance at 0x7fb6147c7f50>,68,3,[5 9],69,172,175,103,172
1,<environment.Job instance at 0x7fb6147be050>,69,1,[10  2],70,172,173,102,172
1,<environment.Job instance at 0x7fb6147be280>,71,2,[4 9],72,176,178,104,176
1,<environment.Job instance at 0x7fb6147be5f0>,75,3,[3 8],76,188,191,112,188
1,<environment.Job instance at 0x7fb6147be780>,78,1,[8 3],79,204,205,125,204
1,<environment.Job instance at 0x7fb6147beb40>,81,2,[5 4],82,218,220,136,218
1,<environment.Job instance at 0x7fb6147becd0>,83,3,[ 2 10],84,225,228,141,225
1,<environment.Job instance at 0x7fb6147beb90>,86,2,[ 2 10],87,247,249,160,247
1,<environment.Job instance at 0x7fb6147befa0>,89,3,[10  4],90,254,257,164,254
1,<environment.Job instance at 0x7fb6147e8190>,91,3,[13  1],92,267,270,175,267
1,<environment.Job instance at 0x7fb6147e83c0>,92,3,[3 7],93,270,273,177,267
1,<environment.Job instance at 0x7fb6147e82d0>,93,3,[5 4],94,270,273,176,267
1,<environment.Job instance at 0x7fb6147e8690>,97,1,[ 5 10],98,279,280,181,279
1,<environment.Job instance at 0x7fb6147e87d0>,98,12,[6 1],99,279,291,180,279
1,<environment.Job instance at 0x7fb6147e8820>,99,2,[1 9],100,280,282,180,279
1,<environment.Job instance at 0x7fb6147e8910>,101,2,[10  4],102,291,293,189,279
1,<environment.Job instance at 0x7fb6147e8c30>,105,1,[ 3 12],106,297,298,191,297
1,<environment.Job instance at 0x7fb6147e8780>,106,3,[10  3],107,297,300,190,297
1,<environment.Job instance at 0x7fb6147e8d20>,108,3,[ 5 12],109,300,303,191,300
1,<environment.Job instance at 0x7fb6147e8be0>,110,2,[5 4],111,313,315,202,313
1,<environment.Job instance at 0x7fb6147d6140>,115,22,[5 2],116,330,352,214,330
1,<environment.Job instance at 0x7fb6147d6280>,116,1,[11  1],117,352,353,235,330
1,<environment.Job instance at 0x7fb6147d6320>,117,2,[2 6],118,330,332,212,330
1,<environment.Job instance at 0x7fb65e8f7280>,11,2,[6 2],12,12,14,0,12
1,<environment.Job instance at 0x7fb657c25230>,13,1,[5 5],14,20,21,6,20
1,<environment.Job instance at 0x7fb65ed04690>,14,18,[ 2 10],15,36,54,21,36
1,<environment.Job instance at 0x7fb61468e460>,18,3,[6 2],19,36,39,17,36
1,<environment.Job instance at 0x7fb61468e280>,19,1,[6 1],20,36,37,16,36
1,<environment.Job instance at 0x7fb61468eaa0>,20,17,[8 2],21,39,56,18,36
1,<environment.Job instance at 0x7fb6145f2820>,23,3,[ 2 10],24,54,57,30,49
1,<environment.Job instance at 0x7fb6145f2730>,26,3,[1 8],27,63,66,36,63
1,<environment.Job instance at 0x7fb6145f24b0>,27,1,[3 5],28,63,64,35,63
1,<environment.Job instance at 0x7fb6145f2f50>,28,25,[5 5],29,64,89,35,63
1,<environment.Job instance at 0x7fb6145f27d0>,29,2,[5 1],30,63,65,33,63
1,<environment.Job instance at 0x7fb61470baa0>,40,22,[4 6],41,137,159,96,137
1,<environment.Job instance at 0x7fb6580cdeb0>,41,2,[1 8],42,137,139,95,137
1,<environment.Job instance at 0x7fb65e933500>,44,18,[10  2],45,167,185,122,167
1,<environment.Job instance at 0x7fb6147bcaf0>,51,2,[5 4],52,169,171,117,169
1,<environment.Job instance at 0x7fb657d6e0a0>,53,2,[8 3],54,186,188,132,186
1,<environment.Job instance at 0x7fb657fde190>,56,3,[1 8],57,204,207,147,204
1,<environment.Job instance at 0x7fb657fde460>,57,3,[6 1],58,204,207,146,204
1,<environment.Job instance at 0x7fb657d6ea50>,3,26,[2 9],4,4,30,0,4
1,<environment.Job instance at 0x7fb65823d0a0>,18,3,[10  4],19,30,33,11,30
1,<environment.Job instance at 0x7fb614557820>,20,1,[1 7],21,30,31,9,30
1,<environment.Job instance at 0x7fb657c78c30>,22,2,[1 9],23,31,33,8,30
1,<environment.Job instance at 0x7fb614557690>,23,2,[6 3],24,33,35,9,30
1,<environment.Job instance at 0x7fb6582b44b0>,26,1,[6 3],27,38,39,11,38
1,<environment.Job instance at 0x7fb6582b4f50>,27,1,[5 4],28,38,39,10,38
1,<environment.Job instance at 0x7fb6582b4d20>,29,1,[3 5],30,39,40,9,39
1,<environment.Job instance at 0x7fb657e3f690>,30,1,[4 9],31,39,40,8,39
1,<environment.Job instance at 0x7fb657cd0910>,13,18,[1 8],14,45,63,31,45
1,<environment.Job instance at 0x7fb65e8bf0a0>,38,2,[1 6],39,68,70,29,68
1,<environment.Job instance at 0x7fb65ec50730>,39,23,[5 5],40,68,91,28,68
1,<environment.Job instance at 0x7fb6144c2960>,45,24,[7 5],46,99,123,53,99
1,<environment.Job instance at 0x7fb6144c2b90>,47,3,[ 2 13],48,123,126,75,107
1,<environment.Job instance at 0x7fb6144c22d0>,48,2,[5 5],49,107,109,58,107
1,<environment.Job instance at 0x7fb6144c20a0>,49,3,[5 2],50,109,112,59,107
1,<environment.Job instance at 0x7fb6144c26e0>,51,2,[4 8],52,112,114,60,108
1,<environment.Job instance at 0x7fb6144c2550>,53,3,[5 6],54,116,119,62,116
1,<environment.Job instance at 0x7fb65eb6dbe0>,58,3,[10  1],59,133,136,74,133
1,<environment.Job instance at 0x7fb65eb6db40>,60,1,[13  2],61,136,137,75,136
1,<environment.Job instance at 0x7fb65eb6d6e0>,63,1,[ 2 13],64,152,153,88,152
1,<environment.Job instance at 0x7fb65eb6d820>,64,2,[ 4 10],65,153,155,88,152
1,<environment.Job instance at 0x7fb65eb6dd20>,65,19,[8 1],66,152,171,86,152
1,<environment.Job instance at 0x7fb65eb6d690>,66,1,[ 4 11],67,155,156,88,152
1,<environment.Job instance at 0x7fb6581f1a00>,68,3,[2 6],69,156,159,87,152
1,<environment.Job instance at 0x7fb614739b90>,69,2,[10  5],70,171,173,101,152
1,<environment.Job instance at 0x7fb65e8b4910>,70,2,[4 6],71,156,158,85,152
1,<environment.Job instance at 0x7fb65e8b4550>,71,23,[7 5],72,173,196,101,167
1,<environment.Job instance at 0x7fb65e8452d0>,72,28,[8 2],73,173,201,100,172
1,<environment.Job instance at 0x7fb65e845c80>,73,22,[5 4],74,196,218,122,189
1,<environment.Job instance at 0x7fb65e845cd0>,74,1,[7 5],75,201,202,126,189
1,<environment.Job instance at 0x7fb6144fd5f0>,77,1,[3 5],78,201,202,123,189
1,<environment.Job instance at 0x7fb657e42230>,82,3,[6 2],83,202,205,119,189
1,<environment.Job instance at 0x7fb65eae1e60>,85,1,[2 5],86,196,197,110,196
1,<environment.Job instance at 0x7fb614504280>,87,3,[9 2],88,205,208,117,204
1,<environment.Job instance at 0x7fb6145048c0>,88,1,[1 6],89,204,205,115,204
1,<environment.Job instance at 0x7fb614504aa0>,89,3,[5 2],90,208,211,118,204
1,<environment.Job instance at 0x7fb614504230>,90,2,[2 6],91,208,210,117,204
1,<environment.Job instance at 0x7fb6142482d0>,91,3,[5 8],92,210,213,118,205
1,<environment.Job instance at 0x7fb614248410>,92,2,[2 8],93,213,215,120,205
1,<environment.Job instance at 0x7fb6142480f0>,94,26,[7 4],95,215,241,120,215
1,<environment.Job instance at 0x7fb6144a0a00>,95,1,[12  3],96,241,242,145,217
1,<environment.Job instance at 0x7fb6581c6a50>,102,3,[9 3],103,242,245,139,237
1,<environment.Job instance at 0x7fb6581c6370>,103,1,[10  5],104,245,246,141,237
1,<environment.Job instance at 0x7fb6581c61e0>,105,3,[5 6],106,256,259,150,256
1,<environment.Job instance at 0x7fb6581c6fa0>,106,2,[3 5],107,256,258,149,256
1,<environment.Job instance at 0x7fb6581c63c0>,107,1,[5 1],108,256,257,148,256
1,<environment.Job instance at 0x7fb6144be7d0>,109,2,[6 3],110,258,260,148,258
1,<environment.Job instance at 0x7fb6144bec30>,113,1,[7 3],114,278,279,164,278
1,<environment.Job instance at 0x7fb6144bedc0>,114,3,[3 7],115,278,281,163,278
1,<environment.Job instance at 0x7fb6143fb280>,0,20,[5 8],1,1,21,0,1
1,<environment.Job instance at 0x7fb614617c80>,10,21,[5 2],11,11,32,0,11
1,<environment.Job instance at 0x7fb614786f50>,22,1,[5 8],23,36,37,13,36
1,<environment.Job instance at 0x7fb658168f00>,23,1,[6 3],24,36,37,12,36
1,<environment.Job instance at 0x7fb614786370>,24,3,[6 1],25,37,40,12,36
1,<environment.Job instance at 0x7fb657fdedc0>,25,1,[10  4],26,40,41,14,36
1,<environment.Job instance at 0x7fb614786d20>,27,3,[10  1],28,43,46,15,43
1,<environment.Job instance at 0x7fb657cd7820>,29,1,[6 1],30,49,50,19,49
1,<environment.Job instance at 0x7fb657cd7b40>,31,1,[6 1],32,61,62,29,61
1,<environment.Job instance at 0x7fb657cd74b0>,32,2,[ 4 10],33,61,63,28,61
1,<environment.Job instance at 0x7fb657cd7b90>,33,2,[4 7],34,63,65,29,61
1,<environment.Job instance at 0x7fb657cd7eb0>,35,23,[7 4],36,63,86,27,63
1,<environment.Job instance at 0x7fb657cd7280>,36,23,[5 6],37,65,88,28,63
1,<environment.Job instance at 0x7fb657cd7230>,38,25,[ 5 10],39,88,113,49,84
1,<environment.Job instance at 0x7fb6142ecbe0>,47,26,[ 2 10],48,113,139,65,110
1,<environment.Job instance at 0x7fb6144d2a50>,56,1,[5 8],57,165,166,108,165
1,<environment.Job instance at 0x7fb658316140>,57,3,[9 3],58,165,168,107,165
1,<environment.Job instance at 0x7fb658316280>,59,1,[8 4],60,179,180,119,179
1,<environment.Job instance at 0x7fb658316780>,61,2,[1 9],62,192,194,130,192
1,<environment.Job instance at 0x7fb6583167d0>,62,1,[7 2],63,192,193,129,192
1,<environment.Job instance at 0x7fb658316500>,63,20,[5 2],64,192,212,128,192
1,<environment.Job instance at 0x7fb658316a50>,66,1,[6 2],67,227,228,160,227
1,<environment.Job instance at 0x7fb658316a00>,67,2,[ 5 11],68,227,229,159,227
1,<environment.Job instance at 0x7fb6581c66e0>,6,20,[10  4],7,7,27,0,7
1,<environment.Job instance at 0x7fb65827d5a0>,23,24,[9 2],24,27,51,3,24
1,<environment.Job instance at 0x7fb65827d1e0>,25,3,[ 4 10],26,32,35,6,32
1,<environment.Job instance at 0x7fb6146dfc80>,31,24,[2 6],32,37,61,5,37
1,<environment.Job instance at 0x7fb614036280>,40,3,[ 5 10],41,67,70,26,67
1,<environment.Job instance at 0x7fb614036fa0>,42,1,[2 8],43,70,71,27,70
1,<environment.Job instance at 0x7fb6140361e0>,43,21,[5 4],44,70,91,26,70
1,<environment.Job instance at 0x7fb614036960>,47,2,[10  5],48,83,85,35,83
1,<environment.Job instance at 0x7fb614036be0>,48,3,[10  4],49,85,88,36,85
1,<environment.Job instance at 0x7fb614036730>,50,2,[1 8],51,96,98,45,96
1,<environment.Job instance at 0x7fb65f2db050>,53,1,[ 4 10],54,112,113,58,112
1,<environment.Job instance at 0x7fb65f2db9b0>,54,24,[5 8],55,113,137,58,112
1,<environment.Job instance at 0x7fb657c87730>,56,24,[10  2],57,112,136,55,112
1,<environment.Job instance at 0x7fb657c87050>,60,2,[14  3],61,137,139,76,136
1,<environment.Job instance at 0x7fb657c87370>,61,1,[3 9],62,139,140,77,136
1,<environment.Job instance at 0x7fb6144be910>,65,1,[5 9],66,143,144,77,143
1,<environment.Job instance at 0x7fb6144bee10>,66,23,[9 5],67,143,166,76,143
1,<environment.Job instance at 0x7fb6144be870>,70,1,[ 5 10],71,160,161,89,160
1,<environment.Job instance at 0x7fb6144bee60>,74,1,[3 8],75,166,167,91,166
1,<environment.Job instance at 0x7fb6144be960>,77,3,[8 5],78,178,181,100,178
1,<environment.Job instance at 0x7fb6142aa0a0>,79,1,[13  5],80,181,182,101,181
1,<environment.Job instance at 0x7fb6142aa370>,80,1,[4 5],81,182,183,101,181
1,<environment.Job instance at 0x7fb6142aac30>,83,27,[5 6],84,195,222,111,195
1,<environment.Job instance at 0x7fb6142aa320>,87,2,[4 9],88,199,201,111,199
1,<environment.Job instance at 0x7fb6142aa5f0>,88,25,[11  1],89,222,247,133,218
1,<environment.Job instance at 0x7fb6143100a0>,94,27,[3 8],95,218,245,123,218
1,<environment.Job instance at 0x7fb6143106e0>,103,18,[1 8],104,264,282,160,264
1,<environment.Job instance at 0x7fb614310b40>,105,27,[4 6],106,276,303,170,276
1,<environment.Job instance at 0x7fb65ee2b960>,107,1,[1 7],108,282,283,174,278
1,<environment.Job instance at 0x7fb65ee2b230>,111,2,[5 3],112,297,299,185,297
1,<environment.Job instance at 0x7fb65ee2b5f0>,112,1,[5 5],113,297,298,184,297
1,<environment.Job instance at 0x7fb65ee2b910>,114,2,[9 3],115,302,304,187,302
1,<environment.Job instance at 0x7fb65ee2bcd0>,115,3,[2 6],116,302,305,186,302
1,<environment.Job instance at 0x7fb65ee2b3c0>,117,3,[6 3],118,310,313,192,310
1,<environment.Job instance at 0x7fb65ee2b9b0>,118,1,[10  4],119,313,314,194,310
1,<environment.Job instance at 0x7fb657d6e730>,6,21,[10  2],7,7,28,0,7
1,<environment.Job instance at 0x7fb657c73690>,20,25,[ 4 10],21,23,48,2,23
1,<environment.Job instance at 0x7fb657c73730>,21,22,[9 1],22,28,50,6,23
1,<environment.Job instance at 0x7fb657c73aa0>,23,1,[6 5],24,48,49,24,31
1,<environment.Job instance at 0x7fb657c732d0>,27,19,[ 2 10],28,52,71,24,52
1,<environment.Job instance at 0x7fb657c73460>,31,3,[1 5],32,69,72,37,69
1,<environment.Job instance at 0x7fb61417fc30>,32,1,[3 7],33,71,72,38,69
1,<environment.Job instance at 0x7fb657c73410>,25,18,[2 9],26,77,95,51,77
1,<environment.Job instance at 0x7fb61417f3c0>,35,1,[8 4],36,77,78,41,77
1,<environment.Job instance at 0x7fb6146b09b0>,42,2,[5 5],43,106,108,63,106
1,<environment.Job instance at 0x7fb6146b0d20>,43,1,[3 5],44,106,107,62,106
1,<environment.Job instance at 0x7fb6146b0910>,44,2,[6 5],45,106,108,61,106
1,<environment.Job instance at 0x7fb6146b0870>,45,1,[ 4 10],46,108,109,62,106
1,<environment.Job instance at 0x7fb6146b0780>,47,3,[1 7],48,118,121,70,118
1,<environment.Job instance at 0x7fb6146b06e0>,48,2,[3 7],49,118,120,69,118
1,<environment.Job instance at 0x7fb6146b01e0>,49,28,[4 8],50,120,148,70,119
1,<environment.Job instance at 0x7fb65ea644b0>,52,3,[5 5],53,123,126,70,123
1,<environment.Job instance at 0x7fb6146b0690>,53,3,[ 3 10],54,148,151,94,123
1,<environment.Job instance at 0x7fb65ea64f00>,54,1,[10  2],55,126,127,71,123
1,<environment.Job instance at 0x7fb65ea64460>,56,2,[4 9],57,151,153,94,137
1,<environment.Job instance at 0x7fb65ea645a0>,62,1,[1 5],63,150,151,87,150
1,<environment.Job instance at 0x7fb65ea64870>,63,1,[7 1],64,151,152,87,150
1,<environment.Job instance at 0x7fb613f6d730>,8,1,[7 4],9,9,10,0,9
1,<environment.Job instance at 0x7fb614766e60>,9,1,[2 5],10,10,11,0,10
1,<environment.Job instance at 0x7fb657c730a0>,5,2,[1 9],6,14,16,8,14
1,<environment.Job instance at 0x7fb658316500>,16,3,[9 5],17,17,20,0,17
1,<environment.Job instance at 0x7fb658316eb0>,18,28,[9 5],19,20,48,1,19
1,<environment.Job instance at 0x7fb658316690>,20,1,[11  1],21,48,49,27,38
1,<environment.Job instance at 0x7fb65eb1c6e0>,26,22,[4 9],27,38,60,11,38
1,<environment.Job instance at 0x7fb6145aacd0>,33,1,[2 6],34,57,58,23,57
1,<environment.Job instance at 0x7fb65ebbe280>,37,1,[ 2 12],38,60,61,22,57
1,<environment.Job instance at 0x7fb65ebbebe0>,38,1,[5 8],39,61,62,22,57
1,<environment.Job instance at 0x7fb65eb53cd0>,44,1,[8 1],45,76,77,31,76
1,<environment.Job instance at 0x7fb65eb53fa0>,45,1,[10  4],46,77,78,31,76
1,<environment.Job instance at 0x7fb614257550>,17,15,[10  1],18,89,104,71,89
1,<environment.Job instance at 0x7fb65eb5b5a0>,49,2,[7 1],50,104,106,54,89
1,<environment.Job instance at 0x7fb65eb5b280>,51,23,[9 2],52,106,129,54,103
1,<environment.Job instance at 0x7fb65eb6f190>,52,1,[ 3 10],53,104,105,51,104
1,<environment.Job instance at 0x7fb65eb6fd20>,54,2,[2 5],55,105,107,50,104
1,<environment.Job instance at 0x7fb65eb6fcd0>,55,25,[ 2 11],56,107,132,51,104
1,<environment.Job instance at 0x7fb65eb5d280>,62,3,[10  5],63,133,136,70,133
1,<environment.Job instance at 0x7fb6580013c0>,65,2,[3 6],66,148,150,82,148
1,<environment.Job instance at 0x7fb6583b3d70>,68,2,[4 9],69,163,165,94,163
1,<environment.Job instance at 0x7fb6583a0410>,71,1,[1 8],72,230,231,158,230
1,<environment.Job instance at 0x7fb6583d2f50>,72,22,[ 4 11],73,231,253,158,230
1,<environment.Job instance at 0x7fb65e77a140>,4,24,[4 8],5,5,29,0,5
1,<environment.Job instance at 0x7fb613ecb0f0>,6,23,[9 2],7,7,30,0,7
1,<environment.Job instance at 0x7fb6147f8cd0>,9,27,[ 5 10],10,29,56,19,27
1,<environment.Job instance at 0x7fb657f547d0>,10,28,[8 5],11,30,58,19,29
1,<environment.Job instance at 0x7fb65e88b910>,2,2,[ 1 14],3,58,60,55,55
1,<environment.Job instance at 0x7fb613e75410>,24,2,[3 9],25,72,74,47,72
1,<environment.Job instance at 0x7fb65e736370>,30,21,[9 2],31,94,115,63,94
1,<environment.Job instance at 0x7fb65ec490f0>,36,26,[3 5],37,107,133,70,107
1,<environment.Job instance at 0x7fb61476a230>,37,24,[9 4],38,115,139,77,110
1,<environment.Job instance at 0x7fb6140dcc80>,48,1,[12  1],49,146,147,97,146
1,<environment.Job instance at 0x7fb614345a50>,49,2,[7 2],50,147,149,97,146
1,<environment.Job instance at 0x7fb614345cd0>,50,1,[5 5],51,147,148,96,146
1,<environment.Job instance at 0x7fb6144e5230>,51,2,[2 5],52,146,148,94,146
1,<environment.Job instance at 0x7fb6148665f0>,54,1,[7 2],55,156,157,101,156
1,<environment.Job instance at 0x7fb6145aa2d0>,55,1,[6 4],56,156,157,100,156
1,<environment.Job instance at 0x7fb657f57be0>,56,1,[6 5],57,157,158,100,156
1,<environment.Job instance at 0x7fb6581a2050>,62,2,[8 5],63,171,173,108,171
1,<environment.Job instance at 0x7fb61442f550>,63,24,[5 1],64,171,195,107,171
1,<environment.Job instance at 0x7fb61442fb40>,64,1,[6 5],65,173,174,108,171
1,<environment.Job instance at 0x7fb61442fd70>,65,22,[5 4],66,174,196,108,171
1,<environment.Job instance at 0x7fb61442f5f0>,66,28,[8 5],67,195,223,128,194
1,<environment.Job instance at 0x7fb657d8f0f0>,74,25,[9 4],75,223,248,148,219
1,<environment.Job instance at 0x7fb657d8faf0>,77,1,[5 2],78,240,241,162,240
1,<environment.Job instance at 0x7fb657ee1c80>,7,1,[8 4],8,8,9,0,8
1,<environment.Job instance at 0x7fb657ee1fa0>,8,2,[4 8],9,9,11,0,9
1,<environment.Job instance at 0x7fb613fff280>,12,1,[2 9],13,13,14,0,13
1,<environment.Job instance at 0x7fb658034cd0>,15,1,[8 2],16,16,17,0,16
1,<environment.Job instance at 0x7fb658034370>,16,1,[2 8],17,17,18,0,17
1,<environment.Job instance at 0x7fb657ee1e60>,3,18,[8 3],4,20,38,16,20
1,<environment.Job instance at 0x7fb6580345f0>,20,3,[1 9],21,21,24,0,21
1,<environment.Job instance at 0x7fb658034140>,22,19,[1 5],23,28,47,5,28
1,<environment.Job instance at 0x7fb6145fac80>,33,23,[5 6],34,86,109,52,86
1,<environment.Job instance at 0x7fb6145fa7d0>,38,28,[3 8],39,88,116,49,88
1,<environment.Job instance at 0x7fb6145fa0a0>,42,2,[10  2],43,109,111,66,104
1,<environment.Job instance at 0x7fb6145fac30>,43,23,[5 7],44,111,134,67,105
1,<environment.Job instance at 0x7fb657d8a230>,44,28,[8 5],45,116,144,71,115
1,<environment.Job instance at 0x7fb657d8afa0>,46,23,[3 7],47,134,157,87,128
1,<environment.Job instance at 0x7fb657d8a280>,47,24,[2 9],48,157,181,109,152
1,<environment.Job instance at 0x7fb657d8ac80>,49,22,[5 3],50,152,174,102,152
1,<environment.Job instance at 0x7fb657d8aa50>,52,23,[13  5],53,174,197,121,168
1,<environment.Job instance at 0x7fb657d8ad70>,54,20,[1 9],55,181,201,126,178
1,<environment.Job instance at 0x7fb657d8af50>,57,20,[ 5 12],58,201,221,143,192
1,<environment.Job instance at 0x7fb657d8a910>,63,26,[6 4],64,221,247,157,218
1,<environment.Job instance at 0x7fb657c1f410>,66,24,[10  1],67,247,271,180,242
1,<environment.Job instance at 0x7fb614094c30>,74,1,[6 1],75,246,247,171,246
1,<environment.Job instance at 0x7fb614094870>,76,26,[8 4],77,271,297,194,268
1,<environment.Job instance at 0x7fb614094460>,3,1,[4 8],4,4,5,0,4
1,<environment.Job instance at 0x7fb6140dceb0>,4,1,[5 4],5,8,9,3,8
1,<environment.Job instance at 0x7fb657cb57d0>,8,1,[3 8],9,9,10,0,9
1,<environment.Job instance at 0x7fb657cb5be0>,9,21,[ 5 10],10,10,31,0,10
1,<environment.Job instance at 0x7fb6147a5460>,13,21,[5 5],14,19,40,5,19
1,<environment.Job instance at 0x7fb6144e3be0>,23,27,[4 6],24,31,58,7,29
1,<environment.Job instance at 0x7fb6147854b0>,30,3,[ 1 14],31,59,62,28,59
1,<environment.Job instance at 0x7fb657c31910>,31,1,[10  3],32,62,63,30,59
1,<environment.Job instance at 0x7fb65eae1190>,34,1,[ 2 11],35,64,65,29,64
1,<environment.Job instance at 0x7fb614725320>,37,28,[8 2],38,69,97,31,69
1,<environment.Job instance at 0x7fb614725f50>,38,22,[5 8],39,69,91,30,69
1,<environment.Job instance at 0x7fb6146b0230>,41,28,[ 3 10],42,91,119,49,90
1,<environment.Job instance at 0x7fb6144c2d70>,48,1,[8 5],49,109,110,60,109
1,<environment.Job instance at 0x7fb6144c2a00>,47,18,[7 1],48,120,138,72,120
1,<environment.Job instance at 0x7fb6144c2dc0>,54,2,[ 3 10],55,130,132,75,130
1,<environment.Job instance at 0x7fb657d99820>,59,2,[6 5],60,142,144,82,142
1,<environment.Job instance at 0x7fb65ea04690>,60,1,[10  5],61,144,145,83,142
1,<environment.Job instance at 0x7fb657d99500>,62,1,[1 8],63,148,149,85,148
1,<environment.Job instance at 0x7fb657d99b40>,63,1,[3 7],64,148,149,84,148
1,<environment.Job instance at 0x7fb657db94b0>,66,21,[8 5],67,160,181,93,160
1,<environment.Job instance at 0x7fb657db9f50>,69,28,[3 6],70,175,203,105,175
1,<environment.Job instance at 0x7fb657db9cd0>,70,26,[6 1],71,181,207,110,178
1,<environment.Job instance at 0x7fb657db9c30>,71,2,[ 4 13],72,203,205,131,180
1,<environment.Job instance at 0x7fb657d732d0>,77,2,[6 4],78,190,192,112,190
1,<environment.Job instance at 0x7fb657d8cb40>,79,24,[9 1],80,205,229,125,200
1,<environment.Job instance at 0x7fb657d8c190>,82,1,[10  4],83,229,230,146,201
1,<environment.Job instance at 0x7fb65814e5a0>,83,25,[3 7],84,207,232,123,203
1,<environment.Job instance at 0x7fb65814e6e0>,85,1,[3 9],86,232,233,146,204
1,<environment.Job instance at 0x7fb657d88f50>,86,20,[12  4],87,230,250,143,221
1,<environment.Job instance at 0x7fb657df2230>,95,26,[7 2],96,250,276,154,247
1,<environment.Job instance at 0x7fb658135c80>,97,1,[6 3],98,254,255,156,254
1,<environment.Job instance at 0x7fb658135c80>,3,20,[1 7],4,4,24,0,4
1,<environment.Job instance at 0x7fb65f2d5730>,6,28,[2 6],7,7,35,0,7
1,<environment.Job instance at 0x7fb61430caf0>,9,26,[10  1],10,10,36,0,10
1,<environment.Job instance at 0x7fb657d8a050>,5,3,[ 4 13],6,35,38,29,35
1,<environment.Job instance at 0x7fb65829ea00>,26,2,[ 1 10],27,57,59,30,57
1,<environment.Job instance at 0x7fb61452b870>,28,26,[5 7],29,59,85,30,57
1,<environment.Job instance at 0x7fb6145357d0>,29,28,[ 4 10],30,85,113,55,84
1,<environment.Job instance at 0x7fb61452bcd0>,32,2,[ 4 11],33,113,115,80,110
1,<environment.Job instance at 0x7fb657cd7cd0>,35,23,[ 3 10],36,115,138,79,110
1,<environment.Job instance at 0x7fb613f93be0>,38,1,[ 1 10],39,138,139,99,112
1,<environment.Job instance at 0x7fb65f2dfaa0>,39,2,[1 5],40,115,117,75,112
1,<environment.Job instance at 0x7fb613f6d820>,43,1,[7 2],44,135,136,91,135
1,<environment.Job instance at 0x7fb613f6d320>,45,3,[3 9],46,144,147,98,144
1,<environment.Job instance at 0x7fb657cbca00>,46,1,[8 2],47,144,145,97,144
1,<environment.Job instance at 0x7fb614484b40>,47,18,[10  1],48,149,167,101,149
1,<environment.Job instance at 0x7fb657ea9f00>,50,23,[7 1],51,167,190,116,161
1,<environment.Job instance at 0x7fb657ea9d20>,54,1,[1 8],55,170,171,115,170
1,<environment.Job instance at 0x7fb658093870>,55,21,[5 2],56,170,191,114,170
1,<environment.Job instance at 0x7fb6143347d0>,60,1,[10  1],61,190,191,129,183
1,<environment.Job instance at 0x7fb613fd9d70>,64,3,[8 3],65,199,202,134,199
1,<environment.Job instance at 0x7fb613fd9550>,68,27,[1 8],69,219,246,150,219
1,<environment.Job instance at 0x7fb613fd9cd0>,69,3,[ 5 12],70,246,249,176,240
1,<environment.Job instance at 0x7fb613fd98c0>,70,2,[ 5 14],71,249,251,178,241
1,<environment.Job instance at 0x7fb613fd9e10>,74,2,[2 7],75,241,243,166,241
1,<environment.Job instance at 0x7fb613fd95a0>,77,1,[5 8],78,251,252,173,250
1,<environment.Job instance at 0x7fb65e743550>,78,18,[2 5],79,251,269,172,251
1,<environment.Job instance at 0x7fb65e743640>,80,3,[9 5],81,252,255,171,251
1,<environment.Job instance at 0x7fb65e743960>,82,2,[13  4],83,267,269,184,267
1,<environment.Job instance at 0x7fb61401c4b0>,85,2,[7 3],86,287,289,201,287
1,<environment.Job instance at 0x7fb6583a0d70>,88,3,[ 3 14],89,294,297,205,294
1,<environment.Job instance at 0x7fb6583a0af0>,90,3,[13  3],91,297,300,206,295
1,<environment.Job instance at 0x7fb65eb64640>,92,21,[2 7],93,299,320,206,299
1,<environment.Job instance at 0x7fb65eb64e10>,95,2,[13  4],96,336,338,240,336
1,<environment.Job instance at 0x7fb65eb64cd0>,96,24,[7 1],97,338,362,241,336
1,<environment.Job instance at 0x7fb65ebfed20>,101,1,[7 1],102,361,362,259,361
1,<environment.Job instance at 0x7fb6580a9690>,110,22,[6 5],111,394,416,283,394
1,<environment.Job instance at 0x7fb6580a9910>,111,3,[ 5 11],112,416,419,304,395
1,<environment.Job instance at 0x7fb614385f00>,115,3,[3 8],116,410,413,294,410
1,<environment.Job instance at 0x7fb614385690>,116,1,[5 8],117,413,414,296,410
1,<environment.Job instance at 0x7fb614569280>,118,20,[5 5],119,419,439,300,411
1,<environment.Job instance at 0x7fb6145693c0>,121,3,[5 1],122,430,433,308,430
1,<environment.Job instance at 0x7fb614569370>,123,19,[2 6],124,437,456,313,437
1,<environment.Job instance at 0x7fb614569870>,127,1,[1 8],128,440,441,312,440
1,<environment.Job instance at 0x7fb614569b40>,129,1,[ 2 10],130,457,458,327,457
1,<environment.Job instance at 0x7fb614569f50>,131,2,[10  2],132,460,462,328,460
1,<environment.Job instance at 0x7fb614569e60>,136,2,[8 2],137,490,492,353,490
1,<environment.Job instance at 0x7fb614569960>,137,2,[4 7],138,490,492,352,490
1,<environment.Job instance at 0x7fb657c31b40>,138,2,[4 9],139,492,494,353,490
1,<environment.Job instance at 0x7fb657c31870>,142,2,[5 2],143,503,505,360,503
1,<environment.Job instance at 0x7fb657c314b0>,149,21,[2 7],150,566,587,416,566
1,<environment.Job instance at 0x7fb657c31550>,150,1,[4 5],151,566,567,415,566
1,<environment.Job instance at 0x7fb657c31460>,154,3,[9 1],155,597,600,442,597
1,<environment.Job instance at 0x7fb658035460>,155,2,[10  1],156,600,602,444,597
1,<environment.Job instance at 0x7fb6580350a0>,156,1,[ 3 10],157,597,598,440,597
1,<environment.Job instance at 0x7fb658035c80>,157,3,[5 1],158,598,601,440,597
1,<environment.Job instance at 0x7fb658035d20>,158,24,[7 5],159,602,626,443,597
1,<environment.Job instance at 0x7fb658035cd0>,161,21,[5 3],162,609,630,447,609
1,<environment.Job instance at 0x7fb658035fa0>,168,3,[9 1],169,628,631,459,628
1,<environment.Job instance at 0x7fb65ea54af0>,7,25,[4 6],8,8,33,0,8
1,<environment.Job instance at 0x7fb61458a780>,10,1,[5 1],11,11,12,0,11
1,<environment.Job instance at 0x7fb61458a640>,11,23,[10  1],12,12,35,0,12
1,<environment.Job instance at 0x7fb61458a550>,13,26,[10  2],14,35,61,21,32
1,<environment.Job instance at 0x7fb61458a820>,21,24,[4 8],22,42,66,20,42
1,<environment.Job instance at 0x7fb61458a3c0>,14,3,[ 3 12],15,66,69,51,61
1,<environment.Job instance at 0x7fb61458aeb0>,23,2,[12  5],24,69,71,45,61
1,<environment.Job instance at 0x7fb65e7197d0>,29,1,[3 7],30,71,72,41,71
1,<environment.Job instance at 0x7fb65e7193c0>,30,2,[1 7],31,71,73,40,71
1,<environment.Job instance at 0x7fb65e719a50>,32,22,[10  1],33,72,94,39,72
1,<environment.Job instance at 0x7fb65e719f50>,34,23,[ 5 10],35,73,96,38,72
1,<environment.Job instance at 0x7fb65eacfa50>,39,23,[1 5],40,94,117,54,90
1,<environment.Job instance at 0x7fb65eacf910>,42,1,[8 3],43,107,108,64,107
1,<environment.Job instance at 0x7fb65eacfc80>,43,25,[10  1],44,108,133,64,107
1,<environment.Job instance at 0x7fb65eacfc30>,45,28,[1 7],46,120,148,74,120
1,<environment.Job instance at 0x7fb614785460>,50,3,[4 8],51,178,181,127,178
1,<environment.Job instance at 0x7fb614785960>,59,2,[5 2],60,262,264,202,262
1,<environment.Job instance at 0x7fb614785640>,60,2,[3 5],61,262,264,201,262
1,<environment.Job instance at 0x7fb614785fa0>,61,1,[3 6],62,262,263,200,262
1,<environment.Job instance at 0x7fb65ea548c0>,1,1,[5 3],2,3,4,1,3
1,<environment.Job instance at 0x7fb65e81f1e0>,9,3,[4 8],10,11,14,1,11
1,<environment.Job instance at 0x7fb65ea545a0>,0,3,[ 3 14],1,14,17,13,12
1,<environment.Job instance at 0x7fb65e81fd20>,14,2,[7 5],15,17,19,2,15
1,<environment.Job instance at 0x7fb65e8410f0>,18,3,[2 7],19,21,24,2,21
1,<environment.Job instance at 0x7fb65e8413c0>,21,2,[3 5],22,30,32,8,30
1,<environment.Job instance at 0x7fb65e841b90>,22,3,[2 8],23,30,33,7,30
1,<environment.Job instance at 0x7fb65e841690>,20,18,[5 8],21,33,51,12,30
1,<environment.Job instance at 0x7fb65e841410>,25,1,[5 5],26,32,33,6,30
1,<environment.Job instance at 0x7fb65e841370>,27,25,[1 7],28,43,68,15,43
1,<environment.Job instance at 0x7fb65e8412d0>,28,19,[5 8],29,51,70,22,43
1,<environment.Job instance at 0x7fb65e848280>,31,2,[ 5 11],32,70,72,38,60
1,<environment.Job instance at 0x7fb65e8485f0>,35,3,[ 3 11],36,72,75,36,61
1,<environment.Job instance at 0x7fb65e848d70>,36,1,[ 4 10],37,75,76,38,61
1,<environment.Job instance at 0x7fb65e8480a0>,38,3,[5 3],39,76,79,37,76
1,<environment.Job instance at 0x7fb65e848e60>,39,2,[5 9],40,76,78,36,76
1,<environment.Job instance at 0x7fb65e848320>,42,20,[ 1 10],43,91,111,48,91
1,<environment.Job instance at 0x7fb65e849e60>,47,2,[14  5],48,99,101,51,99
1,<environment.Job instance at 0x7fb65e849d20>,46,19,[4 8],47,111,130,64,101
1,<environment.Job instance at 0x7fb65e849550>,50,2,[5 8],51,130,132,79,106
1,<environment.Job instance at 0x7fb65e849410>,51,2,[9 2],52,106,108,54,106
1,<environment.Job instance at 0x7fb65e849af0>,54,2,[8 5],55,117,119,62,117
1,<environment.Job instance at 0x7fb614481690>,55,1,[ 5 13],56,132,133,76,117
1,<environment.Job instance at 0x7fb6144815f0>,56,27,[6 1],57,119,146,62,117
1,<environment.Job instance at 0x7fb614481550>,62,1,[5 3],63,133,134,70,132
1,<environment.Job instance at 0x7fb65e8209b0>,64,23,[5 9],65,134,157,69,133
1,<environment.Job instance at 0x7fb65e8207d0>,67,23,[6 2],68,146,169,78,144
1,<environment.Job instance at 0x7fb65e8200f0>,70,26,[6 1],71,157,183,86,154
1,<environment.Job instance at 0x7fb65e84bc80>,78,2,[7 5],79,186,188,107,186
1,<environment.Job instance at 0x7fb65e848870>,34,18,[10  3],35,192,210,157,192
1,<environment.Job instance at 0x7fb65e84bd70>,83,19,[8 3],84,210,229,126,206
1,<environment.Job instance at 0x7fecf3888370>,1,22,[11  3],2,2,24,0,2
1,<environment.Job instance at 0x7fecf38cb9b0>,2,22,[4 8],3,3,25,0,3
1,<environment.Job instance at 0x7fecec479aa0>,12,26,[ 1 10],13,25,51,12,22
1,<environment.Job instance at 0x7fecec479be0>,20,1,[7 5],21,38,39,17,38
1,<environment.Job instance at 0x7fecec479a50>,21,1,[6 5],22,39,40,17,38
1,<environment.Job instance at 0x7fecec47c410>,23,27,[1 6],24,51,78,27,49
1,<environment.Job instance at 0x7fecec47c6e0>,28,23,[10  4],29,61,84,32,61
1,<environment.Job instance at 0x7fecec47cd70>,34,24,[1 8],35,78,102,43,75
1,<environment.Job instance at 0x7fecec47cf50>,37,2,[2 6],38,84,86,46,79
1,<environment.Job instance at 0x7fecec47f280>,38,2,[ 1 10],39,102,104,63,80
1,<environment.Job instance at 0x7fecec47f140>,39,2,[5 6],40,86,88,46,81
1,<environment.Job instance at 0x7fecec47f3c0>,41,1,[5 2],42,90,91,48,90
1,<environment.Job instance at 0x7fecec47f5a0>,44,3,[5 5],45,98,101,53,98
1,<environment.Job instance at 0x7fecec47f780>,47,2,[6 5],48,116,118,68,116
1,<environment.Job instance at 0x7fecec47fd20>,52,1,[8 5],53,133,134,80,133
1,<environment.Job instance at 0x7fecec4824b0>,0,1,[5 8],1,2,3,1,2
1,<environment.Job instance at 0x7fecec4963c0>,8,21,[9 4],9,9,30,0,9
1,<environment.Job instance at 0x7fecec49c7d0>,26,3,[2 8],27,49,52,22,49
1,<environment.Job instance at 0x7fecec49caf0>,27,1,[2 8],28,52,53,24,49
1,<environment.Job instance at 0x7fecec49c230>,28,2,[13  1],29,49,51,20,49
1,<environment.Job instance at 0x7fecec49cdc0>,29,2,[10  4],30,51,53,21,49
1,<environment.Job instance at 0x7fecec49c820>,30,3,[5 6],31,53,56,22,49
1,<environment.Job instance at 0x7fecec49ce60>,31,3,[13  5],32,56,59,24,52
1,<environment.Job instance at 0x7fecec41d550>,32,2,[ 1 12],33,59,61,26,52
1,<environment.Job instance at 0x7fecec41da50>,33,2,[5 6],34,53,55,19,52
1,<environment.Job instance at 0x7fecec41d1e0>,37,3,[1 5],38,62,65,24,62
1,<environment.Job instance at 0x7fecec41d280>,38,1,[10  5],39,62,63,23,62
1,<environment.Job instance at 0x7fecec41f8c0>,39,1,[ 2 10],40,63,64,23,62
1,<environment.Job instance at 0x7fecec41f9b0>,42,1,[ 4 13],43,80,81,37,80
1,<environment.Job instance at 0x7fecec41f320>,45,1,[3 8],46,97,98,51,97
1,<environment.Job instance at 0x7feca887d0f0>,51,1,[8 3],52,126,127,74,126
1,<environment.Job instance at 0x7feca887d370>,52,20,[1 7],53,126,146,73,126
1,<environment.Job instance at 0x7feca887d2d0>,53,1,[ 4 10],54,146,147,92,126
1,<environment.Job instance at 0x7feca887d230>,55,1,[10  1],56,129,130,73,129
1,<environment.Job instance at 0x7feca887d050>,56,19,[2 7],57,147,166,90,137
1,<environment.Job instance at 0x7feca88749b0>,59,2,[5 8],60,137,139,77,137
1,<environment.Job instance at 0x7feca8874c30>,60,24,[ 1 10],61,166,190,105,161
1,<environment.Job instance at 0x7feca87fe140>,63,24,[7 4],64,162,186,98,162
1,<environment.Job instance at 0x7feca87fe500>,67,2,[4 5],68,189,191,121,189
1,<environment.Job instance at 0x7feca87fe1e0>,65,3,[12  3],66,191,194,125,190
1,<environment.Job instance at 0x7feca87fec30>,69,3,[5 1],70,194,197,124,190
1,<environment.Job instance at 0x7feca87fed20>,70,3,[7 3],71,194,197,123,190
1,<environment.Job instance at 0x7feca87fe780>,71,27,[4 7],72,197,224,125,195
1,<environment.Job instance at 0x7feca87fe280>,72,26,[8 4],73,197,223,124,195
1,<environment.Job instance at 0x7feca88005f0>,80,25,[ 3 10],81,224,249,143,220
1,<environment.Job instance at 0x7feca8876820>,89,3,[4 7],90,249,252,159,244
1,<environment.Job instance at 0x7feca8876460>,92,1,[5 5],93,252,253,159,252
1,<environment.Job instance at 0x7feca8876be0>,93,23,[10  1],94,252,275,158,252
1,<environment.Job instance at 0x7feca87ffeb0>,96,28,[6 5],97,275,303,178,274
1,<environment.Job instance at 0x7feca8876050>,94,2,[8 5],95,275,277,180,274
1,<environment.Job instance at 0x7feca87ff230>,99,2,[10  2],100,303,305,203,276
1,<environment.Job instance at 0x7feca87ffaf0>,100,2,[ 5 10],101,277,279,176,276
1,<environment.Job instance at 0x7fecec494550>,0,27,[ 5 10],1,1,28,0,1
1,<environment.Job instance at 0x7feca8744be0>,6,25,[ 5 10],7,28,53,21,24
1,<environment.Job instance at 0x7fecec2635a0>,31,3,[9 4],32,57,60,25,57
1,<environment.Job instance at 0x7fecf39f07d0>,32,1,[7 4],33,60,61,27,57
1,<environment.Job instance at 0x7fecec9428c0>,33,2,[9 2],34,61,63,27,57
1,<environment.Job instance at 0x7fecf3a01730>,35,2,[ 4 11],36,68,70,32,68
1,<environment.Job instance at 0x7fecf3a015a0>,38,1,[2 6],39,85,86,46,85
1,<environment.Job instance at 0x7fecec316a50>,40,2,[10  2],41,85,87,44,85
1,<environment.Job instance at 0x7fecec3182d0>,42,19,[8 2],43,87,106,44,85
1,<environment.Job instance at 0x7fecec316e10>,43,2,[ 2 14],44,106,108,62,86
1,<environment.Job instance at 0x7feca873cd70>,45,3,[2 5],46,100,103,54,100
1,<environment.Job instance at 0x7feca873c460>,46,2,[11  3],47,108,110,61,100
1,<environment.Job instance at 0x7feca873c410>,47,2,[12  2],48,110,112,62,100
1,<environment.Job instance at 0x7feca873c870>,51,3,[7 3],52,118,121,66,118
1,<environment.Job instance at 0x7feca873c190>,52,2,[12  5],53,121,123,68,118
1,<environment.Job instance at 0x7feca873cc80>,53,1,[1 7],54,118,119,64,118
1,<environment.Job instance at 0x7feca873cdc0>,54,1,[14  4],55,123,124,68,118
1,<environment.Job instance at 0x7fecec66f5a0>,56,3,[8 1],57,125,128,68,125
1,<environment.Job instance at 0x7fecec287280>,57,2,[6 4],58,125,127,67,125
1,<environment.Job instance at 0x7feca86df500>,61,12,[5 5],62,146,158,84,146
1,<environment.Job instance at 0x7feca86c2e10>,64,2,[2 5],65,159,161,94,159
1,<environment.Job instance at 0x7feca874a410>,66,1,[3 8],67,165,166,98,165
1,<environment.Job instance at 0x7feca874a500>,67,3,[10  2],68,165,168,97,165
1,<environment.Job instance at 0x7feca874afa0>,68,1,[2 8],69,166,167,97,165
1,<environment.Job instance at 0x7feca874a0a0>,69,1,[ 3 10],70,167,168,97,165
1,<environment.Job instance at 0x7feca874a140>,71,13,[4 5],72,175,188,103,175
1,<environment.Job instance at 0x7fecec23d320>,72,1,[ 5 10],73,175,176,102,175
1,<environment.Job instance at 0x7fecec23deb0>,73,1,[ 5 12],74,188,189,114,175
1,<environment.Job instance at 0x7feca8d41410>,74,21,[7 2],75,176,197,101,175
1,<environment.Job instance at 0x7fecec23daa0>,77,2,[10  4],78,197,199,119,180
1,<environment.Job instance at 0x7fecec1de870>,81,14,[1 5],82,197,211,115,197
1,<environment.Job instance at 0x7feca86f9d70>,84,3,[14  4],85,212,215,127,212
1,<environment.Job instance at 0x7fecec92cd20>,85,2,[5 5],86,215,217,129,212
1,<environment.Job instance at 0x7fecec5f6e10>,86,2,[13  4],87,217,219,130,214
1,<environment.Job instance at 0x7fecec31cd70>,87,3,[3 5],88,219,222,131,214
1,<environment.Job instance at 0x7fecec3138c0>,89,27,[1 5],90,226,253,136,226
1,<environment.Job instance at 0x7fecec313d70>,90,1,[5 1],91,226,227,135,226
1,<environment.Job instance at 0x7fecec313870>,91,3,[9 3],92,226,229,134,226
1,<environment.Job instance at 0x7fecec313be0>,92,3,[ 4 10],93,229,232,136,226
1,<environment.Job instance at 0x7fecf39fb5a0>,94,3,[6 1],95,232,235,137,227
1,<environment.Job instance at 0x7fecf39fb140>,97,19,[14  4],98,266,285,168,266
1,<environment.Job instance at 0x7feca8ad5be0>,4,1,[5 7],5,5,6,0,5
1,<environment.Job instance at 0x7fecec240050>,9,27,[ 5 10],10,12,39,2,12
1,<environment.Job instance at 0x7feca8ad7690>,11,22,[ 1 10],12,39,61,27,32
1,<environment.Job instance at 0x7feca8b37910>,18,20,[6 2],19,35,55,16,35
1,<environment.Job instance at 0x7feca8aafdc0>,0,2,[ 5 11],1,61,63,60,45
1,<environment.Job instance at 0x7fecec1e0550>,33,2,[10  5],34,78,80,44,78
1,<environment.Job instance at 0x7fecec82ea50>,36,3,[8 1],37,91,94,54,91
1,<environment.Job instance at 0x7fecf2dc9550>,38,21,[5 8],39,92,113,53,92
1,<environment.Job instance at 0x7fecec707140>,41,28,[2 8],42,113,141,71,112
1,<environment.Job instance at 0x7fecec512e10>,43,27,[9 3],44,122,149,78,122
1,<environment.Job instance at 0x7fecec4e2320>,46,28,[1 7],47,141,169,94,140
1,<environment.Job instance at 0x7fecec5491e0>,48,1,[5 7],49,149,150,100,140
1,<environment.Job instance at 0x7fecec6089b0>,49,2,[ 4 11],50,169,171,119,142
1,<environment.Job instance at 0x7fecec608be0>,51,1,[10  2],52,150,151,98,142
1,<environment.Job instance at 0x7fecec6085a0>,54,3,[11  1],55,151,154,96,149
1,<environment.Job instance at 0x7fecec52fb90>,55,1,[8 2],56,154,155,98,149
1,<environment.Job instance at 0x7fecec4637d0>,56,28,[9 2],57,155,183,98,154
1,<environment.Job instance at 0x7feca8c2ec80>,67,3,[ 1 12],68,171,174,103,167
1,<environment.Job instance at 0x7feca8c2e730>,71,1,[10  4],72,183,184,111,172
1,<environment.Job instance at 0x7feca8c2e3c0>,76,23,[7 4],77,195,218,118,195
1,<environment.Job instance at 0x7feca8c2e7d0>,77,1,[9 4],78,218,219,140,195
1,<environment.Job instance at 0x7fecec461460>,81,3,[5 5],82,217,220,135,217
1,<environment.Job instance at 0x7fecf2ce8230>,83,20,[5 4],84,219,239,135,217
1,<environment.Job instance at 0x7fecf2ce8f50>,84,2,[10  3],85,220,222,135,217
1,<environment.Job instance at 0x7fecec472e60>,86,2,[3 9],87,222,224,135,217
1,<environment.Job instance at 0x7fecec472820>,87,2,[7 2],88,222,224,134,217
1,<environment.Job instance at 0x7fecec4d7fa0>,89,1,[ 2 10],90,224,225,134,217
1,<environment.Job instance at 0x7fecec461730>,0,28,[5 6],1,1,29,0,1
1,<environment.Job instance at 0x7feca8a5f370>,5,23,[5 3],6,6,29,0,6
1,<environment.Job instance at 0x7feca8ad7500>,3,28,[ 1 11],4,29,57,25,28
1,<environment.Job instance at 0x7fecec91df50>,8,1,[6 1],9,29,30,20,28
1,<environment.Job instance at 0x7feca8c2daf0>,24,1,[1 6],25,83,84,58,83
1,<environment.Job instance at 0x7feca8c2dc80>,29,1,[7 3],30,132,133,102,132
1,<environment.Job instance at 0x7fecf2c65320>,31,1,[9 5],32,135,136,103,135
1,<environment.Job instance at 0x7fecf2c65050>,34,2,[4 6],35,139,141,104,139
1,<environment.Job instance at 0x7fecf2c65190>,36,1,[5 7],37,139,140,102,139
1,<environment.Job instance at 0x7fecf2c65c30>,37,2,[ 4 14],38,164,166,126,164
1,<environment.Job instance at 0x7fecf2c65fa0>,40,1,[5 4],41,169,170,128,169
1,<environment.Job instance at 0x7fecf2c65e60>,44,2,[ 1 12],45,187,189,142,187
1,<environment.Job instance at 0x7fecf2c65f50>,47,2,[6 4],48,192,194,144,192
1,<environment.Job instance at 0x7feca8db2cd0>,50,25,[2 8],51,197,222,146,197
1,<environment.Job instance at 0x7feca8db2d70>,54,3,[ 3 14],55,227,230,172,227
1,<environment.Job instance at 0x7fecf3204be0>,59,2,[13  5],60,246,248,186,246
1,<environment.Job instance at 0x7fecf3208780>,60,1,[4 8],61,248,249,187,246
1,<environment.Job instance at 0x7fecf31ebd20>,63,2,[2 5],64,251,253,187,251
1,<environment.Job instance at 0x7feca8a495f0>,68,1,[ 3 12],69,282,283,213,282
1,<environment.Job instance at 0x7fecf321c1e0>,74,20,[9 5],75,308,328,233,308
1,<environment.Job instance at 0x7fecf3217f00>,81,1,[10  4],82,338,339,256,338
1,<environment.Job instance at 0x7fecf3217780>,82,3,[3 8],83,338,341,255,338
1,<environment.Job instance at 0x7fecf3217d20>,4,22,[9 5],5,5,27,0,5
1,<environment.Job instance at 0x7feca8ab91e0>,12,3,[10  5],13,27,30,14,25
1,<environment.Job instance at 0x7fecec4e2140>,5,3,[ 1 14],6,38,41,32,38
1,<environment.Job instance at 0x7feca8ab9690>,17,2,[3 7],18,45,47,27,45
1,<environment.Job instance at 0x7feca8c15af0>,19,21,[1 7],20,45,66,25,45
1,<environment.Job instance at 0x7feca8bcd640>,21,2,[5 5],22,62,64,40,62
1,<environment.Job instance at 0x7feca8bcdd20>,23,2,[8 4],24,64,66,40,62
1,<environment.Job instance at 0x7feca8bcdf50>,24,1,[10  4],25,66,67,41,62
1,<environment.Job instance at 0x7feca8bcd370>,30,2,[8 1],31,90,92,59,90
1,<environment.Job instance at 0x7feca8bcde10>,31,1,[9 4],32,92,93,60,90
1,<environment.Job instance at 0x7fecec6e60f0>,33,2,[1 7],34,102,104,68,102
1,<environment.Job instance at 0x7fecec6e62d0>,34,2,[1 6],35,102,104,67,102
1,<environment.Job instance at 0x7fecec6e6460>,36,3,[9 2],37,107,110,70,107
1,<environment.Job instance at 0x7fecec6e6050>,38,1,[8 2],39,114,115,75,114
1,<environment.Job instance at 0x7fecf2cfcd20>,39,3,[2 6],40,114,117,74,114
1,<environment.Job instance at 0x7fecf2cfcc30>,41,1,[9 4],42,115,116,73,115
1,<environment.Job instance at 0x7fecf2cfc230>,42,2,[2 7],43,116,118,73,115
1,<environment.Job instance at 0x7fecf2cfc050>,45,2,[3 7],46,132,134,86,132
1,<environment.Job instance at 0x7fecf307c820>,46,1,[11  2],47,132,133,85,132
1,<environment.Job instance at 0x7fecf307c9b0>,50,1,[4 5],51,158,159,107,158
1,<environment.Job instance at 0x7fecf307ca50>,52,1,[6 3],53,164,165,111,164
1,<environment.Job instance at 0x7fecf307c910>,53,3,[1 6],54,164,167,110,164
1,<environment.Job instance at 0x7fecf307c370>,54,1,[5 4],55,164,165,109,164
1,<environment.Job instance at 0x7fecf307cb90>,56,3,[6 2],57,189,192,132,189
1,<environment.Job instance at 0x7fecf307c320>,57,1,[6 3],58,189,190,131,189
1,<environment.Job instance at 0x7fecf307c6e0>,58,19,[7 1],59,190,209,131,189
1,<environment.Job instance at 0x7fecf307c140>,59,2,[5 4],60,192,194,132,189
1,<environment.Job instance at 0x7fecec908c80>,61,1,[2 7],62,190,191,128,190
1,<environment.Job instance at 0x7fecec908960>,62,2,[4 5],63,194,196,131,190
1,<environment.Job instance at 0x7fecec908e60>,65,2,[10  5],66,209,211,143,192
1,<environment.Job instance at 0x7fecec908cd0>,66,1,[2 5],67,192,193,125,192
1,<environment.Job instance at 0x7fecf3145dc0>,4,22,[5 8],5,5,27,0,5
1,<environment.Job instance at 0x7fecec1dd230>,20,2,[ 4 14],21,27,29,6,24
1,<environment.Job instance at 0x7fecf31d1730>,22,2,[1 5],23,24,26,1,24
1,<environment.Job instance at 0x7fecf324d7d0>,7,18,[9 4],8,36,54,28,36
1,<environment.Job instance at 0x7fecf32db870>,25,3,[10  2],26,54,57,28,36
1,<environment.Job instance at 0x7feca884caf0>,27,2,[9 1],28,57,59,29,38
1,<environment.Job instance at 0x7fecec7de5a0>,28,2,[ 2 10],29,38,40,9,38
1,<environment.Job instance at 0x7feca884c910>,29,18,[2 9],30,42,60,12,42
1,<environment.Job instance at 0x7fecf2e625f0>,32,1,[3 9],33,60,61,27,57
1,<environment.Job instance at 0x7fecf3888410>,35,1,[5 6],36,63,64,27,63
1,<environment.Job instance at 0x7fecf2d54e60>,38,3,[6 3],39,71,74,32,71
1,<environment.Job instance at 0x7fecf2d54690>,39,2,[10  3],40,74,76,34,71
1,<environment.Job instance at 0x7feca88466e0>,40,1,[4 8],41,71,72,30,71
1,<environment.Job instance at 0x7feca88469b0>,42,3,[5 8],43,78,81,35,78
1,<environment.Job instance at 0x7fecec32a050>,44,15,[10  2],45,84,99,39,84
1,<environment.Job instance at 0x7fecec856aa0>,45,20,[10  3],46,99,119,53,90
1,<environment.Job instance at 0x7fecf2cfcb40>,48,1,[9 5],49,119,120,70,92
1,<environment.Job instance at 0x7fecf2cfc320>,49,1,[7 3],50,120,121,70,92
1,<environment.Job instance at 0x7feca8a61af0>,51,1,[3 8],52,92,93,40,92
1,<environment.Job instance at 0x7fecec40ea50>,56,2,[ 5 12],57,120,122,63,119
1,<environment.Job instance at 0x7fecec7b4a00>,57,23,[6 1],58,121,144,63,119
1,<environment.Job instance at 0x7fecec7b4e60>,58,3,[9 2],59,122,125,63,119
1,<environment.Job instance at 0x7fecec7b4500>,59,2,[4 5],60,125,127,65,119
1,<environment.Job instance at 0x7fecec7b41e0>,60,1,[10  3],61,144,145,83,119
1,<environment.Job instance at 0x7fecec7b4b90>,62,17,[5 1],63,125,142,62,123
1,<environment.Job instance at 0x7fecec3f6be0>,70,25,[9 4],71,157,182,86,157
1,<environment.Job instance at 0x7fecec339230>,73,3,[3 9],74,174,177,100,174
1,<environment.Job instance at 0x7fecec339c30>,74,28,[ 5 10],75,177,205,102,176
1,<environment.Job instance at 0x7fecec4103c0>,77,27,[2 9],78,205,232,127,203
1,<environment.Job instance at 0x7fecec410230>,78,26,[4 9],79,232,258,153,229
1,<environment.Job instance at 0x7fecec410d70>,79,1,[10  5],80,229,230,149,229
1,<environment.Job instance at 0x7fecec8615a0>,85,3,[10  3],86,232,235,146,232
1,<environment.Job instance at 0x7fecec3afa50>,88,19,[2 7],89,258,277,169,248
1,<environment.Job instance at 0x7fecec540be0>,92,22,[5 4],93,248,270,155,248
1,<environment.Job instance at 0x7fecf2ddec30>,97,3,[3 7],98,270,273,172,261
1,<environment.Job instance at 0x7fecec3c03c0>,104,2,[9 5],105,288,290,183,288
1,<environment.Job instance at 0x7fecec3c0be0>,107,26,[10  5],108,300,326,192,300
1,<environment.Job instance at 0x7fecec3c0550>,112,3,[1 7],113,324,327,211,324
1,<environment.Job instance at 0x7fecec3c04b0>,114,19,[2 5],115,329,348,214,329
1,<environment.Job instance at 0x7fecec3c0500>,117,1,[3 8],118,342,343,224,342
1,<environment.Job instance at 0x7fecec3c02d0>,119,3,[6 1],120,349,352,229,349
1,<environment.Job instance at 0x7feca8bc5b90>,120,2,[2 6],121,349,351,228,349
1,<environment.Job instance at 0x7fecec3c0a00>,121,2,[7 1],122,349,351,227,349
1,<environment.Job instance at 0x7feca8bc51e0>,122,3,[6 1],123,351,354,228,349
1,<environment.Job instance at 0x7feca8bc5d20>,123,23,[1 7],124,351,374,227,349
1,<environment.Job instance at 0x7feca8bc59b0>,124,22,[1 8],125,354,376,229,349
1,<environment.Job instance at 0x7fecf33625a0>,1,2,[4 9],2,2,4,0,2
1,<environment.Job instance at 0x7fecec37cfa0>,8,1,[8 3],9,9,10,0,9
1,<environment.Job instance at 0x7fecec916a00>,11,2,[5 4],12,12,14,0,12
1,<environment.Job instance at 0x7feca8c520a0>,13,3,[ 2 10],14,14,17,0,14
1,<environment.Job instance at 0x7fecec7defa0>,16,2,[ 2 10],17,20,22,3,20
1,<environment.Job instance at 0x7fecec59bb90>,19,3,[10  4],20,34,37,14,34
1,<environment.Job instance at 0x7fecf2e097d0>,21,3,[13  1],22,48,51,26,48
1,<environment.Job instance at 0x7fecec833f50>,22,3,[3 7],23,51,54,28,48
1,<environment.Job instance at 0x7fecec59b370>,23,3,[5 4],24,51,54,27,48
1,<environment.Job instance at 0x7feca8d44280>,27,1,[ 5 10],28,59,60,31,59
1,<environment.Job instance at 0x7feca8a000a0>,29,2,[1 9],30,60,62,30,59
1,<environment.Job instance at 0x7feca89aa320>,31,2,[10  4],32,65,67,33,65
1,<environment.Job instance at 0x7fecec793e10>,35,1,[ 3 12],36,81,82,45,81
1,<environment.Job instance at 0x7fecec7936e0>,36,3,[10  3],37,81,84,44,81
1,<environment.Job instance at 0x7feca8a62be0>,38,3,[ 5 12],39,99,102,60,99
1,<environment.Job instance at 0x7feca8a62820>,40,2,[5 4],41,102,104,61,100
1,<environment.Job instance at 0x7feca8a62640>,45,22,[5 2],46,111,133,65,111
1,<environment.Job instance at 0x7fecf2de3dc0>,46,1,[11  1],47,133,134,86,111
1,<environment.Job instance at 0x7fecf2de30f0>,47,2,[2 6],48,111,113,63,111
1,<environment.Job instance at 0x7fecf2de3280>,49,3,[7 2],50,123,126,73,123
1,<environment.Job instance at 0x7feca8b70730>,51,28,[7 5],52,134,162,82,133
1,<environment.Job instance at 0x7feca8b707d0>,53,2,[14  5],54,162,164,108,136
1,<environment.Job instance at 0x7feca8b70820>,54,26,[7 1],55,136,162,81,136
1,<environment.Job instance at 0x7feca8b70f50>,63,3,[6 1],64,166,169,102,166
1,<environment.Job instance at 0x7feca8b70fa0>,64,3,[1 6],65,166,169,101,166
1,<environment.Job instance at 0x7feca8b70dc0>,66,1,[7 1],67,172,173,105,172
1,<environment.Job instance at 0x7fecf32963c0>,70,24,[10  5],71,188,212,117,188
1,<environment.Job instance at 0x7fecf3296460>,71,3,[ 4 12],72,212,215,140,210
1,<environment.Job instance at 0x7fecf37b19b0>,4,1,[2 5],5,6,7,1,6
1,<environment.Job instance at 0x7fecf31015f0>,2,1,[ 3 10],3,8,9,5,8
1,<environment.Job instance at 0x7feca8bc5910>,5,3,[10  1],6,9,12,3,9
1,<environment.Job instance at 0x7fecec7b4730>,9,2,[1 8],10,10,12,0,10
1,<environment.Job instance at 0x7fecf2d9a410>,13,3,[6 1],14,14,17,0,14
1,<environment.Job instance at 0x7fecf2d9a0a0>,14,26,[10  2],15,17,43,2,15
1,<environment.Job instance at 0x7fecf2d9a6e0>,20,1,[7 1],21,43,44,22,35
1,<environment.Job instance at 0x7fecf2d8efa0>,22,20,[5 2],23,35,55,12,35
1,<environment.Job instance at 0x7fecf2de0d70>,26,1,[5 5],27,44,45,17,37
1,<environment.Job instance at 0x7fecf3288c30>,1,3,[ 3 11],2,45,48,43,40
1,<environment.Job instance at 0x7feca89c6230>,29,1,[5 1],30,44,45,14,40
1,<environment.Job instance at 0x7feca89c6e10>,28,3,[2 5],29,48,51,19,41
1,<environment.Job instance at 0x7feca871a5f0>,30,2,[10  1],31,51,53,20,41
1,<environment.Job instance at 0x7fecf2cfcb40>,36,20,[4 9],37,56,76,19,56
1,<environment.Job instance at 0x7fecec8b9050>,41,2,[ 2 13],42,76,78,34,56
1,<environment.Job instance at 0x7fecec32aeb0>,42,1,[5 5],43,56,57,13,56
1,<environment.Job instance at 0x7fecf344a0a0>,43,21,[5 7],44,78,99,34,70
1,<environment.Job instance at 0x7feca8d65e60>,46,2,[8 3],47,72,74,25,72
1,<environment.Job instance at 0x7feca8d26e60>,48,2,[12  1],49,99,101,50,95
1,<environment.Job instance at 0x7feca8d261e0>,49,27,[ 5 11],50,101,128,51,99
1,<environment.Job instance at 0x7feca8e30d20>,53,25,[9 3],54,105,130,51,105
1,<environment.Job instance at 0x7fecec4873c0>,56,19,[9 4],57,130,149,73,120
1,<environment.Job instance at 0x7feca8e30fa0>,52,19,[4 7],53,128,147,75,127
1,<environment.Job instance at 0x7feca8b775f0>,60,26,[9 4],61,149,175,88,146
1,<environment.Job instance at 0x7feca8c44870>,68,24,[8 3],69,175,199,106,170
1,<environment.Job instance at 0x7fecec8a7230>,79,19,[2 9],80,206,225,126,206
1,<environment.Job instance at 0x7fecec8a7320>,80,22,[1 9],81,225,247,144,218
1,<environment.Job instance at 0x7fecec8a76e0>,88,2,[ 4 12],89,247,249,158,239
1,<environment.Job instance at 0x7fecec2df690>,93,26,[2 9],94,249,275,155,246
1,<environment.Job instance at 0x7fecec43d190>,4,26,[7 4],5,5,31,0,5
1,<environment.Job instance at 0x7fecec43d820>,5,1,[12  3],6,31,32,25,18
1,<environment.Job instance at 0x7fecec24e820>,16,2,[3 5],17,19,21,2,19
1,<environment.Job instance at 0x7fecec8b90f0>,23,1,[7 3],24,35,36,11,35
1,<environment.Job instance at 0x7fecec8b9b90>,24,3,[3 7],25,35,38,10,35
1,<environment.Job instance at 0x7fecec8b9aa0>,26,1,[3 9],27,38,39,11,35
1,<environment.Job instance at 0x7fecec8b9d70>,27,19,[4 7],28,39,58,11,35
1,<environment.Job instance at 0x7feca8cd0910>,28,3,[9 1],29,36,39,7,36
1,<environment.Job instance at 0x7feca89aee10>,31,3,[2 8],32,39,42,7,37
1,<environment.Job instance at 0x7feca89ae550>,35,1,[5 7],36,64,65,28,64
1,<environment.Job instance at 0x7fecec276780>,36,12,[1 9],37,65,77,28,64
1,<environment.Job instance at 0x7feca89b6c30>,40,2,[3 9],41,83,85,42,83
1,<environment.Job instance at 0x7feca8c04780>,42,22,[6 2],43,83,105,40,83
1,<environment.Job instance at 0x7fecec856f00>,44,23,[6 5],45,85,108,40,85
1,<environment.Job instance at 0x7fecec25c3c0>,53,21,[7 4],54,113,134,59,113
1,<environment.Job instance at 0x7fecec25caa0>,56,1,[3 5],57,117,118,60,117
1,<environment.Job instance at 0x7fecec25c2d0>,57,3,[5 5],58,117,120,59,117
1,<environment.Job instance at 0x7fecec25ceb0>,58,1,[5 1],59,120,121,61,117
1,<environment.Job instance at 0x7fecec25c730>,60,26,[5 7],61,121,147,60,118
1,<environment.Job instance at 0x7fecec25c320>,62,2,[7 5],63,135,137,72,135
1,<environment.Job instance at 0x7feca8a5d8c0>,64,20,[5 9],65,156,176,91,156
1,<environment.Job instance at 0x7feca8a5de10>,69,27,[5 9],70,176,203,106,174
1,<environment.Job instance at 0x7feca8a5db90>,70,1,[8 1],71,174,175,103,174
1,<environment.Job instance at 0x7feca8a5d3c0>,72,26,[ 1 10],73,203,229,130,200
1,<environment.Job instance at 0x7feca8a5d910>,73,28,[3 5],74,200,228,126,200
1,<environment.Job instance at 0x7fecec6f6a00>,78,1,[9 2],79,228,229,149,201
1,<environment.Job instance at 0x7fecec6f65a0>,80,20,[5 8],81,229,249,148,220
1,<environment.Job instance at 0x7fecec7b4320>,82,1,[9 4],83,229,230,146,220
1,<environment.Job instance at 0x7fecec335780>,3,1,[9 3],4,4,5,0,4
1,<environment.Job instance at 0x7feca892b320>,5,1,[ 3 14],6,6,7,0,6
1,<environment.Job instance at 0x7fecf2d62c80>,6,1,[1 9],7,7,8,0,7
1,<environment.Job instance at 0x7feca8857c30>,4,1,[ 1 11],5,8,9,3,7
1,<environment.Job instance at 0x7fecec1f8370>,7,1,[6 4],8,9,10,1,9
1,<environment.Job instance at 0x7fecec4870a0>,12,28,[5 1],13,13,41,0,13
1,<environment.Job instance at 0x7fecec517550>,13,2,[1 9],14,14,16,0,14
1,<environment.Job instance at 0x7fecec2165f0>,15,3,[8 5],16,17,20,1,17
1,<environment.Job instance at 0x7fecec35b960>,17,1,[6 2],18,20,21,2,18
1,<environment.Job instance at 0x7fecec35bbe0>,18,3,[1 7],19,19,22,0,19
1,<environment.Job instance at 0x7fecec35b8c0>,22,1,[6 3],23,31,32,8,31
1,<environment.Job instance at 0x7fecec35baa0>,23,2,[4 5],24,31,33,7,31
1,<environment.Job instance at 0x7fecec35bc30>,24,23,[2 9],25,32,55,7,31
1,<environment.Job instance at 0x7fecec35bb40>,28,2,[10  1],29,48,50,19,48
1,<environment.Job instance at 0x7feca8bbb5a0>,26,3,[14  4],27,55,58,28,54
1,<environment.Job instance at 0x7fecf2c89190>,34,2,[6 1],35,74,76,39,74
1,<environment.Job instance at 0x7fecec2d9a00>,35,3,[7 2],36,74,77,38,74
1,<environment.Job instance at 0x7feca8723dc0>,36,1,[10  5],37,77,78,40,74
1,<environment.Job instance at 0x7fecec4c19b0>,37,3,[10  3],38,78,81,40,74
1,<environment.Job instance at 0x7fecf2e9b5a0>,38,26,[2 5],39,74,100,35,74
1,<environment.Job instance at 0x7fecf2e9b320>,39,28,[4 8],40,81,109,41,80
1,<environment.Job instance at 0x7fecf2e9b3c0>,40,28,[1 5],41,100,128,59,99
1,<environment.Job instance at 0x7fecf2e9b410>,46,22,[7 4],47,109,131,62,102
1,<environment.Job instance at 0x7fecf2e9b4b0>,47,28,[ 1 10],48,128,156,80,127
1,<environment.Job instance at 0x7fecf2e9bc80>,50,1,[ 5 10],51,156,157,105,129
1,<environment.Job instance at 0x7fecf2e9b500>,52,1,[1 7],53,157,158,104,129
1,<environment.Job instance at 0x7fecf2e9b8c0>,53,1,[5 4],54,131,132,77,129
1,<environment.Job instance at 0x7fecf308ecd0>,55,2,[8 2],56,132,134,76,129
1,<environment.Job instance at 0x7fecf308ee10>,56,1,[10  4],57,134,135,77,129
1,<environment.Job instance at 0x7fecf308ed70>,59,1,[8 3],60,135,136,75,133
1,<environment.Job instance at 0x7fecf3088190>,60,2,[ 4 10],61,158,160,97,133
1,<environment.Job instance at 0x7fecf3088230>,61,1,[9 1],62,136,137,74,133
1,<environment.Job instance at 0x7fecf30880a0>,66,1,[5 1],67,153,154,86,153
1,<environment.Job instance at 0x7fecf3088910>,71,2,[5 2],72,177,179,105,177
1,<environment.Job instance at 0x7fecf3088d70>,76,20,[10  4],77,191,211,114,191
1,<environment.Job instance at 0x7fecf3086050>,80,1,[ 2 10],81,205,206,124,205
1,<environment.Job instance at 0x7fecf3086280>,82,2,[2 5],83,206,208,123,206
1,<environment.Job instance at 0x7fecf3086190>,83,2,[1 9],84,208,210,124,207
1,<environment.Job instance at 0x7fecf30860f0>,84,2,[2 7],85,210,212,125,207
1,<environment.Job instance at 0x7fecf30863c0>,86,1,[10  4],87,211,212,124,211
1,<environment.Job instance at 0x7fecf3086460>,87,2,[7 3],88,212,214,124,211
1,<environment.Job instance at 0x7fecf30865a0>,89,2,[5 5],90,212,214,122,211
1,<environment.Job instance at 0x7fecf3086820>,93,24,[9 2],94,238,262,144,238
1,<environment.Job instance at 0x7fecf3086a00>,96,1,[1 6],97,241,242,144,241
1,<environment.Job instance at 0x7fecf3086aa0>,97,2,[4 6],98,241,243,143,241
1,<environment.Job instance at 0x7fecf3086b40>,98,2,[ 2 10],99,243,245,144,242
1,<environment.Job instance at 0x7fecf3086e10>,101,24,[2 6],102,254,278,152,254
1,<environment.Job instance at 0x7fecf3068280>,105,3,[1 5],106,268,271,162,268
1,<environment.Job instance at 0x7fecf3068370>,107,3,[3 5],108,281,284,173,281
1,<environment.Job instance at 0x7fecf3068410>,108,3,[6 4],109,281,284,172,281
1,<environment.Job instance at 0x7fecf3068690>,112,1,[2 8],113,285,286,172,285
1,<environment.Job instance at 0x7fecf3068730>,113,21,[5 4],114,285,306,171,285
1,<environment.Job instance at 0x7fecf30689b0>,117,2,[10  5],118,313,315,195,313
1,<environment.Job instance at 0x7fecf3068a50>,118,3,[10  4],119,315,318,196,313
1,<environment.Job instance at 0x7fecf3068b90>,120,2,[1 8],121,316,318,195,316
1,<environment.Job instance at 0x7fecf3068d70>,123,1,[ 4 10],124,330,331,206,330
1,<environment.Job instance at 0x7fecf3068e10>,124,24,[5 8],125,331,355,206,330
1,<environment.Job instance at 0x7fecf3068eb0>,125,1,[1 5],126,330,331,204,330
1,<environment.Job instance at 0x7fecf3068f50>,126,24,[10  2],127,331,355,204,330
1,<environment.Job instance at 0x7fecf30565a0>,130,2,[14  3],131,355,357,224,352
1,<environment.Job instance at 0x7fecf30568c0>,131,1,[3 9],132,357,358,225,352
1,<environment.Job instance at 0x7fecf3056b90>,134,18,[1 8],135,358,376,223,356
1,<environment.Job instance at 0x7fecf3056c30>,135,1,[5 9],136,376,377,240,356
1,<environment.Job instance at 0x7fecf3056cd0>,136,23,[9 5],137,357,380,220,356
1,<environment.Job instance at 0x7fecf3056f50>,140,1,[ 5 10],141,382,383,241,382
1,<environment.Job instance at 0x7fecf3085230>,144,1,[3 8],145,394,395,249,394
1,<environment.Job instance at 0x7fecec2679b0>,147,3,[8 5],148,406,409,258,406
1,<environment.Job instance at 0x7feca8a3ef50>,149,1,[13  5],150,409,410,259,406
1,<environment.Job instance at 0x7feca8a3ed70>,150,1,[4 5],151,406,407,255,406
1,<environment.Job instance at 0x7feca8a3e820>,151,2,[4 7],152,407,409,255,406
1,<environment.Job instance at 0x7feca8a3ec80>,153,27,[5 6],154,411,438,257,411
1,<environment.Job instance at 0x7fecf2d36a00>,157,2,[4 9],158,420,422,262,420
1,<environment.Job instance at 0x7fecf37c4e10>,158,25,[11  1],159,438,463,279,434
1,<environment.Job instance at 0x7feca8a25e60>,164,27,[3 8],165,453,480,288,453
1,<environment.Job instance at 0x7feca8857140>,8,1,[10  4],9,9,10,0,9
1,<environment.Job instance at 0x7feca8857960>,14,28,[4 7],15,16,44,1,16
1,<environment.Job instance at 0x7feca8857410>,16,2,[9 4],17,17,19,0,17
1,<environment.Job instance at 0x7feca88578c0>,20,24,[9 4],21,35,59,14,35
1,<environment.Job instance at 0x7feca8d26a50>,22,2,[ 3 10],23,50,52,27,50
1,<environment.Job instance at 0x7feca8d263c0>,23,2,[12  3],24,59,61,35,51
1,<environment.Job instance at 0x7fecf2db7e10>,32,1,[7 3],33,95,96,62,95
1,<environment.Job instance at 0x7feca89a5820>,39,3,[5 2],40,133,136,93,133
1,<environment.Job instance at 0x7feca89a5cd0>,40,1,[6 3],41,133,134,92,133
1,<environment.Job instance at 0x7feca89a5b90>,41,2,[ 3 10],42,133,135,91,133
1,<environment.Job instance at 0x7feca89a5190>,42,2,[6 4],43,135,137,92,133
1,<environment.Job instance at 0x7feca89a50f0>,45,2,[9 3],46,147,149,101,147
1,<environment.Job instance at 0x7feca89a5320>,47,22,[10  4],48,161,183,113,161
1,<environment.Job instance at 0x7feca89a5e10>,48,21,[7 1],49,183,204,134,175
1,<environment.Job instance at 0x7feca89a5550>,51,1,[5 8],52,175,176,123,175
1,<environment.Job instance at 0x7feca89a5280>,52,21,[5 3],53,176,197,123,175
1,<environment.Job instance at 0x7fecf2ee9b40>,58,3,[14  4],59,204,207,145,183
1,<environment.Job instance at 0x7fecec7b4320>,64,2,[2 5],65,193,195,128,193
1,<environment.Job instance at 0x7fecec7b45f0>,65,3,[ 4 10],66,197,200,131,193
1,<environment.Job instance at 0x7fecec7b45a0>,66,21,[10  2],67,207,228,140,199
1,<environment.Job instance at 0x7fecec855c80>,79,3,[1 6],80,253,256,173,253
1,<environment.Job instance at 0x7fecec855b90>,80,25,[ 4 10],81,256,281,175,253
1,<environment.Job instance at 0x7fecf2f23c80>,81,22,[9 1],82,253,275,171,253
1,<environment.Job instance at 0x7fecec3b3dc0>,87,19,[ 2 10],88,286,305,198,286
1,<environment.Job instance at 0x7fecf2e0ae60>,0,1,[13  1],1,3,4,2,3
1,<environment.Job instance at 0x7fecec3effa0>,3,19,[3 9],4,4,23,0,4
1,<environment.Job instance at 0x7fecec31e0a0>,11,20,[10  2],12,12,32,0,12
1,<environment.Job instance at 0x7fecec87cb90>,19,1,[10  2],20,32,33,12,30
1,<environment.Job instance at 0x7fecec87c8c0>,18,3,[13  1],19,33,36,14,32
1,<environment.Job instance at 0x7fecec87cbe0>,26,2,[10  3],27,50,52,23,50
1,<environment.Job instance at 0x7fecec87c820>,27,20,[1 5],28,50,70,22,50
1,<environment.Job instance at 0x7fecec87c9b0>,28,27,[6 3],29,52,79,23,50
1,<environment.Job instance at 0x7fecec87c190>,29,27,[3 5],30,50,77,20,50
1,<environment.Job instance at 0x7feca869bd70>,32,2,[12  2],33,79,81,46,71
1,<environment.Job instance at 0x7feca869b2d0>,35,1,[9 5],36,77,78,41,77
1,<environment.Job instance at 0x7fecec287870>,38,1,[ 2 10],39,91,92,52,91
1,<environment.Job instance at 0x7fecec287e10>,40,23,[5 8],41,93,116,52,93
1,<environment.Job instance at 0x7fecec287a00>,43,1,[ 4 10],44,116,117,72,107
1,<environment.Job instance at 0x7fecec2872d0>,45,1,[7 2],46,113,114,67,113
1,<environment.Job instance at 0x7fecf2f235f0>,53,1,[6 1],54,156,157,102,156
1,<environment.Job instance at 0x7fecf2f23280>,54,3,[6 2],55,156,159,101,156
1,<environment.Job instance at 0x7fecf2f23dc0>,55,2,[1 9],56,156,158,100,156
1,<environment.Job instance at 0x7fecf2f23c30>,57,2,[ 1 10],58,161,163,103,161
1,<environment.Job instance at 0x7fecf2f23640>,58,1,[7 4],59,161,162,102,161
1,<environment.Job instance at 0x7fecf2f234b0>,59,1,[2 5],60,162,163,102,161
1,<environment.Job instance at 0x7fecf2f23960>,61,3,[7 4],62,175,178,113,175
1,<environment.Job instance at 0x7fecf2f23a50>,63,3,[6 1],64,176,179,112,176
1,<environment.Job instance at 0x7fecf2f23b90>,65,18,[2 9],66,178,196,112,178
1,<environment.Job instance at 0x7fecf32585f0>,68,28,[9 5],69,189,217,120,189
1,<environment.Job instance at 0x7fecf3258be0>,70,1,[11  1],71,217,218,146,208
1,<environment.Job instance at 0x7fecf32581e0>,71,1,[10  5],72,218,219,146,208
1,<environment.Job instance at 0x7feca868b9b0>,74,2,[6 2],75,208,210,133,208
1,<environment.Job instance at 0x7feca868bdc0>,76,22,[4 9],77,210,232,133,209
1,<environment.Job instance at 0x7feca868b1e0>,80,1,[2 9],81,232,233,151,211
1,<environment.Job instance at 0x7feca868b500>,81,1,[7 3],82,219,220,137,211
1,<environment.Job instance at 0x7feca868bc30>,83,1,[2 6],84,228,229,144,228
1,<environment.Job instance at 0x7fecec40eb90>,86,3,[5 3],87,229,232,142,229
1,<environment.Job instance at 0x7fecec40e230>,87,1,[ 2 12],88,233,234,145,229
1,<environment.Job instance at 0x7fecec40e6e0>,88,1,[5 8],89,234,235,145,229
1,<environment.Job instance at 0x7fecec40e870>,89,3,[ 2 10],90,235,238,145,229
1,<environment.Job instance at 0x7fecec40e280>,94,1,[8 1],95,257,258,162,257
1,<environment.Job instance at 0x7fecec5120f0>,95,1,[10  4],96,258,259,162,257
1,<environment.Job instance at 0x7fecec512690>,99,2,[7 1],100,294,296,194,294
1,<environment.Job instance at 0x7fecec512e10>,101,23,[9 2],102,296,319,194,294
1,<environment.Job instance at 0x7fecec512c30>,102,1,[ 3 10],103,294,295,191,294
1,<environment.Job instance at 0x7fecec512c80>,104,2,[2 5],105,302,304,197,302
1,<environment.Job instance at 0x7fecec512a00>,105,25,[ 2 11],106,304,329,198,302
1,<environment.Job instance at 0x7fecec2abcd0>,112,3,[10  5],113,332,335,219,332
1,<environment.Job instance at 0x7fecec7b46e0>,1,1,[12  1],2,4,5,2,4
1,<environment.Job instance at 0x7fecf3213eb0>,4,1,[3 8],5,5,6,0,5
1,<environment.Job instance at 0x7fecec8550a0>,3,3,[ 3 12],4,10,13,6,10
1,<environment.Job instance at 0x7fecec924a00>,13,23,[5 6],14,14,37,0,14
1,<environment.Job instance at 0x7fecf3216a50>,20,2,[13  2],21,37,39,16,22
1,<environment.Job instance at 0x7fecec96c9b0>,23,1,[14  1],24,39,40,15,29
1,<environment.Job instance at 0x7fecec96c690>,24,1,[9 2],25,29,30,4,29
1,<environment.Job instance at 0x7fecec96cd20>,25,2,[5 1],26,30,32,4,30
1,<environment.Job instance at 0x7fecec96c500>,30,1,[4 8],31,55,56,24,55
1,<environment.Job instance at 0x7fecf2eaceb0>,32,1,[2 5],33,61,62,28,61
1,<environment.Job instance at 0x7fecf2eac0f0>,33,1,[5 6],34,61,62,27,61
1,<environment.Job instance at 0x7fecf2eacbe0>,34,3,[6 1],35,61,64,26,61
1,<environment.Job instance at 0x7fecf2d032d0>,38,2,[ 4 11],39,86,88,47,86
1,<environment.Job instance at 0x7fecf2d03870>,42,2,[ 1 14],43,102,104,59,102
1,<environment.Job instance at 0x7fecec2d9780>,43,1,[5 6],44,104,105,60,102
1,<environment.Job instance at 0x7fecec2d95a0>,44,24,[4 8],45,104,128,59,102
1,<environment.Job instance at 0x7fecec2d9e60>,46,23,[9 2],47,116,139,69,116
1,<environment.Job instance at 0x7fecec2d9230>,49,27,[ 5 10],50,132,159,82,132
1,<environment.Job instance at 0x7fecec5c8500>,50,28,[8 5],51,139,167,88,138
1,<environment.Job instance at 0x7fecec5d6640>,57,2,[2 5],58,165,167,107,165
1,<environment.Job instance at 0x7fecec5d60a0>,59,2,[3 7],60,167,169,107,165
1,<environment.Job instance at 0x7fecec5d61e0>,62,17,[10  4],63,194,211,131,194
1,<environment.Job instance at 0x7fecec5cb460>,68,18,[4 7],69,211,229,142,211
1,<environment.Job instance at 0x7fecec5dc730>,70,21,[9 2],71,211,232,140,211
1,<environment.Job instance at 0x7fecf2d08d70>,75,3,[8 2],76,232,235,156,222
1,<environment.Job instance at 0x7fecf2d08f50>,76,26,[3 5],77,229,255,152,226
1,<environment.Job instance at 0x7fecf2d0c730>,77,24,[9 4],78,235,259,157,230
1,<environment.Job instance at 0x7fecf34196e0>,86,3,[9 1],87,262,265,175,262
1,<environment.Job instance at 0x7feca8957910>,87,3,[7 3],88,265,268,177,262
1,<environment.Job instance at 0x7feca89683c0>,88,1,[12  1],89,268,269,179,262
1,<environment.Job instance at 0x7feca86ad8c0>,89,2,[7 2],90,265,267,175,262
1,<environment.Job instance at 0x7feca86ad140>,90,1,[5 5],91,262,263,171,262
1,<environment.Job instance at 0x7feca86ad410>,91,2,[2 5],92,263,265,171,262
1,<environment.Job instance at 0x7fecec92c3c0>,94,1,[7 2],95,267,268,172,265
1,<environment.Job instance at 0x7fecec92caf0>,95,1,[6 4],96,269,270,173,265
1,<environment.Job instance at 0x7fecec5e7e60>,96,1,[6 5],97,269,270,172,265
1,<environment.Job instance at 0x7feca89499b0>,97,17,[8 4],98,276,293,178,276
1,<environment.Job instance at 0x7feca8949aa0>,98,3,[1 5],99,276,279,177,276
1,<environment.Job instance at 0x7fecf32d74b0>,100,2,[6 2],101,276,278,175,276
1,<environment.Job instance at 0x7fecf31d3320>,102,2,[8 5],103,293,295,190,283
1,<environment.Job instance at 0x7fecf31d32d0>,103,24,[5 1],104,283,307,179,283
1,<environment.Job instance at 0x7fecf3246d70>,104,1,[6 5],105,295,296,190,283
1,<environment.Job instance at 0x7fecf3246960>,105,22,[5 4],106,296,318,190,289
1,<environment.Job instance at 0x7fecf3246d20>,106,28,[8 5],107,307,335,200,306
1,<environment.Job instance at 0x7fecf322f5a0>,114,25,[9 4],115,335,360,220,331
1,<environment.Job instance at 0x7feca8c4b8c0>,116,18,[11  2],117,381,399,264,381
1,<environment.Job instance at 0x7feca8c5a140>,123,2,[ 2 13],124,392,394,268,392
1,<environment.Job instance at 0x7feca8c5a5a0>,126,1,[9 2],127,399,400,272,394
1,<environment.Job instance at 0x7feca8c5aa00>,128,3,[7 2],129,400,403,271,394
1,<environment.Job instance at 0x7feca8c5ab40>,130,1,[10  3],131,403,404,272,398
1,<environment.Job instance at 0x7feca8c5a690>,131,2,[2 5],132,398,400,266,398
1,<environment.Job instance at 0x7feca8c5ab90>,132,2,[3 9],133,400,402,267,398
1,<environment.Job instance at 0x7feca8c5afa0>,133,1,[8 5],134,402,403,268,398
1,<environment.Job instance at 0x7feca8c5a8c0>,134,1,[3 7],135,399,400,264,398
1,<environment.Job instance at 0x7feca8c5ae10>,135,27,[4 6],136,403,430,267,401
1,<environment.Job instance at 0x7feca8c5a870>,136,1,[6 2],137,404,405,267,401
1,<environment.Job instance at 0x7feca8c5ac30>,139,24,[9 1],140,416,440,276,416
1,<environment.Job instance at 0x7fecf39fb6e0>,144,2,[1 7],145,431,433,286,431
1,<environment.Job instance at 0x7fecf31e3460>,146,2,[10  3],147,440,442,293,437
1,<environment.Job instance at 0x7fecf31e33c0>,147,17,[2 5],148,437,454,289,437
1,<environment.Job instance at 0x7fecf31e3e60>,148,1,[ 2 12],149,454,455,305,437
1,<environment.Job instance at 0x7fecf31e3640>,151,16,[5 1],152,455,471,303,455
1,<environment.Job instance at 0x7feca87ad730>,154,1,[3 6],155,469,470,314,469
1,<environment.Job instance at 0x7feca87ad320>,155,1,[5 2],156,469,470,313,469
1,<environment.Job instance at 0x7fecf30a2550>,156,13,[11  2],157,715,728,558,715
1,<environment.Job instance at 0x7fecf2e19be0>,161,23,[5 2],162,728,751,566,722
1,<environment.Job instance at 0x7fecec36b9b0>,1,19,[10  5],2,2,21,0,2
1,<environment.Job instance at 0x7fecf360e640>,14,1,[3 7],15,15,16,0,15
1,<environment.Job instance at 0x7feca8442460>,15,2,[ 5 10],16,16,18,0,16
1,<environment.Job instance at 0x7fecf360e500>,17,2,[2 8],18,19,21,1,19
1,<environment.Job instance at 0x7feca85bcc30>,21,3,[8 1],22,25,28,3,25
1,<environment.Job instance at 0x7feca84a1b90>,23,1,[10  2],24,28,29,4,28
1,<environment.Job instance at 0x7feca84a1af0>,24,24,[5 9],25,28,52,3,28
1,<environment.Job instance at 0x7fecec2405f0>,26,28,[9 5],27,39,67,12,39
1,<environment.Job instance at 0x7feca844c8c0>,30,3,[5 6],31,66,69,35,66
1,<environment.Job instance at 0x7feca844cbe0>,34,2,[6 2],35,67,69,32,66
1,<environment.Job instance at 0x7fecec2f50a0>,36,3,[9 4],37,72,75,35,72
1,<environment.Job instance at 0x7feca8cb2a50>,37,1,[8 4],38,75,76,37,72
1,<environment.Job instance at 0x7feca89ffc80>,38,2,[4 8],39,72,74,33,72
1,<environment.Job instance at 0x7fecec8aec30>,40,3,[10  5],41,76,79,35,75
1,<environment.Job instance at 0x7fecec8ae5f0>,42,1,[2 9],43,76,77,33,76
1,<environment.Job instance at 0x7feca85fb140>,16,18,[3 7],17,77,95,60,77
1,<environment.Job instance at 0x7fecec8ae3c0>,45,1,[8 2],46,92,93,46,92
1,<environment.Job instance at 0x7fecec8ae500>,46,1,[2 8],47,93,94,46,92
1,<environment.Job instance at 0x7fecec8ae0f0>,44,13,[1 6],45,101,114,56,101
1,<environment.Job instance at 0x7feca8601cd0>,52,19,[1 5],53,110,129,57,110
1,<environment.Job instance at 0x7feca8a5fcd0>,53,2,[1 7],54,114,116,60,110
1,<environment.Job instance at 0x7fecf340ddc0>,63,23,[5 6],64,165,188,101,165
1,<environment.Job instance at 0x7feca861baa0>,66,2,[10  5],67,168,170,101,168
1,<environment.Job instance at 0x7feca861bdc0>,68,28,[3 8],69,170,198,101,170
1,<environment.Job instance at 0x7feca898b190>,71,2,[8 4],72,193,195,121,193
1,<environment.Job instance at 0x7feca898bf00>,73,23,[5 7],74,195,218,121,193
1,<environment.Job instance at 0x7fecf2c89e60>,74,28,[8 5],75,198,226,123,197
1,<environment.Job instance at 0x7fecf2c89190>,76,23,[3 7],77,218,241,141,212
1,<environment.Job instance at 0x7fecf2c893c0>,77,24,[2 9],78,241,265,163,236
1,<environment.Job instance at 0x7fecf2c895a0>,75,1,[10  5],76,236,237,160,236
1,<environment.Job instance at 0x7fecf2c89f50>,79,22,[5 3],80,237,259,157,236
1,<environment.Job instance at 0x7fecf2c89320>,81,2,[2 8],82,265,267,183,238
1,<environment.Job instance at 0x7fecf2c89140>,82,23,[13  5],83,259,282,176,253
1,<environment.Job instance at 0x7fecec91d320>,87,20,[ 5 12],88,282,302,194,273
1,<environment.Job instance at 0x7feca85f8c80>,93,26,[6 4],94,302,328,208,299
1,<environment.Job instance at 0x7feca86e96e0>,96,24,[10  1],97,328,352,231,323
1,<environment.Job instance at 0x7feca86e9820>,98,1,[1 7],99,323,324,224,323
1,<environment.Job instance at 0x7feca86e9eb0>,99,1,[10  4],100,352,353,252,324
1,<environment.Job instance at 0x7feca85f6230>,100,1,[4 7],101,324,325,223,324
1,<environment.Job instance at 0x7fecf2e881e0>,106,26,[8 4],107,353,379,246,350
1,<environment.Job instance at 0x7fecf3234690>,1,21,[2 7],2,2,23,0,2
1,<environment.Job instance at 0x7fecec70ff50>,13,1,[ 3 10],14,23,24,9,22
1,<environment.Job instance at 0x7fecec70f5a0>,15,25,[8 3],16,23,48,7,23
1,<environment.Job instance at 0x7fecec70faf0>,16,2,[ 1 10],17,24,26,7,24
1,<environment.Job instance at 0x7fecec43a690>,19,1,[7 1],20,40,41,20,40
1,<environment.Job instance at 0x7fecec43a370>,21,2,[9 4],22,48,50,26,47
1,<environment.Job instance at 0x7fecec43a820>,22,1,[2 7],23,47,48,24,47
1,<environment.Job instance at 0x7fecec43a320>,23,1,[4 8],24,48,49,24,47
1,<environment.Job instance at 0x7fecec43acd0>,24,1,[5 4],25,47,48,22,47
1,<environment.Job instance at 0x7fecec43a640>,26,19,[4 6],27,49,68,22,47
1,<environment.Job instance at 0x7fecec43a1e0>,28,1,[3 8],29,51,52,22,51
1,<environment.Job instance at 0x7fecec43a0f0>,29,21,[ 5 10],30,68,89,38,60
1,<environment.Job instance at 0x7fecec43afa0>,33,21,[5 5],34,65,86,31,65
1,<environment.Job instance at 0x7feca84f2960>,42,3,[5 5],43,95,98,52,95
1,<environment.Job instance at 0x7feca84f2640>,43,27,[4 6],44,95,122,51,95
1,<environment.Job instance at 0x7feca8a0f7d0>,40,18,[9 1],41,110,128,69,110
1,<environment.Job instance at 0x7feca84f2910>,47,2,[3 5],48,122,124,74,112
1,<environment.Job instance at 0x7feca8414230>,51,1,[10  3],52,128,129,76,122
1,<environment.Job instance at 0x7feca8414550>,52,1,[10  1],53,129,130,76,122
1,<environment.Job instance at 0x7feca84146e0>,50,3,[ 1 14],51,124,127,73,124
1,<environment.Job instance at 0x7feca8414780>,54,1,[ 2 11],55,127,128,72,124
1,<environment.Job instance at 0x7feca8414a00>,57,28,[8 2],58,137,165,79,137
1,<environment.Job instance at 0x7feca8414e10>,58,22,[5 8],59,137,159,78,137
1,<environment.Job instance at 0x7feca8414aa0>,61,28,[ 3 10],62,159,187,97,158
1,<environment.Job instance at 0x7feca8416c30>,74,2,[ 3 10],75,203,205,128,203
1,<environment.Job instance at 0x7feca8416460>,75,2,[4 5],76,203,205,127,203
1,<environment.Job instance at 0x7feca8416af0>,79,2,[6 5],80,214,216,134,214
1,<environment.Job instance at 0x7feca8416320>,80,1,[10  5],81,216,217,135,214
1,<environment.Job instance at 0x7feca8416280>,67,18,[7 1],68,218,236,150,218
1,<environment.Job instance at 0x7feca84160f0>,82,1,[1 8],83,218,219,135,218
1,<environment.Job instance at 0x7feca841f500>,83,1,[3 7],84,219,220,135,218
1,<environment.Job instance at 0x7feca841f960>,86,21,[8 5],87,232,253,145,232
1,<environment.Job instance at 0x7feca841f460>,89,28,[3 6],90,241,269,151,241
1,<environment.Job instance at 0x7feca841feb0>,90,26,[6 1],91,253,279,162,250
1,<environment.Job instance at 0x7feca841f7d0>,91,2,[ 4 13],92,269,271,177,250
1,<environment.Job instance at 0x7feca841faa0>,94,1,[4 8],95,253,254,158,250
1,<environment.Job instance at 0x7feca841f140>,97,2,[6 4],98,255,257,157,255
1,<environment.Job instance at 0x7feca84170f0>,98,3,[10  2],99,279,282,180,256
1,<environment.Job instance at 0x7feca8417870>,99,24,[9 1],100,282,306,182,277
1,<environment.Job instance at 0x7feca8417e60>,100,1,[10  2],101,306,307,205,278
1,<environment.Job instance at 0x7feca8417b90>,101,1,[7 4],102,278,279,176,278
1,<environment.Job instance at 0x7feca85424b0>,102,1,[10  4],103,307,308,204,279
1,<environment.Job instance at 0x7feca8542fa0>,103,25,[3 7],104,279,304,175,279
1,<environment.Job instance at 0x7feca85421e0>,105,1,[3 9],106,304,305,198,292
1,<environment.Job instance at 0x7feca8542370>,106,20,[12  4],107,308,328,201,299
1,<environment.Job instance at 0x7fecec43af50>,1,1,[8 1],2,4,5,2,4
1,<environment.Job instance at 0x7feca84e4730>,3,19,[5 5],4,4,23,0,4
1,<environment.Job instance at 0x7fecf2e99f50>,13,20,[1 7],14,14,34,0,14
1,<environment.Job instance at 0x7fecf2e99be0>,16,28,[2 6],17,25,53,8,25
1,<environment.Job instance at 0x7fecec87c820>,19,26,[10  1],20,31,57,11,31
1,<environment.Job instance at 0x7fecf2d106e0>,15,3,[ 4 13],16,53,56,37,53
1,<environment.Job instance at 0x7feca8615c30>,31,2,[10  4],32,67,69,35,67
1,<environment.Job instance at 0x7fecec6edd20>,35,3,[2 8],36,81,84,45,81
1,<environment.Job instance at 0x7feca84862d0>,37,2,[2 8],38,84,86,46,82
1,<environment.Job instance at 0x7fecec6ed640>,38,26,[5 7],39,82,108,43,82
1,<environment.Job instance at 0x7fecec6ede60>,39,28,[ 4 10],40,108,136,68,107
1,<environment.Job instance at 0x7feca8560640>,42,2,[ 4 11],43,136,138,93,133
1,<environment.Job instance at 0x7feca840e640>,45,23,[ 3 10],46,138,161,92,133
1,<environment.Job instance at 0x7feca84e2320>,49,2,[1 5],50,133,135,83,133
1,<environment.Job instance at 0x7feca86e8f50>,53,1,[7 2],54,145,146,91,145
1,<environment.Job instance at 0x7feca86e8fa0>,55,3,[3 9],56,161,164,105,154
1,<environment.Job instance at 0x7feca86d9550>,56,1,[8 2],57,154,155,97,154
1,<environment.Job instance at 0x7feca86d97d0>,60,23,[7 1],61,174,197,113,174
1,<environment.Job instance at 0x7feca86d1d20>,64,1,[1 8],65,184,185,119,184
1,<environment.Job instance at 0x7feca86d1870>,65,21,[5 2],66,184,205,118,184
1,<environment.Job instance at 0x7feca86cc5f0>,70,1,[10  1],71,200,201,129,200
1,<environment.Job instance at 0x7feca86cc0a0>,72,3,[5 1],73,205,208,132,205
1,<environment.Job instance at 0x7feca86ccd20>,74,3,[8 3],75,211,214,136,211
1,<environment.Job instance at 0x7feca86ce500>,78,27,[1 8],79,229,256,150,229
1,<environment.Job instance at 0x7feca86ce140>,79,3,[ 5 12],80,256,259,176,230
1,<environment.Job instance at 0x7fecec4bb190>,80,2,[ 5 14],81,259,261,178,232
1,<environment.Job instance at 0x7feca86d8f00>,84,2,[2 7],85,246,248,161,246
1,<environment.Job instance at 0x7fecec409a50>,87,1,[5 8],88,261,262,173,251
1,<environment.Job instance at 0x7feca8a42050>,92,2,[13  4],93,268,270,175,268
1,<environment.Job instance at 0x7feca8ad0e60>,95,2,[7 3],96,295,297,199,295
1,<environment.Job instance at 0x7fecec4b65f0>,98,3,[ 3 14],99,325,328,226,325
1,<environment.Job instance at 0x7fecec4c6870>,100,3,[13  3],101,334,337,233,334
1,<environment.Job instance at 0x7fecec4c60a0>,102,21,[2 7],103,337,358,234,337
1,<environment.Job instance at 0x7fecec419410>,105,2,[13  4],106,343,345,237,343
1,<environment.Job instance at 0x7fecec419c30>,106,24,[7 1],107,345,369,238,343
1,<environment.Job instance at 0x7fecec4bd730>,111,1,[7 1],112,375,376,263,375
1,<environment.Job instance at 0x7fecec4bd050>,116,2,[2 7],117,394,396,277,394
1,<environment.Job instance at 0x7feca8afd7d0>,120,22,[6 5],121,413,435,292,413
1,<environment.Job instance at 0x7fecec4c9d20>,121,3,[ 5 11],122,442,445,320,442
1,<environment.Job instance at 0x7fecec4c9f50>,125,3,[3 8],126,479,482,353,479
1,<environment.Job instance at 0x7fecec4c9af0>,126,1,[5 8],127,482,483,355,479
1,<environment.Job instance at 0x7fecec4c9140>,128,20,[5 5],129,482,502,353,482
1,<environment.Job instance at 0x7fecec4c9c30>,131,3,[5 1],132,482,485,350,482
1,<environment.Job instance at 0x7fecec4c9780>,133,19,[2 6],134,500,519,366,500
1,<environment.Job instance at 0x7fecec4c9be0>,135,2,[6 1],136,502,504,366,502
1,<environment.Job instance at 0x7fecec4c9050>,137,1,[1 8],138,502,503,364,502
1,<environment.Job instance at 0x7feca854fd20>,139,1,[ 2 10],140,538,539,398,538
1,<environment.Job instance at 0x7feca8ae3d20>,141,2,[10  2],142,540,542,398,540
1,<environment.Job instance at 0x7feca8af7e10>,146,2,[8 2],147,564,566,417,564
1,<environment.Job instance at 0x7feca8af7820>,147,2,[4 7],148,564,566,416,564
1,<environment.Job instance at 0x7feca8af70f0>,148,2,[4 9],149,566,568,417,564
1,<environment.Job instance at 0x7feca8af7640>,152,2,[5 2],153,574,576,421,574
1,<environment.Job instance at 0x7feca8aefbe0>,159,21,[2 7],160,610,631,450,610
1,<environment.Job instance at 0x7feca8aef730>,160,1,[4 5],161,610,611,449,610
1,<environment.Job instance at 0x7feca8aef7d0>,164,3,[9 1],165,637,640,472,637
1,<environment.Job instance at 0x7feca8aefa00>,165,2,[10  1],166,640,642,474,637
1,<environment.Job instance at 0x7feca8af6b40>,166,1,[ 3 10],167,637,638,470,637
1,<environment.Job instance at 0x7feca8af6b90>,167,3,[5 1],168,638,641,470,638
1,<environment.Job instance at 0x7feca8af6f00>,168,24,[7 5],169,642,666,473,638
1,<environment.Job instance at 0x7feca8af6d70>,171,21,[5 3],172,650,671,478,650
1,<environment.Job instance at 0x7feca8ae5f50>,175,2,[10  4],176,666,668,490,666
1,<environment.Job instance at 0x7feca8ae5e10>,178,3,[9 1],179,678,681,499,678
1,<environment.Job instance at 0x7feca8a0a640>,7,25,[4 6],8,8,33,0,8
1,<environment.Job instance at 0x7feca8ab9f00>,11,23,[10  1],12,12,35,0,12
1,<environment.Job instance at 0x7feca876ef00>,13,26,[10  2],14,35,61,21,32
1,<environment.Job instance at 0x7fecec43a0a0>,21,24,[4 8],22,37,61,15,37
1,<environment.Job instance at 0x7feca8411730>,14,3,[ 3 12],15,61,64,46,50
1,<environment.Job instance at 0x7fecec43a550>,23,2,[12  5],24,64,66,40,54
1,<environment.Job instance at 0x7fecf3204780>,32,22,[10  1],33,66,88,33,59
1,<environment.Job instance at 0x7fecec881b40>,34,23,[ 5 10],35,66,89,31,60
1,<environment.Job instance at 0x7fecf378e460>,36,1,[9 5],37,88,89,51,83
1,<environment.Job instance at 0x7feca8c7c050>,39,23,[1 5],40,89,112,49,84
1,<environment.Job instance at 0x7fecf3034eb0>,42,1,[8 3],43,96,97,53,96
1,<environment.Job instance at 0x7fecec859370>,43,25,[10  1],44,97,122,53,96
1,<environment.Job instance at 0x7fecf3275c80>,45,28,[1 7],46,107,135,61,107
1,<environment.Job instance at 0x7fecf2e190a0>,52,2,[ 5 10],53,197,199,144,197
1,<environment.Job instance at 0x7fecf3247c80>,59,2,[5 2],60,266,268,206,266
1,<environment.Job instance at 0x7fecf3247c30>,61,1,[3 6],62,266,267,204,266
1,<environment.Job instance at 0x7fecf2fab320>,15,1,[5 5],16,16,17,0,16
1,<environment.Job instance at 0x7fecf2faba00>,17,25,[1 7],18,18,43,0,18
1,<environment.Job instance at 0x7fecf2fabe60>,18,19,[5 8],19,19,38,0,19
1,<environment.Job instance at 0x7fecf2fab5f0>,21,2,[ 5 11],22,43,45,21,32
1,<environment.Job instance at 0x7fecec6f8f00>,25,3,[ 3 11],26,45,48,19,40
1,<environment.Job instance at 0x7feca87620a0>,28,3,[5 3],29,46,49,17,46
1,<environment.Job instance at 0x7feca8762d70>,29,2,[5 9],30,48,50,18,46
1,<environment.Job instance at 0x7feca8762eb0>,32,20,[ 1 10],33,64,84,31,64
1,<environment.Job instance at 0x7feca84d4370>,37,2,[14  5],38,72,74,34,72
1,<environment.Job instance at 0x7feca84d4140>,36,19,[4 8],37,84,103,47,74
1,<environment.Job instance at 0x7feca84d42d0>,40,2,[5 8],41,103,105,62,85
1,<environment.Job instance at 0x7feca84d4730>,41,2,[9 2],42,85,87,43,85
1,<environment.Job instance at 0x7feca84d45f0>,43,3,[ 2 10],44,105,108,61,89
1,<environment.Job instance at 0x7fecec264cd0>,44,2,[8 5],45,89,91,44,89
1,<environment.Job instance at 0x7fecec264370>,45,1,[ 5 13],46,108,109,62,89
1,<environment.Job instance at 0x7fecec264190>,46,27,[6 1],47,91,118,44,89
1,<environment.Job instance at 0x7fecec264a00>,51,3,[5 4],52,105,108,53,105
1,<environment.Job instance at 0x7fecec264870>,52,1,[5 3],53,109,110,56,105
1,<environment.Job instance at 0x7fecec2645f0>,54,23,[5 9],55,110,133,55,106
1,<environment.Job instance at 0x7fecec2649b0>,57,23,[6 2],58,118,141,60,115
1,<environment.Job instance at 0x7feca85ee960>,60,26,[6 1],61,133,159,72,130
1,<environment.Job instance at 0x7feca847ae10>,67,2,[10  5],68,159,161,91,154
1,<environment.Job instance at 0x7feca847a5a0>,68,2,[7 5],69,154,156,85,154
1,<environment.Job instance at 0x7feca847a230>,73,19,[8 3],74,197,216,123,197
1,<environment.Job instance at 0x7feca8a70b90>,6,24,[1 8],7,7,31,0,7
1,<environment.Job instance at 0x7fecec2b9500>,12,18,[7 1],13,35,53,22,35
1,<environment.Job instance at 0x7fecec2b4d70>,18,1,[5 3],19,35,36,16,35
1,<environment.Job instance at 0x7fecec2b4140>,19,27,[10  2],20,53,80,33,51
1,<environment.Job instance at 0x7fecec2b4eb0>,21,23,[11  3],22,80,103,58,74
1,<environment.Job instance at 0x7fecec2b4be0>,31,2,[5 2],32,103,105,71,96
1,<environment.Job instance at 0x7fecec2b45f0>,34,3,[9 3],35,110,113,75,110
1,<environment.Job instance at 0x7fecec2b42d0>,24,18,[10  1],25,113,131,88,110
1,<environment.Job instance at 0x7fecec2baa50>,41,13,[7 1],42,134,147,92,134
1,<environment.Job instance at 0x7fecec2bad70>,42,2,[3 5],43,134,136,91,134
1,<environment.Job instance at 0x7fecec2bacd0>,45,22,[11  3],46,147,169,101,147
1,<environment.Job instance at 0x7fecec2bac30>,46,1,[ 5 12],47,169,170,122,151
1,<environment.Job instance at 0x7fecec2baeb0>,48,28,[11  3],49,170,198,121,169
1,<environment.Job instance at 0x7fecec2bc280>,55,1,[3 9],56,172,173,116,172
1,<environment.Job instance at 0x7fecec2bc140>,57,1,[5 9],58,198,199,140,174
1,<environment.Job instance at 0x7fecec2bca00>,60,2,[6 3],61,198,200,137,176
1,<environment.Job instance at 0x7fecec2bc820>,62,2,[8 5],63,199,201,136,186
1,<environment.Job instance at 0x7fecec2bceb0>,63,27,[5 1],64,200,227,136,198
1,<environment.Job instance at 0x7fecec2bcd20>,66,23,[2 9],67,200,223,133,198
1,<environment.Job instance at 0x7fecec2bc780>,67,1,[ 1 13],68,223,224,155,209
1,<environment.Job instance at 0x7fecec2a74b0>,74,28,[6 4],75,224,252,149,223
1,<environment.Job instance at 0x7fecec2a7be0>,76,1,[3 5],77,224,225,147,223
1,<environment.Job instance at 0x7fecec2a77d0>,77,3,[ 5 10],78,227,230,149,223
1,<environment.Job instance at 0x7fecec2a7910>,79,2,[ 5 10],80,231,233,151,231
1,<environment.Job instance at 0x7fecec2a7190>,81,22,[6 1],82,236,258,154,236
1,<environment.Job instance at 0x7fecec2a7640>,86,2,[9 2],87,266,268,179,266
1,<environment.Job instance at 0x7fecec2a1af0>,88,13,[1 5],89,268,281,179,268
1,<environment.Job instance at 0x7fecec2a1870>,90,1,[9 2],91,279,280,188,279
1,<environment.Job instance at 0x7fecec2a12d0>,94,3,[5 3],95,297,300,202,297
1,<environment.Job instance at 0x7fecec2a1be0>,99,3,[8 1],100,317,320,217,317
1,<environment.Job instance at 0x7fecec2a1280>,103,1,[3 9],104,446,447,342,446
1,<environment.Job instance at 0x7fecec2a1dc0>,105,24,[ 3 10],106,506,530,400,506
1,<environment.Job instance at 0x7fecec2d9e60>,109,3,[6 1],110,631,634,521,631
1,<environment.Job instance at 0x7fecec2d9d70>,112,27,[1 6],113,636,663,523,636
1,<environment.Job instance at 0x7fecec2d9320>,113,1,[1 9],114,636,637,522,636
1,<environment.Job instance at 0x7f232a90b370>,1,22,[11  3],2,2,24,0,2
1,<environment.Job instance at 0x7f232a90b230>,2,22,[4 8],3,3,25,0,3
1,<environment.Job instance at 0x7f23254fc4b0>,6,20,[6 1],7,24,44,17,16
1,<environment.Job instance at 0x7f23254fc690>,7,1,[5 4],8,24,25,16,16
1,<environment.Job instance at 0x7f23254fc820>,12,26,[ 1 10],13,25,51,12,22
1,<environment.Job instance at 0x7f23254ff410>,23,27,[1 6],24,51,78,27,49
1,<environment.Job instance at 0x7f23254ffa50>,26,3,[3 7],27,51,54,24,49
1,<environment.Job instance at 0x7f23254ffaf0>,28,23,[10  4],29,54,77,25,54
1,<environment.Job instance at 0x7f23254fffa0>,34,24,[1 8],35,77,101,42,72
1,<environment.Job instance at 0x7f23255001e0>,38,2,[ 1 10],39,101,103,62,83
1,<environment.Job instance at 0x7f2325500280>,39,2,[5 6],40,83,85,43,83
1,<environment.Job instance at 0x7f23255003c0>,41,1,[5 2],42,95,96,53,95
1,<environment.Job instance at 0x7f2325500460>,42,2,[4 6],43,96,98,53,96
1,<environment.Job instance at 0x7f23255005a0>,44,3,[5 5],45,101,104,56,101
1,<environment.Job instance at 0x7f2325500780>,47,2,[6 5],48,119,121,71,119
1,<environment.Job instance at 0x7f2325500c80>,51,3,[1 5],52,139,142,87,139
1,<environment.Job instance at 0x7f2325500cd0>,52,1,[8 5],53,139,140,86,139
1,<environment.Job instance at 0x7f2325517f50>,9,2,[9 4],10,10,12,0,10
1,<environment.Job instance at 0x7f2325517fa0>,7,1,[9 1],8,12,13,4,11
1,<environment.Job instance at 0x7f2325519370>,14,3,[9 2],15,19,22,4,19
1,<environment.Job instance at 0x7f2325519a00>,16,3,[2 8],17,21,24,4,21
1,<environment.Job instance at 0x7f2325519b40>,17,1,[2 8],18,24,25,6,21
1,<environment.Job instance at 0x7f2325519410>,18,2,[13  1],19,22,24,3,22
1,<environment.Job instance at 0x7f2325519eb0>,20,3,[5 6],21,24,27,3,22
1,<environment.Job instance at 0x7f2325519a50>,21,3,[13  5],22,27,30,5,26
1,<environment.Job instance at 0x7f2325519cd0>,22,2,[ 1 12],23,30,32,7,26
1,<environment.Job instance at 0x7f232551fc30>,25,2,[5 5],26,35,37,9,35
1,<environment.Job instance at 0x7f232551feb0>,27,3,[1 5],28,38,41,10,38
1,<environment.Job instance at 0x7f232551fdc0>,28,1,[10  5],29,38,39,9,38
1,<environment.Job instance at 0x7f23254a0140>,29,1,[ 2 10],30,39,40,9,38
1,<environment.Job instance at 0x7f23254a0f50>,32,1,[ 4 13],33,53,54,20,53
1,<environment.Job instance at 0x7f23254a06e0>,31,18,[2 8],32,54,72,22,54
1,<environment.Job instance at 0x7f23254a0b90>,35,1,[3 8],36,72,73,36,54
1,<environment.Job instance at 0x7f22df779640>,41,1,[8 3],42,93,94,51,93
1,<environment.Job instance at 0x7f22df779a00>,42,20,[1 7],43,93,113,50,93
1,<environment.Job instance at 0x7f22df77d1e0>,43,1,[ 4 10],44,113,114,69,93
1,<environment.Job instance at 0x7f22df77dc30>,45,1,[10  1],46,94,95,48,93
1,<environment.Job instance at 0x7f22df77dd70>,46,19,[2 7],47,94,113,47,93
1,<environment.Job instance at 0x7f22df77d960>,49,2,[5 8],50,114,116,64,103
1,<environment.Job instance at 0x7f22df77d4b0>,50,24,[ 1 10],51,116,140,65,111
1,<environment.Job instance at 0x7f22df7a2550>,53,24,[7 4],54,113,137,59,111
1,<environment.Job instance at 0x7f22df8f7e60>,61,27,[4 7],62,140,167,78,138
1,<environment.Job instance at 0x7f22df900fa0>,62,26,[8 4],63,138,164,75,138
1,<environment.Job instance at 0x7f22df74c690>,55,3,[12  3],56,167,170,111,148
1,<environment.Job instance at 0x7f22df900280>,69,1,[5 4],70,164,165,94,159
1,<environment.Job instance at 0x7f22df9000a0>,70,25,[ 3 10],71,167,192,96,163
1,<environment.Job instance at 0x7f22df9001e0>,71,1,[ 2 10],72,192,193,120,164
1,<environment.Job instance at 0x7f22df900140>,72,1,[3 9],73,193,194,120,165
1,<environment.Job instance at 0x7f22df881280>,73,2,[4 7],74,165,167,91,165
1,<environment.Job instance at 0x7f22df881140>,75,2,[1 5],76,170,172,94,166
1,<environment.Job instance at 0x7f22df881730>,76,3,[8 4],77,172,175,95,166
1,<environment.Job instance at 0x7f22df881cd0>,79,3,[4 7],80,194,197,114,175
1,<environment.Job instance at 0x7f22df881690>,82,1,[5 5],83,190,191,107,190
1,<environment.Job instance at 0x7f22df881be0>,83,23,[10  1],84,191,214,107,190
1,<environment.Job instance at 0x7f22df885be0>,86,28,[6 5],87,214,242,127,213
1,<environment.Job instance at 0x7f22df884730>,89,2,[10  2],90,242,244,152,215
1,<environment.Job instance at 0x7f22df8840f0>,90,2,[ 5 10],91,215,217,124,215
1,<environment.Job instance at 0x7f22df884050>,92,2,[2 6],93,218,220,125,218
1,<environment.Job instance at 0x7f22df8845f0>,93,2,[7 3],94,218,220,124,218
1,<environment.Job instance at 0x7f22df829320>,12,1,[7 4],13,13,14,0,13
1,<environment.Job instance at 0x7f22df829c30>,13,2,[9 2],14,14,16,0,14
1,<environment.Job instance at 0x7f22df829410>,15,2,[ 4 11],16,16,18,0,16
1,<environment.Job instance at 0x7f232a935050>,18,1,[2 6],19,22,23,3,22
1,<environment.Job instance at 0x7f232a9354b0>,20,2,[10  2],21,34,36,13,34
1,<environment.Job instance at 0x7f232a935eb0>,22,19,[8 2],23,36,55,13,36
1,<environment.Job instance at 0x7f232a8ec4b0>,23,2,[ 2 14],24,55,57,31,38
1,<environment.Job instance at 0x7f22df74a370>,26,2,[11  3],27,57,59,30,40
1,<environment.Job instance at 0x7f22dfd067d0>,27,2,[12  2],28,59,61,31,58
1,<environment.Job instance at 0x7f2325a0d2d0>,31,3,[7 3],32,62,65,30,62
1,<environment.Job instance at 0x7f232527d190>,32,2,[12  5],33,65,67,32,62
1,<environment.Job instance at 0x7f232575a780>,33,1,[1 7],34,62,63,28,62
1,<environment.Job instance at 0x7f23252dd500>,34,1,[14  4],35,67,68,32,63
1,<environment.Job instance at 0x7f23252daa50>,36,3,[8 1],37,68,71,31,68
1,<environment.Job instance at 0x7f2325686730>,37,2,[6 4],38,68,70,30,68
1,<environment.Job instance at 0x7f232a932370>,44,2,[2 5],45,98,100,53,98
1,<environment.Job instance at 0x7f232a9336e0>,46,1,[3 8],47,107,108,60,107
1,<environment.Job instance at 0x7f232a933780>,47,3,[10  2],48,110,113,62,110
1,<environment.Job instance at 0x7f232a933dc0>,49,1,[ 3 10],50,110,111,60,110
1,<environment.Job instance at 0x7f232a90a910>,52,1,[ 5 10],53,121,122,68,121
1,<environment.Job instance at 0x7f232a90a2d0>,53,1,[ 5 12],54,122,123,68,121
1,<environment.Job instance at 0x7f232a90a4b0>,54,21,[7 2],55,121,142,66,121
1,<environment.Job instance at 0x7f232a90acd0>,56,3,[ 3 10],57,123,126,66,122
1,<environment.Job instance at 0x7f232a90a7d0>,57,2,[10  4],58,142,144,84,122
1,<environment.Job instance at 0x7f22df77c6e0>,64,3,[14  4],65,169,172,104,169
1,<environment.Job instance at 0x7f22df77c280>,65,2,[5 5],66,172,174,106,169
1,<environment.Job instance at 0x7f22df77c5a0>,66,2,[13  4],67,174,176,107,171
1,<environment.Job instance at 0x7f232aa80230>,69,27,[1 5],70,172,199,102,172
1,<environment.Job instance at 0x7f23259c1d20>,70,1,[5 1],71,172,173,101,172
1,<environment.Job instance at 0x7f232539dd20>,73,3,[8 4],74,176,179,102,175
1,<environment.Job instance at 0x7f22df760d70>,77,19,[14  4],78,192,211,114,192
1,<environment.Job instance at 0x7f22dfde2230>,8,21,[5 8],9,9,30,0,9
1,<environment.Job instance at 0x7f22dfae5140>,11,28,[2 8],12,30,58,18,29
1,<environment.Job instance at 0x7f22dfae5e10>,13,27,[9 3],14,29,56,15,29
1,<environment.Job instance at 0x7f23252c0f50>,16,28,[1 7],17,56,84,39,55
1,<environment.Job instance at 0x7f22dfae54b0>,18,1,[5 7],19,58,59,39,55
1,<environment.Job instance at 0x7f232a2f8b40>,21,1,[10  2],22,59,60,37,57
1,<environment.Job instance at 0x7f22dfae5c30>,19,2,[ 4 11],20,84,86,64,60
1,<environment.Job instance at 0x7f22dfbff0a0>,25,1,[8 2],26,60,61,34,60
1,<environment.Job instance at 0x7f22dfbff5a0>,26,28,[9 2],27,61,89,34,60
1,<environment.Job instance at 0x7f22dfbff640>,24,3,[11  1],25,89,92,64,63
1,<environment.Job instance at 0x7f23255ad3c0>,41,1,[10  4],42,92,93,50,87
1,<environment.Job instance at 0x7f232560c8c0>,37,3,[ 1 12],38,94,97,56,94
1,<environment.Job instance at 0x7f232a463230>,46,23,[7 4],47,97,120,50,94
1,<environment.Job instance at 0x7f232598c640>,53,20,[5 4],54,120,140,66,120
1,<environment.Job instance at 0x7f23255e56e0>,54,2,[10  3],55,120,122,65,120
1,<environment.Job instance at 0x7f2325588be0>,56,2,[3 9],57,122,124,65,120
1,<environment.Job instance at 0x7f23256a7c80>,57,2,[7 2],58,122,124,64,120
1,<environment.Job instance at 0x7f2325534960>,58,3,[10  4],59,124,127,65,120
1,<environment.Job instance at 0x7f2325679280>,59,1,[ 2 10],60,127,128,67,120
1,<environment.Job instance at 0x7f23252e4f00>,63,1,[7 2],64,129,130,65,129
1,<environment.Job instance at 0x7f232575e2d0>,65,20,[4 7],66,136,156,70,136
1,<environment.Job instance at 0x7f23254e01e0>,66,21,[6 5],67,140,161,73,136
1,<environment.Job instance at 0x7f2325750b40>,71,27,[5 1],72,157,184,85,157
1,<environment.Job instance at 0x7f23254f5870>,72,21,[1 6],73,157,178,84,157
1,<environment.Job instance at 0x7f23254f55f0>,74,3,[6 1],75,174,177,99,174
1,<environment.Job instance at 0x7f23254f5230>,76,25,[8 3],77,177,202,100,177
1,<environment.Job instance at 0x7f23254f57d0>,81,19,[10  1],82,211,230,129,211
1,<environment.Job instance at 0x7f23255322d0>,86,25,[ 5 10],87,215,240,128,215
1,<environment.Job instance at 0x7f2329e731e0>,94,2,[ 2 10],95,240,242,145,235
1,<environment.Job instance at 0x7f2329e73d20>,95,1,[9 5],96,235,236,139,235
1,<environment.Job instance at 0x7f2329e73c80>,96,1,[2 6],97,242,243,145,235
1,<environment.Job instance at 0x7f2325357050>,101,2,[9 5],102,269,271,167,269
1,<environment.Job instance at 0x7f232568d960>,106,2,[13  5],107,291,293,184,291
1,<environment.Job instance at 0x7f232568d3c0>,107,1,[9 5],108,293,294,185,291
1,<environment.Job instance at 0x7f232561e550>,110,26,[6 3],111,302,328,191,302
1,<environment.Job instance at 0x7f2329d42280>,10,25,[2 8],11,11,36,0,11
1,<environment.Job instance at 0x7f22dfe2b4b0>,14,3,[ 3 14],15,36,39,21,27
1,<environment.Job instance at 0x7f232560deb0>,15,1,[10  1],16,27,28,11,27
1,<environment.Job instance at 0x7f2325308f50>,4,2,[ 1 12],5,39,41,34,38
1,<environment.Job instance at 0x7f23255b5870>,19,2,[13  5],20,41,43,21,41
1,<environment.Job instance at 0x7f2325792f00>,20,1,[4 8],21,43,44,22,41
1,<environment.Job instance at 0x7f232584c230>,23,2,[2 5],24,43,45,19,43
1,<environment.Job instance at 0x7f23257c2460>,25,16,[4 6],26,57,73,31,57
1,<environment.Job instance at 0x7f2329e73cd0>,27,3,[8 5],28,57,60,29,57
1,<environment.Job instance at 0x7f22dfc7e370>,28,1,[ 3 12],29,73,74,44,57
1,<environment.Job instance at 0x7f22dfc7ecd0>,30,2,[5 6],31,74,76,43,74
1,<environment.Job instance at 0x7f22dfc7ea50>,32,18,[5 1],33,77,95,44,77
1,<environment.Job instance at 0x7f22dfc7e780>,34,20,[9 5],35,87,107,52,87
1,<environment.Job instance at 0x7f23259a7e60>,38,2,[8 5],39,107,109,68,105
1,<environment.Job instance at 0x7f2325357b90>,36,18,[4 6],37,108,126,71,108
1,<environment.Job instance at 0x7f23259a78c0>,40,2,[2 7],41,109,111,68,108
1,<environment.Job instance at 0x7f23259a7f50>,41,1,[10  4],42,111,112,69,108
1,<environment.Job instance at 0x7f23259a7050>,42,3,[3 8],43,112,115,69,108
1,<environment.Job instance at 0x7f23259a75f0>,46,1,[5 7],47,131,132,84,131
1,<environment.Job instance at 0x7f23259a7280>,48,2,[7 3],49,138,140,89,138
1,<environment.Job instance at 0x7f23259a7b40>,49,1,[5 6],50,138,139,88,138
1,<environment.Job instance at 0x7f22dfb109b0>,56,2,[7 3],57,175,177,118,175
1,<environment.Job instance at 0x7f232a2900a0>,57,25,[9 4],58,177,202,119,175
1,<environment.Job instance at 0x7f22dfb94870>,61,3,[ 4 12],62,202,205,140,194
1,<environment.Job instance at 0x7f22dfbbd870>,64,1,[8 1],65,202,203,137,200
1,<environment.Job instance at 0x7f22dfdb26e0>,68,14,[5 4],69,226,240,157,226
1,<environment.Job instance at 0x7f22dfdb2e10>,69,2,[9 5],70,226,228,156,226
1,<environment.Job instance at 0x7f22dfdb2b40>,70,1,[8 5],71,228,229,157,226
1,<environment.Job instance at 0x7f22dfd8de10>,72,2,[5 7],73,236,238,163,236
1,<environment.Job instance at 0x7f2329e49f50>,74,25,[7 4],75,238,263,163,236
1,<environment.Job instance at 0x7f22dfd8d4b0>,75,3,[1 6],76,238,241,162,236
1,<environment.Job instance at 0x7f2329e42690>,76,22,[ 4 10],77,241,263,164,236
1,<environment.Job instance at 0x7f22dfd9c2d0>,80,3,[7 3],81,263,266,182,253
1,<environment.Job instance at 0x7f22dfd9a0f0>,82,18,[5 8],83,267,285,184,267
1,<environment.Job instance at 0x7f22dfd9a410>,85,23,[8 2],86,272,295,186,272
1,<environment.Job instance at 0x7f22dfd9aa50>,92,14,[9 1],93,295,309,202,292
1,<environment.Job instance at 0x7f22dfd95af0>,94,3,[8 2],95,309,312,214,302
1,<environment.Job instance at 0x7f22dfd95aa0>,95,3,[11  2],96,312,315,216,302
1,<environment.Job instance at 0x7f22dfd95c30>,96,3,[8 5],97,315,318,218,302
1,<environment.Job instance at 0x7f22dfd957d0>,100,18,[5 8],101,320,338,219,320
1,<environment.Job instance at 0x7f22dfd95960>,102,23,[7 1],103,334,357,231,334
1,<environment.Job instance at 0x7f22dfd95640>,103,2,[2 8],104,338,340,234,334
1,<environment.Job instance at 0x7f22dfd956e0>,105,3,[13  2],106,357,360,251,334
1,<environment.Job instance at 0x7f22dfd95410>,106,1,[9 4],107,360,361,253,334
1,<environment.Job instance at 0x7f22dfd94e60>,107,3,[3 8],108,340,343,232,334
1,<environment.Job instance at 0x7f22dfd94190>,108,1,[13  4],109,361,362,252,334
1,<environment.Job instance at 0x7f232a2c1640>,8,19,[7 1],9,9,28,0,9
1,<environment.Job instance at 0x7f232a2c1cd0>,7,1,[6 3],8,11,12,3,11
1,<environment.Job instance at 0x7f232a2c1320>,11,1,[2 7],12,12,13,0,12
1,<environment.Job instance at 0x7f232a1de140>,16,1,[2 5],17,17,18,0,17
1,<environment.Job instance at 0x7f232a2c1eb0>,15,2,[10  5],16,28,30,12,18
1,<environment.Job instance at 0x7f232a1dee60>,20,27,[7 4],21,30,57,9,28
1,<environment.Job instance at 0x7f2329df9320>,25,2,[ 1 12],26,57,59,31,37
1,<environment.Job instance at 0x7f2329df94b0>,30,25,[ 1 14],31,63,88,32,63
1,<environment.Job instance at 0x7f2329dee7d0>,33,1,[ 4 13],34,88,89,54,81
1,<environment.Job instance at 0x7f2329dee460>,34,19,[9 1],35,81,100,46,81
1,<environment.Job instance at 0x7f2329dee3c0>,40,1,[2 6],41,109,110,68,109
1,<environment.Job instance at 0x7f2329deeaa0>,35,3,[ 4 11],36,113,116,77,113
1,<environment.Job instance at 0x7f2329dee2d0>,50,2,[9 1],51,151,153,100,151
1,<environment.Job instance at 0x7f2329dee230>,51,2,[6 2],52,151,153,99,151
1,<environment.Job instance at 0x7f2329e16e10>,57,22,[6 1],58,161,183,103,161
1,<environment.Job instance at 0x7f2329deec80>,48,3,[11  1],49,183,186,134,181
1,<environment.Job instance at 0x7f2329e16f50>,62,2,[8 2],63,181,183,118,181
1,<environment.Job instance at 0x7f2329e16910>,63,2,[8 1],64,186,188,122,181
1,<environment.Job instance at 0x7f2329e16f00>,64,1,[ 3 10],65,183,184,118,181
1,<environment.Job instance at 0x7f22dfdcdeb0>,69,2,[3 7],70,199,201,129,199
1,<environment.Job instance at 0x7f22dfdcdb90>,72,19,[8 3],73,217,236,144,217
1,<environment.Job instance at 0x7f22dfdcd820>,75,1,[7 1],76,237,238,161,237
1,<environment.Job instance at 0x7f22dfdcd320>,76,23,[5 5],77,237,260,160,237
1,<environment.Job instance at 0x7f22dfdcdf00>,77,1,[2 6],78,237,238,159,237
1,<environment.Job instance at 0x7f22dfdcdbe0>,79,25,[7 3],80,243,268,163,243
1,<environment.Job instance at 0x7f22dfdcd1e0>,80,1,[12  5],81,268,269,187,261
1,<environment.Job instance at 0x7f232a45f820>,90,2,[8 5],91,275,277,184,275
1,<environment.Job instance at 0x7f232a2558c0>,91,3,[ 3 11],92,291,294,199,291
1,<environment.Job instance at 0x7f232a125be0>,96,1,[ 3 10],97,295,296,198,295
1,<environment.Job instance at 0x7f232534d820>,99,2,[3 7],100,309,311,209,309
1,<environment.Job instance at 0x7f232534d500>,101,1,[4 7],102,320,321,218,320
1,<environment.Job instance at 0x7f232534d8c0>,102,19,[6 2],103,320,339,217,320
1,<environment.Job instance at 0x7f232a208190>,103,3,[1 8],104,321,324,217,320
1,<environment.Job instance at 0x7f232a13c190>,104,1,[1 7],105,324,325,219,321
1,<environment.Job instance at 0x7f232a252190>,105,3,[14  4],106,339,342,233,335
1,<environment.Job instance at 0x7f22dfbbb4b0>,111,2,[11  4],112,362,364,250,362
1,<environment.Job instance at 0x7f232a88fc30>,112,2,[6 3],113,364,366,251,362
1,<environment.Job instance at 0x7f23255c3190>,115,3,[3 9],116,376,379,260,376
1,<environment.Job instance at 0x7f2325759460>,118,22,[ 1 13],119,388,410,269,388
1,<environment.Job instance at 0x7f2325675a00>,127,1,[9 1],128,428,429,300,428
1,<environment.Job instance at 0x7f2325675640>,128,2,[11  2],129,429,431,300,428
1,<environment.Job instance at 0x7f232a207370>,129,23,[4 9],130,428,451,298,428
1,<environment.Job instance at 0x7f22dfad9500>,0,1,[10  3],1,2,3,1,2
1,<environment.Job instance at 0x7f232a1e2e10>,10,25,[9 4],11,11,36,0,11
1,<environment.Job instance at 0x7f2325289dc0>,14,28,[ 5 10],15,15,43,0,15
1,<environment.Job instance at 0x7f22dfaf43c0>,15,1,[ 1 10],16,43,44,27,17
1,<environment.Job instance at 0x7f232a125050>,17,27,[2 9],18,44,71,26,42
1,<environment.Job instance at 0x7f232a156aa0>,18,26,[4 9],19,71,97,52,68
1,<environment.Job instance at 0x7f22dfc81960>,28,19,[2 7],29,97,116,68,87
1,<environment.Job instance at 0x7f2329da25f0>,32,22,[5 4],33,87,109,54,87
1,<environment.Job instance at 0x7f2329d31d70>,37,3,[3 7],38,109,112,71,101
1,<environment.Job instance at 0x7f2329dc36e0>,42,15,[2 5],43,117,132,74,117
1,<environment.Job instance at 0x7f2329dc34b0>,44,2,[9 5],45,117,119,72,117
1,<environment.Job instance at 0x7f2325503fa0>,47,26,[10  5],48,134,160,86,134
1,<environment.Job instance at 0x7f2329e08190>,54,19,[2 5],55,164,183,109,164
1,<environment.Job instance at 0x7f2329e9b190>,57,1,[3 8],58,176,177,118,176
1,<environment.Job instance at 0x7f2329dbc690>,60,2,[2 6],61,185,187,124,185
1,<environment.Job instance at 0x7f2329dbcd70>,61,2,[7 1],62,185,187,123,185
1,<environment.Job instance at 0x7f2329e8cd20>,62,3,[6 1],63,185,188,122,185
1,<environment.Job instance at 0x7f2329e8c190>,63,23,[1 7],64,187,210,123,185
1,<environment.Job instance at 0x7f2329e8c230>,64,22,[1 8],65,188,210,123,185
1,<environment.Job instance at 0x7f23256b3b40>,71,3,[1 8],72,210,213,138,205
1,<environment.Job instance at 0x7f23256b3460>,72,26,[1 5],73,210,236,137,207
1,<environment.Job instance at 0x7f23253f3fa0>,76,1,[9 3],77,233,234,156,233
1,<environment.Job instance at 0x7f23253f30a0>,78,3,[5 8],79,234,237,155,233
1,<environment.Job instance at 0x7f23253f38c0>,79,2,[3 9],80,237,239,157,233
1,<environment.Job instance at 0x7f23253f3050>,82,22,[5 3],83,246,268,163,246
1,<environment.Job instance at 0x7f23253f3b90>,83,1,[8 4],84,246,247,162,246
1,<environment.Job instance at 0x7f23253f33c0>,85,1,[8 5],86,260,261,174,260
1,<environment.Job instance at 0x7f23253f3550>,86,3,[2 5],87,260,263,173,260
1,<environment.Job instance at 0x7f23253f3910>,87,24,[2 8],88,263,287,175,260
1,<environment.Job instance at 0x7f23254bf910>,88,2,[5 7],89,261,263,172,260
1,<environment.Job instance at 0x7f23258d7500>,93,26,[1 8],94,293,319,199,293
1,<environment.Job instance at 0x7f232a0d3e60>,0,24,[10  5],1,1,25,0,1
1,<environment.Job instance at 0x7f232a834230>,8,27,[5 1],9,25,52,16,25
1,<environment.Job instance at 0x7f2329e13280>,10,1,[2 7],11,26,27,15,26
1,<environment.Job instance at 0x7f22dfc7ec30>,11,2,[ 1 10],12,27,29,15,26
1,<environment.Job instance at 0x7f2329da24b0>,12,3,[2 6],13,29,32,16,26
1,<environment.Job instance at 0x7f232545d8c0>,1,3,[ 4 12],2,32,35,30,28
1,<environment.Job instance at 0x7f22dfa6d4b0>,14,2,[10  3],15,35,37,20,28
1,<environment.Job instance at 0x7f22dfa8cd70>,15,1,[5 2],16,28,29,12,28
1,<environment.Job instance at 0x7f2329d8c9b0>,17,2,[5 5],18,37,39,19,37
1,<environment.Job instance at 0x7f2329d8cc30>,18,27,[1 7],19,37,64,18,37
1,<environment.Job instance at 0x7f232554d5f0>,20,3,[5 7],21,46,49,25,46
1,<environment.Job instance at 0x7f22df8a8dc0>,24,1,[2 5],25,49,50,24,46
1,<environment.Job instance at 0x7f232554d280>,26,1,[14  4],27,55,56,28,55
1,<environment.Job instance at 0x7f22df935910>,28,1,[1 5],29,56,57,27,56
1,<environment.Job instance at 0x7f22df935a50>,32,2,[3 7],33,166,168,133,166
1,<environment.Job instance at 0x7f22df9356e0>,33,2,[ 3 10],34,168,170,134,166
1,<environment.Job instance at 0x7f232a455c30>,39,2,[ 3 10],40,351,353,311,351
1,<environment.Job instance at 0x7f2329d3c6e0>,41,2,[6 2],42,352,354,310,352
1,<environment.Job instance at 0x7f2329f12d20>,43,1,[5 5],44,367,368,323,367
1,<environment.Job instance at 0x7f2329dbd780>,49,1,[6 1],50,441,442,391,441
1,<environment.Job instance at 0x7f22df80baa0>,53,3,[ 2 10],54,484,487,430,484
1,<environment.Job instance at 0x7f22df80bc80>,56,3,[1 8],57,499,502,442,499
1,<environment.Job instance at 0x7f22df80be10>,57,1,[3 5],58,499,500,441,499
1,<environment.Job instance at 0x7f22df80bf50>,58,25,[5 5],59,500,525,441,499
1,<environment.Job instance at 0x7f22df80b9b0>,59,2,[5 1],60,499,501,439,499
1,<environment.Job instance at 0x7f2329d8caa0>,0,22,[1 9],1,1,23,0,1
1,<environment.Job instance at 0x7f23254c84b0>,8,2,[ 4 12],9,23,25,14,10
1,<environment.Job instance at 0x7f23254c8fa0>,10,3,[ 4 10],11,25,28,14,13
1,<environment.Job instance at 0x7f2325400190>,13,26,[2 9],14,28,54,14,25
1,<environment.Job instance at 0x7f2325400460>,17,3,[4 9],18,54,57,36,31
1,<environment.Job instance at 0x7f232547ad70>,19,3,[3 5],20,44,47,24,44
1,<environment.Job instance at 0x7f232a056410>,25,3,[5 5],26,64,67,38,64
1,<environment.Job instance at 0x7f232a22f230>,26,1,[5 3],27,64,65,37,64
1,<environment.Job instance at 0x7f23255b4f50>,28,3,[10  4],29,68,71,39,68
1,<environment.Job instance at 0x7f23253620f0>,30,1,[1 7],31,74,75,43,74
1,<environment.Job instance at 0x7f232a2f5320>,32,2,[1 9],33,76,78,43,76
1,<environment.Job instance at 0x7f232580c7d0>,33,2,[6 3],34,76,78,42,76
1,<environment.Job instance at 0x7f232a80d3c0>,36,1,[6 3],37,81,82,44,81
1,<environment.Job instance at 0x7f23254ce690>,37,1,[5 4],38,81,82,43,81
1,<environment.Job instance at 0x7f22dfc51c30>,39,1,[3 5],40,84,85,44,84
1,<environment.Job instance at 0x7f232a0ad0a0>,40,1,[4 9],41,84,85,43,84
1,<environment.Job instance at 0x7f2325398fa0>,44,2,[7 3],45,104,106,59,104
1,<environment.Job instance at 0x7f22dfd47dc0>,48,2,[1 6],49,132,134,83,132
1,<environment.Job instance at 0x7f22df667370>,49,23,[5 5],50,132,155,82,132
1,<environment.Job instance at 0x7f23254fc9b0>,55,24,[7 5],56,149,173,93,149
1,<environment.Job instance at 0x7f23254fc0a0>,57,3,[ 2 13],58,173,176,115,167
1,<environment.Job instance at 0x7f23254f2a00>,68,3,[10  1],69,186,189,117,186
1,<environment.Job instance at 0x7f23254f2460>,70,1,[13  2],71,196,197,125,196
1,<environment.Job instance at 0x7f23254f2be0>,73,1,[ 2 13],74,216,217,142,216
1,<environment.Job instance at 0x7f23254f2e60>,75,19,[8 1],76,216,235,140,216
1,<environment.Job instance at 0x7f23254f2820>,76,1,[ 4 11],77,217,218,140,216
1,<environment.Job instance at 0x7f232a9911e0>,80,2,[4 6],81,218,220,137,216
1,<environment.Job instance at 0x7f232a9913c0>,81,23,[7 5],82,220,243,138,216
1,<environment.Job instance at 0x7f232a991190>,82,28,[8 2],83,235,263,152,234
1,<environment.Job instance at 0x7f232a991370>,83,22,[5 4],84,243,265,159,236
1,<environment.Job instance at 0x7f22dfebcfa0>,97,3,[9 2],98,263,266,165,259
1,<environment.Job instance at 0x7f22dfebcc30>,98,1,[1 6],99,259,260,160,259
1,<environment.Job instance at 0x7f22dfebcaa0>,101,3,[5 8],102,265,268,163,259
1,<environment.Job instance at 0x7f22dfebca50>,102,2,[2 8],103,260,262,157,259
1,<environment.Job instance at 0x7f22dfebc0a0>,104,26,[7 4],105,269,295,164,269
1,<environment.Job instance at 0x7f22dfebcaf0>,105,1,[12  3],106,295,296,189,269
1,<environment.Job instance at 0x7f23255e9a00>,113,1,[10  5],114,296,297,182,293
1,<environment.Job instance at 0x7f23255e93c0>,115,3,[5 6],116,309,312,193,309
1,<environment.Job instance at 0x7f23255e9f50>,116,2,[3 5],117,309,311,192,309
1,<environment.Job instance at 0x7f23255e9820>,117,1,[5 1],118,309,310,191,309
1,<environment.Job instance at 0x7f23255e9280>,119,2,[6 3],120,320,322,200,320
1,<environment.Job instance at 0x7f23255e98c0>,123,1,[7 3],124,343,344,219,343
1,<environment.Job instance at 0x7f23255e9b40>,124,3,[3 7],125,343,346,218,343
1,<environment.Job instance at 0x7f2329d6ebe0>,0,21,[5 2],1,1,22,0,1
1,<environment.Job instance at 0x7f23252a5320>,5,2,[ 5 10],6,7,9,1,7
1,<environment.Job instance at 0x7f22dfaf93c0>,12,1,[5 8],13,13,14,0,13
1,<environment.Job instance at 0x7f22dfaf9690>,13,1,[6 3],14,14,15,0,14
1,<environment.Job instance at 0x7f22dfaf9b40>,14,3,[6 1],15,15,18,0,15
1,<environment.Job instance at 0x7f2329e669b0>,15,1,[10  4],16,18,19,2,16
1,<environment.Job instance at 0x7f232a280d70>,17,3,[10  1],18,19,22,1,18
1,<environment.Job instance at 0x7f22dfadecd0>,19,1,[6 1],20,26,27,6,26
1,<environment.Job instance at 0x7f232537db40>,21,1,[6 1],22,26,27,4,26
1,<environment.Job instance at 0x7f232a063190>,22,2,[ 4 10],23,27,29,4,26
1,<environment.Job instance at 0x7f232537d8c0>,23,2,[4 7],24,29,31,5,26
1,<environment.Job instance at 0x7f232537d5a0>,25,23,[7 4],26,38,61,12,38
1,<environment.Job instance at 0x7f22dfc65780>,26,23,[5 6],27,38,61,11,38
1,<environment.Job instance at 0x7f22dface960>,28,25,[ 5 10],29,61,86,32,57
1,<environment.Job instance at 0x7f22dfa18870>,34,1,[9 2],35,72,73,37,72
1,<environment.Job instance at 0x7f22df9e6820>,36,2,[4 6],37,90,92,53,90
1,<environment.Job instance at 0x7f2329faf9b0>,37,26,[ 2 10],38,92,118,54,90
1,<environment.Job instance at 0x7f22df8895a0>,46,1,[5 8],47,128,129,81,128
1,<environment.Job instance at 0x7f22df889dc0>,47,3,[9 3],48,128,131,80,128
1,<environment.Job instance at 0x7f22df781f00>,49,1,[8 4],50,139,140,89,139
1,<environment.Job instance at 0x7f22df889aa0>,51,2,[1 9],52,140,142,88,140
1,<environment.Job instance at 0x7f22df8893c0>,52,1,[7 2],53,140,141,87,140
1,<environment.Job instance at 0x7f22df889190>,53,20,[5 2],54,140,160,86,140
1,<environment.Job instance at 0x7f2329d0caf0>,56,1,[6 2],57,152,153,95,152
1,<environment.Job instance at 0x7f2329d0c820>,57,2,[ 5 11],58,153,155,95,152
1,<environment.Job instance at 0x7f2329d0c230>,60,2,[ 4 14],61,182,184,121,182
1,<environment.Job instance at 0x7f22dfc810a0>,62,1,[ 4 10],63,190,191,127,190
1,<environment.Job instance at 0x7f232a1c81e0>,65,3,[1 7],66,209,212,143,209
1,<environment.Job instance at 0x7f23254933c0>,67,3,[1 7],68,219,222,151,219
1,<environment.Job instance at 0x7f23254931e0>,69,2,[6 4],70,219,221,149,219
1,<environment.Job instance at 0x7f232a2e9a00>,70,25,[8 3],71,219,244,148,219
1,<environment.Job instance at 0x7f232a2e9780>,71,27,[8 1],72,244,271,172,242
1,<environment.Job instance at 0x7f232a2e9820>,72,1,[7 5],73,242,243,169,242
1,<environment.Job instance at 0x7f232a2e9320>,73,2,[ 3 10],74,243,245,169,242
1,<environment.Job instance at 0x7f232527baa0>,74,2,[1 8],75,245,247,170,242
1,<environment.Job instance at 0x7f232527b370>,77,27,[2 6],78,259,286,181,259
1,<environment.Job instance at 0x7f22dfa415a0>,83,1,[ 3 10],84,290,291,206,290
1,<environment.Job instance at 0x7f22df8b1230>,84,2,[10  3],85,290,292,205,290
1,<environment.Job instance at 0x7f22df8b1780>,87,26,[ 5 10],88,371,397,283,371
1,<environment.Job instance at 0x7f22df8b15a0>,89,1,[12  4],90,397,398,307,374
1,<environment.Job instance at 0x7f22dfd33780>,93,1,[9 3],94,525,526,431,525
1,<environment.Job instance at 0x7f22dfd33690>,94,1,[ 1 11],95,525,526,430,525
1,<environment.Job instance at 0x7f22dfd33140>,95,1,[ 3 14],96,526,527,430,525
1,<environment.Job instance at 0x7f22dfd338c0>,96,1,[1 9],97,527,528,430,525
1,<environment.Job instance at 0x7f22dfd33910>,97,1,[6 4],98,527,528,429,525
1,<environment.Job instance at 0x7f22dfd33f00>,98,3,[6 2],99,527,530,428,525
1,<environment.Job instance at 0x7f232544dd20>,102,28,[5 1],103,553,581,450,553
1,<environment.Job instance at 0x7f232549b2d0>,103,2,[1 9],104,553,555,449,553
1,<environment.Job instance at 0x7f22df8b8a00>,105,3,[8 5],106,568,571,462,568
1,<environment.Job instance at 0x7f22df8b8b90>,107,1,[6 2],108,588,589,480,588
1,<environment.Job instance at 0x7f22df8b8640>,108,3,[1 7],109,588,591,479,588
1,<environment.Job instance at 0x7f23254ff0a0>,1,24,[2 6],2,2,26,0,2
1,<environment.Job instance at 0x7f2329ef0370>,13,21,[5 4],14,14,35,0,14
1,<environment.Job instance at 0x7f2329d043c0>,23,1,[ 4 10],24,37,38,13,37
1,<environment.Job instance at 0x7f2329d04410>,24,24,[5 8],25,38,62,13,37
1,<environment.Job instance at 0x7f2329d042d0>,25,1,[1 5],26,37,38,11,37
1,<environment.Job instance at 0x7f2329d04550>,26,24,[10  2],27,38,62,11,37
1,<environment.Job instance at 0x7f2329d04370>,30,2,[14  3],31,67,69,36,67
1,<environment.Job instance at 0x7f22dfe2e370>,34,18,[1 8],35,71,89,36,71
1,<environment.Job instance at 0x7f22dfb86d70>,35,1,[5 9],36,89,90,53,71
1,<environment.Job instance at 0x7f22dfb86780>,36,23,[9 5],37,71,94,34,71
1,<environment.Job instance at 0x7f22dfb869b0>,37,18,[1 8],38,92,110,54,92
1,<environment.Job instance at 0x7f22dfa0af00>,47,3,[8 5],48,94,97,46,92
1,<environment.Job instance at 0x7f22dfa0ac80>,48,3,[9 3],49,97,100,48,92
1,<environment.Job instance at 0x7f23254e00a0>,49,1,[13  5],50,100,101,50,92
1,<environment.Job instance at 0x7f22dfa0a460>,50,1,[4 5],51,101,102,50,93
1,<environment.Job instance at 0x7f23253b9aa0>,53,27,[5 6],54,103,130,49,103
1,<environment.Job instance at 0x7f23253b9af0>,57,2,[4 9],58,111,113,53,111
1,<environment.Job instance at 0x7f23253b9f50>,58,25,[11  1],59,130,155,71,126
1,<environment.Job instance at 0x7f23253ae370>,64,27,[3 8],65,134,161,69,134
1,<environment.Job instance at 0x7f23253aec30>,75,27,[4 6],76,200,227,124,200
1,<environment.Job instance at 0x7f23253aed70>,77,1,[1 7],78,203,204,125,203
1,<environment.Job instance at 0x7f23253ca280>,81,2,[5 3],82,243,245,161,243
1,<environment.Job instance at 0x7f23253ca320>,82,1,[5 5],83,243,244,160,243
1,<environment.Job instance at 0x7f23253ca0f0>,84,2,[9 3],85,244,246,159,244
1,<environment.Job instance at 0x7f23253ca500>,85,3,[2 6],86,245,248,159,244
1,<environment.Job instance at 0x7f23253ca690>,87,3,[6 3],88,247,250,159,247
1,<environment.Job instance at 0x7f23253ca1e0>,88,1,[10  4],89,250,251,161,247
1,<environment.Job instance at 0x7f22df6df9b0>,17,1,[3 6],18,18,19,0,18
1,<environment.Job instance at 0x7f22df6a56e0>,18,2,[7 1],19,19,21,0,19
1,<environment.Job instance at 0x7f22df6dfbe0>,20,2,[ 2 12],21,22,24,1,22
1,<environment.Job instance at 0x7f232a931c80>,29,2,[10  4],30,59,61,29,59
1,<environment.Job instance at 0x7f2329da2af0>,31,2,[10  3],32,70,72,38,70
1,<environment.Job instance at 0x7f2329da2550>,33,12,[3 6],34,75,87,41,75
1,<environment.Job instance at 0x7f2329da24b0>,35,1,[14  5],36,87,88,51,75
1,<environment.Job instance at 0x7f2329da25f0>,37,2,[ 5 12],38,88,90,50,84
1,<environment.Job instance at 0x7f2329da2140>,38,3,[9 4],39,84,87,45,84
1,<environment.Job instance at 0x7f2329da2870>,39,20,[7 2],40,88,108,48,84
1,<environment.Job instance at 0x7f232a89cd20>,44,1,[5 9],45,109,110,64,109
1,<environment.Job instance at 0x7f22dfd9c140>,45,2,[ 2 12],46,110,112,64,109
1,<environment.Job instance at 0x7f2329da2690>,46,2,[10  2],47,109,111,62,109
1,<environment.Job instance at 0x7f232571bc80>,48,22,[ 3 10],49,120,142,71,120
1,<environment.Job instance at 0x7f22df7f1b40>,54,19,[3 7],55,155,174,100,155
1,<environment.Job instance at 0x7f22df68a280>,56,1,[6 5],57,162,163,105,162
1,<environment.Job instance at 0x7f22df68adc0>,57,23,[3 5],58,163,186,105,162
1,<environment.Job instance at 0x7f22df730280>,60,28,[2 6],61,178,206,117,178
1,<environment.Job instance at 0x7f22df7303c0>,61,1,[2 6],62,186,187,124,178
1,<environment.Job instance at 0x7f22df730d70>,62,2,[ 4 10],63,206,208,143,179
1,<environment.Job instance at 0x7f22df730aa0>,63,1,[6 1],64,179,180,115,179
1,<environment.Job instance at 0x7f22df730640>,64,2,[7 2],65,180,182,115,179
1,<environment.Job instance at 0x7f22df730140>,67,2,[9 2],68,185,187,117,185
1,<environment.Job instance at 0x7f22df730be0>,68,2,[8 1],69,187,189,118,185
1,<environment.Job instance at 0x7f22df686780>,69,23,[8 2],70,189,212,119,185
1,<environment.Job instance at 0x7f22df686af0>,70,1,[13  1],71,212,213,141,207
1,<environment.Job instance at 0x7f22df6860a0>,73,19,[3 9],74,213,232,139,207
1,<environment.Job instance at 0x7f22df69ba50>,80,2,[2 6],81,221,223,140,221
1,<environment.Job instance at 0x7f22df69b2d0>,81,20,[10  2],82,223,243,141,221
1,<environment.Job instance at 0x7f22dfdd2550>,88,3,[13  1],89,263,266,174,263
1,<environment.Job instance at 0x7f22dfdd2370>,89,1,[10  2],90,266,267,176,263
1,<environment.Job instance at 0x7f22dfdd2af0>,91,3,[10  1],92,270,273,178,270
1,<environment.Job instance at 0x7f22dfdd2280>,92,1,[1 9],93,270,271,177,270
1,<environment.Job instance at 0x7f23253aeeb0>,2,22,[ 4 11],3,3,25,0,3
1,<environment.Job instance at 0x7f2329f15dc0>,14,22,[7 4],15,53,75,38,53
1,<environment.Job instance at 0x7f2329f15b90>,20,20,[ 3 10],21,75,95,54,75
1,<environment.Job instance at 0x7f2329f15aa0>,13,3,[ 3 14],14,95,98,81,93
1,<environment.Job instance at 0x7f2325a17e60>,26,2,[1 9],27,98,100,71,93
1,<environment.Job instance at 0x7f2325a17230>,29,18,[1 9],30,100,118,70,100
1,<environment.Job instance at 0x7f2325a17be0>,31,1,[6 5],32,100,101,68,100
1,<environment.Job instance at 0x7f2325a17f50>,34,1,[10  1],35,101,102,66,100
1,<environment.Job instance at 0x7f2325a17dc0>,37,1,[12  4],38,102,103,64,100
1,<environment.Job instance at 0x7f2325a17460>,40,1,[10  2],41,113,114,72,113
1,<environment.Job instance at 0x7f2325a17d70>,5,27,[4 6],6,6,33,0,6
1,<environment.Job instance at 0x7f22df51e500>,9,24,[9 1],10,10,34,0,10
1,<environment.Job instance at 0x7f23253d7280>,18,1,[ 2 12],19,33,34,14,22
1,<environment.Job instance at 0x7f23253ae050>,24,1,[3 6],25,34,35,9,34
1,<environment.Job instance at 0x7f23253ae910>,25,1,[5 2],26,34,35,8,34
1,<environment.Job instance at 0x7f2325361280>,28,1,[9 2],29,52,53,23,52
1,<environment.Job instance at 0x7f2325361870>,30,1,[8 5],31,55,56,24,55
1,<environment.Job instance at 0x7f2329f5f960>,31,23,[5 2],32,55,78,23,55
1,<environment.Job instance at 0x7f2329f5f550>,33,28,[10  4],34,61,89,27,61
1,<environment.Job instance at 0x7f232531c050>,41,3,[ 1 10],42,88,91,46,88
1,<environment.Job instance at 0x7f232531ce10>,42,2,[4 7],43,91,93,48,88
1,<environment.Job instance at 0x7f232a13bc30>,47,1,[1 5],48,113,114,65,113
1,<environment.Job instance at 0x7f232a13b190>,48,12,[1 5],49,118,130,69,118
1,<environment.Job instance at 0x7f232a13b2d0>,51,19,[10  5],52,127,146,75,127
1,<environment.Job instance at 0x7f22df8557d0>,58,2,[1 9],59,147,149,88,147
1,<environment.Job instance at 0x7f22df855dc0>,64,1,[3 7],65,172,173,107,172
1,<environment.Job instance at 0x7f22df855b90>,65,2,[ 5 10],66,173,175,107,172
1,<environment.Job instance at 0x7f22df87bc80>,67,2,[2 8],68,188,190,120,188
1,<environment.Job instance at 0x7f23253e8f50>,71,3,[8 1],72,193,196,121,193
1,<environment.Job instance at 0x7f23253ab910>,74,24,[5 9],75,206,230,131,206
1,<environment.Job instance at 0x7f22df81a1e0>,76,28,[9 5],77,210,238,133,210
1,<environment.Job instance at 0x7f22df8415a0>,80,3,[5 6],81,232,235,151,232
1,<environment.Job instance at 0x7f22df6e5d20>,84,2,[6 2],85,248,250,163,248
1,<environment.Job instance at 0x7f22df6cb280>,87,1,[8 4],88,249,250,161,249
1,<environment.Job instance at 0x7f23255e92d0>,88,2,[4 8],89,250,252,161,249
1,<environment.Job instance at 0x7f232538c190>,90,3,[10  5],91,253,256,162,253
1,<environment.Job instance at 0x7f22df6d4730>,92,1,[2 9],93,257,258,164,257
1,<environment.Job instance at 0x7f22df85e550>,93,18,[2 6],94,258,276,164,258
1,<environment.Job instance at 0x7f22df6f8780>,95,1,[8 2],96,259,260,163,259
1,<environment.Job instance at 0x7f232570c500>,96,1,[2 8],97,260,261,163,259
1,<environment.Job instance at 0x7f22df766a50>,100,3,[1 9],101,280,283,179,280
1,<environment.Job instance at 0x7f22df825be0>,102,19,[1 5],103,289,308,186,289
1,<environment.Job instance at 0x7f22df825f50>,103,2,[1 7],104,289,291,185,289
1,<environment.Job instance at 0x7f232a0aa6e0>,113,23,[5 6],114,362,385,248,362
1,<environment.Job instance at 0x7f22df9e7a00>,116,2,[10  5],117,376,378,259,376
1,<environment.Job instance at 0x7f22df9e73c0>,118,28,[3 8],119,378,406,259,378
1,<environment.Job instance at 0x7f22df9e7050>,121,2,[8 4],122,389,391,267,389
1,<environment.Job instance at 0x7f22df9e7a50>,122,2,[10  2],123,391,393,268,389
1,<environment.Job instance at 0x7f22df9e7370>,123,23,[5 7],124,393,416,269,389
1,<environment.Job instance at 0x7f22df9e7aa0>,124,28,[8 5],125,406,434,281,405
1,<environment.Job instance at 0x7f22df9e7af0>,126,23,[3 7],127,416,439,289,410
1,<environment.Job instance at 0x7f22df9e7910>,127,24,[2 9],128,439,463,311,434
1,<environment.Job instance at 0x7f22df9f21e0>,129,22,[5 3],130,434,456,304,434
1,<environment.Job instance at 0x7f22df9f2780>,132,23,[13  5],133,456,479,323,450
1,<environment.Job instance at 0x7f23253aef50>,26,13,[11  2],27,673,686,646,673
1,<environment.Job instance at 0x7f22df9f2be0>,134,20,[1 9],135,673,693,538,673
1,<environment.Job instance at 0x7f22df9f2f50>,137,20,[ 5 12],138,693,713,555,684
1,<environment.Job instance at 0x7f22df9f2b40>,143,26,[6 4],144,713,739,569,710
1,<environment.Job instance at 0x7f22df9f28c0>,146,24,[10  1],147,739,763,592,734
1,<environment.Job instance at 0x7f22df9f2820>,148,1,[1 7],149,734,735,585,734
1,<environment.Job instance at 0x7f232a4d70f0>,149,1,[10  4],150,763,764,613,735
1,<environment.Job instance at 0x7f232580c0f0>,150,1,[4 7],151,735,736,584,735
1,<environment.Job instance at 0x7f22df855f50>,0,27,[7 2],1,1,28,0,1
1,<environment.Job instance at 0x7f232a153140>,1,26,[ 5 11],2,2,28,0,2
1,<environment.Job instance at 0x7f22df6f3500>,19,2,[ 1 11],20,28,30,8,28
1,<environment.Job instance at 0x7f22df5e7eb0>,20,2,[8 1],21,28,30,7,28
1,<environment.Job instance at 0x7f232a49b5f0>,24,2,[1 6],25,32,34,7,32
1,<environment.Job instance at 0x7f232a2db0f0>,28,21,[5 3],29,41,62,12,41
1,<environment.Job instance at 0x7f232535c190>,29,2,[6 5],30,41,43,11,41
1,<environment.Job instance at 0x7f232535c5a0>,30,1,[1 7],31,41,42,10,41
1,<environment.Job instance at 0x7f22df815280>,33,24,[10  4],34,43,67,9,41
1,<environment.Job instance at 0x7f232a125eb0>,37,2,[ 3 11],38,62,64,24,62
1,<environment.Job instance at 0x7f232a125410>,40,2,[1 7],41,64,66,23,62
1,<environment.Job instance at 0x7f232a1251e0>,41,21,[2 7],42,66,87,24,62
1,<environment.Job instance at 0x7f232a277280>,50,1,[5 9],51,106,107,55,106
1,<environment.Job instance at 0x7f2329dad5f0>,51,1,[2 5],52,106,107,54,106
1,<environment.Job instance at 0x7f2329dadd20>,53,1,[ 3 10],54,111,112,57,111
1,<environment.Job instance at 0x7f22dfd46c80>,55,25,[8 3],56,111,136,55,111
1,<environment.Job instance at 0x7f232a691c80>,7,2,[9 3],8,8,10,0,8
1,<environment.Job instance at 0x7f22dfd46f00>,4,3,[5 5],5,9,12,4,9
1,<environment.Job instance at 0x7f22df489410>,11,26,[3 8],12,12,38,0,12
1,<environment.Job instance at 0x7f22df489f50>,12,1,[4 5],13,14,15,1,14
1,<environment.Job instance at 0x7f22dfbdc1e0>,19,2,[ 1 14],20,38,40,18,26
1,<environment.Job instance at 0x7f22dfbdc460>,24,24,[ 3 10],25,40,64,15,35
1,<environment.Job instance at 0x7f22dfbdc820>,28,24,[10  5],29,52,76,23,52
1,<environment.Job instance at 0x7f22dfbdcf00>,33,19,[5 5],34,64,83,30,54
1,<environment.Job instance at 0x7f22df56c690>,43,20,[1 7],44,101,121,57,101
1,<environment.Job instance at 0x7f22df56c9b0>,45,3,[ 4 13],46,121,124,75,113
1,<environment.Job instance at 0x7f22df56cfa0>,46,28,[2 6],47,124,152,77,123
1,<environment.Job instance at 0x7f22df56cc80>,49,26,[10  1],50,123,149,73,123
1,<environment.Job instance at 0x7f22df56c3c0>,53,3,[9 2],54,149,152,95,143
1,<environment.Job instance at 0x7f22df56c640>,54,2,[8 3],55,152,154,97,143
1,<environment.Job instance at 0x7f22df56caa0>,56,2,[3 7],57,147,149,90,147
1,<environment.Job instance at 0x7f22df57b050>,61,2,[10  4],62,174,176,112,174
1,<environment.Job instance at 0x7f22df57fd70>,66,2,[ 1 10],67,186,188,119,186
1,<environment.Job instance at 0x7f22df57fc30>,67,2,[2 8],68,188,190,120,187
1,<environment.Job instance at 0x7f22df57f820>,68,26,[5 7],69,188,214,119,187
1,<environment.Job instance at 0x7f22df57f280>,69,28,[ 4 10],70,214,242,144,213
1,<environment.Job instance at 0x7f22df57f4b0>,72,2,[ 4 11],73,242,244,169,236
1,<environment.Job instance at 0x7f22df57f1e0>,75,23,[ 3 10],76,244,267,168,238
1,<environment.Job instance at 0x7f22df57f050>,78,1,[ 1 10],79,267,268,188,243
1,<environment.Job instance at 0x7f22df57f910>,79,2,[1 5],80,244,246,164,243
1,<environment.Job instance at 0x7f22df57f500>,83,1,[7 2],84,267,268,183,267
1,<environment.Job instance at 0x7f22df57f320>,85,3,[3 9],86,268,271,182,268
1,<environment.Job instance at 0x7f22df4f9370>,86,1,[8 2],87,268,269,181,268
1,<environment.Job instance at 0x7f22df57f460>,87,18,[10  1],88,270,288,182,270
1,<environment.Job instance at 0x7f22df4f93c0>,90,23,[7 1],91,288,311,197,286
1,<environment.Job instance at 0x7f22df4f9280>,94,1,[1 8],95,289,290,194,289
1,<environment.Job instance at 0x7f22df4f96e0>,95,21,[5 2],96,289,310,193,289
1,<environment.Job instance at 0x7f22df4f9640>,96,3,[10  3],97,311,314,214,289
1,<environment.Job instance at 0x7f22df4f9fa0>,100,1,[10  1],101,314,315,213,299
1,<environment.Job instance at 0x7f22df628640>,8,24,[7 5],9,9,33,0,9
1,<environment.Job instance at 0x7f23252ac8c0>,11,21,[5 3],12,12,33,0,12
1,<environment.Job instance at 0x7f23253b9b90>,25,1,[8 1],26,33,34,7,26
1,<environment.Job instance at 0x7f2325491fa0>,27,25,[4 6],28,33,58,5,31
1,<environment.Job instance at 0x7f2325491e60>,30,1,[5 1],31,43,44,12,43
1,<environment.Job instance at 0x7f2325491460>,31,23,[10  1],32,44,67,12,43
1,<environment.Job instance at 0x7f2325491190>,33,26,[10  2],34,67,93,33,64
1,<environment.Job instance at 0x7f2325491730>,34,3,[ 3 12],35,67,70,32,67
1,<environment.Job instance at 0x7f22df6305f0>,37,1,[3 5],38,70,71,32,69
1,<environment.Job instance at 0x7f22df6309b0>,38,3,[10  1],39,93,96,54,69
1,<environment.Job instance at 0x7f22df6306e0>,39,1,[3 8],40,71,72,31,69
1,<environment.Job instance at 0x7f22df630460>,41,24,[4 8],42,72,96,30,72
1,<environment.Job instance at 0x7f22df6301e0>,43,2,[12  5],44,96,98,52,88
1,<environment.Job instance at 0x7f22df630a50>,47,1,[3 8],48,101,102,53,101
1,<environment.Job instance at 0x7f22df53fbe0>,49,1,[3 7],50,107,108,57,107
1,<environment.Job instance at 0x7f22df53f4b0>,50,2,[1 7],51,107,109,56,107
1,<environment.Job instance at 0x7f22df533190>,52,22,[10  1],53,107,129,54,107
1,<environment.Job instance at 0x7f22df5336e0>,54,23,[ 5 10],55,109,132,54,107
1,<environment.Job instance at 0x7f22df533e60>,59,23,[1 5],60,129,152,69,126
1,<environment.Job instance at 0x7f22dfb3db90>,62,1,[8 3],63,141,142,78,141
1,<environment.Job instance at 0x7f22dfb3df00>,63,25,[10  1],64,142,167,78,141
1,<environment.Job instance at 0x7f22df5330a0>,65,28,[1 7],66,154,182,88,154
1,<environment.Job instance at 0x7f22df53baf0>,69,3,[5 8],70,327,330,257,327
1,<environment.Job instance at 0x7f22dfb17230>,72,2,[ 5 10],73,335,337,262,335
1,<environment.Job instance at 0x7f22dfb17d70>,78,2,[8 4],79,390,392,311,390
1,<environment.Job instance at 0x7f22df512320>,79,2,[5 2],80,390,392,310,390
1,<environment.Job instance at 0x7f22df5123c0>,80,2,[3 5],81,392,394,311,390
1,<environment.Job instance at 0x7f22df512820>,81,1,[3 6],82,392,393,310,390
1,<environment.Job instance at 0x7f23259c1230>,1,1,[5 3],2,3,4,1,3
1,<environment.Job instance at 0x7f23254e5d70>,9,3,[4 8],10,23,26,13,23
1,<environment.Job instance at 0x7f22dfbc75a0>,11,3,[7 5],12,23,26,11,23
1,<environment.Job instance at 0x7f2329f43c30>,12,3,[8 5],13,26,29,13,26
1,<environment.Job instance at 0x7f2329f43b40>,13,3,[6 4],14,26,29,12,26
1,<environment.Job instance at 0x7f232a16ffa0>,14,2,[7 5],15,29,31,14,26
1,<environment.Job instance at 0x7f23254e5780>,8,17,[5 1],9,32,49,23,32
1,<environment.Job instance at 0x7f2329f43d70>,16,3,[1 8],17,32,35,15,32
1,<environment.Job instance at 0x7f22dfbdc190>,18,3,[2 7],19,36,39,17,36
1,<environment.Job instance at 0x7f232564eaf0>,0,3,[ 3 14],1,39,42,38,38
1,<environment.Job instance at 0x7f232560e280>,21,2,[3 5],22,42,44,20,38
1,<environment.Job instance at 0x7f232a2a5690>,22,3,[2 8],23,42,45,19,38
1,<environment.Job instance at 0x7f232a3e25f0>,25,1,[5 5],26,44,45,18,43
1,<environment.Job instance at 0x7f232a10f2d0>,27,25,[1 7],28,47,72,19,47
1,<environment.Job instance at 0x7f22df6d4320>,28,19,[5 8],29,49,68,20,47
1,<environment.Job instance at 0x7f2325660140>,31,2,[ 5 11],32,72,74,40,59
1,<environment.Job instance at 0x7f2329f441e0>,35,3,[ 3 11],36,74,77,38,69
1,<environment.Job instance at 0x7f2329f9f1e0>,36,1,[ 4 10],37,77,78,40,69
1,<environment.Job instance at 0x7f232570ccd0>,38,3,[5 3],39,76,79,37,76
1,<environment.Job instance at 0x7f23253a8640>,39,2,[5 9],40,78,80,38,76
1,<environment.Job instance at 0x7f2329e8da50>,42,20,[ 1 10],43,93,113,50,93
1,<environment.Job instance at 0x7f23259e01e0>,46,19,[4 8],47,113,132,66,106
1,<environment.Job instance at 0x7f23259e06e0>,47,2,[14  5],48,132,134,84,114
1,<environment.Job instance at 0x7f22dfe63dc0>,53,3,[ 2 10],54,134,137,80,127
1,<environment.Job instance at 0x7f2325493410>,55,1,[ 5 13],56,137,138,81,127
1,<environment.Job instance at 0x7f2325493050>,56,27,[6 1],57,134,161,77,132
1,<environment.Job instance at 0x7f23257208c0>,61,3,[5 4],62,145,148,83,145
1,<environment.Job instance at 0x7f232591a500>,64,23,[5 9],65,148,171,83,146
1,<environment.Job instance at 0x7f232591a280>,67,23,[6 2],68,161,184,93,155
1,<environment.Job instance at 0x7f232591aaf0>,69,1,[7 3],70,171,172,101,158
1,<environment.Job instance at 0x7f232591aeb0>,70,26,[6 1],71,172,198,101,169
1,<environment.Job instance at 0x7f232591a0a0>,71,2,[2 5],72,171,173,99,169
1,<environment.Job instance at 0x7f23253a90f0>,77,2,[10  5],78,198,200,120,197
1,<environment.Job instance at 0x7f23253a93c0>,78,2,[7 5],79,200,202,121,197
1,<environment.Job instance at 0x7f22dfad94b0>,83,19,[8 3],84,219,238,135,219
1,<environment.Job instance at 0x7f22df5e7550>,6,24,[1 8],7,7,31,0,7
1,<environment.Job instance at 0x7f2329e52370>,18,1,[5 3],19,33,34,14,33
1,<environment.Job instance at 0x7f2329e52cd0>,19,27,[10  2],20,33,60,13,33
1,<environment.Job instance at 0x7f2329e521e0>,21,23,[11  3],22,60,83,38,54
1,<environment.Job instance at 0x7f2329f53550>,27,1,[4 8],28,64,65,36,64
1,<environment.Job instance at 0x7f2329f53eb0>,24,18,[10  1],25,83,101,58,79
1,<environment.Job instance at 0x7f2329f530a0>,31,2,[5 2],32,84,86,52,84
1,<environment.Job instance at 0x7f2329f53a00>,29,18,[8 1],30,101,119,71,95
1,<environment.Job instance at 0x7f2329f53460>,34,3,[9 3],35,119,122,84,95
1,<environment.Job instance at 0x7f22df584280>,42,2,[3 5],43,131,133,88,131
1,<environment.Job instance at 0x7f232547d7d0>,45,22,[11  3],46,136,158,90,136
1,<environment.Job instance at 0x7f232547df00>,46,1,[ 5 12],47,158,159,111,136
1,<environment.Job instance at 0x7f232547db90>,48,28,[11  3],49,159,187,110,158
1,<environment.Job instance at 0x7f232547d1e0>,49,1,[5 4],50,187,188,137,159
1,<environment.Job instance at 0x7f232547ddc0>,50,1,[7 1],51,187,188,136,159
1,<environment.Job instance at 0x7f232547d4b0>,54,2,[5 8],55,188,190,133,162
1,<environment.Job instance at 0x7f232547d910>,55,1,[3 9],56,162,163,106,162
1,<environment.Job instance at 0x7f22df976a00>,56,2,[8 3],57,188,190,131,163
1,<environment.Job instance at 0x7f22df9764b0>,57,1,[5 9],58,190,191,132,163
1,<environment.Job instance at 0x7f22df976dc0>,59,2,[7 3],60,190,192,130,163
1,<environment.Job instance at 0x7f22df9760a0>,62,2,[8 5],63,191,193,128,172
1,<environment.Job instance at 0x7f22df9761e0>,63,27,[5 1],64,192,219,128,190
1,<environment.Job instance at 0x7f22df9767d0>,64,2,[1 8],65,192,194,127,190
1,<environment.Job instance at 0x7f22df9762d0>,66,23,[2 9],67,194,217,127,190
1,<environment.Job instance at 0x7f22df547460>,69,2,[10  5],70,217,219,147,198
1,<environment.Job instance at 0x7f22df9765f0>,67,1,[ 1 13],68,219,220,151,208
1,<environment.Job instance at 0x7f22df547e60>,74,28,[6 4],75,220,248,145,219
1,<environment.Job instance at 0x7f22df4ef780>,76,1,[3 5],77,220,221,143,220
1,<environment.Job instance at 0x7f22df4ef6e0>,79,2,[ 5 10],80,223,225,143,223
1,<environment.Job instance at 0x7f22df4efb40>,81,22,[6 1],82,228,250,146,228
1,<environment.Job instance at 0x7f22df4ef7d0>,85,17,[7 2],86,248,265,162,245
1,<environment.Job instance at 0x7f22df4ef410>,86,2,[9 2],87,265,267,178,245
1,<environment.Job instance at 0x7f22df4efeb0>,88,13,[1 5],89,250,263,161,250
1,<environment.Job instance at 0x7f22df4ef0f0>,90,1,[9 2],91,267,268,176,258
1,<environment.Job instance at 0x7f22df913500>,92,18,[1 5],93,266,284,173,266
1,<environment.Job instance at 0x7f22df9137d0>,98,1,[10  5],99,324,325,225,324
1,<environment.Job instance at 0x7f22df913230>,99,3,[8 1],100,325,328,225,324
1,<environment.Job instance at 0x7f22df913e10>,103,1,[3 9],104,371,372,267,371
1,<environment.Job instance at 0x7f22df913aa0>,105,24,[ 3 10],106,384,408,278,384
1,<environment.Job instance at 0x7f22df710640>,112,27,[1 6],113,427,454,314,427
1,<environment.Job instance at 0x7f22df710140>,113,1,[1 9],114,427,428,313,427
1,<environment.Job instance at 0x7f232547faf0>,8,1,[10  5],9,9,10,0,9
1,<environment.Job instance at 0x7f232547f5a0>,9,21,[4 6],10,10,31,0,10
1,<environment.Job instance at 0x7f2325487eb0>,10,3,[ 1 12],11,31,34,20,12
1,<environment.Job instance at 0x7f23254870a0>,17,3,[2 7],18,20,23,2,20
1,<environment.Job instance at 0x7f2325487e10>,18,25,[8 3],19,23,48,4,20
1,<environment.Job instance at 0x7f2325495d20>,22,26,[5 3],23,34,60,11,31
1,<environment.Job instance at 0x7f2325487be0>,16,21,[ 3 14],17,60,81,43,52
1,<environment.Job instance at 0x7f23254955f0>,24,24,[ 4 13],25,81,105,56,76
1,<environment.Job instance at 0x7f2325495a50>,26,19,[3 6],27,105,124,78,95
1,<environment.Job instance at 0x7f2325495730>,25,2,[ 4 14],26,124,126,98,114
1,<environment.Job instance at 0x7f2325495410>,29,24,[5 6],30,126,150,96,121
1,<environment.Job instance at 0x7f2325495460>,31,2,[5 7],32,121,123,89,121
1,<environment.Job instance at 0x7f22df4f4550>,39,3,[5 1],40,143,146,103,143
1,<environment.Job instance at 0x7f22df4f4910>,42,2,[10  1],43,146,148,103,143
1,<environment.Job instance at 0x7f22df4f43c0>,43,22,[5 3],44,148,170,104,143
1,<environment.Job instance at 0x7f22df4f4870>,46,3,[1 7],47,152,155,105,152
1,<environment.Job instance at 0x7f22df4f41e0>,48,1,[6 1],49,156,157,107,156
1,<environment.Job instance at 0x7f22df4f4a50>,50,20,[6 3],51,157,177,106,156
1,<environment.Job instance at 0x7f22df4d4140>,51,27,[8 3],52,170,197,118,168
1,<environment.Job instance at 0x7f22df4d4190>,52,3,[ 5 13],53,197,200,144,195
1,<environment.Job instance at 0x7f22df4d42d0>,53,1,[ 3 11],54,195,196,141,195
1,<environment.Job instance at 0x7f22df4d43c0>,56,2,[6 1],57,196,198,139,195
1,<environment.Job instance at 0x7f22df4d4550>,58,2,[5 5],59,200,202,141,195
1,<environment.Job instance at 0x7f22df4d45a0>,59,1,[4 7],60,200,201,140,195
1,<environment.Job instance at 0x7f22df4d4f00>,62,2,[3 7],63,201,203,138,195
1,<environment.Job instance at 0x7f22df5b6dc0>,70,28,[5 9],71,203,231,132,202
1,<environment.Job instance at 0x7f22df5b6a00>,75,25,[3 7],76,231,256,155,227
1,<environment.Job instance at 0x7f22df5b69b0>,76,24,[5 8],77,231,255,154,227
1,<environment.Job instance at 0x7f22df5b6460>,78,1,[7 1],79,256,257,177,256
1,<environment.Job instance at 0x7f22df5b6280>,79,3,[4 6],80,256,259,176,256
1,<environment.Job instance at 0x7f22df5b6d20>,82,1,[ 5 10],83,259,260,176,259
