iteration,job object,job ID,job Length,job ressource requirement,job enter time,job start time,job finish time,job waiting time,current time
1,<environment.Job instance at 0x7f93cc0e0a00>,5,2,[1 6],6,6,8,0,6
1,<environment.Job instance at 0x7f93d54e9500>,7,14,[7 5],8,22,36,14,8
1,<environment.Job instance at 0x7f93cc0e3140>,11,3,[4 9],12,13,16,1,13
1,<environment.Job instance at 0x7f93cc0e0fa0>,9,12,[8 2],10,36,48,26,20
1,<environment.Job instance at 0x7f93cc0e3550>,17,12,[5 1],18,48,60,30,31
1,<environment.Job instance at 0x7f93cc0e3910>,20,3,[10  5],21,60,63,39,50
1,<environment.Job instance at 0x7f93cc0e3370>,15,3,[2 8],16,51,54,35,51
1,<environment.Job instance at 0x7f93cc0e3960>,23,16,[6 2],24,63,79,39,51
1,<environment.Job instance at 0x7f93cc0e3a00>,24,2,[4 6],25,54,56,29,54
1,<environment.Job instance at 0x7f93cc0e3d70>,25,2,[5 7],26,56,58,30,54
1,<environment.Job instance at 0x7f93cc0e3c80>,26,12,[8 5],27,79,91,52,62
1,<environment.Job instance at 0x7f93cc0e3f00>,29,2,[4 7],30,65,67,35,65
1,<environment.Job instance at 0x7f93cc0e64b0>,34,14,[1 9],35,99,113,64,99
1,<environment.Job instance at 0x7f93cc0e6690>,37,14,[5 8],38,113,127,75,99
1,<environment.Job instance at 0x7f93cc0e6910>,41,1,[7 1],42,127,128,85,125
1,<environment.Job instance at 0x7f93cc0e69b0>,42,2,[4 7],43,128,130,85,125
1,<environment.Job instance at 0x7f93cc0e67d0>,39,14,[9 4],40,130,144,90,125
1,<environment.Job instance at 0x7f93cc0e6af0>,44,3,[5 1],45,144,147,99,125
1,<environment.Job instance at 0x7f93cc0e6cd0>,46,2,[3 5],47,144,146,97,126
1,<environment.Job instance at 0x7f93cc0e6a50>,43,12,[4 5],44,146,158,102,134
1,<environment.Job instance at 0x7f93cc0e3870>,21,18,[9 4],22,438,456,416,438
1,<environment.Job instance at 0x7f93cc0e6be0>,47,13,[ 3 10],48,456,469,408,442
1,<environment.Job instance at 0x7f93cc0e3320>,13,18,[5 9],14,664,682,650,664
1,<environment.Job instance at 0x7f93d5434b40>,1,2,[5 3],2,2,4,0,2
1,<environment.Job instance at 0x7f93cc0e3320>,2,2,[ 2 10],3,5,7,2,5
1,<environment.Job instance at 0x7f93cc0e3280>,3,3,[2 9],4,7,10,3,6
1,<environment.Job instance at 0x7f93d54341e0>,10,2,[2 6],11,11,13,0,11
1,<environment.Job instance at 0x7f93d5434960>,5,12,[2 6],6,13,25,7,11
1,<environment.Job instance at 0x7f93d5435500>,11,1,[7 5],12,25,26,13,12
1,<environment.Job instance at 0x7f93d5435190>,13,12,[5 3],14,26,38,12,14
1,<environment.Job instance at 0x7f93cc070cd0>,16,2,[7 2],17,17,19,0,17
1,<environment.Job instance at 0x7f93d5434140>,8,17,[3 7],9,26,43,17,23
1,<environment.Job instance at 0x7f93d56600a0>,25,3,[10  4],26,43,46,17,26
1,<environment.Job instance at 0x7f93d5660320>,26,13,[10  1],27,46,59,19,30
1,<environment.Job instance at 0x7f93d5660af0>,28,14,[6 1],29,59,73,30,45
1,<environment.Job instance at 0x7f93d5660dc0>,30,1,[5 5],31,73,74,42,45
1,<environment.Job instance at 0x7f93d5435690>,19,14,[9 4],20,74,88,54,59
1,<environment.Job instance at 0x7f93d55190f0>,36,3,[6 3],37,88,91,51,64
1,<environment.Job instance at 0x7f93d5519190>,35,15,[1 7],36,88,103,52,78
1,<environment.Job instance at 0x7f93d5519b90>,38,16,[4 9],39,103,119,64,90
1,<environment.Job instance at 0x7f93d5519cd0>,40,3,[6 1],41,91,94,50,91
1,<environment.Job instance at 0x7f93d5519f50>,42,12,[5 5],43,119,131,76,102
1,<environment.Job instance at 0x7f93d5519b40>,44,1,[ 5 10],45,131,132,86,103
1,<environment.Job instance at 0x7f93d5519d70>,45,3,[8 5],46,132,135,86,106
1,<environment.Job instance at 0x7f93d55198c0>,47,2,[6 2],48,135,137,87,108
1,<environment.Job instance at 0x7f93d56622d0>,48,1,[2 9],49,137,138,88,109
1,<environment.Job instance at 0x7f93cc0e95a0>,1,15,[2 7],2,8,23,6,8
1,<environment.Job instance at 0x7f938a4aeaf0>,7,18,[5 5],8,23,41,15,12
1,<environment.Job instance at 0x7f938a4ae3c0>,13,17,[5 1],14,14,31,0,14
1,<environment.Job instance at 0x7f938a4ae140>,15,2,[1 6],16,41,43,25,16
1,<environment.Job instance at 0x7f938a4aecd0>,14,1,[9 2],15,41,42,26,17
1,<environment.Job instance at 0x7f938a4d5eb0>,21,3,[1 6],22,43,46,21,39
1,<environment.Job instance at 0x7f938a4ae550>,18,16,[5 2],19,42,58,23,40
1,<environment.Job instance at 0x7f938a4d55a0>,23,3,[10  1],24,58,61,34,42
1,<environment.Job instance at 0x7f938a4d54b0>,24,1,[6 1],25,61,62,36,42
1,<environment.Job instance at 0x7f938a4d5870>,25,2,[7 4],26,62,64,36,42
1,<environment.Job instance at 0x7f938a4d5e60>,27,14,[7 2],28,64,78,36,58
1,<environment.Job instance at 0x7f938a4d56e0>,31,13,[3 8],32,64,77,32,58
1,<environment.Job instance at 0x7f938a4d5280>,29,13,[5 5],30,78,91,48,63
1,<environment.Job instance at 0x7f938a4d5b40>,34,12,[5 4],35,78,90,43,73
1,<environment.Job instance at 0x7f938a4d5be0>,22,18,[7 5],23,91,109,68,86
1,<environment.Job instance at 0x7f938a4a9960>,47,2,[3 8],48,109,111,61,98
1,<environment.Job instance at 0x7f938a4a9af0>,48,3,[4 8],49,111,114,62,98
1,<environment.Job instance at 0x7f938a4d5d70>,32,18,[10  4],33,114,132,81,110
1,<environment.Job instance at 0x7f938a4a95f0>,46,13,[10  5],47,138,151,91,138
1,<environment.Job instance at 0x7f938a7816e0>,4,1,[8 3],5,6,7,1,6
1,<environment.Job instance at 0x7f938a7812d0>,9,2,[ 4 10],10,17,19,7,17
1,<environment.Job instance at 0x7f938a55b410>,13,2,[9 4],14,21,23,7,21
1,<environment.Job instance at 0x7f938a55b0a0>,14,14,[10  5],15,30,44,15,30
1,<environment.Job instance at 0x7f938a55b190>,17,3,[5 6],18,44,47,26,30
1,<environment.Job instance at 0x7f938a781460>,6,12,[1 6],7,47,59,40,37
1,<environment.Job instance at 0x7f938a55bf00>,21,13,[5 7],22,59,72,37,43
1,<environment.Job instance at 0x7f938a796eb0>,30,17,[3 5],31,72,89,41,61
1,<environment.Job instance at 0x7f938a838820>,37,13,[9 5],38,89,102,51,76
1,<environment.Job instance at 0x7f938a796cd0>,27,16,[8 4],28,102,118,74,89
1,<environment.Job instance at 0x7f938a511a00>,43,12,[1 9],44,118,130,74,103
1,<environment.Job instance at 0x7f938a5112d0>,46,3,[7 5],47,130,133,83,104
1,<environment.Job instance at 0x7f938a511190>,47,2,[5 3],48,133,135,85,106
1,<environment.Job instance at 0x7f938a838500>,40,17,[9 5],41,135,152,94,123
1,<environment.Job instance at 0x7f938a511b90>,2,3,[8 2],3,4,7,1,4
1,<environment.Job instance at 0x7f938a7d5640>,6,16,[6 5],7,7,23,0,7
1,<environment.Job instance at 0x7f938a7d57d0>,11,17,[3 6],12,23,40,11,15
1,<environment.Job instance at 0x7f938a7d5820>,9,15,[5 5],10,40,55,30,26
1,<environment.Job instance at 0x7f938a7d5a00>,13,1,[4 8],14,55,56,41,27
1,<environment.Job instance at 0x7f938a7d5550>,12,13,[2 5],13,40,53,27,36
1,<environment.Job instance at 0x7f938a7d5e60>,20,3,[4 8],21,56,59,35,40
1,<environment.Job instance at 0x7f938a7c9280>,21,3,[5 3],22,59,62,37,40
1,<environment.Job instance at 0x7f938a7c9230>,22,15,[8 2],23,62,77,39,48
1,<environment.Job instance at 0x7f938a7d5e10>,16,16,[1 8],17,62,78,45,53
1,<environment.Job instance at 0x7f938a7c97d0>,27,12,[4 8],28,78,90,50,64
1,<environment.Job instance at 0x7f938a7c9370>,24,15,[8 5],25,90,105,65,76
1,<environment.Job instance at 0x7f938a7d34b0>,40,13,[5 9],41,105,118,64,92
1,<environment.Job instance at 0x7f938a7d35a0>,43,13,[9 2],44,118,131,74,102
1,<environment.Job instance at 0x7f938a7d3640>,47,14,[10  3],48,131,145,83,120
1,<environment.Job instance at 0x7f938a7d5be0>,19,17,[8 5],20,145,162,125,137
1,<environment.Job instance at 0x7f93d4c2d2d0>,3,1,[9 5],4,4,5,0,4
1,<environment.Job instance at 0x7f938a7c9050>,4,2,[7 1],5,5,7,0,5
1,<environment.Job instance at 0x7f93cbe9c460>,6,1,[2 6],7,7,8,0,7
1,<environment.Job instance at 0x7f93cbe9c3c0>,8,2,[5 3],9,9,11,0,9
1,<environment.Job instance at 0x7f93cbe9c190>,9,3,[4 8],10,11,14,1,10
1,<environment.Job instance at 0x7f93cbe9c410>,10,2,[4 5],11,14,16,3,11
1,<environment.Job instance at 0x7f93d4922050>,14,3,[5 4],15,16,19,1,16
1,<environment.Job instance at 0x7f93d4922f50>,16,15,[6 5],17,19,34,2,17
1,<environment.Job instance at 0x7f938a7df050>,0,13,[3 5],1,17,30,16,17
1,<environment.Job instance at 0x7f93cbe9ca00>,7,14,[10  5],8,34,48,26,21
1,<environment.Job instance at 0x7f93d4922b90>,19,18,[5 2],20,48,66,28,38
1,<environment.Job instance at 0x7f93cc1baf00>,22,18,[3 8],23,48,66,25,39
1,<environment.Job instance at 0x7f93d49edc80>,30,15,[5 8],31,66,81,35,54
1,<environment.Job instance at 0x7f93d49ed6e0>,33,2,[7 3],34,81,83,47,60
1,<environment.Job instance at 0x7f93d49ed550>,34,16,[7 5],35,83,99,48,70
1,<environment.Job instance at 0x7f93cbe8d2d0>,38,13,[8 4],39,99,112,60,83
1,<environment.Job instance at 0x7f93cbe8dd20>,40,2,[4 9],41,112,114,71,85
1,<environment.Job instance at 0x7f93d5061b90>,46,13,[8 2],47,114,127,67,98
1,<environment.Job instance at 0x7f93d49ed780>,32,15,[9 2],33,127,142,94,118
1,<environment.Job instance at 0x7f93cc1baf50>,20,18,[5 8],21,211,229,190,211
1,<environment.Job instance at 0x7f93cc405050>,0,1,[7 2],1,3,4,2,3
1,<environment.Job instance at 0x7f938a9c4050>,7,16,[5 3],8,9,25,1,9
1,<environment.Job instance at 0x7f938a8d2820>,8,14,[7 1],9,25,39,16,10
1,<environment.Job instance at 0x7f938a9c4cd0>,6,3,[4 5],7,10,13,3,10
1,<environment.Job instance at 0x7f938a9c4eb0>,10,3,[5 2],11,13,16,2,12
1,<environment.Job instance at 0x7f938a56bc80>,11,3,[9 4],12,39,42,27,13
1,<environment.Job instance at 0x7f938a9c43c0>,14,15,[2 6],15,22,37,7,22
1,<environment.Job instance at 0x7f938a56bcd0>,15,16,[7 5],16,42,58,26,29
1,<environment.Job instance at 0x7f93d4baf1e0>,23,16,[ 4 10],24,58,74,34,45
1,<environment.Job instance at 0x7f938a9460a0>,3,3,[7 5],4,4,7,0,4
1,<environment.Job instance at 0x7f938a26db40>,5,2,[6 3],6,7,9,1,6
1,<environment.Job instance at 0x7f938a26dbe0>,8,12,[6 4],9,9,21,0,9
1,<environment.Job instance at 0x7f938a26dfa0>,9,2,[8 2],10,21,23,11,10
1,<environment.Job instance at 0x7f938a286320>,12,2,[5 3],13,23,25,10,13
1,<environment.Job instance at 0x7f938a286870>,17,3,[10  5],18,25,28,7,18
1,<environment.Job instance at 0x7f938a2866e0>,15,13,[9 1],16,28,41,12,19
1,<environment.Job instance at 0x7f938a286a00>,19,2,[5 3],20,23,25,3,20
1,<environment.Job instance at 0x7f938a286b90>,20,12,[3 8],21,41,53,20,27
1,<environment.Job instance at 0x7f938a268230>,26,2,[2 7],27,53,55,26,28
1,<environment.Job instance at 0x7f938a286640>,16,18,[8 3],17,53,71,36,43
1,<environment.Job instance at 0x7f938a268870>,31,15,[5 7],32,71,86,39,57
1,<environment.Job instance at 0x7f938a268910>,32,17,[8 2],33,86,103,53,75
1,<environment.Job instance at 0x7f93cc03e230>,0,14,[2 9],1,103,117,102,89
1,<environment.Job instance at 0x7f938a268b90>,36,17,[7 4],37,117,134,80,105
1,<environment.Job instance at 0x7f938a268e10>,40,15,[1 9],41,134,149,93,120
1,<environment.Job instance at 0x7f938a288370>,46,16,[2 9],47,149,165,102,136
1,<environment.Job instance at 0x7f938a288230>,44,18,[10  5],45,232,250,187,232
1,<environment.Job instance at 0x7f938a268d70>,39,18,[10  4],40,250,268,210,242
1,<environment.Job instance at 0x7f938aa596e0>,3,18,[1 6],4,6,24,2,6
1,<environment.Job instance at 0x7f938a504370>,8,16,[9 2],9,9,25,0,9
1,<environment.Job instance at 0x7f938a504190>,9,1,[8 5],10,25,26,15,10
1,<environment.Job instance at 0x7f938a5045a0>,11,16,[4 5],12,26,42,14,14
1,<environment.Job instance at 0x7f93d5435280>,13,1,[8 3],14,42,43,28,18
1,<environment.Job instance at 0x7f938a504460>,12,2,[2 7],13,42,44,29,18
1,<environment.Job instance at 0x7f938a656b90>,16,2,[7 5],17,44,46,27,18
1,<environment.Job instance at 0x7f938a6568c0>,17,1,[2 8],18,46,47,28,18
1,<environment.Job instance at 0x7f93d5435af0>,15,14,[6 1],16,26,40,10,20
1,<environment.Job instance at 0x7f93cc383460>,18,3,[2 9],19,47,50,28,21
1,<environment.Job instance at 0x7f93cc1a3c30>,23,1,[7 1],24,43,44,19,28
1,<environment.Job instance at 0x7f93cc08c0a0>,20,12,[10  5],21,50,62,29,33
1,<environment.Job instance at 0x7f93d4e3beb0>,22,16,[6 4],23,62,78,39,55
1,<environment.Job instance at 0x7f938a96dbe0>,31,3,[7 4],32,78,81,46,56
1,<environment.Job instance at 0x7f938a7eb0f0>,30,13,[6 2],31,81,94,50,65
1,<environment.Job instance at 0x7f938a8f4eb0>,33,1,[5 8],34,94,95,60,67
1,<environment.Job instance at 0x7f93cbec8dc0>,35,17,[ 5 10],36,96,113,60,96
1,<environment.Job instance at 0x7f93cc476820>,36,14,[9 4],37,113,127,76,98
1,<environment.Job instance at 0x7f93d4e335a0>,41,1,[3 6],42,127,128,85,99
1,<environment.Job instance at 0x7f93d492f820>,43,13,[ 4 10],44,153,166,109,153
1,<environment.Job instance at 0x7f93d492ffa0>,45,3,[8 5],46,166,169,120,164
1,<environment.Job instance at 0x7f938a664b90>,46,14,[2 5],47,166,180,119,164
1,<environment.Job instance at 0x7f93d4e16f50>,4,1,[ 3 10],5,5,6,0,5
1,<environment.Job instance at 0x7f93d4e16730>,5,14,[3 8],6,9,23,3,9
1,<environment.Job instance at 0x7f93cc3f4320>,7,13,[3 7],8,23,36,15,10
1,<environment.Job instance at 0x7f938a765e10>,15,13,[6 3],16,23,36,7,17
1,<environment.Job instance at 0x7f938a9e3780>,10,12,[4 5],11,36,48,25,19
1,<environment.Job instance at 0x7f93cbf97500>,17,12,[6 2],18,36,48,18,20
1,<environment.Job instance at 0x7f938a7a9b90>,20,12,[3 7],21,48,60,27,31
1,<environment.Job instance at 0x7f93d4f4c780>,22,14,[5 3],23,48,62,25,35
1,<environment.Job instance at 0x7f93cc080910>,23,12,[2 7],24,60,72,36,43
1,<environment.Job instance at 0x7f93d4e6af50>,31,15,[7 1],32,62,77,30,55
1,<environment.Job instance at 0x7f93cc080500>,32,3,[8 3],33,77,80,44,55
1,<environment.Job instance at 0x7f938a701dc0>,33,2,[9 1],34,80,82,46,56
1,<environment.Job instance at 0x7f938a7019b0>,35,12,[4 5],36,82,94,46,66
1,<environment.Job instance at 0x7f93cc3f4870>,8,15,[2 9],9,94,109,85,81
1,<environment.Job instance at 0x7f938a8d2640>,43,14,[9 3],44,109,123,65,96
1,<environment.Job instance at 0x7f938a8d2320>,46,16,[1 9],47,123,139,76,110
1,<environment.Job instance at 0x7f938a8d2050>,47,16,[7 2],48,197,213,149,197
1,<environment.Job instance at 0x7f93cc5fff00>,1,1,[8 1],2,4,5,2,4
1,<environment.Job instance at 0x7f938a384730>,8,1,[9 2],9,28,29,19,28
1,<environment.Job instance at 0x7f93d4a6a0f0>,5,2,[9 1],6,29,31,23,28
1,<environment.Job instance at 0x7f93d4b81370>,3,16,[6 5],4,31,47,27,28
1,<environment.Job instance at 0x7f93d4a6a550>,12,13,[1 5],13,29,42,16,29
1,<environment.Job instance at 0x7f938a554aa0>,14,16,[6 1],15,47,63,32,34
1,<environment.Job instance at 0x7f938a5bdb90>,18,13,[9 1],19,63,76,44,49
1,<environment.Job instance at 0x7f938a5e3cd0>,21,14,[9 2],22,76,90,54,61
1,<environment.Job instance at 0x7f938a5459b0>,29,18,[1 7],30,66,84,36,66
1,<environment.Job instance at 0x7f938a8d2d20>,4,16,[9 5],5,90,106,85,83
1,<environment.Job instance at 0x7f938a561be0>,43,3,[5 7],44,116,119,72,116
1,<environment.Job instance at 0x7f938a561640>,44,2,[ 5 10],45,119,121,74,116
1,<environment.Job instance at 0x7f938a5617d0>,45,16,[4 7],46,121,137,75,116
1,<environment.Job instance at 0x7f938a562f50>,35,18,[4 6],36,137,155,101,126
1,<environment.Job instance at 0x7f938a561140>,39,18,[3 8],40,279,297,239,279
1,<environment.Job instance at 0x7f93cc3da550>,2,3,[6 5],3,3,6,0,3
1,<environment.Job instance at 0x7f93cc3da820>,0,3,[10  1],1,6,9,5,6
1,<environment.Job instance at 0x7f93cc3dad70>,6,2,[2 6],7,9,11,2,7
1,<environment.Job instance at 0x7f93d56607d0>,9,2,[4 7],10,11,13,1,10
1,<environment.Job instance at 0x7f93cc3da5a0>,5,15,[5 9],6,13,28,7,12
1,<environment.Job instance at 0x7f938a26e7d0>,13,12,[8 2],14,28,40,14,14
1,<environment.Job instance at 0x7f938a26eb90>,12,12,[2 9],13,40,52,27,23
1,<environment.Job instance at 0x7f93cc0c6fa0>,18,13,[5 5],19,52,65,33,36
1,<environment.Job instance at 0x7f93cc0c68c0>,23,14,[6 5],24,65,79,41,52
1,<environment.Job instance at 0x7f93cc0c6dc0>,26,12,[10  1],27,79,91,52,63
1,<environment.Job instance at 0x7f93cc0c6190>,34,1,[3 5],35,91,92,56,87
1,<environment.Job instance at 0x7f93cc0c6c30>,30,17,[5 6],31,92,109,61,87
1,<environment.Job instance at 0x7f93cc3a8780>,36,15,[10  2],37,109,124,72,109
1,<environment.Job instance at 0x7f93cc3a8b90>,40,16,[10  1],41,124,140,83,112
1,<environment.Job instance at 0x7f938a9f6aa0>,6,14,[8 4],7,12,26,5,12
1,<environment.Job instance at 0x7f93cc1645a0>,7,14,[9 2],8,26,40,18,26
1,<environment.Job instance at 0x7f93d5027e60>,9,3,[3 7],10,40,43,30,26
1,<environment.Job instance at 0x7f93d4d8fc30>,13,1,[5 5],14,43,44,29,26
1,<environment.Job instance at 0x7f938a98baf0>,16,3,[3 9],17,44,47,27,27
1,<environment.Job instance at 0x7f938a98bb90>,17,15,[6 1],18,44,59,26,31
1,<environment.Job instance at 0x7f93cc4308c0>,20,3,[1 9],21,47,50,26,31
1,<environment.Job instance at 0x7f93cc1704b0>,21,14,[3 6],22,50,64,28,37
1,<environment.Job instance at 0x7f93d4d8ff00>,14,18,[6 2],15,59,77,44,59
1,<environment.Job instance at 0x7f93cc1707d0>,27,15,[9 1],28,77,92,49,63
1,<environment.Job instance at 0x7f938a1f1cd0>,30,13,[5 4],31,92,105,61,80
1,<environment.Job instance at 0x7f938a61ee60>,32,3,[9 5],33,105,108,72,85
1,<environment.Job instance at 0x7f93d4e6b780>,34,2,[9 2],35,108,110,73,85
1,<environment.Job instance at 0x7f938a61e320>,35,15,[6 2],36,110,125,74,96
1,<environment.Job instance at 0x7f938a84c960>,37,3,[10  1],38,125,128,87,99
1,<environment.Job instance at 0x7f938a84c050>,40,17,[5 2],41,128,145,87,116
1,<environment.Job instance at 0x7f938a2576e0>,42,12,[6 2],43,145,157,102,129
1,<environment.Job instance at 0x7f938a257dc0>,44,1,[2 8],45,129,130,84,129
1,<environment.Job instance at 0x7f93cc295730>,46,16,[8 2],47,157,173,110,144
1,<environment.Job instance at 0x7f938a9f6c30>,0,17,[10  2],1,173,190,172,164
1,<environment.Job instance at 0x7f93cc295a50>,48,14,[8 5],49,190,204,141,175
1,<environment.Job instance at 0x7f938a17e6e0>,2,12,[7 2],3,3,15,0,3
1,<environment.Job instance at 0x7f938a80f500>,4,14,[ 1 10],5,15,29,10,6
1,<environment.Job instance at 0x7f93cc04f4b0>,6,3,[4 9],7,29,32,22,10
1,<environment.Job instance at 0x7f93cbebb280>,10,12,[2 9],11,32,44,21,15
1,<environment.Job instance at 0x7f93d4fbc780>,15,15,[5 6],16,44,59,28,33
1,<environment.Job instance at 0x7f93cbebb050>,12,16,[5 4],13,44,60,31,34
1,<environment.Job instance at 0x7f938a53c780>,19,1,[5 5],20,59,60,39,44
1,<environment.Job instance at 0x7f938a19eaa0>,20,16,[5 4],21,60,76,39,51
1,<environment.Job instance at 0x7f938a19abe0>,22,3,[3 7],23,76,79,53,51
1,<environment.Job instance at 0x7f93cc608460>,24,17,[3 5],25,79,96,54,68
1,<environment.Job instance at 0x7f938a129f00>,29,13,[10  5],30,96,109,66,83
1,<environment.Job instance at 0x7f938a1a29b0>,32,14,[2 6],33,109,123,76,94
1,<environment.Job instance at 0x7f938a1a2e60>,36,12,[1 7],37,123,135,86,106
1,<environment.Job instance at 0x7f938a1a2dc0>,38,16,[1 7],39,135,151,96,122
1,<environment.Job instance at 0x7f938a17f320>,43,3,[3 8],44,151,154,107,133
1,<environment.Job instance at 0x7f938a17fc30>,45,13,[6 4],46,154,167,108,139
1,<environment.Job instance at 0x7f938a17f370>,48,2,[ 1 10],49,167,169,118,149
1,<environment.Job instance at 0x7f938a16e190>,0,2,[2 7],1,1,3,0,1
1,<environment.Job instance at 0x7f93d4d952d0>,7,2,[8 3],8,9,11,1,9
1,<environment.Job instance at 0x7f93d4d955a0>,10,13,[5 8],11,13,26,2,13
1,<environment.Job instance at 0x7f93d4d95780>,13,15,[6 2],14,26,41,12,16
1,<environment.Job instance at 0x7f93d4d95e10>,19,2,[4 7],20,26,28,6,22
1,<environment.Job instance at 0x7f93d4d95f00>,21,16,[1 6],22,28,44,6,22
1,<environment.Job instance at 0x7f93d4d7c320>,22,1,[5 3],23,41,42,18,23
1,<environment.Job instance at 0x7f93d4d7c5f0>,26,12,[4 8],27,44,56,17,34
1,<environment.Job instance at 0x7f93d4d7c910>,28,12,[7 5],29,56,68,27,39
1,<environment.Job instance at 0x7f93d4d7ca50>,29,12,[1 9],30,68,80,38,51
1,<environment.Job instance at 0x7f93d4d7c9b0>,34,12,[1 5],35,80,92,45,63
1,<environment.Job instance at 0x7f93d4d7cd70>,35,14,[5 2],36,80,94,44,67
1,<environment.Job instance at 0x7f93d4d7ccd0>,33,12,[9 3],34,94,106,60,79
1,<environment.Job instance at 0x7f93d4db7230>,42,12,[8 3],43,106,118,63,94
1,<environment.Job instance at 0x7f938a17f550>,1,16,[8 4],2,118,134,116,105
1,<environment.Job instance at 0x7f93d4db7870>,47,1,[5 6],48,134,135,86,110
1,<environment.Job instance at 0x7f93d4db7910>,48,14,[4 5],49,137,151,88,137
1,<environment.Job instance at 0x7f93d4db7550>,45,18,[3 9],46,216,234,170,216
1,<environment.Job instance at 0x7f938a12cc30>,9,14,[4 7],10,10,24,0,10
1,<environment.Job instance at 0x7f93d4d10f50>,7,13,[4 7],8,24,37,16,11
1,<environment.Job instance at 0x7f938a12c410>,13,17,[6 1],14,22,39,8,22
1,<environment.Job instance at 0x7f938a12c9b0>,14,3,[9 2],15,39,42,24,22
1,<environment.Job instance at 0x7f938a12c230>,15,3,[8 2],16,42,45,26,22
1,<environment.Job instance at 0x7f93d4d10cd0>,8,13,[ 3 10],9,45,58,36,29
1,<environment.Job instance at 0x7f93d5430eb0>,20,3,[ 1 10],21,58,61,37,46
1,<environment.Job instance at 0x7f93d54301e0>,21,2,[ 2 10],22,61,63,39,46
1,<environment.Job instance at 0x7f93d5430050>,22,3,[5 7],23,63,66,40,46
1,<environment.Job instance at 0x7f93d5430460>,23,3,[4 8],24,66,69,42,46
1,<environment.Job instance at 0x7f93d5430730>,24,12,[3 7],25,69,81,44,52
1,<environment.Job instance at 0x7f93d5430d70>,28,15,[6 2],29,66,81,37,56
1,<environment.Job instance at 0x7f93d5430960>,30,18,[1 7],31,81,99,50,70
1,<environment.Job instance at 0x7f938a5ac960>,32,14,[8 5],33,99,113,66,84
1,<environment.Job instance at 0x7f938a5acc80>,38,16,[8 4],39,113,129,74,102
1,<environment.Job instance at 0x7f938a5ac050>,42,1,[6 5],43,129,130,86,120
1,<environment.Job instance at 0x7f938a5acd70>,43,18,[ 2 10],44,130,148,86,120
1,<environment.Job instance at 0x7f938a345500>,48,1,[6 4],49,148,149,99,142
1,<environment.Job instance at 0x7f938a345c80>,46,12,[5 9],47,159,171,112,159
1,<environment.Job instance at 0x7f938a12c3c0>,11,17,[10  5],12,209,226,197,209
1,<environment.Job instance at 0x7f938aa32140>,2,2,[10  4],3,3,5,0,3
1,<environment.Job instance at 0x7f93cc588a50>,5,14,[7 3],6,6,20,0,6
1,<environment.Job instance at 0x7f93cc450fa0>,6,2,[5 7],7,20,22,13,9
1,<environment.Job instance at 0x7f938a7180f0>,10,12,[3 6],11,22,34,11,11
1,<environment.Job instance at 0x7f93d50456e0>,12,1,[5 5],13,34,35,21,13
1,<environment.Job instance at 0x7f938a2d9b90>,17,17,[2 7],18,35,52,17,24
1,<environment.Job instance at 0x7f938a8b1c80>,20,15,[6 3],21,35,50,14,29
1,<environment.Job instance at 0x7f93d48ec1e0>,1,12,[3 9],2,52,64,50,35
1,<environment.Job instance at 0x7f93cc265370>,26,15,[5 1],27,50,65,23,43
1,<environment.Job instance at 0x7f938a93fd70>,27,3,[3 8],28,64,67,36,43
1,<environment.Job instance at 0x7f938a93f500>,28,12,[1 8],29,67,79,38,50
1,<environment.Job instance at 0x7f938aa53af0>,31,15,[6 3],32,79,94,47,65
1,<environment.Job instance at 0x7f93cc0096e0>,32,12,[6 2],33,65,77,32,65
1,<environment.Job instance at 0x7f938a80e640>,36,13,[6 5],37,94,107,57,78
1,<environment.Job instance at 0x7f938a8b12d0>,21,18,[5 9],22,107,125,85,98
1,<environment.Job instance at 0x7f93cbfe8f50>,15,14,[10  1],16,125,139,109,113
1,<environment.Job instance at 0x7f938a8355f0>,47,2,[4 6],48,139,141,91,125
1,<environment.Job instance at 0x7f938a3729b0>,44,18,[3 6],45,141,159,96,133
1,<environment.Job instance at 0x7f93cc1709b0>,7,3,[ 4 10],8,8,11,0,8
1,<environment.Job instance at 0x7f938a8d9780>,8,2,[2 5],9,11,13,2,9
1,<environment.Job instance at 0x7f93cc1bd820>,9,12,[7 5],10,11,23,1,10
1,<environment.Job instance at 0x7f938a8c0190>,14,12,[10  2],15,23,35,8,15
1,<environment.Job instance at 0x7f938a8cb050>,10,18,[5 6],11,35,53,24,24
1,<environment.Job instance at 0x7f93d4cdf460>,19,14,[5 1],20,36,50,16,36
1,<environment.Job instance at 0x7f93d4cf4d20>,16,13,[9 1],17,53,66,36,37
1,<environment.Job instance at 0x7f938a733e10>,27,1,[5 3],28,50,51,22,47
1,<environment.Job instance at 0x7f938a733280>,28,3,[9 3],29,66,69,37,47
1,<environment.Job instance at 0x7f938a729e10>,29,13,[8 5],30,69,82,39,55
1,<environment.Job instance at 0x7f938a7295f0>,33,16,[6 3],34,82,98,48,69
1,<environment.Job instance at 0x7f938a729730>,38,2,[5 5],39,98,100,59,71
1,<environment.Job instance at 0x7f938a729af0>,35,13,[4 7],36,82,95,46,73
1,<environment.Job instance at 0x7f938a7576e0>,45,2,[1 5],46,104,106,58,104
1,<environment.Job instance at 0x7f938a7298c0>,32,13,[ 3 10],33,106,119,73,104
1,<environment.Job instance at 0x7f93d4cd8780>,47,13,[5 3],48,119,132,71,105
1,<environment.Job instance at 0x7f93cc0aa5f0>,0,17,[5 8],1,247,264,246,247
1,<environment.Job instance at 0x7f938a628320>,4,1,[6 4],5,5,6,0,5
1,<environment.Job instance at 0x7f93d50bc410>,7,13,[5 8],8,8,21,0,8
1,<environment.Job instance at 0x7f93d50bc4b0>,8,13,[5 5],9,21,34,12,9
1,<environment.Job instance at 0x7f93d50bc550>,10,14,[6 3],11,34,48,23,19
1,<environment.Job instance at 0x7f93d50bc5f0>,15,3,[2 6],16,34,37,18,30
1,<environment.Job instance at 0x7f938a9d05f0>,19,17,[1 5],20,48,65,28,48
1,<environment.Job instance at 0x7f93d50bc280>,11,18,[8 1],12,48,66,36,48
1,<environment.Job instance at 0x7f938a9d0aa0>,22,17,[3 5],23,66,83,43,54
1,<environment.Job instance at 0x7f938a9d0e10>,26,17,[7 3],27,66,83,39,60
1,<environment.Job instance at 0x7f938a9d0370>,25,13,[10  5],26,83,96,57,67
1,<environment.Job instance at 0x7f93d4c2d4b0>,31,17,[9 4],32,96,113,64,84
1,<environment.Job instance at 0x7f93d4c2d7d0>,35,14,[10  1],36,113,127,77,101
1,<environment.Job instance at 0x7f93d50bc910>,9,17,[ 2 10],10,127,144,117,117
1,<environment.Job instance at 0x7f938a628190>,0,16,[ 2 10],1,144,160,143,139
1,<environment.Job instance at 0x7f93d4c2d730>,45,3,[5 3],46,160,163,114,144
1,<environment.Job instance at 0x7f938a950c80>,5,1,[10  5],6,6,7,0,6
1,<environment.Job instance at 0x7f938a415dc0>,4,12,[7 1],5,8,20,3,8
1,<environment.Job instance at 0x7f938a415230>,6,13,[8 4],7,20,33,13,9
1,<environment.Job instance at 0x7f938a2bfeb0>,9,2,[6 4],10,33,35,23,10
1,<environment.Job instance at 0x7f938a2bfd70>,11,3,[5 9],12,35,38,23,13
1,<environment.Job instance at 0x7f93cc43d820>,13,2,[7 5],14,38,40,24,14
1,<environment.Job instance at 0x7f938a415640>,12,3,[7 1],13,40,43,27,21
1,<environment.Job instance at 0x7f93cc461320>,16,14,[5 7],17,43,57,26,31
1,<environment.Job instance at 0x7f93d48ed5f0>,19,12,[1 6],20,57,69,37,40
1,<environment.Job instance at 0x7f93d4d40f00>,21,3,[7 5],22,69,72,47,46
1,<environment.Job instance at 0x7f938a4158c0>,7,17,[6 2],8,72,89,64,60
1,<environment.Job instance at 0x7f93cbefff50>,26,16,[7 5],27,89,105,62,76
1,<environment.Job instance at 0x7f93cc5b16e0>,28,13,[7 1],29,105,118,76,90
1,<environment.Job instance at 0x7f938a7ba410>,30,3,[9 1],31,118,121,87,99
1,<environment.Job instance at 0x7f938a699820>,20,18,[6 4],21,121,139,100,110
1,<environment.Job instance at 0x7f938a49d050>,38,17,[9 2],39,139,156,100,128
1,<environment.Job instance at 0x7f938a6ef500>,41,13,[5 2],42,156,169,114,140
1,<environment.Job instance at 0x7f938a6ef870>,42,18,[5 3],43,157,175,114,157
1,<environment.Job instance at 0x7f938a6ef0f0>,44,18,[6 3],45,175,193,130,164
1,<environment.Job instance at 0x7f93d53e21e0>,48,13,[2 7],49,169,182,120,166
1,<environment.Job instance at 0x7f2554e0c550>,0,17,[6 1],1,6,23,5,6
1,<environment.Job instance at 0x7f254d9feaa0>,5,2,[1 6],6,8,10,2,8
1,<environment.Job instance at 0x7f2554e0c460>,2,14,[ 2 10],3,23,37,20,8
1,<environment.Job instance at 0x7f254da01410>,15,3,[2 8],16,37,40,21,25
1,<environment.Job instance at 0x7f254d9fef00>,9,12,[8 2],10,37,49,27,27
1,<environment.Job instance at 0x7f254da01870>,21,18,[9 4],22,56,74,34,56
1,<environment.Job instance at 0x7f254da01c30>,25,2,[5 7],26,74,76,48,57
1,<environment.Job instance at 0x7f254da01910>,20,3,[10  5],21,76,79,55,60
1,<environment.Job instance at 0x7f254da01e10>,26,12,[8 5],27,79,91,52,62
1,<environment.Job instance at 0x7f254da044b0>,34,14,[1 9],35,98,112,63,98
1,<environment.Job instance at 0x7f254da04730>,38,2,[6 1],39,98,100,59,98
1,<environment.Job instance at 0x7f254da047d0>,39,14,[9 4],40,112,126,72,98
1,<environment.Job instance at 0x7f254da04910>,41,1,[7 1],42,126,127,84,124
1,<environment.Job instance at 0x7f254da049b0>,42,2,[4 7],43,127,129,84,124
1,<environment.Job instance at 0x7f254da04af0>,44,3,[5 1],45,127,130,82,124
1,<environment.Job instance at 0x7f254da04b90>,45,15,[7 5],46,130,145,84,124
1,<environment.Job instance at 0x7f254da04b40>,48,12,[9 2],49,145,157,96,131
1,<environment.Job instance at 0x7f254da04fa0>,51,2,[5 3],52,157,159,105,137
1,<environment.Job instance at 0x7f254da072d0>,53,3,[2 9],54,159,162,105,137
1,<environment.Job instance at 0x7f254da07410>,55,12,[2 6],56,162,174,106,145
1,<environment.Job instance at 0x7f254da076e0>,56,3,[8 4],57,162,165,105,145
1,<environment.Job instance at 0x7f254da04d20>,49,17,[10  2],50,174,191,124,163
1,<environment.Job instance at 0x7f2554f820a0>,5,1,[5 8],6,6,7,0,6
1,<environment.Job instance at 0x7f2554f82cd0>,6,2,[7 2],7,7,9,0,7
1,<environment.Job instance at 0x7f254da04eb0>,2,14,[4 9],3,9,23,6,9
1,<environment.Job instance at 0x7f2554f82eb0>,8,14,[6 4],9,23,37,14,10
1,<environment.Job instance at 0x7f2554f7ff00>,12,18,[3 5],13,23,41,10,14
1,<environment.Job instance at 0x7f2554e38050>,21,14,[8 5],22,41,55,19,26
1,<environment.Job instance at 0x7f2554e38730>,24,1,[5 5],25,37,38,12,28
1,<environment.Job instance at 0x7f2554e38cd0>,26,3,[6 3],27,38,41,11,33
1,<environment.Job instance at 0x7f2554f87b90>,17,16,[8 1],18,55,71,37,44
1,<environment.Job instance at 0x7f2554e38e60>,25,15,[1 7],26,55,70,29,44
1,<environment.Job instance at 0x7f2554f88280>,32,12,[5 5],33,71,83,38,54
1,<environment.Job instance at 0x7f2554e38870>,31,18,[5 4],32,71,89,39,60
1,<environment.Job instance at 0x7f2554f88050>,39,2,[7 5],40,89,91,49,62
1,<environment.Job instance at 0x7f2554f889b0>,36,18,[2 6],37,91,109,54,80
1,<environment.Job instance at 0x7f2554f88320>,42,13,[9 4],43,109,122,66,94
1,<environment.Job instance at 0x7f2554f7ef50>,52,12,[1 6],53,109,121,56,95
1,<environment.Job instance at 0x7f2554f7e280>,53,17,[5 1],54,122,139,68,110
1,<environment.Job instance at 0x7f2554f7efa0>,54,1,[9 2],55,139,140,84,111
1,<environment.Job instance at 0x7f2554e36410>,58,16,[5 2],59,122,138,63,115
1,<environment.Job instance at 0x7f2554e36410>,4,1,[6 1],5,6,7,1,6
1,<environment.Job instance at 0x7f2509da1190>,7,14,[7 2],8,8,22,0,8
1,<environment.Job instance at 0x7f2509da10a0>,8,1,[7 1],9,22,23,13,9
1,<environment.Job instance at 0x7f2509da1be0>,14,12,[5 4],15,23,35,8,15
1,<environment.Job instance at 0x7f2509da1960>,11,13,[3 8],12,35,48,23,20
1,<environment.Job instance at 0x7f2509da1a50>,18,3,[4 6],19,23,26,4,20
1,<environment.Job instance at 0x7f2509dcdcd0>,20,2,[7 5],21,48,50,27,21
1,<environment.Job instance at 0x7f2509da1730>,15,15,[8 3],16,50,65,34,37
1,<environment.Job instance at 0x7f2509dcd1e0>,23,1,[2 7],24,50,51,26,37
1,<environment.Job instance at 0x7f2509dcd5a0>,27,2,[3 8],28,65,67,37,44
1,<environment.Job instance at 0x7f2509dcd910>,28,3,[4 8],29,67,70,38,44
1,<environment.Job instance at 0x7f2509da1e10>,10,17,[9 5],11,70,87,59,58
1,<environment.Job instance at 0x7f2509dcd190>,36,12,[1 6],37,87,99,50,71
1,<environment.Job instance at 0x7f2509db00f0>,38,2,[9 1],39,87,89,48,73
1,<environment.Job instance at 0x7f2509db0e10>,39,2,[ 4 10],40,99,101,59,74
1,<environment.Job instance at 0x7f2509db01e0>,45,2,[5 6],46,101,103,55,95
1,<environment.Job instance at 0x7f2509db0be0>,44,14,[10  5],45,103,117,58,95
1,<environment.Job instance at 0x7f2509db0050>,47,3,[5 6],48,117,120,69,95
1,<environment.Job instance at 0x7f2509db0690>,50,17,[4 7],51,120,137,69,108
1,<environment.Job instance at 0x7f2509db08c0>,55,17,[5 1],56,121,138,65,121
1,<environment.Job instance at 0x7f2509db0870>,56,3,[10  3],57,138,141,81,122
1,<environment.Job instance at 0x7f2509da6a50>,57,16,[8 4],58,141,157,83,130
1,<environment.Job instance at 0x7f250a1babe0>,2,1,[8 3],3,3,4,0,3
1,<environment.Job instance at 0x7f250a1ba230>,9,1,[5 3],10,10,11,0,10
1,<environment.Job instance at 0x7f2509da6b40>,4,19,[6 2],5,11,30,6,10
1,<environment.Job instance at 0x7f250a15ac30>,11,3,[9 5],12,30,33,18,12
1,<environment.Job instance at 0x7f250a1baf50>,13,12,[1 9],14,33,45,19,17
1,<environment.Job instance at 0x7f250a1bae60>,7,13,[9 5],8,45,58,37,33
1,<environment.Job instance at 0x7f250a15a5f0>,19,3,[10  4],20,58,61,38,54
1,<environment.Job instance at 0x7f2509cb34b0>,22,3,[8 2],23,61,64,38,57
1,<environment.Job instance at 0x7f2509cb3460>,23,14,[5 9],24,64,78,40,57
1,<environment.Job instance at 0x7f2509cb3910>,26,16,[6 5],27,78,94,51,66
1,<environment.Job instance at 0x7f2509cb3b40>,27,2,[10  3],28,94,96,66,67
1,<environment.Job instance at 0x7f2509dd5500>,29,15,[5 5],30,96,111,66,83
1,<environment.Job instance at 0x7f2509dd54b0>,33,1,[4 8],34,111,112,77,92
1,<environment.Job instance at 0x7f2509dd5d20>,36,16,[1 8],37,116,132,79,116
1,<environment.Job instance at 0x7f2509dd5f00>,31,17,[3 6],32,132,149,100,120
1,<environment.Job instance at 0x7f2509dd5e60>,40,3,[4 8],41,149,152,108,126
1,<environment.Job instance at 0x7f2509dd5aa0>,41,3,[5 3],42,132,135,90,128
1,<environment.Job instance at 0x7f250a1d19b0>,43,18,[5 1],44,135,153,91,132
1,<environment.Job instance at 0x7f2509dd50a0>,42,15,[8 2],43,153,168,110,140
1,<environment.Job instance at 0x7f250a1d1b90>,47,12,[4 8],48,168,180,120,151
1,<environment.Job instance at 0x7f250a344640>,51,1,[ 5 10],52,180,181,128,168
1,<environment.Job instance at 0x7f250a344370>,52,2,[10  4],53,181,183,128,168
1,<environment.Job instance at 0x7f2509dc92d0>,54,2,[3 8],55,183,185,128,168
1,<environment.Job instance at 0x7f2509dc9050>,55,18,[5 4],56,185,203,129,174
1,<environment.Job instance at 0x7f2509dc9320>,56,1,[5 1],57,174,175,117,174
1,<environment.Job instance at 0x7f250a32ae60>,58,13,[2 7],59,203,216,144,190
1,<environment.Job instance at 0x7f250a32ae60>,4,13,[4 5],5,8,21,3,8
1,<environment.Job instance at 0x7f250a3a0e60>,8,3,[5 1],9,9,12,0,9
1,<environment.Job instance at 0x7f250a3a0aa0>,10,13,[3 5],11,12,25,1,12
1,<environment.Job instance at 0x7f250a3c20a0>,11,16,[5 8],12,25,41,13,14
1,<environment.Job instance at 0x7f250a3c2c80>,20,2,[4 5],21,21,23,0,21
1,<environment.Job instance at 0x7f250a3c2e60>,24,3,[5 4],25,41,44,16,31
1,<environment.Job instance at 0x7f250a3c2820>,17,14,[10  5],18,44,58,26,32
1,<environment.Job instance at 0x7f250a39f4b0>,29,18,[5 2],30,58,76,28,47
1,<environment.Job instance at 0x7f250a39f780>,32,18,[3 8],33,58,76,25,55
1,<environment.Job instance at 0x7f250a39f7d0>,33,13,[8 3],34,76,89,42,60
1,<environment.Job instance at 0x7f250a39fbe0>,37,15,[3 6],38,89,104,51,76
1,<environment.Job instance at 0x7f250a39fb40>,42,15,[9 2],43,104,119,61,93
1,<environment.Job instance at 0x7f254db6da50>,0,13,[5 9],1,119,132,118,105
1,<environment.Job instance at 0x7f250a3c17d0>,52,2,[2 9],53,132,134,79,119
1,<environment.Job instance at 0x7f250a3c1050>,53,15,[7 2],54,134,149,80,121
1,<environment.Job instance at 0x7f250a3c1a00>,56,13,[8 2],57,149,162,92,133
1,<environment.Job instance at 0x7f250a39f230>,25,18,[ 1 10],26,195,213,169,195
1,<environment.Job instance at 0x7f2550165d70>,7,16,[5 3],8,8,24,0,8
1,<environment.Job instance at 0x7f2550165460>,8,14,[7 1],9,24,38,15,9
1,<environment.Job instance at 0x7f25504417d0>,10,3,[5 2],11,11,14,0,11
1,<environment.Job instance at 0x7f2550441370>,12,2,[6 5],13,38,40,25,13
1,<environment.Job instance at 0x7f2550441500>,14,15,[2 6],15,16,31,1,16
1,<environment.Job instance at 0x7f2550446cd0>,16,1,[9 2],17,40,41,23,25
1,<environment.Job instance at 0x7f2550446b90>,17,2,[1 8],18,31,33,13,25
1,<environment.Job instance at 0x7f2550446e60>,18,14,[9 4],19,41,55,22,26
1,<environment.Job instance at 0x7f2550446dc0>,20,16,[8 3],21,55,71,34,43
1,<environment.Job instance at 0x7f25504465f0>,19,18,[5 6],20,71,89,51,60
1,<environment.Job instance at 0x7f254dad1e10>,2,2,[5 3],3,3,5,0,3
1,<environment.Job instance at 0x7f25504ff780>,3,3,[4 6],4,4,7,0,4
1,<environment.Job instance at 0x7f2550160280>,9,2,[5 3],10,10,12,0,10
1,<environment.Job instance at 0x7f254db21820>,8,16,[5 2],9,12,28,3,12
1,<environment.Job instance at 0x7f254da44320>,10,12,[3 8],11,13,25,2,13
1,<environment.Job instance at 0x7f25504ffcd0>,5,13,[9 1],6,28,41,22,14
1,<environment.Job instance at 0x7f2509e2c1e0>,15,15,[1 5],16,25,40,9,20
1,<environment.Job instance at 0x7f2509fc9730>,17,13,[ 5 10],18,41,54,23,29
1,<environment.Job instance at 0x7f2509f065f0>,22,17,[8 2],23,54,71,31,42
1,<environment.Job instance at 0x7f254dad8320>,12,14,[2 8],13,54,68,41,48
1,<environment.Job instance at 0x7f254d914500>,29,18,[10  4],30,71,89,41,60
1,<environment.Job instance at 0x7f25503e0d70>,33,14,[5 6],34,89,103,55,74
1,<environment.Job instance at 0x7f25503e0fa0>,36,16,[2 9],37,103,119,66,90
1,<environment.Job instance at 0x7f254d8e6370>,40,16,[8 5],41,119,135,78,106
1,<environment.Job instance at 0x7f254d8e6be0>,43,18,[1 6],44,135,153,91,124
1,<environment.Job instance at 0x7f254db4eb90>,47,16,[7 4],48,135,151,87,126
1,<environment.Job instance at 0x7f254d8e65f0>,48,16,[9 2],49,151,167,102,138
1,<environment.Job instance at 0x7f254da38e60>,54,12,[8 1],55,167,179,112,150
1,<environment.Job instance at 0x7f254d874140>,58,3,[2 9],59,167,170,108,150
1,<environment.Job instance at 0x7f2509f06a50>,3,1,[7 1],4,4,5,0,4
1,<environment.Job instance at 0x7f254d92bb90>,4,14,[3 6],5,22,36,17,22
1,<environment.Job instance at 0x7f25501a7820>,13,1,[5 8],14,36,37,22,24
1,<environment.Job instance at 0x7f25501a7780>,12,12,[7 5],13,37,49,24,24
1,<environment.Job instance at 0x7f25501a76e0>,11,3,[7 4],12,24,27,12,24
1,<environment.Job instance at 0x7f25501a7640>,10,13,[6 2],11,49,62,38,34
1,<environment.Job instance at 0x7f25501a7960>,15,17,[ 5 10],16,62,79,46,50
1,<environment.Job instance at 0x7f2550181140>,25,3,[8 5],26,79,82,53,68
1,<environment.Job instance at 0x7f25501812d0>,26,14,[2 5],27,79,93,52,68
1,<environment.Job instance at 0x7f2550181550>,27,1,[4 6],28,93,94,65,68
1,<environment.Job instance at 0x7f25501a7d70>,23,13,[ 4 10],24,94,107,70,83
1,<environment.Job instance at 0x7f25501819b0>,32,1,[4 8],33,107,108,74,83
1,<environment.Job instance at 0x7f2550181a50>,33,3,[10  3],34,108,111,74,83
1,<environment.Job instance at 0x7f25501818c0>,34,1,[ 3 10],35,111,112,76,83
1,<environment.Job instance at 0x7f2550181910>,31,17,[7 5],32,112,129,80,100
1,<environment.Job instance at 0x7f2550181e10>,38,15,[2 9],39,129,144,90,115
1,<environment.Job instance at 0x7f2550181e60>,43,15,[6 4],44,144,159,100,130
1,<environment.Job instance at 0x7f25501a6410>,47,12,[6 2],48,159,171,111,142
1,<environment.Job instance at 0x7f25501a6320>,50,12,[3 7],51,159,171,108,144
1,<environment.Job instance at 0x7f25501a6820>,52,14,[5 3],53,529,543,476,529
1,<environment.Job instance at 0x7f25501a6870>,53,12,[2 7],54,529,541,475,529
1,<environment.Job instance at 0x7f25501a6aa0>,56,3,[6 4],57,543,546,486,541
1,<environment.Job instance at 0x7f25501a6b40>,57,3,[3 5],58,541,544,483,541
1,<environment.Job instance at 0x7f25501a6be0>,58,1,[6 5],59,546,547,487,541
1,<environment.Job instance at 0x7f2509fea640>,1,15,[7 1],2,2,17,0,2
1,<environment.Job instance at 0x7f250a292b90>,8,3,[3 7],9,9,12,0,9
1,<environment.Job instance at 0x7f250a292320>,10,15,[2 5],11,12,27,1,11
1,<environment.Job instance at 0x7f250a2929b0>,7,18,[8 2],8,17,35,9,15
1,<environment.Job instance at 0x7f254d9c8460>,15,17,[8 2],16,35,52,19,23
1,<environment.Job instance at 0x7f250a28bc80>,17,16,[7 2],18,52,68,34,39
1,<environment.Job instance at 0x7f2509c99730>,29,18,[5 8],30,68,86,38,63
1,<environment.Job instance at 0x7f2509c99be0>,31,15,[8 1],32,86,101,54,72
1,<environment.Job instance at 0x7f2509eb8a50>,32,13,[1 5],33,86,99,53,72
1,<environment.Job instance at 0x7f250a003d20>,12,17,[4 5],13,101,118,88,89
1,<environment.Job instance at 0x7f250a1f6dc0>,41,14,[9 2],42,118,132,76,103
1,<environment.Job instance at 0x7f2509c19cd0>,43,2,[7 2],44,132,134,88,106
1,<environment.Job instance at 0x7f2509c19c80>,44,3,[ 5 10],45,134,137,89,108
1,<environment.Job instance at 0x7f254d769be0>,45,1,[5 4],46,112,113,66,112
1,<environment.Job instance at 0x7f254d769e10>,47,1,[6 2],48,113,114,65,112
1,<environment.Job instance at 0x7f254d769a50>,50,14,[7 2],51,137,151,86,122
1,<environment.Job instance at 0x7f254d7693c0>,48,15,[2 8],49,137,152,88,125
1,<environment.Job instance at 0x7f254de7b140>,52,17,[8 1],53,151,168,98,139
1,<environment.Job instance at 0x7f254dc6bc80>,36,18,[ 5 10],37,279,297,242,279
1,<environment.Job instance at 0x7f254d7a0af0>,3,3,[5 7],4,4,7,0,4
1,<environment.Job instance at 0x7f254d7a0960>,4,2,[ 5 10],5,7,9,2,5
1,<environment.Job instance at 0x7f254d84c2d0>,7,1,[ 4 10],8,9,10,1,8
1,<environment.Job instance at 0x7f2509db6b40>,9,18,[8 2],10,10,28,0,10
1,<environment.Job instance at 0x7f2550091550>,10,3,[10  1],11,28,31,17,11
1,<environment.Job instance at 0x7f250a12b410>,12,3,[6 5],13,31,34,18,14
1,<environment.Job instance at 0x7f250a12b280>,11,12,[2 6],12,15,27,3,15
1,<environment.Job instance at 0x7f254de1eaa0>,19,2,[4 7],20,34,36,14,20
1,<environment.Job instance at 0x7f254d8d22d0>,13,17,[4 7],14,36,53,22,24
1,<environment.Job instance at 0x7f25500cc0a0>,24,16,[1 5],25,53,69,28,40
1,<environment.Job instance at 0x7f254d8d2c30>,15,15,[5 9],16,69,84,53,56
1,<environment.Job instance at 0x7f250a0a6aa0>,31,3,[5 1],32,68,71,36,68
1,<environment.Job instance at 0x7f250a0a6230>,33,14,[6 5],34,84,98,50,69
1,<environment.Job instance at 0x7f250a0a6410>,34,12,[9 3],35,98,110,63,81
1,<environment.Job instance at 0x7f250a0a67d0>,35,1,[1 8],36,110,111,74,82
1,<environment.Job instance at 0x7f254d92af00>,38,2,[1 6],39,98,100,59,84
1,<environment.Job instance at 0x7f254d92af50>,39,3,[7 2],40,110,113,70,84
1,<environment.Job instance at 0x7f254d7faf50>,30,13,[10  1],31,133,146,102,133
1,<environment.Job instance at 0x7f2509db68c0>,8,16,[1 7],9,146,162,137,133
1,<environment.Job instance at 0x7f254d8d2b40>,14,16,[ 5 10],15,162,178,147,149
1,<environment.Job instance at 0x7f254da45550>,2,14,[5 1],3,3,17,0,3
1,<environment.Job instance at 0x7f254dd51be0>,7,14,[9 2],8,17,31,9,10
1,<environment.Job instance at 0x7f254dd51c80>,8,3,[ 1 10],9,31,34,22,12
1,<environment.Job instance at 0x7f254dd51d20>,9,3,[3 7],10,12,15,2,12
1,<environment.Job instance at 0x7f254dd51eb0>,11,2,[5 5],12,34,36,22,17
1,<environment.Job instance at 0x7f254dd51cd0>,13,1,[5 5],14,34,35,20,22
1,<environment.Job instance at 0x7f254dd51870>,12,18,[6 2],13,36,54,23,26
1,<environment.Job instance at 0x7f254dd30550>,19,1,[2 8],20,36,37,16,33
1,<environment.Job instance at 0x7f254dd30690>,20,3,[1 9],21,54,57,33,36
1,<environment.Job instance at 0x7f254dd306e0>,21,14,[3 6],22,57,71,35,46
1,<environment.Job instance at 0x7f254dd30a00>,25,16,[9 2],26,90,106,64,90
1,<environment.Job instance at 0x7f254dd30a50>,26,15,[10  3],27,106,121,79,93
1,<environment.Job instance at 0x7f254dd30e10>,30,13,[5 4],31,121,134,90,106
1,<environment.Job instance at 0x7f254dd30e60>,29,17,[5 2],30,121,138,91,112
1,<environment.Job instance at 0x7f254dd564b0>,36,2,[10  2],37,138,140,101,112
1,<environment.Job instance at 0x7f254dd56780>,39,17,[6 2],40,140,157,100,128
1,<environment.Job instance at 0x7f254dd568c0>,41,18,[4 9],42,157,175,115,147
1,<environment.Job instance at 0x7f254dd56af0>,46,16,[8 2],47,175,191,128,164
1,<environment.Job instance at 0x7f254dd56d20>,49,16,[7 4],50,225,241,175,225
1,<environment.Job instance at 0x7f254dd3c410>,2,16,[5 4],3,3,19,0,3
1,<environment.Job instance at 0x7f254dd3c3c0>,1,15,[8 1],2,19,34,17,5
1,<environment.Job instance at 0x7f2509ef22d0>,9,1,[5 5],10,11,12,1,11
1,<environment.Job instance at 0x7f2509ef2b40>,10,16,[5 4],11,34,50,23,21
1,<environment.Job instance at 0x7f2509ef2d70>,12,3,[3 7],13,50,53,37,24
1,<environment.Job instance at 0x7f254dd56f00>,3,15,[ 3 10],4,53,68,49,39
1,<environment.Job instance at 0x7f250a128910>,20,2,[10  4],21,68,70,47,54
1,<environment.Job instance at 0x7f254d85d0f0>,22,14,[2 6],23,70,84,47,55
1,<environment.Job instance at 0x7f250a1285f0>,19,13,[10  5],20,84,97,64,70
1,<environment.Job instance at 0x7f2554d8d690>,26,12,[1 7],27,97,109,70,80
1,<environment.Job instance at 0x7f2509e78e10>,29,15,[ 2 10],30,109,124,79,97
1,<environment.Job instance at 0x7f2509e78280>,28,16,[1 7],29,124,140,95,111
1,<environment.Job instance at 0x7f250a3b9d20>,39,12,[5 2],40,124,136,84,111
1,<environment.Job instance at 0x7f250a3b99b0>,43,18,[6 4],44,140,158,96,129
1,<environment.Job instance at 0x7f254dd1e5a0>,50,13,[5 8],51,158,171,107,142
1,<environment.Job instance at 0x7f2509ef27d0>,11,17,[ 4 10],12,171,188,159,162
1,<environment.Job instance at 0x7f2509b89a50>,57,14,[1 9],58,188,202,130,174
1,<environment.Job instance at 0x7f2509b897d0>,56,18,[10  5],57,207,225,150,207
1,<environment.Job instance at 0x7f254dd60a00>,8,12,[7 5],9,10,22,1,10
1,<environment.Job instance at 0x7f254dd60500>,10,3,[8 5],11,22,25,11,11
1,<environment.Job instance at 0x7f254dd60c30>,12,3,[4 7],13,25,28,12,13
1,<environment.Job instance at 0x7f254dd60d70>,9,12,[1 9],10,28,40,18,15
1,<environment.Job instance at 0x7f254dd95f50>,15,14,[5 2],16,40,54,24,25
1,<environment.Job instance at 0x7f254dd95730>,17,17,[2 6],18,40,57,22,28
1,<environment.Job instance at 0x7f254dd958c0>,18,17,[5 4],19,54,71,35,43
1,<environment.Job instance at 0x7f255016d9b0>,27,1,[5 6],28,57,58,29,43
1,<environment.Job instance at 0x7f255016d910>,28,14,[4 5],29,58,72,29,43
1,<environment.Job instance at 0x7f254dd60050>,7,17,[5 7],8,72,89,64,60
1,<environment.Job instance at 0x7f255016dc30>,35,2,[ 2 10],36,89,91,53,77
1,<environment.Job instance at 0x7f255016d230>,31,18,[4 8],32,91,109,59,80
1,<environment.Job instance at 0x7f254dc65820>,37,13,[4 7],38,109,122,71,93
1,<environment.Job instance at 0x7f254dc65dc0>,38,13,[ 3 10],39,122,135,83,106
1,<environment.Job instance at 0x7f2550502fa0>,43,17,[6 1],44,135,152,91,123
1,<environment.Job instance at 0x7f254dd950f0>,25,18,[3 9],26,135,153,109,125
1,<environment.Job instance at 0x7f254d7ad820>,55,12,[3 7],56,153,165,97,138
1,<environment.Job instance at 0x7f254d7ad870>,57,16,[2 7],58,165,181,107,152
1,<environment.Job instance at 0x7f2509e60a50>,3,1,[6 2],4,4,5,0,4
1,<environment.Job instance at 0x7f254dc65eb0>,7,3,[4 6],8,8,11,0,8
1,<environment.Job instance at 0x7f254ffabfa0>,9,1,[5 6],10,12,13,2,12
1,<environment.Job instance at 0x7f254d9d8960>,0,18,[1 7],1,13,31,12,12
1,<environment.Job instance at 0x7f255054ec80>,12,1,[6 5],13,31,32,18,13
1,<environment.Job instance at 0x7f25505433c0>,14,13,[7 3],15,32,45,17,32
1,<environment.Job instance at 0x7f2550543d20>,16,12,[5 9],17,45,57,28,32
1,<environment.Job instance at 0x7f2550559d70>,22,2,[10  4],23,66,68,43,66
1,<environment.Job instance at 0x7f2550559640>,25,14,[7 3],26,76,90,50,76
1,<environment.Job instance at 0x7f2509b4c050>,26,2,[5 7],27,90,92,63,76
1,<environment.Job instance at 0x7f2509b4c140>,27,1,[2 8],28,92,93,64,76
1,<environment.Job instance at 0x7f2509c02280>,28,2,[6 4],29,93,95,64,76
1,<environment.Job instance at 0x7f25505435a0>,20,15,[3 8],21,95,110,74,94
1,<environment.Job instance at 0x7f254d8a2370>,34,14,[4 6],35,110,124,75,95
1,<environment.Job instance at 0x7f254d8a2eb0>,35,14,[10  1],36,124,138,88,110
1,<environment.Job instance at 0x7f250a025140>,40,15,[6 3],41,138,153,97,124
1,<environment.Job instance at 0x7f250a182c30>,43,18,[3 7],44,138,156,94,127
1,<environment.Job instance at 0x7f2509ee2af0>,48,12,[1 8],49,156,168,107,139
1,<environment.Job instance at 0x7f2509f28910>,53,13,[5 2],54,153,166,99,141
1,<environment.Job instance at 0x7f2509f28e60>,55,13,[8 4],56,168,181,112,153
1,<environment.Job instance at 0x7f2509a1a9b0>,36,15,[3 6],37,181,196,144,167
1,<environment.Job instance at 0x7f2509f28c80>,58,12,[5 5],59,210,222,151,210
1,<environment.Job instance at 0x7f254daf58c0>,5,2,[2 9],6,6,8,0,6
1,<environment.Job instance at 0x7f2509f0ceb0>,7,2,[4 6],8,9,11,1,9
1,<environment.Job instance at 0x7f2509ec64b0>,10,17,[5 8],11,11,28,0,11
1,<environment.Job instance at 0x7f2509b66640>,16,14,[10  1],17,28,42,11,19
1,<environment.Job instance at 0x7f254db0f0a0>,17,3,[ 4 10],18,42,45,24,21
1,<environment.Job instance at 0x7f255038faf0>,14,16,[2 7],15,45,61,30,34
1,<environment.Job instance at 0x7f2509fe6f00>,26,13,[9 1],27,61,74,34,49
1,<environment.Job instance at 0x7f254deff230>,20,18,[5 6],21,74,92,53,63
1,<environment.Job instance at 0x7f2509fe6b40>,34,1,[ 1 10],35,92,93,57,81
1,<environment.Job instance at 0x7f255003e910>,37,1,[5 3],38,81,82,43,81
1,<environment.Job instance at 0x7f255003e4b0>,38,3,[9 3],39,93,96,54,82
1,<environment.Job instance at 0x7f254da96af0>,40,1,[10  4],41,96,97,55,93
1,<environment.Job instance at 0x7f250a0c4820>,42,13,[ 3 10],43,98,111,55,98
1,<environment.Job instance at 0x7f254da96fa0>,43,16,[6 3],44,111,127,67,101
1,<environment.Job instance at 0x7f250a125280>,45,13,[4 7],46,111,124,65,105
1,<environment.Job instance at 0x7f2550299550>,51,12,[7 1],52,127,139,75,111
1,<environment.Job instance at 0x7f2550591690>,55,2,[1 5],56,135,137,79,135
1,<environment.Job instance at 0x7f250a289eb0>,2,3,[7 4],3,3,6,0,3
1,<environment.Job instance at 0x7f2509a9e5a0>,8,13,[5 5],9,9,22,0,9
1,<environment.Job instance at 0x7f2509a9ef00>,10,14,[6 3],11,22,36,11,11
1,<environment.Job instance at 0x7f2509a9e280>,7,13,[5 8],8,36,49,28,20
1,<environment.Job instance at 0x7f2509a9e230>,14,2,[7 1],15,49,51,34,31
1,<environment.Job instance at 0x7f2509a9ea00>,15,3,[2 6],16,31,34,15,31
1,<environment.Job instance at 0x7f2509a9ee60>,16,1,[1 6],17,34,35,17,31
1,<environment.Job instance at 0x7f2509a9e0f0>,18,1,[6 5],19,51,52,32,49
1,<environment.Job instance at 0x7f2509a9e640>,19,17,[1 5],20,49,66,29,49
1,<environment.Job instance at 0x7f2509a9ef50>,20,13,[3 8],21,66,79,45,51
1,<environment.Job instance at 0x7f2509a9e6e0>,12,15,[3 9],13,79,94,66,66
1,<environment.Job instance at 0x7f2509adf3c0>,24,1,[5 2],25,72,73,47,72
1,<environment.Job instance at 0x7f2509adf1e0>,26,17,[7 3],27,94,111,67,82
1,<environment.Job instance at 0x7f2509adf550>,25,13,[10  5],26,111,124,85,97
1,<environment.Job instance at 0x7f2509ae5be0>,31,17,[9 4],32,124,141,92,113
1,<environment.Job instance at 0x7f2509ae5e60>,35,14,[10  1],36,141,155,105,126
1,<environment.Job instance at 0x7f2509ae57d0>,40,16,[5 4],41,155,171,114,145
1,<environment.Job instance at 0x7f2509ae59b0>,41,18,[7 2],42,171,189,129,160
1,<environment.Job instance at 0x7f2509a9e2d0>,9,17,[ 2 10],10,214,231,204,214
1,<environment.Job instance at 0x7f250a359460>,44,12,[7 2],45,231,243,186,214
1,<environment.Job instance at 0x7f2509f58780>,7,1,[5 4],8,9,10,1,9
1,<environment.Job instance at 0x7f255041c500>,8,3,[3 5],9,11,14,2,11
1,<environment.Job instance at 0x7f255041c140>,9,12,[1 6],10,14,26,4,11
1,<environment.Job instance at 0x7f2509f62050>,10,18,[6 4],11,12,30,1,12
1,<environment.Job instance at 0x7f250a109410>,11,3,[7 5],12,30,33,18,12
1,<environment.Job instance at 0x7f2509f62cd0>,14,2,[8 1],15,33,35,18,16
1,<environment.Job instance at 0x7f2509f76190>,16,16,[7 5],17,35,51,18,22
1,<environment.Job instance at 0x7f2509f62870>,18,13,[7 1],19,51,64,32,36
1,<environment.Job instance at 0x7f2509f62a50>,15,15,[7 1],16,64,79,48,51
1,<environment.Job instance at 0x7f2509dd5f00>,27,2,[10  5],28,79,81,51,58
1,<environment.Job instance at 0x7f2509c2ae10>,24,14,[5 8],25,81,95,56,66
1,<environment.Job instance at 0x7f2509f595a0>,31,13,[5 2],32,81,94,49,81
1,<environment.Job instance at 0x7f2509f58730>,5,17,[8 5],6,95,112,89,83
1,<environment.Job instance at 0x7f2509c37280>,32,18,[5 3],33,112,130,79,103
1,<environment.Job instance at 0x7f2509c31dc0>,37,1,[ 4 10],38,130,131,92,103
1,<environment.Job instance at 0x7f2509c31a00>,38,13,[2 7],39,112,125,73,106
1,<environment.Job instance at 0x7f2509c1c500>,42,17,[5 9],43,131,148,88,120
1,<environment.Job instance at 0x7f2509e021e0>,44,15,[8 2],45,148,163,103,136
1,<environment.Job instance at 0x7f250a2b7be0>,47,18,[5 5],48,163,181,115,153
1,<environment.Job instance at 0x7f254d80e9b0>,49,13,[8 4],50,181,194,131,165
1,<environment.Job instance at 0x7f254d7f30a0>,52,1,[4 8],53,194,195,141,166
1,<environment.Job instance at 0x7f254d7f37d0>,54,16,[2 5],55,195,211,140,191
1,<environment.Job instance at 0x7f254d7f8370>,56,3,[3 9],57,211,214,154,191
1,<environment.Job instance at 0x7f254d7f8e10>,57,3,[5 6],58,214,217,156,191
1,<environment.Job instance at 0x7f255054edc0>,0,3,[10  2],1,9,12,8,9
1,<environment.Job instance at 0x7f254d900500>,3,16,[7 2],4,12,28,8,10
1,<environment.Job instance at 0x7f25099e36e0>,7,18,[2 6],8,18,36,10,18
1,<environment.Job instance at 0x7f254ff70820>,17,13,[5 1],18,28,41,10,18
1,<environment.Job instance at 0x7f254ff70370>,19,13,[5 8],20,36,49,16,22
1,<environment.Job instance at 0x7f254d9be410>,22,14,[4 6],23,49,63,26,36
1,<environment.Job instance at 0x7f250a1e95a0>,9,12,[10  4],10,63,75,53,47
1,<environment.Job instance at 0x7f255002c8c0>,28,2,[7 4],29,75,77,46,48
1,<environment.Job instance at 0x7f2509a460f0>,25,14,[5 9],26,77,91,51,62
1,<environment.Job instance at 0x7f255002c190>,32,1,[6 5],33,91,92,58,64
1,<environment.Job instance at 0x7f255002cdc0>,31,12,[3 8],32,92,104,60,76
1,<environment.Job instance at 0x7f255002c7d0>,33,18,[6 4],34,104,122,70,93
1,<environment.Job instance at 0x7f255002c410>,36,14,[5 7],37,122,136,85,109
1,<environment.Job instance at 0x7f254d9fe8c0>,40,18,[2 9],41,142,160,101,142
1,<environment.Job instance at 0x7f2550012550>,46,13,[7 1],47,145,158,98,145
1,<environment.Job instance at 0x7f254d7ce5f0>,48,13,[2 9],49,160,173,111,147
1,<environment.Job instance at 0x7f250a2c43c0>,51,3,[7 2],52,173,176,121,148
1,<environment.Job instance at 0x7f254de23230>,58,12,[5 5],59,176,188,117,160
1,<environment.Job instance at 0x7f254dcfac80>,3,3,[2 7],4,4,7,0,4
1,<environment.Job instance at 0x7f254dcfae10>,5,18,[8 2],6,6,24,0,6
1,<environment.Job instance at 0x7f254dcfacd0>,6,1,[6 4],7,24,25,17,7
1,<environment.Job instance at 0x7f254dcfa5a0>,8,1,[3 8],9,25,26,16,9
1,<environment.Job instance at 0x7f254dcfa960>,9,1,[10  3],10,26,27,16,11
1,<environment.Job instance at 0x7f254dcfa6e0>,4,12,[1 5],5,12,24,7,12
1,<environment.Job instance at 0x7f254dcfa4b0>,13,2,[5 9],14,27,29,13,15
1,<environment.Job instance at 0x7f254dcfaf50>,14,13,[5 5],15,29,42,14,16
1,<environment.Job instance at 0x7f2509ecedc0>,21,15,[7 2],22,42,57,20,31
1,<environment.Job instance at 0x7f2509eceb90>,22,3,[2 8],23,42,45,19,31
1,<environment.Job instance at 0x7f2509ece820>,23,2,[6 4],24,57,59,33,31
1,<environment.Job instance at 0x7f2509ecea50>,25,1,[3 6],26,45,46,19,31
1,<environment.Job instance at 0x7f2509eced70>,27,3,[8 1],28,59,62,31,33
1,<environment.Job instance at 0x7f2509acd410>,29,18,[8 2],30,62,80,32,51
1,<environment.Job instance at 0x7f2509acd9b0>,30,18,[2 8],31,59,77,28,51
1,<environment.Job instance at 0x7f2509acdf50>,34,15,[7 2],35,80,95,45,66
1,<environment.Job instance at 0x7f2509d1df00>,37,12,[9 1],38,95,107,57,78
1,<environment.Job instance at 0x7f2509ece190>,20,14,[10  4],21,107,121,86,92
1,<environment.Job instance at 0x7f2509d1d500>,45,13,[2 6],46,121,134,75,106
1,<environment.Job instance at 0x7f2509d1d190>,51,12,[ 1 10],52,134,146,82,118
1,<environment.Job instance at 0x7f2509bcf2d0>,55,15,[9 4],56,146,161,90,132
1,<environment.Job instance at 0x7f2509bcfaa0>,58,3,[6 1],59,161,164,102,141
1,<environment.Job instance at 0x7f254dcfac30>,12,13,[9 3],13,449,462,436,449
1,<environment.Job instance at 0x7f250a28b280>,2,3,[8 1],3,3,6,0,3
1,<environment.Job instance at 0x7f2509b3ba50>,4,1,[1 8],5,5,6,0,5
1,<environment.Job instance at 0x7f255046a460>,6,3,[1 7],7,8,11,1,8
1,<environment.Job instance at 0x7f254dcfa320>,3,17,[7 4],4,11,28,7,8
1,<environment.Job instance at 0x7f2509b3b820>,9,1,[8 2],10,10,11,0,10
1,<environment.Job instance at 0x7f2509eda370>,11,14,[1 5],12,12,26,0,12
1,<environment.Job instance at 0x7f254dcfac30>,7,1,[6 5],8,28,29,20,14
1,<environment.Job instance at 0x7f2509ef2a00>,10,15,[7 2],11,29,44,18,15
1,<environment.Job instance at 0x7f254ddb4a00>,15,3,[7 5],16,44,47,28,18
1,<environment.Job instance at 0x7f254ddb9d20>,17,15,[1 6],18,29,44,11,27
1,<environment.Job instance at 0x7f254ddefbe0>,14,12,[9 4],15,47,59,32,30
1,<environment.Job instance at 0x7f2509a610f0>,21,18,[5 5],22,59,77,37,48
1,<environment.Job instance at 0x7f250a28b9b0>,0,15,[4 8],1,77,92,76,64
1,<environment.Job instance at 0x7f254dddae60>,25,3,[6 4],26,92,95,66,66
1,<environment.Job instance at 0x7f254ddda640>,29,2,[4 6],30,92,94,62,72
1,<environment.Job instance at 0x7f254ddd0050>,30,2,[5 8],31,95,97,64,72
1,<environment.Job instance at 0x7f254ddd0e10>,31,3,[6 5],32,97,100,65,72
1,<environment.Job instance at 0x7f254ddd01e0>,33,1,[6 5],34,100,101,66,78
1,<environment.Job instance at 0x7f254ddd00a0>,34,1,[4 9],35,101,102,66,78
1,<environment.Job instance at 0x7f254dddaa00>,24,16,[4 7],25,102,118,77,89
1,<environment.Job instance at 0x7f254dde7a50>,39,14,[5 4],40,118,132,78,103
1,<environment.Job instance at 0x7f254d8f7b90>,44,2,[1 6],45,118,120,73,113
1,<environment.Job instance at 0x7f254d8f7eb0>,45,16,[5 5],46,120,136,74,113
1,<environment.Job instance at 0x7f254d922780>,46,1,[3 7],47,136,137,89,113
1,<environment.Job instance at 0x7f254d922d70>,47,1,[4 7],48,137,138,89,113
1,<environment.Job instance at 0x7f254d922730>,50,14,[2 8],51,138,152,87,124
1,<environment.Job instance at 0x7f254d9222d0>,52,15,[2 7],53,152,167,99,139
1,<environment.Job instance at 0x7f254dded190>,55,14,[5 1],56,139,153,83,139
1,<environment.Job instance at 0x7ff05781c4b0>,5,2,[1 6],6,6,8,0,6
1,<environment.Job instance at 0x7ff05781c690>,9,12,[8 2],10,10,22,0,10
1,<environment.Job instance at 0x7ff05781c280>,7,14,[7 5],8,22,36,14,12
1,<environment.Job instance at 0x7ff05781c9b0>,11,3,[4 9],12,36,39,24,21
1,<environment.Job instance at 0x7ff05781cc30>,15,3,[2 8],16,39,42,23,25
1,<environment.Job instance at 0x7ff05781cd70>,17,12,[5 1],18,36,48,18,25
1,<environment.Job instance at 0x7ff05781cf50>,20,3,[10  5],21,50,53,29,50
1,<environment.Job instance at 0x7ff05781ccd0>,16,18,[7 3],17,53,71,36,50
1,<environment.Job instance at 0x7ff05781f280>,24,2,[4 6],25,71,73,46,52
1,<environment.Job instance at 0x7ff05781f0a0>,23,16,[6 2],24,71,87,47,58
1,<environment.Job instance at 0x7ff05781f7d0>,26,12,[8 5],27,87,99,60,71
1,<environment.Job instance at 0x7ff05781f9b0>,29,2,[4 7],30,73,75,43,71
1,<environment.Job instance at 0x7ff05781fcd0>,34,14,[1 9],35,99,113,64,99
1,<environment.Job instance at 0x7ff05781fd70>,35,16,[1 9],36,113,129,77,101
1,<environment.Job instance at 0x7ff05781f6e0>,41,1,[7 1],42,125,126,83,125
1,<environment.Job instance at 0x7ff057820230>,42,2,[4 7],43,129,131,86,125
1,<environment.Job instance at 0x7ff05781f1e0>,21,18,[9 4],22,131,149,109,125
1,<environment.Job instance at 0x7ff057820370>,44,3,[5 1],45,126,129,81,125
1,<environment.Job instance at 0x7ff057820550>,46,2,[3 5],47,149,151,102,125
1,<environment.Job instance at 0x7ff057820460>,47,13,[ 3 10],48,151,164,103,135
1,<environment.Job instance at 0x7ff0578207d0>,50,2,[5 6],51,164,166,113,144
1,<environment.Job instance at 0x7ff057820af0>,51,2,[5 3],52,149,151,97,145
1,<environment.Job instance at 0x7ff057820c80>,52,2,[ 2 10],53,166,168,113,145
1,<environment.Job instance at 0x7ff057820dc0>,53,3,[2 9],54,168,171,114,145
1,<environment.Job instance at 0x7ff057820eb0>,54,18,[7 1],55,168,186,113,157
1,<environment.Job instance at 0x7ff057820f50>,55,12,[2 6],56,171,183,115,157
1,<environment.Job instance at 0x7ff057823230>,58,17,[3 7],59,183,200,124,172
1,<environment.Job instance at 0x7ff0578233c0>,63,12,[5 3],64,186,198,122,172
1,<environment.Job instance at 0x7ff05ecb4820>,2,14,[ 2 10],3,200,214,197,185
1,<environment.Job instance at 0x7ff057823460>,67,16,[1 9],68,623,639,555,623
1,<environment.Job instance at 0x7ff05ec53640>,5,3,[10  4],6,7,10,1,7
1,<environment.Job instance at 0x7ff05ec53050>,7,16,[8 1],8,10,26,2,9
1,<environment.Job instance at 0x7ff05ec53910>,6,13,[10  1],7,26,39,19,10
1,<environment.Job instance at 0x7ff05ed924b0>,15,15,[1 7],16,39,54,23,25
1,<environment.Job instance at 0x7ff05ed92050>,17,18,[7 1],18,39,57,21,28
1,<environment.Job instance at 0x7ff05ed99320>,22,12,[5 5],23,57,69,34,40
1,<environment.Job instance at 0x7ff05ed9eeb0>,29,2,[7 5],30,69,71,39,42
1,<environment.Job instance at 0x7ff05ed9e6e0>,30,2,[5 9],31,71,73,40,44
1,<environment.Job instance at 0x7ff05ed9e780>,32,13,[9 4],33,73,86,40,58
1,<environment.Job instance at 0x7ff05ed9bcd0>,34,1,[ 1 10],35,86,87,51,73
1,<environment.Job instance at 0x7ff05ed9bf50>,35,16,[7 5],36,87,103,51,76
1,<environment.Job instance at 0x7ff05ed9b8c0>,37,18,[5 5],38,103,121,65,92
1,<environment.Job instance at 0x7ff05eda5a50>,43,17,[5 1],44,103,120,59,96
1,<environment.Job instance at 0x7ff05eda5410>,44,1,[9 2],45,121,122,76,96
1,<environment.Job instance at 0x7ff05ed9fe60>,45,2,[1 6],46,121,123,75,96
1,<environment.Job instance at 0x7ff05ed99910>,26,18,[2 6],27,123,141,96,114
1,<environment.Job instance at 0x7ff05ed9f3c0>,51,3,[1 6],52,141,144,89,121
1,<environment.Job instance at 0x7ff05ed9fbe0>,48,16,[5 2],49,122,138,73,121
1,<environment.Job instance at 0x7ff05ed9f190>,53,3,[10  1],54,144,147,90,121
1,<environment.Job instance at 0x7ff05ed9feb0>,55,2,[7 4],56,138,140,82,121
1,<environment.Job instance at 0x7ff05ed97320>,56,2,[1 6],57,147,149,90,121
1,<environment.Job instance at 0x7ff05ed97f00>,57,14,[7 2],58,147,161,89,133
1,<environment.Job instance at 0x7ff05ed97af0>,59,13,[5 5],60,161,174,101,147
1,<environment.Job instance at 0x7ff05ed974b0>,63,2,[ 5 10],64,174,176,110,147
1,<environment.Job instance at 0x7ff0577b3050>,64,12,[5 4],65,161,173,96,147
1,<environment.Job instance at 0x7ff05ed91aa0>,68,3,[4 6],69,176,179,107,165
1,<environment.Job instance at 0x7ff05ed91c30>,65,15,[8 3],66,179,194,113,165
1,<environment.Job instance at 0x7ff013be80f0>,0,2,[7 5],1,3,5,2,3
1,<environment.Job instance at 0x7ff013be88c0>,5,3,[9 2],6,6,9,0,6
1,<environment.Job instance at 0x7ff013be84b0>,7,2,[3 8],8,9,11,1,8
1,<environment.Job instance at 0x7ff013b95fa0>,12,1,[9 2],13,18,19,5,18
1,<environment.Job instance at 0x7ff013be8f00>,10,12,[5 1],11,19,31,8,19
1,<environment.Job instance at 0x7ff013b95780>,14,1,[8 3],15,31,32,16,19
1,<environment.Job instance at 0x7ff013b95640>,16,12,[1 6],17,19,31,2,19
1,<environment.Job instance at 0x7ff013b95460>,20,24,[1 5],21,31,55,10,28
1,<environment.Job instance at 0x7ff013b952d0>,18,2,[9 1],19,32,34,13,32
1,<environment.Job instance at 0x7ff013b425a0>,23,2,[9 4],24,39,41,15,39
1,<environment.Job instance at 0x7ff013b42fa0>,25,2,[5 6],26,55,57,29,39
1,<environment.Job instance at 0x7ff013b42cd0>,27,3,[5 6],28,57,60,29,39
1,<environment.Job instance at 0x7ff013b42730>,28,2,[8 1],29,41,43,12,39
1,<environment.Job instance at 0x7ff057826870>,1,14,[ 3 10],2,60,74,58,45
1,<environment.Job instance at 0x7ff013b42af0>,31,13,[5 7],32,74,87,42,59
1,<environment.Job instance at 0x7ff013b42b90>,32,3,[8 5],33,87,90,54,61
1,<environment.Job instance at 0x7ff013b42be0>,36,3,[10  3],37,90,93,53,73
1,<environment.Job instance at 0x7ff013b42a00>,37,16,[8 4],38,93,109,55,80
1,<environment.Job instance at 0x7ff013b0be10>,43,3,[2 5],44,93,96,49,90
1,<environment.Job instance at 0x7ff013b42d20>,30,17,[4 7],31,109,126,78,97
1,<environment.Job instance at 0x7ff013b0ba50>,41,18,[6 2],42,109,127,67,101
1,<environment.Job instance at 0x7ff013b5b140>,51,3,[9 5],52,127,130,75,110
1,<environment.Job instance at 0x7ff013b5bc30>,46,17,[9 1],47,130,147,83,120
1,<environment.Job instance at 0x7ff013b11460>,55,15,[5 3],56,147,162,91,133
1,<environment.Job instance at 0x7ff013b11730>,62,3,[8 2],63,162,165,99,148
1,<environment.Job instance at 0x7ff013b16dc0>,63,14,[5 9],64,165,179,101,152
1,<environment.Job instance at 0x7ff013b16c80>,64,3,[5 6],65,152,155,87,152
1,<environment.Job instance at 0x7ff013b16d70>,66,16,[6 5],67,179,195,112,166
1,<environment.Job instance at 0x7ff013b16190>,67,2,[10  3],68,195,197,127,168
1,<environment.Job instance at 0x7ff013b11d70>,61,14,[ 1 10],62,216,230,154,216
1,<environment.Job instance at 0x7ff013c0fb40>,2,13,[2 5],3,5,18,2,5
1,<environment.Job instance at 0x7ff013f84b90>,9,17,[8 5],10,10,27,0,10
1,<environment.Job instance at 0x7ff013bf29b0>,13,18,[5 1],14,27,45,13,16
1,<environment.Job instance at 0x7ff013f84b40>,6,16,[1 8],7,27,43,20,17
1,<environment.Job instance at 0x7ff013bf2b40>,16,2,[10  2],17,45,47,28,18
1,<environment.Job instance at 0x7ff013bf22d0>,17,12,[4 8],18,47,59,29,30
1,<environment.Job instance at 0x7ff013bf28c0>,22,2,[10  4],23,59,61,36,47
1,<environment.Job instance at 0x7ff013c9de10>,24,2,[3 8],25,61,63,36,47
1,<environment.Job instance at 0x7ff013c9de60>,25,18,[5 4],26,63,81,37,52
1,<environment.Job instance at 0x7ff013c0fd20>,1,17,[3 6],2,64,81,62,64
1,<environment.Job instance at 0x7ff013c9db90>,30,13,[5 9],31,81,94,50,65
1,<environment.Job instance at 0x7ff013f73410>,34,13,[4 5],35,94,107,59,78
1,<environment.Job instance at 0x7ff013f73500>,38,3,[5 1],39,88,91,49,88
1,<environment.Job instance at 0x7ff013f738c0>,40,13,[3 5],41,94,107,53,88
1,<environment.Job instance at 0x7ff013f736e0>,41,16,[5 8],42,107,123,65,94
1,<environment.Job instance at 0x7ff013c51640>,49,3,[4 8],50,123,126,73,103
1,<environment.Job instance at 0x7ff013c511e0>,50,2,[4 5],51,126,128,75,103
1,<environment.Job instance at 0x7ff013f73960>,32,12,[ 5 10],33,128,140,95,112
1,<environment.Job instance at 0x7ff01414d8c0>,56,15,[6 5],57,140,155,83,126
1,<environment.Job instance at 0x7ff01414d320>,58,17,[1 5],59,140,157,81,129
1,<environment.Job instance at 0x7ff01414d730>,61,3,[5 9],62,157,160,95,139
1,<environment.Job instance at 0x7ff01414df50>,63,13,[8 3],64,160,173,96,145
1,<environment.Job instance at 0x7ff01414daa0>,67,15,[3 6],68,173,188,105,161
1,<environment.Job instance at 0x7ff01414daa0>,3,2,[7 3],4,4,6,0,4
1,<environment.Job instance at 0x7ff013f0a8c0>,4,16,[7 5],5,6,22,1,5
1,<environment.Job instance at 0x7ff013f0a5f0>,8,13,[8 4],9,22,35,13,9
1,<environment.Job instance at 0x7ff013f0a460>,10,2,[4 9],11,35,37,24,11
1,<environment.Job instance at 0x7ff013f09230>,11,3,[9 4],12,37,40,25,12
1,<environment.Job instance at 0x7ff013f09370>,12,2,[2 9],13,40,42,27,13
1,<environment.Job instance at 0x7ff013f09690>,15,1,[6 3],16,42,43,26,16
1,<environment.Job instance at 0x7ff013f097d0>,17,1,[1 5],18,18,19,0,18
1,<environment.Job instance at 0x7ff013f09a50>,18,12,[5 5],19,43,55,24,26
1,<environment.Job instance at 0x7ff013f09550>,14,12,[8 3],15,55,67,40,38
1,<environment.Job instance at 0x7ff013f09b90>,23,17,[7 4],24,67,84,43,55
1,<environment.Job instance at 0x7ff013f09f00>,26,3,[4 5],27,84,87,57,58
1,<environment.Job instance at 0x7ff013f09fa0>,28,14,[7 1],29,87,101,58,73
1,<environment.Job instance at 0x7ff013f132d0>,31,3,[9 4],32,101,104,69,81
1,<environment.Job instance at 0x7ff013f13780>,35,16,[7 5],36,104,120,68,91
1,<environment.Job instance at 0x7ff013f139b0>,39,18,[5 6],40,120,138,80,109
1,<environment.Job instance at 0x7ff013f13d70>,43,16,[ 4 10],44,138,154,94,126
1,<environment.Job instance at 0x7ff013f13cd0>,46,2,[1 8],47,154,156,107,127
1,<environment.Job instance at 0x7ff013f13f50>,2,1,[ 4 10],3,3,4,0,3
1,<environment.Job instance at 0x7ff059d70050>,8,12,[6 4],9,10,22,1,10
1,<environment.Job instance at 0x7ff059d705f0>,11,3,[6 1],12,22,25,10,12
1,<environment.Job instance at 0x7ff057afaaa0>,12,2,[5 3],13,25,27,12,14
1,<environment.Job instance at 0x7ff059d70be0>,13,3,[4 6],14,15,18,1,15
1,<environment.Job instance at 0x7ff05ec54690>,17,3,[10  5],18,27,30,9,18
1,<environment.Job instance at 0x7ff059d70c80>,9,2,[8 2],10,30,32,20,19
1,<environment.Job instance at 0x7ff057afa640>,14,14,[3 8],15,32,46,17,20
1,<environment.Job instance at 0x7ff05ec54be0>,18,16,[5 2],19,32,48,13,23
1,<environment.Job instance at 0x7ff05a547910>,23,2,[10  2],24,48,50,24,25
1,<environment.Job instance at 0x7ff05a547af0>,25,15,[1 5],26,50,65,24,36
1,<environment.Job instance at 0x7ff057afa780>,16,18,[8 3],17,50,68,33,39
1,<environment.Job instance at 0x7ff05a547e60>,31,15,[5 7],32,68,83,36,54
1,<environment.Job instance at 0x7ff059efdc30>,33,3,[2 8],34,83,86,49,57
1,<environment.Job instance at 0x7ff059efdf50>,34,17,[6 1],35,83,100,48,71
1,<environment.Job instance at 0x7ff05a40f960>,0,14,[2 9],1,86,100,85,83
1,<environment.Job instance at 0x7ff0579acd20>,37,2,[9 3],38,100,102,62,83
1,<environment.Job instance at 0x7ff0575e2910>,40,15,[1 9],41,102,117,61,88
1,<environment.Job instance at 0x7ff0575e2a50>,41,13,[1 7],42,117,130,75,101
1,<environment.Job instance at 0x7ff05a547370>,32,17,[8 2],33,117,134,84,106
1,<environment.Job instance at 0x7ff0575e2f00>,48,15,[10  4],49,134,149,85,120
1,<environment.Job instance at 0x7ff05eb2e910>,51,16,[4 5],52,149,165,97,136
1,<environment.Job instance at 0x7ff05eb2ec80>,54,17,[2 6],55,165,182,110,154
1,<environment.Job instance at 0x7ff057ad22d0>,58,16,[9 2],59,182,198,123,171
1,<environment.Job instance at 0x7ff0579ab460>,64,12,[8 1],65,198,210,133,184
1,<environment.Job instance at 0x7ff013d4c870>,3,1,[7 1],4,5,6,1,5
1,<environment.Job instance at 0x7ff05774a370>,12,12,[7 5],13,22,34,9,22
1,<environment.Job instance at 0x7ff0578de050>,13,1,[5 8],14,34,35,20,23
1,<environment.Job instance at 0x7ff057bd7410>,18,14,[8 2],19,49,63,30,49
1,<environment.Job instance at 0x7ff0578a8870>,23,13,[ 4 10],24,73,86,49,73
1,<environment.Job instance at 0x7ff05a2e6280>,30,13,[5 5],31,98,111,67,98
1,<environment.Job instance at 0x7ff059efcc30>,31,17,[7 5],32,111,128,79,99
1,<environment.Job instance at 0x7ff013ca7a00>,32,1,[4 8],33,128,129,95,100
1,<environment.Job instance at 0x7ff05a4babe0>,33,3,[10  3],34,129,132,95,103
1,<environment.Job instance at 0x7ff013acb500>,34,1,[ 3 10],35,132,133,97,104
1,<environment.Job instance at 0x7ff013acb280>,35,14,[3 8],36,133,147,97,118
1,<environment.Job instance at 0x7ff0578ca8c0>,38,15,[2 9],39,147,162,108,134
1,<environment.Job instance at 0x7ff057758370>,45,13,[6 3],46,162,175,116,146
1,<environment.Job instance at 0x7ff013acb410>,37,13,[3 7],38,162,175,124,149
1,<environment.Job instance at 0x7ff05a11cd70>,48,13,[8 3],49,175,188,126,160
1,<environment.Job instance at 0x7ff057758d70>,47,12,[6 2],48,188,200,140,173
1,<environment.Job instance at 0x7ff0576678c0>,52,14,[5 3],53,200,214,147,190
1,<environment.Job instance at 0x7ff057667640>,53,12,[2 7],54,192,204,138,192
1,<environment.Job instance at 0x7ff0576670a0>,56,3,[6 4],57,214,217,157,192
1,<environment.Job instance at 0x7ff0576673c0>,58,1,[6 5],59,217,218,158,192
1,<environment.Job instance at 0x7ff05a0bdf00>,59,2,[1 9],60,218,220,158,192
1,<environment.Job instance at 0x7ff013dd9c80>,62,3,[8 3],63,220,223,157,203
1,<environment.Job instance at 0x7ff013dd91e0>,63,2,[9 1],64,218,220,154,203
1,<environment.Job instance at 0x7ff0576eae60>,0,15,[2 5],1,5,20,4,5
1,<environment.Job instance at 0x7ff0576ea550>,3,14,[9 3],4,20,34,16,13
1,<environment.Job instance at 0x7ff013dd91e0>,5,17,[8 2],6,34,51,28,22
1,<environment.Job instance at 0x7ff013df8140>,14,16,[9 5],15,51,67,36,44
1,<environment.Job instance at 0x7ff013df8780>,22,13,[1 5],23,51,64,28,51
1,<environment.Job instance at 0x7ff013e16f00>,12,16,[10  4],13,67,83,54,54
1,<environment.Job instance at 0x7ff013df8aa0>,28,13,[9 1],29,83,96,54,68
1,<environment.Job instance at 0x7ff0576ea320>,2,17,[4 5],3,96,113,93,84
1,<environment.Job instance at 0x7ff013e1b3c0>,42,17,[8 1],43,113,130,70,101
1,<environment.Job instance at 0x7ff013e1b140>,38,15,[2 8],39,113,128,74,101
1,<environment.Job instance at 0x7ff013e1b8c0>,45,18,[4 6],46,130,148,84,121
1,<environment.Job instance at 0x7ff013e1bdc0>,53,3,[5 7],54,148,151,94,142
1,<environment.Job instance at 0x7ff013e1bd20>,51,12,[1 6],52,151,163,99,142
1,<environment.Job instance at 0x7ff013dfc0a0>,56,18,[9 3],57,151,169,94,144
1,<environment.Job instance at 0x7ff013dfc7d0>,60,3,[10  1],61,169,172,108,151
1,<environment.Job instance at 0x7ff013dfc8c0>,62,3,[6 5],63,172,175,109,152
1,<environment.Job instance at 0x7ff013dfc960>,63,17,[4 7],64,175,192,111,163
1,<environment.Job instance at 0x7ff013dfcaa0>,65,15,[5 9],66,192,207,126,179
1,<environment.Job instance at 0x7ff013df8050>,20,18,[ 2 10],21,719,737,698,719
1,<environment.Job instance at 0x7ff013aadaa0>,8,13,[5 5],9,10,23,1,10
1,<environment.Job instance at 0x7ff057c86f00>,4,16,[1 5],5,11,27,6,11
1,<environment.Job instance at 0x7ff013aad690>,10,13,[10  1],11,27,40,16,22
1,<environment.Job instance at 0x7ff05a3432d0>,15,1,[1 8],16,40,41,24,22
1,<environment.Job instance at 0x7ff013aad0f0>,16,12,[10  1],17,41,53,24,25
1,<environment.Job instance at 0x7ff057aa1820>,17,2,[3 7],18,53,55,35,26
1,<environment.Job instance at 0x7ff059ef5b90>,19,3,[7 2],20,53,56,33,27
1,<environment.Job instance at 0x7ff057a24960>,24,1,[3 5],25,55,56,30,48
1,<environment.Job instance at 0x7ff0576b6410>,29,13,[4 7],30,90,103,60,90
1,<environment.Job instance at 0x7ff059fdb230>,30,16,[10  1],31,103,119,72,100
1,<environment.Job instance at 0x7ff05a33aeb0>,2,3,[9 5],3,4,7,1,4
1,<environment.Job instance at 0x7ff0579cf5f0>,4,2,[9 2],5,7,9,2,5
1,<environment.Job instance at 0x7ff0579cfe60>,5,15,[6 2],6,9,24,3,7
1,<environment.Job instance at 0x7ff0579cf1e0>,7,3,[10  1],8,24,27,16,8
1,<environment.Job instance at 0x7ff0579cf050>,8,2,[2 7],9,9,11,0,9
1,<environment.Job instance at 0x7ff05a33a230>,3,3,[1 8],4,11,14,7,9
1,<environment.Job instance at 0x7ff0579cff50>,6,2,[10  2],7,27,29,20,12
1,<environment.Job instance at 0x7ff059eabc80>,12,12,[6 2],13,29,41,16,13
1,<environment.Job instance at 0x7ff013e305a0>,13,1,[1 5],14,14,15,0,14
1,<environment.Job instance at 0x7ff057c69550>,15,16,[6 2],16,41,57,25,28
1,<environment.Job instance at 0x7ff05a0d6dc0>,19,16,[7 4],20,57,73,37,44
1,<environment.Job instance at 0x7ff013e30d20>,11,18,[4 9],12,73,91,61,62
1,<environment.Job instance at 0x7ff057aa1f50>,25,13,[5 7],26,91,104,65,75
1,<environment.Job instance at 0x7ff059db2820>,21,18,[ 3 10],22,104,122,82,95
1,<environment.Job instance at 0x7ff057d4b780>,32,16,[5 4],33,122,138,89,109
1,<environment.Job instance at 0x7ff057d4b1e0>,34,2,[2 7],35,138,140,103,117
1,<environment.Job instance at 0x7ff057d4bd20>,35,15,[5 6],36,122,137,86,117
1,<environment.Job instance at 0x7ff057d4b280>,37,14,[7 2],38,138,152,100,123
1,<environment.Job instance at 0x7ff057d4bb40>,39,1,[5 5],40,137,138,97,123
1,<environment.Job instance at 0x7ff057d4bb90>,41,17,[ 4 10],42,152,169,110,148
1,<environment.Job instance at 0x7ff013b33e60>,5,1,[7 2],6,7,8,1,7
1,<environment.Job instance at 0x7ff013b51280>,9,1,[ 2 10],10,10,11,0,10
1,<environment.Job instance at 0x7ff013b514b0>,11,3,[3 5],12,12,15,0,12
1,<environment.Job instance at 0x7ff013b51820>,14,1,[6 4],15,15,16,0,15
1,<environment.Job instance at 0x7ff05ec521e0>,3,18,[6 4],4,17,35,13,17
1,<environment.Job instance at 0x7ff013b51640>,13,15,[6 2],14,35,50,21,21
1,<environment.Job instance at 0x7ff013b51e60>,19,2,[4 7],20,35,37,15,22
1,<environment.Job instance at 0x7ff013b51e10>,20,12,[2 5],21,37,49,16,24
1,<environment.Job instance at 0x7ff013b51fa0>,21,16,[1 6],22,49,65,27,36
1,<environment.Job instance at 0x7ff0141b33c0>,26,12,[4 8],27,65,77,38,48
1,<environment.Job instance at 0x7ff0141b35f0>,32,3,[4 7],33,77,80,44,56
1,<environment.Job instance at 0x7ff0141b3910>,33,12,[9 3],34,80,92,46,63
1,<environment.Job instance at 0x7ff0141b3c80>,35,14,[5 2],36,63,77,27,63
1,<environment.Job instance at 0x7ff013b51500>,10,13,[5 8],11,92,105,81,80
1,<environment.Job instance at 0x7ff0141d6190>,42,12,[8 3],43,105,117,62,88
1,<environment.Job instance at 0x7ff0141d64b0>,47,1,[5 6],48,117,118,69,100
1,<environment.Job instance at 0x7ff0141d65f0>,48,14,[4 5],49,118,132,69,103
1,<environment.Job instance at 0x7ff0141d6870>,49,14,[9 4],50,132,146,82,117
1,<environment.Job instance at 0x7ff0141d69b0>,55,2,[ 2 10],56,146,148,90,123
1,<environment.Job instance at 0x7ff0141d6fa0>,56,17,[2 9],57,148,165,91,136
1,<environment.Job instance at 0x7ff0141d6d70>,58,13,[ 3 10],59,165,178,106,149
1,<environment.Job instance at 0x7ff0141ca190>,60,16,[10  3],61,178,194,117,165
1,<environment.Job instance at 0x7ff0141ca500>,64,3,[9 2],65,194,197,129,181
1,<environment.Job instance at 0x7ff0141ca4b0>,65,3,[8 2],66,197,200,131,181
1,<environment.Job instance at 0x7ff0141ca460>,66,13,[8 5],67,200,213,133,185
1,<environment.Job instance at 0x7ff0141ca730>,67,3,[2 7],68,197,200,129,185
1,<environment.Job instance at 0x7ff0141ca5f0>,63,17,[6 1],64,213,230,149,201
1,<environment.Job instance at 0x7ff05a0d68c0>,1,2,[ 2 10],2,3,5,1,3
1,<environment.Job instance at 0x7ff05a0d62d0>,0,3,[ 1 10],1,5,8,4,5
1,<environment.Job instance at 0x7ff013fb2c80>,6,1,[2 8],7,8,9,1,7
1,<environment.Job instance at 0x7ff0141ca5f0>,3,3,[4 8],4,9,12,5,7
1,<environment.Job instance at 0x7ff013fb26e0>,8,15,[6 2],9,11,26,2,11
1,<environment.Job instance at 0x7ff013fb2a50>,10,18,[1 7],11,13,31,2,13
1,<environment.Job instance at 0x7ff0578d53c0>,22,1,[6 5],23,54,55,31,54
1,<environment.Job instance at 0x7ff0578d5aa0>,24,13,[7 3],25,55,68,30,54
1,<environment.Job instance at 0x7ff0578d56e0>,26,12,[5 9],27,76,88,49,76
1,<environment.Job instance at 0x7ff0578d5690>,28,1,[6 4],29,88,89,59,76
1,<environment.Job instance at 0x7ff0578d5870>,31,12,[3 9],32,89,101,57,82
1,<environment.Job instance at 0x7ff013a996e0>,35,14,[7 3],36,108,122,72,108
1,<environment.Job instance at 0x7ff01f1055f0>,7,16,[2 7],8,109,125,101,109
1,<environment.Job instance at 0x7ff057c0ed20>,40,12,[3 6],41,125,137,84,111
1,<environment.Job instance at 0x7ff057c0eb40>,45,14,[10  1],46,137,151,91,123
1,<environment.Job instance at 0x7ff057c0e370>,50,15,[6 3],51,151,166,100,137
1,<environment.Job instance at 0x7ff057c0ec80>,47,17,[2 7],48,151,168,103,139
1,<environment.Job instance at 0x7ff057926190>,57,3,[3 8],58,168,171,110,145
1,<environment.Job instance at 0x7ff057c0e730>,51,18,[5 9],52,171,189,119,160
1,<environment.Job instance at 0x7ff057926050>,65,13,[8 4],66,189,202,123,173
1,<environment.Job instance at 0x7ff057926730>,62,12,[6 2],63,202,214,139,186
1,<environment.Job instance at 0x7ff05ed94af0>,68,12,[5 5],69,214,226,145,197
1,<environment.Job instance at 0x7ff0578d5dc0>,30,15,[3 8],31,226,241,195,212
1,<environment.Job instance at 0x7ff057746c80>,4,18,[3 6],5,5,23,0,5
1,<environment.Job instance at 0x7ff013caeb90>,10,17,[5 8],11,23,40,12,11
1,<environment.Job instance at 0x7ff013cae0f0>,12,2,[5 1],13,14,16,1,14
1,<environment.Job instance at 0x7ff013cae140>,17,3,[ 4 10],18,40,43,22,22
1,<environment.Job instance at 0x7ff059efc230>,20,18,[5 6],21,43,61,22,35
1,<environment.Job instance at 0x7ff013cae690>,16,14,[10  1],17,61,75,44,48
1,<environment.Job instance at 0x7ff059efc1e0>,24,12,[10  2],25,75,87,50,60
1,<environment.Job instance at 0x7ff0141994b0>,33,1,[5 7],34,87,88,53,74
1,<environment.Job instance at 0x7ff014199f00>,34,1,[ 1 10],35,88,89,53,74
1,<environment.Job instance at 0x7ff0141997d0>,35,1,[9 5],36,89,90,53,74
1,<environment.Job instance at 0x7ff0141990a0>,37,1,[5 3],38,87,88,49,74
1,<environment.Job instance at 0x7ff0141995f0>,38,3,[9 3],39,90,93,51,74
1,<environment.Job instance at 0x7ff05eb323c0>,39,13,[8 5],40,93,106,53,77
1,<environment.Job instance at 0x7ff014199230>,40,1,[10  4],41,106,107,65,78
1,<environment.Job instance at 0x7ff013aca0a0>,42,13,[ 3 10],43,107,120,64,91
1,<environment.Job instance at 0x7ff013b9c410>,48,2,[5 5],49,120,122,71,101
1,<environment.Job instance at 0x7ff013aca730>,43,16,[6 3],44,122,138,78,109
1,<environment.Job instance at 0x7ff013882640>,4,2,[7 1],5,5,7,0,5
1,<environment.Job instance at 0x7ff059d6fb90>,5,3,[2 6],6,6,9,0,6
1,<environment.Job instance at 0x7ff059d6faf0>,6,1,[1 6],7,9,10,2,7
1,<environment.Job instance at 0x7ff059d6fcd0>,9,17,[1 5],10,22,39,12,22
1,<environment.Job instance at 0x7ff059d84050>,12,17,[3 5],13,23,40,10,23
1,<environment.Job instance at 0x7ff059d6fd20>,10,13,[3 8],11,40,53,29,24
1,<environment.Job instance at 0x7ff059d84a50>,13,16,[5 2],14,39,55,25,29
1,<environment.Job instance at 0x7ff059d84910>,18,13,[8 3],19,55,68,36,39
1,<environment.Job instance at 0x7ff059d84e10>,15,13,[10  5],16,68,81,52,52
1,<environment.Job instance at 0x7ff0575d5eb0>,26,12,[9 5],27,81,93,54,64
1,<environment.Job instance at 0x7ff0575d59b0>,25,14,[10  1],26,93,107,67,78
1,<environment.Job instance at 0x7ff0138824b0>,2,15,[3 9],3,107,122,104,93
1,<environment.Job instance at 0x7ff059d6ac80>,30,16,[5 4],31,122,138,91,111
1,<environment.Job instance at 0x7ff057bed230>,38,3,[7 2],39,138,141,99,117
1,<environment.Job instance at 0x7ff057c48c80>,0,3,[9 1],1,4,7,3,4
1,<environment.Job instance at 0x7ff05a0c02d0>,3,2,[9 1],4,10,12,6,10
1,<environment.Job instance at 0x7ff057b47dc0>,5,2,[ 3 10],6,16,18,10,16
1,<environment.Job instance at 0x7ff057793eb0>,7,2,[10  5],8,18,20,10,17
1,<environment.Job instance at 0x7ff0575f4550>,9,14,[7 5],10,20,34,10,17
1,<environment.Job instance at 0x7ff0579cebe0>,12,18,[5 3],13,34,52,21,29
1,<environment.Job instance at 0x7ff0579ce6e0>,11,13,[5 2],12,56,69,44,56
1,<environment.Job instance at 0x7ff0579ce460>,14,18,[6 3],15,69,87,54,58
1,<environment.Job instance at 0x7ff057aeb820>,16,3,[10  3],17,87,90,70,61
1,<environment.Job instance at 0x7ff013f445f0>,18,13,[2 7],19,66,79,47,66
1,<environment.Job instance at 0x7ff014055f50>,24,15,[8 2],25,90,105,65,79
1,<environment.Job instance at 0x7ff0139f55a0>,23,18,[5 5],24,105,123,81,95
1,<environment.Job instance at 0x7ff057796230>,27,18,[5 5],28,105,123,77,97
1,<environment.Job instance at 0x7ff05ec53dc0>,32,1,[4 8],33,123,124,90,98
1,<environment.Job instance at 0x7ff0139f8d70>,35,13,[ 5 10],36,124,137,88,124
1,<environment.Job instance at 0x7ff0139f8460>,36,3,[3 9],37,137,140,100,124
1,<environment.Job instance at 0x7ff0139f8690>,37,3,[5 6],38,140,143,102,124
1,<environment.Job instance at 0x7ff0139f8dc0>,39,13,[7 1],40,143,156,103,127
1,<environment.Job instance at 0x7ff0139f8230>,42,14,[3 8],43,143,157,100,129
1,<environment.Job instance at 0x7ff013e21b90>,45,2,[7 1],46,156,158,110,141
1,<environment.Job instance at 0x7ff013e21820>,46,2,[2 6],47,157,159,110,141
1,<environment.Job instance at 0x7ff013e21780>,47,18,[2 6],48,159,177,111,148
1,<environment.Job instance at 0x7ff013e218c0>,49,12,[10  4],50,177,189,127,160
1,<environment.Job instance at 0x7ff013e21d20>,50,13,[7 1],51,160,173,109,160
1,<environment.Job instance at 0x7ff013e21690>,54,15,[10  1],55,189,204,134,175
1,<environment.Job instance at 0x7ff013e21b40>,55,18,[7 4],56,204,222,148,193
1,<environment.Job instance at 0x7ff013fecd70>,62,14,[4 6],63,222,236,159,207
1,<environment.Job instance at 0x7ff059d8b780>,64,15,[5 5],65,236,251,171,222
1,<environment.Job instance at 0x7ff05a3ced70>,67,3,[3 6],68,251,254,183,225
1,<environment.Job instance at 0x7ff013e21fa0>,58,18,[ 2 10],59,254,272,195,247
1,<environment.Job instance at 0x7ff013c4c1e0>,2,1,[6 5],3,3,4,0,3
1,<environment.Job instance at 0x7ff01395f820>,6,14,[5 7],7,8,22,1,8
1,<environment.Job instance at 0x7ff01395f280>,7,12,[3 8],8,22,34,14,9
1,<environment.Job instance at 0x7ff01395fb40>,9,3,[4 7],10,34,37,24,10
1,<environment.Job instance at 0x7ff01395fc30>,12,3,[8 4],13,37,40,24,18
1,<environment.Job instance at 0x7ff01395f870>,8,16,[1 7],9,40,56,31,27
1,<environment.Job instance at 0x7ff013e44b40>,16,13,[7 1],17,40,53,23,27
1,<environment.Job instance at 0x7ff013e44d70>,13,18,[5 3],14,53,71,39,44
1,<environment.Job instance at 0x7ff013e44780>,28,12,[5 5],29,56,68,27,45
1,<environment.Job instance at 0x7ff0137f8370>,30,17,[7 1],31,71,88,40,59
1,<environment.Job instance at 0x7ff0137f82d0>,33,3,[2 7],34,68,71,34,67
1,<environment.Job instance at 0x7ff0137f81e0>,34,12,[1 5],35,71,83,36,67
1,<environment.Job instance at 0x7ff0137f8280>,32,15,[3 6],33,83,98,50,69
1,<environment.Job instance at 0x7ff01393ba00>,36,1,[6 4],37,88,89,51,69
1,<environment.Job instance at 0x7ff01393b870>,42,13,[9 3],43,98,111,55,83
1,<environment.Job instance at 0x7ff01393be10>,35,18,[8 2],36,111,129,75,100
1,<environment.Job instance at 0x7ff013866190>,50,14,[10  4],51,129,143,78,120
1,<environment.Job instance at 0x7ff013866c80>,56,3,[8 5],57,143,146,86,128
1,<environment.Job instance at 0x7ff0138667d0>,58,16,[10  1],59,146,162,87,139
1,<environment.Job instance at 0x7ff0138125f0>,63,14,[5 7],64,162,176,98,147
1,<environment.Job instance at 0x7ff013812a00>,65,18,[9 1],66,176,194,110,171
1,<environment.Job instance at 0x7ff013cae3c0>,1,2,[4 7],2,2,4,0,2
1,<environment.Job instance at 0x7ff0140428c0>,8,3,[1 5],9,11,14,2,11
1,<environment.Job instance at 0x7ff014042d20>,13,3,[4 7],14,14,17,0,14
1,<environment.Job instance at 0x7ff014042b90>,12,2,[6 5],13,17,19,4,15
1,<environment.Job instance at 0x7ff057ac35a0>,0,15,[5 8],1,19,34,18,15
1,<environment.Job instance at 0x7ff014042cd0>,16,15,[4 7],17,34,49,17,21
1,<environment.Job instance at 0x7ff0140588c0>,19,3,[1 9],20,49,52,29,23
1,<environment.Job instance at 0x7ff014058dc0>,18,3,[6 1],19,34,37,15,24
1,<environment.Job instance at 0x7ff0140614b0>,21,3,[9 5],22,52,55,30,27
1,<environment.Job instance at 0x7ff014061a50>,22,3,[8 1],23,49,52,26,31
1,<environment.Job instance at 0x7ff014058190>,20,15,[4 8],21,55,70,34,41
1,<environment.Job instance at 0x7ff0140586e0>,25,15,[9 1],26,70,85,44,56
1,<environment.Job instance at 0x7ff014047320>,33,14,[4 9],34,85,99,51,70
1,<environment.Job instance at 0x7ff014058050>,14,17,[5 4],15,99,116,84,87
1,<environment.Job instance at 0x7ff0576896e0>,41,18,[5 5],42,99,117,57,90
1,<environment.Job instance at 0x7ff0576899b0>,42,14,[5 7],43,117,131,74,102
1,<environment.Job instance at 0x7ff057689af0>,47,1,[7 3],48,131,132,83,106
1,<environment.Job instance at 0x7ff057683140>,50,2,[5 8],51,132,134,81,124
1,<environment.Job instance at 0x7ff0576830a0>,51,3,[6 5],52,134,137,82,124
1,<environment.Job instance at 0x7ff057683af0>,52,14,[4 9],53,137,151,84,124
1,<environment.Job instance at 0x7ff014058640>,5,14,[5 1],6,6,20,0,6
1,<environment.Job instance at 0x7ff013c53a00>,0,14,[2 8],1,12,26,11,12
1,<environment.Job instance at 0x7ff013ca7e60>,12,3,[7 5],13,26,29,13,13
1,<environment.Job instance at 0x7ff05e9b2460>,13,3,[10  4],14,29,32,15,14
1,<environment.Job instance at 0x7ff059eaa370>,16,2,[1 9],17,32,34,15,17
1,<environment.Job instance at 0x7ff013ca7a00>,11,16,[2 7],12,34,50,22,21
1,<environment.Job instance at 0x7ff05a4e0c30>,19,3,[ 4 10],20,50,53,30,29
1,<environment.Job instance at 0x7ff05a4e0dc0>,22,18,[4 5],23,53,71,30,43
1,<environment.Job instance at 0x7ff0138125a0>,8,16,[9 2],9,71,87,62,60
1,<environment.Job instance at 0x7ff013b33460>,26,13,[5 6],27,87,100,60,71
1,<environment.Job instance at 0x7ff05a2be8c0>,31,2,[9 4],32,100,102,68,75
1,<environment.Job instance at 0x7ff05a2bec80>,29,15,[5 9],30,102,117,72,88
1,<environment.Job instance at 0x7ff05a2bef50>,36,14,[6 1],37,117,131,80,102
1,<environment.Job instance at 0x7ff05a2bed70>,32,16,[3 5],33,117,133,84,105
1,<environment.Job instance at 0x7ff05a4e08c0>,17,13,[ 5 10],18,133,146,115,117
1,<environment.Job instance at 0x7ff0578a8730>,47,15,[6 4],48,146,161,98,132
1,<environment.Job instance at 0x7ff0578a85f0>,46,12,[4 7],47,161,173,114,146
1,<environment.Job instance at 0x7ff0578a8190>,49,15,[ 5 10],50,173,188,123,160
1,<environment.Job instance at 0x7ff05a0cea00>,58,3,[1 9],59,188,191,129,170
1,<environment.Job instance at 0x7ff013884820>,59,15,[6 5],60,191,206,131,177
1,<environment.Job instance at 0x7ff05a2be0a0>,28,17,[10  4],29,206,223,177,194
1,<environment.Job instance at 0x7ff013884050>,60,17,[10  1],61,223,240,162,219
1,<environment.Job instance at 0x7ff013961780>,8,3,[9 2],9,11,14,2,11
1,<environment.Job instance at 0x7ff013961dc0>,10,2,[7 3],11,17,19,6,17
1,<environment.Job instance at 0x7ff013961050>,12,1,[7 3],13,19,20,6,17
1,<environment.Job instance at 0x7ff013961b40>,13,3,[9 3],14,20,23,6,17
1,<environment.Job instance at 0x7ff013961aa0>,14,3,[3 9],15,23,26,8,17
1,<environment.Job instance at 0x7ff013961410>,9,15,[5 5],10,26,41,16,17
1,<environment.Job instance at 0x7ff0575f9640>,19,1,[5 5],20,26,27,6,20
1,<environment.Job instance at 0x7ff0575f9960>,24,17,[5 9],25,41,58,16,29
1,<environment.Job instance at 0x7ff0575f9050>,27,15,[5 5],28,58,73,30,44
1,<environment.Job instance at 0x7ff0575f9190>,29,18,[9 5],30,73,91,43,62
1,<environment.Job instance at 0x7ff0575f96e0>,25,17,[5 9],26,91,108,65,80
1,<environment.Job instance at 0x7ff013bd4cd0>,36,14,[4 7],37,108,122,71,93
1,<environment.Job instance at 0x7ff013bd4640>,40,12,[2 9],41,122,134,81,107
1,<environment.Job instance at 0x7ff0575b5d20>,44,13,[10  1],45,134,147,89,121
1,<environment.Job instance at 0x7ff0139617d0>,2,18,[4 7],3,147,165,144,136
1,<environment.Job instance at 0x7ff0575b55f0>,54,18,[8 2],55,165,183,110,154
1,<environment.Job instance at 0x7ff0575b5be0>,53,18,[2 6],54,165,183,111,157
1,<environment.Job instance at 0x7ff0575b5460>,58,17,[3 5],59,183,200,124,171
1,<environment.Job instance at 0x7ff0575b5f50>,60,14,[6 3],61,183,197,122,171
1,<environment.Job instance at 0x7ff013ab5b90>,65,12,[5 9],66,200,212,134,183
1,<environment.Job instance at 0x7ff013ab5cd0>,2,1,[4 6],3,3,4,0,3
1,<environment.Job instance at 0x7ff013ab5050>,4,1,[5 8],5,5,6,0,5
1,<environment.Job instance at 0x7ff013d79910>,5,3,[7 3],6,6,9,0,6
1,<environment.Job instance at 0x7ff013f41e10>,6,2,[5 5],7,9,11,2,7
1,<environment.Job instance at 0x7ff05ee773c0>,7,3,[ 1 10],8,11,14,3,8
1,<environment.Job instance at 0x7ff05a366dc0>,12,14,[ 1 10],13,14,28,1,14
1,<environment.Job instance at 0x7ff05a09e870>,8,12,[10  2],9,28,40,19,15
1,<environment.Job instance at 0x7ff05a346cd0>,20,3,[10  4],21,40,43,19,31
1,<environment.Job instance at 0x7ff05a3469b0>,21,17,[5 6],22,43,60,21,31
1,<environment.Job instance at 0x7ff013b25be0>,24,12,[4 9],25,60,72,35,44
1,<environment.Job instance at 0x7ff05a346a50>,22,16,[10  1],23,72,88,49,59
1,<environment.Job instance at 0x7ff05a398e10>,31,18,[4 6],32,88,106,56,77
1,<environment.Job instance at 0x7ff013b25190>,33,17,[6 1],34,88,105,54,78
1,<environment.Job instance at 0x7ff013b60c80>,35,12,[1 9],36,106,118,70,92
1,<environment.Job instance at 0x7ff05a37dfa0>,15,15,[10  1],16,118,133,102,104
1,<environment.Job instance at 0x7ff013b26c80>,44,16,[1 8],45,133,149,88,121
1,<environment.Job instance at 0x7ff013b26910>,47,2,[1 5],48,149,151,101,126
1,<environment.Job instance at 0x7ff013b25230>,23,17,[ 2 10],24,151,168,127,140
1,<environment.Job instance at 0x7ff013b2f050>,3,18,[ 3 10],4,172,190,168,172
1,<environment.Job instance at 0x7ff013b5bb90>,52,3,[5 8],53,190,193,137,172
1,<environment.Job instance at 0x7ff013b5baa0>,54,13,[10  5],55,205,218,150,205
1,<environment.Job instance at 0x7ff013b5b410>,55,12,[10  3],56,219,231,163,219
1,<environment.Job instance at 0x7ff0140b9b90>,57,3,[5 7],58,231,234,173,227
1,<environment.Job instance at 0x7ff0140b9820>,58,1,[ 4 10],59,234,235,175,227
1,<environment.Job instance at 0x7ff013b571e0>,59,12,[7 1],60,235,247,175,227
1,<environment.Job instance at 0x7ff013b57640>,60,18,[5 7],61,247,265,186,236
1,<environment.Job instance at 0x7f16ec7e8190>,5,2,[1 6],6,6,8,0,6
1,<environment.Job instance at 0x7f16e73d8730>,9,12,[8 2],10,10,22,0,10
1,<environment.Job instance at 0x7f16e73d89b0>,11,3,[4 9],12,22,25,10,12
1,<environment.Job instance at 0x7f16e73d8550>,7,14,[7 5],8,25,39,17,12
1,<environment.Job instance at 0x7f16e73d8c80>,15,3,[2 8],16,39,42,23,25
1,<environment.Job instance at 0x7f16e73d8dc0>,17,12,[5 1],18,39,51,21,30
1,<environment.Job instance at 0x7f16e73d8f00>,20,3,[10  5],21,51,54,30,50
1,<environment.Job instance at 0x7f16e73db190>,22,12,[3 8],23,54,66,31,50
1,<environment.Job instance at 0x7f16e73db1e0>,23,16,[6 2],24,54,70,30,50
1,<environment.Job instance at 0x7f16e73db280>,24,2,[4 6],25,66,68,41,50
1,<environment.Job instance at 0x7f16e73db640>,25,2,[5 7],26,70,72,44,50
1,<environment.Job instance at 0x7f16e73d8370>,6,15,[2 8],7,72,87,65,60
1,<environment.Job instance at 0x7f16e73db140>,21,18,[9 4],22,99,117,77,99
1,<environment.Job instance at 0x7f16e73dbe10>,36,2,[7 5],37,117,119,80,99
1,<environment.Job instance at 0x7f16e73dbeb0>,37,14,[5 8],38,119,133,81,105
1,<environment.Job instance at 0x7f16e73dbf00>,39,14,[9 4],40,133,147,93,125
1,<environment.Job instance at 0x7f16e73dd2d0>,43,12,[4 5],44,147,159,103,130
1,<environment.Job instance at 0x7f16e73dd370>,44,3,[5 1],45,130,133,85,130
1,<environment.Job instance at 0x7f16e73dd460>,47,13,[ 3 10],48,159,172,111,143
1,<environment.Job instance at 0x7f16e73ddcd0>,56,3,[8 4],57,172,175,115,156
1,<environment.Job instance at 0x7f16e73dbcd0>,34,14,[1 9],35,175,189,140,160
1,<environment.Job instance at 0x7f16e73df320>,60,2,[2 6],61,172,174,111,167
1,<environment.Job instance at 0x7f16e73dd3c0>,48,12,[9 2],49,189,201,140,172
1,<environment.Job instance at 0x7f16e73df690>,64,2,[2 8],65,201,203,136,174
1,<environment.Job instance at 0x7f16e73df640>,66,2,[7 2],67,201,203,134,174
1,<environment.Job instance at 0x7f16e73df780>,68,14,[6 4],69,203,217,134,189
1,<environment.Job instance at 0x7f16e73df820>,72,18,[3 5],73,203,221,130,202
1,<environment.Job instance at 0x7f16e73dfe10>,76,13,[10  1],77,221,234,144,205
1,<environment.Job instance at 0x7f16e73dfd20>,78,14,[6 1],79,234,248,155,219
1,<environment.Job instance at 0x7f16e73dd5a0>,49,17,[10  2],50,314,331,264,314
1,<environment.Job instance at 0x7f16ec95b0a0>,4,1,[5 5],5,5,6,0,5
1,<environment.Job instance at 0x7f16ec95b190>,5,15,[1 7],6,6,21,0,6
1,<environment.Job instance at 0x7f16ec95a370>,6,3,[6 3],7,7,10,0,7
1,<environment.Job instance at 0x7f16ec95a730>,7,18,[7 1],8,10,28,2,8
1,<environment.Job instance at 0x7f16ec95a870>,10,3,[6 1],11,28,31,17,11
1,<environment.Job instance at 0x7f16ec957230>,12,12,[5 5],13,31,43,18,14
1,<environment.Job instance at 0x7f16ec957410>,14,1,[ 5 10],15,43,44,28,20
1,<environment.Job instance at 0x7f16ec957730>,17,2,[6 2],18,44,46,26,25
1,<environment.Job instance at 0x7f16ec957870>,18,1,[2 9],19,25,26,6,25
1,<environment.Job instance at 0x7f16ec8123c0>,19,2,[7 5],20,46,48,26,25
1,<environment.Job instance at 0x7f16ec80f960>,20,2,[5 9],21,48,50,27,25
1,<environment.Job instance at 0x7f16ec9571e0>,16,18,[2 6],17,50,68,33,39
1,<environment.Job instance at 0x7f16ec80f4b0>,25,16,[7 5],26,68,84,42,55
1,<environment.Job instance at 0x7f16ec80f0a0>,28,3,[5 5],29,84,87,55,65
1,<environment.Job instance at 0x7f16ec80faa0>,21,15,[2 7],22,87,102,65,73
1,<environment.Job instance at 0x7f16ec961e10>,35,2,[1 6],36,102,104,66,83
1,<environment.Job instance at 0x7f16ec9618c0>,33,17,[5 1],34,85,102,51,85
1,<environment.Job instance at 0x7f16ec961230>,36,12,[8 4],37,102,114,65,90
1,<environment.Job instance at 0x7f16ec80f280>,23,16,[1 9],24,114,130,90,109
1,<environment.Job instance at 0x7f16ec961320>,41,3,[1 6],42,110,113,68,110
1,<environment.Job instance at 0x7f16ec9615f0>,42,18,[7 5],43,130,148,87,119
1,<environment.Job instance at 0x7f16ec9535a0>,50,17,[9 5],51,148,165,97,137
1,<environment.Job instance at 0x7f16ec94d690>,54,12,[5 4],55,165,177,110,148
1,<environment.Job instance at 0x7f16ec86e780>,58,3,[4 6],59,165,168,106,152
1,<environment.Job instance at 0x7f16ec86e1e0>,60,2,[7 5],61,177,179,116,152
1,<environment.Job instance at 0x7f16ec9602d0>,61,14,[ 3 10],62,179,193,117,165
1,<environment.Job instance at 0x7f16ec960370>,63,1,[2 7],64,193,194,129,165
1,<environment.Job instance at 0x7f16ec960f00>,65,3,[9 2],66,194,197,128,168
1,<environment.Job instance at 0x7f16ec960910>,67,2,[3 8],68,197,199,129,170
1,<environment.Job instance at 0x7f16ec960690>,68,3,[4 8],69,199,202,130,173
1,<environment.Job instance at 0x7f16ec960500>,69,17,[5 7],70,202,219,132,190
1,<environment.Job instance at 0x7f16e7258230>,76,12,[1 6],77,219,231,142,202
1,<environment.Job instance at 0x7f16ec9505a0>,78,2,[9 1],79,219,221,140,202
1,<environment.Job instance at 0x7f16a16c3370>,8,2,[8 1],9,9,11,0,9
1,<environment.Job instance at 0x7f16a16c30f0>,7,3,[5 6],8,11,14,3,10
1,<environment.Job instance at 0x7f16a16c3460>,12,3,[8 5],13,14,17,1,13
1,<environment.Job instance at 0x7f16a16c3eb0>,11,13,[5 7],12,17,30,5,13
1,<environment.Job instance at 0x7f16a16fee60>,15,17,[5 1],16,18,35,2,18
1,<environment.Job instance at 0x7f16a16fef50>,14,19,[3 8],15,30,49,15,20
1,<environment.Job instance at 0x7f16a16fec80>,18,2,[5 7],19,49,51,30,25
1,<environment.Job instance at 0x7f16a16fecd0>,17,16,[8 4],18,51,67,33,39
1,<environment.Job instance at 0x7f16a16fe280>,25,1,[9 3],26,67,68,41,49
1,<environment.Job instance at 0x7f16a16ae5a0>,27,13,[9 5],28,68,81,40,53
1,<environment.Job instance at 0x7f16a16ae6e0>,29,1,[5 3],30,81,82,51,53
1,<environment.Job instance at 0x7f16a16ae550>,31,3,[9 5],32,82,85,50,57
1,<environment.Job instance at 0x7f16a16ae410>,33,12,[1 9],34,85,97,51,68
1,<environment.Job instance at 0x7f16a16fe0a0>,26,17,[9 1],27,85,102,58,81
1,<environment.Job instance at 0x7f16a16ae280>,36,3,[7 5],37,102,105,65,81
1,<environment.Job instance at 0x7f16a16ae7d0>,37,2,[5 3],38,105,107,67,98
1,<environment.Job instance at 0x7f16a16aec80>,39,3,[10  4],40,107,110,67,100
1,<environment.Job instance at 0x7f16a170d9b0>,42,3,[8 2],43,110,113,67,100
1,<environment.Job instance at 0x7f16a170da00>,43,14,[5 9],44,113,127,69,100
1,<environment.Job instance at 0x7f16a170d230>,47,2,[10  3],48,127,129,79,109
1,<environment.Job instance at 0x7f16a170d780>,49,15,[5 5],50,129,144,79,120
1,<environment.Job instance at 0x7f16a170d1e0>,51,17,[3 6],52,144,161,92,132
1,<environment.Job instance at 0x7f16a1729c30>,56,16,[1 8],57,161,177,104,148
1,<environment.Job instance at 0x7f16a1729b40>,60,3,[4 8],61,183,186,122,183
1,<environment.Job instance at 0x7f16a17299b0>,61,3,[5 3],62,186,189,124,183
1,<environment.Job instance at 0x7f16a17dd5a0>,62,15,[8 2],63,189,204,126,183
1,<environment.Job instance at 0x7f16a17ddf50>,63,18,[5 1],64,204,222,140,193
1,<environment.Job instance at 0x7f16a16ae5f0>,30,17,[9 5],31,222,239,191,215
1,<environment.Job instance at 0x7f16a17dd280>,69,13,[4 5],70,239,252,169,223
1,<environment.Job instance at 0x7f16a16dc550>,4,13,[4 5],5,5,18,0,5
1,<environment.Job instance at 0x7f16a1ae17d0>,3,13,[9 2],4,18,31,14,9
1,<environment.Job instance at 0x7f16a16dcd70>,9,2,[6 2],10,10,12,0,10
1,<environment.Job instance at 0x7f16a16dc730>,16,1,[2 6],17,31,32,14,17
1,<environment.Job instance at 0x7f16a1a91820>,18,2,[5 3],19,31,33,12,19
1,<environment.Job instance at 0x7f16a1ae1d20>,0,13,[5 9],1,33,46,32,19
1,<environment.Job instance at 0x7f16a1a91eb0>,19,3,[4 8],20,46,49,26,20
1,<environment.Job instance at 0x7f16a1a91fa0>,20,2,[4 5],21,49,51,28,22
1,<environment.Job instance at 0x7f16a1caa960>,22,1,[1 5],23,23,24,0,23
1,<environment.Job instance at 0x7f16a1caa5a0>,24,3,[5 4],25,49,52,24,31
1,<environment.Job instance at 0x7f16a1caaa00>,26,15,[6 5],27,52,67,25,38
1,<environment.Job instance at 0x7f16a16dc5f0>,11,16,[5 8],12,67,83,55,54
1,<environment.Job instance at 0x7f16a1698460>,33,13,[8 3],34,83,96,49,67
1,<environment.Job instance at 0x7f16a1698a00>,37,15,[3 6],38,96,111,58,82
1,<environment.Job instance at 0x7f16a1b92500>,40,15,[5 8],41,111,126,70,97
1,<environment.Job instance at 0x7f16a1b924b0>,43,2,[7 3],44,100,102,56,100
1,<environment.Job instance at 0x7f16a1b920a0>,44,16,[7 5],45,126,142,81,113
1,<environment.Job instance at 0x7f16a1b92640>,53,15,[7 2],54,142,157,88,129
1,<environment.Job instance at 0x7f16a1698d70>,32,18,[3 8],33,142,160,109,139
1,<environment.Job instance at 0x7f16a1b58780>,58,12,[5 5],59,160,172,101,143
1,<environment.Job instance at 0x7f16a1ca2230>,60,1,[7 2],61,157,158,96,156
1,<environment.Job instance at 0x7f16a1ca21e0>,59,15,[6 5],60,172,187,112,158
1,<environment.Job instance at 0x7f16a1caac80>,25,18,[ 1 10],26,187,205,161,176
1,<environment.Job instance at 0x7f16a1689b90>,66,3,[4 5],67,205,208,138,189
1,<environment.Job instance at 0x7f16a1689460>,67,16,[5 3],68,205,221,137,193
1,<environment.Job instance at 0x7f16a16895a0>,69,12,[6 3],70,221,233,151,204
1,<environment.Job instance at 0x7f16a1689f50>,70,3,[5 2],71,208,211,137,204
1,<environment.Job instance at 0x7f16a1689050>,71,3,[9 4],72,233,236,161,207
1,<environment.Job instance at 0x7f16a1689410>,72,2,[6 5],73,236,238,163,209
1,<environment.Job instance at 0x7f16a16892d0>,73,16,[4 5],74,211,227,137,209
1,<environment.Job instance at 0x7f16a1621a00>,77,2,[1 8],78,238,240,160,219
1,<environment.Job instance at 0x7f16a1621cd0>,78,14,[9 4],79,240,254,161,229
1,<environment.Job instance at 0x7f16a17d2d70>,1,2,[9 2],2,2,4,0,2
1,<environment.Job instance at 0x7f16a1621cd0>,4,2,[5 8],5,5,7,0,5
1,<environment.Job instance at 0x7f16a1acda00>,6,2,[1 8],7,7,9,0,7
1,<environment.Job instance at 0x7f16e78da640>,0,16,[8 3],1,9,25,8,9
1,<environment.Job instance at 0x7f16a1acdc30>,9,2,[7 4],10,25,27,15,11
1,<environment.Job instance at 0x7f16a1acdbe0>,10,3,[10  4],11,27,30,16,12
1,<environment.Job instance at 0x7f16a1acddc0>,11,2,[2 9],12,30,32,18,12
1,<environment.Job instance at 0x7f16a1ad20f0>,14,1,[10  5],15,32,33,17,15
1,<environment.Job instance at 0x7f16a1ad21e0>,15,3,[10  5],16,33,36,17,16
1,<environment.Job instance at 0x7f16a1ad2460>,17,3,[9 3],18,36,39,18,18
1,<environment.Job instance at 0x7f16a1ad28c0>,20,3,[6 2],21,39,42,18,21
1,<environment.Job instance at 0x7f16a1ad2aa0>,21,1,[5 8],22,42,43,20,22
1,<environment.Job instance at 0x7f16a1ad2be0>,23,17,[7 1],24,43,60,19,31
1,<environment.Job instance at 0x7f16a1ad2820>,22,17,[5 9],23,76,93,53,76
1,<environment.Job instance at 0x7f16a1add370>,34,16,[5 2],35,116,132,81,116
1,<environment.Job instance at 0x7f16a1add870>,37,14,[3 6],38,136,150,98,136
1,<environment.Job instance at 0x7f16a1add780>,38,12,[6 4],39,137,149,98,137
1,<environment.Job instance at 0x7f16a1add960>,41,3,[6 1],42,149,152,107,138
1,<environment.Job instance at 0x7f16a1adda00>,42,2,[5 3],43,152,154,109,138
1,<environment.Job instance at 0x7f16a1addaa0>,43,3,[4 6],44,150,153,106,138
1,<environment.Job instance at 0x7f16a1addd70>,45,13,[9 1],46,159,172,113,159
1,<environment.Job instance at 0x7f16a1addc80>,46,18,[8 3],47,172,190,125,169
1,<environment.Job instance at 0x7f16a1adddc0>,48,16,[5 2],49,192,208,143,192
1,<environment.Job instance at 0x7f16a1addfa0>,50,12,[3 8],51,196,208,145,196
1,<environment.Job instance at 0x7f16a1ada0a0>,51,18,[5 8],52,270,288,218,270
1,<environment.Job instance at 0x7f16a1ada050>,52,14,[2 8],53,288,302,235,287
1,<environment.Job instance at 0x7f16a1ada280>,55,15,[1 5],56,302,317,246,288
1,<environment.Job instance at 0x7f16a1ada3c0>,57,13,[ 5 10],58,327,340,269,327
1,<environment.Job instance at 0x7f16a1ada5a0>,59,18,[5 2],60,340,358,280,332
1,<environment.Job instance at 0x7f16a1ada6e0>,60,16,[ 4 10],61,388,404,327,388
1,<environment.Job instance at 0x7f16a1ada780>,61,15,[5 7],62,443,458,381,443
1,<environment.Job instance at 0x7f16a1ada730>,62,17,[8 2],63,458,475,395,450
1,<environment.Job instance at 0x7f16a1ada8c0>,4,17,[2 6],5,5,22,0,5
1,<environment.Job instance at 0x7f16e9a51dc0>,5,1,[1 6],6,22,23,16,6
1,<environment.Job instance at 0x7f16e9a51370>,11,16,[4 5],12,23,39,11,12
1,<environment.Job instance at 0x7f16e9e0a1e0>,12,2,[2 7],13,39,41,26,13
1,<environment.Job instance at 0x7f16e9e0a2d0>,13,1,[8 3],14,14,15,0,14
1,<environment.Job instance at 0x7f16e9a51690>,9,1,[8 5],10,41,42,31,19
1,<environment.Job instance at 0x7f16e9e0af00>,15,14,[6 1],16,19,33,3,19
1,<environment.Job instance at 0x7f16e9e0a780>,16,2,[7 5],17,42,44,25,19
1,<environment.Job instance at 0x7f16a1a6d780>,19,3,[2 7],20,44,47,24,23
1,<environment.Job instance at 0x7f16e9e0ab90>,18,3,[2 9],19,47,50,28,23
1,<environment.Job instance at 0x7f16a1a6da50>,21,3,[3 8],22,50,53,28,24
1,<environment.Job instance at 0x7f16a1a6daa0>,20,12,[10  5],21,53,65,32,37
1,<environment.Job instance at 0x7f16a1a6d730>,25,13,[7 4],26,65,78,39,52
1,<environment.Job instance at 0x7f16e9e16960>,32,12,[7 5],33,78,90,45,61
1,<environment.Job instance at 0x7f16e7851a50>,0,16,[8 5],1,90,106,89,79
1,<environment.Job instance at 0x7f16e9e16e10>,36,14,[9 4],37,106,120,69,96
1,<environment.Job instance at 0x7f16e9e160f0>,41,1,[3 6],42,120,121,78,101
1,<environment.Job instance at 0x7f16a1a66050>,46,14,[2 5],47,141,155,94,141
1,<environment.Job instance at 0x7f16a1a66aa0>,47,1,[4 6],48,155,156,107,141
1,<environment.Job instance at 0x7f16a1a66e10>,43,13,[ 4 10],44,156,169,112,146
1,<environment.Job instance at 0x7f16a1a661e0>,49,15,[9 5],50,169,184,119,155
1,<environment.Job instance at 0x7f16a1a66690>,51,17,[7 5],52,184,201,132,175
1,<environment.Job instance at 0x7f16a1a665f0>,57,13,[3 7],58,201,214,143,185
1,<environment.Job instance at 0x7f16a1a66a00>,58,15,[2 9],59,214,229,155,201
1,<environment.Job instance at 0x7f16a1a66dc0>,60,12,[4 5],61,229,241,168,212
1,<environment.Job instance at 0x7f16e9d51e10>,64,3,[2 8],65,241,244,176,215
1,<environment.Job instance at 0x7f16e9d518c0>,66,12,[10  2],67,244,256,177,239
1,<environment.Job instance at 0x7f16e9d51460>,67,12,[6 2],68,256,268,188,239
1,<environment.Job instance at 0x7f16e9d51c80>,68,13,[8 3],69,268,281,199,254
1,<environment.Job instance at 0x7f16e9d510a0>,70,12,[3 7],71,256,268,185,256
1,<environment.Job instance at 0x7f16a1d08fa0>,3,2,[9 1],4,4,6,0,4
1,<environment.Job instance at 0x7f16e9a18f00>,5,12,[4 5],6,9,21,3,9
1,<environment.Job instance at 0x7f16e72fc2d0>,9,3,[5 8],10,21,24,11,10
1,<environment.Job instance at 0x7f16e789ec80>,13,14,[9 3],14,24,38,10,16
1,<environment.Job instance at 0x7f16a18d5280>,17,16,[7 2],18,38,54,20,26
1,<environment.Job instance at 0x7f16e9a1ee10>,23,16,[6 5],24,54,70,30,42
1,<environment.Job instance at 0x7f16e9f2b8c0>,28,1,[9 2],29,70,71,41,69
1,<environment.Job instance at 0x7f16a18d5af0>,15,17,[8 2],16,71,88,55,69
1,<environment.Job instance at 0x7f16e7352550>,31,15,[8 1],32,88,103,56,76
1,<environment.Job instance at 0x7f16e7352be0>,32,13,[1 5],33,76,89,43,76
1,<environment.Job instance at 0x7f16e9b44280>,33,2,[5 9],34,103,105,69,76
1,<environment.Job instance at 0x7f16e9b44dc0>,35,3,[4 6],36,105,108,69,89
1,<environment.Job instance at 0x7f16e9f2b780>,29,18,[5 8],30,108,126,78,97
1,<environment.Job instance at 0x7f16e9b44640>,39,3,[6 3],40,105,108,65,97
1,<environment.Job instance at 0x7f16e9b44fa0>,43,2,[7 2],44,126,128,82,111
1,<environment.Job instance at 0x7f16e9b44e10>,44,3,[ 5 10],45,128,131,83,111
1,<environment.Job instance at 0x7f16e9f30690>,48,15,[2 8],49,131,146,82,124
1,<environment.Job instance at 0x7f16e9f301e0>,50,14,[7 2],51,131,145,80,128
1,<environment.Job instance at 0x7f16e9f30960>,52,17,[8 1],53,145,162,92,133
1,<environment.Job instance at 0x7f16e9f30cd0>,54,12,[3 9],55,162,174,107,145
1,<environment.Job instance at 0x7f16e7352c30>,30,18,[ 2 10],31,174,192,143,169
1,<environment.Job instance at 0x7f16e72fa190>,61,12,[1 6],62,192,204,130,175
1,<environment.Job instance at 0x7f16e9b98320>,64,2,[ 5 10],65,204,206,139,177
1,<environment.Job instance at 0x7f16e9b989b0>,63,3,[5 7],64,206,209,142,180
1,<environment.Job instance at 0x7f16e9b98af0>,67,1,[ 4 10],68,209,210,141,182
1,<environment.Job instance at 0x7f16e731ff50>,22,16,[10  4],23,210,226,187,197
1,<environment.Job instance at 0x7f16a19e0230>,71,12,[2 6],72,226,238,154,210
1,<environment.Job instance at 0x7f16a19e0320>,72,3,[6 5],73,238,241,165,212
1,<environment.Job instance at 0x7f16e9b987d0>,68,16,[1 7],69,241,257,172,229
1,<environment.Job instance at 0x7f16a15a6370>,10,13,[10  1],11,23,36,12,23
1,<environment.Job instance at 0x7f16a15a6690>,14,12,[9 3],15,36,48,21,23
1,<environment.Job instance at 0x7f16a15a65f0>,16,12,[10  1],17,48,60,31,31
1,<environment.Job instance at 0x7f16e725e7d0>,5,18,[4 9],6,75,93,69,75
1,<environment.Job instance at 0x7f16a15a6e60>,26,15,[10  2],27,93,108,66,81
1,<environment.Job instance at 0x7f16a15a7500>,30,16,[10  1],31,108,124,77,95
1,<environment.Job instance at 0x7f16e9b47780>,1,18,[4 9],2,3,21,1,3
1,<environment.Job instance at 0x7f16e9b475a0>,2,12,[6 2],3,21,33,18,6
1,<environment.Job instance at 0x7f16a1a67690>,9,16,[7 4],10,33,49,23,20
1,<environment.Job instance at 0x7f16e78090f0>,12,12,[7 2],13,49,61,36,32
1,<environment.Job instance at 0x7f16e78099b0>,15,13,[5 7],16,61,74,45,47
1,<environment.Job instance at 0x7f16e99a7b40>,16,3,[4 9],17,74,77,57,48
1,<environment.Job instance at 0x7f16e9928410>,17,2,[1 6],18,48,50,30,48
1,<environment.Job instance at 0x7f16e7809af0>,14,14,[ 1 10],15,77,91,62,62
1,<environment.Job instance at 0x7f16e73f8190>,22,16,[5 4],23,91,107,68,78
1,<environment.Job instance at 0x7f16e73c2f50>,25,15,[5 6],26,91,106,65,78
1,<environment.Job instance at 0x7f16e7183be0>,30,16,[5 4],31,106,122,75,95
1,<environment.Job instance at 0x7f16e7183820>,31,17,[ 4 10],32,122,139,90,113
1,<environment.Job instance at 0x7f16e7754f50>,39,13,[10  5],40,139,152,99,135
1,<environment.Job instance at 0x7f16e999afa0>,42,14,[2 6],43,152,166,109,137
1,<environment.Job instance at 0x7f16e999ab40>,45,15,[4 7],46,166,181,120,152
1,<environment.Job instance at 0x7f16a1a63d20>,47,17,[8 4],48,181,198,133,169
1,<environment.Job instance at 0x7f16e74e8a50>,49,15,[ 2 10],50,198,213,148,184
1,<environment.Job instance at 0x7f16e9b5faa0>,9,12,[1 9],10,13,25,3,13
1,<environment.Job instance at 0x7f16e9b5faf0>,10,3,[8 5],11,25,28,14,13
1,<environment.Job instance at 0x7f16e9b5f5f0>,12,3,[4 7],13,28,31,15,15
1,<environment.Job instance at 0x7f16e9e881e0>,14,12,[1 5],15,31,43,16,17
1,<environment.Job instance at 0x7f16a1ca3050>,16,12,[6 4],17,31,43,14,17
1,<environment.Job instance at 0x7f16a1ca3370>,15,14,[5 2],16,43,57,27,29
1,<environment.Job instance at 0x7f16a1bc6410>,21,3,[5 4],22,43,46,21,30
1,<environment.Job instance at 0x7f16a1c792d0>,17,17,[2 6],18,46,63,28,34
1,<environment.Job instance at 0x7f16e735c870>,22,12,[8 3],23,57,69,34,40
1,<environment.Job instance at 0x7f16a1882c80>,27,1,[5 6],28,69,70,41,41
1,<environment.Job instance at 0x7f16a18823c0>,28,14,[4 5],29,70,84,41,55
1,<environment.Job instance at 0x7f16a18d7870>,29,14,[9 4],30,84,98,54,69
1,<environment.Job instance at 0x7f16e73f8320>,37,13,[4 7],38,98,111,60,82
1,<environment.Job instance at 0x7f16e73f8550>,38,13,[ 3 10],39,111,124,72,99
1,<environment.Job instance at 0x7f16e75c95a0>,45,3,[8 2],46,124,127,78,108
1,<environment.Job instance at 0x7f16e75c9a50>,46,13,[8 5],47,127,140,80,113
1,<environment.Job instance at 0x7f16e71549b0>,49,18,[5 2],50,140,158,90,129
1,<environment.Job instance at 0x7f16e9f7aeb0>,54,12,[3 7],55,140,152,85,132
1,<environment.Job instance at 0x7f16e733f820>,55,12,[3 7],56,152,164,96,138
1,<environment.Job instance at 0x7f16a1cae690>,57,16,[2 7],58,164,180,106,151
1,<environment.Job instance at 0x7f16a1caee10>,61,14,[1 7],62,180,194,118,165
1,<environment.Job instance at 0x7f16e9e77dc0>,68,16,[8 4],69,194,210,125,187
1,<environment.Job instance at 0x7f16e77f15a0>,69,1,[5 6],70,210,211,140,187
1,<environment.Job instance at 0x7f16e7159fa0>,72,1,[6 5],73,211,212,138,187
1,<environment.Job instance at 0x7f16e758dd20>,74,13,[7 3],75,212,225,137,207
1,<environment.Job instance at 0x7f16a1a216e0>,78,1,[6 4],79,229,230,150,229
1,<environment.Job instance at 0x7f16e758d690>,76,12,[5 9],77,232,244,155,232
1,<environment.Job instance at 0x7f16e78e1c30>,2,2,[10  4],3,4,6,1,4
1,<environment.Job instance at 0x7f16e78e1230>,5,14,[7 3],6,6,20,0,6
1,<environment.Job instance at 0x7f16a17a4780>,6,2,[5 7],7,20,22,13,7
1,<environment.Job instance at 0x7f16a17a48c0>,7,1,[2 8],8,22,23,14,8
1,<environment.Job instance at 0x7f16a17a49b0>,8,2,[6 4],9,23,25,14,9
1,<environment.Job instance at 0x7f16a17a4b40>,10,12,[3 6],11,29,41,18,29
1,<environment.Job instance at 0x7f16a17a4b90>,17,17,[2 7],18,41,58,23,29
1,<environment.Job instance at 0x7f16a17a4af0>,18,15,[5 5],19,58,73,39,44
1,<environment.Job instance at 0x7f16a17cb5f0>,26,15,[5 1],27,59,74,32,59
1,<environment.Job instance at 0x7f16a17cb690>,27,3,[3 8],28,73,76,45,59
1,<environment.Job instance at 0x7f16a17cb730>,28,12,[1 8],29,76,88,47,60
1,<environment.Job instance at 0x7f16a17cbcd0>,32,12,[6 2],33,74,86,41,69
1,<environment.Job instance at 0x7f16a17cbd70>,33,13,[5 2],34,86,99,52,70
1,<environment.Job instance at 0x7f16e78e1410>,0,15,[3 8],1,88,103,87,74
1,<environment.Job instance at 0x7f16a17cbeb0>,35,13,[8 4],36,103,116,67,87
1,<environment.Job instance at 0x7f16a17cd190>,39,18,[7 4],40,116,134,76,105
1,<environment.Job instance at 0x7f16a17cd690>,44,18,[3 6],45,119,137,74,119
1,<environment.Job instance at 0x7f16a17cb190>,21,18,[5 9],22,137,155,115,127
1,<environment.Job instance at 0x7f16a17cdf00>,54,16,[2 7],55,155,171,100,142
1,<environment.Job instance at 0x7f16a17cdfa0>,55,17,[6 3],56,155,172,99,145
1,<environment.Job instance at 0x7f16a17cdb90>,58,2,[2 5],59,171,173,112,145
1,<environment.Job instance at 0x7f16a17ce6e0>,60,18,[5 6],61,173,191,112,162
1,<environment.Job instance at 0x7f16a17ce960>,63,3,[10  2],64,191,194,127,176
1,<environment.Job instance at 0x7f16a17cea00>,64,12,[10  2],65,194,206,129,178
1,<environment.Job instance at 0x7f16a17ceb40>,66,13,[9 1],67,206,219,139,190
1,<environment.Job instance at 0x7f16e7441af0>,1,2,[2 6],2,2,4,0,2
1,<environment.Job instance at 0x7f16e7441370>,0,1,[10  4],1,4,5,3,4
1,<environment.Job instance at 0x7f16a17cec30>,3,16,[6 3],4,5,21,1,5
1,<environment.Job instance at 0x7f16e7370c30>,5,13,[4 7],6,8,21,2,8
1,<environment.Job instance at 0x7f16e77d1e10>,8,2,[5 5],9,21,23,12,9
1,<environment.Job instance at 0x7f16e77d1370>,15,2,[1 5],16,21,23,5,18
1,<environment.Job instance at 0x7f16e77d1550>,17,13,[5 3],18,38,51,20,38
1,<environment.Job instance at 0x7f16e77d1be0>,19,13,[ 1 10],20,51,64,31,38
1,<environment.Job instance at 0x7f16e77d1690>,18,12,[10  2],19,64,76,45,47
1,<environment.Job instance at 0x7f16a1ba3dc0>,20,16,[ 2 10],21,76,92,55,63
1,<environment.Job instance at 0x7f16ec71cbe0>,32,15,[3 9],33,92,107,59,80
1,<environment.Job instance at 0x7f16a1a68410>,39,17,[1 5],40,109,126,69,109
1,<environment.Job instance at 0x7f16a1a68500>,40,13,[3 8],41,126,139,85,110
1,<environment.Job instance at 0x7f16a1a68fa0>,45,13,[10  5],46,139,152,93,124
1,<environment.Job instance at 0x7f16ab090550>,50,13,[1 9],51,152,165,101,137
1,<environment.Job instance at 0x7f16e752a9b0>,29,17,[ 2 10],30,165,182,135,153
1,<environment.Job instance at 0x7f16a189fb40>,56,12,[9 5],57,182,194,125,165
1,<environment.Job instance at 0x7f16e7872910>,7,1,[5 4],8,8,9,0,8
1,<environment.Job instance at 0x7f16e7872e10>,4,13,[5 7],5,9,22,4,9
1,<environment.Job instance at 0x7f16e78729b0>,8,3,[3 5],9,22,25,13,10
1,<environment.Job instance at 0x7f16e7872230>,6,14,[5 7],7,25,39,18,14
1,<environment.Job instance at 0x7f16e7872fa0>,15,15,[7 1],16,39,54,23,29
1,<environment.Job instance at 0x7f16e722b370>,18,13,[7 1],19,54,67,35,38
1,<environment.Job instance at 0x7f16e722bbe0>,16,16,[7 5],17,67,83,50,57
1,<environment.Job instance at 0x7f16e722bb90>,23,2,[9 1],24,83,85,59,58
1,<environment.Job instance at 0x7f16e722b190>,24,14,[5 8],25,85,99,60,75
1,<environment.Job instance at 0x7f16a18826e0>,31,13,[5 2],32,88,101,56,88
1,<environment.Job instance at 0x7f16e7872140>,10,18,[6 4],11,101,119,90,90
1,<environment.Job instance at 0x7f16e722bd70>,22,18,[8 1],23,119,137,96,109
1,<environment.Job instance at 0x7f16a18827d0>,36,3,[10  3],37,137,140,100,111
1,<environment.Job instance at 0x7f16e9aba550>,39,15,[4 7],40,140,155,100,127
1,<environment.Job instance at 0x7f16a1882eb0>,34,18,[6 3],35,140,158,105,129
1,<environment.Job instance at 0x7f16e9abac30>,44,15,[8 2],45,158,173,113,145
1,<environment.Job instance at 0x7f16e9aba6e0>,47,18,[5 5],48,173,191,125,162
1,<environment.Job instance at 0x7f16e9aba0a0>,49,13,[8 4],50,191,204,141,175
1,<environment.Job instance at 0x7f16e9aba8c0>,52,1,[4 8],53,204,205,151,176
1,<environment.Job instance at 0x7f16e7565b90>,54,16,[2 5],55,205,221,150,201
1,<environment.Job instance at 0x7f16e7565870>,56,3,[3 9],57,221,224,164,201
1,<environment.Job instance at 0x7f16e9b37280>,59,13,[7 1],60,211,224,151,211
1,<environment.Job instance at 0x7f16e9b37870>,60,3,[10  2],61,224,227,163,211
1,<environment.Job instance at 0x7f16e9b372d0>,61,1,[2 8],62,227,228,165,211
1,<environment.Job instance at 0x7f16e75654b0>,55,13,[ 5 10],56,228,241,172,212
1,<environment.Job instance at 0x7f16e9b37050>,64,12,[9 3],65,241,253,176,224
1,<environment.Job instance at 0x7f16a1829c80>,67,18,[2 6],68,253,271,185,242
1,<environment.Job instance at 0x7f16a1829460>,70,13,[7 1],71,253,266,182,242
1,<environment.Job instance at 0x7f16ea08b9b0>,75,18,[7 4],76,266,284,190,255
1,<environment.Job instance at 0x7f16ea08bc80>,77,13,[5 1],78,284,297,206,268
1,<environment.Job instance at 0x7f16ea08b690>,78,18,[ 2 10],79,301,319,222,301
1,<environment.Job instance at 0x7f16e71de0f0>,8,2,[7 4],9,12,14,3,12
1,<environment.Job instance at 0x7f16e71def00>,10,13,[7 3],11,18,31,7,18
1,<environment.Job instance at 0x7f16e71dedc0>,9,1,[1 6],10,18,19,8,18
1,<environment.Job instance at 0x7f16e71c6960>,12,1,[6 5],13,31,32,18,18
1,<environment.Job instance at 0x7f16e71dee10>,11,12,[3 8],12,32,44,20,18
1,<environment.Job instance at 0x7f16e71c6a00>,16,14,[5 7],17,44,58,27,30
1,<environment.Job instance at 0x7f16e71c6870>,18,16,[1 7],19,58,74,39,49
1,<environment.Job instance at 0x7f16e71c6f00>,14,18,[9 1],15,58,76,43,55
1,<environment.Job instance at 0x7f16e71e6550>,23,18,[5 3],24,76,94,52,66
1,<environment.Job instance at 0x7f16a157b370>,30,13,[1 6],31,74,87,43,73
1,<environment.Job instance at 0x7f16e71d6370>,31,3,[7 2],32,94,97,62,73
1,<environment.Job instance at 0x7f16a15658c0>,32,3,[2 9],33,97,100,64,73
1,<environment.Job instance at 0x7f16a157bf00>,33,3,[1 5],34,87,90,53,73
1,<environment.Job instance at 0x7f16e7450690>,36,18,[5 4],37,100,118,63,89
1,<environment.Job instance at 0x7f16e7757c30>,38,12,[5 5],39,100,112,61,89
1,<environment.Job instance at 0x7f16e7787550>,41,17,[7 4],42,118,135,76,106
1,<environment.Job instance at 0x7f16a19688c0>,42,15,[3 6],43,112,127,69,107
1,<environment.Job instance at 0x7f16e9a98aa0>,45,18,[8 2],46,135,153,89,124
1,<environment.Job instance at 0x7f16e76e7eb0>,3,1,[9 5],4,7,8,3,7
1,<environment.Job instance at 0x7f16a19fc5f0>,6,2,[7 3],7,8,10,1,7
1,<environment.Job instance at 0x7f16a197ef50>,13,3,[4 7],14,14,17,0,14
1,<environment.Job instance at 0x7f16e77ec1e0>,11,12,[ 1 10],12,17,29,5,14
1,<environment.Job instance at 0x7f16a197e910>,12,2,[6 5],13,29,31,16,16
1,<environment.Job instance at 0x7f16e9aa08c0>,15,15,[9 4],16,31,46,15,17
1,<environment.Job instance at 0x7f16a1b22f50>,19,3,[1 9],20,46,49,26,22
1,<environment.Job instance at 0x7f16a1580820>,22,3,[8 1],23,46,49,23,24
1,<environment.Job instance at 0x7f16a1580c30>,23,17,[7 4],24,49,66,25,37
1,<environment.Job instance at 0x7f16a1580d20>,20,15,[4 8],21,66,81,45,52
1,<environment.Job instance at 0x7f16e9bc8280>,33,14,[4 9],34,81,95,47,69
1,<environment.Job instance at 0x7f16a1aeed20>,34,12,[9 4],35,95,107,60,79
1,<environment.Job instance at 0x7f16a1aeec80>,35,3,[7 5],36,107,110,71,81
1,<environment.Job instance at 0x7f16e9aa0aa0>,16,15,[4 7],17,110,125,93,100
1,<environment.Job instance at 0x7f16a1aee9b0>,42,14,[5 7],43,125,139,82,110
1,<environment.Job instance at 0x7f16a1aee550>,45,3,[6 4],46,139,142,93,116
1,<environment.Job instance at 0x7f16e9d2d0a0>,50,2,[5 8],51,142,144,91,128
1,<environment.Job instance at 0x7f16a146caf0>,51,3,[6 5],52,144,147,92,128
1,<environment.Job instance at 0x7f16e76675f0>,52,14,[4 9],53,147,161,94,132
1,<environment.Job instance at 0x7f16e7667230>,53,1,[6 5],54,161,162,107,133
1,<environment.Job instance at 0x7f16e7667410>,54,1,[4 9],55,162,163,107,134
1,<environment.Job instance at 0x7f16a13c0cd0>,3,3,[10  4],4,5,8,1,5
1,<environment.Job instance at 0x7f16a13c0c30>,6,2,[1 9],7,8,10,1,7
1,<environment.Job instance at 0x7f16a1cfd3c0>,9,3,[ 4 10],10,10,13,0,10
1,<environment.Job instance at 0x7f16a1cfd050>,12,18,[4 5],13,13,31,0,13
1,<environment.Job instance at 0x7f16a1cfd460>,10,18,[8 5],11,31,49,20,20
1,<environment.Job instance at 0x7f16a1cfd140>,16,13,[5 6],17,49,62,32,33
1,<environment.Job instance at 0x7f16a13c03c0>,8,13,[ 5 10],9,62,75,53,46
1,<environment.Job instance at 0x7f16a13d80a0>,24,1,[6 2],25,75,76,50,55
1,<environment.Job instance at 0x7f16a13d85a0>,26,14,[6 1],27,76,90,49,62
1,<environment.Job instance at 0x7f16a13d8500>,27,3,[ 5 10],28,90,93,62,64
1,<environment.Job instance at 0x7f16a13d81e0>,28,2,[3 9],29,76,78,47,64
1,<environment.Job instance at 0x7f16a13d8190>,30,18,[7 3],31,93,111,62,82
1,<environment.Job instance at 0x7f16a1aee1e0>,1,16,[2 7],2,93,109,91,89
1,<environment.Job instance at 0x7f16a147fe60>,36,12,[4 7],37,111,123,74,94
1,<environment.Job instance at 0x7f16a147fa00>,39,15,[ 5 10],40,123,138,83,109
1,<environment.Job instance at 0x7f16a147f690>,43,18,[9 2],44,138,156,94,127
1,<environment.Job instance at 0x7f16a139f320>,48,3,[1 9],49,156,159,107,134
1,<environment.Job instance at 0x7f16a139f370>,49,15,[6 5],50,159,174,109,145
1,<environment.Job instance at 0x7f16a139fe10>,51,3,[9 4],52,174,177,122,151
1,<environment.Job instance at 0x7f16a139f0f0>,52,13,[9 1],53,177,190,124,161
1,<environment.Job instance at 0x7f16a147f140>,41,17,[ 2 10],42,190,207,148,181
1,<environment.Job instance at 0x7f16a13aeeb0>,58,16,[3 5],59,207,223,148,194
1,<environment.Job instance at 0x7f16a13aed70>,61,1,[4 6],62,223,224,161,195
1,<environment.Job instance at 0x7f16a13ae140>,62,18,[4 7],63,224,242,161,213
1,<environment.Job instance at 0x7f16a13ae870>,67,2,[8 2],68,242,244,174,215
1,<environment.Job instance at 0x7f16a13ae550>,70,2,[7 3],71,221,223,150,221
1,<environment.Job instance at 0x7f16a14ece10>,73,3,[9 3],74,244,247,170,228
1,<environment.Job instance at 0x7f16a14ec870>,77,3,[1 6],78,242,245,164,229
1,<environment.Job instance at 0x7f16a147f320>,38,17,[3 8],39,247,264,208,237
1,<environment.Job instance at 0x7f16e9d88a50>,0,3,[4 8],1,2,5,1,2
1,<environment.Job instance at 0x7f16a147f320>,3,2,[9 4],4,5,7,1,4
1,<environment.Job instance at 0x7f16a16f5f00>,4,17,[5 9],5,7,24,2,6
1,<environment.Job instance at 0x7f16a16f5b90>,7,15,[5 5],8,24,39,16,10
1,<environment.Job instance at 0x7f16e9a8f780>,15,16,[3 8],16,39,55,23,26
1,<environment.Job instance at 0x7f16e9a8f1e0>,17,18,[5 4],18,55,73,37,44
1,<environment.Job instance at 0x7f16e9a8f550>,20,12,[2 9],21,73,85,52,56
1,<environment.Job instance at 0x7f16e9a91b90>,23,16,[3 9],24,85,101,61,73
1,<environment.Job instance at 0x7f16e9a91410>,25,13,[ 3 10],26,101,114,75,85
1,<environment.Job instance at 0x7f16e9a8fa00>,21,17,[7 2],22,114,131,92,102
1,<environment.Job instance at 0x7f16a1d460a0>,33,18,[2 6],34,116,134,82,116
1,<environment.Job instance at 0x7f16e9a5f730>,35,3,[9 3],36,134,137,98,116
1,<environment.Job instance at 0x7f16a1836730>,36,17,[1 6],37,134,151,97,123
1,<environment.Job instance at 0x7f16a1d6d960>,39,13,[4 7],40,151,164,111,137
1,<environment.Job instance at 0x7f16e9a5f4b0>,40,14,[6 3],41,137,151,96,137
1,<environment.Job instance at 0x7f16a1d44640>,45,12,[5 9],46,164,176,118,147
1,<environment.Job instance at 0x7f16a16deb90>,12,18,[10  5],13,176,194,163,165
1,<environment.Job instance at 0x7f16a1d59190>,58,12,[10  2],59,194,206,135,178
1,<environment.Job instance at 0x7f16a1d59cd0>,61,15,[9 5],62,206,221,144,192
1,<environment.Job instance at 0x7f16a1d59e60>,70,3,[10  4],71,221,224,150,209
1,<environment.Job instance at 0x7f16a1d59fa0>,62,14,[ 1 10],63,224,238,161,209
1,<environment.Job instance at 0x7f16a184e460>,53,18,[ 3 10],54,238,256,184,227
1,<environment.Job instance at 0x7f16a177bb90>,75,12,[7 2],76,256,268,180,239
1,<environment.Job instance at 0x7f16a177b870>,73,17,[ 2 10],74,268,285,194,256
1,<environment.Job instance at 0x7f16a177b280>,72,16,[10  1],73,328,344,255,328
1,<environment.Job instance at 0x7f16a1828c30>,42,18,[10  1],43,551,569,508,551
1,<environment.Job instance at 0x7f16a1828c30>,3,17,[6 1],4,4,21,0,4
1,<environment.Job instance at 0x7f16e71e65a0>,2,15,[1 7],3,5,20,2,5
1,<environment.Job instance at 0x7f16ec80c3c0>,9,3,[5 6],10,21,24,11,11
1,<environment.Job instance at 0x7f16ec80c6e0>,7,12,[ 3 10],8,24,36,16,13
1,<environment.Job instance at 0x7f16ec80c690>,8,15,[8 2],9,36,51,27,22
1,<environment.Job instance at 0x7f16e9d4daa0>,5,12,[1 9],6,51,63,45,34
1,<environment.Job instance at 0x7f16a1cf51e0>,22,3,[5 8],23,63,66,40,49
1,<environment.Job instance at 0x7f16a16e1c80>,23,18,[8 1],24,66,84,42,55
1,<environment.Job instance at 0x7f16a1c65e60>,27,3,[5 7],28,84,87,56,58
1,<environment.Job instance at 0x7f16e76f5550>,30,18,[5 7],31,87,105,56,76
1,<environment.Job instance at 0x7f16a16e1320>,24,13,[10  5],25,105,118,80,102
1,<environment.Job instance at 0x7f16e9c5a5f0>,37,3,[ 1 10],38,118,121,80,104
1,<environment.Job instance at 0x7f16e9c5a870>,38,1,[8 4],39,121,122,82,104
1,<environment.Job instance at 0x7f16e9c5ab40>,40,2,[6 3],41,122,124,81,105
1,<environment.Job instance at 0x7f16e9c5a2d0>,43,16,[ 3 10],44,159,175,115,159
1,<environment.Job instance at 0x7f16e9c5aeb0>,44,14,[10  5],45,177,191,132,177
1,<environment.Job instance at 0x7f16a1411a00>,45,2,[1 8],46,191,193,145,178
1,<environment.Job instance at 0x7f16e9f63eb0>,1,1,[4 8],2,3,4,1,3
1,<environment.Job instance at 0x7f16a1b152d0>,4,2,[5 6],5,5,7,0,5
1,<environment.Job instance at 0x7f16a1b15230>,11,12,[4 8],12,13,25,1,13
1,<environment.Job instance at 0x7f16a1930c80>,18,14,[3 7],19,25,39,6,19
1,<environment.Job instance at 0x7f16a1b15a50>,9,16,[5 1],10,26,42,16,26
1,<environment.Job instance at 0x7f16a1930280>,21,12,[10  5],22,42,54,20,26
1,<environment.Job instance at 0x7f16a1930a00>,24,2,[7 4],25,54,56,29,38
1,<environment.Job instance at 0x7f16a1930d20>,25,12,[3 5],26,54,66,28,38
1,<environment.Job instance at 0x7f16a1466cd0>,27,14,[6 2],28,56,70,28,41
1,<environment.Job instance at 0x7f16a1466280>,32,1,[3 9],33,70,71,37,42
1,<environment.Job instance at 0x7f16a1466aa0>,34,3,[5 4],35,71,74,36,45
1,<environment.Job instance at 0x7f16a1466050>,36,12,[3 8],37,74,86,37,59
1,<environment.Job instance at 0x7f16a1466910>,38,17,[3 7],39,86,103,47,75
1,<environment.Job instance at 0x7f16a14666e0>,39,12,[ 5 10],40,103,115,63,86
1,<environment.Job instance at 0x7f16a1bf5320>,43,14,[ 1 10],44,115,129,71,102
1,<environment.Job instance at 0x7f16a1bf5f50>,46,13,[2 9],47,129,142,82,114
1,<environment.Job instance at 0x7f16a1bf56e0>,51,15,[10  3],52,142,157,90,128
1,<environment.Job instance at 0x7f16a1bf5190>,54,17,[7 1],55,157,174,102,145
1,<environment.Job instance at 0x7f16a1bf5e60>,57,13,[ 2 10],58,174,187,116,159
1,<environment.Job instance at 0x7f16a19590a0>,62,18,[4 9],63,187,205,124,176
1,<environment.Job instance at 0x7f16a1959a00>,66,18,[8 5],67,205,223,138,194
1,<environment.Job instance at 0x7f16a1b07b90>,74,13,[1 9],75,223,236,148,207
1,<environment.Job instance at 0x7f16a1b07960>,76,17,[1 8],77,236,253,159,224
1,<environment.Job instance at 0x7f16e78ead20>,3,14,[4 6],4,5,19,1,5
1,<environment.Job instance at 0x7f16e78ea5f0>,6,12,[5 8],7,19,31,12,7
1,<environment.Job instance at 0x7f16e78ea960>,7,3,[2 5],8,31,34,23,9
1,<environment.Job instance at 0x7f16e78ea7d0>,11,13,[5 2],12,13,26,1,13
1,<environment.Job instance at 0x7f16e78ea5a0>,12,14,[9 2],13,34,48,21,20
1,<environment.Job instance at 0x7f16e78df820>,14,3,[2 7],15,48,51,33,22
1,<environment.Job instance at 0x7f16e78df4b0>,17,2,[9 5],18,51,53,33,30
1,<environment.Job instance at 0x7f16e78dffa0>,13,14,[9 2],14,53,67,39,38
1,<environment.Job instance at 0x7f16e78eaf50>,4,15,[9 2],5,67,82,62,53
1,<environment.Job instance at 0x7f16e778c3c0>,23,17,[3 7],24,82,99,58,71
1,<environment.Job instance at 0x7f16e9bd5a00>,30,14,[6 3],31,82,96,51,71
1,<environment.Job instance at 0x7f16e9bd5dc0>,31,16,[9 2],32,99,115,67,86
1,<environment.Job instance at 0x7f16e9f91be0>,0,15,[2 8],1,115,130,114,101
1,<environment.Job instance at 0x7f16e9bd5460>,37,17,[9 1],38,130,147,92,119
1,<environment.Job instance at 0x7f16e78ee690>,43,17,[7 2],44,147,164,103,135
1,<environment.Job instance at 0x7f16e78ee780>,46,14,[9 1],47,164,178,117,151
1,<environment.Job instance at 0x7f16e78eee10>,49,3,[6 3],50,178,181,128,167
1,<environment.Job instance at 0x7f16e78eed70>,50,12,[8 4],51,181,193,130,167
1,<environment.Job instance at 0x7f16e78ee910>,51,14,[ 2 10],52,193,207,141,187
1,<environment.Job instance at 0x7f16e78ee5a0>,54,12,[7 5],55,207,219,152,190
1,<environment.Job instance at 0x7f16e78d5730>,58,2,[5 6],59,219,221,160,192
1,<environment.Job instance at 0x7f16e78d5690>,59,18,[ 1 10],60,221,239,161,220
1,<environment.Job instance at 0x7f16e78d5640>,61,2,[1 7],62,239,241,177,220
1,<environment.Job instance at 0x7f16e78d5050>,65,18,[4 5],66,241,259,175,232
1,<environment.Job instance at 0x7f16e78d5230>,68,14,[9 3],69,259,273,190,244
1,<environment.Job instance at 0x7f16e78d5280>,69,3,[3 8],70,273,276,203,247
1,<environment.Job instance at 0x7f16e78d2e60>,71,15,[3 7],72,276,291,204,265
1,<environment.Job instance at 0x7f16e78d2c80>,73,2,[4 9],74,291,293,217,265
1,<environment.Job instance at 0x7f3b84e3c370>,1,3,[ 2 10],2,4,7,2,4
1,<environment.Job instance at 0x7f3b81a2c4b0>,5,2,[1 6],6,8,10,2,8
1,<environment.Job instance at 0x7f3b81a2c5a0>,7,14,[7 5],8,10,24,2,10
1,<environment.Job instance at 0x7f3b81a2c690>,9,12,[8 2],10,24,36,14,11
1,<environment.Job instance at 0x7f3b81a2c820>,11,3,[4 9],12,36,39,24,20
1,<environment.Job instance at 0x7f3b81a2cc30>,15,3,[2 8],16,25,28,9,25
1,<environment.Job instance at 0x7f3b84e3c190>,2,14,[ 2 10],3,39,53,36,27
1,<environment.Job instance at 0x7f3b81a2f190>,22,12,[3 8],23,56,68,33,56
1,<environment.Job instance at 0x7f3b81a2f1e0>,23,16,[6 2],24,57,73,33,57
1,<environment.Job instance at 0x7f3b81a2f280>,24,2,[4 6],25,68,70,43,57
1,<environment.Job instance at 0x7f3b81a2f4b0>,25,2,[5 7],26,73,75,47,57
1,<environment.Job instance at 0x7f3b81a2f690>,26,12,[8 5],27,75,87,48,58
1,<environment.Job instance at 0x7f3b81a2cf00>,20,3,[10  5],21,87,90,66,61
1,<environment.Job instance at 0x7f3b81a2f730>,27,17,[4 6],28,99,116,71,99
1,<environment.Job instance at 0x7f3b81a2fe10>,36,2,[7 5],37,116,118,79,100
1,<environment.Job instance at 0x7f3b81a2feb0>,37,14,[5 8],38,118,132,80,103
1,<environment.Job instance at 0x7f3b81a2ff50>,38,2,[6 1],39,103,105,64,103
1,<environment.Job instance at 0x7f3b81a2f870>,41,1,[7 1],42,132,133,90,125
1,<environment.Job instance at 0x7f3b81a31230>,42,2,[4 7],43,133,135,90,125
1,<environment.Job instance at 0x7f3b81a2c320>,6,15,[2 8],7,135,150,128,125
1,<environment.Job instance at 0x7f3b81a31550>,46,2,[3 5],47,150,152,103,125
1,<environment.Job instance at 0x7f3b81a312d0>,43,12,[4 5],44,150,162,106,133
1,<environment.Job instance at 0x7f3b81a313c0>,48,12,[9 2],49,162,174,113,145
1,<environment.Job instance at 0x7f3b81a319b0>,51,2,[5 3],52,152,154,100,145
1,<environment.Job instance at 0x7f3b81a31c30>,55,12,[2 6],56,174,186,118,157
1,<environment.Job instance at 0x7f3b81a31b90>,54,18,[7 1],55,174,192,119,163
1,<environment.Job instance at 0x7f3b81a330f0>,60,2,[2 6],61,186,188,125,163
1,<environment.Job instance at 0x7f3b81a336e0>,67,16,[1 9],68,188,204,120,177
1,<environment.Job instance at 0x7f3b81a338c0>,69,14,[9 4],70,204,218,134,189
1,<environment.Job instance at 0x7f3b81a360a0>,78,14,[6 1],79,218,232,139,203
1,<environment.Job instance at 0x7f3b81a33140>,58,17,[3 7],59,218,235,159,211
1,<environment.Job instance at 0x7f3b81a36460>,84,1,[5 5],85,235,236,150,218
1,<environment.Job instance at 0x7f3b81a36500>,85,15,[1 7],86,236,251,150,222
1,<environment.Job instance at 0x7f3b81a365a0>,86,3,[6 3],87,232,235,145,222
1,<environment.Job instance at 0x7f3b81a36640>,87,18,[7 1],88,236,254,148,225
1,<environment.Job instance at 0x7f3b84e66eb0>,7,2,[6 2],8,8,10,0,8
1,<environment.Job instance at 0x7f3b84e63370>,8,1,[2 9],9,10,11,1,9
1,<environment.Job instance at 0x7f3b84e63cd0>,9,2,[7 5],10,11,13,1,10
1,<environment.Job instance at 0x7f3b84e63280>,10,2,[5 9],11,13,15,2,11
1,<environment.Job instance at 0x7f3b84e634b0>,11,15,[2 7],12,15,30,3,14
1,<environment.Job instance at 0x7f3b84e63870>,14,1,[ 1 10],15,30,31,15,15
1,<environment.Job instance at 0x7f3b84fa2eb0>,2,12,[5 5],3,31,43,28,18
1,<environment.Job instance at 0x7f3b84fa9aa0>,18,3,[5 5],19,31,34,12,20
1,<environment.Job instance at 0x7f3b84e63af0>,15,16,[7 5],16,43,59,27,32
1,<environment.Job instance at 0x7f3b84faef00>,25,2,[1 6],26,59,61,33,32
1,<environment.Job instance at 0x7f3b84fa9640>,21,17,[6 4],22,59,76,37,47
1,<environment.Job instance at 0x7f3b84faec30>,28,16,[5 2],29,76,92,47,63
1,<environment.Job instance at 0x7f3b84fabd70>,31,3,[1 6],32,64,67,32,64
1,<environment.Job instance at 0x7f3b84fb5730>,33,3,[10  1],34,92,95,58,68
1,<environment.Job instance at 0x7f3b84fb57d0>,35,2,[7 4],36,95,97,59,68
1,<environment.Job instance at 0x7f3b84fb5280>,36,2,[1 6],37,79,81,42,79
1,<environment.Job instance at 0x7f3b84fb5e10>,38,1,[7 1],39,97,98,58,79
1,<environment.Job instance at 0x7f3b84fb51e0>,39,13,[5 5],40,98,111,58,85
1,<environment.Job instance at 0x7f3b84fb5550>,34,1,[6 1],35,111,112,76,85
1,<environment.Job instance at 0x7f3b84fb5320>,44,12,[5 4],45,98,110,53,98
1,<environment.Job instance at 0x7f3b84fa94b0>,17,18,[5 5],18,112,130,94,101
1,<environment.Job instance at 0x7f3b84faf3c0>,49,1,[5 5],50,110,111,60,108
1,<environment.Job instance at 0x7f3b84faf230>,50,2,[7 5],51,130,132,79,110
1,<environment.Job instance at 0x7f3b84fb55f0>,45,15,[8 3],46,132,147,86,121
1,<environment.Job instance at 0x7f3b84fa7a00>,56,13,[10  5],57,147,160,90,132
1,<environment.Job instance at 0x7f3b84fa73c0>,60,12,[5 1],61,160,172,99,148
1,<environment.Job instance at 0x7f3b84fa7320>,62,1,[9 2],63,172,173,109,149
1,<environment.Job instance at 0x7f3b84fa1c80>,64,1,[8 3],65,173,174,108,151
1,<environment.Job instance at 0x7f3b819c45a0>,65,17,[10  4],66,174,191,108,163
1,<environment.Job instance at 0x7f3b84fb4230>,73,2,[9 4],74,191,193,117,183
1,<environment.Job instance at 0x7f3b81a40460>,1,18,[5 4],2,193,211,191,187
1,<environment.Job instance at 0x7f3b84fb4a50>,74,14,[10  5],75,211,225,136,198
1,<environment.Job instance at 0x7f3b84fa40a0>,81,13,[5 7],82,225,238,143,210
1,<environment.Job instance at 0x7f3b84ebfb40>,85,17,[5 1],86,225,242,139,223
1,<environment.Job instance at 0x7f3b84ebfdc0>,86,3,[10  3],87,242,245,155,225
1,<environment.Job instance at 0x7f3b84fa4370>,87,16,[8 4],88,245,261,157,238
1,<environment.Job instance at 0x7f3b84e1d640>,88,2,[5 7],89,238,240,149,238
1,<environment.Job instance at 0x7f3b84fafeb0>,51,14,[ 3 10],52,282,296,230,282
1,<environment.Job instance at 0x7f3b39ccb5f0>,2,1,[8 3],3,3,4,0,3
1,<environment.Job instance at 0x7f3b84faf730>,3,3,[2 5],4,4,7,0,4
1,<environment.Job instance at 0x7f3b39e0aeb0>,4,19,[6 2],5,7,26,2,7
1,<environment.Job instance at 0x7f3b39ccbe10>,0,17,[3 5],1,12,29,11,12
1,<environment.Job instance at 0x7f3b39e5ee10>,13,12,[1 9],14,29,41,15,17
1,<environment.Job instance at 0x7f3b81c6b780>,15,15,[5 3],16,41,56,25,33
1,<environment.Job instance at 0x7f3b81c39e60>,17,2,[5 3],18,41,43,23,33
1,<environment.Job instance at 0x7f3b39d9fc30>,21,14,[ 1 10],22,56,70,34,56
1,<environment.Job instance at 0x7f3b817f4aa0>,19,3,[10  4],20,70,73,50,56
1,<environment.Job instance at 0x7f3b39d41d70>,26,16,[6 5],27,73,89,46,61
1,<environment.Job instance at 0x7f3b81ba9a00>,31,17,[3 6],32,89,106,57,82
1,<environment.Job instance at 0x7f3b817f2aa0>,33,1,[4 8],34,106,107,72,85
1,<environment.Job instance at 0x7f3b39c7fd70>,10,17,[9 5],11,107,124,96,100
1,<environment.Job instance at 0x7f3b39e266e0>,40,3,[4 8],41,124,127,83,121
1,<environment.Job instance at 0x7f3b39e26af0>,41,3,[5 3],42,127,130,85,121
1,<environment.Job instance at 0x7f3b39e263c0>,39,17,[8 5],40,130,147,90,121
1,<environment.Job instance at 0x7f3b39d3e050>,42,15,[8 2],43,147,162,104,133
1,<environment.Job instance at 0x7f3b39e26550>,36,16,[1 8],37,147,163,110,134
1,<environment.Job instance at 0x7f3b39d3e910>,49,13,[4 5],50,163,176,113,147
1,<environment.Job instance at 0x7f3b81794c80>,54,2,[3 8],55,176,178,121,149
1,<environment.Job instance at 0x7f3b39d1ec80>,56,1,[5 1],57,162,163,105,156
1,<environment.Job instance at 0x7f3b39d1e190>,58,13,[2 7],59,178,191,119,163
1,<environment.Job instance at 0x7f3b817f5b90>,59,2,[7 2],60,176,178,116,163
1,<environment.Job instance at 0x7f3b817cf0f0>,61,13,[8 1],62,178,191,116,169
1,<environment.Job instance at 0x7f3b39d2e6e0>,62,12,[ 5 10],63,191,203,128,175
1,<environment.Job instance at 0x7f3b39d2e5a0>,64,13,[4 5],65,203,216,138,187
1,<environment.Job instance at 0x7f3b39d707d0>,70,13,[3 5],71,203,216,132,199
1,<environment.Job instance at 0x7f3b39d70f00>,71,16,[5 8],72,216,232,144,203
1,<environment.Job instance at 0x7f3b8181d640>,78,2,[5 3],79,232,234,153,212
1,<environment.Job instance at 0x7f3b817f63c0>,79,3,[4 8],80,234,237,154,213
1,<environment.Job instance at 0x7f3b817f6640>,80,2,[4 5],81,232,234,151,213
1,<environment.Job instance at 0x7f3b817ddb90>,84,3,[5 4],85,237,240,152,229
1,<environment.Job instance at 0x7f3b817dd0f0>,85,18,[ 1 10],86,240,258,154,234
1,<environment.Job instance at 0x7f3b39c731e0>,86,15,[6 5],87,258,273,171,244
1,<environment.Job instance at 0x7f3b39c730a0>,3,13,[8 3],4,4,17,0,4
1,<environment.Job instance at 0x7f3b81b185a0>,4,3,[7 5],5,17,20,12,5
1,<environment.Job instance at 0x7f3b39e52370>,5,2,[5 8],6,20,22,14,6
1,<environment.Job instance at 0x7f3b824b2500>,10,15,[5 8],11,22,37,11,11
1,<environment.Job instance at 0x7f3b81b871e0>,7,15,[3 6],8,37,52,29,27
1,<environment.Job instance at 0x7f3b81dee550>,15,2,[5 7],16,52,54,36,28
1,<environment.Job instance at 0x7f3b81e1a870>,18,13,[8 4],19,54,67,35,38
1,<environment.Job instance at 0x7f3b81aee8c0>,14,16,[7 5],15,67,83,52,54
1,<environment.Job instance at 0x7f3b81e1a280>,24,12,[8 3],25,83,95,58,67
1,<environment.Job instance at 0x7f3b39cc6320>,29,15,[6 5],30,95,110,65,82
1,<environment.Job instance at 0x7f3b39cd2e60>,33,17,[7 4],34,110,127,76,98
1,<environment.Job instance at 0x7f3b39cd2640>,37,16,[5 3],38,127,143,89,114
1,<environment.Job instance at 0x7f3b3a176550>,40,3,[5 2],41,127,130,86,125
1,<environment.Job instance at 0x7f3b3a176c30>,41,3,[9 4],42,143,146,101,125
1,<environment.Job instance at 0x7f3b39dfaf50>,44,15,[2 6],45,146,161,101,132
1,<environment.Job instance at 0x7f3b39dfa730>,45,16,[7 5],46,161,177,115,148
1,<environment.Job instance at 0x7f3b81ecc9b0>,50,16,[8 3],51,177,193,126,164
1,<environment.Job instance at 0x7f3b820b7500>,53,16,[ 4 10],54,193,209,139,182
1,<environment.Job instance at 0x7f3b81b79280>,56,2,[1 8],57,209,211,152,182
1,<environment.Job instance at 0x7f3b81b794b0>,1,3,[6 1],2,3,6,1,3
1,<environment.Job instance at 0x7f3b81b79280>,2,2,[5 3],3,6,8,3,4
1,<environment.Job instance at 0x7f3b820c0050>,6,18,[8 3],7,9,27,2,9
1,<environment.Job instance at 0x7f3b3a3e7870>,9,2,[5 3],10,27,29,17,10
1,<environment.Job instance at 0x7f3b81e79690>,10,12,[3 8],11,29,41,18,14
1,<environment.Job instance at 0x7f3b818455f0>,19,18,[5 2],20,27,45,7,22
1,<environment.Job instance at 0x7f3b819b1aa0>,21,15,[5 7],22,41,56,19,27
1,<environment.Job instance at 0x7f3b39e045a0>,4,14,[3 8],5,56,70,51,41
1,<environment.Job instance at 0x7f3b81845730>,20,16,[ 4 10],21,70,86,49,57
1,<environment.Job instance at 0x7f3b81847aa0>,31,13,[1 7],32,86,99,54,70
1,<environment.Job instance at 0x7f3b818470a0>,35,3,[8 3],36,87,90,51,87
1,<environment.Job instance at 0x7f3b81847500>,34,18,[10  5],35,99,117,64,88
1,<environment.Job instance at 0x7f3b81847140>,38,15,[10  4],39,117,132,78,103
1,<environment.Job instance at 0x7f3b8182f6e0>,41,16,[4 5],42,132,148,90,119
1,<environment.Job instance at 0x7f3b8182f9b0>,43,18,[1 6],44,148,166,104,137
1,<environment.Job instance at 0x7f3b81842050>,47,16,[7 4],48,148,164,100,137
1,<environment.Job instance at 0x7f3b818422d0>,48,16,[9 2],49,164,180,115,151
1,<environment.Job instance at 0x7f3b81842b40>,52,2,[2 7],53,180,182,127,154
1,<environment.Job instance at 0x7f3b8189c050>,53,1,[8 3],54,180,181,126,154
1,<environment.Job instance at 0x7f3b81842dc0>,54,12,[8 1],55,181,193,126,164
1,<environment.Job instance at 0x7f3b81891eb0>,58,3,[2 9],59,182,185,123,165
1,<environment.Job instance at 0x7f3b81891960>,59,3,[2 7],60,185,188,125,165
1,<environment.Job instance at 0x7f3b81891640>,61,3,[3 8],62,193,196,131,167
1,<environment.Job instance at 0x7f3b81891500>,62,16,[6 4],63,196,212,133,184
1,<environment.Job instance at 0x7f3b81e80b40>,64,14,[3 6],65,196,210,131,184
1,<environment.Job instance at 0x7f3b8182f550>,44,17,[2 6],45,210,227,165,203
1,<environment.Job instance at 0x7f3b81832a50>,76,14,[9 4],77,343,357,266,343
1,<environment.Job instance at 0x7f3b81832370>,78,14,[8 2],79,357,371,278,346
1,<environment.Job instance at 0x7f3b81832e10>,83,13,[ 4 10],84,635,648,551,635
1,<environment.Job instance at 0x7f3b81ea11e0>,87,1,[4 6],88,648,649,560,635
1,<environment.Job instance at 0x7f3b8184a910>,2,1,[4 8],3,3,4,0,3
1,<environment.Job instance at 0x7f3b82113a50>,4,1,[ 3 10],5,5,6,0,5
1,<environment.Job instance at 0x7f3b821130a0>,5,14,[3 8],6,9,23,3,9
1,<environment.Job instance at 0x7f3b819fe0f0>,10,12,[4 5],11,23,35,12,11
1,<environment.Job instance at 0x7f3b819fe910>,13,15,[6 4],14,23,38,9,14
1,<environment.Job instance at 0x7f3b819feaf0>,17,12,[6 2],18,38,50,20,21
1,<environment.Job instance at 0x7f3b819fef50>,19,1,[9 2],20,50,51,30,24
1,<environment.Job instance at 0x7f3b819fe0a0>,18,13,[8 3],19,51,64,32,35
1,<environment.Job instance at 0x7f3b819fe190>,16,12,[10  2],17,64,76,47,49
1,<environment.Job instance at 0x7f3b820fdb90>,23,12,[2 7],24,51,63,27,49
1,<environment.Job instance at 0x7f3b820fd4b0>,22,14,[5 3],23,76,90,53,62
1,<environment.Job instance at 0x7f3b820fd0f0>,32,3,[8 3],33,90,93,57,64
1,<environment.Job instance at 0x7f3b819fe4b0>,20,12,[3 7],21,76,88,55,66
1,<environment.Job instance at 0x7f3b820fde10>,35,12,[4 5],36,93,105,57,83
1,<environment.Job instance at 0x7f3b823d8280>,42,17,[4 5],43,93,110,50,83
1,<environment.Job instance at 0x7f3b8206cd70>,47,16,[7 2],48,110,126,62,97
1,<environment.Job instance at 0x7f3b8206c7d0>,53,16,[6 5],54,126,142,72,114
1,<environment.Job instance at 0x7f3b823d8640>,43,14,[9 3],44,146,160,102,146
1,<environment.Job instance at 0x7f3b81b58be0>,61,15,[8 1],62,160,175,98,146
1,<environment.Job instance at 0x7f3b81b581e0>,62,13,[1 5],63,146,159,83,146
1,<environment.Job instance at 0x7f3b81b58b40>,60,18,[ 2 10],61,175,193,114,165
1,<environment.Job instance at 0x7f3b39f7a730>,70,3,[2 9],71,167,170,96,167
1,<environment.Job instance at 0x7f3b3a325370>,73,2,[7 2],74,193,195,119,178
1,<environment.Job instance at 0x7f3b818f5820>,74,3,[ 5 10],75,195,198,120,180
1,<environment.Job instance at 0x7f3b39f15d20>,78,15,[2 8],79,198,213,119,194
1,<environment.Job instance at 0x7f3b824c66e0>,82,17,[8 1],83,198,215,115,197
1,<environment.Job instance at 0x7f3b3a0963c0>,84,12,[3 9],85,215,227,130,201
1,<environment.Job instance at 0x7f3b81875730>,66,18,[ 5 10],67,227,245,160,217
1,<environment.Job instance at 0x7f3b81cee140>,7,1,[ 4 10],8,8,9,0,8
1,<environment.Job instance at 0x7f3b81cee460>,10,3,[10  1],11,11,14,0,11
1,<environment.Job instance at 0x7f3b81dd4a50>,11,12,[2 6],12,14,26,2,12
1,<environment.Job instance at 0x7f3b81dd40f0>,12,3,[6 5],13,26,29,13,13
1,<environment.Job instance at 0x7f3b81ceecd0>,14,16,[ 5 10],15,29,45,14,16
1,<environment.Job instance at 0x7f3b81d3baa0>,16,2,[2 6],17,45,47,28,26
1,<environment.Job instance at 0x7f3b81cb6a50>,17,1,[5 1],18,45,46,27,26
1,<environment.Job instance at 0x7f3b82077aa0>,19,2,[4 7],20,47,49,27,26
1,<environment.Job instance at 0x7f3b81ffb730>,15,15,[5 9],16,49,64,33,36
1,<environment.Job instance at 0x7f3b81fb9500>,23,12,[8 2],24,64,76,40,47
1,<environment.Job instance at 0x7f3b826e39b0>,24,16,[1 5],25,64,80,39,51
1,<environment.Job instance at 0x7f3b81f9b190>,33,14,[6 5],34,76,90,42,64
1,<environment.Job instance at 0x7f3b821615f0>,36,12,[10  1],37,90,102,53,73
1,<environment.Job instance at 0x7f3b82161fa0>,40,17,[5 6],41,106,123,65,106
1,<environment.Job instance at 0x7f3b3a2e1500>,46,15,[10  2],47,130,145,83,130
1,<environment.Job instance at 0x7f3b3a2e1e10>,49,13,[4 7],50,145,158,95,130
1,<environment.Job instance at 0x7f3b81ceefa0>,5,16,[4 7],6,158,174,152,146
1,<environment.Job instance at 0x7f3b81935f50>,2,3,[9 5],3,3,6,0,3
1,<environment.Job instance at 0x7f3b81ceee60>,3,3,[1 8],4,6,9,2,4
1,<environment.Job instance at 0x7f3b81935d70>,4,2,[9 2],5,6,8,1,5
1,<environment.Job instance at 0x7f3b3a338500>,5,15,[6 2],6,8,23,2,7
1,<environment.Job instance at 0x7f3b3a338730>,7,3,[10  1],8,23,26,15,8
1,<environment.Job instance at 0x7f3b3a338870>,8,2,[2 7],9,9,11,0,9
1,<environment.Job instance at 0x7f3b81ceefa0>,6,2,[10  2],7,26,28,19,12
1,<environment.Job instance at 0x7f3b81935b90>,0,13,[5 4],1,28,41,27,12
1,<environment.Job instance at 0x7f3b3a338a00>,10,17,[5 2],11,28,45,17,17
1,<environment.Job instance at 0x7f3b3a338f00>,16,16,[8 2],17,45,61,28,33
1,<environment.Job instance at 0x7f3b39de1050>,18,14,[8 5],19,61,75,42,51
1,<environment.Job instance at 0x7f3b39de13c0>,22,12,[7 2],23,75,87,52,65
1,<environment.Job instance at 0x7f3b39de1500>,24,14,[ 1 10],25,87,101,62,74
1,<environment.Job instance at 0x7f3b39de1870>,26,3,[4 9],27,101,104,74,77
1,<environment.Job instance at 0x7f3b39de1550>,21,18,[ 3 10],22,368,386,346,368
1,<environment.Job instance at 0x7f3b39de1a00>,29,15,[1 6],30,386,401,356,373
1,<environment.Job instance at 0x7f3b39de1b90>,30,12,[2 9],31,401,413,370,389
1,<environment.Job instance at 0x7f3b39de1910>,31,15,[8 1],32,423,438,391,423
1,<environment.Job instance at 0x7f3b39de1af0>,32,16,[5 4],33,438,454,405,437
1,<environment.Job instance at 0x7f3b39de1c80>,33,15,[ 3 10],34,762,777,728,762
1,<environment.Job instance at 0x7f3b39de1d20>,34,2,[2 7],35,777,779,742,762
1,<environment.Job instance at 0x7f3b39de1f00>,37,14,[7 2],38,786,800,748,786
1,<environment.Job instance at 0x7f3b39dcc0f0>,39,1,[5 5],40,800,801,760,786
1,<environment.Job instance at 0x7f3b819c82d0>,2,1,[5 3],3,3,4,0,3
1,<environment.Job instance at 0x7f3b3a30acd0>,1,16,[1 6],2,6,22,4,6
1,<environment.Job instance at 0x7f3b81a315f0>,10,3,[8 5],11,22,25,11,11
1,<environment.Job instance at 0x7f3b82662730>,6,12,[4 8],7,25,37,18,13
1,<environment.Job instance at 0x7f3b821b3780>,12,3,[4 7],13,37,40,24,15
1,<environment.Job instance at 0x7f3b81bdff00>,15,14,[5 2],16,25,39,9,20
1,<environment.Job instance at 0x7f3b81a0a820>,16,12,[6 4],17,40,52,23,23
1,<environment.Job instance at 0x7f3b81bdf910>,17,17,[2 6],18,40,57,22,32
1,<environment.Job instance at 0x7f3b823a5aa0>,23,13,[5 6],24,57,70,33,43
1,<environment.Job instance at 0x7f3b81bdfe60>,18,17,[5 4],19,53,70,34,53
1,<environment.Job instance at 0x7f3b821bea50>,29,14,[9 4],30,70,84,40,56
1,<environment.Job instance at 0x7f3b8271b6e0>,33,3,[ 1 10],34,84,87,50,67
1,<environment.Job instance at 0x7f3b3a121960>,36,17,[2 9],37,87,104,50,75
1,<environment.Job instance at 0x7f3b81c6d780>,37,13,[4 7],38,104,117,66,88
1,<environment.Job instance at 0x7f3b824975f0>,39,14,[4 7],40,117,131,77,104
1,<environment.Job instance at 0x7f3b8200c0f0>,43,17,[6 1],44,107,124,63,107
1,<environment.Job instance at 0x7f3b84e63870>,46,13,[8 5],47,131,144,84,115
1,<environment.Job instance at 0x7f3b84e63a50>,49,18,[5 2],50,144,162,94,133
1,<environment.Job instance at 0x7f3b3a210690>,52,3,[5 7],53,144,147,91,133
1,<environment.Job instance at 0x7f3b3a2105a0>,54,12,[3 7],55,147,159,92,133
1,<environment.Job instance at 0x7f3b82417140>,57,16,[2 7],58,159,175,101,146
1,<environment.Job instance at 0x7f3b82417870>,59,14,[7 2],60,162,176,102,147
1,<environment.Job instance at 0x7f3b82417a50>,61,14,[1 7],62,175,189,113,160
1,<environment.Job instance at 0x7f3b824170f0>,64,2,[2 7],65,189,191,124,168
1,<environment.Job instance at 0x7f3b824176e0>,67,3,[4 6],68,191,194,123,185
1,<environment.Job instance at 0x7f3b824175f0>,68,16,[8 4],69,194,210,125,185
1,<environment.Job instance at 0x7f3b82057820>,72,1,[6 5],73,210,211,137,203
1,<environment.Job instance at 0x7f3b82057910>,73,18,[ 2 10],74,211,229,137,204
1,<environment.Job instance at 0x7f3b39f59aa0>,41,17,[10  5],42,233,250,191,233
1,<environment.Job instance at 0x7f3b82057140>,80,15,[3 8],81,250,265,169,239
1,<environment.Job instance at 0x7f3b82057370>,86,2,[5 7],87,265,267,178,255
1,<environment.Job instance at 0x7f3b819332d0>,87,1,[2 8],88,267,268,179,255
1,<environment.Job instance at 0x7f3b81933640>,88,2,[6 4],89,268,270,179,256
1,<environment.Job instance at 0x7f3b820cee60>,2,1,[5 5],3,4,5,1,4
1,<environment.Job instance at 0x7f3b82170be0>,10,15,[6 3],11,11,26,0,11
1,<environment.Job instance at 0x7f3b82053be0>,4,14,[4 6],5,12,26,7,12
1,<environment.Job instance at 0x7f3b82018140>,8,15,[5 5],9,26,41,17,14
1,<environment.Job instance at 0x7f3b39fbe8c0>,15,3,[6 4],16,41,44,25,16
1,<environment.Job instance at 0x7f3b81a0ef00>,17,3,[3 8],18,44,47,26,19
1,<environment.Job instance at 0x7f3b3a01f9b0>,19,1,[4 5],20,26,27,6,20
1,<environment.Job instance at 0x7f3b39fbe910>,18,12,[1 8],19,47,59,28,30
1,<environment.Job instance at 0x7f3b39e82a50>,22,12,[6 2],23,44,56,21,36
1,<environment.Job instance at 0x7f3b3a22c410>,26,13,[6 5],27,59,72,32,44
1,<environment.Job instance at 0x7f3b3a201780>,28,12,[5 5],29,72,84,43,57
1,<environment.Job instance at 0x7f3b84bc2690>,29,18,[7 4],30,84,102,54,74
1,<environment.Job instance at 0x7f3b81863f00>,34,18,[3 6],35,84,102,49,74
1,<environment.Job instance at 0x7f3b8234cdc0>,37,2,[4 6],38,102,104,64,75
1,<environment.Job instance at 0x7f3b81d89b40>,20,18,[2 7],21,104,122,83,93
1,<environment.Job instance at 0x7f3b8234c4b0>,45,17,[6 3],46,102,119,56,101
1,<environment.Job instance at 0x7f3b8234caf0>,46,14,[10  1],47,122,136,75,116
1,<environment.Job instance at 0x7f3b8234c870>,47,3,[ 4 10],48,136,139,88,116
1,<environment.Job instance at 0x7f3b820dce10>,50,18,[5 6],51,139,157,88,128
1,<environment.Job instance at 0x7f3b8234cc30>,49,12,[7 5],50,157,169,107,143
1,<environment.Job instance at 0x7f3b39f83410>,56,13,[9 1],57,169,182,112,153
1,<environment.Job instance at 0x7f3b39ea2f00>,59,14,[5 1],60,182,196,122,169
1,<environment.Job instance at 0x7f3b39f0aaa0>,62,13,[9 2],63,196,209,133,180
1,<environment.Job instance at 0x7f3b3a152b90>,70,1,[10  4],71,209,210,138,181
1,<environment.Job instance at 0x7f3b3a152e10>,71,2,[2 6],72,182,184,110,181
1,<environment.Job instance at 0x7f3b3a08f5a0>,73,16,[6 3],74,210,226,136,200
1,<environment.Job instance at 0x7f3b819b9280>,75,13,[4 7],76,224,237,148,224
1,<environment.Job instance at 0x7f3b81f9baf0>,2,3,[7 4],3,3,6,0,3
1,<environment.Job instance at 0x7f3b818fb3c0>,4,1,[6 4],5,6,7,1,5
1,<environment.Job instance at 0x7f3b81809e10>,7,13,[5 8],8,8,21,0,8
1,<environment.Job instance at 0x7f3b81a820f0>,3,15,[4 8],4,21,36,17,8
1,<environment.Job instance at 0x7f3b817dc3c0>,12,15,[3 9],13,36,51,23,22
1,<environment.Job instance at 0x7f3b817dc500>,14,2,[7 1],15,36,38,21,31
1,<environment.Job instance at 0x7f3b817dc640>,16,1,[1 6],17,51,52,34,31
1,<environment.Job instance at 0x7f3b817dc820>,19,17,[1 5],20,58,75,38,58
1,<environment.Job instance at 0x7f3b817dc370>,22,17,[3 5],23,59,76,36,59
1,<environment.Job instance at 0x7f3b817dca50>,25,13,[10  5],26,76,89,50,61
1,<environment.Job instance at 0x7f3b817dcc30>,28,13,[8 3],29,89,102,60,73
1,<environment.Job instance at 0x7f3b817dcd70>,30,13,[1 9],31,102,115,71,87
1,<environment.Job instance at 0x7f3b81a82690>,0,16,[ 2 10],1,115,131,114,103
1,<environment.Job instance at 0x7f3b817d1550>,36,12,[9 5],37,131,143,94,114
1,<environment.Job instance at 0x7f3b817d17d0>,40,16,[5 4],41,143,159,102,130
1,<environment.Job instance at 0x7f3b817d1910>,42,12,[5 2],43,143,155,100,139
1,<environment.Job instance at 0x7f3b81809eb0>,9,17,[ 2 10],10,159,176,149,149
1,<environment.Job instance at 0x7f3b81976780>,6,3,[10  3],7,26,29,19,26
1,<environment.Job instance at 0x7f3b81976820>,7,1,[ 4 10],8,29,30,21,27
1,<environment.Job instance at 0x7f3b817d1aa0>,1,13,[5 2],2,30,43,28,27
1,<environment.Job instance at 0x7f3b81976140>,4,18,[6 3],5,43,61,38,36
1,<environment.Job instance at 0x7f3b819a8b40>,14,15,[8 2],15,61,76,46,47
1,<environment.Job instance at 0x7f3b819a8280>,16,17,[1 6],17,55,72,38,55
1,<environment.Job instance at 0x7f3b819a8550>,17,18,[5 5],18,76,94,58,65
1,<environment.Job instance at 0x7f3b819595f0>,22,1,[4 8],23,94,95,71,67
1,<environment.Job instance at 0x7f3b39ea2cd0>,13,18,[5 5],14,95,113,81,92
1,<environment.Job instance at 0x7f3b3a274500>,26,3,[3 9],27,113,116,86,92
1,<environment.Job instance at 0x7f3b819592d0>,24,16,[2 5],25,95,111,70,92
1,<environment.Job instance at 0x7f3b3a274640>,27,3,[5 6],28,116,119,88,93
1,<environment.Job instance at 0x7f3b3a274c80>,29,13,[7 1],30,119,132,89,103
1,<environment.Job instance at 0x7f3b81c6ab40>,35,2,[7 1],36,132,134,96,117
1,<environment.Job instance at 0x7f3b81c6a370>,37,18,[2 6],38,119,137,81,117
1,<environment.Job instance at 0x7f3b81c6a7d0>,34,12,[9 3],35,137,149,102,121
1,<environment.Job instance at 0x7f3b81c6adc0>,39,12,[10  4],40,149,161,109,134
1,<environment.Job instance at 0x7f3b82377f00>,49,13,[5 8],50,161,174,111,145
1,<environment.Job instance at 0x7f3b81c86780>,52,14,[4 6],53,174,188,121,159
1,<environment.Job instance at 0x7f3b81c86dc0>,55,14,[5 9],56,188,202,132,173
1,<environment.Job instance at 0x7f3b39ff5190>,61,12,[3 8],62,202,214,140,185
1,<environment.Job instance at 0x7f3b81c6ad20>,44,15,[10  1],45,214,229,169,200
1,<environment.Job instance at 0x7f3b8243c280>,67,12,[3 8],68,229,241,161,213
1,<environment.Job instance at 0x7f3b39da5a00>,70,18,[2 9],71,241,259,170,230
1,<environment.Job instance at 0x7f3b39da5dc0>,76,13,[7 1],77,246,259,169,246
1,<environment.Job instance at 0x7f3b3a0241e0>,78,13,[2 9],79,259,272,180,250
1,<environment.Job instance at 0x7f3b3a024e10>,80,13,[1 6],81,272,285,191,256
1,<environment.Job instance at 0x7f3b3a024b40>,84,17,[5 1],85,259,276,174,256
1,<environment.Job instance at 0x7f3b819cee60>,0,17,[7 1],1,4,21,3,4
1,<environment.Job instance at 0x7f3b3a024aa0>,4,12,[1 5],5,7,19,2,7
1,<environment.Job instance at 0x7f3b819ce5a0>,3,3,[2 7],4,19,22,15,7
1,<environment.Job instance at 0x7f3b819ce460>,10,1,[3 6],11,22,23,11,11
1,<environment.Job instance at 0x7f3b819ce2d0>,13,2,[5 9],14,23,25,9,14
1,<environment.Job instance at 0x7f3b819cef50>,2,15,[3 6],3,25,40,22,16
1,<environment.Job instance at 0x7f3b3a01f370>,12,13,[9 3],13,40,53,27,26
1,<environment.Job instance at 0x7f3b3a01f280>,17,2,[4 9],18,53,55,35,26
1,<environment.Job instance at 0x7f3b3a01fd70>,21,15,[7 2],22,55,70,33,43
1,<environment.Job instance at 0x7f3b39c1b6e0>,26,3,[8 5],27,70,73,43,44
1,<environment.Job instance at 0x7f3b39c1b7d0>,29,18,[8 2],30,73,91,43,62
1,<environment.Job instance at 0x7f3b81ada370>,30,18,[2 8],31,73,91,42,66
1,<environment.Job instance at 0x7f3b81adaf00>,34,15,[7 2],35,91,106,56,77
1,<environment.Job instance at 0x7f3b81ada230>,42,12,[5 5],43,106,118,63,90
1,<environment.Job instance at 0x7f3b819709b0>,45,13,[2 6],46,118,131,72,102
1,<environment.Job instance at 0x7f3b3a024730>,5,18,[8 2],6,118,136,112,108
1,<environment.Job instance at 0x7f3b81a7d0f0>,55,15,[9 4],56,136,151,80,126
1,<environment.Job instance at 0x7f3b81a7d3c0>,51,12,[ 1 10],52,151,163,99,135
1,<environment.Job instance at 0x7f3b81a7d370>,62,3,[8 1],63,163,166,100,139
1,<environment.Job instance at 0x7f3b81a7d0a0>,63,17,[7 4],64,166,183,102,154
1,<environment.Job instance at 0x7f3b81a16910>,68,16,[6 5],69,183,199,114,170
1,<environment.Job instance at 0x7f3b81a16f50>,71,14,[1 5],72,170,184,98,170
1,<environment.Job instance at 0x7f3b81a7d730>,60,15,[4 8],61,199,214,138,185
1,<environment.Job instance at 0x7f3b825840a0>,77,15,[1 6],78,224,239,146,224
1,<environment.Job instance at 0x7f3b3a2d49b0>,9,14,[5 4],10,10,24,0,10
1,<environment.Job instance at 0x7f3b3a2d4eb0>,10,15,[5 3],11,11,26,0,11
1,<environment.Job instance at 0x7f3b3a2d4d70>,11,3,[5 5],12,24,27,12,12
1,<environment.Job instance at 0x7f3b3a2d4a50>,12,15,[ 1 10],13,27,42,14,15
1,<environment.Job instance at 0x7f3b8179df00>,14,2,[1 6],15,42,44,27,15
1,<environment.Job instance at 0x7f3b8179dbe0>,16,1,[3 7],17,44,45,27,22
1,<environment.Job instance at 0x7f3b825847d0>,2,14,[4 9],3,45,59,42,33
1,<environment.Job instance at 0x7f3b3a2bf1e0>,22,15,[2 7],23,59,74,36,47
1,<environment.Job instance at 0x7f3b8244a550>,23,17,[4 9],24,74,91,50,62
1,<environment.Job instance at 0x7f3b3a2bf9b0>,18,17,[10  4],19,91,108,72,79
1,<environment.Job instance at 0x7f3b824538c0>,31,16,[2 7],32,108,124,76,95
1,<environment.Job instance at 0x7f3b81f7bd70>,38,13,[ 5 10],39,124,137,85,109
1,<environment.Job instance at 0x7f3b81c308c0>,44,13,[4 6],45,137,150,92,123
1,<environment.Job instance at 0x7f3b81f91dc0>,40,18,[8 5],41,150,168,109,139
1,<environment.Job instance at 0x7f3b84d36690>,49,15,[5 9],50,168,183,118,154
1,<environment.Job instance at 0x7f3b819c14b0>,52,16,[3 5],53,183,199,130,170
1,<environment.Job instance at 0x7f3b819c1320>,56,14,[6 1],57,183,197,126,170
1,<environment.Job instance at 0x7f3b819c1e10>,61,2,[1 5],62,197,199,135,180
1,<environment.Job instance at 0x7f3b817ca4b0>,62,3,[9 5],63,199,202,136,182
1,<environment.Job instance at 0x7f3b81a4fc80>,63,17,[10  3],64,225,242,161,225
1,<environment.Job instance at 0x7f3b8199b4b0>,66,12,[4 7],67,242,254,175,230
1,<environment.Job instance at 0x7f3b8199b320>,68,17,[3 8],69,254,271,185,247
1,<environment.Job instance at 0x7f3b8199b910>,70,19,[5 4],71,271,290,200,261
1,<environment.Job instance at 0x7f3b8199b7d0>,71,17,[ 2 10],72,291,308,219,291
1,<environment.Job instance at 0x7f3b8199b0f0>,72,3,[5 9],73,308,311,235,291
1,<environment.Job instance at 0x7f3b8199bcd0>,73,18,[9 2],74,311,329,237,308
1,<environment.Job instance at 0x7f3b8199b0a0>,75,16,[10  3],76,329,345,253,318
1,<environment.Job instance at 0x7f3b819ac4b0>,81,3,[9 4],82,345,348,263,325
1,<environment.Job instance at 0x7f3b819ac0f0>,82,13,[9 1],83,348,361,265,332
1,<environment.Job instance at 0x7f3b819acdc0>,87,18,[ 3 10],88,433,451,345,433
1,<environment.Job instance at 0x7f3b823abb40>,8,3,[9 2],9,9,12,0,9
1,<environment.Job instance at 0x7f3b8193a1e0>,10,2,[7 3],11,12,14,1,11
1,<environment.Job instance at 0x7f3b823ab1e0>,9,15,[5 5],10,14,29,4,12
1,<environment.Job instance at 0x7f3b3a2a85f0>,15,2,[4 9],16,29,31,13,16
1,<environment.Job instance at 0x7f3b8182e550>,17,3,[1 6],18,31,34,13,20
1,<environment.Job instance at 0x7f3b81c43aa0>,2,18,[4 7],3,34,52,31,26
1,<environment.Job instance at 0x7f3b821b43c0>,27,15,[5 5],28,52,67,24,42
1,<environment.Job instance at 0x7f3b821b41e0>,24,17,[5 9],25,67,84,42,56
1,<environment.Job instance at 0x7f3b821b4cd0>,29,18,[9 5],30,84,102,54,73
1,<environment.Job instance at 0x7f3b81d5f870>,36,14,[4 7],37,102,116,65,88
1,<environment.Job instance at 0x7f3b81d5ff50>,40,12,[2 9],41,116,128,75,102
1,<environment.Job instance at 0x7f3b81d62b40>,43,16,[3 9],44,128,144,84,116
1,<environment.Job instance at 0x7f3b81d629b0>,46,14,[1 5],47,144,158,97,129
1,<environment.Job instance at 0x7f3b39d7a6e0>,53,18,[2 6],54,158,176,104,156
1,<environment.Job instance at 0x7f3b39f432d0>,56,17,[1 6],57,176,193,119,164
1,<environment.Job instance at 0x7f3b39f430a0>,57,18,[5 2],58,164,182,106,164
1,<environment.Job instance at 0x7f3b39f43c30>,59,13,[4 7],60,193,206,133,181
1,<environment.Job instance at 0x7f3b81d32870>,61,15,[10  5],62,206,221,144,192
1,<environment.Job instance at 0x7f3b3a1773c0>,71,18,[7 1],72,221,239,149,210
1,<environment.Job instance at 0x7f3b81affd70>,75,3,[7 3],76,239,242,163,213
1,<environment.Job instance at 0x7f3b81cb7dc0>,79,2,[10  1],80,242,244,162,224
1,<environment.Job instance at 0x7f3b81cb7d20>,80,3,[8 2],81,244,247,163,224
1,<environment.Job instance at 0x7f3b81cb7a00>,81,15,[9 5],82,247,262,165,233
1,<environment.Job instance at 0x7f3b84e5feb0>,82,14,[ 1 10],83,262,276,179,247
1,<environment.Job instance at 0x7f3b3a0e9190>,73,18,[ 3 10],74,389,407,315,389
1,<environment.Job instance at 0x7f3b3a094730>,0,3,[10  4],1,4,7,3,4
1,<environment.Job instance at 0x7f3b3a094460>,2,16,[10  1],3,9,25,6,9
1,<environment.Job instance at 0x7f3b821b4f00>,4,12,[4 9],5,25,37,20,10
1,<environment.Job instance at 0x7f3b3a03d7d0>,12,15,[1 7],13,37,52,24,25
1,<environment.Job instance at 0x7f3b3a03df50>,13,17,[6 1],14,25,42,11,25
1,<environment.Job instance at 0x7f3b39f1b910>,16,13,[8 3],17,42,55,25,29
1,<environment.Job instance at 0x7f3b39f1bdc0>,18,15,[8 2],19,55,70,36,41
1,<environment.Job instance at 0x7f3b39f1b1e0>,23,12,[5 9],24,70,82,46,55
1,<environment.Job instance at 0x7f3b39f1bb90>,27,2,[1 5],28,82,84,54,76
1,<environment.Job instance at 0x7f3b3a03d370>,11,18,[4 6],12,84,102,72,76
1,<environment.Job instance at 0x7f3b3a0947d0>,3,17,[ 2 10],4,102,119,98,94
1,<environment.Job instance at 0x7f3b84dc0cd0>,34,13,[10  5],35,119,132,84,106
1,<environment.Job instance at 0x7f3b84dc0b90>,35,12,[10  3],36,132,144,96,116
1,<environment.Job instance at 0x7f3b84d78cd0>,40,18,[5 7],41,144,162,103,137
1,<environment.Job instance at 0x7f3b84e62320>,44,15,[6 4],45,162,177,117,148
1,<environment.Job instance at 0x7f3b84e62320>,3,18,[6 1],4,4,22,0,4
1,<environment.Job instance at 0x7f3b81afccd0>,6,2,[3 9],7,7,9,0,7
1,<environment.Job instance at 0x7f3b81afcc80>,5,15,[4 9],6,9,24,3,9
1,<environment.Job instance at 0x7f3b81afef00>,11,12,[4 8],12,24,36,12,13
1,<environment.Job instance at 0x7f3b81b15550>,20,13,[5 8],21,36,49,15,21
1,<environment.Job instance at 0x7f3b81ae6280>,25,12,[3 5],26,49,61,23,36
1,<environment.Job instance at 0x7f3b81ae64b0>,27,14,[6 2],28,49,63,21,40
1,<environment.Job instance at 0x7f3b81b0bb40>,30,1,[10  3],31,63,64,32,40
1,<environment.Job instance at 0x7f3b81b0b780>,32,1,[3 9],33,64,65,31,40
1,<environment.Job instance at 0x7f3b81f94e10>,34,3,[5 4],35,65,68,30,40
1,<environment.Job instance at 0x7f3b81b08730>,23,16,[5 8],24,68,84,44,55
1,<environment.Job instance at 0x7f3b81ace910>,37,3,[6 4],38,84,87,46,58
1,<environment.Job instance at 0x7f3b81d75230>,39,12,[ 5 10],40,87,99,47,72
1,<environment.Job instance at 0x7f3b81ad7690>,41,12,[ 4 10],42,99,111,57,84
1,<environment.Job instance at 0x7f3b81940870>,38,17,[3 7],39,111,128,72,99
1,<environment.Job instance at 0x7f3b81acc690>,46,13,[2 9],47,128,141,81,112
1,<environment.Job instance at 0x7f3b81ad2b90>,51,15,[10  3],52,141,156,89,129
1,<environment.Job instance at 0x7f3b81ad2910>,53,17,[6 3],54,156,173,102,145
1,<environment.Job instance at 0x7f3b81b4f190>,60,14,[5 7],61,173,187,112,158
1,<environment.Job instance at 0x7f3b81b4f690>,62,18,[4 9],63,187,205,124,177
1,<environment.Job instance at 0x7f3b81b389b0>,70,15,[9 2],71,205,220,134,191
1,<environment.Job instance at 0x7f3b81b38e60>,75,12,[9 2],76,220,232,144,205
1,<environment.Job instance at 0x7f3b81b38eb0>,76,17,[1 8],77,205,222,128,205
1,<environment.Job instance at 0x7f3b81b51c30>,80,15,[2 8],81,232,247,151,218
1,<environment.Job instance at 0x7f3b81b51d70>,82,14,[1 9],83,247,261,164,232
1,<environment.Job instance at 0x7f3b8257a960>,84,15,[9 2],85,261,276,176,251
1,<environment.Job instance at 0x7f3b81b4ac30>,87,3,[2 5],88,276,279,188,251
1,<environment.Job instance at 0x7f3b81b4a0a0>,1,13,[5 2],2,4,17,2,4
1,<environment.Job instance at 0x7f3b818d0190>,4,3,[2 7],5,7,10,2,7
1,<environment.Job instance at 0x7f3b81e7c6e0>,6,3,[2 7],7,10,13,3,7
1,<environment.Job instance at 0x7f3b81e7c780>,7,2,[9 5],8,17,19,9,8
1,<environment.Job instance at 0x7f3b818d0e10>,5,16,[5 1],6,19,35,13,12
1,<environment.Job instance at 0x7f3b8206ca50>,13,17,[3 7],14,19,36,5,16
1,<environment.Job instance at 0x7f3b81e7c5a0>,12,14,[7 1],13,35,49,22,21
1,<environment.Job instance at 0x7f3b82022370>,16,2,[1 6],17,36,38,19,21
1,<environment.Job instance at 0x7f3b81c6c5f0>,18,2,[7 4],19,49,51,30,22
1,<environment.Job instance at 0x7f3b82556c80>,19,1,[2 6],20,38,39,18,22
1,<environment.Job instance at 0x7f3b82556910>,20,14,[6 3],21,51,65,30,36
1,<environment.Job instance at 0x7f3b39a4f190>,11,14,[9 4],12,65,79,53,52
1,<environment.Job instance at 0x7f3b3a068e10>,25,13,[10  4],26,79,92,53,64
1,<environment.Job instance at 0x7f3b82145fa0>,32,13,[ 4 10],33,92,105,59,84
1,<environment.Job instance at 0x7f3b82145a00>,33,17,[7 2],34,105,122,71,93
1,<environment.Job instance at 0x7f3b82145af0>,37,15,[2 5],38,105,120,67,104
1,<environment.Job instance at 0x7f3b82145230>,40,12,[8 4],41,122,134,81,111
1,<environment.Job instance at 0x7f3b82145eb0>,41,14,[ 2 10],42,134,148,92,125
1,<environment.Job instance at 0x7f3b8234c460>,44,12,[7 5],45,148,160,103,132
1,<environment.Job instance at 0x7f3b8234ccd0>,47,3,[3 6],48,160,163,112,135
1,<environment.Job instance at 0x7f3b8234cdc0>,49,18,[ 1 10],50,169,187,119,169
1,<environment.Job instance at 0x7f3b8234c820>,52,15,[4 5],53,187,202,134,173
1,<environment.Job instance at 0x7f3b81ffb140>,55,18,[4 5],56,187,205,131,176
1,<environment.Job instance at 0x7f3b81794370>,59,3,[3 8],60,205,208,145,180
1,<environment.Job instance at 0x7f3b8244a1e0>,60,17,[8 5],61,208,225,147,198
1,<environment.Job instance at 0x7f3b8244ab40>,61,15,[3 7],62,225,240,163,213
1,<environment.Job instance at 0x7f3b8244a500>,63,2,[4 9],64,240,242,176,213
1,<environment.Job instance at 0x7f3b823334b0>,68,2,[10  3],69,242,244,173,224
1,<environment.Job instance at 0x7f3b81b6a550>,69,3,[4 7],70,244,247,174,225
1,<environment.Job instance at 0x7f3b84fae320>,70,1,[5 1],71,225,226,154,225
1,<environment.Job instance at 0x7f3b826dd5f0>,72,15,[ 1 10],73,247,262,174,245
1,<environment.Job instance at 0x7f3b826dde60>,75,18,[10  4],76,269,287,193,269
1,<environment.Job instance at 0x7f3b817989b0>,76,17,[3 5],77,287,304,210,275
1,<environment.Job instance at 0x7f3b817980a0>,79,1,[10  5],80,304,305,224,281
1,<environment.Job instance at 0x7f3b81d77f50>,81,17,[8 2],82,305,322,223,294
1,<environment.Job instance at 0x7f3b81d77410>,82,12,[4 6],83,322,334,239,305
1,<environment.Job instance at 0x7f3b39a4cd70>,85,12,[5 2],86,322,334,236,307
1,<environment.Job instance at 0x7f3b39c7ac80>,2,3,[6 3],3,3,6,0,3
1,<environment.Job instance at 0x7f3b39c7aa00>,1,13,[ 5 10],2,6,19,4,5
1,<environment.Job instance at 0x7f3b39c7af50>,5,15,[6 1],6,19,34,13,6
1,<environment.Job instance at 0x7f3b39c7abe0>,7,3,[3 6],8,19,22,11,12
1,<environment.Job instance at 0x7f3b3a187500>,12,12,[3 7],13,22,34,9,13
1,<environment.Job instance at 0x7f3b3a1870f0>,14,3,[5 5],15,34,37,19,16
1,<environment.Job instance at 0x7f3b3a1871e0>,15,13,[ 5 10],16,37,50,21,25
1,<environment.Job instance at 0x7f3b3a1873c0>,18,12,[1 8],19,50,62,31,33
1,<environment.Job instance at 0x7f3b39a4cd70>,4,18,[3 9],5,62,80,57,51
1,<environment.Job instance at 0x7f3b3a187aa0>,22,16,[6 5],23,80,96,57,67
1,<environment.Job instance at 0x7f3b81958f00>,24,3,[3 6],25,96,99,71,72
1,<environment.Job instance at 0x7f3b81958af0>,27,2,[5 7],28,99,101,71,84
1,<environment.Job instance at 0x7f3b81958870>,28,3,[6 5],29,101,104,72,84
1,<environment.Job instance at 0x7f3b819585f0>,29,3,[2 6],30,104,107,74,84
1,<environment.Job instance at 0x7f3b819587d0>,30,3,[1 5],31,84,87,53,84
1,<environment.Job instance at 0x7f3b81958f50>,32,12,[7 5],33,107,119,74,93
1,<environment.Job instance at 0x7f3b81958640>,33,3,[ 3 10],34,119,122,85,93
1,<environment.Job instance at 0x7f3b81958460>,35,14,[6 4],36,122,136,86,109
1,<environment.Job instance at 0x7f3b819580f0>,36,3,[ 2 10],37,136,139,99,110
1,<environment.Job instance at 0x7f3b3a077dc0>,38,2,[4 8],39,139,141,100,112
1,<environment.Job instance at 0x7f3b3a077eb0>,39,3,[8 2],40,141,144,101,115
1,<environment.Job instance at 0x7f3b3a077aa0>,42,14,[7 1],43,144,158,101,129
1,<environment.Job instance at 0x7f3b3a077960>,45,1,[ 1 10],46,158,159,112,133
1,<environment.Job instance at 0x7f3b3a077550>,46,18,[9 2],47,159,177,112,149
1,<environment.Job instance at 0x7f3b3a077f00>,50,12,[1 9],51,177,189,126,164
1,<environment.Job instance at 0x7f3b3a0776e0>,52,14,[4 6],53,189,203,136,174
1,<environment.Job instance at 0x7f3b3a096960>,61,3,[8 2],62,203,206,141,185
1,<environment.Job instance at 0x7f3b3a096550>,62,18,[6 5],63,206,224,143,195
1,<environment.Job instance at 0x7f3b8246ccd0>,5,3,[4 7],6,7,10,1,7
1,<environment.Job instance at 0x7f3b39d62a00>,10,2,[10  3],11,21,23,10,21
1,<environment.Job instance at 0x7f3b399ad280>,11,3,[1 9],12,23,26,11,21
1,<environment.Job instance at 0x7f3b3a00a0a0>,0,12,[4 8],1,26,38,25,24
1,<environment.Job instance at 0x7f3b3a096aa0>,6,18,[3 6],7,38,56,31,28
1,<environment.Job instance at 0x7f3b818894b0>,16,3,[7 1],17,48,51,31,48
1,<environment.Job instance at 0x7f3b81889d20>,20,17,[2 7],21,65,82,44,65
1,<environment.Job instance at 0x7f3b81889190>,21,1,[10  4],22,82,83,60,65
1,<environment.Job instance at 0x7f3b81889c30>,25,2,[9 4],26,83,85,57,74
1,<environment.Job instance at 0x7f3b81889960>,26,2,[5 5],27,85,87,58,74
1,<environment.Job instance at 0x7f3b8201be60>,28,3,[4 5],29,85,88,56,74
1,<environment.Job instance at 0x7f3b8201bf00>,29,1,[5 7],30,88,89,58,74
1,<environment.Job instance at 0x7f3b81889780>,17,15,[8 4],18,104,119,86,104
1,<environment.Job instance at 0x7f3b82517f00>,36,15,[7 3],37,119,134,82,106
1,<environment.Job instance at 0x7f3b82517690>,39,14,[ 1 10],40,134,148,94,120
1,<environment.Job instance at 0x7f3b82517730>,43,13,[5 1],44,148,161,104,132
1,<environment.Job instance at 0x7f3b825172d0>,44,12,[1 9],45,148,160,103,134
1,<environment.Job instance at 0x7f3b81889eb0>,19,15,[2 8],20,160,175,140,146
1,<environment.Job instance at 0x7f3b8251f550>,50,15,[9 4],51,175,190,124,162
1,<environment.Job instance at 0x7f3b825179b0>,45,16,[10  3],46,190,206,144,177
1,<environment.Job instance at 0x7f3b82500cd0>,54,18,[6 4],55,206,224,151,195
1,<environment.Job instance at 0x7f3b825006e0>,58,2,[10  1],59,224,226,165,205
1,<environment.Job instance at 0x7f3b82500140>,56,16,[6 4],57,226,242,169,217
1,<environment.Job instance at 0x7f3b825008c0>,61,2,[7 1],62,242,244,180,217
1,<environment.Job instance at 0x7f3b82500f00>,64,1,[1 6],65,217,218,152,217
1,<environment.Job instance at 0x7f3b824fd6e0>,66,3,[7 5],67,244,247,177,224
1,<environment.Job instance at 0x7f3b825174b0>,37,15,[5 4],38,247,262,209,233
1,<environment.Job instance at 0x7f3b824fddc0>,72,2,[6 2],73,262,264,189,238
1,<environment.Job instance at 0x7f3b824fd370>,73,2,[ 5 10],74,264,266,190,238
1,<environment.Job instance at 0x7f3b8252b5f0>,74,13,[3 6],75,247,260,172,240
1,<environment.Job instance at 0x7f3b8252bdc0>,75,17,[4 6],76,266,283,190,255
1,<environment.Job instance at 0x7f3b8252bf00>,82,1,[10  4],83,283,284,200,270
1,<environment.Job instance at 0x7f3b8252beb0>,83,1,[6 5],84,284,285,200,270
1,<environment.Job instance at 0x7f3b8252be10>,84,15,[6 1],85,285,300,200,271
1,<environment.Job instance at 0x7f3b8252bf50>,85,17,[2 7],86,285,302,199,278
1,<environment.Job instance at 0x7f3b8252bb90>,86,17,[5 2],87,300,317,213,289
1,<environment.Job instance at 0x7f3b824fdaf0>,70,14,[5 7],71,302,316,231,291
1,<environment.Job instance at 0x7f3b825000a0>,63,18,[10  5],64,326,344,262,326
1,<environment.Job instance at 0x7fb3402cbe10>,5,2,[1 6],6,6,8,0,6
1,<environment.Job instance at 0x7fb33ae78280>,4,13,[3 6],5,8,21,3,7
1,<environment.Job instance at 0x7fb33ae78690>,7,14,[7 5],8,21,35,13,8
1,<environment.Job instance at 0x7fb33ae78960>,11,3,[4 9],12,35,38,23,20
1,<environment.Job instance at 0x7fb33ae78c30>,15,3,[2 8],16,38,41,22,25
1,<environment.Job instance at 0x7fb33ae78730>,9,12,[8 2],10,38,50,28,25
1,<environment.Job instance at 0x7fb33ae7b0a0>,22,12,[3 8],23,54,66,31,54
1,<environment.Job instance at 0x7fb33ae7b1e0>,23,16,[6 2],24,61,77,37,61
1,<environment.Job instance at 0x7fb33ae7b280>,24,2,[4 6],25,66,68,41,61
1,<environment.Job instance at 0x7fb33ae7b7d0>,26,12,[8 5],27,77,89,50,61
1,<environment.Job instance at 0x7fb33ae78f00>,20,3,[10  5],21,89,92,68,66
1,<environment.Job instance at 0x7fb33ae7b9b0>,29,2,[4 7],30,71,73,41,71
1,<environment.Job instance at 0x7fb33ae7bcd0>,34,14,[1 9],35,99,113,64,99
1,<environment.Job instance at 0x7fb33ae7be10>,36,2,[7 5],37,113,115,76,100
1,<environment.Job instance at 0x7fb33ae7beb0>,37,14,[5 8],38,115,129,77,100
1,<environment.Job instance at 0x7fb33ae7bf50>,38,2,[6 1],39,101,103,62,101
1,<environment.Job instance at 0x7fb33ae7d2d0>,43,12,[4 5],44,129,141,85,125
1,<environment.Job instance at 0x7fb33ae7d370>,44,3,[5 1],45,125,128,80,125
1,<environment.Job instance at 0x7fb33ae7d410>,45,15,[7 5],46,141,156,95,127
1,<environment.Job instance at 0x7fb33ae7d550>,46,2,[3 5],47,129,131,82,127
1,<environment.Job instance at 0x7fb33ae7d3c0>,48,12,[9 2],49,156,168,107,139
1,<environment.Job instance at 0x7fb33ae7d7d0>,50,2,[5 6],51,168,170,117,141
1,<environment.Job instance at 0x7fb33ae7d8c0>,53,3,[2 9],54,170,173,116,144
1,<environment.Job instance at 0x7fb33ae7d460>,47,13,[ 3 10],48,173,186,125,157
1,<environment.Job instance at 0x7fb33ae7f4b0>,62,14,[4 9],63,186,200,123,172
1,<environment.Job instance at 0x7fb33ae7f870>,67,16,[1 9],68,200,216,132,187
1,<environment.Job instance at 0x7fb33ae7fe60>,76,13,[10  1],77,216,229,139,200
1,<environment.Job instance at 0x7fb33ae7ffa0>,77,16,[8 1],78,200,216,122,200
1,<environment.Job instance at 0x7fb33ae82410>,81,14,[8 5],82,229,243,147,214
1,<environment.Job instance at 0x7fb33ae82370>,83,18,[ 3 10],84,243,261,159,232
1,<environment.Job instance at 0x7fb33ae78a50>,13,18,[5 9],14,261,279,247,250
1,<environment.Job instance at 0x7fb33ae82960>,92,12,[5 5],93,279,291,186,266
1,<environment.Job instance at 0x7fb33ae82d70>,95,3,[8 5],96,291,294,195,266
1,<environment.Job instance at 0x7fb33ae82eb0>,97,2,[6 2],98,294,296,196,279
1,<environment.Job instance at 0x7fb33ae82f50>,98,1,[2 9],99,296,297,197,279
1,<environment.Job instance at 0x7fb33ae90dc0>,0,2,[5 9],1,4,6,3,4
1,<environment.Job instance at 0x7fb3403eeb90>,5,16,[7 5],6,7,23,1,7
1,<environment.Job instance at 0x7fb33ae90cd0>,1,15,[2 7],2,23,38,21,9
1,<environment.Job instance at 0x7fb3403f5aa0>,8,3,[5 5],9,38,41,29,12
1,<environment.Job instance at 0x7fb3402b2eb0>,13,17,[5 1],14,23,40,9,14
1,<environment.Job instance at 0x7fb3402aff00>,15,2,[1 6],16,41,43,25,16
1,<environment.Job instance at 0x7fb3402afd70>,18,16,[5 2],19,40,56,21,39
1,<environment.Job instance at 0x7fb3403ee820>,2,13,[9 4],3,56,69,53,40
1,<environment.Job instance at 0x7fb3402af870>,23,3,[10  1],24,69,72,45,43
1,<environment.Job instance at 0x7fb3403fa730>,29,13,[5 5],30,43,56,13,43
1,<environment.Job instance at 0x7fb3403fa780>,33,2,[ 5 10],34,72,74,38,58
1,<environment.Job instance at 0x7fb3402af320>,16,12,[8 4],17,74,86,57,58
1,<environment.Job instance at 0x7fb3403fa2d0>,34,12,[5 4],35,86,98,51,86
1,<environment.Job instance at 0x7fb3403f7870>,39,1,[5 5],40,86,87,46,86
1,<environment.Job instance at 0x7fb340401280>,41,14,[ 3 10],42,98,112,56,86
1,<environment.Job instance at 0x7fb3403fbe60>,47,2,[3 8],48,112,114,64,92
1,<environment.Job instance at 0x7fb3403fb550>,48,3,[4 8],49,114,117,65,92
1,<environment.Job instance at 0x7fb3403fbbe0>,50,12,[5 1],51,112,124,61,99
1,<environment.Job instance at 0x7fb3403fb690>,52,1,[9 2],53,124,125,71,108
1,<environment.Job instance at 0x7fb3403fbeb0>,54,1,[8 3],55,125,126,70,109
1,<environment.Job instance at 0x7fb3403fb410>,46,13,[10  5],47,126,139,79,110
1,<environment.Job instance at 0x7fb3403f36e0>,59,2,[ 4 10],60,139,141,79,118
1,<environment.Job instance at 0x7fb3403f33c0>,56,12,[1 6],57,141,153,84,132
1,<environment.Job instance at 0x7fb3403edfa0>,63,2,[9 4],64,141,143,77,132
1,<environment.Job instance at 0x7fb3403edc80>,65,2,[5 6],66,153,155,87,132
1,<environment.Job instance at 0x7fb3403ed690>,64,14,[10  5],65,155,169,90,140
1,<environment.Job instance at 0x7fb34030e780>,70,17,[4 7],71,169,186,98,157
1,<environment.Job instance at 0x7fb340400550>,75,17,[5 1],76,169,186,93,166
1,<environment.Job instance at 0x7fb340400730>,76,3,[10  3],77,186,189,109,166
1,<environment.Job instance at 0x7fb340400eb0>,78,2,[5 7],79,189,191,110,169
1,<environment.Job instance at 0x7fb3404004b0>,79,2,[10  2],80,191,193,111,169
1,<environment.Job instance at 0x7fb340400460>,80,17,[3 5],81,193,210,112,182
1,<environment.Job instance at 0x7fb340400f00>,81,18,[6 2],82,193,211,111,185
1,<environment.Job instance at 0x7fb3402b1050>,87,13,[9 5],88,211,224,123,196
1,<environment.Job instance at 0x7fb3402b1190>,89,1,[5 3],90,224,225,134,197
1,<environment.Job instance at 0x7fb3402b1e60>,91,3,[9 5],92,225,228,133,204
1,<environment.Job instance at 0x7fb3402b1500>,93,12,[1 9],94,228,240,134,212
1,<environment.Job instance at 0x7fb3402b1320>,95,15,[5 3],96,240,255,144,226
1,<environment.Job instance at 0x7fb3402b1b90>,96,3,[7 5],97,255,258,158,229
1,<environment.Job instance at 0x7fb3403f3be0>,55,17,[10  4],56,263,280,207,263
1,<environment.Job instance at 0x7fb2f51e5a50>,4,3,[5 6],5,5,8,0,5
1,<environment.Job instance at 0x7fb2f51e51e0>,7,2,[10  3],8,15,17,7,15
1,<environment.Job instance at 0x7fb2f50d1320>,9,15,[5 5],10,17,32,7,15
1,<environment.Job instance at 0x7fb2f50d15a0>,12,13,[2 5],13,18,31,5,18
1,<environment.Job instance at 0x7fb2f52130a0>,14,16,[5 6],15,32,48,17,19
1,<environment.Job instance at 0x7fb3403f3370>,1,14,[ 1 10],2,48,62,46,39
1,<environment.Job instance at 0x7fb33b394870>,23,18,[5 1],24,62,80,38,52
1,<environment.Job instance at 0x7fb2f51e5690>,11,17,[3 6],12,62,79,50,52
1,<environment.Job instance at 0x7fb33acfca50>,27,12,[4 8],28,79,91,51,64
1,<environment.Job instance at 0x7fb33accdd20>,29,13,[4 5],30,91,104,61,77
1,<environment.Job instance at 0x7fb2f50c8f50>,38,13,[2 7],39,104,117,65,99
1,<environment.Job instance at 0x7fb2f50c8960>,41,13,[8 1],42,104,117,62,100
1,<environment.Job instance at 0x7fb2f50c8a50>,42,12,[ 5 10],43,117,129,74,100
1,<environment.Job instance at 0x7fb2f50c8870>,44,13,[4 5],45,129,142,84,114
1,<environment.Job instance at 0x7fb2f50c8410>,48,3,[5 1],49,129,132,80,124
1,<environment.Job instance at 0x7fb33ac450f0>,50,13,[3 5],51,132,145,81,124
1,<environment.Job instance at 0x7fb33ac45af0>,51,16,[5 8],52,145,161,93,133
1,<environment.Job instance at 0x7fb2f51f5230>,53,1,[9 5],54,161,162,107,133
1,<environment.Job instance at 0x7fb2f5119f50>,57,14,[10  5],58,162,176,104,148
1,<environment.Job instance at 0x7fb33b0d70f0>,66,15,[6 5],67,176,191,109,162
1,<environment.Job instance at 0x7fb33abdf870>,68,17,[1 5],69,176,193,107,164
1,<environment.Job instance at 0x7fb2f51fb910>,65,18,[ 1 10],66,193,211,127,182
1,<environment.Job instance at 0x7fb33ac34500>,74,3,[7 5],75,211,214,136,189
1,<environment.Job instance at 0x7fb33aff8a50>,76,17,[8 4],77,214,231,137,203
1,<environment.Job instance at 0x7fb2f50fe140>,80,15,[5 8],81,231,246,150,217
1,<environment.Job instance at 0x7fb2f50febe0>,83,2,[7 3],84,246,248,162,221
1,<environment.Job instance at 0x7fb33abdfe10>,70,18,[5 8],71,248,266,177,237
1,<environment.Job instance at 0x7fb2f50fe500>,91,3,[9 4],92,266,269,174,251
1,<environment.Job instance at 0x7fb2f50fe190>,92,2,[2 9],93,269,271,176,251
1,<environment.Job instance at 0x7fb2f51ad370>,93,15,[7 2],94,271,286,177,257
1,<environment.Job instance at 0x7fb2f51ade60>,96,13,[8 2],97,286,299,189,270
1,<environment.Job instance at 0x7fb2f544ae60>,3,17,[7 4],4,6,23,2,6
1,<environment.Job instance at 0x7fb33b06e910>,6,3,[4 5],7,23,26,16,7
1,<environment.Job instance at 0x7fb33dba35a0>,9,12,[6 3],10,23,35,13,11
1,<environment.Job instance at 0x7fb33db67eb0>,11,3,[9 4],12,35,38,23,12
1,<environment.Job instance at 0x7fb33af88c80>,12,2,[6 5],13,38,40,25,15
1,<environment.Job instance at 0x7fb2f50c7dc0>,14,15,[2 6],15,40,55,25,26
1,<environment.Job instance at 0x7fb2f50c75a0>,16,1,[9 2],17,55,56,38,27
1,<environment.Job instance at 0x7fb2f50c7500>,17,2,[1 8],18,55,57,37,28
1,<environment.Job instance at 0x7fb2f50c7910>,15,16,[7 5],16,57,73,41,45
1,<environment.Job instance at 0x7fb33b376a00>,21,2,[9 2],22,73,75,51,57
1,<environment.Job instance at 0x7fb33afe29b0>,20,16,[8 3],21,75,91,54,62
1,<environment.Job instance at 0x7fb2f512b960>,4,17,[2 6],5,5,22,0,5
1,<environment.Job instance at 0x7fb2f54e9fa0>,8,16,[9 2],9,22,38,13,11
1,<environment.Job instance at 0x7fb2f581c370>,9,1,[8 5],10,38,39,28,12
1,<environment.Job instance at 0x7fb33d9592d0>,12,2,[2 7],13,39,41,26,13
1,<environment.Job instance at 0x7fb33ac704b0>,13,1,[8 3],14,14,15,0,14
1,<environment.Job instance at 0x7fb33ac708c0>,15,14,[6 1],16,39,53,23,24
1,<environment.Job instance at 0x7fb33ac8d780>,19,3,[2 7],20,41,44,21,24
1,<environment.Job instance at 0x7fb33af87c80>,3,18,[1 6],4,44,62,40,35
1,<environment.Job instance at 0x7fb33ac8d640>,21,3,[3 8],22,62,65,40,36
1,<environment.Job instance at 0x7fb33ac8d4b0>,25,13,[7 4],26,65,78,39,49
1,<environment.Job instance at 0x7fb33ac8d0a0>,24,14,[3 6],25,67,81,42,67
1,<environment.Job instance at 0x7fb33ac8d280>,20,12,[10  5],21,83,95,62,83
1,<environment.Job instance at 0x7fb33ac7f050>,36,14,[9 4],37,140,154,103,140
1,<environment.Job instance at 0x7fb33ac7fa00>,37,1,[7 2],38,154,155,116,140
1,<environment.Job instance at 0x7fb33ac7fb40>,38,14,[8 2],39,155,169,116,141
1,<environment.Job instance at 0x7fb33ac7f500>,45,3,[8 5],46,184,187,138,184
1,<environment.Job instance at 0x7fb33ac82910>,46,14,[2 5],47,185,199,138,185
1,<environment.Job instance at 0x7fb33ac827d0>,47,1,[4 6],48,199,200,151,185
1,<environment.Job instance at 0x7fb33ac82dc0>,50,13,[5 5],51,200,213,149,186
1,<environment.Job instance at 0x7fb33ac82aa0>,51,17,[7 5],52,213,230,161,204
1,<environment.Job instance at 0x7fb33ac82410>,53,3,[10  3],54,230,233,176,204
1,<environment.Job instance at 0x7fb33ac84eb0>,55,14,[3 8],56,240,254,184,240
1,<environment.Job instance at 0x7fb33ad39960>,3,16,[6 5],4,4,20,0,4
1,<environment.Job instance at 0x7fb33ad393c0>,5,2,[9 1],6,20,22,14,6
1,<environment.Job instance at 0x7fb33ad39f50>,8,1,[9 2],9,28,29,19,28
1,<environment.Job instance at 0x7fb33b2dbd70>,0,1,[4 8],1,29,30,28,28
1,<environment.Job instance at 0x7fb33ad394b0>,11,15,[8 1],12,30,45,18,28
1,<environment.Job instance at 0x7fb33ad39cd0>,12,13,[1 5],13,30,43,17,29
1,<environment.Job instance at 0x7fb33ad39c80>,13,2,[5 9],14,45,47,31,29
1,<environment.Job instance at 0x7fb33ad39410>,15,3,[4 6],16,47,50,31,29
1,<environment.Job instance at 0x7fb33d8f91e0>,18,13,[9 1],19,50,63,31,35
1,<environment.Job instance at 0x7fb33d8f9960>,20,3,[2 9],21,63,66,42,37
1,<environment.Job instance at 0x7fb33ad39910>,9,18,[5 8],10,66,84,56,56
1,<environment.Job instance at 0x7fb33d8f9a00>,28,15,[2 8],29,84,99,55,73
1,<environment.Job instance at 0x7fb33d9afa50>,32,17,[8 1],33,84,101,51,79
1,<environment.Job instance at 0x7fb33d9af640>,29,18,[1 7],30,99,117,69,88
1,<environment.Job instance at 0x7fb33d9af5a0>,36,3,[6 3],37,101,104,64,88
1,<environment.Job instance at 0x7fb33ad2a280>,41,12,[1 6],42,117,129,75,111
1,<environment.Job instance at 0x7fb33ad2a410>,43,3,[5 7],44,129,132,85,112
1,<environment.Job instance at 0x7fb33d8f9be0>,21,14,[9 2],22,132,146,110,120
1,<environment.Job instance at 0x7fb33ad2a0f0>,48,16,[1 7],49,132,148,83,123
1,<environment.Job instance at 0x7fb33ad2a7d0>,46,18,[9 3],47,146,164,99,137
1,<environment.Job instance at 0x7fb33ad2a1e0>,52,3,[6 5],53,164,167,111,138
1,<environment.Job instance at 0x7fb33ad2a690>,53,17,[4 7],54,167,184,113,155
1,<environment.Job instance at 0x7fb33ad2aaf0>,55,15,[5 9],56,184,199,128,173
1,<environment.Job instance at 0x7fb2f5530820>,64,16,[1 5],65,199,215,134,186
1,<environment.Job instance at 0x7fb33ad2a0a0>,49,18,[8 2],50,199,217,149,190
1,<environment.Job instance at 0x7fb2f55309b0>,68,13,[5 5],69,217,230,148,201
1,<environment.Job instance at 0x7fb33b02d460>,73,14,[6 5],74,230,244,156,216
1,<environment.Job instance at 0x7fb33d824c80>,74,12,[9 3],75,244,256,169,230
1,<environment.Job instance at 0x7fb33d8ac140>,80,17,[5 6],81,256,273,175,255
1,<environment.Job instance at 0x7fb33d567be0>,84,1,[3 5],85,273,274,188,255
1,<environment.Job instance at 0x7fb33d567550>,86,15,[10  2],87,274,289,187,265
1,<environment.Job instance at 0x7fb33d8f9dc0>,16,18,[ 5 10],17,289,307,272,280
1,<environment.Job instance at 0x7fb33b2c7eb0>,89,13,[4 7],90,307,320,217,291
1,<environment.Job instance at 0x7fb33d4d2aa0>,2,14,[5 1],3,6,20,3,6
1,<environment.Job instance at 0x7fb2f55323c0>,6,14,[8 4],7,20,34,13,7
1,<environment.Job instance at 0x7fb33da2e690>,9,3,[3 7],10,10,13,0,10
1,<environment.Job instance at 0x7fb33d3c8550>,8,3,[ 1 10],9,34,37,25,14
1,<environment.Job instance at 0x7fb33da2e5f0>,11,2,[5 5],12,15,17,3,15
1,<environment.Job instance at 0x7fb33da2e050>,13,1,[5 5],14,17,18,3,15
1,<environment.Job instance at 0x7fb33da2e0a0>,12,18,[6 2],13,37,55,24,26
1,<environment.Job instance at 0x7fb2f5588410>,18,13,[1 5],19,37,50,18,36
1,<environment.Job instance at 0x7fb2f55c6410>,19,1,[2 8],20,50,51,30,36
1,<environment.Job instance at 0x7fb2f55c6dc0>,21,14,[3 6],22,51,65,29,36
1,<environment.Job instance at 0x7fb33d442d70>,14,18,[6 2],15,58,76,43,58
1,<environment.Job instance at 0x7fb2f570daa0>,25,16,[9 2],26,76,92,50,64
1,<environment.Job instance at 0x7fb2f57aad20>,32,3,[9 5],33,92,95,59,80
1,<environment.Job instance at 0x7fb2f54c0eb0>,33,3,[1 8],34,80,83,46,80
1,<environment.Job instance at 0x7fb2f54c00a0>,34,2,[9 2],35,95,97,60,80
1,<environment.Job instance at 0x7fb2f54c05f0>,35,15,[6 2],36,97,112,61,83
1,<environment.Job instance at 0x7fb33af86410>,39,17,[6 2],40,112,129,72,101
1,<environment.Job instance at 0x7fb33af86aa0>,42,12,[6 2],43,129,141,86,119
1,<environment.Job instance at 0x7fb33af86910>,43,1,[1 5],44,119,120,75,119
1,<environment.Job instance at 0x7fb33af86460>,45,16,[6 2],46,141,157,95,128
1,<environment.Job instance at 0x7fb33b199780>,26,15,[10  3],27,162,177,135,162
1,<environment.Job instance at 0x7fb33d5d05a0>,49,16,[7 4],50,177,193,127,177
1,<environment.Job instance at 0x7fb33d5d05a0>,4,1,[2 5],5,5,6,0,5
1,<environment.Job instance at 0x7fb2f54af820>,5,1,[7 2],6,6,7,0,6
1,<environment.Job instance at 0x7fb2f54afd70>,9,1,[ 2 10],10,10,11,0,10
1,<environment.Job instance at 0x7fb2f54affa0>,11,3,[3 5],12,12,15,0,12
1,<environment.Job instance at 0x7fb2f54afc80>,12,12,[4 7],13,15,27,2,13
1,<environment.Job instance at 0x7fb2f548e1e0>,13,15,[6 2],14,14,29,0,14
1,<environment.Job instance at 0x7fb2f548e230>,14,1,[6 4],15,29,30,14,15
1,<environment.Job instance at 0x7fb2f548e5f0>,18,12,[7 5],19,30,42,11,19
1,<environment.Job instance at 0x7fb2f548e870>,19,2,[4 7],20,27,29,7,20
1,<environment.Job instance at 0x7fb2f548e960>,20,12,[2 5],21,29,41,8,21
1,<environment.Job instance at 0x7fb2f548ec80>,22,1,[5 3],23,42,43,19,24
1,<environment.Job instance at 0x7fb33add18c0>,3,18,[6 4],4,43,61,39,32
1,<environment.Job instance at 0x7fb2f548e780>,17,14,[1 9],18,61,75,43,46
1,<environment.Job instance at 0x7fb2f548f640>,33,12,[9 3],34,75,87,41,58
1,<environment.Job instance at 0x7fb2f548f5a0>,34,12,[1 5],35,75,87,40,59
1,<environment.Job instance at 0x7fb2f548f8c0>,36,12,[6 4],37,87,99,50,70
1,<environment.Job instance at 0x7fb2f548f960>,40,16,[9 4],41,99,115,58,86
1,<environment.Job instance at 0x7fb2f548ee60>,27,17,[5 7],28,115,132,87,104
1,<environment.Job instance at 0x7fb2f54a80f0>,49,14,[9 4],50,132,146,82,118
1,<environment.Job instance at 0x7fb2f54a8730>,53,3,[ 1 10],54,146,149,92,127
1,<environment.Job instance at 0x7fb2f54a85a0>,55,2,[ 2 10],56,149,151,93,127
1,<environment.Job instance at 0x7fb2f54a8230>,51,18,[4 8],52,151,169,99,140
1,<environment.Job instance at 0x7fb2f54a8c30>,59,14,[4 7],60,169,183,109,154
1,<environment.Job instance at 0x7fb2f54a8e60>,61,17,[10  5],62,183,200,121,176
1,<environment.Job instance at 0x7fb2f54a8fa0>,64,3,[9 2],65,200,203,135,184
1,<environment.Job instance at 0x7fb2f54a8e10>,65,3,[8 2],66,203,206,137,184
1,<environment.Job instance at 0x7fb2f548b050>,66,13,[8 5],67,206,219,139,191
1,<environment.Job instance at 0x7fb2f548b230>,69,18,[5 2],70,219,237,149,208
1,<environment.Job instance at 0x7fb2f548b730>,74,12,[3 7],75,219,231,144,208
1,<environment.Job instance at 0x7fb2f548b910>,77,16,[2 7],78,231,247,153,218
1,<environment.Job instance at 0x7fb2f548baf0>,79,14,[7 2],80,237,251,157,222
1,<environment.Job instance at 0x7fb2f548bb90>,81,14,[1 7],82,247,261,165,232
1,<environment.Job instance at 0x7fb2f54962d0>,87,3,[4 6],88,262,265,174,262
1,<environment.Job instance at 0x7fb2f54960f0>,88,16,[8 4],89,265,281,176,262
1,<environment.Job instance at 0x7fb2f5496280>,89,1,[5 6],90,281,282,191,262
1,<environment.Job instance at 0x7fb2f54968c0>,92,1,[6 5],93,282,283,189,279
1,<environment.Job instance at 0x7fb2f54a87d0>,56,17,[2 9],57,283,300,226,279
1,<environment.Job instance at 0x7fb2f54969b0>,96,12,[5 9],97,300,312,203,287
1,<environment.Job instance at 0x7fb2f5496af0>,98,1,[6 4],99,312,313,213,301
1,<environment.Job instance at 0x7fb2f5496870>,93,18,[ 2 10],94,313,331,219,304
1,<environment.Job instance at 0x7fb2f5285460>,2,2,[10  4],3,3,5,0,3
1,<environment.Job instance at 0x7fb2f5285500>,6,2,[5 7],7,7,9,0,7
1,<environment.Job instance at 0x7fb2f52852d0>,0,15,[3 8],1,9,24,8,7
1,<environment.Job instance at 0x7fb2f5285550>,7,1,[2 8],8,24,25,16,8
1,<environment.Job instance at 0x7fb2f5285c80>,8,2,[6 4],9,25,27,16,9
1,<environment.Job instance at 0x7fb2f52854b0>,10,12,[3 6],11,25,37,14,12
1,<environment.Job instance at 0x7fb2f5651d20>,11,2,[3 5],12,37,39,25,15
1,<environment.Job instance at 0x7fb2f5651b40>,12,1,[5 5],13,37,38,24,15
1,<environment.Job instance at 0x7fb33adde4b0>,16,15,[3 6],17,39,54,22,28
1,<environment.Job instance at 0x7fb2f5651320>,19,1,[6 2],20,31,32,11,31
1,<environment.Job instance at 0x7fb33d9a3b90>,20,15,[6 3],21,38,53,17,31
1,<environment.Job instance at 0x7fb2f5815fa0>,1,12,[3 9],2,54,66,52,37
1,<environment.Job instance at 0x7fb2f56294b0>,26,15,[5 1],27,53,68,26,45
1,<environment.Job instance at 0x7fb33b36a910>,27,3,[3 8],28,66,69,38,45
1,<environment.Job instance at 0x7fb33b36a370>,28,12,[1 8],29,69,81,40,53
1,<environment.Job instance at 0x7fb2f561c870>,31,15,[6 3],32,81,96,49,68
1,<environment.Job instance at 0x7fb33b3283c0>,33,13,[5 2],34,68,81,34,68
1,<environment.Job instance at 0x7fb33d776e10>,17,17,[2 7],18,81,98,63,69
1,<environment.Job instance at 0x7fb2f515ed20>,36,13,[6 5],37,98,111,61,83
1,<environment.Job instance at 0x7fb33b276f00>,38,12,[5 5],39,111,123,72,98
1,<environment.Job instance at 0x7fb33b2768c0>,39,18,[7 4],40,123,141,83,112
1,<environment.Job instance at 0x7fb33b1cfaf0>,47,2,[4 6],48,141,143,93,114
1,<environment.Job instance at 0x7fb33b1cfd70>,50,17,[5 8],51,143,160,92,131
1,<environment.Job instance at 0x7fb2f5336e10>,52,2,[5 1],53,141,143,88,132
1,<environment.Job instance at 0x7fb2f539c870>,54,16,[2 7],55,160,176,105,147
1,<environment.Job instance at 0x7fb34000e8c0>,56,14,[10  1],57,176,190,119,161
1,<environment.Job instance at 0x7fb34000e960>,60,18,[5 6],61,190,208,129,180
1,<environment.Job instance at 0x7fb34000e550>,62,2,[5 2],63,193,195,130,193
1,<environment.Job instance at 0x7fb34000ea50>,63,3,[10  2],64,208,211,144,193
1,<environment.Job instance at 0x7fb33d5915a0>,66,13,[9 1],67,211,224,144,195
1,<environment.Job instance at 0x7fb33b0e65f0>,1,1,[3 5],2,3,4,1,3
1,<environment.Job instance at 0x7fb33b0e6320>,2,3,[7 4],3,4,7,1,4
1,<environment.Job instance at 0x7fb33d6538c0>,4,1,[6 4],5,7,8,2,6
1,<environment.Job instance at 0x7fb2f552f410>,8,13,[5 5],9,9,22,0,9
1,<environment.Job instance at 0x7fb33acfab40>,7,13,[5 8],8,22,35,14,10
1,<environment.Job instance at 0x7fb33db2f640>,10,14,[6 3],11,35,49,24,23
1,<environment.Job instance at 0x7fb2f5629cd0>,16,1,[1 6],17,35,36,18,32
1,<environment.Job instance at 0x7fb33b002050>,19,17,[1 5],20,59,76,39,59
1,<environment.Job instance at 0x7fb33b002550>,20,13,[3 8],21,76,89,55,60
1,<environment.Job instance at 0x7fb2f51cdfa0>,23,16,[5 2],24,65,81,41,65
1,<environment.Job instance at 0x7fb2f51cd140>,25,13,[10  5],26,89,102,63,73
1,<environment.Job instance at 0x7fb33db2f3c0>,12,15,[3 9],13,102,117,89,88
1,<environment.Job instance at 0x7fb2f54b8eb0>,34,18,[5 2],35,117,135,82,106
1,<environment.Job instance at 0x7fb2f57146e0>,36,12,[9 5],37,135,147,98,118
1,<environment.Job instance at 0x7fb33db2fa50>,9,17,[ 2 10],10,147,164,137,140
1,<environment.Job instance at 0x7fb2f5719c80>,42,12,[5 2],43,164,176,121,148
1,<environment.Job instance at 0x7fb33b0e6f50>,0,16,[ 2 10],1,185,201,184,185
1,<environment.Job instance at 0x7fb33b222dc0>,5,17,[6 4],6,9,26,3,9
1,<environment.Job instance at 0x7fb2f53515a0>,9,13,[8 4],10,26,39,16,11
1,<environment.Job instance at 0x7fb2f5351910>,12,1,[4 8],13,39,40,26,27
1,<environment.Job instance at 0x7fb2f5351a00>,14,16,[2 5],15,54,70,39,54
1,<environment.Job instance at 0x7fb2f5351b40>,16,3,[3 9],17,70,73,53,54
1,<environment.Job instance at 0x7fb2f5351be0>,17,3,[5 6],18,73,76,55,54
1,<environment.Job instance at 0x7fb2f5351d20>,19,13,[7 1],20,59,72,39,59
1,<environment.Job instance at 0x7fb2f5351dc0>,20,3,[10  2],21,76,79,55,59
1,<environment.Job instance at 0x7fb2f5351e60>,21,1,[2 8],22,79,80,57,59
1,<environment.Job instance at 0x7fb2f5351320>,6,17,[1 6],7,80,97,73,68
1,<environment.Job instance at 0x7fb2f5351c80>,18,17,[5 3],19,80,97,61,69
1,<environment.Job instance at 0x7fb2f5351fa0>,22,14,[3 8],23,97,111,74,82
1,<environment.Job instance at 0x7fb2f5351f50>,23,16,[7 2],24,97,113,73,93
1,<environment.Job instance at 0x7fb2f535b0a0>,27,18,[2 6],28,111,129,83,100
1,<environment.Job instance at 0x7fb2f535b370>,30,13,[7 1],31,113,126,82,100
1,<environment.Job instance at 0x7fb2f535b870>,37,13,[5 1],38,126,139,88,111
1,<environment.Job instance at 0x7fb2f535b9b0>,39,13,[5 8],40,129,142,89,113
1,<environment.Job instance at 0x7fb2f535bb90>,42,14,[4 6],43,142,156,99,131
1,<environment.Job instance at 0x7fb2f535bd70>,45,14,[5 9],46,156,170,110,141
1,<environment.Job instance at 0x7fb2f535beb0>,47,3,[3 6],48,170,173,122,144
1,<environment.Job instance at 0x7fb2f535bf50>,48,2,[7 4],49,170,172,121,144
1,<environment.Job instance at 0x7fb2f537c190>,51,12,[3 8],52,173,185,121,156
1,<environment.Job instance at 0x7fb2f537c690>,56,14,[5 7],57,185,199,128,170
1,<environment.Job instance at 0x7fb2f537ceb0>,62,3,[8 4],63,199,202,136,188
1,<environment.Job instance at 0x7fb2f537ce60>,63,18,[5 3],64,202,220,138,191
1,<environment.Job instance at 0x7fb2f537cd20>,64,3,[3 5],65,202,205,137,191
1,<environment.Job instance at 0x7fb2f537a0f0>,65,2,[8 3],66,220,222,154,193
1,<environment.Job instance at 0x7fb2f537a500>,68,13,[2 9],69,222,235,153,207
1,<environment.Job instance at 0x7fb2f537aa00>,72,3,[2 9],73,235,238,162,211
1,<environment.Job instance at 0x7fb2f537ab40>,74,17,[5 1],75,222,239,147,218
1,<environment.Job instance at 0x7fb2f537adc0>,78,12,[5 5],79,238,250,159,225
1,<environment.Job instance at 0x7fb2f537af00>,80,17,[7 1],81,250,267,169,238
1,<environment.Job instance at 0x7fb2f537a820>,82,15,[3 6],83,250,265,167,241
1,<environment.Job instance at 0x7fb2f53643c0>,85,18,[8 2],86,267,285,181,256
1,<environment.Job instance at 0x7fb2f5364640>,89,1,[10  3],90,285,286,195,262
1,<environment.Job instance at 0x7fb2f53646e0>,90,1,[3 6],91,265,266,174,262
1,<environment.Job instance at 0x7fb2f5364190>,92,13,[9 3],93,286,299,193,270
1,<environment.Job instance at 0x7fb2f53648c0>,2,3,[2 8],3,3,6,0,3
1,<environment.Job instance at 0x7fb33ac28410>,3,2,[6 4],4,6,8,2,4
1,<environment.Job instance at 0x7fb33ac28a50>,4,1,[7 5],5,8,9,3,5
1,<environment.Job instance at 0x7fb33ac28640>,7,3,[8 1],8,9,12,1,9
1,<environment.Job instance at 0x7fb33db8ebe0>,9,18,[8 2],10,12,30,2,12
1,<environment.Job instance at 0x7fb2f5504c80>,13,14,[5 7],14,30,44,16,16
1,<environment.Job instance at 0x7fb2f52e0eb0>,17,12,[9 1],18,44,56,26,29
1,<environment.Job instance at 0x7fb2f52e0960>,20,15,[5 8],21,56,71,35,42
1,<environment.Job instance at 0x7fb2f52e0be0>,15,18,[9 1],16,71,89,55,60
1,<environment.Job instance at 0x7fb33ae62050>,35,15,[9 4],36,89,104,53,76
1,<environment.Job instance at 0x7fb33ae62d20>,39,3,[1 9],40,79,82,39,79
1,<environment.Job instance at 0x7fb33ae62cd0>,36,15,[4 7],37,104,119,67,90
1,<environment.Job instance at 0x7fb3402cb640>,48,16,[6 5],49,119,135,70,106
1,<environment.Job instance at 0x7fb33b0c1eb0>,51,14,[1 5],52,119,133,67,119
1,<environment.Job instance at 0x7fb33b0c1b90>,50,15,[7 2],51,135,150,84,121
1,<environment.Job instance at 0x7fb33db8ec80>,10,18,[2 8],11,135,153,124,124
1,<environment.Job instance at 0x7fb33b0c1500>,53,14,[4 9],54,153,167,99,138
1,<environment.Job instance at 0x7fb33b2f3320>,60,16,[3 7],61,167,183,106,154
1,<environment.Job instance at 0x7fb33b2f3aa0>,62,14,[5 7],63,183,197,120,168
1,<environment.Job instance at 0x7fb2f550cb40>,69,2,[4 6],70,197,199,127,186
1,<environment.Job instance at 0x7fb2f550ca50>,70,2,[5 8],71,199,201,128,186
1,<environment.Job instance at 0x7fb2f550ceb0>,71,3,[6 5],72,201,204,129,186
1,<environment.Job instance at 0x7fb2f550c4b0>,72,14,[4 9],73,204,218,131,189
1,<environment.Job instance at 0x7fb2f550c4b0>,2,3,[7 5],3,4,7,1,4
1,<environment.Job instance at 0x7fb33d93f140>,3,3,[10  4],4,7,10,3,4
1,<environment.Job instance at 0x7fb33d93fa50>,6,2,[1 9],7,10,12,3,8
1,<environment.Job instance at 0x7fb33d93f870>,7,13,[ 5 10],8,12,25,4,8
1,<environment.Job instance at 0x7fb33d93f960>,9,3,[ 4 10],10,25,28,15,11
1,<environment.Job instance at 0x7fb33d93f3c0>,5,18,[6 2],6,28,46,22,17
1,<environment.Job instance at 0x7fb33d4fc820>,14,13,[4 6],15,28,41,13,17
1,<environment.Job instance at 0x7fb33d93f370>,8,13,[ 5 10],9,46,59,37,32
1,<environment.Job instance at 0x7fb33d4fc5f0>,16,13,[5 6],17,59,72,42,43
1,<environment.Job instance at 0x7fb33d4fc9b0>,24,1,[6 2],25,72,73,47,48
1,<environment.Job instance at 0x7fb2f506e1e0>,26,14,[6 1],27,73,87,46,58
1,<environment.Job instance at 0x7fb2f506ed70>,27,3,[ 5 10],28,87,90,59,61
1,<environment.Job instance at 0x7fb2f506e6e0>,28,2,[3 9],29,73,75,44,61
1,<environment.Job instance at 0x7fb2f506eaa0>,30,18,[7 3],31,90,108,59,79
1,<environment.Job instance at 0x7fb2f506e820>,37,15,[6 4],38,108,123,70,94
1,<environment.Job instance at 0x7fb33d4fc410>,18,17,[10  4],19,123,140,104,111
1,<environment.Job instance at 0x7fb2f5060b90>,38,17,[3 8],39,140,157,101,128
1,<environment.Job instance at 0x7fb2f5060320>,45,16,[10  3],46,157,173,111,145
1,<environment.Job instance at 0x7fb2f50094b0>,52,13,[9 1],53,173,186,120,157
1,<environment.Job instance at 0x7fb2f5009910>,57,18,[ 3 10],58,186,204,128,176
1,<environment.Job instance at 0x7fb33d96ad20>,59,16,[8 5],60,204,220,144,191
1,<environment.Job instance at 0x7fb33ad17c30>,65,17,[9 3],66,220,237,154,208
1,<environment.Job instance at 0x7fb33ad17690>,70,2,[7 3],71,237,239,166,214
1,<environment.Job instance at 0x7fb33ad179b0>,71,12,[10  4],72,239,251,167,222
1,<environment.Job instance at 0x7fb2f550c5a0>,1,16,[2 7],2,251,267,249,238
1,<environment.Job instance at 0x7fb2f50152d0>,82,13,[7 3],83,251,264,168,240
1,<environment.Job instance at 0x7fb2f50155a0>,84,17,[5 9],85,267,284,182,255
1,<environment.Job instance at 0x7fb2f5015d70>,85,17,[5 9],86,284,301,198,277
1,<environment.Job instance at 0x7fb2f50710f0>,89,18,[9 5],90,301,319,211,290
1,<environment.Job instance at 0x7fb2f5071050>,92,18,[10  5],93,319,337,226,313
1,<environment.Job instance at 0x7fb2f5071d20>,95,16,[3 8],96,337,353,241,324
1,<environment.Job instance at 0x7fb33d8588c0>,98,12,[6 1],99,337,349,238,330
1,<environment.Job instance at 0x7fb33d971f50>,2,1,[2 7],3,3,4,0,3
1,<environment.Job instance at 0x7fb33d4fcc80>,6,14,[1 5],7,7,21,0,7
1,<environment.Job instance at 0x7fb2f4ee6500>,8,2,[10  1],9,21,23,12,9
1,<environment.Job instance at 0x7fb33d858910>,5,13,[ 3 10],6,23,36,17,12
1,<environment.Job instance at 0x7fb33ade2460>,13,18,[2 6],14,36,54,22,30
1,<environment.Job instance at 0x7fb33aef2230>,17,18,[5 2],18,36,54,18,34
1,<environment.Job instance at 0x7fb33d53c8c0>,18,17,[3 5],19,54,71,35,43
1,<environment.Job instance at 0x7fb33acf3b40>,20,14,[6 3],21,54,68,33,46
1,<environment.Job instance at 0x7fb33d594780>,21,15,[10  5],22,71,86,49,57
1,<environment.Job instance at 0x7fb33ae079b0>,25,12,[5 9],26,86,98,60,71
1,<environment.Job instance at 0x7fb33d9f0870>,36,2,[5 5],37,98,100,61,73
1,<environment.Job instance at 0x7fb33b38a2d0>,38,12,[10  2],39,100,112,61,85
1,<environment.Job instance at 0x7fb33af79550>,42,14,[ 1 10],43,112,126,69,98
1,<environment.Job instance at 0x7fb33b077820>,16,17,[1 6],17,126,143,109,114
1,<environment.Job instance at 0x7fb33d722b90>,45,15,[10  1],46,143,158,97,129
1,<environment.Job instance at 0x7fb33d827230>,54,12,[4 9],55,158,170,103,141
1,<environment.Job instance at 0x7fb2f50dd3c0>,22,18,[10  1],23,170,188,147,161
1,<environment.Job instance at 0x7fb33ac8f050>,59,18,[3 8],60,188,206,128,177
1,<environment.Job instance at 0x7fb33ac8f550>,62,15,[1 7],63,206,221,143,193
1,<environment.Job instance at 0x7fb33ac8f4b0>,63,17,[6 1],64,193,210,129,193
1,<environment.Job instance at 0x7fb33ac97050>,66,13,[8 3],67,210,223,143,195
1,<environment.Job instance at 0x7fb33ac97c80>,67,12,[ 3 10],68,223,235,155,206
1,<environment.Job instance at 0x7fb33d827550>,53,17,[ 2 10],54,235,252,181,225
1,<environment.Job instance at 0x7fb2f56c8a50>,77,2,[1 5],78,252,254,174,245
1,<environment.Job instance at 0x7fb33d569230>,33,18,[ 3 10],34,254,272,220,246
1,<environment.Job instance at 0x7fb2f4e996e0>,82,3,[5 8],83,272,275,189,264
1,<environment.Job instance at 0x7fb34018e460>,83,18,[8 1],84,275,293,191,268
1,<environment.Job instance at 0x7fb2f5574d20>,84,13,[10  5],85,336,349,251,336
1,<environment.Job instance at 0x7fb2f56f8af0>,85,12,[10  3],86,349,361,263,336
1,<environment.Job instance at 0x7fb2f5547960>,92,2,[9 4],93,361,363,268,342
1,<environment.Job instance at 0x7fb2f55474b0>,93,14,[5 6],94,363,377,269,348
1,<environment.Job instance at 0x7fb2f5547b90>,94,15,[6 4],95,377,392,282,363
1,<environment.Job instance at 0x7fb2f52e76e0>,0,2,[6 3],1,2,4,1,2
1,<environment.Job instance at 0x7fb33ac28f00>,5,2,[1 8],6,7,9,1,7
1,<environment.Job instance at 0x7fb33ac28460>,12,13,[5 2],13,17,30,4,17
1,<environment.Job instance at 0x7fb33b399b40>,13,12,[9 4],14,30,42,16,17
1,<environment.Job instance at 0x7fb33d9fec80>,15,2,[1 8],16,26,28,10,26
1,<environment.Job instance at 0x7fb33d9fe870>,16,3,[8 4],17,42,45,25,26
1,<environment.Job instance at 0x7fb33d499230>,17,1,[1 8],18,28,29,10,27
1,<environment.Job instance at 0x7fb33d3c6dc0>,20,2,[7 2],21,45,47,24,44
1,<environment.Job instance at 0x7fb33b0f6b40>,21,1,[5 7],22,47,48,25,44
1,<environment.Job instance at 0x7fb33d4e4be0>,23,1,[7 1],24,48,49,24,45
1,<environment.Job instance at 0x7fb2f5559d20>,25,1,[7 1],26,58,59,32,58
1,<environment.Job instance at 0x7fb2f5544960>,27,3,[10  2],28,81,84,53,81
1,<environment.Job instance at 0x7fb2f5544be0>,30,3,[4 8],31,84,87,53,81
1,<environment.Job instance at 0x7fb2f5559b90>,26,17,[2 7],27,87,104,60,81
1,<environment.Job instance at 0x7fb2f5544230>,35,2,[4 9],36,113,115,77,113
1,<environment.Job instance at 0x7fb2f5544370>,36,18,[7 2],37,115,133,78,113
1,<environment.Job instance at 0x7fb2f5544550>,39,18,[5 1],40,133,151,93,122
1,<environment.Job instance at 0x7fb2f57f9320>,41,1,[4 8],42,133,134,91,122
1,<environment.Job instance at 0x7fb2f57f9d70>,43,18,[6 1],44,151,169,107,140
1,<environment.Job instance at 0x7fb2f57f9cd0>,45,15,[4 9],46,142,157,96,142
1,<environment.Job instance at 0x7fb2f57f9370>,48,16,[8 5],49,169,185,120,156
1,<environment.Job instance at 0x7fb2f55ce6e0>,56,1,[1 5],57,164,165,107,164
1,<environment.Job instance at 0x7fb2f50ec2d0>,57,2,[10  1],58,185,187,127,164
1,<environment.Job instance at 0x7fb2f50ec320>,58,14,[3 7],59,187,201,128,176
1,<environment.Job instance at 0x7fb2f5488be0>,61,12,[10  5],62,201,213,139,184
1,<environment.Job instance at 0x7fb2f5488140>,63,16,[5 8],64,213,229,149,203
1,<environment.Job instance at 0x7fb2f5015d70>,69,2,[10  1],70,229,231,159,205
1,<environment.Job instance at 0x7fb2f56673c0>,74,3,[5 4],75,231,234,156,205
1,<environment.Job instance at 0x7fb2f5626fa0>,3,16,[ 3 10],4,271,287,267,271
1,<environment.Job instance at 0x7fb2f56676e0>,79,12,[ 5 10],80,287,299,207,275
1,<environment.Job instance at 0x7fb33d9d6370>,81,12,[ 4 10],82,299,311,217,294
1,<environment.Job instance at 0x7fb33d91fdc0>,83,14,[ 1 10],84,311,325,227,300
1,<environment.Job instance at 0x7fb33ac288c0>,11,17,[10  3],12,326,343,314,326
1,<environment.Job instance at 0x7fb33d91feb0>,86,13,[2 9],87,343,356,256,336
1,<environment.Job instance at 0x7fb33d774550>,1,1,[7 1],2,3,4,1,3
1,<environment.Job instance at 0x7fb2f4e53aa0>,2,18,[4 9],3,4,22,1,4
1,<environment.Job instance at 0x7fb33db69780>,3,1,[10  4],4,22,23,18,5
1,<environment.Job instance at 0x7fb2f4e61190>,4,15,[9 5],5,23,38,18,9
1,<environment.Job instance at 0x7fb2f4e61550>,15,12,[9 2],16,38,50,22,22
1,<environment.Job instance at 0x7fb2f4e612d0>,18,3,[3 9],19,50,53,31,24
1,<environment.Job instance at 0x7fb2f4e616e0>,19,13,[9 5],20,53,66,33,37
1,<environment.Job instance at 0x7fb2f4e01a00>,22,14,[1 9],23,66,80,43,53
1,<environment.Job instance at 0x7fb2f4e61730>,10,15,[9 2],11,80,95,69,66
1,<environment.Job instance at 0x7fb2f4e01b90>,23,14,[4 6],24,95,109,71,80
1,<environment.Job instance at 0x7fb2f4e012d0>,31,13,[5 2],32,95,108,63,80
1,<environment.Job instance at 0x7fb2f4e01e10>,33,14,[9 2],34,109,123,75,94
1,<environment.Job instance at 0x7fb2f4e01780>,35,16,[5 1],36,123,139,87,110
1,<environment.Job instance at 0x7fb2f4e61c30>,16,17,[1 8],17,118,135,101,118
1,<environment.Job instance at 0x7fb2f4e014b0>,38,12,[9 4],39,139,151,100,122
1,<environment.Job instance at 0x7fb2f4eca5f0>,46,2,[1 6],47,136,138,89,136
1,<environment.Job instance at 0x7fb2f4e01dc0>,24,15,[9 2],25,151,166,126,137
1,<environment.Job instance at 0x7fb2f4eca0f0>,52,16,[6 1],53,166,182,113,153
1,<environment.Job instance at 0x7fb2f4e05a00>,55,13,[10  4],56,182,195,126,170
1,<environment.Job instance at 0x7fb2f4e01e60>,20,15,[2 8],21,195,210,174,183
1,<environment.Job instance at 0x7fb2f4e05870>,61,1,[9 5],62,210,211,148,191
1,<environment.Job instance at 0x7fb2f4e66f00>,62,13,[ 4 10],63,211,224,148,201
1,<environment.Job instance at 0x7fb2f4e66500>,66,14,[9 1],67,233,247,166,233
1,<environment.Job instance at 0x7fb2f4e665f0>,67,15,[2 5],68,247,262,179,233
1,<environment.Job instance at 0x7fb2f4e66eb0>,70,12,[8 4],71,247,259,176,235
1,<environment.Job instance at 0x7fb2f4e660a0>,72,2,[7 4],73,259,261,186,243
1,<environment.Job instance at 0x7fb2f4e66af0>,73,18,[8 3],74,261,279,187,256
1,<environment.Job instance at 0x7fb2f4e667d0>,74,12,[7 5],75,279,291,204,265
1,<environment.Job instance at 0x7fb2f4e66370>,77,3,[3 6],78,291,294,213,265
1,<environment.Job instance at 0x7fb2f4e66c30>,79,18,[ 1 10],80,317,335,237,317
1,<environment.Job instance at 0x7fb2f4e7d050>,81,2,[1 7],82,335,337,253,317
1,<environment.Job instance at 0x7fb2f4e7d320>,82,15,[4 5],83,337,352,254,326
1,<environment.Job instance at 0x7fb2f4e7d230>,85,18,[4 5],86,337,355,251,327
1,<environment.Job instance at 0x7fb2f4e7deb0>,89,3,[3 8],90,355,358,265,332
1,<environment.Job instance at 0x7fb2f4e7d6e0>,90,17,[8 5],91,380,397,289,380
1,<environment.Job instance at 0x7fb2f4e7d780>,91,15,[3 7],92,397,412,305,384
1,<environment.Job instance at 0x7fb2f4e7da50>,93,2,[4 9],94,412,414,318,385
1,<environment.Job instance at 0x7fb2f4e07a50>,98,2,[10  3],99,414,416,315,399
1,<environment.Job instance at 0x7fb2f4ec0c80>,0,1,[5 1],1,1,2,0,1
1,<environment.Job instance at 0x7fb2f4ec0280>,3,2,[5 7],4,4,6,0,4
1,<environment.Job instance at 0x7fb2f4e075a0>,1,18,[5 5],2,6,24,4,6
1,<environment.Job instance at 0x7fb33ad6ceb0>,9,1,[10  5],10,24,25,14,10
1,<environment.Job instance at 0x7fb33b3a7cd0>,11,17,[8 2],12,25,42,13,13
1,<environment.Job instance at 0x7fb33ad80190>,13,2,[5 2],14,42,44,28,27
1,<environment.Job instance at 0x7fb33ad6ce60>,10,15,[10  5],11,44,59,33,30
1,<environment.Job instance at 0x7fb2f4e07a50>,2,15,[ 1 10],3,59,74,56,45
1,<environment.Job instance at 0x7fb33ad80c80>,17,17,[2 7],18,74,91,56,63
1,<environment.Job instance at 0x7fb33ad907d0>,22,3,[6 3],23,74,77,51,68
1,<environment.Job instance at 0x7fb2f4ec0cd0>,5,18,[10  4],6,91,109,85,84
1,<environment.Job instance at 0x7fb33ad801e0>,14,18,[8 4],15,109,127,94,98
1,<environment.Job instance at 0x7fb33acff320>,27,3,[3 6],28,127,130,99,105
1,<environment.Job instance at 0x7fb33ad941e0>,30,17,[1 5],31,109,126,78,105
1,<environment.Job instance at 0x7fb33ad97140>,25,15,[6 1],26,127,142,101,115
1,<environment.Job instance at 0x7fb33ae7a050>,32,12,[3 7],33,130,142,97,119
1,<environment.Job instance at 0x7fb33ad75c30>,35,13,[ 5 10],36,142,155,106,126
1,<environment.Job instance at 0x7fb33aefd640>,37,18,[7 5],38,155,173,117,144
1,<environment.Job instance at 0x7fb33af065a0>,33,13,[4 6],34,173,186,139,161
1,<environment.Job instance at 0x7fb33ad75820>,41,17,[5 3],42,173,190,131,162
1,<environment.Job instance at 0x7fb33ae87f00>,42,16,[6 5],43,190,206,147,177
1,<environment.Job instance at 0x7fb33ae87960>,43,12,[5 7],44,206,218,162,195
1,<environment.Job instance at 0x7fb33ad05870>,47,2,[5 7],48,218,220,170,200
1,<environment.Job instance at 0x7fb33ad05140>,48,3,[6 5],49,220,223,171,200
1,<environment.Job instance at 0x7fb2f550a910>,49,3,[2 6],50,223,226,173,200
1,<environment.Job instance at 0x7fb2f550a2d0>,50,3,[1 5],51,200,203,149,200
1,<environment.Job instance at 0x7fb2f550a410>,51,16,[3 9],52,254,270,202,254
1,<environment.Job instance at 0x7fb2f5515cd0>,52,12,[7 5],53,270,282,217,259
1,<environment.Job instance at 0x7fb33ad894b0>,53,3,[ 3 10],54,282,285,228,259
1,<environment.Job instance at 0x7fb2f552b870>,56,3,[ 2 10],57,285,288,228,267
1,<environment.Job instance at 0x7fb2f552b500>,58,2,[4 8],59,288,290,229,267
1,<environment.Job instance at 0x7fb2f552b0a0>,59,3,[8 2],60,290,293,230,267
1,<environment.Job instance at 0x7fb2f552b690>,62,14,[7 1],63,293,307,230,282
1,<environment.Job instance at 0x7fb2f552b640>,65,1,[ 1 10],66,307,308,241,290
1,<environment.Job instance at 0x7fb2f552b460>,66,18,[9 2],67,308,326,241,298
1,<environment.Job instance at 0x7fb2f5512370>,67,16,[10  4],68,369,385,301,369
1,<environment.Job instance at 0x7fb2f5512910>,69,17,[4 5],70,385,402,315,375
1,<environment.Job instance at 0x7fb2f5512730>,71,3,[5 9],72,402,405,330,377
1,<environment.Job instance at 0x7fb2f4e7d3c0>,2,3,[1 8],3,5,8,2,5
1,<environment.Job instance at 0x7fb33d783870>,6,3,[ 4 10],7,8,11,1,7
1,<environment.Job instance at 0x7fb2f4e88a50>,8,17,[7 4],9,11,28,2,11
1,<environment.Job instance at 0x7fb2f4e88960>,7,16,[2 6],8,15,31,7,15
1,<environment.Job instance at 0x7fb33d7d79b0>,14,1,[10  5],15,31,32,16,15
1,<environment.Job instance at 0x7fb33b140b90>,15,3,[4 7],16,32,35,16,16
1,<environment.Job instance at 0x7fb33b11c370>,10,12,[4 8],11,35,47,24,19
1,<environment.Job instance at 0x7fb33b2b9aa0>,11,16,[6 2],12,33,49,21,33
1,<environment.Job instance at 0x7fb33d8c4410>,18,17,[2 5],19,47,64,28,35
1,<environment.Job instance at 0x7fb33acdfc30>,20,2,[10  3],21,64,66,43,37
1,<environment.Job instance at 0x7fb33acdf320>,21,3,[1 9],22,66,69,44,40
1,<environment.Job instance at 0x7fb2f4f52e10>,27,15,[8 4],28,69,84,41,59
1,<environment.Job instance at 0x7fb2f4f52050>,26,3,[7 1],27,59,62,32,59
1,<environment.Job instance at 0x7fb33d7d8af0>,31,1,[10  4],32,84,85,52,61
1,<environment.Job instance at 0x7fb33d5910a0>,32,2,[6 2],33,62,64,29,62
1,<environment.Job instance at 0x7fb33d591fa0>,35,2,[9 4],36,85,87,49,84
1,<environment.Job instance at 0x7fb33d591550>,36,2,[5 5],37,87,89,50,84
1,<environment.Job instance at 0x7fb33d7d8aa0>,30,17,[2 7],31,89,106,58,84
1,<environment.Job instance at 0x7fb33d5919b0>,38,3,[4 5],39,106,109,67,84
1,<environment.Job instance at 0x7fb33d5915a0>,39,1,[5 7],40,109,110,69,84
1,<environment.Job instance at 0x7fb33d591690>,33,12,[10  3],34,110,122,76,110
1,<environment.Job instance at 0x7fb33b211500>,43,3,[9 5],44,122,125,78,111
1,<environment.Job instance at 0x7fb33b211820>,44,17,[6 3],45,125,142,80,113
1,<environment.Job instance at 0x7fb2f568f6e0>,16,18,[3 6],17,127,145,110,127
1,<environment.Job instance at 0x7fb33b2110f0>,47,15,[5 4],48,142,157,94,130
1,<environment.Job instance at 0x7fb33b211cd0>,48,13,[2 8],49,157,170,108,141
1,<environment.Job instance at 0x7fb33b211190>,49,14,[ 1 10],50,170,184,120,160
1,<environment.Job instance at 0x7fb33b211280>,51,16,[ 2 10],52,184,200,132,172
1,<environment.Job instance at 0x7fb33d9cce60>,60,15,[9 4],61,200,215,139,186
1,<environment.Job instance at 0x7fb2f4ec84b0>,68,2,[10  1],69,215,217,146,192
1,<environment.Job instance at 0x7fb33d8cfe60>,64,18,[6 4],65,217,235,152,213
1,<environment.Job instance at 0x7fb33d4d45a0>,71,2,[7 1],72,235,237,163,213
1,<environment.Job instance at 0x7fb34017d0a0>,72,1,[4 6],73,217,218,144,213
1,<environment.Job instance at 0x7fb33b30c230>,74,1,[1 6],75,221,222,146,221
1,<environment.Job instance at 0x7fb33b30c140>,75,12,[9 4],76,237,249,161,221
1,<environment.Job instance at 0x7fb33d7762d0>,76,3,[7 5],77,249,252,172,223
1,<environment.Job instance at 0x7fb33d776d20>,80,14,[5 7],81,252,266,171,238
1,<environment.Job instance at 0x7fb33d776780>,85,17,[4 6],86,266,283,180,255
1,<environment.Job instance at 0x7fb33d7765a0>,90,18,[7 3],91,283,301,192,272
1,<environment.Job instance at 0x7fb33d5d0f00>,95,17,[2 7],96,283,300,187,278
1,<environment.Job instance at 0x7fb33d5d03c0>,96,17,[5 2],97,301,318,204,289
1,<environment.Job instance at 0x7fb33d5d0820>,97,18,[1 7],98,300,318,202,289
1,<environment.Job instance at 0x7fb33d9ccaf0>,59,17,[1 9],60,330,347,270,330
1,<environment.Job instance at 0x7fb33d7da690>,6,3,[5 8],7,7,10,0,7
1,<environment.Job instance at 0x7fb33d7da780>,8,1,[2 8],9,10,11,1,10
1,<environment.Job instance at 0x7fb33d7dac80>,10,2,[ 3 10],11,11,13,0,11
1,<environment.Job instance at 0x7fb33d682fa0>,14,3,[6 5],15,15,18,0,15
1,<environment.Job instance at 0x7fb33d682b40>,11,16,[5 4],12,18,34,6,16
1,<environment.Job instance at 0x7fb33d682320>,13,14,[3 7],14,34,48,20,22
1,<environment.Job instance at 0x7fb33d682820>,15,13,[6 3],16,34,47,18,24
1,<environment.Job instance at 0x7fb33d65bd70>,23,18,[5 5],24,48,66,24,37
1,<environment.Job instance at 0x7fb33b1fb8c0>,2,13,[3 9],3,66,79,63,50
1,<environment.Job instance at 0x7fb33d65b910>,29,13,[4 7],30,79,92,49,63
1,<environment.Job instance at 0x7fb33d65b4b0>,33,12,[9 5],34,92,104,58,80
1,<environment.Job instance at 0x7fb33d65bc30>,35,14,[5 8],36,104,118,68,89
1,<environment.Job instance at 0x7fb33d65b050>,37,17,[3 7],38,118,135,80,106
1,<environment.Job instance at 0x7fb33d408dc0>,40,1,[1 5],41,135,136,94,107
1,<environment.Job instance at 0x7fb33d408780>,41,13,[6 3],42,118,131,76,108
1,<environment.Job instance at 0x7fb33d4080a0>,44,3,[9 1],45,135,138,90,109
1,<environment.Job instance at 0x7fb33d408e10>,45,15,[1 9],46,136,151,90,122
1,<environment.Job instance at 0x7fb2f57f13c0>,53,13,[7 4],54,151,164,97,135
1,<environment.Job instance at 0x7fb2f57f1cd0>,54,3,[3 5],55,151,154,96,135
1,<environment.Job instance at 0x7fb33d4080f0>,46,18,[1 8],47,164,182,117,156
1,<environment.Job instance at 0x7fb2f57f12d0>,59,13,[5 1],60,164,177,104,159
1,<environment.Job instance at 0x7fb33d65b730>,34,18,[ 3 10],35,182,200,147,171
1,<environment.Job instance at 0x7fb33d67e910>,3,3,[2 6],4,4,7,0,4
1,<environment.Job instance at 0x7fb2f554ad20>,4,3,[3 8],5,7,10,2,5
1,<environment.Job instance at 0x7fb2f4fcab90>,5,16,[5 5],6,10,26,4,6
1,<environment.Job instance at 0x7fb2f57f2370>,9,2,[1 5],10,13,15,3,13
1,<environment.Job instance at 0x7fb33d943dc0>,12,18,[9 2],13,26,44,13,15
1,<environment.Job instance at 0x7fb2f4f00d20>,8,12,[9 1],9,44,56,35,29
1,<environment.Job instance at 0x7fb3401c5780>,15,12,[5 7],16,56,68,40,41
1,<environment.Job instance at 0x7fb33d677f50>,23,14,[8 3],24,68,82,44,53
1,<environment.Job instance at 0x7fb33d680500>,26,16,[10  4],27,82,98,55,70
1,<environment.Job instance at 0x7fb33d680550>,30,12,[1 9],31,98,110,67,83
1,<environment.Job instance at 0x7fb33d6805f0>,32,18,[3 6],33,110,128,77,99
1,<environment.Job instance at 0x7fb33d680aa0>,33,16,[5 8],34,128,144,94,116
1,<environment.Job instance at 0x7fb33d6785a0>,42,17,[5 3],43,144,161,101,132
1,<environment.Job instance at 0x7fb2f555dd20>,46,16,[7 4],47,161,177,114,149
1,<environment.Job instance at 0x7fb2f4ff82d0>,56,15,[6 4],57,177,192,120,165
1,<environment.Job instance at 0x7fb2f52f0230>,59,18,[1 5],60,176,194,116,176
1,<environment.Job instance at 0x7fb33d8d8050>,50,16,[7 5],51,192,208,141,180
1,<environment.Job instance at 0x7fb33d656fa0>,62,14,[1 7],63,208,222,145,194
1,<environment.Job instance at 0x7fb33b0023c0>,73,13,[10  4],74,222,235,148,206
1,<environment.Job instance at 0x7fb33d656e60>,63,16,[10  5],64,284,300,220,284
1,<environment.Job instance at 0x7fc220d55370>,1,3,[ 2 10],2,3,6,1,3
1,<environment.Job instance at 0x7fc220d55140>,5,2,[1 6],6,7,9,1,7
1,<environment.Job instance at 0x7fc219945690>,7,14,[7 5],8,10,24,2,10
1,<environment.Job instance at 0x7fc219945780>,9,12,[8 2],10,24,36,14,20
1,<environment.Job instance at 0x7fc219945cd0>,16,18,[7 3],17,36,54,19,25
1,<environment.Job instance at 0x7fc219945c30>,15,3,[2 8],16,25,28,9,25
1,<environment.Job instance at 0x7fc219948190>,22,12,[3 8],23,54,66,31,53
1,<environment.Job instance at 0x7fc2199481e0>,23,16,[6 2],24,54,70,30,53
1,<environment.Job instance at 0x7fc219948280>,24,2,[4 6],25,66,68,41,53
1,<environment.Job instance at 0x7fc2199483c0>,25,2,[5 7],26,70,72,44,53
1,<environment.Job instance at 0x7fc219945f00>,20,3,[10  5],21,72,75,51,58
1,<environment.Job instance at 0x7fc2199487d0>,26,12,[8 5],27,75,87,48,58
1,<environment.Job instance at 0x7fc219945370>,8,17,[1 8],9,97,114,88,97
1,<environment.Job instance at 0x7fc219948f00>,39,14,[9 4],40,114,128,74,102
1,<environment.Job instance at 0x7fc219948870>,27,17,[4 6],28,128,145,100,124
1,<environment.Job instance at 0x7fc21994a370>,44,3,[5 1],45,128,131,83,124
1,<environment.Job instance at 0x7fc21994a550>,46,2,[3 5],47,145,147,98,124
1,<environment.Job instance at 0x7fc21994a3c0>,48,12,[9 2],49,147,159,98,130
1,<environment.Job instance at 0x7fc21994a8c0>,50,2,[5 6],51,159,161,108,139
1,<environment.Job instance at 0x7fc21994a9b0>,51,2,[5 3],52,139,141,87,139
1,<environment.Job instance at 0x7fc21994aa00>,53,3,[2 9],54,161,164,107,140
1,<environment.Job instance at 0x7fc21994ad20>,54,18,[7 1],55,161,179,106,150
1,<environment.Job instance at 0x7fc219948d70>,35,16,[1 9],36,164,180,128,151
1,<environment.Job instance at 0x7fc21994a460>,47,13,[ 3 10],48,180,193,132,165
1,<environment.Job instance at 0x7fc21994c230>,60,2,[2 6],61,193,195,132,166
1,<environment.Job instance at 0x7fc21994c550>,63,12,[5 3],64,193,205,129,176
1,<environment.Job instance at 0x7fc21994ca50>,68,14,[6 4],69,205,219,136,190
1,<environment.Job instance at 0x7fc21994cd70>,72,18,[3 5],73,197,215,124,197
1,<environment.Job instance at 0x7fc21994c820>,77,16,[8 1],78,219,235,141,207
1,<environment.Job instance at 0x7fc21994f190>,81,14,[8 5],82,235,249,153,221
1,<environment.Job instance at 0x7fc21994f690>,84,1,[5 5],85,249,250,164,221
1,<environment.Job instance at 0x7fc21994f7d0>,86,3,[6 3],87,250,253,163,228
1,<environment.Job instance at 0x7fc21994f280>,83,18,[ 3 10],84,253,271,169,243
1,<environment.Job instance at 0x7fc21994faf0>,91,18,[5 4],92,271,289,179,260
1,<environment.Job instance at 0x7fc21994fcd0>,94,1,[ 5 10],95,289,290,194,261
1,<environment.Job instance at 0x7fc21994fd70>,95,3,[8 5],96,290,293,194,264
1,<environment.Job instance at 0x7fc21994fe10>,96,18,[2 6],97,271,289,174,264
1,<environment.Job instance at 0x7fc219953320>,98,1,[2 9],99,293,294,194,265
1,<environment.Job instance at 0x7fc2199530a0>,99,2,[7 5],100,294,296,194,267
1,<environment.Job instance at 0x7fc219953640>,102,13,[9 4],103,296,309,193,280
1,<environment.Job instance at 0x7fc2199537d0>,104,1,[ 1 10],105,309,310,204,292
1,<environment.Job instance at 0x7fc219953870>,105,16,[7 5],106,310,326,204,297
1,<environment.Job instance at 0x7fc2199539b0>,107,18,[5 5],108,326,344,218,315
1,<environment.Job instance at 0x7fc219953a50>,108,3,[5 5],109,326,329,217,315
1,<environment.Job instance at 0x7fc220ec29b0>,4,1,[9 2],5,5,6,0,5
1,<environment.Job instance at 0x7fc2199618c0>,3,17,[5 1],4,6,23,2,6
1,<environment.Job instance at 0x7fc220eca6e0>,11,3,[1 6],12,12,15,0,12
1,<environment.Job instance at 0x7fc220ec2320>,8,16,[5 2],9,16,32,7,16
1,<environment.Job instance at 0x7fc220d7feb0>,14,1,[6 1],15,32,33,17,17
1,<environment.Job instance at 0x7fc220ebb9b0>,15,2,[7 4],16,33,35,17,18
1,<environment.Job instance at 0x7fc220d7f3c0>,13,3,[10  1],14,35,38,21,19
1,<environment.Job instance at 0x7fc220ebb6e0>,18,1,[7 1],19,38,39,19,20
1,<environment.Job instance at 0x7fc220ebb5a0>,17,14,[7 2],18,39,53,21,24
1,<environment.Job instance at 0x7fc220ec76e0>,21,13,[3 8],22,38,51,16,24
1,<environment.Job instance at 0x7fc220ece7d0>,28,3,[4 6],29,59,62,30,59
1,<environment.Job instance at 0x7fc220ecee10>,29,1,[5 5],30,62,63,32,59
1,<environment.Job instance at 0x7fc220ece370>,30,2,[7 5],31,63,65,32,59
1,<environment.Job instance at 0x7fc220ec7b90>,20,17,[9 5],21,65,82,44,59
1,<environment.Job instance at 0x7fc220ec80a0>,33,1,[2 7],34,82,83,48,59
1,<environment.Job instance at 0x7fc220ec8af0>,36,13,[10  5],37,83,96,46,69
1,<environment.Job instance at 0x7fc220ec4fa0>,42,1,[9 2],43,96,97,53,82
1,<environment.Job instance at 0x7fc220ece550>,25,15,[8 3],26,97,112,71,88
1,<environment.Job instance at 0x7fc220ec4e10>,46,12,[1 6],47,96,108,49,88
1,<environment.Job instance at 0x7fc220ec43c0>,48,2,[9 1],49,112,114,63,88
1,<environment.Job instance at 0x7fc220ec8190>,39,17,[5 7],40,114,131,74,106
1,<environment.Job instance at 0x7fc220ddb370>,59,14,[ 5 10],60,131,145,71,116
1,<environment.Job instance at 0x7fc220ddb190>,61,13,[5 7],62,145,158,83,132
1,<environment.Job instance at 0x7fc220ecd230>,67,16,[8 4],68,158,174,90,145
1,<environment.Job instance at 0x7fc220ebd690>,77,13,[9 5],78,174,187,96,160
1,<environment.Job instance at 0x7fc220d7d0a0>,81,3,[9 5],82,187,190,105,173
1,<environment.Job instance at 0x7fc220dd8dc0>,80,17,[9 5],81,190,207,109,178
1,<environment.Job instance at 0x7fc220d7d0f0>,85,15,[5 3],86,207,222,121,198
1,<environment.Job instance at 0x7fc1d5be82d0>,91,14,[ 1 10],92,222,236,130,221
1,<environment.Job instance at 0x7fc1d5be8460>,92,3,[8 2],93,236,239,143,221
1,<environment.Job instance at 0x7fc1d5c3a370>,96,16,[6 5],97,239,255,142,228
1,<environment.Job instance at 0x7fc1d5c3a0a0>,97,2,[10  3],98,255,257,157,229
1,<environment.Job instance at 0x7fc1d5d6c230>,99,15,[5 5],100,257,272,157,243
1,<environment.Job instance at 0x7fc1d5cf9730>,102,13,[2 5],103,257,270,154,246
1,<environment.Job instance at 0x7fc1d5cb5460>,104,16,[5 6],105,272,288,167,260
1,<environment.Job instance at 0x7fc220ec7c30>,22,18,[10  4],23,288,306,265,278
1,<environment.Job instance at 0x7fc1d5c00550>,0,3,[4 8],1,1,4,0,1
1,<environment.Job instance at 0x7fc1d5c00c30>,4,15,[8 5],5,10,25,5,10
1,<environment.Job instance at 0x7fc1d5c005a0>,3,18,[5 1],4,25,43,21,14
1,<environment.Job instance at 0x7fc219e74050>,14,2,[3 8],15,25,27,10,15
1,<environment.Job instance at 0x7fc1d5c00410>,9,13,[4 5],10,27,40,17,16
1,<environment.Job instance at 0x7fc1d5cddc30>,20,13,[5 9],21,40,53,19,29
1,<environment.Job instance at 0x7fc2196ac280>,24,13,[4 5],25,53,66,28,40
1,<environment.Job instance at 0x7fc1d5bf9780>,15,18,[5 4],16,53,71,37,42
1,<environment.Job instance at 0x7fc2196b0e10>,30,13,[3 5],31,66,79,35,54
1,<environment.Job instance at 0x7fc1d5c3a2d0>,36,1,[2 6],37,79,80,42,54
1,<environment.Job instance at 0x7fc1d5c6feb0>,39,3,[4 8],40,80,83,40,64
1,<environment.Job instance at 0x7fc1d5c6f5a0>,40,2,[4 5],41,71,73,30,64
1,<environment.Job instance at 0x7fc1d5ba9140>,31,16,[5 8],32,83,99,51,70
1,<environment.Job instance at 0x7fc1d5c6f5f0>,44,3,[5 4],45,73,76,28,70
1,<environment.Job instance at 0x7fc1d5c8a7d0>,46,15,[6 5],47,99,114,52,87
1,<environment.Job instance at 0x7fc1d5c6fc80>,41,17,[10  2],42,114,131,72,103
1,<environment.Job instance at 0x7fc1d5bcec80>,56,17,[8 4],57,131,148,74,120
1,<environment.Job instance at 0x7fc1d5c5a5a0>,60,15,[5 8],61,148,163,87,134
1,<environment.Job instance at 0x7fc21970df00>,52,18,[3 8],53,163,181,110,152
1,<environment.Job instance at 0x7fc21970f230>,64,16,[7 5],65,181,197,116,168
1,<environment.Job instance at 0x7fc1d5c6fe60>,45,18,[ 1 10],46,197,215,151,187
1,<environment.Job instance at 0x7fc1d5c46f00>,79,15,[6 5],80,215,230,135,201
1,<environment.Job instance at 0x7fc21c470370>,8,3,[10  2],9,12,15,3,12
1,<environment.Job instance at 0x7fc219a15550>,10,3,[6 2],11,15,18,4,14
1,<environment.Job instance at 0x7fc219a15b90>,13,17,[7 1],14,18,35,4,14
1,<environment.Job instance at 0x7fc1d611b0a0>,16,13,[2 5],17,19,32,2,19
1,<environment.Job instance at 0x7fc220c77f50>,23,3,[7 5],24,35,38,11,24
1,<environment.Job instance at 0x7fc1d611a7d0>,24,16,[5 2],25,38,54,13,25
1,<environment.Job instance at 0x7fc1d5c9b1e0>,27,14,[3 6],28,44,58,16,44
1,<environment.Job instance at 0x7fc219ab2730>,20,14,[2 9],21,58,72,37,44
1,<environment.Job instance at 0x7fc21979aa50>,32,2,[5 3],33,54,56,21,44
1,<environment.Job instance at 0x7fc1d5d170f0>,34,14,[3 8],35,72,86,37,61
1,<environment.Job instance at 0x7fc1d5d178c0>,38,16,[5 2],39,72,88,33,61
1,<environment.Job instance at 0x7fc1d5d235a0>,40,12,[3 8],41,86,98,45,71
1,<environment.Job instance at 0x7fc1d6007e60>,49,18,[5 2],50,88,106,38,79
1,<environment.Job instance at 0x7fc1d6007cd0>,47,13,[ 5 10],48,106,119,58,93
1,<environment.Job instance at 0x7fc1d5be1550>,41,18,[5 8],42,119,137,77,109
1,<environment.Job instance at 0x7fc1d5be2190>,60,15,[1 9],61,137,152,76,126
1,<environment.Job instance at 0x7fc1d60e6fa0>,61,13,[1 7],62,152,165,90,138
1,<environment.Job instance at 0x7fc1d60e6d20>,65,3,[8 3],66,152,155,86,140
1,<environment.Job instance at 0x7fc1d60e67d0>,66,16,[2 9],67,165,181,98,153
1,<environment.Job instance at 0x7fc1d6103370>,70,16,[8 5],71,181,197,110,169
1,<environment.Job instance at 0x7fc1d60e62d0>,64,18,[10  5],65,197,215,132,187
1,<environment.Job instance at 0x7fc1d6093d70>,74,17,[2 6],75,215,232,140,205
1,<environment.Job instance at 0x7fc220d54730>,81,16,[4 5],82,232,248,150,219
1,<environment.Job instance at 0x7fc220d54c80>,85,14,[6 1],86,219,233,133,219
1,<environment.Job instance at 0x7fc1d613e320>,92,16,[6 4],93,233,249,140,227
1,<environment.Job instance at 0x7fc1d5d61640>,94,14,[3 6],95,248,262,153,233
1,<environment.Job instance at 0x7fc1d5d614b0>,95,13,[7 4],96,249,262,153,233
1,<environment.Job instance at 0x7fc1d608d370>,102,12,[7 5],103,282,294,179,282
1,<environment.Job instance at 0x7fc1d608d230>,6,14,[2 5],7,7,21,0,7
1,<environment.Job instance at 0x7fc1d608d050>,5,3,[8 5],6,7,10,1,7
1,<environment.Job instance at 0x7fc1d5cd62d0>,10,13,[5 5],11,25,38,14,25
1,<environment.Job instance at 0x7fc2199ed500>,12,1,[4 8],13,38,39,25,25
1,<environment.Job instance at 0x7fc2199fcd70>,13,3,[10  3],14,39,42,25,25
1,<environment.Job instance at 0x7fc2199fc280>,14,1,[ 3 10],15,42,43,27,25
1,<environment.Job instance at 0x7fc1d5c3f550>,9,15,[9 5],10,43,58,33,29
1,<environment.Job instance at 0x7fc1d5bf9910>,25,13,[6 3],26,58,71,32,42
1,<environment.Job instance at 0x7fc1d60ff230>,18,15,[2 9],19,71,86,52,57
1,<environment.Job instance at 0x7fc1d5bf9b40>,29,1,[9 2],30,86,87,56,66
1,<environment.Job instance at 0x7fc1d60074b0>,30,12,[3 7],31,87,99,56,70
1,<environment.Job instance at 0x7fc1d5d1e730>,32,14,[5 3],33,87,101,54,80
1,<environment.Job instance at 0x7fc1d5d1e4b0>,37,3,[3 5],38,99,102,61,81
1,<environment.Job instance at 0x7fc1d60c8d70>,38,1,[6 5],39,101,102,62,81
1,<environment.Job instance at 0x7fc1d60c8460>,39,2,[1 9],40,102,104,62,81
1,<environment.Job instance at 0x7fc1d60c8be0>,40,13,[5 5],41,104,117,63,88
1,<environment.Job instance at 0x7fc1d60c8230>,42,3,[8 3],43,117,120,74,93
1,<environment.Job instance at 0x7fc1d60c8c80>,43,2,[9 1],44,102,104,58,93
1,<environment.Job instance at 0x7fc219d91e10>,3,13,[ 4 10],4,120,133,116,105
1,<environment.Job instance at 0x7fc21974f3c0>,45,12,[4 5],46,105,117,59,105
1,<environment.Job instance at 0x7fc2197b4f50>,48,3,[3 7],49,133,136,84,116
1,<environment.Job instance at 0x7fc2197b43c0>,49,3,[5 8],50,136,139,86,116
1,<environment.Job instance at 0x7fc1d5f780f0>,52,17,[4 5],53,139,156,86,128
1,<environment.Job instance at 0x7fc1d61f1280>,56,16,[1 9],57,156,172,99,144
1,<environment.Job instance at 0x7fc1d61dcd70>,57,16,[7 2],58,172,188,114,159
1,<environment.Job instance at 0x7fc2197d2b90>,62,16,[10  4],63,188,204,125,175
1,<environment.Job instance at 0x7fc2197d2a00>,65,2,[9 1],66,204,206,138,184
1,<environment.Job instance at 0x7fc2197e6460>,68,1,[9 2],69,206,207,137,205
1,<environment.Job instance at 0x7fc2197d2a50>,63,16,[6 5],64,207,223,143,205
1,<environment.Job instance at 0x7fc2197e6320>,71,15,[8 1],72,223,238,151,209
1,<environment.Job instance at 0x7fc2197e68c0>,75,3,[4 6],76,238,241,162,212
1,<environment.Job instance at 0x7fc2197e6a00>,70,18,[ 2 10],71,241,259,170,238
1,<environment.Job instance at 0x7fc2197df9b0>,79,3,[6 3],80,259,262,179,239
1,<environment.Job instance at 0x7fc2197dfb90>,80,3,[2 9],81,262,265,181,239
1,<environment.Job instance at 0x7fc2197dfa50>,83,2,[7 2],84,265,267,181,245
1,<environment.Job instance at 0x7fc2197df410>,84,3,[ 5 10],85,267,270,182,245
1,<environment.Job instance at 0x7fc2197df7d0>,85,1,[5 4],86,270,271,184,245
1,<environment.Job instance at 0x7fc2197dfc80>,81,14,[9 2],82,271,285,189,266
1,<environment.Job instance at 0x7fc2197e5910>,89,18,[1 7],90,271,289,181,266
1,<environment.Job instance at 0x7fc2197e54b0>,92,17,[8 1],93,285,302,192,273
1,<environment.Job instance at 0x7fc2197e5370>,88,15,[2 8],89,289,304,200,275
1,<environment.Job instance at 0x7fc2197e5aa0>,95,18,[4 6],96,304,322,208,293
1,<environment.Job instance at 0x7fc2197d05a0>,103,3,[5 7],104,322,325,218,304
1,<environment.Job instance at 0x7fc2197d0dc0>,104,2,[ 5 10],105,325,327,220,304
1,<environment.Job instance at 0x7fc2197d0cd0>,106,18,[9 3],107,327,345,220,316
1,<environment.Job instance at 0x7fc2197e7b40>,108,16,[1 7],109,327,343,218,317
1,<environment.Job instance at 0x7fc21975a5a0>,1,12,[2 6],2,2,14,0,2
1,<environment.Job instance at 0x7fc21975a3c0>,0,3,[10  1],1,14,17,13,2
1,<environment.Job instance at 0x7fc21975a460>,2,3,[6 5],3,17,20,14,6
1,<environment.Job instance at 0x7fc219a5d910>,6,2,[2 6],7,20,22,13,7
1,<environment.Job instance at 0x7fc219a5d5f0>,7,1,[5 1],8,8,9,0,8
1,<environment.Job instance at 0x7fc219a5ddc0>,8,1,[10  1],9,22,23,13,9
1,<environment.Job instance at 0x7fc219a5dfa0>,12,12,[2 9],13,23,35,10,13
1,<environment.Job instance at 0x7fc219a5df50>,5,15,[5 9],6,35,50,29,22
1,<environment.Job instance at 0x7fc219d01c80>,18,13,[5 5],19,50,63,31,34
1,<environment.Job instance at 0x7fc219d01460>,23,14,[6 5],24,63,77,39,48
1,<environment.Job instance at 0x7fc21c317b40>,30,17,[5 6],31,77,94,46,65
1,<environment.Job instance at 0x7fc21c317230>,34,1,[3 5],35,94,95,59,77
1,<environment.Job instance at 0x7fc21c317eb0>,36,15,[10  2],37,95,110,58,87
1,<environment.Job instance at 0x7fc21c317190>,39,13,[4 7],40,110,123,70,101
1,<environment.Job instance at 0x7fc219a5d410>,3,17,[4 7],4,123,140,119,118
1,<environment.Job instance at 0x7fc2199f38c0>,2,16,[5 4],3,3,19,0,3
1,<environment.Job instance at 0x7fc219a54a50>,4,2,[2 7],5,19,21,14,5
1,<environment.Job instance at 0x7fc219bf1410>,9,1,[5 5],10,11,12,1,11
1,<environment.Job instance at 0x7fc21c0c81e0>,10,16,[5 4],11,21,37,10,11
1,<environment.Job instance at 0x7fc21c4d0910>,12,3,[3 7],13,37,40,24,20
1,<environment.Job instance at 0x7fc219bf18c0>,14,17,[3 5],15,40,57,25,28
1,<environment.Job instance at 0x7fc2199baa50>,16,14,[6 5],17,40,54,23,31
1,<environment.Job instance at 0x7fc219bf1230>,11,17,[ 4 10],12,57,74,45,49
1,<environment.Job instance at 0x7fc21c635820>,20,2,[10  4],21,74,76,53,49
1,<environment.Job instance at 0x7fc1d6055460>,23,2,[9 2],24,76,78,52,49
1,<environment.Job instance at 0x7fc21bf0f960>,25,15,[4 7],26,78,93,52,64
1,<environment.Job instance at 0x7fc21bf0fd20>,26,12,[1 7],27,93,105,66,76
1,<environment.Job instance at 0x7fc2199bf5f0>,28,16,[1 7],29,105,121,76,92
1,<environment.Job instance at 0x7fc1d5ff4a50>,31,3,[8 3],32,93,96,61,93
1,<environment.Job instance at 0x7fc2199bf190>,32,1,[ 3 10],33,121,122,88,93
1,<environment.Job instance at 0x7fc1d61f8c80>,34,2,[3 6],35,122,124,87,96
1,<environment.Job instance at 0x7fc1d61f80a0>,36,3,[ 4 10],37,124,127,87,98
1,<environment.Job instance at 0x7fc1d61f8550>,39,12,[5 2],40,109,121,69,109
1,<environment.Job instance at 0x7fc219929d20>,41,16,[8 4],42,127,143,85,114
1,<environment.Job instance at 0x7fc219a54a00>,0,12,[2 9],1,143,155,142,126
1,<environment.Job instance at 0x7fc219a46dc0>,52,12,[4 7],53,155,167,102,139
1,<environment.Job instance at 0x7fc219a46af0>,53,15,[6 2],54,155,170,101,142
1,<environment.Job instance at 0x7fc219a46e10>,57,14,[1 9],58,170,184,112,161
1,<environment.Job instance at 0x7fc1d61f4140>,58,12,[7 5],59,184,196,125,167
1,<environment.Job instance at 0x7fc1d61f4aa0>,60,12,[2 5],61,184,196,123,168
1,<environment.Job instance at 0x7fc1d5dc57d0>,66,12,[4 8],67,196,208,129,180
1,<environment.Job instance at 0x7fc21c636af0>,68,12,[7 5],69,208,220,139,191
1,<environment.Job instance at 0x7fc1d5faf4b0>,72,3,[4 7],73,220,223,147,201
1,<environment.Job instance at 0x7fc1d5faf370>,73,12,[9 3],74,223,235,149,206
1,<environment.Job instance at 0x7fc2209536e0>,74,12,[1 5],75,208,220,133,206
1,<environment.Job instance at 0x7fc2209537d0>,75,14,[5 2],76,235,249,159,220
1,<environment.Job instance at 0x7fc1d61e8280>,78,17,[5 4],79,235,252,156,223
1,<environment.Job instance at 0x7fc1d5ecc6e0>,82,12,[8 3],83,252,264,169,236
1,<environment.Job instance at 0x7fc1d612b9b0>,50,13,[5 8],51,264,277,213,250
1,<environment.Job instance at 0x7fc21988bbe0>,85,18,[3 9],86,277,295,191,272
1,<environment.Job instance at 0x7fc219bfe690>,93,3,[ 1 10],94,295,298,201,279
1,<environment.Job instance at 0x7fc219bfe1e0>,89,14,[9 4],90,298,312,208,286
1,<environment.Job instance at 0x7fc21c52c500>,96,17,[2 9],97,312,329,215,305
1,<environment.Job instance at 0x7fc21c52cf50>,97,13,[4 7],98,329,342,231,316
1,<environment.Job instance at 0x7fc21c52cc80>,99,14,[4 7],100,342,356,242,327
1,<environment.Job instance at 0x7fc21c52ceb0>,100,16,[10  3],101,356,372,255,350
1,<environment.Job instance at 0x7fc21c52c230>,103,17,[6 1],104,372,389,268,360
1,<environment.Job instance at 0x7fc21c52ce60>,104,3,[9 2],105,389,392,284,363
1,<environment.Job instance at 0x7fc21c52c7d0>,105,3,[8 2],106,392,395,286,366
1,<environment.Job instance at 0x7fc21c52cdc0>,106,13,[8 5],107,395,408,288,391
1,<environment.Job instance at 0x7fc21c52c280>,107,3,[2 7],108,392,395,284,391
1,<environment.Job instance at 0x7fc1d5dfeaa0>,0,3,[ 1 10],1,3,6,2,3
1,<environment.Job instance at 0x7fc1d5dfe370>,1,2,[ 2 10],2,6,8,4,5
1,<environment.Job instance at 0x7fc219a54640>,6,1,[2 8],7,8,9,1,7
1,<environment.Job instance at 0x7fc1d627b5f0>,9,14,[7 2],10,11,25,1,11
1,<environment.Job instance at 0x7fc219c14050>,8,15,[6 2],9,25,40,16,12
1,<environment.Job instance at 0x7fc1d5de8eb0>,10,18,[1 7],11,13,31,2,13
1,<environment.Job instance at 0x7fc2198105f0>,11,14,[1 7],12,33,47,21,33
1,<environment.Job instance at 0x7fc1d5dd7f50>,22,1,[6 5],23,47,48,24,33
1,<environment.Job instance at 0x7fc219d01e60>,24,13,[7 3],25,48,61,23,37
1,<environment.Job instance at 0x7fc1d5dd76e0>,18,16,[8 4],19,88,104,69,88
1,<environment.Job instance at 0x7fc219d660f0>,31,12,[3 9],32,106,118,74,106
1,<environment.Job instance at 0x7fc21c498e10>,35,14,[7 3],36,118,132,82,106
1,<environment.Job instance at 0x7fc21c4987d0>,36,2,[5 7],37,132,134,95,106
1,<environment.Job instance at 0x7fc21c498870>,40,12,[3 6],41,118,130,77,107
1,<environment.Job instance at 0x7fc21c4989b0>,41,2,[3 5],42,130,132,88,114
1,<environment.Job instance at 0x7fc21bf9cbe0>,46,15,[3 6],47,134,149,87,120
1,<environment.Job instance at 0x7fc21bf9c820>,44,14,[4 6],45,149,163,104,134
1,<environment.Job instance at 0x7fc1d5be9be0>,55,3,[6 4],56,154,157,98,154
1,<environment.Job instance at 0x7fc1d5be9c80>,56,15,[5 1],57,157,172,100,154
1,<environment.Job instance at 0x7fc1d5be9f50>,58,12,[1 8],59,163,175,104,156
1,<environment.Job instance at 0x7fc1d5be8230>,61,15,[6 3],62,175,190,113,161
1,<environment.Job instance at 0x7fc1d5be9870>,60,18,[2 7],61,175,193,114,171
1,<environment.Job instance at 0x7fc1d5be8550>,66,13,[6 5],67,193,206,126,178
1,<environment.Job instance at 0x7fc1d5be8730>,69,18,[7 4],70,206,224,136,196
1,<environment.Job instance at 0x7fc1d5be8a50>,74,18,[3 6],75,206,224,131,196
1,<environment.Job instance at 0x7fc1d5be8e10>,80,17,[5 8],81,224,241,143,214
1,<environment.Job instance at 0x7fc1d5bef230>,86,14,[10  1],87,241,255,154,227
1,<environment.Job instance at 0x7fc1d5bef550>,90,18,[5 6],91,255,273,164,244
1,<environment.Job instance at 0x7fc1d5bef820>,94,12,[10  2],95,273,285,178,256
1,<environment.Job instance at 0x7fc220ebf320>,0,1,[10  4],1,2,3,1,2
1,<environment.Job instance at 0x7fc21c52c780>,2,13,[ 3 10],3,6,19,3,6
1,<environment.Job instance at 0x7fc219c851e0>,6,2,[2 8],7,19,21,12,7
1,<environment.Job instance at 0x7fc219c854b0>,8,2,[5 5],9,21,23,12,10
1,<environment.Job instance at 0x7fc1d5befa00>,3,16,[6 3],4,23,39,19,12
1,<environment.Job instance at 0x7fc1d60b90f0>,15,2,[1 5],16,27,29,11,27
1,<environment.Job instance at 0x7fc1d624bfa0>,20,16,[ 2 10],21,44,60,23,44
1,<environment.Job instance at 0x7fc219d8e190>,22,3,[7 4],23,60,63,37,44
1,<environment.Job instance at 0x7fc21994ca00>,24,1,[6 4],25,63,64,38,45
1,<environment.Job instance at 0x7fc21c463320>,19,13,[ 1 10],20,64,77,44,48
1,<environment.Job instance at 0x7fc21994c0f0>,27,13,[5 8],28,77,90,49,62
1,<environment.Job instance at 0x7fc1d62c9c80>,26,18,[5 8],27,90,108,63,79
1,<environment.Job instance at 0x7fc1d5fd4d70>,31,18,[8 1],32,108,126,76,97
1,<environment.Job instance at 0x7fc2198a9230>,34,2,[7 1],35,126,128,91,99
1,<environment.Job instance at 0x7fc2198a9e10>,35,3,[2 6],36,108,111,72,99
1,<environment.Job instance at 0x7fc21c202280>,36,1,[1 6],37,111,112,74,99
1,<environment.Job instance at 0x7fc1d5d593c0>,38,1,[6 5],39,128,129,89,117
1,<environment.Job instance at 0x7fc1d5d59af0>,39,17,[1 5],40,117,134,77,117
1,<environment.Job instance at 0x7fc1d6055050>,40,13,[3 8],41,134,147,93,118
1,<environment.Job instance at 0x7fc21c00e0f0>,43,16,[5 2],44,133,149,89,133
1,<environment.Job instance at 0x7fc219d2e050>,45,13,[10  5],46,149,162,103,133
1,<environment.Job instance at 0x7fc1d60a7fa0>,50,13,[1 9],51,162,175,111,146
1,<environment.Job instance at 0x7fc1d5fd4140>,32,15,[3 9],33,175,190,142,163
1,<environment.Job instance at 0x7fc1d60a77d0>,55,14,[10  1],56,190,204,134,179
1,<environment.Job instance at 0x7fc1d60a70f0>,56,12,[9 5],57,204,216,147,188
1,<environment.Job instance at 0x7fc2197b2550>,6,3,[10  3],7,7,10,0,7
1,<environment.Job instance at 0x7fc21bf9cb90>,7,1,[ 4 10],8,10,11,2,8
1,<environment.Job instance at 0x7fc1d5d88460>,4,18,[6 3],5,11,29,6,10
1,<environment.Job instance at 0x7fc1d5e485a0>,8,13,[2 7],9,12,25,3,12
1,<environment.Job instance at 0x7fc21979db40>,13,18,[5 5],14,29,47,15,19
1,<environment.Job instance at 0x7fc219758c80>,14,15,[8 2],15,47,62,32,33
1,<environment.Job instance at 0x7fc1d62cdd20>,19,13,[8 4],20,62,75,42,46
1,<environment.Job instance at 0x7fc1d62cd820>,22,1,[4 8],23,75,76,52,48
1,<environment.Job instance at 0x7fc21979dfa0>,17,18,[5 5],18,76,94,58,72
1,<environment.Job instance at 0x7fc21bea5280>,26,3,[3 9],27,94,97,67,72
1,<environment.Job instance at 0x7fc21bf9e280>,27,3,[5 6],28,97,100,69,72
1,<environment.Job instance at 0x7fc21c138e10>,33,16,[7 2],34,100,116,66,87
1,<environment.Job instance at 0x7fc21c3b0aa0>,37,18,[2 6],38,100,118,62,92
1,<environment.Job instance at 0x7fc21c3b09b0>,39,12,[10  4],40,118,130,78,102
1,<environment.Job instance at 0x7fc2198b8d20>,44,15,[10  1],45,130,145,85,116
1,<environment.Job instance at 0x7fc2198b82d0>,49,13,[5 8],50,145,158,95,131
1,<environment.Job instance at 0x7fc2198b88c0>,52,14,[4 6],53,158,172,105,143
1,<environment.Job instance at 0x7fc2198bdf00>,55,14,[5 9],56,172,186,116,157
1,<environment.Job instance at 0x7fc219ac5a00>,64,18,[9 1],65,186,204,121,176
1,<environment.Job instance at 0x7fc219ac5050>,66,14,[5 7],67,204,218,137,190
1,<environment.Job instance at 0x7fc219ac5780>,68,16,[1 7],69,218,234,149,205
1,<environment.Job instance at 0x7fc1d5ef0d70>,72,3,[8 4],73,234,237,161,209
1,<environment.Job instance at 0x7fc219cfff50>,73,18,[5 3],74,209,227,135,209
1,<environment.Job instance at 0x7fc1d61fc780>,74,3,[3 5],75,237,240,162,211
1,<environment.Job instance at 0x7fc1d5e535a0>,78,13,[2 9],79,240,253,161,227
1,<environment.Job instance at 0x7fc219d51410>,88,12,[5 5],89,253,265,164,236
1,<environment.Job instance at 0x7fc219d51c80>,90,17,[7 1],91,265,282,174,253
1,<environment.Job instance at 0x7fc219d510a0>,92,15,[3 6],93,265,280,172,258
1,<environment.Job instance at 0x7fc219d514b0>,93,3,[2 7],94,280,283,186,258
1,<environment.Job instance at 0x7fc219d51f00>,94,12,[1 5],95,283,295,188,266
1,<environment.Job instance at 0x7fc219d518c0>,95,18,[8 2],96,282,300,186,273
1,<environment.Job instance at 0x7fc1d5f0a230>,2,3,[2 8],3,3,6,0,3
1,<environment.Job instance at 0x7fc219dd6910>,3,2,[6 4],4,6,8,2,4
1,<environment.Job instance at 0x7fc1d6306be0>,7,3,[8 1],8,9,12,1,9
1,<environment.Job instance at 0x7fc1d62fe050>,13,14,[5 7],14,15,29,1,15
1,<environment.Job instance at 0x7fc1d62fe140>,14,15,[7 2],15,29,44,14,18
1,<environment.Job instance at 0x7fc1d6306cd0>,10,18,[2 8],11,29,47,18,26
1,<environment.Job instance at 0x7fc1d62feb90>,25,13,[2 6],26,47,60,21,31
1,<environment.Job instance at 0x7fc1d62fe910>,20,15,[5 8],21,60,75,39,46
1,<environment.Job instance at 0x7fc219d51c30>,8,16,[10  1],9,75,91,66,62
1,<environment.Job instance at 0x7fc1d62d4d70>,40,15,[4 8],41,91,106,50,77
1,<environment.Job instance at 0x7fc1d62d4d20>,45,15,[9 1],46,106,121,60,92
1,<environment.Job instance at 0x7fc1d62ff4b0>,50,15,[7 2],51,121,136,70,107
1,<environment.Job instance at 0x7fc1d62ff730>,53,14,[4 9],54,136,150,82,121
1,<environment.Job instance at 0x7fc1d62ffaa0>,55,3,[7 5],56,150,153,94,127
1,<environment.Job instance at 0x7fc219dd6460>,0,14,[10  4],1,153,167,152,140
1,<environment.Job instance at 0x7fc1d62ffc30>,61,18,[5 5],62,167,185,105,156
1,<environment.Job instance at 0x7fc1d62ff5f0>,64,16,[4 7],65,185,201,120,172
1,<environment.Job instance at 0x7fc1d630a1e0>,69,2,[4 6],70,201,203,131,179
1,<environment.Job instance at 0x7fc1d630a5f0>,70,2,[5 8],71,203,205,132,179
1,<environment.Job instance at 0x7fc1d630a820>,71,3,[6 5],72,205,208,133,179
1,<environment.Job instance at 0x7fc1d630a7d0>,72,14,[4 9],73,208,222,135,193
1,<environment.Job instance at 0x7fc220acc550>,6,13,[5 6],7,7,20,0,7
1,<environment.Job instance at 0x7fc21c473460>,7,3,[1 6],8,20,23,12,9
1,<environment.Job instance at 0x7fc1d630a550>,2,18,[4 5],3,23,41,20,13
1,<environment.Job instance at 0x7fc2197a1aa0>,17,3,[ 5 10],18,41,44,23,22
1,<environment.Job instance at 0x7fc21bf28b90>,0,18,[8 5],1,44,62,43,34
1,<environment.Job instance at 0x7fc2197a1dc0>,21,2,[1 5],22,44,46,22,41
1,<environment.Job instance at 0x7fc2198f8eb0>,22,3,[9 5],23,62,65,39,41
1,<environment.Job instance at 0x7fc21c473aa0>,9,15,[5 9],10,65,80,55,54
1,<environment.Job instance at 0x7fc21c386c80>,27,15,[6 4],28,80,95,52,66
1,<environment.Job instance at 0x7fc219b36370>,29,15,[ 5 10],30,95,110,65,81
1,<environment.Job instance at 0x7fc2197a1780>,20,18,[7 3],21,110,128,89,99
1,<environment.Job instance at 0x7fc219d78730>,36,1,[3 9],37,128,129,91,107
1,<environment.Job instance at 0x7fc219d78050>,38,3,[1 9],39,129,132,90,107
1,<environment.Job instance at 0x7fc219d78d70>,39,15,[6 5],40,132,147,92,120
1,<environment.Job instance at 0x7fc219d783c0>,41,3,[9 4],42,147,150,105,124
1,<environment.Job instance at 0x7fc219d78f00>,42,13,[9 1],43,150,163,107,135
1,<environment.Job instance at 0x7fc219d785f0>,44,16,[3 9],45,163,179,118,154
1,<environment.Job instance at 0x7fc219d782d0>,49,16,[8 5],50,179,195,129,166
1,<environment.Job instance at 0x7fc21c0a4e10>,55,17,[9 3],56,195,212,139,190
1,<environment.Job instance at 0x7fc219a56f00>,58,3,[9 2],59,212,215,153,190
1,<environment.Job instance at 0x7fc219a56a50>,61,12,[10  4],62,215,227,153,198
1,<environment.Job instance at 0x7fc219b49820>,67,3,[1 6],68,198,201,130,198
1,<environment.Job instance at 0x7fc219d786e0>,47,18,[ 3 10],48,227,245,179,217
1,<environment.Job instance at 0x7fc219d78be0>,35,16,[10  3],36,245,261,209,233
1,<environment.Job instance at 0x7fc219d26f50>,75,17,[5 9],76,261,278,185,254
1,<environment.Job instance at 0x7fc219d26e60>,77,15,[5 5],78,278,293,200,264
1,<environment.Job instance at 0x7fc219d26a50>,80,3,[10  4],81,293,296,212,272
1,<environment.Job instance at 0x7fc219d26500>,81,17,[8 2],82,296,313,214,284
1,<environment.Job instance at 0x7fc21c039a00>,84,2,[8 4],85,313,315,228,296
1,<environment.Job instance at 0x7fc21c039910>,85,16,[3 8],86,315,331,229,302
1,<environment.Job instance at 0x7fc21c0390a0>,86,14,[4 7],87,331,345,244,318
1,<environment.Job instance at 0x7fc21c039320>,88,12,[6 1],89,322,334,233,322
1,<environment.Job instance at 0x7fc21c0394b0>,89,12,[5 9],90,345,357,255,328
1,<environment.Job instance at 0x7fc219b82730>,93,16,[3 9],94,357,373,263,346
1,<environment.Job instance at 0x7fc219b82910>,95,13,[ 3 10],96,373,386,277,358
1,<environment.Job instance at 0x7fc219b82e10>,98,2,[10  1],99,386,388,287,366
1,<environment.Job instance at 0x7fc219b82690>,100,2,[5 5],101,388,390,287,366
1,<environment.Job instance at 0x7fc21c129d20>,101,17,[3 7],102,390,407,288,378
1,<environment.Job instance at 0x7fc21c129dc0>,105,3,[9 3],106,407,410,301,387
1,<environment.Job instance at 0x7fc21c0cabe0>,106,17,[1 6],107,407,424,300,395
1,<environment.Job instance at 0x7fc219d78910>,6,3,[7 4],7,7,10,0,7
1,<environment.Job instance at 0x7fc21bf28820>,1,15,[10  5],2,10,25,8,8
1,<environment.Job instance at 0x7fc1d5c0f230>,7,1,[8 2],8,25,26,17,9
1,<environment.Job instance at 0x7fc21c0ca140>,12,1,[4 6],13,26,27,13,13
1,<environment.Job instance at 0x7fc21c0ca7d0>,15,3,[7 3],16,27,30,11,16
1,<environment.Job instance at 0x7fc219d6f050>,17,3,[ 1 10],18,30,33,12,18
1,<environment.Job instance at 0x7fc219d6f460>,21,15,[9 5],22,33,48,11,23
1,<environment.Job instance at 0x7fc21c0ca280>,18,12,[10  2],19,48,60,29,31
1,<environment.Job instance at 0x7fc1d5e5ac80>,30,3,[10  4],31,60,63,29,46
1,<environment.Job instance at 0x7fc1d5e5afa0>,25,15,[10  1],26,63,78,37,50
1,<environment.Job instance at 0x7fc1d5e5a410>,33,17,[ 2 10],34,78,95,44,66
1,<environment.Job instance at 0x7fc1d5e5a370>,35,12,[7 2],36,95,107,59,78
1,<environment.Job instance at 0x7fc1d5e5ae60>,38,15,[10  2],39,107,122,68,96
1,<environment.Job instance at 0x7fc21c0ca960>,13,18,[ 3 10],14,122,140,108,111
1,<environment.Job instance at 0x7fc21c129870>,46,13,[8 3],47,140,153,93,126
1,<environment.Job instance at 0x7fc21c1290a0>,48,15,[8 2],49,153,168,104,139
1,<environment.Job instance at 0x7fc21c469690>,53,12,[5 9],54,168,180,114,151
1,<environment.Job instance at 0x7fc1d5e5a5a0>,41,18,[4 6],42,180,198,138,170
1,<environment.Job instance at 0x7fc21c0c6af0>,62,3,[5 8],63,198,201,135,179
1,<environment.Job instance at 0x7fc21c0c6690>,63,18,[8 1],64,203,221,139,203
1,<environment.Job instance at 0x7fc21c0c6230>,64,13,[10  5],65,221,234,156,208
1,<environment.Job instance at 0x7fc21c0c6960>,69,12,[7 1],70,234,246,164,220
1,<environment.Job instance at 0x7fc21c0c6c80>,70,18,[5 7],71,246,264,175,239
1,<environment.Job instance at 0x7fc1d5f173c0>,72,2,[9 4],73,264,266,191,239
1,<environment.Job instance at 0x7fc1d59b62d0>,2,3,[7 2],3,4,7,1,4
1,<environment.Job instance at 0x7fc219aa6690>,6,18,[7 2],7,27,45,20,27
1,<environment.Job instance at 0x7fc1d59b63c0>,5,2,[4 9],6,45,47,39,27
1,<environment.Job instance at 0x7fc219aa6190>,7,13,[3 5],8,28,41,20,28
1,<environment.Job instance at 0x7fc2197450f0>,13,18,[6 1],14,45,63,31,34
1,<environment.Job instance at 0x7fc219a8d1e0>,16,2,[3 9],17,47,49,30,35
1,<environment.Job instance at 0x7fc219a8d960>,15,15,[4 9],16,49,64,33,41
1,<environment.Job instance at 0x7fc219a8d3c0>,20,3,[6 3],21,64,67,43,43
1,<environment.Job instance at 0x7fc1d5bcd0a0>,27,2,[10  1],28,67,69,39,51
1,<environment.Job instance at 0x7fc219966550>,28,14,[3 7],29,69,83,40,54
1,<environment.Job instance at 0x7fc1d613d4b0>,31,12,[10  5],32,83,95,51,66
1,<environment.Job instance at 0x7fc21993ccd0>,33,16,[5 8],34,95,111,61,82
1,<environment.Job instance at 0x7fc219966500>,30,13,[5 8],31,111,124,80,96
1,<environment.Job instance at 0x7fc21c2028c0>,47,3,[6 4],48,124,127,76,99
1,<environment.Job instance at 0x7fc219a8d0a0>,17,17,[3 7],18,127,144,109,116
1,<environment.Job instance at 0x7fc1d5967aa0>,49,12,[ 5 10],50,144,156,94,127
1,<environment.Job instance at 0x7fc1d5e24500>,53,14,[ 1 10],54,156,170,102,141
1,<environment.Job instance at 0x7fc1d5c370f0>,61,15,[10  3],62,181,196,119,181
1,<environment.Job instance at 0x7fc1d5e1e280>,62,18,[1 9],63,196,214,133,185
1,<environment.Job instance at 0x7fc1d5e1e370>,64,17,[7 1],65,196,213,131,190
1,<environment.Job instance at 0x7fc1d5e1e690>,67,13,[ 2 10],68,214,227,146,198
1,<environment.Job instance at 0x7fc1d5e1ea50>,68,1,[7 4],69,227,228,158,199
1,<environment.Job instance at 0x7fc1d5e1ee10>,71,1,[7 1],72,213,214,141,206
1,<environment.Job instance at 0x7fc1d5e1e730>,72,18,[4 9],73,228,246,155,217
1,<environment.Job instance at 0x7fc21c2a26e0>,76,18,[8 5],77,246,264,169,235
1,<environment.Job instance at 0x7fc21c2a2f50>,81,12,[7 1],82,264,276,182,247
1,<environment.Job instance at 0x7fc21c2a2550>,85,12,[9 2],86,276,288,190,259
1,<environment.Job instance at 0x7fc21c2a2500>,86,17,[1 8],87,264,281,177,259
1,<environment.Job instance at 0x7fc21c2a2370>,90,15,[2 8],91,288,303,197,275
1,<environment.Job instance at 0x7fc1d5c0e9b0>,92,14,[1 9],93,303,317,210,290
1,<environment.Job instance at 0x7fc1d5c0e730>,94,15,[9 2],95,317,332,222,303
1,<environment.Job instance at 0x7fc1d5c43a00>,99,15,[4 6],100,332,347,232,319
1,<environment.Job instance at 0x7fc1d5c43320>,101,13,[5 2],102,332,345,230,319
1,<environment.Job instance at 0x7fc219ca8230>,103,14,[9 2],104,347,361,243,332
1,<environment.Job instance at 0x7fc21c271460>,108,12,[9 4],109,361,373,252,345
1,<environment.Job instance at 0x7fc2197fba00>,3,17,[3 7],4,8,25,4,8
1,<environment.Job instance at 0x7fc219b36410>,12,16,[6 1],13,13,29,0,13
1,<environment.Job instance at 0x7fc21971fb90>,10,14,[6 3],11,29,43,18,14
1,<environment.Job instance at 0x7fc1d6046f50>,16,3,[5 5],17,43,46,26,20
1,<environment.Job instance at 0x7fc21c147af0>,17,17,[9 1],18,46,63,28,34
1,<environment.Job instance at 0x7fc1d59eb460>,21,1,[9 5],22,63,64,41,35
1,<environment.Job instance at 0x7fc21c481140>,22,13,[ 4 10],23,64,77,41,48
1,<environment.Job instance at 0x7fc219b4d320>,26,14,[9 1],27,77,91,50,69
1,<environment.Job instance at 0x7fc220c57730>,33,18,[8 3],34,91,109,57,81
1,<environment.Job instance at 0x7fc1d5ff0910>,11,16,[9 2],12,109,125,97,105
1,<environment.Job instance at 0x7fc21c2c31e0>,39,18,[ 1 10],40,125,143,85,114
1,<environment.Job instance at 0x7fc219dd01e0>,49,3,[3 8],50,143,146,93,128
1,<environment.Job instance at 0x7fc219dd0aa0>,50,17,[8 5],51,146,163,95,134
1,<environment.Job instance at 0x7fc1d5a6c0f0>,56,15,[3 5],57,163,178,106,149
1,<environment.Job instance at 0x7fc219a0b820>,60,1,[5 1],61,163,164,102,149
1,<environment.Job instance at 0x7fc219a0b4b0>,61,18,[5 5],62,164,182,102,153
1,<environment.Job instance at 0x7fc21987aa00>,62,15,[ 1 10],63,182,197,119,171
1,<environment.Job instance at 0x7fc1d5f0a9b0>,66,17,[3 5],67,197,214,130,185
1,<environment.Job instance at 0x7fc1d5b67e10>,69,1,[10  5],70,214,215,144,198
1,<environment.Job instance at 0x7fc1d5f0a0f0>,67,15,[5 9],68,215,230,147,201
1,<environment.Job instance at 0x7fc219d37820>,72,12,[4 6],73,230,242,157,213
1,<environment.Job instance at 0x7fc219d37500>,73,2,[5 2],74,230,232,156,213
1,<environment.Job instance at 0x7fc1d5b67a00>,70,15,[10  5],71,242,257,171,228
1,<environment.Job instance at 0x7fc219d37280>,74,18,[8 4],75,257,275,182,252
1,<environment.Job instance at 0x7fc21979a1e0>,77,17,[2 7],78,275,292,197,267
1,<environment.Job instance at 0x7fc21c2d4cd0>,0,3,[1 5],1,3,6,2,3
1,<environment.Job instance at 0x7fc219a531e0>,3,3,[ 3 10],4,6,9,2,5
1,<environment.Job instance at 0x7fc1d607f640>,2,12,[7 5],3,9,21,6,6
1,<environment.Job instance at 0x7fc219a53f00>,6,3,[ 2 10],7,21,24,14,7
1,<environment.Job instance at 0x7fc219a53320>,9,3,[8 2],10,24,27,14,11
1,<environment.Job instance at 0x7fc1d62fe0a0>,4,16,[7 2],5,31,47,26,31
1,<environment.Job instance at 0x7fc219a537d0>,14,2,[ 2 10],15,47,49,32,34
1,<environment.Job instance at 0x7fc219a535a0>,10,16,[8 2],11,49,65,38,36
1,<environment.Job instance at 0x7fc219d043c0>,21,3,[5 9],22,65,68,43,39
1,<environment.Job instance at 0x7fc219d04cd0>,20,12,[1 9],21,68,80,47,53
1,<environment.Job instance at 0x7fc219d04e60>,24,1,[6 3],25,80,81,55,53
1,<environment.Job instance at 0x7fc219d04500>,25,1,[8 4],26,81,82,55,54
1,<environment.Job instance at 0x7fc219d049b0>,26,3,[9 4],27,82,85,55,56
1,<environment.Job instance at 0x7fc219d04960>,29,2,[3 5],30,85,87,55,59
1,<environment.Job instance at 0x7fc21c297f50>,31,3,[8 2],32,87,90,55,62
1,<environment.Job instance at 0x7fc21bf521e0>,30,18,[7 1],31,90,108,59,79
1,<environment.Job instance at 0x7fc1d628ef00>,38,3,[1 7],39,87,90,48,79
1,<environment.Job instance at 0x7fc1d628e280>,39,14,[3 7],40,90,104,50,79
1,<environment.Job instance at 0x7fc1d628e910>,41,14,[9 4],42,108,122,66,93
1,<environment.Job instance at 0x7fc1d62c5c30>,44,18,[6 5],45,122,140,77,111
1,<environment.Job instance at 0x7fc1d62c5f00>,50,15,[4 9],51,140,155,89,131
1,<environment.Job instance at 0x7fc220c573c0>,1,16,[3 9],2,155,171,153,142
1,<environment.Job instance at 0x7fc1d59c3e10>,60,12,[4 8],61,171,183,110,154
1,<environment.Job instance at 0x7fc1d59c35a0>,65,3,[4 7],66,183,186,117,170
1,<environment.Job instance at 0x7fc1d59c3a00>,66,18,[3 6],67,186,204,119,175
1,<environment.Job instance at 0x7fc1d59c3050>,70,2,[10  3],71,204,206,133,197
1,<environment.Job instance at 0x7fc1d59c3b90>,71,3,[1 9],72,206,209,134,197
1,<environment.Job instance at 0x7fc1d59c3820>,68,17,[2 5],69,209,226,140,198
1,<environment.Job instance at 0x7fc1d59a8910>,76,3,[7 1],77,206,209,129,204
1,<environment.Job instance at 0x7fc1d59a8050>,77,15,[8 4],78,209,224,131,204
1,<environment.Job instance at 0x7fc1d59a8e10>,80,17,[2 7],81,226,243,145,214
1,<environment.Job instance at 0x7fc1d59a8c80>,81,1,[10  4],82,243,244,161,215
1,<environment.Job instance at 0x7fc1d59c6690>,82,2,[6 2],83,224,226,141,215
1,<environment.Job instance at 0x7fc1d59c6cd0>,85,2,[9 4],86,244,246,158,225
1,<environment.Job instance at 0x7fc1d59c6af0>,86,2,[5 5],87,246,248,159,225
1,<environment.Job instance at 0x7fc1d59c6730>,88,3,[4 5],89,246,249,157,227
1,<environment.Job instance at 0x7fc1d59c6870>,89,1,[5 7],90,249,250,159,227
1,<environment.Job instance at 0x7fc1d59a8cd0>,74,18,[2 9],75,254,272,179,254
1,<environment.Job instance at 0x7fc1d59c6140>,97,15,[5 4],98,272,287,174,265
1,<environment.Job instance at 0x7fc1d59c6230>,98,13,[2 8],99,287,300,188,277
1,<environment.Job instance at 0x7fc1d59c6c80>,103,13,[5 1],104,320,333,216,320
1,<environment.Job instance at 0x7fc1d59c6fa0>,101,16,[ 2 10],102,333,349,231,320
1,<environment.Job instance at 0x7fc1d599e3c0>,106,18,[8 3],107,382,400,275,382
1,<environment.Job instance at 0x7fc1d599e3c0>,3,1,[9 4],4,4,5,0,4
1,<environment.Job instance at 0x7fc21c0d8320>,6,16,[6 4],7,7,23,0,7
1,<environment.Job instance at 0x7fc220c570a0>,8,2,[10  1],9,23,25,14,9
1,<environment.Job instance at 0x7fc1d5935aa0>,11,2,[7 1],12,29,31,17,29
1,<environment.Job instance at 0x7fc1d59200f0>,12,1,[4 6],13,31,32,18,29
1,<environment.Job instance at 0x7fc1d59355f0>,14,1,[1 6],15,29,30,14,29
1,<environment.Job instance at 0x7fc21c4972d0>,15,12,[9 4],16,32,44,16,29
1,<environment.Job instance at 0x7fc1d5935a50>,16,3,[7 5],17,44,47,27,29
1,<environment.Job instance at 0x7fc1d62a7690>,17,1,[5 9],18,47,48,29,29
1,<environment.Job instance at 0x7fc219dbd5a0>,19,1,[ 3 10],20,48,49,28,29
1,<environment.Job instance at 0x7fc1d5f525f0>,23,2,[ 5 10],24,49,51,25,38
1,<environment.Job instance at 0x7fc1d62b47d0>,24,13,[3 6],25,51,64,26,39
1,<environment.Job instance at 0x7fc1d5f6bfa0>,27,13,[ 2 10],28,64,77,36,56
1,<environment.Job instance at 0x7fc1d58cff00>,30,18,[7 3],31,77,95,46,66
1,<environment.Job instance at 0x7fc21c34ef50>,35,17,[2 7],36,77,94,41,70
1,<environment.Job instance at 0x7fc21bed57d0>,41,2,[8 3],42,95,97,53,93
1,<environment.Job instance at 0x7fc1d58cbb90>,42,13,[3 9],43,97,110,54,93
1,<environment.Job instance at 0x7fc1d58cb820>,45,3,[ 1 10],46,110,113,64,93
1,<environment.Job instance at 0x7fc1d5dc0190>,47,15,[6 1],48,113,128,65,99
1,<environment.Job instance at 0x7fc1d5dc05f0>,50,2,[ 3 10],51,128,130,77,101
1,<environment.Job instance at 0x7fc1d62a7460>,18,16,[8 2],19,130,146,111,117
1,<environment.Job instance at 0x7fc1d5db4960>,55,13,[6 3],56,146,159,90,130
1,<environment.Job instance at 0x7fc1d5db4280>,62,2,[8 4],63,159,161,96,139
1,<environment.Job instance at 0x7fc1d59356e0>,13,18,[10  5],14,161,179,147,150
1,<environment.Job instance at 0x7fc1d5db4190>,65,13,[4 8],66,179,192,113,166
1,<environment.Job instance at 0x7fc1d5dc2c80>,67,3,[5 5],68,192,195,124,171
1,<environment.Job instance at 0x7fc1d5db42d0>,64,16,[10  2],65,195,211,130,184
1,<environment.Job instance at 0x7fc2196b04b0>,72,15,[5 5],73,211,226,138,197
1,<environment.Job instance at 0x7fc21c675aa0>,0,15,[9 4],1,226,241,225,214
1,<environment.Job instance at 0x7fc2196b05a0>,76,14,[5 5],77,241,255,164,226
1,<environment.Job instance at 0x7fc2196cadc0>,78,16,[7 5],79,255,271,176,242
1,<environment.Job instance at 0x7fc219990a50>,82,3,[3 5],83,244,247,161,244
1,<environment.Job instance at 0x7fc219986370>,84,3,[9 1],85,271,274,186,245
1,<environment.Job instance at 0x7fc2199ab280>,88,1,[3 9],89,274,275,185,258
1,<environment.Job instance at 0x7fc2199aba50>,89,1,[5 1],90,274,275,184,258
1,<environment.Job instance at 0x7fc1d5ee8190>,90,3,[1 7],91,271,274,180,258
1,<environment.Job instance at 0x7fc1d5eeb0f0>,91,14,[10  5],92,275,289,183,261
1,<environment.Job instance at 0x7fc2199b28c0>,95,15,[7 2],96,289,304,193,275
1,<environment.Job instance at 0x7fc2199b29b0>,98,15,[8 5],99,304,319,205,291
1,<environment.Job instance at 0x7fc1d61b7730>,3,2,[ 1 10],4,21,23,17,21
1,<environment.Job instance at 0x7fc219b64fa0>,7,17,[1 5],8,23,40,15,21
1,<environment.Job instance at 0x7fc1d61b7f00>,4,3,[5 4],5,23,26,18,21
1,<environment.Job instance at 0x7fc219a31aa0>,11,3,[5 7],12,40,43,28,21
1,<environment.Job instance at 0x7fc219a313c0>,10,16,[5 2],11,26,42,15,25
1,<environment.Job instance at 0x7fc219a31320>,16,2,[3 7],17,43,45,26,25
1,<environment.Job instance at 0x7fc21c09ad70>,17,3,[10  3],18,45,48,27,27
1,<environment.Job instance at 0x7fc21c09a730>,18,3,[1 5],19,48,51,29,43
1,<environment.Job instance at 0x7fc219dbd3c0>,28,3,[ 4 10],29,64,67,35,64
1,<environment.Job instance at 0x7fc219a92780>,27,2,[10  3],28,68,70,40,68
1,<environment.Job instance at 0x7fc219a6ee10>,31,2,[ 5 10],32,70,72,38,70
1,<environment.Job instance at 0x7fc21c636410>,22,17,[4 5],23,73,90,50,73
1,<environment.Job instance at 0x7fc219a6e460>,33,3,[2 6],34,90,93,56,73
1,<environment.Job instance at 0x7fc219a6e5a0>,34,3,[3 8],35,93,96,58,73
1,<environment.Job instance at 0x7fc219a6e960>,30,16,[6 4],31,96,112,65,89
1,<environment.Job instance at 0x7fc219a6e6e0>,32,12,[ 4 10],33,112,124,79,95
1,<environment.Job instance at 0x7fc219a6eeb0>,41,13,[6 3],42,124,137,82,110
1,<environment.Job instance at 0x7fc220ebaaa0>,46,16,[5 8],47,137,153,90,124
1,<environment.Job instance at 0x7fc219b4d410>,48,16,[6 3],49,153,169,104,140
1,<environment.Job instance at 0x7fc21c4d9aa0>,56,16,[10  4],57,169,185,112,156
1,<environment.Job instance at 0x7fc219e37a50>,60,12,[1 9],61,185,197,124,170
1,<environment.Job instance at 0x7fc2199666e0>,61,12,[3 5],62,197,209,135,180
1,<environment.Job instance at 0x7fc2199661e0>,63,16,[5 8],64,209,225,145,197
1,<environment.Job instance at 0x7fc1d5c7ccd0>,71,18,[8 4],72,225,243,153,214
1,<environment.Job instance at 0x7fc1d62fed70>,55,17,[9 4],56,243,260,187,232
1,<environment.Job instance at 0x7fc1d62fe0a0>,54,13,[10  2],55,260,273,205,247
1,<environment.Job instance at 0x7fc21c5da3c0>,79,14,[ 5 10],80,273,287,193,258
1,<environment.Job instance at 0x7fc21c31d7d0>,86,15,[6 4],87,287,302,200,274
1,<environment.Job instance at 0x7fc1d6183cd0>,89,18,[1 5],90,287,305,197,277
1,<environment.Job instance at 0x7fc1d6183820>,96,17,[7 1],97,302,319,205,298
1,<environment.Job instance at 0x7fc1d6183500>,102,3,[3 6],103,305,308,202,298
1,<environment.Job instance at 0x7fc1d61839b0>,103,13,[10  4],104,319,332,215,303
1,<environment.Job instance at 0x7fc219c02870>,6,2,[5 9],7,7,9,0,7
1,<environment.Job instance at 0x7fc219c02410>,4,14,[ 1 10],5,9,23,4,7
1,<environment.Job instance at 0x7fc219c027d0>,7,3,[6 2],8,23,26,15,8
1,<environment.Job instance at 0x7fc21be887d0>,8,2,[6 5],9,26,28,17,9
1,<environment.Job instance at 0x7fc21be88780>,9,12,[7 5],10,28,40,18,11
1,<environment.Job instance at 0x7fc21be88370>,13,13,[5 1],14,40,53,26,24
1,<environment.Job instance at 0x7fc21be88140>,15,15,[10  3],16,53,68,37,43
1,<environment.Job instance at 0x7fc21be88c30>,19,17,[6 4],20,68,85,48,56
1,<environment.Job instance at 0x7fc21be88a50>,12,16,[10  5],13,85,101,72,73
1,<environment.Job instance at 0x7fc1d5942a00>,27,13,[5 5],28,101,114,73,87
1,<environment.Job instance at 0x7fc1d5942640>,29,15,[7 2],30,114,129,84,100
1,<environment.Job instance at 0x7fc1d5942dc0>,31,3,[7 5],32,129,132,97,103
1,<environment.Job instance at 0x7fc1d5942e60>,32,1,[5 4],33,103,104,70,103
1,<environment.Job instance at 0x7fc1d5942e10>,39,2,[3 9],40,132,134,92,107
1,<environment.Job instance at 0x7fc1d5942af0>,41,16,[6 5],42,134,150,92,121
1,<environment.Job instance at 0x7fc1d59427d0>,28,17,[ 1 10],29,150,167,121,143
1,<environment.Job instance at 0x7fc1d5af5aa0>,47,3,[5 6],48,167,170,119,145
1,<environment.Job instance at 0x7fc1d5942c80>,45,17,[ 5 10],46,170,187,124,159
1,<environment.Job instance at 0x7fc1d5af5eb0>,58,3,[5 2],59,187,190,128,176
1,<environment.Job instance at 0x7fc1d5af5870>,59,16,[4 9],60,190,206,130,177
1,<environment.Job instance at 0x7fc1d5af54b0>,64,13,[10  1],65,206,219,141,191
1,<environment.Job instance at 0x7fc21c35b320>,65,14,[3 5],66,219,233,153,205
1,<environment.Job instance at 0x7fc21c35beb0>,67,18,[7 5],68,219,237,151,208
1,<environment.Job instance at 0x7fc21c35b4b0>,71,18,[5 9],72,237,255,165,235
1,<environment.Job instance at 0x7fc21c35b500>,75,18,[9 4],76,255,273,179,244
1,<environment.Job instance at 0x7fc21c35be10>,78,2,[10  5],79,273,275,194,259
1,<environment.Job instance at 0x7fc1d5a7e960>,79,17,[7 1],80,275,292,195,263
1,<environment.Job instance at 0x7fc1d5a7e550>,82,12,[2 6],83,275,287,192,274
1,<environment.Job instance at 0x7fc1d5a7e820>,83,15,[3 8],84,287,302,203,275
1,<environment.Job instance at 0x7fc1d5a7e690>,85,18,[3 6],86,302,320,216,291
1,<environment.Job instance at 0x7fc1d5a7e230>,93,1,[2 7],94,320,321,226,305
1,<environment.Job instance at 0x7fc1d5a7e6e0>,94,15,[4 9],95,321,336,226,314
1,<environment.Job instance at 0x7fc219733230>,4,12,[4 7],5,5,17,0,5
1,<environment.Job instance at 0x7fc1d5f7c500>,5,13,[1 5],6,17,30,11,6
1,<environment.Job instance at 0x7fc1d6128e10>,10,14,[2 6],11,30,44,19,15
1,<environment.Job instance at 0x7fc1d61286e0>,13,15,[1 5],14,44,59,30,30
1,<environment.Job instance at 0x7fc1d6128550>,14,12,[9 4],15,44,56,29,30
1,<environment.Job instance at 0x7fc1d6128b90>,18,17,[9 3],19,56,73,37,45
1,<environment.Job instance at 0x7fc1d6128460>,20,14,[10  1],21,73,87,52,58
1,<environment.Job instance at 0x7fc1d6128820>,25,1,[10  2],26,87,88,61,62
1,<environment.Job instance at 0x7fc1d61289b0>,23,15,[7 2],24,88,103,64,74
1,<environment.Job instance at 0x7fc219b5a5a0>,29,1,[5 4],30,103,104,73,77
1,<environment.Job instance at 0x7fc219b5a7d0>,30,3,[5 5],31,103,106,72,77
1,<environment.Job instance at 0x7fc219b5ab40>,32,15,[4 7],33,106,121,73,93
1,<environment.Job instance at 0x7fc1d6128730>,28,17,[3 6],29,121,138,92,109
1,<environment.Job instance at 0x7fc1d5dae050>,37,3,[2 5],38,138,141,100,112
1,<environment.Job instance at 0x7fc1d5f534b0>,39,3,[6 5],40,138,141,98,112
1,<environment.Job instance at 0x7fc219b5a370>,36,16,[1 9],37,141,157,104,128
1,<environment.Job instance at 0x7fc219753500>,45,13,[10  4],46,157,170,111,142
1,<environment.Job instance at 0x7fc219753c80>,47,17,[1 8],48,170,187,122,158
1,<environment.Job instance at 0x7fc219753dc0>,49,13,[8 2],50,170,183,120,160
1,<environment.Job instance at 0x7fc1d59d6f00>,54,15,[9 3],55,187,202,132,175
1,<environment.Job instance at 0x7fc1d5f53730>,41,18,[4 6],42,202,220,160,191
1,<environment.Job instance at 0x7fc1d59d6c80>,60,2,[5 6],61,220,222,159,209
1,<environment.Job instance at 0x7fc1d59d6320>,61,16,[9 3],62,222,238,160,209
1,<environment.Job instance at 0x7fc1d5a4db90>,1,16,[5 9],2,247,263,245,247
1,<environment.Job instance at 0x7fc1d59d6eb0>,63,3,[3 7],64,263,266,199,247
1,<environment.Job instance at 0x7fc1d59d65a0>,65,13,[7 3],66,263,276,197,248
1,<environment.Job instance at 0x7fe9950c4370>,1,3,[ 2 10],2,3,6,1,3
1,<environment.Job instance at 0x7fe9950c4230>,5,2,[1 6],6,8,10,2,8
1,<environment.Job instance at 0x7fe98fcb4320>,7,14,[7 5],8,10,24,2,9
1,<environment.Job instance at 0x7fe98fcb4500>,6,15,[2 8],7,25,40,18,25
1,<environment.Job instance at 0x7fe98fcb48c0>,11,3,[4 9],12,40,43,28,26
1,<environment.Job instance at 0x7fe98fcb4c30>,15,3,[2 8],16,43,46,27,29
1,<environment.Job instance at 0x7fe98fcb4cd0>,16,18,[7 3],17,50,68,33,50
1,<environment.Job instance at 0x7fe98fcb4f00>,20,3,[10  5],21,68,71,47,50
1,<environment.Job instance at 0x7fe98fcb7280>,24,2,[4 6],25,71,73,46,50
1,<environment.Job instance at 0x7fe98fcb74b0>,25,2,[5 7],26,73,75,47,50
1,<environment.Job instance at 0x7fe98fcb77d0>,27,17,[4 6],28,75,92,47,63
1,<environment.Job instance at 0x7fe98fcb71e0>,23,16,[6 2],24,75,91,51,64
1,<environment.Job instance at 0x7fe98fcb78c0>,29,2,[4 7],30,92,94,62,65
1,<environment.Job instance at 0x7fe98fcb70a0>,22,12,[3 8],23,99,111,76,99
1,<environment.Job instance at 0x7fe98fcb7e10>,36,2,[7 5],37,111,113,74,99
1,<environment.Job instance at 0x7fe98fcb7eb0>,37,14,[5 8],38,113,127,75,99
1,<environment.Job instance at 0x7fe98fcb76e0>,41,1,[7 1],42,127,128,85,125
1,<environment.Job instance at 0x7fe98fcb9230>,42,2,[4 7],43,128,130,85,125
1,<environment.Job instance at 0x7fe98fcb9410>,45,15,[7 5],46,130,145,84,125
1,<environment.Job instance at 0x7fe98fcb92d0>,43,12,[4 5],44,145,157,101,128
1,<environment.Job instance at 0x7fe98fcb7d70>,35,16,[1 9],36,157,173,121,144
1,<environment.Job instance at 0x7fe98fcb9af0>,51,2,[5 3],52,146,148,94,146
1,<environment.Job instance at 0x7fe98fcb9d20>,54,18,[7 1],55,157,175,102,146
1,<environment.Job instance at 0x7fe98fcb9fa0>,56,3,[8 4],57,175,178,118,149
1,<environment.Job instance at 0x7fe98fcbb0f0>,58,17,[3 7],59,178,195,119,166
1,<environment.Job instance at 0x7fe98fcbb410>,63,12,[5 3],64,178,190,114,173
1,<environment.Job instance at 0x7fe98fcbb910>,66,2,[7 2],67,190,192,123,174
1,<environment.Job instance at 0x7fe98fcbb9b0>,67,16,[1 9],68,195,211,127,182
1,<environment.Job instance at 0x7fe98fcbb4b0>,62,14,[4 9],63,211,225,148,197
1,<environment.Job instance at 0x7fe98fcbd230>,77,16,[8 1],78,225,241,147,212
1,<environment.Job instance at 0x7fe98fcbd4b0>,81,14,[8 5],82,241,255,159,226
1,<environment.Job instance at 0x7fe98fcbd690>,84,1,[5 5],85,255,256,170,232
1,<environment.Job instance at 0x7fe98fcbd730>,85,15,[1 7],86,256,271,170,242
1,<environment.Job instance at 0x7fe98fcbd870>,87,18,[7 1],88,256,274,168,246
1,<environment.Job instance at 0x7fe98fcb95a0>,49,17,[10  2],50,274,291,224,262
1,<environment.Job instance at 0x7fe98fcbdb90>,92,12,[5 5],93,291,303,198,274
1,<environment.Job instance at 0x7fe98fcbdeb0>,97,2,[6 2],98,303,305,205,291
1,<environment.Job instance at 0x7fe98fcbdf50>,98,1,[2 9],99,305,306,206,291
1,<environment.Job instance at 0x7fe98fcc2460>,99,2,[7 5],100,306,308,206,291
1,<environment.Job instance at 0x7fe98fcc2550>,100,2,[5 9],101,308,310,207,291
1,<environment.Job instance at 0x7fe98fcc25f0>,101,15,[2 7],102,310,325,208,296
1,<environment.Job instance at 0x7fe98fcc2730>,103,16,[1 9],104,325,341,221,312
1,<environment.Job instance at 0x7fe98fcc27d0>,104,1,[ 1 10],105,341,342,236,313
1,<environment.Job instance at 0x7fe98fcc29b0>,107,18,[5 5],108,342,360,234,331
1,<environment.Job instance at 0x7fe98fcc2a50>,108,3,[5 5],109,342,345,233,331
1,<environment.Job instance at 0x7fe98fcc2cd0>,112,12,[1 6],113,360,372,247,343
1,<environment.Job instance at 0x7fe98fcc2d70>,113,17,[5 1],114,345,362,231,343
1,<environment.Job instance at 0x7fe98fcc2e10>,114,1,[9 2],115,362,363,247,343
1,<environment.Job instance at 0x7fe9950ee870>,116,12,[8 4],117,363,375,246,346
1,<environment.Job instance at 0x7fe98fcc2e60>,118,16,[5 2],119,400,416,281,400
1,<environment.Job instance at 0x7fe98fccf3c0>,3,3,[10  1],4,4,7,0,4
1,<environment.Job instance at 0x7fe98fccf5f0>,4,1,[6 1],5,7,8,2,5
1,<environment.Job instance at 0x7fe98fccf910>,5,2,[7 4],6,8,10,2,7
1,<environment.Job instance at 0x7fe98fccf8c0>,7,14,[7 2],8,10,24,2,8
1,<environment.Job instance at 0x7fe98fccf7d0>,6,2,[1 6],7,10,12,3,10
1,<environment.Job instance at 0x7fe98fccfeb0>,14,12,[5 4],15,24,36,9,15
1,<environment.Job instance at 0x7fe98fccb550>,18,3,[4 6],19,24,27,5,21
1,<environment.Job instance at 0x7fe98fccb4b0>,19,1,[5 5],20,27,28,7,21
1,<environment.Job instance at 0x7fe98fccb190>,20,2,[7 5],21,36,38,15,21
1,<environment.Job instance at 0x7fe98fccfe60>,15,15,[8 3],16,38,53,22,24
1,<environment.Job instance at 0x7fe98fccb7d0>,25,3,[9 2],26,53,56,27,40
1,<environment.Job instance at 0x7fe98fccfcd0>,12,18,[10  4],13,56,74,43,46
1,<environment.Job instance at 0x7fe98fccbd20>,30,12,[5 1],31,74,86,43,59
1,<environment.Job instance at 0x7fe98fcd33c0>,34,1,[8 3],35,86,87,51,59
1,<environment.Job instance at 0x7fe98fcd3640>,35,17,[10  4],36,87,104,51,75
1,<environment.Job instance at 0x7fe94a0b4fa0>,44,14,[10  5],45,104,118,59,94
1,<environment.Job instance at 0x7fe94a0b44b0>,45,2,[5 6],46,118,120,72,94
1,<environment.Job instance at 0x7fe94a0b40f0>,49,14,[ 5 10],50,120,134,70,105
1,<environment.Job instance at 0x7fe94a0b4a50>,51,13,[5 7],52,134,147,82,118
1,<environment.Job instance at 0x7fe94a0b42d0>,52,3,[8 5],53,147,150,94,122
1,<environment.Job instance at 0x7fe94a0b64b0>,56,3,[10  3],57,150,153,93,130
1,<environment.Job instance at 0x7fe94a0b6190>,59,2,[10  2],60,153,155,93,136
1,<environment.Job instance at 0x7fe94a0b6500>,57,16,[8 4],58,155,171,97,142
1,<environment.Job instance at 0x7fe94a0b7d20>,67,13,[9 5],68,171,184,103,158
1,<environment.Job instance at 0x7fe94a0b71e0>,71,3,[9 5],72,184,187,112,172
1,<environment.Job instance at 0x7fe94a0b7460>,66,17,[9 1],67,187,204,120,175
1,<environment.Job instance at 0x7fe94a0adeb0>,73,12,[1 9],74,187,199,113,176
1,<environment.Job instance at 0x7fe94a1290f0>,76,3,[7 5],77,204,207,127,187
1,<environment.Job instance at 0x7fe94a0ce410>,81,14,[ 1 10],82,211,225,129,211
1,<environment.Job instance at 0x7fe94a1ebe60>,83,14,[5 9],84,225,239,141,212
1,<environment.Job instance at 0x7fe94a17cc80>,85,19,[ 1 10],86,239,258,153,230
1,<environment.Job instance at 0x7fe94a1a54b0>,91,17,[3 6],92,258,275,166,246
1,<environment.Job instance at 0x7fe94a1f07d0>,96,16,[1 8],97,275,291,178,262
1,<environment.Job instance at 0x7fe94a1a1b40>,99,17,[8 5],100,330,347,230,330
1,<environment.Job instance at 0x7fe94a1a1780>,100,3,[4 8],101,347,350,246,330
1,<environment.Job instance at 0x7fe94a1a1af0>,101,3,[5 3],102,350,353,248,330
1,<environment.Job instance at 0x7fe94a1a1410>,103,18,[5 1],104,347,365,243,336
1,<environment.Job instance at 0x7fe98fccff00>,2,12,[ 5 10],3,5,17,2,5
1,<environment.Job instance at 0x7fe98fccb140>,4,13,[4 5],5,17,30,12,8
1,<environment.Job instance at 0x7fe99522f6e0>,8,3,[5 1],9,17,20,8,9
1,<environment.Job instance at 0x7fe949f74cd0>,9,2,[6 2],10,20,22,10,10
1,<environment.Job instance at 0x7fe98fed3460>,18,2,[5 3],19,22,24,3,19
1,<environment.Job instance at 0x7fe949f69e10>,19,3,[4 8],20,30,33,10,20
1,<environment.Job instance at 0x7fe98fccb2d0>,0,13,[5 9],1,33,46,32,22
1,<environment.Job instance at 0x7fe94a079eb0>,24,3,[5 4],25,46,49,21,32
1,<environment.Job instance at 0x7fe98fafbc30>,26,15,[6 5],27,49,64,22,35
1,<environment.Job instance at 0x7fe98fef6a50>,28,17,[1 5],29,46,63,17,40
1,<environment.Job instance at 0x7fe98fecbb90>,29,18,[5 2],30,64,82,34,53
1,<environment.Job instance at 0x7fe99522ffa0>,11,16,[5 8],12,64,80,52,53
1,<environment.Job instance at 0x7fe979458870>,35,2,[5 8],36,80,82,44,54
1,<environment.Job instance at 0x7fe9950eb5a0>,36,17,[8 4],37,82,99,45,70
1,<environment.Job instance at 0x7fe99523d730>,42,15,[9 2],43,99,114,56,87
1,<environment.Job instance at 0x7fe949efdaa0>,43,2,[7 3],44,114,116,70,87
1,<environment.Job instance at 0x7fe949f14aa0>,45,2,[5 7],46,116,118,70,103
1,<environment.Job instance at 0x7fe949f14370>,46,2,[8 1],47,118,120,71,103
1,<environment.Job instance at 0x7fe949f142d0>,48,13,[8 4],49,120,133,71,104
1,<environment.Job instance at 0x7fe949f146e0>,50,2,[4 9],51,133,135,82,117
1,<environment.Job instance at 0x7fe949f14140>,51,3,[9 4],52,135,138,83,117
1,<environment.Job instance at 0x7fe949f14a00>,52,2,[2 9],53,118,120,65,117
1,<environment.Job instance at 0x7fe949f14b40>,53,15,[7 2],54,138,153,84,124
1,<environment.Job instance at 0x7fe949f140a0>,56,13,[8 2],57,153,166,96,137
1,<environment.Job instance at 0x7fe949f7ecd0>,59,15,[6 5],60,166,181,106,152
1,<environment.Job instance at 0x7fe949f7ee10>,63,17,[7 4],64,181,198,117,169
1,<environment.Job instance at 0x7fe94a079e60>,25,18,[ 1 10],26,198,216,172,187
1,<environment.Job instance at 0x7fe98fb4d2d0>,67,16,[5 3],68,216,232,148,203
1,<environment.Job instance at 0x7fe98ff18780>,68,14,[7 1],69,232,246,163,217
1,<environment.Job instance at 0x7fe949f0f3c0>,73,16,[4 5],74,246,262,172,233
1,<environment.Job instance at 0x7fe949f0fdc0>,78,14,[9 4],79,262,276,183,248
1,<environment.Job instance at 0x7fe98fb15a50>,80,16,[8 3],81,276,292,195,263
1,<environment.Job instance at 0x7fe99015ca50>,83,16,[ 4 10],84,292,308,208,279
1,<environment.Job instance at 0x7fe94a3127d0>,1,3,[6 1],2,3,6,1,3
1,<environment.Job instance at 0x7fe94a311460>,5,13,[9 1],6,7,20,1,7
1,<environment.Job instance at 0x7fe9903d2910>,6,18,[8 3],7,20,38,13,11
1,<environment.Job instance at 0x7fe94a5b65f0>,16,2,[2 7],17,20,22,3,17
1,<environment.Job instance at 0x7fe94a542230>,13,2,[10  2],14,38,40,24,19
1,<environment.Job instance at 0x7fe94a5b6c80>,15,15,[1 5],16,22,37,6,20
1,<environment.Job instance at 0x7fe94a5974b0>,17,13,[ 5 10],18,40,53,22,26
1,<environment.Job instance at 0x7fe990446eb0>,22,17,[8 2],23,53,70,30,41
1,<environment.Job instance at 0x7fe99045a190>,26,17,[7 4],27,70,87,43,58
1,<environment.Job instance at 0x7fe94a44e410>,31,13,[1 7],32,87,100,55,71
1,<environment.Job instance at 0x7fe98fdc4be0>,29,18,[10  4],30,100,118,70,89
1,<environment.Job instance at 0x7fe9900eccd0>,38,15,[10  4],39,118,133,79,104
1,<environment.Job instance at 0x7fe98fd70be0>,41,16,[4 5],42,133,149,91,120
1,<environment.Job instance at 0x7fe98fe69eb0>,47,16,[7 4],48,149,165,101,136
1,<environment.Job instance at 0x7fe990446320>,20,16,[ 4 10],21,165,181,144,152
1,<environment.Job instance at 0x7fe9902f4190>,54,12,[8 1],55,181,193,126,165
1,<environment.Job instance at 0x7fe990273460>,61,3,[3 8],62,193,196,131,176
1,<environment.Job instance at 0x7fe990273d70>,62,16,[6 4],63,196,212,133,183
1,<environment.Job instance at 0x7fe9902736e0>,64,14,[3 6],65,196,210,131,183
1,<environment.Job instance at 0x7fe990273640>,60,12,[10  5],61,224,236,163,224
1,<environment.Job instance at 0x7fe9902730f0>,70,13,[6 2],71,243,256,172,243
1,<environment.Job instance at 0x7fe990340f50>,71,3,[7 4],72,256,259,184,243
1,<environment.Job instance at 0x7fe98fdd4a50>,73,1,[5 8],74,259,260,185,243
1,<environment.Job instance at 0x7fe9903d21e0>,4,14,[3 8],5,338,352,333,338
1,<environment.Job instance at 0x7fe9903405a0>,78,14,[8 2],79,352,366,273,339
1,<environment.Job instance at 0x7fe98fdb9be0>,76,14,[9 4],77,366,380,289,351
1,<environment.Job instance at 0x7fe99007bc30>,83,13,[ 4 10],84,380,393,296,377
1,<environment.Job instance at 0x7fe98fcec550>,85,3,[8 5],86,393,396,307,377
1,<environment.Job instance at 0x7fe98fcec640>,86,14,[2 5],87,393,407,306,379
1,<environment.Job instance at 0x7fe98fc985a0>,90,13,[5 5],91,396,409,305,380
1,<environment.Job instance at 0x7fe98fcea640>,93,3,[10  3],94,409,412,315,384
1,<environment.Job instance at 0x7fe98fe01410>,95,14,[3 8],96,412,426,316,397
1,<environment.Job instance at 0x7fe94a5b4af0>,3,2,[9 1],4,5,7,1,5
1,<environment.Job instance at 0x7fe98fe01410>,5,12,[4 5],6,7,19,1,6
1,<environment.Job instance at 0x7fe9907e2280>,10,15,[2 5],11,14,29,3,14
1,<environment.Job instance at 0x7fe94a3b60a0>,0,13,[5 5],1,19,32,18,16
1,<environment.Job instance at 0x7fe98fdb5320>,7,18,[8 2],8,32,50,24,21
1,<environment.Job instance at 0x7fe94a438fa0>,17,16,[7 2],18,50,66,32,38
1,<environment.Job instance at 0x7fe9901572d0>,15,17,[8 2],16,66,83,50,54
1,<environment.Job instance at 0x7fe990157af0>,30,18,[ 2 10],31,83,101,52,75
1,<environment.Job instance at 0x7fe99021fb90>,32,13,[1 5],33,101,114,68,85
1,<environment.Job instance at 0x7fe99021f820>,33,2,[5 9],34,114,116,80,87
1,<environment.Job instance at 0x7fe99021fbe0>,35,3,[4 6],36,116,119,80,98
1,<environment.Job instance at 0x7fe9901570a0>,24,16,[9 5],25,119,135,94,106
1,<environment.Job instance at 0x7fe99021fe60>,41,14,[9 2],42,135,149,93,123
1,<environment.Job instance at 0x7fe99021f550>,43,2,[7 2],44,149,151,105,123
1,<environment.Job instance at 0x7fe99021fdc0>,47,1,[6 2],48,151,152,103,127
1,<environment.Job instance at 0x7fe99021f4b0>,48,15,[2 8],49,149,164,100,135
1,<environment.Job instance at 0x7fe99021fc80>,50,14,[7 2],51,152,166,101,139
1,<environment.Job instance at 0x7fe94a38cfa0>,54,12,[3 9],55,166,178,111,149
1,<environment.Job instance at 0x7fe94a3a8b40>,55,18,[4 6],56,178,196,122,167
1,<environment.Job instance at 0x7fe94a671910>,63,3,[5 7],64,196,199,132,176
1,<environment.Job instance at 0x7fe94a657f50>,64,2,[ 5 10],65,199,201,134,176
1,<environment.Job instance at 0x7fe94a668b40>,65,16,[4 7],66,201,217,135,188
1,<environment.Job instance at 0x7fe94a3994b0>,71,12,[2 6],72,217,229,145,200
1,<environment.Job instance at 0x7fe94a3992d0>,75,15,[5 9],76,229,244,153,216
1,<environment.Job instance at 0x7fe94a39e8c0>,59,18,[3 8],60,244,262,184,233
1,<environment.Job instance at 0x7fe94a3aa550>,82,12,[2 9],83,262,274,179,246
1,<environment.Job instance at 0x7fe94a39b140>,90,13,[10  1],91,274,287,183,258
1,<environment.Job instance at 0x7fe94a39ba00>,94,12,[9 3],95,287,299,192,270
1,<environment.Job instance at 0x7fe94a39bfa0>,99,3,[7 2],100,299,302,199,277
1,<environment.Job instance at 0x7fe94a3a2870>,100,17,[5 6],101,302,319,201,293
1,<environment.Job instance at 0x7fe94a3a2e60>,106,15,[10  2],107,322,337,215,322
1,<environment.Job instance at 0x7fe94a3995f0>,74,16,[ 5 10],75,337,353,262,329
1,<environment.Job instance at 0x7fe94a064f00>,6,14,[8 4],7,9,23,2,9
1,<environment.Job instance at 0x7fe94a064c80>,9,3,[3 7],10,23,26,13,15
1,<environment.Job instance at 0x7fe94a064d70>,7,14,[9 2],8,26,40,18,16
1,<environment.Job instance at 0x7fe94a2a9370>,11,2,[5 5],12,40,42,28,16
1,<environment.Job instance at 0x7fe94a2a99b0>,16,3,[3 9],17,42,45,25,27
1,<environment.Job instance at 0x7fe94a2a9780>,17,15,[6 1],18,42,57,24,32
1,<environment.Job instance at 0x7fe94a2a91e0>,18,13,[1 5],19,45,58,26,36
1,<environment.Job instance at 0x7fe94a2a9820>,19,1,[2 8],20,58,59,38,36
1,<environment.Job instance at 0x7fe9908eae60>,23,1,[1 6],24,39,40,15,39
1,<environment.Job instance at 0x7fe9908ea140>,26,15,[10  3],27,63,78,36,63
1,<environment.Job instance at 0x7fe94a2a9e10>,21,14,[3 6],22,78,92,56,63
1,<environment.Job instance at 0x7fe9908ea1e0>,29,17,[5 2],30,78,95,48,68
1,<environment.Job instance at 0x7fe9908ea2d0>,30,13,[5 4],31,92,105,61,76
1,<environment.Job instance at 0x7fe9908eab90>,32,3,[9 5],33,105,108,72,86
1,<environment.Job instance at 0x7fe9908ea3c0>,33,3,[1 8],34,108,111,74,86
1,<environment.Job instance at 0x7fe9908ead20>,34,2,[9 2],35,108,110,73,86
1,<environment.Job instance at 0x7fe9908eaa00>,35,15,[6 2],36,110,125,74,97
1,<environment.Job instance at 0x7fe9908eabe0>,36,2,[10  2],37,125,127,88,98
1,<environment.Job instance at 0x7fe94a29f050>,38,2,[2 7],39,111,113,72,100
1,<environment.Job instance at 0x7fe94a29f0f0>,40,17,[5 2],41,127,144,86,115
1,<environment.Job instance at 0x7fe94a29ff00>,42,12,[6 2],43,144,156,101,129
1,<environment.Job instance at 0x7fe94a29faf0>,43,1,[1 5],44,129,130,85,129
1,<environment.Job instance at 0x7fe94a29ffa0>,46,16,[8 2],47,156,172,109,144
1,<environment.Job instance at 0x7fe98fe03c80>,0,17,[10  2],1,292,309,291,292
1,<environment.Job instance at 0x7fe94a29f690>,48,14,[8 5],49,309,323,260,298
1,<environment.Job instance at 0x7fe990719f00>,2,1,[5 3],3,3,4,0,3
1,<environment.Job instance at 0x7fe98fbe48c0>,7,17,[5 7],8,8,25,0,8
1,<environment.Job instance at 0x7fe98fbe4c80>,10,3,[8 5],11,25,28,14,11
1,<environment.Job instance at 0x7fe990661190>,12,3,[4 7],13,28,31,15,13
1,<environment.Job instance at 0x7fe990659410>,14,12,[1 5],15,31,43,16,15
1,<environment.Job instance at 0x7fe990661280>,11,2,[4 5],12,31,33,19,15
1,<environment.Job instance at 0x7fe99037f460>,16,12,[6 4],17,33,45,16,17
1,<environment.Job instance at 0x7fe990659f00>,13,12,[9 3],14,45,57,31,29
1,<environment.Job instance at 0x7fe9906529b0>,6,12,[4 8],7,57,69,50,42
1,<environment.Job instance at 0x7fe98ff9ee60>,28,14,[4 5],29,69,83,40,54
1,<environment.Job instance at 0x7fe98fc75d20>,29,14,[9 4],30,83,97,53,69
1,<environment.Job instance at 0x7fe990607230>,33,3,[ 1 10],34,97,100,63,75
1,<environment.Job instance at 0x7fe9907db0f0>,9,12,[1 9],10,100,112,90,86
1,<environment.Job instance at 0x7fe98fc79690>,38,13,[ 3 10],39,112,125,73,97
1,<environment.Job instance at 0x7fe9908ae690>,37,13,[4 7],38,125,138,87,112
1,<environment.Job instance at 0x7fe98ff89f00>,43,17,[6 1],44,125,142,81,114
1,<environment.Job instance at 0x7fe98ff89640>,46,13,[8 5],47,142,155,95,127
1,<environment.Job instance at 0x7fe949f404b0>,49,18,[5 2],50,155,173,105,144
1,<environment.Job instance at 0x7fe990241280>,53,3,[4 8],54,155,158,101,144
1,<environment.Job instance at 0x7fe94a24a230>,55,12,[3 7],56,158,170,102,145
1,<environment.Job instance at 0x7fe94a24a0a0>,57,16,[2 7],58,170,186,112,158
1,<environment.Job instance at 0x7fe94a24ae60>,61,14,[1 7],62,186,200,124,172
1,<environment.Job instance at 0x7fe94a24a0f0>,67,3,[4 6],68,200,203,132,192
1,<environment.Job instance at 0x7fe94a4c97d0>,68,16,[8 4],69,203,219,134,192
1,<environment.Job instance at 0x7fe94a4c9870>,72,1,[6 5],73,219,220,146,210
1,<environment.Job instance at 0x7fe990607a50>,36,17,[2 9],37,220,237,183,217
1,<environment.Job instance at 0x7fe94a412230>,78,1,[6 4],79,237,238,158,232
1,<environment.Job instance at 0x7fe98fc04960>,80,15,[3 8],81,256,271,175,256
1,<environment.Job instance at 0x7fe94a15efa0>,81,12,[3 9],82,271,283,189,262
1,<environment.Job instance at 0x7fe99023e0f0>,86,2,[5 7],87,283,285,196,262
1,<environment.Job instance at 0x7fe99023e3c0>,87,1,[2 8],88,285,286,197,262
1,<environment.Job instance at 0x7fe99023e7d0>,88,2,[6 4],89,286,288,197,262
1,<environment.Job instance at 0x7fe9902ffbe0>,90,12,[3 6],91,286,298,195,275
1,<environment.Job instance at 0x7fe9902ffd70>,91,2,[3 5],92,298,300,206,275
1,<environment.Job instance at 0x7fe98fb6daf0>,96,15,[3 6],97,300,315,203,286
1,<environment.Job instance at 0x7fe94a0ebd20>,98,15,[5 5],99,315,330,216,303
1,<environment.Job instance at 0x7fe9908da460>,102,3,[9 4],103,330,333,227,312
1,<environment.Job instance at 0x7fe98fc3caa0>,103,18,[3 7],104,333,351,229,323
1,<environment.Job instance at 0x7fe9902362d0>,106,15,[5 1],107,333,348,226,325
1,<environment.Job instance at 0x7fe990236140>,107,3,[3 8],108,351,354,243,325
1,<environment.Job instance at 0x7fe990236dc0>,109,1,[4 5],110,327,328,217,327
1,<environment.Job instance at 0x7fe98fc0bbe0>,110,18,[2 7],111,354,372,243,343
1,<environment.Job instance at 0x7fe9902363c0>,111,15,[6 3],112,354,369,242,344
1,<environment.Job instance at 0x7fe949fe5690>,116,13,[6 5],117,372,385,255,356
1,<environment.Job instance at 0x7fe98ffa2910>,41,17,[10  5],42,386,403,344,386
1,<environment.Job instance at 0x7fe9907dbaa0>,2,2,[3 6],3,5,7,2,5
1,<environment.Job instance at 0x7fe9900519b0>,5,2,[2 9],6,7,9,1,6
1,<environment.Job instance at 0x7fe94a3f93c0>,7,2,[4 6],8,9,11,1,8
1,<environment.Job instance at 0x7fe98ff89cd0>,4,18,[3 6],5,11,29,6,11
1,<environment.Job instance at 0x7fe98fc7be60>,10,17,[5 8],11,29,46,18,22
1,<environment.Job instance at 0x7fe990369050>,17,3,[ 4 10],18,46,49,28,22
1,<environment.Job instance at 0x7fe9903693c0>,18,2,[2 5],19,49,51,30,22
1,<environment.Job instance at 0x7fe9903690f0>,21,17,[2 9],22,51,68,29,39
1,<environment.Job instance at 0x7fe94a33e0a0>,26,13,[9 1],27,68,81,41,52
1,<environment.Job instance at 0x7fe94a33e7d0>,29,14,[5 1],30,81,95,51,66
1,<environment.Job instance at 0x7fe990369cd0>,19,12,[7 5],20,95,107,75,83
1,<environment.Job instance at 0x7fe9950e80f0>,34,1,[ 1 10],35,107,108,72,83
1,<environment.Job instance at 0x7fe9950e8b90>,32,13,[9 2],33,108,121,75,94
1,<environment.Job instance at 0x7fe99066e6e0>,44,17,[1 8],45,108,125,63,100
1,<environment.Job instance at 0x7fe99066e2d0>,48,2,[5 5],49,125,127,76,108
1,<environment.Job instance at 0x7fe99066e0f0>,45,13,[4 7],46,127,140,81,111
1,<environment.Job instance at 0x7fe99069e1e0>,2,3,[7 1],3,3,6,0,3
1,<environment.Job instance at 0x7fe99069e820>,1,3,[5 9],2,6,9,4,3
1,<environment.Job instance at 0x7fe94a5939b0>,7,1,[5 4],8,9,10,1,8
1,<environment.Job instance at 0x7fe94a2fee60>,9,12,[1 6],10,10,22,0,10
1,<environment.Job instance at 0x7fe94a2feaa0>,8,3,[3 5],9,22,25,13,10
1,<environment.Job instance at 0x7fe94a2fea00>,11,3,[7 5],12,22,25,10,12
1,<environment.Job instance at 0x7fe94a5df460>,14,2,[8 1],15,15,17,0,15
1,<environment.Job instance at 0x7fe94a5df280>,15,15,[7 1],16,25,40,9,16
1,<environment.Job instance at 0x7fe94a5dfc30>,13,18,[8 3],14,40,58,26,29
1,<environment.Job instance at 0x7fe94a5ec550>,24,14,[5 8],25,58,72,33,43
1,<environment.Job instance at 0x7fe94a5ec0a0>,27,2,[10  5],28,72,74,44,50
1,<environment.Job instance at 0x7fe94a3f2320>,29,14,[7 5],30,74,88,44,59
1,<environment.Job instance at 0x7fe98fcd3a50>,31,13,[5 2],32,88,101,56,77
1,<environment.Job instance at 0x7fe9907db0a0>,32,18,[5 3],33,88,106,55,84
1,<environment.Job instance at 0x7fe990700140>,28,17,[9 2],29,106,123,77,105
1,<environment.Job instance at 0x7fe94a5df5a0>,12,15,[4 9],13,123,138,110,109
1,<environment.Job instance at 0x7fe990848fa0>,46,17,[1 6],47,138,155,91,126
1,<environment.Job instance at 0x7fe9906fbd20>,47,18,[5 5],48,155,173,107,144
1,<environment.Job instance at 0x7fe9906fba00>,49,13,[8 4],50,173,186,123,171
1,<environment.Job instance at 0x7fe9904c8aa0>,55,13,[ 5 10],56,186,199,130,171
1,<environment.Job instance at 0x7fe949fd99b0>,60,3,[10  2],61,199,202,138,176
1,<environment.Job instance at 0x7fe949fd9190>,63,16,[7 2],64,202,218,138,189
1,<environment.Job instance at 0x7fe949fd9e10>,62,14,[3 8],63,202,216,139,192
1,<environment.Job instance at 0x7fe949fd9410>,67,18,[2 6],68,216,234,148,205
1,<environment.Job instance at 0x7fe9909d5230>,69,12,[10  4],70,234,246,164,217
1,<environment.Job instance at 0x7fe9909d5280>,77,13,[5 1],78,246,259,168,230
1,<environment.Job instance at 0x7fe9909d5550>,79,13,[5 8],80,246,259,166,236
1,<environment.Job instance at 0x7fe9906fb910>,48,18,[ 3 10],49,259,277,210,248
1,<environment.Job instance at 0x7fe9909d55a0>,84,15,[5 5],85,277,292,192,263
1,<environment.Job instance at 0x7fe949f20730>,90,13,[7 3],91,292,305,201,276
1,<environment.Job instance at 0x7fe949f201e0>,93,18,[6 4],94,305,323,211,294
1,<environment.Job instance at 0x7fe949f20500>,96,14,[5 7],97,323,337,226,308
1,<environment.Job instance at 0x7fe949f20870>,98,16,[1 7],99,337,353,238,324
1,<environment.Job instance at 0x7fe94a2fe870>,1,17,[7 4],2,4,21,2,4
1,<environment.Job instance at 0x7fe98ffbff00>,3,3,[2 7],4,21,24,17,5
1,<environment.Job instance at 0x7fe94a2faeb0>,6,1,[6 4],7,24,25,17,9
1,<environment.Job instance at 0x7fe94a2fab40>,8,1,[3 8],9,25,26,16,9
1,<environment.Job instance at 0x7fe98fff5960>,2,15,[3 6],3,26,41,23,12
1,<environment.Job instance at 0x7fe9900daaf0>,17,2,[4 9],18,41,43,23,23
1,<environment.Job instance at 0x7fe99073b5a0>,5,18,[8 2],6,43,61,37,33
1,<environment.Job instance at 0x7fe9905b0dc0>,22,3,[2 8],23,43,46,20,38
1,<environment.Job instance at 0x7fe94a613550>,23,2,[6 4],24,61,63,37,40
1,<environment.Job instance at 0x7fe98fffef50>,27,3,[8 1],28,63,66,35,44
1,<environment.Job instance at 0x7fe99071fa00>,21,15,[7 2],22,66,81,44,53
1,<environment.Job instance at 0x7fe94a5ffc80>,33,14,[5 7],34,81,95,47,66
1,<environment.Job instance at 0x7fe9900da140>,20,14,[10  4],21,95,109,74,81
1,<environment.Job instance at 0x7fe990969d20>,42,12,[5 5],43,109,121,66,92
1,<environment.Job instance at 0x7fe98fb5c4b0>,46,2,[7 3],47,121,123,74,102
1,<environment.Job instance at 0x7fe94a133d70>,45,13,[2 6],46,121,134,75,114
1,<environment.Job instance at 0x7fe98fb5c3c0>,52,2,[6 5],53,134,136,81,118
1,<environment.Job instance at 0x7fe98fb5cd70>,53,3,[4 7],54,136,139,82,119
1,<environment.Job instance at 0x7fe98fb5ce10>,54,17,[5 4],55,139,156,84,129
1,<environment.Job instance at 0x7fe98fb5c780>,56,15,[4 7],57,156,171,99,142
1,<environment.Job instance at 0x7fe98faa5960>,63,17,[7 4],64,171,188,107,159
1,<environment.Job instance at 0x7fe9909e2a00>,68,16,[6 5],69,188,204,119,175
1,<environment.Job instance at 0x7fe94a5c4640>,74,12,[9 4],75,204,216,129,187
1,<environment.Job instance at 0x7fe9908a2780>,77,15,[1 6],78,205,220,127,205
1,<environment.Job instance at 0x7fe98fb001e0>,3,3,[10  4],4,5,8,1,5
1,<environment.Job instance at 0x7fe9908a2280>,2,3,[7 5],3,8,11,5,6
1,<environment.Job instance at 0x7fe94a606140>,6,2,[1 9],7,11,13,4,7
1,<environment.Job instance at 0x7fe94a606230>,7,13,[ 5 10],8,13,26,5,9
1,<environment.Job instance at 0x7fe94a623f50>,11,1,[10  4],12,26,27,14,15
1,<environment.Job instance at 0x7fe94a606500>,10,18,[8 5],11,27,45,16,19
1,<environment.Job instance at 0x7fe94a623e60>,5,18,[6 2],6,45,63,39,34
1,<environment.Job instance at 0x7fe94a606730>,12,18,[4 5],13,45,63,32,42
1,<environment.Job instance at 0x7fe94a606be0>,21,2,[9 4],22,63,65,41,50
1,<environment.Job instance at 0x7fe94a606e60>,22,16,[3 5],23,65,81,42,53
1,<environment.Job instance at 0x7fe94a606fa0>,26,14,[6 1],27,65,79,38,55
1,<environment.Job instance at 0x7fe94a635280>,27,3,[ 5 10],28,81,84,53,56
1,<environment.Job instance at 0x7fe94a635320>,28,2,[3 9],29,84,86,55,57
1,<environment.Job instance at 0x7fe94a6067d0>,13,18,[8 1],14,86,104,72,75
1,<environment.Job instance at 0x7fe94a635500>,31,2,[1 5],32,79,81,47,75
1,<environment.Job instance at 0x7fe94a6355a0>,32,3,[9 5],33,104,107,71,78
1,<environment.Job instance at 0x7fe94a635690>,34,2,[7 4],35,107,109,72,81
1,<environment.Job instance at 0x7fe94a635aa0>,37,15,[6 4],38,109,124,71,95
1,<environment.Job instance at 0x7fe94a635be0>,39,15,[ 5 10],40,124,139,84,112
1,<environment.Job instance at 0x7fe94a635f00>,43,18,[9 2],44,139,157,95,128
1,<environment.Job instance at 0x7fe94a635f50>,45,16,[10  3],46,157,173,111,145
1,<environment.Job instance at 0x7fe94a61f550>,50,17,[10  1],51,173,190,122,161
1,<environment.Job instance at 0x7fe94a61faa0>,54,16,[3 9],55,190,206,135,177
1,<environment.Job instance at 0x7fe94a61ff00>,58,16,[3 5],59,206,222,147,193
1,<environment.Job instance at 0x7fe94a61fcd0>,61,1,[4 6],62,222,223,160,194
1,<environment.Job instance at 0x7fe94a635460>,30,18,[7 3],31,223,241,192,213
1,<environment.Job instance at 0x7fe94a610500>,67,2,[8 2],68,241,243,173,218
1,<environment.Job instance at 0x7fe94a6100f0>,68,3,[9 2],69,243,246,174,218
1,<environment.Job instance at 0x7fe94a610780>,70,2,[7 3],71,246,248,175,230
1,<environment.Job instance at 0x7fe94a610820>,71,12,[10  4],72,248,260,176,231
1,<environment.Job instance at 0x7fe94a610c30>,77,3,[1 6],78,234,237,156,234
1,<environment.Job instance at 0x7fe94a6106e0>,69,15,[5 5],70,260,275,190,247
1,<environment.Job instance at 0x7fe94a6210f0>,82,13,[7 3],83,275,288,192,259
1,<environment.Job instance at 0x7fe94a6212d0>,85,17,[5 9],86,288,305,202,276
1,<environment.Job instance at 0x7fe94a6214b0>,88,17,[4 9],89,305,322,216,293
1,<environment.Job instance at 0x7fe94a621690>,91,17,[8 2],92,322,339,230,310
1,<environment.Job instance at 0x7fe94a621c80>,95,16,[3 8],96,339,355,243,326
1,<environment.Job instance at 0x7fe94a621c30>,97,18,[5 4],98,355,373,257,344
1,<environment.Job instance at 0x7fe94a621e10>,100,12,[2 9],101,373,385,272,356
1,<environment.Job instance at 0x7fe94a621eb0>,103,16,[3 9],104,385,401,281,372
1,<environment.Job instance at 0x7fe94a608140>,105,13,[ 3 10],106,401,414,295,385
1,<environment.Job instance at 0x7fe94a608550>,111,17,[3 7],112,414,431,302,402
1,<environment.Job instance at 0x7fe94a608b40>,115,3,[9 3],116,431,434,315,413
1,<environment.Job instance at 0x7fe94a608be0>,116,17,[1 6],117,431,448,314,419
1,<environment.Job instance at 0x7fe98fcd4190>,3,2,[4 8],4,6,8,2,6
1,<environment.Job instance at 0x7fe98fcd4820>,6,3,[7 4],7,8,11,1,7
1,<environment.Job instance at 0x7fe94a30a320>,2,18,[10  1],3,12,30,9,12
1,<environment.Job instance at 0x7fe94a4ebb40>,10,2,[8 2],11,30,32,19,15
1,<environment.Job instance at 0x7fe94a536460>,15,3,[7 3],16,32,35,16,17
1,<environment.Job instance at 0x7fe94a608870>,5,12,[5 9],6,35,47,29,19
1,<environment.Job instance at 0x7fe94a536690>,18,12,[10  2],19,47,59,28,30
1,<environment.Job instance at 0x7fe949e836e0>,21,15,[9 5],22,59,74,37,46
1,<environment.Job instance at 0x7fe949e831e0>,30,3,[10  4],31,74,77,43,50
1,<environment.Job instance at 0x7fe949e83eb0>,27,15,[ 3 10],28,77,92,49,64
1,<environment.Job instance at 0x7fe98fff14b0>,35,12,[7 2],36,92,104,56,76
1,<environment.Job instance at 0x7fe949e83b90>,25,15,[10  1],26,104,119,78,90
1,<environment.Job instance at 0x7fe990074d70>,33,17,[ 2 10],34,119,136,85,108
1,<environment.Job instance at 0x7fe94a39bc30>,46,13,[8 3],47,136,149,89,121
1,<environment.Job instance at 0x7fe94a1ebc80>,48,15,[8 2],49,149,164,100,136
1,<environment.Job instance at 0x7fe94a536c80>,13,18,[ 3 10],14,164,182,150,156
1,<environment.Job instance at 0x7fe949e832d0>,31,17,[5 6],32,182,199,150,177
1,<environment.Job instance at 0x7fe94a48df50>,62,3,[5 8],63,199,202,136,178
1,<environment.Job instance at 0x7fe94a48d910>,64,13,[10  5],65,296,309,231,296
1,<environment.Job instance at 0x7fe94a48d870>,65,12,[10  3],66,316,328,250,316
1,<environment.Job instance at 0x7fe94a48dd70>,67,3,[5 7],68,328,331,260,322
1,<environment.Job instance at 0x7fe94a48df00>,69,12,[7 1],70,331,343,261,324
1,<environment.Job instance at 0x7fe94a48da00>,70,18,[5 7],71,380,398,309,380
1,<environment.Job instance at 0x7fe94a48d460>,73,14,[5 6],74,398,412,324,387
1,<environment.Job instance at 0x7fe990707320>,74,15,[6 4],75,412,427,337,400
1,<environment.Job instance at 0x7fe98fe16500>,4,2,[5 6],5,5,7,0,5
1,<environment.Job instance at 0x7fe990707320>,3,18,[6 1],4,8,26,4,8
1,<environment.Job instance at 0x7fe98fc44230>,6,2,[3 9],7,9,11,2,9
1,<environment.Job instance at 0x7fe9904a1a50>,10,3,[6 3],11,26,29,15,11
1,<environment.Job instance at 0x7fe9904a1500>,7,17,[3 7],8,13,30,5,13
1,<environment.Job instance at 0x7fe99030b410>,16,1,[1 5],17,30,31,13,17
1,<environment.Job instance at 0x7fe99030b3c0>,17,2,[10  1],18,31,33,13,18
1,<environment.Job instance at 0x7fe99030b190>,18,14,[3 7],19,33,47,14,19
1,<environment.Job instance at 0x7fe9904a10f0>,9,16,[5 1],10,33,49,23,30
1,<environment.Job instance at 0x7fe99037e550>,11,12,[4 8],12,47,59,35,32
1,<environment.Job instance at 0x7fe990077d70>,25,12,[3 5],26,59,71,33,42
1,<environment.Job instance at 0x7fe9900774b0>,27,14,[6 2],28,49,63,21,43
1,<environment.Job instance at 0x7fe94a117410>,36,12,[3 8],37,71,83,34,56
1,<environment.Job instance at 0x7fe94a117b40>,37,3,[6 4],38,63,66,25,56
1,<environment.Job instance at 0x7fe94a117d20>,39,12,[ 5 10],40,83,95,43,66
1,<environment.Job instance at 0x7fe9900778c0>,22,15,[ 5 10],23,95,110,72,82
1,<environment.Job instance at 0x7fe94a117640>,41,12,[ 4 10],42,110,122,68,95
1,<environment.Job instance at 0x7fe99084cf50>,46,13,[2 9],47,122,135,75,107
1,<environment.Job instance at 0x7fe94a117500>,40,18,[9 4],41,135,153,94,124
1,<environment.Job instance at 0x7fe94a0b4190>,53,17,[6 3],54,153,170,99,144
1,<environment.Job instance at 0x7fe94a0b4460>,55,3,[5 4],56,170,173,114,144
1,<environment.Job instance at 0x7fe94a0b4f00>,60,14,[5 7],61,173,187,112,158
1,<environment.Job instance at 0x7fe94a0b4f50>,64,15,[9 5],65,187,202,122,173
1,<environment.Job instance at 0x7fe94a066a00>,70,15,[9 2],71,202,217,131,189
1,<environment.Job instance at 0x7fe94a0668c0>,72,2,[7 2],73,217,219,144,196
1,<environment.Job instance at 0x7fe94a066230>,74,13,[1 9],75,219,232,144,203
1,<environment.Job instance at 0x7fe949f5de60>,76,17,[1 8],77,232,249,155,221
1,<environment.Job instance at 0x7fe949f5d280>,78,3,[3 9],79,249,252,170,223
1,<environment.Job instance at 0x7fe949f5de10>,81,17,[3 7],82,252,269,170,240
1,<environment.Job instance at 0x7fe949f5d4b0>,83,14,[4 6],84,269,283,185,254
1,<environment.Job instance at 0x7fe9900d3910>,86,12,[5 8],87,283,295,196,266
1,<environment.Job instance at 0x7fe9900d39b0>,92,14,[9 2],93,295,309,202,280
1,<environment.Job instance at 0x7fe9900d35f0>,94,3,[2 7],95,309,312,214,292
1,<environment.Job instance at 0x7fe9900d3a50>,95,16,[5 1],96,309,325,213,296
1,<environment.Job instance at 0x7fe9900d3be0>,96,3,[2 7],97,312,315,215,296
1,<environment.Job instance at 0x7fe949e4d0f0>,8,1,[5 9],9,20,21,11,20
1,<environment.Job instance at 0x7fe98fddd640>,9,3,[6 3],10,21,24,11,20
1,<environment.Job instance at 0x7fe94a1c2140>,10,12,[8 4],11,24,36,13,20
1,<environment.Job instance at 0x7fe99037e2d0>,6,14,[9 1],7,36,50,29,21
1,<environment.Job instance at 0x7fe94a518a50>,7,15,[2 5],8,21,36,13,21
1,<environment.Job instance at 0x7fe9906e6c80>,17,3,[3 6],18,50,53,32,26
1,<environment.Job instance at 0x7fe98fd0aaf0>,18,2,[5 6],19,53,55,34,26
1,<environment.Job instance at 0x7fe98fd0adc0>,20,2,[5 2],21,50,52,29,37
1,<environment.Job instance at 0x7fe949dfe4b0>,21,2,[1 7],22,37,39,15,37
1,<environment.Job instance at 0x7fe98fc27a50>,22,15,[4 5],23,55,70,32,41
1,<environment.Job instance at 0x7fe99075efa0>,23,2,[2 6],24,70,72,46,43
1,<environment.Job instance at 0x7fe98fc9e4b0>,24,1,[8 1],25,70,71,45,43
1,<environment.Job instance at 0x7fe94a0d0730>,27,17,[8 3],28,71,88,43,59
1,<environment.Job instance at 0x7fe98ff7ce10>,29,3,[3 8],30,88,91,58,62
1,<environment.Job instance at 0x7fe98fd76910>,31,15,[3 7],32,91,106,59,77
1,<environment.Job instance at 0x7fe98fb2f460>,33,2,[4 9],34,106,108,72,79
1,<environment.Job instance at 0x7fe94a30a730>,30,17,[8 5],31,108,125,77,101
1,<environment.Job instance at 0x7fe949d2d780>,38,2,[10  3],39,125,127,86,101
1,<environment.Job instance at 0x7fe9902363c0>,39,3,[4 7],40,127,130,87,101
1,<environment.Job instance at 0x7fe98fecb230>,43,2,[5 7],44,130,132,86,103
1,<environment.Job instance at 0x7fe990091230>,44,18,[9 2],45,132,150,87,121
1,<environment.Job instance at 0x7fe949ec9960>,49,1,[10  5],50,150,151,100,139
1,<environment.Job instance at 0x7fe98fbf96e0>,50,15,[10  5],51,151,166,100,140
1,<environment.Job instance at 0x7fe98fbf9af0>,51,17,[8 2],52,166,183,114,154
1,<environment.Job instance at 0x7fe98fbf9370>,53,2,[5 2],54,183,185,129,156
1,<environment.Job instance at 0x7fe98fbf9190>,55,12,[5 2],56,183,195,127,170
1,<environment.Job instance at 0x7fe9900760f0>,11,14,[ 2 10],12,195,209,183,183
1,<environment.Job instance at 0x7fe98fbf9c30>,58,2,[6 2],59,209,211,150,188
1,<environment.Job instance at 0x7fe949eda0f0>,59,14,[6 4],60,211,225,151,196
1,<environment.Job instance at 0x7fe949ef3be0>,61,13,[ 5 10],62,225,238,163,209
1,<environment.Job instance at 0x7fe98fbf9640>,62,3,[6 3],63,238,241,175,212
1,<environment.Job instance at 0x7fe98fd0a820>,19,18,[ 1 10],20,264,282,244,264
1,<environment.Job instance at 0x7fe949eea3c0>,64,18,[3 9],65,437,455,372,437
1,<environment.Job instance at 0x7fe949eea410>,65,15,[6 1],66,445,460,379,445
1,<environment.Job instance at 0x7fe949edc960>,66,12,[6 4],67,460,472,393,448
1,<environment.Job instance at 0x7fe94a6785a0>,67,3,[3 6],68,455,458,387,448
1,<environment.Job instance at 0x7fe9907ca3c0>,68,2,[1 7],69,458,460,389,449
1,<environment.Job instance at 0x7fe949f72f00>,70,17,[1 5],71,460,477,389,457
1,<environment.Job instance at 0x7fe94a676190>,71,17,[10  2],72,685,702,613,685
1,<environment.Job instance at 0x7fe98fc03230>,72,12,[3 7],73,702,714,629,697
1,<environment.Job instance at 0x7fe98fc035a0>,74,3,[5 5],75,714,717,639,699
1,<environment.Job instance at 0x7fe98fc03fa0>,75,13,[ 5 10],76,759,772,683,759
1,<environment.Job instance at 0x7fe98fc03780>,77,18,[7 5],78,772,790,694,768
1,<environment.Job instance at 0x7fe98fc03500>,78,12,[1 8],79,790,802,711,775
1,<environment.Job instance at 0x7fe98fc03640>,79,16,[6 3],80,807,823,727,807
1,<environment.Job instance at 0x7fe9906e68c0>,5,2,[4 8],6,8,10,2,8
1,<environment.Job instance at 0x7fe949eea690>,0,18,[7 1],1,10,28,9,8
1,<environment.Job instance at 0x7fe98fe160a0>,8,3,[1 7],9,10,13,1,10
1,<environment.Job instance at 0x7fe98ff5d320>,12,1,[9 1],13,28,29,15,14
1,<environment.Job instance at 0x7fe9903a1820>,2,18,[6 5],3,29,47,26,18
1,<environment.Job instance at 0x7fe949cf2050>,15,3,[ 2 10],16,47,50,31,21
1,<environment.Job instance at 0x7fe949ce9b90>,17,1,[1 8],18,22,23,4,22
1,<environment.Job instance at 0x7fe94a2d8be0>,21,3,[4 9],22,50,53,28,41
1,<environment.Job instance at 0x7fe94a50ee10>,24,13,[3 8],25,53,66,28,42
1,<environment.Job instance at 0x7fe94a2d82d0>,20,15,[4 9],21,66,81,45,52
1,<environment.Job instance at 0x7fe98ff0e820>,28,17,[7 4],29,81,98,52,69
1,<environment.Job instance at 0x7fe994e4fd70>,33,18,[3 7],34,98,116,64,88
1,<environment.Job instance at 0x7fe990074500>,36,18,[3 6],37,116,134,79,113
1,<environment.Job instance at 0x7fe94a648e10>,40,2,[10  3],41,134,136,93,117
1,<environment.Job instance at 0x7fe990106410>,41,3,[1 9],42,136,139,94,117
1,<environment.Job instance at 0x7fe94a648410>,43,1,[9 2],44,139,140,95,121
1,<environment.Job instance at 0x7fe98fc04b40>,47,15,[8 4],48,140,155,92,140
1,<environment.Job instance at 0x7fe98fc04140>,49,15,[2 8],50,155,170,105,146
1,<environment.Job instance at 0x7fe99031fd70>,55,2,[9 4],56,170,172,114,164
1,<environment.Job instance at 0x7fe99031f230>,56,2,[5 5],57,172,174,115,164
1,<environment.Job instance at 0x7fe98fd05640>,58,3,[4 5],59,172,175,113,164
1,<environment.Job instance at 0x7fe98fd05230>,59,1,[5 7],60,175,176,115,164
1,<environment.Job instance at 0x7fe98fd4e870>,53,12,[10  3],54,189,201,135,189
1,<environment.Job instance at 0x7fe98fd05870>,63,3,[9 5],64,201,204,137,196
1,<environment.Job instance at 0x7fe98fd05be0>,64,17,[6 3],65,204,221,139,199
1,<environment.Job instance at 0x7fe98fd050f0>,66,15,[7 3],67,221,236,154,214
1,<environment.Job instance at 0x7fe98fd05d20>,67,15,[5 4],68,236,251,168,223
1,<environment.Job instance at 0x7fe995001e10>,68,13,[2 8],69,251,264,182,235
1,<environment.Job instance at 0x7fe990051370>,73,13,[5 1],74,243,256,169,243
1,<environment.Job instance at 0x7fe990051c30>,74,12,[1 9],75,264,276,189,247
1,<environment.Job instance at 0x7fe995001820>,71,16,[ 2 10],72,276,292,204,264
1,<environment.Job instance at 0x7fe990051a00>,81,14,[8 1],82,292,306,210,277
1,<environment.Job instance at 0x7fe990051960>,79,17,[1 9],80,292,309,212,284
1,<environment.Job instance at 0x7fe94a507eb0>,86,16,[6 4],87,309,325,222,298
1,<environment.Job instance at 0x7fe94a5070f0>,88,2,[10  1],89,325,327,236,298
1,<environment.Job instance at 0x7fe99018dcd0>,84,18,[6 4],85,327,345,242,319
1,<environment.Job instance at 0x7fe94a5075a0>,91,2,[7 1],92,345,347,253,319
1,<environment.Job instance at 0x7fe990789140>,96,3,[7 5],97,347,350,250,322
1,<environment.Job instance at 0x7fe94a0b6f00>,98,16,[8 2],99,350,366,251,337
1,<environment.Job instance at 0x7fe94a313550>,103,2,[ 5 10],104,366,368,262,339
1,<environment.Job instance at 0x7fe98fbe9d20>,104,13,[3 6],105,368,381,263,352
1,<environment.Job instance at 0x7fe98fbe92d0>,106,2,[7 1],107,368,370,261,357
1,<environment.Job instance at 0x7fe98fbe9230>,107,13,[ 2 10],108,381,394,273,367
1,<environment.Job instance at 0x7fe98fcf2e60>,112,1,[10  4],113,394,395,281,377
1,<environment.Job instance at 0x7fe98fbe9460>,113,1,[6 5],114,395,396,281,377
1,<environment.Job instance at 0x7fe94a4eb230>,114,15,[6 1],115,396,411,281,383
1,<environment.Job instance at 0x7fe9950ed910>,115,17,[2 7],116,396,413,280,385
1,<environment.Job instance at 0x7fe94a2bc2d0>,4,3,[5 2],5,8,11,3,8
1,<environment.Job instance at 0x7fe94a3f3d20>,8,1,[2 8],9,11,12,2,11
1,<environment.Job instance at 0x7fe94a3f3a00>,10,2,[ 3 10],11,12,14,1,11
1,<environment.Job instance at 0x7fe94a3f3780>,13,14,[3 7],14,14,28,0,14
1,<environment.Job instance at 0x7fe94a3f3050>,14,3,[6 5],15,28,31,13,15
1,<environment.Job instance at 0x7fe9907a2a50>,15,13,[6 3],16,31,44,15,17
1,<environment.Job instance at 0x7fe94a3f3fa0>,16,3,[4 6],17,31,34,14,17
1,<environment.Job instance at 0x7fe94a2ed780>,2,13,[3 9],3,44,57,41,30
1,<environment.Job instance at 0x7fe9907a2b40>,19,13,[3 8],20,57,70,37,42
1,<environment.Job instance at 0x7fe9907a2af0>,25,13,[4 8],26,70,83,44,54
1,<environment.Job instance at 0x7fe98fbcb410>,33,12,[9 5],34,83,95,49,68
1,<environment.Job instance at 0x7fe98fbcb910>,35,14,[5 8],36,95,109,59,80
1,<environment.Job instance at 0x7fe98fbcb4b0>,38,16,[7 5],39,109,125,70,96
1,<environment.Job instance at 0x7fe98fbcb500>,32,15,[5 5],33,125,140,92,111
1,<environment.Job instance at 0x7fe94a01b8c0>,51,14,[10  5],52,140,154,88,128
1,<environment.Job instance at 0x7fe94a01b690>,55,15,[7 2],56,154,169,98,140
1,<environment.Job instance at 0x7fe94a01b2d0>,46,18,[1 8],47,154,172,107,143
1,<environment.Job instance at 0x7fe94a01b050>,58,15,[8 5],59,172,187,113,159
1,<environment.Job instance at 0x7fe9907a2410>,1,3,[5 8],2,2,5,0,2
1,<environment.Job instance at 0x7fe99036ce10>,3,14,[8 3],4,5,19,1,4
1,<environment.Job instance at 0x7fe949ca47d0>,9,3,[8 3],10,19,22,9,10
1,<environment.Job instance at 0x7fe949fa0d70>,10,12,[1 9],11,22,34,11,11
1,<environment.Job instance at 0x7fe949c90690>,4,13,[10  2],5,34,47,29,18
1,<environment.Job instance at 0x7fe949fa0c30>,12,18,[3 6],13,47,65,34,36
1,<environment.Job instance at 0x7fe949d80c80>,22,17,[5 3],23,47,64,24,40
1,<environment.Job instance at 0x7fe949c90050>,6,16,[10  4],7,65,81,58,52
1,<environment.Job instance at 0x7fe94a006190>,29,14,[ 5 10],30,81,95,51,66
1,<environment.Job instance at 0x7fe949cb3640>,36,15,[6 4],37,95,110,58,81
1,<environment.Job instance at 0x7fe990294c80>,39,18,[1 5],40,95,113,55,86
1,<environment.Job instance at 0x7fe94a3b6370>,21,18,[8 4],22,110,128,88,100
1,<environment.Job instance at 0x7fe990167eb0>,43,16,[10  5],44,128,144,84,117
1,<environment.Job instance at 0x7fe98fd70e10>,51,1,[5 3],52,144,145,92,119
1,<environment.Job instance at 0x7fe98fd70c30>,52,3,[3 6],53,144,147,91,120
1,<environment.Job instance at 0x7fe94a04f7d0>,53,13,[10  4],54,147,160,93,132
1,<environment.Job instance at 0x7fe94a01b050>,5,17,[9 4],6,160,177,154,149
1,<environment.Job instance at 0x7fe9907a2b90>,0,17,[10  5],1,203,220,202,203
1,<environment.Job instance at 0x7fe94a051230>,62,3,[2 8],63,220,223,157,203
1,<environment.Job instance at 0x7fe94a051f00>,2,3,[10  3],3,3,6,0,3
1,<environment.Job instance at 0x7fe949ca4cd0>,5,14,[3 5],6,7,21,1,7
1,<environment.Job instance at 0x7fe94a580c80>,7,18,[7 5],8,9,27,1,9
1,<environment.Job instance at 0x7fe94a051230>,4,13,[10  1],5,27,40,22,12
1,<environment.Job instance at 0x7fe949ca45f0>,0,12,[3 8],1,40,52,39,23
1,<environment.Job instance at 0x7fe94a27d0f0>,19,17,[7 1],20,40,57,20,35
1,<environment.Job instance at 0x7fe9904a1d20>,17,17,[8 2],18,57,74,39,45
1,<environment.Job instance at 0x7fe94a6675f0>,21,3,[3 8],22,52,55,30,45
1,<environment.Job instance at 0x7fe9900963c0>,22,12,[2 6],23,55,67,32,47
1,<environment.Job instance at 0x7fe99522e500>,25,18,[3 6],26,74,92,48,63
1,<environment.Job instance at 0x7fe94a1f0870>,33,1,[2 7],34,92,93,58,76
1,<environment.Job instance at 0x7fe979458870>,35,1,[3 9],36,93,94,57,76
1,<environment.Job instance at 0x7fe949f3fe10>,36,14,[5 9],37,94,108,57,80
1,<environment.Job instance at 0x7fe98fa6c690>,41,12,[7 4],42,108,120,66,91
1,<environment.Job instance at 0x7fe9903315a0>,45,12,[8 3],46,120,132,74,104
1,<environment.Job instance at 0x7fe98fa7a870>,47,12,[7 5],48,132,144,84,115
1,<environment.Job instance at 0x7fe98fa7aaf0>,50,1,[7 1],51,144,145,93,116
1,<environment.Job instance at 0x7fe949f2ac80>,53,14,[2 7],54,144,158,90,129
1,<environment.Job instance at 0x7fe949f2ab40>,54,12,[4 7],55,158,170,103,143
1,<environment.Job instance at 0x7fe949fa0780>,11,18,[5 9],12,170,188,158,159
1,<environment.Job instance at 0x7fe949f2a320>,59,17,[1 7],60,188,205,128,176
1,<environment.Job instance at 0x7fe949f2a780>,57,14,[7 2],58,188,202,130,176
1,<environment.Job instance at 0x7fe990388be0>,29,16,[10  3],30,205,221,175,193
1,<environment.Job instance at 0x7fe949d809b0>,66,15,[4 7],67,221,236,154,208
1,<environment.Job instance at 0x7fe9907dbcd0>,70,14,[10  1],71,236,250,165,221
1,<environment.Job instance at 0x7fe9907db640>,73,15,[7 2],74,250,265,176,236
1,<environment.Job instance at 0x7fe949ecb780>,63,15,[1 5],64,250,265,186,241
1,<environment.Job instance at 0x7fe98fc59550>,81,12,[ 5 10],82,265,277,183,249
1,<environment.Job instance at 0x7fe98fc59b90>,83,14,[9 2],84,277,291,193,262
1,<environment.Job instance at 0x7fe99000a7d0>,86,16,[1 9],87,291,307,204,279
1,<environment.Job instance at 0x7fe94a5b9e60>,93,12,[5 5],94,307,319,213,290
1,<environment.Job instance at 0x7fe94a5b9820>,95,13,[10  4],96,319,332,223,304
1,<environment.Job instance at 0x7fe94a65a1e0>,98,18,[4 6],99,332,350,233,321
1,<environment.Job instance at 0x7fe990493870>,104,15,[9 3],105,350,365,245,340
1,<environment.Job instance at 0x7fe98fc596e0>,78,17,[3 6],79,365,382,286,355
1,<environment.Job instance at 0x7fe98fbf24b0>,106,17,[ 2 10],107,382,399,275,381
1,<environment.Job instance at 0x7fe94a670d20>,110,2,[5 6],111,399,401,288,381
1,<environment.Job instance at 0x7fe94a3f35a0>,3,3,[1 5],4,5,8,1,5
1,<environment.Job instance at 0x7fe94a3f3370>,2,16,[7 2],3,6,22,3,6
1,<environment.Job instance at 0x7fe94a38a9b0>,7,18,[2 7],8,10,28,2,10
1,<environment.Job instance at 0x7fe9900a57d0>,9,15,[8 5],10,28,43,18,14
1,<environment.Job instance at 0x7fe94a38ac30>,5,14,[ 2 10],6,43,57,37,28
1,<environment.Job instance at 0x7fe94a27d320>,20,18,[1 7],21,57,75,36,48
1,<environment.Job instance at 0x7fe94a27d410>,22,3,[4 7],23,75,78,52,49
1,<environment.Job instance at 0x7fe94a3f3190>,1,15,[7 4],2,78,93,76,65
1,<environment.Job instance at 0x7fe94a27deb0>,28,14,[5 9],29,93,107,64,83
1,<environment.Job instance at 0x7fe94a27dd20>,29,18,[5 9],30,121,139,91,121
1,<environment.Job instance at 0x7fe94a27de10>,30,18,[4 5],31,139,157,108,130
1,<environment.Job instance at 0x7fe94a27df50>,34,17,[7 2],35,157,174,122,157
1,<environment.Job instance at 0x7fe94a27d140>,35,3,[4 6],36,174,177,138,157
1,<environment.Job instance at 0x7fe94a17d410>,3,14,[5 2],4,5,19,1,5
1,<environment.Job instance at 0x7fe94a17db90>,5,1,[8 3],6,19,20,13,6
1,<environment.Job instance at 0x7fe94a1969b0>,10,2,[6 2],11,20,22,9,11
1,<environment.Job instance at 0x7fe94a196c30>,11,12,[ 5 10],12,22,34,10,13
1,<environment.Job instance at 0x7fe94a196910>,15,2,[10  4],16,34,36,18,16
1,<environment.Job instance at 0x7fe94a196050>,16,1,[5 5],17,17,18,0,17
1,<environment.Job instance at 0x7fe949f30af0>,18,3,[9 2],19,36,39,17,19
1,<environment.Job instance at 0x7fe949f300a0>,22,3,[8 5],23,39,42,16,23
1,<environment.Job instance at 0x7fe94a17d6e0>,0,13,[4 5],1,42,55,41,26
1,<environment.Job instance at 0x7fe94a1aca50>,25,3,[ 1 10],26,55,58,29,29
1,<environment.Job instance at 0x7fe94a1ac910>,24,14,[2 5],25,39,53,14,31
1,<environment.Job instance at 0x7fe94a1ac550>,28,3,[2 6],29,58,61,29,32
1,<environment.Job instance at 0x7fe94a1ac1e0>,29,1,[5 4],30,53,54,23,33
1,<environment.Job instance at 0x7fe94a1a6a50>,33,17,[6 1],34,58,75,24,46
1,<environment.Job instance at 0x7fe94a1a65f0>,34,3,[5 7],35,75,78,40,49
1,<environment.Job instance at 0x7fe94a1a6eb0>,36,16,[ 2 10],37,78,94,41,66
1,<environment.Job instance at 0x7fe94a1a6cd0>,43,2,[5 4],44,94,96,50,68
1,<environment.Job instance at 0x7fe94a196370>,17,17,[3 5],18,94,111,76,82
1,<environment.Job instance at 0x7fe94a187f50>,46,17,[3 9],47,111,128,64,99
1,<environment.Job instance at 0x7fe94a187eb0>,49,3,[3 6],50,128,131,78,103
1,<environment.Job instance at 0x7fe94a187cd0>,55,16,[4 8],56,131,147,75,119
1,<environment.Job instance at 0x7fe94a187370>,59,1,[10  1],60,147,148,87,119
1,<environment.Job instance at 0x7fe949f25a50>,65,13,[4 8],66,148,161,82,132
1,<environment.Job instance at 0x7fe949f25b90>,70,16,[ 4 10],71,161,177,90,148
1,<environment.Job instance at 0x7fe949f25e10>,72,18,[ 5 10],73,177,195,104,166
1,<environment.Job instance at 0x7fddf4dd2370>,4,13,[3 6],5,5,18,0,5
1,<environment.Job instance at 0x7fddf4dd24b0>,5,2,[1 6],6,18,20,12,6
1,<environment.Job instance at 0x7fddf4dd2280>,7,14,[7 5],8,20,34,12,9
1,<environment.Job instance at 0x7fddf4dd29b0>,11,3,[4 9],12,34,37,22,12
1,<environment.Job instance at 0x7fddf4dd2c80>,15,3,[2 8],16,37,40,21,25
1,<environment.Job instance at 0x7fddfc1e21e0>,0,17,[6 1],1,34,51,33,26
1,<environment.Job instance at 0x7fddf4dd5190>,22,12,[3 8],23,50,62,27,50
1,<environment.Job instance at 0x7fddf4dd51e0>,23,16,[6 2],24,51,67,27,50
1,<environment.Job instance at 0x7fddf4dd5280>,24,2,[4 6],25,62,64,37,50
1,<environment.Job instance at 0x7fddf4dd54b0>,25,2,[5 7],26,67,69,41,50
1,<environment.Job instance at 0x7fddf4dd5870>,27,17,[4 6],28,69,86,41,57
1,<environment.Job instance at 0x7fddf4dd2780>,9,12,[8 2],10,86,98,76,71
1,<environment.Job instance at 0x7fddf4dd59b0>,29,2,[4 7],30,98,100,68,71
1,<environment.Job instance at 0x7fddf4dd2690>,8,17,[1 8],9,100,117,91,98
1,<environment.Job instance at 0x7fddf4dd5e10>,36,2,[7 5],37,117,119,80,98
1,<environment.Job instance at 0x7fddf4dd5f50>,38,2,[6 1],39,100,102,61,100
1,<environment.Job instance at 0x7fddf4dd5460>,41,1,[7 1],42,124,125,82,124
1,<environment.Job instance at 0x7fddf4dd7230>,42,2,[4 7],43,125,127,82,124
1,<environment.Job instance at 0x7fddf4dd72d0>,43,12,[4 5],44,127,139,83,124
1,<environment.Job instance at 0x7fddf4dd5cd0>,34,14,[1 9],35,139,153,104,124
1,<environment.Job instance at 0x7fddf4dd7550>,46,2,[3 5],47,127,129,80,124
1,<environment.Job instance at 0x7fddf4dd7370>,44,3,[5 1],45,129,132,84,124
1,<environment.Job instance at 0x7fddf4dd73c0>,48,12,[9 2],49,153,165,104,136
1,<environment.Job instance at 0x7fddf4dd7b40>,51,2,[5 3],52,136,138,84,136
1,<environment.Job instance at 0x7fddf4dd7fa0>,55,12,[2 6],56,165,177,109,150
1,<environment.Job instance at 0x7fddf4dd7eb0>,56,3,[8 4],57,165,168,108,150
1,<environment.Job instance at 0x7fddf4dd9550>,62,14,[4 9],63,177,191,114,163
1,<environment.Job instance at 0x7fddf4dd9910>,68,14,[6 4],69,191,205,122,176
1,<environment.Job instance at 0x7fddf4dd9d20>,72,18,[3 5],73,191,209,118,191
1,<environment.Job instance at 0x7fddf4dd9d70>,76,13,[10  1],77,209,222,132,197
1,<environment.Job instance at 0x7fddf4ddc0f0>,80,1,[5 5],81,206,207,125,206
1,<environment.Job instance at 0x7fddf4ddc4b0>,81,14,[8 5],82,222,236,140,207
1,<environment.Job instance at 0x7fddf4ddc230>,77,16,[8 1],78,236,252,158,223
1,<environment.Job instance at 0x7fddf4ddc910>,88,16,[4 9],89,252,268,163,240
1,<environment.Job instance at 0x7fddf4ddca50>,90,3,[6 1],91,252,255,161,240
1,<environment.Job instance at 0x7fddf4ddcb90>,92,12,[5 5],93,268,280,175,251
1,<environment.Job instance at 0x7fddf4ddccd0>,94,1,[ 5 10],95,280,281,185,252
1,<environment.Job instance at 0x7fddf4ddcd70>,95,3,[8 5],96,281,284,185,255
1,<environment.Job instance at 0x7fddf4ddcf50>,97,2,[6 2],98,284,286,186,266
1,<environment.Job instance at 0x7fddf4ddf230>,98,1,[2 9],99,286,287,187,267
1,<environment.Job instance at 0x7fddf4ddf2d0>,99,2,[7 5],100,287,289,187,267
1,<environment.Job instance at 0x7fddf4ddf460>,100,2,[5 9],101,289,291,188,267
1,<environment.Job instance at 0x7fddf4ddf550>,101,15,[2 7],102,291,306,189,277
1,<environment.Job instance at 0x7fddf4ddf730>,103,16,[1 9],104,306,322,202,293
1,<environment.Job instance at 0x7fddf4ddfa50>,108,3,[5 5],109,322,325,213,296
1,<environment.Job instance at 0x7fddf4ddfd70>,113,17,[5 1],114,309,326,195,309
1,<environment.Job instance at 0x7fddf4ddfe10>,114,1,[9 2],115,326,327,211,309
1,<environment.Job instance at 0x7fddfc223be0>,116,12,[8 4],117,327,339,210,312
1,<environment.Job instance at 0x7fddf4ddff00>,118,16,[5 2],119,339,355,220,326
1,<environment.Job instance at 0x7fddf4dc9320>,121,3,[1 6],122,326,329,204,326
1,<environment.Job instance at 0x7fddf4dc95a0>,124,1,[6 1],125,355,356,230,344
1,<environment.Job instance at 0x7fddf4e6ebe0>,125,2,[7 4],126,356,358,230,344
1,<environment.Job instance at 0x7fddf4e52050>,126,2,[1 6],127,344,346,217,344
1,<environment.Job instance at 0x7fddf4ea5d20>,127,14,[7 2],128,358,372,230,344
1,<environment.Job instance at 0x7fddf4e8af00>,1,13,[3 8],2,3,16,1,3
1,<environment.Job instance at 0x7fddf4dee500>,5,15,[8 3],6,16,31,10,7
1,<environment.Job instance at 0x7fddf4dee730>,16,13,[10  5],17,31,44,14,19
1,<environment.Job instance at 0x7fddf4de8690>,0,17,[9 5],1,44,61,43,35
1,<environment.Job instance at 0x7fddf4debc80>,26,12,[1 6],27,61,73,34,44
1,<environment.Job instance at 0x7fddf4debd70>,28,2,[9 1],29,61,63,32,56
1,<environment.Job instance at 0x7fddf4debb90>,29,2,[ 4 10],30,73,75,43,56
1,<environment.Job instance at 0x7fddf4df1460>,31,12,[5 4],32,76,88,44,76
1,<environment.Job instance at 0x7fddf4df1910>,37,3,[5 6],38,76,79,38,76
1,<environment.Job instance at 0x7fddf4df1820>,38,2,[8 1],39,88,90,49,76
1,<environment.Job instance at 0x7fddf4df15f0>,39,14,[ 5 10],40,90,104,50,77
1,<environment.Job instance at 0x7fddb102dbe0>,41,13,[5 7],42,104,117,62,88
1,<environment.Job instance at 0x7fddf4df10a0>,42,3,[8 5],43,117,120,74,92
1,<environment.Job instance at 0x7fddb104ea00>,46,3,[10  3],47,120,123,73,99
1,<environment.Job instance at 0x7fddb104ee10>,48,2,[5 7],49,123,125,74,100
1,<environment.Job instance at 0x7fddb104eaa0>,49,2,[10  2],50,125,127,75,101
1,<environment.Job instance at 0x7fddb104e640>,47,16,[8 4],48,127,143,79,115
1,<environment.Job instance at 0x7fddb1050eb0>,53,3,[2 5],54,117,120,63,117
1,<environment.Job instance at 0x7fddb1050fa0>,55,1,[9 3],56,143,144,87,122
1,<environment.Job instance at 0x7fddb10763c0>,56,17,[9 1],57,144,161,87,132
1,<environment.Job instance at 0x7fddb1021500>,59,1,[5 3],60,161,162,101,134
1,<environment.Job instance at 0x7fddb1021410>,61,3,[9 5],62,162,165,100,148
1,<environment.Job instance at 0x7fddb1050050>,51,18,[6 2],52,165,183,113,154
1,<environment.Job instance at 0x7fddb11cc2d0>,63,12,[1 9],64,183,195,119,168
1,<environment.Job instance at 0x7fddb11ccd70>,66,3,[7 5],67,195,198,128,169
1,<environment.Job instance at 0x7fddb11cc6e0>,67,2,[5 3],68,198,200,130,171
1,<environment.Job instance at 0x7fddb11cb0f0>,69,3,[10  4],70,200,203,130,184
1,<environment.Job instance at 0x7fddb11cb730>,72,3,[8 2],73,203,206,130,186
1,<environment.Job instance at 0x7fddb11cb2d0>,73,14,[5 9],74,206,220,132,192
1,<environment.Job instance at 0x7fddb11d4910>,76,16,[6 5],77,220,236,143,211
1,<environment.Job instance at 0x7fddb11d4370>,81,17,[3 6],82,236,253,154,225
1,<environment.Job instance at 0x7fddb11ab780>,83,1,[4 8],84,253,254,169,225
1,<environment.Job instance at 0x7fddb11588c0>,86,16,[1 8],87,254,270,167,242
1,<environment.Job instance at 0x7fddb1158d20>,90,3,[4 8],91,270,273,179,269
1,<environment.Job instance at 0x7fddb11586e0>,91,3,[5 3],92,273,276,181,269
1,<environment.Job instance at 0x7fddb1158f00>,92,15,[8 2],93,276,291,183,270
1,<environment.Job instance at 0x7fddb1158780>,93,18,[5 1],94,291,309,197,281
1,<environment.Job instance at 0x7fddf4de8c30>,2,1,[1 5],3,4,5,1,4
1,<environment.Job instance at 0x7fddf4deb5f0>,4,3,[5 4],5,5,8,0,5
1,<environment.Job instance at 0x7fddf4deb960>,6,15,[6 5],7,8,23,1,7
1,<environment.Job instance at 0x7fddfc35bdc0>,7,1,[4 6],8,23,24,15,8
1,<environment.Job instance at 0x7fddb1034dc0>,11,3,[5 9],12,24,27,12,12
1,<environment.Job instance at 0x7fddb1034cd0>,13,13,[8 3],14,27,40,13,16
1,<environment.Job instance at 0x7fddb1034fa0>,14,3,[7 5],15,40,43,25,17
1,<environment.Job instance at 0x7fddf4de8e60>,5,18,[ 1 10],6,43,61,37,32
1,<environment.Job instance at 0x7fddb10342d0>,12,18,[3 8],13,61,79,48,50
1,<environment.Job instance at 0x7fddb10218c0>,23,2,[7 3],24,79,81,55,52
1,<environment.Job instance at 0x7fddb1021f50>,25,2,[5 7],26,81,83,55,54
1,<environment.Job instance at 0x7fddb1021e60>,28,13,[8 4],29,83,96,54,67
1,<environment.Job instance at 0x7fddf4b4c320>,30,2,[4 9],31,96,98,65,69
1,<environment.Job instance at 0x7fddfc3557d0>,31,3,[9 4],32,98,101,66,73
1,<environment.Job instance at 0x7fddb10c5af0>,34,12,[8 3],35,101,113,66,84
1,<environment.Job instance at 0x7fddb107eb90>,38,12,[5 5],39,113,125,74,97
1,<environment.Job instance at 0x7fddb1102be0>,20,15,[5 8],21,125,140,104,112
1,<environment.Job instance at 0x7fddb1076280>,43,17,[7 4],44,140,157,96,128
1,<environment.Job instance at 0x7fddb107a1e0>,46,3,[4 5],47,157,160,110,139
1,<environment.Job instance at 0x7fddb107adc0>,47,16,[5 3],48,157,173,109,144
1,<environment.Job instance at 0x7fddb107ac80>,49,12,[6 3],50,173,185,123,156
1,<environment.Job instance at 0x7fddb107a410>,50,3,[5 2],51,160,163,109,156
1,<environment.Job instance at 0x7fddb107ae10>,53,16,[4 5],54,163,179,109,157
1,<environment.Job instance at 0x7fddb1074a00>,58,14,[9 4],59,185,199,126,172
1,<environment.Job instance at 0x7fddb1074550>,60,16,[8 3],61,199,215,138,189
1,<environment.Job instance at 0x7fddb110c280>,63,16,[ 4 10],64,215,231,151,202
1,<environment.Job instance at 0x7fddb168b050>,5,3,[8 3],6,6,9,0,6
1,<environment.Job instance at 0x7fddb167c280>,10,16,[8 5],11,11,27,0,11
1,<environment.Job instance at 0x7fddb167c2d0>,11,16,[4 5],12,27,43,15,14
1,<environment.Job instance at 0x7fddb12bba50>,8,15,[10  4],9,43,58,34,29
1,<environment.Job instance at 0x7fddb167b820>,0,15,[1 9],1,58,73,57,46
1,<environment.Job instance at 0x7fddf4f1dfa0>,25,14,[6 1],26,58,72,32,53
1,<environment.Job instance at 0x7fddf4e6edc0>,29,3,[2 7],30,73,76,43,54
1,<environment.Job instance at 0x7fddf4f840f0>,30,12,[10  5],31,76,88,45,60
1,<environment.Job instance at 0x7fddf518f1e0>,35,13,[7 4],36,88,101,52,73
1,<environment.Job instance at 0x7fddf4edca00>,34,14,[3 6],35,88,102,53,88
1,<environment.Job instance at 0x7fddb167b1e0>,4,18,[10  5],5,102,120,97,95
1,<environment.Job instance at 0x7fddf4e99960>,41,3,[7 4],42,120,123,78,97
1,<environment.Job instance at 0x7fddf4e8bb90>,21,16,[4 5],22,123,139,101,111
1,<environment.Job instance at 0x7fddf501eaf0>,48,14,[8 2],49,139,153,90,127
1,<environment.Job instance at 0x7fddf4e6cfa0>,53,13,[ 4 10],54,153,166,99,137
1,<environment.Job instance at 0x7fddf4e80d20>,59,15,[9 5],60,166,181,106,160
1,<environment.Job instance at 0x7fddf4f7a640>,63,3,[10  3],64,181,184,117,162
1,<environment.Job instance at 0x7fddf4f7a870>,64,1,[ 3 10],65,184,185,119,162
1,<environment.Job instance at 0x7fddf4f7a2d0>,65,14,[3 8],66,185,199,119,170
1,<environment.Job instance at 0x7fddf4f7a370>,67,13,[3 7],68,218,231,150,218
1,<environment.Job instance at 0x7fddf4f7a230>,68,15,[2 9],69,231,246,162,221
1,<environment.Job instance at 0x7fddf4f7aaf0>,71,2,[7 2],72,221,223,149,221
1,<environment.Job instance at 0x7fddf4f7a410>,72,2,[4 9],73,246,248,173,221
1,<environment.Job instance at 0x7fddf745dc30>,74,3,[2 8],75,248,251,173,222
1,<environment.Job instance at 0x7fddf4f7a1e0>,76,12,[10  2],77,251,263,174,234
1,<environment.Job instance at 0x7fddf4e88370>,80,12,[3 7],81,263,275,182,246
1,<environment.Job instance at 0x7fddf4ecb690>,3,2,[7 2],4,4,6,0,4
1,<environment.Job instance at 0x7fddb12a5640>,5,1,[5 4],6,6,7,0,6
1,<environment.Job instance at 0x7fddf4ef4500>,9,18,[1 7],10,13,31,3,13
1,<environment.Job instance at 0x7fddf75bf550>,7,1,[6 2],8,18,19,10,18
1,<environment.Job instance at 0x7fddfc0dc500>,1,14,[9 2],2,29,43,27,29
1,<environment.Job instance at 0x7fddf4ef4910>,15,18,[4 6],16,45,63,29,45
1,<environment.Job instance at 0x7fddf4ed71e0>,21,12,[1 6],22,63,75,41,47
1,<environment.Job instance at 0x7fddf4ed7640>,23,3,[5 7],24,75,78,51,53
1,<environment.Job instance at 0x7fddf4ed77d0>,27,1,[ 4 10],28,78,79,50,60
1,<environment.Job instance at 0x7fddf4ef4230>,8,15,[2 8],9,79,94,70,66
1,<environment.Job instance at 0x7fddf4e9c050>,29,18,[8 2],30,79,97,49,72
1,<environment.Job instance at 0x7fddf4e9c550>,32,3,[6 5],33,97,100,64,72
1,<environment.Job instance at 0x7fddf4e9caa0>,31,12,[2 6],32,100,112,68,86
1,<environment.Job instance at 0x7fddf4e13230>,42,12,[2 9],43,112,124,69,95
1,<environment.Job instance at 0x7fddf4ef4e10>,12,17,[8 1],13,107,124,94,107
1,<environment.Job instance at 0x7fddf4e13690>,35,15,[5 9],36,124,139,88,110
1,<environment.Job instance at 0x7fddf4e08d70>,51,3,[5 1],52,124,127,72,122
1,<environment.Job instance at 0x7fddf7899050>,53,14,[6 5],54,139,153,85,126
1,<environment.Job instance at 0x7fddf78a31e0>,56,12,[10  1],57,153,165,96,137
1,<environment.Job instance at 0x7fddf4c4ef50>,58,2,[1 6],59,165,167,106,138
1,<environment.Job instance at 0x7fddf78a7460>,59,3,[7 2],60,165,168,105,139
1,<environment.Job instance at 0x7fddf78ba6e0>,66,15,[10  2],67,194,209,127,194
1,<environment.Job instance at 0x7fddf78baa00>,69,13,[4 7],70,209,222,139,204
1,<environment.Job instance at 0x7fddf4e13500>,45,18,[4 9],46,222,240,176,211
1,<environment.Job instance at 0x7fddf4e9cd70>,34,16,[ 5 10],35,442,458,407,442
1,<environment.Job instance at 0x7fddf7461e60>,2,12,[7 2],3,3,15,0,3
1,<environment.Job instance at 0x7fddf4e9faf0>,6,3,[4 9],7,15,18,8,7
1,<environment.Job instance at 0x7fddf4ed7460>,7,2,[1 6],8,8,10,0,8
1,<environment.Job instance at 0x7fddf4e9fb40>,5,13,[5 7],6,18,31,12,9
1,<environment.Job instance at 0x7fddf4ed7190>,9,15,[1 6],10,31,46,21,17
1,<environment.Job instance at 0x7fddf4c17230>,11,15,[8 1],12,31,46,19,17
1,<environment.Job instance at 0x7fddb1448fa0>,15,15,[5 6],16,46,61,30,33
1,<environment.Job instance at 0x7fddf4c171e0>,12,16,[5 4],13,46,62,33,42
1,<environment.Job instance at 0x7fddf4d4f280>,20,16,[5 4],21,61,77,40,50
1,<environment.Job instance at 0x7fddf4d4f7d0>,24,17,[3 5],25,62,79,37,57
1,<environment.Job instance at 0x7fddf4d4f5a0>,26,14,[6 5],27,77,91,50,62
1,<environment.Job instance at 0x7fddf4d4fa00>,29,13,[10  5],30,91,104,61,78
1,<environment.Job instance at 0x7fddf4d4fd20>,33,2,[9 2],34,104,106,70,84
1,<environment.Job instance at 0x7fddf4c00140>,35,15,[4 7],36,106,121,70,95
1,<environment.Job instance at 0x7fddf4c174b0>,13,15,[ 3 10],14,121,136,107,108
1,<environment.Job instance at 0x7fddf4c00e60>,38,16,[1 7],39,136,152,97,123
1,<environment.Job instance at 0x7fddf4c006e0>,41,3,[8 3],42,136,139,94,123
1,<environment.Job instance at 0x7fddf4c00870>,46,3,[ 4 10],47,152,155,105,130
1,<environment.Job instance at 0x7fddf4c00f00>,39,15,[ 2 10],40,155,170,115,141
1,<environment.Job instance at 0x7fddf4c0ea00>,51,16,[8 4],52,170,186,118,157
1,<environment.Job instance at 0x7fddf76e8690>,2,14,[8 5],3,3,17,0,3
1,<environment.Job instance at 0x7fddf7461780>,4,2,[2 7],5,17,19,12,6
1,<environment.Job instance at 0x7fddf510a460>,12,1,[6 5],13,40,41,27,40
1,<environment.Job instance at 0x7fddf50b7cd0>,9,1,[5 6],10,41,42,31,40
1,<environment.Job instance at 0x7fddf5301af0>,14,13,[7 3],15,48,61,33,48
1,<environment.Job instance at 0x7fddf76d9410>,8,16,[8 4],9,67,83,58,67
1,<environment.Job instance at 0x7fddf7461dc0>,0,18,[1 7],1,83,101,82,72
1,<environment.Job instance at 0x7fddb11a6550>,26,2,[5 7],27,101,103,74,91
1,<environment.Job instance at 0x7fddb1494500>,30,12,[3 6],31,103,115,72,92
1,<environment.Job instance at 0x7fddb1494320>,34,14,[4 6],35,115,129,80,100
1,<environment.Job instance at 0x7fddb14949b0>,38,15,[5 5],39,129,144,90,115
1,<environment.Job instance at 0x7fddb11cd280>,41,18,[5 9],42,144,162,102,134
1,<environment.Job instance at 0x7fddb162d690>,46,15,[5 1],47,135,150,88,135
1,<environment.Job instance at 0x7fddb104f320>,48,12,[1 8],49,162,174,113,147
1,<environment.Job instance at 0x7fddf4d19c30>,53,13,[5 2],54,162,175,108,151
1,<environment.Job instance at 0x7fddf4da7d20>,55,13,[8 4],56,175,188,119,159
1,<environment.Job instance at 0x7fddf4c2c6e0>,21,12,[3 9],22,188,200,166,171
1,<environment.Job instance at 0x7fddb104f230>,50,18,[2 7],51,200,218,149,189
1,<environment.Job instance at 0x7fddf4cea690>,67,2,[4 6],68,218,220,150,209
1,<environment.Job instance at 0x7fddf4cea730>,64,18,[3 6],65,220,238,155,214
1,<environment.Job instance at 0x7fddf4cea5a0>,70,17,[5 8],71,238,255,167,232
1,<environment.Job instance at 0x7fddf4d43e60>,76,14,[10  1],77,255,269,178,254
1,<environment.Job instance at 0x7fddf4d434b0>,79,12,[7 5],80,269,281,189,262
1,<environment.Job instance at 0x7fddb120ac30>,80,18,[5 6],81,281,299,200,272
1,<environment.Job instance at 0x7fddb120ae60>,81,17,[2 9],82,311,328,229,311
1,<environment.Job instance at 0x7fddf4bac5f0>,84,12,[10  2],85,343,355,258,343
1,<environment.Job instance at 0x7fddf4d64e10>,86,13,[9 1],87,355,368,268,346
1,<environment.Job instance at 0x7fddf4ef4140>,6,1,[1 6],7,7,8,0,7
1,<environment.Job instance at 0x7fddb15255f0>,9,17,[1 5],10,22,39,12,22
1,<environment.Job instance at 0x7fddf4e1ae10>,13,16,[5 2],14,22,38,8,22
1,<environment.Job instance at 0x7fddf77bfa00>,0,14,[6 3],1,38,52,37,26
1,<environment.Job instance at 0x7fddf4e1a9b0>,17,3,[10  5],18,52,55,34,26
1,<environment.Job instance at 0x7fddf4e1a6e0>,15,13,[10  5],16,55,68,39,39
1,<environment.Job instance at 0x7fddf4e1a780>,20,13,[1 9],21,68,81,47,53
1,<environment.Job instance at 0x7fddf7ae8be0>,26,12,[9 5],27,81,93,54,65
1,<environment.Job instance at 0x7fddf4e1ac30>,12,17,[3 5],13,93,110,80,82
1,<environment.Job instance at 0x7fddf7418370>,31,18,[7 2],32,93,111,61,82
1,<environment.Job instance at 0x7fddf4e1ac80>,21,17,[9 4],22,111,128,89,99
1,<environment.Job instance at 0x7fddf7418be0>,37,12,[7 2],38,128,140,90,111
1,<environment.Job instance at 0x7fddf4ccaeb0>,9,1,[1 6],10,12,13,2,12
1,<environment.Job instance at 0x7fddb1584640>,10,13,[7 3],11,12,25,1,12
1,<environment.Job instance at 0x7fddf4cca0a0>,7,3,[3 6],8,14,17,6,14
1,<environment.Job instance at 0x7fddb1379c30>,13,18,[6 4],14,25,43,11,15
1,<environment.Job instance at 0x7fddf76d0fa0>,16,14,[5 7],17,43,57,26,28
1,<environment.Job instance at 0x7fddf5138af0>,19,3,[4 7],20,57,60,37,38
1,<environment.Job instance at 0x7fddf4cca2d0>,11,12,[3 8],12,60,72,48,44
1,<environment.Job instance at 0x7fddf77e0550>,23,18,[5 3],24,72,90,48,61
1,<environment.Job instance at 0x7fddb1046be0>,30,13,[1 6],31,72,85,41,63
1,<environment.Job instance at 0x7fddf7826870>,31,3,[7 2],32,63,66,31,63
1,<environment.Job instance at 0x7fddf791b370>,32,3,[2 9],33,90,93,57,64
1,<environment.Job instance at 0x7fddf4d3ff50>,36,18,[5 4],37,93,111,56,82
1,<environment.Job instance at 0x7fddf5096be0>,41,17,[7 4],42,111,128,69,99
1,<environment.Job instance at 0x7fddf50a7d70>,44,12,[1 5],45,101,113,56,101
1,<environment.Job instance at 0x7fddf77b3a00>,52,13,[9 3],53,130,143,77,130
1,<environment.Job instance at 0x7fddf77b3550>,54,13,[5 5],55,143,156,88,131
1,<environment.Job instance at 0x7fddf76e8e60>,0,2,[5 8],1,2,4,1,2
1,<environment.Job instance at 0x7fddf4f5cd70>,8,1,[1 6],9,9,10,0,9
1,<environment.Job instance at 0x7fddf4f5c0f0>,9,14,[5 4],10,10,24,0,10
1,<environment.Job instance at 0x7fddf4f5c820>,10,15,[5 3],11,11,26,0,11
1,<environment.Job instance at 0x7fddf4d99690>,11,3,[5 5],12,24,27,12,12
1,<environment.Job instance at 0x7fddf4f5c0a0>,15,16,[5 5],16,26,42,10,16
1,<environment.Job instance at 0x7fddf527c640>,20,14,[2 8],21,42,56,21,28
1,<environment.Job instance at 0x7fddf78c7be0>,22,15,[2 7],23,56,71,33,42
1,<environment.Job instance at 0x7fddb126d550>,25,14,[5 1],26,51,65,25,51
1,<environment.Job instance at 0x7fddb14a13c0>,28,16,[9 2],29,71,87,42,58
1,<environment.Job instance at 0x7fddf506d370>,33,3,[10  4],34,87,90,53,70
1,<environment.Job instance at 0x7fddf787c7d0>,31,16,[2 7],32,90,106,58,78
1,<environment.Job instance at 0x7fddb1534230>,35,18,[6 2],36,90,108,54,79
1,<environment.Job instance at 0x7fddb169af00>,38,13,[ 5 10],39,108,121,69,92
1,<environment.Job instance at 0x7fddb160d5a0>,42,18,[4 5],43,121,139,78,110
1,<environment.Job instance at 0x7fddb160d5f0>,44,13,[4 6],45,139,152,94,123
1,<environment.Job instance at 0x7fddb160d320>,46,13,[5 6],47,152,165,105,139
1,<environment.Job instance at 0x7fddb15bcaa0>,48,17,[10  4],49,165,182,116,153
1,<environment.Job instance at 0x7fddb15bc5a0>,52,16,[3 5],53,182,198,129,169
1,<environment.Job instance at 0x7fddb121d320>,56,14,[6 1],57,182,196,125,169
1,<environment.Job instance at 0x7fddf52036e0>,34,15,[3 8],35,198,213,163,189
1,<environment.Job instance at 0x7fddf766ad20>,62,3,[9 5],63,213,216,150,193
1,<environment.Job instance at 0x7fddf766a1e0>,63,17,[10  3],64,216,233,152,204
1,<environment.Job instance at 0x7fddf766a640>,66,12,[4 7],67,233,245,166,218
1,<environment.Job instance at 0x7fddf51b0a00>,69,15,[ 5 10],70,269,284,199,269
1,<environment.Job instance at 0x7fddf4e475f0>,71,17,[ 2 10],72,287,304,215,287
1,<environment.Job instance at 0x7fddf4e47fa0>,72,3,[5 9],73,304,307,231,287
1,<environment.Job instance at 0x7fddf4f4f910>,75,16,[10  3],76,307,323,231,307
1,<environment.Job instance at 0x7fddb13f5190>,80,17,[10  1],81,323,340,242,311
1,<environment.Job instance at 0x7fddf4d20410>,81,3,[9 4],82,340,343,258,314
1,<environment.Job instance at 0x7fddb1282cd0>,84,16,[3 9],85,343,359,258,333
1,<environment.Job instance at 0x7fddf4fc6aa0>,88,16,[3 5],89,359,375,270,346
1,<environment.Job instance at 0x7fddf5138c80>,89,16,[8 5],90,375,391,285,368
1,<environment.Job instance at 0x7fddf5138c30>,92,18,[4 7],93,391,409,298,385
1,<environment.Job instance at 0x7fddf51380f0>,95,17,[9 3],96,409,426,313,403
1,<environment.Job instance at 0x7fddf5138050>,101,12,[10  4],102,426,438,324,415
1,<environment.Job instance at 0x7fddf4eb7410>,106,2,[2 8],107,438,440,331,415
1,<environment.Job instance at 0x7fddf7874190>,2,1,[2 7],3,3,4,0,3
1,<environment.Job instance at 0x7fddf4bc35f0>,6,14,[1 5],7,7,21,0,7
1,<environment.Job instance at 0x7fddf7aa9370>,13,18,[2 6],14,31,49,17,31
1,<environment.Job instance at 0x7fddf7aa9320>,14,18,[8 2],15,31,49,16,31
1,<environment.Job instance at 0x7fddf7aa9640>,17,18,[5 2],18,49,67,31,38
1,<environment.Job instance at 0x7fddf7aa9b40>,16,17,[1 6],17,49,66,32,38
1,<environment.Job instance at 0x7fddf4eb7d70>,5,13,[ 3 10],6,67,80,61,52
1,<environment.Job instance at 0x7fddf52538c0>,26,3,[7 4],27,80,83,53,62
1,<environment.Job instance at 0x7fddf7aa93c0>,18,17,[3 5],19,80,97,61,70
1,<environment.Job instance at 0x7fddb0f8ecd0>,31,18,[7 1],32,83,101,51,72
1,<environment.Job instance at 0x7fddb176e690>,40,3,[8 2],41,101,104,60,77
1,<environment.Job instance at 0x7fddb176e820>,41,15,[9 5],42,104,119,62,90
1,<environment.Job instance at 0x7fddf7874320>,0,12,[2 9],1,119,131,118,104
1,<environment.Job instance at 0x7fddf78f36e0>,45,15,[10  1],46,131,146,85,117
1,<environment.Job instance at 0x7fddf5132f00>,52,16,[10  1],53,146,162,93,134
1,<environment.Job instance at 0x7fddf5118190>,55,12,[7 2],56,162,174,106,147
1,<environment.Job instance at 0x7fddf51182d0>,58,15,[10  2],59,174,189,115,160
1,<environment.Job instance at 0x7fddf5118500>,59,18,[3 8],60,189,207,129,178
1,<environment.Job instance at 0x7fddf5118a00>,63,17,[6 1],64,189,206,125,179
1,<environment.Job instance at 0x7fddf51186e0>,67,12,[ 3 10],68,207,219,139,193
1,<environment.Job instance at 0x7fddf5118e60>,73,12,[5 9],74,219,231,145,203
1,<environment.Job instance at 0x7fddf5127050>,75,1,[9 3],76,231,232,155,215
1,<environment.Job instance at 0x7fddf5127550>,77,2,[1 5],78,231,233,153,219
1,<environment.Job instance at 0x7fddb0f8edc0>,33,18,[ 3 10],34,233,251,199,222
1,<environment.Job instance at 0x7fddf5127870>,82,3,[5 8],83,251,254,168,237
1,<environment.Job instance at 0x7fddf5127910>,83,18,[8 1],84,254,272,170,243
1,<environment.Job instance at 0x7fddf51279b0>,84,13,[10  5],85,353,366,268,353
1,<environment.Job instance at 0x7fddf5127b40>,85,12,[10  3],86,366,378,280,360
1,<environment.Job instance at 0x7fddf5127b90>,87,3,[5 7],88,378,381,290,361
1,<environment.Job instance at 0x7fddf5127f00>,90,18,[5 7],91,381,399,290,372
1,<environment.Job instance at 0x7fddf5127a00>,92,2,[9 4],93,399,401,306,372
1,<environment.Job instance at 0x7fddb11f0460>,2,3,[7 2],3,4,7,1,4
1,<environment.Job instance at 0x7fddf74c58c0>,7,13,[3 5],8,27,40,19,27
1,<environment.Job instance at 0x7fddf5111050>,5,2,[4 9],6,40,42,34,27
1,<environment.Job instance at 0x7fddf74c5be0>,9,18,[5 1],10,27,45,17,27
1,<environment.Job instance at 0x7fddf74c50f0>,8,1,[8 3],9,45,46,36,27
1,<environment.Job instance at 0x7fddf74c5780>,11,1,[4 8],12,42,43,30,27
1,<environment.Job instance at 0x7fddf74c5e10>,14,2,[5 6],15,43,45,28,27
1,<environment.Job instance at 0x7fddfc1c3500>,13,18,[6 1],14,46,64,32,35
1,<environment.Job instance at 0x7fddf74eb2d0>,16,2,[3 9],17,46,48,29,35
1,<environment.Job instance at 0x7fddf74eb4b0>,15,15,[4 9],16,48,63,32,36
1,<environment.Job instance at 0x7fddf74eb280>,19,16,[5 1],20,64,80,44,51
1,<environment.Job instance at 0x7fddf4cd4c30>,26,1,[1 5],27,63,64,36,51
1,<environment.Job instance at 0x7fddf74eb0a0>,21,12,[4 8],22,64,76,42,53
1,<environment.Job instance at 0x7fddfc205370>,30,13,[5 8],31,76,89,45,61
1,<environment.Job instance at 0x7fddf4cd4370>,28,14,[3 7],29,89,103,60,74
1,<environment.Job instance at 0x7fddfc205460>,34,2,[7 4],35,103,105,68,78
1,<environment.Job instance at 0x7fddfc205e10>,35,12,[3 5],36,103,115,67,86
1,<environment.Job instance at 0x7fddfc2050a0>,37,14,[6 2],38,89,103,51,86
1,<environment.Job instance at 0x7fddb172b5f0>,41,3,[5 8],42,115,118,73,89
1,<environment.Job instance at 0x7fddb172b4b0>,44,3,[5 4],45,105,108,60,89
1,<environment.Job instance at 0x7fddb172b500>,46,12,[3 8],47,118,130,71,102
1,<environment.Job instance at 0x7fddf766a320>,47,3,[6 4],48,108,111,60,102
1,<environment.Job instance at 0x7fddf74eb5a0>,17,17,[3 7],18,130,147,112,118
1,<environment.Job instance at 0x7fddb1494820>,53,14,[ 1 10],54,147,161,93,133
1,<environment.Job instance at 0x7fddf766a550>,49,12,[ 5 10],50,161,173,111,147
1,<environment.Job instance at 0x7fddb1494af0>,61,15,[10  3],62,184,199,122,184
1,<environment.Job instance at 0x7fddb14a3280>,63,17,[6 3],64,199,216,135,188
1,<environment.Job instance at 0x7fddb14a3050>,65,3,[5 4],66,216,219,150,192
1,<environment.Job instance at 0x7fddb14a33c0>,68,1,[7 4],69,219,220,150,198
1,<environment.Job instance at 0x7fddfc34ab40>,69,2,[10  1],70,220,222,150,198
1,<environment.Job instance at 0x7fddfc34a0f0>,70,14,[5 7],71,222,236,151,209
1,<environment.Job instance at 0x7fddf51b0c30>,74,15,[9 5],75,236,251,161,226
1,<environment.Job instance at 0x7fddf51b0cd0>,78,3,[2 8],79,251,254,172,235
1,<environment.Job instance at 0x7fddf51b0a00>,80,15,[9 2],81,254,269,173,242
1,<environment.Job instance at 0x7fddb15b4b40>,85,12,[9 2],86,269,281,183,253
1,<environment.Job instance at 0x7fddb15b43c0>,86,17,[1 8],87,254,271,167,254
1,<environment.Job instance at 0x7fddb15b49b0>,88,3,[3 9],89,281,284,192,255
1,<environment.Job instance at 0x7fddb15b4370>,90,15,[2 8],91,284,299,193,275
1,<environment.Job instance at 0x7fddb15b45f0>,92,14,[1 9],93,299,313,206,284
1,<environment.Job instance at 0x7fddb15b47d0>,94,15,[9 2],95,313,328,218,303
1,<environment.Job instance at 0x7fddf50d3c80>,99,15,[4 6],100,328,343,228,314
1,<environment.Job instance at 0x7fddf4f403c0>,104,3,[2 7],105,343,346,238,332
1,<environment.Job instance at 0x7fddf4f40050>,105,16,[5 1],106,332,348,226,332
1,<environment.Job instance at 0x7fddf4f40a00>,106,3,[2 7],107,346,349,239,332
1,<environment.Job instance at 0x7fddf4f409b0>,107,2,[9 5],108,349,351,241,332
1,<environment.Job instance at 0x7fddf4f40460>,108,12,[9 4],109,351,363,242,337
1,<environment.Job instance at 0x7fddb14d5f00>,5,24,[7 4],6,8,32,2,8
1,<environment.Job instance at 0x7fddf76840f0>,8,1,[5 9],9,32,33,23,9
1,<environment.Job instance at 0x7fddb11df230>,9,3,[6 3],10,33,36,23,11
1,<environment.Job instance at 0x7fddf50d3280>,7,15,[2 5],8,12,27,4,12
1,<environment.Job instance at 0x7fddb11df730>,12,2,[7 4],13,36,38,23,13
1,<environment.Job instance at 0x7fddb11df910>,14,12,[7 5],15,38,50,23,22
1,<environment.Job instance at 0x7fddb16b1370>,17,3,[3 6],18,27,30,9,26
1,<environment.Job instance at 0x7fddb16b15f0>,18,2,[5 6],19,50,52,31,26
1,<environment.Job instance at 0x7fddb16b16e0>,20,2,[5 2],21,50,52,29,32
1,<environment.Job instance at 0x7fddb0fabb90>,21,2,[1 7],22,33,35,11,32
1,<environment.Job instance at 0x7fddb0fab5f0>,22,15,[4 5],23,52,67,29,38
1,<environment.Job instance at 0x7fddb0fab050>,25,18,[4 5],26,52,70,26,41
1,<environment.Job instance at 0x7fddb0fab960>,28,14,[9 3],29,70,84,41,57
1,<environment.Job instance at 0x7fddb0fabcd0>,29,3,[3 8],30,84,87,54,58
1,<environment.Job instance at 0x7fddf4f3c9b0>,31,15,[3 7],32,87,102,55,73
1,<environment.Job instance at 0x7fddf4f3c8c0>,38,2,[10  3],39,102,104,63,87
1,<environment.Job instance at 0x7fddf4f3ce10>,39,3,[4 7],40,104,107,64,88
1,<environment.Job instance at 0x7fddb0fab230>,30,17,[8 5],31,107,124,76,96
1,<environment.Job instance at 0x7fddf4f3cf50>,42,15,[ 1 10],43,124,139,81,110
1,<environment.Job instance at 0x7fddb0f62dc0>,44,18,[9 2],45,139,157,94,128
1,<environment.Job instance at 0x7fddb0f62d20>,51,17,[8 2],52,157,174,105,145
1,<environment.Job instance at 0x7fddb0f62460>,50,15,[10  5],51,174,189,123,160
1,<environment.Job instance at 0x7fddb0f62d70>,59,14,[6 4],60,189,203,129,174
1,<environment.Job instance at 0x7fddb0f62e60>,57,17,[2 7],58,203,220,145,191
1,<environment.Job instance at 0x7fddf7a4d550>,64,18,[3 9],65,220,238,155,209
1,<environment.Job instance at 0x7fddf7a4daa0>,65,15,[6 1],66,209,224,143,209
1,<environment.Job instance at 0x7fddb13dbb90>,67,3,[3 6],68,238,241,170,215
1,<environment.Job instance at 0x7fddb13db140>,68,2,[1 7],69,241,243,172,215
1,<environment.Job instance at 0x7fddb13db6e0>,71,17,[10  2],72,243,260,171,235
1,<environment.Job instance at 0x7fddb13dbeb0>,73,13,[4 6],74,260,273,186,244
1,<environment.Job instance at 0x7fddf4ee3910>,75,13,[ 5 10],76,273,286,197,258
1,<environment.Job instance at 0x7fddf4ee3690>,79,16,[6 3],80,286,302,206,273
1,<environment.Job instance at 0x7fddf5118b90>,3,12,[2 8],4,6,18,2,6
1,<environment.Job instance at 0x7fddf748c960>,11,3,[4 9],12,27,30,15,27
1,<environment.Job instance at 0x7fddb0fcac30>,12,3,[1 8],13,30,33,17,27
1,<environment.Job instance at 0x7fddb1431aa0>,10,15,[4 9],11,33,48,22,27
1,<environment.Job instance at 0x7fddf7837aa0>,16,3,[ 4 10],17,48,51,31,27
1,<environment.Job instance at 0x7fddf74c4f50>,20,12,[4 8],21,51,63,30,34
1,<environment.Job instance at 0x7fddf4d23dc0>,21,16,[6 2],22,51,67,29,47
1,<environment.Job instance at 0x7fddf4d23910>,25,3,[4 7],26,63,66,37,48
1,<environment.Job instance at 0x7fddf4d23190>,23,18,[3 7],24,66,84,42,55
1,<environment.Job instance at 0x7fddf4c14320>,30,2,[10  3],31,84,86,53,66
1,<environment.Job instance at 0x7fddf50505a0>,31,3,[1 9],32,86,89,54,66
1,<environment.Job instance at 0x7fddf4e0ab90>,8,18,[1 8],9,89,107,80,78
1,<environment.Job instance at 0x7fddf4c6cf00>,39,15,[2 8],40,107,122,67,94
1,<environment.Job instance at 0x7fddf4c8e5a0>,41,1,[10  4],42,122,123,80,95
1,<environment.Job instance at 0x7fddb0deac30>,42,2,[6 2],43,95,97,52,95
1,<environment.Job instance at 0x7fddb10f53c0>,43,12,[10  3],44,123,135,79,107
1,<environment.Job instance at 0x7fddf508d5a0>,45,2,[9 4],46,135,137,89,112
1,<environment.Job instance at 0x7fddf793ef50>,48,3,[4 5],49,137,140,88,115
1,<environment.Job instance at 0x7fddf793eaf0>,53,3,[9 5],54,150,153,96,150
1,<environment.Job instance at 0x7fddb16138c0>,47,14,[4 5],48,153,167,105,150
1,<environment.Job instance at 0x7fddf793e5a0>,54,17,[6 3],55,165,182,110,165
1,<environment.Job instance at 0x7fddf791a960>,57,15,[5 4],58,182,197,124,168
1,<environment.Job instance at 0x7fddf4d23f50>,26,18,[3 6],27,168,186,141,168
1,<environment.Job instance at 0x7fddf791a6e0>,58,13,[2 8],59,197,210,138,191
1,<environment.Job instance at 0x7fddf791a280>,63,13,[5 1],64,191,204,127,191
1,<environment.Job instance at 0x7fddf791ab40>,64,12,[1 9],65,210,222,145,193
1,<environment.Job instance at 0x7fddb1576190>,67,3,[2 9],68,222,225,154,198
1,<environment.Job instance at 0x7fddf792cc30>,68,2,[5 1],69,204,206,135,198
1,<environment.Job instance at 0x7fddfbde0910>,70,15,[9 4],71,225,240,154,213
1,<environment.Job instance at 0x7fddb0f2ffa0>,71,14,[8 1],72,240,254,168,225
1,<environment.Job instance at 0x7fddf793d410>,76,16,[6 4],77,254,270,177,243
1,<environment.Job instance at 0x7fddf79416e0>,78,2,[10  1],79,270,272,191,244
1,<environment.Job instance at 0x7fddf740aaf0>,72,17,[9 5],73,272,289,199,264
1,<environment.Job instance at 0x7fddb0f54640>,85,12,[9 4],86,289,301,203,274
1,<environment.Job instance at 0x7fddb0f43e60>,90,14,[5 7],91,301,315,210,287
1,<environment.Job instance at 0x7fddf74c6190>,93,2,[ 5 10],94,315,317,221,288
1,<environment.Job instance at 0x7fddb15b9af0>,95,17,[4 6],96,317,334,221,305
1,<environment.Job instance at 0x7fddb155dc80>,102,1,[10  4],103,334,335,231,321
1,<environment.Job instance at 0x7fddb1410dc0>,104,15,[6 1],105,335,350,230,321
1,<environment.Job instance at 0x7fddb1410730>,105,17,[2 7],106,335,352,229,323
1,<environment.Job instance at 0x7fddf4ea0f50>,107,18,[1 7],108,352,370,244,341
1,<environment.Job instance at 0x7fddb15a7e10>,112,13,[3 9],113,370,383,257,361
1,<environment.Job instance at 0x7fddb15a7a00>,115,3,[ 1 10],116,383,386,267,362
1,<environment.Job instance at 0x7fddb15a7d20>,116,3,[5 8],117,386,389,269,362
1,<environment.Job instance at 0x7fddb15a73c0>,117,15,[6 1],118,363,378,245,363
1,<environment.Job instance at 0x7fddb15a7140>,119,2,[ 5 10],120,389,391,269,364
1,<environment.Job instance at 0x7fddb13f6e10>,88,16,[8 2],89,391,407,302,379
1,<environment.Job instance at 0x7fddb15a7050>,124,3,[6 5],125,407,410,282,386
1,<environment.Job instance at 0x7fddb15a76e0>,125,13,[6 3],126,410,423,284,394
1,<environment.Job instance at 0x7fddf50a4a50>,126,3,[4 6],127,410,413,283,394
1,<environment.Job instance at 0x7fddf791a640>,61,16,[ 2 10],62,513,529,451,513
1,<environment.Job instance at 0x7fddb15a7af0>,122,18,[2 9],123,754,772,631,754
1,<environment.Job instance at 0x7fddf793e190>,0,2,[3 7],1,1,3,0,1
1,<environment.Job instance at 0x7fddb1050370>,7,3,[5 5],8,8,11,0,8
1,<environment.Job instance at 0x7fddf734e1e0>,9,13,[4 7],10,11,24,1,10
1,<environment.Job instance at 0x7fddb11f0d20>,6,16,[5 6],7,24,40,17,13
1,<environment.Job instance at 0x7fddf5118f00>,13,12,[9 5],14,40,52,26,24
1,<environment.Job instance at 0x7fddb0f8ef00>,15,14,[5 8],16,52,66,36,38
1,<environment.Job instance at 0x7fddf73d2960>,18,16,[7 5],19,66,82,47,53
1,<environment.Job instance at 0x7fddb0e9c780>,24,3,[9 1],25,82,85,57,57
1,<environment.Job instance at 0x7fddb0e4faa0>,26,18,[1 8],27,82,100,55,71
1,<environment.Job instance at 0x7fddb0e9b0a0>,33,13,[7 4],34,100,113,66,84
1,<environment.Job instance at 0x7fddb0da6af0>,35,15,[7 2],36,85,100,49,84
1,<environment.Job instance at 0x7fddf77bb5f0>,38,15,[8 5],39,113,128,74,99
1,<environment.Job instance at 0x7fddf4e9fe10>,4,16,[10  2],5,128,144,123,121
1,<environment.Job instance at 0x7fddf4e9fe10>,3,2,[7 5],4,6,8,2,6
1,<environment.Job instance at 0x7fddb16f0870>,8,14,[3 7],9,10,24,1,10
1,<environment.Job instance at 0x7fddb100fe60>,12,14,[1 7],13,24,38,11,14
1,<environment.Job instance at 0x7fddb100f230>,14,2,[4 5],15,38,40,23,15
1,<environment.Job instance at 0x7fddb100f140>,15,2,[5 5],16,38,40,22,16
1,<environment.Job instance at 0x7fddb100f280>,16,17,[7 1],17,18,35,1,18
1,<environment.Job instance at 0x7fddb16f0730>,17,3,[2 7],18,40,43,22,27
1,<environment.Job instance at 0x7fddb100f690>,19,2,[1 8],20,43,45,23,29
1,<environment.Job instance at 0x7fddb0e7f460>,21,1,[5 3],22,35,36,13,35
1,<environment.Job instance at 0x7fddb145aaa0>,25,2,[ 3 10],26,45,47,19,35
1,<environment.Job instance at 0x7fddb145ae10>,26,1,[10  1],27,47,48,20,35
1,<environment.Job instance at 0x7fddb145a6e0>,23,13,[10  4],24,48,61,24,47
1,<environment.Job instance at 0x7fddb1492eb0>,32,3,[2 8],33,61,64,28,47
1,<environment.Job instance at 0x7fddb100f0f0>,13,16,[10  5],14,64,80,50,51
1,<environment.Job instance at 0x7fddb1492e10>,35,14,[4 5],36,80,94,44,65
1,<environment.Job instance at 0x7fddb14928c0>,41,15,[4 5],42,80,95,38,66
1,<environment.Job instance at 0x7fddb14929b0>,42,16,[10  5],43,162,178,119,162
1,<environment.Job instance at 0x7fddb1492d20>,43,13,[5 1],44,178,191,134,162
1,<environment.Job instance at 0x7fddb1492be0>,45,15,[10  3],46,204,219,158,204
1,<environment.Job instance at 0x7fddb1492320>,46,12,[3 9],47,219,231,172,210
1,<environment.Job instance at 0x7fddf4cb1820>,0,2,[5 9],1,3,5,2,3
1,<environment.Job instance at 0x7fddb100f500>,8,2,[9 5],9,10,12,1,10
1,<environment.Job instance at 0x7fddb0e3ffa0>,10,1,[7 1],11,12,13,1,11
1,<environment.Job instance at 0x7fddf4e9fe60>,5,12,[8 3],6,13,25,7,11
1,<environment.Job instance at 0x7fddb11f0d70>,7,12,[7 5],8,25,37,17,14
1,<environment.Job instance at 0x7fddf7778c80>,15,13,[1 5],16,17,30,1,17
1,<environment.Job instance at 0x7fddb1609be0>,14,12,[4 7],15,37,49,22,20
1,<environment.Job instance at 0x7fddb0de9c80>,19,17,[1 7],20,49,66,29,37
1,<environment.Job instance at 0x7fddf4e96230>,21,3,[7 5],22,66,69,44,48
1,<environment.Job instance at 0x7fddb100ff00>,4,13,[8 2],5,49,62,44,48
1,<environment.Job instance at 0x7fddb1005f00>,23,15,[1 5],24,66,81,42,52
1,<environment.Job instance at 0x7fddb15eaa50>,24,12,[9 4],25,69,81,44,53
1,<environment.Job instance at 0x7fddb0fa5780>,11,16,[5 9],12,81,97,69,68
1,<environment.Job instance at 0x7fddb17555a0>,31,3,[8 5],32,97,100,65,81
1,<environment.Job instance at 0x7fddf504cb90>,28,17,[9 3],29,100,117,71,89
1,<environment.Job instance at 0x7fddb14b6910>,36,13,[4 6],37,117,130,80,102
1,<environment.Job instance at 0x7fddb14b6b40>,37,18,[6 1],38,117,135,79,107
1,<environment.Job instance at 0x7fddf4dd5be0>,40,3,[5 5],41,135,138,94,113
1,<environment.Job instance at 0x7fddb1540050>,42,15,[4 7],43,138,153,95,124
1,<environment.Job instance at 0x7fddb14d59b0>,32,18,[10  1],33,153,171,120,142
1,<environment.Job instance at 0x7fddf4ee4c30>,53,12,[5 5],54,171,183,117,158
1,<environment.Job instance at 0x7fddf4ee4af0>,54,14,[1 7],55,183,197,128,168
1,<environment.Job instance at 0x7fddb1005b90>,22,18,[ 1 10],23,197,215,174,186
1,<environment.Job instance at 0x7fddf4ee4870>,59,13,[8 2],60,215,228,155,199
1,<environment.Job instance at 0x7fddf4ee20a0>,61,3,[5 4],62,228,231,166,202
1,<environment.Job instance at 0x7fddf5098f00>,46,16,[1 9],47,231,247,184,218
1,<environment.Job instance at 0x7fddf4ee4cd0>,57,17,[1 8],58,247,264,189,235
1,<environment.Job instance at 0x7fddf4efa500>,68,3,[9 1],69,235,238,166,235
1,<environment.Job instance at 0x7fddb0da6f50>,26,15,[4 7],27,264,279,237,250
1,<environment.Job instance at 0x7fddf4ecf1e0>,73,3,[3 7],74,279,282,205,275
1,<environment.Job instance at 0x7fddf4edbc30>,74,14,[5 8],75,282,296,207,277
1,<environment.Job instance at 0x7fddf4edb500>,75,13,[7 3],76,296,309,220,280
1,<environment.Job instance at 0x7fddb0e3fb40>,0,2,[8 4],1,2,4,1,2
1,<environment.Job instance at 0x7fddb0e06230>,5,1,[7 4],6,6,7,0,6
1,<environment.Job instance at 0x7fddf51dbc80>,4,3,[2 8],5,7,10,2,6
1,<environment.Job instance at 0x7fddf4e9ffa0>,6,2,[6 1],7,7,9,0,7
1,<environment.Job instance at 0x7fddf4e9fe10>,8,1,[2 7],9,10,11,1,10
1,<environment.Job instance at 0x7fddf5127140>,11,1,[6 4],12,12,13,0,12
1,<environment.Job instance at 0x7fddb1602140>,13,3,[1 5],14,14,17,0,14
1,<environment.Job instance at 0x7fddf4fd6e60>,14,12,[8 5],15,15,27,0,15
1,<environment.Job instance at 0x7fddb1579140>,15,3,[2 5],16,17,20,1,16
1,<environment.Job instance at 0x7fddb0d59730>,16,2,[3 9],17,27,29,10,17
1,<environment.Job instance at 0x7fddf750faf0>,17,13,[7 4],18,29,42,11,18
1,<environment.Job instance at 0x7fddf7a2fbe0>,18,2,[8 3],19,42,44,23,19
1,<environment.Job instance at 0x7fddb155d0a0>,19,1,[5 6],20,44,45,24,20
1,<environment.Job instance at 0x7fddf770fb90>,24,2,[5 6],25,45,47,20,26
1,<environment.Job instance at 0x7fddf4ebafa0>,26,2,[2 9],27,47,49,20,27
1,<environment.Job instance at 0x7fddb0defa00>,25,3,[7 1],26,47,50,21,32
1,<environment.Job instance at 0x7fddf4eba5a0>,28,12,[9 4],29,50,62,21,33
1,<environment.Job instance at 0x7fddb1492aa0>,34,15,[2 8],35,62,77,27,48
1,<environment.Job instance at 0x7fddb1492dc0>,39,13,[3 8],40,77,90,37,61
1,<environment.Job instance at 0x7fddf529d0f0>,43,12,[5 7],44,90,102,46,73
1,<environment.Job instance at 0x7fddf529d500>,44,12,[6 3],45,102,114,57,85
1,<environment.Job instance at 0x7fddb151caa0>,49,2,[2 7],50,102,104,52,92
1,<environment.Job instance at 0x7fddf4edb500>,2,12,[ 4 10],3,114,126,111,98
1,<environment.Job instance at 0x7fddb16e5f50>,57,15,[3 8],58,126,141,68,113
1,<environment.Job instance at 0x7fddb16e52d0>,58,1,[5 7],59,141,142,82,114
1,<environment.Job instance at 0x7fddb16e5910>,60,16,[10  1],61,142,158,81,132
1,<environment.Job instance at 0x7fddb16e5320>,61,18,[3 7],62,158,176,96,147
1,<environment.Job instance at 0x7fddf76d2550>,68,17,[7 2],69,158,175,89,149
1,<environment.Job instance at 0x7fddf7506e10>,71,15,[5 5],72,176,191,104,162
1,<environment.Job instance at 0x7fddf75066e0>,73,14,[5 2],74,175,189,101,162
1,<environment.Job instance at 0x7fddb16e5c80>,53,17,[10  4],54,215,232,161,215
1,<environment.Job instance at 0x7fddb14dd0f0>,81,12,[ 5 10],82,232,244,150,226
1,<environment.Job instance at 0x7fddb14ddfa0>,82,15,[9 5],83,244,259,161,239
1,<environment.Job instance at 0x7fddb14b4690>,92,3,[8 5],93,259,262,166,245
1,<environment.Job instance at 0x7fddb14b4af0>,94,14,[2 5],95,259,273,164,245
1,<environment.Job instance at 0x7fddb0d5c6e0>,95,3,[ 1 10],96,273,276,177,247
1,<environment.Job instance at 0x7fddb0d5c960>,96,2,[6 4],97,262,264,165,247
1,<environment.Job instance at 0x7fddb0d5c320>,97,18,[3 6],98,276,294,178,269
1,<environment.Job instance at 0x7fddb0fe80a0>,104,3,[5 7],105,294,297,189,271
1,<environment.Job instance at 0x7fddf787a190>,1,2,[6 4],2,3,5,1,3
1,<environment.Job instance at 0x7fddf4e9fdc0>,2,3,[10  5],3,5,8,2,3
1,<environment.Job instance at 0x7fddf4e9f730>,0,3,[2 7],1,8,11,7,3
1,<environment.Job instance at 0x7fddf5132d20>,8,3,[1 8],9,11,14,2,10
1,<environment.Job instance at 0x7fddf51324b0>,16,13,[6 4],17,17,30,0,17
1,<environment.Job instance at 0x7fddf51328c0>,10,16,[ 4 10],11,30,46,19,18
1,<environment.Job instance at 0x7fddf5132320>,21,16,[ 5 10],22,46,62,24,33
1,<environment.Job instance at 0x7fddf7518eb0>,22,15,[9 1],23,62,77,39,49
1,<environment.Job instance at 0x7fddb0dc47d0>,31,18,[5 2],32,77,95,45,66
1,<environment.Job instance at 0x7fddb0e39a00>,33,13,[3 6],34,77,90,43,66
1,<environment.Job instance at 0x7fddb0e39230>,34,17,[10  1],35,95,112,60,85
1,<environment.Job instance at 0x7fddb0e39b90>,39,12,[4 5],40,112,124,72,95
1,<environment.Job instance at 0x7fddb0e39aa0>,36,17,[10  2],37,124,141,87,112
1,<environment.Job instance at 0x7fddb0e395f0>,43,12,[6 4],44,141,153,97,124
1,<environment.Job instance at 0x7fddb0e39e10>,48,14,[5 4],49,153,167,104,138
1,<environment.Job instance at 0x7fddb0e396e0>,49,18,[4 5],50,141,159,91,138
1,<environment.Job instance at 0x7fddb160afa0>,52,15,[4 8],53,167,182,114,153
1,<environment.Job instance at 0x7fddb0e06460>,1,1,[4 5],2,3,4,1,3
1,<environment.Job instance at 0x7fddf4e10aa0>,2,2,[1 8],3,4,6,1,3
1,<environment.Job instance at 0x7fddf4e9f460>,4,13,[9 2],5,7,20,2,7
1,<environment.Job instance at 0x7fddf768f6e0>,8,18,[5 5],9,20,38,11,10
1,<environment.Job instance at 0x7fddb14fdf50>,14,13,[5 9],15,38,51,23,26
1,<environment.Job instance at 0x7fddb14fd2d0>,18,18,[5 3],19,51,69,32,40
1,<environment.Job instance at 0x7fddb14fd780>,20,15,[1 8],21,69,84,48,58
1,<environment.Job instance at 0x7fddb14fdb90>,22,2,[2 9],23,84,86,61,58
1,<environment.Job instance at 0x7fddb14fdd20>,23,15,[10  2],24,86,101,62,72
1,<environment.Job instance at 0x7fddb14fd320>,16,15,[8 4],17,101,116,84,87
1,<environment.Job instance at 0x7fddb14fda50>,25,17,[2 9],26,116,133,90,104
1,<environment.Job instance at 0x7fddf78f0140>,37,15,[10  2],38,133,148,95,121
1,<environment.Job instance at 0x7fddf78f0910>,41,14,[10  4],42,148,162,106,134
1,<environment.Job instance at 0x7fddf78f01e0>,46,3,[9 3],47,162,165,115,147
1,<environment.Job instance at 0x7fddf78f00a0>,48,13,[4 5],49,165,178,116,149
1,<environment.Job instance at 0x7fddf766ee10>,50,13,[9 1],51,178,191,127,162
1,<environment.Job instance at 0x7fddf766e3c0>,52,13,[2 5],53,165,178,112,163
1,<environment.Job instance at 0x7fddf766ed70>,54,2,[1 5],55,178,180,123,178
1,<environment.Job instance at 0x7fddf78f07d0>,39,16,[ 2 10],40,191,207,151,179
1,<environment.Job instance at 0x7fddf766eaf0>,61,16,[5 5],62,207,223,145,195
1,<environment.Job instance at 0x7fddf766e050>,62,13,[5 5],63,207,220,144,207
1,<environment.Job instance at 0x7fddf78ffcd0>,64,12,[ 5 10],65,223,235,158,207
1,<environment.Job instance at 0x7fddf78ffd70>,68,13,[7 3],69,235,248,166,219
1,<environment.Job instance at 0x7fddf78ffa50>,70,16,[1 7],71,235,251,164,224
1,<environment.Job instance at 0x7fddf78ff050>,71,18,[6 5],72,251,269,179,240
1,<environment.Job instance at 0x7fddf78ffaf0>,79,17,[8 3],80,269,286,189,257
1,<environment.Job instance at 0x7fddf78ff3c0>,83,18,[2 7],84,272,290,188,272
1,<environment.Job instance at 0x7fddf52a5640>,89,14,[8 2],90,286,300,196,279
1,<environment.Job instance at 0x7fddf52a56e0>,91,14,[2 5],92,290,304,198,279
1,<environment.Job instance at 0x7fddb0e067d0>,0,16,[4 9],1,304,320,303,291
1,<environment.Job instance at 0x7fddf5294230>,99,2,[10  2],100,320,322,220,307
1,<environment.Job instance at 0x7fddf5294690>,100,15,[ 4 10],101,322,337,221,308
1,<environment.Job instance at 0x7fddf52948c0>,101,13,[1 5],102,337,350,235,321
1,<environment.Job instance at 0x7fddf5294870>,104,2,[8 1],105,337,339,232,331
1,<environment.Job instance at 0x7fddf52941e0>,105,16,[9 5],106,339,355,233,331
1,<environment.Job instance at 0x7fddf52940a0>,108,2,[9 3],109,355,357,246,340
1,<environment.Job instance at 0x7fddf5294320>,111,3,[ 5 10],112,357,360,245,340
1,<environment.Job instance at 0x7fddf5295b40>,114,12,[10  4],115,360,372,245,346
1,<environment.Job instance at 0x7fddf5295be0>,117,16,[2 5],118,372,388,254,359
1,<environment.Job instance at 0x7fddf5295f00>,118,3,[8 4],119,372,375,253,359
1,<environment.Job instance at 0x7fddf52956e0>,120,13,[7 3],121,375,388,254,365
1,<environment.Job instance at 0x7f2f955524b0>,7,14,[7 5],8,8,22,0,8
1,<environment.Job instance at 0x7f2f95552500>,6,15,[2 8],7,22,37,15,10
1,<environment.Job instance at 0x7f2f95552c80>,15,3,[2 8],16,37,40,21,25
1,<environment.Job instance at 0x7f2f955527d0>,9,12,[8 2],10,25,37,15,25
1,<environment.Job instance at 0x7f2f95552dc0>,17,12,[5 1],18,37,49,19,25
1,<environment.Job instance at 0x7f2f95555190>,22,12,[3 8],23,50,62,27,50
1,<environment.Job instance at 0x7f2f955551e0>,23,16,[6 2],24,50,66,26,50
1,<environment.Job instance at 0x7f2f95555280>,24,2,[4 6],25,62,64,37,50
1,<environment.Job instance at 0x7f2f955554b0>,25,2,[5 7],26,66,68,40,50
1,<environment.Job instance at 0x7f2f955557d0>,26,12,[8 5],27,68,80,41,51
1,<environment.Job instance at 0x7f2f95552690>,8,17,[1 8],9,80,97,71,68
1,<environment.Job instance at 0x7f2f955559b0>,29,2,[4 7],30,97,99,67,70
1,<environment.Job instance at 0x7f2f95555cd0>,34,14,[1 9],35,99,113,64,99
1,<environment.Job instance at 0x7f2f95555eb0>,37,14,[5 8],38,113,127,75,101
1,<environment.Job instance at 0x7f2f955556e0>,41,1,[7 1],42,127,128,85,124
1,<environment.Job instance at 0x7f2f95557410>,45,15,[7 5],46,128,143,82,124
1,<environment.Job instance at 0x7f2f95557550>,46,2,[3 5],47,127,129,80,124
1,<environment.Job instance at 0x7f2f95557460>,47,13,[ 3 10],48,143,156,95,128
1,<environment.Job instance at 0x7f2f95557aa0>,50,2,[5 6],51,156,158,105,142
1,<environment.Job instance at 0x7f2f95557d70>,51,2,[5 3],52,156,158,104,142
1,<environment.Job instance at 0x7f2f95557cd0>,52,2,[ 2 10],53,158,160,105,142
1,<environment.Job instance at 0x7f2f95557be0>,53,3,[2 9],54,160,163,106,142
1,<environment.Job instance at 0x7f2f95557dc0>,54,18,[7 1],55,160,178,105,149
1,<environment.Job instance at 0x7f2f95557e60>,55,12,[2 6],56,163,175,107,149
1,<environment.Job instance at 0x7f2f95559280>,60,2,[2 6],61,175,177,114,160
1,<environment.Job instance at 0x7f2f955590f0>,62,14,[4 9],63,178,192,115,163
1,<environment.Job instance at 0x7f2f955590a0>,58,17,[3 7],59,192,209,133,180
1,<environment.Job instance at 0x7f2f95559a50>,69,14,[9 4],70,209,223,139,196
1,<environment.Job instance at 0x7f2f95559f00>,76,13,[10  1],77,223,236,146,208
1,<environment.Job instance at 0x7f2f9555c0a0>,77,16,[8 1],78,236,252,158,223
1,<environment.Job instance at 0x7f2f9555c690>,84,1,[5 5],85,252,253,167,224
1,<environment.Job instance at 0x7f2f9555c140>,85,15,[1 7],86,236,251,150,224
1,<environment.Job instance at 0x7f2f95552a00>,13,18,[5 9],14,253,271,239,242
1,<environment.Job instance at 0x7f2f9555cb90>,92,12,[5 5],93,271,283,178,255
1,<environment.Job instance at 0x7f2f9555c460>,83,18,[ 3 10],84,283,301,199,272
1,<environment.Job instance at 0x7f2f95560690>,102,13,[9 4],103,301,314,198,286
1,<environment.Job instance at 0x7f2f95560870>,105,16,[7 5],106,314,330,208,301
1,<environment.Job instance at 0x7f2f95560cd0>,112,12,[1 6],113,330,342,217,314
1,<environment.Job instance at 0x7f2f95560c30>,111,17,[6 4],112,330,347,218,319
1,<environment.Job instance at 0x7f2f95560f00>,118,16,[5 2],119,347,363,228,334
1,<environment.Job instance at 0x7f2f95549320>,121,3,[1 6],122,342,345,220,340
1,<environment.Job instance at 0x7f2f955c7eb0>,124,1,[6 1],125,363,364,238,359
1,<environment.Job instance at 0x7f2f955a8d20>,125,2,[7 4],126,364,366,238,359
1,<environment.Job instance at 0x7f2f955eeaa0>,126,2,[1 6],127,359,361,232,359
1,<environment.Job instance at 0x7f2f956e3640>,127,14,[7 2],128,366,380,238,359
1,<environment.Job instance at 0x7f2f95545fa0>,130,17,[9 5],131,380,397,249,368
1,<environment.Job instance at 0x7f2f95545af0>,131,13,[3 8],132,397,410,265,381
1,<environment.Job instance at 0x7f2f955eb9b0>,135,15,[8 3],136,410,425,274,396
1,<environment.Job instance at 0x7f2f955ec410>,138,3,[4 6],139,425,428,286,399
1,<environment.Job instance at 0x7f2f95566460>,0,2,[7 5],1,3,5,2,3
1,<environment.Job instance at 0x7f2f95575410>,5,3,[9 2],6,6,9,0,6
1,<environment.Job instance at 0x7f2f95575d70>,14,1,[8 3],15,21,22,6,21
1,<environment.Job instance at 0x7f2f95575a00>,10,12,[5 1],11,22,34,11,21
1,<environment.Job instance at 0x7f2f95575fa0>,16,12,[1 6],17,21,33,4,21
1,<environment.Job instance at 0x7f2f95575be0>,18,2,[9 1],19,34,36,15,21
1,<environment.Job instance at 0x7f2f9556deb0>,21,12,[5 4],22,42,54,20,42
1,<environment.Job instance at 0x7f2f9556dd20>,25,2,[5 6],26,42,44,16,42
1,<environment.Job instance at 0x7f2f955756e0>,6,13,[10  5],7,54,67,47,43
1,<environment.Job instance at 0x7f2f95571140>,27,3,[5 6],28,44,47,16,43
1,<environment.Job instance at 0x7f2f95571370>,30,17,[4 7],31,67,84,36,55
1,<environment.Job instance at 0x7f2f95571320>,32,3,[8 5],33,84,87,51,63
1,<environment.Job instance at 0x7f2f95571460>,31,13,[5 7],32,87,100,55,72
1,<environment.Job instance at 0x7f2f955716e0>,35,17,[5 1],36,87,104,51,81
1,<environment.Job instance at 0x7f2f95571a50>,38,2,[5 7],39,100,102,61,82
1,<environment.Job instance at 0x7f2f95571b40>,39,2,[10  2],40,104,106,64,82
1,<environment.Job instance at 0x7f2f95571c30>,41,18,[6 2],42,106,124,64,95
1,<environment.Job instance at 0x7f2f95571aa0>,40,17,[3 5],41,106,123,65,98
1,<environment.Job instance at 0x7f2f51930690>,47,13,[9 5],48,124,137,76,110
1,<environment.Job instance at 0x7f2f51955d70>,53,12,[1 9],54,137,149,83,122
1,<environment.Job instance at 0x7f2f51955be0>,55,15,[5 3],56,149,164,93,136
1,<environment.Job instance at 0x7f2f51955190>,59,3,[10  4],60,164,167,104,144
1,<environment.Job instance at 0x7f2f51931eb0>,63,14,[5 9],64,167,181,103,152
1,<environment.Job instance at 0x7f2f95575e10>,15,17,[10  4],16,181,198,165,170
1,<environment.Job instance at 0x7f2f51953780>,69,15,[5 5],70,198,213,128,184
1,<environment.Job instance at 0x7f2f519530a0>,72,13,[2 5],73,198,211,125,185
1,<environment.Job instance at 0x7f2f518d9780>,76,16,[1 8],77,213,229,136,206
1,<environment.Job instance at 0x7f2f518d9820>,79,17,[8 5],80,229,246,149,217
1,<environment.Job instance at 0x7f2f518d83c0>,84,15,[8 5],85,246,261,161,233
1,<environment.Job instance at 0x7f2f9556d320>,3,2,[7 3],4,4,6,0,4
1,<environment.Job instance at 0x7f2f95575230>,5,2,[5 7],6,6,8,0,6
1,<environment.Job instance at 0x7f2f95566410>,6,2,[8 1],7,8,10,1,7
1,<environment.Job instance at 0x7f2f5180a960>,11,3,[9 4],12,12,15,0,12
1,<environment.Job instance at 0x7f2f5180a550>,12,2,[2 9],13,15,17,2,13
1,<environment.Job instance at 0x7f2f5180a320>,13,15,[7 2],14,17,32,3,14
1,<environment.Job instance at 0x7f2f9cad45a0>,14,12,[8 3],15,32,44,17,15
1,<environment.Job instance at 0x7f2f5180a460>,15,1,[6 3],16,44,45,28,16
1,<environment.Job instance at 0x7f2f9cad4aa0>,16,13,[8 2],17,45,58,28,29
1,<environment.Job instance at 0x7f2f51806b40>,19,15,[6 5],20,58,73,38,44
1,<environment.Job instance at 0x7f2f9556d820>,0,15,[5 8],1,73,88,72,59
1,<environment.Job instance at 0x7f2f518062d0>,27,16,[5 3],28,88,104,60,75
1,<environment.Job instance at 0x7f2f517fddc0>,28,14,[7 1],29,104,118,75,90
1,<environment.Job instance at 0x7f2f5192f5f0>,31,3,[9 4],32,118,121,86,99
1,<environment.Job instance at 0x7f2f953f3f50>,32,2,[6 5],33,121,123,88,99
1,<environment.Job instance at 0x7f2f5192f500>,33,16,[4 5],34,121,137,87,108
1,<environment.Job instance at 0x7f2f5188e0f0>,35,16,[7 5],36,137,153,101,125
1,<environment.Job instance at 0x7f2f51c1e730>,38,14,[9 4],39,153,167,114,139
1,<environment.Job instance at 0x7f2f517f28c0>,40,16,[8 3],41,167,183,126,154
1,<environment.Job instance at 0x7f2f952cea50>,43,16,[ 4 10],44,183,199,139,171
1,<environment.Job instance at 0x7f2f9c0043c0>,3,1,[7 1],4,5,6,1,5
1,<environment.Job instance at 0x7f2f51e080f0>,4,14,[3 6],5,22,36,17,22
1,<environment.Job instance at 0x7f2f9c09ef50>,11,3,[7 4],12,22,25,10,22
1,<environment.Job instance at 0x7f2f9c09ec80>,10,13,[6 2],11,26,39,15,26
1,<environment.Job instance at 0x7f2f9c0b9500>,15,17,[ 5 10],16,39,56,23,27
1,<environment.Job instance at 0x7f2f9c0a6280>,18,14,[8 2],19,56,70,37,41
1,<environment.Job instance at 0x7f2f9c0b0550>,23,13,[ 4 10],24,70,83,46,58
1,<environment.Job instance at 0x7f2f51bb3690>,30,13,[5 5],31,83,96,52,68
1,<environment.Job instance at 0x7f2f51b39b90>,32,1,[4 8],33,96,97,63,79
1,<environment.Job instance at 0x7f2f959127d0>,33,3,[10  3],34,97,100,63,79
1,<environment.Job instance at 0x7f2f95912aa0>,34,1,[ 3 10],35,100,101,65,79
1,<environment.Job instance at 0x7f2f51bb3c30>,29,15,[9 5],30,101,116,71,87
1,<environment.Job instance at 0x7f2f959126e0>,35,14,[3 8],36,116,130,80,106
1,<environment.Job instance at 0x7f2f95663910>,38,15,[2 9],39,130,145,91,118
1,<environment.Job instance at 0x7f2f9becb0f0>,43,15,[6 4],44,145,160,101,131
1,<environment.Job instance at 0x7f2f9becbd70>,45,13,[6 3],46,160,173,114,145
1,<environment.Job instance at 0x7f2f956251e0>,49,1,[9 2],50,173,174,123,153
1,<environment.Job instance at 0x7f2f959344b0>,50,12,[3 7],51,160,172,109,153
1,<environment.Job instance at 0x7f2f9becb460>,46,12,[10  2],47,174,186,127,159
1,<environment.Job instance at 0x7f2f9bef59b0>,52,14,[5 3],53,186,200,133,171
1,<environment.Job instance at 0x7f2f9bef5aa0>,53,12,[2 7],54,186,198,132,173
1,<environment.Job instance at 0x7f2f9be8d0f0>,59,2,[1 9],60,200,202,140,173
1,<environment.Job instance at 0x7f2f95818c80>,62,3,[8 3],63,202,205,139,180
1,<environment.Job instance at 0x7f2f95818320>,63,2,[9 1],64,200,202,136,180
1,<environment.Job instance at 0x7f2f95818320>,2,12,[2 9],3,6,18,3,6
1,<environment.Job instance at 0x7f2f51e088c0>,4,16,[1 5],5,18,34,13,7
1,<environment.Job instance at 0x7f2f51b35be0>,8,13,[5 5],9,18,31,9,10
1,<environment.Job instance at 0x7f2f959e2cd0>,13,14,[6 5],14,31,45,17,22
1,<environment.Job instance at 0x7f2f95a019b0>,19,3,[7 2],20,45,48,25,22
1,<environment.Job instance at 0x7f2f51e96be0>,20,17,[5 6],21,54,71,33,54
1,<environment.Job instance at 0x7f2f51e961e0>,24,1,[3 5],25,71,72,46,54
1,<environment.Job instance at 0x7f2f51e32fa0>,5,18,[4 9],6,73,91,67,73
1,<environment.Job instance at 0x7f2f51e35af0>,29,13,[4 7],30,97,110,67,97
1,<environment.Job instance at 0x7f2f51e35140>,26,15,[10  2],27,110,125,83,97
1,<environment.Job instance at 0x7f2f95a01eb0>,1,16,[8 4],2,4,20,2,4
1,<environment.Job instance at 0x7f2f959e2280>,4,1,[2 5],5,7,8,2,7
1,<environment.Job instance at 0x7f2f9c3ac8c0>,7,2,[8 3],8,20,22,12,8
1,<environment.Job instance at 0x7f2f95a01820>,3,18,[6 4],4,22,40,18,12
1,<environment.Job instance at 0x7f2f958ffb90>,19,2,[4 7],20,40,42,20,20
1,<environment.Job instance at 0x7f2f958ff0a0>,20,12,[2 5],21,23,35,2,23
1,<environment.Job instance at 0x7f2f958ff5f0>,18,12,[7 5],19,42,54,23,26
1,<environment.Job instance at 0x7f2f958ff730>,21,16,[1 6],22,54,70,32,41
1,<environment.Job instance at 0x7f2f956147d0>,30,3,[8 5],31,70,73,39,52
1,<environment.Job instance at 0x7f2f95614b90>,32,3,[4 7],33,73,76,40,52
1,<environment.Job instance at 0x7f2f95614a50>,33,12,[9 3],34,54,66,20,53
1,<environment.Job instance at 0x7f2f9bf7c9b0>,26,12,[4 8],27,76,88,49,60
1,<environment.Job instance at 0x7f2f95614460>,35,14,[5 2],36,73,87,37,62
1,<environment.Job instance at 0x7f2f9c355690>,37,17,[2 6],38,88,105,50,77
1,<environment.Job instance at 0x7f2f9c3555a0>,42,12,[8 3],43,88,100,45,81
1,<environment.Job instance at 0x7f2f955bbc30>,44,1,[4 7],45,105,106,60,82
1,<environment.Job instance at 0x7f2f9c3550f0>,43,13,[5 6],44,106,119,62,90
1,<environment.Job instance at 0x7f2f9c355050>,38,17,[5 4],39,106,123,67,98
1,<environment.Job instance at 0x7f2f9c518fa0>,47,1,[5 6],48,119,120,71,100
1,<environment.Job instance at 0x7f2f9bf7c3c0>,27,17,[5 7],28,123,140,95,123
1,<environment.Job instance at 0x7f2f95520820>,56,17,[2 9],57,140,157,83,129
1,<environment.Job instance at 0x7f2f95520f00>,59,14,[4 7],60,157,171,97,142
1,<environment.Job instance at 0x7f2f9c45f6e0>,63,17,[6 1],64,156,173,92,156
1,<environment.Job instance at 0x7f2f9c45f8c0>,66,13,[8 5],67,173,186,106,161
1,<environment.Job instance at 0x7f2f9540aa00>,69,18,[5 2],70,186,204,116,175
1,<environment.Job instance at 0x7f2f9540abe0>,72,3,[5 7],73,186,189,113,175
1,<environment.Job instance at 0x7f2f9540aaa0>,73,3,[4 8],74,189,192,115,175
1,<environment.Job instance at 0x7f2f9540a1e0>,74,12,[3 7],75,192,204,117,175
1,<environment.Job instance at 0x7f2f9540a140>,79,14,[7 2],80,204,218,124,189
1,<environment.Job instance at 0x7f2f9540aeb0>,81,14,[1 7],82,204,218,122,194
1,<environment.Job instance at 0x7f2f9540a050>,82,14,[8 5],83,218,232,135,203
1,<environment.Job instance at 0x7f2f9543a320>,87,3,[4 6],88,232,235,144,221
1,<environment.Job instance at 0x7f2f9543a7d0>,89,1,[5 6],90,235,236,145,221
1,<environment.Job instance at 0x7f2f953f31e0>,92,1,[6 5],93,238,239,145,238
1,<environment.Job instance at 0x7f2f953f3230>,93,18,[ 2 10],94,239,257,145,238
1,<environment.Job instance at 0x7f2f9be4e870>,96,12,[5 9],97,257,269,160,246
1,<environment.Job instance at 0x7f2f9bd5fe10>,98,1,[6 4],99,269,270,170,260
1,<environment.Job instance at 0x7f2f953f3640>,94,13,[7 3],95,270,283,175,267
1,<environment.Job instance at 0x7f2f51bc0460>,101,12,[3 9],102,286,298,184,286
1,<environment.Job instance at 0x7f2f9565d5a0>,105,14,[7 3],106,316,330,210,316
1,<environment.Job instance at 0x7f2f9c323a50>,110,12,[3 6],111,317,329,206,317
1,<environment.Job instance at 0x7f2f9c4b5370>,114,14,[4 6],115,330,344,215,317
1,<environment.Job instance at 0x7f2f9c084320>,117,17,[2 7],118,344,361,226,332
1,<environment.Job instance at 0x7f2f9c326500>,120,15,[6 3],121,335,350,214,335
1,<environment.Job instance at 0x7f2f9c10d820>,122,3,[9 4],123,361,364,238,350
1,<environment.Job instance at 0x7f2f9544dfa0>,123,18,[3 7],124,364,382,240,353
1,<environment.Job instance at 0x7f2f9c6ec6e0>,126,15,[5 1],127,364,379,237,355
1,<environment.Job instance at 0x7f2f9c320dc0>,127,3,[3 8],128,382,385,254,356
1,<environment.Job instance at 0x7f2f9c227370>,130,18,[2 7],131,385,403,254,374
1,<environment.Job instance at 0x7f2f9c227780>,131,15,[6 3],132,385,400,253,374
1,<environment.Job instance at 0x7f2f9c20ab40>,135,13,[8 4],136,403,416,267,387
1,<environment.Job instance at 0x7f2f959e2e10>,0,1,[1 7],1,4,5,3,4
1,<environment.Job instance at 0x7f2f959e2960>,5,2,[2 9],6,6,8,0,6
1,<environment.Job instance at 0x7f2f953ad370>,7,2,[4 6],8,8,10,0,8
1,<environment.Job instance at 0x7f2f517cfbe0>,11,2,[8 5],12,12,14,0,12
1,<environment.Job instance at 0x7f2f519ba6e0>,12,2,[5 1],13,14,16,1,13
1,<environment.Job instance at 0x7f2f959e2f00>,4,18,[3 6],5,14,32,9,14
1,<environment.Job instance at 0x7f2f517cfd20>,10,17,[5 8],11,32,49,21,21
1,<environment.Job instance at 0x7f2f519badc0>,14,16,[2 7],15,49,65,34,37
1,<environment.Job instance at 0x7f2f51cbf190>,24,12,[10  2],25,65,77,40,49
1,<environment.Job instance at 0x7f2f9c32ad20>,20,18,[5 6],21,77,95,56,66
1,<environment.Job instance at 0x7f2f9bf17410>,32,13,[9 2],33,95,108,62,80
1,<environment.Job instance at 0x7f2f519d4f50>,33,1,[5 7],34,108,109,74,80
1,<environment.Job instance at 0x7f2f9c238eb0>,37,1,[5 3],38,80,81,42,80
1,<environment.Job instance at 0x7f2f9c238280>,38,3,[9 3],39,109,112,70,83
1,<environment.Job instance at 0x7f2f9c238b90>,40,1,[10  4],41,112,113,71,88
1,<environment.Job instance at 0x7f2f9c14d6e0>,42,13,[ 3 10],43,113,126,70,97
1,<environment.Job instance at 0x7f2f9c14d190>,44,17,[1 8],45,126,143,81,114
1,<environment.Job instance at 0x7f2f9590f050>,51,12,[7 1],52,126,138,74,115
1,<environment.Job instance at 0x7f2f9bf74be0>,3,2,[9 1],4,6,8,2,6
1,<environment.Job instance at 0x7f2f95857c80>,5,2,[ 3 10],6,8,10,2,7
1,<environment.Job instance at 0x7f2f9c224280>,0,3,[9 1],1,10,13,9,7
1,<environment.Job instance at 0x7f2f954fed20>,11,13,[5 2],12,52,65,40,52
1,<environment.Job instance at 0x7f2f955a3870>,18,13,[2 7],19,53,66,34,53
1,<environment.Job instance at 0x7f2f9bf745a0>,4,14,[5 8],5,66,80,61,53
1,<environment.Job instance at 0x7f2f955a39b0>,24,15,[8 2],25,80,95,55,66
1,<environment.Job instance at 0x7f2f955a36e0>,26,17,[1 6],27,80,97,53,80
1,<environment.Job instance at 0x7f2f519a9820>,2,18,[8 1],3,95,113,92,85
1,<environment.Job instance at 0x7f2f51e969b0>,32,1,[4 8],33,113,114,80,103
1,<environment.Job instance at 0x7f2f955a32d0>,14,18,[6 3],15,119,137,104,119
1,<environment.Job instance at 0x7f2f95509190>,36,3,[3 9],37,137,140,100,120
1,<environment.Job instance at 0x7f2f95509410>,39,13,[7 1],40,137,150,97,123
1,<environment.Job instance at 0x7f2f95509a50>,40,3,[10  2],41,150,153,109,124
1,<environment.Job instance at 0x7f2f955091e0>,41,1,[2 8],42,140,141,98,124
1,<environment.Job instance at 0x7f2f95509d20>,42,14,[3 8],43,153,167,110,138
1,<environment.Job instance at 0x7f2f955ec460>,48,15,[3 9],49,167,182,118,156
1,<environment.Job instance at 0x7f2f955eca00>,55,18,[7 4],56,182,200,126,171
1,<environment.Job instance at 0x7f2f95509cd0>,38,17,[5 3],39,200,217,161,188
1,<environment.Job instance at 0x7f2f517a8820>,64,15,[5 5],65,200,215,135,199
1,<environment.Job instance at 0x7f2f517a88c0>,65,14,[5 9],66,217,231,151,202
1,<environment.Job instance at 0x7f2f517a8cd0>,71,12,[3 8],72,231,243,159,214
1,<environment.Job instance at 0x7f2f955a35f0>,22,17,[5 9],23,243,260,220,231
1,<environment.Job instance at 0x7f2f517a8e60>,76,14,[5 7],77,260,274,183,248
1,<environment.Job instance at 0x7f2f517a8fa0>,77,12,[3 8],78,274,286,196,257
1,<environment.Job instance at 0x7f2f517a8690>,62,14,[4 6],63,286,300,223,273
1,<environment.Job instance at 0x7f2f517d2550>,83,18,[5 3],84,286,304,202,275
1,<environment.Job instance at 0x7f2f517d28c0>,90,13,[1 6],91,300,313,209,284
1,<environment.Job instance at 0x7f2f517d2c30>,96,18,[5 4],97,304,322,207,294
1,<environment.Job instance at 0x7f2f517d2dc0>,98,12,[5 5],99,313,325,214,297
1,<environment.Job instance at 0x7f2f518a3050>,102,15,[3 6],103,325,340,222,312
1,<environment.Job instance at 0x7f2f518a3410>,104,12,[1 5],105,340,352,235,324
1,<environment.Job instance at 0x7f2f518a3320>,105,18,[8 2],106,340,358,234,329
1,<environment.Job instance at 0x7f2f9c897d20>,3,1,[9 5],4,4,5,0,4
1,<environment.Job instance at 0x7f2f9c2f3370>,6,2,[7 3],7,7,9,0,7
1,<environment.Job instance at 0x7f2f518423c0>,8,3,[1 5],9,9,12,0,9
1,<environment.Job instance at 0x7f2f95628500>,13,3,[4 7],14,14,17,0,14
1,<environment.Job instance at 0x7f2f51842550>,12,2,[6 5],13,17,19,4,15
1,<environment.Job instance at 0x7f2f95628af0>,14,17,[5 4],15,19,36,4,15
1,<environment.Job instance at 0x7f2f95628280>,18,3,[6 1],19,36,39,17,20
1,<environment.Job instance at 0x7f2f956282d0>,16,15,[4 7],17,36,51,19,22
1,<environment.Job instance at 0x7f2f95340dc0>,21,3,[9 5],22,51,54,29,25
1,<environment.Job instance at 0x7f2f9bf57c80>,22,3,[8 1],23,54,57,31,28
1,<environment.Job instance at 0x7f2f518420a0>,11,12,[ 1 10],12,57,69,45,42
1,<environment.Job instance at 0x7f2f9bd7e9b0>,26,3,[1 7],27,54,57,27,42
1,<environment.Job instance at 0x7f2f95a620f0>,25,15,[9 1],26,69,84,43,55
1,<environment.Job instance at 0x7f2f954e8140>,33,14,[4 9],34,84,98,50,72
1,<environment.Job instance at 0x7f2f9be19be0>,34,12,[9 4],35,98,110,63,82
1,<environment.Job instance at 0x7f2f9c1ce9b0>,40,16,[3 7],41,110,126,69,97
1,<environment.Job instance at 0x7f2f953405f0>,20,15,[4 8],21,126,141,105,112
1,<environment.Job instance at 0x7f2f51a6faa0>,51,3,[6 5],52,141,144,89,121
1,<environment.Job instance at 0x7f2f955fa640>,54,1,[4 9],55,144,145,89,121
1,<environment.Job instance at 0x7f2f95755d20>,52,14,[4 9],53,145,159,92,133
1,<environment.Job instance at 0x7f2f955faeb0>,57,18,[3 9],58,159,177,101,148
1,<environment.Job instance at 0x7f2f9c39a410>,61,3,[5 5],62,177,180,115,156
1,<environment.Job instance at 0x7f2f9c39a500>,62,15,[ 1 10],63,180,195,117,166
1,<environment.Job instance at 0x7f2f51d79960>,66,1,[3 7],67,195,196,128,168
1,<environment.Job instance at 0x7f2f51d795f0>,68,17,[10  4],69,196,213,127,189
1,<environment.Job instance at 0x7f2f51d79c80>,69,2,[8 4],70,213,215,143,189
1,<environment.Job instance at 0x7f2f51d79af0>,72,15,[2 7],73,215,230,142,201
1,<environment.Job instance at 0x7f2f51d79fa0>,75,14,[5 1],76,217,231,141,217
1,<environment.Job instance at 0x7f2f95819190>,76,1,[2 5],77,230,231,153,217
1,<environment.Job instance at 0x7f2f958193c0>,78,16,[9 2],79,231,247,152,219
1,<environment.Job instance at 0x7f2f95819c30>,82,3,[7 5],83,247,250,164,232
1,<environment.Job instance at 0x7f2f95819550>,83,3,[10  4],84,250,253,166,232
1,<environment.Job instance at 0x7f2f95819960>,84,15,[3 8],85,253,268,168,239
1,<environment.Job instance at 0x7f2f95819050>,86,2,[1 9],87,268,270,181,241
1,<environment.Job instance at 0x7f2f95819e10>,88,13,[ 5 10],89,270,283,181,254
1,<environment.Job instance at 0x7f2f95819460>,92,18,[4 5],93,283,301,190,272
1,<environment.Job instance at 0x7f2f95819d70>,94,13,[4 6],95,301,314,206,285
1,<environment.Job instance at 0x7f2f51c68550>,0,1,[9 3],1,2,3,1,2
1,<environment.Job instance at 0x7f2f95434be0>,10,2,[7 3],11,15,17,4,15
1,<environment.Job instance at 0x7f2f9c897f50>,9,15,[5 5],10,17,32,7,16
1,<environment.Job instance at 0x7f2f51da6910>,8,3,[9 2],9,32,35,23,16
1,<environment.Job instance at 0x7f2f9533b230>,13,3,[9 3],14,35,38,21,16
1,<environment.Job instance at 0x7f2f9533caa0>,14,3,[3 9],15,38,41,23,23
1,<environment.Job instance at 0x7f2f95385550>,19,1,[5 5],20,24,25,4,24
1,<environment.Job instance at 0x7f2f95385aa0>,22,13,[7 3],23,41,54,18,25
1,<environment.Job instance at 0x7f2f5197f320>,27,15,[5 5],28,54,69,26,40
1,<environment.Job instance at 0x7f2f958f0640>,29,18,[9 5],30,69,87,39,58
1,<environment.Job instance at 0x7f2f51c688c0>,2,18,[4 7],3,87,105,84,76
1,<environment.Job instance at 0x7f2f953f51e0>,36,14,[4 7],37,105,119,68,90
1,<environment.Job instance at 0x7f2f51ce3370>,37,18,[5 4],38,119,137,81,108
1,<environment.Job instance at 0x7f2f51ce30a0>,41,17,[7 2],42,137,154,95,125
1,<environment.Job instance at 0x7f2f5179c460>,35,16,[3 8],36,137,153,101,128
1,<environment.Job instance at 0x7f2f95367eb0>,44,13,[10  1],45,154,167,109,139
1,<environment.Job instance at 0x7f2f953670a0>,45,13,[ 3 10],46,167,180,121,153
1,<environment.Job instance at 0x7f2f95549eb0>,28,17,[4 9],29,180,197,151,168
1,<environment.Job instance at 0x7f2f9be029b0>,59,13,[4 7],60,197,210,137,182
1,<environment.Job instance at 0x7f2f953e0730>,60,14,[6 3],61,197,211,136,182
1,<environment.Job instance at 0x7f2f95367870>,53,18,[2 6],54,210,228,156,199
1,<environment.Job instance at 0x7f2f51ded460>,66,3,[7 4],67,211,214,144,199
1,<environment.Job instance at 0x7f2f51dedcd0>,71,18,[7 1],72,214,232,142,203
1,<environment.Job instance at 0x7f2f955eb050>,78,12,[10  2],79,232,244,153,215
1,<environment.Job instance at 0x7f2f9bee42d0>,85,15,[10  1],86,244,259,158,233
1,<environment.Job instance at 0x7f2f9bd4a730>,90,3,[10  4],91,259,262,168,249
1,<environment.Job instance at 0x7f2f51bde410>,91,17,[5 6],92,262,279,170,251
1,<environment.Job instance at 0x7f2f51bde870>,87,15,[ 3 10],88,279,294,191,266
1,<environment.Job instance at 0x7f2f95771190>,95,12,[7 2],96,294,306,198,277
1,<environment.Job instance at 0x7f2f95771b90>,98,15,[10  2],99,306,321,207,292
1,<environment.Job instance at 0x7f2f95771230>,99,18,[3 8],100,321,339,221,312
1,<environment.Job instance at 0x7f2f95771fa0>,103,17,[6 1],104,321,338,217,317
1,<environment.Job instance at 0x7f2f95771550>,105,12,[1 9],106,339,351,233,322
1,<environment.Job instance at 0x7f2f95771c80>,107,12,[ 3 10],108,351,363,243,335
1,<environment.Job instance at 0x7f2f9c2f7c80>,73,18,[ 3 10],74,377,395,303,377
1,<environment.Job instance at 0x7f2f954b4230>,113,12,[5 9],114,395,407,281,379
1,<environment.Job instance at 0x7f2f952eebe0>,117,2,[1 5],118,407,409,289,397
1,<environment.Job instance at 0x7f2f517f5230>,0,2,[6 3],1,4,6,3,4
1,<environment.Job instance at 0x7f2f51e9b550>,9,14,[8 2],10,15,29,5,15
1,<environment.Job instance at 0x7f2f9bf689b0>,12,13,[5 2],13,29,42,16,17
1,<environment.Job instance at 0x7f2f95363be0>,15,2,[1 8],16,21,23,5,21
1,<environment.Job instance at 0x7f2f959caa50>,16,3,[8 4],17,42,45,25,21
1,<environment.Job instance at 0x7f2f95363640>,17,1,[1 8],18,23,24,5,21
1,<environment.Job instance at 0x7f2f95363550>,20,2,[7 2],21,45,47,24,37
1,<environment.Job instance at 0x7f2f95667140>,27,3,[10  2],28,57,60,29,57
1,<environment.Job instance at 0x7f2f95667050>,28,2,[3 5],29,60,62,31,57
1,<environment.Job instance at 0x7f2f95667820>,30,3,[4 8],31,62,65,31,57
1,<environment.Job instance at 0x7f2f956673c0>,26,17,[2 7],27,65,82,38,57
1,<environment.Job instance at 0x7f2f956670f0>,38,1,[8 3],39,106,107,67,106
1,<environment.Job instance at 0x7f2f9c2c4050>,39,18,[5 1],40,107,125,67,107
1,<environment.Job instance at 0x7f2f9c4b54b0>,13,12,[9 4],14,125,137,111,108
1,<environment.Job instance at 0x7f2f9c2c4820>,43,18,[6 1],44,137,155,93,126
1,<environment.Job instance at 0x7f2f9c2c4b90>,45,15,[4 9],46,137,152,91,131
1,<environment.Job instance at 0x7f2f9c259f50>,48,16,[8 5],49,155,171,106,142
1,<environment.Job instance at 0x7f2f9c271690>,56,1,[1 5],57,152,153,95,145
1,<environment.Job instance at 0x7f2f9c2718c0>,57,2,[10  1],58,171,173,113,145
1,<environment.Job instance at 0x7f2f9c271a50>,60,13,[5 8],61,173,186,112,157
1,<environment.Job instance at 0x7f2f9c271b90>,62,15,[ 5 10],63,186,201,123,172
1,<environment.Job instance at 0x7f2f9c271d70>,65,12,[3 5],66,201,213,135,184
1,<environment.Job instance at 0x7f2f9c271eb0>,67,14,[6 2],68,201,215,133,189
1,<environment.Job instance at 0x7f2f9c264370>,74,3,[5 4],75,215,218,140,189
1,<environment.Job instance at 0x7f2f9c2c4640>,42,17,[5 9],43,218,235,175,210
1,<environment.Job instance at 0x7f2f9c2645f0>,78,17,[3 7],79,235,252,156,228
1,<environment.Job instance at 0x7f2f9c2647d0>,81,12,[ 4 10],82,252,264,170,243
1,<environment.Job instance at 0x7f2f9c2646e0>,83,14,[ 1 10],84,264,278,180,257
1,<environment.Job instance at 0x7f2f9c264aa0>,86,13,[2 9],87,278,291,191,262
1,<environment.Job instance at 0x7f2f9c3b0780>,6,2,[1 6],7,7,9,0,7
1,<environment.Job instance at 0x7f2f9c8e5640>,9,1,[2 6],10,10,11,0,10
1,<environment.Job instance at 0x7f2f9563b1e0>,10,14,[6 3],11,11,25,0,11
1,<environment.Job instance at 0x7f2f9563baa0>,12,16,[6 1],13,25,41,12,13
1,<environment.Job instance at 0x7f2f9563b460>,14,1,[8 3],15,41,42,26,15
1,<environment.Job instance at 0x7f2f9563bdc0>,13,14,[ 4 10],14,42,56,28,28
1,<environment.Job instance at 0x7f2f9563bbe0>,21,1,[9 5],22,56,57,34,38
1,<environment.Job instance at 0x7f2f9563be60>,17,17,[9 1],18,57,74,39,45
1,<environment.Job instance at 0x7f2f953bb690>,26,14,[9 1],27,74,88,47,59
1,<environment.Job instance at 0x7f2f953bb640>,28,1,[5 9],29,88,89,59,70
1,<environment.Job instance at 0x7f2f953bbaa0>,29,3,[6 3],30,89,92,59,70
1,<environment.Job instance at 0x7f2f953bbd70>,31,14,[ 2 10],32,92,106,60,77
1,<environment.Job instance at 0x7f2f51a50190>,34,12,[7 5],35,106,118,71,89
1,<environment.Job instance at 0x7f2f51a50500>,38,2,[5 6],39,118,120,79,91
1,<environment.Job instance at 0x7f2f954d3370>,40,2,[5 2],41,118,120,77,104
1,<environment.Job instance at 0x7f2f51a50e10>,41,2,[1 7],42,120,122,78,104
1,<environment.Job instance at 0x7f2f954d3f50>,39,18,[ 1 10],40,122,140,82,111
1,<environment.Job instance at 0x7f2f51d24230>,47,17,[8 3],48,140,157,92,129
1,<environment.Job instance at 0x7f2f51769c30>,49,3,[3 8],50,157,160,107,131
1,<environment.Job instance at 0x7f2f51769e60>,50,17,[8 5],51,160,177,109,148
1,<environment.Job instance at 0x7f2f51769370>,56,15,[3 5],57,177,192,120,163
1,<environment.Job instance at 0x7f2f51769280>,58,2,[10  3],59,192,194,133,165
1,<environment.Job instance at 0x7f2f51d24b90>,42,15,[4 5],43,177,192,134,175
1,<environment.Job instance at 0x7f2f9c0a3730>,63,2,[5 7],64,194,196,130,176
1,<environment.Job instance at 0x7f2f9c0a3e60>,65,18,[10  4],66,196,214,130,185
1,<environment.Job instance at 0x7f2f51add140>,67,15,[5 9],68,214,229,146,200
1,<environment.Job instance at 0x7f2f51addaa0>,71,17,[8 2],72,229,246,157,217
1,<environment.Job instance at 0x7f2f51add1e0>,72,12,[4 6],73,246,258,173,229
1,<environment.Job instance at 0x7f2f959ec5f0>,75,12,[5 2],76,246,258,170,231
1,<environment.Job instance at 0x7f2f9c0a30f0>,64,18,[9 2],65,273,291,208,273
1,<environment.Job instance at 0x7f2f51add0a0>,77,17,[2 7],78,310,327,232,310
1,<environment.Job instance at 0x7f2f9c400910>,79,14,[6 4],80,327,341,247,314
1,<environment.Job instance at 0x7f2f954fe960>,8,3,[1 7],9,9,12,0,9
1,<environment.Job instance at 0x7f2f953c1910>,0,18,[7 1],1,9,27,8,9
1,<environment.Job instance at 0x7f2f953c1f00>,5,2,[4 8],6,27,29,21,10
1,<environment.Job instance at 0x7f2f51573910>,11,14,[9 4],12,29,43,17,14
1,<environment.Job instance at 0x7f2f95910d70>,15,3,[ 2 10],16,43,46,27,26
1,<environment.Job instance at 0x7f2f95910820>,17,1,[1 8],18,46,47,28,30
1,<environment.Job instance at 0x7f2f95910eb0>,14,18,[6 5],15,51,69,36,51
1,<environment.Job instance at 0x7f2f95a4d1e0>,22,3,[1 8],23,69,72,46,51
1,<environment.Job instance at 0x7f2f95a4deb0>,21,3,[4 9],22,72,75,50,51
1,<environment.Job instance at 0x7f2f95a4db40>,24,13,[3 8],25,75,88,50,59
1,<environment.Job instance at 0x7f2f95a4dd70>,20,15,[4 9],21,88,103,67,76
1,<environment.Job instance at 0x7f2f95a4d730>,30,12,[4 8],31,103,115,72,89
1,<environment.Job instance at 0x7f2f9587bb40>,34,1,[10  5],35,115,116,80,89
1,<environment.Job instance at 0x7f2f9587b0f0>,35,3,[4 7],36,116,119,80,90
1,<environment.Job instance at 0x7f2f9587be10>,40,2,[10  3],41,127,129,86,127
1,<environment.Job instance at 0x7f2f9587b050>,41,3,[1 9],42,129,132,87,127
1,<environment.Job instance at 0x7f2f9587b690>,38,17,[2 5],39,136,153,97,136
1,<environment.Job instance at 0x7f2f51b96050>,46,3,[7 1],47,137,140,90,137
1,<environment.Job instance at 0x7f2f51b96e10>,50,17,[2 7],51,153,170,102,141
1,<environment.Job instance at 0x7f2f51b96280>,51,1,[10  4],52,170,171,118,142
1,<environment.Job instance at 0x7f2f51b968c0>,52,2,[6 2],53,142,144,89,142
1,<environment.Job instance at 0x7f2f9c858820>,55,2,[9 4],56,171,173,115,158
1,<environment.Job instance at 0x7f2f9c8585f0>,56,2,[5 5],57,173,175,116,158
1,<environment.Job instance at 0x7f2f9c858e10>,57,14,[4 5],58,173,187,115,158
1,<environment.Job instance at 0x7f2f9c858d20>,58,3,[4 5],59,175,178,116,158
1,<environment.Job instance at 0x7f2f9c858050>,59,1,[5 7],60,187,188,127,159
1,<environment.Job instance at 0x7f2f9c858500>,53,12,[10  3],54,188,200,134,184
1,<environment.Job instance at 0x7f2f9cbac7d0>,44,18,[2 9],45,205,223,160,205
1,<environment.Job instance at 0x7f2f51b35780>,66,15,[7 3],67,223,238,156,209
1,<environment.Job instance at 0x7f2f51b35e10>,64,17,[6 3],65,238,255,173,227
1,<environment.Job instance at 0x7f2f51bb3e60>,74,12,[1 9],75,255,267,180,250
1,<environment.Job instance at 0x7f2f51b35820>,69,14,[ 1 10],70,267,281,197,254
1,<environment.Job instance at 0x7f2f51bb3c80>,77,3,[2 9],78,281,284,203,256
1,<environment.Job instance at 0x7f2f51bb3fa0>,75,16,[10  3],76,284,300,208,272
1,<environment.Job instance at 0x7f2f9c320d70>,84,18,[6 4],85,300,318,215,289
1,<environment.Job instance at 0x7f2f9c3206e0>,88,2,[10  1],89,318,320,229,291
1,<environment.Job instance at 0x7f2f9c320780>,91,2,[7 1],92,320,322,228,310
1,<environment.Job instance at 0x7f2f9c320be0>,92,1,[4 6],93,310,311,217,310
1,<environment.Job instance at 0x7f2f9c3205f0>,82,17,[9 5],83,322,339,239,310
1,<environment.Job instance at 0x7f2f9c4b5fa0>,94,1,[1 6],95,311,312,216,310
1,<environment.Job instance at 0x7f2f9c4b5140>,98,16,[8 2],99,339,355,240,326
1,<environment.Job instance at 0x7f2f9c4b5640>,102,2,[6 2],103,355,357,252,330
1,<environment.Job instance at 0x7f2f9c4b5d20>,103,2,[ 5 10],104,357,359,253,330
1,<environment.Job instance at 0x7f2f9c4b55a0>,104,13,[3 6],105,359,372,254,343
1,<environment.Job instance at 0x7f2f51b5fd20>,107,13,[ 2 10],108,372,385,264,357
1,<environment.Job instance at 0x7f2f51b5f2d0>,114,15,[6 1],115,385,400,270,371
1,<environment.Job instance at 0x7f2f51b5fd70>,117,18,[1 7],118,385,403,267,385
1,<environment.Job instance at 0x7f2f51b5f190>,119,1,[ 4 10],120,403,404,283,385
1,<environment.Job instance at 0x7f2f51b72fa0>,123,12,[5 8],124,404,416,280,404
1,<environment.Job instance at 0x7f2f51b72e60>,124,3,[5 2],125,404,407,279,404
1,<environment.Job instance at 0x7f2f51b72af0>,125,3,[ 1 10],126,416,419,290,404
1,<environment.Job instance at 0x7f2f51b72410>,126,3,[5 8],127,419,422,292,404
1,<environment.Job instance at 0x7f2f51b72230>,127,15,[6 1],128,422,437,294,409
1,<environment.Job instance at 0x7f2f51b72280>,128,1,[2 8],129,422,423,293,409
1,<environment.Job instance at 0x7f2f51b725a0>,130,2,[ 3 10],131,437,439,306,410
1,<environment.Job instance at 0x7f2f51b721e0>,132,18,[2 9],133,439,457,306,428
1,<environment.Job instance at 0x7f2f51d02320>,2,2,[8 4],3,3,5,0,3
1,<environment.Job instance at 0x7f2f954fe2d0>,6,16,[5 6],7,9,25,2,9
1,<environment.Job instance at 0x7f2f9563b690>,9,13,[4 7],10,25,38,15,10
1,<environment.Job instance at 0x7f2f9be4e3c0>,10,2,[6 2],11,25,27,14,11
1,<environment.Job instance at 0x7f2f9592eaf0>,13,12,[9 5],14,38,50,24,21
1,<environment.Job instance at 0x7f2f9592e3c0>,15,14,[5 8],16,50,64,34,38
1,<environment.Job instance at 0x7f2f953e3b90>,18,16,[7 5],19,64,80,45,52
1,<environment.Job instance at 0x7f2f51b931e0>,3,18,[5 5],4,80,98,76,69
1,<environment.Job instance at 0x7f2f51bd0280>,32,2,[10  3],33,98,100,65,76
1,<environment.Job instance at 0x7f2f51af03c0>,34,3,[3 5],35,76,79,41,76
1,<environment.Job instance at 0x7f2f9c2710a0>,35,15,[7 2],36,100,115,64,86
1,<environment.Job instance at 0x7f2f9c271960>,38,15,[8 5],39,115,130,76,101
1,<environment.Job instance at 0x7f2f95555690>,31,14,[10  5],32,130,144,98,116
1,<environment.Job instance at 0x7f2f51b5f460>,5,2,[5 5],6,8,10,2,8
1,<environment.Job instance at 0x7f2f51a35be0>,11,1,[5 3],12,22,23,10,22
1,<environment.Job instance at 0x7f2f51a359b0>,12,3,[3 6],13,22,25,9,22
1,<environment.Job instance at 0x7f2f51b22820>,6,17,[7 1],7,23,40,16,22
1,<environment.Job instance at 0x7f2f9575b8c0>,15,2,[ 3 10],16,40,42,24,22
1,<environment.Job instance at 0x7f2f9575beb0>,16,1,[10  1],17,42,43,25,23
1,<environment.Job instance at 0x7f2f9c317fa0>,22,3,[2 8],23,43,46,20,42
1,<environment.Job instance at 0x7f2f9575b140>,13,13,[10  4],14,46,59,32,45
1,<environment.Job instance at 0x7f2f955a8960>,24,14,[ 1 10],25,59,73,34,45
1,<environment.Job instance at 0x7f2f51c25b90>,30,1,[10  2],31,73,74,42,52
1,<environment.Job instance at 0x7f2f51c25c80>,31,15,[4 5],32,74,89,42,61
1,<environment.Job instance at 0x7f2f954fe4b0>,33,13,[5 1],34,74,87,40,67
1,<environment.Job instance at 0x7f2f954fe460>,34,13,[6 3],35,87,100,52,71
1,<environment.Job instance at 0x7f2f516220f0>,36,12,[3 9],37,100,112,63,85
1,<environment.Job instance at 0x7f2f956e0050>,5,18,[6 1],6,7,25,1,7
1,<environment.Job instance at 0x7f2f516ab280>,9,2,[2 5],10,10,12,0,10
1,<environment.Job instance at 0x7f2f516ab9b0>,11,3,[8 5],12,25,28,13,12
1,<environment.Job instance at 0x7f2f5156fd20>,0,14,[2 6],1,28,42,27,15
1,<environment.Job instance at 0x7f2f516ab5f0>,13,15,[7 2],14,28,43,14,16
1,<environment.Job instance at 0x7f2f516ab500>,16,13,[4 6],17,43,56,26,30
1,<environment.Job instance at 0x7f2f516abd20>,21,12,[ 5 10],22,56,68,34,40
1,<environment.Job instance at 0x7f2f516aba00>,10,14,[10  1],11,68,82,57,55
1,<environment.Job instance at 0x7f2f518b5b40>,30,13,[4 7],31,82,95,51,66
1,<environment.Job instance at 0x7f2f518b5780>,33,12,[5 5],34,95,107,61,78
1,<environment.Job instance at 0x7f2f518b5dc0>,35,13,[10  4],36,107,120,71,93
1,<environment.Job instance at 0x7f2f518b55f0>,39,13,[8 2],40,120,133,80,104
1,<environment.Job instance at 0x7f2f5165feb0>,41,3,[5 4],42,133,136,91,107
1,<environment.Job instance at 0x7f2f5165fbe0>,44,15,[9 3],45,136,151,91,122
1,<environment.Job instance at 0x7f2f516ab460>,18,17,[3 6],19,151,168,132,140
1,<environment.Job instance at 0x7f2f5165f280>,48,3,[9 1],49,168,171,119,142
1,<environment.Job instance at 0x7f2f5165fe60>,51,16,[9 3],52,171,187,119,159
1,<environment.Job instance at 0x7f2f5165fc80>,55,13,[7 3],56,187,200,131,171
1,<environment.Job instance at 0x7f2f5165ff00>,43,18,[10  1],44,200,218,156,189
1,<environment.Job instance at 0x7f2f51631410>,62,16,[7 2],63,218,234,155,205
1,<environment.Job instance at 0x7f2f516315a0>,67,18,[2 7],68,218,236,150,210
1,<environment.Job instance at 0x7f2f516ab190>,1,3,[5 8],2,2,5,0,2
1,<environment.Job instance at 0x7f2f516315f0>,2,2,[10  5],3,5,7,2,4
1,<environment.Job instance at 0x7f2f95847af0>,5,3,[7 2],6,7,10,1,6
1,<environment.Job instance at 0x7f2f516abcd0>,0,3,[4 7],1,10,13,9,7
1,<environment.Job instance at 0x7f2f515716e0>,6,15,[9 4],7,13,28,6,10
1,<environment.Job instance at 0x7f2f95934500>,11,3,[2 5],12,28,31,16,12
1,<environment.Job instance at 0x7f2f9c09acd0>,12,13,[3 8],13,31,44,18,15
1,<environment.Job instance at 0x7f2f9c14b0f0>,13,12,[5 7],14,44,56,30,27
1,<environment.Job instance at 0x7f2f9593c4b0>,15,14,[7 2],16,29,43,13,29
1,<environment.Job instance at 0x7f2f514e00a0>,10,17,[8 5],11,56,73,45,44
1,<environment.Job instance at 0x7f2f51ebe0f0>,7,18,[5 9],8,73,91,65,62
1,<environment.Job instance at 0x7f2f51b3c370>,31,18,[3 7],32,91,109,59,80
1,<environment.Job instance at 0x7f2f51b3ceb0>,38,17,[7 2],39,91,108,52,85
1,<environment.Job instance at 0x7f2f9be020f0>,39,15,[8 4],40,109,124,69,95
1,<environment.Job instance at 0x7f2f9be02e10>,44,17,[7 2],45,124,141,79,112
1,<environment.Job instance at 0x7f2f51ddb820>,47,14,[3 8],48,124,138,76,112
1,<environment.Job instance at 0x7f2f51de8410>,51,12,[ 5 10],52,141,153,89,124
1,<environment.Job instance at 0x7f2f51de8870>,57,17,[3 5],58,153,170,95,141
1,<environment.Job instance at 0x7f2f51de8af0>,58,3,[9 2],59,170,173,111,144
1,<environment.Job instance at 0x7f2f9be34550>,64,14,[2 5],65,155,169,90,155
1,<environment.Job instance at 0x7f2f51e0a730>,66,2,[6 4],67,173,175,106,155
1,<environment.Job instance at 0x7f2f51e0a910>,67,18,[3 6],68,173,191,105,163
1,<environment.Job instance at 0x7f2f959fbb40>,71,3,[3 5],72,191,194,119,165
1,<environment.Job instance at 0x7f2f51e0ae10>,73,17,[6 1],74,175,192,101,169
1,<environment.Job instance at 0x7f2f51e0a550>,74,3,[5 7],75,194,197,119,169
1,<environment.Job instance at 0x7f2f958e98c0>,3,12,[6 4],4,4,16,0,4
1,<environment.Job instance at 0x7f2f51f15960>,4,2,[5 2],5,16,18,11,5
1,<environment.Job instance at 0x7f2f956d29b0>,0,12,[8 1],1,18,30,17,6
1,<environment.Job instance at 0x7f2f516168c0>,12,15,[4 8],13,30,45,17,20
1,<environment.Job instance at 0x7f2f514e7b40>,16,3,[5 6],17,45,48,28,25
1,<environment.Job instance at 0x7f2f9c17a0a0>,7,16,[6 1],8,48,64,40,35
1,<environment.Job instance at 0x7f2f514e7c30>,17,18,[2 7],18,48,66,30,38
1,<environment.Job instance at 0x7f2f9c267230>,25,18,[10  1],26,66,84,40,55
1,<environment.Job instance at 0x7f2f51655320>,28,2,[7 1],29,64,66,35,55
1,<environment.Job instance at 0x7f2f51bab960>,32,17,[5 3],33,84,101,51,72
1,<environment.Job instance at 0x7f2f51e5da00>,39,12,[5 1],40,84,96,44,74
1,<environment.Job instance at 0x7f2f5170c0a0>,42,12,[2 7],43,96,108,53,79
1,<environment.Job instance at 0x7f2f5170c6e0>,45,15,[3 7],46,108,123,62,97
1,<environment.Job instance at 0x7f2f5170cf00>,46,17,[5 7],47,123,140,76,111
1,<environment.Job instance at 0x7f2f9c320690>,52,13,[4 9],53,140,153,87,127
1,<environment.Job instance at 0x7f2f9c320aa0>,53,13,[5 5],54,153,166,99,137
1,<environment.Job instance at 0x7f2f9c320960>,55,12,[5 5],56,153,165,97,137
1,<environment.Job instance at 0x7f2f953eae60>,60,18,[8 5],61,166,184,105,155
1,<environment.Job instance at 0x7f2f51b538c0>,61,3,[2 5],62,165,168,103,155
1,<environment.Job instance at 0x7f2f51b539b0>,63,15,[3 5],64,184,199,120,170
1,<environment.Job instance at 0x7f2f51b531e0>,65,12,[5 5],66,184,196,118,171
1,<environment.Job instance at 0x7f2f959a6050>,68,15,[7 3],69,196,211,127,183
1,<environment.Job instance at 0x7f2f959a6e60>,72,14,[6 4],73,211,225,138,196
1,<environment.Job instance at 0x7f2f51663e60>,76,17,[2 5],77,208,225,131,208
1,<environment.Job instance at 0x7f2f51663a00>,77,2,[3 6],78,225,227,147,208
1,<environment.Job instance at 0x7f2f51663140>,78,12,[4 6],79,227,239,148,210
1,<environment.Job instance at 0x7f2f516db0a0>,80,13,[5 7],81,239,252,158,223
1,<environment.Job instance at 0x7f2f516db690>,82,17,[6 5],83,252,269,169,240
1,<environment.Job instance at 0x7f2f514d7eb0>,74,17,[9 3],75,269,286,194,263
1,<environment.Job instance at 0x7f2f957872d0>,87,17,[4 5],88,286,303,198,274
1,<environment.Job instance at 0x7f2f9c863c30>,90,16,[4 9],91,307,323,216,307
1,<environment.Job instance at 0x7f2f9c988c80>,94,13,[9 2],95,323,336,228,311
1,<environment.Job instance at 0x7f2f95742aa0>,96,15,[2 9],97,336,351,239,326
1,<environment.Job instance at 0x7f2f95742b40>,97,17,[3 8],98,351,368,253,339
1,<environment.Job instance at 0x7f2f958e94b0>,1,2,[7 2],2,3,5,1,3
1,<environment.Job instance at 0x7f2f95742b90>,4,2,[1 5],5,5,7,0,5
1,<environment.Job instance at 0x7f2f955a3140>,2,13,[2 5],3,8,21,5,8
1,<environment.Job instance at 0x7f2f51b35640>,9,2,[9 5],10,21,23,11,10
1,<environment.Job instance at 0x7f2f51b359b0>,11,16,[5 5],12,23,39,11,12
1,<environment.Job instance at 0x7f2f51b35140>,13,12,[1 5],14,14,26,0,14
1,<environment.Job instance at 0x7f2f51b35cd0>,12,13,[5 5],13,26,39,13,15
1,<environment.Job instance at 0x7f2f955a8d70>,18,13,[7 3],19,39,52,20,23
1,<environment.Job instance at 0x7f2f51b358c0>,19,3,[5 5],20,52,55,32,27
1,<environment.Job instance at 0x7f2f51b357d0>,17,13,[2 9],18,55,68,37,42
1,<environment.Job instance at 0x7f2f955a84b0>,26,17,[6 1],27,55,72,28,53
1,<environment.Job instance at 0x7f2f51676f50>,27,1,[1 5],28,53,54,25,53
1,<environment.Job instance at 0x7f2f955a8230>,28,3,[1 8],29,68,71,39,53
1,<environment.Job instance at 0x7f2f516765a0>,29,17,[8 3],30,72,89,42,60
1,<environment.Job instance at 0x7f2f51811370>,32,2,[10  1],33,89,91,56,70
1,<environment.Job instance at 0x7f2f51811230>,33,18,[2 7],34,71,89,37,70
1,<environment.Job instance at 0x7f2f51811460>,35,15,[10  1],36,91,106,55,77
1,<environment.Job instance at 0x7f2f51811be0>,38,3,[5 1],39,106,109,67,80
1,<environment.Job instance at 0x7f2f518116e0>,40,2,[5 1],41,106,108,65,93
1,<environment.Job instance at 0x7f2f518115a0>,41,14,[2 5],42,108,122,66,93
1,<environment.Job instance at 0x7f2f51811dc0>,43,17,[ 1 10],44,122,139,78,110
1,<environment.Job instance at 0x7f2f515425a0>,49,2,[10  2],50,139,141,89,131
1,<environment.Job instance at 0x7f2f51542410>,50,15,[ 4 10],51,141,156,90,132
1,<environment.Job instance at 0x7f2f51811140>,45,15,[6 2],46,156,171,110,143
1,<environment.Job instance at 0x7f2f51542500>,54,2,[8 1],55,171,173,116,145
1,<environment.Job instance at 0x7f2f51542730>,58,2,[9 3],59,173,175,114,156
1,<environment.Job instance at 0x7f2f515425f0>,59,2,[5 5],60,175,177,115,156
1,<environment.Job instance at 0x7f2f51542140>,60,3,[3 5],61,157,160,96,157
1,<environment.Job instance at 0x7f2f51542eb0>,61,3,[ 5 10],62,177,180,115,157
1,<environment.Job instance at 0x7f2f95914a00>,64,12,[10  4],65,180,192,115,163
1,<environment.Job instance at 0x7f2f95914aa0>,66,15,[8 4],67,192,207,125,178
1,<environment.Job instance at 0x7f2f95914690>,67,16,[2 5],68,192,208,124,181
1,<environment.Job instance at 0x7f2f95914f00>,72,3,[10  2],73,208,211,135,187
1,<environment.Job instance at 0x7f2f95914410>,76,3,[1 9],77,211,214,134,187
1,<environment.Job instance at 0x7f2f95914d70>,78,3,[7 1],79,211,214,132,188
1,<environment.Job instance at 0x7f2f95914dc0>,73,12,[9 4],74,214,226,140,197
1,<environment.Job instance at 0x7f2f95935690>,83,3,[7 2],84,226,229,142,200
1,<environment.Job instance at 0x7f2f95935b40>,82,16,[4 9],83,229,245,146,216
1,<environment.Job instance at 0x7f2f95935d70>,89,2,[2 7],90,226,228,136,216
1,<environment.Job instance at 0x7f2f9bddf1e0>,92,3,[1 9],93,245,248,152,228
1,<environment.Job instance at 0x7f2f9bddf960>,96,13,[9 4],97,248,261,151,246
1,<environment.Job instance at 0x7f2f9bddff00>,99,2,[5 8],100,261,263,161,246
1,<environment.Job instance at 0x7f2f9bddf5f0>,100,17,[2 8],101,263,280,162,251
1,<environment.Job instance at 0x7f2f95905f00>,102,3,[8 5],103,280,283,177,264
1,<environment.Job instance at 0x7f2f95905a00>,104,16,[2 9],105,283,299,178,270
1,<environment.Job instance at 0x7f2f95905c80>,106,13,[4 7],107,299,312,192,283
1,<environment.Job instance at 0x7f2f95905aa0>,107,1,[10  1],108,312,313,204,284
1,<environment.Job instance at 0x7f2f9bddf2d0>,94,16,[ 5 10],95,313,329,218,310
1,<environment.Job instance at 0x7f2f959056e0>,110,15,[9 1],111,329,344,218,315
1,<environment.Job instance at 0x7f2f959058c0>,113,3,[ 5 10],114,363,366,249,363
1,<environment.Job instance at 0x7f2f95905f50>,114,16,[2 6],115,366,382,251,363
1,<environment.Job instance at 0x7f2f95905640>,116,17,[7 1],117,366,383,249,365
1,<environment.Job instance at 0x7f2f95921280>,121,17,[9 1],122,383,400,261,371
1,<environment.Job instance at 0x7f2f95921140>,123,13,[10  5],124,400,413,276,388
1,<environment.Job instance at 0x7f2f95921d70>,126,18,[5 9],127,413,431,286,408
1,<environment.Job instance at 0x7f2f95921dc0>,130,14,[6 2],131,431,445,300,416
1,<environment.Job instance at 0x7f2f51616e10>,135,12,[4 8],136,431,443,295,418
1,<environment.Job instance at 0x7f2f516160f0>,138,2,[ 2 10],139,445,447,306,429
1,<environment.Job instance at 0x7f2f955cf500>,6,2,[3 8],7,7,9,0,7
1,<environment.Job instance at 0x7f2f955ff2d0>,8,1,[3 7],9,9,10,0,9
1,<environment.Job instance at 0x7f2f955a8690>,4,18,[8 1],5,10,28,5,10
1,<environment.Job instance at 0x7f2f9c374690>,11,13,[ 3 10],12,28,41,16,12
1,<environment.Job instance at 0x7f2f9c374fa0>,15,1,[7 3],16,41,42,25,16
1,<environment.Job instance at 0x7f2f9bd66140>,16,1,[3 9],17,42,43,25,17
1,<environment.Job instance at 0x7f2f9bd55050>,18,14,[5 7],19,43,57,24,29
1,<environment.Job instance at 0x7f2f9bd63e10>,21,16,[7 1],22,57,73,35,44
1,<environment.Job instance at 0x7f2f9bd55780>,14,16,[9 5],15,73,89,58,60
1,<environment.Job instance at 0x7f2f5195a730>,32,3,[6 3],33,89,92,56,74
1,<environment.Job instance at 0x7f2f5195aaf0>,33,2,[2 9],34,92,94,58,74
1,<environment.Job instance at 0x7f2f9bd3ecd0>,12,18,[6 5],13,94,112,81,83
1,<environment.Job instance at 0x7f2f955fefa0>,36,3,[7 5],37,112,115,75,92
1,<environment.Job instance at 0x7f2f9c48ac80>,41,2,[4 7],42,115,117,73,102
1,<environment.Job instance at 0x7f2f9c48a870>,42,17,[5 5],43,117,134,74,105
1,<environment.Job instance at 0x7f2f9c3717d0>,44,15,[5 9],45,134,149,89,120
1,<environment.Job instance at 0x7f2f9c4ab370>,49,16,[9 2],50,149,165,99,137
1,<environment.Job instance at 0x7f2f9c36daf0>,58,14,[3 5],59,165,179,106,150
1,<environment.Job instance at 0x7f2f9c36db90>,59,16,[6 3],60,165,181,105,152
1,<environment.Job instance at 0x7f2f9c4885f0>,61,13,[6 4],62,181,194,119,166
1,<environment.Job instance at 0x7f2f9c488a00>,64,14,[7 5],65,194,208,129,181
1,<environment.Job instance at 0x7f2f9bd62be0>,26,17,[10  5],27,208,225,181,197
1,<environment.Job instance at 0x7f2f9c496870>,69,14,[ 2 10],70,225,239,155,210
1,<environment.Job instance at 0x7f2f9c24e370>,79,13,[7 2],80,239,252,159,226
1,<environment.Job instance at 0x7f2f9c474d20>,82,12,[10  2],83,252,264,169,235
1,<environment.Job instance at 0x7f2f9c4740f0>,83,13,[3 6],84,239,252,155,236
1,<environment.Job instance at 0x7f2f9c4741e0>,84,17,[5 1],85,264,281,179,252
1,<environment.Job instance at 0x7f2f9556db90>,90,15,[4 6],91,264,279,173,253
1,<environment.Job instance at 0x7f2f9c48c190>,94,17,[5 5],95,279,296,184,267
1,<environment.Job instance at 0x7f2f51baa550>,97,15,[5 3],98,281,296,183,275
1,<environment.Job instance at 0x7f2f9556d730>,89,16,[7 1],90,296,312,206,283
1,<environment.Job instance at 0x7f2f95a4f3c0>,104,13,[5 5],105,312,325,207,296
1,<environment.Job instance at 0x7f2f5167faa0>,110,13,[10  5],111,325,338,214,309
1,<environment.Job instance at 0x7f2f9c850a50>,112,1,[3 6],113,309,310,196,309
1,<environment.Job instance at 0x7f2f956d2d70>,109,12,[10  1],110,338,350,228,323
1,<environment.Job instance at 0x7f2f9bef1820>,114,18,[2 9],115,350,368,235,339
1,<environment.Job instance at 0x7f2f959110f0>,119,15,[1 8],120,368,383,248,354
1,<environment.Job instance at 0x7f2f9c987320>,121,15,[4 5],122,383,398,261,369
1,<environment.Job instance at 0x7f2f95a80c80>,126,15,[9 5],127,398,413,271,384
1,<environment.Job instance at 0x7f2f51459b90>,128,16,[ 5 10],129,413,429,284,401
1,<environment.Job instance at 0x7f2f51ec8f00>,132,14,[5 4],133,429,443,296,414
1,<environment.Job instance at 0x7f2f514e4280>,135,3,[10  2],136,443,446,307,429
1,<environment.Job instance at 0x7f2f9c484690>,136,3,[5 3],137,429,432,292,429
1,<environment.Job instance at 0x7f2f9c484be0>,137,3,[5 8],138,446,449,308,430
1,<environment.Job instance at 0x7f2f9c4848c0>,138,3,[9 1],139,449,452,310,430
1,<environment.Job instance at 0x7f2f9c48e3c0>,115,17,[5 9],116,569,586,453,569
1,<environment.Job instance at 0x7fd1c5c1e4b0>,5,2,[1 6],6,6,8,0,6
1,<environment.Job instance at 0x7fd1c5c1e280>,7,14,[7 5],8,8,22,0,8
1,<environment.Job instance at 0x7fd1cd02d280>,0,17,[6 1],1,22,39,21,11
1,<environment.Job instance at 0x7fd1c5c1ed70>,17,12,[5 1],18,39,51,21,25
1,<environment.Job instance at 0x7fd1c5c21190>,22,12,[3 8],23,56,68,33,56
1,<environment.Job instance at 0x7fd1c5c210f0>,23,16,[6 2],24,59,75,35,59
1,<environment.Job instance at 0x7fd1c5c21280>,24,2,[4 6],25,68,70,43,59
1,<environment.Job instance at 0x7fd1c5c213c0>,25,2,[5 7],26,75,77,49,59
1,<environment.Job instance at 0x7fd1c5c1ec30>,15,3,[2 8],16,70,73,54,61
1,<environment.Job instance at 0x7fd1c5c21870>,27,17,[4 6],28,77,94,49,65
1,<environment.Job instance at 0x7fd1c5c219b0>,29,2,[4 7],30,73,75,43,65
1,<environment.Job instance at 0x7fd1c5c1e6e0>,8,17,[1 8],9,99,116,90,99
1,<environment.Job instance at 0x7fd1c5c21cd0>,34,14,[1 9],35,116,130,81,101
1,<environment.Job instance at 0x7fd1c5c21f50>,38,2,[6 1],39,102,104,63,102
1,<environment.Job instance at 0x7fd1c5c216e0>,41,1,[7 1],42,125,126,83,125
1,<environment.Job instance at 0x7fd1c5c22230>,42,2,[4 7],43,130,132,87,125
1,<environment.Job instance at 0x7fd1c5c222d0>,43,12,[4 5],44,132,144,88,125
1,<environment.Job instance at 0x7fd1c5c22370>,44,3,[5 1],45,126,129,81,125
1,<environment.Job instance at 0x7fd1c5c22550>,46,2,[3 5],47,132,134,85,127
1,<environment.Job instance at 0x7fd1c5c22460>,47,13,[ 3 10],48,144,157,96,129
1,<environment.Job instance at 0x7fd1c5c223c0>,48,12,[9 2],49,157,169,108,140
1,<environment.Job instance at 0x7fd1c5c22aa0>,55,12,[2 6],56,169,181,113,153
1,<environment.Job instance at 0x7fd1c5c22c80>,58,17,[3 7],59,181,198,122,169
1,<environment.Job instance at 0x7fd1c5c250f0>,63,12,[5 3],64,173,185,109,173
1,<environment.Job instance at 0x7fd1c5c259b0>,67,16,[1 9],68,198,214,130,185
1,<environment.Job instance at 0x7fd1c5c25a50>,68,14,[6 4],69,214,228,145,199
1,<environment.Job instance at 0x7fd1c5c25c30>,71,2,[5 1],72,199,201,127,199
1,<environment.Job instance at 0x7fd1c5c25d70>,72,18,[3 5],73,214,232,141,203
1,<environment.Job instance at 0x7fd1cd02d230>,2,14,[ 2 10],3,232,246,229,219
1,<environment.Job instance at 0x7fd1c5c25fa0>,77,16,[8 1],78,246,262,168,233
1,<environment.Job instance at 0x7fd1c5c27460>,85,15,[1 7],86,246,261,160,233
1,<environment.Job instance at 0x7fd1c5c27500>,86,3,[6 3],87,262,265,175,236
1,<environment.Job instance at 0x7fd1c5c27640>,88,16,[4 9],89,265,281,176,252
1,<environment.Job instance at 0x7fd1c5c27af0>,92,12,[5 5],93,281,293,188,268
1,<environment.Job instance at 0x7fd1c5c27d70>,95,3,[8 5],96,293,296,197,268
1,<environment.Job instance at 0x7fd1c5c27e10>,96,18,[2 6],97,296,314,199,285
1,<environment.Job instance at 0x7fd1c5c2a5a0>,102,13,[9 4],103,314,327,211,298
1,<environment.Job instance at 0x7fd1c5c15190>,111,17,[6 4],112,327,344,215,315
1,<environment.Job instance at 0x7fd1c5c733c0>,114,1,[9 2],115,344,345,229,319
1,<environment.Job instance at 0x7fd1c5c6fb90>,115,2,[1 6],116,319,321,203,319
1,<environment.Job instance at 0x7fd1c5d2daa0>,116,12,[8 4],117,345,357,228,328
1,<environment.Job instance at 0x7fd1c5c21eb0>,37,14,[5 8],38,364,378,326,364
1,<environment.Job instance at 0x7fd1c5c115a0>,125,2,[7 4],126,378,380,252,364
1,<environment.Job instance at 0x7fd1c5cb7910>,127,14,[7 2],128,380,394,252,365
1,<environment.Job instance at 0x7fd1c5ce0c80>,131,13,[3 8],132,380,393,248,373
1,<environment.Job instance at 0x7fd1c5d80c30>,132,18,[10  4],133,394,412,261,383
1,<environment.Job instance at 0x7fd1c5dd5690>,134,12,[5 4],135,412,424,277,398
1,<environment.Job instance at 0x7fd1c5dd18c0>,138,3,[4 6],139,412,415,273,398
1,<environment.Job instance at 0x7fd1c5dd0230>,140,2,[7 5],141,424,426,283,398
1,<environment.Job instance at 0x7fd1c5daf8c0>,141,14,[ 3 10],142,426,440,284,411
1,<environment.Job instance at 0x7fd1c5dc85a0>,143,1,[2 7],144,440,441,296,412
1,<environment.Job instance at 0x7fd1c5d3d280>,145,3,[9 2],146,441,444,295,415
1,<environment.Job instance at 0x7fd1c5d2ec30>,146,13,[10  5],147,444,457,297,429
1,<environment.Job instance at 0x7fd1c5c33910>,2,1,[9 2],3,4,5,1,4
1,<environment.Job instance at 0x7fd1c5c3f0a0>,9,2,[ 4 10],10,11,13,1,11
1,<environment.Job instance at 0x7fd1c5c3f460>,10,24,[1 5],11,15,39,4,15
1,<environment.Job instance at 0x7fd1c5c3f500>,11,12,[5 4],12,15,27,3,15
1,<environment.Job instance at 0x7fd1c5c3f0f0>,15,2,[5 6],16,39,41,23,23
1,<environment.Job instance at 0x7fd1c5c3f410>,18,2,[8 1],19,28,30,9,28
1,<environment.Job instance at 0x7fd1c5c3f820>,14,14,[10  5],15,41,55,26,35
1,<environment.Job instance at 0x7fd1c5c3f9b0>,22,3,[8 5],23,35,38,12,35
1,<environment.Job instance at 0x7fd1c5c3cdc0>,26,3,[10  3],27,55,58,28,43
1,<environment.Job instance at 0x7fd1c5c3c140>,27,16,[8 4],28,58,74,30,46
1,<environment.Job instance at 0x7fd1c5bc3280>,31,18,[6 2],32,74,92,42,63
1,<environment.Job instance at 0x7fd1c5bc30a0>,32,1,[8 3],33,92,93,59,64
1,<environment.Job instance at 0x7fd1c5bc3320>,35,1,[9 3],36,93,94,57,65
1,<environment.Job instance at 0x7fd1c5c3ff00>,20,17,[4 7],21,74,91,53,70
1,<environment.Job instance at 0x7fd1c5bc3820>,41,3,[9 5],42,94,97,52,71
1,<environment.Job instance at 0x7fd1c5bc32d0>,36,17,[9 1],37,97,114,60,85
1,<environment.Job instance at 0x7fd182020c30>,46,3,[7 5],47,114,117,67,96
1,<environment.Job instance at 0x7fd1820209b0>,49,3,[10  4],50,117,120,67,114
1,<environment.Job instance at 0x7fd1820207d0>,52,3,[8 2],53,120,123,67,116
1,<environment.Job instance at 0x7fd1820200f0>,51,14,[ 1 10],52,123,137,71,116
1,<environment.Job instance at 0x7fd182017050>,54,3,[5 6],55,137,140,82,116
1,<environment.Job instance at 0x7fd182020dc0>,53,14,[5 9],54,140,154,86,125
1,<environment.Job instance at 0x7fd182017780>,57,2,[10  3],58,154,156,96,129
1,<environment.Job instance at 0x7fd182017a00>,59,15,[5 5],60,156,171,96,142
1,<environment.Job instance at 0x7fd182017230>,62,13,[2 5],63,156,169,93,147
1,<environment.Job instance at 0x7fd182087d20>,64,16,[5 6],65,171,187,106,158
1,<environment.Job instance at 0x7fd181fa4190>,70,3,[4 8],71,199,202,128,199
1,<environment.Job instance at 0x7fd1820220a0>,71,3,[5 3],72,202,205,130,199
1,<environment.Job instance at 0x7fd181fa48c0>,72,15,[8 2],73,205,220,132,199
1,<environment.Job instance at 0x7fd182022d70>,73,18,[5 1],74,220,238,146,209
1,<environment.Job instance at 0x7fd182022640>,77,12,[4 8],78,221,233,143,221
1,<environment.Job instance at 0x7fd182022960>,79,13,[4 5],80,233,246,153,222
1,<environment.Job instance at 0x7fd1c5c3c7d0>,3,17,[7 4],4,7,24,3,7
1,<environment.Job instance at 0x7fd1cd19f370>,9,12,[6 3],10,24,36,14,12
1,<environment.Job instance at 0x7fd1c59d6460>,10,3,[5 2],11,36,39,25,12
1,<environment.Job instance at 0x7fd1cd19f820>,13,16,[4 5],14,24,40,10,15
1,<environment.Job instance at 0x7fd1cd19f6e0>,11,3,[9 4],12,40,43,28,15
1,<environment.Job instance at 0x7fd181efa8c0>,17,2,[1 8],18,43,45,25,18
1,<environment.Job instance at 0x7fd181efa820>,18,14,[9 4],19,45,59,26,32
1,<environment.Job instance at 0x7fd181efa4b0>,20,16,[8 3],21,59,75,38,48
1,<environment.Job instance at 0x7fd181efa190>,23,16,[ 4 10],24,75,91,51,68
1,<environment.Job instance at 0x7fd18227cb40>,2,1,[4 8],3,3,4,0,3
1,<environment.Job instance at 0x7fd18227c870>,4,1,[ 3 10],5,5,6,0,5
1,<environment.Job instance at 0x7fd182505a00>,5,14,[3 8],6,9,23,3,9
1,<environment.Job instance at 0x7fd1822a8d20>,7,13,[3 7],8,23,36,15,11
1,<environment.Job instance at 0x7fd182281500>,15,13,[6 3],16,23,36,7,18
1,<environment.Job instance at 0x7fd182281960>,17,12,[6 2],18,36,48,18,20
1,<environment.Job instance at 0x7fd1824e4050>,20,12,[3 7],21,36,48,15,22
1,<environment.Job instance at 0x7fd182281460>,16,12,[10  2],17,48,60,31,31
1,<environment.Job instance at 0x7fd1c5f991e0>,29,2,[1 9],30,60,62,30,38
1,<environment.Job instance at 0x7fd1ccb5e960>,31,15,[7 1],32,60,75,28,46
1,<environment.Job instance at 0x7fd1822a8fa0>,8,15,[2 9],9,62,77,53,48
1,<environment.Job instance at 0x7fd1c5f99c80>,30,13,[5 5],31,77,90,46,61
1,<environment.Job instance at 0x7fd1ccabc820>,42,17,[4 5],43,77,94,34,65
1,<environment.Job instance at 0x7fd1ccabcbe0>,43,14,[9 3],44,94,108,50,79
1,<environment.Job instance at 0x7fd1ccabc8c0>,46,16,[1 9],47,108,124,61,96
1,<environment.Job instance at 0x7fd1ccabc140>,45,17,[8 2],46,124,141,78,112
1,<environment.Job instance at 0x7fd1c60b8280>,53,16,[6 5],54,149,165,95,149
1,<environment.Job instance at 0x7fd1c60b8cd0>,60,18,[ 2 10],61,165,183,104,154
1,<environment.Job instance at 0x7fd1c60b87d0>,59,18,[5 8],60,183,201,123,172
1,<environment.Job instance at 0x7fd1824e5640>,68,13,[9 1],69,201,214,132,185
1,<environment.Job instance at 0x7fd1c5f234b0>,73,2,[7 2],74,214,216,140,190
1,<environment.Job instance at 0x7fd1c5f7b0f0>,74,3,[ 5 10],75,216,219,141,190
1,<environment.Job instance at 0x7fd1c5f23730>,75,1,[5 4],76,219,220,143,191
1,<environment.Job instance at 0x7fd1c5fda320>,77,1,[6 2],78,220,221,142,200
1,<environment.Job instance at 0x7fd1c5f47410>,80,14,[7 2],81,221,235,140,208
1,<environment.Job instance at 0x7fd1c601baf0>,84,12,[3 9],85,235,247,150,222
1,<environment.Job instance at 0x7fd1824e5820>,66,18,[ 5 10],67,247,265,180,241
1,<environment.Job instance at 0x7fd1c5cf9140>,91,12,[1 6],92,265,277,173,254
1,<environment.Job instance at 0x7fd1c5d80780>,93,3,[5 7],94,277,280,183,254
1,<environment.Job instance at 0x7fd1c5d80af0>,94,2,[ 5 10],95,280,282,185,254
1,<environment.Job instance at 0x7fd1c5d80d20>,97,1,[ 4 10],98,282,283,184,262
1,<environment.Job instance at 0x7fd1c5fdfaf0>,98,16,[1 7],99,283,299,184,270
1,<environment.Job instance at 0x7fd1cc8af190>,99,18,[8 2],100,283,301,183,273
1,<environment.Job instance at 0x7fd1cc8af690>,100,3,[10  1],101,301,304,200,275
1,<environment.Job instance at 0x7fd1c5ea2d70>,101,12,[2 6],102,304,316,202,289
1,<environment.Job instance at 0x7fd1c59fc410>,104,16,[ 5 10],105,316,332,211,316
1,<environment.Job instance at 0x7fd1c59fc230>,113,12,[8 2],114,332,344,218,318
1,<environment.Job instance at 0x7fd1c59fcb90>,114,16,[1 5],115,332,348,217,319
1,<environment.Job instance at 0x7fd1c59fc5a0>,115,18,[4 9],116,348,366,232,339
1,<environment.Job instance at 0x7fd1c59fc280>,118,13,[5 5],119,366,379,247,350
1,<environment.Job instance at 0x7fd1c59fc960>,123,14,[6 5],124,379,393,255,364
1,<environment.Job instance at 0x7fd1c5ccc690>,129,3,[7 2],130,393,396,263,377
1,<environment.Job instance at 0x7fd1c5c66050>,130,17,[5 6],131,396,413,265,387
1,<environment.Job instance at 0x7fd1c5c66fa0>,136,15,[10  2],137,413,428,276,408
1,<environment.Job instance at 0x7fd1824e5730>,2,14,[5 1],3,4,18,1,4
1,<environment.Job instance at 0x7fd1cc854370>,6,14,[8 4],7,18,32,11,8
1,<environment.Job instance at 0x7fd1c5d8b780>,11,2,[5 5],12,12,14,0,12
1,<environment.Job instance at 0x7fd1c5d8bb90>,12,18,[6 2],13,32,50,19,21
1,<environment.Job instance at 0x7fd1c5d8bfa0>,16,3,[3 9],17,50,53,33,24
1,<environment.Job instance at 0x7fd1c5d8bcd0>,18,13,[1 5],19,25,38,6,25
1,<environment.Job instance at 0x7fd1c5d8bc80>,19,1,[2 8],20,38,39,18,25
1,<environment.Job instance at 0x7fd1c5d8bf00>,20,3,[1 9],21,53,56,32,28
1,<environment.Job instance at 0x7fd1c5d8bd70>,23,1,[1 6],24,39,40,15,36
1,<environment.Job instance at 0x7fd1c5d8b550>,14,18,[6 2],15,58,76,43,58
1,<environment.Job instance at 0x7fd1c5d4db40>,25,16,[9 2],26,76,92,50,65
1,<environment.Job instance at 0x7fd1ccf24050>,1,13,[10  2],2,92,105,90,77
1,<environment.Job instance at 0x7fd1c5cd4eb0>,35,15,[6 2],36,105,120,69,91
1,<environment.Job instance at 0x7fd1c5cd4c30>,40,17,[5 2],41,120,137,79,108
1,<environment.Job instance at 0x7fd1c5cd4870>,42,12,[6 2],43,137,149,94,121
1,<environment.Job instance at 0x7fd1c5cb74b0>,46,16,[8 2],47,149,165,102,136
1,<environment.Job instance at 0x7fd1824e5320>,0,17,[10  2],1,168,185,167,168
1,<environment.Job instance at 0x7fd1c5cb7140>,48,14,[8 5],49,185,199,136,177
1,<environment.Job instance at 0x7fd182231370>,49,16,[7 4],50,199,215,149,187
1,<environment.Job instance at 0x7fd181fc9280>,5,2,[ 2 10],6,6,8,0,6
1,<environment.Job instance at 0x7fd1c5cd7320>,1,18,[4 8],2,9,27,7,9
1,<environment.Job instance at 0x7fd181fc9b90>,7,13,[4 7],8,27,40,19,12
1,<environment.Job instance at 0x7fd181fc9190>,13,17,[6 1],14,15,32,1,15
1,<environment.Job instance at 0x7fd1c5cf9140>,14,3,[9 2],15,40,43,25,15
1,<environment.Job instance at 0x7fd1ccc32e10>,16,13,[8 5],17,43,56,26,27
1,<environment.Job instance at 0x7fd1ccc32f50>,19,18,[5 2],20,56,74,36,45
1,<environment.Job instance at 0x7fd1ccc32be0>,23,3,[4 8],24,56,59,32,45
1,<environment.Job instance at 0x7fd1c5b4fc80>,24,12,[3 7],25,59,71,34,45
1,<environment.Job instance at 0x7fd181fc9c80>,9,14,[4 7],10,71,85,61,56
1,<environment.Job instance at 0x7fd1c5b4f640>,31,14,[1 7],32,85,99,53,71
1,<environment.Job instance at 0x7fd1c5b4f7d0>,34,2,[2 7],35,99,101,64,80
1,<environment.Job instance at 0x7fd181e8c370>,41,21,[5 5],42,101,122,59,100
1,<environment.Job instance at 0x7fd181e8c820>,42,1,[6 5],43,122,123,79,100
1,<environment.Job instance at 0x7fd1c5b4feb0>,32,14,[8 5],33,123,137,90,109
1,<environment.Job instance at 0x7fd1cc8ea870>,46,12,[5 9],47,137,149,90,120
1,<environment.Job instance at 0x7fd1cc8ea410>,48,1,[6 4],49,149,150,100,121
1,<environment.Job instance at 0x7fd181e8c690>,43,18,[ 2 10],44,150,168,106,140
1,<environment.Job instance at 0x7fd1824c8b40>,57,1,[2 8],58,168,169,110,153
1,<environment.Job instance at 0x7fd1824c8a50>,58,2,[6 4],59,169,171,110,154
1,<environment.Job instance at 0x7fd1824c8190>,60,12,[3 6],61,169,181,108,159
1,<environment.Job instance at 0x7fd1824c8460>,61,2,[3 5],62,181,183,119,159
1,<environment.Job instance at 0x7fd1824c88c0>,50,15,[3 8],51,183,198,132,170
1,<environment.Job instance at 0x7fd1824e4730>,66,15,[3 6],67,198,213,131,185
1,<environment.Job instance at 0x7fd1824e4d70>,70,15,[6 3],71,201,216,130,201
1,<environment.Job instance at 0x7fd1824e4c80>,68,15,[5 5],69,216,231,147,203
1,<environment.Job instance at 0x7fd1cc634820>,71,18,[5 9],72,231,249,159,220
1,<environment.Job instance at 0x7fd1cc6345f0>,80,18,[2 7],81,249,267,168,238
1,<environment.Job instance at 0x7fd1c60b8d20>,82,12,[6 2],83,249,261,166,241
1,<environment.Job instance at 0x7fd1c60b8f50>,83,13,[5 2],84,261,274,177,247
1,<environment.Job instance at 0x7fd1cc6349b0>,73,18,[3 7],74,267,285,193,256
1,<environment.Job instance at 0x7fd1c60b84b0>,88,12,[5 5],89,285,297,196,270
1,<environment.Job instance at 0x7fd1822a4730>,2,3,[7 4],3,3,6,0,3
1,<environment.Job instance at 0x7fd1c5e0b410>,4,1,[6 4],5,6,7,1,5
1,<environment.Job instance at 0x7fd1c6036eb0>,3,15,[4 8],4,8,23,4,8
1,<environment.Job instance at 0x7fd182521e60>,7,13,[5 8],8,23,36,15,11
1,<environment.Job instance at 0x7fd18257c960>,12,15,[3 9],13,36,51,23,23
1,<environment.Job instance at 0x7fd1c60b15a0>,15,3,[2 6],16,57,60,41,57
1,<environment.Job instance at 0x7fd1c5d4deb0>,18,1,[6 5],19,60,61,41,57
1,<environment.Job instance at 0x7fd1c5c33820>,19,17,[1 5],20,60,77,40,57
1,<environment.Job instance at 0x7fd181eac320>,22,17,[3 5],23,61,78,38,60
1,<environment.Job instance at 0x7fd1c5d4dc30>,20,13,[3 8],21,78,91,57,62
1,<environment.Job instance at 0x7fd181eac140>,24,1,[5 2],25,77,78,52,62
1,<environment.Job instance at 0x7fd181eacfa0>,27,3,[10  5],28,91,94,63,65
1,<environment.Job instance at 0x7fd181eac5f0>,26,17,[7 3],27,94,111,67,82
1,<environment.Job instance at 0x7fd1c5cd7820>,0,16,[ 2 10],1,111,127,110,99
1,<environment.Job instance at 0x7fd181ec0690>,31,17,[9 4],32,127,144,95,115
1,<environment.Job instance at 0x7fd1c613e960>,40,16,[5 4],41,144,160,103,131
1,<environment.Job instance at 0x7fd1c5f38d70>,42,12,[5 2],43,144,156,101,132
1,<environment.Job instance at 0x7fd1c5f385f0>,44,12,[7 2],45,160,172,115,143
1,<environment.Job instance at 0x7fd181ec49b0>,6,14,[5 7],7,8,22,1,8
1,<environment.Job instance at 0x7fd182521370>,7,12,[3 8],8,22,34,14,10
1,<environment.Job instance at 0x7fd1c5a8a230>,9,3,[4 7],10,34,37,24,15
1,<environment.Job instance at 0x7fd1c5a8a190>,8,16,[1 7],9,37,53,28,24
1,<environment.Job instance at 0x7fd1c5b14640>,4,18,[9 1],5,37,55,32,26
1,<environment.Job instance at 0x7fd1cc648190>,0,13,[7 3],1,55,68,54,39
1,<environment.Job instance at 0x7fd1c5d2e640>,20,13,[1 6],21,53,66,32,49
1,<environment.Job instance at 0x7fd1c5d2ecd0>,28,12,[5 5],29,68,80,39,53
1,<environment.Job instance at 0x7fd1c5d2ebe0>,26,18,[5 4],27,68,86,41,66
1,<environment.Job instance at 0x7fd1c5b56c30>,32,15,[3 6],33,80,95,47,71
1,<environment.Job instance at 0x7fd1c5b56780>,33,3,[2 7],34,95,98,61,71
1,<environment.Job instance at 0x7fd1c5b56280>,30,17,[7 1],31,86,103,55,74
1,<environment.Job instance at 0x7fd1c5b56140>,38,1,[3 8],39,98,99,59,92
1,<environment.Job instance at 0x7fd1c5b56410>,40,1,[3 6],41,99,100,58,92
1,<environment.Job instance at 0x7fd1c5b56dc0>,35,18,[8 2],36,103,121,67,92
1,<environment.Job instance at 0x7fd1c5b56e10>,42,13,[9 3],43,121,134,78,105
1,<environment.Job instance at 0x7fd1c59f7dc0>,51,15,[7 2],52,146,161,94,146
1,<environment.Job instance at 0x7fd1c59d8500>,58,16,[10  1],59,162,178,103,162
1,<environment.Job instance at 0x7fd1c59d8640>,60,18,[2 8],61,178,196,117,172
1,<environment.Job instance at 0x7fd1c59d8820>,63,14,[5 7],64,196,210,132,182
1,<environment.Job instance at 0x7fd1c59d8f00>,72,12,[5 5],73,223,235,150,223
1,<environment.Job instance at 0x7fd1c59ea050>,75,13,[2 6],76,235,248,159,223
1,<environment.Job instance at 0x7fd1c5a8a730>,3,3,[10  4],4,4,7,0,4
1,<environment.Job instance at 0x7fd1c5ea5230>,6,2,[1 9],7,7,9,0,7
1,<environment.Job instance at 0x7fd1c5ab4a50>,9,3,[ 4 10],10,10,13,0,10
1,<environment.Job instance at 0x7fd1c59ea5f0>,1,16,[2 7],2,13,29,11,11
1,<environment.Job instance at 0x7fd18254c960>,11,1,[10  4],12,29,30,17,12
1,<environment.Job instance at 0x7fd1c5cd74b0>,4,15,[3 8],5,30,45,25,16
1,<environment.Job instance at 0x7fd1cc5993c0>,14,13,[4 6],15,45,58,30,29
1,<environment.Job instance at 0x7fd1c599af00>,17,3,[1 6],18,58,61,40,41
1,<environment.Job instance at 0x7fd18254cc80>,13,18,[8 1],14,58,76,44,47
1,<environment.Job instance at 0x7fd1cc599910>,12,18,[4 5],13,76,94,63,65
1,<environment.Job instance at 0x7fd1c5bbd960>,27,3,[ 5 10],28,94,97,66,68
1,<environment.Job instance at 0x7fd1c5b4ae60>,30,18,[7 3],31,97,115,66,86
1,<environment.Job instance at 0x7fd1c5b82aa0>,37,15,[6 4],38,115,130,77,102
1,<environment.Job instance at 0x7fd1c599af50>,18,17,[10  4],19,130,147,111,118
1,<environment.Job instance at 0x7fd181fa4730>,43,18,[9 2],44,147,165,103,136
1,<environment.Job instance at 0x7fd1c5d2e190>,48,3,[1 9],49,165,168,116,147
1,<environment.Job instance at 0x7fd1c5a6c140>,49,15,[6 5],50,168,183,118,154
1,<environment.Job instance at 0x7fd1cca2bf00>,51,3,[9 4],52,183,186,131,162
1,<environment.Job instance at 0x7fd1c5e323c0>,52,13,[9 1],53,186,199,133,170
1,<environment.Job instance at 0x7fd1c5a6c230>,50,17,[10  1],51,199,216,148,190
1,<environment.Job instance at 0x7fd1c5eb45a0>,59,16,[8 5],60,216,232,156,203
1,<environment.Job instance at 0x7fd1ccabc870>,65,17,[9 3],66,232,249,166,221
1,<environment.Job instance at 0x7fd1c5b8a1e0>,71,12,[10  4],72,249,261,177,236
1,<environment.Job instance at 0x7fd1c5e326e0>,57,18,[ 3 10],58,261,279,203,252
1,<environment.Job instance at 0x7fd1c5b8a5f0>,84,17,[5 9],85,279,296,194,267
1,<environment.Job instance at 0x7fd1c5b8a960>,87,15,[5 5],88,296,311,208,282
1,<environment.Job instance at 0x7fd1c5b8a280>,89,18,[9 5],90,311,329,221,301
1,<environment.Job instance at 0x7fd1821f03c0>,92,18,[10  5],93,329,347,236,318
1,<environment.Job instance at 0x7fd1c5b9f0f0>,96,14,[4 7],97,347,361,250,335
1,<environment.Job instance at 0x7fd1c5b9f0a0>,98,12,[6 1],99,347,359,248,344
1,<environment.Job instance at 0x7fd1c5b9ff50>,99,12,[5 9],100,361,373,261,344
1,<environment.Job instance at 0x7fd1c5b9f9b0>,100,12,[2 9],101,373,385,272,356
1,<environment.Job instance at 0x7fd1cc45eaa0>,103,16,[3 9],104,385,401,281,372
1,<environment.Job instance at 0x7fd1cd07b230>,105,13,[ 3 10],106,401,414,295,385
1,<environment.Job instance at 0x7fd1823cc2d0>,110,2,[5 5],111,414,416,303,389
1,<environment.Job instance at 0x7fd1823cc050>,113,18,[2 6],114,416,434,302,411
1,<environment.Job instance at 0x7fd1823cca50>,114,18,[8 2],115,416,434,301,411
1,<environment.Job instance at 0x7fd1823cc370>,115,3,[9 3],116,434,437,318,411
1,<environment.Job instance at 0x7fd1823cc0a0>,118,17,[3 5],119,437,454,318,425
1,<environment.Job instance at 0x7fd1c5ce07d0>,120,14,[6 3],121,437,451,316,435
1,<environment.Job instance at 0x7fd1c5ce0a00>,121,15,[10  5],122,454,469,332,440
1,<environment.Job instance at 0x7fd1c5ce0780>,125,12,[5 9],126,469,481,343,453
1,<environment.Job instance at 0x7fd1c5ce0fa0>,133,18,[ 3 10],134,481,499,347,470
1,<environment.Job instance at 0x7fd1cd070be0>,141,15,[9 5],142,499,514,357,485
1,<environment.Job instance at 0x7fd1cc4a84b0>,147,15,[ 3 10],148,514,529,366,500
1,<environment.Job instance at 0x7fd18225c960>,0,3,[10  4],1,4,7,3,4
1,<environment.Job instance at 0x7fd1c5f830a0>,5,12,[7 2],6,7,19,1,6
1,<environment.Job instance at 0x7fd1c5ca3fa0>,3,17,[ 2 10],4,19,36,15,10
1,<environment.Job instance at 0x7fd1c5f2e910>,11,18,[4 6],12,36,54,24,25
1,<environment.Job instance at 0x7fd1cc9791e0>,15,12,[1 9],16,54,66,38,38
1,<environment.Job instance at 0x7fd1cc979370>,17,12,[ 3 10],18,66,78,48,50
1,<environment.Job instance at 0x7fd1ccf22460>,18,15,[8 2],19,78,93,59,64
1,<environment.Job instance at 0x7fd181fbfcd0>,24,16,[1 8],25,78,94,53,67
1,<environment.Job instance at 0x7fd1c5a8fdc0>,27,2,[1 5],28,94,96,66,86
1,<environment.Job instance at 0x7fd1cc4aedc0>,4,12,[4 9],5,96,108,91,89
1,<environment.Job instance at 0x7fd1cc6d2be0>,9,18,[3 8],10,108,126,98,99
1,<environment.Job instance at 0x7fd1c606a230>,32,3,[5 8],33,126,129,93,100
1,<environment.Job instance at 0x7fd1823a9b90>,34,13,[10  5],35,129,142,94,113
1,<environment.Job instance at 0x7fd18226a640>,35,12,[10  3],36,142,154,106,125
1,<environment.Job instance at 0x7fd18245beb0>,40,18,[5 7],41,154,172,113,144
1,<environment.Job instance at 0x7fd1c5f83a00>,1,1,[7 1],2,2,3,0,2
1,<environment.Job instance at 0x7fd1ccbe4e60>,3,1,[10  4],4,4,5,0,4
1,<environment.Job instance at 0x7fd1cca78460>,8,3,[2 8],9,11,14,2,11
1,<environment.Job instance at 0x7fd181ffb050>,12,2,[7 2],13,13,15,0,13
1,<environment.Job instance at 0x7fd1c5c5f410>,11,12,[7 1],12,15,27,3,15
1,<environment.Job instance at 0x7fd181ffb960>,14,13,[1 9],15,15,28,0,15
1,<environment.Job instance at 0x7fd1ccf5b140>,0,14,[5 7],1,28,42,27,17
1,<environment.Job instance at 0x7fd181ffbcd0>,19,13,[9 5],20,42,55,22,28
1,<environment.Job instance at 0x7fd1cc617050>,22,14,[1 9],23,55,69,32,40
1,<environment.Job instance at 0x7fd1cc617140>,25,1,[ 5 10],26,69,70,43,46
1,<environment.Job instance at 0x7fd1cc617c30>,26,12,[5 8],27,70,82,43,54
1,<environment.Job instance at 0x7fd1c5ac7960>,32,14,[9 2],33,82,96,49,67
1,<environment.Job instance at 0x7fd181e6c5a0>,34,3,[2 7],35,96,99,61,75
1,<environment.Job instance at 0x7fd181e6c690>,35,16,[5 1],36,96,112,60,83
1,<environment.Job instance at 0x7fd181fce5f0>,38,12,[9 4],39,112,124,73,96
1,<environment.Job instance at 0x7fd181fce0f0>,41,14,[9 4],42,124,138,82,109
1,<environment.Job instance at 0x7fd181fcebe0>,43,17,[3 7],44,138,155,94,126
1,<environment.Job instance at 0x7fd18231bc80>,21,17,[3 7],22,155,172,133,144
1,<environment.Job instance at 0x7fd1c5c9e7d0>,52,16,[6 1],53,156,172,103,156
1,<environment.Job instance at 0x7fd1c5c9ea00>,53,14,[ 4 10],54,172,186,118,161
1,<environment.Job instance at 0x7fd1c5c9e690>,51,16,[9 2],52,186,202,134,173
1,<environment.Job instance at 0x7fd18212dc30>,63,17,[7 2],64,202,219,138,190
1,<environment.Job instance at 0x7fd18212dd20>,66,14,[9 1],67,219,233,152,204
1,<environment.Job instance at 0x7fd18212de10>,69,3,[6 3],70,233,236,163,212
1,<environment.Job instance at 0x7fd18212dd70>,71,14,[ 2 10],72,236,250,164,223
1,<environment.Job instance at 0x7fd18214b460>,77,3,[3 6],78,250,253,172,242
1,<environment.Job instance at 0x7fd18214b5a0>,78,2,[5 6],79,253,255,174,242
1,<environment.Job instance at 0x7fd18214b0a0>,79,18,[ 1 10],80,255,273,175,245
1,<environment.Job instance at 0x7fd18214b910>,88,14,[9 3],89,273,287,184,262
1,<environment.Job instance at 0x7fd18214be60>,90,17,[8 5],91,287,304,196,275
1,<environment.Job instance at 0x7fd1821615a0>,98,2,[10  3],99,304,306,205,295
1,<environment.Job instance at 0x7fd182161640>,99,3,[4 7],100,306,309,206,295
1,<environment.Job instance at 0x7fd182161780>,101,18,[5 5],102,309,327,207,298
1,<environment.Job instance at 0x7fd182161960>,104,18,[9 2],105,327,345,222,316
1,<environment.Job instance at 0x7fd1821619b0>,106,17,[3 5],107,345,362,238,336
1,<environment.Job instance at 0x7fd182161dc0>,110,15,[10  5],111,362,377,251,361
1,<environment.Job instance at 0x7fd182161be0>,112,12,[4 6],113,377,389,264,361
1,<environment.Job instance at 0x7fd182161e10>,115,12,[5 2],116,377,389,261,373
1,<environment.Job instance at 0x7fd1821b5be0>,0,3,[1 5],1,1,4,0,1
1,<environment.Job instance at 0x7fd1821b5230>,3,3,[ 3 10],4,4,7,0,4
1,<environment.Job instance at 0x7fd1821b57d0>,4,16,[7 2],5,7,23,2,5
1,<environment.Job instance at 0x7fd18210d140>,6,3,[ 2 10],7,23,26,16,7
1,<environment.Job instance at 0x7fd1cc4f15a0>,8,2,[4 8],9,26,28,17,9
1,<environment.Job instance at 0x7fd1cc4f10a0>,12,14,[7 1],13,28,42,15,13
1,<environment.Job instance at 0x7fd1cc4f1690>,15,1,[ 1 10],16,42,43,26,31
1,<environment.Job instance at 0x7fd1cc4f18c0>,14,2,[ 2 10],15,43,45,28,31
1,<environment.Job instance at 0x7fd1c5ce8960>,19,17,[4 5],20,45,62,25,34
1,<environment.Job instance at 0x7fd1c5ce8780>,21,3,[5 9],22,62,65,40,36
1,<environment.Job instance at 0x7fd1c5ff6a00>,25,1,[8 4],26,65,66,39,51
1,<environment.Job instance at 0x7fd1c5ff6230>,26,3,[9 4],27,66,69,39,51
1,<environment.Job instance at 0x7fd1c5ce8aa0>,22,14,[4 6],23,69,83,46,57
1,<environment.Job instance at 0x7fd1ccbe4cd0>,28,1,[9 4],29,83,84,54,57
1,<environment.Job instance at 0x7fd1cc95d730>,29,2,[3 5],30,57,59,27,57
1,<environment.Job instance at 0x7fd18231bdc0>,31,3,[8 2],32,84,87,52,60
1,<environment.Job instance at 0x7fd1c5ff6aa0>,30,18,[7 1],31,87,105,56,76
1,<environment.Job instance at 0x7fd18231b0a0>,35,2,[4 8],36,105,107,69,78
1,<environment.Job instance at 0x7fd182050b40>,38,3,[1 7],39,84,87,45,78
1,<environment.Job instance at 0x7fd182050320>,39,14,[3 7],40,87,101,47,79
1,<environment.Job instance at 0x7fd182050870>,41,14,[9 4],42,107,121,65,92
1,<environment.Job instance at 0x7fd182050be0>,42,1,[9 1],43,121,122,78,93
1,<environment.Job instance at 0x7fd1824c4690>,44,18,[6 5],45,122,140,77,118
1,<environment.Job instance at 0x7fd1824c4aa0>,48,18,[1 8],49,140,158,91,139
1,<environment.Job instance at 0x7fd1824c4b90>,51,3,[4 9],52,158,161,106,139
1,<environment.Job instance at 0x7fd1824c4a50>,53,1,[1 6],54,161,162,107,139
1,<environment.Job instance at 0x7fd1cc750910>,57,16,[2 6],58,162,178,104,149
1,<environment.Job instance at 0x7fd1cc750870>,58,17,[7 4],59,161,178,102,149
1,<environment.Job instance at 0x7fd18213f140>,1,16,[3 9],2,178,194,176,166
1,<environment.Job instance at 0x7fd1cc750e10>,65,3,[4 7],66,194,197,128,168
1,<environment.Job instance at 0x7fd1c5f0e910>,68,17,[2 5],69,197,214,128,185
1,<environment.Job instance at 0x7fd181e6caa0>,71,3,[1 9],72,214,217,142,188
1,<environment.Job instance at 0x7fd181e6c820>,76,3,[7 1],77,197,200,120,197
1,<environment.Job instance at 0x7fd181e6c640>,77,15,[8 4],78,217,232,139,204
1,<environment.Job instance at 0x7fd181e6c910>,74,18,[2 9],75,232,250,157,221
1,<environment.Job instance at 0x7fd1820c0a00>,85,2,[9 4],86,250,252,164,223
1,<environment.Job instance at 0x7fd1820c00a0>,88,3,[4 5],89,252,255,163,232
1,<environment.Job instance at 0x7fd1cca78d70>,93,3,[9 5],94,266,269,172,266
1,<environment.Job instance at 0x7fd1cca78140>,96,15,[7 3],97,276,291,179,276
1,<environment.Job instance at 0x7fd1cca782d0>,97,15,[5 4],98,291,306,193,277
1,<environment.Job instance at 0x7fd181e6c4b0>,80,17,[2 7],81,306,323,225,302
1,<environment.Job instance at 0x7fd1c599b050>,104,12,[1 9],105,323,335,218,306
1,<environment.Job instance at 0x7fd1c599bb90>,101,16,[ 2 10],102,335,351,233,322
1,<environment.Job instance at 0x7fd1c59fc370>,110,15,[9 4],111,351,366,240,337
1,<environment.Job instance at 0x7fd1c59fc820>,116,16,[6 4],117,366,382,249,353
1,<environment.Job instance at 0x7fd1c59fcb40>,114,18,[6 4],115,382,400,267,377
1,<environment.Job instance at 0x7fd18202cd70>,121,2,[7 1],122,400,402,278,377
1,<environment.Job instance at 0x7fd18202c370>,123,18,[10  5],124,402,420,278,395
1,<environment.Job instance at 0x7fd18202c3c0>,125,12,[9 4],126,420,432,294,403
1,<environment.Job instance at 0x7fd18202c460>,130,14,[5 7],131,432,446,301,421
1,<environment.Job instance at 0x7fd18202c8c0>,132,2,[6 2],133,446,448,313,421
1,<environment.Job instance at 0x7fd18202c140>,133,2,[ 5 10],134,448,450,314,421
1,<environment.Job instance at 0x7fd1c5c56370>,134,13,[3 6],135,450,463,315,434
1,<environment.Job instance at 0x7fd1c5c56c80>,135,17,[4 6],136,463,480,327,452
1,<environment.Job instance at 0x7fd1823fda50>,142,1,[10  4],143,480,481,337,462
1,<environment.Job instance at 0x7fd1823fdfa0>,144,15,[6 1],145,462,477,317,462
1,<environment.Job instance at 0x7fd182346f50>,145,17,[2 7],146,481,498,335,469
1,<environment.Job instance at 0x7fd1823fdd20>,146,17,[5 2],147,481,498,334,470
1,<environment.Job instance at 0x7fd1c60c9fa0>,1,2,[8 3],2,2,4,0,2
1,<environment.Job instance at 0x7fd1cca78c80>,4,3,[5 2],5,7,10,2,7
1,<environment.Job instance at 0x7fd18214b2d0>,8,1,[2 8],9,9,10,0,9
1,<environment.Job instance at 0x7fd18210daf0>,9,2,[ 5 10],10,10,12,0,10
1,<environment.Job instance at 0x7fd18210d320>,10,2,[ 3 10],11,12,14,1,11
1,<environment.Job instance at 0x7fd1cc612d20>,11,16,[5 4],12,14,30,2,13
1,<environment.Job instance at 0x7fd1cc612e60>,14,3,[6 5],15,30,33,15,16
1,<environment.Job instance at 0x7fd1cc612870>,16,3,[4 6],17,17,20,0,17
1,<environment.Job instance at 0x7fd1cc6121e0>,13,14,[3 7],14,33,47,19,18
1,<environment.Job instance at 0x7fd1cc612a00>,20,2,[3 7],21,47,49,26,22
1,<environment.Job instance at 0x7fd1820d9e60>,23,18,[5 5],24,49,67,25,38
1,<environment.Job instance at 0x7fd1820d95f0>,26,16,[5 6],27,67,83,40,54
1,<environment.Job instance at 0x7fd1820d9aa0>,32,15,[5 5],33,83,98,50,69
1,<environment.Job instance at 0x7fd1c5bb4370>,2,13,[3 9],3,98,111,95,84
1,<environment.Job instance at 0x7fd1820d97d0>,35,14,[5 8],36,111,125,75,96
1,<environment.Job instance at 0x7fd1820d95a0>,24,16,[10  2],25,125,141,100,113
1,<environment.Job instance at 0x7fd1c5b6ad70>,41,13,[6 3],42,141,154,99,125
1,<environment.Job instance at 0x7fd1c5b6a870>,42,3,[3 5],43,141,144,98,125
1,<environment.Job instance at 0x7fd1820d9320>,37,17,[3 7],38,144,161,106,132
1,<environment.Job instance at 0x7fd1cc6cf690>,53,13,[7 4],54,161,174,107,146
1,<environment.Job instance at 0x7fd1cc6cf3c0>,58,15,[8 5],59,174,189,115,160
1,<environment.Job instance at 0x7fd1c5bf4410>,1,2,[ 3 10],2,2,4,0,2
1,<environment.Job instance at 0x7fd1820d9050>,2,1,[1 8],3,4,5,1,3
1,<environment.Job instance at 0x7fd1cc805050>,0,16,[7 5],1,19,35,18,19
1,<environment.Job instance at 0x7fd1cc9ef5a0>,14,2,[4 5],15,35,37,20,19
1,<environment.Job instance at 0x7fd1c5ffe550>,15,2,[5 5],16,35,37,19,19
1,<environment.Job instance at 0x7fd1c5ffe6e0>,17,3,[2 7],18,37,40,19,20
1,<environment.Job instance at 0x7fd1cc55a960>,19,2,[1 8],20,40,42,20,29
1,<environment.Job instance at 0x7fd1ccb5eb90>,22,3,[3 6],23,42,45,19,29
1,<environment.Job instance at 0x7fd1ccb5eaa0>,25,2,[ 3 10],26,45,47,19,30
1,<environment.Job instance at 0x7fd1ccb5e9b0>,23,13,[10  4],24,47,60,23,31
1,<environment.Job instance at 0x7fd1c5a38b90>,9,18,[1 5],10,60,78,50,50
1,<environment.Job instance at 0x7fd1c5acac80>,32,3,[2 8],33,78,81,45,52
1,<environment.Job instance at 0x7fd18213f550>,35,14,[4 5],36,61,75,25,61
1,<environment.Job instance at 0x7fd1c5bc7550>,38,2,[6 5],39,75,77,36,61
1,<environment.Job instance at 0x7fd1c5bc7c80>,39,12,[7 5],40,81,93,41,64
1,<environment.Job instance at 0x7fd1c5d8b2d0>,42,16,[10  5],43,93,109,50,80
1,<environment.Job instance at 0x7fd1c59fecd0>,45,15,[10  3],46,109,124,63,100
1,<environment.Job instance at 0x7fd18249c280>,1,3,[7 5],2,2,5,0,2
1,<environment.Job instance at 0x7fd182276e60>,3,15,[1 5],4,4,19,0,4
1,<environment.Job instance at 0x7fd18234d4b0>,4,12,[9 4],5,6,18,1,6
1,<environment.Job instance at 0x7fd182318d20>,5,18,[6 1],6,18,36,12,9
1,<environment.Job instance at 0x7fd1c60f64b0>,9,2,[2 5],10,19,21,9,10
1,<environment.Job instance at 0x7fd1c60f6140>,11,3,[8 5],12,36,39,24,12
1,<environment.Job instance at 0x7fd1cc7e7140>,16,13,[4 6],17,23,36,6,23
1,<environment.Job instance at 0x7fd1cc7e7a00>,17,18,[6 1],18,39,57,21,28
1,<environment.Job instance at 0x7fd1824ddf00>,18,17,[3 6],19,39,56,20,28
1,<environment.Job instance at 0x7fd181e35cd0>,22,15,[4 7],23,56,71,33,42
1,<environment.Job instance at 0x7fd182144320>,24,2,[10  4],25,71,73,46,58
1,<environment.Job instance at 0x7fd1ccc2ba50>,26,16,[1 9],27,73,89,46,61
1,<environment.Job instance at 0x7fd1cc50cd70>,29,3,[6 5],30,89,92,59,63
1,<environment.Job instance at 0x7fd1c60f60a0>,8,17,[9 3],9,92,109,83,81
1,<environment.Job instance at 0x7fd1822c9f50>,34,14,[1 7],35,92,106,57,82
1,<environment.Job instance at 0x7fd182144f00>,23,14,[9 2],24,109,123,85,94
1,<environment.Job instance at 0x7fd1ccf56230>,37,17,[1 8],38,109,126,71,97
1,<environment.Job instance at 0x7fd1c5ba98c0>,42,14,[5 6],43,126,140,83,111
1,<environment.Job instance at 0x7fd1c5ba9be0>,44,15,[9 3],45,140,155,95,128
1,<environment.Job instance at 0x7fd18219db40>,12,18,[10  1],13,155,173,142,144
1,<environment.Job instance at 0x7fd181cce640>,51,16,[9 3],52,173,189,121,160
1,<environment.Job instance at 0x7fd181cce960>,53,3,[3 7],54,189,192,135,163
1,<environment.Job instance at 0x7fd1c5b94e60>,54,14,[5 8],55,192,206,137,177
1,<environment.Job instance at 0x7fd1c5b94410>,57,3,[5 5],58,206,209,148,196
1,<environment.Job instance at 0x7fd1c5c3b3c0>,58,12,[4 5],59,206,218,147,197
1,<environment.Job instance at 0x7fd182218f50>,60,3,[5 9],61,218,221,157,197
1,<environment.Job instance at 0x7fd181e65050>,61,15,[7 4],62,221,236,159,210
1,<environment.Job instance at 0x7fd181e65a50>,64,1,[5 2],65,214,215,149,214
1,<environment.Job instance at 0x7fd181e65230>,65,14,[ 2 10],66,236,250,170,222
1,<environment.Job instance at 0x7fd1c5fd7460>,67,18,[2 7],68,250,268,182,239
1,<environment.Job instance at 0x7fd1c5a06910>,4,12,[6 3],5,5,17,0,5
1,<environment.Job instance at 0x7fd1c5dae410>,5,14,[7 2],6,17,31,11,7
1,<environment.Job instance at 0x7fd1c5dae0f0>,7,16,[2 5],8,9,25,1,9
1,<environment.Job instance at 0x7fd1c5dae960>,14,2,[10  3],15,31,33,16,17
1,<environment.Job instance at 0x7fd1c5daee10>,15,2,[2 9],16,33,35,17,17
1,<environment.Job instance at 0x7fd1822a7b40>,17,15,[3 8],18,35,50,17,21
1,<environment.Job instance at 0x7fd1c5daed70>,18,1,[5 7],19,50,51,31,22
1,<environment.Job instance at 0x7fd1822a7e60>,21,18,[3 7],22,51,69,29,40
1,<environment.Job instance at 0x7fd1c5cf9aa0>,28,17,[7 2],29,52,69,23,52
1,<environment.Job instance at 0x7fd1c5cf9500>,29,15,[8 4],30,69,84,39,57
1,<environment.Job instance at 0x7fd1c5cf9d70>,32,3,[10  5],33,84,87,51,66
1,<environment.Job instance at 0x7fd1c5cf9be0>,34,17,[7 2],35,87,104,52,75
1,<environment.Job instance at 0x7fd1c5cf9320>,37,14,[3 8],38,87,101,49,76
1,<environment.Job instance at 0x7fd1c5eca460>,41,12,[ 5 10],42,104,116,62,87
1,<environment.Job instance at 0x7fd1c5eca6e0>,47,17,[3 5],48,116,133,68,104
1,<environment.Job instance at 0x7fd181c06820>,52,3,[8 5],53,133,136,80,115
1,<environment.Job instance at 0x7fd181c06320>,54,14,[2 5],55,117,131,62,117
1,<environment.Job instance at 0x7fd181c06230>,55,3,[ 1 10],56,136,139,80,117
1,<environment.Job instance at 0x7fd181c06500>,57,18,[3 6],58,139,157,81,128
1,<environment.Job instance at 0x7fd181c06be0>,61,3,[3 5],62,157,160,95,131
1,<environment.Job instance at 0x7fd181c060a0>,63,17,[6 1],64,139,156,75,131
1,<environment.Job instance at 0x7fd1c5ba90f0>,0,17,[8 5],1,160,177,159,149
1,<environment.Job instance at 0x7fd181c06af0>,66,16,[ 2 10],67,177,193,110,173
1,<environment.Job instance at 0x7fd1c5ec8550>,4,3,[5 8],5,5,8,0,5
1,<environment.Job instance at 0x7fd1c5a06dc0>,8,2,[7 1],9,9,11,0,9
1,<environment.Job instance at 0x7fd1cc788e60>,9,1,[4 9],10,11,12,1,10
1,<environment.Job instance at 0x7fd18242ee10>,10,21,[5 7],11,12,33,1,12
1,<environment.Job instance at 0x7fd1c60472d0>,11,3,[8 3],12,33,36,21,14
1,<environment.Job instance at 0x7fd181d3d5f0>,14,1,[8 4],15,36,37,21,16
1,<environment.Job instance at 0x7fd1cc859050>,15,3,[1 5],16,33,36,17,17
1,<environment.Job instance at 0x7fd1cd055190>,16,3,[1 9],17,37,40,20,17
1,<environment.Job instance at 0x7fd1c59fe3c0>,19,12,[5 1],20,37,49,17,22
1,<environment.Job instance at 0x7fd1c5c936e0>,22,12,[2 7],23,40,52,17,24
1,<environment.Job instance at 0x7fd1820954b0>,25,15,[3 7],26,52,67,26,38
1,<environment.Job instance at 0x7fd1cc8598c0>,12,17,[5 3],13,49,66,36,42
1,<environment.Job instance at 0x7fd1824e7e10>,32,13,[4 9],33,67,80,34,52
1,<environment.Job instance at 0x7fd1824e7d70>,36,12,[8 5],37,80,92,43,63
1,<environment.Job instance at 0x7fd1cc44a500>,38,3,[ 5 10],39,92,95,53,66
1,<environment.Job instance at 0x7fd181d3dbe0>,18,16,[2 8],19,95,111,76,83
1,<environment.Job instance at 0x7fd1822ce780>,43,15,[3 5],44,111,126,67,98
1,<environment.Job instance at 0x7fd1c5fdaeb0>,45,12,[5 5],46,111,123,65,100
1,<environment.Job instance at 0x7fd1c5a28550>,49,3,[2 8],50,126,129,76,103
1,<environment.Job instance at 0x7fd1c5a285a0>,48,15,[7 3],49,129,144,80,117
1,<environment.Job instance at 0x7fd181de0960>,52,14,[6 4],53,144,158,91,130
1,<environment.Job instance at 0x7fd181de0cd0>,56,17,[2 5],57,132,149,75,132
1,<environment.Job instance at 0x7fd181de1500>,57,2,[3 6],58,149,151,91,132
1,<environment.Job instance at 0x7fd181de0aa0>,54,17,[9 3],55,158,175,103,146
1,<environment.Job instance at 0x7fd182551190>,62,17,[6 5],63,175,192,112,163
1,<environment.Job instance at 0x7fd182551c30>,63,14,[1 7],64,192,206,128,177
1,<environment.Job instance at 0x7fd182551b90>,65,12,[10  5],66,206,218,140,189
1,<environment.Job instance at 0x7fd182551cd0>,70,16,[4 9],71,218,234,147,205
1,<environment.Job instance at 0x7fd1825305a0>,74,13,[9 2],75,234,247,159,219
1,<environment.Job instance at 0x7fd1c5fecb40>,77,17,[3 8],78,247,264,169,235
1,<environment.Job instance at 0x7fd1822cecd0>,40,18,[8 5],41,264,282,223,253
1,<environment.Job instance at 0x7fd182529870>,82,18,[5 7],83,282,300,199,271
1,<environment.Job instance at 0x7fd18231bdc0>,88,18,[5 3],89,285,303,196,285
1,<environment.Job instance at 0x7fd182112730>,89,18,[8 4],90,303,321,213,292
1,<environment.Job instance at 0x7fd182112cd0>,92,2,[2 9],93,321,323,228,301
1,<environment.Job instance at 0x7fd1824e7cd0>,27,14,[ 4 10],28,323,337,295,308
1,<environment.Job instance at 0x7fd1c59f68c0>,93,15,[10  2],94,337,352,243,323
1,<environment.Job instance at 0x7fd1820eecd0>,99,18,[4 6],100,352,370,252,341
1,<environment.Job instance at 0x7fd18211b7d0>,103,12,[6 1],104,352,364,248,344
1,<environment.Job instance at 0x7fd1820ee460>,104,14,[2 9],105,370,384,265,355
1,<environment.Job instance at 0x7fd182120b40>,107,15,[10  2],108,384,399,276,370
1,<environment.Job instance at 0x7fd182120c30>,111,14,[10  4],112,399,413,287,384
1,<environment.Job instance at 0x7fd1c5c9d2d0>,118,13,[4 5],119,413,426,294,397
1,<environment.Job instance at 0x7fd1c5c9deb0>,120,13,[9 1],121,426,439,305,410
1,<environment.Job instance at 0x7fd1c5c9ddc0>,122,13,[2 5],123,413,426,290,410
1,<environment.Job instance at 0x7fd1c5c9dd20>,126,16,[ 1 10],127,439,455,312,426
1,<environment.Job instance at 0x7fd1820eef00>,95,17,[2 9],96,455,472,359,455
1,<environment.Job instance at 0x7fd1c5d4c4b0>,130,18,[7 5],131,472,490,341,467
1,<environment.Job instance at 0x7fd1c5c9d640>,131,16,[5 5],132,490,506,358,478
1,<environment.Job instance at 0x7fd1c5ca6cd0>,134,12,[ 5 10],135,506,518,371,490
1,<environment.Job instance at 0x7fd1c5ccd280>,139,3,[5 5],140,492,495,352,492
1,<environment.Job instance at 0x7fd1c5ccd2d0>,141,18,[6 5],142,518,536,376,507
1,<environment.Job instance at 0x7fd1c5ccdfa0>,142,3,[7 4],143,536,539,393,510
1,<environment.Job instance at 0x7fd1c5ccd410>,2,2,[10  1],3,3,5,0,3
1,<environment.Job instance at 0x7fd1c5ccd5f0>,4,3,[9 2],5,5,8,0,5
1,<environment.Job instance at 0x7fd1ccbf9b90>,6,2,[5 9],7,8,10,1,7
1,<environment.Job instance at 0x7fd1822a73c0>,8,3,[5 1],9,9,12,0,9
1,<environment.Job instance at 0x7fd1c5e27a50>,5,15,[10  1],6,12,27,6,9
1,<environment.Job instance at 0x7fd1822a7aa0>,11,14,[2 5],12,27,41,15,14
1,<environment.Job instance at 0x7fd1822a7370>,9,14,[8 2],10,27,41,17,14
1,<environment.Job instance at 0x7fd1822a7320>,15,15,[6 2],16,41,56,25,35
1,<environment.Job instance at 0x7fd1822a7780>,17,13,[3 5],18,41,54,23,35
1,<environment.Job instance at 0x7fd18225c960>,20,15,[ 4 10],21,56,71,35,47
1,<environment.Job instance at 0x7fd1c5acae10>,28,2,[9 3],29,71,73,42,51
1,<environment.Job instance at 0x7fd1c5acae60>,29,2,[5 5],30,73,75,43,51
1,<environment.Job instance at 0x7fd1c5aca4b0>,31,3,[ 5 10],32,75,78,43,52
1,<environment.Job instance at 0x7fd18216d960>,34,12,[10  4],35,78,90,43,64
1,<environment.Job instance at 0x7fd18248f050>,37,16,[2 5],38,90,106,52,77
1,<environment.Job instance at 0x7fd1cc867280>,38,3,[8 4],39,90,93,51,77
1,<environment.Job instance at 0x7fd18223b280>,42,3,[10  2],43,106,109,63,80
1,<environment.Job instance at 0x7fd1824550f0>,49,12,[6 4],50,94,106,44,94
1,<environment.Job instance at 0x7fd181c3ed20>,51,3,[6 4],52,109,112,57,94
1,<environment.Job instance at 0x7fd1cc5bc730>,54,3,[5 6],55,112,115,57,94
1,<environment.Job instance at 0x7fd1ccba80a0>,25,16,[9 5],26,115,131,89,102
1,<environment.Job instance at 0x7fd1cc5bc230>,58,2,[1 8],59,131,133,72,117
1,<environment.Job instance at 0x7fd1cc5bcb40>,59,2,[2 7],60,133,135,73,117
1,<environment.Job instance at 0x7fd1cc5bcdc0>,61,17,[5 8],62,135,152,73,133
1,<environment.Job instance at 0x7fd1cc5bcd20>,62,3,[1 9],63,152,155,89,133
1,<environment.Job instance at 0x7fd1c5c15d70>,65,2,[8 5],66,155,157,89,144
1,<environment.Job instance at 0x7fd1c5c15c30>,66,13,[9 4],67,157,170,90,144
1,<environment.Job instance at 0x7fd1c5c15140>,72,3,[8 5],73,170,173,97,149
1,<environment.Job instance at 0x7fd1c5c151e0>,70,17,[2 8],71,173,190,102,161
1,<environment.Job instance at 0x7fd1c5c155a0>,75,16,[7 5],76,190,206,114,177
1,<environment.Job instance at 0x7fd181c3e0f0>,52,16,[4 9],53,206,222,153,193
1,<environment.Job instance at 0x7fd1c5c15c80>,74,16,[2 9],75,222,238,147,209
1,<environment.Job instance at 0x7fd1cca59d70>,85,12,[3 7],86,238,250,152,221
1,<environment.Job instance at 0x7fd181fa6eb0>,93,13,[10  5],94,250,263,156,234
1,<environment.Job instance at 0x7fd181d25640>,98,3,[ 1 10],99,263,266,164,245
1,<environment.Job instance at 0x7fd1821af780>,100,14,[6 2],101,266,280,165,251
1,<environment.Job instance at 0x7fd1824cf870>,105,12,[4 8],106,266,278,160,260
1,<environment.Job instance at 0x7fd1824cf640>,107,13,[4 9],108,280,293,172,269
1,<environment.Job instance at 0x7fd1cc979190>,110,3,[9 4],111,293,296,182,271
1,<environment.Job instance at 0x7fd1cc979cd0>,114,18,[8 1],115,296,314,181,285
1,<environment.Job instance at 0x7fd1cc9795f0>,120,18,[5 7],121,314,332,193,303
1,<environment.Job instance at 0x7fd1cc9798c0>,121,13,[ 3 10],122,332,345,210,316
1,<environment.Job instance at 0x7fd1cc9797d0>,124,16,[9 5],125,345,361,220,332
1,<environment.Job instance at 0x7fd1cc979910>,128,14,[5 7],129,361,375,232,346
1,<environment.Job instance at 0x7fd18205e320>,81,16,[10  5],82,375,391,293,362
1,<environment.Job instance at 0x7fd1cc894f50>,137,12,[10  4],138,391,403,253,374
1,<environment.Job instance at 0x7fd1822a75f0>,13,17,[ 1 10],14,403,420,389,391
1,<environment.Job instance at 0x7fd1cc894960>,143,2,[2 9],144,420,422,276,394
1,<environment.Job instance at 0x7fd1cc8a6960>,146,3,[7 5],147,422,425,275,398
1,<environment.Job instance at 0x7fd1cc8a6a00>,0,1,[5 6],1,3,4,2,3
1,<environment.Job instance at 0x7fd18225c4b0>,1,2,[4 7],2,5,7,3,5
1,<environment.Job instance at 0x7fd1cc6b8690>,2,17,[5 5],3,7,24,4,6
1,<environment.Job instance at 0x7fd18210e140>,7,16,[6 1],8,24,40,16,11
1,<environment.Job instance at 0x7fd1820e6230>,12,2,[2 9],13,24,26,11,13
1,<environment.Job instance at 0x7fd1820e66e0>,14,3,[7 3],15,40,43,25,15
1,<environment.Job instance at 0x7fd1820e6820>,13,17,[2 7],14,26,43,12,21
1,<environment.Job instance at 0x7fd1820e6e60>,20,14,[7 4],21,43,57,22,29
1,<environment.Job instance at 0x7fd1820e61e0>,9,16,[9 2],10,57,73,47,46
1,<environment.Job instance at 0x7fd181c16140>,25,14,[5 5],26,73,87,47,59
1,<environment.Job instance at 0x7fd1820e65a0>,23,18,[5 3],24,73,91,49,68
1,<environment.Job instance at 0x7fd1cc921500>,32,15,[6 5],33,91,106,58,77
1,<environment.Job instance at 0x7fd1cc921320>,36,3,[5 1],37,87,90,50,80
1,<environment.Job instance at 0x7fd1cc921230>,38,3,[ 4 10],39,106,109,67,82
1,<environment.Job instance at 0x7fd1cc9210f0>,39,13,[7 2],40,109,122,69,93
1,<environment.Job instance at 0x7fd1cc921550>,42,12,[10  2],43,122,134,79,105
1,<environment.Job instance at 0x7fd1cc921eb0>,43,13,[3 6],44,109,122,65,105
1,<environment.Job instance at 0x7fd181c0b870>,49,16,[7 1],50,134,150,84,125
1,<environment.Job instance at 0x7fd181c0ba50>,52,2,[8 3],53,150,152,97,126
1,<environment.Job instance at 0x7fd1820e6b90>,17,16,[3 9],18,152,168,134,140
1,<environment.Job instance at 0x7fd181c0bb40>,56,15,[10  3],57,168,183,111,155
1,<environment.Job instance at 0x7fd1c59fc730>,69,12,[10  1],70,183,195,113,168
1,<environment.Job instance at 0x7fd1c59fc690>,72,1,[3 6],73,195,196,122,174
1,<environment.Job instance at 0x7fd1c59fcaf0>,73,17,[6 2],74,195,212,121,183
1,<environment.Job instance at 0x7fd182520640>,4,15,[5 9],5,212,227,207,200
1,<environment.Job instance at 0x7fd181c30e10>,79,15,[1 8],80,227,242,147,213
1,<environment.Job instance at 0x7fd1c59fc1e0>,80,12,[1 7],81,242,254,161,225
1,<environment.Job instance at 0x7fd181c30140>,82,15,[9 3],83,242,257,159,228
1,<environment.Job instance at 0x7fd1c59fc910>,76,15,[3 6],77,257,272,180,244
1,<environment.Job instance at 0x7fd181c30c80>,84,17,[7 2],85,257,274,172,245
1,<environment.Job instance at 0x7fd1c59fc280>,75,17,[5 9],76,274,291,198,262
1,<environment.Job instance at 0x7fd181c301e0>,93,3,[8 1],94,291,294,197,284
1,<environment.Job instance at 0x7fd181c30eb0>,94,18,[8 4],95,294,312,199,285
1,<environment.Job instance at 0x7fd181c30640>,88,16,[ 5 10],89,312,328,223,300
1,<environment.Job instance at 0x7fd1cc5b9140>,108,3,[ 4 10],109,328,331,219,305
1,<environment.Job instance at 0x7fd1cc5b95a0>,109,17,[4 5],110,331,348,221,319
1,<environment.Job instance at 0x7fd1cc5b99b0>,113,15,[8 1],114,348,363,234,334
1,<environment.Job instance at 0x7fd1cc5b9190>,118,3,[8 1],119,363,366,244,343
1,<environment.Job instance at 0x7fd1c6065550>,120,14,[6 3],121,366,380,245,351
1,<environment.Job instance at 0x7fd1c60657d0>,122,17,[1 6],123,362,379,239,362
1,<environment.Job instance at 0x7fd1c6065050>,125,17,[10  3],126,380,397,254,368
1,<environment.Job instance at 0x7fd1c60652d0>,130,13,[10  2],131,397,410,266,381
1,<environment.Job instance at 0x7fd1c6065460>,134,14,[1 5],135,410,424,275,396
1,<environment.Job instance at 0x7fd1cca788c0>,135,3,[2 6],136,424,427,288,398
1,<environment.Job instance at 0x7fd1cca78870>,136,17,[6 4],137,410,427,273,398
1,<environment.Job instance at 0x7fd1cca78f50>,138,12,[7 1],139,427,439,288,410
1,<environment.Job instance at 0x7fd1cc421eb0>,140,17,[3 6],141,427,444,286,416
1,<environment.Job instance at 0x7fd181c3f6e0>,142,16,[8 3],143,444,460,301,431
1,<environment.Job instance at 0x7fd181eee140>,145,12,[ 4 10],146,460,472,314,444
1,<environment.Job instance at 0x7fd1c5c0b9b0>,147,14,[5 5],148,472,486,324,457
1,<environment.Job instance at 0x7fd1c6065690>,132,18,[10  1],133,560,578,427,560
1,<environment.Job instance at 0x7fd1820e6780>,0,2,[ 5 10],1,2,4,1,2
1,<environment.Job instance at 0x7fd181e19820>,4,1,[5 2],5,5,6,0,5
1,<environment.Job instance at 0x7fd1820e6d20>,2,2,[10  1],3,6,8,3,5
1,<environment.Job instance at 0x7fd1cc590c30>,5,13,[1 9],6,8,21,2,7
1,<environment.Job instance at 0x7fd1cca47910>,9,18,[7 1],10,10,28,0,10
1,<environment.Job instance at 0x7fd1cca47960>,10,3,[6 2],11,28,31,17,11
1,<environment.Job instance at 0x7fd1cca47820>,11,18,[7 5],12,31,49,19,24
1,<environment.Job instance at 0x7fd181f2f460>,18,13,[10  3],19,49,62,30,36
1,<environment.Job instance at 0x7fd181f2faa0>,19,2,[4 6],20,62,64,42,36
1,<environment.Job instance at 0x7fd181f2fa50>,21,14,[5 2],22,62,76,40,47
1,<environment.Job instance at 0x7fd181f2f6e0>,14,13,[ 2 10],15,76,89,61,60
1,<environment.Job instance at 0x7fd181f2feb0>,28,2,[9 2],29,89,91,60,62
1,<environment.Job instance at 0x7fd181f3e960>,36,16,[7 3],37,95,111,58,95
1,<environment.Job instance at 0x7fd181f3e280>,38,12,[9 2],39,111,123,72,96
1,<environment.Job instance at 0x7fd181f3e050>,40,3,[9 5],41,123,126,82,107
1,<environment.Job instance at 0x7fd181f3e0f0>,41,2,[5 1],42,126,128,84,108
1,<environment.Job instance at 0x7fd181f3fdc0>,42,1,[ 5 10],43,128,129,85,108
1,<environment.Job instance at 0x7fd181f3faf0>,43,1,[2 9],44,126,127,82,108
1,<environment.Job instance at 0x7fd181f3fa50>,45,2,[10  4],46,129,131,83,108
1,<environment.Job instance at 0x7fd181f3f9b0>,46,18,[7 1],47,131,149,84,120
1,<environment.Job instance at 0x7fd181f3f050>,50,1,[5 1],51,127,128,76,124
1,<environment.Job instance at 0x7fd181f458c0>,55,16,[3 7],56,131,147,75,126
1,<environment.Job instance at 0x7fd181f45a00>,56,13,[ 1 10],57,149,162,92,134
1,<environment.Job instance at 0x7fd181f45be0>,58,14,[7 2],59,162,176,103,149
1,<environment.Job instance at 0x7fd181f45550>,64,16,[5 5],65,176,192,111,163
1,<environment.Job instance at 0x7fd181f45190>,66,15,[4 5],67,176,191,109,163
1,<environment.Job instance at 0x7fd181f3feb0>,51,18,[9 3],52,192,210,140,181
1,<environment.Job instance at 0x7fd181f26dc0>,75,14,[4 9],76,210,224,134,198
1,<environment.Job instance at 0x7fd181f26fa0>,82,13,[4 6],83,224,237,141,209
1,<environment.Job instance at 0x7fd181f26910>,86,13,[ 3 10],87,237,250,150,221
1,<environment.Job instance at 0x7fd181f26500>,89,15,[6 3],90,250,265,160,238
1,<environment.Job instance at 0x7fd181f26eb0>,90,15,[7 1],91,265,280,174,251
1,<environment.Job instance at 0x7fd181f26140>,94,13,[7 1],95,280,293,185,264
1,<environment.Job instance at 0x7fd181f260f0>,95,3,[6 5],96,293,296,197,267
1,<environment.Job instance at 0x7fd181f26370>,84,14,[ 1 10],85,296,310,211,281
1,<environment.Job instance at 0x7fd181f30050>,100,12,[2 7],101,281,293,180,281
1,<environment.Job instance at 0x7fd181f30c80>,98,17,[ 1 10],99,310,327,211,298
1,<environment.Job instance at 0x7fd181f30780>,108,2,[7 2],109,327,329,218,313
1,<environment.Job instance at 0x7fd181f30c30>,109,2,[6 2],110,329,331,219,313
1,<environment.Job instance at 0x7fd181f30320>,110,15,[6 2],111,331,346,220,317
1,<environment.Job instance at 0x7fd181f510f0>,113,2,[9 2],114,346,348,232,329
1,<environment.Job instance at 0x7fd181f51730>,114,14,[9 4],115,348,362,233,333
1,<environment.Job instance at 0x7f8666b80370>,1,3,[ 2 10],2,3,6,1,3
1,<environment.Job instance at 0x7f8661770370>,5,2,[1 6],6,6,8,0,6
1,<environment.Job instance at 0x7f8661770500>,7,14,[7 5],8,9,23,1,9
1,<environment.Job instance at 0x7f8666b80230>,4,13,[3 6],5,23,36,18,10
1,<environment.Job instance at 0x7f8661770c80>,15,3,[2 8],16,36,39,20,25
1,<environment.Job instance at 0x7f8661770550>,6,15,[2 8],7,39,54,32,26
1,<environment.Job instance at 0x7f8661770d20>,16,18,[7 3],17,54,72,37,50
1,<environment.Job instance at 0x7f8661773280>,24,2,[4 6],25,72,74,47,57
1,<environment.Job instance at 0x7f86617734b0>,25,2,[5 7],26,74,76,48,57
1,<environment.Job instance at 0x7f8661773190>,22,12,[3 8],23,76,88,53,60
1,<environment.Job instance at 0x7f8661773500>,26,12,[8 5],27,88,100,61,73
1,<environment.Job instance at 0x7f8661773140>,21,18,[9 4],22,100,118,78,99
1,<environment.Job instance at 0x7f8661773e10>,36,2,[7 5],37,118,120,81,99
1,<environment.Job instance at 0x7f8661773cd0>,34,14,[1 9],35,120,134,85,105
1,<environment.Job instance at 0x7f8661773f50>,38,2,[6 1],39,120,122,81,105
1,<environment.Job instance at 0x7f86617736e0>,41,1,[7 1],42,125,126,83,125
1,<environment.Job instance at 0x7f8661775230>,42,2,[4 7],43,134,136,91,125
1,<environment.Job instance at 0x7f86617752d0>,43,12,[4 5],44,136,148,92,125
1,<environment.Job instance at 0x7f8661775370>,44,3,[5 1],45,126,129,81,125
1,<environment.Job instance at 0x7f8661775550>,46,2,[3 5],47,136,138,89,128
1,<environment.Job instance at 0x7f8661775460>,47,13,[ 3 10],48,148,161,100,132
1,<environment.Job instance at 0x7f86617757d0>,50,2,[5 6],51,161,163,110,143
1,<environment.Job instance at 0x7f8661775a00>,51,2,[5 3],52,143,145,91,143
1,<environment.Job instance at 0x7f8661775c30>,53,3,[2 9],54,163,166,109,143
1,<environment.Job instance at 0x7f8661775cd0>,54,18,[7 1],55,163,181,108,152
1,<environment.Job instance at 0x7f8661775b90>,55,12,[2 6],56,166,178,110,153
1,<environment.Job instance at 0x7f8661775d20>,58,17,[3 7],59,178,195,119,166
1,<environment.Job instance at 0x7f86617774b0>,63,12,[5 3],64,181,193,117,178
1,<environment.Job instance at 0x7f86617775f0>,64,2,[2 8],65,195,197,130,178
1,<environment.Job instance at 0x7f8661777690>,66,2,[7 2],67,193,195,126,178
1,<environment.Job instance at 0x7f86617771e0>,62,14,[4 9],63,197,211,134,184
1,<environment.Job instance at 0x7f8661777460>,68,14,[6 4],69,211,225,142,196
1,<environment.Job instance at 0x7f8661777960>,72,18,[3 5],73,211,229,138,200
1,<environment.Job instance at 0x7f8661777d70>,77,16,[8 1],78,229,245,151,216
1,<environment.Job instance at 0x7f866177a280>,81,14,[8 5],82,245,259,163,230
1,<environment.Job instance at 0x7f866177a460>,84,1,[5 5],85,259,260,174,236
1,<environment.Job instance at 0x7f8661773f00>,39,14,[9 4],40,260,274,220,245
1,<environment.Job instance at 0x7f866177a6e0>,88,16,[4 9],89,274,290,185,264
1,<environment.Job instance at 0x7f866177abe0>,94,1,[ 5 10],95,290,291,195,270
1,<environment.Job instance at 0x7f866177ad70>,95,3,[8 5],96,291,294,195,270
1,<environment.Job instance at 0x7f866177ae10>,96,18,[2 6],97,294,312,197,283
1,<environment.Job instance at 0x7f866177e4b0>,102,13,[9 4],103,312,325,209,296
1,<environment.Job instance at 0x7f86617b8f00>,105,16,[7 5],106,325,341,219,312
1,<environment.Job instance at 0x7f8661767460>,111,17,[6 4],112,341,358,229,330
1,<environment.Job instance at 0x7f86617d97d0>,115,2,[1 6],116,341,343,225,330
1,<environment.Job instance at 0x7f8661846190>,116,12,[8 4],117,358,370,241,341
1,<environment.Job instance at 0x7f866177a3c0>,83,18,[ 3 10],84,370,388,286,359
1,<environment.Job instance at 0x7f866180a3c0>,129,13,[5 5],130,388,401,258,372
1,<environment.Job instance at 0x7f8661837d70>,133,2,[ 5 10],134,401,403,267,384
1,<environment.Job instance at 0x7f866187fdc0>,134,12,[5 4],135,388,400,253,384
1,<environment.Job instance at 0x7f866187f5f0>,135,15,[8 3],136,403,418,267,389
1,<environment.Job instance at 0x7f8661927690>,138,3,[4 6],139,418,421,279,394
1,<environment.Job instance at 0x7f866183d780>,140,2,[7 5],141,421,423,280,394
1,<environment.Job instance at 0x7f866187feb0>,132,18,[10  4],133,423,441,290,413
1,<environment.Job instance at 0x7f8661890230>,147,2,[3 8],148,441,443,293,417
1,<environment.Job instance at 0x7f8661890910>,148,3,[4 8],149,443,446,294,417
1,<environment.Job instance at 0x7f8661890dc0>,149,17,[5 7],150,446,463,296,436
1,<environment.Job instance at 0x7f86618cb5a0>,156,12,[1 6],157,463,475,306,446
1,<environment.Job instance at 0x7f8661881370>,158,2,[9 1],159,463,465,304,451
1,<environment.Job instance at 0x7f866178f910>,5,2,[5 6],6,6,8,0,6
1,<environment.Job instance at 0x7f86617858c0>,1,12,[5 4],2,8,20,6,8
1,<environment.Job instance at 0x7f866178ac30>,7,3,[5 6],8,10,13,2,10
1,<environment.Job instance at 0x7f8661791fa0>,11,13,[5 7],12,20,33,8,12
1,<environment.Job instance at 0x7f8661715870>,18,2,[5 7],19,33,35,14,22
1,<environment.Job instance at 0x7f8661715320>,19,2,[10  2],20,35,37,15,22
1,<environment.Job instance at 0x7f8661715780>,20,17,[3 5],21,37,54,16,25
1,<environment.Job instance at 0x7f8661715820>,21,18,[6 2],22,37,55,15,29
1,<environment.Job instance at 0x7f86617158c0>,25,1,[9 3],26,55,56,29,35
1,<environment.Job instance at 0x7f8661715f50>,27,13,[9 5],28,56,69,28,41
1,<environment.Job instance at 0x7f8661715e10>,29,1,[5 3],30,69,70,39,45
1,<environment.Job instance at 0x7f8661717320>,31,3,[9 5],32,70,73,38,55
1,<environment.Job instance at 0x7f8661715550>,15,17,[5 1],16,73,90,57,61
1,<environment.Job instance at 0x7f86617175f0>,33,12,[1 9],34,73,85,39,69
1,<environment.Job instance at 0x7f86617179b0>,35,15,[5 3],36,85,100,49,72
1,<environment.Job instance at 0x7f8661715c30>,30,17,[9 5],31,100,117,69,92
1,<environment.Job instance at 0x7f8661717730>,39,3,[10  4],40,117,120,77,96
1,<environment.Job instance at 0x7f8661717910>,42,3,[8 2],43,120,123,77,96
1,<environment.Job instance at 0x7f8661717d70>,44,3,[5 6],45,123,126,78,99
1,<environment.Job instance at 0x7f861baf7c80>,47,2,[10  3],48,126,128,78,113
1,<environment.Job instance at 0x7f861baf78c0>,46,16,[6 5],47,128,144,81,126
1,<environment.Job instance at 0x7f861baf7fa0>,52,13,[2 5],53,133,146,80,133
1,<environment.Job instance at 0x7f861baf7a50>,53,1,[4 8],54,146,147,92,133
1,<environment.Job instance at 0x7f861baf7280>,51,17,[3 6],52,147,164,95,135
1,<environment.Job instance at 0x7f861bb750a0>,54,16,[5 6],55,164,180,109,154
1,<environment.Job instance at 0x7f861bb75870>,59,17,[8 5],60,180,197,120,168
1,<environment.Job instance at 0x7f861bb758c0>,60,3,[4 8],61,197,200,136,171
1,<environment.Job instance at 0x7f861bb75280>,61,3,[5 3],62,171,174,109,171
1,<environment.Job instance at 0x7f861baf6c80>,64,15,[8 5],65,200,215,135,186
1,<environment.Job instance at 0x7f861bb750f0>,56,16,[1 8],57,215,231,158,202
1,<environment.Job instance at 0x7f8661791b40>,2,2,[7 5],3,4,6,1,4
1,<environment.Job instance at 0x7f866177e1e0>,6,2,[1 8],7,7,9,0,7
1,<environment.Job instance at 0x7f8661c878c0>,9,2,[7 4],10,10,12,0,10
1,<environment.Job instance at 0x7f861bc1fd20>,10,3,[10  4],11,12,15,1,11
1,<environment.Job instance at 0x7f86614f1eb0>,11,2,[2 9],12,15,17,3,12
1,<environment.Job instance at 0x7f8661791960>,0,16,[8 3],1,17,33,16,13
1,<environment.Job instance at 0x7f861bb4eaa0>,16,2,[5 5],17,33,35,16,17
1,<environment.Job instance at 0x7f861bb4e910>,17,3,[9 3],18,35,38,17,18
1,<environment.Job instance at 0x7f861bb4e460>,20,3,[6 2],21,38,41,17,21
1,<environment.Job instance at 0x7f861bab05a0>,21,1,[5 8],22,41,42,19,22
1,<environment.Job instance at 0x7f861bab0aa0>,23,17,[7 1],24,42,59,18,30
1,<environment.Job instance at 0x7f866155b870>,25,3,[5 2],26,59,62,33,33
1,<environment.Job instance at 0x7f861b9e7eb0>,26,13,[2 5],27,42,55,15,36
1,<environment.Job instance at 0x7f866178f7d0>,3,16,[ 4 10],4,72,88,68,72
1,<environment.Job instance at 0x7f861b9bf410>,30,14,[2 9],31,88,102,57,76
1,<environment.Job instance at 0x7f861b9ed0f0>,42,2,[5 3],43,102,104,59,86
1,<environment.Job instance at 0x7f86615cc370>,43,3,[4 6],44,102,105,58,87
1,<environment.Job instance at 0x7f861b9f0050>,45,13,[9 1],46,111,124,65,111
1,<environment.Job instance at 0x7f861b9deaf0>,51,18,[5 8],52,124,142,72,123
1,<environment.Job instance at 0x7f861b9dec80>,52,14,[2 8],53,148,162,95,148
1,<environment.Job instance at 0x7f861b9b85f0>,55,15,[1 5],56,162,177,106,148
1,<environment.Job instance at 0x7f861b9b8050>,59,18,[5 2],60,185,203,125,185
1,<environment.Job instance at 0x7f861b9b8910>,60,16,[ 4 10],61,246,262,185,246
1,<environment.Job instance at 0x7f861b9b8960>,61,15,[5 7],62,262,277,200,248
1,<environment.Job instance at 0x7f861bd44280>,5,12,[4 5],6,7,19,1,7
1,<environment.Job instance at 0x7f861bc5b230>,7,18,[8 2],8,19,37,11,8
1,<environment.Job instance at 0x7f861be340f0>,13,14,[9 3],14,37,51,23,23
1,<environment.Job instance at 0x7f861bdf96e0>,19,3,[4 7],20,51,54,31,29
1,<environment.Job instance at 0x7f86618ed550>,17,16,[7 2],18,54,70,36,41
1,<environment.Job instance at 0x7f861bdf9c80>,15,17,[8 2],16,71,88,55,71
1,<environment.Job instance at 0x7f8661a8ad20>,31,15,[8 1],32,88,103,56,74
1,<environment.Job instance at 0x7f8661a8adc0>,32,13,[1 5],33,74,87,41,74
1,<environment.Job instance at 0x7f86617a6dc0>,24,16,[9 5],25,103,119,78,91
1,<environment.Job instance at 0x7f86617d9a00>,39,3,[6 3],40,119,122,79,100
1,<environment.Job instance at 0x7f8661e52410>,41,14,[9 2],42,122,136,80,107
1,<environment.Job instance at 0x7f8661869370>,45,1,[5 4],46,136,137,90,110
1,<environment.Job instance at 0x7f8661b5f690>,48,15,[2 8],49,137,152,88,123
1,<environment.Job instance at 0x7f866189fe60>,50,14,[7 2],51,137,151,86,123
1,<environment.Job instance at 0x7f8661559b90>,54,12,[3 9],55,152,164,97,135
1,<environment.Job instance at 0x7f86615590f0>,59,18,[3 8],60,164,182,104,158
1,<environment.Job instance at 0x7f86615590a0>,63,3,[5 7],64,182,185,118,178
1,<environment.Job instance at 0x7f8661559cd0>,64,2,[ 5 10],65,185,187,120,179
1,<environment.Job instance at 0x7f8661559a50>,61,12,[1 6],62,187,199,125,179
1,<environment.Job instance at 0x7f8661559960>,66,18,[9 3],67,187,205,120,179
1,<environment.Job instance at 0x7f8661559e60>,68,16,[1 7],69,199,215,130,188
1,<environment.Job instance at 0x7f86618406e0>,71,12,[2 6],72,215,227,143,198
1,<environment.Job instance at 0x7f8661840370>,75,15,[5 9],76,227,242,151,215
1,<environment.Job instance at 0x7f8661c22280>,82,12,[2 9],83,242,254,159,225
1,<environment.Job instance at 0x7f86615599b0>,65,16,[4 7],66,254,270,188,241
1,<environment.Job instance at 0x7f86617a9190>,90,13,[10  1],91,270,283,179,254
1,<environment.Job instance at 0x7f86617c1690>,94,12,[9 3],95,283,295,188,266
1,<environment.Job instance at 0x7f86617c1d20>,95,1,[1 8],96,295,296,199,267
1,<environment.Job instance at 0x7f86617c1550>,97,2,[3 7],98,296,298,198,272
1,<environment.Job instance at 0x7f86617c1870>,99,3,[7 2],100,295,298,195,272
1,<environment.Job instance at 0x7f86615c4dc0>,100,17,[5 6],101,298,315,197,286
1,<environment.Job instance at 0x7f8661cc8690>,104,1,[3 5],105,315,316,210,289
1,<environment.Job instance at 0x7f8661cc87d0>,106,15,[10  2],107,316,331,209,316
1,<environment.Job instance at 0x7f8661ba75a0>,109,13,[4 7],110,331,344,221,316
1,<environment.Job instance at 0x7f8661609f50>,36,18,[ 5 10],37,344,362,307,336
1,<environment.Job instance at 0x7f861bdef0f0>,2,12,[6 2],3,3,15,0,3
1,<environment.Job instance at 0x7f86616093c0>,3,1,[1 5],4,4,5,0,4
1,<environment.Job instance at 0x7f8661809870>,4,1,[2 8],5,5,6,0,5
1,<environment.Job instance at 0x7f861bd44af0>,5,16,[6 2],6,15,31,9,6
1,<environment.Job instance at 0x7f86618403c0>,8,14,[8 5],9,31,45,22,16
1,<environment.Job instance at 0x7f8661b8d550>,12,12,[7 2],13,45,57,32,28
1,<environment.Job instance at 0x7f8661b8d0f0>,14,14,[ 1 10],15,57,71,42,43
1,<environment.Job instance at 0x7f8661b8d5f0>,16,3,[4 9],17,71,74,54,45
1,<environment.Job instance at 0x7f8661b8daa0>,17,2,[1 6],18,45,47,27,45
1,<environment.Job instance at 0x7f8661b8d460>,19,15,[1 6],20,74,89,54,60
1,<environment.Job instance at 0x7f8661b8db40>,20,12,[2 9],21,89,101,68,72
1,<environment.Job instance at 0x7f8661b8df00>,21,15,[8 1],22,74,89,52,72
1,<environment.Job instance at 0x7f8661b8d870>,23,15,[ 3 10],24,101,116,77,87
1,<environment.Job instance at 0x7f861bf22320>,30,16,[5 4],31,116,132,85,103
1,<environment.Job instance at 0x7f8661b8d820>,31,17,[ 4 10],32,132,149,100,124
1,<environment.Job instance at 0x7f8661ad3730>,41,13,[2 5],42,149,162,107,140
1,<environment.Job instance at 0x7f8661ad39b0>,42,14,[2 6],43,162,176,119,147
1,<environment.Job instance at 0x7f8661ad3d70>,44,18,[6 4],45,149,167,104,149
1,<environment.Job instance at 0x7f8661ad3e10>,46,12,[1 7],47,176,188,129,159
1,<environment.Job instance at 0x7f861bebe140>,48,16,[1 7],49,188,204,139,175
1,<environment.Job instance at 0x7f861bebea00>,51,3,[8 3],52,184,187,132,184
1,<environment.Job instance at 0x7f8661bd08c0>,53,3,[3 8],54,204,207,150,184
1,<environment.Job instance at 0x7f8661bd0550>,55,13,[6 4],56,207,220,151,191
1,<environment.Job instance at 0x7f8661b8d410>,2,2,[10  4],3,3,5,0,3
1,<environment.Job instance at 0x7f86617d0870>,7,1,[2 8],8,8,9,0,8
1,<environment.Job instance at 0x7f8661b8ddc0>,0,15,[3 8],1,9,24,8,8
1,<environment.Job instance at 0x7f86617d03c0>,8,2,[6 4],9,24,26,15,9
1,<environment.Job instance at 0x7f86617d05a0>,11,2,[3 5],12,24,26,12,12
1,<environment.Job instance at 0x7f86617d07d0>,10,12,[3 6],11,26,38,15,12
1,<environment.Job instance at 0x7f86617de460>,17,17,[2 7],18,38,55,20,27
1,<environment.Job instance at 0x7f86617defa0>,20,15,[6 3],21,27,42,6,27
1,<environment.Job instance at 0x7f86617d0500>,16,15,[3 6],17,55,70,38,41
1,<environment.Job instance at 0x7f86617dea50>,25,3,[6 4],26,55,58,29,49
1,<environment.Job instance at 0x7f86617dedc0>,26,15,[5 1],27,58,73,31,52
1,<environment.Job instance at 0x7f86617de370>,28,12,[1 8],29,70,82,41,54
1,<environment.Job instance at 0x7f86617de050>,32,12,[6 2],33,73,85,40,66
1,<environment.Job instance at 0x7f86624a00f0>,33,13,[5 2],34,85,98,51,71
1,<environment.Job instance at 0x7f86617de320>,30,18,[2 7],31,82,100,51,71
1,<environment.Job instance at 0x7f86624a0d20>,35,13,[8 4],36,100,113,64,84
1,<environment.Job instance at 0x7f86624a0500>,39,18,[7 4],40,113,131,73,106
1,<environment.Job instance at 0x7f86617de5a0>,15,14,[10  1],16,131,145,115,116
1,<environment.Job instance at 0x7f86624a0460>,47,2,[4 6],48,145,147,97,118
1,<environment.Job instance at 0x7f86624a0230>,50,17,[5 8],51,147,164,96,136
1,<environment.Job instance at 0x7f8661741e10>,56,14,[10  1],57,164,178,107,152
1,<environment.Job instance at 0x7f8661741dc0>,60,18,[5 6],61,178,196,117,167
1,<environment.Job instance at 0x7f8661741410>,61,17,[2 9],62,196,213,134,186
1,<environment.Job instance at 0x7f86624a0af0>,2,3,[7 1],3,3,6,0,3
1,<environment.Job instance at 0x7f8661d43d70>,1,3,[5 9],2,6,9,4,3
1,<environment.Job instance at 0x7f861be244b0>,7,1,[5 4],8,9,10,1,8
1,<environment.Job instance at 0x7f861be247d0>,8,3,[3 5],9,9,12,0,9
1,<environment.Job instance at 0x7f861be246e0>,6,14,[5 7],7,12,26,5,11
1,<environment.Job instance at 0x7f861be24eb0>,11,3,[7 5],12,26,29,14,12
1,<environment.Job instance at 0x7f8661b5fb40>,14,2,[8 1],15,29,31,14,15
1,<environment.Job instance at 0x7f8661b5f280>,15,15,[7 1],16,31,46,15,17
1,<environment.Job instance at 0x7f8661b5f460>,18,13,[7 1],19,46,59,27,30
1,<environment.Job instance at 0x7f8661603050>,13,18,[8 3],14,59,77,45,48
1,<environment.Job instance at 0x7f8666cefe10>,24,14,[5 8],25,77,91,52,64
1,<environment.Job instance at 0x7f861b9f00a0>,31,13,[5 2],32,77,90,45,75
1,<environment.Job instance at 0x7f861bdc3c80>,32,18,[5 3],33,91,109,58,81
1,<environment.Job instance at 0x7f8661e34320>,37,1,[ 4 10],38,109,110,71,107
1,<environment.Job instance at 0x7f861b9f0910>,38,13,[2 7],39,110,123,71,107
1,<environment.Job instance at 0x7f861bb74820>,39,15,[4 7],40,123,138,83,109
1,<environment.Job instance at 0x7f8661e34aa0>,36,3,[10  3],37,138,141,101,127
1,<environment.Job instance at 0x7f861bb740a0>,44,15,[8 2],45,141,156,96,129
1,<environment.Job instance at 0x7f861bb4e190>,43,18,[5 5],44,156,174,112,145
1,<environment.Job instance at 0x7f866236eaa0>,47,18,[5 5],48,156,174,108,146
1,<environment.Job instance at 0x7f8661a7fa50>,52,1,[4 8],53,174,175,121,154
1,<environment.Job instance at 0x7f8661a44f00>,54,16,[2 5],55,180,196,125,180
1,<environment.Job instance at 0x7f8661dccb40>,56,3,[3 9],57,196,199,139,180
1,<environment.Job instance at 0x7f8661b56a00>,57,3,[5 6],58,199,202,141,180
1,<environment.Job instance at 0x7f8661d00820>,59,13,[7 1],60,184,197,124,184
1,<environment.Job instance at 0x7f8661d00870>,60,3,[10  2],61,202,205,141,184
1,<environment.Job instance at 0x7f8661d00320>,62,14,[3 8],63,205,219,142,190
1,<environment.Job instance at 0x7f8661d006e0>,63,16,[7 2],64,205,221,141,194
1,<environment.Job instance at 0x7f861bb78320>,68,15,[3 9],69,221,236,152,207
1,<environment.Job instance at 0x7f8661e5ddc0>,70,13,[7 1],71,221,234,150,209
1,<environment.Job instance at 0x7f861bd4f230>,75,18,[7 4],76,236,254,160,225
1,<environment.Job instance at 0x7f866181e0f0>,78,18,[ 2 10],79,254,272,175,244
1,<environment.Job instance at 0x7f86617b8500>,81,3,[10  5],82,272,275,190,254
1,<environment.Job instance at 0x7f86617b81e0>,82,14,[4 6],83,275,289,192,260
1,<environment.Job instance at 0x7f8661ab5fa0>,85,14,[5 9],86,289,303,203,274
1,<environment.Job instance at 0x7f8661890a00>,91,12,[3 8],92,303,315,211,286
1,<environment.Job instance at 0x7f8661890550>,93,18,[6 4],94,315,333,221,304
1,<environment.Job instance at 0x7f86616bacd0>,96,14,[5 7],97,333,347,236,318
1,<environment.Job instance at 0x7f86616ba550>,97,12,[3 8],98,347,359,249,330
1,<environment.Job instance at 0x7f861bdc4730>,100,18,[2 9],101,359,377,258,348
1,<environment.Job instance at 0x7f8661b5f780>,6,2,[7 3],7,7,9,0,7
1,<environment.Job instance at 0x7f8661d3ff50>,8,3,[1 5],9,9,12,0,9
1,<environment.Job instance at 0x7f866173d9b0>,13,3,[4 7],14,14,17,0,14
1,<environment.Job instance at 0x7f86623cd5f0>,14,17,[5 4],15,17,34,2,15
1,<environment.Job instance at 0x7f866173db40>,12,2,[6 5],13,34,36,21,16
1,<environment.Job instance at 0x7f8666bc1f50>,18,3,[6 1],19,36,39,17,20
1,<environment.Job instance at 0x7f8666bc1be0>,19,3,[1 9],20,36,39,16,20
1,<environment.Job instance at 0x7f866173d8c0>,11,12,[ 1 10],12,39,51,27,24
1,<environment.Job instance at 0x7f8666bc1320>,21,3,[9 5],22,51,54,29,26
1,<environment.Job instance at 0x7f86616f07d0>,22,3,[8 1],23,54,57,31,28
1,<environment.Job instance at 0x7f86623cd870>,16,15,[4 7],17,57,72,40,43
1,<environment.Job instance at 0x7f86616f0fa0>,26,3,[1 7],27,54,57,27,43
1,<environment.Job instance at 0x7f86616f0eb0>,30,15,[7 2],31,72,87,41,58
1,<environment.Job instance at 0x7f86616f09b0>,31,14,[1 5],32,72,86,40,58
1,<environment.Job instance at 0x7f86616f0870>,33,14,[4 9],34,87,101,53,74
1,<environment.Job instance at 0x7f86616f0f50>,34,12,[9 4],35,101,113,66,84
1,<environment.Job instance at 0x7f866191bdc0>,37,15,[1 6],38,101,116,63,87
1,<environment.Job instance at 0x7f866191b780>,40,16,[3 7],41,116,132,75,104
1,<environment.Job instance at 0x7f866191b0a0>,42,14,[5 7],43,132,146,89,117
1,<environment.Job instance at 0x7f861bc00fa0>,49,2,[4 6],50,146,148,96,135
1,<environment.Job instance at 0x7f861bc23190>,50,2,[5 8],51,148,150,97,135
1,<environment.Job instance at 0x7f861bc23230>,51,3,[6 5],52,150,153,98,135
1,<environment.Job instance at 0x7f8662089190>,0,15,[5 8],1,153,168,152,139
1,<environment.Job instance at 0x7f861bc23370>,53,1,[6 5],54,168,169,114,140
1,<environment.Job instance at 0x7f861bc23410>,54,1,[4 9],55,169,170,114,141
1,<environment.Job instance at 0x7f861bc23640>,59,14,[5 4],60,246,260,186,246
1,<environment.Job instance at 0x7f861bc234b0>,60,15,[5 3],61,246,261,185,246
1,<environment.Job instance at 0x7f861bc23910>,62,15,[ 1 10],63,261,276,198,247
1,<environment.Job instance at 0x7f861bc23eb0>,68,17,[10  4],69,276,293,207,264
1,<environment.Job instance at 0x7f861bc23820>,71,17,[4 7],72,293,310,221,281
1,<environment.Job instance at 0x7f861bc0a4b0>,78,16,[9 2],79,310,326,231,299
1,<environment.Job instance at 0x7f861bc0a9b0>,84,15,[3 8],85,326,341,241,313
1,<environment.Job instance at 0x7f861bc0aaf0>,85,18,[6 2],86,326,344,240,315
1,<environment.Job instance at 0x7f861bc0ad20>,87,13,[ 5 10],88,344,357,256,328
1,<environment.Job instance at 0x7f861bc0ae10>,92,18,[4 5],93,357,375,264,346
1,<environment.Job instance at 0x7f861bc0ac30>,3,2,[9 4],4,4,6,0,4
1,<environment.Job instance at 0x7f86620898c0>,2,13,[7 3],3,6,19,3,6
1,<environment.Job instance at 0x7f8661b2f190>,7,15,[5 5],8,19,34,11,9
1,<environment.Job instance at 0x7f86615d4c80>,10,3,[10  4],11,34,37,23,11
1,<environment.Job instance at 0x7f86617b8a50>,5,17,[5 9],6,37,54,31,25
1,<environment.Job instance at 0x7f86615196e0>,16,14,[4 7],17,54,68,37,39
1,<environment.Job instance at 0x7f86620df730>,18,12,[6 1],19,54,66,35,50
1,<environment.Job instance at 0x7f866151ff00>,19,12,[5 9],20,68,80,48,51
1,<environment.Job instance at 0x7f866151fe10>,20,12,[2 9],21,80,92,59,63
1,<environment.Job instance at 0x7f861bca8820>,24,13,[10  1],25,92,105,67,78
1,<environment.Job instance at 0x7f861bca8190>,26,14,[1 5],27,105,119,78,90
1,<environment.Job instance at 0x7f861bca8230>,30,2,[5 5],31,105,107,74,90
1,<environment.Job instance at 0x7f86615da690>,33,18,[2 6],34,119,137,85,112
1,<environment.Job instance at 0x7f861bf940a0>,35,3,[9 3],36,137,140,101,117
1,<environment.Job instance at 0x7f86616eb960>,37,18,[5 2],38,118,136,80,118
1,<environment.Job instance at 0x7f861bb0aaf0>,38,17,[3 5],39,140,157,101,128
1,<environment.Job instance at 0x7f861bb0acd0>,40,14,[6 3],41,140,154,99,128
1,<environment.Job instance at 0x7f861ba13be0>,41,15,[10  5],42,157,172,115,143
1,<environment.Job instance at 0x7f8662172c80>,45,12,[5 9],46,172,184,126,155
1,<environment.Job instance at 0x7f866215dcd0>,49,1,[ 3 10],50,184,185,134,156
1,<environment.Job instance at 0x7f8661c0ad20>,58,12,[10  2],59,185,197,126,170
1,<environment.Job instance at 0x7f8661c0a410>,62,14,[ 1 10],63,197,211,134,183
1,<environment.Job instance at 0x7f8661c0aaf0>,67,15,[ 3 10],68,211,226,143,199
1,<environment.Job instance at 0x7f861bfbac30>,70,3,[10  4],71,226,229,155,204
1,<environment.Job instance at 0x7f861be24a50>,8,17,[4 9],9,229,246,220,217
1,<environment.Job instance at 0x7f861bfbaaa0>,72,16,[10  1],73,246,262,173,234
1,<environment.Job instance at 0x7f861bf60b90>,73,17,[ 2 10],74,262,279,188,250
1,<environment.Job instance at 0x7f861bf60e10>,78,15,[10  2],79,279,294,200,267
1,<environment.Job instance at 0x7f861bf60b40>,82,15,[1 7],83,294,309,211,281
1,<environment.Job instance at 0x7f861bf60280>,83,17,[6 1],84,294,311,210,282
1,<environment.Job instance at 0x7f861bf60640>,86,13,[8 3],87,311,324,224,295
1,<environment.Job instance at 0x7f86668f79b0>,88,15,[8 2],89,324,339,235,310
1,<environment.Job instance at 0x7f86668f75f0>,93,12,[5 9],94,339,351,245,322
1,<environment.Job instance at 0x7f8661d4b640>,97,2,[1 5],98,330,332,232,330
1,<environment.Job instance at 0x7f8661c09550>,4,2,[5 6],5,5,7,0,5
1,<environment.Job instance at 0x7f8661a66aa0>,3,18,[6 1],4,7,25,3,7
1,<environment.Job instance at 0x7f86616ef0f0>,8,16,[8 5],9,25,41,16,13
1,<environment.Job instance at 0x7f8661594f50>,14,2,[2 8],15,41,43,26,24
1,<environment.Job instance at 0x7f8666b611e0>,18,14,[3 7],19,43,57,24,29
1,<environment.Job instance at 0x7f861ba00280>,21,12,[10  5],22,57,69,35,40
1,<environment.Job instance at 0x7f861bc8d0a0>,25,12,[3 5],26,69,81,43,52
1,<environment.Job instance at 0x7f866183d500>,28,2,[5 5],29,69,71,40,55
1,<environment.Job instance at 0x7f866156e140>,29,2,[10  1],30,81,83,51,55
1,<environment.Job instance at 0x7f866156edc0>,30,1,[10  3],31,83,84,52,55
1,<environment.Job instance at 0x7f866156e730>,31,3,[5 8],32,84,87,52,58
1,<environment.Job instance at 0x7f861baf6780>,32,1,[3 9],33,87,88,54,59
1,<environment.Job instance at 0x7f861baf6870>,34,3,[5 4],35,71,74,36,60
1,<environment.Job instance at 0x7f861baf6050>,37,3,[6 4],38,74,77,36,69
1,<environment.Job instance at 0x7f861baf6910>,38,17,[3 7],39,88,105,49,76
1,<environment.Job instance at 0x7f8662077c30>,40,18,[9 4],41,105,123,64,94
1,<environment.Job instance at 0x7f8662215820>,43,14,[ 1 10],44,123,137,79,110
1,<environment.Job instance at 0x7f861bf0f460>,46,13,[2 9],47,137,150,90,122
1,<environment.Job instance at 0x7f8661ecde10>,51,15,[10  3],52,150,165,98,138
1,<environment.Job instance at 0x7f8661ecde60>,53,17,[6 3],54,165,182,111,153
1,<environment.Job instance at 0x7f861c113410>,60,14,[5 7],61,182,196,121,168
1,<environment.Job instance at 0x7f8661f2bfa0>,64,15,[9 5],65,196,211,131,182
1,<environment.Job instance at 0x7f866170c550>,70,15,[9 2],71,211,226,140,197
1,<environment.Job instance at 0x7f86618bb7d0>,75,12,[9 2],76,226,238,150,209
1,<environment.Job instance at 0x7f86618bb500>,76,17,[1 8],77,211,228,134,209
1,<environment.Job instance at 0x7f86618bbb40>,78,3,[3 9],79,238,241,159,212
1,<environment.Job instance at 0x7f8661843f50>,80,15,[2 8],81,241,256,160,227
1,<environment.Job instance at 0x7f8661843730>,82,14,[1 9],83,256,270,173,242
1,<environment.Job instance at 0x7f8662298c30>,84,15,[9 2],85,270,285,185,257
1,<environment.Job instance at 0x7f861c0d90a0>,89,15,[4 6],90,285,300,195,271
1,<environment.Job instance at 0x7f861bc706e0>,93,14,[9 2],94,300,314,206,287
1,<environment.Job instance at 0x7f861bc70460>,94,3,[2 7],95,314,317,219,288
1,<environment.Job instance at 0x7f861bdd3c30>,97,2,[9 5],98,317,319,219,291
1,<environment.Job instance at 0x7f861b8600a0>,1,18,[5 5],2,2,20,0,2
1,<environment.Job instance at 0x7f861bdc4870>,9,1,[10  5],10,20,21,10,10
1,<environment.Job instance at 0x7f86618b5f00>,6,17,[3 5],7,21,38,14,11
1,<environment.Job instance at 0x7f86618a2f50>,12,12,[4 6],13,38,50,25,21
1,<environment.Job instance at 0x7f8661baba00>,15,12,[5 2],16,36,48,20,36
1,<environment.Job instance at 0x7f86618b5780>,4,18,[9 2],5,50,68,45,39
1,<environment.Job instance at 0x7f8661babaf0>,19,14,[6 4],20,68,82,48,55
1,<environment.Job instance at 0x7f8661babf00>,21,13,[ 5 10],22,82,95,60,71
1,<environment.Job instance at 0x7f8661bab4b0>,22,3,[6 3],23,95,98,72,71
1,<environment.Job instance at 0x7f8661babbe0>,24,18,[3 9],25,98,116,73,89
1,<environment.Job instance at 0x7f8661bab9b0>,25,15,[6 1],26,98,113,72,89
1,<environment.Job instance at 0x7f861c002280>,28,2,[1 7],29,95,97,66,95
1,<environment.Job instance at 0x7f861c002c80>,29,1,[5 6],30,116,117,86,95
1,<environment.Job instance at 0x7f861bdd3820>,2,15,[ 1 10],3,117,132,114,104
1,<environment.Job instance at 0x7f861c0027d0>,32,12,[3 7],33,132,144,99,118
1,<environment.Job instance at 0x7f861c002550>,34,3,[5 5],35,144,147,109,124
1,<environment.Job instance at 0x7f861c002870>,31,17,[10  2],32,151,168,119,151
1,<environment.Job instance at 0x7f861bc5bc30>,37,18,[7 5],38,168,186,130,159
1,<environment.Job instance at 0x7f861c002e60>,35,13,[ 5 10],36,186,199,150,170
1,<environment.Job instance at 0x7f861bf57050>,41,17,[5 3],42,199,216,157,195
1,<environment.Job instance at 0x7f861bf57960>,42,16,[6 5],43,216,232,173,206
1,<environment.Job instance at 0x7f861bf57b40>,43,12,[5 7],44,252,264,208,252
1,<environment.Job instance at 0x7f861bf579b0>,44,3,[3 6],45,264,267,219,252
1,<environment.Job instance at 0x7f861bf57c30>,46,14,[8 4],47,267,281,220,257
1,<environment.Job instance at 0x7f861bf570f0>,48,3,[6 5],49,281,284,232,257
1,<environment.Job instance at 0x7f861bf57d70>,49,3,[2 6],50,267,270,217,257
1,<environment.Job instance at 0x7f861bf57870>,50,3,[1 5],51,270,273,219,258
1,<environment.Job instance at 0x7f861bf57f00>,51,16,[3 9],52,509,525,457,509
1,<environment.Job instance at 0x7f861bf576e0>,52,12,[7 5],53,527,539,474,527
1,<environment.Job instance at 0x7f861bf57fa0>,53,3,[ 3 10],54,539,542,485,527
1,<environment.Job instance at 0x7f861c0fdd20>,55,14,[6 4],56,542,556,486,530
1,<environment.Job instance at 0x7f861c0fdd70>,56,3,[ 2 10],57,556,559,499,530
1,<environment.Job instance at 0x7f861c0fdeb0>,58,2,[4 8],59,559,561,500,532
1,<environment.Job instance at 0x7f861c0fdf50>,59,3,[8 2],60,561,564,501,535
1,<environment.Job instance at 0x7f861c0fdf00>,60,16,[8 2],61,564,580,503,563
1,<environment.Job instance at 0x7f861c0fdb90>,62,14,[7 1],63,580,594,517,566
1,<environment.Job instance at 0x7f861c12c1e0>,64,2,[ 2 10],65,594,596,529,567
1,<environment.Job instance at 0x7f861c12c3c0>,65,1,[ 1 10],66,596,597,530,569
1,<environment.Job instance at 0x7f861c12c050>,66,18,[9 2],67,608,626,541,608
1,<environment.Job instance at 0x7f861c12c550>,69,17,[4 5],70,730,747,660,730
1,<environment.Job instance at 0x7f861c12c500>,67,16,[10  4],68,802,818,734,802
1,<environment.Job instance at 0x7f861c12cb40>,76,3,[9 4],77,818,821,741,802
1,<environment.Job instance at 0x7f861c12cd20>,79,2,[3 5],80,821,823,741,802
1,<environment.Job instance at 0x7f861c12ccd0>,81,3,[8 2],82,823,826,741,804
1,<environment.Job instance at 0x7f861c12cdc0>,82,18,[6 5],83,826,844,743,815
1,<environment.Job instance at 0x7f8662270b90>,8,2,[10  1],9,9,11,0,9
1,<environment.Job instance at 0x7f8662270550>,11,2,[7 1],12,29,31,17,29
1,<environment.Job instance at 0x7f861bec9e10>,13,18,[10  5],14,31,49,17,29
1,<environment.Job instance at 0x7f86614d51e0>,19,1,[ 3 10],20,49,50,29,36
1,<environment.Job instance at 0x7f86614d5d70>,18,16,[8 2],19,50,66,31,37
1,<environment.Job instance at 0x7f86614d5910>,24,13,[3 6],25,66,79,41,50
1,<environment.Job instance at 0x7f861c12ce10>,4,18,[6 4],5,66,84,61,56
1,<environment.Job instance at 0x7f8661c09a00>,29,3,[ 2 10],30,84,87,54,58
1,<environment.Job instance at 0x7f861c0023c0>,33,1,[6 5],34,87,88,53,73
1,<environment.Job instance at 0x7f861c002780>,34,15,[6 1],35,88,103,53,74
1,<environment.Job instance at 0x7f861b9cd500>,35,17,[2 7],36,88,105,52,79
1,<environment.Job instance at 0x7f8661c09500>,27,13,[ 2 10],28,105,118,77,90
1,<environment.Job instance at 0x7f8661c09870>,30,18,[7 3],31,118,136,87,109
1,<environment.Job instance at 0x7f861b9cdc80>,39,1,[ 4 10],40,136,137,96,109
1,<environment.Job instance at 0x7f866221a7d0>,45,3,[ 1 10],46,137,140,91,111
1,<environment.Job instance at 0x7f86618bdd20>,44,3,[5 2],45,140,143,95,116
1,<environment.Job instance at 0x7f866180a550>,48,1,[2 8],49,140,141,91,116
1,<environment.Job instance at 0x7f866180ad20>,49,2,[ 5 10],50,143,145,93,116
1,<environment.Job instance at 0x7f866180a9b0>,50,2,[ 3 10],51,145,147,94,118
1,<environment.Job instance at 0x7f8661f27aa0>,53,14,[3 7],54,121,135,67,121
1,<environment.Job instance at 0x7f8661f27820>,54,3,[6 5],55,147,150,92,121
1,<environment.Job instance at 0x7f861bf89960>,56,3,[4 6],57,150,153,93,131
1,<environment.Job instance at 0x7f861b9cdd70>,37,18,[1 7],38,153,171,115,142
1,<environment.Job instance at 0x7f866180a0f0>,51,16,[5 4],52,171,187,119,158
1,<environment.Job instance at 0x7f861bb45190>,66,16,[5 6],67,171,187,104,161
1,<environment.Job instance at 0x7f8661d87a50>,69,13,[4 7],70,187,200,117,171
1,<environment.Job instance at 0x7f8661d87960>,73,12,[9 5],74,200,212,126,183
1,<environment.Job instance at 0x7f861bb45a00>,65,13,[4 8],66,212,225,146,196
1,<environment.Job instance at 0x7f8661d879b0>,77,17,[3 7],78,225,242,147,213
1,<environment.Job instance at 0x7f8661d87550>,81,13,[6 3],82,225,238,143,225
1,<environment.Job instance at 0x7f8661d87640>,82,3,[3 5],83,242,245,159,225
1,<environment.Job instance at 0x7f8661d870f0>,84,3,[9 1],85,245,248,160,225
1,<environment.Job instance at 0x7f8661d87f50>,85,15,[1 9],86,245,260,159,234
1,<environment.Job instance at 0x7f8661ef5050>,91,14,[10  5],92,260,274,168,246
1,<environment.Job instance at 0x7f8661d87b90>,75,14,[5 8],76,274,288,198,260
1,<environment.Job instance at 0x7f86619ad6e0>,98,15,[8 5],99,288,303,189,274
1,<environment.Job instance at 0x7f86619adc80>,99,13,[5 1],100,274,287,174,274
1,<environment.Job instance at 0x7f8661f05230>,4,13,[10  2],5,12,25,7,12
1,<environment.Job instance at 0x7f86619adb90>,9,3,[8 3],10,25,28,15,12
1,<environment.Job instance at 0x7f8661b5e550>,10,12,[1 9],11,28,40,17,12
1,<environment.Job instance at 0x7f861bdd1a00>,12,18,[3 6],13,40,58,27,29
1,<environment.Job instance at 0x7f8661f15eb0>,20,15,[5 9],21,58,73,37,46
1,<environment.Job instance at 0x7f8661f15910>,18,18,[2 8],19,73,91,54,62
1,<environment.Job instance at 0x7f86614d5370>,6,16,[10  4],7,91,107,84,78
1,<environment.Job instance at 0x7f861b9ed820>,33,2,[7 5],34,107,109,73,84
1,<environment.Job instance at 0x7f861bca8730>,34,1,[6 5],35,109,110,74,84
1,<environment.Job instance at 0x7f861b9ed050>,29,14,[ 5 10],30,110,124,80,96
1,<environment.Job instance at 0x7f861bca86e0>,37,3,[9 3],38,124,127,86,99
1,<environment.Job instance at 0x7f861bca84b0>,39,18,[1 5],40,124,142,84,113
1,<environment.Job instance at 0x7f861bca8dc0>,42,14,[1 7],43,142,156,99,127
1,<environment.Job instance at 0x7f8661890460>,46,17,[7 1],47,133,150,86,133
1,<environment.Job instance at 0x7f861c0202d0>,52,3,[3 6],53,156,159,103,133
1,<environment.Job instance at 0x7f861c054820>,57,12,[8 1],58,159,171,101,142
1,<environment.Job instance at 0x7f861becf190>,43,16,[10  5],44,171,187,127,159
1,<environment.Job instance at 0x7f8661f05870>,0,17,[10  5],1,187,204,186,176
1,<environment.Job instance at 0x7f86618021e0>,0,2,[5 9],1,1,3,0,1
1,<environment.Job instance at 0x7f866160e230>,4,13,[8 2],5,5,18,0,5
1,<environment.Job instance at 0x7f8662027690>,7,12,[7 5],8,18,30,10,11
1,<environment.Job instance at 0x7f861b9cd640>,8,2,[9 5],9,30,32,21,15
1,<environment.Job instance at 0x7f866164c5a0>,15,13,[1 5],16,16,29,0,16
1,<environment.Job instance at 0x7f866164c730>,14,12,[4 7],15,32,44,17,16
1,<environment.Job instance at 0x7f861b73cd70>,13,14,[2 7],14,44,58,30,29
1,<environment.Job instance at 0x7f866164c820>,17,14,[7 2],18,44,58,26,29
1,<environment.Job instance at 0x7f861bec9af0>,11,16,[5 9],12,58,74,46,45
1,<environment.Job instance at 0x7f861bb0b910>,19,17,[1 7],20,74,91,54,62
1,<environment.Job instance at 0x7f861b78dfa0>,28,17,[9 3],29,74,91,45,69
1,<environment.Job instance at 0x7f8661aad230>,36,13,[4 6],37,91,104,54,75
1,<environment.Job instance at 0x7f8661b33550>,37,18,[6 1],38,91,109,53,80
1,<environment.Job instance at 0x7f861b9f02d0>,42,15,[4 7],43,104,119,61,94
1,<environment.Job instance at 0x7f8661ef59b0>,41,12,[ 5 10],42,119,131,77,106
1,<environment.Job instance at 0x7f8661b773c0>,50,13,[4 7],51,131,144,80,115
1,<environment.Job instance at 0x7f861c0b91e0>,53,12,[5 5],54,144,156,90,127
1,<environment.Job instance at 0x7f861c0b92d0>,54,14,[1 7],55,156,170,101,141
1,<environment.Job instance at 0x7f861c0b9d70>,55,13,[10  4],56,170,183,114,154
1,<environment.Job instance at 0x7f861c0b96e0>,59,13,[8 2],60,183,196,123,167
1,<environment.Job instance at 0x7f861c0b7140>,57,17,[1 8],58,183,200,125,180
1,<environment.Job instance at 0x7f8661c55460>,64,15,[9 3],65,200,215,135,186
1,<environment.Job instance at 0x7f861ba4c190>,63,18,[10  1],64,215,233,151,204
1,<environment.Job instance at 0x7f861c07d230>,71,16,[9 3],72,233,249,161,220
1,<environment.Job instance at 0x7f861c0ef2d0>,66,17,[ 2 10],67,251,268,184,251
1,<environment.Job instance at 0x7f861bdd4410>,73,3,[3 7],74,268,271,194,251
1,<environment.Job instance at 0x7f861bdd4a00>,74,14,[5 8],75,271,285,196,265
1,<environment.Job instance at 0x7f861b736190>,4,15,[2 8],5,6,21,1,6
1,<environment.Job instance at 0x7f86615db3c0>,5,3,[7 2],6,7,10,1,7
1,<environment.Job instance at 0x7f861bdf90f0>,11,3,[2 5],12,21,24,9,12
1,<environment.Job instance at 0x7f861bdf97d0>,12,13,[3 8],13,24,37,11,13
1,<environment.Job instance at 0x7f861b9355a0>,14,12,[6 3],15,37,49,22,20
1,<environment.Job instance at 0x7f8661880280>,15,14,[7 2],16,20,34,4,20
1,<environment.Job instance at 0x7f8661af1e10>,17,16,[2 5],18,37,53,19,24
1,<environment.Job instance at 0x7f86617c1b40>,20,3,[1 7],21,53,56,32,27
1,<environment.Job instance at 0x7f8661869230>,9,13,[3 8],10,56,69,46,40
1,<environment.Job instance at 0x7f86621a0280>,24,2,[10  3],25,69,71,44,44
1,<environment.Job instance at 0x7f86622bc820>,27,15,[3 8],28,71,86,43,57
1,<environment.Job instance at 0x7f861b7ad780>,30,16,[10  1],31,86,102,55,73
1,<environment.Job instance at 0x7f861bbd9960>,33,13,[5 5],34,102,115,68,86
1,<environment.Job instance at 0x7f861bf89d70>,39,15,[8 4],40,115,130,75,101
1,<environment.Job instance at 0x7f8666ba8230>,43,14,[5 2],44,130,144,86,116
1,<environment.Job instance at 0x7f861b736910>,6,15,[9 4],7,144,159,137,130
1,<environment.Job instance at 0x7f86616c13c0>,57,17,[3 5],58,159,176,101,147
1,<environment.Job instance at 0x7f861be24960>,60,13,[4 7],61,176,189,115,161
1,<environment.Job instance at 0x7f861be24e10>,66,2,[6 4],67,161,163,94,161
1,<environment.Job instance at 0x7f861be24cd0>,67,18,[3 6],68,189,207,121,178
1,<environment.Job instance at 0x7f8662168aa0>,74,3,[5 7],75,207,210,132,182
1,<environment.Job instance at 0x7f8662168aa0>,4,3,[5 8],5,5,8,0,5
1,<environment.Job instance at 0x7f861bdc0820>,8,2,[7 1],9,9,11,0,9
1,<environment.Job instance at 0x7f861bdc0eb0>,14,1,[8 4],15,21,22,6,21
1,<environment.Job instance at 0x7f861bdc0960>,15,3,[1 5],16,21,24,5,21
1,<environment.Job instance at 0x7f8666cf2820>,5,18,[10  1],6,24,42,18,21
1,<environment.Job instance at 0x7f861bdc05a0>,21,2,[5 4],22,22,24,0,22
1,<environment.Job instance at 0x7f8661d7ad20>,22,12,[2 7],23,42,54,19,32
1,<environment.Job instance at 0x7f861bdc0230>,12,17,[5 3],13,42,59,29,34
1,<environment.Job instance at 0x7f8661569b90>,26,17,[5 7],27,54,71,27,43
1,<environment.Job instance at 0x7f8661569a00>,28,2,[6 1],29,71,73,42,44
1,<environment.Job instance at 0x7f861b6fff00>,30,2,[5 9],31,73,75,42,46
1,<environment.Job instance at 0x7f861b6ffa50>,31,3,[6 5],32,75,78,43,49
1,<environment.Job instance at 0x7f861b7cf870>,34,3,[5 5],35,78,81,43,57
1,<environment.Job instance at 0x7f861b7cf280>,36,12,[8 5],37,81,93,44,64
1,<environment.Job instance at 0x7f861b7cfdc0>,38,3,[ 5 10],39,93,96,54,67
1,<environment.Job instance at 0x7f86615695f0>,27,14,[ 4 10],28,96,110,68,81
1,<environment.Job instance at 0x7f861b7cff50>,43,15,[3 5],44,110,125,66,96
1,<environment.Job instance at 0x7f861b7cf5f0>,45,12,[5 5],46,110,122,64,96
1,<environment.Job instance at 0x7f861b7cf370>,48,15,[7 3],49,122,137,73,109
1,<environment.Job instance at 0x7f861b6ffb40>,29,16,[3 7],30,125,141,95,122
1,<environment.Job instance at 0x7f861b7cfe60>,40,18,[8 5],41,141,159,100,130
1,<environment.Job instance at 0x7f861b8aab90>,56,17,[2 5],57,144,161,87,144
1,<environment.Job instance at 0x7f861b8aaa50>,59,14,[7 4],60,159,173,99,144
1,<environment.Job instance at 0x7f861b8aa8c0>,60,13,[5 7],61,173,186,112,157
1,<environment.Job instance at 0x7f861b8aaf00>,62,17,[6 5],63,186,203,123,174
1,<environment.Job instance at 0x7f861b74be10>,67,17,[4 5],68,186,203,118,177
1,<environment.Job instance at 0x7f861b74b820>,69,1,[7 5],70,203,204,133,177
1,<environment.Job instance at 0x7f861b74bf50>,71,1,[4 5],72,204,205,132,186
1,<environment.Job instance at 0x7f861b74baf0>,72,2,[1 8],73,205,207,132,186
1,<environment.Job instance at 0x7f861b74b3c0>,73,14,[7 2],74,205,219,131,191
1,<environment.Job instance at 0x7f861b74b8c0>,76,15,[2 9],77,219,234,142,205
1,<environment.Job instance at 0x7f8661d7adc0>,24,18,[5 8],25,234,252,209,224
1,<environment.Job instance at 0x7f861b74b370>,77,17,[3 8],78,252,269,174,240
1,<environment.Job instance at 0x7f861b7ce550>,86,15,[8 4],87,269,284,182,255
1,<environment.Job instance at 0x7f861b7ce190>,90,15,[1 8],91,284,299,193,271
1,<environment.Job instance at 0x7f861b7ce870>,94,12,[5 4],95,299,311,204,282
1,<environment.Job instance at 0x7f861b7ce910>,97,14,[3 8],98,311,325,213,296
1,<environment.Job instance at 0x7f861b707c80>,103,12,[6 1],104,311,323,207,310
1,<environment.Job instance at 0x7f861b7079b0>,104,14,[2 9],105,325,339,220,310
1,<environment.Job instance at 0x7f861b707690>,106,18,[9 5],107,339,357,232,328
1,<environment.Job instance at 0x7f861b707e60>,107,15,[10  2],108,357,372,249,343
1,<environment.Job instance at 0x7f861b707230>,113,15,[ 4 10],114,372,387,258,359
1,<environment.Job instance at 0x7f861b707f00>,120,13,[9 1],121,387,400,266,373
1,<environment.Job instance at 0x7f861b7072d0>,109,16,[ 2 10],110,400,416,290,387
1,<environment.Job instance at 0x7f861b7078c0>,123,17,[ 4 10],124,416,433,292,405
1,<environment.Job instance at 0x7f861b7d7dc0>,132,13,[5 5],133,433,446,300,419
1,<environment.Job instance at 0x7f861b7d71e0>,133,12,[1 5],134,433,445,299,419
1,<environment.Job instance at 0x7f861b7d70f0>,134,12,[ 5 10],135,446,458,311,429
1,<environment.Job instance at 0x7f861b7d76e0>,141,18,[6 5],142,458,476,316,447
1,<environment.Job instance at 0x7f8661d7aa50>,7,13,[3 5],8,25,38,17,25
1,<environment.Job instance at 0x7f861b7d7320>,1,14,[2 5],2,25,39,23,25
1,<environment.Job instance at 0x7f8661d7a7d0>,9,2,[10  2],10,39,41,29,25
1,<environment.Job instance at 0x7f8661bcde10>,11,13,[1 5],12,41,54,29,25
1,<environment.Job instance at 0x7f8661bcd960>,12,15,[7 5],13,41,56,28,28
1,<environment.Job instance at 0x7f86616c15f0>,14,2,[8 1],15,56,58,41,29
1,<environment.Job instance at 0x7f8661763af0>,16,18,[6 5],17,58,76,41,50
1,<environment.Job instance at 0x7f8661ba6b40>,27,16,[2 5],28,60,76,32,60
1,<environment.Job instance at 0x7f861bf3efa0>,24,12,[10  4],25,76,88,51,62
1,<environment.Job instance at 0x7f866231ebe0>,32,3,[10  2],33,88,91,55,73
1,<environment.Job instance at 0x7f866231eb40>,33,12,[9 4],34,91,103,57,75
1,<environment.Job instance at 0x7f8666ab6af0>,41,3,[6 4],42,103,106,61,77
1,<environment.Job instance at 0x7f8661ba9cd0>,49,2,[2 7],50,108,110,58,108
1,<environment.Job instance at 0x7f8661aa4f50>,4,19,[3 6],5,110,129,105,108
1,<environment.Job instance at 0x7f861bf23fa0>,52,3,[1 9],53,129,132,76,108
1,<environment.Job instance at 0x7f861bbe8230>,42,16,[4 9],43,132,148,89,124
1,<environment.Job instance at 0x7f861bf0ae10>,59,2,[5 8],60,148,150,88,126
1,<environment.Job instance at 0x7f861bf0a500>,60,17,[2 8],61,150,167,89,138
1,<environment.Job instance at 0x7f861bf0ab40>,62,3,[8 5],63,167,170,104,143
1,<environment.Job instance at 0x7f861bf0adc0>,61,14,[ 5 10],62,170,184,108,155
1,<environment.Job instance at 0x7f861bf11500>,65,16,[7 5],66,184,200,118,171
1,<environment.Job instance at 0x7f861bf23870>,54,16,[ 5 10],55,200,216,145,187
1,<environment.Job instance at 0x7f861bf116e0>,64,16,[2 9],65,216,232,151,203
1,<environment.Job instance at 0x7f861bf32af0>,75,12,[3 7],76,232,244,156,215
1,<environment.Job instance at 0x7f861b8fae10>,76,17,[7 1],77,216,233,139,215
1,<environment.Job instance at 0x7f861badd0a0>,83,13,[10  5],84,244,257,160,229
1,<environment.Job instance at 0x7f861b8725a0>,86,18,[5 9],87,257,275,170,246
1,<environment.Job instance at 0x7f861b9cb820>,90,14,[6 2],91,275,289,184,260
1,<environment.Job instance at 0x7f861b9f1780>,95,12,[4 8],96,275,287,179,272
1,<environment.Job instance at 0x7f861b9d6d20>,97,13,[4 9],98,289,302,191,274
1,<environment.Job instance at 0x7f861b9d63c0>,103,15,[ 5 10],104,302,317,198,289
1,<environment.Job instance at 0x7f861b9d60f0>,106,2,[3 8],107,317,319,210,294
1,<environment.Job instance at 0x7f861b9d6d70>,107,12,[10  3],108,319,331,211,302
1,<environment.Job instance at 0x7f861bf2cf50>,71,16,[10  5],72,331,347,259,319
1,<environment.Job instance at 0x7f8661bb5870>,111,13,[ 3 10],112,347,360,235,334
1,<environment.Job instance at 0x7f8661bc8230>,115,1,[7 3],116,360,361,244,347
1,<environment.Job instance at 0x7f8661bc82d0>,117,16,[6 3],118,361,377,243,350
1,<environment.Job instance at 0x7f8661bc85a0>,121,16,[7 1],122,377,393,255,364
1,<environment.Job instance at 0x7f8661bc8f50>,126,17,[10  5],127,393,410,266,381
1,<environment.Job instance at 0x7f8661c3c640>,130,12,[4 7],131,410,422,279,393
1,<environment.Job instance at 0x7f8661c3ca50>,132,3,[6 3],133,410,413,277,397
1,<environment.Job instance at 0x7f8661bb0370>,133,2,[2 9],134,422,424,288,398
1,<environment.Job instance at 0x7f8661bb08c0>,136,3,[7 5],137,424,427,287,418
1,<environment.Job instance at 0x7f8661bb0550>,140,1,[5 6],141,427,428,286,427
1,<environment.Job instance at 0x7f8661bb0d70>,141,2,[4 7],142,428,430,286,427
1,<environment.Job instance at 0x7f8661bb0140>,142,17,[5 5],143,430,447,287,427
1,<environment.Job instance at 0x7f8661bb0050>,143,12,[1 5],144,430,442,286,427
1,<environment.Job instance at 0x7f8661bb03c0>,139,17,[9 1],140,447,464,307,435
1,<environment.Job instance at 0x7f861b712d20>,145,13,[1 9],146,447,460,301,435
1,<environment.Job instance at 0x7f8661bc46e0>,149,16,[9 2],150,464,480,314,451
1,<environment.Job instance at 0x7f8661bc4140>,156,17,[ 2 10],157,480,497,323,468
1,<environment.Job instance at 0x7f8661be4050>,157,16,[3 9],158,517,533,359,517
1,<environment.Job instance at 0x7f861bf320f0>,2,1,[2 7],3,4,5,1,4
1,<environment.Job instance at 0x7f861bb78780>,4,14,[7 5],5,5,19,0,5
1,<environment.Job instance at 0x7f861b7d7eb0>,8,20,[6 2],9,19,39,10,10
1,<environment.Job instance at 0x7f86623f2dc0>,13,1,[7 3],14,39,40,25,14
1,<environment.Job instance at 0x7f86622942d0>,14,2,[9 2],15,40,42,25,16
1,<environment.Job instance at 0x7f8662294f50>,16,3,[5 1],17,42,45,25,27
1,<environment.Job instance at 0x7f8662294910>,17,14,[5 4],18,42,56,24,27
1,<environment.Job instance at 0x7f86624346e0>,21,12,[8 3],22,56,68,34,40
1,<environment.Job instance at 0x7f86624340f0>,23,13,[3 6],24,68,81,44,53
1,<environment.Job instance at 0x7f8662434050>,26,2,[8 2],27,81,83,54,58
1,<environment.Job instance at 0x7f861b8aab40>,9,14,[ 2 10],10,83,97,73,69
1,<environment.Job instance at 0x7f8662218370>,32,2,[8 3],33,97,99,64,74
1,<environment.Job instance at 0x7f861c04c0a0>,34,17,[5 5],35,99,116,64,87
1,<environment.Job instance at 0x7f861bf3e7d0>,37,15,[5 3],38,99,114,61,92
1,<environment.Job instance at 0x7f86622182d0>,29,16,[7 1],30,116,132,86,103
1,<environment.Job instance at 0x7f86615eefa0>,42,13,[4 8],43,132,145,89,116
1,<environment.Job instance at 0x7f86615ee410>,43,16,[6 1],44,132,148,88,120
1,<environment.Job instance at 0x7f861bf2efa0>,0,14,[7 4],1,148,162,147,134
1,<environment.Job instance at 0x7f86615ee6e0>,54,18,[2 9],55,162,180,107,152
1,<environment.Job instance at 0x7f8661acd1e0>,58,18,[1 6],59,180,198,121,169
1,<environment.Job instance at 0x7f8661acd960>,60,12,[1 7],61,198,210,137,181
1,<environment.Job instance at 0x7f8661acdaa0>,62,15,[9 3],63,189,204,126,189
1,<environment.Job instance at 0x7f8661acd9b0>,63,14,[1 6],64,210,224,146,195
1,<environment.Job instance at 0x7f8661acd3c0>,64,17,[7 2],65,204,221,139,195
1,<environment.Job instance at 0x7f8661acd550>,56,15,[3 6],57,224,239,167,211
1,<environment.Job instance at 0x7f861b7383c0>,72,14,[5 4],73,229,243,156,229
1,<environment.Job instance at 0x7f861b738e60>,69,17,[3 7],70,243,260,173,231
1,<environment.Job instance at 0x7f861b738eb0>,75,3,[10  2],76,260,263,184,234
1,<environment.Job instance at 0x7f8666ba4d70>,76,3,[5 3],77,239,242,162,234
1,<environment.Job instance at 0x7f8666ba4320>,77,3,[5 8],78,263,266,185,237
1,<environment.Job instance at 0x7f86619abcd0>,84,12,[ 3 10],85,266,278,181,252
1,<environment.Job instance at 0x7f8661c77780>,67,17,[10  1],68,278,295,210,266
1,<environment.Job instance at 0x7f8661cd0640>,92,2,[10  1],93,295,297,202,281
1,<environment.Job instance at 0x7f8661cd05f0>,93,15,[8 1],94,297,312,203,283
1,<environment.Job instance at 0x7f8661ba60f0>,98,3,[8 1],99,312,315,213,301
1,<environment.Job instance at 0x7f8661ba62d0>,99,14,[ 4 10],100,315,329,215,301
1,<environment.Job instance at 0x7f8661ba6780>,101,16,[5 5],102,329,345,227,316
1,<environment.Job instance at 0x7f861bf89dc0>,89,17,[4 5],90,329,346,239,317
1,<environment.Job instance at 0x7f8661b77500>,110,13,[10  2],111,346,359,235,331
1,<environment.Job instance at 0x7f8661b773c0>,114,14,[1 5],115,359,373,244,344
1,<environment.Job instance at 0x7f8661b77320>,115,3,[2 6],116,373,376,257,347
1,<environment.Job instance at 0x7f8661b776e0>,116,17,[6 4],117,359,376,242,347
1,<environment.Job instance at 0x7f8661b77730>,118,12,[7 1],119,376,388,257,359
1,<environment.Job instance at 0x7f8661b77be0>,120,17,[3 6],121,376,393,255,364
1,<environment.Job instance at 0x7f8661b77140>,122,16,[8 3],123,393,409,270,380
1,<environment.Job instance at 0x7f8661b771e0>,125,12,[ 4 10],126,409,421,283,392
1,<environment.Job instance at 0x7f8661b70d70>,127,14,[5 5],128,421,435,293,406
1,<environment.Job instance at 0x7f8661b70550>,129,16,[4 5],130,421,437,291,420
1,<environment.Job instance at 0x7f8661b70320>,133,17,[5 3],134,435,452,301,423
1,<environment.Job instance at 0x7f8661b70280>,135,13,[1 9],136,452,465,316,436
1,<environment.Job instance at 0x7f8661b70140>,139,18,[7 1],140,452,470,312,441
1,<environment.Job instance at 0x7f861b70a780>,68,16,[ 5 10],69,489,505,420,489
1,<environment.Job instance at 0x7f8661b705a0>,144,13,[ 2 10],145,505,518,360,498
1,<environment.Job instance at 0x7f8661b70b90>,146,17,[6 5],147,518,535,371,506
1,<environment.Job instance at 0x7f8661b70eb0>,147,18,[9 5],148,535,553,387,524
1,<environment.Job instance at 0x7f861b6fd0f0>,148,13,[10  3],149,553,566,404,539
1,<environment.Job instance at 0x7f861b6fde60>,154,17,[9 4],155,566,583,411,554
1,<environment.Job instance at 0x7f8661c77c30>,3,18,[6 3],4,26,44,22,26
1,<environment.Job instance at 0x7f861b9ac780>,10,3,[9 5],11,44,47,33,26
1,<environment.Job instance at 0x7f861b9ac9b0>,11,2,[5 1],12,47,49,35,26
1,<environment.Job instance at 0x7f861b9acf50>,4,2,[ 3 10],5,49,51,44,27
1,<environment.Job instance at 0x7f861b9aca50>,5,1,[9 1],6,51,52,45,27
1,<environment.Job instance at 0x7f861b9ac8c0>,15,2,[10  4],16,52,54,36,27
1,<environment.Job instance at 0x7f8661a0ccd0>,17,1,[8 1],18,54,55,36,32
1,<environment.Job instance at 0x7f8661a0ceb0>,19,2,[10  4],20,55,57,35,41
1,<environment.Job instance at 0x7f8661a0cf50>,18,17,[6 1],19,57,74,38,45
1,<environment.Job instance at 0x7f8661a0c140>,25,16,[3 7],26,57,73,31,46
1,<environment.Job instance at 0x7f8661a0cb90>,28,14,[7 2],29,74,88,45,59
1,<environment.Job instance at 0x7f8661a0cfa0>,33,3,[6 5],34,88,91,54,69
1,<environment.Job instance at 0x7f861b9a62d0>,34,16,[5 5],35,91,107,56,78
1,<environment.Job instance at 0x7f861b9ac910>,8,12,[9 2],9,107,119,98,90
1,<environment.Job instance at 0x7f861b9a6550>,44,17,[3 7],45,119,136,74,107
1,<environment.Job instance at 0x7f8661a0c780>,31,14,[8 4],32,136,150,104,122
1,<environment.Job instance at 0x7f8661a0c410>,21,18,[9 3],22,150,168,128,139
1,<environment.Job instance at 0x7f8661a8b0a0>,54,14,[ 1 10],55,168,182,113,153
1,<environment.Job instance at 0x7f861b797550>,61,13,[5 5],62,182,195,120,167
1,<environment.Job instance at 0x7f861b797d20>,62,16,[8 5],63,195,211,132,182
1,<environment.Job instance at 0x7f861b797f50>,64,13,[7 1],65,211,224,146,197
1,<environment.Job instance at 0x7f861b797c30>,72,12,[7 5],73,224,236,151,207
1,<environment.Job instance at 0x7f861b7970f0>,77,15,[4 6],78,236,251,158,222
1,<environment.Job instance at 0x7f861b9b1690>,80,15,[6 2],81,236,251,155,222
1,<environment.Job instance at 0x7f861b9b10a0>,84,14,[9 4],85,251,265,166,238
1,<environment.Job instance at 0x7f861b7974b0>,68,17,[ 1 10],69,265,282,196,256
1,<environment.Job instance at 0x7f861b9b1f50>,91,17,[ 3 10],92,282,299,190,271
1,<environment.Job instance at 0x7f86618f4be0>,101,3,[5 6],102,299,302,197,274
1,<environment.Job instance at 0x7f86618f45f0>,104,3,[8 4],105,302,305,197,276
1,<environment.Job instance at 0x7f86618f4d70>,106,13,[ 4 10],107,305,318,198,289
1,<environment.Job instance at 0x7f86618f4cd0>,113,12,[2 9],114,318,330,204,315
1,<environment.Job instance at 0x7f86618f40f0>,114,3,[5 5],115,330,333,215,315
1,<environment.Job instance at 0x7f86616ab4b0>,117,16,[10  1],118,333,349,215,327
1,<environment.Job instance at 0x7f86616abf00>,119,3,[1 9],120,349,352,229,333
1,<environment.Job instance at 0x7f86616ab410>,120,16,[8 1],121,349,365,228,337
1,<environment.Job instance at 0x7f86616ab460>,123,2,[7 5],124,365,367,241,344
1,<environment.Job instance at 0x7f86616ab0f0>,124,1,[5 8],125,367,368,242,345
1,<environment.Job instance at 0x7f861b9ac460>,9,17,[10  5],10,368,385,358,359
1,<environment.Job instance at 0x7f86616ab1e0>,127,16,[1 9],128,385,401,257,372
1,<environment.Job instance at 0x7f8666933690>,139,14,[3 7],140,401,415,261,387
1,<environment.Job instance at 0x7f866211ee60>,140,2,[ 4 10],141,415,417,274,388
1,<environment.Job instance at 0x7f861bebc8c0>,144,2,[6 3],145,401,403,256,395
1,<environment.Job instance at 0x7f8661f0c2d0>,145,12,[8 2],146,417,429,271,400
1,<environment.Job instance at 0x7f866223fa50>,147,3,[2 8],148,417,420,269,400
1,<environment.Job instance at 0x7f8661b1d8c0>,2,3,[10  4],3,3,6,0,3
1,<environment.Job instance at 0x7f8661d39e10>,3,16,[6 3],4,6,22,2,4
1,<environment.Job instance at 0x7f861be4e140>,5,13,[5 5],6,22,35,16,6
1,<environment.Job instance at 0x7f861be3c6e0>,6,2,[7 1],7,35,37,28,8
1,<environment.Job instance at 0x7f861ba292d0>,11,12,[5 4],12,22,34,10,21
1,<environment.Job instance at 0x7f861ba29460>,12,1,[4 8],13,37,38,24,21
1,<environment.Job instance at 0x7f861ba29410>,13,3,[2 6],14,38,41,24,21
1,<environment.Job instance at 0x7f8661d2cf50>,7,2,[9 2],8,41,43,33,33
1,<environment.Job instance at 0x7f861be39140>,15,18,[5 5],16,43,61,27,38
1,<environment.Job instance at 0x7f861be70f00>,18,2,[7 4],19,61,63,42,47
1,<environment.Job instance at 0x7f861be70870>,17,18,[6 1],18,63,81,45,52
1,<environment.Job instance at 0x7f861ba043c0>,24,15,[4 7],25,63,78,38,55
1,<environment.Job instance at 0x7f86621aae10>,26,12,[5 2],27,81,93,54,64
1,<environment.Job instance at 0x7f861ba15960>,28,15,[6 4],29,93,108,64,79
1,<environment.Job instance at 0x7f8661e349b0>,29,1,[8 4],30,108,109,78,80
1,<environment.Job instance at 0x7f8662401c80>,33,3,[3 8],34,81,84,47,81
1,<environment.Job instance at 0x7f8662401be0>,35,16,[10  3],36,109,125,73,96
1,<environment.Job instance at 0x7f8662401910>,38,17,[5 7],39,125,142,86,113
1,<environment.Job instance at 0x7f8662401cd0>,40,14,[10  4],41,142,156,101,129
1,<environment.Job instance at 0x7f8662401b40>,44,15,[10  3],45,156,171,111,142
1,<environment.Job instance at 0x7f8661cd4fa0>,49,13,[10  1],50,171,184,121,155
1,<environment.Job instance at 0x7f8661cd40a0>,50,15,[1 5],51,184,199,133,170
1,<environment.Job instance at 0x7f8661c715a0>,54,14,[2 5],55,184,198,129,172
1,<environment.Job instance at 0x7f8661c82640>,55,17,[2 5],56,198,215,142,186
1,<environment.Job instance at 0x7f8661c825f0>,57,16,[7 2],58,199,215,141,187
1,<environment.Job instance at 0x7f8661c82e60>,58,18,[5 3],59,215,233,156,204
1,<environment.Job instance at 0x7f8661c81b90>,60,3,[5 4],61,215,218,154,204
1,<environment.Job instance at 0x7f7ddf2ae370>,1,3,[ 2 10],2,4,7,2,4
1,<environment.Job instance at 0x7f7dd7e9f500>,6,15,[2 8],7,9,24,2,9
1,<environment.Job instance at 0x7f7dd7e9f9b0>,11,3,[4 9],12,24,27,12,12
1,<environment.Job instance at 0x7f7dd7e9f320>,5,2,[1 6],6,27,29,21,12
1,<environment.Job instance at 0x7f7dd7e9fdc0>,17,12,[5 1],18,25,37,7,25
1,<environment.Job instance at 0x7f7dd7e9ff00>,20,3,[10  5],21,50,53,29,50
1,<environment.Job instance at 0x7f7dd7e9f4b0>,8,17,[1 8],9,53,70,44,50
1,<environment.Job instance at 0x7f7dd7ea21e0>,23,16,[6 2],24,53,69,29,52
1,<environment.Job instance at 0x7f7dd7ea2280>,24,2,[4 6],25,70,72,45,52
1,<environment.Job instance at 0x7f7dd7ea23c0>,25,2,[5 7],26,72,74,46,52
1,<environment.Job instance at 0x7f7dd7ea2190>,22,12,[3 8],23,74,86,51,57
1,<environment.Job instance at 0x7f7dd7ea2870>,27,17,[4 6],28,86,103,58,74
1,<environment.Job instance at 0x7f7dd7e9fa50>,13,18,[5 9],14,103,121,89,100
1,<environment.Job instance at 0x7f7dd7ea2e10>,36,2,[7 5],37,121,123,84,100
1,<environment.Job instance at 0x7f7dd7ea2f50>,38,2,[6 1],39,123,125,84,103
1,<environment.Job instance at 0x7f7dd7ea42d0>,43,12,[4 5],44,126,138,82,126
1,<environment.Job instance at 0x7f7dd7ea4370>,44,3,[5 1],45,126,129,81,126
1,<environment.Job instance at 0x7f7dd7ea4410>,45,15,[7 5],46,138,153,92,126
1,<environment.Job instance at 0x7f7dd7ea44b0>,46,2,[3 5],47,129,131,82,126
1,<environment.Job instance at 0x7f7dd7ea4550>,47,13,[ 3 10],48,153,166,105,137
1,<environment.Job instance at 0x7f7dd7ea4c80>,55,12,[2 6],56,166,178,110,155
1,<environment.Job instance at 0x7f7dd7ea4d70>,54,18,[7 1],55,166,184,111,157
1,<environment.Job instance at 0x7f7dd7ea4dc0>,56,3,[8 4],57,184,187,127,158
1,<environment.Job instance at 0x7f7dd7ea6190>,60,2,[2 6],61,178,180,117,164
1,<environment.Job instance at 0x7f7dd7ea4f00>,58,17,[3 7],59,187,204,128,175
1,<environment.Job instance at 0x7f7dd7ea65f0>,63,12,[5 3],64,187,199,123,175
1,<environment.Job instance at 0x7f7dd7ea67d0>,66,2,[7 2],67,199,201,132,175
1,<environment.Job instance at 0x7f7dd7ea6780>,68,14,[6 4],69,204,218,135,191
1,<environment.Job instance at 0x7f7dd7ea68c0>,70,1,[5 4],71,218,219,147,195
1,<environment.Job instance at 0x7f7dd7ea6a00>,72,18,[3 5],73,204,222,131,195
1,<environment.Job instance at 0x7f7dd7ea9230>,77,16,[8 1],78,222,238,144,209
1,<environment.Job instance at 0x7f7dd7ea92d0>,78,14,[6 1],79,238,252,159,223
1,<environment.Job instance at 0x7f7dd7ea9410>,80,1,[5 5],81,252,253,171,224
1,<environment.Job instance at 0x7f7dd7ea6550>,62,14,[4 9],63,238,252,175,231
1,<environment.Job instance at 0x7f7dd7ea97d0>,86,3,[6 3],87,253,256,166,238
1,<environment.Job instance at 0x7f7dd7ea9870>,87,18,[7 1],88,256,274,168,245
1,<environment.Job instance at 0x7f7dd7ea9730>,85,15,[1 7],86,253,268,167,246
1,<environment.Job instance at 0x7f7dd7ea9af0>,91,18,[5 4],92,274,292,182,263
1,<environment.Job instance at 0x7f7dd7ea9b90>,92,12,[5 5],93,274,286,181,264
1,<environment.Job instance at 0x7f7dd7ea9eb0>,97,2,[6 2],98,292,294,194,273
1,<environment.Job instance at 0x7f7dd7ea9f50>,98,1,[2 9],99,273,274,174,273
1,<environment.Job instance at 0x7f7dd7ea9fa0>,99,2,[7 5],100,294,296,194,273
1,<environment.Job instance at 0x7f7dd7ea9910>,88,16,[4 9],89,296,312,207,283
1,<environment.Job instance at 0x7f7dd7ead410>,101,15,[2 7],102,312,327,210,298
1,<environment.Job instance at 0x7f7dd7e96320>,107,18,[5 5],108,327,345,219,316
1,<environment.Job instance at 0x7f7dd7e96050>,108,3,[5 5],109,327,330,218,316
1,<environment.Job instance at 0x7f7dd7f143c0>,112,12,[1 6],113,345,357,232,331
1,<environment.Job instance at 0x7f7dd7fec5a0>,113,17,[5 1],114,331,348,217,331
1,<environment.Job instance at 0x7f7dd7e96af0>,114,1,[9 2],115,348,349,233,331
1,<environment.Job instance at 0x7f7dd7f75cd0>,115,2,[1 6],116,357,359,241,331
1,<environment.Job instance at 0x7f7dd7e92c30>,118,16,[5 2],119,349,365,230,343
1,<environment.Job instance at 0x7f7dd7ead640>,103,16,[1 9],104,365,381,261,352
1,<environment.Job instance at 0x7f7dd7fbeaa0>,129,13,[5 5],130,381,394,251,366
1,<environment.Job instance at 0x7f7dd7fbeeb0>,130,17,[9 5],131,394,411,263,382
1,<environment.Job instance at 0x7f7dd7f2b2d0>,135,15,[8 3],136,411,426,275,397
1,<environment.Job instance at 0x7f7dd7fce320>,140,2,[7 5],141,426,428,285,399
1,<environment.Job instance at 0x7f7dd7faf230>,143,1,[2 7],144,411,412,267,409
1,<environment.Job instance at 0x7f7dd7fafd20>,145,3,[9 2],146,428,431,282,423
1,<environment.Job instance at 0x7f7dd7f5b0a0>,146,13,[10  5],147,431,444,284,423
1,<environment.Job instance at 0x7f7dd7f5bfa0>,147,2,[3 8],148,444,446,296,423
1,<environment.Job instance at 0x7f7dd7f5b780>,150,12,[5 1],151,444,456,293,427
1,<environment.Job instance at 0x7f7dd7f5bbe0>,152,1,[9 2],153,456,457,303,436
1,<environment.Job instance at 0x7f7dd7f5baa0>,155,17,[10  4],156,457,474,301,445
1,<environment.Job instance at 0x7f7dd7f5be60>,158,2,[9 1],159,474,476,315,458
1,<environment.Job instance at 0x7f7dd7faecd0>,159,2,[ 4 10],160,476,478,316,458
1,<environment.Job instance at 0x7f7dd7fb14b0>,163,2,[9 4],164,478,480,314,464
1,<environment.Job instance at 0x7f7dd7fbf8c0>,164,14,[10  5],165,480,494,315,467
1,<environment.Job instance at 0x7f7dd7fbfaf0>,165,2,[5 6],166,494,496,328,467
1,<environment.Job instance at 0x7f7dd7eb6370>,2,3,[8 5],3,3,6,0,3
1,<environment.Job instance at 0x7f7dd7e46140>,8,2,[5 7],9,9,11,0,9
1,<environment.Job instance at 0x7f7dd7e460a0>,10,17,[3 5],11,13,30,2,13
1,<environment.Job instance at 0x7f7dd7eb6910>,11,18,[6 2],12,15,33,3,15
1,<environment.Job instance at 0x7f7dd7e464b0>,12,1,[8 3],13,33,34,20,15
1,<environment.Job instance at 0x7f7dd7e46690>,15,1,[9 3],16,34,35,18,17
1,<environment.Job instance at 0x7f7dd7eb6550>,6,3,[10  3],7,35,38,28,17
1,<environment.Job instance at 0x7f7dd7eadaa0>,1,13,[5 7],2,38,51,36,25
1,<environment.Job instance at 0x7f7dd7e46550>,21,3,[9 5],22,51,54,29,35
1,<environment.Job instance at 0x7f7dd7e46370>,17,13,[9 5],18,54,67,36,39
1,<environment.Job instance at 0x7f7dd7e46500>,27,2,[5 3],28,67,69,39,52
1,<environment.Job instance at 0x7f7dd7ebe4b0>,7,16,[8 4],8,73,89,65,73
1,<environment.Job instance at 0x7f7dd7e43aa0>,29,3,[10  4],30,89,92,59,75
1,<environment.Job instance at 0x7f7dd7e437d0>,32,3,[8 2],33,92,95,59,75
1,<environment.Job instance at 0x7f7dd7e43fa0>,34,3,[5 6],35,95,98,60,75
1,<environment.Job instance at 0x7f7dd7e43f50>,33,14,[5 9],34,98,112,64,83
1,<environment.Job instance at 0x7f7dd7e4a370>,39,15,[5 5],40,112,127,72,98
1,<environment.Job instance at 0x7f7dd7e4a3c0>,42,13,[2 5],43,113,126,70,113
1,<environment.Job instance at 0x7f7dd7e4a0a0>,44,16,[5 6],45,136,152,91,136
1,<environment.Job instance at 0x7f7d942a3550>,50,3,[4 8],51,152,155,101,139
1,<environment.Job instance at 0x7f7d94226500>,51,3,[5 3],52,140,143,88,140
1,<environment.Job instance at 0x7f7d942267d0>,52,15,[8 2],53,155,170,102,141
1,<environment.Job instance at 0x7f7dd7e4a140>,46,16,[1 8],47,155,171,108,146
1,<environment.Job instance at 0x7f7d942260a0>,56,2,[10  2],57,171,173,114,148
1,<environment.Job instance at 0x7f7d942265a0>,57,12,[4 8],58,173,185,115,156
1,<environment.Job instance at 0x7f7d942a31e0>,49,17,[8 5],50,185,202,135,173
1,<environment.Job instance at 0x7f7d94224320>,68,13,[2 7],69,202,215,133,187
1,<environment.Job instance at 0x7f7d94224960>,71,13,[8 1],72,202,215,130,196
1,<environment.Job instance at 0x7f7d94224f00>,72,12,[ 5 10],73,215,227,142,198
1,<environment.Job instance at 0x7f7d942250a0>,77,14,[10  3],78,227,241,149,213
1,<environment.Job instance at 0x7f7d942b7a00>,87,14,[10  5],88,241,255,153,226
1,<environment.Job instance at 0x7f7d942bcc80>,94,3,[5 4],95,255,258,160,239
1,<environment.Job instance at 0x7f7d944ddcd0>,95,18,[ 1 10],96,258,276,162,252
1,<environment.Job instance at 0x7f7d943915a0>,102,18,[3 8],103,276,294,173,265
1,<environment.Job instance at 0x7f7d943ddb90>,105,2,[5 8],106,294,296,188,275
1,<environment.Job instance at 0x7f7d944d7e60>,106,17,[8 4],107,296,313,189,284
1,<environment.Job instance at 0x7f7d944dc780>,110,15,[5 8],111,313,328,202,300
1,<environment.Job instance at 0x7f7d9411c910>,114,16,[7 5],115,328,344,213,315
1,<environment.Job instance at 0x7f7dd7e433c0>,1,1,[5 8],2,2,3,0,2
1,<environment.Job instance at 0x7f7d9416b7d0>,3,17,[7 1],4,4,21,0,4
1,<environment.Job instance at 0x7f7dd7eb3c80>,6,13,[2 5],7,11,24,4,11
1,<environment.Job instance at 0x7f7d940ec820>,2,17,[5 9],3,24,41,21,15
1,<environment.Job instance at 0x7f7d9410de10>,18,12,[6 4],19,41,53,22,24
1,<environment.Job instance at 0x7f7d9410d140>,24,14,[3 8],25,53,67,28,42
1,<environment.Job instance at 0x7f7d99cd6d70>,28,16,[5 2],29,53,69,24,44
1,<environment.Job instance at 0x7f7d9411e230>,31,18,[5 8],32,67,85,35,56
1,<environment.Job instance at 0x7f7dd7c90aa0>,32,14,[2 8],33,85,99,52,70
1,<environment.Job instance at 0x7f7d94178d70>,41,15,[5 7],42,99,114,57,86
1,<environment.Job instance at 0x7f7ddf2d5fa0>,48,2,[3 5],49,114,116,65,102
1,<environment.Job instance at 0x7f7d94178fa0>,40,16,[ 4 10],41,116,132,75,107
1,<environment.Job instance at 0x7f7ddf2d5780>,51,13,[1 7],52,132,145,80,119
1,<environment.Job instance at 0x7f7ddf2d5aa0>,56,16,[2 9],57,145,161,88,134
1,<environment.Job instance at 0x7f7ddf419730>,60,16,[8 5],61,161,177,100,148
1,<environment.Job instance at 0x7f7ddf4193c0>,64,17,[2 6],65,177,194,112,165
1,<environment.Job instance at 0x7f7dd83ba3c0>,67,16,[7 4],68,177,193,109,173
1,<environment.Job instance at 0x7f7ddf2ada00>,69,1,[8 5],70,194,195,124,179
1,<environment.Job instance at 0x7f7ddf2d5c80>,49,18,[10  4],50,195,213,145,184
1,<environment.Job instance at 0x7f7ddf420c80>,74,12,[8 1],75,213,225,138,196
1,<environment.Job instance at 0x7f7ddf427230>,82,16,[6 4],83,225,241,142,214
1,<environment.Job instance at 0x7f7dd7cc8910>,84,14,[3 6],85,225,239,140,214
1,<environment.Job instance at 0x7f7dd7c04230>,92,12,[7 5],93,286,298,193,286
1,<environment.Job instance at 0x7f7d94526b90>,3,2,[5 9],4,4,6,0,4
1,<environment.Job instance at 0x7f7d94528f50>,5,3,[4 6],6,6,9,0,6
1,<environment.Job instance at 0x7f7d9474acd0>,8,13,[9 1],9,10,23,1,10
1,<environment.Job instance at 0x7f7d9474a690>,10,3,[2 9],11,23,26,12,11
1,<environment.Job instance at 0x7f7d946e8550>,11,14,[9 2],12,26,40,14,12
1,<environment.Job instance at 0x7f7d947a28c0>,14,3,[ 5 10],15,40,43,25,15
1,<environment.Job instance at 0x7f7d947a2230>,15,1,[5 4],16,43,44,27,16
1,<environment.Job instance at 0x7f7d94785dc0>,22,17,[8 1],23,44,61,21,37
1,<environment.Job instance at 0x7f7d947a36e0>,19,18,[1 7],20,44,62,24,37
1,<environment.Job instance at 0x7f7d943862d0>,26,3,[6 3],27,61,64,34,37
1,<environment.Job instance at 0x7f7d94785f50>,25,18,[4 6],26,62,80,36,51
1,<environment.Job instance at 0x7f7ddec78410>,31,12,[1 6],32,80,92,48,65
1,<environment.Job instance at 0x7f7dd802d1e0>,34,2,[ 5 10],35,92,94,57,65
1,<environment.Job instance at 0x7f7ddee2eaa0>,33,3,[5 7],34,94,97,60,68
1,<environment.Job instance at 0x7f7dd7ffa2d0>,37,1,[ 4 10],38,97,98,59,73
1,<environment.Job instance at 0x7f7dd7f69500>,36,18,[9 3],37,98,116,61,87
1,<environment.Job instance at 0x7f7dd7fb0af0>,41,12,[2 6],42,116,128,74,100
1,<environment.Job instance at 0x7f7d94386690>,29,18,[3 8],30,128,146,98,117
1,<environment.Job instance at 0x7f7dd819bfa0>,52,12,[2 9],53,146,158,93,129
1,<environment.Job instance at 0x7f7dd802d050>,35,16,[4 7],36,158,174,122,146
1,<environment.Job instance at 0x7f7dd800e870>,58,13,[5 5],59,174,187,115,158
1,<environment.Job instance at 0x7f7d94604d20>,63,14,[6 5],64,187,201,123,172
1,<environment.Job instance at 0x7f7d946042d0>,65,1,[1 8],66,201,202,135,176
1,<environment.Job instance at 0x7f7d946044b0>,66,12,[10  1],67,202,214,135,185
1,<environment.Job instance at 0x7f7d941712d0>,74,1,[3 5],75,214,215,139,214
1,<environment.Job instance at 0x7f7d941715f0>,76,15,[10  2],77,215,230,138,214
1,<environment.Job instance at 0x7f7dde807a00>,44,16,[ 5 10],45,230,246,185,219
1,<environment.Job instance at 0x7f7d9474b8c0>,6,18,[ 5 10],7,246,264,239,235
1,<environment.Job instance at 0x7f7dd7e92280>,57,18,[10  5],58,264,282,206,255
1,<environment.Job instance at 0x7f7dd7e92280>,3,2,[9 2],4,5,7,1,5
1,<environment.Job instance at 0x7f7d94468f50>,4,18,[6 4],5,7,25,2,7
1,<environment.Job instance at 0x7f7d94484230>,6,12,[1 7],7,25,37,18,8
1,<environment.Job instance at 0x7f7ddf418500>,11,3,[8 3],12,25,28,13,12
1,<environment.Job instance at 0x7f7ddf418320>,16,3,[ 4 10],17,37,40,20,18
1,<environment.Job instance at 0x7f7d9463b500>,15,13,[6 4],16,40,53,24,26
1,<environment.Job instance at 0x7f7d944f8f50>,20,2,[2 7],21,53,55,32,26
1,<environment.Job instance at 0x7f7d944f8b90>,21,16,[8 4],22,55,71,33,44
1,<environment.Job instance at 0x7f7d944f85f0>,30,13,[5 8],31,71,84,40,55
1,<environment.Job instance at 0x7f7dd7f24870>,9,15,[ 2 10],10,84,99,74,70
1,<environment.Job instance at 0x7f7dd7fa0a00>,37,14,[1 9],38,99,113,61,85
1,<environment.Job instance at 0x7f7dd7fa0370>,39,2,[4 7],40,113,115,73,86
1,<environment.Job instance at 0x7f7dd7fa0320>,46,12,[4 8],47,115,127,68,104
1,<environment.Job instance at 0x7f7dd7fa0960>,47,17,[5 7],48,127,144,79,115
1,<environment.Job instance at 0x7f7dd830cd70>,50,3,[8 5],51,144,147,93,124
1,<environment.Job instance at 0x7f7dd830cb90>,52,3,[4 7],53,147,150,94,125
1,<environment.Job instance at 0x7f7dd830c780>,53,12,[9 3],54,150,162,96,133
1,<environment.Job instance at 0x7f7ddec36cd0>,54,12,[1 5],55,150,162,95,133
1,<environment.Job instance at 0x7f7dd830c1e0>,56,12,[6 4],57,162,174,105,145
1,<environment.Job instance at 0x7f7d94810fa0>,57,17,[2 6],58,162,179,104,150
1,<environment.Job instance at 0x7f7dd7fa0b90>,48,12,[7 5],49,179,191,130,163
1,<environment.Job instance at 0x7f7d947f3960>,68,14,[4 5],69,191,205,122,181
1,<environment.Job instance at 0x7f7d947f37d0>,69,14,[9 4],70,205,219,135,190
1,<environment.Job instance at 0x7f7dd7cea690>,71,18,[4 8],72,219,237,147,208
1,<environment.Job instance at 0x7f7d94811c30>,77,13,[4 7],78,237,250,159,221
1,<environment.Job instance at 0x7f7d94811230>,79,14,[4 7],80,250,264,170,235
1,<environment.Job instance at 0x7f7d94811f50>,81,17,[10  5],82,264,281,182,252
1,<environment.Job instance at 0x7f7d948110f0>,84,3,[9 2],85,281,284,196,269
1,<environment.Job instance at 0x7f7d947fe050>,85,3,[8 2],86,284,287,198,269
1,<environment.Job instance at 0x7f7d94803780>,62,12,[8 3],63,287,299,224,273
1,<environment.Job instance at 0x7f7d9480c730>,89,18,[5 2],90,299,317,209,288
1,<environment.Job instance at 0x7f7d9480ca50>,92,3,[5 7],93,299,302,206,290
1,<environment.Job instance at 0x7f7d9480c910>,93,3,[4 8],94,302,305,208,290
1,<environment.Job instance at 0x7f7d9480caf0>,94,12,[3 7],95,305,317,210,292
1,<environment.Job instance at 0x7f7d9480ccd0>,97,16,[2 7],98,317,333,219,306
1,<environment.Job instance at 0x7f7d94808be0>,100,18,[1 7],101,333,351,232,322
1,<environment.Job instance at 0x7f7d948081e0>,102,14,[8 5],103,351,365,248,337
1,<environment.Job instance at 0x7f7d94808eb0>,108,16,[8 4],109,365,381,256,356
1,<environment.Job instance at 0x7f7d94809cd0>,113,18,[ 2 10],114,387,405,273,387
1,<environment.Job instance at 0x7f7d94809050>,116,12,[5 9],117,405,417,288,388
1,<environment.Job instance at 0x7f7d947eccd0>,120,15,[3 8],121,432,447,311,432
1,<environment.Job instance at 0x7f7d947ec910>,121,12,[3 9],122,447,459,325,436
1,<environment.Job instance at 0x7f7d94808460>,1,2,[8 5],2,2,4,0,2
1,<environment.Job instance at 0x7f7dd7f986e0>,5,17,[6 3],6,6,23,0,6
1,<environment.Job instance at 0x7f7d94528690>,4,16,[2 7],5,10,26,5,10
1,<environment.Job instance at 0x7f7ddf418aa0>,6,14,[10  1],7,26,40,19,11
1,<environment.Job instance at 0x7f7dd82fd550>,13,3,[10  2],14,40,43,26,14
1,<environment.Job instance at 0x7f7dd82fd7d0>,16,13,[9 1],17,43,56,26,28
1,<environment.Job instance at 0x7f7d944ea0a0>,24,1,[ 1 10],25,56,57,31,35
1,<environment.Job instance at 0x7f7d944992d0>,28,3,[9 3],29,57,60,28,42
1,<environment.Job instance at 0x7f7d944995f0>,32,13,[ 3 10],33,60,73,27,44
1,<environment.Job instance at 0x7f7d94499d20>,29,13,[8 5],30,73,86,43,59
1,<environment.Job instance at 0x7f7d94499500>,34,17,[1 8],35,86,103,51,74
1,<environment.Job instance at 0x7f7d944eaf00>,22,13,[9 2],23,103,116,80,103
1,<environment.Job instance at 0x7f7dde788190>,47,13,[5 3],48,116,129,68,106
1,<environment.Job instance at 0x7f7dde7881e0>,49,13,[ 1 10],50,129,142,79,121
1,<environment.Job instance at 0x7f7dde7661e0>,53,15,[4 8],54,142,157,88,129
1,<environment.Job instance at 0x7f7dde898640>,56,18,[5 8],57,157,175,100,154
1,<environment.Job instance at 0x7f7dde898fa0>,58,13,[5 5],59,175,188,116,159
1,<environment.Job instance at 0x7f7dde898820>,60,14,[6 3],61,190,204,129,190
1,<environment.Job instance at 0x7f7dde898d20>,62,15,[3 9],63,204,219,141,193
1,<environment.Job instance at 0x7f7d94401e10>,71,15,[2 7],72,233,248,161,233
1,<environment.Job instance at 0x7f7d94401be0>,72,17,[3 5],73,248,265,175,236
1,<environment.Job instance at 0x7f7dd8030eb0>,74,1,[5 2],75,237,238,162,237
1,<environment.Job instance at 0x7f7dd8030d20>,76,17,[7 3],77,246,263,169,246
1,<environment.Job instance at 0x7f7dd7e52820>,78,13,[8 3],79,265,278,186,258
1,<environment.Job instance at 0x7f7dd7e52e60>,81,17,[9 4],82,278,295,196,266
1,<environment.Job instance at 0x7f7dd7f243c0>,4,12,[9 3],5,6,18,1,6
1,<environment.Job instance at 0x7f7ddf418fa0>,3,16,[7 2],4,18,34,14,9
1,<environment.Job instance at 0x7f7dd83454b0>,7,18,[2 6],8,18,36,10,10
1,<environment.Job instance at 0x7f7ddeb21820>,17,13,[5 1],18,34,47,16,18
1,<environment.Job instance at 0x7f7d94526a00>,2,14,[3 8],3,36,50,33,27
1,<environment.Job instance at 0x7f7ddea72cd0>,19,13,[5 8],20,50,63,30,35
1,<environment.Job instance at 0x7f7dde9cfaa0>,21,3,[10  5],22,63,66,41,37
1,<environment.Job instance at 0x7f7dde9cfb40>,24,15,[5 5],25,66,81,41,52
1,<environment.Job instance at 0x7f7dd7ee7500>,27,3,[3 6],28,81,84,53,55
1,<environment.Job instance at 0x7f7dd7ee7870>,30,13,[7 3],31,81,94,50,66
1,<environment.Job instance at 0x7f7dd7ee7780>,33,18,[6 4],34,94,112,60,83
1,<environment.Job instance at 0x7f7ddea72a50>,14,15,[10  1],15,112,127,97,98
1,<environment.Job instance at 0x7f7dd7ebe780>,37,12,[3 8],38,127,139,89,110
1,<environment.Job instance at 0x7f7ddeb21aa0>,15,18,[7 4],16,139,157,123,128
1,<environment.Job instance at 0x7f7dd7f66230>,46,13,[7 1],47,157,170,110,141
1,<environment.Job instance at 0x7f7d9460c320>,48,13,[2 9],49,157,170,108,143
1,<environment.Job instance at 0x7f7d9460c280>,50,13,[1 6],51,144,157,93,144
1,<environment.Job instance at 0x7f7dde7760f0>,58,12,[5 5],59,170,182,111,153
1,<environment.Job instance at 0x7f7dd8139eb0>,60,17,[7 1],61,182,199,121,173
1,<environment.Job instance at 0x7f7dde9cf690>,18,18,[ 2 10],19,203,221,184,203
1,<environment.Job instance at 0x7f7d945eb500>,72,13,[9 3],73,221,234,148,205
1,<environment.Job instance at 0x7f7ddea6f500>,2,15,[2 7],3,3,18,0,3
1,<environment.Job instance at 0x7f7ddea720a0>,4,1,[1 9],5,18,19,13,5
1,<environment.Job instance at 0x7f7ddeb5a2d0>,5,14,[5 1],6,6,20,0,6
1,<environment.Job instance at 0x7f7dd82c4410>,6,1,[2 5],7,19,20,12,7
1,<environment.Job instance at 0x7f7dd7d87e60>,7,1,[8 5],8,20,21,12,8
1,<environment.Job instance at 0x7f7ddecd5690>,8,16,[9 2],9,21,37,12,11
1,<environment.Job instance at 0x7f7d944ec0f0>,12,3,[7 5],13,37,40,24,17
1,<environment.Job instance at 0x7f7d944ec820>,16,2,[1 9],17,40,42,23,17
1,<environment.Job instance at 0x7f7d944f8d20>,0,14,[2 8],1,42,56,41,29
1,<environment.Job instance at 0x7f7d94599140>,19,3,[ 4 10],20,56,59,36,30
1,<environment.Job instance at 0x7f7d944ec460>,15,18,[6 2],16,59,77,43,48
1,<environment.Job instance at 0x7f7dd7e17460>,24,13,[4 6],25,59,72,34,49
1,<environment.Job instance at 0x7f7dd7e175a0>,27,3,[1 6],28,72,75,44,60
1,<environment.Job instance at 0x7f7dd7e17730>,22,18,[4 5],23,75,93,52,64
1,<environment.Job instance at 0x7f7dd7e17410>,31,2,[9 4],32,93,95,61,75
1,<environment.Job instance at 0x7f7dd7e17e10>,32,16,[3 5],33,77,93,44,76
1,<environment.Job instance at 0x7f7dd7e17690>,36,14,[6 1],37,95,109,58,80
1,<environment.Job instance at 0x7f7ddf2d2af0>,38,2,[3 9],39,95,97,56,83
1,<environment.Job instance at 0x7f7dd7e17190>,28,17,[10  4],29,109,126,80,97
1,<environment.Job instance at 0x7f7dd8098e10>,43,17,[10  3],44,126,143,82,114
1,<environment.Job instance at 0x7f7d94599fa0>,20,18,[8 5],21,143,161,122,132
1,<environment.Job instance at 0x7f7dd7c09af0>,49,15,[ 5 10],50,161,176,111,148
1,<environment.Job instance at 0x7f7dd7f38410>,51,17,[ 2 10],52,176,193,124,164
1,<environment.Job instance at 0x7f7ddecc2780>,60,17,[10  1],61,193,210,132,181
1,<environment.Job instance at 0x7f7ddecc27d0>,61,3,[9 4],62,210,213,148,184
1,<environment.Job instance at 0x7f7ddecc2a00>,64,16,[3 9],65,213,229,148,200
1,<environment.Job instance at 0x7f7ddecc2b90>,68,16,[3 5],69,229,245,160,216
1,<environment.Job instance at 0x7f7ddecc2e10>,72,18,[4 7],73,245,263,172,234
1,<environment.Job instance at 0x7f7ddecb05f0>,79,15,[5 5],80,263,278,183,249
1,<environment.Job instance at 0x7f7ddecb07d0>,84,3,[3 9],85,278,281,193,254
1,<environment.Job instance at 0x7f7ddecfd2d0>,55,16,[10  3],56,281,297,225,269
1,<environment.Job instance at 0x7f7ddecb0eb0>,94,17,[5 9],95,297,314,202,286
1,<environment.Job instance at 0x7f7d940b7190>,98,17,[4 9],99,314,331,215,304
1,<environment.Job instance at 0x7f7d940b7640>,101,17,[8 2],102,331,348,229,319
1,<environment.Job instance at 0x7f7d940b76e0>,105,16,[3 8],106,348,364,242,336
1,<environment.Job instance at 0x7f7d940b7780>,110,12,[2 9],111,364,376,253,347
1,<environment.Job instance at 0x7f7d940b7fa0>,114,13,[10  1],115,376,389,261,364
1,<environment.Job instance at 0x7f7d940b7e10>,115,13,[ 3 10],116,389,402,273,373
1,<environment.Job instance at 0x7f7d940a84b0>,123,18,[2 6],124,402,420,278,395
1,<environment.Job instance at 0x7f7d940a8550>,124,18,[8 2],125,402,420,277,396
1,<environment.Job instance at 0x7f7d940a85a0>,128,17,[3 5],129,420,437,291,408
1,<environment.Job instance at 0x7f7d940a8640>,130,14,[6 3],131,420,434,289,410
1,<environment.Job instance at 0x7f7d940a8af0>,131,15,[10  5],132,437,452,305,423
1,<environment.Job instance at 0x7f7d940d92d0>,143,18,[ 3 10],144,452,470,308,442
1,<environment.Job instance at 0x7f7ddecba280>,151,15,[9 5],152,470,485,318,456
1,<environment.Job instance at 0x7f7dde6aeb90>,157,15,[ 3 10],158,485,500,327,471
1,<environment.Job instance at 0x7f7d947b56e0>,162,16,[10  1],163,500,516,337,487
1,<environment.Job instance at 0x7f7d947a92d0>,164,12,[4 9],165,516,528,351,504
1,<environment.Job instance at 0x7f7d944ecf50>,1,18,[4 6],2,4,22,2,4
1,<environment.Job instance at 0x7f7dd8345be0>,6,13,[8 3],7,22,35,15,8
1,<environment.Job instance at 0x7f7dd7dfef50>,9,3,[5 6],10,35,38,25,11
1,<environment.Job instance at 0x7f7dd827c640>,13,12,[5 9],14,38,50,24,21
1,<environment.Job instance at 0x7f7dd8345820>,7,12,[ 3 10],8,50,62,42,33
1,<environment.Job instance at 0x7f7dd81a4410>,22,3,[5 8],23,62,65,39,49
1,<environment.Job instance at 0x7f7dded85fa0>,24,13,[10  5],25,65,78,40,52
1,<environment.Job instance at 0x7f7d945bd280>,23,18,[8 1],24,88,106,64,88
1,<environment.Job instance at 0x7f7dd7dda5f0>,28,1,[ 4 10],29,106,107,77,93
1,<environment.Job instance at 0x7f7dd7ddaeb0>,29,12,[7 1],30,107,119,77,97
1,<environment.Job instance at 0x7f7dd7dda5a0>,30,18,[5 7],31,119,137,88,110
1,<environment.Job instance at 0x7f7d94145d70>,33,14,[5 6],34,137,151,103,122
1,<environment.Job instance at 0x7f7dd82600f0>,36,18,[1 5],37,151,169,114,140
1,<environment.Job instance at 0x7f7d94841410>,40,2,[6 3],41,151,153,110,140
1,<environment.Job instance at 0x7f7ddeb955a0>,43,16,[ 3 10],44,169,185,125,159
1,<environment.Job instance at 0x7f7dd81e30a0>,4,3,[2 7],5,6,9,1,6
1,<environment.Job instance at 0x7f7dd7db8d20>,6,3,[2 7],7,9,12,2,7
1,<environment.Job instance at 0x7f7dd7db8b90>,7,2,[9 5],8,12,14,4,8
1,<environment.Job instance at 0x7f7d94504c80>,8,12,[9 4],9,14,26,5,10
1,<environment.Job instance at 0x7f7dd81e30f0>,5,16,[5 1],6,26,42,20,14
1,<environment.Job instance at 0x7f7ddea761e0>,13,17,[3 7],14,26,43,12,18
1,<environment.Job instance at 0x7f7dd825d640>,3,14,[9 2],4,43,57,39,29
1,<environment.Job instance at 0x7f7d945244b0>,2,14,[9 2],3,57,71,54,42
1,<environment.Job instance at 0x7f7dd7c8a6e0>,23,14,[ 4 10],24,71,85,47,57
1,<environment.Job instance at 0x7f7d9451d280>,33,17,[7 2],34,92,109,58,92
1,<environment.Job instance at 0x7f7dd7c8a500>,21,16,[9 2],22,109,125,87,102
1,<environment.Job instance at 0x7f7d94248050>,39,3,[6 3],40,125,128,85,108
1,<environment.Job instance at 0x7f7d942481e0>,40,12,[8 4],41,128,140,87,111
1,<environment.Job instance at 0x7f7d947f1d70>,42,2,[7 4],43,140,142,97,126
1,<environment.Job instance at 0x7f7ddec77870>,43,18,[8 3],44,142,160,98,132
1,<environment.Job instance at 0x7f7d942a3f50>,47,3,[3 6],48,160,163,112,147
1,<environment.Job instance at 0x7f7d942a3eb0>,48,2,[5 6],49,163,165,114,147
1,<environment.Job instance at 0x7f7dd802cb40>,51,2,[1 7],52,157,159,105,157
1,<environment.Job instance at 0x7f7dd802c640>,52,15,[4 5],53,165,180,112,157
1,<environment.Job instance at 0x7f7dd7c05a50>,55,18,[4 5],56,165,183,109,157
1,<environment.Job instance at 0x7f7dd7c05190>,58,14,[9 3],59,183,197,124,168
1,<environment.Job instance at 0x7f7dde843b90>,61,15,[3 7],62,197,212,135,186
1,<environment.Job instance at 0x7f7dde843140>,63,2,[4 9],64,212,214,148,186
1,<environment.Job instance at 0x7f7dd8321dc0>,68,2,[10  3],69,214,216,145,199
1,<environment.Job instance at 0x7f7dd8321320>,69,3,[4 7],70,216,219,146,200
1,<environment.Job instance at 0x7f7dde804e60>,70,1,[5 1],71,200,201,129,200
1,<environment.Job instance at 0x7f7dd7cbf820>,71,18,[5 5],72,219,237,147,208
1,<environment.Job instance at 0x7f7d94152f50>,74,18,[9 2],75,237,255,162,228
1,<environment.Job instance at 0x7f7d941528c0>,76,17,[3 5],77,255,272,178,243
1,<environment.Job instance at 0x7f7dde7a9cd0>,80,15,[10  5],81,272,287,191,263
1,<environment.Job instance at 0x7f7dde7a9eb0>,82,12,[4 6],83,287,299,204,270
1,<environment.Job instance at 0x7f7dd7e21c80>,85,12,[5 2],86,287,299,201,281
1,<environment.Job instance at 0x7f7d9457d7d0>,6,3,[ 4 10],7,7,10,0,7
1,<environment.Job instance at 0x7f7ddec82460>,10,12,[4 8],11,12,24,1,12
1,<environment.Job instance at 0x7f7d9452e460>,11,16,[6 2],12,12,28,0,12
1,<environment.Job instance at 0x7f7d9452e280>,14,1,[10  5],15,28,29,13,15
1,<environment.Job instance at 0x7f7dd8089870>,15,3,[4 7],16,24,27,8,16
1,<environment.Job instance at 0x7f7dd8089d70>,16,18,[3 6],17,29,47,12,18
1,<environment.Job instance at 0x7f7dd8089190>,20,2,[10  3],21,47,49,26,32
1,<environment.Job instance at 0x7f7dd8089f00>,21,3,[1 9],22,49,52,27,32
1,<environment.Job instance at 0x7f7dd8089230>,23,1,[9 2],24,52,53,28,38
1,<environment.Job instance at 0x7f7d94524f50>,8,17,[7 4],9,53,70,44,41
1,<environment.Job instance at 0x7f7dd80895a0>,26,3,[7 1],27,70,73,43,57
1,<environment.Job instance at 0x7f7dd8089fa0>,24,18,[2 9],25,70,88,45,59
1,<environment.Job instance at 0x7f7dd7e03b90>,31,1,[10  4],32,88,89,56,65
1,<environment.Job instance at 0x7f7ddec54730>,32,2,[6 2],33,89,91,56,65
1,<environment.Job instance at 0x7f7dd7e034b0>,29,15,[2 8],30,89,104,59,75
1,<environment.Job instance at 0x7f7ddec54690>,35,2,[9 4],36,104,106,68,78
1,<environment.Job instance at 0x7f7ddec541e0>,38,3,[4 5],39,106,109,67,80
1,<environment.Job instance at 0x7f7ddec54190>,37,14,[4 5],38,106,120,68,103
1,<environment.Job instance at 0x7f7ddec54dc0>,46,15,[7 3],47,120,135,73,109
1,<environment.Job instance at 0x7f7ddeb25820>,48,13,[2 8],49,135,148,86,120
1,<environment.Job instance at 0x7f7ddeb25780>,47,15,[5 4],48,148,163,100,134
1,<environment.Job instance at 0x7f7ddeb25b40>,53,13,[5 1],54,135,148,81,134
1,<environment.Job instance at 0x7f7ddeb25be0>,54,12,[1 9],55,163,175,108,149
1,<environment.Job instance at 0x7f7ddeb25cd0>,59,17,[1 9],60,175,192,115,163
1,<environment.Job instance at 0x7f7ddeb080f0>,61,14,[8 1],62,164,178,102,164
1,<environment.Job instance at 0x7f7ddeb08320>,64,18,[6 4],65,192,210,127,181
1,<environment.Job instance at 0x7f7ddeb08690>,68,2,[10  1],69,210,212,141,194
1,<environment.Job instance at 0x7f7ddeb08870>,71,2,[7 1],72,219,221,147,219
1,<environment.Job instance at 0x7f7ddeb08910>,72,1,[4 6],73,221,222,148,219
1,<environment.Job instance at 0x7f7ddeb25a00>,51,16,[ 2 10],52,222,238,170,219
1,<environment.Job instance at 0x7f7ddeb08b90>,76,3,[7 5],77,238,241,161,220
1,<environment.Job instance at 0x7f7ddeb08410>,77,1,[5 9],78,241,242,163,220
1,<environment.Job instance at 0x7f7ddeb08f50>,78,16,[8 2],79,242,258,163,229
1,<environment.Job instance at 0x7f7ddeb08e10>,82,2,[6 2],83,258,260,175,242
1,<environment.Job instance at 0x7f7ddeb31050>,83,2,[ 5 10],84,260,262,176,242
1,<environment.Job instance at 0x7f7ddeb31190>,84,13,[3 6],85,262,275,177,247
1,<environment.Job instance at 0x7f7ddeb31460>,87,13,[ 2 10],88,275,288,187,260
1,<environment.Job instance at 0x7f7ddeb31780>,92,1,[10  4],93,288,289,195,267
1,<environment.Job instance at 0x7f7ddeb31960>,95,17,[2 7],96,289,306,193,277
1,<environment.Job instance at 0x7f7ddeb31a00>,96,17,[5 2],97,289,306,192,278
1,<environment.Job instance at 0x7f7ddeb31be0>,99,1,[ 4 10],100,306,307,206,284
1,<environment.Job instance at 0x7f7ddeb089b0>,73,18,[10  5],74,307,325,233,303
1,<environment.Job instance at 0x7f7ddeb312d0>,104,3,[5 2],105,325,328,220,303
1,<environment.Job instance at 0x7f7ddeb26140>,105,3,[ 1 10],106,328,331,222,304
1,<environment.Job instance at 0x7f7ddeb26410>,108,1,[2 8],109,325,326,216,316
1,<environment.Job instance at 0x7f7ddeb26500>,109,2,[ 5 10],110,331,333,221,316
1,<environment.Job instance at 0x7f7ddeb264b0>,110,2,[ 3 10],111,333,335,222,316
1,<environment.Job instance at 0x7f7ddeb26370>,111,16,[5 4],112,335,351,223,322
1,<environment.Job instance at 0x7f7ddeb260f0>,107,15,[6 1],108,351,366,243,338
1,<environment.Job instance at 0x7f7ddeb267d0>,113,14,[3 7],114,351,365,237,338
1,<environment.Job instance at 0x7f7ddeb26460>,120,2,[3 7],121,365,367,244,343
1,<environment.Job instance at 0x7f7ddeb31640>,90,18,[7 3],91,366,384,275,355
1,<environment.Job instance at 0x7f7ddeb26c80>,123,18,[5 5],124,384,402,260,373
1,<environment.Job instance at 0x7f7ddeb26be0>,125,13,[4 8],126,402,415,276,388
1,<environment.Job instance at 0x7f7ddeb00410>,129,13,[4 7],130,415,428,285,399
1,<environment.Job instance at 0x7f7ddeb000f0>,132,15,[5 5],133,428,443,295,414
1,<environment.Job instance at 0x7f7ddeb00730>,135,14,[5 8],136,443,457,307,428
1,<environment.Job instance at 0x7f7ddeb00910>,136,14,[5 5],137,428,442,291,428
1,<environment.Job instance at 0x7f7ddeb00870>,138,16,[7 5],139,457,473,318,444
1,<environment.Job instance at 0x7f7ddeb00be0>,142,3,[3 5],143,457,460,314,455
1,<environment.Job instance at 0x7f7ddeb00d20>,144,3,[9 1],145,473,476,328,455
1,<environment.Job instance at 0x7f7d94153280>,150,3,[1 7],151,473,476,322,465
1,<environment.Job instance at 0x7f7ddeb11730>,151,14,[10  5],152,476,490,324,465
1,<environment.Job instance at 0x7f7ddeb11780>,152,2,[10  3],153,490,492,337,465
1,<environment.Job instance at 0x7f7ddecd1d20>,155,15,[7 2],156,492,507,336,478
1,<environment.Job instance at 0x7f7dde86d140>,3,2,[ 1 10],4,21,23,17,21
1,<environment.Job instance at 0x7f7dded85370>,7,17,[1 5],8,23,40,15,21
1,<environment.Job instance at 0x7f7dde86d730>,4,3,[5 4],5,23,26,18,21
1,<environment.Job instance at 0x7f7dd81f6aa0>,10,16,[5 2],11,26,42,15,21
1,<environment.Job instance at 0x7f7dde9eb5f0>,5,2,[4 7],6,40,42,34,23
1,<environment.Job instance at 0x7f7dd81f6960>,14,3,[5 4],15,42,45,27,23
1,<environment.Job instance at 0x7f7dd81f6c30>,16,2,[3 7],17,45,47,28,26
1,<environment.Job instance at 0x7f7dd81f61e0>,17,3,[10  3],18,47,50,29,26
1,<environment.Job instance at 0x7f7dd81f6820>,20,2,[3 7],21,50,52,29,27
1,<environment.Job instance at 0x7f7dd81f6500>,21,12,[9 4],22,52,64,30,36
1,<environment.Job instance at 0x7f7ddee266e0>,27,2,[10  3],28,64,66,36,50
1,<environment.Job instance at 0x7f7ddee265f0>,28,3,[ 4 10],29,66,69,37,51
1,<environment.Job instance at 0x7f7ddef824b0>,31,2,[ 5 10],32,69,71,37,65
1,<environment.Job instance at 0x7f7ddf414c80>,34,3,[3 8],35,71,74,36,67
1,<environment.Job instance at 0x7f7d94050690>,41,13,[6 3],42,87,100,45,87
1,<environment.Job instance at 0x7f7ddf414eb0>,35,16,[5 5],36,100,116,64,87
1,<environment.Job instance at 0x7f7ddef82050>,32,12,[ 4 10],33,116,128,83,101
1,<environment.Job instance at 0x7f7ddebd6410>,48,16,[6 3],49,128,144,79,115
1,<environment.Job instance at 0x7f7ddebd6640>,51,3,[5 8],52,144,147,92,129
1,<environment.Job instance at 0x7f7ddebd6f50>,52,2,[6 1],53,147,149,94,129
1,<environment.Job instance at 0x7f7ddebd6690>,53,14,[8 3],54,149,163,95,134
1,<environment.Job instance at 0x7f7ddebd6500>,55,17,[9 4],56,163,180,107,152
1,<environment.Job instance at 0x7f7ddebd6e60>,58,14,[10  3],59,180,194,121,166
1,<environment.Job instance at 0x7f7dd80b9320>,61,12,[3 5],62,194,206,132,177
1,<environment.Job instance at 0x7f7ddebd66e0>,54,13,[10  2],55,206,219,151,193
1,<environment.Job instance at 0x7f7dde819870>,62,18,[3 6],63,219,237,156,208
1,<environment.Job instance at 0x7f7dde8895a0>,72,17,[5 3],73,221,238,148,221
1,<environment.Job instance at 0x7f7dde8897d0>,68,18,[2 8],69,238,256,169,227
1,<environment.Job instance at 0x7f7dde6d48c0>,75,14,[1 5],76,256,270,180,241
1,<environment.Job instance at 0x7f7dde6d4280>,76,16,[7 4],77,256,272,179,243
1,<environment.Job instance at 0x7f7dde6d4aa0>,80,16,[7 5],81,272,288,191,259
1,<environment.Job instance at 0x7f7dde8ae460>,88,14,[3 7],89,288,302,199,273
1,<environment.Job instance at 0x7f7dde8aea00>,92,14,[1 7],93,302,316,209,289
1,<environment.Job instance at 0x7f7dde8ae780>,93,16,[10  5],94,316,332,222,315
1,<environment.Job instance at 0x7f7dd82d0370>,103,13,[10  4],104,332,345,228,319
1,<environment.Job instance at 0x7f7ddeb08b40>,2,3,[10  3],3,4,7,1,4
1,<environment.Job instance at 0x7f7ddeb08fa0>,3,17,[9 1],4,7,24,3,7
1,<environment.Job instance at 0x7f7d946755a0>,4,13,[10  1],5,24,37,19,10
1,<environment.Job instance at 0x7f7dd818b1e0>,10,1,[5 1],11,37,38,26,11
1,<environment.Job instance at 0x7f7d93fafb40>,13,17,[8 4],14,38,55,24,26
1,<environment.Job instance at 0x7f7d94725af0>,18,2,[10  5],19,55,57,36,31
1,<environment.Job instance at 0x7f7d947258c0>,19,17,[7 1],20,57,74,37,45
1,<environment.Job instance at 0x7f7ddf416cd0>,22,12,[2 6],23,57,69,34,50
1,<environment.Job instance at 0x7f7d9417b640>,23,15,[3 8],24,69,84,45,58
1,<environment.Job instance at 0x7f7ddecba690>,26,12,[10  1],27,84,96,57,68
1,<environment.Job instance at 0x7f7ddecba3c0>,33,1,[2 7],34,96,97,62,81
1,<environment.Job instance at 0x7f7ddecbab90>,34,15,[4 9],35,97,112,62,85
1,<environment.Job instance at 0x7f7ddecba910>,35,1,[3 9],36,112,113,76,87
1,<environment.Job instance at 0x7f7d94024e10>,36,14,[5 9],37,113,127,76,98
1,<environment.Job instance at 0x7f7d94024230>,44,13,[8 2],45,127,140,82,112
1,<environment.Job instance at 0x7f7d940243c0>,46,12,[7 2],47,140,152,93,124
1,<environment.Job instance at 0x7f7d94809eb0>,50,1,[7 1],51,152,153,101,128
1,<environment.Job instance at 0x7f7d94809190>,51,16,[5 9],52,153,169,101,141
1,<environment.Job instance at 0x7f7d948095a0>,53,14,[2 7],54,169,183,115,154
1,<environment.Job instance at 0x7f7ddecba9b0>,29,16,[10  3],30,183,199,153,172
1,<environment.Job instance at 0x7f7d94727e60>,60,14,[2 6],61,199,213,138,184
1,<environment.Job instance at 0x7f7d94809910>,56,17,[10  4],57,213,230,156,201
1,<environment.Job instance at 0x7f7ddeb2c3c0>,67,3,[6 4],68,201,204,133,201
1,<environment.Job instance at 0x7f7ddeb2c780>,69,2,[2 5],70,230,232,160,203
1,<environment.Job instance at 0x7f7ddeb2c140>,66,15,[4 7],67,232,247,165,218
1,<environment.Job instance at 0x7f7d940ae2d0>,76,13,[4 6],77,247,260,170,231
1,<environment.Job instance at 0x7f7d9442b3c0>,81,12,[ 5 10],82,260,272,178,244
1,<environment.Job instance at 0x7f7d9407c140>,86,16,[1 9],87,272,288,185,260
1,<environment.Job instance at 0x7f7d9407cc80>,93,12,[5 5],94,288,300,194,273
1,<environment.Job instance at 0x7f7d9408f0f0>,95,13,[10  4],96,300,313,204,286
1,<environment.Job instance at 0x7f7d9408f910>,99,13,[8 2],100,313,326,213,298
1,<environment.Job instance at 0x7f7d9408f460>,104,15,[9 3],105,326,341,221,314
1,<environment.Job instance at 0x7f7d9408f410>,107,3,[9 2],108,341,344,233,325
1,<environment.Job instance at 0x7f7d9408f370>,108,3,[9 1],109,344,347,235,325
1,<environment.Job instance at 0x7f7d940ae0a0>,72,18,[10  1],73,347,365,274,336
1,<environment.Job instance at 0x7f7d940dd7d0>,3,3,[2 7],4,6,9,2,6
1,<environment.Job instance at 0x7f7d9407c370>,4,3,[2 8],5,9,12,4,8
1,<environment.Job instance at 0x7f7dd7e26230>,8,1,[2 7],9,12,13,3,9
1,<environment.Job instance at 0x7f7dd7f668c0>,11,1,[6 4],12,13,14,1,12
1,<environment.Job instance at 0x7f7ddea65410>,12,14,[6 3],13,14,28,1,13
1,<environment.Job instance at 0x7f7dd7f665a0>,14,12,[8 5],15,28,40,13,15
1,<environment.Job instance at 0x7f7d947f15a0>,18,2,[8 3],19,40,42,21,21
1,<environment.Job instance at 0x7f7dd7eadb90>,21,1,[10  2],22,42,43,20,22
1,<environment.Job instance at 0x7f7ddec67780>,25,3,[7 1],26,43,46,17,26
1,<environment.Job instance at 0x7f7ddf1d7870>,26,2,[2 9],27,43,45,16,29
1,<environment.Job instance at 0x7f7ddee26190>,30,3,[4 7],31,46,49,15,31
1,<environment.Job instance at 0x7f7ddee26af0>,31,3,[5 8],32,49,52,17,32
1,<environment.Job instance at 0x7f7ddee26dc0>,28,12,[9 4],29,52,64,23,36
1,<environment.Job instance at 0x7f7dde722960>,35,3,[7 2],36,64,67,28,38
1,<environment.Job instance at 0x7f7ddee26280>,34,15,[2 8],35,64,79,29,51
1,<environment.Job instance at 0x7f7dd800da00>,9,15,[8 4],10,79,94,69,66
1,<environment.Job instance at 0x7f7d9435be60>,43,12,[5 7],44,94,106,50,77
1,<environment.Job instance at 0x7f7d94156cd0>,45,14,[7 2],46,106,120,60,91
1,<environment.Job instance at 0x7f7d94156f00>,47,16,[2 5],48,106,122,58,93
1,<environment.Job instance at 0x7f7d941564b0>,48,15,[5 5],49,120,135,71,106
1,<environment.Job instance at 0x7f7d9435bfa0>,42,13,[3 8],43,135,148,92,119
1,<environment.Job instance at 0x7f7d9432f460>,58,1,[5 7],59,148,149,89,120
1,<environment.Job instance at 0x7f7d9432a7d0>,60,16,[10  1],61,149,165,88,136
1,<environment.Job instance at 0x7f7dde94b640>,63,13,[5 5],64,165,178,101,149
1,<environment.Job instance at 0x7f7dd8315280>,70,13,[4 5],71,165,178,94,163
1,<environment.Job instance at 0x7f7dd83156e0>,71,15,[5 5],72,178,193,106,164
1,<environment.Job instance at 0x7f7dd7d86f00>,73,14,[5 2],74,178,192,104,165
1,<environment.Job instance at 0x7f7dde9520f0>,74,17,[7 2],75,193,210,118,181
1,<environment.Job instance at 0x7f7d93fedc80>,81,12,[ 5 10],82,210,222,128,207
1,<environment.Job instance at 0x7f7d93fed960>,82,15,[9 5],83,222,237,139,208
1,<environment.Job instance at 0x7f7d946e7a00>,90,13,[4 7],91,237,250,146,222
1,<environment.Job instance at 0x7f7d946e7c80>,95,3,[ 1 10],96,250,253,154,226
1,<environment.Job instance at 0x7f7d946e7a50>,96,2,[6 4],97,253,255,156,226
1,<environment.Job instance at 0x7f7d946e7dc0>,98,3,[2 6],99,253,256,154,234
1,<environment.Job instance at 0x7f7d946e7370>,99,1,[5 4],100,255,256,155,234
1,<environment.Job instance at 0x7f7dd7dba910>,100,13,[1 5],101,256,269,155,240
1,<environment.Job instance at 0x7f7dd7dba780>,101,3,[3 5],102,256,259,154,240
1,<environment.Job instance at 0x7f7d946e8410>,104,3,[5 7],105,269,272,164,243
1,<environment.Job instance at 0x7f7d93f73500>,3,12,[6 4],4,8,20,4,8
1,<environment.Job instance at 0x7f7d9408fb40>,8,14,[5 4],9,20,34,11,9
1,<environment.Job instance at 0x7f7d93f23c80>,11,15,[4 5],12,14,29,2,14
1,<environment.Job instance at 0x7f7d941303c0>,0,12,[8 1],1,34,46,33,22
1,<environment.Job instance at 0x7f7dd8053a00>,16,3,[5 6],17,29,32,12,28
1,<environment.Job instance at 0x7f7d93e6e190>,17,18,[2 7],18,34,52,16,28
1,<environment.Job instance at 0x7f7dd7e86fa0>,20,13,[10  5],21,52,65,31,37
1,<environment.Job instance at 0x7f7dd7c23e10>,27,13,[8 1],28,65,78,37,51
1,<environment.Job instance at 0x7f7dd7c23d20>,28,2,[7 1],29,78,80,49,51
1,<environment.Job instance at 0x7f7dd7c906e0>,31,3,[8 3],32,80,83,48,71
1,<environment.Job instance at 0x7f7dde9d1910>,32,17,[5 3],33,83,100,50,71
1,<environment.Job instance at 0x7f7ddea9a550>,35,3,[1 5],36,71,74,35,71
1,<environment.Job instance at 0x7f7ddea9a320>,36,3,[1 9],37,74,77,37,71
1,<environment.Job instance at 0x7f7ddea9a190>,37,2,[5 2],38,83,85,45,71
1,<environment.Job instance at 0x7f7dd7e5ba50>,39,12,[5 1],40,85,97,45,73
1,<environment.Job instance at 0x7f7d93f71190>,41,2,[5 4],42,97,99,55,79
1,<environment.Job instance at 0x7f7d93f71c30>,42,12,[2 7],43,99,111,56,82
1,<environment.Job instance at 0x7f7d93e69730>,46,17,[5 7],47,111,128,64,99
1,<environment.Job instance at 0x7f7dd8053190>,14,18,[ 3 10],15,128,146,113,118
1,<environment.Job instance at 0x7f7dd7df7b40>,54,3,[5 5],55,146,149,91,128
1,<environment.Job instance at 0x7f7dd7df7870>,55,12,[5 5],56,146,158,90,129
1,<environment.Job instance at 0x7f7dd7df7230>,56,12,[8 5],57,158,170,101,141
1,<environment.Job instance at 0x7f7dd7df7050>,58,3,[ 5 10],59,170,173,111,144
1,<environment.Job instance at 0x7f7d94607cd0>,61,3,[2 5],62,153,156,91,153
1,<environment.Job instance at 0x7f7d94329dc0>,62,14,[8 4],63,173,187,110,158
1,<environment.Job instance at 0x7f7d9473d7d0>,67,3,[10  2],68,187,190,119,169
1,<environment.Job instance at 0x7f7dd7e54960>,59,15,[10  1],60,190,205,130,178
1,<environment.Job instance at 0x7f7d947482d0>,69,3,[2 8],70,205,208,135,179
1,<environment.Job instance at 0x7f7ddeb02aa0>,72,14,[6 4],73,208,222,135,193
1,<environment.Job instance at 0x7f7d93f85730>,77,2,[3 6],78,208,210,130,204
1,<environment.Job instance at 0x7f7d93f859b0>,78,12,[4 6],79,210,222,131,206
1,<environment.Job instance at 0x7f7d93f85820>,79,14,[7 4],80,222,236,142,209
1,<environment.Job instance at 0x7f7dde8ae320>,74,17,[9 3],75,236,253,161,224
1,<environment.Job instance at 0x7f7d93f85e10>,83,14,[1 7],84,236,250,152,236
1,<environment.Job instance at 0x7f7d93f85370>,82,17,[6 5],83,253,270,170,242
1,<environment.Job instance at 0x7f7d93f85aa0>,85,12,[10  5],86,270,282,184,253
1,<environment.Job instance at 0x7f7d93f85140>,87,17,[4 5],88,253,270,165,253
1,<environment.Job instance at 0x7f7d93f853c0>,88,2,[4 7],89,282,284,193,255
1,<environment.Job instance at 0x7f7dd800dc30>,91,1,[4 5],92,284,285,192,258
1,<environment.Job instance at 0x7f7dd800d1e0>,92,2,[1 8],93,285,287,192,258
1,<environment.Job instance at 0x7f7dd7c2be10>,94,13,[9 2],95,285,298,190,269
1,<environment.Job instance at 0x7f7dd8029aa0>,97,17,[3 8],98,298,315,200,286
1,<environment.Job instance at 0x7f7d93e69910>,2,2,[10  1],3,3,5,0,3
1,<environment.Job instance at 0x7f7d93f730f0>,4,3,[9 2],5,5,8,0,5
1,<environment.Job instance at 0x7f7dd7d08190>,8,3,[5 1],9,10,13,1,10
1,<environment.Job instance at 0x7f7dd7d08140>,9,14,[8 2],10,15,29,5,15
1,<environment.Job instance at 0x7f7dd7cea460>,3,18,[2 7],4,15,33,11,15
1,<environment.Job instance at 0x7f7dd7d08f00>,15,15,[6 2],16,29,44,13,16
1,<environment.Job instance at 0x7f7dd7d08e10>,17,13,[3 5],18,33,46,15,20
1,<environment.Job instance at 0x7f7dd7d089b0>,21,13,[1 5],22,44,57,22,35
1,<environment.Job instance at 0x7f7dd7d08be0>,19,2,[10  2],20,57,59,37,35
1,<environment.Job instance at 0x7f7d9425d1e0>,24,2,[8 1],25,46,48,21,37
1,<environment.Job instance at 0x7f7d9425df50>,20,15,[ 4 10],21,59,74,38,45
1,<environment.Job instance at 0x7f7dde857230>,30,3,[3 5],31,74,77,43,61
1,<environment.Job instance at 0x7f7dde857370>,34,12,[10  4],35,77,89,42,62
1,<environment.Job instance at 0x7f7d93e38780>,38,3,[8 4],39,89,92,50,65
1,<environment.Job instance at 0x7f7d93e38640>,42,3,[10  2],43,92,95,49,76
1,<environment.Job instance at 0x7f7d93e38410>,43,12,[9 4],44,95,107,51,78
1,<environment.Job instance at 0x7f7ddeac92d0>,47,3,[5 9],48,107,110,59,81
1,<environment.Job instance at 0x7f7ddeac90a0>,48,3,[7 1],49,110,113,61,85
1,<environment.Job instance at 0x7f7ddeac9fa0>,51,3,[6 4],52,113,116,61,90
1,<environment.Job instance at 0x7f7dde857cd0>,36,15,[8 4],37,116,131,79,102
1,<environment.Job instance at 0x7f7ddeac9d70>,58,2,[1 8],59,110,112,51,110
1,<environment.Job instance at 0x7f7ddeac9050>,59,2,[2 7],60,131,133,71,111
1,<environment.Job instance at 0x7f7ddeac9190>,60,15,[3 9],61,133,148,72,119
1,<environment.Job instance at 0x7f7ddeac9870>,62,3,[1 9],63,148,151,85,133
1,<environment.Job instance at 0x7f7d93e39c30>,65,2,[8 5],66,151,153,85,135
1,<environment.Job instance at 0x7f7d93e39a00>,66,13,[9 4],67,153,166,86,138
1,<environment.Job instance at 0x7f7ddeac9be0>,61,17,[5 8],62,166,183,104,154
1,<environment.Job instance at 0x7f7d93e39320>,74,16,[2 9],75,183,199,108,170
1,<environment.Job instance at 0x7f7d93e39230>,76,13,[4 7],77,199,212,122,184
1,<environment.Job instance at 0x7f7d93ef1230>,80,15,[9 1],81,212,227,131,198
1,<environment.Job instance at 0x7f7d93ef1050>,82,3,[1 6],83,212,215,129,208
1,<environment.Job instance at 0x7f7d93ef1a00>,84,16,[2 6],85,227,243,142,214
1,<environment.Job instance at 0x7f7d93ef1d20>,86,17,[7 1],87,227,244,140,224
1,<environment.Job instance at 0x7f7d93e39e60>,71,14,[ 5 10],72,244,258,172,229
1,<environment.Job instance at 0x7f7d93f06fa0>,95,17,[6 3],96,258,275,162,246
1,<environment.Job instance at 0x7f7d93ef1780>,92,15,[1 7],93,258,273,165,247
1,<environment.Job instance at 0x7f7d93f06410>,101,2,[8 5],102,275,277,173,259
1,<environment.Job instance at 0x7f7d93f068c0>,102,16,[8 2],103,277,293,174,264
1,<environment.Job instance at 0x7f7d93f06aa0>,103,1,[ 4 10],104,293,294,189,265
1,<environment.Job instance at 0x7f7d93f06d20>,107,13,[4 9],108,294,307,186,278
1,<environment.Job instance at 0x7f7d93f06910>,112,3,[4 9],113,307,310,194,281
1,<environment.Job instance at 0x7f7d93f060a0>,105,12,[4 8],106,310,322,204,293
1,<environment.Job instance at 0x7f7d93f38c30>,119,14,[ 5 10],120,322,336,202,307
1,<environment.Job instance at 0x7f7d93f38f50>,120,18,[5 7],121,336,354,215,325
1,<environment.Job instance at 0x7f7d93f611e0>,126,1,[3 9],127,354,355,227,336
1,<environment.Job instance at 0x7f7d93f61280>,127,16,[6 3],128,355,371,227,342
1,<environment.Job instance at 0x7f7d93f615a0>,131,16,[7 1],132,371,387,239,358
1,<environment.Job instance at 0x7f7d93f613c0>,124,16,[9 5],125,387,403,262,375
1,<environment.Job instance at 0x7f7d93fc0f50>,140,12,[4 7],141,403,415,262,386
1,<environment.Job instance at 0x7f7dd7c23aa0>,146,3,[7 5],147,415,418,268,411
1,<environment.Job instance at 0x7f7ddebf1fa0>,151,2,[4 7],152,425,427,273,425
1,<environment.Job instance at 0x7f7d94130460>,152,17,[5 5],153,427,444,274,425
1,<environment.Job instance at 0x7f7d93e30dc0>,153,12,[1 5],154,427,439,273,425
1,<environment.Job instance at 0x7f7d93e30730>,155,13,[1 9],156,444,457,288,432
1,<environment.Job instance at 0x7f7d93e30b90>,156,17,[7 1],157,444,461,287,432
1,<environment.Job instance at 0x7f7d93e30690>,157,16,[6 1],158,461,477,303,448
1,<environment.Job instance at 0x7f7ddf2fc5f0>,163,17,[2 7],164,457,474,293,450
1,<environment.Job instance at 0x7f7d94410c80>,159,16,[9 2],160,477,493,317,465
1,<environment.Job instance at 0x7f7dd7cea320>,168,14,[3 5],169,493,507,324,478
1,<environment.Job instance at 0x7f7d94102af0>,4,14,[7 5],5,6,20,1,6
1,<environment.Job instance at 0x7f7dd7da3e10>,8,20,[6 2],9,20,40,11,12
1,<environment.Job instance at 0x7f7ddeaae190>,11,2,[2 9],12,40,42,28,16
1,<environment.Job instance at 0x7f7dde692780>,14,2,[9 2],15,42,44,27,17
1,<environment.Job instance at 0x7f7d93efc140>,16,3,[5 1],17,44,47,27,20
1,<environment.Job instance at 0x7f7d93efc870>,18,3,[ 4 10],19,47,50,28,30
1,<environment.Job instance at 0x7f7d9417b8c0>,20,3,[ 1 10],21,50,53,29,35
1,<environment.Job instance at 0x7f7d9417bf50>,21,12,[8 3],22,53,65,31,36
1,<environment.Job instance at 0x7f7dd7facdc0>,24,17,[5 1],25,65,82,40,53
1,<environment.Job instance at 0x7f7d93fba8c0>,30,15,[4 6],31,72,87,41,72
1,<environment.Job instance at 0x7f7d93fba640>,33,16,[8 1],34,87,103,53,75
1,<environment.Job instance at 0x7f7d93fba280>,35,2,[6 3],36,82,84,46,76
1,<environment.Job instance at 0x7f7d9448e1e0>,37,15,[5 3],38,103,118,65,89
1,<environment.Job instance at 0x7f7d93f04be0>,42,13,[4 8],43,118,131,75,102
1,<environment.Job instance at 0x7f7d93f049b0>,44,13,[5 5],45,131,144,86,117
1,<environment.Job instance at 0x7f7dd83790f0>,50,13,[10  5],51,144,157,93,131
1,<environment.Job instance at 0x7f7dd8379050>,49,12,[10  1],50,157,169,107,141
1,<environment.Job instance at 0x7f7d93f812d0>,29,16,[7 1],30,169,185,139,156
1,<environment.Job instance at 0x7f7d946e1eb0>,56,15,[3 6],57,169,184,112,158
1,<environment.Job instance at 0x7f7d946e1050>,59,15,[1 8],60,184,199,124,171
1,<environment.Job instance at 0x7f7d946e0690>,62,15,[9 3],63,199,214,136,185
1,<environment.Job instance at 0x7f7d946e0f50>,63,14,[1 6],64,199,213,135,185
1,<environment.Job instance at 0x7f7d946e05f0>,66,15,[9 5],67,214,229,147,202
1,<environment.Job instance at 0x7f7d946e1910>,54,18,[2 9],55,229,247,174,218
1,<environment.Job instance at 0x7f7d946c8aa0>,72,14,[5 4],73,247,261,174,236
1,<environment.Job instance at 0x7f7d946e1cd0>,58,18,[1 6],59,247,265,188,237
1,<environment.Job instance at 0x7f7d946debe0>,76,3,[5 3],77,261,264,184,240
1,<environment.Job instance at 0x7f7d946b3dc0>,78,3,[9 1],79,264,267,185,245
1,<environment.Job instance at 0x7f7d946ac190>,74,18,[8 4],75,267,285,192,256
1,<environment.Job instance at 0x7f7d946b60f0>,85,13,[10  4],86,285,298,199,270
1,<environment.Job instance at 0x7f7dd81f1e60>,90,14,[8 4],91,298,312,207,284
1,<environment.Job instance at 0x7f7dd81d77d0>,95,3,[8 1],96,312,315,216,295
1,<environment.Job instance at 0x7f7dd81d6190>,98,3,[8 1],99,315,318,216,303
1,<environment.Job instance at 0x7f7dd81d6320>,99,14,[ 4 10],100,318,332,218,303
1,<environment.Job instance at 0x7f7dd81d6410>,101,16,[5 5],102,332,348,230,321
1,<environment.Job instance at 0x7f7dd81d6870>,106,16,[ 3 10],107,348,364,241,335
1,<environment.Job instance at 0x7f7d946e1b90>,55,17,[5 9],56,364,381,308,352
1,<environment.Job instance at 0x7f7d947f6d20>,117,15,[3 7],118,381,396,263,367
1,<environment.Job instance at 0x7f7dde952690>,118,12,[7 1],119,381,393,262,367
1,<environment.Job instance at 0x7f7d9481b820>,122,16,[8 3],123,396,412,273,391
1,<environment.Job instance at 0x7f7d9481bd20>,124,16,[8 1],125,412,428,287,400
1,<environment.Job instance at 0x7f7d9481bcd0>,126,17,[5 4],127,428,445,301,416
1,<environment.Job instance at 0x7f7d94811a00>,128,15,[1 7],129,445,460,316,432
1,<environment.Job instance at 0x7f7d948112d0>,135,13,[1 9],136,460,473,324,445
1,<environment.Job instance at 0x7f7dd8208730>,112,18,[10  1],113,473,491,360,462
1,<environment.Job instance at 0x7f7d946e0870>,67,17,[10  1],68,491,508,423,484
1,<environment.Job instance at 0x7f7d948146e0>,147,18,[9 5],148,508,526,360,498
1,<environment.Job instance at 0x7f7d94814140>,151,14,[5 2],152,526,540,374,514
1,<environment.Job instance at 0x7f7d94814960>,154,17,[9 4],155,540,557,385,528
1,<environment.Job instance at 0x7f7d9481c3c0>,158,2,[9 2],159,557,559,398,537
1,<environment.Job instance at 0x7f7d9481c7d0>,159,16,[3 8],160,559,575,399,547
1,<environment.Job instance at 0x7f7d947f0820>,164,2,[ 3 10],165,575,577,410,574
1,<environment.Job instance at 0x7f7d947f0050>,165,1,[9 1],166,577,578,411,574
1,<environment.Job instance at 0x7f7d947f0c80>,166,16,[7 3],167,578,594,411,574
1,<environment.Job instance at 0x7f7d947f0d70>,167,3,[10  4],168,594,597,426,574
1,<environment.Job instance at 0x7f7d947f0d20>,2,1,[ 5 10],3,3,4,0,3
1,<environment.Job instance at 0x7f7d944fe780>,3,1,[2 9],4,5,6,1,5
1,<environment.Job instance at 0x7f7d944fe320>,0,3,[9 5],1,7,10,6,7
1,<environment.Job instance at 0x7f7d93e398c0>,9,2,[10  4],10,10,12,0,10
1,<environment.Job instance at 0x7f7d93ef15f0>,10,1,[5 1],11,12,13,1,11
1,<environment.Job instance at 0x7f7d9427e9b0>,6,18,[7 1],7,17,35,10,17
1,<environment.Job instance at 0x7f7d93e99780>,18,14,[7 2],19,35,49,16,21
1,<environment.Job instance at 0x7f7dde9f3460>,21,14,[8 4],22,49,63,27,34
1,<environment.Job instance at 0x7f7dd7c239b0>,28,1,[6 1],29,63,64,34,40
1,<environment.Job instance at 0x7f7ddf1cca00>,27,17,[6 2],28,64,81,36,52
1,<environment.Job instance at 0x7f7dde7d84b0>,31,1,[1 5],32,52,53,20,52
1,<environment.Job instance at 0x7f7dde7d88c0>,32,3,[ 4 10],33,81,84,48,56
1,<environment.Job instance at 0x7f7dde7d8910>,34,17,[3 7],35,63,80,28,56
1,<environment.Job instance at 0x7f7ddea9a910>,38,2,[ 4 10],39,84,86,45,64
1,<environment.Job instance at 0x7f7d93f234b0>,39,15,[9 4],40,86,101,46,73
1,<environment.Job instance at 0x7f7d9400be60>,44,14,[ 1 10],45,101,115,56,87
1,<environment.Job instance at 0x7f7d9400b5f0>,47,18,[1 6],48,115,133,67,104
1,<environment.Job instance at 0x7f7d945997d0>,49,15,[6 3],50,115,130,65,104
1,<environment.Job instance at 0x7f7d9447a550>,51,13,[5 5],52,133,146,81,117
1,<environment.Job instance at 0x7f7dd7f50c80>,54,13,[7 1],55,146,159,91,130
1,<environment.Job instance at 0x7f7dde7d2c80>,56,13,[5 4],57,132,145,75,132
1,<environment.Job instance at 0x7f7ddeb5a4b0>,59,3,[4 5],60,159,162,99,143
1,<environment.Job instance at 0x7f7ddeb5ab90>,60,12,[2 7],61,146,158,85,143
1,<environment.Job instance at 0x7f7ddeb5a140>,62,12,[7 5],63,162,174,99,145
1,<environment.Job instance at 0x7f7d940f4b90>,16,13,[ 1 10],17,174,187,157,158
1,<environment.Job instance at 0x7f7ddf4f9410>,71,15,[8 2],72,187,202,115,174
1,<environment.Job instance at 0x7f7ddeb5ac30>,58,17,[ 1 10],59,202,219,143,194
1,<environment.Job instance at 0x7f7d93e2ec80>,79,15,[6 1],80,219,234,139,205
1,<environment.Job instance at 0x7f7d93e2e4b0>,80,13,[1 6],81,219,232,138,205
1,<environment.Job instance at 0x7f7d946415f0>,81,17,[ 3 10],82,234,251,152,222
1,<environment.Job instance at 0x7f7dd7c26a00>,96,13,[ 4 10],97,251,264,154,243
1,<environment.Job instance at 0x7f7ddebe6e60>,99,3,[3 9],100,264,267,164,248
1,<environment.Job instance at 0x7f7ddebe6460>,103,12,[2 9],104,268,280,164,268
1,<environment.Job instance at 0x7f7ddebe6af0>,104,3,[5 5],105,280,283,175,268
1,<environment.Job instance at 0x7f7ddebe6d20>,106,17,[3 7],107,283,300,176,278
1,<environment.Job instance at 0x7f7ddebe6500>,108,15,[10  2],109,300,315,191,287
1,<environment.Job instance at 0x7f7ddebe6550>,113,2,[7 5],114,315,317,201,296
1,<environment.Job instance at 0x7f7ddebe6b90>,114,1,[5 8],115,317,318,202,296
1,<environment.Job instance at 0x7f7ddebe63c0>,98,16,[10  1],99,340,356,241,340
1,<environment.Job instance at 0x7f7dd7ea42d0>,117,16,[1 9],118,356,372,238,346
1,<environment.Job instance at 0x7f7dd7ea4d70>,119,18,[4 8],120,382,400,262,382
1,<environment.Job instance at 0x7f7dd7ea45a0>,126,1,[ 5 10],127,400,401,273,384
1,<environment.Job instance at 0x7f7dd7ea44b0>,129,14,[3 7],130,401,415,271,387
1,<environment.Job instance at 0x7f7dd7ea4190>,131,1,[ 3 10],132,415,416,283,387
1,<environment.Job instance at 0x7f7d93fc3d70>,133,15,[ 2 10],134,416,431,282,402
1,<environment.Job instance at 0x7f7d93fc3fa0>,136,2,[2 6],137,431,433,294,404
1,<environment.Job instance at 0x7f7d94810640>,5,16,[7 4],6,7,23,1,7
1,<environment.Job instance at 0x7f7dde92a780>,7,13,[7 2],8,23,36,15,8
1,<environment.Job instance at 0x7f7dde92a5f0>,12,2,[ 1 10],13,36,38,23,13
1,<environment.Job instance at 0x7f7dde92a500>,13,3,[3 8],14,23,26,9,14
1,<environment.Job instance at 0x7f7dde92a5a0>,14,16,[6 1],15,38,54,23,25
1,<environment.Job instance at 0x7f7dde92a910>,10,17,[1 6],11,38,55,27,26
1,<environment.Job instance at 0x7f7dd81c9b90>,6,12,[5 2],7,54,66,47,37
1,<environment.Job instance at 0x7f7dde92a6e0>,18,17,[5 7],19,55,72,36,43
1,<environment.Job instance at 0x7f7d940b2cd0>,21,2,[8 5],22,72,74,50,45
1,<environment.Job instance at 0x7f7d940b20a0>,24,15,[10  3],25,74,89,49,60
1,<environment.Job instance at 0x7f7d940b2dc0>,28,15,[10  5],29,89,104,60,75
1,<environment.Job instance at 0x7f7d93e616e0>,34,14,[2 5],35,104,118,69,89
1,<environment.Job instance at 0x7f7d93e611e0>,35,17,[2 5],36,104,121,68,92
1,<environment.Job instance at 0x7f7d93e613c0>,37,16,[7 2],38,118,134,80,105
1,<environment.Job instance at 0x7f7d93e61cd0>,36,15,[8 3],37,134,149,97,121
1,<environment.Job instance at 0x7f7d93e61640>,40,3,[5 4],41,149,152,108,123
1,<environment.Job instance at 0x7f7ddf413fa0>,42,2,[5 1],43,149,151,106,124
1,<environment.Job instance at 0x7f7ddf413a50>,44,17,[1 9],45,152,169,107,140
1,<environment.Job instance at 0x7f7d9482dcd0>,46,2,[7 3],47,169,171,122,153
1,<environment.Job instance at 0x7f7d9482d960>,48,14,[10  4],49,171,185,122,160
1,<environment.Job instance at 0x7f7d9482dbe0>,52,16,[8 4],53,185,201,132,173
1,<environment.Job instance at 0x7f7d9482d3c0>,58,2,[3 9],59,201,203,142,178
1,<environment.Job instance at 0x7f7d9482dc80>,59,3,[5 5],60,203,206,143,178
1,<environment.Job instance at 0x7f7d9482d500>,61,16,[2 6],62,185,201,123,179
1,<environment.Job instance at 0x7f7d940e0190>,63,18,[8 4],64,206,224,142,198
1,<environment.Job instance at 0x7f7d940e0aa0>,67,12,[5 5],68,224,236,156,207
1,<environment.Job instance at 0x7f7d940e0780>,69,18,[6 3],70,236,254,166,226
1,<environment.Job instance at 0x7f7d940e0460>,71,18,[5 6],72,254,272,182,243
1,<environment.Job instance at 0x7f7d93f0f870>,76,2,[5 7],77,272,274,195,245
1,<environment.Job instance at 0x7f7d93f0f550>,78,14,[8 5],79,274,288,195,259
1,<environment.Job instance at 0x7f7d93f0fcd0>,79,16,[3 8],80,288,304,208,275
1,<environment.Job instance at 0x7f7dde93c280>,83,16,[ 4 10],84,304,320,220,296
1,<environment.Job instance at 0x7f7d9427e4b0>,3,17,[5 5],4,7,24,3,7
1,<environment.Job instance at 0x7f7d93fb2690>,8,2,[9 4],9,24,26,15,9
1,<environment.Job instance at 0x7f7dd82877d0>,4,13,[3 8],5,26,39,21,10
1,<environment.Job instance at 0x7f7d93fb24b0>,15,15,[1 7],16,39,54,23,27
1,<environment.Job instance at 0x7f7ddee0d640>,19,3,[6 4],20,54,57,34,28
1,<environment.Job instance at 0x7f7ddee0dc80>,23,18,[6 2],24,36,54,12,36
1,<environment.Job instance at 0x7f7ddee0db90>,25,3,[1 7],26,57,60,31,36
1,<environment.Job instance at 0x7f7ddee0d140>,26,2,[5 7],27,60,62,33,36
1,<environment.Job instance at 0x7f7ddee0df00>,17,18,[9 5],18,62,80,44,51
1,<environment.Job instance at 0x7f7ddee10050>,30,1,[ 5 10],31,80,81,49,55
1,<environment.Job instance at 0x7f7ddee10140>,32,16,[1 6],33,81,97,48,68
1,<environment.Job instance at 0x7f7ddee10410>,33,15,[5 3],34,81,96,47,68
1,<environment.Job instance at 0x7f7ddee105f0>,36,14,[6 2],37,96,110,59,81
1,<environment.Job instance at 0x7f7ddee105a0>,37,3,[5 5],38,110,113,72,84
1,<environment.Job instance at 0x7f7ddee10e10>,40,15,[8 2],41,113,128,72,100
1,<environment.Job instance at 0x7f7ddee108c0>,38,17,[1 7],39,113,130,74,101
1,<environment.Job instance at 0x7f7dd82c9640>,49,3,[5 5],50,110,113,60,101
1,<environment.Job instance at 0x7f7dd82c95f0>,48,3,[10  5],49,130,133,81,104
1,<environment.Job instance at 0x7f7dd82cbb40>,57,3,[10  3],58,133,136,75,113
1,<environment.Job instance at 0x7f7dd82cb3c0>,58,12,[7 4],59,136,148,77,119
1,<environment.Job instance at 0x7f7dd82cb370>,60,14,[4 9],61,148,162,87,133
1,<environment.Job instance at 0x7f7dd82cb500>,63,18,[6 3],64,162,180,98,151
1,<environment.Job instance at 0x7f7dd82cb7d0>,64,3,[5 6],65,180,183,115,154
1,<environment.Job instance at 0x7f7dd82cb820>,66,2,[6 5],67,183,185,116,161
1,<environment.Job instance at 0x7f7dd82cb870>,67,3,[7 3],68,185,188,117,161
1,<environment.Job instance at 0x7f7dd82cb910>,68,14,[5 1],69,188,202,119,173
1,<environment.Job instance at 0x7f7dd8290d70>,69,3,[6 3],70,202,205,132,176
1,<environment.Job instance at 0x7f7dd8290f00>,71,13,[3 7],72,185,198,113,176
1,<environment.Job instance at 0x7f7dd8290be0>,74,2,[6 5],75,205,207,130,181
1,<environment.Job instance at 0x7f7dd8290eb0>,77,16,[10  2],78,207,223,129,194
1,<environment.Job instance at 0x7f7dd82af5f0>,79,13,[6 3],80,223,236,143,207
1,<environment.Job instance at 0x7f7dd82cbbe0>,55,12,[10  3],56,236,248,180,222
1,<environment.Job instance at 0x7f7dd82af6e0>,86,17,[7 5],87,248,265,161,236
1,<environment.Job instance at 0x7f7dd82af870>,89,16,[1 7],90,265,281,175,252
1,<environment.Job instance at 0x7f7dd82a1e10>,91,2,[3 5],92,252,254,160,252
1,<environment.Job instance at 0x7f7dd82a1af0>,98,15,[8 3],99,265,280,166,260
1,<environment.Job instance at 0x7f7dd82a19b0>,101,3,[7 2],102,280,283,178,260
1,<environment.Job instance at 0x7f7dd82c45f0>,102,2,[5 5],103,283,285,180,260
1,<environment.Job instance at 0x7f7dd82a1b90>,103,16,[8 3],104,285,301,181,272
1,<environment.Job instance at 0x7f7dd82c4aa0>,106,3,[9 5],107,301,304,194,278
1,<environment.Job instance at 0x7f7dd82c4550>,108,2,[ 5 10],109,304,306,195,278
1,<environment.Job instance at 0x7f7dd82c4e60>,104,12,[ 2 10],105,306,318,201,292
1,<environment.Job instance at 0x7f7dd82c4870>,112,12,[9 4],113,318,330,205,305
1,<environment.Job instance at 0x7f7dd82c4fa0>,114,15,[9 3],115,330,345,215,316
1,<environment.Job instance at 0x7f7dd82c42d0>,118,14,[5 4],119,345,359,226,330
1,<environment.Job instance at 0x7f7dd82a8be0>,119,13,[1 5],120,330,343,210,330
1,<environment.Job instance at 0x7f7dd82a83c0>,123,15,[ 4 10],124,359,374,235,349
1,<environment.Job instance at 0x7f7dd82a8230>,124,3,[1 8],125,374,377,249,349
1,<environment.Job instance at 0x7f7dd82a8820>,128,15,[6 3],129,377,392,248,363
1,<environment.Job instance at 0x7f7dd82a8320>,131,15,[8 3],132,392,407,260,378
1,<environment.Job instance at 0x7f7dd82b7370>,134,1,[5 5],135,407,408,272,379
1,<environment.Job instance at 0x7f7dd82b7280>,137,17,[9 5],138,408,425,270,396
1,<environment.Job instance at 0x7f7d93fb29b0>,144,12,[8 3],145,425,437,280,409
1,<environment.Job instance at 0x7f7dd8290b90>,76,17,[10  4],77,437,454,360,435
1,<environment.Job instance at 0x7f7d942de1e0>,148,17,[4 8],149,454,471,305,445
1,<environment.Job instance at 0x7f7ddf2adb90>,151,13,[ 5 10],152,471,484,319,455
1,<environment.Job instance at 0x7fc59b6dc370>,1,3,[ 2 10],2,4,7,2,4
1,<environment.Job instance at 0x7fc59b6dc190>,0,17,[6 1],1,8,25,7,8
1,<environment.Job instance at 0x7fc5982cd9b0>,11,3,[4 9],12,12,15,0,12
1,<environment.Job instance at 0x7fc5982cda50>,13,18,[5 9],14,25,43,11,20
1,<environment.Job instance at 0x7fc5982cdd70>,17,12,[5 1],18,25,37,7,25
1,<environment.Job instance at 0x7fc5982cd6e0>,8,17,[1 8],9,50,67,41,50
1,<environment.Job instance at 0x7fc5982cdc30>,15,3,[2 8],16,67,70,51,50
1,<environment.Job instance at 0x7fc5982cdf00>,20,3,[10  5],21,70,73,49,50
1,<environment.Job instance at 0x7fc5982d03c0>,25,2,[5 7],26,73,75,47,56
1,<environment.Job instance at 0x7fc5982d07d0>,26,12,[8 5],27,75,87,48,59
1,<environment.Job instance at 0x7fc5982d09b0>,29,2,[4 7],30,87,89,57,60
1,<environment.Job instance at 0x7fc5982cd370>,7,14,[7 5],8,89,103,81,76
1,<environment.Job instance at 0x7fc5982d0e10>,36,2,[7 5],37,103,105,66,99
1,<environment.Job instance at 0x7fc5982d0d70>,35,16,[1 9],36,105,121,69,99
1,<environment.Job instance at 0x7fc5982d06e0>,41,1,[7 1],42,124,125,82,124
1,<environment.Job instance at 0x7fc5982d2370>,44,3,[5 1],45,125,128,80,124
1,<environment.Job instance at 0x7fc5982d0f00>,39,14,[9 4],40,128,142,88,124
1,<environment.Job instance at 0x7fc5982d23c0>,48,12,[9 2],49,142,154,93,125
1,<environment.Job instance at 0x7fc5982d2410>,45,15,[7 5],46,154,169,108,140
1,<environment.Job instance at 0x7fc5982d2f00>,55,12,[2 6],56,169,181,113,152
1,<environment.Job instance at 0x7fc5982cdcd0>,16,18,[7 3],17,169,187,152,158
1,<environment.Job instance at 0x7fc5982d4500>,60,2,[2 6],61,181,183,120,161
1,<environment.Job instance at 0x7fc5982d4690>,62,14,[4 9],63,187,201,124,172
1,<environment.Job instance at 0x7fc5982d4a50>,68,14,[6 4],69,201,215,132,187
1,<environment.Job instance at 0x7fc5982d4d70>,72,18,[3 5],73,201,219,128,192
1,<environment.Job instance at 0x7fc5982d4320>,76,13,[10  1],77,219,232,142,203
1,<environment.Job instance at 0x7fc5982d7140>,78,14,[6 1],79,232,246,153,217
1,<environment.Job instance at 0x7fc5982d7320>,80,1,[5 5],81,217,218,136,217
1,<environment.Job instance at 0x7fc5982d49b0>,67,16,[1 9],68,232,248,164,223
1,<environment.Job instance at 0x7fc5982d7230>,85,15,[1 7],86,248,263,162,234
1,<environment.Job instance at 0x7fc5982d7870>,86,3,[6 3],87,248,251,161,234
1,<environment.Job instance at 0x7fc5982d70a0>,87,18,[7 1],88,251,269,163,240
1,<environment.Job instance at 0x7fc5982d7b90>,91,18,[5 4],92,269,287,177,258
1,<environment.Job instance at 0x7fc5982d7eb0>,96,18,[2 6],97,263,281,166,259
1,<environment.Job instance at 0x7fc5982d9500>,100,2,[5 9],101,287,289,186,260
1,<environment.Job instance at 0x7fc5982d9690>,102,13,[9 4],103,289,302,186,273
1,<environment.Job instance at 0x7fc5982d9730>,103,16,[1 9],104,302,318,198,289
1,<environment.Job instance at 0x7fc5982d9cd0>,112,12,[1 6],113,318,330,205,302
1,<environment.Job instance at 0x7fc5982d9d70>,113,17,[5 1],114,302,319,188,302
1,<environment.Job instance at 0x7fc5982d9e10>,114,1,[9 2],115,319,320,204,302
1,<environment.Job instance at 0x7fc5982d9eb0>,115,2,[1 6],116,330,332,214,303
1,<environment.Job instance at 0x7fc59b706870>,116,12,[8 4],117,320,332,203,303
1,<environment.Job instance at 0x7fc5982d25a0>,49,17,[10  2],50,332,349,282,325
1,<environment.Job instance at 0x7fc5982c4320>,121,3,[1 6],122,349,352,227,325
1,<environment.Job instance at 0x7fc5983a05f0>,124,1,[6 1],125,349,350,224,340
1,<environment.Job instance at 0x7fc59845d6e0>,125,2,[7 4],126,350,352,224,340
1,<environment.Job instance at 0x7fc59831ec30>,126,2,[1 6],127,352,354,225,340
1,<environment.Job instance at 0x7fc598478e10>,127,14,[7 2],128,352,366,224,342
1,<environment.Job instance at 0x7fc5982c4140>,128,1,[7 1],129,366,367,237,342
1,<environment.Job instance at 0x7fc5982c0c30>,129,13,[5 5],130,367,380,237,352
1,<environment.Job instance at 0x7fc5982c0320>,130,17,[9 5],131,380,397,249,368
1,<environment.Job instance at 0x7fc5983ff050>,141,14,[ 3 10],142,397,411,255,382
1,<environment.Job instance at 0x7fc5985026e0>,132,18,[10  4],133,411,429,278,400
1,<environment.Job instance at 0x7fc598480e10>,145,3,[9 2],146,429,432,283,403
1,<environment.Job instance at 0x7fc598386280>,147,2,[3 8],148,432,434,284,405
1,<environment.Job instance at 0x7fc59847f960>,148,3,[4 8],149,434,437,285,408
1,<environment.Job instance at 0x7fc5983fc230>,152,1,[9 2],153,437,438,284,424
1,<environment.Job instance at 0x7fc59843cd20>,154,1,[8 3],155,438,439,283,429
1,<environment.Job instance at 0x7fc598367140>,155,17,[10  4],156,439,456,283,429
1,<environment.Job instance at 0x7fc5983d7550>,158,2,[9 1],159,456,458,297,430
1,<environment.Job instance at 0x7fc598389820>,161,12,[5 4],162,458,470,296,447
1,<environment.Job instance at 0x7fc598389b40>,163,2,[9 4],164,470,472,306,447
1,<environment.Job instance at 0x7fc5983895a0>,165,2,[5 6],166,458,460,292,447
1,<environment.Job instance at 0x7fc5982e59b0>,2,1,[8 3],3,3,4,0,3
1,<environment.Job instance at 0x7fc598272af0>,11,3,[9 5],12,13,16,1,13
1,<environment.Job instance at 0x7fc598272fa0>,9,1,[5 3],10,16,17,6,13
1,<environment.Job instance at 0x7fc598272cd0>,10,17,[9 5],11,17,34,6,13
1,<environment.Job instance at 0x7fc598277550>,13,12,[1 9],14,34,46,20,17
1,<environment.Job instance at 0x7fc598277460>,16,3,[7 5],17,46,49,29,20
1,<environment.Job instance at 0x7fc598277820>,17,2,[5 3],18,49,51,31,22
1,<environment.Job instance at 0x7fc598277910>,19,3,[10  4],20,56,59,36,56
1,<environment.Job instance at 0x7fc598277e10>,23,14,[5 9],24,59,73,35,56
1,<environment.Job instance at 0x7fc598277b90>,24,3,[5 6],25,73,76,48,63
1,<environment.Job instance at 0x7fc598277aa0>,26,16,[6 5],27,76,92,49,63
1,<environment.Job instance at 0x7fc598277f50>,27,2,[10  3],28,92,94,64,73
1,<environment.Job instance at 0x7fc598277960>,29,15,[5 5],30,94,109,64,86
1,<environment.Job instance at 0x7fc5982730f0>,33,1,[4 8],34,109,110,75,87
1,<environment.Job instance at 0x7fc598273730>,31,17,[3 6],32,110,127,78,98
1,<environment.Job instance at 0x7fc598273820>,34,16,[5 6],35,127,143,92,114
1,<environment.Job instance at 0x7fc5982738c0>,41,3,[5 3],42,117,120,75,117
1,<environment.Job instance at 0x7fc5982e5c30>,6,17,[9 1],7,143,160,136,131
1,<environment.Job instance at 0x7fc598273e60>,47,12,[4 8],48,160,172,112,143
1,<environment.Job instance at 0x7fc598273500>,42,15,[8 2],43,172,187,129,158
1,<environment.Job instance at 0x7fc5506d14b0>,58,13,[2 7],59,172,185,113,161
1,<environment.Job instance at 0x7fc5506c8690>,61,13,[8 1],62,187,200,125,171
1,<environment.Job instance at 0x7fc5506c85f0>,62,12,[ 5 10],63,200,212,137,183
1,<environment.Job instance at 0x7fc550655410>,67,14,[10  3],68,212,226,144,197
1,<environment.Job instance at 0x7fc550655820>,71,16,[5 8],72,226,242,154,213
1,<environment.Job instance at 0x7fc550655aa0>,78,2,[5 3],79,242,244,163,215
1,<environment.Job instance at 0x7fc5506525a0>,84,3,[5 4],85,242,245,157,225
1,<environment.Job instance at 0x7fc550652690>,85,18,[ 1 10],86,245,263,159,234
1,<environment.Job instance at 0x7fc550652f00>,88,17,[1 5],89,263,280,174,251
1,<environment.Job instance at 0x7fc550652b40>,89,18,[5 2],90,263,281,173,252
1,<environment.Job instance at 0x7fc5506cab40>,92,18,[3 8],93,280,298,187,269
1,<environment.Job instance at 0x7fc5506ca7d0>,96,17,[8 4],97,298,315,201,289
1,<environment.Job instance at 0x7fc550653c80>,100,15,[5 8],101,315,330,214,301
1,<environment.Job instance at 0x7fc550653e60>,103,2,[7 3],104,330,332,226,311
1,<environment.Job instance at 0x7fc5506d7e10>,104,16,[7 5],105,332,348,227,320
1,<environment.Job instance at 0x7fc5506e5e10>,106,2,[8 1],107,348,350,241,321
1,<environment.Job instance at 0x7fc598272f50>,3,3,[4 6],4,4,7,0,4
1,<environment.Job instance at 0x7fc55051cfa0>,2,2,[5 3],3,4,6,1,4
1,<environment.Job instance at 0x7fc5982ee0f0>,5,13,[9 1],6,7,20,1,6
1,<environment.Job instance at 0x7fc598277be0>,7,3,[10  5],8,20,23,12,8
1,<environment.Job instance at 0x7fc5508390f0>,10,12,[3 8],11,23,35,12,11
1,<environment.Job instance at 0x7fc5505ffeb0>,8,16,[5 2],9,23,39,14,13
1,<environment.Job instance at 0x7fc59b84f820>,15,15,[1 5],16,35,50,19,21
1,<environment.Job instance at 0x7fc550590b90>,19,18,[5 2],20,39,57,19,28
1,<environment.Job instance at 0x7fc59b84b870>,21,15,[5 7],22,50,65,28,38
1,<environment.Job instance at 0x7fc59b844af0>,22,17,[8 2],23,65,82,42,53
1,<environment.Job instance at 0x7fc550590550>,27,2,[9 3],28,82,84,54,63
1,<environment.Job instance at 0x7fc59b84f0a0>,11,18,[5 8],12,84,102,72,73
1,<environment.Job instance at 0x7fc598038d20>,31,13,[1 7],32,102,115,70,86
1,<environment.Job instance at 0x7fc5982ee410>,4,14,[3 8],5,115,129,110,102
1,<environment.Job instance at 0x7fc55052a820>,38,15,[10  4],39,129,144,90,116
1,<environment.Job instance at 0x7fc55052ac80>,41,16,[4 5],42,144,160,102,131
1,<environment.Job instance at 0x7fc598771140>,44,17,[2 6],45,160,177,115,148
1,<environment.Job instance at 0x7fc598052e60>,47,16,[7 4],48,160,176,112,148
1,<environment.Job instance at 0x7fc598518820>,36,16,[2 9],37,177,193,140,167
1,<environment.Job instance at 0x7fc59b8555a0>,55,14,[6 1],56,179,193,123,179
1,<environment.Job instance at 0x7fc59b855230>,59,3,[2 7],60,193,196,133,179
1,<environment.Job instance at 0x7fc59b855780>,60,12,[10  5],61,196,208,135,182
1,<environment.Job instance at 0x7fc59b8556e0>,64,14,[3 6],65,208,222,143,193
1,<environment.Job instance at 0x7fc598037f50>,65,13,[7 4],66,208,221,142,200
1,<environment.Job instance at 0x7fc59b7032d0>,51,16,[4 5],52,222,238,170,221
1,<environment.Job instance at 0x7fc59b8493c0>,70,13,[6 2],71,223,236,152,223
1,<environment.Job instance at 0x7fc59b849d70>,72,12,[7 5],73,238,250,165,223
1,<environment.Job instance at 0x7fc59b8498c0>,76,14,[9 4],77,250,264,173,235
1,<environment.Job instance at 0x7fc59b849280>,77,1,[7 2],78,264,265,186,236
1,<environment.Job instance at 0x7fc5505908c0>,29,18,[10  4],30,265,283,235,256
1,<environment.Job instance at 0x7fc59b84e820>,86,14,[2 5],87,283,297,196,269
1,<environment.Job instance at 0x7fc598770aa0>,87,1,[4 6],88,297,298,209,269
1,<environment.Job instance at 0x7fc598095230>,90,13,[5 5],91,298,311,207,291
1,<environment.Job instance at 0x7fc598688550>,92,1,[4 8],93,311,312,218,294
1,<environment.Job instance at 0x7fc59b84e410>,93,3,[10  3],94,312,315,218,294
1,<environment.Job instance at 0x7fc5987fb1e0>,94,1,[ 3 10],95,315,316,220,294
1,<environment.Job instance at 0x7fc5987fb410>,95,14,[3 8],96,316,330,220,301
1,<environment.Job instance at 0x7fc550b785a0>,3,3,[5 7],4,6,9,2,6
1,<environment.Job instance at 0x7fc550b7d910>,7,1,[ 4 10],8,9,10,1,8
1,<environment.Job instance at 0x7fc550bcfaa0>,5,16,[4 7],6,11,27,5,11
1,<environment.Job instance at 0x7fc5980e2e60>,12,3,[6 5],13,27,30,14,13
1,<environment.Job instance at 0x7fc550c04a50>,11,12,[2 6],12,30,42,18,15
1,<environment.Job instance at 0x7fc5980e2a50>,13,17,[4 7],14,42,59,28,30
1,<environment.Job instance at 0x7fc550b95320>,22,12,[2 9],23,59,71,36,44
1,<environment.Job instance at 0x7fc550bcf370>,6,18,[9 3],7,71,89,64,60
1,<environment.Job instance at 0x7fc55092c3c0>,28,13,[5 5],29,89,102,60,74
1,<environment.Job instance at 0x7fc598369550>,34,12,[9 3],35,102,114,67,86
1,<environment.Job instance at 0x7fc5983dd9b0>,40,17,[5 6],41,114,131,73,102
1,<environment.Job instance at 0x7fc5985f7eb0>,33,14,[6 5],34,131,145,97,129
1,<environment.Job instance at 0x7fc59ad801e0>,30,13,[10  1],31,145,158,114,132
1,<environment.Job instance at 0x7fc5508af320>,2,1,[5 3],3,3,4,0,3
1,<environment.Job instance at 0x7fc59ac99cd0>,6,12,[4 8],7,8,20,1,8
1,<environment.Job instance at 0x7fc5508afb40>,0,12,[2 5],1,20,32,19,13
1,<environment.Job instance at 0x7fc598397c80>,14,12,[1 5],15,20,32,5,16
1,<environment.Job instance at 0x7fc598397e60>,16,12,[6 4],17,32,44,15,17
1,<environment.Job instance at 0x7fc598397a00>,17,17,[2 6],18,32,49,14,27
1,<environment.Job instance at 0x7fc59ac47500>,7,17,[5 7],8,49,66,41,37
1,<environment.Job instance at 0x7fc5508ea690>,9,12,[1 9],10,66,78,56,49
1,<environment.Job instance at 0x7fc5983978c0>,13,12,[9 3],14,78,90,64,62
1,<environment.Job instance at 0x7fc598303780>,33,3,[ 1 10],34,90,93,56,70
1,<environment.Job instance at 0x7fc5983035f0>,35,2,[ 2 10],36,93,95,57,75
1,<environment.Job instance at 0x7fc5983974b0>,20,16,[9 4],21,95,111,74,83
1,<environment.Job instance at 0x7fc5983032d0>,36,17,[2 9],37,111,128,74,99
1,<environment.Job instance at 0x7fc598303f00>,38,13,[ 3 10],39,128,141,89,112
1,<environment.Job instance at 0x7fc598303910>,43,17,[6 1],44,141,158,97,129
1,<environment.Job instance at 0x7fc598397870>,25,18,[3 9],26,143,161,117,143
1,<environment.Job instance at 0x7fc550b80410>,49,18,[5 2],50,161,179,111,150
1,<environment.Job instance at 0x7fc550988dc0>,55,12,[3 7],56,161,173,105,151
1,<environment.Job instance at 0x7fc598122be0>,57,16,[2 7],58,173,189,115,160
1,<environment.Job instance at 0x7fc59811fc80>,61,14,[1 7],62,189,203,127,174
1,<environment.Job instance at 0x7fc5509899b0>,67,3,[4 6],68,203,206,135,197
1,<environment.Job instance at 0x7fc55095c960>,68,16,[8 4],69,206,222,137,197
1,<environment.Job instance at 0x7fc598303eb0>,41,17,[10  5],42,222,239,180,214
1,<environment.Job instance at 0x7fc59810fe10>,78,1,[6 4],79,239,240,160,236
1,<environment.Job instance at 0x7fc5980f70f0>,80,15,[3 8],81,240,255,159,237
1,<environment.Job instance at 0x7fc5980f7370>,81,12,[3 9],82,255,267,173,241
1,<environment.Job instance at 0x7fc5980f7550>,82,2,[10  4],83,267,269,184,241
1,<environment.Job instance at 0x7fc598114140>,88,2,[6 4],89,269,271,180,264
1,<environment.Job instance at 0x7fc598114cd0>,94,14,[4 6],95,269,283,174,265
1,<environment.Job instance at 0x7fc598114280>,96,15,[3 6],97,283,298,186,270
1,<environment.Job instance at 0x7fc598116460>,98,15,[5 5],99,298,313,199,286
1,<environment.Job instance at 0x7fc598116cd0>,103,18,[3 7],104,313,331,209,302
1,<environment.Job instance at 0x7fc598117a50>,110,18,[2 7],111,331,349,220,320
1,<environment.Job instance at 0x7fc598117870>,111,15,[6 3],112,320,335,208,320
1,<environment.Job instance at 0x7fc5981175f0>,113,13,[5 2],114,335,348,221,320
1,<environment.Job instance at 0x7fc598117f50>,116,13,[6 5],117,349,362,232,334
1,<environment.Job instance at 0x7fc550903c30>,118,12,[5 5],119,362,374,243,353
1,<environment.Job instance at 0x7fc598117c30>,119,18,[7 4],120,374,392,254,363
1,<environment.Job instance at 0x7fc59ac47be0>,4,1,[6 4],5,5,6,0,5
1,<environment.Job instance at 0x7fc550b78e10>,3,15,[4 8],4,7,22,3,7
1,<environment.Job instance at 0x7fc598707050>,7,13,[5 8],8,22,35,14,9
1,<environment.Job instance at 0x7fc598707870>,10,14,[6 3],11,35,49,24,20
1,<environment.Job instance at 0x7fc598707af0>,14,2,[7 1],15,49,51,34,27
1,<environment.Job instance at 0x7fc598707be0>,15,3,[2 6],16,35,38,19,27
1,<environment.Job instance at 0x7fc59b2ab690>,18,1,[6 5],19,51,52,32,45
1,<environment.Job instance at 0x7fc59b2abf50>,19,17,[1 5],20,45,62,25,45
1,<environment.Job instance at 0x7fc5987078c0>,11,18,[8 1],12,52,70,40,48
1,<environment.Job instance at 0x7fc59b2ab910>,21,15,[2 7],22,62,77,40,51
1,<environment.Job instance at 0x7fc550691190>,26,17,[7 3],27,70,87,43,58
1,<environment.Job instance at 0x7fc59b2ab550>,22,17,[3 5],23,77,94,54,71
1,<environment.Job instance at 0x7fc550691be0>,30,13,[1 9],31,94,107,63,80
1,<environment.Job instance at 0x7fc5506916e0>,34,18,[5 2],35,107,125,72,96
1,<environment.Job instance at 0x7fc550691960>,35,14,[10  1],36,125,139,89,112
1,<environment.Job instance at 0x7fc550691b90>,40,16,[5 4],41,139,155,98,127
1,<environment.Job instance at 0x7fc550691aa0>,42,12,[5 2],43,139,151,96,133
1,<environment.Job instance at 0x7fc59ac470a0>,0,16,[ 2 10],1,155,171,154,142
1,<environment.Job instance at 0x7fc5983e8910>,45,3,[5 3],46,171,174,125,154
1,<environment.Job instance at 0x7fc59ac47460>,4,12,[1 5],5,5,17,0,5
1,<environment.Job instance at 0x7fc59ac472d0>,3,3,[2 7],4,17,20,13,7
1,<environment.Job instance at 0x7fc5983e8910>,5,18,[8 2],6,8,26,2,8
1,<environment.Job instance at 0x7fc59b0a13c0>,8,1,[3 8],9,26,27,17,9
1,<environment.Job instance at 0x7fc550c336e0>,9,1,[10  3],10,27,28,17,10
1,<environment.Job instance at 0x7fc5987fb820>,14,13,[5 5],15,28,41,13,16
1,<environment.Job instance at 0x7fc5982b1d20>,17,2,[4 9],18,41,43,23,20
1,<environment.Job instance at 0x7fc59804ebe0>,12,13,[9 3],13,43,56,30,32
1,<environment.Job instance at 0x7fc59ad6ab40>,26,3,[8 5],27,56,59,29,33
1,<environment.Job instance at 0x7fc59ad6ad70>,27,3,[8 1],28,59,62,31,33
1,<environment.Job instance at 0x7fc59ac474b0>,0,17,[7 1],1,62,79,61,50
1,<environment.Job instance at 0x7fc5985cd960>,33,14,[5 7],34,79,93,45,69
1,<environment.Job instance at 0x7fc59ab07140>,28,16,[10  1],29,93,109,64,81
1,<environment.Job instance at 0x7fc5983ef3c0>,40,15,[5 8],41,109,124,68,95
1,<environment.Job instance at 0x7fc59b6dc190>,45,13,[2 6],46,124,137,78,108
1,<environment.Job instance at 0x7fc550b31460>,35,18,[9 1],36,137,155,101,126
1,<environment.Job instance at 0x7fc5985d6550>,55,15,[9 4],56,155,170,99,141
1,<environment.Job instance at 0x7fc5509c6460>,58,3,[6 1],59,170,173,111,154
1,<environment.Job instance at 0x7fc5509c6eb0>,59,3,[1 9],60,170,173,110,154
1,<environment.Job instance at 0x7fc5509c6dc0>,60,15,[4 8],61,173,188,112,160
1,<environment.Job instance at 0x7fc5509c6230>,64,1,[1 8],65,188,189,123,174
1,<environment.Job instance at 0x7fc5509c6730>,65,15,[9 1],66,188,203,122,174
1,<environment.Job instance at 0x7fc59ac44780>,68,16,[6 5],69,203,219,134,190
1,<environment.Job instance at 0x7fc59ab071e0>,30,18,[2 8],31,219,237,188,208
1,<environment.Job instance at 0x7fc59ab47140>,74,12,[9 4],75,237,249,162,220
1,<environment.Job instance at 0x7fc59ab47190>,73,14,[4 9],74,249,263,175,242
1,<environment.Job instance at 0x7fc598246820>,80,16,[3 7],81,264,280,183,264
1,<environment.Job instance at 0x7fc598246640>,82,14,[5 7],83,280,294,197,265
1,<environment.Job instance at 0x7fc5980ad0a0>,91,3,[6 5],92,294,297,202,283
1,<environment.Job instance at 0x7fc5981af5f0>,4,1,[4 7],5,5,6,0,5
1,<environment.Job instance at 0x7fc59b040a00>,8,3,[9 2],9,10,13,1,10
1,<environment.Job instance at 0x7fc59ac47d20>,12,1,[7 3],13,13,14,0,13
1,<environment.Job instance at 0x7fc598208a50>,13,3,[9 3],14,14,17,0,14
1,<environment.Job instance at 0x7fc59ab7d5a0>,15,2,[4 9],16,17,19,1,16
1,<environment.Job instance at 0x7fc59ab7d370>,17,3,[1 6],18,19,22,1,18
1,<environment.Job instance at 0x7fc5981c9910>,2,18,[4 7],3,22,40,19,19
1,<environment.Job instance at 0x7fc59ac245f0>,11,12,[10  4],12,40,52,28,29
1,<environment.Job instance at 0x7fc5983eff50>,22,13,[7 3],23,52,65,29,36
1,<environment.Job instance at 0x7fc5980ad3c0>,25,17,[5 9],26,65,82,39,53
1,<environment.Job instance at 0x7fc59ad81500>,31,17,[8 2],32,82,99,50,71
1,<environment.Job instance at 0x7fc59ab50cd0>,28,17,[4 9],29,99,116,70,87
1,<environment.Job instance at 0x7fc59ad81f50>,36,14,[4 7],37,116,130,79,104
1,<environment.Job instance at 0x7fc59ad81320>,37,18,[5 4],38,130,148,92,119
1,<environment.Job instance at 0x7fc59ad81280>,40,12,[2 9],41,148,160,107,131
1,<environment.Job instance at 0x7fc550a70910>,45,13,[ 3 10],46,160,173,114,144
1,<environment.Job instance at 0x7fc598397d70>,51,17,[3 7],52,173,190,121,167
1,<environment.Job instance at 0x7fc550a70550>,55,3,[9 3],56,190,193,134,167
1,<environment.Job instance at 0x7fc550417870>,57,18,[5 2],58,193,211,135,182
1,<environment.Job instance at 0x7fc5504177d0>,58,17,[3 5],59,193,210,134,182
1,<environment.Job instance at 0x7fc5504176e0>,60,14,[6 3],61,211,225,150,196
1,<environment.Job instance at 0x7fc550417550>,53,18,[2 6],54,210,228,156,199
1,<environment.Job instance at 0x7fc5504351e0>,71,18,[7 1],72,225,243,153,214
1,<environment.Job instance at 0x7fc550417640>,59,13,[4 7],60,243,256,183,227
1,<environment.Job instance at 0x7fc550435500>,79,2,[10  1],80,256,258,176,229
1,<environment.Job instance at 0x7fc550435870>,80,3,[8 2],81,258,261,177,232
1,<environment.Job instance at 0x7fc5504359b0>,82,14,[ 1 10],83,261,275,178,246
1,<environment.Job instance at 0x7fc550435d70>,87,15,[ 3 10],88,275,290,187,264
1,<environment.Job instance at 0x7fc550435b90>,85,15,[10  1],86,290,305,204,276
1,<environment.Job instance at 0x7fc5504381e0>,95,12,[7 2],96,305,317,209,288
1,<environment.Job instance at 0x7fc550435af0>,93,17,[ 2 10],94,317,334,223,305
1,<environment.Job instance at 0x7fc550438730>,102,15,[1 7],103,334,349,231,320
1,<environment.Job instance at 0x7fc5504387d0>,103,17,[6 1],104,334,351,230,322
1,<environment.Job instance at 0x7fc5504380f0>,105,12,[1 9],106,349,361,243,332
1,<environment.Job instance at 0x7fc550438b40>,107,12,[ 3 10],108,361,373,253,344
1,<environment.Job instance at 0x7fc550435eb0>,92,16,[10  1],93,373,389,280,367
1,<environment.Job instance at 0x7fc550438fa0>,114,16,[1 8],115,389,405,274,376
1,<environment.Job instance at 0x7fc550438a50>,3,18,[6 1],4,4,22,0,4
1,<environment.Job instance at 0x7fc59824ac30>,4,2,[5 6],5,22,24,17,5
1,<environment.Job instance at 0x7fc598592f50>,6,2,[3 9],7,8,10,1,8
1,<environment.Job instance at 0x7fc598592320>,5,15,[4 9],6,24,39,18,10
1,<environment.Job instance at 0x7fc59859b730>,20,13,[5 8],21,39,52,18,23
1,<environment.Job instance at 0x7fc59ab5d780>,9,16,[5 1],10,26,42,16,26
1,<environment.Job instance at 0x7fc59859bc30>,22,15,[ 5 10],23,52,67,29,38
1,<environment.Job instance at 0x7fc59b0da9b0>,27,14,[6 2],28,67,81,39,52
1,<environment.Job instance at 0x7fc598130780>,34,3,[5 4],35,81,84,46,55
1,<environment.Job instance at 0x7fc59859b7d0>,23,16,[5 8],24,84,100,60,71
1,<environment.Job instance at 0x7fc550653410>,39,12,[ 5 10],40,100,112,60,83
1,<environment.Job instance at 0x7fc59824af00>,7,17,[3 7],8,112,129,104,100
1,<environment.Job instance at 0x7fc550c30eb0>,43,14,[ 1 10],44,129,143,85,115
1,<environment.Job instance at 0x7fc5984e4640>,40,18,[9 4],41,143,161,102,139
1,<environment.Job instance at 0x7fc59ac96410>,53,17,[6 3],54,161,178,107,149
1,<environment.Job instance at 0x7fc5984ec910>,54,17,[7 1],55,178,195,123,166
1,<environment.Job instance at 0x7fc59842f050>,58,1,[7 4],59,195,196,136,167
1,<environment.Job instance at 0x7fc59ac0ceb0>,62,18,[4 9],63,196,214,133,186
1,<environment.Job instance at 0x7fc59ac0c370>,66,18,[8 5],67,214,232,147,203
1,<environment.Job instance at 0x7fc55076c6e0>,71,12,[7 1],72,232,244,160,215
1,<environment.Job instance at 0x7fc59aedd4b0>,74,13,[1 9],75,232,245,157,216
1,<environment.Job instance at 0x7fc55051b8c0>,78,3,[3 9],79,245,248,166,229
1,<environment.Job instance at 0x7fc55051b320>,79,13,[9 5],80,248,261,168,233
1,<environment.Job instance at 0x7fc55051bfa0>,81,17,[3 7],82,261,278,179,249
1,<environment.Job instance at 0x7fc55051b2d0>,83,14,[4 6],84,278,292,194,263
1,<environment.Job instance at 0x7fc55051bf00>,86,12,[5 8],87,292,304,205,275
1,<environment.Job instance at 0x7fc55051beb0>,91,13,[5 2],92,282,295,190,282
1,<environment.Job instance at 0x7fc55051bb90>,92,14,[9 2],93,304,318,211,290
1,<environment.Job instance at 0x7fc550923320>,94,3,[2 7],95,318,321,223,294
1,<environment.Job instance at 0x7fc550923690>,95,16,[5 1],96,318,334,222,305
1,<environment.Job instance at 0x7fc5985ddd70>,2,3,[6 3],3,3,6,0,3
1,<environment.Job instance at 0x7fc598130cd0>,1,13,[ 5 10],2,6,19,4,3
1,<environment.Job instance at 0x7fc59824af50>,6,12,[6 4],7,19,31,12,9
1,<environment.Job instance at 0x7fc598291960>,13,13,[4 6],14,19,32,5,15
1,<environment.Job instance at 0x7fc550b554b0>,14,3,[5 5],15,32,35,17,15
1,<environment.Job instance at 0x7fc59ac01730>,15,13,[ 5 10],16,35,48,19,19
1,<environment.Job instance at 0x7fc5981bfaf0>,18,12,[1 8],19,48,60,29,31
1,<environment.Job instance at 0x7fc59814b960>,11,17,[10  2],12,60,77,48,48
1,<environment.Job instance at 0x7fc55061e640>,22,16,[6 5],23,77,93,54,64
1,<environment.Job instance at 0x7fc59aadaaf0>,26,14,[8 4],27,93,107,66,78
1,<environment.Job instance at 0x7fc59b84b7d0>,28,3,[6 5],29,107,110,78,81
1,<environment.Job instance at 0x7fc5508a3e10>,34,16,[7 2],35,110,126,75,98
1,<environment.Job instance at 0x7fc5508a3550>,36,3,[ 2 10],37,126,129,89,107
1,<environment.Job instance at 0x7fc598095410>,39,3,[8 2],40,129,132,89,107
1,<environment.Job instance at 0x7fc598095910>,40,16,[8 2],41,132,148,91,119
1,<environment.Job instance at 0x7fc5980951e0>,44,2,[ 2 10],45,148,150,103,130
1,<environment.Job instance at 0x7fc598095dc0>,45,1,[ 1 10],46,150,151,104,130
1,<environment.Job instance at 0x7fc55082b140>,31,16,[3 9],32,151,167,119,139
1,<environment.Job instance at 0x7fc59804f320>,49,17,[4 5],50,167,184,117,155
1,<environment.Job instance at 0x7fc59804f5a0>,51,3,[5 9],52,184,187,132,161
1,<environment.Job instance at 0x7fc59804ffa0>,52,14,[4 6],53,187,201,134,172
1,<environment.Job instance at 0x7fc59804f640>,56,3,[9 4],57,201,204,144,175
1,<environment.Job instance at 0x7fc59804f5f0>,59,2,[3 5],60,175,177,115,175
1,<environment.Job instance at 0x7fc59804f730>,60,18,[7 1],61,204,222,143,193
1,<environment.Job instance at 0x7fc55091d6e0>,1,2,[8 3],2,2,4,0,2
1,<environment.Job instance at 0x7fc598508190>,4,3,[5 2],5,6,9,1,6
1,<environment.Job instance at 0x7fc5507e2f00>,8,1,[2 8],9,9,10,0,9
1,<environment.Job instance at 0x7fc550a786e0>,9,2,[ 5 10],10,11,13,1,11
1,<environment.Job instance at 0x7fc5507ea960>,10,2,[ 3 10],11,13,15,2,12
1,<environment.Job instance at 0x7fc5983dd690>,11,16,[5 4],12,15,31,3,12
1,<environment.Job instance at 0x7fc598521140>,14,3,[6 5],15,31,34,16,15
1,<environment.Job instance at 0x7fc5506e5910>,15,13,[6 3],16,34,47,18,19
1,<environment.Job instance at 0x7fc550b79230>,18,1,[1 5],19,19,20,0,19
1,<environment.Job instance at 0x7fc5984f11e0>,16,3,[4 6],17,21,24,4,21
1,<environment.Job instance at 0x7fc55061f780>,20,2,[3 7],21,34,36,13,21
1,<environment.Job instance at 0x7fc5980e1e10>,22,2,[8 4],23,47,49,24,29
1,<environment.Job instance at 0x7fc5983fce60>,2,13,[3 9],3,49,62,46,36
1,<environment.Job instance at 0x7fc59ac7ed70>,25,13,[4 8],26,62,75,36,46
1,<environment.Job instance at 0x7fc59ac7e4b0>,27,3,[5 5],28,75,78,47,49
1,<environment.Job instance at 0x7fc59826cc30>,32,15,[5 5],33,75,90,42,61
1,<environment.Job instance at 0x7fc59ac7ebe0>,23,18,[5 5],24,78,96,54,67
1,<environment.Job instance at 0x7fc59826ce10>,36,14,[5 5],37,90,104,53,79
1,<environment.Job instance at 0x7fc59826c640>,38,16,[7 5],39,104,120,65,91
1,<environment.Job instance at 0x7fc598427e60>,50,3,[1 7],51,120,123,69,107
1,<environment.Job instance at 0x7fc598427dc0>,51,14,[10  5],52,123,137,71,111
1,<environment.Job instance at 0x7fc59826c410>,37,17,[3 7],38,137,154,99,125
1,<environment.Job instance at 0x7fc598423320>,55,15,[7 2],56,137,152,81,134
1,<environment.Job instance at 0x7fc59ac7e550>,26,16,[5 6],27,154,170,127,141
1,<environment.Job instance at 0x7fc59ab87aa0>,6,2,[5 9],7,7,9,0,7
1,<environment.Job instance at 0x7fc59ab877d0>,7,3,[6 2],8,9,12,1,8
1,<environment.Job instance at 0x7fc5983efe10>,8,2,[6 5],9,12,14,3,9
1,<environment.Job instance at 0x7fc5983ef1e0>,9,12,[7 5],10,14,26,4,10
1,<environment.Job instance at 0x7fc5983ef7d0>,10,1,[10  2],11,26,27,15,11
1,<environment.Job instance at 0x7fc5983efeb0>,11,15,[4 5],12,27,42,15,13
1,<environment.Job instance at 0x7fc59b025690>,4,14,[ 1 10],5,42,56,37,27
1,<environment.Job instance at 0x7fc59ab874b0>,12,16,[10  5],13,56,72,43,43
1,<environment.Job instance at 0x7fc59ad70fa0>,20,14,[3 9],21,72,86,51,58
1,<environment.Job instance at 0x7fc59ad70be0>,21,16,[ 4 10],22,86,102,64,73
1,<environment.Job instance at 0x7fc59ae21c30>,27,13,[5 5],28,102,115,74,86
1,<environment.Job instance at 0x7fc550593cd0>,35,16,[5 2],36,102,118,66,90
1,<environment.Job instance at 0x7fc59ae21d20>,28,17,[ 1 10],29,118,135,89,106
1,<environment.Job instance at 0x7fc5505938c0>,45,17,[ 5 10],46,135,152,89,125
1,<environment.Job instance at 0x7fc5981bf9b0>,54,17,[5 2],55,152,169,97,150
1,<environment.Job instance at 0x7fc5981bf140>,58,3,[5 2],59,152,155,93,150
1,<environment.Job instance at 0x7fc5981bf190>,60,12,[3 8],61,155,167,94,152
1,<environment.Job instance at 0x7fc5981bf960>,64,13,[10  1],65,169,182,104,156
1,<environment.Job instance at 0x7fc59ab3cd20>,69,18,[ 3 10],70,182,200,112,171
1,<environment.Job instance at 0x7fc59ab3c140>,72,14,[9 2],73,200,214,127,185
1,<environment.Job instance at 0x7fc59ab3c780>,75,18,[9 4],76,214,232,138,211
1,<environment.Job instance at 0x7fc59ab3cdc0>,80,15,[8 3],81,232,247,151,218
1,<environment.Job instance at 0x7fc59813fb40>,85,18,[3 6],86,247,265,161,236
1,<environment.Job instance at 0x7fc5986f2c80>,94,15,[4 9],95,265,280,170,251
1,<environment.Job instance at 0x7fc550593140>,44,17,[4 9],45,280,297,235,270
1,<environment.Job instance at 0x7fc5986f2cd0>,104,13,[8 2],105,297,310,192,281
1,<environment.Job instance at 0x7fc5505c0960>,106,12,[7 2],107,310,322,203,293
1,<environment.Job instance at 0x7fc5505c0820>,107,12,[7 5],108,322,334,214,305
1,<environment.Job instance at 0x7fc5505c0320>,113,14,[2 7],114,334,348,220,320
1,<environment.Job instance at 0x7fc59b01f8c0>,116,17,[10  4],117,348,365,231,336
1,<environment.Job instance at 0x7fc59ae2bb40>,0,3,[5 9],1,3,6,2,3
1,<environment.Job instance at 0x7fc5986f27d0>,4,1,[5 2],5,6,7,1,5
1,<environment.Job instance at 0x7fc5983ef370>,7,18,[2 7],8,10,28,2,10
1,<environment.Job instance at 0x7fc59ad70d20>,2,16,[7 2],3,13,29,10,13
1,<environment.Job instance at 0x7fc5504edaf0>,13,2,[5 4],14,29,31,15,14
1,<environment.Job instance at 0x7fc550590af0>,15,14,[7 4],16,31,45,15,18
1,<environment.Job instance at 0x7fc59b26d7d0>,18,1,[10  3],19,45,46,26,26
1,<environment.Job instance at 0x7fc59b26dc80>,19,14,[6 4],20,46,60,26,32
1,<environment.Job instance at 0x7fc59b26dc30>,21,14,[5 5],22,60,74,38,47
1,<environment.Job instance at 0x7fc59b26da00>,22,3,[4 7],23,74,77,51,50
1,<environment.Job instance at 0x7fc59b26d410>,20,18,[1 7],21,80,98,59,80
1,<environment.Job instance at 0x7fc598246e10>,28,14,[5 9],29,98,112,69,89
1,<environment.Job instance at 0x7fc598246190>,30,18,[4 5],31,112,130,81,102
1,<environment.Job instance at 0x7fc5982464b0>,2,3,[10  5],3,3,6,0,3
1,<environment.Job instance at 0x7fc59ac5daa0>,9,1,[5 8],10,10,11,0,10
1,<environment.Job instance at 0x7fc5503ef4b0>,11,13,[8 5],12,14,27,2,14
1,<environment.Job instance at 0x7fc55047f7d0>,7,16,[8 2],8,27,43,19,18
1,<environment.Job instance at 0x7fc5503a3e60>,18,2,[3 6],19,43,45,24,19
1,<environment.Job instance at 0x7fc59b25a690>,19,1,[8 1],20,45,46,25,20
1,<environment.Job instance at 0x7fc59b234a50>,20,12,[5 2],21,46,58,25,29
1,<environment.Job instance at 0x7fc55071c410>,22,15,[9 1],23,58,73,35,45
1,<environment.Job instance at 0x7fc5503ef230>,10,16,[ 4 10],11,73,89,62,62
1,<environment.Job instance at 0x7fc5987058c0>,33,13,[3 6],34,89,102,55,77
1,<environment.Job instance at 0x7fc598705cd0>,31,18,[5 2],32,89,107,57,79
1,<environment.Job instance at 0x7fc59825e050>,38,18,[7 1],39,107,125,68,96
1,<environment.Job instance at 0x7fc59b7621e0>,40,12,[8 1],41,125,137,84,108
1,<environment.Job instance at 0x7fc59b762280>,42,15,[5 7],43,137,152,94,127
1,<environment.Job instance at 0x7fc598421870>,43,12,[6 4],44,152,164,108,135
1,<environment.Job instance at 0x7fc5509c5b40>,48,14,[5 4],49,164,178,115,149
1,<environment.Job instance at 0x7fc5509c5aa0>,49,18,[4 5],50,152,170,102,149
1,<environment.Job instance at 0x7fc5982b3730>,51,15,[4 5],52,170,185,118,157
1,<environment.Job instance at 0x7fc59ae15b40>,1,2,[7 2],2,2,4,0,2
1,<environment.Job instance at 0x7fc5507936e0>,6,16,[ 1 10],7,8,24,1,8
1,<environment.Job instance at 0x7fc5982b3af0>,2,13,[2 5],3,24,37,21,8
1,<environment.Job instance at 0x7fc59b0c96e0>,12,13,[5 5],13,25,38,12,25
1,<environment.Job instance at 0x7fc5981f80a0>,13,12,[1 5],14,37,49,23,25
1,<environment.Job instance at 0x7fc59ae150f0>,0,13,[9 1],1,38,51,37,27
1,<environment.Job instance at 0x7fc5982130a0>,19,3,[5 5],20,51,54,31,29
1,<environment.Job instance at 0x7fc5503ea910>,18,13,[7 3],19,54,67,35,38
1,<environment.Job instance at 0x7fc598213e60>,20,16,[1 7],21,54,70,33,43
1,<environment.Job instance at 0x7fc59b119280>,26,17,[6 1],27,67,84,40,55
1,<environment.Job instance at 0x7fc5502930f0>,27,1,[1 5],28,70,71,42,55
1,<environment.Job instance at 0x7fc550293780>,28,3,[1 8],29,71,74,42,55
1,<environment.Job instance at 0x7fc598273af0>,30,2,[2 7],31,74,76,43,63
1,<environment.Job instance at 0x7fc598213cd0>,17,13,[2 9],18,76,89,58,63
1,<environment.Job instance at 0x7fc550293910>,32,2,[10  1],33,89,91,56,64
1,<environment.Job instance at 0x7fc59876ff00>,34,3,[9 2],35,91,94,56,66
1,<environment.Job instance at 0x7fc5507fe730>,31,18,[ 5 10],32,94,112,62,83
1,<environment.Job instance at 0x7fc55076cf00>,39,14,[8 2],40,112,126,72,99
1,<environment.Job instance at 0x7fc59b6058c0>,43,17,[ 1 10],44,126,143,82,116
1,<environment.Job instance at 0x7fc5508b0140>,47,13,[3 5],48,143,156,95,128
1,<environment.Job instance at 0x7fc59813fe60>,49,2,[10  2],50,156,158,106,129
1,<environment.Job instance at 0x7fc598281c30>,52,15,[7 5],53,158,173,105,147
1,<environment.Job instance at 0x7fc550940be0>,54,2,[8 1],55,173,175,118,147
1,<environment.Job instance at 0x7fc59ac326e0>,58,2,[9 3],59,175,177,116,155
1,<environment.Job instance at 0x7fc598585640>,59,2,[5 5],60,177,179,117,155
1,<environment.Job instance at 0x7fc59b232870>,60,3,[3 5],61,158,161,97,155
1,<environment.Job instance at 0x7fc550864c80>,61,3,[ 5 10],62,179,182,117,155
1,<environment.Job instance at 0x7fc550864320>,62,1,[1 6],63,173,174,110,155
1,<environment.Job instance at 0x7fc5509407d0>,50,15,[ 4 10],51,182,197,131,168
1,<environment.Job instance at 0x7fc598188d20>,68,3,[8 4],69,197,200,128,178
1,<environment.Job instance at 0x7fc598188cd0>,71,2,[4 6],72,200,202,128,188
1,<environment.Job instance at 0x7fc598188140>,70,13,[7 3],71,202,215,131,188
1,<environment.Job instance at 0x7fc55069d910>,78,3,[7 1],79,215,218,136,189
1,<environment.Job instance at 0x7fc55069d780>,81,3,[6 4],82,218,221,136,194
1,<environment.Job instance at 0x7fc55069d2d0>,73,12,[9 4],74,221,233,147,204
1,<environment.Job instance at 0x7fc59aea0230>,88,2,[1 8],89,233,235,144,218
1,<environment.Job instance at 0x7fc59aea0190>,89,2,[2 7],90,235,237,145,218
1,<environment.Job instance at 0x7fc55069d690>,82,16,[4 9],83,237,253,154,226
1,<environment.Job instance at 0x7fc550737370>,96,13,[9 4],97,253,266,156,238
1,<environment.Job instance at 0x7fc598796370>,99,2,[5 8],100,266,268,166,252
1,<environment.Job instance at 0x7fc598796af0>,102,3,[8 5],103,268,271,165,256
1,<environment.Job instance at 0x7fc5984845a0>,100,17,[2 8],101,271,288,170,259
1,<environment.Job instance at 0x7fc59aea0780>,91,17,[5 8],92,288,305,196,276
1,<environment.Job instance at 0x7fc5987960f0>,104,16,[2 9],105,305,321,200,292
1,<environment.Job instance at 0x7fc59aba8640>,110,15,[9 1],111,321,336,210,307
1,<environment.Job instance at 0x7fc550887b90>,113,3,[ 5 10],114,336,339,222,331
1,<environment.Job instance at 0x7fc550887d70>,114,16,[2 6],115,339,355,224,331
1,<environment.Job instance at 0x7fc550887f00>,115,12,[3 7],116,355,367,239,338
1,<environment.Job instance at 0x7fc59accf8c0>,122,15,[1 7],123,367,382,244,354
1,<environment.Job instance at 0x7fc59b700640>,125,17,[6 3],126,363,380,237,363
1,<environment.Job instance at 0x7fc59b7002d0>,126,18,[5 9],127,382,400,255,371
1,<environment.Job instance at 0x7fc59b7000f0>,132,16,[8 2],133,400,416,267,391
1,<environment.Job instance at 0x7fc59b700f50>,140,3,[9 4],141,416,419,275,395
1,<environment.Job instance at 0x7fc59ac9b5a0>,142,3,[4 9],143,419,422,276,395
1,<environment.Job instance at 0x7fc59ac9b2d0>,143,15,[ 5 10],144,422,437,278,409
1,<environment.Job instance at 0x7fc59ac9b140>,149,14,[ 5 10],150,437,451,287,428
1,<environment.Job instance at 0x7fc59ac9b280>,150,18,[5 7],151,451,469,300,441
1,<environment.Job instance at 0x7fc59ac9b690>,152,18,[6 5],153,469,487,316,458
1,<environment.Job instance at 0x7fc59ac9b050>,158,14,[5 7],159,487,501,328,472
1,<environment.Job instance at 0x7fc598093320>,7,16,[6 1],8,8,24,0,8
1,<environment.Job instance at 0x7fc5984109b0>,10,2,[8 4],11,24,26,13,11
1,<environment.Job instance at 0x7fc55052a910>,5,13,[1 9],6,11,24,5,11
1,<environment.Job instance at 0x7fc598796b40>,11,1,[8 1],12,26,27,14,12
1,<environment.Job instance at 0x7fc59ac224b0>,12,2,[2 9],13,26,28,13,13
1,<environment.Job instance at 0x7fc59ac229b0>,14,3,[7 3],15,28,31,13,16
1,<environment.Job instance at 0x7fc5508a3910>,9,16,[9 2],10,31,47,21,19
1,<environment.Job instance at 0x7fc59ac22b90>,18,14,[3 5],19,47,61,28,33
1,<environment.Job instance at 0x7fc59ac22410>,19,16,[6 3],20,47,63,27,34
1,<environment.Job instance at 0x7fc55052a550>,6,17,[7 1],7,63,80,56,52
1,<environment.Job instance at 0x7fc5987f91e0>,25,14,[5 5],26,80,94,54,65
1,<environment.Job instance at 0x7fc59ac22d20>,23,18,[5 3],24,80,98,56,73
1,<environment.Job instance at 0x7fc5987f9320>,31,2,[2 9],32,77,79,45,77
1,<environment.Job instance at 0x7fc5987f9c30>,32,15,[6 5],33,98,113,65,84
1,<environment.Job instance at 0x7fc5987f9640>,36,3,[5 1],37,94,97,57,84
1,<environment.Job instance at 0x7fc5987f9a50>,38,3,[ 4 10],39,113,116,74,90
1,<environment.Job instance at 0x7fc5987f9910>,39,13,[7 2],40,116,129,76,101
1,<environment.Job instance at 0x7fc5503dc730>,42,12,[10  2],43,129,141,86,113
1,<environment.Job instance at 0x7fc5503dca00>,44,17,[5 1],45,141,158,96,129
1,<environment.Job instance at 0x7fc5503952d0>,50,15,[4 6],51,146,161,95,146
1,<environment.Job instance at 0x7fc550395c30>,52,2,[8 3],53,161,163,108,146
1,<environment.Job instance at 0x7fc550395c80>,53,16,[8 1],54,163,179,109,150
1,<environment.Job instance at 0x7fc550395eb0>,56,15,[10  3],57,179,194,122,167
1,<environment.Job instance at 0x7fc5503954b0>,57,15,[5 3],58,194,209,136,180
1,<environment.Job instance at 0x7fc550395a50>,63,16,[6 1],64,209,225,145,196
1,<environment.Job instance at 0x7fc550343e10>,64,13,[5 5],65,196,209,131,196
1,<environment.Job instance at 0x7fc59b5fa550>,2,17,[5 5],3,225,242,222,213
1,<environment.Job instance at 0x7fc550343f50>,70,13,[10  5],71,242,255,171,226
1,<environment.Job instance at 0x7fc550323fa0>,79,15,[1 8],80,255,270,175,241
1,<environment.Job instance at 0x7fc550323690>,78,18,[1 6],79,270,288,191,260
1,<environment.Job instance at 0x7fc5503235f0>,84,17,[7 2],85,272,289,187,272
1,<environment.Job instance at 0x7fc5503239b0>,86,15,[9 5],87,289,304,202,276
1,<environment.Job instance at 0x7fc5503336e0>,89,17,[3 7],90,304,321,214,292
1,<environment.Job instance at 0x7fc550333e10>,93,3,[8 1],94,321,324,227,295
1,<environment.Job instance at 0x7fc550333cd0>,95,3,[10  2],96,324,327,228,305
1,<environment.Job instance at 0x7fc550333d70>,96,3,[5 3],97,305,308,208,305
1,<environment.Job instance at 0x7fc550333d20>,97,3,[5 8],98,327,330,229,305
1,<environment.Job instance at 0x7fc5503339b0>,98,3,[9 1],99,330,333,231,305
1,<environment.Job instance at 0x7fc550333eb0>,88,16,[ 5 10],89,333,349,244,322
1,<environment.Job instance at 0x7fc550266550>,109,17,[4 5],110,349,366,239,338
1,<environment.Job instance at 0x7fc5502665f0>,113,15,[8 1],114,366,381,252,352
1,<environment.Job instance at 0x7fc5502679b0>,118,3,[8 1],119,381,384,262,363
1,<environment.Job instance at 0x7fc550267a50>,119,14,[ 4 10],120,384,398,264,372
1,<environment.Job instance at 0x7fc5502671e0>,121,16,[5 5],122,398,414,276,385
1,<environment.Job instance at 0x7fc550333690>,94,18,[8 4],95,414,432,319,403
1,<environment.Job instance at 0x7fc5502651e0>,130,13,[10  2],131,432,445,301,418
1,<environment.Job instance at 0x7fc550265d20>,134,14,[1 5],135,418,432,283,418
1,<environment.Job instance at 0x7fc550265140>,136,17,[6 4],137,445,462,308,434
1,<environment.Job instance at 0x7fc550265a50>,140,17,[3 6],141,445,462,304,444
1,<environment.Job instance at 0x7fc5502658c0>,141,15,[3 7],142,462,477,320,448
1,<environment.Job instance at 0x7fc550265af0>,144,16,[8 1],145,477,493,332,464
1,<environment.Job instance at 0x7fc550265d70>,145,12,[ 4 10],146,493,505,347,476
1,<environment.Job instance at 0x7fc5507fc050>,149,16,[4 5],150,505,521,355,493
1,<environment.Job instance at 0x7fc5503bd190>,153,17,[5 3],154,505,522,351,493
1,<environment.Job instance at 0x7fc5982490a0>,156,13,[6 4],157,522,535,365,506
1,<environment.Job instance at 0x7fc550265be0>,137,15,[3 7],138,535,550,397,523
1,<environment.Job instance at 0x7fc598383320>,166,17,[6 5],167,550,567,383,538
1,<environment.Job instance at 0x7fc550752aa0>,171,14,[5 2],172,567,581,395,553
1,<environment.Job instance at 0x7fc5509c8500>,174,17,[9 4],175,581,598,406,570
1,<environment.Job instance at 0x7fc550c2ec80>,178,2,[9 2],179,598,600,419,572
1,<environment.Job instance at 0x7fc59b1fdcd0>,7,3,[10  4],8,26,29,18,26
1,<environment.Job instance at 0x7fc5503a1aa0>,6,16,[7 3],7,29,45,22,26
1,<environment.Job instance at 0x7fc59ad66370>,5,1,[9 1],6,45,46,39,26
1,<environment.Job instance at 0x7fc598422eb0>,11,2,[5 1],12,46,48,34,27
1,<environment.Job instance at 0x7fc598422a00>,12,1,[ 5 10],13,48,49,35,27
1,<environment.Job instance at 0x7fc59b8d4f50>,13,1,[2 9],14,46,47,32,27
1,<environment.Job instance at 0x7fc59accf1e0>,17,1,[8 1],18,49,50,31,32
1,<environment.Job instance at 0x7fc598422e10>,10,3,[9 5],11,50,53,39,32
1,<environment.Job instance at 0x7fc598796550>,19,2,[10  4],20,53,55,33,36
1,<environment.Job instance at 0x7fc5981f8e10>,20,1,[5 1],21,47,48,26,37
1,<environment.Job instance at 0x7fc550333b40>,4,2,[ 3 10],5,55,57,50,42
1,<environment.Job instance at 0x7fc59ac9bf50>,22,1,[2 8],23,49,50,26,43
1,<environment.Job instance at 0x7fc5987969b0>,18,17,[6 1],19,57,74,38,45
1,<environment.Job instance at 0x7fc59ac9b1e0>,24,12,[1 8],25,57,69,32,45
1,<environment.Job instance at 0x7fc59877c2d0>,26,13,[ 1 10],27,74,87,47,59
1,<environment.Job instance at 0x7fc55048a820>,28,14,[7 2],29,87,101,58,72
1,<environment.Job instance at 0x7fc59b0ebb90>,33,3,[6 5],34,101,104,67,75
1,<environment.Job instance at 0x7fc59b0ebe60>,31,14,[8 4],32,104,118,72,90
1,<environment.Job instance at 0x7fc5503f68c0>,42,3,[ 4 10],43,118,121,75,94
1,<environment.Job instance at 0x7fc5503f30a0>,45,14,[4 9],46,121,135,75,107
1,<environment.Job instance at 0x7fc55064fb40>,52,13,[4 6],53,135,148,82,119
1,<environment.Job instance at 0x7fc55064f910>,56,13,[ 3 10],57,148,161,91,132
1,<environment.Job instance at 0x7fc550632410>,58,16,[6 3],59,161,177,102,148
1,<environment.Job instance at 0x7fc550632c80>,61,13,[5 5],62,177,190,115,162
1,<environment.Job instance at 0x7fc550632140>,64,13,[7 1],65,190,203,125,174
1,<environment.Job instance at 0x7fc550623280>,66,13,[5 4],67,177,190,110,175
1,<environment.Job instance at 0x7fc550632e10>,62,16,[8 5],63,203,219,140,190
1,<environment.Job instance at 0x7fc55061cc30>,70,12,[2 7],71,219,231,148,203
1,<environment.Job instance at 0x7fc55064b7d0>,77,15,[4 6],78,231,246,153,218
1,<environment.Job instance at 0x7fc550441460>,80,15,[6 2],81,219,234,138,218
1,<environment.Job instance at 0x7fc59abe2550>,84,14,[9 4],85,246,260,161,231
1,<environment.Job instance at 0x7fc59abf9410>,88,15,[6 2],89,260,275,171,246
1,<environment.Job instance at 0x7fc55042a730>,90,13,[1 6],91,252,265,161,252
1,<environment.Job instance at 0x7fc5509d83c0>,96,14,[8 1],97,275,289,178,269
1,<environment.Job instance at 0x7fc59aec6230>,101,3,[5 6],102,289,292,187,269
1,<environment.Job instance at 0x7fc59aeb1cd0>,104,3,[8 4],105,292,295,187,269
1,<environment.Job instance at 0x7fc59b0eb7d0>,29,16,[4 7],30,295,311,265,286
1,<environment.Job instance at 0x7fc59aeb1f50>,107,14,[2 5],108,311,325,203,296
1,<environment.Job instance at 0x7fc550baa3c0>,114,3,[5 5],115,311,314,196,304
1,<environment.Job instance at 0x7fc550b98500>,116,17,[3 7],117,327,344,210,327
1,<environment.Job instance at 0x7fc550bb7410>,118,15,[10  2],119,344,359,225,334
1,<environment.Job instance at 0x7fc5982c40a0>,122,14,[8 4],123,359,373,236,344
1,<environment.Job instance at 0x7fc59aeb1640>,108,16,[10  1],109,532,548,423,532
1,<environment.Job instance at 0x7fc598665b90>,127,16,[1 9],128,548,564,420,545
1,<environment.Job instance at 0x7fc550bba780>,133,1,[9 2],134,589,590,455,589
1,<environment.Job instance at 0x7fc59aec45f0>,135,17,[2 6],136,590,607,454,590
1,<environment.Job instance at 0x7fc59aec4280>,136,1,[ 5 10],137,607,608,470,590
1,<environment.Job instance at 0x7fc59aec4b90>,137,2,[6 4],138,590,592,452,590
1,<environment.Job instance at 0x7fc59aec4f00>,140,2,[ 4 10],141,608,610,467,592
1,<environment.Job instance at 0x7fc59aec4c80>,141,1,[ 3 10],142,610,611,468,592
1,<environment.Job instance at 0x7fc59aec4640>,144,2,[6 3],145,611,613,466,609
1,<environment.Job instance at 0x7fc59aec4410>,145,12,[8 2],146,613,625,467,609
1,<environment.Job instance at 0x7fc59aec4230>,147,3,[2 8],148,613,616,465,609
1,<environment.Job instance at 0x7fc550265500>,6,12,[5 2],7,7,19,0,7
1,<environment.Job instance at 0x7fc598157870>,7,13,[7 2],8,19,32,11,8
1,<environment.Job instance at 0x7fc5508a3aa0>,10,17,[1 6],11,11,28,0,11
1,<environment.Job instance at 0x7fc550343d70>,13,3,[3 8],14,28,31,14,16
1,<environment.Job instance at 0x7fc550425690>,4,15,[4 7],5,32,47,27,18
1,<environment.Job instance at 0x7fc5508a32d0>,14,16,[6 1],15,32,48,17,27
1,<environment.Job instance at 0x7fc5502df0f0>,18,17,[5 7],19,48,65,29,36
1,<environment.Job instance at 0x7fc598393410>,22,2,[10  3],23,65,67,42,39
1,<environment.Job instance at 0x7fc59828a690>,24,15,[10  3],25,67,82,42,53
1,<environment.Job instance at 0x7fc5980e1a00>,27,14,[6 5],28,82,96,54,67
1,<environment.Job instance at 0x7fc5980e18c0>,30,15,[1 5],31,82,97,51,69
1,<environment.Job instance at 0x7fc550a50190>,31,1,[6 1],32,96,97,64,69
1,<environment.Job instance at 0x7fc550267910>,32,1,[1 8],33,97,98,64,69
1,<environment.Job instance at 0x7fc5981f8aa0>,34,14,[2 5],35,98,112,63,83
1,<environment.Job instance at 0x7fc550a50f50>,36,15,[8 3],37,98,113,61,84
1,<environment.Job instance at 0x7fc59ac183c0>,37,16,[7 2],38,113,129,75,100
1,<environment.Job instance at 0x7fc59acb2dc0>,40,3,[5 4],41,129,132,88,104
1,<environment.Job instance at 0x7fc59acb27d0>,42,2,[5 1],43,129,131,86,117
1,<environment.Job instance at 0x7fc59acb2820>,43,17,[10  5],44,132,149,88,122
1,<environment.Job instance at 0x7fc5980e1320>,28,15,[10  5],29,149,164,120,136
1,<environment.Job instance at 0x7fc550864d70>,51,17,[1 7],52,164,181,112,152
1,<environment.Job instance at 0x7fc5508646e0>,52,16,[8 4],53,181,197,128,169
1,<environment.Job instance at 0x7fc5504c16e0>,65,17,[3 5],66,197,214,131,197
1,<environment.Job instance at 0x7fc5504c1f00>,67,12,[5 5],68,200,212,132,200
1,<environment.Job instance at 0x7fc55040edc0>,68,13,[6 4],69,212,225,143,205
1,<environment.Job instance at 0x7fc55040e0f0>,70,13,[ 2 10],71,225,238,154,213
1,<environment.Job instance at 0x7fc5504354b0>,71,18,[5 6],72,238,256,166,228
1,<environment.Job instance at 0x7fc5985856e0>,78,14,[8 5],79,256,270,177,241
1,<environment.Job instance at 0x7fc598585730>,82,1,[ 4 10],83,270,271,187,254
1,<environment.Job instance at 0x7fc598585050>,83,16,[ 4 10],84,271,287,187,258
1,<environment.Job instance at 0x7fc598585230>,85,3,[ 2 10],86,287,290,201,270
1,<environment.Job instance at 0x7fc59aab4910>,86,12,[2 6],87,290,302,203,273
1,<environment.Job instance at 0x7fc59ae21820>,4,3,[8 5],5,5,8,0,5
1,<environment.Job instance at 0x7fc55092da50>,6,1,[5 2],7,8,9,1,7
1,<environment.Job instance at 0x7fc5985f65a0>,9,3,[6 4],10,11,14,1,11
1,<environment.Job instance at 0x7fc5983fe910>,11,3,[6 4],12,14,17,2,12
1,<environment.Job instance at 0x7fc5983fe460>,15,3,[1 7],16,17,20,1,17
1,<environment.Job instance at 0x7fc5983feb40>,16,2,[5 7],17,20,22,3,17
1,<environment.Job instance at 0x7fc5504253c0>,3,14,[10  5],4,22,36,18,17
1,<environment.Job instance at 0x7fc59b09b7d0>,18,3,[ 1 10],19,36,39,17,21
1,<environment.Job instance at 0x7fc55092d8c0>,5,15,[1 7],6,39,54,33,26
1,<environment.Job instance at 0x7fc59b09b280>,24,1,[9 3],25,39,40,14,34
1,<environment.Job instance at 0x7fc5503b4960>,25,14,[5 2],26,40,54,14,36
1,<environment.Job instance at 0x7fc5983fe2d0>,19,18,[8 4],20,54,72,34,43
1,<environment.Job instance at 0x7fc5503b4be0>,27,3,[5 5],28,72,75,44,46
1,<environment.Job instance at 0x7fc5503b4f50>,38,3,[10  5],39,75,78,36,52
1,<environment.Job instance at 0x7fc55040bd20>,40,16,[2 5],41,78,94,37,65
1,<environment.Job instance at 0x7fc55040b8c0>,41,14,[7 4],42,78,92,36,66
1,<environment.Job instance at 0x7fc55040b870>,47,3,[10  3],48,94,97,46,75
1,<environment.Job instance at 0x7fc55040bb90>,48,12,[7 4],49,97,109,48,80
1,<environment.Job instance at 0x7fc55040beb0>,50,14,[4 9],51,109,123,58,96
1,<environment.Job instance at 0x7fc59876f780>,53,18,[6 3],54,123,141,69,112
1,<environment.Job instance at 0x7fc59876fb90>,54,3,[5 6],55,141,144,86,115
1,<environment.Job instance at 0x7fc59876f500>,57,3,[7 3],58,144,147,86,120
1,<environment.Job instance at 0x7fc5983e5550>,62,2,[6 2],63,147,149,84,126
1,<environment.Job instance at 0x7fc5983e58c0>,64,2,[6 5],65,149,151,84,126
1,<environment.Job instance at 0x7fc5983e5460>,61,13,[3 7],62,126,139,64,126
1,<environment.Job instance at 0x7fc5983e5fa0>,65,3,[8 4],66,151,154,85,128
1,<environment.Job instance at 0x7fc55040bd70>,45,12,[10  3],46,154,166,108,144
1,<environment.Job instance at 0x7fc550265b40>,69,13,[6 3],70,166,179,96,151
1,<environment.Job instance at 0x7fc550265780>,71,2,[4 8],72,179,181,107,162
1,<environment.Job instance at 0x7fc5502650f0>,70,15,[7 3],71,181,196,110,168
1,<environment.Job instance at 0x7fc5983e5640>,67,16,[10  2],68,196,212,128,183
1,<environment.Job instance at 0x7fc59b00e0a0>,81,2,[3 5],82,212,214,130,203
1,<environment.Job instance at 0x7fc598247eb0>,86,14,[5 5],87,212,226,125,204
1,<environment.Job instance at 0x7fc598247820>,91,3,[7 2],92,226,229,134,210
1,<environment.Job instance at 0x7fc59b00e500>,77,16,[2 8],78,226,242,148,215
1,<environment.Job instance at 0x7fc5982474b0>,98,2,[ 5 10],99,242,244,143,235
1,<environment.Job instance at 0x7fc598247050>,93,16,[8 3],94,244,260,150,237
1,<environment.Job instance at 0x7fc59b0d9a00>,101,17,[2 7],102,244,261,142,243
1,<environment.Job instance at 0x7fc59b0d9fa0>,102,12,[9 4],103,261,273,158,247
1,<environment.Job instance at 0x7fc59b0d9410>,106,3,[5 8],107,273,276,166,266
1,<environment.Job instance at 0x7fc5982471e0>,94,12,[ 2 10],95,276,288,181,266
1,<environment.Job instance at 0x7fc59b851690>,107,16,[2 8],108,288,304,180,278
1,<environment.Job instance at 0x7fc59af39aa0>,115,2,[8 3],116,304,306,188,278
1,<environment.Job instance at 0x7fc5502b70f0>,118,15,[6 3],119,306,321,187,292
1,<environment.Job instance at 0x7fc5502b75a0>,121,15,[8 3],122,321,336,199,307
1,<environment.Job instance at 0x7fc5502b7c30>,124,1,[5 5],125,336,337,211,308
1,<environment.Job instance at 0x7fc59af39140>,113,15,[ 4 10],114,337,352,223,325
1,<environment.Job instance at 0x7fc598665dc0>,134,12,[8 3],135,352,364,217,338
1,<environment.Job instance at 0x7fc59af39370>,112,18,[5 9],113,364,382,251,354
1,<environment.Job instance at 0x7fc598665190>,141,13,[ 5 10],142,382,395,240,368
1,<environment.Job instance at 0x7fc5503c0c30>,146,12,[7 5],147,395,407,248,378
1,<environment.Job instance at 0x7fc59b847460>,150,18,[6 2],151,407,425,256,396
1,<environment.Job instance at 0x7fc5983d6640>,152,17,[2 6],153,407,424,254,400
1,<environment.Job instance at 0x7fc598743c80>,155,13,[8 1],156,425,438,269,409
1,<environment.Job instance at 0x7fc59af45eb0>,159,14,[3 7],160,438,452,278,424
1,<environment.Job instance at 0x7fc5503260a0>,162,14,[5 9],163,452,466,289,439
1,<environment.Job instance at 0x7fc59af459b0>,165,17,[10  3],166,466,483,300,454
1,<environment.Job instance at 0x7fc59841cfa0>,168,17,[1 8],169,483,500,314,473
1,<environment.Job instance at 0x7fc5985212d0>,171,2,[7 3],172,500,502,328,478
1,<environment.Job instance at 0x7fc5506c9230>,172,14,[6 1],173,483,497,310,478
1,<environment.Job instance at 0x7fc59ac6dd70>,174,18,[4 9],175,539,557,364,539
1,<environment.Job instance at 0x7fc550a34a50>,176,13,[4 6],177,557,570,380,541
1,<environment.Job instance at 0x7fc5505e31e0>,2,2,[7 5],3,3,5,0,3
1,<environment.Job instance at 0x7fc550a1e0f0>,4,3,[1 5],5,5,8,0,5
1,<environment.Job instance at 0x7fc5985ab500>,1,17,[8 2],2,6,23,4,6
1,<environment.Job instance at 0x7fc5982ae370>,10,13,[9 5],11,23,36,12,14
1,<environment.Job instance at 0x7fc5982ae500>,14,3,[ 3 10],15,36,39,21,15
1,<environment.Job instance at 0x7fc550435140>,18,14,[2 6],19,39,53,20,24
1,<environment.Job instance at 0x7fc5982ae230>,19,17,[8 1],20,39,56,19,27
1,<environment.Job instance at 0x7fc550435780>,22,13,[1 9],23,53,66,30,38
1,<environment.Job instance at 0x7fc550435280>,20,12,[9 5],21,66,78,45,51
1,<environment.Job instance at 0x7fc550435460>,25,12,[7 1],26,78,90,52,61
1,<environment.Job instance at 0x7fc550435230>,30,1,[1 5],31,70,71,39,70
1,<environment.Job instance at 0x7fc550435e10>,31,2,[4 9],32,90,92,58,70
1,<environment.Job instance at 0x7fc550435a00>,32,12,[5 5],33,92,104,59,76
1,<environment.Job instance at 0x7fc5980adb40>,38,3,[8 5],39,104,107,65,93
1,<environment.Job instance at 0x7fc550435a50>,24,13,[5 9],25,107,120,82,93
1,<environment.Job instance at 0x7fc59b241230>,5,14,[3 9],6,120,134,114,105
1,<environment.Job instance at 0x7fc5980ad8c0>,41,3,[ 5 10],42,134,137,92,108
1,<environment.Job instance at 0x7fc598078aa0>,46,1,[4 5],47,137,138,90,122
1,<environment.Job instance at 0x7fc598078140>,47,1,[ 4 10],48,138,139,90,122
1,<environment.Job instance at 0x7fc5980ad2d0>,39,12,[10  1],40,139,151,99,122
1,<environment.Job instance at 0x7fc598078370>,50,14,[8 2],51,151,165,100,136
1,<environment.Job instance at 0x7fc598078c30>,52,2,[8 5],53,165,167,112,153
1,<environment.Job instance at 0x7fc5980784b0>,53,15,[5 8],54,167,182,113,153
1,<environment.Job instance at 0x7fc598078280>,58,15,[2 5],59,182,197,123,168
1,<environment.Job instance at 0x7fc598078550>,59,3,[ 3 10],60,197,200,137,171
1,<environment.Job instance at 0x7fc59807f410>,61,12,[5 2],62,177,189,115,177
1,<environment.Job instance at 0x7fc59807fe60>,63,16,[7 5],64,200,216,136,187
1,<environment.Job instance at 0x7fc59807ff00>,65,17,[9 4],66,216,233,150,204
1,<environment.Job instance at 0x7fc59807f5f0>,72,18,[8 1],73,233,251,160,222
1,<environment.Job instance at 0x7fc5980789b0>,48,16,[2 9],49,233,249,184,230
1,<environment.Job instance at 0x7fc598071960>,78,12,[4 6],79,251,263,172,234
1,<environment.Job instance at 0x7fc5980713c0>,80,2,[3 6],81,263,265,182,236
1,<environment.Job instance at 0x7fc598071d20>,82,18,[5 4],83,251,269,168,248
1,<environment.Job instance at 0x7fc5980ad9b0>,34,18,[ 5 10],35,269,287,234,258
1,<environment.Job instance at 0x7fc55082cf50>,99,16,[9 1],100,287,303,187,274
1,<environment.Job instance at 0x7fc55082cb90>,102,3,[2 7],103,303,306,200,284
1,<environment.Job instance at 0x7fc55082c500>,103,17,[2 6],104,306,323,202,294
1,<environment.Job instance at 0x7fc55082cc30>,106,13,[4 9],107,323,336,216,308
1,<environment.Job instance at 0x7fc598078190>,51,18,[10  3],52,336,354,284,325
1,<environment.Job instance at 0x7fc550826b90>,109,15,[10  1],110,354,369,244,341
1,<environment.Job instance at 0x7fc55084ed20>,115,18,[4 5],116,369,387,253,359
1,<environment.Job instance at 0x7fc55084e6e0>,118,3,[7 4],119,387,390,268,371
1,<environment.Job instance at 0x7fc55084edc0>,119,13,[ 3 10],120,390,403,270,376
1,<environment.Job instance at 0x7fc55084eeb0>,123,12,[3 7],124,403,415,279,389
1,<environment.Job instance at 0x7fc55084ee10>,126,13,[2 7],127,415,428,288,399
1,<environment.Job instance at 0x7fc55084e370>,128,14,[2 5],129,428,442,299,413
1,<environment.Job instance at 0x7fc55084eb40>,129,14,[7 5],130,428,442,298,414
1,<environment.Job instance at 0x7fc550851f00>,135,13,[9 1],136,442,455,306,428
1,<environment.Job instance at 0x7fc550851410>,136,18,[10  5],137,455,473,318,445
1,<environment.Job instance at 0x7fc550851be0>,139,12,[5 2],140,473,485,333,456
1,<environment.Job instance at 0x7fc5508519b0>,144,13,[9 2],145,485,498,340,469
1,<environment.Job instance at 0x7fc550851fa0>,147,16,[6 3],148,498,514,350,485
1,<environment.Job instance at 0x7fc598082f00>,158,12,[7 3],159,514,526,355,503
1,<environment.Job instance at 0x7fc59abf9be0>,159,2,[8 1],160,526,528,366,503
1,<environment.Job instance at 0x7fc59b84e730>,161,3,[4 5],162,528,531,366,512
1,<environment.Job instance at 0x7fc550322be0>,162,3,[5 3],163,528,531,365,512
1,<environment.Job instance at 0x7fc59b5de960>,163,16,[10  2],164,531,547,367,518
1,<environment.Job instance at 0x7fc5508d1a00>,165,15,[9 2],166,547,562,381,533
1,<environment.Job instance at 0x7fc59b257cd0>,169,18,[8 4],170,562,580,392,551
1,<environment.Job instance at 0x7fc550391aa0>,176,2,[5 2],177,580,582,403,564
1,<environment.Job instance at 0x7fc59835d550>,177,13,[5 7],178,580,593,402,564
1,<environment.Job instance at 0x7f94ae3db280>,0,17,[6 1],1,3,20,2,3
1,<environment.Job instance at 0x7f94a6fcc370>,7,14,[7 5],8,20,34,12,10
1,<environment.Job instance at 0x7f94a6fcc9b0>,11,3,[4 9],12,12,15,0,12
1,<environment.Job instance at 0x7f94a6fccd20>,16,18,[7 3],17,34,52,17,25
1,<environment.Job instance at 0x7f94a6fcc690>,9,12,[8 2],10,52,64,42,50
1,<environment.Job instance at 0x7f94a6fcf190>,22,12,[3 8],23,64,76,41,50
1,<environment.Job instance at 0x7f94a6fcf280>,24,2,[4 6],25,76,78,51,50
1,<environment.Job instance at 0x7f94a6fcf5f0>,25,2,[5 7],26,78,80,52,51
1,<environment.Job instance at 0x7f94a6fcf1e0>,23,16,[6 2],24,80,96,56,67
1,<environment.Job instance at 0x7f94a6fcc6e0>,8,17,[1 8],9,80,97,71,68
1,<environment.Job instance at 0x7f94a6fcfcd0>,34,14,[1 9],35,99,113,64,99
1,<environment.Job instance at 0x7f94a6fcfeb0>,37,14,[5 8],38,113,127,75,99
1,<environment.Job instance at 0x7f94a6fcf6e0>,41,1,[7 1],42,127,128,85,125
1,<environment.Job instance at 0x7f94a6fd1230>,42,2,[4 7],43,128,130,85,125
1,<environment.Job instance at 0x7f94a6fd12d0>,43,12,[4 5],44,130,142,86,125
1,<environment.Job instance at 0x7f94a6fd1370>,44,3,[5 1],45,128,131,83,125
1,<environment.Job instance at 0x7f94a6fd1550>,46,2,[3 5],47,131,133,84,126
1,<environment.Job instance at 0x7f94a6fd1460>,47,13,[ 3 10],48,142,155,94,129
1,<environment.Job instance at 0x7f94a6fd1fa0>,55,12,[2 6],56,155,167,99,144
1,<environment.Job instance at 0x7f94a6fd1f50>,56,3,[8 4],57,155,158,98,144
1,<environment.Job instance at 0x7f94a6fd15a0>,49,17,[10  2],50,167,184,117,155
1,<environment.Job instance at 0x7f94a6fd3280>,62,14,[4 9],63,184,198,121,169
1,<environment.Job instance at 0x7f94a6fd3960>,68,14,[6 4],69,198,212,129,183
1,<environment.Job instance at 0x7f94a6fd3d70>,72,18,[3 5],73,198,216,125,191
1,<environment.Job instance at 0x7f94a6fd3dc0>,75,3,[10  4],76,216,219,140,191
1,<environment.Job instance at 0x7f94a6fd3fa0>,76,13,[10  1],77,219,232,142,203
1,<environment.Job instance at 0x7f94a6fd62d0>,78,14,[6 1],79,232,246,153,217
1,<environment.Job instance at 0x7f94a6fcf870>,27,17,[4 6],28,232,249,204,221
1,<environment.Job instance at 0x7f94a6fd6870>,87,18,[7 1],88,249,267,161,238
1,<environment.Job instance at 0x7f94a6fd6730>,85,15,[1 7],86,249,264,163,242
1,<environment.Job instance at 0x7f94a6fd6910>,88,16,[4 9],89,267,283,178,254
1,<environment.Job instance at 0x7f94a6fd6eb0>,97,2,[6 2],98,283,285,185,266
1,<environment.Job instance at 0x7f94a6fda4b0>,100,2,[5 9],101,285,287,184,266
1,<environment.Job instance at 0x7f94a6fda410>,101,15,[2 7],102,287,302,185,273
1,<environment.Job instance at 0x7f94ae41ccd0>,103,16,[1 9],104,302,318,198,289
1,<environment.Job instance at 0x7f94a6fc3140>,107,18,[5 5],108,318,336,210,307
1,<environment.Job instance at 0x7f94a6fc3190>,108,3,[5 5],109,318,321,209,307
1,<environment.Job instance at 0x7f94a70f5410>,112,12,[1 6],113,336,348,223,320
1,<environment.Job instance at 0x7f94a7111410>,113,17,[5 1],114,321,338,207,320
1,<environment.Job instance at 0x7f94a7041140>,116,12,[8 4],117,338,350,221,321
1,<environment.Job instance at 0x7f94a6fcc910>,13,18,[5 9],14,350,368,336,339
1,<environment.Job instance at 0x7f94a70587d0>,123,3,[10  1],124,368,371,244,346
1,<environment.Job instance at 0x7f94a7206870>,126,2,[1 6],127,348,350,221,346
1,<environment.Job instance at 0x7f94a717e960>,127,14,[7 2],128,371,385,243,356
1,<environment.Job instance at 0x7f94a71834b0>,131,13,[3 8],132,371,384,239,360
1,<environment.Job instance at 0x7f94a7181910>,130,17,[9 5],131,385,402,254,374
1,<environment.Job instance at 0x7f94a715ac80>,138,3,[4 6],139,402,405,263,385
1,<environment.Job instance at 0x7f94a70ee5a0>,140,2,[7 5],141,405,407,264,385
1,<environment.Job instance at 0x7f94a7183190>,132,18,[10  4],133,407,425,274,397
1,<environment.Job instance at 0x7f94a707deb0>,143,1,[2 7],144,425,426,281,400
1,<environment.Job instance at 0x7f94a7088960>,147,2,[3 8],148,426,428,278,410
1,<environment.Job instance at 0x7f94a7088c80>,148,3,[4 8],149,428,431,279,410
1,<environment.Job instance at 0x7f94a7088820>,149,17,[5 7],150,431,448,281,419
1,<environment.Job instance at 0x7f94a70dee60>,155,17,[10  4],156,448,465,292,436
1,<environment.Job instance at 0x7f94a70eb7d0>,163,2,[9 4],164,465,467,301,457
1,<environment.Job instance at 0x7f94a70da1e0>,164,14,[10  5],165,467,481,302,457
1,<environment.Job instance at 0x7f94a6fe4f00>,3,12,[1 9],4,4,16,0,4
1,<environment.Job instance at 0x7f94a6febf00>,5,15,[5 3],6,16,31,10,6
1,<environment.Job instance at 0x7f94a6f71a00>,6,3,[7 5],7,31,34,24,7
1,<environment.Job instance at 0x7f94a6fe5230>,7,2,[5 3],8,16,18,8,8
1,<environment.Job instance at 0x7f94a6f73690>,12,3,[8 2],13,34,37,21,25
1,<environment.Job instance at 0x7f94a6f715f0>,9,3,[10  4],10,37,40,27,25
1,<environment.Job instance at 0x7f94a6f73230>,13,14,[5 9],14,40,54,26,25
1,<environment.Job instance at 0x7f94a6f73910>,17,2,[10  3],18,54,56,36,28
1,<environment.Job instance at 0x7f94a6f73320>,19,15,[5 5],20,56,71,36,42
1,<environment.Job instance at 0x7f94a6f73c80>,22,13,[2 5],23,56,69,33,49
1,<environment.Job instance at 0x7f94a6f734b0>,24,16,[5 6],25,71,87,46,59
1,<environment.Job instance at 0x7f94a6f72230>,26,16,[1 8],27,87,103,60,74
1,<environment.Job instance at 0x7f94a6f72140>,30,3,[4 8],31,103,106,72,77
1,<environment.Job instance at 0x7f94a6f72d70>,31,3,[5 3],32,77,80,45,77
1,<environment.Job instance at 0x7f94a6f72e10>,32,15,[8 2],33,87,102,54,77
1,<environment.Job instance at 0x7f94a6f72f00>,36,2,[10  2],37,106,108,69,90
1,<environment.Job instance at 0x7f94a6f72c80>,37,12,[4 8],38,108,120,70,91
1,<environment.Job instance at 0x7f94a6f72fa0>,39,13,[4 5],40,120,133,80,107
1,<environment.Job instance at 0x7f94a6f79550>,44,2,[3 8],45,133,135,88,108
1,<environment.Job instance at 0x7f94a6f79780>,45,18,[5 4],46,135,153,89,124
1,<environment.Job instance at 0x7f94633c7190>,51,13,[8 1],52,153,166,101,137
1,<environment.Job instance at 0x7f94633c7550>,53,13,[9 2],54,166,179,112,150
1,<environment.Job instance at 0x7f94633d0c80>,57,14,[10  3],58,179,193,121,164
1,<environment.Job instance at 0x7f94633d0910>,67,14,[10  5],68,193,207,125,180
1,<environment.Job instance at 0x7f9463354f00>,74,3,[5 4],75,207,210,132,190
1,<environment.Job instance at 0x7f9463354280>,76,15,[6 5],77,210,225,133,200
1,<environment.Job instance at 0x7f9463354cd0>,77,1,[4 6],78,207,208,129,201
1,<environment.Job instance at 0x7f9463354dc0>,78,17,[1 5],79,208,225,129,202
1,<environment.Job instance at 0x7f9463351640>,81,3,[5 9],82,225,228,143,209
1,<environment.Job instance at 0x7f94633515a0>,83,13,[8 3],84,228,241,144,218
1,<environment.Job instance at 0x7f9463351320>,84,3,[7 5],85,241,244,156,218
1,<environment.Job instance at 0x7f94633510f0>,87,15,[3 6],88,244,259,156,231
1,<environment.Job instance at 0x7f9463351f00>,90,15,[5 8],91,259,274,168,245
1,<environment.Job instance at 0x7f94633c98c0>,98,13,[8 4],99,274,287,175,259
1,<environment.Job instance at 0x7f94a6f71780>,3,3,[2 8],4,4,7,0,4
1,<environment.Job instance at 0x7f94a6f715a0>,6,17,[7 4],7,7,24,0,7
1,<environment.Job instance at 0x7f94a6f723c0>,2,17,[8 2],3,24,41,21,12
1,<environment.Job instance at 0x7f9463310f00>,12,1,[10  4],13,41,42,28,13
1,<environment.Job instance at 0x7f94a6feb230>,10,15,[1 9],11,42,57,31,28
1,<environment.Job instance at 0x7f94a6dc19b0>,18,15,[10  4],19,57,72,38,43
1,<environment.Job instance at 0x7f94a6dc1cd0>,20,16,[8 5],21,72,88,51,63
1,<environment.Job instance at 0x7f94a71ebf00>,24,17,[2 6],25,88,105,63,76
1,<environment.Job instance at 0x7f94ada3a730>,29,1,[8 5],30,105,106,75,78
1,<environment.Job instance at 0x7f94632144b0>,31,16,[4 5],32,106,122,74,95
1,<environment.Job instance at 0x7f94a6d387d0>,35,14,[6 1],36,106,120,70,97
1,<environment.Job instance at 0x7f94a6d50eb0>,40,12,[10  5],41,122,134,81,108
1,<environment.Job instance at 0x7f9463272fa0>,45,13,[7 4],46,134,147,88,118
1,<environment.Job instance at 0x7f94632af6e0>,51,3,[7 4],52,147,150,95,133
1,<environment.Job instance at 0x7f94632af0f0>,52,12,[7 5],53,150,162,97,133
1,<environment.Job instance at 0x7f94632af1e0>,53,1,[5 8],54,162,163,108,134
1,<environment.Job instance at 0x7f9463310640>,14,18,[10  5],15,163,181,148,158
1,<environment.Job instance at 0x7f94632765a0>,58,14,[8 2],59,181,195,122,166
1,<environment.Job instance at 0x7f94632afaf0>,55,17,[ 5 10],56,195,212,139,189
1,<environment.Job instance at 0x7f9463276d20>,61,1,[3 6],62,212,213,150,189
1,<environment.Job instance at 0x7f9463276460>,63,13,[ 4 10],64,234,247,170,234
1,<environment.Job instance at 0x7f94632769b0>,65,3,[8 5],66,247,250,181,234
1,<environment.Job instance at 0x7f94a6d364b0>,66,14,[2 5],67,247,261,180,234
1,<environment.Job instance at 0x7f94a6d365a0>,67,1,[4 6],68,261,262,193,234
1,<environment.Job instance at 0x7f9463285e60>,71,17,[7 5],72,262,279,190,251
1,<environment.Job instance at 0x7f94633079b0>,73,3,[10  3],74,279,282,205,253
1,<environment.Job instance at 0x7f94632ba140>,75,14,[3 8],76,282,296,206,268
1,<environment.Job instance at 0x7f94a6f713c0>,3,14,[6 5],4,4,18,0,4
1,<environment.Job instance at 0x7f9463631730>,4,12,[9 3],5,18,30,13,6
1,<environment.Job instance at 0x7f94635ae3c0>,5,1,[1 8],6,30,31,24,7
1,<environment.Job instance at 0x7f94636582d0>,7,2,[3 7],8,31,33,23,8
1,<environment.Job instance at 0x7f94635b2370>,8,2,[1 6],9,18,20,9,11
1,<environment.Job instance at 0x7f946360a820>,14,1,[3 5],15,33,34,18,25
1,<environment.Job instance at 0x7f9463656a50>,19,13,[4 7],20,46,59,26,46
1,<environment.Job instance at 0x7f9463656370>,20,16,[10  1],21,59,75,38,49
1,<environment.Job instance at 0x7f946385f280>,26,12,[6 4],27,75,87,48,58
1,<environment.Job instance at 0x7f94638772d0>,30,17,[10  2],31,87,104,56,77
1,<environment.Job instance at 0x7f94addfffa0>,32,14,[5 1],33,104,118,71,90
1,<environment.Job instance at 0x7f94638180f0>,2,2,[3 9],3,3,5,0,3
1,<environment.Job instance at 0x7f94add0ebe0>,3,17,[6 1],4,4,21,0,4
1,<environment.Job instance at 0x7f9463630c30>,4,3,[9 2],5,21,24,16,5
1,<environment.Job instance at 0x7f94a72f65f0>,5,3,[8 2],6,24,27,18,6
1,<environment.Job instance at 0x7f94a7096410>,10,3,[ 1 10],11,27,30,16,11
1,<environment.Job instance at 0x7f946323a640>,12,3,[5 7],13,30,33,17,13
1,<environment.Job instance at 0x7f94a73e73c0>,14,12,[3 7],15,33,45,18,18
1,<environment.Job instance at 0x7f94a6f71fa0>,9,18,[5 2],10,30,48,20,22
1,<environment.Job instance at 0x7f9463906730>,18,15,[6 2],19,48,63,29,34
1,<environment.Job instance at 0x7f9463906370>,21,14,[1 7],22,45,59,23,34
1,<environment.Job instance at 0x7f94636258c0>,28,16,[8 4],29,63,79,34,55
1,<environment.Job instance at 0x7f94636255a0>,32,1,[6 5],33,79,80,46,75
1,<environment.Job instance at 0x7f946377eb40>,34,13,[7 3],35,80,93,45,75
1,<environment.Job instance at 0x7f94a7051b40>,38,1,[6 4],39,97,98,58,97
1,<environment.Job instance at 0x7f94636255f0>,33,18,[ 2 10],34,99,117,65,99
1,<environment.Job instance at 0x7f94a70510a0>,41,12,[3 9],42,117,129,75,100
1,<environment.Job instance at 0x7f94a70515f0>,42,2,[10  4],43,129,131,86,102
1,<environment.Job instance at 0x7f9463906690>,17,16,[2 7],18,131,147,113,120
1,<environment.Job instance at 0x7f94a7051eb0>,46,2,[5 7],47,147,149,100,120
1,<environment.Job instance at 0x7f94a7051050>,47,1,[2 8],48,149,150,101,121
1,<environment.Job instance at 0x7f94a70511e0>,48,2,[6 4],49,150,152,101,124
1,<environment.Job instance at 0x7f946387faa0>,51,2,[3 5],52,150,152,98,142
1,<environment.Job instance at 0x7f94add6e4b0>,52,1,[5 5],53,152,153,99,146
1,<environment.Job instance at 0x7f946387fa00>,50,12,[3 6],51,153,165,102,147
1,<environment.Job instance at 0x7f94a6e14140>,58,15,[5 5],59,165,180,106,151
1,<environment.Job instance at 0x7f94a6e1adc0>,54,14,[4 6],55,180,194,125,167
1,<environment.Job instance at 0x7f94638690a0>,65,3,[6 4],66,180,183,114,171
1,<environment.Job instance at 0x7f94638698c0>,66,15,[5 1],67,183,198,116,171
1,<environment.Job instance at 0x7f9463869500>,67,3,[3 8],68,194,197,126,171
1,<environment.Job instance at 0x7f9463862500>,69,1,[4 5],70,197,198,127,180
1,<environment.Job instance at 0x7f9463862fa0>,70,18,[2 7],71,198,216,127,187
1,<environment.Job instance at 0x7f94638626e0>,71,15,[6 3],72,198,213,126,187
1,<environment.Job instance at 0x7f94638621e0>,76,13,[6 5],77,216,229,139,201
1,<environment.Job instance at 0x7f94a6dfb370>,61,18,[5 9],62,229,247,167,219
1,<environment.Job instance at 0x7f94638620a0>,79,18,[7 4],80,247,265,167,236
1,<environment.Job instance at 0x7f9463869370>,63,18,[3 7],64,265,283,201,254
1,<environment.Job instance at 0x7f9463863dc0>,84,18,[3 6],85,283,301,198,273
1,<environment.Job instance at 0x7f94a6f71730>,1,15,[5 5],2,2,17,0,2
1,<environment.Job instance at 0x7f94635ae1e0>,5,1,[10  5],6,17,18,11,6
1,<environment.Job instance at 0x7f9463630d20>,6,13,[8 4],7,18,31,11,8
1,<environment.Job instance at 0x7f94635ea690>,12,3,[7 1],13,31,34,18,19
1,<environment.Job instance at 0x7f94635ea1e0>,13,2,[7 5],14,34,36,20,19
1,<environment.Job instance at 0x7f94635ea550>,14,13,[5 7],15,36,49,21,20
1,<environment.Job instance at 0x7f94635ea6e0>,9,2,[6 4],10,49,51,39,22
1,<environment.Job instance at 0x7f94635ea410>,11,3,[5 9],12,51,54,39,25
1,<environment.Job instance at 0x7f94635eacd0>,18,3,[3 5],19,31,34,12,29
1,<environment.Job instance at 0x7f94635eab90>,15,17,[8 5],16,54,71,38,42
1,<environment.Job instance at 0x7f94635eaf00>,22,15,[4 9],23,71,86,48,59
1,<environment.Job instance at 0x7f946360c690>,26,16,[7 5],27,86,102,59,73
1,<environment.Job instance at 0x7f9463633f00>,28,13,[7 1],29,102,115,73,91
1,<environment.Job instance at 0x7f94635eae10>,23,18,[8 3],24,115,133,91,104
1,<environment.Job instance at 0x7f94636330a0>,37,2,[10  5],38,133,135,95,117
1,<environment.Job instance at 0x7f94636335f0>,34,14,[5 8],35,135,149,100,121
1,<environment.Job instance at 0x7f94ad95a780>,41,13,[5 2],42,135,148,93,135
1,<environment.Job instance at 0x7f94ad95afa0>,42,18,[5 3],43,149,167,106,138
1,<environment.Job instance at 0x7f94ad95aaa0>,44,18,[6 3],45,167,185,122,162
1,<environment.Job instance at 0x7f94ad95a8c0>,48,13,[2 7],49,163,176,114,163
1,<environment.Job instance at 0x7f94ad95a0a0>,49,15,[4 7],50,176,191,126,163
1,<environment.Job instance at 0x7f94ad95aa00>,38,17,[9 2],39,191,208,152,180
1,<environment.Job instance at 0x7f94a6e49690>,55,17,[6 4],56,208,225,152,196
1,<environment.Job instance at 0x7f94a6e49780>,59,13,[8 4],60,225,238,165,209
1,<environment.Job instance at 0x7f94a6e49a50>,64,16,[2 5],65,236,252,171,236
1,<environment.Job instance at 0x7f94a6e49370>,66,3,[3 9],67,252,255,185,236
1,<environment.Job instance at 0x7f94a6e49500>,67,3,[5 6],68,255,258,187,236
1,<environment.Job instance at 0x7f94a6e49960>,69,13,[7 1],70,238,251,168,237
1,<environment.Job instance at 0x7f94636505a0>,70,3,[10  2],71,258,261,187,237
1,<environment.Job instance at 0x7f9463650a00>,72,14,[3 8],73,261,275,188,246
1,<environment.Job instance at 0x7f94636504b0>,74,12,[9 3],75,275,287,200,258
1,<environment.Job instance at 0x7f9463650eb0>,77,18,[2 6],78,287,305,209,276
1,<environment.Job instance at 0x7f94636508c0>,80,13,[7 1],81,289,302,208,289
1,<environment.Job instance at 0x7f9463650820>,79,12,[10  4],80,305,317,225,291
1,<environment.Job instance at 0x7f9463643320>,87,13,[5 1],88,317,330,229,305
1,<environment.Job instance at 0x7f94636432d0>,84,15,[10  1],85,330,345,245,321
1,<environment.Job instance at 0x7f94a6f5edc0>,91,3,[10  5],92,345,348,253,342
1,<environment.Job instance at 0x7f94a6f5e410>,92,14,[4 6],93,348,362,255,344
1,<environment.Job instance at 0x7f94a6f5ecd0>,94,15,[5 5],95,362,377,267,348
1,<environment.Job instance at 0x7f94a6f1fa50>,97,3,[3 6],98,377,380,279,351
1,<environment.Job instance at 0x7f94add06e10>,100,13,[7 3],101,377,390,276,361
1,<environment.Job instance at 0x7f94ad9c40a0>,104,18,[9 1],105,390,408,285,381
1,<environment.Job instance at 0x7f94ada3b4b0>,2,3,[8 1],3,3,6,0,3
1,<environment.Job instance at 0x7f946362daa0>,1,3,[9 5],2,6,9,4,4
1,<environment.Job instance at 0x7f94a6f0de10>,3,17,[7 4],4,9,26,5,4
1,<environment.Job instance at 0x7f94a7239960>,7,1,[6 5],8,26,27,18,8
1,<environment.Job instance at 0x7f94adda00a0>,9,1,[8 2],10,27,28,17,10
1,<environment.Job instance at 0x7f94add21dc0>,11,14,[1 5],12,14,28,2,14
1,<environment.Job instance at 0x7f94adcc18c0>,14,12,[9 4],15,28,40,13,15
1,<environment.Job instance at 0x7f946362dfa0>,0,15,[4 8],1,40,55,39,26
1,<environment.Job instance at 0x7f94ad947e10>,21,18,[5 5],22,55,73,33,44
1,<environment.Job instance at 0x7f94a70da550>,24,16,[4 7],25,73,89,48,60
1,<environment.Job instance at 0x7f94ad9fe280>,30,2,[5 8],31,89,91,58,69
1,<environment.Job instance at 0x7f94ad868820>,33,1,[6 5],34,91,92,57,70
1,<environment.Job instance at 0x7f94ad868550>,34,1,[4 9],35,92,93,57,70
1,<environment.Job instance at 0x7f94ad947c80>,20,16,[3 7],21,93,109,72,80
1,<environment.Job instance at 0x7f94add53fa0>,12,18,[ 2 10],13,109,127,96,101
1,<environment.Job instance at 0x7f94adc690a0>,42,15,[ 1 10],43,127,142,84,113
1,<environment.Job instance at 0x7f94adbb2230>,48,17,[10  4],49,142,159,93,130
1,<environment.Job instance at 0x7f94ad7c4190>,51,17,[4 7],52,159,176,107,148
1,<environment.Job instance at 0x7f94ad7c4f50>,53,17,[4 9],54,176,193,122,167
1,<environment.Job instance at 0x7f94a6f9ffa0>,61,16,[2 7],62,193,209,131,180
1,<environment.Job instance at 0x7f94a6f9f280>,65,18,[6 2],66,193,211,127,184
1,<environment.Job instance at 0x7f94a6fa5a50>,67,13,[ 5 10],68,211,224,143,195
1,<environment.Job instance at 0x7f94a7065b40>,72,18,[4 5],73,224,242,151,213
1,<environment.Job instance at 0x7f94adb92690>,0,2,[8 2],1,5,7,4,5
1,<environment.Job instance at 0x7f94a72dc230>,5,3,[7 3],6,7,10,1,6
1,<environment.Job instance at 0x7f94adc87dc0>,6,2,[5 5],7,10,12,3,8
1,<environment.Job instance at 0x7f94adbf58c0>,7,3,[ 1 10],8,12,15,4,8
1,<environment.Job instance at 0x7f94a70eb3c0>,10,3,[8 2],11,15,18,4,12
1,<environment.Job instance at 0x7f94a6f9fdc0>,15,15,[10  1],16,18,33,2,18
1,<environment.Job instance at 0x7f94a7317eb0>,20,3,[10  4],21,33,36,12,30
1,<environment.Job instance at 0x7f94ad947aa0>,21,17,[5 6],22,36,53,14,30
1,<environment.Job instance at 0x7f94a6f87eb0>,24,12,[4 9],25,53,65,28,38
1,<environment.Job instance at 0x7f94a6f87dc0>,25,12,[7 2],26,65,77,39,51
1,<environment.Job instance at 0x7f94ad947140>,22,16,[10  1],23,77,93,54,64
1,<environment.Job instance at 0x7f94a72e0050>,35,12,[1 9],36,93,105,57,80
1,<environment.Job instance at 0x7f94a72e00a0>,36,13,[8 3],37,105,118,68,89
1,<environment.Job instance at 0x7f94a72e0a50>,40,2,[2 9],41,118,120,77,91
1,<environment.Job instance at 0x7f94a72e04b0>,43,12,[5 9],44,120,132,76,105
1,<environment.Job instance at 0x7f94a7183f00>,23,17,[ 2 10],24,132,149,108,121
1,<environment.Job instance at 0x7f9463150820>,51,19,[5 5],52,149,168,97,139
1,<environment.Job instance at 0x7f9463150a50>,52,3,[5 8],53,168,171,115,142
1,<environment.Job instance at 0x7f94631509b0>,54,13,[10  5],55,171,184,116,156
1,<environment.Job instance at 0x7f9463150dc0>,57,3,[5 7],58,184,187,126,158
1,<environment.Job instance at 0x7f9463150f50>,59,12,[7 1],60,187,199,127,170
1,<environment.Job instance at 0x7f94632490f0>,62,2,[9 4],63,199,201,136,188
1,<environment.Job instance at 0x7f94632491e0>,63,14,[5 6],64,201,215,137,188
1,<environment.Job instance at 0x7f94ad9e2370>,3,14,[4 6],4,5,19,1,5
1,<environment.Job instance at 0x7f94a6f4a0f0>,6,12,[5 8],7,19,31,12,8
1,<environment.Job instance at 0x7f94a6f9f870>,7,3,[2 5],8,31,34,23,8
1,<environment.Job instance at 0x7f94ade63910>,11,13,[5 2],12,12,25,0,12
1,<environment.Job instance at 0x7f94ade634b0>,13,14,[9 2],14,34,48,20,20
1,<environment.Job instance at 0x7f94ada76190>,16,3,[2 7],17,48,51,31,23
1,<environment.Job instance at 0x7f94ade63aa0>,12,14,[9 2],13,51,65,38,37
1,<environment.Job instance at 0x7f94637665f0>,22,14,[7 1],23,65,79,42,50
1,<environment.Job instance at 0x7f94a6f185a0>,1,17,[3 7],2,65,82,63,61
1,<environment.Job instance at 0x7f946397cd70>,28,2,[7 4],29,82,84,53,66
1,<environment.Job instance at 0x7f946364f0f0>,30,14,[6 3],31,84,98,53,69
1,<environment.Job instance at 0x7f946397ccd0>,31,16,[9 2],32,98,114,66,85
1,<environment.Job instance at 0x7f94a7347460>,36,3,[5 5],37,114,117,77,98
1,<environment.Job instance at 0x7f94635c77d0>,37,17,[9 1],38,117,134,79,106
1,<environment.Job instance at 0x7f94ad8b2eb0>,42,13,[ 4 10],43,134,147,91,118
1,<environment.Job instance at 0x7f94ad9c0fa0>,46,14,[9 1],47,147,161,100,132
1,<environment.Job instance at 0x7f94ad916910>,50,12,[8 4],51,161,173,110,144
1,<environment.Job instance at 0x7f94a7250dc0>,54,12,[7 5],55,173,185,118,162
1,<environment.Job instance at 0x7f94a7250500>,57,3,[3 6],58,185,188,127,166
1,<environment.Job instance at 0x7f94a7250370>,58,2,[5 6],59,188,190,129,166
1,<environment.Job instance at 0x7f94a7250b40>,59,18,[ 1 10],60,190,208,130,180
1,<environment.Job instance at 0x7f94ad880690>,63,2,[2 6],64,208,210,144,181
1,<environment.Job instance at 0x7f9463242b40>,68,14,[9 3],69,210,224,141,195
1,<environment.Job instance at 0x7f9463242050>,69,3,[3 8],70,224,227,154,198
1,<environment.Job instance at 0x7f94636242d0>,71,15,[3 7],72,227,242,155,218
1,<environment.Job instance at 0x7f94add472d0>,73,2,[4 9],74,242,244,168,218
1,<environment.Job instance at 0x7f94add47050>,76,15,[3 5],77,244,259,167,230
1,<environment.Job instance at 0x7f94635923c0>,79,3,[4 7],80,259,262,179,233
1,<environment.Job instance at 0x7f9463592eb0>,84,18,[9 2],85,262,280,177,251
1,<environment.Job instance at 0x7f9463592dc0>,85,18,[10  4],86,280,298,194,269
1,<environment.Job instance at 0x7f94635925a0>,89,1,[10  5],90,298,299,208,282
1,<environment.Job instance at 0x7f9463592be0>,90,15,[10  5],91,299,314,208,285
1,<environment.Job instance at 0x7f94635928c0>,92,12,[4 6],93,314,326,221,301
1,<environment.Job instance at 0x7f9463592c80>,93,2,[5 2],94,314,316,220,301
1,<environment.Job instance at 0x7f9463592870>,94,18,[8 4],95,326,344,231,315
1,<environment.Job instance at 0x7f94635a5960>,8,17,[2 5],9,30,47,21,30
1,<environment.Job instance at 0x7f94635a5870>,10,2,[10  3],11,47,49,36,43
1,<environment.Job instance at 0x7f9463478a00>,16,3,[7 1],17,49,52,32,47
1,<environment.Job instance at 0x7f9463478500>,19,15,[2 8],20,57,72,37,57
1,<environment.Job instance at 0x7f94634782d0>,20,17,[2 7],21,72,89,51,60
1,<environment.Job instance at 0x7f94a6daa9b0>,21,1,[10  4],22,89,90,67,61
1,<environment.Job instance at 0x7f94a6daae60>,22,2,[6 2],23,62,64,39,62
1,<environment.Job instance at 0x7f946346b730>,25,2,[9 4],26,90,92,64,69
1,<environment.Job instance at 0x7f946346b820>,26,2,[5 5],27,92,94,65,69
1,<environment.Job instance at 0x7f9463651820>,28,3,[4 5],29,92,95,63,77
1,<environment.Job instance at 0x7f94634784b0>,17,15,[8 4],18,95,110,77,95
1,<environment.Job instance at 0x7f94633c7dc0>,33,3,[9 5],34,110,113,76,95
1,<environment.Job instance at 0x7f94a6eb0870>,36,15,[7 3],37,113,128,76,108
1,<environment.Job instance at 0x7f94a6eb00f0>,37,15,[5 4],38,128,143,90,117
1,<environment.Job instance at 0x7f94a6d884b0>,39,14,[ 1 10],40,143,157,103,133
1,<environment.Job instance at 0x7f94ad95cf00>,43,13,[5 1],44,157,170,113,141
1,<environment.Job instance at 0x7f94a6f54410>,6,18,[3 6],7,158,176,151,158
1,<environment.Job instance at 0x7f94a717ff50>,51,14,[8 1],52,176,190,124,161
1,<environment.Job instance at 0x7f94a717fa50>,50,15,[9 4],51,190,205,139,176
1,<environment.Job instance at 0x7f9463674730>,56,16,[6 4],57,205,221,148,198
1,<environment.Job instance at 0x7f9463674320>,65,12,[9 4],66,221,233,155,204
1,<environment.Job instance at 0x7f94adf69280>,70,14,[5 7],71,233,247,162,219
1,<environment.Job instance at 0x7f94ad832e60>,72,2,[6 2],73,247,249,174,220
1,<environment.Job instance at 0x7f94ad8320f0>,73,2,[ 5 10],74,249,251,175,222
1,<environment.Job instance at 0x7f94a6fa5e60>,75,17,[4 6],76,251,268,175,239
1,<environment.Job instance at 0x7f94ad9fea00>,83,1,[6 5],84,268,269,184,251
1,<environment.Job instance at 0x7f94ad9fef50>,84,15,[6 1],85,269,284,184,255
1,<environment.Job instance at 0x7f94ad9fe5a0>,85,17,[2 7],86,269,286,183,258
1,<environment.Job instance at 0x7f9463687960>,89,1,[ 4 10],90,286,287,196,267
1,<environment.Job instance at 0x7f94a6fa5730>,77,13,[ 2 10],78,287,300,209,271
1,<environment.Job instance at 0x7f9463687280>,91,2,[8 3],92,284,286,192,271
1,<environment.Job instance at 0x7f94a6f45a00>,93,12,[5 8],94,300,312,206,289
1,<environment.Job instance at 0x7f94a6f45dc0>,94,3,[5 2],95,300,303,205,289
1,<environment.Job instance at 0x7f94a747bcd0>,98,1,[2 8],99,312,313,213,292
1,<environment.Job instance at 0x7f94adf50730>,100,2,[ 3 10],101,313,315,212,294
1,<environment.Job instance at 0x7f9463687230>,92,13,[3 9],93,315,328,222,299
1,<environment.Job instance at 0x7f94a738d550>,103,14,[3 7],104,328,342,224,314
1,<environment.Job instance at 0x7f94635db280>,105,13,[6 3],106,328,341,222,314
1,<environment.Job instance at 0x7f94a717f410>,49,17,[1 9],50,342,359,292,330
1,<environment.Job instance at 0x7f94635dbbe0>,114,16,[10  2],115,359,375,244,346
1,<environment.Job instance at 0x7f94635db500>,116,16,[5 6],117,375,391,258,362
1,<environment.Job instance at 0x7f94635dbd20>,119,13,[4 7],120,391,404,271,375
1,<environment.Job instance at 0x7f94635db820>,120,2,[6 2],121,391,393,270,375
1,<environment.Job instance at 0x7f9463418e10>,123,12,[9 5],124,404,416,280,387
1,<environment.Job instance at 0x7f94a717faa0>,54,18,[6 4],55,416,434,361,405
1,<environment.Job instance at 0x7f9463418dc0>,127,17,[3 7],128,434,451,306,423
1,<environment.Job instance at 0x7f9463418690>,131,13,[6 3],132,434,447,302,433
1,<environment.Job instance at 0x7f94634183c0>,132,3,[3 5],133,451,454,318,433
1,<environment.Job instance at 0x7f9463418b40>,125,14,[5 8],126,454,468,328,439
1,<environment.Job instance at 0x7f9463780a50>,140,3,[1 7],141,468,471,327,450
1,<environment.Job instance at 0x7f94637805f0>,141,14,[10  5],142,471,485,329,457
1,<environment.Job instance at 0x7f9463780d20>,144,3,[3 5],145,485,488,340,468
1,<environment.Job instance at 0x7f9463780cd0>,145,15,[7 2],146,485,500,339,471
1,<environment.Job instance at 0x7f94634181e0>,136,18,[1 8],137,491,509,354,491
1,<environment.Job instance at 0x7f94ad9b68c0>,3,3,[2 6],4,4,7,0,4
1,<environment.Job instance at 0x7f94adb33c80>,4,3,[3 8],5,7,10,2,5
1,<environment.Job instance at 0x7f94ad9b65a0>,2,12,[ 4 10],3,10,22,7,6
1,<environment.Job instance at 0x7f9463534870>,11,13,[6 3],12,22,35,10,12
1,<environment.Job instance at 0x7f94ad9e2aa0>,8,12,[9 1],9,35,47,26,20
1,<environment.Job instance at 0x7f94638bf780>,17,1,[9 3],18,47,48,29,20
1,<environment.Job instance at 0x7f94638bfb40>,16,16,[5 8],17,48,64,31,35
1,<environment.Job instance at 0x7f94638bfeb0>,18,16,[6 3],19,64,80,45,51
1,<environment.Job instance at 0x7f94a6f65b90>,0,16,[6 4],1,80,96,79,68
1,<environment.Job instance at 0x7f94a6f699b0>,29,3,[8 3],30,96,99,66,70
1,<environment.Job instance at 0x7f94a6f698c0>,30,12,[1 9],31,99,111,68,82
1,<environment.Job instance at 0x7f94a6f69dc0>,31,12,[3 5],32,82,94,50,82
1,<environment.Job instance at 0x7f94a6f69e10>,32,18,[3 6],33,111,129,78,101
1,<environment.Job instance at 0x7f94adc8ac80>,42,17,[5 3],43,117,134,74,117
1,<environment.Job instance at 0x7f94adc8ae60>,43,18,[4 6],44,129,147,85,122
1,<environment.Job instance at 0x7f94adc8a320>,46,16,[7 4],47,147,163,100,135
1,<environment.Job instance at 0x7f94adc8a8c0>,50,16,[7 5],51,163,179,112,150
1,<environment.Job instance at 0x7f94adc63870>,58,14,[3 7],59,179,193,120,164
1,<environment.Job instance at 0x7f94adc63370>,62,14,[1 7],63,193,207,130,178
1,<environment.Job instance at 0x7f94adc63d70>,66,17,[7 1],67,188,205,121,188
1,<environment.Job instance at 0x7f94a6f69910>,28,14,[10  3],29,207,221,178,193
1,<environment.Job instance at 0x7f94adc3a3c0>,76,1,[10  1],77,221,222,144,193
1,<environment.Job instance at 0x7f94adc3a320>,77,12,[8 1],78,222,234,144,206
1,<environment.Job instance at 0x7f94a6f691e0>,3,14,[2 7],4,6,20,2,6
1,<environment.Job instance at 0x7f94635db460>,7,14,[7 2],8,9,23,1,9
1,<environment.Job instance at 0x7f94635db370>,9,17,[1 7],10,20,37,10,11
1,<environment.Job instance at 0x7f94ad806410>,11,3,[7 5],12,37,40,25,12
1,<environment.Job instance at 0x7f94ad806e10>,13,15,[1 5],14,37,52,23,25
1,<environment.Job instance at 0x7f94ad806280>,14,12,[9 4],15,40,52,25,25
1,<environment.Job instance at 0x7f94a6fe4780>,18,17,[9 3],19,52,69,33,40
1,<environment.Job instance at 0x7f94a6fe4d70>,23,15,[7 2],24,69,84,45,55
1,<environment.Job instance at 0x7f94ade07f50>,25,1,[10  2],26,84,85,58,56
1,<environment.Job instance at 0x7f94ade07aa0>,28,17,[3 6],29,85,102,56,73
1,<environment.Job instance at 0x7f94ade07960>,32,15,[4 7],33,102,117,69,89
1,<environment.Job instance at 0x7f94638b1a00>,36,16,[1 9],37,117,133,80,104
1,<environment.Job instance at 0x7f94a6db0140>,43,12,[5 5],44,133,145,89,116
1,<environment.Job instance at 0x7f94a6db07d0>,45,13,[10  4],46,145,158,99,132
1,<environment.Job instance at 0x7f94a6db0a50>,48,18,[4 6],49,158,176,109,147
1,<environment.Job instance at 0x7f946375d050>,51,3,[5 4],52,158,161,106,155
1,<environment.Job instance at 0x7f94a6f69870>,6,17,[10  4],7,176,193,169,165
1,<environment.Job instance at 0x7f946375d0a0>,53,18,[10  1],54,193,211,139,183
1,<environment.Job instance at 0x7f94a6f45e10>,58,3,[9 1],59,211,214,152,187
1,<environment.Job instance at 0x7f94adc3a6e0>,1,16,[5 9],2,214,230,212,202
1,<environment.Job instance at 0x7f94a6f455a0>,61,16,[9 3],62,230,246,168,219
1,<environment.Job instance at 0x7f94a6f45730>,65,13,[7 3],66,246,259,180,230
1,<environment.Job instance at 0x7f94adc63050>,2,3,[10  5],3,3,6,0,3
1,<environment.Job instance at 0x7f94a71e6d20>,8,2,[8 4],9,9,11,0,9
1,<environment.Job instance at 0x7f94ad913370>,4,17,[7 2],5,11,28,6,10
1,<environment.Job instance at 0x7f94a71e6960>,7,14,[3 8],8,13,27,5,13
1,<environment.Job instance at 0x7f94ad8868c0>,0,13,[4 5],1,28,41,27,13
1,<environment.Job instance at 0x7f94a6db8c80>,18,3,[9 2],19,41,44,22,19
1,<environment.Job instance at 0x7f94add01a50>,22,3,[8 5],23,44,47,21,23
1,<environment.Job instance at 0x7f94add01460>,24,14,[2 5],25,27,41,2,25
1,<environment.Job instance at 0x7f94add01f00>,25,3,[ 1 10],26,47,50,21,26
1,<environment.Job instance at 0x7f94a73e5f00>,28,3,[2 6],29,50,53,21,29
1,<environment.Job instance at 0x7f94add010f0>,20,13,[4 7],21,53,66,32,37
1,<environment.Job instance at 0x7f94a73e50f0>,34,3,[5 7],35,66,69,31,41
1,<environment.Job instance at 0x7f94a73e5b90>,33,17,[6 1],34,69,86,35,57
1,<environment.Job instance at 0x7f94a73e5f50>,40,12,[9 1],41,86,98,45,69
1,<environment.Job instance at 0x7f94adc98eb0>,44,18,[2 6],45,98,116,53,87
1,<environment.Job instance at 0x7f9463695cd0>,48,17,[2 8],49,116,133,67,104
1,<environment.Job instance at 0x7f9463695eb0>,54,3,[ 2 10],55,133,136,78,107
1,<environment.Job instance at 0x7f94636957d0>,56,3,[9 5],57,136,139,79,110
1,<environment.Job instance at 0x7f94636954b0>,57,2,[3 5],58,139,141,81,112
1,<environment.Job instance at 0x7f9463695230>,59,1,[10  1],60,141,142,81,119
1,<environment.Job instance at 0x7f9463797b40>,60,3,[2 7],61,142,145,81,119
1,<environment.Job instance at 0x7f94637975a0>,61,2,[6 4],62,139,141,77,119
1,<environment.Job instance at 0x7f9463797410>,62,3,[10  5],63,145,148,82,119
1,<environment.Job instance at 0x7f9463797f50>,63,1,[7 3],64,142,143,78,119
1,<environment.Job instance at 0x7f9463797050>,66,1,[10  1],67,148,149,81,123
1,<environment.Job instance at 0x7f94637970a0>,67,16,[8 2],68,149,165,81,136
1,<environment.Job instance at 0x7f9463797fa0>,71,13,[8 5],72,165,178,93,149
1,<environment.Job instance at 0x7f94a71e63c0>,4,13,[9 2],5,6,19,1,6
1,<environment.Job instance at 0x7f9463614910>,11,14,[5 7],12,19,33,7,12
1,<environment.Job instance at 0x7f94631aa4b0>,12,18,[5 7],13,33,51,20,22
1,<environment.Job instance at 0x7f9463611550>,16,15,[8 4],17,51,66,34,37
1,<environment.Job instance at 0x7f9463611320>,19,18,[8 4],20,66,84,46,55
1,<environment.Job instance at 0x7f94a6df0140>,23,15,[10  2],24,84,99,60,70
1,<environment.Job instance at 0x7f94a6df0e10>,25,17,[2 9],26,99,116,73,87
1,<environment.Job instance at 0x7f946326d5a0>,32,17,[9 3],33,116,133,83,104
1,<environment.Job instance at 0x7f946326d500>,33,12,[6 1],34,104,116,70,104
1,<environment.Job instance at 0x7f946326d460>,34,14,[2 9],35,133,147,98,118
1,<environment.Job instance at 0x7f946326daf0>,37,15,[10  2],38,147,162,109,135
1,<environment.Job instance at 0x7f94632c1550>,41,14,[10  4],42,162,176,120,149
1,<environment.Job instance at 0x7f9463917410>,48,13,[4 5],49,176,189,127,160
1,<environment.Job instance at 0x7f94639178c0>,49,13,[3 6],50,189,202,139,173
1,<environment.Job instance at 0x7f9463917870>,52,13,[2 5],53,176,189,123,174
1,<environment.Job instance at 0x7f94630502d0>,6,15,[2 9],7,202,217,195,189
1,<environment.Job instance at 0x7f94636ce780>,60,18,[7 5],61,217,235,156,206
1,<environment.Job instance at 0x7f94636ce9b0>,62,13,[5 5],63,235,248,172,220
1,<environment.Job instance at 0x7f94636cec30>,67,13,[2 9],68,248,261,180,234
1,<environment.Job instance at 0x7f94636ce7d0>,70,16,[1 7],71,261,277,190,248
1,<environment.Job instance at 0x7f94a6f4a780>,0,16,[4 9],1,277,293,276,265
1,<environment.Job instance at 0x7f94636c74b0>,76,17,[6 1],77,267,284,190,267
1,<environment.Job instance at 0x7f94636c2960>,80,2,[2 7],81,293,295,212,276
1,<environment.Job instance at 0x7f94636bca00>,81,18,[ 5 10],82,295,313,213,285
1,<environment.Job instance at 0x7f94a7275550>,84,3,[9 2],85,313,316,228,295
1,<environment.Job instance at 0x7f94a6e9f4b0>,85,15,[10  1],86,316,331,230,302
1,<environment.Job instance at 0x7f94adb14320>,93,17,[ 1 10],94,331,348,237,320
1,<environment.Job instance at 0x7f94adc74370>,95,15,[6 2],96,348,363,252,334
1,<environment.Job instance at 0x7f94adc74190>,97,13,[3 5],98,348,361,250,334
1,<environment.Job instance at 0x7f94ade35dc0>,99,2,[10  2],100,363,365,263,337
1,<environment.Job instance at 0x7f94adc87f50>,104,2,[8 1],105,365,367,260,364
1,<environment.Job instance at 0x7f94a6e971e0>,105,16,[9 5],106,367,383,261,364
1,<environment.Job instance at 0x7f94ade2ad70>,110,3,[3 5],111,383,386,272,366
1,<environment.Job instance at 0x7f94ade250f0>,113,1,[8 5],114,386,387,272,366
1,<environment.Job instance at 0x7f94add5d960>,116,15,[8 4],117,387,402,270,373
1,<environment.Job instance at 0x7f94ade25d20>,117,16,[2 5],118,383,399,265,373
1,<environment.Job instance at 0x7f946398faf0>,121,2,[4 6],122,402,404,280,385
1,<environment.Job instance at 0x7f946398fb40>,122,3,[10  2],123,404,407,281,385
1,<environment.Job instance at 0x7f946398f9b0>,123,12,[9 4],124,407,419,283,390
1,<environment.Job instance at 0x7f946398fc30>,128,3,[7 1],129,419,422,290,393
1,<environment.Job instance at 0x7f946398fa00>,131,3,[6 4],132,422,425,290,398
1,<environment.Job instance at 0x7f946398f320>,132,16,[4 9],133,425,441,292,412
1,<environment.Job instance at 0x7f946398f370>,134,3,[5 6],135,441,444,306,415
1,<environment.Job instance at 0x7f946398f820>,138,2,[1 8],139,444,446,305,438
1,<environment.Job instance at 0x7f9463986550>,139,2,[2 7],140,446,448,306,438
1,<environment.Job instance at 0x7f946398fe60>,140,15,[3 9],141,448,463,307,438
1,<environment.Job instance at 0x7f9463982eb0>,146,13,[9 4],147,463,476,316,447
1,<environment.Job instance at 0x7f94639829b0>,148,21,[1 6],149,463,484,314,457
1,<environment.Job instance at 0x7f9463982b90>,151,14,[ 5 10],152,484,498,332,469
1,<environment.Job instance at 0x7f9463342370>,100,15,[ 4 10],101,498,513,397,485
1,<environment.Job instance at 0x7f9463982870>,155,16,[7 5],156,513,529,357,508
1,<environment.Job instance at 0x7f9463982550>,156,13,[4 7],157,529,542,372,514
1,<environment.Job instance at 0x7f94ade146e0>,162,3,[1 6],163,621,624,458,621
1,<environment.Job instance at 0x7f94a701d690>,163,3,[ 5 10],164,624,627,460,621
1,<environment.Job instance at 0x7f94ade14aa0>,164,16,[2 6],165,627,643,462,621
1,<environment.Job instance at 0x7f946362d690>,165,12,[3 7],166,643,655,477,626
1,<environment.Job instance at 0x7f946362df00>,166,17,[7 1],167,628,645,461,628
1,<environment.Job instance at 0x7f94aded90f0>,172,17,[6 3],176,645,662,469,637
1,<environment.Job instance at 0x7f94adea83c0>,174,12,[4 8],186,662,674,476,646
1,<environment.Job instance at 0x7f94632c11e0>,1,1,[7 1],2,2,3,0,2
1,<environment.Job instance at 0x7f9463797780>,5,1,[1 6],6,6,7,0,6
1,<environment.Job instance at 0x7f94639754b0>,0,3,[9 4],1,6,9,5,6
1,<environment.Job instance at 0x7f94a73e5140>,6,2,[3 8],7,9,11,2,7
1,<environment.Job instance at 0x7f94a6db8820>,10,18,[5 7],11,13,31,2,13
1,<environment.Job instance at 0x7f94adb87aa0>,11,13,[ 3 10],12,31,44,19,20
1,<environment.Job instance at 0x7f94a6e77d20>,17,16,[6 3],18,44,60,26,32
1,<environment.Job instance at 0x7f94637c20f0>,21,16,[7 1],22,60,76,38,47
1,<environment.Job instance at 0x7f9462f95cd0>,25,3,[4 5],26,48,51,22,48
1,<environment.Job instance at 0x7f94a6f4a4b0>,26,17,[10  5],27,76,93,49,64
1,<environment.Job instance at 0x7f9463355e60>,30,12,[4 7],31,93,105,62,76
1,<environment.Job instance at 0x7f94adea8d20>,7,12,[10  3],8,105,117,97,91
1,<environment.Job instance at 0x7f94631ce550>,36,3,[7 5],37,117,120,80,92
1,<environment.Job instance at 0x7f94635d0eb0>,42,17,[5 5],43,120,137,77,108
1,<environment.Job instance at 0x7f94635d04b0>,45,13,[1 9],46,137,150,91,122
1,<environment.Job instance at 0x7f94637f3e10>,47,16,[6 1],48,137,153,89,124
1,<environment.Job instance at 0x7f94ad905aa0>,50,2,[8 4],51,153,155,102,131
1,<environment.Job instance at 0x7f94a6f62280>,53,17,[2 7],54,155,172,101,146
1,<environment.Job instance at 0x7f94ae541d70>,54,3,[7 3],55,155,158,100,146
1,<environment.Job instance at 0x7f94635d0fa0>,46,17,[7 1],47,158,175,111,146
1,<environment.Job instance at 0x7f94a6eefaf0>,58,14,[3 5],59,172,186,113,158
1,<environment.Job instance at 0x7f94ad859370>,60,14,[7 4],61,175,189,114,169
1,<environment.Job instance at 0x7f94ad859dc0>,61,13,[6 4],62,189,202,127,173
1,<environment.Job instance at 0x7f94ad859190>,64,14,[7 5],65,202,216,137,187
1,<environment.Job instance at 0x7f94adc62820>,56,17,[ 2 10],57,216,233,159,205
1,<environment.Job instance at 0x7f9463233c80>,74,2,[9 2],75,233,235,158,210
1,<environment.Job instance at 0x7f9463233410>,76,3,[5 1],77,235,238,158,210
1,<environment.Job instance at 0x7f9463233640>,77,14,[5 4],78,235,249,157,220
1,<environment.Job instance at 0x7f9463233d20>,81,12,[8 3],82,249,261,167,234
1,<environment.Job instance at 0x7f94ad99a7d0>,83,13,[3 6],84,261,274,177,245
1,<environment.Job instance at 0x7f94ad99aa00>,84,17,[5 1],85,261,278,176,249
1,<environment.Job instance at 0x7f946385f320>,90,15,[4 6],91,274,289,183,260
1,<environment.Job instance at 0x7f94a7495370>,94,17,[5 5],95,289,306,194,277
1,<environment.Job instance at 0x7f94a7495780>,97,15,[5 3],98,286,301,188,286
1,<environment.Job instance at 0x7f94a6fa58c0>,100,3,[7 5],101,306,309,205,287
1,<environment.Job instance at 0x7f94a74956e0>,99,18,[4 9],100,309,327,209,298
1,<environment.Job instance at 0x7f94a6d7f0f0>,104,13,[5 5],105,327,340,222,311
1,<environment.Job instance at 0x7f94a6e68e10>,110,13,[10  5],111,340,353,229,324
1,<environment.Job instance at 0x7f94a7023370>,115,17,[5 9],116,353,370,237,341
1,<environment.Job instance at 0x7f9463775eb0>,117,2,[7 4],118,370,372,252,347
1,<environment.Job instance at 0x7f9463775af0>,118,18,[1 6],119,370,388,251,359
1,<environment.Job instance at 0x7f94631cbd70>,120,12,[1 7],121,388,400,267,371
1,<environment.Job instance at 0x7f94631cbe10>,122,15,[9 3],123,377,392,254,377
1,<environment.Job instance at 0x7f94631cb5a0>,123,14,[1 6],124,400,414,276,385
1,<environment.Job instance at 0x7f94631cbaf0>,124,17,[7 2],125,392,409,267,385
1,<environment.Job instance at 0x7f94636405f0>,127,17,[10  1],128,414,431,286,403
1,<environment.Job instance at 0x7f9463640be0>,129,17,[3 7],130,431,448,301,419
1,<environment.Job instance at 0x7f9463640c80>,133,3,[8 1],134,448,451,314,424
1,<environment.Job instance at 0x7f94636402d0>,135,3,[10  2],136,451,454,315,439
1,<environment.Job instance at 0x7f9463640910>,136,3,[5 3],137,439,442,302,439
1,<environment.Job instance at 0x7f9463640460>,137,3,[5 8],138,454,457,316,439
1,<environment.Job instance at 0x7f94636406e0>,138,3,[9 1],139,457,460,318,441
1,<environment.Job instance at 0x7f9463640730>,139,1,[2 5],140,448,449,308,441
1,<environment.Job instance at 0x7f94ade63690>,39,17,[9 1],40,460,477,420,450
1,<environment.Job instance at 0x7f94633ca460>,147,3,[9 5],148,477,480,329,452
1,<environment.Job instance at 0x7f94633ca320>,148,3,[ 4 10],149,480,483,331,454
1,<environment.Job instance at 0x7f94633ca050>,150,14,[8 4],151,483,497,332,468
1,<environment.Job instance at 0x7f94633ca6e0>,156,12,[8 4],157,497,509,340,485
1,<environment.Job instance at 0x7f94633ca0f0>,159,14,[ 4 10],160,509,523,349,494
1,<environment.Job instance at 0x7f94633ca8c0>,161,16,[5 5],162,523,539,361,510
1,<environment.Job instance at 0x7f9463640410>,144,12,[ 3 10],145,539,551,394,524
1,<environment.Job instance at 0x7f946370b320>,167,3,[3 5],168,524,527,356,524
1,<environment.Job instance at 0x7f946370b960>,170,13,[10  2],171,551,564,380,535
1,<environment.Job instance at 0x7f946370be60>,174,14,[1 5],175,564,578,389,549
1,<environment.Job instance at 0x7f946370b6e0>,175,3,[2 6],176,578,581,402,552
1,<environment.Job instance at 0x7f946370b870>,176,17,[6 4],177,564,581,387,552
1,<environment.Job instance at 0x7f94a7022690>,180,17,[3 6],181,581,598,400,569
1,<environment.Job instance at 0x7f94a7022f00>,184,16,[8 1],185,598,614,413,585
1,<environment.Job instance at 0x7f94a7022820>,185,14,[5 5],188,614,628,426,599
1,<environment.Job instance at 0x7f9462fec190>,1,1,[4 8],2,2,3,0,2
1,<environment.Job instance at 0x7f94631ce870>,0,2,[ 5 10],1,7,9,6,7
1,<environment.Job instance at 0x7f9463975c80>,7,2,[5 5],8,9,11,1,8
1,<environment.Job instance at 0x7f9463975af0>,6,13,[6 4],7,11,24,4,8
1,<environment.Job instance at 0x7f9463975be0>,10,3,[6 2],11,24,27,13,11
1,<environment.Job instance at 0x7f946398b5a0>,5,13,[1 9],6,27,40,21,16
1,<environment.Job instance at 0x7f94a70220f0>,3,17,[5 3],4,40,57,36,28
1,<environment.Job instance at 0x7f9463135e60>,18,13,[10  3],19,57,70,38,42
1,<environment.Job instance at 0x7f9463135c80>,22,3,[5 7],23,51,54,28,51
1,<environment.Job instance at 0x7f9463135be0>,23,13,[3 9],24,70,83,46,54
1,<environment.Job instance at 0x7f9463135460>,24,17,[9 4],25,83,100,58,71
1,<environment.Job instance at 0x7f94630fa1e0>,34,2,[ 3 10],35,109,111,74,109
1,<environment.Job instance at 0x7f94630fa370>,36,16,[7 3],37,111,127,74,109
1,<environment.Job instance at 0x7f94630fabe0>,33,18,[6 3],34,127,145,93,116
1,<environment.Job instance at 0x7f94632090a0>,40,3,[9 5],41,145,148,104,119
1,<environment.Job instance at 0x7f9463209a00>,41,2,[5 1],42,148,150,106,121
1,<environment.Job instance at 0x7f9463209820>,42,1,[ 5 10],43,150,151,107,122
1,<environment.Job instance at 0x7f9463209e10>,43,1,[2 9],44,148,149,104,122
1,<environment.Job instance at 0x7f9463209410>,47,1,[8 1],48,151,152,103,133
1,<environment.Job instance at 0x7f94632094b0>,46,18,[7 1],47,152,170,105,141
1,<environment.Job instance at 0x7f9463787eb0>,54,12,[1 8],55,152,164,97,152
1,<environment.Job instance at 0x7f9463787140>,55,16,[3 7],56,164,180,108,152
1,<environment.Job instance at 0x7f9463209be0>,48,17,[6 1],49,170,187,121,163
1,<environment.Job instance at 0x7f9463787f50>,58,14,[7 2],59,187,201,128,173
1,<environment.Job instance at 0x7f9463787410>,61,14,[8 4],62,201,215,139,188
1,<environment.Job instance at 0x7f946390e820>,67,17,[6 2],68,215,232,147,203
1,<environment.Job instance at 0x7f946304ab40>,74,17,[3 7],75,215,232,140,212
1,<environment.Job instance at 0x7f946304a910>,75,14,[4 9],76,232,246,156,217
1,<environment.Job instance at 0x7f946304a9b0>,82,13,[4 6],83,246,259,163,231
1,<environment.Job instance at 0x7f9463209cd0>,51,18,[9 3],52,259,277,207,248
1,<environment.Job instance at 0x7f946304ae10>,89,15,[6 3],90,277,292,187,263
1,<environment.Job instance at 0x7f94addae0a0>,90,15,[7 1],91,292,307,201,279
1,<environment.Job instance at 0x7f94addaec80>,95,3,[6 5],96,307,310,211,288
1,<environment.Job instance at 0x7f94addae960>,96,13,[5 4],97,310,323,213,295
1,<environment.Job instance at 0x7f94addae4b0>,99,3,[4 5],100,307,310,207,295
1,<environment.Job instance at 0x7f94addaebe0>,100,12,[2 7],101,323,335,222,306
1,<environment.Job instance at 0x7f94addae870>,98,17,[ 1 10],99,335,352,236,325
1,<environment.Job instance at 0x7f94addae7d0>,111,15,[8 2],112,352,367,240,338
1,<environment.Job instance at 0x7f9463975690>,2,3,[10  4],3,3,6,0,3
1,<environment.Job instance at 0x7f94630fa550>,5,13,[5 5],6,6,19,0,6
1,<environment.Job instance at 0x7f94636adf50>,6,2,[7 1],7,19,21,12,7
1,<environment.Job instance at 0x7f94a6e68d70>,7,2,[9 2],8,21,23,13,8
1,<environment.Job instance at 0x7f9463355780>,8,13,[6 3],9,23,36,14,10
1,<environment.Job instance at 0x7f94a72e0e60>,11,12,[5 4],12,36,48,24,20
1,<environment.Job instance at 0x7f9463559230>,16,15,[5 3],17,36,51,19,25
1,<environment.Job instance at 0x7f94a6d52cd0>,18,2,[7 4],19,51,53,32,35
1,<environment.Job instance at 0x7f94a6eb88c0>,19,17,[5 7],20,53,70,33,43
1,<environment.Job instance at 0x7f94ad9daeb0>,25,16,[7 4],26,86,102,60,86
1,<environment.Job instance at 0x7f94a72b4be0>,26,12,[5 2],27,102,114,75,86
1,<environment.Job instance at 0x7f946368b8c0>,29,1,[8 4],30,114,115,84,100
1,<environment.Job instance at 0x7f946368b960>,30,17,[1 6],31,100,117,69,100
1,<environment.Job instance at 0x7f94635f9a50>,32,2,[ 1 10],33,117,119,84,100
1,<environment.Job instance at 0x7f94635f9640>,33,3,[3 8],34,119,122,85,100
1,<environment.Job instance at 0x7f94631f6d20>,34,16,[6 1],35,119,135,84,106
1,<environment.Job instance at 0x7f946317f640>,36,15,[7 3],37,135,150,98,121
1,<environment.Job instance at 0x7f94631b4870>,39,15,[8 1],40,150,165,110,136
1,<environment.Job instance at 0x7f94adea8230>,41,2,[8 5],42,165,167,123,148
1,<environment.Job instance at 0x7f94adea8eb0>,44,15,[10  3],45,167,182,122,154
1,<environment.Job instance at 0x7f94ad88a3c0>,48,15,[10  5],49,182,197,133,173
1,<environment.Job instance at 0x7f94ad88a7d0>,50,15,[1 5],51,197,212,146,183
1,<environment.Job instance at 0x7f94ad88ab90>,51,1,[6 1],52,197,198,145,183
1,<environment.Job instance at 0x7f94ad88a050>,53,17,[8 4],54,198,215,144,188
1,<environment.Job instance at 0x7f94a70c5500>,56,15,[8 3],57,215,230,158,201
1,<environment.Job instance at 0x7f94a70d2b40>,58,18,[5 3],59,230,248,171,219
1,<environment.Job instance at 0x7f94a70d2b90>,59,16,[5 4],60,230,246,170,219
1,<environment.Job instance at 0x7f94a72e0550>,7,2,[1 7],8,8,10,0,8
1,<environment.Job instance at 0x7f94a70d2f00>,3,17,[5 5],4,10,27,6,9
1,<environment.Job instance at 0x7f94adc35730>,8,2,[9 4],9,27,29,18,11
1,<environment.Job instance at 0x7f9462fec690>,11,1,[3 9],12,29,30,17,13
1,<environment.Job instance at 0x7f9462fc7f00>,9,13,[7 2],10,30,43,20,14
1,<environment.Job instance at 0x7f94a70db730>,12,1,[7 1],13,29,30,16,14
1,<environment.Job instance at 0x7f94630fa6e0>,14,3,[8 5],15,43,46,28,17
1,<environment.Job instance at 0x7f9462fdd730>,4,13,[3 8],5,30,43,25,19
1,<environment.Job instance at 0x7f94ad88a190>,19,3,[6 4],20,46,49,26,20
1,<environment.Job instance at 0x7f9463206730>,21,3,[6 4],22,49,52,27,23
1,<environment.Job instance at 0x7f94a6e76190>,22,1,[2 7],23,52,53,29,24
1,<environment.Job instance at 0x7f94ad88a3c0>,25,3,[1 7],26,53,56,27,27
1,<environment.Job instance at 0x7f94a7027280>,26,2,[5 7],27,56,58,29,29
1,<environment.Job instance at 0x7f94a7027dc0>,27,14,[ 4 10],28,58,72,30,45
1,<environment.Job instance at 0x7f946315d910>,36,14,[6 2],37,72,86,35,58
1,<environment.Job instance at 0x7f94ade2a5a0>,38,17,[1 7],39,72,89,33,61
1,<environment.Job instance at 0x7f9462f91d20>,46,3,[10  1],47,89,92,42,73
1,<environment.Job instance at 0x7f9462f91280>,48,3,[10  5],49,92,95,43,73
1,<environment.Job instance at 0x7f94633aa140>,49,3,[5 5],50,95,98,45,73
1,<environment.Job instance at 0x7f94633aac30>,51,14,[7 4],52,98,112,46,83
1,<environment.Job instance at 0x7f94633aad20>,55,12,[10  3],56,112,124,56,96
1,<environment.Job instance at 0x7f94633aab40>,57,3,[10  3],58,124,127,66,98
1,<environment.Job instance at 0x7f94a71d9640>,59,12,[7 5],60,127,139,67,110
1,<environment.Job instance at 0x7f9463290aa0>,61,16,[1 7],62,139,155,77,126
1,<environment.Job instance at 0x7f94a6dd6690>,63,18,[6 3],64,139,157,75,132
1,<environment.Job instance at 0x7f946362c050>,67,3,[7 3],68,157,160,89,135
1,<environment.Job instance at 0x7f946362cb40>,68,14,[5 1],69,160,174,91,145
1,<environment.Job instance at 0x7f94a6d395a0>,71,13,[3 7],72,155,168,83,145
1,<environment.Job instance at 0x7f946375d0a0>,77,16,[10  2],78,174,190,96,162
1,<environment.Job instance at 0x7f946375db90>,79,13,[6 3],80,190,203,110,179
1,<environment.Job instance at 0x7f94a72175a0>,80,15,[7 3],81,203,218,122,189
1,<environment.Job instance at 0x7f94a7217910>,83,3,[4 8],84,218,221,134,195
1,<environment.Job instance at 0x7f946368e9b0>,85,16,[9 5],86,221,237,135,208
1,<environment.Job instance at 0x7f946368e3c0>,87,16,[2 8],88,237,253,149,225
1,<environment.Job instance at 0x7f94ada0e0a0>,94,1,[2 7],95,253,254,158,228
1,<environment.Job instance at 0x7f94adafe730>,96,14,[5 5],97,254,268,157,239
1,<environment.Job instance at 0x7f9463102230>,101,3,[7 2],102,239,242,137,239
1,<environment.Job instance at 0x7f9463102780>,104,12,[ 2 10],105,268,280,163,253
1,<environment.Job instance at 0x7f9463102f50>,108,2,[ 5 10],109,280,282,171,253
1,<environment.Job instance at 0x7f9463102820>,110,12,[4 6],111,282,294,171,270
1,<environment.Job instance at 0x7f94631026e0>,111,17,[2 7],112,294,311,182,282
1,<environment.Job instance at 0x7f94adc875a0>,116,3,[5 8],117,311,314,194,291
1,<environment.Job instance at 0x7f94adc87820>,117,16,[2 8],118,314,330,196,303
1,<environment.Job instance at 0x7f94adc87aa0>,120,3,[6 4],121,330,333,209,306
1,<environment.Job instance at 0x7f94adc870a0>,123,15,[ 4 10],124,333,348,209,322
1,<environment.Job instance at 0x7f94adc87780>,126,15,[7 5],127,348,363,221,334
1,<environment.Job instance at 0x7f94adc87a00>,129,12,[10  4],130,363,375,233,346
1,<environment.Job instance at 0x7f94a7029d20>,135,14,[6 4],136,375,389,239,360
1,<environment.Job instance at 0x7f94a70294b0>,138,3,[5 1],139,389,392,250,373
1,<environment.Job instance at 0x7f94a7029a00>,139,3,[4 9],140,389,392,249,373
1,<environment.Job instance at 0x7f94a70295f0>,140,1,[10  5],141,392,393,251,373
1,<environment.Job instance at 0x7f94a7029aa0>,141,14,[1 6],142,375,389,233,373
1,<environment.Job instance at 0x7f94a7029cd0>,142,3,[5 9],143,393,396,250,373
1,<environment.Job instance at 0x7f9463787140>,17,18,[9 5],18,396,414,378,385
1,<environment.Job instance at 0x7f94a7029820>,148,17,[4 8],149,414,431,265,402
1,<environment.Job instance at 0x7f94add47f00>,151,13,[ 5 10],152,431,444,279,421
1,<environment.Job instance at 0x7f94add476e0>,154,12,[8 5],155,444,456,289,427
1,<environment.Job instance at 0x7f94add471e0>,157,3,[5 6],158,456,459,298,430
1,<environment.Job instance at 0x7f9462f91410>,2,2,[7 5],3,3,5,0,3
1,<environment.Job instance at 0x7f9462fddd20>,0,2,[5 5],1,5,7,4,4
1,<environment.Job instance at 0x7f94a73a5af0>,4,3,[1 5],5,5,8,0,5
1,<environment.Job instance at 0x7f9463698280>,6,18,[5 5],7,7,25,0,7
1,<environment.Job instance at 0x7f94addaf9b0>,7,2,[8 4],8,25,27,17,8
1,<environment.Job instance at 0x7f94addaf1e0>,14,3,[ 3 10],15,27,30,12,15
1,<environment.Job instance at 0x7f94a74d81e0>,15,3,[2 7],16,30,33,14,16
1,<environment.Job instance at 0x7f94630fd960>,5,14,[3 9],6,33,47,27,20
1,<environment.Job instance at 0x7f94a74d80f0>,18,14,[2 6],19,47,61,28,34
1,<environment.Job instance at 0x7f94a74d8370>,23,16,[9 2],24,61,77,37,48
1,<environment.Job instance at 0x7f94a74d8eb0>,24,13,[5 9],25,77,90,52,63
1,<environment.Job instance at 0x7f94a6fb9960>,33,3,[ 4 10],34,90,93,56,70
1,<environment.Job instance at 0x7f94a74d8190>,26,16,[7 5],27,93,109,66,80
1,<environment.Job instance at 0x7f94a6fb9e60>,39,12,[10  1],40,109,121,69,93
1,<environment.Job instance at 0x7f94a6fb9190>,34,18,[ 5 10],35,121,139,86,112
1,<environment.Job instance at 0x7f94adb7a190>,46,1,[4 5],47,139,140,92,112
1,<environment.Job instance at 0x7f9462fe4af0>,47,1,[ 4 10],48,140,141,92,120
1,<environment.Job instance at 0x7f9462fe4dc0>,48,16,[2 9],49,141,157,92,129
1,<environment.Job instance at 0x7f94add474b0>,3,15,[ 1 10],4,157,172,153,144
1,<environment.Job instance at 0x7f9462fe4aa0>,56,3,[5 1],57,172,175,115,157
1,<environment.Job instance at 0x7f9462fe4550>,58,15,[2 5],59,172,187,113,167
1,<environment.Job instance at 0x7f9462fe4c30>,59,3,[ 3 10],60,187,190,127,167
1,<environment.Job instance at 0x7f9462fe4690>,61,12,[5 2],62,175,187,113,170
1,<environment.Job instance at 0x7f94ae401aa0>,63,16,[7 5],64,190,206,126,178
1,<environment.Job instance at 0x7f9462fe4640>,50,14,[8 2],51,206,220,155,192
1,<environment.Job instance at 0x7f94ae401780>,70,1,[5 5],71,220,221,149,196
1,<environment.Job instance at 0x7f94ae4013c0>,65,17,[9 4],66,221,238,155,210
1,<environment.Job instance at 0x7f94a6f25460>,73,3,[2 8],74,210,213,136,210
1,<environment.Job instance at 0x7f94a6f25320>,74,16,[4 8],75,238,254,163,225
1,<environment.Job instance at 0x7f94a6f25690>,82,18,[5 4],83,254,272,171,243
1,<environment.Job instance at 0x7f94a72d17d0>,89,2,[3 6],90,254,256,164,243
1,<environment.Job instance at 0x7f94a72d1910>,100,15,[10  2],101,272,287,171,259
1,<environment.Job instance at 0x7f94ae401820>,69,12,[9 2],70,287,299,217,273
1,<environment.Job instance at 0x7f94a72d1be0>,103,17,[2 6],104,299,316,195,287
1,<environment.Job instance at 0x7f94636146e0>,108,18,[6 3],109,299,317,190,297
1,<environment.Job instance at 0x7f9463614b40>,111,15,[5 5],112,317,332,205,303
1,<environment.Job instance at 0x7f9462fe4730>,49,17,[ 4 10],50,332,349,282,332
1,<environment.Job instance at 0x7f9463614870>,115,18,[4 5],116,349,367,233,338
1,<environment.Job instance at 0x7f9463614c30>,119,13,[ 3 10],120,367,380,247,354
1,<environment.Job instance at 0x7f9463614a00>,120,16,[3 9],121,380,396,259,371
1,<environment.Job instance at 0x7f9463614910>,127,15,[5 9],128,396,411,268,385
1,<environment.Job instance at 0x7f94638bfd70>,132,13,[ 5 10],133,411,424,278,400
1,<environment.Job instance at 0x7f94638bfaa0>,136,18,[10  5],137,424,442,287,422
1,<environment.Job instance at 0x7f94638bfe60>,143,15,[10  2],144,442,457,298,428
1,<environment.Job instance at 0x7f94adb36230>,144,13,[9 2],145,457,470,312,441
1,<environment.Job instance at 0x7f94ad7cf370>,147,16,[6 3],148,470,486,322,458
1,<environment.Job instance at 0x7f9463013f50>,153,18,[2 5],154,470,488,316,462
1,<environment.Job instance at 0x7f9462f91780>,158,12,[7 3],159,486,498,327,477
1,<environment.Job instance at 0x7f946379baf0>,159,2,[8 1],160,498,500,338,477
1,<environment.Job instance at 0x7f9463013460>,161,3,[4 5],162,500,503,338,478
1,<environment.Job instance at 0x7f94ae541c80>,162,3,[5 3],163,500,503,337,478
1,<environment.Job instance at 0x7f94630132d0>,163,16,[10  2],164,503,519,339,491
1,<environment.Job instance at 0x7f94630fdd20>,2,2,[6 1],3,4,6,1,4
1,<environment.Job instance at 0x7f94adf9df00>,3,14,[6 5],4,6,20,2,4
1,<environment.Job instance at 0x7f94a6fb1370>,8,12,[4 6],9,20,32,11,9
1,<environment.Job instance at 0x7f94630fd780>,7,14,[4 7],8,32,46,24,22
1,<environment.Job instance at 0x7f946328a190>,15,3,[6 5],16,46,49,30,32
1,<environment.Job instance at 0x7f946328a4b0>,16,14,[5 7],17,49,63,32,36
1,<environment.Job instance at 0x7f946328adc0>,17,2,[ 4 10],18,63,65,45,36
1,<environment.Job instance at 0x7f946328a3c0>,14,3,[5 4],15,65,68,50,40
1,<environment.Job instance at 0x7f9463272230>,21,18,[1 7],22,73,91,51,73
1,<environment.Job instance at 0x7f9463272e60>,26,3,[5 9],27,91,94,64,73
1,<environment.Job instance at 0x7f946328a050>,11,18,[9 1],12,94,112,82,84
1,<environment.Job instance at 0x7f946327ccd0>,30,16,[6 4],31,112,128,81,99
1,<environment.Job instance at 0x7f946327c4b0>,32,15,[7 5],33,128,143,95,114
1,<environment.Job instance at 0x7f946327ca00>,38,15,[4 7],39,143,158,104,129
1,<environment.Job instance at 0x7f946327cb90>,41,18,[3 9],42,158,176,116,151
1,<environment.Job instance at 0x7f946327c190>,31,16,[10  3],32,183,199,151,183
1,<environment.Job instance at 0x7f94632659b0>,49,14,[2 9],50,199,213,149,184
1,<environment.Job instance at 0x7f9463265e10>,51,18,[2 5],52,213,231,161,202
1,<environment.Job instance at 0x7f9463261aa0>,58,3,[8 4],59,213,216,154,202
1,<environment.Job instance at 0x7f94632618c0>,62,16,[3 6],63,231,247,168,218
1,<environment.Job instance at 0x7f9463261910>,63,14,[9 4],64,248,262,184,248
1,<environment.Job instance at 0x7f9463261870>,65,13,[3 8],66,262,275,196,253
1,<environment.Job instance at 0x7fe1ef743460>,2,12,[5 4],3,3,15,0,3
1,<environment.Job instance at 0x7fe1ee5eaa50>,5,13,[5 9],6,15,28,9,6
1,<environment.Job instance at 0x7fe1ef743550>,0,18,[ 2 10],1,28,46,27,17
1,<environment.Job instance at 0x7fe1ef743370>,3,18,[ 3 10],4,46,64,42,35
1,<environment.Job instance at 0x7fe1ee5ed3c0>,18,16,[8 5],19,64,80,45,52
1,<environment.Job instance at 0x7fe1ee5ed640>,23,18,[5 2],24,80,98,56,70
1,<environment.Job instance at 0x7fe1ee5ed8c0>,27,2,[6 4],28,98,100,70,71
1,<environment.Job instance at 0x7fe1ee5edaa0>,29,13,[1 6],30,80,93,50,73
1,<environment.Job instance at 0x7fe1ee5ed1e0>,30,1,[5 5],31,93,94,62,73
1,<environment.Job instance at 0x7fe1ee5edc80>,32,17,[9 3],33,100,117,67,89
1,<environment.Job instance at 0x7fe1ee5f0140>,37,14,[5 5],38,117,131,79,102
1,<environment.Job instance at 0x7fe1ee5f0370>,38,12,[3 6],39,131,143,92,114
1,<environment.Job instance at 0x7fe1ee5f05a0>,41,14,[6 1],42,131,145,89,119
1,<environment.Job instance at 0x7fe1ee5f0640>,42,14,[8 4],43,145,159,102,130
1,<environment.Job instance at 0x7fe1ee5f0910>,45,16,[6 2],46,159,175,113,146
1,<environment.Job instance at 0x7fe1ee5f08c0>,46,3,[5 4],47,175,178,128,149
1,<environment.Job instance at 0x7fe1ee5f0aa0>,47,1,[2 6],48,149,150,101,149
1,<environment.Job instance at 0x7fe1ef68e500>,1,2,[4 9],2,5,7,3,5
1,<environment.Job instance at 0x7fe1ee57bb40>,7,3,[8 4],8,8,11,0,8
1,<environment.Job instance at 0x7fe1ef7726e0>,6,18,[4 5],7,11,29,4,10
1,<environment.Job instance at 0x7fe1ef8c32d0>,11,2,[9 2],12,29,31,17,12
1,<environment.Job instance at 0x7fe1ef8bf280>,4,14,[1 7],5,29,43,24,15
1,<environment.Job instance at 0x7fe1ef8c3500>,14,12,[6 1],15,16,28,1,16
1,<environment.Job instance at 0x7fe1ef8bd0f0>,16,3,[ 2 10],17,43,46,26,21
1,<environment.Job instance at 0x7fe1ef8bdaa0>,19,13,[7 2],20,46,59,26,31
1,<environment.Job instance at 0x7fe1ef8ba320>,21,1,[8 2],22,37,38,15,37
1,<environment.Job instance at 0x7fe1ef8ba640>,23,3,[10  4],24,59,62,35,46
1,<environment.Job instance at 0x7fe1ef8ba5a0>,25,3,[6 4],26,62,65,36,50
1,<environment.Job instance at 0x7fe1ef8bac30>,26,13,[1 5],27,62,75,35,50
1,<environment.Job instance at 0x7fe1ef8bd230>,20,18,[5 5],21,65,83,44,57
1,<environment.Job instance at 0x7fe1ef8ba7d0>,22,14,[9 1],23,83,97,60,70
1,<environment.Job instance at 0x7fe1ef743140>,33,3,[9 2],34,97,100,63,78
1,<environment.Job instance at 0x7fe1ef8bce10>,38,12,[3 5],39,100,112,61,83
1,<environment.Job instance at 0x7fe1ef8bcaf0>,39,13,[7 2],40,100,113,60,84
1,<environment.Job instance at 0x7fe1a45e8730>,42,2,[2 5],43,112,114,69,88
1,<environment.Job instance at 0x7fe1ef8bc410>,44,2,[4 7],45,114,116,69,96
1,<environment.Job instance at 0x7fe1a46a0690>,46,2,[4 8],47,116,118,69,96
1,<environment.Job instance at 0x7fe1a46a0280>,47,3,[5 3],48,113,116,65,96
1,<environment.Job instance at 0x7fe1a4714230>,48,12,[10  1],49,118,130,69,103
1,<environment.Job instance at 0x7fe1a46355f0>,43,12,[4 9],44,133,145,89,133
1,<environment.Job instance at 0x7fe1a4622c80>,6,12,[2 6],7,7,19,0,7
1,<environment.Job instance at 0x7fe1a4622a00>,7,3,[7 4],8,8,11,0,8
1,<environment.Job instance at 0x7fe1a462a910>,0,18,[7 5],1,19,37,18,8
1,<environment.Job instance at 0x7fe1a46227d0>,9,3,[5 3],10,37,40,27,23
1,<environment.Job instance at 0x7fe1a4601960>,18,3,[2 7],19,37,40,18,34
1,<environment.Job instance at 0x7fe1a466c2d0>,20,2,[5 6],21,40,42,19,34
1,<environment.Job instance at 0x7fe1a46355f0>,4,17,[5 4],5,40,57,35,34
1,<environment.Job instance at 0x7fe1a466c4b0>,23,3,[1 5],24,34,37,10,34
1,<environment.Job instance at 0x7fe1a466c3c0>,24,15,[9 1],25,57,72,32,43
1,<environment.Job instance at 0x7fe1a466ce10>,28,16,[7 1],29,72,88,43,59
1,<environment.Job instance at 0x7fe1a466c870>,30,16,[9 3],31,88,104,57,75
1,<environment.Job instance at 0x7fe1a4614500>,36,18,[1 6],37,85,103,48,85
1,<environment.Job instance at 0x7fe1a47677d0>,2,16,[6 2],3,3,19,0,3
1,<environment.Job instance at 0x7fe1a4767fa0>,3,1,[5 6],4,19,20,15,4
1,<environment.Job instance at 0x7fe1a4767910>,4,2,[8 5],5,20,22,15,5
1,<environment.Job instance at 0x7fe1a4767a50>,5,14,[3 8],6,22,36,16,10
1,<environment.Job instance at 0x7fe1a4767320>,14,13,[1 9],15,36,49,21,20
1,<environment.Job instance at 0x7fe1a49e8910>,19,16,[3 5],20,49,65,29,36
1,<environment.Job instance at 0x7fe1a49f4320>,21,14,[5 3],22,49,63,27,36
1,<environment.Job instance at 0x7fe1a49f41e0>,27,13,[ 4 10],28,65,78,37,52
1,<environment.Job instance at 0x7fe1a49eecd0>,30,12,[2 5],31,78,90,47,65
1,<environment.Job instance at 0x7fe1a49ee550>,35,17,[10  5],36,90,107,54,78
1,<environment.Job instance at 0x7fe1a4b08be0>,37,2,[9 3],38,107,109,69,80
1,<environment.Job instance at 0x7fe1a4b08d20>,38,14,[8 5],39,109,123,70,94
1,<environment.Job instance at 0x7fe1a4acf690>,42,14,[8 4],43,123,137,80,108
1,<environment.Job instance at 0x7fe1a4a9f780>,0,2,[3 8],1,2,4,1,2
1,<environment.Job instance at 0x7fe1a4cf5a00>,10,17,[2 9],11,26,43,15,26
1,<environment.Job instance at 0x7fe1a4cf5b90>,13,12,[5 1],14,26,38,12,26
1,<environment.Job instance at 0x7fe1a4a9fbe0>,5,17,[5 9],6,43,60,37,31
1,<environment.Job instance at 0x7fe1a4cf5d70>,16,16,[7 2],17,60,76,43,47
1,<environment.Job instance at 0x7fe1a4cf5fa0>,20,2,[4 5],21,76,78,55,49
1,<environment.Job instance at 0x7fe1a4cd8190>,22,1,[3 8],23,60,61,37,51
1,<environment.Job instance at 0x7fe1a4cd8230>,23,15,[5 6],24,78,93,54,65
1,<environment.Job instance at 0x7fe1a4cf5af0>,12,17,[10  4],13,93,110,80,81
1,<environment.Job instance at 0x7fe1a4cd86e0>,29,12,[5 4],30,81,93,51,81
1,<environment.Job instance at 0x7fe1a4cd8af0>,31,13,[3 6],32,110,123,78,94
1,<environment.Job instance at 0x7fe1a4cd8b90>,33,12,[3 8],34,123,135,89,111
1,<environment.Job instance at 0x7fe1a4cd8a00>,34,14,[8 5],35,135,149,100,120
1,<environment.Job instance at 0x7fe1a4a9f4b0>,2,14,[9 2],3,149,163,146,135
1,<environment.Job instance at 0x7fe1a4cd8f50>,41,16,[7 4],42,163,179,121,151
1,<environment.Job instance at 0x7fe1a4cfc050>,43,18,[1 6],44,152,170,108,152
1,<environment.Job instance at 0x7fe1a4cfc320>,45,3,[6 4],46,179,182,133,161
1,<environment.Job instance at 0x7fe1a4cfc3c0>,46,17,[2 6],47,170,187,123,161
1,<environment.Job instance at 0x7fe1a4cfc730>,47,16,[2 8],48,187,203,139,175
1,<environment.Job instance at 0x7fe1a4cd8d20>,3,14,[3 5],4,4,18,0,4
1,<environment.Job instance at 0x7fe1ee6885f0>,5,2,[9 2],6,18,20,12,6
1,<environment.Job instance at 0x7fe1ee6888c0>,6,2,[5 1],7,7,9,0,7
1,<environment.Job instance at 0x7fe1ee688be0>,7,1,[1 7],8,18,19,10,8
1,<environment.Job instance at 0x7fe1ee688190>,9,12,[1 8],10,19,31,9,13
1,<environment.Job instance at 0x7fe1ef08e140>,17,14,[3 5],18,39,53,21,39
1,<environment.Job instance at 0x7fe1ef08ee60>,19,1,[8 5],20,53,54,33,39
1,<environment.Job instance at 0x7fe1ef08e1e0>,20,1,[9 5],21,54,55,33,39
1,<environment.Job instance at 0x7fe1a4cd7f00>,0,18,[8 5],1,55,73,54,44
1,<environment.Job instance at 0x7fe1ef08ea50>,23,18,[7 5],24,73,91,49,63
1,<environment.Job instance at 0x7fe1ef08eaa0>,24,1,[3 7],25,91,92,66,63
1,<environment.Job instance at 0x7fe1ef08ea00>,26,14,[5 4],27,92,106,65,77
1,<environment.Job instance at 0x7fe1eeb28d20>,29,13,[5 7],30,106,119,76,92
1,<environment.Job instance at 0x7fe1eeb28460>,34,2,[1 7],35,119,121,84,108
1,<environment.Job instance at 0x7fe1eeb28500>,36,13,[3 6],37,121,134,84,108
1,<environment.Job instance at 0x7fe1a4836dc0>,39,14,[5 7],40,134,148,94,119
1,<environment.Job instance at 0x7fe1a4836aa0>,41,3,[3 6],42,148,151,106,122
1,<environment.Job instance at 0x7fe1a4836500>,44,18,[ 5 10],45,151,169,106,143
1,<environment.Job instance at 0x7fe1a48e3320>,4,1,[3 8],5,5,6,0,5
1,<environment.Job instance at 0x7fe1eee9ee10>,9,1,[8 5],10,10,11,0,10
1,<environment.Job instance at 0x7fe1a4c7f4b0>,10,14,[2 8],11,12,26,1,12
1,<environment.Job instance at 0x7fe1a4c7fa00>,11,15,[10  3],12,26,41,14,16
1,<environment.Job instance at 0x7fe1a45d7460>,13,2,[3 5],14,41,43,27,18
1,<environment.Job instance at 0x7fe1a4b0bb40>,18,3,[5 1],19,41,44,22,27
1,<environment.Job instance at 0x7fe1a4b0baf0>,17,14,[7 1],18,44,58,26,30
1,<environment.Job instance at 0x7fe1ee9ce230>,14,16,[8 3],15,58,74,43,47
1,<environment.Job instance at 0x7fe1a48e80f0>,22,2,[9 3],23,74,76,51,47
1,<environment.Job instance at 0x7fe1a4878640>,23,15,[7 4],24,76,91,52,62
1,<environment.Job instance at 0x7fe1a4822230>,28,2,[1 7],29,62,64,33,62
1,<environment.Job instance at 0x7fe1eebc8f50>,20,14,[ 3 10],21,91,105,70,77
1,<environment.Job instance at 0x7fe1eeda32d0>,38,14,[10  4],39,105,119,66,90
1,<environment.Job instance at 0x7fe1a45d35f0>,39,16,[1 7],40,119,135,79,106
1,<environment.Job instance at 0x7fe1ee689410>,5,18,[9 5],6,135,153,129,126
1,<environment.Job instance at 0x7fe1a47ef190>,47,2,[5 9],48,153,155,105,131
1,<environment.Job instance at 0x7fe1ee5d7e10>,48,17,[2 8],49,155,172,106,143
1,<environment.Job instance at 0x7fe1ee5d7e10>,3,1,[2 8],4,5,6,1,5
1,<environment.Job instance at 0x7fe1ee4342d0>,4,12,[2 9],5,12,24,7,12
1,<environment.Job instance at 0x7fe1a4bb2fa0>,12,2,[1 5],13,24,26,11,13
1,<environment.Job instance at 0x7fe1a4b857d0>,15,12,[2 5],16,25,37,9,25
1,<environment.Job instance at 0x7fe1a4b81a50>,16,3,[2 7],17,37,40,20,25
1,<environment.Job instance at 0x7fe1a4b815a0>,17,13,[ 1 10],18,40,53,22,25
1,<environment.Job instance at 0x7fe1eef580f0>,18,3,[4 7],19,53,56,34,27
1,<environment.Job instance at 0x7fe1eef8d0a0>,22,2,[6 3],23,35,37,12,35
1,<environment.Job instance at 0x7fe1a44a4910>,24,2,[4 8],25,56,58,31,35
1,<environment.Job instance at 0x7fe1a4b8fd70>,8,16,[3 6],9,58,74,49,45
1,<environment.Job instance at 0x7fe1a44a4050>,28,14,[3 6],29,74,88,45,60
1,<environment.Job instance at 0x7fe1a44a4410>,29,3,[9 2],30,88,91,58,62
1,<environment.Job instance at 0x7fe1a449b500>,31,3,[10  4],32,91,94,59,67
1,<environment.Job instance at 0x7fe1a449b960>,32,2,[6 4],33,68,70,35,68
1,<environment.Job instance at 0x7fe1a449bbe0>,34,2,[1 9],35,94,96,59,68
1,<environment.Job instance at 0x7fe1a4b8fcd0>,6,15,[10  5],7,96,111,89,84
1,<environment.Job instance at 0x7fe1a449b0a0>,38,12,[8 2],39,111,123,72,94
1,<environment.Job instance at 0x7fe1a44a2140>,40,12,[1 5],41,111,123,70,94
1,<environment.Job instance at 0x7fe1a44a2e10>,42,17,[9 1],43,123,140,80,119
1,<environment.Job instance at 0x7fe1eef58e10>,19,18,[ 2 10],20,771,789,751,771
1,<environment.Job instance at 0x7fe1eee04f00>,6,13,[8 3],7,7,20,0,7
1,<environment.Job instance at 0x7fe1eee044b0>,8,14,[2 7],9,9,23,0,9
1,<environment.Job instance at 0x7fe1eee04050>,0,16,[1 9],1,23,39,22,10
1,<environment.Job instance at 0x7fe1eee041e0>,9,17,[5 1],10,20,37,10,13
1,<environment.Job instance at 0x7fe1ee99e1e0>,16,13,[1 6],17,39,52,22,23
1,<environment.Job instance at 0x7fe1ee99e320>,18,13,[8 2],19,39,52,20,34
1,<environment.Job instance at 0x7fe1ee99e550>,19,3,[9 3],20,52,55,32,34
1,<environment.Job instance at 0x7fe1ee99eaf0>,22,13,[3 9],23,55,68,32,40
1,<environment.Job instance at 0x7fe1a4cce2d0>,25,16,[10  5],26,68,84,42,56
1,<environment.Job instance at 0x7fe1a4cce7d0>,27,14,[9 1],28,84,98,56,69
1,<environment.Job instance at 0x7fe1a4cce460>,32,12,[8 5],33,98,110,65,81
1,<environment.Job instance at 0x7fe1a4ccedc0>,36,13,[7 1],37,110,123,73,95
1,<environment.Job instance at 0x7fe1a4b34500>,37,16,[2 6],38,110,126,72,97
1,<environment.Job instance at 0x7fe1a4b34320>,43,17,[1 8],44,126,143,82,114
1,<environment.Job instance at 0x7fe1a4b34b90>,46,17,[9 1],47,130,147,83,130
1,<environment.Job instance at 0x7fe1a4b344b0>,47,3,[10  3],48,147,150,99,130
1,<environment.Job instance at 0x7fe1a4b34dc0>,48,12,[ 2 10],49,150,162,101,133
1,<environment.Job instance at 0x7fe1a4981140>,7,2,[5 2],8,8,10,0,8
1,<environment.Job instance at 0x7fe1a4981780>,9,3,[8 5],10,15,18,5,15
1,<environment.Job instance at 0x7fe1a4981730>,8,2,[6 5],9,18,20,9,15
1,<environment.Job instance at 0x7fe1a4981550>,6,2,[9 2],7,20,22,13,15
1,<environment.Job instance at 0x7fe1a4c10280>,13,14,[3 6],14,22,36,8,15
1,<environment.Job instance at 0x7fe1ef115dc0>,15,1,[3 6],16,36,37,20,17
1,<environment.Job instance at 0x7fe1ef0e1b40>,18,2,[7 3],19,22,24,3,19
1,<environment.Job instance at 0x7fe1ef127c30>,19,14,[2 6],20,37,51,17,22
1,<environment.Job instance at 0x7fe1ee598690>,20,2,[6 5],21,51,53,30,24
1,<environment.Job instance at 0x7fe1a445a4b0>,22,12,[4 9],23,53,65,30,36
1,<environment.Job instance at 0x7fe1a4a86500>,24,17,[7 4],25,65,82,40,53
1,<environment.Job instance at 0x7fe1ee3a3140>,27,3,[5 6],28,82,85,54,61
1,<environment.Job instance at 0x7fe1eec0ffa0>,28,12,[5 6],29,85,97,56,68
1,<environment.Job instance at 0x7fe1a4a1c460>,37,12,[10  4],38,97,109,59,86
1,<environment.Job instance at 0x7fe1ee571a50>,38,1,[2 5],39,109,110,70,86
1,<environment.Job instance at 0x7fe1ee571eb0>,39,3,[4 8],40,110,113,70,86
1,<environment.Job instance at 0x7fe1eebfcb90>,36,14,[8 1],37,113,127,76,104
1,<environment.Job instance at 0x7fe1ee5714b0>,43,14,[8 2],44,127,141,83,112
1,<environment.Job instance at 0x7fe1a4a6e4b0>,48,3,[9 1],49,141,144,92,120
1,<environment.Job instance at 0x7fe1eef53280>,0,19,[2 7],1,6,25,5,6
1,<environment.Job instance at 0x7fe1ef0f1aa0>,9,3,[3 6],10,25,28,15,11
1,<environment.Job instance at 0x7fe1ef0f1140>,10,3,[7 3],11,11,14,0,11
1,<environment.Job instance at 0x7fe1a4414eb0>,12,12,[3 8],13,28,40,15,13
1,<environment.Job instance at 0x7fe1a4614d20>,15,16,[4 5],16,40,56,24,28
1,<environment.Job instance at 0x7fe1a4614640>,14,13,[1 9],15,56,69,41,40
1,<environment.Job instance at 0x7fe1a4979e10>,21,15,[3 5],22,40,55,18,40
1,<environment.Job instance at 0x7fe1ef310d20>,24,15,[5 7],25,69,84,44,55
1,<environment.Job instance at 0x7fe1eedef320>,27,18,[1 7],28,84,102,56,73
1,<environment.Job instance at 0x7fe1a49dc2d0>,30,1,[6 5],31,102,103,71,77
1,<environment.Job instance at 0x7fe1a4b89190>,37,12,[5 5],38,105,117,67,105
1,<environment.Job instance at 0x7fe1a4b89a00>,38,15,[5 9],39,117,132,78,107
1,<environment.Job instance at 0x7fe1ee94da50>,41,12,[5 9],42,132,144,90,115
1,<environment.Job instance at 0x7fe1a45836e0>,43,18,[6 1],44,147,165,103,147
1,<environment.Job instance at 0x7fe1a4583aa0>,44,12,[4 7],45,147,159,102,147
1,<environment.Job instance at 0x7fe1a45835a0>,46,14,[10  4],47,165,179,118,150
1,<environment.Job instance at 0x7fe1eeb347d0>,0,3,[1 6],1,4,7,3,4
1,<environment.Job instance at 0x7fe1eeb340f0>,4,2,[10  3],5,7,9,2,5
1,<environment.Job instance at 0x7fe1a4741b90>,6,16,[2 6],7,9,25,2,9
1,<environment.Job instance at 0x7fe1a4741f50>,9,1,[8 3],10,10,11,0,10
1,<environment.Job instance at 0x7fe1a4741d70>,11,3,[1 6],12,25,28,13,12
1,<environment.Job instance at 0x7fe1ee95c460>,12,3,[4 9],13,28,31,15,14
1,<environment.Job instance at 0x7fe1ee95c190>,10,18,[5 9],11,31,49,20,20
1,<environment.Job instance at 0x7fe1ee95c640>,15,12,[6 1],16,49,61,33,32
1,<environment.Job instance at 0x7fe1ee95c780>,17,3,[5 1],18,33,36,15,33
1,<environment.Job instance at 0x7fe1a4583a50>,7,18,[3 6],8,49,67,41,42
1,<environment.Job instance at 0x7fe1ee95c4b0>,13,18,[ 1 10],14,67,85,53,59
1,<environment.Job instance at 0x7fe1ee95cd70>,28,16,[9 2],29,85,101,56,72
1,<environment.Job instance at 0x7fe1ee95cfa0>,31,13,[1 9],32,101,114,69,85
1,<environment.Job instance at 0x7fe1ee94f370>,32,3,[1 9],33,114,117,81,88
1,<environment.Job instance at 0x7fe1ee94f410>,33,2,[6 5],34,117,119,83,90
1,<environment.Job instance at 0x7fe1ee94f820>,35,3,[7 2],36,119,122,83,94
1,<environment.Job instance at 0x7fe1ee94f960>,37,17,[3 8],38,119,136,81,108
1,<environment.Job instance at 0x7fe1ee790190>,2,2,[7 4],3,3,5,0,3
1,<environment.Job instance at 0x7fe1ee7904b0>,5,13,[3 9],6,10,23,4,10
1,<environment.Job instance at 0x7fe1ee790960>,9,2,[ 4 10],10,23,25,13,10
1,<environment.Job instance at 0x7fe1ee790b40>,7,17,[3 5],8,25,42,17,13
1,<environment.Job instance at 0x7fe1ee790e10>,13,17,[5 3],14,25,42,11,19
1,<environment.Job instance at 0x7fe1eea82460>,18,16,[6 5],19,42,58,23,29
1,<environment.Job instance at 0x7fe1eea82d70>,20,2,[6 4],21,58,60,37,31
1,<environment.Job instance at 0x7fe1eea82a00>,21,2,[3 5],22,42,44,20,31
1,<environment.Job instance at 0x7fe1ee790e60>,12,15,[10  1],13,60,75,47,46
1,<environment.Job instance at 0x7fe1ee9996e0>,28,13,[6 1],29,75,88,46,59
1,<environment.Job instance at 0x7fe1ee999370>,29,13,[1 8],30,75,88,45,59
1,<environment.Job instance at 0x7fe1ee999fa0>,32,13,[ 5 10],33,88,101,55,72
1,<environment.Job instance at 0x7fe1ee999320>,34,3,[7 4],35,101,104,66,85
1,<environment.Job instance at 0x7fe1ee999460>,35,3,[9 4],36,104,107,68,85
1,<environment.Job instance at 0x7fe1ee5f3410>,38,17,[7 2],39,107,124,68,95
1,<environment.Job instance at 0x7fe1ee5f3fa0>,40,15,[5 6],41,124,139,83,110
1,<environment.Job instance at 0x7fe1ee5f3550>,45,12,[10  3],46,139,151,93,122
1,<environment.Job instance at 0x7fe1ee5f36e0>,46,14,[5 4],47,124,138,77,122
1,<environment.Job instance at 0x7fe1a448d690>,6,2,[8 4],7,7,9,0,7
1,<environment.Job instance at 0x7fe1ee9e2460>,14,13,[1 8],15,16,29,1,16
1,<environment.Job instance at 0x7fe1ee9e2a50>,17,2,[ 2 10],18,29,31,11,18
1,<environment.Job instance at 0x7fe1ee9e2dc0>,16,14,[1 7],17,32,46,15,32
1,<environment.Job instance at 0x7fe1ee9e2af0>,19,16,[5 3],20,32,48,12,32
1,<environment.Job instance at 0x7fe1eea3f460>,21,2,[2 6],22,46,48,24,32
1,<environment.Job instance at 0x7fe1eea3f7d0>,25,3,[1 9],26,48,51,22,32
1,<environment.Job instance at 0x7fe1eea3fd70>,26,15,[10  4],27,51,66,24,38
1,<environment.Job instance at 0x7fe1eea3f5a0>,28,17,[3 9],29,66,83,37,54
1,<environment.Job instance at 0x7fe1eea3f640>,31,12,[5 6],32,83,95,51,66
1,<environment.Job instance at 0x7fe1eea3f0f0>,33,13,[5 1],34,66,79,32,66
1,<environment.Job instance at 0x7fe1a4afbb90>,38,14,[9 1],39,95,109,56,80
1,<environment.Job instance at 0x7fe1a4afbb40>,43,3,[10  3],44,109,112,65,93
1,<environment.Job instance at 0x7fe1a4afb690>,44,3,[3 6],45,112,115,67,93
1,<environment.Job instance at 0x7fe1a4afb410>,42,15,[6 2],43,112,127,69,98
1,<environment.Job instance at 0x7fe1a448d9b0>,0,17,[2 6],1,115,132,114,103
1,<environment.Job instance at 0x7fe1a45246e0>,7,12,[7 2],8,10,22,2,10
1,<environment.Job instance at 0x7fe1a45243c0>,9,12,[4 6],10,22,34,12,11
1,<environment.Job instance at 0x7fe1a450b140>,13,3,[4 7],14,34,37,20,14
1,<environment.Job instance at 0x7fe1a4524f50>,10,13,[5 3],11,22,35,11,15
1,<environment.Job instance at 0x7fe1a450b370>,17,15,[4 6],18,37,52,19,23
1,<environment.Job instance at 0x7fe1a450bb90>,24,16,[4 5],25,52,68,27,39
1,<environment.Job instance at 0x7fe1a45361e0>,30,12,[1 7],31,68,80,37,57
1,<environment.Job instance at 0x7fe1a4536230>,31,3,[6 4],32,57,60,25,57
1,<environment.Job instance at 0x7fe1a4536460>,32,17,[ 2 10],33,81,98,48,81
1,<environment.Job instance at 0x7fe1a45365a0>,34,12,[9 1],35,98,110,63,81
1,<environment.Job instance at 0x7fe1a4536820>,37,3,[8 1],38,110,113,72,87
1,<environment.Job instance at 0x7fe1a4536a00>,39,13,[7 4],40,113,126,73,97
1,<environment.Job instance at 0x7fe1ee79ccd0>,3,3,[8 4],4,6,9,2,6
1,<environment.Job instance at 0x7fe1a4536be0>,5,12,[10  1],6,9,21,3,8
1,<environment.Job instance at 0x7fe1eecd9e10>,6,12,[2 7],7,21,33,14,9
1,<environment.Job instance at 0x7fe1eecd9140>,11,12,[5 5],12,33,45,21,16
1,<environment.Job instance at 0x7fe1eecd9af0>,13,13,[7 4],14,45,58,31,29
1,<environment.Job instance at 0x7fe1eecd93c0>,7,14,[ 4 10],8,58,72,50,47
1,<environment.Job instance at 0x7fe1eecd91e0>,20,16,[ 3 10],21,72,88,51,59
1,<environment.Job instance at 0x7fe1ef0e12d0>,25,14,[4 6],26,88,102,62,73
1,<environment.Job instance at 0x7fe1eecd9c80>,16,18,[10  2],17,102,120,85,92
1,<environment.Job instance at 0x7fe1ef0e1960>,31,2,[7 1],32,120,122,88,93
1,<environment.Job instance at 0x7fe1ef0e1640>,36,14,[6 4],37,122,136,85,108
1,<environment.Job instance at 0x7fe1eecd95a0>,21,16,[5 7],22,136,152,114,123
1,<environment.Job instance at 0x7fe1eeaae050>,44,3,[ 3 10],45,152,155,107,126
1,<environment.Job instance at 0x7fe1eeaae3c0>,47,2,[7 2],48,155,157,107,128
1,<environment.Job instance at 0x7fe1eeaaeaf0>,41,17,[2 7],42,155,172,113,149
1,<environment.Job instance at 0x7fe1eeaae140>,3,18,[5 5],4,4,22,0,4
1,<environment.Job instance at 0x7fe1a48b90a0>,6,13,[3 9],7,22,35,15,7
1,<environment.Job instance at 0x7fe1ee3c3820>,11,3,[1 9],12,35,38,23,12
1,<environment.Job instance at 0x7fe1ee79ff50>,0,14,[ 2 10],1,38,52,37,25
1,<environment.Job instance at 0x7fe1a484b640>,16,13,[5 5],17,52,65,35,37
1,<environment.Job instance at 0x7fe1a4854cd0>,24,17,[9 2],25,65,82,40,55
1,<environment.Job instance at 0x7fe1a47d0730>,29,14,[5 1],30,85,99,55,85
1,<environment.Job instance at 0x7fe1ee780d20>,30,3,[5 7],31,85,88,54,85
1,<environment.Job instance at 0x7fe1a4679cd0>,14,16,[2 7],15,88,104,73,85
1,<environment.Job instance at 0x7fe1a48e2f00>,34,14,[9 1],35,104,118,69,90
1,<environment.Job instance at 0x7fe1a48e2b90>,35,12,[7 1],36,118,130,82,103
1,<environment.Job instance at 0x7fe1ee8250f0>,37,3,[6 3],38,130,133,92,104
1,<environment.Job instance at 0x7fe1eea3ff50>,41,1,[6 5],42,133,134,91,112
1,<environment.Job instance at 0x7fe1ee825140>,36,18,[8 3],37,134,152,97,124
1,<environment.Job instance at 0x7fe1ee8406e0>,44,2,[9 3],45,152,154,107,126
1,<environment.Job instance at 0x7fe1ee840af0>,46,13,[9 3],47,154,167,107,144
1,<environment.Job instance at 0x7fe1a48b9b40>,9,18,[9 5],10,167,185,157,156
1,<environment.Job instance at 0x7fe1ee840550>,48,16,[9 4],49,194,210,145,194
1,<environment.Job instance at 0x7fe1ee840550>,4,13,[2 6],5,6,19,1,6
1,<environment.Job instance at 0x7fe1a480f690>,6,18,[7 4],7,7,25,0,7
1,<environment.Job instance at 0x7fe1ee4ee4b0>,8,14,[1 7],9,25,39,16,10
1,<environment.Job instance at 0x7fe1ee4ee050>,11,13,[6 3],12,25,38,13,12
1,<environment.Job instance at 0x7fe1eef94cd0>,14,14,[5 3],15,38,52,23,23
1,<environment.Job instance at 0x7fe1eef8e2d0>,15,2,[8 3],16,52,54,36,25
1,<environment.Job instance at 0x7fe1eef8ed20>,16,3,[ 5 10],17,54,57,37,28
1,<environment.Job instance at 0x7fe1a4c2ab40>,18,15,[7 3],19,57,72,38,43
1,<environment.Job instance at 0x7fe1a4692690>,20,14,[10  1],21,72,86,51,57
1,<environment.Job instance at 0x7fe1a46924b0>,24,18,[5 6],25,86,104,61,75
1,<environment.Job instance at 0x7fe1a49c79b0>,27,13,[4 5],28,104,117,76,88
1,<environment.Job instance at 0x7fe1a49c75f0>,30,16,[ 2 10],31,117,133,86,104
1,<environment.Job instance at 0x7fe1a49c7b90>,34,14,[6 4],35,133,147,98,118
1,<environment.Job instance at 0x7fe1eef7a3c0>,37,2,[6 3],38,147,149,109,129
1,<environment.Job instance at 0x7fe1eef7ae10>,39,12,[9 4],40,149,161,109,132
1,<environment.Job instance at 0x7fe1a49cbc30>,48,16,[7 2],49,161,177,112,148
1,<environment.Job instance at 0x7fe1a4c0d690>,4,3,[4 5],5,5,8,0,5
1,<environment.Job instance at 0x7fe1a49cbc30>,6,3,[5 8],7,8,11,1,7
1,<environment.Job instance at 0x7fe1a4c0d190>,8,3,[6 1],9,11,14,2,9
1,<environment.Job instance at 0x7fe1a4c0dd70>,9,3,[8 2],10,14,17,4,10
1,<environment.Job instance at 0x7fe1a4c0df00>,12,3,[5 9],13,20,23,7,20
1,<environment.Job instance at 0x7fe1a4c0d370>,16,12,[3 9],17,23,35,6,21
1,<environment.Job instance at 0x7fe1a4c0db40>,13,16,[8 1],14,35,51,21,24
1,<environment.Job instance at 0x7fe1ee472dc0>,21,3,[2 6],22,40,43,18,40
1,<environment.Job instance at 0x7fe1ee472370>,22,12,[6 1],23,51,63,28,42
1,<environment.Job instance at 0x7fe1ee472d70>,20,15,[2 8],21,44,59,23,44
1,<environment.Job instance at 0x7fe1ef0915f0>,30,15,[4 7],31,59,74,28,47
1,<environment.Job instance at 0x7fe1ef091c30>,29,18,[2 7],30,74,92,44,63
1,<environment.Job instance at 0x7fe1ef091280>,34,13,[8 2],35,74,87,39,63
1,<environment.Job instance at 0x7fe1ef091b40>,41,12,[3 7],42,92,104,50,75
1,<environment.Job instance at 0x7fe1ee5477d0>,44,17,[8 1],45,104,121,59,92
1,<environment.Job instance at 0x7fe1ee5474b0>,47,1,[7 3],48,92,93,44,92
1,<environment.Job instance at 0x7fe1ef091690>,33,16,[9 4],34,146,162,112,146
1,<environment.Job instance at 0x7fe1ef8c3320>,1,18,[3 8],2,9,27,7,9
1,<environment.Job instance at 0x7fe1ee64ff50>,12,3,[1 8],13,27,30,14,13
1,<environment.Job instance at 0x7fe1ee64f5a0>,13,12,[3 8],14,30,42,16,14
1,<environment.Job instance at 0x7fe1eeb40f50>,14,3,[1 5],15,42,45,27,16
1,<environment.Job instance at 0x7fe1eeb40c30>,16,3,[7 4],17,42,45,25,17
1,<environment.Job instance at 0x7fe1a4cb9960>,18,2,[7 4],19,45,47,26,19
1,<environment.Job instance at 0x7fe1eeb4b870>,20,2,[10  5],21,47,49,26,23
1,<environment.Job instance at 0x7fe1ee6280f0>,24,13,[4 8],25,49,62,24,33
1,<environment.Job instance at 0x7fe1ee72ab40>,26,12,[9 5],27,62,74,35,45
1,<environment.Job instance at 0x7fe1ee844eb0>,3,14,[ 4 10],4,74,88,70,60
1,<environment.Job instance at 0x7fe1a4848aa0>,31,14,[9 4],32,88,102,56,74
1,<environment.Job instance at 0x7fe1a4642730>,34,3,[4 5],35,102,105,67,84
1,<environment.Job instance at 0x7fe1a4848370>,32,13,[2 9],33,105,118,72,89
1,<environment.Job instance at 0x7fe1a4642a50>,38,13,[1 5],39,118,131,79,102
1,<environment.Job instance at 0x7fe1ee458c80>,9,17,[ 1 10],10,131,148,121,120
1,<environment.Job instance at 0x7fe1a4c30be0>,45,3,[5 6],46,148,151,102,124
1,<environment.Job instance at 0x7fe1a4c30a00>,46,1,[2 6],47,151,152,104,124
1,<environment.Job instance at 0x7fe1ee93b8c0>,48,18,[5 8],49,152,170,103,142
1,<environment.Job instance at 0x7f168c84f460>,2,12,[5 4],3,3,15,0,3
1,<environment.Job instance at 0x7f1687441a50>,5,13,[5 9],6,15,28,9,6
1,<environment.Job instance at 0x7f1687441dc0>,7,14,[5 1],8,8,22,0,8
1,<environment.Job instance at 0x7f1687441d70>,8,17,[ 2 10],9,28,45,19,17
1,<environment.Job instance at 0x7f1687444280>,13,13,[1 8],14,45,58,31,29
1,<environment.Job instance at 0x7f1687444500>,16,12,[1 8],17,58,70,41,41
1,<environment.Job instance at 0x7f1687441fa0>,9,17,[ 4 10],10,70,87,60,58
1,<environment.Job instance at 0x7f1687444690>,24,3,[5 9],25,87,90,62,68
1,<environment.Job instance at 0x7f16874446e0>,27,2,[6 4],28,90,92,62,68
1,<environment.Job instance at 0x7f168c84f550>,0,18,[ 2 10],1,92,110,91,85
1,<environment.Job instance at 0x7f1687448050>,33,2,[5 3],34,110,112,76,86
1,<environment.Job instance at 0x7f16874481e0>,35,16,[8 1],36,112,128,76,99
1,<environment.Job instance at 0x7f16874483c0>,38,12,[3 6],39,128,140,89,112
1,<environment.Job instance at 0x7f16874487d0>,41,14,[6 1],42,128,142,86,118
1,<environment.Job instance at 0x7f1687448780>,42,14,[8 4],43,142,156,99,127
1,<environment.Job instance at 0x7f16874480f0>,32,17,[9 3],33,156,173,123,145
1,<environment.Job instance at 0x7f1687448aa0>,46,3,[5 4],47,173,176,126,149
1,<environment.Job instance at 0x7f1687448f00>,51,2,[4 9],52,176,178,124,157
1,<environment.Job instance at 0x7f168c9bf910>,4,12,[6 1],5,5,17,0,5
1,<environment.Job instance at 0x7f168c9c4280>,10,18,[5 5],11,20,38,9,20
1,<environment.Job instance at 0x7f168c9c27d0>,15,3,[6 4],16,38,41,22,20
1,<environment.Job instance at 0x7f168c9c4460>,11,1,[8 2],12,41,42,29,21
1,<environment.Job instance at 0x7f168c9c21e0>,16,13,[1 5],17,21,34,4,21
1,<environment.Job instance at 0x7f168c87adc0>,20,2,[10  3],21,42,44,21,26
1,<environment.Job instance at 0x7f168c9c2f00>,17,15,[4 7],18,44,59,26,31
1,<environment.Job instance at 0x7f168c87a6e0>,26,3,[5 6],27,59,62,32,41
1,<environment.Job instance at 0x7f168c9c5d20>,29,13,[7 2],30,62,75,32,47
1,<environment.Job instance at 0x7f168c9c1230>,38,12,[10  1],39,79,91,40,79
1,<environment.Job instance at 0x7f168c9c4f00>,12,14,[9 1],13,91,105,78,79
1,<environment.Job instance at 0x7f168c9c1d70>,40,18,[7 5],41,106,124,65,106
1,<environment.Job instance at 0x7f168c87bd20>,47,3,[7 4],48,124,127,76,106
1,<environment.Job instance at 0x7f168c87b2d0>,52,2,[4 8],53,129,131,76,129
1,<environment.Job instance at 0x7f168c87b820>,53,3,[1 6],54,131,134,77,129
1,<environment.Job instance at 0x7f1687202af0>,54,12,[6 1],55,129,141,74,129
1,<environment.Job instance at 0x7f1670e62f00>,55,14,[9 1],56,141,155,85,129
1,<environment.Job instance at 0x7f168c9c25f0>,19,17,[2 7],20,155,172,135,143
1,<environment.Job instance at 0x7f168c9bc500>,58,3,[2 7],59,172,175,113,146
1,<environment.Job instance at 0x7f168c87b050>,3,3,[1 5],4,4,7,0,4
1,<environment.Job instance at 0x7f1641730a50>,6,2,[9 1],7,7,9,0,7
1,<environment.Job instance at 0x7f16417c60a0>,4,15,[9 1],5,9,24,4,7
1,<environment.Job instance at 0x7f1641730410>,7,3,[1 8],8,8,11,0,8
1,<environment.Job instance at 0x7f16417c6d70>,5,15,[5 3],6,24,39,18,10
1,<environment.Job instance at 0x7f1641730b40>,10,16,[9 3],11,39,55,28,27
1,<environment.Job instance at 0x7f164177e5a0>,16,18,[1 6],17,28,46,11,28
1,<environment.Job instance at 0x7f164177eeb0>,18,14,[5 1],19,55,69,36,40
1,<environment.Job instance at 0x7f164177ea50>,19,3,[1 7],20,46,49,26,40
1,<environment.Job instance at 0x7f164177ec30>,20,17,[3 8],21,55,72,34,43
1,<environment.Job instance at 0x7f164181a410>,23,16,[6 4],24,72,88,48,59
1,<environment.Job instance at 0x7f164181a5a0>,26,15,[6 2],27,88,103,61,74
1,<environment.Job instance at 0x7f164181a550>,31,16,[1 9],32,103,119,71,90
1,<environment.Job instance at 0x7f164181a190>,38,16,[3 9],39,119,135,80,106
1,<environment.Job instance at 0x7f164181a1e0>,40,12,[6 3],41,135,147,94,118
1,<environment.Job instance at 0x7f164173b730>,47,18,[5 2],48,147,165,99,136
1,<environment.Job instance at 0x7f164173b0f0>,48,18,[4 6],49,141,159,92,141
1,<environment.Job instance at 0x7f164173b8c0>,49,16,[3 5],50,159,175,109,146
1,<environment.Job instance at 0x7f164173b820>,50,3,[9 1],51,175,178,124,149
1,<environment.Job instance at 0x7f164173b050>,52,1,[ 5 10],53,178,179,125,150
1,<environment.Job instance at 0x7f164173b2d0>,53,12,[1 7],54,179,191,125,162
1,<environment.Job instance at 0x7f1641738f50>,56,1,[7 4],57,165,166,108,162
1,<environment.Job instance at 0x7f1641738820>,2,2,[8 2],3,4,6,1,4
1,<environment.Job instance at 0x7f1641bfd9b0>,7,2,[9 3],8,8,10,0,8
1,<environment.Job instance at 0x7f164186de60>,10,18,[5 1],11,12,30,1,12
1,<environment.Job instance at 0x7f164186d690>,11,3,[8 2],12,30,33,18,12
1,<environment.Job instance at 0x7f164186d5a0>,13,3,[5 4],14,14,17,0,14
1,<environment.Job instance at 0x7f164186d190>,12,14,[8 4],13,33,47,20,18
1,<environment.Job instance at 0x7f164186dc30>,17,3,[4 9],18,18,21,0,18
1,<environment.Job instance at 0x7f1641bbd0a0>,20,2,[3 8],21,21,23,0,21
1,<environment.Job instance at 0x7f164186d280>,14,17,[10  5],15,47,64,32,41
1,<environment.Job instance at 0x7f1641bbd690>,26,13,[5 1],27,64,77,37,48
1,<environment.Job instance at 0x7f1641bbdcd0>,25,17,[5 9],26,64,81,38,56
1,<environment.Job instance at 0x7f1641bbd460>,24,17,[10  2],25,81,98,56,70
1,<environment.Job instance at 0x7f1641d6d910>,36,16,[7 2],37,98,114,61,85
1,<environment.Job instance at 0x7f1641d6dfa0>,30,17,[2 9],31,114,131,83,103
1,<environment.Job instance at 0x7f1641b91280>,45,17,[3 5],46,131,148,85,131
1,<environment.Job instance at 0x7f1641b91230>,46,15,[ 5 10],47,148,163,101,134
1,<environment.Job instance at 0x7f1641af83c0>,49,12,[5 4],50,134,146,84,134
1,<environment.Job instance at 0x7f1641af8230>,51,13,[3 6],52,163,176,111,149
1,<environment.Job instance at 0x7f1641af8fa0>,53,12,[3 8],54,176,188,122,159
1,<environment.Job instance at 0x7f164168a820>,55,12,[2 6],56,188,200,132,171
1,<environment.Job instance at 0x7f164168a050>,58,18,[3 8],59,308,326,249,308
1,<environment.Job instance at 0x7f1641d6db40>,37,18,[ 1 10],38,475,493,437,475
1,<environment.Job instance at 0x7f1641d6db40>,2,3,[3 9],3,3,6,0,3
1,<environment.Job instance at 0x7f1641b2c1e0>,5,3,[6 4],6,7,10,1,7
1,<environment.Job instance at 0x7f1641bcb3c0>,3,18,[1 6],4,9,27,5,9
1,<environment.Job instance at 0x7f1641b2cbe0>,11,3,[1 8],12,27,30,15,12
1,<environment.Job instance at 0x7f1641b2a1e0>,12,13,[2 5],13,30,43,17,14
1,<environment.Job instance at 0x7f1641b2a0f0>,13,14,[3 5],14,30,44,16,17
1,<environment.Job instance at 0x7f1641b2ceb0>,7,16,[2 8],8,44,60,36,33
1,<environment.Job instance at 0x7f1641b2a500>,14,17,[1 9],15,60,77,45,48
1,<environment.Job instance at 0x7f1641b2aeb0>,28,21,[5 1],29,58,79,29,58
1,<environment.Job instance at 0x7f1641b2afa0>,29,1,[8 5],30,79,80,49,58
1,<environment.Job instance at 0x7f1641b34140>,32,17,[8 2],33,80,97,47,68
1,<environment.Job instance at 0x7f1641b34820>,37,14,[4 7],38,97,111,59,82
1,<environment.Job instance at 0x7f1641b34dc0>,46,13,[3 6],47,111,124,64,95
1,<environment.Job instance at 0x7f1641b43550>,51,3,[3 6],52,133,136,81,133
1,<environment.Job instance at 0x7f1641b43690>,53,18,[9 2],54,136,154,82,133
1,<environment.Job instance at 0x7f1641b43730>,54,18,[ 5 10],55,154,172,99,143
1,<environment.Job instance at 0x7f1641b43b90>,6,15,[7 3],7,7,22,0,7
1,<environment.Job instance at 0x7f1641cd6960>,9,1,[8 5],10,22,23,12,13
1,<environment.Job instance at 0x7f1641cf72d0>,12,2,[7 1],13,23,25,10,20
1,<environment.Job instance at 0x7f1641cf70f0>,13,2,[3 5],14,20,22,6,20
1,<environment.Job instance at 0x7f1641cd6910>,10,14,[2 8],11,23,37,12,20
1,<environment.Job instance at 0x7f1641cf7be0>,15,2,[4 6],16,37,39,21,21
1,<environment.Job instance at 0x7f1641cf7410>,16,2,[6 5],17,39,41,22,21
1,<environment.Job instance at 0x7f1641cf7050>,18,3,[5 1],19,26,29,7,26
1,<environment.Job instance at 0x7f1641cf76e0>,17,14,[7 1],18,41,55,23,26
1,<environment.Job instance at 0x7f1641cf7140>,20,14,[ 3 10],21,55,69,34,40
1,<environment.Job instance at 0x7f1641cf7370>,23,15,[7 4],24,69,84,45,55
1,<environment.Job instance at 0x7f1687825b90>,28,2,[1 7],29,84,86,55,64
1,<environment.Job instance at 0x7f1687825f50>,29,3,[8 4],30,86,89,56,64
1,<environment.Job instance at 0x7f1687825c80>,31,16,[2 8],32,89,105,57,76
1,<environment.Job instance at 0x7f1641cd6550>,0,17,[4 5],1,105,122,104,93
1,<environment.Job instance at 0x7f1687264550>,36,2,[3 5],37,105,107,68,93
1,<environment.Job instance at 0x7f1687542690>,39,16,[1 7],40,122,138,82,109
1,<environment.Job instance at 0x7f16875420a0>,41,15,[3 5],42,138,153,96,132
1,<environment.Job instance at 0x7f1687542c80>,45,17,[6 3],46,132,149,86,132
1,<environment.Job instance at 0x7f1687998190>,47,2,[5 9],48,153,155,105,132
1,<environment.Job instance at 0x7f1687998af0>,48,17,[2 8],49,155,172,106,143
1,<environment.Job instance at 0x7f1687998b40>,50,1,[2 5],51,149,150,98,144
1,<environment.Job instance at 0x7f1687998aa0>,52,15,[7 3],53,172,187,119,158
1,<environment.Job instance at 0x7f1687998280>,55,16,[2 6],56,172,188,116,164
1,<environment.Job instance at 0x7f16875136e0>,57,16,[ 3 10],58,188,204,130,177
1,<environment.Job instance at 0x7f1688031460>,10,17,[7 1],11,13,30,2,13
1,<environment.Job instance at 0x7f1687bd11e0>,12,2,[6 3],13,30,32,17,14
1,<environment.Job instance at 0x7f1687f84aa0>,14,2,[4 8],15,32,34,17,15
1,<environment.Job instance at 0x7f1687b258c0>,3,12,[8 5],4,45,57,41,45
1,<environment.Job instance at 0x7f168741b320>,21,3,[10  4],22,57,60,35,45
1,<environment.Job instance at 0x7f16418ccd20>,22,2,[6 4],23,60,62,37,45
1,<environment.Job instance at 0x7f1641aa3690>,20,18,[4 8],21,62,80,41,53
1,<environment.Job instance at 0x7f1687386640>,24,2,[1 9],25,80,82,55,53
1,<environment.Job instance at 0x7f16418ebc80>,16,15,[4 9],17,82,97,65,70
1,<environment.Job instance at 0x7f16875929b0>,31,2,[7 4],32,97,99,65,72
1,<environment.Job instance at 0x7f16878e3690>,28,12,[8 2],29,99,111,70,86
1,<environment.Job instance at 0x7f1687ec34b0>,39,17,[2 6],40,97,114,57,97
1,<environment.Job instance at 0x7f1687592690>,33,18,[8 1],34,111,129,77,100
1,<environment.Job instance at 0x7f1687ec33c0>,40,16,[1 9],41,114,130,73,106
1,<environment.Job instance at 0x7f1687ec31e0>,45,12,[4 7],46,130,142,84,114
1,<environment.Job instance at 0x7f1687998c30>,47,13,[4 6],48,142,155,94,127
1,<environment.Job instance at 0x7f16879985f0>,49,17,[5 1],50,129,146,79,128
1,<environment.Job instance at 0x7f16872c3140>,52,13,[8 1],53,155,168,102,141
1,<environment.Job instance at 0x7f16872c38c0>,53,16,[3 5],54,168,184,114,155
1,<environment.Job instance at 0x7f16872c30a0>,56,13,[1 6],57,155,168,98,155
1,<environment.Job instance at 0x7f1687a9d5f0>,58,13,[8 2],59,184,197,125,168
1,<environment.Job instance at 0x7f1687552a50>,9,18,[ 2 10],10,237,255,227,237
1,<environment.Job instance at 0x7f168815e690>,1,1,[10  1],2,3,4,1,3
1,<environment.Job instance at 0x7f16878e3cd0>,3,1,[5 2],4,5,6,1,5
1,<environment.Job instance at 0x7f1687c32d20>,6,13,[8 4],7,8,21,1,8
1,<environment.Job instance at 0x7f16418d2eb0>,2,13,[3 9],3,21,34,18,11
1,<environment.Job instance at 0x7f168740f820>,13,2,[ 4 10],14,34,36,20,16
1,<environment.Job instance at 0x7f168740fdc0>,16,13,[7 1],17,21,34,4,18
1,<environment.Job instance at 0x7f168740fb40>,17,16,[2 6],18,36,52,18,23
1,<environment.Job instance at 0x7f16873e60a0>,22,2,[3 5],23,52,54,29,31
1,<environment.Job instance at 0x7f168740fa50>,15,15,[5 7],16,54,69,38,40
1,<environment.Job instance at 0x7f16873e67d0>,28,12,[ 2 10],29,69,81,40,55
1,<environment.Job instance at 0x7f16873e64b0>,29,16,[1 8],30,81,97,51,69
1,<environment.Job instance at 0x7f16873e65f0>,26,17,[9 1],27,81,98,54,72
1,<environment.Job instance at 0x7f16873e6eb0>,39,3,[8 5],40,98,101,58,86
1,<environment.Job instance at 0x7f16873e82d0>,40,13,[3 8],41,101,114,60,86
1,<environment.Job instance at 0x7f16873e6d20>,34,15,[ 1 10],35,114,129,79,100
1,<environment.Job instance at 0x7f16873e8500>,45,1,[3 6],46,129,130,83,109
1,<environment.Job instance at 0x7f16873e8640>,46,15,[ 5 10],47,130,145,83,117
1,<environment.Job instance at 0x7f16873e8af0>,51,14,[1 9],52,145,159,93,130
1,<environment.Job instance at 0x7f16873e8a50>,53,18,[4 8],54,159,177,105,148
1,<environment.Job instance at 0x7f16873e8f50>,55,14,[7 3],56,177,191,121,162
1,<environment.Job instance at 0x7f16873e8fa0>,57,3,[5 6],58,191,194,133,165
1,<environment.Job instance at 0x7f1687209aa0>,4,2,[4 8],5,6,8,1,6
1,<environment.Job instance at 0x7f1687209e60>,8,1,[2 5],9,9,10,0,9
1,<environment.Job instance at 0x7f1687b8cb90>,9,3,[4 8],10,10,13,0,10
1,<environment.Job instance at 0x7f1687209be0>,6,14,[8 1],7,13,27,6,10
1,<environment.Job instance at 0x7f1687209140>,7,12,[10  4],8,27,39,19,15
1,<environment.Job instance at 0x7f1687585b90>,14,2,[4 9],15,39,41,24,15
1,<environment.Job instance at 0x7f1687585f00>,18,3,[9 1],19,41,44,22,22
1,<environment.Job instance at 0x7f16876babe0>,17,18,[6 2],18,44,62,26,33
1,<environment.Job instance at 0x7f1687209370>,12,17,[2 5],13,47,64,34,47
1,<environment.Job instance at 0x7f16877195f0>,26,14,[7 5],27,62,76,35,48
1,<environment.Job instance at 0x7f168c876dc0>,29,3,[3 6],30,76,79,46,52
1,<environment.Job instance at 0x7f1687bab280>,30,3,[7 3],31,76,79,45,52
1,<environment.Job instance at 0x7f1641c1e6e0>,22,3,[ 3 10],23,79,82,56,53
1,<environment.Job instance at 0x7f1641a0fe60>,32,12,[3 8],33,82,94,49,65
1,<environment.Job instance at 0x7f164196d730>,35,16,[4 5],36,94,110,58,81
1,<environment.Job instance at 0x7f168721d5f0>,31,17,[5 7],32,110,127,78,98
1,<environment.Job instance at 0x7f1687dab140>,44,15,[5 7],45,127,142,82,113
1,<environment.Job instance at 0x7f1641cc31e0>,57,12,[5 5],58,171,183,113,171
1,<environment.Job instance at 0x7f1641cc3690>,58,15,[5 9],59,183,198,124,171
1,<environment.Job instance at 0x7f168721bc30>,5,1,[8 1],6,7,8,1,7
1,<environment.Job instance at 0x7f168721b410>,4,12,[4 7],5,8,20,3,8
1,<environment.Job instance at 0x7f1641b53dc0>,8,2,[5 5],9,20,22,11,9
1,<environment.Job instance at 0x7f1641b53410>,7,2,[2 6],8,22,24,14,9
1,<environment.Job instance at 0x7f1641b2edc0>,10,3,[1 6],11,24,27,13,11
1,<environment.Job instance at 0x7f16872b00f0>,12,3,[4 9],13,27,30,14,13
1,<environment.Job instance at 0x7f1641b2e320>,13,12,[ 2 10],14,30,42,16,16
1,<environment.Job instance at 0x7f1641b2e5f0>,14,2,[10  3],15,42,44,27,16
1,<environment.Job instance at 0x7f1641a415a0>,16,16,[2 6],17,44,60,27,31
1,<environment.Job instance at 0x7f1641aab0a0>,18,14,[6 4],19,44,58,25,35
1,<environment.Job instance at 0x7f16415e2820>,17,18,[3 6],18,60,78,42,49
1,<environment.Job instance at 0x7f16418577d0>,25,12,[6 1],26,58,70,32,52
1,<environment.Job instance at 0x7f1641a09910>,27,3,[5 1],28,70,73,42,52
1,<environment.Job instance at 0x7f1641b076e0>,20,18,[5 9],21,78,96,57,67
1,<environment.Job instance at 0x7f1641d1b6e0>,23,18,[ 1 10],24,96,114,72,86
1,<environment.Job instance at 0x7f16419109b0>,36,17,[ 1 10],37,114,131,77,104
1,<environment.Job instance at 0x7f16419101e0>,38,16,[9 2],39,131,147,92,120
1,<environment.Job instance at 0x7f16419fa2d0>,43,2,[6 5],44,147,149,103,126
1,<environment.Job instance at 0x7f16419fa500>,44,1,[7 3],45,149,150,104,126
1,<environment.Job instance at 0x7f16419fab40>,45,3,[7 2],46,150,153,104,126
1,<environment.Job instance at 0x7f16419fa780>,46,14,[9 2],47,153,167,106,138
1,<environment.Job instance at 0x7f16416c0cd0>,9,2,[ 4 10],10,10,12,0,10
1,<environment.Job instance at 0x7f16416c0b90>,8,17,[2 6],9,12,29,3,12
1,<environment.Job instance at 0x7f16416c0960>,7,17,[3 5],8,29,46,21,17
1,<environment.Job instance at 0x7f16416c0be0>,13,17,[5 3],14,17,34,3,17
1,<environment.Job instance at 0x7f1641697640>,17,14,[2 5],18,34,48,16,32
1,<environment.Job instance at 0x7f16416976e0>,18,16,[6 5],19,46,62,27,33
1,<environment.Job instance at 0x7f1641697410>,22,15,[2 5],23,48,63,25,34
1,<environment.Job instance at 0x7f1641697910>,24,16,[9 2],25,63,79,38,51
1,<environment.Job instance at 0x7f1641697e60>,30,3,[10  4],31,79,82,48,58
1,<environment.Job instance at 0x7f1641697550>,31,13,[6 5],32,82,95,50,67
1,<environment.Job instance at 0x7f164169c140>,33,15,[6 1],34,95,110,61,81
1,<environment.Job instance at 0x7f16416c0f50>,12,15,[10  1],13,110,125,97,96
1,<environment.Job instance at 0x7f164169cb40>,44,15,[7 3],45,125,140,80,111
1,<environment.Job instance at 0x7f164169cc30>,47,15,[10  1],48,140,155,92,126
1,<environment.Job instance at 0x7f16416a22d0>,53,1,[4 9],54,155,156,101,137
1,<environment.Job instance at 0x7f16416a2370>,54,12,[3 5],55,156,168,101,140
1,<environment.Job instance at 0x7f16416a2640>,56,2,[8 4],57,168,170,111,141
1,<environment.Job instance at 0x7f168728c320>,0,18,[8 1],1,186,204,185,186
1,<environment.Job instance at 0x7f16416c0a00>,5,13,[3 9],6,367,380,361,367
1,<environment.Job instance at 0x7f16878dd4b0>,4,13,[1 8],5,6,19,1,6
1,<environment.Job instance at 0x7f16878dd5a0>,5,3,[10  4],6,19,22,13,13
1,<environment.Job instance at 0x7f16878dd8c0>,7,2,[ 2 10],8,22,24,14,15
1,<environment.Job instance at 0x7f16878dd5f0>,11,2,[2 6],12,24,26,12,19
1,<environment.Job instance at 0x7f16878dd140>,3,13,[7 5],4,26,39,22,19
1,<environment.Job instance at 0x7f1687e4e9b0>,15,3,[1 9],16,39,42,23,19
1,<environment.Job instance at 0x7f16878dd550>,9,16,[5 3],10,42,58,32,29
1,<environment.Job instance at 0x7f16878dd410>,14,16,[9 4],15,58,74,43,45
1,<environment.Job instance at 0x7f1641900230>,23,13,[5 1],24,74,87,50,58
1,<environment.Job instance at 0x7f1687e4efa0>,20,14,[1 8],21,74,88,53,59
1,<environment.Job instance at 0x7f16877abbe0>,32,15,[6 2],33,87,102,54,75
1,<environment.Job instance at 0x7f16876d8d70>,38,18,[6 5],39,102,120,63,91
1,<environment.Job instance at 0x7f16876d8690>,41,12,[1 8],42,120,132,78,107
1,<environment.Job instance at 0x7f168c73bfa0>,44,17,[5 1],45,120,137,75,117
1,<environment.Job instance at 0x7f16876d81e0>,45,15,[ 1 10],46,137,152,91,123
1,<environment.Job instance at 0x7f168772cbe0>,47,12,[7 2],48,152,164,104,139
1,<environment.Job instance at 0x7f168772c5a0>,49,12,[4 6],50,164,176,114,147
1,<environment.Job instance at 0x7f168772cb40>,50,13,[5 3],51,164,177,113,148
1,<environment.Job instance at 0x7f16878ddd70>,10,18,[ 5 10],11,177,195,166,166
1,<environment.Job instance at 0x7f16416fda50>,57,15,[4 6],58,195,210,137,181
1,<environment.Job instance at 0x7f1687979410>,4,16,[4 5],5,8,24,3,8
1,<environment.Job instance at 0x7f1687979a50>,9,1,[5 1],10,11,12,1,11
1,<environment.Job instance at 0x7f1687979960>,6,3,[8 3],7,24,27,17,11
1,<environment.Job instance at 0x7f1687979140>,11,3,[6 4],12,12,15,0,12
1,<environment.Job instance at 0x7f1687979640>,14,12,[9 1],15,27,39,12,15
1,<environment.Job instance at 0x7f168c73e050>,17,3,[8 1],18,39,42,21,19
1,<environment.Job instance at 0x7f168c73e370>,19,13,[7 4],20,42,55,22,26
1,<environment.Job instance at 0x7f168741bcd0>,23,15,[4 9],24,55,70,31,42
1,<environment.Job instance at 0x7f16878604b0>,28,3,[8 3],29,70,73,41,48
1,<environment.Job instance at 0x7f1687860a50>,31,18,[4 8],32,73,91,41,62
1,<environment.Job instance at 0x7f1687860be0>,34,14,[3 8],35,91,105,56,76
1,<environment.Job instance at 0x7f16419bfc30>,37,14,[ 4 10],38,105,119,67,90
1,<environment.Job instance at 0x7f16873e9320>,41,12,[5 5],42,119,131,77,102
1,<environment.Job instance at 0x7f16873e9910>,43,13,[7 4],44,131,144,87,115
1,<environment.Job instance at 0x7f16873e95f0>,48,17,[9 5],49,144,161,95,132
1,<environment.Job instance at 0x7f16873e9690>,46,18,[10  2],47,161,179,114,151
1,<environment.Job instance at 0x7f16873e94b0>,51,16,[5 7],52,179,195,127,166
1,<environment.Job instance at 0x7f1687b1e960>,58,3,[2 6],59,195,198,136,173
1,<environment.Job instance at 0x7f16873e9f50>,3,3,[10  3],4,5,8,1,5
1,<environment.Job instance at 0x7f16878f1550>,7,3,[7 5],8,8,11,0,8
1,<environment.Job instance at 0x7f16414a0280>,0,2,[3 9],1,11,13,10,9
1,<environment.Job instance at 0x7f16878f1a50>,9,1,[8 2],10,13,14,3,10
1,<environment.Job instance at 0x7f16878f1be0>,11,17,[2 7],12,13,30,1,13
1,<environment.Job instance at 0x7f16878f19b0>,10,13,[5 3],11,15,28,4,15
1,<environment.Job instance at 0x7f16878be9b0>,15,1,[7 3],16,28,29,12,17
1,<environment.Job instance at 0x7f16878be4b0>,16,3,[5 4],17,30,33,13,17
1,<environment.Job instance at 0x7f16871ea8c0>,14,3,[ 3 10],15,33,36,18,18
1,<environment.Job instance at 0x7f16878be140>,17,2,[7 2],18,36,38,18,18
1,<environment.Job instance at 0x7f16878f10f0>,6,14,[6 4],7,38,52,31,25
1,<environment.Job instance at 0x7f16878beaa0>,20,14,[ 2 10],21,52,66,31,37
1,<environment.Job instance at 0x7f16878fe5a0>,26,13,[3 9],27,66,79,39,50
1,<environment.Job instance at 0x7f1687934050>,31,3,[1 9],32,79,82,47,63
1,<environment.Job instance at 0x7f1641595960>,29,18,[9 5],30,82,100,52,72
1,<environment.Job instance at 0x7f168784fb90>,32,13,[9 4],33,100,113,67,85
1,<environment.Job instance at 0x7f1641860e10>,38,16,[8 3],39,113,129,74,100
1,<environment.Job instance at 0x7f164159c190>,43,1,[10  1],44,129,130,85,115
1,<environment.Job instance at 0x7f164184a1e0>,25,17,[ 3 10],26,130,147,104,118
1,<environment.Job instance at 0x7f16415c5f00>,47,2,[10  3],48,147,149,99,120
1,<environment.Job instance at 0x7f1641c45960>,49,14,[5 1],50,149,163,99,144
1,<environment.Job instance at 0x7f16873bd870>,54,14,[9 1],55,163,177,108,148
1,<environment.Job instance at 0x7f16415c59b0>,44,17,[9 2],45,177,194,132,165
1,<environment.Job instance at 0x7f1641dfc8c0>,52,18,[4 7],53,221,239,168,221
1,<environment.Job instance at 0x7f168785db90>,1,1,[6 5],2,4,5,2,4
1,<environment.Job instance at 0x7f1687202d20>,4,2,[9 3],5,5,7,0,5
1,<environment.Job instance at 0x7f16871b5d70>,5,18,[1 8],6,9,27,3,9
1,<environment.Job instance at 0x7f16878ca870>,10,14,[1 5],11,27,41,16,12
1,<environment.Job instance at 0x7f16878ca500>,8,16,[9 4],9,27,43,18,20
1,<environment.Job instance at 0x7f16875f8690>,14,13,[2 6],15,43,56,28,29
1,<environment.Job instance at 0x7f1687f38f50>,17,19,[1 5],18,56,75,38,46
1,<environment.Job instance at 0x7f16879e77d0>,19,18,[6 4],20,47,65,27,47
1,<environment.Job instance at 0x7f1687f38eb0>,21,13,[6 3],22,65,78,43,55
1,<environment.Job instance at 0x7f16419e2d20>,22,14,[3 9],23,78,92,55,67
1,<environment.Job instance at 0x7f1641e06690>,26,3,[ 5 10],27,92,95,65,69
1,<environment.Job instance at 0x7f16414389b0>,4,3,[4 5],5,6,9,1,6
1,<environment.Job instance at 0x7f1641e06690>,2,2,[3 6],3,9,11,6,8
1,<environment.Job instance at 0x7f1641438780>,6,3,[5 8],7,11,14,4,10
1,<environment.Job instance at 0x7f1641438140>,9,3,[8 2],10,20,23,10,20
1,<environment.Job instance at 0x7f16414387d0>,13,16,[8 1],14,23,39,9,20
1,<environment.Job instance at 0x7f1641438f50>,12,3,[5 9],13,39,42,26,20
1,<environment.Job instance at 0x7f1641438dc0>,14,3,[2 7],15,27,30,12,27
1,<environment.Job instance at 0x7f1641438910>,16,12,[3 9],17,42,54,25,31
1,<environment.Job instance at 0x7f16417f55a0>,21,3,[2 6],22,35,38,13,35
1,<environment.Job instance at 0x7f16417f5cd0>,23,3,[8 3],24,54,57,30,35
1,<environment.Job instance at 0x7f1641438aa0>,19,18,[6 1],20,57,75,37,47
1,<environment.Job instance at 0x7f16417f54b0>,29,18,[2 7],30,54,72,24,54
1,<environment.Job instance at 0x7f16417f5b90>,32,1,[5 1],33,75,76,42,55
1,<environment.Job instance at 0x7f1641438f00>,18,16,[4 8],19,72,88,53,59
1,<environment.Job instance at 0x7f1641441410>,41,12,[3 7],42,88,100,46,73
1,<environment.Job instance at 0x7f16417f5230>,25,16,[10  5],26,100,116,74,87
1,<environment.Job instance at 0x7f16414199b0>,47,1,[7 3],48,99,100,51,99
1,<environment.Job instance at 0x7f1641441cd0>,42,15,[ 2 10],43,116,131,73,110
1,<environment.Job instance at 0x7f1641419f50>,52,2,[5 7],53,131,133,78,116
1,<environment.Job instance at 0x7f16414197d0>,53,14,[ 4 10],54,133,147,79,120
1,<environment.Job instance at 0x7f1641419eb0>,55,1,[ 2 10],56,147,148,91,121
1,<environment.Job instance at 0x7f16414195a0>,56,16,[1 6],57,148,164,91,135
1,<environment.Job instance at 0x7f16417f5b40>,33,16,[9 4],34,177,193,143,177
1,<environment.Job instance at 0x7f168792f820>,6,3,[7 4],7,7,10,0,7
1,<environment.Job instance at 0x7f168792f730>,7,13,[9 1],8,10,23,2,10
1,<environment.Job instance at 0x7f16878fc050>,10,2,[10  5],11,23,25,12,11
1,<environment.Job instance at 0x7f16878fc0f0>,11,3,[9 1],12,25,28,13,12
1,<environment.Job instance at 0x7f1641941140>,9,2,[5 1],10,28,30,18,24
1,<environment.Job instance at 0x7f168792fa50>,8,2,[7 4],9,30,32,21,24
1,<environment.Job instance at 0x7f16878fcd20>,15,12,[2 8],16,32,44,16,24
1,<environment.Job instance at 0x7f16878fccd0>,19,15,[2 6],20,44,59,24,30
1,<environment.Job instance at 0x7f16879067d0>,22,13,[2 9],23,59,72,36,43
1,<environment.Job instance at 0x7f16874df730>,25,18,[7 5],26,72,90,46,62
1,<environment.Job instance at 0x7f16878fc320>,12,13,[9 1],13,90,103,77,74
1,<environment.Job instance at 0x7f16872b1f50>,34,18,[10  2],35,103,121,68,92
1,<environment.Job instance at 0x7f16872d07d0>,41,2,[1 5],42,101,103,59,101
1,<environment.Job instance at 0x7f16872bfc30>,39,17,[2 6],40,121,138,81,109
1,<environment.Job instance at 0x7f168791bf00>,45,3,[9 2],46,138,141,92,112
1,<environment.Job instance at 0x7f16872a7a00>,48,15,[5 8],49,141,156,92,127
1,<environment.Job instance at 0x7f16872a77d0>,52,12,[10  4],53,156,168,103,139
1,<environment.Job instance at 0x7f16872d3b40>,53,2,[5 1],54,141,143,87,139
1,<environment.Job instance at 0x7f16872e0910>,55,15,[8 1],56,168,183,112,155
1,<environment.Job instance at 0x7f1687b2b370>,9,14,[5 4],10,23,37,13,23
1,<environment.Job instance at 0x7f16416a5af0>,10,12,[10  1],11,37,49,26,23
1,<environment.Job instance at 0x7f1687b542d0>,8,2,[7 5],9,49,51,40,24
1,<environment.Job instance at 0x7f16416a5410>,15,2,[4 8],16,51,53,35,25
1,<environment.Job instance at 0x7f16414c2870>,18,2,[10  5],19,53,55,34,41
1,<environment.Job instance at 0x7f168809ba00>,20,3,[2 8],21,55,58,34,43
1,<environment.Job instance at 0x7f168809b550>,21,13,[7 4],22,58,71,36,43
1,<environment.Job instance at 0x7f16419b69b0>,16,18,[8 1],17,71,89,54,60
1,<environment.Job instance at 0x7f164153beb0>,26,17,[2 6],27,62,79,35,62
1,<environment.Job instance at 0x7f1687f959b0>,27,12,[2 8],28,79,91,51,63
1,<environment.Job instance at 0x7f164143b0f0>,30,13,[2 6],31,91,104,60,76
1,<environment.Job instance at 0x7f164143bd20>,31,13,[10  4],32,104,117,72,88
1,<environment.Job instance at 0x7f164143bc80>,34,15,[5 6],35,117,132,82,103
1,<environment.Job instance at 0x7f164143b960>,38,12,[9 3],39,132,144,93,115
1,<environment.Job instance at 0x7f16415ee3c0>,44,12,[9 1],45,144,156,99,127
1,<environment.Job instance at 0x7f16416a5690>,14,17,[1 9],15,144,161,129,133
1,<environment.Job instance at 0x7f16878ed6e0>,46,1,[6 3],47,161,162,114,133
1,<environment.Job instance at 0x7f16415ee4b0>,45,15,[3 9],46,162,177,116,150
1,<environment.Job instance at 0x7f1641670730>,51,14,[5 8],52,177,191,125,162
1,<environment.Job instance at 0x7f1641670d20>,52,13,[7 2],53,191,204,138,175
1,<environment.Job instance at 0x7f164192e690>,55,3,[5 3],56,204,207,148,178
1,<environment.Job instance at 0x7f164192e9b0>,57,3,[1 9],58,207,210,149,182
1,<environment.Job instance at 0x7f164192ed20>,58,13,[4 6],59,210,223,151,206
1,<environment.Job instance at 0x7f1641670640>,50,17,[10  1],51,395,412,344,395
1,<environment.Job instance at 0x7f1641c12730>,6,1,[ 4 10],7,7,8,0,7
1,<environment.Job instance at 0x7f1641c12780>,10,15,[5 3],11,11,26,0,11
1,<environment.Job instance at 0x7f1641c125f0>,0,12,[7 4],1,26,38,25,12
1,<environment.Job instance at 0x7f1687dc1730>,13,17,[9 1],14,38,55,24,26
1,<environment.Job instance at 0x7f1687dc18c0>,18,2,[3 6],19,27,29,8,27
1,<environment.Job instance at 0x7f1687dc14b0>,17,1,[10  4],18,55,56,37,27
1,<environment.Job instance at 0x7f1687dc1cd0>,21,3,[8 5],22,56,59,34,41
1,<environment.Job instance at 0x7f1687dc1050>,22,12,[ 1 10],23,59,71,36,43
1,<environment.Job instance at 0x7f1687b02eb0>,27,15,[6 2],28,71,86,43,58
1,<environment.Job instance at 0x7f1687b02af0>,31,3,[1 8],32,71,74,39,60
1,<environment.Job instance at 0x7f1687b02640>,33,3,[3 8],34,79,82,45,79
1,<environment.Job instance at 0x7f1687b02a50>,36,14,[6 4],37,86,100,49,83
1,<environment.Job instance at 0x7f1687b02aa0>,37,12,[5 9],38,100,112,62,84
1,<environment.Job instance at 0x7f1687b024b0>,40,12,[5 6],41,112,124,71,96
1,<environment.Job instance at 0x7f1641c12e10>,3,15,[3 9],4,124,139,120,111
1,<environment.Job instance at 0x7f1687e84320>,48,14,[6 4],49,139,153,90,124
1,<environment.Job instance at 0x7f168c9b8b90>,53,2,[2 7],54,153,155,99,133
1,<environment.Job instance at 0x7f1687436cd0>,54,3,[10  5],55,155,158,100,134
1,<environment.Job instance at 0x7f168c9b8e60>,52,14,[ 4 10],53,158,172,105,144
1,<environment.Job instance at 0x7f1687436f00>,57,16,[1 8],58,172,188,114,159
1,<environment.Job instance at 0x7f1687e84e10>,46,18,[6 4],47,332,350,285,332
1,<environment.Job instance at 0x7f1687e7a690>,4,2,[6 1],5,6,8,1,6
1,<environment.Job instance at 0x7f1687a0ad70>,11,1,[5 4],12,18,19,6,18
1,<environment.Job instance at 0x7f1687851280>,9,2,[9 3],10,19,21,9,18
1,<environment.Job instance at 0x7f168786d820>,10,13,[4 6],11,21,34,10,18
1,<environment.Job instance at 0x7f168816b3c0>,14,13,[2 8],15,34,47,19,20
1,<environment.Job instance at 0x7f1687a0abe0>,13,18,[4 6],14,47,65,33,42
1,<environment.Job instance at 0x7f16872f3aa0>,20,2,[4 6],21,65,67,44,46
1,<environment.Job instance at 0x7f1687eff1e0>,18,3,[10  2],19,67,70,48,55
1,<environment.Job instance at 0x7f1687a1f730>,22,18,[7 4],23,70,88,47,63
1,<environment.Job instance at 0x7f1687a1ff00>,26,2,[5 7],27,88,90,61,70
1,<environment.Job instance at 0x7f1687a1f190>,28,3,[9 5],29,90,93,61,74
1,<environment.Job instance at 0x7f1687631820>,30,2,[8 4],31,93,95,62,75
1,<environment.Job instance at 0x7f1687631780>,31,2,[3 9],32,95,97,63,76
1,<environment.Job instance at 0x7f1687631f50>,33,16,[3 8],34,97,113,63,86
1,<environment.Job instance at 0x7f1687631af0>,34,13,[10  5],35,113,126,78,97
1,<environment.Job instance at 0x7f1641cd2d20>,38,16,[3 8],39,126,142,87,113
1,<environment.Job instance at 0x7f16875d8aa0>,45,14,[4 8],46,142,156,96,127
1,<environment.Job instance at 0x7f1687a19dc0>,49,16,[10  5],50,156,172,106,145
1,<environment.Job instance at 0x7f1687a19500>,52,1,[1 8],53,172,173,119,159
1,<environment.Job instance at 0x7f1641772230>,55,3,[2 8],56,173,176,117,170
1,<environment.Job instance at 0x7f1641772e60>,56,1,[9 2],57,172,173,115,170
1,<environment.Job instance at 0x7f1687a190f0>,57,1,[5 3],58,176,177,118,170
1,<environment.Job instance at 0x7f1687a195f0>,54,2,[3 6],55,176,178,121,170
1,<environment.Job instance at 0x7f168809b500>,12,16,[9 2],13,178,194,165,170
1,<environment.Job instance at 0x7f1687a0a280>,16,17,[3 7],17,194,211,177,193
1,<environment.Job instance at 0x7f3979b79140>,2,12,[5 4],3,3,15,0,3
1,<environment.Job instance at 0x7f397276a2d0>,5,13,[5 9],6,15,28,9,6
1,<environment.Job instance at 0x7f397276a5f0>,7,14,[5 1],8,8,22,0,8
1,<environment.Job instance at 0x7f3979b79190>,0,18,[ 2 10],1,28,46,27,17
1,<environment.Job instance at 0x7f397276aaa0>,13,13,[1 8],14,46,59,32,30
1,<environment.Job instance at 0x7f397276acd0>,16,12,[1 8],17,59,71,42,42
1,<environment.Job instance at 0x7f397276ae10>,17,3,[10  3],18,71,74,53,45
1,<environment.Job instance at 0x7f397276ab90>,14,12,[3 7],15,74,86,59,59
1,<environment.Job instance at 0x7f397276d140>,23,18,[5 2],24,74,92,50,64
1,<environment.Job instance at 0x7f397276d550>,30,1,[5 5],31,86,87,55,68
1,<environment.Job instance at 0x7f397276d500>,29,13,[1 6],30,87,100,57,72
1,<environment.Job instance at 0x7f397276d820>,34,3,[9 5],35,100,103,65,86
1,<environment.Job instance at 0x7f397276d8c0>,35,16,[8 1],36,103,119,67,90
1,<environment.Job instance at 0x7f397276dd20>,38,12,[3 6],39,119,131,80,102
1,<environment.Job instance at 0x7f397276ddc0>,41,14,[6 1],42,122,136,80,122
1,<environment.Job instance at 0x7f397276dfa0>,42,14,[8 4],43,136,150,93,122
1,<environment.Job instance at 0x7f397276d780>,32,17,[9 3],33,150,167,117,139
1,<environment.Job instance at 0x7f397276f230>,48,13,[6 1],49,167,180,118,152
1,<environment.Job instance at 0x7f397276f6e0>,51,2,[4 9],52,167,169,115,152
1,<environment.Job instance at 0x7f397276f870>,3,3,[10  4],4,4,7,0,4
1,<environment.Job instance at 0x7f3979ba08c0>,2,14,[9 1],3,9,23,6,9
1,<environment.Job instance at 0x7f3979cdfc80>,10,2,[10  3],11,23,25,12,11
1,<environment.Job instance at 0x7f3979ce69b0>,13,3,[9 2],14,25,28,11,14
1,<environment.Job instance at 0x7f3979ce65f0>,14,12,[3 5],15,28,40,13,15
1,<environment.Job instance at 0x7f3979ce6140>,12,3,[10  1],13,40,43,27,16
1,<environment.Job instance at 0x7f3979cecf00>,18,12,[3 5],19,28,40,9,20
1,<environment.Job instance at 0x7f3979ceb730>,22,2,[2 5],23,43,45,20,23
1,<environment.Job instance at 0x7f3979cebe10>,23,12,[4 9],24,45,57,21,29
1,<environment.Job instance at 0x7f3979cebc30>,27,3,[5 3],28,57,60,29,41
1,<environment.Job instance at 0x7f3979ce8230>,28,12,[10  1],29,60,72,31,45
1,<environment.Job instance at 0x7f3979ba0b40>,0,18,[5 5],1,72,90,71,68
1,<environment.Job instance at 0x7f3979cf2140>,37,3,[7 4],38,90,93,52,69
1,<environment.Job instance at 0x7f3979cf2460>,42,2,[4 8],43,93,95,50,91
1,<environment.Job instance at 0x7f3979cf2320>,43,3,[1 6],44,95,98,51,91
1,<environment.Job instance at 0x7f3979ce4aa0>,44,12,[6 1],45,93,105,48,91
1,<environment.Job instance at 0x7f3979ce4be0>,45,14,[9 1],46,105,119,59,91
1,<environment.Job instance at 0x7f3979cdfa00>,9,17,[2 7],10,119,136,109,107
1,<environment.Job instance at 0x7f3979ce88c0>,33,17,[5 6],34,136,153,102,124
1,<environment.Job instance at 0x7f3979cdefa0>,53,3,[1 5],54,153,156,99,128
1,<environment.Job instance at 0x7f3979cdec80>,55,15,[5 3],56,129,144,73,129
1,<environment.Job instance at 0x7f39726ffe10>,56,2,[9 1],57,153,155,96,129
1,<environment.Job instance at 0x7f39726ff550>,57,3,[1 8],58,156,159,98,130
1,<environment.Job instance at 0x7f3979bff780>,59,14,[8 1],60,155,169,95,140
1,<environment.Job instance at 0x7f3979cf19b0>,64,15,[10  5],65,169,184,104,155
1,<environment.Job instance at 0x7f392ea8fc80>,2,2,[4 9],3,3,5,0,3
1,<environment.Job instance at 0x7f3979cf1b90>,4,1,[7 1],5,5,6,0,5
1,<environment.Job instance at 0x7f392ea8f7d0>,6,15,[6 2],7,7,22,0,7
1,<environment.Job instance at 0x7f392ea8f4b0>,7,3,[ 2 10],8,22,25,14,8
1,<environment.Job instance at 0x7f392ea8f190>,8,12,[3 9],9,25,37,16,10
1,<environment.Job instance at 0x7f392ea58870>,15,14,[3 8],16,37,51,21,23
1,<environment.Job instance at 0x7f392eaaaf50>,20,12,[6 3],21,51,63,30,34
1,<environment.Job instance at 0x7f392eaaa550>,23,15,[4 8],24,63,78,39,50
1,<environment.Job instance at 0x7f392ea5e230>,27,18,[5 2],28,63,81,35,54
1,<environment.Job instance at 0x7f392ea5eaf0>,30,3,[9 1],31,81,84,50,55
1,<environment.Job instance at 0x7f392ea5e500>,31,14,[5 3],32,84,98,52,69
1,<environment.Job instance at 0x7f392ea5ed70>,33,12,[1 7],34,78,90,44,72
1,<environment.Job instance at 0x7f392ea63f00>,38,14,[4 7],39,90,104,51,83
1,<environment.Job instance at 0x7f392ea63320>,40,12,[2 5],41,104,116,63,95
1,<environment.Job instance at 0x7f392ea63e60>,44,12,[5 7],45,116,128,71,99
1,<environment.Job instance at 0x7f392eaaa1e0>,18,16,[3 9],19,128,144,109,117
1,<environment.Job instance at 0x7f392ea5c960>,50,18,[5 1],51,117,135,66,117
1,<environment.Job instance at 0x7f392ea5ca00>,53,3,[5 4],54,144,147,90,118
1,<environment.Job instance at 0x7f392ea54a50>,57,3,[4 9],58,147,150,89,131
1,<environment.Job instance at 0x7f392ea54870>,58,2,[ 3 10],59,150,152,91,131
1,<environment.Job instance at 0x7f392ea54c80>,59,1,[10  3],60,152,153,92,131
1,<environment.Job instance at 0x7f392ea54af0>,60,2,[3 8],61,153,155,92,131
1,<environment.Job instance at 0x7f392ea548c0>,62,14,[9 2],63,155,169,92,146
1,<environment.Job instance at 0x7f392ea45690>,65,17,[5 9],66,169,186,103,157
1,<environment.Job instance at 0x7f392ea17be0>,3,12,[5 1],4,5,17,1,5
1,<environment.Job instance at 0x7f392ea17230>,4,13,[5 9],5,6,19,1,6
1,<environment.Job instance at 0x7f392ea17410>,6,16,[7 2],7,19,35,12,8
1,<environment.Job instance at 0x7f392ea17f50>,9,1,[9 2],10,35,36,25,10
1,<environment.Job instance at 0x7f392ea175a0>,10,2,[4 5],11,36,38,25,11
1,<environment.Job instance at 0x7f392ea17960>,11,1,[8 3],12,38,39,26,13
1,<environment.Job instance at 0x7f392ea54690>,12,1,[3 8],13,19,20,6,13
1,<environment.Job instance at 0x7f392ea17370>,13,15,[5 6],14,39,54,25,36
1,<environment.Job instance at 0x7f392ea17780>,17,1,[7 2],18,54,55,36,37
1,<environment.Job instance at 0x7f392ea17f00>,15,17,[3 5],16,54,71,38,42
1,<environment.Job instance at 0x7f392eeb4e60>,20,15,[7 4],21,55,70,34,43
1,<environment.Job instance at 0x7f392eeb4140>,22,16,[8 5],23,71,87,48,58
1,<environment.Job instance at 0x7f392eeb4500>,25,12,[2 6],26,87,99,61,70
1,<environment.Job instance at 0x7f392ee26c30>,31,16,[7 4],32,87,103,55,86
1,<environment.Job instance at 0x7f392ee269b0>,32,3,[3 9],33,103,106,70,87
1,<environment.Job instance at 0x7f392ee26f50>,34,15,[9 5],35,106,121,71,95
1,<environment.Job instance at 0x7f392ef55410>,38,12,[9 2],39,121,133,82,106
1,<environment.Job instance at 0x7f392ee0cf50>,42,13,[2 5],43,133,146,90,117
1,<environment.Job instance at 0x7f392ee264b0>,36,17,[2 6],37,146,163,109,134
1,<environment.Job instance at 0x7f392eb62be0>,0,17,[2 9],1,163,180,162,151
1,<environment.Job instance at 0x7f392eaec5a0>,57,14,[3 5],58,180,194,122,166
1,<environment.Job instance at 0x7f392eaec4b0>,58,21,[5 1],59,167,188,108,167
1,<environment.Job instance at 0x7f392eaecb90>,60,1,[9 5],61,194,195,133,167
1,<environment.Job instance at 0x7f39728742d0>,2,2,[9 4],3,3,5,0,3
1,<environment.Job instance at 0x7f3972874c30>,0,2,[10  1],1,5,7,4,3
1,<environment.Job instance at 0x7f392f083280>,5,1,[ 4 10],6,10,11,4,10
1,<environment.Job instance at 0x7f392ee5a280>,4,2,[1 7],5,11,13,6,11
1,<environment.Job instance at 0x7f392ee5a410>,10,13,[7 4],11,13,26,2,11
1,<environment.Job instance at 0x7f392ee5a6e0>,11,3,[3 6],12,14,17,2,14
1,<environment.Job instance at 0x7f392ee5abe0>,15,1,[8 2],16,26,27,10,16
1,<environment.Job instance at 0x7f392ee5acd0>,16,16,[5 7],17,27,43,10,17
1,<environment.Job instance at 0x7f392ee6c140>,20,17,[4 5],21,43,60,22,31
1,<environment.Job instance at 0x7f392ee5a9b0>,13,18,[9 2],14,60,78,46,51
1,<environment.Job instance at 0x7f392ee6c640>,27,17,[7 5],28,78,95,50,66
1,<environment.Job instance at 0x7f392ee6cc80>,33,2,[3 5],34,78,80,44,68
1,<environment.Job instance at 0x7f392ee6c960>,34,16,[8 3],35,95,111,60,82
1,<environment.Job instance at 0x7f392ee4e1e0>,38,3,[5 1],39,111,114,72,92
1,<environment.Job instance at 0x7f392ee4e370>,39,17,[4 8],40,111,128,71,99
1,<environment.Job instance at 0x7f392ee4e5f0>,43,15,[7 4],44,128,143,84,114
1,<environment.Job instance at 0x7f392ee4e910>,48,2,[1 7],49,143,145,94,127
1,<environment.Job instance at 0x7f392ee4e320>,40,14,[ 3 10],41,145,159,104,132
1,<environment.Job instance at 0x7f392ee4ed20>,52,2,[6 1],53,143,145,90,132
1,<environment.Job instance at 0x7f392ee4ec30>,53,13,[2 5],54,159,172,105,143
1,<environment.Job instance at 0x7f392ee6a5f0>,64,12,[3 5],65,315,327,250,315
1,<environment.Job instance at 0x7f392ee6a7d0>,68,17,[2 8],69,327,344,258,317
1,<environment.Job instance at 0x7f392ee6a7d0>,3,1,[2 8],4,4,5,0,4
1,<environment.Job instance at 0x7f392ea178c0>,5,16,[2 6],6,8,24,2,8
1,<environment.Job instance at 0x7f392ea175a0>,10,1,[5 1],11,11,12,0,11
1,<environment.Job instance at 0x7f392ea17e10>,7,16,[ 3 10],8,24,40,16,14
1,<environment.Job instance at 0x7f392ea17820>,13,12,[8 5],14,40,52,26,26
1,<environment.Job instance at 0x7f3972aba870>,16,3,[2 7],17,52,55,35,26
1,<environment.Job instance at 0x7f3978fd4a50>,15,12,[2 5],16,40,52,24,26
1,<environment.Job instance at 0x7f3972aba370>,17,13,[ 1 10],18,55,68,37,39
1,<environment.Job instance at 0x7f39728f8be0>,21,18,[3 8],22,68,86,46,63
1,<environment.Job instance at 0x7f3972a4e780>,31,3,[10  4],32,86,89,54,63
1,<environment.Job instance at 0x7f3972b45320>,32,2,[6 4],33,89,91,56,63
1,<environment.Job instance at 0x7f3972a4e0a0>,28,14,[3 6],29,89,103,60,74
1,<environment.Job instance at 0x7f3972acfaa0>,38,12,[8 2],39,103,115,64,88
1,<environment.Job instance at 0x7f3972a5ad70>,40,12,[1 5],41,103,115,62,90
1,<environment.Job instance at 0x7f3972a5a5a0>,41,2,[7 4],42,91,93,49,90
1,<environment.Job instance at 0x7f3972a5a190>,42,17,[9 1],43,115,132,72,103
1,<environment.Job instance at 0x7f3972acfaf0>,37,13,[4 9],38,132,145,94,117
1,<environment.Job instance at 0x7f39796d2140>,55,12,[4 7],56,145,157,89,128
1,<environment.Job instance at 0x7f39796d2c30>,57,13,[4 6],58,157,170,99,142
1,<environment.Job instance at 0x7f39796d2910>,59,17,[5 1],60,144,161,84,144
1,<environment.Job instance at 0x7f39796d2b90>,62,13,[8 1],63,170,183,107,154
1,<environment.Job instance at 0x7f3979ce9a00>,66,13,[1 6],67,170,183,103,157
1,<environment.Job instance at 0x7f3979ce9c80>,68,13,[8 2],69,183,196,114,171
1,<environment.Job instance at 0x7f397921beb0>,6,13,[8 4],7,8,21,1,8
1,<environment.Job instance at 0x7f392ed3a500>,7,14,[9 1],8,21,35,13,9
1,<environment.Job instance at 0x7f392f085960>,14,2,[5 3],15,35,37,20,16
1,<environment.Job instance at 0x7f392f085690>,15,15,[5 7],16,35,50,19,22
1,<environment.Job instance at 0x7f39796cfdc0>,17,16,[2 6],18,50,66,32,37
1,<environment.Job instance at 0x7f39727f62d0>,26,17,[9 1],27,66,83,39,54
1,<environment.Job instance at 0x7f397902bc80>,27,3,[10  3],28,83,86,55,57
1,<environment.Job instance at 0x7f3979065370>,29,16,[1 8],30,66,82,36,60
1,<environment.Job instance at 0x7f3972556690>,31,3,[9 3],32,86,89,54,61
1,<environment.Job instance at 0x7f397910c370>,33,13,[9 5],34,89,102,55,74
1,<environment.Job instance at 0x7f39790718c0>,34,15,[ 1 10],35,102,117,67,89
1,<environment.Job instance at 0x7f39729577d0>,39,3,[8 5],40,117,120,77,91
1,<environment.Job instance at 0x7f397901d500>,40,13,[3 8],41,120,133,79,104
1,<environment.Job instance at 0x7f392ed0e410>,45,1,[3 6],46,133,134,87,106
1,<environment.Job instance at 0x7f392ed0e5f0>,46,15,[ 5 10],47,134,149,87,120
1,<environment.Job instance at 0x7f392ed0ea50>,48,2,[7 3],49,149,151,100,122
1,<environment.Job instance at 0x7f3979443370>,51,14,[1 9],52,151,165,99,136
1,<environment.Job instance at 0x7f39794bf730>,54,17,[7 4],55,165,182,110,153
1,<environment.Job instance at 0x7f39729c7af0>,57,3,[5 6],58,182,185,124,166
1,<environment.Job instance at 0x7f39729c75a0>,58,12,[5 6],59,185,197,126,168
1,<environment.Job instance at 0x7f3972853320>,62,3,[1 7],63,197,200,134,191
1,<environment.Job instance at 0x7f3972853d70>,63,3,[9 4],64,200,203,136,191
1,<environment.Job instance at 0x7f3972853550>,64,2,[4 8],65,203,205,138,191
1,<environment.Job instance at 0x7f3979506820>,68,1,[2 5],69,205,206,136,191
1,<environment.Job instance at 0x7f392eda1960>,6,18,[8 2],7,7,25,0,7
1,<environment.Job instance at 0x7f39725b7aa0>,2,17,[2 5],3,11,28,8,11
1,<environment.Job instance at 0x7f392eda1f00>,12,3,[ 3 10],13,28,31,15,13
1,<environment.Job instance at 0x7f392ed94140>,15,2,[9 3],16,31,33,15,17
1,<environment.Job instance at 0x7f392ed943c0>,16,14,[7 5],17,33,47,16,18
1,<environment.Job instance at 0x7f392ed947d0>,19,3,[3 6],20,47,50,27,27
1,<environment.Job instance at 0x7f392ed94870>,20,3,[7 3],21,47,50,26,27
1,<environment.Job instance at 0x7f392ed949b0>,22,12,[3 8],23,50,62,27,34
1,<environment.Job instance at 0x7f392ed94b90>,25,16,[4 5],26,62,78,36,49
1,<environment.Job instance at 0x7f39790b5690>,0,14,[ 4 10],1,78,92,77,63
1,<environment.Job instance at 0x7f392ed70050>,31,15,[3 5],32,63,78,31,63
1,<environment.Job instance at 0x7f392ed703c0>,34,15,[5 7],35,92,107,57,78
1,<environment.Job instance at 0x7f392ed70690>,37,18,[1 7],38,107,125,69,96
1,<environment.Job instance at 0x7f392ed704b0>,40,1,[6 5],41,125,126,84,100
1,<environment.Job instance at 0x7f392ed708c0>,41,14,[5 4],42,126,140,84,116
1,<environment.Job instance at 0x7f392ed70c80>,48,15,[5 9],49,140,155,91,129
1,<environment.Job instance at 0x7f392ed70f00>,50,14,[8 4],51,155,169,104,141
1,<environment.Job instance at 0x7f392edad4b0>,53,18,[6 1],54,169,187,115,158
1,<environment.Job instance at 0x7f392ed94fa0>,29,17,[ 5 10],30,187,204,157,183
1,<environment.Job instance at 0x7f392edadbe0>,2,3,[4 9],3,3,6,0,3
1,<environment.Job instance at 0x7f392edadd70>,4,14,[7 5],5,6,20,1,5
1,<environment.Job instance at 0x7f39794298c0>,5,12,[6 1],6,20,32,14,7
1,<environment.Job instance at 0x7f3979429d70>,7,3,[5 1],8,32,35,24,8
1,<environment.Job instance at 0x7f3979422960>,8,2,[5 4],9,32,34,23,9
1,<environment.Job instance at 0x7f3979422aa0>,10,1,[5 1],11,34,35,23,11
1,<environment.Job instance at 0x7f39790a7c80>,15,17,[ 5 10],16,35,52,19,23
1,<environment.Job instance at 0x7f39728fb0a0>,20,12,[7 2],21,52,64,31,36
1,<environment.Job instance at 0x7f39728e6b90>,26,14,[9 2],27,64,78,37,50
1,<environment.Job instance at 0x7f3972848f50>,16,17,[ 1 10],17,78,95,61,66
1,<environment.Job instance at 0x7f392f08f7d0>,31,15,[1 9],32,95,110,63,82
1,<environment.Job instance at 0x7f397920a2d0>,38,17,[2 7],39,110,127,71,99
1,<environment.Job instance at 0x7f39799047d0>,41,3,[5 9],42,127,130,85,106
1,<environment.Job instance at 0x7f3972afb550>,43,3,[5 5],44,130,133,86,106
1,<environment.Job instance at 0x7f3972afb050>,45,13,[3 9],46,133,146,87,118
1,<environment.Job instance at 0x7f397933dc30>,47,17,[3 5],48,146,163,98,135
1,<environment.Job instance at 0x7f3979429dc0>,0,18,[5 9],1,163,181,162,156
1,<environment.Job instance at 0x7f3972b53f00>,53,17,[5 3],54,181,198,127,169
1,<environment.Job instance at 0x7f39729f1960>,56,13,[3 9],57,198,211,141,182
1,<environment.Job instance at 0x7f39729f16e0>,57,14,[2 5],58,182,196,124,182
1,<environment.Job instance at 0x7f392ee18cd0>,62,15,[2 5],63,211,226,148,197
1,<environment.Job instance at 0x7f397919c690>,64,16,[9 2],65,226,242,161,213
1,<environment.Job instance at 0x7f397919c5f0>,68,13,[6 1],69,213,226,144,213
1,<environment.Job instance at 0x7f392eda8960>,1,13,[6 5],2,3,16,1,3
1,<environment.Job instance at 0x7f3972700870>,0,3,[10  4],1,16,19,15,6
1,<environment.Job instance at 0x7f39725e7690>,5,3,[9 4],6,19,22,13,6
1,<environment.Job instance at 0x7f397919c960>,3,15,[6 1],4,22,37,18,8
1,<environment.Job instance at 0x7f39725b2370>,12,2,[7 3],13,37,39,24,13
1,<environment.Job instance at 0x7f39725b2910>,11,2,[2 9],12,22,24,10,13
1,<environment.Job instance at 0x7f39792c4410>,16,14,[5 4],17,39,53,22,24
1,<environment.Job instance at 0x7f39796af230>,10,15,[5 6],11,39,54,28,26
1,<environment.Job instance at 0x7f392f038780>,18,2,[4 5],19,27,29,8,27
1,<environment.Job instance at 0x7f397257b730>,21,2,[5 7],22,54,56,32,28
1,<environment.Job instance at 0x7f397257b5a0>,22,1,[4 6],23,29,30,6,28
1,<environment.Job instance at 0x7f39793895a0>,23,1,[4 9],24,30,31,6,28
1,<environment.Job instance at 0x7f397264c5f0>,25,3,[9 2],26,56,59,30,30
1,<environment.Job instance at 0x7f3972671910>,26,2,[8 4],27,59,61,32,32
1,<environment.Job instance at 0x7f39791f9fa0>,28,3,[3 9],29,32,35,3,32
1,<environment.Job instance at 0x7f392f0fce60>,20,17,[2 6],21,59,76,38,49
1,<environment.Job instance at 0x7f39793197d0>,35,3,[10  4],36,76,79,40,59
1,<environment.Job instance at 0x7f39794c5f00>,32,15,[10  1],33,79,94,46,65
1,<environment.Job instance at 0x7f3979319460>,41,2,[2 6],42,94,96,52,75
1,<environment.Job instance at 0x7f3972b28c30>,15,12,[10  3],16,96,108,80,80
1,<environment.Job instance at 0x7f392ece41e0>,45,3,[1 9],46,108,111,62,89
1,<environment.Job instance at 0x7f39726f8c80>,17,15,[10  1],18,111,126,93,98
1,<environment.Job instance at 0x7f392ef965a0>,47,13,[ 4 10],48,126,139,78,110
1,<environment.Job instance at 0x7f392ee99cd0>,51,12,[5 6],52,139,151,87,122
1,<environment.Job instance at 0x7f392ee99320>,53,13,[5 1],54,139,152,85,123
1,<environment.Job instance at 0x7f3972c17d70>,62,15,[6 2],63,152,167,89,138
1,<environment.Job instance at 0x7f3972c179b0>,63,3,[10  3],64,167,170,103,141
1,<environment.Job instance at 0x7f3972c17690>,64,3,[3 6],65,151,154,86,141
1,<environment.Job instance at 0x7f3972a0daa0>,0,2,[2 7],1,6,8,5,6
1,<environment.Job instance at 0x7f39725d0140>,7,12,[7 2],8,8,20,0,8
1,<environment.Job instance at 0x7f39725d0550>,11,3,[5 2],12,20,23,8,12
1,<environment.Job instance at 0x7f39725b2cd0>,10,13,[5 3],11,20,33,9,13
1,<environment.Job instance at 0x7f39725d0780>,13,3,[4 7],14,23,26,9,14
1,<environment.Job instance at 0x7f39725d08c0>,15,16,[9 4],16,33,49,17,20
1,<environment.Job instance at 0x7f39725d0370>,21,2,[8 4],22,49,51,27,27
1,<environment.Job instance at 0x7f39725d0f50>,22,2,[8 4],23,51,53,28,29
1,<environment.Job instance at 0x7f39725f7230>,24,16,[4 5],25,53,69,28,40
1,<environment.Job instance at 0x7f39725f73c0>,26,3,[8 3],27,69,72,42,59
1,<environment.Job instance at 0x7f39725f7410>,27,1,[10  5],28,72,73,44,59
1,<environment.Job instance at 0x7f39725f7690>,30,12,[1 7],31,73,85,42,59
1,<environment.Job instance at 0x7f39725f77d0>,31,3,[6 4],32,59,62,27,59
1,<environment.Job instance at 0x7f39725f79b0>,33,15,[5 5],34,85,100,51,71
1,<environment.Job instance at 0x7f39725f7a50>,34,12,[9 1],35,73,85,38,71
1,<environment.Job instance at 0x7f39725f7960>,37,3,[8 1],38,100,103,62,84
1,<environment.Job instance at 0x7f39725f7d70>,39,13,[7 4],40,103,116,63,87
1,<environment.Job instance at 0x7f39791091e0>,1,16,[5 7],2,3,19,1,3
1,<environment.Job instance at 0x7f397257b2d0>,4,2,[1 6],5,19,21,14,5
1,<environment.Job instance at 0x7f39725da1e0>,6,1,[5 1],7,9,10,2,9
1,<environment.Job instance at 0x7f397257b4b0>,10,2,[3 9],11,21,23,10,11
1,<environment.Job instance at 0x7f397257b9b0>,11,2,[7 1],12,19,21,7,12
1,<environment.Job instance at 0x7f397257bb40>,14,13,[5 3],15,23,36,8,15
1,<environment.Job instance at 0x7f397257b190>,13,3,[10  3],14,36,39,22,15
1,<environment.Job instance at 0x7f397298e410>,17,3,[7 5],18,39,42,21,19
1,<environment.Job instance at 0x7f397298e280>,20,13,[5 3],21,42,55,21,32
1,<environment.Job instance at 0x7f397298e870>,26,3,[5 4],27,42,45,15,35
1,<environment.Job instance at 0x7f392ee89690>,27,2,[7 2],28,55,57,27,35
1,<environment.Job instance at 0x7f397298e0f0>,18,17,[3 7],19,45,62,26,35
1,<environment.Job instance at 0x7f392ee89e10>,29,1,[5 7],30,35,36,5,35
1,<environment.Job instance at 0x7f392ee89a50>,30,14,[ 2 10],31,62,76,31,49
1,<environment.Job instance at 0x7f397298eaa0>,21,17,[2 7],22,76,93,54,66
1,<environment.Job instance at 0x7f392ee89d70>,28,12,[ 4 10],29,93,105,64,76
1,<environment.Job instance at 0x7f39790a9640>,36,13,[3 9],37,105,118,68,90
1,<environment.Job instance at 0x7f39790a9870>,43,12,[2 6],44,118,130,74,107
1,<environment.Job instance at 0x7f39727a3be0>,46,13,[5 5],47,130,143,83,119
1,<environment.Job instance at 0x7f392eb36230>,55,18,[5 5],56,136,154,80,136
1,<environment.Job instance at 0x7f392eb36e60>,57,2,[10  3],58,154,156,96,136
1,<environment.Job instance at 0x7f39790fc690>,61,1,[7 3],62,165,166,103,165
1,<environment.Job instance at 0x7f39790a95f0>,39,18,[9 5],40,166,184,126,165
1,<environment.Job instance at 0x7f39790fc190>,65,12,[7 1],66,184,196,118,173
1,<environment.Job instance at 0x7f39790fc230>,66,18,[8 3],67,196,214,129,185
1,<environment.Job instance at 0x7f39726cb5f0>,10,14,[1 5],11,11,25,0,11
1,<environment.Job instance at 0x7f39726cb460>,8,16,[9 4],9,13,29,4,13
1,<environment.Job instance at 0x7f392f01b1e0>,6,13,[9 3],7,29,42,22,13
1,<environment.Job instance at 0x7f392ea6c870>,15,14,[ 1 10],16,42,56,26,28
1,<environment.Job instance at 0x7f392ea6ca50>,18,14,[1 7],19,56,70,37,41
1,<environment.Job instance at 0x7f392ea6c3c0>,21,13,[6 3],22,56,69,34,52
1,<environment.Job instance at 0x7f392ea7a1e0>,24,14,[5 3],25,69,83,44,57
1,<environment.Job instance at 0x7f392ea7aeb0>,25,2,[8 3],26,83,85,57,57
1,<environment.Job instance at 0x7f392ea7a0f0>,26,3,[ 5 10],27,85,88,58,59
1,<environment.Job instance at 0x7f392ea7ab90>,2,3,[5 9],3,3,6,0,3
1,<environment.Job instance at 0x7f3979431cd0>,6,12,[3 9],7,20,32,13,20
1,<environment.Job instance at 0x7f397943e230>,9,18,[6 1],10,33,51,23,33
1,<environment.Job instance at 0x7f3979431be0>,8,16,[4 8],9,33,49,24,33
1,<environment.Job instance at 0x7f3979434a50>,16,1,[7 4],17,51,52,34,33
1,<environment.Job instance at 0x7f3979434460>,18,3,[2 7],19,52,55,33,34
1,<environment.Job instance at 0x7f3979431b90>,10,15,[2 8],11,55,70,44,41
1,<environment.Job instance at 0x7f397942b0f0>,24,13,[8 2],25,53,66,28,53
1,<environment.Job instance at 0x7f39729ed5a0>,28,13,[2 5],29,70,83,41,56
1,<environment.Job instance at 0x7f397942b050>,23,16,[9 4],24,83,99,59,70
1,<environment.Job instance at 0x7f392e77fd20>,34,17,[8 1],35,99,116,64,87
1,<environment.Job instance at 0x7f392ea174b0>,39,18,[2 7],40,99,117,59,97
1,<environment.Job instance at 0x7f392ea17140>,40,3,[5 3],41,116,119,75,97
1,<environment.Job instance at 0x7f392ec1fd20>,42,2,[5 7],43,117,119,74,99
1,<environment.Job instance at 0x7f392ea2d8c0>,44,15,[4 8],45,119,134,74,108
1,<environment.Job instance at 0x7f392f129870>,46,16,[1 6],47,134,150,87,121
1,<environment.Job instance at 0x7f392ea2deb0>,41,18,[3 8],42,150,168,108,140
1,<environment.Job instance at 0x7f397256e8c0>,56,3,[7 4],57,168,171,111,153
1,<environment.Job instance at 0x7f392ec15500>,57,13,[9 1],58,171,184,113,155
1,<environment.Job instance at 0x7f3972734e10>,61,3,[9 1],62,184,187,122,158
1,<environment.Job instance at 0x7f39727345a0>,64,13,[4 8],65,187,200,122,171
1,<environment.Job instance at 0x7f39727349b0>,66,12,[9 5],67,200,212,133,183
1,<environment.Job instance at 0x7f3972734960>,67,17,[10  4],68,212,229,144,200
1,<environment.Job instance at 0x7f3972734960>,4,3,[4 5],5,6,9,1,6
1,<environment.Job instance at 0x7f3972c2fd70>,5,18,[7 5],6,11,29,5,11
1,<environment.Job instance at 0x7f3972c2faf0>,8,13,[1 5],9,12,25,3,12
1,<environment.Job instance at 0x7f3972c7b230>,1,14,[9 4],2,29,43,27,14
1,<environment.Job instance at 0x7f3972540820>,16,1,[2 6],17,43,44,26,17
1,<environment.Job instance at 0x7f392f0f13c0>,19,17,[2 6],20,44,61,24,32
1,<environment.Job instance at 0x7f3979107f50>,25,3,[9 2],26,61,64,35,36
1,<environment.Job instance at 0x7f3979107dc0>,28,15,[5 8],29,64,79,35,61
1,<environment.Job instance at 0x7f392ee71d20>,30,13,[5 6],31,79,92,48,64
1,<environment.Job instance at 0x7f3979742be0>,34,13,[ 5 10],35,92,105,57,77
1,<environment.Job instance at 0x7f39797425f0>,37,1,[2 6],38,105,106,67,82
1,<environment.Job instance at 0x7f3979742d70>,39,15,[6 2],40,105,120,65,93
1,<environment.Job instance at 0x7f39797422d0>,41,15,[5 4],42,120,135,78,107
1,<environment.Job instance at 0x7f3979742730>,38,18,[5 5],39,120,138,81,109
1,<environment.Job instance at 0x7f39726abbe0>,48,2,[7 5],49,138,140,89,126
1,<environment.Job instance at 0x7f39726abfa0>,50,12,[10  1],51,140,152,89,129
1,<environment.Job instance at 0x7f392e9480f0>,53,12,[10  1],54,152,164,98,137
1,<environment.Job instance at 0x7f392e948280>,52,16,[9 4],53,164,180,111,151
1,<environment.Job instance at 0x7f39729de7d0>,64,18,[5 5],65,180,198,115,169
1,<environment.Job instance at 0x7f39725cc280>,68,18,[5 3],69,180,198,111,180
1,<environment.Job instance at 0x7f39791fef50>,1,13,[10  4],2,3,16,1,3
1,<environment.Job instance at 0x7f392e7698c0>,9,13,[6 4],10,16,29,6,10
1,<environment.Job instance at 0x7f392e7695f0>,10,3,[8 3],11,29,32,18,29
1,<environment.Job instance at 0x7f3979608cd0>,2,15,[8 4],3,32,47,29,29
1,<environment.Job instance at 0x7f392e769730>,12,2,[3 6],13,47,49,34,30
1,<environment.Job instance at 0x7f392e74c8c0>,16,1,[6 3],17,47,48,30,30
1,<environment.Job instance at 0x7f392e74c780>,14,12,[9 1],15,49,61,34,32
1,<environment.Job instance at 0x7f3979608910>,0,13,[2 6],1,32,45,31,32
1,<environment.Job instance at 0x7f392e74cb40>,17,17,[1 9],18,49,66,31,42
1,<environment.Job instance at 0x7f392e74c410>,22,13,[7 2],23,66,79,43,50
1,<environment.Job instance at 0x7f392e74caf0>,23,3,[8 2],24,79,82,55,53
1,<environment.Job instance at 0x7f392e74c5f0>,25,3,[5 3],26,82,85,56,68
1,<environment.Job instance at 0x7f392e74c0a0>,27,3,[1 9],28,85,88,57,68
1,<environment.Job instance at 0x7f392e74c910>,28,13,[4 6],29,88,101,59,72
1,<environment.Job instance at 0x7f392e74f190>,30,12,[7 4],31,101,113,70,84
1,<environment.Job instance at 0x7f392e74f2d0>,33,15,[3 9],34,113,128,79,99
1,<environment.Job instance at 0x7f392e74fe60>,39,2,[5 8],40,128,130,88,114
1,<environment.Job instance at 0x7f392e74fcd0>,38,17,[9 5],39,130,147,91,118
1,<environment.Job instance at 0x7f392e74f550>,42,14,[4 6],43,147,161,104,132
1,<environment.Job instance at 0x7f392e74f960>,48,2,[3 6],49,161,163,112,136
1,<environment.Job instance at 0x7f392e7456e0>,50,15,[5 5],51,163,178,112,149
1,<environment.Job instance at 0x7f392e745140>,52,12,[ 1 10],53,178,190,125,163
1,<environment.Job instance at 0x7f392e745820>,58,3,[ 1 10],59,190,193,131,169
1,<environment.Job instance at 0x7f392e745870>,59,3,[9 3],60,193,196,133,169
1,<environment.Job instance at 0x7f392e745be0>,57,15,[6 2],58,196,211,138,187
1,<environment.Job instance at 0x7f392e745fa0>,63,3,[3 8],64,196,199,132,187
1,<environment.Job instance at 0x7f392e6f04b0>,68,2,[6 3],69,211,213,142,195
1,<environment.Job instance at 0x7f392e7459b0>,64,12,[9 1],65,213,225,148,212
1,<environment.Job instance at 0x7f392e6f0640>,66,14,[6 4],67,225,239,158,217
1,<environment.Job instance at 0x7f392e884410>,2,1,[5 9],3,3,4,0,3
1,<environment.Job instance at 0x7f392e6f0320>,3,1,[2 6],4,4,5,0,4
1,<environment.Job instance at 0x7f392eb25e10>,4,13,[2 7],5,7,20,2,7
1,<environment.Job instance at 0x7f3972c766e0>,0,12,[5 6],1,20,32,19,8
1,<environment.Job instance at 0x7f397255edc0>,13,2,[2 7],14,32,34,18,14
1,<environment.Job instance at 0x7f397255e8c0>,14,3,[10  5],15,34,37,19,15
1,<environment.Job instance at 0x7f392e6f0640>,6,18,[6 4],7,37,55,30,26
1,<environment.Job instance at 0x7f3972584aa0>,18,2,[4 6],19,37,39,18,27
1,<environment.Job instance at 0x7f3972584640>,21,15,[8 4],22,55,70,33,41
1,<environment.Job instance at 0x7f397255ee10>,16,12,[8 4],17,70,82,53,53
1,<environment.Job instance at 0x7f3972577aa0>,32,16,[9 2],33,82,98,49,69
1,<environment.Job instance at 0x7f3972584050>,15,16,[7 3],16,98,114,82,85
1,<environment.Job instance at 0x7f392ec4e9b0>,37,12,[1 6],38,85,97,47,85
1,<environment.Job instance at 0x7f392ec4ec80>,36,17,[3 7],37,99,116,62,99
1,<environment.Job instance at 0x7f3972bb7640>,33,18,[4 6],34,116,134,82,105
1,<environment.Job instance at 0x7f3972b00d70>,46,2,[5 7],47,134,136,87,108
1,<environment.Job instance at 0x7f3972b00550>,47,1,[8 1],48,136,137,88,108
1,<environment.Job instance at 0x7f3972b000a0>,50,2,[8 4],51,137,139,86,124
1,<environment.Job instance at 0x7f3972b002d0>,51,2,[3 9],52,139,141,87,124
1,<environment.Job instance at 0x7f3972b00870>,52,14,[ 2 10],53,141,155,88,126
1,<environment.Job instance at 0x7f3972b9f230>,54,13,[10  5],55,155,168,100,141
1,<environment.Job instance at 0x7f3972b13820>,56,13,[5 7],57,168,181,111,152
1,<environment.Job instance at 0x7f3972aef0f0>,61,12,[4 7],62,181,193,119,164
1,<environment.Job instance at 0x7f3972aef370>,63,3,[3 9],64,193,196,129,171
1,<environment.Job instance at 0x7f3972aefbe0>,65,14,[4 8],66,196,210,130,181
1,<environment.Job instance at 0x7f3972a5ab90>,4,2,[3 6],5,21,23,16,21
1,<environment.Job instance at 0x7f39792be780>,6,1,[9 2],7,23,24,16,21
1,<environment.Job instance at 0x7f39792bef00>,7,1,[5 3],8,21,22,13,21
1,<environment.Job instance at 0x7f3979748910>,12,3,[10  4],13,24,27,11,21
1,<environment.Job instance at 0x7f3979402640>,9,3,[10  1],10,27,30,17,21
1,<environment.Job instance at 0x7f39793a4870>,16,1,[5 2],17,22,23,5,21
1,<environment.Job instance at 0x7f3972660b40>,15,16,[7 3],16,30,46,14,21
1,<environment.Job instance at 0x7f39729e7410>,19,13,[8 2],20,46,59,26,31
1,<environment.Job instance at 0x7f3979402b40>,10,18,[6 4],11,59,77,48,48
1,<environment.Job instance at 0x7f39727e55a0>,24,3,[10  2],25,77,80,52,55
1,<environment.Job instance at 0x7f397254f410>,27,18,[1 6],28,55,73,27,55
1,<environment.Job instance at 0x7f397289dd70>,30,17,[9 2],31,80,97,49,69
1,<environment.Job instance at 0x7f397289d690>,35,3,[9 2],36,97,100,61,72
1,<environment.Job instance at 0x7f397289deb0>,37,3,[8 1],38,100,103,62,79
1,<environment.Job instance at 0x7f397289de60>,38,3,[10  4],39,103,106,64,79
1,<environment.Job instance at 0x7f397289de10>,41,1,[2 5],42,100,101,58,89
1,<environment.Job instance at 0x7f39729e70a0>,18,13,[8 5],19,106,119,87,90
1,<environment.Job instance at 0x7f397289dd20>,42,13,[ 3 10],43,119,132,76,105
1,<environment.Job instance at 0x7f392f0d85a0>,44,1,[5 5],45,132,133,87,106
1,<environment.Job instance at 0x7f392f0d8820>,49,2,[8 2],50,133,135,83,119
1,<environment.Job instance at 0x7f392f0d8050>,50,2,[5 4],51,135,137,84,119
1,<environment.Job instance at 0x7f392f0d8a50>,51,2,[6 1],52,137,139,85,119
1,<environment.Job instance at 0x7f392ea6ca50>,52,12,[1 9],53,137,149,84,122
1,<environment.Job instance at 0x7f392ea6c780>,53,1,[7 3],54,149,150,95,122
1,<environment.Job instance at 0x7f392ea6c6e0>,54,2,[2 5],55,132,134,77,122
1,<environment.Job instance at 0x7f392f0d8910>,43,14,[ 4 10],44,150,164,106,137
1,<environment.Job instance at 0x7f392f12b8c0>,57,3,[ 1 10],58,164,167,106,141
1,<environment.Job instance at 0x7f392f12b2d0>,61,14,[10  1],62,167,181,105,152
1,<environment.Job instance at 0x7f39727b0b90>,63,3,[6 3],64,181,184,117,168
1,<environment.Job instance at 0x7f39727b0140>,64,2,[10  4],65,184,186,119,169
1,<environment.Job instance at 0x7f39727b0780>,65,3,[1 9],66,186,189,120,169
1,<environment.Job instance at 0x7f39727b0320>,66,2,[5 2],67,189,191,122,169
1,<environment.Job instance at 0x7f39727b0fa0>,67,3,[1 6],68,181,184,113,169
1,<environment.Job instance at 0x7f392e904a00>,68,12,[3 9],69,191,203,122,174
1,<environment.Job instance at 0x7f397289daa0>,39,18,[6 2],40,521,539,481,521
1,<environment.Job instance at 0x7f3972c39f50>,0,2,[6 1],1,5,7,4,5
1,<environment.Job instance at 0x7f39796f9dc0>,9,3,[ 3 10],10,10,13,0,10
1,<environment.Job instance at 0x7f39796f9f00>,12,2,[3 7],13,13,15,0,13
1,<environment.Job instance at 0x7f39796f9a00>,13,13,[5 6],14,15,28,1,14
1,<environment.Job instance at 0x7f39796f9230>,14,13,[3 6],15,28,41,13,15
1,<environment.Job instance at 0x7f39796f9050>,15,2,[8 1],16,41,43,25,16
1,<environment.Job instance at 0x7f39796f9280>,17,1,[ 4 10],18,43,44,25,18
1,<environment.Job instance at 0x7f39790885a0>,23,3,[8 1],24,49,52,25,49
1,<environment.Job instance at 0x7f3979088190>,25,14,[7 2],26,52,66,26,49
1,<environment.Job instance at 0x7f3979071280>,2,18,[3 7],3,52,70,49,52
1,<environment.Job instance at 0x7f3979088d20>,28,17,[6 5],29,70,87,41,58
1,<environment.Job instance at 0x7f3979088e10>,31,12,[2 6],32,87,99,55,70
1,<environment.Job instance at 0x7f39790880f0>,36,15,[5 6],37,99,114,62,85
1,<environment.Job instance at 0x7f39796f97d0>,18,16,[10  3],19,114,130,95,101
1,<environment.Job instance at 0x7f39790ac140>,41,16,[5 5],42,130,146,88,117
1,<environment.Job instance at 0x7f39726df550>,51,15,[5 2],52,130,145,78,123
1,<environment.Job instance at 0x7f39790aceb0>,39,12,[3 9],40,146,158,106,129
1,<environment.Job instance at 0x7f39726df820>,57,2,[10  2],58,158,160,100,131
1,<environment.Job instance at 0x7f397974a050>,60,13,[10  1],61,160,173,99,147
1,<environment.Job instance at 0x7f397974a4b0>,62,2,[5 3],63,173,175,110,152
1,<environment.Job instance at 0x7f397974a7d0>,66,16,[5 6],67,173,189,106,161
1,<environment.Job instance at 0x7f39726abf00>,3,3,[2 7],4,5,8,1,5
1,<environment.Job instance at 0x7f39726ab320>,5,3,[10  5],6,8,11,2,7
1,<environment.Job instance at 0x7f3972981140>,2,15,[5 1],3,11,26,8,8
1,<environment.Job instance at 0x7f3979777780>,9,3,[6 2],10,26,29,16,10
1,<environment.Job instance at 0x7f392e9940f0>,10,13,[1 5],11,13,26,2,13
1,<environment.Job instance at 0x7f3972b8bfa0>,13,3,[10  4],14,29,32,15,14
1,<environment.Job instance at 0x7f392ecd7820>,15,13,[5 4],16,32,45,16,17
1,<environment.Job instance at 0x7f392ecd7c80>,17,15,[2 6],18,32,47,14,28
1,<environment.Job instance at 0x7f397250d7d0>,20,13,[2 8],21,47,60,26,31
1,<environment.Job instance at 0x7f392ecc1230>,24,13,[5 8],25,60,73,35,49
1,<environment.Job instance at 0x7f397250d820>,19,18,[10  2],20,73,91,53,62
1,<environment.Job instance at 0x7f3972b94a00>,7,15,[10  4],8,91,106,83,81
1,<environment.Job instance at 0x7f39796d0780>,37,18,[1 9],38,106,124,68,99
1,<environment.Job instance at 0x7fdd36404190>,2,12,[5 4],3,3,15,0,3
1,<environment.Job instance at 0x7fdd30ff52d0>,5,13,[5 9],6,15,28,9,6
1,<environment.Job instance at 0x7fdd30ff5730>,8,17,[ 2 10],9,28,45,19,16
1,<environment.Job instance at 0x7fdd30ff5460>,11,2,[3 9],12,45,47,33,30
1,<environment.Job instance at 0x7fdd30ff5a00>,12,3,[6 3],13,47,50,34,30
1,<environment.Job instance at 0x7fdd30ff5280>,13,13,[1 8],14,50,63,36,34
1,<environment.Job instance at 0x7fdd30ff5b40>,14,12,[3 7],15,63,75,48,46
1,<environment.Job instance at 0x7fdd30ff5d20>,17,3,[10  3],18,75,78,57,49
1,<environment.Job instance at 0x7fdd30ff5e10>,18,16,[8 5],19,78,94,59,65
1,<environment.Job instance at 0x7fdd30ff5c30>,23,18,[5 2],24,94,112,70,83
1,<environment.Job instance at 0x7fdd30ff6280>,28,2,[5 9],29,112,114,83,85
1,<environment.Job instance at 0x7fdd30ff6320>,29,13,[1 6],30,94,107,64,85
1,<environment.Job instance at 0x7fdd30ff6690>,34,3,[9 5],35,114,117,79,103
1,<environment.Job instance at 0x7fdd30ff6960>,35,16,[8 1],36,117,133,81,104
1,<environment.Job instance at 0x7fdd30ff6aa0>,38,12,[3 6],39,133,145,94,116
1,<environment.Job instance at 0x7fdd30ff69b0>,37,14,[5 5],38,145,159,107,130
1,<environment.Job instance at 0x7fdd30ff6c80>,41,14,[6 1],42,159,173,117,144
1,<environment.Job instance at 0x7fdd30ff6fa0>,45,16,[6 2],46,173,189,127,160
1,<environment.Job instance at 0x7fdd30ffb0a0>,48,13,[6 1],49,189,202,140,173
1,<environment.Job instance at 0x7fdd30ffb730>,51,2,[4 9],52,189,191,137,173
1,<environment.Job instance at 0x7fdd30ffb3c0>,3,3,[9 2],4,4,7,0,4
1,<environment.Job instance at 0x7fdd36403140>,6,3,[5 6],7,7,10,0,7
1,<environment.Job instance at 0x7fdd36403cd0>,4,12,[3 5],5,10,22,5,8
1,<environment.Job instance at 0x7fdd36576370>,10,3,[7 2],11,11,14,0,11
1,<environment.Job instance at 0x7fdd36576d20>,9,13,[7 2],10,14,27,4,12
1,<environment.Job instance at 0x7fdd365766e0>,8,12,[3 5],9,22,34,13,16
1,<environment.Job instance at 0x7fdd3656a9b0>,17,3,[5 3],18,27,30,9,19
1,<environment.Job instance at 0x7fdd3657d050>,21,1,[9 4],22,34,35,12,22
1,<environment.Job instance at 0x7fdd3656aa00>,20,18,[7 5],21,37,55,16,37
1,<environment.Job instance at 0x7fdd3657d0a0>,27,3,[7 4],28,55,58,27,37
1,<environment.Job instance at 0x7fdd3657d230>,23,17,[5 6],24,58,75,34,57
1,<environment.Job instance at 0x7fdd36577e60>,36,15,[9 2],37,75,90,38,61
1,<environment.Job instance at 0x7fdd3656e7d0>,38,3,[2 7],39,90,93,51,72
1,<environment.Job instance at 0x7fdd3656e910>,39,16,[1 8],40,93,109,53,80
1,<environment.Job instance at 0x7fdd36403be0>,1,3,[1 5],2,7,10,5,7
1,<environment.Job instance at 0x7fdceb31a910>,7,18,[5 2],8,8,26,0,8
1,<environment.Job instance at 0x7fdceb31a820>,9,16,[3 5],10,10,26,0,10
1,<environment.Job instance at 0x7fdceb31a320>,12,1,[ 5 10],13,26,27,13,13
1,<environment.Job instance at 0x7fdceb306b40>,14,1,[9 4],15,27,28,12,15
1,<environment.Job instance at 0x7fdceb306140>,13,12,[1 7],14,28,40,14,16
1,<environment.Job instance at 0x7fdceb306780>,16,1,[7 4],17,40,41,23,17
1,<environment.Job instance at 0x7fdceb306fa0>,20,12,[2 5],21,40,52,19,35
1,<environment.Job instance at 0x7fdceb31aa00>,4,13,[1 9],5,52,65,47,36
1,<environment.Job instance at 0x7fdceb306a00>,27,2,[9 3],28,36,38,8,36
1,<environment.Job instance at 0x7fdceb2ebbe0>,30,18,[5 1],31,49,67,18,49
1,<environment.Job instance at 0x7fdceb2eb8c0>,31,3,[8 2],32,67,70,35,49
1,<environment.Job instance at 0x7fdceb2eb2d0>,32,14,[8 4],33,70,84,37,55
1,<environment.Job instance at 0x7fdceb306a50>,25,17,[10  5],26,84,101,58,72
1,<environment.Job instance at 0x7fdceb333910>,40,2,[3 8],41,101,103,60,75
1,<environment.Job instance at 0x7fdceb306410>,17,13,[ 4 10],18,103,116,85,89
1,<environment.Job instance at 0x7fdceb333780>,42,14,[9 2],43,116,130,73,101
1,<environment.Job instance at 0x7fdceb2eb230>,29,17,[9 2],30,130,147,100,119
1,<environment.Job instance at 0x7fdceb2f2e10>,45,17,[5 9],46,147,164,101,135
1,<environment.Job instance at 0x7fdceb2f26e0>,53,12,[5 1],54,147,159,93,135
1,<environment.Job instance at 0x7fdceb2ee780>,59,1,[9 2],60,164,165,104,150
1,<environment.Job instance at 0x7fdceb2eedc0>,60,2,[4 5],61,165,167,104,150
1,<environment.Job instance at 0x7fdceb2ee9b0>,62,1,[3 8],63,167,168,104,150
1,<environment.Job instance at 0x7fdceb2ee550>,63,15,[5 6],64,168,183,104,154
1,<environment.Job instance at 0x7fdceb2eefa0>,65,17,[3 5],66,183,200,117,178
1,<environment.Job instance at 0x7fdceb2ee2d0>,69,12,[5 4],70,185,197,115,185
1,<environment.Job instance at 0x7fdceb2eed70>,70,15,[7 4],71,197,212,126,185
1,<environment.Job instance at 0x7fdceb2e7460>,71,13,[3 6],72,200,213,128,187
1,<environment.Job instance at 0x7fdceb2e7190>,73,12,[3 8],74,213,225,139,199
1,<environment.Job instance at 0x7fdceb2e7e10>,74,14,[8 5],75,225,239,150,210
1,<environment.Job instance at 0x7fdceb2ee4b0>,57,18,[ 1 10],58,239,257,181,229
1,<environment.Job instance at 0x7fdceb2e2230>,2,3,[3 9],3,4,7,1,4
1,<environment.Job instance at 0x7fdceb2e2f50>,1,16,[7 4],2,9,25,7,9
1,<environment.Job instance at 0x7fdceb753fa0>,3,18,[1 6],4,12,30,8,12
1,<environment.Job instance at 0x7fdceb7530f0>,11,3,[1 8],12,30,33,18,14
1,<environment.Job instance at 0x7fdceb753230>,13,14,[3 5],14,33,47,19,18
1,<environment.Job instance at 0x7fdceb78a320>,12,13,[2 5],13,33,46,20,18
1,<environment.Job instance at 0x7fdceb2f8a50>,20,2,[8 3],21,47,49,26,29
1,<environment.Job instance at 0x7fdceb2f8e60>,19,12,[1 8],20,49,61,29,32
1,<environment.Job instance at 0x7fdceb7538c0>,6,17,[2 6],7,61,78,54,52
1,<environment.Job instance at 0x7fdceb2f8780>,24,18,[10  2],25,78,96,53,68
1,<environment.Job instance at 0x7fdceb2f8960>,33,18,[7 5],34,96,114,62,87
1,<environment.Job instance at 0x7fdceb7a9500>,37,14,[4 7],38,114,128,76,100
1,<environment.Job instance at 0x7fdceb7a9f00>,41,16,[6 2],42,114,130,72,102
1,<environment.Job instance at 0x7fdceb3c2410>,51,3,[3 6],52,569,572,517,569
1,<environment.Job instance at 0x7fdceb3c27d0>,53,18,[9 2],54,572,590,518,571
1,<environment.Job instance at 0x7fdceb3c2820>,54,18,[ 5 10],55,620,638,565,620
1,<environment.Job instance at 0x7fdceb28c460>,56,16,[5 7],57,658,674,601,658
1,<environment.Job instance at 0x7fdceb28cb90>,58,15,[2 5],59,674,689,615,663
1,<environment.Job instance at 0x7fdceb28c5f0>,60,17,[4 5],61,676,693,615,676
1,<environment.Job instance at 0x7fdceb28ca50>,64,1,[3 8],65,693,694,628,676
1,<environment.Job instance at 0x7fdceb28c230>,65,18,[9 5],66,694,712,628,684
1,<environment.Job instance at 0x7fdceb28cc30>,67,17,[7 5],68,712,729,644,707
1,<environment.Job instance at 0x7fdceb28c9b0>,71,15,[10  3],72,729,744,657,721
1,<environment.Job instance at 0x7fdceb23deb0>,77,14,[7 1],78,744,758,666,729
1,<environment.Job instance at 0x7fdd314a0c30>,2,2,[9 3],3,3,5,0,3
1,<environment.Job instance at 0x7fdceb23d320>,3,15,[7 4],4,5,20,1,4
1,<environment.Job instance at 0x7fdd314a0e10>,4,3,[5 8],5,20,23,15,5
1,<environment.Job instance at 0x7fdceb6e0780>,5,2,[2 6],6,6,8,0,6
1,<environment.Job instance at 0x7fdceb6e0b40>,8,2,[1 7],9,23,25,14,9
1,<environment.Job instance at 0x7fdceb6e0c80>,9,3,[8 4],10,25,28,15,10
1,<environment.Job instance at 0x7fdceb6e0e60>,13,13,[2 5],14,25,38,11,14
1,<environment.Job instance at 0x7fdceb6e0d20>,11,16,[2 8],12,38,54,26,26
1,<environment.Job instance at 0x7fdceb6db320>,19,16,[1 7],20,54,70,34,41
1,<environment.Job instance at 0x7fdceb6db640>,24,12,[3 5],25,70,82,45,55
1,<environment.Job instance at 0x7fdceb6db910>,25,17,[6 3],26,55,72,29,55
1,<environment.Job instance at 0x7fdceb6dbb40>,28,17,[2 8],29,82,99,53,70
1,<environment.Job instance at 0x7fdceb6ea0f0>,34,12,[2 9],35,99,111,64,82
1,<environment.Job instance at 0x7fdceb6ea140>,36,15,[10  5],37,128,143,91,128
1,<environment.Job instance at 0x7fdceb6ea1e0>,37,16,[ 3 10],38,143,159,105,133
1,<environment.Job instance at 0x7fdceb6ea280>,38,16,[3 6],39,159,175,120,147
1,<environment.Job instance at 0x7fdceb6ea7d0>,42,2,[1 5],43,175,177,132,148
1,<environment.Job instance at 0x7fdceb6ea780>,45,12,[2 5],46,175,187,129,163
1,<environment.Job instance at 0x7fdceb6ea960>,48,3,[4 7],49,187,190,138,163
1,<environment.Job instance at 0x7fdceb6eac80>,50,17,[7 1],51,190,207,139,179
1,<environment.Job instance at 0x7fdceb6eacd0>,51,18,[3 8],52,190,208,138,179
1,<environment.Job instance at 0x7fdceb6eaeb0>,52,2,[6 3],53,179,181,126,179
1,<environment.Job instance at 0x7fdceb6f7140>,58,14,[3 6],59,208,222,149,201
1,<environment.Job instance at 0x7fdceb6f7780>,61,3,[10  4],62,222,225,160,204
1,<environment.Job instance at 0x7fdceb6f74b0>,62,2,[6 4],63,208,210,145,204
1,<environment.Job instance at 0x7fdceb6f78c0>,64,2,[1 9],65,225,227,160,223
1,<environment.Job instance at 0x7fdceb6f7af0>,65,18,[ 3 10],66,227,245,161,226
1,<environment.Job instance at 0x7fdceb6f7d70>,68,12,[8 2],69,245,257,176,228
1,<environment.Job instance at 0x7fdceb6f7eb0>,70,12,[1 5],71,245,257,174,228
1,<environment.Job instance at 0x7fdceb6f9550>,77,20,[5 2],78,257,277,179,257
1,<environment.Job instance at 0x7fdd35973730>,5,12,[4 7],6,7,19,1,7
1,<environment.Job instance at 0x7fdd35d4f640>,7,13,[4 6],8,19,32,11,8
1,<environment.Job instance at 0x7fdd35d4fcd0>,9,17,[5 1],10,12,29,2,12
1,<environment.Job instance at 0x7fdd35d4f690>,13,16,[3 5],14,32,48,18,19
1,<environment.Job instance at 0x7fdd35d4fa50>,18,13,[8 2],19,48,61,29,32
1,<environment.Job instance at 0x7fdd35d4f4b0>,21,1,[10  1],22,61,62,39,33
1,<environment.Job instance at 0x7fdd35d4f3c0>,17,14,[10  3],18,62,76,44,47
1,<environment.Job instance at 0x7fdd35d54780>,26,13,[8 4],27,76,89,49,60
1,<environment.Job instance at 0x7fdd35d545a0>,30,17,[9 4],31,89,106,58,84
1,<environment.Job instance at 0x7fdd35d547d0>,35,15,[5 7],36,106,121,70,92
1,<environment.Job instance at 0x7fdd35973500>,0,16,[1 9],1,121,137,120,108
1,<environment.Job instance at 0x7fdd35de0910>,48,12,[ 2 10],49,137,149,88,122
1,<environment.Job instance at 0x7fdceb731c30>,53,13,[9 5],54,149,162,95,133
1,<environment.Job instance at 0x7fdceb731cd0>,54,15,[ 1 10],55,162,177,107,148
1,<environment.Job instance at 0x7fdceb394550>,3,3,[9 4],4,6,9,2,6
1,<environment.Job instance at 0x7fdceb394230>,2,3,[1 7],3,11,14,8,11
1,<environment.Job instance at 0x7fdceb444a00>,8,1,[2 5],9,14,15,5,11
1,<environment.Job instance at 0x7fdceb4ca280>,12,17,[2 5],13,17,34,4,17
1,<environment.Job instance at 0x7fdceb51fe60>,14,2,[4 9],15,34,36,19,19
1,<environment.Job instance at 0x7fdceb51faf0>,15,2,[7 5],16,20,22,4,20
1,<environment.Job instance at 0x7fdceb51f230>,17,18,[6 2],18,36,54,18,25
1,<environment.Job instance at 0x7fdd31058730>,22,3,[ 3 10],23,54,57,31,47
1,<environment.Job instance at 0x7fdceb4b01e0>,23,15,[6 5],24,57,72,33,47
1,<environment.Job instance at 0x7fdd35dd4d70>,28,14,[3 8],29,72,86,43,58
1,<environment.Job instance at 0x7fdd30fd59b0>,32,12,[3 8],33,86,98,53,69
1,<environment.Job instance at 0x7fdd30fd5460>,34,13,[1 9],35,98,111,63,82
1,<environment.Job instance at 0x7fdceb8ab3c0>,6,14,[8 1],7,98,112,91,90
1,<environment.Job instance at 0x7fdceb444230>,7,12,[10  4],8,112,124,104,98
1,<environment.Job instance at 0x7fdd30f51500>,46,14,[ 5 10],47,124,138,77,110
1,<environment.Job instance at 0x7fdd311243c0>,50,1,[6 5],51,138,139,87,134
1,<environment.Job instance at 0x7fdd30f516e0>,39,17,[ 5 10],40,139,156,99,134
1,<environment.Job instance at 0x7fdd31124960>,51,14,[5 4],52,156,170,104,151
1,<environment.Job instance at 0x7fdd31124fa0>,54,1,[5 7],55,170,171,115,152
1,<environment.Job instance at 0x7fdd35dd2870>,57,12,[5 5],58,171,183,113,159
1,<environment.Job instance at 0x7fdceb5fca50>,59,12,[9 1],60,183,195,123,166
1,<environment.Job instance at 0x7fdd311aaa50>,64,12,[4 7],65,195,207,130,179
1,<environment.Job instance at 0x7fdd31443910>,61,12,[5 9],62,207,219,145,190
1,<environment.Job instance at 0x7fdd30d76370>,73,12,[ 2 10],74,219,231,145,203
1,<environment.Job instance at 0x7fdd3583b3c0>,4,14,[7 5],5,5,19,0,5
1,<environment.Job instance at 0x7fdceb4baf00>,5,12,[6 1],6,19,31,13,6
1,<environment.Job instance at 0x7fdceb4bae60>,6,2,[ 3 10],7,31,33,24,7
1,<environment.Job instance at 0x7fdceb4ef140>,7,3,[5 1],8,33,36,25,8
1,<environment.Job instance at 0x7fdceb4ef050>,8,2,[5 4],9,33,35,24,9
1,<environment.Job instance at 0x7fdceb4ef5f0>,12,2,[5 5],13,35,37,22,13
1,<environment.Job instance at 0x7fdceb4ef6e0>,13,1,[7 1],14,37,38,23,14
1,<environment.Job instance at 0x7fdceb4ef9b0>,16,17,[ 1 10],17,38,55,21,26
1,<environment.Job instance at 0x7fdceb4efd70>,20,12,[7 2],21,55,67,34,38
1,<environment.Job instance at 0x7fdceb4eff50>,23,2,[6 5],24,67,69,43,45
1,<environment.Job instance at 0x7fdceb4efdc0>,25,3,[7 2],26,69,72,43,45
1,<environment.Job instance at 0x7fdceb4c1140>,26,14,[9 2],27,72,86,45,58
1,<environment.Job instance at 0x7fdd3583b640>,0,18,[5 9],1,86,104,85,75
1,<environment.Job instance at 0x7fdceb4c15f0>,31,15,[1 9],32,104,119,72,90
1,<environment.Job instance at 0x7fdceb4c1780>,36,1,[4 7],37,119,120,82,92
1,<environment.Job instance at 0x7fdceb4c18c0>,37,1,[7 4],38,120,121,82,92
1,<environment.Job instance at 0x7fdceb4c1c30>,38,17,[2 7],39,121,138,82,109
1,<environment.Job instance at 0x7fdceb4c1eb0>,42,2,[7 4],43,138,140,95,111
1,<environment.Job instance at 0x7fdceb4c1a00>,44,2,[9 2],45,140,142,95,113
1,<environment.Job instance at 0x7fdceb4ec280>,45,13,[3 9],46,142,155,96,126
1,<environment.Job instance at 0x7fdceb4ec5f0>,48,17,[2 6],49,155,172,106,143
1,<environment.Job instance at 0x7fdceb4ef820>,15,17,[ 5 10],16,172,189,156,160
1,<environment.Job instance at 0x7fdceb4eca50>,55,13,[8 5],56,189,202,133,177
1,<environment.Job instance at 0x7fdceb4eccd0>,58,16,[6 5],59,202,218,143,189
1,<environment.Job instance at 0x7fdceb4ecfa0>,62,15,[2 5],63,191,206,128,191
1,<environment.Job instance at 0x7fdceb4ec410>,64,16,[9 2],65,218,234,153,205
1,<environment.Job instance at 0x7fdceb4f0410>,68,13,[6 1],69,234,247,165,219
1,<environment.Job instance at 0x7fdceb4f04b0>,69,13,[1 8],70,219,232,149,219
1,<environment.Job instance at 0x7fdceb4f05f0>,71,13,[6 5],72,247,260,175,231
1,<environment.Job instance at 0x7fdceb4f09b0>,75,3,[9 4],76,260,263,184,243
1,<environment.Job instance at 0x7fdceb4f0820>,76,2,[5 5],77,263,265,186,243
1,<environment.Job instance at 0x7fdceb4f0730>,78,17,[7 2],79,265,282,186,254
1,<environment.Job instance at 0x7fdd30f139b0>,6,14,[5 4],7,8,22,1,8
1,<environment.Job instance at 0x7fdd30f13e10>,11,2,[5 7],12,22,24,10,12
1,<environment.Job instance at 0x7fdceb8cdd70>,18,3,[3 9],19,24,27,5,19
1,<environment.Job instance at 0x7fdceb59d140>,0,15,[5 6],1,27,42,26,20
1,<environment.Job instance at 0x7fdd35a14820>,23,13,[7 5],24,42,55,18,35
1,<environment.Job instance at 0x7fdd30f25690>,29,16,[5 3],30,60,76,30,60
1,<environment.Job instance at 0x7fdd30e6d910>,31,2,[2 6],32,60,62,28,60
1,<environment.Job instance at 0x7fdd31230190>,33,16,[8 5],34,76,92,42,63
1,<environment.Job instance at 0x7fdd30ef81e0>,35,3,[1 9],36,92,95,56,66
1,<environment.Job instance at 0x7fdd31184410>,37,13,[ 4 10],38,95,108,57,79
1,<environment.Job instance at 0x7fdd35b5feb0>,40,14,[1 8],41,108,122,67,95
1,<environment.Job instance at 0x7fdd35b5fdc0>,41,12,[5 6],42,122,134,80,105
1,<environment.Job instance at 0x7fdceb720910>,43,13,[5 1],44,108,121,64,105
1,<environment.Job instance at 0x7fdceb8cbaa0>,47,2,[8 4],48,134,136,86,107
1,<environment.Job instance at 0x7fdd312c42d0>,10,17,[2 6],11,134,151,123,123
1,<environment.Job instance at 0x7fdceb8bc7d0>,54,3,[3 6],55,151,154,96,125
1,<environment.Job instance at 0x7fdd35ecb870>,52,15,[6 2],53,136,151,83,126
1,<environment.Job instance at 0x7fdd35f1c0a0>,22,15,[10  1],23,154,169,131,144
1,<environment.Job instance at 0x7fdd30f25c80>,30,18,[ 5 10],31,169,187,138,158
1,<environment.Job instance at 0x7fdd3595cc30>,61,12,[1 8],62,187,199,125,172
1,<environment.Job instance at 0x7fdd35e8c4b0>,67,12,[7 2],68,187,199,119,177
1,<environment.Job instance at 0x7fdd35e8c5f0>,69,12,[4 6],70,199,211,129,182
1,<environment.Job instance at 0x7fdd35e8c1e0>,72,17,[9 4],73,211,228,138,199
1,<environment.Job instance at 0x7fdd35e8c190>,75,16,[9 4],76,228,244,152,215
1,<environment.Job instance at 0x7fdceb2909b0>,6,3,[8 3],7,8,11,1,8
1,<environment.Job instance at 0x7fdceb630960>,11,3,[6 4],12,12,15,0,12
1,<environment.Job instance at 0x7fdceb6307d0>,10,12,[1 7],11,15,27,4,13
1,<environment.Job instance at 0x7fdd35d6c1e0>,13,15,[5 5],14,27,42,13,15
1,<environment.Job instance at 0x7fdceb608d70>,17,3,[8 1],18,18,21,0,18
1,<environment.Job instance at 0x7fdd3592c640>,16,13,[4 7],17,42,55,25,28
1,<environment.Job instance at 0x7fdceb88a960>,25,2,[4 7],26,55,57,29,44
1,<environment.Job instance at 0x7fdceb88ae60>,26,18,[6 3],27,44,62,17,44
1,<environment.Job instance at 0x7fdd30e02410>,27,1,[2 6],28,57,58,29,44
1,<environment.Job instance at 0x7fdd3594daa0>,28,3,[8 3],29,62,65,33,44
1,<environment.Job instance at 0x7fdd3594d1e0>,29,19,[5 5],30,65,84,35,55
1,<environment.Job instance at 0x7fdd3142d4b0>,30,15,[10  4],31,84,99,53,70
1,<environment.Job instance at 0x7fdd3142d870>,34,14,[3 8],35,99,113,64,85
1,<environment.Job instance at 0x7fdd3142d7d0>,36,12,[2 7],37,113,125,76,96
1,<environment.Job instance at 0x7fdd3142dd20>,35,12,[10  1],36,125,137,89,108
1,<environment.Job instance at 0x7fdd31150d70>,42,16,[3 8],43,137,153,94,124
1,<environment.Job instance at 0x7fdd3135f500>,44,3,[7 4],45,153,156,108,133
1,<environment.Job instance at 0x7fdd3135f7d0>,45,2,[4 5],46,156,158,110,133
1,<environment.Job instance at 0x7fdd3142df50>,37,14,[ 4 10],38,158,172,120,143
1,<environment.Job instance at 0x7fdd3135fd20>,49,16,[7 2],50,172,188,122,159
1,<environment.Job instance at 0x7fdd35a46cd0>,51,16,[5 7],52,188,204,136,175
1,<environment.Job instance at 0x7fdd358f4190>,55,14,[4 6],56,204,218,148,189
1,<environment.Job instance at 0x7fdceb5b5550>,60,2,[3 9],61,218,220,157,213
1,<environment.Job instance at 0x7fdceb5b5280>,61,2,[7 1],62,218,220,156,213
1,<environment.Job instance at 0x7fdceb5b56e0>,63,3,[10  3],64,220,223,156,213
1,<environment.Job instance at 0x7fdceb5b5190>,64,13,[5 3],65,223,236,158,213
1,<environment.Job instance at 0x7fdceb5f75a0>,66,14,[6 4],67,236,250,169,221
1,<environment.Job instance at 0x7fdceb29c690>,69,1,[8 2],70,250,251,180,234
1,<environment.Job instance at 0x7fdceb29c640>,70,13,[5 3],71,251,264,180,235
1,<environment.Job instance at 0x7fdceb29c0f0>,72,17,[6 4],73,264,281,191,253
1,<environment.Job instance at 0x7fdceb542be0>,75,1,[7 3],76,281,282,205,256
1,<environment.Job instance at 0x7fdceb542410>,76,3,[5 4],77,256,259,179,256
1,<environment.Job instance at 0x7fdceb5c3fa0>,78,12,[ 4 10],79,282,294,203,265
1,<environment.Job instance at 0x7fdceb5c3410>,3,18,[5 5],4,6,24,2,6
1,<environment.Job instance at 0x7fdd3129f820>,8,18,[1 5],9,9,27,0,9
1,<environment.Job instance at 0x7fdd3129fbe0>,11,3,[1 9],12,27,30,15,12
1,<environment.Job instance at 0x7fdd3129fdc0>,12,13,[9 4],13,30,43,17,15
1,<environment.Job instance at 0x7fdd3129fcd0>,13,12,[2 6],14,43,55,29,26
1,<environment.Job instance at 0x7fdd3129fe60>,16,13,[5 5],17,55,68,38,39
1,<environment.Job instance at 0x7fdd3128e2d0>,23,1,[10  1],24,68,69,44,57
1,<environment.Job instance at 0x7fdd3129fa00>,9,18,[9 5],10,69,87,59,60
1,<environment.Job instance at 0x7fdd3128e8c0>,26,2,[5 9],27,87,89,60,61
1,<environment.Job instance at 0x7fdd3128e910>,29,14,[5 1],30,87,101,57,85
1,<environment.Job instance at 0x7fdd3128e9b0>,30,3,[5 7],31,89,92,58,85
1,<environment.Job instance at 0x7fdd3128e550>,25,18,[5 5],26,92,110,66,85
1,<environment.Job instance at 0x7fdd3128e7d0>,35,12,[7 1],36,110,122,74,95
1,<environment.Job instance at 0x7fdd3128edc0>,34,14,[9 1],35,122,136,87,107
1,<environment.Job instance at 0x7fdd312821e0>,41,1,[6 5],42,136,137,94,109
1,<environment.Job instance at 0x7fdceb4ab780>,0,14,[ 2 10],1,137,151,136,126
1,<environment.Job instance at 0x7fdd3128eb90>,33,18,[7 1],34,151,169,117,141
1,<environment.Job instance at 0x7fdd31282690>,45,18,[1 8],46,151,169,105,145
1,<environment.Job instance at 0x7fdd312829b0>,50,14,[1 5],51,169,183,118,155
1,<environment.Job instance at 0x7fdd31282910>,49,15,[5 7],50,183,198,133,169
1,<environment.Job instance at 0x7fdd31282c30>,54,13,[2 6],55,198,211,143,195
1,<environment.Job instance at 0x7fdd31282cd0>,55,14,[ 1 10],56,211,225,155,198
1,<environment.Job instance at 0x7fdd3128c320>,58,14,[1 7],59,225,239,166,210
1,<environment.Job instance at 0x7fdceb553460>,1,2,[1 6],2,2,4,0,2
1,<environment.Job instance at 0x7fdd3128c3c0>,3,2,[3 5],4,4,6,0,4
1,<environment.Job instance at 0x7fdceb553500>,4,14,[6 4],5,5,19,0,5
1,<environment.Job instance at 0x7fdceb2948c0>,7,2,[6 3],8,19,21,11,9
1,<environment.Job instance at 0x7fdceb2909b0>,11,2,[3 8],12,21,23,9,12
1,<environment.Job instance at 0x7fdd313b48c0>,15,2,[ 2 10],16,23,25,7,18
1,<environment.Job instance at 0x7fdd313b4280>,16,2,[7 1],17,21,23,4,18
1,<environment.Job instance at 0x7fdd313b4a00>,18,16,[7 2],19,25,41,6,22
1,<environment.Job instance at 0x7fdd30db5d70>,24,3,[4 5],25,41,44,16,25
1,<environment.Job instance at 0x7fdd30db5460>,26,3,[5 8],27,44,47,17,28
1,<environment.Job instance at 0x7fdd30db52d0>,28,3,[6 1],29,41,44,12,29
1,<environment.Job instance at 0x7fdd35d7ceb0>,32,3,[5 9],33,47,50,14,43
1,<environment.Job instance at 0x7fdd35d7c690>,33,16,[8 1],34,50,66,16,43
1,<environment.Job instance at 0x7fdd30db5fa0>,25,18,[9 2],26,66,84,40,62
1,<environment.Job instance at 0x7fdceb86f550>,40,15,[2 8],41,84,99,43,70
1,<environment.Job instance at 0x7fdceb86fe10>,45,16,[10  5],46,99,115,53,86
1,<environment.Job instance at 0x7fdceb470550>,50,15,[4 7],51,115,130,64,102
1,<environment.Job instance at 0x7fdceb470be0>,54,13,[8 2],55,130,143,75,115
1,<environment.Job instance at 0x7fdceb470b90>,55,1,[6 4],56,143,144,87,115
1,<environment.Job instance at 0x7fdd35ea3e60>,56,3,[6 1],57,115,118,58,115
1,<environment.Job instance at 0x7fdd35ea3b40>,57,1,[5 1],58,118,119,60,115
1,<environment.Job instance at 0x7fdd35ea3a50>,58,13,[2 5],59,130,143,71,115
1,<environment.Job instance at 0x7fdceb4709b0>,53,16,[9 4],54,144,160,90,133
1,<environment.Job instance at 0x7fdd35b278c0>,64,17,[8 1],65,160,177,95,148
1,<environment.Job instance at 0x7fdceb77ecd0>,67,1,[7 3],68,177,178,109,149
1,<environment.Job instance at 0x7fdd311201e0>,69,18,[2 7],70,160,178,90,158
1,<environment.Job instance at 0x7fdceb6c6910>,72,2,[5 7],73,178,180,105,161
1,<environment.Job instance at 0x7fdd313b4410>,21,18,[10  5],22,180,198,158,171
1,<environment.Job instance at 0x7fdd3585d320>,76,16,[1 6],77,198,214,121,185
1,<environment.Job instance at 0x7fdd1a9a1be0>,2,3,[1 8],3,5,8,2,5
1,<environment.Job instance at 0x7fdd35a98b90>,4,3,[1 5],5,8,11,3,6
1,<environment.Job instance at 0x7fdd3105efa0>,6,3,[7 4],7,8,11,1,7
1,<environment.Job instance at 0x7fdd3105e190>,8,2,[7 4],9,11,13,2,9
1,<environment.Job instance at 0x7fdd3105ea00>,9,2,[5 1],10,13,15,3,10
1,<environment.Job instance at 0x7fdd3105ec80>,12,13,[9 1],13,23,36,10,23
1,<environment.Job instance at 0x7fdd3105ee10>,7,13,[9 1],8,36,49,28,23
1,<environment.Job instance at 0x7fdd1a9a1cd0>,3,12,[3 8],4,49,61,45,32
1,<environment.Job instance at 0x7fdd30f3c2d0>,14,13,[4 8],15,61,74,46,45
1,<environment.Job instance at 0x7fdd310c56e0>,22,13,[2 9],23,74,87,51,58
1,<environment.Job instance at 0x7fdd30f3c0a0>,17,17,[10  4],18,87,104,69,75
1,<environment.Job instance at 0x7fdd35f59870>,36,1,[2 6],37,104,105,67,76
1,<environment.Job instance at 0x7fdd35f59f00>,35,3,[5 6],36,105,108,69,80
1,<environment.Job instance at 0x7fdceb506410>,43,14,[ 5 10],44,108,122,64,94
1,<environment.Job instance at 0x7fdceb506e60>,48,15,[5 8],49,122,137,73,109
1,<environment.Job instance at 0x7fdceb5b57d0>,53,2,[5 1],54,127,129,73,127
1,<environment.Job instance at 0x7fdd35f59690>,39,17,[2 6],40,137,154,97,127
1,<environment.Job instance at 0x7fdceb5b5a00>,55,15,[8 1],56,137,152,81,127
1,<environment.Job instance at 0x7fdceb5b5d20>,56,3,[5 1],57,129,132,72,128
1,<environment.Job instance at 0x7fdceb5b5d70>,57,1,[2 6],58,154,155,96,128
1,<environment.Job instance at 0x7fdceb5b5690>,54,13,[ 5 10],55,155,168,100,140
1,<environment.Job instance at 0x7fdceb3cb3c0>,58,18,[5 5],59,168,186,109,157
1,<environment.Job instance at 0x7fdceb3cb0f0>,64,17,[2 5],65,168,185,103,158
1,<environment.Job instance at 0x7fdd30e089b0>,68,2,[7 5],69,186,188,117,175
1,<environment.Job instance at 0x7fdd30e08550>,69,14,[5 4],70,188,202,118,175
1,<environment.Job instance at 0x7fdd30e080a0>,73,12,[10  1],74,202,214,128,186
1,<environment.Job instance at 0x7fdceb6914b0>,5,3,[7 5],6,6,9,0,6
1,<environment.Job instance at 0x7fdd30df9550>,4,18,[5 5],5,9,27,4,7
1,<environment.Job instance at 0x7fdd35b27910>,8,18,[5 3],9,10,28,1,10
1,<environment.Job instance at 0x7fdceb6919b0>,7,12,[2 8],8,28,40,20,12
1,<environment.Job instance at 0x7fdceb6955f0>,14,15,[5 6],15,40,55,25,27
1,<environment.Job instance at 0x7fdd31343c30>,19,13,[6 4],20,55,68,35,39
1,<environment.Job instance at 0x7fdceb6910a0>,6,17,[2 6],7,55,72,48,49
1,<environment.Job instance at 0x7fdceb6aab40>,24,12,[9 1],25,72,84,47,55
1,<environment.Job instance at 0x7fdceb6aaaa0>,27,17,[1 9],28,72,89,44,61
1,<environment.Job instance at 0x7fdceb691410>,10,13,[2 6],11,89,102,78,73
1,<environment.Job instance at 0x7fdd35821a00>,32,13,[7 2],33,89,102,56,75
1,<environment.Job instance at 0x7fdd310d1f00>,37,3,[1 9],38,102,105,64,100
1,<environment.Job instance at 0x7fdceb40a190>,34,17,[7 2],35,105,122,70,101
1,<environment.Job instance at 0x7fdceb41baa0>,42,3,[8 1],43,122,125,79,103
1,<environment.Job instance at 0x7fdd31358c80>,39,15,[10  2],40,125,140,85,112
1,<environment.Job instance at 0x7fdd310c6eb0>,43,15,[3 9],44,140,155,96,126
1,<environment.Job instance at 0x7fdd31348fa0>,50,15,[5 3],51,155,170,104,143
1,<environment.Job instance at 0x7fdd313483c0>,51,18,[4 7],52,155,173,103,146
1,<environment.Job instance at 0x7fdd31348410>,53,17,[9 1],54,173,190,119,161
1,<environment.Job instance at 0x7fdd313489b0>,57,1,[10  4],58,190,191,132,162
1,<environment.Job instance at 0x7fdd315079b0>,60,15,[5 5],61,191,206,130,177
1,<environment.Job instance at 0x7fdd31352320>,64,15,[10  2],65,206,221,141,192
1,<environment.Job instance at 0x7fdd31352f00>,67,15,[6 2],68,221,236,153,207
1,<environment.Job instance at 0x7fdd31352910>,73,3,[3 8],74,221,224,147,208
1,<environment.Job instance at 0x7fdd31352500>,76,14,[6 4],77,236,250,159,232
1,<environment.Job instance at 0x7fdd35e644b0>,78,2,[6 3],79,250,252,171,232
1,<environment.Job instance at 0x7fdd31352a00>,77,12,[5 9],78,252,264,174,236
1,<environment.Job instance at 0x7fdd314bd4b0>,2,1,[5 9],3,3,4,0,3
1,<environment.Job instance at 0x7fdceb335910>,3,1,[2 6],4,4,5,0,4
1,<environment.Job instance at 0x7fdceb504f50>,8,14,[6 4],9,9,23,0,9
1,<environment.Job instance at 0x7fdceb019dc0>,9,3,[1 7],10,23,26,13,10
1,<environment.Job instance at 0x7fdceb504c30>,10,2,[1 6],11,12,14,1,12
1,<environment.Job instance at 0x7fdd35a281e0>,13,2,[2 7],14,26,28,12,14
1,<environment.Job instance at 0x7fdd30e145f0>,14,3,[10  5],15,28,31,13,15
1,<environment.Job instance at 0x7fdd35914aa0>,16,12,[8 4],17,31,43,14,19
1,<environment.Job instance at 0x7fdceb58c5f0>,17,16,[1 8],18,43,59,25,31
1,<environment.Job instance at 0x7fdd312aa320>,23,16,[2 6],24,59,75,35,46
1,<environment.Job instance at 0x7fdd313b6e10>,24,2,[6 1],25,46,48,21,46
1,<environment.Job instance at 0x7fdd313de870>,25,17,[5 3],26,59,76,33,47
1,<environment.Job instance at 0x7fdceb7641e0>,29,2,[9 3],30,76,78,46,59
1,<environment.Job instance at 0x7fdceb219280>,30,13,[4 6],31,78,91,47,63
1,<environment.Job instance at 0x7fdceb869730>,6,18,[6 4],7,78,96,71,69
1,<environment.Job instance at 0x7fdceb24d9b0>,34,13,[2 8],35,96,109,61,81
1,<environment.Job instance at 0x7fdceb158b90>,32,16,[9 2],33,109,125,76,96
1,<environment.Job instance at 0x7fdd35c23b90>,36,17,[3 7],37,125,142,88,114
1,<environment.Job instance at 0x7fdd35c23460>,45,2,[3 9],46,142,144,96,131
1,<environment.Job instance at 0x7fdceb5f3c30>,46,2,[5 7],47,144,146,97,131
1,<environment.Job instance at 0x7fdceb5f3320>,49,15,[3 9],50,146,161,96,133
1,<environment.Job instance at 0x7fdceb5f3dc0>,50,2,[8 4],51,161,163,110,134
1,<environment.Job instance at 0x7fdceb4ec7d0>,52,14,[ 2 10],53,163,177,110,150
1,<environment.Job instance at 0x7fdd311df550>,53,16,[3 8],54,177,193,123,164
1,<environment.Job instance at 0x7fdceb9590a0>,58,16,[3 8],59,193,209,134,180
1,<environment.Job instance at 0x7fdd35c239b0>,43,14,[ 2 10],44,209,223,165,194
1,<environment.Job instance at 0x7fdceb6f3d20>,70,12,[4 8],71,223,235,152,206
1,<environment.Job instance at 0x7fdd30fcff00>,75,3,[2 8],76,235,238,159,229
1,<environment.Job instance at 0x7fdd30fcf0f0>,77,1,[5 3],78,238,239,160,229
1,<environment.Job instance at 0x7fdd35d4f460>,69,16,[10  5],70,239,255,169,229
1,<environment.Job instance at 0x7fdd35d4f7d0>,2,3,[10  4],3,3,6,0,3
1,<environment.Job instance at 0x7fdceafdbcd0>,4,3,[9 3],5,6,9,1,6
1,<environment.Job instance at 0x7fdceafdb230>,6,1,[5 2],7,9,10,2,8
1,<environment.Job instance at 0x7fdceafdb780>,7,13,[10  4],8,10,23,2,9
1,<environment.Job instance at 0x7fdceafdb820>,9,13,[8 2],10,23,36,13,10
1,<environment.Job instance at 0x7fdceafdb8c0>,14,3,[10  2],15,36,39,21,19
1,<environment.Job instance at 0x7fdceafdb280>,12,16,[5 4],13,39,55,26,26
1,<environment.Job instance at 0x7fdceb0f2aa0>,17,18,[1 6],18,39,57,21,28
1,<environment.Job instance at 0x7fdd30d699b0>,22,14,[7 3],23,55,69,32,42
1,<environment.Job instance at 0x7fdd30d69b90>,24,1,[7 4],25,69,70,44,43
1,<environment.Job instance at 0x7fdd30d691e0>,27,3,[8 1],28,70,73,42,44
1,<environment.Job instance at 0x7fdd30d69410>,28,3,[10  4],29,73,76,44,47
1,<environment.Job instance at 0x7fdd30d69550>,31,1,[2 5],32,60,61,28,60
1,<environment.Job instance at 0x7fdd30d696e0>,20,17,[9 2],21,76,93,55,65
1,<environment.Job instance at 0x7fdceafd3140>,34,1,[5 5],35,93,94,58,72
1,<environment.Job instance at 0x7fdceafd3320>,33,14,[ 4 10],34,94,108,60,79
1,<environment.Job instance at 0x7fdceafd36e0>,39,2,[8 2],40,108,110,68,85
1,<environment.Job instance at 0x7fdceafd3be0>,40,2,[5 4],41,110,112,69,85
1,<environment.Job instance at 0x7fdceafd3500>,41,2,[6 1],42,112,114,70,85
1,<environment.Job instance at 0x7fdceafd3c80>,42,12,[1 9],43,112,124,69,97
1,<environment.Job instance at 0x7fdceafd6a50>,43,1,[7 3],44,124,125,80,97
1,<environment.Job instance at 0x7fdceafd62d0>,44,2,[2 5],45,108,110,63,97
1,<environment.Job instance at 0x7fdceafd6230>,46,18,[5 5],47,125,143,78,114
1,<environment.Job instance at 0x7fdceafd6500>,51,14,[10  1],52,143,157,91,128
1,<environment.Job instance at 0x7fdceafd6d20>,53,3,[6 3],54,157,160,103,135
1,<environment.Job instance at 0x7fdceb628c80>,58,12,[3 9],59,160,172,101,144
1,<environment.Job instance at 0x7fdceb6281e0>,59,2,[6 1],60,160,162,100,144
1,<environment.Job instance at 0x7fdceafc2640>,62,18,[3 7],63,172,190,109,161
1,<environment.Job instance at 0x7fdceafc2910>,67,15,[3 6],68,190,205,122,176
1,<environment.Job instance at 0x7fdceb58baa0>,0,18,[6 4],1,190,208,189,179
1,<environment.Job instance at 0x7fdceafc2b90>,73,13,[5 6],74,208,221,134,192
1,<environment.Job instance at 0x7fdceafddd70>,76,13,[8 1],77,221,234,144,205
1,<environment.Job instance at 0x7fdd35a07e10>,5,14,[7 2],6,14,28,8,14
1,<environment.Job instance at 0x7fdd359fa550>,11,12,[2 6],12,17,29,5,17
1,<environment.Job instance at 0x7fdd359fab90>,12,17,[6 4],13,28,45,15,17
1,<environment.Job instance at 0x7fdd35a00a00>,18,3,[ 4 10],19,45,48,26,19
1,<environment.Job instance at 0x7fdd359fa320>,8,17,[6 5],9,48,65,39,36
1,<environment.Job instance at 0x7fdd35a11d70>,22,18,[2 5],23,48,66,25,40
1,<environment.Job instance at 0x7fdd35a11500>,19,12,[3 9],20,66,78,46,49
1,<environment.Job instance at 0x7fdd358cc960>,24,14,[ 3 10],25,78,92,53,63
1,<environment.Job instance at 0x7fdceb5c2af0>,35,16,[10  3],36,92,108,56,79
1,<environment.Job instance at 0x7fdceb774dc0>,43,18,[4 5],44,108,126,64,97
1,<environment.Job instance at 0x7fdceb774af0>,45,15,[1 5],46,108,123,62,97
1,<environment.Job instance at 0x7fdceb7ddd70>,46,16,[5 6],47,126,142,79,113
1,<environment.Job instance at 0x7fdceb7e6870>,52,15,[5 1],53,123,138,70,120
1,<environment.Job instance at 0x7fdd359fa3c0>,10,16,[1 7],11,142,158,131,129
1,<environment.Job instance at 0x7fdceb75b3c0>,58,16,[ 5 10],59,158,174,99,156
1,<environment.Job instance at 0x7fdceb75b550>,60,13,[1 5],61,174,187,113,158
1,<environment.Job instance at 0x7fdceb74cdc0>,65,13,[5 4],66,174,187,108,160
1,<environment.Job instance at 0x7fdceb74caf0>,68,18,[ 5 10],69,187,205,118,176
1,<environment.Job instance at 0x7fdceb74c9b0>,70,13,[2 8],71,205,218,134,192
1,<environment.Job instance at 0x7fdceb74c4b0>,71,1,[10  1],72,218,219,146,192
1,<environment.Job instance at 0x7fdceb74c460>,3,1,[1 7],4,4,5,0,4
1,<environment.Job instance at 0x7fdd35cddeb0>,6,3,[8 2],7,9,12,2,9
1,<environment.Job instance at 0x7fdceb91c460>,2,2,[10  3],3,14,16,11,14
1,<environment.Job instance at 0x7fdd35cdd2d0>,7,18,[1 9],8,16,34,8,15
1,<environment.Job instance at 0x7fdceb63f190>,10,1,[5 2],11,34,35,23,15
1,<environment.Job instance at 0x7fdd35ba10f0>,12,18,[10  5],13,35,53,22,30
1,<environment.Job instance at 0x7fdceb1fb5f0>,17,15,[ 4 10],18,53,68,35,39
1,<environment.Job instance at 0x7fdd3107af50>,22,18,[9 1],23,68,86,45,57
1,<environment.Job instance at 0x7fdd3107a230>,24,15,[2 7],25,86,101,61,72
1,<environment.Job instance at 0x7fdceb0d27d0>,30,12,[4 6],31,101,113,70,84
1,<environment.Job instance at 0x7fdceb0d2910>,33,2,[2 6],34,113,115,79,98
1,<environment.Job instance at 0x7fdceb0d25a0>,34,18,[7 1],35,113,131,78,102
1,<environment.Job instance at 0x7fdceb0d28c0>,38,15,[3 8],39,115,130,76,103
1,<environment.Job instance at 0x7fdd31161460>,14,17,[10  5],15,135,152,120,135
1,<environment.Job instance at 0x7fdd3120ceb0>,4,2,[1 9],5,5,7,0,5
1,<environment.Job instance at 0x7fdd3120c960>,10,2,[3 5],11,16,18,5,16
1,<environment.Job instance at 0x7fdd3120ca50>,9,3,[5 4],10,16,19,6,16
1,<environment.Job instance at 0x7fdd3120c7d0>,13,1,[3 7],14,19,20,5,16
1,<environment.Job instance at 0x7fdd3120c2d0>,8,3,[9 5],9,20,23,11,16
1,<environment.Job instance at 0x7fdd3120c820>,15,2,[9 5],16,23,25,7,16
1,<environment.Job instance at 0x7fdd3120caa0>,14,3,[8 5],15,25,28,10,16
1,<environment.Job instance at 0x7fdd3120cd20>,11,12,[3 5],12,28,40,16,17
1,<environment.Job instance at 0x7fdceaf7b910>,17,18,[6 1],18,28,46,10,19
1,<environment.Job instance at 0x7fdceaf7b6e0>,20,2,[7 5],21,46,48,25,23
1,<environment.Job instance at 0x7fdceaf7b690>,23,1,[9 4],24,48,49,24,27
1,<environment.Job instance at 0x7fdceaf7b5a0>,21,2,[ 2 10],22,49,51,27,34
1,<environment.Job instance at 0x7fdceaf7b960>,26,17,[1 6],27,51,68,24,39
1,<environment.Job instance at 0x7fdceaf7b1e0>,29,3,[4 5],30,68,71,38,46
1,<environment.Job instance at 0x7fdceb78c780>,34,14,[ 5 10],35,71,85,36,56
1,<environment.Job instance at 0x7fdceb78c410>,37,15,[4 8],38,85,100,47,72
1,<environment.Job instance at 0x7fdceb78c5a0>,41,12,[5 6],42,100,112,58,85
1,<environment.Job instance at 0x7fdceb78cbe0>,44,17,[1 6],45,112,129,67,100
1,<environment.Job instance at 0x7fdceb78ca00>,45,14,[3 8],46,129,143,83,114
1,<environment.Job instance at 0x7fdd35b9d730>,50,15,[4 7],51,143,158,92,129
1,<environment.Job instance at 0x7fdd35b9d820>,53,15,[8 4],54,158,173,104,148
1,<environment.Job instance at 0x7fdd35b9d230>,54,13,[1 9],55,173,186,118,160
1,<environment.Job instance at 0x7fdd35f4ed70>,61,17,[9 4],62,186,203,124,174
1,<environment.Job instance at 0x7fdd35f4e2d0>,67,3,[1 6],68,186,189,118,178
1,<environment.Job instance at 0x7fdd35f4e460>,68,18,[10  4],69,203,221,134,194
1,<environment.Job instance at 0x7fdd35f4e910>,71,13,[9 3],72,221,234,149,206
1,<environment.Job instance at 0x7fdceb362690>,74,2,[7 5],75,250,252,175,250
1,<environment.Job instance at 0x7fdceb362d20>,77,1,[10  1],78,253,254,175,253
1,<environment.Job instance at 0x7fdceb362af0>,78,3,[2 6],79,254,257,175,253
1,<environment.Job instance at 0x7fdceb798280>,6,15,[5 9],7,7,22,0,7
1,<environment.Job instance at 0x7fdceb7982d0>,5,18,[4 6],6,22,40,16,11
1,<environment.Job instance at 0x7fdceb798e60>,11,12,[8 1],12,40,52,28,23
1,<environment.Job instance at 0x7fdceb7981e0>,12,13,[5 3],13,23,36,10,23
1,<environment.Job instance at 0x7fdceb795140>,15,3,[9 1],16,52,55,36,27
1,<environment.Job instance at 0x7fdceb795b90>,20,13,[8 3],21,55,68,34,41
1,<environment.Job instance at 0x7fdceb795d20>,25,15,[10  1],26,68,83,42,61
1,<environment.Job instance at 0x7fdceb7b1320>,26,13,[ 2 10],27,83,96,56,68
1,<environment.Job instance at 0x7fdceb7b1960>,27,12,[6 5],28,96,108,68,79
1,<environment.Job instance at 0x7fdceb7b4b90>,36,2,[ 1 10],37,108,110,71,85
1,<environment.Job instance at 0x7fdceb7b48c0>,37,3,[2 7],38,110,113,72,85
1,<environment.Job instance at 0x7fdceb7b4690>,41,15,[3 7],42,113,128,71,101
1,<environment.Job instance at 0x7fdceb7b4aa0>,43,14,[6 2],44,110,124,66,102
1,<environment.Job instance at 0x7fdceb7b1870>,34,16,[5 8],35,128,144,93,115
1,<environment.Job instance at 0x7fdceb3c93c0>,58,12,[10  4],59,144,156,85,131
1,<environment.Job instance at 0x7fdceb77a960>,60,2,[5 4],61,156,158,95,131
1,<environment.Job instance at 0x7fdceb77ac80>,62,1,[2 6],63,156,157,93,155
1,<environment.Job instance at 0x7fdceb77a7d0>,63,3,[6 1],64,158,161,94,155
1,<environment.Job instance at 0x7fdceb77a2d0>,66,2,[5 9],67,161,163,94,155
1,<environment.Job instance at 0x7fdceb77a320>,67,2,[5 8],68,163,165,95,155
1,<environment.Job instance at 0x7fdceb77ab90>,68,3,[6 2],69,165,168,96,155
1,<environment.Job instance at 0x7fdceb77ad20>,69,2,[10  1],70,168,170,98,155
1,<environment.Job instance at 0x7fdceb3d8910>,70,12,[2 5],71,170,182,99,155
1,<environment.Job instance at 0x7fdceb3d8d20>,72,1,[7 4],73,170,171,97,155
1,<environment.Job instance at 0x7fdceb3c91e0>,53,15,[ 2 10],54,182,197,128,168
1,<environment.Job instance at 0x7fe88a835190>,2,12,[5 4],3,3,15,0,3
1,<environment.Job instance at 0x7fe87d4212d0>,5,13,[5 9],6,15,28,9,6
1,<environment.Job instance at 0x7fe87d4215f0>,7,14,[5 1],8,8,22,0,8
1,<environment.Job instance at 0x7fe87d4216e0>,8,17,[ 2 10],9,28,45,19,16
1,<environment.Job instance at 0x7fe87d421a00>,12,3,[6 3],13,45,48,32,19
1,<environment.Job instance at 0x7fe87d421aa0>,13,13,[1 8],14,48,61,34,36
1,<environment.Job instance at 0x7fe87d421870>,15,3,[10  2],16,61,64,45,36
1,<environment.Job instance at 0x7fe88a835230>,4,18,[10  4],5,64,82,59,55
1,<environment.Job instance at 0x7fe87d4240f0>,23,18,[5 2],24,82,100,58,80
1,<environment.Job instance at 0x7fe87d424550>,28,2,[5 9],29,100,102,71,80
1,<environment.Job instance at 0x7fe87d4243c0>,30,1,[5 5],31,82,83,51,80
1,<environment.Job instance at 0x7fe87d424870>,32,17,[9 3],33,102,119,69,100
1,<environment.Job instance at 0x7fe87d4246e0>,33,2,[5 3],34,119,121,85,100
1,<environment.Job instance at 0x7fe87d424820>,35,16,[8 1],36,121,137,85,108
1,<environment.Job instance at 0x7fe87d424c30>,38,12,[3 6],39,137,149,98,120
1,<environment.Job instance at 0x7fe87d424d70>,41,14,[6 1],42,137,151,95,128
1,<environment.Job instance at 0x7fe87d4260f0>,42,14,[8 4],43,151,165,108,136
1,<environment.Job instance at 0x7fe87d426230>,45,16,[6 2],46,165,181,119,152
1,<environment.Job instance at 0x7fe87d426280>,46,3,[5 4],47,181,184,134,156
1,<environment.Job instance at 0x7fe87d4267d0>,51,2,[4 9],52,184,186,132,160
1,<environment.Job instance at 0x7fe88a9a7f50>,3,12,[4 9],4,5,17,1,5
1,<environment.Job instance at 0x7fe88a85f500>,9,2,[10  4],10,17,19,7,10
1,<environment.Job instance at 0x7fe88a9aa190>,8,12,[10  1],9,19,31,10,13
1,<environment.Job instance at 0x7fe88a99bd20>,16,12,[2 6],17,31,43,14,27
1,<environment.Job instance at 0x7fe88a99b5a0>,17,3,[7 4],18,31,34,13,27
1,<environment.Job instance at 0x7fe88a99afa0>,19,3,[5 3],20,34,37,14,27
1,<environment.Job instance at 0x7fe88a9ae050>,22,2,[4 8],23,47,49,24,47
1,<environment.Job instance at 0x7fe88a99ba00>,15,1,[3 6],16,49,50,33,47
1,<environment.Job instance at 0x7fe88a9ae140>,23,3,[1 6],24,50,53,26,47
1,<environment.Job instance at 0x7fe88a9ae4b0>,24,12,[6 1],25,47,59,22,47
1,<environment.Job instance at 0x7fe88a9ae910>,26,15,[9 2],27,59,74,32,47
1,<environment.Job instance at 0x7fe88a9ae640>,29,16,[1 8],30,53,69,23,49
1,<environment.Job instance at 0x7fe88a99b050>,14,17,[5 4],15,74,91,59,62
1,<environment.Job instance at 0x7fe88a9a8410>,33,3,[1 5],34,69,72,35,62
1,<environment.Job instance at 0x7fe88a9a8550>,35,15,[5 3],36,74,89,38,69
1,<environment.Job instance at 0x7fe88a9a8be0>,38,16,[7 1],39,91,107,52,78
1,<environment.Job instance at 0x7fe88a9a8460>,40,16,[9 3],41,107,123,66,94
1,<environment.Job instance at 0x7fe88a9a4d70>,46,18,[1 6],47,98,116,51,98
1,<environment.Job instance at 0x7fe88a9a4320>,2,2,[8 2],3,3,5,0,3
1,<environment.Job instance at 0x7fe83f7c3a00>,4,12,[5 7],5,7,19,2,7
1,<environment.Job instance at 0x7fe83f745870>,0,12,[2 5],1,19,31,18,11
1,<environment.Job instance at 0x7fe83f7c3fa0>,11,3,[8 2],12,19,22,7,12
1,<environment.Job instance at 0x7fe83f7c3140>,13,3,[5 4],14,22,25,8,14
1,<environment.Job instance at 0x7fe83f7c3050>,12,14,[8 4],13,25,39,12,15
1,<environment.Job instance at 0x7fe83f7ca1e0>,17,3,[4 9],18,39,42,21,22
1,<environment.Job instance at 0x7fe83f7cab90>,18,2,[ 3 10],19,42,44,23,22
1,<environment.Job instance at 0x7fe83f7cacd0>,20,2,[3 8],21,44,46,23,22
1,<environment.Job instance at 0x7fe83f7c3e60>,10,18,[5 1],11,44,62,33,40
1,<environment.Job instance at 0x7fe83f7caaa0>,25,17,[5 9],26,46,63,20,41
1,<environment.Job instance at 0x7fe83f8097d0>,30,17,[2 9],31,63,80,32,51
1,<environment.Job instance at 0x7fe88a9a4d70>,5,17,[10  5],6,80,97,74,68
1,<environment.Job instance at 0x7fe83f809c30>,33,12,[5 1],34,68,80,34,68
1,<environment.Job instance at 0x7fe83f8095f0>,35,17,[8 1],36,97,114,61,85
1,<environment.Job instance at 0x7fe83f7ca500>,14,17,[10  5],15,114,131,99,102
1,<environment.Job instance at 0x7fe83f74be60>,45,17,[3 5],46,131,148,85,131
1,<environment.Job instance at 0x7fe83f74b4b0>,46,15,[ 5 10],47,148,163,101,134
1,<environment.Job instance at 0x7fe83f74b640>,49,12,[5 4],50,135,147,85,135
1,<environment.Job instance at 0x7fe83f74b780>,52,16,[8 5],53,163,179,110,150
1,<environment.Job instance at 0x7fe83f74beb0>,54,14,[8 5],55,179,193,124,165
1,<environment.Job instance at 0x7fe83f74b190>,59,16,[9 4],60,193,209,133,182
1,<environment.Job instance at 0x7fe83f809d20>,32,17,[10  4],33,209,226,176,197
1,<environment.Job instance at 0x7fe83f75ec80>,64,15,[9 5],65,226,241,161,212
1,<environment.Job instance at 0x7fe83f75e820>,71,3,[1 8],72,241,244,169,220
1,<environment.Job instance at 0x7fe83f7e84b0>,73,14,[3 5],74,244,258,170,229
1,<environment.Job instance at 0x7fe83f7e8b40>,76,2,[5 1],77,245,247,168,245
1,<environment.Job instance at 0x7fe83f7e8dc0>,74,17,[1 9],75,258,275,183,246
1,<environment.Job instance at 0x7fe83f7ca870>,15,16,[ 3 10],16,275,291,259,270
1,<environment.Job instance at 0x7fe83f7f7960>,3,18,[7 5],4,4,22,0,4
1,<environment.Job instance at 0x7fe83fbb8aa0>,4,1,[3 7],5,22,23,17,5
1,<environment.Job instance at 0x7fe83fbb82d0>,5,2,[7 1],6,22,24,16,6
1,<environment.Job instance at 0x7fe83fbb8780>,9,13,[5 7],10,24,37,14,10
1,<environment.Job instance at 0x7fe83fbb8230>,10,2,[10  1],11,37,39,26,11
1,<environment.Job instance at 0x7fe83fbddbe0>,17,1,[9 4],18,39,40,21,24
1,<environment.Job instance at 0x7fe83fbddaf0>,16,13,[3 6],17,40,53,23,24
1,<environment.Job instance at 0x7fe83fbdda00>,20,13,[7 4],21,40,53,19,25
1,<environment.Job instance at 0x7fe83fbdd370>,23,18,[9 2],24,53,71,29,42
1,<environment.Job instance at 0x7fe83f84b230>,28,15,[2 5],29,71,86,42,57
1,<environment.Job instance at 0x7fe83f84bf00>,29,15,[7 4],30,71,86,41,57
1,<environment.Job instance at 0x7fe83f84b140>,33,13,[8 3],34,86,99,52,70
1,<environment.Job instance at 0x7fe83f84b5a0>,36,15,[7 3],37,99,114,62,85
1,<environment.Job instance at 0x7fe83f7f5730>,40,14,[2 8],41,114,128,73,99
1,<environment.Job instance at 0x7fe83f7f5460>,44,16,[8 3],45,128,144,83,115
1,<environment.Job instance at 0x7fe83f7f5280>,49,17,[4 8],50,144,161,94,132
1,<environment.Job instance at 0x7fe83fbb8960>,2,17,[8 2],3,161,178,158,149
1,<environment.Job instance at 0x7fe83f7f58c0>,54,3,[5 8],55,178,181,123,152
1,<environment.Job instance at 0x7fe83fbd0d70>,56,15,[6 2],57,181,196,124,167
1,<environment.Job instance at 0x7fe83fd49eb0>,59,3,[8 4],60,196,199,136,173
1,<environment.Job instance at 0x7fe83fd49190>,61,16,[2 8],62,199,215,137,186
1,<environment.Job instance at 0x7fe87d8107d0>,4,22,[1 9],5,5,27,0,5
1,<environment.Job instance at 0x7fe83fb136e0>,14,2,[4 8],15,27,29,12,15
1,<environment.Job instance at 0x7fe83fb13410>,10,17,[7 1],11,29,46,18,18
1,<environment.Job instance at 0x7fe83fb13af0>,19,3,[9 2],20,46,49,26,36
1,<environment.Job instance at 0x7fe83fb13500>,12,2,[6 3],13,49,51,36,36
1,<environment.Job instance at 0x7fe83fb13d70>,21,3,[10  4],22,51,54,29,36
1,<environment.Job instance at 0x7fe83fb13e10>,22,2,[6 4],23,54,56,31,37
1,<environment.Job instance at 0x7fe83fb13780>,16,15,[4 9],17,56,71,39,44
1,<environment.Job instance at 0x7fe83fb13f50>,24,2,[1 9],25,44,46,19,44
1,<environment.Job instance at 0x7fe83fb11230>,28,12,[8 2],29,71,83,42,54
1,<environment.Job instance at 0x7fe83fb112d0>,29,1,[10  5],30,83,84,53,55
1,<environment.Job instance at 0x7fe83fb11370>,30,12,[1 5],31,71,83,40,55
1,<environment.Job instance at 0x7fe83fb11410>,31,2,[7 4],32,84,86,52,57
1,<environment.Job instance at 0x7fe83fb13cd0>,20,18,[4 8],21,86,104,65,76
1,<environment.Job instance at 0x7fe83fb11f00>,41,3,[3 7],42,104,107,62,88
1,<environment.Job instance at 0x7fe83fb11fa0>,42,17,[4 6],43,107,124,64,95
1,<environment.Job instance at 0x7fe83fb01410>,46,13,[8 3],47,124,137,77,109
1,<environment.Job instance at 0x7fe83fb11cd0>,39,17,[2 6],40,124,141,84,115
1,<environment.Job instance at 0x7fe83fb01640>,48,14,[2 7],49,141,155,92,126
1,<environment.Job instance at 0x7fe83fb01140>,53,16,[3 5],54,155,171,101,142
1,<environment.Job instance at 0x7fe83fb01fa0>,58,13,[8 2],59,171,184,112,157
1,<environment.Job instance at 0x7fe83fb13fa0>,25,18,[ 3 10],26,184,202,158,179
1,<environment.Job instance at 0x7fe83fb1f370>,66,13,[8 4],67,202,215,135,191
1,<environment.Job instance at 0x7fe83fb1f780>,70,17,[9 4],71,215,232,144,204
1,<environment.Job instance at 0x7fe83fb1ffa0>,76,13,[7 1],77,232,245,155,217
1,<environment.Job instance at 0x7fe83fb1fe60>,77,16,[2 6],78,232,248,154,219
1,<environment.Job instance at 0x7fe83fb1f050>,62,13,[3 9],63,248,261,185,232
1,<environment.Job instance at 0x7fe87d950b90>,8,2,[6 5],9,13,15,4,13
1,<environment.Job instance at 0x7fe87d950be0>,9,3,[8 5],10,15,18,5,13
1,<environment.Job instance at 0x7fe87d8074b0>,15,1,[3 6],16,18,19,2,16
1,<environment.Job instance at 0x7fe87d807fa0>,16,15,[ 5 10],17,19,34,2,18
1,<environment.Job instance at 0x7fe87d200a00>,18,2,[7 3],19,34,36,15,19
1,<environment.Job instance at 0x7fe87da78550>,17,13,[6 5],18,36,49,18,20
1,<environment.Job instance at 0x7fe87d200820>,20,2,[6 5],21,49,51,28,27
1,<environment.Job instance at 0x7fe87d809550>,22,12,[4 9],23,51,63,28,35
1,<environment.Job instance at 0x7fe87d809820>,24,17,[7 4],25,63,80,38,51
1,<environment.Job instance at 0x7fe87d809410>,27,3,[5 6],28,80,83,52,63
1,<environment.Job instance at 0x7fe87d809cd0>,28,12,[5 6],29,83,95,54,66
1,<environment.Job instance at 0x7fe87d809d20>,33,3,[9 4],34,95,98,61,85
1,<environment.Job instance at 0x7fe87d8099b0>,34,2,[4 8],35,98,100,63,85
1,<environment.Job instance at 0x7fe87d8095a0>,38,1,[2 5],39,100,101,61,86
1,<environment.Job instance at 0x7fe87d809500>,39,3,[4 8],40,101,104,61,86
1,<environment.Job instance at 0x7fe87d809690>,40,14,[ 4 10],41,104,118,63,89
1,<environment.Job instance at 0x7fe87d1da140>,43,14,[8 2],44,118,132,74,103
1,<environment.Job instance at 0x7fe87d1dad70>,42,17,[2 5],43,118,135,75,115
1,<environment.Job instance at 0x7fe87d1dafa0>,48,3,[9 1],49,135,138,86,120
1,<environment.Job instance at 0x7fe87d1da690>,49,18,[5 8],50,138,156,88,127
1,<environment.Job instance at 0x7fe87d83f0a0>,52,3,[ 3 10],53,156,159,103,141
1,<environment.Job instance at 0x7fe87d25beb0>,56,14,[7 5],57,159,173,102,144
1,<environment.Job instance at 0x7fe87d26b550>,59,3,[3 6],60,173,176,113,152
1,<environment.Job instance at 0x7fe87d65c3c0>,60,3,[7 3],61,173,176,112,152
1,<environment.Job instance at 0x7fe87d65ceb0>,61,17,[5 7],62,176,193,114,164
1,<environment.Job instance at 0x7fe87d65c820>,64,13,[1 9],65,193,206,128,177
1,<environment.Job instance at 0x7fe87d1dabe0>,47,18,[6 2],48,206,224,158,195
1,<environment.Job instance at 0x7fe87d18a0f0>,70,18,[4 6],71,206,224,135,195
1,<environment.Job instance at 0x7fe87d18a5a0>,71,15,[3 5],72,224,239,152,210
1,<environment.Job instance at 0x7fe87d18ab40>,76,14,[ 5 10],77,239,253,162,225
1,<environment.Job instance at 0x7fe87d18a4b0>,81,14,[5 4],82,254,268,172,254
1,<environment.Job instance at 0x7fe87d25f960>,87,12,[5 5],88,277,289,189,277
1,<environment.Job instance at 0x7fe87d25f820>,88,15,[5 9],89,289,304,200,280
1,<environment.Job instance at 0x7fe83f7c3a50>,3,18,[6 1],4,6,24,2,6
1,<environment.Job instance at 0x7fe83fcf3820>,5,1,[8 1],6,24,25,18,7
1,<environment.Job instance at 0x7fe87d18caa0>,7,2,[2 6],8,8,10,0,8
1,<environment.Job instance at 0x7fe83f7c3be0>,4,12,[4 7],5,10,22,5,8
1,<environment.Job instance at 0x7fe87d18ce10>,9,1,[5 7],10,25,26,15,14
1,<environment.Job instance at 0x7fe87d18c8c0>,8,2,[5 5],9,26,28,17,19
1,<environment.Job instance at 0x7fe87d477140>,13,12,[ 2 10],14,28,40,14,24
1,<environment.Job instance at 0x7fe87d477eb0>,12,3,[4 9],13,40,43,27,24
1,<environment.Job instance at 0x7fe87d573780>,16,16,[2 6],17,43,59,26,31
1,<environment.Job instance at 0x7fe83f9d5370>,18,14,[6 4],19,43,57,24,31
1,<environment.Job instance at 0x7fe83f8b2f00>,21,3,[1 6],22,59,62,37,33
1,<environment.Job instance at 0x7fe83f7aef50>,24,14,[7 5],25,62,76,37,47
1,<environment.Job instance at 0x7fe83f7ae910>,23,18,[ 1 10],24,76,94,52,66
1,<environment.Job instance at 0x7fe87d484230>,35,17,[ 5 10],36,94,111,58,82
1,<environment.Job instance at 0x7fe83fc8fc30>,36,17,[ 1 10],37,111,128,74,102
1,<environment.Job instance at 0x7fe83fc8f0f0>,41,13,[1 9],42,128,141,86,112
1,<environment.Job instance at 0x7fe83fc8f320>,45,3,[7 2],46,141,144,95,115
1,<environment.Job instance at 0x7fe87dcb53c0>,47,17,[3 8],48,141,158,93,132
1,<environment.Job instance at 0x7fe83fabff50>,0,3,[10  4],1,2,5,1,2
1,<environment.Job instance at 0x7fe87dcb53c0>,4,3,[7 4],5,5,8,0,5
1,<environment.Job instance at 0x7fe87d895410>,5,3,[9 4],6,8,11,2,6
1,<environment.Job instance at 0x7fe87d895910>,8,17,[7 2],9,11,28,2,10
1,<environment.Job instance at 0x7fe87d895690>,9,16,[10  2],10,28,44,18,15
1,<environment.Job instance at 0x7fe87d895b90>,12,2,[7 3],13,44,46,31,22
1,<environment.Job instance at 0x7fe87d880460>,20,17,[2 6],21,44,61,23,34
1,<environment.Job instance at 0x7fe87d8802d0>,21,2,[5 7],22,61,63,39,34
1,<environment.Job instance at 0x7fe87d880960>,26,2,[8 4],27,46,48,19,35
1,<environment.Job instance at 0x7fe87d880780>,27,3,[10  4],28,63,66,35,44
1,<environment.Job instance at 0x7fe87d880dc0>,33,13,[7 5],34,66,79,32,54
1,<environment.Job instance at 0x7fe87d885460>,35,3,[10  4],36,79,82,43,58
1,<environment.Job instance at 0x7fe87d885690>,36,14,[1 7],37,82,96,45,68
1,<environment.Job instance at 0x7fe87d8850f0>,34,13,[1 8],35,96,109,61,81
1,<environment.Job instance at 0x7fe87d880d20>,32,15,[10  1],33,109,124,76,96
1,<environment.Job instance at 0x7fe87d885730>,46,15,[10  4],47,124,139,77,111
1,<environment.Job instance at 0x7fe87d8910a0>,51,12,[5 6],52,139,151,87,122
1,<environment.Job instance at 0x7fe87d885dc0>,47,13,[ 4 10],48,151,164,103,137
1,<environment.Job instance at 0x7fe87d8919b0>,59,17,[1 9],60,164,181,104,152
1,<environment.Job instance at 0x7fe87d484690>,2,13,[ 5 10],3,181,194,178,165
1,<environment.Job instance at 0x7fe87d88f370>,73,16,[5 3],74,194,210,120,181
1,<environment.Job instance at 0x7fe87d88f460>,74,17,[5 1],75,194,211,119,182
1,<environment.Job instance at 0x7fe87d88f190>,71,12,[1 8],72,210,222,138,195
1,<environment.Job instance at 0x7fe87d88f7d0>,77,12,[7 2],78,211,223,133,195
1,<environment.Job instance at 0x7fe87d88f820>,80,13,[5 3],81,223,236,142,207
1,<environment.Job instance at 0x7fe87d88faf0>,81,3,[5 2],82,223,226,141,207
1,<environment.Job instance at 0x7fe87d88fc80>,83,3,[4 7],84,226,229,142,223
1,<environment.Job instance at 0x7fe87d88f5a0>,75,15,[ 1 10],76,236,251,160,223
1,<environment.Job instance at 0x7fe87d88fd20>,85,16,[9 4],86,251,267,165,238
1,<environment.Job instance at 0x7fe87d88f050>,69,18,[ 5 10],70,267,285,197,267
1,<environment.Job instance at 0x7fe87d88f050>,2,2,[8 4],3,5,7,2,5
1,<environment.Job instance at 0x7fe87d4571e0>,10,12,[1 7],11,12,24,1,12
1,<environment.Job instance at 0x7fe87d7e85f0>,13,15,[5 5],14,24,39,10,14
1,<environment.Job instance at 0x7fe87da21550>,17,3,[8 1],18,18,21,0,18
1,<environment.Job instance at 0x7fe87de3c1e0>,19,13,[7 4],20,39,52,19,23
1,<environment.Job instance at 0x7fe87d7e8f50>,12,17,[ 2 10],13,52,69,39,40
1,<environment.Job instance at 0x7fe87d28bf00>,31,18,[4 8],32,69,87,37,61
1,<environment.Job instance at 0x7fe87d2e8550>,33,3,[8 4],34,87,90,53,66
1,<environment.Job instance at 0x7fe87d2e8af0>,34,14,[3 8],35,90,104,55,75
1,<environment.Job instance at 0x7fe87d2e87d0>,35,12,[10  1],36,104,116,68,87
1,<environment.Job instance at 0x7fe83f6a4be0>,37,14,[ 4 10],38,116,130,78,101
1,<environment.Job instance at 0x7fe87d2b60f0>,41,12,[5 5],42,130,142,88,113
1,<environment.Job instance at 0x7fe87d4039b0>,23,15,[4 9],24,142,157,118,130
1,<environment.Job instance at 0x7fe87d2b62d0>,47,2,[7 4],48,157,159,109,130
1,<environment.Job instance at 0x7fe87d2b65a0>,48,17,[9 5],49,159,176,110,149
1,<environment.Job instance at 0x7fe87d2b6870>,46,18,[10  2],47,176,194,129,170
1,<environment.Job instance at 0x7fe87d411230>,55,14,[4 6],56,194,208,138,179
1,<environment.Job instance at 0x7fe87d2847d0>,58,3,[2 6],59,208,211,149,182
1,<environment.Job instance at 0x7fe83fcb39b0>,60,2,[3 9],61,211,213,150,200
1,<environment.Job instance at 0x7fe83fcb3280>,61,2,[7 1],62,208,210,146,200
1,<environment.Job instance at 0x7fe83fcb3b40>,63,3,[10  3],64,213,216,149,200
1,<environment.Job instance at 0x7fe87dda10f0>,64,13,[5 3],65,216,229,151,200
1,<environment.Job instance at 0x7fe83f906a50>,67,3,[7 5],68,229,232,161,203
1,<environment.Job instance at 0x7fe87d348e10>,70,13,[5 3],71,232,245,161,217
1,<environment.Job instance at 0x7fe87d3487d0>,71,17,[2 7],72,232,249,160,220
1,<environment.Job instance at 0x7fe83fcb0550>,50,16,[ 3 10],51,249,265,198,236
1,<environment.Job instance at 0x7fe87d348fa0>,76,3,[5 4],77,265,268,188,239
1,<environment.Job instance at 0x7fe87d3485f0>,78,12,[ 4 10],79,268,280,189,253
1,<environment.Job instance at 0x7fe87d348f00>,73,12,[7 4],74,280,292,206,267
1,<environment.Job instance at 0x7fe87d348690>,81,3,[3 9],82,292,295,210,268
1,<environment.Job instance at 0x7fe87d348b40>,80,14,[ 2 10],81,295,309,214,283
1,<environment.Job instance at 0x7fe87da31af0>,85,17,[ 3 10],86,311,328,225,311
1,<environment.Job instance at 0x7fe87da31aa0>,86,13,[3 9],87,328,341,241,318
1,<environment.Job instance at 0x7fe87d4d8140>,3,12,[2 6],4,5,17,1,5
1,<environment.Job instance at 0x7fe87d883fa0>,7,2,[9 3],8,17,19,9,8
1,<environment.Job instance at 0x7fe83fb4bb40>,4,16,[2 7],5,19,35,14,9
1,<environment.Job instance at 0x7fe87d67b500>,15,18,[5 5],16,54,72,38,54
1,<environment.Job instance at 0x7fe87daf46e0>,16,2,[5 9],17,72,74,55,54
1,<environment.Job instance at 0x7fe87dcbde60>,23,18,[7 1],24,74,92,50,65
1,<environment.Job instance at 0x7fe87dd84870>,29,1,[2 5],30,78,79,48,78
1,<environment.Job instance at 0x7fe83faa3550>,14,17,[9 2],15,92,109,77,81
1,<environment.Job instance at 0x7fe83faeaf50>,35,18,[1 8],36,94,112,58,94
1,<environment.Job instance at 0x7fe83faea370>,36,13,[9 3],37,112,125,75,96
1,<environment.Job instance at 0x7fe83fa37dc0>,24,14,[9 1],25,125,139,100,112
1,<environment.Job instance at 0x7fe83fb5b640>,40,14,[1 5],41,112,126,71,112
1,<environment.Job instance at 0x7fe87d5735a0>,22,18,[4 7],23,139,157,116,129
1,<environment.Job instance at 0x7fe83fb5b460>,45,14,[ 1 10],46,157,171,111,142
1,<environment.Job instance at 0x7fe83fb5b870>,48,14,[1 7],49,171,185,122,157
1,<environment.Job instance at 0x7fe83f8f7690>,4,3,[4 5],5,5,8,0,5
1,<environment.Job instance at 0x7fe87db69280>,12,3,[5 9],13,23,26,10,23
1,<environment.Job instance at 0x7fe87db692d0>,14,3,[2 7],15,26,29,11,24
1,<environment.Job instance at 0x7fe87db69500>,16,12,[3 9],17,42,54,25,42
1,<environment.Job instance at 0x7fe87db69820>,21,3,[2 6],22,54,57,32,42
1,<environment.Job instance at 0x7fe87db69a00>,22,12,[6 1],23,42,54,19,42
1,<environment.Job instance at 0x7fe87db69960>,23,3,[8 3],24,54,57,30,42
1,<environment.Job instance at 0x7fe87db69640>,18,16,[4 8],19,57,73,38,44
1,<environment.Job instance at 0x7fe87db69370>,13,16,[8 1],14,73,89,59,61
1,<environment.Job instance at 0x7fe87db69fa0>,27,16,[1 7],28,73,89,45,61
1,<environment.Job instance at 0x7fe87db73230>,33,16,[9 4],34,89,105,55,78
1,<environment.Job instance at 0x7fe87db73730>,41,12,[3 7],42,105,117,63,88
1,<environment.Job instance at 0x7fe87db73960>,44,17,[8 1],45,117,134,72,105
1,<environment.Job instance at 0x7fe87db65370>,49,18,[2 7],50,126,144,76,126
1,<environment.Job instance at 0x7fe87db65320>,50,3,[5 3],51,134,137,83,126
1,<environment.Job instance at 0x7fe87db65550>,53,14,[ 4 10],54,144,158,90,130
1,<environment.Job instance at 0x7fe87db65730>,56,16,[1 6],57,158,174,101,146
1,<environment.Job instance at 0x7fe87db657d0>,57,15,[7 4],58,158,173,100,147
1,<environment.Job instance at 0x7fe87db65e60>,62,3,[1 8],63,174,177,111,162
1,<environment.Job instance at 0x7fe87db65fa0>,63,12,[3 8],64,177,189,113,162
1,<environment.Job instance at 0x7fe83f6990a0>,64,3,[1 5],65,189,192,124,163
1,<environment.Job instance at 0x7fe83f699140>,65,15,[3 5],66,189,204,123,175
1,<environment.Job instance at 0x7fe83f699190>,66,3,[7 4],67,192,195,125,175
1,<environment.Job instance at 0x7fe83f6992d0>,68,2,[7 4],69,195,197,126,176
1,<environment.Job instance at 0x7fe83f6995a0>,69,2,[5 1],70,176,178,106,176
1,<environment.Job instance at 0x7fe83f699690>,74,13,[4 8],75,204,217,129,190
1,<environment.Job instance at 0x7fe83f699730>,75,12,[2 8],76,217,229,141,201
1,<environment.Job instance at 0x7fe83f699870>,77,17,[10  4],78,229,246,151,217
1,<environment.Job instance at 0x7fe83f68a190>,81,14,[9 4],82,246,260,164,232
1,<environment.Job instance at 0x7fe83f68a2d0>,85,18,[7 5],86,260,278,174,249
1,<environment.Job instance at 0x7fe83f68a690>,88,13,[1 5],89,254,267,165,254
1,<environment.Job instance at 0x7fe87da32410>,3,2,[ 4 10],4,5,7,1,5
1,<environment.Job instance at 0x7fe87d4d75f0>,5,3,[5 6],6,8,11,2,8
1,<environment.Job instance at 0x7fe83f68a690>,6,1,[2 6],7,11,12,4,9
1,<environment.Job instance at 0x7fe87d4d7410>,10,1,[ 2 10],11,12,13,1,11
1,<environment.Job instance at 0x7fe88a9a2140>,13,14,[ 5 10],14,15,29,1,15
1,<environment.Job instance at 0x7fe83f98bc80>,15,3,[9 2],16,29,32,13,16
1,<environment.Job instance at 0x7fe87d4d7f50>,7,15,[5 8],8,32,47,24,19
1,<environment.Job instance at 0x7fe83f98b320>,23,2,[5 1],24,34,36,10,34
1,<environment.Job instance at 0x7fe83f98b3c0>,18,15,[5 8],19,47,62,28,34
1,<environment.Job instance at 0x7fe83f98b460>,22,12,[10  4],23,62,74,39,46
1,<environment.Job instance at 0x7fe83f9199b0>,28,18,[5 5],29,74,92,45,63
1,<environment.Job instance at 0x7fe83f919500>,31,15,[5 4],32,74,89,42,63
1,<environment.Job instance at 0x7fe83f9197d0>,38,2,[7 5],39,99,101,60,99
1,<environment.Job instance at 0x7fe83f919870>,39,14,[5 4],40,101,115,61,99
1,<environment.Job instance at 0x7fe83f919a00>,25,15,[8 1],26,115,130,89,103
1,<environment.Job instance at 0x7fe83f919e60>,43,12,[10  1],44,130,142,86,113
1,<environment.Job instance at 0x7fe83fac6f50>,44,17,[1 9],45,147,164,102,147
1,<environment.Job instance at 0x7fe83f919410>,40,12,[10  1],41,164,176,123,153
1,<environment.Job instance at 0x7fe87d266370>,59,12,[4 6],60,176,188,116,164
1,<environment.Job instance at 0x7fe87d1d35f0>,61,13,[10  4],62,188,201,126,173
1,<environment.Job instance at 0x7fe87d9f07d0>,68,12,[9 3],69,201,213,132,187
1,<environment.Job instance at 0x7fe87d9f0e60>,72,2,[3 6],73,213,215,140,199
1,<environment.Job instance at 0x7fe87d1d3b40>,64,15,[5 6],65,215,230,150,201
1,<environment.Job instance at 0x7fe87d9f0910>,75,15,[3 9],76,230,245,154,216
1,<environment.Job instance at 0x7fe83f919230>,33,17,[5 9],34,245,262,211,233
1,<environment.Job instance at 0x7fe83f72bbe0>,82,13,[7 2],83,262,275,179,247
1,<environment.Job instance at 0x7fe83f72bb40>,85,3,[5 3],86,275,278,189,257
1,<environment.Job instance at 0x7fe83f72b5f0>,87,3,[1 9],88,278,281,190,257
1,<environment.Job instance at 0x7fe83f72b870>,88,13,[4 6],89,281,294,192,265
1,<environment.Job instance at 0x7fe88a8bde10>,80,17,[10  1],81,413,430,332,413
1,<environment.Job instance at 0x7fe87d4d7050>,2,3,[8 1],3,5,8,2,5
1,<environment.Job instance at 0x7fe87d477780>,10,15,[5 3],11,12,27,1,12
1,<environment.Job instance at 0x7fe87d477690>,12,14,[4 6],13,14,28,1,14
1,<environment.Job instance at 0x7fe87d477dc0>,13,17,[9 1],14,28,45,14,16
1,<environment.Job instance at 0x7fe87d49b3c0>,18,2,[3 6],19,45,47,26,22
1,<environment.Job instance at 0x7fe87d49bfa0>,17,1,[10  4],18,47,48,29,24
1,<environment.Job instance at 0x7fe87d49b500>,20,15,[5 5],21,48,63,27,34
1,<environment.Job instance at 0x7fe87e0e4050>,22,12,[ 1 10],23,63,75,40,46
1,<environment.Job instance at 0x7fe87e0e4320>,29,3,[9 3],30,75,78,45,57
1,<environment.Job instance at 0x7fe83f6b6af0>,33,3,[3 8],34,78,81,44,75
1,<environment.Job instance at 0x7fe87e0e4fa0>,27,15,[6 2],28,78,93,50,75
1,<environment.Job instance at 0x7fe87d49b0a0>,19,15,[3 9],20,93,108,73,79
1,<environment.Job instance at 0x7fe83f6b6be0>,36,14,[6 4],37,108,122,71,93
1,<environment.Job instance at 0x7fe83fac0e60>,42,1,[5 9],43,122,123,79,94
1,<environment.Job instance at 0x7fe83fac0910>,43,1,[2 6],44,108,109,64,94
1,<environment.Job instance at 0x7fe83f6b6820>,34,12,[9 1],35,123,135,88,106
1,<environment.Job instance at 0x7fe83fac0f50>,44,13,[2 7],45,135,148,90,131
1,<environment.Job instance at 0x7fe83fac6140>,53,2,[2 7],54,148,150,94,136
1,<environment.Job instance at 0x7fe83fac69b0>,54,3,[10  5],55,150,153,95,136
1,<environment.Job instance at 0x7fe83fac6aa0>,48,14,[6 4],49,153,167,104,138
1,<environment.Job instance at 0x7fe83f660be0>,58,2,[4 6],59,153,155,94,152
1,<environment.Job instance at 0x7fe83fac6a50>,46,18,[6 4],47,167,185,120,157
1,<environment.Job instance at 0x7fe83f660500>,61,15,[8 4],62,185,200,123,171
1,<environment.Job instance at 0x7fe83fb05c30>,69,2,[9 3],70,200,202,130,178
1,<environment.Job instance at 0x7fe83fb05690>,70,13,[4 6],71,202,215,131,187
1,<environment.Job instance at 0x7fe83f660640>,62,14,[9 2],63,215,229,152,200
1,<environment.Job instance at 0x7fe83f891eb0>,77,12,[1 6],78,216,228,138,216
1,<environment.Job instance at 0x7fe83fb05780>,72,16,[9 2],73,229,245,156,217
1,<environment.Job instance at 0x7fe83fb05a00>,74,13,[2 8],75,245,258,170,230
1,<environment.Job instance at 0x7fe87d4416e0>,85,2,[3 9],86,258,260,172,246
1,<environment.Job instance at 0x7fe87d4413c0>,86,2,[5 7],87,260,262,173,246
1,<environment.Job instance at 0x7fe87d4417d0>,87,1,[8 1],88,246,247,158,246
1,<environment.Job instance at 0x7fe87d441820>,82,18,[7 4],83,262,280,179,254
1,<environment.Job instance at 0x7fe83f891910>,79,17,[5 7],80,529,546,449,529
1,<environment.Job instance at 0x7fe83fd89640>,6,13,[5 7],7,8,21,1,8
1,<environment.Job instance at 0x7fe83fd89eb0>,9,1,[9 4],10,21,22,11,10
1,<environment.Job instance at 0x7fe83fd899b0>,8,16,[3 8],9,22,38,13,12
1,<environment.Job instance at 0x7fe83fd7bd70>,13,3,[3 9],14,38,41,24,14
1,<environment.Job instance at 0x7fe83fd7b0a0>,15,14,[4 8],16,41,55,25,26
1,<environment.Job instance at 0x7fe83f891910>,2,14,[ 2 10],3,55,69,52,41
1,<environment.Job instance at 0x7fe83fd703c0>,24,2,[3 6],25,78,80,53,78
1,<environment.Job instance at 0x7fe83fd81960>,25,3,[2 8],26,80,83,54,78
1,<environment.Job instance at 0x7fe83fd6ba50>,26,1,[9 2],27,83,84,56,78
1,<environment.Job instance at 0x7fe83fd70280>,27,1,[5 3],28,78,79,50,78
1,<environment.Job instance at 0x7fe83fdafb90>,22,1,[1 8],23,83,84,60,78
1,<environment.Job instance at 0x7fe83fd6bd20>,29,3,[10  1],30,84,87,54,78
1,<environment.Job instance at 0x7fe83f4bb730>,30,18,[6 4],31,87,105,56,78
1,<environment.Job instance at 0x7fe83fd70550>,31,2,[1 9],32,105,107,73,78
1,<environment.Job instance at 0x7fe83f4c50a0>,32,3,[10  4],33,107,110,74,84
1,<environment.Job instance at 0x7fe87d77d230>,34,3,[9 3],35,110,113,75,85
1,<environment.Job instance at 0x7fe87d77dc80>,36,1,[5 2],37,113,114,76,86
1,<environment.Job instance at 0x7fe83fddc690>,38,13,[8 5],39,114,127,75,98
1,<environment.Job instance at 0x7fe83fd82280>,20,12,[4 8],21,127,139,106,112
1,<environment.Job instance at 0x7fe83f889c80>,44,3,[10  2],45,139,142,94,123
1,<environment.Job instance at 0x7fe87d4d8be0>,35,16,[7 3],36,142,158,106,132
1,<environment.Job instance at 0x7fe83f4c9820>,47,18,[1 6],48,142,160,94,137
1,<environment.Job instance at 0x7fe83f9a0410>,59,18,[6 2],60,158,176,98,147
1,<environment.Job instance at 0x7fe83fdacd20>,50,17,[9 2],51,176,193,125,164
1,<environment.Job instance at 0x7fe87d41a140>,64,1,[5 5],65,193,194,128,165
1,<environment.Job instance at 0x7fe83f888be0>,63,14,[ 4 10],64,194,208,130,179
1,<environment.Job instance at 0x7fe87e105370>,75,16,[4 9],76,208,224,132,195
1,<environment.Job instance at 0x7fe87d72ac30>,66,16,[9 2],67,224,240,157,211
1,<environment.Job instance at 0x7fe87d60ee60>,82,18,[3 8],83,240,258,157,232
1,<environment.Job instance at 0x7fe87e0e79b0>,88,12,[3 9],89,258,270,169,242
1,<environment.Job instance at 0x7fe87e0e75f0>,1,3,[7 4],2,3,6,1,3
1,<environment.Job instance at 0x7fe87d8b7af0>,7,15,[3 6],8,9,24,1,9
1,<environment.Job instance at 0x7fe87d7d4320>,9,3,[ 3 10],10,24,27,14,11
1,<environment.Job instance at 0x7fe87d9b71e0>,5,13,[9 1],6,27,40,21,12
1,<environment.Job instance at 0x7fe83fa56aa0>,12,2,[3 7],13,40,42,27,13
1,<environment.Job instance at 0x7fe88a859c30>,20,3,[ 4 10],21,42,45,21,21
1,<environment.Job instance at 0x7fe83f7e9d70>,21,2,[2 9],22,45,47,23,22
1,<environment.Job instance at 0x7fe87dfa1aa0>,16,13,[8 1],17,45,58,28,43
1,<environment.Job instance at 0x7fe87d8f6e10>,23,3,[8 1],24,58,61,34,43
1,<environment.Job instance at 0x7fe87d94c0f0>,25,14,[7 2],26,61,75,35,46
1,<environment.Job instance at 0x7fe87d6f6410>,28,17,[6 5],29,75,92,46,64
1,<environment.Job instance at 0x7fe87d6f6370>,31,12,[2 6],32,92,104,60,75
1,<environment.Job instance at 0x7fe88a834aa0>,8,14,[ 1 10],9,104,118,95,89
1,<environment.Job instance at 0x7fe87d212460>,40,15,[1 8],41,118,133,77,104
1,<environment.Job instance at 0x7fe87d212960>,42,18,[2 5],43,133,151,90,122
1,<environment.Job instance at 0x7fe87d6f64b0>,32,17,[6 4],33,133,150,100,126
1,<environment.Job instance at 0x7fe87d2124b0>,51,15,[5 2],52,150,165,98,136
1,<environment.Job instance at 0x7fe83f89a140>,55,16,[10  3],56,165,181,109,152
1,<environment.Job instance at 0x7fe83fa872d0>,62,2,[5 3],63,159,161,96,159
1,<environment.Job instance at 0x7fe83fa87730>,63,18,[4 5],64,181,199,117,170
1,<environment.Job instance at 0x7fe87d6f5230>,66,16,[5 6],67,199,215,132,186
1,<environment.Job instance at 0x7fe87d4f7c80>,71,16,[4 6],72,215,231,143,202
1,<environment.Job instance at 0x7fe83f449960>,72,15,[5 1],73,203,218,130,203
1,<environment.Job instance at 0x7fe83fd33be0>,1,1,[10  1],2,2,3,0,2
1,<environment.Job instance at 0x7fe83fd339b0>,0,13,[2 8],1,7,20,6,7
1,<environment.Job instance at 0x7fe83f4f4a50>,9,2,[10  2],10,20,22,10,20
1,<environment.Job instance at 0x7fe83f4f4c80>,12,2,[10  3],13,27,29,14,27
1,<environment.Job instance at 0x7fe83f4f42d0>,13,1,[1 7],14,29,30,15,27
1,<environment.Job instance at 0x7fe83f4f4cd0>,8,16,[9 1],9,44,60,35,44
1,<environment.Job instance at 0x7fe83f4f4870>,15,14,[1 7],16,44,58,28,44
1,<environment.Job instance at 0x7fe83f4f43c0>,16,3,[8 2],17,60,63,43,48
1,<environment.Job instance at 0x7fe83f4f4960>,17,18,[1 9],18,63,81,45,52
1,<environment.Job instance at 0x7fe87d4f1b90>,4,2,[1 9],5,6,8,1,6
1,<environment.Job instance at 0x7fe83f8b43c0>,10,2,[3 5],11,16,18,5,16
1,<environment.Job instance at 0x7fe83f8b48c0>,11,12,[3 5],12,16,28,4,16
1,<environment.Job instance at 0x7fe83f8b4aa0>,13,1,[3 7],14,28,29,14,16
1,<environment.Job instance at 0x7fe83f8b4820>,14,3,[8 5],15,29,32,14,16
1,<environment.Job instance at 0x7fe83f8b4320>,15,2,[9 5],16,32,34,16,16
1,<environment.Job instance at 0x7fe83f8b4c80>,8,3,[9 5],9,34,37,25,17
1,<environment.Job instance at 0x7fe83f8b4f00>,12,2,[1 9],13,37,39,24,21
1,<environment.Job instance at 0x7fe83f8b40a0>,18,14,[5 4],19,39,53,20,24
1,<environment.Job instance at 0x7fe83f8d0eb0>,20,2,[7 5],21,24,26,3,24
1,<environment.Job instance at 0x7fe83f8d0960>,21,2,[ 2 10],22,53,55,31,27
1,<environment.Job instance at 0x7fe83f8d0c80>,23,1,[9 4],24,55,56,31,27
1,<environment.Job instance at 0x7fe83f8d7320>,26,17,[1 6],27,55,72,28,44
1,<environment.Job instance at 0x7fe83f8c53c0>,29,3,[4 5],30,44,47,14,44
1,<environment.Job instance at 0x7fe83f8d0fa0>,19,15,[6 4],20,56,71,36,46
1,<environment.Job instance at 0x7fe87e0e7410>,3,14,[ 4 10],4,72,86,68,58
1,<environment.Job instance at 0x7fe83f8d2910>,38,15,[1 6],39,86,101,47,72
1,<environment.Job instance at 0x7fe83f8d2a00>,32,18,[6 5],33,101,119,68,90
1,<environment.Job instance at 0x7fe83f85ed20>,45,14,[3 8],46,119,133,73,104
1,<environment.Job instance at 0x7fe83f85f410>,46,17,[4 6],47,133,150,86,121
1,<environment.Job instance at 0x7fe83f842a50>,53,15,[8 4],54,150,165,96,136
1,<environment.Job instance at 0x7fe83f842c30>,56,12,[3 5],57,165,177,108,148
1,<environment.Job instance at 0x7fe87d58fd20>,57,3,[7 5],58,165,168,107,148
1,<environment.Job instance at 0x7fe87d57c0a0>,65,14,[4 8],66,177,191,111,162
1,<environment.Job instance at 0x7fe83f842b90>,50,15,[4 7],51,191,206,140,179
1,<environment.Job instance at 0x7fe87d57cdc0>,71,13,[9 3],72,206,219,134,190
1,<environment.Job instance at 0x7fe87d57c140>,74,2,[7 5],75,219,221,144,195
1,<environment.Job instance at 0x7fe87d592aa0>,77,1,[10  1],78,221,222,143,201
1,<environment.Job instance at 0x7fe87d592190>,78,3,[2 6],79,222,225,143,201
1,<environment.Job instance at 0x7fe87d5925a0>,79,15,[ 5 10],80,225,240,145,213
1,<environment.Job instance at 0x7fe87d592c30>,82,16,[2 8],83,240,256,157,228
1,<environment.Job instance at 0x7fe87d577aa0>,85,18,[4 6],86,256,274,170,245
1,<environment.Job instance at 0x7fe87d57c4b0>,3,3,[6 5],4,4,7,0,4
1,<environment.Job instance at 0x7fe87d57c6e0>,2,13,[5 3],3,7,20,4,5
1,<environment.Job instance at 0x7fe87ddc68c0>,8,12,[5 4],9,9,21,0,9
1,<environment.Job instance at 0x7fe83fd6b320>,11,1,[2 7],12,21,22,9,15
1,<environment.Job instance at 0x7fe83fb392d0>,12,1,[1 8],13,22,23,9,17
1,<environment.Job instance at 0x7fe83fd6beb0>,10,13,[8 3],11,23,36,12,17
1,<environment.Job instance at 0x7fe83fc49870>,17,12,[6 5],18,92,104,74,92
1,<environment.Job instance at 0x7fe87d9e0d20>,19,3,[7 3],20,104,107,84,100
1,<environment.Job instance at 0x7fe83f72b730>,23,2,[6 2],24,107,109,83,107
1,<environment.Job instance at 0x7fe83f72b4b0>,24,16,[5 8],25,118,134,93,118
1,<environment.Job instance at 0x7fe83f86e730>,32,3,[5 8],33,134,137,101,118
1,<environment.Job instance at 0x7fe83f86e640>,33,14,[6 2],34,137,151,103,122
1,<environment.Job instance at 0x7fe87d8b0140>,41,13,[3 5],42,137,150,95,125
1,<environment.Job instance at 0x7fe87d532af0>,0,15,[8 4],1,151,166,150,138
1,<environment.Job instance at 0x7fe87d8b0af0>,48,12,[10  4],49,166,178,117,149
1,<environment.Job instance at 0x7fe87d8b0b40>,49,12,[5 8],50,178,190,128,161
1,<environment.Job instance at 0x7fe87d8b0370>,53,3,[6 1],54,190,193,136,174
1,<environment.Job instance at 0x7fe87d8bebe0>,60,12,[2 5],61,190,202,129,174
1,<environment.Job instance at 0x7fe87e0a5af0>,62,1,[7 4],63,193,194,130,175
1,<environment.Job instance at 0x7fe87d8b0690>,46,13,[6 4],47,194,207,147,186
1,<environment.Job instance at 0x7fe87d72bd70>,65,13,[7 4],66,207,220,141,191
1,<environment.Job instance at 0x7fe87d72b460>,66,16,[3 8],67,220,236,153,207
1,<environment.Job instance at 0x7fe87d4fd2d0>,74,12,[7 1],75,220,232,145,220
1,<environment.Job instance at 0x7fe83f437be0>,79,2,[3 9],80,236,238,156,224
1,<environment.Job instance at 0x7fe83fb39870>,15,15,[10  1],16,238,253,222,225
1,<environment.Job instance at 0x7fe83f437870>,78,12,[7 5],79,253,265,174,242
1,<environment.Job instance at 0x7fe87dca3140>,86,17,[4 8],87,265,282,178,254
1,<environment.Job instance at 0x7fe88a858cd0>,88,16,[8 4],89,282,298,193,269
1,<environment.Job instance at 0x7fe87d43e280>,3,3,[4 7],4,4,7,0,4
1,<environment.Job instance at 0x7fe83f6162d0>,5,3,[8 5],6,7,10,1,7
1,<environment.Job instance at 0x7fe83fddc190>,0,15,[3 7],1,10,25,9,8
1,<environment.Job instance at 0x7fe83f616b40>,8,3,[4 7],9,25,28,16,11
1,<environment.Job instance at 0x7fe83f61f9b0>,12,15,[6 2],13,13,28,0,13
1,<environment.Job instance at 0x7fe83f61f7d0>,10,12,[3 8],11,28,40,17,14
1,<environment.Job instance at 0x7fe83f61fe10>,11,18,[7 1],12,28,46,16,17
1,<environment.Job instance at 0x7fe87d437050>,15,16,[3 5],16,40,56,24,28
1,<environment.Job instance at 0x7fe87d4378c0>,19,14,[7 3],20,46,60,26,37
1,<environment.Job instance at 0x7fe87d437190>,26,12,[5 3],27,60,72,33,43
1,<environment.Job instance at 0x7fe87d437230>,22,17,[1 5],23,56,73,33,45
1,<environment.Job instance at 0x7fe87d437460>,30,2,[8 1],31,72,74,41,55
1,<environment.Job instance at 0x7fe83fc85c30>,32,14,[5 2],33,74,88,41,59
1,<environment.Job instance at 0x7fe87d4371e0>,29,13,[4 7],30,74,87,44,61
1,<environment.Job instance at 0x7fe83fc85050>,34,1,[ 2 10],35,88,89,53,61
1,<environment.Job instance at 0x7fe83fc85a00>,35,3,[8 5],36,89,92,53,63
1,<environment.Job instance at 0x7fe83fc85e10>,38,1,[5 3],39,87,88,48,74
1,<environment.Job instance at 0x7fe83fc85cd0>,39,3,[ 4 10],40,92,95,52,74
1,<environment.Job instance at 0x7fe83fc852d0>,40,13,[5 8],41,95,108,54,81
1,<environment.Job instance at 0x7fe83fa1ea50>,44,12,[7 5],45,108,120,63,97
1,<environment.Job instance at 0x7fe83fa1ed20>,49,1,[9 3],50,120,121,70,101
1,<environment.Job instance at 0x7fe83fa1e820>,50,15,[10  5],51,121,136,70,107
1,<environment.Job instance at 0x7fe83fa1e730>,53,12,[8 2],54,136,148,82,120
1,<environment.Job instance at 0x7fe87d437fa0>,28,15,[10  2],29,148,163,119,136
1,<environment.Job instance at 0x7fe87d1d96e0>,60,1,[1 9],61,163,164,102,142
1,<environment.Job instance at 0x7fe87d3a2f50>,62,1,[1 5],63,144,145,81,144
1,<environment.Job instance at 0x7fe87d3a25a0>,63,12,[6 5],64,164,176,100,148
1,<environment.Job instance at 0x7fe87d3a2eb0>,64,2,[3 6],65,176,178,111,149
1,<environment.Job instance at 0x7fe87d3a2af0>,66,1,[7 4],67,176,177,109,158
1,<environment.Job instance at 0x7fe87d3a2dc0>,67,16,[8 4],68,178,194,110,166
1,<environment.Job instance at 0x7fe83f710d20>,74,14,[5 3],75,194,208,119,179
1,<environment.Job instance at 0x7fe83f710190>,77,14,[4 7],78,194,208,116,179
1,<environment.Job instance at 0x7fe83f710690>,82,14,[3 7],83,208,222,125,193
1,<environment.Job instance at 0x7fe83f710820>,83,16,[ 5 10],84,222,238,138,210
1,<environment.Job instance at 0x7fe87df1c0a0>,4,2,[1 5],5,5,7,0,5
1,<environment.Job instance at 0x7fe87df1ecd0>,0,3,[ 2 10],1,7,10,6,5
1,<environment.Job instance at 0x7fe87df1c050>,3,13,[6 5],4,10,23,6,6
1,<environment.Job instance at 0x7fe87df1c0f0>,5,3,[9 4],6,23,26,17,6
1,<environment.Job instance at 0x7fe87df1cf00>,9,3,[7 4],10,26,29,16,10
1,<environment.Job instance at 0x7fe87df1ceb0>,10,2,[3 9],11,29,31,18,12
1,<environment.Job instance at 0x7fe87dee8a00>,12,3,[10  3],13,31,34,18,13
1,<environment.Job instance at 0x7fe87dee8eb0>,16,14,[10  3],17,34,48,17,21
1,<environment.Job instance at 0x7fe87dee8f50>,18,2,[7 1],19,29,31,10,22
1,<environment.Job instance at 0x7fe87dee89b0>,20,14,[6 1],21,48,62,27,34
1,<environment.Job instance at 0x7fe87dee8690>,22,3,[8 4],23,62,65,39,38
1,<environment.Job instance at 0x7fe87dee8370>,25,3,[9 3],26,65,68,39,43
1,<environment.Job instance at 0x7fe87df16370>,27,3,[6 1],28,68,71,40,47
1,<environment.Job instance at 0x7fe87df16820>,29,3,[5 3],30,71,74,41,58
1,<environment.Job instance at 0x7fe87df16fa0>,30,13,[8 4],31,74,87,43,58
1,<environment.Job instance at 0x7fe87df16140>,31,3,[10  1],32,87,90,55,61
1,<environment.Job instance at 0x7fe87df16a50>,32,12,[7 3],33,90,102,57,75
1,<environment.Job instance at 0x7fe87df16be0>,38,18,[1 5],39,90,108,51,88
1,<environment.Job instance at 0x7fe87df167d0>,26,17,[8 4],27,102,119,75,90
1,<environment.Job instance at 0x7fe87df16af0>,42,15,[5 5],43,119,134,76,105
1,<environment.Job instance at 0x7fe87df20a00>,43,15,[1 5],44,108,123,64,105
1,<environment.Job instance at 0x7fe87df20f50>,48,13,[8 5],49,134,147,85,118
1,<environment.Job instance at 0x7fe87dee8960>,21,17,[9 3],22,147,164,125,135
1,<environment.Job instance at 0x7fe87d73f960>,56,12,[6 2],57,164,176,107,147
1,<environment.Job instance at 0x7fe87d73f820>,57,15,[1 8],58,164,179,106,151
1,<environment.Job instance at 0x7fe87d73f9b0>,58,2,[3 8],59,179,181,120,152
1,<environment.Job instance at 0x7fe87d73fb90>,60,12,[10  4],61,181,193,120,164
1,<environment.Job instance at 0x7fe87df1ce10>,7,18,[ 1 10],8,210,228,202,210
1,<environment.Job instance at 0x7fe87df166e0>,41,18,[3 9],42,228,246,186,223
1,<environment.Job instance at 0x7fe87df0eaf0>,68,3,[4 5],69,246,249,177,223
1,<environment.Job instance at 0x7fe87df02f00>,73,2,[4 9],74,249,251,175,248
1,<environment.Job instance at 0x7fe87df02870>,78,14,[1 9],79,289,303,210,289
1,<environment.Job instance at 0x7fe87df02640>,81,13,[7 4],82,303,316,221,289
1,<environment.Job instance at 0x7fe87df026e0>,82,2,[4 9],83,316,318,233,289
1,<environment.Job instance at 0x7fe87d749730>,88,3,[6 2],89,318,321,229,316
1,<environment.Job instance at 0x7f67788e7230>,2,12,[5 4],3,3,15,0,3
1,<environment.Job instance at 0x7f67788e70f0>,4,18,[10  4],5,15,33,10,10
1,<environment.Job instance at 0x7f67714d85f0>,8,17,[ 2 10],9,33,50,24,22
1,<environment.Job instance at 0x7f67714d8a50>,14,12,[3 7],15,50,62,35,34
1,<environment.Job instance at 0x7f67714d8a00>,16,12,[1 8],17,62,74,45,46
1,<environment.Job instance at 0x7f67714d85a0>,9,17,[ 4 10],10,74,91,64,63
1,<environment.Job instance at 0x7f67714d8f00>,24,3,[5 9],25,91,94,66,69
1,<environment.Job instance at 0x7f67714da3c0>,27,2,[6 4],28,94,96,66,69
1,<environment.Job instance at 0x7f67714da460>,28,2,[5 9],29,96,98,67,71
1,<environment.Job instance at 0x7f67714da5a0>,30,1,[5 5],31,98,99,67,71
1,<environment.Job instance at 0x7f67714da640>,31,17,[4 9],32,99,116,67,91
1,<environment.Job instance at 0x7f67714dab90>,36,2,[5 1],37,102,104,65,102
1,<environment.Job instance at 0x7f67714dac80>,37,14,[5 5],38,116,130,78,102
1,<environment.Job instance at 0x7f67714dab40>,38,12,[3 6],39,130,142,91,114
1,<environment.Job instance at 0x7f67714dadc0>,41,14,[6 1],42,130,144,88,122
1,<environment.Job instance at 0x7f67714daf00>,42,14,[8 4],43,144,158,101,129
1,<environment.Job instance at 0x7f67788e71e0>,0,18,[ 2 10],1,166,184,165,166
1,<environment.Job instance at 0x7f67714dc050>,45,16,[6 2],46,184,200,138,172
1,<environment.Job instance at 0x7f67714dc280>,48,13,[6 1],49,200,213,151,184
1,<environment.Job instance at 0x7f67714dc500>,51,2,[4 9],52,200,202,148,184
1,<environment.Job instance at 0x7f677890eeb0>,5,1,[3 6],6,6,7,0,6
1,<environment.Job instance at 0x7f677890e8c0>,7,3,[7 4],8,21,24,13,21
1,<environment.Job instance at 0x7f6778911e60>,12,2,[4 8],13,24,26,11,21
1,<environment.Job instance at 0x7f6778911eb0>,13,3,[1 6],14,21,24,7,21
1,<environment.Job instance at 0x7f6778911410>,14,12,[6 1],15,24,36,9,21
1,<environment.Job instance at 0x7f6778a4d820>,16,15,[9 2],17,36,51,19,24
1,<environment.Job instance at 0x7f67789113c0>,9,3,[5 3],10,51,54,41,34
1,<environment.Job instance at 0x7f6778a4db90>,18,3,[2 7],19,51,54,32,34
1,<environment.Job instance at 0x7f6778a4dc80>,20,2,[5 6],21,54,56,33,39
1,<environment.Job instance at 0x7f677890e4b0>,3,17,[5 6],4,56,73,52,44
1,<environment.Job instance at 0x7f6778a56cd0>,25,15,[5 3],26,54,69,28,54
1,<environment.Job instance at 0x7f6778a56f50>,28,16,[7 1],29,73,89,44,60
1,<environment.Job instance at 0x7f6778a56780>,30,16,[9 3],31,89,105,58,78
1,<environment.Job instance at 0x7f6778a60fa0>,33,3,[2 9],34,78,81,44,78
1,<environment.Job instance at 0x7f672d8d40a0>,6,13,[5 1],7,16,29,9,16
1,<environment.Job instance at 0x7f672d8d4eb0>,5,17,[5 9],6,21,38,15,21
1,<environment.Job instance at 0x7f672d8d4d70>,13,12,[5 1],14,29,41,15,22
1,<environment.Job instance at 0x7f672d8d4730>,14,13,[5 9],15,38,51,23,26
1,<environment.Job instance at 0x7f672d8cd460>,16,16,[7 2],17,51,67,34,39
1,<environment.Job instance at 0x7f672d8cd4b0>,19,1,[9 2],20,67,68,47,39
1,<environment.Job instance at 0x7f672d8cdcd0>,20,2,[4 5],21,68,70,47,41
1,<environment.Job instance at 0x7f672d8cd050>,21,1,[8 3],22,70,71,48,42
1,<environment.Job instance at 0x7f672d8d43c0>,4,17,[10  2],5,71,88,66,66
1,<environment.Job instance at 0x7f672d8cd320>,30,15,[7 4],31,88,103,57,74
1,<environment.Job instance at 0x7f672d8cda50>,26,15,[ 5 10],27,103,118,76,89
1,<environment.Job instance at 0x7f672d8acb90>,34,14,[8 5],35,118,132,83,103
1,<environment.Job instance at 0x7f672d8ac820>,37,3,[4 9],38,132,135,94,110
1,<environment.Job instance at 0x7f672d8ac3c0>,39,16,[9 4],40,135,151,95,122
1,<environment.Job instance at 0x7f672d8ac320>,44,15,[9 5],45,151,166,106,137
1,<environment.Job instance at 0x7f672d8cd410>,32,16,[8 5],33,166,182,133,156
1,<environment.Job instance at 0x7f672d8083c0>,52,13,[2 5],53,166,179,113,159
1,<environment.Job instance at 0x7f672d8ac6e0>,48,12,[9 2],49,182,194,133,165
1,<environment.Job instance at 0x7f672d8d45f0>,17,18,[ 1 10],18,194,212,176,183
1,<environment.Job instance at 0x7f672d808320>,54,17,[1 9],55,212,229,157,201
1,<environment.Job instance at 0x7f672d8089b0>,67,14,[3 5],68,229,243,161,214
1,<environment.Job instance at 0x7f672d8087d0>,68,21,[5 1],69,214,235,145,214
1,<environment.Job instance at 0x7f672d8b23c0>,4,1,[3 8],5,5,6,0,5
1,<environment.Job instance at 0x7f672db7b280>,7,17,[7 5],8,9,26,1,9
1,<environment.Job instance at 0x7f672db7b140>,9,1,[8 5],10,26,27,16,10
1,<environment.Job instance at 0x7f672d8b2550>,0,17,[4 5],1,27,44,26,16
1,<environment.Job instance at 0x7f672db7b910>,12,2,[7 1],13,44,46,31,17
1,<environment.Job instance at 0x7f672d8a9c80>,16,2,[6 5],17,33,35,16,33
1,<environment.Job instance at 0x7f672d8a9b40>,18,3,[5 1],19,35,38,16,35
1,<environment.Job instance at 0x7f677148aa50>,14,16,[8 3],15,46,62,31,35
1,<environment.Job instance at 0x7f672db860a0>,23,15,[7 4],24,62,77,38,48
1,<environment.Job instance at 0x7f672d75fbe0>,25,2,[2 6],26,48,50,22,48
1,<environment.Job instance at 0x7f672d8a9c30>,20,14,[ 3 10],21,77,91,56,62
1,<environment.Job instance at 0x7f672d75fb90>,31,16,[2 8],32,91,107,59,79
1,<environment.Job instance at 0x7f672db7baa0>,11,15,[10  3],12,107,122,95,93
1,<environment.Job instance at 0x7f672d75f370>,39,16,[1 7],40,122,138,82,111
1,<environment.Job instance at 0x7f672d75f2d0>,41,15,[3 5],42,138,153,96,125
1,<environment.Job instance at 0x7f672d8b1870>,44,12,[3 5],45,138,150,93,125
1,<environment.Job instance at 0x7f672d8b1230>,47,2,[5 9],48,153,155,105,135
1,<environment.Job instance at 0x7f672d8b1e10>,48,17,[2 8],49,155,172,106,143
1,<environment.Job instance at 0x7f672db8ccd0>,54,12,[2 9],55,172,184,117,157
1,<environment.Job instance at 0x7f672db98dc0>,57,16,[ 3 10],58,184,200,126,171
1,<environment.Job instance at 0x7f672db98eb0>,62,2,[1 5],63,200,202,137,182
1,<environment.Job instance at 0x7f672db987d0>,63,12,[8 5],64,200,212,136,183
1,<environment.Job instance at 0x7f672db981e0>,66,3,[2 7],67,212,215,145,196
1,<environment.Job instance at 0x7f672db98690>,67,13,[ 1 10],68,215,228,147,199
1,<environment.Job instance at 0x7f672dc29140>,70,17,[7 1],71,228,245,157,216
1,<environment.Job instance at 0x7f672dc29410>,71,18,[3 8],72,228,246,156,218
1,<environment.Job instance at 0x7f672dc29820>,78,14,[3 6],79,246,260,167,242
1,<environment.Job instance at 0x7f672dc295f0>,79,3,[9 2],80,260,263,180,243
1,<environment.Job instance at 0x7f672dccd280>,85,18,[ 3 10],86,263,281,177,253
1,<environment.Job instance at 0x7f672d8b09b0>,88,12,[8 2],89,281,293,192,266
1,<environment.Job instance at 0x7f672d8b0460>,90,12,[1 5],91,281,293,190,267
1,<environment.Job instance at 0x7f672d8b0e10>,93,18,[8 1],94,293,311,199,284
1,<environment.Job instance at 0x7f672dc69d20>,5,12,[4 7],6,6,18,0,6
1,<environment.Job instance at 0x7f672dbcc690>,6,13,[8 3],7,18,31,11,7
1,<environment.Job instance at 0x7f672dbcc5a0>,10,2,[9 4],11,31,33,20,11
1,<environment.Job instance at 0x7f672dbcc7d0>,7,13,[4 6],8,33,46,25,17
1,<environment.Job instance at 0x7f672dbccdc0>,14,3,[2 5],15,24,27,9,24
1,<environment.Job instance at 0x7f672dbccf00>,16,13,[1 6],17,46,59,29,30
1,<environment.Job instance at 0x7f672dbcccd0>,12,13,[8 1],13,46,59,33,32
1,<environment.Job instance at 0x7f672dbd0370>,22,13,[3 9],23,59,72,36,44
1,<environment.Job instance at 0x7f672dbccbe0>,13,16,[3 5],14,72,88,58,60
1,<environment.Job instance at 0x7f672dbd06e0>,27,14,[9 1],28,88,102,60,76
1,<environment.Job instance at 0x7f672dbd0a00>,32,12,[8 5],33,102,114,69,87
1,<environment.Job instance at 0x7f672dbd0e10>,34,2,[5 3],35,114,116,79,87
1,<environment.Job instance at 0x7f672dbd0f50>,36,13,[7 1],37,116,129,79,100
1,<environment.Job instance at 0x7f672dbc12d0>,37,16,[2 6],38,114,130,76,101
1,<environment.Job instance at 0x7f672dbc1460>,43,17,[1 8],44,130,147,86,128
1,<environment.Job instance at 0x7f672dbc1820>,46,17,[9 1],47,131,148,84,131
1,<environment.Job instance at 0x7f672dbc1140>,47,3,[10  3],48,148,151,100,131
1,<environment.Job instance at 0x7f672dbc18c0>,48,12,[ 2 10],49,151,163,102,134
1,<environment.Job instance at 0x7f672dbc1af0>,49,16,[1 8],50,163,179,113,150
1,<environment.Job instance at 0x7f672dbc1960>,51,3,[9 3],52,179,182,127,153
1,<environment.Job instance at 0x7f672dbc1b40>,52,17,[10  3],53,182,199,129,171
1,<environment.Job instance at 0x7f672dbc1c80>,53,13,[9 5],54,199,212,145,183
1,<environment.Job instance at 0x7f672dbc1dc0>,54,15,[ 1 10],55,212,227,157,210
1,<environment.Job instance at 0x7f672dbc1e60>,56,2,[9 2],57,227,229,170,210
1,<environment.Job instance at 0x7f672dbc00f0>,58,2,[6 5],59,229,231,170,210
1,<environment.Job instance at 0x7f672dbc0050>,59,3,[8 5],60,231,234,171,210
1,<environment.Job instance at 0x7f672dbc0280>,4,1,[2 5],5,5,6,0,5
1,<environment.Job instance at 0x7f6777da98c0>,5,2,[9 3],6,6,8,0,6
1,<environment.Job instance at 0x7f6777da9230>,6,14,[7 5],7,8,22,1,8
1,<environment.Job instance at 0x7f6777da9050>,8,14,[3 8],9,22,36,13,9
1,<environment.Job instance at 0x7f67712b9500>,12,12,[3 8],13,36,48,23,19
1,<environment.Job instance at 0x7f67712b9370>,14,13,[1 9],15,48,61,33,35
1,<environment.Job instance at 0x7f677181c5f0>,20,18,[4 6],21,61,79,40,50
1,<environment.Job instance at 0x7f67712b9050>,11,17,[5 7],12,79,96,67,68
1,<environment.Job instance at 0x7f67781650f0>,34,1,[5 7],35,96,97,61,94
1,<environment.Job instance at 0x7f672d881eb0>,37,12,[5 5],38,100,112,62,100
1,<environment.Job instance at 0x7f672d881690>,39,12,[9 1],40,115,127,75,115
1,<environment.Job instance at 0x7f672d8814b0>,40,14,[8 4],41,127,141,86,116
1,<environment.Job instance at 0x7f672d881960>,44,12,[4 7],45,141,153,96,125
1,<environment.Job instance at 0x7f672d881f50>,38,15,[5 9],39,153,168,114,139
1,<environment.Job instance at 0x7f6771247eb0>,53,12,[ 2 10],54,173,185,119,173
1,<environment.Job instance at 0x7f67780a1690>,2,2,[7 4],3,3,5,0,3
1,<environment.Job instance at 0x7f67780a19b0>,4,2,[9 2],5,5,7,0,5
1,<environment.Job instance at 0x7f67780a15f0>,3,3,[5 5],4,7,10,3,5
1,<environment.Job instance at 0x7f672ddacb90>,7,17,[3 5],8,12,29,4,12
1,<environment.Job instance at 0x7f672dd51f00>,13,17,[5 3],14,14,31,0,14
1,<environment.Job instance at 0x7f672dd518c0>,16,13,[3 9],17,31,44,14,17
1,<environment.Job instance at 0x7f672dd6f410>,22,15,[2 5],23,44,59,21,30
1,<environment.Job instance at 0x7f67787e19b0>,24,16,[9 2],25,59,75,34,47
1,<environment.Job instance at 0x7f677843f050>,29,13,[1 8],30,59,72,29,54
1,<environment.Job instance at 0x7f677141e7d0>,31,13,[6 5],32,75,88,43,61
1,<environment.Job instance at 0x7f6777f0a870>,33,15,[6 1],34,88,103,54,74
1,<environment.Job instance at 0x7f6777f0a690>,34,3,[7 4],35,103,106,68,77
1,<environment.Job instance at 0x7f6777f0a8c0>,35,3,[9 4],36,106,109,70,80
1,<environment.Job instance at 0x7f672dd51d20>,15,13,[8 5],16,109,122,93,93
1,<environment.Job instance at 0x7f6778824c30>,42,2,[7 3],43,122,124,79,99
1,<environment.Job instance at 0x7f6777ecb050>,43,3,[8 1],44,124,127,80,99
1,<environment.Job instance at 0x7f6777ecbb90>,44,15,[7 3],45,127,142,82,113
1,<environment.Job instance at 0x7f6777ecb9b0>,47,15,[10  1],48,142,157,94,131
1,<environment.Job instance at 0x7f6777ecbb40>,51,2,[5 7],52,157,159,105,135
1,<environment.Job instance at 0x7f677140d9b0>,53,1,[4 9],54,159,160,105,135
1,<environment.Job instance at 0x7f672dc0daa0>,54,12,[3 5],55,160,172,105,143
1,<environment.Job instance at 0x7f67715c4690>,58,3,[3 9],59,172,175,113,146
1,<environment.Job instance at 0x7f67784565f0>,63,13,[7 5],64,175,188,111,159
1,<environment.Job instance at 0x7f677196b730>,66,14,[1 7],67,188,202,121,174
1,<environment.Job instance at 0x7f67715c4550>,62,15,[10  1],63,202,217,139,189
1,<environment.Job instance at 0x7f67713fc7d0>,74,16,[9 4],75,217,233,142,204
1,<environment.Job instance at 0x7f67716682d0>,77,13,[ 4 10],78,233,246,155,217
1,<environment.Job instance at 0x7f6771668a50>,81,12,[5 6],82,246,258,164,229
1,<environment.Job instance at 0x7f672dd51af0>,12,15,[10  1],13,258,273,245,244
1,<environment.Job instance at 0x7f6771552640>,92,15,[6 2],93,273,288,180,259
1,<environment.Job instance at 0x7f6771668fa0>,78,17,[3 9],79,407,424,328,407
1,<environment.Job instance at 0x7f6778008c30>,2,1,[6 3],3,3,4,0,3
1,<environment.Job instance at 0x7f672d846be0>,4,17,[5 1],5,6,23,1,6
1,<environment.Job instance at 0x7f672d846f00>,9,12,[4 6],10,10,22,0,10
1,<environment.Job instance at 0x7f6778a5c1e0>,5,15,[ 1 10],6,23,38,17,10
1,<environment.Job instance at 0x7f672d820190>,11,3,[5 2],12,38,41,26,13
1,<environment.Job instance at 0x7f672d820370>,13,3,[4 7],14,38,41,24,15
1,<environment.Job instance at 0x7f672d8206e0>,18,2,[5 8],19,41,43,22,26
1,<environment.Job instance at 0x7f672d8208c0>,21,2,[8 4],22,43,45,21,27
1,<environment.Job instance at 0x7f672d820960>,22,2,[8 4],23,45,47,22,27
1,<environment.Job instance at 0x7f672d846f50>,12,17,[9 4],13,47,64,34,35
1,<environment.Job instance at 0x7f672d820550>,15,16,[9 4],16,382,398,366,382
1,<environment.Job instance at 0x7f672d820be0>,26,3,[8 3],27,398,401,371,382
1,<environment.Job instance at 0x7f672d858370>,30,12,[1 7],31,398,410,367,382
1,<environment.Job instance at 0x7f672d8581e0>,32,17,[ 2 10],33,519,536,486,519
1,<environment.Job instance at 0x7f672d8585a0>,33,15,[5 5],34,536,551,502,530
1,<environment.Job instance at 0x7f672d858640>,34,12,[9 1],35,551,563,516,537
1,<environment.Job instance at 0x7f672d8588c0>,35,2,[6 3],36,563,565,527,538
1,<environment.Job instance at 0x7f672d858780>,36,13,[4 7],37,563,576,526,555
1,<environment.Job instance at 0x7f672d858910>,37,3,[8 1],38,576,579,538,555
1,<environment.Job instance at 0x7f672dc5f960>,1,3,[3 9],2,3,6,1,3
1,<environment.Job instance at 0x7f672dc5ff00>,0,14,[ 2 10],1,6,20,5,4
1,<environment.Job instance at 0x7f672d858d70>,3,18,[5 5],4,20,38,16,9
1,<environment.Job instance at 0x7f672dc5f230>,4,16,[5 5],5,20,36,15,14
1,<environment.Job instance at 0x7f67784b6140>,13,12,[2 6],14,38,50,24,21
1,<environment.Job instance at 0x7f6771285870>,16,13,[5 5],17,50,63,33,34
1,<environment.Job instance at 0x7f672d6f20a0>,23,1,[10  1],24,63,64,39,49
1,<environment.Job instance at 0x7f6771285190>,18,16,[8 3],19,64,80,45,51
1,<environment.Job instance at 0x7f672da9f640>,14,16,[2 7],15,64,80,49,52
1,<environment.Job instance at 0x7f6771301410>,29,14,[5 1],30,80,94,50,77
1,<environment.Job instance at 0x7f672dc76910>,31,1,[7 3],32,94,95,62,77
1,<environment.Job instance at 0x7f672d790b90>,30,3,[5 7],31,80,83,49,77
1,<environment.Job instance at 0x7f672dd50190>,12,13,[9 4],13,95,108,82,80
1,<environment.Job instance at 0x7f6771606e60>,34,14,[9 1],35,108,122,73,95
1,<environment.Job instance at 0x7f672d769140>,41,1,[6 5],42,122,123,80,97
1,<environment.Job instance at 0x7f672d790960>,32,18,[4 7],33,123,141,90,112
1,<environment.Job instance at 0x7f672dd79230>,48,16,[9 4],49,141,157,92,128
1,<environment.Job instance at 0x7f677123c7d0>,50,14,[1 5],51,143,157,92,143
1,<environment.Job instance at 0x7f672dd791e0>,46,13,[9 3],47,157,170,110,143
1,<environment.Job instance at 0x7f67715ddaf0>,54,13,[2 6],55,170,183,115,155
1,<environment.Job instance at 0x7f67715dd140>,55,14,[ 1 10],56,183,197,127,171
1,<environment.Job instance at 0x7f6778020cd0>,59,18,[6 4],60,197,215,137,188
1,<environment.Job instance at 0x7f672db25f50>,14,3,[2 7],15,22,25,7,22
1,<environment.Job instance at 0x7f672db25460>,13,16,[8 1],14,22,38,8,22
1,<environment.Job instance at 0x7f677179ae10>,18,16,[4 8],19,45,61,26,45
1,<environment.Job instance at 0x7f672db25820>,19,18,[6 1],20,46,64,26,46
1,<environment.Job instance at 0x7f672db6af00>,21,3,[2 6],22,61,64,39,46
1,<environment.Job instance at 0x7f67715e5190>,23,3,[8 3],24,64,67,40,47
1,<environment.Job instance at 0x7f6777f7b050>,27,16,[1 7],28,64,80,36,54
1,<environment.Job instance at 0x7f6777f36320>,5,18,[9 2],6,69,87,63,69
1,<environment.Job instance at 0x7f672dad45a0>,30,15,[4 7],31,87,102,56,76
1,<environment.Job instance at 0x7f6777dd7230>,41,12,[3 7],42,102,114,60,85
1,<environment.Job instance at 0x7f672dbe5cd0>,42,15,[ 2 10],43,114,129,71,102
1,<environment.Job instance at 0x7f677196c460>,50,3,[5 3],51,129,132,78,116
1,<environment.Job instance at 0x7f677131bc80>,51,18,[3 8],52,132,150,80,126
1,<environment.Job instance at 0x7f6777d184b0>,54,15,[4 8],55,150,165,95,138
1,<environment.Job instance at 0x7f67718b1e10>,57,15,[7 4],58,165,180,107,151
1,<environment.Job instance at 0x7f6778029a50>,64,3,[1 5],65,165,168,100,161
1,<environment.Job instance at 0x7f67781b19b0>,65,15,[3 5],66,168,183,102,165
1,<environment.Job instance at 0x7f67781b1140>,66,3,[7 4],67,180,183,113,165
1,<environment.Job instance at 0x7f67781b1d20>,67,13,[9 1],68,183,196,115,167
1,<environment.Job instance at 0x7f672d9d92d0>,74,13,[4 8],75,196,209,121,182
1,<environment.Job instance at 0x7f677135b960>,76,12,[9 5],77,209,221,132,192
1,<environment.Job instance at 0x7f67718b12d0>,59,17,[ 1 10],60,221,238,161,211
1,<environment.Job instance at 0x7f672d9b46e0>,81,14,[9 4],82,238,252,156,223
1,<environment.Job instance at 0x7f677138b730>,82,13,[2 9],83,252,265,169,237
1,<environment.Job instance at 0x7f6771711d70>,1,18,[10  5],2,265,283,263,254
1,<environment.Job instance at 0x7f6771778140>,89,18,[ 2 10],90,283,301,193,275
1,<environment.Job instance at 0x7f6771778910>,93,2,[ 4 10],94,301,303,207,275
1,<environment.Job instance at 0x7f6771778f00>,95,3,[5 6],96,303,306,207,277
1,<environment.Job instance at 0x7f6771778b40>,98,18,[5 8],99,306,324,207,297
1,<environment.Job instance at 0x7f6777dac050>,0,1,[ 2 10],1,1,2,0,1
1,<environment.Job instance at 0x7f6771778b90>,1,2,[1 5],2,3,5,1,3
1,<environment.Job instance at 0x7f67717d3780>,9,1,[4 5],10,11,12,1,11
1,<environment.Job instance at 0x7f67717d3b40>,13,2,[5 1],14,18,20,4,18
1,<environment.Job instance at 0x7f67717d3640>,12,12,[10  4],13,20,32,7,19
1,<environment.Job instance at 0x7f67717d3c80>,15,15,[8 1],16,32,47,16,24
1,<environment.Job instance at 0x7f67717d3d20>,16,3,[5 1],17,47,50,30,24
1,<environment.Job instance at 0x7f67717d3dc0>,17,1,[2 6],18,32,33,14,25
1,<environment.Job instance at 0x7f67717d3fa0>,19,15,[6 2],20,50,65,30,36
1,<environment.Job instance at 0x7f67717f23c0>,24,17,[2 5],25,46,63,21,46
1,<environment.Job instance at 0x7f67717d3be0>,14,13,[ 5 10],15,65,78,50,49
1,<environment.Job instance at 0x7f67717f2820>,28,2,[7 5],29,78,80,49,63
1,<environment.Job instance at 0x7f67717f26e0>,26,15,[3 5],27,78,93,51,65
1,<environment.Job instance at 0x7f67717f29b0>,31,1,[5 5],32,80,81,48,65
1,<environment.Job instance at 0x7f67717f28c0>,29,14,[5 4],30,81,95,51,67
1,<environment.Job instance at 0x7f67717f2be0>,33,12,[10  1],34,95,107,61,79
1,<environment.Job instance at 0x7f67717f2960>,37,2,[1 8],38,107,109,69,89
1,<environment.Job instance at 0x7f67717f2320>,23,17,[5 9],24,109,126,85,105
1,<environment.Job instance at 0x7f67717dc370>,45,3,[7 5],46,126,129,80,110
1,<environment.Job instance at 0x7f67717dc500>,44,18,[5 5],45,129,147,84,118
1,<environment.Job instance at 0x7f67717dc8c0>,48,18,[5 3],49,129,147,80,125
1,<environment.Job instance at 0x7f67717dcaf0>,50,13,[2 6],51,147,160,96,132
1,<environment.Job instance at 0x7f67717dcb90>,52,15,[8 4],53,147,162,94,138
1,<environment.Job instance at 0x7f67717dcaa0>,51,13,[10  4],52,162,175,110,147
1,<environment.Job instance at 0x7f67717dcf50>,59,13,[6 4],60,175,188,115,159
1,<environment.Job instance at 0x7f67717fa230>,62,2,[3 6],63,175,177,112,165
1,<environment.Job instance at 0x7f67717dce10>,56,17,[2 5],57,177,194,120,166
1,<environment.Job instance at 0x7f67717fa690>,65,15,[3 9],66,194,209,128,180
1,<environment.Job instance at 0x7f67717fa9b0>,69,18,[7 5],70,209,227,139,198
1,<environment.Job instance at 0x7f67717faaf0>,71,14,[5 8],72,227,241,155,212
1,<environment.Job instance at 0x7f67717facd0>,74,17,[7 2],75,241,258,166,229
1,<environment.Job instance at 0x7f6771803320>,80,12,[7 4],81,258,270,177,243
1,<environment.Job instance at 0x7f67718032d0>,84,16,[7 4],85,270,286,185,257
1,<environment.Job instance at 0x7f6771803820>,85,3,[10  4],86,286,289,200,260
1,<environment.Job instance at 0x7f67718038c0>,86,1,[ 4 10],87,289,290,202,261
1,<environment.Job instance at 0x7f6771803af0>,90,15,[5 3],91,290,305,199,276
1,<environment.Job instance at 0x7f6771803910>,91,18,[4 7],92,290,308,198,283
1,<environment.Job instance at 0x7f6771803cd0>,93,17,[9 1],94,308,325,214,296
1,<environment.Job instance at 0x7f6771790780>,7,15,[6 2],8,10,25,2,10
1,<environment.Job instance at 0x7f6777e6baf0>,11,3,[1 8],12,15,18,3,15
1,<environment.Job instance at 0x7f6777e6b2d0>,13,3,[3 8],14,19,22,5,19
1,<environment.Job instance at 0x7f6777e6b190>,18,2,[6 3],19,33,35,14,33
1,<environment.Job instance at 0x7f6777e6b140>,17,12,[5 9],18,35,47,17,33
1,<environment.Job instance at 0x7f6777e6b690>,20,12,[5 6],21,47,59,26,36
1,<environment.Job instance at 0x7f672d975a00>,22,1,[5 9],23,59,60,36,36
1,<environment.Job instance at 0x7f672d975410>,23,1,[2 6],24,60,61,36,36
1,<environment.Job instance at 0x7f672d975230>,24,13,[2 7],25,61,74,36,45
1,<environment.Job instance at 0x7f6777d99cd0>,28,14,[6 4],29,74,88,45,59
1,<environment.Job instance at 0x7f67719d5550>,29,3,[1 7],30,88,91,58,62
1,<environment.Job instance at 0x7f67719d53c0>,30,2,[1 6],31,74,76,43,62
1,<environment.Job instance at 0x7f6771475280>,33,2,[2 7],34,91,93,57,77
1,<environment.Job instance at 0x7f6771475cd0>,35,16,[7 3],36,88,104,52,79
1,<environment.Job instance at 0x7f67781eaf50>,4,15,[10  2],5,104,119,99,90
1,<environment.Job instance at 0x7f672dba46e0>,42,14,[9 2],43,119,133,76,105
1,<environment.Job instance at 0x7f672dba48c0>,44,2,[6 1],45,133,135,88,106
1,<environment.Job instance at 0x7f67714ee500>,46,12,[2 7],47,133,145,86,117
1,<environment.Job instance at 0x7f672dba41e0>,37,16,[1 8],38,145,161,107,132
1,<environment.Job instance at 0x7f6777e6b730>,21,16,[3 9],22,161,177,139,148
1,<environment.Job instance at 0x7f6777ecb0a0>,59,17,[5 7],60,177,194,117,166
1,<environment.Job instance at 0x7f6771983370>,52,16,[9 2],53,194,210,141,181
1,<environment.Job instance at 0x7f677174b140>,72,14,[ 2 10],73,210,224,137,196
1,<environment.Job instance at 0x7f677174b460>,76,13,[5 7],77,224,237,147,209
1,<environment.Job instance at 0x7f6778369e60>,74,13,[10  5],75,237,250,162,223
1,<environment.Job instance at 0x7f672d6b4cd0>,81,12,[4 7],82,250,262,168,233
1,<environment.Job instance at 0x7f672dd94fa0>,85,14,[4 8],86,262,276,176,248
1,<environment.Job instance at 0x7f672d6b4190>,82,17,[9 4],83,276,293,193,264
1,<environment.Job instance at 0x7f67712450a0>,92,1,[1 8],93,293,294,200,268
1,<environment.Job instance at 0x7f6771245460>,94,2,[3 6],95,294,296,199,287
1,<environment.Job instance at 0x7f6771245190>,98,18,[5 9],99,296,314,197,288
1,<environment.Job instance at 0x7f6778869370>,26,18,[6 4],27,350,368,323,350
1,<environment.Job instance at 0x7f672d61e320>,1,2,[1 9],2,2,4,0,2
1,<environment.Job instance at 0x7f67781e8460>,3,13,[8 4],4,4,17,0,4
1,<environment.Job instance at 0x7f672dc772d0>,6,1,[5 2],7,17,18,10,7
1,<environment.Job instance at 0x7f672dc776e0>,9,13,[8 2],10,18,31,8,10
1,<environment.Job instance at 0x7f67785bb190>,7,13,[10  4],8,31,44,23,17
1,<environment.Job instance at 0x7f6777d62730>,14,3,[10  2],15,44,47,29,18
1,<environment.Job instance at 0x7f6778230280>,18,2,[1 9],19,47,49,28,26
1,<environment.Job instance at 0x7f6777d1e8c0>,19,14,[5 1],20,47,61,27,32
1,<environment.Job instance at 0x7f672d5e6780>,23,3,[6 2],24,61,64,37,41
1,<environment.Job instance at 0x7f6778096640>,24,1,[7 4],25,64,65,39,41
1,<environment.Job instance at 0x7f677138fb40>,28,3,[10  4],29,65,68,36,45
1,<environment.Job instance at 0x7f672d5e6640>,29,18,[6 2],30,68,86,38,57
1,<environment.Job instance at 0x7f6771986500>,34,1,[5 5],35,86,87,51,69
1,<environment.Job instance at 0x7f6771986aa0>,35,14,[5 7],36,87,101,51,73
1,<environment.Job instance at 0x7f6771986870>,38,21,[5 1],39,86,107,47,86
1,<environment.Job instance at 0x7f67719684b0>,40,2,[5 4],41,101,103,60,88
1,<environment.Job instance at 0x7f677866d780>,41,2,[6 1],42,107,109,65,89
1,<environment.Job instance at 0x7f677866da00>,42,12,[1 9],43,103,115,60,93
1,<environment.Job instance at 0x7f677866dfa0>,44,2,[2 5],45,115,117,70,93
1,<environment.Job instance at 0x7f672d60a5a0>,0,18,[6 4],1,115,133,114,104
1,<environment.Job instance at 0x7f672d8d23c0>,48,2,[5 7],49,133,135,84,106
1,<environment.Job instance at 0x7f6778163730>,51,14,[10  1],52,135,149,83,122
1,<environment.Job instance at 0x7f677866d460>,45,16,[4 9],46,149,165,103,139
1,<environment.Job instance at 0x7f6778475f50>,61,3,[7 4],62,165,168,103,140
1,<environment.Job instance at 0x7f677190a190>,62,18,[3 7],63,168,186,105,157
1,<environment.Job instance at 0x7f677190ab90>,67,15,[3 6],68,186,201,118,174
1,<environment.Job instance at 0x7f6778163b90>,52,18,[3 8],53,201,219,148,191
1,<environment.Job instance at 0x7f677824df00>,74,13,[3 6],75,219,232,144,204
1,<environment.Job instance at 0x7f672d5c0140>,78,16,[10  3],79,232,248,153,223
1,<environment.Job instance at 0x7f672d5c0960>,80,3,[ 4 10],81,248,251,167,223
1,<environment.Job instance at 0x7f677197ed20>,81,2,[2 9],82,251,253,169,224
1,<environment.Job instance at 0x7f67719a7eb0>,83,3,[8 1],84,251,254,167,245
1,<environment.Job instance at 0x7f67715e9870>,84,17,[2 7],85,253,270,168,245
1,<environment.Job instance at 0x7f677197e500>,76,13,[8 1],77,254,267,177,249
1,<environment.Job instance at 0x7f6771918820>,90,16,[1 7],91,270,286,179,258
1,<environment.Job instance at 0x7f6771918460>,91,12,[2 6],92,286,298,194,274
1,<environment.Job instance at 0x7f6771918e10>,92,17,[6 4],93,286,303,193,274
1,<environment.Job instance at 0x7f6777f09d70>,3,3,[5 3],4,4,7,0,4
1,<environment.Job instance at 0x7f6777f09690>,2,18,[2 5],3,7,25,4,7
1,<environment.Job instance at 0x7f677811f550>,8,1,[1 9],9,25,26,16,9
1,<environment.Job instance at 0x7f677811f9b0>,10,2,[5 2],11,15,17,4,15
1,<environment.Job instance at 0x7f677811fa50>,11,15,[5 2],12,26,41,14,18
1,<environment.Job instance at 0x7f677811faf0>,12,1,[2 9],13,41,42,28,25
1,<environment.Job instance at 0x7f677811fdc0>,16,1,[5 9],17,42,43,25,42
1,<environment.Job instance at 0x7f677811fe60>,17,2,[10  2],18,43,45,25,42
1,<environment.Job instance at 0x7f677811ffa0>,18,2,[8 5],19,45,47,26,42
1,<environment.Job instance at 0x7f677811ff50>,20,13,[10  1],21,47,60,26,44
1,<environment.Job instance at 0x7f67780f7230>,22,2,[5 3],23,60,62,37,48
1,<environment.Job instance at 0x7f67780f7410>,25,15,[1 5],26,60,75,34,49
1,<environment.Job instance at 0x7f67780f76e0>,27,3,[9 4],28,62,65,34,54
1,<environment.Job instance at 0x7f67780f7780>,28,13,[8 2],29,65,78,36,54
1,<environment.Job instance at 0x7f6778a54e10>,0,15,[1 8],1,75,90,74,62
1,<environment.Job instance at 0x7f67780f7a00>,32,15,[5 1],33,78,93,45,74
1,<environment.Job instance at 0x7f67780f7aa0>,33,3,[2 7],34,90,93,56,75
1,<environment.Job instance at 0x7f67780f7be0>,35,3,[10  5],36,93,96,57,75
1,<environment.Job instance at 0x7f677811fe10>,19,17,[9 4],20,96,113,76,85
1,<environment.Job instance at 0x7f67780f7d20>,37,15,[10  4],38,113,128,75,103
1,<environment.Job instance at 0x7f67780fd2d0>,42,14,[3 7],43,128,142,85,113
1,<environment.Job instance at 0x7f67780fd910>,48,18,[ 5 10],49,142,160,93,131
1,<environment.Job instance at 0x7f67780fdb90>,50,13,[2 8],51,160,173,109,144
1,<environment.Job instance at 0x7f67780f7dc0>,38,16,[ 5 10],39,173,189,134,166
1,<environment.Job instance at 0x7f672dca16e0>,2,3,[2 8],3,3,6,0,3
1,<environment.Job instance at 0x7f672dca1be0>,5,17,[1 7],6,6,23,0,6
1,<environment.Job instance at 0x7f672dc394b0>,8,13,[10  4],9,23,36,14,11
1,<environment.Job instance at 0x7f672d9af820>,12,3,[4 6],13,36,39,23,13
1,<environment.Job instance at 0x7f672dca1780>,0,13,[5 8],1,39,52,38,23
1,<environment.Job instance at 0x7f6777d68410>,19,12,[7 5],20,52,64,32,38
1,<environment.Job instance at 0x7f672d822870>,20,3,[8 1],21,64,67,43,38
1,<environment.Job instance at 0x7f672d8226e0>,21,12,[5 8],22,67,79,45,52
1,<environment.Job instance at 0x7f672dddda00>,23,18,[9 2],24,79,97,55,68
1,<environment.Job instance at 0x7f67714ae280>,27,3,[5 2],28,68,71,40,68
1,<environment.Job instance at 0x7f67715101e0>,26,16,[5 9],27,97,113,70,84
1,<environment.Job instance at 0x7f6777dc8fa0>,33,14,[3 6],34,113,127,79,98
1,<environment.Job instance at 0x7f67719cfd70>,38,12,[10  3],39,127,139,88,112
1,<environment.Job instance at 0x7f67715362d0>,41,1,[ 3 10],42,139,140,97,122
1,<environment.Job instance at 0x7f6771536dc0>,42,16,[6 1],43,140,156,97,127
1,<environment.Job instance at 0x7f672d577910>,45,14,[5 4],46,156,170,110,141
1,<environment.Job instance at 0x7f672d577e10>,48,3,[9 5],49,170,173,121,144
1,<environment.Job instance at 0x7f672d577870>,49,3,[5 4],50,156,159,106,144
1,<environment.Job instance at 0x7f672d8a7780>,51,12,[3 5],52,144,156,92,144
1,<environment.Job instance at 0x7f672d8a7e10>,52,2,[1 9],53,173,175,120,146
1,<environment.Job instance at 0x7f672d8a7eb0>,54,3,[8 5],55,175,178,120,149
1,<environment.Job instance at 0x7f67718c26e0>,57,18,[6 1],58,178,196,120,167
1,<environment.Job instance at 0x7f672ddfc3c0>,56,16,[4 9],57,178,194,121,167
1,<environment.Job instance at 0x7f6771369aa0>,66,17,[1 6],67,194,211,127,182
1,<environment.Job instance at 0x7f67716fc780>,68,13,[4 8],69,211,224,142,196
1,<environment.Job instance at 0x7f672d9b1640>,74,14,[ 5 10],75,224,238,149,211
1,<environment.Job instance at 0x7f672d9b1370>,76,16,[4 8],77,238,254,161,225
1,<environment.Job instance at 0x7f672daf9be0>,7,3,[1 6],8,9,12,1,9
1,<environment.Job instance at 0x7f672daf9d20>,12,1,[1 7],13,13,14,0,13
1,<environment.Job instance at 0x7f672daf9dc0>,14,2,[7 5],15,24,26,9,24
1,<environment.Job instance at 0x7f672daf9a50>,11,13,[9 3],12,26,39,14,24
1,<environment.Job instance at 0x7f672daf9820>,18,3,[2 6],19,39,42,20,25
1,<environment.Job instance at 0x7f672daf99b0>,19,15,[ 5 10],20,42,57,22,29
1,<environment.Job instance at 0x7f672d65b410>,23,12,[3 9],24,57,69,33,41
1,<environment.Job instance at 0x7f672d65bdc0>,26,15,[5 9],27,69,84,42,58
1,<environment.Job instance at 0x7f672daf94b0>,16,16,[ 1 10],17,84,100,67,72
1,<environment.Job instance at 0x7f6777eb1d70>,30,15,[8 4],31,100,115,69,87
1,<environment.Job instance at 0x7f6777eb1550>,32,13,[5 3],33,115,128,82,100
1,<environment.Job instance at 0x7f6777eb1230>,33,3,[6 5],34,128,131,94,102
1,<environment.Job instance at 0x7f6777eb10f0>,38,12,[5 4],39,115,127,76,107
1,<environment.Job instance at 0x7f6777eb1140>,40,13,[8 3],41,131,144,90,117
1,<environment.Job instance at 0x7f6777eb13c0>,45,15,[10  1],46,144,159,98,130
1,<environment.Job instance at 0x7f67718d8230>,47,12,[6 5],48,159,171,111,143
1,<environment.Job instance at 0x7f67718d8f00>,54,16,[5 8],55,171,187,116,158
1,<environment.Job instance at 0x7f672de59f00>,62,3,[5 8],63,187,190,124,171
1,<environment.Job instance at 0x7f672de59dc0>,66,2,[5 3],67,190,192,123,171
1,<environment.Job instance at 0x7f672de591e0>,68,12,[6 4],69,192,204,123,175
1,<environment.Job instance at 0x7f672ddee460>,71,13,[3 5],72,190,203,118,175
1,<environment.Job instance at 0x7f672ddee7d0>,73,15,[ 2 10],74,204,219,130,190
1,<environment.Job instance at 0x7f672ddeefa0>,78,12,[10  4],79,219,231,140,202
1,<environment.Job instance at 0x7f672ddee550>,82,1,[2 6],83,231,232,148,224
1,<environment.Job instance at 0x7f672ddee5f0>,83,3,[6 1],84,231,234,147,224
1,<environment.Job instance at 0x7f672ddeeaa0>,84,1,[7 3],85,234,235,149,224
1,<environment.Job instance at 0x7f672ddee730>,85,3,[8 1],86,235,238,149,224
1,<environment.Job instance at 0x7f67718ec690>,87,2,[5 8],88,238,240,150,224
1,<environment.Job instance at 0x7f67718ec9b0>,88,3,[6 2],89,240,243,151,224
1,<environment.Job instance at 0x7f67718ec5a0>,90,12,[2 5],91,240,252,149,224
1,<environment.Job instance at 0x7f67718ecf50>,93,14,[ 5 10],94,252,266,158,238
1,<environment.Job instance at 0x7f67718ec1e0>,96,16,[3 8],97,266,282,169,254
1,<environment.Job instance at 0x7f67716c29b0>,3,3,[7 1],4,4,7,0,4
1,<environment.Job instance at 0x7f67716f1cd0>,4,12,[7 1],5,7,19,2,5
1,<environment.Job instance at 0x7f677817c1e0>,5,3,[ 1 10],6,19,22,13,8
1,<environment.Job instance at 0x7f677817cb40>,9,2,[3 9],10,10,12,0,10
1,<environment.Job instance at 0x7f672d98eeb0>,7,1,[8 4],8,22,23,14,11
1,<environment.Job instance at 0x7f677817c960>,11,17,[9 4],12,23,40,11,14
1,<environment.Job instance at 0x7f677817cbe0>,8,12,[7 5],9,40,52,31,24
1,<environment.Job instance at 0x7f67781765a0>,17,14,[5 6],18,52,66,34,37
1,<environment.Job instance at 0x7f6777f09c80>,0,15,[5 5],1,66,81,65,52
1,<environment.Job instance at 0x7f6778176eb0>,26,15,[4 6],27,81,96,54,67
1,<environment.Job instance at 0x7f6771523b40>,30,12,[3 8],31,96,108,65,82
1,<environment.Job instance at 0x7f677133e280>,32,15,[6 2],33,85,100,52,85
1,<environment.Job instance at 0x7f672dc6a550>,35,16,[3 5],36,108,124,72,95
1,<environment.Job instance at 0x7f67780b4dc0>,36,14,[6 2],37,100,114,63,97
1,<environment.Job instance at 0x7f67782660a0>,39,14,[7 3],40,114,128,74,100
1,<environment.Job instance at 0x7f6778176460>,19,17,[5 6],20,128,145,108,116
1,<environment.Job instance at 0x7f672d44e0a0>,46,12,[5 3],47,128,140,81,117
1,<environment.Job instance at 0x7f67714a5320>,49,13,[4 7],50,145,158,95,129
1,<environment.Job instance at 0x7f672dc79280>,52,14,[5 2],53,140,154,87,129
1,<environment.Job instance at 0x7f672d9d5c80>,60,13,[5 8],61,158,171,97,152
1,<environment.Job instance at 0x7f672d9d5910>,61,16,[5 2],62,154,170,92,152
1,<environment.Job instance at 0x7f672d9d5be0>,64,12,[7 5],65,171,183,106,155
1,<environment.Job instance at 0x7f67783fc6e0>,67,16,[8 4],68,183,199,115,170
1,<environment.Job instance at 0x7f67783fcf00>,71,3,[1 5],72,174,177,102,174
1,<environment.Job instance at 0x7f67783fccd0>,72,12,[8 2],73,199,211,126,182
1,<environment.Job instance at 0x7f67783fca50>,75,2,[8 4],76,211,213,135,193
1,<environment.Job instance at 0x7f672dc95dc0>,48,15,[10  2],49,213,228,164,208
1,<environment.Job instance at 0x7f677810c0a0>,0,12,[9 4],1,7,19,6,7
1,<environment.Job instance at 0x7f67781245a0>,7,1,[7 5],8,19,20,11,8
1,<environment.Job instance at 0x7f677822dc80>,8,1,[10  1],9,20,21,11,9
1,<environment.Job instance at 0x7f672d8df3c0>,9,3,[3 5],10,21,24,11,10
1,<environment.Job instance at 0x7f672d8df190>,10,3,[ 2 10],11,24,27,13,11
1,<environment.Job instance at 0x7f672d8dfdc0>,12,14,[6 2],13,27,41,14,13
1,<environment.Job instance at 0x7f6771842af0>,4,17,[3 5],5,27,44,22,17
1,<environment.Job instance at 0x7f672d8dfb40>,15,3,[9 4],16,44,47,28,19
1,<environment.Job instance at 0x7f6771517f00>,19,3,[7 4],20,41,44,21,29
1,<environment.Job instance at 0x7f672dcd2b90>,20,2,[3 9],21,47,49,26,29
1,<environment.Job instance at 0x7f6771718910>,21,3,[4 5],22,49,52,27,30
1,<environment.Job instance at 0x7f672d407690>,22,3,[10  3],23,52,55,29,31
1,<environment.Job instance at 0x7f672d454460>,23,16,[9 5],24,55,71,31,42
1,<environment.Job instance at 0x7f672d4e2640>,5,15,[ 1 10],6,71,86,65,57
1,<environment.Job instance at 0x7f67781636e0>,30,14,[6 1],31,86,100,55,72
1,<environment.Job instance at 0x7f6778163e60>,33,15,[2 7],34,86,101,52,73
1,<environment.Job instance at 0x7f67781630f0>,35,3,[9 3],36,101,104,65,75
1,<environment.Job instance at 0x7f672d771a00>,38,12,[ 1 10],39,104,116,65,88
1,<environment.Job instance at 0x7f672d771f00>,42,12,[7 3],43,116,128,73,99
1,<environment.Job instance at 0x7f6778163640>,36,17,[8 4],37,128,145,91,117
1,<environment.Job instance at 0x7f672d771550>,48,18,[1 5],49,117,135,68,117
1,<environment.Job instance at 0x7f6771426460>,51,18,[3 9],52,145,163,93,134
1,<environment.Job instance at 0x7f672dd50eb0>,55,3,[5 2],56,163,166,107,145
1,<environment.Job instance at 0x7f672d6e2b40>,58,13,[8 5],59,166,179,107,151
1,<environment.Job instance at 0x7f672d6e2fa0>,60,3,[7 3],61,179,182,118,160
1,<environment.Job instance at 0x7f6771391140>,17,18,[ 1 10],18,182,200,164,173
1,<environment.Job instance at 0x7f672d69f730>,66,12,[6 2],67,200,212,133,186
1,<environment.Job instance at 0x7f672d69fcd0>,67,15,[1 8],68,200,215,132,191
1,<environment.Job instance at 0x7f6771968320>,69,15,[9 1],70,212,227,142,200
1,<environment.Job instance at 0x7f672d41f280>,75,3,[2 8],76,353,356,277,353
1,<environment.Job instance at 0x7f672d41faa0>,76,14,[9 2],77,366,380,289,366
1,<environment.Job instance at 0x7f67718f2af0>,80,13,[3 7],81,380,393,299,367
1,<environment.Job instance at 0x7f672de0c780>,81,1,[7 2],82,380,381,298,367
1,<environment.Job instance at 0x7f672de0c280>,85,17,[9 3],86,419,436,333,419
1,<environment.Job instance at 0x7f672de0c5a0>,89,12,[5 1],90,441,453,351,441
1,<environment.Job instance at 0x7f672de0c370>,90,3,[8 5],91,453,456,362,441
1,<environment.Job instance at 0x7f672de0c4b0>,92,2,[4 9],93,441,443,348,441
1,<environment.Job instance at 0x7f672de0c410>,93,3,[8 4],94,456,459,362,442
1,<environment.Job instance at 0x7f672de0caf0>,94,2,[3 8],95,443,445,348,442
1,<environment.Job instance at 0x7f672de0cb40>,95,3,[ 1 10],96,459,462,363,442
1,<environment.Job instance at 0x7f672de0ccd0>,96,14,[8 3],97,462,476,365,450
1,<environment.Job instance at 0x7f67719205a0>,98,3,[6 2],99,476,479,377,462
1,<environment.Job instance at 0x7f677179ef00>,3,1,[8 3],4,4,5,0,4
1,<environment.Job instance at 0x7f677172c640>,2,18,[2 5],3,5,23,2,5
1,<environment.Job instance at 0x7f677179e280>,5,15,[8 4],6,6,21,0,6
1,<environment.Job instance at 0x7f677179e0a0>,9,17,[5 4],10,21,38,11,10
1,<environment.Job instance at 0x7f677179e910>,10,16,[1 6],11,23,39,12,11
1,<environment.Job instance at 0x7f677179e3c0>,11,12,[2 8],12,39,51,27,22
1,<environment.Job instance at 0x7f677179ebe0>,16,14,[6 2],17,38,52,21,32
1,<environment.Job instance at 0x7f677179eeb0>,17,3,[8 3],18,52,55,34,32
1,<environment.Job instance at 0x7f677179ec80>,4,15,[10  1],5,55,70,50,42
1,<environment.Job instance at 0x7f677179e5a0>,15,16,[3 8],16,70,86,54,57
1,<environment.Job instance at 0x7f67782312d0>,20,14,[1 7],21,86,100,65,71
1,<environment.Job instance at 0x7f6777e3f6e0>,31,13,[1 7],32,100,113,68,84
1,<environment.Job instance at 0x7f6777e3f8c0>,34,14,[5 3],35,90,104,55,90
1,<environment.Job instance at 0x7f6777e3f320>,42,14,[5 5],43,113,127,70,111
1,<environment.Job instance at 0x7f6777e3f730>,44,13,[4 7],45,127,140,82,113
1,<environment.Job instance at 0x7f6777e3fbe0>,48,18,[7 1],49,140,158,91,129
1,<environment.Job instance at 0x7f6778231b90>,30,15,[3 7],31,140,155,109,136
1,<environment.Job instance at 0x7f672d5b14b0>,51,12,[4 6],52,158,170,106,142
1,<environment.Job instance at 0x7f672dc08eb0>,57,15,[8 5],58,170,185,112,161
1,<environment.Job instance at 0x7f67712dd640>,4,17,[4 9],5,7,24,2,7
1,<environment.Job instance at 0x7f67712dd050>,10,15,[8 5],11,26,41,15,26
1,<environment.Job instance at 0x7f677881be60>,13,15,[5 3],14,41,56,27,27
1,<environment.Job instance at 0x7f672dc55a50>,22,15,[9 5],23,56,71,33,42
1,<environment.Job instance at 0x7f67716c5280>,27,18,[5 3],28,71,89,43,60
1,<environment.Job instance at 0x7f67787e99b0>,30,12,[2 6],31,71,83,40,65
1,<environment.Job instance at 0x7f67787e9550>,32,16,[8 1],33,89,105,56,76
1,<environment.Job instance at 0x7f67712ddb90>,6,18,[1 8],7,89,107,82,79
1,<environment.Job instance at 0x7f672dba0910>,39,17,[3 5],40,107,124,67,95
1,<environment.Job instance at 0x7f672dba0b90>,41,14,[7 5],42,107,121,65,97
1,<environment.Job instance at 0x7f672dbd9fa0>,44,18,[6 5],45,121,139,76,111
1,<environment.Job instance at 0x7f672d9f7e10>,53,13,[2 7],54,139,152,85,128
1,<environment.Job instance at 0x7f6778339820>,0,16,[5 9],1,152,168,151,142
1,<environment.Job instance at 0x7f6777dbc0a0>,58,18,[6 5],59,168,186,109,158
1,<environment.Job instance at 0x7f6777dc12d0>,65,16,[10  1],66,186,202,120,175
1,<environment.Job instance at 0x7f672d45b5f0>,68,14,[5 5],69,202,216,133,188
1,<environment.Job instance at 0x7f672db88690>,74,2,[7 5],75,216,218,141,196
1,<environment.Job instance at 0x7f672d4c94b0>,76,2,[ 2 10],77,218,220,141,196
1,<environment.Job instance at 0x7f6778029af0>,78,1,[9 5],79,220,221,141,196
1,<environment.Job instance at 0x7f672d4b1c30>,80,2,[9 2],81,221,223,140,217
1,<environment.Job instance at 0x7fe9f2159140>,2,12,[5 4],3,3,15,0,3
1,<environment.Job instance at 0x7fe9ead492d0>,5,13,[5 9],6,15,28,9,6
1,<environment.Job instance at 0x7fe9f219c640>,4,18,[10  4],5,28,46,23,18
1,<environment.Job instance at 0x7fe9ead499b0>,12,3,[6 3],13,46,49,33,37
1,<environment.Job instance at 0x7fe9ead49af0>,13,13,[1 8],14,49,62,35,37
1,<environment.Job instance at 0x7fe9ead49c80>,16,12,[1 8],17,62,74,45,45
1,<environment.Job instance at 0x7fe9f219ce10>,3,18,[ 3 10],4,74,92,70,72
1,<environment.Job instance at 0x7fe9ead4a140>,24,3,[5 9],25,92,95,67,75
1,<environment.Job instance at 0x7fe9ead4a0a0>,25,3,[1 6],26,95,98,69,75
1,<environment.Job instance at 0x7fe9ead4a050>,27,2,[6 4],28,95,97,67,76
1,<environment.Job instance at 0x7fe9ead4a2d0>,28,2,[5 9],29,98,100,69,76
1,<environment.Job instance at 0x7fe9ead4a550>,30,1,[5 5],31,100,101,69,76
1,<environment.Job instance at 0x7fe9ead4a460>,31,17,[4 9],32,101,118,69,98
1,<environment.Job instance at 0x7fe9ead4a690>,34,3,[9 5],35,118,121,83,99
1,<environment.Job instance at 0x7fe9ead4a5a0>,35,16,[8 1],36,121,137,85,108
1,<environment.Job instance at 0x7fe9ead4ab90>,38,12,[3 6],39,137,149,98,120
1,<environment.Job instance at 0x7fe9ead4abe0>,40,1,[1 8],41,127,128,86,127
1,<environment.Job instance at 0x7fe9ead4af00>,41,14,[6 1],42,137,151,95,127
1,<environment.Job instance at 0x7fe9ead4afa0>,42,14,[8 4],43,151,165,108,137
1,<environment.Job instance at 0x7fe9ead49780>,8,17,[ 2 10],9,165,182,156,163
1,<environment.Job instance at 0x7fe9ead4e320>,45,16,[6 2],46,182,198,136,169
1,<environment.Job instance at 0x7fe9f22ce190>,5,14,[9 1],6,8,22,2,8
1,<environment.Job instance at 0x7fe9f2183f50>,8,3,[2 7],9,22,25,13,9
1,<environment.Job instance at 0x7fe9f22bff50>,13,3,[1 5],14,14,17,0,14
1,<environment.Job instance at 0x7fe9f22d20f0>,14,15,[9 1],15,25,40,10,15
1,<environment.Job instance at 0x7fe9f22d2e10>,17,3,[1 8],18,19,22,1,19
1,<environment.Job instance at 0x7fe9f22d20a0>,18,16,[7 1],19,40,56,21,27
1,<environment.Job instance at 0x7fe9f22d2190>,20,16,[9 3],21,56,72,35,43
1,<environment.Job instance at 0x7fe9f22cc5a0>,23,3,[2 9],24,45,48,21,45
1,<environment.Job instance at 0x7fe9a725e370>,1,1,[8 3],2,2,3,0,2
1,<environment.Job instance at 0x7fe9f22ccfa0>,3,15,[5 6],4,7,22,3,7
1,<environment.Job instance at 0x7fe9a7046820>,7,1,[7 2],8,22,23,14,8
1,<environment.Job instance at 0x7fe9a7046af0>,11,13,[3 6],12,22,35,10,13
1,<environment.Job instance at 0x7fe9a70466e0>,14,14,[8 5],15,35,49,20,20
1,<environment.Job instance at 0x7fe9a7043e10>,17,3,[4 9],18,49,52,31,24
1,<environment.Job instance at 0x7fe9a7046cd0>,13,12,[3 8],14,52,64,38,36
1,<environment.Job instance at 0x7fe9a70439b0>,21,16,[7 4],22,64,80,42,51
1,<environment.Job instance at 0x7fe9a703a320>,26,17,[2 6],27,64,81,37,52
1,<environment.Job instance at 0x7fe9a703ae10>,27,16,[2 8],28,81,97,53,69
1,<environment.Job instance at 0x7fe9a703a280>,33,14,[3 5],34,97,111,63,83
1,<environment.Job instance at 0x7fe9a702b5a0>,39,12,[1 8],40,111,123,71,94
1,<environment.Job instance at 0x7fe9a703ab40>,24,15,[9 5],25,123,138,98,111
1,<environment.Job instance at 0x7fe9a708c0a0>,47,14,[3 5],48,140,154,92,140
1,<environment.Job instance at 0x7fe9a708c550>,50,1,[9 5],51,154,155,103,140
1,<environment.Job instance at 0x7fe9a708cfa0>,52,17,[8 2],53,162,179,109,162
1,<environment.Job instance at 0x7fe9a709d870>,55,2,[7 1],56,179,181,123,162
1,<environment.Job instance at 0x7fe9a709dcd0>,56,14,[5 4],57,181,195,124,166
1,<environment.Job instance at 0x7fe9a709daf0>,61,16,[6 2],62,195,211,133,182
1,<environment.Job instance at 0x7fe9a714a780>,66,13,[3 6],67,183,196,116,183
1,<environment.Job instance at 0x7fe9a7144640>,1,16,[2 8],2,2,18,0,2
1,<environment.Job instance at 0x7fe9a714ad70>,5,1,[5 7],6,18,19,12,6
1,<environment.Job instance at 0x7fe9a7144550>,6,2,[3 5],7,19,21,12,7
1,<environment.Job instance at 0x7fe9a7144320>,7,2,[9 1],8,21,23,13,8
1,<environment.Job instance at 0x7fe9a7144410>,9,16,[1 7],10,21,37,11,10
1,<environment.Job instance at 0x7fe9a703aa00>,13,1,[2 8],14,37,38,23,14
1,<environment.Job instance at 0x7fe9a703a0f0>,14,12,[3 5],15,38,50,23,21
1,<environment.Job instance at 0x7fe9a711f280>,11,15,[3 5],12,38,53,26,25
1,<environment.Job instance at 0x7fe9a6fe90a0>,20,1,[2 5],21,50,51,29,26
1,<environment.Job instance at 0x7fe9a6fe95a0>,24,12,[2 9],25,53,65,28,37
1,<environment.Job instance at 0x7fe9a6fe9b90>,26,15,[10  5],27,65,80,38,52
1,<environment.Job instance at 0x7fe9a6fe9dc0>,32,2,[1 5],33,80,82,47,63
1,<environment.Job instance at 0x7fe9a6fe9410>,33,12,[8 5],34,80,92,46,63
1,<environment.Job instance at 0x7fe9f2183280>,36,3,[2 7],37,92,95,55,78
1,<environment.Job instance at 0x7fe9f2183f50>,37,13,[ 1 10],38,95,108,57,79
1,<environment.Job instance at 0x7fe9f21830a0>,38,3,[4 7],39,108,111,69,82
1,<environment.Job instance at 0x7fe9f2183780>,39,18,[ 2 10],40,111,129,71,100
1,<environment.Job instance at 0x7fe9a6fe6960>,42,2,[6 3],43,108,110,65,100
1,<environment.Job instance at 0x7fe9a6fe6460>,41,18,[3 8],42,129,147,87,122
1,<environment.Job instance at 0x7fe9a6fe60a0>,51,3,[10  4],52,147,150,95,128
1,<environment.Job instance at 0x7fe9a6fe6140>,48,14,[3 6],49,150,164,101,135
1,<environment.Job instance at 0x7fe9a70430a0>,58,12,[8 2],59,164,176,105,147
1,<environment.Job instance at 0x7fe9a7043140>,60,12,[1 5],61,164,176,103,147
1,<environment.Job instance at 0x7fe9a70430f0>,57,13,[4 9],58,176,189,118,165
1,<environment.Job instance at 0x7fe9a74b7780>,69,17,[2 6],70,189,206,119,177
1,<environment.Job instance at 0x7fe9a74b72d0>,71,3,[3 7],72,206,209,134,180
1,<environment.Job instance at 0x7fe9a74b73c0>,75,12,[4 7],76,209,221,133,196
1,<environment.Job instance at 0x7fe9a74b7c80>,76,13,[8 3],77,221,234,144,205
1,<environment.Job instance at 0x7fe9a74b7320>,78,14,[2 7],79,221,235,142,213
1,<environment.Job instance at 0x7fe9a7534820>,81,18,[5 7],82,235,253,153,225
1,<environment.Job instance at 0x7fe9a751fd70>,87,14,[10  3],88,253,267,165,243
1,<environment.Job instance at 0x7fe9a751f500>,88,13,[8 2],89,267,280,178,251
1,<environment.Job instance at 0x7fe9a6fd2c80>,0,3,[9 1],1,4,7,3,4
1,<environment.Job instance at 0x7fe9a6fe9370>,6,17,[9 1],7,7,24,0,7
1,<environment.Job instance at 0x7fe9a6fd2780>,3,17,[1 8],4,7,24,3,7
1,<environment.Job instance at 0x7fe9a7316af0>,11,3,[9 3],12,24,27,12,12
1,<environment.Job instance at 0x7fe9a73f45a0>,13,13,[9 5],14,27,40,13,16
1,<environment.Job instance at 0x7fe9a70040f0>,16,2,[9 2],17,40,42,23,17
1,<environment.Job instance at 0x7fe9a7004af0>,17,2,[5 2],18,42,44,24,18
1,<environment.Job instance at 0x7fe9a705e7d0>,18,2,[6 5],19,44,46,25,19
1,<environment.Job instance at 0x7fe9a705e640>,19,3,[8 5],20,46,49,26,20
1,<environment.Job instance at 0x7fe9ed482280>,23,14,[3 6],24,49,63,25,34
1,<environment.Job instance at 0x7fe9a7620c30>,27,13,[6 5],28,63,76,35,47
1,<environment.Job instance at 0x7fe9a7620780>,28,2,[7 3],29,49,51,20,47
1,<environment.Job instance at 0x7fe9a70c6c30>,30,2,[6 5],31,76,78,45,55
1,<environment.Job instance at 0x7fe9a709de60>,31,14,[1 9],32,78,92,46,63
1,<environment.Job instance at 0x7fe9a709d820>,32,12,[4 9],33,92,104,59,77
1,<environment.Job instance at 0x7fe9a6f9aa00>,35,14,[7 3],36,104,118,68,90
1,<environment.Job instance at 0x7fe9a6f9a5a0>,38,12,[5 6],39,118,130,79,101
1,<environment.Job instance at 0x7fe9a6f9af00>,39,1,[ 4 10],40,130,131,90,102
1,<environment.Job instance at 0x7fe9a6f9a280>,40,1,[10  3],41,131,132,90,103
1,<environment.Job instance at 0x7fe9eaeab320>,42,3,[1 7],43,112,115,69,112
1,<environment.Job instance at 0x7fe9a76502d0>,43,3,[9 4],44,132,135,88,112
1,<environment.Job instance at 0x7fe9eadc9f00>,44,2,[4 8],45,135,137,90,112
1,<environment.Job instance at 0x7fe9eab30af0>,46,14,[8 1],47,137,151,90,122
1,<environment.Job instance at 0x7fe9eab30b90>,48,1,[2 5],49,137,138,88,123
1,<environment.Job instance at 0x7fe9eab30280>,52,17,[2 5],53,138,155,85,131
1,<environment.Job instance at 0x7fe9eab4a140>,56,18,[8 2],57,151,169,94,140
1,<environment.Job instance at 0x7fe9a70e93c0>,14,15,[ 1 10],15,169,184,154,155
1,<environment.Job instance at 0x7fe9eab4ae60>,62,3,[ 3 10],63,184,187,121,171
1,<environment.Job instance at 0x7fe9eab4aa00>,65,2,[9 3],66,187,189,121,171
1,<environment.Job instance at 0x7fe9eab4a1e0>,66,14,[7 5],67,189,203,122,176
1,<environment.Job instance at 0x7fe9eab693c0>,69,3,[3 6],70,203,206,133,189
1,<environment.Job instance at 0x7fe9eab54eb0>,70,3,[7 3],71,203,206,132,189
1,<environment.Job instance at 0x7fe9eab54730>,68,14,[3 8],69,206,220,137,193
1,<environment.Job instance at 0x7fe9a741a1e0>,75,16,[4 5],76,220,236,144,207
1,<environment.Job instance at 0x7fe9eab4a7d0>,59,18,[5 8],60,236,254,176,225
1,<environment.Job instance at 0x7fe9eab65280>,81,15,[3 5],82,254,269,172,240
1,<environment.Job instance at 0x7fe9eab52a50>,84,15,[5 7],85,269,284,184,255
1,<environment.Job instance at 0x7fe9eabeaaf0>,87,18,[1 7],88,284,302,196,273
1,<environment.Job instance at 0x7fe9eacf0c80>,4,2,[10  3],5,5,7,0,5
1,<environment.Job instance at 0x7fe9eab18aa0>,6,16,[2 6],7,7,23,0,7
1,<environment.Job instance at 0x7fe9eab18be0>,9,1,[8 3],10,10,11,0,10
1,<environment.Job instance at 0x7fe9eab18a50>,12,3,[4 9],13,23,26,10,13
1,<environment.Job instance at 0x7fe9eab18730>,14,14,[7 5],15,26,40,11,15
1,<environment.Job instance at 0x7fe9eab18960>,16,2,[ 3 10],17,40,42,23,18
1,<environment.Job instance at 0x7fe9eaf58320>,17,3,[5 1],18,18,21,0,18
1,<environment.Job instance at 0x7fe9eaf58b90>,19,14,[9 5],20,42,56,22,27
1,<environment.Job instance at 0x7fe9eab18cd0>,13,18,[ 1 10],14,56,74,42,49
1,<environment.Job instance at 0x7fe9eaf58c80>,25,17,[ 5 10],26,74,91,48,63
1,<environment.Job instance at 0x7fe9eaf587d0>,30,12,[7 2],31,91,103,60,76
1,<environment.Job instance at 0x7fe9eaf586e0>,32,3,[1 9],33,103,106,70,84
1,<environment.Job instance at 0x7fe9eb1f6730>,34,1,[7 3],35,106,107,71,84
1,<environment.Job instance at 0x7fe9eb1f6820>,35,3,[7 2],36,107,110,71,84
1,<environment.Job instance at 0x7fe9eb1f6870>,36,14,[9 2],37,110,124,73,96
1,<environment.Job instance at 0x7fe9a720cb90>,5,3,[10  4],6,8,11,2,8
1,<environment.Job instance at 0x7fe9a720ca50>,6,14,[1 7],7,12,26,5,12
1,<environment.Job instance at 0x7fe9a71ac190>,7,2,[ 2 10],8,26,28,18,12
1,<environment.Job instance at 0x7fe9eae1f820>,9,16,[5 3],10,28,44,18,21
1,<environment.Job instance at 0x7fe9a7318a50>,11,2,[2 6],12,28,30,16,24
1,<environment.Job instance at 0x7fe9eb095d20>,15,3,[1 9],16,44,47,28,24
1,<environment.Job instance at 0x7fe9a73fe460>,16,15,[10  4],17,47,62,30,34
1,<environment.Job instance at 0x7fe9a6fecd20>,2,15,[10  1],3,62,77,59,49
1,<environment.Job instance at 0x7fe9eb095500>,14,16,[9 4],15,77,93,62,64
1,<environment.Job instance at 0x7fe9a73fe8c0>,18,17,[3 9],19,93,110,74,81
1,<environment.Job instance at 0x7fe9a709beb0>,29,17,[1 9],30,110,127,80,98
1,<environment.Job instance at 0x7fe9eacf25f0>,43,16,[5 3],44,127,143,83,114
1,<environment.Job instance at 0x7fe9eacf2410>,45,15,[ 1 10],46,143,158,97,130
1,<environment.Job instance at 0x7fe9eacf2cd0>,49,12,[4 6],50,158,170,108,142
1,<environment.Job instance at 0x7fe9ed2cb870>,50,13,[5 3],51,158,171,107,144
1,<environment.Job instance at 0x7fe9eafbdeb0>,53,3,[4 7],54,170,173,116,156
1,<environment.Job instance at 0x7fe9a71ac9b0>,10,18,[ 5 10],11,173,191,162,162
1,<environment.Job instance at 0x7fe9a7624af0>,57,15,[4 6],58,191,206,133,177
1,<environment.Job instance at 0x7fe9a7318be0>,13,16,[8 5],14,206,222,192,201
1,<environment.Job instance at 0x7fe9a7294c80>,2,3,[4 8],3,3,6,0,3
1,<environment.Job instance at 0x7fe9a6fec4b0>,5,14,[4 6],6,6,20,0,6
1,<environment.Job instance at 0x7fe9ed54a5f0>,11,2,[7 1],12,20,22,8,12
1,<environment.Job instance at 0x7fe9ed54aa50>,13,3,[10  3],14,22,25,8,14
1,<environment.Job instance at 0x7fe9eab57a50>,17,3,[7 5],18,26,29,8,26
1,<environment.Job instance at 0x7fe9eab571e0>,18,17,[3 7],19,29,46,10,26
1,<environment.Job instance at 0x7fe9eab57140>,19,1,[8 2],20,46,47,26,26
1,<environment.Job instance at 0x7fe9ed54a280>,16,14,[6 4],17,47,61,30,32
1,<environment.Job instance at 0x7fe9a7209f50>,24,3,[ 3 10],25,61,64,36,37
1,<environment.Job instance at 0x7fe9a72093c0>,26,3,[5 4],27,64,67,37,38
1,<environment.Job instance at 0x7fe9eacf0190>,28,12,[ 4 10],29,67,79,38,50
1,<environment.Job instance at 0x7fe9ed54abe0>,15,12,[8 5],16,79,91,63,62
1,<environment.Job instance at 0x7fe9a74fb460>,34,16,[5 5],35,91,107,56,78
1,<environment.Job instance at 0x7fe9ed603910>,33,18,[5 5],34,91,109,57,82
1,<environment.Job instance at 0x7fe9eafbdd70>,36,13,[3 9],37,109,122,72,93
1,<environment.Job instance at 0x7fe9f20826e0>,43,12,[2 6],44,122,134,78,105
1,<environment.Job instance at 0x7fe9eac4a3c0>,48,16,[8 3],49,122,138,73,112
1,<environment.Job instance at 0x7fe9eac4a960>,53,1,[10  1],54,146,147,92,146
1,<environment.Job instance at 0x7fe9eac83140>,44,16,[2 7],45,147,163,102,146
1,<environment.Job instance at 0x7fe9eac4ac30>,56,2,[5 9],57,163,165,106,147
1,<environment.Job instance at 0x7fe9eac4ac80>,57,2,[10  3],58,165,167,107,147
1,<environment.Job instance at 0x7fe9eac4a4b0>,59,14,[5 1],60,174,188,114,174
1,<environment.Job instance at 0x7fe9eac4af50>,60,3,[5 7],61,174,177,113,174
1,<environment.Job instance at 0x7fe9eac50230>,62,18,[4 7],63,177,195,114,174
1,<environment.Job instance at 0x7fe9eac500a0>,64,14,[9 1],65,195,209,130,182
1,<environment.Job instance at 0x7fe9eac500f0>,65,12,[7 1],66,209,221,143,193
1,<environment.Job instance at 0x7fe9eac502d0>,67,3,[6 3],68,221,224,153,195
1,<environment.Job instance at 0x7fe9a7479410>,35,17,[ 3 10],36,224,241,188,213
1,<environment.Job instance at 0x7fe9eac4a7d0>,54,17,[9 2],55,241,258,186,229
1,<environment.Job instance at 0x7fe9eac50a00>,75,18,[1 8],76,241,259,165,231
1,<environment.Job instance at 0x7fe9eac50d70>,79,15,[5 7],80,259,274,179,246
1,<environment.Job instance at 0x7fe9a731b1e0>,0,16,[ 3 10],1,274,290,273,262
1,<environment.Job instance at 0x7fe9eac50e60>,86,18,[7 4],87,290,308,203,279
1,<environment.Job instance at 0x7fe9eac49550>,89,18,[6 4],90,308,326,218,297
1,<environment.Job instance at 0x7fe9ed54a190>,1,2,[1 6],2,2,4,0,2
1,<environment.Job instance at 0x7fe9eac49550>,3,2,[3 5],4,4,6,0,4
1,<environment.Job instance at 0x7fe9ed4cbbe0>,7,2,[6 3],8,8,10,0,8
1,<environment.Job instance at 0x7fe9f22cc6e0>,15,2,[ 2 10],16,16,18,0,16
1,<environment.Job instance at 0x7fe9f217f820>,18,16,[7 2],19,19,35,0,19
1,<environment.Job instance at 0x7fe9ed4cb9b0>,9,12,[9 4],10,35,47,25,19
1,<environment.Job instance at 0x7fe9eb08e5f0>,20,1,[8 1],21,47,48,26,21
1,<environment.Job instance at 0x7fe9eb08eb90>,19,1,[1 8],20,21,22,1,21
1,<environment.Job instance at 0x7fe9a73b69b0>,22,2,[3 6],23,23,25,0,23
1,<environment.Job instance at 0x7fe9a75e3f00>,24,3,[4 5],25,48,51,23,25
1,<environment.Job instance at 0x7fe9eb1a6fa0>,26,3,[5 8],27,51,54,24,27
1,<environment.Job instance at 0x7fe9ed779c30>,28,3,[6 1],29,48,51,19,29
1,<environment.Job instance at 0x7fe9a74c2910>,29,3,[8 2],30,54,57,24,30
1,<environment.Job instance at 0x7fe9eb05e8c0>,32,3,[5 9],33,57,60,24,43
1,<environment.Job instance at 0x7fe9eace3eb0>,25,18,[9 2],26,60,78,34,49
1,<environment.Job instance at 0x7fe9eaed81e0>,33,16,[8 1],34,78,94,44,66
1,<environment.Job instance at 0x7fe9ed4295a0>,41,3,[2 6],42,78,81,36,68
1,<environment.Job instance at 0x7fe9ed429a50>,40,15,[2 8],41,81,96,40,69
1,<environment.Job instance at 0x7fe9eb0b4730>,47,16,[1 7],48,96,112,48,83
1,<environment.Job instance at 0x7fe9eb0b4050>,49,18,[2 7],50,112,130,62,101
1,<environment.Job instance at 0x7fe9a717e730>,54,13,[8 2],55,113,126,58,113
1,<environment.Job instance at 0x7fe9a717ee10>,55,1,[6 4],56,130,131,74,113
1,<environment.Job instance at 0x7fe9a717e550>,56,3,[6 1],57,126,129,69,113
1,<environment.Job instance at 0x7fe9a717e280>,57,1,[5 1],58,129,130,71,113
1,<environment.Job instance at 0x7fe9a717ec30>,58,13,[2 5],59,130,143,71,114
1,<environment.Job instance at 0x7fe9a766b5f0>,53,16,[9 4],54,143,159,89,130
1,<environment.Job instance at 0x7fe9a74eacd0>,64,17,[8 1],65,159,176,94,147
1,<environment.Job instance at 0x7fe9a74eac30>,71,18,[3 8],72,176,194,104,165
1,<environment.Job instance at 0x7fe9ed6460f0>,74,15,[4 8],75,194,209,119,180
1,<environment.Job instance at 0x7fe9ed646730>,73,14,[ 4 10],74,209,223,135,194
1,<environment.Job instance at 0x7fe9ed646fa0>,82,3,[1 8],83,223,226,140,200
1,<environment.Job instance at 0x7fe9ed6469b0>,85,15,[3 5],86,226,241,140,213
1,<environment.Job instance at 0x7fe9a75a8f00>,91,3,[9 1],92,223,226,131,219
1,<environment.Job instance at 0x7fe9a75a8eb0>,92,13,[9 1],93,241,254,148,225
1,<environment.Job instance at 0x7fe9a75a88c0>,95,12,[2 8],96,254,266,158,237
1,<environment.Job instance at 0x7fe9a745c140>,97,17,[10  4],98,266,283,168,254
1,<environment.Job instance at 0x7fe9a745c500>,99,15,[2 6],100,283,298,183,269
1,<environment.Job instance at 0x7fe9a745c910>,102,13,[2 9],103,298,311,195,282
1,<environment.Job instance at 0x7fe9eac49b40>,0,16,[ 2 10],1,311,327,310,298
1,<environment.Job instance at 0x7fe9ed2a1d70>,2,1,[2 5],3,3,4,0,3
1,<environment.Job instance at 0x7fe9a761feb0>,6,1,[2 6],7,8,9,1,8
1,<environment.Job instance at 0x7fe9a761fa50>,5,3,[5 6],6,9,12,3,9
1,<environment.Job instance at 0x7fe9a753f870>,11,2,[1 5],12,12,14,0,12
1,<environment.Job instance at 0x7fe9a73f7b90>,9,17,[2 6],10,16,33,6,16
1,<environment.Job instance at 0x7fe9a75344b0>,15,3,[9 2],16,33,36,17,17
1,<environment.Job instance at 0x7fe9a74bd190>,13,14,[ 5 10],14,36,50,22,30
1,<environment.Job instance at 0x7fe9ed5326e0>,23,2,[5 1],24,50,52,26,34
1,<environment.Job instance at 0x7fe9a73f7550>,7,15,[5 8],8,50,65,42,36
1,<environment.Job instance at 0x7fe9eb1e7eb0>,26,3,[5 1],27,52,55,25,45
1,<environment.Job instance at 0x7fe9eb1e7690>,25,15,[8 1],26,65,80,39,51
1,<environment.Job instance at 0x7fe9a75ef0a0>,30,16,[7 5],31,80,96,49,67
1,<environment.Job instance at 0x7fe9eaad8960>,32,2,[1 7],33,75,77,42,75
1,<environment.Job instance at 0x7fe9eabffc80>,28,18,[5 5],29,96,114,67,85
1,<environment.Job instance at 0x7fe9eb198eb0>,34,17,[2 5],35,86,103,51,86
1,<environment.Job instance at 0x7fe9eb198140>,38,2,[7 5],39,114,116,75,103
1,<environment.Job instance at 0x7fe9eb1988c0>,39,14,[5 4],40,116,130,76,103
1,<environment.Job instance at 0x7fe9eb1987d0>,43,12,[10  1],44,130,142,86,117
1,<environment.Job instance at 0x7fe9eada75a0>,45,2,[4 8],46,142,144,96,128
1,<environment.Job instance at 0x7fe9eada7eb0>,48,2,[10  5],49,144,146,95,129
1,<environment.Job instance at 0x7fe9eb198d70>,42,16,[9 4],43,149,165,106,149
1,<environment.Job instance at 0x7fe9eada7d70>,46,18,[8 1],47,165,183,118,154
1,<environment.Job instance at 0x7fe9ed6354b0>,56,17,[2 6],57,165,182,108,159
1,<environment.Job instance at 0x7fe9ed635e60>,57,12,[2 8],58,182,194,124,165
1,<environment.Job instance at 0x7fe9a755e640>,62,15,[8 4],63,194,209,131,180
1,<environment.Job instance at 0x7fe9a7445dc0>,66,17,[2 5],67,194,211,127,189
1,<environment.Job instance at 0x7fe9a7445e60>,69,13,[6 4],70,209,222,139,193
1,<environment.Job instance at 0x7fe9a74505f0>,72,2,[3 6],73,211,213,138,205
1,<environment.Job instance at 0x7fe9a7445a00>,68,12,[9 3],69,222,234,153,205
1,<environment.Job instance at 0x7fe9a755e3c0>,61,13,[10  4],62,234,247,172,218
1,<environment.Job instance at 0x7fe9eda77f50>,77,17,[1 9],78,247,264,169,236
1,<environment.Job instance at 0x7fe9a6f12e60>,81,14,[5 8],82,264,278,182,249
1,<environment.Job instance at 0x7fe9a6f128c0>,83,3,[8 2],84,278,281,194,254
1,<environment.Job instance at 0x7fe9a6f12640>,84,17,[7 2],85,281,298,196,269
1,<environment.Job instance at 0x7fe9a7388dc0>,90,12,[7 4],91,298,310,207,284
1,<environment.Job instance at 0x7fe9a73880a0>,92,3,[8 1],93,310,313,217,285
1,<environment.Job instance at 0x7fe9a7388730>,93,15,[3 9],94,313,328,219,299
1,<environment.Job instance at 0x7fe9eda77550>,80,17,[10  1],81,328,345,247,318
1,<environment.Job instance at 0x7fe9ed7f6230>,101,18,[4 7],102,345,363,243,334
1,<environment.Job instance at 0x7fe9ed7f6690>,105,1,[1 9],106,363,364,257,346
1,<environment.Job instance at 0x7fe9ed7f60a0>,107,1,[10  4],108,364,365,256,351
1,<environment.Job instance at 0x7fe9a7264c30>,108,2,[3 6],109,365,367,256,352
1,<environment.Job instance at 0x7fe9a7388f00>,98,17,[9 5],99,650,667,551,650
1,<environment.Job instance at 0x7fe9a74bdcd0>,6,1,[5 5],7,7,8,0,7
1,<environment.Job instance at 0x7fe9eab57dc0>,8,3,[ 1 10],9,14,17,5,14
1,<environment.Job instance at 0x7fe9ed54a370>,7,15,[6 2],8,17,32,9,15
1,<environment.Job instance at 0x7fe9a766b4b0>,13,3,[3 8],14,33,36,19,33
1,<environment.Job instance at 0x7fe9ed2a1140>,18,2,[6 3],19,37,39,18,37
1,<environment.Job instance at 0x7fe9ed2a15f0>,19,2,[1 9],20,39,41,19,37
1,<environment.Job instance at 0x7fe9f21a7140>,20,12,[5 6],21,41,53,20,38
1,<environment.Job instance at 0x7fe9f22cc280>,14,12,[9 1],15,53,65,38,50
1,<environment.Job instance at 0x7fe9ed2a1b40>,22,1,[5 9],23,65,66,42,50
1,<environment.Job instance at 0x7fe9ed2a1e10>,23,1,[2 6],24,66,67,42,50
1,<environment.Job instance at 0x7fe9eb125050>,26,18,[6 4],27,66,84,39,62
1,<environment.Job instance at 0x7fe9eb125870>,29,3,[1 7],30,84,87,54,64
1,<environment.Job instance at 0x7fe9eb125460>,30,2,[1 6],31,67,69,36,64
1,<environment.Job instance at 0x7fe9ed2a1d20>,21,16,[3 9],22,87,103,65,74
1,<environment.Job instance at 0x7fe9a730e9b0>,4,15,[10  2],5,103,118,98,91
1,<environment.Job instance at 0x7fe9a74970f0>,37,16,[1 8],38,118,134,80,107
1,<environment.Job instance at 0x7fe9a7347550>,42,14,[9 2],43,118,132,75,108
1,<environment.Job instance at 0x7fe9a7347910>,46,12,[2 7],47,134,146,87,118
1,<environment.Job instance at 0x7fe9eaeddc80>,52,16,[9 2],53,146,162,93,133
1,<environment.Job instance at 0x7fe9eaedddc0>,54,13,[2 8],55,162,175,107,146
1,<environment.Job instance at 0x7fe9eaeddfa0>,57,12,[1 6],58,175,187,117,158
1,<environment.Job instance at 0x7fe9eb125e60>,32,14,[ 4 10],33,187,201,154,172
1,<environment.Job instance at 0x7fe9eaef4460>,65,2,[3 9],66,201,203,135,174
1,<environment.Job instance at 0x7fe9eaef45f0>,66,2,[5 7],67,203,205,136,176
1,<environment.Job instance at 0x7fe9eaef4410>,67,1,[8 1],68,176,177,108,176
1,<environment.Job instance at 0x7fe9eaef4730>,68,3,[9 5],69,205,208,136,179
1,<environment.Job instance at 0x7fe9eaef4870>,70,2,[8 4],71,208,210,137,188
1,<environment.Job instance at 0x7fe9eaef4780>,71,2,[3 9],72,210,212,138,188
1,<environment.Job instance at 0x7fe9eaef4960>,72,14,[ 2 10],73,212,226,139,200
1,<environment.Job instance at 0x7fe9eaef4d70>,74,13,[10  5],75,226,239,151,215
1,<environment.Job instance at 0x7fe9eaef4c80>,76,13,[5 7],77,239,252,162,224
1,<environment.Job instance at 0x7fe9eaefc0a0>,81,12,[4 7],82,252,264,170,235
1,<environment.Job instance at 0x7fe9eaef4820>,69,15,[3 9],70,264,279,194,250
1,<environment.Job instance at 0x7fe9eaefc780>,90,12,[4 8],91,279,291,188,263
1,<environment.Job instance at 0x7fe9eaefc820>,94,2,[3 6],95,291,293,196,284
1,<environment.Job instance at 0x7fe9eaefcaf0>,95,3,[2 8],96,293,296,197,284
1,<environment.Job instance at 0x7fe9eaefc6e0>,89,16,[10  5],90,296,312,206,285
1,<environment.Job instance at 0x7fe9ead48190>,105,16,[7 3],106,312,328,206,299
1,<environment.Job instance at 0x7fe9ead48460>,108,13,[8 5],109,328,341,219,313
1,<environment.Job instance at 0x7fe9eaedd9b0>,59,17,[5 7],60,643,660,583,643
1,<environment.Job instance at 0x7fe9eb081780>,2,16,[5 4],3,6,22,3,6
1,<environment.Job instance at 0x7fe9eaed6320>,8,2,[1 9],9,22,24,13,11
1,<environment.Job instance at 0x7fe9a7388780>,3,3,[ 4 10],4,24,27,20,11
1,<environment.Job instance at 0x7fe9eaed6a50>,11,2,[ 5 10],12,27,29,15,12
1,<environment.Job instance at 0x7fe9eaed6d70>,13,3,[6 2],14,29,32,15,14
1,<environment.Job instance at 0x7fe9eaed6e10>,14,1,[7 4],15,32,33,17,15
1,<environment.Job instance at 0x7fe9eaed6be0>,15,3,[9 2],16,33,36,17,16
1,<environment.Job instance at 0x7fe9eaed6640>,17,3,[8 1],18,36,39,18,30
1,<environment.Job instance at 0x7fe9eb17b640>,18,3,[10  4],19,39,42,20,30
1,<environment.Job instance at 0x7fe9eb17b6e0>,19,18,[6 2],20,42,60,22,31
1,<environment.Job instance at 0x7fe9eb17bd70>,21,1,[2 5],22,32,33,10,32
1,<environment.Job instance at 0x7fe9eaed6d20>,7,18,[1 6],8,42,60,34,41
1,<environment.Job instance at 0x7fe9eb0dbc30>,24,1,[5 5],25,60,61,35,41
1,<environment.Job instance at 0x7fe9eb0dbdc0>,26,16,[9 2],27,61,77,34,48
1,<environment.Job instance at 0x7fe9eb0db3c0>,29,2,[8 2],30,77,79,47,53
1,<environment.Job instance at 0x7fe9eb0dbeb0>,30,2,[5 4],31,79,81,48,53
1,<environment.Job instance at 0x7fe9f1f0c640>,31,2,[6 1],32,81,83,49,54
1,<environment.Job instance at 0x7fe9eb10a140>,34,2,[2 5],35,77,79,42,64
1,<environment.Job instance at 0x7fe9eb10aa50>,35,16,[4 9],36,81,97,45,68
1,<environment.Job instance at 0x7fe9eb10a6e0>,37,3,[ 1 10],38,97,100,59,71
1,<environment.Job instance at 0x7fe9a730e550>,41,14,[10  1],42,100,114,58,88
1,<environment.Job instance at 0x7fe9ead9f2d0>,48,12,[3 9],49,114,126,65,99
1,<environment.Job instance at 0x7fe9eaab39b0>,49,2,[6 1],50,114,116,64,99
1,<environment.Job instance at 0x7fe9a6fadd70>,53,12,[5 4],54,126,138,72,109
1,<environment.Job instance at 0x7fe9ed528320>,57,15,[3 6],58,126,141,68,122
1,<environment.Job instance at 0x7fe9ed528280>,59,3,[ 3 10],60,141,144,81,129
1,<environment.Job instance at 0x7fe9ed528230>,58,14,[ 1 10],59,144,158,85,129
1,<environment.Job instance at 0x7fe9a735dbe0>,64,13,[3 6],65,158,171,93,142
1,<environment.Job instance at 0x7fe9a730ee60>,40,17,[ 5 10],41,171,188,130,159
1,<environment.Job instance at 0x7fe9ed7f4460>,74,17,[2 7],75,188,205,113,181
1,<environment.Job instance at 0x7fe9ed7f4320>,77,16,[5 4],78,205,221,127,192
1,<environment.Job instance at 0x7fe9b3432410>,81,12,[2 6],82,205,217,123,202
1,<environment.Job instance at 0x7fe9ed7f40f0>,78,17,[6 5],79,221,238,142,209
1,<environment.Job instance at 0x7fe9a745d0a0>,86,15,[5 6],87,238,253,151,224
1,<environment.Job instance at 0x7fe9a745d190>,90,15,[1 8],91,253,268,162,239
1,<environment.Job instance at 0x7fe9a745d870>,94,14,[ 3 10],95,268,282,173,257
1,<environment.Job instance at 0x7fe9a6dc15f0>,2,2,[5 3],3,3,5,0,3
1,<environment.Job instance at 0x7fe9eae0b690>,8,13,[8 2],9,9,22,0,9
1,<environment.Job instance at 0x7fe9ed97fc30>,11,16,[4 6],12,22,38,10,12
1,<environment.Job instance at 0x7fe9a6fc7af0>,12,15,[5 1],13,22,37,9,13
1,<environment.Job instance at 0x7fe9a72bad20>,17,15,[10  4],18,38,53,20,26
1,<environment.Job instance at 0x7fe9eacb1960>,19,3,[6 2],20,53,56,33,27
1,<environment.Job instance at 0x7fe9a6e50280>,22,14,[3 7],23,53,67,30,38
1,<environment.Job instance at 0x7fe9a6e50460>,23,3,[10  4],24,67,70,43,41
1,<environment.Job instance at 0x7fe9a6dc1b90>,0,13,[10  1],1,70,83,69,57
1,<environment.Job instance at 0x7fe9eac6d0f0>,30,13,[2 8],31,83,96,52,67
1,<environment.Job instance at 0x7fe9ed7db960>,31,1,[10  1],32,96,97,64,68
1,<environment.Job instance at 0x7fe9a6e1f730>,34,13,[5 8],35,97,110,62,84
1,<environment.Job instance at 0x7fe9a72f4820>,38,16,[9 1],39,110,126,71,97
1,<environment.Job instance at 0x7fe9a72f4af0>,42,2,[10  3],43,126,128,83,99
1,<environment.Job instance at 0x7fe9a72bea50>,3,14,[3 6],4,6,20,2,6
1,<environment.Job instance at 0x7fe9a7650dc0>,8,12,[10  3],9,20,32,11,9
1,<environment.Job instance at 0x7fe9a7650d20>,11,1,[ 3 10],12,32,33,20,16
1,<environment.Job instance at 0x7fe9a72beb40>,4,16,[8 2],5,33,49,28,22
1,<environment.Job instance at 0x7fe9a7675640>,20,2,[3 5],21,49,51,28,29
1,<environment.Job instance at 0x7fe9a76758c0>,24,3,[8 5],25,51,54,26,29
1,<environment.Job instance at 0x7fe9a7675b90>,25,2,[9 5],26,54,56,28,30
1,<environment.Job instance at 0x7fe9a7675a00>,26,16,[4 9],27,56,72,29,43
1,<environment.Job instance at 0x7fe9a7675280>,15,14,[5 4],16,72,86,56,57
1,<environment.Job instance at 0x7fe9a7675c30>,28,14,[5 4],29,72,86,43,61
1,<environment.Job instance at 0x7fe9a7656870>,37,13,[9 4],38,86,99,48,70
1,<environment.Job instance at 0x7fe9a7675190>,13,14,[ 4 10],14,99,113,85,84
1,<environment.Job instance at 0x7fe9a7656e10>,46,16,[4 8],47,113,129,66,101
1,<environment.Job instance at 0x7fe9a7674320>,48,15,[1 6],49,129,144,80,115
1,<environment.Job instance at 0x7fe9a76746e0>,54,17,[1 6],55,144,161,89,132
1,<environment.Job instance at 0x7fe9a7674820>,56,17,[4 6],57,161,178,104,150
1,<environment.Job instance at 0x7fe9a7674aa0>,62,17,[ 1 10],63,178,195,115,166
1,<environment.Job instance at 0x7fe9a768b190>,64,13,[1 9],65,195,208,130,179
1,<environment.Job instance at 0x7fe9a768b2d0>,66,12,[3 5],67,208,220,141,191
1,<environment.Job instance at 0x7fe9a768bc80>,75,14,[4 8],76,220,234,144,205
1,<environment.Job instance at 0x7fe9a768bf00>,78,18,[10  4],79,234,252,155,224
1,<environment.Job instance at 0x7fe9a768baf0>,81,13,[9 3],82,252,265,170,236
1,<environment.Job instance at 0x7fe9a76765a0>,86,16,[ 1 10],87,278,294,191,278
1,<environment.Job instance at 0x7fe9a7676a00>,91,17,[ 2 10],92,294,311,202,282
1,<environment.Job instance at 0x7fe9a7676b40>,93,12,[3 9],94,311,323,217,294
1,<environment.Job instance at 0x7fe9a76765f0>,96,15,[5 9],97,323,338,226,309
1,<environment.Job instance at 0x7fe9a7676cd0>,2,1,[1 8],3,4,5,1,4
1,<environment.Job instance at 0x7fe9ed75cc80>,8,3,[1 7],9,9,12,0,9
1,<environment.Job instance at 0x7fe9eaef3690>,11,12,[5 3],12,12,24,0,12
1,<environment.Job instance at 0x7fe9ed5088c0>,12,3,[5 8],13,24,27,11,13
1,<environment.Job instance at 0x7fe9a7332f50>,16,2,[ 1 10],17,27,29,10,17
1,<environment.Job instance at 0x7fe9a73323c0>,17,3,[2 7],18,18,21,0,18
1,<environment.Job instance at 0x7fe9a6de4b90>,6,13,[ 2 10],7,31,44,24,31
1,<environment.Job instance at 0x7fe9a76b9500>,19,1,[5 6],20,44,45,24,31
1,<environment.Job instance at 0x7fe9a758f500>,22,3,[5 8],23,45,48,22,32
1,<environment.Job instance at 0x7fe9a758f550>,23,14,[6 2],24,48,62,24,33
1,<environment.Job instance at 0x7fe9eae05050>,29,2,[4 8],30,48,50,18,34
1,<environment.Job instance at 0x7fe9a6ed3050>,31,13,[3 5],32,50,63,18,35
1,<environment.Job instance at 0x7fe9ed66c960>,14,16,[5 8],15,63,79,48,50
1,<environment.Job instance at 0x7fe9eafce280>,38,12,[10  4],39,79,91,40,62
1,<environment.Job instance at 0x7fe9eafce820>,40,2,[5 4],41,91,93,50,69
1,<environment.Job instance at 0x7fe9eafcedc0>,43,3,[6 1],44,93,96,49,79
1,<environment.Job instance at 0x7fe9eafceb90>,44,1,[7 3],45,96,97,51,79
1,<environment.Job instance at 0x7fe9eac42eb0>,45,3,[8 1],46,97,100,51,79
1,<environment.Job instance at 0x7fe9eac42af0>,46,2,[5 9],47,100,102,53,79
1,<environment.Job instance at 0x7fe9ed4c3280>,48,3,[6 2],49,102,105,53,79
1,<environment.Job instance at 0x7fe9ed2c5d70>,49,2,[10  1],50,105,107,55,79
1,<environment.Job instance at 0x7fe9ed7940a0>,51,17,[7 4],52,107,124,55,95
1,<environment.Job instance at 0x7fe9ed606410>,55,13,[7 4],56,124,137,68,110
1,<environment.Job instance at 0x7fe9eb1f4d20>,60,15,[5 5],61,137,152,76,123
1,<environment.Job instance at 0x7fe9a74ab780>,70,18,[9 3],71,152,170,81,141
1,<environment.Job instance at 0x7fe9eab5b410>,71,17,[9 4],72,170,187,98,158
1,<environment.Job instance at 0x7fe9eda3a460>,77,14,[5 6],78,187,201,109,174
1,<environment.Job instance at 0x7fe9ed9d84b0>,79,17,[5 6],80,201,218,121,189
1,<environment.Job instance at 0x7fe9ed9d8370>,81,3,[6 5],82,218,221,136,198
1,<environment.Job instance at 0x7fe9ed9d8a00>,84,13,[10  1],85,221,234,136,214
1,<environment.Job instance at 0x7fe9eafb0d70>,86,15,[4 6],87,234,249,147,221
1,<environment.Job instance at 0x7fe9eafb09b0>,92,15,[6 2],93,234,249,141,226
1,<environment.Job instance at 0x7fe9ed9d8690>,78,16,[8 4],79,249,265,170,236
1,<environment.Job instance at 0x7fe9a6fe5eb0>,96,14,[6 2],97,265,279,168,250
1,<environment.Job instance at 0x7fe9ed54a6e0>,102,17,[1 5],103,257,274,154,257
1,<environment.Job instance at 0x7fe9ed54af00>,103,3,[8 2],104,279,282,175,257
1,<environment.Job instance at 0x7fe9ed54a190>,104,18,[4 8],105,282,300,177,271
1,<environment.Job instance at 0x7fe9ed54a5a0>,107,15,[6 1],108,282,297,174,272
1,<environment.Job instance at 0x7fe9ed54a870>,108,15,[10  2],109,300,315,191,291
1,<environment.Job instance at 0x7fe9eade2050>,0,2,[8 1],1,4,6,3,4
1,<environment.Job instance at 0x7fe9a6cc6280>,4,1,[ 2 10],5,6,7,1,6
1,<environment.Job instance at 0x7fe9a6c715a0>,5,3,[8 5],6,19,22,13,19
1,<environment.Job instance at 0x7fe9a6cc6500>,8,1,[5 3],9,22,23,13,19
1,<environment.Job instance at 0x7fe9a6cc68c0>,10,13,[5 8],11,23,36,12,19
1,<environment.Job instance at 0x7fe9a6cc65f0>,14,12,[7 5],15,36,48,21,33
1,<environment.Job instance at 0x7fe9a6cc60f0>,15,14,[7 5],16,48,62,32,33
1,<environment.Job instance at 0x7fe9a6cc66e0>,19,1,[9 3],20,62,63,42,47
1,<environment.Job instance at 0x7fe9a76d2230>,22,12,[8 2],23,63,75,40,47
1,<environment.Job instance at 0x7fe9a6ca7c80>,23,12,[8 2],24,75,87,51,58
1,<environment.Job instance at 0x7fe9a6cc6190>,20,15,[10  5],21,87,102,66,75
1,<environment.Job instance at 0x7fe9a6ca7230>,32,1,[1 5],33,75,76,42,75
1,<environment.Job instance at 0x7fe9a6ca77d0>,34,2,[3 6],35,102,104,67,78
1,<environment.Job instance at 0x7fe9a6ca7190>,35,15,[9 1],36,104,119,68,91
1,<environment.Job instance at 0x7fe9a6e6d190>,40,15,[1 8],41,108,123,67,108
1,<environment.Job instance at 0x7fe9a6cc6f50>,17,16,[8 4],18,123,139,105,110
1,<environment.Job instance at 0x7fe9a6e6d960>,52,14,[3 7],53,139,153,86,124
1,<environment.Job instance at 0x7fe9a6e6d320>,44,14,[5 3],45,139,153,94,135
1,<environment.Job instance at 0x7fe9a6e6fe60>,53,16,[ 5 10],54,153,169,99,140
1,<environment.Job instance at 0x7fe9a6e6f280>,61,13,[5 8],62,169,182,107,154
1,<environment.Job instance at 0x7fe9a6e6f2d0>,67,18,[ 1 10],68,182,200,114,173
1,<environment.Job instance at 0x7fe9a6e6fc80>,68,12,[6 3],69,200,212,131,183
1,<environment.Job instance at 0x7fe9a6e6fdc0>,71,3,[4 5],72,200,203,128,184
1,<environment.Job instance at 0x7fe9a6c6c8c0>,77,17,[5 6],78,212,229,134,200
1,<environment.Job instance at 0x7fe9a6c6c280>,78,2,[7 1],79,229,231,150,202
1,<environment.Job instance at 0x7fe9a6c6c4b0>,79,17,[5 2],80,212,229,132,203
1,<environment.Job instance at 0x7fe9a6c6c5f0>,81,17,[9 3],82,231,248,149,219
1,<environment.Job instance at 0x7fe9a6c5d550>,87,3,[6 1],88,248,251,160,223
1,<environment.Job instance at 0x7fe9a6c5ddc0>,88,12,[ 1 10],89,251,263,162,234
1,<environment.Job instance at 0x7fe9a6c5dc30>,91,3,[10  1],92,263,266,171,244
1,<environment.Job instance at 0x7fe9a6c5db40>,92,12,[7 3],93,266,278,173,250
1,<environment.Job instance at 0x7fe9a6c5dc80>,94,2,[6 5],95,278,280,183,251
1,<environment.Job instance at 0x7fe9a6e6ff00>,55,15,[ 1 10],56,280,295,224,267
1,<environment.Job instance at 0x7fe9a6c5d7d0>,100,16,[ 2 10],101,295,311,194,285
1,<environment.Job instance at 0x7fe9ed645230>,102,15,[5 5],103,311,326,208,299
1,<environment.Job instance at 0x7fe9ed645460>,103,15,[1 5],104,311,326,207,302
1,<environment.Job instance at 0x7fe9ed645a00>,107,2,[5 5],108,326,328,218,302
1,<environment.Job instance at 0x7fe9a7676230>,0,3,[7 3],1,4,7,3,4
1,<environment.Job instance at 0x7fe9a6cc6fa0>,5,24,[4 7],6,10,34,4,10
1,<environment.Job instance at 0x7fe9ed794fa0>,8,2,[3 8],9,34,36,25,12
1,<environment.Job instance at 0x7fe9eb16a050>,12,1,[3 6],13,36,37,23,16
1,<environment.Job instance at 0x7fe9a75c1550>,13,2,[5 5],14,37,39,23,16
1,<environment.Job instance at 0x7fe9a74c8460>,6,12,[6 2],7,18,30,11,18
1,<environment.Job instance at 0x7fe9ead49280>,15,3,[2 8],16,39,42,23,22
1,<environment.Job instance at 0x7fe9eb1987d0>,18,3,[4 5],19,42,45,23,29
1,<environment.Job instance at 0x7fe9a75e1960>,10,12,[10  4],11,45,57,34,31
1,<environment.Job instance at 0x7fe9eb1be820>,23,2,[4 9],24,57,59,33,56
1,<environment.Job instance at 0x7fe9ed772eb0>,16,14,[9 2],17,76,90,59,76
1,<environment.Job instance at 0x7fe9ed53f460>,20,13,[3 7],21,90,103,69,78
1,<environment.Job instance at 0x7fe9eb1be8c0>,25,17,[9 3],26,103,120,77,103
1,<environment.Job instance at 0x7fe9a6cc1b40>,29,12,[5 1],30,120,132,90,104
1,<environment.Job instance at 0x7fe9a6cc1410>,30,3,[8 5],31,132,135,101,106
1,<environment.Job instance at 0x7fe9a6c5c870>,32,2,[4 9],33,120,122,87,107
1,<environment.Job instance at 0x7fe9eb03a0a0>,34,2,[3 8],35,122,124,87,107
1,<environment.Job instance at 0x7fe9a6c98230>,36,14,[8 3],37,135,149,98,120
1,<environment.Job instance at 0x7fe9eb03a460>,35,3,[ 1 10],36,149,152,113,128
1,<environment.Job instance at 0x7fe9a6e005f0>,42,18,[2 5],43,129,147,86,129
1,<environment.Job instance at 0x7fe9a6c7d550>,45,15,[8 4],46,152,167,106,138
1,<environment.Job instance at 0x7fe9a6c7d0f0>,46,14,[2 6],47,152,166,105,138
1,<environment.Job instance at 0x7fe9a6e6ce10>,49,17,[5 4],50,167,184,117,155
1,<environment.Job instance at 0x7fe9eafec7d0>,52,15,[10  3],53,201,216,148,201
1,<environment.Job instance at 0x7fe9eafec500>,56,14,[6 2],57,225,239,168,225
1,<environment.Job instance at 0x7fe9eafdc2d0>,59,14,[4 7],60,227,241,167,227
1,<environment.Job instance at 0x7fe9eafecf50>,60,14,[1 7],61,241,255,180,229
1,<environment.Job instance at 0x7fe9eaff9410>,64,14,[5 6],65,305,319,240,305
1,<environment.Job instance at 0x7fe9eabd9410>,7,1,[7 1],8,8,9,0,8
1,<environment.Job instance at 0x7fe9ed982a50>,8,1,[1 5],9,15,16,6,15
1,<environment.Job instance at 0x7fe9ed318140>,4,3,[ 3 10],5,16,19,11,15
1,<environment.Job instance at 0x7fe9a6cc6b90>,0,13,[6 3],1,19,32,18,16
1,<environment.Job instance at 0x7fe9eabd9820>,6,16,[1 7],7,19,35,12,16
1,<environment.Job instance at 0x7fe9a73234b0>,15,3,[ 1 10],16,35,38,19,20
1,<environment.Job instance at 0x7fe9a7323fa0>,16,3,[3 9],17,38,41,21,20
1,<environment.Job instance at 0x7fe9eab8e410>,12,18,[1 5],13,41,59,28,30
1,<environment.Job instance at 0x7fe9a759abe0>,18,16,[6 5],19,41,57,22,32
1,<environment.Job instance at 0x7fe9a700ad70>,21,2,[5 2],22,32,34,10,32
1,<environment.Job instance at 0x7fe9ed2b96e0>,25,1,[3 5],26,57,58,31,39
1,<environment.Job instance at 0x7fe9a73f20a0>,19,3,[9 3],20,58,61,38,39
1,<environment.Job instance at 0x7fe9ed2b9cd0>,26,3,[8 4],27,61,64,34,39
1,<environment.Job instance at 0x7fe9ed7160f0>,28,3,[7 1],29,64,67,35,42
1,<environment.Job instance at 0x7fe9eacaa0f0>,29,3,[7 5],30,67,70,37,43
1,<environment.Job instance at 0x7fe9eab8e640>,11,16,[1 5],12,59,75,47,50
1,<environment.Job instance at 0x7fe9a7391c80>,33,3,[1 8],34,75,78,41,51
1,<environment.Job instance at 0x7fe9eacaac80>,30,16,[5 9],31,78,94,47,65
1,<environment.Job instance at 0x7fe9a7391eb0>,32,14,[10  5],33,94,108,61,94
1,<environment.Job instance at 0x7fe9a6e4aa00>,41,3,[9 2],42,109,112,67,109
1,<environment.Job instance at 0x7fe9a6e4a9b0>,42,1,[5 5],43,112,113,69,109
1,<environment.Job instance at 0x7fe9a76dfeb0>,44,3,[10  5],45,113,116,68,109
1,<environment.Job instance at 0x7fe9a76df3c0>,45,3,[6 3],46,116,119,70,109
1,<environment.Job instance at 0x7fe9a76e8780>,46,2,[6 5],47,119,121,72,109
1,<environment.Job instance at 0x7fe9a76e8500>,47,2,[9 5],48,121,123,73,109
1,<environment.Job instance at 0x7fe9a76e8190>,48,18,[6 4],49,123,141,74,112
1,<environment.Job instance at 0x7fe9a76e8050>,50,1,[10  3],51,141,142,90,113
1,<environment.Job instance at 0x7fe9a6e4ad20>,40,15,[8 5],41,142,157,101,128
1,<environment.Job instance at 0x7fe9eae028c0>,53,2,[2 7],54,157,159,103,130
1,<environment.Job instance at 0x7fe9ed454dc0>,54,1,[1 7],55,159,160,104,131
1,<environment.Job instance at 0x7fe9a747cb40>,55,3,[3 6],56,131,134,75,131
1,<environment.Job instance at 0x7fe9a747c820>,57,18,[5 3],58,157,175,99,146
1,<environment.Job instance at 0x7fe9a7523e60>,59,13,[9 3],60,175,188,115,159
1,<environment.Job instance at 0x7fe9ed454d20>,56,18,[4 9],57,188,206,131,177
1,<environment.Job instance at 0x7fe9a7676a50>,70,17,[5 8],71,206,223,135,195
1,<environment.Job instance at 0x7fe9eaaf4f00>,76,17,[5 1],77,209,226,132,209
1,<environment.Job instance at 0x7fe9eaaf4190>,77,13,[6 1],78,226,239,148,210
1,<environment.Job instance at 0x7fe9eaaf4640>,83,13,[2 7],84,223,236,139,219
1,<environment.Job instance at 0x7fe9eae026e0>,52,15,[9 5],53,239,254,186,225
1,<environment.Job instance at 0x7fe9eaaf49b0>,88,18,[6 5],89,254,272,165,243
1,<environment.Job instance at 0x7fe9eacfb140>,94,16,[1 6],95,272,288,177,261
1,<environment.Job instance at 0x7fe9eacfb7d0>,98,14,[5 5],99,288,302,189,273
1,<environment.Job instance at 0x7fe9eacfbaa0>,101,2,[10  3],102,302,304,200,276
1,<environment.Job instance at 0x7fe9eacfbeb0>,102,3,[ 4 10],103,304,307,201,278
1,<environment.Job instance at 0x7fe9eacfb500>,104,2,[7 5],105,307,309,202,280
1,<environment.Job instance at 0x7fe9eacfb730>,106,2,[ 2 10],107,309,311,202,296
1,<environment.Job instance at 0x7fe9eacda730>,0,2,[9 2],1,4,6,3,4
1,<environment.Job instance at 0x7fe9eacdad20>,1,16,[1 7],2,7,23,5,7
1,<environment.Job instance at 0x7fe9a6d846e0>,10,3,[1 9],11,23,26,12,11
1,<environment.Job instance at 0x7fe9a6d84280>,12,16,[4 7],13,26,42,13,14
1,<environment.Job instance at 0x7fe9eaf348c0>,14,16,[3 5],15,42,58,27,30
1,<environment.Job instance at 0x7fe9eaf34370>,21,12,[7 5],22,42,54,20,32
1,<environment.Job instance at 0x7fe9eaf34870>,23,12,[8 2],24,58,70,34,41
1,<environment.Job instance at 0x7fe9eaf34140>,27,13,[9 2],28,70,83,42,54
1,<environment.Job instance at 0x7fe9a734aa50>,32,12,[9 4],33,83,95,50,66
1,<environment.Job instance at 0x7fe9a734a230>,33,14,[5 9],34,95,109,61,80
1,<environment.Job instance at 0x7fe9ed6033c0>,39,2,[1 6],40,85,87,45,85
1,<environment.Job instance at 0x7fe9ed603370>,40,15,[4 9],41,109,124,68,95
1,<environment.Job instance at 0x7fe9ed603b90>,44,17,[9 5],45,124,141,79,112
1,<environment.Job instance at 0x7fe9eaf349b0>,15,15,[ 3 10],16,141,156,125,127
1,<environment.Job instance at 0x7fe9eda30e60>,53,12,[ 4 10],54,156,168,102,139
1,<environment.Job instance at 0x7fe9eda306e0>,56,14,[2 9],57,168,182,111,153
1,<environment.Job instance at 0x7fe9ed4a6820>,62,15,[1 9],63,182,197,119,169
1,<environment.Job instance at 0x7fe9eacfb690>,4,12,[ 1 10],5,197,209,192,181
1,<environment.Job instance at 0x7fe9ed4a6f00>,65,12,[1 8],66,209,221,143,193
1,<environment.Job instance at 0x7fe9ed4a6b40>,70,16,[10  2],71,221,237,150,208
1,<environment.Job instance at 0x7fe9ed4a6fa0>,73,16,[1 9],74,237,253,163,224
1,<environment.Job instance at 0x7fe9ed4a6640>,64,14,[ 4 10],65,253,267,188,243
1,<environment.Job instance at 0x7fe9eafda6e0>,2,2,[7 3],3,5,7,2,5
1,<environment.Job instance at 0x7fe9eafda230>,3,2,[8 4],4,7,9,3,7
1,<environment.Job instance at 0x7fe9eafe50a0>,6,15,[1 6],7,11,26,4,11
1,<environment.Job instance at 0x7fe9eafc1140>,12,16,[3 7],13,26,42,13,13
1,<environment.Job instance at 0x7fe9ed42d870>,16,14,[7 3],17,17,31,0,17
1,<environment.Job instance at 0x7fe9ed420b40>,22,16,[6 4],23,42,58,19,29
1,<environment.Job instance at 0x7fe9ed435410>,17,18,[2 8],18,58,76,40,47
1,<environment.Job instance at 0x7fe9eaf7c690>,31,18,[7 3],32,76,94,44,65
1,<environment.Job instance at 0x7fe9eafe5320>,4,14,[ 4 10],5,94,108,89,79
1,<environment.Job instance at 0x7fe9ed82ad20>,39,12,[4 6],40,108,120,68,92
1,<environment.Job instance at 0x7fe9eaff4c80>,40,17,[5 2],41,108,125,67,97
1,<environment.Job instance at 0x7fe9ed82a5f0>,42,16,[1 7],43,120,136,77,107
1,<environment.Job instance at 0x7fe9a6f58050>,50,15,[6 1],51,125,140,74,116
1,<environment.Job instance at 0x7fe9a6f584b0>,53,2,[4 5],54,136,138,82,116
1,<environment.Job instance at 0x7fe9eafdf4b0>,56,2,[4 7],57,138,140,81,122
1,<environment.Job instance at 0x7fe9ed828af0>,57,2,[ 4 10],58,140,142,82,124
1,<environment.Job instance at 0x7fe9ed828820>,58,3,[8 2],59,142,145,83,124
1,<environment.Job instance at 0x7fe9ed828460>,59,13,[2 6],60,142,155,82,126
1,<environment.Job instance at 0x7fe9eafd98c0>,7,18,[3 8],8,159,177,151,159
1,<environment.Job instance at 0x7fe9ed80a8c0>,68,2,[ 5 10],69,177,179,108,160
1,<environment.Job instance at 0x7fe9ed80a3c0>,69,2,[9 2],70,179,181,109,160
1,<environment.Job instance at 0x7fe9ed80a870>,70,3,[3 7],71,181,184,110,160
1,<environment.Job instance at 0x7fe9ed80a050>,73,2,[2 8],74,184,186,110,160
1,<environment.Job instance at 0x7fe9ed80aeb0>,72,16,[9 2],73,186,202,113,177
1,<environment.Job instance at 0x7fe9ed827050>,79,2,[9 5],80,202,204,122,177
1,<environment.Job instance at 0x7fe9ed8272d0>,80,3,[8 2],81,204,207,123,178
1,<environment.Job instance at 0x7fe9a6f878c0>,85,13,[7 2],86,207,220,121,191
1,<environment.Job instance at 0x7fe9ed846820>,89,1,[ 4 10],90,220,221,130,192
1,<environment.Job instance at 0x7fe9ed7ef9b0>,92,2,[6 5],93,221,223,128,202
1,<environment.Job instance at 0x7fe9a6f58500>,55,14,[4 9],56,223,237,167,208
1,<environment.Job instance at 0x7fe9a762ca00>,91,16,[10  1],92,237,253,145,235
1,<environment.Job instance at 0x7fe9ead9e780>,97,15,[5 5],98,260,275,162,260
1,<environment.Job instance at 0x7fe9eb075d20>,107,1,[ 3 10],108,275,276,167,260
1,<environment.Job instance at 0x7fe9ed82fe10>,100,14,[1 9],101,276,290,175,262
1,<environment.Job instance at 0x7fe9eafe5780>,5,16,[6 5],6,345,361,339,345
1,<environment.Job instance at 0x7fe9ed80e2d0>,106,15,[ 1 10],107,371,386,264,371
1,<environment.Job instance at 0x7ff78601a230>,4,18,[10  4],5,7,25,2,7
1,<environment.Job instance at 0x7ff780c0b5f0>,7,14,[5 1],8,25,39,17,10
1,<environment.Job instance at 0x7ff780c0b7d0>,9,17,[ 4 10],10,39,56,29,28
1,<environment.Job instance at 0x7ff780c0bb40>,14,12,[3 7],15,56,68,41,39
1,<environment.Job instance at 0x7ff780c0be10>,18,16,[8 5],19,68,84,49,55
1,<environment.Job instance at 0x7ff78601a280>,0,18,[ 2 10],1,84,102,83,83
1,<environment.Job instance at 0x7ff780c0c050>,24,3,[5 9],25,102,105,77,83
1,<environment.Job instance at 0x7ff780c0c2d0>,25,3,[1 6],26,105,108,79,83
1,<environment.Job instance at 0x7ff780c0c550>,28,2,[5 9],29,108,110,79,83
1,<environment.Job instance at 0x7ff780c0c780>,32,17,[9 3],33,110,127,77,98
1,<environment.Job instance at 0x7ff780c0ca00>,37,14,[5 5],38,127,141,89,112
1,<environment.Job instance at 0x7ff7860a2820>,3,18,[ 3 10],4,141,159,137,130
1,<environment.Job instance at 0x7ff780c0cdc0>,39,18,[5 8],40,159,177,119,148
1,<environment.Job instance at 0x7ff780c11320>,47,1,[2 6],48,177,178,129,152
1,<environment.Job instance at 0x7ff780c113c0>,48,13,[6 1],49,177,190,128,162
1,<environment.Job instance at 0x7ff780c115a0>,51,2,[4 9],52,178,180,126,162
1,<environment.Job instance at 0x7ff780c11640>,3,3,[1 5],4,4,7,0,4
1,<environment.Job instance at 0x7ff780c25dc0>,7,3,[1 8],8,9,12,1,9
1,<environment.Job instance at 0x7ff780c26b40>,10,16,[9 3],11,12,28,1,11
1,<environment.Job instance at 0x7ff780c28230>,13,3,[2 9],14,28,31,14,14
1,<environment.Job instance at 0x7ff780c26280>,9,14,[8 1],10,28,42,18,15
1,<environment.Job instance at 0x7ff780c26460>,14,15,[10  5],15,42,57,27,28
1,<environment.Job instance at 0x7ff73b00e640>,21,16,[5 4],22,57,73,35,46
1,<environment.Job instance at 0x7ff73b00e3c0>,23,16,[6 4],24,73,89,49,60
1,<environment.Job instance at 0x7ff73b00e5a0>,28,12,[3 9],29,89,101,60,72
1,<environment.Job instance at 0x7ff73b00c2d0>,32,16,[6 2],33,101,117,68,88
1,<environment.Job instance at 0x7ff73b00c6e0>,35,14,[3 8],36,101,115,65,89
1,<environment.Job instance at 0x7ff73b00caa0>,38,16,[3 9],39,117,133,78,105
1,<environment.Job instance at 0x7ff73b00d960>,43,15,[4 8],44,133,148,89,120
1,<environment.Job instance at 0x7ff73b08b640>,47,18,[5 2],48,133,151,85,124
1,<environment.Job instance at 0x7ff73b07f320>,49,16,[3 5],50,148,164,98,137
1,<environment.Job instance at 0x7ff73b010280>,51,14,[5 3],52,151,165,99,137
1,<environment.Job instance at 0x7ff73b0249b0>,57,13,[ 4 10],58,165,178,107,154
1,<environment.Job instance at 0x7ff73b024aa0>,60,12,[2 5],61,178,190,117,177
1,<environment.Job instance at 0x7ff73b15d730>,61,1,[5 1],62,178,179,116,177
1,<environment.Job instance at 0x7ff73b11cbe0>,65,17,[10  5],66,190,207,124,179
1,<environment.Job instance at 0x7ff73b1c5e10>,69,17,[9 2],70,207,224,137,195
1,<environment.Job instance at 0x7ff73b0f9050>,71,3,[8 2],72,224,227,152,199
1,<environment.Job instance at 0x7ff73b245960>,73,3,[5 4],74,227,230,153,211
1,<environment.Job instance at 0x7ff73b0f75f0>,74,17,[10  5],75,230,247,155,218
1,<environment.Job instance at 0x7ff73b124190>,82,14,[9 2],83,247,261,164,232
1,<environment.Job instance at 0x7ff73b0efdc0>,85,17,[5 9],86,261,278,175,254
1,<environment.Job instance at 0x7ff73b0ef550>,2,3,[3 9],3,4,7,1,4
1,<environment.Job instance at 0x7ff73aeca820>,5,3,[6 4],6,7,10,1,6
1,<environment.Job instance at 0x7ff73aeca3c0>,6,17,[2 6],7,9,26,2,9
1,<environment.Job instance at 0x7ff786180f50>,11,3,[1 8],12,26,29,14,12
1,<environment.Job instance at 0x7ff73aed9a50>,12,13,[2 5],13,29,42,16,15
1,<environment.Job instance at 0x7ff786180190>,13,14,[3 5],14,29,43,15,16
1,<environment.Job instance at 0x7ff78617fc80>,19,12,[1 8],20,43,55,23,27
1,<environment.Job instance at 0x7ff73aecafa0>,7,16,[2 8],8,55,71,47,42
1,<environment.Job instance at 0x7ff7810b1780>,27,14,[3 5],28,71,85,43,60
1,<environment.Job instance at 0x7ff78618d0f0>,32,17,[8 2],33,85,102,52,74
1,<environment.Job instance at 0x7ff78618db90>,34,1,[3 7],35,102,103,67,83
1,<environment.Job instance at 0x7ff780e013c0>,35,2,[7 1],36,83,85,47,83
1,<environment.Job instance at 0x7ff786192690>,36,14,[5 4],37,103,117,66,88
1,<environment.Job instance at 0x7ff73af4caf0>,39,13,[5 7],40,117,130,77,101
1,<environment.Job instance at 0x7ff73aecfcd0>,49,14,[5 7],50,130,144,80,119
1,<environment.Job instance at 0x7ff73aecf3c0>,50,13,[7 4],51,144,157,93,128
1,<environment.Job instance at 0x7ff73aecf280>,54,18,[ 5 10],55,157,175,102,146
1,<environment.Job instance at 0x7ff780d84a00>,58,15,[2 5],59,175,190,116,162
1,<environment.Job instance at 0x7ff780a9e2d0>,59,15,[7 4],60,175,190,115,162
1,<environment.Job instance at 0x7ff73ae6a320>,63,13,[8 3],64,190,203,126,177
1,<environment.Job instance at 0x7ff73ae6a640>,66,15,[7 3],67,203,218,136,189
1,<environment.Job instance at 0x7ff73ae6ae10>,70,14,[2 8],71,218,232,147,207
1,<environment.Job instance at 0x7ff780985370>,71,15,[10  3],72,232,247,160,220
1,<environment.Job instance at 0x7ff7809c36e0>,77,14,[7 1],78,247,261,169,233
1,<environment.Job instance at 0x7ff7809cf050>,80,14,[ 3 10],81,261,275,180,246
1,<environment.Job instance at 0x7ff73aebad70>,0,1,[5 1],1,3,4,2,3
1,<environment.Job instance at 0x7ff73b49a780>,8,3,[4 7],9,11,14,2,11
1,<environment.Job instance at 0x7ff73b4c1c30>,12,2,[6 3],13,13,15,0,13
1,<environment.Job instance at 0x7ff73b4ef050>,14,2,[4 8],15,22,24,7,22
1,<environment.Job instance at 0x7ff73b1ea9b0>,19,3,[9 2],20,45,48,25,45
1,<environment.Job instance at 0x7ff73b4d02d0>,16,15,[4 9],17,48,63,31,45
1,<environment.Job instance at 0x7ff73b1ea500>,21,3,[10  4],22,63,66,41,45
1,<environment.Job instance at 0x7ff780ed1e10>,22,2,[6 4],23,66,68,43,45
1,<environment.Job instance at 0x7ff73b1ea140>,24,2,[1 9],25,68,70,43,47
1,<environment.Job instance at 0x7ff780a67f50>,28,12,[8 2],29,70,82,41,53
1,<environment.Job instance at 0x7ff780d3e0a0>,30,12,[1 5],31,70,82,39,54
1,<environment.Job instance at 0x7ff780d50d20>,33,18,[8 1],34,82,100,48,71
1,<environment.Job instance at 0x7ff780a67d20>,32,17,[9 1],33,100,117,67,90
1,<environment.Job instance at 0x7ff780d50870>,40,16,[1 9],41,97,113,56,97
1,<environment.Job instance at 0x7ff780e6dcd0>,41,3,[3 7],42,117,120,75,98
1,<environment.Job instance at 0x7ff780d50b90>,39,17,[2 6],40,120,137,80,108
1,<environment.Job instance at 0x7ff780e06640>,45,12,[4 7],46,137,149,91,120
1,<environment.Job instance at 0x7ff780e6dd20>,48,14,[2 7],49,149,163,100,134
1,<environment.Job instance at 0x7ff780c5c140>,49,17,[5 1],50,134,151,84,134
1,<environment.Job instance at 0x7ff780ff59b0>,52,13,[8 1],53,151,164,98,143
1,<environment.Job instance at 0x7ff785a53f50>,53,16,[3 5],54,164,180,110,152
1,<environment.Job instance at 0x7ff780a62b40>,58,13,[8 2],59,180,193,121,170
1,<environment.Job instance at 0x7ff7854bf0a0>,62,13,[3 9],63,193,206,130,177
1,<environment.Job instance at 0x7ff73b1eaaf0>,25,18,[ 3 10],26,206,224,180,206
1,<environment.Job instance at 0x7ff7854bfc80>,67,14,[9 1],68,224,238,156,209
1,<environment.Job instance at 0x7ff780cdb0a0>,72,12,[8 5],73,238,250,165,221
1,<environment.Job instance at 0x7ff780cdbfa0>,76,13,[7 1],77,250,263,173,234
1,<environment.Job instance at 0x7ff780cdb0f0>,77,16,[2 6],78,250,266,172,237
1,<environment.Job instance at 0x7ff7854bfe10>,65,16,[10  5],66,266,282,200,263
1,<environment.Job instance at 0x7ff780bf8cd0>,83,17,[1 8],84,282,299,198,274
1,<environment.Job instance at 0x7ff73b49acd0>,3,3,[9 4],4,5,8,1,5
1,<environment.Job instance at 0x7ff780d10640>,6,14,[8 1],7,10,24,3,10
1,<environment.Job instance at 0x7ff780a9d8c0>,9,3,[4 8],10,24,27,14,10
1,<environment.Job instance at 0x7ff780bf3c30>,14,2,[4 9],15,27,29,12,16
1,<environment.Job instance at 0x7ff780bf30f0>,13,14,[8 2],14,29,43,15,19
1,<environment.Job instance at 0x7ff780bf3b90>,20,19,[2 7],21,29,48,8,24
1,<environment.Job instance at 0x7ff780bf3c80>,24,1,[2 5],25,48,49,23,25
1,<environment.Job instance at 0x7ff780bf5320>,25,2,[9 3],26,49,51,23,26
1,<environment.Job instance at 0x7ff780bf5fa0>,28,14,[3 8],29,51,65,22,36
1,<environment.Job instance at 0x7ff780bf58c0>,26,14,[7 5],27,65,79,38,51
1,<environment.Job instance at 0x7ff780bf5b40>,32,12,[3 8],33,79,91,46,65
1,<environment.Job instance at 0x7ff780bf57d0>,31,17,[5 7],32,91,108,59,79
1,<environment.Job instance at 0x7ff780bf5690>,41,15,[3 5],42,108,123,66,94
1,<environment.Job instance at 0x7ff785b6e6e0>,7,12,[10  4],8,123,135,115,106
1,<environment.Job instance at 0x7ff73ae13e10>,50,1,[6 5],51,135,136,84,123
1,<environment.Job instance at 0x7ff780c417d0>,46,14,[ 5 10],47,136,150,89,124
1,<environment.Job instance at 0x7ff73ae191e0>,57,12,[5 5],58,153,165,95,153
1,<environment.Job instance at 0x7ff73ae19280>,58,15,[5 9],59,165,180,106,153
1,<environment.Job instance at 0x7ff73ae19460>,61,12,[5 9],62,180,192,118,163
1,<environment.Job instance at 0x7ff73ae19640>,64,12,[4 7],65,192,204,127,175
1,<environment.Job instance at 0x7ff73ae19910>,66,14,[10  4],67,204,218,137,189
1,<environment.Job instance at 0x7ff73ae13c30>,47,18,[1 7],48,218,236,170,210
1,<environment.Job instance at 0x7ff73ae19dc0>,73,12,[ 2 10],74,236,248,162,232
1,<environment.Job instance at 0x7ff780bf3050>,1,3,[5 9],2,3,6,1,3
1,<environment.Job instance at 0x7ff73ae19fa0>,4,2,[9 2],5,6,8,1,5
1,<environment.Job instance at 0x7ff73b49a730>,7,17,[3 5],8,8,25,0,8
1,<environment.Job instance at 0x7ff780bf3910>,0,18,[8 1],1,25,43,24,14
1,<environment.Job instance at 0x7ff7858c6500>,16,13,[3 9],17,43,56,26,30
1,<environment.Job instance at 0x7ff780f14d20>,13,17,[5 3],14,56,73,42,44
1,<environment.Job instance at 0x7ff7858c69b0>,20,2,[6 4],21,73,75,52,46
1,<environment.Job instance at 0x7ff7858c6410>,21,2,[3 5],22,56,58,34,46
1,<environment.Job instance at 0x7ff7858c6190>,22,15,[2 5],23,58,73,35,46
1,<environment.Job instance at 0x7ff7858c6e10>,19,3,[5 9],20,75,78,55,49
1,<environment.Job instance at 0x7ff780f346e0>,25,2,[2 9],26,78,80,52,60
1,<environment.Job instance at 0x7ff780f34320>,26,15,[9 1],27,80,95,53,66
1,<environment.Job instance at 0x7ff780f34af0>,29,13,[1 8],30,80,93,50,69
1,<environment.Job instance at 0x7ff785a659b0>,32,13,[ 5 10],33,95,108,62,80
1,<environment.Job instance at 0x7ff785a658c0>,33,15,[6 1],34,108,123,74,94
1,<environment.Job instance at 0x7ff785a653c0>,36,2,[5 5],37,123,125,86,97
1,<environment.Job instance at 0x7ff780f141e0>,12,15,[10  1],13,125,140,112,111
1,<environment.Job instance at 0x7ff73b1eaa50>,44,15,[7 3],45,140,155,95,126
1,<environment.Job instance at 0x7ff73b1eacd0>,47,15,[10  1],48,155,170,107,142
1,<environment.Job instance at 0x7ff73af43370>,54,12,[3 5],55,142,154,87,142
1,<environment.Job instance at 0x7ff73af43d20>,55,3,[9 2],56,170,173,114,144
1,<environment.Job instance at 0x7ff73af43230>,63,13,[7 5],64,173,186,109,168
1,<environment.Job instance at 0x7ff73af43c30>,66,14,[1 7],67,186,200,119,171
1,<environment.Job instance at 0x7ff7858c63c0>,18,16,[6 5],19,200,216,181,189
1,<environment.Job instance at 0x7ff785426640>,73,16,[8 5],74,216,232,142,203
1,<environment.Job instance at 0x7ff785426140>,77,13,[ 4 10],78,232,245,154,216
1,<environment.Job instance at 0x7ff78605b550>,80,14,[1 8],81,245,259,164,232
1,<environment.Job instance at 0x7ff7854c5140>,88,14,[9 1],89,245,259,156,243
1,<environment.Job instance at 0x7ff78605b320>,78,17,[3 9],79,259,276,180,247
1,<environment.Job instance at 0x7ff785a41910>,93,3,[10  3],94,276,279,182,254
1,<environment.Job instance at 0x7ff7854c57d0>,89,17,[1 9],90,279,296,189,269
1,<environment.Job instance at 0x7ff785586780>,99,18,[ 5 10],100,296,314,196,285
1,<environment.Job instance at 0x7ff785586be0>,102,1,[6 3],103,314,315,211,289
1,<environment.Job instance at 0x7ff785426eb0>,76,15,[10  4],77,315,330,238,303
1,<environment.Job instance at 0x7ff785586c80>,105,15,[ 1 10],106,330,345,224,318
1,<environment.Job instance at 0x7ff785586870>,112,17,[9 4],113,345,362,232,333
1,<environment.Job instance at 0x7ff78603e7d0>,115,16,[9 4],116,362,378,246,349
1,<environment.Job instance at 0x7ff78603e0f0>,118,2,[5 8],119,378,380,259,358
1,<environment.Job instance at 0x7ff7809e3780>,1,2,[8 4],2,2,4,0,2
1,<environment.Job instance at 0x7ff73b292910>,6,3,[8 3],7,7,10,0,7
1,<environment.Job instance at 0x7ff73b292820>,7,1,[10  5],8,10,11,2,8
1,<environment.Job instance at 0x7ff785a5daa0>,11,3,[6 4],12,13,16,1,13
1,<environment.Job instance at 0x7ff780c90320>,9,1,[5 1],10,16,17,6,15
1,<environment.Job instance at 0x7ff73b292c80>,13,15,[5 5],14,16,31,2,15
1,<environment.Job instance at 0x7ff780e53820>,15,2,[6 3],16,31,33,15,20
1,<environment.Job instance at 0x7ff7854b1820>,16,13,[4 7],17,31,44,14,20
1,<environment.Job instance at 0x7ff73b292eb0>,14,12,[9 1],15,44,56,29,35
1,<environment.Job instance at 0x7ff7855d4eb0>,25,2,[4 7],26,56,58,30,43
1,<environment.Job instance at 0x7ff785696c30>,26,18,[6 3],27,56,74,29,45
1,<environment.Job instance at 0x7ff785696f00>,28,3,[8 3],29,74,77,45,48
1,<environment.Job instance at 0x7ff780fcb1e0>,12,17,[ 2 10],13,77,94,64,66
1,<environment.Job instance at 0x7ff7854afdc0>,35,12,[10  1],36,94,106,58,79
1,<environment.Job instance at 0x7ff7854afa50>,36,12,[2 7],37,106,118,69,89
1,<environment.Job instance at 0x7ff7854af0a0>,37,14,[ 4 10],38,118,132,80,104
1,<environment.Job instance at 0x7ff78575f7d0>,42,16,[3 8],43,132,148,89,119
1,<environment.Job instance at 0x7ff7856b5230>,45,2,[4 5],46,148,150,102,121
1,<environment.Job instance at 0x7ff73af90d20>,46,18,[10  2],47,150,168,103,139
1,<environment.Job instance at 0x7ff73aea8460>,49,16,[7 2],50,168,184,118,155
1,<environment.Job instance at 0x7ff73b1d5b90>,51,16,[5 7],52,184,200,132,171
1,<environment.Job instance at 0x7ff780c53b40>,58,3,[2 6],59,181,184,122,181
1,<environment.Job instance at 0x7ff780c53460>,60,2,[3 9],61,205,207,144,205
1,<environment.Job instance at 0x7ff780c53b90>,61,2,[7 1],62,205,207,143,205
1,<environment.Job instance at 0x7ff73b3bc8c0>,63,3,[10  3],64,207,210,143,205
1,<environment.Job instance at 0x7ff73b3bcf00>,64,13,[5 3],65,210,223,145,205
1,<environment.Job instance at 0x7ff73b3bcb40>,65,12,[8 5],66,223,235,157,206
1,<environment.Job instance at 0x7ff73b4d01e0>,70,13,[5 3],71,210,223,139,209
1,<environment.Job instance at 0x7ff73b4d0370>,71,17,[2 7],72,235,252,163,223
1,<environment.Job instance at 0x7ff73b4d0fa0>,73,12,[7 4],74,252,264,178,235
1,<environment.Job instance at 0x7ff780ed8a50>,77,2,[7 2],78,235,237,157,235
1,<environment.Job instance at 0x7ff73b3bc730>,68,17,[3 7],69,264,281,195,252
1,<environment.Job instance at 0x7ff780ed9870>,83,18,[5 5],84,281,299,197,270
1,<environment.Job instance at 0x7ff780ed9c30>,85,17,[ 3 10],86,299,316,213,289
1,<environment.Job instance at 0x7ff780ed9690>,82,16,[ 3 10],83,316,332,233,304
1,<environment.Job instance at 0x7ff73b39d460>,94,16,[2 7],95,332,348,237,319
1,<environment.Job instance at 0x7ff7856a8fa0>,96,13,[5 5],97,348,361,251,332
1,<environment.Job instance at 0x7ff780c8b730>,103,1,[10  1],104,361,362,257,349
1,<environment.Job instance at 0x7ff785beb5f0>,105,18,[5 5],106,362,380,256,351
1,<environment.Job instance at 0x7ff78548e910>,106,2,[5 9],107,380,382,273,353
1,<environment.Job instance at 0x7ff780bc84b0>,107,2,[10  3],108,382,384,274,355
1,<environment.Job instance at 0x7ff73b3b0730>,109,14,[5 1],110,384,398,274,377
1,<environment.Job instance at 0x7ff73b3b0e60>,110,3,[5 7],111,384,387,273,377
1,<environment.Job instance at 0x7ff73b3b0910>,111,1,[7 3],112,398,399,286,377
1,<environment.Job instance at 0x7ff73b3b0960>,114,14,[9 1],115,399,413,284,386
1,<environment.Job instance at 0x7ff73b3b0230>,116,18,[8 3],117,413,431,296,402
1,<environment.Job instance at 0x7ff73b3b0b90>,112,18,[4 7],113,431,449,318,420
1,<environment.Job instance at 0x7ff73b3b0140>,4,2,[9 3],5,5,7,0,5
1,<environment.Job instance at 0x7ff780badf50>,9,15,[5 7],10,10,25,0,10
1,<environment.Job instance at 0x7ff7809cfc80>,10,14,[1 5],11,25,39,14,11
1,<environment.Job instance at 0x7ff73b1e9500>,6,13,[9 3],7,25,38,18,18
1,<environment.Job instance at 0x7ff7811269b0>,15,14,[ 1 10],16,39,53,23,24
1,<environment.Job instance at 0x7ff781126f00>,18,14,[1 7],19,53,67,34,42
1,<environment.Job instance at 0x7ff781126460>,19,18,[6 4],20,67,85,47,56
1,<environment.Job instance at 0x7ff7811265f0>,22,14,[3 9],23,85,99,62,73
1,<environment.Job instance at 0x7ff73afea960>,6,3,[7 4],7,11,14,4,11
1,<environment.Job instance at 0x7ff780e3cd20>,10,2,[10  5],11,14,16,3,11
1,<environment.Job instance at 0x7ff73b282190>,8,2,[7 4],9,16,18,7,12
1,<environment.Job instance at 0x7ff780af9aa0>,16,12,[9 5],17,23,35,6,23
1,<environment.Job instance at 0x7ff780af90a0>,14,13,[4 8],15,35,48,20,23
1,<environment.Job instance at 0x7ff780af9960>,17,17,[10  4],18,48,65,30,36
1,<environment.Job instance at 0x7ff73b476a00>,22,13,[2 9],23,65,78,42,53
1,<environment.Job instance at 0x7ff73ae85f00>,28,13,[1 5],29,78,91,49,66
1,<environment.Job instance at 0x7ff7854c9190>,25,18,[7 5],26,78,96,52,69
1,<environment.Job instance at 0x7ff7856ab820>,35,3,[5 6],36,96,99,60,81
1,<environment.Job instance at 0x7ff7856abcd0>,37,15,[5 8],38,99,114,61,88
1,<environment.Job instance at 0x7ff7810cf190>,43,14,[ 5 10],44,114,128,70,100
1,<environment.Job instance at 0x7ff73afcbaf0>,46,17,[3 5],47,128,145,81,116
1,<environment.Job instance at 0x7ff780ff5190>,52,12,[10  4],53,145,157,92,129
1,<environment.Job instance at 0x7ff785b70960>,55,15,[8 1],56,157,172,101,143
1,<environment.Job instance at 0x7ff73ae14f50>,39,17,[2 6],40,157,174,117,156
1,<environment.Job instance at 0x7ff780d1c5a0>,61,15,[5 4],62,172,187,110,158
1,<environment.Job instance at 0x7ff780d1c870>,64,17,[2 5],65,174,191,109,174
1,<environment.Job instance at 0x7ff780fb42d0>,70,12,[10  1],71,193,205,122,193
1,<environment.Job instance at 0x7ff780fb4dc0>,72,16,[9 4],73,205,221,132,193
1,<environment.Job instance at 0x7ff780d1c280>,63,17,[5 9],64,221,238,157,209
1,<environment.Job instance at 0x7ff780f1b910>,78,2,[10  5],79,238,240,159,217
1,<environment.Job instance at 0x7ff780f1b820>,80,3,[2 8],81,240,243,159,218
1,<environment.Job instance at 0x7ff780f1b500>,81,13,[7 4],82,243,256,161,228
1,<environment.Job instance at 0x7ff780c4cfa0>,86,17,[2 6],87,243,260,156,234
1,<environment.Job instance at 0x7ff780c4cbe0>,87,12,[2 8],88,260,272,172,243
1,<environment.Job instance at 0x7ff780c4ce10>,90,13,[2 6],91,272,285,181,256
1,<environment.Job instance at 0x7ff780c4c870>,92,15,[8 4],93,272,287,179,258
1,<environment.Job instance at 0x7ff780c4c140>,94,15,[5 6],95,287,302,192,273
1,<environment.Job instance at 0x7ff780c4c4b0>,98,12,[9 3],99,302,314,203,285
1,<environment.Job instance at 0x7ff780c4c6e0>,102,2,[3 6],103,314,316,211,287
1,<environment.Job instance at 0x7ff73afd3730>,104,12,[9 1],105,316,328,211,299
1,<environment.Job instance at 0x7ff73afd3be0>,105,15,[3 9],106,328,343,222,314
1,<environment.Job instance at 0x7ff73afd3190>,109,18,[7 5],110,343,361,233,332
1,<environment.Job instance at 0x7ff73afd3640>,111,14,[5 8],112,361,375,249,347
1,<environment.Job instance at 0x7ff73afd3af0>,114,17,[7 2],115,375,392,260,364
1,<environment.Job instance at 0x7ff73afd31e0>,117,3,[1 9],118,392,395,274,366
1,<environment.Job instance at 0x7ff780f0b230>,3,15,[3 9],4,5,20,1,5
1,<environment.Job instance at 0x7ff780c11050>,6,1,[ 4 10],7,20,21,13,7
1,<environment.Job instance at 0x7ff780c11a50>,5,3,[10  4],6,21,24,15,7
1,<environment.Job instance at 0x7ff785b4b6e0>,10,15,[5 3],11,24,39,13,12
1,<environment.Job instance at 0x7ff780b3caf0>,15,1,[1 9],16,39,40,23,20
1,<environment.Job instance at 0x7ff73b286e60>,17,1,[10  4],18,40,41,22,20
1,<environment.Job instance at 0x7ff73b286f00>,18,2,[3 6],19,24,26,5,20
1,<environment.Job instance at 0x7ff73b286cd0>,19,15,[3 9],20,41,56,21,28
1,<environment.Job instance at 0x7ff73b286500>,21,3,[8 5],22,56,59,34,35
1,<environment.Job instance at 0x7ff73b2afd20>,13,17,[9 1],14,59,76,45,48
1,<environment.Job instance at 0x7ff780fe2b90>,27,15,[6 2],28,76,91,48,62
1,<environment.Job instance at 0x7ff73b2aed70>,31,3,[1 8],32,84,87,52,84
1,<environment.Job instance at 0x7ff785585f00>,33,3,[3 8],34,87,90,53,84
1,<environment.Job instance at 0x7ff73b54e4b0>,38,2,[6 3],39,91,93,52,88
1,<environment.Job instance at 0x7ff7857c2230>,39,2,[1 9],40,93,95,53,88
1,<environment.Job instance at 0x7ff73b1ee5f0>,34,12,[9 1],35,93,105,58,89
1,<environment.Job instance at 0x7ff785967550>,40,12,[5 6],41,105,117,64,89
1,<environment.Job instance at 0x7ff785a9caf0>,42,1,[5 9],43,117,118,74,89
1,<environment.Job instance at 0x7ff78103c410>,43,1,[2 6],44,90,91,46,89
1,<environment.Job instance at 0x7ff78103cc30>,44,13,[2 7],45,118,131,73,102
1,<environment.Job instance at 0x7ff78103c230>,46,18,[6 4],47,131,149,84,120
1,<environment.Job instance at 0x7ff78103cbe0>,49,3,[1 7],50,149,152,99,123
1,<environment.Job instance at 0x7ff78103c870>,50,2,[1 6],51,131,133,80,125
1,<environment.Job instance at 0x7ff78103c3c0>,52,14,[ 4 10],53,152,166,99,138
1,<environment.Job instance at 0x7ff780fa9460>,56,12,[8 4],57,166,178,109,151
1,<environment.Job instance at 0x7ff780fa95f0>,57,16,[1 8],58,178,194,120,165
1,<environment.Job instance at 0x7ff780fa9af0>,62,14,[9 2],63,178,192,115,165
1,<environment.Job instance at 0x7ff780fa99b0>,64,2,[6 1],65,192,194,127,165
1,<environment.Job instance at 0x7ff785b500f0>,69,2,[9 3],70,194,196,124,177
1,<environment.Job instance at 0x7ff785b50870>,70,13,[4 6],71,196,209,125,180
1,<environment.Job instance at 0x7ff785a9caa0>,41,16,[3 9],42,209,225,167,196
1,<environment.Job instance at 0x7ff785640d20>,72,16,[9 2],73,225,241,152,212
1,<environment.Job instance at 0x7ff780a6a7d0>,76,17,[3 7],77,241,258,164,229
1,<environment.Job instance at 0x7ff78103b780>,86,2,[5 7],87,258,260,171,240
1,<environment.Job instance at 0x7ff73b35ddc0>,83,14,[ 2 10],84,260,274,176,245
1,<environment.Job instance at 0x7ff73b4eaf00>,90,2,[8 4],91,274,276,183,247
1,<environment.Job instance at 0x7ff780ed8780>,93,16,[3 8],94,276,292,182,263
1,<environment.Job instance at 0x7ff780ed8190>,96,13,[5 7],97,292,305,195,276
1,<environment.Job instance at 0x7ff780ed8a50>,101,12,[4 7],102,305,317,203,290
1,<environment.Job instance at 0x7ff780ed8aa0>,105,14,[4 8],106,317,331,211,302
1,<environment.Job instance at 0x7ff780ed8d70>,108,3,[3 8],109,331,334,222,312
1,<environment.Job instance at 0x7ff780ed8230>,102,17,[9 4],103,334,351,231,322
1,<environment.Job instance at 0x7ff73b266730>,112,1,[1 8],113,351,352,238,326
1,<environment.Job instance at 0x7ff73b266500>,114,2,[3 6],115,352,354,237,346
1,<environment.Job instance at 0x7ff73b2665a0>,115,3,[2 8],116,354,357,238,346
1,<environment.Job instance at 0x7ff73b266b40>,116,1,[9 2],117,351,352,234,346
1,<environment.Job instance at 0x7ff73b2668c0>,117,1,[5 3],118,352,353,234,346
1,<environment.Job instance at 0x7ff780ed8f00>,109,16,[10  5],110,357,373,247,346
1,<environment.Job instance at 0x7ff73b0dcfa0>,2,3,[10  4],3,3,6,0,3
1,<environment.Job instance at 0x7ff73b1c5be0>,6,1,[5 2],7,7,8,0,7
1,<environment.Job instance at 0x7ff78575ff50>,5,16,[7 3],6,8,24,2,8
1,<environment.Job instance at 0x7ff780c2a820>,8,13,[8 5],9,24,37,15,9
1,<environment.Job instance at 0x7ff780c2ad20>,13,3,[ 4 10],14,37,40,23,22
1,<environment.Job instance at 0x7ff780c2aeb0>,14,3,[10  2],15,40,43,25,22
1,<environment.Job instance at 0x7ff780c2a1e0>,17,18,[1 6],18,43,61,25,35
1,<environment.Job instance at 0x7ff780c2aaf0>,18,2,[1 9],19,61,63,42,35
1,<environment.Job instance at 0x7ff780c2a230>,19,14,[5 1],20,43,57,23,35
1,<environment.Job instance at 0x7ff780c2afa0>,21,2,[ 5 10],22,63,65,41,37
1,<environment.Job instance at 0x7ff780e6dc80>,22,14,[7 3],23,65,79,42,50
1,<environment.Job instance at 0x7ff780a67730>,25,3,[9 2],26,57,60,31,50
1,<environment.Job instance at 0x7ff780a67a50>,28,3,[10  4],29,79,82,50,53
1,<environment.Job instance at 0x7ff780a67320>,31,1,[2 5],32,65,66,33,59
1,<environment.Job instance at 0x7ff780a67be0>,32,13,[ 3 10],33,82,95,49,66
1,<environment.Job instance at 0x7ff780a67910>,35,14,[5 7],36,95,109,59,80
1,<environment.Job instance at 0x7ff780a67f50>,38,21,[5 1],39,95,116,56,92
1,<environment.Job instance at 0x7ff780a67e60>,39,2,[8 2],40,116,118,76,94
1,<environment.Job instance at 0x7ff73ae55460>,43,1,[7 3],44,118,119,74,102
1,<environment.Job instance at 0x7ff73ae551e0>,44,2,[2 5],45,109,111,64,102
1,<environment.Job instance at 0x7ff780c2a960>,20,17,[9 2],21,119,136,98,107
1,<environment.Job instance at 0x7ff7858e53c0>,47,3,[ 1 10],48,136,139,88,120
1,<environment.Job instance at 0x7ff7858e5dc0>,48,2,[5 7],49,139,141,90,120
1,<environment.Job instance at 0x7ff7858e5910>,50,17,[ 5 10],51,141,158,90,130
1,<environment.Job instance at 0x7ff73b0dc8c0>,0,18,[6 4],1,158,176,157,147
1,<environment.Job instance at 0x7ff7858cbaf0>,61,3,[7 4],62,176,179,114,150
1,<environment.Job instance at 0x7ff7858cbc30>,63,12,[5 4],64,179,191,115,169
1,<environment.Job instance at 0x7ff7858cbbe0>,65,13,[9 1],66,191,204,125,176
1,<environment.Job instance at 0x7ff7858cbf00>,67,15,[3 6],68,176,191,108,176
1,<environment.Job instance at 0x7ff7858cb820>,58,12,[3 9],59,204,216,145,189
1,<environment.Job instance at 0x7ff7858d4230>,74,13,[3 6],75,216,229,141,200
1,<environment.Job instance at 0x7ff7858d45a0>,76,13,[8 1],77,229,242,152,215
1,<environment.Job instance at 0x7ff7858d41e0>,80,3,[ 4 10],81,242,245,161,217
1,<environment.Job instance at 0x7ff7858d48c0>,84,17,[2 7],85,245,262,160,245
1,<environment.Job instance at 0x7ff7858d4a00>,85,14,[7 2],86,246,260,160,246
1,<environment.Job instance at 0x7ff7858d4c30>,87,16,[5 4],88,262,278,174,254
1,<environment.Job instance at 0x7ff7858d4e10>,89,18,[5 1],90,260,278,170,254
1,<environment.Job instance at 0x7ff7858d4be0>,90,16,[1 7],91,278,294,187,265
1,<environment.Job instance at 0x7ff7858d4f50>,91,12,[2 6],92,294,306,202,277
1,<environment.Job instance at 0x7ff7858c43c0>,94,3,[8 2],95,278,281,183,277
1,<environment.Job instance at 0x7ff7858d4eb0>,92,17,[6 4],93,294,311,201,282
1,<environment.Job instance at 0x7ff7858c4690>,99,12,[3 9],100,311,323,211,300
1,<environment.Job instance at 0x7ff7858c4500>,100,15,[1 8],101,323,338,222,314
1,<environment.Job instance at 0x7ff7858c47d0>,101,16,[5 5],102,338,354,236,333
1,<environment.Job instance at 0x7ff7858c4780>,102,18,[2 5],103,338,356,235,335
1,<environment.Job instance at 0x7ff7858c4a00>,104,14,[ 3 10],105,356,370,251,343
1,<environment.Job instance at 0x7ff780ccd640>,2,2,[5 3],3,7,9,4,7
1,<environment.Job instance at 0x7ff7857698c0>,7,3,[9 4],8,9,12,1,8
1,<environment.Job instance at 0x7ff7858c4a50>,6,16,[5 6],7,12,28,5,10
1,<environment.Job instance at 0x7ff7857699b0>,8,13,[8 2],9,28,41,19,17
1,<environment.Job instance at 0x7ff785769550>,11,16,[4 6],12,41,57,29,28
1,<environment.Job instance at 0x7ff780aa3230>,22,14,[3 7],23,57,71,34,43
1,<environment.Job instance at 0x7ff780aa3a00>,25,13,[5 4],26,43,56,17,43
1,<environment.Job instance at 0x7ff780ccd910>,0,13,[10  1],1,71,84,70,55
1,<environment.Job instance at 0x7ff73b01a230>,30,13,[2 8],31,84,97,53,68
1,<environment.Job instance at 0x7ff73b01a4b0>,34,13,[5 8],35,97,110,62,82
1,<environment.Job instance at 0x7ff7809f1820>,38,16,[9 1],39,110,126,71,97
1,<environment.Job instance at 0x7ff785963cd0>,42,2,[10  3],43,126,128,83,100
1,<environment.Job instance at 0x7ff73ac47d20>,8,3,[9 5],9,16,19,7,16
1,<environment.Job instance at 0x7ff73b0267d0>,12,2,[1 9],13,19,21,6,16
1,<environment.Job instance at 0x7ff73b0268c0>,13,1,[3 7],14,21,22,7,16
1,<environment.Job instance at 0x7ff73b026b40>,14,3,[8 5],15,22,25,7,16
1,<environment.Job instance at 0x7ff73b026050>,10,2,[3 5],11,25,27,14,16
1,<environment.Job instance at 0x7ff73b026b90>,15,2,[9 5],16,27,29,11,16
1,<environment.Job instance at 0x7ff73b026320>,9,3,[5 4],10,29,32,19,18
1,<environment.Job instance at 0x7ff73b026960>,19,15,[6 4],20,32,47,12,21
1,<environment.Job instance at 0x7ff780b483c0>,20,2,[7 5],21,25,27,4,21
1,<environment.Job instance at 0x7ff780b488c0>,21,2,[ 2 10],22,47,49,25,23
1,<environment.Job instance at 0x7ff780b482d0>,23,1,[9 4],24,49,50,25,24
1,<environment.Job instance at 0x7ff73b0261e0>,18,14,[5 4],19,50,64,31,38
1,<environment.Job instance at 0x7ff780b48460>,29,3,[4 5],30,50,53,20,46
1,<environment.Job instance at 0x7ff780b48050>,28,13,[4 8],29,64,77,35,50
1,<environment.Job instance at 0x7ff73ada9140>,32,18,[6 5],33,77,95,44,67
1,<environment.Job instance at 0x7ff73ada9820>,41,12,[5 6],42,95,107,53,79
1,<environment.Job instance at 0x7ff73ada97d0>,36,16,[4 8],37,107,123,70,95
1,<environment.Job instance at 0x7ff785654c30>,45,14,[3 8],46,123,137,77,108
1,<environment.Job instance at 0x7ff73ada9f50>,37,15,[4 8],38,137,152,99,126
1,<environment.Job instance at 0x7ff73b3ee370>,53,15,[8 4],54,152,167,98,139
1,<environment.Job instance at 0x7ff73b3eee10>,56,12,[3 5],57,167,179,110,150
1,<environment.Job instance at 0x7ff73b3ee1e0>,57,3,[7 5],58,167,170,109,150
1,<environment.Job instance at 0x7ff73b5b8690>,62,2,[8 4],63,179,181,116,160
1,<environment.Job instance at 0x7ff73b5b8460>,63,3,[10  2],64,181,184,117,160
1,<environment.Job instance at 0x7ff73b5b81e0>,64,1,[5 9],65,184,185,119,160
1,<environment.Job instance at 0x7ff73b5b8a50>,65,14,[4 8],66,185,199,119,170
1,<environment.Job instance at 0x7ff73b3eed20>,52,17,[ 1 10],53,199,216,146,188
1,<environment.Job instance at 0x7ff73af903c0>,71,13,[9 3],72,216,229,144,202
1,<environment.Job instance at 0x7ff73af907d0>,77,1,[10  1],78,229,230,151,225
1,<environment.Job instance at 0x7ff73af90640>,78,3,[2 6],79,230,233,151,225
1,<environment.Job instance at 0x7ff73af90d20>,76,16,[ 1 10],77,233,249,156,225
1,<environment.Job instance at 0x7ff780e0f550>,82,16,[2 8],83,249,265,166,237
1,<environment.Job instance at 0x7ff780e0f2d0>,86,15,[5 9],87,265,280,178,252
1,<environment.Job instance at 0x7ff780e0feb0>,79,15,[ 5 10],80,280,295,200,271
1,<environment.Job instance at 0x7ff780e0fc30>,89,17,[ 1 10],90,343,360,253,343
1,<environment.Job instance at 0x7ff780e0fe60>,90,15,[8 4],91,360,375,269,357
1,<environment.Job instance at 0x7ff73afb3460>,92,13,[5 3],93,375,388,282,360
1,<environment.Job instance at 0x7ff73afb3a00>,95,3,[9 1],96,388,391,292,362
1,<environment.Job instance at 0x7ff73afb3af0>,98,12,[5 4],99,375,387,276,363
1,<environment.Job instance at 0x7ff73afb38c0>,100,13,[8 3],101,391,404,290,381
1,<environment.Job instance at 0x7ff73ad1e050>,2,3,[5 8],3,3,6,0,3
1,<environment.Job instance at 0x7ff780e5f2d0>,5,1,[1 7],6,6,7,0,6
1,<environment.Job instance at 0x7ff785baa460>,6,2,[5 3],7,7,9,0,7
1,<environment.Job instance at 0x7ff780aa32d0>,9,2,[4 8],10,10,12,0,10
1,<environment.Job instance at 0x7ff7856b0b90>,0,18,[3 5],1,12,30,11,10
1,<environment.Job instance at 0x7ff780bb6640>,15,3,[3 9],16,30,33,14,17
1,<environment.Job instance at 0x7ff780980550>,19,12,[5 8],20,33,45,13,28
1,<environment.Job instance at 0x7ff7809807d0>,20,2,[5 4],21,28,30,7,28
1,<environment.Job instance at 0x7ff73ac7a5f0>,24,1,[7 3],25,45,46,20,30
1,<environment.Job instance at 0x7ff7809801e0>,23,3,[6 1],24,30,33,6,30
1,<environment.Job instance at 0x7ff780ed23c0>,25,3,[8 1],26,46,49,20,30
1,<environment.Job instance at 0x7ff7858a36e0>,26,2,[5 9],27,49,51,22,30
1,<environment.Job instance at 0x7ff73afbe460>,27,2,[5 8],28,51,53,23,30
1,<environment.Job instance at 0x7ff78563df00>,29,2,[10  1],30,53,55,23,30
1,<environment.Job instance at 0x7ff73b1f4550>,35,13,[7 4],36,55,68,19,42
1,<environment.Job instance at 0x7ff78584e370>,39,2,[6 3],40,68,70,28,49
1,<environment.Job instance at 0x7ff7855fbd20>,40,15,[5 5],41,70,85,29,56
1,<environment.Job instance at 0x7ff7854fe910>,48,12,[7 5],49,85,97,36,71
1,<environment.Job instance at 0x7ff780b4ee60>,36,16,[3 8],37,97,113,60,84
1,<environment.Job instance at 0x7ff780b25870>,42,17,[5 7],43,113,130,70,102
1,<environment.Job instance at 0x7ff7854f79b0>,58,16,[8 4],59,130,146,71,119
1,<environment.Job instance at 0x7ff7855251e0>,56,17,[4 8],57,146,163,89,134
1,<environment.Job instance at 0x7ff7854f70a0>,64,13,[10  1],65,163,176,98,148
1,<environment.Job instance at 0x7ff7855213c0>,67,13,[7 1],68,176,189,108,162
1,<environment.Job instance at 0x7ff785509af0>,70,12,[3 8],71,176,188,105,164
1,<environment.Job instance at 0x7ff73ac2e500>,75,16,[3 5],76,188,204,112,175
1,<environment.Job instance at 0x7ff73afbbc80>,76,14,[6 2],77,189,203,112,175
1,<environment.Job instance at 0x7ff785402960>,79,14,[7 3],80,203,217,123,188
1,<environment.Job instance at 0x7ff73af3a9b0>,82,17,[1 5],83,204,221,121,192
1,<environment.Job instance at 0x7ff785417cd0>,83,3,[8 2],84,217,220,133,192
1,<environment.Job instance at 0x7ff78541cd70>,85,3,[9 4],86,220,223,134,206
1,<environment.Job instance at 0x7ff78541c960>,86,12,[5 3],87,223,235,136,206
1,<environment.Job instance at 0x7ff780d7c780>,88,15,[10  2],89,235,250,146,221
1,<environment.Job instance at 0x7ff73ac34550>,90,2,[8 1],91,250,252,159,223
1,<environment.Job instance at 0x7ff780e5a6e0>,95,3,[8 5],96,252,255,156,234
1,<environment.Job instance at 0x7ff78101dfa0>,98,1,[5 3],99,255,256,156,244
1,<environment.Job instance at 0x7ff78101d910>,99,3,[ 4 10],100,256,259,156,244
1,<environment.Job instance at 0x7ff781000aa0>,100,13,[5 8],101,259,272,158,244
1,<environment.Job instance at 0x7ff7810005a0>,101,16,[5 2],102,259,275,157,246
1,<environment.Job instance at 0x7ff781000b40>,103,15,[ 3 10],104,275,290,171,263
1,<environment.Job instance at 0x7ff7810ef7d0>,109,1,[9 3],110,290,291,180,270
1,<environment.Job instance at 0x7ff7810ef230>,107,16,[8 4],108,291,307,183,278
1,<environment.Job instance at 0x7ff785b44050>,111,3,[1 5],112,290,293,178,278
1,<environment.Job instance at 0x7ff785b449b0>,110,15,[10  5],111,307,322,196,293
1,<environment.Job instance at 0x7ff785b43780>,4,2,[3 6],5,5,7,0,5
1,<environment.Job instance at 0x7ff78097b960>,8,2,[7 4],9,9,11,0,9
1,<environment.Job instance at 0x7ff780ed0b40>,7,16,[8 4],8,11,27,3,9
1,<environment.Job instance at 0x7ff73b00a960>,11,2,[6 3],12,27,29,15,12
1,<environment.Job instance at 0x7ff785989d20>,13,13,[10  3],14,29,42,15,14
1,<environment.Job instance at 0x7ff785b43b90>,15,2,[8 1],16,42,44,26,16
1,<environment.Job instance at 0x7ff780d0c730>,20,12,[9 4],21,44,56,23,27
1,<environment.Job instance at 0x7ff73ac431e0>,17,14,[4 7],18,56,70,38,41
1,<environment.Job instance at 0x7ff780e6d410>,29,3,[3 5],30,70,73,40,44
1,<environment.Job instance at 0x7ff73b464a00>,32,14,[6 2],33,56,70,23,52
1,<environment.Job instance at 0x7ff73b464550>,33,13,[6 5],34,70,83,36,54
1,<environment.Job instance at 0x7ff73b464be0>,34,2,[1 5],35,54,56,19,54
1,<environment.Job instance at 0x7ff73b4644b0>,35,3,[9 4],36,83,86,47,57
1,<environment.Job instance at 0x7ff73ae542d0>,3,12,[6 5],4,86,98,82,71
1,<environment.Job instance at 0x7ff73b54ef50>,39,3,[7 4],40,98,101,58,72
1,<environment.Job instance at 0x7ff780d84460>,46,14,[10  3],47,101,115,54,87
1,<environment.Job instance at 0x7ff785772aa0>,50,14,[6 1],51,115,129,64,100
1,<environment.Job instance at 0x7ff7859e2d20>,52,3,[8 4],53,129,132,76,115
1,<environment.Job instance at 0x7ff7859e2140>,53,15,[2 7],54,132,147,78,118
1,<environment.Job instance at 0x7ff780d15b40>,55,3,[9 3],56,147,150,91,121
1,<environment.Job instance at 0x7ff7858bb230>,57,3,[6 1],58,134,137,76,134
1,<environment.Job instance at 0x7ff7858bbfa0>,58,12,[ 1 10],59,150,162,91,134
1,<environment.Job instance at 0x7ff73b150f00>,60,13,[8 4],61,162,175,101,146
1,<environment.Job instance at 0x7ff73adead70>,66,18,[7 3],67,175,193,108,164
1,<environment.Job instance at 0x7ff73adea230>,68,18,[1 5],69,164,182,95,164
1,<environment.Job instance at 0x7ff73adea370>,70,16,[ 2 10],71,193,209,122,180
1,<environment.Job instance at 0x7ff7858e32d0>,72,15,[5 5],73,209,224,136,195
1,<environment.Job instance at 0x7ff7858e3dc0>,79,15,[4 6],80,224,239,144,210
1,<environment.Job instance at 0x7ff73b1caf50>,84,17,[5 5],85,239,256,154,227
1,<environment.Job instance at 0x7ff73afeeeb0>,90,12,[10  4],91,256,268,165,240
1,<environment.Job instance at 0x7ff73afeeaf0>,91,15,[10  4],92,268,283,176,254
1,<environment.Job instance at 0x7ff781067500>,96,14,[9 2],97,325,339,228,325
1,<environment.Job instance at 0x7ff781075aa0>,101,1,[7 2],102,339,340,237,328
1,<environment.Job instance at 0x7ff780c41b40>,103,2,[4 9],104,350,352,246,350
1,<environment.Job instance at 0x7ff780c41190>,105,17,[9 3],106,376,393,270,376
1,<environment.Job instance at 0x7ff73af2af00>,108,14,[1 9],109,403,417,294,403
1,<environment.Job instance at 0x7ff7856b1640>,110,3,[8 5],111,417,420,306,403
1,<environment.Job instance at 0x7ff7856b1d70>,111,13,[7 4],112,420,433,308,409
1,<environment.Job instance at 0x7ff780cd5550>,118,3,[6 2],119,433,436,314,424
1,<environment.Job instance at 0x7ff73b124140>,1,3,[2 9],2,3,6,1,3
1,<environment.Job instance at 0x7ff787047a50>,2,18,[2 5],3,6,24,3,5
1,<environment.Job instance at 0x7ff780cd5550>,7,15,[6 2],8,9,24,1,9
1,<environment.Job instance at 0x7ff7858b0230>,9,17,[5 4],10,24,41,14,12
1,<environment.Job instance at 0x7ff7858b0e60>,10,16,[1 6],11,24,40,13,14
1,<environment.Job instance at 0x7ff73ae093c0>,15,16,[3 8],16,41,57,25,28
1,<environment.Job instance at 0x7ff73ae09500>,16,14,[6 2],17,41,55,24,28
1,<environment.Job instance at 0x7ff73ae09190>,19,14,[4 7],20,57,71,37,42
1,<environment.Job instance at 0x7ff73ae09780>,24,14,[5 6],25,71,85,46,56
1,<environment.Job instance at 0x7ff781053a00>,0,15,[2 8],1,85,100,84,72
1,<environment.Job instance at 0x7ff73ae08e60>,32,2,[5 3],33,78,80,45,78
1,<environment.Job instance at 0x7ff73ae08780>,35,2,[5 2],36,80,82,44,79
1,<environment.Job instance at 0x7ff73ae08af0>,31,13,[1 7],32,100,113,68,84
1,<environment.Job instance at 0x7ff73ae085f0>,41,18,[9 3],42,103,121,61,103
1,<environment.Job instance at 0x7ff7856b28c0>,42,14,[5 5],43,121,135,78,106
1,<environment.Job instance at 0x7ff78598b5a0>,49,14,[1 8],50,135,149,85,120
1,<environment.Job instance at 0x7ff73b52f5a0>,57,15,[8 5],58,150,165,92,150
1,<environment.Job instance at 0x7ff73b52f870>,60,13,[4 9],61,165,178,104,152
1,<environment.Job instance at 0x7ff73b52f500>,62,16,[8 1],63,178,194,115,165
1,<environment.Job instance at 0x7ff73b52f050>,7,18,[5 3],8,8,26,0,8
1,<environment.Job instance at 0x7ff780c56af0>,10,12,[2 6],11,12,24,1,12
1,<environment.Job instance at 0x7ff780c56050>,12,16,[8 1],13,26,42,13,13
1,<environment.Job instance at 0x7ff780c58aa0>,16,16,[2 7],17,29,45,12,29
1,<environment.Job instance at 0x7ff780c580a0>,14,13,[8 1],15,42,55,27,31
1,<environment.Job instance at 0x7ff7809ae4b0>,22,2,[6 4],23,55,57,32,40
1,<environment.Job instance at 0x7ff780c58c80>,19,17,[3 5],20,55,72,35,43
1,<environment.Job instance at 0x7ff73af6b870>,29,16,[5 5],30,57,73,27,46
1,<environment.Job instance at 0x7ff78097f2d0>,33,13,[2 7],34,73,86,39,58
1,<environment.Job instance at 0x7ff73aef60f0>,43,18,[6 1],44,73,91,29,66
1,<environment.Job instance at 0x7ff73aef6820>,44,16,[1 6],45,86,102,41,73
1,<environment.Job instance at 0x7ff780c58820>,20,17,[5 8],21,102,119,81,92
1,<environment.Job instance at 0x7ff73af02b40>,56,2,[ 2 10],57,120,122,63,120
1,<environment.Job instance at 0x7ff73ac99dc0>,58,1,[9 5],59,122,123,63,120
1,<environment.Job instance at 0x7ff73ac99960>,61,16,[1 7],62,144,160,82,144
1,<environment.Job instance at 0x7ff73ac99e60>,63,3,[5 2],64,145,148,81,145
1,<environment.Job instance at 0x7ff73ac992d0>,64,12,[ 1 10],65,160,172,95,145
1,<environment.Job instance at 0x7ff73aed8af0>,68,18,[5 9],69,172,190,103,163
1,<environment.Job instance at 0x7ff73acaea00>,72,16,[4 7],73,190,206,117,177
1,<environment.Job instance at 0x7ff73acae9b0>,74,16,[3 5],75,206,222,131,193
1,<environment.Job instance at 0x7ff73ac83370>,76,12,[1 5],77,206,218,129,193
1,<environment.Job instance at 0x7ff73aee91e0>,78,3,[7 1],79,218,221,139,193
1,<environment.Job instance at 0x7ff73aee9960>,79,2,[10  5],80,222,224,142,195
1,<environment.Job instance at 0x7ff73aee9d20>,81,12,[7 5],82,224,236,142,207
1,<environment.Job instance at 0x7ff73aee9320>,83,12,[8 2],84,236,248,152,219
1,<environment.Job instance at 0x7ff73aee9730>,87,13,[9 2],88,248,261,160,232
1,<environment.Job instance at 0x7ff73ac9c050>,93,14,[5 9],94,261,275,167,247
1,<environment.Job instance at 0x7ff780c56730>,6,18,[4 9],7,281,299,274,281
1,<environment.Job instance at 0x7ff73aef5500>,98,13,[7 2],99,299,312,200,283
1,<environment.Job instance at 0x7ff73aef5be0>,99,2,[1 6],100,299,301,199,283
1,<environment.Job instance at 0x7ff73b2a4050>,102,2,[4 8],103,312,314,209,286
1,<environment.Job instance at 0x7ff785604730>,104,17,[9 5],105,314,331,209,305
1,<environment.Job instance at 0x7ff78541cfa0>,107,18,[3 7],108,332,350,224,332
1,<environment.Job instance at 0x7ff7855a2c30>,113,12,[ 4 10],114,489,501,375,489
1,<environment.Job instance at 0x7ff7855a2410>,114,18,[ 2 10],115,501,519,386,490
1,<environment.Job instance at 0x7ff73aef67d0>,0,2,[4 7],1,3,5,2,3
1,<environment.Job instance at 0x7ff780c56320>,1,17,[8 4],2,5,22,3,4
1,<environment.Job instance at 0x7ff73ab9e910>,8,3,[9 1],9,22,25,13,9
1,<environment.Job instance at 0x7ff73aee25f0>,2,15,[1 9],3,22,37,19,14
1,<environment.Job instance at 0x7ff73abf9dc0>,12,3,[3 8],13,37,40,24,14
1,<environment.Job instance at 0x7ff780cd5dc0>,15,15,[2 8],16,40,55,24,26
1,<environment.Job instance at 0x7ff73ae1b6e0>,17,3,[5 6],18,55,58,37,36
1,<environment.Job instance at 0x7ff73ac34a50>,18,13,[7 4],19,58,71,39,46
1,<environment.Job instance at 0x7ff73ae1ba00>,20,17,[1 7],21,71,88,50,59
1,<environment.Job instance at 0x7ff78580bbe0>,21,13,[8 2],22,71,84,49,62
1,<environment.Job instance at 0x7ff73abfda00>,11,16,[ 2 10],12,88,104,76,75
1,<environment.Job instance at 0x7ff73b2c0f50>,26,12,[7 4],27,104,116,77,87
1,<environment.Job instance at 0x7ff73b2c0e10>,29,13,[ 1 10],30,116,129,86,101
1,<environment.Job instance at 0x7ff780e76a00>,4,3,[5 3],5,5,8,0,5
1,<environment.Job instance at 0x7ff780a75be0>,10,3,[8 2],11,16,19,5,16
1,<environment.Job instance at 0x7ff780a75f00>,11,15,[9 3],12,19,34,7,19
1,<environment.Job instance at 0x7ff780a757d0>,9,2,[9 5],10,34,36,24,22
1,<environment.Job instance at 0x7ff780a752d0>,13,1,[5 5],14,36,37,22,26
1,<environment.Job instance at 0x7ff780a75910>,12,17,[4 9],13,47,64,34,47
1,<environment.Job instance at 0x7ff780a75f50>,19,1,[ 4 10],20,64,65,44,47
1,<environment.Job instance at 0x7ff780a75d70>,18,16,[1 7],19,65,81,46,55
1,<environment.Job instance at 0x7ff73b1edbe0>,22,2,[6 5],23,81,83,58,56
1,<environment.Job instance at 0x7ff780a751e0>,15,13,[7 2],16,65,78,49,56
1,<environment.Job instance at 0x7ff780b95dc0>,26,2,[3 7],27,83,85,56,58
1,<environment.Job instance at 0x7ff780b951e0>,28,1,[9 4],29,85,86,56,64
1,<environment.Job instance at 0x7ff73b1ed550>,21,16,[10  1],22,86,102,64,73
1,<environment.Job instance at 0x7ff780b95f00>,33,3,[4 8],34,102,105,68,83
1,<environment.Job instance at 0x7ff780b95230>,38,1,[4 5],39,105,106,66,84
1,<environment.Job instance at 0x7ff780b95f50>,41,1,[5 7],42,106,107,64,105
1,<environment.Job instance at 0x7ff780b955f0>,42,18,[ 3 10],43,107,125,64,106
1,<environment.Job instance at 0x7ff73b42e780>,45,12,[5 1],46,125,137,79,108
1,<environment.Job instance at 0x7ff73b42e280>,47,3,[ 2 10],48,137,140,89,111
1,<environment.Job instance at 0x7ff73b42e5a0>,48,3,[10  5],49,140,143,91,114
1,<environment.Job instance at 0x7ff780b95190>,36,15,[ 1 10],37,143,158,106,129
1,<environment.Job instance at 0x7ff73b42ed20>,53,2,[7 1],54,158,160,104,136
1,<environment.Job instance at 0x7ff73b42e960>,58,15,[3 5],59,158,173,99,153
1,<environment.Job instance at 0x7ff73b42e4b0>,57,17,[5 6],58,173,190,115,161
1,<environment.Job instance at 0x7ff73ac20af0>,65,14,[6 3],66,190,204,124,175
1,<environment.Job instance at 0x7ff73ac20e60>,66,13,[2 7],67,190,203,123,175
1,<environment.Job instance at 0x7ff73ac20960>,69,12,[7 4],70,204,216,134,187
1,<environment.Job instance at 0x7ff73ac20c30>,70,18,[5 6],71,216,234,145,205
1,<environment.Job instance at 0x7ff73add0500>,78,3,[10  2],79,234,237,155,208
1,<environment.Job instance at 0x7ff73add0960>,81,12,[7 1],82,237,249,155,220
1,<environment.Job instance at 0x7ff73add0be0>,83,3,[8 1],84,249,252,165,231
1,<environment.Job instance at 0x7ff73add0550>,84,14,[5 2],85,252,266,167,237
1,<environment.Job instance at 0x7ff73add0f50>,87,14,[6 1],88,266,280,178,251
1,<environment.Job instance at 0x7ff73add0230>,88,12,[5 3],89,252,264,163,251
1,<environment.Job instance at 0x7ff73add0730>,92,17,[3 6],93,264,281,171,252
1,<environment.Job instance at 0x7ff73ac00910>,95,14,[8 2],96,281,295,185,273
1,<environment.Job instance at 0x7ff73ac00fa0>,98,2,[7 4],99,295,297,196,273
1,<environment.Job instance at 0x7ff73ac00370>,102,2,[6 2],103,297,299,194,275
1,<environment.Job instance at 0x7ff73ac005a0>,103,16,[1 9],104,299,315,195,286
1,<environment.Job instance at 0x7ff73ac00460>,106,2,[9 1],107,299,301,192,286
1,<environment.Job instance at 0x7ff73ac00410>,109,18,[5 2],110,315,333,205,304
1,<environment.Job instance at 0x7ff73ac000a0>,112,13,[6 1],113,333,346,220,317
1,<environment.Job instance at 0x7ff73ab9ed70>,113,15,[5 2],114,318,333,204,318
1,<environment.Job instance at 0x7ff73ab9e9b0>,116,12,[7 2],117,346,358,229,329
1,<environment.Job instance at 0x7ff785603af0>,2,3,[1 9],3,4,7,1,4
1,<environment.Job instance at 0x7ff785626d70>,7,3,[1 9],8,8,11,0,8
1,<environment.Job instance at 0x7ff785626f00>,8,2,[2 7],9,11,13,2,10
1,<environment.Job instance at 0x7ff7856265a0>,10,1,[3 7],11,13,14,2,11
1,<environment.Job instance at 0x7ff785626230>,11,1,[4 6],12,14,15,2,12
1,<environment.Job instance at 0x7ff78563b320>,15,2,[10  4],16,16,18,0,16
1,<environment.Job instance at 0x7ff785626dc0>,12,13,[5 8],13,18,31,5,17
1,<environment.Job instance at 0x7ff78563b1e0>,18,1,[2 9],19,31,32,12,19
1,<environment.Job instance at 0x7ff78563bf50>,20,12,[9 3],21,32,44,11,21
1,<environment.Job instance at 0x7ff78563bdc0>,21,1,[ 5 10],22,44,45,22,22
1,<environment.Job instance at 0x7ff785626fa0>,13,2,[2 7],14,45,47,31,23
1,<environment.Job instance at 0x7ff7856260f0>,9,2,[5 3],10,45,47,35,23
1,<environment.Job instance at 0x7ff78563bd20>,23,3,[4 6],24,47,50,23,24
1,<environment.Job instance at 0x7ff785605c80>,25,12,[10  4],26,50,62,24,35
1,<environment.Job instance at 0x7ff785605eb0>,29,12,[3 8],30,62,74,32,45
1,<environment.Job instance at 0x7ff785605140>,32,3,[4 6],33,74,77,41,49
1,<environment.Job instance at 0x7ff78562c640>,36,1,[7 5],37,77,78,40,65
1,<environment.Job instance at 0x7ff785628190>,40,16,[8 3],41,78,94,37,65
1,<environment.Job instance at 0x7ff785628910>,43,13,[ 4 10],44,94,107,50,78
1,<environment.Job instance at 0x7ff785628370>,47,13,[5 6],48,107,120,59,91
1,<environment.Job instance at 0x7ff785605a50>,30,18,[1 7],31,120,138,89,110
1,<environment.Job instance at 0x7ff7856285a0>,50,3,[5 1],51,110,113,59,110
1,<environment.Job instance at 0x7ff785628c80>,52,3,[6 1],53,120,123,67,110
1,<environment.Job instance at 0x7ff785628550>,53,2,[1 5],54,138,140,84,111
1,<environment.Job instance at 0x7ff785628280>,54,3,[7 2],55,123,126,68,111
1,<environment.Job instance at 0x7ff785628230>,55,3,[5 3],56,113,116,57,111
1,<environment.Job instance at 0x7ff7856131e0>,57,16,[6 3],58,126,142,68,113
1,<environment.Job instance at 0x7ff785613910>,61,14,[8 5],62,142,156,80,127
1,<environment.Job instance at 0x7ff7856138c0>,63,13,[7 2],64,156,169,92,140
1,<environment.Job instance at 0x7ff785613690>,66,3,[10  1],67,169,172,102,144
1,<environment.Job instance at 0x7ff7856157d0>,70,18,[5 5],71,172,190,101,170
1,<environment.Job instance at 0x7ff785615b90>,74,18,[1 9],75,190,208,115,179
1,<environment.Job instance at 0x7ff785615cd0>,79,17,[8 2],80,208,225,128,204
1,<environment.Job instance at 0x7ff780e60f50>,83,13,[2 7],84,208,221,124,207
1,<environment.Job instance at 0x7ff780e60f00>,84,2,[9 3],85,225,227,140,207
1,<environment.Job instance at 0x7ff780e604b0>,85,17,[10  2],86,227,244,141,215
1,<environment.Job instance at 0x7ff780e60820>,88,13,[5 5],89,244,257,155,228
1,<environment.Job instance at 0x7ff780e60e60>,90,13,[1 6],91,257,270,166,242
1,<environment.Job instance at 0x7ffacab43230>,2,12,[5 4],3,3,15,0,3
1,<environment.Job instance at 0x7ffac37342d0>,5,13,[5 9],6,15,28,9,6
1,<environment.Job instance at 0x7ffac37345f0>,7,14,[5 1],8,8,22,0,8
1,<environment.Job instance at 0x7ffacab431e0>,0,18,[ 2 10],1,28,46,27,18
1,<environment.Job instance at 0x7ffac3734820>,9,17,[ 4 10],10,46,63,36,35
1,<environment.Job instance at 0x7ffac3734eb0>,18,16,[8 5],19,63,79,44,50
1,<environment.Job instance at 0x7ffac3734fa0>,21,3,[ 2 10],22,79,82,57,62
1,<environment.Job instance at 0x7ffac37370f0>,23,18,[5 2],24,82,100,58,71
1,<environment.Job instance at 0x7ffac3737550>,28,2,[5 9],29,100,102,71,73
1,<environment.Job instance at 0x7ffac3737460>,29,13,[1 6],30,82,95,52,73
1,<environment.Job instance at 0x7ffac3737910>,33,2,[5 3],34,102,104,68,101
1,<environment.Job instance at 0x7ffac3737780>,34,3,[9 5],35,104,107,69,101
1,<environment.Job instance at 0x7ffac3737b40>,35,16,[8 1],36,107,123,71,103
1,<environment.Job instance at 0x7ffac3737d20>,38,12,[3 6],39,123,135,84,108
1,<environment.Job instance at 0x7ffac3737f00>,39,18,[5 8],40,135,153,95,124
1,<environment.Job instance at 0x7ffac3737640>,32,17,[9 3],33,153,170,120,141
1,<environment.Job instance at 0x7ffac3739280>,46,3,[5 4],47,170,173,123,148
1,<environment.Job instance at 0x7ffac37393c0>,48,13,[6 1],49,173,186,124,157
1,<environment.Job instance at 0x7ffac3739730>,51,2,[4 9],52,173,175,121,157
1,<environment.Job instance at 0x7ffac3741640>,1,2,[9 3],2,2,4,0,2
1,<environment.Job instance at 0x7ffac3741820>,0,16,[9 3],1,9,25,8,9
1,<environment.Job instance at 0x7ffac3741e60>,6,18,[1 6],7,11,29,4,11
1,<environment.Job instance at 0x7ffac374cf00>,13,16,[6 4],14,25,41,11,14
1,<environment.Job instance at 0x7ffac374c500>,16,15,[6 2],17,41,56,24,27
1,<environment.Job instance at 0x7ffac3750c30>,20,13,[2 6],21,29,42,8,29
1,<environment.Job instance at 0x7ffac3741f00>,10,17,[3 8],11,42,59,31,37
1,<environment.Job instance at 0x7ffac3750e10>,22,16,[6 2],23,56,72,33,43
1,<environment.Job instance at 0x7ffac374f9b0>,25,14,[3 8],26,59,73,33,45
1,<environment.Job instance at 0x7ffac374f370>,29,3,[4 8],30,73,76,43,59
1,<environment.Job instance at 0x7ffac3753190>,30,12,[6 3],31,76,88,45,59
1,<environment.Job instance at 0x7ffa7fb36af0>,31,3,[1 5],32,76,79,44,59
1,<environment.Job instance at 0x7ffa7fb36b90>,33,15,[4 8],34,88,103,54,74
1,<environment.Job instance at 0x7ffa7fb33e10>,37,18,[5 2],38,88,106,50,79
1,<environment.Job instance at 0x7ffac37531e0>,27,17,[3 8],28,103,120,75,92
1,<environment.Job instance at 0x7ffa7fb2cc30>,47,13,[ 4 10],48,120,133,72,104
1,<environment.Job instance at 0x7ffa7fb38a00>,48,14,[4 7],49,133,147,84,120
1,<environment.Job instance at 0x7ffa7fb332d0>,39,16,[3 5],40,147,163,107,135
1,<environment.Job instance at 0x7ffa7fb38500>,55,17,[10  5],56,163,180,107,152
1,<environment.Job instance at 0x7ffa7fab91e0>,62,14,[8 4],63,180,194,117,165
1,<environment.Job instance at 0x7ffa7fb2d5f0>,65,16,[ 3 10],66,194,210,128,182
1,<environment.Job instance at 0x7ffa7fbb4aa0>,75,17,[5 9],76,210,227,134,206
1,<environment.Job instance at 0x7ffa7fb32780>,76,13,[5 1],77,210,223,133,206
1,<environment.Job instance at 0x7ffa7fbb84b0>,80,17,[2 9],81,227,244,146,215
1,<environment.Job instance at 0x7ffa7fab9280>,59,17,[9 2],60,244,261,184,232
1,<environment.Job instance at 0x7ffa7fcb68c0>,86,16,[7 2],87,261,277,174,248
1,<environment.Job instance at 0x7ffa7fb4ce10>,82,17,[10  4],83,277,294,194,265
1,<environment.Job instance at 0x7ffa7fbfa5f0>,95,17,[3 5],96,294,311,198,293
1,<environment.Job instance at 0x7ffa7fd6e190>,99,12,[5 4],100,300,312,200,300
1,<environment.Job instance at 0x7ffa7fc22eb0>,100,15,[7 4],101,312,327,211,300
1,<environment.Job instance at 0x7ffa7fc22a50>,101,13,[3 6],102,311,324,209,300
1,<environment.Job instance at 0x7ffa7fc22a00>,102,16,[8 5],103,327,343,224,314
1,<environment.Job instance at 0x7ffa7fc22550>,105,12,[2 6],106,343,355,237,326
1,<environment.Job instance at 0x7ffa7fc229b0>,108,18,[3 8],109,355,373,246,344
1,<environment.Job instance at 0x7ffa7fc65690>,111,16,[7 4],112,373,389,261,360
1,<environment.Job instance at 0x7ffa7fc0f050>,116,17,[2 6],117,373,390,256,366
1,<environment.Job instance at 0x7ffa7fc0f320>,117,16,[2 8],118,390,406,272,377
1,<environment.Job instance at 0x7ffa7fa0c5a0>,121,3,[1 8],122,406,409,284,392
1,<environment.Job instance at 0x7ffa879817d0>,122,13,[2 5],123,409,422,286,393
1,<environment.Job instance at 0x7ffa7fc22c30>,0,2,[8 3],1,2,4,1,2
1,<environment.Job instance at 0x7ffa7f9805a0>,8,21,[5 1],9,14,35,5,14
1,<environment.Job instance at 0x7ffa7f980280>,9,1,[8 5],10,35,36,25,14
1,<environment.Job instance at 0x7ffa7fa0cb90>,12,17,[8 2],13,36,53,23,24
1,<environment.Job instance at 0x7ffa7fa0c870>,15,2,[7 1],16,53,55,37,26
1,<environment.Job instance at 0x7ffa7fa73960>,14,1,[3 7],15,30,31,15,30
1,<environment.Job instance at 0x7ffacacb0370>,19,13,[5 7],20,55,68,35,48
1,<environment.Job instance at 0x7ffacacad370>,20,2,[10  1],21,68,70,47,48
1,<environment.Job instance at 0x7ffac351bbe0>,17,14,[4 7],18,70,84,52,57
1,<environment.Job instance at 0x7ffac38c1fa0>,30,13,[7 4],31,84,97,53,68
1,<environment.Job instance at 0x7ffac34b39b0>,29,14,[5 7],30,97,111,67,87
1,<environment.Job instance at 0x7ffac35cd460>,35,1,[8 2],36,111,112,75,87
1,<environment.Job instance at 0x7ffac35cd230>,37,1,[4 8],38,112,113,74,99
1,<environment.Job instance at 0x7ffac350e550>,38,15,[2 5],39,113,128,74,99
1,<environment.Job instance at 0x7ffac9f20820>,39,15,[7 4],40,113,128,73,100
1,<environment.Job instance at 0x7ffa7fa6aaf0>,41,2,[3 8],42,128,130,86,117
1,<environment.Job instance at 0x7ffac34aeaf0>,34,18,[ 5 10],35,130,148,95,119
1,<environment.Job instance at 0x7ffa7fa6a2d0>,44,1,[3 8],45,148,149,103,120
1,<environment.Job instance at 0x7ffa7fa1d0a0>,46,15,[7 3],47,149,164,102,137
1,<environment.Job instance at 0x7ffa7fa1ddc0>,50,14,[2 8],51,164,178,113,152
1,<environment.Job instance at 0x7ffa7f9eaa50>,54,16,[8 3],55,178,194,123,170
1,<environment.Job instance at 0x7ffa7f9eacd0>,59,17,[4 8],60,194,211,134,190
1,<environment.Job instance at 0x7ffa7fa1d4b0>,45,18,[9 5],46,211,229,165,205
1,<environment.Job instance at 0x7ffac3539730>,63,15,[7 4],64,229,244,165,224
1,<environment.Job instance at 0x7ffa7fa239b0>,66,15,[6 2],67,244,259,177,232
1,<environment.Job instance at 0x7ffa7f9e7e60>,70,13,[ 4 10],71,502,515,431,502
1,<environment.Job instance at 0x7ffa7f9e7960>,72,2,[6 1],73,515,517,442,502
1,<environment.Job instance at 0x7ffa7f9f15a0>,73,13,[2 5],74,515,528,441,504
1,<environment.Job instance at 0x7ffacaa45960>,7,20,[5 2],8,10,30,2,10
1,<environment.Job instance at 0x7ffaca2e3730>,11,3,[3 7],12,12,15,0,12
1,<environment.Job instance at 0x7ffa7ffdc190>,12,17,[4 6],13,15,32,2,13
1,<environment.Job instance at 0x7ffaca1d7460>,9,17,[2 6],10,33,50,23,33
1,<environment.Job instance at 0x7ffaca100cd0>,15,12,[4 7],16,50,62,34,34
1,<environment.Job instance at 0x7ffaca100050>,19,17,[5 1],20,34,51,14,34
1,<environment.Job instance at 0x7ffa7fb0f2d0>,20,2,[9 4],21,62,64,41,35
1,<environment.Job instance at 0x7ffac3bcee60>,22,13,[8 1],23,64,77,41,50
1,<environment.Job instance at 0x7ffaca3db870>,26,13,[1 6],27,62,75,35,56
1,<environment.Job instance at 0x7ffacaa3df00>,27,14,[10  3],28,77,91,49,63
1,<environment.Job instance at 0x7ffac350e320>,23,16,[3 5],24,91,107,67,79
1,<environment.Job instance at 0x7ffac37b4190>,36,13,[8 4],37,107,120,70,91
1,<environment.Job instance at 0x7ffac396e910>,40,17,[9 4],41,120,137,79,110
1,<environment.Job instance at 0x7ffac3bce870>,21,18,[5 7],22,137,155,115,130
1,<environment.Job instance at 0x7ffac3953af0>,47,16,[2 6],48,155,171,107,143
1,<environment.Job instance at 0x7ffac376caa0>,3,1,[8 5],4,4,5,0,4
1,<environment.Job instance at 0x7ffa7ffdbe10>,4,15,[5 7],5,7,22,2,7
1,<environment.Job instance at 0x7ffa7fd19780>,10,1,[6 5],11,28,29,17,28
1,<environment.Job instance at 0x7ffac3792dc0>,11,14,[5 4],12,29,43,17,28
1,<environment.Job instance at 0x7ffa7fe38230>,6,14,[ 5 10],7,43,57,36,30
1,<environment.Job instance at 0x7ffac38c5b40>,17,12,[5 5],18,57,69,39,56
1,<environment.Job instance at 0x7ffac35c4460>,20,14,[8 4],21,69,83,48,62
1,<environment.Job instance at 0x7ffac35c49b0>,21,12,[5 9],22,83,95,61,67
1,<environment.Job instance at 0x7ffac35c4050>,24,12,[4 7],25,95,107,70,83
1,<environment.Job instance at 0x7ffac35c4820>,32,3,[4 9],33,107,110,74,93
1,<environment.Job instance at 0x7ffac35c4e60>,18,15,[5 9],19,110,125,91,96
1,<environment.Job instance at 0x7ffac35c4730>,33,12,[ 2 10],34,125,137,91,113
1,<environment.Job instance at 0x7ffac37edd20>,36,16,[2 6],37,137,153,100,124
1,<environment.Job instance at 0x7ffac37ed190>,37,18,[3 6],38,153,171,115,142
1,<environment.Job instance at 0x7ffac37edb90>,38,14,[6 4],39,160,174,121,160
1,<environment.Job instance at 0x7ffac37edaf0>,40,18,[5 9],41,235,253,194,235
1,<environment.Job instance at 0x7ffac37eddc0>,41,3,[1 6],42,253,256,211,235
1,<environment.Job instance at 0x7ffac37ed1e0>,42,3,[4 9],43,256,259,213,235
1,<environment.Job instance at 0x7ffac37ed9b0>,45,12,[6 1],46,253,265,207,249
1,<environment.Job instance at 0x7ffac379d6e0>,49,14,[9 5],50,270,284,220,270
1,<environment.Job instance at 0x7ffac379d3c0>,2,1,[4 6],3,6,7,3,6
1,<environment.Job instance at 0x7ffac3792eb0>,6,2,[8 4],7,7,9,0,7
1,<environment.Job instance at 0x7ffac3bb6f50>,15,3,[10  4],16,16,19,0,16
1,<environment.Job instance at 0x7ffac3bb6f00>,16,14,[1 7],17,19,33,2,18
1,<environment.Job instance at 0x7ffac3bb6cd0>,17,2,[ 2 10],18,33,35,15,18
1,<environment.Job instance at 0x7ffac3bb6690>,19,16,[5 3],20,35,51,15,32
1,<environment.Job instance at 0x7ffac3bb6780>,21,2,[2 6],22,35,37,13,32
1,<environment.Job instance at 0x7ffac3bb6a50>,14,13,[1 8],15,51,64,36,38
1,<environment.Job instance at 0x7ffac3596c30>,25,3,[1 9],26,64,67,38,39
1,<environment.Job instance at 0x7ffac384e0a0>,27,13,[ 4 10],28,67,80,39,51
1,<environment.Job instance at 0x7ffac384e730>,30,14,[1 8],31,80,94,49,65
1,<environment.Job instance at 0x7ffac384e3c0>,33,13,[5 1],34,80,93,46,76
1,<environment.Job instance at 0x7ffac384e410>,35,2,[3 5],36,94,96,58,76
1,<environment.Job instance at 0x7ffac384ed70>,36,12,[1 5],37,94,106,57,77
1,<environment.Job instance at 0x7ffaca47ef00>,38,14,[9 1],39,96,110,57,81
1,<environment.Job instance at 0x7ffac3840f00>,42,15,[6 2],43,110,125,67,96
1,<environment.Job instance at 0x7ffac379d050>,0,17,[2 6],1,110,127,109,99
1,<environment.Job instance at 0x7ffac3840b90>,48,18,[6 5],49,127,145,78,116
1,<environment.Job instance at 0x7ffac3840140>,53,16,[5 3],54,145,161,91,132
1,<environment.Job instance at 0x7ffac38401e0>,54,17,[5 1],55,145,162,90,133
1,<environment.Job instance at 0x7ffac38409b0>,57,12,[7 2],58,162,174,104,151
1,<environment.Job instance at 0x7ffa7fd28fa0>,59,12,[4 6],60,174,186,114,158
1,<environment.Job instance at 0x7ffa7fd28f50>,62,17,[9 4],63,186,203,123,175
1,<environment.Job instance at 0x7ffa7fd28820>,65,16,[9 4],66,203,219,137,190
1,<environment.Job instance at 0x7ffac3840910>,49,18,[ 5 10],50,219,237,169,208
1,<environment.Job instance at 0x7ffa7fd94910>,0,2,[3 9],1,4,6,3,4
1,<environment.Job instance at 0x7ffa7fbf7460>,5,12,[8 5],6,6,18,0,6
1,<environment.Job instance at 0x7ffaca343410>,9,1,[8 2],10,18,19,8,11
1,<environment.Job instance at 0x7ffac3674550>,13,12,[7 4],14,19,31,5,14
1,<environment.Job instance at 0x7ffaca093f50>,10,13,[5 3],11,31,44,20,15
1,<environment.Job instance at 0x7ffaca48b7d0>,8,17,[3 7],9,31,48,22,21
1,<environment.Job instance at 0x7ffa7f99d190>,23,18,[5 5],24,48,66,24,37
1,<environment.Job instance at 0x7ffac3a03f00>,24,16,[5 5],25,48,64,23,37
1,<environment.Job instance at 0x7ffa7fecc960>,26,13,[3 9],27,66,79,39,51
1,<environment.Job instance at 0x7ffac3a03230>,20,14,[ 2 10],21,79,93,58,65
1,<environment.Job instance at 0x7ffaca1da780>,34,16,[2 7],35,93,109,58,80
1,<environment.Job instance at 0x7ffac3707f00>,38,16,[8 3],39,93,109,54,83
1,<environment.Job instance at 0x7ffac378af00>,45,18,[5 5],46,109,127,63,101
1,<environment.Job instance at 0x7ffac378ab40>,46,2,[5 9],47,127,129,80,101
1,<environment.Job instance at 0x7ffaca01ad70>,47,2,[10  3],48,129,131,81,103
1,<environment.Job instance at 0x7ffaca01af50>,49,14,[5 1],50,131,145,81,129
1,<environment.Job instance at 0x7ffac378a500>,50,3,[5 7],51,131,134,80,129
1,<environment.Job instance at 0x7ffac9fb3f50>,53,18,[7 1],54,145,163,91,134
1,<environment.Job instance at 0x7ffac9fb3d20>,55,12,[7 1],56,163,175,107,146
1,<environment.Job instance at 0x7ffac9fb3190>,57,3,[6 3],58,175,178,117,152
1,<environment.Job instance at 0x7ffac39ce550>,44,17,[9 2],45,178,195,133,166
1,<environment.Job instance at 0x7ffac37d0410>,63,14,[3 6],64,195,209,131,180
1,<environment.Job instance at 0x7ffac35e6960>,68,16,[9 4],69,209,225,140,197
1,<environment.Job instance at 0x7ffac36a8b90>,70,14,[1 5],71,210,224,139,210
1,<environment.Job instance at 0x7ffac3a03dc0>,25,17,[ 3 10],26,225,242,199,214
1,<environment.Job instance at 0x7ffac39c2050>,74,13,[2 6],75,243,256,168,243
1,<environment.Job instance at 0x7ffac39c2d70>,75,14,[ 1 10],76,256,270,180,245
1,<environment.Job instance at 0x7ffaca0ce550>,78,14,[1 7],79,270,284,191,262
1,<environment.Job instance at 0x7ffac35bc410>,3,16,[8 1],4,9,25,5,9
1,<environment.Job instance at 0x7ffac3792230>,9,18,[6 1],10,25,43,15,18
1,<environment.Job instance at 0x7ffac39a7550>,11,3,[2 6],12,19,22,7,19
1,<environment.Job instance at 0x7ffac372d500>,13,3,[8 3],14,43,46,29,19
1,<environment.Job instance at 0x7ffac3a1c050>,16,1,[7 4],17,46,47,29,34
1,<environment.Job instance at 0x7ffac3b1f9b0>,12,12,[6 1],13,47,59,34,35
1,<environment.Job instance at 0x7ffac3a1c910>,18,3,[2 7],19,35,38,16,35
1,<environment.Job instance at 0x7ffac3a1caa0>,17,16,[1 7],18,47,63,29,35
1,<environment.Job instance at 0x7ffac3a1c0f0>,20,15,[4 7],21,63,78,42,51
1,<environment.Job instance at 0x7ffac3a1cdc0>,26,3,[6 1],27,59,62,32,51
1,<environment.Job instance at 0x7ffac3863960>,31,12,[3 7],32,78,90,46,61
1,<environment.Job instance at 0x7ffac3863370>,33,3,[10  3],34,90,93,56,67
1,<environment.Job instance at 0x7ffac3863690>,34,17,[8 1],35,93,110,58,82
1,<environment.Job instance at 0x7ffac3863be0>,37,1,[7 3],38,85,86,47,85
1,<environment.Job instance at 0x7ffaca6d3460>,39,18,[2 7],40,95,113,55,95
1,<environment.Job instance at 0x7ffaca6d3eb0>,40,3,[5 3],41,110,113,69,95
1,<environment.Job instance at 0x7ffac38632d0>,32,15,[ 2 10],33,113,128,80,100
1,<environment.Job instance at 0x7ffac3a1c3c0>,23,16,[9 4],24,128,144,104,115
1,<environment.Job instance at 0x7ffaca6d3730>,46,16,[1 6],47,128,144,81,122
1,<environment.Job instance at 0x7ffa8a725690>,47,15,[7 4],48,144,159,96,130
1,<environment.Job instance at 0x7ffa7fa51eb0>,54,3,[1 5],55,144,147,89,132
1,<environment.Job instance at 0x7ffa7fa51fa0>,55,15,[3 5],56,147,162,91,133
1,<environment.Job instance at 0x7ffa7fa740f0>,56,3,[7 4],57,159,162,102,133
1,<environment.Job instance at 0x7ffa7fa74140>,58,2,[7 4],59,162,164,103,143
1,<environment.Job instance at 0x7ffa7fa741e0>,59,2,[5 1],60,164,166,104,143
1,<environment.Job instance at 0x7ffa7fa74280>,60,2,[10  5],61,166,168,105,143
1,<environment.Job instance at 0x7ffa7fa743c0>,61,3,[9 1],62,168,171,106,143
1,<environment.Job instance at 0x7ffa7fa74460>,62,13,[9 1],63,171,184,108,158
1,<environment.Job instance at 0x7ffa7fa74730>,65,12,[2 8],66,184,196,118,167
1,<environment.Job instance at 0x7ffa7fa74550>,64,13,[4 8],65,196,209,131,186
1,<environment.Job instance at 0x7ffa7fa74960>,69,15,[2 6],70,209,224,139,197
1,<environment.Job instance at 0x7ffa7fa74c80>,72,13,[2 9],73,224,237,151,208
1,<environment.Job instance at 0x7ffaca6d37d0>,49,17,[ 1 10],50,237,254,187,226
1,<environment.Job instance at 0x7ffa7fa5a0a0>,82,1,[2 5],83,254,255,171,238
1,<environment.Job instance at 0x7ffa7fa5a410>,84,18,[10  2],85,255,273,170,244
1,<environment.Job instance at 0x7ffa7fa5a6e0>,89,17,[2 6],90,273,290,183,261
1,<environment.Job instance at 0x7ffa7fa5ac30>,96,17,[3 5],97,290,307,193,278
1,<environment.Job instance at 0x7ffa7fa432d0>,100,13,[5 6],101,307,320,206,291
1,<environment.Job instance at 0x7ffa7fa43370>,103,2,[5 1],104,298,300,194,298
1,<environment.Job instance at 0x7ffa7fa43410>,104,13,[ 5 10],105,320,333,215,304
1,<environment.Job instance at 0x7ffa7fa43730>,109,15,[6 2],110,333,348,223,319
1,<environment.Job instance at 0x7ffa7fa43870>,111,15,[5 4],112,348,363,236,335
1,<environment.Job instance at 0x7ffa7fa43a50>,114,17,[2 5],115,346,363,231,346
1,<environment.Job instance at 0x7ffa7fa43aa0>,116,15,[3 5],117,363,378,246,350
1,<environment.Job instance at 0x7ffa7fa43c30>,119,14,[5 4],120,365,379,245,365
1,<environment.Job instance at 0x7ffa7fa43fa0>,122,16,[9 4],123,379,395,256,366
1,<environment.Job instance at 0x7ffa7fa46230>,124,17,[1 9],125,395,412,270,383
1,<environment.Job instance at 0x7ffac39a7870>,1,13,[7 4],2,4,17,2,4
1,<environment.Job instance at 0x7ffa7fa465f0>,5,3,[7 5],6,17,20,11,6
1,<environment.Job instance at 0x7ffaca6c3410>,9,12,[4 6],10,20,32,10,10
1,<environment.Job instance at 0x7ffaca6c35f0>,11,13,[10  4],12,32,45,20,16
1,<environment.Job instance at 0x7ffac3a34e10>,12,15,[8 4],13,45,60,32,33
1,<environment.Job instance at 0x7ffa7fc6f0f0>,16,17,[2 5],17,45,62,28,33
1,<environment.Job instance at 0x7ffac36589b0>,22,2,[3 6],23,62,64,39,45
1,<environment.Job instance at 0x7ffa7f9dcc80>,18,12,[9 3],19,64,76,45,47
1,<environment.Job instance at 0x7ffacad7f190>,26,1,[6 3],27,60,61,33,59
1,<environment.Job instance at 0x7ffac35e6c80>,25,15,[3 9],26,76,91,50,63
1,<environment.Job instance at 0x7ffac35e6460>,27,17,[1 9],28,91,108,63,80
1,<environment.Job instance at 0x7ffaca8ce1e0>,31,14,[5 8],32,108,122,76,93
1,<environment.Job instance at 0x7ffac3552eb0>,35,3,[5 3],36,122,125,86,96
1,<environment.Job instance at 0x7ffac35abfa0>,34,17,[7 2],35,125,142,90,113
1,<environment.Job instance at 0x7ffac37ce1e0>,39,15,[10  2],40,142,157,102,128
1,<environment.Job instance at 0x7ffa7f9a1550>,45,3,[10  4],46,157,160,111,132
1,<environment.Job instance at 0x7ffa7fa46500>,4,18,[5 5],5,160,178,155,150
1,<environment.Job instance at 0x7ffaca4ba870>,50,15,[5 3],51,160,175,109,152
1,<environment.Job instance at 0x7ffaca60a910>,52,14,[4 6],53,178,192,125,164
1,<environment.Job instance at 0x7ffac35a35a0>,55,1,[1 9],56,192,193,136,166
1,<environment.Job instance at 0x7ffac35a3c80>,57,1,[10  4],58,193,194,135,173
1,<environment.Job instance at 0x7ffac35a3f50>,58,2,[3 6],59,194,196,135,173
1,<environment.Job instance at 0x7ffac3a9e870>,60,15,[5 5],61,196,211,135,183
1,<environment.Job instance at 0x7ffac353d910>,61,3,[8 5],62,211,214,149,185
1,<environment.Job instance at 0x7ffac353de60>,64,15,[10  2],65,214,229,149,200
1,<environment.Job instance at 0x7ffa80046aa0>,71,3,[1 8],72,229,232,157,211
1,<environment.Job instance at 0x7ffa80046910>,73,3,[3 8],74,232,235,158,231
1,<environment.Job instance at 0x7ffa80046280>,77,12,[5 9],78,237,249,159,237
1,<environment.Job instance at 0x7ffa800465a0>,78,2,[6 3],79,249,251,170,237
1,<environment.Job instance at 0x7ffa800460f0>,79,2,[1 9],80,251,253,171,237
1,<environment.Job instance at 0x7ffac38ad0a0>,80,12,[5 6],81,253,265,172,239
1,<environment.Job instance at 0x7ffac38ad910>,82,1,[5 9],83,265,266,182,249
1,<environment.Job instance at 0x7ffac38ad320>,83,1,[2 6],84,249,250,165,249
1,<environment.Job instance at 0x7ffac38adfa0>,84,13,[2 7],85,266,279,181,251
1,<environment.Job instance at 0x7ffac38ad640>,86,18,[6 4],87,279,297,192,268
1,<environment.Job instance at 0x7ffac38adaf0>,88,14,[6 4],89,297,311,208,282
1,<environment.Job instance at 0x7ffac38ad370>,94,3,[10  5],95,311,314,216,285
1,<environment.Job instance at 0x7ffac38ad140>,96,12,[8 4],97,314,326,217,299
1,<environment.Job instance at 0x7ffac38ad7d0>,97,16,[1 8],98,326,342,228,313
1,<environment.Job instance at 0x7ffacacb5410>,102,14,[9 2],103,328,342,225,328
1,<environment.Job instance at 0x7ffacacb5e10>,104,2,[6 1],105,342,344,237,328
1,<environment.Job instance at 0x7ffacab42050>,106,12,[2 7],107,342,354,235,329
1,<environment.Job instance at 0x7ffac38ad730>,95,16,[7 3],96,344,360,248,332
1,<environment.Job instance at 0x7ffacab42140>,112,16,[9 2],113,360,376,247,347
1,<environment.Job instance at 0x7ffaca415640>,117,12,[1 6],118,360,372,242,360
1,<environment.Job instance at 0x7ffaca415500>,118,3,[10  2],119,376,379,257,360
1,<environment.Job instance at 0x7ffaca415c30>,119,17,[5 7],120,379,396,259,367
1,<environment.Job instance at 0x7ffaca415a50>,120,2,[4 6],121,396,398,275,369
1,<environment.Job instance at 0x7ffaca415eb0>,122,18,[7 4],123,398,416,275,390
1,<environment.Job instance at 0x7ffaca4157d0>,126,2,[5 7],127,416,418,289,392
1,<environment.Job instance at 0x7ffaca415f00>,128,3,[9 5],129,418,421,289,392
1,<environment.Job instance at 0x7ffa7fd48a50>,1,2,[3 9],2,2,4,0,2
1,<environment.Job instance at 0x7ffac39a7500>,0,2,[8 4],1,5,7,4,5
1,<environment.Job instance at 0x7ffac3a39320>,5,19,[1 5],6,6,25,0,6
1,<environment.Job instance at 0x7ffaca1764b0>,9,1,[9 4],10,10,11,0,10
1,<environment.Job instance at 0x7ffac3792730>,2,14,[ 2 10],3,25,39,22,12
1,<environment.Job instance at 0x7ffacaa79b90>,4,13,[10  5],5,39,52,34,24
1,<environment.Job instance at 0x7ffa7faf8820>,15,14,[4 8],16,52,66,36,39
1,<environment.Job instance at 0x7ffa7fc4cfa0>,20,12,[4 8],21,66,78,45,51
1,<environment.Job instance at 0x7ffaca3cc550>,25,3,[2 8],26,78,81,52,70
1,<environment.Job instance at 0x7ffa800b0fa0>,28,18,[5 9],29,81,99,52,71
1,<environment.Job instance at 0x7ffaca278960>,34,3,[9 3],35,99,102,64,75
1,<environment.Job instance at 0x7ffaca16b320>,35,16,[7 3],36,102,118,66,89
1,<environment.Job instance at 0x7ffac35f2190>,39,13,[8 2],40,118,131,78,103
1,<environment.Job instance at 0x7ffac37eae10>,10,18,[9 2],11,131,149,120,122
1,<environment.Job instance at 0x7ffa7fd912d0>,47,18,[1 6],48,138,156,90,138
1,<environment.Job instance at 0x7ffa7fda0e60>,30,18,[6 4],31,149,167,118,138
1,<environment.Job instance at 0x7ffa7fd914b0>,52,14,[7 3],53,167,181,114,153
1,<environment.Job instance at 0x7ffac37dcb40>,53,3,[6 2],54,181,184,127,155
1,<environment.Job instance at 0x7ffaca69ccd0>,57,3,[8 1],58,184,187,126,163
1,<environment.Job instance at 0x7ffaca69c1e0>,58,3,[10  4],59,187,190,128,164
1,<environment.Job instance at 0x7ffaca69c6e0>,61,1,[2 5],62,164,165,102,164
1,<environment.Job instance at 0x7ffaca69cd20>,59,18,[6 2],60,190,208,130,179
1,<environment.Job instance at 0x7ffac3883f50>,64,1,[5 5],65,208,209,143,180
1,<environment.Job instance at 0x7ffaca69c690>,63,14,[ 4 10],64,209,223,145,196
1,<environment.Job instance at 0x7ffac9fd0190>,70,2,[5 4],71,223,225,152,196
1,<environment.Job instance at 0x7ffaca2805f0>,73,1,[7 3],74,225,226,151,200
1,<environment.Job instance at 0x7ffa7fd902d0>,74,2,[2 5],75,200,202,125,200
1,<environment.Job instance at 0x7ffa7f9ac690>,66,16,[9 2],67,226,242,159,215
1,<environment.Job instance at 0x7ffac3996550>,78,2,[5 7],79,242,244,163,215
1,<environment.Job instance at 0x7ffaca28e910>,76,18,[5 5],77,244,262,167,233
1,<environment.Job instance at 0x7ffac36fb460>,83,3,[6 3],84,262,265,178,248
1,<environment.Job instance at 0x7ffa800ab5a0>,87,3,[1 6],88,262,265,174,248
1,<environment.Job instance at 0x7ffa800abb90>,88,12,[3 9],89,265,277,176,248
1,<environment.Job instance at 0x7ffac3bc8780>,93,12,[5 4],94,277,289,183,264
1,<environment.Job instance at 0x7ffac3c62190>,95,13,[9 1],96,289,302,193,273
1,<environment.Job instance at 0x7ffa7fcfe230>,98,14,[ 1 10],99,302,316,203,287
1,<environment.Job instance at 0x7ffac9fa69b0>,80,17,[ 5 10],81,316,333,235,314
1,<environment.Job instance at 0x7ffac361a3c0>,106,13,[8 1],107,333,346,226,318
1,<environment.Job instance at 0x7ffac361a0a0>,110,3,[ 4 10],111,346,349,235,330
1,<environment.Job instance at 0x7ffac361aa50>,111,2,[2 9],112,333,335,221,331
1,<environment.Job instance at 0x7ffac361a1e0>,113,3,[8 1],114,352,355,238,352
1,<environment.Job instance at 0x7ffac361ad70>,114,17,[2 7],115,352,369,237,352
1,<environment.Job instance at 0x7ffac361af00>,115,14,[7 2],116,355,369,239,352
1,<environment.Job instance at 0x7ffac361ad20>,118,17,[6 5],119,369,386,250,357
1,<environment.Job instance at 0x7ffac361a2d0>,121,12,[2 6],122,386,398,264,369
1,<environment.Job instance at 0x7ffa7fbb80a0>,122,17,[6 4],123,386,403,263,374
1,<environment.Job instance at 0x7ffa7fbb8b40>,3,3,[5 3],4,4,7,0,4
1,<environment.Job instance at 0x7ffac35f2cd0>,2,18,[2 5],3,7,25,4,7
1,<environment.Job instance at 0x7ffa7fc7b500>,4,14,[ 3 10],5,25,39,20,14
1,<environment.Job instance at 0x7ffa7fdacdc0>,12,1,[2 9],13,39,40,26,19
1,<environment.Job instance at 0x7ffa7fdaceb0>,10,2,[5 2],11,23,25,12,23
1,<environment.Job instance at 0x7ffa7fdaccd0>,18,2,[8 5],19,40,42,21,29
1,<environment.Job instance at 0x7ffa7fdac2d0>,17,2,[10  2],18,42,44,24,29
1,<environment.Job instance at 0x7ffac37898c0>,22,2,[5 3],23,44,46,21,30
1,<environment.Job instance at 0x7ffa7fdacb40>,20,13,[10  1],21,46,59,25,32
1,<environment.Job instance at 0x7ffac3789f50>,27,3,[9 4],28,59,62,31,35
1,<environment.Job instance at 0x7ffaca1f3370>,28,13,[8 2],29,62,75,33,47
1,<environment.Job instance at 0x7ffa7fdaca50>,15,16,[10  3],16,75,91,59,62
1,<environment.Job instance at 0x7ffaca1f3a50>,31,16,[4 6],32,91,107,59,78
1,<environment.Job instance at 0x7ffac3789b90>,26,16,[5 6],27,107,123,80,94
1,<environment.Job instance at 0x7ffa7fda24b0>,40,13,[1 5],41,123,136,82,107
1,<environment.Job instance at 0x7ffa7fda2690>,45,13,[5 4],46,107,120,61,107
1,<environment.Job instance at 0x7ffac383f690>,47,15,[2 6],48,136,151,88,122
1,<environment.Job instance at 0x7ffaca3f9dc0>,50,13,[2 8],51,151,164,100,135
1,<environment.Job instance at 0x7ffac383f730>,49,18,[10  2],50,164,182,114,153
1,<environment.Job instance at 0x7ffa80074b40>,3,14,[3 6],4,5,19,1,5
1,<environment.Job instance at 0x7ffa80074280>,6,14,[4 7],7,19,33,12,10
1,<environment.Job instance at 0x7ffac3bde1e0>,12,16,[6 1],13,16,32,3,16
1,<environment.Job instance at 0x7ffac3bdecd0>,14,2,[1 9],15,33,35,18,16
1,<environment.Job instance at 0x7ffac3bde9b0>,15,14,[5 4],16,35,49,19,20
1,<environment.Job instance at 0x7ffac3bde050>,19,3,[5 4],20,35,38,15,27
1,<environment.Job instance at 0x7ffac3bde820>,20,2,[3 5],21,38,40,17,27
1,<environment.Job instance at 0x7ffac3bde910>,21,12,[3 5],22,40,52,18,29
1,<environment.Job instance at 0x7ffac3bdefa0>,18,3,[9 5],19,52,55,33,29
1,<environment.Job instance at 0x7ffaca147370>,27,18,[6 1],28,55,73,27,44
1,<environment.Job instance at 0x7ffaca147f50>,29,15,[6 4],30,73,88,43,59
1,<environment.Job instance at 0x7ffaca147960>,36,17,[1 6],37,63,80,26,63
1,<environment.Job instance at 0x7ffaca147230>,37,13,[9 4],38,88,101,50,74
1,<environment.Job instance at 0x7ffaca66cc30>,44,14,[ 5 10],45,101,115,56,87
1,<environment.Job instance at 0x7ffaca147a50>,26,16,[4 9],27,115,131,88,104
1,<environment.Job instance at 0x7ffac34a7e10>,51,12,[5 6],52,131,143,79,114
1,<environment.Job instance at 0x7ffac34a75f0>,47,15,[4 8],48,143,158,95,130
1,<environment.Job instance at 0x7ffac3896a00>,57,2,[6 5],58,158,160,100,139
1,<environment.Job instance at 0x7ffac3896e10>,56,17,[4 6],57,160,177,103,150
1,<environment.Job instance at 0x7ffaca321af0>,63,15,[8 4],64,177,192,113,163
1,<environment.Job instance at 0x7ffaca321dc0>,66,12,[3 5],67,192,204,125,176
1,<environment.Job instance at 0x7ffaca3214b0>,73,3,[10  2],74,204,207,130,186
1,<environment.Job instance at 0x7ffaca321190>,75,14,[4 8],76,207,221,131,192
1,<environment.Job instance at 0x7ffac3896320>,62,17,[ 1 10],63,221,238,158,209
1,<environment.Job instance at 0x7ffacab66190>,81,13,[9 3],82,238,251,156,222
1,<environment.Job instance at 0x7ffacab662d0>,86,16,[ 1 10],87,251,267,164,239
1,<environment.Job instance at 0x7ffacab664b0>,92,16,[2 8],93,267,283,174,254
1,<environment.Job instance at 0x7ffac37235f0>,95,18,[4 6],96,283,301,187,272
1,<environment.Job instance at 0x7ffac3723460>,3,14,[6 2],4,4,18,0,4
1,<environment.Job instance at 0x7ffa7fd2c730>,5,1,[1 7],6,6,7,0,6
1,<environment.Job instance at 0x7ffa7fdf51e0>,7,1,[4 7],8,8,9,0,8
1,<environment.Job instance at 0x7ffa7fdf57d0>,11,13,[3 5],12,16,29,4,16
1,<environment.Job instance at 0x7ffac3c62b90>,15,3,[3 9],16,29,32,13,16
1,<environment.Job instance at 0x7ffac3be45f0>,16,13,[6 4],17,32,45,15,17
1,<environment.Job instance at 0x7ffaca535370>,19,12,[5 8],20,45,57,25,28
1,<environment.Job instance at 0x7ffa80089460>,25,3,[8 1],26,57,60,31,34
1,<environment.Job instance at 0x7ffaca04f3c0>,29,2,[10  1],30,60,62,30,35
1,<environment.Job instance at 0x7ffac3be4320>,18,12,[10  4],19,62,74,43,46
1,<environment.Job instance at 0x7ffa7f748cd0>,13,15,[ 2 10],14,74,89,60,61
1,<environment.Job instance at 0x7ffaca04f960>,33,14,[ 5 10],34,89,103,55,76
1,<environment.Job instance at 0x7ffac3bec410>,42,17,[5 7],43,103,120,60,92
1,<environment.Job instance at 0x7ffac3bb1870>,50,18,[9 3],51,120,138,69,109
1,<environment.Job instance at 0x7ffac3bb10a0>,58,16,[8 4],59,138,154,79,126
1,<environment.Job instance at 0x7ffaca4459b0>,60,15,[3 7],61,154,169,93,140
1,<environment.Job instance at 0x7ffa7fdf5f50>,12,18,[4 8],13,169,187,156,158
1,<environment.Job instance at 0x7ffaca50a1e0>,67,13,[7 1],68,187,200,119,171
1,<environment.Job instance at 0x7ffac34ffeb0>,70,12,[3 8],71,187,199,116,171
1,<environment.Job instance at 0x7ffac34ff0a0>,71,18,[7 1],72,200,218,128,189
1,<environment.Job instance at 0x7ffa7f9f5d20>,0,18,[3 5],1,199,217,198,193
1,<environment.Job instance at 0x7ffa7f83b7d0>,79,14,[7 3],80,218,232,138,203
1,<environment.Job instance at 0x7ffa7f83bf00>,82,17,[1 5],83,217,234,134,207
1,<environment.Job instance at 0x7ffa7f7a5f50>,83,3,[8 2],84,232,235,148,209
1,<environment.Job instance at 0x7ffac3924af0>,84,18,[4 8],85,235,253,150,224
1,<environment.Job instance at 0x7ffa7fc695f0>,87,15,[6 1],88,235,250,147,231
1,<environment.Job instance at 0x7ffa7f7964b0>,64,13,[10  1],65,253,266,188,238
1,<environment.Job instance at 0x7ffa7fd01190>,92,14,[5 2],93,266,280,173,251
1,<environment.Job instance at 0x7ffa7f79c910>,89,13,[4 7],90,266,279,176,255
1,<environment.Job instance at 0x7ffa7fd010f0>,95,3,[8 5],96,280,283,184,257
1,<environment.Job instance at 0x7ffa7fd010a0>,98,1,[5 3],99,279,280,180,258
1,<environment.Job instance at 0x7ffa7fd01a00>,99,3,[ 4 10],100,283,286,183,258
1,<environment.Job instance at 0x7ffa7fd01690>,101,16,[5 2],102,286,302,184,278
1,<environment.Job instance at 0x7ffa7fd01320>,104,12,[7 5],105,302,314,197,292
1,<environment.Job instance at 0x7ffaca400960>,109,1,[9 3],110,314,315,204,296
1,<environment.Job instance at 0x7ffaca400eb0>,110,15,[10  5],111,315,330,204,301
1,<environment.Job instance at 0x7ffaca400690>,113,12,[8 2],114,330,342,216,313
1,<environment.Job instance at 0x7ffa7fd018c0>,103,15,[ 3 10],104,342,357,238,331
1,<environment.Job instance at 0x7ffa7fd018c0>,4,14,[5 3],5,6,20,1,6
1,<environment.Job instance at 0x7ffac9fc4b40>,5,2,[8 1],6,20,22,14,8
1,<environment.Job instance at 0x7ffac36db7d0>,8,1,[3 6],9,9,10,0,9
1,<environment.Job instance at 0x7ffa7f821dc0>,14,17,[3 5],15,22,39,7,15
1,<environment.Job instance at 0x7ffa7f821cd0>,15,15,[ 1 10],16,39,54,23,25
1,<environment.Job instance at 0x7ffa7f821960>,18,1,[10  1],19,54,55,35,26
1,<environment.Job instance at 0x7ffa7f821d20>,19,3,[3 5],20,26,29,6,26
1,<environment.Job instance at 0x7ffa7f821870>,20,3,[ 2 10],21,55,58,34,29
1,<environment.Job instance at 0x7ffa7f8212d0>,21,13,[5 8],22,58,71,36,43
1,<environment.Job instance at 0x7ffac38c23c0>,25,3,[9 4],26,71,74,45,49
1,<environment.Job instance at 0x7ffa7f821a00>,22,14,[6 2],23,74,88,51,59
1,<environment.Job instance at 0x7ffaca1280f0>,31,3,[4 5],32,74,77,42,63
1,<environment.Job instance at 0x7ffac3b43910>,13,16,[ 5 10],14,88,104,74,75
1,<environment.Job instance at 0x7ffac37e5370>,36,14,[10  3],37,104,118,67,91
1,<environment.Job instance at 0x7ffac3b49690>,41,17,[9 3],42,118,135,76,107
1,<environment.Job instance at 0x7ffaca1500a0>,47,3,[6 1],48,135,138,87,114
1,<environment.Job instance at 0x7ffac370a1e0>,48,12,[ 1 10],49,138,150,89,125
1,<environment.Job instance at 0x7ffa7f7965f0>,51,3,[10  1],52,150,153,98,126
1,<environment.Job instance at 0x7ffac370a0a0>,52,12,[7 3],53,153,165,100,136
1,<environment.Job instance at 0x7ffac37e5cd0>,33,16,[9 5],34,165,181,131,153
1,<environment.Job instance at 0x7ffa7f842fa0>,62,15,[5 5],63,181,196,118,168
1,<environment.Job instance at 0x7ffa7f8067d0>,63,15,[1 5],64,168,183,104,168
1,<environment.Job instance at 0x7ffa7f806f50>,65,3,[5 2],66,183,186,117,168
1,<environment.Job instance at 0x7ffa7f8065f0>,67,2,[5 5],68,186,188,118,174
1,<environment.Job instance at 0x7ffa7f806410>,69,15,[4 6],70,196,211,126,182
1,<environment.Job instance at 0x7ffa7fb88e60>,37,17,[5 6],38,211,228,173,199
1,<environment.Job instance at 0x7ffa7f7a45a0>,78,2,[3 8],79,228,230,149,208
1,<environment.Job instance at 0x7ffa7f806050>,74,17,[5 5],75,230,247,155,218
1,<environment.Job instance at 0x7ffa7f7a4a50>,79,15,[9 1],80,247,262,167,238
1,<environment.Job instance at 0x7ffa7f84eaa0>,86,14,[9 2],87,262,276,175,260
1,<environment.Job instance at 0x7ffa7f743d20>,88,3,[4 5],89,276,279,187,261
1,<environment.Job instance at 0x7ffa7f7430a0>,91,1,[7 2],92,279,280,187,261
1,<environment.Job instance at 0x7ffa7f79f780>,98,14,[1 9],99,338,352,239,338
1,<environment.Job instance at 0x7ffa7f79f960>,99,12,[5 1],100,338,350,238,338
1,<environment.Job instance at 0x7ffa7f859870>,100,3,[8 5],101,352,355,251,338
1,<environment.Job instance at 0x7ffa7f859230>,104,2,[3 8],105,355,357,250,340
1,<environment.Job instance at 0x7ffaca4d0820>,105,3,[ 1 10],106,357,360,251,340
1,<environment.Job instance at 0x7ffac362c190>,108,3,[6 2],109,360,363,251,359
1,<environment.Job instance at 0x7ffa7fdd89b0>,109,15,[5 5],110,363,378,253,360
1,<environment.Job instance at 0x7ffa7f9ce0f0>,110,15,[2 8],111,378,393,267,365
1,<environment.Job instance at 0x7ffa7f9a83c0>,113,1,[8 3],114,393,394,279,367
1,<environment.Job instance at 0x7ffa7f9a8be0>,114,15,[10  1],115,394,409,279,382
1,<environment.Job instance at 0x7ffa7fcc67d0>,116,14,[2 6],117,409,423,292,394
1,<environment.Job instance at 0x7ffa7f9a8550>,117,15,[6 2],118,409,424,291,396
1,<environment.Job instance at 0x7ffa7f9a8550>,3,3,[6 1],4,4,7,0,4
1,<environment.Job instance at 0x7ffa7fb88f00>,0,14,[1 7],1,5,19,4,5
1,<environment.Job instance at 0x7ffa800b00a0>,10,15,[3 7],11,19,34,8,18
1,<environment.Job instance at 0x7ffa7fd01140>,11,13,[1 7],12,34,47,22,18
1,<environment.Job instance at 0x7ffac362eb90>,12,2,[5 3],13,18,20,5,18
1,<environment.Job instance at 0x7ffa7f77eaa0>,15,2,[5 2],16,31,33,15,31
1,<environment.Job instance at 0x7ffac3c45370>,6,1,[3 9],7,47,48,40,32
1,<environment.Job instance at 0x7ffa7f77ed70>,19,1,[5 1],20,36,37,16,36
1,<environment.Job instance at 0x7ffa7f77eaf0>,20,1,[2 9],21,48,49,27,36
1,<environment.Job instance at 0x7ffa7f77e0a0>,21,18,[9 3],22,49,67,27,42
1,<environment.Job instance at 0x7ffa7f77eb90>,24,13,[4 7],25,67,80,42,51
1,<environment.Job instance at 0x7ffa7f77e1e0>,23,3,[3 6],24,80,83,56,54
1,<environment.Job instance at 0x7ffac351cbe0>,28,18,[7 1],29,80,98,51,69
1,<environment.Job instance at 0x7ffac351cc80>,29,14,[1 8],30,83,97,53,78
1,<environment.Job instance at 0x7ffac351c9b0>,33,13,[10  4],34,98,111,64,82
1,<environment.Job instance at 0x7ffac351c370>,38,2,[6 3],39,111,113,72,92
1,<environment.Job instance at 0x7ffa7f86e820>,40,13,[4 9],41,113,126,72,97
1,<environment.Job instance at 0x7ffa7ffdd5f0>,43,14,[6 1],44,113,127,69,113
1,<environment.Job instance at 0x7ffac351c0a0>,37,15,[8 5],38,127,142,89,113
1,<environment.Job instance at 0x7ffa7ffdd280>,48,2,[6 1],49,142,144,93,130
1,<environment.Job instance at 0x7ffa7ffdddc0>,50,13,[6 3],51,144,157,93,130
1,<environment.Job instance at 0x7ffaca3aa960>,54,3,[ 3 10],55,157,160,102,149
1,<environment.Job instance at 0x7ffaca3aa1e0>,55,12,[10  3],56,160,172,104,155
1,<environment.Job instance at 0x7ffaca3a31e0>,56,16,[1 7],57,172,188,115,159
1,<environment.Job instance at 0x7ffa7febeb90>,60,12,[4 5],61,188,200,127,172
1,<environment.Job instance at 0x7ffac3a0d910>,62,18,[1 5],63,188,206,125,177
1,<environment.Job instance at 0x7ffac39f5460>,67,13,[ 5 10],68,206,219,138,190
1,<environment.Job instance at 0x7ffac39f5780>,71,2,[5 2],72,200,202,128,194
1,<environment.Job instance at 0x7ffac39f5820>,75,1,[3 5],76,202,203,126,197
1,<environment.Job instance at 0x7ffac39f5d20>,76,3,[8 4],77,203,206,126,197
1,<environment.Job instance at 0x7ffac3a0e3c0>,77,16,[1 7],78,219,235,141,206
1,<environment.Job instance at 0x7ffac3a0e5a0>,80,16,[5 9],81,259,275,178,259
1,<environment.Job instance at 0x7ffac38eb730>,4,2,[7 3],5,5,7,0,5
1,<environment.Job instance at 0x7ffac38ebeb0>,13,18,[6 1],14,14,32,0,14
1,<environment.Job instance at 0x7ffac38eb640>,9,3,[9 5],10,32,35,22,14
1,<environment.Job instance at 0x7ffac38ebbe0>,14,16,[1 6],15,35,51,20,24
1,<environment.Job instance at 0x7ffacaa45410>,18,14,[5 5],19,51,65,32,37
1,<environment.Job instance at 0x7ffacaa45cd0>,28,1,[9 5],29,65,66,36,44
1,<environment.Job instance at 0x7ffac38eb690>,3,13,[2 7],4,66,79,62,66
1,<environment.Job instance at 0x7ffaca1e5d70>,31,16,[1 7],32,79,95,47,66
1,<environment.Job instance at 0x7ffac38eb280>,15,16,[10  1],16,95,111,79,83
1,<environment.Job instance at 0x7ffaca1e51e0>,40,3,[1 9],41,111,114,70,89
1,<environment.Job instance at 0x7ffac3a657d0>,43,16,[5 9],44,114,130,70,102
1,<environment.Job instance at 0x7ffac3a65dc0>,44,16,[3 5],45,130,146,85,118
1,<environment.Job instance at 0x7ffac3a65eb0>,53,12,[8 2],54,146,158,92,129
1,<environment.Job instance at 0x7ffac3a65e60>,57,13,[9 2],58,158,171,100,142
1,<environment.Job instance at 0x7ffac39a1eb0>,62,12,[9 4],63,171,183,108,154
1,<environment.Job instance at 0x7ffac39a1d70>,65,18,[6 4],66,183,201,117,172
1,<environment.Job instance at 0x7ffac39a1e60>,68,13,[7 2],69,201,214,132,185
1,<environment.Job instance at 0x7ffac39a15a0>,69,2,[1 6],70,185,187,115,185
1,<environment.Job instance at 0x7ffac39a17d0>,71,12,[4 6],72,214,226,142,197
1,<environment.Job instance at 0x7ffac39a16e0>,73,2,[10  3],74,226,228,152,199
1,<environment.Job instance at 0x7ffa7f8d6550>,75,3,[10  5],76,228,231,152,211
1,<environment.Job instance at 0x7ffa7f8d64b0>,76,12,[9 2],77,231,243,154,215
1,<environment.Job instance at 0x7ffa7f8d66e0>,77,18,[3 7],78,243,261,165,232
1,<environment.Job instance at 0x7ffa7f8d6b90>,83,12,[ 4 10],84,261,273,177,245
1,<environment.Job instance at 0x7ffa7f8d6d70>,84,18,[ 2 10],85,273,291,188,262
1,<environment.Job instance at 0x7ffa80013640>,92,15,[1 9],93,291,306,198,277
1,<environment.Job instance at 0x7ffaca50c190>,94,14,[ 4 10],95,306,320,211,291
1,<environment.Job instance at 0x7ffaca4d4410>,99,13,[6 5],100,320,333,220,304
1,<environment.Job instance at 0x7ffaca0407d0>,101,16,[ 2 10],102,333,349,231,320
1,<environment.Job instance at 0x7ffaca0408c0>,105,15,[2 8],106,349,364,243,336
1,<environment.Job instance at 0x7ffa7fee5140>,7,2,[7 5],8,8,10,0,8
1,<environment.Job instance at 0x7ffa7fd975a0>,13,2,[8 4],14,25,27,11,25
1,<environment.Job instance at 0x7ffaca73adc0>,16,15,[1 6],17,25,40,8,25
1,<environment.Job instance at 0x7ffacaac7d20>,15,16,[6 5],16,40,56,24,27
1,<environment.Job instance at 0x7ffaca73ad70>,17,18,[3 8],18,56,74,38,45
1,<environment.Job instance at 0x7ffaca3db500>,26,14,[7 3],27,74,88,47,59
1,<environment.Job instance at 0x7ffaca4fcc30>,22,16,[3 7],23,74,90,51,64
1,<environment.Job instance at 0x7ffa7ff96280>,31,14,[1 8],32,90,104,58,76
1,<environment.Job instance at 0x7ffa7fa224b0>,33,12,[10  2],34,104,116,70,88
1,<environment.Job instance at 0x7ffa7f93e1e0>,41,18,[7 3],42,116,134,74,105
1,<environment.Job instance at 0x7ffac380f820>,42,17,[1 7],43,116,133,73,108
1,<environment.Job instance at 0x7ffac3522820>,45,12,[8 1],46,134,146,88,120
1,<environment.Job instance at 0x7ffac3bde460>,49,12,[4 6],50,146,158,96,130
1,<environment.Job instance at 0x7ffac3bde370>,50,17,[5 2],51,146,163,95,135
1,<environment.Job instance at 0x7ffa800efcd0>,53,3,[6 5],54,163,166,109,137
1,<environment.Job instance at 0x7ffaca417af0>,55,18,[4 5],56,158,176,102,148
1,<environment.Job instance at 0x7ffaca28e550>,60,15,[6 1],61,166,181,105,154
1,<environment.Job instance at 0x7ffaca28e690>,57,18,[2 7],58,176,194,118,165
1,<environment.Job instance at 0x7ffac3aed820>,74,12,[9 5],75,194,206,119,190
1,<environment.Job instance at 0x7ffac3aedf00>,76,2,[9 2],77,206,208,129,190
1,<environment.Job instance at 0x7ffac3aed640>,77,2,[4 6],78,208,210,130,190
1,<environment.Job instance at 0x7ffac3996230>,78,2,[ 5 10],79,210,212,131,190
1,<environment.Job instance at 0x7ffaca6a9730>,79,2,[9 2],80,212,214,132,191
1,<environment.Job instance at 0x7ffaca6a9af0>,80,3,[3 7],81,214,217,133,191
1,<environment.Job instance at 0x7ffa7fb99230>,82,16,[9 2],83,217,233,134,205
1,<environment.Job instance at 0x7ffa7f932d70>,89,2,[9 5],90,233,235,143,206
1,<environment.Job instance at 0x7ffac34db5a0>,95,13,[7 2],96,235,248,139,220
1,<environment.Job instance at 0x7ffa7fe94a50>,98,16,[1 7],99,235,251,136,222
1,<environment.Job instance at 0x7ffac396d1e0>,99,1,[ 4 10],100,251,252,151,223
1,<environment.Job instance at 0x7ffa7fa13c30>,102,2,[6 5],103,252,254,149,230
1,<environment.Job instance at 0x7ffac34db0f0>,92,17,[4 9],93,254,271,161,242
1,<environment.Job instance at 0x7ffa7fcad500>,111,1,[10  1],112,271,272,159,267
1,<environment.Job instance at 0x7ffa7ffa1640>,113,3,[4 8],114,291,294,177,291
1,<environment.Job instance at 0x7ffa7fa46a50>,110,14,[1 9],111,294,308,183,291
1,<environment.Job instance at 0x7ffa7ffa1370>,116,15,[ 1 10],117,308,323,191,294
1,<environment.Job instance at 0x7ffa7f85ff50>,123,16,[8 1],124,323,339,199,310
1,<environment.Job instance at 0x7ffa7f85fb40>,127,3,[ 2 10],128,339,342,211,315
1,<environment.Job instance at 0x7ffa7f85f5f0>,6,3,[4 7],7,10,13,3,10
1,<environment.Job instance at 0x7ffaca347c80>,5,13,[9 1],6,13,26,7,13
1,<environment.Job instance at 0x7ffa7fc932d0>,12,15,[8 3],13,26,41,13,13
1,<environment.Job instance at 0x7ffa7fc93a00>,16,13,[2 7],17,27,40,10,27
1,<environment.Job instance at 0x7ffa7fec9640>,18,14,[2 8],19,41,55,22,27
1,<environment.Job instance at 0x7ffa7fec96e0>,19,12,[7 4],20,55,67,35,38
1,<environment.Job instance at 0x7ffa7fec9b90>,23,13,[10  5],24,67,80,43,54
1,<environment.Job instance at 0x7ffa7fec9140>,31,12,[7 1],32,80,92,48,65
1,<environment.Job instance at 0x7ffa7fec9410>,32,13,[6 3],33,92,105,59,76
1,<environment.Job instance at 0x7ffaca296c30>,37,14,[6 1],38,105,119,67,90
1,<environment.Job instance at 0x7ffaca296780>,42,17,[3 6],43,91,108,48,91
1,<environment.Job instance at 0x7ffaca296050>,43,14,[5 4],44,119,133,75,104
1,<environment.Job instance at 0x7ffaca296af0>,45,14,[8 2],46,133,147,87,120
1,<environment.Job instance at 0x7ffa7fad78c0>,54,3,[ 3 10],55,147,150,92,124
1,<environment.Job instance at 0x7ffa7fad7910>,56,2,[9 1],57,150,152,93,124
1,<environment.Job instance at 0x7ffa7ff04960>,53,16,[1 9],54,150,166,96,139
1,<environment.Job instance at 0x7ffa7fad7be0>,61,2,[7 3],62,166,168,104,150
1,<environment.Job instance at 0x7ffa7fad7e60>,62,13,[6 1],63,152,165,89,150
1,<environment.Job instance at 0x7ffa7fad7af0>,63,15,[5 2],64,168,183,104,154
1,<environment.Job instance at 0x7ffa7fad7aa0>,59,18,[5 2],60,168,186,108,157
1,<environment.Job instance at 0x7ffa7fad0190>,67,3,[6 1],68,186,189,118,162
1,<environment.Job instance at 0x7ffa7fad7e10>,65,14,[9 4],66,189,203,123,175
1,<environment.Job instance at 0x7ffa7fad0370>,71,18,[1 7],72,203,221,131,192
1,<environment.Job instance at 0x7ffa7fad0050>,68,18,[5 3],69,203,221,134,194
1,<environment.Job instance at 0x7ffa7fec9e10>,25,15,[10  4],26,221,236,195,208
1,<environment.Job instance at 0x7ffa7face5a0>,91,1,[ 5 10],92,236,237,144,208
1,<environment.Job instance at 0x7ffa7fad0d20>,84,18,[7 1],85,237,255,152,226
1,<environment.Job instance at 0x7ffa7face730>,94,18,[ 4 10],95,255,273,160,251
1,<environment.Job instance at 0x7ffa7facea50>,99,12,[3 8],100,273,285,173,257
1,<environment.Job instance at 0x7ffa7faceaf0>,100,18,[1 7],101,285,303,184,275
1,<environment.Job instance at 0x7ffa7facee60>,105,3,[10  1],106,303,306,197,279
1,<environment.Job instance at 0x7ffa7faceeb0>,106,1,[7 5],107,306,307,199,279
1,<environment.Job instance at 0x7ffa7facef50>,108,3,[6 4],109,307,310,198,281
1,<environment.Job instance at 0x7ffa7fade140>,110,16,[8 3],111,285,301,174,281
1,<environment.Job instance at 0x7ffa7fade280>,112,2,[5 3],113,301,303,188,289
1,<environment.Job instance at 0x7ffa7fade320>,113,13,[ 4 10],114,310,323,196,305
1,<environment.Job instance at 0x7ffa7fade4b0>,114,15,[10  3],115,323,338,208,309
1,<environment.Job instance at 0x7ffa7fec9910>,1,14,[8 5],2,3,17,1,3
1,<environment.Job instance at 0x7ffaca296410>,4,3,[9 3],5,17,20,12,7
1,<environment.Job instance at 0x7ffaca41ce10>,9,1,[2 6],10,31,32,21,31
1,<environment.Job instance at 0x7ffa7fccbb90>,12,2,[1 7],13,32,34,19,31
1,<environment.Job instance at 0x7ffaca41cd20>,8,2,[10  3],9,34,36,25,31
1,<environment.Job instance at 0x7ffa7fccbaf0>,13,13,[1 7],14,36,49,22,31
1,<environment.Job instance at 0x7ffa7fccb910>,18,1,[5 2],19,36,37,17,35
1,<environment.Job instance at 0x7ffa7fccb190>,19,17,[8 2],20,37,54,17,37
1,<environment.Job instance at 0x7ffac3b11dc0>,20,1,[3 6],21,54,55,33,37
1,<environment.Job instance at 0x7ffac36d42d0>,23,13,[2 7],24,55,68,31,55
1,<environment.Job instance at 0x7ffac36d4460>,27,12,[5 6],28,68,80,40,56
1,<environment.Job instance at 0x7ffac36d4280>,30,13,[1 6],31,80,93,49,64
1,<environment.Job instance at 0x7ffa7fb98820>,33,2,[ 4 10],34,93,95,59,78
1,<environment.Job instance at 0x7ffa7fccecd0>,0,14,[7 5],1,95,109,94,80
1,<environment.Job instance at 0x7ffaca07ccd0>,37,3,[7 4],38,80,83,42,80
1,<environment.Job instance at 0x7ffa80055e60>,38,16,[6 1],39,109,125,70,96
1,<environment.Job instance at 0x7ffac36d4b40>,26,17,[4 9],27,109,126,82,105
1,<environment.Job instance at 0x7ffaca3a0370>,36,13,[5 7],37,126,139,89,112
1,<environment.Job instance at 0x7ffac3802e10>,47,14,[9 1],48,139,153,91,125
1,<environment.Job instance at 0x7ffa7fbb5a50>,48,14,[4 7],49,153,167,104,138
1,<environment.Job instance at 0x7ffac3785dc0>,44,17,[4 8],45,167,184,122,158
1,<environment.Job instance at 0x7ffa7ffafa00>,53,3,[ 3 10],54,184,187,130,164
1,<environment.Job instance at 0x7ffa7ff672d0>,56,3,[5 6],57,187,190,130,165
1,<environment.Job instance at 0x7ffac3b16f00>,57,13,[7 4],58,190,203,132,177
1,<environment.Job instance at 0x7ffac3a18500>,59,3,[ 1 10],60,203,206,143,177
1,<environment.Job instance at 0x7ffa7fc93cd0>,63,12,[6 3],64,206,218,142,189
1,<environment.Job instance at 0x7ffa7fbd3500>,65,3,[4 6],66,206,209,140,190
1,<environment.Job instance at 0x7ffa7fbd3a50>,67,3,[6 5],68,218,221,150,194
1,<environment.Job instance at 0x7ffaca39d5f0>,69,16,[1 8],70,221,237,151,212
1,<environment.Job instance at 0x7ffaca39d140>,71,17,[ 3 10],72,237,254,165,232
1,<environment.Job instance at 0x7ffaca39ddc0>,72,12,[3 6],73,254,266,181,237
1,<environment.Job instance at 0x7ffaca39dc80>,74,17,[4 5],75,266,283,191,256
1,<environment.Job instance at 0x7ffaca39dd20>,75,13,[3 7],76,283,296,207,271
1,<environment.Job instance at 0x7ffaca39d320>,76,3,[5 2],77,271,274,194,271
1,<environment.Job instance at 0x7ffaca39dbe0>,81,13,[ 3 10],82,296,309,214,289
1,<environment.Job instance at 0x7ffaca39dcd0>,83,16,[5 5],84,309,325,225,297
1,<environment.Job instance at 0x7ffac3aba1e0>,86,1,[7 2],87,325,326,238,322
1,<environment.Job instance at 0x7ffac3abae60>,87,16,[7 4],88,335,351,247,335
1,<environment.Job instance at 0x7ffac3aba7d0>,88,12,[8 2],89,351,363,262,335
1,<environment.Job instance at 0x7ffac3aba460>,90,2,[ 4 10],91,363,365,272,344
1,<environment.Job instance at 0x7ffac3aba870>,93,1,[1 7],94,351,352,257,347
1,<environment.Job instance at 0x7ffac3aba640>,96,15,[9 4],97,365,380,268,352
1,<environment.Job instance at 0x7ffac3aba5f0>,97,17,[8 2],98,380,397,282,371
1,<environment.Job instance at 0x7ffac3abaeb0>,99,2,[1 8],100,380,382,280,371
1,<environment.Job instance at 0x7ffac3aba820>,100,1,[2 9],101,397,398,296,371
1,<environment.Job instance at 0x7ffac3abaaf0>,102,18,[5 5],103,398,416,295,389
1,<environment.Job instance at 0x7ffac3aba8c0>,103,16,[9 3],104,416,432,312,406
1,<environment.Job instance at 0x7ffac3abab90>,105,16,[ 5 10],106,459,475,353,459
1,<environment.Job instance at 0x7ffac3aba730>,106,12,[1 9],107,475,487,368,463
1,<environment.Job instance at 0x7ffac3b71910>,111,2,[8 5],112,487,489,375,467
1,<environment.Job instance at 0x7ffac3b718c0>,112,18,[10  4],113,489,507,376,481
1,<environment.Job instance at 0x7ffac3b71c30>,113,16,[1 8],114,507,523,393,497
1,<environment.Job instance at 0x7ffac3b71230>,115,3,[5 4],116,523,526,407,499
1,<environment.Job instance at 0x7ffac9fa2eb0>,118,13,[8 3],119,526,539,407,510
1,<environment.Job instance at 0x7ffac9fa2730>,119,1,[2 8],120,539,540,419,511
1,<environment.Job instance at 0x7ffac9fa2870>,121,3,[10  4],122,540,543,418,514
1,<environment.Job instance at 0x7ffac9fa2910>,122,3,[ 2 10],123,543,546,420,517
1,<environment.Job instance at 0x7ffac9fa2f00>,126,18,[5 7],127,546,564,419,535
1,<environment.Job instance at 0x7ffac3abac30>,5,15,[5 5],6,24,39,18,24
1,<environment.Job instance at 0x7ffa7ff9b0a0>,11,2,[3 9],12,39,41,27,24
1,<environment.Job instance at 0x7ffacacab230>,9,1,[1 5],10,24,25,14,24
1,<environment.Job instance at 0x7ffa7ff9be10>,12,16,[7 5],13,41,57,28,28
1,<environment.Job instance at 0x7ffac37b4fa0>,0,19,[3 8],1,57,76,56,51
1,<environment.Job instance at 0x7ffaca4cbc80>,19,2,[5 5],20,76,78,56,51
1,<environment.Job instance at 0x7ffac37ae500>,14,17,[5 2],15,57,74,42,51
1,<environment.Job instance at 0x7ffaca4cb6e0>,20,1,[5 1],21,74,75,53,51
1,<environment.Job instance at 0x7ffa7f870500>,22,2,[8 3],23,78,80,55,51
1,<environment.Job instance at 0x7ffac37aef50>,17,3,[5 9],18,80,83,62,55
1,<environment.Job instance at 0x7ffa7f8484b0>,23,12,[2 9],24,83,95,59,66
1,<environment.Job instance at 0x7ffac39bb050>,26,15,[9 2],27,95,110,68,81
1,<environment.Job instance at 0x7ffaca4ae2d0>,40,13,[7 2],41,110,123,69,95
1,<environment.Job instance at 0x7ffaca4aeb40>,43,2,[7 1],44,123,125,79,96
1,<environment.Job instance at 0x7ffaca4aebe0>,44,3,[2 5],45,110,113,65,96
1,<environment.Job instance at 0x7ffac3ad2dc0>,49,12,[2 9],50,123,135,73,106
1,<environment.Job instance at 0x7ffaca0f94b0>,55,3,[2 5],56,135,138,79,121
1,<environment.Job instance at 0x7ffa7fbec9b0>,31,14,[ 2 10],32,138,152,106,123
1,<environment.Job instance at 0x7ffaca0f9550>,60,14,[5 1],61,152,166,91,137
1,<environment.Job instance at 0x7ffac9fc6230>,67,17,[5 5],68,164,181,96,164
1,<environment.Job instance at 0x7ffa7f870050>,21,18,[ 5 10],22,188,206,166,188
1,<environment.Job instance at 0x7ffa7fe45230>,70,1,[9 3],71,206,207,135,189
1,<environment.Job instance at 0x7ffaca417140>,72,1,[ 3 10],73,207,208,134,189
1,<environment.Job instance at 0x7ffac3b828c0>,76,2,[7 5],77,208,210,131,190
1,<environment.Job instance at 0x7ffaca494870>,29,16,[ 1 10],30,210,226,180,197
1,<environment.Job instance at 0x7ffac36d4dc0>,80,14,[2 7],81,226,240,145,212
1,<environment.Job instance at 0x7ffa7fbbb730>,84,3,[10  1],85,240,243,155,214
1,<environment.Job instance at 0x7ffaca3aaa00>,89,13,[3 8],90,243,256,153,227
1,<environment.Job instance at 0x7f3b72716140>,2,12,[5 4],3,4,16,1,4
1,<environment.Job instance at 0x7f3b7279ee60>,3,18,[ 3 10],4,16,34,12,8
1,<environment.Job instance at 0x7f3b72716190>,0,18,[ 2 10],1,34,52,33,24
1,<environment.Job instance at 0x7f3b6b307af0>,13,13,[1 8],14,52,65,38,42
1,<environment.Job instance at 0x7f3b6b307960>,15,3,[10  2],16,65,68,49,44
1,<environment.Job instance at 0x7f3b6b307870>,17,3,[10  3],18,68,71,50,47
1,<environment.Job instance at 0x7f3b6b307b90>,14,12,[3 7],15,71,83,56,55
1,<environment.Job instance at 0x7f3b6b307e10>,21,3,[ 2 10],22,83,86,61,66
1,<environment.Job instance at 0x7f3b6b307fa0>,23,18,[5 2],24,86,104,62,75
1,<environment.Job instance at 0x7f3b6b308320>,28,2,[5 9],29,104,106,75,77
1,<environment.Job instance at 0x7f3b6b3085a0>,30,1,[5 5],31,86,87,55,77
1,<environment.Job instance at 0x7f3b6b3076e0>,9,17,[ 4 10],10,106,123,96,96
1,<environment.Job instance at 0x7f3b6b308370>,34,3,[9 5],35,123,126,88,97
1,<environment.Job instance at 0x7f3b6b308af0>,37,14,[5 5],38,126,140,88,112
1,<environment.Job instance at 0x7f3b6b308640>,31,17,[4 9],32,140,157,108,128
1,<environment.Job instance at 0x7f3b6b3083c0>,41,14,[6 1],42,140,154,98,128
1,<environment.Job instance at 0x7f3b6b308a00>,39,18,[5 8],40,157,175,117,146
1,<environment.Job instance at 0x7f3b6b31e320>,2,2,[4 9],3,3,5,0,3
1,<environment.Job instance at 0x7f3b6b30faf0>,1,16,[5 4],2,5,21,3,4
1,<environment.Job instance at 0x7f3b6b31e230>,4,1,[7 1],5,21,22,16,5
1,<environment.Job instance at 0x7f3b6b30d7d0>,3,16,[6 4],4,22,38,18,9
1,<environment.Job instance at 0x7f3b6b31e690>,9,3,[5 5],10,11,14,1,11
1,<environment.Job instance at 0x7f3b6b31e7d0>,8,12,[3 9],9,38,50,29,24
1,<environment.Job instance at 0x7f3b6b3234b0>,20,12,[6 3],21,50,62,29,35
1,<environment.Job instance at 0x7f3b6b3260a0>,23,15,[4 8],24,62,77,38,48
1,<environment.Job instance at 0x7f3b6b326af0>,27,18,[5 2],28,62,80,34,51
1,<environment.Job instance at 0x7f3b6b3296e0>,31,14,[5 3],32,77,91,45,62
1,<environment.Job instance at 0x7f3b6b329640>,33,12,[1 7],34,80,92,46,66
1,<environment.Job instance at 0x7f3b277020a0>,37,13,[ 4 10],38,92,105,54,76
1,<environment.Job instance at 0x7f3b2770a230>,40,12,[2 5],41,105,117,64,90
1,<environment.Job instance at 0x7f3b2770a410>,42,2,[8 2],43,105,107,62,90
1,<environment.Job instance at 0x7f3b6b3238c0>,18,16,[3 9],19,117,133,98,104
1,<environment.Job instance at 0x7f3b2770a870>,47,2,[9 3],48,133,135,85,106
1,<environment.Job instance at 0x7f3b2770a0a0>,50,18,[5 1],51,135,153,84,124
1,<environment.Job instance at 0x7f3b6b31ee60>,11,16,[1 9],12,135,151,123,124
1,<environment.Job instance at 0x7f3b6b3c3aa0>,0,17,[3 8],1,151,168,150,142
1,<environment.Job instance at 0x7f3b2768eaf0>,57,3,[4 9],58,168,171,110,142
1,<environment.Job instance at 0x7f3b2770aa50>,45,17,[10  5],46,171,188,125,165
1,<environment.Job instance at 0x7f3b2770bd20>,66,13,[5 1],67,188,201,121,172
1,<environment.Job instance at 0x7f3b2768e1e0>,65,17,[5 9],66,188,205,122,181
1,<environment.Job instance at 0x7f3b2768e820>,64,17,[10  2],65,205,222,140,193
1,<environment.Job instance at 0x7f3b2770b7d0>,73,12,[5 1],74,222,234,148,205
1,<environment.Job instance at 0x7f3b2770baf0>,74,13,[5 9],75,222,235,147,212
1,<environment.Job instance at 0x7f3b2768e4b0>,62,14,[9 2],63,235,249,172,222
1,<environment.Job instance at 0x7f3b2768ce60>,80,2,[4 5],81,249,251,168,222
1,<environment.Job instance at 0x7f3b2768cdc0>,81,1,[8 3],82,251,252,169,223
1,<environment.Job instance at 0x7f3b2768c320>,85,17,[3 5],86,252,269,166,250
1,<environment.Job instance at 0x7f3b27703f00>,86,15,[ 5 10],87,269,284,182,255
1,<environment.Job instance at 0x7f3b2778b500>,91,13,[3 6],92,284,297,192,269
1,<environment.Job instance at 0x7f3b2782edc0>,93,12,[3 8],94,297,309,203,280
1,<environment.Job instance at 0x7f3b277249b0>,95,12,[2 6],96,309,321,213,293
1,<environment.Job instance at 0x7f3b277d1280>,98,18,[3 8],99,321,339,222,310
1,<environment.Job instance at 0x7f3b277fa9b0>,102,3,[3 9],103,339,342,236,323
1,<environment.Job instance at 0x7f3b2780e0f0>,104,15,[9 5],105,342,357,237,330
1,<environment.Job instance at 0x7f3b2780e730>,105,3,[6 4],106,357,360,251,331
1,<environment.Job instance at 0x7f3b27943d20>,107,16,[2 8],108,360,376,252,348
1,<environment.Job instance at 0x7f3b2764e280>,110,18,[8 5],111,376,394,265,366
1,<environment.Job instance at 0x7f3b275855f0>,114,17,[1 9],115,394,411,279,382
1,<environment.Job instance at 0x7f3b27631cd0>,124,18,[10  2],125,411,429,286,408
1,<environment.Job instance at 0x7f3b6b2504b0>,127,14,[3 5],128,429,443,301,414
1,<environment.Job instance at 0x7f3b6b31e3c0>,1,16,[6 2],2,2,18,0,2
1,<environment.Job instance at 0x7f3b275553c0>,2,2,[9 4],3,18,20,15,5
1,<environment.Job instance at 0x7f3b6b10faa0>,7,1,[9 4],8,20,21,12,9
1,<environment.Job instance at 0x7f3b27643fa0>,10,13,[7 4],11,21,34,10,14
1,<environment.Job instance at 0x7f3b72888820>,11,3,[3 6],12,15,18,3,15
1,<environment.Job instance at 0x7f3b7273e910>,18,15,[2 5],19,21,36,2,19
1,<environment.Job instance at 0x7f3b728833c0>,19,15,[7 4],20,34,49,14,20
1,<environment.Job instance at 0x7f3b27643230>,9,14,[5 7],10,49,63,39,35
1,<environment.Job instance at 0x7f3b6b0ddc80>,26,15,[7 3],27,63,78,36,50
1,<environment.Job instance at 0x7f3b6b1a40f0>,30,14,[2 8],31,78,92,47,63
1,<environment.Job instance at 0x7f3b27631500>,34,16,[8 3],35,92,108,57,79
1,<environment.Job instance at 0x7f3b72888b90>,13,18,[9 2],14,108,126,94,98
1,<environment.Job instance at 0x7f3b275bfb90>,43,15,[7 4],44,126,141,82,112
1,<environment.Job instance at 0x7f3b6b53ed70>,25,18,[9 5],26,141,159,115,131
1,<environment.Job instance at 0x7f3b275b90f0>,50,13,[ 4 10],51,159,172,108,143
1,<environment.Job instance at 0x7f3b275b9910>,53,13,[2 5],54,172,185,118,156
1,<environment.Job instance at 0x7f3b275b9690>,51,16,[2 8],52,185,201,133,172
1,<environment.Job instance at 0x7f3b6b491cd0>,59,16,[1 7],60,201,217,141,189
1,<environment.Job instance at 0x7f3b27960870>,1,1,[10  1],2,4,5,2,4
1,<environment.Job instance at 0x7f3b27962460>,3,1,[5 2],4,5,6,1,5
1,<environment.Job instance at 0x7f3b27bcfbe0>,6,13,[8 4],7,11,24,4,11
1,<environment.Job instance at 0x7f3b27993eb0>,12,12,[8 5],13,24,36,11,13
1,<environment.Job instance at 0x7f3b27968960>,16,13,[7 1],17,36,49,19,20
1,<environment.Job instance at 0x7f3b27bece60>,2,13,[3 9],3,36,49,33,21
1,<environment.Job instance at 0x7f3b2754f9b0>,23,17,[1 8],24,49,66,25,37
1,<environment.Job instance at 0x7f3b27bef5a0>,26,17,[9 1],27,49,66,22,43
1,<environment.Job instance at 0x7f3b6b169910>,27,3,[10  3],28,66,69,38,43
1,<environment.Job instance at 0x7f3b6b37c4b0>,28,12,[ 2 10],29,69,81,40,52
1,<environment.Job instance at 0x7f3b6b556eb0>,32,17,[10  3],33,81,98,48,69
1,<environment.Job instance at 0x7f3b27bcfaf0>,5,16,[10  5],6,98,114,92,85
1,<environment.Job instance at 0x7f3b6b5567d0>,34,15,[ 1 10],35,114,129,79,100
1,<environment.Job instance at 0x7f3b6b53f050>,45,1,[3 6],46,129,130,83,101
1,<environment.Job instance at 0x7f3b6b50a8c0>,46,15,[ 5 10],47,130,145,83,116
1,<environment.Job instance at 0x7f3b6b66c690>,48,2,[7 3],49,145,147,96,118
1,<environment.Job instance at 0x7f3b6b66c0f0>,51,14,[1 9],52,147,161,95,132
1,<environment.Job instance at 0x7f3b6b3d1b40>,53,18,[4 8],54,161,179,107,152
1,<environment.Job instance at 0x7f3b2795d730>,55,14,[7 3],56,179,193,123,164
1,<environment.Job instance at 0x7f3b71bc80f0>,63,3,[9 4],64,193,196,129,187
1,<environment.Job instance at 0x7f3b71bc8690>,66,14,[8 1],67,196,210,129,189
1,<environment.Job instance at 0x7f3b71bc8e10>,68,1,[2 5],69,190,191,121,190
1,<environment.Job instance at 0x7f3b71bc8820>,70,14,[ 4 10],71,210,224,139,195
1,<environment.Job instance at 0x7f3b6b3c08c0>,76,18,[8 2],77,224,242,147,213
1,<environment.Job instance at 0x7f3b71c426e0>,82,3,[ 3 10],83,242,245,159,238
1,<environment.Job instance at 0x7f3b6b4548c0>,83,15,[6 5],84,245,260,161,238
1,<environment.Job instance at 0x7f3b6b3b8c30>,88,14,[3 8],89,260,274,171,247
1,<environment.Job instance at 0x7f3b6b419e60>,89,3,[3 6],90,274,277,184,248
1,<environment.Job instance at 0x7f3b6b419820>,90,3,[7 3],91,274,277,183,248
1,<environment.Job instance at 0x7f3b6b469e10>,92,12,[3 8],93,277,289,184,260
1,<environment.Job instance at 0x7f3b6b469cd0>,95,16,[4 5],96,289,305,193,276
1,<environment.Job instance at 0x7f3b27993dc0>,4,14,[7 5],5,7,21,2,7
1,<environment.Job instance at 0x7f3b6b469cd0>,7,3,[5 1],8,21,24,13,8
1,<environment.Job instance at 0x7f3b6b10ea50>,8,2,[5 4],9,21,23,12,9
1,<environment.Job instance at 0x7f3b6b3bd3c0>,10,1,[5 1],11,23,24,12,11
1,<environment.Job instance at 0x7f3b27943dc0>,0,18,[5 9],1,24,42,23,17
1,<environment.Job instance at 0x7f3b6b3be5a0>,18,16,[9 2],19,42,58,23,29
1,<environment.Job instance at 0x7f3b6b3befa0>,21,13,[1 9],22,58,71,36,42
1,<environment.Job instance at 0x7f3b71c6fb40>,27,17,[3 8],28,71,88,43,59
1,<environment.Job instance at 0x7f3b71c6f730>,29,3,[4 9],30,88,91,58,68
1,<environment.Job instance at 0x7f3b71c6fc30>,30,13,[10  4],31,91,104,60,75
1,<environment.Job instance at 0x7f3b71c6faa0>,32,17,[2 5],33,104,121,71,92
1,<environment.Job instance at 0x7f3b71c6f190>,33,3,[1 8],34,121,124,87,95
1,<environment.Job instance at 0x7f3b71c6f2d0>,34,3,[5 2],35,104,107,69,95
1,<environment.Job instance at 0x7f3b71c6f960>,36,1,[4 7],37,124,125,87,96
1,<environment.Job instance at 0x7f3b6b3705f0>,39,14,[4 9],40,125,139,85,110
1,<environment.Job instance at 0x7f3b6b370a00>,41,3,[5 9],42,139,142,97,116
1,<environment.Job instance at 0x7f3b6b370500>,42,2,[7 4],43,116,118,73,116
1,<environment.Job instance at 0x7f3b6b370c30>,43,3,[5 5],44,118,121,74,116
1,<environment.Job instance at 0x7f3b6b370870>,46,18,[9 4],47,142,160,95,131
1,<environment.Job instance at 0x7f3b6b2ebc30>,48,17,[2 6],49,160,177,111,148
1,<environment.Job instance at 0x7f3b6b3be960>,16,17,[ 1 10],17,177,194,160,165
1,<environment.Job instance at 0x7f3b72086b40>,55,13,[8 5],56,194,207,138,178
1,<environment.Job instance at 0x7f3b278f4140>,56,13,[3 9],57,207,220,150,191
1,<environment.Job instance at 0x7f3b27bac370>,63,14,[4 8],64,220,234,156,206
1,<environment.Job instance at 0x7f3b27bbd1e0>,66,15,[9 1],67,234,249,167,221
1,<environment.Job instance at 0x7f3b27ba93c0>,69,13,[1 8],70,234,247,164,228
1,<environment.Job instance at 0x7f3b27ba9550>,72,13,[ 5 10],73,249,262,176,239
1,<environment.Job instance at 0x7f3b27b950a0>,78,17,[7 2],79,262,279,183,250
1,<environment.Job instance at 0x7f3b27ba0820>,80,15,[5 6],81,279,294,198,266
1,<environment.Job instance at 0x7f3b27ba08c0>,85,12,[10  3],86,294,306,208,278
1,<environment.Job instance at 0x7f3b27ba0960>,90,17,[2 6],91,306,323,215,298
1,<environment.Job instance at 0x7f3b27bba910>,94,12,[3 5],95,323,335,228,306
1,<environment.Job instance at 0x7f3b27bbac30>,97,3,[10  4],98,335,338,237,309
1,<environment.Job instance at 0x7f3b27b93dc0>,102,15,[10  1],103,338,353,235,325
1,<environment.Job instance at 0x7f3b27b931e0>,106,14,[1 7],107,353,367,246,338
1,<environment.Job instance at 0x7f3b27b9c4b0>,113,16,[8 5],114,375,391,261,375
1,<environment.Job instance at 0x7f3b27b9cb90>,114,16,[9 4],115,391,407,276,386
1,<environment.Job instance at 0x7f3b27baf230>,116,15,[10  4],117,407,422,290,394
1,<environment.Job instance at 0x7f3b27b9ce60>,118,17,[3 9],119,422,439,303,416
1,<environment.Job instance at 0x7f3b7209e640>,123,13,[5 1],124,422,435,298,417
1,<environment.Job instance at 0x7f3b279206e0>,126,12,[1 5],127,439,451,312,422
1,<environment.Job instance at 0x7f3b7208fc30>,128,14,[9 1],129,439,453,310,425
1,<environment.Job instance at 0x7f3b27920d20>,132,15,[6 2],133,453,468,320,440
1,<environment.Job instance at 0x7f3b27933fa0>,134,3,[3 6],135,453,456,318,440
1,<environment.Job instance at 0x7f3b71c6f320>,2,1,[6 3],3,4,5,1,4
1,<environment.Job instance at 0x7f3b6b3bdd20>,3,16,[5 3],4,6,22,2,6
1,<environment.Job instance at 0x7f3b27bec910>,4,17,[5 1],5,7,24,2,7
1,<environment.Job instance at 0x7f3b6b3bdaf0>,5,15,[ 1 10],6,24,39,18,11
1,<environment.Job instance at 0x7f3b276c8f50>,13,3,[4 7],14,39,42,25,14
1,<environment.Job instance at 0x7f3b276c8eb0>,22,2,[8 4],23,42,44,19,27
1,<environment.Job instance at 0x7f3b276c8aa0>,15,16,[9 4],16,44,60,28,32
1,<environment.Job instance at 0x7f3b276c85f0>,12,17,[9 4],13,60,77,47,48
1,<environment.Job instance at 0x7f3b720ea050>,32,17,[ 2 10],33,77,94,44,67
1,<environment.Job instance at 0x7f3b720eacd0>,34,12,[9 1],35,94,106,59,77
1,<environment.Job instance at 0x7f3b71efffa0>,39,13,[7 4],40,106,119,66,90
1,<environment.Job instance at 0x7f3b6b3bec30>,1,1,[6 5],2,2,3,0,2
1,<environment.Job instance at 0x7f3b6b234d20>,4,2,[9 3],5,5,7,0,5
1,<environment.Job instance at 0x7f3b7226e500>,6,13,[9 3],7,9,22,2,9
1,<environment.Job instance at 0x7f3b72063be0>,10,14,[1 5],11,11,25,0,11
1,<environment.Job instance at 0x7f3b72063d70>,8,16,[9 4],9,22,38,13,13
1,<environment.Job instance at 0x7f3b27a13190>,14,13,[2 6],15,38,51,23,22
1,<environment.Job instance at 0x7f3b72739d20>,16,18,[7 4],17,38,56,21,28
1,<environment.Job instance at 0x7f3b6b300190>,17,19,[1 5],18,51,70,33,41
1,<environment.Job instance at 0x7f3b6b300690>,19,18,[6 4],20,56,74,36,45
1,<environment.Job instance at 0x7f3b72063690>,5,18,[1 8],6,74,92,68,63
1,<environment.Job instance at 0x7f3b6b1b4690>,29,17,[9 2],30,846,863,816,846
1,<environment.Job instance at 0x7f3b276909b0>,31,3,[1 9],32,863,866,831,846
1,<environment.Job instance at 0x7f3b27690a50>,34,18,[5 6],35,866,884,831,855
1,<environment.Job instance at 0x7f3b6b082e10>,0,2,[5 5],1,1,3,0,1
1,<environment.Job instance at 0x7f3b27aab7d0>,5,18,[7 5],6,8,26,2,8
1,<environment.Job instance at 0x7f3b27a13a00>,4,3,[4 5],5,26,29,21,9
1,<environment.Job instance at 0x7f3b6b229960>,11,1,[8 4],12,29,30,17,14
1,<environment.Job instance at 0x7f3b6b2293c0>,12,1,[2 5],13,14,15,1,14
1,<environment.Job instance at 0x7f3b6b4154b0>,13,2,[ 4 10],14,30,32,16,19
1,<environment.Job instance at 0x7f3b27a74be0>,9,18,[ 2 10],10,32,50,22,21
1,<environment.Job instance at 0x7f3b6b415d70>,19,17,[2 6],20,50,67,30,42
1,<environment.Job instance at 0x7f3b6b415f50>,23,14,[ 5 10],24,67,81,43,63
1,<environment.Job instance at 0x7f3b27957870>,28,15,[5 8],29,81,96,52,70
1,<environment.Job instance at 0x7f3b27957730>,32,12,[10  4],33,96,108,63,80
1,<environment.Job instance at 0x7f3b2774c460>,35,15,[8 1],36,108,123,72,97
1,<environment.Job instance at 0x7f3b2774caa0>,36,3,[5 1],37,123,126,86,97
1,<environment.Job instance at 0x7f3b2774c0f0>,39,15,[6 2],40,126,141,86,117
1,<environment.Job instance at 0x7f3b2774cf50>,41,15,[5 4],42,141,156,99,128
1,<environment.Job instance at 0x7f3b2774c410>,46,15,[3 5],47,148,163,101,148
1,<environment.Job instance at 0x7f3b27a11e60>,48,2,[7 5],49,168,170,119,168
1,<environment.Job instance at 0x7f3b2774c5a0>,44,17,[2 5],45,168,185,123,168
1,<environment.Job instance at 0x7f3b27a111e0>,49,14,[5 4],50,170,184,120,168
1,<environment.Job instance at 0x7f3b27a115a0>,51,1,[5 5],52,184,185,132,168
1,<environment.Job instance at 0x7f3b2782a320>,53,12,[10  1],54,185,197,131,168
1,<environment.Job instance at 0x7f3b6b082d20>,1,14,[9 4],2,197,211,195,186
1,<environment.Job instance at 0x7f3b2782a500>,56,18,[8 1],57,211,229,154,200
1,<environment.Job instance at 0x7f3b2782ab40>,66,17,[2 6],67,211,228,144,209
1,<environment.Job instance at 0x7f3b2782ad70>,67,12,[2 8],68,228,240,160,211
1,<environment.Job instance at 0x7f3b2782a820>,61,13,[7 4],62,240,253,178,224
1,<environment.Job instance at 0x7f3b71f8b4b0>,76,17,[2 5],77,240,257,163,237
1,<environment.Job instance at 0x7f3b71f8b5a0>,78,12,[9 3],79,257,269,178,240
1,<environment.Job instance at 0x7f3b71f8b050>,72,15,[8 4],73,269,284,196,255
1,<environment.Job instance at 0x7f3b71f8b9b0>,84,12,[9 1],85,284,296,199,272
1,<environment.Job instance at 0x7f3b71f8bcd0>,87,17,[1 9],88,284,301,196,279
1,<environment.Job instance at 0x7f3b71f8bdc0>,89,18,[7 5],90,301,319,211,291
1,<environment.Job instance at 0x7f3b71f8bfa0>,91,14,[5 8],92,319,333,227,304
1,<environment.Job instance at 0x7f3b71f8bf00>,93,3,[8 2],94,333,336,239,314
1,<environment.Job instance at 0x7f3b71f91140>,94,17,[7 2],95,336,353,241,324
1,<environment.Job instance at 0x7f3b71f91550>,97,3,[1 9],98,353,356,255,327
1,<environment.Job instance at 0x7f3b71f91640>,99,15,[10  2],100,356,371,256,342
1,<environment.Job instance at 0x7f3b71f91780>,101,1,[4 5],102,371,372,269,344
1,<environment.Job instance at 0x7f3b71f91820>,102,3,[8 1],103,353,356,250,344
1,<environment.Job instance at 0x7f3b71f91960>,104,16,[7 4],105,372,388,267,359
1,<environment.Job instance at 0x7f3b71f91aa0>,108,17,[9 5],109,388,405,279,384
1,<environment.Job instance at 0x7f3b71f91c80>,110,15,[5 3],111,405,420,294,392
1,<environment.Job instance at 0x7f3b71f91d20>,111,18,[4 7],112,405,423,293,394
1,<environment.Job instance at 0x7f3b71f91f50>,115,1,[1 9],116,423,424,307,397
1,<environment.Job instance at 0x7f3b71f8a190>,117,1,[10  4],118,424,425,306,397
1,<environment.Job instance at 0x7f3b71f8a230>,118,2,[3 6],119,425,427,306,398
1,<environment.Job instance at 0x7f3b71f8a0a0>,119,15,[3 9],120,427,442,307,415
1,<environment.Job instance at 0x7f3b71f8a370>,120,15,[5 5],121,442,457,321,430
1,<environment.Job instance at 0x7f3b71f8a4b0>,121,3,[8 5],122,457,460,335,431
1,<environment.Job instance at 0x7f3b71f8a640>,124,15,[10  2],125,460,475,335,458
1,<environment.Job instance at 0x7f3b71f8a780>,126,1,[5 5],127,475,476,348,458
1,<environment.Job instance at 0x7f3b71f8a410>,128,3,[ 1 10],129,476,479,347,459
1,<environment.Job instance at 0x7f3b71f8a9b0>,129,3,[9 3],130,479,482,349,459
1,<environment.Job instance at 0x7f3b71f8ac80>,133,3,[3 8],134,482,485,348,477
1,<environment.Job instance at 0x7f3b71f8ae60>,136,14,[6 4],137,485,499,348,481
1,<environment.Job instance at 0x7f3b27a0dfa0>,2,1,[5 9],3,3,4,0,3
1,<environment.Job instance at 0x7f3b72465e10>,3,1,[2 6],4,4,5,0,4
1,<environment.Job instance at 0x7f3b6b32a960>,6,18,[6 4],7,7,25,0,7
1,<environment.Job instance at 0x7f3b6b32a3c0>,8,14,[6 4],9,25,39,16,12
1,<environment.Job instance at 0x7f3b276c62d0>,14,3,[10  5],15,39,42,24,15
1,<environment.Job instance at 0x7f3b2774ad20>,16,12,[8 4],17,42,54,25,26
1,<environment.Job instance at 0x7f3b6b730500>,21,15,[8 4],22,54,69,32,40
1,<environment.Job instance at 0x7f3b71c19820>,26,12,[2 7],27,69,81,42,52
1,<environment.Job instance at 0x7f3b72142370>,23,16,[2 6],24,53,69,29,53
1,<environment.Job instance at 0x7f3b72142050>,25,17,[5 3],26,69,86,43,57
1,<environment.Job instance at 0x7f3b71c2ab40>,33,18,[4 6],34,81,99,47,74
1,<environment.Job instance at 0x7f3b71db0e10>,39,17,[5 7],40,99,116,59,89
1,<environment.Job instance at 0x7f3b71c350f0>,45,2,[3 9],46,116,118,70,110
1,<environment.Job instance at 0x7f3b71c35f50>,46,2,[5 7],47,118,120,71,110
1,<environment.Job instance at 0x7f3b27a081e0>,47,1,[8 1],48,120,121,72,110
1,<environment.Job instance at 0x7f3b27a082d0>,48,3,[9 5],49,121,124,72,110
1,<environment.Job instance at 0x7f3b71ccc960>,42,18,[7 4],43,124,142,81,113
1,<environment.Job instance at 0x7f3b27a08e10>,50,2,[8 4],51,142,144,91,115
1,<environment.Job instance at 0x7f3b6b387320>,52,14,[ 2 10],53,144,158,91,130
1,<environment.Job instance at 0x7f3b27a08690>,49,15,[3 9],50,158,173,108,145
1,<environment.Job instance at 0x7f3b6b2fe410>,58,16,[3 8],59,173,189,114,160
1,<environment.Job instance at 0x7f3b6b35dd20>,65,14,[4 8],66,189,203,123,174
1,<environment.Job instance at 0x7f3b6b35d4b0>,67,12,[1 6],68,203,215,135,187
1,<environment.Job instance at 0x7f3b6b2fe140>,60,18,[9 2],61,203,221,142,192
1,<environment.Job instance at 0x7f3b6b35d8c0>,74,2,[3 6],75,221,223,146,218
1,<environment.Job instance at 0x7f3b71f8af50>,5,17,[10  3],6,223,240,217,218
1,<environment.Job instance at 0x7f3b6b35d190>,75,3,[2 8],76,240,243,164,218
1,<environment.Job instance at 0x7f3b71eb56e0>,79,3,[10  1],80,243,246,163,218
1,<environment.Job instance at 0x7f3b71eb5f50>,81,2,[1 9],82,246,248,164,219
1,<environment.Job instance at 0x7f3b27c1df50>,82,3,[10  4],83,248,251,165,222
1,<environment.Job instance at 0x7f3b27c1d9b0>,84,3,[9 3],85,251,254,166,227
1,<environment.Job instance at 0x7f3b6b35d320>,69,16,[10  5],70,254,270,184,241
1,<environment.Job instance at 0x7f3b27c1d410>,88,13,[8 5],89,270,283,181,255
1,<environment.Job instance at 0x7f3b6b35dbe0>,78,18,[5 9],79,283,301,204,272
1,<environment.Job instance at 0x7f3b7273a5f0>,97,18,[1 6],98,301,319,203,290
1,<environment.Job instance at 0x7f3b7273ac80>,99,14,[5 1],100,290,304,190,290
1,<environment.Job instance at 0x7f3b7273a190>,100,17,[9 2],101,304,321,203,292
1,<environment.Job instance at 0x7f3b7273a960>,108,3,[10  4],109,321,324,212,312
1,<environment.Job instance at 0x7f3b7273ac30>,109,18,[6 2],110,324,342,214,313
1,<environment.Job instance at 0x7f3b278391e0>,113,14,[ 4 10],114,342,356,228,327
1,<environment.Job instance at 0x7f3b27839190>,116,16,[9 2],117,356,372,239,343
1,<environment.Job instance at 0x7f3b27c32d70>,125,16,[4 9],126,372,388,246,359
1,<environment.Job instance at 0x7f3b27c32aa0>,130,17,[ 5 10],131,388,405,257,376
1,<environment.Job instance at 0x7f3b27c32960>,135,3,[1 9],136,405,408,269,393
1,<environment.Job instance at 0x7f3b27c32280>,136,2,[5 2],137,408,410,271,393
1,<environment.Job instance at 0x7f3b7287eaa0>,138,12,[3 9],139,410,422,271,396
1,<environment.Job instance at 0x7f3b6b32a0a0>,1,3,[7 4],2,3,6,1,3
1,<environment.Job instance at 0x7f3b71eff0a0>,0,2,[6 1],1,7,9,6,7
1,<environment.Job instance at 0x7f3b6b147eb0>,6,1,[5 7],7,9,10,2,7
1,<environment.Job instance at 0x7f3b6b4085f0>,2,18,[3 7],3,12,30,9,12
1,<environment.Job instance at 0x7f3b6b78ac30>,12,2,[3 7],13,30,32,17,13
1,<environment.Job instance at 0x7f3b27569c80>,14,13,[3 6],15,32,45,17,16
1,<environment.Job instance at 0x7f3b6b150410>,15,2,[8 1],16,45,47,29,18
1,<environment.Job instance at 0x7f3b6b150e60>,13,13,[5 6],14,47,60,33,31
1,<environment.Job instance at 0x7f3b278cff00>,20,3,[ 4 10],21,60,63,39,34
1,<environment.Job instance at 0x7f3b277d7f50>,18,16,[10  3],19,63,79,44,55
1,<environment.Job instance at 0x7f3b722e74b0>,8,14,[ 1 10],9,79,93,70,65
1,<environment.Job instance at 0x7f3b6b3ce690>,30,16,[1 7],31,93,109,62,80
1,<environment.Job instance at 0x7f3b6b3ce640>,31,12,[2 6],32,109,121,77,92
1,<environment.Job instance at 0x7f3b27943050>,27,16,[5 4],28,109,125,81,100
1,<environment.Job instance at 0x7f3b278eea00>,39,12,[3 9],40,125,137,85,109
1,<environment.Job instance at 0x7f3b278eebe0>,42,18,[2 5],43,137,155,94,126
1,<environment.Job instance at 0x7f3b278ee280>,44,14,[ 3 10],45,155,169,110,141
1,<environment.Job instance at 0x7f3b6b315c30>,57,2,[10  2],58,169,171,111,165
1,<environment.Job instance at 0x7f3b6b3154b0>,60,13,[10  1],61,171,184,110,165
1,<environment.Job instance at 0x7f3b71b44aa0>,63,18,[4 5],64,184,202,120,173
1,<environment.Job instance at 0x7f3b2751f1e0>,65,15,[1 5],66,184,199,118,173
1,<environment.Job instance at 0x7f3b2751feb0>,67,3,[9 4],68,202,205,134,180
1,<environment.Job instance at 0x7f3b71fd30f0>,68,13,[8 2],69,205,218,136,189
1,<environment.Job instance at 0x7f3b6b315cd0>,55,16,[10  3],56,257,273,201,257
1,<environment.Job instance at 0x7f3b71fd3820>,71,16,[4 6],72,273,289,201,260
1,<environment.Job instance at 0x7f3b71cf0e60>,72,15,[5 1],73,273,288,200,260
1,<environment.Job instance at 0x7f3b71f8f3c0>,2,3,[2 8],3,3,6,0,3
1,<environment.Job instance at 0x7f3b275a71e0>,5,17,[1 7],6,6,23,0,6
1,<environment.Job instance at 0x7f3b71bf0690>,7,2,[5 2],8,8,10,0,8
1,<environment.Job instance at 0x7f3b71f8fdc0>,0,13,[5 8],1,23,36,22,11
1,<environment.Job instance at 0x7f3b71cf0cd0>,4,17,[8 5],5,36,53,31,24
1,<environment.Job instance at 0x7f3b6b7a0410>,17,1,[10  3],18,53,54,35,28
1,<environment.Job instance at 0x7f3b6b7a0f00>,18,13,[6 2],19,54,67,35,38
1,<environment.Job instance at 0x7f3b6b7a0140>,20,3,[8 1],21,67,70,46,41
1,<environment.Job instance at 0x7f3b6b7a05a0>,21,12,[5 8],22,70,82,48,53
1,<environment.Job instance at 0x7f3b2745c230>,11,12,[7 2],12,82,94,70,67
1,<environment.Job instance at 0x7f3b6b7a0320>,27,3,[5 2],28,74,77,46,74
1,<environment.Job instance at 0x7f3b6b7a0640>,29,2,[1 7],30,82,84,52,74
1,<environment.Job instance at 0x7f3b6b7a06e0>,16,15,[ 3 10],17,94,109,77,86
1,<environment.Job instance at 0x7f3b27920a50>,33,14,[3 6],34,109,123,75,94
1,<environment.Job instance at 0x7f3b27920f50>,36,14,[4 7],37,123,137,86,108
1,<environment.Job instance at 0x7f3b27920a00>,39,13,[10  4],40,137,150,97,121
1,<environment.Job instance at 0x7f3b27671730>,43,14,[ 4 10],44,150,164,106,136
1,<environment.Job instance at 0x7f3b6b475550>,48,3,[9 5],49,164,167,115,151
1,<environment.Job instance at 0x7f3b6b475460>,50,2,[3 5],51,167,169,116,155
1,<environment.Job instance at 0x7f3b6b7a0d20>,26,16,[5 9],27,169,185,142,156
1,<environment.Job instance at 0x7f3b27960f00>,55,2,[9 5],56,185,187,129,158
1,<environment.Job instance at 0x7f3b279603c0>,57,18,[6 1],58,187,205,129,176
1,<environment.Job instance at 0x7f3b27960050>,56,16,[4 9],57,187,203,130,183
1,<environment.Job instance at 0x7f3b6b65c780>,67,13,[9 4],68,205,218,137,192
1,<environment.Job instance at 0x7f3b6b65c730>,68,13,[4 8],69,218,231,149,203
1,<environment.Job instance at 0x7f3b6b65ce60>,74,14,[ 5 10],75,231,245,156,216
1,<environment.Job instance at 0x7f3b6b65ceb0>,78,15,[1 6],79,245,260,166,231
1,<environment.Job instance at 0x7f3b6b6371e0>,80,1,[7 5],81,260,261,179,237
1,<environment.Job instance at 0x7f3b6b637280>,81,12,[5 6],82,261,273,179,244
1,<environment.Job instance at 0x7f3b6b59bd70>,0,13,[8 3],1,8,21,7,8
1,<environment.Job instance at 0x7f3b27b9c140>,9,3,[7 3],10,21,24,11,11
1,<environment.Job instance at 0x7f3b27b9c960>,11,12,[5 3],12,24,36,12,12
1,<environment.Job instance at 0x7f3b6b315e10>,12,3,[5 8],13,36,39,23,13
1,<environment.Job instance at 0x7f3b6b315d20>,13,2,[6 2],14,39,41,25,14
1,<environment.Job instance at 0x7f3b6b315a00>,17,3,[2 7],18,20,23,2,20
1,<environment.Job instance at 0x7f3b6b315e60>,19,1,[5 6],20,27,28,7,27
1,<environment.Job instance at 0x7f3b27b9c2d0>,6,13,[ 2 10],7,41,54,34,36
1,<environment.Job instance at 0x7f3b2774f870>,22,3,[5 8],23,54,57,31,37
1,<environment.Job instance at 0x7f3b2774fcd0>,24,2,[3 9],25,57,59,32,43
1,<environment.Job instance at 0x7f3b2774f640>,25,1,[1 7],26,59,60,33,43
1,<environment.Job instance at 0x7f3b6b739a00>,26,2,[5 3],27,59,61,32,43
1,<environment.Job instance at 0x7f3b2774fb40>,28,12,[6 4],29,61,73,32,44
1,<environment.Job instance at 0x7f3b6b16a910>,31,13,[3 5],32,60,73,28,46
1,<environment.Job instance at 0x7f3b279cb960>,35,3,[3 9],36,73,76,37,47
1,<environment.Job instance at 0x7f3b6b16a640>,33,15,[ 2 10],34,76,91,42,63
1,<environment.Job instance at 0x7f3b279cb690>,39,12,[5 8],40,91,103,51,74
1,<environment.Job instance at 0x7f3b71c71190>,46,2,[5 9],47,103,105,56,76
1,<environment.Job instance at 0x7f3b279cb410>,38,12,[10  4],39,105,117,66,90
1,<environment.Job instance at 0x7f3b6b1629b0>,55,13,[7 4],56,117,130,61,102
1,<environment.Job instance at 0x7f3b6b162190>,57,3,[6 5],58,130,133,72,108
1,<environment.Job instance at 0x7f3b6b315be0>,20,18,[3 5],21,117,135,96,114
1,<environment.Job instance at 0x7f3b71d9bb40>,64,12,[7 1],65,133,145,68,119
1,<environment.Job instance at 0x7f3b6b162370>,56,16,[3 8],57,135,151,78,123
1,<environment.Job instance at 0x7f3b71d9bb90>,70,18,[9 3],71,151,169,80,140
1,<environment.Job instance at 0x7f3b27a13190>,76,17,[4 8],77,169,186,92,157
1,<environment.Job instance at 0x7f3b27a13e10>,79,17,[5 6],80,186,203,106,175
1,<environment.Job instance at 0x7f3b71d9b5f0>,62,17,[5 7],63,203,220,140,191
1,<environment.Job instance at 0x7f3b27a136e0>,86,15,[4 6],87,220,235,133,206
1,<environment.Job instance at 0x7f3b27a13d20>,88,3,[4 7],89,235,238,146,212
1,<environment.Job instance at 0x7f3b7214faf0>,92,15,[6 2],93,222,237,129,222
1,<environment.Job instance at 0x7f3b71d9baa0>,71,17,[9 4],72,238,255,166,232
1,<environment.Job instance at 0x7f3b6b147e60>,99,14,[7 3],100,255,269,155,240
1,<environment.Job instance at 0x7f3b6b147a50>,102,17,[1 5],103,244,261,141,244
1,<environment.Job instance at 0x7f3b6b147820>,104,18,[4 8],105,269,287,164,260
1,<environment.Job instance at 0x7f3b6b1474b0>,107,15,[6 1],108,269,284,161,266
1,<environment.Job instance at 0x7f3b6b147280>,109,13,[4 7],110,287,300,177,274
1,<environment.Job instance at 0x7f3b27c6baf0>,112,14,[5 2],113,284,298,171,276
1,<environment.Job instance at 0x7f3b27b70500>,119,3,[ 4 10],120,300,303,180,295
1,<environment.Job instance at 0x7f3b6b797d20>,120,13,[5 8],121,303,316,182,295
1,<environment.Job instance at 0x7f3b6b797cd0>,124,12,[7 5],125,316,328,191,299
1,<environment.Job instance at 0x7f3b27bb2820>,125,14,[7 5],126,328,342,202,313
1,<environment.Job instance at 0x7f3b27bb2e10>,129,1,[9 3],130,342,343,212,321
1,<environment.Job instance at 0x7f3b27bb25a0>,130,15,[10  5],131,343,358,212,331
1,<environment.Job instance at 0x7f3b72314a50>,131,3,[1 5],132,331,334,199,331
1,<environment.Job instance at 0x7f3b6b0e5280>,3,12,[6 5],4,8,20,4,8
1,<environment.Job instance at 0x7f3b274c4500>,8,2,[7 4],9,20,22,11,9
1,<environment.Job instance at 0x7f3b6b1f2c30>,9,2,[2 6],10,20,22,10,10
1,<environment.Job instance at 0x7f3b274c4af0>,11,2,[6 3],12,22,24,10,12
1,<environment.Job instance at 0x7f3b71dbf190>,12,2,[2 8],13,24,26,11,13
1,<environment.Job instance at 0x7f3b27c5e6e0>,15,2,[8 1],16,24,26,8,16
1,<environment.Job instance at 0x7f3b71dbf2d0>,14,14,[5 3],15,26,40,11,19
1,<environment.Job instance at 0x7f3b72610960>,18,1,[3 6],19,22,23,3,21
1,<environment.Job instance at 0x7f3b6b6e79b0>,17,14,[4 7],18,26,40,8,21
1,<environment.Job instance at 0x7f3b27858c30>,22,14,[3 7],23,40,54,17,25
1,<environment.Job instance at 0x7f3b27c5e140>,13,13,[10  3],14,54,67,40,39
1,<environment.Job instance at 0x7f3b276a7f00>,29,3,[3 5],30,67,70,37,41
1,<environment.Job instance at 0x7f3b276a70f0>,33,13,[6 5],34,67,80,33,53
1,<environment.Job instance at 0x7f3b322f8690>,23,16,[ 5 10],24,80,96,56,67
1,<environment.Job instance at 0x7f3b276a72d0>,41,3,[4 5],42,70,73,28,67
1,<environment.Job instance at 0x7f3b276a7f50>,43,16,[9 5],44,96,112,52,83
1,<environment.Job instance at 0x7f3b6b1a76e0>,49,17,[5 2],50,112,129,62,100
1,<environment.Job instance at 0x7f3b276a71e0>,46,14,[10  3],47,129,143,82,115
1,<environment.Job instance at 0x7f3b6b1a7c30>,55,3,[9 3],56,143,146,87,117
1,<environment.Job instance at 0x7f3b6b1a7370>,57,3,[6 1],58,146,149,88,130
1,<environment.Job instance at 0x7f3b6b1a75a0>,58,12,[ 1 10],59,149,161,90,137
1,<environment.Job instance at 0x7f3b72883be0>,62,12,[7 3],63,161,173,98,145
1,<environment.Job instance at 0x7f3b728839b0>,66,18,[7 3],67,173,191,106,162
1,<environment.Job instance at 0x7f3b2795f3c0>,68,18,[1 5],69,162,180,93,162
1,<environment.Job instance at 0x7f3b274c4a00>,7,16,[8 4],8,191,207,183,180
1,<environment.Job instance at 0x7f3b2795f910>,72,15,[5 5],73,207,222,134,194
1,<environment.Job instance at 0x7f3b2795f6e0>,73,15,[1 5],74,195,210,121,195
1,<environment.Job instance at 0x7f3b2795fdc0>,78,13,[8 5],79,222,235,143,209
1,<environment.Job instance at 0x7f3b6b62c500>,84,17,[5 5],85,235,252,150,223
1,<environment.Job instance at 0x7f3b6b62c1e0>,88,2,[3 8],89,252,254,163,229
1,<environment.Job instance at 0x7f3b6b62c410>,87,15,[1 8],88,254,269,166,241
1,<environment.Job instance at 0x7f3b6b62c4b0>,89,15,[9 1],90,254,269,164,245
1,<environment.Job instance at 0x7f3b7226c910>,96,14,[9 2],97,269,283,172,260
1,<environment.Job instance at 0x7f3b7226c370>,101,1,[7 2],102,283,284,181,271
1,<environment.Job instance at 0x7f3b71d505f0>,103,2,[4 9],104,285,287,181,285
1,<environment.Job instance at 0x7f3b71d50af0>,105,17,[9 3],106,306,323,200,306
1,<environment.Job instance at 0x7f3b720600a0>,109,12,[5 1],110,326,338,216,326
1,<environment.Job instance at 0x7f3b720605a0>,111,13,[7 4],112,338,351,226,329
1,<environment.Job instance at 0x7f3b72060140>,113,3,[8 4],114,351,354,237,330
1,<environment.Job instance at 0x7f3b72060e10>,115,3,[ 1 10],116,354,357,238,331
1,<environment.Job instance at 0x7f3b72060460>,119,15,[5 5],120,357,372,237,356
1,<environment.Job instance at 0x7f3b72060500>,121,3,[2 9],122,372,375,250,358
1,<environment.Job instance at 0x7f3b2749c050>,124,15,[10  1],125,375,390,250,364
1,<environment.Job instance at 0x7f3b2749caf0>,126,14,[2 6],127,390,404,263,375
1,<environment.Job instance at 0x7f3b2749c870>,3,3,[6 1],4,4,7,0,4
1,<environment.Job instance at 0x7f3b6b12c370>,4,14,[5 6],5,7,21,2,5
1,<environment.Job instance at 0x7f3b6b797230>,11,13,[1 7],12,21,34,9,12
1,<environment.Job instance at 0x7f3b27322b40>,12,2,[5 3],13,29,31,16,29
1,<environment.Job instance at 0x7f3b276c6410>,15,2,[5 2],16,31,33,15,29
1,<environment.Job instance at 0x7f3b274040a0>,14,14,[5 3],15,33,47,18,30
1,<environment.Job instance at 0x7f3b27bc8050>,20,1,[2 9],21,47,48,26,46
1,<environment.Job instance at 0x7f3b27b2c0a0>,21,18,[9 3],22,48,66,26,48
1,<environment.Job instance at 0x7f3b71d92a00>,24,13,[4 7],25,66,79,41,53
1,<environment.Job instance at 0x7f3b71d92f00>,27,3,[10  5],28,79,82,51,54
1,<environment.Job instance at 0x7f3b71d92aa0>,23,3,[3 6],24,82,85,58,65
1,<environment.Job instance at 0x7f3b71d92550>,29,14,[1 8],30,85,99,55,71
1,<environment.Job instance at 0x7f3b275047d0>,34,2,[8 4],35,99,101,64,74
1,<environment.Job instance at 0x7f3b6b73a8c0>,37,15,[8 5],38,101,116,63,87
1,<environment.Job instance at 0x7f3b6b5c34b0>,43,14,[6 1],44,116,130,72,101
1,<environment.Job instance at 0x7f3b27b9ecd0>,33,13,[10  4],34,155,168,121,155
1,<environment.Job instance at 0x7f3b6b57a280>,48,2,[6 1],49,172,174,123,172
1,<environment.Job instance at 0x7f3b6b80b730>,53,14,[6 4],54,186,200,132,186
1,<environment.Job instance at 0x7f3b6b80bdc0>,54,3,[ 3 10],55,200,203,145,186
1,<environment.Job instance at 0x7f3b6b80bc30>,55,12,[10  3],56,203,215,147,187
1,<environment.Job instance at 0x7f3b6b80b050>,56,16,[1 7],57,215,231,158,207
1,<environment.Job instance at 0x7f3b6b814d20>,60,12,[4 5],61,231,243,170,214
1,<environment.Job instance at 0x7f3b6b82d6e0>,63,15,[2 8],64,243,258,179,235
1,<environment.Job instance at 0x7f3b6b82df00>,67,13,[ 5 10],68,258,271,190,252
1,<environment.Job instance at 0x7f3b6b82d280>,69,3,[9 3],70,271,274,201,255
1,<environment.Job instance at 0x7f3b7287cf50>,75,1,[3 5],76,274,275,198,258
1,<environment.Job instance at 0x7f3b71be9910>,76,3,[8 4],77,275,278,198,258
1,<environment.Job instance at 0x7f3b6b6510f0>,78,3,[7 1],79,278,281,199,259
1,<environment.Job instance at 0x7f3b71be0550>,79,3,[7 5],80,281,284,201,259
1,<environment.Job instance at 0x7f3b27ca6a50>,80,16,[5 9],81,284,300,203,273
1,<environment.Job instance at 0x7f3b275f7a50>,1,1,[3 9],2,2,3,0,2
1,<environment.Job instance at 0x7f3b27840780>,2,1,[2 9],3,5,6,2,5
1,<environment.Job instance at 0x7f3b6b12c0f0>,9,2,[9 5],10,10,12,0,10
1,<environment.Job instance at 0x7f3b2753d1e0>,3,18,[6 1],4,12,30,8,10
1,<environment.Job instance at 0x7f3b273211e0>,10,1,[8 3],11,30,31,19,12
1,<environment.Job instance at 0x7f3b6b722370>,11,2,[10  3],12,31,33,19,12
1,<environment.Job instance at 0x7f3b71c120a0>,14,2,[7 5],15,33,35,18,15
1,<environment.Job instance at 0x7f3b6b679780>,12,3,[ 4 10],13,35,38,22,15
1,<environment.Job instance at 0x7f3b6b53fcd0>,20,2,[9 2],21,44,46,23,44
1,<environment.Job instance at 0x7f3b71ffcaa0>,23,3,[5 2],24,46,49,22,44
1,<environment.Job instance at 0x7f3b6b679500>,13,15,[8 2],14,49,64,35,44
1,<environment.Job instance at 0x7f3b27960550>,27,2,[4 5],28,46,48,18,46
1,<environment.Job instance at 0x7f3b27960b90>,24,12,[ 1 10],25,64,76,39,48
1,<environment.Job instance at 0x7f3b71c42550>,29,16,[8 4],30,76,92,46,64
1,<environment.Job instance at 0x7f3b27b62b40>,34,16,[3 5],35,92,108,57,79
1,<environment.Job instance at 0x7f3b27387280>,36,12,[1 5],37,80,92,43,80
1,<environment.Job instance at 0x7f3b71cf15a0>,41,12,[7 5],42,92,104,50,80
1,<environment.Job instance at 0x7f3b6b6e7fa0>,43,12,[8 2],44,108,120,64,91
1,<environment.Job instance at 0x7f3b7273c7d0>,47,13,[9 2],48,120,133,72,105
1,<environment.Job instance at 0x7f3b71e71410>,52,12,[9 4],53,133,145,80,117
1,<environment.Job instance at 0x7f3b27598d70>,55,18,[6 4],56,145,163,89,134
1,<environment.Job instance at 0x7f3b720b12d0>,58,13,[7 2],59,163,176,104,148
1,<environment.Job instance at 0x7f3b6b456af0>,60,15,[4 9],61,176,191,115,162
1,<environment.Job instance at 0x7f3b2746c7d0>,66,12,[9 2],67,191,203,124,174
1,<environment.Job instance at 0x7f3b71c42b90>,28,18,[5 9],29,203,221,174,193
1,<environment.Job instance at 0x7f3b2746c230>,74,18,[ 2 10],75,221,239,146,212
1,<environment.Job instance at 0x7f3b27885f00>,81,17,[8 4],82,239,256,157,228
1,<environment.Job instance at 0x7f3b27885e60>,83,18,[10  4],84,256,274,172,245
1,<environment.Job instance at 0x7f3b27885370>,85,12,[1 8],86,274,286,188,257
1,<environment.Job instance at 0x7f3b6b0eee10>,90,16,[10  2],91,286,302,195,276
1,<environment.Job instance at 0x7f3b6b0eec30>,93,16,[1 9],94,302,318,208,291
1,<environment.Job instance at 0x7f3b272dcf50>,6,14,[7 3],7,7,21,0,7
1,<environment.Job instance at 0x7f3b2771fb40>,10,3,[8 1],11,21,24,10,11
1,<environment.Job instance at 0x7f3b7273c910>,3,15,[9 4],4,24,39,20,12
1,<environment.Job instance at 0x7f3b2771fe60>,17,2,[ 1 10],18,39,41,21,21
1,<environment.Job instance at 0x7f3b71f024b0>,18,1,[4 7],19,41,42,22,21
1,<environment.Job instance at 0x7f3b728864b0>,13,12,[10  2],14,42,54,28,26
1,<environment.Job instance at 0x7f3b71f02a50>,21,18,[7 3],22,54,72,32,43
1,<environment.Job instance at 0x7f3b71f021e0>,22,17,[1 7],23,54,71,31,44
1,<environment.Job instance at 0x7f3b71f02960>,23,14,[7 2],24,72,86,48,58
1,<environment.Job instance at 0x7f3b71f02370>,28,12,[10  1],29,86,98,57,69
1,<environment.Job instance at 0x7f3b71f02550>,27,15,[ 3 10],28,98,113,70,85
1,<environment.Job instance at 0x7f3b6b1a7870>,48,3,[8 2],49,113,116,64,103
1,<environment.Job instance at 0x7f3b6b1a76e0>,49,13,[2 6],50,113,126,63,104
1,<environment.Job instance at 0x7f3b6b1a7190>,51,2,[5 3],52,124,126,72,124
1,<environment.Job instance at 0x7f3b6b1a7550>,52,2,[5 5],53,126,128,73,124
1,<environment.Job instance at 0x7f3b71f02dc0>,32,16,[1 7],33,128,144,95,125
1,<environment.Job instance at 0x7f3b6b1a7050>,53,19,[7 1],54,135,154,81,135
1,<environment.Job instance at 0x7f3b6b1a77d0>,56,2,[9 2],57,154,156,97,135
1,<environment.Job instance at 0x7f3b6b1a72d0>,57,2,[4 6],58,156,158,98,135
1,<environment.Job instance at 0x7f3b6b1a79b0>,58,2,[ 5 10],59,158,160,99,135
1,<environment.Job instance at 0x7f3b6b517780>,60,3,[3 7],61,144,147,83,135
1,<environment.Job instance at 0x7f3b6b517c30>,63,2,[2 8],64,147,149,83,136
1,<environment.Job instance at 0x7f3b6b517aa0>,64,3,[5 3],65,160,163,95,136
1,<environment.Job instance at 0x7f3b6b5178c0>,65,1,[4 8],66,163,164,97,136
1,<environment.Job instance at 0x7f3b6b517960>,68,12,[ 4 10],69,164,176,95,158
1,<environment.Job instance at 0x7f3b6b5175f0>,69,2,[9 5],70,176,178,106,159
1,<environment.Job instance at 0x7f3b6b517140>,70,3,[8 2],71,178,181,107,159
1,<environment.Job instance at 0x7f3b6b53f960>,71,15,[9 3],72,181,196,109,172
1,<environment.Job instance at 0x7f3b6b53faa0>,78,16,[1 7],79,190,206,111,190
1,<environment.Job instance at 0x7f3b6b53f320>,80,12,[10  5],81,206,218,125,195
1,<environment.Job instance at 0x7f3b27328460>,90,14,[1 9],91,220,234,129,220
1,<environment.Job instance at 0x7f3b72465f50>,93,3,[4 8],94,234,237,140,222
1,<environment.Job instance at 0x7f3b6b3ddc30>,96,15,[ 1 10],97,237,252,140,226
1,<environment.Job instance at 0x7f3b71f02280>,35,18,[4 5],36,252,270,216,248
1,<environment.Job instance at 0x7f3b6b3ddb90>,107,3,[ 2 10],108,270,273,162,252
1,<environment.Job instance at 0x7f3b6b53fb90>,81,16,[10  1],82,273,289,191,262
1,<environment.Job instance at 0x7f3b6b63a8c0>,113,2,[7 1],114,289,291,175,271
1,<environment.Job instance at 0x7f3b6b57a6e0>,115,13,[9 1],116,291,304,175,276
1,<environment.Job instance at 0x7f3b6b57a500>,118,15,[3 5],119,304,319,185,290
1,<environment.Job instance at 0x7f3b6b57a320>,122,15,[8 3],123,319,334,196,305
1,<environment.Job instance at 0x7f3b6b57a820>,124,12,[2 9],125,334,346,209,317
1,<environment.Job instance at 0x7f3b6b57a410>,126,13,[2 7],127,319,332,192,318
1,<environment.Job instance at 0x7f3b6b57a0a0>,128,14,[2 8],129,346,360,217,333
1,<environment.Job instance at 0x7f3b6b63a5a0>,109,15,[4 9],110,360,375,250,349
1,<environment.Job instance at 0x7f3b6b132be0>,138,3,[10  2],139,375,378,236,369
1,<environment.Job instance at 0x7f3b6b132550>,135,15,[10  4],136,378,393,242,376
1,<environment.Job instance at 0x7f3b728861e0>,0,1,[7 3],1,3,4,2,3
1,<environment.Job instance at 0x7f3b72886280>,2,13,[6 3],3,6,19,3,6
1,<environment.Job instance at 0x7f3b6b6e7dc0>,7,14,[6 1],8,19,33,11,8
1,<environment.Job instance at 0x7f3b6b132550>,5,3,[4 7],6,13,16,7,13
1,<environment.Job instance at 0x7f3b71b76140>,4,14,[5 2],5,33,47,28,20
1,<environment.Job instance at 0x7f3b71b00410>,13,14,[5 4],14,33,47,19,20
1,<environment.Job instance at 0x7f3b272ed280>,18,2,[7 4],19,47,49,28,25
1,<environment.Job instance at 0x7f3b6b2f5190>,8,12,[5 3],9,49,61,40,34
1,<environment.Job instance at 0x7f3b2744ec30>,29,18,[5 2],30,49,67,19,38
1,<environment.Job instance at 0x7f3b71f84aa0>,32,13,[6 1],33,67,80,34,51
1,<environment.Job instance at 0x7f3b71f30280>,35,14,[9 4],36,80,94,44,65
1,<environment.Job instance at 0x7f3b71d31c80>,39,12,[9 5],40,94,106,54,82
1,<environment.Job instance at 0x7f3b27c376e0>,52,13,[5 8],53,106,119,53,91
1,<environment.Job instance at 0x7f3b27c250a0>,60,12,[9 3],61,119,131,58,102
1,<environment.Job instance at 0x7f3b27a050f0>,41,18,[1 7],42,119,137,77,109
1,<environment.Job instance at 0x7f3b27c37870>,54,18,[7 1],55,131,149,76,120
1,<environment.Job instance at 0x7f3b27c25690>,69,12,[3 8],70,137,149,67,131
1,<environment.Job instance at 0x7f3b71c295a0>,72,3,[4 6],73,149,152,76,134
1,<environment.Job instance at 0x7f3b27c25190>,73,2,[1 5],74,152,154,78,134
1,<environment.Job instance at 0x7f3b27c257d0>,65,12,[10  4],66,154,166,88,138
1,<environment.Job instance at 0x7f3b2731cfa0>,78,3,[6 4],79,149,152,70,149
1,<environment.Job instance at 0x7f3b71bf6d20>,80,16,[8 3],81,166,182,85,153
1,<environment.Job instance at 0x7f3b71c20780>,83,13,[ 4 10],84,182,195,98,167
1,<environment.Job instance at 0x7f3b71fe03c0>,87,13,[5 6],88,195,208,107,179
1,<environment.Job instance at 0x7f3b27c25f50>,64,18,[ 4 10],65,208,226,143,198
1,<environment.Job instance at 0x7f3b71c65dc0>,92,3,[6 1],93,226,229,133,200
1,<environment.Job instance at 0x7f3b71c650f0>,94,3,[7 2],95,229,232,134,203
1,<environment.Job instance at 0x7f3b71c65190>,101,14,[8 5],102,232,246,130,217
1,<environment.Job instance at 0x7f3b71fb7460>,91,14,[4 6],92,246,260,154,231
1,<environment.Job instance at 0x7f3b6b570640>,106,3,[10  1],107,260,263,153,240
1,<environment.Job instance at 0x7f3b71c49140>,108,2,[10  3],109,265,267,156,265
1,<environment.Job instance at 0x7f3b71c59b40>,109,1,[2 6],110,267,268,157,265
1,<environment.Job instance at 0x7f3b71c59cd0>,110,18,[5 5],111,268,286,157,265
1,<environment.Job instance at 0x7f3b71c49690>,103,13,[7 2],104,286,299,182,274
1,<environment.Job instance at 0x7f3b71c55a50>,115,2,[8 4],116,299,301,183,274
1,<environment.Job instance at 0x7f3b71c555a0>,118,1,[5 2],119,276,277,157,276
1,<environment.Job instance at 0x7f3b71c559b0>,122,16,[5 5],123,301,317,178,288
1,<environment.Job instance at 0x7f3b71c55820>,123,13,[2 7],124,317,330,193,301
1,<environment.Job instance at 0x7f3b71c556e0>,124,2,[9 3],125,330,332,205,303
1,<environment.Job instance at 0x7f3b6b5bdc80>,127,12,[5 6],128,332,344,204,317
1,<environment.Job instance at 0x7f3b6b5bd9b0>,126,17,[4 9],127,346,363,219,346
1,<environment.Job instance at 0x7f3b6b5bd4b0>,130,13,[1 6],131,363,376,232,357
1,<environment.Job instance at 0x7f3b71c33140>,133,2,[ 4 10],134,376,378,242,357
1,<environment.Job instance at 0x7f3b6b63af50>,4,17,[4 8],5,5,22,0,5
1,<environment.Job instance at 0x7f3b71c33140>,5,2,[1 7],6,22,24,16,6
1,<environment.Job instance at 0x7f3b71f02eb0>,7,14,[9 1],8,22,36,14,8
1,<environment.Job instance at 0x7f3b6b1b4820>,9,2,[4 6],10,36,38,26,12
1,<environment.Job instance at 0x7f3b7223f1e0>,13,3,[ 3 10],14,38,41,24,18
1,<environment.Job instance at 0x7f3b7223f5f0>,12,12,[7 2],13,41,53,28,26
1,<environment.Job instance at 0x7f3b27a54410>,18,1,[7 4],19,53,54,34,31
1,<environment.Job instance at 0x7f3b56afb3c0>,19,3,[ 1 10],20,54,57,34,34
1,<environment.Job instance at 0x7f3b275210f0>,23,12,[6 3],24,57,69,33,41
1,<environment.Job instance at 0x7f3b27521190>,25,3,[4 6],26,57,60,31,41
1,<environment.Job instance at 0x7f3b27521460>,27,3,[6 5],28,69,72,41,50
1,<environment.Job instance at 0x7f3b27acd910>,26,14,[8 2],27,72,86,45,57
1,<environment.Job instance at 0x7f3b27943960>,32,12,[3 6],33,86,98,53,69
1,<environment.Job instance at 0x7f3b6b1e0460>,35,13,[3 7],36,98,111,62,82
1,<environment.Job instance at 0x7f3b722e7410>,41,13,[ 3 10],42,111,124,69,108
1,<environment.Job instance at 0x7f3b274de280>,46,1,[7 2],47,134,135,87,134
1,<environment.Job instance at 0x7f3b2786d3c0>,47,16,[7 4],48,135,151,87,134
1,<environment.Job instance at 0x7f3b2786d1e0>,48,12,[8 2],49,151,163,102,134
1,<environment.Job instance at 0x7f3b2786d500>,50,2,[ 4 10],51,163,165,112,158
1,<environment.Job instance at 0x7f3b2786d280>,52,14,[1 7],53,165,179,112,158
1,<environment.Job instance at 0x7f3b2786d050>,53,1,[1 7],54,158,159,104,158
1,<environment.Job instance at 0x7f3b2786d7d0>,55,3,[4 7],56,179,182,123,161
1,<environment.Job instance at 0x7f3b2786daf0>,56,15,[9 4],57,182,197,125,168
1,<environment.Job instance at 0x7f3b2779e410>,62,18,[5 5],63,197,215,134,186
1,<environment.Job instance at 0x7f3b6b35d410>,63,16,[9 3],64,215,231,151,203
1,<environment.Job instance at 0x7f3b27cbae60>,70,12,[9 5],71,231,243,160,214
1,<environment.Job instance at 0x7f3b279e2be0>,77,12,[5 5],78,243,255,165,226
1,<environment.Job instance at 0x7f3b6b3ddf00>,81,3,[10  4],82,255,258,173,238
1,<environment.Job instance at 0x7f3b6b3dd8c0>,82,3,[ 2 10],83,258,261,175,238
1,<environment.Job instance at 0x7f3b71c138c0>,84,12,[5 5],85,243,255,158,238
1,<environment.Job instance at 0x7f3b274deb40>,44,18,[7 5],45,261,279,216,250
1,<environment.Job instance at 0x7f3b720e7820>,89,15,[3 7],90,279,294,189,265
1,<environment.Job instance at 0x7f3b6b426960>,95,15,[5 5],96,306,321,210,306
1,<environment.Job instance at 0x7f3b6b426550>,96,14,[1 8],97,321,335,224,306
1,<environment.Job instance at 0x7f3b272df320>,101,2,[3 9],102,335,337,233,318
1,<environment.Job instance at 0x7f3b272df5a0>,102,16,[7 5],103,337,353,234,324
1,<environment.Job instance at 0x7f3b272dfa50>,107,3,[5 9],108,353,356,245,351
1,<environment.Job instance at 0x7f3b720e75a0>,86,18,[5 7],87,356,374,269,354
1,<environment.Job instance at 0x7f3b272df640>,114,3,[4 8],115,374,377,259,354
1,<environment.Job instance at 0x7f3b6b35d230>,65,16,[ 5 10],66,377,393,311,364
1,<environment.Job instance at 0x7f3b272df370>,118,17,[7 4],119,393,410,274,381
1,<environment.Job instance at 0x7f3b272df550>,120,2,[10  4],121,410,412,289,383
1,<environment.Job instance at 0x7f3b6b2356e0>,127,12,[7 2],128,412,424,284,395
1,<environment.Job instance at 0x7f3b6b235640>,135,1,[7 4],136,424,425,288,397
1,<environment.Job instance at 0x7f3b277035f0>,4,1,[5 7],5,5,6,0,5
1,<environment.Job instance at 0x7f3b27703780>,5,3,[2 5],6,7,10,1,7
1,<environment.Job instance at 0x7f3b27703be0>,10,14,[5 1],11,11,25,0,11
1,<environment.Job instance at 0x7f3b27703370>,13,1,[10  2],14,25,26,11,16
1,<environment.Job instance at 0x7f3b27703cd0>,14,2,[8 5],15,26,28,11,16
1,<environment.Job instance at 0x7f3b27703910>,17,17,[5 5],18,51,68,33,51
1,<environment.Job instance at 0x7f3b27703d70>,20,1,[9 3],21,75,76,54,75
1,<environment.Job instance at 0x7f3b27703f50>,19,18,[1 5],20,75,93,55,75
1,<environment.Job instance at 0x7f3b71f36e10>,23,13,[6 4],24,76,89,52,76
1,<environment.Job instance at 0x7f3b71f36c30>,25,2,[5 4],26,89,91,63,76
1,<environment.Job instance at 0x7f3b71f364b0>,26,2,[7 5],27,91,93,64,76
1,<environment.Job instance at 0x7f3b273c0b40>,21,14,[10  4],22,93,107,71,78
1,<environment.Job instance at 0x7f3b71f365a0>,34,3,[10  1],35,107,110,72,102
1,<environment.Job instance at 0x7f3b71f36640>,35,1,[10  4],36,110,111,74,102
1,<environment.Job instance at 0x7f3b71f36dc0>,36,1,[1 6],37,111,112,74,102
1,<environment.Job instance at 0x7f3b71f367d0>,37,15,[3 5],38,112,127,74,102
1,<environment.Job instance at 0x7f3b273686e0>,42,17,[4 7],43,127,144,84,125
1,<environment.Job instance at 0x7f3b27368190>,43,18,[2 9],44,144,162,100,133
1,<environment.Job instance at 0x7f3b27368410>,47,12,[3 5],48,162,174,114,146
1,<environment.Job instance at 0x7f3b27368460>,48,3,[6 2],49,162,165,113,146
1,<environment.Job instance at 0x7f3b273681e0>,49,17,[7 1],50,165,182,115,153
1,<environment.Job instance at 0x7f3b27368910>,53,13,[2 7],54,174,187,120,163
1,<environment.Job instance at 0x7f3b27368280>,2,13,[8 4],3,4,17,1,4
1,<environment.Job instance at 0x7f3b6b769f50>,7,12,[5 5],8,17,29,9,10
1,<environment.Job instance at 0x7f3b6b73e960>,10,12,[4 6],11,29,41,18,17
1,<environment.Job instance at 0x7f3b6b76aeb0>,11,1,[8 4],12,41,42,29,18
1,<environment.Job instance at 0x7f3b71ecd8c0>,13,14,[2 7],14,42,56,28,27
1,<environment.Job instance at 0x7f3b7226c410>,17,2,[10  1],18,56,58,38,31
1,<environment.Job instance at 0x7f3b6b73ea00>,9,14,[8 1],10,42,56,32,41
1,<environment.Job instance at 0x7f3b6b24c050>,4,17,[1 5],5,58,75,53,46
1,<environment.Job instance at 0x7f3b272daf50>,28,2,[5 8],29,75,77,46,54
1,<environment.Job instance at 0x7f3b272da460>,29,14,[3 9],30,77,91,47,62
1,<environment.Job instance at 0x7f3b720de190>,24,17,[2 6],25,91,108,66,79
1,<environment.Job instance at 0x7f3b272e18c0>,36,17,[4 9],37,108,125,71,96
1,<environment.Job instance at 0x7f3b272e1c80>,40,13,[9 4],41,125,138,84,112
1,<environment.Job instance at 0x7f3b272e17d0>,37,18,[3 7],38,138,156,100,127
1,<environment.Job instance at 0x7f3b272cc410>,51,3,[7 1],52,142,145,90,142
1,<environment.Job instance at 0x7f3b272cc7d0>,52,17,[8 1],53,156,173,103,144
1,<environment.Job instance at 0x7f3b272cccd0>,54,13,[7 4],55,173,186,118,157
1,<environment.Job instance at 0x7f3b272cc050>,57,16,[5 9],58,186,202,128,173
1,<environment.Job instance at 0x7f3b272e1eb0>,44,15,[ 5 10],45,202,217,157,189
1,<environment.Job instance at 0x7f3b272cc4b0>,61,17,[4 6],62,217,234,155,205
1,<environment.Job instance at 0x7f3b272cc280>,64,14,[10  2],65,234,248,169,221
1,<environment.Job instance at 0x7f3b272d8320>,79,12,[1 5],80,248,260,168,231
1,<environment.Job instance at 0x7f3b272d8af0>,83,17,[6 4],84,248,265,164,246
1,<environment.Job instance at 0x7f3b272d8050>,85,12,[9 4],86,265,277,179,248
1,<environment.Job instance at 0x7f3b27307140>,88,2,[1 6],89,261,263,172,261
1,<environment.Job instance at 0x7f3b27307aa0>,89,3,[9 2],90,277,280,187,261
1,<environment.Job instance at 0x7f3b273075f0>,91,13,[ 5 10],92,280,293,188,264
1,<environment.Job instance at 0x7f3b27307640>,92,3,[9 1],93,293,296,200,267
1,<environment.Job instance at 0x7f3b27307a00>,87,17,[4 8],88,296,313,208,284
1,<environment.Job instance at 0x7f3b272fa3c0>,99,18,[3 7],100,313,331,213,302
1,<environment.Job instance at 0x7f3b272fab40>,105,18,[6 3],106,313,331,207,302
1,<environment.Job instance at 0x7f3b272fae10>,108,18,[5 8],109,331,349,222,321
1,<environment.Job instance at 0x7f3b27300cd0>,113,15,[5 6],114,349,364,235,335
1,<environment.Job instance at 0x7f3b27300c80>,117,14,[10  2],118,364,378,246,349
1,<environment.Job instance at 0x7f622bcd8190>,2,12,[5 4],3,3,15,0,3
1,<environment.Job instance at 0x7f622bcd8230>,5,13,[5 9],6,15,28,9,8
1,<environment.Job instance at 0x7f62248c9640>,8,17,[ 2 10],9,28,45,19,16
1,<environment.Job instance at 0x7f62248c97d0>,11,2,[3 9],12,45,47,33,25
1,<environment.Job instance at 0x7f62248c9780>,12,3,[6 3],13,47,50,34,25
1,<environment.Job instance at 0x7f62248c9a00>,13,13,[1 8],14,50,63,36,34
1,<environment.Job instance at 0x7f62248c9b40>,15,3,[10  2],16,63,66,47,37
1,<environment.Job instance at 0x7f62248c9b90>,16,12,[1 8],17,66,78,49,50
1,<environment.Job instance at 0x7f62248c9820>,9,17,[ 4 10],10,78,95,68,66
1,<environment.Job instance at 0x7f62248ca230>,24,3,[5 9],25,95,98,70,74
1,<environment.Job instance at 0x7f62248ca280>,27,2,[6 4],28,98,100,70,74
1,<environment.Job instance at 0x7f62248ca640>,31,17,[4 9],32,100,117,68,88
1,<environment.Job instance at 0x7f62248ca960>,35,16,[8 1],36,117,133,81,104
1,<environment.Job instance at 0x7f62248cad20>,38,12,[3 6],39,133,145,94,116
1,<environment.Job instance at 0x7f62248cadc0>,41,14,[6 1],42,133,147,91,128
1,<environment.Job instance at 0x7f62248caf00>,42,14,[8 4],43,147,161,104,132
1,<environment.Job instance at 0x7f622bcd8280>,0,18,[ 2 10],1,161,179,160,152
1,<environment.Job instance at 0x7f62248ce280>,48,13,[6 1],49,179,192,130,163
1,<environment.Job instance at 0x7f6224985460>,2,16,[6 2],3,3,19,0,3
1,<environment.Job instance at 0x7f62248d5820>,3,1,[5 6],4,19,20,15,4
1,<environment.Job instance at 0x7f6224985b40>,4,2,[8 5],5,20,22,15,5
1,<environment.Job instance at 0x7f62248e3140>,5,14,[3 8],6,22,36,16,9
1,<environment.Job instance at 0x7f62248e3aa0>,10,12,[6 3],11,36,48,25,19
1,<environment.Job instance at 0x7f6224985280>,0,13,[2 6],1,36,49,35,20
1,<environment.Job instance at 0x7f62248e4690>,21,14,[5 3],22,48,62,26,33
1,<environment.Job instance at 0x7f62248e49b0>,23,12,[1 7],24,49,61,25,33
1,<environment.Job instance at 0x7f62248e95a0>,26,1,[7 4],27,62,63,35,41
1,<environment.Job instance at 0x7f62248e9d70>,28,14,[4 7],29,63,77,34,48
1,<environment.Job instance at 0x7f62248e9870>,30,12,[2 5],31,77,89,46,64
1,<environment.Job instance at 0x7f62248e3a00>,7,17,[3 8],8,89,106,81,77
1,<environment.Job instance at 0x7f62248ec280>,37,2,[9 3],38,106,108,68,79
1,<environment.Job instance at 0x7f62248ec640>,39,17,[9 2],40,108,125,68,96
1,<environment.Job instance at 0x7f62248ec690>,38,14,[8 5],39,125,139,86,111
1,<environment.Job instance at 0x7f62248eb730>,35,17,[10  5],36,139,156,103,137
1,<environment.Job instance at 0x7f61e0b48370>,56,13,[5 1],57,156,169,99,140
1,<environment.Job instance at 0x7f61e0cc5e60>,60,17,[2 9],61,161,178,100,161
1,<environment.Job instance at 0x7f61e0b480a0>,52,14,[9 2],53,178,192,125,166
1,<environment.Job instance at 0x7f61e0ccd410>,66,16,[7 2],67,192,208,125,179
1,<environment.Job instance at 0x7f61e0c4ee10>,73,15,[5 6],74,208,223,134,194
1,<environment.Job instance at 0x7f61e0c4e3c0>,75,17,[3 5],76,223,240,147,217
1,<environment.Job instance at 0x7f61e0c4e5a0>,79,12,[5 4],80,222,234,142,222
1,<environment.Job instance at 0x7f61e0c4e910>,80,15,[7 4],81,234,249,153,222
1,<environment.Job instance at 0x7f61e0c4edc0>,81,13,[3 6],82,240,253,158,224
1,<environment.Job instance at 0x7f61e0c4e050>,83,12,[3 8],84,253,265,169,237
1,<environment.Job instance at 0x7f61e0c511e0>,84,14,[8 5],85,265,279,180,250
1,<environment.Job instance at 0x7f61e0b4a6e0>,44,17,[10  5],45,279,296,234,268
1,<environment.Job instance at 0x7f61e0c501e0>,91,16,[7 4],92,296,312,204,283
1,<environment.Job instance at 0x7f61e0c505a0>,94,15,[9 5],95,312,327,217,298
1,<environment.Job instance at 0x7f61e0c50320>,98,12,[9 2],99,327,339,228,310
1,<environment.Job instance at 0x7f61e0cc65f0>,102,13,[2 5],103,339,352,236,323
1,<environment.Job instance at 0x7f61e0cc6320>,103,14,[3 5],104,339,353,235,324
1,<environment.Job instance at 0x7f61e0c77be0>,109,12,[1 8],110,353,365,243,336
1,<environment.Job instance at 0x7f6224811050>,114,18,[10  2],115,365,383,250,359
1,<environment.Job instance at 0x7f61e0b53b90>,118,21,[5 1],119,383,404,264,376
1,<environment.Job instance at 0x7f61e0b116e0>,9,1,[8 5],10,19,20,9,19
1,<environment.Job instance at 0x7f61e0b11d20>,10,14,[2 8],11,25,39,14,25
1,<environment.Job instance at 0x7f61e0b11aa0>,12,2,[7 1],13,30,32,17,30
1,<environment.Job instance at 0x7f61e0b11500>,13,2,[3 5],14,39,41,25,30
1,<environment.Job instance at 0x7f61e0b1c9b0>,17,14,[7 1],18,32,46,14,30
1,<environment.Job instance at 0x7f61e0b1c8c0>,18,3,[5 1],19,46,49,27,30
1,<environment.Job instance at 0x7f61e0b1c690>,19,17,[4 8],20,46,63,26,35
1,<environment.Job instance at 0x7f61e0b1c5a0>,20,14,[ 3 10],21,63,77,42,48
1,<environment.Job instance at 0x7f6224acdb90>,26,15,[6 2],27,77,92,50,63
1,<environment.Job instance at 0x7f61e0b36230>,28,2,[1 7],29,77,79,48,72
1,<environment.Job instance at 0x7f6224684b40>,29,3,[8 4],30,92,95,62,72
1,<environment.Job instance at 0x7f6224a42d20>,30,13,[ 4 10],31,95,108,64,82
1,<environment.Job instance at 0x7f61e0b128c0>,33,13,[2 5],34,108,121,74,92
1,<environment.Job instance at 0x7f61e0b11820>,14,16,[8 3],15,108,124,93,102
1,<environment.Job instance at 0x7f622475ffa0>,39,16,[1 7],40,121,137,81,108
1,<environment.Job instance at 0x7f61e10d35f0>,5,18,[9 5],6,137,155,131,127
1,<environment.Job instance at 0x7f61e0b94af0>,44,12,[3 5],45,155,167,110,138
1,<environment.Job instance at 0x7f61e0bfbd70>,51,14,[3 6],52,167,181,115,152
1,<environment.Job instance at 0x7f61e0bfbe10>,52,15,[7 3],53,155,170,102,152
1,<environment.Job instance at 0x7f622be40aa0>,54,12,[2 9],55,181,193,126,164
1,<environment.Job instance at 0x7f61e0ca7370>,56,15,[10  5],57,198,213,141,198
1,<environment.Job instance at 0x7f622be40cd0>,57,16,[ 3 10],58,213,229,155,200
1,<environment.Job instance at 0x7f61e0ca7aa0>,62,2,[1 5],63,229,231,166,216
1,<environment.Job instance at 0x7f61e0ca72d0>,63,12,[8 5],64,229,241,165,216
1,<environment.Job instance at 0x7f6224a4d820>,65,12,[2 5],66,231,243,165,231
1,<environment.Job instance at 0x7f61e0ca7230>,66,3,[2 7],67,243,246,176,231
1,<environment.Job instance at 0x7f6224a46640>,67,13,[ 1 10],68,246,259,178,231
1,<environment.Job instance at 0x7f61e0bf6370>,71,18,[3 8],72,259,277,187,248
1,<environment.Job instance at 0x7f622bd00730>,78,14,[3 6],79,277,291,198,272
1,<environment.Job instance at 0x7f622be4beb0>,79,3,[9 2],80,291,294,211,272
1,<environment.Job instance at 0x7f622be4ba50>,80,18,[4 8],81,294,312,213,284
1,<environment.Job instance at 0x7f62246469b0>,85,18,[ 3 10],86,312,330,226,303
1,<environment.Job instance at 0x7f622468d3c0>,90,12,[1 5],91,330,342,239,313
1,<environment.Job instance at 0x7f6224d8e050>,97,20,[5 2],98,330,350,232,326
1,<environment.Job instance at 0x7f61e0b12e10>,0,1,[2 9],1,2,3,1,2
1,<environment.Job instance at 0x7f61e0b12d70>,1,3,[9 3],2,4,7,2,4
1,<environment.Job instance at 0x7f61e0eaf050>,7,2,[5 2],8,8,10,0,8
1,<environment.Job instance at 0x7f622be3dc80>,9,3,[8 5],10,10,13,0,10
1,<environment.Job instance at 0x7f61e0f275a0>,3,13,[9 5],4,13,26,9,10
1,<environment.Job instance at 0x7f61e0f2f910>,15,1,[3 6],16,26,27,10,16
1,<environment.Job instance at 0x7f61e0f2ff00>,16,15,[ 5 10],17,27,42,10,17
1,<environment.Job instance at 0x7f61e0f2f960>,18,2,[7 3],19,42,44,23,24
1,<environment.Job instance at 0x7f61e0f2f730>,20,2,[6 5],21,44,46,23,27
1,<environment.Job instance at 0x7f61e0f2f230>,19,14,[2 6],20,46,60,26,31
1,<environment.Job instance at 0x7f61e0b11140>,22,12,[4 9],23,60,72,37,43
1,<environment.Job instance at 0x7f61e117deb0>,25,14,[7 3],26,72,86,46,57
1,<environment.Job instance at 0x7f622b5d4870>,30,1,[10  3],31,86,87,55,62
1,<environment.Job instance at 0x7f62249a4370>,32,3,[1 7],33,80,83,47,80
1,<environment.Job instance at 0x7f622b6a8eb0>,33,3,[9 4],34,87,90,53,80
1,<environment.Job instance at 0x7f622b860820>,21,14,[1 9],22,90,104,68,82
1,<environment.Job instance at 0x7f6224a4de60>,36,14,[8 1],37,90,104,53,82
1,<environment.Job instance at 0x7f6224b26a50>,42,17,[2 5],43,104,121,61,97
1,<environment.Job instance at 0x7f622b1330f0>,44,2,[4 9],45,121,123,76,97
1,<environment.Job instance at 0x7f6224b26280>,45,2,[7 5],46,104,106,58,97
1,<environment.Job instance at 0x7f6224afaf50>,40,14,[ 4 10],41,123,137,82,110
1,<environment.Job instance at 0x7f622498bc80>,47,18,[6 2],48,137,155,89,126
1,<environment.Job instance at 0x7f622b25c4b0>,52,3,[ 3 10],53,155,158,102,140
1,<environment.Job instance at 0x7f622b25cd20>,53,15,[6 5],54,158,173,104,144
1,<environment.Job instance at 0x7f6224951eb0>,59,3,[3 6],60,144,147,84,144
1,<environment.Job instance at 0x7f62249d8f50>,60,3,[7 3],61,173,176,112,147
1,<environment.Job instance at 0x7f622490a870>,62,12,[3 8],63,176,188,113,160
1,<environment.Job instance at 0x7f622490a4b0>,65,16,[4 5],66,188,204,122,175
1,<environment.Job instance at 0x7f622b244f00>,70,18,[4 6],71,204,222,133,193
1,<environment.Job instance at 0x7f6224951550>,61,17,[5 7],62,222,239,160,211
1,<environment.Job instance at 0x7f622b244eb0>,76,14,[ 5 10],77,239,253,162,224
1,<environment.Job instance at 0x7f6224a1bf50>,80,1,[6 5],81,253,254,172,238
1,<environment.Job instance at 0x7f6224a1b960>,81,14,[5 4],82,254,268,172,239
1,<environment.Job instance at 0x7f62249cecd0>,87,12,[5 5],88,268,280,180,268
1,<environment.Job instance at 0x7f6224cf7c30>,88,15,[5 9],89,280,295,191,268
1,<environment.Job instance at 0x7f62248b8af0>,91,12,[5 9],92,295,307,203,279
1,<environment.Job instance at 0x7f6224684370>,94,12,[4 7],95,307,319,212,294
1,<environment.Job instance at 0x7f6224d74d70>,96,14,[10  4],97,319,333,222,313
1,<environment.Job instance at 0x7f61e0f52280>,0,18,[8 1],1,9,27,8,9
1,<environment.Job instance at 0x7f61e0f075a0>,9,2,[ 4 10],10,27,29,17,10
1,<environment.Job instance at 0x7f622497a5f0>,7,17,[3 5],8,29,46,21,17
1,<environment.Job instance at 0x7f62249363c0>,13,17,[5 3],14,29,46,15,20
1,<environment.Job instance at 0x7f6224936640>,15,13,[8 5],16,46,59,30,31
1,<environment.Job instance at 0x7f6224936af0>,17,14,[2 5],18,46,60,28,32
1,<environment.Job instance at 0x7f62249360a0>,18,16,[6 5],19,59,75,40,46
1,<environment.Job instance at 0x7f62248ff0a0>,26,15,[9 1],27,75,90,48,61
1,<environment.Job instance at 0x7f62248ff230>,29,13,[1 8],30,75,88,45,65
1,<environment.Job instance at 0x7f622492c140>,31,13,[6 5],32,90,103,58,74
1,<environment.Job instance at 0x7f62248c2640>,38,17,[7 2],39,103,120,64,91
1,<environment.Job instance at 0x7f62248c2140>,40,15,[5 6],41,120,135,79,106
1,<environment.Job instance at 0x7f61e0b12b90>,12,15,[10  1],13,135,150,122,121
1,<environment.Job instance at 0x7f62249110f0>,47,15,[10  1],48,150,165,102,136
1,<environment.Job instance at 0x7f622b64a690>,51,2,[5 7],52,165,167,113,146
1,<environment.Job instance at 0x7f622b64a7d0>,52,1,[4 6],53,167,168,114,146
1,<environment.Job instance at 0x7f61e0ee76e0>,54,12,[3 5],55,168,180,113,156
1,<environment.Job instance at 0x7f622b64a5f0>,55,3,[9 2],56,180,183,124,156
1,<environment.Job instance at 0x7f61e118d5a0>,57,3,[10  4],58,183,186,125,157
1,<environment.Job instance at 0x7f61e1182f50>,63,13,[7 5],64,186,199,122,170
1,<environment.Job instance at 0x7f62247500a0>,66,14,[1 7],67,199,213,132,184
1,<environment.Job instance at 0x7f61e1180eb0>,69,16,[5 3],70,199,215,129,186
1,<environment.Job instance at 0x7f61e1154f00>,73,16,[8 5],74,215,231,141,202
1,<environment.Job instance at 0x7f61e115eb40>,76,15,[10  4],77,231,246,154,217
1,<environment.Job instance at 0x7f61e115e640>,80,14,[1 8],81,246,260,165,232
1,<environment.Job instance at 0x7f61e115ef00>,83,13,[5 1],84,246,259,162,235
1,<environment.Job instance at 0x7f61e1164230>,86,12,[1 5],87,260,272,173,243
1,<environment.Job instance at 0x7f61e116a370>,92,15,[6 2],93,259,274,166,249
1,<environment.Job instance at 0x7f61e116a4b0>,93,3,[10  3],94,274,277,180,249
1,<environment.Job instance at 0x7f61e115e730>,78,17,[3 9],79,277,294,198,265
1,<environment.Job instance at 0x7f61e11800a0>,70,18,[ 5 10],71,294,312,223,285
1,<environment.Job instance at 0x7f61e118c8c0>,104,17,[5 1],105,312,329,207,300
1,<environment.Job instance at 0x7f61e116a230>,89,17,[1 9],90,312,329,222,300
1,<environment.Job instance at 0x7f61e1185fa0>,107,12,[7 2],108,329,341,221,313
1,<environment.Job instance at 0x7f61e1185e60>,109,12,[4 6],110,341,353,231,324
1,<environment.Job instance at 0x7f61e1185140>,110,13,[5 3],111,341,354,230,325
1,<environment.Job instance at 0x7f61e116aeb0>,99,18,[ 5 10],100,354,372,254,344
1,<environment.Job instance at 0x7f61e0ef7960>,117,15,[4 6],118,372,387,254,358
1,<environment.Job instance at 0x7f62249ca640>,5,12,[10  1],6,8,20,2,8
1,<environment.Job instance at 0x7f62249ca4b0>,7,14,[ 4 10],8,20,34,12,9
1,<environment.Job instance at 0x7f6224dba960>,11,12,[5 5],12,34,46,22,19
1,<environment.Job instance at 0x7f6224dbab40>,13,13,[7 4],14,46,59,32,31
1,<environment.Job instance at 0x7f6224dba870>,18,17,[9 5],19,59,76,40,48
1,<environment.Job instance at 0x7f6224dba730>,23,13,[5 5],24,76,89,52,60
1,<environment.Job instance at 0x7f6224dba5f0>,28,3,[2 6],29,89,92,60,63
1,<environment.Job instance at 0x7f6224dba5a0>,30,2,[3 9],31,92,94,61,71
1,<environment.Job instance at 0x7f62249bcf50>,31,2,[7 1],32,89,91,57,71
1,<environment.Job instance at 0x7f62249bc7d0>,35,12,[8 5],36,94,106,58,81
1,<environment.Job instance at 0x7f62249bc190>,37,3,[7 5],38,106,109,68,84
1,<environment.Job instance at 0x7f62249bcdc0>,40,13,[5 3],41,109,122,68,94
1,<environment.Job instance at 0x7f62249bcd20>,38,17,[3 7],39,109,126,70,98
1,<environment.Job instance at 0x7f622b56faa0>,47,2,[7 2],48,122,124,74,103
1,<environment.Job instance at 0x7f622b1ec4b0>,43,12,[7 4],44,126,138,82,109
1,<environment.Job instance at 0x7f622b1ec730>,41,17,[2 7],42,138,155,96,126
1,<environment.Job instance at 0x7f622b56f050>,54,16,[5 5],55,155,171,100,142
1,<environment.Job instance at 0x7f622b56f4b0>,56,13,[3 9],57,171,184,114,157
1,<environment.Job instance at 0x7f622b1dbb90>,61,3,[1 9],62,184,187,122,161
1,<environment.Job instance at 0x7f622b1db5f0>,62,13,[9 4],63,187,200,124,171
1,<environment.Job instance at 0x7f622b1dbaf0>,66,13,[5 5],67,200,213,133,190
1,<environment.Job instance at 0x7f61e11c2730>,73,1,[10  1],74,213,214,139,207
1,<environment.Job instance at 0x7f61e11c2cd0>,75,18,[5 5],76,214,232,138,207
1,<environment.Job instance at 0x7f61e11c2050>,76,2,[5 9],77,232,234,155,207
1,<environment.Job instance at 0x7f61e11c2c80>,77,2,[10  3],78,234,236,156,207
1,<environment.Job instance at 0x7f622b1db5a0>,59,18,[9 5],60,236,254,176,235
1,<environment.Job instance at 0x7f61e0c87690>,83,18,[7 1],84,254,272,170,243
1,<environment.Job instance at 0x7f61e0c87410>,86,18,[8 3],87,272,290,185,261
1,<environment.Job instance at 0x7f61e0c870a0>,84,14,[9 1],85,290,304,205,275
1,<environment.Job instance at 0x7f622b480eb0>,95,18,[1 8],96,290,308,194,285
1,<environment.Job instance at 0x7f6224d6b0a0>,96,13,[9 3],97,308,321,211,292
1,<environment.Job instance at 0x7f61e0c874b0>,93,14,[3 6],94,321,335,227,307
1,<environment.Job instance at 0x7f622b4655f0>,100,14,[1 5],101,335,349,234,320
1,<environment.Job instance at 0x7f622b551f00>,104,13,[2 6],105,349,362,244,333
1,<environment.Job instance at 0x7f6224d69b90>,106,18,[7 4],107,346,364,239,346
1,<environment.Job instance at 0x7f61e11af690>,108,14,[1 7],109,364,378,255,349
1,<environment.Job instance at 0x7f622b7b2d20>,4,3,[4 5],5,7,10,2,7
1,<environment.Job instance at 0x7f62246e5d70>,6,3,[5 8],7,10,13,3,8
1,<environment.Job instance at 0x7f6224ac41e0>,8,3,[6 1],9,13,16,4,11
1,<environment.Job instance at 0x7f62246d8730>,9,3,[8 2],10,20,23,10,20
1,<environment.Job instance at 0x7f61e0c75190>,14,3,[2 7],15,20,23,5,20
1,<environment.Job instance at 0x7f6224786e60>,12,3,[5 9],13,23,26,10,20
1,<environment.Job instance at 0x7f62246e54b0>,5,18,[9 2],6,26,44,20,21
1,<environment.Job instance at 0x7f61e0c75be0>,16,12,[3 9],17,44,56,27,42
1,<environment.Job instance at 0x7f61e0c75f50>,20,15,[2 8],21,56,71,35,42
1,<environment.Job instance at 0x7f61e0f25cd0>,26,1,[7 4],27,71,72,44,45
1,<environment.Job instance at 0x7f61e0c75c30>,19,18,[6 1],20,46,64,26,46
1,<environment.Job instance at 0x7f6224b746e0>,28,3,[2 7],29,72,75,43,46
1,<environment.Job instance at 0x7f622b14ce60>,32,1,[5 1],33,64,65,31,62
1,<environment.Job instance at 0x7f6224be9050>,30,15,[4 7],31,75,90,44,62
1,<environment.Job instance at 0x7f61e0ce0dc0>,41,12,[3 7],42,90,102,48,74
1,<environment.Job instance at 0x7f6224d69140>,42,15,[ 2 10],43,102,117,59,88
1,<environment.Job instance at 0x7f622b72bd20>,50,3,[5 3],51,117,120,66,106
1,<environment.Job instance at 0x7f6224649f50>,29,18,[2 7],30,117,135,87,108
1,<environment.Job instance at 0x7f622b72bb90>,54,15,[4 8],55,135,150,80,121
1,<environment.Job instance at 0x7f622b72b230>,55,1,[ 2 10],56,150,151,94,122
1,<environment.Job instance at 0x7f622b72bc30>,53,14,[ 4 10],54,151,165,97,138
1,<environment.Job instance at 0x7f622b6fcdc0>,62,3,[1 8],63,165,168,102,139
1,<environment.Job instance at 0x7f622b138aa0>,64,3,[1 5],65,168,171,103,146
1,<environment.Job instance at 0x7f622b138640>,65,15,[3 5],66,168,183,102,154
1,<environment.Job instance at 0x7f622b138410>,66,3,[7 4],67,171,174,104,154
1,<environment.Job instance at 0x7f61e0b6ce60>,70,2,[10  5],71,183,185,112,165
1,<environment.Job instance at 0x7f622b1066e0>,71,3,[9 1],72,165,168,93,165
1,<environment.Job instance at 0x7f6224b98050>,72,13,[9 1],73,185,198,112,170
1,<environment.Job instance at 0x7f61e10c2b90>,75,12,[2 8],76,198,210,122,181
1,<environment.Job instance at 0x7f61e0b6c8c0>,67,13,[9 1],68,210,223,142,195
1,<environment.Job instance at 0x7f622b2e32d0>,79,15,[2 6],80,223,238,143,209
1,<environment.Job instance at 0x7f6224a74d20>,82,13,[2 9],83,238,251,155,222
1,<environment.Job instance at 0x7f61e0b6ff00>,84,3,[4 5],85,251,254,166,225
1,<environment.Job instance at 0x7f622b6fca50>,59,17,[ 1 10],60,254,271,194,242
1,<environment.Job instance at 0x7f6224abf7d0>,94,18,[10  2],95,271,289,176,260
1,<environment.Job instance at 0x7f6224abf8c0>,95,3,[5 6],96,289,292,193,263
1,<environment.Job instance at 0x7f6224abf230>,98,18,[5 8],99,292,310,193,281
1,<environment.Job instance at 0x7f6224abf500>,103,14,[ 5 10],104,310,324,206,295
1,<environment.Job instance at 0x7f6224980410>,108,15,[5 8],109,324,339,215,310
1,<environment.Job instance at 0x7f6224980a50>,112,12,[10  4],113,339,351,226,322
1,<environment.Job instance at 0x7f62247e3280>,119,15,[6 2],120,351,366,231,338
1,<environment.Job instance at 0x7f62247e3d70>,121,15,[5 4],122,366,381,244,352
1,<environment.Job instance at 0x7f62247e3500>,124,17,[2 5],125,361,378,236,361
1,<environment.Job instance at 0x7f61e0d38690>,126,15,[3 5],127,378,393,251,364
1,<environment.Job instance at 0x7f61e0d38c80>,128,2,[7 5],129,381,383,252,378
1,<environment.Job instance at 0x7f61e0d38e60>,130,12,[10  1],131,393,405,262,378
1,<environment.Job instance at 0x7f61e0d384b0>,133,12,[10  1],134,405,417,271,392
1,<environment.Job instance at 0x7f61e0d387d0>,134,17,[1 9],135,417,434,282,405
1,<environment.Job instance at 0x7f61e0d38640>,141,13,[7 4],142,434,447,292,426
1,<environment.Job instance at 0x7f61e0d380f0>,143,1,[8 5],144,591,592,447,591
1,<environment.Job instance at 0x7f6224d5d3c0>,145,3,[7 5],146,592,595,446,591
1,<environment.Job instance at 0x7f6224d5d0f0>,146,17,[2 6],147,595,612,448,591
1,<environment.Job instance at 0x7f61e0d388c0>,147,12,[2 8],148,612,624,464,595
1,<environment.Job instance at 0x7f622b811cd0>,0,13,[2 6],1,5,18,4,5
1,<environment.Job instance at 0x7f6224ccff00>,5,1,[5 9],6,18,19,12,6
1,<environment.Job instance at 0x7f622b5a9550>,9,13,[6 4],10,19,32,9,10
1,<environment.Job instance at 0x7f62248b3460>,12,2,[3 6],13,29,31,16,29
1,<environment.Job instance at 0x7f622bc0cb90>,8,12,[9 3],9,32,44,23,29
1,<environment.Job instance at 0x7f61e11b1500>,16,1,[6 3],17,44,45,27,29
1,<environment.Job instance at 0x7f622b4f2190>,14,12,[9 1],15,45,57,30,29
1,<environment.Job instance at 0x7f622b233870>,17,17,[1 9],18,45,62,27,33
1,<environment.Job instance at 0x7f622b8a7870>,21,14,[5 8],22,62,76,40,49
1,<environment.Job instance at 0x7f622b8a7e60>,23,3,[8 2],24,76,79,52,51
1,<environment.Job instance at 0x7f6224b2fe60>,15,15,[3 9],16,79,94,63,65
1,<environment.Job instance at 0x7f622481d820>,29,15,[10  2],30,94,109,64,80
1,<environment.Job instance at 0x7f622481ddc0>,34,16,[7 4],35,109,125,74,97
1,<environment.Job instance at 0x7f622481d230>,35,3,[10  4],36,125,128,89,100
1,<environment.Job instance at 0x7f622b71baf0>,24,17,[7 2],25,128,145,103,116
1,<environment.Job instance at 0x7f6224b3c4b0>,42,14,[4 6],43,145,159,102,133
1,<environment.Job instance at 0x7f622481dd20>,43,17,[9 1],44,159,176,115,147
1,<environment.Job instance at 0x7f61e0b18d20>,48,2,[3 6],49,176,178,127,149
1,<environment.Job instance at 0x7f61e0b18280>,47,1,[10  4],48,178,179,130,152
1,<environment.Job instance at 0x7f61e0b18d70>,50,15,[5 5],51,179,194,128,165
1,<environment.Job instance at 0x7f61e0d86820>,54,15,[10  2],55,194,209,139,181
1,<environment.Job instance at 0x7f61e0d86cd0>,61,3,[1 8],62,209,212,147,185
1,<environment.Job instance at 0x7f61e0d86e10>,63,3,[3 8],64,212,215,148,203
1,<environment.Job instance at 0x7f61e0d86eb0>,64,12,[9 1],65,215,227,150,203
1,<environment.Job instance at 0x7f61e0d6f230>,68,2,[6 3],69,227,229,158,207
1,<environment.Job instance at 0x7f61e0d6f550>,70,12,[5 6],71,229,241,158,212
1,<environment.Job instance at 0x7f61e0d6f0a0>,66,14,[6 4],67,241,255,174,226
1,<environment.Job instance at 0x7f61e0d6f5a0>,73,1,[2 6],74,227,228,153,226
1,<environment.Job instance at 0x7f61e0d6f8c0>,76,18,[6 4],77,255,273,178,245
1,<environment.Job instance at 0x7f61e0d6faa0>,79,3,[1 7],80,273,276,193,252
1,<environment.Job instance at 0x7f61e0d6fe60>,82,14,[ 4 10],83,276,290,193,262
1,<environment.Job instance at 0x7f61e0d6ffa0>,84,3,[10  5],85,290,293,205,264
1,<environment.Job instance at 0x7f61e0d6fdc0>,86,12,[8 4],87,293,305,206,278
1,<environment.Job instance at 0x7f61e0d793c0>,91,15,[8 4],92,305,320,213,292
1,<environment.Job instance at 0x7f61e0d79320>,93,16,[2 6],94,302,318,208,302
1,<environment.Job instance at 0x7f61e0d79500>,94,2,[6 1],95,320,322,225,303
1,<environment.Job instance at 0x7f61e0d795a0>,95,17,[5 3],96,322,339,226,311
1,<environment.Job instance at 0x7f61e0d79640>,96,12,[2 7],97,320,332,223,311
1,<environment.Job instance at 0x7f61e0d790a0>,87,16,[1 8],88,339,355,251,326
1,<environment.Job instance at 0x7f61e0d79c80>,104,13,[2 8],105,355,368,250,339
1,<environment.Job instance at 0x7f61e0d79fa0>,108,3,[10  2],109,368,371,259,344
1,<environment.Job instance at 0x7f61e0d811e0>,112,18,[7 4],113,371,389,258,364
1,<environment.Job instance at 0x7f61e0d81280>,113,14,[ 2 10],114,389,403,275,375
1,<environment.Job instance at 0x7f61e0d813c0>,115,2,[3 9],116,403,405,287,376
1,<environment.Job instance at 0x7f61e0d815a0>,117,1,[8 1],118,405,406,287,378
1,<environment.Job instance at 0x7f61e0d819b0>,120,2,[8 4],121,406,408,285,382
1,<environment.Job instance at 0x7f61e0d81af0>,122,14,[ 2 10],123,408,422,285,393
1,<environment.Job instance at 0x7f61e0d81c30>,124,13,[10  5],125,422,435,297,410
1,<environment.Job instance at 0x7f61e0d81f50>,129,1,[9 4],130,435,436,305,418
1,<environment.Job instance at 0x7f61e0d81f00>,130,18,[9 2],131,436,454,305,425
1,<environment.Job instance at 0x7f61e0d58280>,135,14,[4 8],136,454,468,318,439
1,<environment.Job instance at 0x7f61e0d58500>,139,16,[10  5],140,468,484,328,455
1,<environment.Job instance at 0x7f61e0d585a0>,140,12,[4 8],141,484,496,343,467
1,<environment.Job instance at 0x7f61e0d586e0>,142,1,[1 8],143,496,497,353,468
1,<environment.Job instance at 0x7f61e0d58820>,144,2,[3 6],145,497,499,352,486
1,<environment.Job instance at 0x7f61e0d79a50>,109,17,[5 7],110,499,516,389,487
1,<environment.Job instance at 0x7f622b2e9320>,4,3,[9 3],5,5,8,0,5
1,<environment.Job instance at 0x7f622b2e9500>,3,13,[8 4],4,8,21,4,6
1,<environment.Job instance at 0x7f622b1a4500>,5,16,[7 3],6,21,37,15,8
1,<environment.Job instance at 0x7f6224c086e0>,13,3,[ 4 10],14,37,40,23,21
1,<environment.Job instance at 0x7f6224c08910>,14,3,[10  2],15,40,43,25,22
1,<environment.Job instance at 0x7f622b1a4be0>,12,16,[5 4],13,43,59,30,30
1,<environment.Job instance at 0x7f6224c08460>,19,14,[5 1],20,43,57,23,32
1,<environment.Job instance at 0x7f62248259b0>,23,3,[6 2],24,59,62,35,42
1,<environment.Job instance at 0x7f6224920d20>,24,1,[7 4],25,62,63,37,42
1,<environment.Job instance at 0x7f6224920550>,25,3,[9 2],26,63,66,37,42
1,<environment.Job instance at 0x7f6224920a50>,27,3,[8 1],28,66,69,38,46
1,<environment.Job instance at 0x7f62248ada50>,28,3,[10  4],29,69,72,40,48
1,<environment.Job instance at 0x7f61e10c90a0>,20,17,[9 2],21,72,89,51,61
1,<environment.Job instance at 0x7f61e1039dc0>,34,1,[5 5],35,89,90,54,73
1,<environment.Job instance at 0x7f622bc14fa0>,35,14,[5 7],36,90,104,54,75
1,<environment.Job instance at 0x7f622b8a9c80>,36,16,[9 2],37,104,120,67,92
1,<environment.Job instance at 0x7f61e11fbbe0>,42,12,[1 9],43,120,132,77,104
1,<environment.Job instance at 0x7f61e0b18820>,47,3,[ 1 10],48,132,135,84,111
1,<environment.Job instance at 0x7f61e0e20500>,45,16,[4 9],46,135,151,89,123
1,<environment.Job instance at 0x7f61e0d60370>,52,18,[3 8],53,151,169,98,141
1,<environment.Job instance at 0x7f622b8a78c0>,0,18,[6 4],1,169,187,168,158
1,<environment.Job instance at 0x7f61e11c55a0>,65,13,[9 1],66,187,200,121,171
1,<environment.Job instance at 0x7f61e0d603c0>,50,17,[ 5 10],51,200,217,149,188
1,<environment.Job instance at 0x7f61e11c5d70>,73,13,[5 6],74,217,230,143,201
1,<environment.Job instance at 0x7f61e11c50a0>,68,14,[ 1 10],69,230,244,161,216
1,<environment.Job instance at 0x7f6224b1d730>,83,3,[8 1],84,246,249,162,246
1,<environment.Job instance at 0x7f6224b1d690>,84,17,[2 7],85,246,263,161,246
1,<environment.Job instance at 0x7f6224b1daf0>,85,14,[7 2],86,249,263,163,246
1,<environment.Job instance at 0x7f6224b1d0f0>,87,16,[5 4],88,263,279,175,253
1,<environment.Job instance at 0x7f6224b1d500>,89,18,[5 1],90,263,281,173,254
1,<environment.Job instance at 0x7f6224b1d550>,91,12,[2 6],92,279,291,187,266
1,<environment.Job instance at 0x7f61e0c66aa0>,94,3,[8 2],95,281,284,186,266
1,<environment.Job instance at 0x7f6224b1de60>,92,17,[6 4],93,284,301,191,274
1,<environment.Job instance at 0x7f61e0c660f0>,98,3,[ 4 10],99,301,304,202,275
1,<environment.Job instance at 0x7f61e0c66460>,100,15,[1 8],101,304,319,203,291
1,<environment.Job instance at 0x7f61e0c66730>,102,18,[2 5],103,319,337,216,308
1,<environment.Job instance at 0x7f61e0c66a00>,103,3,[5 3],104,319,322,215,308
1,<environment.Job instance at 0x7f622cc4c5a0>,4,13,[5 8],5,8,21,3,8
1,<environment.Job instance at 0x7f622b19ad70>,8,16,[9 1],9,21,37,12,10
1,<environment.Job instance at 0x7f622b19a780>,12,2,[10  3],13,37,39,24,27
1,<environment.Job instance at 0x7f622b19a410>,13,1,[1 7],14,28,29,14,28
1,<environment.Job instance at 0x7f6224b63c80>,0,13,[2 8],1,42,55,41,42
1,<environment.Job instance at 0x7f6224b093c0>,15,14,[1 7],16,55,69,39,51
1,<environment.Job instance at 0x7f6224b090f0>,17,18,[1 9],18,69,87,51,58
1,<environment.Job instance at 0x7f622b1b9b90>,3,3,[10  2],4,4,7,0,4
1,<environment.Job instance at 0x7f61e0e0ec80>,7,3,[1 6],8,10,13,2,10
1,<environment.Job instance at 0x7f622be40370>,6,12,[9 1],7,15,27,8,15
1,<environment.Job instance at 0x7f61e0b810a0>,14,2,[7 5],15,27,29,12,15
1,<environment.Job instance at 0x7f6224bc90f0>,11,13,[9 3],12,29,42,17,17
1,<environment.Job instance at 0x7f62247b13c0>,18,3,[2 6],19,42,45,23,19
1,<environment.Job instance at 0x7f62247b1c30>,20,2,[10  4],21,45,47,24,29
1,<environment.Job instance at 0x7f62247b1aa0>,16,16,[ 1 10],17,47,63,30,34
1,<environment.Job instance at 0x7f6224ad6b40>,22,16,[2 8],23,63,79,40,52
1,<environment.Job instance at 0x7f6224ad6c30>,21,17,[ 2 10],22,79,96,57,68
1,<environment.Job instance at 0x7f6224ad6d20>,25,18,[4 6],26,96,114,70,85
1,<environment.Job instance at 0x7f6224ad6320>,32,13,[5 3],33,96,109,63,85
1,<environment.Job instance at 0x7f6224ad65a0>,35,3,[9 1],36,114,117,78,88
1,<environment.Job instance at 0x7f6224ad6af0>,36,15,[3 9],37,117,132,80,103
1,<environment.Job instance at 0x7f6224ab6960>,45,15,[10  1],46,132,147,86,131
1,<environment.Job instance at 0x7f6224ab68c0>,46,13,[ 2 10],47,147,160,100,131
1,<environment.Job instance at 0x7f6224ab6870>,47,12,[6 5],48,160,172,112,143
1,<environment.Job instance at 0x7f6224ab6500>,52,3,[5 8],53,172,175,119,148
1,<environment.Job instance at 0x7f6224ab61e0>,53,2,[6 2],54,175,177,121,148
1,<environment.Job instance at 0x7f6224844910>,56,2,[ 1 10],57,177,179,120,160
1,<environment.Job instance at 0x7f62248449b0>,57,3,[2 7],58,179,182,121,160
1,<environment.Job instance at 0x7f6224688d70>,54,16,[5 8],55,182,198,127,169
1,<environment.Job instance at 0x7f6224844cd0>,62,3,[5 8],63,198,201,135,178
1,<environment.Job instance at 0x7f6224844f00>,67,1,[4 7],68,201,202,133,184
1,<environment.Job instance at 0x7f62248446e0>,68,12,[6 4],69,202,214,133,185
1,<environment.Job instance at 0x7f6224860320>,71,13,[3 5],72,202,215,130,187
1,<environment.Job instance at 0x7f6224860460>,73,15,[ 2 10],74,215,230,141,201
1,<environment.Job instance at 0x7f6224860190>,78,12,[10  4],79,230,242,151,214
1,<environment.Job instance at 0x7f62248608c0>,80,2,[5 4],81,242,244,161,220
1,<environment.Job instance at 0x7f6224860140>,83,3,[6 1],84,244,247,160,223
1,<environment.Job instance at 0x7f62248609b0>,84,1,[7 3],85,247,248,162,223
1,<environment.Job instance at 0x7f6224860690>,87,2,[5 8],88,248,250,160,223
1,<environment.Job instance at 0x7f6224860dc0>,88,3,[6 2],89,250,253,161,224
1,<environment.Job instance at 0x7f6224860f50>,89,2,[10  1],90,253,255,163,226
1,<environment.Job instance at 0x7f6224844c30>,61,15,[3 7],62,255,270,193,242
1,<environment.Job instance at 0x7f622483c3c0>,95,13,[7 4],96,270,283,174,261
1,<environment.Job instance at 0x7f622483c640>,99,2,[6 3],100,267,269,167,267
1,<environment.Job instance at 0x7f622483c780>,101,1,[5 3],102,269,270,167,267
1,<environment.Job instance at 0x7f622483c820>,102,17,[5 7],103,283,300,180,271
1,<environment.Job instance at 0x7f622483ce10>,110,18,[9 3],111,300,318,189,289
1,<environment.Job instance at 0x7f622483c6e0>,100,15,[5 5],101,318,333,217,305
1,<environment.Job instance at 0x7f62248452d0>,117,14,[5 6],118,333,347,215,318
1,<environment.Job instance at 0x7f6224845370>,118,16,[8 4],119,347,363,228,336
1,<environment.Job instance at 0x7f62248454b0>,120,15,[3 7],121,363,378,242,349
1,<environment.Job instance at 0x7f61e0b81910>,0,2,[8 1],1,2,4,1,2
1,<environment.Job instance at 0x7f61e10acdc0>,4,1,[ 2 10],5,9,10,4,9
1,<environment.Job instance at 0x7f6224845550>,5,3,[8 5],6,18,21,12,18
1,<environment.Job instance at 0x7f62247b10a0>,8,1,[5 3],9,21,22,12,18
1,<environment.Job instance at 0x7f62247b1780>,11,16,[5 2],12,23,39,11,23
1,<environment.Job instance at 0x7f62247b1190>,12,2,[5 4],13,23,25,10,23
1,<environment.Job instance at 0x7f62247b1960>,10,13,[5 8],11,25,38,14,23
1,<environment.Job instance at 0x7f62247b1a00>,9,3,[ 4 10],10,39,42,29,23
1,<environment.Job instance at 0x7f61e0b81500>,2,14,[5 2],3,42,56,39,27
1,<environment.Job instance at 0x7f61e1182870>,21,3,[1 5],22,45,48,23,45
1,<environment.Job instance at 0x7f62247b1500>,13,15,[ 3 10],14,56,71,42,45
1,<environment.Job instance at 0x7f61e11825f0>,22,12,[8 2],23,71,83,48,56
1,<environment.Job instance at 0x7f61e0e02410>,30,1,[1 9],31,83,84,52,70
1,<environment.Job instance at 0x7f61e0e02370>,32,1,[1 5],33,71,72,38,71
1,<environment.Job instance at 0x7f6224967be0>,33,12,[6 5],34,84,96,50,71
1,<environment.Job instance at 0x7f6224967190>,34,2,[3 6],35,96,98,61,71
1,<environment.Job instance at 0x7f6224967d70>,38,2,[7 4],39,96,98,57,83
1,<environment.Job instance at 0x7f6224967c30>,39,2,[2 6],40,98,100,58,83
1,<environment.Job instance at 0x7f6224967460>,37,16,[8 4],38,98,114,60,86
1,<environment.Job instance at 0x7f6224b01460>,44,14,[5 3],45,114,128,69,100
1,<environment.Job instance at 0x7f6224b01eb0>,47,14,[4 7],48,114,128,66,105
1,<environment.Job instance at 0x7f6224b36190>,50,12,[9 4],51,128,140,77,112
1,<environment.Job instance at 0x7f6224b36280>,54,17,[3 5],55,140,157,85,128
1,<environment.Job instance at 0x7f6224b36f50>,57,1,[7 5],58,141,142,83,141
1,<environment.Job instance at 0x7f6224d92730>,59,3,[3 5],60,142,145,82,141
1,<environment.Job instance at 0x7f6224d92e10>,60,3,[ 2 10],61,157,160,96,141
1,<environment.Job instance at 0x7f6224d92e60>,61,13,[5 8],62,160,173,98,144
1,<environment.Job instance at 0x7f6224d92500>,62,14,[6 2],63,173,187,110,158
1,<environment.Job instance at 0x7f622b27b550>,68,12,[6 3],69,187,199,118,173
1,<environment.Job instance at 0x7f622b27b870>,71,3,[4 5],72,173,176,101,173
1,<environment.Job instance at 0x7f622b27b0f0>,72,3,[10  3],73,199,202,126,173
1,<environment.Job instance at 0x7f622b2e3cd0>,76,14,[10  3],77,202,216,125,187
1,<environment.Job instance at 0x7f622b2e39b0>,79,17,[5 2],80,216,233,136,204
1,<environment.Job instance at 0x7f61e0eac8c0>,81,17,[9 3],82,233,250,151,221
1,<environment.Job instance at 0x7f61e0eac320>,85,3,[9 3],86,250,253,164,224
1,<environment.Job instance at 0x7f61e0eaca50>,88,12,[ 1 10],89,253,265,164,240
1,<environment.Job instance at 0x7f61e0eac780>,92,12,[7 3],93,265,277,172,248
1,<environment.Job instance at 0x7f61e0eac280>,96,18,[7 3],97,277,295,180,266
1,<environment.Job instance at 0x7f61e0eac460>,98,18,[1 5],99,276,294,177,276
1,<environment.Job instance at 0x7f622475a320>,101,18,[3 9],102,295,313,193,284
1,<environment.Job instance at 0x7f622475a410>,104,2,[5 2],105,313,315,208,300
1,<environment.Job instance at 0x7f622475a7d0>,105,3,[5 2],106,313,316,207,300
1,<environment.Job instance at 0x7f622475aeb0>,107,2,[5 5],108,315,317,207,300
1,<environment.Job instance at 0x7f622475ab90>,108,13,[8 5],109,317,330,208,301
1,<environment.Job instance at 0x7f622475a140>,109,15,[4 6],110,330,345,220,316
1,<environment.Job instance at 0x7f61e0eacf50>,1,3,[2 9],2,3,6,1,3
1,<environment.Job instance at 0x7f622b2e3320>,2,18,[2 5],3,6,24,3,5
1,<environment.Job instance at 0x7f61e11b6a00>,5,15,[8 4],6,7,22,1,7
1,<environment.Job instance at 0x7f622ba8b870>,7,15,[6 2],8,22,37,14,10
1,<environment.Job instance at 0x7f61e109fb40>,10,16,[1 6],11,24,40,13,15
1,<environment.Job instance at 0x7f61e109f780>,12,15,[10  3],13,40,55,27,26
1,<environment.Job instance at 0x7f6224bc9a00>,15,16,[3 8],16,55,71,39,42
1,<environment.Job instance at 0x7f6224bc9870>,24,14,[5 6],25,71,85,46,58
1,<environment.Job instance at 0x7f622b367c30>,0,15,[2 8],1,85,100,84,72
1,<environment.Job instance at 0x7f622b71bc80>,34,14,[5 3],35,100,114,65,91
1,<environment.Job instance at 0x7f61e0da8a50>,30,15,[3 7],31,100,115,69,98
1,<environment.Job instance at 0x7f622b7d6050>,42,14,[5 5],43,115,129,72,112
1,<environment.Job instance at 0x7f622b7d64b0>,43,3,[3 6],44,129,132,85,112
1,<environment.Job instance at 0x7f622b187fa0>,45,2,[5 7],46,132,134,86,112
1,<environment.Job instance at 0x7f622b187af0>,44,13,[4 7],45,134,147,89,118
1,<environment.Job instance at 0x7f622b187640>,49,14,[1 8],50,147,161,97,133
1,<environment.Job instance at 0x7f6224d30aa0>,60,13,[4 9],61,171,184,110,171
1,<environment.Job instance at 0x7f6224d307d0>,62,16,[8 1],63,184,200,121,172
1,<environment.Job instance at 0x7f622b71be60>,1,1,[2 5],2,4,5,2,4
1,<environment.Job instance at 0x7f61e11b64b0>,4,2,[7 3],5,5,7,0,5
1,<environment.Job instance at 0x7f61e093ddc0>,8,18,[6 5],9,9,27,0,9
1,<environment.Job instance at 0x7f622491e690>,9,3,[9 5],10,27,30,17,10
1,<environment.Job instance at 0x7f61e093dfa0>,10,2,[8 4],11,30,32,19,11
1,<environment.Job instance at 0x7f622b367500>,11,1,[3 9],12,32,33,20,12
1,<environment.Job instance at 0x7f61e094b3c0>,12,1,[2 9],13,33,34,20,13
1,<environment.Job instance at 0x7f61e094ba00>,13,18,[6 1],14,32,50,18,21
1,<environment.Job instance at 0x7f62249430a0>,3,13,[2 7],4,34,47,30,23
1,<environment.Job instance at 0x7f61e109f280>,19,2,[9 5],20,50,52,30,29
1,<environment.Job instance at 0x7f61e109fe60>,21,2,[10  3],22,52,54,30,29
1,<environment.Job instance at 0x7f61e109f6e0>,24,2,[7 5],25,54,56,29,30
1,<environment.Job instance at 0x7f61e10acc80>,26,2,[ 2 10],27,56,58,29,36
1,<environment.Job instance at 0x7f61e10ac1e0>,28,1,[9 5],29,58,59,29,36
1,<environment.Job instance at 0x7f622b2e3b40>,5,18,[4 9],6,59,77,53,58
1,<environment.Job instance at 0x7f6224d5deb0>,33,3,[5 2],34,77,80,43,59
1,<environment.Job instance at 0x7f61e10ac190>,34,12,[ 1 10],35,80,92,45,64
1,<environment.Job instance at 0x7f61e11aa140>,37,2,[4 5],38,77,79,39,64
1,<environment.Job instance at 0x7f61e11aa6e0>,36,12,[1 9],37,92,104,55,75
1,<environment.Job instance at 0x7f62247f5730>,40,3,[1 9],41,104,107,63,82
1,<environment.Job instance at 0x7f61e110c050>,41,2,[3 5],42,107,109,65,82
1,<environment.Job instance at 0x7f61e110ca50>,42,16,[4 7],43,109,125,66,96
1,<environment.Job instance at 0x7f61e11cde10>,45,15,[ 3 10],46,125,140,79,112
1,<environment.Job instance at 0x7f622b7a5b40>,51,12,[7 5],52,140,152,88,123
1,<environment.Job instance at 0x7f6224b7f9b0>,54,3,[5 3],55,152,155,97,126
1,<environment.Job instance at 0x7f6224b7fa50>,57,13,[9 2],58,155,168,97,149
1,<environment.Job instance at 0x7f6224b7dc30>,61,3,[4 6],62,152,155,90,152
1,<environment.Job instance at 0x7f6224b7dd70>,62,12,[9 4],63,168,180,105,152
1,<environment.Job instance at 0x7f6224ba5960>,63,14,[5 9],64,180,194,116,165
1,<environment.Job instance at 0x7f61e094b550>,15,16,[10  1],16,194,210,178,182
1,<environment.Job instance at 0x7f6224ba5f00>,70,15,[4 9],71,210,225,139,196
1,<environment.Job instance at 0x7f6224b93870>,74,17,[9 5],75,225,242,150,216
1,<environment.Job instance at 0x7f622b1091e0>,38,18,[5 9],39,262,280,223,262
1,<environment.Job instance at 0x7f6224a18dc0>,81,17,[7 1],82,280,297,198,270
1,<environment.Job instance at 0x7f61e0eb5780>,82,2,[9 5],83,297,299,214,270
1,<environment.Job instance at 0x7f6224c4eaa0>,83,12,[ 4 10],84,299,311,215,284
1,<environment.Job instance at 0x7f61e0eb50f0>,84,18,[ 2 10],85,311,329,226,310
1,<environment.Job instance at 0x7f622b651280>,90,2,[4 7],91,329,331,238,315
1,<environment.Job instance at 0x7f622b811960>,92,15,[1 9],93,331,346,238,323
1,<environment.Job instance at 0x7f61e0eb10f0>,93,18,[10  4],94,346,364,252,341
1,<environment.Job instance at 0x7f622b52cfa0>,94,14,[ 4 10],95,364,378,269,354
1,<environment.Job instance at 0x7f622ba5e5a0>,100,16,[10  2],101,378,394,277,369
1,<environment.Job instance at 0x7f61e0bd77d0>,103,16,[1 9],104,394,410,290,385
1,<environment.Job instance at 0x7f61e0bf45a0>,105,15,[2 8],106,410,425,304,403
1,<environment.Job instance at 0x7f61e094bfa0>,1,3,[6 4],2,2,5,0,2
1,<environment.Job instance at 0x7f61e0bf45a0>,3,15,[9 4],4,12,27,8,12
1,<environment.Job instance at 0x7f622b704280>,11,14,[1 8],12,27,41,15,13
1,<environment.Job instance at 0x7f622476a780>,13,12,[10  2],14,41,53,27,24
1,<environment.Job instance at 0x7f61e09f2780>,20,15,[8 4],21,53,68,32,40
1,<environment.Job instance at 0x7f622b1fdeb0>,25,12,[8 1],26,68,80,42,51
1,<environment.Job instance at 0x7f61e0d169b0>,22,17,[1 7],23,68,85,45,56
1,<environment.Job instance at 0x7f6224ca9640>,23,14,[7 2],24,80,94,56,66
1,<environment.Job instance at 0x7f622b423f50>,29,12,[4 6],30,94,106,64,77
1,<environment.Job instance at 0x7f61e0ebfe60>,32,16,[1 7],33,106,122,73,97
1,<environment.Job instance at 0x7f622b133640>,40,15,[6 1],41,97,112,56,97
1,<environment.Job instance at 0x7f62247f21e0>,42,3,[10  5],43,122,125,79,97
1,<environment.Job instance at 0x7f6224642aa0>,47,2,[ 4 10],48,125,127,77,104
1,<environment.Job instance at 0x7f61e11bd960>,38,12,[1 5],39,127,139,88,112
1,<environment.Job instance at 0x7f622b7fda00>,37,18,[2 7],38,139,157,101,136
1,<environment.Job instance at 0x7f61e097c870>,60,3,[3 7],61,157,160,96,140
1,<environment.Job instance at 0x7f61e097cb40>,61,2,[4 5],62,160,162,98,140
1,<environment.Job instance at 0x7f61e097caf0>,64,3,[5 3],65,143,146,78,143
1,<environment.Job instance at 0x7f61e097c960>,62,16,[9 2],63,164,180,101,164
1,<environment.Job instance at 0x7f61e097c2d0>,68,12,[ 4 10],69,180,192,111,166
1,<environment.Job instance at 0x7f61e100d690>,78,16,[1 7],79,192,208,113,182
1,<environment.Job instance at 0x7f622487cb40>,79,1,[ 4 10],80,208,209,128,182
1,<environment.Job instance at 0x7f6224642820>,49,13,[2 6],50,209,222,159,195
1,<environment.Job instance at 0x7f622b5513c0>,81,16,[10  1],82,222,238,140,210
1,<environment.Job instance at 0x7f61e097ce60>,72,17,[4 9],73,238,255,165,226
1,<environment.Job instance at 0x7f61e0fd7af0>,105,12,[5 1],106,238,250,132,237
1,<environment.Job instance at 0x7f61e0fd7eb0>,107,3,[ 2 10],108,255,258,147,243
1,<environment.Job instance at 0x7f6224b080a0>,108,3,[10  5],109,258,261,149,243
1,<environment.Job instance at 0x7f61e0fd72d0>,109,15,[4 9],110,261,276,151,247
1,<environment.Job instance at 0x7f622b22e460>,113,2,[7 1],114,276,278,162,267
1,<environment.Job instance at 0x7f622b22e280>,114,2,[4 5],115,278,280,163,267
1,<environment.Job instance at 0x7f622b22e960>,115,13,[9 1],116,280,293,164,267
1,<environment.Job instance at 0x7f622b22ef00>,118,15,[3 5],119,293,308,174,280
1,<environment.Job instance at 0x7f622b22e780>,121,1,[6 4],122,293,294,171,280
1,<environment.Job instance at 0x7f622b22eeb0>,122,15,[8 3],123,308,323,185,294
1,<environment.Job instance at 0x7f622b22ed70>,125,14,[6 3],126,294,308,168,294
1,<environment.Job instance at 0x7f622b22ea00>,126,13,[2 7],127,308,321,181,295
1,<environment.Job instance at 0x7f622b5af550>,129,12,[7 4],130,323,335,193,306
1,<environment.Job instance at 0x7f622b5afeb0>,132,14,[5 3],133,335,349,202,322
1,<environment.Job instance at 0x7f622b5aff50>,130,18,[5 6],131,335,353,204,325
1,<environment.Job instance at 0x7f622b551b40>,83,17,[8 3],84,353,370,269,341
1,<environment.Job instance at 0x7f622b5af6e0>,140,1,[7 3],141,370,371,229,342
1,<environment.Job instance at 0x7f622b5af8c0>,142,13,[6 3],143,371,384,228,355
1,<environment.Job instance at 0x7f622b5afcd0>,143,3,[8 1],144,384,387,240,358
1,<environment.Job instance at 0x7f6224b6f3c0>,145,3,[4 7],146,371,374,225,365
1,<environment.Job instance at 0x7f6224b6f870>,147,14,[6 1],148,387,401,239,381
1,<environment.Job instance at 0x7f6224b6fc30>,148,12,[5 3],149,401,413,252,384
1,<environment.Job instance at 0x7f622b5afe60>,141,12,[7 1],142,530,542,388,530
1,<environment.Job instance at 0x7f622b4762d0>,104,18,[ 3 10],105,542,560,437,534
1,<environment.Job instance at 0x7f61e0fd74b0>,3,14,[5 4],4,4,18,0,4
1,<environment.Job instance at 0x7f61e0a44730>,5,14,[8 2],6,18,32,12,12
1,<environment.Job instance at 0x7f622b18b140>,9,1,[5 4],10,13,14,3,13
1,<environment.Job instance at 0x7f622b18bfa0>,10,1,[3 6],11,32,33,21,18
1,<environment.Job instance at 0x7f622b18be60>,12,2,[6 2],13,32,34,19,26
1,<environment.Job instance at 0x7f622b18b640>,14,3,[ 3 10],15,34,37,19,26
1,<environment.Job instance at 0x7f622b18b6e0>,16,2,[9 1],17,37,39,20,26
1,<environment.Job instance at 0x7f622b18be10>,8,2,[7 4],9,39,41,30,27
1,<environment.Job instance at 0x7f622b18bc80>,17,15,[10  5],18,41,56,23,35
1,<environment.Job instance at 0x7f61e10b1fa0>,23,15,[5 2],24,56,71,32,44
1,<environment.Job instance at 0x7f61e10b1780>,28,18,[5 3],29,56,74,27,55
1,<environment.Job instance at 0x7f6224763e60>,19,18,[5 2],20,71,89,51,61
1,<environment.Job instance at 0x7f61e10b1140>,30,12,[5 7],31,74,86,43,63
1,<environment.Job instance at 0x7f6224866e10>,39,2,[5 3],40,86,88,46,64
1,<environment.Job instance at 0x7f6224866aa0>,40,1,[3 7],41,88,89,47,64
1,<environment.Job instance at 0x7f6224866f50>,42,13,[5 8],43,89,102,46,73
1,<environment.Job instance at 0x7f6224d90050>,51,1,[ 5 10],52,102,103,50,88
1,<environment.Job instance at 0x7f61e1106870>,20,17,[8 2],21,103,120,82,91
1,<environment.Job instance at 0x7f6224d90730>,53,3,[4 6],54,120,123,66,94
1,<environment.Job instance at 0x7f6224d90690>,55,12,[10  4],56,123,135,67,108
1,<environment.Job instance at 0x7f6224d90a50>,56,13,[7 3],57,135,148,78,119
1,<environment.Job instance at 0x7f6224711e60>,60,18,[1 7],61,135,153,74,124
1,<environment.Job instance at 0x7f6224711b40>,63,2,[1 5],64,153,155,89,128
1,<environment.Job instance at 0x7f6224711a00>,65,3,[10  1],66,155,158,89,136
1,<environment.Job instance at 0x7f6224711c80>,66,1,[7 5],67,153,154,86,136
1,<environment.Job instance at 0x7f6224711230>,68,3,[6 4],69,158,161,89,138
1,<environment.Job instance at 0x7f6224711d20>,69,1,[9 5],70,154,155,84,138
1,<environment.Job instance at 0x7f61e096f500>,70,16,[8 3],71,161,177,90,148
1,<environment.Job instance at 0x7f61e096fe60>,73,13,[ 4 10],74,177,190,103,161
1,<environment.Job instance at 0x7f61e096fc80>,77,13,[5 6],78,190,203,112,174
1,<environment.Job instance at 0x7f6224d906e0>,54,18,[ 4 10],55,203,221,148,195
1,<environment.Job instance at 0x7f61e09c94b0>,91,14,[8 5],92,221,235,129,207
1,<environment.Job instance at 0x7f61e09c9a00>,92,18,[5 8],93,235,253,142,225
1,<environment.Job instance at 0x7f61e09c9410>,98,2,[10  3],99,254,256,155,254
1,<environment.Job instance at 0x7f61e09c90a0>,100,18,[5 5],101,256,274,155,254
1,<environment.Job instance at 0x7f61e09c91e0>,104,18,[1 9],105,274,292,169,268
1,<environment.Job instance at 0x7f61e09c9280>,105,2,[8 4],106,292,294,186,268
1,<environment.Job instance at 0x7f6224b48280>,112,16,[5 5],113,294,310,181,281
1,<environment.Job instance at 0x7f6224b48b90>,116,17,[4 9],117,310,327,193,301
1,<environment.Job instance at 0x7f6224b48960>,120,13,[1 6],121,327,340,206,327
1,<environment.Job instance at 0x7f6224b48e60>,123,2,[ 4 10],124,340,342,216,328
1,<environment.Job instance at 0x7f61e0abf410>,7,3,[6 5],8,9,12,1,9
1,<environment.Job instance at 0x7f61e0e76be0>,5,3,[4 6],6,12,15,6,10
1,<environment.Job instance at 0x7f6224b6f7d0>,10,3,[2 6],11,15,18,4,11
1,<environment.Job instance at 0x7f622b4928c0>,13,2,[7 2],14,15,17,1,14
1,<environment.Job instance at 0x7f6224842a00>,14,17,[4 5],15,18,35,3,15
1,<environment.Job instance at 0x7f62248423c0>,16,3,[5 2],17,17,20,0,17
1,<environment.Job instance at 0x7f61e09d8370>,18,3,[2 5],19,20,23,1,19
1,<environment.Job instance at 0x7f622b5fb280>,19,1,[3 8],20,35,36,15,20
1,<environment.Job instance at 0x7f622ba8bd70>,15,13,[3 7],16,36,49,20,22
1,<environment.Job instance at 0x7f622b5fb460>,23,16,[5 5],24,49,65,25,43
1,<environment.Job instance at 0x7f622b0e8e60>,26,1,[7 2],27,69,70,42,69
1,<environment.Job instance at 0x7f61e091c190>,27,16,[7 4],28,70,86,42,69
1,<environment.Job instance at 0x7f622b0e8140>,30,2,[ 4 10],31,91,93,60,91
1,<environment.Job instance at 0x7f61e0db8820>,32,14,[1 7],33,93,107,60,91
1,<environment.Job instance at 0x7f622b0cde10>,33,1,[1 7],34,107,108,73,91
1,<environment.Job instance at 0x7f622b0cd910>,35,3,[4 7],36,108,111,72,96
1,<environment.Job instance at 0x7f622b0cd5f0>,36,15,[9 4],37,111,126,74,97
1,<environment.Job instance at 0x7f622b19aeb0>,38,1,[7 1],39,97,98,58,97
1,<environment.Job instance at 0x7f622b0cd190>,40,1,[2 9],41,126,127,85,99
1,<environment.Job instance at 0x7f622b0cd690>,37,17,[8 2],38,127,144,89,116
1,<environment.Job instance at 0x7f6224985a50>,44,3,[1 9],45,144,147,99,118
1,<environment.Job instance at 0x7f6224985370>,46,12,[1 9],47,147,159,100,131
1,<environment.Job instance at 0x7f61e11adaa0>,49,12,[10  3],50,159,171,109,145
1,<environment.Job instance at 0x7f61e11add70>,53,16,[1 8],54,171,187,117,158
1,<environment.Job instance at 0x7f61e112af50>,57,12,[5 5],58,187,199,129,175
1,<environment.Job instance at 0x7f61e112abe0>,58,13,[8 3],59,199,212,140,183
1,<environment.Job instance at 0x7f61e0f98500>,64,12,[5 5],65,187,199,122,186
1,<environment.Job instance at 0x7f61e0fca050>,66,18,[5 7],67,212,230,145,201
1,<environment.Job instance at 0x7f61e0fca370>,75,15,[5 5],76,251,266,175,251
1,<environment.Job instance at 0x7f61e102ae10>,76,14,[1 8],77,266,280,189,251
1,<environment.Job instance at 0x7f61e1015910>,79,1,[1 5],80,251,252,171,251
1,<environment.Job instance at 0x7f61e1015550>,80,12,[7 4],81,280,292,199,263
1,<environment.Job instance at 0x7f61e10420f0>,83,3,[8 3],84,292,295,208,270
1,<environment.Job instance at 0x7f62248930f0>,87,3,[5 9],88,295,298,207,295
1,<environment.Job instance at 0x7f61e0f49c80>,89,2,[5 5],90,298,300,208,295
1,<environment.Job instance at 0x7f62247c8140>,90,1,[5 1],91,295,296,204,295
1,<environment.Job instance at 0x7f61e0f980a0>,65,16,[ 3 10],66,300,316,234,296
1,<environment.Job instance at 0x7f61e1034a50>,94,3,[4 8],95,316,319,221,297
1,<environment.Job instance at 0x7f62248a5c80>,96,15,[9 2],97,319,334,222,308
1,<environment.Job instance at 0x7f61e100cbe0>,98,17,[7 4],99,334,351,235,322
1,<environment.Job instance at 0x7f61e0f26c30>,107,12,[7 2],108,351,363,243,334
1,<environment.Job instance at 0x7f61e0f33320>,114,3,[2 5],115,342,345,227,342
1,<environment.Job instance at 0x7f622b2cce10>,118,3,[9 4],119,363,366,244,342
1,<environment.Job instance at 0x7f61e0f335a0>,119,12,[2 9],120,366,378,246,352
1,<environment.Job instance at 0x7f622b2cca00>,123,17,[10  5],124,378,395,254,366
1,<environment.Job instance at 0x7f622b2bb960>,132,17,[4 9],133,395,412,262,383
1,<environment.Job instance at 0x7f6224bb4690>,137,17,[5 5],138,419,436,281,419
1,<environment.Job instance at 0x7f61e099efa0>,139,18,[1 5],140,443,461,303,443
1,<environment.Job instance at 0x7f622b2f2410>,143,13,[6 4],144,444,457,300,444
1,<environment.Job instance at 0x7f61e11ad050>,52,18,[10  4],53,461,479,408,450
1,<environment.Job instance at 0x7f6224985e60>,45,16,[ 5 10],46,479,495,433,468
1,<environment.Job instance at 0x7f6224b6f690>,4,3,[10  1],5,5,8,0,5
1,<environment.Job instance at 0x7f6224b6faf0>,2,2,[10  2],3,9,11,6,9
1,<environment.Job instance at 0x7f61e095e230>,13,18,[2 9],14,18,36,4,18
1,<environment.Job instance at 0x7f61e095e370>,14,15,[9 1],15,36,51,21,22
1,<environment.Job instance at 0x7f61e095ee60>,15,3,[3 8],16,51,54,35,36
1,<environment.Job instance at 0x7f622b7fd550>,18,3,[6 2],19,51,54,32,37
1,<environment.Job instance at 0x7f622b632410>,20,13,[1 5],21,38,51,17,38
1,<environment.Job instance at 0x7f622b632050>,19,17,[7 1],20,54,71,34,42
1,<environment.Job instance at 0x7f61e11cddc0>,22,14,[5 6],23,71,85,48,58
1,<environment.Job instance at 0x7f622b131730>,17,12,[3 5],18,58,70,40,58
1,<environment.Job instance at 0x7f61e0a14b40>,27,17,[7 2],28,85,102,57,73
1,<environment.Job instance at 0x7f61e0e19190>,30,1,[8 2],31,102,103,71,74
1,<environment.Job instance at 0x7f61e0fd9870>,38,19,[2 5],39,121,140,82,121
1,<environment.Job instance at 0x7f61e0fd9500>,39,3,[5 8],40,140,143,100,121
1,<environment.Job instance at 0x7f622b3f9190>,44,2,[8 2],45,164,166,119,164
1,<environment.Job instance at 0x7f622b3f90a0>,45,14,[7 2],46,166,180,120,164
1,<environment.Job instance at 0x7f622b3f92d0>,47,16,[3 9],48,180,196,132,171
1,<environment.Job instance at 0x7f622b3f9370>,49,3,[7 2],50,196,199,146,171
1,<environment.Job instance at 0x7f622b3f9370>,5,2,[8 5],6,6,8,0,6
1,<environment.Job instance at 0x7f6224c4eb40>,6,1,[5 3],7,8,9,1,7
1,<environment.Job instance at 0x7f6224c4e870>,11,3,[7 1],12,12,15,0,12
1,<environment.Job instance at 0x7f6224c4e6e0>,12,17,[8 1],13,15,32,2,13
1,<environment.Job instance at 0x7f6224c4e230>,13,3,[5 5],14,32,35,18,14
1,<environment.Job instance at 0x7f6224c4e8c0>,14,13,[7 4],15,35,48,20,19
1,<environment.Job instance at 0x7f6224c4e4b0>,18,16,[7 3],19,48,64,29,35
1,<environment.Job instance at 0x7f6224c4edc0>,4,15,[ 5 10],5,64,79,59,51
1,<environment.Job instance at 0x7f61e0b1c280>,29,3,[3 5],30,58,61,28,58
1,<environment.Job instance at 0x7f61e0b1cd70>,33,14,[8 4],34,79,93,45,65
1,<environment.Job instance at 0x7f61e09880a0>,34,18,[2 6],35,79,97,44,74
1,<environment.Job instance at 0x7f6224c4e550>,16,15,[5 5],17,97,112,80,84
1,<environment.Job instance at 0x7f61e0988c30>,37,18,[3 5],38,97,115,59,87
1,<environment.Job instance at 0x7f61e094db90>,45,12,[9 4],46,115,127,69,98
1,<environment.Job instance at 0x7f61e094de60>,48,2,[1 6],49,115,117,66,104
1,<environment.Job instance at 0x7f61e094d3c0>,49,3,[9 2],50,127,130,77,104
1,<environment.Job instance at 0x7f6224c4ef50>,9,18,[1 9],10,130,148,120,119
1,<environment.Job instance at 0x7f61e094d230>,47,17,[4 8],48,148,165,100,137
1,<environment.Job instance at 0x7f6224d3bc80>,63,2,[5 4],64,165,167,101,144
1,<environment.Job instance at 0x7f61e0d4d640>,54,16,[10  1],55,167,183,112,156
1,<environment.Job instance at 0x7f61e094dc30>,41,18,[1 8],42,183,201,141,172
1,<environment.Job instance at 0x7f6224d3b9b0>,70,13,[1 6],71,201,214,130,186
1,<environment.Job instance at 0x7f6224b18730>,76,13,[9 3],77,201,214,124,200
1,<environment.Job instance at 0x7f6224d3beb0>,73,15,[5 6],74,214,229,140,201
1,<environment.Job instance at 0x7f6224b18690>,78,15,[4 6],79,229,244,150,215
1,<environment.Job instance at 0x7f6224b18780>,83,3,[5 5],84,244,247,160,218
1,<environment.Job instance at 0x7f61e0eaa190>,87,18,[ 5 10],88,247,265,159,244
1,<environment.Job instance at 0x7f61e0eaa0f0>,90,17,[5 2],91,265,282,174,253
1,<environment.Job instance at 0x7f61e0eaa960>,94,14,[3 5],95,265,279,170,261
1,<environment.Job instance at 0x7f61e0eaaa00>,95,18,[1 8],96,279,297,183,268
1,<environment.Job instance at 0x7f622ba57eb0>,97,3,[5 8],98,297,300,199,271
1,<environment.Job instance at 0x7f622b40d460>,101,15,[2 9],102,300,315,198,292
1,<environment.Job instance at 0x7f622b40d320>,102,17,[5 5],103,315,332,212,303
1,<environment.Job instance at 0x7f62248d5690>,4,13,[1 5],5,6,19,1,6
1,<environment.Job instance at 0x7f622b4c4050>,6,2,[2 7],7,19,21,12,7
1,<environment.Job instance at 0x7f6224bb47d0>,5,18,[8 1],6,8,26,2,8
1,<environment.Job instance at 0x7f62248af0a0>,10,2,[ 4 10],11,26,28,15,11
1,<environment.Job instance at 0x7f6224bb4fa0>,0,13,[6 4],1,28,41,27,12
1,<environment.Job instance at 0x7f622b4aee10>,14,3,[5 6],15,41,44,26,38
1,<environment.Job instance at 0x7f622b4ae140>,16,16,[10  2],17,44,60,27,39
1,<environment.Job instance at 0x7f622b4ae960>,19,14,[9 3],20,60,74,40,55
1,<environment.Job instance at 0x7f622b4ddf00>,24,1,[6 1],25,74,75,49,55
1,<environment.Job instance at 0x7f622b4ddc30>,21,16,[7 3],22,75,91,53,63
1,<environment.Job instance at 0x7f622b4ddaa0>,28,15,[7 5],29,91,106,62,78
1,<environment.Job instance at 0x7f622b4db2d0>,35,13,[7 1],36,106,119,70,92
1,<environment.Job instance at 0x7f61e0b1cfa0>,7,17,[2 9],8,106,123,98,97
1,<environment.Job instance at 0x7f622b4dbd20>,39,13,[6 2],40,123,136,83,107
1,<environment.Job instance at 0x7f622b4db320>,40,3,[8 1],41,119,122,78,107
1,<environment.Job instance at 0x7f622b4db190>,43,16,[1 8],44,123,139,79,111
1,<environment.Job instance at 0x7f622b4db7d0>,44,15,[9 3],45,139,154,94,125
1,<environment.Job instance at 0x7f61e0979230>,54,13,[5 6],55,154,167,99,138
1,<environment.Job instance at 0x7f61e09793c0>,57,12,[5 6],58,167,179,109,150
1,<environment.Job instance at 0x7f61e0989500>,60,14,[1 8],61,179,193,118,164
1,<environment.Job instance at 0x7f61e0989be0>,61,14,[9 1],62,179,193,117,165
1,<environment.Job instance at 0x7f61e0989140>,62,13,[8 3],63,193,206,130,177
1,<environment.Job instance at 0x7f61e09890a0>,65,14,[6 2],66,206,220,140,191
1,<environment.Job instance at 0x7f61e0969be0>,73,12,[10  3],74,220,232,146,203
1,<environment.Job instance at 0x7f61e0969c30>,74,14,[10  2],75,232,246,157,217
1,<environment.Job instance at 0x7f61e097fd70>,83,14,[8 5],84,246,260,162,231
1,<environment.Job instance at 0x7f61e097fcd0>,87,16,[3 5],88,260,276,172,247
1,<environment.Job instance at 0x7f61e097f820>,91,15,[2 9],92,276,291,184,264
1,<environment.Job instance at 0x7f828e29d190>,2,12,[5 4],3,3,15,0,3
1,<environment.Job instance at 0x7f828d13e2d0>,5,13,[5 9],6,15,28,9,6
1,<environment.Job instance at 0x7f828d13e5f0>,7,14,[5 1],8,8,22,0,8
1,<environment.Job instance at 0x7f828d13e460>,9,17,[ 4 10],10,28,45,18,16
1,<environment.Job instance at 0x7f828d13e870>,13,13,[1 8],14,45,58,31,29
1,<environment.Job instance at 0x7f828d13ea50>,16,12,[1 8],17,58,70,41,41
1,<environment.Job instance at 0x7f828d13e6e0>,8,17,[ 2 10],9,70,87,61,60
1,<environment.Job instance at 0x7f828d1413c0>,27,2,[6 4],28,87,89,59,63
1,<environment.Job instance at 0x7f828d141460>,28,2,[5 9],29,89,91,60,64
1,<environment.Job instance at 0x7f828d1418c0>,31,17,[4 9],32,91,108,59,81
1,<environment.Job instance at 0x7f828d141820>,34,3,[9 5],35,108,111,73,85
1,<environment.Job instance at 0x7f828d141b40>,37,14,[5 5],38,111,125,73,98
1,<environment.Job instance at 0x7f828d141a00>,35,16,[8 1],36,125,141,89,112
1,<environment.Job instance at 0x7f828d1444b0>,45,16,[6 2],46,141,157,95,132
1,<environment.Job instance at 0x7f828d144320>,46,3,[5 4],47,157,160,110,132
1,<environment.Job instance at 0x7f828d144410>,47,1,[2 6],48,132,133,84,132
1,<environment.Job instance at 0x7f828d1445a0>,51,2,[4 9],52,160,162,108,139
1,<environment.Job instance at 0x7f828d144910>,2,1,[10  1],3,3,4,0,3
1,<environment.Job instance at 0x7f828d144780>,5,3,[5 5],6,6,9,0,6
1,<environment.Job instance at 0x7f828d14ca00>,0,12,[6 3],1,9,21,8,8
1,<environment.Job instance at 0x7f828d159550>,8,18,[4 6],9,11,29,2,11
1,<environment.Job instance at 0x7f828d159be0>,12,1,[ 5 10],13,29,30,16,13
1,<environment.Job instance at 0x7f828d159c30>,13,12,[1 7],14,30,42,16,14
1,<environment.Job instance at 0x7f828d159dc0>,14,1,[9 4],15,42,43,27,15
1,<environment.Job instance at 0x7f828d1595f0>,10,3,[9 1],11,30,33,19,18
1,<environment.Job instance at 0x7f828d159d70>,20,12,[2 5],21,43,55,22,35
1,<environment.Job instance at 0x7f828d15e500>,22,2,[8 2],23,35,37,12,35
1,<environment.Job instance at 0x7f828d15eeb0>,23,1,[3 9],24,55,56,31,36
1,<environment.Job instance at 0x7f828d15eb40>,21,1,[5 1],22,37,38,15,36
1,<environment.Job instance at 0x7f828d160b40>,27,2,[9 3],28,38,40,10,37
1,<environment.Job instance at 0x7f828d15ecd0>,24,12,[5 7],25,56,68,31,39
1,<environment.Job instance at 0x7f828d160190>,30,18,[5 1],31,49,67,18,49
1,<environment.Job instance at 0x7f828d160fa0>,31,3,[8 2],32,68,71,36,49
1,<environment.Job instance at 0x7f828d160be0>,32,14,[8 4],33,71,85,38,56
1,<environment.Job instance at 0x7f828d160f00>,29,17,[9 2],30,85,102,55,78
1,<environment.Job instance at 0x7f82432910a0>,42,14,[9 2],43,105,119,62,105
1,<environment.Job instance at 0x7f82432894b0>,46,13,[5 1],47,119,132,72,106
1,<environment.Job instance at 0x7f8243289b40>,50,17,[2 9],51,119,136,68,112
1,<environment.Job instance at 0x7f82432168c0>,53,12,[5 1],54,132,144,78,129
1,<environment.Job instance at 0x7f8243216aa0>,54,13,[5 9],55,136,149,81,129
1,<environment.Job instance at 0x7f8243216b40>,55,17,[8 1],56,149,166,93,137
1,<environment.Job instance at 0x7f8243289aa0>,45,17,[5 9],46,166,183,120,154
1,<environment.Job instance at 0x7f8243217320>,66,15,[ 5 10],67,183,198,116,182
1,<environment.Job instance at 0x7f8243216c80>,57,18,[ 1 10],58,198,216,140,188
1,<environment.Job instance at 0x7f824328b1e0>,72,16,[8 5],73,216,232,143,203
1,<environment.Job instance at 0x7f82432a6d70>,75,12,[2 6],76,232,244,156,215
1,<environment.Job instance at 0x7f8243296c30>,78,18,[3 8],79,244,262,165,233
1,<environment.Job instance at 0x7f82432aaaa0>,82,3,[3 9],83,262,265,179,247
1,<environment.Job instance at 0x7f82433571e0>,84,15,[9 5],85,265,280,180,252
1,<environment.Job instance at 0x7f8243357af0>,87,16,[2 8],88,280,296,192,267
1,<environment.Job instance at 0x7f82434cc050>,90,18,[8 5],91,296,314,205,287
1,<environment.Job instance at 0x7f8243380b90>,94,17,[1 9],95,314,331,219,302
1,<environment.Job instance at 0x7f8243216640>,52,17,[10  4],53,331,348,278,320
1,<environment.Job instance at 0x7f82430dd780>,2,2,[9 3],3,3,5,0,3
1,<environment.Job instance at 0x7f8243374eb0>,3,15,[7 4],4,5,20,1,4
1,<environment.Job instance at 0x7f828d14ca50>,4,3,[5 8],5,20,23,15,5
1,<environment.Job instance at 0x7f828d156e10>,5,2,[2 6],6,6,8,0,6
1,<environment.Job instance at 0x7f828d147780>,11,16,[2 8],12,23,39,11,12
1,<environment.Job instance at 0x7f82430deaa0>,16,2,[3 5],17,17,19,0,17
1,<environment.Job instance at 0x7f824355d0f0>,10,13,[ 4 10],11,39,52,28,23
1,<environment.Job instance at 0x7f82430defa0>,18,14,[10  4],19,52,66,33,38
1,<environment.Job instance at 0x7f8243758550>,24,12,[3 5],25,66,78,41,49
1,<environment.Job instance at 0x7f8243251320>,25,17,[6 3],26,66,83,40,55
1,<environment.Job instance at 0x7f828cf2b730>,31,14,[3 6],32,78,92,46,63
1,<environment.Job instance at 0x7f828e416780>,32,15,[7 3],33,83,98,50,70
1,<environment.Job instance at 0x7f828e416fa0>,35,16,[2 6],36,92,108,56,80
1,<environment.Job instance at 0x7f828cfd9b90>,37,16,[ 3 10],38,108,124,70,95
1,<environment.Job instance at 0x7f828d39d5a0>,42,2,[1 5],43,124,126,81,105
1,<environment.Job instance at 0x7f828ceb84b0>,43,12,[8 5],44,124,136,80,107
1,<environment.Job instance at 0x7f828e3235a0>,46,3,[2 7],47,136,139,89,120
1,<environment.Job instance at 0x7f8243145140>,47,13,[ 1 10],48,139,152,91,123
1,<environment.Job instance at 0x7f8243145b40>,50,17,[7 1],51,152,169,101,140
1,<environment.Job instance at 0x7f828e415280>,51,18,[3 8],52,152,170,100,142
1,<environment.Job instance at 0x7f824315f690>,58,14,[3 6],59,170,184,111,166
1,<environment.Job instance at 0x7f824315f1e0>,59,3,[9 2],60,184,187,124,166
1,<environment.Job instance at 0x7f828e2c4960>,61,3,[10  4],62,187,190,125,172
1,<environment.Job instance at 0x7f828e2c4820>,62,2,[6 4],63,172,174,109,172
1,<environment.Job instance at 0x7f828e2c49b0>,65,18,[ 3 10],66,190,208,124,186
1,<environment.Job instance at 0x7f828e2c4050>,68,12,[8 2],69,208,220,139,191
1,<environment.Job instance at 0x7f828d2beaf0>,70,12,[1 5],71,208,220,137,191
1,<environment.Job instance at 0x7f828d2bebe0>,73,18,[8 1],74,220,238,146,209
1,<environment.Job instance at 0x7f824328e9b0>,3,3,[9 4],4,4,7,0,4
1,<environment.Job instance at 0x7f828cf4b3c0>,8,1,[2 5],9,9,10,0,9
1,<environment.Job instance at 0x7f82434f2370>,6,14,[8 1],7,9,23,2,9
1,<environment.Job instance at 0x7f82434cdaf0>,9,3,[4 8],10,23,26,13,10
1,<environment.Job instance at 0x7f828cf2b280>,12,17,[2 5],13,26,43,13,15
1,<environment.Job instance at 0x7f828dd2cc30>,14,2,[4 9],15,43,45,28,16
1,<environment.Job instance at 0x7f82437c7190>,13,14,[8 2],14,26,40,12,19
1,<environment.Job instance at 0x7f828d32b640>,17,18,[6 2],18,45,63,27,40
1,<environment.Job instance at 0x7f82434ec550>,22,3,[ 3 10],23,63,66,40,41
1,<environment.Job instance at 0x7f828d9d2b40>,25,2,[9 3],26,66,68,40,41
1,<environment.Job instance at 0x7f828d341730>,29,3,[3 6],30,45,48,15,41
1,<environment.Job instance at 0x7f828d22a7d0>,28,14,[3 8],29,48,62,19,48
1,<environment.Job instance at 0x7f828d22a5f0>,32,12,[3 8],33,68,80,35,51
1,<environment.Job instance at 0x7f828dcc4190>,35,16,[4 5],36,80,96,44,67
1,<environment.Job instance at 0x7f828d8328c0>,31,17,[5 7],32,96,113,64,84
1,<environment.Job instance at 0x7f828dc6b3c0>,40,18,[4 6],41,113,131,72,102
1,<environment.Job instance at 0x7f828d271d70>,46,14,[ 5 10],47,131,145,84,116
1,<environment.Job instance at 0x7f828dcec640>,50,1,[6 5],51,145,146,94,132
1,<environment.Job instance at 0x7f828d24c280>,51,14,[5 4],52,146,160,94,132
1,<environment.Job instance at 0x7f828d24c870>,54,1,[5 7],55,160,161,105,160
1,<environment.Job instance at 0x7f828da3eb40>,10,14,[ 4 10],11,164,178,153,164
1,<environment.Job instance at 0x7f828d2acb90>,59,12,[9 1],60,178,190,118,164
1,<environment.Job instance at 0x7f828d2ac550>,61,12,[5 9],62,190,202,128,177
1,<environment.Job instance at 0x7f828d2ac8c0>,64,12,[4 7],65,202,214,137,191
1,<environment.Job instance at 0x7f828d3e4050>,66,14,[10  4],67,214,228,147,206
1,<environment.Job instance at 0x7f828d413a50>,73,12,[ 2 10],74,228,240,154,218
1,<environment.Job instance at 0x7f82435911e0>,2,2,[7 3],3,3,5,0,3
1,<environment.Job instance at 0x7f828d1b8370>,1,2,[2 9],2,5,7,3,3
1,<environment.Job instance at 0x7f8243473fa0>,6,14,[5 4],7,10,24,3,10
1,<environment.Job instance at 0x7f828cf4b870>,10,17,[2 6],11,12,29,1,12
1,<environment.Job instance at 0x7f828d2cdbe0>,12,1,[4 6],13,29,30,16,14
1,<environment.Job instance at 0x7f8243519dc0>,7,15,[10  1],8,30,45,22,17
1,<environment.Job instance at 0x7f828d5835a0>,17,3,[10  4],18,45,48,27,19
1,<environment.Job instance at 0x7f828d583500>,16,2,[8 4],17,48,50,31,33
1,<environment.Job instance at 0x7f828d583780>,18,3,[3 9],19,50,53,31,34
1,<environment.Job instance at 0x7f828d5eecd0>,27,2,[ 2 10],28,53,55,25,36
1,<environment.Job instance at 0x7f828d5ee6e0>,26,14,[1 7],27,57,71,30,57
1,<environment.Job instance at 0x7f828d583870>,23,13,[7 5],24,71,84,47,57
1,<environment.Job instance at 0x7f828d5eebe0>,35,3,[1 9],36,84,87,48,66
1,<environment.Job instance at 0x7f828d5ee2d0>,37,13,[ 4 10],38,87,100,49,71
1,<environment.Job instance at 0x7f828d5ee910>,36,15,[10  4],37,100,115,63,86
1,<environment.Job instance at 0x7f828d793410>,46,12,[1 5],47,115,127,68,99
1,<environment.Job instance at 0x7f828d5ee640>,34,16,[9 4],35,115,131,80,102
1,<environment.Job instance at 0x7f828cfb4b90>,52,15,[6 2],53,131,146,78,117
1,<environment.Job instance at 0x7f828d793960>,49,17,[1 9],50,146,163,96,134
1,<environment.Job instance at 0x7f828cfa4960>,60,2,[2 7],61,134,136,73,134
1,<environment.Job instance at 0x7f828cfa78c0>,62,1,[6 3],63,163,164,100,136
1,<environment.Job instance at 0x7f82437e76e0>,63,16,[5 3],64,164,180,100,151
1,<environment.Job instance at 0x7f828cfc3460>,64,17,[5 1],65,164,181,99,152
1,<environment.Job instance at 0x7f828cfc3140>,65,15,[ 1 10],66,181,196,115,168
1,<environment.Job instance at 0x7f828cfc35a0>,70,13,[5 3],71,196,209,125,180
1,<environment.Job instance at 0x7f828cfd0fa0>,71,3,[5 2],72,196,199,124,180
1,<environment.Job instance at 0x7f828cfd0d20>,72,17,[9 4],73,209,226,136,197
1,<environment.Job instance at 0x7f828d793460>,38,17,[3 9],39,226,243,187,221
1,<environment.Job instance at 0x7f828cfd00a0>,77,15,[4 6],78,243,258,165,229
1,<environment.Job instance at 0x7f828cfd3820>,84,16,[4 5],85,258,274,173,254
1,<environment.Job instance at 0x7f828cfd3820>,3,18,[5 5],4,4,22,0,4
1,<environment.Job instance at 0x7f8243785eb0>,8,18,[1 5],9,9,27,0,9
1,<environment.Job instance at 0x7f82435914b0>,6,13,[3 9],7,27,40,20,11
1,<environment.Job instance at 0x7f828dc654b0>,14,16,[2 7],15,40,56,25,27
1,<environment.Job instance at 0x7f828dc65f00>,18,16,[8 3],19,40,56,21,37
1,<environment.Job instance at 0x7f828dc65050>,23,1,[10  1],24,56,57,32,54
1,<environment.Job instance at 0x7f828dc651e0>,24,17,[9 2],25,57,74,32,54
1,<environment.Job instance at 0x7f828d87fd20>,26,2,[5 9],27,74,76,47,54
1,<environment.Job instance at 0x7f828d87f640>,27,2,[10  3],28,76,78,48,55
1,<environment.Job instance at 0x7f828dc652d0>,25,18,[5 5],26,82,100,56,82
1,<environment.Job instance at 0x7f828d87f7d0>,30,3,[5 7],31,100,103,69,82
1,<environment.Job instance at 0x7f828d87f1e0>,34,14,[9 1],35,103,117,68,88
1,<environment.Job instance at 0x7f828d87f050>,35,12,[7 1],36,117,129,81,103
1,<environment.Job instance at 0x7f828d87fdc0>,37,3,[6 3],38,129,132,91,104
1,<environment.Job instance at 0x7f8243785a00>,9,18,[9 5],10,132,150,122,121
1,<environment.Job instance at 0x7f828d1b36e0>,43,14,[3 6],44,150,164,106,135
1,<environment.Job instance at 0x7f828d1b33c0>,46,13,[9 3],47,164,177,117,148
1,<environment.Job instance at 0x7f828dba3d20>,49,15,[5 7],50,177,192,127,163
1,<environment.Job instance at 0x7f82434f20a0>,2,16,[ 3 10],3,192,208,189,185
1,<environment.Job instance at 0x7f828dadc820>,55,14,[ 1 10],56,208,222,152,201
1,<environment.Job instance at 0x7f828dadc410>,59,18,[6 4],60,222,240,162,217
1,<environment.Job instance at 0x7f8243394c80>,2,3,[1 8],3,3,6,0,3
1,<environment.Job instance at 0x7f828d84ad70>,7,13,[9 1],8,8,21,0,8
1,<environment.Job instance at 0x7f828da3c2d0>,8,2,[7 4],9,21,23,12,9
1,<environment.Job instance at 0x7f828dadc410>,10,2,[10  5],11,23,25,12,11
1,<environment.Job instance at 0x7f828da50d70>,15,12,[2 8],16,25,37,9,23
1,<environment.Job instance at 0x7f828dbe47d0>,19,15,[2 6],20,37,52,17,23
1,<environment.Job instance at 0x7f828d0a4320>,21,14,[9 4],22,52,66,30,37
1,<environment.Job instance at 0x7f828db89af0>,24,3,[4 5],25,66,69,41,40
1,<environment.Job instance at 0x7f828d488af0>,12,13,[9 1],13,69,82,56,54
1,<environment.Job instance at 0x7f8243406410>,28,13,[1 5],29,63,76,34,63
1,<environment.Job instance at 0x7f828d406f50>,33,2,[ 4 10],34,82,84,48,63
1,<environment.Job instance at 0x7f8243406320>,29,18,[ 2 10],30,84,102,54,74
1,<environment.Job instance at 0x7f828d73e0a0>,35,3,[5 6],36,102,105,66,76
1,<environment.Job instance at 0x7f828d071aa0>,38,18,[5 8],39,105,123,66,94
1,<environment.Job instance at 0x7f828d2f54b0>,45,3,[9 2],46,123,126,77,108
1,<environment.Job instance at 0x7f8243478410>,46,17,[3 5],47,126,143,79,114
1,<environment.Job instance at 0x7f8243478c30>,50,13,[5 6],51,143,156,92,127
1,<environment.Job instance at 0x7f8243478690>,54,13,[ 5 10],55,156,169,101,140
1,<environment.Job instance at 0x7f824341c0a0>,58,18,[5 5],59,169,187,110,158
1,<environment.Job instance at 0x7f824341c5a0>,60,16,[7 5],61,187,203,126,175
1,<environment.Job instance at 0x7f828d068910>,63,17,[5 9],64,203,220,139,191
1,<environment.Job instance at 0x7f828d71e640>,68,2,[7 5],69,220,222,151,208
1,<environment.Job instance at 0x7f828db100a0>,69,14,[5 4],70,222,236,152,208
1,<environment.Job instance at 0x7f828df9dd20>,72,16,[9 4],73,236,252,163,223
1,<environment.Job instance at 0x7f824326c4b0>,75,2,[4 8],76,252,254,176,237
1,<environment.Job instance at 0x7f828d103e60>,78,2,[10  5],79,254,256,175,238
1,<environment.Job instance at 0x7f824334c140>,80,3,[2 8],81,256,259,175,238
1,<environment.Job instance at 0x7f824334ce10>,81,13,[7 4],82,259,272,177,243
1,<environment.Job instance at 0x7f824334c410>,84,18,[5 5],85,272,290,187,263
1,<environment.Job instance at 0x7f828d1d7960>,87,12,[2 8],88,290,302,202,273
1,<environment.Job instance at 0x7f828d1d7780>,89,12,[4 6],90,302,314,212,285
1,<environment.Job instance at 0x7f828d464e60>,92,15,[8 4],93,314,329,221,301
1,<environment.Job instance at 0x7f828d1e6550>,96,17,[2 5],97,314,331,217,312
1,<environment.Job instance at 0x7f824373b500>,98,12,[9 3],99,331,343,232,314
1,<environment.Job instance at 0x7f82436d7140>,34,18,[10  2],35,343,361,308,333
1,<environment.Job instance at 0x7f828d0dfeb0>,104,12,[9 1],105,361,373,256,346
1,<environment.Job instance at 0x7f828d1f7aa0>,105,15,[3 9],106,373,388,267,361
1,<environment.Job instance at 0x7f828d74e190>,107,17,[1 9],108,388,405,280,376
1,<environment.Job instance at 0x7f82432fbaa0>,110,17,[10  1],111,405,422,294,393
1,<environment.Job instance at 0x7f82432fbc80>,111,14,[5 8],112,422,436,310,411
1,<environment.Job instance at 0x7f82432fbe10>,113,3,[8 2],114,436,439,322,414
1,<environment.Job instance at 0x7f82432fb690>,117,3,[1 9],118,439,442,321,415
1,<environment.Job instance at 0x7f82432fb4b0>,118,13,[4 6],119,442,455,323,426
1,<environment.Job instance at 0x7f82432fb3c0>,119,15,[10  2],120,467,482,347,467
1,<environment.Job instance at 0x7f82432fbeb0>,120,12,[7 4],121,482,494,361,467
1,<environment.Job instance at 0x7f82434ee9b0>,124,16,[7 4],125,494,510,369,481
1,<environment.Job instance at 0x7f82434ee3c0>,125,3,[10  4],126,510,513,384,484
1,<environment.Job instance at 0x7f828d0f6820>,2,1,[5 9],3,3,4,0,3
1,<environment.Job instance at 0x7f828dadc320>,6,18,[6 4],7,7,25,0,7
1,<environment.Job instance at 0x7f828dba3640>,0,12,[5 6],1,25,37,24,9
1,<environment.Job instance at 0x7f828d6ad3c0>,13,2,[2 7],14,37,39,23,14
1,<environment.Job instance at 0x7f828d6ad0a0>,14,3,[10  5],15,39,42,24,15
1,<environment.Job instance at 0x7f828d03f6e0>,10,2,[1 6],11,17,19,6,17
1,<environment.Job instance at 0x7f828d2cd190>,16,12,[8 4],17,42,54,25,25
1,<environment.Job instance at 0x7f828d6ad370>,18,2,[4 6],19,54,56,35,29
1,<environment.Job instance at 0x7f828d6ad5f0>,17,16,[1 8],18,56,72,38,43
1,<environment.Job instance at 0x7f828d2ad690>,22,14,[9 2],23,58,72,35,58
1,<environment.Job instance at 0x7f828dce0280>,29,2,[9 3],30,72,74,42,58
1,<environment.Job instance at 0x7f828dce0a00>,26,12,[2 7],27,74,86,47,58
1,<environment.Job instance at 0x7f828d6adaf0>,15,16,[7 3],16,74,90,58,62
1,<environment.Job instance at 0x7f828dce0b90>,34,13,[2 8],35,90,103,55,80
1,<environment.Job instance at 0x7f828d51daa0>,38,3,[10  2],39,103,106,64,81
1,<environment.Job instance at 0x7f828dce0fa0>,32,16,[9 2],33,106,122,73,93
1,<environment.Job instance at 0x7f828d51d8c0>,42,18,[7 4],43,122,140,79,111
1,<environment.Job instance at 0x7f828d51d1e0>,45,2,[3 9],46,140,142,94,113
1,<environment.Job instance at 0x7f828d51db90>,46,2,[5 7],47,142,144,95,115
1,<environment.Job instance at 0x7f828d51d280>,47,1,[8 1],48,144,145,96,116
1,<environment.Job instance at 0x7f828d51d6e0>,48,3,[9 5],49,145,148,96,119
1,<environment.Job instance at 0x7f828d079190>,50,2,[8 4],51,148,150,97,121
1,<environment.Job instance at 0x7f828d079500>,53,16,[3 8],54,150,166,96,137
1,<environment.Job instance at 0x7f828d0796e0>,56,13,[5 7],57,166,179,109,150
1,<environment.Job instance at 0x7f828d079af0>,58,16,[3 8],59,179,195,120,166
1,<environment.Job instance at 0x7f828dadce10>,5,17,[10  3],6,195,212,189,183
1,<environment.Job instance at 0x7f828d079140>,49,15,[3 9],50,212,227,162,198
1,<environment.Job instance at 0x7f828d080370>,70,12,[4 8],71,227,239,156,210
1,<environment.Job instance at 0x7f828d0805a0>,74,2,[3 6],75,239,241,164,229
1,<environment.Job instance at 0x7f828d080640>,75,3,[2 8],76,241,244,165,229
1,<environment.Job instance at 0x7f828d0806e0>,76,1,[9 2],77,244,245,167,229
1,<environment.Job instance at 0x7f828d080780>,77,1,[5 3],78,239,240,161,229
1,<environment.Job instance at 0x7f828d51deb0>,43,14,[ 2 10],44,245,259,201,231
1,<environment.Job instance at 0x7f828d0808c0>,79,3,[10  1],80,259,262,179,233
1,<environment.Job instance at 0x7f828d080dc0>,85,16,[7 3],86,262,278,176,249
1,<environment.Job instance at 0x7f828d0820a0>,89,13,[8 2],90,278,291,188,262
1,<environment.Job instance at 0x7f828d080320>,80,18,[6 4],81,291,309,210,280
1,<environment.Job instance at 0x7f828d082280>,92,16,[5 4],93,309,325,216,296
1,<environment.Job instance at 0x7f828d082640>,94,3,[10  2],95,325,328,230,299
1,<environment.Job instance at 0x7f828d082820>,97,18,[1 6],98,301,319,203,301
1,<environment.Job instance at 0x7f828d082960>,98,2,[1 9],99,328,330,229,301
1,<environment.Job instance at 0x7f828d082af0>,101,2,[ 5 10],102,330,332,228,311
1,<environment.Job instance at 0x7f828d082c30>,103,3,[6 2],104,332,335,228,317
1,<environment.Job instance at 0x7f828d0825a0>,105,3,[9 2],106,335,338,229,317
1,<environment.Job instance at 0x7f828d082eb0>,107,3,[8 1],108,338,341,230,323
1,<environment.Job instance at 0x7f828d082f50>,108,3,[10  4],109,341,344,232,323
1,<environment.Job instance at 0x7f828d082f00>,109,18,[6 2],110,344,362,234,333
1,<environment.Job instance at 0x7f828d094230>,111,1,[2 5],112,333,334,221,333
1,<environment.Job instance at 0x7f828d0942d0>,112,13,[ 3 10],113,362,375,249,346
1,<environment.Job instance at 0x7f828d094280>,113,14,[ 4 10],114,375,389,261,362
1,<environment.Job instance at 0x7f828d094aa0>,121,2,[6 1],122,389,391,267,362
1,<environment.Job instance at 0x7f828d094c30>,123,1,[7 3],124,391,392,267,366
1,<environment.Job instance at 0x7f828d094c80>,124,2,[2 5],125,389,391,264,366
1,<environment.Job instance at 0x7f828d0940a0>,116,16,[9 2],117,392,408,275,379
1,<environment.Job instance at 0x7f828d094cd0>,130,17,[ 5 10],131,408,425,277,396
1,<environment.Job instance at 0x7f828d09a0f0>,132,18,[3 8],133,425,443,292,416
1,<environment.Job instance at 0x7f828d09a730>,142,18,[3 7],143,443,461,300,432
1,<environment.Job instance at 0x7f824341eaf0>,147,15,[3 6],148,461,476,313,448
1,<environment.Job instance at 0x7f828db68320>,148,14,[ 1 10],149,476,490,327,463
1,<environment.Job instance at 0x7f828d094d20>,125,16,[4 9],126,490,506,364,477
1,<environment.Job instance at 0x7f828d00c4b0>,158,16,[10  3],159,506,522,347,494
1,<environment.Job instance at 0x7f828d6ad280>,0,3,[ 4 10],1,2,5,1,2
1,<environment.Job instance at 0x7f828d6ade10>,1,2,[2 9],2,5,7,3,2
1,<environment.Job instance at 0x7f828d2cde10>,3,3,[8 1],4,6,9,2,6
1,<environment.Job instance at 0x7f8243113c30>,8,17,[6 5],9,9,26,0,9
1,<environment.Job instance at 0x7f82431136e0>,10,16,[1 7],11,26,42,15,13
1,<environment.Job instance at 0x7f8243113320>,9,18,[5 1],10,26,44,16,23
1,<environment.Job instance at 0x7f828d52dd70>,18,3,[ 4 10],19,44,47,25,24
1,<environment.Job instance at 0x7f828d52d820>,19,12,[3 9],20,47,59,27,31
1,<environment.Job instance at 0x7f828d52d8c0>,21,16,[5 5],22,59,75,37,46
1,<environment.Job instance at 0x7f828d52d2d0>,22,18,[2 5],23,59,77,36,49
1,<environment.Job instance at 0x7f828d195230>,31,15,[5 2],32,75,90,43,61
1,<environment.Job instance at 0x7f828d52deb0>,20,15,[1 8],21,77,92,56,65
1,<environment.Job instance at 0x7f828d9e8780>,40,13,[10  1],41,92,105,51,82
1,<environment.Job instance at 0x7f828d2f5460>,42,2,[5 3],43,105,107,62,82
1,<environment.Job instance at 0x7f82435cdfa0>,46,16,[5 6],47,105,121,58,92
1,<environment.Job instance at 0x7f828d068280>,43,18,[4 5],44,121,139,77,110
1,<environment.Job instance at 0x7f82431d7a50>,52,15,[5 1],53,115,130,62,115
1,<environment.Job instance at 0x7f828cec9eb0>,55,3,[10  5],56,139,142,83,115
1,<environment.Job instance at 0x7f828d195320>,35,16,[10  3],36,142,158,106,131
1,<environment.Job instance at 0x7f828d7cb7d0>,58,16,[ 5 10],59,158,174,99,145
1,<environment.Job instance at 0x7f828d711190>,63,3,[10  4],64,174,177,110,159
1,<environment.Job instance at 0x7f82434ee780>,65,13,[5 4],66,177,190,111,161
1,<environment.Job instance at 0x7f82434ee0f0>,67,15,[2 6],68,177,192,109,163
1,<environment.Job instance at 0x7f82434eed70>,69,18,[10  2],70,192,210,122,182
1,<environment.Job instance at 0x7f828d195c80>,1,1,[ 3 10],2,2,3,0,2
1,<environment.Job instance at 0x7f828d5b1b40>,2,16,[6 1],3,3,19,0,3
1,<environment.Job instance at 0x7f828d413c80>,11,12,[3 5],12,16,28,4,16
1,<environment.Job instance at 0x7f828d413050>,12,2,[1 9],13,28,30,15,16
1,<environment.Job instance at 0x7f828d413690>,13,1,[3 7],14,30,31,16,16
1,<environment.Job instance at 0x7f8243518eb0>,15,2,[9 5],16,31,33,15,16
1,<environment.Job instance at 0x7f828d4139b0>,14,3,[8 5],15,33,36,18,16
1,<environment.Job instance at 0x7f828d4130f0>,10,2,[3 5],11,19,21,8,19
1,<environment.Job instance at 0x7f828d413820>,9,3,[5 4],10,21,24,11,19
1,<environment.Job instance at 0x7f828cf81f50>,20,2,[7 5],21,24,26,3,21
1,<environment.Job instance at 0x7f828d696af0>,3,14,[ 4 10],4,36,50,32,21
1,<environment.Job instance at 0x7f824354ba50>,21,2,[ 2 10],22,50,52,28,23
1,<environment.Job instance at 0x7f828cf819b0>,23,1,[9 4],24,52,53,28,24
1,<environment.Job instance at 0x7f828d6a9eb0>,26,17,[1 6],27,52,69,25,41
1,<environment.Job instance at 0x7f82434dbaf0>,27,13,[9 4],28,53,66,25,41
1,<environment.Job instance at 0x7f828cf115a0>,29,3,[4 5],30,69,72,39,43
1,<environment.Job instance at 0x7f828cf92460>,32,18,[6 5],33,69,87,36,58
1,<environment.Job instance at 0x7f828cf56c30>,34,14,[ 5 10],35,87,101,52,72
1,<environment.Job instance at 0x7f828d9da910>,40,1,[7 5],41,101,102,60,74
1,<environment.Job instance at 0x7f828cfd2f00>,42,2,[3 5],43,79,81,36,79
1,<environment.Job instance at 0x7f828d2abb40>,38,15,[1 6],39,102,117,63,88
1,<environment.Job instance at 0x7f828d3a1c30>,45,14,[3 8],46,117,131,71,104
1,<environment.Job instance at 0x7f828d3a1e60>,47,2,[6 5],48,131,133,83,109
1,<environment.Job instance at 0x7f828cf7f1e0>,16,16,[4 9],17,133,149,116,121
1,<environment.Job instance at 0x7f828d3a1690>,44,17,[1 6],45,149,166,104,138
1,<environment.Job instance at 0x7f828d290e10>,54,13,[1 9],55,166,179,111,150
1,<environment.Job instance at 0x7f824328e820>,53,15,[8 4],54,179,194,125,169
1,<environment.Job instance at 0x7f82432f4410>,63,3,[10  2],64,194,197,130,170
1,<environment.Job instance at 0x7f82432f49b0>,66,12,[9 1],67,197,209,130,185
1,<environment.Job instance at 0x7f82432f45a0>,68,18,[10  4],69,209,227,140,198
1,<environment.Job instance at 0x7f828d339190>,77,1,[10  1],78,227,228,149,212
1,<environment.Job instance at 0x7f828d339dc0>,78,3,[2 6],79,228,231,149,212
1,<environment.Job instance at 0x7f82437c4370>,79,15,[ 5 10],80,231,246,151,219
1,<environment.Job instance at 0x7f82437c4050>,80,2,[10  4],81,246,248,165,219
1,<environment.Job instance at 0x7f82435155f0>,82,16,[2 8],83,248,264,165,235
1,<environment.Job instance at 0x7f828d927b90>,85,18,[4 6],86,264,282,178,254
1,<environment.Job instance at 0x7f828cf49e60>,89,17,[ 1 10],90,285,302,195,285
1,<environment.Job instance at 0x7f828cf735a0>,90,15,[8 4],91,302,317,211,288
1,<environment.Job instance at 0x7f828cf73cd0>,92,13,[5 3],93,317,330,224,301
1,<environment.Job instance at 0x7f828cf73410>,98,12,[5 4],99,317,329,218,305
1,<environment.Job instance at 0x7f828cf730a0>,100,13,[8 3],101,331,344,230,331
1,<environment.Job instance at 0x7f828cf730f0>,5,3,[ 1 10],6,7,10,1,7
1,<environment.Job instance at 0x7f82432f4690>,9,2,[3 9],10,10,12,0,10
1,<environment.Job instance at 0x7f828d2cdfa0>,8,12,[7 5],9,12,24,3,11
1,<environment.Job instance at 0x7f828d0d45f0>,0,15,[5 5],1,24,39,23,12
1,<environment.Job instance at 0x7f8243120640>,12,2,[8 5],13,39,41,26,14
1,<environment.Job instance at 0x7f82436b7eb0>,14,2,[8 5],15,41,43,26,15
1,<environment.Job instance at 0x7f828d4ae7d0>,10,18,[9 3],11,43,61,32,32
1,<environment.Job instance at 0x7f828d8aed70>,20,15,[3 7],21,61,76,40,48
1,<environment.Job instance at 0x7f828d8ae870>,18,16,[8 4],19,76,92,57,64
1,<environment.Job instance at 0x7f828d8aebe0>,27,13,[7 1],28,92,105,64,77
1,<environment.Job instance at 0x7f828d8aec30>,28,3,[4 7],29,105,108,76,80
1,<environment.Job instance at 0x7f828d8ae370>,30,12,[3 8],31,92,104,61,81
1,<environment.Job instance at 0x7f828d8ae820>,26,15,[4 6],27,108,123,81,94
1,<environment.Job instance at 0x7f824339cc30>,36,14,[6 2],37,105,119,68,94
1,<environment.Job instance at 0x7f824339c780>,42,17,[1 5],43,123,140,80,119
1,<environment.Job instance at 0x7f824339c730>,40,14,[8 2],41,123,137,82,119
1,<environment.Job instance at 0x7f828d941730>,47,15,[6 1],48,137,152,89,125
1,<environment.Job instance at 0x7f828d941eb0>,49,13,[4 7],50,140,153,90,127
1,<environment.Job instance at 0x7f828d941190>,52,14,[5 2],53,152,166,99,138
1,<environment.Job instance at 0x7f828cefe6e0>,55,3,[8 5],56,166,169,110,140
1,<environment.Job instance at 0x7f828cefeaf0>,59,3,[ 4 10],60,169,172,109,150
1,<environment.Job instance at 0x7f828cefef00>,64,12,[7 5],65,172,184,107,157
1,<environment.Job instance at 0x7f828cefef50>,65,14,[7 5],66,184,198,118,170
1,<environment.Job instance at 0x7f828cefee10>,63,15,[ 3 10],64,198,213,134,185
1,<environment.Job instance at 0x7f828cef8320>,73,12,[8 2],74,213,225,139,196
1,<environment.Job instance at 0x7f828cef81e0>,70,15,[10  5],71,225,240,154,214
1,<environment.Job instance at 0x7f828d541c30>,8,2,[3 8],9,22,24,13,22
1,<environment.Job instance at 0x7f828d541280>,7,15,[1 8],8,24,39,16,22
1,<environment.Job instance at 0x7f828d541cd0>,10,12,[10  4],11,39,51,28,22
1,<environment.Job instance at 0x7f828d8ae780>,11,15,[10  4],12,51,66,39,37
1,<environment.Job instance at 0x7f8243529b90>,23,2,[4 9],24,66,68,42,63
1,<environment.Job instance at 0x7f828e2c30f0>,20,13,[3 7],21,84,97,63,84
1,<environment.Job instance at 0x7f828d3fe370>,29,12,[5 1],30,105,117,75,105
1,<environment.Job instance at 0x7f828d3fea00>,30,3,[8 5],31,117,120,86,105
1,<environment.Job instance at 0x7f828d3fe280>,31,13,[7 4],32,120,133,88,105
1,<environment.Job instance at 0x7f828d3fee10>,32,2,[4 9],33,105,107,72,105
1,<environment.Job instance at 0x7f828d3fe6e0>,33,3,[8 4],34,133,136,99,107
1,<environment.Job instance at 0x7f828d3fe1e0>,34,2,[3 8],35,107,109,72,107
1,<environment.Job instance at 0x7f824374a370>,39,15,[5 5],40,136,151,96,131
1,<environment.Job instance at 0x7f828d3fe500>,38,3,[6 2],39,151,154,112,131
1,<environment.Job instance at 0x7f824374abe0>,42,18,[2 5],43,135,153,92,135
1,<environment.Job instance at 0x7f828d358050>,45,15,[8 4],46,154,169,108,140
1,<environment.Job instance at 0x7f828d358460>,46,14,[2 6],47,153,167,106,140
1,<environment.Job instance at 0x7f828d358640>,47,15,[6 2],48,169,184,121,157
1,<environment.Job instance at 0x7f828d358cd0>,50,16,[1 6],51,167,183,116,165
1,<environment.Job instance at 0x7f828d358f50>,49,17,[5 4],50,184,201,134,173
1,<environment.Job instance at 0x7f828d358320>,55,16,[3 8],56,201,217,145,188
1,<environment.Job instance at 0x7f828d358a50>,54,18,[9 3],55,217,235,162,206
1,<environment.Job instance at 0x7f828d8a8e60>,67,17,[ 5 10],68,235,252,167,228
1,<environment.Job instance at 0x7f828d8a83c0>,71,13,[1 7],72,252,265,180,237
1,<environment.Job instance at 0x7f828d8a8af0>,72,2,[5 3],73,252,254,179,237
1,<environment.Job instance at 0x7f828d8a86e0>,74,14,[5 3],75,254,268,179,248
1,<environment.Job instance at 0x7f824374a6e0>,3,2,[2 7],4,4,6,0,4
1,<environment.Job instance at 0x7f82432f4aa0>,4,1,[1 7],5,6,7,1,5
1,<environment.Job instance at 0x7f824339ce60>,5,3,[3 6],6,7,10,1,6
1,<environment.Job instance at 0x7f828d8fc550>,7,18,[5 3],8,8,26,0,8
1,<environment.Job instance at 0x7f828d8fc870>,8,2,[7 3],9,26,28,17,9
1,<environment.Job instance at 0x7f828d2cd780>,11,3,[5 2],12,15,18,3,15
1,<environment.Job instance at 0x7f828d358820>,2,15,[9 5],3,28,43,25,15
1,<environment.Job instance at 0x7f828d2cd9b0>,15,1,[3 8],16,43,44,27,20
1,<environment.Job instance at 0x7f8242eab550>,17,2,[7 1],18,43,45,25,24
1,<environment.Job instance at 0x7f8242eab960>,18,2,[5 5],19,24,26,5,24
1,<environment.Job instance at 0x7f828d2cdeb0>,16,16,[2 7],17,44,60,27,31
1,<environment.Job instance at 0x7f828dd255a0>,24,18,[6 5],25,60,78,35,49
1,<environment.Job instance at 0x7f828d3a1140>,28,3,[6 1],29,51,54,22,51
1,<environment.Job instance at 0x7f828d3a1370>,29,16,[5 5],30,78,94,48,65
1,<environment.Job instance at 0x7f828d3a18c0>,26,17,[5 1],27,78,95,51,66
1,<environment.Job instance at 0x7f828d3a1780>,36,14,[8 5],37,95,109,58,81
1,<environment.Job instance at 0x7f828cfbdc80>,43,18,[6 1],44,109,127,65,98
1,<environment.Job instance at 0x7f828cfbdf50>,44,16,[1 6],45,109,125,64,100
1,<environment.Job instance at 0x7f828d3a1550>,35,18,[4 9],36,125,143,89,114
1,<environment.Job instance at 0x7f828cfbdc30>,49,2,[9 5],50,143,145,93,120
1,<environment.Job instance at 0x7f8243515910>,51,2,[10  3],52,145,147,93,120
1,<environment.Job instance at 0x7f82435155a0>,53,15,[8 2],54,147,162,93,133
1,<environment.Job instance at 0x7f8243515780>,60,2,[9 2],61,162,164,101,149
1,<environment.Job instance at 0x7f828d53ee60>,61,16,[1 7],62,149,165,87,149
1,<environment.Job instance at 0x7f828d53e410>,63,3,[5 2],64,164,167,100,151
1,<environment.Job instance at 0x7f828d53eb90>,64,12,[ 1 10],65,167,179,102,151
1,<environment.Job instance at 0x7f828d53efa0>,65,1,[8 4],66,179,180,113,151
1,<environment.Job instance at 0x7f828d53e280>,67,2,[4 5],68,165,167,97,154
1,<environment.Job instance at 0x7f828d53ed20>,68,18,[5 9],69,180,198,111,171
1,<environment.Job instance at 0x7f8242fed0f0>,72,16,[4 7],73,198,214,125,185
1,<environment.Job instance at 0x7f824346b690>,74,16,[3 5],75,214,230,139,201
1,<environment.Job instance at 0x7f824346b3c0>,76,12,[1 5],77,214,226,137,203
1,<environment.Job instance at 0x7f824346b0a0>,81,12,[7 5],82,226,238,144,210
1,<environment.Job instance at 0x7f824346b140>,84,3,[5 3],85,238,241,153,215
1,<environment.Job instance at 0x7f828cf4bd70>,85,15,[8 3],86,241,256,155,227
1,<environment.Job instance at 0x7f828cf4b640>,89,2,[ 1 10],90,256,258,166,231
1,<environment.Job instance at 0x7f828cf4bf00>,90,14,[5 3],91,258,272,167,243
1,<environment.Job instance at 0x7f828cf4bf50>,91,3,[4 6],92,258,261,166,243
1,<environment.Job instance at 0x7f828cf4bcd0>,94,2,[ 4 10],95,272,274,177,257
1,<environment.Job instance at 0x7f828cf4bd20>,95,18,[6 4],96,274,292,178,264
1,<environment.Job instance at 0x7f828de02960>,6,18,[4 9],7,293,311,286,293
1,<environment.Job instance at 0x7f828d147910>,98,13,[7 2],99,311,324,212,295
1,<environment.Job instance at 0x7f828d147eb0>,100,15,[4 9],101,324,339,223,322
1,<environment.Job instance at 0x7f828d1475f0>,103,2,[10  3],104,339,341,235,326
1,<environment.Job instance at 0x7f828d1474b0>,104,17,[9 5],105,341,358,236,331
1,<environment.Job instance at 0x7f828de1d690>,107,18,[3 7],108,358,376,250,351
1,<environment.Job instance at 0x7f828d2cd500>,3,18,[1 7],4,8,26,4,8
1,<environment.Job instance at 0x7f8242fb4eb0>,10,1,[9 5],11,26,27,15,13
1,<environment.Job instance at 0x7f8243296730>,12,2,[7 3],13,14,16,1,14
1,<environment.Job instance at 0x7f8242fb5690>,13,2,[8 4],14,27,29,13,15
1,<environment.Job instance at 0x7f828d798cd0>,15,16,[6 5],16,29,45,13,16
1,<environment.Job instance at 0x7f8242eac8c0>,14,14,[ 4 10],15,45,59,30,30
1,<environment.Job instance at 0x7f82435cebe0>,28,3,[ 2 10],29,59,62,30,43
1,<environment.Job instance at 0x7f828dcece60>,30,3,[8 1],31,62,65,31,43
1,<environment.Job instance at 0x7f8243045870>,31,14,[1 8],32,62,76,30,51
1,<environment.Job instance at 0x7f828dcecb90>,32,16,[6 4],33,76,92,43,65
1,<environment.Job instance at 0x7f828d4fc0f0>,41,18,[7 3],42,92,110,50,81
1,<environment.Job instance at 0x7f8243421280>,42,17,[1 7],43,92,109,49,91
1,<environment.Job instance at 0x7f8243421dc0>,45,12,[8 1],46,110,122,64,93
1,<environment.Job instance at 0x7f8243116460>,19,14,[2 7],20,109,123,89,105
1,<environment.Job instance at 0x7f8243627370>,48,12,[10  1],49,123,135,74,106
1,<environment.Job instance at 0x7f8243627780>,47,15,[ 3 10],48,135,150,87,121
1,<environment.Job instance at 0x7f8243644230>,60,15,[6 1],61,150,165,89,136
1,<environment.Job instance at 0x7f828db89f00>,17,18,[3 8],18,150,168,132,148
1,<environment.Job instance at 0x7f824307b910>,67,2,[ 4 10],68,168,170,100,150
1,<environment.Job instance at 0x7f824361d500>,69,13,[2 6],70,170,183,100,169
1,<environment.Job instance at 0x7f824309f7d0>,72,2,[5 5],73,183,185,110,169
1,<environment.Job instance at 0x7f828d799f00>,71,2,[5 3],72,170,172,98,169
1,<environment.Job instance at 0x7f8243627a00>,52,16,[1 7],53,185,201,132,172
1,<environment.Job instance at 0x7f828d7a0140>,76,2,[9 2],77,185,187,108,173
1,<environment.Job instance at 0x7f82433bcd20>,77,2,[4 6],78,201,203,123,174
1,<environment.Job instance at 0x7f824339b1e0>,79,2,[9 2],80,187,189,107,176
1,<environment.Job instance at 0x7f828dae8140>,84,3,[5 3],85,189,192,104,185
1,<environment.Job instance at 0x7f828dae82d0>,83,2,[2 8],84,203,205,119,185
1,<environment.Job instance at 0x7f8243068460>,82,16,[9 2],83,205,221,122,197
1,<environment.Job instance at 0x7f8243618af0>,95,13,[7 2],96,221,234,125,221
1,<environment.Job instance at 0x7f828d85d730>,99,1,[ 4 10],100,234,235,134,221
1,<environment.Job instance at 0x7f828d85d640>,100,12,[10  5],101,235,247,134,224
1,<environment.Job instance at 0x7f828d85df50>,102,2,[6 5],103,247,249,144,228
1,<environment.Job instance at 0x7f82433c3fa0>,103,17,[8 3],104,249,266,145,237
1,<environment.Job instance at 0x7f82433c30a0>,107,15,[5 5],108,266,281,158,252
1,<environment.Job instance at 0x7f8243697be0>,116,15,[ 1 10],117,281,296,164,271
1,<environment.Job instance at 0x7f82436a7460>,121,1,[5 7],122,296,297,174,285
1,<environment.Job instance at 0x7f828d9beaa0>,36,18,[ 2 10],37,297,315,260,289
1,<environment.Job instance at 0x7f82436a79b0>,127,3,[ 2 10],128,315,318,187,295
1,<environment.Job instance at 0x7f82436a7b40>,129,15,[4 9],130,318,333,188,305
1,<environment.Job instance at 0x7f828deac7d0>,133,2,[7 1],134,333,335,199,314
1,<environment.Job instance at 0x7f82436a7320>,134,2,[4 5],135,335,337,200,314
1,<environment.Job instance at 0x7f828deac8c0>,135,13,[9 1],136,337,350,201,321
1,<environment.Job instance at 0x7f8243794b90>,136,3,[4 7],137,350,353,213,324
1,<environment.Job instance at 0x7f8243794730>,138,15,[3 5],139,353,368,214,339
1,<environment.Job instance at 0x7f8243794f00>,142,15,[8 3],143,368,383,225,354
1,<environment.Job instance at 0x7f8243794fa0>,143,3,[7 5],144,354,357,210,354
1,<environment.Job instance at 0x7f8243794a00>,145,14,[6 3],146,383,397,237,368
1,<environment.Job instance at 0x7f8243794410>,148,14,[2 8],149,397,411,248,382
1,<environment.Job instance at 0x7f828e40d410>,154,1,[6 3],155,411,412,256,400
1,<environment.Job instance at 0x7f828d875aa0>,155,15,[10  4],156,412,427,256,400
1,<environment.Job instance at 0x7f828d875e60>,157,2,[1 6],158,427,429,269,401
1,<environment.Job instance at 0x7f828d6c35f0>,158,3,[10  2],159,429,432,270,403
1,<environment.Job instance at 0x7f8242e95fa0>,1,12,[7 1],2,3,15,1,3
1,<environment.Job instance at 0x7f82436447d0>,5,3,[4 7],6,15,18,9,8
1,<environment.Job instance at 0x7f82437c3050>,7,14,[6 1],8,15,29,7,9
1,<environment.Job instance at 0x7f828d9f0d70>,12,17,[3 6],13,18,35,5,14
1,<environment.Job instance at 0x7f8243641dc0>,15,14,[8 2],16,35,49,19,21
1,<environment.Job instance at 0x7f828cff4500>,18,2,[7 4],19,29,31,10,27
1,<environment.Job instance at 0x7f828cff47d0>,20,1,[3 6],21,49,50,28,28
1,<environment.Job instance at 0x7f828d882460>,17,2,[1 9],18,50,52,32,30
1,<environment.Job instance at 0x7f82437879b0>,21,17,[7 4],22,52,69,30,41
1,<environment.Job instance at 0x7f82434e0cd0>,32,13,[6 1],33,69,82,36,53
1,<environment.Job instance at 0x7f82432758c0>,33,15,[5 2],34,82,97,48,68
1,<environment.Job instance at 0x7f828ddf6230>,38,18,[5 3],39,82,100,43,71
1,<environment.Job instance at 0x7f828ddf6550>,40,12,[5 7],41,97,109,56,80
1,<environment.Job instance at 0x7f828d526640>,52,13,[5 8],53,109,122,56,94
1,<environment.Job instance at 0x7f828d46d500>,60,12,[9 3],61,122,134,61,112
1,<environment.Job instance at 0x7f8243641e60>,10,16,[4 9],11,134,150,123,125
1,<environment.Job instance at 0x7f828d46d4b0>,66,13,[7 3],67,150,163,83,134
1,<environment.Job instance at 0x7f82430653c0>,70,18,[1 7],71,150,168,79,141
1,<environment.Job instance at 0x7f82430650f0>,72,3,[4 6],73,168,171,95,147
1,<environment.Job instance at 0x7f8243065f00>,75,3,[10  1],76,171,174,95,159
1,<environment.Job instance at 0x7f8243065050>,76,1,[7 5],77,174,175,97,159
1,<environment.Job instance at 0x7f8243065fa0>,78,3,[6 4],79,168,171,89,160
1,<environment.Job instance at 0x7f828d24d960>,79,1,[9 5],80,175,176,95,160
1,<environment.Job instance at 0x7f828d24d7d0>,80,16,[8 3],81,176,192,95,163
1,<environment.Job instance at 0x7f828ddf6e10>,39,12,[9 5],40,192,204,152,178
1,<environment.Job instance at 0x7f828d24dd70>,83,13,[ 4 10],84,204,217,120,188
1,<environment.Job instance at 0x7f828d46d910>,64,18,[ 4 10],65,217,235,152,215
1,<environment.Job instance at 0x7f8243116410>,95,3,[5 3],96,235,238,139,215
1,<environment.Job instance at 0x7f828ddf1af0>,100,14,[7 5],101,238,252,137,224
1,<environment.Job instance at 0x7f828d802b90>,102,18,[5 8],103,252,270,149,245
1,<environment.Job instance at 0x7f82434953c0>,110,18,[5 5],111,282,300,171,282
1,<environment.Job instance at 0x7f828d2505f0>,84,15,[10  3],85,300,315,215,295
1,<environment.Job instance at 0x7f828d1de5f0>,115,2,[8 4],116,315,317,199,295
1,<environment.Job instance at 0x7f8243712190>,114,18,[1 9],115,338,356,223,338
1,<environment.Job instance at 0x7f82430a95f0>,123,13,[2 7],124,356,369,232,345
1,<environment.Job instance at 0x7f82430a9dc0>,126,17,[4 9],127,383,400,256,383
1,<environment.Job instance at 0x7f82430a9a00>,128,13,[5 5],129,400,413,271,386
1,<environment.Job instance at 0x7f82430a9b40>,130,13,[1 6],131,634,647,503,634
1,<environment.Job instance at 0x7f82430a91e0>,2,1,[9 3],3,5,6,2,5
1,<environment.Job instance at 0x7f8242eaf0f0>,5,3,[4 6],6,7,10,1,7
1,<environment.Job instance at 0x7f8243065be0>,3,12,[6 3],4,16,28,12,16
1,<environment.Job instance at 0x7f82433ae2d0>,6,14,[8 2],7,28,42,21,17
1,<environment.Job instance at 0x7f828d802500>,10,3,[2 6],11,18,21,7,18
1,<environment.Job instance at 0x7f828d58baa0>,13,2,[7 2],14,42,44,28,18
1,<environment.Job instance at 0x7f828d46e730>,16,3,[5 2],17,44,47,27,19
1,<environment.Job instance at 0x7f828d46eeb0>,18,3,[2 5],19,21,24,2,19
1,<environment.Job instance at 0x7f828d58b190>,9,16,[1 8],10,28,44,18,22
1,<environment.Job instance at 0x7f828d46e5a0>,23,16,[5 5],24,44,60,20,43
1,<environment.Job instance at 0x7f828d46e8c0>,24,18,[7 5],25,69,87,44,69
1,<environment.Job instance at 0x7f8242eec1e0>,30,2,[ 4 10],31,91,93,60,91
1,<environment.Job instance at 0x7f82434959b0>,28,12,[8 2],29,93,105,64,91
1,<environment.Job instance at 0x7f8242eec230>,33,1,[1 7],34,93,94,59,91
1,<environment.Job instance at 0x7f8242eecb90>,32,14,[1 7],33,96,110,63,96
1,<environment.Job instance at 0x7f8242eec730>,35,3,[4 7],36,110,113,74,96
1,<environment.Job instance at 0x7f8242eec690>,38,1,[7 1],39,105,106,66,96
1,<environment.Job instance at 0x7f8242eec2d0>,39,2,[1 8],40,113,115,73,96
1,<environment.Job instance at 0x7f8242eec8c0>,40,1,[2 9],41,115,116,74,96
1,<environment.Job instance at 0x7f8242eec9b0>,41,15,[6 1],42,106,121,64,96
1,<environment.Job instance at 0x7f828d46e780>,27,16,[7 4],28,121,137,93,110
1,<environment.Job instance at 0x7f828d5163c0>,44,3,[1 9],45,116,119,71,110
1,<environment.Job instance at 0x7f8242eecbe0>,42,18,[5 5],43,137,155,94,126
1,<environment.Job instance at 0x7f828d516b40>,49,12,[10  3],50,155,167,105,140
1,<environment.Job instance at 0x7f828d516fa0>,50,12,[9 5],51,167,179,116,150
1,<environment.Job instance at 0x7f828d5160a0>,55,3,[5 4],56,179,182,123,155
1,<environment.Job instance at 0x7f8242e9dd20>,56,2,[5 6],57,179,181,122,155
1,<environment.Job instance at 0x7f8242e9dbe0>,57,12,[5 5],58,181,193,123,165
1,<environment.Job instance at 0x7f8242e9de10>,64,12,[5 5],65,182,194,117,169
1,<environment.Job instance at 0x7f828d516910>,53,16,[1 8],54,194,210,140,181
1,<environment.Job instance at 0x7f8242e9dd70>,69,15,[3 7],70,210,225,140,196
1,<environment.Job instance at 0x7f8242e9daf0>,71,1,[ 5 10],72,225,226,153,197
1,<environment.Job instance at 0x7f8242ef6f50>,74,16,[4 6],75,236,252,161,236
1,<environment.Job instance at 0x7f8242ef6af0>,75,15,[5 5],76,252,267,176,238
1,<environment.Job instance at 0x7f8242ef67d0>,79,1,[1 5],80,252,253,172,239
1,<environment.Job instance at 0x7f8242ef6a50>,81,2,[3 9],82,267,269,185,240
1,<environment.Job instance at 0x7f8242ef6b40>,83,3,[8 3],84,269,272,185,255
1,<environment.Job instance at 0x7f8242ef6690>,84,17,[5 2],85,272,289,187,260
1,<environment.Job instance at 0x7f8242ef6c30>,87,3,[5 9],88,289,292,201,266
1,<environment.Job instance at 0x7f8242ef4550>,88,18,[2 5],89,269,287,180,266
1,<environment.Job instance at 0x7f8242ef4780>,92,2,[8 3],93,292,294,199,271
1,<environment.Job instance at 0x7f8242ef4d70>,93,12,[2 9],94,294,306,200,277
1,<environment.Job instance at 0x7f8242ef40f0>,94,3,[4 8],95,306,309,211,280
1,<environment.Job instance at 0x7f8242ef65f0>,80,12,[7 4],81,309,321,228,292
1,<environment.Job instance at 0x7f8242ef4aa0>,99,16,[ 1 10],100,321,337,221,308
1,<environment.Job instance at 0x7f8242e94c30>,107,12,[7 2],108,337,349,229,324
1,<environment.Job instance at 0x7f8242e948c0>,110,13,[7 2],111,349,362,238,333
1,<environment.Job instance at 0x7f8242ee5b40>,120,13,[2 8],121,339,352,218,339
1,<environment.Job instance at 0x7f8242ee5870>,122,12,[7 5],123,362,374,239,345
1,<environment.Job instance at 0x7f8242ee5eb0>,119,12,[2 9],120,374,386,254,357
1,<environment.Job instance at 0x7f8242ee5c80>,130,14,[5 1],131,374,388,243,361
1,<environment.Job instance at 0x7f8242e60820>,137,17,[5 5],138,394,411,256,394
1,<environment.Job instance at 0x7f8242e60d20>,139,18,[1 5],140,418,436,278,418
1,<environment.Job instance at 0x7f828d64b5f0>,143,13,[6 4],144,419,432,275,419
1,<environment.Job instance at 0x7f8242ee5cd0>,123,17,[10  5],124,436,453,312,424
1,<environment.Job instance at 0x7f8242ee54b0>,126,17,[10  5],127,461,478,334,461
1,<environment.Job instance at 0x7f8242ec74b0>,155,1,[10  4],156,478,479,322,461
1,<environment.Job instance at 0x7f8242f904b0>,156,1,[1 6],157,479,480,322,461
1,<environment.Job instance at 0x7f828d54c1e0>,152,2,[10  2],153,480,482,327,462
1,<environment.Job instance at 0x7f824347f7d0>,4,15,[9 1],5,6,21,1,6
1,<environment.Job instance at 0x7f828d40bc80>,8,3,[6 2],9,21,24,12,10
1,<environment.Job instance at 0x7f82433ae690>,10,13,[1 5],11,11,24,0,11
1,<environment.Job instance at 0x7f82435dc690>,5,3,[3 8],6,24,27,18,11
1,<environment.Job instance at 0x7f828d700230>,9,17,[7 1],10,24,41,14,16
1,<environment.Job instance at 0x7f828cee97d0>,13,13,[2 7],14,27,40,13,16
1,<environment.Job instance at 0x7f824350c140>,17,17,[7 2],18,51,68,33,51
1,<environment.Job instance at 0x7f828d68b320>,19,1,[8 5],20,68,69,48,51
1,<environment.Job instance at 0x7f828db42a50>,20,1,[8 2],21,69,70,48,51
1,<environment.Job instance at 0x7f8242e5ae10>,21,3,[5 9],22,70,73,48,51
1,<environment.Job instance at 0x7f828da93870>,22,1,[1 9],23,73,74,50,52
1,<environment.Job instance at 0x7f828da93a00>,23,2,[7 1],24,73,75,49,52
1,<environment.Job instance at 0x7f828d92baf0>,27,3,[7 1],28,110,113,82,110
1,<environment.Job instance at 0x7f828d92beb0>,28,19,[2 5],29,110,129,81,110
1,<environment.Job instance at 0x7f8242eec870>,3,18,[2 9],4,138,156,134,138
1,<environment.Job instance at 0x7f8242eb3e60>,39,3,[7 2],40,156,159,116,143
1,<environment.Job instance at 0x7f8242eb3af0>,37,16,[3 9],38,159,175,121,147
1,<environment.Job instance at 0x7f824368e8c0>,43,1,[7 5],44,175,176,131,160
1,<environment.Job instance at 0x7f824368e370>,44,17,[10  1],45,176,193,131,164
1,<environment.Job instance at 0x7f824368e0f0>,48,16,[8 3],49,193,209,144,187
1,<environment.Job instance at 0x7f824368e410>,51,13,[3 5],52,209,222,157,193
1,<environment.Job instance at 0x7f828dbe4410>,53,17,[5 8],54,222,239,168,210
1,<environment.Job instance at 0x7f828d06fb40>,57,2,[8 4],58,239,241,181,220
1,<environment.Job instance at 0x7f8242fec3c0>,59,18,[10  5],60,242,260,182,242
1,<environment.Job instance at 0x7f8242feca50>,60,3,[2 5],61,260,263,199,242
1,<environment.Job instance at 0x7f828d07c5f0>,61,2,[8 2],62,260,262,198,242
1,<environment.Job instance at 0x7f828d0671e0>,65,16,[ 3 10],66,263,279,197,261
1,<environment.Job instance at 0x7f828d067690>,67,13,[10  1],68,279,292,211,265
1,<environment.Job instance at 0x7f828d067be0>,71,15,[2 7],72,292,307,220,286
1,<environment.Job instance at 0x7f828d067320>,74,14,[7 2],75,292,306,217,290
1,<environment.Job instance at 0x7f828d06c8c0>,76,13,[9 1],77,307,320,230,292
1,<environment.Job instance at 0x7f828d06cf50>,78,3,[8 2],79,320,323,241,294
1,<environment.Job instance at 0x7f828d073fa0>,80,3,[6 3],81,323,326,242,311
1,<environment.Job instance at 0x7f828d073f00>,81,3,[8 2],82,326,329,244,311
1,<environment.Job instance at 0x7f828d073050>,82,13,[3 5],83,329,342,246,313
1,<environment.Job instance at 0x7f828d073410>,83,1,[ 3 10],84,342,343,258,314
1,<environment.Job instance at 0x7f828d083e10>,88,18,[5 2],89,343,361,254,342
1,<environment.Job instance at 0x7f828d075280>,92,3,[5 4],93,345,348,252,345
1,<environment.Job instance at 0x7f828d10b910>,93,12,[10  1],94,361,373,267,346
1,<environment.Job instance at 0x7f828d116910>,94,15,[10  1],95,373,388,278,360
1,<environment.Job instance at 0x7f8242e9db90>,3,2,[ 4 10],4,4,6,0,4
1,<environment.Job instance at 0x7f824312f460>,6,3,[3 8],7,7,10,0,7
1,<environment.Job instance at 0x7f8242eecdc0>,7,3,[3 5],8,10,13,2,8
1,<environment.Job instance at 0x7f8242e94f50>,1,17,[4 6],2,13,30,11,9
1,<environment.Job instance at 0x7f8242eec460>,10,1,[4 6],11,30,31,19,11
1,<environment.Job instance at 0x7f828d517af0>,14,18,[2 6],15,31,49,16,21
1,<environment.Job instance at 0x7f828d1fac80>,19,12,[1 5],20,49,61,29,34
1,<environment.Job instance at 0x7f82430c4690>,25,12,[9 4],26,55,67,29,55
1,<environment.Job instance at 0x7f82430c4370>,26,2,[5 2],27,67,69,40,55
1,<environment.Job instance at 0x7f828d517230>,15,18,[4 6],16,67,85,51,67
1,<environment.Job instance at 0x7f828ceb7190>,28,2,[1 6],29,85,87,56,67
1,<environment.Job instance at 0x7f828e02d0a0>,29,3,[9 2],30,85,88,55,67
1,<environment.Job instance at 0x7f828d848550>,31,13,[ 5 10],32,88,101,56,74
1,<environment.Job instance at 0x7f828d194e60>,32,3,[9 1],33,101,104,68,78
1,<environment.Job instance at 0x7f8242ff8b40>,36,3,[4 7],37,104,107,67,91
1,<environment.Job instance at 0x7f8242ff8aa0>,37,3,[5 6],38,107,110,69,92
1,<environment.Job instance at 0x7f828d871a00>,40,3,[ 4 10],41,110,113,69,93
1,<environment.Job instance at 0x7f828dcda0f0>,34,16,[10  1],35,113,129,78,103
1,<environment.Job instance at 0x7f828da93730>,4,14,[10  2],5,129,143,124,116
1,<environment.Job instance at 0x7f82433c5b90>,53,15,[5 6],54,143,158,89,129
1,<environment.Job instance at 0x7f828d9f5730>,57,14,[10  2],58,158,172,100,143
1,<environment.Job instance at 0x7f828d9f50a0>,58,15,[4 6],59,172,187,113,158
1,<environment.Job instance at 0x7f82433c89b0>,64,3,[4 6],65,187,190,122,161
1,<environment.Job instance at 0x7f828e192f00>,66,18,[6 4],67,172,190,105,161
1,<environment.Job instance at 0x7f828e1925a0>,67,18,[ 5 10],68,202,220,134,202
1,<environment.Job instance at 0x7f824348ff50>,70,17,[5 2],71,220,237,149,208
1,<environment.Job instance at 0x7f828d025aa0>,72,14,[5 7],73,220,234,147,210
1,<environment.Job instance at 0x7f828dcf0960>,77,3,[5 8],78,234,237,156,216
1,<environment.Job instance at 0x7f828dcf0190>,78,3,[1 5],79,237,240,158,217
1,<environment.Job instance at 0x7f828dcf08c0>,79,13,[5 7],80,240,253,160,224
1,<environment.Job instance at 0x7f8242f7f410>,81,15,[2 9],82,253,268,171,241
1,<environment.Job instance at 0x7f8242f7f5a0>,82,17,[5 5],83,268,285,185,257
1,<environment.Job instance at 0x7f8243065500>,3,2,[5 8],4,4,6,0,4
1,<environment.Job instance at 0x7f8243065370>,2,3,[3 5],3,6,9,3,4
1,<environment.Job instance at 0x7f8243065780>,7,1,[9 1],8,9,10,1,8
1,<environment.Job instance at 0x7f8243065f00>,9,13,[6 2],10,10,23,0,10
1,<environment.Job instance at 0x7f8242eafc80>,10,3,[8 1],11,23,26,12,11
1,<environment.Job instance at 0x7f8242eafeb0>,11,2,[1 6],12,12,14,0,12
1,<environment.Job instance at 0x7f8243065910>,8,12,[5 3],9,26,38,17,13
1,<environment.Job instance at 0x7f8242eaf7d0>,13,16,[1 8],14,38,54,24,25
1,<environment.Job instance at 0x7f8242eaf820>,19,2,[5 8],20,54,56,34,27
1,<environment.Job instance at 0x7f8242eafa00>,21,1,[2 5],22,56,57,34,42
1,<environment.Job instance at 0x7f8242eaf690>,15,15,[4 8],16,57,72,41,43
1,<environment.Job instance at 0x7f8242eafaf0>,14,15,[9 3],15,72,87,57,58
1,<environment.Job instance at 0x7f828d5fffa0>,31,14,[9 1],32,87,101,55,73
1,<environment.Job instance at 0x7f828d5ff050>,33,15,[4 9],34,101,116,67,87
1,<environment.Job instance at 0x7f828d32b730>,39,2,[5 9],40,116,118,76,90
1,<environment.Job instance at 0x7f828d32bb90>,40,2,[5 1],41,101,103,60,90
1,<environment.Job instance at 0x7f828d32b690>,41,1,[10  5],42,118,119,76,90
1,<environment.Job instance at 0x7f828d32bc30>,43,12,[10  3],44,119,131,75,103
1,<environment.Job instance at 0x7f828d32b280>,46,3,[1 5],47,131,134,84,105
1,<environment.Job instance at 0x7f828d32ba50>,47,1,[5 4],48,131,132,83,105
1,<environment.Job instance at 0x7f828d32b5f0>,50,2,[5 2],51,132,134,81,119
1,<environment.Job instance at 0x7f8242eaf9b0>,20,15,[2 9],21,134,149,113,121
1,<environment.Job instance at 0x7f828d32b780>,55,18,[5 8],56,149,167,93,139
1,<environment.Job instance at 0x7f82432f3280>,57,16,[3 5],58,167,183,109,154
1,<environment.Job instance at 0x7f82430655f0>,4,17,[7 5],5,167,184,162,155
1,<environment.Job instance at 0x7f82432f31e0>,64,1,[3 5],65,183,184,118,178
1,<environment.Job instance at 0x7f82432f3e60>,65,16,[2 7],66,184,200,118,178
1,<environment.Job instance at 0x7f82432f3eb0>,66,16,[4 6],67,200,216,133,187
1,<environment.Job instance at 0x7f82432f3820>,69,16,[2 5],70,216,232,146,203
1,<environment.Job instance at 0x7f82432f3410>,73,16,[8 3],74,216,232,142,203
1,<environment.Job instance at 0x7f828cf2c050>,78,14,[3 9],79,232,246,153,217
1,<environment.Job instance at 0x7f828db59050>,86,3,[2 9],87,246,249,159,226
1,<environment.Job instance at 0x7f828db59c30>,87,12,[2 8],88,249,261,161,236
1,<environment.Job instance at 0x7f828db59e10>,88,3,[2 6],89,261,264,172,236
1,<environment.Job instance at 0x7f828d82aa00>,89,1,[5 5],90,264,265,174,236
1,<environment.Job instance at 0x7f828d82a4b0>,91,12,[10  4],92,265,277,173,250
1,<environment.Job instance at 0x7f828d82a550>,94,16,[3 6],95,277,293,182,264
1,<environment.Job instance at 0x7f828d82a2d0>,99,3,[9 1],100,293,296,193,275
1,<environment.Job instance at 0x7f828d82a460>,101,3,[5 3],102,277,280,175,275
1,<environment.Job instance at 0x7f828d82a190>,102,3,[2 8],103,296,299,193,275
1,<environment.Job instance at 0x7f828d82a0f0>,104,14,[5 6],105,299,313,194,286
1,<environment.Job instance at 0x7f824381b910>,107,12,[1 5],108,313,325,205,296
1,<environment.Job instance at 0x7f824381b8c0>,108,17,[7 3],109,313,330,204,301
1,<environment.Job instance at 0x7f824381b9b0>,112,16,[8 2],113,330,346,217,317
1,<environment.Job instance at 0x7f824381b280>,115,14,[10  5],116,346,360,230,333
1,<environment.Job instance at 0x7f824381b1e0>,116,13,[ 2 10],117,360,373,243,345
1,<environment.Job instance at 0x7f828d541190>,121,18,[ 3 10],122,373,391,251,365
1,<environment.Job instance at 0x7f828d7de0a0>,127,17,[1 9],128,391,408,263,379
1,<environment.Job instance at 0x7f828d7de230>,133,17,[6 4],134,408,425,274,396
1,<environment.Job instance at 0x7f828d7de0f0>,134,16,[2 6],135,408,424,273,398
1,<environment.Job instance at 0x7f828d0baaa0>,143,17,[5 8],144,425,442,281,413
1,<environment.Job instance at 0x7f828d880460>,147,15,[6 5],148,442,457,294,428
1,<environment.Job instance at 0x7f82434e1640>,152,17,[5 5],153,457,474,304,445
1,<environment.Job instance at 0x7f828daede10>,156,3,[3 8],157,474,477,317,448
1,<environment.Job instance at 0x7f82434e1780>,157,3,[ 5 10],158,477,480,319,451
1,<environment.Job instance at 0x7f8242f01f50>,4,3,[1 6],5,5,8,0,5
1,<environment.Job instance at 0x7f8242f01410>,5,3,[2 8],6,8,11,2,7
1,<environment.Job instance at 0x7f828d82a8c0>,0,18,[6 2],1,8,26,7,8
1,<environment.Job instance at 0x7f828d5fc6e0>,7,17,[2 8],8,12,29,4,12
1,<environment.Job instance at 0x7f828d617320>,10,13,[9 1],11,29,42,18,14
1,<environment.Job instance at 0x7f828d607d70>,13,16,[1 7],14,29,45,15,20
1,<environment.Job instance at 0x7f828d62eb90>,8,14,[4 8],9,45,59,36,31
1,<environment.Job instance at 0x7f828d62cf00>,19,2,[8 3],20,42,44,22,31
1,<environment.Job instance at 0x7f828d580690>,21,2,[9 5],22,59,61,37,32
1,<environment.Job instance at 0x7f828d5a8410>,24,2,[9 4],25,61,63,36,37
1,<environment.Job instance at 0x7f828d62f960>,25,2,[2 8],26,63,65,37,37
1,<environment.Job instance at 0x7f828d617410>,17,13,[ 5 10],18,65,78,47,49
1,<environment.Job instance at 0x7f828d62ec30>,11,16,[10  2],12,78,94,66,66
1,<environment.Job instance at 0x7f828d62f050>,37,18,[7 4],38,94,112,56,83
1,<environment.Job instance at 0x7f828d600f50>,40,14,[10  2],41,112,126,71,102
1,<environment.Job instance at 0x7f8a0a5c3230>,2,12,[5 4],3,3,15,0,3
1,<environment.Job instance at 0x7f8a071b32d0>,5,13,[5 9],6,15,28,9,7
1,<environment.Job instance at 0x7f8a071b3730>,8,17,[ 2 10],9,28,45,19,16
1,<environment.Job instance at 0x7f8a071b3460>,12,3,[6 3],13,45,48,32,28
1,<environment.Job instance at 0x7f8a071b36e0>,13,13,[1 8],14,48,61,34,33
1,<environment.Job instance at 0x7f8a071b3910>,14,12,[3 7],15,61,73,46,44
1,<environment.Job instance at 0x7f8a0a606640>,3,18,[ 3 10],4,73,91,69,72
1,<environment.Job instance at 0x7f8a071b3dc0>,21,3,[ 2 10],22,91,94,69,72
1,<environment.Job instance at 0x7f8a071b40f0>,24,3,[5 9],25,94,97,69,76
1,<environment.Job instance at 0x7f8a071b42d0>,25,3,[1 6],26,97,100,71,76
1,<environment.Job instance at 0x7f8a071b4550>,27,2,[6 4],28,97,99,69,76
1,<environment.Job instance at 0x7f8a071b4460>,28,2,[5 9],29,100,102,71,76
1,<environment.Job instance at 0x7f8a071b4320>,30,1,[5 5],31,102,103,71,79
1,<environment.Job instance at 0x7f8a071b4500>,32,17,[9 3],33,105,122,72,105
1,<environment.Job instance at 0x7f8a071b48c0>,34,3,[9 5],35,122,125,87,105
1,<environment.Job instance at 0x7f8a071b4a00>,37,14,[5 5],38,125,139,87,110
1,<environment.Job instance at 0x7f8a071b4b40>,39,18,[5 8],40,139,157,99,128
1,<environment.Job instance at 0x7f8a0a5c31e0>,0,18,[ 2 10],1,157,175,156,151
1,<environment.Job instance at 0x7f8a071b9370>,46,3,[5 4],47,175,178,128,151
1,<environment.Job instance at 0x7f8a071b9500>,48,13,[6 1],49,178,191,129,163
1,<environment.Job instance at 0x7f8a071b95a0>,51,2,[4 9],52,178,180,126,163
1,<environment.Job instance at 0x7f8a071c0d20>,2,1,[ 5 10],3,3,4,0,3
1,<environment.Job instance at 0x7f8a071bbb40>,0,3,[9 1],1,7,10,6,7
1,<environment.Job instance at 0x7f8a071bb690>,1,14,[5 3],2,10,24,8,8
1,<environment.Job instance at 0x7f8a071b97d0>,3,12,[1 7],4,25,37,21,25
1,<environment.Job instance at 0x7f8a071ce9b0>,12,2,[8 2],13,25,27,12,25
1,<environment.Job instance at 0x7f8a071cec80>,13,1,[3 9],14,37,38,23,25
1,<environment.Job instance at 0x7f8a071ce370>,10,12,[2 5],11,38,50,27,25
1,<environment.Job instance at 0x7f8a071d12d0>,17,2,[9 3],18,32,34,14,32
1,<environment.Job instance at 0x7f8a071d1780>,21,3,[8 2],22,34,37,12,32
1,<environment.Job instance at 0x7f8a071d1be0>,22,14,[8 4],23,38,52,15,33
1,<environment.Job instance at 0x7f8a071c0d70>,7,13,[ 4 10],8,52,65,44,37
1,<environment.Job instance at 0x7f8a071d65f0>,27,3,[4 9],28,65,68,37,48
1,<environment.Job instance at 0x7f8a071d6af0>,30,2,[3 8],31,68,70,37,49
1,<environment.Job instance at 0x7f8a07157a00>,32,14,[9 2],33,70,84,37,55
1,<environment.Job instance at 0x7f8a071d1dc0>,24,17,[10  5],25,84,101,59,77
1,<environment.Job instance at 0x7f8a07157820>,35,17,[5 9],36,101,118,65,96
1,<environment.Job instance at 0x7f8a07157910>,34,17,[10  2],35,118,135,83,106
1,<environment.Job instance at 0x7f8a07159870>,43,12,[5 1],44,106,118,62,106
1,<environment.Job instance at 0x7f89bf5af050>,44,13,[5 9],45,135,148,90,120
1,<environment.Job instance at 0x7f8a071d1a50>,25,16,[ 3 10],26,148,164,122,135
1,<environment.Job instance at 0x7f89bf5af5a0>,49,1,[9 2],50,164,165,114,136
1,<environment.Job instance at 0x7f89bf5af0f0>,50,2,[4 5],51,165,167,114,139
1,<environment.Job instance at 0x7f89bf5b7af0>,51,1,[8 3],52,167,168,115,139
1,<environment.Job instance at 0x7f89bf5b71e0>,52,1,[3 8],53,168,169,115,141
1,<environment.Job instance at 0x7f89bf5af3c0>,45,17,[8 1],46,169,186,123,162
1,<environment.Job instance at 0x7f89bf5b7e10>,57,1,[7 2],58,168,169,110,163
1,<environment.Job instance at 0x7f89bf5b7780>,53,15,[5 6],54,186,201,132,172
1,<environment.Job instance at 0x7f89bf539410>,59,12,[5 4],60,186,198,126,172
1,<environment.Job instance at 0x7f89bf5398c0>,61,13,[3 6],62,201,214,139,185
1,<environment.Job instance at 0x7f89bf539b90>,63,12,[3 8],64,214,226,150,197
1,<environment.Job instance at 0x7f89bf539690>,65,12,[2 6],66,226,238,160,211
1,<environment.Job instance at 0x7f89bf539820>,66,3,[7 5],67,238,241,171,212
1,<environment.Job instance at 0x7f89bf5399b0>,60,15,[7 4],61,241,256,180,228
1,<environment.Job instance at 0x7f89bf53c0a0>,72,3,[3 9],73,256,259,183,230
1,<environment.Job instance at 0x7f89bf53c960>,75,3,[6 4],76,259,262,183,243
1,<environment.Job instance at 0x7f89bf53c640>,76,17,[2 6],77,259,276,182,247
1,<environment.Job instance at 0x7f89bf53c500>,78,12,[9 2],79,276,288,197,259
1,<environment.Job instance at 0x7f89bf53d1e0>,82,13,[2 5],83,288,301,205,272
1,<environment.Job instance at 0x7f89bf53d320>,84,17,[1 9],85,301,318,216,289
1,<environment.Job instance at 0x7f89bf53c780>,74,15,[9 5],75,318,333,243,304
1,<environment.Job instance at 0x7f89bf5ccb40>,94,18,[10  2],95,350,368,255,350
1,<environment.Job instance at 0x7f89bf5bc820>,97,14,[3 5],98,368,382,270,353
1,<environment.Job instance at 0x7f89bf5d05a0>,100,1,[9 5],101,382,383,281,354
1,<environment.Job instance at 0x7f8a07157550>,3,1,[2 8],4,5,6,1,5
1,<environment.Job instance at 0x7f89bf883050>,6,20,[6 2],7,9,29,2,9
1,<environment.Job instance at 0x7f8a0a5c27d0>,9,1,[4 6],10,10,11,0,10
1,<environment.Job instance at 0x7f8a0a5c2cd0>,10,1,[2 5],11,11,12,0,11
1,<environment.Job instance at 0x7f8a0a5c24b0>,12,15,[7 3],13,29,44,16,15
1,<environment.Job instance at 0x7f8a0a5c2e60>,11,14,[3 6],12,16,30,4,16
1,<environment.Job instance at 0x7f89bf3fa320>,15,16,[2 6],16,30,46,14,17
1,<environment.Job instance at 0x7f89bf3fae10>,20,1,[5 1],21,44,45,23,24
1,<environment.Job instance at 0x7f8a0a611d20>,18,16,[3 6],19,46,62,27,37
1,<environment.Job instance at 0x7f8a0a72b550>,26,3,[2 7],27,62,65,35,40
1,<environment.Job instance at 0x7f8a070106e0>,28,3,[4 7],29,65,68,36,44
1,<environment.Job instance at 0x7f89bf416780>,27,13,[ 1 10],28,68,81,40,52
1,<environment.Job instance at 0x7f8a076acaf0>,32,2,[6 3],33,66,68,33,66
1,<environment.Job instance at 0x7f8a07713e10>,31,18,[3 8],32,81,99,49,72
1,<environment.Job instance at 0x7f8a07056410>,38,14,[3 6],39,99,113,60,88
1,<environment.Job instance at 0x7f8a073f9190>,39,3,[9 2],40,113,116,73,88
1,<environment.Job instance at 0x7f89bf45f870>,41,3,[10  4],42,116,119,74,91
1,<environment.Job instance at 0x7f89bf496230>,42,2,[6 4],43,99,101,56,91
1,<environment.Job instance at 0x7f89bf496280>,47,13,[4 9],48,119,132,71,103
1,<environment.Job instance at 0x7f89bf496320>,48,12,[8 2],49,132,144,83,115
1,<environment.Job instance at 0x7f89bf46b460>,59,17,[2 6],60,135,152,75,135
1,<environment.Job instance at 0x7f89bf46b500>,60,16,[1 9],61,152,168,91,139
1,<environment.Job instance at 0x7f89bf4962d0>,45,18,[ 3 10],46,168,186,122,157
1,<environment.Job instance at 0x7f8a07333410>,66,13,[8 3],67,186,199,119,170
1,<environment.Job instance at 0x7f8a07333f50>,68,14,[2 7],69,186,200,117,177
1,<environment.Job instance at 0x7f89bf475d70>,72,13,[8 1],73,199,212,126,183
1,<environment.Job instance at 0x7f89bf475b90>,76,13,[1 6],77,200,213,123,193
1,<environment.Job instance at 0x7f89bf475460>,77,14,[10  3],78,213,227,135,199
1,<environment.Job instance at 0x7f89bf4e14b0>,82,13,[3 9],83,227,240,144,211
1,<environment.Job instance at 0x7f8a076d9230>,86,13,[8 4],87,267,280,180,267
1,<environment.Job instance at 0x7f8a06f93a50>,90,17,[9 4],91,280,297,189,278
1,<environment.Job instance at 0x7f8a0765d820>,92,12,[8 5],93,297,309,204,280
1,<environment.Job instance at 0x7f8a07670460>,96,13,[7 1],97,309,322,212,293
1,<environment.Job instance at 0x7f8a07670370>,97,16,[2 6],98,309,325,211,299
1,<environment.Job instance at 0x7f89bfa7f9b0>,4,13,[1 9],5,11,24,6,11
1,<environment.Job instance at 0x7f8a07ee3320>,8,1,[5 3],9,24,25,15,13
1,<environment.Job instance at 0x7f89bfa6eaf0>,11,15,[3 5],12,24,39,12,23
1,<environment.Job instance at 0x7f89bf833f00>,1,17,[5 7],2,39,56,37,27
1,<environment.Job instance at 0x7f89bfa7e050>,16,14,[ 5 10],17,56,70,39,41
1,<environment.Job instance at 0x7f8a072c15a0>,20,1,[6 5],21,70,71,49,50
1,<environment.Job instance at 0x7f8a07264d70>,21,14,[5 4],22,71,85,49,56
1,<environment.Job instance at 0x7f8a076b6e60>,27,12,[5 5],28,77,89,49,77
1,<environment.Job instance at 0x7f8a074d39b0>,28,15,[5 9],29,89,104,60,77
1,<environment.Job instance at 0x7f8a07228aa0>,31,12,[5 9],32,104,116,72,88
1,<environment.Job instance at 0x7f89bf3fa820>,34,12,[4 7],35,116,128,81,103
1,<environment.Job instance at 0x7f8a075d2640>,38,2,[5 5],39,128,130,89,104
1,<environment.Job instance at 0x7f8a075d24b0>,40,3,[1 6],41,130,133,89,104
1,<environment.Job instance at 0x7f8a0747f0f0>,36,14,[10  4],37,133,147,96,124
1,<environment.Job instance at 0x7f8a073c3910>,43,12,[ 2 10],44,147,159,103,136
1,<environment.Job instance at 0x7f8a071a01e0>,5,2,[3 5],6,6,8,0,6
1,<environment.Job instance at 0x7f89bf810870>,7,2,[8 4],8,8,10,0,8
1,<environment.Job instance at 0x7f89bf8ba0f0>,12,15,[6 2],13,13,28,0,13
1,<environment.Job instance at 0x7f8a072380f0>,13,3,[10  3],14,28,31,14,15
1,<environment.Job instance at 0x7f8a072384b0>,18,18,[6 5],19,31,49,12,20
1,<environment.Job instance at 0x7f8a07238370>,20,2,[2 7],21,21,23,0,21
1,<environment.Job instance at 0x7f8a07238f50>,22,1,[6 3],23,49,50,26,24
1,<environment.Job instance at 0x7f8a07238320>,21,12,[1 8],22,50,62,28,34
1,<environment.Job instance at 0x7f89bf5938c0>,9,17,[1 9],10,62,79,52,50
1,<environment.Job instance at 0x7f8a073219b0>,32,17,[9 4],33,79,96,46,69
1,<environment.Job instance at 0x7f8a07321410>,35,16,[9 4],36,96,112,60,84
1,<environment.Job instance at 0x7f8a07238cd0>,19,18,[ 5 10],20,112,130,92,108
1,<environment.Job instance at 0x7f89bf7f5370>,5,14,[ 1 10],6,6,20,0,6
1,<environment.Job instance at 0x7f89bf7f53c0>,7,19,[1 5],8,20,39,12,10
1,<environment.Job instance at 0x7f89bf7f5500>,9,18,[6 4],10,20,38,10,12
1,<environment.Job instance at 0x7f8a07eded70>,14,14,[5 3],15,38,52,23,24
1,<environment.Job instance at 0x7f8a07edeb90>,12,14,[3 9],13,52,66,39,37
1,<environment.Job instance at 0x7f89bf3fe780>,19,17,[9 2],20,66,83,46,54
1,<environment.Job instance at 0x7f89bf3fee10>,25,17,[3 6],26,83,100,57,72
1,<environment.Job instance at 0x7f89bf3fed20>,26,13,[8 2],27,100,113,73,84
1,<environment.Job instance at 0x7f89bf3fef00>,30,16,[ 2 10],31,113,129,82,105
1,<environment.Job instance at 0x7f89bf3fef50>,32,15,[5 9],33,129,144,96,115
1,<environment.Job instance at 0x7f8a07bcfcd0>,37,2,[6 3],38,144,146,106,119
1,<environment.Job instance at 0x7f8a07bcf9b0>,38,2,[2 8],39,146,148,107,119
1,<environment.Job instance at 0x7f8a07bcfa00>,40,2,[5 4],41,148,150,107,125
1,<environment.Job instance at 0x7f89bf80b730>,42,1,[6 3],43,150,151,107,125
1,<environment.Job instance at 0x7f8a071604b0>,45,2,[ 2 10],46,151,153,105,127
1,<environment.Job instance at 0x7f8a071601e0>,46,2,[7 1],47,146,148,99,128
1,<environment.Job instance at 0x7f8a07e48aa0>,47,18,[3 8],48,153,171,105,142
1,<environment.Job instance at 0x7f8a071046e0>,55,18,[9 2],56,171,189,115,160
1,<environment.Job instance at 0x7f8a07104870>,58,3,[6 1],59,160,163,101,160
1,<environment.Job instance at 0x7f8a07104e60>,62,3,[5 9],63,189,192,126,177
1,<environment.Job instance at 0x7f8a07104cd0>,63,16,[8 1],64,192,208,128,179
1,<environment.Job instance at 0x7f89bf807280>,64,3,[2 7],65,192,195,127,179
1,<environment.Job instance at 0x7f89bf807dc0>,66,12,[3 9],67,208,220,141,191
1,<environment.Job instance at 0x7f89bf8076e0>,69,18,[6 1],70,208,226,138,205
1,<environment.Job instance at 0x7f89bf807b40>,70,15,[2 8],71,220,235,149,206
1,<environment.Job instance at 0x7f8a07261870>,75,16,[10  5],76,235,251,159,228
1,<environment.Job instance at 0x7f8a07261c80>,80,15,[4 7],81,251,266,170,239
1,<environment.Job instance at 0x7f8a07261a00>,83,16,[9 4],84,266,282,182,258
1,<environment.Job instance at 0x7f89bfab55a0>,92,15,[ 2 10],93,282,297,189,269
1,<environment.Job instance at 0x7f89bf80ec80>,93,3,[10  3],94,297,300,203,271
1,<environment.Job instance at 0x7f8a074fdaf0>,2,2,[1 7],3,4,6,1,4
1,<environment.Job instance at 0x7f89bfa965a0>,4,17,[2 5],5,6,23,1,5
1,<environment.Job instance at 0x7f89bf747c80>,6,15,[3 5],7,7,22,0,7
1,<environment.Job instance at 0x7f8a07aba5a0>,10,12,[10  1],11,23,35,12,23
1,<environment.Job instance at 0x7f8a0786ba00>,11,1,[5 5],12,35,36,23,23
1,<environment.Job instance at 0x7f8a06fc54b0>,8,2,[7 5],9,36,38,27,23
1,<environment.Job instance at 0x7f8a07119e60>,15,2,[4 8],16,38,40,22,24
1,<environment.Job instance at 0x7f8a07119410>,16,18,[8 1],17,40,58,23,29
1,<environment.Job instance at 0x7f8a07baa1e0>,17,2,[1 8],18,40,42,22,29
1,<environment.Job instance at 0x7f89bfa0a820>,21,13,[7 4],22,58,71,36,53
1,<environment.Job instance at 0x7f8a07aba780>,13,12,[10  1],14,71,83,57,54
1,<environment.Job instance at 0x7f8a07487780>,27,12,[2 8],28,83,95,55,67
1,<environment.Job instance at 0x7f8a074de870>,28,18,[5 3],29,95,113,66,84
1,<environment.Job instance at 0x7f8a0742cd20>,29,12,[4 6],30,95,107,65,84
1,<environment.Job instance at 0x7f8a077b6550>,30,13,[2 6],31,107,120,76,91
1,<environment.Job instance at 0x7f8a0742ce10>,31,13,[10  4],32,120,133,88,104
1,<environment.Job instance at 0x7f89bf79af50>,39,13,[6 4],40,133,146,93,117
1,<environment.Job instance at 0x7f89bf9fde60>,40,3,[8 3],41,117,120,76,117
1,<environment.Job instance at 0x7f8a077d4d20>,36,17,[2 5],37,133,150,96,121
1,<environment.Job instance at 0x7f8a07a35dc0>,47,17,[1 9],48,150,167,102,138
1,<environment.Job instance at 0x7f8a071197d0>,14,17,[1 9],15,167,184,152,155
1,<environment.Job instance at 0x7f8a0716c1e0>,52,13,[7 2],53,184,197,131,168
1,<environment.Job instance at 0x7f8a0716c7d0>,53,3,[8 2],54,197,200,143,171
1,<environment.Job instance at 0x7f8a0721c050>,57,3,[1 9],58,200,203,142,180
1,<environment.Job instance at 0x7f8a0721c7d0>,58,13,[4 6],59,203,216,144,188
1,<environment.Job instance at 0x7f8a0721ccd0>,60,12,[7 4],61,216,228,155,199
1,<environment.Job instance at 0x7f89bf72c460>,62,3,[8 1],63,200,203,137,200
1,<environment.Job instance at 0x7f8a0721c5a0>,63,15,[3 9],64,228,243,164,215
1,<environment.Job instance at 0x7f8a07895c80>,65,3,[10  4],66,243,246,177,217
1,<environment.Job instance at 0x7f8a078c7870>,0,16,[7 5],1,246,262,245,234
1,<environment.Job instance at 0x7f8a070075f0>,70,15,[5 3],71,262,277,191,249
1,<environment.Job instance at 0x7f8a070077d0>,72,14,[4 6],73,262,276,189,249
1,<environment.Job instance at 0x7f8a078bb910>,75,1,[1 9],76,277,278,201,262
1,<environment.Job instance at 0x7f8a07e56f50>,78,2,[3 6],79,278,280,199,262
1,<environment.Job instance at 0x7f8a07e56d20>,79,15,[3 9],80,280,295,200,267
1,<environment.Job instance at 0x7f8a07e565f0>,81,3,[8 5],82,295,298,213,277
1,<environment.Job instance at 0x7f8a07e560a0>,82,12,[ 1 10],83,298,310,215,281
1,<environment.Job instance at 0x7f89bf798fa0>,87,15,[6 2],88,310,325,222,297
1,<environment.Job instance at 0x7f89bf8c9a50>,89,3,[9 3],90,325,328,235,299
1,<environment.Job instance at 0x7f89bf8c9140>,91,3,[1 8],92,310,313,218,300
1,<environment.Job instance at 0x7f8a07688c30>,93,3,[3 8],94,317,320,223,317
1,<environment.Job instance at 0x7f8a07208cd0>,96,14,[6 4],97,328,342,231,321
1,<environment.Job instance at 0x7f8a070b6500>,98,2,[6 3],99,342,344,243,322
1,<environment.Job instance at 0x7f8a070b6e10>,99,2,[1 9],100,344,346,244,322
1,<environment.Job instance at 0x7f8a072081e0>,97,12,[5 9],98,346,358,248,329
1,<environment.Job instance at 0x7f8a070b6460>,104,13,[2 7],105,358,371,253,342
1,<environment.Job instance at 0x7f8a070b6fa0>,100,12,[5 6],101,371,383,270,357
1,<environment.Job instance at 0x7f8a070b6910>,106,18,[6 4],107,383,401,276,372
1,<environment.Job instance at 0x7f8a070b64b0>,110,2,[1 6],111,383,385,272,373
1,<environment.Job instance at 0x7f8a070b6dc0>,113,2,[2 7],114,401,403,287,374
1,<environment.Job instance at 0x7f8a070b6af0>,114,3,[10  5],115,403,406,288,377
1,<environment.Job instance at 0x7f8a0712f870>,116,12,[8 4],117,406,418,289,389
1,<environment.Job instance at 0x7f8a0712fbe0>,117,16,[1 8],118,418,434,300,405
1,<environment.Job instance at 0x7f8a0712f370>,122,14,[9 2],123,418,432,295,409
1,<environment.Job instance at 0x7f8a0712f8c0>,124,2,[6 1],125,432,434,307,416
1,<environment.Job instance at 0x7f8a0712fd20>,125,17,[5 3],126,434,451,308,422
1,<environment.Job instance at 0x7f8a0712feb0>,126,12,[2 7],127,434,446,307,423
1,<environment.Job instance at 0x7f8a075a20a0>,129,2,[9 3],130,451,453,321,424
1,<environment.Job instance at 0x7f8a075a2050>,132,16,[9 2],133,453,469,320,440
1,<environment.Job instance at 0x7f8a075a2410>,134,13,[2 8],135,469,482,334,453
1,<environment.Job instance at 0x7f8a075a2190>,137,12,[1 6],138,482,494,344,465
1,<environment.Job instance at 0x7f8a075a2be0>,138,3,[10  2],139,494,497,355,468
1,<environment.Job instance at 0x7f8a075a2d20>,136,17,[3 7],137,497,514,360,485
1,<environment.Job instance at 0x7f8a0726b410>,145,2,[3 9],146,514,516,368,489
1,<environment.Job instance at 0x7f8a0726b0f0>,146,2,[5 7],147,516,518,369,489
1,<environment.Job instance at 0x7f8a0726bd20>,147,1,[8 1],148,489,490,341,489
1,<environment.Job instance at 0x7f8a0726bbe0>,148,3,[9 5],149,518,521,369,492
1,<environment.Job instance at 0x7f8a0726b910>,149,15,[3 9],150,521,536,371,507
1,<environment.Job instance at 0x7f8a0716b4b0>,154,13,[10  5],155,536,549,381,522
1,<environment.Job instance at 0x7f8a0716baf0>,158,16,[3 8],159,549,565,390,536
1,<environment.Job instance at 0x7f8a0716b1e0>,161,12,[4 7],162,565,577,403,551
1,<environment.Job instance at 0x7f8a0716bf50>,162,17,[9 4],163,577,594,414,568
1,<environment.Job instance at 0x7f8a0716ba50>,165,14,[4 8],166,594,608,428,579
1,<environment.Job instance at 0x7f8a0726b730>,139,17,[5 7],140,608,625,468,598
1,<environment.Job instance at 0x7f8a0716bd70>,168,3,[3 8],169,625,628,456,605
1,<environment.Job instance at 0x7f8a070b7230>,5,3,[2 8],6,21,24,15,21
1,<environment.Job instance at 0x7f89bf80b910>,9,3,[10  1],10,24,27,14,21
1,<environment.Job instance at 0x7f89bf6d43c0>,11,2,[1 9],12,27,29,15,21
1,<environment.Job instance at 0x7f8a07d65280>,12,3,[10  4],13,29,32,16,21
1,<environment.Job instance at 0x7f89bf5edf00>,13,13,[8 4],14,32,45,18,21
1,<environment.Job instance at 0x7f89bfa7dd20>,14,3,[9 3],15,45,48,30,21
1,<environment.Job instance at 0x7f8a07da60a0>,16,1,[5 2],17,21,22,4,21
1,<environment.Job instance at 0x7f8a0712f280>,6,1,[9 2],7,48,49,41,23
1,<environment.Job instance at 0x7f8a070b95f0>,7,1,[5 3],8,49,50,41,23
1,<environment.Job instance at 0x7f89bf5e40a0>,18,13,[8 5],19,50,63,31,34
1,<environment.Job instance at 0x7f8a070e91e0>,22,16,[5 4],23,63,79,40,50
1,<environment.Job instance at 0x7f8a07b9bcd0>,28,2,[1 9],29,79,81,50,59
1,<environment.Job instance at 0x7f8a07b9ba00>,29,14,[5 1],30,63,77,33,59
1,<environment.Job instance at 0x7f8a07b9bb90>,30,17,[9 2],31,81,98,50,69
1,<environment.Job instance at 0x7f8a07b9b870>,27,18,[1 6],28,81,99,53,70
1,<environment.Job instance at 0x7f8a07b9b320>,38,3,[10  4],39,99,102,60,79
1,<environment.Job instance at 0x7f8a07b9bc30>,37,3,[8 1],38,102,105,64,80
1,<environment.Job instance at 0x7f8a0747e730>,41,1,[2 5],42,102,103,60,80
1,<environment.Job instance at 0x7f8a0747eeb0>,42,13,[ 3 10],43,105,118,62,91
1,<environment.Job instance at 0x7f8a07b948c0>,44,1,[5 5],45,118,119,73,97
1,<environment.Job instance at 0x7f8a0747e410>,45,14,[5 7],46,119,133,73,105
1,<environment.Job instance at 0x7f8a0747e050>,43,14,[ 4 10],44,133,147,89,118
1,<environment.Job instance at 0x7f89bf75af50>,51,2,[6 1],52,147,149,95,120
1,<environment.Job instance at 0x7f89bf75ae10>,49,2,[8 2],50,149,151,99,123
1,<environment.Job instance at 0x7f89bf7782d0>,54,2,[2 5],55,147,149,92,123
1,<environment.Job instance at 0x7f89bf778410>,56,18,[5 5],57,151,169,94,141
1,<environment.Job instance at 0x7f89bf778aa0>,61,14,[10  1],62,169,183,107,154
1,<environment.Job instance at 0x7f89bf778a50>,63,3,[6 3],64,183,186,119,162
1,<environment.Job instance at 0x7f89bf778820>,65,3,[1 9],66,186,189,120,162
1,<environment.Job instance at 0x7f89bf778cd0>,67,3,[1 6],68,183,186,115,163
1,<environment.Job instance at 0x7f89bf778f00>,68,12,[3 9],69,189,201,120,175
1,<environment.Job instance at 0x7f89bf771190>,73,12,[5 4],74,201,213,127,186
1,<environment.Job instance at 0x7f89bf771550>,77,15,[3 6],78,201,216,123,193
1,<environment.Job instance at 0x7f89bf771820>,78,14,[ 1 10],79,216,230,137,203
1,<environment.Job instance at 0x7f89bf771c80>,83,13,[5 6],84,230,243,146,214
1,<environment.Job instance at 0x7f89bf771e60>,86,13,[8 1],87,243,256,156,229
1,<environment.Job instance at 0x7f89bf771aa0>,90,3,[ 4 10],91,256,259,165,242
1,<environment.Job instance at 0x7f89bf7754b0>,95,14,[7 2],96,265,279,169,265
1,<environment.Job instance at 0x7f89bf7756e0>,97,16,[5 4],98,290,306,192,290
1,<environment.Job instance at 0x7f89bf7757d0>,99,18,[5 1],100,290,308,190,290
1,<environment.Job instance at 0x7f89bf775870>,100,16,[1 7],101,306,322,205,293
1,<environment.Job instance at 0x7f89bf775b90>,106,15,[5 6],107,322,337,215,309
1,<environment.Job instance at 0x7f89bfa7d320>,8,18,[5 9],9,337,355,328,328
1,<environment.Job instance at 0x7f89bf775280>,109,12,[3 9],110,355,367,245,344
1,<environment.Job instance at 0x7f89bf775cd0>,110,15,[1 8],111,367,382,256,353
1,<environment.Job instance at 0x7f89bf775d70>,111,16,[5 5],112,382,398,270,370
1,<environment.Job instance at 0x7f89bf775f50>,114,14,[ 3 10],115,406,420,291,406
1,<environment.Job instance at 0x7f89bf760230>,2,2,[10  3],3,3,5,0,3
1,<environment.Job instance at 0x7f8a071cd2d0>,3,1,[1 7],4,13,14,9,13
1,<environment.Job instance at 0x7f89bf7a18c0>,9,14,[2 8],10,17,31,7,17
1,<environment.Job instance at 0x7f8a07e103c0>,7,18,[1 9],8,31,49,23,28
1,<environment.Job instance at 0x7f8a079ad1e0>,15,18,[5 6],16,49,67,33,38
1,<environment.Job instance at 0x7f8a079ad140>,20,3,[5 1],21,39,42,18,39
1,<environment.Job instance at 0x7f8a079ad0a0>,17,15,[ 4 10],18,67,82,49,54
1,<environment.Job instance at 0x7f8a07440140>,23,13,[3 9],24,82,95,58,66
1,<environment.Job instance at 0x7f8a07297640>,30,12,[4 6],31,95,107,64,79
1,<environment.Job instance at 0x7f8a07b510a0>,38,15,[3 8],39,107,122,68,94
1,<environment.Job instance at 0x7f8a07b28cd0>,32,18,[1 9],33,122,140,89,111
1,<environment.Job instance at 0x7f8a07c40820>,3,3,[6 5],4,4,7,0,4
1,<environment.Job instance at 0x7f8a071523c0>,2,13,[5 3],3,7,20,4,4
1,<environment.Job instance at 0x7f8a06fc59b0>,5,3,[9 1],6,20,23,14,7
1,<environment.Job instance at 0x7f8a0720abe0>,8,12,[5 4],9,23,35,14,11
1,<environment.Job instance at 0x7f8a06f75d70>,10,13,[8 3],11,35,48,24,19
1,<environment.Job instance at 0x7f8a07017d70>,15,15,[10  1],16,48,63,32,36
1,<environment.Job instance at 0x7f8a0700d7d0>,19,3,[7 3],20,63,66,43,37
1,<environment.Job instance at 0x7f89bf6d9a50>,22,3,[5 8],23,66,69,43,45
1,<environment.Job instance at 0x7f89bf6d9d20>,23,2,[6 2],24,69,71,45,45
1,<environment.Job instance at 0x7f8a077dec30>,27,3,[2 7],28,63,66,35,58
1,<environment.Job instance at 0x7f89bf6d98c0>,24,16,[5 8],25,71,87,46,59
1,<environment.Job instance at 0x7f8a073c3460>,34,2,[3 9],35,87,89,52,62
1,<environment.Job instance at 0x7f8a077b68c0>,36,2,[5 3],37,89,91,52,62
1,<environment.Job instance at 0x7f8a077b74b0>,30,18,[3 5],31,89,107,58,79
1,<environment.Job instance at 0x7f8a07895fa0>,41,13,[3 5],42,91,104,49,86
1,<environment.Job instance at 0x7f8a07895e10>,45,3,[3 9],46,107,110,61,86
1,<environment.Job instance at 0x7f8a077c47d0>,6,15,[3 9],7,110,125,103,96
1,<environment.Job instance at 0x7f8a07e376e0>,48,12,[10  4],49,125,137,76,108
1,<environment.Job instance at 0x7f8a075b1c80>,53,3,[6 1],54,118,121,64,118
1,<environment.Job instance at 0x7f8a075b1550>,55,3,[8 1],56,137,140,81,118
1,<environment.Job instance at 0x7f8a075b1640>,56,2,[5 9],57,140,142,83,118
1,<environment.Job instance at 0x7f8a07e37690>,49,12,[5 8],50,142,154,92,126
1,<environment.Job instance at 0x7f8a0714cd20>,65,13,[7 4],66,154,167,88,141
1,<environment.Job instance at 0x7f8a0714c410>,67,3,[6 5],68,167,170,99,149
1,<environment.Job instance at 0x7f8a07ba0280>,70,15,[5 5],71,170,185,99,156
1,<environment.Job instance at 0x7f8a06f945a0>,78,12,[7 5],79,185,197,106,168
1,<environment.Job instance at 0x7f8a0714ca50>,74,12,[7 1],75,197,209,122,184
1,<environment.Job instance at 0x7f89bf4394b0>,85,3,[10  5],86,209,212,123,197
1,<environment.Job instance at 0x7f8a07936500>,87,14,[5 6],88,212,226,124,198
1,<environment.Job instance at 0x7f89bf7f25a0>,89,17,[5 6],90,226,243,136,214
1,<environment.Job instance at 0x7f8a07ce4af0>,90,15,[3 7],91,243,258,152,229
1,<environment.Job instance at 0x7f89bf439550>,86,17,[4 8],87,258,275,171,246
1,<environment.Job instance at 0x7f8a06f5e690>,94,13,[10  1],95,275,288,180,259
1,<environment.Job instance at 0x7f8a06f5e5a0>,102,15,[6 2],103,260,275,157,260
1,<environment.Job instance at 0x7f8a070a4f50>,109,14,[7 3],110,288,302,178,274
1,<environment.Job instance at 0x7f8a070a4370>,110,14,[8 2],111,302,316,191,287
1,<environment.Job instance at 0x7f89bfa784b0>,112,17,[1 5],113,288,305,175,287
1,<environment.Job instance at 0x7f89bfa785a0>,113,3,[8 2],114,316,319,202,290
1,<environment.Job instance at 0x7f89bfa78c80>,115,3,[9 4],116,319,322,203,303
1,<environment.Job instance at 0x7f89bfa78690>,116,12,[5 3],117,322,334,205,305
1,<environment.Job instance at 0x7f89bfa78140>,119,13,[4 7],120,322,335,202,312
1,<environment.Job instance at 0x7f89bfa78fa0>,122,14,[5 2],123,334,348,211,319
1,<environment.Job instance at 0x7f8a07a6ad70>,125,3,[8 5],126,348,351,222,335
1,<environment.Job instance at 0x7f8a07a6a1e0>,128,1,[5 3],129,337,338,208,337
1,<environment.Job instance at 0x7f8a07a6ae10>,129,3,[ 4 10],130,351,354,221,337
1,<environment.Job instance at 0x7f8a07a6ac30>,132,2,[5 4],133,338,340,205,338
1,<environment.Job instance at 0x7f8a07a6a960>,133,15,[ 3 10],134,354,369,220,341
1,<environment.Job instance at 0x7f8a07a6ad20>,137,16,[8 4],138,369,385,231,356
1,<environment.Job instance at 0x7f8a07a6af00>,142,12,[8 2],143,385,397,242,368
1,<environment.Job instance at 0x7f8a0729c960>,4,17,[3 5],5,6,23,1,6
1,<environment.Job instance at 0x7f8a073d7c30>,7,1,[7 5],8,8,9,0,8
1,<environment.Job instance at 0x7f89bfae3500>,9,3,[3 5],10,10,13,0,10
1,<environment.Job instance at 0x7f8a0790b230>,8,1,[10  1],9,23,24,14,10
1,<environment.Job instance at 0x7f8a073d7a50>,11,13,[5 8],12,24,37,12,12
1,<environment.Job instance at 0x7f8a07c18eb0>,10,3,[ 2 10],11,37,40,26,15
1,<environment.Job instance at 0x7f8a0702c500>,14,2,[1 5],15,20,22,5,20
1,<environment.Job instance at 0x7f8a0702c780>,15,3,[9 4],16,40,43,24,20
1,<environment.Job instance at 0x7f8a07160a50>,12,14,[6 2],13,43,57,30,28
1,<environment.Job instance at 0x7f8a0702ce60>,21,3,[4 5],22,43,46,21,33
1,<environment.Job instance at 0x7f8a07e66d20>,22,3,[10  3],23,57,60,34,36
1,<environment.Job instance at 0x7f8a071182d0>,26,14,[10  3],27,60,74,33,49
1,<environment.Job instance at 0x7f8a07c5b2d0>,28,2,[7 1],29,74,76,45,57
1,<environment.Job instance at 0x7f8a07118500>,29,17,[5 2],30,76,93,46,64
1,<environment.Job instance at 0x7f8a07d0b5a0>,27,17,[5 6],28,76,93,48,69
1,<environment.Job instance at 0x7f8a075bc9b0>,35,3,[9 3],36,93,96,57,77
1,<environment.Job instance at 0x7f8a07c5b820>,31,17,[9 3],32,96,113,64,84
1,<environment.Job instance at 0x7f8a075bc140>,39,3,[5 3],40,113,116,73,87
1,<environment.Job instance at 0x7f8a075bc4b0>,40,13,[8 4],41,116,129,75,100
1,<environment.Job instance at 0x7f8a075bc230>,44,2,[6 5],45,129,131,84,102
1,<environment.Job instance at 0x7f8a075bcf00>,36,17,[8 4],37,131,148,94,119
1,<environment.Job instance at 0x7f8a07934230>,48,18,[1 5],49,119,137,70,119
1,<environment.Job instance at 0x7f8a0712c6e0>,5,15,[ 1 10],6,148,163,142,136
1,<environment.Job instance at 0x7f8a07934280>,52,15,[5 5],53,163,178,110,149
1,<environment.Job instance at 0x7f8a076b0f50>,59,15,[4 6],60,178,193,118,164
1,<environment.Job instance at 0x7f8a06f795a0>,64,17,[5 5],65,193,210,128,181
1,<environment.Job instance at 0x7f8a06f797d0>,68,2,[3 8],69,210,212,141,194
1,<environment.Job instance at 0x7f8a06f79910>,69,15,[9 1],70,212,227,142,199
1,<environment.Job instance at 0x7f8a06f79af0>,71,15,[10  4],72,227,242,155,213
1,<environment.Job instance at 0x7f8a06f79960>,70,12,[10  4],71,242,254,171,236
1,<environment.Job instance at 0x7f8a06f79e60>,78,3,[4 5],79,254,257,175,240
1,<environment.Job instance at 0x7f8a06f920a0>,81,1,[7 2],82,257,258,175,240
1,<environment.Job instance at 0x7f8a06f921e0>,83,2,[4 9],84,264,266,180,264
1,<environment.Job instance at 0x7f8a06f923c0>,88,14,[1 9],89,309,323,220,309
1,<environment.Job instance at 0x7f8a06f926e0>,89,12,[5 1],90,310,322,220,310
1,<environment.Job instance at 0x7f8a06f92190>,90,3,[8 5],91,323,326,232,310
1,<environment.Job instance at 0x7f8a06f928c0>,92,2,[4 9],93,326,328,233,310
1,<environment.Job instance at 0x7f8a06f92960>,93,3,[8 4],94,328,331,234,310
1,<environment.Job instance at 0x7f8a06f92c30>,95,3,[ 1 10],96,331,334,235,310
1,<environment.Job instance at 0x7f8a06f92c80>,98,3,[6 2],99,335,338,236,335
1,<environment.Job instance at 0x7f8a06f92eb0>,99,15,[5 5],100,338,353,238,337
1,<environment.Job instance at 0x7f8a06f92fa0>,100,15,[2 8],101,353,368,252,344
1,<environment.Job instance at 0x7f8a06f92f50>,101,3,[2 9],102,368,371,266,344
1,<environment.Job instance at 0x7f8a06f78320>,102,18,[2 5],103,371,389,268,361
1,<environment.Job instance at 0x7f8a06f78410>,104,15,[10  1],105,394,409,289,394
1,<environment.Job instance at 0x7f8a06f784b0>,105,15,[8 4],106,409,424,303,406
1,<environment.Job instance at 0x7f8a06f78550>,106,14,[2 6],107,410,424,303,410
1,<environment.Job instance at 0x7f8a06f785f0>,107,15,[6 2],108,424,439,316,410
1,<environment.Job instance at 0x7f89bfa78cd0>,5,12,[10  3],6,7,19,1,7
1,<environment.Job instance at 0x7f8a070a45f0>,7,1,[7 1],8,19,20,11,9
1,<environment.Job instance at 0x7f89bfa78910>,9,14,[2 5],10,19,33,9,10
1,<environment.Job instance at 0x7f89bfa78870>,11,16,[1 5],12,20,36,8,14
1,<environment.Job instance at 0x7f8a071603c0>,4,3,[ 3 10],5,36,39,31,15
1,<environment.Job instance at 0x7f8a0707b8c0>,16,3,[3 9],17,39,42,22,18
1,<environment.Job instance at 0x7f8a0707b140>,19,3,[9 3],20,33,36,13,26
1,<environment.Job instance at 0x7f8a07277910>,21,2,[5 2],22,42,44,20,27
1,<environment.Job instance at 0x7f89ca1c6960>,18,16,[6 5],19,44,60,25,31
1,<environment.Job instance at 0x7f89bfa622d0>,29,3,[7 5],30,60,63,30,43
1,<environment.Job instance at 0x7f8a075b1a50>,12,18,[1 5],13,49,67,36,49
1,<environment.Job instance at 0x7f8a0707bcd0>,17,13,[ 5 10],18,67,80,49,52
1,<environment.Job instance at 0x7f89bfa0e140>,40,15,[8 5],41,91,106,50,91
1,<environment.Job instance at 0x7f89bfb25820>,44,3,[10  5],45,106,109,61,99
1,<environment.Job instance at 0x7f8a07ad3c30>,45,3,[6 3],46,109,112,63,100
1,<environment.Job instance at 0x7f89bf9c2fa0>,46,2,[6 5],47,112,114,65,101
1,<environment.Job instance at 0x7f89bf9c2eb0>,47,2,[9 5],48,114,116,66,101
1,<environment.Job instance at 0x7f89bf9c2f00>,49,1,[1 5],50,109,110,59,106
1,<environment.Job instance at 0x7f89bf9c2370>,50,1,[10  3],51,116,117,65,106
1,<environment.Job instance at 0x7f89bf9c2f50>,51,17,[7 1],52,117,134,65,109
1,<environment.Job instance at 0x7f8a074f8730>,55,3,[3 6],56,124,127,68,124
1,<environment.Job instance at 0x7f89bf9c2e10>,48,18,[6 4],49,134,152,85,124
1,<environment.Job instance at 0x7f8a074f8a50>,59,13,[9 3],60,152,165,92,141
1,<environment.Job instance at 0x7f8a074f8f50>,60,12,[2 6],61,165,177,104,148
1,<environment.Job instance at 0x7f89bf66fb90>,62,16,[8 1],63,165,181,102,154
1,<environment.Job instance at 0x7f89bf66fc30>,69,17,[3 5],70,181,198,111,169
1,<environment.Job instance at 0x7f89bf8b3be0>,76,17,[5 1],77,183,200,106,183
1,<environment.Job instance at 0x7f89bf8b3280>,77,13,[6 1],78,200,213,122,184
1,<environment.Job instance at 0x7f89bf8b3aa0>,82,17,[3 5],83,200,217,117,200
1,<environment.Job instance at 0x7f89bfa62690>,34,17,[4 9],35,217,234,182,205
1,<environment.Job instance at 0x7f8a076ca140>,91,1,[3 9],92,234,235,142,214
1,<environment.Job instance at 0x7f8a070abbe0>,93,18,[6 1],94,214,232,120,214
1,<environment.Job instance at 0x7f8a070ab1e0>,94,16,[1 6],95,235,251,140,222
1,<environment.Job instance at 0x7f8a070ab9b0>,95,16,[10  1],96,251,267,155,238
1,<environment.Job instance at 0x7f8a075790a0>,103,15,[8 2],104,267,282,163,253
1,<environment.Job instance at 0x7f8a07b3e320>,0,2,[4 7],1,4,6,3,4
1,<environment.Job instance at 0x7f8a071601e0>,8,3,[9 1],9,9,12,0,9
1,<environment.Job instance at 0x7f8a0761be60>,9,13,[6 5],10,12,25,2,10
1,<environment.Job instance at 0x7f8a06f858c0>,4,14,[ 4 10],5,25,39,20,11
1,<environment.Job instance at 0x7f89bf6c2e10>,15,15,[2 8],16,39,54,23,26
1,<environment.Job instance at 0x7f8a075b11e0>,13,16,[1 9],14,54,70,40,41
1,<environment.Job instance at 0x7f8a07172640>,20,17,[1 7],21,70,87,49,58
1,<environment.Job instance at 0x7f8a07172410>,21,13,[8 2],22,70,83,48,60
1,<environment.Job instance at 0x7f8a075b13c0>,11,16,[ 2 10],12,87,103,75,74
1,<environment.Job instance at 0x7f89bf6a65a0>,26,12,[7 4],27,103,115,76,87
1,<environment.Job instance at 0x7f89bf6a6730>,29,13,[ 1 10],30,115,128,85,99
1,<environment.Job instance at 0x7f8a07172e10>,25,16,[2 9],26,128,144,102,116
1,<environment.Job instance at 0x7f8a07172e10>,7,17,[5 6],8,11,28,3,11
1,<environment.Job instance at 0x7f8a079a0280>,10,2,[3 9],11,28,30,17,14
1,<environment.Job instance at 0x7f89bfa70730>,11,1,[6 4],12,30,31,18,16
1,<environment.Job instance at 0x7f8a074492d0>,13,3,[7 5],14,31,34,17,20
1,<environment.Job instance at 0x7f8a0733dd20>,9,14,[ 2 10],10,34,48,24,22
1,<environment.Job instance at 0x7f89bf1bf820>,17,3,[1 5],18,30,33,12,28
1,<environment.Job instance at 0x7f89bf1bf410>,16,13,[2 7],17,48,61,31,32
1,<environment.Job instance at 0x7f8a070dbd20>,12,15,[8 3],13,48,63,35,34
1,<environment.Job instance at 0x7f89bf66f640>,22,14,[5 3],23,63,77,40,49
1,<environment.Job instance at 0x7f8a07c08780>,20,18,[5 6],21,63,81,42,52
1,<environment.Job instance at 0x7f89bf743910>,14,12,[2 9],15,81,93,66,64
1,<environment.Job instance at 0x7f89bfb42190>,30,1,[7 3],31,93,94,62,65
1,<environment.Job instance at 0x7f8a06f85780>,33,3,[8 1],34,81,84,47,69
1,<environment.Job instance at 0x7f89bf66f320>,23,13,[10  5],24,94,107,70,79
1,<environment.Job instance at 0x7f89bf988870>,37,14,[6 1],38,107,121,69,92
1,<environment.Job instance at 0x7f8a076cabe0>,42,17,[3 6],43,107,124,64,95
1,<environment.Job instance at 0x7f89bf9273c0>,45,14,[8 2],46,124,138,78,109
1,<environment.Job instance at 0x7f8a0743a0a0>,53,16,[1 9],54,138,154,84,125
1,<environment.Job instance at 0x7f8a07455730>,59,18,[5 2],60,154,172,94,143
1,<environment.Job instance at 0x7f8a07454f00>,63,15,[5 2],64,156,171,92,156
1,<environment.Job instance at 0x7f8a07454dc0>,65,14,[9 4],66,172,186,106,160
1,<environment.Job instance at 0x7f8a07454aa0>,60,17,[8 2],61,186,203,125,175
1,<environment.Job instance at 0x7f8a07437500>,70,12,[5 7],71,203,215,132,188
1,<environment.Job instance at 0x7f89bf65d460>,77,3,[1 9],78,215,218,137,189
1,<environment.Job instance at 0x7f8a06fba820>,79,2,[5 3],80,203,205,123,189
1,<environment.Job instance at 0x7f89bf4a60a0>,40,16,[4 9],41,218,234,177,205
1,<environment.Job instance at 0x7f8a07d0c8c0>,93,3,[4 6],94,234,237,140,211
1,<environment.Job instance at 0x7f8a071efbe0>,95,12,[10  4],96,240,252,144,240
1,<environment.Job instance at 0x7f8a07b9b0a0>,96,13,[7 3],97,252,265,155,241
1,<environment.Job instance at 0x7f89bf67cfa0>,99,12,[3 8],100,265,277,165,248
1,<environment.Job instance at 0x7f8a07d132d0>,102,3,[4 6],103,277,280,174,255
1,<environment.Job instance at 0x7f89bf1d8140>,103,2,[1 5],104,255,257,151,255
1,<environment.Job instance at 0x7f8a06f9ec80>,105,3,[10  1],106,280,283,174,265
1,<environment.Job instance at 0x7f89bfa828c0>,108,3,[6 4],109,277,280,168,265
1,<environment.Job instance at 0x7f89bfa827d0>,109,1,[9 5],110,283,284,173,265
1,<environment.Job instance at 0x7f89bfaaea50>,110,16,[8 3],111,284,300,173,271
1,<environment.Job instance at 0x7f8a07031640>,113,13,[ 4 10],114,300,313,186,285
1,<environment.Job instance at 0x7f8a070313c0>,114,15,[10  3],115,313,328,198,301
1,<environment.Job instance at 0x7f8a073f20f0>,5,2,[1 7],6,6,8,0,6
1,<environment.Job instance at 0x7f8a076c54b0>,9,2,[4 6],10,10,12,0,10
1,<environment.Job instance at 0x7f8a076c50a0>,8,14,[4 7],9,13,27,4,13
1,<environment.Job instance at 0x7f8a073f2a00>,7,14,[9 1],8,27,41,19,13
1,<environment.Job instance at 0x7f89bf89f4b0>,13,3,[ 3 10],14,41,44,27,15
1,<environment.Job instance at 0x7f8a07d4b780>,17,13,[7 4],18,44,57,26,31
1,<environment.Job instance at 0x7f8a07ee3aa0>,15,18,[4 5],16,57,75,41,46
1,<environment.Job instance at 0x7f8a077caa50>,28,12,[6 1],29,57,69,28,51
1,<environment.Job instance at 0x7f8a077ca2d0>,30,3,[2 6],31,51,54,20,51
1,<environment.Job instance at 0x7f8a073a3c80>,32,12,[3 6],33,75,87,42,58
1,<environment.Job instance at 0x7f8a077caa00>,29,16,[1 8],30,87,103,57,75
1,<environment.Job instance at 0x7f89bfa4e140>,41,13,[ 3 10],42,103,116,61,88
1,<environment.Job instance at 0x7f8a07330b90>,35,13,[3 7],36,116,129,80,103
1,<environment.Job instance at 0x7f89bf364b40>,46,1,[7 2],47,129,130,82,129
1,<environment.Job instance at 0x7f8a0a4ba5a0>,47,16,[7 4],48,130,146,82,129
1,<environment.Job instance at 0x7f89bf75e730>,50,2,[ 4 10],51,151,153,100,151
1,<environment.Job instance at 0x7f8a076ef8c0>,43,16,[5 5],44,153,169,109,151
1,<environment.Job instance at 0x7f8a07c7e960>,55,3,[4 7],56,169,172,113,157
1,<environment.Job instance at 0x7f89bf9fe730>,57,17,[8 2],58,172,189,114,160
1,<environment.Job instance at 0x7f8a072f3410>,62,18,[5 5],63,189,207,126,178
1,<environment.Job instance at 0x7f89bf17dc80>,65,16,[ 5 10],66,207,223,141,194
1,<environment.Job instance at 0x7f89bf403460>,70,12,[9 5],71,223,235,152,206
1,<environment.Job instance at 0x7f89bf403910>,74,17,[6 4],75,235,252,160,223
1,<environment.Job instance at 0x7f89bf1bf2d0>,84,12,[5 5],85,252,264,167,236
1,<environment.Job instance at 0x7f89bf403c30>,73,16,[1 8],74,264,280,190,251
1,<environment.Job instance at 0x7f89bf1bfaf0>,89,15,[3 7],90,280,295,190,267
1,<environment.Job instance at 0x7f8a07306550>,94,16,[4 6],95,307,323,212,307
1,<environment.Job instance at 0x7f8a07306f50>,95,15,[5 5],96,323,338,227,309
1,<environment.Job instance at 0x7f8a07d39190>,99,1,[1 5],100,323,324,223,313
1,<environment.Job instance at 0x7f8a07d39cd0>,100,12,[7 4],101,338,350,237,321
1,<environment.Job instance at 0x7f89bfa0ee60>,103,3,[8 3],104,350,353,246,332
1,<environment.Job instance at 0x7f8a07306780>,96,14,[1 8],97,353,367,256,338
1,<environment.Job instance at 0x7f89bfa0e5a0>,105,3,[5 9],106,367,370,261,341
1,<environment.Job instance at 0x7f8a06f9b820>,107,3,[5 9],108,370,373,262,344
1,<environment.Job instance at 0x7f8a077fe550>,112,2,[8 3],113,373,375,260,347
1,<environment.Job instance at 0x7f8a077fef50>,113,12,[2 9],114,375,387,261,358
1,<environment.Job instance at 0x7f8a06f9bcd0>,111,18,[ 5 10],112,387,405,275,376
1,<environment.Job instance at 0x7f8a078b4910>,119,16,[ 1 10],120,405,421,285,394
1,<environment.Job instance at 0x7f8a078b4960>,121,14,[ 2 10],122,421,435,299,406
1,<environment.Job instance at 0x7f89bf509af0>,135,1,[7 4],136,435,436,299,409
1,<environment.Job instance at 0x7f89bf710b90>,140,13,[2 8],141,436,449,295,420
1,<environment.Job instance at 0x7f89bf7104b0>,143,17,[10  5],144,449,466,305,439
1,<environment.Job instance at 0x7f89bf7105a0>,150,14,[5 1],151,466,480,315,451
1,<environment.Job instance at 0x7f89bf710cd0>,152,17,[4 9],153,466,483,313,457
1,<environment.Job instance at 0x7f8a07be5be0>,157,17,[5 5],158,483,500,325,480
1,<environment.Job instance at 0x7f89bf710e60>,146,17,[10  5],147,508,525,361,508
1,<environment.Job instance at 0x7f8a07be54b0>,161,14,[10  4],162,525,539,363,511
1,<environment.Job instance at 0x7f89bf454d20>,0,14,[2 7],1,8,22,7,8
1,<environment.Job instance at 0x7f8a07298e60>,4,3,[10  1],5,22,25,17,9
1,<environment.Job instance at 0x7f89bf403e60>,14,15,[9 1],15,25,40,10,17
1,<environment.Job instance at 0x7f8a07ee1a50>,20,13,[1 5],21,28,41,7,28
1,<environment.Job instance at 0x7f8a07ee1e60>,22,14,[5 6],23,41,55,18,35
1,<environment.Job instance at 0x7f8a071b4b40>,12,17,[4 7],13,55,72,42,44
1,<environment.Job instance at 0x7f89bf2a4370>,27,17,[7 2],28,73,90,45,73
1,<environment.Job instance at 0x7f89bf2a4f50>,30,1,[8 2],31,90,91,59,73
1,<environment.Job instance at 0x7f89bf2a4f00>,31,3,[5 9],32,91,94,59,73
1,<environment.Job instance at 0x7f8a071b4960>,13,18,[2 9],14,142,160,128,142
1,<environment.Job instance at 0x7f8a0a5e7050>,45,14,[7 2],46,163,177,117,163
1,<environment.Job instance at 0x7f8a0a5e73c0>,46,18,[10  3],47,177,195,130,166
1,<environment.Job instance at 0x7f8a079b7500>,2,1,[ 1 10],3,5,6,2,5
1,<environment.Job instance at 0x7f8a071b44b0>,7,3,[3 5],8,8,11,0,8
1,<environment.Job instance at 0x7f8a072987d0>,9,3,[3 5],10,10,13,0,10
1,<environment.Job instance at 0x7f8a07be50a0>,10,1,[4 6],11,13,14,2,11
1,<environment.Job instance at 0x7f8a07735320>,11,1,[2 7],12,14,15,2,12
1,<environment.Job instance at 0x7f8a06f5e1e0>,17,18,[3 5],18,26,44,8,26
1,<environment.Job instance at 0x7f8a074475a0>,22,1,[10  2],23,44,45,21,33
1,<environment.Job instance at 0x7f8a07447320>,23,17,[6 4],24,45,62,21,33
1,<environment.Job instance at 0x7f8a07447d20>,26,2,[5 2],27,42,44,15,42
1,<environment.Job instance at 0x7f8a07594460>,15,18,[4 6],16,45,63,29,42
1,<environment.Job instance at 0x7f8a078b4cd0>,29,3,[9 2],30,63,66,33,43
1,<environment.Job instance at 0x7f8a077a7a00>,31,13,[ 5 10],32,66,79,34,50
1,<environment.Job instance at 0x7f89bf8095f0>,35,18,[7 3],36,79,97,43,68
1,<environment.Job instance at 0x7f89bf809e60>,37,3,[5 6],38,97,100,59,71
1,<environment.Job instance at 0x7f89bf809be0>,39,18,[3 7],40,79,97,39,75
1,<environment.Job instance at 0x7f8a07211910>,43,2,[5 4],44,97,99,53,83
1,<environment.Job instance at 0x7f8a07447be0>,21,18,[1 8],22,100,118,78,89
1,<environment.Job instance at 0x7f89bf2a4c80>,4,14,[10  2],5,118,132,113,105
1,<environment.Job instance at 0x7f89bf65c230>,53,15,[5 6],54,132,147,78,120
1,<environment.Job instance at 0x7f89bf65ce60>,56,13,[9 3],57,147,160,90,131
1,<environment.Job instance at 0x7f89bf65c7d0>,58,15,[4 6],59,160,175,101,146
1,<environment.Job instance at 0x7f89bf650dc0>,63,3,[5 5],64,175,178,111,150
1,<environment.Job instance at 0x7f89bf650e60>,66,18,[6 4],67,178,196,111,167
1,<environment.Job instance at 0x7f89bf538af0>,67,18,[ 5 10],68,206,224,138,206
1,<environment.Job instance at 0x7f8a076ec2d0>,72,14,[5 7],73,224,238,151,213
1,<environment.Job instance at 0x7f89bf63f140>,74,14,[3 5],75,238,252,163,223
1,<environment.Job instance at 0x7f8a077d1730>,75,18,[1 8],76,252,270,176,241
1,<environment.Job instance at 0x7f89bf511fa0>,78,3,[1 5],79,243,246,164,243
1,<environment.Job instance at 0x7f8a07714050>,80,15,[10  1],81,270,285,189,257
1,<environment.Job instance at 0x7f89bf4fbf00>,81,15,[2 9],82,285,300,203,272
1,<environment.Job instance at 0x7f8a077d3820>,85,17,[9 3],86,300,317,214,297
1,<environment.Job instance at 0x7f8a0705a7d0>,5,15,[4 8],6,6,21,0,6
1,<environment.Job instance at 0x7f89bf4b4b90>,0,3,[8 1],1,21,24,20,6
1,<environment.Job instance at 0x7f8a0705a0f0>,6,1,[7 2],7,24,25,17,7
1,<environment.Job instance at 0x7f8a07869230>,9,2,[5 8],10,25,27,15,10
1,<environment.Job instance at 0x7f8a077d3820>,4,15,[9 3],5,27,42,22,13
1,<environment.Job instance at 0x7f8a0a4baeb0>,14,13,[5 6],15,42,55,27,26
1,<environment.Job instance at 0x7f89bf52c4b0>,3,16,[1 8],4,55,71,51,42
1,<environment.Job instance at 0x7f8a07322f50>,25,14,[6 2],26,55,69,29,53
1,<environment.Job instance at 0x7f8a075bc0a0>,29,2,[5 9],30,71,73,41,71
1,<environment.Job instance at 0x7f8a07c08cd0>,33,12,[10  3],34,73,85,39,71
1,<environment.Job instance at 0x7f8a0702c0a0>,34,14,[10  2],35,85,99,50,71
1,<environment.Job instance at 0x7f89bf89fd70>,43,14,[8 5],44,99,113,55,84
1,<environment.Job instance at 0x7f8a070a56e0>,47,16,[3 5],48,113,129,65,102
1,<environment.Job instance at 0x7f8a070a58c0>,49,18,[5 6],50,129,147,79,118
1,<environment.Job instance at 0x7f8a070a5f50>,54,1,[3 5],55,147,148,92,142
1,<environment.Job instance at 0x7f8a073b6d70>,55,16,[2 7],56,148,164,92,142
1,<environment.Job instance at 0x7f8a07298910>,2,16,[2 9],3,164,180,161,151
1,<environment.Job instance at 0x7f8a06f31c30>,63,16,[8 3],64,180,196,116,167
1,<environment.Job instance at 0x7f8a073b6fa0>,59,16,[2 5],60,180,196,120,170
1,<environment.Job instance at 0x7f8a0786b9b0>,67,1,[9 4],68,196,197,128,180
1,<environment.Job instance at 0x7f8a07be94b0>,71,3,[10  2],72,197,200,125,183
1,<environment.Job instance at 0x7f89bf7e20a0>,72,1,[7 4],73,200,201,127,183
1,<environment.Job instance at 0x7f89bf309be0>,74,2,[3 8],75,201,203,126,198
1,<environment.Job instance at 0x7f89bf7751e0>,75,17,[5 8],76,203,220,127,198
1,<environment.Job instance at 0x7f8a0786b460>,68,14,[3 9],69,220,234,151,208
1,<environment.Job instance at 0x7f8a0700a0a0>,82,16,[5 1],83,213,229,130,213
1,<environment.Job instance at 0x7f8a0700a690>,84,16,[3 6],85,234,250,149,221
1,<environment.Job instance at 0x7f8a0700acd0>,81,12,[10  4],82,250,262,168,237
1,<environment.Job instance at 0x7f89bf9f9f00>,87,2,[ 3 10],88,262,264,174,237
1,<environment.Job instance at 0x7f89bf13ceb0>,89,3,[9 1],90,264,267,174,245
1,<environment.Job instance at 0x7f89bf2ab410>,94,14,[5 6],95,267,281,172,253
1,<environment.Job instance at 0x7f89bf1ba550>,97,12,[1 5],98,281,293,183,266
1,<environment.Job instance at 0x7f89bf355b90>,101,2,[8 4],102,281,283,179,279
1,<environment.Job instance at 0x7f89bf355820>,102,16,[8 2],103,283,299,180,280
1,<environment.Job instance at 0x7f8a07a619b0>,104,2,[1 5],105,293,295,188,284
1,<environment.Job instance at 0x7f8a07a61500>,103,17,[4 5],104,299,316,195,287
1,<environment.Job instance at 0x7f8a07a61eb0>,107,1,[6 2],108,299,300,191,297
1,<environment.Job instance at 0x7f8a07a61050>,106,13,[ 2 10],107,316,329,209,301
1,<environment.Job instance at 0x7f8a07a61a00>,108,14,[9 1],109,329,343,220,314
1,<environment.Job instance at 0x7f8a07a61320>,113,16,[5 3],114,343,359,229,330
1,<environment.Job instance at 0x7f8a07a61780>,117,17,[1 9],118,359,376,241,347
1,<environment.Job instance at 0x7f8a0744bdc0>,123,17,[6 4],124,376,393,252,364
1,<environment.Job instance at 0x7f8a0744b730>,124,16,[2 6],125,376,392,251,364
1,<environment.Job instance at 0x7f8a0744b050>,129,1,[2 6],130,392,393,262,364
1,<environment.Job instance at 0x7f8a0744b0a0>,133,17,[5 8],134,393,410,259,381
1,<environment.Job instance at 0x7f8a0744b8c0>,137,15,[6 5],138,410,425,272,397
1,<environment.Job instance at 0x7f8a0744baf0>,142,17,[5 5],143,425,442,282,413
1,<environment.Job instance at 0x7f8a0729c3c0>,146,3,[3 8],147,442,445,295,416
1,<environment.Job instance at 0x7f8a0729c960>,147,3,[ 5 10],148,445,448,297,419
1,<environment.Job instance at 0x7f8a0729cc30>,148,2,[2 9],149,448,450,299,421
1,<environment.Job instance at 0x7f8a0729c7d0>,153,12,[3 7],154,450,462,296,433
1,<environment.Job instance at 0x7f8a072f3370>,158,14,[4 8],159,462,476,303,447
1,<environment.Job instance at 0x7f8a0744bcd0>,0,1,[8 5],1,1,2,0,1
1,<environment.Job instance at 0x7f89bfa9d960>,5,2,[2 8],6,6,8,0,6
1,<environment.Job instance at 0x7f89bfa9db40>,4,2,[9 4],5,8,10,3,7
1,<environment.Job instance at 0x7f8a07322280>,7,14,[5 1],8,10,24,2,9
1,<environment.Job instance at 0x7f8a07599870>,10,2,[2 5],11,11,13,0,11
1,<environment.Job instance at 0x7f8a074c81e0>,18,2,[2 5],19,53,55,34,53
1,<environment.Job instance at 0x7f8a07599e10>,12,16,[ 5 10],13,55,71,42,53
1,<environment.Job instance at 0x7f8a074c85f0>,20,14,[10  2],21,71,85,50,56
1,<environment.Job instance at 0x7f8a074b27d0>,25,17,[5 3],26,85,102,59,73
1,<environment.Job instance at 0x7f8a074b2f00>,30,15,[4 8],31,102,117,71,89
1,<environment.Job instance at 0x7f8a074b2af0>,31,16,[3 6],32,117,133,85,106
1,<environment.Job instance at 0x7f89bf2724b0>,35,13,[5 1],36,117,130,81,117
1,<environment.Job instance at 0x7f89bf272af0>,36,16,[6 2],37,130,146,93,121
1,<environment.Job instance at 0x7f89bf272f50>,38,14,[3 7],39,133,147,94,122
1,<environment.Job instance at 0x7f89bf272230>,39,12,[3 8],40,147,159,107,135
1,<environment.Job instance at 0x7f89bf2721e0>,42,16,[3 5],43,159,175,116,146
1,<environment.Job instance at 0x7f89bf272780>,46,14,[6 5],47,159,173,112,156
1,<environment.Job instance at 0x7f89bf272280>,47,13,[9 3],48,175,188,127,159
1,<environment.Job instance at 0x7f89bf1b2eb0>,50,15,[2 7],51,188,203,137,174
1,<environment.Job instance at 0x7f89bf1b2550>,54,13,[5 6],55,203,216,148,190
1,<environment.Job instance at 0x7f89bf5f4f50>,7,12,[5 4],8,8,20,0,8
1,<environment.Job instance at 0x7f89bf5f4320>,0,14,[ 1 10],1,20,34,19,11
1,<environment.Job instance at 0x7f8a073f6a00>,14,3,[9 4],15,34,37,19,19
1,<environment.Job instance at 0x7f8a0723fbe0>,6,16,[ 2 10],7,37,53,30,24
1,<environment.Job instance at 0x7f8a07e42eb0>,21,14,[4 7],22,53,67,31,38
1,<environment.Job instance at 0x7f89bf391b90>,24,17,[5 4],25,67,84,42,55
1,<environment.Job instance at 0x7f89bf391e60>,27,14,[10  5],28,84,98,56,69
1,<environment.Job instance at 0x7f89bf391780>,28,3,[8 5],29,98,101,69,72
1,<environment.Job instance at 0x7f89bf3910a0>,30,13,[1 7],31,101,114,70,85
1,<environment.Job instance at 0x7f89bf3914b0>,35,16,[7 2],36,101,117,65,89
1,<environment.Job instance at 0x7f8a07e7ad70>,38,14,[ 5 10],39,117,131,78,103
1,<environment.Job instance at 0x7f8a07e7a730>,43,15,[5 5],44,131,146,87,123
1,<environment.Job instance at 0x7f8a07e7aa00>,44,13,[ 2 10],45,146,159,101,130
1,<environment.Job instance at 0x7f8a07e7a8c0>,47,18,[9 5],48,159,177,111,149
1,<environment.Job instance at 0x7fb1102c2140>,2,12,[5 4],3,3,15,0,3
1,<environment.Job instance at 0x7fb108eb22d0>,5,13,[5 9],6,15,28,9,6
1,<environment.Job instance at 0x7fb108eb2460>,7,14,[5 1],8,8,22,0,8
1,<environment.Job instance at 0x7fb1103059b0>,4,18,[10  4],5,28,46,23,18
1,<environment.Job instance at 0x7fb108eb2b40>,14,12,[3 7],15,46,58,31,32
1,<environment.Job instance at 0x7fb108eb2c80>,16,12,[1 8],17,58,70,41,42
1,<environment.Job instance at 0x7fb108eb2820>,9,17,[ 4 10],10,70,87,60,60
1,<environment.Job instance at 0x7fb108eb5190>,25,3,[1 6],26,87,90,61,68
1,<environment.Job instance at 0x7fb108eb53c0>,27,2,[6 4],28,87,89,59,68
1,<environment.Job instance at 0x7fb108eb5460>,28,2,[5 9],29,90,92,61,69
1,<environment.Job instance at 0x7fb108eb55a0>,30,1,[5 5],31,92,93,61,70
1,<environment.Job instance at 0x7fb108eb5320>,31,17,[4 9],32,93,110,61,89
1,<environment.Job instance at 0x7fb108eb5a00>,33,2,[5 3],34,110,112,76,89
1,<environment.Job instance at 0x7fb108eb5910>,34,3,[9 5],35,112,115,77,89
1,<environment.Job instance at 0x7fb108eb5b40>,37,14,[5 5],38,115,129,77,101
1,<environment.Job instance at 0x7fb108eb5be0>,38,12,[3 6],39,129,141,90,112
1,<environment.Job instance at 0x7fb108eb5dc0>,41,14,[6 1],42,129,143,87,124
1,<environment.Job instance at 0x7fb108eb7050>,42,14,[8 4],43,143,157,100,128
1,<environment.Job instance at 0x7fb108eb70f0>,45,16,[6 2],46,157,173,111,146
1,<environment.Job instance at 0x7fb108eb7280>,46,3,[5 4],47,173,176,126,147
1,<environment.Job instance at 0x7fb108eb73c0>,47,1,[2 6],48,147,148,99,147
1,<environment.Job instance at 0x7fb108eb77d0>,51,2,[4 9],52,176,178,124,157
1,<environment.Job instance at 0x7fb108ebee10>,1,1,[5 1],2,4,5,2,4
1,<environment.Job instance at 0x7fb108ecf3c0>,7,2,[9 3],8,9,11,1,9
1,<environment.Job instance at 0x7fb108eb7780>,4,12,[5 7],5,11,23,6,9
1,<environment.Job instance at 0x7fb108ecf0a0>,8,14,[8 5],9,23,37,14,12
1,<environment.Job instance at 0x7fb108eced20>,17,3,[4 9],18,37,40,19,21
1,<environment.Job instance at 0x7fb108ecec30>,19,1,[10  3],20,40,41,20,22
1,<environment.Job instance at 0x7fb108ecf9b0>,14,17,[10  5],15,41,58,26,33
1,<environment.Job instance at 0x7fb108ecf730>,9,17,[9 2],10,58,75,48,46
1,<environment.Job instance at 0x7fb108ece140>,15,16,[ 3 10],16,75,91,59,70
1,<environment.Job instance at 0x7fb108e56f00>,34,13,[5 9],35,91,104,56,81
1,<environment.Job instance at 0x7fb108ed4140>,36,16,[7 2],37,104,120,67,91
1,<environment.Job instance at 0x7fb0c5238960>,43,15,[5 6],44,120,135,76,106
1,<environment.Job instance at 0x7fb108ed3eb0>,24,17,[10  2],25,135,152,110,124
1,<environment.Job instance at 0x7fb0c52384b0>,50,15,[7 4],51,152,167,101,138
1,<environment.Job instance at 0x7fb0c5238e10>,51,13,[3 6],52,152,165,100,138
1,<environment.Job instance at 0x7fb0c52b6230>,54,14,[8 5],55,167,181,112,152
1,<environment.Job instance at 0x7fb0c52b6730>,61,16,[7 4],62,181,197,119,169
1,<environment.Job instance at 0x7fb0c52b6550>,62,3,[3 9],63,197,200,134,172
1,<environment.Job instance at 0x7fb0c523bdc0>,66,17,[2 6],67,200,217,133,189
1,<environment.Job instance at 0x7fb0c523b320>,68,12,[9 2],69,217,229,148,202
1,<environment.Job instance at 0x7fb0c523b780>,72,13,[2 5],73,229,242,156,215
1,<environment.Job instance at 0x7fb0c523be60>,73,14,[3 5],74,229,243,155,215
1,<environment.Job instance at 0x7fb0c52b0230>,74,17,[1 9],75,243,260,168,231
1,<environment.Job instance at 0x7fb108e56f50>,32,17,[10  4],33,260,277,227,250
1,<environment.Job instance at 0x7fb10909d5a0>,8,3,[4 7],9,9,12,0,9
1,<environment.Job instance at 0x7fb0c50fe640>,12,2,[6 3],13,13,15,0,13
1,<environment.Job instance at 0x7fb0c5105370>,10,17,[7 1],11,22,39,11,22
1,<environment.Job instance at 0x7fb11042af50>,14,2,[4 8],15,46,48,31,46
1,<environment.Job instance at 0x7fb11042a5a0>,19,3,[9 2],20,48,51,28,46
1,<environment.Job instance at 0x7fb1102c1a50>,18,14,[3 6],19,51,65,32,46
1,<environment.Job instance at 0x7fb0c51e5a00>,21,3,[10  4],22,65,68,43,46
1,<environment.Job instance at 0x7fb0c51e59b0>,22,2,[6 4],23,51,53,28,47
1,<environment.Job instance at 0x7fb0c51e52d0>,24,2,[1 9],25,68,70,43,55
1,<environment.Job instance at 0x7fb11042faa0>,20,18,[4 8],21,70,88,49,67
1,<environment.Job instance at 0x7fb0c51e5c80>,27,13,[4 9],28,88,101,60,74
1,<environment.Job instance at 0x7fb0c51e5fa0>,29,1,[10  5],30,101,102,71,74
1,<environment.Job instance at 0x7fb108c391e0>,37,20,[5 2],38,102,122,64,101
1,<environment.Job instance at 0x7fb1090e8dc0>,41,3,[3 7],42,108,111,66,108
1,<environment.Job instance at 0x7fb1090e8e10>,42,17,[4 6],43,111,128,68,110
1,<environment.Job instance at 0x7fb0c5105640>,9,18,[ 2 10],10,128,146,118,117
1,<environment.Job instance at 0x7fb11043af50>,48,14,[2 7],49,146,160,97,132
1,<environment.Job instance at 0x7fb108ed4230>,49,17,[5 1],50,146,163,96,135
1,<environment.Job instance at 0x7fb1090e8eb0>,40,16,[1 9],41,160,176,119,150
1,<environment.Job instance at 0x7fb108ed43c0>,52,13,[8 1],53,163,176,110,154
1,<environment.Job instance at 0x7fb108ed4690>,56,13,[1 6],57,176,189,119,161
1,<environment.Job instance at 0x7fb1104350f0>,58,13,[8 2],59,176,189,117,174
1,<environment.Job instance at 0x7fb109382550>,25,18,[ 3 10],26,189,207,163,184
1,<environment.Job instance at 0x7fb110435be0>,66,13,[8 4],67,207,220,140,194
1,<environment.Job instance at 0x7fb0c5184230>,67,14,[9 1],68,220,234,152,205
1,<environment.Job instance at 0x7fb0c5184370>,72,12,[8 5],73,234,246,161,218
1,<environment.Job instance at 0x7fb11043b230>,76,13,[7 1],77,246,259,169,230
1,<environment.Job instance at 0x7fb11043b550>,77,16,[2 6],78,246,262,168,233
1,<environment.Job instance at 0x7fb1102e9c80>,83,17,[1 8],84,264,281,180,264
1,<environment.Job instance at 0x7fb0c5617b90>,7,2,[2 6],8,8,10,0,8
1,<environment.Job instance at 0x7fb0c57b7550>,10,3,[1 6],11,11,14,0,11
1,<environment.Job instance at 0x7fb108c5be60>,3,18,[6 1],4,12,30,8,12
1,<environment.Job instance at 0x7fb0c553ecd0>,4,12,[4 7],5,14,26,9,12
1,<environment.Job instance at 0x7fb0c54cfb90>,12,3,[4 9],13,26,29,13,14
1,<environment.Job instance at 0x7fb0c55820f0>,14,2,[10  3],15,30,32,15,15
1,<environment.Job instance at 0x7fb10d4f8870>,0,14,[8 4],1,32,46,31,19
1,<environment.Job instance at 0x7fb10d6399b0>,16,16,[2 6],17,32,48,15,28
1,<environment.Job instance at 0x7fb10d639960>,18,14,[6 4],19,46,60,27,33
1,<environment.Job instance at 0x7fb108c7fbe0>,24,14,[7 5],25,60,74,35,47
1,<environment.Job instance at 0x7fb108f035f0>,25,12,[6 1],26,74,86,48,57
1,<environment.Job instance at 0x7fb10da601e0>,27,3,[5 1],28,86,89,58,60
1,<environment.Job instance at 0x7fb10905a5a0>,30,1,[5 1],31,86,87,55,73
1,<environment.Job instance at 0x7fb10d639460>,23,18,[ 1 10],24,89,107,65,79
1,<environment.Job instance at 0x7fb108f1b9b0>,35,17,[ 5 10],36,107,124,71,106
1,<environment.Job instance at 0x7fb108fd11e0>,40,12,[7 2],41,125,137,84,125
1,<environment.Job instance at 0x7fb109004050>,41,13,[1 9],42,137,150,95,125
1,<environment.Job instance at 0x7fb10d4f2af0>,42,3,[1 9],43,150,153,107,125
1,<environment.Job instance at 0x7fb108fc1be0>,47,17,[3 8],48,153,170,105,145
1,<environment.Job instance at 0x7fb108fc11e0>,1,2,[8 4],2,2,4,0,2
1,<environment.Job instance at 0x7fb108f97dc0>,2,2,[8 4],3,4,6,1,3
1,<environment.Job instance at 0x7fb108fc1be0>,4,16,[4 5],5,6,22,1,6
1,<environment.Job instance at 0x7fb0c5572050>,6,3,[8 3],7,22,25,15,8
1,<environment.Job instance at 0x7fb0c5539e60>,11,3,[6 4],12,13,16,1,13
1,<environment.Job instance at 0x7fb0c5796690>,10,12,[1 7],11,22,34,11,14
1,<environment.Job instance at 0x7fb108fb3370>,15,2,[6 3],16,16,18,0,16
1,<environment.Job instance at 0x7fb110432550>,17,3,[8 1],18,25,28,7,18
1,<environment.Job instance at 0x7fb108e86550>,16,13,[4 7],17,34,47,17,20
1,<environment.Job instance at 0x7fb108e86230>,19,13,[7 4],20,47,60,27,31
1,<environment.Job instance at 0x7fb0c55ff9b0>,25,2,[4 7],26,60,62,34,43
1,<environment.Job instance at 0x7fb0c55fff50>,26,18,[6 3],27,60,78,33,49
1,<environment.Job instance at 0x7fb110432aa0>,12,17,[ 2 10],13,78,95,65,67
1,<environment.Job instance at 0x7fb0c550a9b0>,35,12,[10  1],36,95,107,59,80
1,<environment.Job instance at 0x7fb0c55ff780>,37,14,[ 4 10],38,107,121,69,94
1,<environment.Job instance at 0x7fb0c550a960>,41,12,[5 5],42,121,133,79,104
1,<environment.Job instance at 0x7fb10d471730>,31,18,[4 8],32,133,151,101,122
1,<environment.Job instance at 0x7fb0c550aaa0>,48,17,[9 5],49,151,168,102,139
1,<environment.Job instance at 0x7fb0c55b7fa0>,52,3,[4 8],53,168,171,115,152
1,<environment.Job instance at 0x7fb0c5821d70>,53,13,[5 5],54,171,184,117,155
1,<environment.Job instance at 0x7fb108cda820>,55,14,[4 6],56,184,198,128,169
1,<environment.Job instance at 0x7fb0c57455a0>,61,2,[7 1],62,202,204,140,202
1,<environment.Job instance at 0x7fb0c55522d0>,63,3,[10  3],64,204,207,140,202
1,<environment.Job instance at 0x7fb0c5745780>,64,13,[5 3],65,207,220,142,202
1,<environment.Job instance at 0x7fb0c5745960>,67,3,[7 5],68,220,223,152,204
1,<environment.Job instance at 0x7fb0c5823230>,68,17,[3 7],69,223,240,154,211
1,<environment.Job instance at 0x7fb0c5743190>,70,13,[5 3],71,223,236,152,211
1,<environment.Job instance at 0x7fb0c5743050>,72,17,[6 4],73,240,257,167,228
1,<environment.Job instance at 0x7fb0c5743550>,76,3,[5 4],77,257,260,180,231
1,<environment.Job instance at 0x7fb0c57432d0>,78,12,[ 4 10],79,260,272,181,243
1,<environment.Job instance at 0x7fb0c5769280>,82,16,[ 3 10],83,272,288,189,259
1,<environment.Job instance at 0x7fb109021f00>,50,16,[ 3 10],51,288,304,237,276
1,<environment.Job instance at 0x7fb0c5749280>,92,13,[9 4],93,304,317,211,293
1,<environment.Job instance at 0x7fb0c5749c30>,93,12,[2 6],94,317,329,223,300
1,<environment.Job instance at 0x7fb0c5749460>,96,13,[5 5],97,329,342,232,313
1,<environment.Job instance at 0x7fb0c5766be0>,103,1,[10  1],104,342,343,238,339
1,<environment.Job instance at 0x7fb0c5766a00>,104,17,[9 2],105,343,360,238,339
1,<environment.Job instance at 0x7fb0c5766550>,106,2,[5 9],107,360,362,253,339
1,<environment.Job instance at 0x7fb0c5766320>,107,2,[10  3],108,362,364,254,339
1,<environment.Job instance at 0x7fb0c5766050>,109,14,[5 1],110,367,381,257,367
1,<environment.Job instance at 0x7fb0c5766f00>,110,3,[5 7],111,367,370,256,367
1,<environment.Job instance at 0x7fb0c5584e10>,111,1,[7 3],112,381,382,269,367
1,<environment.Job instance at 0x7fb0c5742dc0>,113,18,[7 1],114,382,400,268,371
1,<environment.Job instance at 0x7fb0c558b3c0>,114,14,[9 1],115,400,414,285,385
1,<environment.Job instance at 0x7fb0c5769820>,85,17,[ 3 10],86,414,431,328,402
1,<environment.Job instance at 0x7fb0c5617c30>,4,3,[4 5],5,8,11,3,8
1,<environment.Job instance at 0x7fb109270500>,8,3,[6 1],9,10,13,1,10
1,<environment.Job instance at 0x7fb109270e60>,12,3,[5 9],13,20,23,7,20
1,<environment.Job instance at 0x7fb1092702d0>,14,3,[2 7],15,23,26,8,21
1,<environment.Job instance at 0x7fb10d9d9a50>,19,18,[6 1],20,44,62,24,44
1,<environment.Job instance at 0x7fb10d9d9f50>,21,3,[2 6],22,46,49,24,46
1,<environment.Job instance at 0x7fb10d9d9fa0>,20,15,[2 8],21,49,64,28,47
1,<environment.Job instance at 0x7fb109270c80>,13,16,[8 1],14,62,78,48,49
1,<environment.Job instance at 0x7fb10d9d9f00>,27,16,[1 7],28,64,80,36,60
1,<environment.Job instance at 0x7fb10d9d97d0>,30,15,[4 7],31,80,95,49,67
1,<environment.Job instance at 0x7fb108d35280>,32,1,[5 1],33,78,79,45,67
1,<environment.Job instance at 0x7fb108d35cd0>,34,13,[8 2],35,95,108,60,79
1,<environment.Job instance at 0x7fb108d35550>,36,3,[6 1],37,80,83,43,80
1,<environment.Job instance at 0x7fb108d35910>,38,13,[2 5],39,95,108,56,80
1,<environment.Job instance at 0x7fb108d357d0>,42,15,[ 2 10],43,108,123,65,96
1,<environment.Job instance at 0x7fb10d9d92d0>,25,16,[10  5],26,123,139,97,112
1,<environment.Job instance at 0x7fb0c5274550>,47,1,[7 3],48,139,140,91,112
1,<environment.Job instance at 0x7fb0c5274960>,51,18,[3 8],52,140,158,88,129
1,<environment.Job instance at 0x7fb10d96e640>,54,15,[4 8],55,158,173,103,144
1,<environment.Job instance at 0x7fb0c5274d70>,49,18,[2 7],50,173,191,123,162
1,<environment.Job instance at 0x7fb10d96e870>,62,3,[1 8],63,191,194,128,165
1,<environment.Job instance at 0x7fb10d96eeb0>,64,3,[1 5],65,194,197,129,168
1,<environment.Job instance at 0x7fb10d96e140>,66,3,[7 4],67,194,197,127,174
1,<environment.Job instance at 0x7fb10d96e8c0>,65,15,[3 5],66,197,212,131,183
1,<environment.Job instance at 0x7fb10d96eb40>,68,2,[7 4],69,197,199,128,183
1,<environment.Job instance at 0x7fb109351c30>,71,3,[9 1],72,191,194,119,184
1,<environment.Job instance at 0x7fb108d420f0>,74,13,[4 8],75,212,225,137,196
1,<environment.Job instance at 0x7fb108d427d0>,76,12,[9 5],77,225,237,148,208
1,<environment.Job instance at 0x7fb10d96e370>,67,13,[9 1],68,237,250,169,228
1,<environment.Job instance at 0x7fb108d42eb0>,79,15,[2 6],80,250,265,170,237
1,<environment.Job instance at 0x7fb108d42550>,82,13,[2 9],83,265,278,182,250
1,<environment.Job instance at 0x7fb108d42050>,84,3,[4 5],85,278,281,193,252
1,<environment.Job instance at 0x7fb108d42370>,81,14,[9 4],82,281,295,199,266
1,<environment.Job instance at 0x7fb108d426e0>,88,13,[1 5],89,278,291,189,268
1,<environment.Job instance at 0x7fb108d42be0>,91,1,[8 4],92,295,296,203,278
1,<environment.Job instance at 0x7fb108d38a00>,92,1,[2 5],93,295,296,202,278
1,<environment.Job instance at 0x7fb108d38280>,93,2,[ 4 10],94,296,298,202,278
1,<environment.Job instance at 0x7fb108d38820>,94,18,[10  2],95,298,316,203,287
1,<environment.Job instance at 0x7fb108d38460>,95,3,[5 6],96,316,319,220,290
1,<environment.Job instance at 0x7fb0c5515190>,98,18,[5 8],99,319,337,220,309
1,<environment.Job instance at 0x7fb10935b140>,99,17,[2 6],100,337,354,237,325
1,<environment.Job instance at 0x7fb10d48cc80>,105,3,[9 2],106,354,357,248,336
1,<environment.Job instance at 0x7fb10d899500>,106,17,[3 5],107,357,374,250,345
1,<environment.Job instance at 0x7fb1103059b0>,112,12,[10  4],113,374,386,261,360
1,<environment.Job instance at 0x7fb108f07140>,113,2,[5 1],114,360,362,246,360
1,<environment.Job instance at 0x7fb0c543cdc0>,115,15,[8 1],116,386,401,270,372
1,<environment.Job instance at 0x7fb10d7af5f0>,119,15,[6 2],120,401,416,281,390
1,<environment.Job instance at 0x7fb0c5488dc0>,120,16,[7 5],121,416,432,295,403
1,<environment.Job instance at 0x7fb10d518fa0>,124,17,[2 5],125,426,443,301,426
1,<environment.Job instance at 0x7fb10d7bd8c0>,126,15,[3 5],127,432,447,305,426
1,<environment.Job instance at 0x7fb10932bbe0>,128,2,[7 5],129,443,445,314,443
1,<environment.Job instance at 0x7fb10932beb0>,129,14,[5 4],130,445,459,315,443
1,<environment.Job instance at 0x7fb10932bcd0>,132,16,[9 4],133,459,475,326,450
1,<environment.Job instance at 0x7fb10932bb90>,134,17,[1 9],135,475,492,340,466
1,<environment.Job instance at 0x7fb10d921e10>,136,18,[8 1],137,475,493,338,466
1,<environment.Job instance at 0x7fb10d9211e0>,138,2,[10  5],139,493,495,354,466
1,<environment.Job instance at 0x7fb11042cc30>,5,3,[10  4],6,6,9,0,6
1,<environment.Job instance at 0x7fb0c54f9140>,6,1,[ 4 10],7,9,10,2,7
1,<environment.Job instance at 0x7fb1101c81e0>,10,15,[5 3],11,11,26,0,11
1,<environment.Job instance at 0x7fb11042c370>,0,12,[7 4],1,26,38,25,12
1,<environment.Job instance at 0x7fb0c556e730>,12,14,[4 6],13,38,52,25,25
1,<environment.Job instance at 0x7fb10db41e60>,17,1,[10  4],18,52,53,34,25
1,<environment.Job instance at 0x7fb10d7ef320>,8,17,[9 5],9,53,70,44,41
1,<environment.Job instance at 0x7fb0c5322780>,22,12,[ 1 10],23,70,82,47,53
1,<environment.Job instance at 0x7fb10d6acaa0>,29,3,[9 3],30,82,85,52,56
1,<environment.Job instance at 0x7fb109141b40>,31,3,[1 8],32,85,88,53,59
1,<environment.Job instance at 0x7fb10d6aceb0>,33,3,[3 8],34,88,91,54,74
1,<environment.Job instance at 0x7fb109272fa0>,27,15,[6 2],28,85,100,57,79
1,<environment.Job instance at 0x7fb0c51edc80>,38,2,[6 3],39,100,102,61,83
1,<environment.Job instance at 0x7fb0c51ed640>,39,2,[1 9],40,102,104,62,83
1,<environment.Job instance at 0x7fb1091c3690>,37,12,[5 9],38,104,116,66,87
1,<environment.Job instance at 0x7fb108c3ad70>,44,13,[2 7],45,116,129,71,101
1,<environment.Job instance at 0x7fb10d637550>,46,18,[6 4],47,129,147,82,118
1,<environment.Job instance at 0x7fb1091020a0>,52,14,[ 4 10],53,147,161,94,134
1,<environment.Job instance at 0x7fb108e78f00>,56,12,[8 4],57,161,173,104,146
1,<environment.Job instance at 0x7fb108e789b0>,61,15,[8 4],62,173,188,111,159
1,<environment.Job instance at 0x7fb108e78a00>,62,14,[9 2],63,188,202,125,173
1,<environment.Job instance at 0x7fb108da4a50>,66,12,[2 7],67,202,214,135,186
1,<environment.Job instance at 0x7fb108da4c30>,72,16,[9 2],73,214,230,141,201
1,<environment.Job instance at 0x7fb108da4370>,77,12,[1 6],78,218,230,140,218
1,<environment.Job instance at 0x7fb10dbe2e60>,79,17,[5 7],80,230,247,150,218
1,<environment.Job instance at 0x7fb108f794b0>,82,18,[7 4],83,247,265,164,236
1,<environment.Job instance at 0x7fb108d63730>,86,2,[5 7],87,265,267,178,248
1,<environment.Job instance at 0x7fb0c5322870>,19,15,[3 9],20,267,282,247,255
1,<environment.Job instance at 0x7fb108e48d70>,90,2,[8 4],91,282,284,191,255
1,<environment.Job instance at 0x7fb108f637d0>,89,15,[3 9],90,284,299,194,271
1,<environment.Job instance at 0x7fb108e03d20>,93,16,[3 8],94,299,315,205,287
1,<environment.Job instance at 0x7fb108fd4190>,101,12,[4 7],102,315,327,213,301
1,<environment.Job instance at 0x7fb108fd40a0>,102,17,[9 4],103,327,344,224,315
1,<environment.Job instance at 0x7fb108d06fa0>,107,12,[1 6],108,327,339,219,320
1,<environment.Job instance at 0x7fb108e0a500>,100,18,[9 2],101,344,362,243,334
1,<environment.Job instance at 0x7fb10d4c3140>,114,2,[3 6],115,362,364,247,361
1,<environment.Job instance at 0x7fb10d4c3230>,115,3,[2 8],116,364,367,248,361
1,<environment.Job instance at 0x7fb10d4c3320>,116,1,[9 2],117,367,368,250,361
1,<environment.Job instance at 0x7fb10d4c3b90>,117,1,[5 3],118,362,363,244,361
1,<environment.Job instance at 0x7fb108e03780>,92,14,[ 2 10],93,368,382,275,361
1,<environment.Job instance at 0x7fb10d4c30f0>,119,3,[10  1],120,382,385,262,361
1,<environment.Job instance at 0x7fb10d4c3cd0>,121,2,[1 9],122,385,387,263,363
1,<environment.Job instance at 0x7fb10d4c3410>,122,3,[10  4],123,387,390,264,363
1,<environment.Job instance at 0x7fb10d4c33c0>,125,16,[7 3],126,390,406,264,377
1,<environment.Job instance at 0x7fb10d4c3190>,128,13,[8 5],129,406,419,277,390
1,<environment.Job instance at 0x7fb10d4c30a0>,123,13,[8 4],124,419,432,295,406
1,<environment.Job instance at 0x7fb0c52ff0f0>,133,3,[ 4 10],134,432,435,298,418
1,<environment.Job instance at 0x7fb0c52fffa0>,137,18,[1 6],138,435,453,297,424
1,<environment.Job instance at 0x7fb0c52ffb90>,139,14,[5 1],140,435,449,295,424
1,<environment.Job instance at 0x7fb0c52ff550>,140,17,[9 2],141,449,466,308,437
1,<environment.Job instance at 0x7fb0c52ff870>,143,3,[6 2],144,466,469,322,440
1,<environment.Job instance at 0x7fb0c52ff410>,147,3,[8 1],148,469,472,321,445
1,<environment.Job instance at 0x7fb110039af0>,148,3,[10  4],149,472,475,323,446
1,<environment.Job instance at 0x7fb110039960>,149,18,[6 2],150,475,493,325,464
1,<environment.Job instance at 0x7fb108d4e9b0>,153,14,[ 4 10],154,493,507,339,487
1,<environment.Job instance at 0x7fb108d4e820>,156,16,[9 2],157,507,523,350,494
1,<environment.Job instance at 0x7fb0c5651af0>,165,16,[4 9],166,524,540,358,524
1,<environment.Job instance at 0x7fb0c56510f0>,166,18,[5 5],167,540,558,373,533
1,<environment.Job instance at 0x7fb0c5651410>,170,17,[ 5 10],171,574,591,403,574
1,<environment.Job instance at 0x7fb0c56515a0>,171,14,[10  1],172,591,605,419,584
1,<environment.Job instance at 0x7fb0c5651730>,173,3,[6 3],174,605,608,431,593
1,<environment.Job instance at 0x7fb0c5651b40>,175,3,[1 9],176,608,611,432,593
1,<environment.Job instance at 0x7fb0c5651fa0>,177,3,[1 6],178,605,608,427,593
1,<environment.Job instance at 0x7fb0c56511e0>,178,12,[3 9],179,611,623,432,594
1,<environment.Job instance at 0x7fb0c557dc80>,1,3,[7 4],2,3,6,1,3
1,<environment.Job instance at 0x7fb10928f230>,8,14,[ 1 10],9,12,26,3,12
1,<environment.Job instance at 0x7fb110432280>,15,2,[8 1],16,26,28,10,16
1,<environment.Job instance at 0x7fb1104326e0>,16,13,[8 1],17,28,41,11,17
1,<environment.Job instance at 0x7fb110432c80>,20,3,[ 4 10],21,41,44,20,24
1,<environment.Job instance at 0x7fb110432d20>,23,3,[8 1],24,45,48,21,45
1,<environment.Job instance at 0x7fb1102e8320>,14,13,[3 6],15,51,64,36,51
1,<environment.Job instance at 0x7fb11042caa0>,27,16,[5 4],28,53,69,25,53
1,<environment.Job instance at 0x7fb11042c550>,29,18,[5 1],30,64,82,34,56
1,<environment.Job instance at 0x7fb11042c7d0>,30,16,[1 7],31,69,85,38,57
1,<environment.Job instance at 0x7fb11042c5f0>,31,12,[2 6],32,85,97,53,68
1,<environment.Job instance at 0x7fb11042c460>,32,17,[6 4],33,85,102,52,74
1,<environment.Job instance at 0x7fb108c74910>,40,15,[1 8],41,102,117,61,88
1,<environment.Job instance at 0x7fb109356190>,42,18,[2 5],43,117,135,74,106
1,<environment.Job instance at 0x7fb11042c3c0>,28,17,[6 5],29,118,135,89,118
1,<environment.Job instance at 0x7fb0c57bbc30>,51,15,[5 2],52,135,150,83,125
1,<environment.Job instance at 0x7fb0c57bf320>,57,2,[10  2],58,150,152,92,139
1,<environment.Job instance at 0x7fb0c57bbe60>,58,2,[8 5],59,152,154,93,139
1,<environment.Job instance at 0x7fb0c57bf1e0>,59,17,[9 4],60,154,171,94,145
1,<environment.Job instance at 0x7fb0c57bf5f0>,65,15,[1 5],66,154,169,88,154
1,<environment.Job instance at 0x7fb0c57bf2d0>,60,13,[10  1],61,171,184,110,155
1,<environment.Job instance at 0x7fb0c57bf6e0>,67,3,[9 4],68,184,187,116,158
1,<environment.Job instance at 0x7fb0c57bfa00>,68,13,[8 2],69,187,200,118,171
1,<environment.Job instance at 0x7fb0c57bf910>,71,16,[4 6],72,200,216,128,187
1,<environment.Job instance at 0x7fb108efcd70>,1,1,[ 3 10],2,2,3,0,2
1,<environment.Job instance at 0x7fb10928f640>,4,2,[1 9],5,5,7,0,5
1,<environment.Job instance at 0x7fb0c5813190>,5,14,[5 4],6,7,21,1,6
1,<environment.Job instance at 0x7fb108e47eb0>,10,2,[3 5],11,16,18,5,16
1,<environment.Job instance at 0x7fb0c5813f00>,9,3,[5 4],10,18,21,8,16
1,<environment.Job instance at 0x7fb0c5813dc0>,11,12,[3 5],12,21,33,9,16
1,<environment.Job instance at 0x7fb0c5531fa0>,13,1,[3 7],14,33,34,19,16
1,<environment.Job instance at 0x7fb0c5531d20>,14,3,[8 5],15,34,37,19,16
1,<environment.Job instance at 0x7fb0c5531370>,15,2,[9 5],16,37,39,21,17
1,<environment.Job instance at 0x7fb0c5813cd0>,12,2,[1 9],13,39,41,26,23
1,<environment.Job instance at 0x7fb0c56045f0>,20,2,[7 5],21,25,27,4,25
1,<environment.Job instance at 0x7fb108fabe60>,21,2,[ 2 10],22,41,43,19,25
1,<environment.Job instance at 0x7fb109159cd0>,23,1,[9 4],24,43,44,19,25
1,<environment.Job instance at 0x7fb0c5604f00>,19,15,[6 4],20,44,59,24,31
1,<environment.Job instance at 0x7fb1091598c0>,26,17,[1 6],27,43,60,16,40
1,<environment.Job instance at 0x7fb10dae8aa0>,28,13,[4 8],29,60,73,31,44
1,<environment.Job instance at 0x7fb0c57bfcd0>,3,14,[ 4 10],4,73,87,69,59
1,<environment.Job instance at 0x7fb108e80d70>,38,15,[1 6],39,87,102,48,73
1,<environment.Job instance at 0x7fb0c559f910>,42,2,[3 5],43,102,104,59,77
1,<environment.Job instance at 0x7fb10d6ba500>,41,12,[5 6],42,104,116,62,90
1,<environment.Job instance at 0x7fb108eb6f50>,44,17,[1 6],45,116,133,71,104
1,<environment.Job instance at 0x7fb0c57b69b0>,45,14,[3 8],46,133,147,87,118
1,<environment.Job instance at 0x7fb108ec6820>,49,3,[2 7],50,147,150,97,121
1,<environment.Job instance at 0x7fb10d5a6e10>,54,13,[1 9],55,150,163,95,137
1,<environment.Job instance at 0x7fb10d5a6140>,56,12,[3 5],57,163,175,106,147
1,<environment.Job instance at 0x7fb10905c190>,62,2,[8 4],63,175,177,112,153
1,<environment.Job instance at 0x7fb10905c7d0>,63,3,[10  2],64,177,180,113,153
1,<environment.Job instance at 0x7fb1091417d0>,65,14,[4 8],66,180,194,114,167
1,<environment.Job instance at 0x7fb0c5626690>,66,12,[9 1],67,194,206,127,178
1,<environment.Job instance at 0x7fb10d4c37d0>,71,13,[9 3],72,206,219,134,191
1,<environment.Job instance at 0x7fb10d4c3640>,74,2,[7 5],75,219,221,144,214
1,<environment.Job instance at 0x7fb108df3960>,77,1,[10  1],78,221,222,143,214
1,<environment.Job instance at 0x7fb108df3fa0>,78,3,[2 6],79,222,225,143,214
1,<environment.Job instance at 0x7fb108df3f50>,76,16,[ 1 10],77,225,241,148,214
1,<environment.Job instance at 0x7fb108df3e60>,82,16,[2 8],83,241,257,158,230
1,<environment.Job instance at 0x7fb108f79280>,83,12,[3 9],84,257,269,173,240
1,<environment.Job instance at 0x7fb108f79140>,86,15,[5 9],87,269,284,182,256
1,<environment.Job instance at 0x7fb1093664b0>,90,15,[8 4],91,284,299,193,279
1,<environment.Job instance at 0x7fb109366690>,91,12,[8 1],92,299,311,207,282
1,<environment.Job instance at 0x7fb1093667d0>,92,13,[5 3],93,311,324,218,296
1,<environment.Job instance at 0x7fb0c56bc5f0>,98,12,[5 4],99,311,323,212,300
1,<environment.Job instance at 0x7fb0c56bc640>,100,13,[8 3],101,324,337,223,308
1,<environment.Job instance at 0x7fb108f79f50>,3,3,[4 7],4,4,7,0,4
1,<environment.Job instance at 0x7fb0c569bd20>,4,13,[10  1],5,7,20,2,6
1,<environment.Job instance at 0x7fb0c569bc80>,6,15,[4 6],7,20,35,13,7
1,<environment.Job instance at 0x7fb10913af50>,9,3,[4 8],10,35,38,25,14
1,<environment.Job instance at 0x7fb0c580c5a0>,16,14,[6 2],17,20,34,3,17
1,<environment.Job instance at 0x7fb0c580c230>,19,14,[7 3],20,38,52,18,23
1,<environment.Job instance at 0x7fb10d4c3af0>,0,15,[3 7],1,38,53,37,24
1,<environment.Job instance at 0x7fb10d424a00>,25,3,[9 4],26,53,56,27,34
1,<environment.Job instance at 0x7fb10d448870>,26,12,[5 3],27,56,68,29,39
1,<environment.Job instance at 0x7fb108e0af50>,27,15,[6 1],28,68,83,40,55
1,<environment.Job instance at 0x7fb1090d1a50>,32,14,[5 2],33,83,97,50,68
1,<environment.Job instance at 0x7fb108e0afa0>,24,18,[4 8],25,70,88,45,70
1,<environment.Job instance at 0x7fb109180960>,34,1,[ 2 10],35,97,98,62,70
1,<environment.Job instance at 0x7fb108ca05a0>,39,3,[ 4 10],40,98,101,58,76
1,<environment.Job instance at 0x7fb108e4dbe0>,28,15,[10  2],29,101,116,72,87
1,<environment.Job instance at 0x7fb108e1cfa0>,45,14,[7 5],46,116,130,70,101
1,<environment.Job instance at 0x7fb0c5810b90>,49,1,[9 3],50,130,131,80,103
1,<environment.Job instance at 0x7fb0c58105f0>,50,15,[10  5],51,131,146,80,117
1,<environment.Job instance at 0x7fb0c50b0870>,55,2,[8 4],56,146,148,90,127
1,<environment.Job instance at 0x7fb1093e1fa0>,43,15,[ 3 10],44,148,163,104,140
1,<environment.Job instance at 0x7fb0c50b04b0>,60,1,[1 9],61,163,164,102,147
1,<environment.Job instance at 0x7fb0c580a320>,62,1,[1 5],63,147,148,84,147
1,<environment.Job instance at 0x7fb0c580ad70>,63,12,[6 5],64,164,176,100,148
1,<environment.Job instance at 0x7fb0c580a550>,66,1,[7 4],67,176,177,109,159
1,<environment.Job instance at 0x7fb0c580ab40>,67,16,[8 4],68,177,193,109,165
1,<environment.Job instance at 0x7fb0c580af00>,69,2,[2 6],70,176,178,106,165
1,<environment.Job instance at 0x7fb0c52bbb90>,70,15,[1 8],71,193,208,122,183
1,<environment.Job instance at 0x7fb10d868d20>,74,14,[5 3],75,208,222,133,193
1,<environment.Job instance at 0x7fb10900db90>,77,14,[4 7],78,208,222,130,197
1,<environment.Job instance at 0x7fb10d49ed70>,80,12,[9 4],81,222,234,141,214
1,<environment.Job instance at 0x7fb10d7b2dc0>,83,16,[ 5 10],84,234,250,150,228
1,<environment.Job instance at 0x7fb10d49ecd0>,85,15,[ 1 10],86,250,265,164,249
1,<environment.Job instance at 0x7fb0c54f2550>,1,3,[2 9],2,3,6,1,3
1,<environment.Job instance at 0x7fb10d4b2320>,7,15,[6 2],8,8,23,0,8
1,<environment.Job instance at 0x7fb0c569b870>,2,18,[2 5],3,9,27,6,9
1,<environment.Job instance at 0x7fb10d97a960>,9,17,[5 4],10,23,40,13,13
1,<environment.Job instance at 0x7fb10d4b2fa0>,10,16,[1 6],11,27,43,16,15
1,<environment.Job instance at 0x7fb0c5823320>,14,18,[9 3],15,40,58,25,29
1,<environment.Job instance at 0x7fb10d9dd410>,20,14,[1 7],21,43,57,22,40
1,<environment.Job instance at 0x7fb0c53ce7d0>,12,15,[10  3],13,58,73,45,44
1,<environment.Job instance at 0x7fb0c569b460>,0,15,[2 8],1,73,88,72,61
1,<environment.Job instance at 0x7fb109244be0>,31,13,[1 7],32,88,101,56,72
1,<environment.Job instance at 0x7fb108cce410>,34,14,[5 3],35,88,102,53,80
1,<environment.Job instance at 0x7fb109244dc0>,27,17,[ 5 10],28,102,119,74,90
1,<environment.Job instance at 0x7fb10d4c23c0>,42,14,[5 5],43,119,133,76,104
1,<environment.Job instance at 0x7fb10d4c2f50>,44,13,[4 7],45,133,146,88,117
1,<environment.Job instance at 0x7fb10d4c25a0>,46,14,[9 3],47,146,160,99,133
1,<environment.Job instance at 0x7fb1090f4fa0>,53,13,[10  4],54,160,173,106,151
1,<environment.Job instance at 0x7fb10910e4b0>,60,13,[4 9],61,173,186,112,157
1,<environment.Job instance at 0x7fb10910e7d0>,63,14,[6 1],64,173,187,109,168
1,<environment.Job instance at 0x7fb10913a870>,3,3,[5 2],4,4,7,0,4
1,<environment.Job instance at 0x7fb11048a1e0>,5,1,[8 4],6,7,8,1,7
1,<environment.Job instance at 0x7fb10d50e5f0>,4,12,[ 1 10],5,8,20,3,8
1,<environment.Job instance at 0x7fb10d50ebe0>,7,2,[4 5],8,20,22,12,9
1,<environment.Job instance at 0x7fb0c5806640>,9,16,[8 4],10,22,38,12,10
1,<environment.Job instance at 0x7fb10910e820>,1,16,[1 7],2,38,54,36,25
1,<environment.Job instance at 0x7fb10daeb640>,21,12,[7 5],22,54,66,32,37
1,<environment.Job instance at 0x7fb10daeb690>,23,12,[8 2],24,38,50,14,38
1,<environment.Job instance at 0x7fb1102e63c0>,13,16,[5 9],14,66,82,52,57
1,<environment.Job instance at 0x7fb1092ab230>,31,3,[4 6],32,82,85,50,62
1,<environment.Job instance at 0x7fb1092ab640>,30,14,[5 3],31,82,96,51,68
1,<environment.Job instance at 0x7fb1102e67d0>,12,16,[4 7],13,85,101,72,72
1,<environment.Job instance at 0x7fb10d594a00>,38,13,[7 2],39,101,114,62,85
1,<environment.Job instance at 0x7fb10d594af0>,35,18,[6 4],36,114,132,78,103
1,<environment.Job instance at 0x7fb10d594320>,41,12,[4 6],42,114,126,72,103
1,<environment.Job instance at 0x7fb108f3a460>,46,12,[9 2],47,132,144,85,115
1,<environment.Job instance at 0x7fb108f3ac80>,47,18,[3 7],48,144,162,96,134
1,<environment.Job instance at 0x7fb108f791e0>,53,12,[ 4 10],54,162,174,108,146
1,<environment.Job instance at 0x7fb108f79280>,56,14,[2 9],57,174,188,117,166
1,<environment.Job instance at 0x7fb10d61b9b0>,60,2,[4 7],61,188,190,127,182
1,<environment.Job instance at 0x7fb10d4c21e0>,61,17,[8 4],62,190,207,128,182
1,<environment.Job instance at 0x7fb10d4c2320>,63,18,[10  4],64,207,225,143,197
1,<environment.Job instance at 0x7fb10d9fec80>,69,13,[6 5],70,225,238,155,211
1,<environment.Job instance at 0x7fb1102e6af0>,15,15,[ 3 10],16,238,253,222,224
1,<environment.Job instance at 0x7fb0c5850d20>,72,3,[3 8],73,253,256,180,227
1,<environment.Job instance at 0x7fb0c5850c80>,75,15,[2 8],76,256,271,180,242
1,<environment.Job instance at 0x7fb0c5850870>,73,16,[1 9],74,271,287,197,268
1,<environment.Job instance at 0x7fb0c5850e60>,78,13,[7 4],79,287,300,208,271
1,<environment.Job instance at 0x7fb1102e6c80>,1,2,[4 5],2,3,5,1,3
1,<environment.Job instance at 0x7fb10d6a3780>,3,2,[2 8],4,5,7,1,5
1,<environment.Job instance at 0x7fb10d4b2b90>,5,1,[4 8],6,7,8,1,6
1,<environment.Job instance at 0x7fb10910eeb0>,0,3,[3 7],1,8,11,7,6
1,<environment.Job instance at 0x7fb0c5617fa0>,10,3,[8 2],11,11,14,0,11
1,<environment.Job instance at 0x7fb10d4c2d70>,8,12,[ 4 10],9,25,37,16,25
1,<environment.Job instance at 0x7fb10d74a370>,19,1,[ 4 10],20,37,38,17,26
1,<environment.Job instance at 0x7fb0c5043910>,21,16,[10  1],22,38,54,16,26
1,<environment.Job instance at 0x7fb0c56ab230>,11,15,[9 3],12,54,69,42,42
1,<environment.Job instance at 0x7fb10d5a5190>,23,17,[8 3],24,69,86,45,58
1,<environment.Job instance at 0x7fb10d5a54b0>,30,14,[1 9],31,86,100,55,78
1,<environment.Job instance at 0x7fb0c5045370>,41,1,[5 7],42,100,101,58,81
1,<environment.Job instance at 0x7fb0c4eba2d0>,12,17,[4 9],13,101,118,88,89
1,<environment.Job instance at 0x7fb108ca08c0>,45,12,[5 1],46,89,101,43,89
1,<environment.Job instance at 0x7fb108ca0f50>,49,15,[4 9],50,118,133,68,104
1,<environment.Job instance at 0x7fb108ca0fa0>,53,2,[7 1],54,133,135,79,111
1,<environment.Job instance at 0x7fb108e9c500>,57,17,[5 6],58,135,152,77,123
1,<environment.Job instance at 0x7fb108e9cfa0>,59,14,[ 2 10],60,152,166,92,137
1,<environment.Job instance at 0x7fb10914d0a0>,64,12,[2 9],65,166,178,101,152
1,<environment.Job instance at 0x7fb10914d6e0>,68,14,[2 8],69,178,192,109,167
1,<environment.Job instance at 0x7fb10914dbe0>,73,13,[10  5],74,192,205,118,176
1,<environment.Job instance at 0x7fb0c50456e0>,44,18,[ 3 10],45,205,223,160,194
1,<environment.Job instance at 0x7fb0c5823190>,82,13,[6 3],83,223,236,140,207
1,<environment.Job instance at 0x7fb0c50d7550>,83,3,[8 1],84,236,239,152,210
1,<environment.Job instance at 0x7fb0c50d74b0>,85,3,[4 7],86,223,226,137,216
1,<environment.Job instance at 0x7fb0c50d7cd0>,87,14,[6 1],88,239,253,151,224
1,<environment.Job instance at 0x7fb0c50d7780>,90,16,[4 9],91,239,255,148,231
1,<environment.Job instance at 0x7fb1101bc4b0>,95,14,[8 2],96,255,269,159,251
1,<environment.Job instance at 0x7fb1101bc230>,98,2,[7 4],99,269,271,170,252
1,<environment.Job instance at 0x7fb1101bc820>,103,16,[1 9],104,271,287,167,258
1,<environment.Job instance at 0x7fb108c9ee60>,109,18,[5 2],110,287,305,177,276
1,<environment.Job instance at 0x7fb108c9e7d0>,111,2,[7 3],112,305,307,193,279
1,<environment.Job instance at 0x7fb108c9e6e0>,112,13,[6 1],113,307,320,194,291
1,<environment.Job instance at 0x7fb108c9e500>,114,3,[8 2],115,320,323,205,294
1,<environment.Job instance at 0x7fb108c9ee10>,116,12,[7 2],117,323,335,206,306
1,<environment.Job instance at 0x7fb10d6690f0>,119,12,[9 5],120,335,347,215,321
1,<environment.Job instance at 0x7fb10d669910>,126,3,[6 5],127,347,350,220,325
1,<environment.Job instance at 0x7fb10d6697d0>,127,3,[1 9],128,350,353,222,325
1,<environment.Job instance at 0x7fb10d669c80>,130,1,[3 7],131,325,326,194,325
1,<environment.Job instance at 0x7fb10d669be0>,132,13,[5 8],133,353,366,220,337
1,<environment.Job instance at 0x7fb0c503ee10>,135,2,[10  4],136,366,368,230,340
1,<environment.Job instance at 0x7fb0c50459b0>,42,18,[ 3 10],43,368,386,325,360
1,<environment.Job instance at 0x7fb0c503e5a0>,141,1,[ 5 10],142,386,387,244,360
1,<environment.Job instance at 0x7fb0c503e320>,143,3,[4 6],144,450,453,306,450
1,<environment.Job instance at 0x7fb0c5064370>,144,18,[ 4 10],145,463,481,318,463
1,<environment.Job instance at 0x7fb0c5064280>,145,12,[10  4],146,526,538,380,526
1,<environment.Job instance at 0x7fb0c5064e60>,146,13,[7 3],147,538,551,391,526
1,<environment.Job instance at 0x7fb0c50d9b40>,149,12,[3 8],150,551,563,401,544
1,<environment.Job instance at 0x7fb0c5638c80>,150,18,[1 7],151,563,581,412,553
1,<environment.Job instance at 0x7fb1093a45a0>,152,3,[4 6],153,581,584,428,555
1,<environment.Job instance at 0x7fb1093a4eb0>,153,2,[1 5],154,584,586,430,557
1,<environment.Job instance at 0x7fb1093a4730>,154,18,[3 8],155,586,604,431,585
1,<environment.Job instance at 0x7fb1093a4460>,155,3,[10  1],156,604,607,448,585
1,<environment.Job instance at 0x7fb1093a4690>,159,1,[9 5],160,585,586,425,585
1,<environment.Job instance at 0x7fb10dbe0dc0>,161,15,[3 5],162,607,622,445,593
1,<environment.Job instance at 0x7fb110075870>,162,2,[5 3],163,607,609,444,593
1,<environment.Job instance at 0x7fb108ea8190>,164,15,[10  3],165,622,637,457,615
1,<environment.Job instance at 0x7fb108f07320>,166,2,[1 9],167,637,639,470,615
1,<environment.Job instance at 0x7fb10d4b6140>,167,13,[5 6],168,639,652,471,623
1,<environment.Job instance at 0x7fb10d96e1e0>,9,1,[2 6],10,31,32,21,31
1,<environment.Job instance at 0x7fb10911b370>,0,14,[7 5],1,33,47,32,33
1,<environment.Job instance at 0x7fb1093a4780>,10,18,[5 5],11,47,65,36,43
1,<environment.Job instance at 0x7fb10d431c80>,19,17,[8 2],20,65,82,45,57
1,<environment.Job instance at 0x7fb0c56265f0>,27,12,[5 6],28,82,94,54,65
1,<environment.Job instance at 0x7fb0c5617af0>,28,13,[5 5],29,94,107,65,78
1,<environment.Job instance at 0x7fb0c5617460>,30,13,[1 6],31,107,120,76,95
1,<environment.Job instance at 0x7fb110048aa0>,35,16,[6 1],36,107,123,71,95
1,<environment.Job instance at 0x7fb110048c80>,36,13,[5 7],37,123,136,86,108
1,<environment.Job instance at 0x7fb0c50c7820>,39,13,[5 2],40,123,136,83,108
1,<environment.Job instance at 0x7fb0c50c7870>,42,2,[3 8],43,120,122,77,120
1,<environment.Job instance at 0x7fb0c50c7cd0>,43,16,[10  1],44,136,152,92,123
1,<environment.Job instance at 0x7fb0c5064be0>,46,15,[3 5],47,152,167,105,138
1,<environment.Job instance at 0x7fb0c5064f00>,48,14,[4 7],49,167,181,118,152
1,<environment.Job instance at 0x7fb0c57431e0>,52,12,[7 2],53,181,193,128,165
1,<environment.Job instance at 0x7fb108f54730>,55,18,[4 5],56,193,211,137,182
1,<environment.Job instance at 0x7fb108f45780>,63,12,[6 3],64,193,205,129,182
1,<environment.Job instance at 0x7fb108f458c0>,68,12,[6 1],69,205,217,136,192
1,<environment.Job instance at 0x7fb108fab690>,71,17,[ 3 10],72,217,234,145,217
1,<environment.Job instance at 0x7fb109303690>,75,13,[3 7],76,234,247,158,222
1,<environment.Job instance at 0x7fb108f57640>,81,13,[ 3 10],82,247,260,165,232
1,<environment.Job instance at 0x7fb108f57f50>,83,16,[5 5],84,260,276,176,248
1,<environment.Job instance at 0x7fb109390230>,88,12,[8 2],89,276,288,187,274
1,<environment.Job instance at 0x7fb1093902d0>,90,2,[ 4 10],91,296,298,205,296
1,<environment.Job instance at 0x7fb10d542050>,91,17,[ 3 10],92,298,315,206,298
1,<environment.Job instance at 0x7fb10921c4b0>,95,3,[4 7],96,315,318,219,303
1,<environment.Job instance at 0x7fb10db63550>,97,17,[8 2],98,318,335,220,308
1,<environment.Job instance at 0x7fb109220dc0>,99,2,[1 8],100,318,320,218,308
1,<environment.Job instance at 0x7fb10920e820>,102,18,[5 5],103,335,353,232,324
1,<environment.Job instance at 0x7fb1092560f0>,105,16,[ 5 10],106,353,369,247,340
1,<environment.Job instance at 0x7fb1093aa370>,110,12,[9 5],111,369,381,258,352
1,<environment.Job instance at 0x7fb1093aa320>,113,16,[1 8],114,381,397,267,368
1,<environment.Job instance at 0x7fb108fe2410>,117,12,[5 5],118,397,409,279,380
1,<environment.Job instance at 0x7fb1093a84b0>,124,12,[5 5],125,397,409,272,390
1,<environment.Job instance at 0x7fb1093a8e60>,125,16,[ 3 10],126,409,425,283,404
1,<environment.Job instance at 0x7fb108f32960>,129,15,[3 7],130,425,440,295,411
1,<environment.Job instance at 0x7fb1093bd780>,134,16,[4 6],135,459,475,324,459
1,<environment.Job instance at 0x7fb1093bdd70>,139,1,[1 5],140,475,476,335,468
1,<environment.Job instance at 0x7fb1093bdb90>,140,12,[7 4],141,475,487,334,468
1,<environment.Job instance at 0x7fb1093bd2d0>,142,16,[7 5],143,487,503,344,474
1,<environment.Job instance at 0x7fb1093bd500>,145,3,[5 9],146,503,506,357,481
1,<environment.Job instance at 0x7fb1093bda00>,147,3,[5 9],148,506,509,358,486
1,<environment.Job instance at 0x7fb1093bd190>,149,2,[5 5],150,509,511,359,490
1,<environment.Job instance at 0x7fb1093bd960>,150,1,[5 1],151,503,504,352,490
1,<environment.Job instance at 0x7fb1093bd140>,151,18,[ 5 10],152,511,529,359,505
1,<environment.Job instance at 0x7fb108fe1500>,156,15,[9 2],157,529,544,372,515
1,<environment.Job instance at 0x7fb108fe1f50>,2,12,[7 5],3,6,18,3,6
1,<environment.Job instance at 0x7fb10d9894b0>,10,14,[5 1],11,18,32,7,11
1,<environment.Job instance at 0x7fb0c4fdf2d0>,14,2,[8 5],15,32,34,17,15
1,<environment.Job instance at 0x7fb0c4fdf0f0>,17,17,[5 5],18,79,96,61,79
1,<environment.Job instance at 0x7fb0c4e82dc0>,22,1,[ 3 10],23,96,97,73,79
1,<environment.Job instance at 0x7fb0c4e82870>,21,14,[10  4],22,97,111,75,82
1,<environment.Job instance at 0x7fb1091b8a50>,30,14,[2 7],31,111,125,80,98
1,<environment.Job instance at 0x7fb0c55a1730>,34,3,[10  1],35,125,128,90,104
1,<environment.Job instance at 0x7fb10d959a00>,35,1,[10  4],36,128,129,92,104
1,<environment.Job instance at 0x7fb108e63820>,6,17,[10  5],7,129,146,122,121
1,<environment.Job instance at 0x7fb10da1f9b0>,42,17,[4 7],43,146,163,103,136
1,<environment.Job instance at 0x7fb10da1ffa0>,43,18,[2 9],44,163,181,119,152
1,<environment.Job instance at 0x7fb0c4e790a0>,47,12,[3 5],48,181,193,133,164
1,<environment.Job instance at 0x7fb0c4fdd140>,48,3,[6 2],49,181,184,132,165
1,<environment.Job instance at 0x7fb10d8eaeb0>,52,14,[5 6],53,193,207,140,186
1,<environment.Job instance at 0x7fb0c5513e60>,5,2,[8 5],6,6,8,0,6
1,<environment.Job instance at 0x7fb0c50dda50>,11,3,[7 1],12,12,15,0,12
1,<environment.Job instance at 0x7fb0c50ddbe0>,12,17,[8 1],13,15,32,2,13
1,<environment.Job instance at 0x7fb0c50dd730>,14,13,[7 4],15,32,45,17,16
1,<environment.Job instance at 0x7fb0c5513d70>,4,15,[ 5 10],5,45,60,40,31
1,<environment.Job instance at 0x7fb0c50dd370>,23,2,[ 4 10],24,60,62,36,41
1,<environment.Job instance at 0x7fb0c50ddaf0>,17,16,[5 9],18,62,78,44,54
1,<environment.Job instance at 0x7fb10d5a28c0>,27,3,[3 5],28,78,81,50,54
1,<environment.Job instance at 0x7fb10d5a2460>,26,3,[3 8],27,81,84,54,55
1,<environment.Job instance at 0x7fb10d5a20f0>,29,3,[3 5],30,78,81,48,55
1,<environment.Job instance at 0x7fb10d7d5780>,7,16,[5 7],8,84,100,76,73
1,<environment.Job instance at 0x7fb0c4e48050>,36,1,[8 5],37,100,101,63,75
1,<environment.Job instance at 0x7fb0c50ddaa0>,16,15,[5 5],17,101,116,84,87
1,<environment.Job instance at 0x7fb0c4e48960>,40,3,[2 6],41,116,119,75,90
1,<environment.Job instance at 0x7fb0c4e484b0>,42,1,[10  2],43,119,120,76,92
1,<environment.Job instance at 0x7fb0c4e48230>,39,12,[1 5],40,100,112,60,99
1,<environment.Job instance at 0x7fb0c4e578c0>,45,12,[9 4],46,120,132,74,103
1,<environment.Job instance at 0x7fb0c4e487d0>,41,18,[1 8],42,132,150,90,125
1,<environment.Job instance at 0x7fb0c4e57370>,57,3,[5 6],58,150,153,92,127
1,<environment.Job instance at 0x7fb0c4e4b2d0>,59,18,[3 7],60,153,171,93,142
1,<environment.Job instance at 0x7fb0c4e4b730>,63,2,[5 4],64,150,152,86,143
1,<environment.Job instance at 0x7fb0c4e4bd70>,65,18,[6 3],66,153,171,87,144
1,<environment.Job instance at 0x7fb0c4e57410>,55,18,[7 3],56,171,189,115,161
1,<environment.Job instance at 0x7fb10d5a29b0>,34,18,[2 6],35,171,189,136,161
1,<environment.Job instance at 0x7fb0c531f870>,73,15,[5 6],74,189,204,115,177
1,<environment.Job instance at 0x7fb0c4e4b460>,68,18,[5 8],69,204,222,135,193
1,<environment.Job instance at 0x7fb0c531f820>,77,14,[10  2],78,222,236,144,207
1,<environment.Job instance at 0x7fb0c531ffa0>,78,15,[4 6],79,236,251,157,224
1,<environment.Job instance at 0x7fb0c531faf0>,87,18,[ 5 10],88,251,269,163,243
1,<environment.Job instance at 0x7fb0c531f910>,92,14,[5 7],93,269,283,176,254
1,<environment.Job instance at 0x7fb0c5303c80>,95,18,[1 8],96,283,301,187,273
1,<environment.Job instance at 0x7fb0c5303af0>,97,3,[5 8],98,301,304,203,275
1,<environment.Job instance at 0x7fb0c4e9f230>,101,15,[2 9],102,304,319,202,293
1,<environment.Job instance at 0x7fb0c4e9f6e0>,105,17,[9 3],106,319,336,213,314
1,<environment.Job instance at 0x7fb0c531fe10>,1,2,[8 5],2,2,4,0,2
1,<environment.Job instance at 0x7fb0c5303960>,2,3,[3 5],3,6,9,3,6
1,<environment.Job instance at 0x7fb1093d8820>,8,12,[5 3],9,10,22,1,10
1,<environment.Job instance at 0x7fb0c5695b40>,10,3,[8 1],11,22,25,11,11
1,<environment.Job instance at 0x7fb0c52fe8c0>,9,13,[6 2],10,25,38,15,13
1,<environment.Job instance at 0x7fb0c544df00>,15,15,[4 8],16,25,40,9,16
1,<environment.Job instance at 0x7fb0c4f285f0>,20,15,[2 9],21,40,55,19,26
1,<environment.Job instance at 0x7fb0c4f10aa0>,24,13,[5 6],25,55,68,30,39
1,<environment.Job instance at 0x7fb10d56d550>,30,14,[1 8],31,68,82,37,54
1,<environment.Job instance at 0x7fb10d56d3c0>,31,14,[9 1],32,68,82,36,56
1,<environment.Job instance at 0x7fb10d56dc80>,32,13,[8 3],33,82,95,49,67
1,<environment.Job instance at 0x7fb0c4e92f00>,35,14,[6 2],36,95,109,59,80
1,<environment.Job instance at 0x7fb0c4e7dc30>,40,2,[5 1],41,109,111,68,100
1,<environment.Job instance at 0x7fb0c4e7d780>,43,12,[10  3],44,111,123,67,100
1,<environment.Job instance at 0x7fb0c4edd820>,46,3,[1 5],47,101,104,54,101
1,<environment.Job instance at 0x7fb0c4eddaa0>,47,1,[5 4],48,109,110,61,101
1,<environment.Job instance at 0x7fb0c4e44550>,51,18,[1 6],52,123,141,71,112
1,<environment.Job instance at 0x7fb0c4e444b0>,52,17,[5 2],53,123,140,70,112
1,<environment.Job instance at 0x7fb0c4fcc910>,13,16,[1 8],14,141,157,127,128
1,<environment.Job instance at 0x7fb0c4ffd730>,58,1,[2 6],59,157,158,98,134
1,<environment.Job instance at 0x7fb0c4ffd7d0>,57,16,[3 5],58,158,174,100,145
1,<environment.Job instance at 0x7fb0c4ffd370>,59,18,[5 6],60,174,192,114,163
1,<environment.Job instance at 0x7fb0c563d190>,64,1,[3 5],65,170,171,105,170
1,<environment.Job instance at 0x7fb0c5513320>,6,14,[ 4 10],7,192,206,185,179
1,<environment.Job instance at 0x7fb0c502c140>,67,2,[9 2],68,206,208,138,179
1,<environment.Job instance at 0x7fb0c502c410>,69,16,[2 5],70,208,224,138,195
1,<environment.Job instance at 0x7fb0c502cd70>,73,16,[8 3],74,208,224,134,198
1,<environment.Job instance at 0x7fb0c502c6e0>,75,18,[4 6],76,224,242,148,214
1,<environment.Job instance at 0x7fb108c7ac80>,81,3,[10  2],82,242,245,160,216
1,<environment.Job instance at 0x7fb0c5237500>,86,3,[2 9],87,245,248,158,220
1,<environment.Job instance at 0x7fb0c520c0f0>,88,3,[2 6],89,248,251,159,227
1,<environment.Job instance at 0x7fb0c4ecd190>,89,1,[5 5],90,251,252,161,227
1,<environment.Job instance at 0x7fb0c4ec4be0>,90,18,[2 5],91,251,269,160,240
1,<environment.Job instance at 0x7fb0c4e578c0>,92,16,[5 1],93,252,268,159,244
1,<environment.Job instance at 0x7fb108e0ac80>,93,18,[7 3],94,268,286,174,257
1,<environment.Job instance at 0x7fb10d5b8a00>,95,14,[2 6],96,269,283,173,258
1,<environment.Job instance at 0x7fb10d5b81e0>,96,18,[3 5],97,283,301,186,272
1,<environment.Job instance at 0x7fb10d5d0e10>,99,3,[9 1],100,301,304,201,275
1,<environment.Job instance at 0x7fb10d5ed6e0>,101,3,[5 3],102,286,289,184,275
1,<environment.Job instance at 0x7fb0c5425a50>,106,15,[9 1],107,304,319,197,290
1,<environment.Job instance at 0x7fb0c5425690>,107,12,[1 5],108,290,302,182,290
1,<environment.Job instance at 0x7fb0c5425730>,108,17,[7 3],109,319,336,210,307
1,<environment.Job instance at 0x7fb0c5425780>,109,15,[1 7],110,307,322,197,307
1,<environment.Job instance at 0x7fb0c5401640>,114,2,[1 5],115,322,324,207,319
1,<environment.Job instance at 0x7fb0c5425aa0>,115,14,[10  5],116,336,350,220,322
1,<environment.Job instance at 0x7fb0c519b5f0>,118,14,[9 1],119,350,364,231,335
1,<environment.Job instance at 0x7fb0c5012e60>,78,14,[3 9],79,364,378,285,351
1,<environment.Job instance at 0x7fb0c5430500>,123,16,[5 3],124,378,394,254,365
1,<environment.Job instance at 0x7fb0c5430640>,127,17,[1 9],128,394,411,266,382
1,<environment.Job instance at 0x7fb0c54304b0>,130,3,[5 3],131,411,414,280,396
1,<environment.Job instance at 0x7fb0c5430b40>,131,2,[1 6],132,411,413,279,396
1,<environment.Job instance at 0x7fb0c54307d0>,133,17,[6 4],134,414,431,280,403
1,<environment.Job instance at 0x7fb0c5430550>,134,16,[2 6],135,413,429,278,403
1,<environment.Job instance at 0x7fb0c5406370>,143,17,[5 8],144,431,448,287,419
1,<environment.Job instance at 0x7fb0c5406e10>,147,15,[6 5],148,448,463,300,434
1,<environment.Job instance at 0x7fb0c5179640>,152,17,[5 5],153,463,480,310,452
1,<environment.Job instance at 0x7fb0c5188460>,157,3,[ 5 10],158,480,483,322,454
1,<environment.Job instance at 0x7fb0c519e410>,160,18,[6 2],161,483,501,322,472
1,<environment.Job instance at 0x7fb108c79230>,163,12,[3 7],164,483,495,319,472
1,<environment.Job instance at 0x7fb108c79500>,167,17,[2 8],168,495,512,327,485
1,<environment.Job instance at 0x7fb108c79cd0>,168,14,[4 8],169,512,526,343,497
1,<environment.Job instance at 0x7fb108c79be0>,173,16,[1 7],174,526,542,352,515
1,<environment.Job instance at 0x7fb10d5e4e10>,4,2,[9 4],5,5,7,0,5
1,<environment.Job instance at 0x7fb0c5695fa0>,1,2,[9 5],2,8,10,6,8
1,<environment.Job instance at 0x7fb108ca2050>,10,2,[2 5],11,18,20,7,18
1,<environment.Job instance at 0x7fb108ca27d0>,11,16,[1 8],12,20,36,8,20
1,<environment.Job instance at 0x7fb0c4fff190>,7,14,[5 1],8,25,39,17,25
1,<environment.Job instance at 0x7fb0c56950a0>,2,15,[4 5],3,36,51,33,34
1,<environment.Job instance at 0x7fb1091b5050>,14,3,[5 3],15,39,42,24,35
1,<environment.Job instance at 0x7fb10d821af0>,17,18,[7 4],18,51,69,33,40
1,<environment.Job instance at 0x7fb108f977d0>,24,19,[3 6],25,51,70,26,45
1,<environment.Job instance at 0x7fb10db67910>,25,17,[5 3],26,69,86,43,57
1,<environment.Job instance at 0x7fb108f97870>,30,15,[4 8],31,86,101,55,75
1,<environment.Job instance at 0x7fb1091104b0>,31,16,[3 6],32,101,117,69,88
1,<environment.Job instance at 0x7fb1091106e0>,35,13,[5 1],36,88,101,52,88
1,<environment.Job instance at 0x7fb1091108c0>,36,16,[6 2],37,101,117,64,88
1,<environment.Job instance at 0x7fb0c4eb2b90>,39,12,[3 8],40,117,129,77,102
1,<environment.Job instance at 0x7fb0c516c370>,42,16,[3 5],43,129,145,86,116
1,<environment.Job instance at 0x7fb0c4f28af0>,44,2,[4 6],45,145,147,100,135
1,<environment.Job instance at 0x7fb108ebe2d0>,45,2,[ 2 10],46,147,149,101,135
1,<environment.Job instance at 0x7fb0c52eb2d0>,46,14,[6 5],47,149,163,102,136
1,<environment.Job instance at 0x7fb108ebe9b0>,48,15,[7 4],49,163,178,114,149
1,<environment.Job instance at 0x7fb108ebe960>,49,12,[3 5],50,149,161,99,149
1,<environment.Job instance at 0x7fb0c54f2aa0>,51,12,[5 8],52,178,190,126,161
1,<environment.Job instance at 0x7fb10d75c550>,2,1,[5 6],3,3,4,0,3
1,<environment.Job instance at 0x7fb1102c1e60>,3,15,[6 1],4,4,19,0,4
1,<environment.Job instance at 0x7fb0c4ef4460>,4,3,[9 4],5,19,22,14,5
1,<environment.Job instance at 0x7fb10d622280>,9,2,[10  4],10,22,24,12,10
1,<environment.Job instance at 0x7fb10d622910>,10,2,[10  1],11,24,26,13,11
1,<environment.Job instance at 0x7fb10d5c9230>,8,13,[9 1],9,26,39,17,14
1,<environment.Job instance at 0x7fb10d6220f0>,16,18,[6 5],17,39,57,22,28
1,<environment.Job instance at 0x7fb10d622dc0>,20,13,[1 7],21,57,70,36,41
1,<environment.Job instance at 0x7fb1091e7280>,25,16,[7 2],26,57,73,31,53
1,<environment.Job instance at 0x7fb1091e7230>,27,12,[4 6],28,73,85,45,59
1,<environment.Job instance at 0x7fb1091e7be0>,29,3,[7 1],30,85,88,55,68
1,<environment.Job instance at 0x7fb1091e74b0>,28,14,[ 5 10],29,88,102,59,73
1,<environment.Job instance at 0x7fb1091e78c0>,34,13,[ 2 10],35,102,115,67,91
1,<environment.Job instance at 0x7fb0c5707b40>,39,14,[1 9],40,201,215,161,201
1,<environment.Job instance at 0x7fb0c5707e60>,42,16,[5 4],43,215,231,172,205
1,<environment.Job instance at 0x7fb0c5707370>,46,14,[10  3],47,235,249,188,235
1,<environment.Job instance at 0x7fb0c5707690>,47,3,[5 3],48,249,252,201,235
1,<environment.Job instance at 0x7fb0c4fa4d70>,53,15,[6 1],54,257,272,203,257
1,<environment.Job instance at 0x7fb10d85b960>,65,2,[5 4],66,318,320,252,318
1,<environment.Job instance at 0x7fb10d85baa0>,67,17,[4 6],68,318,335,250,318
1,<environment.Job instance at 0x7fb10d85bcd0>,68,1,[1 8],69,335,336,266,318
1,<environment.Job instance at 0x7fb10d85b780>,70,3,[9 2],71,342,345,271,342
1,<environment.Job instance at 0x7fb10d85b1e0>,71,15,[2 5],72,345,360,273,342
1,<environment.Job instance at 0x7fb0c53005a0>,77,13,[5 5],78,345,358,267,343
1,<environment.Job instance at 0x7fb0c4ef4dc0>,2,14,[ 1 10],3,10,24,7,10
1,<environment.Job instance at 0x7fb0c4da1230>,10,1,[ 4 10],11,24,25,13,11
1,<environment.Job instance at 0x7fb10d5e4820>,9,17,[1 9],10,25,42,15,13
1,<environment.Job instance at 0x7fb0c4d99320>,13,12,[5 7],14,42,54,28,29
1,<environment.Job instance at 0x7fb0c4db7640>,17,15,[6 4],18,54,69,36,40
1,<environment.Job instance at 0x7fb0c4ef4f00>,5,18,[3 5],6,54,72,48,43
1,<environment.Job instance at 0x7fb0c4d967d0>,20,14,[6 2],21,69,83,48,55
1,<environment.Job instance at 0x7fb0c4dab370>,24,18,[1 6],25,72,90,47,70
1,<environment.Job instance at 0x7fb0c4da9230>,27,13,[4 5],28,90,103,62,74
1,<environment.Job instance at 0x7fb0c4da95f0>,28,16,[6 3],29,83,99,54,74
1,<environment.Job instance at 0x7fb10d9cd550>,31,18,[3 7],32,103,121,71,92
1,<environment.Job instance at 0x7fb10d9cd320>,33,14,[5 1],34,99,113,65,92
1,<environment.Job instance at 0x7fb0c4db0e60>,35,3,[8 4],36,121,124,85,102
1,<environment.Job instance at 0x7fb0c4db0820>,37,15,[5 2],38,124,139,86,110
1,<environment.Job instance at 0x7fb0c4db0aa0>,38,15,[3 7],39,124,139,85,110
1,<environment.Job instance at 0x7fb0c4d9d1e0>,40,15,[5 4],41,139,154,98,125
1,<environment.Job instance at 0x7fb0c4d9d5f0>,42,18,[4 6],43,139,157,96,133
1,<environment.Job instance at 0x7fa500888190>,2,12,[5 4],3,3,15,0,3
1,<environment.Job instance at 0x7fa4fb4782d0>,5,13,[5 9],6,15,28,9,6
1,<environment.Job instance at 0x7fa4fb478640>,7,14,[5 1],8,8,22,0,8
1,<environment.Job instance at 0x7fa4fb4787d0>,8,17,[ 2 10],9,28,45,19,16
1,<environment.Job instance at 0x7fa4fb478280>,10,1,[7 3],11,45,46,34,23
1,<environment.Job instance at 0x7fa4fb478960>,11,2,[3 9],12,46,48,34,23
1,<environment.Job instance at 0x7fa4fb478690>,12,3,[6 3],13,48,51,35,23
1,<environment.Job instance at 0x7fa4fb478aa0>,14,12,[3 7],15,48,60,33,35
1,<environment.Job instance at 0x7fa4fb478af0>,16,12,[1 8],17,60,72,43,43
1,<environment.Job instance at 0x7fa4fb4785f0>,9,17,[ 4 10],10,72,89,62,61
1,<environment.Job instance at 0x7fa4fb479140>,24,3,[5 9],25,89,92,64,66
1,<environment.Job instance at 0x7fa4fb479320>,25,3,[1 6],26,92,95,66,66
1,<environment.Job instance at 0x7fa4fb479460>,28,2,[5 9],29,95,97,66,68
1,<environment.Job instance at 0x7fa4fb4795a0>,30,1,[5 5],31,97,98,66,69
1,<environment.Job instance at 0x7fa4fb4796e0>,32,17,[9 3],33,98,115,65,87
1,<environment.Job instance at 0x7fa4fb479b40>,37,14,[5 5],38,115,129,77,103
1,<environment.Job instance at 0x7fa4fb479aa0>,38,12,[3 6],39,129,141,90,113
1,<environment.Job instance at 0x7fa4fb479f50>,41,14,[6 1],42,129,143,87,123
1,<environment.Job instance at 0x7fa4fb479fa0>,42,14,[8 4],43,143,157,100,130
1,<environment.Job instance at 0x7fa500888280>,0,18,[ 2 10],1,157,175,156,147
1,<environment.Job instance at 0x7fa4fb47c3c0>,45,16,[6 2],46,175,191,129,163
1,<environment.Job instance at 0x7fa4fb47c690>,48,13,[6 1],49,191,204,142,175
1,<environment.Job instance at 0x7fa4fb47c6e0>,51,2,[4 9],52,191,193,139,175
1,<environment.Job instance at 0x7fa4fb484f00>,1,3,[8 2],2,3,6,1,3
1,<environment.Job instance at 0x7fa4fb493fa0>,7,3,[4 9],8,8,11,0,8
1,<environment.Job instance at 0x7fa4fb4923c0>,2,14,[8 4],3,11,25,8,9
1,<environment.Job instance at 0x7fa4fb493eb0>,8,2,[ 3 10],9,25,27,16,9
1,<environment.Job instance at 0x7fa4fb495320>,9,1,[10  3],10,27,28,17,11
1,<environment.Job instance at 0x7fa4fb47c780>,4,17,[10  5],5,28,45,23,16
1,<environment.Job instance at 0x7fa4fb4953c0>,17,1,[1 6],18,19,20,1,19
1,<environment.Job instance at 0x7fa4fb495410>,12,14,[9 2],13,45,59,32,32
1,<environment.Job instance at 0x7fa4fb49a1e0>,23,12,[5 1],24,59,71,35,49
1,<environment.Job instance at 0x7fa4fb49adc0>,25,17,[8 1],26,71,88,45,59
1,<environment.Job instance at 0x7fa4fb49a910>,26,16,[7 2],27,88,104,61,75
1,<environment.Job instance at 0x7fa4fb41cbe0>,36,15,[ 5 10],37,107,122,70,107
1,<environment.Job instance at 0x7fa4fb49a4b0>,24,13,[5 9],25,122,135,97,108
1,<environment.Job instance at 0x7fa4fb41f6e0>,39,12,[5 4],40,135,147,95,119
1,<environment.Job instance at 0x7fa4fb41fa50>,40,15,[7 4],41,147,162,106,133
1,<environment.Job instance at 0x7fa4fb41fb90>,41,13,[3 6],42,135,148,93,133
1,<environment.Job instance at 0x7fa4fb41f4b0>,44,14,[8 5],45,162,176,117,147
1,<environment.Job instance at 0x7fa4b57fe6e0>,45,12,[2 6],46,148,160,102,147
1,<environment.Job instance at 0x7fa4fb495d20>,20,17,[2 9],21,176,193,155,164
1,<environment.Job instance at 0x7fa4b57fecd0>,51,16,[7 4],52,193,209,141,181
1,<environment.Job instance at 0x7fa4b5801500>,56,17,[2 6],57,193,210,136,186
1,<environment.Job instance at 0x7fa4b5801780>,58,12,[9 2],59,210,222,151,193
1,<environment.Job instance at 0x7fa4b5801960>,62,13,[2 5],63,222,235,159,207
1,<environment.Job instance at 0x7fa4b5801a00>,63,14,[3 5],64,222,236,158,208
1,<environment.Job instance at 0x7fa4b5801f00>,57,16,[2 8],58,236,252,178,223
1,<environment.Job instance at 0x7fa4fb41fb40>,43,12,[3 8],44,252,264,208,238
1,<environment.Job instance at 0x7fa4b57ff460>,74,18,[10  2],75,264,282,189,255
1,<environment.Job instance at 0x7fa4b58fdeb0>,83,18,[7 5],84,614,632,530,614
1,<environment.Job instance at 0x7fa4b596f370>,87,14,[4 7],88,632,646,544,617
1,<environment.Job instance at 0x7fa4b5898320>,91,16,[6 2],92,632,648,540,627
1,<environment.Job instance at 0x7fa4b5ab6eb0>,100,13,[7 4],101,796,809,695,796
1,<environment.Job instance at 0x7fa4b596c230>,101,3,[3 6],102,796,799,694,796
1,<environment.Job instance at 0x7fa4fb493a50>,7,13,[4 9],8,12,25,4,12
1,<environment.Job instance at 0x7fa4fb492640>,8,12,[8 2],9,25,37,16,14
1,<environment.Job instance at 0x7fa4b56db9b0>,13,18,[8 1],14,37,55,23,28
1,<environment.Job instance at 0x7fa4b56db2d0>,12,17,[9 1],13,55,72,42,46
1,<environment.Job instance at 0x7fa4b5730550>,20,16,[1 9],21,48,64,27,48
1,<environment.Job instance at 0x7fa4b56dd140>,21,3,[3 7],22,72,75,50,48
1,<environment.Job instance at 0x7fa4b56dd2d0>,26,13,[8 3],27,82,95,55,82
1,<environment.Job instance at 0x7fa4fdb43730>,28,14,[2 7],29,82,96,53,82
1,<environment.Job instance at 0x7fa4fb1f84b0>,29,17,[5 1],30,95,112,65,83
1,<environment.Job instance at 0x7fa4b57bc460>,31,18,[5 7],32,96,114,64,85
1,<environment.Job instance at 0x7fa4b57bcf00>,33,16,[3 5],34,114,130,80,103
1,<environment.Job instance at 0x7fa4fb1f6e10>,38,13,[8 2],39,130,143,91,115
1,<environment.Job instance at 0x7fa4b56bf230>,0,18,[4 8],1,143,161,142,132
1,<environment.Job instance at 0x7fa4fb493e60>,5,18,[ 3 10],6,161,179,155,151
1,<environment.Job instance at 0x7fa4b5719b90>,50,17,[9 4],51,202,219,151,202
1,<environment.Job instance at 0x7fa4b5719fa0>,56,13,[7 1],57,219,232,162,207
1,<environment.Job instance at 0x7fa4b5719640>,57,16,[2 6],58,219,235,161,207
1,<environment.Job instance at 0x7fa4b576b780>,45,16,[10  5],46,247,263,201,247
1,<environment.Job instance at 0x7fa4b57b35f0>,63,17,[1 8],64,263,280,199,263
1,<environment.Job instance at 0x7fa4fe05f320>,3,1,[7 1],4,5,6,1,5
1,<environment.Job instance at 0x7fa4b5ccf0f0>,6,17,[ 1 10],7,15,32,8,15
1,<environment.Job instance at 0x7fa4fdc7cb90>,11,13,[1 9],12,32,45,20,16
1,<environment.Job instance at 0x7fa4fdc7c0f0>,12,3,[1 9],13,45,48,32,19
1,<environment.Job instance at 0x7fa4fdc7c8c0>,15,3,[7 2],16,48,51,32,22
1,<environment.Job instance at 0x7fa4fdc7c4b0>,17,17,[3 8],18,48,65,30,36
1,<environment.Job instance at 0x7fa4b5a613c0>,21,15,[1 9],22,65,80,43,51
1,<environment.Job instance at 0x7fa4fdde78c0>,23,3,[1 8],24,80,83,56,65
1,<environment.Job instance at 0x7fa4fdabe460>,26,1,[4 7],27,83,84,56,66
1,<environment.Job instance at 0x7fa4fb5da1e0>,28,17,[2 7],29,84,101,55,72
1,<environment.Job instance at 0x7fa4fb5da500>,30,18,[8 1],31,85,103,54,85
1,<environment.Job instance at 0x7fa4fe072d20>,35,13,[3 9],36,103,116,67,87
1,<environment.Job instance at 0x7fa4fb709320>,37,17,[3 5],38,116,133,78,104
1,<environment.Job instance at 0x7fa4fdc7c5f0>,8,16,[9 2],9,133,149,124,120
1,<environment.Job instance at 0x7fa4fdeac410>,43,17,[5 3],44,149,166,105,137
1,<environment.Job instance at 0x7fa4fb531640>,46,13,[3 9],47,166,179,119,150
1,<environment.Job instance at 0x7fa4fb5a1410>,47,14,[2 5],48,150,164,102,150
1,<environment.Job instance at 0x7fa4fb77e6e0>,49,3,[5 9],50,179,182,129,161
1,<environment.Job instance at 0x7fa4fb5aa870>,51,2,[3 5],52,164,166,112,161
1,<environment.Job instance at 0x7fa4fb582b90>,52,15,[2 5],53,182,197,129,168
1,<environment.Job instance at 0x7fa4fb5aa190>,54,16,[9 2],55,197,213,142,186
1,<environment.Job instance at 0x7fa4fb59a050>,58,13,[6 1],59,213,226,154,197
1,<environment.Job instance at 0x7fa4fb59a500>,62,13,[ 5 10],63,226,239,163,211
1,<environment.Job instance at 0x7fa4fb460190>,64,3,[7 4],65,239,242,174,221
1,<environment.Job instance at 0x7fa4fb460aa0>,65,3,[9 4],66,242,245,176,221
1,<environment.Job instance at 0x7fa4fb460960>,66,2,[5 5],67,245,247,178,221
1,<environment.Job instance at 0x7fa4fb460640>,67,1,[10  3],68,247,248,179,221
1,<environment.Job instance at 0x7fa4fb460dc0>,68,17,[7 2],69,248,265,179,237
1,<environment.Job instance at 0x7fa4fb516b40>,72,2,[7 3],73,265,267,192,249
1,<environment.Job instance at 0x7fa4fb516c30>,73,3,[8 1],74,267,270,193,249
1,<environment.Job instance at 0x7fa4fb851910>,74,15,[7 3],75,270,285,195,256
1,<environment.Job instance at 0x7fa4fb851410>,77,15,[10  1],78,285,300,207,272
1,<environment.Job instance at 0x7fa4fb4cf910>,81,2,[5 7],82,300,302,218,279
1,<environment.Job instance at 0x7fa4fb5d3e60>,83,1,[4 9],84,302,303,218,279
1,<environment.Job instance at 0x7fa4fb5d3820>,84,12,[3 5],85,303,315,218,286
1,<environment.Job instance at 0x7fa4fb4d6b90>,88,3,[3 9],89,315,318,226,289
1,<environment.Job instance at 0x7fa4fb5a7cd0>,93,13,[7 5],94,318,331,224,302
1,<environment.Job instance at 0x7fa4fb5c3e60>,96,14,[1 7],97,331,345,234,316
1,<environment.Job instance at 0x7fa4b5b896e0>,99,16,[5 3],100,331,347,231,319
1,<environment.Job instance at 0x7fa4fb45cf00>,100,18,[ 5 10],101,347,365,246,336
1,<environment.Job instance at 0x7fa4fb8109b0>,105,3,[1 9],106,365,368,259,348
1,<environment.Job instance at 0x7fa4fb810d20>,106,15,[10  4],107,368,383,261,354
1,<environment.Job instance at 0x7fa4fb6f2a50>,108,17,[3 9],109,383,400,274,374
1,<environment.Job instance at 0x7fa4fb471140>,111,12,[5 6],112,400,412,288,383
1,<environment.Job instance at 0x7fa4fb4710a0>,122,15,[6 2],123,412,427,289,406
1,<environment.Job instance at 0x7fa4fb471eb0>,123,3,[10  3],124,427,430,303,406
1,<environment.Job instance at 0x7fa4fb709190>,5,2,[4 5],6,6,8,0,6
1,<environment.Job instance at 0x7fa4b5c50140>,4,3,[7 4],5,8,11,3,7
1,<environment.Job instance at 0x7fa4b5b069b0>,7,2,[7 4],8,11,13,3,8
1,<environment.Job instance at 0x7fa4b5d5b5f0>,8,17,[9 5],9,13,30,4,9
1,<environment.Job instance at 0x7fa4b56d5460>,9,16,[7 2],10,30,46,20,17
1,<environment.Job instance at 0x7fa4b5c28aa0>,18,3,[2 6],19,30,33,11,28
1,<environment.Job instance at 0x7fa4fb8e8500>,20,2,[3 9],21,46,48,25,28
1,<environment.Job instance at 0x7fa4fb8e8280>,21,2,[7 1],22,46,48,24,28
1,<environment.Job instance at 0x7fa4fb8e8c80>,23,3,[10  3],24,48,51,24,30
1,<environment.Job instance at 0x7fa4fb8e8d70>,25,12,[8 5],26,51,63,25,34
1,<environment.Job instance at 0x7fa4fb8e8f50>,28,17,[3 7],29,63,80,34,51
1,<environment.Job instance at 0x7fa4fb8e8140>,33,12,[7 4],34,80,92,46,66
1,<environment.Job instance at 0x7fa4fb7898c0>,37,2,[7 2],38,66,68,28,66
1,<environment.Job instance at 0x7fa4fb460e10>,38,12,[ 4 10],39,92,104,53,78
1,<environment.Job instance at 0x7fa4fb5a7550>,31,17,[2 7],32,104,121,72,92
1,<environment.Job instance at 0x7fa4b56d5910>,10,16,[ 3 10],11,121,137,110,110
1,<environment.Job instance at 0x7fa4b5b4ce60>,49,18,[9 5],50,137,155,87,126
1,<environment.Job instance at 0x7fa4b5de5370>,53,12,[2 6],54,155,167,101,138
1,<environment.Job instance at 0x7fa4fb3e5f50>,56,13,[5 5],57,167,180,110,151
1,<environment.Job instance at 0x7fa4fb296a50>,63,1,[10  1],64,180,181,116,168
1,<environment.Job instance at 0x7fa4fb285fa0>,2,16,[3 8],3,181,197,178,169
1,<environment.Job instance at 0x7fa4fb3fd280>,66,2,[5 9],67,197,199,130,170
1,<environment.Job instance at 0x7fa4fb274280>,64,17,[9 2],65,199,216,134,196
1,<environment.Job instance at 0x7fa4fb8e21e0>,70,3,[5 7],71,216,219,145,196
1,<environment.Job instance at 0x7fa4fb8e2280>,71,1,[7 3],72,219,220,147,196
1,<environment.Job instance at 0x7fa4fb8bde10>,75,12,[7 1],76,220,232,144,207
1,<environment.Job instance at 0x7fa4fb8bd140>,76,18,[8 3],77,232,250,155,222
1,<environment.Job instance at 0x7fa4fb8925a0>,45,17,[ 3 10],46,250,267,204,238
1,<environment.Job instance at 0x7fa4fb8d9690>,88,16,[9 4],89,267,283,178,254
1,<environment.Job instance at 0x7fa4fb8d9550>,90,14,[1 5],91,267,281,176,267
1,<environment.Job instance at 0x7fa4fb8d94b0>,94,13,[2 6],95,283,296,188,282
1,<environment.Job instance at 0x7fa4fb8d0780>,95,14,[ 1 10],96,296,310,200,284
1,<environment.Job instance at 0x7fa4fb8d0640>,96,18,[7 4],97,310,328,213,299
1,<environment.Job instance at 0x7fa4fb9240a0>,2,2,[5 7],3,3,5,0,3
1,<environment.Job instance at 0x7fa4b5a61eb0>,0,3,[5 3],1,6,9,5,6
1,<environment.Job instance at 0x7fa4b5b653c0>,4,15,[4 8],5,9,24,4,7
1,<environment.Job instance at 0x7fa4fb3f4b90>,13,12,[3 8],14,24,36,10,17
1,<environment.Job instance at 0x7fa4fb3f45f0>,14,3,[1 5],15,36,39,21,24
1,<environment.Job instance at 0x7fa4fb3f4a00>,16,3,[7 4],17,36,39,19,26
1,<environment.Job instance at 0x7fa4fdb84550>,18,2,[7 4],19,39,41,20,26
1,<environment.Job instance at 0x7fa4fdb84cd0>,19,2,[5 1],20,26,28,6,26
1,<environment.Job instance at 0x7fa4fdb841e0>,20,2,[10  5],21,41,43,20,26
1,<environment.Job instance at 0x7fa4b56c3e60>,21,3,[9 1],22,43,46,21,26
1,<environment.Job instance at 0x7fa4b56c3140>,22,13,[9 1],23,46,59,23,36
1,<environment.Job instance at 0x7fa4b56c3410>,26,12,[9 5],27,59,71,32,43
1,<environment.Job instance at 0x7fa4fb924460>,3,14,[ 4 10],4,71,85,67,59
1,<environment.Job instance at 0x7fa4fdbfa7d0>,31,14,[9 4],32,85,99,53,71
1,<environment.Job instance at 0x7fa4b56c3c80>,24,13,[4 8],25,99,112,74,84
1,<environment.Job instance at 0x7fa4fdbfac80>,38,13,[1 5],39,85,98,46,84
1,<environment.Job instance at 0x7fa4b5b655a0>,9,17,[ 1 10],10,112,129,102,100
1,<environment.Job instance at 0x7fa4fde59050>,47,15,[5 8],48,129,144,81,116
1,<environment.Job instance at 0x7fa4fde59b40>,49,17,[2 6],50,144,161,94,132
1,<environment.Job instance at 0x7fa4b5bf9be0>,56,17,[3 5],57,161,178,104,149
1,<environment.Job instance at 0x7fa4fdead370>,59,1,[4 5],60,161,162,101,153
1,<environment.Job instance at 0x7fa4fdeadaa0>,60,13,[5 6],61,178,191,117,163
1,<environment.Job instance at 0x7fa4fdeadeb0>,63,2,[5 1],64,165,167,101,165
1,<environment.Job instance at 0x7fa4fdead190>,64,13,[ 5 10],65,191,204,126,177
1,<environment.Job instance at 0x7fa4fde22910>,68,18,[5 5],69,204,222,135,193
1,<environment.Job instance at 0x7fa4fb339960>,70,16,[7 5],71,222,238,151,210
1,<environment.Job instance at 0x7fa4fb339320>,73,17,[5 9],74,238,255,164,226
1,<environment.Job instance at 0x7fa4fb339690>,78,2,[7 5],79,255,257,176,243
1,<environment.Job instance at 0x7fa4fb5a7c30>,79,14,[5 4],80,257,271,177,243
1,<environment.Job instance at 0x7fa5008c95a0>,83,12,[10  1],84,271,283,187,255
1,<environment.Job instance at 0x7fa4b56c3a00>,27,17,[10  4],28,283,300,255,271
1,<environment.Job instance at 0x7fa4fdbfbeb0>,91,13,[7 4],92,300,313,208,284
1,<environment.Job instance at 0x7fa4fdbfb190>,95,3,[7 5],96,313,316,217,290
1,<environment.Job instance at 0x7fa4fdbfb640>,96,17,[2 6],97,316,333,219,305
1,<environment.Job instance at 0x7fa4fb589550>,98,18,[5 3],99,316,334,217,308
1,<environment.Job instance at 0x7fa4fb680b90>,100,13,[2 6],101,333,346,232,317
1,<environment.Job instance at 0x7fa4fb663eb0>,102,15,[8 4],103,334,349,231,327
1,<environment.Job instance at 0x7fa4fb90d050>,104,15,[5 6],105,349,364,244,335
1,<environment.Job instance at 0x7fa4fb90daa0>,108,12,[9 3],109,364,376,255,347
1,<environment.Job instance at 0x7fa4fde9a5a0>,112,2,[3 6],113,376,378,263,352
1,<environment.Job instance at 0x7fa4fdbfa500>,39,18,[ 2 10],40,378,396,338,370
1,<environment.Job instance at 0x7fa50077f050>,115,15,[3 9],116,396,411,280,386
1,<environment.Job instance at 0x7fa4fb692280>,117,17,[1 9],118,411,428,293,400
1,<environment.Job instance at 0x7fa4fb5970a0>,120,17,[10  1],121,428,445,307,416
1,<environment.Job instance at 0x7fa4fdd78dc0>,122,13,[7 2],123,445,458,322,431
1,<environment.Job instance at 0x7fa4b5d37eb0>,125,3,[5 3],126,458,461,332,432
1,<environment.Job instance at 0x7fa4b58d1aa0>,127,3,[1 9],128,461,464,333,435
1,<environment.Job instance at 0x7fa4b580b370>,128,13,[4 6],129,464,477,335,449
1,<environment.Job instance at 0x7fa4fb3ae140>,129,15,[10  2],130,477,492,347,469
1,<environment.Job instance at 0x7fa4b5ac2b40>,133,15,[3 9],134,507,522,373,507
1,<environment.Job instance at 0x7fa4b5ac2d70>,134,16,[7 4],135,522,538,387,510
1,<environment.Job instance at 0x7fa4fb29b6e0>,4,2,[6 1],5,5,7,0,5
1,<environment.Job instance at 0x7fa4fb274550>,5,17,[5 3],6,18,35,12,18
1,<environment.Job instance at 0x7fa4fdebda50>,10,13,[4 6],11,19,32,8,19
1,<environment.Job instance at 0x7fa4fdffb0f0>,9,2,[9 3],10,35,37,25,19
1,<environment.Job instance at 0x7fa4fdebd640>,11,1,[5 4],12,32,33,20,19
1,<environment.Job instance at 0x7fa4fb90da50>,14,13,[2 8],15,37,50,22,21
1,<environment.Job instance at 0x7fa4b58c01e0>,18,3,[10  2],19,50,53,31,43
1,<environment.Job instance at 0x7fa4fde29780>,19,17,[5 7],20,53,70,33,43
1,<environment.Job instance at 0x7fa4b5adaf00>,20,2,[4 6],21,70,72,49,43
1,<environment.Job instance at 0x7fa4b5ada7d0>,16,17,[3 7],17,72,89,55,60
1,<environment.Job instance at 0x7fa50078a640>,27,1,[8 1],28,89,90,61,70
1,<environment.Job instance at 0x7fa4b5bc75a0>,25,2,[3 9],26,90,92,64,71
1,<environment.Job instance at 0x7fa4fdc19eb0>,30,2,[8 4],31,92,94,61,72
1,<environment.Job instance at 0x7fa4fdc19b40>,31,2,[3 9],32,94,96,62,72
1,<environment.Job instance at 0x7fa4b5ada0f0>,17,12,[1 6],18,96,108,78,86
1,<environment.Job instance at 0x7fa4fb90d910>,12,16,[9 2],13,96,112,83,89
1,<environment.Job instance at 0x7fa4fdbc16e0>,37,1,[10  2],38,112,113,74,97
1,<environment.Job instance at 0x7fa4fdc19370>,32,14,[ 2 10],33,113,127,80,99
1,<environment.Job instance at 0x7fa4fb2e8140>,41,12,[4 7],42,127,139,85,111
1,<environment.Job instance at 0x7fa4fb53fd20>,45,14,[4 8],46,139,153,93,124
1,<environment.Job instance at 0x7fa4fb3ac050>,47,12,[1 6],48,153,165,105,136
1,<environment.Job instance at 0x7fa4fb3aeeb0>,52,1,[1 8],53,165,166,112,142
1,<environment.Job instance at 0x7fa4fb512640>,55,3,[2 8],56,166,169,110,166
1,<environment.Job instance at 0x7fa4b5a60730>,56,1,[9 2],57,169,170,112,167
1,<environment.Job instance at 0x7fa4b5a60410>,59,3,[10  1],60,170,173,110,167
1,<environment.Job instance at 0x7fa4b5a609b0>,60,18,[6 4],61,173,191,112,167
1,<environment.Job instance at 0x7fa4b5a60230>,62,3,[10  4],63,191,194,128,167
1,<environment.Job instance at 0x7fa4b5a608c0>,65,16,[7 3],66,194,210,128,181
1,<environment.Job instance at 0x7fa4fb4ceaf0>,68,13,[8 5],69,210,223,141,196
1,<environment.Job instance at 0x7fa4fb561690>,38,16,[3 8],39,223,239,184,210
1,<environment.Job instance at 0x7fa4fb3caa50>,77,18,[1 6],78,239,257,161,228
1,<environment.Job instance at 0x7fa4fdd64370>,79,14,[5 1],80,228,242,148,228
1,<environment.Job instance at 0x7fa4fdd640a0>,80,17,[9 2],81,242,259,161,231
1,<environment.Job instance at 0x7fa4fb35e0a0>,87,3,[8 1],88,259,262,171,244
1,<environment.Job instance at 0x7fa4fb3c87d0>,91,1,[2 5],92,259,260,167,251
1,<environment.Job instance at 0x7fa4fb3c8910>,89,18,[6 2],90,262,280,172,251
1,<environment.Job instance at 0x7fa4fb5422d0>,95,14,[5 7],96,280,294,184,266
1,<environment.Job instance at 0x7fa4fb4495a0>,99,2,[8 2],100,294,296,194,274
1,<environment.Job instance at 0x7fa4fb3adaa0>,100,2,[5 4],101,296,298,195,275
1,<environment.Job instance at 0x7fa5008ab780>,102,12,[1 9],103,298,310,195,283
1,<environment.Job instance at 0x7fa4fb37c190>,108,2,[5 7],109,310,312,201,295
1,<environment.Job instance at 0x7fa4fb373320>,93,14,[ 4 10],94,312,326,218,297
1,<environment.Job instance at 0x7fa4fb37c7d0>,112,18,[3 8],113,326,344,213,315
1,<environment.Job instance at 0x7fa4fb37c730>,118,12,[3 9],119,344,356,225,329
1,<environment.Job instance at 0x7fa4fb862910>,125,13,[9 1],126,356,369,230,340
1,<environment.Job instance at 0x7fa4fb862e60>,128,14,[ 1 10],129,369,383,240,357
1,<environment.Job instance at 0x7fa4fb862a00>,134,13,[3 6],135,383,396,248,367
1,<environment.Job instance at 0x7fa4fb8626e0>,138,16,[10  3],139,396,412,257,387
1,<environment.Job instance at 0x7fa4fb862280>,140,3,[ 4 10],141,412,415,271,387
1,<environment.Job instance at 0x7fa4fb862410>,141,2,[2 9],142,415,417,273,388
1,<environment.Job instance at 0x7fa4fb3f64b0>,144,17,[2 7],145,417,434,272,410
1,<environment.Job instance at 0x7fa4fb3f6640>,145,14,[7 2],146,417,431,271,411
1,<environment.Job instance at 0x7fa4fb3f6c80>,148,17,[6 5],149,434,451,285,422
1,<environment.Job instance at 0x7fa4fb3f63c0>,152,17,[6 4],153,451,468,298,439
1,<environment.Job instance at 0x7fa4fdffb820>,3,3,[2 7],4,4,7,0,4
1,<environment.Job instance at 0x7fa4bb2b0d70>,9,3,[6 2],10,10,13,0,10
1,<environment.Job instance at 0x7fa4fb4e5780>,2,15,[5 1],3,13,28,10,11
1,<environment.Job instance at 0x7fa4fde595a0>,11,1,[6 3],12,28,29,16,12
1,<environment.Job instance at 0x7fa4fb861c30>,14,1,[4 8],15,15,16,0,15
1,<environment.Job instance at 0x7fa4fb861dc0>,15,13,[5 4],16,29,42,13,16
1,<environment.Job instance at 0x7fa4fb8611e0>,17,15,[2 6],18,20,35,2,20
1,<environment.Job instance at 0x7fa4fb5983c0>,8,16,[ 5 10],9,42,58,33,29
1,<environment.Job instance at 0x7fa4fdbe4820>,7,15,[10  4],8,58,73,50,44
1,<environment.Job instance at 0x7fa4fb861d20>,28,16,[9 1],29,73,89,44,62
1,<environment.Job instance at 0x7fa4b5bf9960>,35,14,[1 7],36,85,99,49,85
1,<environment.Job instance at 0x7fa4fb7d0410>,37,18,[1 9],38,99,117,61,88
1,<environment.Job instance at 0x7fa4fb598410>,0,2,[10  4],1,2,4,1,2
1,<environment.Job instance at 0x7fa4fdffebe0>,3,12,[3 9],4,7,19,3,7
1,<environment.Job instance at 0x7fa4b5931e10>,7,2,[10  2],8,19,21,11,8
1,<environment.Job instance at 0x7fa4b5931e60>,9,17,[ 1 10],10,21,38,11,10
1,<environment.Job instance at 0x7fa4b5931410>,12,13,[5 3],13,38,51,25,22
1,<environment.Job instance at 0x7fa4fb2e2f50>,5,18,[4 6],6,38,56,32,30
1,<environment.Job instance at 0x7fa4fb2de500>,20,13,[8 3],21,56,69,35,42
1,<environment.Job instance at 0x7fa4fb2de140>,22,1,[1 8],23,69,70,46,42
1,<environment.Job instance at 0x7fa4fb861f00>,2,16,[2 8],3,70,86,67,57
1,<environment.Job instance at 0x7fa4fb2bb730>,27,12,[6 5],28,86,98,58,69
1,<environment.Job instance at 0x7fa4b5c9ceb0>,32,3,[5 8],33,98,101,65,72
1,<environment.Job instance at 0x7fa4fb3aad70>,37,3,[2 7],38,101,104,63,81
1,<environment.Job instance at 0x7fa4b5836b90>,40,18,[3 5],41,104,122,63,93
1,<environment.Job instance at 0x7fa4fb37e870>,48,12,[6 4],49,104,116,55,96
1,<environment.Job instance at 0x7fa4fb8910a0>,51,13,[3 5],52,116,129,64,100
1,<environment.Job instance at 0x7fa4fb5870f0>,53,15,[ 2 10],54,129,144,75,116
1,<environment.Job instance at 0x7fa4fb5873c0>,58,12,[10  4],59,144,156,85,127
1,<environment.Job instance at 0x7fa4fb709dc0>,60,2,[5 4],61,127,129,66,127
1,<environment.Job instance at 0x7fa4fdb68d20>,62,1,[2 6],63,156,157,93,152
1,<environment.Job instance at 0x7fa50080cc30>,63,3,[6 1],64,156,159,92,152
1,<environment.Job instance at 0x7fa50080cbe0>,65,3,[8 1],66,159,162,93,152
1,<environment.Job instance at 0x7fa50080caa0>,66,2,[5 9],67,162,164,95,152
1,<environment.Job instance at 0x7fa4b5d23690>,68,3,[6 2],69,164,167,95,152
1,<environment.Job instance at 0x7fa4b5d23af0>,69,2,[10  1],70,167,169,97,152
1,<environment.Job instance at 0x7fa4fe014820>,34,16,[5 8],35,169,185,134,156
1,<environment.Job instance at 0x7fa4b5d235f0>,73,14,[ 5 10],74,185,199,111,172
1,<environment.Job instance at 0x7fa4b5d5c320>,80,15,[5 5],81,199,214,118,186
1,<environment.Job instance at 0x7fa4b5d5c4b0>,85,3,[ 1 10],86,214,217,128,190
1,<environment.Job instance at 0x7fa4b5d5cdc0>,88,12,[7 5],89,217,229,128,200
1,<environment.Job instance at 0x7fa4b5d5ce10>,91,17,[9 4],92,229,246,137,219
1,<environment.Job instance at 0x7fa4b5d42780>,97,14,[5 6],98,246,260,148,231
1,<environment.Job instance at 0x7fa4fb7470f0>,99,17,[5 6],100,260,277,160,249
1,<environment.Job instance at 0x7fa4fdffbdc0>,1,17,[ 2 10],2,277,294,275,265
1,<environment.Job instance at 0x7fa4fb747d70>,107,13,[7 1],108,294,307,186,278
1,<environment.Job instance at 0x7fa4fb747370>,110,12,[3 8],111,294,306,183,281
1,<environment.Job instance at 0x7fa4fdffe730>,3,13,[6 5],4,4,17,0,4
1,<environment.Job instance at 0x7fa4fb454d70>,4,2,[1 5],5,5,7,0,5
1,<environment.Job instance at 0x7fa4fdffe640>,2,14,[6 2],3,17,31,14,9
1,<environment.Job instance at 0x7fa4fb454370>,5,3,[9 4],6,31,34,25,10
1,<environment.Job instance at 0x7fa4fdf43460>,12,3,[10  3],13,34,37,21,14
1,<environment.Job instance at 0x7fa4b5a51050>,18,2,[7 1],19,37,39,18,20
1,<environment.Job instance at 0x7fa4fb274cd0>,20,14,[6 1],21,39,53,18,28
1,<environment.Job instance at 0x7fa4b56c6960>,22,3,[8 4],23,53,56,30,34
1,<environment.Job instance at 0x7fa4fdaf6d20>,25,3,[9 3],26,56,59,30,36
1,<environment.Job instance at 0x7fa4fb2d1af0>,21,17,[9 3],22,59,76,37,47
1,<environment.Job instance at 0x7fa4fdaf5640>,30,13,[8 4],31,76,89,45,60
1,<environment.Job instance at 0x7fa4fdf43fa0>,13,16,[9 5],14,89,105,75,76
1,<environment.Job instance at 0x7fa4fb7751e0>,42,15,[5 5],43,105,120,62,94
1,<environment.Job instance at 0x7fa4fb775780>,43,15,[1 5],44,94,109,50,94
1,<environment.Job instance at 0x7fa4b5acedc0>,49,15,[4 6],50,120,135,70,107
1,<environment.Job instance at 0x7fa4fb669a00>,7,18,[ 1 10],8,135,153,127,124
1,<environment.Job instance at 0x7fa4fb2b6460>,58,2,[3 8],59,153,155,94,138
1,<environment.Job instance at 0x7fa4b5937640>,59,15,[9 1],60,155,170,95,141
1,<environment.Job instance at 0x7fa4fb775140>,41,18,[3 9],42,170,188,128,160
1,<environment.Job instance at 0x7fa4fde76780>,61,15,[10  4],62,188,203,126,186
1,<environment.Job instance at 0x7fa4fd9fd320>,71,1,[7 2],72,203,204,131,190
1,<environment.Job instance at 0x7fa4fd9fdbe0>,70,13,[3 7],71,214,227,143,214
1,<environment.Job instance at 0x7fa4fd9fd3c0>,73,2,[4 9],74,235,237,161,235
1,<environment.Job instance at 0x7fa4fb409280>,78,14,[1 9],79,264,278,185,264
1,<environment.Job instance at 0x7fa4fb409050>,79,12,[5 1],80,264,276,184,264
1,<environment.Job instance at 0x7fa4b5918230>,80,3,[8 5],81,278,281,197,265
1,<environment.Job instance at 0x7fa4b5918b40>,82,2,[4 9],83,281,283,198,265
1,<environment.Job instance at 0x7fa4b59180a0>,83,3,[8 4],84,283,286,199,266
1,<environment.Job instance at 0x7fa4b5918c30>,84,2,[3 8],85,286,288,201,266
1,<environment.Job instance at 0x7fa4fddc38c0>,85,3,[ 1 10],86,288,291,202,266
1,<environment.Job instance at 0x7fa4fb2a0cd0>,88,3,[6 2],89,291,294,202,285
1,<environment.Job instance at 0x7fa4fb2a00a0>,90,15,[2 8],91,291,306,200,285
1,<environment.Job instance at 0x7fa4b5ca0460>,91,3,[2 9],92,306,309,214,285
1,<environment.Job instance at 0x7fa4b5ca0190>,93,1,[8 3],94,309,310,215,285
1,<environment.Job instance at 0x7fa4fddc3640>,89,15,[5 5],90,310,325,220,297
1,<environment.Job instance at 0x7fa4fdcfa5f0>,96,14,[2 6],97,325,339,228,310
1,<environment.Job instance at 0x7fa4fdcfa820>,95,15,[8 4],96,336,351,240,336
1,<environment.Job instance at 0x7fa4fdcfa4b0>,99,17,[5 4],100,351,368,251,340
1,<environment.Job instance at 0x7fa4fdcfaaf0>,100,16,[1 6],101,353,369,252,353
1,<environment.Job instance at 0x7fa4fdcfaa00>,101,12,[2 8],102,369,381,267,357
1,<environment.Job instance at 0x7fa4fdcfa550>,104,18,[9 3],105,393,411,288,393
1,<environment.Job instance at 0x7fa4fdcfabe0>,105,16,[3 8],106,423,439,317,423
1,<environment.Job instance at 0x7fa4fdcfa870>,106,14,[6 2],107,430,444,323,430
1,<environment.Job instance at 0x7fa4fb46bd70>,109,14,[4 7],110,439,453,329,436
1,<environment.Job instance at 0x7fa4fb4c04b0>,2,14,[10  5],3,6,20,3,6
1,<environment.Job instance at 0x7fa4fdf43e10>,4,17,[4 9],5,20,37,15,9
1,<environment.Job instance at 0x7fa4fb274140>,10,15,[8 5],11,37,52,26,23
1,<environment.Job instance at 0x7fa4b59b1910>,14,3,[10  5],15,52,55,37,27
1,<environment.Job instance at 0x7fa4fd9c5960>,16,2,[6 5],17,55,57,38,31
1,<environment.Job instance at 0x7fa4b591c370>,19,1,[1 5],20,45,46,25,45
1,<environment.Job instance at 0x7fa4fda2ef50>,18,18,[6 4],19,57,75,38,47
1,<environment.Job instance at 0x7fa4fb52fe10>,20,1,[10  3],21,75,76,54,52
1,<environment.Job instance at 0x7fa4fdddf2d0>,25,3,[3 6],26,57,60,31,55
1,<environment.Job instance at 0x7fa4fdddf9b0>,22,15,[9 5],23,76,91,53,63
1,<environment.Job instance at 0x7fa4fdddf320>,29,13,[9 3],30,91,104,61,76
1,<environment.Job instance at 0x7fa4fdddf280>,34,13,[8 1],35,104,117,69,88
1,<environment.Job instance at 0x7fa4fb296d20>,40,17,[5 8],41,117,134,76,107
1,<environment.Job instance at 0x7fa4fb8617d0>,46,17,[5 1],47,117,134,70,115
1,<environment.Job instance at 0x7fa4fb8612d0>,47,13,[6 1],48,134,147,86,118
1,<environment.Job instance at 0x7fa4b59f0190>,52,17,[3 5],53,134,151,81,131
1,<environment.Job instance at 0x7fa4b59f0140>,53,13,[2 7],54,151,164,97,135
1,<environment.Job instance at 0x7fa4b59f0a50>,56,14,[8 5],57,164,178,107,151
1,<environment.Job instance at 0x7fa4b59ca1e0>,60,2,[8 4],61,178,180,117,166
1,<environment.Job instance at 0x7fa4b59ca550>,63,18,[6 1],64,180,198,116,169
1,<environment.Job instance at 0x7fa4b59ca5a0>,64,16,[1 6],65,178,194,113,170
1,<environment.Job instance at 0x7fa4fb3d8190>,0,16,[5 9],1,198,214,197,185
1,<environment.Job instance at 0x7fa4b59ca820>,68,14,[5 5],69,214,228,145,199
1,<environment.Job instance at 0x7fa4b59caf50>,80,2,[9 2],81,228,230,147,224
1,<environment.Job instance at 0x7fa4b59c40f0>,81,16,[1 7],82,228,244,146,224
1,<environment.Job instance at 0x7fa4fdec3410>,2,2,[7 3],3,6,8,3,6
1,<environment.Job instance at 0x7fa4b59f3af0>,1,18,[5 6],2,8,26,6,7
1,<environment.Job instance at 0x7fa4fb2e2960>,8,3,[7 1],9,26,29,17,9
1,<environment.Job instance at 0x7fa4fb2e2550>,6,15,[1 6],7,26,41,19,12
1,<environment.Job instance at 0x7fa4fb2e2b90>,11,3,[6 4],12,29,32,17,12
1,<environment.Job instance at 0x7fa4fb2e21e0>,16,14,[7 3],17,32,46,15,17
1,<environment.Job instance at 0x7fa4fb2e26e0>,18,3,[ 2 10],19,46,49,27,27
1,<environment.Job instance at 0x7fa4fde761e0>,20,3,[8 1],21,49,52,28,27
1,<environment.Job instance at 0x7fa4fde768c0>,22,16,[6 4],23,52,68,29,39
1,<environment.Job instance at 0x7fa4fb2e2730>,4,14,[ 4 10],5,68,82,63,54
1,<environment.Job instance at 0x7fa4fdb3ceb0>,31,18,[7 3],32,82,100,50,71
1,<environment.Job instance at 0x7fa4fb2e2c80>,12,16,[3 7],13,84,100,71,84
1,<environment.Job instance at 0x7fa4fdb3cc80>,37,15,[ 3 10],38,100,115,62,86
1,<environment.Job instance at 0x7fa4fdb3cf50>,40,17,[5 2],41,115,132,74,103
1,<environment.Job instance at 0x7fa4fdb3c8c0>,42,16,[1 7],43,115,131,72,104
1,<environment.Job instance at 0x7fa4fdb3c6e0>,44,3,[6 4],45,132,135,87,106
1,<environment.Job instance at 0x7fa4fdacdc30>,46,12,[2 8],47,135,147,88,118
1,<environment.Job instance at 0x7fa4fdb3ca50>,35,12,[8 1],36,135,147,99,125
1,<environment.Job instance at 0x7fa4b59c23c0>,51,3,[4 7],52,147,150,95,125
1,<environment.Job instance at 0x7fa4b59c2550>,52,3,[10  5],53,150,153,97,125
1,<environment.Job instance at 0x7fa4fb2d1190>,56,2,[4 7],57,153,155,96,126
1,<environment.Job instance at 0x7fa4fb2d1820>,57,2,[ 4 10],58,155,157,97,128
1,<environment.Job instance at 0x7fa4fb2d1960>,58,3,[8 2],59,157,160,98,131
1,<environment.Job instance at 0x7fa4fb891910>,61,2,[5 3],62,147,149,85,140
1,<environment.Job instance at 0x7fa4fb891640>,62,2,[5 5],63,160,162,97,140
1,<environment.Job instance at 0x7fa4b59c2690>,55,14,[4 9],56,162,176,106,147
1,<environment.Job instance at 0x7fa4fb891c30>,66,2,[9 2],67,176,178,109,154
1,<environment.Job instance at 0x7fa4fb8917d0>,69,2,[9 2],70,178,180,108,158
1,<environment.Job instance at 0x7fa4fb891b40>,70,3,[3 7],71,180,183,109,161
1,<environment.Job instance at 0x7fa4fb8915f0>,71,2,[4 5],72,183,185,111,161
1,<environment.Job instance at 0x7fa4fb891960>,73,2,[2 8],74,185,187,111,161
1,<environment.Job instance at 0x7fa4fb891140>,75,1,[4 8],76,187,188,111,162
1,<environment.Job instance at 0x7fa4fb891aa0>,74,3,[5 3],75,180,183,105,162
1,<environment.Job instance at 0x7fa4fb891230>,79,2,[9 5],80,188,190,108,163
1,<environment.Job instance at 0x7fa4fb891730>,80,3,[8 2],81,190,193,109,164
1,<environment.Job instance at 0x7fa4fb8914b0>,72,16,[9 2],73,193,209,120,180
1,<environment.Job instance at 0x7fa4fda9f5a0>,83,1,[5 5],84,183,184,99,180
1,<environment.Job instance at 0x7fa4fda9f190>,85,13,[7 2],86,209,222,123,193
1,<environment.Job instance at 0x7fa4fb6f6f50>,89,1,[ 4 10],90,222,223,132,194
1,<environment.Job instance at 0x7fa4fda9f460>,82,17,[4 9],83,223,240,140,215
1,<environment.Job instance at 0x7fa4fb6f62d0>,96,2,[3 7],97,215,217,118,215
1,<environment.Job instance at 0x7fa4fb6f6910>,97,15,[5 5],98,240,255,142,237
1,<environment.Job instance at 0x7fa4fb6f6e60>,103,3,[4 8],104,255,258,151,237
1,<environment.Job instance at 0x7fa4fb6f66e0>,104,1,[4 6],105,258,259,153,237
1,<environment.Job instance at 0x7fa4fb6f64b0>,105,2,[4 5],106,240,242,134,237
1,<environment.Job instance at 0x7fa4fdb8c230>,108,1,[4 5],109,242,243,133,240
1,<environment.Job instance at 0x7fa4fb6f6eb0>,100,14,[1 9],101,259,273,158,258
1,<environment.Job instance at 0x7fa4fdb8c960>,115,12,[5 1],116,258,270,142,258
1,<environment.Job instance at 0x7fa4fdb8caa0>,117,3,[ 2 10],118,273,276,155,262
1,<environment.Job instance at 0x7fa4fdaf5460>,118,3,[10  5],119,276,279,157,262
1,<environment.Job instance at 0x7fa4fde76aa0>,26,18,[ 2 10],27,279,297,252,268
1,<environment.Job instance at 0x7fa4fdf6d3c0>,124,2,[4 5],125,297,299,172,274
1,<environment.Job instance at 0x7fa4fdaf5be0>,125,13,[9 1],126,299,312,173,283
1,<environment.Job instance at 0x7fa4b5ada0f0>,128,15,[3 5],129,312,327,183,298
1,<environment.Job instance at 0x7fa4b5adaa00>,129,14,[ 2 10],130,327,341,197,313
1,<environment.Job instance at 0x7fa4fb6fd320>,133,3,[7 5],134,313,316,179,313
1,<environment.Job instance at 0x7fa4fb6fde10>,134,12,[2 9],135,341,353,206,324
1,<environment.Job instance at 0x7fa500a01460>,139,12,[7 4],140,353,365,213,336
1,<environment.Job instance at 0x7fa4fb46b3c0>,143,13,[10  5],144,365,378,221,349
1,<environment.Job instance at 0x7fa4fb46bf00>,145,15,[10  4],146,378,393,232,364
1,<environment.Job instance at 0x7fa4fb890f50>,152,13,[6 3],153,393,406,240,377
1,<environment.Job instance at 0x7fa4fb888730>,158,12,[5 3],159,406,418,247,389
1,<environment.Job instance at 0x7fa4fded3af0>,162,17,[3 6],163,393,410,230,390
1,<environment.Job instance at 0x7fa4b5610640>,163,14,[5 4],164,410,424,246,395
1,<environment.Job instance at 0x7fa4fb9341e0>,167,2,[1 9],168,424,426,256,404
1,<environment.Job instance at 0x7fa4fb3d8c30>,169,1,[5 4],170,418,419,248,404
1,<environment.Job instance at 0x7fa5009eed20>,170,1,[3 6],171,419,420,248,404
1,<environment.Job instance at 0x7fa5009eebe0>,171,17,[7 4],172,426,443,254,414
1,<environment.Job instance at 0x7fa4fb6e9230>,177,15,[10  5],178,443,458,265,429
1,<environment.Job instance at 0x7fa5008c9320>,180,17,[8 2],181,458,475,277,446
1,<environment.Job instance at 0x7fa4b5700460>,183,15,[5 2],184,475,490,291,461
1,<environment.Job instance at 0x7fa4b5be09b0>,179,18,[5 2],180,475,493,295,468
1,<environment.Job instance at 0x7fa4b5bec6e0>,187,3,[6 1],188,493,496,305,468
1,<environment.Job instance at 0x7fa4b5bec230>,188,18,[5 3],189,503,521,314,503
1,<environment.Job instance at 0x7fa5008afaf0>,3,1,[6 2],4,4,5,0,4
1,<environment.Job instance at 0x7fa4fdddf190>,6,3,[6 5],7,7,10,0,7
1,<environment.Job instance at 0x7fa4fb4e2640>,7,3,[1 9],8,10,13,2,9
1,<environment.Job instance at 0x7fa4fb2e2b40>,9,2,[5 3],10,13,15,3,13
1,<environment.Job instance at 0x7fa4fb2e27d0>,12,13,[5 8],13,15,28,2,15
1,<environment.Job instance at 0x7fa4fe12c4b0>,15,2,[10  4],16,28,30,12,16
1,<environment.Job instance at 0x7fa4fb25dcd0>,13,2,[2 7],14,30,32,16,20
1,<environment.Job instance at 0x7fa4fb25dc80>,14,18,[7 1],15,30,48,15,22
1,<environment.Job instance at 0x7fa4b59f3a00>,23,3,[4 6],24,48,51,24,24
1,<environment.Job instance at 0x7fa4fb2addc0>,21,1,[ 5 10],22,51,52,29,26
1,<environment.Job instance at 0x7fa4b576cb40>,27,1,[10  4],28,52,53,24,34
1,<environment.Job instance at 0x7fa4b576cc30>,29,12,[3 8],30,35,47,5,35
1,<environment.Job instance at 0x7fa4b59e0820>,30,18,[1 7],31,53,71,22,43
1,<environment.Job instance at 0x7fa4b59e0c30>,33,2,[1 5],34,71,73,37,45
1,<environment.Job instance at 0x7fa4b59e0550>,35,3,[10  1],36,73,76,37,48
1,<environment.Job instance at 0x7fa4b59e0cd0>,36,1,[7 5],37,71,72,34,48
1,<environment.Job instance at 0x7fa4fdbbcd20>,38,3,[6 4],39,76,79,37,60
1,<environment.Job instance at 0x7fa4fdbbc3c0>,39,1,[9 5],40,72,73,32,60
1,<environment.Job instance at 0x7fa4fdbbc4b0>,41,15,[3 5],42,76,91,34,66
1,<environment.Job instance at 0x7fa4fdbbc5a0>,42,2,[5 3],43,66,68,23,66
1,<environment.Job instance at 0x7fa4fdbbc460>,43,13,[ 4 10],44,91,104,47,76
1,<environment.Job instance at 0x7fa4fdbbc820>,46,2,[1 9],47,104,106,57,83
1,<environment.Job instance at 0x7fa4fdbbcfa0>,47,13,[5 6],48,106,119,58,90
1,<environment.Job instance at 0x7fa4fb512050>,50,3,[5 1],51,104,107,53,98
1,<environment.Job instance at 0x7fa4fb512910>,51,14,[4 6],52,119,133,67,104
1,<environment.Job instance at 0x7fa4fb512370>,52,3,[6 1],53,119,122,66,104
1,<environment.Job instance at 0x7fa4fddedd70>,57,16,[6 3],58,122,138,64,110
1,<environment.Job instance at 0x7fa4fddeda00>,59,1,[8 4],60,138,139,78,112
1,<environment.Job instance at 0x7fa4fdded870>,61,14,[8 5],62,139,153,77,124
1,<environment.Job instance at 0x7fa4fdded280>,63,13,[7 2],64,153,166,89,137
1,<environment.Job instance at 0x7fa4b5c22320>,66,3,[10  1],67,166,169,99,140
1,<environment.Job instance at 0x7fa4b5c222d0>,68,2,[10  3],69,169,171,100,166
1,<environment.Job instance at 0x7fa4b5c22050>,71,19,[3 6],72,171,190,99,166
1,<environment.Job instance at 0x7fa4b5c22f50>,72,2,[1 7],73,190,192,117,166
1,<environment.Job instance at 0x7fa4fb756730>,74,18,[1 9],75,192,210,117,181
1,<environment.Job instance at 0x7fa4fb7560a0>,83,13,[2 7],84,210,223,126,194
1,<environment.Job instance at 0x7fa50047fc30>,85,17,[10  2],86,223,240,137,211
1,<environment.Job instance at 0x7fa50047fdc0>,88,13,[5 5],89,240,253,151,224
1,<environment.Job instance at 0x7fa4b576c0a0>,24,18,[ 4 10],25,287,305,262,287
1,<environment.Job instance at 0x7fa50047fe60>,90,13,[1 6],91,305,318,214,290
1,<environment.Job instance at 0x7fa5008afeb0>,9,1,[1 5],10,41,42,31,41
1,<environment.Job instance at 0x7fa4b5c22fa0>,6,14,[1 8],7,42,56,35,41
1,<environment.Job instance at 0x7fa4fdae8690>,11,2,[3 9],12,56,58,44,41
1,<environment.Job instance at 0x7fa4b5a61730>,13,3,[8 3],14,58,61,44,43
1,<environment.Job instance at 0x7fa4b59b3140>,15,3,[5 9],16,61,64,45,47
1,<environment.Job instance at 0x7fa4fdb3caa0>,17,3,[5 9],18,68,71,50,68
1,<environment.Job instance at 0x7fa4b5914fa0>,8,13,[9 1],9,71,84,62,68
1,<environment.Job instance at 0x7fa4b5706b90>,14,17,[5 2],15,84,101,69,72
1,<environment.Job instance at 0x7fa4fe14fd20>,22,2,[8 3],23,101,103,78,74
1,<environment.Job instance at 0x7fa4fde33c80>,19,2,[5 5],20,84,86,64,75
1,<environment.Job instance at 0x7fa4fde330a0>,20,1,[5 1],21,86,87,65,81
1,<environment.Job instance at 0x7fa4b5619140>,28,17,[7 4],29,103,120,74,91
1,<environment.Job instance at 0x7fa4b56f8960>,30,2,[10  4],31,120,122,89,93
1,<environment.Job instance at 0x7fa4b56f80f0>,31,14,[ 2 10],32,122,136,90,107
1,<environment.Job instance at 0x7fa4fb71c550>,39,3,[ 1 10],40,136,139,96,110
1,<environment.Job instance at 0x7fa4b55631e0>,44,3,[2 5],45,114,117,69,114
1,<environment.Job instance at 0x7fa4fb416500>,45,1,[7 4],46,139,140,93,114
1,<environment.Job instance at 0x7fa4b55639b0>,47,2,[5 5],48,140,142,92,114
1,<environment.Job instance at 0x7fa5008b0cd0>,49,12,[2 9],50,142,154,92,126
1,<environment.Job instance at 0x7fa4fe100d20>,26,15,[9 2],27,154,169,127,140
1,<environment.Job instance at 0x7fa4fe1297d0>,60,14,[5 1],61,169,183,108,154
1,<environment.Job instance at 0x7fa4fe129a00>,62,17,[4 9],63,169,186,106,157
1,<environment.Job instance at 0x7fa4fe1162d0>,69,18,[1 5],70,211,229,141,211
1,<environment.Job instance at 0x7fa4fb511e10>,70,1,[9 3],71,211,212,140,211
1,<environment.Job instance at 0x7fa4fe116d70>,72,1,[ 3 10],73,229,230,156,212
1,<environment.Job instance at 0x7fa4fe0f40f0>,73,13,[6 4],74,212,225,138,212
1,<environment.Job instance at 0x7fa4b589dc30>,74,1,[5 4],75,225,226,150,212
1,<environment.Job instance at 0x7fa4fe116640>,76,2,[7 5],77,226,228,149,212
1,<environment.Job instance at 0x7fa4fde33780>,21,18,[ 5 10],22,230,248,208,219
1,<environment.Job instance at 0x7fa4b5882460>,80,14,[2 7],81,248,262,167,234
1,<environment.Job instance at 0x7fa4b58a8d70>,82,2,[10  2],83,262,264,179,236
1,<environment.Job instance at 0x7fa4fdebdf50>,89,13,[3 8],90,264,277,174,251
1,<environment.Job instance at 0x7fa4fdf9c640>,0,3,[2 8],1,4,7,3,4
1,<environment.Job instance at 0x7fa4fb3df0a0>,4,17,[1 5],5,7,24,2,5
1,<environment.Job instance at 0x7fa4b55930f0>,7,12,[5 5],8,13,25,5,13
1,<environment.Job instance at 0x7fa4b5c226e0>,3,16,[5 2],4,24,40,20,15
1,<environment.Job instance at 0x7fa4b555feb0>,11,1,[8 4],12,40,41,28,15
1,<environment.Job instance at 0x7fa4b555f910>,9,14,[8 1],10,41,55,31,27
1,<environment.Job instance at 0x7fa4b58388c0>,15,2,[5 1],16,27,29,11,27
1,<environment.Job instance at 0x7fa4b58383c0>,16,2,[4 7],17,29,31,12,27
1,<environment.Job instance at 0x7fa4b5b8a500>,18,14,[8 5],19,55,69,36,41
1,<environment.Job instance at 0x7fa4b5659d70>,23,17,[2 5],24,43,60,19,43
1,<environment.Job instance at 0x7fa4b5c8eb40>,1,17,[5 5],2,69,86,67,63
1,<environment.Job instance at 0x7fa4fb692c80>,28,2,[5 8],29,86,88,57,63
1,<environment.Job instance at 0x7fa4b56591e0>,24,17,[2 6],25,88,105,63,76
1,<environment.Job instance at 0x7fa4b5b23be0>,32,16,[5 8],33,105,121,72,92
1,<environment.Job instance at 0x7fa4fb65d140>,27,16,[ 2 10],28,121,137,93,109
1,<environment.Job instance at 0x7fa4fb415fa0>,40,13,[9 4],41,137,150,96,122
1,<environment.Job instance at 0x7fa4fdf22780>,45,2,[8 5],46,150,152,104,130
1,<environment.Job instance at 0x7fa4fdf22050>,46,1,[5 3],47,152,153,105,130
1,<environment.Job instance at 0x7fa4fdf22a50>,44,15,[ 5 10],45,153,168,108,139
1,<environment.Job instance at 0x7fa4fb526280>,50,16,[9 3],51,168,184,117,155
1,<environment.Job instance at 0x7fa4fe0223c0>,56,15,[5 5],57,184,199,127,170
1,<environment.Job instance at 0x7fa4b5c57b40>,58,16,[7 3],59,199,215,140,186
1,<environment.Job instance at 0x7fa4fb62beb0>,63,2,[ 4 10],64,215,217,151,188
1,<environment.Job instance at 0x7fa4fb62b3c0>,66,3,[3 8],67,217,220,150,200
1,<environment.Job instance at 0x7fa4fb62b4b0>,67,3,[3 5],68,200,203,132,200
1,<environment.Job instance at 0x7fa4fb62b910>,69,3,[3 5],70,205,208,135,205
1,<environment.Job instance at 0x7fa4b56fab40>,70,1,[4 6],71,220,221,149,205
1,<environment.Job instance at 0x7fa4fb62b9b0>,71,1,[2 7],72,208,209,136,205
1,<environment.Job instance at 0x7fa4fb403c80>,64,14,[10  2],65,221,235,156,210
1,<environment.Job instance at 0x7fa4b56fa820>,74,18,[2 6],75,235,253,160,224
1,<environment.Job instance at 0x7fa4b56fa500>,79,12,[1 5],80,253,265,173,242
1,<environment.Job instance at 0x7fa4b56faf50>,80,3,[2 6],81,265,268,184,242
1,<environment.Job instance at 0x7fa4b56fa9b0>,81,18,[1 8],82,268,286,186,257
1,<environment.Job instance at 0x7fa4fb836c80>,86,2,[5 2],87,257,259,170,257
1,<environment.Job instance at 0x7fa4fb8365a0>,91,13,[ 5 10],92,286,299,194,272
1,<environment.Job instance at 0x7fa4fdafcc30>,95,18,[7 3],96,299,317,203,288
1,<environment.Job instance at 0x7fa4fe05f280>,99,18,[3 7],100,299,317,199,289
1,<environment.Job instance at 0x7fa4fdd35320>,36,17,[4 9],37,317,334,280,307
1,<environment.Job instance at 0x7fa4fdafc5f0>,94,16,[10  1],95,334,350,239,324
1,<environment.Job instance at 0x7fa4b5db3640>,109,3,[10  4],110,350,353,240,330
1,<environment.Job instance at 0x7fa4b5614a00>,110,13,[1 6],111,353,366,242,337
1,<environment.Job instance at 0x7fa4b5722640>,113,15,[5 6],114,366,381,252,352
1,<environment.Job instance at 0x7fa4fddf1f50>,116,13,[9 3],117,353,366,236,352
1,<environment.Job instance at 0x7fa4fb416140>,118,15,[4 6],119,381,396,262,367
1,<environment.Job instance at 0x7fa4b564bbe0>,4,13,[1 5],5,5,18,0,5
1,<environment.Job instance at 0x7fa4b562c960>,5,18,[8 1],6,9,27,3,9
1,<environment.Job instance at 0x7fa4b562ca50>,9,12,[9 3],10,27,39,17,10
1,<environment.Job instance at 0x7fa4b562cdc0>,7,17,[2 9],8,39,56,31,38
1,<environment.Job instance at 0x7fa4b562cd20>,14,3,[5 6],15,56,59,41,38
1,<environment.Job instance at 0x7fa4b5d7fa50>,21,16,[7 3],22,59,75,37,55
1,<environment.Job instance at 0x7fa4b5d7f7d0>,22,2,[7 2],23,75,77,52,55
1,<environment.Job instance at 0x7fa4b5d7f410>,18,15,[5 7],19,77,92,58,65
1,<environment.Job instance at 0x7fa4b5d7f910>,26,3,[2 6],27,65,68,38,65
1,<environment.Job instance at 0x7fa4b5d7f9b0>,28,15,[7 5],29,92,107,63,79
1,<environment.Job instance at 0x7fa4b5d7fb90>,31,2,[8 5],32,107,109,75,85
1,<environment.Job instance at 0x7fa4fb93a820>,32,3,[3 5],33,92,95,59,85
1,<environment.Job instance at 0x7fa4fb29e870>,35,13,[7 1],36,109,122,73,93
1,<environment.Job instance at 0x7fa4fb5c7a00>,38,12,[5 3],39,122,134,83,108
1,<environment.Job instance at 0x7fa4fb5c72d0>,39,13,[6 2],40,134,147,94,118
1,<environment.Job instance at 0x7fa4fb5c78c0>,43,16,[1 8],44,134,150,90,121
1,<environment.Job instance at 0x7fa4fb5c7780>,44,15,[9 3],45,150,165,105,136
1,<environment.Job instance at 0x7fa4fb5c7640>,49,2,[5 8],50,165,167,115,147
1,<environment.Job instance at 0x7fa4fdfa5780>,53,1,[6 3],54,167,168,113,151
1,<environment.Job instance at 0x7fa4fdfa50a0>,54,13,[5 6],55,168,181,113,156
1,<environment.Job instance at 0x7fa4b5d7fe10>,23,17,[9 1],24,181,198,157,169
1,<environment.Job instance at 0x7fa4fdfa5140>,60,14,[1 8],61,181,195,120,178
1,<environment.Job instance at 0x7fa4fdfa5be0>,61,14,[9 1],62,198,212,136,183
1,<environment.Job instance at 0x7fa4fdfa52d0>,62,13,[8 3],63,212,225,149,196
1,<environment.Job instance at 0x7fa4fdfa5b90>,66,18,[2 5],67,212,230,145,209
1,<environment.Job instance at 0x7fa4fdfa5280>,69,2,[5 9],70,230,232,160,209
1,<environment.Job instance at 0x7fa4b54bdf00>,72,3,[1 6],73,209,212,136,209
1,<environment.Job instance at 0x7fa4fdfa57d0>,73,12,[10  3],74,232,244,158,215
1,<environment.Job instance at 0x7fa4b54bd730>,76,3,[1 5],77,225,228,148,224
1,<environment.Job instance at 0x7fa4b54bddc0>,78,13,[4 6],79,244,257,165,228
1,<environment.Job instance at 0x7fa4b54bd0a0>,79,3,[7 3],80,257,260,177,231
1,<environment.Job instance at 0x7fa4b54bdaf0>,81,18,[1 6],82,257,275,175,246
1,<environment.Job instance at 0x7fa4b54bd230>,85,18,[5 8],86,275,293,189,266
1,<environment.Job instance at 0x7fa4b54bd1e0>,89,18,[5 6],90,293,311,203,282
1,<environment.Job instance at 0x7fa4fb4e24b0>,5,3,[2 8],6,6,9,0,6
1,<environment.Job instance at 0x7fa4b562c910>,2,3,[ 4 10],3,9,12,6,6
1,<environment.Job instance at 0x7fa4b56ec5f0>,0,18,[6 2],1,12,30,11,10
1,<environment.Job instance at 0x7fa4fde83370>,6,13,[9 2],7,30,43,23,15
1,<environment.Job instance at 0x7fa4fb709280>,13,16,[1 7],14,16,32,2,16
1,<environment.Job instance at 0x7fa4b59caf00>,17,13,[ 5 10],18,43,56,25,28
1,<environment.Job instance at 0x7fa4b5480e10>,24,2,[9 4],25,56,58,31,41
1,<environment.Job instance at 0x7fa4fdb69190>,25,2,[2 8],26,58,60,32,42
1,<environment.Job instance at 0x7fa4fb471c30>,11,16,[10  2],12,60,76,48,54
1,<environment.Job instance at 0x7fa4fb8d06e0>,10,13,[9 1],11,76,89,65,67
1,<environment.Job instance at 0x7fa4fb7d35a0>,32,16,[ 5 10],33,89,105,56,76
1,<environment.Job instance at 0x7fa4fb460140>,36,13,[ 1 10],37,105,118,68,89
1,<environment.Job instance at 0x7fa4fb339cd0>,3,1,[5 2],4,5,6,1,5
1,<environment.Job instance at 0x7fa4fdb43be0>,5,12,[6 1],6,7,19,1,7
1,<environment.Job instance at 0x7fa4b54bdf50>,7,12,[5 4],8,19,31,11,8
1,<environment.Job instance at 0x7fa4b54bdb90>,10,15,[7 3],11,31,46,20,17
1,<environment.Job instance at 0x7fa4b562c140>,15,14,[4 7],16,46,60,30,31
1,<environment.Job instance at 0x7fa4fb8e1a00>,9,16,[3 8],10,60,76,50,47
1,<environment.Job instance at 0x7fa4b5ad5c80>,24,17,[5 4],25,76,93,51,64
1,<environment.Job instance at 0x7fa4fb890a00>,25,3,[6 3],26,93,96,67,67
1,<environment.Job instance at 0x7fa4fb890fa0>,27,14,[10  5],28,96,110,68,82
1,<environment.Job instance at 0x7fa4fb890d70>,28,3,[8 5],29,110,113,81,84
1,<environment.Job instance at 0x7fa4b55b2d20>,31,3,[6 5],32,113,116,81,92
1,<environment.Job instance at 0x7fa4b55b2dc0>,30,13,[1 7],31,116,129,85,100
1,<environment.Job instance at 0x7fa4b5b4c5a0>,34,3,[9 5],35,129,132,94,103
1,<environment.Job instance at 0x7fa500782410>,37,12,[4 6],38,132,144,94,115
1,<environment.Job instance at 0x7fa4fb7080f0>,32,16,[5 8],33,144,160,111,133
1,<environment.Job instance at 0x7fa4fb516be0>,44,13,[ 2 10],45,160,173,115,146
1,<environment.Job instance at 0x7fa4b5b27c80>,46,18,[5 5],47,173,191,126,162
1,<environment.Job instance at 0x7fa4fb8c7320>,3,15,[3 5],4,4,19,0,4
1,<environment.Job instance at 0x7fa4fb8c79b0>,2,14,[ 1 10],3,19,33,16,6
1,<environment.Job instance at 0x7fa4fb822af0>,7,2,[10  4],8,33,35,25,8
1,<environment.Job instance at 0x7fa4fb822140>,11,18,[8 3],12,35,53,23,24
1,<environment.Job instance at 0x7fa4fb8220f0>,17,15,[6 4],18,53,68,35,42
1,<environment.Job instance at 0x7fa4fb822fa0>,19,13,[3 9],20,68,81,48,52
1,<environment.Job instance at 0x7fa4fb822aa0>,20,14,[6 2],21,81,95,60,66
1,<environment.Job instance at 0x7fa4fb822190>,26,12,[10  3],27,95,107,68,78
1,<environment.Job instance at 0x7fa4fb822820>,27,13,[4 5],28,81,94,53,79
1,<environment.Job instance at 0x7fa4fdf38460>,31,18,[3 7],32,107,125,75,96
1,<environment.Job instance at 0x7fa4fdf38690>,37,15,[5 2],38,107,122,69,98
1,<environment.Job instance at 0x7fa4b5507c80>,40,15,[5 4],41,125,140,84,111
1,<environment.Job instance at 0x7fa4b5507370>,42,18,[4 6],43,126,144,83,126
1,<environment.Job instance at 0x7fa4fdaa3190>,8,14,[6 2],9,26,40,17,26
1,<environment.Job instance at 0x7fa4fb425dc0>,13,13,[7 3],14,40,53,26,28
1,<environment.Job instance at 0x7fa4fb2b44b0>,16,16,[5 3],17,53,69,36,52
1,<environment.Job instance at 0x7fa4fb2b4a50>,17,2,[10  1],18,69,71,51,56
1,<environment.Job instance at 0x7fa4b53afaa0>,5,14,[9 5],6,71,85,65,56
1,<environment.Job instance at 0x7fa4b53b8e10>,20,16,[4 9],21,85,101,64,72
1,<environment.Job instance at 0x7fa4b57d05a0>,29,3,[6 1],30,85,88,55,80
1,<environment.Job instance at 0x7fa4b57d0d70>,30,12,[2 8],31,101,113,70,87
1,<environment.Job instance at 0x7fa4b57d06e0>,31,18,[8 2],32,101,119,69,93
1,<environment.Job instance at 0x7fa4b57d0960>,32,15,[1 6],33,113,128,80,104
1,<environment.Job instance at 0x7fa4b53b8e60>,21,17,[4 8],22,128,145,106,116
1,<environment.Job instance at 0x7fa4b57d0870>,40,2,[5 5],41,145,147,104,118
1,<environment.Job instance at 0x7fa4b5a40aa0>,42,2,[5 5],43,145,147,102,131
1,<environment.Job instance at 0x7fa4b5a40730>,43,14,[9 1],44,147,161,103,134
1,<environment.Job instance at 0x7fa4b5a40460>,44,3,[8 3],45,161,164,116,135
1,<environment.Job instance at 0x7fa4b57d01e0>,34,17,[1 7],35,147,164,112,135
1,<environment.Job instance at 0x7fa4b5a40af0>,46,13,[ 2 10],47,164,177,117,148
1,<environment.Job instance at 0x7fa4b5c89050>,52,1,[10  2],53,177,178,124,163
1,<environment.Job instance at 0x7fa4b5c89dc0>,53,2,[2 5],54,178,180,124,163
1,<environment.Job instance at 0x7fa4b5c89fa0>,54,15,[1 5],55,178,193,123,164
1,<environment.Job instance at 0x7fa4b5c89aa0>,55,2,[5 6],56,193,195,137,166
1,<environment.Job instance at 0x7fa4fdc2f730>,56,1,[3 7],57,195,196,138,167
1,<environment.Job instance at 0x7fa4fdc2f370>,58,16,[8 4],59,196,212,137,186
1,<environment.Job instance at 0x7fa4fdc2f050>,62,3,[6 4],63,212,215,149,208
1,<environment.Job instance at 0x7fa4fdc2f140>,65,2,[9 2],66,215,217,149,209
1,<environment.Job instance at 0x7fa4fdc2f0f0>,66,12,[8 1],67,217,229,150,209
1,<environment.Job instance at 0x7fa4b56faf00>,69,18,[3 8],70,229,247,159,218
1,<environment.Job instance at 0x7fa4b56faaa0>,73,13,[8 5],74,247,260,173,231
1,<environment.Job instance at 0x7fa4b5c31410>,79,2,[8 3],80,260,262,180,243
1,<environment.Job instance at 0x7fa4b5c31e10>,80,3,[7 5],81,262,265,181,243
1,<environment.Job instance at 0x7f2c26016fa0>,8,13,[5 5],9,22,35,13,22
1,<environment.Job instance at 0x7f2c260190a0>,11,15,[4 8],12,35,50,23,22
1,<environment.Job instance at 0x7f2c26019640>,17,3,[4 9],18,50,53,32,25
1,<environment.Job instance at 0x7f2c260196e0>,18,3,[4 7],19,53,56,34,27
1,<environment.Job instance at 0x7f2c26019820>,20,1,[7 5],21,56,57,35,34
1,<environment.Job instance at 0x7f2c260198c0>,21,1,[6 5],22,57,58,35,34
1,<environment.Job instance at 0x7f2c26019be0>,22,1,[2 7],23,58,59,35,34
1,<environment.Job instance at 0x7f2c26019780>,19,14,[3 5],20,59,73,39,49
1,<environment.Job instance at 0x7f2c26019f50>,27,15,[8 4],28,73,88,45,60
1,<environment.Job instance at 0x7f2c2601c230>,29,12,[5 4],30,60,72,30,60
1,<environment.Job instance at 0x7f2c2601c370>,31,14,[2 5],32,72,86,40,62
1,<environment.Job instance at 0x7f2c2601c050>,32,3,[5 1],33,88,91,55,62
1,<environment.Job instance at 0x7f2c2601c2d0>,30,14,[5 2],31,88,102,57,73
1,<environment.Job instance at 0x7f2c2601c4b0>,33,14,[5 5],34,91,105,57,76
1,<environment.Job instance at 0x7f2c2601c8c0>,37,2,[2 6],38,86,88,48,77
1,<environment.Job instance at 0x7f2c2601c960>,38,2,[ 1 10],39,105,107,66,78
1,<environment.Job instance at 0x7f2c2601ca00>,39,2,[5 6],40,107,109,67,80
1,<environment.Job instance at 0x7f2c2601caa0>,40,15,[10  3],41,109,124,68,95
1,<environment.Job instance at 0x7f2c2601cdc0>,45,13,[6 5],46,124,137,78,108
1,<environment.Job instance at 0x7f2c2601cfa0>,47,2,[6 5],48,137,139,89,114
1,<environment.Job instance at 0x7f2c2601cf50>,48,15,[10  1],49,139,154,90,125
1,<environment.Job instance at 0x7f2c270b9f50>,2,1,[8 5],3,3,4,0,3
1,<environment.Job instance at 0x7f2c270b9640>,5,2,[ 3 10],6,6,8,0,6
1,<environment.Job instance at 0x7f2c270b9cd0>,7,18,[2 8],8,9,27,1,9
1,<environment.Job instance at 0x7f2c270b99b0>,11,2,[4 5],12,27,29,15,12
1,<environment.Job instance at 0x7f2c270b91e0>,13,3,[5 9],14,29,32,15,14
1,<environment.Job instance at 0x7f2c270b93c0>,9,17,[1 6],10,32,49,22,20
1,<environment.Job instance at 0x7f2c270ba6e0>,14,18,[2 9],15,49,67,34,38
1,<environment.Job instance at 0x7f2c270baaf0>,20,3,[10  2],21,67,70,46,41
1,<environment.Job instance at 0x7f2c270ba780>,21,2,[5 1],22,41,43,19,41
1,<environment.Job instance at 0x7f2c270ba050>,24,14,[5 1],25,45,59,20,45
1,<environment.Job instance at 0x7f2c270ba370>,27,13,[8 5],28,70,83,42,59
1,<environment.Job instance at 0x7f2c270ba410>,29,13,[9 4],30,83,96,53,67
1,<environment.Job instance at 0x7f2c270bb2d0>,31,15,[5 9],32,96,111,64,82
1,<environment.Job instance at 0x7f2c270bb820>,34,18,[3 7],35,111,129,76,100
1,<environment.Job instance at 0x7f2c270bb190>,36,18,[9 2],37,129,147,92,120
1,<environment.Job instance at 0x7f2c272ef5a0>,44,3,[4 5],45,147,150,102,122
1,<environment.Job instance at 0x7f2c272efa00>,46,2,[1 8],47,129,131,82,122
1,<environment.Job instance at 0x7f2bdc085230>,2,16,[3 9],3,5,21,2,5
1,<environment.Job instance at 0x7f2c272ef370>,7,17,[9 3],8,21,38,13,10
1,<environment.Job instance at 0x7f2bdc0e3370>,12,2,[6 2],13,38,40,25,13
1,<environment.Job instance at 0x7f2bdc0e3b90>,15,16,[7 5],16,40,56,24,27
1,<environment.Job instance at 0x7f2bdbfad820>,21,1,[2 6],22,38,39,16,32
1,<environment.Job instance at 0x7f2bdc0858c0>,0,18,[2 7],1,56,74,55,47
1,<environment.Job instance at 0x7f2bdbfadbe0>,26,3,[ 5 10],27,74,77,47,56
1,<environment.Job instance at 0x7f2bdc196460>,29,2,[1 8],30,81,83,51,81
1,<environment.Job instance at 0x7f2bdc196f00>,31,1,[3 9],32,83,84,51,81
1,<environment.Job instance at 0x7f2bdc1961e0>,32,13,[ 5 10],33,84,97,51,81
1,<environment.Job instance at 0x7f2bdc196140>,34,3,[5 6],35,97,100,62,84
1,<environment.Job instance at 0x7f2bdc196410>,35,14,[ 2 10],36,100,114,64,85
1,<environment.Job instance at 0x7f2bdc196b90>,36,1,[9 3],37,114,115,77,86
1,<environment.Job instance at 0x7f2bdc0850f0>,1,18,[ 1 10],2,115,133,113,106
1,<environment.Job instance at 0x7f2bdc3c7500>,3,3,[1 9],4,4,7,0,4
1,<environment.Job instance at 0x7f2bdc13d0a0>,4,14,[8 4],5,7,21,2,7
1,<environment.Job instance at 0x7f2bdc40d4b0>,7,3,[4 5],8,21,24,13,8
1,<environment.Job instance at 0x7f2bdc012230>,8,14,[9 5],9,24,38,15,13
1,<environment.Job instance at 0x7f2bdc012140>,12,3,[3 7],13,38,41,25,13
1,<environment.Job instance at 0x7f2bdc012050>,14,3,[6 4],15,21,24,6,17
1,<environment.Job instance at 0x7f2bdc13ca00>,17,2,[10  2],18,41,43,23,19
1,<environment.Job instance at 0x7f2bdc012780>,16,2,[8 1],17,43,45,26,19
1,<environment.Job instance at 0x7f2bdc13cfa0>,20,2,[9 5],21,45,47,24,21
1,<environment.Job instance at 0x7f2bdc13c5a0>,21,2,[5 5],22,47,49,25,22
1,<environment.Job instance at 0x7f2bdc13caf0>,22,1,[6 4],23,49,50,26,24
1,<environment.Job instance at 0x7f2bdc13c1e0>,19,14,[3 6],20,49,63,29,36
1,<environment.Job instance at 0x7f2bdc13cb90>,24,19,[6 1],25,50,69,25,44
1,<environment.Job instance at 0x7f2bdc13c7d0>,23,18,[6 5],24,69,87,45,58
1,<environment.Job instance at 0x7f2bdc41d730>,33,2,[7 3],34,87,89,53,68
1,<environment.Job instance at 0x7f2bdc41dd70>,34,3,[4 6],35,89,92,54,68
1,<environment.Job instance at 0x7f2bdc01b690>,37,1,[2 9],38,68,69,30,68
1,<environment.Job instance at 0x7f2bdc41daf0>,32,14,[2 9],33,92,106,59,79
1,<environment.Job instance at 0x7f2bdc01b9b0>,41,17,[10  2],42,106,123,64,103
1,<environment.Job instance at 0x7f2bdc0ccaf0>,44,12,[3 8],45,123,135,78,106
1,<environment.Job instance at 0x7f2bdc13cc80>,3,14,[7 5],4,4,18,0,4
1,<environment.Job instance at 0x7f2bdc722640>,5,14,[10  2],6,18,32,12,7
1,<environment.Job instance at 0x7f2bdc722500>,6,3,[2 8],7,32,35,25,8
1,<environment.Job instance at 0x7f2bdc7229b0>,9,2,[10  4],10,35,37,25,10
1,<environment.Job instance at 0x7f2bdc722b90>,10,3,[5 6],11,37,40,26,13
1,<environment.Job instance at 0x7f2bdc722c80>,13,2,[5 6],14,40,42,26,15
1,<environment.Job instance at 0x7f2bdc722dc0>,16,12,[ 3 10],17,42,54,25,31
1,<environment.Job instance at 0x7f2bdc710d70>,27,16,[9 2],28,54,70,26,44
1,<environment.Job instance at 0x7f2bdc710c80>,28,15,[7 5],29,70,85,41,58
1,<environment.Job instance at 0x7f2bdc715370>,34,3,[4 7],35,85,88,50,60
1,<environment.Job instance at 0x7f2bdc715550>,37,3,[1 6],38,60,63,22,60
1,<environment.Job instance at 0x7f2bdc7155f0>,38,18,[6 3],39,85,103,46,74
1,<environment.Job instance at 0x7f2bdc715870>,42,2,[9 3],43,103,105,60,77
1,<environment.Job instance at 0x7f2bdc715b40>,46,16,[7 4],47,105,121,58,92
1,<environment.Job instance at 0x7f2bdc715be0>,47,2,[4 5],48,92,94,44,92
1,<environment.Job instance at 0x7f2c262c7370>,7,17,[5 2],8,10,27,2,10
1,<environment.Job instance at 0x7f2c262c7cd0>,11,1,[ 2 10],12,27,28,15,12
1,<environment.Job instance at 0x7f2c25ec6d70>,12,1,[3 9],13,28,29,15,13
1,<environment.Job instance at 0x7f2c25ec62d0>,13,2,[4 7],14,14,16,0,14
1,<environment.Job instance at 0x7f2c25ec6e60>,14,12,[7 2],15,29,41,14,15
1,<environment.Job instance at 0x7f2c25ec65a0>,18,15,[3 6],19,29,44,10,19
1,<environment.Job instance at 0x7f2c25ec6640>,16,3,[8 4],17,44,47,27,25
1,<environment.Job instance at 0x7f2c25ec6be0>,19,3,[4 7],20,47,50,27,26
1,<environment.Job instance at 0x7f2c25ec6cd0>,24,2,[8 5],25,50,52,25,26
1,<environment.Job instance at 0x7f2c26584aa0>,25,1,[8 1],26,52,53,26,28
1,<environment.Job instance at 0x7f2c25ec6dc0>,21,15,[8 4],22,53,68,31,51
1,<environment.Job instance at 0x7f2c263720f0>,29,2,[10  2],30,68,70,38,51
1,<environment.Job instance at 0x7f2c26372640>,30,2,[ 5 10],31,70,72,39,51
1,<environment.Job instance at 0x7f2c26372870>,32,2,[2 6],33,52,54,19,52
1,<environment.Job instance at 0x7f2c2606cbe0>,34,15,[10  4],35,72,87,37,63
1,<environment.Job instance at 0x7f2c2606cd20>,40,18,[6 1],41,87,105,46,76
1,<environment.Job instance at 0x7f2c262d8230>,45,17,[4 6],46,88,105,42,88
1,<environment.Job instance at 0x7f2c262d8e10>,47,14,[ 1 10],48,105,119,57,90
1,<environment.Job instance at 0x7f2bdc1f4730>,3,2,[5 1],4,5,7,1,5
1,<environment.Job instance at 0x7f2bdc1f4a50>,6,2,[5 5],7,7,9,0,7
1,<environment.Job instance at 0x7f2bdc366cd0>,7,13,[1 9],8,9,22,1,8
1,<environment.Job instance at 0x7f2bdc366960>,8,17,[3 6],9,22,39,13,12
1,<environment.Job instance at 0x7f2bdc1f4eb0>,5,13,[6 4],6,22,35,16,16
1,<environment.Job instance at 0x7f2c266fc910>,16,3,[ 5 10],17,39,42,22,18
1,<environment.Job instance at 0x7f2c26c934b0>,11,14,[8 2],12,42,56,30,27
1,<environment.Job instance at 0x7f2c26ce85a0>,25,12,[2 6],26,42,54,16,31
1,<environment.Job instance at 0x7f2c26ce8640>,26,15,[2 7],27,54,69,27,40
1,<environment.Job instance at 0x7f2c260ed870>,32,3,[7 1],33,56,59,23,45
1,<environment.Job instance at 0x7f2c26b150a0>,28,15,[7 5],29,92,107,63,92
1,<environment.Job instance at 0x7f2c264419b0>,37,1,[4 5],38,107,108,69,92
1,<environment.Job instance at 0x7f2c26441960>,39,13,[4 6],40,108,121,68,92
1,<environment.Job instance at 0x7f2c25df0d20>,41,17,[10  3],42,121,138,79,109
1,<environment.Job instance at 0x7f2c25df03c0>,45,12,[ 4 10],46,138,150,92,121
1,<environment.Job instance at 0x7f2c264157d0>,3,1,[1 7],4,5,6,1,5
1,<environment.Job instance at 0x7f2c25deff00>,4,18,[3 6],5,6,24,1,6
1,<environment.Job instance at 0x7f2bdc3b9230>,12,12,[3 8],13,24,36,11,13
1,<environment.Job instance at 0x7f2bdc3e5f50>,9,3,[ 2 10],10,36,39,26,16
1,<environment.Job instance at 0x7f2bdc3b9370>,15,3,[3 8],16,39,42,23,19
1,<environment.Job instance at 0x7f2bdc3b9690>,17,15,[5 3],18,42,57,24,34
1,<environment.Job instance at 0x7f2bdc3b9780>,18,18,[1 5],19,42,60,23,34
1,<environment.Job instance at 0x7f2bdc3b9a00>,22,3,[10  4],23,60,63,37,34
1,<environment.Job instance at 0x7f2bdc3b9910>,21,1,[ 4 10],22,63,64,41,35
1,<environment.Job instance at 0x7f2bdc3b9aa0>,23,2,[5 7],24,64,66,40,37
1,<environment.Job instance at 0x7f2bdc3b9c80>,26,3,[2 8],27,66,69,39,40
1,<environment.Job instance at 0x7f2bdc3b9d20>,27,1,[5 5],28,57,58,29,40
1,<environment.Job instance at 0x7f2bdc3b9dc0>,28,2,[6 3],29,58,60,29,40
1,<environment.Job instance at 0x7f2bdc3b9e60>,29,3,[7 2],30,66,69,36,40
1,<environment.Job instance at 0x7f2bdc3b9870>,31,3,[1 6],32,69,72,37,43
1,<environment.Job instance at 0x7f2bdc3dd140>,33,2,[5 5],34,72,74,38,55
1,<environment.Job instance at 0x7f2bdc3dd640>,34,1,[7 4],35,69,70,34,55
1,<environment.Job instance at 0x7f2bdc3b90f0>,14,15,[4 6],15,74,89,59,60
1,<environment.Job instance at 0x7f2bdc3dda00>,38,14,[7 5],39,89,103,50,76
1,<environment.Job instance at 0x7f2bdc3ddbe0>,39,3,[5 5],40,103,106,63,77
1,<environment.Job instance at 0x7f2bdc3bc2d0>,44,17,[7 2],45,106,123,61,94
1,<environment.Job instance at 0x7f2bdc3e5e10>,7,16,[9 4],8,123,139,115,110
1,<environment.Job instance at 0x7f2c25dec5f0>,5,3,[2 5],6,14,17,8,14
1,<environment.Job instance at 0x7f2c25dec3c0>,8,14,[ 2 10],9,37,51,28,37
1,<environment.Job instance at 0x7f2c25de0a00>,11,3,[7 3],12,51,54,39,39
1,<environment.Job instance at 0x7f2c25de0d20>,13,1,[1 7],14,51,52,37,39
1,<environment.Job instance at 0x7f2c25de0820>,15,13,[ 1 10],16,54,67,38,41
1,<environment.Job instance at 0x7f2c26121500>,16,3,[8 1],17,67,70,50,42
1,<environment.Job instance at 0x7f2bdc632e10>,21,12,[5 5],22,70,82,48,53
1,<environment.Job instance at 0x7f2bdc565a50>,23,13,[4 9],24,82,95,58,67
1,<environment.Job instance at 0x7f2bdc632fa0>,20,13,[5 6],21,95,108,74,79
1,<environment.Job instance at 0x7f2bdbfed370>,37,2,[10  4],38,108,110,70,83
1,<environment.Job instance at 0x7f2c25dd34b0>,19,15,[10  2],20,110,125,90,96
1,<environment.Job instance at 0x7f2bdbfed5f0>,38,16,[6 3],39,125,141,86,112
1,<environment.Job instance at 0x7f2c25ffc3c0>,43,14,[2 7],44,125,139,81,112
1,<environment.Job instance at 0x7f2bdc5ddfa0>,48,15,[8 5],49,141,156,92,127
1,<environment.Job instance at 0x7f2c26432f50>,3,3,[8 4],4,4,7,0,4
1,<environment.Job instance at 0x7f2bdc624aa0>,6,18,[4 6],7,9,27,2,9
1,<environment.Job instance at 0x7f2c2691ea00>,12,18,[6 3],13,15,33,2,15
1,<environment.Job instance at 0x7f2bdc6240a0>,14,2,[1 8],15,33,35,18,15
1,<environment.Job instance at 0x7f2bdc44c870>,13,2,[9 1],14,33,35,19,17
1,<environment.Job instance at 0x7f2bdc3cd910>,17,2,[2 8],18,35,37,17,18
1,<environment.Job instance at 0x7f2c266ab7d0>,15,16,[6 3],16,37,53,21,36
1,<environment.Job instance at 0x7f2bdc5f7fa0>,21,3,[ 4 10],22,53,56,31,40
1,<environment.Job instance at 0x7f2c25ec82d0>,23,1,[3 5],24,40,41,16,40
1,<environment.Job instance at 0x7f2c25ec8aa0>,24,17,[8 5],25,56,73,31,49
1,<environment.Job instance at 0x7f2c25ed71e0>,31,13,[5 5],32,73,86,41,68
1,<environment.Job instance at 0x7f2c25dffbe0>,32,2,[9 3],33,86,88,53,68
1,<environment.Job instance at 0x7f2c25dff460>,33,12,[1 8],34,88,100,54,71
1,<environment.Job instance at 0x7f2bdc2b66e0>,38,14,[10  3],39,100,114,61,85
1,<environment.Job instance at 0x7f2bdc676690>,41,18,[2 9],42,146,164,104,146
1,<environment.Job instance at 0x7f2bdc676460>,43,13,[6 5],44,164,177,120,164
1,<environment.Job instance at 0x7f2bdc676640>,46,3,[2 7],47,177,180,130,164
1,<environment.Job instance at 0x7f2bdc676be0>,48,3,[5 8],49,180,183,131,169
1,<environment.Job instance at 0x7f2c267ca370>,6,1,[7 2],7,7,8,0,7
1,<environment.Job instance at 0x7f2c267ca5a0>,7,2,[2 6],8,8,10,0,8
1,<environment.Job instance at 0x7f2c267ca780>,10,12,[2 5],11,11,23,0,11
1,<environment.Job instance at 0x7f2c267ca280>,4,12,[6 4],5,11,23,6,11
1,<environment.Job instance at 0x7f2c267caa50>,12,1,[2 9],13,23,24,10,13
1,<environment.Job instance at 0x7f2c267cad20>,17,2,[2 8],18,24,26,6,18
1,<environment.Job instance at 0x7f2c267caf50>,18,3,[5 9],19,26,29,7,19
1,<environment.Job instance at 0x7f2bdc35d6e0>,3,18,[5 9],4,29,47,25,20
1,<environment.Job instance at 0x7f2c26798410>,20,3,[1 7],21,47,50,26,21
1,<environment.Job instance at 0x7f2c267985f0>,22,3,[ 1 10],23,50,53,27,26
1,<environment.Job instance at 0x7f2c26798690>,23,3,[7 3],24,47,50,23,26
1,<environment.Job instance at 0x7f2c267988c0>,25,13,[10  4],26,53,66,27,40
1,<environment.Job instance at 0x7f2c26798c80>,29,15,[7 1],30,66,81,36,52
1,<environment.Job instance at 0x7f2c267cae10>,16,14,[3 9],17,66,80,49,60
1,<environment.Job instance at 0x7f2c267d3320>,38,16,[8 5],39,81,97,42,68
1,<environment.Job instance at 0x7f2c267d3410>,41,14,[5 8],42,97,111,55,82
1,<environment.Job instance at 0x7f2c267d30f0>,43,15,[6 3],44,111,126,67,98
1,<environment.Job instance at 0x7f2c26798a00>,34,14,[7 1],35,126,140,91,115
1,<environment.Job instance at 0x7f2c267983c0>,21,18,[8 4],22,140,158,118,132
1,<environment.Job instance at 0x7f2c267d3be0>,48,17,[10  3],49,199,216,150,199
1,<environment.Job instance at 0x7f2c267a6230>,0,1,[6 3],1,2,3,1,2
1,<environment.Job instance at 0x7f2c26605050>,3,2,[5 6],4,4,6,0,4
1,<environment.Job instance at 0x7f2c26605780>,6,3,[8 2],7,7,10,0,7
1,<environment.Job instance at 0x7f2c267ca9b0>,5,3,[6 5],6,10,13,4,7
1,<environment.Job instance at 0x7f2bdc32d370>,11,1,[8 5],12,13,14,1,12
1,<environment.Job instance at 0x7f2c2619ae60>,13,2,[5 5],14,14,16,0,14
1,<environment.Job instance at 0x7f2c2619a3c0>,15,17,[7 1],16,16,33,0,16
1,<environment.Job instance at 0x7f2c266054b0>,7,13,[7 3],8,33,46,25,17
1,<environment.Job instance at 0x7f2bdc32d870>,10,14,[3 6],11,18,32,7,18
1,<environment.Job instance at 0x7f2bdc32da50>,12,15,[1 6],13,32,47,19,21
1,<environment.Job instance at 0x7f2c2619a690>,21,14,[10  4],22,47,61,25,33
1,<environment.Job instance at 0x7f2c2619a780>,24,12,[8 4],25,61,73,36,54
1,<environment.Job instance at 0x7f2c2619af00>,25,15,[7 4],26,73,88,47,59
1,<environment.Job instance at 0x7f2c26832370>,29,17,[7 2],30,88,105,58,76
1,<environment.Job instance at 0x7f2c2619a0f0>,19,14,[10  1],20,105,119,85,95
1,<environment.Job instance at 0x7f2c26832960>,34,12,[6 5],35,119,131,84,112
1,<environment.Job instance at 0x7f2c265a7a50>,43,2,[ 4 10],44,131,133,87,115
1,<environment.Job instance at 0x7f2c265a7820>,47,2,[8 4],48,133,135,85,126
1,<environment.Job instance at 0x7f2c265a7c80>,48,1,[6 3],49,135,136,86,126
1,<environment.Job instance at 0x7f2c25f1deb0>,0,3,[9 5],1,3,6,2,3
1,<environment.Job instance at 0x7f2c265a7550>,2,13,[4 8],3,6,19,3,6
1,<environment.Job instance at 0x7f2c25f1d960>,4,2,[4 6],5,19,21,14,6
1,<environment.Job instance at 0x7f2c25f1ddc0>,6,12,[7 1],7,21,33,14,10
1,<environment.Job instance at 0x7f2bdc20f320>,11,1,[10  4],12,33,34,21,16
1,<environment.Job instance at 0x7f2c26672f00>,12,3,[6 4],13,34,37,21,21
1,<environment.Job instance at 0x7f2c26672e60>,17,1,[9 4],18,37,38,19,21
1,<environment.Job instance at 0x7f2bdc20f410>,10,14,[6 4],11,38,52,27,25
1,<environment.Job instance at 0x7f2c2611b960>,21,3,[5 5],22,52,55,30,26
1,<environment.Job instance at 0x7f2c2611bd20>,22,13,[1 5],23,34,47,11,26
1,<environment.Job instance at 0x7f2c2611b410>,24,2,[10  3],25,55,57,30,28
1,<environment.Job instance at 0x7f2c2611baa0>,25,3,[5 5],26,52,55,26,28
1,<environment.Job instance at 0x7f2c26672050>,20,15,[9 4],21,57,72,36,43
1,<environment.Job instance at 0x7f2c26672f50>,18,17,[5 5],19,72,89,53,60
1,<environment.Job instance at 0x7f2bdc60aa00>,37,13,[9 4],38,89,102,51,73
1,<environment.Job instance at 0x7f2bdc60a230>,40,15,[4 5],41,73,88,32,73
1,<environment.Job instance at 0x7f2bdc60a320>,44,3,[6 1],45,102,105,57,81
1,<environment.Job instance at 0x7f2bdc60a280>,45,16,[4 5],46,102,118,56,89
1,<environment.Job instance at 0x7f2bdc60a690>,39,17,[5 9],40,118,135,78,117
1,<environment.Job instance at 0x7f2c25fce5f0>,3,12,[4 6],4,4,16,0,4
1,<environment.Job instance at 0x7f2bdc5c8f50>,7,1,[3 6],8,16,17,8,8
1,<environment.Job instance at 0x7f2bdc5ba730>,15,1,[9 5],16,17,18,1,16
1,<environment.Job instance at 0x7f2bdc5ba230>,16,1,[2 6],17,18,19,1,17
1,<environment.Job instance at 0x7f2bdc5ba190>,13,16,[6 5],14,19,35,5,18
1,<environment.Job instance at 0x7f2bdc404730>,20,15,[3 9],21,35,50,14,21
1,<environment.Job instance at 0x7f2bdc405960>,22,3,[9 5],23,50,53,27,24
1,<environment.Job instance at 0x7f2bdc404410>,19,15,[6 3],20,53,68,33,39
1,<environment.Job instance at 0x7f2c26b41730>,28,14,[9 4],29,68,82,39,53
1,<environment.Job instance at 0x7f2c2698a910>,31,14,[4 6],32,53,67,21,53
1,<environment.Job instance at 0x7f2c26b920a0>,36,1,[4 9],37,82,83,45,66
1,<environment.Job instance at 0x7f2bdc40efa0>,39,14,[6 1],40,82,96,42,69
1,<environment.Job instance at 0x7f2c269b5960>,40,3,[2 7],41,83,86,42,69
1,<environment.Job instance at 0x7f2bdc5ba820>,18,18,[1 9],19,86,104,67,79
1,<environment.Job instance at 0x7f2c25fcee10>,0,16,[9 2],1,104,120,103,93
1,<environment.Job instance at 0x7f2c269b5690>,44,14,[7 4],45,120,134,75,105
1,<environment.Job instance at 0x7f2c26001dc0>,47,18,[3 6],48,120,138,72,109
1,<environment.Job instance at 0x7f2bdbd848c0>,0,1,[5 9],1,2,3,1,2
1,<environment.Job instance at 0x7f2c25f917d0>,2,3,[5 2],3,3,6,0,3
1,<environment.Job instance at 0x7f2bdc0ce4b0>,3,3,[9 2],4,6,9,2,4
1,<environment.Job instance at 0x7f2bdc0cefa0>,5,12,[5 6],6,9,21,3,8
1,<environment.Job instance at 0x7f2bdc0ce1e0>,7,13,[8 2],8,21,34,13,13
1,<environment.Job instance at 0x7f2c267d68c0>,12,17,[1 6],13,21,38,8,13
1,<environment.Job instance at 0x7f2c25f88f00>,17,3,[6 4],18,34,37,16,18
1,<environment.Job instance at 0x7f2c26d05dc0>,18,15,[3 6],19,38,53,19,24
1,<environment.Job instance at 0x7f2c262a1050>,21,2,[2 6],22,53,55,31,39
1,<environment.Job instance at 0x7f2c262a1d70>,22,3,[9 1],23,55,58,32,39
1,<environment.Job instance at 0x7f2bdc468e60>,24,17,[6 5],25,67,84,42,67
1,<environment.Job instance at 0x7f2c26122140>,27,16,[ 5 10],28,84,100,56,76
1,<environment.Job instance at 0x7f2c25e31d20>,2,2,[ 2 10],3,4,6,1,4
1,<environment.Job instance at 0x7f2c25e31e60>,5,2,[10  5],6,6,8,0,6
1,<environment.Job instance at 0x7f2c261cba00>,15,13,[1 5],16,16,29,0,16
1,<environment.Job instance at 0x7f2c261cb0f0>,16,15,[ 5 10],17,29,44,12,18
1,<environment.Job instance at 0x7f2c261cbf00>,19,14,[9 5],20,44,58,24,29
1,<environment.Job instance at 0x7f2c261cb820>,21,13,[5 8],22,58,71,36,46
1,<environment.Job instance at 0x7f2c273c1050>,26,12,[6 3],27,71,83,44,56
1,<environment.Job instance at 0x7f2c27062780>,31,16,[ 4 10],32,83,99,51,70
1,<environment.Job instance at 0x7f2c270629b0>,33,2,[2 5],34,71,73,37,70
1,<environment.Job instance at 0x7f2c27062cd0>,35,16,[4 6],36,99,115,63,87
1,<environment.Job instance at 0x7f2c273c12d0>,23,18,[ 4 10],24,115,133,91,104
1,<environment.Job instance at 0x7f2bdc470690>,42,18,[5 1],43,133,151,90,122
1,<environment.Job instance at 0x7f2bdc470410>,39,16,[2 8],40,133,149,93,122
1,<environment.Job instance at 0x7f2bdc470550>,45,17,[7 4],46,151,168,105,140
1,<environment.Job instance at 0x7f2bdbd4a730>,2,3,[3 8],3,6,9,3,6
1,<environment.Job instance at 0x7f2bdc3ce410>,6,1,[5 7],7,9,10,2,7
1,<environment.Job instance at 0x7f2bdc3cea50>,8,2,[7 3],9,10,12,1,9
1,<environment.Job instance at 0x7f2c26a4c550>,9,1,[5 6],10,12,13,2,10
1,<environment.Job instance at 0x7f2bdc3ceb90>,7,16,[1 5],8,13,29,5,11
1,<environment.Job instance at 0x7f2bdc3d4e60>,13,13,[6 5],14,16,29,2,16
1,<environment.Job instance at 0x7f2bdc3ce5f0>,14,13,[5 4],15,29,42,14,17
1,<environment.Job instance at 0x7f2bdc470820>,4,17,[3 6],5,29,46,24,19
1,<environment.Job instance at 0x7f2bdc3d4b90>,16,2,[7 3],17,42,44,25,19
1,<environment.Job instance at 0x7f2bdc3d6a50>,19,2,[4 6],20,46,48,26,20
1,<environment.Job instance at 0x7f2bdc3c69b0>,12,15,[3 8],13,48,63,35,36
1,<environment.Job instance at 0x7f2bdc3c6910>,11,16,[2 7],12,63,79,51,50
1,<environment.Job instance at 0x7f2bdc3c9050>,20,16,[2 8],21,79,95,58,67
1,<environment.Job instance at 0x7f2bdc10a550>,37,1,[5 7],38,95,96,57,84
1,<environment.Job instance at 0x7f2bdc6b2c80>,38,16,[2 7],39,96,112,57,85
1,<environment.Job instance at 0x7f2c260ed0a0>,39,16,[ 3 10],40,112,128,72,100
1,<environment.Job instance at 0x7f2c265d5190>,43,13,[1 7],44,128,141,84,118
1,<environment.Job instance at 0x7f2bdc6cc460>,46,16,[6 1],47,128,144,81,118
1,<environment.Job instance at 0x7f2bdc2fdd70>,2,14,[9 1],3,3,17,0,3
1,<environment.Job instance at 0x7f2c263f4230>,1,15,[9 5],2,17,32,15,7
1,<environment.Job instance at 0x7f2c261a21e0>,14,14,[10  1],15,32,46,17,18
1,<environment.Job instance at 0x7f2bdbfa3c80>,16,1,[9 4],17,46,47,29,26
1,<environment.Job instance at 0x7f2bdbe9d280>,17,3,[3 8],18,47,50,29,26
1,<environment.Job instance at 0x7f2bdbe9d820>,20,15,[4 9],21,50,65,29,36
1,<environment.Job instance at 0x7f2bdbe9dd70>,19,13,[ 2 10],20,65,78,45,51
1,<environment.Job instance at 0x7f2c26aa5e10>,26,17,[9 3],27,78,95,51,66
1,<environment.Job instance at 0x7f2bdc1e6320>,30,15,[9 1],31,95,110,64,81
1,<environment.Job instance at 0x7f2c2644e3c0>,23,16,[8 2],24,110,126,86,97
1,<environment.Job instance at 0x7f2c26994eb0>,34,18,[1 8],35,98,116,63,98
1,<environment.Job instance at 0x7f2bdc1e60a0>,33,16,[ 4 10],34,126,142,92,113
1,<environment.Job instance at 0x7f2bdc6a99b0>,47,15,[ 1 10],48,142,157,94,130
1,<environment.Job instance at 0x7f2c26071af0>,0,1,[8 1],1,1,2,0,1
1,<environment.Job instance at 0x7f2c260d1550>,3,14,[5 5],4,5,19,1,5
1,<environment.Job instance at 0x7f2c264f2c80>,7,16,[5 8],8,19,35,11,12
1,<environment.Job instance at 0x7f2bdc6aa2d0>,8,16,[1 6],9,35,51,26,23
1,<environment.Job instance at 0x7f2bdbf3e2d0>,15,12,[ 3 10],16,51,63,35,42
1,<environment.Job instance at 0x7f2c268bedc0>,13,15,[4 9],14,63,78,49,49
1,<environment.Job instance at 0x7f2bdc13ceb0>,20,16,[9 2],21,78,94,57,66
1,<environment.Job instance at 0x7f2bdc6745a0>,26,12,[6 4],27,94,106,67,77
1,<environment.Job instance at 0x7f2c26532730>,29,17,[9 2],30,106,123,76,95
1,<environment.Job instance at 0x7f2bdc6a95f0>,1,18,[3 7],2,123,141,121,113
1,<environment.Job instance at 0x7f2bdbed0a50>,43,18,[ 2 10],44,141,159,97,131
1,<environment.Job instance at 0x7f2c2630a870>,47,17,[7 4],48,159,176,111,148
1,<environment.Job instance at 0x7f2bdbf35c30>,3,3,[1 6],4,4,7,0,4
1,<environment.Job instance at 0x7f2c26577c80>,4,1,[5 4],5,6,7,1,6
1,<environment.Job instance at 0x7f2c26577be0>,11,1,[2 7],12,12,13,0,12
1,<environment.Job instance at 0x7f2c265779b0>,10,18,[9 2],11,13,31,2,13
1,<environment.Job instance at 0x7f2c26577730>,12,2,[4 5],13,31,33,18,14
1,<environment.Job instance at 0x7f2c26577e10>,15,2,[10  5],16,33,35,17,17
1,<environment.Job instance at 0x7f2c265778c0>,14,12,[7 4],15,35,47,20,19
1,<environment.Job instance at 0x7f2c26532640>,22,16,[10  2],23,47,63,24,35
1,<environment.Job instance at 0x7f2c265325a0>,24,12,[1 8],25,63,75,38,46
1,<environment.Job instance at 0x7f2c26532d70>,27,18,[6 2],28,63,81,35,52
1,<environment.Job instance at 0x7f2c26532f00>,29,13,[7 5],30,81,94,51,65
1,<environment.Job instance at 0x7f2c26532cd0>,31,14,[9 5],32,94,108,62,79
1,<environment.Job instance at 0x7f2c263ad0f0>,37,3,[2 8],38,108,111,70,88
1,<environment.Job instance at 0x7f2c263adc80>,41,13,[9 4],42,111,124,69,96
1,<environment.Job instance at 0x7f2c263ad7d0>,42,16,[1 7],43,124,140,81,111
1,<environment.Job instance at 0x7f2c263ad4b0>,46,3,[8 3],47,124,127,77,122
1,<environment.Job instance at 0x7f2c263ad5a0>,47,16,[7 2],48,127,143,79,123
1,<environment.Job instance at 0x7f2c26532f50>,23,15,[4 8],24,143,158,119,133
1,<environment.Job instance at 0x7f835f61ed70>,6,20,[6 1],7,10,30,3,10
1,<environment.Job instance at 0x7f835f61edc0>,7,1,[5 4],8,30,31,22,12
1,<environment.Job instance at 0x7f835f6210a0>,11,15,[4 8],12,12,27,0,12
1,<environment.Job instance at 0x7f835f61ee60>,8,13,[5 5],9,30,43,21,22
1,<environment.Job instance at 0x7f835f621690>,17,3,[4 9],18,27,30,9,22
1,<environment.Job instance at 0x7f835f621730>,18,3,[4 7],19,43,46,24,22
1,<environment.Job instance at 0x7f835f6215f0>,16,16,[3 5],17,46,62,29,33
1,<environment.Job instance at 0x7f835f621550>,15,18,[2 8],16,62,80,46,51
1,<environment.Job instance at 0x7f835f621f00>,26,3,[3 7],27,80,83,53,54
1,<environment.Job instance at 0x7f835f6242d0>,30,14,[5 2],31,55,69,24,55
1,<environment.Job instance at 0x7f835f6240f0>,32,3,[5 1],33,69,72,36,59
1,<environment.Job instance at 0x7f835f6246e0>,33,14,[5 5],34,83,97,49,72
1,<environment.Job instance at 0x7f835f624960>,38,2,[ 1 10],39,97,99,58,83
1,<environment.Job instance at 0x7f835f624a00>,39,2,[5 6],40,99,101,59,83
1,<environment.Job instance at 0x7f835f621f50>,25,12,[ 5 10],26,101,113,75,84
1,<environment.Job instance at 0x7f835f624b40>,41,1,[5 2],42,84,85,42,84
1,<environment.Job instance at 0x7f835f624be0>,42,2,[4 6],43,113,115,70,86
1,<environment.Job instance at 0x7f835f624dc0>,45,13,[6 5],46,115,128,69,99
1,<environment.Job instance at 0x7f835f624aa0>,40,15,[10  3],41,128,143,87,114
1,<environment.Job instance at 0x7f835f626190>,49,16,[2 5],50,143,159,93,130
1,<environment.Job instance at 0x7f835f626500>,53,17,[5 7],54,159,176,105,148
1,<environment.Job instance at 0x7f83628f6b40>,8,2,[ 3 10],9,24,26,15,24
1,<environment.Job instance at 0x7f835f626500>,3,3,[5 9],4,26,29,22,24
1,<environment.Job instance at 0x7f83627a6230>,10,3,[10  2],11,29,32,18,24
1,<environment.Job instance at 0x7f83628f6b90>,6,3,[7 4],7,32,35,25,24
1,<environment.Job instance at 0x7f83627a6a00>,13,13,[6 3],14,35,48,21,24
1,<environment.Job instance at 0x7f83627a6d70>,17,13,[8 5],18,48,61,30,43
1,<environment.Job instance at 0x7f83627a6370>,19,13,[9 4],20,61,74,41,45
1,<environment.Job instance at 0x7f83628f7e10>,24,18,[3 7],25,74,92,49,67
1,<environment.Job instance at 0x7f83628f7050>,25,17,[3 9],26,92,109,66,80
1,<environment.Job instance at 0x7f83628f7870>,27,3,[10  5],28,109,112,81,83
1,<environment.Job instance at 0x7f83628f7370>,30,2,[9 3],31,112,114,81,88
1,<environment.Job instance at 0x7f83628f7a00>,31,3,[1 8],32,114,117,82,88
1,<environment.Job instance at 0x7f83628eb140>,33,2,[6 1],34,88,90,54,88
1,<environment.Job instance at 0x7f83628eb640>,34,3,[4 5],35,117,120,82,91
1,<environment.Job instance at 0x7f83628eb5f0>,36,2,[1 8],37,120,122,83,94
1,<environment.Job instance at 0x7f83628ebf00>,38,2,[5 2],39,114,116,75,101
1,<environment.Job instance at 0x7f83628eb910>,40,18,[2 7],41,122,140,81,111
1,<environment.Job instance at 0x7f83628ebbe0>,41,18,[ 1 10],42,140,158,98,134
1,<environment.Job instance at 0x7f83628edd70>,44,15,[1 9],45,158,173,113,144
1,<environment.Job instance at 0x7f83627a6820>,22,16,[ 4 10],23,173,189,150,167
1,<environment.Job instance at 0x7f83627a6820>,4,1,[8 4],5,5,6,0,5
1,<environment.Job instance at 0x7f8319908460>,12,13,[ 5 10],13,24,37,11,24
1,<environment.Job instance at 0x7f83627a6960>,6,3,[ 5 10],7,37,40,30,26
1,<environment.Job instance at 0x7f831995b460>,13,16,[ 3 10],14,40,56,26,29
1,<environment.Job instance at 0x7f831995b960>,14,3,[5 6],15,56,59,41,34
1,<environment.Job instance at 0x7f831995d780>,22,3,[4 7],23,59,62,36,47
1,<environment.Job instance at 0x7f831995b7d0>,21,13,[5 6],22,62,75,40,48
1,<environment.Job instance at 0x7f831995d730>,24,2,[2 7],25,75,77,50,48
1,<environment.Job instance at 0x7f83199cb500>,30,2,[3 8],31,78,80,47,78
1,<environment.Job instance at 0x7f83199cb190>,31,15,[10  4],32,80,95,48,79
1,<environment.Job instance at 0x7f83199cb6e0>,32,14,[1 8],33,95,109,62,80
1,<environment.Job instance at 0x7f83199cb910>,38,14,[9 5],39,109,123,70,94
1,<environment.Job instance at 0x7f8319a17d70>,42,3,[3 7],43,123,126,80,104
1,<environment.Job instance at 0x7f8319a17cd0>,43,15,[5 2],44,123,138,79,109
1,<environment.Job instance at 0x7f8319ccc730>,0,1,[5 8],1,1,2,0,1
1,<environment.Job instance at 0x7f83628e4b90>,3,2,[7 3],4,4,6,0,4
1,<environment.Job instance at 0x7f8319cce370>,4,3,[4 6],5,6,9,1,5
1,<environment.Job instance at 0x7f83199f1960>,7,1,[2 9],8,9,10,1,8
1,<environment.Job instance at 0x7f83199f1640>,9,12,[9 3],10,13,25,3,13
1,<environment.Job instance at 0x7f83199f1af0>,13,2,[8 3],14,25,27,11,14
1,<environment.Job instance at 0x7f83199f10a0>,11,17,[10  2],12,27,44,15,16
1,<environment.Job instance at 0x7f83199f1f50>,15,1,[6 2],16,44,45,28,17
1,<environment.Job instance at 0x7f83199f1cd0>,17,1,[9 1],18,45,46,27,18
1,<environment.Job instance at 0x7f83199f13c0>,19,2,[9 4],20,46,48,26,20
1,<environment.Job instance at 0x7f8319d6d410>,21,14,[1 6],22,44,58,22,29
1,<environment.Job instance at 0x7f8319d6da00>,23,14,[7 5],24,58,72,34,43
1,<environment.Job instance at 0x7f8319d6d1e0>,24,3,[9 2],25,48,51,23,43
1,<environment.Job instance at 0x7f83199e9910>,30,3,[5 6],31,72,75,41,53
1,<environment.Job instance at 0x7f83199e9f50>,25,14,[10  2],26,75,89,49,61
1,<environment.Job instance at 0x7f83199e9140>,36,12,[ 3 10],37,89,101,52,72
1,<environment.Job instance at 0x7f83198655f0>,44,16,[9 4],45,101,117,56,89
1,<environment.Job instance at 0x7f8319865230>,47,16,[9 2],48,117,133,69,105
1,<environment.Job instance at 0x7f8319865e60>,49,13,[6 3],50,133,146,83,118
1,<environment.Job instance at 0x7f8319da5370>,53,1,[ 4 10],54,146,147,92,124
1,<environment.Job instance at 0x7f8319da5910>,54,3,[4 7],55,133,136,78,124
1,<environment.Job instance at 0x7f8319da5640>,55,1,[10  1],56,147,148,91,124
1,<environment.Job instance at 0x7f8319dec690>,57,3,[1 6],58,136,139,78,131
1,<environment.Job instance at 0x7f8319deca00>,58,18,[6 3],59,148,166,89,137
1,<environment.Job instance at 0x7f8319865190>,40,18,[4 5],41,148,166,107,143
1,<environment.Job instance at 0x7f83199f1aa0>,1,2,[9 5],2,7,9,5,7
1,<environment.Job instance at 0x7f83199f1320>,2,2,[9 3],3,9,11,6,7
1,<environment.Job instance at 0x7f8319d21dc0>,9,3,[5 1],10,11,14,1,10
1,<environment.Job instance at 0x7f835fa12b40>,6,16,[7 4],7,25,41,18,25
1,<environment.Job instance at 0x7f8319d09320>,14,14,[5 5],15,41,55,26,26
1,<environment.Job instance at 0x7f8319d09640>,19,1,[5 4],20,41,42,21,31
1,<environment.Job instance at 0x7f8319d09a50>,23,2,[4 7],24,55,57,31,52
1,<environment.Job instance at 0x7f8319d09aa0>,24,12,[7 2],25,57,69,32,52
1,<environment.Job instance at 0x7f8319d09be0>,25,2,[1 5],26,53,55,27,53
1,<environment.Job instance at 0x7f8319d09f50>,28,15,[3 6],29,57,72,28,53
1,<environment.Job instance at 0x7f8319d09fa0>,29,3,[4 7],30,72,75,42,53
1,<environment.Job instance at 0x7f8319d04410>,31,15,[8 4],32,75,90,43,62
1,<environment.Job instance at 0x7f8319d04460>,34,2,[8 5],35,90,92,55,63
1,<environment.Job instance at 0x7f8319d04500>,35,1,[8 1],36,92,93,56,65
1,<environment.Job instance at 0x7f8319d095a0>,18,18,[4 5],19,93,111,74,86
1,<environment.Job instance at 0x7f8319d21f50>,8,18,[4 6],9,111,129,102,102
1,<environment.Job instance at 0x7f8319d041e0>,50,18,[6 1],51,111,129,60,111
1,<environment.Job instance at 0x7f8319d122d0>,51,2,[1 5],52,129,131,77,111
1,<environment.Job instance at 0x7f8319d04f50>,48,13,[8 5],49,129,142,80,118
1,<environment.Job instance at 0x7f8319d12870>,53,3,[9 5],54,142,145,88,118
1,<environment.Job instance at 0x7f8319d123c0>,52,18,[8 2],53,145,163,92,136
1,<environment.Job instance at 0x7f8319d12a00>,57,14,[ 1 10],58,461,475,403,461
1,<environment.Job instance at 0x7f836205f190>,3,2,[5 1],4,4,6,0,4
1,<environment.Job instance at 0x7f8319d12a00>,5,13,[6 4],6,6,19,0,6
1,<environment.Job instance at 0x7f836205f8c0>,6,2,[5 5],7,19,21,12,7
1,<environment.Job instance at 0x7f836205f370>,10,1,[ 1 10],11,21,22,10,11
1,<environment.Job instance at 0x7f836205f960>,0,15,[8 2],1,22,37,21,12
1,<environment.Job instance at 0x7f8319ccee10>,17,1,[8 5],18,37,38,19,19
1,<environment.Job instance at 0x7f8319cce0a0>,18,2,[2 6],19,22,24,3,19
1,<environment.Job instance at 0x7f836205f780>,4,17,[9 4],5,38,55,33,26
1,<environment.Job instance at 0x7f8319ccec80>,23,3,[2 5],24,31,34,7,31
1,<environment.Job instance at 0x7f8319edc140>,25,12,[2 6],26,55,67,29,38
1,<environment.Job instance at 0x7f8319cce550>,14,15,[5 1],15,55,70,40,44
1,<environment.Job instance at 0x7f836205fc30>,8,17,[3 6],9,67,84,58,55
1,<environment.Job instance at 0x7f835f7b18c0>,32,3,[7 1],33,70,73,37,55
1,<environment.Job instance at 0x7f8319edc370>,29,15,[ 3 10],30,97,112,67,97
1,<environment.Job instance at 0x7f835f7a2be0>,37,1,[4 5],38,112,113,74,97
1,<environment.Job instance at 0x7f835f7a2b90>,38,1,[2 9],39,113,114,74,97
1,<environment.Job instance at 0x7f835f7a2730>,40,15,[7 1],41,113,128,72,99
1,<environment.Job instance at 0x7f836205ff00>,9,15,[ 5 10],10,128,143,118,114
1,<environment.Job instance at 0x7f835f7a2870>,45,12,[ 4 10],46,143,155,97,128
1,<environment.Job instance at 0x7f835f7a27d0>,49,16,[5 4],50,155,171,105,143
1,<environment.Job instance at 0x7f835f7a2500>,50,14,[8 3],51,171,185,120,156
1,<environment.Job instance at 0x7f83199f1230>,54,18,[3 6],55,185,203,130,174
1,<environment.Job instance at 0x7f83198baa00>,5,3,[3 8],6,6,9,0,6
1,<environment.Job instance at 0x7f8319addc80>,9,2,[8 2],10,24,26,14,24
1,<environment.Job instance at 0x7f8319add640>,10,2,[1 7],11,24,26,13,24
1,<environment.Job instance at 0x7f8319adda50>,11,1,[ 4 10],12,26,27,14,24
1,<environment.Job instance at 0x7f8319cdb460>,14,1,[3 8],15,27,28,12,24
1,<environment.Job instance at 0x7f835f9df1e0>,13,2,[5 7],14,28,30,14,24
1,<environment.Job instance at 0x7f8319add960>,8,18,[1 5],9,30,48,21,24
1,<environment.Job instance at 0x7f8319e8fa00>,16,3,[2 8],17,48,51,31,25
1,<environment.Job instance at 0x7f8319e8f6e0>,18,2,[6 3],19,30,32,11,25
1,<environment.Job instance at 0x7f8319e8f320>,17,1,[5 5],18,32,33,14,26
1,<environment.Job instance at 0x7f835f49d190>,19,3,[7 2],20,33,36,13,28
1,<environment.Job instance at 0x7f8361e3bdc0>,20,14,[7 5],21,51,65,30,36
1,<environment.Job instance at 0x7f835f6e1870>,23,2,[5 5],24,36,38,12,36
1,<environment.Job instance at 0x7f8319873b40>,24,1,[7 4],25,38,39,13,36
1,<environment.Job instance at 0x7f835f4989b0>,26,3,[6 3],27,40,43,13,40
1,<environment.Job instance at 0x7f835f567050>,21,3,[1 6],22,65,68,43,44
1,<environment.Job instance at 0x7f8319873d20>,29,3,[5 5],30,45,48,15,45
1,<environment.Job instance at 0x7f835f6a6d70>,27,12,[5 8],28,68,80,40,51
1,<environment.Job instance at 0x7f836204f5f0>,31,3,[9 4],32,65,68,33,51
1,<environment.Job instance at 0x7f835f45bcd0>,36,12,[8 3],37,80,92,43,68
1,<environment.Job instance at 0x7f835f45b870>,37,15,[2 9],38,92,107,54,78
1,<environment.Job instance at 0x7f83198ba410>,1,17,[7 5],2,107,124,105,96
1,<environment.Job instance at 0x7f835f5975a0>,50,18,[3 5],51,111,129,60,111
1,<environment.Job instance at 0x7f835f44efa0>,51,3,[7 3],52,124,127,72,111
1,<environment.Job instance at 0x7f835f54cf50>,55,13,[ 1 10],56,129,142,73,114
1,<environment.Job instance at 0x7f835f5fb8c0>,49,17,[9 1],50,142,159,92,140
1,<environment.Job instance at 0x7f835f5fb8c0>,4,2,[2 5],5,5,7,0,5
1,<environment.Job instance at 0x7f8319caf280>,5,14,[7 4],6,9,23,3,9
1,<environment.Job instance at 0x7f8319caf7d0>,11,13,[4 5],12,23,36,11,12
1,<environment.Job instance at 0x7f8319cafc30>,18,16,[6 3],19,23,39,4,21
1,<environment.Job instance at 0x7f8319cb2050>,19,14,[5 7],20,39,53,19,25
1,<environment.Job instance at 0x7f8319cb2550>,23,14,[2 7],24,53,67,29,38
1,<environment.Job instance at 0x7f8319cafa50>,15,12,[ 1 10],16,67,79,51,50
1,<environment.Job instance at 0x7f8319cb2a50>,32,3,[ 4 10],33,79,82,46,53
1,<environment.Job instance at 0x7f8319cb2960>,34,3,[6 1],35,53,56,18,53
1,<environment.Job instance at 0x7f83626ae870>,0,13,[5 6],1,82,95,81,67
1,<environment.Job instance at 0x7f8319cb2dc0>,36,18,[4 6],37,95,113,58,88
1,<environment.Job instance at 0x7f8319cb6550>,40,12,[8 5],41,113,125,72,96
1,<environment.Job instance at 0x7f8319cb6780>,45,16,[6 3],46,125,141,79,112
1,<environment.Job instance at 0x7f8319cb68c0>,51,3,[ 4 10],52,141,144,89,140
1,<environment.Job instance at 0x7f8319cbb190>,53,1,[3 5],54,146,147,92,146
1,<environment.Job instance at 0x7f8319cbb230>,55,2,[6 3],56,150,152,94,150
1,<environment.Job instance at 0x7f8319cbb320>,56,2,[3 8],57,152,154,95,150
1,<environment.Job instance at 0x7f835f680cd0>,6,3,[9 3],7,7,10,0,7
1,<environment.Job instance at 0x7f835f680e60>,9,1,[10  3],10,10,11,0,10
1,<environment.Job instance at 0x7f8319cbb4b0>,3,12,[1 8],4,12,24,8,12
1,<environment.Job instance at 0x7f8319cbb320>,8,14,[10  3],9,24,38,15,14
1,<environment.Job instance at 0x7f835fa38d70>,16,3,[2 7],17,38,41,21,24
1,<environment.Job instance at 0x7f836236fd70>,18,3,[5 8],19,41,44,22,27
1,<environment.Job instance at 0x7f8319d72be0>,19,15,[9 5],20,44,59,24,30
1,<environment.Job instance at 0x7f8361fb2eb0>,24,12,[6 4],25,59,71,34,42
1,<environment.Job instance at 0x7f8319d91c30>,30,12,[2 5],31,59,71,28,53
1,<environment.Job instance at 0x7f835f6d5140>,31,16,[6 5],32,71,87,39,58
1,<environment.Job instance at 0x7f8361fac280>,34,1,[5 8],35,87,88,52,59
1,<environment.Job instance at 0x7f831999d730>,35,12,[2 9],36,88,100,52,72
1,<environment.Job instance at 0x7f835faa1f50>,37,2,[2 8],38,100,102,62,73
1,<environment.Job instance at 0x7f8361fac1e0>,36,14,[3 9],37,102,116,65,91
1,<environment.Job instance at 0x7f835f5239b0>,46,16,[5 5],47,116,132,69,103
1,<environment.Job instance at 0x7f835f523140>,50,14,[6 4],51,132,146,81,118
1,<environment.Job instance at 0x7f835f5230a0>,51,18,[3 6],52,132,150,80,121
1,<environment.Job instance at 0x7f83197db9b0>,56,2,[5 1],57,124,126,67,124
1,<environment.Job instance at 0x7f83197db0a0>,57,2,[4 5],58,126,128,68,124
1,<environment.Job instance at 0x7f835f90db90>,4,1,[5 7],5,5,6,0,5
1,<environment.Job instance at 0x7f835f90deb0>,3,15,[6 3],4,7,22,3,7
1,<environment.Job instance at 0x7f835f9e06e0>,10,1,[6 3],11,22,23,11,13
1,<environment.Job instance at 0x7f835f3fe780>,13,2,[5 6],14,36,38,22,36
1,<environment.Job instance at 0x7f8319d957d0>,14,2,[2 5],15,38,40,23,36
1,<environment.Job instance at 0x7f835f3fee60>,15,3,[6 5],16,38,41,22,36
1,<environment.Job instance at 0x7f8361ced550>,12,18,[5 1],13,41,59,28,36
1,<environment.Job instance at 0x7f8361c471e0>,16,3,[8 2],17,59,62,42,36
1,<environment.Job instance at 0x7f836211d1e0>,21,1,[8 5],22,62,63,40,39
1,<environment.Job instance at 0x7f836211d3c0>,22,15,[1 6],23,41,56,18,39
1,<environment.Job instance at 0x7f8361c475f0>,17,13,[7 3],18,63,76,45,48
1,<environment.Job instance at 0x7f835f9e05f0>,8,17,[10  3],9,76,93,67,64
1,<environment.Job instance at 0x7f835f388690>,1,14,[5 8],2,93,107,91,78
1,<environment.Job instance at 0x7f835f5b5910>,29,14,[10  1],30,107,121,77,98
1,<environment.Job instance at 0x7f8319cc1c80>,34,12,[8 4],35,121,133,86,104
1,<environment.Job instance at 0x7f8319f33050>,37,14,[6 2],38,133,147,95,119
1,<environment.Job instance at 0x7f8319b8f6e0>,31,14,[10  4],32,147,161,115,134
1,<environment.Job instance at 0x7f8319c2ee10>,40,12,[8 1],41,161,173,120,144
1,<environment.Job instance at 0x7f8319dd1be0>,45,2,[4 7],46,173,175,127,146
1,<environment.Job instance at 0x7f8319c2e960>,42,18,[5 1],43,173,191,130,170
1,<environment.Job instance at 0x7f8319dd1d20>,50,3,[4 8],51,175,178,124,171
1,<environment.Job instance at 0x7f835fa009b0>,52,3,[9 1],53,191,194,138,171
1,<environment.Job instance at 0x7f835f40dc80>,57,2,[8 4],58,194,196,136,176
1,<environment.Job instance at 0x7f8319c1c140>,58,1,[6 3],59,196,197,137,176
1,<environment.Job instance at 0x7f836211dcd0>,19,15,[ 1 10],20,361,376,341,361
1,<environment.Job instance at 0x7f8361f13640>,1,13,[1 7],2,5,18,3,5
1,<environment.Job instance at 0x7f8319be45f0>,0,3,[9 5],1,18,21,17,9
1,<environment.Job instance at 0x7f8319c4e9b0>,6,12,[7 1],7,21,33,14,12
1,<environment.Job instance at 0x7f8319c4ef50>,13,3,[6 2],14,33,36,19,17
1,<environment.Job instance at 0x7f8319c4efa0>,12,3,[6 4],13,36,39,23,17
1,<environment.Job instance at 0x7f8319c24320>,17,1,[9 4],18,39,40,21,18
1,<environment.Job instance at 0x7f8319c247d0>,19,14,[3 7],20,21,35,1,21
1,<environment.Job instance at 0x7f8319be46e0>,2,13,[4 8],3,40,53,37,24
1,<environment.Job instance at 0x7f8319c24a50>,21,3,[5 5],22,53,56,31,27
1,<environment.Job instance at 0x7f8319c24d20>,25,3,[5 5],26,53,56,27,33
1,<environment.Job instance at 0x7f8319c24e60>,27,2,[7 2],28,56,58,28,33
1,<environment.Job instance at 0x7f8319c5e280>,28,3,[10  4],29,58,61,29,39
1,<environment.Job instance at 0x7f8319c5e0a0>,29,1,[ 2 10],30,61,62,31,39
1,<environment.Job instance at 0x7f8319c5e410>,31,2,[5 1],32,40,42,8,40
1,<environment.Job instance at 0x7f8319c5e0f0>,32,14,[6 5],33,62,76,29,47
1,<environment.Job instance at 0x7f8319c5e9b0>,37,13,[9 4],38,76,89,38,61
1,<environment.Job instance at 0x7f8319c5ea50>,38,1,[ 3 10],39,89,90,50,61
1,<environment.Job instance at 0x7f8319c5eeb0>,40,15,[4 5],41,90,105,49,76
1,<environment.Job instance at 0x7f8319c5ef00>,44,3,[6 1],45,90,93,45,87
1,<environment.Job instance at 0x7f8319c3c280>,45,16,[4 5],46,93,109,47,87
1,<environment.Job instance at 0x7f8319c5ed70>,39,17,[5 9],40,109,126,69,99
1,<environment.Job instance at 0x7f8319c3c550>,49,18,[7 3],50,126,144,76,115
1,<environment.Job instance at 0x7f8319c3c7d0>,53,12,[4 6],54,144,156,90,127
1,<environment.Job instance at 0x7f8319c3c870>,54,3,[6 4],55,144,147,89,127
1,<environment.Job instance at 0x7f8319c3c910>,55,13,[2 6],56,127,140,71,127
1,<environment.Job instance at 0x7f8319c3cb90>,57,1,[3 6],58,140,141,82,128
1,<environment.Job instance at 0x7f8319c3cc80>,58,3,[8 2],59,156,159,97,130
1,<environment.Job instance at 0x7f8319c3cc80>,5,1,[9 5],6,6,7,0,6
1,<environment.Job instance at 0x7f8362155910>,8,18,[1 9],9,11,29,2,11
1,<environment.Job instance at 0x7f8319c51dc0>,13,12,[6 2],14,29,41,15,14
1,<environment.Job instance at 0x7f8319c51f00>,15,16,[5 3],16,41,57,25,28
1,<environment.Job instance at 0x7f8319c51d20>,19,13,[3 6],20,38,51,18,38
1,<environment.Job instance at 0x7f8319c511e0>,21,14,[4 6],22,51,65,29,38
1,<environment.Job instance at 0x7f8362155cd0>,9,15,[6 3],10,57,72,47,43
1,<environment.Job instance at 0x7f8319c51cd0>,14,17,[9 5],15,72,89,57,60
1,<environment.Job instance at 0x7f835f94aa50>,34,14,[7 4],35,89,103,54,78
1,<environment.Job instance at 0x7f8362155f50>,2,18,[5 9],3,103,121,100,93
1,<environment.Job instance at 0x7f835f52cb40>,41,3,[8 4],42,121,124,79,95
1,<environment.Job instance at 0x7f835fac9a00>,44,18,[4 7],45,124,142,79,113
1,<environment.Job instance at 0x7f835fac9e10>,47,13,[8 2],48,142,155,94,126
1,<environment.Job instance at 0x7f83196f46e0>,27,17,[4 9],28,160,177,132,160
1,<environment.Job instance at 0x7f835fac92d0>,53,16,[4 9],54,177,193,123,169
1,<environment.Job instance at 0x7f835f558af0>,4,17,[6 5],5,7,24,2,7
1,<environment.Job instance at 0x7f8319d797d0>,2,3,[9 1],3,24,27,21,9
1,<environment.Job instance at 0x7f835f4d6f50>,1,2,[2 6],2,27,29,25,9
1,<environment.Job instance at 0x7f8319cdc230>,11,14,[7 1],12,27,41,15,14
1,<environment.Job instance at 0x7f8319cdcf00>,13,3,[5 8],14,41,44,27,18
1,<environment.Job instance at 0x7f8362209a50>,14,1,[6 1],15,44,45,29,18
1,<environment.Job instance at 0x7f8362209780>,15,3,[1 5],16,18,21,2,18
1,<environment.Job instance at 0x7f8319cdcd20>,9,15,[5 2],10,45,60,35,32
1,<environment.Job instance at 0x7f8362025e10>,19,1,[10  3],20,60,61,40,45
1,<environment.Job instance at 0x7f8362025910>,20,16,[5 1],21,61,77,40,48
1,<environment.Job instance at 0x7f8362025d70>,22,17,[4 5],23,61,78,38,54
1,<environment.Job instance at 0x7f8362025190>,21,16,[ 2 10],22,78,94,56,66
1,<environment.Job instance at 0x7f8362025140>,27,18,[10  5],28,94,112,66,83
1,<environment.Job instance at 0x7f8362025e60>,33,15,[7 2],34,112,127,78,98
1,<environment.Job instance at 0x7f83198b7690>,38,14,[1 7],39,112,126,73,101
1,<environment.Job instance at 0x7f83198b7550>,41,18,[4 8],42,127,145,85,118
1,<environment.Job instance at 0x7f83199a8870>,45,13,[1 5],46,145,158,99,129
1,<environment.Job instance at 0x7f83199a80f0>,47,2,[6 4],48,145,147,97,143
1,<environment.Job instance at 0x7f83199a8a00>,48,14,[8 3],49,147,161,98,144
1,<environment.Job instance at 0x7f83199a89b0>,49,14,[9 5],50,161,175,111,146
1,<environment.Job instance at 0x7f83199a8820>,52,18,[9 4],53,175,193,122,169
1,<environment.Job instance at 0x7f83199a8280>,53,18,[ 4 10],54,193,211,139,186
1,<environment.Job instance at 0x7f835fa34870>,56,12,[6 3],57,211,223,154,194
1,<environment.Job instance at 0x7f835f5e3960>,0,1,[4 8],1,2,3,1,2
1,<environment.Job instance at 0x7f835f872640>,2,3,[5 2],3,5,8,2,5
1,<environment.Job instance at 0x7f835fa34b40>,3,2,[2 5],4,6,8,2,6
1,<environment.Job instance at 0x7f8319975230>,5,16,[4 6],6,14,30,8,14
1,<environment.Job instance at 0x7f83199757d0>,9,16,[2 8],10,30,46,20,20
1,<environment.Job instance at 0x7f83199831e0>,17,14,[5 5],18,46,60,28,31
1,<environment.Job instance at 0x7f8319983b40>,22,3,[3 8],23,60,63,37,42
1,<environment.Job instance at 0x7f8319865fa0>,4,15,[ 2 10],5,63,78,58,49
1,<environment.Job instance at 0x7f835f7c2d20>,15,17,[7 4],16,78,95,62,66
1,<environment.Job instance at 0x7f835f943cd0>,27,16,[1 5],28,78,94,50,66
1,<environment.Job instance at 0x7f8319983820>,24,17,[3 6],25,94,111,69,83
1,<environment.Job instance at 0x7f8319996f00>,33,13,[6 5],34,111,124,77,95
1,<environment.Job instance at 0x7f8361bad230>,34,13,[5 4],35,95,108,60,95
1,<environment.Job instance at 0x7f8319a100f0>,35,15,[9 1],36,124,139,88,110
1,<environment.Job instance at 0x7f835f930460>,42,17,[1 7],43,124,141,81,117
1,<environment.Job instance at 0x7f8319996d70>,32,15,[3 8],33,141,156,108,127
1,<environment.Job instance at 0x7f8361bb5e10>,45,16,[1 6],46,156,172,110,143
1,<environment.Job instance at 0x7f8319b19b90>,48,14,[5 4],49,156,170,107,143
1,<environment.Job instance at 0x7f835f919140>,30,13,[9 3],31,170,183,139,157
1,<environment.Job instance at 0x7f8319a17aa0>,55,3,[1 6],56,172,175,116,159
1,<environment.Job instance at 0x7f8319a170a0>,57,1,[5 7],58,183,184,125,159
1,<environment.Job instance at 0x7f8319b227d0>,58,16,[2 7],59,184,200,125,171
1,<environment.Job instance at 0x7f8361da95a0>,4,3,[3 5],5,5,8,0,5
1,<environment.Job instance at 0x7f8361e14870>,0,3,[7 3],1,7,10,6,7
1,<environment.Job instance at 0x7f831985b460>,8,1,[ 1 10],9,10,11,1,9
1,<environment.Job instance at 0x7f83199ab3c0>,9,2,[3 6],10,11,13,1,11
1,<environment.Job instance at 0x7f8365b04f50>,1,13,[ 3 10],2,13,26,11,13
1,<environment.Job instance at 0x7f835f9fb690>,14,3,[8 2],15,26,29,11,15
1,<environment.Job instance at 0x7f8319f04aa0>,16,3,[8 5],17,29,32,12,18
1,<environment.Job instance at 0x7f835f9fb140>,17,12,[5 4],18,32,44,14,18
1,<environment.Job instance at 0x7f8319aff320>,18,14,[8 1],19,44,58,25,29
1,<environment.Job instance at 0x7f83199ab2d0>,10,16,[5 9],11,58,74,47,45
1,<environment.Job instance at 0x7f835f8bcaa0>,26,1,[9 4],27,74,75,47,67
1,<environment.Job instance at 0x7f835f8425f0>,27,3,[3 8],28,75,78,47,67
1,<environment.Job instance at 0x7f835f8bcaf0>,29,13,[ 2 10],30,78,91,48,67
1,<environment.Job instance at 0x7f835f8bca00>,24,14,[10  1],25,91,105,66,77
1,<environment.Job instance at 0x7f8319ce12d0>,36,17,[9 3],37,105,122,68,93
1,<environment.Job instance at 0x7f8319ce1e10>,40,15,[9 1],41,122,137,81,108
1,<environment.Job instance at 0x7f8319ce1960>,42,13,[6 5],43,137,150,94,121
1,<environment.Job instance at 0x7f8319db5690>,45,13,[4 7],46,150,163,104,134
1,<environment.Job instance at 0x7f8361d5cf00>,47,15,[6 1],48,150,165,102,136
1,<environment.Job instance at 0x7f8361fa5640>,51,3,[3 7],52,163,166,111,140
1,<environment.Job instance at 0x7f8361fa5050>,52,2,[5 6],53,166,168,113,140
1,<environment.Job instance at 0x7f8361fa54b0>,53,3,[10  1],54,168,171,114,142
1,<environment.Job instance at 0x7f8361fa5f00>,54,15,[7 5],55,171,186,116,157
1,<environment.Job instance at 0x7f8361d43960>,11,15,[9 5],12,250,265,238,250
1,<environment.Job instance at 0x7f8361f13910>,3,14,[5 5],4,4,18,0,4
1,<environment.Job instance at 0x7f8319c2ecd0>,2,17,[1 9],3,18,35,15,8
1,<environment.Job instance at 0x7f8361f13190>,12,3,[10  5],13,35,38,22,16
1,<environment.Job instance at 0x7f8361f13aa0>,7,16,[5 8],8,38,54,30,25
1,<environment.Job instance at 0x7f835f69d140>,15,12,[ 3 10],16,54,66,38,38
1,<environment.Job instance at 0x7f835f69ddc0>,18,12,[10  1],19,66,78,47,50
1,<environment.Job instance at 0x7f835f69d8c0>,21,2,[5 5],22,78,80,56,51
1,<environment.Job instance at 0x7f835f69d320>,20,16,[9 2],21,80,96,59,68
1,<environment.Job instance at 0x7f835f69d730>,27,17,[8 2],28,96,113,68,84
1,<environment.Job instance at 0x7f835f69dc30>,28,17,[1 6],29,84,101,55,84
1,<environment.Job instance at 0x7f8319c16190>,32,15,[2 9],33,113,128,80,99
1,<environment.Job instance at 0x7f83620dc6e0>,1,18,[3 7],2,128,146,126,119
1,<environment.Job instance at 0x7f835f5115f0>,40,13,[6 4],41,146,159,105,130
1,<environment.Job instance at 0x7f835f511550>,43,18,[ 2 10],44,159,177,115,156
1,<environment.Job instance at 0x7f835f511640>,44,17,[8 3],45,177,194,132,167
1,<environment.Job instance at 0x7f835f511dc0>,47,17,[7 4],48,194,211,146,182
1,<environment.Job instance at 0x7f83198861e0>,49,16,[10  5],50,244,260,194,244
1,<environment.Job instance at 0x7f8361db61e0>,51,16,[5 3],52,260,276,208,247
1,<environment.Job instance at 0x7f8361db6550>,53,3,[1 6],54,260,263,206,247
1,<environment.Job instance at 0x7f8361db60f0>,55,17,[ 2 10],56,334,351,278,334
1,<environment.Job instance at 0x7f8319add140>,5,2,[10  5],6,6,8,0,6
1,<environment.Job instance at 0x7f8319de4730>,9,18,[1 5],10,12,30,2,12
1,<environment.Job instance at 0x7f835f768eb0>,0,18,[9 2],1,12,30,11,12
1,<environment.Job instance at 0x7f8319df8280>,11,12,[6 3],12,30,42,18,14
1,<environment.Job instance at 0x7f8319df8b40>,14,12,[1 8],15,42,54,27,25
1,<environment.Job instance at 0x7f8319df8d20>,17,18,[6 2],18,42,60,24,31
1,<environment.Job instance at 0x7f8319df88c0>,12,16,[10  2],13,60,76,47,47
1,<environment.Job instance at 0x7f8319e13190>,22,15,[7 3],23,76,91,53,62
1,<environment.Job instance at 0x7f8319de5320>,26,2,[8 3],27,91,93,64,70
1,<environment.Job instance at 0x7f8319e1ecd0>,27,3,[2 8],28,93,96,65,70
1,<environment.Job instance at 0x7f8319ed6eb0>,28,13,[3 7],29,76,89,47,70
1,<environment.Job instance at 0x7f8319c0a320>,31,13,[9 4],32,96,109,64,80
1,<environment.Job instance at 0x7f831992ae10>,34,15,[6 4],35,109,124,74,95
1,<environment.Job instance at 0x7f83199503c0>,33,13,[3 7],34,124,137,90,108
1,<environment.Job instance at 0x7f835fa720f0>,48,15,[7 1],49,124,139,75,110
1,<environment.Job instance at 0x7f83199ba0a0>,50,12,[5 9],51,139,151,88,122
1,<environment.Job instance at 0x7f8319de56e0>,18,14,[ 4 10],19,151,165,132,137
1,<environment.Job instance at 0x7f835fa72780>,49,14,[3 8],50,165,179,115,152
1,<environment.Job instance at 0x7f8362116870>,58,14,[6 3],59,179,193,120,164
1,<environment.Job instance at 0x7f8362116910>,57,16,[8 4],58,194,210,136,194
1,<environment.Job instance at 0x7f8361bea280>,51,18,[5 9],52,210,228,158,209
1,<environment.Job instance at 0x7f8362010f50>,5,1,[7 1],6,6,7,0,6
1,<environment.Job instance at 0x7f8361ebb140>,7,1,[2 6],8,8,9,0,8
1,<environment.Job instance at 0x7f835f6c55a0>,8,14,[9 5],9,21,35,12,21
1,<environment.Job instance at 0x7f835f6c5870>,12,1,[5 2],13,35,36,22,25
1,<environment.Job instance at 0x7f835f6c5410>,13,17,[6 4],14,36,53,22,25
1,<environment.Job instance at 0x7f8361f86d70>,17,14,[2 6],18,35,49,17,32
1,<environment.Job instance at 0x7f8319698780>,19,3,[7 1],20,53,56,33,34
1,<environment.Job instance at 0x7f8361d21460>,23,3,[1 6],24,49,52,25,35
1,<environment.Job instance at 0x7f83621faf00>,22,14,[10  1],23,56,70,33,41
1,<environment.Job instance at 0x7f8361f86c80>,16,13,[10  5],17,70,83,53,56
1,<environment.Job instance at 0x7f8319702230>,30,18,[5 4],31,83,101,52,72
1,<environment.Job instance at 0x7f8361f861e0>,14,17,[4 7],15,101,118,86,89
1,<environment.Job instance at 0x7f8362296870>,39,13,[7 2],40,118,131,78,102
1,<environment.Job instance at 0x7f8362296cd0>,40,14,[2 6],41,118,132,77,103
1,<environment.Job instance at 0x7f8362296640>,44,16,[9 2],45,132,148,87,119
1,<environment.Job instance at 0x7f8362062780>,50,3,[9 2],51,148,151,97,139
1,<environment.Job instance at 0x7f8362062690>,51,3,[2 9],52,151,154,99,139
1,<environment.Job instance at 0x7f8362062f00>,52,3,[10  3],53,154,157,101,139
1,<environment.Job instance at 0x7f8362062f50>,49,3,[2 9],50,157,160,107,146
1,<environment.Job instance at 0x7f8362062550>,53,18,[4 5],54,160,178,106,149
1,<environment.Job instance at 0x7f83620625a0>,54,15,[3 5],55,160,175,105,151
1,<environment.Job instance at 0x7f8362062aa0>,57,1,[9 1],58,178,179,120,157
1,<environment.Job instance at 0x7f8362062410>,56,18,[3 9],57,179,197,122,170
1,<environment.Job instance at 0x7f8362062dc0>,55,18,[5 8],56,654,672,598,654
1,<environment.Job instance at 0x7f8361cc07d0>,9,3,[4 5],10,10,13,0,10
1,<environment.Job instance at 0x7f835f6a6460>,11,13,[5 2],12,13,26,1,13
1,<environment.Job instance at 0x7f8361cc0c80>,12,1,[10  2],13,26,27,13,13
1,<environment.Job instance at 0x7f835f6a6280>,13,1,[2 9],14,27,28,13,14
1,<environment.Job instance at 0x7f835f6a6cd0>,14,1,[10  4],15,28,29,13,15
1,<environment.Job instance at 0x7f835f6a69b0>,15,3,[5 7],16,16,19,0,16
1,<environment.Job instance at 0x7f835f6a60a0>,16,1,[1 8],17,19,20,2,17
1,<environment.Job instance at 0x7f835f6a6a50>,17,3,[4 5],18,20,23,2,18
1,<environment.Job instance at 0x7f835f6a6870>,18,14,[7 2],19,29,43,10,19
1,<environment.Job instance at 0x7f835f6a6640>,21,14,[6 1],22,43,57,21,28
1,<environment.Job instance at 0x7f835f6a6690>,23,14,[4 8],24,43,57,19,30
1,<environment.Job instance at 0x7f8362048870>,26,14,[7 5],27,57,71,30,45
1,<environment.Job instance at 0x7f83199851e0>,30,18,[5 5],31,71,89,40,60
1,<environment.Job instance at 0x7f8319985f00>,33,18,[5 2],34,71,89,37,71
1,<environment.Job instance at 0x7f8319985fa0>,34,16,[7 5],35,89,105,54,76
1,<environment.Job instance at 0x7f8319985f50>,41,13,[9 1],42,105,118,63,89
1,<environment.Job instance at 0x7f831970da50>,46,12,[3 5],47,118,130,71,104
1,<environment.Job instance at 0x7f831970d410>,47,3,[8 3],48,130,133,82,104
1,<environment.Job instance at 0x7f831970d780>,49,1,[7 3],50,118,119,68,106
1,<environment.Job instance at 0x7f831970dc80>,50,2,[9 4],51,133,135,82,107
1,<environment.Job instance at 0x7f831970db40>,51,1,[3 8],52,135,136,83,107
1,<environment.Job instance at 0x7f8319985e60>,44,15,[10  2],45,136,151,91,123
1,<environment.Job instance at 0x7f831970db90>,58,3,[9 2],59,151,154,92,130
1,<environment.Job instance at 0x7f831971b550>,0,1,[10  3],1,2,3,1,2
1,<environment.Job instance at 0x7f831970d640>,3,3,[2 6],4,4,7,0,4
1,<environment.Job instance at 0x7f835fa60960>,4,2,[9 2],5,7,9,2,5
1,<environment.Job instance at 0x7f831970d960>,2,17,[5 1],3,10,27,7,10
1,<environment.Job instance at 0x7f8319710140>,9,14,[8 5],10,27,41,17,12
1,<environment.Job instance at 0x7f8319da5b90>,12,17,[1 5],13,13,30,0,13
1,<environment.Job instance at 0x7f836266f780>,22,2,[ 2 10],23,67,69,44,67
1,<environment.Job instance at 0x7f8361e3d410>,23,3,[1 6],24,69,72,45,67
1,<environment.Job instance at 0x7f836266f370>,21,14,[8 4],22,69,83,47,68
1,<environment.Job instance at 0x7f83623885a0>,25,3,[10  3],26,83,86,57,68
1,<environment.Job instance at 0x7f8362388910>,27,3,[5 6],28,86,89,58,71
1,<environment.Job instance at 0x7f8361b73550>,20,18,[5 4],21,86,104,65,78
1,<environment.Job instance at 0x7f8361dc0dc0>,30,12,[2 6],31,89,101,58,79
1,<environment.Job instance at 0x7f8361dc0870>,31,2,[6 2],32,104,106,72,79
1,<environment.Job instance at 0x7f8361dc9fa0>,35,13,[5 5],36,106,119,70,93
1,<environment.Job instance at 0x7f8361dc9780>,36,18,[1 5],37,101,119,64,93
1,<environment.Job instance at 0x7f8361dc95f0>,38,17,[7 5],39,119,136,80,107
1,<environment.Job instance at 0x7f8361da37d0>,41,16,[2 5],42,119,135,77,115
1,<environment.Job instance at 0x7f8361da3be0>,45,15,[5 4],46,136,151,90,122
1,<environment.Job instance at 0x7f8361dc27d0>,48,2,[7 5],49,151,153,102,135
1,<environment.Job instance at 0x7f8361dc06e0>,34,13,[5 8],35,153,166,118,138
1,<environment.Job instance at 0x7f8361dc2500>,51,18,[4 9],52,166,184,114,155
1,<environment.Job instance at 0x7f8361da7aa0>,58,12,[1 9],59,184,196,125,167
1,<environment.Job instance at 0x7f835f5980a0>,55,14,[ 3 10],56,287,301,231,287
1,<environment.Job instance at 0x7f487d8c1690>,7,1,[5 4],8,8,9,0,8
1,<environment.Job instance at 0x7f487d8c1780>,8,13,[5 5],9,10,23,1,10
1,<environment.Job instance at 0x7f487d8c1460>,10,12,[3 7],11,23,35,12,12
1,<environment.Job instance at 0x7f4884cd1140>,5,2,[1 5],6,35,37,29,22
1,<environment.Job instance at 0x7f487d8c1eb0>,17,3,[4 9],18,37,40,19,25
1,<environment.Job instance at 0x7f487d8c1f00>,19,14,[3 5],20,40,54,20,25
1,<environment.Job instance at 0x7f4884cd1190>,0,13,[9 3],1,54,67,53,50
1,<environment.Job instance at 0x7f487d8c4730>,26,3,[3 7],27,67,70,40,50
1,<environment.Job instance at 0x7f487d8c4a00>,25,12,[ 5 10],26,70,82,44,53
1,<environment.Job instance at 0x7f487d8c4c80>,30,14,[5 2],31,82,96,51,67
1,<environment.Job instance at 0x7f487d8c4d20>,31,14,[2 5],32,82,96,50,67
1,<environment.Job instance at 0x7f487d8c4dc0>,32,3,[5 1],33,67,70,34,67
1,<environment.Job instance at 0x7f487d8c4e60>,33,14,[5 5],34,96,110,62,81
1,<environment.Job instance at 0x7f487d8c5280>,39,2,[5 6],40,110,112,70,83
1,<environment.Job instance at 0x7f487d8c5500>,43,18,[5 5],44,112,130,68,101
1,<environment.Job instance at 0x7f487d8c5820>,48,15,[10  1],49,130,145,81,121
1,<environment.Job instance at 0x7f487d8c58c0>,49,16,[2 5],50,145,161,95,132
1,<environment.Job instance at 0x7f487d8c5320>,40,15,[10  3],41,161,176,120,151
1,<environment.Job instance at 0x7f4884cf8500>,1,2,[5 1],2,2,4,0,2
1,<environment.Job instance at 0x7f487d8c5e60>,2,2,[5 9],3,4,6,1,4
1,<environment.Job instance at 0x7f4884cf8a00>,8,12,[10  2],9,11,23,2,11
1,<environment.Job instance at 0x7f487d8c5f00>,3,13,[6 3],4,23,36,19,12
1,<environment.Job instance at 0x7f4884cfb500>,10,14,[2 6],11,23,37,12,13
1,<environment.Job instance at 0x7f4884cfb410>,9,13,[9 4],10,37,50,27,23
1,<environment.Job instance at 0x7f4884e41780>,19,14,[5 3],20,50,64,30,35
1,<environment.Job instance at 0x7f4884e41910>,24,3,[4 5],25,50,53,25,35
1,<environment.Job instance at 0x7f4884e4a820>,28,2,[5 2],29,53,55,24,41
1,<environment.Job instance at 0x7f4884e37c80>,14,18,[3 7],15,55,73,40,44
1,<environment.Job instance at 0x7f4884e379b0>,12,16,[ 4 10],13,73,89,60,61
1,<environment.Job instance at 0x7f4884e4a960>,32,16,[3 9],33,89,105,56,76
1,<environment.Job instance at 0x7f4884e4a870>,34,15,[1 9],35,105,120,70,91
1,<environment.Job instance at 0x7f4884e4a370>,31,18,[ 1 10],32,120,138,88,111
1,<environment.Job instance at 0x7f4884cf9410>,40,3,[6 5],41,138,141,97,112
1,<environment.Job instance at 0x7f4884e44fa0>,45,16,[7 5],46,141,157,95,128
1,<environment.Job instance at 0x7f4884e44460>,48,1,[3 6],49,157,158,108,130
1,<environment.Job instance at 0x7f4839be4c30>,2,3,[4 7],3,3,6,0,3
1,<environment.Job instance at 0x7f4884e443c0>,4,2,[2 7],5,6,8,1,5
1,<environment.Job instance at 0x7f4839be4870>,8,1,[4 6],9,11,12,2,11
1,<environment.Job instance at 0x7f4839be4cd0>,10,2,[3 8],11,12,14,1,12
1,<environment.Job instance at 0x7f4839be4370>,9,12,[4 9],10,14,26,4,12
1,<environment.Job instance at 0x7f4839be4960>,12,14,[1 8],13,26,40,13,13
1,<environment.Job instance at 0x7f4839bd20a0>,13,3,[1 9],14,40,43,26,14
1,<environment.Job instance at 0x7f4839bd2eb0>,21,15,[1 7],22,43,58,21,29
1,<environment.Job instance at 0x7f4839bd2d70>,22,3,[3 7],23,58,61,35,32
1,<environment.Job instance at 0x7f4839b6fbe0>,23,15,[5 2],24,43,58,19,33
1,<environment.Job instance at 0x7f4839b6faf0>,24,3,[6 4],25,61,64,36,35
1,<environment.Job instance at 0x7f4839b6f550>,26,2,[8 1],27,37,39,10,37
1,<environment.Job instance at 0x7f4839b6f320>,27,2,[10  2],28,64,66,36,37
1,<environment.Job instance at 0x7f4839b6f4b0>,29,14,[3 6],30,66,80,36,51
1,<environment.Job instance at 0x7f4839b6f050>,32,1,[6 4],33,66,67,33,52
1,<environment.Job instance at 0x7f4839b6f6e0>,30,2,[9 5],31,80,82,49,55
1,<environment.Job instance at 0x7f4839b6fe10>,33,18,[6 5],34,82,100,48,71
1,<environment.Job instance at 0x7f4839c33eb0>,40,1,[5 8],41,100,101,59,95
1,<environment.Job instance at 0x7f4839b6fb90>,35,16,[ 2 10],36,101,117,65,95
1,<environment.Job instance at 0x7f4839c331e0>,43,2,[7 3],44,117,119,73,95
1,<environment.Job instance at 0x7f4839c33410>,44,3,[4 6],45,119,122,74,95
1,<environment.Job instance at 0x7f4839c33f00>,45,2,[5 2],46,119,121,73,95
1,<environment.Job instance at 0x7f4839b0a460>,49,12,[9 3],50,122,134,72,105
1,<environment.Job instance at 0x7f4839b0a5f0>,50,18,[10  3],51,134,152,83,123
1,<environment.Job instance at 0x7f4839bc51e0>,56,14,[5 5],57,152,166,95,137
1,<environment.Job instance at 0x7f4839bc5820>,60,13,[10  5],61,166,179,105,151
1,<environment.Job instance at 0x7f4839bc5b90>,62,14,[2 7],63,179,193,116,164
1,<environment.Job instance at 0x7f4839bc5a50>,64,3,[9 2],65,193,196,128,168
1,<environment.Job instance at 0x7f4839bc59b0>,65,14,[10  2],66,196,210,130,181
1,<environment.Job instance at 0x7f4839c975f0>,4,16,[7 2],5,5,21,0,5
1,<environment.Job instance at 0x7f4839c974b0>,5,2,[5 5],6,21,23,15,6
1,<environment.Job instance at 0x7f4839c97f00>,3,2,[5 6],4,23,25,19,6
1,<environment.Job instance at 0x7f483a090cd0>,15,1,[3 8],16,17,18,1,17
1,<environment.Job instance at 0x7f483a090af0>,16,14,[10  1],17,25,39,8,17
1,<environment.Job instance at 0x7f4839c971e0>,6,12,[ 3 10],7,39,51,32,25
1,<environment.Job instance at 0x7f483a090410>,20,13,[7 4],21,51,64,30,36
1,<environment.Job instance at 0x7f4884cfa780>,23,1,[ 4 10],24,64,65,40,37
1,<environment.Job instance at 0x7f4884cfafa0>,24,3,[4 7],25,65,68,40,39
1,<environment.Job instance at 0x7f4884cfad70>,25,1,[10  1],26,68,69,42,40
1,<environment.Job instance at 0x7f4884cfadc0>,28,18,[6 3],29,69,87,40,58
1,<environment.Job instance at 0x7f4884cfa4b0>,32,2,[9 3],33,87,89,54,60
1,<environment.Job instance at 0x7f4884cfa730>,34,16,[7 5],35,89,105,54,76
1,<environment.Job instance at 0x7f4839fcdfa0>,39,3,[5 1],40,105,108,65,83
1,<environment.Job instance at 0x7f4839fcda50>,40,3,[7 3],41,108,111,67,83
1,<environment.Job instance at 0x7f4884cfa5f0>,38,18,[4 6],39,111,129,72,101
1,<environment.Job instance at 0x7f483a0ade10>,47,17,[5 2],48,116,133,68,116
1,<environment.Job instance at 0x7f483a0ad820>,48,18,[4 5],49,129,147,80,118
1,<environment.Job instance at 0x7f4839cf0fa0>,51,1,[ 2 10],52,147,148,95,120
1,<environment.Job instance at 0x7f4839cf08c0>,52,1,[3 9],53,148,149,95,122
1,<environment.Job instance at 0x7f4839cf0280>,53,2,[4 7],54,149,151,95,126
1,<environment.Job instance at 0x7f4839cf0cd0>,55,2,[1 5],56,133,135,77,130
1,<environment.Job instance at 0x7f4839cf0dc0>,56,3,[8 4],57,151,154,94,130
1,<environment.Job instance at 0x7f4839cf05a0>,59,3,[4 7],60,154,157,94,138
1,<environment.Job instance at 0x7f4839cf0460>,58,15,[3 6],59,157,172,98,144
1,<environment.Job instance at 0x7f483a1db640>,64,2,[8 5],65,172,174,107,148
1,<environment.Job instance at 0x7f4839c6fa00>,65,1,[8 1],66,174,175,108,148
1,<environment.Job instance at 0x7f4839c6fa50>,2,2,[2 6],3,3,5,0,3
1,<environment.Job instance at 0x7f4839fb4780>,11,2,[1 5],12,12,14,0,12
1,<environment.Job instance at 0x7f4839fb4320>,8,13,[8 5],9,14,27,5,14
1,<environment.Job instance at 0x7f4839fb4960>,14,2,[7 4],15,27,29,12,15
1,<environment.Job instance at 0x7f4839fb4aa0>,15,17,[4 6],16,29,46,13,17
1,<environment.Job instance at 0x7f4839fb4d20>,16,1,[7 3],17,46,47,29,18
1,<environment.Job instance at 0x7f4839fb4dc0>,18,1,[2 7],19,46,47,27,23
1,<environment.Job instance at 0x7f4839fb4e60>,17,14,[ 1 10],18,47,61,29,33
1,<environment.Job instance at 0x7f4839fb4b90>,21,3,[4 5],22,61,64,39,38
1,<environment.Job instance at 0x7f4839fb4fa0>,20,15,[8 2],21,64,79,43,50
1,<environment.Job instance at 0x7f4839fb10a0>,24,17,[9 4],25,79,96,54,67
1,<environment.Job instance at 0x7f4839fb1730>,31,14,[8 2],32,96,110,64,82
1,<environment.Job instance at 0x7f4839fb15f0>,29,15,[ 5 10],30,110,125,80,96
1,<environment.Job instance at 0x7f4839fc3230>,44,12,[5 9],45,125,137,80,109
1,<environment.Job instance at 0x7f4839fc3550>,46,15,[2 7],47,137,152,90,123
1,<environment.Job instance at 0x7f4839fb40f0>,4,15,[10  4],5,152,167,147,139
1,<environment.Job instance at 0x7f4839fc3690>,49,15,[ 3 10],50,181,196,131,181
1,<environment.Job instance at 0x7f4839fc3e10>,58,1,[2 9],59,196,197,137,195
1,<environment.Job instance at 0x7f4839fc3eb0>,59,13,[4 6],60,197,210,137,195
1,<environment.Job instance at 0x7f4839fc3a50>,60,15,[7 1],61,210,225,149,197
1,<environment.Job instance at 0x7f4839fb70f0>,62,13,[1 6],63,213,226,150,213
1,<environment.Job instance at 0x7f4839fb7190>,63,3,[3 5],64,226,229,162,213
1,<environment.Job instance at 0x7f4839fb73c0>,64,14,[1 5],65,226,240,161,213
1,<environment.Job instance at 0x7f487d6686e0>,5,3,[9 4],6,6,9,0,6
1,<environment.Job instance at 0x7f487d6683c0>,9,3,[ 2 10],10,10,13,0,10
1,<environment.Job instance at 0x7f487d668690>,11,17,[7 5],12,13,30,1,12
1,<environment.Job instance at 0x7f487d668c80>,8,2,[9 4],9,30,32,21,13
1,<environment.Job instance at 0x7f487dc82a00>,13,3,[4 8],14,32,35,18,14
1,<environment.Job instance at 0x7f487d668280>,12,12,[3 8],13,35,47,22,18
1,<environment.Job instance at 0x7f487dc823c0>,17,15,[5 3],18,47,62,29,34
1,<environment.Job instance at 0x7f487dc82690>,19,2,[8 2],20,62,64,42,36
1,<environment.Job instance at 0x7f487dc829b0>,20,2,[1 7],21,47,49,26,36
1,<environment.Job instance at 0x7f487dc82820>,22,3,[10  4],23,64,67,41,38
1,<environment.Job instance at 0x7f487dd666e0>,28,2,[6 3],29,67,69,38,40
1,<environment.Job instance at 0x7f487dd66aa0>,29,3,[7 2],30,40,43,10,40
1,<environment.Job instance at 0x7f487dd66230>,31,3,[1 6],32,49,52,17,41
1,<environment.Job instance at 0x7f487dd66640>,30,14,[7 5],31,69,83,38,54
1,<environment.Job instance at 0x7f487dd66eb0>,37,12,[5 8],38,83,95,45,71
1,<environment.Job instance at 0x7f487d6689b0>,0,14,[8 3],1,95,109,94,84
1,<environment.Job instance at 0x7f4839b54320>,46,12,[8 3],47,109,121,62,93
1,<environment.Job instance at 0x7f4839b54f50>,48,1,[2 6],49,106,107,57,106
1,<environment.Job instance at 0x7f4881e090f0>,44,17,[7 2],45,121,138,76,109
1,<environment.Job instance at 0x7f4839b545a0>,51,17,[2 6],52,111,128,59,111
1,<environment.Job instance at 0x7f4881ecf190>,59,17,[9 1],60,138,155,78,126
1,<environment.Job instance at 0x7f487db898c0>,63,1,[1 7],64,140,141,76,140
1,<environment.Job instance at 0x7f487db892d0>,65,13,[ 1 10],66,155,168,89,140
1,<environment.Job instance at 0x7f487db894b0>,68,14,[4 6],69,168,182,99,154
1,<environment.Job instance at 0x7f487db894b0>,3,13,[4 9],4,6,19,2,6
1,<environment.Job instance at 0x7f4839e66e10>,8,1,[2 8],9,19,20,10,9
1,<environment.Job instance at 0x7f4839b8a230>,6,1,[3 8],7,20,21,13,9
1,<environment.Job instance at 0x7f483a0540f0>,11,13,[4 5],12,21,34,9,14
1,<environment.Job instance at 0x7f4884bc89b0>,18,16,[6 3],19,21,37,2,19
1,<environment.Job instance at 0x7f487d9ba8c0>,21,14,[1 5],22,34,48,12,22
1,<environment.Job instance at 0x7f4881fa2190>,19,14,[5 7],20,48,62,28,34
1,<environment.Job instance at 0x7f4839d25f50>,28,15,[8 5],29,62,77,33,48
1,<environment.Job instance at 0x7f487d84ab90>,36,18,[4 6],37,77,95,40,66
1,<environment.Job instance at 0x7f4882391f50>,0,13,[5 6],1,95,108,94,79
1,<environment.Job instance at 0x7f487d8f7eb0>,20,18,[4 7],21,108,126,87,97
1,<environment.Job instance at 0x7f487d84ac80>,41,3,[9 2],42,126,129,84,100
1,<environment.Job instance at 0x7f487d84a3c0>,42,18,[6 3],43,108,126,65,100
1,<environment.Job instance at 0x7f487d676410>,50,15,[7 5],51,289,304,238,289
1,<environment.Job instance at 0x7f487db87460>,51,3,[ 4 10],52,304,307,252,294
1,<environment.Job instance at 0x7f4839d4c8c0>,53,1,[3 5],54,294,295,240,294
1,<environment.Job instance at 0x7f4839fb3c30>,56,2,[3 8],57,307,309,250,296
1,<environment.Job instance at 0x7f4839fb3f00>,59,13,[1 9],60,760,773,700,760
1,<environment.Job instance at 0x7f487d70a3c0>,61,13,[5 5],62,773,786,711,760
1,<environment.Job instance at 0x7f4839fb3eb0>,62,2,[9 3],63,786,788,723,761
1,<environment.Job instance at 0x7f4882389e60>,66,3,[9 3],67,788,791,721,765
1,<environment.Job instance at 0x7f48823898c0>,67,13,[6 4],68,791,804,723,775
1,<environment.Job instance at 0x7f487dd6ecd0>,68,14,[10  3],69,804,818,735,790
1,<environment.Job instance at 0x7f483a12b820>,4,2,[7 5],5,5,7,0,5
1,<environment.Job instance at 0x7f483a12bd70>,11,13,[5 3],12,17,30,5,17
1,<environment.Job instance at 0x7f483a12bfa0>,14,12,[6 4],15,30,42,15,18
1,<environment.Job instance at 0x7f483a12b870>,16,1,[7 2],17,42,43,25,18
1,<environment.Job instance at 0x7f483a1192d0>,17,2,[2 6],18,18,20,0,18
1,<environment.Job instance at 0x7f483a1196e0>,20,12,[2 5],21,21,33,0,21
1,<environment.Job instance at 0x7f483a12bc30>,9,15,[9 5],10,43,58,33,29
1,<environment.Job instance at 0x7f483a119be0>,26,14,[3 9],27,58,72,31,43
1,<environment.Job instance at 0x7f483a1221e0>,30,3,[1 7],31,72,75,41,53
1,<environment.Job instance at 0x7f483a119c30>,25,12,[2 9],26,75,87,49,59
1,<environment.Job instance at 0x7f483a122140>,33,3,[7 3],34,72,75,38,59
1,<environment.Job instance at 0x7f483a122460>,35,13,[10  4],36,87,100,51,72
1,<environment.Job instance at 0x7f483a122a50>,40,14,[6 4],41,100,114,59,86
1,<environment.Job instance at 0x7f483a122af0>,41,18,[3 6],42,100,118,58,98
1,<environment.Job instance at 0x7f483a122e60>,46,2,[5 1],47,114,116,67,113
1,<environment.Job instance at 0x7f483a122f00>,48,16,[8 5],49,118,134,69,113
1,<environment.Job instance at 0x7f483a1230f0>,51,14,[5 8],52,134,148,82,119
1,<environment.Job instance at 0x7f483a123410>,53,15,[6 3],54,148,163,94,134
1,<environment.Job instance at 0x7f483a123c30>,60,1,[6 3],61,163,164,102,142
1,<environment.Job instance at 0x7f483a123d70>,62,18,[5 1],63,164,182,101,164
1,<environment.Job instance at 0x7f483a123e10>,63,2,[5 6],64,164,166,100,164
1,<environment.Job instance at 0x7f483a123050>,52,16,[9 2],53,182,198,129,171
1,<environment.Job instance at 0x7f483a123910>,58,17,[10  3],59,363,380,304,363
1,<environment.Job instance at 0x7f4881f45820>,1,1,[8 5],2,2,3,0,2
1,<environment.Job instance at 0x7f483a123910>,3,2,[5 5],4,4,6,0,4
1,<environment.Job instance at 0x7f4881f45320>,4,12,[4 6],5,7,19,2,7
1,<environment.Job instance at 0x7f4881ea1870>,5,17,[7 1],6,19,36,13,9
1,<environment.Job instance at 0x7f4839e97dc0>,10,15,[1 6],11,19,34,8,12
1,<environment.Job instance at 0x7f4839e97780>,11,14,[10  4],12,36,50,24,21
1,<environment.Job instance at 0x7f4839ee45f0>,15,15,[7 4],16,50,65,34,36
1,<environment.Job instance at 0x7f4881f4f050>,19,17,[7 2],20,65,82,45,53
1,<environment.Job instance at 0x7f487d91c190>,22,18,[5 1],23,82,100,59,71
1,<environment.Job instance at 0x7f487d994280>,7,18,[1 7],8,74,92,66,74
1,<environment.Job instance at 0x7f48820b1af0>,28,1,[5 7],29,94,95,65,94
1,<environment.Job instance at 0x7f48820b11e0>,27,12,[ 4 10],28,100,112,72,94
1,<environment.Job instance at 0x7f48822d2870>,31,1,[10  2],32,112,113,80,94
1,<environment.Job instance at 0x7f483a23ac30>,32,3,[9 1],33,113,116,80,95
1,<environment.Job instance at 0x7f4839d7c2d0>,33,2,[ 4 10],34,116,118,82,96
1,<environment.Job instance at 0x7f487d8407d0>,37,2,[8 4],38,118,120,80,100
1,<environment.Job instance at 0x7f483a235c80>,38,1,[6 3],39,120,121,81,101
1,<environment.Job instance at 0x7f4839c60410>,40,3,[9 5],41,121,124,80,103
1,<environment.Job instance at 0x7f483a11ad20>,44,2,[4 6],45,126,128,81,126
1,<environment.Job instance at 0x7f487d9128c0>,45,3,[8 5],46,128,131,82,126
1,<environment.Job instance at 0x7f483a11a280>,46,12,[7 1],47,131,143,84,126
1,<environment.Job instance at 0x7f487d9126e0>,39,17,[1 5],40,130,147,90,130
1,<environment.Job instance at 0x7f4839b5d8c0>,49,3,[5 1],50,143,146,93,130
1,<environment.Job instance at 0x7f487db653c0>,52,3,[6 4],53,146,149,93,130
1,<environment.Job instance at 0x7f487db65190>,53,3,[6 2],54,149,152,95,130
1,<environment.Job instance at 0x7f487db659b0>,54,15,[9 1],55,152,167,97,139
1,<environment.Job instance at 0x7f487d912c80>,42,13,[4 8],43,167,180,124,158
1,<environment.Job instance at 0x7f483a0a50a0>,57,1,[9 4],58,180,181,122,158
1,<environment.Job instance at 0x7f483a0a5050>,59,14,[3 7],60,181,195,121,166
1,<environment.Job instance at 0x7f483a0a5b40>,61,3,[5 5],62,195,198,133,169
1,<environment.Job instance at 0x7f483a0a5f00>,62,13,[1 5],63,195,208,132,180
1,<environment.Job instance at 0x7f483a0900a0>,65,3,[5 5],66,198,201,132,181
1,<environment.Job instance at 0x7f483a090eb0>,67,2,[7 2],68,182,184,114,182
1,<environment.Job instance at 0x7f483a090dc0>,68,3,[10  4],69,208,211,139,182
1,<environment.Job instance at 0x7f487d86b280>,2,14,[6 5],3,3,17,0,3
1,<environment.Job instance at 0x7f4839e0ceb0>,8,1,[ 3 10],9,17,18,8,9
1,<environment.Job instance at 0x7f4839e0c730>,10,15,[4 5],11,18,33,7,13
1,<environment.Job instance at 0x7f48823201e0>,14,3,[6 1],15,19,22,4,19
1,<environment.Job instance at 0x7f4882320fa0>,13,17,[8 5],14,33,50,19,25
1,<environment.Job instance at 0x7f487dafb0f0>,15,16,[4 5],16,50,66,34,37
1,<environment.Job instance at 0x7f483a194be0>,22,2,[5 8],23,66,68,43,43
1,<environment.Job instance at 0x7f4882067cd0>,23,12,[4 6],24,68,80,44,51
1,<environment.Job instance at 0x7f4839f7ae10>,27,1,[3 6],28,80,81,52,52
1,<environment.Job instance at 0x7f4839c02690>,30,1,[4 6],31,81,82,50,54
1,<environment.Job instance at 0x7f487dd06b90>,31,1,[4 6],32,82,83,50,54
1,<environment.Job instance at 0x7f487d662b40>,20,16,[9 2],21,83,99,62,71
1,<environment.Job instance at 0x7f483a09eb40>,36,1,[2 6],37,99,100,62,73
1,<environment.Job instance at 0x7f4881ee5370>,19,18,[7 3],20,99,117,79,88
1,<environment.Job instance at 0x7f483a16c410>,39,15,[6 3],40,117,132,77,103
1,<environment.Job instance at 0x7f487dd65eb0>,38,18,[1 9],39,132,150,93,121
1,<environment.Job instance at 0x7f487d8c4af0>,48,14,[9 4],49,150,164,101,135
1,<environment.Job instance at 0x7f483a093690>,51,14,[4 6],52,164,178,112,149
1,<environment.Job instance at 0x7f48821b9050>,59,14,[6 1],60,165,179,105,165
1,<environment.Job instance at 0x7f48821b9730>,57,17,[4 9],58,178,195,120,167
1,<environment.Job instance at 0x7f487dd366e0>,62,14,[3 9],63,195,209,132,180
1,<environment.Job instance at 0x7f4881ea40a0>,64,14,[7 4],65,209,223,144,194
1,<environment.Job instance at 0x7f4881ea4b40>,2,3,[5 2],3,3,6,0,3
1,<environment.Job instance at 0x7f487da25460>,10,2,[4 9],11,11,13,0,11
1,<environment.Job instance at 0x7f487da25280>,9,3,[7 4],10,13,16,3,11
1,<environment.Job instance at 0x7f487d97deb0>,3,3,[9 2],4,16,19,12,11
1,<environment.Job instance at 0x7f487da32eb0>,6,17,[5 5],7,19,36,12,14
1,<environment.Job instance at 0x7f4839e14370>,4,18,[4 7],5,36,54,31,25
1,<environment.Job instance at 0x7f487da25f00>,21,2,[2 6],22,54,56,32,37
1,<environment.Job instance at 0x7f487da259b0>,24,17,[6 5],25,64,81,39,64
1,<environment.Job instance at 0x7f487da25730>,13,16,[4 9],14,81,97,67,68
1,<environment.Job instance at 0x7f487da215a0>,28,1,[6 1],29,81,82,52,75
1,<environment.Job instance at 0x7f487da21640>,2,18,[9 4],3,4,22,1,4
1,<environment.Job instance at 0x7f4882347460>,8,17,[5 7],9,22,39,13,13
1,<environment.Job instance at 0x7f487d683dc0>,7,15,[ 5 10],8,39,54,31,26
1,<environment.Job instance at 0x7f48820c5410>,19,16,[2 8],20,54,70,34,41
1,<environment.Job instance at 0x7f48820c5640>,22,18,[5 1],23,54,72,31,45
1,<environment.Job instance at 0x7f48820c5730>,25,17,[7 4],26,72,89,46,60
1,<environment.Job instance at 0x7f48822e5a50>,27,14,[5 5],28,89,103,61,75
1,<environment.Job instance at 0x7f48822e5500>,29,12,[5 7],30,103,115,73,86
1,<environment.Job instance at 0x7f48822e5aa0>,34,17,[3 6],35,115,132,80,103
1,<environment.Job instance at 0x7f48821dafa0>,41,16,[2 7],42,132,148,90,119
1,<environment.Job instance at 0x7f48821daa50>,43,13,[6 5],44,148,161,104,132
1,<environment.Job instance at 0x7f48821da0a0>,48,2,[2 7],49,161,163,112,148
1,<environment.Job instance at 0x7f48820c5d70>,15,16,[4 6],16,163,179,147,150
1,<environment.Job instance at 0x7f487d972e60>,50,16,[2 8],51,179,195,128,178
1,<environment.Job instance at 0x7f487d9729b0>,55,16,[1 6],56,195,211,139,183
1,<environment.Job instance at 0x7f487d9726e0>,53,17,[6 4],54,195,212,141,183
1,<environment.Job instance at 0x7f487d839820>,58,14,[5 4],59,212,226,153,197
1,<environment.Job instance at 0x7f483a0765a0>,65,3,[1 6],66,211,214,145,204
1,<environment.Job instance at 0x7f483a076780>,68,16,[2 7],69,226,242,157,214
1,<environment.Job instance at 0x7f487d77c230>,4,3,[3 5],5,5,8,0,5
1,<environment.Job instance at 0x7f4839be7730>,0,3,[7 3],1,6,9,5,6
1,<environment.Job instance at 0x7f487d77c0a0>,3,13,[1 7],4,12,25,8,12
1,<environment.Job instance at 0x7f487d77c870>,6,16,[6 1],7,14,30,7,14
1,<environment.Job instance at 0x7f488202de60>,14,3,[8 2],15,30,33,15,15
1,<environment.Job instance at 0x7f483a143a00>,11,15,[9 5],12,33,48,21,21
1,<environment.Job instance at 0x7f488202db90>,16,3,[8 5],17,48,51,31,23
1,<environment.Job instance at 0x7f488202d2d0>,18,14,[8 1],19,51,65,32,38
1,<environment.Job instance at 0x7f4839be7910>,1,13,[ 3 10],2,65,78,63,50
1,<environment.Job instance at 0x7f487d978730>,27,3,[3 8],28,78,81,50,71
1,<environment.Job instance at 0x7f4839be7be0>,2,18,[5 8],3,81,99,78,72
1,<environment.Job instance at 0x7f487d978640>,29,13,[ 2 10],30,99,112,69,83
1,<environment.Job instance at 0x7f488202d320>,21,17,[3 7],22,112,129,90,100
1,<environment.Job instance at 0x7f487db5c9b0>,39,15,[5 6],40,129,144,89,115
1,<environment.Job instance at 0x7f487dca4fa0>,45,13,[4 7],46,144,157,98,131
1,<environment.Job instance at 0x7f487dca41e0>,47,15,[6 1],48,144,159,96,131
1,<environment.Job instance at 0x7f487dca4500>,51,3,[3 7],52,157,160,105,136
1,<environment.Job instance at 0x7f487dca4d70>,52,2,[5 6],53,160,162,107,136
1,<environment.Job instance at 0x7f487dca4050>,53,3,[10  1],54,162,165,108,136
1,<environment.Job instance at 0x7f487dca4f50>,48,18,[5 8],49,165,183,116,154
1,<environment.Job instance at 0x7f4839dbc230>,62,17,[1 9],63,183,200,120,173
1,<environment.Job instance at 0x7f48825794b0>,66,13,[3 7],67,200,213,133,187
1,<environment.Job instance at 0x7f48825791e0>,67,16,[5 8],68,213,229,145,202
1,<environment.Job instance at 0x7f4839f0bbe0>,2,3,[10  5],3,3,6,0,3
1,<environment.Job instance at 0x7f4839f0bd70>,5,12,[ 3 10],6,6,18,0,6
1,<environment.Job instance at 0x7f483a06bc30>,6,12,[9 4],7,18,30,11,7
1,<environment.Job instance at 0x7f483a06b820>,7,2,[3 7],8,30,32,22,8
1,<environment.Job instance at 0x7f483a06b0f0>,8,12,[10  1],9,32,44,23,18
1,<environment.Job instance at 0x7f483a06e910>,13,2,[8 4],14,44,46,30,18
1,<environment.Job instance at 0x7f483a06e9b0>,16,12,[6 4],17,46,58,29,29
1,<environment.Job instance at 0x7f483a06e550>,18,17,[1 6],19,44,61,25,39
1,<environment.Job instance at 0x7f483a06e8c0>,17,17,[8 2],18,58,75,40,47
1,<environment.Job instance at 0x7f4839f7f5a0>,22,15,[2 9],23,75,90,52,62
1,<environment.Job instance at 0x7f483a070190>,29,3,[2 6],30,70,73,40,70
1,<environment.Job instance at 0x7f4839f835a0>,33,18,[ 2 10],34,90,108,56,81
1,<environment.Job instance at 0x7f4839f4f0a0>,37,17,[7 4],38,108,125,70,96
1,<environment.Job instance at 0x7f4839ede780>,39,16,[10  5],40,125,141,85,118
1,<environment.Job instance at 0x7f4839eb64b0>,45,17,[ 2 10],46,144,161,98,144
1,<environment.Job instance at 0x7f483a1151e0>,53,14,[5 5],54,161,175,107,153
1,<environment.Job instance at 0x7f487dcc2a00>,6,2,[8 3],7,13,15,6,13
1,<environment.Job instance at 0x7f4839c1eaa0>,9,15,[8 5],10,15,30,5,13
1,<environment.Job instance at 0x7f4839c1e230>,8,13,[3 7],9,30,43,21,14
1,<environment.Job instance at 0x7f487d7736e0>,16,3,[8 3],17,43,46,26,26
1,<environment.Job instance at 0x7f4882056aa0>,19,2,[3 7],20,46,48,26,31
1,<environment.Job instance at 0x7f4839926690>,21,2,[6 2],22,32,34,10,32
1,<environment.Job instance at 0x7f48822b8870>,25,3,[9 1],26,48,51,22,37
1,<environment.Job instance at 0x7f4839926140>,22,14,[9 3],23,51,65,28,39
1,<environment.Job instance at 0x7f487d626640>,14,15,[6 4],15,65,80,50,51
1,<environment.Job instance at 0x7f4882580f00>,30,12,[5 9],31,80,92,49,63
1,<environment.Job instance at 0x7f48821bf9b0>,36,12,[7 5],37,92,104,55,76
1,<environment.Job instance at 0x7f4882178690>,40,17,[8 4],41,104,121,63,92
1,<environment.Job instance at 0x7f4882178c80>,41,14,[ 5 10],42,121,135,79,106
1,<environment.Job instance at 0x7f4882178640>,47,1,[2 6],48,111,112,63,111
1,<environment.Job instance at 0x7f4882178b90>,44,17,[8 5],45,135,152,90,124
1,<environment.Job instance at 0x7f4839af0aa0>,51,13,[5 2],52,152,165,100,137
1,<environment.Job instance at 0x7f4839bca3c0>,54,17,[4 7],55,152,169,97,140
1,<environment.Job instance at 0x7f4839bca4b0>,58,12,[5 1],59,165,177,106,148
1,<environment.Job instance at 0x7f483a1742d0>,62,14,[10  1],63,177,191,114,163
1,<environment.Job instance at 0x7f488203bf50>,64,15,[8 1],65,191,206,126,177
1,<environment.Job instance at 0x7f487d784190>,31,18,[5 9],32,255,273,223,255
1,<environment.Job instance at 0x7f48821bfa00>,35,17,[10  3],36,293,310,257,293
1,<environment.Job instance at 0x7f4882004be0>,3,3,[1 8],4,4,7,0,4
1,<environment.Job instance at 0x7f48399d3a50>,10,14,[2 6],11,11,25,0,11
1,<environment.Job instance at 0x7f4882392320>,0,18,[5 4],1,14,32,13,14
1,<environment.Job instance at 0x7f48399d3190>,14,16,[9 2],15,32,48,17,19
1,<environment.Job instance at 0x7f48399d3eb0>,17,18,[5 5],18,48,66,30,37
1,<environment.Job instance at 0x7f4839cab8c0>,31,16,[6 5],32,66,82,34,54
1,<environment.Job instance at 0x7f4839dac410>,26,18,[3 9],27,82,100,55,71
1,<environment.Job instance at 0x7f48823adf50>,37,18,[9 4],38,100,118,62,89
1,<environment.Job instance at 0x7f48823add20>,39,3,[4 5],40,118,121,78,97
1,<environment.Job instance at 0x7f48823ad280>,40,15,[5 1],41,118,133,77,105
1,<environment.Job instance at 0x7f48823adcd0>,41,13,[5 2],42,121,134,79,105
1,<environment.Job instance at 0x7f48823ad8c0>,38,15,[1 8],39,133,148,94,122
1,<environment.Job instance at 0x7f487d86ff50>,51,14,[6 1],52,134,148,82,122
1,<environment.Job instance at 0x7f4839a19c30>,55,3,[10  2],56,148,151,92,127
1,<environment.Job instance at 0x7f4839a19500>,53,14,[4 8],54,151,165,97,136
1,<environment.Job instance at 0x7f4839a19370>,61,14,[ 1 10],62,165,179,103,151
1,<environment.Job instance at 0x7f4839a19eb0>,62,1,[3 9],63,179,180,116,151
1,<environment.Job instance at 0x7f4839a19b90>,63,18,[5 2],64,180,198,116,169
1,<environment.Job instance at 0x7f4839a19780>,65,1,[5 6],66,180,181,114,170
1,<environment.Job instance at 0x7f4839a19460>,67,3,[9 4],68,198,201,130,177
1,<environment.Job instance at 0x7f4839a198c0>,68,3,[6 3],69,201,204,132,177
1,<environment.Job instance at 0x7f4839a19af0>,59,18,[2 9],60,410,428,350,410
1,<environment.Job instance at 0x7f4839a19910>,2,3,[5 8],3,5,8,2,5
1,<environment.Job instance at 0x7f483a23c280>,6,12,[3 5],7,8,20,1,7
1,<environment.Job instance at 0x7f483a23c5f0>,7,3,[8 3],8,20,23,12,9
1,<environment.Job instance at 0x7f483a23c9b0>,9,1,[7 3],10,10,11,0,10
1,<environment.Job instance at 0x7f483a23c320>,8,1,[9 5],9,23,24,14,11
1,<environment.Job instance at 0x7f483a23cc80>,10,2,[9 4],11,24,26,13,13
1,<environment.Job instance at 0x7f483a23ce10>,11,1,[3 8],12,26,27,14,14
1,<environment.Job instance at 0x7f483a23ce60>,13,3,[9 5],14,27,30,13,14
1,<environment.Job instance at 0x7f483a23ad70>,15,14,[6 3],16,30,44,14,18
1,<environment.Job instance at 0x7f483a23a5f0>,18,3,[9 2],19,44,47,25,21
1,<environment.Job instance at 0x7f483a23a0a0>,19,2,[4 5],20,30,32,10,21
1,<environment.Job instance at 0x7f483a232370>,25,12,[8 3],26,47,59,21,30
1,<environment.Job instance at 0x7f487d70a690>,4,15,[10  2],5,59,74,54,45
1,<environment.Job instance at 0x7f483a2331e0>,33,3,[3 9],34,74,77,40,59
1,<environment.Job instance at 0x7f487d707780>,35,1,[ 1 10],36,77,78,41,59
1,<environment.Job instance at 0x7f487dbc9050>,29,14,[8 5],30,78,92,48,63
1,<environment.Job instance at 0x7f487d705910>,39,1,[10  5],40,111,112,71,111
1,<environment.Job instance at 0x7f487d707460>,41,14,[8 4],42,113,127,71,113
1,<environment.Job instance at 0x7f487d70e320>,43,3,[1 6],44,113,116,69,113
1,<environment.Job instance at 0x7f487d707410>,36,13,[5 9],37,127,140,90,113
1,<environment.Job instance at 0x7f487d6f6190>,47,3,[5 6],48,140,143,92,117
1,<environment.Job instance at 0x7f487d6f6870>,44,16,[8 1],45,143,159,98,131
1,<environment.Job instance at 0x7f4881ed10f0>,55,13,[5 5],56,159,172,103,143
1,<environment.Job instance at 0x7f4881ed12d0>,56,18,[1 5],57,153,171,96,153
1,<environment.Job instance at 0x7f4881ed15a0>,58,17,[7 5],59,172,189,113,160
1,<environment.Job instance at 0x7f4881ef45f0>,61,16,[2 5],62,171,187,109,168
1,<environment.Job instance at 0x7f4881ef4140>,59,13,[4 8],60,189,202,129,173
1,<environment.Job instance at 0x7f4881ef4690>,64,2,[9 5],65,202,204,137,178
1,<environment.Job instance at 0x7f4881ef46e0>,63,16,[1 5],64,202,218,138,190
1,<environment.Job instance at 0x7f4881edd320>,68,2,[7 5],69,204,206,135,190
1,<environment.Job instance at 0x7f4881eddfa0>,2,3,[1 7],3,3,6,0,3
1,<environment.Job instance at 0x7f487dad3c30>,6,14,[5 4],7,7,21,0,7
1,<environment.Job instance at 0x7f487da73050>,7,1,[3 8],8,21,22,13,8
1,<environment.Job instance at 0x7f487da73be0>,8,12,[1 9],9,22,34,13,10
1,<environment.Job instance at 0x7f487da73fa0>,10,2,[2 6],11,11,13,0,11
1,<environment.Job instance at 0x7f487d758550>,11,2,[7 1],12,21,23,9,12
1,<environment.Job instance at 0x7f487d758a00>,12,3,[6 1],13,23,26,10,13
1,<environment.Job instance at 0x7f4839edab90>,17,2,[3 8],18,34,36,16,18
1,<environment.Job instance at 0x7f487d758af0>,16,1,[6 4],17,36,37,19,19
1,<environment.Job instance at 0x7f4839eda0f0>,19,17,[9 1],20,37,54,17,25
1,<environment.Job instance at 0x7f483a095690>,21,3,[1 8],22,37,40,15,26
1,<environment.Job instance at 0x7f487dde22d0>,24,15,[5 3],25,54,69,29,40
1,<environment.Job instance at 0x7f48821cc1e0>,27,12,[9 2],28,69,81,41,54
1,<environment.Job instance at 0x7f4839c30190>,30,13,[10  5],31,81,94,50,65
1,<environment.Job instance at 0x7f487d71b730>,34,15,[4 7],35,94,109,59,82
1,<environment.Job instance at 0x7f487d71bb90>,40,12,[ 5 10],41,109,121,68,92
1,<environment.Job instance at 0x7f487d71b9b0>,42,15,[1 6],43,121,136,78,107
1,<environment.Job instance at 0x7f487d6a22d0>,45,12,[5 2],46,121,133,75,112
1,<environment.Job instance at 0x7f4839e8cdc0>,47,3,[7 5],48,136,139,88,121
1,<environment.Job instance at 0x7f48399f31e0>,23,17,[ 4 10],24,139,156,115,127
1,<environment.Job instance at 0x7f4839e8e320>,53,3,[9 4],54,133,136,79,132
1,<environment.Job instance at 0x7f487da45960>,54,14,[2 7],55,156,170,101,142
1,<environment.Job instance at 0x7f4839e01d70>,58,16,[5 1],59,156,172,97,148
1,<environment.Job instance at 0x7f4839e010a0>,60,17,[4 7],61,170,187,109,159
1,<environment.Job instance at 0x7f4839e01aa0>,62,14,[6 3],63,172,186,109,160
1,<environment.Job instance at 0x7f483a25e410>,67,17,[4 6],68,187,204,119,175
1,<environment.Job instance at 0x7f483a095a50>,20,16,[4 8],21,220,236,199,220
1,<environment.Job instance at 0x7f4839a1f910>,1,2,[4 9],2,2,4,0,2
1,<environment.Job instance at 0x7f483a13c960>,5,3,[3 8],6,6,9,0,6
1,<environment.Job instance at 0x7f483a13c9b0>,6,16,[2 7],7,9,25,2,7
1,<environment.Job instance at 0x7f483a13c820>,7,13,[7 1],8,9,22,1,9
1,<environment.Job instance at 0x7f483a13c460>,9,12,[4 8],10,25,37,15,11
1,<environment.Job instance at 0x7f4839dce230>,11,2,[5 4],12,37,39,25,12
1,<environment.Job instance at 0x7f4839dcec30>,15,15,[1 6],16,37,52,21,24
1,<environment.Job instance at 0x7f4839891f00>,18,13,[3 6],19,52,65,33,36
1,<environment.Job instance at 0x7f4839891c30>,22,3,[3 7],23,65,68,42,47
1,<environment.Job instance at 0x7f4884bd7140>,24,12,[7 2],25,47,59,22,47
1,<environment.Job instance at 0x7f487d8e15f0>,0,18,[3 6],1,68,86,67,57
1,<environment.Job instance at 0x7f4884bd7190>,28,12,[6 1],29,62,74,33,62
1,<environment.Job instance at 0x7f4881f01f00>,30,15,[6 2],31,74,89,43,64
1,<environment.Job instance at 0x7f4884bd70f0>,26,12,[5 6],27,89,101,62,73
1,<environment.Job instance at 0x7f4881f01500>,34,16,[8 5],35,101,117,66,88
1,<environment.Job instance at 0x7f4839bd4e60>,2,16,[1 9],3,117,133,114,104
1,<environment.Job instance at 0x7f4881f01a50>,43,14,[1 6],44,133,147,89,118
1,<environment.Job instance at 0x7f4881f01460>,44,16,[7 3],45,133,149,88,121
1,<environment.Job instance at 0x7f4884bd7050>,25,17,[ 5 10],26,149,166,123,137
1,<environment.Job instance at 0x7f4839b08050>,56,3,[10  1],57,166,169,109,150
1,<environment.Job instance at 0x7f4839b08fa0>,57,15,[7 2],58,169,184,111,155
1,<environment.Job instance at 0x7f4839b20820>,62,18,[3 6],63,171,189,108,171
1,<environment.Job instance at 0x7f4839b20280>,65,16,[2 7],66,189,205,123,176
1,<environment.Job instance at 0x7f4839b20aa0>,68,18,[8 3],69,190,208,121,190
1,<environment.Job instance at 0x7f488201f7d0>,4,17,[10  3],5,17,34,12,17
1,<environment.Job instance at 0x7f487ddd25f0>,9,15,[9 3],10,34,49,24,20
1,<environment.Job instance at 0x7f487d6d7730>,12,3,[2 6],13,49,52,36,23
1,<environment.Job instance at 0x7f487d6e1230>,14,2,[10  3],15,52,54,37,32
1,<environment.Job instance at 0x7f4839fa99b0>,2,15,[ 2 10],3,68,83,65,68
1,<environment.Job instance at 0x7f4839b8fe10>,25,13,[3 7],26,83,96,57,81
1,<environment.Job instance at 0x7f4839b8f640>,29,13,[4 5],30,96,109,66,82
1,<environment.Job instance at 0x7f4839b8faf0>,30,17,[5 9],31,109,126,78,99
1,<environment.Job instance at 0x7f4839b8eaa0>,31,17,[9 4],32,159,176,127,159
1,<environment.Job instance at 0x7f4839b8e8c0>,34,14,[9 5],35,191,205,156,191
1,<environment.Job instance at 0x7f487d6afb90>,36,16,[3 8],37,205,221,168,200
1,<environment.Job instance at 0x7f487d6af8c0>,37,18,[ 5 10],38,326,344,288,326
1,<environment.Job instance at 0x7f487d6af690>,38,15,[1 8],39,344,359,305,335
1,<environment.Job instance at 0x7f4839bb4eb0>,42,12,[10  2],43,359,371,316,354
1,<environment.Job instance at 0x7f4839bb0af0>,44,18,[ 2 10],45,371,389,326,371
1,<environment.Job instance at 0x7f4839bb0410>,45,14,[8 4],46,389,403,343,374
1,<environment.Job instance at 0x7f4839bb0050>,46,18,[ 2 10],47,403,421,356,393
1,<environment.Job instance at 0x7f4839bb0280>,47,18,[5 9],48,421,439,373,413
1,<environment.Job instance at 0x7f4839bb06e0>,51,14,[4 9],52,439,453,387,438
1,<environment.Job instance at 0x7f4839bb3a50>,53,3,[ 2 10],54,453,456,399,442
1,<environment.Job instance at 0x7f4839bb3c80>,54,15,[2 5],55,456,471,401,443
1,<environment.Job instance at 0x7f4839bb36e0>,55,13,[2 7],56,471,484,415,456
1,<environment.Job instance at 0x7fbbe1f18960>,11,15,[4 8],12,12,27,0,12
1,<environment.Job instance at 0x7fbbe1f18550>,10,12,[3 7],11,27,39,16,14
1,<environment.Job instance at 0x7fbbe1f18c30>,14,13,[7 3],15,27,40,12,15
1,<environment.Job instance at 0x7fbbe1f18f00>,17,3,[4 9],18,40,43,22,22
1,<environment.Job instance at 0x7fbbe1f18e60>,18,3,[4 7],19,43,46,24,23
1,<environment.Job instance at 0x7fbbe1f18dc0>,19,14,[3 5],20,46,60,26,31
1,<environment.Job instance at 0x7fbbe1f18c80>,15,18,[2 8],16,60,78,44,49
1,<environment.Job instance at 0x7fbbe1f1b870>,29,12,[5 4],30,78,90,48,61
1,<environment.Job instance at 0x7fbbe1f1baf0>,30,14,[5 2],31,61,75,30,61
1,<environment.Job instance at 0x7fbbe1f1bdc0>,31,14,[2 5],32,78,92,46,63
1,<environment.Job instance at 0x7fbbe1f1bf50>,35,15,[9 5],36,92,107,56,78
1,<environment.Job instance at 0x7fbbe1f1c1e0>,38,2,[ 1 10],39,107,109,68,81
1,<environment.Job instance at 0x7fbbe1f1c460>,42,2,[4 6],43,109,111,66,98
1,<environment.Job instance at 0x7fbbe1f1c500>,43,18,[5 5],44,111,129,67,100
1,<environment.Job instance at 0x7fbbe1f1c5a0>,44,3,[5 5],45,111,114,66,100
1,<environment.Job instance at 0x7fbbe1f1c640>,45,13,[6 5],46,129,142,83,113
1,<environment.Job instance at 0x7fbbe1f1c820>,48,15,[10  1],49,142,157,93,128
1,<environment.Job instance at 0x7fbbe1f1cdc0>,53,17,[5 7],54,157,174,103,145
1,<environment.Job instance at 0x7fbbe1f1bb90>,0,14,[2 6],1,6,20,5,6
1,<environment.Job instance at 0x7fbbe73524b0>,7,3,[10  5],8,20,23,12,8
1,<environment.Job instance at 0x7fbbe7352e60>,8,2,[7 4],9,9,11,0,9
1,<environment.Job instance at 0x7fbbe748e140>,9,14,[5 3],10,23,37,13,10
1,<environment.Job instance at 0x7fbbe748ee60>,10,2,[9 3],11,37,39,26,11
1,<environment.Job instance at 0x7fbbe7495140>,14,3,[4 5],15,23,26,8,15
1,<environment.Job instance at 0x7fbbe74955f0>,16,2,[1 8],17,39,41,22,17
1,<environment.Job instance at 0x7fbbe1f1cdc0>,5,17,[3 9],6,41,58,35,29
1,<environment.Job instance at 0x7fbbe7497320>,23,16,[1 6],24,58,74,34,45
1,<environment.Job instance at 0x7fbbe7497230>,24,15,[1 9],25,74,89,49,60
1,<environment.Job instance at 0x7fbbe7495a50>,15,15,[5 7],16,89,104,73,76
1,<environment.Job instance at 0x7fbbe7497730>,28,3,[10  4],29,104,107,75,86
1,<environment.Job instance at 0x7fbbe74a1500>,30,3,[6 5],31,107,110,76,86
1,<environment.Job instance at 0x7fbbe74a1230>,34,14,[2 5],35,107,121,72,94
1,<environment.Job instance at 0x7fbbe74a1280>,35,16,[7 5],36,110,126,74,104
1,<environment.Job instance at 0x7fbbe749a780>,21,18,[ 1 10],22,126,144,104,119
1,<environment.Job instance at 0x7fbbe749beb0>,50,15,[8 3],51,167,182,116,167
1,<environment.Job instance at 0x7fbbe749b230>,53,16,[ 3 10],54,182,198,128,172
1,<environment.Job instance at 0x7fbb9c206a00>,2,3,[3 7],3,3,6,0,3
1,<environment.Job instance at 0x7fbbe7493730>,3,15,[5 2],4,6,21,2,6
1,<environment.Job instance at 0x7fbbe7493f00>,4,3,[6 4],5,21,24,16,11
1,<environment.Job instance at 0x7fbb9c206190>,10,2,[9 5],11,24,26,13,11
1,<environment.Job instance at 0x7fbb9c206140>,11,2,[5 5],12,13,15,1,13
1,<environment.Job instance at 0x7fbb9c20b4b0>,1,15,[1 7],2,26,41,24,13
1,<environment.Job instance at 0x7fbb9c203eb0>,15,16,[ 2 10],16,41,57,25,29
1,<environment.Job instance at 0x7fbb9c259b40>,24,3,[4 6],25,57,60,32,42
1,<environment.Job instance at 0x7fbb9c259320>,25,2,[5 2],26,57,59,31,43
1,<environment.Job instance at 0x7fbb9c257870>,29,12,[9 3],30,61,73,31,61
1,<environment.Job instance at 0x7fbb9c259a00>,22,14,[2 9],23,73,87,50,64
1,<environment.Job instance at 0x7fbb9c2577d0>,32,3,[10  2],33,87,90,54,64
1,<environment.Job instance at 0x7fbb9c257f00>,35,1,[6 2],36,90,91,54,67
1,<environment.Job instance at 0x7fbb9c257370>,36,14,[5 5],37,91,105,54,76
1,<environment.Job instance at 0x7fbb9c25a3c0>,40,13,[10  5],41,105,118,64,90
1,<environment.Job instance at 0x7fbb9c1f5280>,43,14,[7 5],44,118,132,74,103
1,<environment.Job instance at 0x7fbb9c30f190>,49,2,[10  4],50,132,134,82,108
1,<environment.Job instance at 0x7fbb9c30f370>,50,3,[5 6],51,134,137,83,108
1,<environment.Job instance at 0x7fbb9c30f910>,53,2,[5 6],54,137,139,83,115
1,<environment.Job instance at 0x7fbb9c30fbe0>,55,2,[5 5],56,139,141,83,123
1,<environment.Job instance at 0x7fbb9c30fc80>,57,3,[1 5],58,124,127,66,124
1,<environment.Job instance at 0x7fbb9c30fe10>,56,12,[ 3 10],57,141,153,84,126
1,<environment.Job instance at 0x7fbb9c30f690>,60,18,[4 5],61,153,171,92,142
1,<environment.Job instance at 0x7fbb9c30faf0>,64,16,[9 4],65,171,187,106,158
1,<environment.Job instance at 0x7fbb9c2cd0f0>,69,13,[6 3],70,187,200,117,171
1,<environment.Job instance at 0x7fbb9c2cd190>,70,13,[7 4],71,200,213,129,184
1,<environment.Job instance at 0x7fbb9c2cd960>,74,3,[4 7],75,187,190,112,184
1,<environment.Job instance at 0x7fbb9c2cd500>,77,3,[1 6],78,193,196,115,193
1,<environment.Job instance at 0x7fbb9c2b4460>,1,2,[9 5],2,2,4,0,2
1,<environment.Job instance at 0x7fbb9c21ab90>,9,3,[5 1],10,10,13,0,10
1,<environment.Job instance at 0x7fbb9c21a050>,10,3,[7 3],11,13,16,2,11
1,<environment.Job instance at 0x7fbb9c21a230>,7,2,[4 5],8,27,29,19,27
1,<environment.Job instance at 0x7fbb9c21a7d0>,13,12,[9 1],14,31,43,17,31
1,<environment.Job instance at 0x7fbb9c21a140>,17,17,[5 2],18,43,60,25,31
1,<environment.Job instance at 0x7fbb9c21aa50>,18,18,[4 5],19,51,69,32,51
1,<environment.Job instance at 0x7fbb9c21ca50>,27,13,[9 2],28,69,82,41,55
1,<environment.Job instance at 0x7fbb9c21caa0>,34,2,[8 5],35,82,84,47,63
1,<environment.Job instance at 0x7fbb9c21c1e0>,35,1,[8 1],36,84,85,48,64
1,<environment.Job instance at 0x7fbb9c21ca00>,28,15,[3 6],29,85,100,56,85
1,<environment.Job instance at 0x7fbb9c21c780>,40,2,[ 5 10],41,100,102,59,85
1,<environment.Job instance at 0x7fbb9c21c500>,31,15,[8 4],32,102,117,70,88
1,<environment.Job instance at 0x7fbb9c21c960>,30,17,[2 6],31,102,119,71,100
1,<environment.Job instance at 0x7fbb9c5d24b0>,50,18,[6 1],51,117,135,66,106
1,<environment.Job instance at 0x7fbb9c662410>,55,17,[4 6],56,119,136,63,119
1,<environment.Job instance at 0x7fbb9c662f00>,59,16,[9 4],60,136,152,76,123
1,<environment.Job instance at 0x7fbbe7497fa0>,64,17,[9 4],65,152,169,87,140
1,<environment.Job instance at 0x7fbbe7497780>,67,13,[1 9],68,169,182,101,158
1,<environment.Job instance at 0x7fbb9c713690>,71,14,[8 2],72,182,196,110,168
1,<environment.Job instance at 0x7fbb9c713370>,74,15,[5 1],75,196,211,121,183
1,<environment.Job instance at 0x7fbb9c1b5d70>,3,3,[2 5],4,4,7,0,4
1,<environment.Job instance at 0x7fbb9c1ab9b0>,5,12,[2 6],6,9,21,3,9
1,<environment.Job instance at 0x7fbbe2262050>,0,12,[9 2],1,21,33,20,13
1,<environment.Job instance at 0x7fbb9c608050>,12,3,[7 1],13,13,16,0,13
1,<environment.Job instance at 0x7fbb9c61d1e0>,17,1,[4 5],18,54,55,36,54
1,<environment.Job instance at 0x7fbb9c61d280>,18,1,[2 9],19,55,56,36,54
1,<environment.Job instance at 0x7fbb9c61d3c0>,20,15,[7 1],21,55,70,34,54
1,<environment.Job instance at 0x7fbb9c608960>,6,15,[2 7],7,56,71,49,55
1,<environment.Job instance at 0x7fbb9c61d500>,22,13,[1 6],23,71,84,48,57
1,<environment.Job instance at 0x7fbb9c61d5a0>,23,3,[3 5],24,84,87,60,58
1,<environment.Job instance at 0x7fbb9c61d640>,24,14,[1 5],25,84,98,59,69
1,<environment.Job instance at 0x7fbb9c61d6e0>,25,12,[ 4 10],26,98,110,72,81
1,<environment.Job instance at 0x7fbb9c61da00>,30,14,[8 3],31,110,124,79,96
1,<environment.Job instance at 0x7fbb9c61df00>,37,16,[9 4],38,124,140,86,112
1,<environment.Job instance at 0x7fbb9c61b3c0>,42,12,[3 8],43,140,152,97,124
1,<environment.Job instance at 0x7fbb9c61b460>,43,3,[4 8],44,152,155,108,127
1,<environment.Job instance at 0x7fbb9c61b5a0>,45,3,[3 8],46,155,158,109,136
1,<environment.Job instance at 0x7fbb9c61b780>,48,18,[1 5],49,158,176,109,147
1,<environment.Job instance at 0x7fbb9c61b960>,51,1,[ 4 10],52,176,177,124,149
1,<environment.Job instance at 0x7fbb9c61baa0>,53,2,[5 7],54,177,179,123,151
1,<environment.Job instance at 0x7fbb9c61bf50>,54,1,[3 8],55,179,180,124,151
1,<environment.Job instance at 0x7fbb9c61bfa0>,55,13,[5 5],56,158,171,102,151
1,<environment.Job instance at 0x7fbb9c6103c0>,58,2,[6 3],59,171,173,112,151
1,<environment.Job instance at 0x7fbb9c610690>,61,3,[1 6],62,180,183,118,156
1,<environment.Job instance at 0x7fbb9c61d190>,16,16,[ 5 10],17,183,199,166,171
1,<environment.Job instance at 0x7fbb9c6107d0>,63,2,[5 5],64,173,175,109,171
1,<environment.Job instance at 0x7fbb9c6109b0>,66,3,[6 3],67,180,183,113,172
1,<environment.Job instance at 0x7fbb9c610500>,67,12,[5 8],68,199,211,131,182
1,<environment.Job instance at 0x7fbb9c610d70>,69,3,[5 5],70,211,214,141,191
1,<environment.Job instance at 0x7fbb9c610960>,70,18,[9 5],71,214,232,143,203
1,<environment.Job instance at 0x7fbb9c60e0f0>,76,12,[8 3],77,232,244,155,215
1,<environment.Job instance at 0x7fbb9c60e140>,78,1,[2 6],79,232,233,153,226
1,<environment.Job instance at 0x7fbbe239c5f0>,8,14,[ 2 10],9,24,38,15,24
1,<environment.Job instance at 0x7fbb9c5c7c80>,11,3,[7 3],12,38,41,26,25
1,<environment.Job instance at 0x7fbb9c5c72d0>,13,1,[1 7],14,38,39,24,26
1,<environment.Job instance at 0x7fbb9c5c7140>,16,3,[8 1],17,41,44,24,27
1,<environment.Job instance at 0x7fbb9c5c77d0>,17,2,[6 4],18,44,46,26,27
1,<environment.Job instance at 0x7fbb9c5c7f00>,15,13,[ 1 10],16,46,59,30,33
1,<environment.Job instance at 0x7fbb9c5c7960>,21,12,[5 5],22,59,71,37,46
1,<environment.Job instance at 0x7fbb9c5c7550>,22,12,[5 5],23,59,71,36,48
1,<environment.Job instance at 0x7fbb9c5c7e10>,23,13,[4 9],24,71,84,47,57
1,<environment.Job instance at 0x7fbb9c7fc190>,31,13,[4 5],32,84,97,52,68
1,<environment.Job instance at 0x7fbb9c7fceb0>,38,16,[6 3],39,84,100,45,79
1,<environment.Job instance at 0x7fbb9c7fc320>,39,14,[5 7],40,100,114,60,85
1,<environment.Job instance at 0x7fbbe268a500>,43,14,[2 7],44,114,128,70,99
1,<environment.Job instance at 0x7fbbe268a370>,50,1,[5 1],51,107,108,56,107
1,<environment.Job instance at 0x7fbbe268a6e0>,51,3,[9 3],52,128,131,76,107
1,<environment.Job instance at 0x7fbbe268a140>,52,3,[ 4 10],53,131,134,78,108
1,<environment.Job instance at 0x7fbbe268a5a0>,53,3,[8 4],54,134,137,80,108
1,<environment.Job instance at 0x7fbb9c5c78c0>,19,15,[10  2],20,137,152,117,127
1,<environment.Job instance at 0x7fbbe268a640>,58,17,[7 4],59,152,169,93,140
1,<environment.Job instance at 0x7fbb9c7fc050>,30,16,[10  2],31,170,186,139,170
1,<environment.Job instance at 0x7fbbe1defb40>,60,12,[8 5],61,186,198,125,180
1,<environment.Job instance at 0x7fbbe1def780>,61,3,[9 2],62,198,201,136,180
1,<environment.Job instance at 0x7fbbe1defeb0>,62,18,[6 3],63,201,219,138,190
1,<environment.Job instance at 0x7fbbe1defd70>,63,2,[9 1],64,219,221,155,192
1,<environment.Job instance at 0x7fbbe1def2d0>,64,2,[1 8],65,198,200,133,192
1,<environment.Job instance at 0x7fbbe1defaf0>,67,2,[2 8],68,221,223,153,207
1,<environment.Job instance at 0x7fbbe2191140>,2,2,[9 3],3,5,7,2,5
1,<environment.Job instance at 0x7fbbe2191e60>,7,13,[6 4],8,8,21,0,8
1,<environment.Job instance at 0x7fbbe2191e10>,4,16,[10  3],5,21,37,16,9
1,<environment.Job instance at 0x7fbbe1f8d1e0>,14,2,[7 5],15,37,39,22,16
1,<environment.Job instance at 0x7fbb9c55c230>,16,3,[2 7],17,39,42,22,17
1,<environment.Job instance at 0x7fbbe21912d0>,3,12,[1 8],4,42,54,38,27
1,<environment.Job instance at 0x7fbb9c7eba00>,22,15,[5 1],23,39,54,16,37
1,<environment.Job instance at 0x7fbbe2063550>,17,18,[5 1],18,54,72,36,43
1,<environment.Job instance at 0x7fbbe236c550>,28,14,[5 9],29,54,68,25,51
1,<environment.Job instance at 0x7fbbe23b7280>,30,12,[2 5],31,68,80,37,51
1,<environment.Job instance at 0x7fbbe23b7a00>,31,16,[6 5],32,72,88,40,62
1,<environment.Job instance at 0x7fbbe1dff9b0>,36,14,[3 9],37,88,102,51,73
1,<environment.Job instance at 0x7fbbe1dffe10>,41,18,[8 4],42,102,120,60,91
1,<environment.Job instance at 0x7fbbe7348730>,45,13,[10  4],46,120,133,74,105
1,<environment.Job instance at 0x7fbb9c560e10>,46,16,[5 5],47,133,149,86,120
1,<environment.Job instance at 0x7fbb9c348640>,51,18,[3 6],52,149,167,97,145
1,<environment.Job instance at 0x7fbbe24f2690>,59,18,[7 5],60,167,185,107,156
1,<environment.Job instance at 0x7fbbe20ca4b0>,65,18,[7 5],66,185,203,119,174
1,<environment.Job instance at 0x7fbb9c39ccd0>,68,17,[10  3],69,203,220,134,200
1,<environment.Job instance at 0x7fbbe25d04b0>,75,3,[6 5],76,220,223,144,200
1,<environment.Job instance at 0x7fbbe214fe10>,77,13,[7 3],78,223,236,145,210
1,<environment.Job instance at 0x7fbbe1fcf7d0>,3,2,[5 5],4,4,6,0,4
1,<environment.Job instance at 0x7fbbe1fcf230>,0,14,[3 6],1,11,25,10,11
1,<environment.Job instance at 0x7fbb9c0900a0>,10,15,[1 6],11,25,40,14,11
1,<environment.Job instance at 0x7fbb9c0905f0>,12,18,[5 5],13,40,58,27,29
1,<environment.Job instance at 0x7fbb9c0907d0>,15,15,[7 4],16,58,73,42,45
1,<environment.Job instance at 0x7fbb9c090a50>,19,17,[7 2],20,73,90,53,61
1,<environment.Job instance at 0x7fbb9c0900f0>,7,18,[1 7],8,75,93,67,75
1,<environment.Job instance at 0x7fbb9c090e60>,25,2,[4 7],26,93,95,67,77
1,<environment.Job instance at 0x7fbb9c0905a0>,22,18,[5 1],23,90,108,67,81
1,<environment.Job instance at 0x7fbb9c090f50>,28,1,[5 7],29,95,96,66,95
1,<environment.Job instance at 0x7fbb9c0920a0>,30,3,[4 8],31,116,119,85,116
1,<environment.Job instance at 0x7fbb9c0924b0>,33,2,[ 4 10],34,119,121,85,116
1,<environment.Job instance at 0x7fbb9c0926e0>,37,2,[8 4],38,121,123,83,119
1,<environment.Job instance at 0x7fbb9c092870>,38,1,[6 3],39,123,124,84,119
1,<environment.Job instance at 0x7fbb9c092820>,39,17,[1 5],40,121,138,81,119
1,<environment.Job instance at 0x7fbb9c0929b0>,40,3,[9 5],41,124,127,83,119
1,<environment.Job instance at 0x7fbb9c092a00>,42,13,[4 8],43,138,151,95,137
1,<environment.Job instance at 0x7fbb9c092b90>,43,1,[6 2],44,137,138,93,137
1,<environment.Job instance at 0x7fbb9c092c30>,44,2,[4 6],45,151,153,106,137
1,<environment.Job instance at 0x7fbb9c092af0>,45,3,[8 5],46,153,156,107,137
1,<environment.Job instance at 0x7fbb9c092eb0>,46,12,[7 1],47,156,168,109,139
1,<environment.Job instance at 0x7fbb9c0950f0>,49,3,[5 1],50,143,146,93,143
1,<environment.Job instance at 0x7fbb9c095280>,52,3,[6 4],53,168,171,115,148
1,<environment.Job instance at 0x7fbb9c092960>,41,13,[1 7],42,171,184,129,156
1,<environment.Job instance at 0x7fbb9c095640>,58,17,[5 5],59,205,222,146,205
1,<environment.Job instance at 0x7fbb9c095910>,60,15,[9 4],61,248,263,187,248
1,<environment.Job instance at 0x7fbb9c0958c0>,61,3,[5 5],62,263,266,201,248
1,<environment.Job instance at 0x7fbb9c095aa0>,62,13,[1 5],63,250,263,187,250
1,<environment.Job instance at 0x7fbb9c095960>,64,2,[10  3],65,266,268,201,250
1,<environment.Job instance at 0x7fbb9c095e10>,68,3,[10  4],69,268,271,199,250
1,<environment.Job instance at 0x7fbb9c095d20>,4,3,[6 1],5,5,8,0,5
1,<environment.Job instance at 0x7fbb9c13a8c0>,9,18,[7 3],10,11,29,1,11
1,<environment.Job instance at 0x7fbb9c13ae60>,12,2,[5 8],13,29,31,16,14
1,<environment.Job instance at 0x7fbb9c13ac30>,13,12,[4 6],14,31,43,17,22
1,<environment.Job instance at 0x7fbb9c13a050>,17,1,[3 6],18,25,26,7,25
1,<environment.Job instance at 0x7fbb9c155780>,19,3,[ 5 10],20,43,46,23,25
1,<environment.Job instance at 0x7fbb9c155a00>,20,1,[4 6],21,46,47,25,25
1,<environment.Job instance at 0x7fbbe7328370>,21,1,[4 6],22,47,48,25,25
1,<environment.Job instance at 0x7fbb9c13a6e0>,18,3,[8 2],19,48,51,29,25
1,<environment.Job instance at 0x7fbbe1deaf00>,23,16,[6 5],24,51,67,27,38
1,<environment.Job instance at 0x7fbb9c146eb0>,28,18,[1 9],29,67,85,38,56
1,<environment.Job instance at 0x7fbb9c4d9e10>,30,15,[3 9],31,85,100,54,71
1,<environment.Job instance at 0x7fbb9c43a640>,27,17,[5 2],28,100,117,72,88
1,<environment.Job instance at 0x7fbbe27bcc80>,38,14,[9 4],39,117,131,78,102
1,<environment.Job instance at 0x7fbbe29b4550>,34,17,[9 5],35,131,148,96,119
1,<environment.Job instance at 0x7fbb9c549550>,52,14,[3 9],53,148,162,95,134
1,<environment.Job instance at 0x7fbbe21972d0>,47,17,[4 9],48,162,179,114,150
1,<environment.Job instance at 0x7fbb9c7e1c80>,57,18,[3 6],58,270,288,212,270
1,<environment.Job instance at 0x7fbb9c7e1f50>,61,3,[8 4],62,288,291,226,273
1,<environment.Job instance at 0x7fbb9c7e1dc0>,64,18,[4 7],65,294,312,229,294
1,<environment.Job instance at 0x7fbb9c7e1820>,65,12,[5 6],66,312,324,246,300
1,<environment.Job instance at 0x7fbb9c7e1cd0>,66,17,[5 5],67,324,341,257,312
1,<environment.Job instance at 0x7fbb9c4029b0>,1,2,[2 6],2,2,4,0,2
1,<environment.Job instance at 0x7fbbe1dea280>,8,1,[6 1],9,9,10,0,9
1,<environment.Job instance at 0x7fbbe21975a0>,11,14,[7 1],12,29,43,17,29
1,<environment.Job instance at 0x7fbb9c25baf0>,7,16,[ 5 10],8,43,59,35,30
1,<environment.Job instance at 0x7fbbe2197d70>,15,3,[1 5],16,31,34,15,31
1,<environment.Job instance at 0x7fbbe299ac30>,16,15,[9 5],17,59,74,42,45
1,<environment.Job instance at 0x7fbbe299ab90>,21,16,[ 2 10],22,74,90,52,65
1,<environment.Job instance at 0x7fbb9c51fbe0>,25,12,[8 1],26,90,102,64,73
1,<environment.Job instance at 0x7fbbe1c86050>,23,18,[ 1 10],24,102,120,78,91
1,<environment.Job instance at 0x7fbbe2a30500>,33,15,[7 2],34,120,135,86,106
1,<environment.Job instance at 0x7fbbe236c8c0>,38,14,[1 7],39,120,134,81,106
1,<environment.Job instance at 0x7fbbe236cbe0>,43,15,[10  4],44,135,150,91,123
1,<environment.Job instance at 0x7fbbe21c4c80>,46,15,[ 5 10],47,150,165,103,136
1,<environment.Job instance at 0x7fbbe21c4280>,51,13,[5 8],52,165,178,113,152
1,<environment.Job instance at 0x7fbbe21c4f50>,52,18,[9 4],53,178,196,125,168
1,<environment.Job instance at 0x7fbbe21c45f0>,57,15,[ 5 10],58,196,211,138,185
1,<environment.Job instance at 0x7fbb9c22a1e0>,61,16,[ 4 10],62,211,227,149,198
1,<environment.Job instance at 0x7fbbe20047d0>,65,16,[4 6],66,227,243,161,217
1,<environment.Job instance at 0x7fbbe2a9ec30>,69,16,[2 8],70,243,259,173,230
1,<environment.Job instance at 0x7fbb9c447e60>,72,18,[5 1],73,231,249,158,231
1,<environment.Job instance at 0x7fbbe2324d70>,75,17,[7 4],76,259,276,183,249
1,<environment.Job instance at 0x7fbbe2324f50>,77,14,[5 5],78,276,290,198,265
1,<environment.Job instance at 0x7fbb9c4669b0>,1,1,[10  4],2,2,3,0,2
1,<environment.Job instance at 0x7fbb9c5df1e0>,0,2,[2 7],1,3,5,2,3
1,<environment.Job instance at 0x7fbbe238f730>,2,3,[3 8],3,5,8,2,3
1,<environment.Job instance at 0x7fbb9c344af0>,10,13,[9 3],11,12,25,1,12
1,<environment.Job instance at 0x7fbb9c5df6e0>,4,17,[3 6],5,25,42,20,13
1,<environment.Job instance at 0x7fbb9c33e230>,18,2,[2 7],19,42,44,23,28
1,<environment.Job instance at 0x7fbb9c344d20>,15,15,[9 1],16,44,59,28,30
1,<environment.Job instance at 0x7fbb9c33e4b0>,22,17,[1 7],23,44,61,21,41
1,<environment.Job instance at 0x7fbb9c344be0>,11,16,[2 7],12,61,77,49,48
1,<environment.Job instance at 0x7fbb9c33eaa0>,28,14,[5 4],29,77,91,48,63
1,<environment.Job instance at 0x7fbb9c33ee60>,33,12,[4 9],34,91,103,57,78
1,<environment.Job instance at 0x7fbb9c31f230>,38,16,[2 7],39,103,119,64,90
1,<environment.Job instance at 0x7fbb9c31f6e0>,41,13,[ 3 10],42,119,132,77,103
1,<environment.Job instance at 0x7fbb9c31faf0>,48,1,[ 1 10],49,132,133,83,111
1,<environment.Job instance at 0x7fbb9c31fd70>,50,16,[5 9],51,133,149,82,120
1,<environment.Job instance at 0x7fbb9c31fc30>,52,14,[9 1],53,149,163,96,134
1,<environment.Job instance at 0x7fbb9c35b190>,57,12,[5 4],58,163,175,105,146
1,<environment.Job instance at 0x7fbb9c35b230>,58,14,[8 1],59,175,189,116,160
1,<environment.Job instance at 0x7fbb9c35b2d0>,59,16,[ 4 10],60,189,205,129,180
1,<environment.Job instance at 0x7fbb9c35baa0>,64,14,[10  1],65,205,219,140,190
1,<environment.Job instance at 0x7fbb9c35be60>,70,15,[4 9],71,219,234,148,205
1,<environment.Job instance at 0x7fbb9c35bf00>,71,15,[7 5],72,234,249,162,220
1,<environment.Job instance at 0x7fbb9c1e14b0>,3,16,[ 4 10],4,4,20,0,4
1,<environment.Job instance at 0x7fbb9c1e15f0>,6,2,[7 2],7,20,22,13,7
1,<environment.Job instance at 0x7fbb9c1e1f00>,7,15,[6 1],8,22,37,14,8
1,<environment.Job instance at 0x7fbb9c1e1d20>,4,18,[1 8],5,20,38,15,9
1,<environment.Job instance at 0x7fbb9c1e15a0>,9,1,[9 4],10,38,39,28,10
1,<environment.Job instance at 0x7fbb9c4d4a50>,12,2,[5 6],13,39,41,26,16
1,<environment.Job instance at 0x7fbb9c4d4690>,15,2,[10  5],16,41,43,25,16
1,<environment.Job instance at 0x7fbb9c1e1c80>,11,3,[3 7],12,43,46,31,18
1,<environment.Job instance at 0x7fbbe1f21f00>,19,2,[10  2],20,46,48,26,21
1,<environment.Job instance at 0x7fbb9c22ad70>,20,1,[8 1],21,37,38,16,22
1,<environment.Job instance at 0x7fbbe1f21640>,18,3,[2 7],19,48,51,29,22
1,<environment.Job instance at 0x7fbb9c7cfe10>,23,14,[5 5],24,51,65,27,37
1,<environment.Job instance at 0x7fbb9c4d4c80>,17,15,[ 1 10],18,65,80,47,54
1,<environment.Job instance at 0x7fbb9c7cf320>,29,3,[10  2],30,80,83,50,66
1,<environment.Job instance at 0x7fbb9c7cf3c0>,28,16,[1 6],29,83,99,54,70
1,<environment.Job instance at 0x7fbb9c7cfe60>,32,3,[10  5],33,99,102,66,83
1,<environment.Job instance at 0x7fbb9c4d4820>,14,15,[7 5],15,102,117,87,88
1,<environment.Job instance at 0x7fbb9c447230>,36,12,[9 4],37,117,129,80,100
1,<environment.Job instance at 0x7fbb9c447280>,40,16,[9 2],41,129,145,88,116
1,<environment.Job instance at 0x7fbb9c7a6fa0>,46,12,[6 4],47,145,157,98,128
1,<environment.Job instance at 0x7fbb9c7a65f0>,48,17,[1 6],49,137,154,88,137
1,<environment.Job instance at 0x7fbbe20736e0>,52,15,[2 9],53,157,172,104,143
1,<environment.Job instance at 0x7fbb9c60b690>,56,3,[9 2],57,172,175,115,154
1,<environment.Job instance at 0x7fbb9c60b6e0>,57,16,[3 5],58,175,191,117,162
1,<environment.Job instance at 0x7fbb9c60b870>,60,13,[6 4],61,175,188,114,163
1,<environment.Job instance at 0x7fbbe24f3690>,63,18,[ 2 10],64,191,209,127,182
1,<environment.Job instance at 0x7fbbe24f3dc0>,68,15,[8 3],69,209,224,140,196
1,<environment.Job instance at 0x7fbb9c730f50>,70,1,[4 5],71,224,225,153,203
1,<environment.Job instance at 0x7fbb9c730870>,71,16,[5 3],72,224,240,152,211
1,<environment.Job instance at 0x7fbb9c730d20>,73,3,[1 6],74,211,214,137,211
1,<environment.Job instance at 0x7fbb9c730140>,2,2,[4 5],3,4,6,1,4
1,<environment.Job instance at 0x7fbbe2a10550>,9,18,[1 5],10,11,29,1,11
1,<environment.Job instance at 0x7fbbe2a10aa0>,11,12,[6 3],12,13,25,1,13
1,<environment.Job instance at 0x7fbbe2a10140>,13,15,[4 8],14,29,44,15,15
1,<environment.Job instance at 0x7fbbe2a10eb0>,17,18,[6 2],18,30,48,12,30
1,<environment.Job instance at 0x7fbbe1f135f0>,18,14,[ 4 10],19,48,62,29,33
1,<environment.Job instance at 0x7fbbe23ad5a0>,0,18,[9 2],1,62,80,61,52
1,<environment.Job instance at 0x7fbbe1f13cd0>,21,14,[9 5],22,80,94,58,66
1,<environment.Job instance at 0x7fbbe1f13190>,26,2,[8 3],27,94,96,67,67
1,<environment.Job instance at 0x7fbbe1f13870>,27,3,[2 8],28,96,99,68,70
1,<environment.Job instance at 0x7fbbe2675fa0>,31,13,[9 4],32,99,112,67,84
1,<environment.Job instance at 0x7fbbe26753c0>,33,13,[3 7],34,112,125,78,99
1,<environment.Job instance at 0x7fbb9c14cfa0>,36,3,[8 3],37,125,128,88,99
1,<environment.Job instance at 0x7fbbe2675730>,34,15,[6 4],35,128,143,93,116
1,<environment.Job instance at 0x7fbb9c14c500>,39,2,[3 7],40,143,145,103,119
1,<environment.Job instance at 0x7fbbe2675eb0>,32,16,[1 7],33,145,161,112,132
1,<environment.Job instance at 0x7fbb9c14cc80>,48,15,[7 1],49,143,158,94,132
1,<environment.Job instance at 0x7fbb9c14c780>,50,12,[5 9],51,161,173,110,144
1,<environment.Job instance at 0x7fbbe1d84140>,57,16,[8 4],58,173,189,115,160
1,<environment.Job instance at 0x7fbbe1d84280>,60,17,[8 4],61,189,206,128,179
1,<environment.Job instance at 0x7fbbe1d84690>,63,13,[8 3],64,206,219,142,190
1,<environment.Job instance at 0x7fbbe1d6a190>,68,14,[9 5],69,219,233,150,204
1,<environment.Job instance at 0x7fbbe266a820>,71,13,[5 2],72,233,246,161,219
1,<environment.Job instance at 0x7fbbe266a2d0>,73,17,[6 4],74,246,263,172,234
1,<environment.Job instance at 0x7fbbe266ae10>,77,14,[2 6],78,234,248,156,234
1,<environment.Job instance at 0x7fbbe1d84730>,55,17,[10  3],56,263,280,207,261
1,<environment.Job instance at 0x7fbbe1d84050>,4,15,[8 1],5,5,20,0,5
1,<environment.Job instance at 0x7fbbe1ce3870>,0,2,[8 5],1,20,22,19,7
1,<environment.Job instance at 0x7fbbe23b0f50>,9,2,[3 7],10,22,24,12,10
1,<environment.Job instance at 0x7fbbe23b0cd0>,13,3,[1 8],14,14,17,0,14
1,<environment.Job instance at 0x7fbbe2398f50>,7,15,[3 9],8,24,39,16,19
1,<environment.Job instance at 0x7fbbe1feb6e0>,2,14,[10  1],3,39,53,36,25
1,<environment.Job instance at 0x7fbbe2394be0>,22,2,[6 3],23,53,55,30,38
1,<environment.Job instance at 0x7fbb9c1a6230>,23,16,[3 8],24,55,71,31,42
1,<environment.Job instance at 0x7fbb9c1a61e0>,24,16,[9 2],25,71,87,46,58
1,<environment.Job instance at 0x7fbbe23c8690>,29,3,[2 9],30,87,90,57,61
1,<environment.Job instance at 0x7fbb9c0f17d0>,30,3,[9 2],31,90,93,59,65
1,<environment.Job instance at 0x7fbbe2677960>,31,3,[2 9],32,93,96,61,67
1,<environment.Job instance at 0x7fbb9c0faf00>,32,3,[10  3],33,96,99,63,70
1,<environment.Job instance at 0x7fbbe265a3c0>,34,15,[3 5],35,99,114,64,85
1,<environment.Job instance at 0x7fbbe2876870>,40,2,[7 4],41,103,105,62,103
1,<environment.Job instance at 0x7fbb9c45c8c0>,41,16,[6 5],42,105,121,63,103
1,<environment.Job instance at 0x7fbbe2817be0>,46,12,[ 1 10],47,125,137,78,125
1,<environment.Job instance at 0x7fbbe2817af0>,47,18,[9 4],48,137,155,89,127
1,<environment.Job instance at 0x7fbb9c0cd550>,51,13,[5 2],52,155,168,103,139
1,<environment.Job instance at 0x7fbb9c0ead20>,55,3,[5 7],56,155,158,99,139
1,<environment.Job instance at 0x7fbb9c69c460>,59,18,[1 9],60,168,186,108,157
1,<environment.Job instance at 0x7fbbe2690a00>,61,14,[6 1],62,168,182,106,158
1,<environment.Job instance at 0x7fbbe26902d0>,62,2,[1 5],63,158,160,95,158
1,<environment.Job instance at 0x7fbb9c0e6280>,64,17,[3 7],65,186,203,121,175
1,<environment.Job instance at 0x7fbb9c0e66e0>,69,18,[2 9],70,203,221,133,192
1,<environment.Job instance at 0x7fbbe214e320>,72,1,[3 9],73,221,222,148,204
1,<environment.Job instance at 0x7fbbe214eb90>,73,18,[5 2],74,222,240,148,211
1,<environment.Job instance at 0x7fbbe214eaf0>,76,12,[8 3],77,240,252,163,224
1,<environment.Job instance at 0x7fbbe23bc5f0>,2,3,[5 8],3,5,8,2,5
1,<environment.Job instance at 0x7fbbe2443280>,7,3,[8 3],8,8,11,0,8
1,<environment.Job instance at 0x7fbbe24430f0>,6,12,[3 5],7,11,23,4,8
1,<environment.Job instance at 0x7fbbe24439b0>,8,1,[9 5],9,23,24,14,9
1,<environment.Job instance at 0x7fbbe1e1d690>,9,1,[7 3],10,11,12,1,11
1,<environment.Job instance at 0x7fbbe1e1d730>,10,2,[9 4],11,24,26,13,11
1,<environment.Job instance at 0x7fbb9c25a5a0>,11,1,[3 8],12,26,27,14,12
1,<environment.Job instance at 0x7fbbe1e1dc30>,15,14,[6 3],16,27,41,11,16
1,<environment.Job instance at 0x7fbbe1c7fe10>,20,1,[10  3],21,41,42,20,22
1,<environment.Job instance at 0x7fbbe2ab47d0>,23,3,[2 6],24,27,30,3,26
1,<environment.Job instance at 0x7fbb9c4d4b90>,25,12,[8 3],26,42,54,16,28
1,<environment.Job instance at 0x7fbb9c640e10>,14,14,[5 9],15,54,68,39,41
1,<environment.Job instance at 0x7fbbe21c90f0>,28,14,[9 5],29,68,82,39,55
1,<environment.Job instance at 0x7fbbe21c9f50>,32,17,[1 5],33,69,86,36,69
1,<environment.Job instance at 0x7fbbe27cabe0>,35,1,[ 1 10],36,86,87,50,72
1,<environment.Job instance at 0x7fbbe21c93c0>,36,13,[5 9],37,87,100,50,76
1,<environment.Job instance at 0x7fbb9bfb2140>,40,18,[5 4],41,125,143,84,125
1,<environment.Job instance at 0x7fbb9bfb2320>,43,3,[1 6],44,126,129,82,126
1,<environment.Job instance at 0x7fbb9bfb2370>,45,3,[10  3],46,143,146,97,129
1,<environment.Job instance at 0x7fbb9c8974b0>,27,17,[5 5],28,146,163,118,134
1,<environment.Job instance at 0x7fbbe21d6d70>,47,3,[5 6],48,134,137,86,134
1,<environment.Job instance at 0x7fbb9c62aaa0>,50,12,[2 6],51,163,175,112,146
1,<environment.Job instance at 0x7fbbe25931e0>,54,13,[5 8],55,175,188,120,159
1,<environment.Job instance at 0x7fbbe74923c0>,58,17,[7 5],59,188,205,129,176
1,<environment.Job instance at 0x7fbb9c4d70a0>,61,16,[2 5],62,188,204,126,182
1,<environment.Job instance at 0x7fbbe1e39d20>,62,15,[2 5],63,204,219,141,191
1,<environment.Job instance at 0x7fbbe22db0f0>,65,15,[5 4],66,205,220,139,193
1,<environment.Job instance at 0x7fbbe22dbdc0>,68,2,[7 5],69,220,222,151,195
1,<environment.Job instance at 0x7fbbe22dbbe0>,69,16,[5 6],70,222,238,152,209
1,<environment.Job instance at 0x7fbb9c688050>,70,18,[4 5],71,238,256,167,227
1,<environment.Job instance at 0x7fbbe2860b40>,75,14,[ 3 10],76,256,270,180,241
1,<environment.Job instance at 0x7fbb9c0d1820>,78,12,[1 9],79,270,282,191,253
1,<environment.Job instance at 0x7fbb9c688c30>,71,18,[4 9],72,286,304,214,286
1,<environment.Job instance at 0x7fbb9bf004b0>,6,1,[6 4],7,7,8,0,7
1,<environment.Job instance at 0x7fbb9be9e780>,7,2,[3 8],8,8,10,0,8
1,<environment.Job instance at 0x7fbb9be9ea50>,9,17,[9 1],10,10,27,0,10
1,<environment.Job instance at 0x7fbb9be9e640>,11,3,[1 8],12,12,15,0,12
1,<environment.Job instance at 0x7fbb9be9e6e0>,14,15,[5 3],15,27,42,12,15
1,<environment.Job instance at 0x7fbb9be9e3c0>,16,1,[9 3],17,42,43,25,24
1,<environment.Job instance at 0x7fbb9be9e050>,17,12,[9 2],18,43,55,25,26
1,<environment.Job instance at 0x7fbb9be9f5a0>,24,15,[4 7],25,55,70,30,41
1,<environment.Job instance at 0x7fbb9be9fd20>,26,3,[2 5],27,70,73,43,44
1,<environment.Job instance at 0x7fbb9be9e190>,10,16,[4 8],11,73,89,62,61
1,<environment.Job instance at 0x7fbb9be9f500>,34,13,[1 9],35,89,102,54,74
1,<environment.Job instance at 0x7fbb9beff730>,35,12,[5 2],36,74,86,38,74
1,<environment.Job instance at 0x7fbb9beffaf0>,36,18,[7 1],37,89,107,52,81
1,<environment.Job instance at 0x7fbb9beffbe0>,42,13,[1 9],43,102,115,59,88
1,<environment.Job instance at 0x7fbb9beff820>,43,3,[9 4],44,115,118,71,89
1,<environment.Job instance at 0x7fbb9beff500>,46,16,[9 3],47,118,134,71,105
1,<environment.Job instance at 0x7fbb9c021500>,51,14,[3 5],52,134,148,82,119
1,<environment.Job instance at 0x7fbb9c0219b0>,52,14,[6 3],53,134,148,81,119
1,<environment.Job instance at 0x7fbb9c0215f0>,56,3,[ 1 10],57,148,151,91,128
1,<environment.Job instance at 0x7fbb9c021550>,57,17,[4 6],58,151,168,93,139
1,<environment.Job instance at 0x7fbb9c021c80>,62,16,[1 9],63,168,184,105,155
1,<environment.Job instance at 0x7fbb9c0213c0>,66,16,[2 7],67,184,200,117,171
1,<environment.Job instance at 0x7fbb9c021cd0>,67,13,[7 1],68,171,184,103,171
1,<environment.Job instance at 0x7fbb9c0212d0>,70,14,[1 9],71,200,214,129,185
1,<environment.Job instance at 0x7fbbe1de6af0>,75,15,[1 6],76,214,229,138,200
1,<environment.Job instance at 0x7fbb9be9e4b0>,13,17,[ 4 10],14,229,246,215,217
1,<environment.Job instance at 0x7fbb9bf01b90>,2,3,[3 7],3,5,8,2,5
1,<environment.Job instance at 0x7fbb9c14c640>,3,3,[5 4],4,8,11,4,6
1,<environment.Job instance at 0x7fbb9c14c320>,4,12,[7 2],5,11,23,6,6
1,<environment.Job instance at 0x7fbb9bf01af0>,0,14,[3 5],1,11,25,10,11
1,<environment.Job instance at 0x7fbb9c57df50>,11,2,[10  4],12,25,27,13,12
1,<environment.Job instance at 0x7fbb9c568f00>,9,2,[1 9],10,27,29,17,12
1,<environment.Job instance at 0x7fbbe1de6050>,6,12,[5 6],7,29,41,22,16
1,<environment.Job instance at 0x7fbb9c57d370>,12,16,[5 3],13,29,45,16,19
1,<environment.Job instance at 0x7fbb9c5625a0>,21,12,[2 5],22,41,53,19,27
1,<environment.Job instance at 0x7fbb9c561f00>,19,16,[6 2],20,45,61,25,33
1,<environment.Job instance at 0x7fbb9c562140>,23,14,[1 6],24,53,67,29,40
1,<environment.Job instance at 0x7fbbe1fde2d0>,28,13,[5 7],29,67,80,38,55
1,<environment.Job instance at 0x7fbbe1feaaa0>,29,3,[7 2],30,61,64,31,55
1,<environment.Job instance at 0x7fbb9c561690>,17,14,[ 5 10],18,80,94,62,66
1,<environment.Job instance at 0x7fbb9c594d20>,36,3,[10  1],37,94,97,57,91
1,<environment.Job instance at 0x7fbbe1fdd3c0>,37,15,[7 2],38,97,112,59,91
1,<environment.Job instance at 0x7fbbe20676e0>,42,18,[3 6],43,97,115,54,95
1,<environment.Job instance at 0x7fbbe1d4bf50>,45,16,[2 7],46,115,131,69,102
1,<environment.Job instance at 0x7fbb9bea1280>,48,18,[8 3],49,115,133,66,106
1,<environment.Job instance at 0x7fbbe1d7b280>,41,18,[4 9],42,140,158,98,140
1,<environment.Job instance at 0x7fbbe1ffe7d0>,54,17,[10  3],55,158,175,103,149
1,<environment.Job instance at 0x7fbbe1de6aa0>,5,17,[ 5 10],6,175,192,169,169
1,<environment.Job instance at 0x7fbbe1d61460>,59,15,[9 3],60,192,207,132,182
1,<environment.Job instance at 0x7fbb9beff550>,2,2,[3 7],3,3,5,0,3
1,<environment.Job instance at 0x7fbbe263ea50>,3,2,[ 3 10],4,5,7,1,4
1,<environment.Job instance at 0x7fbbe2bf79b0>,1,17,[9 4],2,7,24,5,6
1,<environment.Job instance at 0x7fbbe263e780>,5,14,[6 1],6,24,38,18,9
1,<environment.Job instance at 0x7fbbe1e8f0f0>,11,2,[6 2],12,38,40,26,12
1,<environment.Job instance at 0x7fbbe1e8ffa0>,8,15,[1 8],9,24,39,15,20
1,<environment.Job instance at 0x7fbbe1e8f460>,12,12,[10  2],13,40,52,27,24
1,<environment.Job instance at 0x7fbbe70b3690>,18,3,[6 2],19,52,55,33,39
1,<environment.Job instance at 0x7fbbe70b3870>,20,17,[8 2],21,55,72,34,43
1,<environment.Job instance at 0x7fbbe2188280>,22,16,[6 2],23,72,88,49,59
1,<environment.Job instance at 0x7fbbe1d3a5f0>,24,15,[2 5],25,59,74,34,59
1,<environment.Job instance at 0x7fbbe23008c0>,25,13,[2 7],26,74,87,48,59
1,<environment.Job instance at 0x7fbbe1e6f370>,32,13,[3 7],33,87,100,54,71
1,<environment.Job instance at 0x7fbbe1e6f1e0>,33,12,[1 8],34,100,112,66,83
1,<environment.Job instance at 0x7fbbe29209b0>,35,14,[5 9],36,112,126,76,97
1,<environment.Job instance at 0x7fbbe2920cd0>,37,16,[3 5],38,126,142,88,113
1,<environment.Job instance at 0x7fbbe29208c0>,39,16,[8 5],40,142,158,102,129
1,<environment.Job instance at 0x7fbb9c387730>,43,14,[4 8],44,158,172,114,144
1,<environment.Job instance at 0x7fbb9c387410>,46,1,[6 4],47,172,173,125,152
1,<environment.Job instance at 0x7fbb9c387b90>,47,2,[9 5],48,173,175,125,153
1,<environment.Job instance at 0x7fbb9c3877d0>,45,17,[3 9],46,175,192,129,166
1,<environment.Job instance at 0x7fbb9c387c80>,53,2,[8 3],54,192,194,138,169
1,<environment.Job instance at 0x7fbb9c387f50>,48,12,[10  5],49,194,206,145,179
1,<environment.Job instance at 0x7fbb9c387140>,4,1,[2 5],5,5,6,0,5
1,<environment.Job instance at 0x7fbbe1c7fdc0>,5,3,[10  1],6,6,9,0,6
1,<environment.Job instance at 0x7fbb9beff820>,11,12,[4 5],12,12,24,0,12
1,<environment.Job instance at 0x7fbb9beffaa0>,13,3,[6 1],14,14,17,0,14
1,<environment.Job instance at 0x7fbb9beff640>,15,3,[4 8],16,24,27,8,16
1,<environment.Job instance at 0x7fbb9beff7d0>,12,18,[ 5 10],13,27,45,14,17
1,<environment.Job instance at 0x7fbbe255e230>,24,12,[3 9],25,45,57,20,30
1,<environment.Job instance at 0x7fbbe255e500>,25,15,[5 1],26,45,60,19,31
1,<environment.Job instance at 0x7fbb9c248870>,33,15,[8 4],34,60,75,26,46
1,<environment.Job instance at 0x7fbb9bf6aeb0>,37,2,[5 7],38,57,59,19,51
1,<environment.Job instance at 0x7fbb9bf6aa50>,38,12,[1 6],39,59,71,20,51
1,<environment.Job instance at 0x7fbb9bf6ab90>,42,1,[5 5],43,75,76,32,61
1,<environment.Job instance at 0x7fbb9beff230>,16,16,[ 5 10],17,76,92,59,65
1,<environment.Job instance at 0x7fbb9bff2d70>,50,13,[10  1],51,92,105,41,92
1,<environment.Job instance at 0x7fbb9bf6a370>,45,17,[4 9],46,105,122,59,93
1,<environment.Job instance at 0x7fbb9bf6a8c0>,44,14,[10  4],45,122,136,77,111
1,<environment.Job instance at 0x7fbb9bff2cd0>,57,18,[4 7],58,136,154,78,125
1,<environment.Job instance at 0x7fbbe21665f0>,59,2,[5 9],60,154,156,94,127
1,<environment.Job instance at 0x7fbbe21669b0>,62,3,[5 1],63,152,155,89,152
1,<environment.Job instance at 0x7fbbe21664b0>,63,18,[10  5],64,156,174,92,155
1,<environment.Job instance at 0x7fbbe2166b90>,66,16,[5 2],67,174,190,107,161
1,<environment.Job instance at 0x7fbbe2166370>,70,3,[ 4 10],71,190,193,119,176
1,<environment.Job instance at 0x7fbbe2166aa0>,71,3,[6 5],72,193,196,121,176
1,<environment.Job instance at 0x7fbbe21665a0>,72,15,[ 3 10],73,196,211,123,184
1,<environment.Job instance at 0x7fbb9bff50a0>,76,3,[4 5],77,211,214,134,196
1,<environment.Job instance at 0x7fbb9bff5230>,77,12,[ 3 10],78,214,226,136,197
1,<environment.Job instance at 0x7fbbe25a16e0>,1,1,[5 1],2,4,5,2,4
1,<environment.Job instance at 0x7fbbe25b8fa0>,3,1,[5 6],4,6,7,2,6
1,<environment.Job instance at 0x7fbbe2599230>,10,3,[ 4 10],11,11,14,0,11
1,<environment.Job instance at 0x7fbbe25b80a0>,7,17,[1 7],8,14,31,6,12
1,<environment.Job instance at 0x7fbbe2599910>,14,13,[2 5],15,31,44,16,21
1,<environment.Job instance at 0x7fbbe2599b40>,17,3,[4 9],18,44,47,26,33
1,<environment.Job instance at 0x7fbbe2599690>,20,3,[2 6],21,47,50,26,34
1,<environment.Job instance at 0x7fbbe25997d0>,18,14,[1 6],19,50,64,31,36
1,<environment.Job instance at 0x7fbbe25930a0>,22,18,[6 4],23,47,65,24,38
1,<environment.Job instance at 0x7fbbe2593410>,24,13,[2 8],25,65,78,40,49
1,<environment.Job instance at 0x7fbbe2593280>,31,12,[5 1],32,65,77,33,62
1,<environment.Job instance at 0x7fbbe2593b40>,29,15,[8 4],30,78,93,48,66
1,<environment.Job instance at 0x7fbbe2593050>,35,13,[2 6],36,78,91,42,76
1,<environment.Job instance at 0x7fbbe2595af0>,41,12,[7 4],42,93,105,51,76
1,<environment.Job instance at 0x7fbbe25b81e0>,4,13,[10  5],5,105,118,100,92
1,<environment.Job instance at 0x7fbbe2595aa0>,47,16,[3 5],48,118,134,70,105
1,<environment.Job instance at 0x7fbb9c3c4460>,51,12,[7 5],52,118,130,66,111
1,<environment.Job instance at 0x7fbb9c3c4c30>,52,12,[5 4],53,130,142,77,113
1,<environment.Job instance at 0x7fbbe2595690>,46,12,[4 6],47,134,146,87,117
1,<environment.Job instance at 0x7fbb9c3c44b0>,58,2,[5 5],59,146,148,87,125
1,<environment.Job instance at 0x7fbb9c3c4910>,59,3,[5 2],60,142,145,82,126
1,<environment.Job instance at 0x7fbb9c3c48c0>,60,14,[6 1],61,148,162,87,134
1,<environment.Job instance at 0x7fbb9c3b3aa0>,62,17,[3 8],63,148,165,85,141
1,<environment.Job instance at 0x7fbb9c3ba3c0>,67,14,[9 3],68,165,179,97,151
1,<environment.Job instance at 0x7fbb9c3babe0>,66,13,[ 1 10],67,179,192,112,164
1,<environment.Job instance at 0x7fbb9c3da4b0>,77,15,[6 1],78,192,207,114,178
1,<environment.Job instance at 0x7fbb9c3ba320>,71,15,[3 9],72,214,229,142,214
1,<environment.Job instance at 0x7f1dbfe932d0>,3,3,[4 8],4,4,7,0,4
1,<environment.Job instance at 0x7f1dc72a2190>,5,2,[1 5],6,7,9,1,6
1,<environment.Job instance at 0x7f1dbfe93230>,4,14,[1 6],5,9,23,4,9
1,<environment.Job instance at 0x7f1dbfe93460>,7,1,[5 4],8,10,11,2,10
1,<environment.Job instance at 0x7f1dbfe93780>,8,13,[5 5],9,23,36,14,10
1,<environment.Job instance at 0x7f1dc72a2280>,0,13,[9 3],1,36,49,35,21
1,<environment.Job instance at 0x7f1dbfe93d20>,17,3,[4 9],18,49,52,31,28
1,<environment.Job instance at 0x7f1dbfe93e60>,18,3,[4 7],19,52,55,33,30
1,<environment.Job instance at 0x7f1dbfe93be0>,16,16,[3 5],17,55,71,38,42
1,<environment.Job instance at 0x7f1dbfe96640>,26,3,[3 7],27,71,74,44,55
1,<environment.Job instance at 0x7f1dbfe96410>,27,15,[8 4],28,74,89,46,61
1,<environment.Job instance at 0x7f1dbfe963c0>,24,18,[2 6],25,74,92,49,63
1,<environment.Job instance at 0x7f1dbfe969b0>,32,3,[5 1],33,67,70,34,67
1,<environment.Job instance at 0x7f1dbfe96aa0>,31,14,[2 5],32,92,106,60,77
1,<environment.Job instance at 0x7f1dbfe96870>,33,14,[5 5],34,92,106,58,77
1,<environment.Job instance at 0x7f1dbfe96dc0>,39,2,[5 6],40,106,108,66,80
1,<environment.Job instance at 0x7f1dbfe93910>,15,18,[2 8],16,108,126,92,97
1,<environment.Job instance at 0x7f1dbfe97870>,45,13,[6 5],46,126,139,80,111
1,<environment.Job instance at 0x7f1dbfe97a50>,48,15,[10  1],49,139,154,90,127
1,<environment.Job instance at 0x7f1dbfe97d70>,53,17,[5 7],54,154,171,100,142
1,<environment.Job instance at 0x7f1dbfea5140>,0,2,[9 3],1,1,3,0,1
1,<environment.Job instance at 0x7f1dc72c9dc0>,3,2,[6 1],4,4,6,0,4
1,<environment.Job instance at 0x7f1dc72c98c0>,5,15,[5 7],6,14,29,8,14
1,<environment.Job instance at 0x7f1dc740f910>,10,18,[2 7],11,29,47,18,18
1,<environment.Job instance at 0x7f1dc72cc280>,14,15,[1 9],15,47,62,32,35
1,<environment.Job instance at 0x7f1dc7408050>,20,3,[6 5],21,62,65,41,36
1,<environment.Job instance at 0x7f1dc7408d70>,23,15,[6 1],24,36,51,12,36
1,<environment.Job instance at 0x7f1dc7414370>,25,16,[7 5],26,65,81,39,52
1,<environment.Job instance at 0x7f1dc7414c30>,31,1,[2 6],32,81,82,49,56
1,<environment.Job instance at 0x7f1dc740f960>,11,18,[ 1 10],12,82,100,70,80
1,<environment.Job instance at 0x7f1dc7415af0>,42,13,[ 5 10],43,108,121,65,108
1,<environment.Job instance at 0x7f1dc7415be0>,45,14,[ 2 10],46,121,135,75,117
1,<environment.Job instance at 0x7f1dc7415eb0>,3,2,[7 3],4,4,6,0,4
1,<environment.Job instance at 0x7f1d7c1a65f0>,4,3,[4 6],5,6,9,1,5
1,<environment.Job instance at 0x7f1d7c1a66e0>,6,1,[5 9],7,9,10,2,7
1,<environment.Job instance at 0x7f1d7c199cd0>,7,1,[2 9],8,10,11,2,10
1,<environment.Job instance at 0x7f1dc74153c0>,2,14,[2 9],3,12,26,9,12
1,<environment.Job instance at 0x7f1d7c1996e0>,12,3,[10  2],13,26,29,13,13
1,<environment.Job instance at 0x7f1d7c1997d0>,13,2,[8 3],14,29,31,15,14
1,<environment.Job instance at 0x7f1d7c199f50>,15,1,[6 2],16,31,32,15,18
1,<environment.Job instance at 0x7f1d7c1992d0>,17,1,[9 1],18,32,33,14,18
1,<environment.Job instance at 0x7f1d7c1991e0>,19,2,[9 4],20,33,35,13,20
1,<environment.Job instance at 0x7f1d7c199140>,20,13,[10  5],21,35,48,14,21
1,<environment.Job instance at 0x7f1d7c0e4e60>,22,14,[2 7],23,48,62,25,34
1,<environment.Job instance at 0x7f1d7c199b40>,14,12,[3 8],15,62,74,47,48
1,<environment.Job instance at 0x7f1d7c0e42d0>,30,3,[5 6],31,74,77,43,48
1,<environment.Job instance at 0x7f1d7c0e4dc0>,34,16,[7 2],35,49,65,14,49
1,<environment.Job instance at 0x7f1d7c2c3b40>,40,18,[4 5],41,77,95,36,68
1,<environment.Job instance at 0x7f1d7c2c3230>,44,16,[9 4],45,95,111,50,82
1,<environment.Job instance at 0x7f1d7c2c3820>,47,16,[9 2],48,111,127,63,98
1,<environment.Job instance at 0x7f1d7c20a050>,49,13,[6 3],50,127,140,77,111
1,<environment.Job instance at 0x7f1d7c0de500>,55,1,[10  1],56,140,141,84,120
1,<environment.Job instance at 0x7f1d7c0deaf0>,57,3,[1 6],58,129,132,71,129
1,<environment.Job instance at 0x7f1d7c0de140>,58,18,[6 3],59,141,159,82,131
1,<environment.Job instance at 0x7f1d7c1a30a0>,61,2,[9 5],62,159,161,97,153
1,<environment.Job instance at 0x7f1d7c1a3fa0>,66,16,[7 4],67,173,189,106,173
1,<environment.Job instance at 0x7f1d7c1a3c80>,67,2,[4 5],68,189,191,121,174
1,<environment.Job instance at 0x7f1d7c1a3f50>,70,3,[7 3],71,191,194,120,178
1,<environment.Job instance at 0x7f1d7c1a39b0>,68,18,[4 6],69,201,219,132,201
1,<environment.Job instance at 0x7f1d7c1a3730>,73,12,[9 1],74,219,231,145,205
1,<environment.Job instance at 0x7f1d7c193230>,81,1,[ 2 10],82,231,232,149,205
1,<environment.Job instance at 0x7f1d7c193af0>,83,2,[4 7],84,232,234,148,207
1,<environment.Job instance at 0x7f1d7c193be0>,85,2,[1 5],86,219,221,133,214
1,<environment.Job instance at 0x7f1d7c193550>,86,3,[8 4],87,234,237,147,215
1,<environment.Job instance at 0x7f1d7c193140>,84,12,[7 2],85,237,249,152,221
1,<environment.Job instance at 0x7f1d7c7c6780>,4,2,[8 5],5,5,7,0,5
1,<environment.Job instance at 0x7f1d7c5445a0>,9,2,[10  2],10,26,28,16,26
1,<environment.Job instance at 0x7f1d7c5440f0>,8,13,[5 1],9,28,41,19,26
1,<environment.Job instance at 0x7f1d7c29aeb0>,13,2,[7 3],14,41,43,27,26
1,<environment.Job instance at 0x7f1d7c29a820>,16,1,[2 7],17,28,29,11,27
1,<environment.Job instance at 0x7f1d7c29a910>,17,3,[6 3],18,43,46,25,27
1,<environment.Job instance at 0x7f1d7c29a5a0>,20,18,[6 1],21,46,64,25,35
1,<environment.Job instance at 0x7f1d7c197d20>,21,2,[1 5],22,35,37,13,35
1,<environment.Job instance at 0x7f1d7c197e60>,23,3,[9 5],24,64,67,40,45
1,<environment.Job instance at 0x7f1d7c197460>,24,2,[7 4],25,67,69,42,47
1,<environment.Job instance at 0x7f1d7c197140>,25,17,[4 6],26,69,86,43,58
1,<environment.Job instance at 0x7f1d7c197be0>,29,16,[9 4],30,86,102,56,73
1,<environment.Job instance at 0x7f1d7c6675f0>,33,2,[5 1],34,77,79,43,77
1,<environment.Job instance at 0x7f1d7c29a460>,14,15,[10  4],15,102,117,87,90
1,<environment.Job instance at 0x7f1d7c667d70>,36,2,[5 5],37,117,119,80,91
1,<environment.Job instance at 0x7f1d7c260870>,37,13,[1 9],38,119,132,81,104
1,<environment.Job instance at 0x7f1d7c260460>,39,15,[ 5 10],40,132,147,92,119
1,<environment.Job instance at 0x7f1d7c696dc0>,44,15,[5 1],45,147,162,102,133
1,<environment.Job instance at 0x7f1d7c696c80>,50,12,[9 2],51,162,174,111,145
1,<environment.Job instance at 0x7f1dc70320a0>,55,12,[2 6],56,174,186,118,157
1,<environment.Job instance at 0x7f1d7c28c500>,56,15,[2 7],57,186,201,129,172
1,<environment.Job instance at 0x7f1d7c53ec30>,62,3,[7 1],63,174,177,111,172
1,<environment.Job instance at 0x7f1d7c643b40>,66,16,[ 5 10],67,218,234,151,218
1,<environment.Job instance at 0x7f1d7c6435f0>,68,1,[2 9],69,234,235,165,218
1,<environment.Job instance at 0x7f1d7c6435a0>,70,15,[7 1],71,234,249,163,220
1,<environment.Job instance at 0x7f1d7c643640>,71,17,[10  3],72,249,266,177,246
1,<environment.Job instance at 0x7f1d7c6432d0>,73,3,[3 5],74,266,269,192,250
1,<environment.Job instance at 0x7f1d7c643230>,74,14,[1 5],75,266,280,191,251
1,<environment.Job instance at 0x7f1d7c7c1a00>,3,3,[4 8],4,4,7,0,4
1,<environment.Job instance at 0x7f1d7c57ea50>,7,15,[5 3],8,24,39,16,24
1,<environment.Job instance at 0x7f1d7c7c1460>,5,3,[3 8],6,39,42,33,24
1,<environment.Job instance at 0x7f1d7c58b0f0>,9,2,[8 2],10,42,44,32,24
1,<environment.Job instance at 0x7f1d7c58b190>,10,2,[1 7],11,24,26,13,24
1,<environment.Job instance at 0x7f1d7c58b2d0>,12,3,[10  4],13,44,47,31,27
1,<environment.Job instance at 0x7f1d7c58b370>,13,2,[5 7],14,27,29,13,27
1,<environment.Job instance at 0x7f1d7c58b410>,14,1,[3 8],15,47,48,32,27
1,<environment.Job instance at 0x7f1d7c58b550>,16,3,[2 8],17,48,51,31,27
1,<environment.Job instance at 0x7f1d7c58b5f0>,17,1,[5 5],18,29,30,11,27
1,<environment.Job instance at 0x7f1d7c58b690>,18,2,[6 3],19,51,53,32,27
1,<environment.Job instance at 0x7f1d7c58b730>,19,3,[7 2],20,39,42,19,27
1,<environment.Job instance at 0x7f1d7c58b230>,11,1,[ 4 10],12,53,54,41,27
1,<environment.Job instance at 0x7f1d7c58b870>,21,3,[1 6],22,36,39,14,36
1,<environment.Job instance at 0x7f1d7c57ec30>,8,18,[1 5],9,54,72,45,43
1,<environment.Job instance at 0x7f1d7c58b9b0>,23,2,[5 5],24,54,56,30,43
1,<environment.Job instance at 0x7f1d7c58bdc0>,24,1,[7 4],25,56,57,31,43
1,<environment.Job instance at 0x7f1d7c58bf50>,26,3,[6 3],27,57,60,30,46
1,<environment.Job instance at 0x7f1d7c589320>,28,14,[7 5],29,60,74,31,55
1,<environment.Job instance at 0x7f1d7c5894b0>,27,12,[5 8],28,74,86,46,57
1,<environment.Job instance at 0x7f1d7c589aa0>,36,12,[8 3],37,86,98,49,71
1,<environment.Job instance at 0x7f1d7c589e10>,40,2,[10  2],41,98,100,57,75
1,<environment.Job instance at 0x7f1d7c58be10>,25,16,[10  4],26,100,116,74,87
1,<environment.Job instance at 0x7f1d7c57eb40>,4,15,[4 6],5,116,131,111,103
1,<environment.Job instance at 0x7f1d7c587fa0>,58,14,[4 6],59,131,145,72,120
1,<environment.Job instance at 0x7f1d7c587b40>,55,13,[ 1 10],56,145,158,89,131
1,<environment.Job instance at 0x7f1d7c587280>,48,14,[ 2 10],49,158,172,109,146
1,<environment.Job instance at 0x7f1d7c594190>,63,13,[4 9],64,172,185,108,157
1,<environment.Job instance at 0x7f1d7c594be0>,71,13,[4 5],72,185,198,113,169
1,<environment.Job instance at 0x7f1d7c594aa0>,76,3,[ 3 10],77,198,201,121,179
1,<environment.Job instance at 0x7f1d7c098050>,77,2,[10  4],78,201,203,123,179
1,<environment.Job instance at 0x7f1d7c0981e0>,78,16,[6 3],79,203,219,124,190
1,<environment.Job instance at 0x7f1d7c0983c0>,80,18,[4 7],81,203,221,122,199
1,<environment.Job instance at 0x7f1d7c594780>,70,16,[10  2],71,221,237,150,209
1,<environment.Job instance at 0x7f1d7c098c30>,88,15,[8 5],89,237,252,148,223
1,<environment.Job instance at 0x7f1d7c098c30>,2,3,[ 4 10],3,3,6,0,3
1,<environment.Job instance at 0x7f1d7c098a00>,1,3,[9 3],2,7,10,5,7
1,<environment.Job instance at 0x7f1dc6e25370>,8,17,[7 4],9,11,28,2,11
1,<environment.Job instance at 0x7f1dc6bf4eb0>,10,12,[8 5],11,28,40,17,11
1,<environment.Job instance at 0x7f1dc6bf48c0>,13,2,[9 1],14,40,42,26,14
1,<environment.Job instance at 0x7f1dc6bf4be0>,14,2,[1 8],15,40,42,25,15
1,<environment.Job instance at 0x7f1dc6bf4640>,12,18,[6 3],13,42,60,29,32
1,<environment.Job instance at 0x7f1dc6e091e0>,21,3,[ 4 10],22,60,63,38,43
1,<environment.Job instance at 0x7f1dc6e09dc0>,24,17,[8 5],25,63,80,38,54
1,<environment.Job instance at 0x7f1dc6e09140>,29,13,[1 9],30,87,100,57,87
1,<environment.Job instance at 0x7f1dc6e09640>,31,13,[5 5],32,100,113,68,87
1,<environment.Job instance at 0x7f1dc6be0960>,35,3,[1 5],36,100,103,64,89
1,<environment.Job instance at 0x7f1dc6be0870>,36,3,[9 3],37,113,116,76,89
1,<environment.Job instance at 0x7f1dc6be01e0>,37,13,[6 4],38,116,129,78,101
1,<environment.Job instance at 0x7f1dc6be0500>,39,1,[10  3],40,129,130,89,102
1,<environment.Job instance at 0x7f1dc6be0f00>,40,19,[1 5],41,103,122,62,102
1,<environment.Job instance at 0x7f1dc6be0050>,41,18,[2 9],42,130,148,88,121
1,<environment.Job instance at 0x7f1dc6783500>,43,13,[6 5],44,148,161,104,132
1,<environment.Job instance at 0x7f1dc6783140>,48,3,[5 8],49,161,164,112,138
1,<environment.Job instance at 0x7f1dc6783d20>,49,15,[9 5],50,164,179,114,150
1,<environment.Job instance at 0x7f1dc67838c0>,53,18,[5 9],54,179,197,125,171
1,<environment.Job instance at 0x7f1dc6783eb0>,60,12,[2 5],61,197,209,136,182
1,<environment.Job instance at 0x7f1dc6ab8640>,61,16,[6 5],62,197,213,135,187
1,<environment.Job instance at 0x7f1dc6ab8c30>,66,14,[3 9],67,213,227,146,198
1,<environment.Job instance at 0x7f1dc6ab87d0>,68,3,[5 9],69,227,230,158,201
1,<environment.Job instance at 0x7f1dc6ab8d20>,70,3,[1 7],71,230,233,159,207
1,<environment.Job instance at 0x7f1dc6ab8410>,71,18,[8 4],72,233,251,161,223
1,<environment.Job instance at 0x7f1dc6ab8aa0>,74,17,[3 9],75,251,268,176,249
1,<environment.Job instance at 0x7f1dc6ab8a00>,78,2,[5 7],79,268,270,189,254
1,<environment.Job instance at 0x7f1dc6ab8b90>,79,15,[7 1],80,270,285,190,256
1,<environment.Job instance at 0x7f1dc6ab80f0>,81,18,[3 6],82,271,289,189,271
1,<environment.Job instance at 0x7f1dc6ab8dc0>,84,14,[7 1],85,285,299,200,277
1,<environment.Job instance at 0x7f1dc01212d0>,86,2,[5 1],87,299,301,212,277
1,<environment.Job instance at 0x7f1d7c6412d0>,3,15,[6 3],4,7,22,3,7
1,<environment.Job instance at 0x7f1d7c781820>,7,3,[7 1],8,22,25,14,8
1,<environment.Job instance at 0x7f1dc6d24d20>,1,14,[5 8],2,25,39,23,11
1,<environment.Job instance at 0x7f1d7c728a00>,16,3,[8 2],17,39,42,22,31
1,<environment.Job instance at 0x7f1dc01553c0>,17,13,[7 3],18,42,55,24,32
1,<environment.Job instance at 0x7f1dc679d640>,21,1,[8 5],22,55,56,33,37
1,<environment.Job instance at 0x7f1dc03221e0>,22,15,[1 6],23,39,54,16,37
1,<environment.Job instance at 0x7f1dc0322230>,23,2,[5 5],24,56,58,32,37
1,<environment.Job instance at 0x7f1d7c34e0f0>,25,17,[7 1],26,58,75,32,47
1,<environment.Job instance at 0x7f1d7c34e4b0>,27,18,[1 7],28,58,76,30,55
1,<environment.Job instance at 0x7f1dc679dc80>,19,15,[ 1 10],20,76,91,56,64
1,<environment.Job instance at 0x7f1d7c337550>,30,15,[1 6],31,91,106,60,77
1,<environment.Job instance at 0x7f1dbfde8fa0>,34,12,[8 4],35,91,103,56,88
1,<environment.Job instance at 0x7f1dbfcc8960>,31,14,[10  4],32,106,120,74,91
1,<environment.Job instance at 0x7f1dbfc58fa0>,37,14,[6 2],38,120,134,82,105
1,<environment.Job instance at 0x7f1dbfc58050>,40,12,[8 1],41,134,146,93,117
1,<environment.Job instance at 0x7f1dbfc589b0>,44,12,[6 5],45,146,158,101,131
1,<environment.Job instance at 0x7f1dc69f1f50>,53,2,[ 4 10],54,158,160,104,154
1,<environment.Job instance at 0x7f1dc67929b0>,59,17,[1 5],60,163,180,103,163
1,<environment.Job instance at 0x7f1dc01bcf00>,60,3,[9 5],61,163,166,102,163
1,<environment.Job instance at 0x7f1dbfd19320>,47,12,[ 4 10],48,180,192,132,164
1,<environment.Job instance at 0x7f1d7c628c30>,65,3,[8 5],66,166,169,100,165
1,<environment.Job instance at 0x7f1dc01bc410>,66,12,[7 1],67,192,204,125,175
1,<environment.Job instance at 0x7f1dc033d730>,69,3,[5 1],70,175,178,105,175
1,<environment.Job instance at 0x7f1dc7028230>,72,3,[6 4],73,204,207,131,184
1,<environment.Job instance at 0x7f1d7c0ea7d0>,74,15,[9 1],75,207,222,132,195
1,<environment.Job instance at 0x7f1dc69dfc80>,78,17,[5 5],79,222,239,143,210
1,<environment.Job instance at 0x7f1d7c3b67d0>,80,15,[9 4],81,239,254,158,225
1,<environment.Job instance at 0x7f1dbfee8410>,82,13,[1 5],83,225,238,142,225
1,<environment.Job instance at 0x7f1dc0251fa0>,86,2,[3 9],87,254,256,167,227
1,<environment.Job instance at 0x7f1dc6d7aaa0>,1,2,[5 1],2,3,5,1,3
1,<environment.Job instance at 0x7f1dc6b678c0>,8,1,[ 3 10],9,10,11,1,10
1,<environment.Job instance at 0x7f1dc6b67a00>,10,15,[4 5],11,11,26,0,11
1,<environment.Job instance at 0x7f1dc6b67af0>,14,3,[6 1],15,18,21,3,18
1,<environment.Job instance at 0x7f1dc6b677d0>,7,13,[9 4],8,26,39,18,18
1,<environment.Job instance at 0x7f1dc6b67910>,9,17,[5 9],10,39,56,29,27
1,<environment.Job instance at 0x7f1dc6b67c80>,15,16,[4 5],16,56,72,40,43
1,<environment.Job instance at 0x7f1dc6b65af0>,28,3,[8 2],29,72,75,43,52
1,<environment.Job instance at 0x7f1dc6b65cd0>,31,1,[4 6],32,75,76,43,55
1,<environment.Job instance at 0x7f1dc6b65230>,20,16,[9 2],21,76,92,55,63
1,<environment.Job instance at 0x7f1dc6b658c0>,37,17,[5 2],38,92,109,54,80
1,<environment.Job instance at 0x7f1dc6b31050>,39,15,[6 3],40,109,124,69,95
1,<environment.Job instance at 0x7f1dc6b31140>,42,3,[9 5],43,124,127,81,109
1,<environment.Job instance at 0x7f1dc6b314b0>,43,12,[6 2],44,127,139,83,111
1,<environment.Job instance at 0x7f1dc6b313c0>,45,16,[5 3],46,139,155,93,126
1,<environment.Job instance at 0x7f1dc6b318c0>,49,13,[3 6],50,139,152,89,139
1,<environment.Job instance at 0x7f1dc6b31b90>,51,14,[4 6],52,152,166,100,139
1,<environment.Job instance at 0x7f1dc6b652d0>,18,16,[ 5 10],19,166,182,147,153
1,<environment.Job instance at 0x7f1dc6b306e0>,62,14,[3 9],63,182,196,119,174
1,<environment.Job instance at 0x7f1dc6b30460>,57,17,[4 9],58,196,213,138,184
1,<environment.Job instance at 0x7f1dc6b30a00>,65,18,[10  3],66,213,231,147,206
1,<environment.Job instance at 0x7f1dc6b30af0>,1,2,[2 6],2,2,4,0,2
1,<environment.Job instance at 0x7f1dc67260a0>,2,3,[9 1],3,5,8,2,5
1,<environment.Job instance at 0x7f1dbfe8a2d0>,8,1,[6 1],9,9,10,0,9
1,<environment.Job instance at 0x7f1d7c6ad320>,11,14,[7 1],12,28,42,16,28
1,<environment.Job instance at 0x7f1d7c609730>,13,3,[5 8],14,42,45,28,28
1,<environment.Job instance at 0x7f1d7c609550>,15,3,[1 5],16,29,32,13,29
1,<environment.Job instance at 0x7f1d7c609a50>,17,14,[4 7],18,45,59,27,31
1,<environment.Job instance at 0x7f1d7c609460>,16,15,[9 5],17,59,74,42,45
1,<environment.Job instance at 0x7f1d7c609f00>,22,17,[4 5],23,74,91,51,62
1,<environment.Job instance at 0x7f1d7c57e5a0>,23,18,[ 1 10],24,91,109,67,80
1,<environment.Job instance at 0x7f1d7c672910>,30,15,[ 4 10],31,109,124,78,96
1,<environment.Job instance at 0x7f1dc71d4140>,38,14,[1 7],39,124,138,85,109
1,<environment.Job instance at 0x7f1dc02ad690>,43,15,[10  4],44,138,153,94,124
1,<environment.Job instance at 0x7f1dc0010af0>,46,15,[ 5 10],47,153,168,106,139
1,<environment.Job instance at 0x7f1d7c2a1b90>,51,13,[5 8],52,168,181,116,152
1,<environment.Job instance at 0x7f1d7c2a19b0>,53,18,[ 4 10],54,181,199,127,170
1,<environment.Job instance at 0x7f1d7c2a15a0>,57,15,[ 5 10],58,199,214,141,185
1,<environment.Job instance at 0x7f1dbfc79230>,61,16,[ 4 10],62,214,230,152,202
1,<environment.Job instance at 0x7f1d7c124cd0>,65,16,[4 6],66,230,246,164,217
1,<environment.Job instance at 0x7f1d7c124c80>,71,13,[2 8],72,246,259,174,231
1,<environment.Job instance at 0x7f1d7c124fa0>,75,17,[7 4],76,259,276,183,250
1,<environment.Job instance at 0x7f1d7c1242d0>,77,14,[5 5],78,276,290,198,261
1,<environment.Job instance at 0x7f1d7c124320>,78,2,[8 5],79,290,292,211,263
1,<environment.Job instance at 0x7f1d7c13fbe0>,81,1,[10  4],82,292,293,210,264
1,<environment.Job instance at 0x7f1d7c13fc80>,84,17,[3 6],85,293,310,208,281
1,<environment.Job instance at 0x7f1d7c5604b0>,1,16,[2 7],2,2,18,0,2
1,<environment.Job instance at 0x7f1dc6c3b370>,4,13,[5 4],5,18,31,13,6
1,<environment.Job instance at 0x7f1d7c560780>,6,2,[7 3],7,9,11,2,9
1,<environment.Job instance at 0x7f1dc67f9be0>,8,2,[2 7],9,31,33,22,9
1,<environment.Job instance at 0x7f1dc67f9aa0>,9,2,[4 6],10,18,20,8,13
1,<environment.Job instance at 0x7f1d7c5603c0>,5,15,[9 1],6,33,48,27,21
1,<environment.Job instance at 0x7f1d7bf3cd70>,12,17,[1 7],13,33,50,20,24
1,<environment.Job instance at 0x7f1dc66b2370>,18,14,[5 4],19,50,64,31,35
1,<environment.Job instance at 0x7f1dc0224be0>,21,18,[9 3],22,64,82,42,53
1,<environment.Job instance at 0x7f1d7c73deb0>,28,16,[2 7],29,82,98,53,69
1,<environment.Job instance at 0x7f1dc02248c0>,23,12,[4 9],24,98,110,74,84
1,<environment.Job instance at 0x7f1dc6dd8aa0>,33,13,[1 7],34,110,123,76,94
1,<environment.Job instance at 0x7f1dbfce2e60>,37,1,[8 3],38,95,96,57,95
1,<environment.Job instance at 0x7f1dc693dfa0>,38,1,[ 1 10],39,123,124,84,95
1,<environment.Job instance at 0x7f1dbfce29b0>,36,16,[6 1],37,97,113,60,97
1,<environment.Job instance at 0x7f1dc693d280>,42,14,[9 1],43,124,138,81,109
1,<environment.Job instance at 0x7f1dc00c4d70>,47,12,[5 4],48,138,150,90,121
1,<environment.Job instance at 0x7f1dc00c49b0>,49,16,[ 4 10],50,150,166,100,137
1,<environment.Job instance at 0x7f1d7c62fbe0>,53,2,[2 8],54,166,168,112,148
1,<environment.Job instance at 0x7f1d7c62f230>,54,14,[10  1],55,168,182,113,156
1,<environment.Job instance at 0x7f1dc6c2b7d0>,60,15,[4 9],61,182,197,121,169
1,<environment.Job instance at 0x7f1dc693d4b0>,40,16,[5 9],41,197,213,156,187
1,<environment.Job instance at 0x7f1dbfcea690>,63,16,[8 2],64,213,229,149,200
1,<environment.Job instance at 0x7f1d7c3cba00>,69,15,[5 6],70,229,244,159,216
1,<environment.Job instance at 0x7f1dbfd110a0>,72,13,[6 5],73,244,257,171,228
1,<environment.Job instance at 0x7f1dbff138c0>,74,18,[1 8],75,257,275,182,247
1,<environment.Job instance at 0x7f1dc0302820>,77,15,[6 1],78,257,272,179,249
1,<environment.Job instance at 0x7f1dc0302960>,78,18,[5 8],79,275,293,196,265
1,<environment.Job instance at 0x7f1d7c4b4960>,82,2,[5 6],83,293,295,210,266
1,<environment.Job instance at 0x7f1dc024e460>,86,2,[6 4],87,295,297,208,268
1,<environment.Job instance at 0x7f1dbfce2230>,3,14,[5 5],4,5,19,1,5
1,<environment.Job instance at 0x7f1dc0107c80>,6,13,[3 7],7,19,32,12,8
1,<environment.Job instance at 0x7f1dc0107e60>,9,3,[10  2],10,32,35,22,12
1,<environment.Job instance at 0x7f1dc013b320>,12,3,[10  5],13,35,38,22,26
1,<environment.Job instance at 0x7f1dc013b1e0>,13,15,[4 9],14,38,53,24,26
1,<environment.Job instance at 0x7f1dc013b410>,15,12,[ 3 10],16,53,65,37,36
1,<environment.Job instance at 0x7f1dc013b550>,16,12,[9 4],17,65,77,48,48
1,<environment.Job instance at 0x7f1dc013b820>,20,16,[9 2],21,77,93,56,65
1,<environment.Job instance at 0x7f1dc013b780>,24,1,[10  4],25,93,94,68,65
1,<environment.Job instance at 0x7f1dc013bd20>,26,12,[6 4],27,94,106,67,77
1,<environment.Job instance at 0x7f1dc013bdc0>,28,17,[1 6],29,94,111,65,94
1,<environment.Job instance at 0x7f1dc013bcd0>,29,17,[9 2],30,106,123,76,95
1,<environment.Job instance at 0x7f1dc013be10>,30,2,[8 1],31,123,125,92,96
1,<environment.Job instance at 0x7f1dc011f1e0>,34,2,[1 6],35,111,113,76,109
1,<environment.Job instance at 0x7f1dc6e23c80>,1,18,[3 7],2,125,143,123,114
1,<environment.Job instance at 0x7f1dc011f0f0>,37,16,[3 5],38,143,159,105,131
1,<environment.Job instance at 0x7f1dc011f780>,40,13,[6 4],41,143,156,102,131
1,<environment.Job instance at 0x7f1dc011f960>,43,18,[ 2 10],44,230,248,186,230
1,<environment.Job instance at 0x7f1dc011f910>,44,17,[8 3],45,248,265,203,237
1,<environment.Job instance at 0x7f1dc011fe10>,48,15,[8 3],49,265,280,216,254
1,<environment.Job instance at 0x7f1dc011fd20>,49,16,[10  5],50,286,302,236,286
1,<environment.Job instance at 0x7f1dc0032280>,55,17,[ 2 10],56,302,319,246,300
1,<environment.Job instance at 0x7f1dc0032410>,60,18,[9 2],61,362,380,301,362
1,<environment.Job instance at 0x7f1dc0032780>,63,14,[5 5],64,380,394,316,370
1,<environment.Job instance at 0x7f1dc0032aa0>,64,12,[7 4],65,394,406,329,378
1,<environment.Job instance at 0x7f1dc0032af0>,4,15,[6 4],5,5,20,0,5
1,<environment.Job instance at 0x7f1d7c231690>,5,1,[5 2],6,20,21,14,6
1,<environment.Job instance at 0x7f1dbfdf8690>,6,3,[8 3],7,21,24,14,7
1,<environment.Job instance at 0x7f1dbfdf8af0>,9,2,[3 7],10,24,26,14,10
1,<environment.Job instance at 0x7f1dbfdf8d70>,10,2,[9 1],11,26,28,15,14
1,<environment.Job instance at 0x7f1dc6c64820>,13,2,[2 7],14,20,22,6,14
1,<environment.Job instance at 0x7f1dc6c64320>,14,1,[9 2],15,28,29,13,15
1,<environment.Job instance at 0x7f1dbfcdd3c0>,19,14,[3 8],20,29,43,9,22
1,<environment.Job instance at 0x7f1dbfdf87d0>,12,14,[9 3],13,43,57,30,29
1,<environment.Job instance at 0x7f1dc0032be0>,2,16,[1 7],3,43,59,40,32
1,<environment.Job instance at 0x7f1dc6dfb5f0>,27,16,[8 4],28,59,75,31,48
1,<environment.Job instance at 0x7f1dc6dfb4b0>,26,12,[7 5],27,75,87,48,60
1,<environment.Job instance at 0x7f1d7c67a730>,33,13,[8 3],34,87,100,53,73
1,<environment.Job instance at 0x7f1d7c67a0a0>,37,1,[2 6],38,73,74,35,73
1,<environment.Job instance at 0x7f1d7c67acd0>,34,17,[8 5],35,100,117,65,89
1,<environment.Job instance at 0x7f1dc6e23fa0>,42,1,[5 2],43,117,118,74,89
1,<environment.Job instance at 0x7f1dc6c64140>,16,16,[4 9],17,118,134,101,106
1,<environment.Job instance at 0x7f1dc6e23050>,48,12,[5 1],49,118,130,69,118
1,<environment.Job instance at 0x7f1dc6e23820>,52,14,[10  1],53,134,148,81,121
1,<environment.Job instance at 0x7f1dbfdd5a00>,55,14,[5 7],56,148,162,92,133
1,<environment.Job instance at 0x7f1dc6e23be0>,46,13,[10  5],47,162,175,115,146
1,<environment.Job instance at 0x7f1dbfcdda00>,21,18,[5 9],22,175,193,153,164
1,<environment.Job instance at 0x7f1dbfe806e0>,70,14,[2 6],71,193,207,122,178
1,<environment.Job instance at 0x7f1dc000c410>,75,3,[3 9],76,207,210,131,194
1,<environment.Job instance at 0x7f1dc000c5f0>,76,18,[3 6],77,210,228,133,199
1,<environment.Job instance at 0x7f1d7c67a640>,38,14,[9 5],39,228,242,189,213
1,<environment.Job instance at 0x7f1dc000c140>,80,3,[9 2],81,242,245,161,216
1,<environment.Job instance at 0x7f1dc000c3c0>,81,3,[2 9],82,245,248,163,219
1,<environment.Job instance at 0x7f1dc000ceb0>,79,3,[2 9],80,248,251,168,222
1,<environment.Job instance at 0x7f1dc000cf00>,85,18,[5 8],86,251,269,165,240
1,<environment.Job instance at 0x7f1d7c53e550>,0,2,[7 4],1,1,3,0,1
1,<environment.Job instance at 0x7f1d7c53e5a0>,3,1,[5 5],4,4,5,0,4
1,<environment.Job instance at 0x7f1d7c53ecd0>,5,16,[6 5],6,9,25,3,9
1,<environment.Job instance at 0x7f1d7c53e460>,9,3,[4 5],10,10,13,0,10
1,<environment.Job instance at 0x7f1dc6b73460>,11,13,[5 2],12,25,38,13,12
1,<environment.Job instance at 0x7f1dc6b735a0>,10,15,[5 1],11,25,40,14,14
1,<environment.Job instance at 0x7f1dbfdfee10>,22,2,[1 5],23,38,40,15,25
1,<environment.Job instance at 0x7f1dbfdfed70>,19,18,[1 9],20,40,58,20,29
1,<environment.Job instance at 0x7f1dbfc35410>,25,3,[10  2],26,58,61,32,42
1,<environment.Job instance at 0x7f1dbfdfe320>,23,14,[4 8],24,61,75,37,50
1,<environment.Job instance at 0x7f1dc004aa00>,33,18,[5 2],34,61,79,27,60
1,<environment.Job instance at 0x7f1dc004ad70>,34,16,[7 5],35,79,95,44,66
1,<environment.Job instance at 0x7f1dc004a230>,38,3,[6 3],39,95,98,56,75
1,<environment.Job instance at 0x7f1dc004a7d0>,41,13,[9 1],42,98,111,56,82
1,<environment.Job instance at 0x7f1dc004a320>,30,18,[5 5],31,111,129,80,100
1,<environment.Job instance at 0x7f1d7c7007d0>,46,12,[3 5],47,111,123,64,100
1,<environment.Job instance at 0x7f1d7c700e60>,49,1,[7 3],50,129,130,79,101
1,<environment.Job instance at 0x7f1d7c700730>,51,1,[3 8],52,130,131,78,102
1,<environment.Job instance at 0x7f1d7c700e10>,53,3,[9 5],54,131,134,77,106
1,<environment.Job instance at 0x7f1d7c700190>,52,18,[9 2],53,134,152,81,123
1,<environment.Job instance at 0x7f1dc67bf8c0>,62,17,[5 1],63,152,169,89,140
1,<environment.Job instance at 0x7f1dc6b44d70>,54,14,[5 9],55,152,166,97,144
1,<environment.Job instance at 0x7f1d7c53efa0>,7,18,[9 4],8,169,187,161,158
1,<environment.Job instance at 0x7f1dc01e3640>,71,15,[7 3],72,187,202,115,173
1,<environment.Job instance at 0x7f1dc01e39b0>,72,17,[1 5],73,173,190,100,173
1,<environment.Job instance at 0x7f1d7c2cafa0>,80,18,[5 4],81,229,247,148,229
1,<environment.Job instance at 0x7f1d7c2ca280>,82,2,[ 2 10],83,247,249,164,231
1,<environment.Job instance at 0x7f1d7c2caa50>,84,16,[8 1],85,249,265,164,236
1,<environment.Job instance at 0x7f1d7c2f9af0>,68,14,[9 5],69,265,279,196,253
1,<environment.Job instance at 0x7f1dbfc51e10>,0,12,[2 6],1,6,18,5,6
1,<environment.Job instance at 0x7f1dc03a6af0>,7,3,[3 7],8,18,21,10,8
1,<environment.Job instance at 0x7f1dc03a6cd0>,9,13,[4 8],10,21,34,11,12
1,<environment.Job instance at 0x7f1d7c2f9af0>,5,13,[5 5],6,34,47,28,18
1,<environment.Job instance at 0x7f1dc03b8730>,12,15,[2 5],13,34,49,21,20
1,<environment.Job instance at 0x7f1dc03b8b90>,18,2,[7 5],19,47,49,28,28
1,<environment.Job instance at 0x7f1dc03a68c0>,11,16,[2 5],12,49,65,37,36
1,<environment.Job instance at 0x7f1dc03a6b90>,8,17,[7 5],9,49,66,40,38
1,<environment.Job instance at 0x7f1dc03b8410>,22,3,[1 7],23,66,69,43,41
1,<environment.Job instance at 0x7f1dc03c00f0>,23,13,[9 3],24,66,79,42,52
1,<environment.Job instance at 0x7f1dc03a4960>,26,14,[5 4],27,79,93,52,64
1,<environment.Job instance at 0x7f1dc0388870>,32,3,[6 1],33,93,96,60,77
1,<environment.Job instance at 0x7f1dc03b8d20>,21,18,[4 9],22,93,111,71,82
1,<environment.Job instance at 0x7f1dc025f5a0>,36,1,[6 4],37,111,112,74,83
1,<environment.Job instance at 0x7f1dc02615a0>,37,2,[3 8],38,112,114,74,85
1,<environment.Job instance at 0x7f1dc0306690>,39,17,[9 1],40,114,131,74,102
1,<environment.Job instance at 0x7f1d7bed67d0>,41,3,[1 8],42,114,117,72,102
1,<environment.Job instance at 0x7f1dc684deb0>,44,15,[5 3],45,131,146,86,117
1,<environment.Job instance at 0x7f1dc676e050>,47,12,[9 2],48,146,158,98,129
1,<environment.Job instance at 0x7f1d7c646690>,51,12,[8 2],52,158,170,106,141
1,<environment.Job instance at 0x7f1d7c643eb0>,40,16,[4 8],41,170,186,129,157
1,<environment.Job instance at 0x7f1d7c3f7190>,61,16,[4 9],62,186,202,124,173
1,<environment.Job instance at 0x7f1dc0309550>,64,13,[1 9],65,202,215,137,186
1,<environment.Job instance at 0x7f1dc6ad7190>,72,13,[1 9],73,215,228,142,205
1,<environment.Job instance at 0x7f1dc6ad75a0>,73,3,[9 4],74,228,231,154,205
1,<environment.Job instance at 0x7f1dc6ad7a00>,74,14,[2 7],75,231,245,156,216
1,<environment.Job instance at 0x7f1dc6ad7b40>,78,16,[5 1],79,231,247,152,219
1,<environment.Job instance at 0x7f1dc6ad73c0>,81,14,[3 5],82,245,259,163,230
1,<environment.Job instance at 0x7f1dc6ac70f0>,83,12,[4 5],84,247,259,163,232
1,<environment.Job instance at 0x7f1d7c487410>,0,18,[3 6],1,3,21,2,3
1,<environment.Job instance at 0x7f1dbfcaf6e0>,6,16,[2 7],7,21,37,14,8
1,<environment.Job instance at 0x7f1dc6ce5910>,12,12,[1 7],13,37,49,24,20
1,<environment.Job instance at 0x7f1d7c51b190>,15,15,[1 6],16,49,64,33,35
1,<environment.Job instance at 0x7f1d7c74aaf0>,18,13,[3 6],19,64,77,45,49
1,<environment.Job instance at 0x7f1dc6d7a640>,23,3,[5 4],24,49,52,25,49
1,<environment.Job instance at 0x7f1dc6d7aa50>,24,12,[7 2],25,52,64,27,49
1,<environment.Job instance at 0x7f1dc6ac7c30>,3,13,[6 4],4,64,77,60,49
1,<environment.Job instance at 0x7f1dc0183870>,26,12,[5 6],27,77,89,50,62
1,<environment.Job instance at 0x7f1dbfdb04b0>,32,16,[5 3],33,77,93,44,64
1,<environment.Job instance at 0x7f1dc6dd3780>,30,15,[6 2],31,93,108,62,80
1,<environment.Job instance at 0x7f1dc67abeb0>,39,16,[6 2],40,108,124,68,96
1,<environment.Job instance at 0x7f1dc67ab140>,41,12,[2 5],42,97,109,55,97
1,<environment.Job instance at 0x7f1dbfc8a230>,37,14,[ 5 10],38,124,138,86,109
1,<environment.Job instance at 0x7f1dc67abbe0>,48,13,[5 7],49,138,151,89,122
1,<environment.Job instance at 0x7f1d7c5d0be0>,52,14,[6 1],53,151,165,98,140
1,<environment.Job instance at 0x7f1dbfe3f050>,56,3,[10  1],57,165,168,108,162
1,<environment.Job instance at 0x7f1dbfcc5960>,34,16,[8 5],35,168,184,133,163
1,<environment.Job instance at 0x7f1dbfca24b0>,59,2,[7 4],60,184,186,124,163
1,<environment.Job instance at 0x7f1d7c23f0a0>,65,16,[2 7],66,186,202,120,173
1,<environment.Job instance at 0x7f1dbfd2b0a0>,68,18,[8 3],69,202,220,133,202
1,<environment.Job instance at 0x7f1dbfca2a00>,61,18,[4 9],62,220,238,158,212
1,<environment.Job instance at 0x7f1d7c351af0>,74,17,[10  3],75,238,255,163,233
1,<environment.Job instance at 0x7f1d7c0d5370>,72,15,[ 2 10],73,281,296,208,281
1,<environment.Job instance at 0x7f1dc67c9b90>,2,3,[1 5],3,3,6,0,3
1,<environment.Job instance at 0x7f1dc00356e0>,3,2,[5 6],4,6,8,2,4
1,<environment.Job instance at 0x7f1dc67c9730>,0,3,[5 7],1,8,11,7,6
1,<environment.Job instance at 0x7f1dc67ba910>,8,1,[1 5],9,11,12,2,10
1,<environment.Job instance at 0x7f1d7c7b8b40>,12,2,[3 7],13,13,15,0,13
1,<environment.Job instance at 0x7f1d7c7b8460>,11,17,[9 4],12,15,32,3,15
1,<environment.Job instance at 0x7f1d7c7b8780>,15,14,[6 1],16,32,46,16,17
1,<environment.Job instance at 0x7f1d7c7b8050>,16,16,[3 8],17,32,48,15,22
1,<environment.Job instance at 0x7f1dc6ac76e0>,20,13,[7 3],21,48,61,27,34
1,<environment.Job instance at 0x7f1d7be71500>,22,12,[10  2],23,61,73,38,46
1,<environment.Job instance at 0x7f1d7c7b84b0>,10,17,[5 9],11,73,90,62,61
1,<environment.Job instance at 0x7f1d7be716e0>,30,17,[8 2],31,90,107,59,78
1,<environment.Job instance at 0x7f1d7be71aa0>,32,16,[6 2],33,107,123,74,94
1,<environment.Job instance at 0x7f1d7be71960>,35,13,[2 7],36,96,109,60,96
1,<environment.Job instance at 0x7f1d7be71b90>,36,3,[1 8],37,109,112,72,97
1,<environment.Job instance at 0x7f1d7be715a0>,24,18,[ 2 10],25,123,141,98,112
1,<environment.Job instance at 0x7f1d7c7f07d0>,42,13,[3 7],43,141,154,98,125
1,<environment.Job instance at 0x7f1d7c7f0af0>,45,14,[5 9],46,154,168,108,139
1,<environment.Job instance at 0x7f1d7c7f0550>,47,16,[3 5],48,168,184,120,155
1,<environment.Job instance at 0x7f1d7c7f08c0>,49,16,[8 5],50,184,200,134,172
1,<environment.Job instance at 0x7f1dbfd170f0>,53,14,[4 8],54,200,214,146,189
1,<environment.Job instance at 0x7f1dbfd179b0>,54,18,[10  2],55,214,232,159,203
1,<environment.Job instance at 0x7f1dbfd17820>,58,12,[10  5],59,232,244,173,215
1,<environment.Job instance at 0x7f1d7be71190>,26,18,[ 2 10],27,244,262,217,233
1,<environment.Job instance at 0x7f1dbfd17c30>,5,3,[10  1],6,6,9,0,6
1,<environment.Job instance at 0x7f1d7be9a1e0>,3,12,[5 8],4,9,21,5,9
1,<environment.Job instance at 0x7f1d7c4bd6e0>,9,2,[1 8],10,21,23,11,10
1,<environment.Job instance at 0x7f1d7c4bd320>,13,3,[6 1],14,21,24,7,14
1,<environment.Job instance at 0x7f1d7c4a22d0>,15,3,[4 8],16,23,26,7,16
1,<environment.Job instance at 0x7f1d7c4a24b0>,18,3,[2 8],19,26,29,7,19
1,<environment.Job instance at 0x7f1d7c4a25a0>,19,2,[4 5],20,29,31,9,20
1,<environment.Job instance at 0x7f1d7c4abe60>,21,2,[2 6],22,31,33,9,22
1,<environment.Job instance at 0x7f1d7c4abb40>,23,14,[1 8],24,33,47,9,24
1,<environment.Job instance at 0x7f1dc68d2550>,25,15,[5 1],26,27,42,1,27
1,<environment.Job instance at 0x7f1d7c1f29b0>,24,12,[3 9],25,47,59,22,30
1,<environment.Job instance at 0x7f1dc6c99410>,29,1,[5 1],30,42,43,12,30
1,<environment.Job instance at 0x7f1d7c1e5c80>,32,3,[10  3],33,59,62,26,33
1,<environment.Job instance at 0x7f1dbff98320>,35,13,[5 1],36,43,56,7,36
1,<environment.Job instance at 0x7f1dbff98820>,38,12,[1 6],39,62,74,23,45
1,<environment.Job instance at 0x7f1d7c1ec910>,39,1,[6 3],40,62,63,22,45
1,<environment.Job instance at 0x7f1d7c1eceb0>,40,16,[6 2],41,63,79,22,51
1,<environment.Job instance at 0x7f1dbffba9b0>,45,17,[4 9],46,79,96,33,67
1,<environment.Job instance at 0x7f1d7c4a20f0>,16,16,[ 5 10],17,96,112,79,88
1,<environment.Job instance at 0x7f1dc6c2fe10>,52,19,[4 7],53,112,131,59,102
1,<environment.Job instance at 0x7f1dc6c419b0>,57,18,[4 7],58,131,149,73,120
1,<environment.Job instance at 0x7f1dbffb2870>,61,14,[2 7],62,149,163,87,143
1,<environment.Job instance at 0x7f1dbffb26e0>,62,3,[5 1],63,143,146,80,143
1,<environment.Job instance at 0x7f1dbffb2dc0>,64,1,[7 2],65,149,150,84,146
1,<environment.Job instance at 0x7f1dbffb2500>,63,18,[10  5],64,163,181,99,156
1,<environment.Job instance at 0x7f1dc6c2ee10>,70,3,[ 4 10],71,181,184,110,167
1,<environment.Job instance at 0x7f1dc6c2e910>,71,3,[6 5],72,184,187,112,168
1,<environment.Job instance at 0x7f1dc6c2ed70>,72,15,[ 3 10],73,187,202,114,174
1,<environment.Job instance at 0x7f1dc6c2ed20>,75,14,[2 9],76,202,216,126,187
1,<environment.Job instance at 0x7f1d7bfc46e0>,77,12,[ 3 10],78,216,228,138,199
1,<environment.Job instance at 0x7f1dc6c1ae10>,83,1,[5 6],84,228,229,144,211
1,<environment.Job instance at 0x7f1dc6c1a1e0>,86,2,[1 8],87,229,231,142,213
1,<environment.Job instance at 0x7f1dc6c1a410>,87,17,[1 7],88,231,248,143,219
1,<environment.Job instance at 0x7f1dc01e36e0>,7,3,[4 9],8,8,11,0,8
1,<environment.Job instance at 0x7f1dc685c2d0>,4,13,[2 5],5,11,24,6,8
1,<environment.Job instance at 0x7f1dc01e3730>,9,3,[3 5],10,11,14,1,10
1,<environment.Job instance at 0x7f1d7c21f320>,10,3,[2 6],11,24,27,13,12
1,<environment.Job instance at 0x7f1d7bf27960>,12,18,[6 4],13,14,32,1,14
1,<environment.Job instance at 0x7f1dc6bcb730>,8,14,[1 6],9,27,41,18,15
1,<environment.Job instance at 0x7f1d7bf98d70>,18,3,[10  4],19,41,44,22,22
1,<environment.Job instance at 0x7f1d7c027410>,14,13,[2 8],15,44,57,29,28
1,<environment.Job instance at 0x7f1d7c2ad9b0>,21,12,[5 1],22,44,56,22,28
1,<environment.Job instance at 0x7f1dbfce2c30>,19,15,[8 4],20,57,72,37,43
1,<environment.Job instance at 0x7f1d7bfa6230>,28,18,[5 6],29,72,90,43,61
1,<environment.Job instance at 0x7f1d7bf80eb0>,35,16,[5 7],36,90,106,54,77
1,<environment.Job instance at 0x7f1d7bf801e0>,37,16,[3 5],38,106,122,68,93
1,<environment.Job instance at 0x7f1d7c29a690>,41,12,[7 5],42,106,118,64,96
1,<environment.Job instance at 0x7f1d7c29a140>,42,12,[5 4],43,118,130,75,104
1,<environment.Job instance at 0x7f1dc6696af0>,32,18,[7 3],33,130,148,97,119
1,<environment.Job instance at 0x7f1d7c29a320>,46,15,[1 5],47,122,137,75,119
1,<environment.Job instance at 0x7f1dc01c1e10>,50,14,[6 1],51,148,162,97,134
1,<environment.Job instance at 0x7f1d7c439730>,53,3,[5 6],54,162,165,108,136
1,<environment.Job instance at 0x7f1d7c8372d0>,59,15,[8 4],60,165,180,105,153
1,<environment.Job instance at 0x7f1d7c837370>,62,16,[6 3],63,180,196,117,167
1,<environment.Job instance at 0x7f1dc6df9410>,52,17,[3 8],53,204,221,151,204
1,<environment.Job instance at 0x7f1d7c09d6e0>,82,3,[6 2],83,206,209,123,206
1,<environment.Job instance at 0x7f1d7c29a2d0>,44,17,[5 6],45,221,238,176,209
1,<environment.Job instance at 0x7f1d7c09de60>,87,3,[9 2],88,238,241,150,215
1,<environment.Job instance at 0x7f1d7c0a65f0>,0,2,[2 6],1,7,9,6,7
1,<environment.Job instance at 0x7f1dc0254640>,6,2,[5 5],7,9,11,2,8
1,<environment.Job instance at 0x7f1dc0254a00>,7,2,[9 3],8,11,13,3,8
1,<environment.Job instance at 0x7f1d7c09d960>,2,2,[2 8],3,13,15,10,9
1,<environment.Job instance at 0x7f1dc0254960>,10,3,[8 4],11,15,18,4,11
1,<environment.Job instance at 0x7f1dc0254320>,11,13,[5 5],12,18,31,6,12
1,<environment.Job instance at 0x7f1dc0254eb0>,12,3,[9 3],13,31,34,18,13
1,<environment.Job instance at 0x7f1dc0254fa0>,13,1,[10  5],14,34,35,20,14
1,<environment.Job instance at 0x7f1dc0254c80>,15,3,[5 6],16,35,38,19,16
1,<environment.Job instance at 0x7f1dc0254e60>,16,2,[3 5],17,18,20,1,17
1,<environment.Job instance at 0x7f1dc0254690>,17,1,[5 1],18,20,21,2,19
1,<environment.Job instance at 0x7f1d7c22d870>,20,13,[8 3],21,38,51,17,22
1,<environment.Job instance at 0x7f1d7c22d550>,24,3,[3 7],25,51,54,26,25
1,<environment.Job instance at 0x7f1d7c686aa0>,29,15,[6 1],30,51,66,21,37
1,<environment.Job instance at 0x7f1d7c686320>,30,17,[2 8],31,54,71,23,45
1,<environment.Job instance at 0x7f1d7be7ea00>,33,13,[5 1],34,66,79,32,50
1,<environment.Job instance at 0x7f1d7be7e640>,36,12,[1 9],37,71,83,34,62
1,<environment.Job instance at 0x7f1d7be7e3c0>,38,16,[10  3],39,83,99,44,71
1,<environment.Job instance at 0x7f1d7be7eaf0>,43,16,[4 9],44,99,115,55,88
1,<environment.Job instance at 0x7f1d7bf4df00>,52,17,[1 6],53,115,132,62,103
1,<environment.Job instance at 0x7f1d7bf4daa0>,57,3,[5 5],58,132,135,74,120
1,<environment.Job instance at 0x7f1d7bf4d550>,59,1,[9 1],60,120,121,60,120
1,<environment.Job instance at 0x7f1d7bf28b40>,61,16,[ 2 10],62,135,151,73,123
1,<environment.Job instance at 0x7f1d7bf28780>,65,3,[6 1],66,151,154,85,141
1,<environment.Job instance at 0x7f1d7bf28460>,67,15,[1 7],68,151,166,83,141
1,<environment.Job instance at 0x7f1d7bf28d20>,70,1,[8 1],71,165,166,94,165
1,<environment.Job instance at 0x7f1d7bf28640>,71,12,[8 3],72,166,178,94,165
1,<environment.Job instance at 0x7f1d7bfa5320>,75,16,[10  2],76,201,217,125,201
1,<environment.Job instance at 0x7f1d7bfa5730>,76,2,[5 6],77,217,219,140,201
1,<environment.Job instance at 0x7f1d7bfa5a00>,78,1,[9 2],79,219,220,140,201
1,<environment.Job instance at 0x7f1d7bfa5b40>,79,12,[ 5 10],80,220,232,140,204
1,<environment.Job instance at 0x7f1d7bfa5a50>,81,2,[10  5],82,232,234,150,211
1,<environment.Job instance at 0x7f1d7bfa55f0>,82,1,[9 4],83,234,235,151,211
1,<environment.Job instance at 0x7f1d7c225550>,83,2,[3 6],84,235,237,151,211
1,<environment.Job instance at 0x7f1d7c225af0>,84,1,[1 7],85,219,220,134,211
1,<environment.Job instance at 0x7f1d7c225190>,87,14,[8 3],88,237,251,149,223
1,<environment.Job instance at 0x7f1dbfc1fcd0>,3,2,[9 4],4,4,6,0,4
1,<environment.Job instance at 0x7f1dbfc1e730>,8,13,[5 9],9,9,22,0,9
1,<environment.Job instance at 0x7f1dbfc1e640>,9,3,[ 4 10],10,22,25,12,10
1,<environment.Job instance at 0x7f1dbfc1e9b0>,10,14,[5 5],11,25,39,14,11
1,<environment.Job instance at 0x7f1dbfc1e2d0>,14,3,[6 1],15,39,42,24,15
1,<environment.Job instance at 0x7f1dbfc1fc30>,6,14,[3 9],7,39,53,32,25
1,<environment.Job instance at 0x7f1dbfc26370>,19,1,[6 1],20,42,43,22,25
1,<environment.Job instance at 0x7f1dbfc260f0>,20,12,[3 8],21,53,65,32,41
1,<environment.Job instance at 0x7f1dbfc26960>,27,16,[2 6],28,65,81,37,60
1,<environment.Job instance at 0x7f1dbfc067d0>,30,17,[6 4],31,65,82,34,60
1,<environment.Job instance at 0x7f1dbfc06b90>,29,15,[5 3],30,82,97,52,69
1,<environment.Job instance at 0x7f1dbfc06e10>,32,18,[9 5],33,97,115,64,89
1,<environment.Job instance at 0x7f1d7bf7df50>,39,3,[2 9],40,115,118,75,89
1,<environment.Job instance at 0x7f1d7bf7d1e0>,41,16,[8 5],42,118,134,76,105
1,<environment.Job instance at 0x7f1d7bf7d410>,44,17,[5 7],45,134,151,89,122
1,<environment.Job instance at 0x7f1d7bf7d9b0>,45,12,[5 1],46,134,146,88,122
1,<environment.Job instance at 0x7f1dbfbf7eb0>,48,15,[6 1],49,151,166,102,137
1,<environment.Job instance at 0x7f1dbfbf75a0>,55,15,[8 2],56,166,181,110,152
1,<environment.Job instance at 0x7f1dbfc060f0>,35,15,[9 5],36,181,196,145,167
1,<environment.Job instance at 0x7f1dbffbc4b0>,61,18,[6 1],62,196,214,134,188
1,<environment.Job instance at 0x7f1dbffbc370>,63,14,[2 9],64,208,222,144,208
1,<environment.Job instance at 0x7f1dbffbc7d0>,64,12,[9 4],65,222,234,157,209
1,<environment.Job instance at 0x7f1dbffbc140>,68,12,[3 5],69,234,246,165,217
1,<environment.Job instance at 0x7f1dbfc145f0>,75,3,[9 5],76,246,249,170,240
1,<environment.Job instance at 0x7f1dbfc14b40>,76,17,[3 8],77,249,266,172,240
1,<environment.Job instance at 0x7f1dbfc14460>,80,3,[ 2 10],81,266,269,185,241
1,<environment.Job instance at 0x7f1dbfc143c0>,81,2,[8 5],82,269,271,187,242
1,<environment.Job instance at 0x7f1dbfc140a0>,83,1,[ 3 10],84,271,272,187,244
1,<environment.Job instance at 0x7f1dbfc14410>,84,2,[10  3],85,272,274,187,245
1,<environment.Job instance at 0x7f1dbfc14320>,85,18,[5 5],86,274,292,188,263
1,<environment.Job instance at 0x7f1dbfc144b0>,86,14,[10  1],87,292,306,205,277
1,<environment.Job instance at 0x7f1dbfc22cd0>,88,14,[3 7],89,306,320,217,291
1,<environment.Job instance at 0x7f338ea466e0>,8,13,[5 5],9,15,28,6,15
1,<environment.Job instance at 0x7f3393e55230>,5,2,[1 5],6,22,24,16,22
1,<environment.Job instance at 0x7f338ea46960>,14,13,[7 3],15,28,41,13,22
1,<environment.Job instance at 0x7f338ea467d0>,10,12,[3 7],11,28,40,17,22
1,<environment.Job instance at 0x7f338ea46fa0>,19,14,[3 5],20,40,54,20,25
1,<environment.Job instance at 0x7f338ea49a00>,25,12,[ 5 10],26,54,66,28,49
1,<environment.Job instance at 0x7f338ea49be0>,29,12,[5 4],30,66,78,36,49
1,<environment.Job instance at 0x7f338ea49d20>,31,14,[2 5],32,66,80,34,51
1,<environment.Job instance at 0x7f338ea46dc0>,16,16,[3 5],17,78,94,61,73
1,<environment.Job instance at 0x7f338ea4a320>,40,15,[10  3],41,94,109,53,80
1,<environment.Job instance at 0x7f338ea4a640>,45,13,[6 5],46,109,122,63,93
1,<environment.Job instance at 0x7f338ea4a820>,48,15,[10  1],49,122,137,73,108
1,<environment.Job instance at 0x7f338ea46d70>,15,18,[2 8],16,137,155,121,126
1,<environment.Job instance at 0x7f3393fbb820>,3,16,[1 6],4,5,21,1,5
1,<environment.Job instance at 0x7f3393fbb140>,4,15,[1 9],5,21,36,16,7
1,<environment.Job instance at 0x7f3393fbbeb0>,8,3,[10  4],9,36,39,27,12
1,<environment.Job instance at 0x7f3393fbbe60>,10,3,[6 5],11,39,42,28,13
1,<environment.Job instance at 0x7f3393fc7aa0>,14,14,[2 5],15,39,53,24,24
1,<environment.Job instance at 0x7f3393fc7460>,18,1,[3 6],19,53,54,34,28
1,<environment.Job instance at 0x7f3393fc7230>,20,2,[7 2],21,42,44,21,33
1,<environment.Job instance at 0x7f3393fc7f00>,21,1,[2 6],22,54,55,32,33
1,<environment.Job instance at 0x7f3393fbb6e0>,7,17,[9 3],8,64,81,56,64
1,<environment.Job instance at 0x7f3393fc41e0>,26,3,[ 5 10],27,81,84,54,64
1,<environment.Job instance at 0x7f3393e7d370>,29,2,[1 8],30,84,86,54,82
1,<environment.Job instance at 0x7f3393e7da50>,32,13,[ 5 10],33,86,99,53,82
1,<environment.Job instance at 0x7f3393e7d6e0>,34,3,[5 6],35,99,102,64,85
1,<environment.Job instance at 0x7f3393e7dc80>,35,14,[ 2 10],36,102,116,66,89
1,<environment.Job instance at 0x7f3393fbbdc0>,4,3,[9 2],5,6,9,1,6
1,<environment.Job instance at 0x7f3348e238c0>,6,3,[2 8],7,9,12,2,9
1,<environment.Job instance at 0x7f3348e230f0>,5,14,[10  2],6,18,32,12,18
1,<environment.Job instance at 0x7f3348d249b0>,13,2,[5 6],14,32,34,18,18
1,<environment.Job instance at 0x7f3348d24a00>,14,16,[7 2],15,34,50,19,21
1,<environment.Job instance at 0x7f3348d24a50>,17,3,[1 5],18,34,37,16,21
1,<environment.Job instance at 0x7f3348d885f0>,21,18,[2 8],22,37,55,15,31
1,<environment.Job instance at 0x7f3348e1f460>,26,14,[10  1],27,55,69,28,40
1,<environment.Job instance at 0x7f3348e1f8c0>,28,15,[7 5],29,69,84,40,55
1,<environment.Job instance at 0x7f3348d9a780>,33,1,[ 4 10],34,84,85,50,60
1,<environment.Job instance at 0x7f3348d9a8c0>,34,3,[4 7],35,85,88,50,60
1,<environment.Job instance at 0x7f3348d9a370>,38,18,[6 3],39,85,103,46,75
1,<environment.Job instance at 0x7f3348e1f140>,24,16,[9 4],25,103,119,78,91
1,<environment.Job instance at 0x7f3348df4d20>,47,2,[4 5],48,96,98,48,96
1,<environment.Job instance at 0x7f3348df40f0>,50,3,[7 3],51,119,122,68,106
1,<environment.Job instance at 0x7f3348df4a50>,54,14,[5 5],55,122,136,67,110
1,<environment.Job instance at 0x7f3348df4c30>,56,3,[9 1],57,136,139,79,121
1,<environment.Job instance at 0x7f3348df4780>,57,17,[5 2],58,139,156,81,128
1,<environment.Job instance at 0x7f3348df4460>,48,18,[4 6],49,139,157,90,128
1,<environment.Job instance at 0x7f3348e08690>,67,13,[9 2],68,157,170,89,142
1,<environment.Job instance at 0x7f3348e045a0>,70,17,[2 6],71,170,187,99,159
1,<environment.Job instance at 0x7f3348e04d20>,71,15,[8 4],72,170,185,98,163
1,<environment.Job instance at 0x7f3348e04640>,75,1,[8 1],76,185,186,109,163
1,<environment.Job instance at 0x7f3348df47d0>,58,18,[4 5],59,188,206,129,188
1,<environment.Job instance at 0x7f3348e04be0>,78,13,[5 1],79,188,201,109,188
1,<environment.Job instance at 0x7f3348e048c0>,79,2,[10  2],80,206,208,126,189
1,<environment.Job instance at 0x7f3348dce230>,83,2,[7 3],84,208,210,124,189
1,<environment.Job instance at 0x7f3348dcef00>,87,3,[6 3],88,201,204,113,195
1,<environment.Job instance at 0x7f3348dce780>,88,13,[8 5],89,210,223,121,195
1,<environment.Job instance at 0x7f3348dce3c0>,93,3,[9 5],94,223,226,129,215
1,<environment.Job instance at 0x7f3348dce0f0>,94,2,[7 4],95,226,228,131,215
1,<environment.Job instance at 0x7f3348dcecd0>,95,17,[4 6],96,228,245,132,216
1,<environment.Job instance at 0x7f33491f72d0>,3,2,[5 1],4,4,6,0,4
1,<environment.Job instance at 0x7f3348e26e10>,5,13,[6 4],6,6,19,0,6
1,<environment.Job instance at 0x7f33491f7f50>,6,2,[5 5],7,19,21,12,7
1,<environment.Job instance at 0x7f33491f7b40>,0,15,[8 2],1,21,36,20,11
1,<environment.Job instance at 0x7f3348d255a0>,15,3,[5 2],16,36,39,20,19
1,<environment.Job instance at 0x7f3348d25500>,16,3,[ 5 10],17,39,42,22,19
1,<environment.Job instance at 0x7f3348d25cd0>,17,1,[8 5],18,42,43,24,19
1,<environment.Job instance at 0x7f3348d25730>,21,2,[1 7],22,26,28,4,26
1,<environment.Job instance at 0x7f3348d25f50>,23,3,[2 5],24,28,31,4,26
1,<environment.Job instance at 0x7f3348d25fa0>,20,12,[9 2],21,43,55,22,26
1,<environment.Job instance at 0x7f3348c94a50>,26,15,[2 7],27,55,70,28,41
1,<environment.Job instance at 0x7f3348c94410>,32,3,[7 1],33,57,60,24,57
1,<environment.Job instance at 0x7f33491f7370>,4,17,[9 4],5,99,116,94,99
1,<environment.Job instance at 0x7f3348c945f0>,39,13,[4 6],40,116,129,76,100
1,<environment.Job instance at 0x7f33491f7190>,9,15,[ 5 10],10,129,144,119,115
1,<environment.Job instance at 0x7f3348e1fb40>,45,12,[ 4 10],46,144,156,98,129
1,<environment.Job instance at 0x7f3348e1f7d0>,49,16,[5 4],50,156,172,106,146
1,<environment.Job instance at 0x7f3348e1fa50>,54,18,[3 6],55,156,174,101,147
1,<environment.Job instance at 0x7f33491fedc0>,56,16,[9 2],57,174,190,117,161
1,<environment.Job instance at 0x7f33491fefa0>,61,17,[7 5],62,190,207,128,178
1,<environment.Job instance at 0x7f33491fe780>,63,3,[4 8],64,207,210,143,181
1,<environment.Job instance at 0x7f33491069b0>,65,3,[3 8],66,210,213,144,189
1,<environment.Job instance at 0x7f3349106e10>,68,18,[1 5],69,213,231,144,202
1,<environment.Job instance at 0x7f3349106550>,75,13,[5 5],76,213,226,137,203
1,<environment.Job instance at 0x7f3348e78a50>,81,3,[1 6],82,231,234,149,211
1,<environment.Job instance at 0x7f3348d25320>,24,12,[5 9],25,234,246,209,218
1,<environment.Job instance at 0x7f3348e78c30>,85,16,[10  4],86,258,274,172,258
1,<environment.Job instance at 0x7f3348e783c0>,86,3,[6 3],87,274,277,187,258
1,<environment.Job instance at 0x7f3348e78f00>,87,12,[5 8],88,277,289,189,260
1,<environment.Job instance at 0x7f3348e78320>,88,14,[7 5],89,289,303,200,277
1,<environment.Job instance at 0x7f3348e78be0>,89,3,[5 5],90,303,306,213,277
1,<environment.Job instance at 0x7f3348e78dc0>,91,3,[9 4],92,306,309,214,289
1,<environment.Job instance at 0x7f3348e78b40>,92,1,[7 4],93,309,310,216,289
1,<environment.Job instance at 0x7f3348e78870>,93,2,[9 2],94,310,312,216,289
1,<environment.Job instance at 0x7f3348e786e0>,96,12,[8 3],97,329,341,232,329
1,<environment.Job instance at 0x7f3348e78190>,97,15,[2 9],98,341,356,243,329
1,<environment.Job instance at 0x7f334914a5f0>,5,3,[2 5],6,6,9,0,6
1,<environment.Job instance at 0x7f3348e41780>,1,17,[2 6],2,23,40,21,23
1,<environment.Job instance at 0x7f334914aa50>,11,3,[7 3],12,28,31,16,28
1,<environment.Job instance at 0x7f334914ae10>,17,2,[6 4],18,31,33,13,28
1,<environment.Job instance at 0x7f334914aeb0>,18,14,[4 6],19,40,54,21,29
1,<environment.Job instance at 0x7f334914a730>,22,12,[5 5],23,54,66,31,41
1,<environment.Job instance at 0x7f334914aa00>,10,18,[3 5],11,54,72,43,50
1,<environment.Job instance at 0x7f3349134730>,25,14,[7 4],26,66,80,40,53
1,<environment.Job instance at 0x7f33491341e0>,31,13,[4 5],32,80,93,48,64
1,<environment.Job instance at 0x7f3349134c80>,37,2,[10  4],38,93,95,55,76
1,<environment.Job instance at 0x7f3349134aa0>,38,16,[6 3],39,95,111,56,82
1,<environment.Job instance at 0x7f334913f370>,40,18,[4 7],41,95,113,54,89
1,<environment.Job instance at 0x7f334913f320>,41,14,[1 5],42,113,127,71,98
1,<environment.Job instance at 0x7f33491345f0>,23,13,[4 9],24,127,140,103,112
1,<environment.Job instance at 0x7f334913fdc0>,52,3,[ 4 10],53,140,143,87,120
1,<environment.Job instance at 0x7f33491347d0>,35,12,[ 1 10],36,143,155,107,126
1,<environment.Job instance at 0x7f334912e2d0>,58,17,[7 4],59,155,172,96,143
1,<environment.Job instance at 0x7f334912e0a0>,56,18,[4 6],57,172,190,115,168
1,<environment.Job instance at 0x7f334912e410>,60,12,[8 5],61,190,202,129,174
1,<environment.Job instance at 0x7f334912e780>,61,3,[9 2],62,202,205,140,176
1,<environment.Job instance at 0x7f334912e5f0>,63,2,[9 1],64,205,207,141,186
1,<environment.Job instance at 0x7f334912eaf0>,64,2,[1 8],65,202,204,137,186
1,<environment.Job instance at 0x7f334912eb90>,65,16,[6 3],66,207,223,141,194
1,<environment.Job instance at 0x7f334912ecd0>,67,2,[2 8],68,223,225,155,196
1,<environment.Job instance at 0x7f339366be60>,1,13,[5 3],2,5,18,3,5
1,<environment.Job instance at 0x7f334912e9b0>,2,15,[5 1],3,9,24,6,9
1,<environment.Job instance at 0x7f3348d25f50>,7,2,[2 6],8,18,20,10,11
1,<environment.Job instance at 0x7f3348d25460>,10,12,[2 5],11,20,32,9,12
1,<environment.Job instance at 0x7f339366b5a0>,4,12,[6 4],5,24,36,19,13
1,<environment.Job instance at 0x7f3348cfac80>,18,3,[5 9],19,36,39,17,19
1,<environment.Job instance at 0x7f3348cfaa50>,17,2,[2 8],18,39,41,21,21
1,<environment.Job instance at 0x7f3348cfa9b0>,20,3,[1 7],21,41,44,20,26
1,<environment.Job instance at 0x7f339366bcd0>,8,14,[5 9],9,44,58,35,29
1,<environment.Job instance at 0x7f3348cfa3c0>,23,3,[7 3],24,41,44,17,30
1,<environment.Job instance at 0x7f3348cfaa00>,25,13,[10  4],26,58,71,32,42
1,<environment.Job instance at 0x7f3393e79c80>,30,14,[6 4],31,71,85,40,56
1,<environment.Job instance at 0x7f33934adc80>,38,16,[8 5],39,85,101,46,77
1,<environment.Job instance at 0x7f3348cfa5f0>,19,13,[5 9],20,101,114,81,85
1,<environment.Job instance at 0x7f33937be910>,43,15,[6 3],44,114,129,70,101
1,<environment.Job instance at 0x7f338e8977d0>,50,1,[6 3],51,129,130,78,115
1,<environment.Job instance at 0x7f338e8978c0>,52,18,[5 1],53,135,153,82,135
1,<environment.Job instance at 0x7f338e897fa0>,53,2,[5 6],54,135,137,81,135
1,<environment.Job instance at 0x7f338e897690>,54,2,[2 5],55,137,139,82,135
1,<environment.Job instance at 0x7f33932682d0>,56,3,[8 2],57,153,156,96,135
1,<environment.Job instance at 0x7f3393268c30>,57,13,[7 3],58,156,169,98,142
1,<environment.Job instance at 0x7f3393268370>,60,14,[3 6],61,156,170,95,148
1,<environment.Job instance at 0x7f3393268d70>,61,1,[8 5],62,170,171,108,148
1,<environment.Job instance at 0x7f3393268a00>,64,12,[4 6],65,171,183,106,154
1,<environment.Job instance at 0x7f3393268140>,59,15,[ 1 10],60,183,198,123,169
1,<environment.Job instance at 0x7f338ef6b460>,67,18,[1 7],68,198,216,130,187
1,<environment.Job instance at 0x7f338ef6b5f0>,71,14,[10  4],72,216,230,144,202
1,<environment.Job instance at 0x7f339387c050>,76,3,[8 1],77,208,211,131,208
1,<environment.Job instance at 0x7f33490125f0>,77,14,[6 2],78,230,244,152,215
1,<environment.Job instance at 0x7f3349012910>,79,17,[7 2],80,244,261,164,232
1,<environment.Job instance at 0x7f3349012050>,85,2,[4 7],86,241,243,155,241
1,<environment.Job instance at 0x7f3349012f50>,87,12,[ 4 10],88,262,274,174,262
1,<environment.Job instance at 0x7f3349012dc0>,80,12,[8 1],81,274,286,193,266
1,<environment.Job instance at 0x7f3349012c30>,90,3,[4 8],91,286,289,195,266
1,<environment.Job instance at 0x7f3349012500>,92,3,[9 1],93,289,292,196,267
1,<environment.Job instance at 0x7f3349012d20>,93,2,[ 4 10],94,292,294,198,267
1,<environment.Job instance at 0x7f33937be4b0>,42,16,[9 2],43,474,490,431,474
1,<environment.Job instance at 0x7f338ed00460>,3,1,[6 2],4,4,5,0,4
1,<environment.Job instance at 0x7f33939ab050>,6,12,[7 1],7,9,21,2,9
1,<environment.Job instance at 0x7f33490f3f00>,9,3,[5 1],10,21,24,11,10
1,<environment.Job instance at 0x7f33490f3730>,12,3,[6 4],13,24,27,11,14
1,<environment.Job instance at 0x7f339340fbe0>,14,15,[9 1],15,27,42,12,15
1,<environment.Job instance at 0x7f33493355a0>,13,3,[6 2],14,42,45,28,16
1,<environment.Job instance at 0x7f3348ede690>,17,1,[9 4],18,45,46,27,21
1,<environment.Job instance at 0x7f3393286960>,18,17,[5 5],19,46,63,27,35
1,<environment.Job instance at 0x7f3348ecb0a0>,24,2,[10  3],25,63,65,38,38
1,<environment.Job instance at 0x7f3348d4c5a0>,26,2,[3 9],27,65,67,38,38
1,<environment.Job instance at 0x7f3348ecb4b0>,27,2,[7 2],28,67,69,39,40
1,<environment.Job instance at 0x7f338ee1f460>,28,3,[10  4],29,69,72,40,43
1,<environment.Job instance at 0x7f3348e24640>,31,2,[5 1],32,51,53,19,51
1,<environment.Job instance at 0x7f3348f33550>,32,14,[6 5],33,72,86,39,57
1,<environment.Job instance at 0x7f338e7cd730>,33,1,[7 2],34,86,87,52,58
1,<environment.Job instance at 0x7f3393819a50>,2,13,[4 8],3,87,100,84,71
1,<environment.Job instance at 0x7f338e98c0f0>,38,1,[ 3 10],39,100,101,61,73
1,<environment.Job instance at 0x7f338e98c870>,37,13,[9 4],38,101,114,63,85
1,<environment.Job instance at 0x7f338e98cd70>,44,3,[6 1],45,114,117,69,98
1,<environment.Job instance at 0x7f338e98cb90>,45,16,[4 5],46,114,130,68,101
1,<environment.Job instance at 0x7f338e98c140>,39,17,[5 9],40,130,147,90,123
1,<environment.Job instance at 0x7f33492ddbe0>,48,16,[ 5 10],49,195,211,146,195
1,<environment.Job instance at 0x7f33492ddc80>,50,16,[9 2],51,211,227,160,200
1,<environment.Job instance at 0x7f338eeda4b0>,52,2,[5 8],53,227,229,174,200
1,<environment.Job instance at 0x7f338eedaaf0>,53,12,[4 6],54,229,241,175,214
1,<environment.Job instance at 0x7f3348cf7320>,55,13,[2 6],56,241,254,185,225
1,<environment.Job instance at 0x7f338e7adb90>,63,16,[6 5],64,254,270,190,241
1,<environment.Job instance at 0x7f338e89cbe0>,68,18,[1 9],69,270,288,201,260
1,<environment.Job instance at 0x7f338e89c690>,70,15,[3 9],71,288,303,217,274
1,<environment.Job instance at 0x7f3349272190>,75,16,[5 3],76,303,319,227,297
1,<environment.Job instance at 0x7f338ed26cd0>,78,14,[9 4],79,319,333,240,304
1,<environment.Job instance at 0x7f338ed268c0>,79,13,[3 6],80,333,346,253,318
1,<environment.Job instance at 0x7f338eca3370>,0,1,[5 9],1,1,2,0,1
1,<environment.Job instance at 0x7f338eb6fe10>,2,3,[5 2],3,4,7,1,4
1,<environment.Job instance at 0x7f338eca3b90>,3,3,[9 2],4,7,10,3,4
1,<environment.Job instance at 0x7f338e816910>,5,12,[5 6],6,10,22,4,7
1,<environment.Job instance at 0x7f3348d76190>,1,3,[8 4],2,22,25,20,8
1,<environment.Job instance at 0x7f338e816d70>,9,3,[7 4],10,25,28,15,10
1,<environment.Job instance at 0x7f338e816e60>,10,2,[4 9],11,28,30,17,12
1,<environment.Job instance at 0x7f338e816a50>,6,17,[5 5],7,30,47,23,19
1,<environment.Job instance at 0x7f338e8064b0>,18,15,[3 6],19,47,62,28,33
1,<environment.Job instance at 0x7f338e806960>,22,3,[9 1],23,62,65,39,43
1,<environment.Job instance at 0x7f338e816e10>,13,16,[4 9],14,82,98,68,82
1,<environment.Job instance at 0x7f338e806d70>,28,1,[6 1],29,84,85,55,84
1,<environment.Job instance at 0x7f338e806e10>,29,15,[5 2],30,98,113,68,84
1,<environment.Job instance at 0x7f33933fe6e0>,2,3,[3 8],3,3,6,0,3
1,<environment.Job instance at 0x7f338e99da00>,0,2,[2 7],1,6,8,5,4
1,<environment.Job instance at 0x7f33937daeb0>,1,1,[10  4],2,8,9,6,5
1,<environment.Job instance at 0x7f338e93ff00>,6,1,[5 7],7,9,10,2,7
1,<environment.Job instance at 0x7f3349111fa0>,7,16,[1 5],8,10,26,2,8
1,<environment.Job instance at 0x7f3349111460>,8,2,[7 3],9,10,12,1,9
1,<environment.Job instance at 0x7f338e92a1e0>,13,13,[6 5],14,17,30,3,17
1,<environment.Job instance at 0x7f338e92a500>,14,13,[5 4],15,30,43,15,18
1,<environment.Job instance at 0x7f338e92ac80>,18,2,[2 7],19,43,45,24,23
1,<environment.Job instance at 0x7f338e92a6e0>,15,15,[9 1],16,45,60,29,31
1,<environment.Job instance at 0x7f33937e20a0>,22,17,[1 7],23,45,62,22,33
1,<environment.Job instance at 0x7f3349111af0>,11,16,[2 7],12,62,78,50,51
1,<environment.Job instance at 0x7f339358a910>,28,14,[5 4],29,78,92,49,64
1,<environment.Job instance at 0x7f33932c9320>,31,18,[9 3],32,92,110,60,81
1,<environment.Job instance at 0x7f339372bb90>,38,16,[2 7],39,110,126,71,98
1,<environment.Job instance at 0x7f33937a1d70>,40,3,[7 3],41,110,113,69,98
1,<environment.Job instance at 0x7f3349038320>,42,18,[5 8],43,126,144,83,116
1,<environment.Job instance at 0x7f338ea28b90>,50,16,[5 9],51,144,160,93,132
1,<environment.Job instance at 0x7f338eb41550>,52,14,[9 1],53,160,174,107,145
1,<environment.Job instance at 0x7f338eb41640>,58,14,[8 1],59,174,188,115,159
1,<environment.Job instance at 0x7f338eb415f0>,59,16,[ 4 10],60,188,204,128,183
1,<environment.Job instance at 0x7f334921a960>,67,3,[3 8],68,204,207,136,190
1,<environment.Job instance at 0x7f334921ae10>,69,13,[ 2 10],70,207,220,137,191
1,<environment.Job instance at 0x7f3349197230>,70,15,[4 9],71,220,235,149,206
1,<environment.Job instance at 0x7f338ee39fa0>,6,13,[3 7],7,8,21,1,8
1,<environment.Job instance at 0x7f3393576910>,9,3,[10  2],10,21,24,11,12
1,<environment.Job instance at 0x7f3348d022d0>,7,16,[5 8],8,24,40,16,13
1,<environment.Job instance at 0x7f3393dd7370>,2,17,[1 9],3,40,57,37,32
1,<environment.Job instance at 0x7f33490fa190>,16,12,[9 4],17,57,69,40,40
1,<environment.Job instance at 0x7f3349151d20>,14,14,[10  4],15,69,83,54,55
1,<environment.Job instance at 0x7f338ee36d70>,20,16,[9 2],21,83,99,62,72
1,<environment.Job instance at 0x7f3348d5afa0>,29,17,[9 2],30,99,116,69,88
1,<environment.Job instance at 0x7f338ec7b320>,1,18,[3 7],2,116,134,114,108
1,<environment.Job instance at 0x7f33934148c0>,37,16,[3 5],38,134,150,96,121
1,<environment.Job instance at 0x7f3393414b40>,40,13,[6 4],41,134,147,93,129
1,<environment.Job instance at 0x7f33492fcc80>,43,18,[ 2 10],44,165,183,121,165
1,<environment.Job instance at 0x7f33492fc460>,44,17,[8 3],45,183,200,138,175
1,<environment.Job instance at 0x7f33492fc050>,48,15,[8 3],49,200,215,151,196
1,<environment.Job instance at 0x7f33492fcc30>,49,16,[10  5],50,226,242,176,226
1,<environment.Job instance at 0x7f33492fcdc0>,51,16,[5 3],52,242,258,190,230
1,<environment.Job instance at 0x7f33934b4370>,55,17,[ 2 10],56,258,275,202,247
1,<environment.Job instance at 0x7f338eeb4280>,60,18,[9 2],61,275,293,214,264
1,<environment.Job instance at 0x7f339323a410>,63,14,[5 5],64,293,307,229,280
1,<environment.Job instance at 0x7f33939ba960>,1,2,[6 2],2,3,5,1,3
1,<environment.Job instance at 0x7f338e881820>,0,2,[9 1],1,5,7,4,4
1,<environment.Job instance at 0x7f338e8816e0>,4,1,[9 2],5,7,8,2,5
1,<environment.Job instance at 0x7f339323a9b0>,3,2,[2 7],4,8,10,4,7
1,<environment.Job instance at 0x7f3348bb6370>,5,3,[9 1],6,10,13,4,9
1,<environment.Job instance at 0x7f338e881460>,2,14,[9 3],3,13,27,10,10
1,<environment.Job instance at 0x7f3348bb6820>,10,12,[5 9],11,27,39,16,11
1,<environment.Job instance at 0x7f3348bb6be0>,17,16,[8 4],18,39,55,21,26
1,<environment.Job instance at 0x7f339323aeb0>,6,16,[4 9],7,55,71,48,42
1,<environment.Job instance at 0x7f3348baa230>,23,13,[8 3],24,71,84,47,57
1,<environment.Job instance at 0x7f3348baa5a0>,28,14,[9 5],29,84,98,55,69
1,<environment.Job instance at 0x7f3348baaa50>,32,1,[5 2],33,98,99,65,82
1,<environment.Job instance at 0x7f3348baa9b0>,31,13,[5 2],32,98,111,66,82
1,<environment.Job instance at 0x7f3348baab90>,34,17,[4 7],35,99,116,64,89
1,<environment.Job instance at 0x7f3348baacd0>,36,13,[10  5],37,116,129,79,101
1,<environment.Job instance at 0x7f3348bc4370>,45,14,[5 7],46,129,143,83,114
1,<environment.Job instance at 0x7f3348bc4320>,42,14,[10  1],43,143,157,100,128
1,<environment.Job instance at 0x7f3348bc47d0>,50,18,[5 4],51,157,175,106,146
1,<environment.Job instance at 0x7f3348baa0f0>,21,14,[ 5 10],22,175,189,153,160
1,<environment.Job instance at 0x7f3348bc4460>,59,13,[7 2],60,189,202,129,173
1,<environment.Job instance at 0x7f338e7da500>,63,16,[3 8],64,189,205,125,176
1,<environment.Job instance at 0x7f338e7da460>,67,18,[5 5],68,205,223,137,195
1,<environment.Job instance at 0x7f338e7da9b0>,70,3,[9 2],71,223,226,152,202
1,<environment.Job instance at 0x7f3348bb6730>,9,14,[3 8],10,226,240,216,211
1,<environment.Job instance at 0x7f338e7dacd0>,76,18,[3 9],77,240,258,163,229
1,<environment.Job instance at 0x7f338e7da4b0>,80,2,[7 4],81,258,260,177,231
1,<environment.Job instance at 0x7f338e7dac30>,75,18,[5 8],76,260,278,184,249
1,<environment.Job instance at 0x7f338e7c5820>,87,18,[9 4],88,278,296,190,272
1,<environment.Job instance at 0x7f338e7c5aa0>,89,3,[4 5],90,296,299,206,276
1,<environment.Job instance at 0x7f338e7c5b40>,90,15,[5 1],91,296,311,205,284
1,<environment.Job instance at 0x7f338e7c5a50>,91,13,[5 2],92,299,312,207,284
1,<environment.Job instance at 0x7f338eb505a0>,2,2,[1 5],3,3,5,0,3
1,<environment.Job instance at 0x7f338eb50050>,7,2,[9 1],8,10,12,2,10
1,<environment.Job instance at 0x7f338e7c5e10>,3,14,[4 8],4,12,26,8,11
1,<environment.Job instance at 0x7f338e7b3050>,4,17,[3 7],5,26,43,21,19
1,<environment.Job instance at 0x7f338ef371e0>,12,1,[3 9],13,43,44,30,19
1,<environment.Job instance at 0x7f338ef376e0>,13,18,[5 2],14,22,40,8,22
1,<environment.Job instance at 0x7f33934f4f00>,16,12,[8 3],17,44,56,27,29
1,<environment.Job instance at 0x7f3348bd1c30>,18,3,[6 3],19,40,43,21,29
1,<environment.Job instance at 0x7f3348bd1af0>,24,15,[10  2],25,56,71,31,42
1,<environment.Job instance at 0x7f3348bd1690>,26,12,[3 5],27,71,83,44,55
1,<environment.Job instance at 0x7f33493ea410>,34,14,[5 9],35,83,97,48,70
1,<environment.Job instance at 0x7f33493ea190>,38,3,[9 2],39,97,100,58,75
1,<environment.Job instance at 0x7f33491c8e10>,42,17,[5 1],43,100,117,57,88
1,<environment.Job instance at 0x7f33491c8f50>,43,3,[2 6],44,100,103,56,88
1,<environment.Job instance at 0x7f33491c8820>,47,17,[5 5],48,103,120,55,93
1,<environment.Job instance at 0x7f33491c8a00>,49,14,[8 5],50,120,134,70,105
1,<environment.Job instance at 0x7f3349366910>,52,17,[1 5],53,117,134,64,114
1,<environment.Job instance at 0x7f3349366460>,53,3,[3 9],54,134,137,80,114
1,<environment.Job instance at 0x7f3348d0f280>,55,1,[ 1 10],56,137,138,81,119
1,<environment.Job instance at 0x7f338eb50960>,9,18,[2 9],10,138,156,128,127
1,<environment.Job instance at 0x7f3348d0feb0>,60,18,[5 4],61,166,184,105,166
1,<environment.Job instance at 0x7f338ee2e370>,67,3,[5 6],68,170,173,102,170
1,<environment.Job instance at 0x7f339381afa0>,69,3,[6 1],70,184,187,114,172
1,<environment.Job instance at 0x7f339381a140>,70,12,[2 6],71,173,185,102,172
1,<environment.Job instance at 0x7f338ebb4aa0>,73,3,[7 2],74,187,190,113,173
1,<environment.Job instance at 0x7f3348bd7cd0>,74,13,[5 8],75,190,203,115,174
1,<environment.Job instance at 0x7f338ef37a50>,11,14,[ 1 10],12,203,217,191,189
1,<environment.Job instance at 0x7f334927d780>,79,13,[4 8],80,217,230,137,201
1,<environment.Job instance at 0x7f334927dc80>,82,15,[2 5],83,230,245,147,216
1,<environment.Job instance at 0x7f334927d0a0>,85,15,[5 4],86,230,245,144,217
1,<environment.Job instance at 0x7f33493dca00>,90,18,[4 5],91,245,263,154,235
1,<environment.Job instance at 0x7f33492a3780>,94,19,[2 5],95,245,264,150,240
1,<environment.Job instance at 0x7f33492a3e10>,95,14,[ 3 10],96,264,278,168,249
1,<environment.Job instance at 0x7f338e89f550>,0,2,[2 6],1,2,4,1,2
1,<environment.Job instance at 0x7f33492bf690>,11,3,[1 8],12,12,15,0,12
1,<environment.Job instance at 0x7f33492bf5a0>,14,15,[5 3],15,24,39,9,24
1,<environment.Job instance at 0x7f33492bf500>,15,15,[8 3],16,39,54,23,25
1,<environment.Job instance at 0x7f33492bfd20>,20,13,[10  5],21,54,67,33,38
1,<environment.Job instance at 0x7f33934f47d0>,26,3,[2 5],27,67,70,40,53
1,<environment.Job instance at 0x7f33492bfd70>,9,17,[9 1],10,70,87,60,58
1,<environment.Job instance at 0x7f33934f4230>,31,16,[4 9],32,87,103,55,76
1,<environment.Job instance at 0x7f33934f4190>,34,13,[1 9],35,103,116,68,89
1,<environment.Job instance at 0x7f33934f41e0>,37,3,[7 5],38,116,119,78,96
1,<environment.Job instance at 0x7f33490d18c0>,38,2,[5 3],39,119,121,80,96
1,<environment.Job instance at 0x7f33492a3e60>,5,18,[ 2 10],6,121,139,115,115
1,<environment.Job instance at 0x7f33490d1be0>,43,3,[9 4],44,139,142,95,115
1,<environment.Job instance at 0x7f33490d1d70>,45,2,[1 9],46,142,144,96,117
1,<environment.Job instance at 0x7f33492bf050>,13,17,[ 4 10],14,144,161,130,132
1,<environment.Job instance at 0x7f33936ce190>,52,14,[6 3],53,161,175,108,146
1,<environment.Job instance at 0x7f33936ce730>,57,17,[4 6],58,161,178,103,149
1,<environment.Job instance at 0x7f338eb08960>,62,16,[1 9],63,178,194,115,165
1,<environment.Job instance at 0x7f338eb086e0>,66,16,[2 7],67,194,210,127,181
1,<environment.Job instance at 0x7f338eb08e10>,67,13,[7 1],68,183,196,115,183
1,<environment.Job instance at 0x7f338ea7e5a0>,70,14,[1 9],71,210,224,139,195
1,<environment.Job instance at 0x7f33490d1cd0>,46,16,[9 3],47,224,240,177,211
1,<environment.Job instance at 0x7f338ea7ef00>,75,15,[1 6],76,224,239,148,216
1,<environment.Job instance at 0x7f338ea7e050>,80,14,[3 5],81,240,254,159,225
1,<environment.Job instance at 0x7f3349050690>,84,12,[7 2],85,240,252,155,225
1,<environment.Job instance at 0x7f3349050be0>,85,17,[ 5 10],86,257,274,171,257
1,<environment.Job instance at 0x7f33490506e0>,86,12,[5 6],87,274,286,187,258
1,<environment.Job instance at 0x7f338eae01e0>,92,16,[5 3],93,274,290,181,262
1,<environment.Job instance at 0x7f338eae0f00>,93,16,[9 5],94,290,306,196,290
1,<environment.Job instance at 0x7f338eae0c80>,94,16,[8 5],95,306,322,211,295
1,<environment.Job instance at 0x7f338ef37a00>,1,12,[2 5],2,4,16,2,4
1,<environment.Job instance at 0x7f338ea4a9b0>,2,16,[9 3],3,16,32,13,6
1,<environment.Job instance at 0x7f3349079320>,3,14,[1 6],4,17,31,13,17
1,<environment.Job instance at 0x7f338eaad1e0>,8,13,[5 7],9,32,45,23,31
1,<environment.Job instance at 0x7f338eaaf690>,20,2,[1 9],21,45,47,24,39
1,<environment.Job instance at 0x7f334921a140>,19,2,[7 4],20,47,49,27,39
1,<environment.Job instance at 0x7f338eaafaf0>,22,18,[3 6],23,47,65,24,40
1,<environment.Job instance at 0x7f3348fbf870>,26,1,[7 1],27,45,46,18,40
1,<environment.Job instance at 0x7f338e8f44b0>,29,15,[6 5],30,65,80,35,55
1,<environment.Job instance at 0x7f3349223870>,33,18,[6 3],34,87,105,53,87
1,<environment.Job instance at 0x7f338ec368c0>,34,17,[10  3],35,105,122,70,94
1,<environment.Job instance at 0x7f338eaad0a0>,15,18,[10  4],16,167,185,151,167
1,<environment.Job instance at 0x7f3348cfef50>,37,18,[6 4],38,185,203,147,175
1,<environment.Job instance at 0x7f338ed35d20>,39,15,[9 3],40,203,218,163,202
1,<environment.Job instance at 0x7f338e8ff5a0>,42,3,[2 6],43,218,221,175,202
1,<environment.Job instance at 0x7f33492ab4b0>,43,12,[4 8],44,221,233,177,209
1,<environment.Job instance at 0x7f33934661e0>,46,15,[4 7],47,254,269,207,254
1,<environment.Job instance at 0x7f3393788230>,6,1,[6 4],7,9,10,2,9
1,<environment.Job instance at 0x7f3349313b90>,8,12,[10  5],9,10,22,1,10
1,<environment.Job instance at 0x7f33490f33c0>,10,3,[7 5],11,22,25,11,13
1,<environment.Job instance at 0x7f3348c288c0>,14,13,[9 1],15,25,38,10,15
1,<environment.Job instance at 0x7f3393922690>,16,3,[1 8],17,25,28,8,17
1,<environment.Job instance at 0x7f338eba9dc0>,17,3,[6 1],18,38,41,20,18
1,<environment.Job instance at 0x7f3393788e60>,3,14,[4 8],4,38,52,34,25
1,<environment.Job instance at 0x7f338e9258c0>,23,14,[9 2],24,52,66,28,39
1,<environment.Job instance at 0x7f3349213230>,29,15,[4 9],30,66,81,36,52
1,<environment.Job instance at 0x7f3349213280>,35,16,[8 5],36,81,97,45,68
1,<environment.Job instance at 0x7f3348daeaa0>,43,12,[5 8],44,97,109,53,83
1,<environment.Job instance at 0x7f33937b7d70>,45,3,[10  1],46,109,112,63,83
1,<environment.Job instance at 0x7f3348da8320>,2,3,[5 1],3,3,6,0,3
1,<environment.Job instance at 0x7f338eba99b0>,4,1,[7 2],5,6,7,1,5
1,<environment.Job instance at 0x7f3348ac4dc0>,9,14,[3 5],10,22,36,12,22
1,<environment.Job instance at 0x7f3348ac47d0>,10,3,[ 4 10],11,36,39,25,22
1,<environment.Job instance at 0x7f3348ac4a00>,11,3,[6 5],12,22,25,10,22
1,<environment.Job instance at 0x7f3348ac4410>,13,2,[1 5],14,25,27,11,22
1,<environment.Job instance at 0x7f3348ac46e0>,14,17,[9 5],15,39,56,24,27
1,<environment.Job instance at 0x7f3348fcc230>,22,2,[5 7],23,56,58,33,49
1,<environment.Job instance at 0x7f3393355c30>,23,1,[5 6],24,58,59,34,49
1,<environment.Job instance at 0x7f33933551e0>,24,13,[10  5],25,59,72,34,49
1,<environment.Job instance at 0x7f3393355a00>,25,14,[10  1],26,72,86,46,57
1,<environment.Job instance at 0x7f3393355460>,30,3,[ 4 10],31,86,89,55,67
1,<environment.Job instance at 0x7f3393355c80>,31,16,[2 6],32,89,105,57,77
1,<environment.Job instance at 0x7f3393355870>,29,17,[8 4],30,89,106,59,77
1,<environment.Job instance at 0x7f3348da8e60>,1,14,[2 7],2,106,120,104,92
1,<environment.Job instance at 0x7f3348adefa0>,40,3,[2 6],41,120,123,79,98
1,<environment.Job instance at 0x7f33933554b0>,38,14,[1 6],39,123,137,84,108
1,<environment.Job instance at 0x7f3348ade0f0>,42,18,[6 4],43,120,138,77,115
1,<environment.Job instance at 0x7f3348ade5a0>,47,12,[2 5],48,137,149,89,121
1,<environment.Job instance at 0x7f3348aded20>,54,16,[5 3],55,138,154,83,129
1,<environment.Job instance at 0x7f3348adb2d0>,58,18,[5 6],59,149,167,90,138
1,<environment.Job instance at 0x7f3348adbe60>,63,13,[4 7],64,167,180,103,151
1,<environment.Job instance at 0x7f3348adba00>,66,12,[4 6],67,180,192,113,166
1,<environment.Job instance at 0x7f3348adbfa0>,70,17,[8 3],71,192,209,121,180
1,<environment.Job instance at 0x7f3348adbaa0>,72,12,[5 4],73,180,192,107,180
1,<environment.Job instance at 0x7f3348adbf00>,65,16,[5 7],66,209,225,143,197
1,<environment.Job instance at 0x7f3348adb280>,76,15,[1 5],77,225,240,148,211
1,<environment.Job instance at 0x7f3348ad8640>,80,14,[6 1],81,225,239,144,213
1,<environment.Job instance at 0x7f3348ad83c0>,84,3,[9 3],85,239,242,154,214
1,<environment.Job instance at 0x7f3348ad8960>,86,13,[ 1 10],87,242,255,155,226
1,<environment.Job instance at 0x7f3348ad8230>,91,15,[3 9],92,255,270,163,242
1,<environment.Job instance at 0x7f3348fd2730>,97,15,[6 1],98,255,270,157,250
1,<environment.Job instance at 0x7f3348ad8280>,82,17,[3 8],83,562,579,479,562
1,<environment.Job instance at 0x7f3393323eb0>,6,3,[1 8],7,18,21,11,18
1,<environment.Job instance at 0x7f3393323e10>,10,16,[1 5],11,21,37,10,18
1,<environment.Job instance at 0x7f3393323370>,8,2,[5 7],9,37,39,28,18
1,<environment.Job instance at 0x7f3348d76cd0>,15,1,[2 5],16,21,22,5,18
1,<environment.Job instance at 0x7f33933036e0>,19,3,[5 2],20,22,25,2,20
1,<environment.Job instance at 0x7f3393303460>,20,2,[2 6],21,39,41,18,21
1,<environment.Job instance at 0x7f3393327280>,22,2,[2 8],23,41,43,18,23
1,<environment.Job instance at 0x7f3348c06910>,26,2,[5 5],27,33,35,6,33
1,<environment.Job instance at 0x7f338e82bc80>,27,2,[9 3],28,35,37,7,34
1,<environment.Job instance at 0x7f3348d76e10>,16,16,[3 6],17,43,59,26,34
1,<environment.Job instance at 0x7f338e83bb40>,29,12,[9 3],30,59,71,29,42
1,<environment.Job instance at 0x7f3348ac40f0>,13,18,[10  5],14,71,89,57,60
1,<environment.Job instance at 0x7f3393323be0>,5,17,[ 4 10],6,93,110,87,93
1,<environment.Job instance at 0x7f3348c5c410>,52,12,[10  3],53,110,122,57,94
1,<environment.Job instance at 0x7f3348c84be0>,54,16,[6 3],55,122,138,67,109
1,<environment.Job instance at 0x7f3348c84230>,58,16,[10  3],59,138,154,79,125
1,<environment.Job instance at 0x7f3348c84cd0>,63,16,[4 9],64,154,170,90,141
1,<environment.Job instance at 0x7f338ef6f780>,66,3,[ 4 10],67,170,173,103,144
1,<environment.Job instance at 0x7f338ef4a9b0>,69,3,[8 1],70,173,176,103,147
1,<environment.Job instance at 0x7f338ef4ab40>,70,2,[2 7],71,173,175,102,147
1,<environment.Job instance at 0x7f338ef4a730>,72,17,[1 6],73,175,192,102,163
1,<environment.Job instance at 0x7f338e85aaa0>,34,17,[10  4],35,199,216,164,199
1,<environment.Job instance at 0x7f3348c75500>,77,3,[5 5],78,216,219,138,199
1,<environment.Job instance at 0x7f3348c75d20>,82,2,[7 5],83,219,221,136,203
1,<environment.Job instance at 0x7f3348c756e0>,83,15,[10  1],84,221,236,137,211
1,<environment.Job instance at 0x7f3348c64a00>,85,3,[6 1],86,236,239,150,216
1,<environment.Job instance at 0x7f3348c64b40>,90,1,[8 1],91,243,244,152,243
1,<environment.Job instance at 0x7f3348c645a0>,91,12,[8 3],92,245,257,153,245
1,<environment.Job instance at 0x7f338ef3c500>,94,16,[5 6],95,269,285,174,269
1,<environment.Job instance at 0x7f338ef3c050>,96,2,[5 6],97,285,287,188,269
1,<environment.Job instance at 0x7f338ef72af0>,97,12,[4 7],98,287,299,189,270
1,<environment.Job instance at 0x7f3393a26a00>,3,2,[3 6],4,5,7,1,5
1,<environment.Job instance at 0x7f33935f2780>,1,2,[10  5],2,7,9,5,6
1,<environment.Job instance at 0x7f33933003c0>,4,1,[1 7],5,9,10,4,6
1,<environment.Job instance at 0x7f33933000f0>,5,2,[1 8],6,10,12,4,7
1,<environment.Job instance at 0x7f338e906e10>,7,14,[8 3],8,12,26,4,9
1,<environment.Job instance at 0x7f339373c690>,11,12,[7 5],12,26,38,14,12
1,<environment.Job instance at 0x7f3348bbdcd0>,15,2,[ 5 10],16,38,40,22,16
1,<environment.Job instance at 0x7f338e812820>,17,2,[8 3],18,40,42,22,18
1,<environment.Job instance at 0x7f338e812320>,18,13,[5 9],19,42,55,23,27
1,<environment.Job instance at 0x7f3393252b90>,14,18,[3 8],15,55,73,40,44
1,<environment.Job instance at 0x7f3393453e60>,24,3,[6 1],25,55,58,30,44
1,<environment.Job instance at 0x7f338ee2ee60>,30,12,[3 8],31,73,85,42,56
1,<environment.Job instance at 0x7f338ee2e370>,34,18,[6 3],35,85,103,50,74
1,<environment.Job instance at 0x7f33491020a0>,37,16,[2 6],38,93,109,55,93
1,<environment.Job instance at 0x7f3349102d20>,40,17,[6 4],41,103,120,62,93
1,<environment.Job instance at 0x7f3349102410>,43,17,[5 1],44,120,137,76,109
1,<environment.Job instance at 0x7f3393448e10>,44,1,[9 2],45,137,138,92,110
1,<environment.Job instance at 0x7f3393448c30>,46,2,[4 6],47,118,120,71,118
1,<environment.Job instance at 0x7f3348a19910>,48,14,[3 8],49,120,134,71,119
1,<environment.Job instance at 0x7f3393448820>,49,3,[2 9],50,134,137,84,119
1,<environment.Job instance at 0x7f33937a13c0>,50,13,[6 5],51,138,151,87,122
1,<environment.Job instance at 0x7f3348fcd5a0>,52,2,[5 1],53,151,153,98,132
1,<environment.Job instance at 0x7f3393448280>,45,15,[9 5],46,200,215,154,200
1,<environment.Job instance at 0x7f339347b960>,54,17,[5 7],55,215,232,160,211
1,<environment.Job instance at 0x7f339347b230>,55,12,[5 1],56,215,227,159,212
1,<environment.Job instance at 0x7f339347b320>,58,15,[6 1],59,232,247,173,218
1,<environment.Job instance at 0x7f33492456e0>,60,12,[6 1],61,247,259,186,230
1,<environment.Job instance at 0x7f33933e0230>,64,12,[ 4 10],65,259,271,194,259
1,<environment.Job instance at 0x7f33933e0be0>,65,15,[8 2],66,271,286,205,262
1,<environment.Job instance at 0x7f338e944140>,3,1,[9 3],4,4,5,0,4
1,<environment.Job instance at 0x7f338ea4acd0>,6,1,[1 9],7,8,9,1,8
1,<environment.Job instance at 0x7f338ea4a730>,11,18,[5 5],12,21,39,9,21
1,<environment.Job instance at 0x7f338ea4a870>,15,3,[8 5],16,39,42,23,21
1,<environment.Job instance at 0x7f338ea4ab40>,9,18,[5 5],10,21,39,11,21
1,<environment.Job instance at 0x7f3348e5f870>,20,14,[7 4],21,42,56,21,28
1,<environment.Job instance at 0x7f3348e5faf0>,23,2,[4 5],24,56,58,32,44
1,<environment.Job instance at 0x7f3348e5f280>,25,18,[5 3],26,56,74,30,45
1,<environment.Job instance at 0x7f3348e5fa00>,27,15,[5 1],28,58,73,30,45
1,<environment.Job instance at 0x7f3348e5fc30>,30,12,[ 4 10],31,74,86,43,59
1,<environment.Job instance at 0x7f33492c57d0>,32,16,[9 2],33,86,102,53,74
1,<environment.Job instance at 0x7f3348b608c0>,41,1,[9 5],42,102,103,60,102
1,<environment.Job instance at 0x7f3348b60e60>,42,3,[5 9],43,103,106,60,102
1,<environment.Job instance at 0x7f3348b60d20>,44,2,[8 1],45,106,108,61,102
1,<environment.Job instance at 0x7f3348b609b0>,45,1,[4 6],46,108,109,62,102
1,<environment.Job instance at 0x7f3348b60280>,43,13,[10  1],44,130,143,86,130
1,<environment.Job instance at 0x7f3348b60b40>,50,1,[ 5 10],51,143,144,92,130
1,<environment.Job instance at 0x7f3348ab6fa0>,51,1,[9 3],52,144,145,92,130
1,<environment.Job instance at 0x7f3348ab6910>,52,1,[1 7],53,144,145,91,130
1,<environment.Job instance at 0x7f3348b60050>,49,15,[3 6],50,145,160,95,131
1,<environment.Job instance at 0x7f3348ab6be0>,60,2,[ 4 10],61,160,162,99,139
1,<environment.Job instance at 0x7f3348ab6dc0>,62,18,[7 2],63,162,180,99,151
1,<environment.Job instance at 0x7f3348ab66e0>,63,3,[9 5],64,180,183,116,154
1,<environment.Job instance at 0x7f3348ab67d0>,65,16,[2 7],66,162,178,96,157
1,<environment.Job instance at 0x7f3348ab63c0>,67,12,[10  4],68,183,195,115,167
1,<environment.Job instance at 0x7f338ed635a0>,2,17,[ 4 10],3,195,212,192,183
1,<environment.Job instance at 0x7f3348af2870>,74,13,[6 5],75,212,225,137,196
1,<environment.Job instance at 0x7f3348af2050>,77,2,[10  1],78,225,227,147,201
1,<environment.Job instance at 0x7f3348af25a0>,78,1,[2 8],79,227,228,148,201
1,<environment.Job instance at 0x7f3348af25f0>,80,1,[ 2 10],81,228,229,147,209
1,<environment.Job instance at 0x7f3348af2550>,81,3,[3 8],82,229,232,147,209
1,<environment.Job instance at 0x7f3348af2a00>,82,2,[2 5],83,212,214,129,209
1,<environment.Job instance at 0x7f3348af2690>,83,2,[1 9],84,232,234,148,209
1,<environment.Job instance at 0x7f3348a143c0>,84,2,[2 7],85,234,236,149,209
1,<environment.Job instance at 0x7f3348a14dc0>,87,2,[7 3],88,234,236,146,225
1,<environment.Job instance at 0x7f3348a14be0>,88,12,[6 2],89,236,248,147,225
1,<environment.Job instance at 0x7f3348a14c30>,90,16,[8 2],91,248,264,157,235
1,<environment.Job instance at 0x7f3348a144b0>,95,3,[ 4 10],96,264,267,168,250
1,<environment.Job instance at 0x7f3348a14c80>,96,1,[1 6],97,250,251,153,250
1,<environment.Job instance at 0x7f3348a14af0>,97,2,[4 6],98,267,269,169,250
1,<environment.Job instance at 0x7f3348a14190>,98,2,[ 2 10],99,269,271,170,250
1,<environment.Job instance at 0x7f338edf7870>,3,13,[7 3],4,5,18,1,5
1,<environment.Job instance at 0x7f338edf7690>,5,3,[1 5],6,6,9,0,6
1,<environment.Job instance at 0x7f338edf7190>,7,3,[3 5],8,9,12,1,8
1,<environment.Job instance at 0x7f338ee329b0>,8,3,[6 4],9,18,21,9,9
1,<environment.Job instance at 0x7f338ee32460>,11,13,[3 5],12,12,25,0,12
1,<environment.Job instance at 0x7f338edf75a0>,4,3,[2 5],5,21,24,16,15
1,<environment.Job instance at 0x7f338ee32c30>,16,12,[10  3],17,25,37,8,18
1,<environment.Job instance at 0x7f3348fb69b0>,0,12,[9 2],1,37,49,36,24
1,<environment.Job instance at 0x7f338ee137d0>,21,12,[4 6],22,49,61,27,32
1,<environment.Job instance at 0x7f338ee13500>,25,1,[1 5],26,37,38,11,32
1,<environment.Job instance at 0x7f338ee295f0>,28,1,[2 6],29,61,62,32,45
1,<environment.Job instance at 0x7f338ee29410>,29,12,[1 5],30,62,74,32,46
1,<environment.Job instance at 0x7f338ee290a0>,31,1,[3 9],32,74,75,42,54
1,<environment.Job instance at 0x7f338ee290f0>,32,13,[3 6],33,75,88,42,61
1,<environment.Job instance at 0x7f338ee29be0>,38,2,[6 2],39,69,71,30,69
1,<environment.Job instance at 0x7f338ee29960>,39,17,[6 3],40,75,92,35,69
1,<environment.Job instance at 0x7f338ee10a50>,41,3,[10  5],42,92,95,50,69
1,<environment.Job instance at 0x7f338ee29aa0>,37,18,[1 8],38,95,113,57,84
1,<environment.Job instance at 0x7f338ee10190>,46,13,[4 6],47,113,126,66,98
1,<environment.Job instance at 0x7f338ee10c30>,54,2,[5 3],55,113,115,58,103
1,<environment.Job instance at 0x7f338ee0ffa0>,55,1,[9 2],56,103,104,47,103
1,<environment.Job instance at 0x7f338ee10cd0>,52,17,[6 3],53,115,132,62,105
1,<environment.Job instance at 0x7f338ee0faf0>,59,2,[1 6],60,128,130,68,128
1,<environment.Job instance at 0x7f338ee0f190>,60,3,[7 1],61,132,135,71,128
1,<environment.Job instance at 0x7f338ee0f550>,62,16,[7 1],63,135,151,72,128
1,<environment.Job instance at 0x7f338ee0f3c0>,63,13,[6 5],64,151,164,87,135
1,<environment.Job instance at 0x7f338ee06500>,65,2,[3 7],66,135,137,69,135
1,<environment.Job instance at 0x7f338ee05e10>,69,17,[7 5],70,164,181,94,152
1,<environment.Job instance at 0x7f338ee05f00>,72,13,[1 8],73,181,194,108,169
1,<environment.Job instance at 0x7f338ee05050>,76,15,[8 5],77,194,209,117,180
1,<environment.Job instance at 0x7f338ee056e0>,77,1,[1 7],78,209,210,131,181
1,<environment.Job instance at 0x7f338ee05690>,79,17,[7 1],80,209,226,129,197
1,<environment.Job instance at 0x7f338ee05960>,83,12,[9 4],84,226,238,142,209
1,<environment.Job instance at 0x7f338ee22140>,86,15,[5 2],87,238,253,151,224
1,<environment.Job instance at 0x7f77dcd0d640>,2,22,[4 8],3,3,25,0,3
1,<environment.Job instance at 0x7f77d58ba7d0>,8,13,[5 5],9,25,38,16,10
1,<environment.Job instance at 0x7f77d58baa50>,11,15,[4 8],12,38,53,26,24
1,<environment.Job instance at 0x7f77d58bad70>,15,18,[2 8],16,53,71,37,43
1,<environment.Job instance at 0x7f77d58bdbe0>,29,12,[5 4],30,71,83,41,54
1,<environment.Job instance at 0x7f77d58bdc80>,30,14,[5 2],31,55,69,24,55
1,<environment.Job instance at 0x7f77d58bde60>,33,14,[5 5],34,71,85,37,56
1,<environment.Job instance at 0x7f77dccca190>,0,13,[9 3],1,85,98,84,73
1,<environment.Job instance at 0x7f77d58bd5a0>,24,18,[2 6],25,98,116,73,87
1,<environment.Job instance at 0x7f77d58bf7d0>,45,13,[6 5],46,116,129,70,101
1,<environment.Job instance at 0x7f77d58bfa00>,47,2,[6 5],48,129,131,81,109
1,<environment.Job instance at 0x7f77d58bfaa0>,48,15,[10  1],49,131,146,82,117
1,<environment.Job instance at 0x7f77d58bf320>,40,15,[10  3],41,146,161,105,136
1,<environment.Job instance at 0x7f77d58d27d0>,7,1,[1 5],8,9,10,1,9
1,<environment.Job instance at 0x7f77d58d2aa0>,8,1,[3 6],9,10,11,1,9
1,<environment.Job instance at 0x7f77d58d2500>,10,2,[7 2],11,11,13,0,11
1,<environment.Job instance at 0x7f77d58d2b90>,11,1,[2 6],12,12,13,0,12
1,<environment.Job instance at 0x7f7791cb1820>,16,3,[ 5 10],17,34,37,17,34
1,<environment.Job instance at 0x7f7791cbd050>,19,2,[1 8],20,64,66,44,64
1,<environment.Job instance at 0x7f7791cbdb40>,21,1,[3 9],22,66,67,44,66
1,<environment.Job instance at 0x7f7791cbde10>,22,13,[ 5 10],23,67,80,44,66
1,<environment.Job instance at 0x7f77d58bff00>,4,14,[2 5],5,80,94,75,67
1,<environment.Job instance at 0x7f7791cbdb90>,24,3,[5 6],25,94,97,69,68
1,<environment.Job instance at 0x7f7791cbd870>,30,16,[2 8],31,108,124,77,108
1,<environment.Job instance at 0x7f7791cba1e0>,31,13,[5 6],32,124,137,92,108
1,<environment.Job instance at 0x7f7791cba370>,39,12,[4 9],40,137,149,97,120
1,<environment.Job instance at 0x7f7791cbabe0>,42,14,[1 8],43,149,163,106,134
1,<environment.Job instance at 0x7f7791cbb500>,48,14,[9 5],49,163,177,114,148
1,<environment.Job instance at 0x7f7791cbb5f0>,52,3,[3 7],53,177,180,124,157
1,<environment.Job instance at 0x7f7791cbb5a0>,53,15,[5 2],54,177,192,123,163
1,<environment.Job instance at 0x7f7791ba4230>,1,18,[2 8],2,5,23,3,5
1,<environment.Job instance at 0x7f7791b01550>,6,14,[10  1],7,23,37,16,10
1,<environment.Job instance at 0x7f7791be83c0>,10,13,[7 4],11,37,50,26,21
1,<environment.Job instance at 0x7f77d5d5d730>,18,18,[6 3],19,56,74,37,56
1,<environment.Job instance at 0x7f77d574c0f0>,24,16,[7 5],25,74,90,49,67
1,<environment.Job instance at 0x7f77d5707e60>,29,3,[5 1],30,90,93,60,76
1,<environment.Job instance at 0x7f7791bf5a50>,30,3,[7 3],31,93,96,62,76
1,<environment.Job instance at 0x7f77d574c820>,28,18,[4 6],29,96,114,67,96
1,<environment.Job instance at 0x7f7791b197d0>,38,18,[4 5],39,114,132,75,108
1,<environment.Job instance at 0x7f7791b19fa0>,46,3,[8 4],47,132,135,85,114
1,<environment.Job instance at 0x7f7791b19b40>,44,12,[7 2],45,135,147,90,121
1,<environment.Job instance at 0x7f77d5629dc0>,48,15,[3 6],49,135,150,86,121
1,<environment.Job instance at 0x7f7791b7fd20>,51,15,[8 4],52,150,165,98,138
1,<environment.Job instance at 0x7f7791ba4320>,4,16,[9 4],5,165,181,160,162
1,<environment.Job instance at 0x7f7791b35c30>,64,15,[10  4],65,188,203,123,188
1,<environment.Job instance at 0x7f7791b23be0>,68,13,[8 5],69,203,216,134,198
1,<environment.Job instance at 0x7f77d571ce60>,72,18,[8 2],73,216,234,143,206
1,<environment.Job instance at 0x7f77d571bc30>,75,17,[4 6],76,234,251,158,224
1,<environment.Job instance at 0x7f77d5b14b90>,77,14,[ 1 10],78,251,265,173,241
1,<environment.Job instance at 0x7f77d5717550>,79,16,[9 4],80,265,281,185,261
1,<environment.Job instance at 0x7f7791b7d730>,83,2,[5 1],84,281,283,197,267
1,<environment.Job instance at 0x7f7791b7d140>,84,17,[9 4],85,283,300,198,273
1,<environment.Job instance at 0x7f7791b7d5a0>,87,13,[1 9],88,300,313,212,292
1,<environment.Job instance at 0x7f7791b7d9b0>,88,17,[3 6],89,313,330,224,301
1,<environment.Job instance at 0x7f7791b7dd70>,89,15,[ 5 10],90,330,345,240,329
1,<environment.Job instance at 0x7f7791b7dbe0>,96,3,[ 5 10],97,345,348,248,332
1,<environment.Job instance at 0x7f77d5cb3780>,7,1,[4 5],8,44,45,36,44
1,<environment.Job instance at 0x7f77d8356aa0>,8,1,[2 9],9,45,46,36,44
1,<environment.Job instance at 0x7f77d843d780>,10,15,[7 1],11,45,60,34,44
1,<environment.Job instance at 0x7f77d5cb3c30>,2,3,[7 1],3,60,63,57,44
1,<environment.Job instance at 0x7f77d5ca5c30>,12,13,[1 6],13,46,59,33,44
1,<environment.Job instance at 0x7f77d5b34410>,13,3,[3 5],14,59,62,45,44
1,<environment.Job instance at 0x7f77d8356eb0>,6,16,[ 5 10],7,63,79,56,50
1,<environment.Job instance at 0x7f77d58a40f0>,21,2,[6 3],22,79,81,57,55
1,<environment.Job instance at 0x7f77d5ac5460>,22,12,[8 1],23,81,93,58,64
1,<environment.Job instance at 0x7f77d5ca5140>,15,12,[ 4 10],16,93,105,77,76
1,<environment.Job instance at 0x7f77d5ab8820>,25,3,[9 4],26,105,108,79,79
1,<environment.Job instance at 0x7f77d5ab8fa0>,26,16,[9 2],27,108,124,81,95
1,<environment.Job instance at 0x7f77d568c7d0>,33,3,[4 8],34,124,127,90,108
1,<environment.Job instance at 0x7f77d590b690>,31,17,[7 5],32,127,144,95,115
1,<environment.Job instance at 0x7f77d568ce10>,37,15,[5 3],38,144,159,106,130
1,<environment.Job instance at 0x7f77d59b3730>,38,18,[1 5],39,130,148,91,130
1,<environment.Job instance at 0x7f77d59b3be0>,39,2,[8 2],40,159,161,119,132
1,<environment.Job instance at 0x7f77d59b3190>,40,2,[1 7],41,148,150,107,132
1,<environment.Job instance at 0x7f77d5b8d500>,41,1,[ 4 10],42,161,162,119,133
1,<environment.Job instance at 0x7f77d5b8d1e0>,43,2,[5 7],44,150,152,106,135
1,<environment.Job instance at 0x7f77d5b8d190>,44,1,[3 8],45,162,163,117,135
1,<environment.Job instance at 0x7f77d5be4d70>,46,3,[2 8],47,163,166,116,137
1,<environment.Job instance at 0x7f77d5be4aa0>,47,1,[5 5],48,152,153,104,137
1,<environment.Job instance at 0x7f77d5be4230>,48,2,[6 3],49,166,168,117,139
1,<environment.Job instance at 0x7f77d5be4e60>,49,3,[7 2],50,162,165,112,139
1,<environment.Job instance at 0x7f77d5be4910>,51,3,[1 6],52,153,156,101,142
1,<environment.Job instance at 0x7f77d568c320>,34,15,[4 6],35,166,181,131,155
1,<environment.Job instance at 0x7f77d589e870>,57,12,[5 8],58,181,193,123,164
1,<environment.Job instance at 0x7f77d589ee60>,60,18,[9 5],61,193,211,132,183
1,<environment.Job instance at 0x7f77d591d820>,66,12,[8 3],67,211,223,144,194
1,<environment.Job instance at 0x7f77d58b3780>,71,17,[2 6],72,211,228,139,206
1,<environment.Job instance at 0x7f77d58a2a00>,55,16,[10  4],56,228,244,172,220
1,<environment.Job instance at 0x7f77d5ddb5f0>,78,14,[ 2 10],79,244,258,165,232
1,<environment.Job instance at 0x7f77d593a550>,81,3,[7 3],82,258,261,176,239
1,<environment.Job instance at 0x7f77d5acff50>,85,13,[ 1 10],86,261,274,175,245
1,<environment.Job instance at 0x7f77d5acfaf0>,86,3,[8 1],87,274,277,187,248
1,<environment.Job instance at 0x7f77d59d9640>,89,15,[10  2],90,277,292,187,269
1,<environment.Job instance at 0x7f77d59d9d20>,91,12,[5 5],92,292,304,200,275
1,<environment.Job instance at 0x7f77d59d95a0>,92,12,[5 5],93,292,304,199,275
1,<environment.Job instance at 0x7f77d59d9280>,93,13,[4 9],94,304,317,210,288
1,<environment.Job instance at 0x7f77d59d9fa0>,97,3,[10  2],98,317,320,219,291
1,<environment.Job instance at 0x7f77d58f38c0>,101,13,[4 5],102,320,333,218,304
1,<environment.Job instance at 0x7f77d58f3b90>,105,12,[ 1 10],106,333,345,227,316
1,<environment.Job instance at 0x7f77d56a53c0>,10,1,[5 1],11,11,12,0,11
1,<environment.Job instance at 0x7f77d575d870>,11,3,[9 3],12,12,15,0,12
1,<environment.Job instance at 0x7f77d5728dc0>,12,3,[ 4 10],13,15,18,2,13
1,<environment.Job instance at 0x7f77d5725370>,13,3,[8 4],14,18,21,4,14
1,<environment.Job instance at 0x7f77d5725e10>,14,3,[6 1],15,21,24,6,15
1,<environment.Job instance at 0x7f77d575d460>,16,18,[4 6],17,21,39,4,18
1,<environment.Job instance at 0x7f7791f656e0>,18,17,[7 4],19,39,56,20,27
1,<environment.Job instance at 0x7f77d5d2a0a0>,0,18,[4 7],1,56,74,55,50
1,<environment.Job instance at 0x7f77d573b6e0>,21,3,[9 2],22,74,77,52,51
1,<environment.Job instance at 0x7f77d573d3c0>,27,2,[2 8],28,77,79,49,66
1,<environment.Job instance at 0x7f77d573bc80>,22,18,[6 3],23,79,97,56,68
1,<environment.Job instance at 0x7f77d573d5a0>,30,15,[7 5],31,97,112,66,83
1,<environment.Job instance at 0x7f77d573d1e0>,33,1,[3 5],34,90,91,56,90
1,<environment.Job instance at 0x7f77d573d640>,35,2,[6 3],36,112,114,76,90
1,<environment.Job instance at 0x7f77d573daf0>,36,2,[3 8],37,114,116,77,90
1,<environment.Job instance at 0x7f77d573d960>,39,13,[1 9],40,817,830,777,817
1,<environment.Job instance at 0x7f77d5741320>,40,19,[6 3],41,830,849,789,820
1,<environment.Job instance at 0x7f77d57415f0>,42,2,[9 3],43,849,851,806,823
1,<environment.Job instance at 0x7f77d5741230>,43,12,[1 8],44,851,863,807,849
1,<environment.Job instance at 0x7f77d5741230>,3,2,[5 6],4,5,7,1,5
1,<environment.Job instance at 0x7f77dca50e10>,5,3,[6 5],6,7,10,1,6
1,<environment.Job instance at 0x7f77d57413c0>,2,18,[5 1],3,10,28,7,8
1,<environment.Job instance at 0x7f77dca50870>,6,3,[8 2],7,28,31,21,10
1,<environment.Job instance at 0x7f77921bbd20>,13,2,[5 5],14,15,17,1,15
1,<environment.Job instance at 0x7f77921bb230>,14,12,[4 6],15,31,43,16,17
1,<environment.Job instance at 0x7f77921bb7d0>,17,18,[1 7],18,43,61,25,33
1,<environment.Job instance at 0x7f77921bbaf0>,21,14,[10  4],22,61,75,39,46
1,<environment.Job instance at 0x7f77921bbaa0>,22,18,[5 5],23,75,93,52,64
1,<environment.Job instance at 0x7f77d5c2daf0>,30,12,[8 1],31,93,105,62,81
1,<environment.Job instance at 0x7f77d5c2db40>,29,17,[7 2],30,105,122,75,93
1,<environment.Job instance at 0x7f77d5c2df50>,35,2,[4 7],36,122,124,86,95
1,<environment.Job instance at 0x7f77d5c2d780>,38,1,[5 7],39,124,125,85,118
1,<environment.Job instance at 0x7f77d5c2d0a0>,32,18,[5 1],33,122,140,89,122
1,<environment.Job instance at 0x7f77d5c2d550>,40,3,[4 8],41,125,128,84,122
1,<environment.Job instance at 0x7f77d5c2daa0>,41,1,[10  2],42,140,141,98,122
1,<environment.Job instance at 0x7f77d5c2ddc0>,42,3,[9 1],43,141,144,98,122
1,<environment.Job instance at 0x7f77d831c0a0>,43,2,[ 4 10],44,144,146,100,123
1,<environment.Job instance at 0x7f77d831c410>,47,2,[8 4],48,146,148,98,140
1,<environment.Job instance at 0x7f77d831cb40>,49,17,[1 5],50,146,163,96,140
1,<environment.Job instance at 0x7f77d831c780>,50,3,[9 5],51,148,151,97,140
1,<environment.Job instance at 0x7f77d831c190>,52,13,[4 8],53,163,176,110,147
1,<environment.Job instance at 0x7f77d831c1e0>,55,3,[8 5],56,151,154,95,148
1,<environment.Job instance at 0x7f77d5842af0>,59,3,[5 1],60,154,157,94,149
1,<environment.Job instance at 0x7f77d5842a50>,61,1,[10  4],62,176,177,114,157
1,<environment.Job instance at 0x7f77d5842b90>,63,3,[6 2],64,160,163,96,160
1,<environment.Job instance at 0x7f77d831cb90>,51,13,[1 7],52,177,190,125,161
1,<environment.Job instance at 0x7f77d58429b0>,64,15,[9 1],65,177,192,112,165
1,<environment.Job instance at 0x7f77d5842320>,69,14,[3 7],70,192,206,122,180
1,<environment.Job instance at 0x7f77d5842190>,71,3,[5 5],72,206,209,134,189
1,<environment.Job instance at 0x7f77d5842230>,72,13,[1 5],73,206,219,133,190
1,<environment.Job instance at 0x7f7791c7e460>,75,3,[5 5],76,209,212,133,191
1,<environment.Job instance at 0x7f7791c7e730>,76,2,[3 9],77,219,221,142,192
1,<environment.Job instance at 0x7f7791c7e910>,78,3,[10  4],79,221,224,142,195
1,<environment.Job instance at 0x7f77d59cb820>,4,2,[ 2 10],5,5,7,0,5
1,<environment.Job instance at 0x7f77d57abb90>,5,1,[9 5],6,7,8,1,6
1,<environment.Job instance at 0x7f77d5bcf4b0>,7,17,[5 2],8,9,26,1,9
1,<environment.Job instance at 0x7f77d7ffd2d0>,12,3,[9 5],13,26,29,13,13
1,<environment.Job instance at 0x7f77d84b89b0>,11,2,[9 5],12,29,31,17,14
1,<environment.Job instance at 0x7f77d7ffd9b0>,13,12,[6 2],14,31,43,17,15
1,<environment.Job instance at 0x7f77d5c98cd0>,18,14,[9 4],19,43,57,24,28
1,<environment.Job instance at 0x7f77920460a0>,26,1,[4 9],27,57,58,30,44
1,<environment.Job instance at 0x7f77d5b7d050>,10,15,[3 9],11,58,73,47,45
1,<environment.Job instance at 0x7f7792046dc0>,31,17,[10  4],32,73,90,41,62
1,<environment.Job instance at 0x7f7792046a50>,27,17,[4 9],28,90,107,62,78
1,<environment.Job instance at 0x7f77d57adf50>,35,18,[10  3],36,107,125,71,96
1,<environment.Job instance at 0x7f77d57adf00>,41,3,[8 4],42,125,128,83,114
1,<environment.Job instance at 0x7f77d57adaf0>,42,3,[5 2],43,128,131,85,114
1,<environment.Job instance at 0x7f77d57ad820>,43,3,[9 2],44,131,134,87,114
1,<environment.Job instance at 0x7f77d7fa77d0>,44,18,[4 7],45,134,152,89,123
1,<environment.Job instance at 0x7f77d7fa7370>,46,17,[5 5],47,152,169,105,140
1,<environment.Job instance at 0x7f7791fb9a50>,2,18,[5 9],3,212,230,209,212
1,<environment.Job instance at 0x7f7791f7d9b0>,52,17,[1 6],53,230,247,177,219
1,<environment.Job instance at 0x7f77d5971780>,53,16,[4 9],54,288,304,234,288
1,<environment.Job instance at 0x7f77d83f92d0>,6,12,[6 3],7,10,22,3,10
1,<environment.Job instance at 0x7f77d83f9370>,7,15,[ 5 10],8,22,37,14,19
1,<environment.Job instance at 0x7f77d83f97d0>,13,2,[2 5],14,37,39,23,25
1,<environment.Job instance at 0x7f7791c90b40>,1,13,[5 8],2,39,52,37,25
1,<environment.Job instance at 0x7f77d83f96e0>,19,16,[2 8],20,52,68,32,40
1,<environment.Job instance at 0x7f77d83f95f0>,11,16,[ 4 10],12,68,84,56,56
1,<environment.Job instance at 0x7f77d83f99b0>,16,18,[9 4],17,84,102,67,73
1,<environment.Job instance at 0x7f77d83ef320>,26,18,[4 6],27,102,120,75,91
1,<environment.Job instance at 0x7f77d83f9910>,15,16,[4 6],16,120,136,104,107
1,<environment.Job instance at 0x7f77d83f1230>,41,16,[2 7],42,136,152,94,123
1,<environment.Job instance at 0x7f77d83f1410>,43,13,[6 5],44,152,165,108,137
1,<environment.Job instance at 0x7f77d83f14b0>,44,13,[5 4],45,165,178,120,149
1,<environment.Job instance at 0x7f77d83f17d0>,49,2,[4 6],50,165,167,115,153
1,<environment.Job instance at 0x7f77d83f1870>,50,16,[2 8],51,178,194,127,166
1,<environment.Job instance at 0x7f77d83f1280>,42,15,[3 8],43,194,209,151,181
1,<environment.Job instance at 0x7f77d83f1f00>,58,14,[5 4],59,209,223,150,197
1,<environment.Job instance at 0x7f77d83f1c80>,61,18,[9 3],62,223,241,161,212
1,<environment.Job instance at 0x7f77d83dd690>,69,16,[ 3 10],70,241,257,171,236
1,<environment.Job instance at 0x7f77d83dd730>,70,3,[7 3],71,257,260,186,236
1,<environment.Job instance at 0x7f77d83dd870>,72,18,[5 8],73,260,278,187,250
1,<environment.Job instance at 0x7f77d83ddb40>,77,1,[8 3],78,278,279,200,255
1,<environment.Job instance at 0x7f77d83ddbe0>,78,1,[ 1 10],79,279,280,200,255
1,<environment.Job instance at 0x7f77d83ddc80>,79,2,[3 6],80,257,259,177,255
1,<environment.Job instance at 0x7f77d83ddd20>,80,16,[5 9],81,280,296,199,267
1,<environment.Job instance at 0x7f77d83ddf00>,82,14,[9 1],83,296,310,213,281
1,<environment.Job instance at 0x7f77d83e4690>,87,12,[5 4],88,310,322,222,293
1,<environment.Job instance at 0x7f77d83e47d0>,89,16,[ 4 10],90,322,338,232,314
1,<environment.Job instance at 0x7f77d83e49b0>,91,17,[3 7],92,338,355,246,327
1,<environment.Job instance at 0x7f77d83e4d20>,99,13,[ 2 10],100,355,368,255,340
1,<environment.Job instance at 0x7f77d83e4f00>,101,15,[7 5],102,368,383,266,354
1,<environment.Job instance at 0x7f7791c90500>,7,15,[6 1],8,8,23,0,8
1,<environment.Job instance at 0x7f77d7f9ab40>,6,2,[7 2],7,23,25,16,9
1,<environment.Job instance at 0x7f77d83e4f00>,4,18,[1 8],5,10,28,5,10
1,<environment.Job instance at 0x7f7791f41730>,12,2,[5 6],13,28,30,15,16
1,<environment.Job instance at 0x7f77d5c4cd20>,11,3,[3 7],12,30,33,18,16
1,<environment.Job instance at 0x7f7791f41fa0>,13,3,[10  1],14,33,36,19,17
1,<environment.Job instance at 0x7f77d589e780>,16,2,[6 4],17,36,38,19,17
1,<environment.Job instance at 0x7f77920ed500>,15,2,[10  5],16,38,40,22,17
1,<environment.Job instance at 0x7f77d5a28e10>,18,3,[2 7],19,40,43,21,19
1,<environment.Job instance at 0x7f7792160c30>,19,2,[10  2],20,43,45,23,20
1,<environment.Job instance at 0x7f77d575d140>,20,1,[8 1],21,25,26,4,21
1,<environment.Job instance at 0x7f7791f41550>,14,15,[7 5],15,45,60,30,31
1,<environment.Job instance at 0x7f77d5911fa0>,3,16,[ 4 10],4,60,76,56,47
1,<environment.Job instance at 0x7f77d7e505f0>,28,16,[1 6],29,76,92,47,64
1,<environment.Job instance at 0x7f7791ceeb90>,22,17,[1 9],23,92,109,69,84
1,<environment.Job instance at 0x7f7792087370>,32,3,[10  5],33,109,112,76,84
1,<environment.Job instance at 0x7f7791d4c960>,34,14,[10  4],35,112,126,77,98
1,<environment.Job instance at 0x7f7791d4c910>,38,12,[10  1],39,126,138,87,109
1,<environment.Job instance at 0x7f7791b78780>,40,16,[9 2],41,138,154,97,125
1,<environment.Job instance at 0x7f779213cc30>,45,12,[5 9],46,154,166,108,137
1,<environment.Job instance at 0x7f77d57a69b0>,48,17,[1 6],49,166,183,117,155
1,<environment.Job instance at 0x7f7791b7f910>,49,17,[9 2],50,166,183,116,156
1,<environment.Job instance at 0x7f77dc8d9190>,27,16,[5 8],28,201,217,173,201
1,<environment.Job instance at 0x7f7791b098c0>,57,16,[3 5],58,217,233,159,210
1,<environment.Job instance at 0x7f7791b09c80>,60,13,[6 4],61,217,230,156,211
1,<environment.Job instance at 0x7f77d57ea0a0>,63,18,[ 2 10],64,234,252,170,234
1,<environment.Job instance at 0x7f77d5c59730>,64,17,[8 3],65,252,269,187,244
1,<environment.Job instance at 0x7f7791c61730>,67,17,[7 4],68,269,286,201,258
1,<environment.Job instance at 0x7f7791c610f0>,69,16,[10  5],70,403,419,333,403
1,<environment.Job instance at 0x7f77d7f16f00>,71,16,[5 3],72,419,435,347,408
1,<environment.Job instance at 0x7f7791d1a730>,80,18,[9 2],81,438,456,357,438
1,<environment.Job instance at 0x7f7791d1adc0>,83,14,[5 5],84,456,470,372,442
1,<environment.Job instance at 0x7f77d5bb7cd0>,84,12,[7 4],85,470,482,385,453
1,<environment.Job instance at 0x7f77d58bfb90>,0,1,[2 6],1,1,2,0,1
1,<environment.Job instance at 0x7f779224ecd0>,5,1,[5 2],6,7,8,1,7
1,<environment.Job instance at 0x7f779224e1e0>,4,15,[6 4],5,8,23,3,8
1,<environment.Job instance at 0x7f7791f420f0>,6,3,[8 3],7,23,26,16,8
1,<environment.Job instance at 0x7f7791f80af0>,11,2,[6 2],12,26,28,14,14
1,<environment.Job instance at 0x7f7791dca460>,14,1,[9 2],15,28,29,13,16
1,<environment.Job instance at 0x7f77d58a4d20>,18,15,[7 1],19,29,44,10,19
1,<environment.Job instance at 0x7f7791dcaa50>,12,14,[9 3],13,44,58,31,29
1,<environment.Job instance at 0x7f7791ec5dc0>,26,12,[7 5],27,58,70,31,43
1,<environment.Job instance at 0x7f77920a00f0>,28,14,[6 3],29,70,84,41,55
1,<environment.Job instance at 0x7f77d59a6c80>,31,14,[ 5 10],32,84,98,52,70
1,<environment.Job instance at 0x7f7792037410>,34,17,[8 5],35,98,115,63,86
1,<environment.Job instance at 0x7f77d7eca730>,41,13,[5 2],42,115,128,73,103
1,<environment.Job instance at 0x7f77d7ecae10>,42,1,[5 2],43,115,116,72,103
1,<environment.Job instance at 0x7f77d7eca5f0>,43,17,[6 4],44,128,145,84,116
1,<environment.Job instance at 0x7f77922570f0>,47,14,[2 6],48,127,141,79,127
1,<environment.Job instance at 0x7f77922576e0>,46,13,[10  5],47,145,158,98,129
1,<environment.Job instance at 0x7f7791fbff50>,55,14,[5 7],56,158,172,102,143
1,<environment.Job instance at 0x7f7791fbf0a0>,60,18,[5 4],61,172,190,111,161
1,<environment.Job instance at 0x7f77d7eca3c0>,44,17,[4 7],45,190,207,145,179
1,<environment.Job instance at 0x7f77d7e2c780>,69,13,[7 2],70,207,220,137,193
1,<environment.Job instance at 0x7f77d7e2c690>,70,14,[2 6],71,207,221,136,197
1,<environment.Job instance at 0x7f7792197500>,74,16,[9 2],75,221,237,146,208
1,<environment.Job instance at 0x7f7791e9eb40>,77,18,[5 5],78,237,255,159,226
1,<environment.Job instance at 0x7f7792241e60>,80,3,[9 2],81,255,258,174,229
1,<environment.Job instance at 0x7f7791eb5f50>,81,3,[2 9],82,258,261,176,232
1,<environment.Job instance at 0x7f77d5a9f410>,82,3,[10  3],83,261,264,178,235
1,<environment.Job instance at 0x7f77d5a9f0f0>,83,18,[4 5],84,237,255,153,235
1,<environment.Job instance at 0x7f77d5d4f280>,85,18,[5 8],86,264,282,178,254
1,<environment.Job instance at 0x7f77d5cd72d0>,90,2,[7 4],91,282,284,191,262
1,<environment.Job instance at 0x7f77d81aa370>,68,18,[ 4 10],69,284,302,215,273
1,<environment.Job instance at 0x7f7791ccdb90>,95,16,[6 5],96,302,318,206,291
1,<environment.Job instance at 0x7f7791ccde60>,99,3,[4 5],100,306,309,206,306
1,<environment.Job instance at 0x7f7791ccd3c0>,100,15,[5 1],101,318,333,217,306
1,<environment.Job instance at 0x7f7791ccdc80>,101,13,[5 2],102,318,331,216,306
1,<environment.Job instance at 0x7f77d5c59c30>,105,3,[5 7],106,331,334,225,307
1,<environment.Job instance at 0x7f7791ccdf00>,97,18,[9 4],98,369,387,271,369
1,<environment.Job instance at 0x7f77d5ca4e60>,2,2,[1 5],3,3,5,0,3
1,<environment.Job instance at 0x7f77d5d1ea50>,5,3,[10  2],6,7,10,1,7
1,<environment.Job instance at 0x7f77d5d1e870>,6,14,[7 5],7,10,24,3,9
1,<environment.Job instance at 0x7f77d5d1ee10>,10,18,[5 5],11,24,42,13,15
1,<environment.Job instance at 0x7f77d5d1eeb0>,13,18,[5 2],14,28,46,14,28
1,<environment.Job instance at 0x7f77d5d1b320>,16,12,[8 3],17,46,58,29,31
1,<environment.Job instance at 0x7f77d5d1ba50>,26,12,[3 5],27,58,70,31,44
1,<environment.Job instance at 0x7f77d5d1b910>,27,3,[8 3],28,70,73,42,44
1,<environment.Job instance at 0x7f77d5d1bcd0>,28,1,[9 5],29,73,74,44,45
1,<environment.Job instance at 0x7f77d5d1bfa0>,29,1,[7 3],30,58,59,28,45
1,<environment.Job instance at 0x7f77d5d1bd20>,30,2,[9 4],31,74,76,43,48
1,<environment.Job instance at 0x7f77d5d0a3c0>,31,1,[3 8],32,76,77,44,48
1,<environment.Job instance at 0x7f77d5d0a410>,33,3,[9 5],34,77,80,43,51
1,<environment.Job instance at 0x7f77d5d1b870>,24,15,[10  2],25,80,95,55,66
1,<environment.Job instance at 0x7f77d5d0aaf0>,45,12,[8 3],46,95,107,49,81
1,<environment.Job instance at 0x7f77d5d1d0a0>,47,17,[5 5],48,107,124,59,96
1,<environment.Job instance at 0x7f77d5d1d5a0>,49,14,[8 5],50,124,138,74,109
1,<environment.Job instance at 0x7f77d5d1d820>,52,17,[1 5],53,109,126,56,109
1,<environment.Job instance at 0x7f77d5d1d780>,55,1,[ 1 10],56,138,139,82,115
1,<environment.Job instance at 0x7f77d5d1d730>,53,3,[3 9],54,139,142,85,115
1,<environment.Job instance at 0x7f77d5d1daa0>,56,13,[5 9],57,168,181,111,168
1,<environment.Job instance at 0x7f77d5d1de60>,62,2,[ 2 10],63,181,183,118,169
1,<environment.Job instance at 0x7f77d5d1d690>,63,3,[1 6],64,183,186,119,169
1,<environment.Job instance at 0x7f77d5d1deb0>,64,16,[8 1],65,183,199,118,170
1,<environment.Job instance at 0x7f77d5d26820>,70,12,[2 6],71,187,199,116,187
1,<environment.Job instance at 0x7f77d5d0a500>,32,18,[9 2],33,199,217,166,188
1,<environment.Job instance at 0x7f77d5d26aa0>,73,3,[7 2],74,217,220,143,191
1,<environment.Job instance at 0x7f77d5d26a00>,75,13,[5 5],76,220,233,144,204
1,<environment.Job instance at 0x7f77d5d26b90>,77,3,[3 7],78,217,220,139,204
1,<environment.Job instance at 0x7f77d5d269b0>,74,13,[5 8],75,233,246,158,217
1,<environment.Job instance at 0x7f77d5ceb3c0>,82,15,[2 5],83,246,261,163,232
1,<environment.Job instance at 0x7f77d5ceb2d0>,83,16,[1 5],84,246,262,162,233
1,<environment.Job instance at 0x7f77d5ceb0f0>,81,16,[2 5],82,261,277,179,248
1,<environment.Job instance at 0x7f77d5ceb730>,90,18,[4 5],91,262,280,171,257
1,<environment.Job instance at 0x7f77d5ceb690>,89,16,[5 6],90,280,296,190,267
1,<environment.Job instance at 0x7f77d5ceba50>,95,14,[ 3 10],96,296,310,200,283
1,<environment.Job instance at 0x7f77d5cebe60>,97,1,[3 8],98,310,311,212,288
1,<environment.Job instance at 0x7f77d5ceb190>,98,12,[1 9],99,311,323,212,294
1,<environment.Job instance at 0x7f77d5cec280>,101,2,[7 1],102,310,312,208,294
1,<environment.Job instance at 0x7f77d5cec320>,102,3,[6 1],103,312,315,209,294
1,<environment.Job instance at 0x7f77d5cec500>,105,18,[ 2 10],106,323,341,217,312
1,<environment.Job instance at 0x7f77d5cec500>,4,15,[5 3],5,5,20,0,5
1,<environment.Job instance at 0x7f77d80b8140>,5,15,[8 3],6,20,35,14,6
1,<environment.Job instance at 0x7f77d80b8af0>,6,1,[9 3],7,35,36,28,7
1,<environment.Job instance at 0x7f77d5b89a50>,8,3,[5 8],9,36,39,27,10
1,<environment.Job instance at 0x7f77d5b89870>,16,3,[2 5],17,17,20,0,17
1,<environment.Job instance at 0x7f77d5b89190>,18,2,[5 7],19,39,41,20,24
1,<environment.Job instance at 0x7f77dce3daa0>,20,12,[ 5 10],21,41,53,20,24
1,<environment.Job instance at 0x7f77dce3d730>,22,15,[1 6],23,53,68,30,40
1,<environment.Job instance at 0x7f77d7fcf460>,25,12,[5 2],26,53,65,27,50
1,<environment.Job instance at 0x7f77d7fcfc80>,27,3,[7 5],28,68,71,40,50
1,<environment.Job instance at 0x7f77d80b8c80>,0,16,[4 8],1,71,87,70,58
1,<environment.Job instance at 0x7f77d7fcfa00>,33,3,[9 4],34,65,68,31,58
1,<environment.Job instance at 0x7f77d7fcfcd0>,34,14,[2 7],35,87,101,52,72
1,<environment.Job instance at 0x7f77d7fcf960>,37,1,[ 1 10],38,101,102,63,75
1,<environment.Job instance at 0x7f77d7fcf780>,38,16,[5 1],39,75,91,36,75
1,<environment.Job instance at 0x7f7791c2d1e0>,40,17,[4 7],41,102,119,61,90
1,<environment.Job instance at 0x7f7791c2d3c0>,42,14,[6 3],43,102,116,59,90
1,<environment.Job instance at 0x7f77d7fcf500>,36,16,[9 3],37,119,135,82,107
1,<environment.Job instance at 0x7f77d81c5a00>,52,16,[1 9],53,135,151,82,123
1,<environment.Job instance at 0x7f77d81c57d0>,57,13,[7 1],58,137,150,79,137
1,<environment.Job instance at 0x7f77d80be190>,59,12,[4 8],60,151,163,91,137
1,<environment.Job instance at 0x7f77d7e2cd70>,60,14,[1 9],61,163,177,102,148
1,<environment.Job instance at 0x7f77d7e2c640>,63,3,[ 2 10],64,177,180,113,157
1,<environment.Job instance at 0x7f7791c2d8c0>,50,18,[3 6],51,180,198,129,169
1,<environment.Job instance at 0x7f77dce3f6e0>,68,13,[3 6],69,198,211,129,182
1,<environment.Job instance at 0x7f77dce3f280>,70,14,[3 5],71,211,225,140,196
1,<environment.Job instance at 0x7f7792160e10>,75,17,[ 5 10],76,225,242,149,213
1,<environment.Job instance at 0x7f7792160c80>,80,15,[6 2],81,242,257,161,228
1,<environment.Job instance at 0x7f77d59a6730>,83,16,[9 5],84,257,273,173,244
1,<environment.Job instance at 0x7f7791de72d0>,87,14,[ 5 10],88,273,287,185,259
1,<environment.Job instance at 0x7f7792181dc0>,92,16,[9 3],93,287,303,194,274
1,<environment.Job instance at 0x7f7792181460>,93,14,[1 6],94,287,301,193,274
1,<environment.Job instance at 0x7f77921818c0>,98,13,[5 7],99,303,316,204,287
1,<environment.Job instance at 0x7f77d80b82d0>,3,17,[ 4 10],4,316,333,312,313
1,<environment.Job instance at 0x7f7791a87d20>,106,3,[10  1],107,333,336,226,321
1,<environment.Job instance at 0x7f7791c322d0>,107,15,[7 2],108,336,351,228,322
1,<environment.Job instance at 0x7f77dca2ccd0>,108,1,[5 1],109,351,352,242,323
1,<environment.Job instance at 0x7f77dca2ccd0>,3,3,[6 1],4,4,7,0,4
1,<environment.Job instance at 0x7f77921f9c80>,4,3,[1 6],5,5,8,0,5
1,<environment.Job instance at 0x7f77921f96e0>,5,16,[2 7],6,9,25,3,9
1,<environment.Job instance at 0x7f7792170b40>,2,18,[3 6],3,28,46,25,28
1,<environment.Job instance at 0x7f77d5995820>,13,18,[6 3],14,29,47,15,29
1,<environment.Job instance at 0x7f77921707d0>,1,18,[4 9],2,47,65,45,36
1,<environment.Job instance at 0x7f77d5995910>,14,17,[10  3],15,65,82,50,55
1,<environment.Job instance at 0x7f77d83e61e0>,26,15,[4 7],27,82,97,55,71
1,<environment.Job instance at 0x7f77d5995be0>,23,12,[4 8],24,97,109,73,84
1,<environment.Job instance at 0x7f7791961370>,35,13,[3 7],36,109,122,73,100
1,<environment.Job instance at 0x7f7791961190>,4,1,[9 1],5,10,11,5,10
1,<environment.Job instance at 0x7f77d5a1d8c0>,5,16,[8 5],6,12,28,6,12
1,<environment.Job instance at 0x7f77d7e7af00>,8,1,[5 5],9,28,29,19,15
1,<environment.Job instance at 0x7f7791b31780>,12,1,[ 3 10],13,29,30,16,15
1,<environment.Job instance at 0x7f7791f2f690>,14,1,[2 5],15,15,16,0,15
1,<environment.Job instance at 0x7f7791f2fc30>,15,3,[10  1],16,30,33,14,16
1,<environment.Job instance at 0x7f7791f2fe60>,16,3,[2 5],17,19,22,2,19
1,<environment.Job instance at 0x7f77d5a1d5f0>,0,15,[1 6],1,33,48,32,19
1,<environment.Job instance at 0x7f7791f23640>,19,2,[1 8],20,48,50,28,22
1,<environment.Job instance at 0x7f7791f235f0>,20,12,[10  4],21,50,62,29,33
1,<environment.Job instance at 0x7f77d5c58f00>,34,12,[3 9],35,62,74,27,45
1,<environment.Job instance at 0x7f7791b05230>,35,15,[5 1],36,62,77,26,48
1,<environment.Job instance at 0x7f7791b055f0>,36,1,[5 5],37,74,75,37,48
1,<environment.Job instance at 0x7f7791b05b40>,38,3,[2 5],39,75,78,36,51
1,<environment.Job instance at 0x7f77918e4be0>,40,2,[10  1],41,78,80,37,52
1,<environment.Job instance at 0x7f77918e4410>,42,3,[10  3],43,80,83,37,54
1,<environment.Job instance at 0x7f77918e4c80>,44,3,[2 8],45,83,86,38,66
1,<environment.Job instance at 0x7f77918e40a0>,45,13,[5 1],46,83,96,37,67
1,<environment.Job instance at 0x7f77918e40f0>,47,2,[5 7],48,86,88,38,67
1,<environment.Job instance at 0x7f77d585c320>,49,1,[6 3],50,77,78,27,68
1,<environment.Job instance at 0x7f77d585c3c0>,50,16,[6 2],51,96,112,45,83
1,<environment.Job instance at 0x7f77918df690>,52,1,[5 5],53,88,89,35,83
1,<environment.Job instance at 0x7f77918dfd70>,54,14,[10  4],55,112,126,57,97
1,<environment.Job instance at 0x7f77918f2d20>,61,16,[5 7],62,126,142,64,113
1,<environment.Job instance at 0x7f77918f2eb0>,64,1,[6 5],65,142,143,77,131
1,<environment.Job instance at 0x7f77918f2e10>,65,13,[6 4],66,143,156,77,132
1,<environment.Job instance at 0x7f77918f2cd0>,66,19,[9 4],67,156,175,89,146
1,<environment.Job instance at 0x7f77918f2190>,72,3,[5 1],73,175,178,102,159
1,<environment.Job instance at 0x7f77918f2960>,67,18,[4 7],68,175,193,107,164
1,<environment.Job instance at 0x7f77dccf1910>,76,16,[5 2],77,179,195,102,179
1,<environment.Job instance at 0x7f77d8043d20>,79,14,[3 5],80,193,207,113,179
1,<environment.Job instance at 0x7f77d8043b40>,80,3,[ 4 10],81,207,210,126,181
1,<environment.Job instance at 0x7f77d8043410>,81,3,[6 5],82,195,198,113,181
1,<environment.Job instance at 0x7f77d585a730>,83,2,[1 5],84,198,200,114,192
1,<environment.Job instance at 0x7f77d803d690>,84,17,[9 5],85,210,227,125,198
1,<environment.Job instance at 0x7f77d8203a00>,86,3,[4 5],87,227,230,140,210
1,<environment.Job instance at 0x7f77d8203230>,87,12,[ 3 10],88,230,242,142,213
1,<environment.Job instance at 0x7f7791baf0a0>,95,14,[10  1],96,242,256,146,227
1,<environment.Job instance at 0x7f77d8072f00>,99,17,[8 4],100,256,273,156,244
1,<environment.Job instance at 0x7f77d80728c0>,101,16,[2 6],102,256,272,154,246
1,<environment.Job instance at 0x7f77d80733c0>,105,17,[1 8],106,273,290,167,261
1,<environment.Job instance at 0x7f77d8073230>,2,18,[6 4],3,3,21,0,3
1,<environment.Job instance at 0x7f77d5b2ecd0>,5,3,[5 5],6,21,24,15,6
1,<environment.Job instance at 0x7f779206e5f0>,8,3,[10  4],9,24,27,15,9
1,<environment.Job instance at 0x7f7791add500>,11,12,[5 1],12,27,39,15,12
1,<environment.Job instance at 0x7f7791f8fcd0>,12,2,[1 9],13,27,29,14,13
1,<environment.Job instance at 0x7f7791add140>,10,1,[1 7],11,29,30,18,13
1,<environment.Job instance at 0x7f7791f8fe10>,13,2,[6 3],14,39,41,25,15
1,<environment.Job instance at 0x7f77d5843550>,16,1,[6 3],17,41,42,24,17
1,<environment.Job instance at 0x7f77d5843f00>,15,13,[2 6],16,30,43,14,28
1,<environment.Job instance at 0x7f7792060550>,21,12,[7 4],22,42,54,20,28
1,<environment.Job instance at 0x7f77d82be910>,23,13,[4 7],24,54,67,30,38
1,<environment.Job instance at 0x7f77d82be550>,26,12,[4 6],27,67,79,40,52
1,<environment.Job instance at 0x7f7791e15dc0>,30,17,[8 3],31,79,96,48,68
1,<environment.Job instance at 0x7f77d8023820>,32,12,[5 4],33,96,108,63,79
1,<environment.Job instance at 0x7f77d8023190>,34,17,[5 6],35,96,113,61,84
1,<environment.Job instance at 0x7f77d8023d20>,40,14,[6 1],41,113,127,72,98
1,<environment.Job instance at 0x7f77d8023e10>,42,17,[3 8],43,113,130,70,109
1,<environment.Job instance at 0x7f7791e72910>,48,3,[10  1],49,130,133,81,111
1,<environment.Job instance at 0x7f7791e72320>,47,14,[9 3],48,133,147,85,118
1,<environment.Job instance at 0x7f77d5ced820>,57,15,[6 1],58,147,162,89,133
1,<environment.Job instance at 0x7f7791e56dc0>,58,3,[2 6],59,147,150,88,133
1,<environment.Job instance at 0x7f7791e563c0>,64,1,[7 5],65,170,171,105,170
1,<environment.Job instance at 0x7f7791e22be0>,66,3,[1 8],67,171,174,104,170
1,<environment.Job instance at 0x7f7791e22190>,67,1,[3 5],68,170,171,102,170
1,<environment.Job instance at 0x7f7791e223c0>,68,2,[5 7],69,174,176,105,170
1,<environment.Job instance at 0x7f7791ebcd20>,69,2,[2 5],70,176,178,106,170
1,<environment.Job instance at 0x7f7791ebc320>,70,16,[1 5],71,176,192,105,170
1,<environment.Job instance at 0x7f7791ebc2d0>,71,17,[6 5],72,178,195,106,174
1,<environment.Job instance at 0x7f7791981730>,76,16,[3 6],77,195,211,118,183
1,<environment.Job instance at 0x7f77d59e93c0>,87,2,[9 3],88,211,213,123,203
1,<environment.Job instance at 0x7f77d59e9a50>,88,16,[1 8],89,213,229,124,203
1,<environment.Job instance at 0x7f77d59e90a0>,89,12,[9 3],90,229,241,139,212
1,<environment.Job instance at 0x7f77d59e9690>,97,1,[5 1],98,216,217,118,216
1,<environment.Job instance at 0x7f7791fb83c0>,3,18,[1 8],4,241,259,237,232
1,<environment.Job instance at 0x7f77d59e9fa0>,101,16,[8 1],102,241,257,139,235
1,<environment.Job instance at 0x7f77d59e9550>,94,17,[10  4],95,259,276,164,252
1,<environment.Job instance at 0x7f77d58996e0>,5,1,[5 7],6,6,7,0,6
1,<environment.Job instance at 0x7f77d5d25cd0>,4,16,[6 3],5,7,23,2,6
1,<environment.Job instance at 0x7f77d5899730>,6,12,[1 9],7,23,35,16,8
1,<environment.Job instance at 0x7f77d5899cd0>,10,2,[3 9],11,35,37,24,11
1,<environment.Job instance at 0x7f77d5899f00>,9,15,[9 3],10,37,52,27,23
1,<environment.Job instance at 0x7f77d5899960>,15,1,[9 4],16,52,53,36,24
1,<environment.Job instance at 0x7f77d5899460>,16,3,[ 4 10],17,53,56,36,27
1,<environment.Job instance at 0x7f77d58994b0>,19,3,[8 1],20,56,59,36,35
1,<environment.Job instance at 0x7f77d5899d20>,20,2,[2 7],21,56,58,35,35
1,<environment.Job instance at 0x7f77d5899f50>,21,12,[1 7],22,37,49,15,35
1,<environment.Job instance at 0x7f7792032500>,2,12,[10  3],3,59,71,56,46
1,<environment.Job instance at 0x7f77d58997d0>,13,16,[4 9],14,71,87,57,58
1,<environment.Job instance at 0x7f77918a4a50>,32,2,[7 5],33,87,89,54,60
1,<environment.Job instance at 0x7f77918a4d20>,35,3,[6 1],36,71,74,35,66
1,<environment.Job instance at 0x7f77918a43c0>,36,1,[7 3],37,89,90,52,66
1,<environment.Job instance at 0x7f77918a44b0>,37,15,[1 7],38,89,104,51,75
1,<environment.Job instance at 0x7f77918a4e60>,40,1,[8 1],41,93,94,52,93
1,<environment.Job instance at 0x7f77918a4550>,41,12,[8 3],42,94,106,52,93
1,<environment.Job instance at 0x7f7792032690>,0,17,[2 8],1,119,136,118,119
1,<environment.Job instance at 0x7f7791cce050>,45,16,[10  2],46,136,152,90,123
1,<environment.Job instance at 0x7f7791895eb0>,53,2,[3 6],54,152,154,98,139
1,<environment.Job instance at 0x7f7791895730>,54,1,[1 7],55,154,155,99,139
1,<environment.Job instance at 0x7f77918955a0>,55,2,[1 8],56,155,157,99,141
1,<environment.Job instance at 0x7f7791ccef50>,44,16,[5 6],45,157,173,112,144
1,<environment.Job instance at 0x7f7791895500>,58,14,[7 5],59,173,187,114,158
1,<environment.Job instance at 0x7f7791895dc0>,61,12,[7 5],62,187,199,125,170
1,<environment.Job instance at 0x7f7791895af0>,56,18,[3 5],57,173,191,116,170
1,<environment.Job instance at 0x7f77d5816460>,66,14,[3 9],67,199,213,132,188
1,<environment.Job instance at 0x7f77d58169b0>,70,14,[5 5],71,213,227,142,198
1,<environment.Job instance at 0x7f77d5816780>,76,12,[9 1],77,227,239,150,214
1,<environment.Job instance at 0x7f77d5816c80>,80,12,[3 8],81,239,251,158,222
1,<environment.Job instance at 0x7f77d58165f0>,84,18,[6 3],85,251,269,166,240
1,<environment.Job instance at 0x7f77918bcb90>,87,16,[2 6],88,251,267,163,240
1,<environment.Job instance at 0x7f7791895190>,64,18,[3 8],65,269,287,204,260
1,<environment.Job instance at 0x7f77918bc190>,92,18,[9 5],93,287,305,194,276
1,<environment.Job instance at 0x7f77918bcd20>,98,14,[3 8],99,305,319,206,290
1,<environment.Job instance at 0x7f77918bca50>,101,16,[8 5],102,319,335,217,307
1,<environment.Job instance at 0x7f77d5c92500>,1,2,[1 9],2,2,4,0,2
1,<environment.Job instance at 0x7f7791cf8eb0>,2,1,[7 2],3,4,5,1,3
1,<environment.Job instance at 0x7f77d57fc370>,6,1,[6 2],7,7,8,0,7
1,<environment.Job instance at 0x7f7791db6fa0>,11,18,[6 1],12,23,41,11,23
1,<environment.Job instance at 0x7f7791db64b0>,14,12,[9 4],15,41,53,26,28
1,<environment.Job instance at 0x7f7791db6a50>,16,12,[3 5],17,29,41,12,29
1,<environment.Job instance at 0x7f7791db6280>,17,3,[1 7],18,53,56,35,29
1,<environment.Job instance at 0x7f7791d9a8c0>,19,2,[6 4],20,56,58,36,30
1,<environment.Job instance at 0x7f7791d9a140>,22,1,[7 5],23,58,59,35,53
1,<environment.Job instance at 0x7f7791d9a5a0>,18,12,[3 5],19,56,68,37,53
1,<environment.Job instance at 0x7f7791d9a0a0>,23,2,[ 3 10],24,68,70,44,53
1,<environment.Job instance at 0x7f7791d88c80>,24,2,[1 8],25,70,72,45,53
1,<environment.Job instance at 0x7f7791d88870>,25,3,[9 5],26,72,75,46,53
1,<environment.Job instance at 0x7f77d83f2230>,28,1,[10  4],29,75,76,46,53
1,<environment.Job instance at 0x7f7791da8b90>,31,2,[8 5],32,76,78,44,55
1,<environment.Job instance at 0x7f77d5698b40>,30,3,[ 2 10],31,78,81,47,58
1,<environment.Job instance at 0x7f77d56850a0>,33,1,[ 3 10],34,81,82,47,59
1,<environment.Job instance at 0x7f77d5bcdcd0>,5,15,[8 2],6,82,97,76,69
1,<environment.Job instance at 0x7f77d83c6550>,38,14,[3 7],39,97,111,58,82
1,<environment.Job instance at 0x7f77d56714b0>,40,17,[4 8],41,111,128,70,103
1,<environment.Job instance at 0x7f77d7fd3e60>,48,3,[6 2],49,106,109,57,106
1,<environment.Job instance at 0x7f77d5a36aa0>,29,18,[5 2],30,109,127,79,106
1,<environment.Job instance at 0x7f77d83c6eb0>,36,14,[10  1],37,128,142,91,116
1,<environment.Job instance at 0x7f77d56810a0>,55,3,[8 5],56,142,145,86,130
1,<environment.Job instance at 0x7f77d5681aa0>,58,3,[1 7],59,145,148,86,130
1,<environment.Job instance at 0x7f77919e7aa0>,50,16,[5 4],51,148,164,97,135
1,<environment.Job instance at 0x7f77d5681370>,56,17,[3 7],57,164,181,107,152
1,<environment.Job instance at 0x7f77921dabe0>,67,15,[5 1],68,176,191,108,176
1,<environment.Job instance at 0x7f77921da820>,69,13,[6 1],70,191,204,121,176
1,<environment.Job instance at 0x7f77921dadc0>,71,17,[6 1],72,204,221,132,192
1,<environment.Job instance at 0x7f77921c0b90>,80,28,[1 5],81,206,234,125,206
1,<environment.Job instance at 0x7f77921c0f00>,82,3,[5 9],83,234,237,151,209
1,<environment.Job instance at 0x7f77921c01e0>,84,2,[8 1],85,221,223,136,216
1,<environment.Job instance at 0x7f77921c0dc0>,85,1,[4 6],86,237,238,151,216
1,<environment.Job instance at 0x7f77921c02d0>,83,13,[10  1],84,238,251,154,234
1,<environment.Job instance at 0x7f77921c5050>,90,1,[ 5 10],91,251,252,160,235
1,<environment.Job instance at 0x7f77921c5fa0>,91,1,[9 3],92,252,253,160,235
1,<environment.Job instance at 0x7f77921c5500>,92,1,[1 7],93,252,253,159,235
1,<environment.Job instance at 0x7f77921e3500>,93,1,[5 4],94,237,238,143,235
1,<environment.Job instance at 0x7f77921c52d0>,88,18,[5 5],89,253,271,164,242
1,<environment.Job instance at 0x7f77921e3a50>,95,2,[8 2],96,271,273,175,244
1,<environment.Job instance at 0x7f77921c3dc0>,99,1,[8 3],100,273,274,173,249
1,<environment.Job instance at 0x7f77921c3be0>,100,2,[ 4 10],101,274,276,173,250
1,<environment.Job instance at 0x7f77921c36e0>,101,1,[9 1],102,276,277,174,250
1,<environment.Job instance at 0x7f77921c3fa0>,102,18,[7 2],103,277,295,174,267
1,<environment.Job instance at 0x7f77921d6e10>,105,16,[2 7],106,277,293,171,271
1,<environment.Job instance at 0x7f77921d5550>,107,12,[10  4],108,295,307,187,279
1,<environment.Job instance at 0x7f77921d6550>,104,16,[5 8],105,450,466,345,450
1,<environment.Job instance at 0x7f7791b6a320>,3,15,[3 5],4,4,19,0,4
1,<environment.Job instance at 0x7f77d82be1e0>,2,13,[1 7],3,19,32,16,4
1,<environment.Job instance at 0x7f7791b6a0f0>,5,13,[6 1],6,7,20,1,7
1,<environment.Job instance at 0x7f77d5b61050>,11,3,[3 8],12,32,35,20,12
1,<environment.Job instance at 0x7f77d56d2780>,16,1,[10  4],17,35,36,18,17
1,<environment.Job instance at 0x7f7791bb0fa0>,17,2,[7 3],18,20,22,2,18
1,<environment.Job instance at 0x7f77d5c12370>,18,12,[6 2],19,22,34,3,19
1,<environment.Job instance at 0x7f77d5af3b90>,19,2,[5 5],20,36,38,16,20
1,<environment.Job instance at 0x7f77d82be960>,0,13,[8 2],1,38,51,37,22
1,<environment.Job instance at 0x7f77d5716550>,26,1,[1 6],27,38,39,11,31
1,<environment.Job instance at 0x7f77d5716780>,28,2,[ 2 10],29,51,53,22,32
1,<environment.Job instance at 0x7f77d5716500>,24,13,[6 5],25,53,66,28,37
1,<environment.Job instance at 0x7f77d5af3aa0>,21,12,[9 4],22,66,78,44,49
1,<environment.Job instance at 0x7f7791f8e0a0>,36,15,[6 4],37,78,93,41,64
1,<environment.Job instance at 0x7f7791f8e640>,37,3,[3 5],38,78,81,40,64
1,<environment.Job instance at 0x7f77d5c08d20>,40,3,[ 5 10],41,93,96,52,72
1,<environment.Job instance at 0x7f77d5c08c80>,41,13,[3 5],42,96,109,54,80
1,<environment.Job instance at 0x7f77d5716690>,22,17,[5 5],23,96,113,73,85
1,<environment.Job instance at 0x7f77d5740140>,15,17,[5 8],16,113,130,97,101
1,<environment.Job instance at 0x7f77d803d7d0>,51,12,[4 6],52,130,142,78,113
1,<environment.Job instance at 0x7f77d83cbbe0>,53,1,[ 4 10],54,142,143,88,114
1,<environment.Job instance at 0x7f77d5bf64b0>,55,1,[1 5],56,143,144,87,115
1,<environment.Job instance at 0x7f77d56eabe0>,58,1,[2 6],59,144,145,85,127
1,<environment.Job instance at 0x7f77d56eaf50>,59,12,[1 5],60,145,157,85,128
1,<environment.Job instance at 0x7f7791bdfbe0>,63,17,[7 2],64,143,160,79,134
1,<environment.Job instance at 0x7f77d5c08500>,39,16,[ 1 10],40,160,176,120,147
1,<environment.Job instance at 0x7f77d5c7c230>,68,2,[6 2],69,176,178,107,154
1,<environment.Job instance at 0x7f77d5c7c190>,69,17,[6 3],70,178,195,108,166
1,<environment.Job instance at 0x7f77d5c7caa0>,75,16,[7 4],76,195,211,119,183
1,<environment.Job instance at 0x7f77d5c7ca50>,80,1,[4 5],81,185,186,104,185
1,<environment.Job instance at 0x7f77d593f960>,85,1,[9 2],86,211,212,125,191
1,<environment.Job instance at 0x7f77d5d2cf50>,46,12,[10  3],47,212,224,165,197
1,<environment.Job instance at 0x7f77d593fa50>,87,2,[4 9],88,224,226,136,197
1,<environment.Job instance at 0x7f77d593fbe0>,89,2,[1 6],90,226,228,136,215
1,<environment.Job instance at 0x7f77d5c7ce60>,73,17,[10  3],74,228,245,154,217
1,<environment.Job instance at 0x7f77d593f690>,98,15,[5 4],99,245,260,146,231
1,<environment.Job instance at 0x7f77d593f780>,91,12,[10  1],92,260,272,168,243
1,<environment.Job instance at 0x7f77d5d8a0a0>,101,15,[4 9],102,272,287,170,259
1,<environment.Job instance at 0x7f77d5d8ae60>,104,17,[3 6],105,287,304,182,278
1,<environment.Job instance at 0x7f77d5d8a0f0>,108,12,[4 8],109,304,316,195,287
1,<environment.Job instance at 0x7f77d5c4f460>,4,2,[9 3],5,6,8,1,6
1,<environment.Job instance at 0x7f77d5b34320>,7,3,[6 3],8,8,11,0,8
1,<environment.Job instance at 0x7f77d5b34370>,9,13,[4 9],10,13,26,3,13
1,<environment.Job instance at 0x7f77d5b34a50>,11,13,[ 1 10],12,26,39,14,14
1,<environment.Job instance at 0x7f77d5b34d20>,13,14,[4 9],14,39,53,25,25
1,<environment.Job instance at 0x7f77d5b340a0>,18,14,[10  3],19,53,67,34,38
1,<environment.Job instance at 0x7f77d84402d0>,22,2,[ 3 10],23,67,69,44,41
1,<environment.Job instance at 0x7f77d8440690>,25,12,[2 6],26,69,81,43,55
1,<environment.Job instance at 0x7f77d5b34640>,15,13,[ 3 10],16,81,94,65,67
1,<environment.Job instance at 0x7f7791c8ed20>,29,15,[ 4 10],30,94,109,64,83
1,<environment.Job instance at 0x7f7791c8eaa0>,33,17,[7 3],34,109,126,75,97
1,<environment.Job instance at 0x7f7791c8e050>,35,12,[5 5],36,126,138,90,109
1,<environment.Job instance at 0x7f7791c8eaf0>,38,12,[3 9],39,138,150,99,126
1,<environment.Job instance at 0x7f7791c8e5a0>,39,3,[5 2],40,126,129,86,126
1,<environment.Job instance at 0x7f7791ea92d0>,44,15,[6 3],45,150,165,105,136
1,<environment.Job instance at 0x7f7791ea9cd0>,49,3,[4 7],50,159,162,109,159
1,<environment.Job instance at 0x7f7791ea9d70>,53,2,[9 1],54,165,167,111,160
1,<environment.Job instance at 0x7f7791ea97d0>,46,16,[2 9],47,167,183,120,161
1,<environment.Job instance at 0x7f7791ea9500>,55,3,[4 5],56,183,186,127,163
1,<environment.Job instance at 0x7f7791ea9960>,57,3,[10  4],58,186,189,128,165
1,<environment.Job instance at 0x7f77919ef460>,61,2,[2 7],62,189,191,127,186
1,<environment.Job instance at 0x7f77919ef410>,62,13,[2 6],63,191,204,128,189
1,<environment.Job instance at 0x7f77919efd20>,63,17,[6 4],64,191,208,127,191
1,<environment.Job instance at 0x7f77919ef1e0>,68,12,[1 5],69,204,216,135,192
1,<environment.Job instance at 0x7f77919efb90>,70,13,[1 5],71,208,221,137,192
1,<environment.Job instance at 0x7f77919ef690>,71,3,[7 5],72,216,219,144,192
1,<environment.Job instance at 0x7f77919efd70>,74,16,[8 4],75,219,235,144,210
1,<environment.Job instance at 0x7f77d5c2e190>,77,14,[7 4],78,235,249,157,224
1,<environment.Job instance at 0x7f77d5c4f3c0>,0,16,[10  3],1,249,265,248,236
1,<environment.Job instance at 0x7f77d5a9f7d0>,85,18,[2 9],86,265,283,179,263
1,<environment.Job instance at 0x7f77d5a9faf0>,86,18,[10  3],87,283,301,196,275
1,<environment.Job instance at 0x7f7791ec58c0>,2,3,[5 5],3,3,6,0,3
1,<environment.Job instance at 0x7f7791ec5f00>,3,3,[ 3 10],4,6,9,2,4
1,<environment.Job instance at 0x7f779199deb0>,7,2,[9 2],8,9,11,1,9
1,<environment.Job instance at 0x7f7791ec5b40>,1,13,[8 2],2,11,24,9,10
1,<environment.Job instance at 0x7f77919e1be0>,15,17,[4 6],16,24,41,8,16
1,<environment.Job instance at 0x7f77918bcbe0>,18,2,[7 1],19,41,43,22,19
1,<environment.Job instance at 0x7f7791ec50f0>,5,18,[7 4],6,43,61,37,32
1,<environment.Job instance at 0x7f77918bcf50>,24,15,[7 5],25,61,76,36,47
1,<environment.Job instance at 0x7f77918bc870>,26,15,[5 5],27,76,91,49,62
1,<environment.Job instance at 0x7f77918bc5a0>,27,17,[9 4],28,91,108,63,79
1,<environment.Job instance at 0x7f77d562a370>,32,16,[2 8],33,108,124,75,95
1,<environment.Job instance at 0x7f77d562a4b0>,34,14,[7 2],35,108,122,73,97
1,<environment.Job instance at 0x7f77919e9aa0>,36,13,[10  2],37,124,137,87,108
1,<environment.Job instance at 0x7f7792010fa0>,42,16,[5 3],43,137,153,94,124
1,<environment.Job instance at 0x7f7792010f50>,46,2,[10  2],47,153,155,106,127
1,<environment.Job instance at 0x7f779203b870>,47,12,[ 2 10],48,155,167,107,139
1,<environment.Job instance at 0x7f77918bc280>,28,12,[3 7],29,140,152,111,140
1,<environment.Job instance at 0x7f77918bc370>,22,17,[ 1 10],23,167,184,144,156
1,<environment.Job instance at 0x7f779203b960>,53,14,[5 7],54,184,198,130,169
1,<environment.Job instance at 0x7f779203ba00>,58,16,[1 9],59,198,214,139,185
1,<environment.Job instance at 0x7f779203bbe0>,64,2,[7 2],65,214,216,149,189
1,<environment.Job instance at 0x7f779203b0f0>,65,15,[4 9],66,216,231,150,202
1,<environment.Job instance at 0x7f779200f370>,72,3,[9 2],73,231,234,158,205
1,<environment.Job instance at 0x7f779200f690>,75,17,[9 1],76,234,251,158,222
1,<environment.Job instance at 0x7f779200f6e0>,78,12,[7 2],79,251,263,172,234
1,<environment.Job instance at 0x7f779203b9b0>,51,14,[ 5 10],52,263,277,211,257
1,<environment.Job instance at 0x7f779200feb0>,84,14,[ 3 10],85,277,291,192,271
1,<environment.Job instance at 0x7f7792001690>,87,18,[1 8],88,291,309,203,281
1,<environment.Job instance at 0x7f7792001460>,89,1,[10  2],90,399,400,309,399
1,<environment.Job instance at 0x7f7792001280>,90,18,[8 3],91,400,418,309,399
1,<environment.Job instance at 0x7f77920018c0>,92,1,[1 9],93,418,419,325,399
1,<environment.Job instance at 0x7f7792001c80>,93,17,[6 1],94,418,435,324,408
1,<environment.Job instance at 0x7f7792001640>,94,12,[4 5],95,419,431,324,408
1,<environment.Job instance at 0x7f4950e355a0>,6,20,[6 1],7,8,28,1,8
1,<environment.Job instance at 0x7f4956244190>,7,1,[5 4],8,28,29,20,10
1,<environment.Job instance at 0x7f4950e35230>,4,14,[1 6],5,22,36,17,22
1,<environment.Job instance at 0x7f4950e35aa0>,11,15,[4 8],12,36,51,24,22
1,<environment.Job instance at 0x7f4950e35e60>,17,3,[4 9],18,51,54,33,26
1,<environment.Job instance at 0x7f4950e35820>,21,1,[6 5],22,54,55,32,34
1,<environment.Job instance at 0x7f4950e383c0>,24,18,[2 6],25,55,73,30,50
1,<environment.Job instance at 0x7f4950e38730>,26,3,[3 7],27,73,76,46,50
1,<environment.Job instance at 0x7f4950e38a50>,29,12,[5 4],30,55,67,25,52
1,<environment.Job instance at 0x7f4950e38af0>,30,14,[5 2],31,67,81,36,56
1,<environment.Job instance at 0x7f4950e38b90>,31,14,[2 5],32,76,90,44,62
1,<environment.Job instance at 0x7f4950e38820>,27,15,[8 4],28,81,96,53,72
1,<environment.Job instance at 0x7f4950e39320>,40,15,[10  3],41,96,111,55,83
1,<environment.Job instance at 0x7f4950e35be0>,13,18,[ 4 10],14,111,129,97,100
1,<environment.Job instance at 0x7f4950e39780>,47,2,[6 5],48,129,131,81,102
1,<environment.Job instance at 0x7f4950e398c0>,49,16,[2 5],50,129,145,79,118
1,<environment.Job instance at 0x7f4950e39500>,43,18,[5 5],44,131,149,87,121
1,<environment.Job instance at 0x7f4950e3eaf0>,0,2,[7 2],1,1,3,0,1
1,<environment.Job instance at 0x7f4950e4dc80>,6,3,[ 5 10],7,8,11,1,8
1,<environment.Job instance at 0x7f4950e4daa0>,9,2,[1 8],10,11,13,1,11
1,<environment.Job instance at 0x7f4950e4f3c0>,10,15,[8 3],11,13,28,2,12
1,<environment.Job instance at 0x7f4950e4f960>,11,1,[3 9],12,28,29,16,12
1,<environment.Job instance at 0x7f4950e51230>,15,14,[ 2 10],16,29,43,13,17
1,<environment.Job instance at 0x7f4950e4fcd0>,16,1,[9 3],17,43,44,26,17
1,<environment.Job instance at 0x7f490b234460>,21,13,[5 6],22,44,57,22,41
1,<environment.Job instance at 0x7f490b238190>,26,17,[1 7],27,59,76,32,59
1,<environment.Job instance at 0x7f490b238730>,29,12,[4 9],30,76,88,46,59
1,<environment.Job instance at 0x7f490b238230>,30,2,[3 8],31,88,90,57,61
1,<environment.Job instance at 0x7f490b238a50>,34,14,[8 4],35,90,104,55,78
1,<environment.Job instance at 0x7f490b236190>,38,14,[9 5],39,104,118,65,99
1,<environment.Job instance at 0x7f490b2366e0>,39,2,[4 9],40,118,120,78,99
1,<environment.Job instance at 0x7f490b2362d0>,42,3,[3 7],43,120,123,77,104
1,<environment.Job instance at 0x7f490b15f780>,7,2,[4 5],8,8,10,0,8
1,<environment.Job instance at 0x7f490b15fb90>,10,3,[7 3],11,11,14,0,11
1,<environment.Job instance at 0x7f490b16d910>,13,12,[9 1],14,33,45,19,33
1,<environment.Job instance at 0x7f490b095500>,14,14,[5 5],15,45,59,30,34
1,<environment.Job instance at 0x7f490b095b40>,16,3,[9 1],17,59,62,42,44
1,<environment.Job instance at 0x7f490b095d20>,21,1,[ 2 10],22,62,63,40,48
1,<environment.Job instance at 0x7f490b0982d0>,24,12,[7 2],25,63,75,38,49
1,<environment.Job instance at 0x7f4950bb7af0>,30,17,[2 6],31,63,80,32,59
1,<environment.Job instance at 0x7f4950ccfd20>,34,2,[8 5],35,80,82,45,65
1,<environment.Job instance at 0x7f49512d8910>,37,18,[5 9],38,87,105,49,87
1,<environment.Job instance at 0x7f4955d0beb0>,38,13,[5 1],39,87,100,48,87
1,<environment.Job instance at 0x7f490b1f7370>,43,2,[7 3],44,105,107,61,87
1,<environment.Job instance at 0x7f4950bb7550>,31,15,[8 4],32,107,122,75,98
1,<environment.Job instance at 0x7f4950c959b0>,18,18,[4 5],19,122,140,103,114
1,<environment.Job instance at 0x7f490b08ec80>,50,18,[6 1],51,122,140,71,116
1,<environment.Job instance at 0x7f490b08eb40>,54,2,[7 4],55,140,142,85,116
1,<environment.Job instance at 0x7f490b08eeb0>,57,14,[ 1 10],58,142,156,84,131
1,<environment.Job instance at 0x7f490b08ea00>,60,15,[8 2],61,156,171,95,147
1,<environment.Job instance at 0x7f4951042cd0>,63,2,[5 1],64,171,173,107,147
1,<environment.Job instance at 0x7f4950bed140>,64,17,[9 4],65,173,190,108,163
1,<environment.Job instance at 0x7f490b07d5f0>,69,15,[ 5 10],70,190,205,120,177
1,<environment.Job instance at 0x7f490b07daa0>,74,15,[5 1],75,205,220,130,193
1,<environment.Job instance at 0x7f4950c100f0>,84,12,[5 9],85,205,217,120,204
1,<environment.Job instance at 0x7f4951350eb0>,85,12,[2 6],86,217,229,131,205
1,<environment.Job instance at 0x7f4950c09640>,86,15,[2 7],87,229,244,142,216
1,<environment.Job instance at 0x7f49512c53c0>,2,12,[3 8],3,3,15,0,3
1,<environment.Job instance at 0x7f4955dbfcd0>,5,3,[3 8],6,15,18,9,6
1,<environment.Job instance at 0x7f49512e3500>,9,2,[8 2],10,24,26,14,24
1,<environment.Job instance at 0x7f49512e3230>,11,1,[ 4 10],12,26,27,14,24
1,<environment.Job instance at 0x7f495122daa0>,13,2,[5 7],14,27,29,13,24
1,<environment.Job instance at 0x7f495122dd20>,14,1,[3 8],15,29,30,14,24
1,<environment.Job instance at 0x7f495122d050>,15,13,[5 5],16,30,43,14,24
1,<environment.Job instance at 0x7f495122da50>,18,2,[6 3],19,43,45,24,24
1,<environment.Job instance at 0x7f495122d690>,16,3,[2 8],17,45,48,28,24
1,<environment.Job instance at 0x7f490b485320>,21,3,[1 6],22,48,51,26,24
1,<environment.Job instance at 0x7f4950bf0a50>,23,2,[5 5],24,30,32,6,25
1,<environment.Job instance at 0x7f4950fa3f00>,24,1,[7 4],25,48,49,23,26
1,<environment.Job instance at 0x7f4950f45eb0>,26,3,[6 3],27,49,52,22,33
1,<environment.Job instance at 0x7f4950f45320>,27,12,[5 8],28,52,64,24,37
1,<environment.Job instance at 0x7f4950f45f50>,30,18,[9 5],31,64,82,33,53
1,<environment.Job instance at 0x7f4950f80a50>,34,17,[7 2],35,82,99,47,70
1,<environment.Job instance at 0x7f4950e766e0>,41,17,[2 6],42,82,99,40,77
1,<environment.Job instance at 0x7f4950f80820>,39,17,[8 1],40,99,116,59,88
1,<environment.Job instance at 0x7f4950e6de60>,48,14,[ 2 10],49,116,130,67,101
1,<environment.Job instance at 0x7f4950f3f370>,55,13,[ 1 10],56,130,143,74,115
1,<environment.Job instance at 0x7f49510b9be0>,59,15,[10  2],60,143,158,83,129
1,<environment.Job instance at 0x7f49510b9780>,61,12,[5 5],62,158,170,96,141
1,<environment.Job instance at 0x7f4950f43460>,65,14,[7 4],66,170,184,104,155
1,<environment.Job instance at 0x7f4950e24e10>,71,13,[4 5],72,184,197,112,168
1,<environment.Job instance at 0x7f4950e24cd0>,75,12,[ 1 10],76,197,209,121,180
1,<environment.Job instance at 0x7f4950e24af0>,79,14,[5 7],80,209,223,129,195
1,<environment.Job instance at 0x7f49558db780>,1,17,[7 5],2,223,240,221,211
1,<environment.Job instance at 0x7f4950ea2dc0>,70,16,[10  2],71,240,256,169,228
1,<environment.Job instance at 0x7f4950e98280>,96,18,[4 6],97,256,274,159,245
1,<environment.Job instance at 0x7f4950cb0af0>,5,3,[1 5],6,6,9,0,6
1,<environment.Job instance at 0x7f495124d9b0>,0,19,[6 3],1,7,26,6,7
1,<environment.Job instance at 0x7f4950cb0e60>,6,3,[9 3],7,26,29,19,8
1,<environment.Job instance at 0x7f4955bc48c0>,7,13,[6 4],8,29,42,21,13
1,<environment.Job instance at 0x7f4955ba7460>,16,3,[2 7],17,20,23,3,20
1,<environment.Job instance at 0x7f4955bd80a0>,19,15,[9 5],20,42,57,22,31
1,<environment.Job instance at 0x7f4955bb63c0>,22,15,[5 1],23,57,72,34,43
1,<environment.Job instance at 0x7f490b6f5a00>,11,18,[2 9],12,57,75,45,50
1,<environment.Job instance at 0x7f4955bb6e60>,30,12,[2 5],31,75,87,44,62
1,<environment.Job instance at 0x7f4950cb96e0>,13,13,[6 5],14,75,88,61,63
1,<environment.Job instance at 0x7f4955bb2910>,32,1,[2 9],33,88,89,55,63
1,<environment.Job instance at 0x7f4955bc72d0>,34,1,[5 8],35,89,90,54,63
1,<environment.Job instance at 0x7f4955bb65a0>,28,14,[5 9],29,90,104,61,75
1,<environment.Job instance at 0x7f4955bc7b90>,37,2,[2 8],38,104,106,66,77
1,<environment.Job instance at 0x7f4955bb6820>,31,16,[6 5],32,106,122,74,93
1,<environment.Job instance at 0x7f4955bb5910>,45,13,[10  4],46,122,135,76,106
1,<environment.Job instance at 0x7f4955bb5960>,46,16,[5 5],47,135,151,88,122
1,<environment.Job instance at 0x7f4955bb6dc0>,23,18,[5 9],24,151,169,127,144
1,<environment.Job instance at 0x7f4955bd1730>,58,16,[8 5],59,169,185,110,157
1,<environment.Job instance at 0x7f4955bd1e60>,59,18,[7 5],60,185,203,125,174
1,<environment.Job instance at 0x7f490b447460>,65,18,[7 5],66,203,221,137,192
1,<environment.Job instance at 0x7f490b460d70>,72,18,[5 1],73,221,239,148,214
1,<environment.Job instance at 0x7f4955bc77d0>,36,14,[3 9],37,221,235,184,218
1,<environment.Job instance at 0x7f490b455dc0>,81,1,[8 5],82,239,240,157,218
1,<environment.Job instance at 0x7f490b455910>,83,2,[5 5],84,235,237,151,221
1,<environment.Job instance at 0x7f4955bac6e0>,84,12,[4 6],85,240,252,155,223
1,<environment.Job instance at 0x7f490b441230>,79,15,[ 1 10],80,252,267,172,240
1,<environment.Job instance at 0x7f4955bb5780>,44,17,[3 9],45,267,284,222,256
1,<environment.Job instance at 0x7f4950c30cd0>,89,14,[10  1],90,284,298,194,269
1,<environment.Job instance at 0x7f4950c32fa0>,91,14,[10  4],92,298,312,206,283
1,<environment.Job instance at 0x7f4950c32a00>,94,12,[8 4],95,312,324,217,295
1,<environment.Job instance at 0x7f4950c323c0>,96,3,[8 1],97,324,327,227,308
1,<environment.Job instance at 0x7f4950c32690>,97,14,[6 2],98,327,341,229,312
1,<environment.Job instance at 0x7f4950c28780>,100,12,[8 1],101,341,353,240,324
1,<environment.Job instance at 0x7f4950cb1e10>,85,17,[7 1],86,353,370,267,341
1,<environment.Job instance at 0x7f4950c284b0>,106,28,[1 7],107,342,370,235,342
1,<environment.Job instance at 0x7f4950c28550>,102,18,[5 1],103,370,388,267,360
1,<environment.Job instance at 0x7f4950c288c0>,110,3,[4 8],111,370,373,259,360
1,<environment.Job instance at 0x7f4950c28e10>,113,2,[ 4 10],114,388,390,274,361
1,<environment.Job instance at 0x7f4955bd72d0>,118,1,[6 3],119,393,394,274,393
1,<environment.Job instance at 0x7f490b539960>,0,3,[9 5],1,5,8,4,5
1,<environment.Job instance at 0x7f490b539f00>,2,13,[4 8],3,9,22,6,9
1,<environment.Job instance at 0x7f4950f14780>,12,3,[6 4],13,22,25,9,13
1,<environment.Job instance at 0x7f4950f14eb0>,13,3,[6 2],14,14,17,0,14
1,<environment.Job instance at 0x7f4950f14730>,14,15,[9 1],15,25,40,10,15
1,<environment.Job instance at 0x7f490b5397d0>,1,13,[1 7],2,25,38,23,17
1,<environment.Job instance at 0x7f495579d190>,5,3,[8 5],6,40,43,34,17
1,<environment.Job instance at 0x7f4950dc0500>,17,1,[9 4],18,43,44,25,18
1,<environment.Job instance at 0x7f4950dc00f0>,20,15,[9 4],21,44,59,23,34
1,<environment.Job instance at 0x7f4950dc0e10>,21,3,[5 5],22,59,62,37,34
1,<environment.Job instance at 0x7f4950dc0dc0>,22,13,[1 5],23,38,51,15,35
1,<environment.Job instance at 0x7f4950dc0c30>,24,2,[10  3],25,62,64,37,36
1,<environment.Job instance at 0x7f4950dc0780>,25,3,[5 5],26,59,62,33,37
1,<environment.Job instance at 0x7f49510db4b0>,26,2,[3 9],27,64,66,37,37
1,<environment.Job instance at 0x7f49510dbd70>,27,2,[7 2],28,66,68,38,39
1,<environment.Job instance at 0x7f49510db0a0>,29,1,[ 2 10],30,68,69,38,40
1,<environment.Job instance at 0x7f49510db6e0>,31,2,[5 1],32,64,66,32,56
1,<environment.Job instance at 0x7f49510db370>,34,15,[10  3],35,69,84,34,56
1,<environment.Job instance at 0x7f4955f181e0>,38,1,[ 3 10],39,84,85,45,56
1,<environment.Job instance at 0x7f495582eaf0>,43,17,[8 5],44,85,102,41,73
1,<environment.Job instance at 0x7f495582eeb0>,44,3,[6 1],45,102,105,57,76
1,<environment.Job instance at 0x7f4951192280>,39,17,[5 9],40,105,122,65,94
1,<environment.Job instance at 0x7f495582e3c0>,49,18,[7 3],50,122,140,72,117
1,<environment.Job instance at 0x7f495582efa0>,50,16,[9 2],51,140,156,89,133
1,<environment.Job instance at 0x7f495582e410>,52,2,[5 8],53,156,158,103,133
1,<environment.Job instance at 0x7f4955857b40>,54,3,[6 4],55,158,161,103,134
1,<environment.Job instance at 0x7f4955857f50>,59,3,[ 5 10],60,161,164,101,135
1,<environment.Job instance at 0x7f4950d0f640>,60,1,[4 6],61,158,159,97,135
1,<environment.Job instance at 0x7f4950d0f690>,61,1,[4 6],62,159,160,97,135
1,<environment.Job instance at 0x7f4950d0f460>,62,18,[5 9],63,164,182,101,154
1,<environment.Job instance at 0x7f4950d0f370>,64,2,[ 2 10],65,182,184,117,166
1,<environment.Job instance at 0x7f4950d0f230>,66,1,[2 6],67,184,185,117,166
1,<environment.Job instance at 0x7f4950d0f5a0>,67,17,[5 2],68,184,201,116,173
1,<environment.Job instance at 0x7f4950d0f550>,68,18,[1 9],69,201,219,132,190
1,<environment.Job instance at 0x7f4955e42410>,72,3,[9 5],73,219,222,146,215
1,<environment.Job instance at 0x7f4955e53410>,73,12,[6 2],74,222,234,148,215
1,<environment.Job instance at 0x7f4955e42b90>,74,17,[9 5],75,234,251,159,231
1,<environment.Job instance at 0x7f495569d7d0>,79,13,[3 6],80,251,264,171,243
1,<environment.Job instance at 0x7f495569d550>,81,14,[4 6],82,264,278,182,250
1,<environment.Job instance at 0x7f49559f0500>,8,1,[6 1],9,28,29,19,28
1,<environment.Job instance at 0x7f49559f0fa0>,9,15,[5 2],10,29,44,19,28
1,<environment.Job instance at 0x7f495569d550>,2,3,[9 1],3,44,47,41,28
1,<environment.Job instance at 0x7f4950bacf00>,13,3,[5 8],14,30,33,16,30
1,<environment.Job instance at 0x7f4950bac280>,14,1,[6 1],15,47,48,32,31
1,<environment.Job instance at 0x7f4950bac9b0>,15,3,[1 5],16,33,36,17,31
1,<environment.Job instance at 0x7f49559f01e0>,7,16,[ 5 10],8,48,64,40,40
1,<environment.Job instance at 0x7f4950bacaa0>,16,15,[9 5],17,64,79,47,51
1,<environment.Job instance at 0x7f4955d114b0>,20,16,[5 1],21,79,95,58,66
1,<environment.Job instance at 0x7f4955dd4b90>,22,17,[4 5],23,79,96,56,69
1,<environment.Job instance at 0x7f4955dd4aa0>,25,12,[8 1],26,96,108,70,79
1,<environment.Job instance at 0x7f4955dd4050>,23,18,[ 1 10],24,108,126,84,97
1,<environment.Job instance at 0x7f4955a45a00>,28,3,[7 1],29,126,129,97,101
1,<environment.Job instance at 0x7f490b2b9be0>,33,15,[7 2],34,129,144,95,115
1,<environment.Job instance at 0x7f490b626eb0>,38,14,[1 7],39,126,140,87,119
1,<environment.Job instance at 0x7f490b417140>,41,18,[4 8],42,144,162,102,134
1,<environment.Job instance at 0x7f490b417c80>,45,13,[1 5],46,162,175,116,146
1,<environment.Job instance at 0x7f495115e730>,46,15,[ 5 10],47,175,190,128,161
1,<environment.Job instance at 0x7f4950e35690>,51,13,[5 8],52,190,203,138,174
1,<environment.Job instance at 0x7f490b68d8c0>,53,18,[ 4 10],54,203,221,149,194
1,<environment.Job instance at 0x7f490b68d280>,56,12,[6 3],57,221,233,164,204
1,<environment.Job instance at 0x7f490b5bae60>,58,17,[5 7],59,233,250,174,221
1,<environment.Job instance at 0x7f490b5baa50>,62,3,[5 2],63,233,236,170,221
1,<environment.Job instance at 0x7f4955c8fa50>,65,16,[4 6],66,250,266,184,237
1,<environment.Job instance at 0x7f490b2757d0>,67,3,[8 5],68,266,269,198,255
1,<environment.Job instance at 0x7f495108e370>,69,16,[2 8],70,269,285,199,257
1,<environment.Job instance at 0x7f4955d42370>,72,18,[5 1],73,269,287,196,266
1,<environment.Job instance at 0x7f4955d422d0>,73,18,[ 5 10],74,287,305,213,276
1,<environment.Job instance at 0x7f4955cdf1e0>,76,18,[4 6],77,305,323,228,294
1,<environment.Job instance at 0x7f4955cdf910>,79,12,[5 7],80,323,335,243,306
1,<environment.Job instance at 0x7f4955cdf9b0>,84,17,[3 6],85,335,352,250,323
1,<environment.Job instance at 0x7f495115f4b0>,2,18,[5 8],3,3,21,0,3
1,<environment.Job instance at 0x7f4955cdf9b0>,4,3,[3 5],5,21,24,16,5
1,<environment.Job instance at 0x7f495102be10>,0,3,[7 3],1,21,24,20,6
1,<environment.Job instance at 0x7f4955b401e0>,7,1,[8 3],8,24,25,16,8
1,<environment.Job instance at 0x7f4950c4feb0>,9,2,[3 6],10,25,27,15,10
1,<environment.Job instance at 0x7f490b244690>,11,15,[9 5],12,27,42,15,13
1,<environment.Job instance at 0x7f490b2b9d20>,1,13,[ 3 10],2,42,55,40,28
1,<environment.Job instance at 0x7f4955d9a780>,18,14,[8 1],19,55,69,36,41
1,<environment.Job instance at 0x7f49512febe0>,6,16,[6 1],7,69,85,62,58
1,<environment.Job instance at 0x7f4950d2cc30>,27,3,[3 8],28,69,72,41,59
1,<environment.Job instance at 0x7f4955d9a640>,21,17,[3 7],22,72,89,50,61
1,<environment.Job instance at 0x7f4950d2ccd0>,31,15,[7 5],32,89,104,57,75
1,<environment.Job instance at 0x7f4950d2cfa0>,29,13,[ 2 10],30,104,117,74,90
1,<environment.Job instance at 0x7f49510fa0a0>,40,15,[9 1],41,117,132,76,103
1,<environment.Job instance at 0x7f49510fac30>,42,13,[6 5],43,132,145,89,116
1,<environment.Job instance at 0x7f49510fa6e0>,45,13,[4 7],46,145,158,99,134
1,<environment.Job instance at 0x7f490b4e6140>,51,3,[3 7],52,158,161,106,143
1,<environment.Job instance at 0x7f490b4e61e0>,52,2,[5 6],53,161,163,108,143
1,<environment.Job instance at 0x7f490b4e6280>,53,3,[10  1],54,163,166,109,144
1,<environment.Job instance at 0x7f490b4e63c0>,55,2,[10  5],56,166,168,110,144
1,<environment.Job instance at 0x7f490b4e6460>,56,2,[6 4],57,168,170,111,144
1,<environment.Job instance at 0x7f490b011fa0>,48,18,[5 8],49,170,188,121,159
1,<environment.Job instance at 0x7f490b4e6500>,57,15,[ 1 10],58,188,203,130,175
1,<environment.Job instance at 0x7f490b4e6b90>,66,13,[3 7],67,203,216,136,188
1,<environment.Job instance at 0x7f490b4e6e10>,68,16,[1 6],69,216,232,147,203
1,<environment.Job instance at 0x7f49510fa280>,43,16,[ 4 10],44,241,257,197,241
1,<environment.Job instance at 0x7f490b4cf190>,73,15,[4 9],74,274,289,200,274
1,<environment.Job instance at 0x7f490b4cf320>,75,12,[ 3 10],76,295,307,219,295
1,<environment.Job instance at 0x7f490b4cf3c0>,76,12,[9 4],77,307,319,230,303
1,<environment.Job instance at 0x7f490b4cf0f0>,78,12,[10  1],79,320,332,241,320
1,<environment.Job instance at 0x7f490b4cf500>,80,16,[9 2],81,332,348,251,325
1,<environment.Job instance at 0x7f49556755f0>,5,2,[10  5],6,6,8,0,6
1,<environment.Job instance at 0x7f4955675140>,6,1,[2 5],7,8,9,1,8
1,<environment.Job instance at 0x7f4955c811e0>,9,18,[1 5],10,12,30,2,12
1,<environment.Job instance at 0x7f4950ea2550>,11,12,[6 3],12,13,25,1,13
1,<environment.Job instance at 0x7f490b1ad820>,13,15,[4 8],14,30,45,16,16
1,<environment.Job instance at 0x7f490b2a9dc0>,16,13,[9 5],17,45,58,28,29
1,<environment.Job instance at 0x7f490b461190>,18,14,[ 4 10],19,58,72,39,43
1,<environment.Job instance at 0x7f495584bfa0>,22,15,[7 3],23,72,87,49,59
1,<environment.Job instance at 0x7f490b4d1640>,17,18,[6 2],18,89,107,71,89
1,<environment.Job instance at 0x7f495586af50>,27,3,[2 8],28,89,92,61,89
1,<environment.Job instance at 0x7f495586aaa0>,30,1,[2 6],31,92,93,61,89
1,<environment.Job instance at 0x7f490b2f38c0>,32,16,[1 7],33,93,109,60,89
1,<environment.Job instance at 0x7f490b2f3af0>,33,13,[3 7],34,109,122,75,93
1,<environment.Job instance at 0x7f4950c8ebe0>,36,3,[8 3],37,122,125,85,105
1,<environment.Job instance at 0x7f490b1a0fa0>,37,16,[7 2],38,125,141,87,112
1,<environment.Job instance at 0x7f490b2cc500>,42,14,[9 3],43,141,155,98,130
1,<environment.Job instance at 0x7f4955b1d320>,49,14,[3 8],50,155,169,105,141
1,<environment.Job instance at 0x7f4951217c30>,46,16,[4 9],47,169,185,122,158
1,<environment.Job instance at 0x7f490b35d500>,56,12,[7 5],57,185,197,128,168
1,<environment.Job instance at 0x7f495573a960>,58,14,[6 3],59,197,211,138,182
1,<environment.Job instance at 0x7f4955772050>,61,14,[ 5 10],62,211,225,149,199
1,<environment.Job instance at 0x7f4955772be0>,63,13,[8 3],64,225,238,161,209
1,<environment.Job instance at 0x7f490b2cfbe0>,67,1,[2 6],68,225,226,157,217
1,<environment.Job instance at 0x7f490b2cf320>,68,14,[9 5],69,238,252,169,223
1,<environment.Job instance at 0x7f490b180b40>,73,17,[6 4],74,252,269,178,240
1,<environment.Job instance at 0x7f490b180e60>,75,3,[ 3 10],76,269,272,193,243
1,<environment.Job instance at 0x7f490b180dc0>,77,14,[2 6],78,252,266,174,250
1,<environment.Job instance at 0x7f490b180cd0>,78,12,[5 1],79,272,284,193,255
1,<environment.Job instance at 0x7f490b1808c0>,79,3,[7 1],80,284,287,204,258
1,<environment.Job instance at 0x7f490b180fa0>,84,15,[8 1],85,287,302,202,273
1,<environment.Job instance at 0x7f490b369730>,87,15,[3 9],88,302,317,214,288
1,<environment.Job instance at 0x7f490b369140>,89,2,[3 7],90,317,319,227,291
1,<environment.Job instance at 0x7f490b3691e0>,90,18,[5 4],91,319,337,228,308
1,<environment.Job instance at 0x7f4950c4f7d0>,0,18,[9 2],1,337,355,336,331
1,<environment.Job instance at 0x7f490b369eb0>,98,18,[ 4 10],99,363,381,264,363
1,<environment.Job instance at 0x7f4950caaaf0>,103,16,[3 8],104,381,397,277,381
1,<environment.Job instance at 0x7f4950caa370>,104,16,[9 2],105,397,413,292,384
1,<environment.Job instance at 0x7f490b2f0690>,107,18,[5 5],108,413,431,305,405
1,<environment.Job instance at 0x7f490b2f0e10>,109,3,[2 9],110,431,434,321,405
1,<environment.Job instance at 0x7f4955b27b90>,113,18,[4 5],114,413,431,299,408
1,<environment.Job instance at 0x7f4955b27d70>,115,18,[5 8],116,438,456,322,438
1,<environment.Job instance at 0x7f495583d410>,3,1,[5 5],4,4,5,0,4
1,<environment.Job instance at 0x7f4955d98370>,8,15,[1 8],9,9,24,0,9
1,<environment.Job instance at 0x7f495573a9b0>,9,3,[4 5],10,24,27,14,10
1,<environment.Job instance at 0x7f4955d754b0>,10,15,[5 1],11,11,26,0,11
1,<environment.Job instance at 0x7f490b2cebe0>,11,13,[5 2],12,26,39,14,12
1,<environment.Job instance at 0x7f4950d78370>,13,1,[2 9],14,39,40,25,14
1,<environment.Job instance at 0x7f490b79c960>,15,3,[5 7],16,27,30,11,16
1,<environment.Job instance at 0x7f4950d78e60>,16,1,[1 8],17,30,31,13,18
1,<environment.Job instance at 0x7f490aeea960>,17,3,[4 5],18,31,34,13,18
1,<environment.Job instance at 0x7f495109bc80>,21,14,[6 1],22,39,53,17,32
1,<environment.Job instance at 0x7f495109b0f0>,23,14,[4 8],24,40,54,16,34
1,<environment.Job instance at 0x7f490b2e3dc0>,25,3,[10  2],26,54,57,28,38
1,<environment.Job instance at 0x7f490b2e3870>,26,14,[7 5],27,57,71,30,42
1,<environment.Job instance at 0x7f490b607dc0>,31,14,[ 1 10],32,71,85,39,58
1,<environment.Job instance at 0x7f4955d11be0>,33,18,[5 2],34,85,103,51,74
1,<environment.Job instance at 0x7f490b3f42d0>,36,12,[8 3],37,103,115,66,88
1,<environment.Job instance at 0x7f4955d98d20>,7,18,[9 4],8,115,133,107,104
1,<environment.Job instance at 0x7f490b4155f0>,46,12,[3 5],47,133,145,86,116
1,<environment.Job instance at 0x7f490b4155a0>,54,14,[5 9],55,145,159,90,130
1,<environment.Job instance at 0x7f4950e8a190>,62,17,[5 1],63,138,155,75,138
1,<environment.Job instance at 0x7f4950e8ad20>,65,12,[8 3],66,159,171,93,142
1,<environment.Job instance at 0x7f49558c08c0>,66,18,[ 2 10],67,171,189,104,160
1,<environment.Job instance at 0x7f490b17a320>,69,14,[8 5],70,189,203,119,174
1,<environment.Job instance at 0x7f49556a44b0>,71,15,[7 3],72,203,218,131,189
1,<environment.Job instance at 0x7f490b265280>,80,18,[5 4],81,242,260,161,242
1,<environment.Job instance at 0x7f49559a2d20>,82,2,[ 2 10],83,260,262,177,243
1,<environment.Job instance at 0x7f49559a2690>,83,3,[1 6],84,243,246,159,243
1,<environment.Job instance at 0x7f490b418a00>,85,3,[10  3],86,262,265,176,246
1,<environment.Job instance at 0x7f490b7100a0>,34,16,[7 5],35,265,281,230,252
1,<environment.Job instance at 0x7f490b418fa0>,87,3,[5 6],88,252,255,164,252
1,<environment.Job instance at 0x7f490b5d2dc0>,89,3,[6 1],90,281,284,191,261
1,<environment.Job instance at 0x7f490b5d2cd0>,93,3,[7 2],94,284,287,190,263
1,<environment.Job instance at 0x7f495121e460>,95,13,[5 5],96,287,300,191,271
1,<environment.Job instance at 0x7f495121ef50>,96,18,[1 5],97,271,289,174,271
1,<environment.Job instance at 0x7f490b0ea6e0>,99,13,[4 8],100,300,313,200,285
1,<environment.Job instance at 0x7f490b59e2d0>,101,16,[2 5],102,313,329,211,300
1,<environment.Job instance at 0x7f490b59e190>,102,15,[2 5],103,313,328,210,301
1,<environment.Job instance at 0x7f490b0ea320>,100,17,[10  1],101,329,346,228,318
1,<environment.Job instance at 0x7f490b59e320>,109,16,[5 6],110,346,362,236,333
1,<environment.Job instance at 0x7f490b59e280>,111,18,[4 9],112,362,380,250,351
1,<environment.Job instance at 0x7f490b46f4b0>,116,14,[5 4],117,380,394,263,365
1,<environment.Job instance at 0x7f490b5ba820>,7,2,[3 8],8,9,11,1,9
1,<environment.Job instance at 0x7f490b6262d0>,14,15,[5 3],15,24,39,9,24
1,<environment.Job instance at 0x7f490b626190>,16,1,[9 3],17,39,40,22,24
1,<environment.Job instance at 0x7f490b6268c0>,17,12,[9 2],18,40,52,22,24
1,<environment.Job instance at 0x7f490b626e60>,18,3,[5 8],19,52,55,33,26
1,<environment.Job instance at 0x7f490b7ddaf0>,21,12,[8 2],22,55,67,33,38
1,<environment.Job instance at 0x7f490b7dd3c0>,20,13,[10  5],21,67,80,46,52
1,<environment.Job instance at 0x7f490b7ddc80>,31,16,[4 9],32,80,96,48,67
1,<environment.Job instance at 0x7f49556215a0>,34,13,[1 9],35,96,109,61,80
1,<environment.Job instance at 0x7f49556212d0>,37,3,[7 5],38,109,112,71,85
1,<environment.Job instance at 0x7f4950ce8500>,38,2,[5 3],39,112,114,73,85
1,<environment.Job instance at 0x7f4950ce8b90>,40,1,[3 5],41,109,110,68,101
1,<environment.Job instance at 0x7f4950ce80f0>,42,13,[1 9],43,114,127,71,101
1,<environment.Job instance at 0x7f4950ce89b0>,43,3,[9 4],44,127,130,83,101
1,<environment.Job instance at 0x7f4950ce8050>,45,2,[1 9],46,130,132,84,107
1,<environment.Job instance at 0x7f4950ce8460>,44,14,[2 7],45,132,146,87,118
1,<environment.Job instance at 0x7f490b602550>,51,14,[3 5],52,146,160,94,131
1,<environment.Job instance at 0x7f490b602410>,52,14,[6 3],53,132,146,79,131
1,<environment.Job instance at 0x7f490b6025f0>,53,12,[4 5],54,146,158,92,131
1,<environment.Job instance at 0x7f490b602cd0>,60,18,[3 6],61,160,178,99,149
1,<environment.Job instance at 0x7f490b602eb0>,63,13,[6 4],64,158,171,94,157
1,<environment.Job instance at 0x7f490b602e10>,64,12,[10  3],65,178,190,113,161
1,<environment.Job instance at 0x7f490b5fb3c0>,67,13,[7 1],68,190,203,122,174
1,<environment.Job instance at 0x7f490b5fb320>,69,12,[4 8],70,203,215,133,186
1,<environment.Job instance at 0x7f490b5fb7d0>,72,12,[1 7],73,215,227,142,198
1,<environment.Job instance at 0x7f490b5fb910>,75,15,[1 6],76,227,242,151,213
1,<environment.Job instance at 0x7f4950ce80a0>,46,16,[9 3],47,215,231,168,214
1,<environment.Job instance at 0x7f490b5fba00>,78,13,[3 6],79,242,255,163,226
1,<environment.Job instance at 0x7f490b5fbf00>,84,12,[7 2],85,231,243,146,227
1,<environment.Job instance at 0x7f490b5fbd20>,86,12,[5 6],87,283,295,196,283
1,<environment.Job instance at 0x7f490b6173c0>,88,12,[6 1],89,295,307,206,284
1,<environment.Job instance at 0x7f490b617320>,90,15,[6 2],91,307,322,216,293
1,<environment.Job instance at 0x7f490b617690>,94,16,[8 5],95,330,346,235,330
1,<environment.Job instance at 0x7f490b6177d0>,96,3,[10  3],97,346,349,249,330
1,<environment.Job instance at 0x7f490b617910>,99,16,[6 2],100,349,365,249,336
1,<environment.Job instance at 0x7f490b617dc0>,101,12,[2 5],102,349,361,247,336
1,<environment.Job instance at 0x7f490b617e10>,102,16,[9 3],103,365,381,262,353
1,<environment.Job instance at 0x7f490b617eb0>,103,14,[1 6],104,361,375,257,361
1,<environment.Job instance at 0x7f490b617f50>,104,16,[7 3],105,381,397,276,368
1,<environment.Job instance at 0x7f490b600370>,109,3,[7 2],110,397,400,287,383
1,<environment.Job instance at 0x7f490b600370>,3,3,[6 1],4,4,7,0,4
1,<environment.Job instance at 0x7f49559818c0>,4,3,[1 6],5,5,8,0,5
1,<environment.Job instance at 0x7f490b600230>,2,18,[3 6],3,9,27,6,9
1,<environment.Job instance at 0x7f490b46faf0>,9,15,[6 5],10,27,42,17,16
1,<environment.Job instance at 0x7f490b656780>,14,17,[10  3],15,42,59,27,39
1,<environment.Job instance at 0x7f490b656d70>,17,18,[6 4],18,59,77,41,54
1,<environment.Job instance at 0x7f490b656b90>,19,15,[9 3],20,77,92,57,63
1,<environment.Job instance at 0x7f490b46f550>,12,15,[ 2 10],13,92,107,79,88
1,<environment.Job instance at 0x7f490b6e94b0>,31,3,[7 4],32,107,110,75,88
1,<environment.Job instance at 0x7f4950e8a910>,35,13,[3 7],36,110,123,74,98
1,<environment.Job instance at 0x7f490b46f500>,0,2,[7 1],1,4,6,3,4
1,<environment.Job instance at 0x7f490b5ba230>,4,1,[2 5],5,5,6,0,5
1,<environment.Job instance at 0x7f490b5ba4b0>,6,3,[2 5],7,7,10,0,7
1,<environment.Job instance at 0x7f4950e09550>,5,3,[10  1],6,10,13,4,8
1,<environment.Job instance at 0x7f4955c06280>,11,12,[4 5],12,13,25,1,12
1,<environment.Job instance at 0x7f490b5e10a0>,3,12,[5 8],4,25,37,21,13
1,<environment.Job instance at 0x7f490b0069b0>,15,3,[4 8],16,37,40,21,20
1,<environment.Job instance at 0x7f490b006640>,17,12,[6 2],18,37,49,19,20
1,<environment.Job instance at 0x7f490afd8a50>,19,2,[4 5],20,22,24,2,22
1,<environment.Job instance at 0x7f490afd8870>,23,14,[1 8],24,40,54,16,25
1,<environment.Job instance at 0x7f490b3ad320>,28,3,[2 5],29,54,57,25,35
1,<environment.Job instance at 0x7f490b3ad460>,29,1,[5 1],30,35,36,5,35
1,<environment.Job instance at 0x7f490b3adbe0>,30,2,[10  1],31,57,59,26,35
1,<environment.Job instance at 0x7f490b3adaf0>,31,3,[2 9],32,59,62,27,35
1,<environment.Job instance at 0x7f490b3ad500>,32,3,[10  3],33,62,65,29,36
1,<environment.Job instance at 0x7f490b3add20>,34,3,[2 8],35,65,68,30,40
1,<environment.Job instance at 0x7f490b3ad960>,35,13,[5 1],36,65,78,29,49
1,<environment.Job instance at 0x7f490b3ad550>,37,2,[5 7],38,68,70,30,49
1,<environment.Job instance at 0x7f4951097780>,38,12,[1 6],39,70,82,31,53
1,<environment.Job instance at 0x7f4951097370>,39,1,[6 3],40,54,55,14,53
1,<environment.Job instance at 0x7f4951097cd0>,42,1,[5 5],43,82,83,39,69
1,<environment.Job instance at 0x7f4950fc4190>,44,14,[10  4],45,83,97,38,69
1,<environment.Job instance at 0x7f4950fc42d0>,46,2,[8 3],47,78,80,31,73
1,<environment.Job instance at 0x7f4950fc4f00>,47,13,[7 4],48,97,110,49,82
1,<environment.Job instance at 0x7f4950fc40f0>,51,16,[5 7],52,110,126,58,98
1,<environment.Job instance at 0x7f4950fc4a50>,54,1,[6 5],55,126,127,71,104
1,<environment.Job instance at 0x7f4950fc47d0>,55,13,[6 4],56,127,140,71,111
1,<environment.Job instance at 0x7f495105cf50>,12,18,[ 5 10],13,140,158,127,129
1,<environment.Job instance at 0x7f4950f3fb90>,62,3,[5 1],63,158,161,95,145
1,<environment.Job instance at 0x7f4950fc4460>,45,17,[4 9],46,158,175,112,148
1,<environment.Job instance at 0x7f4950f3f370>,64,1,[7 2],65,175,176,110,148
1,<environment.Job instance at 0x7f4950f3f2d0>,66,16,[5 2],67,176,192,109,163
1,<environment.Job instance at 0x7f4950f3fc80>,69,14,[3 5],70,175,189,105,169
1,<environment.Job instance at 0x7f4950f3faf0>,71,3,[6 5],72,192,195,120,169
1,<environment.Job instance at 0x7f4955792f00>,74,17,[9 5],75,195,212,120,183
1,<environment.Job instance at 0x7f495106d050>,77,12,[ 3 10],78,212,224,134,196
1,<environment.Job instance at 0x7f495106d5a0>,82,2,[5 7],83,224,226,141,210
1,<environment.Job instance at 0x7f495106da50>,83,1,[5 6],84,226,227,142,211
1,<environment.Job instance at 0x7f495106d190>,85,14,[10  1],86,227,241,141,218
1,<environment.Job instance at 0x7f4951306d70>,89,17,[8 4],90,241,258,151,235
1,<environment.Job instance at 0x7f4951306910>,94,13,[2 5],95,241,254,146,238
1,<environment.Job instance at 0x7f49513062d0>,95,17,[1 8],96,258,275,162,246
1,<environment.Job instance at 0x7f49513062d0>,4,2,[7 3],5,6,8,1,6
1,<environment.Job instance at 0x7f4955886370>,6,12,[4 6],7,8,20,1,7
1,<environment.Job instance at 0x7f4950e09cd0>,5,16,[5 7],6,20,36,14,9
1,<environment.Job instance at 0x7f49512cfb40>,12,12,[5 4],13,36,48,23,19
1,<environment.Job instance at 0x7f4950c891e0>,16,15,[1 5],17,36,51,19,22
1,<environment.Job instance at 0x7f4950c89050>,20,14,[6 1],21,48,62,27,33
1,<environment.Job instance at 0x7f495582f050>,23,3,[5 6],24,62,65,38,36
1,<environment.Job instance at 0x7f4950c39f00>,24,3,[9 3],25,65,68,40,39
1,<environment.Job instance at 0x7f4955b30050>,26,13,[ 1 10],27,68,81,41,54
1,<environment.Job instance at 0x7f490b094be0>,27,14,[9 3],28,81,95,53,67
1,<environment.Job instance at 0x7f490aeae500>,37,15,[6 1],38,95,110,57,83
1,<environment.Job instance at 0x7f4955b94780>,39,2,[10  5],40,110,112,70,84
1,<environment.Job instance at 0x7f4955a3acd0>,40,2,[4 6],41,95,97,54,84
1,<environment.Job instance at 0x7f49559813c0>,44,1,[7 5],45,112,113,67,103
1,<environment.Job instance at 0x7f4955730500>,46,3,[1 8],47,103,106,56,103
1,<environment.Job instance at 0x7f4955dd4be0>,47,1,[3 5],48,106,107,58,103
1,<environment.Job instance at 0x7f4955dd4af0>,48,2,[5 7],49,113,115,64,103
1,<environment.Job instance at 0x7f4950c93410>,49,2,[2 5],50,107,109,57,103
1,<environment.Job instance at 0x7f4950c47c80>,32,16,[6 3],33,115,131,82,103
1,<environment.Job instance at 0x7f4950c93f00>,52,3,[6 2],53,131,134,78,106
1,<environment.Job instance at 0x7f4950c93280>,54,2,[1 7],55,115,117,60,111
1,<environment.Job instance at 0x7f4950c809b0>,55,1,[2 5],56,112,113,56,111
1,<environment.Job instance at 0x7f4950c803c0>,56,16,[3 6],57,117,133,60,113
1,<environment.Job instance at 0x7f4950c80910>,57,3,[9 2],58,134,137,76,113
1,<environment.Job instance at 0x7f4950c80b90>,58,1,[1 6],59,133,134,74,113
1,<environment.Job instance at 0x7f4950c80a50>,59,3,[5 2],60,137,140,77,114
1,<environment.Job instance at 0x7f4950c80190>,60,2,[2 6],61,137,139,76,114
1,<environment.Job instance at 0x7f4950c80730>,61,3,[5 8],62,139,142,77,114
1,<environment.Job instance at 0x7f4950c80410>,62,2,[2 8],63,142,144,79,115
1,<environment.Job instance at 0x7f4950c59c80>,66,2,[5 5],67,144,146,77,129
1,<environment.Job instance at 0x7f4950c67410>,67,2,[9 3],68,146,148,78,129
1,<environment.Job instance at 0x7f4955b024b0>,68,16,[1 8],69,148,164,79,135
1,<environment.Job instance at 0x7f4950eab320>,71,13,[5 5],72,164,177,92,148
1,<environment.Job instance at 0x7f49557d85f0>,77,1,[5 1],78,157,158,79,157
1,<environment.Job instance at 0x7f4950c5ce60>,74,17,[10  4],75,177,194,102,165
1,<environment.Job instance at 0x7f49557ae8c0>,81,16,[8 1],82,194,210,112,181
1,<environment.Job instance at 0x7f4955afa2d0>,88,3,[9 1],89,210,213,121,187
1,<environment.Job instance at 0x7f4950c87410>,89,15,[6 1],90,213,228,123,199
1,<environment.Job instance at 0x7f4950c87b40>,90,17,[2 8],91,213,230,122,201
1,<environment.Job instance at 0x7f4955c604b0>,96,12,[1 9],97,230,242,133,214
1,<environment.Job instance at 0x7f4955767a50>,98,16,[10  3],99,242,258,143,229
1,<environment.Job instance at 0x7f4951347960>,103,16,[4 9],104,258,274,154,246
1,<environment.Job instance at 0x7f4950c9e550>,106,3,[ 4 10],107,274,277,167,248
1,<environment.Job instance at 0x7f490b0f3730>,110,2,[2 7],111,277,279,166,250
1,<environment.Job instance at 0x7f490b0f30a0>,112,17,[1 6],113,279,296,166,268
1,<environment.Job instance at 0x7f490b595e60>,114,2,[ 4 10],115,296,298,181,270
1,<environment.Job instance at 0x7f490b0f36e0>,116,1,[3 5],117,298,299,181,284
1,<environment.Job instance at 0x7f490b5957d0>,117,3,[5 5],118,298,301,180,284
1,<environment.Job instance at 0x7f490b5955f0>,118,1,[5 1],119,284,285,165,284
1,<environment.Job instance at 0x7f4950d74e60>,5,3,[6 1],6,18,21,12,18
1,<environment.Job instance at 0x7f4950c84aa0>,11,12,[8 3],12,45,57,33,45
1,<environment.Job instance at 0x7f490b5959b0>,1,16,[ 2 10],2,71,87,69,71
1,<environment.Job instance at 0x7f4955b1a780>,17,12,[4 7],18,87,99,69,73
1,<environment.Job instance at 0x7f490b0daf50>,21,2,[10  5],22,99,101,77,91
1,<environment.Job instance at 0x7f490b292b40>,7,15,[1 7],8,101,116,93,91
1,<environment.Job instance at 0x7f4950bec280>,27,14,[8 3],28,101,115,73,93
1,<environment.Job instance at 0x7f4950ed42d0>,25,2,[1 8],26,116,118,90,96
1,<environment.Job instance at 0x7f490b208cd0>,28,14,[7 5],29,118,132,89,103
1,<environment.Job instance at 0x7f4950bec460>,26,18,[3 5],27,118,136,91,115
1,<environment.Job instance at 0x7f490b1872d0>,31,12,[7 5],32,132,144,100,115
1,<environment.Job instance at 0x7f4955c81eb0>,36,14,[3 9],37,144,158,107,129
1,<environment.Job instance at 0x7f49512e6eb0>,41,17,[2 9],42,158,175,116,146
1,<environment.Job instance at 0x7f49512e6b40>,48,14,[7 3],49,175,189,126,160
1,<environment.Job instance at 0x7f49512e6fa0>,54,18,[6 3],55,189,207,134,178
1,<environment.Job instance at 0x7f4955a5aeb0>,59,15,[5 3],60,207,222,147,197
1,<environment.Job instance at 0x7f490b187cd0>,34,18,[3 8],35,222,240,187,211
1,<environment.Job instance at 0x7f4955a5a230>,63,17,[5 1],64,211,228,147,211
1,<environment.Job instance at 0x7f490b5fc9b0>,68,14,[3 8],69,240,254,171,225
1,<environment.Job instance at 0x7f490b5fc640>,71,16,[8 5],72,254,270,182,249
1,<environment.Job instance at 0x7f4951232640>,65,15,[9 5],66,270,285,204,269
1,<environment.Job instance at 0x7f495563d3c0>,74,17,[5 7],75,285,302,210,278
1,<environment.Job instance at 0x7f490b5fc690>,75,12,[5 1],76,285,297,209,282
1,<environment.Job instance at 0x7f4950ba8a00>,80,12,[6 1],81,302,314,221,287
1,<environment.Job instance at 0x7f4950ba8960>,84,12,[ 4 10],85,322,334,237,322
1,<environment.Job instance at 0x7f490aedf460>,85,15,[8 2],86,334,349,248,323
1,<environment.Job instance at 0x7f490b595f50>,3,1,[9 3],4,5,6,1,5
1,<environment.Job instance at 0x7f4955f18500>,7,1,[6 4],8,13,14,5,13
1,<environment.Job instance at 0x7f4955f182d0>,8,3,[6 2],9,14,17,5,13
1,<environment.Job instance at 0x7f495106ff00>,9,18,[5 5],10,17,35,7,13
1,<environment.Job instance at 0x7f4950f02690>,15,3,[8 5],16,35,38,19,18
1,<environment.Job instance at 0x7f4950bec320>,10,16,[5 4],11,18,34,7,18
1,<environment.Job instance at 0x7f4951039b40>,16,17,[3 7],17,38,55,21,26
1,<environment.Job instance at 0x7f4951039410>,23,2,[4 5],24,55,57,31,41
1,<environment.Job instance at 0x7f4951039230>,25,18,[5 3],26,42,60,16,42
1,<environment.Job instance at 0x7f4951039be0>,27,15,[5 1],28,57,72,29,43
1,<environment.Job instance at 0x7f490b014140>,11,18,[5 5],12,60,78,48,52
1,<environment.Job instance at 0x7f49557f7140>,31,17,[6 1],32,78,95,46,66
1,<environment.Job instance at 0x7f49557f7960>,30,12,[ 4 10],31,95,107,64,78
1,<environment.Job instance at 0x7f490ae99fa0>,37,3,[10  3],38,107,110,69,81
1,<environment.Job instance at 0x7f490ae99f00>,41,1,[9 5],42,110,111,68,106
1,<environment.Job instance at 0x7f490ae990a0>,42,3,[5 9],43,111,114,68,106
1,<environment.Job instance at 0x7f490ae992d0>,33,15,[5 8],34,114,129,80,106
1,<environment.Job instance at 0x7f490ae99e60>,44,2,[8 1],45,129,131,84,106
1,<environment.Job instance at 0x7f490aee8780>,45,1,[4 6],46,131,132,85,106
1,<environment.Job instance at 0x7f490b006af0>,0,17,[4 8],1,134,151,133,134
1,<environment.Job instance at 0x7f490ae31cd0>,50,1,[ 5 10],51,151,152,100,134
1,<environment.Job instance at 0x7f490ae31a00>,52,1,[1 7],53,152,153,99,134
1,<environment.Job instance at 0x7f490ae319b0>,53,1,[5 4],54,153,154,99,134
1,<environment.Job instance at 0x7f490ae31d70>,49,15,[3 6],50,153,168,103,139
1,<environment.Job instance at 0x7f490ae31640>,60,2,[ 4 10],61,168,170,107,145
1,<environment.Job instance at 0x7f4956139c30>,32,16,[9 2],33,170,186,137,157
1,<environment.Job instance at 0x7f490b73f7d0>,67,12,[10  4],68,186,198,118,173
1,<environment.Job instance at 0x7f490ae31f50>,65,16,[2 7],66,198,214,132,186
1,<environment.Job instance at 0x7f490b73f640>,73,15,[3 5],74,214,229,140,200
1,<environment.Job instance at 0x7f490b73fcd0>,74,13,[6 5],75,214,227,139,200
1,<environment.Job instance at 0x7f490b73fe60>,75,13,[6 1],76,200,213,124,200
1,<environment.Job instance at 0x7f490b73feb0>,82,2,[2 5],83,227,229,144,201
1,<environment.Job instance at 0x7f490b73f2d0>,84,2,[2 7],85,229,231,144,202
1,<environment.Job instance at 0x7f490b73f140>,85,17,[5 8],86,231,248,145,219
1,<environment.Job instance at 0x7f490adc4b90>,92,17,[5 5],93,248,265,155,236
1,<environment.Job instance at 0x7f490adc4b40>,95,3,[ 4 10],96,265,268,169,243
1,<environment.Job instance at 0x7f490adc4960>,96,1,[1 6],97,268,269,171,243
1,<environment.Job instance at 0x7f490adc4eb0>,97,2,[4 6],98,269,271,171,243
1,<environment.Job instance at 0x7f490adc4f00>,99,15,[10  5],100,271,286,171,257
1,<environment.Job instance at 0x7f490adc44b0>,103,13,[7 3],104,286,299,182,270
1,<environment.Job instance at 0x7f490adc4410>,104,3,[2 5],105,286,289,181,270
1,<environment.Job instance at 0x7f490adc4910>,106,15,[6 4],107,299,314,192,285
1,<environment.Job instance at 0x7f490ae0d3c0>,110,3,[ 5 10],111,314,317,203,294
1,<environment.Job instance at 0x7f490ae0d370>,111,13,[3 5],112,294,307,182,294
1,<environment.Job instance at 0x7f490ae31230>,62,18,[7 2],63,317,335,254,306
1,<environment.Job instance at 0x7f490ae0d820>,118,3,[10  4],119,335,338,216,318
1,<environment.Job instance at 0x7f490ae0dbe0>,109,16,[ 1 10],110,741,757,631,741
1,<environment.Job instance at 0x7f495135a0a0>,5,1,[1 5],6,6,7,0,6
1,<environment.Job instance at 0x7f495135aaf0>,8,1,[2 6],9,9,10,0,9
1,<environment.Job instance at 0x7f495135a640>,11,1,[3 9],12,16,17,4,16
1,<environment.Job instance at 0x7f495135a910>,12,13,[3 6],13,19,32,6,19
1,<environment.Job instance at 0x7f4951362d20>,15,1,[5 9],16,32,33,16,24
1,<environment.Job instance at 0x7f495135aeb0>,14,18,[1 8],15,33,51,18,25
1,<environment.Job instance at 0x7f4951362f00>,18,2,[6 2],19,25,27,6,25
1,<environment.Job instance at 0x7f495135a820>,13,17,[7 2],14,33,50,19,27
1,<environment.Job instance at 0x7f4951362550>,21,3,[10  5],22,51,54,29,28
1,<environment.Job instance at 0x7f490b686730>,25,16,[7 4],26,54,70,28,41
1,<environment.Job instance at 0x7f49513620a0>,22,18,[1 6],23,54,72,31,43
1,<environment.Job instance at 0x7f4955ca2410>,34,2,[5 3],35,70,72,35,61
1,<environment.Job instance at 0x7f49513625a0>,23,17,[10  3],24,72,89,48,61
1,<environment.Job instance at 0x7f4951363f00>,39,2,[1 6],40,89,91,49,86
1,<environment.Job instance at 0x7f490b0093c0>,40,3,[7 1],41,89,92,48,86
1,<environment.Job instance at 0x7f495133a500>,32,17,[6 3],33,92,109,59,86
1,<environment.Job instance at 0x7f490b6a9870>,45,2,[3 7],46,91,93,45,89
1,<environment.Job instance at 0x7f490b6a94b0>,46,3,[1 5],47,93,96,46,91
1,<environment.Job instance at 0x7f490b6a97d0>,47,18,[4 5],48,96,114,48,95
1,<environment.Job instance at 0x7f490b6a9aa0>,48,15,[5 4],49,109,124,60,98
1,<environment.Job instance at 0x7f490b67c320>,49,17,[7 5],50,124,141,74,112
1,<environment.Job instance at 0x7f490b67c500>,52,13,[1 8],53,141,154,88,125
1,<environment.Job instance at 0x7f490b67ceb0>,56,15,[8 5],57,154,169,97,140
1,<environment.Job instance at 0x7f490b67cb90>,59,17,[7 1],60,169,186,109,157
1,<environment.Job instance at 0x7f490b0355f0>,63,12,[9 4],64,186,198,122,169
1,<environment.Job instance at 0x7f490b035af0>,67,3,[6 3],68,198,201,130,172
1,<environment.Job instance at 0x7f490b035c30>,69,13,[4 9],70,201,214,131,198
1,<environment.Job instance at 0x7f490b035960>,72,17,[3 8],73,214,231,141,203
1,<environment.Job instance at 0x7f490ae0dbe0>,7,18,[3 8],8,231,249,223,220
1,<environment.Job instance at 0x7f490b023aa0>,79,18,[8 2],80,249,267,169,238
1,<environment.Job instance at 0x7f490b023af0>,82,2,[ 3 10],83,267,269,184,240
1,<environment.Job instance at 0x7f490b02c230>,85,12,[2 6],86,269,281,183,259
1,<environment.Job instance at 0x7f490b02cb90>,87,12,[3 7],88,281,293,193,268
1,<environment.Job instance at 0x7f490b02cbe0>,88,16,[7 1],89,269,285,180,268
1,<environment.Job instance at 0x7f490b02c5f0>,89,15,[ 4 10],90,293,308,203,286
1,<environment.Job instance at 0x7f490b01cb90>,78,14,[10  3],79,313,327,234,313
1,<environment.Job instance at 0x7f490b00d820>,93,17,[7 3],94,327,344,233,316
1,<environment.Job instance at 0x7f490b00d280>,95,12,[5 5],96,344,356,248,327
1,<environment.Job instance at 0x7f490b00daa0>,96,12,[4 6],97,356,368,259,340
1,<environment.Job instance at 0x7f490b00dc30>,97,18,[3 9],98,368,386,270,365
1,<environment.Job instance at 0x7f490b00d4b0>,98,12,[3 9],99,386,398,287,371
1,<environment.Job instance at 0x7f490affb230>,103,17,[10  3],104,398,415,294,394
1,<environment.Job instance at 0x7f49557d35f0>,106,16,[2 9],107,415,431,308,408
1,<environment.Job instance at 0x7f490b237cd0>,109,3,[4 7],110,431,434,321,422
1,<environment.Job instance at 0x7f490b02d550>,110,1,[7 3],111,434,435,323,422
1,<environment.Job instance at 0x7f490b02d820>,111,1,[5 8],112,435,436,323,423
1,<environment.Job instance at 0x7f49511975a0>,113,2,[9 1],114,436,438,322,423
1,<environment.Job instance at 0x7f490b657140>,115,3,[4 5],116,438,441,322,424
1,<environment.Job instance at 0x7f490b657aa0>,116,2,[8 2],117,441,443,324,424
1,<environment.Job instance at 0x7f490b657c30>,117,3,[10  4],118,443,446,325,424
1,<environment.Job instance at 0x7f4955c66500>,5,3,[ 4 10],6,6,9,0,6
1,<environment.Job instance at 0x7f4955ca49b0>,8,12,[1 5],9,9,21,0,9
1,<environment.Job instance at 0x7f490b261500>,9,2,[2 5],10,11,13,1,11
1,<environment.Job instance at 0x7f490ae9a910>,10,13,[1 5],11,13,26,2,13
1,<environment.Job instance at 0x7f490aee8320>,12,15,[3 8],13,26,41,13,13
1,<environment.Job instance at 0x7f490b03b370>,15,12,[6 4],16,41,53,25,25
1,<environment.Job instance at 0x7f4951039730>,19,3,[1 6],20,41,44,21,25
1,<environment.Job instance at 0x7f4951039230>,18,14,[6 4],19,53,67,34,38
1,<environment.Job instance at 0x7f4951039050>,14,16,[8 4],15,67,83,52,54
1,<environment.Job instance at 0x7f4951039280>,16,14,[ 2 10],17,83,97,66,68
1,<environment.Job instance at 0x7f49557fec80>,25,18,[2 9],26,97,115,71,86
1,<environment.Job instance at 0x7f4955844690>,39,16,[5 5],40,115,131,75,102
1,<environment.Job instance at 0x7f49556a4730>,37,17,[ 5 10],38,131,148,93,119
1,<environment.Job instance at 0x7f4950df8b90>,55,18,[7 4],56,148,166,92,137
1,<environment.Job instance at 0x7f4951167c30>,4,2,[2 7],5,5,7,0,5
1,<environment.Job instance at 0x7f490ae9a870>,2,3,[9 2],3,7,10,4,6
1,<environment.Job instance at 0x7f4950dcbcd0>,8,12,[7 2],9,10,22,1,9
1,<environment.Job instance at 0x7f4955c66140>,7,14,[5 6],8,22,36,14,10
1,<environment.Job instance at 0x7f4950dcb3c0>,10,2,[2 6],11,15,17,4,15
1,<environment.Job instance at 0x7f4950dcb5a0>,9,18,[5 3],10,22,40,12,17
1,<environment.Job instance at 0x7f490b799c30>,16,3,[ 3 10],17,40,43,23,18
1,<environment.Job instance at 0x7f490b799eb0>,15,15,[2 6],16,43,58,27,32
1,<environment.Job instance at 0x7f490b44b5a0>,20,18,[8 3],21,43,61,22,34
1,<environment.Job instance at 0x7f490b44b3c0>,24,12,[4 5],25,61,73,36,45
1,<environment.Job instance at 0x7f490b784550>,31,16,[5 5],32,61,77,29,48
1,<environment.Job instance at 0x7f490b784500>,34,15,[7 4],35,77,92,42,65
1,<environment.Job instance at 0x7f490b7842d0>,39,13,[10  2],40,92,105,52,76
1,<environment.Job instance at 0x7f4955ca4910>,5,17,[9 1],6,105,122,99,93
1,<environment.Job instance at 0x7f490b784870>,46,13,[5 4],47,122,135,75,108
1,<environment.Job instance at 0x7f490b7845f0>,44,18,[3 5],45,122,140,77,111
1,<environment.Job instance at 0x7f490b615460>,50,12,[8 3],51,140,152,89,123
1,<environment.Job instance at 0x7f490b615910>,52,14,[ 3 10],53,152,166,99,139
1,<environment.Job instance at 0x7f490b615230>,56,13,[ 5 10],57,166,179,109,151
1,<environment.Job instance at 0x7f490ae22eb0>,65,18,[2 9],66,179,197,113,168
1,<environment.Job instance at 0x7f490ae22910>,67,15,[10  1],68,197,212,129,184
1,<environment.Job instance at 0x7f490aeeb690>,71,1,[10  5],72,212,213,140,185
1,<environment.Job instance at 0x7f490aeeb410>,74,2,[6 2],75,213,215,138,187
1,<environment.Job instance at 0x7f490aeeb870>,77,1,[1 6],78,213,214,135,190
1,<environment.Job instance at 0x7f490aeeb140>,78,14,[5 6],79,215,229,136,200
1,<environment.Job instance at 0x7f490aeeb6e0>,79,2,[7 3],80,229,231,149,202
1,<environment.Job instance at 0x7f490aeebfa0>,84,3,[6 2],85,231,234,146,216
1,<environment.Job instance at 0x7f4950e77780>,85,14,[8 2],86,234,248,148,219
1,<environment.Job instance at 0x7f4950e77af0>,86,3,[5 3],87,219,222,132,219
1,<environment.Job instance at 0x7f490b784cd0>,42,17,[ 5 10],43,248,265,205,236
1,<environment.Job instance at 0x7f4950e77cd0>,93,13,[3 7],94,265,278,171,249
1,<environment.Job instance at 0x7f4950e777d0>,97,13,[10  3],98,278,291,180,262
1,<environment.Job instance at 0x7f4950e779b0>,100,17,[6 4],101,291,308,190,279
1,<environment.Job instance at 0x7f4950c89af0>,106,15,[7 3],107,308,323,201,294
1,<environment.Job instance at 0x7f4950e77f50>,98,18,[10  5],99,323,341,224,316
1,<environment.Job instance at 0x7f4950c89230>,112,3,[10  5],113,341,344,228,316
1,<environment.Job instance at 0x7f4955ca43c0>,4,3,[7 5],5,5,8,0,5
1,<environment.Job instance at 0x7f4950e13050>,8,15,[5 4],9,10,25,1,10
1,<environment.Job instance at 0x7f490b7f85f0>,7,14,[4 9],8,25,39,17,11
1,<environment.Job instance at 0x7f4955735320>,17,16,[5 1],18,28,44,10,28
1,<environment.Job instance at 0x7f4955735e10>,12,18,[1 5],13,39,57,26,33
1,<environment.Job instance at 0x7f49557355f0>,19,2,[9 5],20,44,46,24,35
1,<environment.Job instance at 0x7f490b38e320>,21,3,[7 4],22,46,49,24,35
1,<environment.Job instance at 0x7f4955c66410>,0,18,[3 7],1,57,75,56,48
1,<environment.Job instance at 0x7f490b38e960>,25,3,[10  3],26,75,78,49,50
1,<environment.Job instance at 0x7f490b38e550>,29,18,[1 9],30,78,96,48,69
1,<environment.Job instance at 0x7f490af4aa00>,38,17,[3 8],39,96,113,57,84
1,<environment.Job instance at 0x7f490af4a9b0>,41,12,[6 4],42,113,125,71,97
1,<environment.Job instance at 0x7f67f4621730>,7,1,[5 4],8,8,9,0,8
1,<environment.Job instance at 0x7f67f4621820>,8,13,[5 5],9,10,23,1,10
1,<environment.Job instance at 0x7f67f4621af0>,13,18,[ 4 10],14,23,41,9,14
1,<environment.Job instance at 0x7f67f4621c30>,14,13,[7 3],15,41,54,26,25
1,<environment.Job instance at 0x7f67f4621dc0>,17,3,[4 9],18,54,57,36,28
1,<environment.Job instance at 0x7f67f4624280>,24,18,[2 6],25,57,75,32,49
1,<environment.Job instance at 0x7f67f46245f0>,26,3,[3 7],27,49,52,22,49
1,<environment.Job instance at 0x7f67f46246e0>,27,15,[8 4],28,57,72,29,51
1,<environment.Job instance at 0x7f67f4624640>,25,12,[ 5 10],26,75,87,49,58
1,<environment.Job instance at 0x7f67f4624c30>,32,3,[5 1],33,72,75,39,63
1,<environment.Job instance at 0x7f67f4624730>,29,12,[5 4],30,87,99,57,75
1,<environment.Job instance at 0x7f67f4621b40>,16,16,[3 5],17,87,103,70,82
1,<environment.Job instance at 0x7f67f4625320>,40,15,[10  3],41,103,118,62,91
1,<environment.Job instance at 0x7f67f4621cd0>,15,18,[2 8],16,118,136,102,109
1,<environment.Job instance at 0x7f67f4625af0>,49,16,[2 5],50,136,152,86,124
1,<environment.Job instance at 0x7f67f4625500>,43,18,[5 5],44,136,154,92,125
1,<environment.Job instance at 0x7f67f463b500>,4,3,[5 6],5,6,9,1,6
1,<environment.Job instance at 0x7f67f463b2d0>,5,14,[ 2 10],6,9,23,3,7
1,<environment.Job instance at 0x7f67f463d5a0>,11,13,[5 6],12,23,36,11,12
1,<environment.Job instance at 0x7f67f463da50>,12,3,[4 7],13,36,39,23,13
1,<environment.Job instance at 0x7f67f463d500>,14,2,[2 7],15,39,41,24,22
1,<environment.Job instance at 0x7f67f463c280>,16,17,[1 7],17,41,58,24,38
1,<environment.Job instance at 0x7f67f463cb90>,20,2,[3 8],21,58,60,37,39
1,<environment.Job instance at 0x7f67f463baf0>,10,16,[2 8],11,60,76,49,47
1,<environment.Job instance at 0x7f67b0a20460>,24,14,[8 4],25,76,90,51,61
1,<environment.Job instance at 0x7f67b0a23500>,31,15,[1 7],32,90,105,58,77
1,<environment.Job instance at 0x7f67b0a23640>,34,3,[6 4],35,105,108,70,79
1,<environment.Job instance at 0x7f67b0a23d20>,36,2,[8 1],37,92,94,55,92
1,<environment.Job instance at 0x7f67b0a23dc0>,37,2,[10  2],38,108,110,70,92
1,<environment.Job instance at 0x7f67b0a18140>,39,14,[3 6],40,110,124,70,97
1,<environment.Job instance at 0x7f67b0a18320>,40,2,[9 5],41,124,126,83,97
1,<environment.Job instance at 0x7f67b0a252d0>,43,18,[6 5],44,126,144,82,115
1,<environment.Job instance at 0x7f67b0a25550>,50,1,[5 8],51,144,145,93,136
1,<environment.Job instance at 0x7f67b0a25690>,51,13,[8 5],52,145,158,93,136
1,<environment.Job instance at 0x7f67b09a6050>,53,2,[7 3],54,158,160,104,136
1,<environment.Job instance at 0x7f67b09a6370>,54,3,[4 6],55,160,163,105,136
1,<environment.Job instance at 0x7f67b09a67d0>,55,2,[5 2],56,160,162,104,136
1,<environment.Job instance at 0x7f67b09a62d0>,56,1,[5 9],57,163,164,106,136
1,<environment.Job instance at 0x7f67b0a1aaf0>,59,12,[9 3],60,164,176,104,147
1,<environment.Job instance at 0x7f67b0a1a780>,61,17,[10  2],62,176,193,114,164
1,<environment.Job instance at 0x7f67b0aa29b0>,66,14,[5 5],67,193,207,126,178
1,<environment.Job instance at 0x7f67b0b9c550>,71,14,[1 6],72,281,295,209,281
1,<environment.Job instance at 0x7f67b0aec410>,72,14,[2 7],73,295,309,222,281
1,<environment.Job instance at 0x7f67b0ba3870>,74,3,[9 2],75,281,284,206,281
1,<environment.Job instance at 0x7f67b0b142d0>,75,14,[10  2],76,309,323,233,294
1,<environment.Job instance at 0x7f67b0ae72d0>,83,2,[5 6],84,323,325,239,303
1,<environment.Job instance at 0x7f67b0b10b90>,86,12,[ 3 10],87,325,337,238,309
1,<environment.Job instance at 0x7f67b0964550>,5,2,[1 5],6,6,8,0,6
1,<environment.Job instance at 0x7f67b08df550>,9,3,[4 7],10,10,13,0,10
1,<environment.Job instance at 0x7f67b08d45a0>,4,12,[7 2],5,13,25,8,11
1,<environment.Job instance at 0x7f67b08df280>,10,17,[2 6],11,13,30,2,11
1,<environment.Job instance at 0x7f67b08dfa00>,12,1,[5 5],13,30,31,17,13
1,<environment.Job instance at 0x7f67b08d4960>,6,3,[8 4],7,25,28,18,14
1,<environment.Job instance at 0x7f67b094bd20>,15,1,[8 1],16,28,29,12,16
1,<environment.Job instance at 0x7f67b08d45f0>,7,13,[9 2],8,36,49,28,36
1,<environment.Job instance at 0x7f67b090b320>,20,2,[ 5 10],21,49,51,28,36
1,<environment.Job instance at 0x7f67b090bb40>,22,2,[2 6],23,51,53,28,38
1,<environment.Job instance at 0x7f67b09fcb40>,27,3,[6 3],28,51,54,23,38
1,<environment.Job instance at 0x7f67fbba9e10>,28,13,[8 5],29,54,67,25,41
1,<environment.Job instance at 0x7f67fae8b910>,31,2,[1 5],32,54,56,22,54
1,<environment.Job instance at 0x7f67fbba9370>,30,18,[6 1],31,67,85,36,56
1,<environment.Job instance at 0x7f67f43f41e0>,33,3,[9 5],34,85,88,51,59
1,<environment.Job instance at 0x7f67f4394c30>,35,17,[4 6],36,67,84,31,63
1,<environment.Job instance at 0x7f67b08beeb0>,40,15,[8 2],41,88,103,47,74
1,<environment.Job instance at 0x7f67b0922af0>,45,13,[6 4],46,103,116,57,88
1,<environment.Job instance at 0x7f67f43dc500>,48,17,[3 6],49,103,120,54,100
1,<environment.Job instance at 0x7f67f43dcb90>,49,15,[ 5 10],50,120,135,70,106
1,<environment.Job instance at 0x7f67b08bfa00>,54,15,[5 1],55,135,150,80,122
1,<environment.Job instance at 0x7f67b094b5a0>,17,18,[5 9],18,135,153,117,128
1,<environment.Job instance at 0x7f67f4395a50>,65,12,[2 6],66,153,165,87,139
1,<environment.Job instance at 0x7f67f43958c0>,66,15,[2 7],67,165,180,98,151
1,<environment.Job instance at 0x7f67f43f76e0>,37,14,[ 1 10],38,180,194,142,166
1,<environment.Job instance at 0x7f67f4b4fb40>,69,15,[ 3 10],70,212,227,142,212
1,<environment.Job instance at 0x7f67f43f9870>,77,1,[4 5],78,227,228,149,214
1,<environment.Job instance at 0x7f67f43f9190>,78,1,[2 9],79,228,229,149,214
1,<environment.Job instance at 0x7f67f43f8af0>,79,13,[4 6],80,229,242,149,215
1,<environment.Job instance at 0x7f67f4ac3460>,81,17,[10  3],82,242,259,160,230
1,<environment.Job instance at 0x7f67faf5f4b0>,2,1,[7 4],3,3,4,0,3
1,<environment.Job instance at 0x7f67faf5f0f0>,3,2,[9 2],4,5,7,1,5
1,<environment.Job instance at 0x7f67f48ee190>,10,2,[10  2],11,11,13,0,11
1,<environment.Job instance at 0x7f67f49050a0>,4,17,[7 2],5,13,30,8,12
1,<environment.Job instance at 0x7f67f47307d0>,11,17,[2 6],12,15,32,3,15
1,<environment.Job instance at 0x7f67f4905cd0>,0,18,[9 5],1,32,50,31,21
1,<environment.Job instance at 0x7f67f472b5f0>,21,3,[7 3],22,50,53,28,30
1,<environment.Job instance at 0x7f67f49266e0>,23,1,[1 7],24,50,51,26,30
1,<environment.Job instance at 0x7f67f4926140>,25,13,[ 1 10],26,53,66,27,38
1,<environment.Job instance at 0x7f67f49265a0>,26,3,[8 1],27,66,69,39,40
1,<environment.Job instance at 0x7f67f47d4d20>,18,14,[ 2 10],19,69,83,50,55
1,<environment.Job instance at 0x7f67f4a0bb90>,31,12,[5 5],32,83,95,51,67
1,<environment.Job instance at 0x7f67f4a0b550>,32,12,[5 5],33,83,95,50,67
1,<environment.Job instance at 0x7f67f4a0b140>,35,14,[7 4],36,95,109,59,81
1,<environment.Job instance at 0x7f67f47734b0>,20,18,[3 5],21,95,113,74,85
1,<environment.Job instance at 0x7f67f47411e0>,41,13,[4 5],42,109,122,67,93
1,<environment.Job instance at 0x7f67f4657b40>,46,3,[ 3 10],47,122,125,75,96
1,<environment.Job instance at 0x7f67f4657280>,49,14,[5 7],50,125,139,75,111
1,<environment.Job instance at 0x7f67f4926fa0>,29,15,[10  2],30,139,154,109,125
1,<environment.Job instance at 0x7f67f4811eb0>,63,3,[8 4],64,154,157,90,135
1,<environment.Job instance at 0x7f67f48450a0>,66,18,[4 6],67,157,175,90,146
1,<environment.Job instance at 0x7f67f46f7960>,68,17,[7 4],69,175,192,106,163
1,<environment.Job instance at 0x7f67f46f7f50>,71,3,[9 2],72,192,195,120,168
1,<environment.Job instance at 0x7f67f46f7d70>,72,18,[6 3],73,195,213,122,184
1,<environment.Job instance at 0x7f67fb3770a0>,74,2,[1 8],75,192,194,117,186
1,<environment.Job instance at 0x7f67f46d7e60>,77,2,[2 8],78,213,215,135,187
1,<environment.Job instance at 0x7f67f46d78c0>,80,15,[7 5],81,215,230,134,215
1,<environment.Job instance at 0x7f67f46d73c0>,81,3,[ 4 10],82,230,233,148,215
1,<environment.Job instance at 0x7f67f46d7eb0>,83,1,[3 5],84,222,223,138,222
1,<environment.Job instance at 0x7f67f4750410>,84,17,[8 5],85,233,250,148,227
1,<environment.Job instance at 0x7f67f47500f0>,85,2,[6 3],86,250,252,164,227
1,<environment.Job instance at 0x7f67f4750280>,86,2,[3 8],87,252,254,165,227
1,<environment.Job instance at 0x7f67f47500a0>,2,3,[ 1 10],3,3,6,0,3
1,<environment.Job instance at 0x7f67f472fbe0>,0,3,[1 7],1,6,9,5,5
1,<environment.Job instance at 0x7f67b0ca69b0>,6,16,[5 5],7,10,26,3,10
1,<environment.Job instance at 0x7f67f4684140>,10,14,[6 4],11,26,40,15,12
1,<environment.Job instance at 0x7f67fae29820>,11,18,[3 6],12,29,47,17,29
1,<environment.Job instance at 0x7f67f4684690>,9,15,[7 1],10,40,55,30,29
1,<environment.Job instance at 0x7f67f491df00>,21,14,[5 8],22,55,69,33,42
1,<environment.Job instance at 0x7f67faf26320>,25,18,[7 5],26,69,87,43,58
1,<environment.Job instance at 0x7f67faf26370>,30,1,[6 3],31,87,88,56,59
1,<environment.Job instance at 0x7f67f47d3e60>,32,18,[5 1],33,88,106,55,80
1,<environment.Job instance at 0x7f67faf26960>,33,2,[5 6],34,88,90,54,81
1,<environment.Job instance at 0x7f67faf26a00>,34,2,[2 5],35,81,83,46,81
1,<environment.Job instance at 0x7f67faee13c0>,35,3,[6 5],36,106,109,70,81
1,<environment.Job instance at 0x7f67faee12d0>,40,14,[3 6],41,90,104,49,87
1,<environment.Job instance at 0x7f67faee1410>,41,1,[8 5],42,109,110,67,87
1,<environment.Job instance at 0x7f67faee1cd0>,42,15,[1 6],43,110,125,67,96
1,<environment.Job instance at 0x7f67faee1780>,43,2,[5 5],44,104,106,60,96
1,<environment.Job instance at 0x7f67f4605c30>,45,17,[7 1],46,110,127,64,101
1,<environment.Job instance at 0x7f67f4605730>,47,18,[1 7],48,125,143,77,117
1,<environment.Job instance at 0x7f67faee1be0>,44,12,[4 6],45,143,155,98,129
1,<environment.Job instance at 0x7f67f460e0a0>,50,15,[1 6],51,155,170,104,141
1,<environment.Job instance at 0x7f67f460e320>,52,18,[5 5],53,170,188,117,161
1,<environment.Job instance at 0x7f67f461a730>,55,15,[7 4],56,188,203,132,174
1,<environment.Job instance at 0x7f67f461a870>,56,3,[8 1],57,203,206,146,177
1,<environment.Job instance at 0x7f67f4a78320>,59,17,[7 2],60,206,223,146,194
1,<environment.Job instance at 0x7f67f4a783c0>,64,12,[6 5],65,223,235,158,207
1,<environment.Job instance at 0x7f67b0c1d1e0>,67,12,[ 4 10],68,235,247,167,229
1,<environment.Job instance at 0x7f67fb3cb1e0>,72,3,[9 1],73,247,250,174,232
1,<environment.Job instance at 0x7f67fb3ce5f0>,77,2,[8 4],78,250,252,172,249
1,<environment.Job instance at 0x7f67fb3ce870>,78,1,[6 3],79,252,253,173,249
1,<environment.Job instance at 0x7f67fb3ce730>,79,17,[1 5],80,253,270,173,253
1,<environment.Job instance at 0x7f67fb3c5af0>,80,3,[9 5],81,254,257,173,254
1,<environment.Job instance at 0x7f67fb3c5b90>,81,13,[1 7],82,270,283,188,254
1,<environment.Job instance at 0x7f67fb3c5f50>,85,3,[8 5],86,258,261,172,258
1,<environment.Job instance at 0x7f67fb3b0140>,89,3,[5 1],90,282,285,192,282
1,<environment.Job instance at 0x7f67fb3b0460>,90,14,[6 4],91,285,299,194,282
1,<environment.Job instance at 0x7f67fb3b2dc0>,93,3,[6 2],94,299,302,205,282
1,<environment.Job instance at 0x7f67f4605190>,49,14,[10  1],50,324,338,274,324
1,<environment.Job instance at 0x7f67fb3b2b40>,99,14,[3 7],100,343,357,243,343
1,<environment.Job instance at 0x7f67f45aab90>,9,3,[ 5 10],10,10,13,0,10
1,<environment.Job instance at 0x7f67f45aa280>,10,1,[4 6],11,13,14,2,11
1,<environment.Job instance at 0x7f67f45aaaf0>,11,1,[4 6],12,14,15,2,12
1,<environment.Job instance at 0x7f67f447d4b0>,14,2,[ 2 10],15,15,17,0,15
1,<environment.Job instance at 0x7f67faf86dc0>,5,13,[2 6],6,17,30,11,15
1,<environment.Job instance at 0x7f67f447d050>,16,1,[2 6],17,30,31,13,18
1,<environment.Job instance at 0x7f67f45aa9b0>,13,16,[6 5],14,31,47,17,20
1,<environment.Job instance at 0x7f67f447d190>,22,3,[9 5],23,47,50,24,30
1,<environment.Job instance at 0x7f67f447d0f0>,19,15,[6 3],20,50,65,30,36
1,<environment.Job instance at 0x7f67f447db90>,28,14,[9 4],29,65,79,36,50
1,<environment.Job instance at 0x7f67f447dd20>,20,15,[3 9],21,79,94,58,66
1,<environment.Job instance at 0x7f67f45b8be0>,36,1,[4 9],37,94,95,57,66
1,<environment.Job instance at 0x7f67f45b85f0>,39,14,[6 1],40,79,93,39,72
1,<environment.Job instance at 0x7f67f45b86e0>,42,14,[3 9],43,95,109,52,81
1,<environment.Job instance at 0x7f67f45b89b0>,44,14,[7 4],45,109,123,64,95
1,<environment.Job instance at 0x7f67f45b8af0>,37,17,[4 9],38,123,140,85,111
1,<environment.Job instance at 0x7f67f45b8f50>,47,18,[3 6],48,140,158,92,129
1,<environment.Job instance at 0x7f67b09c75f0>,52,3,[5 2],53,140,143,87,130
1,<environment.Job instance at 0x7f67b09c7eb0>,55,12,[5 6],56,158,170,102,141
1,<environment.Job instance at 0x7f67b09c7140>,57,13,[8 2],58,170,183,112,154
1,<environment.Job instance at 0x7f67f447d320>,12,18,[5 9],13,185,203,172,185
1,<environment.Job instance at 0x7f67f4550190>,62,17,[1 6],63,203,220,140,191
1,<environment.Job instance at 0x7f67f45505a0>,63,16,[4 9],64,220,236,156,208
1,<environment.Job instance at 0x7f67f44bde10>,5,16,[4 6],6,6,22,0,6
1,<environment.Job instance at 0x7f67fb402c80>,7,3,[8 5],8,22,25,14,10
1,<environment.Job instance at 0x7f67faf88aa0>,11,13,[2 8],12,25,38,13,13
1,<environment.Job instance at 0x7f67b0fb9fa0>,9,16,[2 8],10,38,54,28,25
1,<environment.Job instance at 0x7f67fb1e7e10>,17,14,[5 5],18,54,68,36,41
1,<environment.Job instance at 0x7f67fb5606e0>,21,1,[10  4],22,68,69,46,51
1,<environment.Job instance at 0x7f67f4a98f50>,4,15,[ 2 10],5,69,84,64,56
1,<environment.Job instance at 0x7f67f456eaa0>,27,16,[1 5],28,84,100,56,72
1,<environment.Job instance at 0x7f67b0a1ac80>,30,13,[9 3],31,84,97,53,77
1,<environment.Job instance at 0x7f67b0a1a3c0>,32,15,[3 8],33,100,115,67,86
1,<environment.Job instance at 0x7f67b0a1a640>,33,13,[6 5],34,115,128,81,99
1,<environment.Job instance at 0x7f67b0a1a960>,34,13,[5 4],35,128,141,93,113
1,<environment.Job instance at 0x7f67fb0cfaa0>,38,2,[2 7],39,141,143,102,116
1,<environment.Job instance at 0x7f67fb317af0>,39,2,[4 6],40,128,130,88,116
1,<environment.Job instance at 0x7f67fb317aa0>,40,16,[2 8],41,143,159,102,132
1,<environment.Job instance at 0x7f67f4468730>,45,16,[1 6],46,159,175,113,146
1,<environment.Job instance at 0x7f67b0a1ae60>,31,16,[2 7],32,175,191,143,163
1,<environment.Job instance at 0x7f67f493b780>,52,2,[5 7],53,191,193,138,168
1,<environment.Job instance at 0x7f67f470a1e0>,57,1,[5 7],58,193,194,135,182
1,<environment.Job instance at 0x7f67f45ea320>,58,16,[2 7],59,194,210,135,182
1,<environment.Job instance at 0x7f67fb52e910>,61,13,[ 3 10],62,210,223,148,196
1,<environment.Job instance at 0x7f67fb52e5a0>,62,18,[5 8],63,223,241,160,214
1,<environment.Job instance at 0x7f67f4935be0>,63,13,[1 7],64,241,254,177,225
1,<environment.Job instance at 0x7f67f49356e0>,71,15,[9 5],72,254,269,182,240
1,<environment.Job instance at 0x7f67b0a56780>,77,12,[5 4],78,269,281,191,261
1,<environment.Job instance at 0x7f67b0a56aa0>,78,14,[8 1],79,281,295,202,266
1,<environment.Job instance at 0x7f67b0a56d20>,80,18,[5 8],81,295,313,214,285
1,<environment.Job instance at 0x7f67f46fc690>,84,14,[10  1],85,313,327,228,298
1,<environment.Job instance at 0x7f67fb188be0>,90,15,[4 9],91,327,342,236,313
1,<environment.Job instance at 0x7f67b0fb9f50>,2,3,[10  5],3,3,6,0,3
1,<environment.Job instance at 0x7f67b0a834b0>,3,15,[4 9],4,6,21,2,6
1,<environment.Job instance at 0x7f67f447beb0>,5,12,[ 3 10],6,21,33,15,7
1,<environment.Job instance at 0x7f67faf2d780>,11,2,[5 5],12,33,35,21,12
1,<environment.Job instance at 0x7f67fb1ce6e0>,8,12,[10  1],9,35,47,26,21
1,<environment.Job instance at 0x7f67f47afb90>,14,1,[10  4],15,47,48,32,21
1,<environment.Job instance at 0x7f67fae61fa0>,16,12,[6 4],17,48,60,31,31
1,<environment.Job instance at 0x7f67fae61c30>,18,17,[1 6],19,48,65,29,37
1,<environment.Job instance at 0x7f67fae61d70>,17,17,[8 2],18,60,77,42,51
1,<environment.Job instance at 0x7f67fae61640>,19,17,[9 2],20,77,94,57,65
1,<environment.Job instance at 0x7f67f485a410>,33,18,[ 2 10],34,97,115,63,97
1,<environment.Job instance at 0x7f67fae53870>,37,17,[7 4],38,115,132,77,103
1,<environment.Job instance at 0x7f67fae53190>,45,17,[ 2 10],46,132,149,86,120
1,<environment.Job instance at 0x7f67fae534b0>,39,16,[10  5],40,149,165,109,136
1,<environment.Job instance at 0x7f67b08796e0>,59,18,[1 5],60,301,319,241,301
1,<environment.Job instance at 0x7f67b08797d0>,63,15,[4 8],64,319,334,255,313
1,<environment.Job instance at 0x7f67b0879a00>,64,12,[1 8],65,334,346,269,317
1,<environment.Job instance at 0x7f67b0879af0>,67,18,[6 2],68,326,344,258,326
1,<environment.Job instance at 0x7f67b0879b90>,68,14,[ 4 10],69,346,360,277,331
1,<environment.Job instance at 0x7f67b0879f50>,71,14,[9 5],72,360,374,288,348
1,<environment.Job instance at 0x7f67b086e1e0>,78,13,[3 7],79,374,387,295,363
1,<environment.Job instance at 0x7f67b086e460>,81,13,[9 4],82,387,400,305,373
1,<environment.Job instance at 0x7f67b086e730>,83,13,[3 7],84,400,413,316,384
1,<environment.Job instance at 0x7f67b086ecd0>,92,14,[9 3],93,413,427,320,399
1,<environment.Job instance at 0x7f67b0866370>,99,14,[3 8],100,427,441,327,412
1,<environment.Job instance at 0x7f67b08667d0>,105,17,[10  3],106,441,458,335,430
1,<environment.Job instance at 0x7f67b08669b0>,108,14,[6 3],109,458,472,349,444
1,<environment.Job instance at 0x7f67b0866cd0>,113,13,[8 3],114,472,485,358,459
1,<environment.Job instance at 0x7f67b0866d70>,114,17,[8 5],115,485,502,370,473
1,<environment.Job instance at 0x7f67b08a5870>,123,17,[6 4],124,502,519,378,491
1,<environment.Job instance at 0x7f67b08a5af0>,127,14,[2 6],128,502,516,374,502
1,<environment.Job instance at 0x7f67b08a5b90>,128,12,[5 1],129,519,531,390,502
1,<environment.Job instance at 0x7f67b08785f0>,0,2,[8 5],1,6,8,5,6
1,<environment.Job instance at 0x7f67faf2d690>,4,15,[8 1],5,9,24,4,9
1,<environment.Job instance at 0x7f67f45944b0>,9,2,[3 7],10,24,26,14,10
1,<environment.Job instance at 0x7f67faf2d190>,5,14,[5 7],6,26,40,20,13
1,<environment.Job instance at 0x7f67fb402cd0>,13,3,[1 8],14,15,18,1,15
1,<environment.Job instance at 0x7f67faf2df00>,7,15,[3 9],8,40,55,32,26
1,<environment.Job instance at 0x7f67f4aaa500>,19,13,[7 2],20,55,68,35,39
1,<environment.Job instance at 0x7f67b0bcc730>,20,14,[2 6],21,55,69,34,41
1,<environment.Job instance at 0x7f67b0bccb90>,25,3,[3 9],26,69,72,43,62
1,<environment.Job instance at 0x7f67b0bccbe0>,26,18,[3 6],27,72,90,45,66
1,<environment.Job instance at 0x7f67b0bcc780>,29,3,[2 9],30,92,95,62,92
1,<environment.Job instance at 0x7f67b0bccf50>,30,3,[9 2],31,95,98,64,94
1,<environment.Job instance at 0x7f67b0dccd20>,31,3,[2 9],32,98,101,66,94
1,<environment.Job instance at 0x7f67b0dccdc0>,32,3,[10  3],33,101,104,68,95
1,<environment.Job instance at 0x7f67b0dccfa0>,34,15,[3 5],35,104,119,69,98
1,<environment.Job instance at 0x7f67b0dccf00>,35,18,[5 8],36,119,137,83,108
1,<environment.Job instance at 0x7f67f45e2f50>,40,2,[7 4],41,108,110,67,108
1,<environment.Job instance at 0x7f67fb0d1780>,45,16,[6 5],46,137,153,91,124
1,<environment.Job instance at 0x7f67fb0d17d0>,47,18,[9 4],48,153,171,105,142
1,<environment.Job instance at 0x7f67f45cdc30>,55,3,[5 7],56,171,174,115,154
1,<environment.Job instance at 0x7f67faea0460>,58,14,[7 2],59,174,188,115,159
1,<environment.Job instance at 0x7f67b0f04cd0>,62,2,[1 5],63,174,176,111,173
1,<environment.Job instance at 0x7f67fb2fa3c0>,63,14,[4 8],64,188,202,124,173
1,<environment.Job instance at 0x7f67b0f2f5f0>,65,3,[10  2],66,202,205,136,176
1,<environment.Job instance at 0x7f67b0f2f500>,67,2,[9 1],68,205,207,137,187
1,<environment.Job instance at 0x7f67f4741140>,69,18,[2 9],70,207,225,137,196
1,<environment.Job instance at 0x7f67f4741190>,71,14,[ 1 10],72,225,239,153,210
1,<environment.Job instance at 0x7f67f4480960>,76,12,[8 3],77,239,251,162,222
1,<environment.Job instance at 0x7f67b0dcc9b0>,36,18,[3 9],37,251,269,214,243
1,<environment.Job instance at 0x7f67b0e0caa0>,86,12,[3 5],87,269,281,182,252
1,<environment.Job instance at 0x7f67b0e0c280>,94,14,[5 9],95,281,295,186,266
1,<environment.Job instance at 0x7f67b0a209b0>,101,14,[1 5],102,295,309,193,280
1,<environment.Job instance at 0x7f67b0a202d0>,102,17,[5 1],103,280,297,177,280
1,<environment.Job instance at 0x7f67b0a20870>,105,12,[8 3],106,297,309,191,283
1,<environment.Job instance at 0x7f67b0a204b0>,107,17,[5 5],108,309,326,201,297
1,<environment.Job instance at 0x7f67b0a20c30>,109,14,[8 5],110,326,340,216,313
1,<environment.Job instance at 0x7f67f4610be0>,112,17,[1 5],113,322,339,209,322
1,<environment.Job instance at 0x7f67f4610370>,115,1,[ 1 10],116,340,341,224,324
1,<environment.Job instance at 0x7f67f4610690>,116,13,[5 9],117,341,354,224,325
1,<environment.Job instance at 0x7f67f4610d70>,120,18,[5 4],121,377,395,256,377
1,<environment.Job instance at 0x7f67f4610730>,124,16,[8 1],125,395,411,270,382
1,<environment.Job instance at 0x7f67f4610500>,5,13,[5 5],6,6,19,0,6
1,<environment.Job instance at 0x7f67f494b5f0>,7,3,[3 7],8,19,22,11,8
1,<environment.Job instance at 0x7f67fb936410>,0,12,[2 6],1,22,34,21,10
1,<environment.Job instance at 0x7f67f45bf780>,12,15,[2 5],13,34,49,21,20
1,<environment.Job instance at 0x7f67fb46d550>,15,15,[5 4],16,22,37,6,20
1,<environment.Job instance at 0x7f67b0f85640>,18,2,[7 5],19,37,39,18,26
1,<environment.Job instance at 0x7f67fb172460>,20,18,[4 5],21,39,57,18,34
1,<environment.Job instance at 0x7f67fb5604b0>,22,3,[1 7],23,57,60,34,42
1,<environment.Job instance at 0x7f67b0f85230>,23,13,[9 3],24,57,70,33,44
1,<environment.Job instance at 0x7f67f4a09460>,25,14,[ 3 10],26,70,84,44,55
1,<environment.Job instance at 0x7f67b0aa5d20>,10,17,[10  1],11,84,101,73,73
1,<environment.Job instance at 0x7f67f4adc820>,40,16,[4 8],41,101,117,60,88
1,<environment.Job instance at 0x7f67b0db90f0>,44,15,[5 3],45,117,132,72,103
1,<environment.Job instance at 0x7f67b0db9cd0>,45,15,[8 3],46,132,147,86,122
1,<environment.Job instance at 0x7f67b09d1c80>,50,13,[10  5],51,147,160,96,131
1,<environment.Job instance at 0x7f67f481af50>,58,2,[5 7],59,160,162,101,146
1,<environment.Job instance at 0x7f67b09d1820>,47,12,[9 2],48,162,174,114,147
1,<environment.Job instance at 0x7f67b0ed1d20>,60,12,[ 5 10],61,174,186,113,159
1,<environment.Job instance at 0x7f67b0ed1500>,62,15,[1 6],63,186,201,123,172
1,<environment.Job instance at 0x7f67b0ed1640>,65,12,[5 2],66,186,198,120,181
1,<environment.Job instance at 0x7f67b0ed1320>,66,18,[7 1],67,198,216,131,187
1,<environment.Job instance at 0x7f67b0e09730>,72,13,[1 9],73,201,214,128,201
1,<environment.Job instance at 0x7f67b0e096e0>,73,3,[9 4],74,216,219,142,201
1,<environment.Job instance at 0x7f67b0e09aa0>,74,14,[2 7],75,219,233,144,204
1,<environment.Job instance at 0x7f67fb3daf00>,78,16,[5 1],79,219,235,140,209
1,<environment.Job instance at 0x7f67fb3da550>,80,17,[4 7],81,233,250,152,222
1,<environment.Job instance at 0x7f67f45b9cd0>,83,12,[4 5],84,250,262,166,233
1,<environment.Job instance at 0x7f67f489ec80>,88,3,[5 9],89,262,265,173,245
1,<environment.Job instance at 0x7f67fb18b960>,89,1,[10  2],90,265,266,175,245
1,<environment.Job instance at 0x7f67f489e910>,90,18,[3 6],91,266,284,175,255
1,<environment.Job instance at 0x7f67b0c686e0>,93,13,[6 4],94,266,279,172,257
1,<environment.Job instance at 0x7f67b0c684b0>,94,12,[10  3],95,284,296,189,268
1,<environment.Job instance at 0x7f67b0c687d0>,97,13,[7 1],98,296,309,198,280
1,<environment.Job instance at 0x7f67b0c68370>,99,12,[4 8],100,309,321,209,292
1,<environment.Job instance at 0x7f67b0c22960>,102,12,[1 7],103,296,308,193,293
1,<environment.Job instance at 0x7f67fb3edfa0>,105,15,[1 6],106,321,336,215,307
1,<environment.Job instance at 0x7f67f4aac550>,0,2,[5 4],1,3,5,2,3
1,<environment.Job instance at 0x7f67fb46d960>,1,12,[2 5],2,5,17,3,5
1,<environment.Job instance at 0x7f67b0cab7d0>,3,14,[1 6],4,17,31,13,9
1,<environment.Job instance at 0x7f67f49de3c0>,4,16,[7 3],5,9,25,4,9
1,<environment.Job instance at 0x7f67b0878a50>,7,2,[2 6],8,31,33,23,28
1,<environment.Job instance at 0x7f67b0d8aa50>,9,3,[7 2],10,28,31,18,28
1,<environment.Job instance at 0x7f67fb18ee10>,12,14,[6 1],13,31,45,18,29
1,<environment.Job instance at 0x7f67fae43c30>,18,1,[5 1],19,45,46,26,33
1,<environment.Job instance at 0x7f67fae43e10>,19,2,[7 4],20,46,48,26,33
1,<environment.Job instance at 0x7f67fae43870>,20,2,[1 9],21,33,35,12,33
1,<environment.Job instance at 0x7f67fae43dc0>,16,3,[10  1],17,48,51,31,34
1,<environment.Job instance at 0x7f67fae43280>,23,3,[6 1],24,51,54,27,51
1,<environment.Job instance at 0x7f67fae43a50>,25,16,[2 7],26,51,67,25,51
1,<environment.Job instance at 0x7f67fae43960>,26,1,[7 1],27,54,55,27,51
1,<environment.Job instance at 0x7f67fae434b0>,28,18,[8 3],29,55,73,26,54
1,<environment.Job instance at 0x7f67f4ac5550>,33,18,[6 3],34,83,101,49,83
1,<environment.Job instance at 0x7f67fae439b0>,21,18,[4 9],22,101,119,79,92
1,<environment.Job instance at 0x7f67f4ac5cd0>,37,18,[6 4],38,125,143,87,125
1,<environment.Job instance at 0x7f67f4ac5460>,39,15,[9 3],40,143,158,103,129
1,<environment.Job instance at 0x7f67fb2fa4b0>,46,15,[4 7],47,158,173,111,145
1,<environment.Job instance at 0x7f67fb18ee60>,5,16,[8 5],6,6,22,0,6
1,<environment.Job instance at 0x7f67b0c8fe10>,7,2,[9 2],8,22,24,14,8
1,<environment.Job instance at 0x7f67b0d986e0>,16,3,[2 5],17,26,29,9,26
1,<environment.Job instance at 0x7f67b0d98f00>,17,13,[5 5],18,27,40,9,27
1,<environment.Job instance at 0x7f67b0ed1c30>,21,12,[4 5],22,31,43,9,31
1,<environment.Job instance at 0x7f67fb18e280>,0,15,[1 6],1,43,58,42,31
1,<environment.Job instance at 0x7f67b0ed1a50>,23,3,[6 1],24,40,43,16,31
1,<environment.Job instance at 0x7f67b0ed1fa0>,25,3,[4 8],26,58,61,32,32
1,<environment.Job instance at 0x7f67b0ed1d20>,27,12,[6 2],28,43,55,15,33
1,<environment.Job instance at 0x7f67b09c15a0>,35,15,[5 1],36,55,70,19,41
1,<environment.Job instance at 0x7f67f4916b40>,34,12,[3 9],35,61,73,26,45
1,<environment.Job instance at 0x7f67b09c15f0>,38,3,[2 5],39,73,76,34,47
1,<environment.Job instance at 0x7f67b09c1d70>,39,1,[5 1],40,70,71,30,47
1,<environment.Job instance at 0x7f67b0a283c0>,40,2,[10  1],41,76,78,35,49
1,<environment.Job instance at 0x7f67b0a28f00>,42,3,[10  3],43,78,81,35,52
1,<environment.Job instance at 0x7f67b0ec8780>,45,13,[5 1],46,81,94,35,65
1,<environment.Job instance at 0x7f67b0ec8050>,48,12,[1 6],49,81,93,32,65
1,<environment.Job instance at 0x7f67faf88eb0>,54,14,[10  4],55,94,108,39,79
1,<environment.Job instance at 0x7f67faf88780>,55,17,[4 9],56,108,125,52,97
1,<environment.Job instance at 0x7f67b0f79820>,61,16,[5 7],62,125,141,63,114
1,<environment.Job instance at 0x7f67b0f794b0>,65,13,[6 4],66,141,154,75,127
1,<environment.Job instance at 0x7f67b0ed14b0>,22,18,[ 5 10],23,154,172,131,143
1,<environment.Job instance at 0x7f67f4817320>,71,14,[2 7],72,172,186,100,169
1,<environment.Job instance at 0x7f67f4817b90>,72,3,[5 1],73,172,175,99,169
1,<environment.Job instance at 0x7f67f48172d0>,74,1,[7 2],75,175,176,100,170
1,<environment.Job instance at 0x7f67f4817af0>,73,18,[10  5],74,186,204,112,175
1,<environment.Job instance at 0x7f67b0c818c0>,79,14,[3 5],80,204,218,124,193
1,<environment.Job instance at 0x7f67b0c81be0>,84,17,[9 5],85,218,235,133,206
1,<environment.Job instance at 0x7f67b0c81050>,86,3,[4 5],87,212,215,125,212
1,<environment.Job instance at 0x7f67b0c81dc0>,87,12,[ 3 10],88,235,247,147,218
1,<environment.Job instance at 0x7f67b0c81870>,92,2,[5 7],93,247,249,154,234
1,<environment.Job instance at 0x7f67f4731be0>,94,13,[10  5],95,249,262,154,234
1,<environment.Job instance at 0x7f67f4731730>,99,17,[8 4],100,262,279,162,250
1,<environment.Job instance at 0x7f67f43f9e10>,104,13,[2 5],105,265,278,160,265
1,<environment.Job instance at 0x7f67f43f90f0>,105,17,[1 8],106,279,296,173,267
1,<environment.Job instance at 0x7f67b0878370>,0,1,[4 9],1,1,2,0,1
1,<environment.Job instance at 0x7f67f46d8a00>,2,18,[7 3],3,5,23,2,5
1,<environment.Job instance at 0x7f67b0d98fa0>,10,17,[8 3],11,23,40,12,12
1,<environment.Job instance at 0x7f67b0d98190>,11,12,[7 5],12,40,52,28,23
1,<environment.Job instance at 0x7f67f4accf50>,16,15,[1 5],17,25,40,8,25
1,<environment.Job instance at 0x7f67f4acc1e0>,18,2,[5 5],19,52,54,33,30
1,<environment.Job instance at 0x7f67b0b32690>,7,16,[3 5],8,40,56,32,32
1,<environment.Job instance at 0x7f67f4676910>,24,3,[9 3],25,56,59,31,35
1,<environment.Job instance at 0x7f67f46760a0>,26,13,[ 1 10],27,59,72,32,43
1,<environment.Job instance at 0x7f67f4676500>,28,3,[10  1],29,72,75,43,48
1,<environment.Job instance at 0x7f67f4676be0>,29,15,[8 4],30,75,90,45,61
1,<environment.Job instance at 0x7f67f46765a0>,32,16,[6 3],33,90,106,57,77
1,<environment.Job instance at 0x7f67faf4a730>,46,3,[1 8],47,114,117,67,114
1,<environment.Job instance at 0x7f67faf4a820>,47,1,[3 5],48,117,118,69,114
1,<environment.Job instance at 0x7f67b0882eb0>,48,2,[5 7],49,118,120,69,114
1,<environment.Job instance at 0x7f67b0882230>,49,2,[2 5],50,120,122,70,114
1,<environment.Job instance at 0x7f67b0882e10>,50,16,[1 5],51,120,136,69,114
1,<environment.Job instance at 0x7f67b0882780>,51,17,[6 5],52,122,139,70,115
1,<environment.Job instance at 0x7f67b0882c30>,52,3,[6 2],53,115,118,62,115
1,<environment.Job instance at 0x7f67f4590870>,54,2,[1 7],55,139,141,84,123
1,<environment.Job instance at 0x7f67f4590370>,55,1,[2 5],56,136,137,80,123
1,<environment.Job instance at 0x7f67f4accb90>,20,14,[6 1],21,139,153,118,124
1,<environment.Job instance at 0x7f67f4590460>,61,3,[5 8],62,153,156,91,127
1,<environment.Job instance at 0x7f67b081fd70>,66,2,[5 5],67,156,158,89,135
1,<environment.Job instance at 0x7f67b081f960>,68,16,[1 8],69,158,174,89,145
1,<environment.Job instance at 0x7f67b081f910>,71,13,[5 5],72,174,187,102,158
1,<environment.Job instance at 0x7f67fb9b4b40>,14,17,[5 6],15,187,204,172,175
1,<environment.Job instance at 0x7f67faf4a140>,45,17,[ 4 10],46,204,221,158,192
1,<environment.Job instance at 0x7f67f47af3c0>,89,15,[6 1],90,221,236,131,207
1,<environment.Job instance at 0x7f67f47af0a0>,90,17,[2 8],91,221,238,130,209
1,<environment.Job instance at 0x7f67f47af5a0>,96,12,[1 9],97,238,250,141,224
1,<environment.Job instance at 0x7f67b0a89960>,97,18,[7 1],98,236,254,138,225
1,<environment.Job instance at 0x7f67b0a895f0>,99,15,[9 3],100,254,269,154,240
1,<environment.Job instance at 0x7f67b0a89050>,100,2,[3 9],101,250,252,149,240
1,<environment.Job instance at 0x7f67b0a89d70>,105,1,[9 4],106,269,270,163,254
1,<environment.Job instance at 0x7f67b0a890f0>,106,3,[ 4 10],107,270,273,163,254
1,<environment.Job instance at 0x7f67b0a89af0>,107,2,[5 8],108,273,275,165,254
1,<environment.Job instance at 0x7f67b0a89640>,108,12,[ 3 10],109,275,287,166,258
1,<environment.Job instance at 0x7f67b0a895a0>,112,17,[1 6],113,287,304,174,275
1,<environment.Job instance at 0x7f67fb0909b0>,117,3,[5 5],118,305,308,187,305
1,<environment.Job instance at 0x7f67fb090c80>,118,1,[5 1],119,305,306,186,305
1,<environment.Job instance at 0x7f67fb090be0>,119,1,[9 1],120,308,309,188,305
1,<environment.Job instance at 0x7f67faf2b370>,121,16,[ 2 10],122,319,335,197,319
1,<environment.Job instance at 0x7f67faf2b960>,127,15,[1 7],128,335,350,207,323
1,<environment.Job instance at 0x7f67f46cfa50>,0,1,[8 1],1,1,2,0,1
1,<environment.Job instance at 0x7f67b0f798c0>,6,2,[5 6],7,7,9,0,7
1,<environment.Job instance at 0x7f67b0ae5780>,8,1,[9 2],9,9,10,0,9
1,<environment.Job instance at 0x7f67b0e170f0>,7,12,[4 7],8,10,22,2,10
1,<environment.Job instance at 0x7f67b08df230>,12,1,[9 4],13,22,23,9,20
1,<environment.Job instance at 0x7f67b08df2d0>,11,2,[10  5],12,23,25,11,20
1,<environment.Job instance at 0x7f67f46d8640>,13,2,[3 6],14,25,27,11,20
1,<environment.Job instance at 0x7f67f463b7d0>,14,1,[1 7],15,27,28,12,20
1,<environment.Job instance at 0x7f67b0b48a50>,17,14,[8 3],18,27,41,9,20
1,<environment.Job instance at 0x7f67fb3069b0>,21,12,[7 5],22,41,53,19,24
1,<environment.Job instance at 0x7f67b0c1ef50>,18,14,[7 5],19,53,67,34,38
1,<environment.Job instance at 0x7f67fb595fa0>,23,2,[9 4],24,67,69,43,40
1,<environment.Job instance at 0x7f67f43fe9b0>,9,12,[ 5 10],10,69,81,59,52
1,<environment.Job instance at 0x7f67f489edc0>,30,14,[5 5],31,81,95,50,66
1,<environment.Job instance at 0x7f67f46ba140>,38,14,[7 3],39,95,109,56,80
1,<environment.Job instance at 0x7f67fb96cdc0>,47,16,[2 6],48,99,115,51,99
1,<environment.Job instance at 0x7f67f44a9b90>,44,18,[6 3],45,114,132,69,114
1,<environment.Job instance at 0x7f67f43fba50>,50,17,[6 4],51,132,149,81,122
1,<environment.Job instance at 0x7f67b0df52d0>,54,1,[9 2],55,149,150,94,128
1,<environment.Job instance at 0x7f67b0df5b40>,55,15,[9 5],56,150,165,94,138
1,<environment.Job instance at 0x7f67b0f12870>,59,3,[2 9],60,165,168,105,142
1,<environment.Job instance at 0x7f67b0f12c30>,60,13,[6 5],61,168,181,107,152
1,<environment.Job instance at 0x7f67b0df5eb0>,52,18,[9 5],53,181,199,128,172
1,<environment.Job instance at 0x7f67b0f01280>,74,12,[ 4 10],75,199,211,124,187
1,<environment.Job instance at 0x7f67f4447fa0>,7,15,[5 1],8,12,27,4,12
1,<environment.Job instance at 0x7f67b0659d70>,9,13,[6 1],10,27,40,17,12
1,<environment.Job instance at 0x7f67b084b640>,8,2,[10  1],9,40,42,31,13
1,<environment.Job instance at 0x7f67b06f30f0>,15,3,[7 2],16,42,45,26,26
1,<environment.Job instance at 0x7f67b06f3f00>,17,3,[10  3],18,45,48,27,27
1,<environment.Job instance at 0x7f67b0638780>,21,1,[9 5],22,48,49,26,35
1,<environment.Job instance at 0x7f67f4a17e60>,12,16,[9 2],13,49,65,36,36
1,<environment.Job instance at 0x7f67b0638d70>,22,3,[5 9],23,65,68,42,56
1,<environment.Job instance at 0x7f67f468ac30>,29,15,[3 6],30,81,96,51,81
1,<environment.Job instance at 0x7f67b0aba500>,23,13,[10  1],24,96,109,72,81
1,<environment.Job instance at 0x7f67f472b500>,36,1,[10  4],37,109,110,72,82
1,<environment.Job instance at 0x7f67b08efe10>,37,3,[9 4],38,110,113,72,84
1,<environment.Job instance at 0x7f67f472baf0>,39,1,[8 3],40,113,114,73,85
1,<environment.Job instance at 0x7f67b0890b40>,40,2,[ 4 10],41,114,116,73,87
1,<environment.Job instance at 0x7f67b09c97d0>,43,3,[9 5],44,116,119,72,95
1,<environment.Job instance at 0x7f67b06f3820>,13,15,[5 8],14,119,134,105,108
1,<environment.Job instance at 0x7f67b0771460>,47,12,[10  4],48,134,146,86,120
1,<environment.Job instance at 0x7f67b09c9d70>,44,16,[5 8],45,146,162,101,133
1,<environment.Job instance at 0x7f67f467f8c0>,54,13,[6 5],55,162,175,107,146
1,<environment.Job instance at 0x7f67f46a1f00>,57,2,[10  1],58,175,177,117,154
1,<environment.Job instance at 0x7f67f4838f00>,61,3,[3 8],62,177,180,115,161
1,<environment.Job instance at 0x7f67b0df40f0>,53,15,[3 5],54,180,195,126,166
1,<environment.Job instance at 0x7f67f4838230>,71,12,[9 4],72,195,207,123,178
1,<environment.Job instance at 0x7f67f4838c80>,74,13,[6 5],75,207,220,132,191
1,<environment.Job instance at 0x7f67fafefb40>,80,12,[9 2],81,220,232,139,205
1,<environment.Job instance at 0x7f67f45765f0>,79,15,[10  5],80,232,247,152,218
1,<environment.Job instance at 0x7f67b092ab90>,85,3,[1 5],86,224,227,138,224
1,<environment.Job instance at 0x7f67fafef140>,83,13,[7 3],84,247,260,163,231
1,<environment.Job instance at 0x7f67f46785f0>,91,13,[3 5],92,247,260,155,235
1,<environment.Job instance at 0x7f67b0beaa00>,82,15,[4 9],83,260,275,177,246
1,<environment.Job instance at 0x7f67b0d1e640>,96,12,[10  3],97,275,287,178,258
1,<environment.Job instance at 0x7f67b0bdfd20>,101,12,[4 6],102,287,299,185,270
1,<environment.Job instance at 0x7f67b092a690>,89,16,[ 1 10],90,299,315,209,288
1,<environment.Job instance at 0x7f67b0d6e230>,111,1,[3 9],112,315,316,203,292
1,<environment.Job instance at 0x7f67fb043af0>,107,18,[3 8],108,316,334,208,305
1,<environment.Job instance at 0x7f67fb595550>,113,17,[7 2],114,316,333,202,313
1,<environment.Job instance at 0x7f67f476e820>,118,2,[6 2],119,333,335,214,313
1,<environment.Job instance at 0x7f67f476ed20>,117,18,[1 8],118,334,352,216,323
1,<environment.Job instance at 0x7f67f45b7c30>,125,16,[7 4],126,352,368,226,340
1,<environment.Job instance at 0x7f67b0d98f50>,4,2,[5 3],5,5,7,0,5
1,<environment.Job instance at 0x7f67faf25690>,5,1,[9 2],6,7,8,1,6
1,<environment.Job instance at 0x7f67b090deb0>,7,2,[4 9],8,8,10,0,8
1,<environment.Job instance at 0x7f67b090d500>,9,2,[1 6],10,27,29,17,27
1,<environment.Job instance at 0x7f67b090d730>,13,13,[6 5],14,29,42,15,27
1,<environment.Job instance at 0x7f67b090ddc0>,16,3,[1 5],17,29,32,12,27
1,<environment.Job instance at 0x7f67b090d690>,18,15,[5 4],19,42,57,23,29
1,<environment.Job instance at 0x7f67b090d7d0>,17,18,[4 5],18,34,52,16,34
1,<environment.Job instance at 0x7f67fb327b40>,22,13,[1 8],23,57,70,34,42
1,<environment.Job instance at 0x7f67fb3272d0>,24,17,[3 6],25,70,87,45,58
1,<environment.Job instance at 0x7f67fb3279b0>,28,12,[4 8],29,87,99,58,70
1,<environment.Job instance at 0x7f67fb327d70>,21,15,[4 9],22,99,114,77,87
1,<environment.Job instance at 0x7f67b0e61050>,36,15,[5 2],37,114,129,77,102
1,<environment.Job instance at 0x7f67fb327190>,23,18,[1 8],24,114,132,90,103
1,<environment.Job instance at 0x7f67b0e612d0>,30,16,[10  3],31,132,148,101,119
1,<environment.Job instance at 0x7f67b0e619b0>,41,13,[ 1 10],42,148,161,106,133
1,<environment.Job instance at 0x7f67b0e61c80>,45,13,[ 3 10],46,161,174,115,146
1,<environment.Job instance at 0x7f67b0611b90>,51,17,[5 4],52,174,191,122,164
1,<environment.Job instance at 0x7f67b0611f50>,54,14,[3 7],55,191,205,136,177
1,<environment.Job instance at 0x7f67b0611b40>,58,16,[7 1],59,191,207,132,178
1,<environment.Job instance at 0x7f67b0611d70>,59,15,[ 4 10],60,207,222,147,194
1,<environment.Job instance at 0x7f67b0611c30>,60,17,[3 8],61,222,239,161,211
1,<environment.Job instance at 0x7f67b0683500>,64,13,[7 1],65,222,235,157,215
1,<environment.Job instance at 0x7f67b0683f50>,65,12,[5 5],66,239,251,173,222
1,<environment.Job instance at 0x7f67b0683fa0>,67,18,[3 9],68,251,269,183,240
1,<environment.Job instance at 0x7f67b0683b90>,72,2,[6 4],73,269,271,196,243
1,<environment.Job instance at 0x7f67b0683a00>,74,15,[6 3],75,271,286,196,257
1,<environment.Job instance at 0x7f67b0683140>,79,3,[4 7],80,284,287,204,284
1,<environment.Job instance at 0x7f67b08ab280>,83,2,[9 1],84,287,289,203,286
1,<environment.Job instance at 0x7f67b08ab370>,84,15,[4 8],85,289,304,204,287
1,<environment.Job instance at 0x7f67b08ab910>,85,3,[4 5],86,304,307,218,287
1,<environment.Job instance at 0x7f67b08abf00>,86,2,[8 2],87,307,309,220,288
1,<environment.Job instance at 0x7f67b08abb90>,87,3,[10  4],88,309,312,221,288
1,<environment.Job instance at 0x7f67b08ab640>,89,13,[3 8],90,312,325,222,308
1,<environment.Job instance at 0x7f67b0e614b0>,3,1,[3 5],4,4,5,0,4
1,<environment.Job instance at 0x7f67fb327050>,4,2,[6 5],5,5,7,0,5
1,<environment.Job instance at 0x7f67b08aba00>,5,1,[ 4 10],6,7,8,1,6
1,<environment.Job instance at 0x7f67f4abec30>,7,3,[1 7],8,8,11,0,8
1,<environment.Job instance at 0x7f67b0652820>,8,2,[3 7],9,11,13,2,9
1,<environment.Job instance at 0x7f67b05c1af0>,12,3,[5 5],13,13,16,0,13
1,<environment.Job instance at 0x7f67f43de8c0>,13,3,[ 3 10],14,16,19,2,14
1,<environment.Job instance at 0x7f67f43dec30>,14,1,[10  2],15,19,20,4,15
1,<environment.Job instance at 0x7f67b0d6abe0>,16,2,[4 9],17,20,22,3,17
1,<environment.Job instance at 0x7f67b0d6a820>,17,2,[9 2],18,22,24,4,18
1,<environment.Job instance at 0x7f67faf25fa0>,11,13,[8 2],12,24,37,12,18
1,<environment.Job instance at 0x7f67b0f68be0>,18,13,[5 4],19,37,50,18,23
1,<environment.Job instance at 0x7f67b085f8c0>,20,1,[6 1],21,50,51,29,23
1,<environment.Job instance at 0x7f67fb507640>,23,1,[7 1],24,51,52,27,27
1,<environment.Job instance at 0x7f67b0740820>,25,17,[4 6],26,52,69,26,41
1,<environment.Job instance at 0x7f67b06181e0>,10,13,[1 8],11,69,82,58,53
1,<environment.Job instance at 0x7f67fb1cd780>,33,14,[5 4],34,82,96,48,68
1,<environment.Job instance at 0x7f67b07e3500>,35,15,[7 1],36,96,111,60,82
1,<environment.Job instance at 0x7f67fb36daa0>,37,17,[9 4],38,111,128,73,99
1,<environment.Job instance at 0x7f67b0bb2820>,38,12,[3 7],39,99,111,60,99
1,<environment.Job instance at 0x7f67f4972730>,40,18,[2 9],41,128,146,87,121
1,<environment.Job instance at 0x7f67f4485370>,46,13,[10  2],47,146,159,99,130
1,<environment.Job instance at 0x7f67fae20140>,51,12,[6 3],52,159,171,107,151
1,<environment.Job instance at 0x7f67fae20d20>,53,15,[9 4],54,171,186,117,157
1,<environment.Job instance at 0x7f67fae3c2d0>,59,12,[7 5],60,186,198,126,171
1,<environment.Job instance at 0x7f67b0d2a690>,26,15,[10  5],27,206,221,179,206
1,<environment.Job instance at 0x7f67fae3cfa0>,61,14,[ 5 10],62,221,235,159,213
1,<environment.Job instance at 0x7f67fae3c690>,63,14,[5 7],64,255,269,191,255
1,<environment.Job instance at 0x7f67fb059320>,68,16,[1 9],69,297,313,228,297
1,<environment.Job instance at 0x7f67fb059050>,69,16,[1 8],70,313,329,243,311
1,<environment.Job instance at 0x7f67b09cc550>,72,2,[ 4 10],73,329,331,256,312
1,<environment.Job instance at 0x7f67fae42500>,75,15,[4 9],76,331,346,255,317
1,<environment.Job instance at 0x7f67fae17e60>,77,2,[9 2],78,317,319,239,317
1,<environment.Job instance at 0x7f67fae17370>,78,2,[8 1],79,319,321,240,317
1,<environment.Job instance at 0x7f67f489abe0>,81,16,[1 7],82,346,362,264,337
1,<environment.Job instance at 0x7f67b071c4b0>,82,3,[9 2],83,346,349,263,337
1,<environment.Job instance at 0x7f67faed6af0>,84,2,[2 7],85,362,364,277,337
1,<environment.Job instance at 0x7f67fb08a7d0>,85,17,[9 1],86,377,394,291,377
1,<environment.Job instance at 0x7f67faececd0>,86,12,[3 9],87,394,406,307,389
1,<environment.Job instance at 0x7f67faee61e0>,87,14,[5 6],88,406,420,318,397
1,<environment.Job instance at 0x7f67b072fd70>,89,18,[5 3],90,407,425,317,407
1,<environment.Job instance at 0x7f67faee6d20>,92,2,[ 4 10],93,425,427,332,407
1,<environment.Job instance at 0x7f67b06e32d0>,1,14,[9 3],2,3,17,1,3
1,<environment.Job instance at 0x7f67dfe158c0>,3,1,[6 1],4,17,18,13,4
1,<environment.Job instance at 0x7f67faee6d20>,4,3,[6 2],5,18,21,13,6
1,<environment.Job instance at 0x7f67b0df4550>,7,2,[ 1 10],8,21,23,13,8
1,<environment.Job instance at 0x7f67f4a4d1e0>,8,1,[7 4],9,23,24,14,9
1,<environment.Job instance at 0x7f67b0835280>,11,3,[7 4],12,24,27,12,12
1,<environment.Job instance at 0x7f67b0873690>,13,3,[6 1],14,27,30,13,15
1,<environment.Job instance at 0x7f67f447bbe0>,12,16,[1 7],13,27,43,14,18
1,<environment.Job instance at 0x7f67b0f683c0>,10,18,[6 1],11,30,48,19,21
1,<environment.Job instance at 0x7f67f44f5dc0>,19,15,[2 5],20,43,58,23,31
1,<environment.Job instance at 0x7f67b09d8140>,23,3,[9 3],24,58,61,34,32
1,<environment.Job instance at 0x7f67b09d8500>,24,2,[6 2],25,48,50,23,32
1,<environment.Job instance at 0x7f67f467d8c0>,31,1,[7 3],32,50,51,18,49
1,<environment.Job instance at 0x7f67b09d8050>,30,1,[2 9],31,61,62,30,50
1,<environment.Job instance at 0x7f67fb0d3910>,33,1,[2 6],34,62,63,28,50
1,<environment.Job instance at 0x7f67b05b8690>,34,3,[6 2],35,51,54,16,50
1,<environment.Job instance at 0x7f67b05b8eb0>,35,14,[8 2],36,62,76,26,51
1,<environment.Job instance at 0x7f67f467da00>,38,1,[5 8],39,76,77,37,51
1,<environment.Job instance at 0x7f67fb24a4b0>,39,3,[ 2 10],40,77,80,37,51
1,<environment.Job instance at 0x7f67faf251e0>,36,3,[5 3],37,54,57,17,51
1,<environment.Job instance at 0x7f67fb3d21e0>,42,15,[9 5],43,80,95,37,67
1,<environment.Job instance at 0x7f67fb3d2be0>,43,13,[3 7],44,95,108,51,79
1,<environment.Job instance at 0x7f67b060e500>,49,2,[7 1],50,95,97,45,86
1,<environment.Job instance at 0x7f67b09d8c30>,28,14,[5 6],29,108,122,79,94
1,<environment.Job instance at 0x7f67f4b00960>,52,1,[ 3 10],53,122,123,69,94
1,<environment.Job instance at 0x7f67f4b00eb0>,54,2,[2 5],55,123,125,68,96
1,<environment.Job instance at 0x7f67f4b00a00>,57,3,[8 4],58,123,126,65,107
1,<environment.Job instance at 0x7f67f4b003c0>,58,3,[4 6],59,126,129,67,107
1,<environment.Job instance at 0x7f67b060e320>,50,17,[6 4],51,126,143,75,114
1,<environment.Job instance at 0x7f67f4b001e0>,61,12,[7 5],62,143,155,81,126
1,<environment.Job instance at 0x7f67f4b00140>,62,3,[10  5],63,155,158,92,129
1,<environment.Job instance at 0x7f67f4b00500>,64,14,[5 5],65,158,172,93,143
1,<environment.Job instance at 0x7f67b0c0ceb0>,67,12,[ 4 10],68,172,184,104,157
1,<environment.Job instance at 0x7f67b0e01be0>,73,13,[8 4],74,184,197,110,178
1,<environment.Job instance at 0x7f67b0c72730>,77,14,[4 9],78,197,211,119,185
1,<environment.Job instance at 0x7f67fb40c320>,78,15,[5 4],79,211,226,132,198
1,<environment.Job instance at 0x7f67b060eeb0>,0,1,[7 5],1,1,2,0,1
1,<environment.Job instance at 0x7f67fb1d1be0>,9,18,[2 7],10,15,33,5,15
1,<environment.Job instance at 0x7f67fb1d1280>,6,14,[4 9],7,33,47,26,19
1,<environment.Job instance at 0x7f67b09fbbe0>,22,14,[9 2],23,47,61,24,34
1,<environment.Job instance at 0x7f67fb264870>,28,15,[5 3],29,61,76,32,47
1,<environment.Job instance at 0x7f67fb264550>,29,15,[4 9],30,76,91,46,62
1,<environment.Job instance at 0x7f67fb264050>,35,16,[3 7],36,91,107,55,78
1,<environment.Job instance at 0x7f67fb1d17d0>,7,17,[10  4],8,107,124,99,95
1,<environment.Job instance at 0x7f67fb358460>,39,13,[2 8],40,124,137,84,108
1,<environment.Job instance at 0x7f67fb358960>,41,16,[1 7],42,137,153,95,124
1,<environment.Job instance at 0x7f67fb1d1a00>,8,17,[9 3],9,137,154,128,125
1,<environment.Job instance at 0x7f67fb358d20>,52,2,[8 5],53,154,156,101,146
1,<environment.Job instance at 0x7f67fb358fa0>,48,14,[10  1],49,156,170,107,149
1,<environment.Job instance at 0x7f67b0b83820>,55,14,[ 2 10],56,170,184,114,155
1,<environment.Job instance at 0x7f67b0b830a0>,58,14,[ 1 10],59,184,198,125,169
1,<environment.Job instance at 0x7f67b0b83690>,60,13,[ 4 10],61,198,211,137,182
1,<environment.Job instance at 0x7f67b0b83780>,62,17,[10  4],63,211,228,148,200
1,<environment.Job instance at 0x7f67b0b83cd0>,65,3,[4 8],66,228,231,162,205
1,<environment.Job instance at 0x7f67b0b83aa0>,66,3,[9 4],67,231,234,164,205
1,<environment.Job instance at 0x7f67f48778c0>,68,18,[4 7],69,234,252,165,223
1,<environment.Job instance at 0x7f67b0e3bcd0>,74,15,[3 5],75,252,267,177,240
1,<environment.Job instance at 0x7f67faf2f960>,78,3,[ 3 10],79,267,270,188,247
1,<environment.Job instance at 0x7f67faf2f5a0>,81,14,[6 4],82,270,284,188,256
1,<environment.Job instance at 0x7f67faf2f870>,84,17,[3 5],85,270,287,185,260
1,<environment.Job instance at 0x7f67faf2faa0>,86,3,[9 1],87,287,290,200,273
1,<environment.Job instance at 0x7f67fafa7fa0>,87,3,[7 3],88,284,287,196,273
1,<environment.Job instance at 0x7f67fafa7140>,89,2,[7 2],90,290,292,200,275
1,<environment.Job instance at 0x7f67fafa7190>,91,2,[2 5],92,290,292,198,275
1,<environment.Job instance at 0x7f67fafa7a50>,92,13,[9 5],93,292,305,199,277
1,<environment.Job instance at 0x7f67fafa7910>,93,12,[ 3 10],94,305,317,211,288
1,<environment.Job instance at 0x7f67faf0d820>,99,14,[1 5],100,317,331,217,302
1,<environment.Job instance at 0x7f67faf0d960>,102,2,[8 5],103,317,319,214,307
1,<environment.Job instance at 0x7f67faf0d8c0>,108,2,[5 4],109,329,331,220,329
1,<environment.Job instance at 0x7f67faf0d870>,109,1,[9 5],110,331,332,221,329
1,<environment.Job instance at 0x7f67b0d680f0>,110,18,[5 8],111,332,350,221,329
1,<environment.Job instance at 0x7f67b0d68b90>,111,2,[2 5],112,350,352,238,329
1,<environment.Job instance at 0x7f67b0d68410>,112,13,[8 1],113,350,363,237,334
1,<environment.Job instance at 0x7f67b0d68cd0>,113,3,[1 5],114,352,355,238,334
1,<environment.Job instance at 0x7f67b0d689b0>,115,2,[ 5 10],116,363,365,247,354
1,<environment.Job instance at 0x7f67faf2f4b0>,85,18,[ 3 10],86,395,413,309,395
1,<environment.Job instance at 0x7f67f489ec30>,8,18,[5 5],9,9,27,0,9
1,<environment.Job instance at 0x7f67f453db40>,4,1,[3 7],5,27,28,22,9
1,<environment.Job instance at 0x7f67f46ae7d0>,12,16,[ 1 10],13,28,44,15,15
1,<environment.Job instance at 0x7f67fb30a910>,16,2,[10  3],17,44,46,27,20
1,<environment.Job instance at 0x7f67b0a1bcd0>,21,16,[5 1],22,46,62,24,33
1,<environment.Job instance at 0x7f67b0a1b5a0>,22,14,[1 8],23,46,60,23,33
1,<environment.Job instance at 0x7f67fb30a730>,13,15,[4 8],14,60,75,46,47
1,<environment.Job instance at 0x7f67b0a1b8c0>,30,1,[8 5],31,75,76,44,58
1,<environment.Job instance at 0x7f67f46ae5f0>,11,18,[8 2],12,76,94,64,65
1,<environment.Job instance at 0x7f67b0a05a00>,34,2,[5 7],35,94,96,59,67
1,<environment.Job instance at 0x7f67b0a053c0>,36,1,[1 9],37,96,97,59,69
1,<environment.Job instance at 0x7f67fb30a0f0>,20,15,[10  4],21,97,112,76,86
1,<environment.Job instance at 0x7f67b0a1a5f0>,43,15,[5 6],44,112,127,68,98
1,<environment.Job instance at 0x7f67b0a1a280>,46,18,[10  3],47,127,145,80,116
1,<environment.Job instance at 0x7f67b0a1ad70>,50,14,[5 6],51,145,159,94,130
1,<environment.Job instance at 0x7f67b0a1a730>,52,2,[10  5],53,159,161,106,132
1,<environment.Job instance at 0x7f67b0a1ab90>,53,1,[2 5],54,161,162,107,133
1,<environment.Job instance at 0x7f67b0a0c730>,54,2,[2 7],55,162,164,107,135
1,<environment.Job instance at 0x7f67b0a0c460>,57,13,[ 1 10],58,164,177,106,148
1,<environment.Job instance at 0x7f67b0a0c960>,60,13,[ 2 10],61,177,190,116,162
1,<environment.Job instance at 0x7f67b0a0c820>,62,13,[5 5],63,190,203,127,176
1,<environment.Job instance at 0x7f67b0a21af0>,68,12,[2 6],69,203,215,134,186
1,<environment.Job instance at 0x7f67b0a21aa0>,70,15,[5 5],71,215,230,144,201
1,<environment.Job instance at 0x7f67b0a21a50>,72,14,[4 6],73,230,244,157,215
1,<environment.Job instance at 0x7f67b0a21280>,77,13,[1 7],78,244,257,166,232
1,<environment.Job instance at 0x7f67b0a21730>,79,17,[5 2],80,233,250,153,233
1,<environment.Job instance at 0x7f67b0a21320>,80,3,[5 6],81,257,260,176,233
1,<environment.Job instance at 0x7f67b0a21f50>,82,17,[4 8],83,260,277,177,249
1,<environment.Job instance at 0x7f67b0a21190>,85,15,[2 7],86,277,292,191,263
1,<environment.Job instance at 0x7f67b09fce60>,93,18,[2 6],94,292,310,198,281
1,<environment.Job instance at 0x7f67b09fc4b0>,98,13,[5 2],99,297,310,198,297
1,<environment.Job instance at 0x7f67b09fc0a0>,99,15,[10  3],100,310,325,210,298
1,<environment.Job instance at 0x7f67b0a09f00>,104,13,[2 5],105,325,338,220,310
1,<environment.Job instance at 0x7f67b0a05820>,37,17,[9 5],38,338,355,300,326
1,<environment.Job instance at 0x7f67b0a09690>,107,12,[1 7],108,355,367,247,338
1,<environment.Job instance at 0x7f67b0a09a00>,109,14,[9 3],110,355,369,245,340
1,<environment.Job instance at 0x7f67b0a09cd0>,112,12,[2 8],113,369,381,256,352
1,<environment.Job instance at 0x7f67b0a09820>,114,15,[5 2],115,369,384,254,355
1,<environment.Job instance at 0x7f67b0a0e3c0>,119,16,[ 5 10],120,384,400,264,371
1,<environment.Job instance at 0x7f67b0a0e550>,128,17,[8 1],129,400,417,271,397
1,<environment.Job instance at 0x7f89c02bd960>,11,15,[4 8],12,12,27,0,12
1,<environment.Job instance at 0x7f89c76cd190>,0,13,[9 3],1,27,40,26,22
1,<environment.Job instance at 0x7f89c02bd8c0>,10,12,[3 7],11,40,52,29,24
1,<environment.Job instance at 0x7f89c02bde60>,17,3,[4 9],18,52,55,34,30
1,<environment.Job instance at 0x7f89c02bdf00>,18,3,[4 7],19,55,58,36,30
1,<environment.Job instance at 0x7f89c02bd9b0>,20,1,[7 5],21,58,59,37,44
1,<environment.Job instance at 0x7f89c02bdaa0>,21,1,[6 5],22,59,60,37,44
1,<environment.Job instance at 0x7f89c02bddc0>,16,16,[3 5],17,58,74,41,45
1,<environment.Job instance at 0x7f89c02bdfa0>,19,14,[3 5],20,60,74,40,54
1,<environment.Job instance at 0x7f89c02c03c0>,26,3,[3 7],27,74,77,47,56
1,<environment.Job instance at 0x7f89c02c0870>,29,12,[5 4],30,77,89,47,60
1,<environment.Job instance at 0x7f89c02c05a0>,30,14,[5 2],31,74,88,43,69
1,<environment.Job instance at 0x7f89c02c0c30>,32,3,[5 1],33,88,91,55,71
1,<environment.Job instance at 0x7f89c02c0370>,24,18,[2 6],25,89,107,64,78
1,<environment.Job instance at 0x7f89c02c0690>,27,15,[8 4],28,91,106,63,78
1,<environment.Job instance at 0x7f89c02c0f50>,37,2,[2 6],38,107,109,69,80
1,<environment.Job instance at 0x7f89c02c0c80>,40,15,[10  3],41,109,124,68,98
1,<environment.Job instance at 0x7f89c02c16e0>,45,13,[6 5],46,124,137,78,108
1,<environment.Job instance at 0x7f89c02c1a00>,49,16,[2 5],50,127,143,77,127
1,<environment.Job instance at 0x7f89c02c1820>,48,15,[10  1],49,143,158,94,131
1,<environment.Job instance at 0x7f89c0375e60>,2,3,[4 7],3,3,6,0,3
1,<environment.Job instance at 0x7f89c02cbc30>,10,2,[3 8],11,11,13,0,11
1,<environment.Job instance at 0x7f89c02d61e0>,9,12,[4 9],10,13,25,3,12
1,<environment.Job instance at 0x7f89c02cbdc0>,6,17,[1 7],7,25,42,18,13
1,<environment.Job instance at 0x7f89c02d68c0>,15,1,[9 1],16,25,26,9,16
1,<environment.Job instance at 0x7f89c02d6d70>,17,3,[4 5],18,42,45,24,18
1,<environment.Job instance at 0x7f89c02d6a50>,18,14,[9 5],19,45,59,26,30
1,<environment.Job instance at 0x7f89c02dc5a0>,29,14,[3 6],30,59,73,29,44
1,<environment.Job instance at 0x7f89c02dc370>,32,1,[6 4],33,59,60,26,46
1,<environment.Job instance at 0x7f89c02d60f0>,11,15,[10  4],12,73,88,61,61
1,<environment.Job instance at 0x7f89c02de5a0>,35,16,[ 2 10],36,88,104,52,76
1,<environment.Job instance at 0x7f89c02def50>,40,1,[5 8],41,104,105,63,76
1,<environment.Job instance at 0x7f897c699fa0>,49,12,[9 3],50,105,117,55,88
1,<environment.Job instance at 0x7f897c6b7e60>,42,14,[2 9],43,117,131,74,102
1,<environment.Job instance at 0x7f897c6c1780>,54,12,[3 8],55,131,143,76,115
1,<environment.Job instance at 0x7f897c6c1c30>,60,13,[10  5],61,143,156,82,128
1,<environment.Job instance at 0x7f897c6c1e10>,62,14,[2 7],63,156,170,93,141
1,<environment.Job instance at 0x7f897c643730>,65,14,[10  2],66,170,184,104,155
1,<environment.Job instance at 0x7f897c6c21e0>,73,2,[5 6],74,184,186,110,157
1,<environment.Job instance at 0x7f897c6c2320>,74,16,[7 2],75,186,202,111,173
1,<environment.Job instance at 0x7f89c02c7cd0>,0,16,[2 8],1,186,202,185,179
1,<environment.Job instance at 0x7f897c6bfb40>,84,16,[9 4],85,202,218,117,190
1,<environment.Job instance at 0x7f897c6bf3c0>,85,1,[3 8],86,218,219,132,190
1,<environment.Job instance at 0x7f897c6bf1e0>,87,16,[9 2],88,219,235,131,206
1,<environment.Job instance at 0x7f897c726500>,89,13,[6 3],90,235,248,145,219
1,<environment.Job instance at 0x7f897c6d6b90>,94,3,[4 7],95,235,238,140,220
1,<environment.Job instance at 0x7f897c83e5f0>,97,3,[1 6],98,220,223,122,220
1,<environment.Job instance at 0x7f897c6db820>,98,18,[6 3],99,248,266,149,237
1,<environment.Job instance at 0x7f897c8fa190>,106,16,[7 4],107,266,282,159,266
1,<environment.Job instance at 0x7f897c7aef50>,110,3,[7 3],111,282,285,171,271
1,<environment.Job instance at 0x7f897c7ae320>,113,12,[9 1],114,285,297,171,272
1,<environment.Job instance at 0x7f89c02c18c0>,2,2,[2 6],3,4,6,1,4
1,<environment.Job instance at 0x7f89c02dee10>,3,2,[7 3],4,5,7,1,5
1,<environment.Job instance at 0x7f89c76f4d70>,11,2,[1 5],12,12,14,0,12
1,<environment.Job instance at 0x7f897c580c80>,13,3,[9 5],14,14,17,0,14
1,<environment.Job instance at 0x7f897c520690>,14,2,[7 4],15,17,19,2,15
1,<environment.Job instance at 0x7f897c5203c0>,15,17,[4 6],16,19,36,3,16
1,<environment.Job instance at 0x7f897c5202d0>,17,14,[ 1 10],18,36,50,18,26
1,<environment.Job instance at 0x7f89c76f5aa0>,20,15,[8 2],21,50,65,29,36
1,<environment.Job instance at 0x7f89c008c1e0>,25,13,[6 4],26,65,78,39,54
1,<environment.Job instance at 0x7f89c003ad20>,27,13,[1 9],28,78,91,50,63
1,<environment.Job instance at 0x7f89c00353c0>,29,15,[ 5 10],30,91,106,61,80
1,<environment.Job instance at 0x7f89c07b4c30>,34,15,[5 1],35,106,121,71,92
1,<environment.Job instance at 0x7f897c56f370>,35,3,[5 2],36,106,109,70,92
1,<environment.Job instance at 0x7f897c5f2e60>,40,12,[9 2],41,121,133,80,105
1,<environment.Job instance at 0x7f897c5f21e0>,43,3,[2 5],44,109,112,65,107
1,<environment.Job instance at 0x7f897c5f20f0>,44,12,[5 9],45,133,145,88,116
1,<environment.Job instance at 0x7f897c5f2b90>,49,15,[ 3 10],50,145,160,95,132
1,<environment.Job instance at 0x7f897c598640>,56,16,[ 5 10],57,183,199,126,183
1,<environment.Job instance at 0x7f897c598a50>,57,1,[4 5],58,199,200,141,183
1,<environment.Job instance at 0x7f897c5983c0>,59,13,[4 6],60,200,213,140,184
1,<environment.Job instance at 0x7f89c043a6e0>,62,13,[1 6],63,213,226,150,197
1,<environment.Job instance at 0x7f89c0153e60>,63,3,[3 5],64,226,229,162,200
1,<environment.Job instance at 0x7f89c07662d0>,65,12,[ 4 10],66,229,241,163,214
1,<environment.Job instance at 0x7f897c8a6050>,2,12,[5 5],3,4,16,1,4
1,<environment.Job instance at 0x7f89c00a6dc0>,11,13,[4 5],12,12,25,0,12
1,<environment.Job instance at 0x7f897c91f730>,5,14,[7 4],6,25,39,19,16
1,<environment.Job instance at 0x7f897c982500>,16,3,[ 3 10],17,39,42,22,18
1,<environment.Job instance at 0x7f897c9bf5a0>,3,13,[4 9],4,42,55,38,26
1,<environment.Job instance at 0x7f897c506aa0>,23,14,[2 7],24,55,69,31,40
1,<environment.Job instance at 0x7f897c982280>,15,12,[ 1 10],16,69,81,53,52
1,<environment.Job instance at 0x7f897ca233c0>,34,3,[6 1],35,54,57,19,54
1,<environment.Job instance at 0x7f897cb87a50>,19,14,[5 7],20,81,95,61,67
1,<environment.Job instance at 0x7f89c0468be0>,38,17,[7 4],39,95,112,56,83
1,<environment.Job instance at 0x7f89c044e2d0>,36,18,[4 6],37,112,130,75,101
1,<environment.Job instance at 0x7f89c05e36e0>,42,18,[6 3],43,112,130,69,106
1,<environment.Job instance at 0x7f89c04adf00>,51,3,[ 4 10],52,141,144,89,141
1,<environment.Job instance at 0x7f89c0387280>,54,17,[8 5],55,149,166,94,149
1,<environment.Job instance at 0x7f89c03768c0>,3,2,[5 5],4,4,6,0,4
1,<environment.Job instance at 0x7f89c03870f0>,2,15,[1 6],3,9,24,6,9
1,<environment.Job instance at 0x7f897c91f050>,0,14,[3 6],1,24,38,23,10
1,<environment.Job instance at 0x7f897c91feb0>,5,17,[7 1],6,15,32,9,15
1,<environment.Job instance at 0x7f89c02a1500>,10,15,[1 6],11,38,53,27,26
1,<environment.Job instance at 0x7f89c08fd5a0>,14,12,[8 4],15,38,50,23,28
1,<environment.Job instance at 0x7f89c03835f0>,12,18,[5 5],13,53,71,40,42
1,<environment.Job instance at 0x7f89c08fd9b0>,20,12,[8 1],21,71,83,50,57
1,<environment.Job instance at 0x7f89c08fd500>,24,12,[6 5],25,83,95,58,72
1,<environment.Job instance at 0x7f89c08fd690>,19,17,[7 2],20,95,112,75,90
1,<environment.Job instance at 0x7f89c00c4050>,32,3,[9 1],33,112,115,79,101
1,<environment.Job instance at 0x7f89c00c49b0>,33,2,[ 4 10],34,115,117,81,102
1,<environment.Job instance at 0x7f89c00c4a00>,35,1,[8 2],36,117,118,81,104
1,<environment.Job instance at 0x7f89c00c4b40>,37,2,[8 4],38,118,120,80,105
1,<environment.Job instance at 0x7f89c00c45a0>,40,3,[9 5],41,120,123,79,108
1,<environment.Job instance at 0x7f89c00c4d20>,41,13,[1 7],42,123,136,81,108
1,<environment.Job instance at 0x7f89c00c45f0>,42,13,[4 8],43,136,149,93,122
1,<environment.Job instance at 0x7f89c03df820>,50,14,[6 4],51,149,163,98,134
1,<environment.Job instance at 0x7f89c03dfaf0>,53,3,[6 2],54,136,139,82,136
1,<environment.Job instance at 0x7f89c08fd050>,15,15,[7 4],16,163,178,147,158
1,<environment.Job instance at 0x7f897cb633c0>,57,1,[9 4],58,178,179,120,158
1,<environment.Job instance at 0x7f897cb63c80>,59,14,[3 7],60,179,193,119,166
1,<environment.Job instance at 0x7f897cb63690>,60,15,[9 4],61,193,208,132,189
1,<environment.Job instance at 0x7f89c00ab370>,62,13,[1 5],63,193,206,130,191
1,<environment.Job instance at 0x7f897cb63370>,65,3,[5 5],66,208,211,142,191
1,<environment.Job instance at 0x7f89c015edc0>,66,2,[3 9],67,211,213,144,191
1,<environment.Job instance at 0x7f89c06be870>,67,2,[7 2],68,191,193,123,191
1,<environment.Job instance at 0x7f89c00e3190>,3,3,[9 2],4,4,7,0,4
1,<environment.Job instance at 0x7f89c025e820>,7,13,[8 2],8,8,21,0,8
1,<environment.Job instance at 0x7f89c025ec30>,9,3,[7 4],10,21,24,11,10
1,<environment.Job instance at 0x7f89c025e500>,10,2,[4 9],11,24,26,13,11
1,<environment.Job instance at 0x7f89c025e0f0>,13,16,[4 9],14,26,42,12,16
1,<environment.Job instance at 0x7f89c0106cd0>,17,3,[6 4],18,42,45,24,25
1,<environment.Job instance at 0x7f89c0106f00>,18,15,[3 6],19,42,57,23,28
1,<environment.Job instance at 0x7f89c01060a0>,22,3,[9 1],23,57,60,34,43
1,<environment.Job instance at 0x7f89c0f3cc30>,24,17,[6 5],25,70,87,45,70
1,<environment.Job instance at 0x7f89c0f3c500>,27,16,[ 5 10],28,87,103,59,74
1,<environment.Job instance at 0x7f89c08e8640>,3,13,[1 7],4,5,18,1,5
1,<environment.Job instance at 0x7f89c06dccd0>,6,16,[6 1],7,7,23,0,7
1,<environment.Job instance at 0x7f89c0d082d0>,8,1,[ 1 10],9,23,24,14,9
1,<environment.Job instance at 0x7f89c050ef50>,12,14,[9 1],13,24,38,11,13
1,<environment.Job instance at 0x7f89c0d086e0>,14,3,[8 2],15,38,41,23,18
1,<environment.Job instance at 0x7f89c0bddd20>,16,3,[8 5],17,41,44,24,23
1,<environment.Job instance at 0x7f89c0bd6140>,17,12,[5 4],18,44,56,26,27
1,<environment.Job instance at 0x7f89c0c50230>,18,14,[8 1],19,56,70,37,42
1,<environment.Job instance at 0x7f89c08cf730>,24,14,[10  1],25,70,84,45,55
1,<environment.Job instance at 0x7f89c0c1d5a0>,30,15,[4 9],31,84,99,53,70
1,<environment.Job instance at 0x7f89c0c50a50>,19,16,[ 4 10],20,99,115,79,86
1,<environment.Job instance at 0x7f897c6d24b0>,35,3,[5 1],36,115,118,79,99
1,<environment.Job instance at 0x7f89c0c1df00>,33,16,[8 2],34,118,134,84,106
1,<environment.Job instance at 0x7f89c0613fa0>,40,15,[9 1],41,134,149,93,120
1,<environment.Job instance at 0x7f89c08e1730>,42,13,[6 5],43,149,162,106,133
1,<environment.Job instance at 0x7f89c0c054b0>,43,16,[ 4 10],44,162,178,118,149
1,<environment.Job instance at 0x7f897ca4b820>,54,15,[7 5],55,178,193,123,166
1,<environment.Job instance at 0x7f89c0563730>,55,2,[10  5],56,193,195,137,166
1,<environment.Job instance at 0x7f897c703410>,56,2,[6 4],57,195,197,138,168
1,<environment.Job instance at 0x7f89c0337140>,59,2,[10  2],60,197,199,137,171
1,<environment.Job instance at 0x7f89c0337910>,62,17,[1 9],63,199,216,136,187
1,<environment.Job instance at 0x7f89c0337050>,66,13,[3 7],67,216,229,149,211
1,<environment.Job instance at 0x7f89c0337500>,67,16,[5 8],68,229,245,161,217
1,<environment.Job instance at 0x7f89c0337f50>,68,16,[1 6],69,245,261,176,233
1,<environment.Job instance at 0x7f89c0f57c30>,10,16,[5 9],11,261,277,250,251
1,<environment.Job instance at 0x7f89c03377d0>,74,14,[10  4],75,280,294,205,280
1,<environment.Job instance at 0x7f897c6ccd70>,75,12,[ 3 10],76,294,306,218,280
1,<environment.Job instance at 0x7f897c6cc140>,76,12,[9 4],77,306,318,229,293
1,<environment.Job instance at 0x7f89c01ec8c0>,78,12,[10  1],79,318,330,239,307
1,<environment.Job instance at 0x7f89c75bc050>,81,2,[5 5],82,330,332,248,307
1,<environment.Job instance at 0x7f89c75bc050>,6,2,[8 3],7,14,16,7,14
1,<environment.Job instance at 0x7f89c0a1c6e0>,7,3,[2 8],8,17,20,9,17
1,<environment.Job instance at 0x7f89c02a19b0>,9,15,[8 5],10,21,36,11,21
1,<environment.Job instance at 0x7f89c02a14b0>,11,13,[9 4],12,36,49,24,21
1,<environment.Job instance at 0x7f89c02a18c0>,12,16,[1 7],13,49,65,36,36
1,<environment.Job instance at 0x7f897cb7e3c0>,21,2,[6 2],22,49,51,27,37
1,<environment.Job instance at 0x7f89c01d8a00>,24,1,[9 2],25,51,52,26,37
1,<environment.Job instance at 0x7f897c8e1910>,25,3,[9 1],26,52,55,26,37
1,<environment.Job instance at 0x7f897cb7ee10>,17,16,[7 2],18,55,71,37,42
1,<environment.Job instance at 0x7f897c8e10a0>,29,14,[3 8],30,65,79,35,50
1,<environment.Job instance at 0x7f897c8e1f00>,28,15,[7 1],29,71,86,42,59
1,<environment.Job instance at 0x7f897c8e1be0>,32,2,[8 2],33,86,88,53,59
1,<environment.Job instance at 0x7f897ca5afa0>,36,12,[7 5],37,88,100,51,73
1,<environment.Job instance at 0x7f897ca5ac30>,38,14,[6 3],39,100,114,61,85
1,<environment.Job instance at 0x7f897c820f00>,41,14,[ 5 10],42,114,128,72,99
1,<environment.Job instance at 0x7f897c820230>,40,17,[8 4],41,128,145,87,116
1,<environment.Job instance at 0x7f897cc3a8c0>,51,13,[5 2],52,145,158,93,130
1,<environment.Job instance at 0x7f897cc3af50>,54,17,[4 7],55,145,162,90,136
1,<environment.Job instance at 0x7f897cc3ae60>,55,3,[ 3 10],56,162,165,106,137
1,<environment.Job instance at 0x7f897cc3ad20>,56,13,[10  5],57,165,178,108,149
1,<environment.Job instance at 0x7f897cc0a4b0>,64,15,[8 1],65,178,193,113,164
1,<environment.Job instance at 0x7f897cc0a0a0>,62,14,[10  1],63,193,207,130,178
1,<environment.Job instance at 0x7f897c8e1730>,26,16,[4 9],27,207,223,180,194
1,<environment.Job instance at 0x7f897cc0a7d0>,67,15,[3 9],68,223,238,155,209
1,<environment.Job instance at 0x7f897cc05500>,83,16,[3 8],84,238,254,154,225
1,<environment.Job instance at 0x7f897cc05550>,87,18,[5 5],88,254,272,166,243
1,<environment.Job instance at 0x7f897cc057d0>,90,3,[9 2],91,272,275,181,247
1,<environment.Job instance at 0x7f897cc05b90>,92,3,[10  3],93,275,278,182,249
1,<environment.Job instance at 0x7f897cc05c30>,93,18,[4 5],94,254,272,160,251
1,<environment.Job instance at 0x7f897cc05d70>,95,18,[5 8],96,278,296,182,267
1,<environment.Job instance at 0x7f897cc420f0>,101,16,[6 5],102,296,312,194,283
1,<environment.Job instance at 0x7f897cc421e0>,103,1,[5 5],104,312,313,208,286
1,<environment.Job instance at 0x7f897cc424b0>,105,16,[6 5],106,313,329,207,300
1,<environment.Job instance at 0x7f897cc42050>,107,18,[9 4],108,329,347,221,320
1,<environment.Job instance at 0x7f897cc42690>,110,15,[5 1],111,347,362,236,333
1,<environment.Job instance at 0x7f897cc42730>,111,13,[5 2],112,347,360,235,333
1,<environment.Job instance at 0x7f897cc42e60>,119,18,[1 9],120,360,378,240,349
1,<environment.Job instance at 0x7f897cc42cd0>,121,14,[6 1],122,362,376,240,350
1,<environment.Job instance at 0x7f897cc030f0>,124,17,[3 7],125,378,395,253,366
1,<environment.Job instance at 0x7f897cc03780>,130,18,[5 5],131,395,413,264,384
1,<environment.Job instance at 0x7f897cc03050>,133,18,[5 2],134,392,410,258,392
1,<environment.Job instance at 0x7f897cc425a0>,108,15,[1 8],109,413,428,304,403
1,<environment.Job instance at 0x7f897cc03d20>,137,3,[9 4],138,428,431,290,411
1,<environment.Job instance at 0x7f897cc03c30>,136,12,[8 3],137,509,521,372,509
1,<environment.Job instance at 0x7f897cc03c30>,4,15,[10  2],5,7,22,2,7
1,<environment.Job instance at 0x7f89c06c7af0>,8,1,[9 5],9,22,23,13,9
1,<environment.Job instance at 0x7f89c0a65b40>,9,1,[7 3],10,23,24,13,10
1,<environment.Job instance at 0x7f89c06c7d20>,10,2,[9 4],11,24,26,13,12
1,<environment.Job instance at 0x7f89c06c7b40>,11,1,[3 8],12,26,27,14,12
1,<environment.Job instance at 0x7f89c0cfcaf0>,13,3,[9 5],14,27,30,13,14
1,<environment.Job instance at 0x7f89c0cfc3c0>,15,14,[6 3],16,30,44,14,19
1,<environment.Job instance at 0x7f89c0abe5f0>,19,2,[4 5],20,30,32,10,20
1,<environment.Job instance at 0x7f897c766f50>,20,1,[10  3],21,44,45,23,21
1,<environment.Job instance at 0x7f89c0bdd870>,18,3,[9 2],19,45,48,26,24
1,<environment.Job instance at 0x7f897c766f00>,21,14,[1 5],22,45,59,23,30
1,<environment.Job instance at 0x7f897c746dc0>,25,12,[8 3],26,48,60,22,31
1,<environment.Job instance at 0x7f897c7fcd20>,28,14,[9 5],29,60,74,31,47
1,<environment.Job instance at 0x7f89c783cf00>,33,3,[3 9],34,74,77,40,52
1,<environment.Job instance at 0x7f897c7fcd70>,29,14,[8 5],30,77,91,47,62
1,<environment.Job instance at 0x7f89c0391f00>,42,2,[ 2 10],43,104,106,61,104
1,<environment.Job instance at 0x7f89c06ae2d0>,43,3,[1 6],44,106,109,62,104
1,<environment.Job instance at 0x7f89c03915a0>,41,14,[8 4],42,106,120,64,104
1,<environment.Job instance at 0x7f897c847730>,45,3,[10  3],46,120,123,74,104
1,<environment.Job instance at 0x7f89c066ce60>,47,3,[5 6],48,123,126,75,111
1,<environment.Job instance at 0x7f897c510690>,49,3,[6 1],50,126,129,76,111
1,<environment.Job instance at 0x7f897c510190>,50,12,[2 6],51,126,138,75,111
1,<environment.Job instance at 0x7f897c510460>,51,2,[6 2],52,129,131,77,111
1,<environment.Job instance at 0x7f897c510230>,53,3,[7 2],54,131,134,77,111
1,<environment.Job instance at 0x7f897c510f00>,55,13,[5 5],56,138,151,82,123
1,<environment.Job instance at 0x7f89c0cdfb40>,56,18,[1 5],57,138,156,81,127
1,<environment.Job instance at 0x7f89c06d5230>,58,17,[7 5],59,151,168,92,141
1,<environment.Job instance at 0x7f89c06d5b90>,59,13,[4 8],60,168,181,108,154
1,<environment.Job instance at 0x7f89c01b2cd0>,65,15,[5 4],66,181,196,115,167
1,<environment.Job instance at 0x7f89c0ac12d0>,68,2,[7 5],69,196,198,127,169
1,<environment.Job instance at 0x7f89c0ac1cd0>,70,18,[4 5],71,198,216,127,187
1,<environment.Job instance at 0x7f89c0ac10a0>,73,13,[9 3],74,216,229,142,201
1,<environment.Job instance at 0x7f897c576be0>,76,14,[5 4],77,229,243,152,214
1,<environment.Job instance at 0x7f897c576d70>,79,3,[6 1],80,243,246,163,220
1,<environment.Job instance at 0x7f897c576f50>,80,2,[2 6],81,229,231,148,220
1,<environment.Job instance at 0x7f897c5764b0>,82,3,[6 1],83,246,249,163,220
1,<environment.Job instance at 0x7f89c0e4d320>,86,1,[6 4],87,249,250,162,231
1,<environment.Job instance at 0x7f89c0e4d9b0>,87,2,[3 8],88,243,245,155,231
1,<environment.Job instance at 0x7f89c0ac1aa0>,71,18,[4 9],72,250,268,178,239
1,<environment.Job instance at 0x7f89c0e4d820>,90,16,[4 8],91,268,284,177,255
1,<environment.Job instance at 0x7f89c0e4d050>,94,15,[5 3],95,284,299,189,270
1,<environment.Job instance at 0x7f89c0e4d230>,97,12,[9 2],98,299,311,201,282
1,<environment.Job instance at 0x7f89c0e4dbe0>,101,12,[8 2],102,311,323,209,294
1,<environment.Job instance at 0x7f89c0839730>,108,2,[5 7],109,323,325,214,305
1,<environment.Job instance at 0x7f89c0aaa320>,3,13,[6 4],4,4,17,0,4
1,<environment.Job instance at 0x7f89c06be320>,6,16,[2 7],7,17,33,10,8
1,<environment.Job instance at 0x7f897c95c500>,11,2,[5 4],12,33,35,21,12
1,<environment.Job instance at 0x7f897c7f8730>,12,12,[1 7],13,35,47,22,18
1,<environment.Job instance at 0x7f89c01ea2d0>,4,12,[10  3],5,47,59,42,30
1,<environment.Job instance at 0x7f89c05d3820>,20,14,[3 5],21,59,73,38,45
1,<environment.Job instance at 0x7f897c7437d0>,23,3,[5 4],24,59,62,35,45
1,<environment.Job instance at 0x7f897c743370>,26,12,[5 6],27,73,85,46,56
1,<environment.Job instance at 0x7f897c847960>,2,16,[1 9],3,85,101,82,72
1,<environment.Job instance at 0x7f897c97b550>,32,16,[5 3],33,101,117,68,90
1,<environment.Job instance at 0x7f897c7fca50>,0,18,[3 6],1,102,120,101,102
1,<environment.Job instance at 0x7f897c97b9b0>,39,16,[6 2],40,117,133,77,105
1,<environment.Job instance at 0x7f897c93be10>,41,12,[2 5],42,120,132,78,105
1,<environment.Job instance at 0x7f897c93b870>,43,14,[1 6],44,132,146,88,120
1,<environment.Job instance at 0x7f897c93b4b0>,44,16,[7 3],45,133,149,88,127
1,<environment.Job instance at 0x7f897cba0eb0>,48,13,[5 7],49,149,162,100,134
1,<environment.Job instance at 0x7f89c0dfd550>,57,15,[7 2],58,178,193,120,178
1,<environment.Job instance at 0x7f89c0213c30>,61,18,[4 9],62,193,211,131,182
1,<environment.Job instance at 0x7f89c02130f0>,65,16,[2 7],66,211,227,145,198
1,<environment.Job instance at 0x7f89c0d680a0>,68,18,[8 3],69,219,237,150,219
1,<environment.Job instance at 0x7f89c0d68690>,69,15,[6 5],70,237,252,167,223
1,<environment.Job instance at 0x7f897c93b550>,42,16,[9 3],43,252,268,209,242
1,<environment.Job instance at 0x7f89c06ef5a0>,74,17,[10  3],75,268,285,193,257
1,<environment.Job instance at 0x7f89c0d681e0>,72,15,[ 2 10],73,285,300,212,280
1,<environment.Job instance at 0x7f897c7f8c80>,7,2,[9 5],8,8,10,0,8
1,<environment.Job instance at 0x7f89c0d28f50>,6,1,[6 4],7,10,11,3,9
1,<environment.Job instance at 0x7f897c958730>,9,2,[2 5],10,10,12,0,10
1,<environment.Job instance at 0x7f89c0d87b40>,10,3,[7 5],11,11,14,0,11
1,<environment.Job instance at 0x7f897c91ef50>,8,12,[10  5],9,14,26,5,12
1,<environment.Job instance at 0x7f897ca5fdc0>,14,13,[9 1],15,26,39,11,15
1,<environment.Job instance at 0x7f897ca5f230>,16,3,[1 8],17,26,29,9,17
1,<environment.Job instance at 0x7f897ca5f870>,20,14,[ 3 10],21,39,53,18,25
1,<environment.Job instance at 0x7f89c0096be0>,23,14,[9 2],24,53,67,29,38
1,<environment.Job instance at 0x7f89c0096c30>,29,15,[4 9],30,67,82,37,53
1,<environment.Job instance at 0x7f897cc6d3c0>,32,2,[5 5],33,82,84,49,56
1,<environment.Job instance at 0x7f897cc6daf0>,35,16,[8 5],36,84,100,48,73
1,<environment.Job instance at 0x7f897cc6d690>,37,2,[9 2],38,100,102,62,73
1,<environment.Job instance at 0x7f897cc6d370>,38,1,[5 5],39,82,83,43,73
1,<environment.Job instance at 0x7f897c97c050>,43,12,[5 8],44,102,114,58,93
1,<environment.Job instance at 0x7f897c97c690>,45,3,[10  1],46,114,117,68,93
1,<environment.Job instance at 0x7f897c9577d0>,51,12,[4 5],52,205,217,153,205
1,<environment.Job instance at 0x7f897c957870>,52,18,[ 5 10],53,217,235,164,207
1,<environment.Job instance at 0x7f897c957af0>,57,12,[6 2],58,235,247,177,221
1,<environment.Job instance at 0x7f897c957c30>,58,3,[2 8],59,235,238,176,221
1,<environment.Job instance at 0x7f897c957a50>,63,14,[1 8],64,238,252,174,223
1,<environment.Job instance at 0x7f89c0d87eb0>,6,1,[5 3],7,7,8,0,7
1,<environment.Job instance at 0x7f89c053caf0>,5,3,[5 5],6,8,11,2,8
1,<environment.Job instance at 0x7f897c975280>,2,18,[6 4],3,11,29,8,10
1,<environment.Job instance at 0x7f89c010b4b0>,7,12,[2 5],8,10,22,2,10
1,<environment.Job instance at 0x7f89c03a6640>,11,12,[5 1],12,29,41,17,12
1,<environment.Job instance at 0x7f897c958b40>,8,3,[10  4],9,41,44,32,18
1,<environment.Job instance at 0x7f89c03a63c0>,15,13,[2 6],16,22,35,6,19
1,<environment.Job instance at 0x7f89c03a68c0>,14,16,[5 3],15,44,60,29,32
1,<environment.Job instance at 0x7f897c868320>,18,18,[5 6],19,44,62,25,34
1,<environment.Job instance at 0x7f897c8688c0>,26,12,[4 6],27,62,74,35,46
1,<environment.Job instance at 0x7f897c868e60>,23,13,[4 7],24,74,87,50,58
1,<environment.Job instance at 0x7f897c8685f0>,32,12,[5 4],33,62,74,29,62
1,<environment.Job instance at 0x7f897c868500>,33,13,[10  3],34,87,100,53,74
1,<environment.Job instance at 0x7f897c868eb0>,36,15,[1 5],37,100,115,63,86
1,<environment.Job instance at 0x7f897c93bbe0>,38,2,[5 5],39,100,102,61,86
1,<environment.Job instance at 0x7f897c93b0a0>,39,3,[5 2],40,102,105,62,87
1,<environment.Job instance at 0x7f897c93b9b0>,40,14,[6 1],41,105,119,64,90
1,<environment.Job instance at 0x7f89c0dd9af0>,44,3,[9 3],45,119,122,74,93
1,<environment.Job instance at 0x7f89c0dd9910>,47,14,[9 3],48,122,136,74,107
1,<environment.Job instance at 0x7f89c03a6c80>,9,15,[8 4],10,136,151,126,122
1,<environment.Job instance at 0x7f897ca6a550>,57,15,[6 1],58,151,166,93,138
1,<environment.Job instance at 0x7f89c0628c30>,64,1,[7 5],65,166,167,101,156
1,<environment.Job instance at 0x7f89c0dd9d70>,52,16,[6 3],53,167,183,114,156
1,<environment.Job instance at 0x7f89c06285f0>,68,2,[5 7],69,183,185,114,156
1,<environment.Job instance at 0x7f89c06283c0>,70,16,[1 5],71,156,172,85,156
1,<environment.Job instance at 0x7f897ca232d0>,75,1,[2 5],76,172,173,96,167
1,<environment.Job instance at 0x7f897ca230a0>,76,16,[3 6],77,185,201,108,172
1,<environment.Job instance at 0x7f897ca23640>,79,3,[5 2],80,183,186,103,172
1,<environment.Job instance at 0x7f89c057f910>,87,2,[9 3],88,201,203,113,187
1,<environment.Job instance at 0x7f89c057faf0>,88,16,[1 8],89,203,219,114,190
1,<environment.Job instance at 0x7f89c057fd70>,91,13,[5 5],92,219,232,127,203
1,<environment.Job instance at 0x7f89c057f0f0>,94,17,[10  4],95,232,249,137,220
1,<environment.Job instance at 0x7f89c08e8870>,101,16,[8 1],102,249,265,147,236
1,<environment.Job instance at 0x7f89c08e8d70>,104,3,[3 7],105,265,268,160,248
1,<environment.Job instance at 0x7f89c028e6e0>,71,17,[6 5],72,268,285,196,256
1,<environment.Job instance at 0x7f89c065adc0>,110,17,[2 8],111,285,302,174,273
1,<environment.Job instance at 0x7f89c07e30f0>,112,12,[10  3],113,302,314,189,288
1,<environment.Job instance at 0x7f89c07e3640>,116,12,[1 9],117,314,326,197,297
1,<environment.Job instance at 0x7f89c07e35f0>,118,16,[10  3],119,326,342,207,316
1,<environment.Job instance at 0x7f89c07e3cd0>,123,16,[4 9],124,342,358,218,330
1,<environment.Job instance at 0x7f897c35ebe0>,132,17,[1 6],133,358,375,225,346
1,<environment.Job instance at 0x7f897c726190>,8,18,[5 6],9,45,63,36,45
1,<environment.Job instance at 0x7f89c0c12a50>,11,12,[8 3],12,71,83,59,71
1,<environment.Job instance at 0x7f89c0975500>,16,2,[5 6],17,83,85,66,71
1,<environment.Job instance at 0x7f89c0d68730>,17,12,[4 7],18,85,97,67,72
1,<environment.Job instance at 0x7f897c58a370>,18,1,[9 2],19,97,98,78,72
1,<environment.Job instance at 0x7f89c04a7050>,24,1,[1 7],25,97,98,72,91
1,<environment.Job instance at 0x7f89c04a7500>,25,2,[1 8],26,98,100,72,91
1,<environment.Job instance at 0x7f89c0aa6140>,19,12,[ 5 10],20,100,112,80,91
1,<environment.Job instance at 0x7f89c04a75f0>,28,14,[7 5],29,112,126,83,98
1,<environment.Job instance at 0x7f89c04a7690>,26,18,[3 5],27,112,130,85,102
1,<environment.Job instance at 0x7f897c91f5f0>,33,2,[9 4],34,130,132,96,114
1,<environment.Job instance at 0x7f89c0aa6050>,15,16,[10  2],16,132,148,116,121
1,<environment.Job instance at 0x7f897c91feb0>,38,13,[5 9],39,148,161,109,135
1,<environment.Job instance at 0x7f897c91fa00>,39,3,[ 4 10],40,161,164,121,135
1,<environment.Job instance at 0x7f897c91ff50>,34,18,[3 8],35,164,182,129,154
1,<environment.Job instance at 0x7f897c91c1e0>,48,14,[7 3],49,182,196,133,167
1,<environment.Job instance at 0x7f89c0373550>,54,18,[6 3],55,196,214,141,185
1,<environment.Job instance at 0x7f89c0373050>,57,16,[2 6],58,185,201,127,185
1,<environment.Job instance at 0x7f89c0373e10>,59,15,[5 3],60,214,229,154,204
1,<environment.Job instance at 0x7f897c91faa0>,41,17,[2 9],42,229,246,187,219
1,<environment.Job instance at 0x7f897c4083c0>,63,17,[5 1],64,222,239,158,222
1,<environment.Job instance at 0x7f897c408e10>,65,15,[9 5],66,246,261,180,233
1,<environment.Job instance at 0x7f89c04020f0>,69,3,[2 9],70,261,264,191,235
1,<environment.Job instance at 0x7f89c0402d20>,71,16,[8 5],72,264,280,192,251
1,<environment.Job instance at 0x7f89c0151b40>,72,2,[5 1],73,261,263,188,251
1,<environment.Job instance at 0x7f89c02590f0>,74,17,[5 7],75,311,328,236,311
1,<environment.Job instance at 0x7f89c02593c0>,75,12,[5 1],76,311,323,235,311
1,<environment.Job instance at 0x7f89c0259370>,77,3,[9 3],78,328,331,250,311
1,<environment.Job instance at 0x7f89c0259280>,78,15,[6 1],79,331,346,252,319
1,<environment.Job instance at 0x7f89c0259460>,84,12,[ 4 10],85,346,358,261,329
1,<environment.Job instance at 0x7f89c02595a0>,85,15,[8 2],86,358,373,272,347
1,<environment.Job instance at 0x7f89c08e8b90>,2,1,[6 3],3,3,4,0,3
1,<environment.Job instance at 0x7f89c0abb410>,3,2,[4 5],4,4,6,0,4
1,<environment.Job instance at 0x7f897c9fb1e0>,8,2,[10  1],9,9,11,0,9
1,<environment.Job instance at 0x7f897c38d230>,9,13,[6 1],10,11,24,1,11
1,<environment.Job instance at 0x7f89c044b190>,11,17,[6 1],12,24,41,12,12
1,<environment.Job instance at 0x7f89c0e08e10>,10,12,[ 4 10],11,41,53,30,24
1,<environment.Job instance at 0x7f89c06202d0>,21,1,[9 5],22,53,54,31,31
1,<environment.Job instance at 0x7f89c0e6bd70>,22,3,[5 9],23,54,57,31,31
1,<environment.Job instance at 0x7f89c0c502d0>,24,2,[8 1],25,57,59,32,53
1,<environment.Job instance at 0x7f89c0a7d2d0>,25,1,[4 6],26,59,60,33,53
1,<environment.Job instance at 0x7f89c0bc82d0>,28,18,[5 5],29,81,99,52,81
1,<environment.Job instance at 0x7f89c0c8ec80>,29,15,[3 6],30,99,114,69,85
1,<environment.Job instance at 0x7f89c0bc8230>,31,1,[9 3],32,114,115,82,86
1,<environment.Job instance at 0x7f89c0bd6550>,32,1,[1 7],33,114,115,81,86
1,<environment.Job instance at 0x7f89c0e5f280>,36,1,[10  4],37,115,116,78,87
1,<environment.Job instance at 0x7f897c945cd0>,39,1,[8 3],40,116,117,76,91
1,<environment.Job instance at 0x7f897c9450f0>,40,2,[ 4 10],41,117,119,76,91
1,<environment.Job instance at 0x7f897c945640>,41,1,[9 1],42,119,120,77,91
1,<environment.Job instance at 0x7f89c0c125a0>,13,15,[5 8],14,120,135,106,113
1,<environment.Job instance at 0x7f897cba58c0>,45,16,[2 7],46,135,151,89,122
1,<environment.Job instance at 0x7f897cba5050>,50,13,[8 2],51,135,148,84,131
1,<environment.Job instance at 0x7f89c011f550>,51,2,[5 2],52,131,133,79,131
1,<environment.Job instance at 0x7f89c09d2fa0>,52,13,[1 7],53,151,164,98,135
1,<environment.Job instance at 0x7f89c08280f0>,55,13,[6 1],56,148,161,92,147
1,<environment.Job instance at 0x7f89c08286e0>,57,2,[10  1],58,164,166,106,147
1,<environment.Job instance at 0x7f89c0828a50>,59,13,[3 6],60,166,179,106,151
1,<environment.Job instance at 0x7f89c080bfa0>,60,1,[ 2 10],61,179,180,118,151
1,<environment.Job instance at 0x7f89c07f3280>,64,2,[2 7],65,180,182,115,153
1,<environment.Job instance at 0x7f89c022f050>,42,18,[7 2],43,180,198,137,169
1,<environment.Job instance at 0x7f89c07f3690>,71,12,[9 4],72,198,210,126,185
1,<environment.Job instance at 0x7f89c07f3910>,68,12,[6 2],69,210,222,141,193
1,<environment.Job instance at 0x7f89c080d0f0>,75,3,[ 4 10],76,222,225,146,202
1,<environment.Job instance at 0x7f89c080d230>,76,1,[1 6],77,202,203,125,202
1,<environment.Job instance at 0x7f89c0803550>,77,2,[4 6],78,210,212,132,202
1,<environment.Job instance at 0x7f89c0803c80>,78,2,[ 2 10],79,225,227,146,202
1,<environment.Job instance at 0x7f89c0817f00>,79,15,[10  5],80,227,242,147,215
1,<environment.Job instance at 0x7f89c0578d70>,82,15,[4 9],83,242,257,159,228
1,<environment.Job instance at 0x7f89c06f4d70>,84,3,[2 5],85,257,260,172,231
1,<environment.Job instance at 0x7f897c4270a0>,87,3,[3 5],88,257,260,169,242
1,<environment.Job instance at 0x7f89c06f39b0>,88,3,[6 4],89,260,263,171,242
1,<environment.Job instance at 0x7f89c07f3410>,74,13,[6 5],75,263,276,188,247
1,<environment.Job instance at 0x7f89c06eedc0>,91,13,[3 5],92,260,273,168,249
1,<environment.Job instance at 0x7f89c0e5f550>,34,18,[ 2 10],35,276,294,241,266
1,<environment.Job instance at 0x7f89c06b9960>,99,14,[5 9],100,294,308,194,279
1,<environment.Job instance at 0x7f89c0bb92d0>,102,18,[10  3],103,308,326,205,297
1,<environment.Job instance at 0x7f89c0635b40>,109,12,[1 5],110,326,338,216,309
1,<environment.Job instance at 0x7f89c06ea1e0>,113,17,[7 2],114,326,343,212,315
1,<environment.Job instance at 0x7f897c5f4690>,117,18,[1 8],118,338,356,220,328
1,<environment.Job instance at 0x7f89c06e8dc0>,120,1,[ 5 10],121,356,357,235,331
1,<environment.Job instance at 0x7f89c06e8730>,121,3,[10  5],122,357,360,235,331
1,<environment.Job instance at 0x7f89c06e89b0>,119,17,[6 3],120,360,377,240,348
1,<environment.Job instance at 0x7f897c5e3cd0>,126,13,[4 6],127,360,373,233,348
1,<environment.Job instance at 0x7f897c5e38c0>,134,2,[5 3],135,377,379,242,363
1,<environment.Job instance at 0x7f897c58a910>,1,17,[ 4 10],2,379,396,377,367
1,<environment.Job instance at 0x7f89c06d4370>,0,3,[7 1],1,3,6,2,3
1,<environment.Job instance at 0x7f897c5f3a50>,5,2,[3 7],6,6,8,0,6
1,<environment.Job instance at 0x7f89c0d03e60>,9,17,[7 5],10,11,28,1,11
1,<environment.Job instance at 0x7f89c0e08a00>,8,15,[5 4],9,28,43,19,14
1,<environment.Job instance at 0x7f89c0140b90>,14,17,[3 6],15,28,45,13,27
1,<environment.Job instance at 0x7f897cba4d70>,12,13,[1 8],13,45,58,32,30
1,<environment.Job instance at 0x7f89c0468960>,18,12,[4 8],19,58,70,39,41
1,<environment.Job instance at 0x7f89c0140fa0>,16,15,[8 5],17,70,85,53,57
1,<environment.Job instance at 0x7f89c0238a50>,26,15,[5 2],27,85,100,58,71
1,<environment.Job instance at 0x7f897c506320>,31,13,[ 1 10],32,100,113,68,86
1,<environment.Job instance at 0x7f89c010fd20>,33,14,[4 9],34,113,127,79,99
1,<environment.Job instance at 0x7f89c010fe10>,37,3,[7 3],38,127,130,89,102
1,<environment.Job instance at 0x7f897ca8f370>,38,14,[10  3],39,130,144,91,115
1,<environment.Job instance at 0x7f897c85be10>,41,17,[5 4],42,144,161,102,133
1,<environment.Job instance at 0x7f897c702960>,45,12,[2 6],46,144,156,98,140
1,<environment.Job instance at 0x7f897c702820>,46,18,[10  1],47,161,179,114,150
1,<environment.Job instance at 0x7f89c0244c80>,49,15,[ 4 10],50,179,194,129,165
1,<environment.Job instance at 0x7f897c4d95f0>,54,13,[7 1],55,194,207,139,178
1,<environment.Job instance at 0x7f897c4d9e60>,55,12,[5 5],56,207,219,151,190
1,<environment.Job instance at 0x7f89c094ad20>,58,12,[3 9],59,219,231,160,208
1,<environment.Job instance at 0x7f89c02dcdc0>,63,17,[10  3],64,231,248,167,219
1,<environment.Job instance at 0x7f89c02dcd20>,66,16,[2 9],67,248,264,181,235
1,<environment.Job instance at 0x7f89c02dca50>,77,3,[10  4],78,264,267,186,254
1,<environment.Job instance at 0x7f89c0a9cfa0>,11,15,[4 9],12,267,282,255,263
1,<environment.Job instance at 0x7f89c0bbcaf0>,82,13,[2 6],83,282,295,199,266
1,<environment.Job instance at 0x7f89c0bbcc30>,85,3,[ 4 10],86,295,298,209,273
1,<environment.Job instance at 0x7f89c0bbce10>,87,15,[5 1],88,298,313,210,286
1,<environment.Job instance at 0x7f89c0bbc820>,88,12,[1 5],89,298,310,209,286
1,<environment.Job instance at 0x7f89c02f3780>,94,16,[8 4],95,313,329,218,305
1,<environment.Job instance at 0x7f897c4fe0a0>,97,14,[7 4],98,330,344,232,330
1,<environment.Job instance at 0x7f89c0776820>,102,14,[7 5],103,344,358,241,331
1,<environment.Job instance at 0x7f89c07763c0>,3,1,[7 1],4,5,6,1,5
1,<environment.Job instance at 0x7f89c0a65730>,1,15,[5 1],2,8,23,6,8
1,<environment.Job instance at 0x7f89c07c4230>,9,2,[5 1],10,12,14,2,12
1,<environment.Job instance at 0x7f89c07c4780>,12,17,[ 1 10],13,23,40,10,13
1,<environment.Job instance at 0x7f89c07c4870>,14,15,[7 5],15,40,55,25,27
1,<environment.Job instance at 0x7f89c07c4500>,15,15,[7 1],16,55,70,39,42
1,<environment.Job instance at 0x7f89c07c45f0>,20,18,[2 9],21,55,73,34,47
1,<environment.Job instance at 0x7f89c07c4f50>,17,17,[9 4],18,73,90,55,61
1,<environment.Job instance at 0x7f89c04c6dc0>,22,16,[2 8],23,90,106,67,77
1,<environment.Job instance at 0x7f89c04c6870>,32,16,[5 3],33,106,122,73,93
1,<environment.Job instance at 0x7f897c389190>,37,12,[ 2 10],38,122,134,84,106
1,<environment.Job instance at 0x7f89c04c6f00>,30,16,[1 9],31,134,150,103,124
1,<environment.Job instance at 0x7f897c389690>,42,17,[5 8],43,150,167,107,138
1,<environment.Job instance at 0x7f897c388690>,45,12,[ 4 10],46,167,179,121,150
1,<environment.Job instance at 0x7f897c388550>,49,16,[1 8],50,179,195,129,166
1,<environment.Job instance at 0x7f897c24ad70>,56,16,[6 2],57,179,195,122,167
1,<environment.Job instance at 0x7f897c24a8c0>,61,16,[1 7],62,195,211,133,194
1,<environment.Job instance at 0x7f897c24a9b0>,62,3,[9 2],63,195,198,132,194
1,<environment.Job instance at 0x7f897c24aaf0>,64,2,[2 7],65,211,213,146,195
1,<environment.Job instance at 0x7f897c24a2d0>,66,12,[3 9],67,213,225,146,197
1,<environment.Job instance at 0x7f897c24aeb0>,68,12,[7 2],69,225,237,156,208
1,<environment.Job instance at 0x7f897c24a1e0>,72,2,[ 4 10],73,237,239,164,221
1,<environment.Job instance at 0x7f89c07c4cd0>,5,17,[4 6],6,239,256,233,227
1,<environment.Job instance at 0x7f897c24a730>,74,14,[ 3 10],75,256,270,181,249
1,<environment.Job instance at 0x7f897c24a0f0>,75,15,[2 6],76,270,285,194,260
1,<environment.Job instance at 0x7f897c24a370>,76,3,[ 3 10],77,285,288,208,260
1,<environment.Job instance at 0x7f897c2a5870>,80,18,[8 3],81,288,306,207,286
1,<environment.Job instance at 0x7f897c2a5f00>,81,3,[10  1],82,306,309,224,286
1,<environment.Job instance at 0x7f897c2a59b0>,83,17,[6 1],84,309,326,225,297
1,<environment.Job instance at 0x7f897c2a52d0>,84,12,[4 5],85,309,321,224,302
1,<environment.Job instance at 0x7f897c2a52d0>,4,3,[6 2],5,5,8,0,5
1,<environment.Job instance at 0x7f897c643280>,6,3,[5 3],7,8,11,1,7
1,<environment.Job instance at 0x7f89c0c127d0>,8,1,[5 8],9,11,12,2,10
1,<environment.Job instance at 0x7f89c0a2f1e0>,9,3,[ 2 10],10,14,17,4,14
1,<environment.Job instance at 0x7f89c07762d0>,10,15,[8 2],11,17,32,6,14
1,<environment.Job instance at 0x7f89c0193730>,14,1,[8 1],15,32,33,17,15
1,<environment.Job instance at 0x7f897c643a50>,5,14,[8 2],6,33,47,27,18
1,<environment.Job instance at 0x7f897c5c6eb0>,13,13,[3 7],14,47,60,33,31
1,<environment.Job instance at 0x7f897cae4370>,26,15,[7 3],27,47,62,20,43
1,<environment.Job instance at 0x7f897ca88140>,17,13,[10  3],18,62,75,44,46
1,<environment.Job instance at 0x7f897c85baf0>,31,12,[7 5],32,75,87,43,60
1,<environment.Job instance at 0x7f897c4bda00>,11,16,[4 9],12,87,103,75,80
1,<environment.Job instance at 0x7f897c852280>,36,12,[5 9],37,103,115,66,86
1,<environment.Job instance at 0x7f89c0150690>,43,13,[8 4],44,130,143,86,130
1,<environment.Job instance at 0x7f89c0e33820>,44,3,[7 5],45,143,146,98,130
1,<environment.Job instance at 0x7f89c071aeb0>,47,14,[4 9],48,787,801,739,787
1,<environment.Job instance at 0x7f89c0cd8320>,48,15,[5 4],49,801,816,752,794
1,<environment.Job instance at 0x7f897cb34fa0>,1,16,[1 7],2,2,18,0,2
1,<environment.Job instance at 0x7f897c2db640>,12,2,[8 5],13,40,42,27,40
1,<environment.Job instance at 0x7f89c04c6be0>,8,14,[10  1],9,42,56,33,40
1,<environment.Job instance at 0x7f897c2db870>,11,16,[6 2],12,56,72,44,52
1,<environment.Job instance at 0x7f89c01025a0>,17,2,[2 5],18,56,58,38,54
1,<environment.Job instance at 0x7f897c2db780>,15,14,[ 2 10],16,72,86,56,57
1,<environment.Job instance at 0x7f897c5f3280>,20,13,[ 4 10],21,86,99,65,70
1,<environment.Job instance at 0x7f897c5f3780>,23,13,[ 4 10],24,99,112,75,85
1,<environment.Job instance at 0x7f897c5f3640>,22,17,[10  4],23,112,129,89,101
1,<environment.Job instance at 0x7f897c5f30f0>,33,18,[ 4 10],34,129,147,95,118
1,<environment.Job instance at 0x7f89c01c9730>,40,15,[1 8],41,147,162,106,133
1,<environment.Job instance at 0x7f897c707eb0>,42,3,[8 3],43,162,165,119,136
1,<environment.Job instance at 0x7f897c5f36e0>,28,18,[4 7],29,165,183,136,154
1,<environment.Job instance at 0x7f89c07c46e0>,53,12,[ 3 10],54,183,195,129,167
1,<environment.Job instance at 0x7f897c8fa780>,61,16,[1 8],62,195,211,133,183
1,<environment.Job instance at 0x7f89c0644960>,68,2,[5 4],69,211,213,142,206
1,<environment.Job instance at 0x7f89c09720a0>,69,1,[9 5],70,213,214,143,206
1,<environment.Job instance at 0x7f89c0776e60>,70,18,[5 8],71,214,232,143,206
1,<environment.Job instance at 0x7f897cb1b230>,75,2,[ 5 10],76,232,234,156,231
1,<environment.Job instance at 0x7f89c00dca50>,45,18,[ 3 10],46,234,252,188,232
1,<environment.Job instance at 0x7f897c50a9b0>,3,1,[2 5],4,4,5,0,4
1,<environment.Job instance at 0x7f89c07923c0>,8,2,[1 9],9,9,11,0,9
1,<environment.Job instance at 0x7f89c0792140>,6,15,[5 8],7,11,26,4,11
1,<environment.Job instance at 0x7f89c07925f0>,12,13,[5 5],13,26,39,13,13
1,<environment.Job instance at 0x7f89c0792c30>,13,12,[5 2],14,14,26,0,14
1,<environment.Job instance at 0x7f89c07926e0>,14,1,[3 7],15,39,40,24,15
1,<environment.Job instance at 0x7f89c07929b0>,9,17,[2 5],10,40,57,30,28
1,<environment.Job instance at 0x7f89c0894fa0>,19,18,[6 5],20,40,58,20,29
1,<environment.Job instance at 0x7f89c0894cd0>,25,18,[1 6],26,58,76,32,47
1,<environment.Job instance at 0x7f89c08947d0>,28,12,[2 5],29,76,88,47,59
1,<environment.Job instance at 0x7f89c0894910>,29,17,[5 2],30,60,77,30,60
1,<environment.Job instance at 0x7f89c094aaf0>,33,18,[8 3],34,77,95,43,67
1,<environment.Job instance at 0x7f897c3a2690>,38,2,[4 8],39,95,97,56,71
1,<environment.Job instance at 0x7f89c0792f50>,10,13,[ 2 10],11,97,110,86,81
1,<environment.Job instance at 0x7f897c3b0f50>,48,13,[5 2],49,110,123,61,95
1,<environment.Job instance at 0x7f89c094abe0>,32,17,[4 8],33,110,127,77,98
1,<environment.Job instance at 0x7f897c3b08c0>,54,13,[2 5],55,127,140,72,114
1,<environment.Job instance at 0x7f89c0894370>,20,15,[5 5],21,127,142,106,115
1,<environment.Job instance at 0x7f897c3b0910>,51,17,[9 5],52,142,159,90,130
1,<environment.Job instance at 0x7f897c3b0fa0>,62,12,[2 8],63,159,171,96,142
1,<environment.Job instance at 0x7f89c0c12c30>,64,15,[5 2],65,159,174,94,145
1,<environment.Job instance at 0x7f897c3b0d20>,59,14,[9 3],60,174,188,114,160
1,<environment.Job instance at 0x7f89c0f1a5a0>,77,24,[2 9],78,188,212,110,188
1,<environment.Job instance at 0x7f897c3b0370>,55,16,[ 4 10],56,227,243,171,227
1,<environment.Job instance at 0x7f89c0074640>,86,2,[4 9],87,243,245,156,230
1,<environment.Job instance at 0x7f89c0c12b90>,69,16,[ 5 10],70,245,261,175,234
1,<environment.Job instance at 0x7f89c0074870>,89,1,[5 9],90,261,262,171,234
1,<environment.Job instance at 0x7f89c00743c0>,95,12,[9 1],96,273,285,177,273
1,<environment.Job instance at 0x7f89c0074fa0>,94,13,[8 2],95,285,298,190,277
1,<environment.Job instance at 0x7f897c8cbd70>,99,1,[10  4],100,298,299,198,278
1,<environment.Job instance at 0x7f897c8cb7d0>,100,1,[4 7],101,299,300,198,278
1,<environment.Job instance at 0x7f897c8cbe60>,101,14,[1 6],102,278,292,176,278
1,<environment.Job instance at 0x7f897c8cb780>,104,1,[6 1],105,299,300,194,288
1,<environment.Job instance at 0x7f89c0074cd0>,97,17,[ 3 10],98,300,317,202,289
1,<environment.Job instance at 0x7f897c8cb0f0>,107,15,[5 8],108,317,332,209,303
1,<environment.Job instance at 0x7f89c058e730>,4,2,[2 7],5,6,8,1,6
1,<environment.Job instance at 0x7f89c031daa0>,7,2,[8 4],8,8,10,0,8
1,<environment.Job instance at 0x7f89c0808a50>,6,13,[3 5],7,10,23,3,9
1,<environment.Job instance at 0x7f89c02f1500>,10,1,[ 5 10],11,23,24,12,11
1,<environment.Job instance at 0x7f89c02f14b0>,11,2,[3 6],12,24,26,12,12
1,<environment.Job instance at 0x7f89c02f16e0>,12,15,[6 1],13,24,39,11,13
1,<environment.Job instance at 0x7f89c02e05f0>,14,13,[2 9],15,26,39,11,23
1,<environment.Job instance at 0x7f89c02f1910>,13,13,[6 3],14,39,52,25,23
1,<environment.Job instance at 0x7f89c02f1050>,22,17,[9 5],23,52,69,29,40
1,<environment.Job instance at 0x7f89c0316f50>,32,1,[4 6],33,43,44,10,43
1,<environment.Job instance at 0x7f89c0316fa0>,36,1,[3 8],37,69,70,32,55
1,<environment.Job instance at 0x7f89c03167d0>,38,3,[4 9],39,75,78,36,75
1,<environment.Job instance at 0x7f89c0316820>,39,3,[7 4],40,78,81,38,75
1,<environment.Job instance at 0x7f89c0328aa0>,42,17,[7 2],43,81,98,38,75
1,<environment.Job instance at 0x7f89c03284b0>,46,12,[ 4 10],47,98,110,51,86
1,<environment.Job instance at 0x7f89c0328460>,48,18,[8 3],49,110,128,61,99
1,<environment.Job instance at 0x7f89c032d2d0>,54,12,[7 2],55,128,140,73,113
1,<environment.Job instance at 0x7f89c032df00>,56,2,[ 1 10],57,140,142,83,114
1,<environment.Job instance at 0x7f89c032df50>,59,1,[7 1],60,715,716,655,715
1,<environment.Job instance at 0x7f89c0302140>,60,16,[5 1],61,716,732,655,715
1,<environment.Job instance at 0x7f89c03023c0>,61,2,[9 4],62,732,734,670,715
1,<environment.Job instance at 0x7f89c0302f00>,65,3,[7 4],66,734,737,668,715
1,<environment.Job instance at 0x7f89c03020f0>,74,3,[7 2],75,742,745,667,742
1,<environment.Job instance at 0x7f89c0302870>,75,3,[1 8],76,742,745,666,742
1,<environment.Job instance at 0x7f89c0318f50>,76,1,[5 8],77,745,746,668,742
1,<environment.Job instance at 0x7f89c0302a00>,77,16,[6 5],78,746,762,668,742
1,<environment.Job instance at 0x7f89c0318dc0>,79,12,[ 5 10],80,762,774,682,746
1,<environment.Job instance at 0x7f89c0318e60>,81,12,[7 5],82,774,786,692,762
1,<environment.Job instance at 0x7f89c03185f0>,84,14,[3 5],85,774,788,689,773
1,<environment.Job instance at 0x7f89c0318370>,85,17,[10  2],86,788,805,702,776
1,<environment.Job instance at 0x7f89c0318140>,89,12,[6 2],90,805,817,715,788
1,<environment.Job instance at 0x7f89c03180f0>,95,13,[6 4],96,817,830,721,801
1,<environment.Job instance at 0x7f17cf3ab190>,5,2,[1 5],6,7,9,1,7
1,<environment.Job instance at 0x7f17cf3ab280>,0,13,[9 3],1,22,35,21,22
1,<environment.Job instance at 0x7f17c9f9b870>,10,12,[3 7],11,35,47,24,22
1,<environment.Job instance at 0x7f17c9f9bc80>,14,13,[7 3],15,35,48,20,22
1,<environment.Job instance at 0x7f17c9f9be60>,17,3,[4 9],18,48,51,30,23
1,<environment.Job instance at 0x7f17c9f9e3c0>,22,1,[2 7],23,47,48,24,27
1,<environment.Job instance at 0x7f17c9f9b8c0>,11,15,[4 8],12,51,66,39,50
1,<environment.Job instance at 0x7f17c9f9ebe0>,29,12,[5 4],30,66,78,36,51
1,<environment.Job instance at 0x7f17c9f9ec80>,30,14,[5 2],31,51,65,20,51
1,<environment.Job instance at 0x7f17c9f9ed20>,31,14,[2 5],32,66,80,34,51
1,<environment.Job instance at 0x7f17c9f9edc0>,32,3,[5 1],33,78,81,45,52
1,<environment.Job instance at 0x7f17c9f9ee60>,33,14,[5 5],34,80,94,46,72
1,<environment.Job instance at 0x7f17c9f9f140>,37,2,[2 6],38,94,96,56,73
1,<environment.Job instance at 0x7f17c9f9f280>,39,2,[5 6],40,96,98,56,75
1,<environment.Job instance at 0x7f17c9f9bbe0>,13,18,[ 4 10],14,98,116,84,87
1,<environment.Job instance at 0x7f17c9f9f640>,45,13,[6 5],46,116,129,70,101
1,<environment.Job instance at 0x7f17c9f9f780>,47,2,[6 5],48,129,131,81,108
1,<environment.Job instance at 0x7f17c9f9f820>,48,15,[10  1],49,131,146,82,117
1,<environment.Job instance at 0x7f17c9f9ef50>,35,15,[9 5],36,146,161,110,134
1,<environment.Job instance at 0x7f17c9fa22d0>,3,3,[1 9],4,5,8,1,5
1,<environment.Job instance at 0x7f17c9f9fd70>,1,15,[10  4],2,8,23,6,7
1,<environment.Job instance at 0x7f17c9fb4190>,6,1,[6 3],7,23,24,16,10
1,<environment.Job instance at 0x7f17c9fb4c80>,7,3,[4 5],8,23,26,15,10
1,<environment.Job instance at 0x7f17c9fb4d20>,8,14,[9 5],9,26,40,17,11
1,<environment.Job instance at 0x7f17c9fb6af0>,20,2,[9 5],21,40,42,19,25
1,<environment.Job instance at 0x7f17c9fb6cd0>,21,2,[5 5],22,42,44,20,26
1,<environment.Job instance at 0x7f17c9fb6730>,22,1,[6 4],23,44,45,21,26
1,<environment.Job instance at 0x7f17c9fa2190>,2,14,[1 8],3,45,59,42,34
1,<environment.Job instance at 0x7f17c9fbcbe0>,29,14,[2 6],30,59,73,29,52
1,<environment.Job instance at 0x7f17c9fbc460>,30,1,[5 8],31,73,74,42,53
1,<environment.Job instance at 0x7f17c9fbcaf0>,31,13,[8 5],32,74,87,42,58
1,<environment.Job instance at 0x7f17c9fbce60>,33,2,[7 3],34,59,61,25,58
1,<environment.Job instance at 0x7f17c9fbcaa0>,35,2,[5 2],36,61,63,25,61
1,<environment.Job instance at 0x7f17c9fbe280>,39,12,[9 3],40,87,99,47,71
1,<environment.Job instance at 0x7f1784377a00>,43,2,[8 3],44,99,101,55,81
1,<environment.Job instance at 0x7f1784377690>,46,14,[5 5],47,101,115,54,86
1,<environment.Job instance at 0x7f17843967d0>,50,13,[10  5],51,115,128,64,99
1,<environment.Job instance at 0x7f1784396af0>,52,14,[2 7],53,128,142,75,113
1,<environment.Job instance at 0x7f178439f8c0>,55,14,[10  2],56,142,156,86,127
1,<environment.Job instance at 0x7f178439f5f0>,59,2,[10  4],60,156,158,96,129
1,<environment.Job instance at 0x7f1784397b90>,65,2,[5 5],66,158,160,92,139
1,<environment.Job instance at 0x7f17843970f0>,66,12,[ 3 10],67,160,172,93,143
1,<environment.Job instance at 0x7f1784323b90>,71,18,[2 8],72,172,190,100,161
1,<environment.Job instance at 0x7f17843235f0>,74,16,[9 4],75,190,206,115,180
1,<environment.Job instance at 0x7f17843239b0>,76,14,[10  1],77,206,220,129,192
1,<environment.Job instance at 0x7f1784323410>,79,13,[6 3],80,220,233,140,206
1,<environment.Job instance at 0x7f1784321500>,80,13,[7 4],81,233,246,152,217
1,<environment.Job instance at 0x7f1784321aa0>,84,3,[4 7],85,220,223,135,217
1,<environment.Job instance at 0x7f1784321be0>,87,3,[1 6],88,223,226,135,217
1,<environment.Job instance at 0x7f1784322af0>,89,2,[5 8],90,246,248,156,226
1,<environment.Job instance at 0x7f17843227d0>,91,2,[9 5],92,248,250,156,233
1,<environment.Job instance at 0x7f1784322c30>,92,2,[9 3],93,250,252,157,233
1,<environment.Job instance at 0x7f1784219c30>,41,17,[10  2],42,252,269,210,240
1,<environment.Job instance at 0x7f1784402fa0>,96,16,[7 4],97,269,285,172,256
1,<environment.Job instance at 0x7f17843b3f00>,103,12,[9 1],104,285,297,181,276
1,<environment.Job instance at 0x7f17843b8280>,106,3,[9 1],107,297,300,190,290
1,<environment.Job instance at 0x7f17843b8b40>,108,18,[4 5],109,300,318,191,294
1,<environment.Job instance at 0x7f17cf5250a0>,117,13,[9 2],118,318,331,200,306
1,<environment.Job instance at 0x7f1784335050>,118,15,[3 6],119,331,346,212,322
1,<environment.Job instance at 0x7f17cf5135a0>,127,18,[5 9],128,404,422,276,404
1,<environment.Job instance at 0x7f17cf520320>,128,13,[5 1],129,408,421,279,408
1,<environment.Job instance at 0x7f178444deb0>,4,17,[9 4],5,5,22,0,5
1,<environment.Job instance at 0x7f178443b5f0>,6,2,[5 5],7,22,24,15,8
1,<environment.Job instance at 0x7f17c9fb49b0>,7,13,[1 9],8,24,37,16,9
1,<environment.Job instance at 0x7f1784200460>,10,1,[ 1 10],11,37,38,26,12
1,<environment.Job instance at 0x7f1784200d20>,12,1,[5 9],13,38,39,25,13
1,<environment.Job instance at 0x7f1784202280>,15,3,[5 2],16,39,42,23,16
1,<environment.Job instance at 0x7f17842025a0>,17,1,[8 5],18,42,43,24,18
1,<environment.Job instance at 0x7f17842028c0>,16,3,[ 5 10],17,43,46,26,20
1,<environment.Job instance at 0x7f1784202fa0>,21,2,[1 7],22,39,41,17,23
1,<environment.Job instance at 0x7f17ca1f59b0>,20,12,[9 2],21,46,58,25,31
1,<environment.Job instance at 0x7f17c9e352d0>,25,12,[2 6],26,58,70,32,41
1,<environment.Job instance at 0x7f17841ebaf0>,0,15,[8 2],1,58,73,57,50
1,<environment.Job instance at 0x7f17c9def9b0>,29,15,[ 3 10],30,95,110,65,95
1,<environment.Job instance at 0x7f17cf511d70>,37,1,[4 5],38,110,111,72,96
1,<environment.Job instance at 0x7f17cf511dc0>,38,1,[2 9],39,111,112,72,96
1,<environment.Job instance at 0x7f17842c6780>,40,15,[7 1],41,111,126,70,97
1,<environment.Job instance at 0x7f178425fa00>,26,15,[2 7],27,112,127,85,99
1,<environment.Job instance at 0x7f17842c6b90>,43,3,[3 5],44,127,130,83,107
1,<environment.Job instance at 0x7f17842c6820>,44,14,[1 5],45,127,141,82,113
1,<environment.Job instance at 0x7f17841ffbe0>,36,16,[ 5 10],37,141,157,104,129
1,<environment.Job instance at 0x7f178437a2d0>,50,14,[8 3],51,157,171,106,142
1,<environment.Job instance at 0x7f17842c6910>,41,17,[10  3],42,171,188,129,159
1,<environment.Job instance at 0x7f178437ae60>,57,16,[9 4],58,188,204,130,175
1,<environment.Job instance at 0x7f17cf515c30>,62,12,[3 8],63,204,216,141,190
1,<environment.Job instance at 0x7f17cf5150f0>,65,3,[3 8],66,216,219,150,200
1,<environment.Job instance at 0x7f17cf515d20>,67,15,[5 3],68,219,234,151,205
1,<environment.Job instance at 0x7f17ca4fb230>,68,18,[1 5],69,219,237,150,208
1,<environment.Job instance at 0x7f17cf523230>,69,2,[8 2],70,234,236,164,208
1,<environment.Job instance at 0x7f17cf523460>,71,1,[ 4 10],72,237,238,165,209
1,<environment.Job instance at 0x7f17cf3d3af0>,76,3,[2 8],77,238,241,161,220
1,<environment.Job instance at 0x7f17cf51a8c0>,77,1,[5 5],78,236,237,158,220
1,<environment.Job instance at 0x7f17cf51abe0>,78,2,[6 3],79,241,243,162,220
1,<environment.Job instance at 0x7f17cf51af00>,79,3,[7 2],80,238,241,158,220
1,<environment.Job instance at 0x7f17c9e3b780>,80,14,[7 5],81,243,257,162,228
1,<environment.Job instance at 0x7f17c9d7a820>,85,16,[10  4],86,257,273,171,246
1,<environment.Job instance at 0x7f17c9d5c9b0>,88,14,[7 5],89,273,287,184,258
1,<environment.Job instance at 0x7f17ca4152d0>,94,17,[7 2],95,287,304,192,275
1,<environment.Job instance at 0x7f17c9d88eb0>,97,15,[2 9],98,304,319,206,290
1,<environment.Job instance at 0x7f1784627d70>,2,3,[ 4 10],3,6,9,3,6
1,<environment.Job instance at 0x7f17cf42efa0>,4,3,[6 1],5,9,12,4,7
1,<environment.Job instance at 0x7f17ca12ab90>,8,17,[7 4],9,12,29,3,10
1,<environment.Job instance at 0x7f1789dd3d70>,11,3,[9 2],12,29,32,17,12
1,<environment.Job instance at 0x7f17c9d7c910>,13,2,[9 1],14,32,34,18,15
1,<environment.Job instance at 0x7f17caa20730>,14,2,[1 8],15,29,31,14,15
1,<environment.Job instance at 0x7f1784882dc0>,17,2,[2 8],18,34,36,16,28
1,<environment.Job instance at 0x7f17ca759b90>,10,12,[8 5],11,36,48,25,28
1,<environment.Job instance at 0x7f17847e1190>,21,3,[ 4 10],22,48,51,26,34
1,<environment.Job instance at 0x7f17842e6fa0>,23,1,[3 5],24,51,52,27,50
1,<environment.Job instance at 0x7f17c9e3b4b0>,24,17,[8 5],25,52,69,27,50
1,<environment.Job instance at 0x7f17c9e3b320>,25,2,[6 3],26,69,71,43,51
1,<environment.Job instance at 0x7f17841eb370>,26,2,[3 8],27,71,73,44,51
1,<environment.Job instance at 0x7f17ca2c6190>,29,13,[1 9],30,80,93,50,80
1,<environment.Job instance at 0x7f17ca6deaf0>,32,2,[9 3],33,93,95,60,80
1,<environment.Job instance at 0x7f17ca6dee10>,33,12,[1 8],34,95,107,61,82
1,<environment.Job instance at 0x7f17ca37d2d0>,35,3,[1 5],36,107,110,71,82
1,<environment.Job instance at 0x7f17ca12bc80>,36,3,[9 3],37,107,110,70,82
1,<environment.Job instance at 0x7f17cf3ce0f0>,38,14,[10  3],39,110,124,71,97
1,<environment.Job instance at 0x7f17cf3ce5f0>,41,18,[2 9],42,124,142,82,113
1,<environment.Job instance at 0x7f17ca034190>,43,13,[6 5],44,142,155,98,126
1,<environment.Job instance at 0x7f17caa1d050>,49,15,[9 5],50,155,170,105,141
1,<environment.Job instance at 0x7f17ca1fe2d0>,53,18,[5 9],54,170,188,116,161
1,<environment.Job instance at 0x7f17ca0a0d70>,60,12,[2 5],61,188,200,127,171
1,<environment.Job instance at 0x7f17ca0a04b0>,61,16,[6 5],62,188,204,126,175
1,<environment.Job instance at 0x7f17ca0c4410>,64,1,[5 8],65,204,205,139,178
1,<environment.Job instance at 0x7f17ca256280>,65,12,[2 9],66,205,217,139,188
1,<environment.Job instance at 0x7f17ca256eb0>,67,2,[2 8],68,217,219,149,191
1,<environment.Job instance at 0x7f17ca2568c0>,68,3,[5 9],69,219,222,150,193
1,<environment.Job instance at 0x7f17ca256e10>,71,18,[8 4],72,222,240,150,211
1,<environment.Job instance at 0x7f17ca057a00>,74,17,[3 9],75,240,257,165,228
1,<environment.Job instance at 0x7f17c9fdc460>,79,15,[7 1],80,240,255,160,229
1,<environment.Job instance at 0x7f17c9fdc0a0>,80,14,[6 4],81,257,271,176,242
1,<environment.Job instance at 0x7f17845d4640>,6,18,[4 6],7,257,275,250,249
1,<environment.Job instance at 0x7f17ca6662d0>,81,18,[3 6],82,275,293,193,267
1,<environment.Job instance at 0x7f17ca2cb410>,89,18,[7 5],90,293,311,203,282
1,<environment.Job instance at 0x7f17ca004780>,92,16,[9 2],93,311,327,218,298
1,<environment.Job instance at 0x7f17ca0044b0>,95,18,[7 5],96,327,345,231,318
1,<environment.Job instance at 0x7f17ca004a50>,98,17,[10  3],99,349,366,250,349
1,<environment.Job instance at 0x7f17ca051280>,102,18,[5 1],103,369,387,266,369
1,<environment.Job instance at 0x7f17ca051550>,103,2,[5 6],104,370,372,266,370
1,<environment.Job instance at 0x7f17ca1b20a0>,104,2,[2 5],105,372,374,267,370
1,<environment.Job instance at 0x7f17ca1b2d20>,105,3,[6 5],106,387,390,281,370
1,<environment.Job instance at 0x7f17ca1b2820>,106,3,[8 2],107,390,393,283,370
1,<environment.Job instance at 0x7f17c9f830a0>,109,15,[ 1 10],110,406,421,296,406
1,<environment.Job instance at 0x7f17c9f83730>,110,14,[3 6],111,421,435,310,411
1,<environment.Job instance at 0x7f17c9f831e0>,114,12,[4 6],115,435,447,320,418
1,<environment.Job instance at 0x7f17c9f83910>,117,18,[1 7],118,675,693,557,675
1,<environment.Job instance at 0x7f17ca259730>,1,13,[1 7],2,3,16,1,3
1,<environment.Job instance at 0x7f17c9f83910>,4,2,[4 6],5,16,18,11,6
1,<environment.Job instance at 0x7f17846a03c0>,6,12,[7 1],7,18,30,11,9
1,<environment.Job instance at 0x7f17ca665230>,12,3,[6 4],13,30,33,17,13
1,<environment.Job instance at 0x7f178461be10>,11,1,[10  4],12,33,34,21,14
1,<environment.Job instance at 0x7f178457dd20>,9,3,[5 1],10,34,37,24,17
1,<environment.Job instance at 0x7f17c9ff0f50>,17,1,[9 4],18,37,38,19,18
1,<environment.Job instance at 0x7f17c9ff05a0>,19,14,[3 7],20,38,52,18,24
1,<environment.Job instance at 0x7f17ca5f2730>,26,2,[3 9],27,34,36,7,34
1,<environment.Job instance at 0x7f17ca5d13c0>,14,15,[9 1],15,52,67,37,38
1,<environment.Job instance at 0x7f17ca5f2050>,31,2,[5 1],32,38,40,6,38
1,<environment.Job instance at 0x7f17ca5f2c30>,33,1,[7 2],34,47,48,13,47
1,<environment.Job instance at 0x7f17c9ff0780>,18,17,[5 5],19,67,84,48,55
1,<environment.Job instance at 0x7f17c9ffe820>,38,1,[ 3 10],39,84,85,45,65
1,<environment.Job instance at 0x7f17c9ffe730>,34,15,[10  3],35,85,100,50,71
1,<environment.Job instance at 0x7f17c9ffe0a0>,43,17,[8 5],44,100,117,56,88
1,<environment.Job instance at 0x7f17c9ffe550>,39,17,[5 9],40,214,231,174,214
1,<environment.Job instance at 0x7f17846757d0>,48,16,[ 5 10],49,263,279,214,263
1,<environment.Job instance at 0x7f17ca3f2280>,49,18,[7 3],50,279,297,229,269
1,<environment.Job instance at 0x7f17c9d90410>,52,2,[5 8],53,297,299,244,275
1,<environment.Job instance at 0x7f1784675370>,53,12,[4 6],54,299,311,245,284
1,<environment.Job instance at 0x7f17846756e0>,54,3,[6 4],55,299,302,244,285
1,<environment.Job instance at 0x7f17c9dd2c30>,55,13,[2 6],56,311,324,255,296
1,<environment.Job instance at 0x7f17caa79910>,59,3,[ 5 10],60,324,327,264,298
1,<environment.Job instance at 0x7f17caa702d0>,62,18,[5 9],63,327,345,264,323
1,<environment.Job instance at 0x7f1784591d20>,63,16,[6 5],64,345,361,281,341
1,<environment.Job instance at 0x7f17caa70dc0>,64,2,[ 2 10],65,361,363,296,341
1,<environment.Job instance at 0x7f17c9e362d0>,68,18,[1 9],69,368,386,299,368
1,<environment.Job instance at 0x7f17c9e36a50>,69,15,[6 3],70,386,401,316,372
1,<environment.Job instance at 0x7f17caa8e5a0>,70,15,[3 9],71,433,448,362,433
1,<environment.Job instance at 0x7f17caa8e320>,71,2,[9 5],72,448,450,376,433
1,<environment.Job instance at 0x7f17caa8e820>,73,12,[6 2],74,450,462,376,438
1,<environment.Job instance at 0x7f17caa8ee60>,74,17,[9 5],75,469,486,394,469
1,<environment.Job instance at 0x7f17caa8eaf0>,75,16,[5 3],76,486,502,410,483
1,<environment.Job instance at 0x7f17c9d97500>,78,14,[9 4],79,530,544,451,530
1,<environment.Job instance at 0x7f17caa8eaa0>,79,13,[3 6],80,544,557,464,535
1,<environment.Job instance at 0x7f17caa930f0>,81,14,[4 6],82,557,571,475,542
1,<environment.Job instance at 0x7f17ca5d1b40>,2,2,[ 2 10],3,3,5,0,3
1,<environment.Job instance at 0x7f17caa933c0>,4,2,[4 6],5,5,7,0,5
1,<environment.Job instance at 0x7f17c9fd3f00>,5,2,[10  5],6,7,9,1,6
1,<environment.Job instance at 0x7f17c9eff5a0>,15,13,[1 5],16,16,29,0,16
1,<environment.Job instance at 0x7f17caa50500>,13,15,[10  4],14,29,44,15,17
1,<environment.Job instance at 0x7f17c9eff280>,21,13,[5 8],22,44,57,22,31
1,<environment.Job instance at 0x7f17c9ff0320>,9,17,[9 4],10,57,74,47,46
1,<environment.Job instance at 0x7f17c9effc80>,27,15,[ 5 10],28,74,89,46,61
1,<environment.Job instance at 0x7f17c9effeb0>,22,18,[9 4],23,89,107,66,78
1,<environment.Job instance at 0x7f17c9f229b0>,35,16,[4 6],36,107,123,71,94
1,<environment.Job instance at 0x7f17c9f22910>,39,16,[2 8],40,123,139,83,110
1,<environment.Job instance at 0x7f17c9f22eb0>,43,18,[ 5 10],44,139,157,95,128
1,<environment.Job instance at 0x7f17caa3ec80>,49,12,[5 7],50,157,169,107,145
1,<environment.Job instance at 0x7f17c9f22f00>,36,18,[9 4],37,169,187,132,158
1,<environment.Job instance at 0x7f17caa3e640>,57,16,[1 5],58,175,191,117,175
1,<environment.Job instance at 0x7f17caa3e910>,60,13,[9 3],61,187,200,126,177
1,<environment.Job instance at 0x7f17caa3e780>,61,16,[2 7],62,200,216,138,187
1,<environment.Job instance at 0x7f17c9f03910>,63,13,[6 5],64,216,229,152,202
1,<environment.Job instance at 0x7f17c9f031e0>,65,15,[9 1],66,229,244,163,216
1,<environment.Job instance at 0x7f17c9f03b90>,72,17,[1 7],73,229,246,156,222
1,<environment.Job instance at 0x7f17c9f03410>,73,17,[6 4],74,246,263,172,234
1,<environment.Job instance at 0x7f17c9f03500>,75,16,[1 6],76,246,262,170,234
1,<environment.Job instance at 0x7f17c9f03c80>,70,16,[2 8],71,263,279,192,250
1,<environment.Job instance at 0x7f17ca665b40>,0,15,[ 4 10],1,279,294,278,265
1,<environment.Job instance at 0x7f17c9f34f00>,83,12,[4 9],84,294,306,210,282
1,<environment.Job instance at 0x7f17c9f34e10>,85,3,[1 6],86,306,309,220,282
1,<environment.Job instance at 0x7f17c9f341e0>,90,3,[7 3],91,306,309,215,286
1,<environment.Job instance at 0x7f17c9f34050>,91,13,[ 3 10],92,309,322,217,294
1,<environment.Job instance at 0x7f17c9f344b0>,93,13,[1 7],94,322,335,228,308
1,<environment.Job instance at 0x7f17ca1085a0>,96,16,[6 1],97,322,338,225,316
1,<environment.Job instance at 0x7f17caa25960>,101,15,[9 5],102,338,353,236,324
1,<environment.Job instance at 0x7f17841b5be0>,100,16,[5 9],101,353,369,252,342
1,<environment.Job instance at 0x7f17ca426870>,108,14,[8 1],109,369,383,260,354
1,<environment.Job instance at 0x7f17ca191190>,110,18,[5 8],111,383,401,272,372
1,<environment.Job instance at 0x7f17c9ff3050>,114,14,[10  1],115,401,415,286,386
1,<environment.Job instance at 0x7f1784654280>,119,13,[ 2 10],120,415,428,295,399
1,<environment.Job instance at 0x7f17ca8b1410>,121,15,[7 5],122,428,443,306,414
1,<environment.Job instance at 0x7f17ca5d1730>,3,14,[5 5],4,4,18,0,4
1,<environment.Job instance at 0x7f17847bf960>,6,13,[3 7],7,18,31,11,8
1,<environment.Job instance at 0x7f17cab49820>,9,3,[10  2],10,31,34,21,11
1,<environment.Job instance at 0x7f178457e0a0>,1,18,[3 7],2,34,52,32,25
1,<environment.Job instance at 0x7f17cf07f0f0>,12,3,[10  5],13,52,55,39,26
1,<environment.Job instance at 0x7f17ca0ab730>,15,12,[ 3 10],16,55,67,39,39
1,<environment.Job instance at 0x7f17ca0abc30>,17,2,[3 7],18,67,69,49,40
1,<environment.Job instance at 0x7f17ca0ab460>,18,12,[10  1],19,69,81,50,53
1,<environment.Job instance at 0x7f17ca0ab820>,21,2,[5 5],22,81,83,59,59
1,<environment.Job instance at 0x7f17ca0abbe0>,20,16,[9 2],21,83,99,62,73
1,<environment.Job instance at 0x7f17c9d24500>,8,16,[1 6],9,83,99,74,78
1,<environment.Job instance at 0x7f17ca8c2050>,27,17,[8 2],28,99,116,71,91
1,<environment.Job instance at 0x7f17c9ef2b40>,28,17,[1 6],29,99,116,70,91
1,<environment.Job instance at 0x7f17ca9cba00>,32,15,[2 9],33,116,131,83,103
1,<environment.Job instance at 0x7f17c9d1d190>,37,16,[3 5],38,131,147,93,118
1,<environment.Job instance at 0x7f17cab954b0>,40,13,[6 4],41,131,144,90,121
1,<environment.Job instance at 0x7f17c9d1d690>,43,18,[ 2 10],44,151,169,107,151
1,<environment.Job instance at 0x7f17ca629550>,44,17,[8 3],45,169,186,124,159
1,<environment.Job instance at 0x7f17ca629690>,47,17,[7 4],48,186,203,138,181
1,<environment.Job instance at 0x7f17c9f265f0>,48,15,[8 3],49,203,218,154,190
1,<environment.Job instance at 0x7f17c9f26dc0>,49,16,[10  5],50,260,276,210,260
1,<environment.Job instance at 0x7f17c9f26b90>,51,16,[5 3],52,276,292,224,264
1,<environment.Job instance at 0x7f17ca79d820>,55,17,[ 2 10],56,401,418,345,401
1,<environment.Job instance at 0x7f17ca79d050>,56,3,[6 2],57,418,421,361,401
1,<environment.Job instance at 0x7f178439c7d0>,60,18,[9 2],61,421,439,360,414
1,<environment.Job instance at 0x7f17c9ea09b0>,63,14,[5 5],64,439,453,375,424
1,<environment.Job instance at 0x7f1784849640>,4,1,[1 7],5,5,6,0,5
1,<environment.Job instance at 0x7f1784849050>,2,19,[6 2],3,5,24,2,5
1,<environment.Job instance at 0x7f17845249b0>,10,14,[2 6],11,13,27,2,13
1,<environment.Job instance at 0x7f17c9d5fcd0>,9,13,[7 2],10,24,37,14,14
1,<environment.Job instance at 0x7f17cf511a00>,13,16,[3 8],14,27,43,13,14
1,<environment.Job instance at 0x7f17ca43e5a0>,20,3,[9 2],21,43,46,22,33
1,<environment.Job instance at 0x7f17ca43ee60>,21,3,[2 9],22,46,49,24,33
1,<environment.Job instance at 0x7f17ca43e5f0>,22,3,[10  3],23,49,52,26,33
1,<environment.Job instance at 0x7f17ca43efa0>,24,15,[3 5],25,52,67,27,39
1,<environment.Job instance at 0x7f17ca43eeb0>,19,3,[2 9],20,67,70,47,44
1,<environment.Job instance at 0x7f17ca43e0a0>,27,1,[9 1],28,70,71,42,51
1,<environment.Job instance at 0x7f17ca19f320>,30,2,[7 4],31,62,64,31,62
1,<environment.Job instance at 0x7f17ca19f410>,31,16,[6 5],32,71,87,39,63
1,<environment.Job instance at 0x7f17ca19f690>,35,16,[6 5],36,87,103,51,78
1,<environment.Job instance at 0x7f17ca43e1e0>,25,18,[5 8],26,103,121,77,92
1,<environment.Job instance at 0x7f17ca57b9b0>,40,15,[5 1],41,103,118,62,99
1,<environment.Job instance at 0x7f17ca57ba00>,41,13,[5 2],42,118,131,76,102
1,<environment.Job instance at 0x7f17ca380280>,47,3,[4 5],48,121,124,73,103
1,<environment.Job instance at 0x7f17843a0e60>,48,14,[7 2],49,131,145,82,116
1,<environment.Job instance at 0x7f1784391320>,54,17,[3 7],55,128,145,73,128
1,<environment.Job instance at 0x7f1784391280>,53,14,[4 8],54,145,159,91,131
1,<environment.Job instance at 0x7f17843916e0>,60,18,[5 5],61,159,177,98,148
1,<environment.Job instance at 0x7f1784391be0>,66,12,[8 3],67,177,189,110,165
1,<environment.Job instance at 0x7f1784391fa0>,71,13,[9 1],72,189,202,117,174
1,<environment.Job instance at 0x7f1784391140>,61,14,[ 1 10],62,202,216,140,187
1,<environment.Job instance at 0x7f178437e780>,82,18,[9 2],83,216,234,133,206
1,<environment.Job instance at 0x7f178437e960>,85,14,[6 3],86,234,248,148,219
1,<environment.Job instance at 0x7f178437eeb0>,96,18,[ 2 10],97,248,266,151,238
1,<environment.Job instance at 0x7f17843690f0>,98,14,[9 5],99,266,280,167,254
1,<environment.Job instance at 0x7f1784369410>,101,15,[7 3],102,280,295,178,266
1,<environment.Job instance at 0x7f1784369870>,102,17,[1 5],103,266,283,163,266
1,<environment.Job instance at 0x7f1784369d70>,110,18,[5 4],111,322,340,211,322
1,<environment.Job instance at 0x7f17843698c0>,114,16,[8 1],115,340,356,225,327
1,<environment.Job instance at 0x7f17c9ede8c0>,7,2,[3 8],8,8,10,0,8
1,<environment.Job instance at 0x7f1784520870>,11,3,[1 8],12,24,27,12,24
1,<environment.Job instance at 0x7f17c9f0ddc0>,14,15,[5 3],15,27,42,12,24
1,<environment.Job instance at 0x7f17c9f0dd70>,16,1,[9 3],17,42,43,25,28
1,<environment.Job instance at 0x7f17c9f0d9b0>,17,12,[9 2],18,43,55,25,28
1,<environment.Job instance at 0x7f17c9f0d5a0>,18,3,[5 8],19,55,58,36,29
1,<environment.Job instance at 0x7f17c9f6ffa0>,20,13,[10  5],21,58,71,37,42
1,<environment.Job instance at 0x7f1784293460>,28,2,[5 7],29,71,73,42,56
1,<environment.Job instance at 0x7f17c9f6f550>,21,12,[8 2],22,73,85,51,60
1,<environment.Job instance at 0x7f17c9f0d6e0>,13,17,[ 4 10],14,85,102,71,74
1,<environment.Job instance at 0x7f178463b0f0>,34,13,[1 9],35,102,115,67,87
1,<environment.Job instance at 0x7f17842c21e0>,36,18,[7 1],37,102,120,65,91
1,<environment.Job instance at 0x7f178481eeb0>,42,13,[1 9],43,115,128,72,99
1,<environment.Job instance at 0x7f17848ae870>,43,3,[9 4],44,128,131,84,102
1,<environment.Job instance at 0x7f17847efb90>,45,2,[1 9],46,131,133,85,106
1,<environment.Job instance at 0x7f17847ef4b0>,46,16,[9 3],47,133,149,86,120
1,<environment.Job instance at 0x7f17ca88b460>,51,14,[3 5],52,149,163,97,134
1,<environment.Job instance at 0x7f17ca38b2d0>,57,17,[4 6],58,163,180,105,151
1,<environment.Job instance at 0x7f17c9d5f370>,60,18,[3 6],61,180,198,119,169
1,<environment.Job instance at 0x7f17ca845f00>,63,13,[6 4],64,169,182,105,169
1,<environment.Job instance at 0x7f1784818b90>,67,13,[7 1],68,182,195,114,181
1,<environment.Job instance at 0x7f17ca845500>,69,12,[4 8],70,198,210,128,181
1,<environment.Job instance at 0x7f17ca92ea00>,70,14,[1 9],71,210,224,139,196
1,<environment.Job instance at 0x7f17ca92e280>,72,12,[1 7],73,224,236,151,207
1,<environment.Job instance at 0x7f17c9d5f910>,62,16,[1 9],63,236,252,173,223
1,<environment.Job instance at 0x7f17ca92e6e0>,80,14,[3 5],81,252,266,171,237
1,<environment.Job instance at 0x7f17ca92e050>,84,12,[7 2],85,252,264,167,237
1,<environment.Job instance at 0x7f17ca92ef00>,85,17,[ 5 10],86,267,284,181,267
1,<environment.Job instance at 0x7f17ca92ee10>,86,12,[5 6],87,284,296,197,267
1,<environment.Job instance at 0x7f17ca37c0f0>,92,16,[5 3],93,284,300,191,279
1,<environment.Job instance at 0x7f17ca37c050>,94,16,[8 5],95,303,319,208,303
1,<environment.Job instance at 0x7f17ca37c230>,97,14,[ 5 10],98,319,333,221,304
1,<environment.Job instance at 0x7f17ca37c140>,99,16,[6 2],100,333,349,233,320
1,<environment.Job instance at 0x7f17ca37c7d0>,101,12,[2 5],102,333,345,231,320
1,<environment.Job instance at 0x7f17caab34b0>,108,13,[5 7],109,349,362,240,334
1,<environment.Job instance at 0x7f17c9fbe320>,3,2,[5 6],4,6,8,2,6
1,<environment.Job instance at 0x7f17ca5d1190>,4,1,[2 5],5,8,9,3,6
1,<environment.Job instance at 0x7f17ca6f9af0>,9,13,[4 5],10,11,24,1,11
1,<environment.Job instance at 0x7f17caccbd70>,13,2,[ 3 10],14,24,26,10,14
1,<environment.Job instance at 0x7f17caccb7d0>,15,14,[6 1],16,26,40,10,17
1,<environment.Job instance at 0x7f17ca61e320>,16,16,[3 8],17,26,42,9,20
1,<environment.Job instance at 0x7f17caaa6d70>,20,13,[7 3],21,42,55,21,27
1,<environment.Job instance at 0x7f17ca9cd410>,22,12,[10  2],23,55,67,32,39
1,<environment.Job instance at 0x7f17ca63f050>,25,14,[8 4],26,67,81,41,53
1,<environment.Job instance at 0x7f17ca63fe10>,27,18,[5 9],28,81,99,53,70
1,<environment.Job instance at 0x7f17c9d18f00>,30,17,[8 2],31,99,116,68,87
1,<environment.Job instance at 0x7f1784693a50>,33,3,[ 2 10],34,116,119,82,93
1,<environment.Job instance at 0x7f1784693460>,34,15,[2 5],35,99,114,64,93
1,<environment.Job instance at 0x7f17c9f1a0f0>,39,2,[5 1],40,119,121,79,101
1,<environment.Job instance at 0x7f17caac6af0>,31,14,[4 9],32,119,133,87,105
1,<environment.Job instance at 0x7f17844dafa0>,42,13,[3 7],43,133,146,90,118
1,<environment.Job instance at 0x7f17844dac80>,44,14,[7 4],45,146,160,101,131
1,<environment.Job instance at 0x7f17ca43ae10>,46,15,[2 7],47,160,175,113,146
1,<environment.Job instance at 0x7f17ca43a0f0>,48,17,[2 7],49,175,192,126,163
1,<environment.Job instance at 0x7f17ca43ac30>,51,2,[1 8],52,192,194,140,170
1,<environment.Job instance at 0x7f17ca43adc0>,52,18,[5 6],53,194,212,141,183
1,<environment.Job instance at 0x7f17ca43a9b0>,54,18,[10  2],55,212,230,157,201
1,<environment.Job instance at 0x7f17c9e0acd0>,26,18,[ 2 10],27,230,248,203,219
1,<environment.Job instance at 0x7f17c9f1a6e0>,4,1,[7 2],5,5,6,0,5
1,<environment.Job instance at 0x7f17c9f69820>,7,1,[6 4],8,8,9,0,8
1,<environment.Job instance at 0x7f17ca653410>,10,3,[ 4 10],11,22,25,11,22
1,<environment.Job instance at 0x7f17ca653e10>,11,3,[6 5],12,25,28,13,22
1,<environment.Job instance at 0x7f17ca34a9b0>,6,16,[5 2],7,28,44,21,22
1,<environment.Job instance at 0x7f17844d5b90>,1,14,[2 7],2,29,43,27,29
1,<environment.Job instance at 0x7f17848e8820>,16,3,[4 5],17,43,46,26,29
1,<environment.Job instance at 0x7f17848e8230>,15,14,[2 9],16,46,60,30,31
1,<environment.Job instance at 0x7f17848e8cd0>,21,1,[5 1],22,46,47,24,46
1,<environment.Job instance at 0x7f17848e82d0>,22,2,[5 7],23,60,62,37,46
1,<environment.Job instance at 0x7f17848e8e60>,23,1,[5 6],24,62,63,38,46
1,<environment.Job instance at 0x7f17848e87d0>,17,12,[ 3 10],18,63,75,45,48
1,<environment.Job instance at 0x7f17848e8960>,26,2,[1 8],27,75,77,48,48
1,<environment.Job instance at 0x7f17848e80a0>,27,17,[1 7],28,77,94,49,65
1,<environment.Job instance at 0x7f17c9f1d5a0>,32,17,[8 1],33,75,92,42,67
1,<environment.Job instance at 0x7f17c9f1d280>,34,13,[2 5],35,94,107,59,78
1,<environment.Job instance at 0x7f17848e8460>,29,17,[8 4],30,94,111,64,92
1,<environment.Job instance at 0x7f17c9f1da50>,39,3,[3 5],40,111,114,71,100
1,<environment.Job instance at 0x7f17c9f1d870>,31,16,[2 6],32,114,130,82,101
1,<environment.Job instance at 0x7f17c9f1db40>,42,18,[6 4],43,111,129,68,101
1,<environment.Job instance at 0x7f17c9f1dc80>,44,13,[2 8],45,130,143,85,114
1,<environment.Job instance at 0x7f1784903be0>,51,12,[5 1],52,129,141,77,117
1,<environment.Job instance at 0x7f1784903d70>,55,13,[2 6],56,143,156,87,127
1,<environment.Job instance at 0x7f1784900370>,61,12,[7 4],62,143,155,81,130
1,<environment.Job instance at 0x7f1784900550>,63,13,[4 7],64,156,169,92,140
1,<environment.Job instance at 0x7f1784900730>,65,16,[5 7],66,169,185,103,157
1,<environment.Job instance at 0x7f1784900c80>,70,17,[8 3],71,185,202,114,173
1,<environment.Job instance at 0x7f1784900d20>,71,12,[7 5],72,202,214,130,188
1,<environment.Job instance at 0x7f1784900e60>,73,13,[10  3],74,214,227,140,200
1,<environment.Job instance at 0x7f17848ee230>,81,2,[4 8],82,227,229,145,211
1,<environment.Job instance at 0x7f17848ee050>,84,3,[9 3],85,229,232,144,212
1,<environment.Job instance at 0x7f17848ee5f0>,86,13,[ 1 10],87,232,245,145,219
1,<environment.Job instance at 0x7f17848ee780>,88,3,[10  1],89,245,248,156,224
1,<environment.Job instance at 0x7f17848ee820>,89,15,[8 4],90,248,263,158,235
1,<environment.Job instance at 0x7f17848eec80>,92,16,[6 3],93,263,279,170,250
1,<environment.Job instance at 0x7f17848eef00>,98,3,[2 6],99,252,255,153,252
1,<environment.Job instance at 0x7f17848ec230>,104,1,[7 5],105,279,280,174,270
1,<environment.Job instance at 0x7f1784900f00>,74,17,[5 6],75,280,297,205,270
1,<environment.Job instance at 0x7f17848ec780>,109,2,[2 5],110,270,272,160,270
1,<environment.Job instance at 0x7f17848ec8c0>,111,17,[6 5],112,297,314,185,286
1,<environment.Job instance at 0x7f178490a280>,119,3,[5 2],120,314,317,194,302
1,<environment.Job instance at 0x7f178490a410>,123,18,[4 9],124,317,335,193,314
1,<environment.Job instance at 0x7f178490ab40>,129,12,[9 3],130,335,347,205,319
1,<environment.Job instance at 0x7f178490ab90>,131,13,[5 5],132,347,360,215,331
1,<environment.Job instance at 0x7f17848eca00>,113,18,[10  5],114,360,378,246,349
1,<environment.Job instance at 0x7f1784678550>,1,3,[2 8],2,3,6,1,3
1,<environment.Job instance at 0x7f1784902370>,4,16,[6 3],5,6,22,1,6
1,<environment.Job instance at 0x7f1784583d70>,7,18,[7 1],8,22,40,14,11
1,<environment.Job instance at 0x7f17ca6d50f0>,0,17,[2 8],1,22,39,21,15
1,<environment.Job instance at 0x7f17ca26f410>,21,12,[1 7],22,39,51,17,23
1,<environment.Job instance at 0x7f17c9d18d20>,9,15,[9 3],10,40,55,30,39
1,<environment.Job instance at 0x7f17ca26fe10>,22,17,[1 6],23,51,68,28,39
1,<environment.Job instance at 0x7f17c9f942d0>,32,2,[7 5],33,68,70,35,41
1,<environment.Job instance at 0x7f17c9f94be0>,35,3,[6 1],36,61,64,25,61
1,<environment.Job instance at 0x7f17c9f94dc0>,36,1,[7 3],37,64,65,27,61
1,<environment.Job instance at 0x7f17ca150550>,37,15,[1 7],38,70,85,32,61
1,<environment.Job instance at 0x7f17ca150230>,38,18,[5 6],39,88,106,49,88
1,<environment.Job instance at 0x7f17c9f94410>,33,15,[10  1],34,114,129,80,114
1,<environment.Job instance at 0x7f17844aca00>,41,12,[8 3],42,129,141,87,114
1,<environment.Job instance at 0x7f17844acaf0>,51,2,[10  5],52,141,143,89,134
1,<environment.Job instance at 0x7f17844ac870>,52,1,[9 4],53,143,144,90,134
1,<environment.Job instance at 0x7f17844acb40>,53,2,[3 6],54,144,146,90,134
1,<environment.Job instance at 0x7f17844d5140>,54,1,[1 7],55,134,135,79,134
1,<environment.Job instance at 0x7f17844d5d20>,55,2,[1 8],56,146,148,90,134
1,<environment.Job instance at 0x7f17844ac9b0>,49,12,[ 5 10],50,148,160,98,134
1,<environment.Job instance at 0x7f17844d5be0>,57,14,[8 3],58,160,174,102,145
1,<environment.Job instance at 0x7f17ca26fdc0>,31,16,[ 2 10],32,174,190,142,170
1,<environment.Job instance at 0x7f178441cd20>,66,14,[3 9],67,190,204,123,175
1,<environment.Job instance at 0x7f17844ac3c0>,45,16,[10  2],46,204,220,158,191
1,<environment.Job instance at 0x7f17844f6780>,78,14,[7 3],79,220,234,141,207
1,<environment.Job instance at 0x7f178480d5f0>,84,18,[6 3],85,234,252,149,223
1,<environment.Job instance at 0x7f178480d820>,89,15,[5 3],90,252,267,162,242
1,<environment.Job instance at 0x7f17844f6dc0>,76,12,[9 1],77,267,279,190,254
1,<environment.Job instance at 0x7f178480dfa0>,93,17,[5 1],94,279,296,185,267
1,<environment.Job instance at 0x7f178480d2d0>,95,15,[9 5],96,296,311,200,286
1,<environment.Job instance at 0x7f17841885a0>,101,16,[8 5],102,311,327,209,298
1,<environment.Job instance at 0x7f17ca0aeaf0>,8,3,[6 2],9,9,12,0,9
1,<environment.Job instance at 0x7f1784678eb0>,2,17,[ 4 10],3,12,29,9,11
1,<environment.Job instance at 0x7f17ca6d55f0>,10,16,[5 4],11,29,45,18,16
1,<environment.Job instance at 0x7f17ca555f50>,20,14,[7 4],21,45,59,24,30
1,<environment.Job instance at 0x7f17c9d18500>,1,17,[3 6],2,34,51,32,34
1,<environment.Job instance at 0x7f1784583eb0>,25,18,[5 3],26,59,77,33,49
1,<environment.Job instance at 0x7f17d0481f50>,27,15,[5 1],28,59,74,31,51
1,<environment.Job instance at 0x7f17c9dcaf50>,30,12,[ 4 10],31,77,89,46,60
1,<environment.Job instance at 0x7f17c9ff6a00>,37,3,[10  3],38,89,92,51,63
1,<environment.Job instance at 0x7f17c9ff6370>,41,1,[9 5],42,92,93,50,88
1,<environment.Job instance at 0x7f17c9ff69b0>,42,3,[5 9],43,93,96,50,88
1,<environment.Job instance at 0x7f17c9ff6c80>,33,15,[5 8],34,96,111,62,88
1,<environment.Job instance at 0x7f17c9ff6af0>,48,18,[5 5],49,115,133,66,115
1,<environment.Job instance at 0x7f17c9ff6be0>,45,1,[4 6],46,133,134,87,117
1,<environment.Job instance at 0x7f17ca458690>,51,1,[9 3],52,134,135,82,118
1,<environment.Job instance at 0x7f17ca458870>,52,1,[1 7],53,134,135,81,119
1,<environment.Job instance at 0x7f17c9ff60a0>,49,15,[3 6],50,135,150,85,121
1,<environment.Job instance at 0x7f17ca458eb0>,55,2,[8 2],56,150,152,94,123
1,<environment.Job instance at 0x7f17ca458230>,56,1,[10  4],57,152,153,95,124
1,<environment.Job instance at 0x7f17ca458b90>,57,3,[9 4],58,153,156,95,128
1,<environment.Job instance at 0x7f17ca4586e0>,60,2,[ 4 10],61,156,158,95,129
1,<environment.Job instance at 0x7f17ca458190>,63,3,[9 5],64,158,161,94,134
1,<environment.Job instance at 0x7f17ca458f00>,64,16,[5 8],65,161,177,96,149
1,<environment.Job instance at 0x7f1784160370>,69,16,[ 3 10],70,177,193,107,164
1,<environment.Job instance at 0x7f1784160eb0>,72,13,[1 7],73,193,206,120,177
1,<environment.Job instance at 0x7f1784160b90>,73,15,[3 5],74,206,221,132,192
1,<environment.Job instance at 0x7f1784160a00>,75,13,[6 1],76,193,206,117,193
1,<environment.Job instance at 0x7f17ca49efa0>,79,13,[3 6],80,221,234,141,205
1,<environment.Job instance at 0x7f17cac820a0>,87,2,[7 3],88,206,208,118,206
1,<environment.Job instance at 0x7f17cac82500>,88,12,[6 2],89,208,220,119,206
1,<environment.Job instance at 0x7f17cac82aa0>,90,16,[8 2],91,234,250,143,221
1,<environment.Job instance at 0x7f17845f1e10>,92,17,[5 5],93,250,267,157,238
1,<environment.Job instance at 0x7f178424ed20>,100,12,[9 2],101,267,279,166,252
1,<environment.Job instance at 0x7f178424e140>,102,15,[4 9],103,279,294,176,265
1,<environment.Job instance at 0x7f178427de10>,107,3,[3 5],108,294,297,186,280
1,<environment.Job instance at 0x7f178427d8c0>,108,3,[6 4],109,294,297,185,280
1,<environment.Job instance at 0x7f178427d460>,109,16,[ 1 10],110,297,313,187,287
1,<environment.Job instance at 0x7f178427d5f0>,111,13,[3 5],112,313,326,201,297
1,<environment.Job instance at 0x7f17ca458410>,54,18,[ 2 10],55,326,344,271,316
1,<environment.Job instance at 0x7f1784653af0>,121,12,[4 6],122,344,356,222,328
1,<environment.Job instance at 0x7f17c9e99c80>,125,1,[1 5],126,356,357,230,330
1,<environment.Job instance at 0x7f17c9e99d70>,128,1,[2 6],129,357,358,228,343
1,<environment.Job instance at 0x7f17c9e99230>,129,12,[1 5],130,358,370,228,343
1,<environment.Job instance at 0x7f17c9e99640>,131,1,[3 9],132,370,371,238,350
1,<environment.Job instance at 0x7f17c9e99410>,134,18,[1 8],135,371,389,236,362
1,<environment.Job instance at 0x7f17ca741190>,138,2,[6 2],139,371,373,232,371
1,<environment.Job instance at 0x7f17ca741e60>,139,17,[6 3],140,389,406,249,377
1,<environment.Job instance at 0x7f17ca741c80>,142,18,[1 6],143,389,407,246,380
1,<environment.Job instance at 0x7f17ca7410a0>,145,16,[7 4],146,406,422,260,393
1,<environment.Job instance at 0x7f178413ec30>,148,3,[9 3],149,422,425,273,406
1,<environment.Job instance at 0x7f1784653230>,4,2,[5 3],5,5,7,0,5
1,<environment.Job instance at 0x7f1783fdb960>,5,1,[9 2],6,7,8,1,7
1,<environment.Job instance at 0x7f1784678870>,12,16,[7 1],13,27,43,14,27
1,<environment.Job instance at 0x7f17caa05d70>,16,3,[1 5],17,27,30,10,27
1,<environment.Job instance at 0x7f17ca8e31e0>,15,2,[3 7],16,30,32,14,28
1,<environment.Job instance at 0x7f17844a6cd0>,19,17,[7 5],20,43,60,23,31
1,<environment.Job instance at 0x7f17844a6c80>,18,15,[5 4],19,60,75,41,46
1,<environment.Job instance at 0x7f17cab21500>,24,17,[3 6],25,60,77,35,52
1,<environment.Job instance at 0x7f1784678e60>,13,13,[6 5],14,77,90,63,61
1,<environment.Job instance at 0x7f17cab210f0>,29,17,[7 1],30,90,107,60,78
1,<environment.Job instance at 0x7f178411b9b0>,36,15,[5 2],37,107,122,70,93
1,<environment.Job instance at 0x7f178490a960>,30,16,[10  3],31,122,138,91,109
1,<environment.Job instance at 0x7f1784465690>,42,17,[3 8],43,138,155,95,126
1,<environment.Job instance at 0x7f17ca11a910>,46,2,[9 4],47,155,157,108,139
1,<environment.Job instance at 0x7f17ca11a6e0>,48,14,[10  3],49,157,171,108,143
1,<environment.Job instance at 0x7f17c9e135a0>,51,17,[5 4],52,171,188,119,159
1,<environment.Job instance at 0x7f17ca3fcb90>,55,12,[2 6],56,172,184,116,172
1,<environment.Job instance at 0x7f17cab21dc0>,21,15,[4 9],22,188,203,166,178
1,<environment.Job instance at 0x7f17ca3fcaa0>,56,18,[10  1],57,203,221,146,192
1,<environment.Job instance at 0x7f17ca40e230>,63,17,[7 3],64,221,238,157,215
1,<environment.Job instance at 0x7f17ca40eeb0>,65,12,[5 5],66,238,250,172,221
1,<environment.Job instance at 0x7f17ca40e460>,68,12,[3 9],69,250,262,181,238
1,<environment.Job instance at 0x7f17ca40ec30>,69,3,[5 2],70,238,241,168,238
1,<environment.Job instance at 0x7f17ca3f82d0>,71,2,[ 3 10],72,262,264,190,238
1,<environment.Job instance at 0x7f17ca3f84b0>,74,15,[6 3],75,264,279,189,250
1,<environment.Job instance at 0x7f17ca40d230>,76,16,[2 9],77,279,295,202,271
1,<environment.Job instance at 0x7f17ca5a3640>,81,1,[5 8],82,295,296,213,285
1,<environment.Job instance at 0x7f1784369190>,89,13,[3 8],90,311,324,221,311
1,<environment.Job instance at 0x7f17ca214460>,2,1,[1 5],3,3,4,0,3
1,<environment.Job instance at 0x7f17ca40e140>,0,1,[6 1],1,7,8,6,7
1,<environment.Job instance at 0x7f17c9e802d0>,7,1,[3 6],8,9,10,1,9
1,<environment.Job instance at 0x7f1784377500>,9,2,[5 1],10,10,12,0,10
1,<environment.Job instance at 0x7f17846788c0>,5,17,[4 6],6,13,30,7,13
1,<environment.Job instance at 0x7f17c9f8a4b0>,13,14,[5 4],14,16,30,2,16
1,<environment.Job instance at 0x7f178490a690>,6,15,[10  5],7,30,45,23,16
1,<environment.Job instance at 0x7f17cac4ea00>,14,15,[7 5],15,45,60,30,31
1,<environment.Job instance at 0x7f17c9f9bd70>,17,17,[9 4],18,60,77,42,48
1,<environment.Job instance at 0x7f1784589370>,23,12,[3 6],24,77,89,53,60
1,<environment.Job instance at 0x7f17c9ffebe0>,24,14,[7 2],25,77,91,52,62
1,<environment.Job instance at 0x7f17ca81baa0>,18,12,[3 7],19,89,101,70,72
1,<environment.Job instance at 0x7f17c9fa52d0>,31,12,[6 3],32,91,103,59,74
1,<environment.Job instance at 0x7f1784052dc0>,33,15,[9 4],34,103,118,69,89
1,<environment.Job instance at 0x7f17caa7f550>,39,12,[7 5],40,118,130,78,101
1,<environment.Job instance at 0x7f17841987d0>,32,16,[5 3],33,130,146,97,117
1,<environment.Job instance at 0x7f17caa7f820>,41,14,[ 5 10],42,146,160,104,131
1,<environment.Job instance at 0x7f17ca9f16e0>,43,14,[5 7],44,131,145,87,131
1,<environment.Job instance at 0x7f17ca11ae60>,45,12,[ 4 10],46,160,172,114,143
1,<environment.Job instance at 0x7f17ca399af0>,52,2,[ 4 10],53,172,174,119,149
1,<environment.Job instance at 0x7f17ca0a9140>,53,1,[6 1],54,174,175,120,149
1,<environment.Job instance at 0x7f17ca399640>,54,2,[7 2],55,175,177,120,149
1,<environment.Job instance at 0x7f17843681e0>,55,15,[4 9],56,177,192,121,163
1,<environment.Job instance at 0x7f17841eb6e0>,62,3,[9 2],63,192,195,129,186
1,<environment.Job instance at 0x7f17841eb370>,64,2,[2 7],65,195,197,130,186
1,<environment.Job instance at 0x7f178427ba50>,65,17,[9 1],66,197,214,131,186
1,<environment.Job instance at 0x7f17c9e2c5f0>,67,14,[5 6],68,214,228,146,199
1,<environment.Job instance at 0x7f178464baa0>,69,18,[5 3],70,214,232,144,204
1,<environment.Job instance at 0x7f17843adb90>,74,14,[ 3 10],75,270,284,195,270
1,<environment.Job instance at 0x7f17843ad910>,75,15,[2 6],76,284,299,208,270
1,<environment.Job instance at 0x7f17843ad9b0>,77,18,[1 8],78,299,317,221,288
1,<environment.Job instance at 0x7f17843adeb0>,79,1,[10  2],80,404,405,324,404
1,<environment.Job instance at 0x7f17843adc30>,80,18,[8 3],81,405,423,324,404
1,<environment.Job instance at 0x7f17844ced20>,81,3,[10  1],82,423,426,341,404
1,<environment.Job instance at 0x7f17843ad4b0>,83,17,[6 1],84,426,443,342,414
1,<environment.Job instance at 0x7f17843add70>,84,12,[4 5],85,426,438,341,418
1,<environment.Job instance at 0x7f178413dd70>,2,15,[9 5],3,3,18,0,3
1,<environment.Job instance at 0x7f1784056b40>,3,13,[3 7],4,18,31,14,4
1,<environment.Job instance at 0x7f178494ef00>,13,13,[8 4],14,31,44,17,15
1,<environment.Job instance at 0x7f178494e690>,14,2,[2 5],15,31,33,16,15
1,<environment.Job instance at 0x7f178494e9b0>,18,3,[4 6],19,44,47,25,27
1,<environment.Job instance at 0x7f178494e280>,10,17,[6 4],11,44,61,33,32
1,<environment.Job instance at 0x7f178494e500>,21,12,[7 5],22,61,73,39,44
1,<environment.Job instance at 0x7f178494e3c0>,22,3,[10  5],23,73,76,50,47
1,<environment.Job instance at 0x7f178413d550>,0,15,[8 2],1,76,91,75,63
1,<environment.Job instance at 0x7f178494ec30>,24,14,[5 5],25,91,105,66,76
1,<environment.Job instance at 0x7f17ca5c6050>,30,18,[3 7],31,105,123,74,94
1,<environment.Job instance at 0x7f17ca5c67d0>,27,12,[ 4 10],28,123,135,95,106
1,<environment.Job instance at 0x7f17842d89b0>,37,14,[4 9],38,135,149,97,121
1,<environment.Job instance at 0x7f17cefa2b40>,1,16,[4 7],2,4,20,2,4
1,<environment.Job instance at 0x7f17841f9960>,3,13,[ 4 10],4,20,33,16,8
1,<environment.Job instance at 0x7f17cac53be0>,11,3,[8 3],12,33,36,21,12
1,<environment.Job instance at 0x7f17847125f0>,9,15,[7 2],10,36,51,26,22
1,<environment.Job instance at 0x7f17843e8730>,18,3,[ 3 10],19,51,54,32,30
1,<environment.Job instance at 0x7f17ca8338c0>,20,15,[1 8],21,36,51,15,33
1,<environment.Job instance at 0x7f17caa8e550>,22,3,[8 3],23,54,57,31,33
1,<environment.Job instance at 0x7f17840ba320>,19,13,[4 7],20,57,70,37,41
1,<environment.Job instance at 0x7f17ca9f1c80>,26,3,[9 1],27,70,73,43,51
1,<environment.Job instance at 0x7f17848ee6e0>,27,3,[7 3],28,73,76,45,51
1,<environment.Job instance at 0x7f17ca8fe5a0>,31,2,[2 5],32,54,56,22,53
1,<environment.Job instance at 0x7f17caaa6c30>,33,12,[ 3 10],34,76,88,42,60
1,<environment.Job instance at 0x7f1783fdcf50>,37,17,[8 4],38,88,105,50,76
1,<environment.Job instance at 0x7f17ca2c7be0>,47,3,[4 8],48,105,108,57,101
1,<environment.Job instance at 0x7f1784480b90>,50,18,[5 8],51,108,126,57,102
1,<environment.Job instance at 0x7f1784480aa0>,52,13,[8 1],53,127,140,74,127
1,<environment.Job instance at 0x7f1784480f50>,55,2,[ 5 10],56,140,142,84,127
1,<environment.Job instance at 0x7f17840d2870>,32,13,[9 5],33,142,155,109,127
1,<environment.Job instance at 0x7f178449db90>,61,17,[6 2],62,155,172,93,143
1,<environment.Job instance at 0x7f178449de10>,62,1,[2 5],63,155,156,92,143
1,<environment.Job instance at 0x7f178449d820>,65,12,[2 6],66,156,168,90,147
1,<environment.Job instance at 0x7f1784600410>,67,13,[2 7],68,168,181,100,152
1,<environment.Job instance at 0x7f178449df50>,60,14,[9 4],61,181,195,120,166
1,<environment.Job instance at 0x7f1784477fa0>,82,16,[ 1 10],83,195,211,112,182
1,<environment.Job instance at 0x7f17845f3640>,85,14,[5 5],86,211,225,125,196
1,<environment.Job instance at 0x7f178448ae10>,78,18,[5 5],79,211,229,132,201
1,<environment.Job instance at 0x7f178490bbe0>,91,16,[5 1],92,225,241,133,213
1,<environment.Job instance at 0x7f178490b140>,92,14,[1 8],93,229,243,136,214
1,<environment.Job instance at 0x7f178490b910>,90,15,[10  4],91,243,258,152,233
1,<environment.Job instance at 0x7f17ca9bfa00>,97,14,[6 2],98,258,272,160,243
1,<environment.Job instance at 0x7f17ca9c0c30>,99,13,[5 3],100,272,285,172,258
1,<environment.Job instance at 0x7f17ca9a5410>,104,2,[5 7],105,313,315,208,313
1,<environment.Job instance at 0x7f17ca9a56e0>,105,3,[5 5],106,315,318,209,313
1,<environment.Job instance at 0x7f17ca9a57d0>,106,1,[1 9],107,318,319,211,315
1,<environment.Job instance at 0x7f17ca9a5af0>,107,17,[9 5],108,329,346,221,329
1,<environment.Job instance at 0x7f17ca1032d0>,111,3,[ 1 10],112,604,607,492,604
1,<environment.Job instance at 0x7f17ca0fe0f0>,113,15,[5 6],114,607,622,493,604
1,<environment.Job instance at 0x7f17ca0fe2d0>,115,3,[ 4 10],116,622,625,506,609
1,<environment.Job instance at 0x7f17ca0fe690>,116,18,[10  3],117,625,643,508,614
1,<environment.Job instance at 0x7f17ca9b2320>,120,14,[5 6],121,643,657,522,628
1,<environment.Job instance at 0x7f17ca9b2be0>,129,17,[2 5],130,657,674,527,645
1,<environment.Job instance at 0x7f17c9fe6730>,132,13,[5 5],133,657,670,524,648
1,<environment.Job instance at 0x7f17ca0de0f0>,136,18,[3 7],137,674,692,537,663
1,<environment.Job instance at 0x7f17ca0de550>,140,15,[5 5],141,692,707,551,678
1,<environment.Job instance at 0x7f17ca0de230>,142,14,[4 6],143,707,721,564,692
1,<environment.Job instance at 0x7f17ca10c9b0>,147,13,[1 7],148,721,734,573,707
1,<environment.Job instance at 0x7f1783fd6af0>,4,2,[6 2],5,5,7,0,5
1,<environment.Job instance at 0x7f17ca0c4dc0>,6,3,[9 4],7,7,10,0,7
1,<environment.Job instance at 0x7f17ca3995a0>,7,1,[8 4],8,10,11,2,8
1,<environment.Job instance at 0x7f17ca833960>,9,12,[1 7],10,11,23,1,10
1,<environment.Job instance at 0x7f17ca8334b0>,10,3,[10  5],11,23,26,12,11
1,<environment.Job instance at 0x7f17ca8337d0>,11,14,[1 7],12,26,40,14,14
1,<environment.Job instance at 0x7f17ca6cfbe0>,18,13,[5 2],19,26,39,7,21
1,<environment.Job instance at 0x7f1784091f50>,19,15,[10  3],20,40,55,20,26
1,<environment.Job instance at 0x7f17840ae3c0>,23,2,[1 7],24,55,57,31,31
1,<environment.Job instance at 0x7f17840aeb40>,21,17,[9 5],22,57,74,35,45
1,<environment.Job instance at 0x7f17ca10ceb0>,5,15,[2 7],6,74,89,68,61
1,<environment.Job instance at 0x7f17842f6320>,28,16,[8 1],29,74,90,45,61
1,<environment.Job instance at 0x7f17845b7c80>,32,12,[2 8],33,89,101,56,72
1,<environment.Job instance at 0x7f17c9e99190>,34,15,[5 2],35,90,105,55,76
1,<environment.Job instance at 0x7f17c9e99f50>,37,12,[6 5],38,105,117,67,88
1,<environment.Job instance at 0x7f17c9e99f00>,35,14,[1 5],36,101,115,65,88
1,<environment.Job instance at 0x7f17c9e999b0>,41,2,[8 4],42,117,119,75,90
1,<environment.Job instance at 0x7f17c9e99460>,42,2,[10  2],43,119,121,76,94
1,<environment.Job instance at 0x7f17c9e99780>,39,16,[ 5 10],40,121,137,81,116
1,<environment.Job instance at 0x7f17c9e99870>,40,13,[2 9],41,140,153,99,140
1,<environment.Job instance at 0x7f17ca6202d0>,51,2,[2 8],52,157,159,105,157
1,<environment.Job instance at 0x7f17ca620b90>,50,15,[7 4],51,160,175,109,160
1,<environment.Job instance at 0x7f17ca6209b0>,56,2,[4 9],57,175,177,118,162
1,<environment.Job instance at 0x7f17ca620370>,55,16,[6 3],56,177,193,121,164
1,<environment.Job instance at 0x7f1784864140>,59,1,[5 9],60,193,194,133,181
1,<environment.Job instance at 0x7f1784864320>,60,3,[6 2],61,194,197,133,181
1,<environment.Job instance at 0x7f17848645a0>,62,1,[1 9],63,197,198,134,181
1,<environment.Job instance at 0x7f17ca795d70>,64,13,[8 2],65,206,219,141,206
1,<environment.Job instance at 0x7f17ca795c30>,65,12,[9 1],66,219,231,153,206
1,<environment.Job instance at 0x7f17c9e823c0>,61,16,[5 8],62,231,247,169,230
1,<environment.Job instance at 0x7f17ca5a3730>,72,16,[1 9],73,247,263,174,234
1,<environment.Job instance at 0x7f1784064140>,77,15,[5 8],78,263,278,185,257
1,<environment.Job instance at 0x7f17841f94b0>,0,2,[1 7],1,3,5,2,3
1,<environment.Job instance at 0x7f17ca12b0f0>,7,14,[9 4],8,8,22,0,8
1,<environment.Job instance at 0x7f17ca12bc80>,8,18,[8 3],9,22,40,13,11
1,<environment.Job instance at 0x7f17ca12bdc0>,11,1,[2 5],12,22,23,10,12
1,<environment.Job instance at 0x7f17ca12ba00>,10,1,[5 9],11,40,41,29,14
1,<environment.Job instance at 0x7f17ca12b2d0>,13,1,[ 3 10],14,41,42,27,14
1,<environment.Job instance at 0x7f17ca12ba50>,16,2,[ 1 10],17,42,44,25,23
1,<environment.Job instance at 0x7f17ca12b3c0>,14,12,[7 2],15,44,56,29,27
1,<environment.Job instance at 0x7f17ca12be60>,6,12,[ 4 10],7,56,68,49,40
1,<environment.Job instance at 0x7f17ca12b960>,20,16,[5 1],21,68,84,47,55
1,<environment.Job instance at 0x7f178456e320>,30,3,[9 5],31,84,87,53,58
1,<environment.Job instance at 0x7f178456e640>,32,3,[6 5],33,87,90,54,61
1,<environment.Job instance at 0x7f178456e690>,34,3,[7 2],35,90,93,55,64
1,<environment.Job instance at 0x7f178456e500>,35,3,[1 8],36,68,71,32,64
1,<environment.Job instance at 0x7f178456e730>,36,1,[5 8],37,71,72,34,64
1,<environment.Job instance at 0x7f17caa69cd0>,38,12,[9 5],39,93,105,54,77
1,<environment.Job instance at 0x7f17c9f69a00>,41,12,[7 5],42,105,117,63,89
1,<environment.Job instance at 0x7f17c9f69b40>,44,14,[3 5],45,105,119,60,93
1,<environment.Job instance at 0x7f178456eb40>,31,18,[1 9],32,119,137,87,109
1,<environment.Job instance at 0x7f17c9f69d20>,48,14,[5 1],49,117,131,68,109
1,<environment.Job instance at 0x7f17c9f694b0>,52,1,[10  1],53,137,138,84,123
1,<environment.Job instance at 0x7f17c9f69690>,53,13,[8 5],54,138,151,84,123
1,<environment.Job instance at 0x7f17caa78d20>,56,16,[4 8],57,151,167,94,138
1,<environment.Job instance at 0x7f17caa78820>,59,15,[8 3],60,167,182,107,154
1,<environment.Job instance at 0x7f17caa78b40>,62,2,[ 5 10],63,182,184,119,159
1,<environment.Job instance at 0x7f1784752af0>,63,2,[3 7],64,184,186,120,159
1,<environment.Job instance at 0x7f1784752230>,66,3,[8 4],67,186,189,119,163
1,<environment.Job instance at 0x7f1784752730>,67,18,[7 1],68,189,207,121,178
1,<environment.Job instance at 0x7f17847521e0>,70,2,[7 3],71,184,186,113,178
1,<environment.Job instance at 0x7f17caa78e60>,60,18,[7 4],61,207,225,146,196
1,<environment.Job instance at 0x7f1784753910>,76,16,[3 5],77,206,222,129,206
1,<environment.Job instance at 0x7f1784753e60>,73,12,[ 1 10],74,225,237,151,210
1,<environment.Job instance at 0x7f17cab57910>,85,12,[6 2],86,237,249,151,225
1,<environment.Job instance at 0x7f17cab57730>,87,14,[1 5],88,237,251,149,225
1,<environment.Job instance at 0x7f17cab57fa0>,88,12,[10  2],89,251,263,162,234
1,<environment.Job instance at 0x7f1784030cd0>,92,2,[5 9],93,263,265,170,243
1,<environment.Job instance at 0x7f1784030780>,94,1,[4 8],95,265,266,170,243
1,<environment.Job instance at 0x7f1784030d70>,96,12,[ 3 10],97,266,278,169,250
1,<environment.Job instance at 0x7f1784030eb0>,98,3,[10  2],99,278,281,179,252
1,<environment.Job instance at 0x7f1783f81af0>,101,1,[7 4],102,281,282,179,260
1,<environment.Job instance at 0x7f1783f81230>,102,1,[10  4],103,282,283,179,260
1,<environment.Job instance at 0x7f17cab57c30>,84,17,[7 5],85,283,300,198,271
1,<environment.Job instance at 0x7f1783f81a00>,107,2,[9 1],108,300,302,192,279
1,<environment.Job instance at 0x7f1783f81910>,109,13,[7 4],110,302,315,192,287
1,<environment.Job instance at 0x7f1784683320>,2,1,[ 1 10],3,3,4,0,3
1,<environment.Job instance at 0x7f178456e0a0>,1,14,[5 8],2,6,20,4,6
1,<environment.Job instance at 0x7f17846838c0>,6,2,[2 7],7,20,22,13,8
1,<environment.Job instance at 0x7f17841f90f0>,7,2,[9 3],8,22,24,14,8
1,<environment.Job instance at 0x7f1784683c80>,8,3,[5 6],9,24,27,15,11
1,<environment.Job instance at 0x7f17840a8780>,16,2,[ 3 10],17,27,29,10,17
1,<environment.Job instance at 0x7f17840a80a0>,20,3,[5 6],21,29,32,8,22
1,<environment.Job instance at 0x7f17840a8320>,21,3,[5 9],22,32,35,10,22
1,<environment.Job instance at 0x7f1784752d70>,0,16,[7 5],1,35,51,34,23
1,<environment.Job instance at 0x7f17ca9dec30>,25,13,[8 2],26,51,64,25,35
1,<environment.Job instance at 0x7f17ca9dedc0>,27,17,[7 5],28,64,81,36,52
1,<environment.Job instance at 0x7f17ca9de4b0>,30,3,[4 8],31,81,84,50,55
1,<environment.Job instance at 0x7f17840b1af0>,36,14,[2 9],37,84,98,47,70
1,<environment.Job instance at 0x7f17840b1cd0>,38,15,[4 7],39,98,113,59,87
1,<environment.Job instance at 0x7f17840b1690>,40,17,[9 5],41,113,130,72,103
1,<environment.Job instance at 0x7f17840b1f50>,47,15,[3 7],48,130,145,82,125
1,<environment.Job instance at 0x7f17840b1d70>,50,14,[6 3],51,130,144,79,127
1,<environment.Job instance at 0x7f17840b1c80>,52,14,[2 8],53,145,159,92,131
1,<environment.Job instance at 0x7f17ca9dee10>,23,18,[2 9],24,159,177,135,148
1,<environment.Job instance at 0x7f17840dfc80>,59,18,[7 3],60,177,195,117,166
1,<environment.Job instance at 0x7f17840dfa00>,64,13,[5 9],65,195,208,130,180
1,<environment.Job instance at 0x7f17840c6d70>,70,13,[5 2],71,210,223,139,210
1,<environment.Job instance at 0x7f17840c6500>,71,2,[2 9],72,223,225,151,210
1,<environment.Job instance at 0x7f17840c6460>,73,13,[9 5],74,225,238,151,214
1,<environment.Job instance at 0x7f17840c6fa0>,78,1,[ 1 10],79,238,239,159,235
1,<environment.Job instance at 0x7f17840c6dc0>,79,2,[1 5],80,235,237,155,235
1,<environment.Job instance at 0x7f17840de4b0>,80,18,[5 7],81,239,257,158,236
1,<environment.Job instance at 0x7f17840dec30>,81,14,[1 9],82,257,271,175,242
1,<environment.Job instance at 0x7f17840deb40>,83,1,[7 2],84,271,272,187,251
1,<environment.Job instance at 0x7f17840de280>,84,12,[ 2 10],85,272,284,187,255
1,<environment.Job instance at 0x7f17840dea50>,85,3,[3 9],86,284,287,198,258
1,<environment.Job instance at 0x7f17840de910>,88,14,[9 1],89,287,301,198,272
1,<environment.Job instance at 0x7f17840de320>,91,17,[1 7],92,287,304,195,286
1,<environment.Job instance at 0x7f17840de2d0>,92,13,[5 1],93,301,314,208,286
1,<environment.Job instance at 0x7f17840de5f0>,96,3,[10  3],97,314,317,217,289
1,<environment.Job instance at 0x7f17840de140>,98,14,[3 9],99,317,331,218,302
1,<environment.Job instance at 0x7fd121769190>,5,2,[1 5],6,8,10,2,8
1,<environment.Job instance at 0x7fd11c359550>,6,20,[6 1],7,9,29,2,9
1,<environment.Job instance at 0x7fd11c3598c0>,10,12,[3 7],11,12,24,1,12
1,<environment.Job instance at 0x7fd11c359780>,11,15,[4 8],12,24,39,12,22
1,<environment.Job instance at 0x7fd11c359c80>,14,13,[7 3],15,39,52,24,23
1,<environment.Job instance at 0x7fd11c359f00>,18,3,[4 7],19,52,55,33,26
1,<environment.Job instance at 0x7fd11c35c4b0>,24,18,[2 6],25,55,73,30,50
1,<environment.Job instance at 0x7fd11c35c910>,27,15,[8 4],28,55,70,27,54
1,<environment.Job instance at 0x7fd11c35caf0>,30,14,[5 2],31,70,84,39,55
1,<environment.Job instance at 0x7fd11c359d20>,15,18,[2 8],16,76,94,60,76
1,<environment.Job instance at 0x7fd11c35d140>,37,2,[2 6],38,94,96,56,76
1,<environment.Job instance at 0x7fd11c35ceb0>,35,15,[9 5],36,96,111,60,82
1,<environment.Job instance at 0x7fd11c35d640>,45,13,[6 5],46,111,124,65,96
1,<environment.Job instance at 0x7fd11c35d820>,48,15,[10  1],49,124,139,75,110
1,<environment.Job instance at 0x7fd11c35dd70>,51,3,[1 5],52,139,142,87,123
1,<environment.Job instance at 0x7fd11c35de10>,52,1,[8 5],53,139,140,86,123
1,<environment.Job instance at 0x7fd11c35deb0>,53,17,[5 7],54,142,159,88,130
1,<environment.Job instance at 0x7fd11c415fa0>,2,3,[3 7],3,6,9,3,6
1,<environment.Job instance at 0x7fd11c35deb0>,6,2,[8 1],7,9,11,2,7
1,<environment.Job instance at 0x7fd11c3745f0>,8,19,[6 4],9,11,30,2,9
1,<environment.Job instance at 0x7fd11c3743c0>,10,2,[9 5],11,30,32,19,12
1,<environment.Job instance at 0x7fd11c4156e0>,3,15,[5 2],4,32,47,28,22
1,<environment.Job instance at 0x7fd11c374370>,9,14,[3 6],10,32,46,22,22
1,<environment.Job instance at 0x7fd11c374f00>,20,1,[5 8],21,46,47,25,37
1,<environment.Job instance at 0x7fd11c372f00>,21,13,[8 5],22,47,60,25,44
1,<environment.Job instance at 0x7fd11c378050>,24,3,[4 6],25,60,63,35,44
1,<environment.Job instance at 0x7fd11c378d70>,29,12,[9 3],30,63,75,33,46
1,<environment.Job instance at 0x7fd11c372eb0>,22,14,[2 9],23,75,89,52,65
1,<environment.Job instance at 0x7fd11c378640>,32,3,[10  2],33,89,92,56,70
1,<environment.Job instance at 0x7fd11c37b3c0>,33,2,[8 3],34,92,94,58,70
1,<environment.Job instance at 0x7fd11c37b370>,36,14,[5 5],37,94,108,57,79
1,<environment.Job instance at 0x7fd11c2fd410>,41,14,[1 6],42,108,122,66,94
1,<environment.Job instance at 0x7fd11c2fdf00>,43,14,[7 5],44,122,136,78,107
1,<environment.Job instance at 0x7fd0d66e1cd0>,50,3,[5 6],51,136,139,85,115
1,<environment.Job instance at 0x7fd0d66e2050>,54,16,[7 2],55,139,155,84,126
1,<environment.Job instance at 0x7fd0d66df4b0>,60,18,[4 5],61,155,173,94,144
1,<environment.Job instance at 0x7fd0d66df5a0>,61,18,[2 8],62,173,191,111,162
1,<environment.Job instance at 0x7fd0d66df9b0>,67,16,[9 2],68,191,207,123,178
1,<environment.Job instance at 0x7fd0d66e0a50>,69,13,[6 3],70,207,220,137,191
1,<environment.Job instance at 0x7fd0d66e01e0>,74,3,[4 7],75,207,210,132,204
1,<environment.Job instance at 0x7fd0d6771be0>,78,18,[6 3],79,220,238,141,213
1,<environment.Job instance at 0x7fd0d676ce10>,81,2,[9 5],82,238,240,156,237
1,<environment.Job instance at 0x7fd0d6776780>,82,2,[9 3],83,240,242,157,238
1,<environment.Job instance at 0x7fd0d6776d20>,86,16,[7 4],87,262,278,175,262
1,<environment.Job instance at 0x7fd0d6776be0>,87,2,[4 5],88,278,280,190,262
1,<environment.Job instance at 0x7fd11c2fd5f0>,40,13,[10  5],41,280,293,239,266
1,<environment.Job instance at 0x7fd0d684c320>,94,14,[5 5],95,293,307,198,280
1,<environment.Job instance at 0x7fd0d6869d70>,96,3,[9 1],97,307,310,210,281
1,<environment.Job instance at 0x7fd0d682aeb0>,104,12,[7 2],105,310,322,205,295
1,<environment.Job instance at 0x7fd0d6aef8c0>,108,15,[3 6],109,310,325,201,301
1,<environment.Job instance at 0x7fd0d65c8140>,110,17,[2 6],111,325,342,214,313
1,<environment.Job instance at 0x7fd0d662b820>,118,13,[5 1],119,346,359,227,346
1,<environment.Job instance at 0x7fd0d662bdc0>,119,2,[10  2],120,359,361,239,346
1,<environment.Job instance at 0x7fd0d662bbe0>,120,2,[ 5 10],121,361,363,240,346
1,<environment.Job instance at 0x7fd11c372af0>,7,1,[9 3],8,8,9,0,8
1,<environment.Job instance at 0x7fd0d662bbe0>,3,3,[2 5],4,9,12,5,9
1,<environment.Job instance at 0x7fd11c2fdc30>,5,12,[2 6],6,12,24,6,11
1,<environment.Job instance at 0x7fd0d65beaf0>,12,3,[7 1],13,13,16,0,13
1,<environment.Job instance at 0x7fd11c372910>,6,15,[2 7],7,54,69,47,54
1,<environment.Job instance at 0x7fd0d65bed70>,17,1,[4 5],18,69,70,51,54
1,<environment.Job instance at 0x7fd0d65bee60>,18,1,[2 9],19,70,71,51,54
1,<environment.Job instance at 0x7fd11eada280>,19,13,[4 6],20,71,84,51,56
1,<environment.Job instance at 0x7fd0d65d7320>,23,3,[3 5],24,84,87,60,64
1,<environment.Job instance at 0x7fd0d65d7b90>,24,14,[1 5],25,84,98,59,69
1,<environment.Job instance at 0x7fd0d65d74b0>,25,12,[ 4 10],26,98,110,72,81
1,<environment.Job instance at 0x7fd0d65d8dc0>,30,14,[8 3],31,110,124,79,95
1,<environment.Job instance at 0x7fd0d65bedc0>,16,16,[ 5 10],17,124,140,107,111
1,<environment.Job instance at 0x7fd0d65d8460>,35,3,[9 4],36,140,143,104,114
1,<environment.Job instance at 0x7fd0d65c89b0>,37,16,[9 4],38,144,160,106,144
1,<environment.Job instance at 0x7fd11c5b86e0>,42,12,[3 8],43,160,172,117,144
1,<environment.Job instance at 0x7fd11c1fb4b0>,45,3,[3 8],46,172,175,126,146
1,<environment.Job instance at 0x7fd0d6738aa0>,47,15,[5 3],48,175,190,127,169
1,<environment.Job instance at 0x7fd0d6738e60>,48,18,[1 5],49,175,193,126,169
1,<environment.Job instance at 0x7fd0d6738cd0>,52,3,[10  4],53,193,196,140,169
1,<environment.Job instance at 0x7fd11c119780>,56,3,[2 8],57,196,199,139,170
1,<environment.Job instance at 0x7fd11c119a50>,59,3,[7 2],60,170,173,110,170
1,<environment.Job instance at 0x7fd11c119910>,61,3,[1 6],62,199,202,137,175
1,<environment.Job instance at 0x7fd105b4e320>,41,17,[7 5],42,202,219,160,190
1,<environment.Job instance at 0x7fd1218db230>,67,12,[5 8],68,219,231,151,203
1,<environment.Job instance at 0x7fd11c11a8c0>,70,18,[9 5],71,231,249,160,220
1,<environment.Job instance at 0x7fd11c142050>,76,12,[8 3],77,249,261,172,232
1,<environment.Job instance at 0x7fd12174a4b0>,81,17,[2 6],82,249,266,167,242
1,<environment.Job instance at 0x7fd0d65d7e10>,21,17,[10  3],22,266,283,244,259
1,<environment.Job instance at 0x7fd0d66334b0>,85,3,[2 5],86,283,286,197,259
1,<environment.Job instance at 0x7fd0d6633af0>,88,14,[ 2 10],89,286,300,197,279
1,<environment.Job instance at 0x7fd0d66335f0>,89,17,[9 1],90,300,317,210,289
1,<environment.Job instance at 0x7fd0d6626e10>,96,3,[8 1],97,317,320,220,304
1,<environment.Job instance at 0x7fd11c1f5640>,98,14,[4 6],99,320,334,221,305
1,<environment.Job instance at 0x7fd11e8adbe0>,100,13,[5 6],101,334,347,233,318
1,<environment.Job instance at 0x7fd11c1f55f0>,102,12,[5 5],103,347,359,244,331
1,<environment.Job instance at 0x7fd11c138be0>,105,14,[7 4],106,359,373,253,344
1,<environment.Job instance at 0x7fd121790230>,110,16,[10  2],111,373,389,262,370
1,<environment.Job instance at 0x7fd121790eb0>,115,12,[ 1 10],116,389,401,273,375
1,<environment.Job instance at 0x7fd121790f50>,116,3,[ 3 10],117,401,404,284,375
1,<environment.Job instance at 0x7fd121790e60>,117,2,[10  4],118,404,406,286,377
1,<environment.Job instance at 0x7fd1217902d0>,120,18,[4 7],121,406,424,285,395
1,<environment.Job instance at 0x7fd0d693caf0>,3,12,[1 8],4,5,17,1,5
1,<environment.Job instance at 0x7fd0d6bed780>,6,3,[9 3],7,17,20,10,7
1,<environment.Job instance at 0x7fd0d6c5d870>,10,19,[1 5],11,17,36,6,11
1,<environment.Job instance at 0x7fd0d6c41e10>,13,13,[6 5],14,20,33,6,14
1,<environment.Job instance at 0x7fd11c1450a0>,14,2,[7 5],15,33,35,18,15
1,<environment.Job instance at 0x7fd11c145730>,16,3,[2 7],17,36,39,19,23
1,<environment.Job instance at 0x7fd0d6c05e60>,18,3,[5 8],19,39,42,20,23
1,<environment.Job instance at 0x7fd0d6c05460>,17,18,[5 1],18,35,53,17,24
1,<environment.Job instance at 0x7fd0d6c42500>,21,13,[5 3],22,42,55,20,27
1,<environment.Job instance at 0x7fd0d6c5d370>,8,14,[10  3],9,55,69,46,40
1,<environment.Job instance at 0x7fd0d69beb40>,28,14,[5 9],29,69,83,40,54
1,<environment.Job instance at 0x7fd11c141870>,35,12,[2 9],36,83,95,47,68
1,<environment.Job instance at 0x7fd11c773820>,36,14,[3 9],37,95,109,58,80
1,<environment.Job instance at 0x7fd0d6c41a50>,12,18,[10  4],13,109,127,96,98
1,<environment.Job instance at 0x7fd11c4ab140>,46,16,[5 5],47,127,143,80,115
1,<environment.Job instance at 0x7fd11c4ab9b0>,49,15,[7 1],50,143,158,93,129
1,<environment.Job instance at 0x7fd11c4ab8c0>,51,18,[3 6],52,143,161,91,134
1,<environment.Job instance at 0x7fd11c3d9730>,56,2,[5 1],57,140,142,83,140
1,<environment.Job instance at 0x7fd11c3c6f50>,57,2,[4 5],58,161,163,103,140
1,<environment.Job instance at 0x7fd11c3d9280>,58,16,[8 5],59,163,179,104,151
1,<environment.Job instance at 0x7fd11c829460>,61,14,[5 8],62,179,193,117,164
1,<environment.Job instance at 0x7fd0d65fd460>,62,16,[9 2],63,193,209,130,181
1,<environment.Job instance at 0x7fd0d65fd5f0>,63,15,[6 3],64,209,224,145,195
1,<environment.Job instance at 0x7fd11c44deb0>,70,1,[6 3],71,224,225,153,196
1,<environment.Job instance at 0x7fd0d65fd280>,65,18,[7 5],66,225,243,159,215
1,<environment.Job instance at 0x7fd11c44da00>,81,1,[8 5],82,243,244,161,225
1,<environment.Job instance at 0x7fd11c44d5a0>,79,15,[ 1 10],80,244,259,164,230
1,<environment.Job instance at 0x7fd11c44daf0>,68,17,[10  3],69,259,276,190,248
1,<environment.Job instance at 0x7fd0d69a4460>,90,15,[1 6],91,276,291,185,262
1,<environment.Job instance at 0x7fd0d6ab9550>,92,18,[5 5],93,291,309,198,280
1,<environment.Job instance at 0x7fd11c4b4780>,95,15,[7 4],96,309,324,213,295
1,<environment.Job instance at 0x7fd11c4b4190>,99,17,[7 2],100,324,341,224,312
1,<environment.Job instance at 0x7fd11c4a6dc0>,102,18,[5 1],103,341,359,238,330
1,<environment.Job instance at 0x7fd121792d20>,105,2,[4 7],106,341,343,235,337
1,<environment.Job instance at 0x7fd11c3c2e60>,107,12,[ 4 10],108,359,371,251,344
1,<environment.Job instance at 0x7fd11c4a4f00>,115,1,[8 2],116,371,372,255,356
1,<environment.Job instance at 0x7fd11c616b90>,117,2,[8 4],118,372,374,254,360
1,<environment.Job instance at 0x7fd11c3bc4b0>,118,1,[6 3],119,374,375,255,360
1,<environment.Job instance at 0x7fd0d6c3d730>,119,17,[1 5],120,371,388,251,360
1,<environment.Job instance at 0x7fd0d6c3de10>,123,1,[6 2],124,375,376,251,362
1,<environment.Job instance at 0x7fd0d6c3d230>,124,2,[4 6],125,388,390,263,362
1,<environment.Job instance at 0x7fd0d6c3d2d0>,125,3,[8 5],126,376,379,250,362
1,<environment.Job instance at 0x7fd0d6c3d550>,130,14,[6 4],131,380,394,249,380
1,<environment.Job instance at 0x7fd0d6c3da50>,132,3,[6 4],133,394,397,261,380
1,<environment.Job instance at 0x7fd0d6c3de60>,133,3,[6 2],134,397,400,263,380
1,<environment.Job instance at 0x7fd0d65a7b90>,134,15,[9 1],135,400,415,265,386
1,<environment.Job instance at 0x7fd0d65a7500>,137,1,[9 4],138,525,526,387,525
1,<environment.Job instance at 0x7fd0d65a7280>,138,17,[5 5],139,603,620,464,603
1,<environment.Job instance at 0x7fd0d65a7b40>,139,14,[3 7],140,620,634,480,612
1,<environment.Job instance at 0x7fd0d65a7b40>,4,3,[6 1],5,5,8,0,5
1,<environment.Job instance at 0x7fd0d6c40910>,0,15,[4 5],1,9,24,8,9
1,<environment.Job instance at 0x7fd0d69b9280>,5,16,[4 5],6,12,28,6,12
1,<environment.Job instance at 0x7fd0d66050f0>,12,2,[5 8],13,28,30,15,13
1,<environment.Job instance at 0x7fd121791d70>,13,12,[4 6],14,30,42,16,14
1,<environment.Job instance at 0x7fd11c6fc230>,15,13,[2 6],16,42,55,26,26
1,<environment.Job instance at 0x7fd11c6fc640>,20,1,[4 6],21,55,56,34,27
1,<environment.Job instance at 0x7fd11c6fc5a0>,23,16,[6 5],24,56,72,32,43
1,<environment.Job instance at 0x7fd11c6fc320>,29,15,[6 3],30,72,87,42,59
1,<environment.Job instance at 0x7fd11c4c7230>,32,3,[9 5],33,87,90,54,70
1,<environment.Job instance at 0x7fd11c4c7eb0>,33,12,[6 2],34,90,102,56,73
1,<environment.Job instance at 0x7fd11c4c76e0>,35,16,[5 3],36,102,118,66,91
1,<environment.Job instance at 0x7fd11c43e5a0>,39,13,[3 6],40,101,114,61,101
1,<environment.Job instance at 0x7fd11c43ecd0>,41,14,[4 6],42,114,128,72,101
1,<environment.Job instance at 0x7fd11c6fc9b0>,28,18,[1 9],29,128,146,99,117
1,<environment.Job instance at 0x7fd0d6cda5f0>,46,1,[4 9],47,146,147,99,118
1,<environment.Job instance at 0x7fd11c43e6e0>,49,14,[6 1],50,122,136,72,122
1,<environment.Job instance at 0x7fd0d6cd2b90>,50,3,[2 7],51,147,150,96,122
1,<environment.Job instance at 0x7fd0d6cd2be0>,52,14,[3 9],53,150,164,97,135
1,<environment.Job instance at 0x7fd0d6cc5730>,54,14,[7 4],55,164,178,109,152
1,<environment.Job instance at 0x7fd0d6c239b0>,9,18,[7 3],10,178,196,168,175
1,<environment.Job instance at 0x7fd11c1e32d0>,57,18,[3 6],58,219,237,161,219
1,<environment.Job instance at 0x7fd0d6cb77d0>,61,3,[8 4],62,237,240,175,220
1,<environment.Job instance at 0x7fd0d6cb7910>,63,3,[9 2],64,240,243,176,220
1,<environment.Job instance at 0x7fd0d6cb72d0>,64,18,[4 7],65,244,262,179,244
1,<environment.Job instance at 0x7fd0d6cb7730>,65,12,[5 6],66,262,274,196,249
1,<environment.Job instance at 0x7fd0d6cb7190>,66,17,[5 5],67,274,291,207,273
1,<environment.Job instance at 0x7fd0d6cb7410>,67,13,[8 2],68,293,306,225,293
1,<environment.Job instance at 0x7fd0d6cc0d70>,69,3,[7 4],70,306,309,236,294
1,<environment.Job instance at 0x7fd0d6605aa0>,0,2,[2 7],1,3,5,2,3
1,<environment.Job instance at 0x7fd0d696d2d0>,2,3,[3 8],3,5,8,2,3
1,<environment.Job instance at 0x7fd0d6cc0410>,4,17,[3 6],5,11,28,6,11
1,<environment.Job instance at 0x7fd0d696d8c0>,14,13,[5 4],15,15,28,0,15
1,<environment.Job instance at 0x7fd0d696da50>,11,16,[2 7],12,28,44,16,16
1,<environment.Job instance at 0x7fd0d6718e60>,18,2,[2 7],19,44,46,25,19
1,<environment.Job instance at 0x7fd0d6718050>,19,2,[4 6],20,46,48,26,20
1,<environment.Job instance at 0x7fd0d6718b40>,15,15,[9 1],16,48,63,32,34
1,<environment.Job instance at 0x7fd0d67182d0>,25,16,[1 6],26,48,64,22,43
1,<environment.Job instance at 0x7fd0d696db90>,12,15,[3 8],13,64,79,51,51
1,<environment.Job instance at 0x7fd11c2f2e10>,28,14,[5 4],29,79,93,50,71
1,<environment.Job instance at 0x7fd11c2f2b90>,37,1,[5 7],38,93,94,55,78
1,<environment.Job instance at 0x7fd11c2f21e0>,38,16,[2 7],39,94,110,55,82
1,<environment.Job instance at 0x7fd11c2f2370>,41,13,[ 3 10],42,110,123,68,97
1,<environment.Job instance at 0x7fd11c2e2640>,43,13,[1 7],44,123,136,79,112
1,<environment.Job instance at 0x7fd11c2e22d0>,46,16,[6 1],47,123,139,76,113
1,<environment.Job instance at 0x7fd11c2e2690>,50,16,[5 9],51,139,155,88,127
1,<environment.Job instance at 0x7fd0d6cc07d0>,3,17,[10  5],4,155,172,151,144
1,<environment.Job instance at 0x7fd0d6709280>,57,12,[5 4],58,172,184,114,159
1,<environment.Job instance at 0x7fd0d67095f0>,58,14,[8 1],59,184,198,125,171
1,<environment.Job instance at 0x7fd0d6709dc0>,60,18,[5 8],61,198,216,137,188
1,<environment.Job instance at 0x7fd0d6709320>,64,14,[10  1],65,216,230,151,213
1,<environment.Job instance at 0x7fd0d67091e0>,69,13,[ 2 10],70,230,243,160,225
1,<environment.Job instance at 0x7fd0d6709b40>,70,15,[4 9],71,245,260,174,245
1,<environment.Job instance at 0x7fd0d6710230>,74,2,[5 2],75,692,694,617,692
1,<environment.Job instance at 0x7fd0d67103c0>,76,17,[9 3],77,695,712,618,695
1,<environment.Job instance at 0x7fd0d6710690>,79,15,[5 6],80,712,727,632,698
1,<environment.Job instance at 0x7fd0d6710280>,83,16,[ 4 10],84,727,743,643,727
1,<environment.Job instance at 0x7fd0d67108c0>,85,13,[4 7],86,743,756,657,732
1,<environment.Job instance at 0x7fd11efe1960>,94,15,[7 5],95,756,771,661,748
1,<environment.Job instance at 0x7fd11ef8f8c0>,101,18,[3 7],102,771,789,669,769
1,<environment.Job instance at 0x7fd12166f1e0>,103,14,[5 5],104,789,803,685,776
1,<environment.Job instance at 0x7fd11ed64af0>,106,13,[3 7],107,803,816,696,788
1,<environment.Job instance at 0x7fd11ecd20f0>,9,18,[1 5],10,12,30,2,12
1,<environment.Job instance at 0x7fd11ecd2870>,11,12,[6 3],12,14,26,2,14
1,<environment.Job instance at 0x7fd0dc191d70>,0,18,[9 2],1,26,44,25,16
1,<environment.Job instance at 0x7fd11c50b2d0>,14,12,[1 8],15,30,42,15,27
1,<environment.Job instance at 0x7fd11c42f5f0>,16,13,[9 5],17,44,57,27,28
1,<environment.Job instance at 0x7fd0d679fd20>,19,13,[7 5],20,57,70,37,41
1,<environment.Job instance at 0x7fd0d679f1e0>,21,14,[9 5],22,70,84,48,59
1,<environment.Job instance at 0x7fd0d679ff00>,26,2,[8 3],27,84,86,57,65
1,<environment.Job instance at 0x7fd0d6b4a550>,27,3,[2 8],28,86,89,58,65
1,<environment.Job instance at 0x7fd0d6b4ad70>,29,15,[8 5],30,89,104,59,75
1,<environment.Job instance at 0x7fd0d6b72960>,30,1,[2 6],31,84,85,53,75
1,<environment.Job instance at 0x7fd11ec13dc0>,34,15,[6 4],35,104,119,69,90
1,<environment.Job instance at 0x7fd11e918d70>,40,2,[9 1],41,119,121,78,97
1,<environment.Job instance at 0x7fd11c510550>,42,14,[9 3],43,121,135,78,106
1,<environment.Job instance at 0x7fd11c2034b0>,50,12,[5 9],51,135,147,84,119
1,<environment.Job instance at 0x7fd11c238d70>,46,16,[4 9],47,147,163,100,134
1,<environment.Job instance at 0x7fd11c2eaaf0>,57,16,[8 4],58,163,179,105,150
1,<environment.Job instance at 0x7fd11c28a370>,61,14,[ 5 10],62,179,193,117,164
1,<environment.Job instance at 0x7fd11c2a6c80>,64,17,[8 5],65,193,210,128,181
1,<environment.Job instance at 0x7fd11c28a0a0>,60,17,[8 4],61,210,227,149,200
1,<environment.Job instance at 0x7fd11c297280>,72,1,[5 2],73,227,228,154,205
1,<environment.Job instance at 0x7fd11c297af0>,71,13,[5 2],72,227,240,155,211
1,<environment.Job instance at 0x7fd11c297be0>,76,13,[10  5],77,240,253,163,224
1,<environment.Job instance at 0x7fd11c2a9230>,83,3,[1 6],84,228,231,144,226
1,<environment.Job instance at 0x7fd11c621fa0>,84,15,[8 1],85,253,268,168,239
1,<environment.Job instance at 0x7fd11c2a9870>,82,14,[10  1],83,268,282,185,254
1,<environment.Job instance at 0x7fd11c48ce60>,90,18,[5 4],91,282,300,191,271
1,<environment.Job instance at 0x7fd11c811370>,55,17,[10  3],56,300,317,244,288
1,<environment.Job instance at 0x7fd11c27a960>,98,18,[ 4 10],99,317,335,218,306
1,<environment.Job instance at 0x7fd11c2cf690>,103,16,[3 8],104,335,351,231,333
1,<environment.Job instance at 0x7fd11c2cf140>,106,18,[3 6],107,351,369,244,340
1,<environment.Job instance at 0x7fd11c29b1e0>,109,3,[2 9],110,369,372,259,343
1,<environment.Job instance at 0x7fd11e9233c0>,110,3,[9 2],111,372,375,261,346
1,<environment.Job instance at 0x7fd11e923b90>,111,3,[2 9],112,375,378,263,349
1,<environment.Job instance at 0x7fd11e923c30>,112,3,[10  3],113,378,381,265,352
1,<environment.Job instance at 0x7fd11e9230f0>,114,15,[3 5],115,381,396,266,367
1,<environment.Job instance at 0x7fd11e923870>,115,18,[5 8],116,396,414,280,387
1,<environment.Job instance at 0x7fd11e923e10>,116,18,[3 9],117,414,432,297,405
1,<environment.Job instance at 0x7fd11c25beb0>,2,3,[5 8],3,5,8,2,5
1,<environment.Job instance at 0x7fd11edfee60>,6,12,[3 5],7,8,20,1,7
1,<environment.Job instance at 0x7fd0d6a09aa0>,7,3,[8 3],8,20,23,12,9
1,<environment.Job instance at 0x7fd11c13c0a0>,9,1,[7 3],10,10,11,0,10
1,<environment.Job instance at 0x7fd11c6c4af0>,8,1,[9 5],9,23,24,14,10
1,<environment.Job instance at 0x7fd11c87f6e0>,10,2,[9 4],11,24,26,13,11
1,<environment.Job instance at 0x7fd11e9a8e60>,11,1,[3 8],12,26,27,14,12
1,<environment.Job instance at 0x7fd11eeb1d20>,12,18,[9 2],13,27,45,14,20
1,<environment.Job instance at 0x7fd0d69b30f0>,23,3,[2 6],24,45,48,21,27
1,<environment.Job instance at 0x7fd11c1f8b40>,15,14,[6 3],16,45,59,29,30
1,<environment.Job instance at 0x7fd0d69b3190>,29,14,[8 5],30,59,73,29,44
1,<environment.Job instance at 0x7fd0d69b39b0>,31,15,[7 3],32,73,88,41,59
1,<environment.Job instance at 0x7fd0d69b3230>,32,17,[1 5],33,60,77,27,60
1,<environment.Job instance at 0x7fd0d69b36e0>,35,1,[ 1 10],36,88,89,52,60
1,<environment.Job instance at 0x7fd0d69b3370>,33,3,[3 9],34,89,92,55,63
1,<environment.Job instance at 0x7fd0d6ae3960>,40,18,[5 4],41,112,130,71,112
1,<environment.Job instance at 0x7fd0d6662f00>,45,3,[10  3],46,130,133,84,114
1,<environment.Job instance at 0x7fd0d6662f50>,44,16,[8 1],45,133,149,88,120
1,<environment.Job instance at 0x7fd0d66955a0>,53,3,[7 2],54,149,152,95,133
1,<environment.Job instance at 0x7fd0d66956e0>,55,13,[5 5],56,152,165,96,136
1,<environment.Job instance at 0x7fd0d6695780>,56,18,[1 5],57,139,157,82,139
1,<environment.Job instance at 0x7fd0d66958c0>,58,17,[7 5],59,165,182,106,153
1,<environment.Job instance at 0x7fd0d6695c30>,61,16,[2 5],62,167,183,105,167
1,<environment.Job instance at 0x7fd0d6695c80>,62,15,[2 5],63,182,197,119,171
1,<environment.Job instance at 0x7fd0d6695e10>,63,16,[1 5],64,183,199,119,171
1,<environment.Job instance at 0x7fd0d6695b40>,60,17,[10  1],61,199,216,138,187
1,<environment.Job instance at 0x7fd0d6667320>,71,18,[4 9],72,216,234,144,206
1,<environment.Job instance at 0x7fd0d66675a0>,75,14,[ 3 10],76,234,248,158,220
1,<environment.Job instance at 0x7fd0d6667780>,78,12,[1 9],79,248,260,169,231
1,<environment.Job instance at 0x7fd0d6667e60>,87,2,[3 8],88,260,262,172,243
1,<environment.Job instance at 0x7fd0d6667be0>,85,18,[ 2 10],86,262,280,176,252
1,<environment.Job instance at 0x7fd0d6667cd0>,90,16,[4 8],91,280,296,189,267
1,<environment.Job instance at 0x7fd0d669e320>,94,15,[5 3],95,296,311,201,282
1,<environment.Job instance at 0x7fd0d669e500>,97,12,[9 2],98,311,323,213,294
1,<environment.Job instance at 0x7fd0d669e780>,101,12,[8 2],102,323,335,221,306
1,<environment.Job instance at 0x7fd11e9a8370>,2,3,[3 7],3,3,6,0,3
1,<environment.Job instance at 0x7fd0d669ee60>,0,14,[3 5],1,9,23,8,9
1,<environment.Job instance at 0x7fd11c4c3a50>,6,12,[5 6],7,23,35,16,9
1,<environment.Job instance at 0x7fd0d659b190>,17,14,[ 5 10],18,35,49,17,21
1,<environment.Job instance at 0x7fd0d6b9ca50>,19,16,[6 2],20,49,65,29,36
1,<environment.Job instance at 0x7fd11c714aa0>,23,14,[1 6],24,49,63,25,37
1,<environment.Job instance at 0x7fd0d6653be0>,24,16,[7 3],25,65,81,40,52
1,<environment.Job instance at 0x7fd0d66e93c0>,32,14,[6 1],33,81,95,48,74
1,<environment.Job instance at 0x7fd11c714d20>,22,16,[9 3],23,95,111,72,84
1,<environment.Job instance at 0x7fd0d664edc0>,40,2,[1 9],41,90,92,49,90
1,<environment.Job instance at 0x7fd0d664e8c0>,42,18,[3 6],43,111,129,68,100
1,<environment.Job instance at 0x7fd11c5cd780>,44,3,[1 6],45,100,103,55,100
1,<environment.Job instance at 0x7fd0d659b7d0>,14,16,[8 5],15,129,145,114,116
1,<environment.Job instance at 0x7fd11eadbfa0>,49,15,[6 5],50,145,160,95,131
1,<environment.Job instance at 0x7fd11c0dc500>,41,18,[4 9],42,160,178,118,153
1,<environment.Job instance at 0x7fd0d69b1050>,53,18,[6 3],54,178,196,124,167
1,<environment.Job instance at 0x7fd11c350f00>,52,15,[ 2 10],53,196,211,143,185
1,<environment.Job instance at 0x7fd11ec16780>,54,17,[10  3],55,229,246,174,229
1,<environment.Job instance at 0x7fd0d69b20f0>,57,18,[6 4],58,246,264,188,236
1,<environment.Job instance at 0x7fd11c7b8eb0>,59,15,[9 3],60,264,279,204,261
1,<environment.Job instance at 0x7fd11c32daf0>,63,12,[4 8],64,279,291,215,268
1,<environment.Job instance at 0x7fd0d696d960>,0,2,[7 1],1,2,4,1,2
1,<environment.Job instance at 0x7fd11c2cc0f0>,2,1,[ 3 10],3,5,6,2,5
1,<environment.Job instance at 0x7fd11c1b2f00>,5,3,[10  1],6,9,12,3,9
1,<environment.Job instance at 0x7fd11ea3a910>,7,13,[5 5],8,12,25,4,11
1,<environment.Job instance at 0x7fd11c714780>,3,12,[5 8],4,25,37,21,12
1,<environment.Job instance at 0x7fd11c564b90>,13,3,[6 1],14,37,40,23,14
1,<environment.Job instance at 0x7fd11e9f7460>,15,3,[4 8],16,37,40,21,16
1,<environment.Job instance at 0x7fd11e9d8eb0>,19,2,[4 5],20,20,22,0,20
1,<environment.Job instance at 0x7fd0d69fb6e0>,20,1,[7 1],21,40,41,19,21
1,<environment.Job instance at 0x7fd0d69fbfa0>,21,2,[2 6],22,40,42,18,22
1,<environment.Job instance at 0x7fd11e9d8230>,18,3,[2 8],19,42,45,23,24
1,<environment.Job instance at 0x7fd0d67b08c0>,10,12,[10  4],11,45,57,34,28
1,<environment.Job instance at 0x7fd11e9d5960>,26,1,[5 5],27,57,58,30,33
1,<environment.Job instance at 0x7fd11e89d820>,24,12,[3 9],25,58,70,33,41
1,<environment.Job instance at 0x7fd11c154af0>,28,3,[2 5],29,70,73,41,44
1,<environment.Job instance at 0x7fd0d68985f0>,29,1,[5 1],30,44,45,14,44
1,<environment.Job instance at 0x7fd0d6898b40>,25,15,[5 1],26,57,72,31,45
1,<environment.Job instance at 0x7fd11c811410>,32,3,[10  3],33,73,76,40,49
1,<environment.Job instance at 0x7fd0d6991910>,37,2,[5 7],38,76,78,38,57
1,<environment.Job instance at 0x7fd11c2d2190>,35,13,[5 1],36,76,89,40,61
1,<environment.Job instance at 0x7fd0d68c1f00>,39,1,[6 3],40,72,73,32,61
1,<environment.Job instance at 0x7fd0d6991780>,38,12,[1 6],39,78,90,39,61
1,<environment.Job instance at 0x7fd11c85b910>,44,14,[10  4],45,92,106,47,92
1,<environment.Job instance at 0x7fd11c85b550>,47,13,[7 4],48,106,119,58,92
1,<environment.Job instance at 0x7fd11c578d20>,54,1,[6 5],55,119,120,64,113
1,<environment.Job instance at 0x7fd11c578a50>,55,13,[6 4],56,120,133,64,113
1,<environment.Job instance at 0x7fd11ea5abe0>,50,13,[10  1],51,133,146,82,120
1,<environment.Job instance at 0x7fd11c5781e0>,57,18,[4 7],58,146,164,88,135
1,<environment.Job instance at 0x7fd11c578320>,62,3,[5 1],63,146,149,83,137
1,<environment.Job instance at 0x7fd0d6bdff50>,63,18,[10  5],64,164,182,100,155
1,<environment.Job instance at 0x7fd11c578f50>,66,16,[5 2],67,182,198,115,170
1,<environment.Job instance at 0x7fd11c18a910>,70,3,[ 4 10],71,198,201,127,172
1,<environment.Job instance at 0x7fd11c18ad70>,71,3,[6 5],72,201,204,129,175
1,<environment.Job instance at 0x7fd11e9fe960>,72,15,[ 3 10],73,204,219,131,191
1,<environment.Job instance at 0x7fd11e9fecd0>,76,3,[4 5],77,201,204,124,197
1,<environment.Job instance at 0x7fd11e9fe370>,77,12,[ 3 10],78,219,231,141,202
1,<environment.Job instance at 0x7fd11c57bb40>,81,1,[5 1],82,231,232,149,214
1,<environment.Job instance at 0x7fd0d6afc730>,82,2,[5 7],83,231,233,148,214
1,<environment.Job instance at 0x7fd11c596050>,85,14,[10  1],86,233,247,147,219
1,<environment.Job instance at 0x7fd11c5969b0>,89,17,[8 4],90,247,264,157,235
1,<environment.Job instance at 0x7fd0d6ba6190>,90,3,[ 4 10],91,264,267,173,238
1,<environment.Job instance at 0x7fd11c851d70>,91,16,[2 6],92,247,263,155,239
1,<environment.Job instance at 0x7fd11e99f9b0>,95,17,[1 8],96,267,284,171,255
1,<environment.Job instance at 0x7fd121360d70>,8,2,[5 7],9,18,20,9,18
1,<environment.Job instance at 0x7fd11ed1fe10>,10,16,[1 5],11,20,36,9,18
1,<environment.Job instance at 0x7fd11c6bf6e0>,12,3,[6 2],13,20,23,7,18
1,<environment.Job instance at 0x7fd11c851370>,9,2,[2 5],10,23,25,13,18
1,<environment.Job instance at 0x7fd11c2cc140>,15,1,[2 5],16,25,26,9,18
1,<environment.Job instance at 0x7fd11c6bf0a0>,14,2,[1 7],15,36,38,21,18
1,<environment.Job instance at 0x7fd11c1f6fa0>,20,2,[2 6],21,38,40,17,21
1,<environment.Job instance at 0x7fd11c2ccc80>,16,16,[3 6],17,40,56,23,30
1,<environment.Job instance at 0x7fd11c4d9230>,26,2,[5 5],27,30,32,3,30
1,<environment.Job instance at 0x7fd11c4d9960>,27,2,[9 3],28,32,34,4,30
1,<environment.Job instance at 0x7fd11c4d9f50>,30,3,[8 4],31,56,59,25,43
1,<environment.Job instance at 0x7fd11c4d9e60>,31,13,[5 5],32,59,72,27,44
1,<environment.Job instance at 0x7fd11e8e6fa0>,32,3,[9 3],33,72,75,39,46
1,<environment.Job instance at 0x7fd11c6bfc30>,13,18,[10  5],14,75,93,61,64
1,<environment.Job instance at 0x7fd0d6c22b90>,41,16,[8 1],42,93,109,51,80
1,<environment.Job instance at 0x7fd11c4d90a0>,28,16,[1 8],29,93,109,64,83
1,<environment.Job instance at 0x7fd11e9e8050>,49,15,[6 1],50,109,124,59,95
1,<environment.Job instance at 0x7fd11e9e8140>,50,17,[2 8],51,109,126,58,97
1,<environment.Job instance at 0x7fd11e9e8d20>,56,12,[1 9],57,126,138,69,112
1,<environment.Job instance at 0x7fd11e9e8460>,58,16,[10  3],59,138,154,79,125
1,<environment.Job instance at 0x7fd11e9e8c30>,52,12,[10  3],53,154,166,101,140
1,<environment.Job instance at 0x7fd11ea0a6e0>,69,3,[8 1],70,166,169,96,144
1,<environment.Job instance at 0x7fd11ea0a910>,71,12,[1 7],72,166,178,94,149
1,<environment.Job instance at 0x7fd11ea0a780>,72,17,[1 6],73,178,195,105,168
1,<environment.Job instance at 0x7fd11ea0aaf0>,76,1,[3 5],77,195,196,118,168
1,<environment.Job instance at 0x7fd11ea0ab90>,77,3,[5 5],78,195,198,117,169
1,<environment.Job instance at 0x7fd11e9ef2d0>,83,15,[10  1],84,198,213,114,184
1,<environment.Job instance at 0x7fd11e9ef690>,88,18,[5 6],89,213,231,124,202
1,<environment.Job instance at 0x7fd11e9ef870>,91,12,[8 3],92,231,243,139,216
1,<environment.Job instance at 0x7fd11e9efcd0>,96,2,[5 6],97,247,249,150,247
1,<environment.Job instance at 0x7fd11e9efe60>,97,12,[4 7],98,249,261,151,247
1,<environment.Job instance at 0x7fd11e9efeb0>,98,1,[9 2],99,261,262,162,247
1,<environment.Job instance at 0x7fd11e9eff50>,99,12,[ 5 10],100,262,274,162,252
1,<environment.Job instance at 0x7fd11e9d71e0>,105,2,[1 8],106,274,276,168,262
1,<environment.Job instance at 0x7fd11e9d72d0>,107,14,[8 3],108,276,290,168,265
1,<environment.Job instance at 0x7fd11e9d7550>,2,1,[7 2],3,4,5,1,4
1,<environment.Job instance at 0x7fd11e9a86e0>,0,12,[6 1],1,7,19,6,7
1,<environment.Job instance at 0x7fd0d67f78c0>,6,1,[6 2],7,19,20,12,8
1,<environment.Job instance at 0x7fd11e8a1a50>,11,18,[6 1],12,20,38,8,17
1,<environment.Job instance at 0x7fd11e8a16e0>,13,14,[2 9],14,20,34,6,19
1,<environment.Job instance at 0x7fd11e8a1870>,15,3,[1 7],16,34,37,18,24
1,<environment.Job instance at 0x7fd11e8a1370>,16,12,[3 5],17,37,49,20,24
1,<environment.Job instance at 0x7fd11e8a1410>,17,3,[1 7],18,49,52,31,24
1,<environment.Job instance at 0x7fd11e8a19b0>,19,2,[6 4],20,52,54,32,49
1,<environment.Job instance at 0x7fd11e8a1a00>,18,12,[3 5],19,52,64,33,49
1,<environment.Job instance at 0x7fd11c29b870>,25,3,[9 5],26,64,67,38,49
1,<environment.Job instance at 0x7fd11e8a1500>,24,2,[1 8],25,67,69,42,50
1,<environment.Job instance at 0x7fd11c29b1e0>,30,3,[ 2 10],31,69,72,38,50
1,<environment.Job instance at 0x7fd11c29b0f0>,28,1,[10  4],29,72,73,43,50
1,<environment.Job instance at 0x7fd11c29b410>,33,1,[ 3 10],34,73,74,39,51
1,<environment.Job instance at 0x7fd11c29b5f0>,35,18,[5 5],36,74,92,38,63
1,<environment.Job instance at 0x7fd11c308780>,38,14,[3 7],39,92,106,53,78
1,<environment.Job instance at 0x7fd11c3083c0>,40,17,[4 8],41,106,123,65,94
1,<environment.Job instance at 0x7fd11efd4c80>,49,18,[5 5],50,123,141,73,112
1,<environment.Job instance at 0x7fd11efd42d0>,50,16,[5 4],51,123,139,72,114
1,<environment.Job instance at 0x7fd0d6b304b0>,54,17,[6 1],55,141,158,86,129
1,<environment.Job instance at 0x7fd0d6b30730>,56,17,[3 7],57,141,158,84,130
1,<environment.Job instance at 0x7fd11c6ba500>,60,14,[7 4],61,158,172,97,143
1,<environment.Job instance at 0x7fd11c247690>,63,2,[4 5],64,172,174,108,156
1,<environment.Job instance at 0x7fd11c2478c0>,65,18,[5 3],66,172,190,106,161
1,<environment.Job instance at 0x7fd11c247870>,67,15,[5 1],68,174,189,106,164
1,<environment.Job instance at 0x7fd11c247c30>,70,12,[ 4 10],71,190,202,119,174
1,<environment.Job instance at 0x7fd11c2476e0>,72,16,[9 2],73,202,218,129,189
1,<environment.Job instance at 0x7fd11c2cc1e0>,75,3,[7 2],76,218,221,142,199
1,<environment.Job instance at 0x7fd11c3aa8c0>,81,1,[9 5],82,224,225,142,224
1,<environment.Job instance at 0x7fd11c3aa0f0>,82,3,[5 9],83,225,228,142,224
1,<environment.Job instance at 0x7fd11c3aa320>,83,13,[10  1],84,228,241,144,224
1,<environment.Job instance at 0x7fd11c3aaaa0>,84,2,[8 1],85,241,243,156,224
1,<environment.Job instance at 0x7fd11c3aa4b0>,85,1,[4 6],86,243,244,157,224
1,<environment.Job instance at 0x7fd11c3aad70>,88,18,[5 5],89,252,270,163,252
1,<environment.Job instance at 0x7fd11c3aa640>,90,1,[ 5 10],91,270,271,179,252
1,<environment.Job instance at 0x7fd0d652e2d0>,91,1,[9 3],92,271,272,179,252
1,<environment.Job instance at 0x7fd0d652e3c0>,92,1,[1 7],93,271,272,178,252
1,<environment.Job instance at 0x7fd11ea72a50>,93,1,[5 4],94,252,253,158,252
1,<environment.Job instance at 0x7fd11c0ee870>,96,1,[10  4],97,272,273,175,254
1,<environment.Job instance at 0x7fd11c0ee820>,97,3,[9 4],98,273,276,175,254
1,<environment.Job instance at 0x7fd11c49eb40>,98,14,[9 3],99,276,290,177,262
1,<environment.Job instance at 0x7fd11c49e140>,99,1,[8 3],100,290,291,190,263
1,<environment.Job instance at 0x7fd11c49e640>,100,2,[ 4 10],101,291,293,190,264
1,<environment.Job instance at 0x7fd11c49e3c0>,103,3,[9 5],104,293,296,189,273
1,<environment.Job instance at 0x7fd11c49ea50>,104,16,[5 8],105,296,312,191,283
1,<environment.Job instance at 0x7fd11c49e0f0>,107,12,[10  4],108,312,324,204,297
1,<environment.Job instance at 0x7fd11c49e730>,109,16,[ 3 10],110,324,340,214,311
1,<environment.Job instance at 0x7fd11c620460>,115,13,[6 1],116,340,353,224,324
1,<environment.Job instance at 0x7fd11c620a00>,117,2,[10  1],118,353,355,235,326
1,<environment.Job instance at 0x7fd11c64ac30>,119,13,[3 6],120,340,353,220,326
1,<environment.Job instance at 0x7fd11c64a1e0>,121,3,[3 8],122,355,358,233,329
1,<environment.Job instance at 0x7fd11c64a0f0>,122,2,[2 5],123,358,360,235,331
1,<environment.Job instance at 0x7fd0d696d410>,128,12,[6 2],129,355,367,226,338
1,<environment.Job instance at 0x7fd0d696d5a0>,131,12,[9 4],132,367,379,235,353
1,<environment.Job instance at 0x7fd0d696d820>,132,17,[5 5],133,379,396,246,367
1,<environment.Job instance at 0x7fd0d696d320>,136,1,[1 6],137,370,371,233,370
1,<environment.Job instance at 0x7fd0d65f8c30>,138,2,[ 2 10],139,396,398,257,370
1,<environment.Job instance at 0x7fd0d650ee10>,140,12,[9 2],141,398,410,257,384
1,<environment.Job instance at 0x7fd11c49ef50>,108,12,[3 8],109,410,422,301,393
1,<environment.Job instance at 0x7fd11c5916e0>,144,3,[2 5],145,422,425,277,397
1,<environment.Job instance at 0x7fd11c656be0>,146,15,[6 4],147,422,437,275,410
1,<environment.Job instance at 0x7fd11c656a50>,150,3,[ 5 10],151,437,440,286,413
1,<environment.Job instance at 0x7fd11c6568c0>,151,13,[3 5],152,440,453,288,424
1,<environment.Job instance at 0x7fd0d6af3500>,143,13,[7 3],144,440,453,296,424
1,<environment.Job instance at 0x7fd11ea058c0>,156,12,[10  3],157,453,465,296,436
1,<environment.Job instance at 0x7fd11c687820>,157,2,[10  5],158,465,467,307,438
1,<environment.Job instance at 0x7fd12169b0f0>,5,1,[1 5],6,7,8,1,7
1,<environment.Job instance at 0x7fd11e9d79b0>,11,1,[3 9],12,17,18,5,17
1,<environment.Job instance at 0x7fd11c434280>,15,1,[5 9],16,20,21,4,20
1,<environment.Job instance at 0x7fd11c47b0f0>,18,2,[6 2],19,27,29,8,27
1,<environment.Job instance at 0x7fd11c47bc30>,17,18,[1 8],18,27,45,9,27
1,<environment.Job instance at 0x7fd11c47b870>,20,1,[ 5 10],21,45,46,24,27
1,<environment.Job instance at 0x7fd11c47bb90>,21,3,[10  5],22,46,49,24,27
1,<environment.Job instance at 0x7fd11c47b7d0>,19,17,[6 3],20,49,66,29,37
1,<environment.Job instance at 0x7fd11c47b3c0>,22,18,[1 6],23,49,67,26,39
1,<environment.Job instance at 0x7fd11c47b230>,25,16,[7 4],26,66,82,40,53
1,<environment.Job instance at 0x7fd11c1eaaa0>,39,2,[1 6],40,83,85,43,83
1,<environment.Job instance at 0x7fd11c434eb0>,14,18,[1 8],15,85,103,70,83
1,<environment.Job instance at 0x7fd11c1ea500>,42,16,[7 1],43,83,99,40,83
1,<environment.Job instance at 0x7fd11c1ea960>,43,13,[6 5],44,103,116,59,87
1,<environment.Job instance at 0x7fd11c1eae60>,47,18,[4 5],48,103,121,55,98
1,<environment.Job instance at 0x7fd0d6953050>,49,17,[7 5],50,121,138,71,110
1,<environment.Job instance at 0x7fd0d6953aa0>,54,17,[3 6],55,138,155,83,126
1,<environment.Job instance at 0x7fd11ee48fa0>,58,12,[4 8],59,155,167,96,138
1,<environment.Job instance at 0x7fd11ee484b0>,63,12,[9 4],64,167,179,103,150
1,<environment.Job instance at 0x7fd11ee48960>,66,15,[5 2],67,152,167,85,152
1,<environment.Job instance at 0x7fd0d69532d0>,51,15,[4 9],52,179,194,127,165
1,<environment.Job instance at 0x7fd11ed1fc80>,2,18,[10  3],3,194,212,191,183
1,<environment.Job instance at 0x7fd0d6cd2dc0>,75,13,[ 3 10],76,212,225,136,199
1,<environment.Job instance at 0x7fd0d6cd2230>,79,18,[8 2],80,225,243,145,214
1,<environment.Job instance at 0x7fd0d6cd2190>,82,2,[ 3 10],83,243,245,160,220
1,<environment.Job instance at 0x7fd0d6cd26e0>,84,14,[3 7],85,245,259,160,230
1,<environment.Job instance at 0x7fd0d65850a0>,85,12,[2 6],86,230,242,144,230
1,<environment.Job instance at 0x7fd0d65859b0>,87,12,[3 7],88,259,271,171,242
1,<environment.Job instance at 0x7fd0d6585c30>,88,16,[7 1],89,245,261,156,242
1,<environment.Job instance at 0x7fd0d6585e10>,90,17,[3 8],91,271,288,180,259
1,<environment.Job instance at 0x7fd0d6585aa0>,94,13,[7 1],95,268,281,173,268
1,<environment.Job instance at 0x7fd0d6585eb0>,95,12,[5 5],96,288,300,192,271
1,<environment.Job instance at 0x7fd0d6585730>,97,18,[3 9],98,300,318,202,289
1,<environment.Job instance at 0x7fd0d6b33eb0>,104,15,[6 3],105,318,333,213,305
1,<environment.Job instance at 0x7fd0d6b33be0>,106,16,[2 9],107,333,349,226,320
1,<environment.Job instance at 0x7fd0d6b33780>,109,3,[4 7],110,349,352,239,334
1,<environment.Job instance at 0x7fd11f0280a0>,110,1,[7 3],111,352,353,241,334
1,<environment.Job instance at 0x7fd11f028aa0>,113,2,[9 1],114,353,355,239,334
1,<environment.Job instance at 0x7fd11f028050>,115,3,[4 5],116,355,358,239,334
1,<environment.Job instance at 0x7fd11f0284b0>,116,2,[8 2],117,358,360,241,334
1,<environment.Job instance at 0x7fd11f028820>,117,3,[10  4],118,360,363,242,334
1,<environment.Job instance at 0x7fd11c47baa0>,2,2,[5 5],3,3,5,0,3
1,<environment.Job instance at 0x7fd0d69539b0>,3,1,[3 5],4,5,6,1,5
1,<environment.Job instance at 0x7fd11c47b5a0>,4,2,[6 5],5,5,7,0,5
1,<environment.Job instance at 0x7fd11f0285a0>,5,1,[ 4 10],6,7,8,1,7
1,<environment.Job instance at 0x7fd0d6b45b90>,11,13,[8 2],12,13,26,1,13
1,<environment.Job instance at 0x7fd11c19f5a0>,12,3,[5 5],13,26,29,13,14
1,<environment.Job instance at 0x7fd11ec807d0>,14,1,[10  2],15,29,30,14,16
1,<environment.Job instance at 0x7fd11c47b780>,0,17,[6 1],1,30,47,29,19
1,<environment.Job instance at 0x7fd11c2eb5f0>,21,15,[5 1],22,47,62,25,33
1,<environment.Job instance at 0x7fd11c372690>,19,17,[4 6],20,33,50,13,33
1,<environment.Job instance at 0x7fd0d68ecbe0>,32,17,[ 1 10],33,62,79,29,52
1,<environment.Job instance at 0x7fd0d68eccd0>,34,15,[7 5],35,79,94,44,65
1,<environment.Job instance at 0x7fd0d6a1deb0>,36,15,[5 5],37,94,109,57,80
1,<environment.Job instance at 0x7fd0d6a12f00>,38,12,[3 7],39,109,121,70,93
1,<environment.Job instance at 0x7fd11eb5ab90>,40,18,[2 9],41,121,139,80,110
1,<environment.Job instance at 0x7fd11c174960>,46,13,[10  2],47,139,152,92,123
1,<environment.Job instance at 0x7fd11c174cd0>,52,16,[5 3],53,152,168,99,139
1,<environment.Job instance at 0x7fd11c166f50>,57,12,[ 2 10],58,168,180,110,153
1,<environment.Job instance at 0x7fd11eadfcd0>,26,15,[10  5],27,329,344,302,329
1,<environment.Job instance at 0x7fd11c1666e0>,61,14,[ 5 10],62,344,358,282,338
1,<environment.Job instance at 0x7fd11c166460>,62,17,[5 8],63,407,424,344,407
1,<environment.Job instance at 0x7fd11c166870>,63,14,[5 7],64,424,438,360,416
1,<environment.Job instance at 0x7fd11c175e60>,65,12,[ 4 10],66,468,480,402,468
1,<environment.Job instance at 0x7fd11c157e10>,69,16,[1 8],70,480,496,410,477
1,<environment.Job instance at 0x7fd11c868a50>,75,15,[4 9],76,496,511,420,485
1,<environment.Job instance at 0x7fd11c888a50>,76,16,[6 2],77,511,527,434,499
1,<environment.Job instance at 0x7fd11c4b97d0>,82,3,[9 2],83,527,530,444,502
1,<environment.Job instance at 0x7fd0d6927780>,84,2,[2 7],85,511,513,426,502
1,<environment.Job instance at 0x7fd11c0d25f0>,87,14,[5 6],88,530,544,442,515
1,<environment.Job instance at 0x7fd11c0d2640>,89,18,[5 3],90,530,548,440,521
1,<environment.Job instance at 0x7fd11c844050>,92,2,[ 4 10],93,548,550,455,521
1,<environment.Job instance at 0x7fd11ec80eb0>,0,1,[2 9],1,3,4,2,3
1,<environment.Job instance at 0x7fd0d6c97fa0>,4,3,[6 2],5,5,8,0,5
1,<environment.Job instance at 0x7fd0d643da00>,6,3,[5 3],7,8,11,1,7
1,<environment.Job instance at 0x7fd0d6b45e10>,10,15,[8 2],11,13,28,2,13
1,<environment.Job instance at 0x7fd0d65a7a50>,14,1,[8 1],15,28,29,13,16
1,<environment.Job instance at 0x7fd0d67deaa0>,12,15,[9 5],13,29,44,16,16
1,<environment.Job instance at 0x7fd0d65a7f00>,15,1,[10  4],16,44,45,28,17
1,<environment.Job instance at 0x7fd11c2a9370>,19,2,[7 1],20,45,47,25,20
1,<environment.Job instance at 0x7fd0d643d140>,5,14,[8 2],6,47,61,41,35
1,<environment.Job instance at 0x7fd11ef47820>,22,1,[ 3 10],23,61,62,38,35
1,<environment.Job instance at 0x7fd11ef47dc0>,24,2,[2 5],25,45,47,20,36
1,<environment.Job instance at 0x7fd11ef47aa0>,23,13,[8 4],24,62,75,38,48
1,<environment.Job instance at 0x7fd11ec64a00>,27,3,[8 4],28,75,78,47,50
1,<environment.Job instance at 0x7fd0d6442a50>,18,18,[10  5],19,78,96,59,67
1,<environment.Job instance at 0x7fd11c2f2f00>,34,14,[5 5],35,96,110,61,81
1,<environment.Job instance at 0x7fd11c4e8820>,36,12,[5 9],37,110,122,73,93
1,<environment.Job instance at 0x7fd0d65161e0>,11,16,[4 9],12,122,138,110,120
1,<environment.Job instance at 0x7fd0d68bf9b0>,44,3,[7 5],45,138,141,93,124
1,<environment.Job instance at 0x7fd11ecd4730>,45,2,[5 6],46,141,143,95,124
1,<environment.Job instance at 0x7fd0d6c77be0>,47,14,[4 9],48,382,396,334,382
1,<environment.Job instance at 0x7fd0d6696d70>,6,3,[9 4],7,7,10,0,7
1,<environment.Job instance at 0x7fd0d6442fa0>,5,3,[4 8],6,10,13,4,8
1,<environment.Job instance at 0x7fd11eb49870>,7,12,[6 5],8,13,25,5,9
1,<environment.Job instance at 0x7fd11eb49dc0>,11,3,[8 3],12,25,28,13,12
1,<environment.Job instance at 0x7fd11eb492d0>,12,2,[9 2],13,28,30,15,13
1,<environment.Job instance at 0x7fd11eb493c0>,9,15,[7 2],10,30,45,20,18
1,<environment.Job instance at 0x7fd11eb49be0>,18,3,[ 3 10],19,45,48,26,30
1,<environment.Job instance at 0x7fd11eb496e0>,19,13,[4 7],20,48,61,28,32
1,<environment.Job instance at 0x7fd11c467870>,24,17,[3 5],25,61,78,36,50
1,<environment.Job instance at 0x7fd11eb499b0>,21,14,[6 4],22,61,75,39,51
1,<environment.Job instance at 0x7fd11c467d70>,27,3,[7 3],28,75,78,47,51
1,<environment.Job instance at 0x7fd11c4675f0>,29,2,[7 2],30,78,80,48,51
1,<environment.Job instance at 0x7fd11c467af0>,31,2,[2 5],32,78,80,46,51
1,<environment.Job instance at 0x7fd11c467190>,33,12,[ 3 10],34,80,92,46,66
1,<environment.Job instance at 0x7fd11f07a5f0>,39,14,[1 5],40,92,106,52,80
1,<environment.Job instance at 0x7fd11c4670f0>,32,13,[9 5],33,92,105,59,82
1,<environment.Job instance at 0x7fd11f07a410>,41,16,[1 8],42,106,122,64,105
1,<environment.Job instance at 0x7fd0d63baaf0>,48,2,[5 4],49,122,124,73,105
1,<environment.Job instance at 0x7fd11f07a820>,47,3,[4 8],48,124,127,76,106
1,<environment.Job instance at 0x7fd0d63ba8c0>,53,3,[1 5],54,127,130,73,106
1,<environment.Job instance at 0x7fd0d63ba190>,52,13,[8 1],53,131,144,78,131
1,<environment.Job instance at 0x7fd0d62f2730>,55,2,[ 5 10],56,144,146,88,131
1,<environment.Job instance at 0x7fd0d62f2a50>,57,1,[5 2],58,146,147,88,131
1,<environment.Job instance at 0x7fd0d62f2eb0>,59,14,[8 1],60,147,161,87,132
1,<environment.Job instance at 0x7fd0d62f2910>,61,17,[6 2],62,161,178,99,150
1,<environment.Job instance at 0x7fd0d62f23c0>,62,1,[2 5],63,150,151,87,150
1,<environment.Job instance at 0x7fd0d62f2370>,65,12,[2 6],66,152,164,86,152
1,<environment.Job instance at 0x7fd0d62f2d70>,66,1,[9 2],67,178,179,111,153
1,<environment.Job instance at 0x7fd0d62f2f50>,67,13,[2 7],68,164,177,96,153
1,<environment.Job instance at 0x7fd0d62f25f0>,68,3,[7 2],69,179,182,110,153
1,<environment.Job instance at 0x7fd0d62f0140>,77,17,[2 8],78,179,196,101,168
1,<environment.Job instance at 0x7fd0d62f00f0>,81,18,[8 2],82,182,200,100,181
1,<environment.Job instance at 0x7fd0d62f0e10>,82,16,[ 1 10],83,200,216,117,187
1,<environment.Job instance at 0x7fd0d62f1d70>,85,14,[5 5],86,216,230,130,201
1,<environment.Job instance at 0x7fd0d62f17d0>,87,17,[2 5],88,216,233,128,204
1,<environment.Job instance at 0x7fd0d62f1410>,89,17,[9 4],90,233,250,143,222
1,<environment.Job instance at 0x7fd0d62f13c0>,93,17,[7 4],94,250,267,156,238
1,<environment.Job instance at 0x7fd0d62f1820>,97,14,[6 2],98,267,281,169,252
1,<environment.Job instance at 0x7fd11c467690>,25,18,[ 3 10],26,281,299,255,271
1,<environment.Job instance at 0x7fd0d63dec30>,6,1,[2 8],7,7,8,0,7
1,<environment.Job instance at 0x7fd0d62f0f00>,0,3,[10  5],1,8,11,7,8
1,<environment.Job instance at 0x7fd0d643d460>,4,13,[1 6],5,11,24,6,9
1,<environment.Job instance at 0x7fd0d65b50a0>,1,14,[1 7],2,24,38,22,11
1,<environment.Job instance at 0x7fd0d6639500>,8,13,[5 2],9,13,26,4,13
1,<environment.Job instance at 0x7fd11ea3a2d0>,13,2,[1 7],14,38,40,24,14
1,<environment.Job instance at 0x7fd11c106550>,7,18,[3 8],8,40,58,32,29
1,<environment.Job instance at 0x7fd11c4d2be0>,20,12,[3 6],21,58,70,37,41
1,<environment.Job instance at 0x7fd11f074140>,21,14,[7 4],22,58,72,36,44
1,<environment.Job instance at 0x7fd11f0746e0>,24,15,[5 2],25,72,87,47,58
1,<environment.Job instance at 0x7fd11f074af0>,25,14,[1 5],26,70,84,44,58
1,<environment.Job instance at 0x7fd11ea3a870>,15,16,[ 4 10],16,87,103,71,75
1,<environment.Job instance at 0x7fd0d6b9cd70>,35,1,[10  5],36,103,104,67,98
1,<environment.Job instance at 0x7fd0d64e2370>,38,17,[8 1],39,104,121,65,99
1,<environment.Job instance at 0x7fd0d64e25a0>,41,2,[2 8],42,135,137,93,135
1,<environment.Job instance at 0x7fd11c3e5fa0>,46,2,[4 9],47,140,142,93,140
1,<environment.Job instance at 0x7fd11c288280>,11,17,[9 5],12,142,159,130,140
1,<environment.Job instance at 0x7fd0d64846e0>,50,3,[6 2],51,159,162,108,145
1,<environment.Job instance at 0x7fd11e8cddc0>,51,16,[5 8],52,162,178,110,151
1,<environment.Job instance at 0x7fd11e899320>,55,12,[9 1],56,178,190,122,163
1,<environment.Job instance at 0x7fd11e899c30>,58,1,[1 7],59,185,186,126,185
1,<environment.Job instance at 0x7fd11e899af0>,59,1,[10  4],60,190,191,130,185
1,<environment.Job instance at 0x7fd11e899730>,60,1,[4 7],61,191,192,130,185
1,<environment.Job instance at 0x7fd11e899910>,62,16,[1 9],63,192,208,129,185
1,<environment.Job instance at 0x7fd0d69e00a0>,29,16,[ 5 10],30,208,224,178,198
1,<environment.Job instance at 0x7fd11e8a2730>,67,15,[5 8],68,224,239,156,212
1,<environment.Job instance at 0x7fd11ec79a50>,5,3,[7 4],6,6,9,0,6
1,<environment.Job instance at 0x7fd0d62f2230>,4,1,[5 4],5,9,10,4,6
1,<environment.Job instance at 0x7fd0d63ba9b0>,8,1,[3 8],9,10,11,1,9
1,<environment.Job instance at 0x7fd0d69e62d0>,0,16,[5 1],1,18,34,17,18
1,<environment.Job instance at 0x7fd0d643d050>,15,3,[1 8],16,18,21,2,18
1,<environment.Job instance at 0x7fd0d643d7d0>,16,1,[5 8],17,21,22,4,18
1,<environment.Job instance at 0x7fd0d643de60>,14,3,[7 2],15,34,37,19,19
1,<environment.Job instance at 0x7fd0d643df00>,12,3,[6 5],13,37,40,24,20
1,<environment.Job instance at 0x7fd0d63ba3c0>,10,3,[9 5],11,40,43,29,20
1,<environment.Job instance at 0x7fd0d6413050>,22,3,[5 5],23,26,29,3,26
1,<environment.Job instance at 0x7fd1216630a0>,21,12,[7 5],22,45,57,23,45
1,<environment.Job instance at 0x7fd11e9d5460>,26,16,[ 5 10],27,57,73,30,45
1,<environment.Job instance at 0x7fd11e9d5640>,24,14,[3 5],25,73,87,48,59
1,<environment.Job instance at 0x7fd11c5a2f00>,32,1,[10  1],33,87,88,54,59
1,<environment.Job instance at 0x7fd11c1c8320>,35,13,[6 4],36,73,86,37,66
1,<environment.Job instance at 0x7fd11ede0e10>,39,15,[8 3],40,88,103,48,78
1,<environment.Job instance at 0x7fd11ec0b730>,42,2,[ 5 10],43,103,105,60,99
1,<environment.Job instance at 0x7fd0d6c3a8c0>,43,2,[3 7],44,105,107,61,99
1,<environment.Job instance at 0x7fd0d6c03b90>,46,3,[8 4],47,107,110,60,103
1,<environment.Job instance at 0x7fd11e9d5280>,25,17,[10  2],26,110,127,84,103
1,<environment.Job instance at 0x7fd0d65c4aa0>,48,1,[8 5],49,127,128,78,103
1,<environment.Job instance at 0x7fd0d65c4780>,49,17,[6 3],50,128,145,78,116
1,<environment.Job instance at 0x7fd0d65c4e10>,52,14,[10  1],53,145,159,92,134
1,<environment.Job instance at 0x7fd0d65c4fa0>,54,2,[ 3 10],55,159,161,104,140
1,<environment.Job instance at 0x7fd0d65c4460>,55,2,[4 5],56,140,142,84,140
1,<environment.Job instance at 0x7fd0d65c46e0>,56,16,[3 5],57,161,177,104,149
1,<environment.Job instance at 0x7fd0d65c4730>,57,14,[5 1],58,161,175,103,149
1,<environment.Job instance at 0x7fd0d65c4550>,59,2,[6 5],60,175,177,115,154
1,<environment.Job instance at 0x7fd0d65c4370>,53,12,[ 1 10],54,177,189,123,163
1,<environment.Job instance at 0x7fd11ef8ffa0>,65,12,[6 2],66,189,201,123,175
1,<environment.Job instance at 0x7fd0d6ac75a0>,67,14,[1 5],68,189,203,121,175
1,<environment.Job instance at 0x7fd0d65fd640>,47,18,[7 1],48,201,219,153,190
1,<environment.Job instance at 0x7fd11c6f2320>,73,3,[10  2],74,219,222,145,201
1,<environment.Job instance at 0x7fd121367eb0>,78,3,[10  2],79,222,225,143,215
1,<environment.Job instance at 0x7fd1213678c0>,80,1,[10  2],81,225,226,144,215
1,<environment.Job instance at 0x7fd1213671e0>,81,1,[7 4],82,226,227,144,215
1,<environment.Job instance at 0x7fd1213670f0>,82,1,[10  4],83,227,228,144,215
1,<environment.Job instance at 0x7fd1218d1550>,85,1,[3 9],86,218,219,132,218
1,<environment.Job instance at 0x7fd0d6c23730>,88,18,[3 7],89,235,253,146,235
1,<environment.Job instance at 0x7fd11c6f25a0>,76,12,[ 3 10],77,253,265,176,241
1,<environment.Job instance at 0x7fd0d64887d0>,92,12,[6 3],93,265,277,172,248
1,<environment.Job instance at 0x7fd0d6488190>,96,14,[6 2],97,277,291,180,264
1,<environment.Job instance at 0x7fd11e96b5a0>,7,13,[4 7],8,8,21,0,8
1,<environment.Job instance at 0x7fd11ec16910>,12,12,[1 5],13,21,33,8,13
1,<environment.Job instance at 0x7fd11ec16c80>,14,14,[9 2],15,21,35,6,15
1,<environment.Job instance at 0x7fd11ec16640>,17,15,[3 7],18,36,51,18,36
1,<environment.Job instance at 0x7fd11ec166e0>,8,15,[4 7],9,51,66,42,37
1,<environment.Job instance at 0x7fd1218d9aa0>,24,2,[8 3],25,66,68,41,42
1,<environment.Job instance at 0x7fd1218d9780>,25,16,[7 4],26,68,84,42,55
1,<environment.Job instance at 0x7fd1218d9960>,28,3,[7 4],29,84,87,55,58
1,<environment.Job instance at 0x7fd1218d9d20>,30,14,[5 3],31,87,101,56,72
1,<environment.Job instance at 0x7fd11edff410>,35,3,[2 8],36,101,104,65,84
1,<environment.Job instance at 0x7fd11c888aa0>,40,13,[5 2],41,111,124,70,111
1,<environment.Job instance at 0x7fd11c888b90>,41,2,[2 9],42,124,126,82,111
1,<environment.Job instance at 0x7fd11edffb90>,34,13,[5 9],35,133,146,98,133
1,<environment.Job instance at 0x7fd11c888d70>,47,12,[6 5],48,146,158,98,137
1,<environment.Job instance at 0x7fd11ec16190>,22,14,[2 8],23,158,172,135,144
1,<environment.Job instance at 0x7fd11c888320>,50,18,[5 7],51,172,190,121,162
1,<environment.Job instance at 0x7fd11c3de140>,54,12,[ 2 10],55,190,202,135,174
1,<environment.Job instance at 0x7fd11c3deaa0>,63,14,[7 3],64,202,216,138,190
1,<environment.Job instance at 0x7fd11c3de5a0>,66,3,[10  3],67,216,219,149,191
1,<environment.Job instance at 0x7fd11c3ded70>,68,14,[3 9],69,219,233,150,204
1,<environment.Job instance at 0x7fd0d63a3320>,73,18,[5 9],74,233,251,159,224
1,<environment.Job instance at 0x7fd0d63a3b90>,76,12,[5 5],77,251,263,174,235
1,<environment.Job instance at 0x7fd0d63a3be0>,77,18,[3 5],78,251,269,173,244
1,<environment.Job instance at 0x7fd0d63a35a0>,81,12,[5 4],82,263,275,181,263
1,<environment.Job instance at 0x7fd11ec16d20>,10,17,[9 5],11,275,292,264,264
1,<environment.Job instance at 0x7fd11ee19960>,89,13,[4 9],90,292,305,202,278
1,<environment.Job instance at 0x7fd11ee19230>,93,14,[5 2],94,305,319,211,290
1,<environment.Job instance at 0x7fd11ee19c80>,91,17,[1 5],92,305,322,213,293
1,<environment.Job instance at 0x7fd1214e0870>,99,16,[9 2],100,348,364,248,348
1,<environment.Job instance at 0x7fd1214e0b90>,101,14,[ 2 10],102,364,378,262,352
1,<environment.Job instance at 0x7fd11ea92820>,104,17,[9 4],105,382,399,277,382
1,<environment.Job instance at 0x7fd11ea925f0>,107,13,[1 7],108,399,412,291,385
1,<environment.Job instance at 0x7fd11ea92e10>,108,13,[5 6],109,412,425,303,397
1,<environment.Job instance at 0x7fd11ea92550>,110,16,[5 4],111,479,495,368,479
1,<environment.Job instance at 0x7fd11ea92280>,113,13,[7 2],114,495,508,381,479
1,<environment.Job instance at 0x7fd11ea92190>,115,16,[3 6],116,507,523,391,507
1,<environment.Job instance at 0x7fd1218e2a00>,117,14,[3 9],118,525,539,407,525
1,<environment.Job instance at 0x7fd1218e2870>,118,15,[8 3],119,539,554,420,529
1,<environment.Job instance at 0x7fd1218e2820>,123,18,[1 8],124,582,600,458,582
1,<environment.Job instance at 0x7fd1218e29b0>,124,15,[ 2 10],125,600,615,475,586
1,<environment.Job instance at 0x7fd11c2bf780>,129,15,[6 5],130,615,630,485,602
1,<environment.Job instance at 0x7fd11c2bf7d0>,132,14,[ 2 10],133,630,644,497,621
1,<environment.Job instance at 0x7fd11c2bff00>,134,13,[10  1],135,644,657,509,630
1,<environment.Job instance at 0x7fd11c2bf230>,138,17,[ 1 10],139,657,674,518,645
1,<environment.Job instance at 0x7fd11c2bf050>,143,17,[2 8],144,674,691,530,666
1,<environment.Job instance at 0x7fd0d66081e0>,144,12,[6 1],145,674,686,529,667
1,<environment.Job instance at 0x7fd0d6608320>,145,14,[ 4 10],146,691,705,545,683
1,<environment.Job instance at 0x7fd0d6608eb0>,148,2,[4 9],149,705,707,556,683
1,<environment.Job instance at 0x7fd0d66010a0>,152,2,[5 2],153,687,689,534,687
1,<environment.Job instance at 0x7fd11efee280>,153,16,[1 8],154,707,723,553,699
1,<environment.Job instance at 0x7fd0d6678dc0>,154,13,[8 5],155,723,736,568,710
1,<environment.Job instance at 0x7fd0d66bb550>,157,17,[2 7],158,736,753,578,724
1,<environment.Job instance at 0x7fd11e96b140>,3,12,[6 3],4,4,16,0,4
1,<environment.Job instance at 0x7fd11c148730>,4,3,[9 1],5,16,19,11,5
1,<environment.Job instance at 0x7fd11c148aa0>,5,2,[10  1],6,19,21,13,6
1,<environment.Job instance at 0x7fd11ecafe60>,6,1,[ 3 10],7,21,22,14,7
1,<environment.Job instance at 0x7fd0d65c4b40>,7,3,[5 1],8,22,25,14,8
1,<environment.Job instance at 0x7fd11e8d5f50>,1,18,[2 8],2,22,40,20,14
1,<environment.Job instance at 0x7fd0d66d4690>,18,3,[9 1],19,40,43,21,19
1,<environment.Job instance at 0x7fd0d66d4370>,19,3,[4 9],20,43,46,23,21
1,<environment.Job instance at 0x7fd0d66d4fa0>,21,2,[5 5],22,46,48,24,22
1,<environment.Job instance at 0x7fd0d66d4140>,22,3,[6 3],23,48,51,25,23
1,<environment.Job instance at 0x7fd0d66d4460>,23,3,[10  2],24,51,54,27,25
1,<environment.Job instance at 0x7fd11ea2a640>,13,18,[5 6],14,54,72,40,43
1,<environment.Job instance at 0x7fd0d66d4820>,26,17,[10  3],27,72,89,45,61
1,<environment.Job instance at 0x7fd0d66c0820>,35,15,[5 2],36,100,115,64,100
1,<environment.Job instance at 0x7fd0d66d4500>,32,14,[5 8],33,100,114,67,100
1,<environment.Job instance at 0x7fd0d66c0f00>,38,3,[10  1],39,115,118,76,100
1,<environment.Job instance at 0x7fd0d66c02d0>,40,16,[6 1],41,118,134,77,105
1,<environment.Job instance at 0x7fd0d66c0640>,44,1,[7 5],45,134,135,89,110
1,<environment.Job instance at 0x7fd0d66c0d20>,46,15,[6 2],47,135,150,88,126
1,<environment.Job instance at 0x7fd0d66c04b0>,49,1,[3 7],50,126,127,76,126
1,<environment.Job instance at 0x7fd0d66d51e0>,50,2,[1 7],51,127,129,76,126
1,<environment.Job instance at 0x7fd0d66d5dc0>,51,12,[3 5],52,129,141,77,126
1,<environment.Job instance at 0x7fd0d66d5a50>,53,2,[5 4],54,150,152,96,126
1,<environment.Job instance at 0x7fd0d66d4d20>,29,12,[2 8],30,152,164,122,135
1,<environment.Job instance at 0x7fd0d66d5230>,56,1,[9 5],57,164,165,107,136
1,<environment.Job instance at 0x7fd0d66c0eb0>,36,16,[ 1 10],37,166,182,129,166
1,<environment.Job instance at 0x7fd0d66d5cd0>,60,18,[5 4],61,182,200,121,171
1,<environment.Job instance at 0x7fd0d66d5fa0>,57,18,[3 8],58,200,218,142,195
1,<environment.Job instance at 0x7fd11ea1ad70>,67,17,[10  5],68,218,235,150,208
1,<environment.Job instance at 0x7fd11ea1a5a0>,69,3,[5 8],70,235,238,165,215
1,<environment.Job instance at 0x7fd11ea1a3c0>,73,18,[5 4],74,238,256,164,227
1,<environment.Job instance at 0x7fd11ea1a6e0>,75,14,[6 2],76,256,270,180,244
1,<environment.Job instance at 0x7fd11ea1a870>,76,18,[3 7],77,256,274,179,246
1,<environment.Job instance at 0x7fd11ea1a050>,77,16,[7 4],78,274,290,196,262
1,<environment.Job instance at 0x7fb657ea6550>,6,20,[6 1],7,7,27,0,7
1,<environment.Job instance at 0x7fb657ea6960>,11,15,[4 8],12,22,37,10,22
1,<environment.Job instance at 0x7fb657ea6c80>,14,13,[7 3],15,37,50,22,22
1,<environment.Job instance at 0x7fb657ea6e60>,17,3,[4 9],18,50,53,32,24
1,<environment.Job instance at 0x7fb657ea6f00>,18,3,[4 7],19,53,56,34,27
1,<environment.Job instance at 0x7fb657ea68c0>,10,12,[3 7],11,37,49,26,28
1,<environment.Job instance at 0x7fb657ea6a50>,21,1,[6 5],22,56,57,34,32
1,<environment.Job instance at 0x7fb657ea6d20>,15,18,[2 8],16,57,75,41,49
1,<environment.Job instance at 0x7fb657ea9af0>,29,12,[5 4],30,75,87,45,58
1,<environment.Job instance at 0x7fb657ea9b90>,30,14,[5 2],31,58,72,27,58
1,<environment.Job instance at 0x7fb657ea9c30>,31,14,[2 5],32,75,89,43,60
1,<environment.Job instance at 0x7fb657ea9e60>,32,3,[5 1],33,72,75,39,60
1,<environment.Job instance at 0x7fb657ea9f50>,35,15,[9 5],36,89,104,53,75
1,<environment.Job instance at 0x7fb657eaa140>,37,2,[2 6],38,104,106,66,86
1,<environment.Job instance at 0x7fb657eaa1e0>,38,2,[ 1 10],39,106,108,67,86
1,<environment.Job instance at 0x7fb657eaa280>,39,2,[5 6],40,108,110,68,86
1,<environment.Job instance at 0x7fb657ea9460>,25,12,[ 5 10],26,110,122,84,94
1,<environment.Job instance at 0x7fb657eaa5a0>,44,3,[5 5],45,122,125,77,102
1,<environment.Job instance at 0x7fb657eaa640>,45,13,[6 5],46,125,138,79,110
1,<environment.Job instance at 0x7fb657eaa780>,47,2,[6 5],48,138,140,90,120
1,<environment.Job instance at 0x7fb657eaa820>,48,15,[10  1],49,140,155,91,126
1,<environment.Job instance at 0x7fb657eaa320>,40,15,[10  3],41,155,170,114,151
1,<environment.Job instance at 0x7fb657eaadc0>,2,1,[6 4],3,3,4,0,3
1,<environment.Job instance at 0x7fb657eb3b40>,1,2,[5 5],2,5,7,3,5
1,<environment.Job instance at 0x7fb657ec0e10>,4,19,[6 1],5,7,26,2,6
1,<environment.Job instance at 0x7fb657ec2cd0>,11,13,[8 5],12,27,40,15,27
1,<environment.Job instance at 0x7fb657ec2c80>,9,14,[2 6],10,40,54,30,28
1,<environment.Job instance at 0x7fb657ec2500>,19,12,[9 3],20,54,66,34,39
1,<environment.Job instance at 0x7fb657ec5370>,22,3,[10  2],23,66,69,43,40
1,<environment.Job instance at 0x7fb657ec5910>,26,14,[5 5],27,69,83,42,54
1,<environment.Job instance at 0x7fb657ec8f00>,31,14,[1 6],32,83,97,51,68
1,<environment.Job instance at 0x7fb657ec8d20>,33,14,[7 5],34,97,111,63,82
1,<environment.Job instance at 0x7fb657ec9b90>,40,3,[5 6],41,111,114,70,87
1,<environment.Job instance at 0x7fb61422d410>,43,2,[5 6],44,114,116,70,89
1,<environment.Job instance at 0x7fb61422b230>,46,12,[ 3 10],47,116,128,69,102
1,<environment.Job instance at 0x7fb61422bc30>,50,18,[4 5],51,128,146,77,117
1,<environment.Job instance at 0x7fb61422ba00>,54,16,[9 4],55,146,162,91,138
1,<environment.Job instance at 0x7fb657ec2780>,20,18,[10  3],21,167,185,146,167
1,<environment.Job instance at 0x7fb61422c690>,59,13,[6 3],60,185,198,125,170
1,<environment.Job instance at 0x7fb61422c280>,63,1,[ 4 10],64,198,199,134,175
1,<environment.Job instance at 0x7fb6142c5050>,64,3,[4 7],65,185,188,120,176
1,<environment.Job instance at 0x7fb6142a2f00>,65,1,[10  1],66,199,200,133,176
1,<environment.Job instance at 0x7fb6142a2370>,67,3,[1 6],68,188,191,120,180
1,<environment.Job instance at 0x7fb61432a9b0>,68,18,[6 3],69,200,218,131,189
1,<environment.Job instance at 0x7fb6142bddc0>,71,2,[9 5],72,218,220,146,194
1,<environment.Job instance at 0x7fb6142c2d20>,76,16,[7 4],77,220,236,143,220
1,<environment.Job instance at 0x7fb6142c2820>,79,3,[5 1],80,236,239,156,220
1,<environment.Job instance at 0x7fb614425320>,80,3,[7 3],81,239,242,158,220
1,<environment.Job instance at 0x7fb61422cc30>,56,14,[10  1],57,242,256,185,227
1,<environment.Job instance at 0x7fb614564500>,83,12,[9 1],84,256,268,172,239
1,<environment.Job instance at 0x7fb61438ca00>,91,1,[ 2 10],92,268,269,176,252
1,<environment.Job instance at 0x7fb61438cd20>,95,2,[1 5],96,256,258,160,256
1,<environment.Job instance at 0x7fb61438c9b0>,96,3,[8 4],97,269,272,172,257
1,<environment.Job instance at 0x7fb6143bb0a0>,97,13,[9 2],98,272,285,174,262
1,<environment.Job instance at 0x7fb6143cc050>,100,17,[2 6],101,285,302,184,276
1,<environment.Job instance at 0x7fb6143ac5a0>,88,18,[4 5],89,302,320,213,299
1,<environment.Job instance at 0x7fb614380e10>,110,2,[ 5 10],111,320,322,209,301
1,<environment.Job instance at 0x7fb6143802d0>,114,15,[10  4],115,322,337,207,310
1,<environment.Job instance at 0x7fb657ec82d0>,2,13,[1 6],3,3,16,0,3
1,<environment.Job instance at 0x7fb614380460>,3,3,[3 5],4,16,19,12,4
1,<environment.Job instance at 0x7fb657ec22d0>,0,15,[7 1],1,5,20,4,5
1,<environment.Job instance at 0x7fb657ec0f50>,4,14,[1 5],5,19,33,14,6
1,<environment.Job instance at 0x7fb61459ffa0>,6,1,[2 6],7,33,34,26,7
1,<environment.Job instance at 0x7fb61438ccd0>,8,2,[5 7],9,34,36,25,9
1,<environment.Job instance at 0x7fb658104320>,10,14,[8 3],11,20,34,9,12
1,<environment.Job instance at 0x7fb6140efd70>,11,2,[6 3],12,36,38,24,13
1,<environment.Job instance at 0x7fb6141e6230>,16,16,[9 2],17,38,54,21,25
1,<environment.Job instance at 0x7fb6141e6640>,19,3,[ 2 10],20,54,57,34,29
1,<environment.Job instance at 0x7fb657ec0f00>,5,12,[ 4 10],6,57,69,51,43
1,<environment.Job instance at 0x7fb6141e68c0>,23,3,[4 8],24,69,72,45,46
1,<environment.Job instance at 0x7fb6141e6780>,24,15,[4 6],25,72,87,47,58
1,<environment.Job instance at 0x7fb6140f9e10>,28,18,[1 5],29,87,105,58,76
1,<environment.Job instance at 0x7fb657cf7f00>,32,3,[10  4],33,105,108,72,79
1,<environment.Job instance at 0x7fb61416b8c0>,21,17,[7 5],22,87,104,65,82
1,<environment.Job instance at 0x7fb614844910>,38,2,[6 3],39,82,84,43,82
1,<environment.Job instance at 0x7fb658348820>,41,3,[1 6],42,108,111,66,85
1,<environment.Job instance at 0x7fb658361500>,43,2,[5 5],44,111,113,67,92
1,<environment.Job instance at 0x7fb657c66c80>,44,1,[7 4],45,104,105,59,92
1,<environment.Job instance at 0x7fb6141e6500>,22,12,[3 8],23,113,125,90,96
1,<environment.Job instance at 0x7fb65f42dd70>,48,14,[7 5],49,125,139,76,110
1,<environment.Job instance at 0x7fb6141098c0>,49,3,[5 5],50,139,142,89,113
1,<environment.Job instance at 0x7fb614109f50>,52,1,[7 4],53,142,143,89,120
1,<environment.Job instance at 0x7fb6141096e0>,53,2,[9 2],54,143,145,89,120
1,<environment.Job instance at 0x7fb614109500>,54,17,[7 2],55,145,162,90,133
1,<environment.Job instance at 0x7fb6141090a0>,57,15,[2 9],58,162,177,104,149
1,<environment.Job instance at 0x7fb614109c30>,50,18,[9 5],51,177,195,126,167
1,<environment.Job instance at 0x7fb65f42e910>,70,18,[3 5],71,195,213,124,184
1,<environment.Job instance at 0x7fb65f4280f0>,71,3,[7 3],72,195,198,123,184
1,<environment.Job instance at 0x7fb65f428820>,75,13,[ 1 10],76,213,226,137,197
1,<environment.Job instance at 0x7fb6580b3be0>,80,13,[5 6],81,226,239,145,211
1,<environment.Job instance at 0x7fb658349140>,82,12,[5 5],83,239,251,156,222
1,<environment.Job instance at 0x7fb65f33de10>,85,14,[7 4],86,251,265,165,236
1,<environment.Job instance at 0x7fb61410a230>,91,13,[4 5],92,265,278,173,249
1,<environment.Job instance at 0x7fb61410a140>,98,16,[6 3],99,265,281,166,255
1,<environment.Job instance at 0x7fb61410a2d0>,99,14,[5 7],100,281,295,181,266
1,<environment.Job instance at 0x7fb6580b32d0>,79,15,[10  2],80,306,321,226,306
1,<environment.Job instance at 0x7fb61410a820>,103,14,[2 7],104,321,335,217,306
1,<environment.Job instance at 0x7fb65f4224b0>,110,1,[5 1],111,321,322,210,307
1,<environment.Job instance at 0x7fb65f4229b0>,111,3,[9 3],112,335,338,223,309
1,<environment.Job instance at 0x7fb65f422d70>,114,3,[6 1],115,322,325,207,311
1,<environment.Job instance at 0x7fb6140ef5f0>,2,1,[2 9],3,3,4,0,3
1,<environment.Job instance at 0x7fb6147dd550>,7,2,[2 8],8,8,10,0,8
1,<environment.Job instance at 0x7fb614751320>,8,3,[5 9],9,10,13,1,9
1,<environment.Job instance at 0x7fb61452e9b0>,11,18,[8 4],12,13,31,1,12
1,<environment.Job instance at 0x7fb657c6ef00>,12,3,[ 1 10],13,31,34,18,13
1,<environment.Job instance at 0x7fb65f4adf50>,13,3,[7 3],14,34,37,20,14
1,<environment.Job instance at 0x7fb614751640>,10,3,[1 7],11,34,37,23,16
1,<environment.Job instance at 0x7fb65ea79d70>,15,13,[10  4],16,37,50,21,22
1,<environment.Job instance at 0x7fb657d48820>,18,2,[5 7],19,50,52,31,25
1,<environment.Job instance at 0x7fb65e946d20>,16,16,[5 5],17,52,68,35,39
1,<environment.Job instance at 0x7fb6143d26e0>,5,12,[2 9],6,68,80,62,51
1,<environment.Job instance at 0x7fb657c21910>,19,15,[7 1],20,68,83,48,63
1,<environment.Job instance at 0x7fb65e8e8fa0>,33,15,[6 3],34,83,98,49,69
1,<environment.Job instance at 0x7fb657e8a3c0>,32,16,[9 2],33,98,114,65,86
1,<environment.Job instance at 0x7fb65e7a54b0>,40,1,[6 3],41,114,115,73,87
1,<environment.Job instance at 0x7fb657edcc80>,42,18,[5 1],43,115,133,72,106
1,<environment.Job instance at 0x7fb657e8edc0>,43,2,[5 6],44,115,117,71,106
1,<environment.Job instance at 0x7fb65ecf20f0>,44,2,[2 5],45,117,119,72,106
1,<environment.Job instance at 0x7fb657edcaa0>,46,3,[8 2],47,133,136,86,107
1,<environment.Job instance at 0x7fb657e8a320>,31,14,[5 8],32,119,133,87,109
1,<environment.Job instance at 0x7fb657fc5c80>,51,1,[8 5],52,136,137,84,115
1,<environment.Job instance at 0x7fb657fc5960>,52,15,[1 6],53,137,152,84,125
1,<environment.Job instance at 0x7fb657fc5d20>,53,2,[5 5],54,152,154,98,125
1,<environment.Job instance at 0x7fb657fc5190>,55,17,[7 1],56,154,171,98,142
1,<environment.Job instance at 0x7fb657fc5230>,50,14,[3 6],51,154,168,103,143
1,<environment.Job instance at 0x7fb6144e5af0>,14,17,[3 9],15,168,185,153,157
1,<environment.Job instance at 0x7fb658037410>,60,15,[1 6],61,185,200,124,171
1,<environment.Job instance at 0x7fb657f3f690>,64,12,[8 4],65,187,199,122,187
1,<environment.Job instance at 0x7fb6580378c0>,65,15,[7 4],66,199,214,133,187
1,<environment.Job instance at 0x7fb657f3f230>,67,14,[6 2],68,214,228,146,200
1,<environment.Job instance at 0x7fb658037960>,57,18,[1 7],58,214,232,156,204
1,<environment.Job instance at 0x7fb657efcc30>,72,18,[5 1],73,228,246,155,220
1,<environment.Job instance at 0x7fb657fc8280>,75,2,[4 7],76,232,234,156,220
1,<environment.Job instance at 0x7fb657fd95f0>,81,1,[10  2],82,248,249,166,248
1,<environment.Job instance at 0x7fb657fd9230>,82,3,[9 1],83,249,252,166,248
1,<environment.Job instance at 0x7fb657e95eb0>,87,2,[8 4],88,256,258,168,256
1,<environment.Job instance at 0x7fb6580e2190>,90,3,[9 5],91,258,261,167,256
1,<environment.Job instance at 0x7fb657f5c820>,70,12,[8 1],71,261,273,190,257
1,<environment.Job instance at 0x7fb6580e2b90>,91,13,[1 7],92,261,274,169,257
1,<environment.Job instance at 0x7fb657f7ce60>,93,1,[6 2],94,273,274,179,257
1,<environment.Job instance at 0x7fb657f7c7d0>,95,3,[8 5],96,274,277,178,257
1,<environment.Job instance at 0x7fb657f7cb40>,92,13,[4 8],93,277,290,184,266
1,<environment.Job instance at 0x7fb657f13a50>,100,14,[6 4],101,290,304,189,275
1,<environment.Job instance at 0x7fb657fb0500>,108,17,[5 5],109,304,321,195,292
1,<environment.Job instance at 0x7fb657e9ff00>,110,15,[9 4],111,321,336,210,307
1,<environment.Job instance at 0x7fb657e9f6e0>,111,3,[5 5],112,307,310,195,307
1,<environment.Job instance at 0x7fb657e9f0a0>,112,13,[1 5],113,310,323,197,307
1,<environment.Job instance at 0x7fb657e9f7d0>,115,3,[5 5],116,336,339,220,310
1,<environment.Job instance at 0x7fb657f44d70>,117,2,[7 2],118,339,341,221,312
1,<environment.Job instance at 0x7fb6144ca780>,3,2,[6 3],4,4,6,0,4
1,<environment.Job instance at 0x7fb6143915a0>,4,1,[9 4],5,6,7,1,5
1,<environment.Job instance at 0x7fb658196730>,6,1,[4 9],7,7,8,0,7
1,<environment.Job instance at 0x7fb614787730>,10,3,[2 7],11,11,14,0,11
1,<environment.Job instance at 0x7fb657e9f640>,12,14,[3 9],13,14,28,1,14
1,<environment.Job instance at 0x7fb614787f50>,14,14,[7 4],15,28,42,13,15
1,<environment.Job instance at 0x7fb6147876e0>,15,18,[10  3],16,42,60,26,31
1,<environment.Job instance at 0x7fb6582bd6e0>,22,3,[5 2],23,60,63,37,34
1,<environment.Job instance at 0x7fb6582bd3c0>,23,3,[9 2],24,63,66,39,37
1,<environment.Job instance at 0x7fb6582bd7d0>,25,12,[5 6],26,66,78,40,50
1,<environment.Job instance at 0x7fb6582bd870>,26,17,[5 5],27,78,95,51,66
1,<environment.Job instance at 0x7fb6146483c0>,29,3,[7 4],30,95,98,65,69
1,<environment.Job instance at 0x7fb6147875a0>,11,17,[10  4],12,133,150,121,133
1,<environment.Job instance at 0x7fb61460b460>,33,16,[4 9],34,150,166,116,146
1,<environment.Job instance at 0x7fb6582bda00>,2,14,[9 1],3,3,17,0,3
1,<environment.Job instance at 0x7fb614505730>,4,3,[8 2],5,17,20,12,5
1,<environment.Job instance at 0x7fb657ca43c0>,6,3,[8 5],7,20,23,13,11
1,<environment.Job instance at 0x7fb657ca4b90>,8,14,[8 1],9,23,37,14,13
1,<environment.Job instance at 0x7fb657ca44b0>,14,14,[10  1],15,37,51,22,23
1,<environment.Job instance at 0x7fb657ca4c80>,19,13,[ 2 10],20,51,64,31,37
1,<environment.Job instance at 0x7fb614784cd0>,21,15,[7 5],22,64,79,42,50
1,<environment.Job instance at 0x7fb614784690>,23,16,[8 2],24,79,95,55,66
1,<environment.Job instance at 0x7fb6147845f0>,29,15,[5 6],30,95,110,65,81
1,<environment.Job instance at 0x7fb614784870>,32,13,[6 5],33,110,123,77,94
1,<environment.Job instance at 0x7fb614786cd0>,35,13,[4 7],36,123,136,87,110
1,<environment.Job instance at 0x7fb614786a50>,41,3,[3 7],42,136,139,94,117
1,<environment.Job instance at 0x7fb6583427d0>,43,3,[10  1],44,139,142,95,117
1,<environment.Job instance at 0x7fb658342fa0>,44,15,[7 5],45,142,157,97,128
1,<environment.Job instance at 0x7fb658342a00>,48,3,[2 7],49,157,160,108,133
1,<environment.Job instance at 0x7fb6583421e0>,47,15,[ 1 10],48,160,175,112,147
1,<environment.Job instance at 0x7fb6583425a0>,53,14,[5 5],54,175,189,121,160
1,<environment.Job instance at 0x7fb658342190>,51,18,[3 7],52,189,207,137,178
1,<environment.Job instance at 0x7fb658342730>,58,16,[1 6],59,207,223,148,195
1,<environment.Job instance at 0x7fb6582bd0f0>,0,16,[5 9],1,251,267,250,251
1,<environment.Job instance at 0x7fb657ec07d0>,63,15,[4 9],64,306,321,242,306
1,<environment.Job instance at 0x7fb657d48870>,64,14,[10  4],65,374,388,309,374
1,<environment.Job instance at 0x7fb657d489b0>,65,12,[ 3 10],66,388,400,322,380
1,<environment.Job instance at 0x7fb657d48280>,66,12,[9 4],67,400,412,333,393
1,<environment.Job instance at 0x7fb657d48a50>,68,12,[10  1],69,412,424,343,411
1,<environment.Job instance at 0x7fb657d48eb0>,70,16,[9 2],71,424,440,353,416
1,<environment.Job instance at 0x7fb6145057d0>,2,19,[8 3],3,3,22,0,3
1,<environment.Job instance at 0x7fb657d025f0>,5,1,[7 1],6,22,23,16,6
1,<environment.Job instance at 0x7fb65ed8d870>,7,1,[2 6],8,8,9,0,8
1,<environment.Job instance at 0x7fb65ea56af0>,8,14,[9 5],9,23,37,14,9
1,<environment.Job instance at 0x7fb658151b90>,12,1,[5 2],13,37,38,24,25
1,<environment.Job instance at 0x7fb65eb86af0>,15,3,[ 3 10],16,38,41,22,30
1,<environment.Job instance at 0x7fb657fbc820>,16,13,[10  5],17,41,54,24,30
1,<environment.Job instance at 0x7fb614595280>,19,3,[7 1],20,54,57,34,32
1,<environment.Job instance at 0x7fb65eb6d050>,20,2,[8 5],21,57,59,36,32
1,<environment.Job instance at 0x7fb65e7817d0>,11,13,[5 2],12,59,72,47,43
1,<environment.Job instance at 0x7fb65e8d9780>,25,14,[5 7],26,59,73,33,46
1,<environment.Job instance at 0x7fb657df64b0>,13,17,[6 4],14,73,90,59,61
1,<environment.Job instance at 0x7fb614617460>,33,3,[1 8],34,90,93,56,76
1,<environment.Job instance at 0x7fb657df6820>,14,17,[4 7],15,93,110,78,81
1,<environment.Job instance at 0x7fb657e031e0>,28,15,[ 4 10],29,110,125,81,98
1,<environment.Job instance at 0x7fb65eb8e910>,43,16,[3 8],44,125,141,81,112
1,<environment.Job instance at 0x7fb65e857870>,49,3,[2 9],50,141,144,91,135
1,<environment.Job instance at 0x7fb614617cd0>,38,18,[ 4 10],39,144,162,105,135
1,<environment.Job instance at 0x7fb657fb5a50>,50,3,[9 2],51,162,165,111,137
1,<environment.Job instance at 0x7fb614505af0>,0,17,[8 4],1,165,182,164,153
1,<environment.Job instance at 0x7fb65e7b2be0>,56,18,[3 9],57,182,200,125,172
1,<environment.Job instance at 0x7fb657da7780>,63,1,[5 5],64,200,201,136,172
1,<environment.Job instance at 0x7fb657da7b90>,66,12,[ 1 10],67,201,213,134,184
1,<environment.Job instance at 0x7fb657da7140>,67,18,[9 4],68,213,231,145,202
1,<environment.Job instance at 0x7fb657e05cd0>,70,15,[5 1],71,231,246,160,217
1,<environment.Job instance at 0x7fb657e05c30>,71,13,[5 2],72,231,244,159,218
1,<environment.Job instance at 0x7fb657e2ca50>,83,14,[4 8],84,244,258,160,229
1,<environment.Job instance at 0x7fb657e2c7d0>,84,17,[3 7],85,258,275,173,247
1,<environment.Job instance at 0x7fb657e20c80>,94,16,[7 5],95,275,291,180,262
1,<environment.Job instance at 0x7fb657e20230>,91,14,[ 1 10],92,291,305,199,276
1,<environment.Job instance at 0x7fb61427a050>,106,12,[3 5],107,305,317,198,288
1,<environment.Job instance at 0x7fb6581f6370>,113,3,[9 5],114,317,320,203,305
1,<environment.Job instance at 0x7fb65e764280>,114,14,[5 9],115,320,334,205,306
1,<environment.Job instance at 0x7fb614844410>,122,17,[5 1],123,320,337,197,318
1,<environment.Job instance at 0x7fb614844870>,123,3,[2 6],124,334,337,210,318
1,<environment.Job instance at 0x7fb6148445a0>,124,2,[9 2],125,337,339,212,318
1,<environment.Job instance at 0x7fb6148446e0>,125,12,[8 3],126,339,351,213,322
1,<environment.Job instance at 0x7fb65edeba50>,126,18,[ 2 10],127,351,369,224,341
1,<environment.Job instance at 0x7fb65edeb500>,129,14,[8 5],130,369,383,239,354
1,<environment.Job instance at 0x7fb65edeb460>,132,17,[1 5],133,369,386,236,362
1,<environment.Job instance at 0x7fb65edeb4b0>,133,3,[3 9],134,386,389,252,362
1,<environment.Job instance at 0x7fb65edeb190>,136,13,[5 9],137,389,402,252,373
1,<environment.Job instance at 0x7fb65edebdc0>,140,18,[5 4],141,414,432,273,414
1,<environment.Job instance at 0x7fb65edeb870>,141,14,[8 4],142,432,446,290,417
1,<environment.Job instance at 0x7fb61433d410>,2,3,[1 7],3,3,6,0,3
1,<environment.Job instance at 0x7fb65ee0a500>,5,14,[ 3 10],6,6,20,0,6
1,<environment.Job instance at 0x7fb6581c66e0>,6,14,[5 4],7,20,34,13,8
1,<environment.Job instance at 0x7fb6580019b0>,9,3,[6 1],10,34,37,24,10
1,<environment.Job instance at 0x7fb61427a9b0>,10,2,[2 6],11,20,22,9,11
1,<environment.Job instance at 0x7fb61410caa0>,11,2,[7 1],12,37,39,25,13
1,<environment.Job instance at 0x7fb65e8fe410>,16,1,[6 4],17,39,40,22,18
1,<environment.Job instance at 0x7fb65e8dbf00>,17,2,[3 8],18,34,36,16,18
1,<environment.Job instance at 0x7fb614787140>,12,3,[6 1],13,40,43,27,20
1,<environment.Job instance at 0x7fb61469b4b0>,21,3,[1 8],22,36,39,14,26
1,<environment.Job instance at 0x7fb657ec0c80>,15,18,[ 2 10],16,43,61,27,34
1,<environment.Job instance at 0x7fb61435f5f0>,24,15,[5 3],25,61,76,36,48
1,<environment.Job instance at 0x7fb61435f4b0>,28,3,[5 8],29,76,79,47,55
1,<environment.Job instance at 0x7fb61435feb0>,25,15,[8 3],26,79,94,53,67
1,<environment.Job instance at 0x7fb657e1f280>,38,2,[5 7],39,94,96,55,77
1,<environment.Job instance at 0x7fb657e1f410>,34,15,[4 7],35,96,111,61,82
1,<environment.Job instance at 0x7fb657e1fa00>,41,16,[4 9],42,111,127,69,98
1,<environment.Job instance at 0x7fb657e1ff50>,44,13,[1 9],45,127,140,82,111
1,<environment.Job instance at 0x7fb657e803c0>,46,18,[7 1],47,127,145,80,121
1,<environment.Job instance at 0x7fb6147c7500>,52,13,[1 9],53,140,153,87,129
1,<environment.Job instance at 0x7fb6147c7640>,54,14,[2 7],55,153,167,98,139
1,<environment.Job instance at 0x7fb6147c79b0>,58,16,[5 1],59,145,161,86,145
1,<environment.Job instance at 0x7fb6147c7af0>,60,17,[4 7],61,167,184,106,156
1,<environment.Job instance at 0x7fb6147c7c30>,62,14,[6 3],63,161,175,98,159
1,<environment.Job instance at 0x7fb6147c7f00>,67,17,[4 6],68,184,201,116,172
1,<environment.Job instance at 0x7fb6147be410>,72,16,[1 9],73,201,217,128,188
1,<environment.Job instance at 0x7fb6147be690>,76,16,[2 7],77,217,233,140,204
1,<environment.Job instance at 0x7fb6147beaa0>,80,14,[1 9],81,233,247,152,218
1,<environment.Job instance at 0x7fb61435f6e0>,23,17,[ 4 10],24,247,264,223,238
1,<environment.Job instance at 0x7fb6147bec80>,84,17,[10  5],85,264,281,179,252
1,<environment.Job instance at 0x7fb6147e8230>,95,17,[ 5 10],96,281,298,185,273
1,<environment.Job instance at 0x7fb6147e8a50>,103,16,[9 5],104,298,314,194,285
1,<environment.Job instance at 0x7fb6147e8c80>,107,14,[ 5 10],108,314,328,206,300
1,<environment.Job instance at 0x7fb6147e8f50>,111,12,[2 5],112,328,340,216,313
1,<environment.Job instance at 0x7fb6147e8b90>,112,16,[9 3],113,340,356,227,327
1,<environment.Job instance at 0x7fb6147d63c0>,118,13,[5 7],119,356,369,237,340
1,<environment.Job instance at 0x7fb657daa5f0>,2,2,[3 7],3,3,5,0,3
1,<environment.Job instance at 0x7fb6147d65f0>,3,2,[ 3 10],4,5,7,1,4
1,<environment.Job instance at 0x7fb65eceefa0>,5,14,[6 1],6,7,21,1,6
1,<environment.Job instance at 0x7fb65e8f75a0>,9,2,[ 3 10],10,21,23,11,10
1,<environment.Job instance at 0x7fb6581c6f50>,4,14,[9 5],5,23,37,18,11
1,<environment.Job instance at 0x7fb61437ba50>,12,12,[10  2],13,37,49,24,20
1,<environment.Job instance at 0x7fb65ed04e60>,15,14,[8 4],16,49,63,33,34
1,<environment.Job instance at 0x7fb65eeb3730>,21,14,[4 9],22,63,77,41,49
1,<environment.Job instance at 0x7fb6145f29b0>,25,13,[2 7],26,77,90,51,63
1,<environment.Job instance at 0x7fb657e78780>,7,18,[ 5 10],8,90,108,82,79
1,<environment.Job instance at 0x7fb6144a8b90>,33,12,[1 8],34,108,120,74,91
1,<environment.Job instance at 0x7fb6144a8a50>,35,14,[5 9],36,120,134,84,105
1,<environment.Job instance at 0x7fb65f0404b0>,37,16,[3 5],38,134,150,96,121
1,<environment.Job instance at 0x7fb6580cdaa0>,39,16,[8 5],40,150,166,110,137
1,<environment.Job instance at 0x7fb6582037d0>,43,14,[4 8],44,166,180,122,151
1,<environment.Job instance at 0x7fb6581834b0>,46,1,[6 4],47,180,181,133,168
1,<environment.Job instance at 0x7fb65805b4b0>,47,2,[9 5],48,181,183,133,168
1,<environment.Job instance at 0x7fb65805bf50>,48,12,[10  5],49,183,195,134,169
1,<environment.Job instance at 0x7fb65805b500>,49,2,[2 5],50,195,197,145,169
1,<environment.Job instance at 0x7fb65e86b5f0>,50,3,[7 5],51,195,198,144,169
1,<environment.Job instance at 0x7fb6140723c0>,45,17,[3 9],46,198,215,152,186
1,<environment.Job instance at 0x7fb657daa690>,0,17,[5 9],1,215,232,214,204
1,<environment.Job instance at 0x7fb657cd0be0>,7,3,[4 9],8,8,11,0,8
1,<environment.Job instance at 0x7fb657cd0410>,8,14,[1 6],9,11,25,2,9
1,<environment.Job instance at 0x7fb6143514b0>,9,3,[3 5],10,25,28,15,10
1,<environment.Job instance at 0x7fb614351e10>,10,3,[2 6],11,28,31,17,11
1,<environment.Job instance at 0x7fb65ede5870>,1,16,[2 6],2,31,47,29,20
1,<environment.Job instance at 0x7fb614351a00>,15,3,[5 5],16,25,28,9,22
1,<environment.Job instance at 0x7fb65823d280>,16,1,[5 3],17,22,23,5,22
1,<environment.Job instance at 0x7fb657fdeaa0>,17,12,[2 5],18,47,59,29,30
1,<environment.Job instance at 0x7fb657fde820>,19,15,[8 4],20,30,45,10,30
1,<environment.Job instance at 0x7fb6143516e0>,12,18,[6 4],13,45,63,32,39
1,<environment.Job instance at 0x7fb657d05b40>,33,13,[4 7],34,63,76,29,51
1,<environment.Job instance at 0x7fb658168730>,34,2,[7 3],35,76,78,41,51
1,<environment.Job instance at 0x7fb65e8d7230>,32,18,[7 3],33,78,96,45,67
1,<environment.Job instance at 0x7fb65ec50410>,37,16,[3 5],38,76,92,38,68
1,<environment.Job instance at 0x7fb614391280>,41,12,[7 5],42,96,108,54,87
1,<environment.Job instance at 0x7fb6144c20f0>,44,17,[5 6],45,108,125,63,99
1,<environment.Job instance at 0x7fb65ec50140>,40,17,[8 3],41,125,142,84,113
1,<environment.Job instance at 0x7fb6144c2640>,54,3,[9 3],55,142,145,87,116
1,<environment.Job instance at 0x7fb65eb6d870>,57,14,[9 3],58,145,159,87,133
1,<environment.Job instance at 0x7fb65eb6d410>,61,15,[3 9],62,159,174,97,147
1,<environment.Job instance at 0x7fb65e8b4690>,67,15,[6 1],68,159,174,91,152
1,<environment.Job instance at 0x7fb6144fd730>,76,3,[1 8],77,189,192,112,189
1,<environment.Job instance at 0x7fb65ebbb0a0>,78,2,[5 7],79,192,194,113,189
1,<environment.Job instance at 0x7fb65ebbb780>,79,2,[2 5],80,194,196,114,189
1,<environment.Job instance at 0x7fb65ebbbc30>,80,16,[1 5],81,194,210,113,189
1,<environment.Job instance at 0x7fb6142b0460>,81,17,[6 5],82,196,213,114,189
1,<environment.Job instance at 0x7fb65ebbb500>,84,2,[1 7],85,213,215,128,196
1,<environment.Job instance at 0x7fb6142b0050>,83,18,[10  5],84,215,233,131,204
1,<environment.Job instance at 0x7fb65eaab230>,96,2,[5 5],97,233,235,136,217
1,<environment.Job instance at 0x7fb657f20500>,97,2,[9 3],98,235,237,137,217
1,<environment.Job instance at 0x7fb657f20e10>,98,16,[1 8],99,237,253,138,225
1,<environment.Job instance at 0x7fb6145a4b90>,101,13,[5 5],102,253,266,151,237
1,<environment.Job instance at 0x7fb65eae1460>,86,16,[3 6],87,266,282,179,256
1,<environment.Job instance at 0x7fb6144be780>,111,16,[8 1],112,282,298,170,269
1,<environment.Job instance at 0x7fb6580aa7d0>,8,14,[7 5],9,10,24,1,10
1,<environment.Job instance at 0x7fb657c85870>,13,2,[9 4],14,24,26,10,14
1,<environment.Job instance at 0x7fb6147bc730>,15,2,[ 5 10],16,26,28,10,16
1,<environment.Job instance at 0x7fb657c8d5a0>,14,18,[3 8],15,28,46,13,17
1,<environment.Job instance at 0x7fb6581f1460>,17,2,[8 3],18,46,48,28,19
1,<environment.Job instance at 0x7fb657c6e460>,19,3,[ 4 10],20,48,51,28,22
1,<environment.Job instance at 0x7fb657c8d690>,18,13,[5 9],19,51,64,32,36
1,<environment.Job instance at 0x7fb6582109b0>,28,14,[7 3],29,64,78,35,49
1,<environment.Job instance at 0x7fb657cd7a00>,30,12,[3 8],31,78,90,47,61
1,<environment.Job instance at 0x7fb657cd7c30>,40,17,[6 4],41,90,107,49,84
1,<environment.Job instance at 0x7fb658168960>,21,17,[2 9],22,107,124,85,99
1,<environment.Job instance at 0x7fb6142ecc80>,44,1,[9 2],45,124,125,79,99
1,<environment.Job instance at 0x7fb6142ec370>,46,2,[4 6],47,105,107,58,105
1,<environment.Job instance at 0x7fb6142ec460>,48,14,[3 8],49,125,139,76,110
1,<environment.Job instance at 0x7fb6142eccd0>,49,3,[2 9],50,139,142,89,113
1,<environment.Job instance at 0x7fb65ec31190>,51,16,[8 5],52,142,158,90,132
1,<environment.Job instance at 0x7fb657cd7320>,42,18,[9 5],43,158,176,115,153
1,<environment.Job instance at 0x7fb6144d24b0>,54,17,[5 7],55,176,193,121,164
1,<environment.Job instance at 0x7fb6144d2dc0>,55,12,[5 1],56,176,188,120,165
1,<environment.Job instance at 0x7fb658316190>,58,15,[6 1],59,193,208,134,179
1,<environment.Job instance at 0x7fb658316320>,60,12,[6 1],61,208,220,147,192
1,<environment.Job instance at 0x7fb658316460>,64,12,[ 4 10],65,220,232,155,208
1,<environment.Job instance at 0x7fb658316870>,65,15,[8 2],66,232,247,166,227
1,<environment.Job instance at 0x7fb6147864b0>,0,13,[8 2],1,4,17,3,4
1,<environment.Job instance at 0x7fb65e88baf0>,2,13,[1 7],3,5,18,2,5
1,<environment.Job instance at 0x7fb614844c30>,4,13,[6 5],5,18,31,13,6
1,<environment.Job instance at 0x7fb65ea54140>,12,2,[2 5],13,18,20,5,13
1,<environment.Job instance at 0x7fb65ea54690>,17,2,[7 3],18,31,33,13,18
1,<environment.Job instance at 0x7fb658316a00>,3,15,[3 5],4,20,35,16,19
1,<environment.Job instance at 0x7fb657cbcdc0>,21,12,[9 4],22,35,47,13,24
1,<environment.Job instance at 0x7fb657e3c320>,26,1,[1 6],27,35,36,8,27
1,<environment.Job instance at 0x7fb657e3ccd0>,27,2,[4 6],28,47,49,19,28
1,<environment.Job instance at 0x7fb657e3cb40>,28,2,[ 2 10],29,49,51,20,29
1,<environment.Job instance at 0x7fb657e3c8c0>,30,12,[9 2],31,51,63,20,37
1,<environment.Job instance at 0x7fb6146dff50>,33,13,[7 3],34,63,76,29,48
1,<environment.Job instance at 0x7fb6146df910>,34,3,[2 5],35,63,66,28,48
1,<environment.Job instance at 0x7fb6146df050>,37,3,[3 5],38,66,69,28,57
1,<environment.Job instance at 0x7fb614036230>,38,3,[6 4],39,76,79,37,57
1,<environment.Job instance at 0x7fb65f4f1190>,20,16,[8 2],21,79,95,58,67
1,<environment.Job instance at 0x7fb614036b40>,39,16,[ 1 10],40,95,111,55,82
1,<environment.Job instance at 0x7fb614036c30>,49,14,[5 9],50,111,125,61,96
1,<environment.Job instance at 0x7fb657c870f0>,55,1,[1 5],56,125,126,69,112
1,<environment.Job instance at 0x7fb657e3ceb0>,29,15,[10  5],30,126,141,96,112
1,<environment.Job instance at 0x7fb657c875a0>,58,1,[2 6],59,141,142,82,113
1,<environment.Job instance at 0x7fb657c87550>,59,12,[1 5],60,142,154,82,125
1,<environment.Job instance at 0x7fb6144bea00>,64,18,[1 8],65,154,172,89,143
1,<environment.Job instance at 0x7fb6144befa0>,68,2,[6 2],69,143,145,74,143
1,<environment.Job instance at 0x7fb6144be550>,71,3,[10  5],72,172,175,100,161
1,<environment.Job instance at 0x7fb6144be3c0>,72,18,[1 6],73,175,193,102,165
1,<environment.Job instance at 0x7fb6144be5f0>,69,17,[6 3],70,175,192,105,166
1,<environment.Job instance at 0x7fb6142aa730>,76,13,[4 6],77,193,206,116,177
1,<environment.Job instance at 0x7fb6142aac80>,78,3,[9 3],79,206,209,127,180
1,<environment.Job instance at 0x7fb6142aa230>,81,2,[4 7],82,209,211,127,182
1,<environment.Job instance at 0x7fb6142aa500>,84,2,[5 3],85,195,197,110,195
1,<environment.Job instance at 0x7fb6142aa2d0>,85,1,[9 2],86,211,212,125,195
1,<environment.Job instance at 0x7fb6144be820>,75,16,[7 4],76,212,228,136,199
1,<environment.Job instance at 0x7fb6142aa1e0>,89,2,[1 6],90,218,220,128,218
1,<environment.Job instance at 0x7fb6142aab90>,90,3,[7 1],91,228,231,137,218
1,<environment.Job instance at 0x7fb6142aa8c0>,92,16,[7 1],93,231,247,138,218
1,<environment.Job instance at 0x7fb614310460>,98,15,[5 4],99,247,262,148,233
1,<environment.Job instance at 0x7fb614310be0>,99,17,[7 5],100,262,279,162,250
1,<environment.Job instance at 0x7fb614310a50>,102,13,[1 8],103,279,292,176,263
1,<environment.Job instance at 0x7fb65ee2b4b0>,106,15,[8 5],107,292,307,185,278
1,<environment.Job instance at 0x7fb65ee2b460>,108,12,[4 8],109,307,319,198,290
1,<environment.Job instance at 0x7fb65ee2bf50>,113,12,[9 4],114,319,331,205,302
1,<environment.Job instance at 0x7fb65ee2b690>,119,13,[4 9],120,331,344,211,315
1,<environment.Job instance at 0x7fb658333910>,4,2,[2 5],5,5,7,0,5
1,<environment.Job instance at 0x7fb614518370>,5,3,[ 4 10],6,7,10,1,6
1,<environment.Job instance at 0x7fb657c85820>,9,2,[2 5],10,10,12,0,10
1,<environment.Job instance at 0x7fb65e88b370>,8,12,[1 5],9,12,24,3,12
1,<environment.Job instance at 0x7fb657c85b90>,11,3,[7 5],12,13,16,1,13
1,<environment.Job instance at 0x7fb657c85230>,13,1,[9 4],14,16,17,2,14
1,<environment.Job instance at 0x7fb657c85af0>,15,12,[6 4],16,17,29,1,17
1,<environment.Job instance at 0x7fb657c85320>,14,16,[8 4],15,29,45,14,18
1,<environment.Job instance at 0x7fb65f2f89b0>,19,3,[1 6],20,24,27,4,23
1,<environment.Job instance at 0x7fb657c736e0>,22,14,[7 5],23,45,59,22,31
1,<environment.Job instance at 0x7fb657c850f0>,12,15,[3 8],13,59,74,46,45
1,<environment.Job instance at 0x7fb657c73eb0>,28,13,[5 2],29,59,72,30,52
1,<environment.Job instance at 0x7fb657c73cd0>,29,17,[1 5],30,74,91,44,62
1,<environment.Job instance at 0x7fb61417f730>,33,15,[5 7],34,91,106,57,77
1,<environment.Job instance at 0x7fb61417faf0>,38,15,[2 6],39,106,121,67,92
1,<environment.Job instance at 0x7fb61417faa0>,40,17,[6 1],41,106,123,65,101
1,<environment.Job instance at 0x7fb6146b0d70>,41,14,[4 8],42,121,135,79,106
1,<environment.Job instance at 0x7fb6146b0640>,50,13,[1 8],51,135,148,84,122
1,<environment.Job instance at 0x7fb6146b0c30>,51,13,[8 2],52,135,148,83,123
1,<environment.Job instance at 0x7fb65ea64a00>,57,2,[9 2],58,148,150,90,137
1,<environment.Job instance at 0x7fb65ea64aa0>,58,13,[5 4],59,150,163,91,137
1,<environment.Job instance at 0x7fb65ea64230>,59,17,[4 6],60,150,167,90,138
1,<environment.Job instance at 0x7fb65ea64780>,60,1,[6 1],61,163,164,102,138
1,<environment.Job instance at 0x7fb65ea64140>,61,15,[5 1],62,164,179,102,150
1,<environment.Job instance at 0x7fb65ea64870>,3,1,[6 1],4,4,5,0,4
1,<environment.Job instance at 0x7fb61402f780>,4,3,[6 2],5,6,9,1,6
1,<environment.Job instance at 0x7fb657e4e1e0>,7,2,[ 1 10],8,9,11,1,8
1,<environment.Job instance at 0x7fb614518aa0>,10,18,[6 1],11,11,29,0,11
1,<environment.Job instance at 0x7fb65e88b8c0>,11,3,[7 4],12,29,32,17,12
1,<environment.Job instance at 0x7fb65e88ba00>,13,3,[6 1],14,32,35,18,14
1,<environment.Job instance at 0x7fb6583330f0>,0,12,[8 3],1,35,47,34,19
1,<environment.Job instance at 0x7fb65e6aa0a0>,12,16,[1 7],13,32,48,19,19
1,<environment.Job instance at 0x7fb657f0bf00>,21,1,[10  5],22,48,49,26,31
1,<environment.Job instance at 0x7fb614503870>,23,3,[9 3],24,49,52,25,32
1,<environment.Job instance at 0x7fb614503190>,24,2,[6 2],25,52,54,27,32
1,<environment.Job instance at 0x7fb65e733b90>,27,1,[1 6],28,49,50,21,38
1,<environment.Job instance at 0x7fb65e7333c0>,28,14,[5 6],29,54,68,25,40
1,<environment.Job instance at 0x7fb6145aae10>,31,1,[7 3],32,47,48,15,41
1,<environment.Job instance at 0x7fb6582c9820>,14,18,[2 5],15,68,86,53,57
1,<environment.Job instance at 0x7fb6145aa050>,35,14,[8 2],36,68,82,32,57
1,<environment.Job instance at 0x7fb657dbd460>,41,16,[4 9],42,86,102,44,74
1,<environment.Job instance at 0x7fb65eb53be0>,47,13,[10  3],48,102,115,54,89
1,<environment.Job instance at 0x7fb65eb53b90>,46,16,[ 5 10],47,115,131,68,103
1,<environment.Job instance at 0x7fb65eb6fdc0>,53,13,[8 4],54,131,144,77,117
1,<environment.Job instance at 0x7fb614707e10>,59,15,[ 5 10],60,144,159,84,130
1,<environment.Job instance at 0x7fb6582c9a00>,15,18,[2 9],16,159,177,143,148
1,<environment.Job instance at 0x7fb6583b3960>,66,12,[5 9],67,177,189,110,161
1,<environment.Job instance at 0x7fb614503280>,25,17,[8 3],26,221,238,195,221
1,<environment.Job instance at 0x7fb6583a0eb0>,73,13,[8 4],74,238,251,164,233
1,<environment.Job instance at 0x7fb614701b90>,74,3,[7 5],75,251,254,176,235
1,<environment.Job instance at 0x7fb6583a00f0>,70,18,[3 7],71,281,299,210,281
1,<environment.Job instance at 0x7fb6583bdd20>,77,14,[4 9],78,299,313,221,295
1,<environment.Job instance at 0x7fb657f549b0>,8,14,[10  1],9,10,24,1,10
1,<environment.Job instance at 0x7fb657f264b0>,3,1,[5 6],4,29,30,25,29
1,<environment.Job instance at 0x7fb6143b5320>,11,16,[6 2],12,30,46,18,30
1,<environment.Job instance at 0x7fb6582e9dc0>,7,18,[3 6],8,35,53,27,35
1,<environment.Job instance at 0x7fb613fcde10>,15,14,[ 2 10],16,53,67,37,40
1,<environment.Job instance at 0x7fb65e931d70>,19,2,[3 7],20,67,69,47,55
1,<environment.Job instance at 0x7fb65e9312d0>,18,14,[ 1 10],19,69,83,50,55
1,<environment.Job instance at 0x7fb613e750f0>,22,17,[10  4],23,83,100,60,71
1,<environment.Job instance at 0x7fb613e75f50>,23,13,[ 4 10],24,100,113,76,88
1,<environment.Job instance at 0x7fb613fdb8c0>,31,3,[8 3],32,113,116,81,94
1,<environment.Job instance at 0x7fb613fdb910>,32,2,[9 2],33,116,118,83,95
1,<environment.Job instance at 0x7fb65e736230>,28,18,[4 7],29,118,136,89,107
1,<environment.Job instance at 0x7fb657fc82d0>,38,3,[ 3 10],39,136,139,97,115
1,<environment.Job instance at 0x7fb657fc8410>,39,13,[4 7],40,139,152,99,123
1,<environment.Job instance at 0x7fb65ee84960>,42,3,[8 3],43,152,155,109,134
1,<environment.Job instance at 0x7fb65ee843c0>,43,2,[8 5],44,155,157,111,134
1,<environment.Job instance at 0x7fb6140ef4b0>,33,18,[ 4 10],34,157,175,123,146
1,<environment.Job instance at 0x7fb6143458c0>,57,17,[8 4],58,175,192,117,163
1,<environment.Job instance at 0x7fb65ea52a50>,59,14,[1 5],60,175,189,115,169
1,<environment.Job instance at 0x7fb61442f190>,67,3,[4 8],68,194,197,126,194
1,<environment.Job instance at 0x7fb657eb30a0>,68,2,[5 4],69,197,199,128,194
1,<environment.Job instance at 0x7fb61442fe10>,69,1,[9 5],70,199,200,129,194
1,<environment.Job instance at 0x7fb61442fc80>,70,18,[5 8],71,200,218,129,194
1,<environment.Job instance at 0x7fb658175500>,71,2,[2 5],72,197,199,125,194
1,<environment.Job instance at 0x7fb658175960>,73,3,[1 5],74,218,221,144,194
1,<environment.Job instance at 0x7fb657d8f730>,75,2,[ 5 10],76,221,223,145,219
1,<environment.Job instance at 0x7fb6140dc9b0>,45,18,[ 3 10],46,240,258,194,240
1,<environment.Job instance at 0x7fb657f26280>,4,2,[6 2],5,5,7,0,5
1,<environment.Job instance at 0x7fb657ee11e0>,5,15,[2 7],6,9,24,3,9
1,<environment.Job instance at 0x7fb657ee12d0>,9,12,[1 7],10,24,36,14,10
1,<environment.Job instance at 0x7fb613fff550>,10,3,[10  5],11,36,39,25,11
1,<environment.Job instance at 0x7fb658034460>,18,13,[5 2],19,19,32,0,19
1,<environment.Job instance at 0x7fb657ee1be0>,13,18,[2 6],14,39,57,25,28
1,<environment.Job instance at 0x7fb658034820>,17,18,[3 8],18,57,75,39,46
1,<environment.Job instance at 0x7fb6580349b0>,27,12,[1 7],28,75,87,47,58
1,<environment.Job instance at 0x7fb6145faf00>,29,14,[9 3],30,75,89,45,62
1,<environment.Job instance at 0x7fb6145fa1e0>,30,12,[3 6],31,89,101,58,73
1,<environment.Job instance at 0x7fb6145fa730>,32,12,[2 8],33,101,113,68,86
1,<environment.Job instance at 0x7fb6145fadc0>,34,15,[5 2],35,89,104,54,87
1,<environment.Job instance at 0x7fb6145fa190>,36,2,[10  5],37,113,115,76,87
1,<environment.Job instance at 0x7fb6145fa370>,28,16,[8 1],29,115,131,86,102
1,<environment.Job instance at 0x7fb6145fa780>,41,2,[8 4],42,131,133,89,104
1,<environment.Job instance at 0x7fb657d8a370>,45,1,[10  5],46,133,134,87,115
1,<environment.Job instance at 0x7fb657d8a0a0>,48,17,[8 1],49,152,169,103,152
1,<environment.Job instance at 0x7fb657d8adc0>,51,2,[2 8],52,153,155,101,153
1,<environment.Job instance at 0x7fb657d8a7d0>,50,15,[7 4],51,169,184,118,169
1,<environment.Job instance at 0x7fb657d8a5f0>,55,16,[6 3],56,184,200,128,171
1,<environment.Job instance at 0x7fb657d8a3c0>,56,2,[4 9],57,200,202,143,173
1,<environment.Job instance at 0x7fb657d8a500>,59,1,[5 9],60,202,203,142,182
1,<environment.Job instance at 0x7fb657d8a320>,62,1,[1 9],63,203,204,140,193
1,<environment.Job instance at 0x7fb657d8a870>,61,16,[5 8],62,218,234,156,218
1,<environment.Job instance at 0x7fb657c1f9b0>,65,12,[9 1],66,234,246,168,218
1,<environment.Job instance at 0x7fb6145fa870>,39,16,[ 5 10],40,246,262,206,242
1,<environment.Job instance at 0x7fb657c1f3c0>,68,1,[1 7],69,243,244,174,243
1,<environment.Job instance at 0x7fb657c1f5a0>,64,13,[8 2],65,262,275,197,246
1,<environment.Job instance at 0x7fb614094460>,77,15,[5 8],78,275,290,197,268
1,<environment.Job instance at 0x7fb614315370>,5,3,[7 4],6,6,9,0,6
1,<environment.Job instance at 0x7fb65ebdbdc0>,7,17,[6 2],8,9,26,1,9
1,<environment.Job instance at 0x7fb65ebdbf00>,6,19,[4 6],7,11,30,4,11
1,<environment.Job instance at 0x7fb614104690>,14,3,[7 2],15,30,33,15,17
1,<environment.Job instance at 0x7fb65e7ff3c0>,15,3,[1 8],16,30,33,14,18
1,<environment.Job instance at 0x7fb65e7ff8c0>,20,18,[9 1],21,33,51,12,22
1,<environment.Job instance at 0x7fb61422b820>,22,3,[5 5],23,51,54,28,25
1,<environment.Job instance at 0x7fb65e95a280>,21,12,[7 5],22,54,66,32,37
1,<environment.Job instance at 0x7fb614093eb0>,24,14,[3 5],25,51,65,26,38
1,<environment.Job instance at 0x7fb657d18a00>,27,2,[3 5],28,65,67,37,38
1,<environment.Job instance at 0x7fb657f54780>,28,14,[5 1],29,66,80,37,51
1,<environment.Job instance at 0x7fb657c310f0>,32,1,[10  1],33,80,81,47,59
1,<environment.Job instance at 0x7fb657d182d0>,29,12,[6 2],30,81,93,51,64
1,<environment.Job instance at 0x7fb614725050>,36,16,[4 8],37,81,97,44,69
1,<environment.Job instance at 0x7fb614725af0>,39,15,[8 3],40,97,112,57,83
1,<environment.Job instance at 0x7fb65e8d7640>,42,2,[ 5 10],43,112,114,69,90
1,<environment.Job instance at 0x7fb6146b0a50>,43,2,[3 7],44,114,116,70,90
1,<environment.Job instance at 0x7fb6144c2190>,46,3,[8 4],47,116,119,69,95
1,<environment.Job instance at 0x7fb6144e35a0>,26,16,[ 5 10],27,119,135,92,109
1,<environment.Job instance at 0x7fb6144c20f0>,50,2,[7 3],51,114,116,63,114
1,<environment.Job instance at 0x7fb61430c7d0>,52,14,[10  1],53,135,149,82,121
1,<environment.Job instance at 0x7fb657d988c0>,55,2,[4 5],56,149,151,93,130
1,<environment.Job instance at 0x7fb65ea04be0>,56,16,[3 5],57,149,165,92,136
1,<environment.Job instance at 0x7fb65ea04b40>,57,14,[5 1],58,151,165,93,136
1,<environment.Job instance at 0x7fb6144c2d20>,53,12,[ 1 10],54,165,177,111,148
1,<environment.Job instance at 0x7fb657d99be0>,65,12,[6 2],66,177,189,111,160
1,<environment.Job instance at 0x7fb657d99e10>,67,14,[1 5],68,177,191,109,162
1,<environment.Job instance at 0x7fb657db91e0>,68,12,[10  2],69,191,203,122,175
1,<environment.Job instance at 0x7fb657db9a50>,72,2,[5 9],73,203,205,130,178
1,<environment.Job instance at 0x7fb657db9780>,73,3,[10  2],74,205,208,131,179
1,<environment.Job instance at 0x7fb657db95a0>,74,1,[4 8],75,208,209,133,180
1,<environment.Job instance at 0x7fb657d73a50>,78,3,[10  2],79,209,212,130,190
1,<environment.Job instance at 0x7fb657d8ce60>,80,1,[10  2],81,212,213,131,200
1,<environment.Job instance at 0x7fb657d8c2d0>,81,1,[7 4],82,213,214,131,200
1,<environment.Job instance at 0x7fb657db9640>,75,12,[8 2],76,214,226,138,204
1,<environment.Job instance at 0x7fb657de80a0>,87,2,[9 1],88,226,228,138,221
1,<environment.Job instance at 0x7fb658136960>,89,13,[7 4],90,228,241,138,221
1,<environment.Job instance at 0x7fb657d753c0>,92,12,[6 3],93,243,255,150,243
1,<environment.Job instance at 0x7fb657d75550>,93,1,[10  1],94,255,256,161,243
1,<environment.Job instance at 0x7fb65eb77e60>,94,18,[6 3],95,256,274,161,246
1,<environment.Job instance at 0x7fb6147435f0>,2,12,[1 5],3,5,17,2,5
1,<environment.Job instance at 0x7fb613ec82d0>,4,14,[9 2],5,5,19,0,5
1,<environment.Job instance at 0x7fb613eb88c0>,8,3,[8 3],9,19,22,10,9
1,<environment.Job instance at 0x7fb657e30c80>,10,14,[6 3],11,22,36,11,12
1,<environment.Job instance at 0x7fb6581c6a00>,13,3,[9 2],14,36,39,22,16
1,<environment.Job instance at 0x7fb65e7e4280>,14,2,[8 3],15,39,41,24,17
1,<environment.Job instance at 0x7fb65ebdb690>,16,2,[3 7],17,22,24,5,20
1,<environment.Job instance at 0x7fb65e7e4c80>,11,16,[9 2],12,41,57,29,28
1,<environment.Job instance at 0x7fb6140cdfa0>,21,2,[10  4],22,57,59,35,38
1,<environment.Job instance at 0x7fb6147010f0>,22,16,[1 7],23,40,56,17,40
1,<environment.Job instance at 0x7fb65e86fa00>,20,14,[5 3],21,59,73,38,45
1,<environment.Job instance at 0x7fb613fd2820>,25,3,[2 8],26,73,76,47,57
1,<environment.Job instance at 0x7fb614535410>,27,2,[2 8],28,76,78,48,57
1,<environment.Job instance at 0x7fb658367230>,31,2,[2 9],32,84,86,52,84
1,<environment.Job instance at 0x7fb61452bb40>,33,13,[9 5],34,110,123,76,110
1,<environment.Job instance at 0x7fb65ec4fb40>,12,14,[2 8],13,123,137,110,110
1,<environment.Job instance at 0x7fb613fd2be0>,24,13,[5 9],25,137,150,112,126
1,<environment.Job instance at 0x7fb613f6d460>,42,14,[5 8],43,150,164,107,135
1,<environment.Job instance at 0x7fb61452bc80>,40,18,[5 7],41,164,182,123,153
1,<environment.Job instance at 0x7fb657ea9af0>,51,17,[1 7],52,182,199,130,170
1,<environment.Job instance at 0x7fb657ea9640>,52,13,[5 1],53,170,183,117,170
1,<environment.Job instance at 0x7fb657ea9460>,53,14,[7 3],54,183,197,129,170
1,<environment.Job instance at 0x7fb658093370>,56,3,[10  3],57,199,202,142,173
1,<environment.Job instance at 0x7fb6143343c0>,58,14,[3 9],59,202,216,143,187
1,<environment.Job instance at 0x7fb613fd92d0>,62,3,[5 1],63,202,205,139,187
1,<environment.Job instance at 0x7fb613fd9960>,65,14,[ 2 10],66,216,230,150,201
1,<environment.Job instance at 0x7fb613fd94b0>,67,18,[3 5],68,230,248,162,219
1,<environment.Job instance at 0x7fb613fd9fa0>,72,18,[10  5],73,248,266,175,241
1,<environment.Job instance at 0x7fb65e743be0>,79,13,[4 9],80,266,279,186,251
1,<environment.Job instance at 0x7fb65e7438c0>,81,17,[1 5],82,279,296,197,267
1,<environment.Job instance at 0x7fb65e743f00>,83,14,[5 2],84,279,293,195,267
1,<environment.Job instance at 0x7fb6583a06e0>,86,3,[10  2],87,296,299,209,287
1,<environment.Job instance at 0x7fb6583a0550>,87,15,[10  3],88,299,314,211,294
1,<environment.Job instance at 0x7fb65eb645f0>,91,14,[ 2 10],92,314,328,222,299
1,<environment.Job instance at 0x7fb65eb641e0>,93,14,[5 6],94,328,342,234,314
1,<environment.Job instance at 0x7fb65eb64c80>,94,17,[9 4],95,342,359,247,336
1,<environment.Job instance at 0x7fb65eb64500>,99,14,[10  4],100,359,373,259,345
1,<environment.Job instance at 0x7fb65ebfe4b0>,100,16,[5 4],101,373,389,272,361
1,<environment.Job instance at 0x7fb6581484b0>,105,16,[3 6],106,374,390,268,374
1,<environment.Job instance at 0x7fb658148190>,106,2,[2 7],107,390,392,283,374
1,<environment.Job instance at 0x7fb658148af0>,107,14,[3 9],108,392,406,284,379
1,<environment.Job instance at 0x7fb6580a9eb0>,109,16,[8 1],110,406,422,296,394
1,<environment.Job instance at 0x7fb613f0ceb0>,113,18,[1 8],114,406,424,292,398
1,<environment.Job instance at 0x7fb613f0c7d0>,114,15,[ 2 10],115,424,439,309,410
1,<environment.Job instance at 0x7fb614569a00>,119,15,[6 5],120,439,454,319,425
1,<environment.Job instance at 0x7fb614569910>,124,13,[10  1],125,454,467,329,439
1,<environment.Job instance at 0x7fb614569730>,126,2,[10  5],127,467,469,340,440
1,<environment.Job instance at 0x7fb614569f00>,128,17,[ 1 10],129,469,486,340,457
1,<environment.Job instance at 0x7fb6145696e0>,133,17,[2 8],134,486,503,352,480
1,<environment.Job instance at 0x7fb6145694b0>,135,14,[ 4 10],136,503,517,367,490
1,<environment.Job instance at 0x7fb657c31500>,139,3,[ 5 10],140,517,520,377,491
1,<environment.Job instance at 0x7fb657c311e0>,141,12,[5 2],142,520,532,378,503
1,<environment.Job instance at 0x7fb657c31f50>,143,16,[1 8],144,520,536,376,516
1,<environment.Job instance at 0x7fb657c316e0>,145,12,[6 5],146,536,548,390,519
1,<environment.Job instance at 0x7fb657c31f00>,146,15,[10  1],147,548,563,401,535
1,<environment.Job instance at 0x7fb657c31410>,147,17,[2 7],148,563,580,415,553
1,<environment.Job instance at 0x7fb657c31190>,148,15,[4 7],149,580,595,431,566
1,<environment.Job instance at 0x7fb657c31fa0>,151,18,[2 8],152,595,613,443,585
1,<environment.Job instance at 0x7fb657c31c80>,153,12,[6 3],154,613,625,459,597
1,<environment.Job instance at 0x7fb6580359b0>,162,3,[8 1],163,609,612,446,609
1,<environment.Job instance at 0x7fb658035500>,163,18,[5 6],164,625,643,461,614
1,<environment.Job instance at 0x7fb658035050>,165,2,[10  4],166,643,645,477,622
1,<environment.Job instance at 0x7fb6580351e0>,167,12,[1 6],168,645,657,477,628
1,<environment.Job instance at 0x7fb658035fa0>,4,13,[8 4],5,6,19,1,6
1,<environment.Job instance at 0x7fb65ea54aa0>,6,17,[10  3],7,37,54,30,37
1,<environment.Job instance at 0x7fb65ea54370>,9,12,[2 8],10,54,66,44,37
1,<environment.Job instance at 0x7fb61458a2d0>,24,1,[7 5],25,66,67,41,61
1,<environment.Job instance at 0x7fb65e719be0>,26,15,[6 2],27,67,82,40,61
1,<environment.Job instance at 0x7fb65e719c30>,27,1,[3 8],28,67,68,39,61
1,<environment.Job instance at 0x7fb65ea54eb0>,8,17,[ 2 10],9,82,99,73,71
1,<environment.Job instance at 0x7fb65e719370>,36,1,[9 5],37,99,100,62,87
1,<environment.Job instance at 0x7fb65e719aa0>,37,18,[3 8],38,100,118,62,89
1,<environment.Job instance at 0x7fb65eacf960>,40,18,[5 4],41,118,136,77,107
1,<environment.Job instance at 0x7fb65eacf8c0>,44,13,[2 9],45,136,149,91,120
1,<environment.Job instance at 0x7fb65eacf870>,47,17,[10  5],48,173,190,125,173
1,<environment.Job instance at 0x7fb65eacf730>,48,13,[1 5],49,190,203,141,175
1,<environment.Job instance at 0x7fb614785190>,49,3,[5 8],50,203,206,153,177
1,<environment.Job instance at 0x7fb6147855f0>,52,2,[ 5 10],53,206,208,153,180
1,<environment.Job instance at 0x7fb614785550>,54,16,[10  1],55,208,224,153,200
1,<environment.Job instance at 0x7fb614785eb0>,55,14,[6 2],56,224,238,168,210
1,<environment.Job instance at 0x7fb614785320>,56,18,[3 7],57,244,262,187,244
1,<environment.Job instance at 0x7fb614785f50>,57,16,[7 4],58,262,278,204,262
1,<environment.Job instance at 0x7fb6147853c0>,58,2,[8 4],59,278,280,219,262
1,<environment.Job instance at 0x7fb6147613c0>,3,16,[7 5],4,6,22,2,6
1,<environment.Job instance at 0x7fb614761e10>,4,15,[5 6],5,22,37,17,8
1,<environment.Job instance at 0x7fb65e81f0f0>,11,3,[7 5],12,37,40,25,13
1,<environment.Job instance at 0x7fb65e84d190>,13,3,[6 4],14,40,43,26,15
1,<environment.Job instance at 0x7fb65e8416e0>,16,3,[1 8],17,43,46,26,21
1,<environment.Job instance at 0x7fb65e8418c0>,17,14,[5 1],18,22,36,4,21
1,<environment.Job instance at 0x7fb614761460>,5,15,[9 2],6,43,58,37,30
1,<environment.Job instance at 0x7fb65e8414b0>,26,14,[3 5],27,58,72,31,43
1,<environment.Job instance at 0x7fb65e848230>,30,1,[5 2],31,58,59,27,48
1,<environment.Job instance at 0x7fb65e848be0>,32,14,[6 2],33,60,74,27,60
1,<environment.Job instance at 0x7fb65e841d70>,24,17,[4 7],25,72,89,47,60
1,<environment.Job instance at 0x7fb65e8480f0>,40,15,[ 4 10],41,89,104,48,76
1,<environment.Job instance at 0x7fb65e9fafa0>,7,16,[ 2 10],8,104,120,96,91
1,<environment.Job instance at 0x7fb65e849f50>,48,15,[1 9],49,120,135,71,106
1,<environment.Job instance at 0x7fb65e849be0>,53,3,[ 2 10],54,135,138,81,117
1,<environment.Job instance at 0x7fb614481f50>,57,3,[5 5],58,138,141,80,117
1,<environment.Job instance at 0x7fb614481c80>,58,3,[1 7],59,141,144,82,117
1,<environment.Job instance at 0x7fb614481500>,59,17,[8 2],60,141,158,81,129
1,<environment.Job instance at 0x7fb614481780>,61,3,[5 4],62,138,141,76,132
1,<environment.Job instance at 0x7fb65e820230>,65,16,[1 6],66,144,160,78,133
1,<environment.Job instance at 0x7fb65e8208c0>,66,13,[1 5],67,160,173,93,144
1,<environment.Job instance at 0x7fb65e820960>,69,1,[7 3],70,158,159,88,147
1,<environment.Job instance at 0x7fb65e820780>,71,2,[2 5],72,160,162,88,154
1,<environment.Job instance at 0x7fb65e8206e0>,72,17,[5 5],73,162,179,89,154
1,<environment.Job instance at 0x7fb65e820190>,74,14,[5 7],75,179,193,104,165
1,<environment.Job instance at 0x7fb65e820640>,75,14,[9 1],76,193,207,117,178
1,<environment.Job instance at 0x7fb65e820140>,77,2,[10  5],78,207,209,129,186
1,<environment.Job instance at 0x7fb65e84bd20>,80,18,[5 7],81,209,227,128,198
1,<environment.Job instance at 0x7fecec479640>,6,20,[6 1],7,8,28,1,8
1,<environment.Job instance at 0x7fecec479730>,8,13,[5 5],9,28,41,19,12
1,<environment.Job instance at 0x7fecec479cd0>,14,13,[7 3],15,41,54,26,25
1,<environment.Job instance at 0x7fecec479e10>,16,16,[3 5],17,29,45,12,29
1,<environment.Job instance at 0x7fecec479eb0>,17,3,[4 9],18,54,57,36,29
1,<environment.Job instance at 0x7fecec47c2d0>,22,1,[2 7],23,45,46,22,38
1,<environment.Job instance at 0x7fecec479d70>,15,18,[2 8],16,57,75,41,49
1,<environment.Job instance at 0x7fecec47c500>,26,3,[3 7],27,49,52,22,49
1,<environment.Job instance at 0x7fecec47c730>,27,15,[8 4],28,75,90,47,61
1,<environment.Job instance at 0x7fecec47c4b0>,24,18,[2 6],25,75,93,50,64
1,<environment.Job instance at 0x7fecec479960>,11,15,[4 8],12,93,108,81,79
1,<environment.Job instance at 0x7fecec47f460>,42,2,[4 6],43,108,110,65,90
1,<environment.Job instance at 0x7fecec47f320>,40,15,[10  3],41,110,125,69,98
1,<environment.Job instance at 0x7fecec47f500>,43,18,[5 5],44,125,143,81,116
1,<environment.Job instance at 0x7fecec47faf0>,49,16,[2 5],50,125,141,75,119
1,<environment.Job instance at 0x7fecec479c30>,13,18,[ 4 10],14,143,161,129,133
1,<environment.Job instance at 0x7fecec47fd70>,3,2,[7 3],4,4,6,0,4
1,<environment.Job instance at 0x7fecec487910>,7,1,[2 9],8,8,9,0,8
1,<environment.Job instance at 0x7fecec496910>,12,3,[10  2],13,13,16,0,13
1,<environment.Job instance at 0x7fecec496e10>,13,2,[8 3],14,16,18,2,14
1,<environment.Job instance at 0x7fecec496d70>,15,1,[6 2],16,18,19,2,16
1,<environment.Job instance at 0x7fecec494c80>,16,14,[5 5],17,19,33,2,17
1,<environment.Job instance at 0x7fecec494dc0>,19,2,[9 4],20,33,35,13,20
1,<environment.Job instance at 0x7fecec47fdc0>,2,14,[2 9],3,35,49,32,21
1,<environment.Job instance at 0x7fecec494eb0>,22,14,[2 7],23,49,63,26,34
1,<environment.Job instance at 0x7fecec49c460>,24,3,[9 2],25,63,66,38,44
1,<environment.Job instance at 0x7fecec494b90>,21,14,[1 6],22,63,77,41,49
1,<environment.Job instance at 0x7fecec41deb0>,35,2,[5 5],36,77,79,41,56
1,<environment.Job instance at 0x7fecec41d0f0>,36,12,[ 3 10],37,79,91,42,62
1,<environment.Job instance at 0x7fecec41fc30>,41,18,[2 8],42,91,109,49,80
1,<environment.Job instance at 0x7fecec41ddc0>,34,16,[7 2],35,91,107,56,81
1,<environment.Job instance at 0x7fecec41f140>,44,16,[9 4],45,109,125,64,97
1,<environment.Job instance at 0x7feca8875fa0>,47,16,[9 2],48,125,141,77,112
1,<environment.Job instance at 0x7feca8875b40>,46,14,[10  1],47,141,155,94,126
1,<environment.Job instance at 0x7feca887d5f0>,54,3,[4 7],55,155,158,100,129
1,<environment.Job instance at 0x7feca8874d20>,62,2,[9 3],63,162,164,99,162
1,<environment.Job instance at 0x7feca87fe550>,64,16,[7 5],65,184,200,119,184
1,<environment.Job instance at 0x7feca87fe370>,66,16,[7 4],67,200,216,133,187
1,<environment.Job instance at 0x7feca8800410>,76,3,[9 1],77,216,219,139,212
1,<environment.Job instance at 0x7feca8800a50>,77,17,[5 2],78,219,236,141,212
1,<environment.Job instance at 0x7feca8800b90>,78,18,[4 5],79,219,237,140,213
1,<environment.Job instance at 0x7feca88000f0>,81,1,[ 2 10],82,237,238,155,221
1,<environment.Job instance at 0x7feca88007d0>,82,1,[3 9],83,238,239,155,226
1,<environment.Job instance at 0x7feca8800730>,84,12,[7 2],85,239,251,154,228
1,<environment.Job instance at 0x7feca8876dc0>,88,15,[3 6],89,244,259,155,244
1,<environment.Job instance at 0x7feca88761e0>,87,13,[9 2],88,259,272,171,252
1,<environment.Job instance at 0x7feca87ffd70>,95,1,[8 1],96,272,273,176,252
1,<environment.Job instance at 0x7feca88900a0>,102,2,[2 6],103,276,278,173,276
1,<environment.Job instance at 0x7feca88e35a0>,103,2,[7 3],104,276,278,172,276
1,<environment.Job instance at 0x7fecec494640>,3,3,[4 8],4,4,7,0,4
1,<environment.Job instance at 0x7feca8744aa0>,8,18,[1 5],9,24,42,15,24
1,<environment.Job instance at 0x7feca8adab90>,5,3,[3 8],6,42,45,36,24
1,<environment.Job instance at 0x7feca87bd4b0>,11,1,[ 4 10],12,45,46,33,24
1,<environment.Job instance at 0x7feca87bd0f0>,12,3,[10  4],13,46,49,33,24
1,<environment.Job instance at 0x7feca87bd190>,14,1,[3 8],15,49,50,34,24
1,<environment.Job instance at 0x7feca87bdfa0>,18,2,[6 3],19,24,26,5,24
1,<environment.Job instance at 0x7feca87bd5a0>,19,3,[7 2],20,26,29,6,24
1,<environment.Job instance at 0x7feca87bdbe0>,17,1,[5 5],18,29,30,11,24
1,<environment.Job instance at 0x7feca86cc960>,21,3,[1 6],22,50,53,28,24
1,<environment.Job instance at 0x7feca87bdc80>,16,3,[2 8],17,53,56,36,30
1,<environment.Job instance at 0x7feca86dd460>,23,2,[5 5],24,30,32,6,30
1,<environment.Job instance at 0x7fecec98a050>,24,1,[7 4],25,32,33,7,32
1,<environment.Job instance at 0x7fecec1f77d0>,26,3,[6 3],27,36,39,9,36
1,<environment.Job instance at 0x7fecec492f50>,7,15,[5 3],8,56,71,48,42
1,<environment.Job instance at 0x7fecec603a00>,29,3,[5 5],30,56,59,26,55
1,<environment.Job instance at 0x7feca86ef6e0>,28,14,[7 5],29,71,85,42,56
1,<environment.Job instance at 0x7fecf3a01a00>,36,12,[8 3],37,85,97,48,68
1,<environment.Job instance at 0x7fecec3160f0>,39,17,[8 1],40,97,114,57,85
1,<environment.Job instance at 0x7fecf3a01d70>,37,15,[2 9],38,97,112,59,85
1,<environment.Job instance at 0x7fecec90c0a0>,27,12,[5 8],28,114,126,86,100
1,<environment.Job instance at 0x7feca873ca50>,48,14,[ 2 10],49,126,140,77,112
1,<environment.Job instance at 0x7feca873c3c0>,55,13,[ 1 10],56,140,153,84,125
1,<environment.Job instance at 0x7feca873ca00>,59,15,[10  2],60,153,168,93,140
1,<environment.Job instance at 0x7feca86dfe60>,62,12,[5 5],63,168,180,105,151
1,<environment.Job instance at 0x7feca86c20f0>,65,14,[7 4],66,180,194,114,165
1,<environment.Job instance at 0x7fecec23d8c0>,75,12,[ 1 10],76,194,206,118,180
1,<environment.Job instance at 0x7fecec23d9b0>,76,3,[ 3 10],77,206,209,129,180
1,<environment.Job instance at 0x7fecec1de050>,79,14,[5 7],80,209,223,129,197
1,<environment.Job instance at 0x7feca873c690>,49,17,[9 1],50,223,240,173,212
1,<environment.Job instance at 0x7fecec1de730>,83,14,[2 7],84,240,254,156,226
1,<environment.Job instance at 0x7fecec6a0fa0>,88,15,[8 5],89,254,269,165,248
1,<environment.Job instance at 0x7fecf39fb230>,96,18,[4 6],97,269,287,172,258
1,<environment.Job instance at 0x7feca8a56190>,6,2,[2 9],7,8,10,1,8
1,<environment.Job instance at 0x7fecec287eb0>,1,14,[5 8],2,12,26,10,12
1,<environment.Job instance at 0x7feca8ad73c0>,13,2,[5 6],14,34,36,20,34
1,<environment.Job instance at 0x7feca8b37370>,14,2,[2 5],15,36,38,21,34
1,<environment.Job instance at 0x7feca8b377d0>,15,3,[6 5],16,36,39,20,34
1,<environment.Job instance at 0x7feca8b37820>,16,3,[8 2],17,39,42,22,34
1,<environment.Job instance at 0x7feca8b371e0>,17,13,[7 3],18,42,55,24,35
1,<environment.Job instance at 0x7feca8ad7870>,10,1,[6 3],11,55,56,44,43
1,<environment.Job instance at 0x7feca8ad7e60>,12,18,[5 1],13,56,74,43,45
1,<environment.Job instance at 0x7feca8b06e10>,22,15,[1 6],23,45,60,22,45
1,<environment.Job instance at 0x7fecec268140>,23,2,[5 5],24,60,62,36,45
1,<environment.Job instance at 0x7feca8b06280>,24,12,[4 6],25,62,74,37,45
1,<environment.Job instance at 0x7fecf2e1cbe0>,27,18,[1 7],28,74,92,46,63
1,<environment.Job instance at 0x7feca8aaf190>,2,16,[9 2],3,74,90,71,65
1,<environment.Job instance at 0x7fecf2f2b780>,30,15,[1 6],31,92,107,61,78
1,<environment.Job instance at 0x7fecec5db190>,34,12,[8 4],35,92,104,57,80
1,<environment.Job instance at 0x7fecec30dcd0>,35,15,[7 4],36,104,119,68,91
1,<environment.Job instance at 0x7fecec82edc0>,39,17,[7 2],40,119,136,79,108
1,<environment.Job instance at 0x7fecec9764b0>,44,12,[6 5],45,136,148,91,125
1,<environment.Job instance at 0x7fecec731730>,45,2,[4 7],46,148,150,102,125
1,<environment.Job instance at 0x7fecec565910>,50,3,[4 8],51,150,153,99,142
1,<environment.Job instance at 0x7fecec608b90>,52,3,[9 1],53,153,156,100,142
1,<environment.Job instance at 0x7fecec4dc7d0>,58,1,[6 3],59,156,157,97,154
1,<environment.Job instance at 0x7fecec4dceb0>,59,17,[1 5],60,154,171,94,154
1,<environment.Job instance at 0x7fecec8b9f50>,62,13,[4 8],63,171,184,108,155
1,<environment.Job instance at 0x7fecec8b93c0>,63,1,[6 2],64,157,158,93,155
1,<environment.Job instance at 0x7fecec8b92d0>,64,2,[4 6],65,184,186,119,157
1,<environment.Job instance at 0x7fecec8b9370>,65,3,[8 5],66,158,161,92,157
1,<environment.Job instance at 0x7feca8c2e0a0>,69,3,[5 1],70,172,175,102,172
1,<environment.Job instance at 0x7feca8c2e9b0>,70,14,[6 4],71,184,198,113,172
1,<environment.Job instance at 0x7feca8c2e870>,72,3,[6 4],73,198,201,125,172
1,<environment.Job instance at 0x7feca8c2e190>,73,3,[6 2],74,175,178,101,172
1,<environment.Job instance at 0x7feca8c2e1e0>,74,15,[9 1],75,201,216,126,187
1,<environment.Job instance at 0x7fecec461d20>,78,17,[5 5],79,216,233,137,204
1,<environment.Job instance at 0x7fecf2ce8190>,82,13,[1 5],83,217,230,134,217
1,<environment.Job instance at 0x7fecf2ce85f0>,85,3,[5 5],86,230,233,144,217
1,<environment.Job instance at 0x7fecec4722d0>,88,3,[10  4],89,233,236,144,217
1,<environment.Job instance at 0x7fecec4d7fa0>,2,3,[9 1],3,28,31,25,28
1,<environment.Job instance at 0x7fecec9168c0>,9,15,[5 2],10,31,46,21,28
1,<environment.Job instance at 0x7fecec57ad20>,13,3,[5 8],14,31,34,17,30
1,<environment.Job instance at 0x7fecec57a4b0>,14,1,[6 1],15,46,47,31,30
1,<environment.Job instance at 0x7fecec57a190>,15,3,[1 5],16,34,37,18,30
1,<environment.Job instance at 0x7feca8ad7aa0>,7,16,[ 5 10],8,47,63,39,35
1,<environment.Job instance at 0x7fecec57aa50>,17,14,[4 7],18,63,77,45,48
1,<environment.Job instance at 0x7fecec57a910>,19,1,[10  3],20,77,78,57,50
1,<environment.Job instance at 0x7fecec57a3c0>,21,16,[ 2 10],22,78,94,56,65
1,<environment.Job instance at 0x7fecec57abe0>,12,16,[9 4],13,94,110,81,83
1,<environment.Job instance at 0x7feca8c2de10>,25,12,[8 1],26,110,122,84,93
1,<environment.Job instance at 0x7fecec57a8c0>,23,18,[ 1 10],24,122,140,98,115
1,<environment.Job instance at 0x7feca8c2db90>,28,3,[7 1],29,140,143,111,132
1,<environment.Job instance at 0x7fecf2c654b0>,30,15,[ 4 10],31,143,158,112,135
1,<environment.Job instance at 0x7fecf2c65eb0>,35,2,[10  5],36,158,160,122,139
1,<environment.Job instance at 0x7fecf2c65f00>,38,14,[1 7],39,167,181,128,167
1,<environment.Job instance at 0x7fecf2c653c0>,39,17,[9 4],40,181,198,141,169
1,<environment.Job instance at 0x7fecf2c65cd0>,42,1,[2 7],43,198,199,155,170
1,<environment.Job instance at 0x7fecf2c65870>,45,13,[1 5],46,199,212,153,187
1,<environment.Job instance at 0x7feca8db2280>,48,14,[8 3],49,198,212,149,192
1,<environment.Job instance at 0x7feca8db21e0>,49,14,[9 5],50,212,226,162,197
1,<environment.Job instance at 0x7feca8db27d0>,52,18,[9 4],53,226,244,173,216
1,<environment.Job instance at 0x7feca8db28c0>,55,1,[10  1],56,244,245,188,227
1,<environment.Job instance at 0x7feca8d09be0>,56,12,[6 3],57,245,257,188,228
1,<environment.Job instance at 0x7feca8a6a730>,58,17,[5 7],59,257,274,198,246
1,<environment.Job instance at 0x7fecf3204370>,62,3,[5 2],63,257,260,194,251
1,<environment.Job instance at 0x7fecf31ebaa0>,64,15,[ 2 10],65,274,289,209,261
1,<environment.Job instance at 0x7fecec2f9eb0>,66,18,[9 4],67,289,307,222,282
1,<environment.Job instance at 0x7fecec2e1e10>,67,3,[8 5],68,307,310,239,282
1,<environment.Job instance at 0x7fecf32002d0>,70,2,[5 6],71,310,312,239,285
1,<environment.Job instance at 0x7fecec2dd500>,71,13,[2 8],72,312,325,240,296
1,<environment.Job instance at 0x7fecec2dd5f0>,72,18,[5 1],73,310,328,237,299
1,<environment.Job instance at 0x7fecf321c8c0>,75,17,[7 4],76,328,345,252,318
1,<environment.Job instance at 0x7fecf321c500>,77,14,[5 5],78,345,359,267,332
1,<environment.Job instance at 0x7fecf321c6e0>,78,2,[8 5],79,359,361,280,332
1,<environment.Job instance at 0x7fecf321c460>,80,2,[2 7],81,361,363,280,338
1,<environment.Job instance at 0x7fecf3217d20>,84,17,[3 6],85,365,382,280,365
1,<environment.Job instance at 0x7fecec57af00>,0,1,[8 1],1,4,5,3,4
1,<environment.Job instance at 0x7fecec57a410>,1,18,[3 7],2,5,23,3,4
1,<environment.Job instance at 0x7feca8ab9190>,8,16,[1 6],9,23,39,14,10
1,<environment.Job instance at 0x7feca8ab9460>,9,3,[10  2],10,39,42,29,13
1,<environment.Job instance at 0x7fecec57aaa0>,2,17,[1 9],3,42,59,39,31
1,<environment.Job instance at 0x7feca8ab9780>,13,15,[4 9],14,59,74,45,45
1,<environment.Job instance at 0x7feca8c151e0>,20,16,[9 2],21,74,90,53,61
1,<environment.Job instance at 0x7feca8bcdcd0>,26,12,[6 4],27,90,102,63,73
1,<environment.Job instance at 0x7feca8bcd5f0>,29,17,[9 2],30,102,119,72,90
1,<environment.Job instance at 0x7feca8bcd410>,32,15,[2 9],33,119,134,86,107
1,<environment.Job instance at 0x7fecf2cfc4b0>,43,18,[ 2 10],44,134,152,90,125
1,<environment.Job instance at 0x7fecf307c0a0>,47,17,[7 4],48,152,169,104,141
1,<environment.Job instance at 0x7fecf307c460>,49,16,[10  5],50,169,185,119,158
1,<environment.Job instance at 0x7fecf307cd20>,55,17,[ 2 10],56,189,206,133,189
1,<environment.Job instance at 0x7fecec9080f0>,63,14,[5 5],64,206,220,142,191
1,<environment.Job instance at 0x7fecec521870>,0,2,[7 4],1,3,5,2,3
1,<environment.Job instance at 0x7fecec908cd0>,3,1,[5 5],4,6,7,2,6
1,<environment.Job instance at 0x7fecec216dc0>,9,3,[4 5],10,10,13,0,10
1,<environment.Job instance at 0x7fecec216d70>,10,15,[5 1],11,11,26,0,11
1,<environment.Job instance at 0x7fecec216a50>,11,13,[5 2],12,13,26,1,12
1,<environment.Job instance at 0x7fecec2160a0>,12,1,[10  2],13,26,27,13,13
1,<environment.Job instance at 0x7fecec1dd5a0>,13,1,[2 9],14,27,28,13,14
1,<environment.Job instance at 0x7fecec216fa0>,14,1,[10  4],15,28,29,13,15
1,<environment.Job instance at 0x7fecf3163e60>,16,1,[1 8],17,29,30,12,17
1,<environment.Job instance at 0x7fecf3163280>,17,3,[4 5],18,30,33,12,18
1,<environment.Job instance at 0x7fecec5e65a0>,18,14,[7 2],19,33,47,14,19
1,<environment.Job instance at 0x7fecec6c8e10>,23,14,[4 8],24,47,61,23,34
1,<environment.Job instance at 0x7fecec6d2690>,6,12,[ 1 10],7,61,73,54,44
1,<environment.Job instance at 0x7fecec6b3d70>,33,18,[5 2],34,73,91,39,62
1,<environment.Job instance at 0x7fecf32db730>,24,17,[3 7],25,73,90,48,63
1,<environment.Job instance at 0x7fecf2d547d0>,37,3,[9 4],38,91,94,53,71
1,<environment.Job instance at 0x7fecf2d4d6e0>,41,13,[9 1],42,94,107,52,78
1,<environment.Job instance at 0x7fecf2e18820>,46,12,[3 5],47,107,119,60,90
1,<environment.Job instance at 0x7fecf2cfc7d0>,50,2,[9 4],51,119,121,68,92
1,<environment.Job instance at 0x7fecec40ed70>,53,3,[9 5],54,121,124,67,105
1,<environment.Job instance at 0x7fecec6b3280>,31,14,[ 1 10],32,124,138,92,109
1,<environment.Job instance at 0x7fecec7b4370>,64,2,[9 2],65,138,140,73,123
1,<environment.Job instance at 0x7fecec5991e0>,65,12,[8 3],66,140,152,74,125
1,<environment.Job instance at 0x7fecec40e370>,55,14,[6 3],56,152,166,96,137
1,<environment.Job instance at 0x7fecec599d20>,68,14,[9 5],69,166,180,97,155
1,<environment.Job instance at 0x7fecec80ab90>,71,15,[7 3],72,180,195,108,166
1,<environment.Job instance at 0x7fecec426500>,81,14,[8 4],82,229,243,147,229
1,<environment.Job instance at 0x7fecec426370>,82,2,[ 2 10],83,243,245,160,231
1,<environment.Job instance at 0x7fecec426230>,83,3,[1 6],84,231,234,147,231
1,<environment.Job instance at 0x7fecec426410>,84,16,[8 1],85,245,261,160,232
1,<environment.Job instance at 0x7fecf31639b0>,19,18,[1 9],20,245,263,225,245
1,<environment.Job instance at 0x7fecec3af550>,89,3,[6 1],90,261,264,171,248
1,<environment.Job instance at 0x7fecec3af410>,90,12,[2 6],91,263,275,172,248
1,<environment.Job instance at 0x7fecec540870>,91,2,[6 2],92,264,266,172,249
1,<environment.Job instance at 0x7fecec3f2b40>,95,13,[5 5],96,275,288,179,259
1,<environment.Job instance at 0x7fecf2d69f50>,99,13,[4 8],100,288,301,188,272
1,<environment.Job instance at 0x7feca8800cd0>,102,15,[2 5],103,301,316,198,287
1,<environment.Job instance at 0x7feca88005a0>,103,16,[1 5],104,301,317,197,288
1,<environment.Job instance at 0x7fecec3c0cd0>,108,2,[7 5],109,316,318,207,300
1,<environment.Job instance at 0x7fecec3c0dc0>,109,16,[5 6],110,318,334,208,305
1,<environment.Job instance at 0x7fecec3c0e10>,111,18,[4 9],112,334,352,222,324
1,<environment.Job instance at 0x7fecec3c0640>,115,14,[ 3 10],116,352,366,236,338
1,<environment.Job instance at 0x7fecec3c0870>,118,12,[1 9],119,366,378,247,349
1,<environment.Job instance at 0x7feca8bc5370>,125,18,[ 2 10],126,378,396,252,367
1,<environment.Job instance at 0x7fecec406140>,5,3,[3 8],6,6,9,0,6
1,<environment.Job instance at 0x7feca8bcdfa0>,7,13,[7 1],8,8,21,0,8
1,<environment.Job instance at 0x7fecec916b40>,10,14,[1 9],11,11,25,0,11
1,<environment.Job instance at 0x7fecec663e60>,9,12,[4 8],10,25,37,15,12
1,<environment.Job instance at 0x7fecf33dd550>,12,12,[1 7],13,37,49,24,20
1,<environment.Job instance at 0x7fecec59baf0>,18,13,[3 6],19,49,62,30,34
1,<environment.Job instance at 0x7fecec59ba00>,20,14,[3 5],21,62,76,41,48
1,<environment.Job instance at 0x7fecec59bf00>,24,12,[7 2],25,51,63,26,51
1,<environment.Job instance at 0x7fecec59bf50>,26,12,[5 6],27,76,88,49,59
1,<environment.Job instance at 0x7fecf331c140>,28,12,[6 1],29,63,75,34,59
1,<environment.Job instance at 0x7fecf2d5f690>,32,16,[5 3],33,75,91,42,65
1,<environment.Job instance at 0x7fecec3f2640>,33,16,[9 5],34,91,107,57,78
1,<environment.Job instance at 0x7fecf3362320>,0,18,[3 6],1,107,125,106,97
1,<environment.Job instance at 0x7feca8a62d70>,39,16,[6 2],40,107,123,67,100
1,<environment.Job instance at 0x7feca8a62fa0>,41,12,[2 5],42,125,137,83,108
1,<environment.Job instance at 0x7feca8a62370>,44,16,[7 3],45,123,139,78,111
1,<environment.Job instance at 0x7fecf2de38c0>,48,13,[5 7],49,139,152,90,123
1,<environment.Job instance at 0x7feca8a62230>,43,14,[1 6],44,152,166,108,137
1,<environment.Job instance at 0x7feca8b709b0>,58,1,[5 1],59,145,146,86,145
1,<environment.Job instance at 0x7feca8b70d70>,59,2,[7 4],60,152,154,92,146
1,<environment.Job instance at 0x7feca8b70c30>,60,2,[1 9],61,166,168,105,146
1,<environment.Job instance at 0x7feca8b706e0>,55,18,[10  4],56,168,186,112,166
1,<environment.Job instance at 0x7fecec59b9b0>,25,17,[ 5 10],26,186,203,160,175
1,<environment.Job instance at 0x7feca8b70d20>,61,18,[4 9],62,203,221,141,193
1,<environment.Job instance at 0x7fecf3296500>,72,15,[ 2 10],73,223,238,150,223
1,<environment.Job instance at 0x7fecec916190>,0,2,[7 1],1,1,3,0,1
1,<environment.Job instance at 0x7fecec24ecd0>,3,12,[5 8],4,9,21,5,9
1,<environment.Job instance at 0x7fecec7b48c0>,7,13,[5 5],8,21,34,13,9
1,<environment.Job instance at 0x7fecec2167d0>,11,12,[4 5],12,21,33,9,13
1,<environment.Job instance at 0x7fecf2d9a5f0>,17,12,[6 2],18,35,47,17,35
1,<environment.Job instance at 0x7feca8b8daa0>,18,3,[2 8],19,35,38,16,35
1,<environment.Job instance at 0x7fecf2d9abe0>,19,2,[4 5],20,38,40,18,35
1,<environment.Job instance at 0x7fecec31e460>,21,2,[2 6],22,40,42,18,35
1,<environment.Job instance at 0x7fecf2d9a9b0>,12,18,[ 5 10],13,47,65,34,37
1,<environment.Job instance at 0x7feca871aeb0>,31,3,[2 9],32,65,68,33,41
1,<environment.Job instance at 0x7feca871a230>,32,3,[10  3],33,68,71,35,44
1,<environment.Job instance at 0x7feca871aa00>,34,3,[2 8],35,44,47,9,44
1,<environment.Job instance at 0x7fecec322780>,35,13,[5 1],36,71,84,35,56
1,<environment.Job instance at 0x7fecec583cd0>,37,2,[5 7],38,71,73,33,56
1,<environment.Job instance at 0x7feca8d5b230>,39,1,[6 3],40,84,85,44,56
1,<environment.Job instance at 0x7fecec4565a0>,38,12,[1 6],39,73,85,34,56
1,<environment.Job instance at 0x7fecf2d9a320>,16,16,[ 5 10],17,85,101,68,72
1,<environment.Job instance at 0x7fecec8a07d0>,45,17,[4 9],46,101,118,55,99
1,<environment.Job instance at 0x7feca8e305f0>,51,16,[5 7],52,118,134,66,105
1,<environment.Job instance at 0x7feca8e30c30>,57,18,[4 7],58,134,152,76,123
1,<environment.Job instance at 0x7feca8b77cd0>,59,2,[5 9],60,152,154,92,146
1,<environment.Job instance at 0x7feca8b77a50>,62,3,[5 1],63,146,149,83,146
1,<environment.Job instance at 0x7feca8b77370>,63,18,[10  5],64,154,172,90,146
1,<environment.Job instance at 0x7feca8b77fa0>,64,1,[7 2],65,172,173,107,146
1,<environment.Job instance at 0x7feca8c441e0>,67,1,[6 4],68,173,174,105,155
1,<environment.Job instance at 0x7feca8c445f0>,69,14,[3 5],70,172,186,102,170
1,<environment.Job instance at 0x7feca8c44b90>,70,3,[ 4 10],71,186,189,115,170
1,<environment.Job instance at 0x7feca8c44b40>,71,3,[6 5],72,174,177,102,170
1,<environment.Job instance at 0x7feca8c44d20>,73,2,[1 5],74,177,179,103,174
1,<environment.Job instance at 0x7fecec8a7c80>,74,17,[9 5],75,189,206,114,177
1,<environment.Job instance at 0x7fecec8a73c0>,76,3,[4 5],77,179,182,102,178
1,<environment.Job instance at 0x7fecec8a7960>,78,2,[6 4],79,206,208,127,206
1,<environment.Job instance at 0x7fecec8a7500>,81,1,[5 1],82,218,219,136,218
1,<environment.Job instance at 0x7fecec8a7e10>,82,2,[5 7],83,218,220,135,218
1,<environment.Job instance at 0x7fecec8a7730>,83,1,[5 6],84,220,221,136,218
1,<environment.Job instance at 0x7fecec8a7140>,86,2,[1 8],87,223,225,136,223
1,<environment.Job instance at 0x7fecec8a7f50>,87,17,[1 7],88,225,242,137,223
1,<environment.Job instance at 0x7fecec8a7690>,89,17,[8 4],90,242,259,152,239
1,<environment.Job instance at 0x7fecec8a7d20>,90,3,[ 4 10],91,259,262,168,239
1,<environment.Job instance at 0x7fecec2df190>,94,13,[2 5],95,246,259,151,246
1,<environment.Job instance at 0x7fecec2dfc30>,95,17,[1 8],96,262,279,166,250
1,<environment.Job instance at 0x7fecec6d2e60>,1,3,[5 8],2,2,5,0,2
1,<environment.Job instance at 0x7fecec43d640>,7,2,[9 3],8,8,10,0,8
1,<environment.Job instance at 0x7fecec521320>,10,3,[8 4],11,11,14,0,11
1,<environment.Job instance at 0x7fecec335190>,11,13,[5 5],12,14,27,2,12
1,<environment.Job instance at 0x7fecec335050>,12,3,[9 3],13,27,30,14,13
1,<environment.Job instance at 0x7fecf3254190>,13,1,[10  5],14,30,31,16,14
1,<environment.Job instance at 0x7fecec335c80>,15,3,[5 6],16,31,34,15,18
1,<environment.Job instance at 0x7fecec24e870>,17,1,[5 1],18,18,19,0,18
1,<environment.Job instance at 0x7fecec45d820>,9,12,[9 3],10,34,46,24,20
1,<environment.Job instance at 0x7fecec24e730>,19,2,[6 3],20,46,48,26,21
1,<environment.Job instance at 0x7fecec43d280>,8,16,[1 8],9,48,64,39,35
1,<environment.Job instance at 0x7fecec3a9320>,21,16,[8 1],22,48,64,26,36
1,<environment.Job instance at 0x7feca89aeb90>,33,13,[5 1],34,64,77,30,52
1,<environment.Job instance at 0x7fecec29f3c0>,34,16,[6 3],35,77,93,42,64
1,<environment.Job instance at 0x7feca8c04af0>,41,3,[1 7],42,83,86,41,83
1,<environment.Job instance at 0x7fecec8560f0>,43,16,[4 9],44,93,109,49,85
1,<environment.Job instance at 0x7fecf3410aa0>,45,1,[9 4],46,109,110,63,85
1,<environment.Job instance at 0x7feca88fe910>,46,3,[ 4 10],47,110,113,63,85
1,<environment.Job instance at 0x7fecec856460>,49,3,[8 1],50,113,116,63,96
1,<environment.Job instance at 0x7fecf2e7b910>,50,2,[2 7],51,113,115,62,96
1,<environment.Job instance at 0x7fecf2ecab90>,51,12,[1 7],52,115,127,63,98
1,<environment.Job instance at 0x7fecec25ca00>,54,2,[ 4 10],55,127,129,72,113
1,<environment.Job instance at 0x7fecf2fe0af0>,39,15,[9 3],40,129,144,89,117
1,<environment.Job instance at 0x7fecec25cb40>,59,1,[9 1],60,117,118,57,117
1,<environment.Job instance at 0x7fecec25ca50>,61,16,[ 2 10],62,144,160,82,135
1,<environment.Job instance at 0x7fecec25c5a0>,63,15,[10  1],64,160,175,96,156
1,<environment.Job instance at 0x7feca8a5de60>,65,3,[6 1],66,175,178,109,156
1,<environment.Job instance at 0x7feca8a5da50>,66,1,[7 3],67,178,179,111,156
1,<environment.Job instance at 0x7feca8a5d460>,71,12,[8 3],72,179,191,107,174
1,<environment.Job instance at 0x7feca8800d70>,74,16,[5 6],75,200,216,125,200
1,<environment.Job instance at 0x7fecf2fa98c0>,76,2,[5 6],77,216,218,139,201
1,<environment.Job instance at 0x7fecec6f6cd0>,79,12,[ 5 10],80,218,230,138,202
1,<environment.Job instance at 0x7fecec7b4460>,83,2,[3 6],84,230,232,146,220
1,<environment.Job instance at 0x7fecec7b45f0>,84,1,[1 7],85,232,233,147,220
1,<environment.Job instance at 0x7feca8d26b40>,85,2,[1 8],86,233,235,147,220
1,<environment.Job instance at 0x7fecf2d62730>,87,14,[8 3],88,235,249,147,221
1,<environment.Job instance at 0x7fecec216190>,11,18,[5 5],12,12,30,0,12
1,<environment.Job instance at 0x7fecec5300a0>,9,18,[5 5],10,17,35,7,17
1,<environment.Job instance at 0x7fecf2e0a190>,10,16,[5 4],11,30,46,19,20
1,<environment.Job instance at 0x7fecec35be60>,25,18,[5 3],26,35,53,9,31
1,<environment.Job instance at 0x7feca8b410a0>,2,17,[ 4 10],3,53,70,50,47
1,<environment.Job instance at 0x7fecf2c710f0>,29,13,[6 1],30,70,83,40,54
1,<environment.Job instance at 0x7feca8a11a00>,32,16,[9 2],33,83,99,50,70
1,<environment.Job instance at 0x7fecf2e9ba00>,41,1,[9 5],42,99,100,57,99
1,<environment.Job instance at 0x7fecf2e9b960>,42,3,[5 9],43,100,103,57,99
1,<environment.Job instance at 0x7fecf2ce35a0>,33,15,[5 8],34,103,118,69,99
1,<environment.Job instance at 0x7fecf2e9b6e0>,44,2,[8 1],45,118,120,73,99
1,<environment.Job instance at 0x7fecf2e9bbe0>,48,18,[5 5],49,127,145,78,127
1,<environment.Job instance at 0x7fecf2e9b780>,43,13,[10  1],44,145,158,101,129
1,<environment.Job instance at 0x7fecf3088370>,62,18,[7 2],63,158,176,95,147
1,<environment.Job instance at 0x7fecf30883c0>,65,16,[2 7],66,158,174,92,153
1,<environment.Job instance at 0x7fecf3088500>,67,12,[10  4],68,176,188,108,160
1,<environment.Job instance at 0x7fecec35be10>,21,17,[ 4 10],22,188,205,166,176
1,<environment.Job instance at 0x7fecf3088780>,73,15,[3 5],74,205,220,131,191
1,<environment.Job instance at 0x7fecf3088c80>,75,13,[6 1],76,205,218,129,191
1,<environment.Job instance at 0x7fecf3088dc0>,78,1,[2 8],79,220,221,141,194
1,<environment.Job instance at 0x7fecf3088eb0>,79,13,[3 6],80,221,234,141,205
1,<environment.Job instance at 0x7fecf3086500>,88,12,[6 2],89,218,230,129,211
1,<environment.Job instance at 0x7fecf3086640>,90,16,[8 2],91,234,250,143,222
1,<environment.Job instance at 0x7fecf3086780>,92,17,[5 5],93,250,267,157,238
1,<environment.Job instance at 0x7fecf3086960>,95,3,[ 4 10],96,267,270,171,241
1,<environment.Job instance at 0x7fecf3086f00>,100,12,[9 2],101,270,282,169,254
1,<environment.Job instance at 0x7fecf30680a0>,103,13,[7 3],104,282,295,178,268
1,<environment.Job instance at 0x7fecf30680f0>,104,3,[2 5],105,282,285,177,268
1,<environment.Job instance at 0x7fecf3068140>,106,15,[6 4],107,295,310,188,281
1,<environment.Job instance at 0x7fecf3068550>,110,3,[ 5 10],111,310,313,199,285
1,<environment.Job instance at 0x7fecf30685f0>,111,13,[3 5],112,285,298,173,285
1,<environment.Job instance at 0x7fecf308ec80>,54,18,[ 2 10],55,313,331,258,302
1,<environment.Job instance at 0x7fecf3068af0>,119,14,[5 9],120,331,345,211,316
1,<environment.Job instance at 0x7fecf3068c30>,121,12,[4 6],122,345,357,223,328
1,<environment.Job instance at 0x7fecf30562d0>,127,18,[3 8],128,357,375,229,346
1,<environment.Job instance at 0x7fecf2ded2d0>,0,17,[4 8],1,375,392,374,363
1,<environment.Job instance at 0x7fecf3056e10>,138,2,[6 2],139,363,365,224,363
1,<environment.Job instance at 0x7fecf3056d70>,137,18,[1 8],138,392,410,254,382
1,<environment.Job instance at 0x7fecf30852d0>,145,16,[7 4],146,410,426,264,398
1,<environment.Job instance at 0x7fecec2758c0>,148,3,[9 3],149,426,429,277,406
1,<environment.Job instance at 0x7feca8a3eb40>,154,2,[5 3],155,429,431,274,411
1,<environment.Job instance at 0x7feca8a3e9b0>,155,1,[9 2],156,431,432,275,411
1,<environment.Job instance at 0x7fecf3056eb0>,139,17,[6 3],140,432,449,292,420
1,<environment.Job instance at 0x7feca8c8b050>,159,2,[1 6],160,434,436,274,434
1,<environment.Job instance at 0x7fecec260050>,160,3,[7 1],161,449,452,288,434
1,<environment.Job instance at 0x7fecf2d4f500>,161,12,[10  1],162,452,464,290,438
1,<environment.Job instance at 0x7fecf2d297d0>,162,16,[7 1],163,464,480,301,451
1,<environment.Job instance at 0x7fecec1e5f00>,169,17,[7 5],170,480,497,310,476
1,<environment.Job instance at 0x7fecec31ef50>,4,2,[9 3],5,5,7,0,5
1,<environment.Job instance at 0x7feca8857f50>,7,3,[6 3],8,8,11,0,8
1,<environment.Job instance at 0x7feca8857820>,12,17,[3 8],13,14,31,1,14
1,<environment.Job instance at 0x7feca8857730>,13,14,[4 9],14,31,45,17,16
1,<environment.Job instance at 0x7feca8857e60>,17,3,[7 3],18,45,48,27,19
1,<environment.Job instance at 0x7feca8857500>,18,14,[10  3],19,48,62,29,35
1,<environment.Job instance at 0x7feca8d261e0>,24,14,[3 7],25,62,76,37,51
1,<environment.Job instance at 0x7feca88570f0>,19,18,[8 2],20,76,94,56,65
1,<environment.Job instance at 0x7fecf2db7b90>,30,17,[3 8],31,94,111,63,82
1,<environment.Job instance at 0x7fecf2db7cd0>,33,17,[7 3],34,111,128,77,99
1,<environment.Job instance at 0x7fecf2db7370>,35,12,[5 5],36,128,140,92,111
1,<environment.Job instance at 0x7feca89a5f00>,37,18,[3 9],38,140,158,102,129
1,<environment.Job instance at 0x7fecf2db7870>,26,18,[10  1],27,158,176,131,147
1,<environment.Job instance at 0x7feca89a55f0>,49,3,[4 7],50,176,179,126,175
1,<environment.Job instance at 0x7feca89a5050>,50,1,[7 3],51,179,180,128,175
1,<environment.Job instance at 0x7fecf2ee99b0>,53,2,[9 1],54,180,182,126,175
1,<environment.Job instance at 0x7fecf2ee9230>,54,15,[4 8],55,182,197,127,175
1,<environment.Job instance at 0x7fecf2ee98c0>,55,3,[4 5],56,197,200,141,175
1,<environment.Job instance at 0x7fecf2ee92d0>,56,2,[8 2],57,200,202,143,175
1,<environment.Job instance at 0x7fecf2ee9960>,57,3,[10  4],58,202,205,144,176
1,<environment.Job instance at 0x7fecf2ee9410>,61,2,[2 7],62,200,202,138,191
1,<environment.Job instance at 0x7fecec7b4a50>,62,13,[2 6],63,205,218,142,191
1,<environment.Job instance at 0x7fecec7b4aa0>,63,17,[6 4],64,205,222,141,193
1,<environment.Job instance at 0x7fecec7b4d20>,68,12,[1 5],69,218,230,149,205
1,<environment.Job instance at 0x7fecec8553c0>,69,2,[2 5],70,222,224,152,205
1,<environment.Job instance at 0x7fecec855960>,70,13,[1 5],71,224,237,153,208
1,<environment.Job instance at 0x7fecec855780>,71,3,[7 5],72,230,233,158,208
1,<environment.Job instance at 0x7fecec855eb0>,73,1,[9 4],74,233,234,159,221
1,<environment.Job instance at 0x7fecec855b40>,72,15,[3 8],73,237,252,164,223
1,<environment.Job instance at 0x7fecec8555a0>,74,16,[8 4],75,252,268,177,240
1,<environment.Job instance at 0x7fecec855410>,78,14,[6 4],79,268,282,189,253
1,<environment.Job instance at 0x7fecf2f23050>,82,14,[7 5],83,282,296,199,267
1,<environment.Job instance at 0x7fecf2f23f00>,86,18,[10  3],87,296,314,209,286
1,<environment.Job instance at 0x7fecf2e0aa50>,2,3,[9 2],3,3,6,0,3
1,<environment.Job instance at 0x7fecec31ed20>,9,18,[5 3],10,10,28,0,10
1,<environment.Job instance at 0x7fecec268190>,12,2,[ 4 10],13,28,30,15,13
1,<environment.Job instance at 0x7fecf32135a0>,15,15,[2 6],16,30,45,14,16
1,<environment.Job instance at 0x7fecf30563c0>,7,14,[5 6],8,45,59,37,30
1,<environment.Job instance at 0x7fecec87c230>,22,1,[1 9],23,59,60,36,32
1,<environment.Job instance at 0x7fecec87c5f0>,23,17,[6 1],24,59,76,35,47
1,<environment.Job instance at 0x7fecec87c280>,24,12,[4 5],25,60,72,35,50
1,<environment.Job instance at 0x7fecec31e190>,14,14,[ 3 10],15,76,90,61,62
1,<environment.Job instance at 0x7feca869b460>,30,13,[4 7],31,90,103,59,74
1,<environment.Job instance at 0x7feca869bfa0>,36,2,[4 7],37,103,105,66,77
1,<environment.Job instance at 0x7feca869b0a0>,34,15,[7 4],35,105,120,70,91
1,<environment.Job instance at 0x7feca869b690>,31,16,[5 5],32,120,136,88,107
1,<environment.Job instance at 0x7fecec287f00>,44,18,[3 5],45,113,131,68,113
1,<environment.Job instance at 0x7fecec287550>,46,13,[5 4],47,131,144,84,117
1,<environment.Job instance at 0x7fecec287050>,48,15,[8 2],49,144,159,95,130
1,<environment.Job instance at 0x7fecec287f50>,50,12,[8 3],51,159,171,108,142
1,<environment.Job instance at 0x7fecec287640>,52,14,[ 3 10],53,171,185,118,156
1,<environment.Job instance at 0x7fecf2f23b40>,60,18,[6 1],61,185,203,124,174
1,<environment.Job instance at 0x7fecf2f23d20>,64,18,[2 5],65,185,203,120,176
1,<environment.Job instance at 0x7fecf2f23d70>,66,3,[9 5],67,203,206,136,178
1,<environment.Job instance at 0x7fecf32582d0>,69,15,[2 5],70,206,221,136,192
1,<environment.Job instance at 0x7fecf32586e0>,72,2,[1 8],73,221,223,148,208
1,<environment.Job instance at 0x7fecf3258aa0>,73,3,[9 3],74,223,226,149,208
1,<environment.Job instance at 0x7feca868b320>,77,1,[1 6],78,223,224,145,209
1,<environment.Job instance at 0x7feca868b370>,78,14,[5 6],79,226,240,147,211
1,<environment.Job instance at 0x7feca868b410>,79,2,[7 3],80,211,213,131,211
1,<environment.Job instance at 0x7fecec40ee60>,84,3,[6 2],85,240,243,155,228
1,<environment.Job instance at 0x7fecec40e1e0>,85,14,[8 2],86,243,257,157,229
1,<environment.Job instance at 0x7fecec40e8c0>,91,16,[4 9],92,257,273,165,244
1,<environment.Job instance at 0x7fecec40eaa0>,93,13,[3 7],94,273,286,179,257
1,<environment.Job instance at 0x7fecec512f50>,97,13,[10  3],98,286,299,188,270
1,<environment.Job instance at 0x7fecec287b40>,42,17,[ 5 10],43,299,316,256,294
1,<environment.Job instance at 0x7fecec512910>,103,13,[8 4],104,316,329,212,302
1,<environment.Job instance at 0x7fecec512410>,107,3,[8 4],108,329,332,221,311
1,<environment.Job instance at 0x7fecec512e60>,108,3,[4 6],109,332,335,223,311
1,<environment.Job instance at 0x7fecec512370>,109,15,[ 5 10],110,335,350,225,324
1,<environment.Job instance at 0x7fecec2abcd0>,2,2,[7 5],3,3,5,0,3
1,<environment.Job instance at 0x7fecec2870f0>,5,2,[4 7],6,7,9,1,7
1,<environment.Job instance at 0x7feca8b6f190>,9,18,[2 7],10,10,28,0,10
1,<environment.Job instance at 0x7fecf2e0ab40>,11,13,[4 5],12,28,41,16,12
1,<environment.Job instance at 0x7feca85c9230>,12,3,[6 3],13,13,16,0,13
1,<environment.Job instance at 0x7fecf3144820>,14,2,[8 2],15,16,18,1,15
1,<environment.Job instance at 0x7fecec924b40>,17,13,[5 5],18,28,41,10,18
1,<environment.Job instance at 0x7fecf32314b0>,18,3,[7 5],19,41,44,22,19
1,<environment.Job instance at 0x7fecec724320>,21,2,[8 2],22,22,24,0,22
1,<environment.Job instance at 0x7fecf3216780>,22,14,[9 2],23,44,58,21,29
1,<environment.Job instance at 0x7fecec96c1e0>,28,15,[5 3],29,58,73,29,45
1,<environment.Job instance at 0x7fecec96c6e0>,27,14,[10  2],28,73,87,45,61
1,<environment.Job instance at 0x7fecf2d03e10>,36,13,[9 1],37,87,100,50,71
1,<environment.Job instance at 0x7fecf2d031e0>,39,13,[2 8],40,100,113,60,87
1,<environment.Job instance at 0x7fecf2d03780>,37,18,[10  3],38,113,131,75,102
1,<environment.Job instance at 0x7fecec7246e0>,19,17,[10  1],20,131,148,111,121
1,<environment.Job instance at 0x7fecec2d9870>,47,18,[3 6],48,148,166,100,138
1,<environment.Job instance at 0x7fecec5c8280>,51,16,[6 2],52,148,164,96,138
1,<environment.Job instance at 0x7fecec5c8d20>,55,14,[ 2 10],56,166,180,110,153
1,<environment.Job instance at 0x7fecec5d6370>,58,14,[ 1 10],59,180,194,121,165
1,<environment.Job instance at 0x7fecec5d6e60>,60,13,[ 4 10],61,194,207,133,178
1,<environment.Job instance at 0x7fecec5d6aa0>,63,13,[ 4 10],64,207,220,143,194
1,<environment.Job instance at 0x7fecec5cb320>,65,3,[4 8],66,220,223,154,194
1,<environment.Job instance at 0x7fecec5cb5a0>,69,15,[7 2],70,223,238,153,211
1,<environment.Job instance at 0x7fecf2d08b40>,74,15,[3 5],75,223,238,148,222
1,<environment.Job instance at 0x7fecf2d0c0a0>,78,3,[ 3 10],79,238,241,159,230
1,<environment.Job instance at 0x7fecec92beb0>,79,13,[4 7],80,241,254,161,230
1,<environment.Job instance at 0x7fecec92bb90>,81,14,[6 4],82,254,268,172,239
1,<environment.Job instance at 0x7feca8978960>,84,17,[3 5],85,254,271,169,242
1,<environment.Job instance at 0x7feca895e960>,85,18,[ 3 10],86,271,289,185,262
1,<environment.Job instance at 0x7fecec92c140>,99,14,[1 5],100,289,303,189,276
1,<environment.Job instance at 0x7fecf31e5190>,110,18,[5 8],111,306,324,195,306
1,<environment.Job instance at 0x7fecf322f460>,113,3,[1 5],114,324,327,210,306
1,<environment.Job instance at 0x7feca8c4b910>,115,2,[ 5 10],116,331,333,215,331
1,<environment.Job instance at 0x7feca8c4b500>,117,1,[5 2],118,333,334,215,332
1,<environment.Job instance at 0x7feca8c4b050>,120,14,[9 4],121,381,395,260,381
1,<environment.Job instance at 0x7feca8c5a7d0>,121,17,[6 2],122,395,412,273,383
1,<environment.Job instance at 0x7feca8c4b5a0>,122,1,[2 5],123,395,396,272,383
1,<environment.Job instance at 0x7feca8c5af50>,127,13,[2 7],128,396,409,268,394
1,<environment.Job instance at 0x7feca8c5adc0>,129,15,[10  5],130,412,427,282,398
1,<environment.Job instance at 0x7feca8c5a4b0>,138,18,[5 5],139,427,445,288,416
1,<environment.Job instance at 0x7fecf39fbfa0>,143,15,[4 8],144,445,460,301,431
1,<environment.Job instance at 0x7fecec527a00>,149,17,[9 4],150,460,477,310,448
1,<environment.Job instance at 0x7feca87ad3c0>,152,14,[1 8],153,477,491,324,462
1,<environment.Job instance at 0x7feca87adcd0>,157,14,[6 2],158,715,729,557,715
1,<environment.Job instance at 0x7feca87ad7d0>,158,1,[9 2],159,729,730,570,715
1,<environment.Job instance at 0x7feca87ad460>,160,1,[8 5],161,730,731,569,715
1,<environment.Job instance at 0x7fecec7ec640>,4,2,[2 7],5,5,7,0,5
1,<environment.Job instance at 0x7fecec287c80>,8,2,[1 9],9,9,11,0,9
1,<environment.Job instance at 0x7fecf2c81910>,9,17,[2 5],10,11,28,1,11
1,<environment.Job instance at 0x7fecf2e19be0>,7,13,[ 1 10],8,28,41,20,13
1,<environment.Job instance at 0x7fecec26bcd0>,12,13,[5 5],13,15,28,2,15
1,<environment.Job instance at 0x7fecf360e6e0>,13,12,[5 2],14,41,53,27,24
1,<environment.Job instance at 0x7feca85bce10>,18,12,[2 6],19,41,53,22,24
1,<environment.Job instance at 0x7fecec2870a0>,10,13,[ 2 10],11,53,66,42,39
1,<environment.Job instance at 0x7fecec240af0>,28,12,[2 5],29,66,78,37,54
1,<environment.Job instance at 0x7fecec240870>,29,17,[5 2],30,66,83,36,57
1,<environment.Job instance at 0x7fecf3050e10>,27,13,[1 7],28,78,91,50,62
1,<environment.Job instance at 0x7feca844c0f0>,33,18,[8 3],34,83,101,49,72
1,<environment.Job instance at 0x7feca89fff00>,39,12,[1 7],40,91,103,51,75
1,<environment.Job instance at 0x7fecec8ae2d0>,43,18,[2 6],44,103,121,59,92
1,<environment.Job instance at 0x7fecf2d8eaa0>,48,13,[5 2],49,101,114,52,101
1,<environment.Job instance at 0x7feca8a35dc0>,50,3,[1 9],51,121,124,70,101
1,<environment.Job instance at 0x7fecf2d8e6e0>,54,13,[2 5],55,124,137,69,110
1,<environment.Job instance at 0x7fecf2d8e870>,51,17,[9 5],52,137,154,85,125
1,<environment.Job instance at 0x7fecf2d76500>,57,12,[1 7],58,154,166,96,140
1,<environment.Job instance at 0x7fecf2d76410>,58,16,[8 1],59,154,170,95,142
1,<environment.Job instance at 0x7fecf340dc80>,60,12,[3 6],61,170,182,109,153
1,<environment.Job instance at 0x7feca861b460>,64,15,[5 2],65,170,185,105,165
1,<environment.Job instance at 0x7feca861b0a0>,67,12,[6 5],68,185,197,117,170
1,<environment.Job instance at 0x7feca8601500>,55,16,[ 4 10],56,197,213,141,184
1,<environment.Job instance at 0x7feca898b460>,72,2,[10  2],73,213,215,140,193
1,<environment.Job instance at 0x7feca861b320>,70,13,[2 9],71,236,249,165,236
1,<environment.Job instance at 0x7fecf2d8e5f0>,47,18,[3 8],48,258,276,210,258
1,<environment.Job instance at 0x7fecf32a57d0>,85,16,[6 3],86,276,292,190,263
1,<environment.Job instance at 0x7fecec91d8c0>,89,1,[5 9],90,292,293,202,273
1,<environment.Job instance at 0x7feca85f8eb0>,92,1,[1 9],93,293,294,200,276
1,<environment.Job instance at 0x7feca85f8f50>,94,13,[8 2],95,299,312,204,299
1,<environment.Job instance at 0x7fecf2c89b90>,80,15,[7 4],81,312,327,231,299
1,<environment.Job instance at 0x7fecec698c80>,88,17,[1 8],89,327,344,238,323
1,<environment.Job instance at 0x7feca86e9370>,95,12,[9 1],96,329,341,233,329
1,<environment.Job instance at 0x7fecec8e5c80>,104,1,[6 1],105,341,342,236,329
1,<environment.Job instance at 0x7feca86e9cd0>,97,17,[ 3 10],98,344,361,246,335
1,<environment.Job instance at 0x7fecf2e88b90>,107,15,[5 8],108,361,376,253,350
1,<environment.Job instance at 0x7fecec70fe60>,4,13,[2 8],5,7,20,2,7
1,<environment.Job instance at 0x7fecec70f640>,7,14,[9 4],8,20,34,12,9
1,<environment.Job instance at 0x7fecec70f0f0>,10,1,[5 9],11,34,35,23,11
1,<environment.Job instance at 0x7fecec70fa50>,11,1,[2 5],12,35,36,23,13
1,<environment.Job instance at 0x7feca84a0a00>,5,17,[6 3],6,35,52,29,23
1,<environment.Job instance at 0x7fecec70f730>,14,12,[7 2],15,52,64,37,35
1,<environment.Job instance at 0x7fecec70ff00>,12,18,[3 8],13,52,70,39,47
1,<environment.Job instance at 0x7fecec43ad70>,20,16,[5 1],21,64,80,43,51
1,<environment.Job instance at 0x7fecec43a910>,32,3,[6 5],33,80,83,47,65
1,<environment.Job instance at 0x7fecec43a550>,34,3,[7 2],35,83,86,48,66
1,<environment.Job instance at 0x7fecf331cc30>,35,3,[1 8],36,70,73,34,67
1,<environment.Job instance at 0x7fecec43aa50>,36,1,[5 8],37,73,74,36,67
1,<environment.Job instance at 0x7fecec70fc30>,6,12,[ 4 10],7,86,98,79,71
1,<environment.Job instance at 0x7feca8a0ff50>,39,12,[ 5 10],40,98,110,58,81
1,<environment.Job instance at 0x7feca8a0fa50>,41,12,[7 5],42,110,122,68,95
1,<environment.Job instance at 0x7feca84f2b40>,44,14,[3 5],45,110,124,65,96
1,<environment.Job instance at 0x7feca84f2460>,46,16,[ 5 10],47,124,140,77,112
1,<environment.Job instance at 0x7feca8414f50>,55,13,[6 4],56,140,153,84,124
1,<environment.Job instance at 0x7feca8414190>,59,15,[8 3],60,153,168,93,139
1,<environment.Job instance at 0x7feca8414c30>,62,2,[ 5 10],63,168,170,105,158
1,<environment.Job instance at 0x7feca8414fa0>,63,2,[3 7],64,170,172,106,158
1,<environment.Job instance at 0x7feca84140a0>,64,1,[ 1 10],65,172,173,107,158
1,<environment.Job instance at 0x7fecf331c460>,38,12,[9 5],39,173,185,134,159
1,<environment.Job instance at 0x7feca8416a50>,66,3,[8 4],67,185,188,118,161
1,<environment.Job instance at 0x7feca8416d20>,68,1,[8 5],69,188,189,119,171
1,<environment.Job instance at 0x7feca8416b40>,69,17,[6 3],70,189,206,119,177
1,<environment.Job instance at 0x7feca8416370>,72,14,[10  1],73,206,220,133,191
1,<environment.Job instance at 0x7feca8416a00>,76,16,[3 5],77,220,236,143,207
1,<environment.Job instance at 0x7feca8416eb0>,77,14,[5 1],78,220,234,142,210
1,<environment.Job instance at 0x7feca841f050>,84,17,[7 5],85,234,251,149,222
1,<environment.Job instance at 0x7feca841f320>,87,14,[1 5],88,236,250,148,233
1,<environment.Job instance at 0x7feca8416cd0>,65,18,[5 9],66,251,269,185,241
1,<environment.Job instance at 0x7feca841f1e0>,92,2,[5 9],93,269,271,176,250
1,<environment.Job instance at 0x7feca8417960>,96,12,[ 3 10],97,271,283,174,255
1,<environment.Job instance at 0x7feca841f8c0>,88,12,[10  2],89,292,304,203,292
1,<environment.Job instance at 0x7feca85425a0>,107,2,[9 1],108,304,306,196,299
1,<environment.Job instance at 0x7feca8542af0>,108,18,[3 7],109,306,324,197,299
1,<environment.Job instance at 0x7feca84f2c30>,2,2,[9 1],3,4,6,1,4
1,<environment.Job instance at 0x7fecec43a410>,0,3,[4 8],1,6,9,5,4
1,<environment.Job instance at 0x7fecec629870>,7,13,[4 7],8,10,23,2,10
1,<environment.Job instance at 0x7feca8a46f00>,9,13,[3 7],10,23,36,13,11
1,<environment.Job instance at 0x7fecec8cbd70>,12,12,[1 5],13,36,48,23,22
1,<environment.Job instance at 0x7fecf2e99050>,14,14,[9 2],15,36,50,21,25
1,<environment.Job instance at 0x7fecec87c6e0>,18,3,[8 3],19,50,53,31,31
1,<environment.Job instance at 0x7feca8542500>,4,16,[1 7],5,48,64,43,36
1,<environment.Job instance at 0x7fecec6cd050>,23,3,[9 2],24,53,56,29,41
1,<environment.Job instance at 0x7feca87c4460>,24,2,[8 3],25,56,58,31,41
1,<environment.Job instance at 0x7feca87c4320>,26,2,[3 7],27,64,66,37,53
1,<environment.Job instance at 0x7feca87c4f00>,25,16,[7 4],26,66,82,40,53
1,<environment.Job instance at 0x7feca87642d0>,30,14,[5 3],31,82,96,51,67
1,<environment.Job instance at 0x7fecec6ed3c0>,34,13,[5 9],35,96,109,61,80
1,<environment.Job instance at 0x7fecf377feb0>,36,2,[ 1 10],37,109,111,72,82
1,<environment.Job instance at 0x7fecec859cd0>,33,15,[7 1],34,111,126,77,107
1,<environment.Job instance at 0x7feca8560960>,41,2,[2 9],42,111,113,69,107
1,<environment.Job instance at 0x7fecec6cd5f0>,21,16,[9 2],22,126,142,104,115
1,<environment.Job instance at 0x7feca840e230>,46,17,[9 2],47,142,159,95,133
1,<environment.Job instance at 0x7feca84e2550>,48,1,[ 1 10],49,159,160,110,133
1,<environment.Job instance at 0x7feca84e2640>,51,14,[1 9],52,160,174,108,145
1,<environment.Job instance at 0x7feca86e8d20>,54,12,[ 2 10],55,174,186,119,157
1,<environment.Job instance at 0x7feca86d94b0>,59,17,[2 7],60,186,203,126,174
1,<environment.Job instance at 0x7feca86d1eb0>,62,13,[5 1],63,186,199,123,178
1,<environment.Job instance at 0x7feca86d1e10>,63,14,[7 3],64,199,213,135,184
1,<environment.Job instance at 0x7feca86d15f0>,68,14,[3 9],69,213,227,144,199
1,<environment.Job instance at 0x7feca840e3c0>,43,13,[9 5],44,227,240,183,211
1,<environment.Job instance at 0x7fecec98f640>,76,12,[5 5],77,240,252,163,224
1,<environment.Job instance at 0x7fecec3241e0>,77,18,[3 5],78,240,258,162,229
1,<environment.Job instance at 0x7fecec418910>,81,12,[5 4],82,252,264,170,235
1,<environment.Job instance at 0x7feca86cef00>,83,17,[5 5],84,258,275,174,246
1,<environment.Job instance at 0x7feca86d8d70>,85,13,[5 5],86,264,277,178,250
1,<environment.Job instance at 0x7feca86d8640>,88,18,[2 5],89,275,293,186,267
1,<environment.Job instance at 0x7fecf30a27d0>,90,3,[9 5],91,293,296,202,268
1,<environment.Job instance at 0x7feca86fa050>,91,17,[1 5],92,277,294,185,268
1,<environment.Job instance at 0x7feca8a5b9b0>,93,14,[5 2],94,296,310,202,281
1,<environment.Job instance at 0x7feca8416dc0>,89,13,[4 9],90,310,323,220,295
1,<environment.Job instance at 0x7fecec4b6370>,97,15,[10  3],98,325,340,227,325
1,<environment.Job instance at 0x7fecec4c6d70>,101,14,[ 2 10],102,340,354,238,337
1,<environment.Job instance at 0x7fecec4c6690>,104,17,[9 4],105,354,371,249,343
1,<environment.Job instance at 0x7fecec419050>,108,13,[5 6],109,371,384,262,356
1,<environment.Job instance at 0x7fecec4bd0f0>,109,14,[10  4],110,384,398,274,372
1,<environment.Job instance at 0x7fecec4bdf00>,114,14,[1 9],115,398,412,283,385
1,<environment.Job instance at 0x7fecec4bdf50>,117,14,[3 9],118,412,426,294,398
1,<environment.Job instance at 0x7fecec4c9dc0>,122,14,[10  1],123,461,475,338,461
1,<environment.Job instance at 0x7fecec4c9e60>,123,18,[1 8],124,475,493,351,470
1,<environment.Job instance at 0x7fecec4c9230>,127,16,[8 2],128,482,498,354,482
1,<environment.Job instance at 0x7fecec4c97d0>,130,12,[5 7],131,498,510,367,482
1,<environment.Job instance at 0x7fecec4c90a0>,132,14,[ 2 10],133,510,524,377,500
1,<environment.Job instance at 0x7feca854f550>,136,2,[10  5],137,524,526,387,502
1,<environment.Job instance at 0x7fecf33d2500>,138,17,[ 1 10],139,538,555,399,538
1,<environment.Job instance at 0x7feca8ae34b0>,142,16,[6 4],143,555,571,412,542
1,<environment.Job instance at 0x7feca8ae30a0>,143,17,[2 8],144,571,588,427,564
1,<environment.Job instance at 0x7feca8af7460>,149,3,[ 5 10],150,588,591,438,564
1,<environment.Job instance at 0x7feca8af7550>,150,12,[6 1],151,571,583,420,564
1,<environment.Job instance at 0x7feca8af7730>,151,12,[5 2],152,591,603,439,574
1,<environment.Job instance at 0x7feca8af7b90>,153,16,[1 8],154,591,607,437,585
1,<environment.Job instance at 0x7feca8af7870>,155,12,[6 5],156,607,619,451,592
1,<environment.Job instance at 0x7feca8aef1e0>,157,17,[2 7],158,619,636,461,609
1,<environment.Job instance at 0x7feca8aef280>,161,18,[2 8],162,636,654,474,627
1,<environment.Job instance at 0x7feca8aef8c0>,163,12,[6 3],164,654,666,490,637
1,<environment.Job instance at 0x7feca8af6500>,170,13,[5 6],171,666,679,495,650
1,<environment.Job instance at 0x7feca8ae0aa0>,174,15,[1 5],175,679,694,504,665
1,<environment.Job instance at 0x7feca8ae54b0>,176,2,[8 5],177,679,681,502,666
1,<environment.Job instance at 0x7feca8ae5d20>,177,12,[1 6],178,694,706,516,678
1,<environment.Job instance at 0x7feca8a70690>,2,3,[6 3],3,4,7,1,4
1,<environment.Job instance at 0x7fecf31638c0>,10,1,[5 1],11,11,12,0,11
1,<environment.Job instance at 0x7feca8a0a820>,6,17,[10  3],7,13,30,6,13
1,<environment.Job instance at 0x7feca84117d0>,15,15,[5 2],16,32,47,16,32
1,<environment.Job instance at 0x7fecec7e5cd0>,9,12,[2 8],10,36,48,26,36
1,<environment.Job instance at 0x7fecec916960>,17,1,[3 5],18,48,49,30,36
1,<environment.Job instance at 0x7fecec9169b0>,18,3,[10  1],19,49,52,30,36
1,<environment.Job instance at 0x7fecec43a730>,19,1,[3 8],20,52,53,32,36
1,<environment.Job instance at 0x7fecec264820>,24,1,[7 5],25,54,55,29,54
1,<environment.Job instance at 0x7fecec43a5a0>,22,17,[5 8],23,55,72,32,55
1,<environment.Job instance at 0x7fecf3216820>,27,1,[3 8],28,72,73,44,55
1,<environment.Job instance at 0x7fecec264230>,29,1,[3 7],30,73,74,43,59
1,<environment.Job instance at 0x7fecf3204c30>,30,2,[1 7],31,74,76,43,59
1,<environment.Job instance at 0x7fecf3204190>,31,12,[3 5],32,76,88,44,59
1,<environment.Job instance at 0x7fecf3204c80>,33,2,[5 4],34,76,78,42,59
1,<environment.Job instance at 0x7fecec916dc0>,16,16,[ 1 10],17,88,104,71,83
1,<environment.Job instance at 0x7fecec881a50>,40,18,[5 4],41,104,122,63,93
1,<environment.Job instance at 0x7fecec8590f0>,44,13,[2 9],45,122,135,77,107
1,<environment.Job instance at 0x7feca86d1780>,0,18,[ 4 10],1,135,153,134,124
1,<environment.Job instance at 0x7fecec92c230>,47,17,[10  5],48,184,201,136,184
1,<environment.Job instance at 0x7fecf31d4af0>,49,3,[5 8],50,201,204,151,185
1,<environment.Job instance at 0x7fecf2e192d0>,50,3,[4 8],51,204,207,153,186
1,<environment.Job instance at 0x7fecf31d4b40>,51,18,[5 5],52,207,225,155,197
1,<environment.Job instance at 0x7fecf2e19780>,53,18,[5 4],54,207,225,153,198
1,<environment.Job instance at 0x7fecf2e19460>,54,16,[10  1],55,244,260,189,244
1,<environment.Job instance at 0x7fecf3217dc0>,56,18,[3 7],57,260,278,203,255
1,<environment.Job instance at 0x7fecf2e4d550>,58,2,[8 4],59,278,280,219,266
1,<environment.Job instance at 0x7fecf3247050>,60,2,[3 5],61,280,282,219,266
1,<environment.Job instance at 0x7feca8a70aa0>,3,3,[6 4],4,4,7,0,4
1,<environment.Job instance at 0x7fecf3247c30>,8,3,[2 7],9,9,12,0,9
1,<environment.Job instance at 0x7fecec512fa0>,7,14,[5 1],8,11,25,3,11
1,<environment.Job instance at 0x7fecf2fabdc0>,11,2,[3 5],12,12,14,0,12
1,<environment.Job instance at 0x7fecf2fabeb0>,12,3,[2 8],13,14,17,1,14
1,<environment.Job instance at 0x7fecf2fab870>,13,12,[10  4],14,25,37,11,15
1,<environment.Job instance at 0x7fecf2fab0a0>,16,14,[3 5],17,37,51,20,22
1,<environment.Job instance at 0x7fecf2fab0f0>,20,1,[5 2],21,24,25,3,24
1,<environment.Job instance at 0x7fecec6cd640>,22,14,[6 2],23,37,51,14,32
1,<environment.Job instance at 0x7fecec6cdfa0>,23,14,[2 9],24,51,65,27,36
1,<environment.Job instance at 0x7fecec6f8e10>,26,1,[ 4 10],27,65,66,38,40
1,<environment.Job instance at 0x7fecec40f820>,0,16,[9 1],1,66,82,65,53
1,<environment.Job instance at 0x7feca84d4d20>,33,3,[10  5],34,82,85,48,68
1,<environment.Job instance at 0x7feca87629b0>,34,1,[ 4 10],35,85,86,50,68
1,<environment.Job instance at 0x7feca8762f00>,30,15,[ 4 10],31,86,101,55,72
1,<environment.Job instance at 0x7feca8762190>,31,17,[9 3],32,101,118,69,89
1,<environment.Job instance at 0x7fecec264d20>,48,3,[1 7],49,101,104,52,90
1,<environment.Job instance at 0x7fecec2642d0>,50,16,[6 5],51,118,134,67,105
1,<environment.Job instance at 0x7fecec2647d0>,53,16,[3 5],54,118,134,64,106
1,<environment.Job instance at 0x7fecf2fab960>,24,18,[10  3],25,134,152,109,123
1,<environment.Job instance at 0x7feca85ee500>,59,1,[7 3],60,152,153,92,124
1,<environment.Job instance at 0x7feca85ee690>,58,15,[5 6],59,153,168,94,139
1,<environment.Job instance at 0x7feca85ee190>,66,13,[4 7],67,168,181,101,154
1,<environment.Job instance at 0x7feca847a050>,69,13,[2 5],70,181,194,111,165
1,<environment.Job instance at 0x7feca85ee780>,64,14,[5 7],65,194,208,129,179
1,<environment.Job instance at 0x7feca847a0a0>,72,16,[1 9],73,208,224,135,197
1,<environment.Job instance at 0x7fecec512460>,2,1,[2 8],3,3,4,0,3
1,<environment.Job instance at 0x7fecec5276e0>,5,3,[3 6],6,6,9,0,6
1,<environment.Job instance at 0x7fecec7d40f0>,9,3,[4 9],10,10,13,0,10
1,<environment.Job instance at 0x7fecec7d4320>,11,14,[ 2 10],12,14,28,2,14
1,<environment.Job instance at 0x7fecec2b9190>,13,2,[2 6],14,28,30,14,15
1,<environment.Job instance at 0x7fecec7d4f00>,8,14,[9 1],9,30,44,21,16
1,<environment.Job instance at 0x7fecec2b4910>,16,15,[4 6],17,44,59,27,30
1,<environment.Job instance at 0x7fecec2b4b90>,20,3,[7 3],21,59,62,38,51
1,<environment.Job instance at 0x7fecec2b9550>,17,18,[ 1 10],18,74,92,56,74
1,<environment.Job instance at 0x7fecec2b43c0>,22,1,[5 5],23,92,93,69,74
1,<environment.Job instance at 0x7fecec2b4e10>,25,13,[10  1],26,93,106,67,78
1,<environment.Job instance at 0x7fecec2b41e0>,26,18,[7 3],27,106,124,79,95
1,<environment.Job instance at 0x7fecec2bad20>,35,14,[6 3],36,124,138,88,110
1,<environment.Job instance at 0x7fecec2ba6e0>,38,13,[8 3],39,138,151,99,125
1,<environment.Job instance at 0x7fecec2b4c80>,33,16,[ 2 10],34,151,167,117,138
1,<environment.Job instance at 0x7fecec2ba5a0>,43,13,[8 3],44,167,180,123,153
1,<environment.Job instance at 0x7fecec2b4050>,29,18,[8 1],30,180,198,150,169
1,<environment.Job instance at 0x7fecec2bc690>,53,12,[1 6],54,172,184,118,172
1,<environment.Job instance at 0x7fecec2bc4b0>,54,2,[5 8],55,198,200,143,172
1,<environment.Job instance at 0x7fecec2bc230>,56,2,[8 3],57,200,202,143,174
1,<environment.Job instance at 0x7fecec2bcb90>,58,12,[2 6],59,184,196,125,174
1,<environment.Job instance at 0x7fecec2bc9b0>,59,2,[7 3],60,202,204,142,175
1,<environment.Job instance at 0x7fecec2bcdc0>,65,15,[1 7],66,200,215,134,198
1,<environment.Job instance at 0x7fecec2bc6e0>,68,1,[9 1],69,204,205,135,203
1,<environment.Job instance at 0x7fecec2bcb40>,69,2,[10  5],70,215,217,145,203
1,<environment.Job instance at 0x7fecec2bcc30>,70,2,[5 5],71,217,219,146,203
1,<environment.Job instance at 0x7fecec2bc8c0>,71,16,[7 1],72,219,235,147,209
1,<environment.Job instance at 0x7fecec2bc3c0>,75,12,[9 2],76,235,247,159,223
1,<environment.Job instance at 0x7fecec2bc370>,72,13,[4 9],73,247,260,174,231
1,<environment.Job instance at 0x7fecec2a7730>,82,14,[3 6],83,260,274,177,245
1,<environment.Job instance at 0x7fecec2a7410>,83,17,[7 3],84,260,277,176,249
1,<environment.Job instance at 0x7fecec2a7550>,85,17,[7 2],86,277,294,191,266
1,<environment.Job instance at 0x7fecec2a14b0>,89,14,[9 2],90,294,308,204,279
1,<environment.Job instance at 0x7fecec2a10a0>,92,18,[1 5],93,290,308,197,290
1,<environment.Job instance at 0x7fecec2ba780>,36,17,[10  5],37,308,325,271,297
1,<environment.Job instance at 0x7fecec2a1cd0>,96,14,[5 4],97,325,339,228,310
1,<environment.Job instance at 0x7fecec2a1230>,98,1,[10  5],99,339,340,240,317
1,<environment.Job instance at 0x7fecec2a7c80>,84,18,[ 3 10],85,427,445,342,427
1,<environment.Job instance at 0x7fecec2a1190>,101,13,[5 9],102,445,458,343,433
1,<environment.Job instance at 0x7fecec2a1320>,102,15,[5 7],103,458,473,355,446
1,<environment.Job instance at 0x7fecec2d9050>,106,14,[6 2],107,506,520,399,506
1,<environment.Job instance at 0x7fecec2d9820>,107,15,[7 4],108,520,535,412,510
1,<environment.Job instance at 0x7fecec2d94b0>,108,16,[3 8],109,631,647,522,631
1,<environment.Job instance at 0x7fecec2d9e10>,110,17,[6 3],111,647,664,536,636
1,<environment.Job instance at 0x7fecec2d9b90>,111,18,[4 7],112,647,665,535,636
1,<environment.Job instance at 0x7f232a90b190>,5,2,[1 5],6,6,8,0,6
1,<environment.Job instance at 0x7f23254fc230>,4,14,[1 6],5,8,22,3,6
1,<environment.Job instance at 0x7f23254fc550>,10,12,[3 7],11,22,34,11,22
1,<environment.Job instance at 0x7f232a90b280>,0,13,[9 3],1,34,47,33,24
1,<environment.Job instance at 0x7f23254fce60>,17,3,[4 9],18,47,50,29,25
1,<environment.Job instance at 0x7f23254fcf00>,18,3,[4 7],19,50,53,31,25
1,<environment.Job instance at 0x7f23254fcb40>,20,1,[7 5],21,53,54,32,25
1,<environment.Job instance at 0x7f23254fccd0>,21,1,[6 5],22,54,55,32,26
1,<environment.Job instance at 0x7f23254ff370>,22,1,[2 7],23,55,56,32,27
1,<environment.Job instance at 0x7f23254fca00>,15,18,[2 8],16,56,74,40,49
1,<environment.Job instance at 0x7f23254ffbe0>,29,12,[5 4],30,74,86,44,58
1,<environment.Job instance at 0x7f23254ffc80>,30,14,[5 2],31,64,78,33,64
1,<environment.Job instance at 0x7f23254ffd20>,31,14,[2 5],32,78,92,46,64
1,<environment.Job instance at 0x7f23254ffdc0>,32,3,[5 1],33,86,89,53,64
1,<environment.Job instance at 0x7f23254ff910>,25,12,[ 5 10],26,92,104,66,75
1,<environment.Job instance at 0x7f2325500140>,37,2,[2 6],38,104,106,66,83
1,<environment.Job instance at 0x7f2325500320>,40,15,[10  3],41,106,121,65,95
1,<environment.Job instance at 0x7f2325500640>,45,13,[6 5],46,121,134,75,106
1,<environment.Job instance at 0x7f2325500820>,48,15,[10  1],49,134,149,85,122
1,<environment.Job instance at 0x7f23254ff0f0>,24,18,[2 6],25,149,167,124,139
1,<environment.Job instance at 0x7f2325500dc0>,53,17,[5 7],54,167,184,113,158
1,<environment.Job instance at 0x7f2325509a00>,2,3,[10  2],3,3,6,0,3
1,<environment.Job instance at 0x7f2325515370>,3,2,[8 3],4,6,8,2,5
1,<environment.Job instance at 0x7f2325517a00>,5,1,[6 2],6,8,9,2,6
1,<environment.Job instance at 0x7f2325500dc0>,6,14,[5 5],7,9,23,2,7
1,<environment.Job instance at 0x7f2325517eb0>,12,14,[2 7],13,23,37,10,13
1,<environment.Job instance at 0x7f2325517960>,10,13,[10  5],11,37,50,26,21
1,<environment.Job instance at 0x7f23255198c0>,15,14,[10  2],16,50,64,34,35
1,<environment.Job instance at 0x7f23254a01e0>,30,18,[4 5],31,64,82,33,53
1,<environment.Job instance at 0x7f23254a3190>,37,16,[9 2],38,82,98,44,69
1,<environment.Job instance at 0x7f23254a3af0>,39,13,[6 3],40,98,111,58,82
1,<environment.Job instance at 0x7f22df77d410>,44,3,[4 7],45,98,101,53,93
1,<environment.Job instance at 0x7f22df77d0f0>,47,3,[1 6],48,93,96,45,93
1,<environment.Job instance at 0x7f23255097d0>,0,18,[10  3],1,111,129,110,100
1,<environment.Job instance at 0x7f22df92c820>,51,2,[9 5],52,129,131,77,111
1,<environment.Job instance at 0x7f22df77daf0>,48,18,[6 3],49,131,149,82,125
1,<environment.Job instance at 0x7f22df8f76e0>,57,2,[4 5],58,131,133,73,130
1,<environment.Job instance at 0x7f22df8f7eb0>,58,18,[4 6],59,133,151,74,130
1,<environment.Job instance at 0x7f22df8f75f0>,59,3,[5 1],60,149,152,89,130
1,<environment.Job instance at 0x7f22df8f7280>,60,3,[7 3],61,152,155,91,130
1,<environment.Job instance at 0x7f22df900f00>,64,14,[5 5],65,155,169,90,147
1,<environment.Job instance at 0x7f22df900dc0>,67,17,[5 2],68,155,172,87,148
1,<environment.Job instance at 0x7f22df900500>,68,18,[4 5],69,169,187,100,159
1,<environment.Job instance at 0x7f22df881960>,78,15,[3 6],79,187,202,108,175
1,<environment.Job instance at 0x7f22df885050>,84,2,[8 5],85,202,204,117,190
1,<environment.Job instance at 0x7f22df8850f0>,85,1,[8 1],86,204,205,118,190
1,<environment.Job instance at 0x7f22df884500>,88,13,[5 1],89,214,227,125,214
1,<environment.Job instance at 0x7f23254a0410>,34,16,[9 4],35,227,243,192,218
1,<environment.Job instance at 0x7f23254a30a0>,3,2,[5 5],4,4,6,0,4
1,<environment.Job instance at 0x7f22df948b40>,4,1,[7 4],5,6,7,1,5
1,<environment.Job instance at 0x7f23255153c0>,6,3,[6 3],7,8,11,1,8
1,<environment.Job instance at 0x7f22df948fa0>,7,12,[5 8],8,11,23,3,8
1,<environment.Job instance at 0x7f22df948aa0>,9,3,[5 5],10,23,26,13,10
1,<environment.Job instance at 0x7f22df8296e0>,10,18,[9 5],11,26,44,15,15
1,<environment.Job instance at 0x7f2325309e10>,11,3,[9 4],12,44,47,32,18
1,<environment.Job instance at 0x7f22df829820>,17,15,[2 9],18,47,62,29,34
1,<environment.Job instance at 0x7f22df74a730>,25,3,[2 5],26,62,65,36,38
1,<environment.Job instance at 0x7f22df8298c0>,14,17,[7 2],15,62,79,47,57
1,<environment.Job instance at 0x7f232aa7d410>,30,18,[3 5],31,65,83,34,62
1,<environment.Job instance at 0x7f22eb1eaf00>,38,14,[4 6],39,83,97,44,68
1,<environment.Job instance at 0x7f22dfa2cb90>,28,14,[ 2 10],29,97,111,68,84
1,<environment.Job instance at 0x7f2325709a00>,41,12,[5 5],42,111,123,69,95
1,<environment.Job instance at 0x7f232a9324b0>,42,12,[5 5],43,111,123,68,95
1,<environment.Job instance at 0x7f232a932fa0>,43,13,[4 9],44,123,136,79,107
1,<environment.Job instance at 0x7f232a933aa0>,48,1,[2 8],49,136,137,87,110
1,<environment.Job instance at 0x7f232a90a140>,51,13,[4 5],52,137,150,85,121
1,<environment.Job instance at 0x7f232a90ab90>,58,16,[6 3],59,137,153,78,124
1,<environment.Job instance at 0x7f22df77c1e0>,59,14,[5 7],60,153,167,93,138
1,<environment.Job instance at 0x7f232a933410>,50,16,[10  2],51,167,183,116,156
1,<environment.Job instance at 0x7f22df77cbe0>,63,14,[2 7],64,183,197,119,169
1,<environment.Job instance at 0x7f22df77c500>,67,3,[3 5],68,197,200,129,171
1,<environment.Job instance at 0x7f23259c1690>,72,3,[ 4 10],73,200,203,127,174
1,<environment.Job instance at 0x7f22df760cd0>,74,3,[6 1],75,183,186,108,175
1,<environment.Job instance at 0x7f22df760fa0>,76,18,[4 6],77,203,221,126,192
1,<environment.Job instance at 0x7f2325390230>,3,2,[10  5],4,5,7,1,5
1,<environment.Job instance at 0x7f2325390690>,4,12,[8 4],5,7,19,2,5
1,<environment.Job instance at 0x7f22dfb5b730>,5,15,[7 4],6,19,34,13,6
1,<environment.Job instance at 0x7f22ebf7bdc0>,0,15,[1 6],1,11,26,10,11
1,<environment.Job instance at 0x7f22dfae5780>,14,12,[6 5],15,34,46,19,29
1,<environment.Job instance at 0x7f22dfae5b40>,10,12,[8 1],11,57,69,46,57
1,<environment.Job instance at 0x7f232a2f8370>,20,3,[4 8],21,69,72,48,57
1,<environment.Job instance at 0x7f22dfbff820>,22,3,[9 1],23,72,75,49,60
1,<environment.Job instance at 0x7f22dfbff6e0>,28,1,[6 3],29,75,76,46,60
1,<environment.Job instance at 0x7f22dfbff730>,23,2,[ 4 10],24,76,78,52,60
1,<environment.Job instance at 0x7f2325680dc0>,30,3,[9 5],31,78,81,47,61
1,<environment.Job instance at 0x7f22dfbffc80>,33,1,[6 2],34,69,70,35,64
1,<environment.Job instance at 0x7f232a189c30>,34,2,[4 6],35,81,83,46,64
1,<environment.Job instance at 0x7f232a189be0>,35,3,[8 5],36,83,86,47,64
1,<environment.Job instance at 0x7f2329e8fbe0>,36,12,[7 1],37,86,98,49,69
1,<environment.Job instance at 0x7f232a2761e0>,31,13,[1 7],32,86,99,54,72
1,<environment.Job instance at 0x7f232560c230>,39,3,[5 1],40,98,101,58,73
1,<environment.Job instance at 0x7f23252e1a50>,42,3,[6 4],43,101,104,58,87
1,<environment.Job instance at 0x7f23252e1fa0>,43,3,[6 2],44,104,107,60,88
1,<environment.Job instance at 0x7f22dfae5d70>,17,12,[ 4 10],18,107,119,89,92
1,<environment.Job instance at 0x7f232564bd70>,47,1,[9 4],48,119,120,71,94
1,<environment.Job instance at 0x7f232a49bb90>,49,14,[3 7],50,120,134,70,106
1,<environment.Job instance at 0x7f22dfae5cd0>,12,18,[5 1],13,120,138,107,109
1,<environment.Job instance at 0x7f23255e8dc0>,52,13,[1 5],53,134,147,81,120
1,<environment.Job instance at 0x7f232562f370>,55,3,[5 5],56,138,141,82,120
1,<environment.Job instance at 0x7f232565ec80>,61,2,[5 1],62,141,143,79,120
1,<environment.Job instance at 0x7f232565e9b0>,62,14,[6 5],63,143,157,80,129
1,<environment.Job instance at 0x7f23254e0c80>,67,13,[9 4],68,157,170,89,141
1,<environment.Job instance at 0x7f23254e0dc0>,68,1,[ 3 10],69,170,171,101,142
1,<environment.Job instance at 0x7f23254e00f0>,70,15,[4 5],71,171,186,100,157
1,<environment.Job instance at 0x7f23257503c0>,73,17,[8 5],74,186,203,112,174
1,<environment.Job instance at 0x7f23254f50a0>,78,16,[ 5 10],79,203,219,124,197
1,<environment.Job instance at 0x7f23254f56e0>,79,18,[7 3],80,219,237,139,208
1,<environment.Job instance at 0x7f23254f58c0>,82,2,[5 8],83,237,239,154,211
1,<environment.Job instance at 0x7f2325532d70>,84,3,[6 4],85,239,242,154,214
1,<environment.Job instance at 0x7f2325532d20>,85,13,[2 6],86,219,232,133,215
1,<environment.Job instance at 0x7f2325532640>,87,1,[3 6],88,232,233,144,215
1,<environment.Job instance at 0x7f2325532820>,88,3,[8 2],89,242,245,153,216
1,<environment.Job instance at 0x7f2325532be0>,89,3,[ 5 10],90,245,248,155,219
1,<environment.Job instance at 0x7f2325532b40>,90,1,[4 6],91,239,240,148,219
1,<environment.Job instance at 0x7f23255327d0>,91,1,[4 6],92,240,241,148,220
1,<environment.Job instance at 0x7f23254ef780>,93,16,[6 5],94,248,264,154,235
1,<environment.Job instance at 0x7f23253575f0>,98,18,[1 9],99,264,282,165,255
1,<environment.Job instance at 0x7f23253573c0>,100,15,[3 9],101,282,297,181,269
1,<environment.Job instance at 0x7f2325357eb0>,102,3,[9 5],103,297,300,194,271
1,<environment.Job instance at 0x7f2325357af0>,104,17,[9 5],105,300,317,195,289
1,<environment.Job instance at 0x7f232568deb0>,108,14,[9 4],109,317,331,208,302
1,<environment.Job instance at 0x7f22dfbff9b0>,0,1,[5 4],1,1,2,0,1
1,<environment.Job instance at 0x7f22dfb4c190>,5,13,[1 5],6,7,20,1,7
1,<environment.Job instance at 0x7f2325859c80>,7,2,[6 4],8,8,10,0,8
1,<environment.Job instance at 0x7f232594a320>,8,14,[8 3],9,10,24,1,10
1,<environment.Job instance at 0x7f23258590a0>,9,14,[9 5],10,24,38,14,11
1,<environment.Job instance at 0x7f232596b8c0>,6,15,[ 5 10],7,38,53,31,27
1,<environment.Job instance at 0x7f232a2d8320>,18,17,[5 7],19,53,70,34,41
1,<environment.Job instance at 0x7f232a276f50>,22,3,[5 2],23,53,56,30,43
1,<environment.Job instance at 0x7f22dfb4ce10>,3,15,[10  4],4,70,85,66,56
1,<environment.Job instance at 0x7f232568b8c0>,26,18,[9 4],27,85,103,58,74
1,<environment.Job instance at 0x7f22dfc7eeb0>,31,13,[2 8],32,103,116,71,87
1,<environment.Job instance at 0x7f232594a280>,13,18,[ 4 10],14,116,134,102,105
1,<environment.Job instance at 0x7f23259a7550>,44,17,[3 6],45,134,151,89,122
1,<environment.Job instance at 0x7f23259a77d0>,47,16,[1 5],48,151,167,103,138
1,<environment.Job instance at 0x7f23259a7dc0>,50,13,[9 3],51,151,164,100,138
1,<environment.Job instance at 0x7f23259a75a0>,52,15,[3 8],53,167,182,114,153
1,<environment.Job instance at 0x7f22dfb10230>,54,13,[5 4],55,182,195,127,167
1,<environment.Job instance at 0x7f232a29baf0>,58,2,[2 7],59,195,197,136,175
1,<environment.Job instance at 0x7f22dfe57eb0>,59,2,[4 6],60,182,184,122,175
1,<environment.Job instance at 0x7f232537d280>,60,16,[2 8],61,197,213,136,184
1,<environment.Job instance at 0x7f22dfb10a50>,65,16,[1 6],66,213,229,147,200
1,<environment.Job instance at 0x7f232561e6e0>,1,18,[4 8],2,229,247,227,218
1,<environment.Job instance at 0x7f22dfd8df00>,71,18,[9 3],72,247,265,175,236
1,<environment.Job instance at 0x7f22dfd9c190>,79,16,[ 3 10],80,265,281,185,253
1,<environment.Job instance at 0x7f22dfd9a190>,83,13,[1 7],84,281,294,197,272
1,<environment.Job instance at 0x7f22dfd9a2d0>,89,2,[3 6],90,294,296,204,277
1,<environment.Job instance at 0x7f22dfdb3460>,90,16,[5 9],91,296,312,205,283
1,<environment.Job instance at 0x7f22dfc7e870>,33,18,[ 5 10],34,312,330,278,302
1,<environment.Job instance at 0x7f22dfd952d0>,98,14,[8 1],99,330,344,231,315
1,<environment.Job instance at 0x7f22dfd95550>,101,17,[3 7],102,344,361,242,334
1,<environment.Job instance at 0x7f22dfd94230>,109,13,[ 2 10],110,361,374,251,346
1,<environment.Job instance at 0x7f22dfd94aa0>,111,15,[7 5],112,374,389,262,360
1,<environment.Job instance at 0x7f23255523c0>,2,1,[6 3],3,3,4,0,3
1,<environment.Job instance at 0x7f232a2e3c80>,4,1,[5 4],5,5,6,0,5
1,<environment.Job instance at 0x7f2325859140>,3,3,[1 6],4,8,11,4,8
1,<environment.Job instance at 0x7f22dfc7e5f0>,1,16,[5 3],2,8,24,6,8
1,<environment.Job instance at 0x7f232a2c1050>,9,2,[5 4],10,12,14,2,12
1,<environment.Job instance at 0x7f232a2c1870>,12,2,[4 5],13,14,16,1,13
1,<environment.Job instance at 0x7f232a2c1910>,10,18,[9 2],11,24,42,13,18
1,<environment.Job instance at 0x7f2329df99b0>,21,12,[6 3],22,42,54,20,28
1,<environment.Job instance at 0x7f2329df9cd0>,24,12,[1 8],25,54,66,29,37
1,<environment.Job instance at 0x7f2329df9960>,27,18,[6 2],28,54,72,26,50
1,<environment.Job instance at 0x7f2329df9f50>,22,16,[10  2],23,72,88,49,59
1,<environment.Job instance at 0x7f2329deef00>,31,14,[9 5],32,88,102,56,73
1,<environment.Job instance at 0x7f2329deeb40>,32,15,[7 3],33,102,117,69,88
1,<environment.Job instance at 0x7f2329dee190>,36,2,[8 3],37,117,119,80,90
1,<environment.Job instance at 0x7f2329dee4b0>,37,3,[2 8],38,119,122,81,93
1,<environment.Job instance at 0x7f2329deea00>,39,15,[8 5],40,122,137,82,108
1,<environment.Job instance at 0x7f2329dee780>,44,15,[6 4],45,137,152,92,123
1,<environment.Job instance at 0x7f2329df9dc0>,28,14,[ 4 10],29,152,166,123,151
1,<environment.Job instance at 0x7f2329e16550>,53,2,[2 7],54,166,168,112,155
1,<environment.Job instance at 0x7f2329e16dc0>,54,1,[9 2],55,168,169,113,155
1,<environment.Job instance at 0x7f2329e16460>,55,3,[9 1],56,169,172,113,157
1,<environment.Job instance at 0x7f2329e16280>,52,14,[9 3],53,172,186,119,161
1,<environment.Job instance at 0x7f2329e16a00>,58,15,[7 1],59,186,201,127,173
1,<environment.Job instance at 0x7f2329e16fa0>,59,14,[3 8],60,186,200,126,177
1,<environment.Job instance at 0x7f2329e164b0>,66,12,[7 5],67,201,213,134,184
1,<environment.Job instance at 0x7f2329e16780>,68,14,[6 3],69,213,227,144,199
1,<environment.Job instance at 0x7f22dfdcd0a0>,70,17,[8 4],71,227,244,156,215
1,<environment.Job instance at 0x7f22dfdcd4b0>,73,13,[8 3],74,244,257,170,228
1,<environment.Job instance at 0x7f22dfdcd500>,78,14,[9 5],79,257,271,178,243
1,<environment.Job instance at 0x7f22dfdcda00>,81,13,[5 2],82,271,284,189,259
1,<environment.Job instance at 0x7f22dfdcd640>,82,1,[5 2],83,271,272,188,260
1,<environment.Job instance at 0x7f22dfdcd5f0>,84,17,[4 7],85,272,289,187,263
1,<environment.Job instance at 0x7f232a1ee8c0>,87,14,[2 6],88,289,303,201,274
1,<environment.Job instance at 0x7f232a1ee550>,88,12,[5 1],89,284,296,195,274
1,<environment.Job instance at 0x7f232a1ee280>,89,3,[7 1],90,296,299,206,275
1,<environment.Job instance at 0x7f22dfdcd870>,83,17,[6 4],84,299,316,215,288
1,<environment.Job instance at 0x7f232a1250a0>,97,15,[3 9],98,316,331,218,302
1,<environment.Job instance at 0x7f232534da00>,100,18,[5 4],101,331,349,230,320
1,<environment.Job instance at 0x7f2329e16320>,56,16,[4 9],57,349,365,292,340
1,<environment.Job instance at 0x7f2329df12d0>,108,18,[ 4 10],109,365,383,256,355
1,<environment.Job instance at 0x7f23252e3140>,113,16,[3 8],114,383,399,269,373
1,<environment.Job instance at 0x7f232527bc30>,117,18,[5 5],118,399,417,281,388
1,<environment.Job instance at 0x7f232a1f7500>,121,3,[2 9],122,417,420,295,391
1,<environment.Job instance at 0x7f232a1f7a50>,122,3,[10  3],123,420,423,297,394
1,<environment.Job instance at 0x7f232a49c9b0>,123,18,[4 5],124,399,417,275,394
1,<environment.Job instance at 0x7f232a1f7910>,124,15,[3 5],125,423,438,298,409
1,<environment.Job instance at 0x7f232a2ea3c0>,126,18,[3 9],127,438,456,311,427
1,<environment.Job instance at 0x7f232a4da690>,130,2,[7 4],131,428,430,297,428
1,<environment.Job instance at 0x7f2329d42870>,3,3,[2 6],4,4,7,0,4
1,<environment.Job instance at 0x7f22dfc06820>,4,2,[9 2],5,7,9,2,5
1,<environment.Job instance at 0x7f2325381960>,7,17,[5 5],8,9,26,1,9
1,<environment.Job instance at 0x7f232a1f29b0>,12,17,[1 5],13,13,30,0,13
1,<environment.Job instance at 0x7f22dfd48d20>,5,12,[8 3],6,26,38,20,14
1,<environment.Job instance at 0x7f232a1f2050>,13,3,[3 9],14,38,41,24,15
1,<environment.Job instance at 0x7f2325436960>,8,14,[9 5],9,68,82,59,68
1,<environment.Job instance at 0x7f232a1aa460>,21,14,[8 4],22,82,96,60,69
1,<environment.Job instance at 0x7f232a1aae60>,23,3,[1 6],24,82,85,58,69
1,<environment.Job instance at 0x7f2329da26e0>,25,3,[10  3],26,96,99,70,71
1,<environment.Job instance at 0x7f232a1aa140>,22,2,[ 2 10],23,99,101,76,74
1,<environment.Job instance at 0x7f2329da2140>,27,3,[5 6],28,101,104,73,76
1,<environment.Job instance at 0x7f2329da2730>,29,3,[6 1],30,104,107,74,87
1,<environment.Job instance at 0x7f2329da2be0>,31,2,[6 2],32,107,109,75,87
1,<environment.Job instance at 0x7f23253c3fa0>,33,3,[7 2],34,109,112,75,87
1,<environment.Job instance at 0x7f2329da29b0>,30,12,[2 6],31,104,116,73,92
1,<environment.Job instance at 0x7f23253c3af0>,34,13,[5 8],35,116,129,81,100
1,<environment.Job instance at 0x7f22dfc7e5a0>,2,17,[5 1],3,112,129,109,101
1,<environment.Job instance at 0x7f2329d31cd0>,38,17,[7 5],39,129,146,90,117
1,<environment.Job instance at 0x7f2329d31b40>,39,13,[4 8],40,146,159,106,134
1,<environment.Job instance at 0x7f23254920a0>,48,2,[7 5],49,159,161,110,134
1,<environment.Job instance at 0x7f232a409050>,40,17,[10  1],41,161,178,120,149
1,<environment.Job instance at 0x7f2329e9b7d0>,53,13,[9 3],54,178,191,124,164
1,<environment.Job instance at 0x7f232a251d70>,56,14,[5 4],57,191,205,134,176
1,<environment.Job instance at 0x7f23253eeaf0>,59,3,[6 1],60,205,208,145,185
1,<environment.Job instance at 0x7f232589aaf0>,50,18,[4 5],51,191,209,140,185
1,<environment.Job instance at 0x7f23254bdc30>,66,1,[6 4],67,208,209,141,185
1,<environment.Job instance at 0x7f23254bd640>,67,2,[3 8],68,209,211,141,185
1,<environment.Job instance at 0x7f23254bd550>,65,18,[ 2 10],66,211,229,145,200
1,<environment.Job instance at 0x7f232a2075f0>,6,18,[ 2 10],7,229,247,222,218
1,<environment.Job instance at 0x7f23256b3870>,75,15,[8 3],76,247,262,171,233
1,<environment.Job instance at 0x7f23253f3f50>,81,12,[8 2],82,262,274,180,246
1,<environment.Job instance at 0x7f23253f3eb0>,84,15,[4 7],85,274,289,189,260
1,<environment.Job instance at 0x7f23256b3640>,73,17,[ 4 10],74,289,306,215,279
1,<environment.Job instance at 0x7f23258d75a0>,92,15,[1 6],93,306,321,213,293
1,<environment.Job instance at 0x7f232545d5a0>,95,12,[5 2],96,306,318,210,294
1,<environment.Job instance at 0x7f232545d960>,97,3,[7 5],98,321,324,223,300
1,<environment.Job instance at 0x7f232545d370>,98,2,[5 3],99,318,320,219,300
1,<environment.Job instance at 0x7f2325289c30>,3,18,[6 3],4,18,36,14,18
1,<environment.Job instance at 0x7f22dfd6d410>,7,18,[6 4],8,36,54,28,25
1,<environment.Job instance at 0x7f232a2cacd0>,13,12,[4 8],14,54,66,40,37
1,<environment.Job instance at 0x7f232554d910>,21,3,[7 4],22,66,69,44,46
1,<environment.Job instance at 0x7f232554d690>,22,3,[1 5],23,46,49,23,46
1,<environment.Job instance at 0x7f232554d370>,23,2,[5 6],24,69,71,45,46
1,<environment.Job instance at 0x7f23257a29b0>,25,13,[3 7],26,71,84,45,55
1,<environment.Job instance at 0x7f22df935cd0>,29,13,[4 5],30,84,97,54,68
1,<environment.Job instance at 0x7f22df935460>,30,17,[5 9],31,164,181,133,164
1,<environment.Job instance at 0x7f22df935960>,34,14,[9 5],35,181,195,146,170
1,<environment.Job instance at 0x7f232561c870>,36,16,[3 8],37,195,211,158,187
1,<environment.Job instance at 0x7f23256b3c80>,37,18,[ 5 10],38,334,352,296,334
1,<environment.Job instance at 0x7f22df7ad690>,38,15,[1 8],39,352,367,313,351
1,<environment.Job instance at 0x7f22df9358c0>,40,13,[7 3],41,367,380,326,352
1,<environment.Job instance at 0x7f22dfcdee10>,42,12,[10  2],43,380,392,337,367
1,<environment.Job instance at 0x7f2329dbc320>,44,18,[ 2 10],45,400,418,355,400
1,<environment.Job instance at 0x7f2329dbdbe0>,46,18,[ 2 10],47,422,440,375,422
1,<environment.Job instance at 0x7f2329dbd0a0>,47,18,[5 9],48,441,459,393,441
1,<environment.Job instance at 0x7f2329dbdcd0>,48,3,[6 2],49,459,462,410,441
1,<environment.Job instance at 0x7f22df80b8c0>,50,17,[8 2],51,462,479,411,452
1,<environment.Job instance at 0x7f22df80b960>,51,14,[4 9],52,483,497,431,483
1,<environment.Job instance at 0x7f22df80ba00>,52,16,[6 2],53,497,513,444,484
1,<environment.Job instance at 0x7f22df80bb40>,54,15,[2 5],55,497,512,442,485
1,<environment.Job instance at 0x7f22df80bdc0>,55,13,[2 7],56,512,525,456,499
1,<environment.Job instance at 0x7f2329d8cc80>,1,1,[5 1],2,3,4,1,3
1,<environment.Job instance at 0x7f2329d42820>,3,1,[5 6],4,4,5,0,4
1,<environment.Job instance at 0x7f2329d42550>,6,2,[1 8],7,7,9,0,7
1,<environment.Job instance at 0x7f23256b3a00>,5,14,[10  1],6,11,25,5,11
1,<environment.Job instance at 0x7f23254c80f0>,11,16,[2 6],12,25,41,13,13
1,<environment.Job instance at 0x7f2325400c80>,14,13,[2 5],15,41,54,26,25
1,<environment.Job instance at 0x7f22dfca35a0>,18,14,[1 6],19,54,68,35,43
1,<environment.Job instance at 0x7f23254c8820>,12,17,[8 1],13,43,60,30,43
1,<environment.Job instance at 0x7f22dfca3780>,22,18,[6 4],23,60,78,37,50
1,<environment.Job instance at 0x7f22df7797d0>,24,13,[2 8],25,78,91,53,62
1,<environment.Job instance at 0x7f2329de24b0>,31,12,[5 1],32,78,90,46,76
1,<environment.Job instance at 0x7f2329f0b280>,34,16,[5 3],35,91,107,56,81
1,<environment.Job instance at 0x7f23254cedc0>,35,13,[2 6],36,91,104,55,81
1,<environment.Job instance at 0x7f232a26c230>,41,12,[7 4],42,107,119,65,90
1,<environment.Job instance at 0x7f23252ec140>,43,13,[4 7],44,119,132,75,104
1,<environment.Job instance at 0x7f22df667af0>,46,12,[4 6],47,132,144,85,117
1,<environment.Job instance at 0x7f22dfd47730>,47,16,[3 5],48,144,160,96,132
1,<environment.Job instance at 0x7f23254fc6e0>,51,12,[7 5],52,144,156,92,134
1,<environment.Job instance at 0x7f23254fcc30>,52,12,[5 4],53,156,168,103,139
1,<environment.Job instance at 0x7f23254fc4b0>,54,17,[5 6],55,160,177,105,149
1,<environment.Job instance at 0x7f23254fc2d0>,56,15,[1 5],57,177,192,120,163
1,<environment.Job instance at 0x7f232a502dc0>,60,14,[6 1],61,177,191,116,167
1,<environment.Job instance at 0x7f232a502f50>,61,2,[4 8],62,192,194,130,167
1,<environment.Job instance at 0x7f23254d2e10>,63,3,[5 6],64,194,197,130,168
1,<environment.Job instance at 0x7f23254d2280>,64,3,[9 3],65,197,200,132,171
1,<environment.Job instance at 0x7f23254d2b90>,67,14,[9 3],68,200,214,132,185
1,<environment.Job instance at 0x7f23254f2780>,71,15,[3 9],72,214,229,142,201
1,<environment.Job instance at 0x7f23254f20f0>,72,16,[6 3],73,229,245,156,216
1,<environment.Job instance at 0x7f232aa71d20>,86,3,[1 8],87,245,248,158,236
1,<environment.Job instance at 0x7f232aa716e0>,87,1,[3 5],88,236,237,148,236
1,<environment.Job instance at 0x7f232aa71b90>,88,2,[5 7],89,248,250,159,236
1,<environment.Job instance at 0x7f232aa71a00>,89,2,[2 5],90,237,239,147,236
1,<environment.Job instance at 0x7f232aa715a0>,90,16,[1 5],91,250,266,159,237
1,<environment.Job instance at 0x7f232aa71eb0>,91,17,[6 5],92,250,267,158,238
1,<environment.Job instance at 0x7f232aa71be0>,92,3,[6 2],93,245,248,152,238
1,<environment.Job instance at 0x7f22dfebccd0>,94,2,[1 7],95,267,269,172,248
1,<environment.Job instance at 0x7f22dfebcdc0>,95,1,[2 5],96,266,267,170,248
1,<environment.Job instance at 0x7f22dfebc7d0>,96,16,[3 6],97,269,285,172,256
1,<environment.Job instance at 0x7f22dfebc870>,100,2,[2 6],101,285,287,184,259
1,<environment.Job instance at 0x7f22dfebc370>,107,2,[9 3],108,287,289,179,270
1,<environment.Job instance at 0x7f22dfebc910>,108,16,[1 8],109,289,305,180,276
1,<environment.Job instance at 0x7f23255e95f0>,110,3,[8 4],111,305,308,194,281
1,<environment.Job instance at 0x7f23255e9320>,111,13,[5 5],112,308,321,196,292
1,<environment.Job instance at 0x7f23255e95a0>,114,17,[10  4],115,321,338,206,309
1,<environment.Job instance at 0x7f23255e90f0>,121,16,[8 1],122,338,354,216,325
1,<environment.Job instance at 0x7f23254d24b0>,62,17,[3 8],63,354,371,291,343
1,<environment.Job instance at 0x7f22dfae45f0>,3,2,[9 4],4,4,6,0,4
1,<environment.Job instance at 0x7f23257d9d20>,7,2,[8 3],8,8,10,0,8
1,<environment.Job instance at 0x7f22dfe15460>,8,13,[5 9],9,10,23,1,9
1,<environment.Job instance at 0x7f23254ff730>,9,3,[ 4 10],10,23,26,13,10
1,<environment.Job instance at 0x7f23252a5460>,6,14,[3 9],7,26,40,19,12
1,<environment.Job instance at 0x7f22dfadeb90>,16,12,[9 1],17,40,52,23,26
1,<environment.Job instance at 0x7f232a24bcd0>,18,14,[7 3],19,52,66,33,38
1,<environment.Job instance at 0x7f232537d4b0>,24,18,[6 3],25,66,84,41,57
1,<environment.Job instance at 0x7f232537d870>,27,16,[2 6],28,57,73,29,57
1,<environment.Job instance at 0x7f22dface410>,29,15,[5 3],30,84,99,54,72
1,<environment.Job instance at 0x7f2329ef0e60>,11,17,[2 9],12,99,116,87,90
1,<environment.Job instance at 0x7f22dfb31280>,32,18,[9 5],33,116,134,83,110
1,<environment.Job instance at 0x7f2325783eb0>,39,3,[2 9],40,134,137,94,110
1,<environment.Job instance at 0x7f22df889cd0>,42,2,[5 1],43,112,114,69,112
1,<environment.Job instance at 0x7f22dfbc7e60>,41,16,[8 5],42,137,153,95,124
1,<environment.Job instance at 0x7f22df8895f0>,48,15,[6 1],49,153,168,104,139
1,<environment.Job instance at 0x7f2329d0c370>,54,12,[ 4 10],55,168,180,113,151
1,<environment.Job instance at 0x7f23252fd0a0>,35,15,[9 5],36,180,195,144,179
1,<environment.Job instance at 0x7f2329d0cfa0>,59,14,[8 5],60,195,209,135,182
1,<environment.Job instance at 0x7f22dfc815a0>,63,14,[2 9],64,209,223,145,202
1,<environment.Job instance at 0x7f22dfc81b90>,64,12,[9 4],65,223,235,158,209
1,<environment.Job instance at 0x7f232a1c8be0>,66,12,[3 5],67,235,247,168,219
1,<environment.Job instance at 0x7f232527bdc0>,75,3,[9 5],76,247,250,171,242
1,<environment.Job instance at 0x7f232527b320>,76,17,[3 8],77,259,276,182,259
1,<environment.Job instance at 0x7f23259a75f0>,78,1,[10  4],79,276,277,197,259
1,<environment.Job instance at 0x7f23259a7d20>,80,3,[ 2 10],81,277,280,196,261
1,<environment.Job instance at 0x7f22dfa416e0>,81,2,[8 5],82,280,282,198,261
1,<environment.Job instance at 0x7f23259a7a00>,82,13,[9 4],83,290,303,207,290
1,<environment.Job instance at 0x7f22df8b1f00>,85,18,[5 5],86,303,321,217,292
1,<environment.Job instance at 0x7f22dfa56410>,86,14,[10  1],87,371,385,284,371
1,<environment.Job instance at 0x7f22dfa31050>,88,14,[3 7],89,385,399,296,374
1,<environment.Job instance at 0x7f22dfa31280>,90,17,[4 8],91,406,423,315,406
1,<environment.Job instance at 0x7f2325289e10>,91,17,[3 6],92,423,440,331,411
1,<environment.Job instance at 0x7f2325289870>,92,17,[ 4 10],93,525,542,432,525
1,<environment.Job instance at 0x7f23257095f0>,99,18,[5 5],100,542,560,442,537
1,<environment.Job instance at 0x7f22dfd33eb0>,100,16,[5 4],101,542,558,441,537
1,<environment.Job instance at 0x7f22dfd33410>,101,18,[5 5],102,558,576,456,553
1,<environment.Job instance at 0x7f232544d4b0>,104,17,[6 1],105,576,593,471,568
1,<environment.Job instance at 0x7f22df8b87d0>,106,17,[3 7],107,588,605,481,588
1,<environment.Job instance at 0x7f22df769230>,7,3,[3 5],8,8,11,0,8
1,<environment.Job instance at 0x7f22df769190>,8,3,[6 4],9,9,12,0,9
1,<environment.Job instance at 0x7f22dfdd2b40>,10,3,[ 5 10],11,12,15,1,11
1,<environment.Job instance at 0x7f232564b370>,11,13,[3 5],12,15,28,3,12
1,<environment.Job instance at 0x7f22df8b8640>,3,13,[7 3],4,15,28,11,12
1,<environment.Job instance at 0x7f232a1c80a0>,12,1,[2 8],13,28,29,15,15
1,<environment.Job instance at 0x7f232562b6e0>,0,12,[9 2],1,29,41,28,17
1,<environment.Job instance at 0x7f22dfc0c730>,17,2,[10  5],18,41,43,23,18
1,<environment.Job instance at 0x7f22dfb14140>,18,3,[10  4],19,43,46,24,19
1,<environment.Job instance at 0x7f22dfe63910>,20,2,[1 8],21,29,31,8,25
1,<environment.Job instance at 0x7f22dfb14500>,21,12,[4 6],22,46,58,24,29
1,<environment.Job instance at 0x7f2329d04690>,27,18,[3 8],28,58,76,30,49
1,<environment.Job instance at 0x7f2329d04d20>,28,1,[2 6],29,76,77,47,49
1,<environment.Job instance at 0x7f2329d04730>,31,1,[3 9],32,77,78,45,67
1,<environment.Job instance at 0x7f2329e75be0>,9,16,[ 1 10],10,78,94,68,67
1,<environment.Job instance at 0x7f22dfb86eb0>,40,1,[ 5 10],41,94,95,53,76
1,<environment.Job instance at 0x7f22dfb86fa0>,41,3,[10  5],42,95,98,53,76
1,<environment.Job instance at 0x7f232580c140>,22,18,[10  3],23,98,116,75,87
1,<environment.Job instance at 0x7f22dfa0a230>,44,1,[3 8],45,116,117,71,88
1,<environment.Job instance at 0x7f23254e0a00>,51,2,[4 7],52,117,119,65,95
1,<environment.Job instance at 0x7f22dfa0a9b0>,46,13,[4 6],47,119,132,72,103
1,<environment.Job instance at 0x7f23253b9be0>,54,2,[5 3],55,117,119,62,103
1,<environment.Job instance at 0x7f23253b9dc0>,55,1,[9 2],56,132,133,76,104
1,<environment.Job instance at 0x7f23253b9f00>,59,2,[1 6],60,132,134,72,126
1,<environment.Job instance at 0x7f23253ae230>,62,16,[7 1],63,133,149,70,126
1,<environment.Job instance at 0x7f23253ae2d0>,63,13,[6 5],64,149,162,85,134
1,<environment.Job instance at 0x7f23253ae410>,65,2,[3 7],66,134,136,68,134
1,<environment.Job instance at 0x7f23253ae3c0>,66,3,[1 5],67,136,139,69,134
1,<environment.Job instance at 0x7f23253ae690>,67,18,[4 5],68,149,167,81,138
1,<environment.Job instance at 0x7f22dfa0a140>,43,17,[10  3],44,167,184,123,160
1,<environment.Job instance at 0x7f23253ae910>,71,15,[4 9],72,184,199,112,172
1,<environment.Job instance at 0x7f23253aea00>,73,18,[1 8],74,199,217,125,190
1,<environment.Job instance at 0x7f23253aef00>,76,15,[8 5],77,217,232,140,203
1,<environment.Job instance at 0x7f23253ae9b0>,79,17,[7 1],80,232,249,152,220
1,<environment.Job instance at 0x7f23253ca3c0>,83,12,[9 4],84,249,261,165,244
1,<environment.Job instance at 0x7f23253ca5a0>,86,15,[5 2],87,261,276,174,247
1,<environment.Job instance at 0x7f23253ca140>,89,13,[4 9],90,276,289,186,260
1,<environment.Job instance at 0x7f23253ca7d0>,2,3,[5 5],3,4,7,1,4
1,<environment.Job instance at 0x7f23253ca140>,3,3,[ 3 10],4,7,10,3,5
1,<environment.Job instance at 0x7f2329d42050>,6,2,[4 9],7,10,12,3,7
1,<environment.Job instance at 0x7f22df769550>,7,2,[9 2],8,12,14,4,9
1,<environment.Job instance at 0x7f22dfb14af0>,8,13,[5 4],9,14,27,5,10
1,<environment.Job instance at 0x7f2329d04af0>,10,1,[6 1],11,11,12,0,11
1,<environment.Job instance at 0x7f2329d04f00>,11,15,[5 1],12,14,29,2,12
1,<environment.Job instance at 0x7f22df6df6e0>,13,1,[7 1],14,29,30,15,14
1,<environment.Job instance at 0x7f22dfb14820>,0,13,[1 8],1,27,40,26,17
1,<environment.Job instance at 0x7f22df6a58c0>,19,2,[5 1],20,30,32,10,20
1,<environment.Job instance at 0x7f22df8b8dc0>,9,17,[4 6],10,40,57,30,28
1,<environment.Job instance at 0x7f232a931140>,23,14,[5 4],24,40,54,16,28
1,<environment.Job instance at 0x7f232a931a00>,25,15,[7 1],26,57,72,31,43
1,<environment.Job instance at 0x7f22df6df460>,16,15,[10  5],17,72,87,55,58
1,<environment.Job instance at 0x7f232a931410>,28,12,[3 7],29,59,71,30,59
1,<environment.Job instance at 0x7f2329da29b0>,32,16,[2 8],33,87,103,54,74
1,<environment.Job instance at 0x7f2329da2500>,34,14,[7 2],35,87,101,52,75
1,<environment.Job instance at 0x7f2329da2280>,40,16,[1 9],41,103,119,62,92
1,<environment.Job instance at 0x7f2329da2fa0>,42,16,[5 3],43,119,135,76,106
1,<environment.Job instance at 0x7f232571b7d0>,47,12,[ 2 10],48,135,147,87,120
1,<environment.Job instance at 0x7f232a931050>,22,17,[ 1 10],23,147,164,124,136
1,<environment.Job instance at 0x7f22df7f1cd0>,51,14,[ 5 10],52,164,178,112,149
1,<environment.Job instance at 0x7f22df68ae60>,55,12,[ 4 10],56,178,190,122,162
1,<environment.Job instance at 0x7f22df68a1e0>,59,16,[1 8],60,190,206,130,178
1,<environment.Job instance at 0x7f22df730370>,66,16,[6 2],67,190,206,123,185
1,<environment.Job instance at 0x7f22df686320>,71,16,[1 7],72,207,223,135,207
1,<environment.Job instance at 0x7f22df6866e0>,74,2,[2 7],75,223,225,148,207
1,<environment.Job instance at 0x7f22df6864b0>,76,12,[3 9],77,225,237,148,212
1,<environment.Job instance at 0x7f22df686550>,78,12,[7 2],79,237,249,158,221
1,<environment.Job instance at 0x7f22df69be10>,82,2,[ 4 10],83,249,251,166,222
1,<environment.Job instance at 0x7f232a9317d0>,30,18,[2 9],31,251,269,220,244
1,<environment.Job instance at 0x7f22dfdd2640>,86,3,[ 3 10],87,269,272,182,250
1,<environment.Job instance at 0x7f22dfdd2410>,87,18,[1 8],88,272,290,184,263
1,<environment.Job instance at 0x7f22dfdd24b0>,93,17,[6 1],94,272,289,178,270
1,<environment.Job instance at 0x7f22dfdd26e0>,4,3,[7 5],5,5,8,0,5
1,<environment.Job instance at 0x7f23253e7500>,5,2,[5 6],6,9,11,3,9
1,<environment.Job instance at 0x7f22df7a2a00>,7,14,[4 9],8,11,25,3,11
1,<environment.Job instance at 0x7f2329f15e10>,11,2,[5 5],12,25,27,13,12
1,<environment.Job instance at 0x7f2329f15af0>,12,18,[1 5],13,25,43,12,14
1,<environment.Job instance at 0x7f2329f159b0>,15,3,[7 1],16,54,57,38,54
1,<environment.Job instance at 0x7f2329f15820>,16,17,[5 8],17,57,74,40,56
1,<environment.Job instance at 0x7f2329f15050>,17,16,[5 1],18,58,74,40,58
1,<environment.Job instance at 0x7f2329f15eb0>,19,2,[9 5],20,75,77,55,75
1,<environment.Job instance at 0x7f2329f15910>,21,3,[7 4],22,77,80,55,75
1,<environment.Job instance at 0x7f2329f15280>,24,16,[9 5],25,93,109,68,93
1,<environment.Job instance at 0x7f2325a17fa0>,28,2,[10  3],29,109,111,80,93
1,<environment.Job instance at 0x7f2325a17500>,35,3,[5 5],36,111,114,75,100
1,<environment.Job instance at 0x7f2325a17c80>,36,14,[ 3 10],37,114,128,77,100
1,<environment.Job instance at 0x7f2325a178c0>,39,14,[5 4],40,128,142,88,113
1,<environment.Job instance at 0x7f2329e3dd20>,1,2,[2 5],2,3,5,1,3
1,<environment.Job instance at 0x7f2329d04640>,0,1,[10  3],1,5,6,4,3
1,<environment.Job instance at 0x7f22dfa87b90>,6,1,[6 2],7,7,8,0,7
1,<environment.Job instance at 0x7f22df5049b0>,7,17,[2 8],8,9,26,1,9
1,<environment.Job instance at 0x7f232a12c140>,4,1,[3 7],5,26,27,21,13
1,<environment.Job instance at 0x7f23253d7c30>,13,15,[4 8],14,27,42,13,15
1,<environment.Job instance at 0x7f2325970e10>,21,16,[5 1],22,26,42,4,26
1,<environment.Job instance at 0x7f2325970f00>,22,14,[1 8],23,42,56,19,31
1,<environment.Job instance at 0x7f22df7813c0>,20,15,[10  4],21,56,71,35,43
1,<environment.Job instance at 0x7f2325361cd0>,29,13,[5 3],30,71,84,41,55
1,<environment.Job instance at 0x7f22dfa87aa0>,8,18,[5 5],9,71,89,62,61
1,<environment.Job instance at 0x7f22dfd22a00>,12,16,[ 1 10],13,89,105,76,78
1,<environment.Job instance at 0x7f232531c140>,40,1,[5 2],41,88,89,47,88
1,<environment.Job instance at 0x7f22dfdde870>,43,15,[5 6],44,105,120,61,91
1,<environment.Job instance at 0x7f22dfdde8c0>,45,3,[ 4 10],46,120,123,74,106
1,<environment.Job instance at 0x7f232a13b730>,46,18,[10  3],47,123,141,76,113
1,<environment.Job instance at 0x7f232a13bb90>,50,14,[5 6],51,141,155,90,126
1,<environment.Job instance at 0x7f22df854c30>,53,1,[2 5],54,155,156,101,128
1,<environment.Job instance at 0x7f232a0ba370>,54,2,[2 7],55,156,158,101,129
1,<environment.Job instance at 0x7f2325716280>,55,3,[6 5],56,158,161,102,134
1,<environment.Job instance at 0x7f22df8542d0>,57,13,[ 1 10],58,161,174,103,146
1,<environment.Job instance at 0x7f22df855aa0>,60,13,[ 2 10],61,174,187,113,159
1,<environment.Job instance at 0x7f22df855fa0>,63,12,[5 2],64,187,199,123,172
1,<environment.Job instance at 0x7f22df8554b0>,66,18,[3 7],67,188,206,121,188
1,<environment.Job instance at 0x7f23253e8cd0>,70,15,[5 5],71,206,221,135,193
1,<environment.Job instance at 0x7f23253ab410>,72,14,[4 6],73,221,235,148,206
1,<environment.Job instance at 0x7f22df841a00>,77,13,[1 7],78,235,248,157,219
1,<environment.Job instance at 0x7f22df86bf50>,78,12,[2 5],79,248,260,169,231
1,<environment.Job instance at 0x7f22df86b4b0>,79,17,[5 2],80,233,250,153,233
1,<environment.Job instance at 0x7f22df9908c0>,83,18,[8 3],84,250,268,166,248
1,<environment.Job instance at 0x7f22df747f00>,85,15,[2 7],86,260,275,174,249
1,<environment.Job instance at 0x7f22df6cba50>,86,3,[9 4],87,275,278,188,249
1,<environment.Job instance at 0x7f232570c5a0>,94,13,[1 6],95,275,288,180,259
1,<environment.Job instance at 0x7f22df766be0>,98,13,[5 2],99,278,291,179,271
1,<environment.Job instance at 0x7f22df990aa0>,82,17,[4 8],83,288,305,205,280
1,<environment.Job instance at 0x7f22df825050>,104,13,[2 5],105,305,318,200,289
1,<environment.Job instance at 0x7f22df825820>,105,16,[ 4 10],106,318,334,212,307
1,<environment.Job instance at 0x7f22df766730>,101,17,[9 5],102,334,351,232,327
1,<environment.Job instance at 0x7f23255b4af0>,107,12,[1 7],108,351,363,243,334
1,<environment.Job instance at 0x7f22df825410>,108,16,[8 1],109,351,367,242,341
1,<environment.Job instance at 0x7f232a148eb0>,110,12,[3 6],111,367,379,256,356
1,<environment.Job instance at 0x7f232a148e10>,112,12,[2 8],113,379,391,266,362
1,<environment.Job instance at 0x7f232a0aaaa0>,114,15,[5 2],115,367,382,252,362
1,<environment.Job instance at 0x7f22df9e74b0>,115,14,[1 5],116,391,405,275,376
1,<environment.Job instance at 0x7f22df9e7be0>,117,12,[6 5],118,391,403,273,378
1,<environment.Job instance at 0x7f22df9e7cd0>,120,13,[2 9],121,405,418,284,389
1,<environment.Job instance at 0x7f22df9e7140>,128,17,[8 1],129,434,451,305,434
1,<environment.Job instance at 0x7f22df9f2690>,130,15,[7 4],131,451,466,320,437
1,<environment.Job instance at 0x7f22df9f2e10>,136,2,[4 9],137,673,675,536,673
1,<environment.Job instance at 0x7f22df9f2c80>,138,17,[1 8],139,684,701,545,684
1,<environment.Job instance at 0x7f22df9f2960>,139,1,[5 9],140,701,702,561,684
1,<environment.Job instance at 0x7f22df9f2d20>,140,3,[6 2],141,684,687,543,684
1,<environment.Job instance at 0x7f22df9f23c0>,144,13,[8 2],145,710,723,565,710
1,<environment.Job instance at 0x7f22df9f2320>,145,12,[9 1],146,723,735,577,710
1,<environment.Job instance at 0x7f232a4d7370>,151,14,[1 6],152,736,750,584,736
1,<environment.Job instance at 0x7f232580c2d0>,152,16,[1 9],153,750,766,597,737
1,<environment.Job instance at 0x7f22dfcdedc0>,9,12,[7 5],10,10,22,0,10
1,<environment.Job instance at 0x7f22df918050>,11,2,[3 6],12,22,24,10,12
1,<environment.Job instance at 0x7f22df715a50>,14,13,[2 9],15,24,37,9,16
1,<environment.Job instance at 0x7f22df715b90>,16,3,[4 9],17,37,40,20,17
1,<environment.Job instance at 0x7f232a0f8e10>,12,15,[6 1],13,22,37,9,20
1,<environment.Job instance at 0x7f2329d8caa0>,21,17,[4 8],22,40,57,18,31
1,<environment.Job instance at 0x7f22dfaeba00>,23,2,[9 5],24,57,59,33,31
1,<environment.Job instance at 0x7f232a12c5a0>,25,3,[5 7],26,59,62,33,33
1,<environment.Job instance at 0x7f22dfb543c0>,26,13,[5 1],27,37,50,10,33
1,<environment.Job instance at 0x7f232535c960>,31,3,[2 7],32,62,65,30,41
1,<environment.Job instance at 0x7f22df815e60>,32,1,[4 6],33,65,66,32,41
1,<environment.Job instance at 0x7f22df815d70>,34,3,[10  3],35,66,69,31,41
1,<environment.Job instance at 0x7f22df8155a0>,35,2,[6 3],36,62,64,26,43
1,<environment.Job instance at 0x7f232a125730>,36,1,[3 8],37,69,70,32,44
1,<environment.Job instance at 0x7f232a125500>,38,3,[4 9],39,70,73,31,62
1,<environment.Job instance at 0x7f232a125690>,39,3,[7 4],40,73,76,33,62
1,<environment.Job instance at 0x7f22dfa962d0>,43,14,[7 2],44,76,90,32,63
1,<environment.Job instance at 0x7f22dfa6d960>,44,13,[2 8],45,76,89,31,63
1,<environment.Job instance at 0x7f22dfa6d780>,46,12,[ 4 10],47,90,102,43,75
1,<environment.Job instance at 0x7f2329db1eb0>,48,18,[8 3],49,102,120,53,91
1,<environment.Job instance at 0x7f232a277230>,52,18,[3 8],53,120,138,67,111
1,<environment.Job instance at 0x7f22dfd46aa0>,54,12,[7 2],55,120,132,65,111
1,<environment.Job instance at 0x7f22dfd46320>,56,2,[ 1 10],57,138,140,81,111
1,<environment.Job instance at 0x7f23252ac5a0>,2,1,[ 1 10],3,5,6,2,5
1,<environment.Job instance at 0x7f22df489be0>,10,2,[6 2],11,11,13,0,11
1,<environment.Job instance at 0x7f22df7a28c0>,0,16,[7 5],1,13,29,12,11
1,<environment.Job instance at 0x7f22df489190>,16,2,[ 3 10],17,29,31,12,17
1,<environment.Job instance at 0x7f22df489e60>,17,1,[4 7],18,31,32,13,18
1,<environment.Job instance at 0x7f22df489d20>,18,1,[5 3],19,31,32,12,19
1,<environment.Job instance at 0x7f22df4895f0>,20,3,[5 6],21,32,35,11,26
1,<environment.Job instance at 0x7f22dfbdca50>,21,3,[5 9],22,35,38,13,26
1,<environment.Job instance at 0x7f22dfbdc3c0>,22,13,[4 8],23,38,51,15,26
1,<environment.Job instance at 0x7f22dfbdcc80>,25,13,[8 2],26,51,64,25,35
1,<environment.Job instance at 0x7f22dfbdc690>,27,17,[7 5],28,64,81,36,52
1,<environment.Job instance at 0x7f22dfbdce10>,35,3,[3 5],36,64,67,28,59
1,<environment.Job instance at 0x7f232a691640>,9,17,[10  4],10,81,98,71,69
1,<environment.Job instance at 0x7f22dfbdcb90>,36,14,[2 9],37,98,112,61,83
1,<environment.Job instance at 0x7f22df56c410>,38,15,[4 7],39,112,127,73,98
1,<environment.Job instance at 0x7f22df56c5f0>,44,14,[9 2],45,127,141,82,112
1,<environment.Job instance at 0x7f22df56c0a0>,48,3,[8 3],49,141,144,92,123
1,<environment.Job instance at 0x7f22df56c190>,50,14,[6 3],51,144,158,93,129
1,<environment.Job instance at 0x7f22df56ca00>,52,14,[2 8],53,158,172,105,143
1,<environment.Job instance at 0x7f22df56caf0>,51,16,[9 2],52,172,188,120,159
1,<environment.Job instance at 0x7f22df57ba00>,60,14,[5 3],61,188,202,127,173
1,<environment.Job instance at 0x7f22df57b460>,62,16,[1 7],63,174,190,111,174
1,<environment.Job instance at 0x7f22df57f0f0>,64,13,[5 9],65,202,215,137,186
1,<environment.Job instance at 0x7f22df57f7d0>,70,13,[5 2],71,215,228,144,213
1,<environment.Job instance at 0x7f22dfbdcdc0>,23,18,[2 9],24,236,254,212,236
1,<environment.Job instance at 0x7f22df57fa50>,76,17,[9 2],77,254,271,177,243
1,<environment.Job instance at 0x7f22df57f2d0>,81,14,[1 9],82,271,285,189,256
1,<environment.Job instance at 0x7f22df57f3c0>,84,12,[ 2 10],85,285,297,200,268
1,<environment.Job instance at 0x7f22df4f9460>,88,14,[9 1],89,271,285,182,270
1,<environment.Job instance at 0x7f22df4f9b90>,89,17,[2 7],90,297,314,207,286
1,<environment.Job instance at 0x7f22df4f9140>,92,13,[5 1],93,297,310,204,288
1,<environment.Job instance at 0x7f22df4f9a50>,97,13,[6 5],98,314,327,216,298
1,<environment.Job instance at 0x7f22df4f9e10>,99,14,[2 5],100,314,328,214,299
1,<environment.Job instance at 0x7f232a691a50>,0,1,[4 5],1,3,4,2,3
1,<environment.Job instance at 0x7f22df4f9fa0>,4,3,[9 1],5,5,8,0,5
1,<environment.Job instance at 0x7f22df489230>,5,2,[10  1],6,8,10,2,6
1,<environment.Job instance at 0x7f22df6280a0>,6,1,[ 3 10],7,10,11,3,7
1,<environment.Job instance at 0x7f232a464500>,7,3,[5 1],8,11,14,3,9
1,<environment.Job instance at 0x7f232a6913c0>,3,12,[6 3],4,14,26,10,12
1,<environment.Job instance at 0x7f232a069a00>,12,3,[8 1],13,26,29,13,13
1,<environment.Job instance at 0x7f22dfd95550>,14,15,[1 5],15,16,31,1,16
1,<environment.Job instance at 0x7f232a25ae10>,15,2,[10  4],16,31,33,15,16
1,<environment.Job instance at 0x7f22df5e3460>,16,2,[8 5],17,29,31,12,17
1,<environment.Job instance at 0x7f23259c1be0>,17,12,[1 6],18,33,45,15,18
1,<environment.Job instance at 0x7f22df540be0>,18,3,[9 1],19,33,36,14,19
1,<environment.Job instance at 0x7f22df5401e0>,21,2,[5 5],22,45,47,23,22
1,<environment.Job instance at 0x7f2329e3b7d0>,22,3,[6 3],23,36,39,13,23
1,<environment.Job instance at 0x7f22df723910>,10,13,[5 6],11,47,60,36,31
1,<environment.Job instance at 0x7f23254916e0>,29,12,[2 8],30,60,72,30,43
1,<environment.Job instance at 0x7f22df630eb0>,35,15,[5 2],36,67,82,31,67
1,<environment.Job instance at 0x7f22df630820>,36,16,[ 1 10],37,82,98,45,69
1,<environment.Job instance at 0x7f22df630c80>,42,17,[5 8],43,98,115,55,86
1,<environment.Job instance at 0x7f22df630af0>,46,15,[6 2],47,115,130,68,101
1,<environment.Job instance at 0x7f22df53f9b0>,51,12,[3 5],52,115,127,63,107
1,<environment.Job instance at 0x7f22df533870>,53,2,[5 4],54,130,132,76,107
1,<environment.Job instance at 0x7f232594a730>,13,18,[5 6],14,130,148,116,120
1,<environment.Job instance at 0x7f22df533af0>,56,1,[9 5],57,148,149,91,120
1,<environment.Job instance at 0x7f22df533eb0>,58,3,[8 2],59,149,152,90,126
1,<environment.Job instance at 0x7f22df533cd0>,60,18,[5 4],61,152,170,91,141
1,<environment.Job instance at 0x7f22df53bb90>,64,13,[2 9],65,170,183,105,154
1,<environment.Job instance at 0x7f22df533c30>,57,18,[3 8],58,183,201,125,173
1,<environment.Job instance at 0x7f22df53b9b0>,67,17,[10  5],68,323,340,255,323
1,<environment.Job instance at 0x7f22df53bd70>,68,13,[1 5],69,340,353,271,327
1,<environment.Job instance at 0x7f22df53b2d0>,70,3,[4 8],71,353,356,282,327
1,<environment.Job instance at 0x7f22df528230>,73,18,[5 4],74,356,374,282,354
1,<environment.Job instance at 0x7f22df511550>,75,14,[6 2],76,385,399,309,385
1,<environment.Job instance at 0x7f22df50dc80>,76,18,[3 7],77,385,403,308,385
1,<environment.Job instance at 0x7f22df50d960>,77,16,[7 4],78,403,419,325,390
1,<environment.Job instance at 0x7f22df512820>,4,15,[5 6],5,6,21,1,6
1,<environment.Job instance at 0x7f2325840dc0>,5,15,[9 2],6,21,36,15,9
1,<environment.Job instance at 0x7f232a02cb90>,7,16,[ 2 10],8,36,52,28,23
1,<environment.Job instance at 0x7f232a8485a0>,17,14,[5 1],18,52,66,34,37
1,<environment.Job instance at 0x7f232a691320>,2,17,[2 8],3,52,69,49,43
1,<environment.Job instance at 0x7f232534c870>,23,12,[10  4],24,69,81,45,52
1,<environment.Job instance at 0x7f22df6d4be0>,30,1,[5 2],31,66,67,35,52
1,<environment.Job instance at 0x7f232531d5f0>,29,16,[7 4],30,81,97,51,69
1,<environment.Job instance at 0x7f22dfbdc320>,24,17,[4 7],25,97,114,72,87
1,<environment.Job instance at 0x7f22df486b90>,43,3,[10  5],44,114,117,70,93
1,<environment.Job instance at 0x7f22df486eb0>,44,1,[ 4 10],45,117,118,72,93
1,<environment.Job instance at 0x7f232570c370>,45,3,[5 6],46,118,121,72,94
1,<environment.Job instance at 0x7f23259e0140>,48,15,[1 9],49,121,136,72,114
1,<environment.Job instance at 0x7f23255340a0>,50,2,[5 8],51,136,138,85,114
1,<environment.Job instance at 0x7f22dfe63e10>,51,2,[9 2],52,138,140,86,114
1,<environment.Job instance at 0x7f22dfe63a50>,54,2,[8 5],55,140,142,85,127
1,<environment.Job instance at 0x7f2325493640>,57,3,[5 5],58,142,145,84,132
1,<environment.Job instance at 0x7f2325720460>,58,3,[1 7],59,145,148,86,133
1,<environment.Job instance at 0x7f23257201e0>,59,17,[8 2],60,145,162,85,133
1,<environment.Job instance at 0x7f232591ae10>,62,1,[5 3],63,162,163,99,145
1,<environment.Job instance at 0x7f232591a870>,65,16,[1 6],66,148,164,82,146
1,<environment.Job instance at 0x7f232591a230>,66,13,[1 5],67,164,177,97,148
1,<environment.Job instance at 0x7f2325660500>,34,18,[10  3],35,177,195,142,171
1,<environment.Job instance at 0x7f232591a320>,74,14,[5 7],75,195,209,120,183
1,<environment.Job instance at 0x7f232591ae60>,72,17,[5 5],73,209,226,136,197
1,<environment.Job instance at 0x7f23252834b0>,79,13,[2 5],80,209,222,129,197
1,<environment.Job instance at 0x7f23252838c0>,80,18,[5 7],81,226,244,145,219
1,<environment.Job instance at 0x7f232a0aa8c0>,2,1,[2 8],3,3,4,0,3
1,<environment.Job instance at 0x7f22df7be320>,9,3,[4 9],10,10,13,0,10
1,<environment.Job instance at 0x7f2329e529b0>,12,18,[7 1],13,13,31,0,13
1,<environment.Job instance at 0x7f2329e52780>,13,2,[2 6],14,14,16,0,14
1,<environment.Job instance at 0x7f2329e52190>,8,14,[9 1],9,31,45,22,17
1,<environment.Job instance at 0x7f2329e52a00>,10,13,[8 3],11,45,58,34,32
1,<environment.Job instance at 0x7f2329e52500>,20,3,[7 3],21,58,61,37,35
1,<environment.Job instance at 0x7f2329e52820>,22,1,[5 5],23,61,62,38,54
1,<environment.Job instance at 0x7f2329f53cd0>,23,17,[6 2],24,62,79,38,54
1,<environment.Job instance at 0x7f2329f53b40>,25,13,[10  1],26,79,92,53,63
1,<environment.Job instance at 0x7f232a156a00>,0,15,[5 2],1,92,107,91,81
1,<environment.Job instance at 0x7f2329f534b0>,30,15,[1 7],31,92,107,61,88
1,<environment.Job instance at 0x7f22df5846e0>,35,14,[6 3],36,107,121,71,95
1,<environment.Job instance at 0x7f22df584460>,37,14,[7 3],38,121,135,83,106
1,<environment.Job instance at 0x7f22df584140>,39,14,[2 6],40,110,124,70,110
1,<environment.Job instance at 0x7f22df5841e0>,40,12,[5 4],41,135,147,94,118
1,<environment.Job instance at 0x7f22df5843c0>,41,13,[7 1],42,147,160,105,131
1,<environment.Job instance at 0x7f22df584500>,43,13,[8 3],44,160,173,116,144
1,<environment.Job instance at 0x7f232547d0f0>,52,16,[7 3],53,173,189,120,160
1,<environment.Job instance at 0x7f232547d5f0>,53,12,[1 6],54,161,173,107,161
1,<environment.Job instance at 0x7f22df976f50>,58,12,[2 6],59,173,185,114,163
1,<environment.Job instance at 0x7f22df976820>,65,15,[1 7],66,190,205,124,190
1,<environment.Job instance at 0x7f232547dd20>,51,17,[4 8],52,205,222,153,198
1,<environment.Job instance at 0x7f22df547cd0>,68,1,[9 1],69,198,199,129,198
1,<environment.Job instance at 0x7f22df547af0>,70,2,[5 5],71,222,224,151,198
1,<environment.Job instance at 0x7f22df4ef820>,75,12,[9 2],76,224,236,148,220
1,<environment.Job instance at 0x7f22df4ef960>,77,3,[ 5 10],78,236,239,158,220
1,<environment.Job instance at 0x7f22df4ef190>,80,16,[3 9],81,239,255,158,228
1,<environment.Job instance at 0x7f22df584b90>,36,17,[10  5],37,255,272,218,244
1,<environment.Job instance at 0x7f22df4ef640>,89,14,[9 2],90,272,286,182,258
1,<environment.Job instance at 0x7f22df584e60>,33,16,[ 2 10],34,286,302,252,279
1,<environment.Job instance at 0x7f22df913320>,94,3,[5 3],95,302,305,207,279
1,<environment.Job instance at 0x7f22df913c80>,96,14,[5 4],97,302,316,205,287
1,<environment.Job instance at 0x7f22df4ef1e0>,84,18,[ 3 10],85,324,342,239,324
1,<environment.Job instance at 0x7f22df9135a0>,101,13,[5 9],102,348,361,246,348
1,<environment.Job instance at 0x7f22df913a50>,102,15,[5 7],103,371,386,268,371
1,<environment.Job instance at 0x7f22df913140>,104,16,[2 9],105,386,402,281,384
1,<environment.Job instance at 0x7f22df913eb0>,106,14,[6 2],107,402,416,295,389
1,<environment.Job instance at 0x7f22df913960>,107,15,[7 4],108,416,431,308,402
1,<environment.Job instance at 0x7f22df9139b0>,109,3,[6 1],110,431,434,321,422
1,<environment.Job instance at 0x7f22df913f00>,110,17,[6 3],111,434,451,323,422
1,<environment.Job instance at 0x7f22df913460>,111,18,[4 7],112,431,449,319,427
1,<environment.Job instance at 0x7f2329e52960>,0,1,[7 1],1,4,5,3,4
1,<environment.Job instance at 0x7f232547fb90>,4,2,[ 5 10],5,5,7,0,5
1,<environment.Job instance at 0x7f232a0aa4b0>,2,3,[10  2],3,12,15,9,12
1,<environment.Job instance at 0x7f2325487550>,12,2,[1 9],13,15,17,2,14
1,<environment.Job instance at 0x7f23254874b0>,14,13,[8 5],15,17,30,2,15
1,<environment.Job instance at 0x7f2325689190>,3,18,[5 6],4,30,48,26,19
1,<environment.Job instance at 0x7f23254958c0>,27,12,[7 2],28,96,108,68,96
1,<environment.Job instance at 0x7f2325495870>,32,17,[1 8],33,121,138,88,121
1,<environment.Job instance at 0x7f2325495780>,33,3,[ 2 10],34,138,141,104,121
1,<environment.Job instance at 0x7f2325487320>,15,15,[2 7],16,141,156,125,132
1,<environment.Job instance at 0x7f22df4f4b90>,37,3,[6 4],38,156,159,118,137
1,<environment.Job instance at 0x7f22df4f4f00>,38,16,[3 5],39,156,172,117,143
1,<environment.Job instance at 0x7f22df4f45a0>,40,3,[8 3],41,143,146,102,143
1,<environment.Job instance at 0x7f22df4f4960>,45,15,[7 2],46,159,174,113,152
1,<environment.Job instance at 0x7f22df4d4910>,55,15,[1 8],56,195,210,139,195
1,<environment.Job instance at 0x7f22df4d45f0>,60,3,[10  1],61,210,213,149,195
1,<environment.Job instance at 0x7f22df4d4460>,61,2,[9 3],62,213,215,151,195
1,<environment.Job instance at 0x7f22df5b6f50>,64,3,[6 1],65,195,198,130,195
1,<environment.Job instance at 0x7f22df5b6eb0>,65,2,[7 4],66,215,217,149,195
1,<environment.Job instance at 0x7f22df5b6a50>,67,2,[9 5],68,217,219,149,195
1,<environment.Job instance at 0x7f22df5b6550>,69,3,[9 2],70,201,204,131,201
1,<environment.Job instance at 0x7f22df5b6c30>,72,12,[9 3],73,219,231,146,206
1,<environment.Job instance at 0x7f22df5b6b40>,73,18,[5 4],74,231,249,157,220
1,<environment.Job instance at 0x7f22df5b65f0>,80,15,[9 3],81,259,274,178,259
1,<environment.Job instance at 0x7f22df5b6d70>,81,13,[2 5],82,274,287,192,259
1,<environment.Job instance at 0x7f22df5b60f0>,83,15,[5 5],84,274,289,190,260
