iteration,job object,job ID,job Length,job ressource requirement,job enter time,job start time,job finish time,job waiting time,current time
1,<environment.Job instance at 0x7f5bddd09500>,0,17,[6 2],1,5,22,4,5
1,<environment.Job instance at 0x7f5bddd09410>,3,13,[3 8],4,26,39,22,26
1,<environment.Job instance at 0x7f5bd88ffbe0>,9,17,[8 1],10,45,62,35,45
1,<environment.Job instance at 0x7f5bddc56320>,5,12,[7 4],6,28,40,22,28
1,<environment.Job instance at 0x7f5bddc56a00>,10,17,[9 3],11,40,57,29,30
1,<environment.Job instance at 0x7f5bddc56640>,11,14,[ 2 10],12,57,71,45,48
1,<environment.Job instance at 0x7f5b92cae460>,4,14,[6 5],5,6,20,1,6
1,<environment.Job instance at 0x7f5b92caee60>,7,13,[6 5],8,20,33,12,8
1,<environment.Job instance at 0x7f5b92caeb90>,10,13,[1 7],11,33,46,22,21
1,<environment.Job instance at 0x7f5b92cae280>,12,14,[3 7],13,46,60,33,31
1,<environment.Job instance at 0x7f5b92cb2d70>,15,17,[4 8],16,60,77,44,49
1,<environment.Job instance at 0x7f5b92bab870>,0,15,[6 2],1,4,19,3,4
1,<environment.Job instance at 0x7f5b92bab5a0>,4,13,[2 6],5,6,19,1,6
1,<environment.Job instance at 0x7f5b92bab140>,14,14,[ 4 10],15,46,60,31,46
1,<environment.Job instance at 0x7f5b92bab730>,12,16,[3 9],13,60,76,47,48
1,<environment.Job instance at 0x7f5b92db37d0>,7,27,[5 3],8,31,58,23,31
1,<environment.Job instance at 0x7f5b931ced70>,10,13,[5 1],11,44,57,33,44
1,<environment.Job instance at 0x7f5bd905e2d0>,2,17,[8 5],3,5,22,2,5
1,<environment.Job instance at 0x7f5bd8a7eaa0>,8,17,[1 7],9,24,41,15,24
1,<environment.Job instance at 0x7f5bd8a7ea00>,10,12,[6 2],11,27,39,16,27
1,<environment.Job instance at 0x7f5bd8a7eaf0>,14,12,[1 8],15,41,53,26,40
1,<environment.Job instance at 0x7f5bd94c0370>,1,15,[4 8],2,2,17,0,2
1,<environment.Job instance at 0x7f5b92e558c0>,13,13,[9 2],14,48,61,34,48
1,<environment.Job instance at 0x7f5b931cbbe0>,18,15,[2 8],19,61,76,42,49
1,<environment.Job instance at 0x7f5b92dafc30>,1,17,[2 6],2,2,19,0,2
1,<environment.Job instance at 0x7f5b92daf1e0>,11,15,[5 1],12,28,43,16,28
1,<environment.Job instance at 0x7f5b93177190>,12,16,[3 9],13,42,58,29,42
1,<environment.Job instance at 0x7f5b93177b90>,14,18,[6 3],15,58,76,43,47
1,<environment.Job instance at 0x7f5b92f122d0>,2,19,[2 7],3,4,23,1,4
1,<environment.Job instance at 0x7f5bd9338960>,5,15,[6 5],6,24,39,18,24
1,<environment.Job instance at 0x7f5bd8a4aaf0>,13,18,[5 7],14,49,67,35,49
1,<environment.Job instance at 0x7f5bd8c2f640>,1,12,[ 5 10],2,48,60,46,48
1,<environment.Job instance at 0x7f5bd88728c0>,8,15,[5 5],9,25,40,16,25
1,<environment.Job instance at 0x7f5b929ee820>,1,15,[10  1],2,3,18,1,3
1,<environment.Job instance at 0x7f5b929eebe0>,0,14,[5 4],1,45,59,44,45
1,<environment.Job instance at 0x7f5b92c43230>,14,16,[10  5],15,59,75,44,46
1,<environment.Job instance at 0x7f5b92c435f0>,2,18,[6 5],3,4,22,1,4
1,<environment.Job instance at 0x7f5b92f309b0>,8,15,[3 7],9,22,37,13,10
1,<environment.Job instance at 0x7f5bddd34500>,0,1,[7 3],1,2,3,1,2
1,<environment.Job instance at 0x7f5bd8878b90>,3,16,[9 4],4,5,21,1,5
1,<environment.Job instance at 0x7f5bd957bf00>,10,17,[ 3 10],11,24,41,13,24
1,<environment.Job instance at 0x7f5bd88eaa50>,12,13,[ 3 10],13,41,54,28,26
1,<environment.Job instance at 0x7f5bd8878690>,5,14,[ 2 10],6,54,68,48,40
1,<environment.Job instance at 0x7f5b9306d140>,8,18,[2 7],9,17,35,8,17
1,<environment.Job instance at 0x7f5bd8cbb0a0>,9,16,[6 5],10,35,51,25,22
1,<environment.Job instance at 0x7f5bd8df6640>,12,18,[7 4],13,51,69,38,43
1,<environment.Job instance at 0x7f5bd8ff4550>,1,19,[2 9],2,7,26,5,7
1,<environment.Job instance at 0x7f5bd8f93230>,6,18,[3 8],7,26,44,19,23
1,<environment.Job instance at 0x7f5b92c45190>,8,14,[ 4 10],9,44,58,35,34
1,<environment.Job instance at 0x7ff3d02aa5a0>,1,15,[4 5],2,2,17,0,2
1,<environment.Job instance at 0x7ff3d02aa4b0>,0,17,[6 2],1,5,22,4,5
1,<environment.Job instance at 0x7ff3d02aa3c0>,3,13,[3 8],4,24,37,20,24
1,<environment.Job instance at 0x7ff3cae9da50>,5,18,[7 5],6,37,55,31,26
1,<environment.Job instance at 0x7ff3caea1190>,16,19,[ 3 10],17,55,74,38,50
1,<environment.Job instance at 0x7ff3d041b0a0>,0,17,[9 3],1,6,23,5,6
1,<environment.Job instance at 0x7ff3d0420e60>,7,13,[3 5],8,23,36,15,9
1,<environment.Job instance at 0x7ff3d04201e0>,11,13,[7 2],12,23,36,11,20
1,<environment.Job instance at 0x7ff3d041e960>,14,14,[9 1],15,51,65,36,51
1,<environment.Job instance at 0x7ff3d041e1e0>,16,18,[ 2 10],17,65,83,48,54
1,<environment.Job instance at 0x7ff38519bfa0>,8,19,[4 7],9,16,35,7,16
1,<environment.Job instance at 0x7ff38519b690>,11,15,[8 1],12,35,50,23,23
1,<environment.Job instance at 0x7ff38519bcd0>,7,12,[1 9],8,42,54,34,42
1,<environment.Job instance at 0x7ff385275b90>,13,14,[1 7],14,54,68,40,43
1,<environment.Job instance at 0x7ff3852967d0>,1,13,[ 4 10],2,4,17,2,4
1,<environment.Job instance at 0x7ff385296730>,0,16,[7 4],1,17,33,16,8
1,<environment.Job instance at 0x7ff38519b050>,6,17,[8 2],7,33,50,26,29
1,<environment.Job instance at 0x7ff3850ee2d0>,15,18,[8 2],16,50,68,34,43
1,<environment.Job instance at 0x7ff3850ee3c0>,16,14,[8 4],17,68,82,51,54
1,<environment.Job instance at 0x7ff38559a460>,1,15,[4 8],2,26,41,24,26
1,<environment.Job instance at 0x7ff3cfdd55a0>,13,13,[9 2],14,41,54,27,26
1,<environment.Job instance at 0x7ff3cfdd51e0>,14,1,[10  3],15,54,55,39,26
1,<environment.Job instance at 0x7ff3cfdd5cd0>,17,16,[8 3],18,55,71,37,48
1,<environment.Job instance at 0x7ff3cfdd5190>,20,14,[7 1],21,71,85,50,58
1,<environment.Job instance at 0x7ff3857e27d0>,6,3,[5 9],7,30,33,23,30
1,<environment.Job instance at 0x7ff385358f50>,15,13,[6 3],16,49,62,33,49
1,<environment.Job instance at 0x7ff3cb0079b0>,0,16,[2 7],1,3,19,2,3
1,<environment.Job instance at 0x7ff385588a50>,4,2,[2 8],5,19,21,14,5
1,<environment.Job instance at 0x7ff3cf9690f0>,1,12,[5 6],2,4,16,2,4
1,<environment.Job instance at 0x7ff3caf1d640>,8,2,[7 2],9,44,46,35,44
1,<environment.Job instance at 0x7ff3caf1d6e0>,10,1,[1 6],11,44,45,33,44
1,<environment.Job instance at 0x7ff3cf970e60>,1,15,[4 9],2,3,18,1,3
1,<environment.Job instance at 0x7ff3cb0315a0>,6,12,[7 4],7,18,30,11,8
1,<environment.Job instance at 0x7ff3cb031f00>,9,15,[2 6],10,18,33,8,10
1,<environment.Job instance at 0x7ff38571dbe0>,14,14,[1 8],15,36,50,21,36
1,<environment.Job instance at 0x7ff3caf71b90>,1,17,[2 7],2,4,21,2,4
1,<environment.Job instance at 0x7ff385562730>,8,15,[5 5],9,25,40,16,25
1,<environment.Job instance at 0x7ff3cb188910>,4,16,[10  5],5,19,35,14,19
1,<environment.Job instance at 0x7ff38537c370>,6,13,[7 5],7,35,48,28,21
1,<environment.Job instance at 0x7ff38537c140>,5,15,[10  1],6,48,63,42,42
1,<environment.Job instance at 0x7ff38537cb90>,17,16,[9 4],18,63,79,45,50
1,<environment.Job instance at 0x7ff3cb3c2820>,1,2,[10  4],2,2,4,0,2
1,<environment.Job instance at 0x7ff3cb3c2cd0>,0,15,[6 2],1,5,20,4,5
1,<environment.Job instance at 0x7ff3858234b0>,7,15,[1 7],8,10,25,2,10
1,<environment.Job instance at 0x7ff38537c910>,6,15,[10  3],7,53,68,46,53
1,<environment.Job instance at 0x7ff3855db460>,0,12,[5 1],1,2,14,1,2
1,<environment.Job instance at 0x7ff3cfc9b410>,2,3,[2 6],3,3,6,0,3
1,<environment.Job instance at 0x7ff3855db910>,3,19,[2 8],4,6,25,2,5
1,<environment.Job instance at 0x7ff3cb1705f0>,7,12,[ 5 10],8,25,37,17,12
1,<environment.Job instance at 0x7ff3cb1700a0>,13,14,[7 5],14,37,51,23,23
1,<environment.Job instance at 0x7ff3cb149640>,17,12,[6 4],18,51,63,33,48
1,<environment.Job instance at 0x7ff3cb149370>,19,14,[ 3 10],20,63,77,43,48
1,<environment.Job instance at 0x7ff3cb1497d0>,4,15,[6 2],5,7,22,2,7
1,<environment.Job instance at 0x7ff3856e2b40>,8,17,[3 5],9,9,26,0,9
1,<environment.Job instance at 0x7ff3854cb140>,5,17,[7 4],6,22,39,16,11
1,<environment.Job instance at 0x7ff38532faf0>,3,15,[5 5],4,45,60,41,45
1,<environment.Job instance at 0x7ff384f7dfa0>,7,18,[5 9],8,60,78,52,50
1,<environment.Job instance at 0x7ff3cfb3f320>,1,15,[3 5],2,2,17,0,2
1,<environment.Job instance at 0x7ff3cfb3f410>,4,13,[4 6],5,17,30,12,6
1,<environment.Job instance at 0x7ff3cfb3f2d0>,7,1,[4 5],8,8,9,0,8
1,<environment.Job instance at 0x7ff3cfb3f140>,0,17,[7 2],1,30,47,29,22
1,<environment.Job instance at 0x7ff3850d3550>,14,19,[5 5],15,52,71,37,52
1,<environment.Job instance at 0x7ff3857c88c0>,1,16,[2 7],2,25,41,23,25
1,<environment.Job instance at 0x7ff3850d3550>,4,12,[8 4],5,41,53,36,26
1,<environment.Job instance at 0x7ff3cf80c0a0>,11,12,[6 2],12,26,38,14,26
1,<environment.Job instance at 0x7f3bdbd9f2d0>,1,15,[4 5],2,3,18,1,3
1,<environment.Job instance at 0x7f3bd49902d0>,5,18,[7 5],6,18,36,12,8
1,<environment.Job instance at 0x7f3bdbe28d70>,3,13,[3 8],4,36,49,32,31
1,<environment.Job instance at 0x7f3bd4990820>,13,15,[4 5],14,49,64,35,49
1,<environment.Job instance at 0x7f3bd4990a00>,16,19,[ 3 10],17,64,83,47,58
1,<environment.Job instance at 0x7f3bd4990be0>,2,18,[5 5],3,3,21,0,3
1,<environment.Job instance at 0x7f3bd4990d70>,1,13,[7 2],2,21,34,19,6
1,<environment.Job instance at 0x7f3bdbdc7820>,8,13,[1 5],9,10,23,1,10
1,<environment.Job instance at 0x7f3bdbf0da00>,11,17,[2 7],12,23,40,11,16
1,<environment.Job instance at 0x7f3bdbdc7cd0>,4,14,[9 1],5,40,54,35,25
1,<environment.Job instance at 0x7f3bdbf05f50>,17,17,[7 4],18,54,71,36,42
1,<environment.Job instance at 0x7f3bdbdc6cd0>,20,15,[5 5],21,71,86,50,69
1,<environment.Job instance at 0x7f3b90bde820>,9,15,[6 2],10,13,28,3,13
1,<environment.Job instance at 0x7f3b90bde5a0>,14,13,[2 6],15,46,59,31,46
1,<environment.Job instance at 0x7f3b90cbfa50>,16,16,[6 2],17,50,66,33,50
1,<environment.Job instance at 0x7f3b90bde410>,1,18,[10  5],2,66,84,64,57
1,<environment.Job instance at 0x7f3b9104bcd0>,3,13,[5 7],4,58,71,54,58
1,<environment.Job instance at 0x7f3bdb1f82d0>,8,16,[2 6],9,31,47,22,31
1,<environment.Job instance at 0x7f3bd4c2bcd0>,0,16,[2 7],1,6,22,5,6
1,<environment.Job instance at 0x7f3bd49fa1e0>,0,1,[1 6],1,2,3,1,2
1,<environment.Job instance at 0x7f3b90f95d20>,6,2,[4 9],7,52,54,45,52
1,<environment.Job instance at 0x7f3bdbdc5a00>,1,14,[6 4],2,4,18,2,4
1,<environment.Job instance at 0x7f3bdbdc5d70>,10,3,[5 1],11,28,31,17,28
1,<environment.Job instance at 0x7f3bdbdc5690>,12,14,[9 5],13,31,45,18,30
1,<environment.Job instance at 0x7f3bdbdc5320>,13,16,[5 1],14,45,61,31,33
1,<environment.Job instance at 0x7f3bd4841320>,1,13,[6 1],2,4,17,2,4
1,<environment.Job instance at 0x7f3bdb6740f0>,5,13,[ 5 10],6,17,30,11,9
1,<environment.Job instance at 0x7f3bd4c8d280>,8,15,[ 5 10],9,30,45,21,19
1,<environment.Job instance at 0x7f3bd4d2fcd0>,11,17,[3 7],12,45,62,33,35
1,<environment.Job instance at 0x7f3bd4782d70>,21,15,[10  1],22,68,83,46,68
1,<environment.Job instance at 0x7f3b90a751e0>,2,18,[6 5],3,4,22,1,4
1,<environment.Job instance at 0x7f3b90a75500>,8,15,[3 7],9,31,46,22,31
1,<environment.Job instance at 0x7f3b90a758c0>,7,12,[1 7],8,53,65,45,53
1,<environment.Job instance at 0x7f3b90d693c0>,14,18,[2 5],15,65,83,50,54
1,<environment.Job instance at 0x7f3b90e84910>,6,3,[4 8],7,8,11,1,8
1,<environment.Job instance at 0x7f3b90e84b90>,8,2,[1 6],9,11,13,2,9
1,<environment.Job instance at 0x7f3b90f76820>,4,16,[ 3 10],5,13,29,8,12
1,<environment.Job instance at 0x7f3b90e84be0>,10,12,[5 1],11,29,41,18,12
1,<environment.Job instance at 0x7f3b90e84a50>,7,13,[5 5],8,46,59,38,46
1,<environment.Job instance at 0x7f3b90e88230>,17,12,[ 5 10],18,59,71,41,46
1,<environment.Job instance at 0x7f3b90e88370>,19,14,[5 1],20,71,85,51,56
1,<environment.Job instance at 0x7f3bd4afbd20>,0,12,[7 1],1,6,18,5,6
1,<environment.Job instance at 0x7f3bd4972c80>,8,17,[3 5],9,9,26,0,9
1,<environment.Job instance at 0x7f3bd4972f50>,9,16,[3 9],10,26,42,16,13
1,<environment.Job instance at 0x7f3bd4972410>,11,1,[ 5 10],12,42,43,30,15
1,<environment.Job instance at 0x7f3bd4972280>,1,14,[10  2],2,3,17,1,3
1,<environment.Job instance at 0x7f3b90fd4410>,5,13,[7 4],6,23,36,17,23
1,<environment.Job instance at 0x7f3b90fd45a0>,16,15,[2 8],17,63,78,46,63
1,<environment.Job instance at 0x7f3b910e7be0>,1,15,[2 5],2,2,17,0,2
1,<environment.Job instance at 0x7f3bd4d0d730>,5,12,[3 6],6,17,29,11,6
1,<environment.Job instance at 0x7f3bd4d0d910>,6,16,[1 9],7,67,83,60,67
1,<environment.Job instance at 0x7f3bd4db0370>,4,12,[4 6],5,5,17,0,5
1,<environment.Job instance at 0x7f3bd4db0320>,6,13,[10  4],7,17,30,10,8
1,<environment.Job instance at 0x7f3bdb76f7d0>,11,18,[6 4],12,30,48,18,21
1,<environment.Job instance at 0x7f3bdb76ff00>,14,13,[3 9],15,61,74,46,61
1,<environment.Job instance at 0x7f3b9106a3c0>,0,16,[2 8],1,5,21,4,5
1,<environment.Job instance at 0x7f3b90bd1a00>,6,15,[5 5],7,21,36,14,21
1,<environment.Job instance at 0x7f3bd4837f00>,11,2,[7 4],12,36,38,24,21
1,<environment.Job instance at 0x7f3bd4a77190>,15,15,[1 6],16,36,51,20,30
1,<environment.Job instance at 0x7f3b912a20a0>,1,17,[9 4],2,29,46,27,29
1,<environment.Job instance at 0x7f3bdb3620f0>,6,12,[1 6],7,53,65,46,53
1,<environment.Job instance at 0x7f3bd4a617d0>,1,16,[8 3],2,4,20,2,4
1,<environment.Job instance at 0x7f3b91009c80>,6,14,[ 1 10],7,60,74,53,60
1,<environment.Job instance at 0x7f3bdb39ecd0>,13,18,[8 5],14,74,92,60,63
1,<environment.Job instance at 0x7f3b90b29500>,1,15,[1 5],2,6,21,4,6
1,<environment.Job instance at 0x7f3b90ec82d0>,7,16,[4 6],8,21,37,13,10
1,<environment.Job instance at 0x7f3b90ec8730>,8,15,[5 1],9,10,25,1,10
1,<environment.Job instance at 0x7f3b90ec8190>,2,16,[5 6],3,37,53,34,24
1,<environment.Job instance at 0x7f3b90df7960>,14,16,[ 5 10],15,53,69,38,42
1,<environment.Job instance at 0x7f3b90efcb40>,13,15,[10  4],14,69,84,55,59
1,<environment.Job instance at 0x7f347d17b370>,5,18,[7 5],6,44,62,38,44
1,<environment.Job instance at 0x7f34825cf780>,3,13,[3 8],4,62,75,58,47
1,<environment.Job instance at 0x7f347d17b960>,2,2,[10  3],3,3,5,0,3
1,<environment.Job instance at 0x7f3482705870>,10,15,[5 5],11,14,29,3,14
1,<environment.Job instance at 0x7f343754cbe0>,1,17,[3 8],2,2,19,0,2
1,<environment.Job instance at 0x7f34827055a0>,2,16,[3 9],3,19,35,16,6
1,<environment.Job instance at 0x7f343754cdc0>,8,13,[1 9],9,35,48,26,24
1,<environment.Job instance at 0x7f34375535f0>,10,17,[2 6],11,70,87,59,70
1,<environment.Job instance at 0x7f34375532d0>,12,17,[8 5],13,87,104,74,75
1,<environment.Job instance at 0x7f343742a870>,0,14,[7 1],1,7,21,6,7
1,<environment.Job instance at 0x7f3437873f50>,16,13,[2 5],17,51,64,34,51
1,<environment.Job instance at 0x7f3437516a50>,3,14,[ 3 10],4,64,78,60,52
1,<environment.Job instance at 0x7f343787f780>,1,17,[2 6],2,4,21,2,4
1,<environment.Job instance at 0x7f3437a25e10>,8,26,[7 3],9,9,35,0,9
1,<environment.Job instance at 0x7f3437a25a50>,9,17,[2 8],10,35,52,25,23
1,<environment.Job instance at 0x7f3437a250a0>,14,18,[6 3],15,52,70,37,41
1,<environment.Job instance at 0x7f3437a25410>,16,12,[4 7],17,52,64,35,52
1,<environment.Job instance at 0x7f3437a25e60>,17,12,[3 9],18,70,82,52,59
1,<environment.Job instance at 0x7f347d2ae730>,7,16,[4 5],8,77,93,69,77
1,<environment.Job instance at 0x7f34376190a0>,1,14,[6 4],2,2,16,0,2
1,<environment.Job instance at 0x7f347d4a7c30>,0,18,[3 6],1,33,51,32,33
1,<environment.Job instance at 0x7f34372f1dc0>,13,16,[5 1],14,39,55,25,39
1,<environment.Job instance at 0x7f34372f1640>,12,14,[9 5],13,55,69,42,40
1,<environment.Job instance at 0x7f347f82b780>,0,16,[5 1],1,5,21,4,5
1,<environment.Job instance at 0x7f347f82b050>,1,17,[3 7],2,15,32,13,15
1,<environment.Job instance at 0x7f347f82b7d0>,9,12,[10  3],10,32,44,22,17
1,<environment.Job instance at 0x7f343781f9b0>,21,17,[4 7],22,59,76,37,59
1,<environment.Job instance at 0x7f347f85da00>,25,15,[10  1],26,76,91,50,62
1,<environment.Job instance at 0x7f343798f9b0>,8,16,[6 5],9,10,26,1,10
1,<environment.Job instance at 0x7f343798f6e0>,10,12,[6 4],11,26,38,15,11
1,<environment.Job instance at 0x7f347fcca460>,6,15,[10  3],7,53,68,46,53
1,<environment.Job instance at 0x7f34378b7730>,17,17,[ 2 10],18,78,95,60,78
1,<environment.Job instance at 0x7f34377948c0>,3,16,[9 4],4,5,21,1,5
1,<environment.Job instance at 0x7f343720f4b0>,9,16,[5 5],10,24,40,14,24
1,<environment.Job instance at 0x7f3437259870>,5,14,[ 2 10],6,40,54,34,28
1,<environment.Job instance at 0x7f343720f730>,11,13,[3 9],12,54,67,42,39
1,<environment.Job instance at 0x7f3437255dc0>,16,14,[1 9],17,67,81,50,52
1,<environment.Job instance at 0x7f343720f190>,7,16,[ 3 10],8,81,97,73,69
1,<environment.Job instance at 0x7f3437677c30>,1,17,[3 6],2,3,20,1,3
1,<environment.Job instance at 0x7f347f974190>,3,13,[4 5],4,20,33,16,4
1,<environment.Job instance at 0x7f347d139640>,14,13,[8 2],15,44,57,29,44
1,<environment.Job instance at 0x7f34372e7640>,11,21,[8 2],12,64,85,52,64
1,<environment.Job instance at 0x7f347cff3460>,16,14,[5 5],17,85,99,68,77
1,<environment.Job instance at 0x7f347f960af0>,5,17,[2 5],6,7,24,1,7
1,<environment.Job instance at 0x7f347cf903c0>,2,14,[1 7],3,4,18,1,4
1,<environment.Job instance at 0x7f347cf01d70>,0,16,[2 8],1,18,34,17,7
1,<environment.Job instance at 0x7f3437b043c0>,11,2,[7 4],12,34,36,22,21
1,<environment.Job instance at 0x7f3437b046e0>,16,16,[4 6],17,42,58,25,42
1,<environment.Job instance at 0x7f3437b045f0>,2,2,[3 6],3,3,5,0,3
1,<environment.Job instance at 0x7f3437b046e0>,4,15,[9 2],5,17,32,12,17
1,<environment.Job instance at 0x7f347d0d3190>,5,17,[8 5],6,7,24,1,7
1,<environment.Job instance at 0x7f347d60d460>,9,2,[5 7],10,24,26,14,11
1,<environment.Job instance at 0x7f3437b2e3c0>,2,14,[1 8],3,26,40,23,11
1,<environment.Job instance at 0x7f34826fe3c0>,14,14,[6 5],15,53,67,38,53
1,<environment.Job instance at 0x7f347d63d7d0>,4,15,[10  1],5,69,84,64,69
1,<environment.Job instance at 0x7f34374df0f0>,22,18,[2 5],23,84,102,61,77
1,<environment.Job instance at 0x7f347f8c16e0>,8,13,[10  3],9,52,65,43,52
1,<environment.Job instance at 0x7f347f81c3c0>,1,14,[4 7],2,4,18,2,4
1,<environment.Job instance at 0x7f347f81c8c0>,7,16,[6 1],8,8,24,0,8
1,<environment.Job instance at 0x7f347f81caa0>,6,15,[9 3],7,24,39,17,10
1,<environment.Job instance at 0x7f347fac28c0>,1,12,[2 5],2,3,15,1,3
1,<environment.Job instance at 0x7f34374c62d0>,4,17,[8 5],5,6,23,1,6
1,<environment.Job instance at 0x7f34374c60a0>,9,1,[4 9],10,48,49,38,48
1,<environment.Job instance at 0x7f34374c65f0>,0,13,[4 8],1,49,62,48,49
1,<environment.Job instance at 0x7f347d3b5230>,12,13,[9 5],13,62,75,49,49
1,<environment.Job instance at 0x7f34372b4410>,16,18,[ 2 10],17,76,94,59,76
1,<environment.Job instance at 0x7f20e322e2d0>,1,15,[4 5],2,3,18,1,3
1,<environment.Job instance at 0x7f20e322e140>,0,17,[6 2],1,4,21,3,4
1,<environment.Job instance at 0x7f20dbe1e370>,6,19,[1 7],7,18,37,11,8
1,<environment.Job instance at 0x7f20dbe1e3c0>,5,18,[7 5],6,46,64,40,46
1,<environment.Job instance at 0x7f20dbe1e6e0>,9,17,[8 1],10,64,81,54,54
1,<environment.Job instance at 0x7f20a1ae4230>,0,15,[5 5],1,24,39,23,24
1,<environment.Job instance at 0x7f20e3395960>,8,2,[10  4],9,46,48,37,46
1,<environment.Job instance at 0x7f20e3395eb0>,7,12,[5 8],8,48,60,40,46
1,<environment.Job instance at 0x7f20e3256a00>,13,17,[ 2 10],14,60,77,46,59
1,<environment.Job instance at 0x7f20e3256d70>,16,16,[7 3],17,77,93,60,65
1,<environment.Job instance at 0x7f20e3256d20>,18,15,[9 4],19,93,108,74,79
1,<environment.Job instance at 0x7f20e32565f0>,20,13,[1 7],21,79,92,58,79
1,<environment.Job instance at 0x7f20982186e0>,0,16,[7 4],1,5,21,4,5
1,<environment.Job instance at 0x7f2098218b40>,2,14,[4 7],3,21,35,18,6
1,<environment.Job instance at 0x7f20981f1640>,15,18,[8 2],16,55,73,39,55
1,<environment.Job instance at 0x7f20981f1870>,16,14,[8 4],17,73,87,56,59
1,<environment.Job instance at 0x7f20981f1cd0>,2,14,[3 5],3,4,18,1,4
1,<environment.Job instance at 0x7f20de3cffa0>,4,16,[8 5],5,18,34,13,8
1,<environment.Job instance at 0x7f209850f0f0>,12,1,[ 2 10],13,45,46,32,45
1,<environment.Job instance at 0x7f209850f320>,13,17,[7 1],14,46,63,32,46
1,<environment.Job instance at 0x7f209850f460>,15,13,[6 3],16,63,76,47,50
1,<environment.Job instance at 0x7f2098025960>,1,16,[1 8],2,4,20,2,4
1,<environment.Job instance at 0x7f209850f6e0>,4,12,[3 5],5,20,32,15,5
1,<environment.Job instance at 0x7f20dc0b6640>,13,14,[8 1],14,71,85,57,71
1,<environment.Job instance at 0x7f20dc0b63c0>,14,12,[ 1 10],15,85,97,70,72
1,<environment.Job instance at 0x7f20dc239910>,12,18,[2 8],13,97,115,84,88
1,<environment.Job instance at 0x7f20986c7a50>,1,15,[4 9],2,3,18,1,3
1,<environment.Job instance at 0x7f20de71e370>,4,13,[ 5 10],5,18,31,13,9
1,<environment.Job instance at 0x7f20dc209e60>,11,12,[ 5 10],12,31,43,19,14
1,<environment.Job instance at 0x7f20de71f5f0>,13,14,[5 5],14,43,57,29,36
1,<environment.Job instance at 0x7f20de538320>,17,14,[10  3],18,59,73,41,59
1,<environment.Job instance at 0x7f20dbef2f50>,1,13,[6 1],2,3,16,1,3
1,<environment.Job instance at 0x7f209812a820>,5,13,[ 5 10],6,16,29,10,6
1,<environment.Job instance at 0x7f2097fca820>,8,15,[ 5 10],9,29,44,20,16
1,<environment.Job instance at 0x7f2097fcac80>,15,2,[2 9],16,44,46,28,19
1,<environment.Job instance at 0x7f2097fcac30>,17,1,[8 1],18,44,45,26,23
1,<environment.Job instance at 0x7f2097fc4280>,19,12,[10  3],20,46,58,26,32
1,<environment.Job instance at 0x7f2097fc4370>,20,14,[5 4],21,58,72,37,43
1,<environment.Job instance at 0x7f2097fc4550>,24,17,[2 6],25,58,75,33,55
1,<environment.Job instance at 0x7f20de513eb0>,1,2,[10  4],2,2,4,0,2
1,<environment.Job instance at 0x7f20de513280>,0,15,[6 2],1,4,19,3,4
1,<environment.Job instance at 0x7f2098103b40>,10,12,[6 4],11,19,31,8,12
1,<environment.Job instance at 0x7f2098423690>,14,15,[5 3],15,53,68,38,53
1,<environment.Job instance at 0x7f2098423460>,17,17,[ 2 10],18,79,96,61,79
1,<environment.Job instance at 0x7f20dbbfdf00>,21,13,[4 7],22,96,109,74,81
1,<environment.Job instance at 0x7f2098423640>,3,18,[1 5],4,4,22,0,4
1,<environment.Job instance at 0x7f209870caa0>,4,18,[9 5],5,5,23,0,5
1,<environment.Job instance at 0x7f20dc1f7c30>,11,13,[5 5],12,23,36,11,13
1,<environment.Job instance at 0x7f209870ccd0>,2,13,[ 3 10],3,36,49,33,23
1,<environment.Job instance at 0x7f209870c2d0>,0,17,[ 3 10],1,49,66,48,44
1,<environment.Job instance at 0x7f20dc1f7050>,13,16,[8 3],14,66,82,52,53
1,<environment.Job instance at 0x7f20dc1e1370>,21,2,[5 9],22,82,84,60,55
1,<environment.Job instance at 0x7f20dc06b7d0>,10,3,[5 6],11,25,28,14,25
1,<environment.Job instance at 0x7f20dc06beb0>,12,15,[5 8],13,70,85,57,70
1,<environment.Job instance at 0x7f20dea57910>,1,15,[3 5],2,5,20,3,5
1,<environment.Job instance at 0x7f20de851640>,3,16,[5 5],4,6,22,2,6
1,<environment.Job instance at 0x7f20dc1fff50>,0,17,[7 2],1,22,39,21,10
1,<environment.Job instance at 0x7f20de851050>,14,19,[5 5],15,50,69,35,50
1,<environment.Job instance at 0x7f20dc21d3c0>,17,14,[10  2],18,74,88,56,74
1,<environment.Job instance at 0x7f20dc21dbe0>,19,3,[7 5],20,88,91,68,74
1,<environment.Job instance at 0x7f20dc21d7d0>,1,18,[7 4],2,2,20,0,2
1,<environment.Job instance at 0x7f20dbcb5f50>,2,14,[ 2 10],3,47,61,44,47
1,<environment.Job instance at 0x7f2098727c30>,9,12,[10  4],10,61,73,51,47
1,<environment.Job instance at 0x7f2098740e10>,13,15,[ 1 10],14,73,88,59,70
1,<environment.Job instance at 0x7f20de8b65a0>,1,16,[8 3],2,31,47,29,31
1,<environment.Job instance at 0x7f20dbf8ce60>,7,16,[1 8],8,47,63,39,36
1,<environment.Job instance at 0x7f2098068460>,5,16,[5 9],6,63,79,57,52
1,<environment.Job instance at 0x7f20deb4ff00>,15,16,[7 2],16,79,95,63,66
1,<environment.Job instance at 0x7f2098621dc0>,16,12,[3 8],17,79,91,62,66
1,<environment.Job instance at 0x7f2098621370>,18,14,[8 5],19,95,109,76,80
1,<environment.Job instance at 0x7f2097e9c500>,8,22,[8 1],9,19,41,10,19
1,<environment.Job instance at 0x7f2097e9cdc0>,3,15,[2 6],4,19,34,15,19
1,<environment.Job instance at 0x7f20de9068c0>,6,15,[9 3],7,7,22,0,7
1,<environment.Job instance at 0x7f2097e69aa0>,3,12,[10  3],4,22,34,18,9
1,<environment.Job instance at 0x7f209870d780>,2,13,[9 5],3,3,16,0,3
1,<environment.Job instance at 0x7f209870dd20>,3,15,[ 4 10],4,16,31,12,11
1,<environment.Job instance at 0x7f20deab47d0>,10,18,[9 1],11,31,49,20,21
1,<environment.Job instance at 0x7f20deae52d0>,15,13,[8 3],16,49,62,33,47
1,<environment.Job instance at 0x7f20deae57d0>,16,15,[ 5 10],17,62,77,45,48
1,<environment.Job instance at 0x7f20deae5280>,20,15,[10  1],21,81,96,60,81
1,<environment.Job instance at 0x7f20deae5280>,4,17,[4 8],5,49,66,44,49
1,<environment.Job instance at 0x7f20dbbe36e0>,13,3,[8 5],14,66,69,52,50
1,<environment.Job instance at 0x7f20de71b0f0>,14,15,[4 6],15,69,84,54,55
1,<environment.Job instance at 0x7f20de456c80>,17,18,[4 8],18,84,102,66,77
1,<environment.Job instance at 0x7f20dbdd13c0>,20,15,[6 2],21,87,102,66,87
1,<environment.Job instance at 0x7f2097daca00>,12,13,[10  1],13,102,115,89,87
1,<environment.Job instance at 0x7f20dea7d2d0>,0,18,[5 3],1,2,20,1,2
1,<environment.Job instance at 0x7f20dea7d820>,2,15,[5 7],3,3,18,0,3
1,<environment.Job instance at 0x7f20dc2ec500>,11,20,[ 2 10],12,20,40,8,12
1,<environment.Job instance at 0x7f20dc2ecfa0>,14,13,[6 5],15,40,53,25,24
1,<environment.Job instance at 0x7f2097dac280>,5,13,[5 4],6,53,66,47,37
1,<environment.Job instance at 0x7f20dc2eccd0>,21,20,[3 9],22,66,86,44,57
1,<environment.Job instance at 0x7f20dc2ec5f0>,24,16,[9 5],25,86,102,61,77
1,<environment.Job instance at 0x7f8d69c4d2d0>,1,15,[4 5],2,3,18,1,3
1,<environment.Job instance at 0x7f8d6283d3c0>,5,18,[7 5],6,18,36,12,8
1,<environment.Job instance at 0x7f8d6283d6e0>,11,1,[8 4],12,36,37,24,24
1,<environment.Job instance at 0x7f8d6283d820>,13,15,[4 5],14,37,52,23,25
1,<environment.Job instance at 0x7f8d69c4d050>,3,13,[3 8],4,52,65,48,45
1,<environment.Job instance at 0x7f8d6283d780>,10,14,[1 6],11,65,79,54,51
1,<environment.Job instance at 0x7f8d69db3be0>,4,14,[6 5],5,6,20,1,6
1,<environment.Job instance at 0x7f8d69db9730>,6,16,[7 3],7,20,36,13,9
1,<environment.Job instance at 0x7f8d69db9690>,8,15,[9 4],9,36,51,27,22
1,<environment.Job instance at 0x7f8d69c74320>,13,12,[6 5],14,51,63,37,37
1,<environment.Job instance at 0x7f8d69db3a00>,3,17,[ 2 10],4,63,80,59,51
1,<environment.Job instance at 0x7f8d69c74e10>,15,17,[4 8],16,80,97,64,69
1,<environment.Job instance at 0x7f8d1eb06230>,8,17,[10  2],9,32,49,23,32
1,<environment.Job instance at 0x7f8d62b7e820>,6,14,[5 3],7,7,21,0,7
1,<environment.Job instance at 0x7f8d62b9c870>,1,15,[4 8],2,21,36,19,8
1,<environment.Job instance at 0x7f8d62c58c30>,7,14,[8 5],8,48,62,40,48
1,<environment.Job instance at 0x7f8d66d7a4b0>,14,1,[10  3],15,62,63,47,48
1,<environment.Job instance at 0x7f8d66d7abe0>,17,16,[8 3],18,63,79,45,59
1,<environment.Job instance at 0x7f8d66d7ac30>,19,14,[2 9],20,79,93,59,68
1,<environment.Job instance at 0x7f8d66d7aaa0>,20,14,[7 1],21,79,93,58,71
1,<environment.Job instance at 0x7f8d66e65f00>,22,17,[4 8],23,93,110,70,82
1,<environment.Job instance at 0x7f8d62c330f0>,6,14,[9 5],7,7,21,0,7
1,<environment.Job instance at 0x7f8d1ee49b90>,9,17,[2 8],10,27,44,17,27
1,<environment.Job instance at 0x7f8d1f1ce820>,4,12,[ 1 10],5,44,56,39,37
1,<environment.Job instance at 0x7f8d1f125870>,14,18,[6 3],15,56,74,41,45
1,<environment.Job instance at 0x7f8d1ee77910>,16,12,[4 7],17,56,68,39,48
1,<environment.Job instance at 0x7f8d626c9fa0>,20,16,[2 7],21,68,84,47,60
1,<environment.Job instance at 0x7f8d6726e140>,2,19,[2 7],3,3,22,0,3
1,<environment.Job instance at 0x7f8d6726ef50>,5,15,[6 5],6,24,39,18,24
1,<environment.Job instance at 0x7f8d67353690>,8,17,[7 3],9,39,56,30,27
1,<environment.Job instance at 0x7f8d67353320>,14,12,[3 8],15,56,68,41,49
1,<environment.Job instance at 0x7f8d67353050>,13,18,[5 7],14,70,88,56,70
1,<environment.Job instance at 0x7f8d67353370>,2,14,[4 9],3,4,18,1,4
1,<environment.Job instance at 0x7f8d67353d70>,1,17,[2 7],2,25,42,23,25
1,<environment.Job instance at 0x7f8d628e5730>,16,12,[ 3 10],17,98,110,81,98
1,<environment.Job instance at 0x7f8d1ed39af0>,2,18,[6 5],3,3,21,0,3
1,<environment.Job instance at 0x7f8d1f1bbc80>,11,16,[5 1],12,53,69,41,53
1,<environment.Job instance at 0x7f8d1f1bb050>,13,14,[4 5],14,53,67,39,53
1,<environment.Job instance at 0x7f8d1f194230>,14,18,[2 5],15,67,85,52,56
1,<environment.Job instance at 0x7f8d1f194410>,17,15,[ 1 10],18,85,100,67,72
1,<environment.Job instance at 0x7f8d1f1945f0>,20,15,[6 2],21,100,115,79,86
1,<environment.Job instance at 0x7f8d66f32370>,3,16,[9 4],4,5,21,1,5
1,<environment.Job instance at 0x7f8d67343640>,5,14,[ 2 10],6,21,35,15,6
1,<environment.Job instance at 0x7f8d1ef21870>,9,16,[5 5],10,35,51,25,24
1,<environment.Job instance at 0x7f8d6714c820>,12,13,[ 3 10],13,51,64,38,35
1,<environment.Job instance at 0x7f8d66edd3c0>,16,14,[1 9],17,64,78,47,49
1,<environment.Job instance at 0x7f8d1ef21e60>,10,17,[ 3 10],11,78,95,67,70
1,<environment.Job instance at 0x7f8d1f196e10>,7,16,[ 3 10],8,95,111,87,95
1,<environment.Job instance at 0x7f8d6293a500>,9,15,[4 5],10,30,45,20,30
1,<environment.Job instance at 0x7f8d6293a640>,11,17,[3 5],12,30,47,18,30
1,<environment.Job instance at 0x7f8d6268dc30>,3,18,[5 8],4,49,67,45,49
1,<environment.Job instance at 0x7f8d628c20a0>,2,15,[5 8],3,67,82,64,64
1,<environment.Job instance at 0x7f8d6293aa00>,17,15,[7 4],18,82,97,64,70
1,<environment.Job instance at 0x7f8d6293ac80>,21,23,[1 8],22,97,120,75,96
1,<environment.Job instance at 0x7f8d1ecc5f50>,7,18,[8 5],8,21,39,13,21
1,<environment.Job instance at 0x7f8d6293d460>,0,14,[4 9],1,39,53,38,27
1,<environment.Job instance at 0x7f8d1ecc5af0>,5,15,[3 9],6,53,68,47,47
1,<environment.Job instance at 0x7f8d627f4e60>,22,14,[1 7],23,68,82,45,54
1,<environment.Job instance at 0x7f8d627f4dc0>,23,13,[4 5],24,82,95,58,67
1,<environment.Job instance at 0x7f8d627f4c30>,26,15,[5 5],27,82,97,55,69
1,<environment.Job instance at 0x7f8d627b5870>,2,2,[3 6],3,3,5,0,3
1,<environment.Job instance at 0x7f8d627b5eb0>,4,15,[9 2],5,22,37,17,22
1,<environment.Job instance at 0x7f8d627b53c0>,11,13,[8 4],12,37,50,25,30
1,<environment.Job instance at 0x7f8d6290b7d0>,0,1,[3 9],1,2,3,1,2
1,<environment.Job instance at 0x7f8d627255f0>,3,26,[1 9],4,5,31,1,5
1,<environment.Job instance at 0x7f8d1ee9a370>,7,18,[3 9],8,31,49,23,21
1,<environment.Job instance at 0x7f8d1eeb3050>,14,17,[6 2],15,49,66,34,37
1,<environment.Job instance at 0x7f8d672cf050>,1,12,[7 3],2,2,14,0,2
1,<environment.Job instance at 0x7f8d672cfd20>,0,18,[7 1],1,14,32,13,5
1,<environment.Job instance at 0x7f8d1ee9a0f0>,4,15,[3 8],5,17,32,12,17
1,<environment.Job instance at 0x7f8d1ee9e0f0>,3,17,[3 7],4,32,49,28,29
1,<environment.Job instance at 0x7f8d66e344b0>,17,12,[7 2],18,50,62,32,50
1,<environment.Job instance at 0x7f8d1e7c45f0>,1,13,[1 5],2,3,16,1,3
1,<environment.Job instance at 0x7f8d1e7c4960>,3,13,[7 2],4,4,17,0,4
1,<environment.Job instance at 0x7f8d1e7c4fa0>,4,13,[5 6],5,17,30,12,7
1,<environment.Job instance at 0x7f8d1e7c4140>,6,13,[9 3],7,30,43,23,14
1,<environment.Job instance at 0x7f8d1e7cdf50>,21,12,[2 5],22,79,91,57,79
1,<environment.Job instance at 0x7f8d1e805780>,24,17,[8 5],25,97,114,72,97
1,<environment.Job instance at 0x7f8d1e9d5b40>,6,14,[3 7],7,29,43,22,29
1,<environment.Job instance at 0x7f8d62c32320>,4,3,[6 5],5,43,46,38,29
1,<environment.Job instance at 0x7f8d1e9d5140>,10,14,[10  3],11,46,60,35,31
1,<environment.Job instance at 0x7f8d1e9e03c0>,13,12,[4 5],14,60,72,46,50
1,<environment.Job instance at 0x7f8d1e9e0960>,16,3,[9 5],17,73,76,56,73
1,<environment.Job instance at 0x7f8d1e9e0820>,19,17,[9 4],20,76,93,56,75
1,<environment.Job instance at 0x7f8d1e9e0be0>,20,17,[8 5],21,93,110,72,81
1,<environment.Job instance at 0x7f8d1f1b6230>,0,15,[1 8],1,25,40,24,25
1,<environment.Job instance at 0x7f8d1ee59140>,12,15,[5 7],13,70,85,57,70
1,<environment.Job instance at 0x7f8d672cf2d0>,18,12,[7 5],19,85,97,66,72
1,<environment.Job instance at 0x7f8d1ed10280>,2,13,[5 5],3,3,16,0,3
1,<environment.Job instance at 0x7f8d1ed101e0>,0,12,[5 1],1,21,33,20,21
1,<environment.Job instance at 0x7f8d1e903b40>,10,16,[8 1],11,33,49,22,21
1,<environment.Job instance at 0x7f8d1e903780>,12,2,[4 7],13,22,24,9,22
1,<environment.Job instance at 0x7f8d1e8c89b0>,15,17,[ 2 10],16,49,66,33,43
1,<environment.Job instance at 0x7f8d1e8c8be0>,20,17,[5 4],21,66,83,45,65
1,<environment.Job instance at 0x7f8d1e8c8780>,17,16,[ 1 10],18,83,99,65,72
1,<environment.Job instance at 0x7f8d627558c0>,2,12,[5 7],3,19,31,16,19
1,<environment.Job instance at 0x7f8d1f0d2190>,8,19,[3 5],9,39,58,30,39
1,<environment.Job instance at 0x7f8d1eb26410>,10,16,[1 7],11,58,74,47,48
1,<environment.Job instance at 0x7f869b2b01e0>,0,17,[6 2],1,5,22,4,5
1,<environment.Job instance at 0x7f8693ea02d0>,5,18,[7 5],6,28,46,22,28
1,<environment.Job instance at 0x7f8693ea07d0>,13,15,[4 5],14,46,61,32,33
1,<environment.Job instance at 0x7f869b2b00f0>,3,13,[3 8],4,65,78,61,65
1,<environment.Job instance at 0x7f8693ea0af0>,18,18,[3 6],19,78,96,59,67
1,<environment.Job instance at 0x7f869b2b0190>,2,18,[ 3 10],3,96,114,93,88
1,<environment.Job instance at 0x7f869b2d8be0>,3,12,[6 5],4,6,18,2,6
1,<environment.Job instance at 0x7f869b2d88c0>,2,14,[3 7],3,18,32,15,11
1,<environment.Job instance at 0x7f869b41ecd0>,12,16,[1 8],13,32,48,19,19
1,<environment.Job instance at 0x7f869b2d8cd0>,9,15,[9 2],10,32,47,22,28
1,<environment.Job instance at 0x7f869b41e0a0>,17,12,[1 9],18,48,60,30,32
1,<environment.Job instance at 0x7f869b4169b0>,23,14,[1 7],24,76,90,52,76
1,<environment.Job instance at 0x7f869b4240f0>,28,13,[3 6],29,96,109,67,96
1,<environment.Job instance at 0x7f86502a0230>,0,16,[7 2],1,5,21,4,5
1,<environment.Job instance at 0x7f86502d6af0>,6,15,[6 3],7,24,39,17,24
1,<environment.Job instance at 0x7f86502d6b90>,8,13,[6 4],9,52,65,43,52
1,<environment.Job instance at 0x7f869b424690>,3,19,[9 2],4,65,84,61,55
1,<environment.Job instance at 0x7f8650128be0>,1,13,[1 7],2,2,15,0,2
1,<environment.Job instance at 0x7f86507d5d20>,3,13,[ 4 10],4,15,28,11,5
1,<environment.Job instance at 0x7f865055e3c0>,11,12,[4 7],12,28,40,16,12
1,<environment.Job instance at 0x7f8650659640>,0,14,[ 2 10],1,10,24,9,10
1,<environment.Job instance at 0x7f865059ce10>,11,16,[1 8],12,24,40,12,15
1,<environment.Job instance at 0x7f865059a4b0>,15,14,[5 8],16,40,54,24,38
1,<environment.Job instance at 0x7f865059a6e0>,19,19,[6 4],20,94,113,74,94
1,<environment.Job instance at 0x7f869690c8c0>,6,17,[ 4 10],7,48,65,41,48
1,<environment.Job instance at 0x7f869690c5a0>,7,14,[10  3],8,65,79,57,50
1,<environment.Job instance at 0x7f869690c190>,10,18,[3 6],11,79,97,68,75
1,<environment.Job instance at 0x7f869690c820>,9,16,[2 6],10,100,116,90,100
1,<environment.Job instance at 0x7f8650537320>,19,13,[ 3 10],20,116,129,96,106
1,<environment.Job instance at 0x7f8694129820>,2,22,[9 1],3,3,25,0,3
1,<environment.Job instance at 0x7f8694129c80>,1,17,[4 7],2,25,42,23,16
1,<environment.Job instance at 0x7f8650410af0>,5,15,[10  1],6,42,57,36,28
1,<environment.Job instance at 0x7f8650612410>,4,16,[10  5],5,57,73,52,45
1,<environment.Job instance at 0x7f865044dd20>,18,18,[1 9],19,73,91,54,62
1,<environment.Job instance at 0x7f8696a320f0>,21,17,[3 9],22,91,108,69,80
1,<environment.Job instance at 0x7f8696a36410>,24,12,[5 6],25,108,120,83,91
1,<environment.Job instance at 0x7f869410f0f0>,26,12,[5 1],27,108,120,81,108
1,<environment.Job instance at 0x7f8650076eb0>,5,16,[5 7],6,6,22,0,6
1,<environment.Job instance at 0x7f865009a0a0>,7,13,[5 5],8,22,35,14,12
1,<environment.Job instance at 0x7f865009a370>,10,12,[5 1],11,25,37,14,25
1,<environment.Job instance at 0x7f865041c3c0>,4,16,[ 3 10],5,37,53,32,27
1,<environment.Job instance at 0x7f865009a9b0>,19,14,[5 1],20,53,67,33,45
1,<environment.Job instance at 0x7f865009aaf0>,21,15,[10  3],22,67,82,45,53
1,<environment.Job instance at 0x7f8650078280>,28,12,[7 4],29,95,107,66,95
1,<environment.Job instance at 0x7f869696fb40>,1,17,[3 6],2,3,20,1,3
1,<environment.Job instance at 0x7f8650078500>,3,13,[4 5],4,20,33,16,4
1,<environment.Job instance at 0x7f86500784b0>,4,12,[ 4 10],5,33,45,28,21
1,<environment.Job instance at 0x7f865064ee10>,11,18,[ 5 10],12,46,64,34,46
1,<environment.Job instance at 0x7f8693dab6e0>,9,18,[10  2],10,36,54,26,36
1,<environment.Job instance at 0x7f86942c9c30>,12,15,[5 8],13,54,69,41,45
1,<environment.Job instance at 0x7f8650464af0>,13,18,[5 8],14,77,95,63,77
1,<environment.Job instance at 0x7f865079af00>,23,15,[5 8],24,105,120,81,105
1,<environment.Job instance at 0x7f869402b6e0>,0,14,[4 9],1,13,27,12,13
1,<environment.Job instance at 0x7f8693d67f00>,14,14,[ 1 10],15,28,42,13,28
1,<environment.Job instance at 0x7f8693d82230>,16,13,[5 5],17,46,59,29,46
1,<environment.Job instance at 0x7f8693d67b40>,10,15,[10  2],11,59,74,48,46
1,<environment.Job instance at 0x7f8693d824b0>,22,14,[1 7],23,74,88,51,59
1,<environment.Job instance at 0x7f8693d67aa0>,8,12,[ 1 10],9,88,100,79,72
1,<environment.Job instance at 0x7f8694021a00>,0,3,[10  4],1,3,6,2,3
1,<environment.Job instance at 0x7f86504eef00>,9,18,[4 5],10,79,97,69,79
1,<environment.Job instance at 0x7f86504ee1e0>,12,16,[5 6],13,97,113,84,85
1,<environment.Job instance at 0x7f86504ee280>,14,13,[8 2],15,113,126,98,97
1,<environment.Job instance at 0x7f8693cf75a0>,1,13,[6 5],2,3,16,1,3
1,<environment.Job instance at 0x7f86965a5aa0>,6,17,[5 8],7,36,53,29,36
1,<environment.Job instance at 0x7f86965a4be0>,14,13,[10  4],15,63,76,48,63
1,<environment.Job instance at 0x7f86965df820>,17,16,[6 1],18,76,92,58,64
1,<environment.Job instance at 0x7f865034eaf0>,6,15,[ 5 10],7,7,22,0,7
1,<environment.Job instance at 0x7f86968ec640>,1,15,[3 9],2,28,43,26,28
1,<environment.Job instance at 0x7f8693d8b410>,10,15,[10  1],11,43,58,32,29
1,<environment.Job instance at 0x7f8650575a00>,14,15,[9 3],15,58,73,43,49
1,<environment.Job instance at 0x7f86505b92d0>,13,21,[1 7],14,58,79,44,50
1,<environment.Job instance at 0x7f8650575e10>,18,15,[ 1 10],19,95,110,76,95
1,<environment.Job instance at 0x7f864feefe10>,5,12,[7 2],6,6,18,0,6
1,<environment.Job instance at 0x7f864feef410>,6,18,[1 7],7,7,25,0,7
1,<environment.Job instance at 0x7f864feefd20>,13,15,[1 8],14,29,44,15,29
1,<environment.Job instance at 0x7f864feef640>,14,20,[4 9],15,44,64,29,35
1,<environment.Job instance at 0x7f864feefbe0>,11,14,[6 3],12,64,78,52,53
1,<environment.Job instance at 0x7f864ff14aa0>,19,13,[5 8],20,85,98,65,85
1,<environment.Job instance at 0x7f864ff14960>,22,15,[ 3 10],23,98,113,75,89
1,<environment.Job instance at 0x7f864ff14d70>,24,14,[7 5],25,113,127,88,98
1,<environment.Job instance at 0x7f864ff14230>,2,18,[3 9],3,17,35,14,17
1,<environment.Job instance at 0x7f864ff14780>,1,16,[ 2 10],2,35,51,33,29
1,<environment.Job instance at 0x7f86967b47d0>,7,15,[9 2],8,8,23,0,8
1,<environment.Job instance at 0x7f86968a32d0>,9,18,[1 6],10,13,31,3,13
1,<environment.Job instance at 0x7f86504d04b0>,11,12,[10  1],12,31,43,19,14
1,<environment.Job instance at 0x7f8650396c30>,1,14,[5 5],2,2,16,0,2
1,<environment.Job instance at 0x7f869429e460>,5,14,[ 4 10],6,16,30,10,15
1,<environment.Job instance at 0x7f86942f4d20>,2,17,[9 4],3,5,22,2,5
1,<environment.Job instance at 0x7f8696a51140>,12,12,[4 7],13,43,55,30,43
1,<environment.Job instance at 0x7f8693d866e0>,16,17,[8 4],17,70,87,53,70
1,<environment.Job instance at 0x7f8693d862d0>,17,14,[ 4 10],18,87,101,69,72
1,<environment.Job instance at 0x7f43aa0ff2d0>,1,15,[4 5],2,3,18,1,3
1,<environment.Job instance at 0x7f43aa0ff0f0>,0,17,[6 2],1,5,22,4,5
1,<environment.Job instance at 0x7f43a2cef690>,11,1,[8 4],12,24,25,12,24
1,<environment.Job instance at 0x7f43a2cef7d0>,13,15,[4 5],14,25,40,11,24
1,<environment.Job instance at 0x7f43a2cef910>,15,20,[3 5],16,49,69,33,49
1,<environment.Job instance at 0x7f43aa188dc0>,3,13,[3 8],4,69,82,65,58
1,<environment.Job instance at 0x7f43a2ceff50>,23,18,[7 4],24,109,127,85,109
1,<environment.Job instance at 0x7f43a2cefaf0>,18,18,[3 6],19,110,128,91,110
1,<environment.Job instance at 0x7f43a2cfbe10>,1,21,[2 7],2,2,23,0,2
1,<environment.Job instance at 0x7f43a2cf24b0>,2,16,[1 8],3,23,39,20,10
1,<environment.Job instance at 0x7f43aa266640>,7,12,[1 9],8,39,51,31,23
1,<environment.Job instance at 0x7f43aa2790a0>,11,15,[8 1],12,26,41,14,26
1,<environment.Job instance at 0x7f43aa279550>,18,13,[3 6],19,69,82,50,69
1,<environment.Job instance at 0x7f43aa279140>,16,16,[5 3],17,69,85,52,69
1,<environment.Job instance at 0x7f43aa2793c0>,21,18,[10  5],22,85,103,63,78
1,<environment.Job instance at 0x7f435efe8e60>,6,18,[3 9],7,70,88,63,70
1,<environment.Job instance at 0x7f435efe8730>,3,16,[9 4],4,88,104,84,76
1,<environment.Job instance at 0x7f435efbb1e0>,14,18,[10  4],15,104,122,89,103
1,<environment.Job instance at 0x7f435efe23c0>,19,15,[5 7],20,122,137,102,108
1,<environment.Job instance at 0x7f435f451730>,13,17,[7 1],14,47,64,33,47
1,<environment.Job instance at 0x7f435f451280>,14,18,[3 8],15,49,67,34,49
1,<environment.Job instance at 0x7f43a53df8c0>,1,12,[5 6],2,4,16,2,4
1,<environment.Job instance at 0x7f435f3eb320>,6,1,[8 1],7,48,49,41,48
1,<environment.Job instance at 0x7f435f3eb500>,9,1,[1 5],10,48,49,38,48
1,<environment.Job instance at 0x7f435f3eb960>,16,2,[4 9],17,94,96,77,94
1,<environment.Job instance at 0x7f435f3eb730>,1,17,[2 7],2,4,21,2,4
1,<environment.Job instance at 0x7f43a31933c0>,8,15,[5 5],9,25,40,16,25
1,<environment.Job instance at 0x7f43a31930f0>,5,12,[4 8],6,40,52,34,25
1,<environment.Job instance at 0x7f435f3eb820>,2,14,[4 9],3,87,101,84,87
1,<environment.Job instance at 0x7f435ef960a0>,15,16,[5 5],16,101,117,85,88
1,<environment.Job instance at 0x7f435ef96cd0>,18,13,[8 5],19,117,130,98,102
1,<environment.Job instance at 0x7f435f16ffa0>,1,2,[10  4],2,2,4,0,2
1,<environment.Job instance at 0x7f43a3093a00>,0,15,[6 2],1,4,19,3,4
1,<environment.Job instance at 0x7f43a2e6d5a0>,7,15,[1 7],8,10,25,2,10
1,<environment.Job instance at 0x7f43a54292d0>,10,12,[6 4],11,25,37,14,11
1,<environment.Job instance at 0x7f43a310a460>,14,15,[5 3],15,53,68,38,53
1,<environment.Job instance at 0x7f43a3193a00>,18,15,[5 5],19,78,93,59,78
1,<environment.Job instance at 0x7f43a2c70eb0>,21,13,[4 7],22,93,106,71,78
1,<environment.Job instance at 0x7f43a58df4b0>,1,18,[8 3],2,2,20,0,2
1,<environment.Job instance at 0x7f435f1a78c0>,4,15,[6 2],5,20,35,15,8
1,<environment.Job instance at 0x7f435f0d8870>,8,17,[3 5],9,20,37,11,10
1,<environment.Job instance at 0x7f43a30afdc0>,1,15,[3 5],2,3,18,1,3
1,<environment.Job instance at 0x7f435f1cf190>,3,16,[5 5],4,4,20,0,4
1,<environment.Job instance at 0x7f435f60dbe0>,11,18,[7 3],12,22,40,10,22
1,<environment.Job instance at 0x7f43a2de47d0>,6,12,[7 4],7,50,62,43,50
1,<environment.Job instance at 0x7f435f1cfaf0>,2,16,[3 9],3,62,78,59,50
1,<environment.Job instance at 0x7f43a2cd8410>,20,14,[4 9],21,78,92,57,75
1,<environment.Job instance at 0x7f43a53ca2d0>,10,3,[10  4],11,38,41,27,38
1,<environment.Job instance at 0x7f43a53ca370>,11,13,[8 4],12,41,54,29,39
1,<environment.Job instance at 0x7f43a53ca0a0>,2,23,[5 9],3,30,53,27,30
1,<environment.Job instance at 0x7f43a2fc0d20>,8,2,[5 3],9,56,58,47,56
1,<environment.Job instance at 0x7f43a2b56780>,10,16,[6 1],11,58,74,47,58
1,<environment.Job instance at 0x7f435f363280>,11,15,[1 5],12,58,73,46,58
1,<environment.Job instance at 0x7f435f363e60>,13,18,[9 4],14,74,92,60,63
1,<environment.Job instance at 0x7f43a2fc00a0>,9,18,[4 5],10,92,110,82,81
1,<environment.Job instance at 0x7f43a2da95a0>,17,16,[4 6],18,110,126,92,97
1,<environment.Job instance at 0x7f43a2da9050>,18,15,[5 1],19,99,114,80,99
1,<environment.Job instance at 0x7f43a2da9280>,4,13,[10  4],5,7,20,2,7
1,<environment.Job instance at 0x7f43a2ac94b0>,7,16,[6 1],8,20,36,12,8
1,<environment.Job instance at 0x7f43a53ae730>,1,14,[4 7],2,20,34,18,12
1,<environment.Job instance at 0x7f43a2ac9140>,17,13,[1 9],18,67,80,49,67
1,<environment.Job instance at 0x7f435f1a72d0>,21,16,[4 9],22,92,108,70,92
1,<environment.Job instance at 0x7f435f1a7550>,23,14,[5 4],24,118,132,94,118
1,<environment.Job instance at 0x7f43a5652c80>,7,14,[7 2],8,8,22,0,8
1,<environment.Job instance at 0x7f43a5736a50>,1,17,[1 7],2,2,19,0,2
1,<environment.Job instance at 0x7f43a2f4ba00>,0,12,[5 1],1,4,16,3,4
1,<environment.Job instance at 0x7f435ecce320>,9,15,[7 1],10,21,36,11,21
1,<environment.Job instance at 0x7f435ecce050>,7,17,[3 5],8,24,41,16,24
1,<environment.Job instance at 0x7f435ecce6e0>,11,12,[8 4],12,41,53,29,24
1,<environment.Job instance at 0x7f435ecceaf0>,15,17,[ 2 10],16,68,85,52,68
1,<environment.Job instance at 0x7f435f291c30>,25,18,[9 3],26,85,103,59,74
1,<environment.Job instance at 0x7f435f5ed230>,1,14,[8 1],2,2,16,0,2
1,<environment.Job instance at 0x7f435f5c6cd0>,7,15,[4 7],8,16,31,8,9
1,<environment.Job instance at 0x7f435f5c6b90>,6,14,[3 7],7,31,45,24,16
1,<environment.Job instance at 0x7f435f5ba690>,12,16,[1 5],13,45,61,32,32
1,<environment.Job instance at 0x7f435f5ba410>,2,12,[9 4],3,19,31,16,19
1,<environment.Job instance at 0x7f43a2ab01e0>,8,20,[6 3],9,31,51,22,22
1,<environment.Job instance at 0x7f43a319bd20>,13,12,[8 4],14,51,63,37,44
1,<environment.Job instance at 0x7f43a319b370>,16,14,[ 4 10],17,63,77,46,54
1,<environment.Job instance at 0x7f43a524a140>,5,15,[ 1 10],6,77,92,71,67
1,<environment.Job instance at 0x7f43a524a960>,1,14,[8 2],2,4,18,2,4
1,<environment.Job instance at 0x7f43a524a140>,2,13,[2 6],3,5,18,2,5
1,<environment.Job instance at 0x7f435ef707d0>,5,12,[5 4],6,18,30,12,7
1,<environment.Job instance at 0x7f43a5247550>,9,16,[3 8],10,30,46,20,21
1,<environment.Job instance at 0x7f43a5247af0>,15,12,[3 9],16,49,61,33,49
1,<environment.Job instance at 0x7f43a5247d70>,19,17,[8 2],20,61,78,41,49
1,<environment.Job instance at 0x7f43a5247410>,20,13,[1 8],21,61,74,40,49
1,<environment.Job instance at 0x7f435ee1faa0>,24,3,[8 2],25,78,81,53,63
1,<environment.Job instance at 0x7f435ee1f640>,26,17,[4 9],27,94,111,67,94
1,<environment.Job instance at 0x7f435ee1fbe0>,28,14,[5 5],29,111,125,82,96
1,<environment.Job instance at 0x7f435ee1fcd0>,30,12,[3 5],31,113,125,82,113
1,<environment.Job instance at 0x7f435ed400a0>,32,16,[1 7],33,125,141,92,113
1,<environment.Job instance at 0x7f435ed40f50>,33,1,[ 4 10],34,141,142,107,113
1,<environment.Job instance at 0x7f435f2a85a0>,1,16,[5 4],2,6,22,4,6
1,<environment.Job instance at 0x7f435f6270a0>,7,13,[6 1],8,22,35,14,8
1,<environment.Job instance at 0x7f435f2a8fa0>,2,16,[5 9],3,35,51,32,26
1,<environment.Job instance at 0x7f43a2f05500>,13,12,[2 9],14,51,63,37,43
1,<environment.Job instance at 0x7f43a2f05c30>,16,15,[2 9],17,63,78,46,55
1,<environment.Job instance at 0x7f43a2f9d140>,19,14,[10  5],20,78,92,58,73
1,<environment.Job instance at 0x7f4c304df460>,6,19,[1 7],7,7,26,0,7
1,<environment.Job instance at 0x7f4c304df730>,10,14,[1 6],11,26,40,15,24
1,<environment.Job instance at 0x7f4c304df3c0>,9,17,[8 1],10,27,44,17,27
1,<environment.Job instance at 0x7f4c378ef2d0>,1,15,[4 5],2,44,59,42,32
1,<environment.Job instance at 0x7f4c304df910>,15,20,[3 5],16,45,65,29,45
1,<environment.Job instance at 0x7f4c304df640>,13,15,[4 5],14,59,74,45,45
1,<environment.Job instance at 0x7f4c304df9b0>,16,19,[ 3 10],17,110,129,93,110
1,<environment.Job instance at 0x7f4c37a56500>,1,15,[8 1],2,3,18,1,3
1,<environment.Job instance at 0x7f4c304e1370>,3,14,[1 7],4,4,18,0,4
1,<environment.Job instance at 0x7f4c37a5ffa0>,8,13,[3 6],9,36,49,27,36
1,<environment.Job instance at 0x7f4c37a5f690>,13,18,[1 7],14,49,67,35,43
1,<environment.Job instance at 0x7f4c37a63a50>,17,2,[7 2],18,43,45,25,43
1,<environment.Job instance at 0x7f4c37a630f0>,20,15,[6 2],21,62,77,41,62
1,<environment.Job instance at 0x7f4c37a56e10>,0,16,[9 4],1,86,102,85,86
1,<environment.Job instance at 0x7f4c37a690a0>,24,13,[2 6],25,102,115,77,86
1,<environment.Job instance at 0x7f4c37a69410>,26,16,[6 2],27,102,118,75,97
1,<environment.Job instance at 0x7f4bec8090f0>,1,2,[5 1],2,2,4,0,2
1,<environment.Job instance at 0x7f4bec8095a0>,0,12,[6 2],1,4,16,3,4
1,<environment.Job instance at 0x7f4bec809e60>,4,12,[1 8],5,6,18,1,6
1,<environment.Job instance at 0x7f4bec809a00>,14,16,[8 5],15,27,43,12,27
1,<environment.Job instance at 0x7f4bec809eb0>,9,18,[10  2],10,46,64,36,46
1,<environment.Job instance at 0x7f4bec7e1fa0>,20,3,[5 4],21,73,76,52,73
1,<environment.Job instance at 0x7f4bec7e13c0>,24,2,[10  1],25,116,118,91,116
1,<environment.Job instance at 0x7f4bec7e1370>,25,16,[6 2],26,118,134,92,116
1,<environment.Job instance at 0x7f4bec997dc0>,1,12,[8 2],2,3,15,1,3
1,<environment.Job instance at 0x7f4c37a560f0>,9,18,[1 6],10,25,43,15,25
1,<environment.Job instance at 0x7f4becbc5dc0>,16,14,[9 5],17,85,99,68,85
1,<environment.Job instance at 0x7f4becbc5b40>,20,13,[1 6],21,99,112,78,99
1,<environment.Job instance at 0x7f4becbc5eb0>,21,15,[5 1],22,99,114,77,99
1,<environment.Job instance at 0x7f4becc6c0f0>,3,16,[8 4],4,4,20,0,4
1,<environment.Job instance at 0x7f4becbcb9b0>,10,12,[8 1],11,20,32,9,19
1,<environment.Job instance at 0x7f4becbcbaf0>,11,18,[9 4],12,32,50,20,21
1,<environment.Job instance at 0x7f4becbcbf50>,16,13,[10  5],17,66,79,49,66
1,<environment.Job instance at 0x7f4c32f4bb40>,2,20,[4 5],3,3,23,0,3
1,<environment.Job instance at 0x7f4c32f1be10>,16,13,[7 5],17,63,76,46,63
1,<environment.Job instance at 0x7f4c32f1b6e0>,17,13,[1 8],18,76,89,58,63
1,<environment.Job instance at 0x7f4c32f1b690>,19,14,[1 7],20,89,103,69,76
1,<environment.Job instance at 0x7f4c32f1b730>,14,16,[10  5],15,103,119,88,95
1,<environment.Job instance at 0x7f4becbf8be0>,27,16,[9 4],28,119,135,91,106
1,<environment.Job instance at 0x7f4becbf8460>,29,15,[10  4],30,135,150,105,124
1,<environment.Job instance at 0x7f4becd8edc0>,0,12,[5 1],1,2,14,1,2
1,<environment.Job instance at 0x7f4c304e85f0>,2,3,[2 6],3,3,6,0,3
1,<environment.Job instance at 0x7f4beca37780>,3,19,[2 8],4,6,25,2,4
1,<environment.Job instance at 0x7f4becdcd190>,7,12,[ 5 10],8,25,37,17,22
1,<environment.Job instance at 0x7f4becd84f00>,13,14,[7 5],14,37,51,23,23
1,<environment.Job instance at 0x7f4c309500f0>,17,12,[6 4],18,51,63,33,47
1,<environment.Job instance at 0x7f4c307689b0>,19,14,[ 3 10],20,63,77,43,50
1,<environment.Job instance at 0x7f4becdcd910>,15,17,[8 1],16,77,94,61,65
1,<environment.Job instance at 0x7f4c30486910>,25,14,[ 2 10],26,94,108,68,92
1,<environment.Job instance at 0x7f4c37a5a550>,29,16,[5 5],30,108,124,78,96
1,<environment.Job instance at 0x7f4c37a5a050>,27,16,[ 3 10],28,124,140,96,114
1,<environment.Job instance at 0x7f4c3045bd70>,32,13,[ 3 10],33,140,153,107,124
1,<environment.Job instance at 0x7f4c3781e550>,1,14,[10  2],2,3,17,1,3
1,<environment.Job instance at 0x7f4c32c0bd70>,5,13,[7 4],6,20,33,14,20
1,<environment.Job instance at 0x7f4c32be7320>,10,18,[2 7],11,51,69,40,51
1,<environment.Job instance at 0x7f4c32be7410>,14,16,[4 8],15,69,85,54,58
1,<environment.Job instance at 0x7f4c32be74b0>,18,12,[6 1],19,66,78,47,66
1,<environment.Job instance at 0x7f4c32be7a00>,22,1,[7 4],23,106,107,83,106
1,<environment.Job instance at 0x7f4c32be7a50>,21,16,[10  5],22,107,123,85,107
1,<environment.Job instance at 0x7f4c32be7c80>,25,18,[2 7],26,123,141,97,112
1,<environment.Job instance at 0x7f4c32be7d20>,26,15,[4 7],27,141,156,114,129
1,<environment.Job instance at 0x7f4c32be7d20>,6,17,[3 6],7,9,26,2,9
1,<environment.Job instance at 0x7f4c303920a0>,1,18,[7 4],2,3,21,1,3
1,<environment.Job instance at 0x7f4becb47500>,5,2,[5 7],6,70,72,64,70
1,<environment.Job instance at 0x7f4c30768cd0>,9,12,[10  4],10,84,96,74,84
1,<environment.Job instance at 0x7f4c30792aa0>,15,16,[9 3],16,96,112,80,92
1,<environment.Job instance at 0x7f4c30792fa0>,17,16,[3 8],18,112,128,94,105
1,<environment.Job instance at 0x7f4becb263c0>,20,12,[4 7],21,128,140,107,116
1,<environment.Job instance at 0x7f4c307e1640>,0,1,[3 9],1,2,3,1,2
1,<environment.Job instance at 0x7f4c32c46cd0>,2,18,[2 5],3,4,22,1,4
1,<environment.Job instance at 0x7f4c32fe3b40>,14,17,[6 2],15,51,68,36,51
1,<environment.Job instance at 0x7f4c304cd320>,6,17,[5 8],7,50,67,43,50
1,<environment.Job instance at 0x7f4c32c14320>,14,13,[10  4],15,68,81,53,68
1,<environment.Job instance at 0x7f4c32c14cd0>,17,16,[6 1],18,87,103,69,87
1,<environment.Job instance at 0x7f4c32c143c0>,18,14,[ 4 10],19,103,117,84,92
1,<environment.Job instance at 0x7f4bec9c9b90>,5,16,[2 9],6,8,24,2,8
1,<environment.Job instance at 0x7f4bec9c99b0>,7,14,[7 2],8,24,38,16,9
1,<environment.Job instance at 0x7f4c30547140>,8,17,[7 4],9,14,31,5,14
1,<environment.Job instance at 0x7f4c304685f0>,5,15,[9 1],6,77,92,71,77
1,<environment.Job instance at 0x7f4c3046ed70>,19,16,[ 5 10],20,92,108,72,87
1,<environment.Job instance at 0x7f4c379126e0>,1,16,[1 6],2,3,19,1,3
1,<environment.Job instance at 0x7f4beca23f00>,5,18,[9 3],6,6,24,0,6
1,<environment.Job instance at 0x7f4becde3a00>,6,16,[3 8],7,24,40,17,15
1,<environment.Job instance at 0x7f4c304edc30>,12,1,[3 9],13,40,41,27,15
1,<environment.Job instance at 0x7f4beccbca50>,7,14,[6 2],8,24,38,16,16
1,<environment.Job instance at 0x7f4c32b03410>,15,14,[5 6],16,41,55,25,26
1,<environment.Job instance at 0x7f4bec4c55f0>,2,17,[3 5],3,5,22,2,5
1,<environment.Job instance at 0x7f4bec4c5d70>,8,16,[6 1],9,21,37,12,21
1,<environment.Job instance at 0x7f4bec4c5b40>,11,14,[6 1],12,37,51,25,35
1,<environment.Job instance at 0x7f4bec4c5f50>,4,14,[7 5],5,51,65,46,37
1,<environment.Job instance at 0x7f4bec4c58c0>,16,16,[4 6],17,65,81,48,52
1,<environment.Job instance at 0x7f4bec4ccd70>,18,15,[2 8],19,81,96,62,67
1,<environment.Job instance at 0x7f4bec4cc910>,23,13,[9 4],24,96,109,72,82
1,<environment.Job instance at 0x7f4c32e7ec30>,4,13,[1 6],5,25,38,20,25
1,<environment.Job instance at 0x7f4c3044b190>,2,20,[9 1],3,25,45,22,25
1,<environment.Job instance at 0x7f4bec7c2780>,14,15,[6 1],15,69,84,54,69
1,<environment.Job instance at 0x7f4bec7c3730>,12,17,[9 4],13,93,110,80,93
1,<environment.Job instance at 0x7f4bec7c31e0>,11,16,[2 5],12,115,131,103,115
1,<environment.Job instance at 0x7f4bec7c24b0>,22,12,[4 7],23,131,143,108,116
1,<environment.Job instance at 0x7f4c302a7280>,8,14,[2 9],9,97,111,88,97
1,<environment.Job instance at 0x7f4bece780f0>,17,2,[7 1],18,118,120,100,118
1,<environment.Job instance at 0x7f4c3034e5a0>,19,13,[9 1],20,120,133,100,118
1,<environment.Job instance at 0x7f4bec5de960>,6,3,[5 1],7,7,10,0,7
1,<environment.Job instance at 0x7f4bec5de2d0>,7,14,[4 6],8,8,22,0,8
1,<environment.Job instance at 0x7f4bec5de910>,10,3,[7 2],11,22,25,11,12
1,<environment.Job instance at 0x7f4bec5de730>,9,20,[1 5],10,35,55,25,35
1,<environment.Job instance at 0x7f4bec5de820>,3,19,[3 9],4,75,94,71,75
1,<environment.Job instance at 0x7f4bece09f50>,17,12,[10  2],18,94,106,76,80
1,<environment.Job instance at 0x7f4bece09a50>,20,16,[6 1],21,106,122,85,95
1,<environment.Job instance at 0x7f4bece09e60>,22,13,[1 9],23,106,119,83,104
1,<environment.Job instance at 0x7f4c3033ba00>,0,15,[10  3],1,122,137,121,108
1,<environment.Job instance at 0x7f4becb18d20>,2,13,[8 3],3,3,16,0,3
1,<environment.Job instance at 0x7f4becb18e10>,1,12,[5 5],2,16,28,14,5
1,<environment.Job instance at 0x7f4becbf4370>,5,3,[10  4],6,28,31,22,6
1,<environment.Job instance at 0x7f4c32e8a410>,7,1,[4 7],8,67,68,59,67
1,<environment.Job instance at 0x7f4c32c63a00>,18,16,[6 5],19,108,124,89,108
1,<environment.Job instance at 0x7f4c32c63780>,21,15,[4 5],22,113,128,91,113
1,<environment.Job instance at 0x7f4c32c63230>,22,14,[10  5],23,128,142,105,113
1,<environment.Job instance at 0x7f42060122d0>,1,15,[4 5],2,2,17,0,2
1,<environment.Job instance at 0x7f42060120f0>,0,17,[6 2],1,5,22,4,5
1,<environment.Job instance at 0x7f41fec02640>,9,17,[8 1],10,43,60,33,43
1,<environment.Job instance at 0x7f41fec02a00>,15,20,[3 5],16,70,90,54,70
1,<environment.Job instance at 0x7f41fec02fa0>,25,16,[5 3],26,129,145,103,129
1,<environment.Job instance at 0x7f41fec10d20>,1,18,[10  5],2,2,20,0,2
1,<environment.Job instance at 0x7f41fec03190>,2,14,[5 1],3,20,34,17,6
1,<environment.Job instance at 0x7f420603a820>,9,15,[6 2],10,40,55,30,40
1,<environment.Job instance at 0x7f4206180b40>,16,16,[6 2],17,55,71,38,48
1,<environment.Job instance at 0x7f42061805a0>,19,14,[3 8],20,56,70,36,56
1,<environment.Job instance at 0x7f42061789b0>,22,16,[3 9],23,71,87,48,70
1,<environment.Job instance at 0x7f41baef5e10>,4,2,[10  1],5,9,11,4,9
1,<environment.Job instance at 0x7f41baef5500>,9,16,[7 2],10,42,58,32,42
1,<environment.Job instance at 0x7f41baf1de60>,12,12,[2 7],13,56,68,43,56
1,<environment.Job instance at 0x7f41baef5910>,10,13,[9 1],11,79,92,68,79
1,<environment.Job instance at 0x7f41baf1d910>,15,18,[5 3],16,97,115,81,97
1,<environment.Job instance at 0x7f41baf1d050>,21,15,[4 8],22,115,130,93,106
1,<environment.Job instance at 0x7f41bb2c2fa0>,0,16,[2 7],1,10,26,9,10
1,<environment.Job instance at 0x7f41fec3b4b0>,0,18,[3 6],1,26,44,25,26
1,<environment.Job instance at 0x7f41bb2fe140>,10,3,[5 1],11,26,29,15,26
1,<environment.Job instance at 0x7f41bb2fe280>,12,14,[9 5],13,44,58,31,29
1,<environment.Job instance at 0x7f41bb2fe0a0>,9,13,[ 3 10],10,58,71,48,47
1,<environment.Job instance at 0x7f41bb2fe9b0>,2,18,[6 5],3,4,22,1,4
1,<environment.Job instance at 0x7f41fea8ddc0>,8,15,[3 7],9,30,45,21,30
1,<environment.Job instance at 0x7f41fea8dd70>,11,16,[5 1],12,53,69,41,53
1,<environment.Job instance at 0x7f42038e1280>,13,14,[4 5],14,53,67,39,53
1,<environment.Job instance at 0x7f42038e1190>,14,18,[2 5],15,67,85,52,56
1,<environment.Job instance at 0x7f42038e15f0>,17,15,[ 1 10],18,85,100,67,71
1,<environment.Job instance at 0x7f41fef500f0>,1,18,[8 3],2,3,21,1,3
1,<environment.Job instance at 0x7f41bb3ee9b0>,5,17,[7 4],6,21,38,15,14
1,<environment.Job instance at 0x7f42032ce9b0>,1,15,[2 5],2,2,17,0,2
1,<environment.Job instance at 0x7f4203360d70>,3,18,[7 3],4,5,23,1,5
1,<environment.Job instance at 0x7f41fefa2fa0>,2,18,[9 5],3,30,48,27,30
1,<environment.Job instance at 0x7f41bafeebe0>,17,1,[2 5],18,79,80,61,79
1,<environment.Job instance at 0x7f41bafee190>,6,16,[1 9],7,81,97,74,81
1,<environment.Job instance at 0x7f41bafeedc0>,20,3,[5 6],21,97,100,76,96
1,<environment.Job instance at 0x7f41bafeed20>,19,18,[10  2],20,100,118,80,99
1,<environment.Job instance at 0x7f41bae54b40>,0,16,[2 8],1,23,39,22,23
1,<environment.Job instance at 0x7f41ff0dffa0>,12,2,[4 6],13,39,41,26,23
1,<environment.Job instance at 0x7f41feba7e10>,16,16,[4 6],17,51,67,34,51
1,<environment.Job instance at 0x7f41bb377be0>,5,16,[5 9],6,25,41,19,25
1,<environment.Job instance at 0x7f42038025a0>,1,16,[8 3],2,71,87,69,71
1,<environment.Job instance at 0x7f41bb001410>,13,18,[8 5],14,87,105,73,76
1,<environment.Job instance at 0x7f41bb2b2e60>,16,12,[3 8],17,105,117,88,90
1,<environment.Job instance at 0x7f42036c3230>,18,14,[8 5],19,117,131,98,102
1,<environment.Job instance at 0x7f41bb001500>,22,14,[1 8],23,131,145,108,128
1,<environment.Job instance at 0x7f41bb49faf0>,4,15,[3 8],5,5,20,0,5
1,<environment.Job instance at 0x7f41bb2b2460>,1,12,[7 3],2,20,32,18,7
1,<environment.Job instance at 0x7f41feaaac80>,3,17,[3 7],4,38,55,34,38
1,<environment.Job instance at 0x7f41fe9fe0a0>,17,12,[7 2],18,46,58,28,46
1,<environment.Job instance at 0x7f41fe9fe780>,18,20,[6 1],19,58,78,39,50
1,<environment.Job instance at 0x7f42037f2fa0>,1,15,[3 9],2,11,26,9,11
1,<environment.Job instance at 0x7f41bb213140>,6,15,[ 5 10],7,26,41,19,12
1,<environment.Job instance at 0x7f42037f21e0>,0,18,[9 1],1,41,59,40,30
1,<environment.Job instance at 0x7f41bb33c500>,14,15,[9 3],15,59,74,44,54
1,<environment.Job instance at 0x7f41ff04c550>,1,17,[1 7],2,2,19,0,2
1,<environment.Job instance at 0x7f41febc0460>,1,16,[1 6],2,2,18,0,2
1,<environment.Job instance at 0x7f420332c7d0>,7,14,[6 2],8,8,22,0,8
1,<environment.Job instance at 0x7f41bb482370>,10,14,[4 7],11,18,32,7,12
1,<environment.Job instance at 0x7f41fec9d500>,6,16,[3 8],7,32,48,25,22
1,<environment.Job instance at 0x7f420325ad70>,12,1,[3 9],13,48,49,35,23
1,<environment.Job instance at 0x7f42038dac30>,1,14,[6 1],2,2,16,0,2
1,<environment.Job instance at 0x7f42038dafa0>,3,1,[9 3],4,16,17,12,4
1,<environment.Job instance at 0x7f41ff01fc80>,12,16,[5 5],13,26,42,13,26
1,<environment.Job instance at 0x7f41ff01ff50>,13,13,[9 4],14,42,55,28,27
1,<environment.Job instance at 0x7f41feb92c30>,15,15,[9 2],16,55,70,39,41
1,<environment.Job instance at 0x7f41feb92690>,17,16,[1 6],18,45,61,27,45
1,<environment.Job instance at 0x7f41bad879b0>,21,14,[5 5],22,70,84,48,55
1,<environment.Job instance at 0x7f41baed8690>,26,15,[8 2],27,84,99,57,82
1,<environment.Job instance at 0x7f4203596c30>,6,17,[8 4],7,7,24,0,7
1,<environment.Job instance at 0x7f4203596460>,7,14,[ 4 10],8,24,38,16,10
1,<environment.Job instance at 0x7f420603c500>,14,3,[6 4],15,56,59,41,56
1,<environment.Job instance at 0x7f41ff0d4eb0>,2,12,[4 7],3,77,89,74,77
1,<environment.Job instance at 0x7f420603c780>,2,13,[7 2],3,4,17,1,4
1,<environment.Job instance at 0x7f420315c780>,5,12,[6 4],6,17,29,11,6
1,<environment.Job instance at 0x7f41bac84460>,8,17,[8 1],9,29,46,20,17
1,<environment.Job instance at 0x7f420617dbe0>,2,18,[6 5],3,3,21,0,3
1,<environment.Job instance at 0x7f41febc1230>,4,14,[10  5],5,21,35,16,8
1,<environment.Job instance at 0x7f420350ab40>,1,17,[10  2],2,35,52,33,23
1,<environment.Job instance at 0x7f42032aad70>,15,18,[7 2],16,61,79,45,61
1,<environment.Job instance at 0x7f42032edbe0>,0,12,[1 8],1,5,17,4,5
1,<environment.Job instance at 0x7f41bb53d140>,17,12,[7 5],18,61,73,43,61
1,<environment.Job instance at 0x7f41bb2b85f0>,18,17,[10  5],19,73,90,54,67
1,<environment.Job instance at 0x7f41babf8d70>,7,15,[6 1],8,12,27,4,12
1,<environment.Job instance at 0x7f41fea2c410>,9,12,[8 4],10,27,39,17,17
1,<environment.Job instance at 0x7f41ff056050>,10,12,[10  3],11,39,51,28,24
1,<environment.Job instance at 0x7f1fafe1b2d0>,1,15,[4 5],2,2,17,0,2
1,<environment.Job instance at 0x7f1fafe1b1e0>,0,17,[6 2],1,5,22,4,5
1,<environment.Job instance at 0x7f1fa8a0b410>,9,17,[8 1],10,24,41,14,24
1,<environment.Job instance at 0x7f1fa8a0b550>,6,19,[1 7],7,24,43,17,24
1,<environment.Job instance at 0x7f1fafe1b0f0>,3,13,[3 8],4,43,56,39,40
1,<environment.Job instance at 0x7f1fa8a0baf0>,18,18,[3 6],19,56,74,37,46
1,<environment.Job instance at 0x7f1fafe1b190>,2,18,[ 3 10],3,74,92,71,66
1,<environment.Job instance at 0x7f1fa8a0bd70>,22,3,[4 6],23,92,95,69,88
1,<environment.Job instance at 0x7f1fa8a0bf50>,23,18,[7 4],24,95,113,71,88
1,<environment.Job instance at 0x7f1fa8a0d460>,28,2,[5 8],29,113,115,84,113
1,<environment.Job instance at 0x7f1fa8a0d500>,29,24,[5 1],30,113,137,83,113
1,<environment.Job instance at 0x7f1fa8a0d5a0>,30,15,[8 2],31,137,152,106,123
1,<environment.Job instance at 0x7f1fa8a0d640>,31,13,[4 5],32,123,136,91,123
1,<environment.Job instance at 0x7f1fa8a25d20>,0,15,[6 2],1,4,19,3,4
1,<environment.Job instance at 0x7f1fa8a0d8c0>,3,18,[5 5],4,29,47,25,29
1,<environment.Job instance at 0x7f1f6e6d1230>,11,17,[3 8],12,50,67,38,50
1,<environment.Job instance at 0x7f1f64d004b0>,3,1,[10  2],4,4,5,0,4
1,<environment.Job instance at 0x7f1f64d00a50>,1,15,[4 8],2,8,23,6,8
1,<environment.Job instance at 0x7f1f64cf1f50>,17,16,[8 3],18,62,78,44,62
1,<environment.Job instance at 0x7f1f64cf1730>,18,15,[2 8],19,78,93,59,64
1,<environment.Job instance at 0x7f1f64cf1d70>,20,14,[7 1],21,78,92,57,68
1,<environment.Job instance at 0x7f1f64cde640>,23,14,[ 3 10],24,93,107,69,79
1,<environment.Job instance at 0x7f1f64dd00f0>,1,16,[1 8],2,2,18,0,2
1,<environment.Job instance at 0x7f1f6515f960>,4,12,[3 5],5,18,30,13,7
1,<environment.Job instance at 0x7f1f6515f3c0>,9,19,[6 4],10,42,61,32,42
1,<environment.Job instance at 0x7f1f6515fa00>,8,18,[10  3],9,61,79,52,54
1,<environment.Job instance at 0x7f1f651d0410>,13,14,[8 1],14,79,93,65,65
1,<environment.Job instance at 0x7f1f6515f0f0>,12,18,[2 8],13,79,97,66,74
1,<environment.Job instance at 0x7f1f651d0370>,17,17,[7 4],18,97,114,79,85
1,<environment.Job instance at 0x7f1f651d05f0>,19,15,[ 5 10],20,126,141,106,126
1,<environment.Job instance at 0x7f1f651d0230>,1,17,[2 7],2,4,21,2,4
1,<environment.Job instance at 0x7f1fa8e6e230>,8,15,[5 5],9,25,40,16,25
1,<environment.Job instance at 0x7f1fa8d020a0>,5,12,[4 8],6,98,110,92,98
1,<environment.Job instance at 0x7f1fa8e6e870>,17,17,[4 5],18,112,129,94,112
1,<environment.Job instance at 0x7f1fa8e6e9b0>,19,13,[3 9],20,129,142,109,114
1,<environment.Job instance at 0x7f1fab4b3730>,10,12,[2 7],11,68,80,57,68
1,<environment.Job instance at 0x7f1fab4b38c0>,11,14,[ 4 10],12,80,94,68,68
1,<environment.Job instance at 0x7f1fab441460>,9,12,[10  1],10,94,106,84,89
1,<environment.Job instance at 0x7f1fab4b35a0>,17,13,[7 4],18,106,119,88,92
1,<environment.Job instance at 0x7f1fab4b3550>,16,16,[3 8],17,119,135,102,113
1,<environment.Job instance at 0x7f1fab4b3b90>,24,16,[ 3 10],25,138,154,113,138
1,<environment.Job instance at 0x7f1fab4b3fa0>,27,13,[5 5],28,154,167,126,140
1,<environment.Job instance at 0x7f1fab4feeb0>,11,14,[10  2],12,99,113,87,99
1,<environment.Job instance at 0x7f1fab0655a0>,15,13,[7 4],16,113,126,97,99
1,<environment.Job instance at 0x7f1fab1f3280>,1,12,[6 3],2,4,16,2,4
1,<environment.Job instance at 0x7f1fab56df50>,11,18,[6 4],12,22,40,10,22
1,<environment.Job instance at 0x7f1fab580500>,2,2,[3 6],3,3,5,0,3
1,<environment.Job instance at 0x7f1fab580370>,4,15,[9 2],5,12,27,7,12
1,<environment.Job instance at 0x7f1f64ccddc0>,11,13,[8 4],12,46,59,34,46
1,<environment.Job instance at 0x7f1fab3d1410>,15,12,[2 9],16,106,118,90,106
1,<environment.Job instance at 0x7f1fa8ad6870>,3,13,[7 2],4,5,18,1,5
1,<environment.Job instance at 0x7f1fa8883550>,8,15,[7 3],9,18,33,9,9
1,<environment.Job instance at 0x7f1f64edb500>,0,12,[9 1],1,33,45,32,16
1,<environment.Job instance at 0x7f1fa8883410>,11,3,[5 7],12,45,48,33,19
1,<environment.Job instance at 0x7f1fa8883b40>,16,13,[9 3],17,54,67,37,54
1,<environment.Job instance at 0x7f1fa8883f50>,2,18,[6 3],3,5,23,2,5
1,<environment.Job instance at 0x7f1f650cbf50>,5,12,[7 2],6,23,35,17,6
1,<environment.Job instance at 0x7f1f650cbd20>,7,16,[3 5],8,29,45,21,29
1,<environment.Job instance at 0x7f1f650cbb40>,6,18,[1 7],7,45,63,38,37
1,<environment.Job instance at 0x7f1f64bc9a00>,20,16,[5 2],21,88,104,67,88
1,<environment.Job instance at 0x7f1f64bc9a50>,21,20,[5 4],22,88,108,66,88
1,<environment.Job instance at 0x7f1f64bc9d70>,24,14,[7 5],25,108,122,83,97
1,<environment.Job instance at 0x7f1f64bc93c0>,28,12,[5 1],29,144,156,115,144
1,<environment.Job instance at 0x7f1f650bf6e0>,0,12,[5 1],1,3,15,2,3
1,<environment.Job instance at 0x7f1fa8bf4640>,2,13,[5 5],3,4,17,1,4
1,<environment.Job instance at 0x7f1fa8bf4f50>,5,17,[8 2],6,17,34,11,6
1,<environment.Job instance at 0x7f1fab4a80a0>,11,12,[8 4],12,34,46,22,28
1,<environment.Job instance at 0x7f1fa89499b0>,20,17,[5 4],21,91,108,70,91
1,<environment.Job instance at 0x7f1fa89494b0>,21,16,[1 6],22,91,107,69,91
1,<environment.Job instance at 0x7f1fa8b90280>,25,18,[9 3],26,108,126,82,100
1,<environment.Job instance at 0x7f1fa8b90d70>,27,14,[6 2],28,126,140,98,111
1,<environment.Job instance at 0x7f1fa8984370>,30,14,[4 7],31,126,140,95,119
1,<environment.Job instance at 0x7f1fa89497d0>,17,16,[ 1 10],18,140,156,122,129
1,<environment.Job instance at 0x7f1fa89497d0>,2,17,[3 5],3,5,22,2,5
1,<environment.Job instance at 0x7f1f653b6aa0>,6,12,[3 9],7,23,35,16,23
1,<environment.Job instance at 0x7f1f653b6fa0>,11,14,[6 1],12,23,37,11,23
1,<environment.Job instance at 0x7f1f653b6e10>,12,16,[5 5],13,37,53,24,24
1,<environment.Job instance at 0x7f1f653a6280>,3,17,[5 8],4,61,78,57,61
1,<environment.Job instance at 0x7f1f653d0190>,22,16,[5 5],23,78,94,55,67
1,<environment.Job instance at 0x7f1f653cb5a0>,23,13,[9 4],24,94,107,70,78
1,<environment.Job instance at 0x7f1fab10e820>,6,17,[8 4],7,8,25,1,8
1,<environment.Job instance at 0x7f1f64d0db90>,14,3,[6 4],15,77,80,62,77
1,<environment.Job instance at 0x7f1fa8dc1550>,7,14,[ 4 10],8,80,94,72,77
1,<environment.Job instance at 0x7f1f64d47eb0>,20,19,[10  2],21,129,148,108,129
1,<environment.Job instance at 0x7f1f64ccddc0>,0,15,[3 7],1,7,22,6,7
1,<environment.Job instance at 0x7f1f64ba33c0>,11,16,[8 2],12,25,41,13,25
1,<environment.Job instance at 0x7f1fa8a26dc0>,15,18,[2 5],16,105,123,89,105
1,<environment.Job instance at 0x7f1fa8a265a0>,17,17,[7 3],18,106,123,88,106
1,<environment.Job instance at 0x7f1fa8d784b0>,3,1,[7 5],4,4,5,0,4
1,<environment.Job instance at 0x7f1fa8ec8960>,10,14,[8 2],11,72,86,61,72
1,<environment.Job instance at 0x7f1fa8ec8eb0>,13,13,[7 4],14,92,105,78,92
1,<environment.Job instance at 0x7f1fa8d78d20>,5,16,[10  2],6,105,121,99,96
1,<environment.Job instance at 0x7f1f64f36cd0>,1,2,[5 9],2,2,4,0,2
1,<environment.Job instance at 0x7f1fa8efaf00>,2,17,[5 5],3,4,21,1,4
1,<environment.Job instance at 0x7f1fab4fe9b0>,5,12,[9 3],6,21,33,15,13
1,<environment.Job instance at 0x7f1f64bffbe0>,11,17,[7 5],12,33,50,21,21
1,<environment.Job instance at 0x7f1f64eeb230>,18,12,[3 5],19,36,48,17,36
1,<environment.Job instance at 0x7f1f64997dc0>,6,18,[8 4],7,9,27,2,9
1,<environment.Job instance at 0x7f1f64997410>,9,16,[5 5],10,27,43,17,17
1,<environment.Job instance at 0x7f1f651ce870>,3,26,[6 1],4,4,30,0,4
1,<environment.Job instance at 0x7f1f6524f2d0>,1,18,[2 6],2,4,22,2,4
1,<environment.Job instance at 0x7f1fab6f3690>,7,16,[2 8],8,47,63,39,47
1,<environment.Job instance at 0x7f1fab074c80>,14,12,[ 3 10],15,63,75,48,48
1,<environment.Job instance at 0x7f1f64936780>,18,15,[4 8],19,75,90,56,67
1,<environment.Job instance at 0x7f30c96032d0>,1,15,[4 5],2,2,17,0,2
1,<environment.Job instance at 0x7f30c21f4410>,5,18,[7 5],6,17,35,11,6
1,<environment.Job instance at 0x7f30c21f4870>,13,15,[4 5],14,67,82,53,67
1,<environment.Job instance at 0x7f30c21f4cd0>,18,18,[3 6],19,82,100,63,71
1,<environment.Job instance at 0x7f30c9603190>,2,18,[ 3 10],3,100,118,97,90
1,<environment.Job instance at 0x7f30c21f8460>,28,2,[5 8],29,118,120,89,113
1,<environment.Job instance at 0x7f30c21f8500>,29,24,[5 1],30,118,142,88,113
1,<environment.Job instance at 0x7f30c21f8640>,31,13,[4 5],32,120,133,88,116
1,<environment.Job instance at 0x7f30c21f8780>,33,16,[9 3],34,142,158,108,129
1,<environment.Job instance at 0x7f30c21f4fa0>,23,18,[7 4],24,158,176,134,154
1,<environment.Job instance at 0x7f30c2211410>,1,17,[3 8],2,6,23,4,6
1,<environment.Job instance at 0x7f30c962bf50>,8,13,[1 9],9,23,36,14,17
1,<environment.Job instance at 0x7f307e452230>,0,14,[7 1],1,5,19,4,5
1,<environment.Job instance at 0x7f30c95da5a0>,7,14,[5 8],8,19,33,11,8
1,<environment.Job instance at 0x7f307e49d960>,14,16,[2 8],15,54,70,39,54
1,<environment.Job instance at 0x7f307e49de60>,16,13,[2 5],17,70,83,53,56
1,<environment.Job instance at 0x7f307e49df00>,19,28,[3 5],20,76,104,56,76
1,<environment.Job instance at 0x7f307e49d640>,21,12,[4 7],22,104,116,82,87
1,<environment.Job instance at 0x7f307e531280>,1,12,[5 6],2,4,16,2,4
1,<environment.Job instance at 0x7f307e4b5e10>,9,1,[1 5],10,48,49,38,48
1,<environment.Job instance at 0x7f307e4b5d70>,16,2,[4 9],17,55,57,38,55
1,<environment.Job instance at 0x7f30c1f85d20>,1,17,[3 7],2,13,30,11,13
1,<environment.Job instance at 0x7f307e8f8500>,10,14,[5 4],11,30,44,19,15
1,<environment.Job instance at 0x7f307e8f8b40>,14,17,[2 6],15,70,87,55,70
1,<environment.Job instance at 0x7f307e8f4370>,24,16,[10  5],25,87,103,62,74
1,<environment.Job instance at 0x7f307e8f4500>,26,13,[7 5],27,103,116,76,87
1,<environment.Job instance at 0x7f307e8f4780>,30,13,[ 2 10],31,116,129,85,111
1,<environment.Job instance at 0x7f307e8f4820>,3,16,[9 4],4,5,21,1,5
1,<environment.Job instance at 0x7f30c2519d20>,8,18,[5 5],9,24,42,15,24
1,<environment.Job instance at 0x7f30c90a4f50>,11,13,[3 9],12,42,55,30,29
1,<environment.Job instance at 0x7f30c2519280>,5,14,[ 2 10],6,55,69,49,42
1,<environment.Job instance at 0x7f30c2519820>,7,16,[ 3 10],8,69,85,61,60
1,<environment.Job instance at 0x7f30c90a4640>,18,12,[2 6],19,85,97,66,70
1,<environment.Job instance at 0x7f30c915de60>,21,13,[5 5],22,97,110,75,85
1,<environment.Job instance at 0x7f30c915df50>,24,16,[5 4],25,93,109,68,93
1,<environment.Job instance at 0x7f30c25b4cd0>,30,18,[5 5],31,109,127,78,108
1,<environment.Job instance at 0x7f30c25b4aa0>,31,2,[5 9],32,127,129,95,108
1,<environment.Job instance at 0x7f30c22d1f00>,12,16,[1 7],13,122,138,109,122
1,<environment.Job instance at 0x7f30c8c82c80>,6,15,[5 5],7,23,38,16,23
1,<environment.Job instance at 0x7f30c8c82f50>,11,2,[7 4],12,38,40,26,23
1,<environment.Job instance at 0x7f307e8b90f0>,2,14,[1 7],3,40,54,37,26
1,<environment.Job instance at 0x7f30c8cb7460>,15,15,[1 6],16,54,69,38,49
1,<environment.Job instance at 0x7f30c219da00>,0,19,[6 4],1,1,20,0,1
1,<environment.Job instance at 0x7f30c2449e60>,7,16,[5 4],8,20,36,12,8
1,<environment.Job instance at 0x7f30c8cb7500>,2,14,[1 8],3,36,50,33,25
1,<environment.Job instance at 0x7f30c219d050>,4,15,[10  1],5,53,68,48,53
1,<environment.Job instance at 0x7f30c21b5780>,18,12,[2 6],19,68,80,49,58
1,<environment.Job instance at 0x7f30c270b6e0>,15,14,[7 2],16,68,82,52,59
1,<environment.Job instance at 0x7f30c21b5d20>,22,18,[2 5],23,80,98,57,77
1,<environment.Job instance at 0x7f30c8b8b500>,10,17,[ 4 10],11,106,123,95,106
1,<environment.Job instance at 0x7f307eae3f50>,1,14,[4 7],2,4,18,2,4
1,<environment.Job instance at 0x7f30c8aa9870>,3,12,[10  3],4,18,30,14,7
1,<environment.Job instance at 0x7f307e6e74b0>,8,14,[ 4 10],9,30,44,21,19
1,<environment.Job instance at 0x7f30c9505c80>,20,20,[9 5],21,75,95,54,75
1,<environment.Job instance at 0x7f307eab06e0>,21,16,[4 9],22,95,111,73,83
1,<environment.Job instance at 0x7f30c1ff4d70>,25,2,[7 5],26,111,113,85,98
1,<environment.Job instance at 0x7f30c8b88b90>,26,17,[ 2 10],27,113,130,86,102
1,<environment.Job instance at 0x7f307e5a8b90>,8,3,[5 2],9,31,34,22,31
1,<environment.Job instance at 0x7f30c90247d0>,7,20,[ 5 10],8,34,54,26,34
1,<environment.Job instance at 0x7f30c89e0910>,11,19,[3 5],12,54,73,42,44
1,<environment.Job instance at 0x7f30c8f94910>,14,12,[7 3],15,54,66,39,51
1,<environment.Job instance at 0x7f30c25cfd70>,16,3,[9 5],17,73,76,56,73
1,<environment.Job instance at 0x7f307e38c730>,17,13,[3 9],18,76,89,58,73
1,<environment.Job instance at 0x7f307e38cc80>,19,17,[9 4],20,89,106,69,77
1,<environment.Job instance at 0x7f307e990370>,1,16,[ 2 10],2,7,23,5,7
1,<environment.Job instance at 0x7f307e9905f0>,9,14,[7 4],10,23,37,13,16
1,<environment.Job instance at 0x7f30c8e64be0>,1,14,[8 1],2,2,16,0,2
1,<environment.Job instance at 0x7f30c201ff00>,6,14,[3 7],7,16,30,9,7
1,<environment.Job instance at 0x7f30c201f690>,7,15,[4 7],8,30,45,22,16
1,<environment.Job instance at 0x7f30c8ee28c0>,12,16,[1 5],13,45,61,32,36
1,<environment.Job instance at 0x7f30c8eae280>,5,18,[7 1],6,89,107,83,89
1,<environment.Job instance at 0x7f307ea7d1e0>,4,13,[1 6],5,113,126,108,113
1,<environment.Job instance at 0x7f307e2922d0>,3,17,[2 8],4,136,153,132,136
1,<environment.Job instance at 0x7f307e2faa50>,22,12,[4 7],23,153,165,130,136
1,<environment.Job instance at 0x7f307e334a00>,2,13,[7 2],3,5,18,2,5
1,<environment.Job instance at 0x7f307e7b2dc0>,0,14,[9 2],1,18,32,17,6
1,<environment.Job instance at 0x7f30c8bf0e60>,9,14,[3 8],10,32,46,22,18
1,<environment.Job instance at 0x7f30c25a4780>,13,13,[7 4],14,92,105,78,92
1,<environment.Job instance at 0x7f30c25a4cd0>,15,16,[7 2],16,105,121,89,97
1,<environment.Job instance at 0x7f30c25a4d20>,17,13,[8 5],18,121,134,103,115
1,<environment.Job instance at 0x7f30c8df0960>,8,12,[3 5],9,18,30,9,18
1,<environment.Job instance at 0x7f307ea87500>,9,19,[5 5],10,18,37,8,18
1,<environment.Job instance at 0x7f307ea875f0>,10,17,[4 5],11,30,47,19,18
1,<environment.Job instance at 0x7f30c8ac84b0>,2,19,[7 5],3,3,22,0,3
1,<environment.Job instance at 0x7f30c24fb690>,7,17,[10  1],8,22,39,14,10
1,<environment.Job instance at 0x7f30c24fb910>,10,13,[7 4],11,39,52,28,28
1,<environment.Job instance at 0x7f30c24fb730>,8,17,[8 1],9,52,69,43,41
1,<environment.Job instance at 0x7f307e8467d0>,0,15,[ 5 10],1,69,84,68,57
1,<environment.Job instance at 0x7f30c25120f0>,21,23,[1 8],22,84,107,62,81
1,<environment.Job instance at 0x7f30c209bd70>,5,15,[7 3],6,55,70,49,55
1,<environment.Job instance at 0x7f30c262aa00>,12,12,[5 5],13,85,97,72,85
1,<environment.Job instance at 0x7f30c262a550>,13,17,[5 4],14,86,103,72,86
1,<environment.Job instance at 0x7f307e6c3640>,6,15,[5 7],7,108,123,101,108
1,<environment.Job instance at 0x7f30c8a801e0>,2,2,[5 3],3,3,5,0,3
1,<environment.Job instance at 0x7f30c25d1b40>,3,13,[7 1],4,5,18,1,4
1,<environment.Job instance at 0x7f307eaa50f0>,4,15,[6 5],5,18,33,13,5
1,<environment.Job instance at 0x7f30c2382230>,10,26,[3 5],11,16,42,5,16
1,<environment.Job instance at 0x7f307eace780>,20,14,[ 4 10],21,52,66,31,52
1,<environment.Job instance at 0x7f30c20d61e0>,22,15,[4 6],23,66,81,43,57
1,<environment.Job instance at 0x7f30c8d41be0>,24,17,[3 6],25,81,98,56,74
1,<environment.Job instance at 0x7f30c8b0ee10>,27,12,[6 1],28,82,94,54,82
1,<environment.Job instance at 0x7f858cdbe320>,5,18,[7 5],6,6,24,0,6
1,<environment.Job instance at 0x7f858cdbe2d0>,9,17,[8 1],10,24,41,14,24
1,<environment.Job instance at 0x7f858cdbe7d0>,13,15,[4 5],14,41,56,27,31
1,<environment.Job instance at 0x7f858cdbeaf0>,18,18,[3 6],19,56,74,37,56
1,<environment.Job instance at 0x7f85941ce0a0>,2,18,[ 3 10],3,101,119,98,101
1,<environment.Job instance at 0x7f858cdbef50>,23,18,[7 4],24,150,168,126,150
1,<environment.Job instance at 0x7f858cdc05f0>,32,14,[8 3],33,168,182,135,158
1,<environment.Job instance at 0x7f858cdc05f0>,2,18,[4 6],3,4,22,1,4
1,<environment.Job instance at 0x7f85941f6af0>,12,14,[4 7],13,42,56,29,42
1,<environment.Job instance at 0x7f8594335d20>,11,13,[ 4 10],12,56,69,44,44
1,<environment.Job instance at 0x7f85941f6280>,16,17,[8 2],17,69,86,52,65
1,<environment.Job instance at 0x7f85941f6f50>,26,14,[8 4],27,155,169,128,155
1,<environment.Job instance at 0x7f859433c140>,28,17,[10  5],29,169,186,140,164
1,<environment.Job instance at 0x7f85490ed3c0>,1,12,[4 7],2,2,14,0,2
1,<environment.Job instance at 0x7f85491c4d70>,0,19,[1 8],1,14,33,13,5
1,<environment.Job instance at 0x7f8549077c80>,3,18,[5 7],4,39,57,35,39
1,<environment.Job instance at 0x7f8549077e10>,4,12,[3 8],5,84,96,79,84
1,<environment.Job instance at 0x7f854905ebe0>,16,15,[5 7],17,96,111,79,84
1,<environment.Job instance at 0x7f859405caf0>,19,12,[10  1],20,111,123,91,109
1,<environment.Job instance at 0x7f854905e820>,11,17,[10  4],12,123,140,111,114
1,<environment.Job instance at 0x7f854957a820>,24,17,[ 3 10],25,140,157,115,134
1,<environment.Job instance at 0x7f85491c1d70>,1,17,[3 9],2,8,25,6,8
1,<environment.Job instance at 0x7f85494b5b90>,0,13,[ 4 10],1,25,38,24,10
1,<environment.Job instance at 0x7f858f954460>,9,16,[6 5],10,17,33,7,17
1,<environment.Job instance at 0x7f858f954e10>,10,12,[2 8],11,33,45,22,19
1,<environment.Job instance at 0x7f858f9b3370>,7,18,[1 8],8,45,63,37,35
1,<environment.Job instance at 0x7f858f954820>,13,19,[1 5],14,63,82,49,53
1,<environment.Job instance at 0x7f858f954e60>,12,18,[7 4],13,63,81,50,55
1,<environment.Job instance at 0x7f858ce58910>,18,17,[1 9],19,112,129,93,112
1,<environment.Job instance at 0x7f858ce58c30>,17,12,[10  1],18,129,141,111,119
1,<environment.Job instance at 0x7f858fadf0a0>,1,17,[9 4],2,2,19,0,2
1,<environment.Job instance at 0x7f8549086f50>,8,14,[8 4],9,78,92,69,78
1,<environment.Job instance at 0x7f8549099370>,14,15,[9 2],15,100,115,85,100
1,<environment.Job instance at 0x7f8549099730>,20,3,[10  4],21,120,123,99,120
1,<environment.Job instance at 0x7f85490997d0>,21,13,[8 4],22,123,136,101,120
1,<environment.Job instance at 0x7f858f852280>,2,13,[9 5],3,3,16,0,3
1,<environment.Job instance at 0x7f858f8e95f0>,3,15,[ 4 10],4,16,31,12,5
1,<environment.Job instance at 0x7f858f852730>,6,18,[ 2 10],7,36,54,29,36
1,<environment.Job instance at 0x7f854957e5f0>,16,15,[ 5 10],17,54,69,37,43
1,<environment.Job instance at 0x7f8549602190>,11,15,[3 9],12,73,88,61,73
1,<environment.Job instance at 0x7f858fa88f50>,20,15,[10  1],21,88,103,67,77
1,<environment.Job instance at 0x7f858f494870>,22,12,[6 5],23,103,115,80,94
1,<environment.Job instance at 0x7f85490e5e60>,5,20,[8 1],6,23,43,17,23
1,<environment.Job instance at 0x7f85490c9460>,9,16,[ 5 10],10,43,59,33,31
1,<environment.Job instance at 0x7f85490c99b0>,18,12,[7 5],19,85,97,66,85
1,<environment.Job instance at 0x7f85941ce0f0>,0,1,[2 7],1,3,4,2,3
1,<environment.Job instance at 0x7f85490c9aa0>,2,13,[4 9],3,7,20,4,7
1,<environment.Job instance at 0x7f858d06bcd0>,9,18,[1 6],10,20,38,10,13
1,<environment.Job instance at 0x7f858d06bf00>,11,12,[10  1],12,38,50,26,21
1,<environment.Job instance at 0x7f858d06b9b0>,2,12,[9 4],3,3,15,0,3
1,<environment.Job instance at 0x7f858f414aa0>,3,18,[9 2],4,19,37,15,19
1,<environment.Job instance at 0x7f858f414280>,9,14,[1 8],10,23,37,13,23
1,<environment.Job instance at 0x7f858cea8fa0>,13,12,[8 4],14,37,49,23,33
1,<environment.Job instance at 0x7f858cea8230>,14,18,[8 3],15,49,67,34,40
1,<environment.Job instance at 0x7f858cea8640>,17,12,[1 8],18,67,79,49,50
1,<environment.Job instance at 0x7f858f873820>,11,3,[ 2 10],12,74,77,62,74
1,<environment.Job instance at 0x7f8549471320>,8,14,[2 9],9,84,98,75,84
1,<environment.Job instance at 0x7f854944b3c0>,17,2,[7 1],18,115,117,97,115
1,<environment.Job instance at 0x7f854944baa0>,19,13,[9 1],20,117,130,97,115
1,<environment.Job instance at 0x7f854944ba50>,21,17,[5 6],22,140,157,118,140
1,<environment.Job instance at 0x7f858ceef780>,2,18,[6 5],3,4,22,1,4
1,<environment.Job instance at 0x7f858f7da0f0>,9,2,[ 4 10],10,22,24,12,10
1,<environment.Job instance at 0x7f8549658960>,7,12,[1 6],8,24,36,16,11
1,<environment.Job instance at 0x7f85494777d0>,4,14,[10  5],5,36,50,31,23
1,<environment.Job instance at 0x7f8549537c30>,1,17,[10  2],2,50,67,48,39
1,<environment.Job instance at 0x7f8548eb1be0>,1,2,[5 9],2,2,4,0,2
1,<environment.Job instance at 0x7f858f7da230>,2,17,[5 5],3,4,21,1,3
1,<environment.Job instance at 0x7f8549114910>,8,13,[6 4],9,21,34,12,11
1,<environment.Job instance at 0x7f858f7da280>,5,12,[9 3],6,34,46,28,18
1,<environment.Job instance at 0x7f8549114a00>,15,14,[2 7],16,46,60,30,32
1,<environment.Job instance at 0x7f854912adc0>,2,19,[7 5],3,4,23,1,4
1,<environment.Job instance at 0x7f8549352780>,8,17,[8 1],9,23,40,14,11
1,<environment.Job instance at 0x7f858ce48aa0>,6,17,[10  1],7,40,57,33,29
1,<environment.Job instance at 0x7f858f4dc8c0>,17,17,[4 6],18,57,74,39,51
1,<environment.Job instance at 0x7f858f6bca50>,14,14,[ 4 10],15,92,106,77,92
1,<environment.Job instance at 0x7f8594252aa0>,16,12,[5 3],17,106,118,89,93
1,<environment.Job instance at 0x7f85494555f0>,17,13,[6 2],18,118,131,100,102
1,<environment.Job instance at 0x7f858f59d5f0>,21,16,[1 8],22,120,136,98,120
1,<environment.Job instance at 0x7f858d069cd0>,22,15,[9 3],23,136,151,113,125
1,<environment.Job instance at 0x7f8548d4dbe0>,12,17,[7 5],13,151,168,138,143
1,<environment.Job instance at 0x7f858cfc7820>,1,12,[3 7],2,2,14,0,2
1,<environment.Job instance at 0x7f858f59dcd0>,2,15,[4 6],3,14,29,11,3
1,<environment.Job instance at 0x7f8548ec0140>,11,16,[1 7],12,29,45,17,19
1,<environment.Job instance at 0x7f8548ec0cd0>,15,13,[ 5 10],16,46,59,30,46
1,<environment.Job instance at 0x7f858d000eb0>,1,1,[9 3],2,3,4,1,3
1,<environment.Job instance at 0x7f8549066870>,4,13,[2 8],5,7,20,2,7
1,<environment.Job instance at 0x7f858f7dbcd0>,7,17,[5 3],8,20,37,12,8
1,<environment.Job instance at 0x7f85493549b0>,13,15,[5 5],14,45,60,31,45
1,<environment.Job instance at 0x7f858d204f50>,17,14,[9 5],18,73,87,55,73
1,<environment.Job instance at 0x7f858ccae0f0>,12,15,[2 8],13,87,102,74,73
1,<environment.Job instance at 0x7f858d204a00>,18,14,[ 1 10],19,102,116,83,101
1,<environment.Job instance at 0x7f858cdfdaa0>,25,12,[5 4],26,116,128,90,106
1,<environment.Job instance at 0x7f858cdfd870>,26,13,[1 5],27,116,129,89,108
1,<environment.Job instance at 0x7f858cdfdeb0>,28,15,[7 3],29,128,143,99,121
1,<environment.Job instance at 0x7f6d60b062d0>,1,15,[4 5],2,2,17,0,2
1,<environment.Job instance at 0x7f6d60b06140>,0,17,[6 2],1,5,22,4,5
1,<environment.Job instance at 0x7f6d60b06190>,3,13,[3 8],4,29,42,25,29
1,<environment.Job instance at 0x7f6d5b6f7550>,6,19,[1 7],7,42,61,35,38
1,<environment.Job instance at 0x7f6d5b6f79b0>,16,19,[ 3 10],17,61,80,44,53
1,<environment.Job instance at 0x7f6d5b6f7fa0>,25,16,[5 3],26,125,141,99,125
1,<environment.Job instance at 0x7f6d5b6f95a0>,31,13,[4 5],32,178,191,146,178
1,<environment.Job instance at 0x7f6d5b6f9690>,32,14,[8 3],33,191,205,158,178
1,<environment.Job instance at 0x7f6d5b711eb0>,1,13,[ 4 10],2,4,17,2,4
1,<environment.Job instance at 0x7f6d5b711f00>,0,16,[7 4],1,17,33,16,5
1,<environment.Job instance at 0x7f6d60c72820>,7,22,[1 7],8,33,55,25,28
1,<environment.Job instance at 0x7f6d60b2de60>,12,15,[3 9],13,55,70,42,48
1,<environment.Job instance at 0x7f6d60b2ddc0>,17,3,[5 4],18,70,73,52,52
1,<environment.Job instance at 0x7f6d203fa960>,15,18,[8 2],16,73,91,57,62
1,<environment.Job instance at 0x7f6d15a2d500>,13,17,[7 1],14,51,68,37,51
1,<environment.Job instance at 0x7f6d15a2d4b0>,14,18,[3 8],15,52,70,37,52
1,<environment.Job instance at 0x7f6d15a2d910>,23,18,[4 8],24,121,139,97,121
1,<environment.Job instance at 0x7f6d15df24b0>,1,15,[4 9],2,6,21,4,6
1,<environment.Job instance at 0x7f6d15eee2d0>,4,13,[ 5 10],5,21,34,16,15
1,<environment.Job instance at 0x7f6d15b3d960>,14,14,[1 8],15,43,57,28,43
1,<environment.Job instance at 0x7f6d60add690>,1,2,[10  4],2,2,4,0,2
1,<environment.Job instance at 0x7f6d5ff132d0>,0,15,[6 2],1,5,20,4,5
1,<environment.Job instance at 0x7f6d15dfb960>,7,15,[1 7],8,10,25,2,10
1,<environment.Job instance at 0x7f6d15dfbdc0>,14,15,[5 3],15,53,68,38,53
1,<environment.Job instance at 0x7f6d15df6280>,17,17,[ 2 10],18,68,85,50,56
1,<environment.Job instance at 0x7f6d15df63c0>,19,12,[9 1],20,85,97,65,68
1,<environment.Job instance at 0x7f6d15e4e3c0>,6,15,[10  3],7,129,144,122,129
1,<environment.Job instance at 0x7f6d16060eb0>,15,13,[7 4],16,99,112,83,99
1,<environment.Job instance at 0x7f6d16060dc0>,16,14,[10  2],17,112,126,95,99
1,<environment.Job instance at 0x7f6d15daad20>,1,15,[3 5],2,3,18,1,3
1,<environment.Job instance at 0x7f6d604134b0>,3,16,[5 5],4,4,20,0,4
1,<environment.Job instance at 0x7f6d15ad60a0>,4,13,[4 6],5,20,33,15,6
1,<environment.Job instance at 0x7f6d15ad67d0>,2,16,[3 9],3,51,67,48,51
1,<environment.Job instance at 0x7f6d1602de60>,17,14,[10  2],18,74,88,56,74
1,<environment.Job instance at 0x7f6d1602d3c0>,20,14,[4 9],21,88,102,67,74
1,<environment.Job instance at 0x7f6d15a79960>,25,15,[3 9],26,162,177,136,162
1,<environment.Job instance at 0x7f6d6011aa50>,27,18,[8 5],28,177,195,149,166
1,<environment.Job instance at 0x7f6d15d0dbe0>,7,16,[1 8],8,9,25,1,9
1,<environment.Job instance at 0x7f6d15d0de10>,9,19,[8 3],10,25,44,15,15
1,<environment.Job instance at 0x7f6d15d0df50>,13,18,[8 5],14,61,79,47,61
1,<environment.Job instance at 0x7f6d604c6820>,1,16,[8 3],2,79,95,77,68
1,<environment.Job instance at 0x7f6d15d33370>,18,14,[8 5],19,95,109,76,81
1,<environment.Job instance at 0x7f6d15d33640>,24,15,[10  1],25,109,124,84,98
1,<environment.Job instance at 0x7f6d15d33780>,26,14,[10  2],27,124,138,97,112
1,<environment.Job instance at 0x7f6d15f7d690>,3,12,[10  3],4,5,17,1,5
1,<environment.Job instance at 0x7f6d5b62fe10>,7,16,[6 1],8,17,33,9,10
1,<environment.Job instance at 0x7f6d15d33a00>,8,14,[ 4 10],9,33,47,24,18
1,<environment.Job instance at 0x7f6d6023c5f0>,1,14,[4 7],2,86,100,84,86
1,<environment.Job instance at 0x7f6d15caf640>,23,14,[5 4],24,118,132,94,118
1,<environment.Job instance at 0x7f6d5b516af0>,24,15,[6 4],25,132,147,107,118
1,<environment.Job instance at 0x7f6d15a96aa0>,6,16,[8 4],7,7,23,0,7
1,<environment.Job instance at 0x7f6d5b947f50>,0,17,[8 5],1,24,41,23,24
1,<environment.Job instance at 0x7f6d5b9552d0>,10,13,[2 9],11,41,54,30,25
1,<environment.Job instance at 0x7f6d6003bf00>,13,3,[8 5],14,54,57,40,38
1,<environment.Job instance at 0x7f6d15beca00>,14,15,[4 6],15,57,72,42,45
1,<environment.Job instance at 0x7f6d15ff8b40>,19,18,[7 1],20,72,90,52,61
1,<environment.Job instance at 0x7f6d5b9beeb0>,23,16,[3 5],24,82,98,58,82
1,<environment.Job instance at 0x7f6d159551e0>,24,14,[6 2],25,90,104,65,82
1,<environment.Job instance at 0x7f6d15ff85a0>,27,18,[7 1],28,104,122,76,102
1,<environment.Job instance at 0x7f6d60331f00>,33,17,[8 3],34,129,146,95,129
1,<environment.Job instance at 0x7f6d15f106e0>,35,12,[7 2],36,146,158,110,134
1,<environment.Job instance at 0x7f6d15940960>,37,16,[3 5],38,146,162,108,143
1,<environment.Job instance at 0x7f6d6015fc80>,43,15,[1 8],44,173,188,129,173
1,<environment.Job instance at 0x7f6d5b6e0fa0>,0,12,[5 1],1,21,33,20,21
1,<environment.Job instance at 0x7f6d603832d0>,7,17,[3 5],8,23,40,15,23
1,<environment.Job instance at 0x7f6d5b6e0500>,5,17,[8 2],6,40,57,34,29
1,<environment.Job instance at 0x7f6d60383730>,14,1,[9 5],15,57,58,42,43
1,<environment.Job instance at 0x7f6d60383e10>,25,18,[9 3],26,108,126,82,108
1,<environment.Job instance at 0x7f6d5b9bedc0>,1,14,[5 5],2,2,16,0,2
1,<environment.Job instance at 0x7f6d604b2cd0>,13,2,[9 2],14,71,73,57,71
1,<environment.Job instance at 0x7f6d5bad5aa0>,19,15,[6 4],20,101,116,81,101
1,<environment.Job instance at 0x7f6d1597df00>,5,14,[ 4 10],6,150,164,144,150
1,<environment.Job instance at 0x7f6d1597d6e0>,1,14,[8 2],2,3,17,1,3
1,<environment.Job instance at 0x7f6d1597df00>,2,13,[2 6],3,3,16,0,3
1,<environment.Job instance at 0x7f6d60098730>,5,12,[5 4],6,25,37,19,25
1,<environment.Job instance at 0x7f6d60098dc0>,7,12,[2 5],8,25,37,17,25
1,<environment.Job instance at 0x7f6d60098320>,8,16,[4 5],9,37,53,28,25
1,<environment.Job instance at 0x7f6d5b6ac9b0>,19,17,[8 2],20,92,109,72,92
1,<environment.Job instance at 0x7f6d5b6ac870>,20,13,[1 8],21,93,106,72,93
1,<environment.Job instance at 0x7f6d60098140>,15,12,[3 9],16,111,123,95,111
1,<environment.Job instance at 0x7f6d60098230>,10,16,[4 5],11,123,139,112,111
1,<environment.Job instance at 0x7f6d5b6ac8c0>,26,17,[4 9],27,141,158,114,141
1,<environment.Job instance at 0x7f6d5b888fa0>,34,12,[10  5],35,158,170,123,145
1,<environment.Job instance at 0x7f6d5b8880f0>,32,16,[1 7],33,170,186,137,158
1,<environment.Job instance at 0x7f6d1578adc0>,1,12,[1 9],2,3,15,1,3
1,<environment.Job instance at 0x7f6d5b5efbe0>,6,3,[5 1],7,7,10,0,7
1,<environment.Job instance at 0x7f6d5b5efe10>,7,14,[4 6],8,96,110,88,96
1,<environment.Job instance at 0x7f6d15c305f0>,20,16,[6 1],21,97,113,76,97
1,<environment.Job instance at 0x7f6d15c30550>,21,3,[3 7],22,110,113,88,98
1,<environment.Job instance at 0x7f6d5b888730>,4,17,[9 5],5,113,130,108,101
1,<environment.Job instance at 0x7f6d15c30d70>,22,13,[1 9],23,130,143,107,117
1,<environment.Job instance at 0x7f6d15c1dd70>,19,18,[ 1 10],20,143,161,123,132
1,<environment.Job instance at 0x7f6d15966aa0>,29,18,[2 9],30,161,179,131,154
1,<environment.Job instance at 0x7f6d1594fd70>,31,13,[1 7],32,179,192,147,168
1,<environment.Job instance at 0x7f6d15aabeb0>,34,12,[5 8],35,192,204,157,178
1,<environment.Job instance at 0x7f6d15af5b40>,0,12,[1 8],1,4,16,3,4
1,<environment.Job instance at 0x7f6d60a43230>,15,13,[2 8],16,104,117,88,104
1,<environment.Job instance at 0x7f6d5b8afdc0>,0,16,[3 8],1,16,32,15,16
1,<environment.Job instance at 0x7f6d156c77d0>,9,16,[5 5],10,32,48,22,23
1,<environment.Job instance at 0x7f6d5ffe48c0>,5,15,[7 3],6,55,70,49,55
1,<environment.Job instance at 0x7f6d600061e0>,12,12,[5 5],13,83,95,70,83
1,<environment.Job instance at 0x7f6d600060a0>,13,17,[5 4],14,83,100,69,83
1,<environment.Job instance at 0x7f6d60006f00>,17,19,[6 4],18,107,126,89,107
1,<environment.Job instance at 0x7f6d6000d4b0>,24,14,[ 4 10],25,176,190,151,176
1,<environment.Job instance at 0x7f6d6000daf0>,26,12,[5 3],27,190,202,163,176
1,<environment.Job instance at 0x7f6d158825a0>,1,12,[3 7],2,3,15,1,3
1,<environment.Job instance at 0x7f6d600887d0>,0,14,[ 4 10],1,15,29,14,9
1,<environment.Job instance at 0x7f6d157ec550>,11,16,[1 7],12,29,45,17,19
1,<environment.Job instance at 0x7f6d5b598cd0>,15,13,[ 5 10],16,51,64,35,51
1,<environment.Job instance at 0x7f6d60088820>,3,15,[5 5],4,26,41,22,26
1,<environment.Job instance at 0x7f6d60088fa0>,2,15,[2 8],3,51,66,48,51
1,<environment.Job instance at 0x7f6d15882820>,15,12,[5 4],16,66,78,50,51
1,<environment.Job instance at 0x7f6d15882af0>,16,13,[1 5],17,66,79,49,52
1,<environment.Job instance at 0x7f6d15882dc0>,18,15,[7 3],19,78,93,59,65
1,<environment.Job instance at 0x7f6d15882d20>,21,15,[6 1],22,93,108,71,81
1,<environment.Job instance at 0x7f6d158827d0>,17,16,[3 8],18,93,109,75,81
1,<environment.Job instance at 0x7f6d609f3d70>,23,13,[3 5],24,109,122,85,94
1,<environment.Job instance at 0x7f6d15b2bd70>,0,3,[8 1],1,4,7,3,4
1,<environment.Job instance at 0x7f6d5ba3d870>,7,18,[7 4],8,8,26,0,8
1,<environment.Job instance at 0x7f6d15d7d640>,10,17,[3 6],11,14,31,3,14
1,<environment.Job instance at 0x7f6d15f819b0>,4,15,[4 6],5,31,46,26,27
1,<environment.Job instance at 0x7f6d15d92a50>,19,14,[ 1 10],20,78,92,58,78
1,<environment.Job instance at 0x7f6d5ffe4550>,26,17,[1 9],27,147,164,120,147
1,<environment.Job instance at 0x7f6d15914190>,29,16,[4 9],30,164,180,134,151
1,<environment.Job instance at 0x7f6d15914f50>,32,18,[1 9],33,180,198,147,172
1,<environment.Job instance at 0x7fd679eff0f0>,0,17,[6 2],1,5,22,4,5
1,<environment.Job instance at 0x7fd672aef2d0>,5,18,[7 5],6,86,104,80,86
1,<environment.Job instance at 0x7fd672aeff50>,23,18,[7 4],24,150,168,126,150
1,<environment.Job instance at 0x7fd67a06b550>,6,14,[8 4],7,9,23,2,9
1,<environment.Job instance at 0x7fd679f26dc0>,13,16,[10  3],14,33,49,19,33
1,<environment.Job instance at 0x7fd67af51b40>,2,15,[3 9],3,59,74,56,59
1,<environment.Job instance at 0x7fd62ed51a00>,9,21,[6 1],10,10,31,0,10
1,<environment.Job instance at 0x7fd62ed513c0>,10,13,[4 9],11,11,24,0,11
1,<environment.Job instance at 0x7fd62ed7a5f0>,17,12,[5 4],18,49,61,31,49
1,<environment.Job instance at 0x7fd62ed7a460>,21,17,[2 6],22,94,111,72,94
1,<environment.Job instance at 0x7fd62ed86690>,24,12,[ 1 10],25,121,133,96,121
1,<environment.Job instance at 0x7fd62ed86960>,26,14,[9 5],27,139,153,112,139
1,<environment.Job instance at 0x7fd62ed86dc0>,30,13,[1 6],31,156,169,125,156
1,<environment.Job instance at 0x7fd62ed86730>,32,16,[3 9],33,169,185,136,156
1,<environment.Job instance at 0x7fd62f24e7d0>,3,16,[5 1],4,6,22,2,6
1,<environment.Job instance at 0x7fd62f24ea00>,2,14,[9 5],3,22,36,19,9
1,<environment.Job instance at 0x7fd62eece190>,10,12,[8 2],11,36,48,25,27
1,<environment.Job instance at 0x7fd672d6bf00>,0,12,[2 7],1,4,16,3,4
1,<environment.Job instance at 0x7fd62eece550>,4,20,[5 1],5,5,25,0,5
1,<environment.Job instance at 0x7fd62f1de140>,10,16,[6 2],11,25,41,14,20
1,<environment.Job instance at 0x7fd62f1de2d0>,13,16,[7 2],14,44,60,30,44
1,<environment.Job instance at 0x7fd62f1de410>,15,16,[5 7],16,60,76,44,48
1,<environment.Job instance at 0x7fd62f1de7d0>,27,12,[ 5 10],28,116,128,88,116
1,<environment.Job instance at 0x7fd62f1ded70>,29,14,[5 1],30,128,142,98,121
1,<environment.Job instance at 0x7fd62f1def50>,30,15,[7 3],31,142,157,111,131
1,<environment.Job instance at 0x7fd62ecf6050>,33,14,[7 5],34,157,171,123,142
1,<environment.Job instance at 0x7fd62ecf62d0>,37,12,[6 4],38,171,183,133,159
1,<environment.Job instance at 0x7fd62ecf6410>,39,14,[ 3 10],40,183,197,143,172
1,<environment.Job instance at 0x7fd62ecf6690>,43,16,[9 4],44,197,213,153,185
1,<environment.Job instance at 0x7fd62f46d8c0>,1,19,[2 9],2,2,21,0,2
1,<environment.Job instance at 0x7fd62ecf6820>,2,12,[7 3],3,21,33,18,4
1,<environment.Job instance at 0x7fd62f46dc30>,4,18,[2 7],5,25,43,20,25
1,<environment.Job instance at 0x7fd62f442c30>,20,21,[9 1],21,74,95,53,74
1,<environment.Job instance at 0x7fd62f442cd0>,21,21,[8 2],22,95,116,73,87
1,<environment.Job instance at 0x7fd62f4420a0>,22,16,[1 7],23,87,103,64,87
1,<environment.Job instance at 0x7fd675685280>,1,16,[2 7],2,5,21,3,5
1,<environment.Job instance at 0x7fd672f8a910>,5,16,[1 8],6,21,37,15,8
1,<environment.Job instance at 0x7fd672d800a0>,11,12,[6 2],12,25,37,13,25
1,<environment.Job instance at 0x7fd675643910>,14,12,[2 7],15,37,49,22,25
1,<environment.Job instance at 0x7fd6756439b0>,13,17,[5 3],14,37,54,23,25
1,<environment.Job instance at 0x7fd675643b40>,20,12,[1 7],21,71,83,50,71
1,<environment.Job instance at 0x7fd675674460>,22,13,[10  1],23,83,96,60,72
1,<environment.Job instance at 0x7fd672b694b0>,21,15,[2 6],22,96,111,74,83
1,<environment.Job instance at 0x7fd672c52500>,1,15,[1 5],2,5,20,3,5
1,<environment.Job instance at 0x7fd672a0daf0>,0,16,[6 1],1,8,24,7,8
1,<environment.Job instance at 0x7fd62ed6a140>,8,15,[5 1],9,24,39,15,10
1,<environment.Job instance at 0x7fd62ed6a320>,7,16,[4 6],8,20,36,12,11
1,<environment.Job instance at 0x7fd62ed6a910>,13,15,[10  4],14,39,54,25,25
1,<environment.Job instance at 0x7fd62ed6a0f0>,6,17,[8 2],7,54,71,47,42
1,<environment.Job instance at 0x7fd62f2c9410>,5,17,[10  4],6,48,65,42,48
1,<environment.Job instance at 0x7fd62ed02870>,13,15,[ 4 10],14,65,80,51,52
1,<environment.Job instance at 0x7fd62f12b960>,20,18,[9 1],21,112,130,91,112
1,<environment.Job instance at 0x7fd62eeae780>,21,15,[3 9],22,130,145,108,120
1,<environment.Job instance at 0x7fd62f266730>,25,13,[8 3],26,145,158,119,145
1,<environment.Job instance at 0x7fd62eeae550>,23,12,[5 4],24,165,177,141,165
1,<environment.Job instance at 0x7fd672af1d70>,0,18,[5 3],1,3,21,2,3
1,<environment.Job instance at 0x7fd672af1550>,2,15,[5 7],3,5,20,2,5
1,<environment.Job instance at 0x7fd62efbf3c0>,13,14,[6 2],14,28,42,14,28
1,<environment.Job instance at 0x7fd6755ff0a0>,14,13,[6 5],15,42,55,27,30
1,<environment.Job instance at 0x7fd672f75140>,15,28,[1 5],16,30,58,14,30
1,<environment.Job instance at 0x7fd62f308a50>,2,12,[5 7],3,3,15,0,3
1,<environment.Job instance at 0x7fd672a6d500>,5,22,[1 5],6,23,45,17,23
1,<environment.Job instance at 0x7fd672a6d6e0>,8,19,[3 5],9,42,61,33,42
1,<environment.Job instance at 0x7fd672a7a280>,23,16,[6 3],24,155,171,131,155
1,<environment.Job instance at 0x7fd672a7a2d0>,26,14,[3 7],27,156,170,129,156
1,<environment.Job instance at 0x7fd672a7a410>,27,15,[4 7],28,170,185,142,157
1,<environment.Job instance at 0x7fd672a7a6e0>,1,16,[2 5],2,3,19,1,3
1,<environment.Job instance at 0x7fd62f19d910>,3,13,[1 7],4,19,32,15,7
1,<environment.Job instance at 0x7fd672c23190>,7,27,[5 1],8,8,35,0,8
1,<environment.Job instance at 0x7fd672c232d0>,12,12,[4 7],13,42,54,29,42
1,<environment.Job instance at 0x7fd672a7a550>,2,17,[9 4],3,54,71,51,43
1,<environment.Job instance at 0x7fd672c23370>,17,14,[ 4 10],18,71,85,53,61
1,<environment.Job instance at 0x7fd672f655a0>,20,18,[3 8],21,85,103,64,83
1,<environment.Job instance at 0x7fd675111fa0>,1,16,[5 4],2,6,22,4,6
1,<environment.Job instance at 0x7fd6728db320>,7,13,[6 1],8,22,35,14,8
1,<environment.Job instance at 0x7fd675111b40>,2,16,[5 9],3,35,51,32,22
1,<environment.Job instance at 0x7fd675131e10>,13,12,[2 9],14,51,63,37,41
1,<environment.Job instance at 0x7fd675131690>,14,18,[5 1],15,48,66,33,48
1,<environment.Job instance at 0x7fd675131050>,16,15,[2 9],17,63,78,46,53
1,<environment.Job instance at 0x7fd675131a50>,19,14,[10  5],20,78,92,58,75
1,<environment.Job instance at 0x7fd675131320>,2,13,[8 3],3,5,18,2,5
1,<environment.Job instance at 0x7fd62f35cbe0>,5,3,[10  4],6,18,21,12,6
1,<environment.Job instance at 0x7fd62f35cf00>,7,1,[4 7],8,22,23,14,22
1,<environment.Job instance at 0x7fd62f3641e0>,10,2,[5 7],11,23,25,12,22
1,<environment.Job instance at 0x7fd62f349280>,20,18,[7 3],21,112,130,91,112
1,<environment.Job instance at 0x7fd62f156af0>,22,14,[10  5],23,130,144,107,119
1,<environment.Job instance at 0x7fd62f156cd0>,25,15,[10  4],26,144,159,118,141
1,<environment.Job instance at 0x7fd62f34f0f0>,28,15,[10  3],29,159,174,130,146
1,<environment.Job instance at 0x7fd62f34faf0>,3,18,[5 2],4,8,26,4,8
1,<environment.Job instance at 0x7fd672c7ae10>,6,18,[6 4],7,26,44,19,16
1,<environment.Job instance at 0x7fd62eb93aa0>,11,14,[5 5],12,44,58,32,31
1,<environment.Job instance at 0x7fd62eb63f00>,3,26,[6 1],4,4,30,0,4
1,<environment.Job instance at 0x7fd62eb63aa0>,4,2,[8 3],5,30,32,25,5
1,<environment.Job instance at 0x7fd62eb63be0>,14,12,[ 3 10],15,47,59,32,47
1,<environment.Job instance at 0x7fd62eb639b0>,11,16,[5 5],12,59,75,47,47
1,<environment.Job instance at 0x7fd62eb63370>,18,15,[4 8],19,75,90,56,61
1,<environment.Job instance at 0x7fd62eb63690>,5,16,[3 9],6,90,106,84,80
1,<environment.Job instance at 0x7fd62f2c4960>,23,18,[5 8],24,106,124,82,96
1,<environment.Job instance at 0x7fd62f401c30>,1,2,[5 9],2,2,4,0,2
1,<environment.Job instance at 0x7fd62f2c4c80>,2,2,[5 3],3,4,6,1,3
1,<environment.Job instance at 0x7fd62f45d7d0>,3,13,[7 1],4,6,19,2,4
1,<environment.Job instance at 0x7fd62f45d5f0>,4,15,[6 5],5,19,34,14,5
1,<environment.Job instance at 0x7fd6728dbc80>,5,12,[2 6],6,6,18,0,6
1,<environment.Job instance at 0x7fd62f45d6e0>,8,15,[5 6],9,81,96,72,81
1,<environment.Job instance at 0x7fd62f472190>,21,12,[3 7],22,96,108,74,83
1,<environment.Job instance at 0x7fd62f4460f0>,24,17,[3 6],25,108,125,83,97
1,<environment.Job instance at 0x7fd62f446500>,27,12,[6 1],28,104,116,76,104
1,<environment.Job instance at 0x7fd6757dc640>,12,15,[2 8],13,46,61,33,46
1,<environment.Job instance at 0x7fd67297f640>,17,14,[9 5],18,74,88,56,74
1,<environment.Job instance at 0x7fd62eaf2730>,15,12,[4 5],16,88,100,72,75
1,<environment.Job instance at 0x7fd6750350f0>,22,16,[10  5],23,112,128,89,112
1,<environment.Job instance at 0x7fd62f15c7d0>,24,16,[ 2 10],25,128,144,103,117
1,<environment.Job instance at 0x7fd62f3492d0>,28,15,[7 3],29,144,159,115,132
1,<environment.Job instance at 0x7fd6751e0280>,1,13,[1 8],2,2,15,0,2
1,<environment.Job instance at 0x7fd6751e0f00>,3,15,[2 8],4,15,30,11,7
1,<environment.Job instance at 0x7fd6755765f0>,9,16,[2 7],10,30,46,20,28
1,<environment.Job instance at 0x7fd6752d74b0>,4,15,[4 6],5,146,161,141,146
1,<environment.Job instance at 0x7fd675032be0>,29,16,[4 9],30,161,177,131,152
1,<environment.Job instance at 0x7fd62f49d2d0>,3,19,[8 5],4,4,23,0,4
1,<environment.Job instance at 0x7fd62f49dfa0>,7,16,[7 3],8,23,39,15,10
1,<environment.Job instance at 0x7fd62f3d8cd0>,2,18,[4 8],3,39,57,36,31
1,<environment.Job instance at 0x7fd6729a2e10>,15,12,[8 1],16,57,69,41,43
1,<environment.Job instance at 0x7fd6729a2460>,17,14,[9 2],18,69,83,51,54
1,<environment.Job instance at 0x7fd6729a2140>,18,15,[10  3],19,83,98,64,70
1,<environment.Job instance at 0x7fd6729a20f0>,20,15,[4 9],21,98,113,77,89
1,<environment.Job instance at 0x7f8c09e2c5a0>,1,14,[ 2 10],2,8,22,6,8
1,<environment.Job instance at 0x7f8c06a23eb0>,12,12,[6 4],13,31,43,18,31
1,<environment.Job instance at 0x7f8c06a23fa0>,10,12,[2 8],11,43,55,32,36
1,<environment.Job instance at 0x7f8c06a33500>,1,13,[5 6],2,3,16,1,3
1,<environment.Job instance at 0x7f8bbedfc5a0>,3,16,[1 9],4,28,44,24,28
1,<environment.Job instance at 0x7f8bbedfc5f0>,12,12,[1 6],13,44,56,31,28
1,<environment.Job instance at 0x7f8bbedfc730>,15,2,[1 6],16,56,58,40,49
1,<environment.Job instance at 0x7f8bbed195f0>,0,12,[5 1],1,5,17,4,5
1,<environment.Job instance at 0x7f8bbed195a0>,3,17,[5 8],4,6,23,2,6
1,<environment.Job instance at 0x7f8bbedcb7d0>,10,12,[1 8],11,48,60,37,48
1,<environment.Job instance at 0x7f8bbed17aa0>,1,17,[2 7],2,8,25,6,8
1,<environment.Job instance at 0x7f8bbf34dd20>,5,16,[5 6],6,25,41,19,17
1,<environment.Job instance at 0x7f8bbf04acd0>,6,15,[ 2 10],7,41,56,34,28
1,<environment.Job instance at 0x7f8bbec8d140>,10,27,[1 5],11,28,55,17,28
1,<environment.Job instance at 0x7f8c06a7b820>,5,16,[5 3],6,7,23,1,7
1,<environment.Job instance at 0x7f8c06a86a50>,6,14,[7 1],7,23,37,16,8
1,<environment.Job instance at 0x7f8c06a7b3c0>,0,18,[1 7],1,17,35,16,17
1,<environment.Job instance at 0x7f8c06ddf5f0>,12,13,[6 5],13,37,50,24,24
1,<environment.Job instance at 0x7f8c09818190>,17,18,[5 6],18,50,68,32,48
1,<environment.Job instance at 0x7f8bbf0c9780>,0,1,[ 4 10],1,4,5,3,4
1,<environment.Job instance at 0x7f8c06b53230>,5,14,[3 6],6,6,20,0,6
1,<environment.Job instance at 0x7f8c0689abe0>,6,12,[6 4],7,7,19,0,7
1,<environment.Job instance at 0x7f8c06bcf1e0>,3,13,[5 6],4,6,19,2,6
1,<environment.Job instance at 0x7f8c094ee410>,0,14,[10  3],1,6,20,5,6
1,<environment.Job instance at 0x7f8bbf237370>,10,15,[6 4],11,26,41,15,26
1,<environment.Job instance at 0x7f8bbf325dc0>,3,18,[9 5],4,41,59,37,31
1,<environment.Job instance at 0x7f8c06bb71e0>,0,17,[2 6],1,4,21,3,4
1,<environment.Job instance at 0x7f8c094d99b0>,3,14,[9 2],4,4,18,0,4
1,<environment.Job instance at 0x7f8c06a3d640>,9,13,[5 8],10,21,34,11,21
1,<environment.Job instance at 0x7f8c06a3d140>,12,2,[10  5],13,48,50,35,48
1,<environment.Job instance at 0x7f8c06a3d780>,8,17,[2 5],9,50,67,41,48
1,<environment.Job instance at 0x7f8bbf2cb500>,1,1,[5 9],2,2,3,0,2
1,<environment.Job instance at 0x7f8c06a3d690>,2,18,[6 4],3,10,28,7,10
1,<environment.Job instance at 0x7f8c096abe60>,6,15,[4 8],7,28,43,21,24
1,<environment.Job instance at 0x7f8c0683d730>,13,13,[5 9],14,43,56,29,33
1,<environment.Job instance at 0x7f8c0963feb0>,2,17,[7 4],3,3,20,0,3
1,<environment.Job instance at 0x7f8c097b8cd0>,3,1,[6 2],4,20,21,16,5
1,<environment.Job instance at 0x7f8c097b8370>,7,14,[9 2],8,21,35,13,9
1,<environment.Job instance at 0x7f8c097b8820>,9,14,[5 7],10,35,49,25,23
1,<environment.Job instance at 0x7f8c097b81e0>,11,16,[6 2],12,49,65,37,44
1,<environment.Job instance at 0x7f8bbeed30a0>,2,16,[4 5],3,22,38,19,22
1,<environment.Job instance at 0x7f8c09a38640>,2,17,[5 1],3,4,21,1,4
1,<environment.Job instance at 0x7f8c06950730>,0,17,[5 8],1,8,25,7,8
1,<environment.Job instance at 0x7f8bbf2665a0>,5,17,[6 3],6,25,42,19,13
1,<environment.Job instance at 0x7f8c06e03be0>,14,12,[10  2],15,42,54,27,25
1,<environment.Job instance at 0x7f8bbedc9e10>,19,14,[5 1],20,54,68,34,45
1,<environment.Job instance at 0x7f8c096127d0>,0,16,[ 2 10],1,3,19,2,3
1,<environment.Job instance at 0x7f8c09612050>,3,14,[4 8],4,19,33,15,7
1,<environment.Job instance at 0x7f8c096a4280>,4,12,[7 1],5,6,18,1,6
1,<environment.Job instance at 0x7f8c096a4190>,6,13,[8 4],7,18,31,11,7
1,<environment.Job instance at 0x7f8c0689c910>,11,19,[2 6],12,23,42,11,23
1,<environment.Job instance at 0x7f7a5f7002d0>,5,17,[1 6],6,6,23,0,6
1,<environment.Job instance at 0x7f7a5f7003c0>,2,14,[ 2 10],3,23,37,20,10
1,<environment.Job instance at 0x7f7a5a2f2dc0>,11,12,[8 4],12,37,49,25,28
1,<environment.Job instance at 0x7f7a5a2f60f0>,13,18,[5 9],14,56,74,42,56
1,<environment.Job instance at 0x7f7a5f8748c0>,8,14,[6 4],9,10,24,1,10
1,<environment.Job instance at 0x7f7a5f874640>,11,16,[6 5],12,28,44,16,28
1,<environment.Job instance at 0x7f7a5f8746e0>,14,13,[5 5],15,44,57,29,29
1,<environment.Job instance at 0x7f7a5f877c30>,17,16,[8 1],18,58,74,40,58
1,<environment.Job instance at 0x7f7a5f87c0f0>,0,14,[ 2 10],1,74,88,73,59
1,<environment.Job instance at 0x7f7a14722730>,3,3,[10  3],4,9,12,5,9
1,<environment.Job instance at 0x7f7a146b0e60>,9,3,[1 5],10,14,17,4,14
1,<environment.Job instance at 0x7f7a147220a0>,4,12,[1 5],5,14,26,9,14
1,<environment.Job instance at 0x7f7a14722550>,7,2,[5 5],8,17,19,9,16
1,<environment.Job instance at 0x7f7a14722b40>,10,16,[3 9],11,26,42,15,17
1,<environment.Job instance at 0x7f7a146b03c0>,13,13,[ 5 10],14,42,55,28,26
1,<environment.Job instance at 0x7f7a146b0c80>,15,15,[8 3],16,55,70,39,41
1,<environment.Job instance at 0x7f7a145a0dc0>,2,21,[2 5],3,3,24,0,3
1,<environment.Job instance at 0x7f7a145a0870>,6,13,[9 5],7,24,37,17,21
1,<environment.Job instance at 0x7f7a146a4c30>,9,17,[9 5],10,37,54,27,26
1,<environment.Job instance at 0x7f7a146a4910>,8,19,[5 3],9,54,73,45,45
1,<environment.Job instance at 0x7f7a146cc5f0>,1,13,[9 2],2,3,16,1,3
1,<environment.Job instance at 0x7f7a145e84b0>,0,12,[ 5 10],1,16,28,15,5
1,<environment.Job instance at 0x7f7a149d97d0>,8,13,[3 5],9,30,43,21,30
1,<environment.Job instance at 0x7f7a149d9c30>,9,16,[5 8],10,43,59,33,30
1,<environment.Job instance at 0x7f7a5af790a0>,6,14,[7 1],7,7,21,0,7
1,<environment.Job instance at 0x7f7a149f82d0>,7,12,[6 3],8,21,33,13,11
1,<environment.Job instance at 0x7f7a149f0d70>,0,18,[1 7],1,13,31,12,13
1,<environment.Job instance at 0x7f7a5a7cbb40>,10,14,[5 8],11,33,47,22,18
1,<environment.Job instance at 0x7f7a5f876eb0>,17,18,[5 6],18,47,65,29,44
1,<environment.Job instance at 0x7f7a5f8769b0>,18,16,[8 3],19,65,81,46,52
1,<environment.Job instance at 0x7f7a5f8761e0>,2,21,[ 5 10],3,4,25,1,4
1,<environment.Job instance at 0x7f7a5a4ab5a0>,9,14,[2 8],10,25,39,15,12
1,<environment.Job instance at 0x7f7a14bc1eb0>,12,13,[5 5],13,39,52,26,23
1,<environment.Job instance at 0x7f7a5afdf960>,2,16,[ 4 10],3,24,40,21,24
1,<environment.Job instance at 0x7f7a5a9e27d0>,7,20,[2 7],8,40,60,32,31
1,<environment.Job instance at 0x7f7a14665fa0>,8,17,[9 4],9,60,77,51,48
1,<environment.Job instance at 0x7f7a149b71e0>,7,12,[5 5],8,22,34,14,22
1,<environment.Job instance at 0x7f7a149b7870>,9,17,[5 4],10,27,44,17,27
1,<environment.Job instance at 0x7f7a5ad26cd0>,6,18,[8 2],7,14,32,7,14
1,<environment.Job instance at 0x7f7a14836af0>,9,16,[6 1],10,32,48,22,19
1,<environment.Job instance at 0x7f7a14836410>,10,17,[2 6],11,20,37,9,20
1,<environment.Job instance at 0x7f7a14a389b0>,2,14,[8 4],3,3,17,0,3
1,<environment.Job instance at 0x7f7a144e56e0>,3,14,[9 2],4,17,31,13,4
1,<environment.Job instance at 0x7f7a5a8187d0>,9,17,[1 7],10,18,35,8,18
1,<environment.Job instance at 0x7f7a149a6730>,4,15,[5 6],5,5,20,0,5
1,<environment.Job instance at 0x7f7a1447a690>,9,16,[5 4],10,26,42,16,26
1,<environment.Job instance at 0x7f7a1447a7d0>,11,14,[3 7],12,42,56,30,27
1,<environment.Job instance at 0x7f7a1447a960>,2,12,[10  1],3,3,15,0,3
1,<environment.Job instance at 0x7f7a14b6c370>,1,13,[8 1],2,15,28,13,3
1,<environment.Job instance at 0x7f7a5a294820>,8,14,[9 2],9,28,42,19,18
1,<environment.Job instance at 0x7f7a5a14a0f0>,1,14,[8 5],2,2,16,0,2
1,<environment.Job instance at 0x7f7a5a14a0a0>,2,12,[6 2],3,16,28,13,4
1,<environment.Job instance at 0x7f7a143d78c0>,0,1,[1 7],1,3,4,2,3
1,<environment.Job instance at 0x7f7a5a6567d0>,1,1,[9 4],2,4,5,2,4
1,<environment.Job instance at 0x7f7a5aca3870>,16,14,[10  1],17,45,59,28,45
1,<environment.Job instance at 0x7f7a5aca3a50>,19,16,[6 3],20,59,75,39,47
1,<environment.Job instance at 0x7f7a5adcb5a0>,0,16,[ 2 10],1,6,22,5,6
1,<environment.Job instance at 0x7f7a144ea050>,7,13,[4 5],8,22,35,14,22
1,<environment.Job instance at 0x7f7a144ea1e0>,9,2,[3 9],10,42,44,32,42
1,<environment.Job instance at 0x7f7a144ea500>,10,14,[10  4],11,56,70,45,56
1,<environment.Job instance at 0x7f7a5aca3af0>,3,14,[4 8],4,70,84,66,57
1,<environment.Job instance at 0x7f7a144ea190>,1,19,[2 6],2,24,43,22,24
1,<environment.Job instance at 0x7f7a14623a50>,9,12,[1 6],10,43,55,33,29
1,<environment.Job instance at 0x7f7a5a510230>,10,18,[6 4],11,31,49,20,31
1,<environment.Job instance at 0x7f7a5a402370>,13,14,[9 1],14,49,63,35,37
1,<environment.Job instance at 0x7f7a5a470370>,17,18,[2 7],18,63,81,45,52
1,<environment.Job instance at 0x7f7a5f5f0aa0>,3,18,[5 3],4,4,22,0,4
1,<environment.Job instance at 0x7f7a14aa74b0>,8,14,[5 1],9,24,38,15,24
1,<environment.Job instance at 0x7f7a5a732730>,9,14,[2 8],10,24,38,14,24
1,<environment.Job instance at 0x7f7a5a481780>,1,15,[3 6],2,5,20,3,5
1,<environment.Job instance at 0x7f7a5a481b40>,8,12,[10  3],9,34,46,25,34
1,<environment.Job instance at 0x7f7a5a4814b0>,0,17,[7 4],1,46,63,45,36
1,<environment.Job instance at 0x7f7a5a5359b0>,12,2,[5 9],13,63,65,50,51
1,<environment.Job instance at 0x7f7a5a535e60>,13,13,[5 5],14,65,78,51,56
1,<environment.Job instance at 0x7f7a5a535cd0>,16,2,[4 9],17,78,80,61,57
1,<environment.Job instance at 0x7f7a146a4be0>,5,13,[7 1],6,8,21,2,8
1,<environment.Job instance at 0x7f7a5a0bd8c0>,9,3,[9 5],10,21,24,11,11
1,<environment.Job instance at 0x7f7a14665050>,2,17,[7 4],3,24,41,21,12
1,<environment.Job instance at 0x7fa762ad5140>,0,17,[6 1],1,5,22,4,5
1,<environment.Job instance at 0x7fa75b6c51e0>,5,17,[1 6],6,8,25,2,8
1,<environment.Job instance at 0x7fa762ad5190>,2,14,[ 2 10],3,25,39,22,10
1,<environment.Job instance at 0x7fa75b6c5230>,4,13,[3 6],5,39,52,34,28
1,<environment.Job instance at 0x7fa75b6c5cd0>,2,14,[2 6],3,3,17,0,3
1,<environment.Job instance at 0x7fa762c3ccd0>,4,13,[5 5],5,17,30,12,5
1,<environment.Job instance at 0x7fa762c4f690>,10,19,[5 5],11,24,43,13,24
1,<environment.Job instance at 0x7fa762c3cdc0>,7,16,[8 1],8,43,59,35,43
1,<environment.Job instance at 0x7fa762c4f230>,18,16,[4 9],19,59,75,40,46
1,<environment.Job instance at 0x7fa717a724b0>,10,12,[5 1],11,35,47,24,35
1,<environment.Job instance at 0x7fa717aca410>,13,17,[5 8],14,65,82,51,65
1,<environment.Job instance at 0x7fa717ab0730>,1,2,[7 3],2,2,4,0,2
1,<environment.Job instance at 0x7fa717973e60>,2,16,[7 5],3,4,20,1,4
1,<environment.Job instance at 0x7fa717dbb370>,6,13,[8 4],7,20,33,13,7
1,<environment.Job instance at 0x7fa717a9a0f0>,0,15,[9 2],1,33,48,32,20
1,<environment.Job instance at 0x7fa717dbbb40>,16,12,[5 5],17,48,60,31,31
1,<environment.Job instance at 0x7fa717dbbdc0>,19,18,[9 5],20,60,78,40,52
1,<environment.Job instance at 0x7fa717db93c0>,27,12,[6 3],28,78,90,50,62
1,<environment.Job instance at 0x7fa75baae910>,0,1,[ 4 10],1,3,4,2,3
1,<environment.Job instance at 0x7fa75baae690>,3,17,[6 3],4,5,22,1,5
1,<environment.Job instance at 0x7fa75baae280>,5,14,[3 6],6,6,20,0,6
1,<environment.Job instance at 0x7fa75baae960>,6,12,[6 4],7,22,34,15,7
1,<environment.Job instance at 0x7fa75b43fc80>,13,3,[ 5 10],14,52,55,38,52
1,<environment.Job instance at 0x7fa75b43feb0>,15,16,[5 2],16,55,71,39,52
1,<environment.Job instance at 0x7fa75b43f460>,17,12,[3 8],18,55,67,37,53
1,<environment.Job instance at 0x7fa717db9370>,2,16,[5 2],3,67,83,64,54
1,<environment.Job instance at 0x7fa75c16f230>,9,14,[6 4],10,44,58,34,44
1,<environment.Job instance at 0x7fa717b20780>,13,17,[10  4],14,65,82,51,65
1,<environment.Job instance at 0x7fa75beb77d0>,8,15,[3 5],9,51,66,42,51
1,<environment.Job instance at 0x7fa75bd891e0>,9,12,[5 5],10,51,63,41,51
1,<environment.Job instance at 0x7fa75b7aaaf0>,1,18,[4 9],2,4,22,2,4
1,<environment.Job instance at 0x7fa75be2cd70>,9,14,[6 5],10,28,42,18,28
1,<environment.Job instance at 0x7fa75be2cc80>,10,12,[9 3],11,42,54,31,28
1,<environment.Job instance at 0x7fa75bc4b370>,14,17,[1 6],15,42,59,27,31
1,<environment.Job instance at 0x7fa75c11b640>,6,13,[5 4],7,28,41,21,28
1,<environment.Job instance at 0x7fa717e0b5f0>,13,16,[6 2],14,41,57,27,33
1,<environment.Job instance at 0x7fa75bcd8be0>,4,15,[ 3 10],5,57,72,52,49
1,<environment.Job instance at 0x7fa717c17dc0>,1,1,[5 9],2,2,3,0,2
1,<environment.Job instance at 0x7fa75b50cfa0>,2,18,[6 4],3,3,21,0,3
1,<environment.Job instance at 0x7fa75b80b050>,6,15,[4 8],7,25,40,18,25
1,<environment.Job instance at 0x7fa717d03d70>,11,12,[10  1],12,40,52,28,25
1,<environment.Job instance at 0x7fa7177ab1e0>,17,12,[6 3],18,52,64,34,49
1,<environment.Job instance at 0x7fa717a43af0>,3,12,[3 7],4,4,16,0,4
1,<environment.Job instance at 0x7fa75c0bd780>,4,12,[3 7],5,16,28,11,5
1,<environment.Job instance at 0x7fa75c0bd910>,7,15,[6 2],8,18,33,10,18
1,<environment.Job instance at 0x7fa75c0bdd20>,11,14,[8 5],12,33,47,21,19
1,<environment.Job instance at 0x7fa75c324c80>,0,1,[1 7],1,2,3,1,2
1,<environment.Job instance at 0x7fa75c0ca500>,2,13,[3 6],3,6,19,3,6
1,<environment.Job instance at 0x7fa75c324b40>,7,17,[4 6],8,19,36,11,8
1,<environment.Job instance at 0x7fa717a053c0>,15,17,[6 3],16,29,46,13,29
1,<environment.Job instance at 0x7fa717a05870>,17,3,[ 4 10],18,46,49,28,34
1,<environment.Job instance at 0x7fa717a054b0>,19,16,[6 3],20,49,65,29,45
1,<environment.Job instance at 0x7fa75b552640>,12,17,[5 7],13,55,72,42,55
1,<environment.Job instance at 0x7fa75b552230>,4,18,[1 9],5,18,36,13,18
1,<environment.Job instance at 0x7fa75b5eba00>,11,13,[7 3],12,36,49,24,32
1,<environment.Job instance at 0x7fa75b5eb780>,6,17,[9 4],7,49,66,42,39
1,<environment.Job instance at 0x7fa717ce8730>,0,17,[2 7],1,66,83,65,54
1,<environment.Job instance at 0x7fa717dd0e60>,2,18,[6 4],3,4,22,1,4
1,<environment.Job instance at 0x7fa717ef5f50>,6,12,[3 8],7,22,34,15,9
1,<environment.Job instance at 0x7fa75b9ea230>,14,17,[8 3],15,58,75,43,58
1,<environment.Job instance at 0x7fa717bb00a0>,0,2,[4 7],1,3,5,2,3
1,<environment.Job instance at 0x7fa75b901820>,11,13,[6 5],12,51,64,39,51
1,<environment.Job instance at 0x7fa75b9015a0>,10,12,[ 1 10],11,64,76,53,56
1,<environment.Job instance at 0x7fa717a885f0>,15,15,[4 7],16,76,91,60,69
1,<environment.Job instance at 0x7fa717b7e910>,4,16,[1 9],5,23,39,18,23
1,<environment.Job instance at 0x7fa75c16cb90>,3,17,[4 9],4,39,56,35,31
1,<environment.Job instance at 0x7fa75b535410>,1,12,[8 4],2,2,14,0,2
1,<environment.Job instance at 0x7fa75c11c5f0>,1,18,[5 5],2,3,21,1,3
1,<environment.Job instance at 0x7fa75c11c820>,4,15,[8 2],5,27,42,22,27
1,<environment.Job instance at 0x7fa75c11cfa0>,3,13,[9 5],4,42,55,38,28
1,<environment.Job instance at 0x7fa75bc84500>,10,3,[2 6],11,57,60,46,57
1,<environment.Job instance at 0x7fa75bc84780>,9,16,[5 4],10,64,80,54,64
1,<environment.Job instance at 0x7fa04fbe80f0>,0,17,[6 1],1,4,21,3,4
1,<environment.Job instance at 0x7fa04fbe82d0>,1,14,[ 2 10],2,21,35,19,9
1,<environment.Job instance at 0x7fa04ca897d0>,11,12,[8 4],12,35,47,23,28
1,<environment.Job instance at 0x7fa04ca89c30>,17,12,[6 4],18,56,68,38,56
1,<environment.Job instance at 0x7fa04fd54820>,1,14,[8 5],2,4,18,2,4
1,<environment.Job instance at 0x7fa04fd62230>,16,18,[2 6],17,61,79,44,61
1,<environment.Job instance at 0x7fa04fd62140>,18,16,[2 9],19,79,95,60,66
1,<environment.Job instance at 0x7fa006ce0f50>,0,12,[1 8],1,5,17,4,5
1,<environment.Job instance at 0x7fa006ce0aa0>,8,14,[ 5 10],9,17,31,8,13
1,<environment.Job instance at 0x7fa006ce0280>,10,13,[5 7],11,31,44,20,16
1,<environment.Job instance at 0x7fa006ce02d0>,14,17,[5 1],15,75,92,60,75
1,<environment.Job instance at 0x7fa006df5af0>,17,2,[5 7],18,76,78,58,76
1,<environment.Job instance at 0x7fa006df5910>,16,16,[8 4],17,92,108,75,79
1,<environment.Job instance at 0x7fa006d94730>,1,13,[9 2],2,2,15,0,2
1,<environment.Job instance at 0x7fa006d28050>,2,13,[4 5],3,15,28,12,3
1,<environment.Job instance at 0x7fa007241190>,8,13,[3 5],9,15,28,6,14
1,<environment.Job instance at 0x7fa006d281e0>,5,14,[10  3],6,30,44,24,30
1,<environment.Job instance at 0x7fa006d472d0>,16,1,[3 9],17,58,59,41,58
1,<environment.Job instance at 0x7fa006d7a2d0>,7,24,[6 2],8,59,83,51,58
1,<environment.Job instance at 0x7fa006e79370>,1,16,[ 4 10],2,3,19,1,3
1,<environment.Job instance at 0x7fa007097780>,0,14,[4 5],1,7,21,6,7
1,<environment.Job instance at 0x7fa04c894c80>,9,17,[5 4],10,25,42,15,25
1,<environment.Job instance at 0x7fa04c894780>,8,15,[3 8],9,42,57,33,31
1,<environment.Job instance at 0x7fa04c894500>,13,16,[1 9],14,76,92,62,76
1,<environment.Job instance at 0x7fa04f10d3c0>,6,13,[10  1],7,28,41,21,28
1,<environment.Job instance at 0x7fa04f10d370>,9,14,[6 5],10,41,55,31,29
1,<environment.Job instance at 0x7fa006ca7b40>,14,17,[1 6],15,55,72,40,55
1,<environment.Job instance at 0x7fa04c9996e0>,16,17,[5 6],17,78,95,61,78
1,<environment.Job instance at 0x7fa007276b40>,1,1,[1 5],2,2,3,0,2
1,<environment.Job instance at 0x7fa00734bbe0>,4,16,[8 2],5,5,21,0,5
1,<environment.Job instance at 0x7fa00734b320>,2,12,[2 8],3,9,21,6,9
1,<environment.Job instance at 0x7fa00734bb90>,7,16,[7 4],8,21,37,13,10
1,<environment.Job instance at 0x7fa007269e10>,14,14,[8 3],15,79,93,64,79
1,<environment.Job instance at 0x7fa04cb99730>,1,13,[8 1],2,3,16,1,3
1,<environment.Job instance at 0x7fa00731b0f0>,2,12,[10  1],3,18,30,15,18
1,<environment.Job instance at 0x7fa00742c0a0>,15,16,[5 2],16,69,85,53,69
1,<environment.Job instance at 0x7fa04f16a410>,17,17,[2 6],18,69,86,51,69
1,<environment.Job instance at 0x7fa04f16a230>,2,16,[4 5],3,22,38,19,22
1,<environment.Job instance at 0x7fa006ba2cd0>,1,13,[2 6],2,4,17,2,4
1,<environment.Job instance at 0x7fa04ca195f0>,14,19,[9 3],15,33,52,18,33
1,<environment.Job instance at 0x7fa04ca19690>,15,12,[2 5],16,52,64,36,36
1,<environment.Job instance at 0x7fa04cf10a00>,1,19,[2 6],2,24,43,22,24
1,<environment.Job instance at 0x7fa04cf10460>,9,12,[1 6],10,43,55,33,26
1,<environment.Job instance at 0x7fa04cf103c0>,10,18,[6 4],11,26,44,15,26
1,<environment.Job instance at 0x7fa04cf10230>,11,19,[9 2],12,44,63,32,34
1,<environment.Job instance at 0x7fa04cf187d0>,17,18,[2 7],18,63,81,45,52
1,<environment.Job instance at 0x7fa04cf10410>,3,17,[6 2],4,66,83,62,66
1,<environment.Job instance at 0x7fa04c96be60>,1,14,[4 6],2,2,16,0,2
1,<environment.Job instance at 0x7fa006b1bcd0>,3,15,[5 5],4,16,31,12,4
1,<environment.Job instance at 0x7fa04ccfdb40>,9,1,[3 6],10,31,32,21,11
1,<environment.Job instance at 0x7fa04ccfd5a0>,12,18,[6 4],13,31,49,18,28
1,<environment.Job instance at 0x7fa04f4a7cd0>,16,12,[3 8],17,49,61,32,32
1,<environment.Job instance at 0x7fa04f0a5640>,7,16,[4 8],8,36,52,28,36
1,<environment.Job instance at 0x7fa04f0a5460>,11,2,[5 4],12,58,60,46,58
1,<environment.Job instance at 0x7fa04ce927d0>,6,13,[8 3],7,19,32,12,19
1,<environment.Job instance at 0x7fa04ce922d0>,11,18,[1 6],12,19,37,7,19
1,<environment.Job instance at 0x7fa04ce920a0>,13,12,[5 9],14,44,56,30,44
1,<environment.Job instance at 0x7fa006e89140>,3,17,[5 9],4,12,29,8,12
1,<environment.Job instance at 0x7fa006e89780>,12,12,[4 8],13,29,41,16,24
1,<environment.Job instance at 0x7fa04cbae8c0>,4,12,[2 9],5,18,30,13,18
1,<environment.Job instance at 0x7fa04cbae140>,3,15,[4 9],4,30,45,26,19
1,<environment.Job instance at 0x7f149039b280>,4,13,[3 6],5,7,20,2,7
1,<environment.Job instance at 0x7f14977aa2d0>,1,14,[ 2 10],2,20,34,18,9
1,<environment.Job instance at 0x7f149039b8c0>,13,18,[5 9],14,34,52,20,28
1,<environment.Job instance at 0x7f149039bc30>,17,12,[6 4],18,56,68,38,56
1,<environment.Job instance at 0x7f14977d1dc0>,8,16,[2 9],9,44,60,35,44
1,<environment.Job instance at 0x7f1497911eb0>,15,16,[7 5],16,75,91,59,75
1,<environment.Job instance at 0x7f144c739be0>,6,13,[9 5],7,35,48,28,35
1,<environment.Job instance at 0x7f144c739460>,10,3,[9 5],11,48,51,37,35
1,<environment.Job instance at 0x7f144c739eb0>,9,17,[9 5],10,51,68,41,39
1,<environment.Job instance at 0x7f144c739050>,15,13,[7 3],16,68,81,52,52
1,<environment.Job instance at 0x7f144c76d190>,19,13,[7 2],20,81,94,61,68
1,<environment.Job instance at 0x7f144c76dc30>,21,17,[2 7],22,71,88,49,71
1,<environment.Job instance at 0x7f144c76db90>,25,16,[5 6],26,94,110,68,81
1,<environment.Job instance at 0x7f144cc61460>,12,16,[7 5],13,43,59,30,43
1,<environment.Job instance at 0x7f144c688320>,2,15,[7 5],3,61,76,58,61
1,<environment.Job instance at 0x7f144cc61a50>,19,3,[9 4],20,76,79,56,65
1,<environment.Job instance at 0x7f144cc61230>,21,15,[7 2],22,79,94,57,66
1,<environment.Job instance at 0x7f144cc61e60>,22,12,[8 3],23,94,106,71,84
1,<environment.Job instance at 0x7f144cc61e60>,2,21,[ 5 10],3,3,24,0,3
1,<environment.Job instance at 0x7f144c772dc0>,3,3,[ 5 10],4,24,27,20,4
1,<environment.Job instance at 0x7f144ca8b690>,4,16,[9 5],5,27,43,22,15
1,<environment.Job instance at 0x7f14970b7370>,10,15,[6 4],11,11,26,0,11
1,<environment.Job instance at 0x7f14970b7c80>,11,3,[2 8],12,26,29,14,13
1,<environment.Job instance at 0x7f14970b7af0>,12,13,[6 3],13,29,42,16,14
1,<environment.Job instance at 0x7f144ca91820>,3,18,[9 5],4,42,60,38,32
1,<environment.Job instance at 0x7f144c9cc190>,5,16,[1 7],6,6,22,0,6
1,<environment.Job instance at 0x7f144c8ecd20>,9,16,[6 1],10,14,30,4,14
1,<environment.Job instance at 0x7f1496d6abe0>,2,17,[4 9],3,22,39,19,18
1,<environment.Job instance at 0x7f144c99f2d0>,17,14,[ 3 10],18,84,98,66,84
1,<environment.Job instance at 0x7f1496d01f00>,18,13,[4 5],19,98,111,79,84
1,<environment.Job instance at 0x7f14901c3730>,7,12,[3 6],8,27,39,19,27
1,<environment.Job instance at 0x7f14901c3960>,10,12,[6 2],11,27,39,16,27
1,<environment.Job instance at 0x7f1497304e60>,4,15,[ 3 10],5,39,54,34,30
1,<environment.Job instance at 0x7f14901c3dc0>,17,16,[7 4],18,54,70,36,41
1,<environment.Job instance at 0x7f14901f3e10>,2,12,[10  1],3,3,15,0,3
1,<environment.Job instance at 0x7f144cb94230>,6,18,[1 6],7,15,33,8,7
1,<environment.Job instance at 0x7f144cb94460>,8,14,[9 2],9,16,30,7,16
1,<environment.Job instance at 0x7f1496c29e10>,12,15,[5 4],13,30,45,17,30
1,<environment.Job instance at 0x7f1496ef0b40>,10,16,[9 1],11,45,61,34,34
1,<environment.Job instance at 0x7f1496c29b40>,15,16,[5 2],16,61,77,45,56
1,<environment.Job instance at 0x7f1496c29a00>,17,17,[2 6],18,61,78,43,57
1,<environment.Job instance at 0x7f14901f3fa0>,1,13,[8 1],2,82,95,80,82
1,<environment.Job instance at 0x7f14903b8f00>,22,17,[8 2],23,95,112,72,83
1,<environment.Job instance at 0x7f144cacb5f0>,1,19,[6 5],2,2,21,0,2
1,<environment.Job instance at 0x7f144c8ffb90>,2,16,[8 3],3,21,37,18,20
1,<environment.Job instance at 0x7f144cc82050>,10,12,[1 8],11,37,49,26,20
1,<environment.Job instance at 0x7f144cab3a50>,5,2,[1 8],6,49,51,43,43
1,<environment.Job instance at 0x7f149052a1e0>,13,18,[3 7],14,51,69,37,43
1,<environment.Job instance at 0x7f144cc82230>,7,16,[10  3],8,69,85,61,57
1,<environment.Job instance at 0x7f144cc76f50>,3,14,[4 8],4,25,39,21,25
1,<environment.Job instance at 0x7f144cc69c30>,7,13,[4 5],8,39,52,31,34
1,<environment.Job instance at 0x7f144cc69d70>,9,2,[3 9],10,52,54,42,42
1,<environment.Job instance at 0x7f144cc69e10>,10,14,[10  4],11,54,68,43,43
1,<environment.Job instance at 0x7f144cc670f0>,14,3,[2 6],15,68,71,53,62
1,<environment.Job instance at 0x7f144cc62140>,1,13,[7 3],2,2,15,0,2
1,<environment.Job instance at 0x7f1496cfa7d0>,8,15,[4 7],9,19,34,10,19
1,<environment.Job instance at 0x7f1496cfab40>,14,17,[6 4],15,64,81,49,64
1,<environment.Job instance at 0x7f1496cfa230>,16,18,[5 5],17,81,99,64,70
1,<environment.Job instance at 0x7f144cacc820>,1,15,[3 6],2,3,18,1,3
1,<environment.Job instance at 0x7f149019f050>,8,12,[10  3],9,56,68,47,56
1,<environment.Job instance at 0x7f1490373550>,11,13,[9 3],12,68,81,56,56
1,<environment.Job instance at 0x7f1496ffd1e0>,2,18,[6 5],3,26,44,23,26
1,<environment.Job instance at 0x7f14904d7cd0>,11,16,[1 8],12,75,91,63,75
1,<environment.Job instance at 0x7f14901ccb40>,1,12,[8 4],2,2,14,0,2
1,<environment.Job instance at 0x7f14904d7d70>,2,16,[7 4],3,14,30,11,3
1,<environment.Job instance at 0x7f1496c1c730>,0,3,[10  4],1,1,4,0,1
1,<environment.Job instance at 0x7f149710ed70>,5,12,[7 2],6,6,18,0,6
1,<environment.Job instance at 0x7f149710e640>,8,18,[2 5],9,9,27,0,9
1,<environment.Job instance at 0x7f149710eeb0>,12,15,[1 7],13,28,43,15,28
1,<environment.Job instance at 0x7f149710e910>,15,12,[1 9],16,50,62,34,50
1,<environment.Job instance at 0x7f149710e500>,11,18,[4 6],12,62,80,50,51
1,<environment.Job instance at 0x7f149710e780>,17,12,[ 3 10],18,80,92,62,64
1,<environment.Job instance at 0x7f14901b0f50>,24,16,[1 8],25,92,108,67,79
1,<environment.Job instance at 0x7f14901b0dc0>,3,17,[5 9],4,24,41,20,24
1,<environment.Job instance at 0x7f149015a9b0>,12,12,[4 8],13,41,53,28,25
1,<environment.Job instance at 0x7f144c858730>,2,3,[8 4],3,3,6,0,3
1,<environment.Job instance at 0x7f149016d460>,6,3,[4 8],7,8,11,1,8
1,<environment.Job instance at 0x7f1490187d70>,8,13,[9 2],9,11,24,2,11
1,<environment.Job instance at 0x7f14901874b0>,9,17,[9 1],10,24,41,14,16
1,<environment.Job instance at 0x7f144c52f5a0>,7,19,[1 6],8,28,47,20,28
1,<environment.Job instance at 0x7f1496be26e0>,13,17,[10  2],14,79,96,65,79
1,<environment.Job instance at 0x7f1490224050>,8,18,[3 6],9,25,43,16,25
1,<environment.Job instance at 0x7f144cc6d4b0>,15,16,[9 2],16,68,84,52,68
1,<environment.Job instance at 0x7f695905f140>,0,17,[6 1],1,3,20,2,3
1,<environment.Job instance at 0x7f695905f050>,5,17,[1 6],6,28,45,22,28
1,<environment.Job instance at 0x7f695905f190>,2,14,[ 2 10],3,45,59,42,34
1,<environment.Job instance at 0x7f6951c4fbe0>,17,12,[6 4],18,59,71,41,56
1,<environment.Job instance at 0x7f6951c4f780>,11,12,[8 4],12,71,83,59,57
1,<environment.Job instance at 0x7f69179074b0>,7,17,[5 5],8,11,28,3,11
1,<environment.Job instance at 0x7f69591cb820>,3,16,[1 9],4,29,45,25,29
1,<environment.Job instance at 0x7f69591c6eb0>,13,17,[5 1],14,65,82,51,65
1,<environment.Job instance at 0x7f69591c6e10>,12,12,[1 6],13,66,78,53,66
1,<environment.Job instance at 0x7f69591c6f50>,16,12,[8 4],17,82,94,65,74
1,<environment.Job instance at 0x7f690df86c80>,1,17,[2 7],2,7,24,5,7
1,<environment.Job instance at 0x7f69591d9fa0>,2,16,[5 3],3,8,24,5,8
1,<environment.Job instance at 0x7f690df86b40>,4,17,[ 5 10],5,24,41,19,12
1,<environment.Job instance at 0x7f690df86e10>,6,15,[ 2 10],7,41,56,34,30
1,<environment.Job instance at 0x7f690e406190>,5,16,[5 3],6,6,22,0,6
1,<environment.Job instance at 0x7f690e3ec550>,6,14,[7 1],7,22,36,15,8
1,<environment.Job instance at 0x7f690e3ec640>,12,13,[6 5],13,36,49,23,20
1,<environment.Job instance at 0x7f690e04be10>,0,18,[1 7],1,49,67,48,42
1,<environment.Job instance at 0x7f690e3088c0>,20,17,[7 5],21,82,99,61,82
1,<environment.Job instance at 0x7f690e3a4870>,0,14,[4 5],1,7,21,6,7
1,<environment.Job instance at 0x7f695493e230>,4,15,[10  2],5,92,107,87,92
1,<environment.Job instance at 0x7f6951d236e0>,12,13,[5 5],13,107,120,94,92
1,<environment.Job instance at 0x7f6951d23eb0>,16,16,[2 5],17,107,123,90,98
1,<environment.Job instance at 0x7f6951d23be0>,2,14,[8 4],3,3,17,0,3
1,<environment.Job instance at 0x7f690e33d5a0>,3,14,[9 2],4,17,31,13,4
1,<environment.Job instance at 0x7f690e0ad0f0>,15,13,[1 5],16,71,84,55,71
1,<environment.Job instance at 0x7f6951ad7690>,2,18,[6 4],3,3,21,0,3
1,<environment.Job instance at 0x7f690e059a50>,11,12,[10  1],12,29,41,17,29
1,<environment.Job instance at 0x7f690e059a00>,5,16,[9 4],6,41,57,35,32
1,<environment.Job instance at 0x7f690e088640>,20,19,[4 9],21,74,93,53,74
1,<environment.Job instance at 0x7f690e0888c0>,23,17,[6 3],24,93,110,69,84
1,<environment.Job instance at 0x7f690e088870>,2,16,[4 5],3,23,39,20,23
1,<environment.Job instance at 0x7f690e19bc30>,5,14,[2 8],6,39,53,33,31
1,<environment.Job instance at 0x7f690e2efe60>,0,16,[ 2 10],1,1,17,0,1
1,<environment.Job instance at 0x7f690dfa11e0>,3,14,[4 8],4,42,56,38,42
1,<environment.Job instance at 0x7f69546fe870>,10,14,[10  4],11,56,70,45,42
1,<environment.Job instance at 0x7f690e539b90>,14,3,[2 6],15,70,73,55,62
1,<environment.Job instance at 0x7f690e539780>,1,17,[5 9],2,19,36,17,19
1,<environment.Job instance at 0x7f6954298500>,8,13,[8 4],9,47,60,38,47
1,<environment.Job instance at 0x7f6954298820>,13,16,[2 5],14,75,91,61,75
1,<environment.Job instance at 0x7f690e3733c0>,0,12,[2 5],1,10,22,9,10
1,<environment.Job instance at 0x7f69542985f0>,5,18,[8 5],6,10,28,4,10
1,<environment.Job instance at 0x7f6951b24b40>,12,14,[5 7],13,28,42,15,17
1,<environment.Job instance at 0x7f69520f7870>,10,17,[3 8],11,42,59,31,35
1,<environment.Job instance at 0x7f6951b242d0>,13,15,[7 2],14,42,57,28,42
1,<environment.Job instance at 0x7f690e4a4460>,20,2,[4 7],21,59,61,38,53
1,<environment.Job instance at 0x7f690dff7aa0>,7,12,[4 8],8,26,38,18,26
1,<environment.Job instance at 0x7f690dff7f00>,11,17,[3 7],12,52,69,40,52
1,<environment.Job instance at 0x7f690dff7b40>,14,18,[8 2],15,75,93,60,75
1,<environment.Job instance at 0x7f69545f1fa0>,9,14,[8 2],10,42,56,32,42
1,<environment.Job instance at 0x7f690de62050>,12,13,[5 2],13,56,69,43,48
1,<environment.Job instance at 0x7f690de62b90>,14,18,[5 3],15,57,75,42,57
1,<environment.Job instance at 0x7f69545f19b0>,11,17,[10  3],12,75,92,63,68
1,<environment.Job instance at 0x7f6951cecaa0>,2,14,[5 7],3,4,18,1,4
1,<environment.Job instance at 0x7f695427b410>,7,13,[4 6],8,18,31,10,9
1,<environment.Job instance at 0x7f6951c43820>,9,16,[9 3],10,31,47,21,18
1,<environment.Job instance at 0x7f6951c439b0>,13,12,[ 4 10],14,47,59,33,42
1,<environment.Job instance at 0x7f6951c434b0>,17,16,[10  2],18,60,76,42,60
1,<environment.Job instance at 0x7f6951cec050>,1,3,[4 7],2,2,5,0,2
1,<environment.Job instance at 0x7f6951cecf00>,2,1,[5 1],3,3,4,0,3
1,<environment.Job instance at 0x7f6951dc9280>,4,15,[ 1 10],5,9,24,4,9
1,<environment.Job instance at 0x7f690df338c0>,7,18,[10  4],8,33,51,25,33
1,<environment.Job instance at 0x7f690df33640>,6,18,[9 2],7,59,77,52,59
1,<environment.Job instance at 0x7f690df49960>,3,15,[8 5],4,18,33,14,18
1,<environment.Job instance at 0x7f690dd3acd0>,2,12,[ 4 10],3,4,16,1,4
1,<environment.Job instance at 0x7f690dd3a640>,5,13,[3 9],6,16,29,10,6
1,<environment.Job instance at 0x7f690dd440a0>,12,13,[ 5 10],13,34,47,21,34
1,<environment.Job instance at 0x7f690dd44320>,15,18,[2 9],16,55,73,39,55
1,<environment.Job instance at 0x7f690dd44a00>,16,14,[3 7],17,73,87,56,60
1,<environment.Job instance at 0x7f690dc49960>,4,16,[6 4],5,7,23,2,7
1,<environment.Job instance at 0x7f690e29d690>,0,13,[ 5 10],1,25,38,24,25
1,<environment.Job instance at 0x7f690e29d8c0>,2,14,[ 4 10],3,38,52,35,26
1,<environment.Job instance at 0x7f91f0d321e0>,0,17,[6 1],1,5,22,4,5
1,<environment.Job instance at 0x7f91e9922230>,4,13,[3 6],5,11,24,6,11
1,<environment.Job instance at 0x7f91e9922690>,10,12,[2 8],11,24,36,13,12
1,<environment.Job instance at 0x7f91f0d322d0>,1,14,[ 2 10],2,49,63,47,49
1,<environment.Job instance at 0x7f91e9922c80>,17,12,[6 4],18,63,75,45,56
1,<environment.Job instance at 0x7f91e9922dc0>,2,12,[1 6],3,3,15,0,3
1,<environment.Job instance at 0x7f91f0e99fa0>,3,17,[5 1],4,5,22,1,5
1,<environment.Job instance at 0x7f91f0e99f50>,6,12,[8 4],7,22,34,15,7
1,<environment.Job instance at 0x7f91f0d5acd0>,14,12,[1 5],15,25,37,10,25
1,<environment.Job instance at 0x7f91f0d5adc0>,16,13,[2 6],17,37,50,20,28
1,<environment.Job instance at 0x7f91f0e98a00>,20,16,[3 9],21,50,66,29,41
1,<environment.Job instance at 0x7f91f0e98f50>,23,13,[ 5 10],24,66,79,42,52
1,<environment.Job instance at 0x7f91f0ea6af0>,29,13,[1 8],30,79,92,49,78
1,<environment.Job instance at 0x7f91f0e98f00>,22,18,[10  4],23,92,110,69,91
1,<environment.Job instance at 0x7f91a5b72370>,2,15,[8 5],3,3,18,0,3
1,<environment.Job instance at 0x7f91a5b72fa0>,5,12,[4 8],6,18,30,12,8
1,<environment.Job instance at 0x7f91a616b5a0>,11,17,[7 1],12,43,60,31,43
1,<environment.Job instance at 0x7f91a5c039b0>,3,14,[10  5],4,83,97,79,83
1,<environment.Job instance at 0x7f91a5d48140>,19,17,[4 5],20,97,114,77,87
1,<environment.Job instance at 0x7f91a5d48c80>,23,17,[6 3],24,109,126,85,109
1,<environment.Job instance at 0x7f91a5d48aa0>,25,14,[3 6],26,114,128,88,109
1,<environment.Job instance at 0x7f91a5d480a0>,2,3,[8 5],3,3,6,0,3
1,<environment.Job instance at 0x7f91a60151e0>,6,15,[9 5],7,12,27,5,12
1,<environment.Job instance at 0x7f91a60150f0>,10,14,[10  3],11,27,41,16,13
1,<environment.Job instance at 0x7f91a601e410>,15,15,[2 9],16,56,71,40,56
1,<environment.Job instance at 0x7f91e9802870>,2,18,[4 7],3,3,21,0,3
1,<environment.Job instance at 0x7f91e9802960>,8,13,[4 5],9,24,37,15,24
1,<environment.Job instance at 0x7f91e98020a0>,4,12,[3 9],5,37,49,32,24
1,<environment.Job instance at 0x7f91a6005f50>,1,14,[10  3],2,51,65,49,51
1,<environment.Job instance at 0x7f91e97f5230>,16,13,[10  1],17,78,91,61,78
1,<environment.Job instance at 0x7f91e97f5820>,19,14,[6 5],20,91,105,71,79
1,<environment.Job instance at 0x7f91e97f5e10>,20,12,[9 3],21,105,117,84,89
1,<environment.Job instance at 0x7f91e9ce3fa0>,7,25,[6 2],8,26,51,18,26
1,<environment.Job instance at 0x7f91ec601e10>,13,17,[3 5],14,31,48,17,31
1,<environment.Job instance at 0x7f91ec6015f0>,15,14,[6 5],16,51,65,35,48
1,<environment.Job instance at 0x7f91e99ac1e0>,10,17,[ 4 10],11,65,82,54,56
1,<environment.Job instance at 0x7f91a60d8410>,21,14,[2 6],22,82,96,60,71
1,<environment.Job instance at 0x7f91a6099410>,25,12,[1 7],26,99,111,73,99
1,<environment.Job instance at 0x7f91a5ee6280>,26,17,[8 4],27,111,128,84,99
1,<environment.Job instance at 0x7f91ebfeecd0>,1,3,[5 7],2,2,5,0,2
1,<environment.Job instance at 0x7f91a5a833c0>,8,14,[7 2],9,18,32,9,18
1,<environment.Job instance at 0x7f91a5a83500>,10,14,[1 7],11,19,33,8,19
1,<environment.Job instance at 0x7f91a5a83640>,12,12,[6 2],13,32,44,19,21
1,<environment.Job instance at 0x7f91a5a83be0>,1,13,[2 6],2,5,18,3,5
1,<environment.Job instance at 0x7f91e9b658c0>,5,13,[4 7],6,18,31,12,9
1,<environment.Job instance at 0x7f91a5a92690>,3,16,[6 3],4,18,34,14,18
1,<environment.Job instance at 0x7f91a5b5e4b0>,14,19,[9 3],15,65,84,50,65
1,<environment.Job instance at 0x7f91ec02f960>,1,13,[7 3],2,2,15,0,2
1,<environment.Job instance at 0x7f91a60e4960>,14,17,[6 4],15,65,82,50,65
1,<environment.Job instance at 0x7f91a60e4910>,16,18,[5 5],17,82,100,65,71
1,<environment.Job instance at 0x7f91e97a7b40>,21,12,[4 8],22,100,112,78,93
1,<environment.Job instance at 0x7f91e96b98c0>,8,18,[8 2],9,9,27,0,9
1,<environment.Job instance at 0x7f91a61bc5a0>,3,12,[10  5],4,27,39,23,11
1,<environment.Job instance at 0x7f91e96b9eb0>,13,15,[7 2],14,39,54,25,27
1,<environment.Job instance at 0x7f91e96b9c30>,10,17,[3 8],11,47,64,36,47
1,<environment.Job instance at 0x7f91e97a7b40>,7,16,[10  1],8,64,80,56,52
1,<environment.Job instance at 0x7f91e96c5aa0>,2,18,[4 5],3,3,21,0,3
1,<environment.Job instance at 0x7f91ec4bcb40>,9,15,[5 9],10,32,47,22,32
1,<environment.Job instance at 0x7f91ec4bc8c0>,12,16,[3 5],13,47,63,34,40
1,<environment.Job instance at 0x7f91a5eec280>,1,15,[10  5],2,3,18,1,3
1,<environment.Job instance at 0x7f91a5eec5a0>,4,1,[ 3 10],5,18,19,13,5
1,<environment.Job instance at 0x7f91e9827730>,5,12,[5 9],6,19,31,13,6
1,<environment.Job instance at 0x7f91a5eecd70>,2,18,[10  1],3,31,49,28,29
1,<environment.Job instance at 0x7f91a5eec7d0>,9,15,[7 1],10,49,64,39,37
1,<environment.Job instance at 0x7f91e9922640>,20,3,[2 6],21,79,82,58,79
1,<environment.Job instance at 0x7f91e9922a00>,21,14,[9 3],22,82,96,60,79
1,<environment.Job instance at 0x7f91e9bab780>,0,13,[7 3],1,4,17,3,4
1,<environment.Job instance at 0x7f91e9c3c9b0>,4,3,[7 5],5,17,20,12,5
1,<environment.Job instance at 0x7f91ec101f00>,8,13,[3 7],9,45,58,36,45
1,<environment.Job instance at 0x7f91e9c26e60>,14,18,[6 1],15,46,64,31,46
1,<environment.Job instance at 0x7f91e9c16f00>,17,2,[3 9],18,69,71,51,69
1,<environment.Job instance at 0x7f91e9b92fa0>,20,16,[5 1],21,87,103,66,87
1,<environment.Job instance at 0x7f91a5fd75f0>,1,2,[5 7],2,2,4,0,2
1,<environment.Job instance at 0x7f91a5ff3370>,7,12,[9 2],8,8,20,0,8
1,<environment.Job instance at 0x7f91e98a8cd0>,8,3,[5 1],9,20,23,11,9
1,<environment.Job instance at 0x7f91e9d00140>,11,17,[10  3],12,23,40,11,12
1,<environment.Job instance at 0x7f91e9a140a0>,14,16,[6 1],15,40,56,25,27
1,<environment.Job instance at 0x7f91a6212690>,0,15,[1 6],1,6,21,5,6
1,<environment.Job instance at 0x7f91ec377a50>,1,15,[10  2],2,105,120,103,105
1,<environment.Job instance at 0x7f91ec0aca00>,17,17,[5 5],18,120,137,102,109
1,<environment.Job instance at 0x7f91a618a3c0>,5,16,[10  1],6,13,29,7,13
1,<environment.Job instance at 0x7f91a5f24550>,9,13,[5 2],10,29,42,19,13
1,<environment.Job instance at 0x7f91a5f24550>,2,18,[1 6],3,6,24,3,6
1,<environment.Job instance at 0x7f91a60c0320>,9,15,[8 3],10,18,33,8,18
1,<environment.Job instance at 0x7f91e99bddc0>,13,13,[6 5],14,65,78,51,65
1,<environment.Job instance at 0x7f91e9b42410>,12,13,[1 9],13,78,91,65,66
1,<environment.Job instance at 0x7f91e9c957d0>,0,16,[10  1],1,24,40,23,24
1,<environment.Job instance at 0x7f91e9c95d20>,9,14,[4 5],10,40,54,30,27
1,<environment.Job instance at 0x7f91ebeeb4b0>,4,14,[7 4],5,6,20,1,6
1,<environment.Job instance at 0x7f91e977d640>,6,13,[2 7],7,20,33,13,12
1,<environment.Job instance at 0x7f91a5a6df00>,12,18,[7 5],13,33,51,20,22
1,<environment.Job instance at 0x7f91a5a6deb0>,15,12,[7 2],16,51,63,35,35
1,<environment.Job instance at 0x7f91a5a6d730>,18,1,[10  1],19,63,64,44,37
1,<environment.Job instance at 0x7f25269e82d0>,4,13,[3 6],5,6,19,1,6
1,<environment.Job instance at 0x7f2527b472d0>,1,14,[ 2 10],2,19,33,17,9
1,<environment.Job instance at 0x7f25269e8910>,12,12,[6 4],13,33,45,20,29
1,<environment.Job instance at 0x7f2527bd0d70>,5,17,[1 6],6,49,66,43,49
1,<environment.Job instance at 0x7f25269e89b0>,13,18,[5 9],14,66,84,52,58
1,<environment.Job instance at 0x7f2527b6ff50>,3,3,[10  3],4,11,14,7,11
1,<environment.Job instance at 0x7f2527cb5b40>,9,3,[1 5],10,14,17,4,11
1,<environment.Job instance at 0x7f2527cadd20>,14,12,[5 4],15,42,54,27,42
1,<environment.Job instance at 0x7f2527cad9b0>,13,13,[ 5 10],14,54,67,40,42
1,<environment.Job instance at 0x7f2527cada00>,15,15,[8 3],16,67,82,51,53
1,<environment.Job instance at 0x7f2527cbbf50>,19,13,[1 8],20,82,95,62,66
1,<environment.Job instance at 0x7f2527cbbe10>,25,3,[9 2],26,84,87,58,84
1,<environment.Job instance at 0x7f2527cbba50>,26,13,[10  5],27,95,108,68,89
1,<environment.Job instance at 0x7f2527cba6e0>,30,12,[5 1],31,108,120,77,97
1,<environment.Job instance at 0x7f24dca19c80>,1,13,[9 2],2,2,15,0,2
1,<environment.Job instance at 0x7f2527cbad70>,2,13,[4 5],3,15,28,12,3
1,<environment.Job instance at 0x7f24dca71960>,5,14,[10  3],6,110,124,104,110
1,<environment.Job instance at 0x7f24dca71460>,9,16,[5 8],10,124,140,114,111
1,<environment.Job instance at 0x7f24dcf37e60>,6,2,[5 3],7,20,22,13,20
1,<environment.Job instance at 0x7f24dcf37cd0>,4,16,[9 5],5,22,38,17,20
1,<environment.Job instance at 0x7f24dcece6e0>,12,13,[5 5],13,38,51,25,25
1,<environment.Job instance at 0x7f24dce2b460>,9,17,[5 4],10,25,42,15,25
1,<environment.Job instance at 0x7f24dce2b3c0>,8,15,[3 8],9,42,57,33,31
1,<environment.Job instance at 0x7f24dce2b640>,12,16,[4 6],13,64,80,51,64
1,<environment.Job instance at 0x7f24dce2b6e0>,13,16,[1 9],14,80,96,66,74
1,<environment.Job instance at 0x7f24dce2ba00>,18,15,[3 5],19,110,125,91,110
1,<environment.Job instance at 0x7f24dce2ba50>,19,12,[5 5],20,110,122,90,110
1,<environment.Job instance at 0x7f24dce2b0a0>,20,17,[5 5],21,122,139,101,110
1,<environment.Job instance at 0x7f24dce2bb90>,3,14,[9 2],4,4,18,0,4
1,<environment.Job instance at 0x7f24dccbfa00>,2,14,[8 4],3,18,32,15,5
1,<environment.Job instance at 0x7f25267a6140>,15,13,[1 5],16,72,85,56,72
1,<environment.Job instance at 0x7f2526a72140>,1,13,[8 1],2,4,17,2,4
1,<environment.Job instance at 0x7f24dcd44d20>,6,18,[1 6],7,7,25,0,7
1,<environment.Job instance at 0x7f24dd0030f0>,12,15,[5 4],13,43,58,30,43
1,<environment.Job instance at 0x7f2526a725a0>,3,17,[6 3],4,68,85,64,68
1,<environment.Job instance at 0x7f24dd003280>,16,12,[6 4],17,85,97,68,68
1,<environment.Job instance at 0x7f2526b2e780>,17,17,[2 6],18,68,85,50,68
1,<environment.Job instance at 0x7f2526fa7460>,22,17,[8 2],23,97,114,74,94
1,<environment.Job instance at 0x7f2526e1fa50>,0,1,[1 7],1,3,4,2,3
1,<environment.Job instance at 0x7f2526b9c910>,1,1,[9 4],2,4,5,2,4
1,<environment.Job instance at 0x7f24dcd1ca50>,7,17,[4 6],8,17,34,9,17
1,<environment.Job instance at 0x7f24dcd1cb90>,10,17,[5 8],11,35,52,24,35
1,<environment.Job instance at 0x7f24dcd1cf00>,16,14,[10  1],17,52,66,35,41
1,<environment.Job instance at 0x7f24dcd03230>,19,16,[6 3],20,66,82,46,53
1,<environment.Job instance at 0x7f24dcd03370>,1,19,[2 6],2,27,46,25,27
1,<environment.Job instance at 0x7f24dcf7e0a0>,9,12,[1 6],10,46,58,36,30
1,<environment.Job instance at 0x7f24dcf7ef00>,10,18,[6 4],11,30,48,19,30
1,<environment.Job instance at 0x7f24dcf7e730>,13,14,[9 1],14,50,64,36,50
1,<environment.Job instance at 0x7f252711fb40>,18,12,[2 7],19,64,76,45,52
1,<environment.Job instance at 0x7f252711fbe0>,19,12,[8 1],20,64,76,44,53
1,<environment.Job instance at 0x7f2526b9abe0>,25,14,[1 6],26,95,109,69,95
1,<environment.Job instance at 0x7f2526defbe0>,26,17,[9 4],27,95,112,68,95
1,<environment.Job instance at 0x7f252711f6e0>,20,17,[2 7],21,114,131,93,114
1,<environment.Job instance at 0x7f25267e6500>,31,13,[7 3],32,114,127,82,114
1,<environment.Job instance at 0x7f25268b6140>,1,15,[3 6],2,20,35,18,20
1,<environment.Job instance at 0x7f24dcff89b0>,8,12,[10  3],9,35,47,26,20
1,<environment.Job instance at 0x7f25268b6b90>,5,18,[10  4],6,48,66,42,48
1,<environment.Job instance at 0x7f2527281370>,13,13,[5 5],14,66,79,52,50
1,<environment.Job instance at 0x7f24dd0e7140>,19,18,[8 1],20,117,135,97,117
1,<environment.Job instance at 0x7f2526e82690>,5,12,[5 9],6,54,66,48,54
1,<environment.Job instance at 0x7f24dcfb8eb0>,3,17,[5 9],4,7,24,3,7
1,<environment.Job instance at 0x7f252686e140>,13,2,[5 7],14,24,26,10,24
1,<environment.Job instance at 0x7f2526af95a0>,19,14,[3 7],20,103,117,83,103
1,<environment.Job instance at 0x7f24dc9ec230>,21,13,[5 8],22,117,130,95,103
1,<environment.Job instance at 0x7f24dccb6f00>,0,12,[1 7],1,4,16,3,4
1,<environment.Job instance at 0x7f2526ef5f00>,9,15,[2 5],10,46,61,36,46
1,<environment.Job instance at 0x7f2526ee30a0>,11,3,[6 3],12,46,49,34,46
1,<environment.Job instance at 0x7f2526ee3c30>,16,12,[7 5],17,66,78,49,66
1,<environment.Job instance at 0x7f2526ee3d70>,19,18,[3 6],20,82,100,62,82
1,<environment.Job instance at 0x7f2526d3fa50>,4,18,[6 5],5,5,23,0,5
1,<environment.Job instance at 0x7f24dc857410>,0,12,[9 4],1,27,39,26,27
1,<environment.Job instance at 0x7f24dcff7f00>,11,14,[3 7],12,39,53,27,27
1,<environment.Job instance at 0x7f252716c3c0>,14,12,[8 5],15,53,65,38,37
1,<environment.Job instance at 0x7f252750d280>,17,18,[10  2],18,65,83,47,54
1,<environment.Job instance at 0x7f2526b62870>,2,12,[ 4 10],3,5,17,2,5
1,<environment.Job instance at 0x7f24dc73a5a0>,5,13,[3 9],6,17,30,11,6
1,<environment.Job instance at 0x7f24dc9fc500>,12,13,[ 5 10],13,82,95,69,82
1,<environment.Job instance at 0x7f24dc9fcb90>,16,14,[3 7],17,95,109,78,86
1,<environment.Job instance at 0x7f24dc9fc140>,18,13,[6 3],19,95,108,76,91
1,<environment.Job instance at 0x7f24dc9fcaf0>,21,1,[1 5],22,109,110,87,108
1,<environment.Job instance at 0x7f24dc9fcaa0>,23,2,[3 7],24,110,112,86,108
1,<environment.Job instance at 0x7f24dc9fc640>,15,18,[2 9],16,112,130,96,112
1,<environment.Job instance at 0x7f24dc9fc640>,3,23,[2 7],4,7,30,3,7
1,<environment.Job instance at 0x7f24dcefe5f0>,8,14,[8 3],9,19,33,10,19
1,<environment.Job instance at 0x7f24dcefe690>,9,13,[10  2],10,33,46,23,30
1,<environment.Job instance at 0x7f24dcf04410>,18,16,[5 8],19,81,97,62,81
1,<environment.Job instance at 0x7f2526fc9f00>,5,16,[4 9],6,12,28,6,12
1,<environment.Job instance at 0x7f24dc7ad820>,11,14,[3 5],12,28,42,16,19
1,<environment.Job instance at 0x7f2526b6d910>,1,12,[3 5],2,2,14,0,2
1,<environment.Job instance at 0x7f2526820370>,6,3,[5 9],7,14,17,7,7
1,<environment.Job instance at 0x7f2526820d70>,8,16,[7 2],9,17,33,8,10
1,<environment.Job instance at 0x7f2526820fa0>,10,1,[5 2],11,11,12,0,11
1,<environment.Job instance at 0x7f2526820730>,7,15,[7 4],8,33,48,25,19
1,<environment.Job instance at 0x7f25267acfa0>,13,18,[2 7],14,48,66,34,38
1,<environment.Job instance at 0x7f25267ac870>,20,14,[9 5],21,66,80,45,60
1,<environment.Job instance at 0x7f2526b6d1e0>,0,16,[ 4 10],1,87,103,86,87
1,<environment.Job instance at 0x7f25267acb40>,1,25,[5 3],2,2,27,0,2
1,<environment.Job instance at 0x7f24dcc9af00>,3,1,[4 8],4,27,28,23,4
1,<environment.Job instance at 0x7f24dcc9ab90>,2,17,[1 7],3,6,23,3,6
1,<environment.Job instance at 0x7fd372b16190>,5,17,[1 6],6,9,26,3,9
1,<environment.Job instance at 0x7fd36b7068c0>,12,12,[6 4],13,32,44,19,32
1,<environment.Job instance at 0x7fd372b160f0>,2,14,[ 2 10],3,44,58,41,32
1,<environment.Job instance at 0x7fd36b706be0>,17,12,[6 4],18,58,70,40,56
1,<environment.Job instance at 0x7fd36b7062d0>,4,13,[3 6],5,58,71,53,56
1,<environment.Job instance at 0x7fd372b3ed70>,2,18,[10  4],3,5,23,2,5
1,<environment.Job instance at 0x7fd372c84280>,11,14,[ 3 10],12,23,37,11,23
1,<environment.Job instance at 0x7fd372b3e410>,3,13,[ 5 10],4,37,50,33,30
1,<environment.Job instance at 0x7fd372c7c5f0>,19,17,[5 7],20,50,67,30,38
1,<environment.Job instance at 0x7fd372b3f140>,24,15,[ 2 10],25,67,82,42,56
1,<environment.Job instance at 0x7fd327addc30>,2,15,[5 4],3,5,20,2,5
1,<environment.Job instance at 0x7fd327a390f0>,12,15,[7 5],13,41,56,28,41
1,<environment.Job instance at 0x7fd327a39410>,7,14,[9 1],8,56,70,48,47
1,<environment.Job instance at 0x7fd327a39820>,18,15,[5 8],19,73,88,54,73
1,<environment.Job instance at 0x7fd327a39e60>,15,15,[3 6],16,88,103,72,74
1,<environment.Job instance at 0x7fd327a393c0>,23,2,[5 7],24,103,105,79,88
1,<environment.Job instance at 0x7fd327a39b40>,24,2,[8 1],25,105,107,80,94
1,<environment.Job instance at 0x7fd327a39dc0>,14,17,[8 4],15,107,124,92,95
1,<environment.Job instance at 0x7fd327ae6be0>,34,13,[8 2],35,124,137,89,123
1,<environment.Job instance at 0x7fd327ae9870>,0,18,[10  5],1,7,25,6,7
1,<environment.Job instance at 0x7fd327b03370>,4,15,[10  4],5,32,47,27,32
1,<environment.Job instance at 0x7fd36b9c92d0>,0,16,[5 8],1,5,21,4,5
1,<environment.Job instance at 0x7fd327e04730>,6,15,[1 7],7,21,36,14,8
1,<environment.Job instance at 0x7fd36b470b90>,4,14,[8 3],5,21,35,16,21
1,<environment.Job instance at 0x7fd36b470190>,8,17,[2 5],9,21,38,12,21
1,<environment.Job instance at 0x7fd36b470780>,9,13,[5 8],10,48,61,38,48
1,<environment.Job instance at 0x7fd36b470960>,0,12,[7 2],1,85,97,84,85
1,<environment.Job instance at 0x7fd36bde7780>,20,17,[ 4 10],21,97,114,76,85
1,<environment.Job instance at 0x7fd36bde7b90>,19,16,[5 4],20,114,130,94,103
1,<environment.Job instance at 0x7fd36bde7230>,23,17,[3 5],24,124,141,100,124
1,<environment.Job instance at 0x7fd36b73eaa0>,1,14,[8 5],2,3,17,1,3
1,<environment.Job instance at 0x7fd36bacddc0>,0,14,[1 7],1,67,81,66,67
1,<environment.Job instance at 0x7fd3278f1dc0>,7,15,[ 2 10],8,47,62,39,47
1,<environment.Job instance at 0x7fd3278dd500>,13,13,[5 5],14,62,75,48,49
1,<environment.Job instance at 0x7fd3278dd820>,18,13,[8 3],19,96,109,77,96
1,<environment.Job instance at 0x7fd3279bcfa0>,0,14,[10  4],1,109,123,108,101
1,<environment.Job instance at 0x7fd36baba690>,1,14,[4 6],2,2,16,0,2
1,<environment.Job instance at 0x7fd36baba6e0>,3,15,[5 5],4,16,31,12,4
1,<environment.Job instance at 0x7fd36bdf7cd0>,8,19,[6 3],9,31,50,22,28
1,<environment.Job instance at 0x7fd36baf54b0>,15,14,[5 7],16,50,64,34,39
1,<environment.Job instance at 0x7fd327d552d0>,6,15,[10  5],7,25,40,18,25
1,<environment.Job instance at 0x7fd36c3cc690>,11,16,[1 8],12,75,91,63,75
1,<environment.Job instance at 0x7fd36c3cc5a0>,12,12,[3 7],13,91,103,78,75
1,<environment.Job instance at 0x7fd36c01db90>,14,17,[2 5],15,103,120,88,95
1,<environment.Job instance at 0x7fd32807b5f0>,7,12,[4 8],8,27,39,19,27
1,<environment.Job instance at 0x7fd32807b7d0>,10,2,[5 5],11,51,53,40,51
1,<environment.Job instance at 0x7fd32807b870>,11,17,[3 7],12,100,117,88,100
1,<environment.Job instance at 0x7fd32807bcd0>,18,17,[3 5],19,117,134,98,105
1,<environment.Job instance at 0x7fd36bbc4f00>,0,13,[7 3],1,2,15,1,2
1,<environment.Job instance at 0x7fd327fd25f0>,2,18,[1 8],3,15,33,12,6
1,<environment.Job instance at 0x7fd327fd2b40>,8,13,[3 7],9,33,46,24,24
1,<environment.Job instance at 0x7fd327fd2d70>,13,17,[5 9],14,72,89,58,72
1,<environment.Job instance at 0x7fd36b7003c0>,0,12,[1 7],1,5,17,4,5
1,<environment.Job instance at 0x7fd372b3e280>,16,12,[7 5],17,66,78,49,66
1,<environment.Job instance at 0x7fd36b4bc3c0>,19,18,[3 6],20,78,96,58,78
1,<environment.Job instance at 0x7fd327b37870>,5,12,[9 1],6,10,22,4,10
1,<environment.Job instance at 0x7fd327b374b0>,7,18,[10  2],8,22,40,14,14
1,<environment.Job instance at 0x7fd36c09ad20>,1,1,[1 5],2,2,3,0,2
1,<environment.Job instance at 0x7fd3279fdf00>,2,13,[3 8],3,6,19,3,6
1,<environment.Job instance at 0x7fd36b7f3eb0>,9,16,[5 6],10,19,35,9,11
1,<environment.Job instance at 0x7fd36bb31960>,4,16,[7 5],5,5,21,0,5
1,<environment.Job instance at 0x7fd36bb31cd0>,0,16,[7 4],1,25,41,24,25
1,<environment.Job instance at 0x7fd327775a00>,13,18,[1 5],14,26,44,12,26
1,<environment.Job instance at 0x7fd36bb316e0>,3,14,[ 5 10],4,48,62,44,48
1,<environment.Job instance at 0x7fd36bb31870>,2,13,[9 5],3,5,18,2,5
1,<environment.Job instance at 0x7fd36babb1e0>,5,15,[3 6],6,18,33,12,7
1,<environment.Job instance at 0x7fd36babb690>,6,16,[10  3],7,33,49,26,23
1,<environment.Job instance at 0x7fd36ba8daf0>,14,14,[7 4],15,49,63,34,35
1,<environment.Job instance at 0x7fd36ba8d230>,15,16,[3 5],16,49,65,33,41
1,<environment.Job instance at 0x7fd36ba8af00>,18,16,[5 5],19,63,79,44,59
1,<environment.Job instance at 0x7fd36baba320>,23,15,[6 3],24,102,117,78,102
1,<environment.Job instance at 0x7fd36ba8a6e0>,24,14,[3 7],25,104,118,79,104
1,<environment.Job instance at 0x7fd327e26640>,4,17,[8 4],5,27,44,22,27
1,<environment.Job instance at 0x7fd327776280>,21,13,[7 4],22,123,136,101,123
1,<environment.Job instance at 0x7fd36bfb9e10>,18,12,[8 5],19,136,148,117,123
1,<environment.Job instance at 0x7fd36b7182d0>,25,1,[10  2],26,148,149,122,127
1,<environment.Job instance at 0x7fd36b9a7f00>,1,1,[2 7],2,2,3,0,2
1,<environment.Job instance at 0x7fd36b9a7140>,0,13,[3 9],1,61,74,60,61
1,<environment.Job instance at 0x7fd36c0035a0>,8,16,[ 3 10],9,74,90,65,62
1,<environment.Job instance at 0x7fd36c003a50>,16,18,[ 5 10],17,90,108,73,80
1,<environment.Job instance at 0x7fd327d7a230>,1,17,[4 5],2,20,37,18,20
1,<environment.Job instance at 0x7fd36b5b8fa0>,7,14,[7 2],8,37,51,29,22
1,<environment.Job instance at 0x7fd36c3341e0>,11,17,[3 8],12,37,54,25,25
1,<environment.Job instance at 0x7fd36c3346e0>,12,18,[5 5],13,54,72,41,44
1,<environment.Job instance at 0x7fd36b5b8d70>,4,16,[4 9],5,72,88,67,59
1,<environment.Job instance at 0x7fc6cc42c2d0>,1,14,[ 2 10],2,9,23,7,9
1,<environment.Job instance at 0x7fc6c501c780>,11,12,[8 4],12,28,40,16,28
1,<environment.Job instance at 0x7fc6c501c960>,12,12,[6 4],13,40,52,27,28
1,<environment.Job instance at 0x7fc6cc42c0a0>,2,14,[ 2 10],3,56,70,53,56
1,<environment.Job instance at 0x7fc6812ec8c0>,1,2,[7 3],2,2,4,0,2
1,<environment.Job instance at 0x7fc6cc5a0f00>,2,16,[7 5],3,4,20,1,3
1,<environment.Job instance at 0x7fc681310870>,3,2,[5 7],4,20,22,16,4
1,<environment.Job instance at 0x7fc6812e4500>,6,13,[8 4],7,22,35,15,8
1,<environment.Job instance at 0x7fc6812f6c30>,14,13,[8 2],15,35,48,20,33
1,<environment.Job instance at 0x7fc6812ec230>,0,15,[9 2],1,48,63,47,34
1,<environment.Job instance at 0x7fc6812f6dc0>,20,18,[1 7],21,35,53,14,34
1,<environment.Job instance at 0x7fc6812f6aa0>,12,12,[8 3],13,63,75,50,50
1,<environment.Job instance at 0x7fc6812f6d70>,24,3,[4 5],25,75,78,50,52
1,<environment.Job instance at 0x7fc6812f65a0>,25,16,[5 3],26,75,91,49,62
1,<environment.Job instance at 0x7fc6812e6af0>,28,14,[5 2],29,78,92,49,69
1,<environment.Job instance at 0x7fc6812e6280>,30,14,[5 8],31,91,105,60,77
1,<environment.Job instance at 0x7fc6813d30a0>,2,16,[ 4 10],3,26,42,23,26
1,<environment.Job instance at 0x7fc6812a8e10>,8,17,[9 4],9,42,59,33,30
1,<environment.Job instance at 0x7fc6812a8b90>,13,17,[10  4],14,59,76,45,47
1,<environment.Job instance at 0x7fc6812a8730>,15,14,[10  2],16,76,90,60,61
1,<environment.Job instance at 0x7fc6813c1280>,1,18,[4 9],2,5,23,3,5
1,<environment.Job instance at 0x7fc681719140>,9,14,[6 5],10,28,42,18,28
1,<environment.Job instance at 0x7fc6817191e0>,10,12,[9 3],11,42,54,31,29
1,<environment.Job instance at 0x7fc6817193c0>,13,2,[3 7],14,54,56,40,43
1,<environment.Job instance at 0x7fc681719460>,14,17,[1 6],15,56,73,41,46
1,<environment.Job instance at 0x7fc6817195a0>,16,17,[5 6],17,81,98,64,81
1,<environment.Job instance at 0x7fc681719780>,19,15,[ 3 10],20,98,113,78,91
1,<environment.Job instance at 0x7fc681719b40>,25,16,[2 8],26,128,144,102,128
1,<environment.Job instance at 0x7fc681329960>,1,1,[5 9],2,2,3,0,2
1,<environment.Job instance at 0x7fc681719af0>,2,18,[6 4],3,4,22,1,4
1,<environment.Job instance at 0x7fc6c532d190>,6,15,[4 8],7,22,37,15,11
1,<environment.Job instance at 0x7fc681329370>,0,16,[8 4],1,37,53,36,28
1,<environment.Job instance at 0x7fc6c532d870>,17,12,[6 3],18,53,65,35,49
1,<environment.Job instance at 0x7fc6c532db90>,8,15,[10  2],9,74,89,65,74
1,<environment.Job instance at 0x7fc681618410>,23,17,[6 3],24,89,106,65,78
1,<environment.Job instance at 0x7fc6816180a0>,25,19,[10  1],26,106,125,80,103
1,<environment.Job instance at 0x7fc681618280>,28,14,[9 2],29,125,139,96,118
1,<environment.Job instance at 0x7fc6c7b0f7d0>,0,1,[1 7],1,4,5,3,4
1,<environment.Job instance at 0x7fc6c759ce10>,7,17,[4 6],8,16,33,8,16
1,<environment.Job instance at 0x7fc6c52ec7d0>,15,17,[6 3],16,28,45,12,28
1,<environment.Job instance at 0x7fc6c537b870>,16,14,[10  1],17,45,59,28,30
1,<environment.Job instance at 0x7fc6813f1e60>,20,14,[5 5],21,59,73,38,49
1,<environment.Job instance at 0x7fc6c4e711e0>,0,17,[2 7],1,3,20,2,3
1,<environment.Job instance at 0x7fc6c77136e0>,10,19,[2 9],11,20,39,9,18
1,<environment.Job instance at 0x7fc6c7713500>,6,17,[9 4],7,39,56,32,27
1,<environment.Job instance at 0x7fc6c7713b40>,17,13,[2 7],18,56,69,38,41
1,<environment.Job instance at 0x7fc6c770e230>,21,17,[5 9],22,69,86,47,66
1,<environment.Job instance at 0x7fc6c770e320>,25,17,[1 6],26,88,105,62,88
1,<environment.Job instance at 0x7fc6c4e71870>,4,18,[1 9],5,105,123,100,94
1,<environment.Job instance at 0x7fc6c770e9b0>,31,12,[4 8],32,123,135,91,117
1,<environment.Job instance at 0x7fc6812edd20>,4,17,[2 6],5,5,22,0,5
1,<environment.Job instance at 0x7fc6c7cb7dc0>,7,25,[1 5],8,40,65,32,40
1,<environment.Job instance at 0x7fc6c502aaa0>,15,15,[4 7],16,65,80,49,59
1,<environment.Job instance at 0x7fc6c4f824b0>,19,15,[4 8],20,80,95,60,66
1,<environment.Job instance at 0x7fc6c5407cd0>,25,13,[7 1],26,97,110,71,97
1,<environment.Job instance at 0x7fc6815a69b0>,2,16,[7 4],3,5,21,2,5
1,<environment.Job instance at 0x7fc6815a6370>,5,17,[5 9],6,21,38,15,18
1,<environment.Job instance at 0x7fc6c7817d70>,15,13,[10  3],16,110,123,94,110
1,<environment.Job instance at 0x7fc6c78176e0>,16,16,[2 6],17,123,139,106,114
1,<environment.Job instance at 0x7fc681418af0>,11,17,[10  3],12,59,76,47,59
1,<environment.Job instance at 0x7fc681418640>,13,12,[9 4],14,76,88,62,63
1,<environment.Job instance at 0x7fc6c7c18eb0>,3,16,[ 3 10],4,88,104,84,77
1,<environment.Job instance at 0x7fc6814096e0>,20,13,[7 2],21,104,117,83,96
1,<environment.Job instance at 0x7fc68187d370>,1,2,[5 7],2,2,4,0,2
1,<environment.Job instance at 0x7fc6818343c0>,10,3,[1 7],11,13,16,2,13
1,<environment.Job instance at 0x7fc6814095a0>,3,12,[ 3 10],4,20,32,16,20
1,<environment.Job instance at 0x7fc6818f6dc0>,11,17,[10  3],12,32,49,20,21
1,<environment.Job instance at 0x7fc6818340a0>,14,16,[6 1],15,49,65,34,36
1,<environment.Job instance at 0x7fc6cc593410>,17,13,[ 4 10],18,65,78,47,52
1,<environment.Job instance at 0x7fc6c4fe9550>,20,12,[1 7],21,78,90,57,62
1,<environment.Job instance at 0x7fc6c54defa0>,2,18,[7 1],3,5,23,2,5
1,<environment.Job instance at 0x7fc6cc59c230>,4,18,[6 5],5,41,59,36,41
1,<environment.Job instance at 0x7fc681662f00>,14,12,[8 5],15,69,81,54,69
1,<environment.Job instance at 0x7fc6c7712190>,2,13,[3 8],3,7,20,4,7
1,<environment.Job instance at 0x7fc68132d730>,9,16,[5 6],10,20,36,10,11
1,<environment.Job instance at 0x7fc68132db90>,2,14,[3 7],3,5,19,2,5
1,<environment.Job instance at 0x7fc6c4f84dc0>,15,16,[5 3],16,101,117,85,101
1,<environment.Job instance at 0x7fc6c4f6d550>,18,1,[1 9],19,117,118,98,106
1,<environment.Job instance at 0x7fc6c5313820>,21,12,[8 1],22,129,141,107,129
1,<environment.Job instance at 0x7fc6c4f1d910>,3,15,[6 3],4,6,21,2,6
1,<environment.Job instance at 0x7fc681007410>,12,16,[4 6],13,44,60,31,44
1,<environment.Job instance at 0x7fc68121c2d0>,14,18,[3 8],15,60,78,45,49
1,<environment.Job instance at 0x7fc68121c960>,19,19,[3 5],20,113,132,93,113
1,<environment.Job instance at 0x7fc68121c870>,20,18,[7 5],21,119,137,98,119
1,<environment.Job instance at 0x7fc681008a50>,22,17,[1 6],23,137,154,114,125
1,<environment.Job instance at 0x7fc68121cbe0>,7,16,[8 1],8,12,28,4,12
1,<environment.Job instance at 0x7fc6c79df320>,9,18,[7 2],10,28,46,18,17
1,<environment.Job instance at 0x7fc6c7954e60>,0,17,[10  2],1,16,33,15,16
1,<environment.Job instance at 0x7fc681782c30>,10,17,[5 3],11,33,50,22,21
1,<environment.Job instance at 0x7fc681782f00>,12,14,[5 4],13,44,58,31,44
1,<environment.Job instance at 0x7fc681091c30>,1,14,[1 8],2,3,17,1,3
1,<environment.Job instance at 0x7fc681782f00>,3,13,[9 1],4,6,19,2,6
1,<environment.Job instance at 0x7fc6811cb6e0>,5,13,[2 5],6,19,32,13,6
1,<environment.Job instance at 0x7fc6811db6e0>,12,2,[9 5],13,32,34,19,23
1,<environment.Job instance at 0x7fc6811dbb90>,13,18,[7 5],14,34,52,20,23
1,<environment.Job instance at 0x7fc6811dbe60>,15,13,[5 5],16,52,65,36,37
1,<environment.Job instance at 0x7fc6811dbd70>,14,16,[5 5],15,52,68,37,48
1,<environment.Job instance at 0x7fc681810460>,21,13,[7 3],22,68,81,46,67
1,<environment.Job instance at 0x7fc681810af0>,22,14,[5 5],23,81,95,58,67
1,<environment.Job instance at 0x7fc681810370>,29,13,[10  1],30,120,133,90,120
1,<environment.Job instance at 0x7fc6c4fa6a00>,3,19,[7 1],4,11,30,7,11
1,<environment.Job instance at 0x7fc68150bfa0>,10,1,[3 7],11,23,24,12,23
1,<environment.Job instance at 0x7fc680f9f8c0>,2,18,[9 4],3,30,48,27,23
1,<environment.Job instance at 0x7f3dac6131e0>,0,17,[6 1],1,4,21,3,4
1,<environment.Job instance at 0x7f3da5204280>,5,17,[1 6],6,28,45,22,28
1,<environment.Job instance at 0x7f3dac6130f0>,2,14,[ 2 10],3,45,59,42,32
1,<environment.Job instance at 0x7f3da5204be0>,17,12,[6 4],18,61,73,43,61
1,<environment.Job instance at 0x7f3da52178c0>,0,12,[5 1],1,4,16,3,4
1,<environment.Job instance at 0x7f3dac63be10>,3,17,[5 8],4,46,63,42,46
1,<environment.Job instance at 0x7f3dac781b40>,10,12,[1 8],11,63,75,52,46
1,<environment.Job instance at 0x7f3dac779b90>,16,3,[5 6],17,94,97,77,94
1,<environment.Job instance at 0x7f3dac779be0>,17,20,[8 1],18,97,117,79,97
1,<environment.Job instance at 0x7f3dac63a410>,20,13,[5 7],21,117,130,96,101
1,<environment.Job instance at 0x7f3dac63a460>,19,17,[4 7],20,130,147,110,123
1,<environment.Job instance at 0x7f3dac787410>,24,17,[5 1],25,125,142,100,125
1,<environment.Job instance at 0x7f3dac787f50>,29,17,[3 5],30,147,164,117,140
1,<environment.Job instance at 0x7f3d614cd690>,6,14,[7 1],7,7,21,0,7
1,<environment.Job instance at 0x7f3d614cd5f0>,7,12,[6 3],8,21,33,13,9
1,<environment.Job instance at 0x7f3d615e6960>,10,14,[5 8],11,33,47,22,18
1,<environment.Job instance at 0x7f3d615e6370>,12,13,[6 5],13,47,60,34,31
1,<environment.Job instance at 0x7f3d615e6c30>,18,16,[8 3],19,60,76,41,48
1,<environment.Job instance at 0x7f3d618b7be0>,0,14,[10  3],1,4,18,3,4
1,<environment.Job instance at 0x7f3d61610500>,4,2,[3 7],5,18,20,13,5
1,<environment.Job instance at 0x7f3d61610fa0>,7,12,[4 5],8,20,32,12,19
1,<environment.Job instance at 0x7f3d61610cd0>,10,15,[6 4],11,23,38,12,23
1,<environment.Job instance at 0x7f3d61850410>,15,15,[ 4 10],16,38,53,22,28
1,<environment.Job instance at 0x7f3d61850550>,2,14,[8 4],3,3,17,0,3
1,<environment.Job instance at 0x7f3da53253c0>,3,14,[9 2],4,17,31,13,4
1,<environment.Job instance at 0x7f3d618f2a50>,14,15,[6 1],15,47,62,32,47
1,<environment.Job instance at 0x7f3d618f24b0>,6,14,[5 8],7,136,150,129,136
1,<environment.Job instance at 0x7f3d61902140>,24,15,[9 1],25,150,165,125,137
1,<environment.Job instance at 0x7f3d619020a0>,2,17,[7 4],3,3,20,0,3
1,<environment.Job instance at 0x7f3da5711a50>,9,14,[5 7],10,20,34,10,19
1,<environment.Job instance at 0x7f3da57115a0>,10,14,[10  1],11,34,48,23,19
1,<environment.Job instance at 0x7f3da5711eb0>,6,19,[6 2],7,50,69,43,50
1,<environment.Job instance at 0x7f3d619020f0>,5,17,[ 1 10],6,69,86,63,59
1,<environment.Job instance at 0x7f3d61af6b40>,7,13,[4 5],8,22,35,14,22
1,<environment.Job instance at 0x7f3dabc0de60>,10,14,[10  4],11,43,57,32,43
1,<environment.Job instance at 0x7f3dabc5de60>,17,15,[ 2 10],18,89,104,71,89
1,<environment.Job instance at 0x7f3dabad8460>,2,18,[6 4],3,5,23,2,5
1,<environment.Job instance at 0x7f3d613529b0>,5,14,[5 7],6,23,37,17,8
1,<environment.Job instance at 0x7f3d6163ce60>,6,12,[3 8],7,37,49,30,23
1,<environment.Job instance at 0x7f3d61354140>,14,17,[8 3],15,54,71,39,54
1,<environment.Job instance at 0x7f3d613541e0>,15,13,[7 1],16,71,84,55,55
1,<environment.Job instance at 0x7f3da543d7d0>,5,12,[7 2],6,7,19,1,7
1,<environment.Job instance at 0x7f3d614a7460>,8,18,[2 5],9,10,28,1,10
1,<environment.Job instance at 0x7f3dabf7c910>,2,16,[10  1],3,28,44,25,27
1,<environment.Job instance at 0x7f3d618a4190>,16,13,[8 3],17,44,57,27,35
1,<environment.Job instance at 0x7f3d61aaedc0>,17,12,[ 3 10],18,57,69,39,41
1,<environment.Job instance at 0x7f3d614a7280>,11,18,[4 6],12,69,87,57,65
1,<environment.Job instance at 0x7f3da51d7f50>,24,16,[1 8],25,87,103,62,77
1,<environment.Job instance at 0x7f3da5096f50>,0,14,[9 3],1,5,19,4,5
1,<environment.Job instance at 0x7f3dabeba140>,8,18,[8 5],9,19,37,10,9
1,<environment.Job instance at 0x7f3dabeba730>,15,18,[2 9],16,40,58,24,40
1,<environment.Job instance at 0x7f3dabeba6e0>,13,12,[ 4 10],14,60,72,46,60
1,<environment.Job instance at 0x7f3dabebaa50>,19,1,[1 9],20,72,73,52,60
1,<environment.Job instance at 0x7f3dabeba4b0>,9,16,[9 3],10,73,89,63,65
1,<environment.Job instance at 0x7f3d61878690>,0,15,[1 6],1,44,59,43,44
1,<environment.Job instance at 0x7f3dabc25e10>,10,2,[4 8],11,69,71,58,69
1,<environment.Job instance at 0x7f3da510fa50>,14,14,[7 1],15,97,111,82,97
1,<environment.Job instance at 0x7f3dabc25410>,12,16,[8 2],13,111,127,98,98
1,<environment.Job instance at 0x7f3da510f910>,16,22,[2 6],17,101,123,84,101
1,<environment.Job instance at 0x7f3da510f370>,19,20,[1 5],20,123,143,103,120
1,<environment.Job instance at 0x7f3d6160b2d0>,21,17,[9 1],22,127,144,105,120
1,<environment.Job instance at 0x7f3dac1e0e60>,1,15,[10  2],2,144,159,142,131
1,<environment.Job instance at 0x7f3dac80ceb0>,30,12,[9 4],31,159,171,128,144
1,<environment.Job instance at 0x7f3da51a8eb0>,2,12,[ 4 10],3,4,16,1,4
1,<environment.Job instance at 0x7f3dabf7d5f0>,5,13,[3 9],6,16,29,10,7
1,<environment.Job instance at 0x7f3dabf7d500>,8,18,[ 1 10],9,31,49,22,31
1,<environment.Job instance at 0x7f3da5395e10>,14,16,[5 4],15,77,93,62,77
1,<environment.Job instance at 0x7f3da5395dc0>,18,13,[6 3],19,93,106,74,84
1,<environment.Job instance at 0x7f3da5395eb0>,23,2,[3 7],24,102,104,78,102
1,<environment.Job instance at 0x7f3da53959b0>,22,13,[3 8],23,106,119,83,102
1,<environment.Job instance at 0x7f3dabd49f00>,0,16,[7 4],1,25,41,24,25
1,<environment.Job instance at 0x7f3da5640b90>,13,18,[1 5],14,25,43,11,25
1,<environment.Job instance at 0x7f3da5652c30>,3,14,[ 5 10],4,46,60,42,46
1,<environment.Job instance at 0x7f3daba6b1e0>,3,15,[6 3],4,5,20,1,5
1,<environment.Job instance at 0x7f3da5652c30>,4,14,[3 7],5,22,36,17,22
1,<environment.Job instance at 0x7f3d61b9f050>,11,12,[5 5],12,36,48,24,22
1,<environment.Job instance at 0x7f3d61b91b90>,5,12,[7 2],6,23,35,17,23
1,<environment.Job instance at 0x7f3da53fb4b0>,2,18,[7 5],3,48,66,45,40
1,<environment.Job instance at 0x7f3dabfae460>,20,18,[7 5],21,107,125,86,107
1,<environment.Job instance at 0x7f3d61a83dc0>,22,17,[1 6],23,125,142,102,113
1,<environment.Job instance at 0x7f3d61b89cd0>,4,16,[5 6],5,5,21,0,5
1,<environment.Job instance at 0x7f3d612ccdc0>,9,14,[7 2],10,21,35,11,10
1,<environment.Job instance at 0x7f3d61b89e10>,12,15,[5 5],13,35,50,22,26
1,<environment.Job instance at 0x7f3d61b40460>,1,18,[2 7],2,8,26,6,8
1,<environment.Job instance at 0x7f3dabf3a0f0>,5,17,[6 1],6,24,41,18,24
1,<environment.Job instance at 0x7f3dabc8e550>,9,18,[10  1],10,51,69,41,51
1,<environment.Job instance at 0x7f3dabcb7280>,16,17,[5 3],17,73,90,56,73
1,<environment.Job instance at 0x7f3dabcb7e60>,23,12,[5 1],24,77,89,53,77
1,<environment.Job instance at 0x7f3d6138e140>,0,19,[5 5],1,3,22,2,3
1,<environment.Job instance at 0x7f3da5595a50>,5,1,[1 7],6,22,23,16,6
1,<environment.Job instance at 0x7f3da54d0500>,8,13,[8 3],9,22,35,13,10
1,<environment.Job instance at 0x7f3da4f6c870>,2,16,[5 6],3,5,21,2,5
1,<environment.Job instance at 0x7f3da5454050>,7,13,[1 9],8,21,34,13,8
1,<environment.Job instance at 0x7f3da5454960>,8,17,[7 1],9,21,38,12,9
1,<environment.Job instance at 0x7f3da5454230>,11,16,[9 2],12,38,54,26,26
1,<environment.Job instance at 0x7f3da525a1e0>,1,17,[5 4],2,4,21,2,4
1,<environment.Job instance at 0x7f3d611820a0>,4,16,[4 5],5,7,23,2,7
1,<environment.Job instance at 0x7f3d6181b730>,11,13,[6 4],12,21,34,9,12
1,<environment.Job instance at 0x7f3dabcc1cd0>,12,17,[5 5],13,34,51,21,24
1,<environment.Job instance at 0x7f3dabcc1500>,16,18,[7 5],17,51,69,34,40
1,<environment.Job instance at 0x7f23da4c31e0>,0,17,[6 1],1,2,19,1,2
1,<environment.Job instance at 0x7f23da4c32d0>,1,14,[ 2 10],2,19,33,17,7
1,<environment.Job instance at 0x7f23da4c3190>,2,14,[ 2 10],3,33,47,30,28
1,<environment.Job instance at 0x7f23d30b3870>,13,18,[5 9],14,57,75,43,57
1,<environment.Job instance at 0x7f23d30c6d20>,0,12,[1 8],1,5,17,4,5
1,<environment.Job instance at 0x7f23da6295f0>,9,17,[4 7],10,24,41,14,24
1,<environment.Job instance at 0x7f23da629be0>,10,13,[5 7],11,41,54,30,25
1,<environment.Job instance at 0x7f23da4ea690>,14,17,[5 1],15,47,64,32,47
1,<environment.Job instance at 0x7f23da4ea410>,13,19,[3 8],14,54,73,40,52
1,<environment.Job instance at 0x7f23da62ac80>,26,13,[9 5],27,126,139,99,126
1,<environment.Job instance at 0x7f23da62a640>,28,19,[5 3],29,139,158,110,138
1,<environment.Job instance at 0x7f238f3a74b0>,1,16,[ 4 10],2,123,139,121,123
1,<environment.Job instance at 0x7f238f467aa0>,13,14,[10  5],14,139,153,125,125
1,<environment.Job instance at 0x7f238f4674b0>,17,15,[ 2 10],18,153,168,135,152
1,<environment.Job instance at 0x7f238f6fb910>,9,17,[5 4],10,23,40,13,23
1,<environment.Job instance at 0x7f238f6fb4b0>,8,15,[3 8],9,40,55,31,27
1,<environment.Job instance at 0x7f238f6fbf50>,14,16,[7 2],15,61,77,46,61
1,<environment.Job instance at 0x7f238f80adc0>,18,15,[3 5],19,102,117,83,102
1,<environment.Job instance at 0x7f238f459050>,1,1,[1 5],2,2,3,0,2
1,<environment.Job instance at 0x7f238f83e6e0>,2,12,[2 8],3,4,16,1,4
1,<environment.Job instance at 0x7f238f4c1550>,4,16,[8 2],5,7,23,2,7
1,<environment.Job instance at 0x7f238f7a9780>,7,16,[7 4],8,23,39,15,10
1,<environment.Job instance at 0x7f238f7a9a00>,14,14,[8 3],15,44,58,29,44
1,<environment.Job instance at 0x7f238f7a9f50>,16,13,[10  2],17,58,71,41,54
1,<environment.Job instance at 0x7f238f7a9d20>,18,17,[2 5],19,71,88,52,60
1,<environment.Job instance at 0x7f238f7b3370>,2,16,[4 5],3,22,38,19,22
1,<environment.Job instance at 0x7f238f98d5a0>,11,19,[6 5],12,85,104,73,85
1,<environment.Job instance at 0x7f238f98d7d0>,13,16,[5 4],14,104,120,90,101
1,<environment.Job instance at 0x7f238f98dc80>,23,18,[3 7],24,129,147,105,129
1,<environment.Job instance at 0x7f238f98de10>,19,18,[ 1 10],20,147,165,127,137
1,<environment.Job instance at 0x7f238f689730>,1,19,[2 6],2,2,21,0,2
1,<environment.Job instance at 0x7f238f689640>,3,17,[6 2],4,24,41,20,24
1,<environment.Job instance at 0x7f23d78c7140>,9,12,[1 6],10,24,36,14,24
1,<environment.Job instance at 0x7f23d7bd8f50>,13,14,[9 1],14,43,57,29,43
1,<environment.Job instance at 0x7f23d78c7f50>,5,13,[4 7],6,68,81,62,68
1,<environment.Job instance at 0x7f23d78b0aa0>,16,18,[5 6],17,81,99,64,78
1,<environment.Job instance at 0x7f23d78b0370>,19,12,[8 1],20,133,145,113,133
1,<environment.Job instance at 0x7f23d78b0d20>,20,17,[2 7],21,136,153,115,136
1,<environment.Job instance at 0x7f23d78b0f50>,17,18,[2 7],18,153,171,135,142
1,<environment.Job instance at 0x7f23d31be230>,27,17,[6 1],28,145,162,117,142
1,<environment.Job instance at 0x7f23d3221690>,0,2,[4 7],1,2,4,1,2
1,<environment.Job instance at 0x7f238f2290f0>,14,15,[9 4],15,70,85,55,70
1,<environment.Job instance at 0x7f238f229050>,15,15,[4 7],16,85,100,69,71
1,<environment.Job instance at 0x7f238f229320>,19,15,[4 8],20,100,115,80,88
1,<environment.Job instance at 0x7f238f229500>,22,17,[7 4],23,115,132,92,106
1,<environment.Job instance at 0x7f238f229af0>,29,3,[9 5],30,146,149,116,146
1,<environment.Job instance at 0x7f23d7b1d460>,7,16,[4 8],8,34,50,26,34
1,<environment.Job instance at 0x7f23d30fe460>,14,18,[5 6],15,72,90,57,72
1,<environment.Job instance at 0x7f23d75fcc30>,10,16,[5 1],11,24,40,13,24
1,<environment.Job instance at 0x7f238f6fbe60>,13,2,[5 7],14,24,26,10,24
1,<environment.Job instance at 0x7f23d75fcaa0>,3,17,[5 9],4,30,47,26,30
1,<environment.Job instance at 0x7f23d32220f0>,1,3,[4 7],2,4,7,2,4
1,<environment.Job instance at 0x7f23d31d1c30>,3,18,[5 5],4,7,25,3,7
1,<environment.Job instance at 0x7f238f508870>,4,15,[ 1 10],5,25,40,20,11
1,<environment.Job instance at 0x7f238f508a00>,6,18,[9 2],7,61,79,54,61
1,<environment.Job instance at 0x7f238f8d3820>,5,16,[10  1],6,11,27,5,11
1,<environment.Job instance at 0x7f238fa46690>,11,13,[8 4],12,41,54,29,41
1,<environment.Job instance at 0x7f23d32cee60>,5,17,[10  5],6,6,23,0,6
1,<environment.Job instance at 0x7f23d31fa4b0>,11,16,[10  4],12,40,56,28,40
1,<environment.Job instance at 0x7f23d31fa6e0>,15,12,[1 9],16,70,82,54,70
1,<environment.Job instance at 0x7f23d32ce870>,8,14,[8 3],9,82,96,73,82
1,<environment.Job instance at 0x7f23d31fad20>,13,14,[10  3],14,131,145,117,131
1,<environment.Job instance at 0x7f23d35e3c30>,18,16,[5 8],19,150,166,131,150
1,<environment.Job instance at 0x7f23da24adc0>,27,18,[2 8],28,166,184,138,156
1,<environment.Job instance at 0x7f23d767c050>,5,15,[3 6],6,6,21,0,6
1,<environment.Job instance at 0x7f23da24a1e0>,3,18,[5 6],4,23,41,19,23
1,<environment.Job instance at 0x7f23d76a3190>,13,14,[1 7],14,41,55,27,27
1,<environment.Job instance at 0x7f23d76a3c30>,16,13,[2 7],17,55,68,38,40
1,<environment.Job instance at 0x7f23d76a38c0>,18,16,[5 5],19,68,84,49,59
1,<environment.Job instance at 0x7f23d31685a0>,23,15,[6 3],24,84,99,60,74
1,<environment.Job instance at 0x7f23d31938c0>,24,14,[3 7],25,84,98,59,77
1,<environment.Job instance at 0x7f238f680c80>,1,17,[2 7],2,4,21,2,4
1,<environment.Job instance at 0x7f23d778eeb0>,9,18,[7 2],10,10,28,0,10
1,<environment.Job instance at 0x7f238f19deb0>,1,18,[2 7],2,4,22,2,4
1,<environment.Job instance at 0x7f238f12e3c0>,4,13,[10  5],5,22,35,17,8
1,<environment.Job instance at 0x7f238f12e640>,9,18,[10  1],10,46,64,36,46
1,<environment.Job instance at 0x7f238f12ea00>,20,14,[1 9],21,102,116,81,102
1,<environment.Job instance at 0x7f238f12ed20>,22,16,[2 8],23,125,141,102,125
1,<environment.Job instance at 0x7f238f19d3c0>,2,16,[10  5],3,141,157,138,128
1,<environment.Job instance at 0x7f238f125910>,30,17,[5 7],31,157,174,126,156
1,<environment.Job instance at 0x7f23d30d6be0>,6,17,[2 5],7,11,28,4,11
1,<environment.Job instance at 0x7f23d30d6fa0>,10,13,[10  2],11,28,41,17,12
1,<environment.Job instance at 0x7f23d30d6e10>,13,2,[6 3],14,41,43,27,28
1,<environment.Job instance at 0x7f23d30b1d20>,15,13,[5 1],16,43,56,27,30
1,<environment.Job instance at 0x7f23d30b1b40>,16,15,[7 5],17,56,71,39,42
1,<environment.Job instance at 0x7f23d30b6690>,20,18,[6 5],21,71,89,50,60
1,<environment.Job instance at 0x7f238f7a8a50>,1,18,[5 4],2,2,20,0,2
1,<environment.Job instance at 0x7f23d79500a0>,7,14,[7 5],8,20,34,12,11
1,<environment.Job instance at 0x7f238f1e0820>,0,17,[ 4 10],1,2,19,1,2
1,<environment.Job instance at 0x7f238f1e0f00>,9,12,[4 5],10,19,31,9,18
1,<environment.Job instance at 0x7f238f1e06e0>,10,16,[9 2],11,31,47,20,18
1,<environment.Job instance at 0x7f23d7962f00>,1,18,[ 1 10],2,5,23,3,5
1,<environment.Job instance at 0x7f23d3535aa0>,7,13,[8 2],8,23,36,15,11
1,<environment.Job instance at 0x7f23d7bc95a0>,4,15,[5 7],5,36,51,31,22
1,<environment.Job instance at 0x7f238f189af0>,12,13,[5 5],13,51,64,38,36
1,<environment.Job instance at 0x7f238f9446e0>,14,14,[4 7],15,64,78,49,52
1,<environment.Job instance at 0x7f23d35354b0>,10,16,[6 3],11,64,80,53,54
1,<environment.Job instance at 0x7f238f0b44b0>,20,13,[2 6],21,78,91,57,69
1,<environment.Job instance at 0x7f238f0b46e0>,24,12,[7 3],25,80,92,55,77
1,<environment.Job instance at 0x7f238f0b4c30>,25,12,[5 7],26,92,104,66,77
1,<environment.Job instance at 0x7f23d7b68d20>,18,15,[3 8],19,104,119,85,104
1,<environment.Job instance at 0x7f5ca91e4d70>,4,13,[3 6],5,7,20,2,7
1,<environment.Job instance at 0x7f5ca915b0f0>,0,17,[6 1],1,7,24,6,7
1,<environment.Job instance at 0x7f5ca915b2d0>,1,14,[ 2 10],2,24,38,22,10
1,<environment.Job instance at 0x7f5ca1d4c910>,12,12,[6 4],13,38,50,25,21
1,<environment.Job instance at 0x7f5ca1d4c230>,5,17,[1 6],6,56,73,50,56
1,<environment.Job instance at 0x7f5ca1d4ce60>,2,24,[3 7],3,4,28,1,4
1,<environment.Job instance at 0x7f5ca92c2f50>,4,17,[5 1],5,6,23,1,6
1,<environment.Job instance at 0x7f5ca9183a00>,6,16,[8 4],7,28,44,21,15
1,<environment.Job instance at 0x7f5ca1d65190>,0,13,[5 7],1,52,65,51,52
1,<environment.Job instance at 0x7f5ca9183f50>,15,17,[9 1],16,65,82,49,53
1,<environment.Job instance at 0x7f5ca92c1be0>,19,17,[9 5],20,82,99,62,79
1,<environment.Job instance at 0x7f5ca92cf410>,25,13,[7 3],26,135,148,109,135
1,<environment.Job instance at 0x7f5ca92cf1e0>,29,13,[7 2],30,148,161,118,147
1,<environment.Job instance at 0x7f5c5e03f910>,1,17,[7 1],2,2,19,0,2
1,<environment.Job instance at 0x7f5c5e015d20>,3,13,[5 6],4,19,32,15,4
1,<environment.Job instance at 0x7f5c5e0143c0>,8,14,[2 9],9,32,46,23,21
1,<environment.Job instance at 0x7f5c5e0149b0>,15,14,[3 6],16,46,60,30,31
1,<environment.Job instance at 0x7f5c5e014a00>,16,12,[6 4],17,46,58,29,31
1,<environment.Job instance at 0x7f5c5e093dc0>,19,18,[6 1],20,75,93,55,75
1,<environment.Job instance at 0x7f5c5e093e10>,24,16,[9 5],25,94,110,69,94
1,<environment.Job instance at 0x7f5c5e093af0>,29,14,[2 8],30,110,124,80,101
1,<environment.Job instance at 0x7f5c5e0fa320>,31,16,[7 3],32,124,140,92,114
1,<environment.Job instance at 0x7f5c5e109140>,3,15,[4 7],4,6,21,2,6
1,<environment.Job instance at 0x7f5c5e0fa500>,5,16,[9 4],6,21,37,15,15
1,<environment.Job instance at 0x7f5c5e39e5a0>,10,16,[5 8],11,37,53,26,25
1,<environment.Job instance at 0x7f5c5e109280>,3,18,[6 4],4,4,22,0,4
1,<environment.Job instance at 0x7f5c5e110a00>,1,14,[2 6],2,5,19,3,5
1,<environment.Job instance at 0x7f5c5e4435a0>,7,16,[1 7],8,22,38,14,9
1,<environment.Job instance at 0x7f5c5e4438c0>,10,14,[8 3],11,22,36,11,12
1,<environment.Job instance at 0x7f5c5e443410>,14,13,[6 4],15,38,51,23,22
1,<environment.Job instance at 0x7f5c5e43a1e0>,17,15,[5 5],18,51,66,33,39
1,<environment.Job instance at 0x7f5c5e43a460>,19,14,[2 7],20,66,80,46,54
1,<environment.Job instance at 0x7f5c5e43a5a0>,20,16,[8 4],21,80,96,59,67
1,<environment.Job instance at 0x7f5c5e43a6e0>,25,16,[9 4],26,96,112,70,84
1,<environment.Job instance at 0x7f5c5e43a410>,18,18,[ 1 10],19,112,130,93,109
1,<environment.Job instance at 0x7f5c5e43ae10>,33,13,[5 9],34,130,143,96,115
1,<environment.Job instance at 0x7f5c5e43adc0>,2,17,[5 1],3,4,21,1,4
1,<environment.Job instance at 0x7f5ca1c25050>,0,17,[5 8],1,14,31,13,14
1,<environment.Job instance at 0x7f5ca89afdc0>,5,17,[6 3],6,31,48,25,19
1,<environment.Job instance at 0x7f5ca89af0a0>,14,12,[10  2],15,48,60,33,34
1,<environment.Job instance at 0x7f5ca89af730>,19,14,[5 1],20,60,74,40,47
1,<environment.Job instance at 0x7f5c5e1bd500>,1,15,[ 3 10],2,5,20,3,5
1,<environment.Job instance at 0x7f5ca2034320>,13,13,[8 5],14,69,82,55,69
1,<environment.Job instance at 0x7f5c5e6441e0>,9,13,[5 5],10,25,38,15,25
1,<environment.Job instance at 0x7f5ca8a99e60>,3,17,[4 9],4,38,55,34,28
1,<environment.Job instance at 0x7f5ca86d3280>,6,13,[8 3],7,19,32,12,19
1,<environment.Job instance at 0x7f5ca86d36e0>,8,15,[8 2],9,32,47,23,19
1,<environment.Job instance at 0x7f5ca1e57280>,2,15,[1 7],3,22,37,19,22
1,<environment.Job instance at 0x7f5ca8891550>,13,12,[5 9],14,47,59,33,44
1,<environment.Job instance at 0x7f5ca88913c0>,14,16,[1 8],15,59,75,44,46
1,<environment.Job instance at 0x7f5ca890b1e0>,6,3,[4 8],7,9,12,2,9
1,<environment.Job instance at 0x7f5ca8c95550>,11,2,[5 7],12,12,14,0,12
1,<environment.Job instance at 0x7f5ca8c95910>,10,16,[3 8],11,14,30,3,12
1,<environment.Job instance at 0x7f5ca1ca9c30>,13,12,[ 3 10],14,30,42,16,14
1,<environment.Job instance at 0x7f5ca1ca9c30>,3,15,[8 5],4,4,19,0,4
1,<environment.Job instance at 0x7f5c5df47640>,2,18,[1 6],3,3,21,0,3
1,<environment.Job instance at 0x7f5ca8b50af0>,8,18,[3 8],9,21,39,12,10
1,<environment.Job instance at 0x7f5ca1bf9d20>,5,16,[4 9],6,10,26,4,10
1,<environment.Job instance at 0x7f5ca20929b0>,9,17,[9 1],10,26,43,16,17
1,<environment.Job instance at 0x7f5ca877c870>,10,13,[6 1],11,29,42,18,29
1,<environment.Job instance at 0x7f5ca8754410>,18,12,[8 5],19,76,88,57,76
1,<environment.Job instance at 0x7f5ca877c0a0>,4,17,[8 4],5,123,140,118,123
1,<environment.Job instance at 0x7f5ca8754190>,14,12,[4 9],15,140,152,125,127
1,<environment.Job instance at 0x7f5ca21c5cd0>,25,1,[10  2],26,152,153,126,150
1,<environment.Job instance at 0x7f5ca21c5a00>,24,14,[8 5],25,153,167,128,150
1,<environment.Job instance at 0x7f5ca8752730>,31,17,[2 7],32,167,184,135,160
1,<environment.Job instance at 0x7f5ca1e0f320>,0,17,[10  2],1,18,35,17,18
1,<environment.Job instance at 0x7f5c5df80960>,10,17,[5 3],11,35,52,24,25
1,<environment.Job instance at 0x7f5c5df80820>,12,14,[5 4],13,45,59,32,45
1,<environment.Job instance at 0x7f5c5dde5d20>,7,14,[7 5],8,8,22,0,8
1,<environment.Job instance at 0x7f5c5dde5230>,8,13,[8 3],9,22,35,13,9
1,<environment.Job instance at 0x7f5c5dde53c0>,3,15,[ 5 10],4,41,56,37,41
1,<environment.Job instance at 0x7f5c5e6d6460>,1,19,[ 1 10],2,123,142,121,123
1,<environment.Job instance at 0x7f5c5de10f50>,13,18,[9 1],14,155,173,141,155
1,<environment.Job instance at 0x7f5c5e4af0a0>,1,18,[5 4],2,2,20,0,2
1,<environment.Job instance at 0x7f5c5e6d0820>,7,14,[7 5],8,33,47,25,33
1,<environment.Job instance at 0x7f5c5e6aad20>,11,20,[6 2],12,47,67,35,39
1,<environment.Job instance at 0x7f5c5e6aac80>,3,12,[9 2],4,4,16,0,4
1,<environment.Job instance at 0x7f5ca87805a0>,4,17,[10  5],5,22,39,17,22
1,<environment.Job instance at 0x7f5c5e1430f0>,10,15,[ 5 10],11,39,54,28,29
1,<environment.Job instance at 0x7f5ca1e5f6e0>,0,13,[2 6],1,2,15,1,2
1,<environment.Job instance at 0x7f5c5e238f50>,2,12,[7 4],3,4,16,1,4
1,<environment.Job instance at 0x7f5c5dec0aa0>,4,12,[7 3],5,16,28,11,5
1,<environment.Job instance at 0x7f5c5dedc4b0>,12,12,[5 2],13,51,63,38,51
1,<environment.Job instance at 0x7f5c5dedc320>,13,13,[7 2],14,63,76,49,51
1,<environment.Job instance at 0x7f5c5dedc7d0>,10,15,[4 7],11,76,91,65,62
1,<environment.Job instance at 0x7f5c5e521e60>,1,1,[2 6],2,4,5,2,4
1,<environment.Job instance at 0x7f5c5e3e8140>,8,13,[3 8],9,9,22,0,9
1,<environment.Job instance at 0x7f5c5dc845a0>,7,17,[5 5],8,22,39,14,12
1,<environment.Job instance at 0x7f5c5e5211e0>,5,13,[9 1],6,39,52,33,24
1,<environment.Job instance at 0x7fe7a6b8d190>,2,14,[ 2 10],3,5,19,2,5
1,<environment.Job instance at 0x7fe7a6c16d70>,4,13,[3 6],5,19,32,14,5
1,<environment.Job instance at 0x7fe7a177d820>,11,12,[8 4],12,56,68,44,56
1,<environment.Job instance at 0x7fe7a6cf9a50>,8,19,[5 3],9,37,56,28,37
1,<environment.Job instance at 0x7fe7654354b0>,12,12,[1 9],13,56,68,43,40
1,<environment.Job instance at 0x7fe7a6cf9730>,5,17,[9 1],6,56,73,50,51
1,<environment.Job instance at 0x7fe7a6bb4410>,16,18,[1 7],17,68,86,51,57
1,<environment.Job instance at 0x7fe7a6cf4e10>,21,17,[2 7],22,134,151,112,134
1,<environment.Job instance at 0x7fe7a6cf4eb0>,23,13,[7 1],24,134,147,110,134
1,<environment.Job instance at 0x7fe7a6d074b0>,25,16,[5 6],26,151,167,125,138
1,<environment.Job instance at 0x7fe7a6d075a0>,26,15,[ 2 10],27,167,182,140,153
1,<environment.Job instance at 0x7fe7a6cf9e60>,2,21,[ 5 10],3,4,25,1,4
1,<environment.Job instance at 0x7fe75ba0c1e0>,4,16,[9 5],5,25,41,20,12
1,<environment.Job instance at 0x7fe75baa8140>,12,13,[5 5],13,41,54,28,26
1,<environment.Job instance at 0x7fe75baa87d0>,18,20,[5 5],19,76,96,57,76
1,<environment.Job instance at 0x7fe75babaeb0>,24,17,[3 5],25,102,119,77,102
1,<environment.Job instance at 0x7fe75baba550>,26,15,[1 9],27,119,134,92,105
1,<environment.Job instance at 0x7fe75baba780>,25,18,[10  4],26,134,152,108,123
1,<environment.Job instance at 0x7fe75bb32820>,3,19,[5 7],4,4,23,0,4
1,<environment.Job instance at 0x7fe75b9d3500>,9,16,[6 1],10,23,39,13,11
1,<environment.Job instance at 0x7fe75b9d3b90>,10,17,[2 6],11,23,40,12,12
1,<environment.Job instance at 0x7fe75b9d3e60>,11,14,[10  3],12,40,54,28,26
1,<environment.Job instance at 0x7fe75b9d3a50>,12,18,[4 7],13,54,72,41,50
1,<environment.Job instance at 0x7fe75b9d3dc0>,17,14,[ 3 10],18,72,86,54,57
1,<environment.Job instance at 0x7fe75bb1b0a0>,29,14,[6 5],30,103,117,73,103
1,<environment.Job instance at 0x7fe75bb1b960>,30,12,[9 3],31,117,129,86,103
1,<environment.Job instance at 0x7fe75bbdbfa0>,21,18,[4 9],22,130,148,108,130
1,<environment.Job instance at 0x7fe75c0b6690>,1,13,[8 1],2,5,18,3,5
1,<environment.Job instance at 0x7fe75be76230>,8,14,[9 2],9,18,32,9,16
1,<environment.Job instance at 0x7fe75be76640>,12,15,[5 4],13,51,66,38,51
1,<environment.Job instance at 0x7fe75be76500>,10,16,[9 1],11,67,83,56,67
1,<environment.Job instance at 0x7fe75be76be0>,21,15,[5 5],22,83,98,61,83
1,<environment.Job instance at 0x7fe75bb1b780>,2,12,[10  1],3,98,110,95,84
1,<environment.Job instance at 0x7fe7a18f7960>,7,13,[4 5],8,42,55,34,42
1,<environment.Job instance at 0x7fe7a18f7320>,9,2,[3 9],10,55,57,45,42
1,<environment.Job instance at 0x7fe75be7d140>,3,14,[4 8],4,57,71,53,42
1,<environment.Job instance at 0x7fe7a19b97d0>,19,14,[2 6],20,115,129,95,115
1,<environment.Job instance at 0x7fe7a1d6ad70>,20,14,[2 8],21,129,143,108,115
1,<environment.Job instance at 0x7fe7a1b3d4b0>,1,15,[3 6],2,2,17,0,2
1,<environment.Job instance at 0x7fe7a1848690>,9,19,[3 6],10,56,75,46,56
1,<environment.Job instance at 0x7fe7a1b668c0>,12,2,[5 9],13,75,77,62,56
1,<environment.Job instance at 0x7fe7a1b66280>,13,13,[5 5],14,77,90,63,64
1,<environment.Job instance at 0x7fe7a1b3d5f0>,0,17,[7 4],1,90,107,89,78
1,<environment.Job instance at 0x7fe75bd91140>,19,18,[8 1],20,113,131,93,113
1,<environment.Job instance at 0x7fe7a2183b40>,1,12,[8 4],2,2,14,0,2
1,<environment.Job instance at 0x7fe75bd918c0>,2,16,[7 4],3,14,30,11,3
1,<environment.Job instance at 0x7fe7a17e2230>,12,12,[5 5],13,81,93,68,81
1,<environment.Job instance at 0x7fe7a17e23c0>,14,12,[8 4],15,93,105,78,86
1,<environment.Job instance at 0x7fe7a17e2500>,16,16,[2 6],17,93,109,76,88
1,<environment.Job instance at 0x7fe7a17e25a0>,17,15,[5 2],18,105,120,87,91
1,<environment.Job instance at 0x7fe7a17e28c0>,22,13,[7 3],23,154,167,131,154
1,<environment.Job instance at 0x7fe75baac730>,7,2,[3 9],8,8,10,0,8
1,<environment.Job instance at 0x7fe75bcd5d70>,10,16,[5 1],11,24,40,13,24
1,<environment.Job instance at 0x7fe7a17e20a0>,3,17,[5 9],4,103,120,99,103
1,<environment.Job instance at 0x7fe75ba316e0>,4,18,[1 7],5,29,47,24,29
1,<environment.Job instance at 0x7fe75ba31c80>,8,12,[4 7],9,47,59,38,31
1,<environment.Job instance at 0x7fe7a1c49820>,13,17,[10  2],14,112,129,98,112
1,<environment.Job instance at 0x7fe7a1abf320>,20,12,[1 8],21,135,147,114,135
1,<environment.Job instance at 0x7fe7a1abf640>,21,16,[6 3],22,147,163,125,136
1,<environment.Job instance at 0x7fe75bb9fbe0>,2,15,[ 4 10],3,163,178,160,154
1,<environment.Job instance at 0x7fe75ba20910>,24,16,[6 5],25,178,194,153,170
1,<environment.Job instance at 0x7fe7a1aeff00>,2,12,[ 4 10],3,4,16,1,4
1,<environment.Job instance at 0x7fe7a22ed320>,5,13,[3 9],6,16,29,10,7
1,<environment.Job instance at 0x7fe7a22ed7d0>,8,18,[ 1 10],9,32,50,23,32
1,<environment.Job instance at 0x7fe7a22edc30>,17,18,[6 5],18,79,97,61,79
1,<environment.Job instance at 0x7fe7a1e23690>,1,12,[3 5],2,2,14,0,2
1,<environment.Job instance at 0x7fe75bd7b780>,3,13,[ 1 10],4,14,27,10,10
1,<environment.Job instance at 0x7fe7a16513c0>,11,14,[ 2 10],12,27,41,15,25
1,<environment.Job instance at 0x7fe7a1651410>,15,15,[8 5],16,41,56,25,30
1,<environment.Job instance at 0x7fe7a2262410>,22,19,[5 4],23,75,94,52,75
1,<environment.Job instance at 0x7fe7a2262b90>,27,18,[4 7],28,115,133,87,115
1,<environment.Job instance at 0x7fe75bde0780>,1,1,[2 7],2,2,3,0,2
1,<environment.Job instance at 0x7fe75ba31140>,9,13,[4 8],10,52,65,42,52
1,<environment.Job instance at 0x7fe75ba31460>,8,16,[ 3 10],9,65,81,56,56
1,<environment.Job instance at 0x7fe75ba39960>,16,18,[ 5 10],17,81,99,64,73
1,<environment.Job instance at 0x7fe75bd54460>,0,13,[4 6],1,6,19,5,6
1,<environment.Job instance at 0x7fe7a22f7a50>,1,14,[1 8],2,19,33,17,7
1,<environment.Job instance at 0x7fe7a1f65f00>,12,2,[9 5],13,33,35,20,23
1,<environment.Job instance at 0x7fe7a1f65dc0>,14,16,[5 5],15,35,51,20,25
1,<environment.Job instance at 0x7fe7a1516be0>,15,13,[5 5],16,35,48,19,25
1,<environment.Job instance at 0x7fe7a198e6e0>,17,12,[ 5 10],18,51,63,33,45
1,<environment.Job instance at 0x7fe75ba39b40>,6,17,[ 4 10],7,63,80,56,51
1,<environment.Job instance at 0x7fe7a1707a50>,20,13,[2 9],21,80,93,59,64
1,<environment.Job instance at 0x7fe7a208c870>,22,14,[5 5],23,93,107,70,93
1,<environment.Job instance at 0x7fe75bf93e60>,29,13,[10  1],30,136,149,106,136
1,<environment.Job instance at 0x7fe75bf87d70>,35,1,[1 7],36,172,173,136,172
1,<environment.Job instance at 0x7fe75bf87500>,36,17,[8 5],37,173,190,136,172
1,<environment.Job instance at 0x7fe75bf87550>,37,14,[7 5],38,190,204,152,179
1,<environment.Job instance at 0x7fe75bf87870>,1,17,[9 1],2,4,21,2,4
1,<environment.Job instance at 0x7fe7a20c1500>,5,12,[1 5],6,6,18,0,6
1,<environment.Job instance at 0x7fe75bf87e10>,2,16,[5 6],3,21,37,18,8
1,<environment.Job instance at 0x7fe7a20c16e0>,11,16,[9 2],12,37,53,25,24
1,<environment.Job instance at 0x7fe7a2239fa0>,0,17,[ 4 10],1,20,37,19,20
1,<environment.Job instance at 0x7fe7a1760550>,10,16,[9 2],11,37,53,26,24
1,<environment.Job instance at 0x7fe7a1e0e2d0>,0,13,[2 6],1,2,15,1,2
1,<environment.Job instance at 0x7fe7a1760550>,2,12,[7 4],3,3,15,0,3
1,<environment.Job instance at 0x7fe75b961d20>,3,14,[5 7],4,15,29,11,4
1,<environment.Job instance at 0x7fe75bd40460>,5,12,[5 7],6,29,41,23,12
1,<environment.Job instance at 0x7fe7a206aa50>,12,12,[5 2],13,51,63,38,51
1,<environment.Job instance at 0x7fe7a206ab90>,13,13,[7 2],14,63,76,49,51
1,<environment.Job instance at 0x7fe7a206af50>,18,2,[ 1 10],19,76,78,57,74
1,<environment.Job instance at 0x7fe7a23abe60>,1,15,[1 7],2,4,19,2,4
1,<environment.Job instance at 0x7fe7a23ab690>,2,17,[9 4],3,19,36,16,12
1,<environment.Job instance at 0x7fe75b9076e0>,9,12,[1 5],10,19,31,9,12
1,<environment.Job instance at 0x7fe7a19e1e60>,17,14,[3 5],18,74,88,56,74
1,<environment.Job instance at 0x7fe7a19e11e0>,20,18,[ 2 10],21,88,106,67,80
1,<environment.Job instance at 0x7fe7a19c0a00>,5,13,[4 6],6,6,19,0,6
1,<environment.Job instance at 0x7fe7a1ee7140>,3,18,[4 9],4,19,37,15,14
1,<environment.Job instance at 0x7fe7a1be43c0>,13,12,[3 6],14,53,65,39,53
1,<environment.Job instance at 0x7fe75b78c190>,14,18,[ 3 10],15,65,83,50,61
1,<environment.Job instance at 0x7f2f0edec5a0>,11,12,[8 4],12,28,40,16,28
1,<environment.Job instance at 0x7f2f0edec8c0>,12,12,[6 4],13,40,52,27,28
1,<environment.Job instance at 0x7f2f0edecbe0>,17,12,[6 4],18,56,68,38,56
1,<environment.Job instance at 0x7f2f0edec960>,13,18,[5 9],14,68,86,54,57
1,<environment.Job instance at 0x7f2f16362be0>,5,13,[7 3],6,7,20,1,7
1,<environment.Job instance at 0x7f2f162235a0>,9,13,[7 2],10,43,56,33,43
1,<environment.Job instance at 0x7f2f16223e60>,13,13,[7 1],14,64,77,50,64
1,<environment.Job instance at 0x7f2f162235f0>,15,16,[5 6],16,77,93,61,66
1,<environment.Job instance at 0x7f2f0edeccd0>,2,12,[1 9],3,93,105,90,88
1,<environment.Job instance at 0x7f2f16223f50>,20,13,[2 5],21,113,126,92,113
1,<environment.Job instance at 0x7f2f16223f50>,4,17,[3 5],5,8,25,3,8
1,<environment.Job instance at 0x7f2ecb190500>,6,15,[1 9],7,25,40,18,11
1,<environment.Job instance at 0x7f2ecb0f4960>,14,15,[10  4],15,51,66,36,51
1,<environment.Job instance at 0x7f2ecb0f48c0>,17,16,[4 5],18,77,93,59,77
1,<environment.Job instance at 0x7f2ecb0f4cd0>,20,14,[4 5],21,109,123,88,109
1,<environment.Job instance at 0x7f2ecb092550>,0,12,[9 3],1,2,14,1,2
1,<environment.Job instance at 0x7f2ecb092aa0>,6,17,[5 6],7,14,31,7,8
1,<environment.Job instance at 0x7f2ecb092140>,10,2,[10  3],11,49,51,38,49
1,<environment.Job instance at 0x7f2ecb116fa0>,15,16,[2 8],16,73,89,57,73
1,<environment.Job instance at 0x7f2ecb0920a0>,9,15,[ 3 10],10,89,104,79,79
1,<environment.Job instance at 0x7f2ecb0d3af0>,1,16,[6 2],2,4,20,2,4
1,<environment.Job instance at 0x7f2ecb471960>,6,13,[8 4],7,7,20,0,7
1,<environment.Job instance at 0x7f2ecb471af0>,7,17,[6 2],8,20,37,12,8
1,<environment.Job instance at 0x7f2ecb512f00>,11,19,[2 6],12,12,31,0,12
1,<environment.Job instance at 0x7f2ecb471370>,13,17,[6 2],14,37,54,23,35
1,<environment.Job instance at 0x7f2ecb512f50>,17,12,[7 5],18,54,66,36,54
1,<environment.Job instance at 0x7f2ecb512a00>,19,12,[1 6],20,66,78,46,55
1,<environment.Job instance at 0x7f2ecb51f9b0>,27,18,[2 7],28,105,123,77,105
1,<environment.Job instance at 0x7f2ecb51f5f0>,30,17,[2 7],31,123,140,92,112
1,<environment.Job instance at 0x7f2ecb52c2d0>,35,14,[1 6],36,144,158,108,144
1,<environment.Job instance at 0x7f2ecb52c870>,36,17,[9 4],37,149,166,112,149
1,<environment.Job instance at 0x7f2f160eb190>,0,3,[9 5],1,2,5,1,2
1,<environment.Job instance at 0x7f2f0f0b47d0>,1,3,[8 1],2,5,8,3,3
1,<environment.Job instance at 0x7f2f163756e0>,2,17,[7 4],3,8,25,5,5
1,<environment.Job instance at 0x7f2f1565f460>,6,15,[8 2],7,30,45,23,30
1,<environment.Job instance at 0x7f2ecb2957d0>,5,13,[7 1],6,45,58,39,33
1,<environment.Job instance at 0x7f2ecb3c5be0>,10,16,[8 3],11,77,93,66,77
1,<environment.Job instance at 0x7f2f157d65a0>,19,16,[3 7],20,93,109,73,86
1,<environment.Job instance at 0x7f2ecb5db230>,24,3,[6 4],25,123,126,98,123
1,<environment.Job instance at 0x7f2f157d62d0>,17,17,[3 8],18,126,143,108,123
1,<environment.Job instance at 0x7f2ecb5dbeb0>,26,16,[7 3],27,154,170,127,154
1,<environment.Job instance at 0x7f2f0ec7faa0>,1,18,[5 5],2,5,23,3,5
1,<environment.Job instance at 0x7f2f15b233c0>,3,13,[9 5],4,58,71,54,58
1,<environment.Job instance at 0x7f2ecb0224b0>,15,18,[5 3],16,79,97,63,79
1,<environment.Job instance at 0x7f2ecb022410>,14,17,[4 6],15,128,145,113,128
1,<environment.Job instance at 0x7f2ecb022910>,20,3,[10  4],21,145,148,124,128
1,<environment.Job instance at 0x7f2ecb022230>,11,14,[9 3],12,148,162,136,134
1,<environment.Job instance at 0x7f2ecb022b90>,24,12,[4 9],25,162,174,137,147
1,<environment.Job instance at 0x7f2ecb022730>,17,15,[ 3 10],18,174,189,156,172
1,<environment.Job instance at 0x7f2ecb0220f0>,32,15,[1 7],33,189,204,156,187
1,<environment.Job instance at 0x7f2ecb35b3c0>,4,12,[2 9],5,29,41,24,29
1,<environment.Job instance at 0x7f2ecb35b410>,3,15,[4 9],4,41,56,37,33
1,<environment.Job instance at 0x7f2f0f1c4c30>,5,18,[3 7],6,7,25,1,7
1,<environment.Job instance at 0x7f2ecb5a9c80>,8,18,[3 6],9,28,46,19,28
1,<environment.Job instance at 0x7f2f0ed62e10>,15,16,[9 2],16,46,62,30,42
1,<environment.Job instance at 0x7f2ecb604a00>,19,15,[8 4],20,62,77,42,62
1,<environment.Job instance at 0x7f2ecb3eabe0>,22,17,[2 7],23,77,94,54,75
1,<environment.Job instance at 0x7f2f0ed622d0>,16,18,[2 9],17,127,145,110,127
1,<environment.Job instance at 0x7f2f0ee4b230>,34,13,[8 2],35,175,188,140,175
1,<environment.Job instance at 0x7f2f0f2316e0>,0,13,[ 5 10],1,4,17,3,4
1,<environment.Job instance at 0x7f2f0ee4b230>,4,16,[6 4],5,17,33,12,5
1,<environment.Job instance at 0x7f2f0f2315f0>,2,14,[ 4 10],3,33,47,30,26
1,<environment.Job instance at 0x7f2ecaf68230>,5,16,[3 5],6,6,22,0,6
1,<environment.Job instance at 0x7f2ecaf68d20>,8,16,[5 5],9,9,25,0,9
1,<environment.Job instance at 0x7f2ecaf68690>,3,14,[1 7],4,25,39,21,10
1,<environment.Job instance at 0x7f2ecaf68c30>,12,18,[7 5],13,39,57,26,28
1,<environment.Job instance at 0x7f2ecaf686e0>,15,12,[7 2],16,57,69,41,40
1,<environment.Job instance at 0x7f2ecb5a7410>,22,16,[4 6],23,69,85,46,64
1,<environment.Job instance at 0x7f2ecb5a7370>,2,17,[1 7],3,20,37,17,20
1,<environment.Job instance at 0x7f2f0ebbb0a0>,11,14,[3 8],12,37,51,25,29
1,<environment.Job instance at 0x7f2f0f0bc0f0>,1,17,[4 5],2,20,37,18,20
1,<environment.Job instance at 0x7f2f156dbaf0>,7,14,[7 2],8,37,51,29,22
1,<environment.Job instance at 0x7f2f0f27c8c0>,4,16,[4 9],5,51,67,46,38
1,<environment.Job instance at 0x7f2f15707280>,12,18,[5 5],13,67,85,54,57
1,<environment.Job instance at 0x7f2f0f27c3c0>,7,15,[5 2],8,16,31,8,16
1,<environment.Job instance at 0x7f2f15707460>,2,18,[9 4],3,31,49,28,21
1,<environment.Job instance at 0x7f2f15b77410>,1,17,[5 4],2,4,21,2,4
1,<environment.Job instance at 0x7f2ecb54aaf0>,4,16,[4 5],5,6,22,1,6
1,<environment.Job instance at 0x7f2f0eb63a50>,12,17,[5 5],13,27,44,14,27
1,<environment.Job instance at 0x7f2f0eb63910>,15,18,[6 2],16,44,62,28,34
1,<environment.Job instance at 0x7f2ecb54aaa0>,0,12,[ 4 10],1,62,74,61,53
1,<environment.Job instance at 0x7f2ecaf850f0>,5,17,[5 4],6,6,23,0,6
1,<environment.Job instance at 0x7f2ecaf86370>,7,13,[8 2],8,23,36,15,9
1,<environment.Job instance at 0x7f2ecaf86f00>,10,16,[6 3],11,36,52,25,23
1,<environment.Job instance at 0x7f2ecaf86aa0>,12,13,[5 5],13,52,65,39,36
1,<environment.Job instance at 0x7f2ecaf868c0>,14,14,[4 7],15,38,52,23,38
1,<environment.Job instance at 0x7f2ecafa70f0>,18,15,[3 8],19,65,80,46,51
1,<environment.Job instance at 0x7f2ecafa7d20>,20,13,[2 6],21,80,93,59,64
1,<environment.Job instance at 0x7f2ecb2bc780>,22,12,[7 4],23,80,92,57,69
1,<environment.Job instance at 0x7f2ecaf7b5f0>,24,12,[7 3],25,92,104,67,75
1,<environment.Job instance at 0x7f2ecae01230>,3,16,[7 5],4,114,130,110,114
1,<environment.Job instance at 0x7f2ecb405280>,1,1,[2 6],2,2,3,0,2
1,<environment.Job instance at 0x7f2ecb46fe60>,5,13,[9 1],6,6,19,0,6
1,<environment.Job instance at 0x7f2f0ec79320>,7,17,[5 5],8,19,36,11,11
1,<environment.Job instance at 0x7f2f0ec79f00>,11,15,[1 7],12,36,51,24,22
1,<environment.Job instance at 0x7f2ecaf43460>,13,13,[7 2],14,36,49,22,24
1,<environment.Job instance at 0x7f2ecb681910>,3,18,[4 9],4,12,30,8,12
1,<environment.Job instance at 0x7f2ecb681cd0>,13,12,[3 6],14,36,48,22,36
1,<environment.Job instance at 0x7f2ecb6814b0>,2,14,[5 6],3,4,18,1,4
1,<environment.Job instance at 0x7f2ecb0175a0>,4,16,[2 5],5,18,34,13,5
1,<environment.Job instance at 0x7f2f0ed2caa0>,15,1,[10  3],16,49,50,33,49
1,<environment.Job instance at 0x7f2ecaffb870>,16,12,[5 5],17,50,62,33,49
1,<environment.Job instance at 0x7f2ecaffb8c0>,17,16,[7 2],18,62,78,44,49
1,<environment.Job instance at 0x7f2ecb4dbd20>,20,14,[5 7],21,78,92,57,63
1,<environment.Job instance at 0x7fc5f98615a0>,1,15,[4 5],2,2,17,0,2
1,<environment.Job instance at 0x7fc5f98614b0>,0,17,[6 2],1,5,22,4,5
1,<environment.Job instance at 0x7fc5f98613c0>,3,13,[3 8],4,26,39,22,26
1,<environment.Job instance at 0x7fc5f8708b90>,9,17,[8 1],10,45,62,35,45
1,<environment.Job instance at 0x7fc5f97ae960>,5,12,[7 4],6,28,40,22,28
1,<environment.Job instance at 0x7fc5f97ae910>,10,17,[9 3],11,40,57,29,30
1,<environment.Job instance at 0x7fc5f97aeb90>,11,14,[ 2 10],12,57,71,45,48
1,<environment.Job instance at 0x7fc5ae794460>,4,14,[6 5],5,6,20,1,6
1,<environment.Job instance at 0x7fc5ae77baf0>,7,13,[6 5],8,20,33,12,8
1,<environment.Job instance at 0x7fc5ae77bb40>,10,13,[1 7],11,33,46,22,21
1,<environment.Job instance at 0x7fc5ae77bb90>,12,14,[3 7],13,46,60,33,31
1,<environment.Job instance at 0x7fc5ae77b910>,15,17,[4 8],16,60,77,44,49
1,<environment.Job instance at 0x7fc5ae831230>,0,15,[6 2],1,4,19,3,4
1,<environment.Job instance at 0x7fc5aebb1500>,4,13,[2 6],5,6,19,1,6
1,<environment.Job instance at 0x7fc5aebe1af0>,14,14,[ 4 10],15,46,60,31,46
1,<environment.Job instance at 0x7fc5aebe1050>,12,16,[3 9],13,60,76,47,48
1,<environment.Job instance at 0x7fc5aeab7780>,7,27,[5 3],8,31,58,23,31
1,<environment.Job instance at 0x7fc5f8b53cd0>,10,13,[5 1],11,44,57,33,44
1,<environment.Job instance at 0x7fc5aeb1a280>,2,17,[8 5],3,5,22,2,5
1,<environment.Job instance at 0x7fc5aeb1a730>,8,17,[1 7],9,24,41,15,24
1,<environment.Job instance at 0x7fc5aeb1acd0>,10,12,[6 2],11,27,39,16,27
1,<environment.Job instance at 0x7fc5aeb1af50>,14,12,[1 8],15,41,53,26,40
1,<environment.Job instance at 0x7fc5aecd6fa0>,1,15,[4 8],2,2,17,0,2
1,<environment.Job instance at 0x7fc5aeb83410>,13,13,[9 2],14,48,61,34,48
1,<environment.Job instance at 0x7fc5aeb83230>,18,15,[2 8],19,61,76,42,49
1,<environment.Job instance at 0x7fc5f9242140>,1,17,[2 6],2,2,19,0,2
1,<environment.Job instance at 0x7fc5f8e93230>,11,15,[5 1],12,28,43,16,28
1,<environment.Job instance at 0x7fc5f8e93550>,12,16,[3 9],13,42,58,29,42
1,<environment.Job instance at 0x7fc5f84e9050>,14,18,[6 3],15,58,76,43,47
1,<environment.Job instance at 0x7fc5f8bab190>,2,19,[2 7],3,4,23,1,4
1,<environment.Job instance at 0x7fc5f8cf8910>,5,15,[6 5],6,24,39,18,24
1,<environment.Job instance at 0x7fc5ae952690>,13,18,[5 7],14,49,67,35,49
1,<environment.Job instance at 0x7fc5f8d2bdc0>,1,12,[ 5 10],2,48,60,46,48
1,<environment.Job instance at 0x7fc5aecdd280>,8,15,[5 5],9,25,40,16,25
1,<environment.Job instance at 0x7fc5ae7641e0>,1,15,[10  1],2,3,18,1,3
1,<environment.Job instance at 0x7fc5aeb971e0>,0,14,[5 4],1,45,59,44,45
1,<environment.Job instance at 0x7fc5aeb64d20>,14,16,[10  5],15,59,75,44,46
1,<environment.Job instance at 0x7fc5aeb642d0>,2,18,[6 5],3,4,22,1,4
1,<environment.Job instance at 0x7fc5ae810640>,8,15,[3 7],9,22,37,13,10
1,<environment.Job instance at 0x7fc5f85b5e10>,0,1,[7 3],1,2,3,1,2
1,<environment.Job instance at 0x7fc5f8bceaa0>,3,16,[9 4],4,5,21,1,5
1,<environment.Job instance at 0x7fc5f882bb90>,10,17,[ 3 10],11,24,41,13,24
1,<environment.Job instance at 0x7fc5f882b730>,12,13,[ 3 10],13,41,54,28,26
1,<environment.Job instance at 0x7fc5f8741e60>,5,14,[ 2 10],6,54,68,48,40
1,<environment.Job instance at 0x7fc5ae80b0f0>,8,18,[2 7],9,17,35,8,17
1,<environment.Job instance at 0x7fc5ae80b2d0>,9,16,[6 5],10,35,51,25,22
1,<environment.Job instance at 0x7fc5ae80b3c0>,12,18,[7 4],13,51,69,38,43
1,<environment.Job instance at 0x7fc5ae5ca4b0>,1,19,[2 9],2,7,26,5,7
1,<environment.Job instance at 0x7fc5f87cf780>,6,18,[3 8],7,26,44,19,23
1,<environment.Job instance at 0x7fc5f87cf820>,8,14,[ 4 10],9,44,58,35,34
1,<environment.Job instance at 0x7fa30e0505a0>,1,15,[4 5],2,2,17,0,2
1,<environment.Job instance at 0x7fa30e0504b0>,0,17,[6 2],1,5,22,4,5
1,<environment.Job instance at 0x7fa30e0503c0>,3,13,[3 8],4,24,37,20,24
1,<environment.Job instance at 0x7fa306c42a50>,5,18,[7 5],6,37,55,31,26
1,<environment.Job instance at 0x7fa306c46190>,16,19,[ 3 10],17,55,74,38,50
1,<environment.Job instance at 0x7fa30e1ccc80>,0,17,[9 3],1,6,23,5,6
1,<environment.Job instance at 0x7fa30e1c4780>,7,13,[3 5],8,23,36,15,9
1,<environment.Job instance at 0x7fa30e1c4500>,11,13,[7 2],12,23,36,11,20
1,<environment.Job instance at 0x7fa30e1c7e60>,14,14,[9 1],15,51,65,36,51
1,<environment.Job instance at 0x7fa30e1c71e0>,16,18,[ 2 10],17,65,83,48,54
1,<environment.Job instance at 0x7fa2c2f51fa0>,8,19,[4 7],9,16,35,7,16
1,<environment.Job instance at 0x7fa2c300dd70>,11,15,[8 1],12,35,50,23,23
1,<environment.Job instance at 0x7fa2c2f51820>,7,12,[1 9],8,42,54,34,42
1,<environment.Job instance at 0x7fa2c300d820>,13,14,[1 7],14,54,68,40,43
1,<environment.Job instance at 0x7fa2c3043820>,1,13,[ 4 10],2,4,17,2,4
1,<environment.Job instance at 0x7fa2c3043e10>,0,16,[7 4],1,17,33,16,8
1,<environment.Job instance at 0x7fa2c2ef1fa0>,6,17,[8 2],7,33,50,26,29
1,<environment.Job instance at 0x7fa30e04faa0>,15,18,[8 2],16,50,68,34,43
1,<environment.Job instance at 0x7fa30e04f3c0>,16,14,[8 4],17,68,82,51,54
1,<environment.Job instance at 0x7fa2c3336460>,1,15,[4 8],2,26,41,24,26
1,<environment.Job instance at 0x7fa306ed4230>,13,13,[9 2],14,41,54,27,26
1,<environment.Job instance at 0x7fa306ed47d0>,14,1,[10  3],15,54,55,39,26
1,<environment.Job instance at 0x7fa306ed45f0>,17,16,[8 3],18,55,71,37,48
1,<environment.Job instance at 0x7fa306ed4640>,20,14,[7 1],21,71,85,50,58
1,<environment.Job instance at 0x7fa2c323beb0>,6,3,[5 9],7,30,33,23,30
1,<environment.Job instance at 0x7fa2c33f2780>,15,13,[6 3],16,49,62,33,49
1,<environment.Job instance at 0x7fa306db3f50>,0,16,[2 7],1,3,19,2,3
1,<environment.Job instance at 0x7fa306d30730>,4,2,[2 8],5,19,21,14,5
1,<environment.Job instance at 0x7fa309265af0>,1,12,[5 6],2,4,16,2,4
1,<environment.Job instance at 0x7fa2c3435730>,8,2,[7 2],9,44,46,35,44
1,<environment.Job instance at 0x7fa2c34353c0>,10,1,[1 6],11,44,45,33,44
1,<environment.Job instance at 0x7fa2c2d2c7d0>,1,15,[4 9],2,3,18,1,3
1,<environment.Job instance at 0x7fa2c32569b0>,6,12,[7 4],7,18,30,11,8
1,<environment.Job instance at 0x7fa2c3256a50>,9,15,[2 6],10,18,33,8,10
1,<environment.Job instance at 0x7fa2c2e00be0>,14,14,[1 8],15,36,50,21,36
1,<environment.Job instance at 0x7fa2c3276370>,1,17,[2 7],2,4,21,2,4
1,<environment.Job instance at 0x7fa306b115a0>,8,15,[5 5],9,25,40,16,25
1,<environment.Job instance at 0x7fa30954d8c0>,4,16,[10  5],5,19,35,14,19
1,<environment.Job instance at 0x7fa2c306c370>,6,13,[7 5],7,35,48,28,21
1,<environment.Job instance at 0x7fa2c306c140>,5,15,[10  1],6,48,63,42,42
1,<environment.Job instance at 0x7fa2c306cb90>,17,16,[9 4],18,63,79,45,50
1,<environment.Job instance at 0x7fa30e07c320>,1,2,[10  4],2,2,4,0,2
1,<environment.Job instance at 0x7fa2c2e940f0>,0,15,[6 2],1,5,20,4,5
1,<environment.Job instance at 0x7fa3094f7f00>,7,15,[1 7],8,10,25,2,10
1,<environment.Job instance at 0x7fa2c2e946e0>,6,15,[10  3],7,53,68,46,53
1,<environment.Job instance at 0x7fa306a1f910>,0,12,[5 1],1,2,14,1,2
1,<environment.Job instance at 0x7fa2c311e320>,2,3,[2 6],3,3,6,0,3
1,<environment.Job instance at 0x7fa306a1fc30>,3,19,[2 8],4,6,25,2,5
1,<environment.Job instance at 0x7fa306a1f280>,7,12,[ 5 10],8,25,37,17,12
1,<environment.Job instance at 0x7fa309750690>,13,14,[7 5],14,37,51,23,23
1,<environment.Job instance at 0x7fa309750d20>,17,12,[6 4],18,51,63,33,48
1,<environment.Job instance at 0x7fa309750870>,19,14,[ 3 10],20,63,77,43,48
1,<environment.Job instance at 0x7fa3097505a0>,4,15,[6 2],5,7,22,2,7
1,<environment.Job instance at 0x7fa2c335cbe0>,8,17,[3 5],9,9,26,0,9
1,<environment.Job instance at 0x7fa306a2aaf0>,5,17,[7 4],6,22,39,16,11
1,<environment.Job instance at 0x7fa2c3381b40>,3,15,[5 5],4,45,60,41,45
1,<environment.Job instance at 0x7fa309357500>,7,18,[5 9],8,60,78,52,50
1,<environment.Job instance at 0x7fa306b7d280>,1,15,[3 5],2,2,17,0,2
1,<environment.Job instance at 0x7fa306cdb2d0>,4,13,[4 6],5,17,30,12,6
1,<environment.Job instance at 0x7fa30921b870>,7,1,[4 5],8,8,9,0,8
1,<environment.Job instance at 0x7fa306b7d4b0>,0,17,[7 2],1,30,47,29,22
1,<environment.Job instance at 0x7fa30921bbe0>,14,19,[5 5],15,52,71,37,52
1,<environment.Job instance at 0x7fa309592c80>,1,16,[2 7],2,25,41,23,25
1,<environment.Job instance at 0x7fa30921bbe0>,4,12,[8 4],5,41,53,36,26
1,<environment.Job instance at 0x7fa306a430f0>,11,12,[6 2],12,26,38,14,26
1,<environment.Job instance at 0x7f7877cfc2d0>,1,15,[4 5],2,3,18,1,3
1,<environment.Job instance at 0x7f78708ed2d0>,5,18,[7 5],6,18,36,12,8
1,<environment.Job instance at 0x7f7877d85d70>,3,13,[3 8],4,36,49,32,31
1,<environment.Job instance at 0x7f78708ed820>,13,15,[4 5],14,49,64,35,49
1,<environment.Job instance at 0x7f78708eda00>,16,19,[ 3 10],17,64,83,47,58
1,<environment.Job instance at 0x7f78709b3e60>,2,18,[5 5],3,3,21,0,3
1,<environment.Job instance at 0x7f7877d23690>,1,13,[7 2],2,21,34,19,6
1,<environment.Job instance at 0x7f7877e630f0>,8,13,[1 5],9,10,23,1,10
1,<environment.Job instance at 0x7f7877e6cd70>,11,17,[2 7],12,23,40,11,16
1,<environment.Job instance at 0x7f7877e63fa0>,4,14,[9 1],5,40,54,35,25
1,<environment.Job instance at 0x7f7877e70a50>,17,17,[7 4],18,54,71,36,42
1,<environment.Job instance at 0x7f7877e70690>,20,15,[5 5],21,71,86,50,69
1,<environment.Job instance at 0x7f782cc2ad20>,9,15,[6 2],10,13,28,3,13
1,<environment.Job instance at 0x7f782cbe1500>,14,13,[2 6],15,46,59,31,46
1,<environment.Job instance at 0x7f782cbe16e0>,16,16,[6 2],17,50,66,33,50
1,<environment.Job instance at 0x7f782cc13460>,1,18,[10  5],2,66,84,64,57
1,<environment.Job instance at 0x7f782cba54b0>,3,13,[5 7],4,58,71,54,58
1,<environment.Job instance at 0x7f787772f820>,8,16,[2 6],9,31,47,22,31
1,<environment.Job instance at 0x7f782cee4690>,0,16,[2 7],1,6,22,5,6
1,<environment.Job instance at 0x7f78707656e0>,0,1,[1 6],1,2,3,1,2
1,<environment.Job instance at 0x7f782ca94b40>,6,2,[4 9],7,52,54,45,52
1,<environment.Job instance at 0x7f787744cc80>,1,14,[6 4],2,4,18,2,4
1,<environment.Job instance at 0x7f787744cfa0>,10,3,[5 1],11,28,31,17,28
1,<environment.Job instance at 0x7f78706a9690>,12,14,[9 5],13,31,45,18,30
1,<environment.Job instance at 0x7f78706a9140>,13,16,[5 1],14,45,61,31,33
1,<environment.Job instance at 0x7f787080ba00>,1,13,[6 1],2,4,17,2,4
1,<environment.Job instance at 0x7f78706a9be0>,5,13,[ 5 10],6,17,30,11,9
1,<environment.Job instance at 0x7f7870764a00>,8,15,[ 5 10],9,30,45,21,19
1,<environment.Job instance at 0x7f7877819190>,11,17,[3 7],12,45,62,33,35
1,<environment.Job instance at 0x7f78708d6960>,21,15,[10  1],22,68,83,46,68
1,<environment.Job instance at 0x7f7870cc9e10>,2,18,[6 5],3,4,22,1,4
1,<environment.Job instance at 0x7f787728ec80>,8,15,[3 7],9,31,46,22,31
1,<environment.Job instance at 0x7f782d214550>,7,12,[1 7],8,53,65,45,53
1,<environment.Job instance at 0x7f7870d3cb40>,14,18,[2 5],15,65,83,50,54
1,<environment.Job instance at 0x7f782cda8910>,6,3,[4 8],7,8,11,1,8
1,<environment.Job instance at 0x7f782cda8b90>,8,2,[1 6],9,11,13,2,9
1,<environment.Job instance at 0x7f782cee4aa0>,4,16,[ 3 10],5,13,29,8,12
1,<environment.Job instance at 0x7f782cda8be0>,10,12,[5 1],11,29,41,18,12
1,<environment.Job instance at 0x7f782cda8a50>,7,13,[5 5],8,46,59,38,46
1,<environment.Job instance at 0x7f782cd95230>,17,12,[ 5 10],18,59,71,41,46
1,<environment.Job instance at 0x7f782cd95370>,19,14,[5 1],20,71,85,51,56
1,<environment.Job instance at 0x7f782d280eb0>,0,12,[7 1],1,6,18,5,6
1,<environment.Job instance at 0x7f782caf82d0>,8,17,[3 5],9,9,26,0,9
1,<environment.Job instance at 0x7f782d281c30>,9,16,[3 9],10,26,42,16,13
1,<environment.Job instance at 0x7f782cb178c0>,11,1,[ 5 10],12,42,43,30,15
1,<environment.Job instance at 0x7f782cb17690>,1,14,[10  2],2,3,17,1,3
1,<environment.Job instance at 0x7f782d22af00>,5,13,[7 4],6,23,36,17,23
1,<environment.Job instance at 0x7f7870959d70>,16,15,[2 8],17,63,78,46,63
1,<environment.Job instance at 0x7f782d06d550>,1,15,[2 5],2,2,17,0,2
1,<environment.Job instance at 0x7f7870976730>,5,12,[3 6],6,17,29,11,6
1,<environment.Job instance at 0x7f7870976910>,6,16,[1 9],7,67,83,60,67
1,<environment.Job instance at 0x7f78709feaf0>,4,12,[4 6],5,5,17,0,5
1,<environment.Job instance at 0x7f78709fe280>,6,13,[10  4],7,17,30,10,8
1,<environment.Job instance at 0x7f78709fedc0>,11,18,[6 4],12,30,48,18,21
1,<environment.Job instance at 0x7f7870882dc0>,14,13,[3 9],15,61,74,46,61
1,<environment.Job instance at 0x7f78707740a0>,0,16,[2 8],1,5,21,4,5
1,<environment.Job instance at 0x7f7870774910>,6,15,[5 5],7,21,36,14,21
1,<environment.Job instance at 0x7f782ca76e60>,11,2,[7 4],12,36,38,24,21
1,<environment.Job instance at 0x7f782ca76d70>,15,15,[1 6],16,36,51,20,30
1,<environment.Job instance at 0x7f78776245f0>,1,17,[9 4],2,29,46,27,29
1,<environment.Job instance at 0x7f782caa66e0>,6,12,[1 6],7,53,65,46,53
1,<environment.Job instance at 0x7f78709f32d0>,1,16,[8 3],2,4,20,2,4
1,<environment.Job instance at 0x7f782d0364b0>,6,14,[ 1 10],7,60,74,53,60
1,<environment.Job instance at 0x7f782d036fa0>,13,18,[8 5],14,74,92,60,63
1,<environment.Job instance at 0x7f78771a50f0>,1,15,[1 5],2,6,21,4,6
1,<environment.Job instance at 0x7f782d033500>,7,16,[4 6],8,21,37,13,10
1,<environment.Job instance at 0x7f7870805370>,8,15,[5 1],9,10,25,1,10
1,<environment.Job instance at 0x7f78771a53c0>,2,16,[5 6],3,37,53,34,24
1,<environment.Job instance at 0x7f782cb74a50>,14,16,[ 5 10],15,53,69,38,42
1,<environment.Job instance at 0x7f7877310a00>,13,15,[10  4],14,69,84,55,59
1,<environment.Job instance at 0x7fce5ec06370>,5,18,[7 5],6,44,62,38,44
1,<environment.Job instance at 0x7fce6605a780>,3,13,[3 8],4,62,75,58,47
1,<environment.Job instance at 0x7fce5ec06960>,2,2,[10  3],3,3,5,0,3
1,<environment.Job instance at 0x7fce6603e410>,10,15,[5 5],11,14,29,3,14
1,<environment.Job instance at 0x7fce1af214b0>,1,17,[3 8],2,2,19,0,2
1,<environment.Job instance at 0x7fce6603e690>,2,16,[3 9],3,19,35,16,6
1,<environment.Job instance at 0x7fce1aefc500>,8,13,[1 9],9,35,48,26,24
1,<environment.Job instance at 0x7fce1af07550>,10,17,[2 6],11,70,87,59,70
1,<environment.Job instance at 0x7fce1af07050>,12,17,[8 5],13,87,104,74,75
1,<environment.Job instance at 0x7fce1b2c3e60>,0,14,[7 1],1,7,21,6,7
1,<environment.Job instance at 0x7fce1b2fff50>,16,13,[2 5],17,51,64,34,51
1,<environment.Job instance at 0x7fce1af074b0>,3,14,[ 3 10],4,64,78,60,52
1,<environment.Job instance at 0x7fce1b39f410>,1,17,[2 6],2,4,21,2,4
1,<environment.Job instance at 0x7fce1b29c8c0>,8,26,[7 3],9,9,35,0,9
1,<environment.Job instance at 0x7fce1b29cd70>,9,17,[2 8],10,35,52,25,23
1,<environment.Job instance at 0x7fce1b29c1e0>,14,18,[6 3],15,52,70,37,41
1,<environment.Job instance at 0x7fce1aea1e10>,16,12,[4 7],17,52,64,35,52
1,<environment.Job instance at 0x7fce1b29c140>,17,12,[3 9],18,70,82,52,59
1,<environment.Job instance at 0x7fce611d7690>,7,16,[4 5],8,77,93,69,77
1,<environment.Job instance at 0x7fce5ecf3af0>,1,14,[6 4],2,2,16,0,2
1,<environment.Job instance at 0x7fce5ed75c80>,0,18,[3 6],1,33,51,32,33
1,<environment.Job instance at 0x7fce5ebd0f50>,13,16,[5 1],14,39,55,25,39
1,<environment.Job instance at 0x7fce5eaa3190>,12,14,[9 5],13,55,69,42,40
1,<environment.Job instance at 0x7fce6178bbe0>,0,16,[5 1],1,5,21,4,5
1,<environment.Job instance at 0x7fce6178b780>,1,17,[3 7],2,15,32,13,15
1,<environment.Job instance at 0x7fce6178bf50>,9,12,[10  3],10,32,44,22,17
1,<environment.Job instance at 0x7fce1b10bbe0>,21,17,[4 7],22,59,76,37,59
1,<environment.Job instance at 0x7fce1b10b5f0>,25,15,[10  1],26,76,91,50,62
1,<environment.Job instance at 0x7fce1b1577d0>,8,16,[6 5],9,10,26,1,10
1,<environment.Job instance at 0x7fce1b27f910>,10,12,[6 4],11,26,38,15,11
1,<environment.Job instance at 0x7fce1b1b3fa0>,6,15,[10  3],7,53,68,46,53
1,<environment.Job instance at 0x7fce5f033140>,17,17,[ 2 10],18,78,95,60,78
1,<environment.Job instance at 0x7fce1ad545a0>,3,16,[9 4],4,5,21,1,5
1,<environment.Job instance at 0x7fce1acf6780>,9,16,[5 5],10,24,40,14,24
1,<environment.Job instance at 0x7fce615a5690>,5,14,[ 2 10],6,40,54,34,28
1,<environment.Job instance at 0x7fce1ad26dc0>,11,13,[3 9],12,54,67,42,39
1,<environment.Job instance at 0x7fce1b4a2c80>,16,14,[1 9],17,67,81,50,52
1,<environment.Job instance at 0x7fce5eeabe10>,7,16,[ 3 10],8,81,97,73,69
1,<environment.Job instance at 0x7fce611d7a50>,1,17,[3 6],2,3,20,1,3
1,<environment.Job instance at 0x7fce1b4a2230>,3,13,[4 5],4,20,33,16,4
1,<environment.Job instance at 0x7fce6157c640>,14,13,[8 2],15,44,57,29,44
1,<environment.Job instance at 0x7fce6172e050>,11,21,[8 2],12,64,85,52,64
1,<environment.Job instance at 0x7fce6141adc0>,16,14,[5 5],17,85,99,68,77
1,<environment.Job instance at 0x7fce5e970fa0>,5,17,[2 5],6,7,24,1,7
1,<environment.Job instance at 0x7fce5e970190>,2,14,[1 7],3,4,18,1,4
1,<environment.Job instance at 0x7fce5ec11190>,0,16,[2 8],1,18,34,17,7
1,<environment.Job instance at 0x7fce5eb04410>,11,2,[7 4],12,34,36,22,21
1,<environment.Job instance at 0x7fce5eb04730>,16,16,[4 6],17,42,58,25,42
1,<environment.Job instance at 0x7fce5eb04640>,2,2,[3 6],3,3,5,0,3
1,<environment.Job instance at 0x7fce5eb04730>,4,15,[9 2],5,17,32,12,17
1,<environment.Job instance at 0x7fce5ec87820>,5,17,[8 5],6,7,24,1,7
1,<environment.Job instance at 0x7fce6133a4b0>,9,2,[5 7],10,24,26,14,11
1,<environment.Job instance at 0x7fce61515d20>,2,14,[1 8],3,26,40,23,11
1,<environment.Job instance at 0x7fce6176a960>,14,14,[6 5],15,53,67,38,53
1,<environment.Job instance at 0x7fce1b4bbc80>,4,15,[10  1],5,69,84,64,69
1,<environment.Job instance at 0x7fce5eb9c0f0>,22,18,[2 5],23,84,102,61,77
1,<environment.Job instance at 0x7fce1b2201e0>,8,13,[10  3],9,52,65,43,52
1,<environment.Job instance at 0x7fce1b2ab500>,1,14,[4 7],2,4,18,2,4
1,<environment.Job instance at 0x7fce5eaf1d70>,7,16,[6 1],8,8,24,0,8
1,<environment.Job instance at 0x7fce5eaf1320>,6,15,[9 3],7,24,39,17,10
1,<environment.Job instance at 0x7fce6154f2d0>,1,12,[2 5],2,3,15,1,3
1,<environment.Job instance at 0x7fce615c3a00>,4,17,[8 5],5,6,23,1,6
1,<environment.Job instance at 0x7fce1b22f640>,9,1,[4 9],10,48,49,38,48
1,<environment.Job instance at 0x7fce6154fb40>,0,13,[4 8],1,49,62,48,49
1,<environment.Job instance at 0x7fce5ecaaaf0>,12,13,[9 5],13,62,75,49,49
1,<environment.Job instance at 0x7fce1ad58910>,16,18,[ 2 10],17,76,94,59,76
1,<environment.Job instance at 0x7f24b4bc52d0>,1,15,[4 5],2,3,18,1,3
1,<environment.Job instance at 0x7f24b4bc5140>,0,17,[6 2],1,4,21,3,4
1,<environment.Job instance at 0x7f24ad7b5370>,6,19,[1 7],7,18,37,11,8
1,<environment.Job instance at 0x7f24ad7b53c0>,5,18,[7 5],6,46,64,40,46
1,<environment.Job instance at 0x7f24ad7b56e0>,9,17,[8 1],10,64,81,54,54
1,<environment.Job instance at 0x7f24b4d2bf50>,0,15,[5 5],1,24,39,23,24
1,<environment.Job instance at 0x7f24b4d31500>,8,2,[10  4],9,46,48,37,46
1,<environment.Job instance at 0x7f24b4d316e0>,7,12,[5 8],8,48,60,40,46
1,<environment.Job instance at 0x7f247346d4b0>,13,17,[ 2 10],14,60,77,46,59
1,<environment.Job instance at 0x7f24b4bec690>,16,16,[7 3],17,77,93,60,65
1,<environment.Job instance at 0x7f24b4d2cfa0>,18,15,[9 4],19,93,108,74,79
1,<environment.Job instance at 0x7f24b4d2c500>,20,13,[1 7],21,79,92,58,79
1,<environment.Job instance at 0x7f2469d7d370>,0,16,[7 4],1,5,21,4,5
1,<environment.Job instance at 0x7f2469b051e0>,2,14,[4 7],3,21,35,18,6
1,<environment.Job instance at 0x7f2469b88190>,15,18,[8 2],16,55,73,39,55
1,<environment.Job instance at 0x7f2469b885f0>,16,14,[8 4],17,73,87,56,59
1,<environment.Job instance at 0x7f2469b888c0>,2,14,[3 5],3,4,18,1,4
1,<environment.Job instance at 0x7f2469bb8550>,4,16,[8 5],5,18,34,13,8
1,<environment.Job instance at 0x7f246a15f640>,12,1,[ 2 10],13,45,46,32,45
1,<environment.Job instance at 0x7f246a15f780>,13,17,[7 1],14,46,63,32,46
1,<environment.Job instance at 0x7f246a15f8c0>,15,13,[6 3],16,63,76,47,50
1,<environment.Job instance at 0x7f246a15ddc0>,1,16,[1 8],2,4,20,2,4
1,<environment.Job instance at 0x7f246a15fb40>,4,12,[3 5],5,20,32,15,5
1,<environment.Job instance at 0x7f2469e622d0>,13,14,[8 1],14,71,85,57,71
1,<environment.Job instance at 0x7f2469e62f00>,14,12,[ 1 10],15,85,97,70,72
1,<environment.Job instance at 0x7f2469e62500>,12,18,[2 8],13,97,115,84,88
1,<environment.Job instance at 0x7f2469b05280>,1,15,[4 9],2,3,18,1,3
1,<environment.Job instance at 0x7f24b00b3820>,4,13,[ 5 10],5,18,31,13,9
1,<environment.Job instance at 0x7f24affb2050>,11,12,[ 5 10],12,31,43,19,14
1,<environment.Job instance at 0x7f24ada6f0a0>,13,14,[5 5],14,43,57,29,36
1,<environment.Job instance at 0x7f2469f473c0>,17,14,[10  3],18,59,73,41,59
1,<environment.Job instance at 0x7f24b4928c30>,1,13,[6 1],2,3,16,1,3
1,<environment.Job instance at 0x7f24ad575d20>,5,13,[ 5 10],6,16,29,10,6
1,<environment.Job instance at 0x7f2469ea6820>,8,15,[ 5 10],9,29,44,20,16
1,<environment.Job instance at 0x7f2469ea6c80>,15,2,[2 9],16,44,46,28,19
1,<environment.Job instance at 0x7f2469ea6c30>,17,1,[8 1],18,44,45,26,23
1,<environment.Job instance at 0x7f2469e95280>,19,12,[10  3],20,46,58,26,32
1,<environment.Job instance at 0x7f2469e95370>,20,14,[5 4],21,58,72,37,43
1,<environment.Job instance at 0x7f2469e95550>,24,17,[2 6],25,58,75,33,55
1,<environment.Job instance at 0x7f2469deb7d0>,1,2,[10  4],2,2,4,0,2
1,<environment.Job instance at 0x7f2469deb230>,0,15,[6 2],1,4,19,3,4
1,<environment.Job instance at 0x7f24ad5b6550>,10,12,[6 4],11,19,31,8,12
1,<environment.Job instance at 0x7f2469dfa0a0>,14,15,[5 3],15,53,68,38,53
1,<environment.Job instance at 0x7f2469dfac30>,17,17,[ 2 10],18,79,96,61,79
1,<environment.Job instance at 0x7f24adb9e910>,21,13,[4 7],22,96,109,74,81
1,<environment.Job instance at 0x7f24ad5c25f0>,3,18,[1 5],4,4,22,0,4
1,<environment.Job instance at 0x7f24ad5c21e0>,4,18,[9 5],5,5,23,0,5
1,<environment.Job instance at 0x7f24ad7657d0>,11,13,[5 5],12,23,36,11,13
1,<environment.Job instance at 0x7f24ad5c2d70>,2,13,[ 3 10],3,36,49,33,23
1,<environment.Job instance at 0x7f24ad5c2050>,0,17,[ 3 10],1,49,66,48,44
1,<environment.Job instance at 0x7f24adac6640>,13,16,[8 3],14,66,82,52,53
1,<environment.Job instance at 0x7f2469df7780>,21,2,[5 9],22,82,84,60,55
1,<environment.Job instance at 0x7f24afe10eb0>,10,3,[5 6],11,25,28,14,25
1,<environment.Job instance at 0x7f246a15b730>,12,15,[5 8],13,70,85,57,70
1,<environment.Job instance at 0x7f2469ff7f50>,1,15,[3 5],2,5,20,3,5
1,<environment.Job instance at 0x7f24ad8cdf50>,3,16,[5 5],4,6,22,2,6
1,<environment.Job instance at 0x7f24ad8cdaf0>,0,17,[7 2],1,22,39,21,10
1,<environment.Job instance at 0x7f24affa0be0>,14,19,[5 5],15,50,69,35,50
1,<environment.Job instance at 0x7f24b023d140>,17,14,[10  2],18,74,88,56,74
1,<environment.Job instance at 0x7f24b023df50>,19,3,[7 5],20,88,91,68,74
1,<environment.Job instance at 0x7f24699c2410>,1,18,[7 4],2,2,20,0,2
1,<environment.Job instance at 0x7f2469e74730>,2,14,[ 2 10],3,47,61,44,47
1,<environment.Job instance at 0x7f24699f8c30>,9,12,[10  4],10,61,73,51,47
1,<environment.Job instance at 0x7f24699f85a0>,13,15,[ 1 10],14,73,88,59,70
1,<environment.Job instance at 0x7f24699ddcd0>,1,16,[8 3],2,31,47,29,31
1,<environment.Job instance at 0x7f24ad646f00>,7,16,[1 8],8,47,63,39,36
1,<environment.Job instance at 0x7f24ad646960>,5,16,[5 9],6,63,79,57,52
1,<environment.Job instance at 0x7f2469857460>,15,16,[7 2],16,79,95,63,66
1,<environment.Job instance at 0x7f2469943280>,16,12,[3 8],17,79,91,62,66
1,<environment.Job instance at 0x7f2469943cd0>,18,14,[8 5],19,95,109,76,80
1,<environment.Job instance at 0x7f246978a640>,8,22,[8 1],9,19,41,10,19
1,<environment.Job instance at 0x7f24adb237d0>,3,15,[2 6],4,19,34,15,19
1,<environment.Job instance at 0x7f2469976820>,6,15,[9 3],7,7,22,0,7
1,<environment.Job instance at 0x7f2469a28190>,3,12,[10  3],4,22,34,18,9
1,<environment.Job instance at 0x7f2469a28d70>,2,13,[9 5],3,3,16,0,3
1,<environment.Job instance at 0x7f24ad594f00>,3,15,[ 4 10],4,16,31,12,11
1,<environment.Job instance at 0x7f24ad594870>,10,18,[9 1],11,31,49,20,21
1,<environment.Job instance at 0x7f24b02fabe0>,15,13,[8 3],16,49,62,33,47
1,<environment.Job instance at 0x7f24adb15370>,16,15,[ 5 10],17,62,77,45,48
1,<environment.Job instance at 0x7f24ad7ac640>,20,15,[10  1],21,81,96,60,81
1,<environment.Job instance at 0x7f24ad7ac640>,4,17,[4 8],5,49,66,44,49
1,<environment.Job instance at 0x7f24b0342be0>,13,3,[8 5],14,66,69,52,50
1,<environment.Job instance at 0x7f24ad954140>,14,15,[4 6],15,69,84,54,55
1,<environment.Job instance at 0x7f24ad9549b0>,17,18,[4 8],18,84,102,66,77
1,<environment.Job instance at 0x7f24ad794a50>,20,15,[6 2],21,87,102,66,87
1,<environment.Job instance at 0x7f24ad9540f0>,12,13,[10  1],13,102,115,89,87
1,<environment.Job instance at 0x7f24b00c49b0>,0,18,[5 3],1,2,20,1,2
1,<environment.Job instance at 0x7f24b04452d0>,2,15,[5 7],3,3,18,0,3
1,<environment.Job instance at 0x7f24ad8fdc80>,11,20,[ 2 10],12,20,40,8,12
1,<environment.Job instance at 0x7f24ad8fd0f0>,14,13,[6 5],15,40,53,25,24
1,<environment.Job instance at 0x7f24ad8fd460>,5,13,[5 4],6,53,66,47,37
1,<environment.Job instance at 0x7f24ad8fd640>,21,20,[3 9],22,66,86,44,57
1,<environment.Job instance at 0x7f2469abda50>,24,16,[9 5],25,86,102,61,77
1,<environment.Job instance at 0x7f530b3322d0>,1,15,[4 5],2,3,18,1,3
1,<environment.Job instance at 0x7f5303f233c0>,5,18,[7 5],6,18,36,12,8
1,<environment.Job instance at 0x7f5303f236e0>,11,1,[8 4],12,36,37,24,24
1,<environment.Job instance at 0x7f5303f23820>,13,15,[4 5],14,37,52,23,25
1,<environment.Job instance at 0x7f530b332050>,3,13,[3 8],4,52,65,48,45
1,<environment.Job instance at 0x7f5303f23780>,10,14,[1 6],11,65,79,54,51
1,<environment.Job instance at 0x7f530b49e730>,4,14,[6 5],5,6,20,1,6
1,<environment.Job instance at 0x7f530b49ea50>,6,16,[7 3],7,20,36,13,9
1,<environment.Job instance at 0x7f530b49e500>,8,15,[9 4],9,36,51,27,22
1,<environment.Job instance at 0x7f530b359410>,13,12,[6 5],14,51,63,37,37
1,<environment.Job instance at 0x7f530b49e960>,3,17,[ 2 10],4,63,80,59,51
1,<environment.Job instance at 0x7f530b499410>,15,17,[4 8],16,80,97,64,69
1,<environment.Job instance at 0x7f52c02288c0>,8,17,[10  2],9,32,49,23,32
1,<environment.Job instance at 0x7f52c0856fa0>,6,14,[5 3],7,7,21,0,7
1,<environment.Job instance at 0x7f52c031e6e0>,1,15,[4 8],2,21,36,19,8
1,<environment.Job instance at 0x7f52c08569b0>,7,14,[8 5],8,48,62,40,48
1,<environment.Job instance at 0x7f52c05d08c0>,14,1,[10  3],15,62,63,47,48
1,<environment.Job instance at 0x7f52c0727a00>,17,16,[8 3],18,63,79,45,59
1,<environment.Job instance at 0x7f52c0727460>,19,14,[2 9],20,79,93,59,68
1,<environment.Job instance at 0x7f52c06abf00>,20,14,[7 1],21,79,93,58,71
1,<environment.Job instance at 0x7f52c06ab3c0>,22,17,[4 8],23,93,110,70,82
1,<environment.Job instance at 0x7f52c06184b0>,6,14,[9 5],7,7,21,0,7
1,<environment.Job instance at 0x7f52c0618870>,9,17,[2 8],10,27,44,17,27
1,<environment.Job instance at 0x7f52c06abdc0>,4,12,[ 1 10],5,44,56,39,37
1,<environment.Job instance at 0x7f52c0618b90>,14,18,[6 3],15,56,74,41,45
1,<environment.Job instance at 0x7f52c0618cd0>,16,12,[4 7],17,56,68,39,48
1,<environment.Job instance at 0x7f52c0618f50>,20,16,[2 7],21,68,84,47,60
1,<environment.Job instance at 0x7f52c012d320>,2,19,[2 7],3,3,22,0,3
1,<environment.Job instance at 0x7f5304430fa0>,5,15,[6 5],6,24,39,18,24
1,<environment.Job instance at 0x7f5304430aa0>,8,17,[7 3],9,39,56,30,27
1,<environment.Job instance at 0x7f52c0351b40>,14,12,[3 8],15,56,68,41,49
1,<environment.Job instance at 0x7f52c0351550>,13,18,[5 7],14,70,88,56,70
1,<environment.Job instance at 0x7f52c03519b0>,2,14,[4 9],3,4,18,1,4
1,<environment.Job instance at 0x7f53042d8780>,1,17,[2 7],2,25,42,23,25
1,<environment.Job instance at 0x7f52c07b5af0>,16,12,[ 3 10],17,98,110,81,98
1,<environment.Job instance at 0x7f5303f0cc80>,2,18,[6 5],3,3,21,0,3
1,<environment.Job instance at 0x7f52c0302eb0>,11,16,[5 1],12,53,69,41,53
1,<environment.Job instance at 0x7f52c0302a50>,13,14,[4 5],14,53,67,39,53
1,<environment.Job instance at 0x7f52c0318230>,14,18,[2 5],15,67,85,52,56
1,<environment.Job instance at 0x7f52c0318410>,17,15,[ 1 10],18,85,100,67,72
1,<environment.Job instance at 0x7f52c03185f0>,20,15,[6 2],21,100,115,79,86
1,<environment.Job instance at 0x7f52c03187d0>,3,16,[9 4],4,5,21,1,5
1,<environment.Job instance at 0x7f530ad60820>,5,14,[ 2 10],6,21,35,15,6
1,<environment.Job instance at 0x7f5304034f00>,9,16,[5 5],10,35,51,25,24
1,<environment.Job instance at 0x7f530a926aa0>,12,13,[ 3 10],13,51,64,38,35
1,<environment.Job instance at 0x7f530a926eb0>,16,14,[1 9],17,64,78,47,49
1,<environment.Job instance at 0x7f52c02bc820>,10,17,[ 3 10],11,78,95,67,70
1,<environment.Job instance at 0x7f530ad60140>,7,16,[ 3 10],8,95,111,87,95
1,<environment.Job instance at 0x7f52c0552500>,9,15,[4 5],10,30,45,20,30
1,<environment.Job instance at 0x7f52c0552640>,11,17,[3 5],12,30,47,18,30
1,<environment.Job instance at 0x7f530ad13f00>,3,18,[5 8],4,49,67,45,49
1,<environment.Job instance at 0x7f530a9b2be0>,2,15,[5 8],3,67,82,64,64
1,<environment.Job instance at 0x7f52c0552a00>,17,15,[7 4],18,82,97,64,70
1,<environment.Job instance at 0x7f52c0552c80>,21,23,[1 8],22,97,120,75,96
1,<environment.Job instance at 0x7f52c07fa5a0>,7,18,[8 5],8,21,39,13,21
1,<environment.Job instance at 0x7f52c0541460>,0,14,[4 9],1,39,53,38,27
1,<environment.Job instance at 0x7f52c07fa5f0>,5,15,[3 9],6,53,68,47,47
1,<environment.Job instance at 0x7f530b356aa0>,22,14,[1 7],23,68,82,45,54
1,<environment.Job instance at 0x7f530b356b90>,23,13,[4 5],24,82,95,58,67
1,<environment.Job instance at 0x7f530b356d20>,26,15,[5 5],27,82,97,55,69
1,<environment.Job instance at 0x7f52c00f1640>,2,2,[3 6],3,3,5,0,3
1,<environment.Job instance at 0x7f52c00f19b0>,4,15,[9 2],5,22,37,17,22
1,<environment.Job instance at 0x7f52c05e79b0>,11,13,[8 4],12,37,50,25,30
1,<environment.Job instance at 0x7f52c01f67d0>,0,1,[3 9],1,2,3,1,2
1,<environment.Job instance at 0x7f530ae0b820>,3,26,[1 9],4,5,31,1,5
1,<environment.Job instance at 0x7f52c03a46e0>,7,18,[3 9],8,31,49,23,21
1,<environment.Job instance at 0x7f52c036c190>,14,17,[6 2],15,49,66,34,37
1,<environment.Job instance at 0x7f5303ffa7d0>,1,12,[7 3],2,2,14,0,2
1,<environment.Job instance at 0x7f53040ce230>,0,18,[7 1],1,14,32,13,5
1,<environment.Job instance at 0x7f52c03a48c0>,4,15,[3 8],5,17,32,12,17
1,<environment.Job instance at 0x7f530acfc780>,3,17,[3 7],4,32,49,28,29
1,<environment.Job instance at 0x7f52c0319af0>,17,12,[7 2],18,50,62,32,50
1,<environment.Job instance at 0x7f5304120aa0>,1,13,[1 5],2,3,16,1,3
1,<environment.Job instance at 0x7f530ac909b0>,3,13,[7 2],4,4,17,0,4
1,<environment.Job instance at 0x7f52bff090a0>,4,13,[5 6],5,17,30,12,7
1,<environment.Job instance at 0x7f52bff09230>,6,13,[9 3],7,30,43,23,14
1,<environment.Job instance at 0x7f5303e9fc80>,21,12,[2 5],22,79,91,57,79
1,<environment.Job instance at 0x7f52bff04870>,24,17,[8 5],25,97,114,72,97
1,<environment.Job instance at 0x7f5303f79960>,6,14,[3 7],7,29,43,22,29
1,<environment.Job instance at 0x7f5303e0d460>,4,3,[6 5],5,43,46,38,29
1,<environment.Job instance at 0x7f5303f79a50>,10,14,[10  3],11,46,60,35,31
1,<environment.Job instance at 0x7f5303f792d0>,13,12,[4 5],14,60,72,46,50
1,<environment.Job instance at 0x7f5303f78410>,16,3,[9 5],17,73,76,56,73
1,<environment.Job instance at 0x7f5303f78050>,19,17,[9 4],20,76,93,56,75
1,<environment.Job instance at 0x7f5303f78dc0>,20,17,[8 5],21,93,110,72,81
1,<environment.Job instance at 0x7f52bff08550>,0,15,[1 8],1,25,40,24,25
1,<environment.Job instance at 0x7f52c05c20f0>,12,15,[5 7],13,70,85,57,70
1,<environment.Job instance at 0x7f52c03eb8c0>,18,12,[7 5],19,85,97,66,72
1,<environment.Job instance at 0x7f52c08279b0>,2,13,[5 5],3,3,16,0,3
1,<environment.Job instance at 0x7f52bff52d20>,0,12,[5 1],1,21,33,20,21
1,<environment.Job instance at 0x7f52c0146370>,10,16,[8 1],11,33,49,22,21
1,<environment.Job instance at 0x7f52c0146a50>,12,2,[4 7],13,22,24,9,22
1,<environment.Job instance at 0x7f52c0146b40>,15,17,[ 2 10],16,49,66,33,43
1,<environment.Job instance at 0x7f52c039f460>,20,17,[5 4],21,66,83,45,65
1,<environment.Job instance at 0x7f52c039f550>,17,16,[ 1 10],18,83,99,65,72
1,<environment.Job instance at 0x7f52c039fe10>,2,12,[5 7],3,19,31,16,19
1,<environment.Job instance at 0x7f53041c05a0>,8,19,[3 5],9,39,58,30,39
1,<environment.Job instance at 0x7f53041c0960>,10,16,[1 7],11,58,74,47,48
1,<environment.Job instance at 0x7f0857c461e0>,0,17,[6 2],1,5,22,4,5
1,<environment.Job instance at 0x7f08508372d0>,5,18,[7 5],6,28,46,22,28
1,<environment.Job instance at 0x7f08508377d0>,13,15,[4 5],14,46,61,32,33
1,<environment.Job instance at 0x7f0857c460f0>,3,13,[3 8],4,65,78,61,65
1,<environment.Job instance at 0x7f0850837af0>,18,18,[3 6],19,78,96,59,67
1,<environment.Job instance at 0x7f0857c46190>,2,18,[ 3 10],3,96,114,93,88
1,<environment.Job instance at 0x7f0857db2500>,3,12,[6 5],4,6,18,2,6
1,<environment.Job instance at 0x7f0857db2320>,2,14,[3 7],3,18,32,15,11
1,<environment.Job instance at 0x7f0857dc0910>,12,16,[1 8],13,32,48,19,19
1,<environment.Job instance at 0x7f0857daddc0>,9,15,[9 2],10,32,47,22,28
1,<environment.Job instance at 0x7f0857dc0410>,17,12,[1 9],18,48,60,30,32
1,<environment.Job instance at 0x7f0857dc00f0>,23,14,[1 7],24,76,90,52,76
1,<environment.Job instance at 0x7f0857db67d0>,28,13,[3 6],29,96,109,67,96
1,<environment.Job instance at 0x7f080cbe9be0>,0,16,[7 2],1,5,21,4,5
1,<environment.Job instance at 0x7f080cbe9b90>,6,15,[6 3],7,24,39,17,24
1,<environment.Job instance at 0x7f080cbe91e0>,8,13,[6 4],9,52,65,43,52
1,<environment.Job instance at 0x7f0857dbaf00>,3,19,[9 2],4,65,84,61,55
1,<environment.Job instance at 0x7f080cef3730>,1,13,[1 7],2,2,15,0,2
1,<environment.Job instance at 0x7f080cc686e0>,3,13,[ 4 10],4,15,28,11,5
1,<environment.Job instance at 0x7f080cc68410>,11,12,[4 7],12,28,40,16,12
1,<environment.Job instance at 0x7f080cacaaa0>,0,14,[ 2 10],1,10,24,9,10
1,<environment.Job instance at 0x7f080cf28550>,11,16,[1 8],12,24,40,12,15
1,<environment.Job instance at 0x7f080cf27460>,15,14,[5 8],16,40,54,24,38
1,<environment.Job instance at 0x7f080cf27690>,19,19,[6 4],20,94,113,74,94
1,<environment.Job instance at 0x7f085711e8c0>,6,17,[ 4 10],7,48,65,41,48
1,<environment.Job instance at 0x7f085711edc0>,7,14,[10  3],8,65,79,57,50
1,<environment.Job instance at 0x7f085711ecd0>,10,18,[3 6],11,79,97,68,75
1,<environment.Job instance at 0x7f085711e500>,9,16,[2 6],10,100,116,90,100
1,<environment.Job instance at 0x7f08506f3780>,19,13,[ 3 10],20,116,129,96,106
1,<environment.Job instance at 0x7f080ccf93c0>,2,22,[9 1],3,3,25,0,3
1,<environment.Job instance at 0x7f080cb44410>,1,17,[4 7],2,25,42,23,16
1,<environment.Job instance at 0x7f080cb44a50>,5,15,[10  1],6,42,57,36,28
1,<environment.Job instance at 0x7f080cb44e60>,4,16,[10  5],5,57,73,52,45
1,<environment.Job instance at 0x7f08572e3d70>,18,18,[1 9],19,73,91,54,62
1,<environment.Job instance at 0x7f085086f820>,21,17,[3 9],22,91,108,69,80
1,<environment.Job instance at 0x7f08507d47d0>,24,12,[5 6],25,108,120,83,91
1,<environment.Job instance at 0x7f0857600be0>,26,12,[5 1],27,108,120,81,108
1,<environment.Job instance at 0x7f080cb0e140>,5,16,[5 7],6,6,22,0,6
1,<environment.Job instance at 0x7f080cb0e1e0>,7,13,[5 5],8,22,35,14,12
1,<environment.Job instance at 0x7f080cb0e5a0>,10,12,[5 1],11,25,37,14,25
1,<environment.Job instance at 0x7f080d048aa0>,4,16,[ 3 10],5,37,53,32,27
1,<environment.Job instance at 0x7f080cb0ebe0>,19,14,[5 1],20,53,67,33,45
1,<environment.Job instance at 0x7f080cb0ed20>,21,15,[10  3],22,67,82,45,53
1,<environment.Job instance at 0x7f080cb0a280>,28,12,[7 4],29,95,107,66,95
1,<environment.Job instance at 0x7f0850956280>,1,17,[3 6],2,3,20,1,3
1,<environment.Job instance at 0x7f080cb0a730>,3,13,[4 5],4,20,33,16,4
1,<environment.Job instance at 0x7f080d04a5a0>,4,12,[ 4 10],5,33,45,28,21
1,<environment.Job instance at 0x7f0850969460>,11,18,[ 5 10],12,46,64,34,46
1,<environment.Job instance at 0x7f085079d3c0>,9,18,[10  2],10,36,54,26,36
1,<environment.Job instance at 0x7f085062c730>,12,15,[5 8],13,54,69,41,45
1,<environment.Job instance at 0x7f085062c320>,13,18,[5 8],14,77,95,63,77
1,<environment.Job instance at 0x7f0850c7e780>,23,15,[5 8],24,105,120,81,105
1,<environment.Job instance at 0x7f08505bc190>,0,14,[4 9],1,13,27,12,13
1,<environment.Job instance at 0x7f080cfbaf00>,14,14,[ 1 10],15,28,42,13,28
1,<environment.Job instance at 0x7f080cfa7230>,16,13,[5 5],17,46,59,29,46
1,<environment.Job instance at 0x7f080cfbab40>,10,15,[10  2],11,59,74,48,46
1,<environment.Job instance at 0x7f080cfa74b0>,22,14,[1 7],23,74,88,51,59
1,<environment.Job instance at 0x7f080cfbaaa0>,8,12,[ 1 10],9,88,100,79,72
1,<environment.Job instance at 0x7f085076b960>,0,3,[10  4],1,3,6,2,3
1,<environment.Job instance at 0x7f080cd91500>,9,18,[4 5],10,79,97,69,79
1,<environment.Job instance at 0x7f080cd91730>,12,16,[5 6],13,97,113,84,85
1,<environment.Job instance at 0x7f080cd91af0>,14,13,[8 2],15,113,126,98,97
1,<environment.Job instance at 0x7f085770f6e0>,1,13,[6 5],2,3,16,1,3
1,<environment.Job instance at 0x7f085089f4b0>,6,17,[5 8],7,36,53,29,36
1,<environment.Job instance at 0x7f08505ab500>,14,13,[10  4],15,63,76,48,63
1,<environment.Job instance at 0x7f0857228820>,17,16,[6 1],18,76,92,58,64
1,<environment.Job instance at 0x7f0857c6aaa0>,6,15,[ 5 10],7,7,22,0,7
1,<environment.Job instance at 0x7f080ca2f3c0>,1,15,[3 9],2,28,43,26,28
1,<environment.Job instance at 0x7f080ce320f0>,10,15,[10  1],11,43,58,32,29
1,<environment.Job instance at 0x7f0850815370>,14,15,[9 3],15,58,73,43,49
1,<environment.Job instance at 0x7f0850815c30>,13,21,[1 7],14,58,79,44,50
1,<environment.Job instance at 0x7f08507ded20>,18,15,[ 1 10],19,95,110,76,95
1,<environment.Job instance at 0x7f080ceef8c0>,5,12,[7 2],6,6,18,0,6
1,<environment.Job instance at 0x7f080ceef4b0>,6,18,[1 7],7,7,25,0,7
1,<environment.Job instance at 0x7f080ceef2d0>,13,15,[1 8],14,29,44,15,29
1,<environment.Job instance at 0x7f080c812320>,14,20,[4 9],15,44,64,29,35
1,<environment.Job instance at 0x7f080ceef820>,11,14,[6 3],12,64,78,52,53
1,<environment.Job instance at 0x7f080c8120a0>,19,13,[5 8],20,85,98,65,85
1,<environment.Job instance at 0x7f080c812780>,22,15,[ 3 10],23,98,113,75,89
1,<environment.Job instance at 0x7f080c8125a0>,24,14,[7 5],25,113,127,88,98
1,<environment.Job instance at 0x7f080c812500>,2,18,[3 9],3,17,35,14,17
1,<environment.Job instance at 0x7f080ccce0a0>,1,16,[ 2 10],2,35,51,33,29
1,<environment.Job instance at 0x7f080c9bf370>,7,15,[9 2],8,8,23,0,8
1,<environment.Job instance at 0x7f080cc40a50>,9,18,[1 6],10,13,31,3,13
1,<environment.Job instance at 0x7f080cca6cd0>,11,12,[10  1],12,31,43,19,14
1,<environment.Job instance at 0x7f080c83c910>,1,14,[5 5],2,2,16,0,2
1,<environment.Job instance at 0x7f080c92b0f0>,5,14,[ 4 10],6,16,30,10,15
1,<environment.Job instance at 0x7f080d0d7190>,2,17,[9 4],3,5,22,2,5
1,<environment.Job instance at 0x7f0850ad2eb0>,12,12,[4 7],13,43,55,30,43
1,<environment.Job instance at 0x7f08574c8410>,16,17,[8 4],17,70,87,53,70
1,<environment.Job instance at 0x7f08574c8320>,17,14,[ 4 10],18,87,101,69,72
1,<environment.Job instance at 0x7f471f8e52d0>,1,15,[4 5],2,3,18,1,3
1,<environment.Job instance at 0x7f471f8e50f0>,0,17,[6 2],1,5,22,4,5
1,<environment.Job instance at 0x7f47184d5690>,11,1,[8 4],12,24,25,12,24
1,<environment.Job instance at 0x7f47184d57d0>,13,15,[4 5],14,25,40,11,24
1,<environment.Job instance at 0x7f47184d5910>,15,20,[3 5],16,49,69,33,49
1,<environment.Job instance at 0x7f471f96edc0>,3,13,[3 8],4,69,82,65,58
1,<environment.Job instance at 0x7f47184d5f50>,23,18,[7 4],24,109,127,85,109
1,<environment.Job instance at 0x7f47184d5af0>,18,18,[3 6],19,110,128,91,110
1,<environment.Job instance at 0x7f47184e1e10>,1,21,[2 7],2,2,23,0,2
1,<environment.Job instance at 0x7f47184d84b0>,2,16,[1 8],3,23,39,20,10
1,<environment.Job instance at 0x7f471f90ceb0>,7,12,[1 9],8,39,51,31,23
1,<environment.Job instance at 0x7f471f90c690>,11,15,[8 1],12,26,41,14,26
1,<environment.Job instance at 0x7f471fa5f1e0>,18,13,[3 6],19,69,82,50,69
1,<environment.Job instance at 0x7f471fa5f230>,16,16,[5 3],17,69,85,52,69
1,<environment.Job instance at 0x7f471fa5f550>,21,18,[10  5],22,85,103,63,78
1,<environment.Job instance at 0x7f46d47d3eb0>,6,18,[3 9],7,70,88,63,70
1,<environment.Job instance at 0x7f46d47d34b0>,3,16,[9 4],4,88,104,84,76
1,<environment.Job instance at 0x7f46d47ceaf0>,14,18,[10  4],15,104,122,89,103
1,<environment.Job instance at 0x7f46d47ce910>,19,15,[5 7],20,122,137,102,108
1,<environment.Job instance at 0x7f46d4c4cb40>,13,17,[7 1],14,47,64,33,47
1,<environment.Job instance at 0x7f46d4b8d8c0>,14,18,[3 8],15,49,67,34,49
1,<environment.Job instance at 0x7f46d47ec140>,1,12,[5 6],2,4,16,2,4
1,<environment.Job instance at 0x7f46d4bd2370>,6,1,[8 1],7,48,49,41,48
1,<environment.Job instance at 0x7f46d4bd2550>,9,1,[1 5],10,48,49,38,48
1,<environment.Job instance at 0x7f46d4bd29b0>,16,2,[4 9],17,94,96,77,94
1,<environment.Job instance at 0x7f46d4bd2780>,1,17,[2 7],2,4,21,2,4
1,<environment.Job instance at 0x7f46d4ad4870>,8,15,[5 5],9,25,40,16,25
1,<environment.Job instance at 0x7f471b020870>,5,12,[4 8],6,40,52,34,25
1,<environment.Job instance at 0x7f46d4bd2870>,2,14,[4 9],3,87,101,84,87
1,<environment.Job instance at 0x7f46d4ad4460>,15,16,[5 5],16,101,117,85,88
1,<environment.Job instance at 0x7f46d4ad4730>,18,13,[8 5],19,117,130,98,102
1,<environment.Job instance at 0x7f4718735dc0>,1,2,[10  4],2,2,4,0,2
1,<environment.Job instance at 0x7f4718735f00>,0,15,[6 2],1,4,19,3,4
1,<environment.Job instance at 0x7f471850fb90>,7,15,[1 7],8,10,25,2,10
1,<environment.Job instance at 0x7f471855af50>,10,12,[6 4],11,25,37,14,11
1,<environment.Job instance at 0x7f46d4a5d280>,14,15,[5 3],15,53,68,38,53
1,<environment.Job instance at 0x7f46d4a5d3c0>,18,15,[5 5],19,78,93,59,78
1,<environment.Job instance at 0x7f46d4afd370>,21,13,[4 7],22,93,106,71,78
1,<environment.Job instance at 0x7f47187cc7d0>,1,18,[8 3],2,2,20,0,2
1,<environment.Job instance at 0x7f471850f320>,4,15,[6 2],5,20,35,15,8
1,<environment.Job instance at 0x7f471aef4870>,8,17,[3 5],9,20,37,11,10
1,<environment.Job instance at 0x7f46d4bf6cd0>,1,15,[3 5],2,3,18,1,3
1,<environment.Job instance at 0x7f46d47cef00>,3,16,[5 5],4,4,20,0,4
1,<environment.Job instance at 0x7f47188aeeb0>,11,18,[7 3],12,22,40,10,22
1,<environment.Job instance at 0x7f46d47ce370>,6,12,[7 4],7,50,62,43,50
1,<environment.Job instance at 0x7f46d47ce410>,2,16,[3 9],3,62,78,59,50
1,<environment.Job instance at 0x7f46d4992910>,20,14,[4 9],21,78,92,57,75
1,<environment.Job instance at 0x7f46d486f2d0>,10,3,[10  4],11,38,41,27,38
1,<environment.Job instance at 0x7f46d486f370>,11,13,[8 4],12,41,54,29,39
1,<environment.Job instance at 0x7f46d486f0a0>,2,23,[5 9],3,30,53,27,30
1,<environment.Job instance at 0x7f46d47dddc0>,8,2,[5 3],9,56,58,47,56
1,<environment.Job instance at 0x7f46d47dd960>,10,16,[6 1],11,58,74,47,58
1,<environment.Job instance at 0x7f46d47ddf00>,11,15,[1 5],12,58,73,46,58
1,<environment.Job instance at 0x7f46d47dd500>,13,18,[9 4],14,74,92,60,63
1,<environment.Job instance at 0x7f46d47dde60>,9,18,[4 5],10,92,110,82,81
1,<environment.Job instance at 0x7f46d47ddfa0>,17,16,[4 6],18,110,126,92,97
1,<environment.Job instance at 0x7f46d495faf0>,18,15,[5 1],19,99,114,80,99
1,<environment.Job instance at 0x7f46d4da9c30>,4,13,[10  4],5,7,20,2,7
1,<environment.Job instance at 0x7f471855fd20>,7,16,[6 1],8,20,36,12,8
1,<environment.Job instance at 0x7f471855f230>,1,14,[4 7],2,20,34,18,12
1,<environment.Job instance at 0x7f46d4af9f00>,17,13,[1 9],18,67,80,49,67
1,<environment.Job instance at 0x7f46d4af9190>,21,16,[4 9],22,92,108,70,92
1,<environment.Job instance at 0x7f46d4af91e0>,23,14,[5 4],24,118,132,94,118
1,<environment.Job instance at 0x7f471af9bb40>,7,14,[7 2],8,8,22,0,8
1,<environment.Job instance at 0x7f4718358370>,1,17,[1 7],2,2,19,0,2
1,<environment.Job instance at 0x7f46d47aac80>,0,12,[5 1],1,4,16,3,4
1,<environment.Job instance at 0x7f46d445ec30>,9,15,[7 1],10,21,36,11,21
1,<environment.Job instance at 0x7f46d445ed70>,7,17,[3 5],8,24,41,16,24
1,<environment.Job instance at 0x7f46d445ec80>,11,12,[8 4],12,41,53,29,24
1,<environment.Job instance at 0x7f46d445ed20>,15,17,[ 2 10],16,68,85,52,68
1,<environment.Job instance at 0x7f46d458daf0>,25,18,[9 3],26,85,103,59,74
1,<environment.Job instance at 0x7f471fa4cfa0>,1,14,[8 1],2,2,16,0,2
1,<environment.Job instance at 0x7f4718961dc0>,7,15,[4 7],8,16,31,8,9
1,<environment.Job instance at 0x7f4718961b90>,6,14,[3 7],7,31,45,24,16
1,<environment.Job instance at 0x7f46d49b5a00>,12,16,[1 5],13,45,61,32,32
1,<environment.Job instance at 0x7f471896f1e0>,2,12,[9 4],3,19,31,16,19
1,<environment.Job instance at 0x7f4718539b40>,8,20,[6 3],9,31,51,22,22
1,<environment.Job instance at 0x7f471829beb0>,13,12,[8 4],14,51,63,37,44
1,<environment.Job instance at 0x7f471aaad7d0>,16,14,[ 4 10],17,63,77,46,54
1,<environment.Job instance at 0x7f47188e26e0>,5,15,[ 1 10],6,77,92,71,67
1,<environment.Job instance at 0x7f46d4a7b460>,1,14,[8 2],2,4,18,2,4
1,<environment.Job instance at 0x7f46d4a7b960>,2,13,[2 6],3,5,18,2,5
1,<environment.Job instance at 0x7f46d4a7b0a0>,5,12,[5 4],6,18,30,12,7
1,<environment.Job instance at 0x7f46d4a7bf00>,9,16,[3 8],10,30,46,20,21
1,<environment.Job instance at 0x7f4718324050>,15,12,[3 9],16,49,61,33,49
1,<environment.Job instance at 0x7f47183241e0>,19,17,[8 2],20,61,78,41,49
1,<environment.Job instance at 0x7f47183243c0>,20,13,[1 8],21,61,74,40,49
1,<environment.Job instance at 0x7f4718324190>,24,3,[8 2],25,78,81,53,63
1,<environment.Job instance at 0x7f4718324b90>,26,17,[4 9],27,94,111,67,94
1,<environment.Job instance at 0x7f46d4c98730>,28,14,[5 5],29,111,125,82,96
1,<environment.Job instance at 0x7f46d4c98d20>,30,12,[3 5],31,113,125,82,113
1,<environment.Job instance at 0x7f46d4c986e0>,32,16,[1 7],33,125,141,92,113
1,<environment.Job instance at 0x7f46d4c98500>,33,1,[ 4 10],34,141,142,107,113
1,<environment.Job instance at 0x7f4718545c30>,1,16,[5 4],2,6,22,4,6
1,<environment.Job instance at 0x7f471882e140>,7,13,[6 1],8,22,35,14,8
1,<environment.Job instance at 0x7f47185451e0>,2,16,[5 9],3,35,51,32,26
1,<environment.Job instance at 0x7f471836e0f0>,13,12,[2 9],14,51,63,37,43
1,<environment.Job instance at 0x7f46d4d82280>,16,15,[2 9],17,63,78,46,55
1,<environment.Job instance at 0x7f4718961730>,19,14,[10  5],20,78,92,58,73
1,<environment.Job instance at 0x7fc8d8ae3460>,6,19,[1 7],7,7,26,0,7
1,<environment.Job instance at 0x7fc8d8ae3730>,10,14,[1 6],11,26,40,15,24
1,<environment.Job instance at 0x7fc8d8ae33c0>,9,17,[8 1],10,27,44,17,27
1,<environment.Job instance at 0x7fc8dfef22d0>,1,15,[4 5],2,44,59,42,32
1,<environment.Job instance at 0x7fc8d8ae3910>,15,20,[3 5],16,45,65,29,45
1,<environment.Job instance at 0x7fc8d8ae3640>,13,15,[4 5],14,59,74,45,45
1,<environment.Job instance at 0x7fc8d8ae39b0>,16,19,[ 3 10],17,110,129,93,110
1,<environment.Job instance at 0x7fc8e0058f00>,1,15,[8 1],2,3,18,1,3
1,<environment.Job instance at 0x7fc8d8ae5370>,3,14,[1 7],4,4,18,0,4
1,<environment.Job instance at 0x7fc8e005e640>,8,13,[3 6],9,36,49,27,36
1,<environment.Job instance at 0x7fc8dff19dc0>,13,18,[1 7],14,49,67,35,43
1,<environment.Job instance at 0x7fc8e0059dc0>,17,2,[7 2],18,43,45,25,43
1,<environment.Job instance at 0x7fc8e0059960>,20,15,[6 2],21,62,77,41,62
1,<environment.Job instance at 0x7fc8e005e2d0>,0,16,[9 4],1,86,102,85,86
1,<environment.Job instance at 0x7fc8e006c4b0>,24,13,[2 6],25,102,115,77,86
1,<environment.Job instance at 0x7fc8e006c460>,26,16,[6 2],27,102,118,75,97
1,<environment.Job instance at 0x7fc894d6c4b0>,1,2,[5 1],2,2,4,0,2
1,<environment.Job instance at 0x7fc894d6c820>,0,12,[6 2],1,4,16,3,4
1,<environment.Job instance at 0x7fc8e006c230>,4,12,[1 8],5,6,18,1,6
1,<environment.Job instance at 0x7fc894ddff50>,14,16,[8 5],15,27,43,12,27
1,<environment.Job instance at 0x7fc8dff19550>,9,18,[10  2],10,46,64,36,46
1,<environment.Job instance at 0x7fc894ddfa00>,20,3,[5 4],21,73,76,52,73
1,<environment.Job instance at 0x7fc894e28410>,24,2,[10  1],25,116,118,91,116
1,<environment.Job instance at 0x7fc894e28050>,25,16,[6 2],26,118,134,92,116
1,<environment.Job instance at 0x7fc8951a2690>,1,12,[8 2],2,3,15,1,3
1,<environment.Job instance at 0x7fc894eecc30>,9,18,[1 6],10,25,43,15,25
1,<environment.Job instance at 0x7fc894f5c230>,16,14,[9 5],17,85,99,68,85
1,<environment.Job instance at 0x7fc894f5ce60>,20,13,[1 6],21,99,112,78,99
1,<environment.Job instance at 0x7fc894f5c3c0>,21,15,[5 1],22,99,114,77,99
1,<environment.Job instance at 0x7fc8d8bf6870>,3,16,[8 4],4,4,20,0,4
1,<environment.Job instance at 0x7fc8951e03c0>,10,12,[8 1],11,20,32,9,19
1,<environment.Job instance at 0x7fc8951e0500>,11,18,[9 4],12,32,50,20,21
1,<environment.Job instance at 0x7fc8951e0820>,16,13,[10  5],17,66,79,49,66
1,<environment.Job instance at 0x7fc894f65910>,2,20,[4 5],3,3,23,0,3
1,<environment.Job instance at 0x7fc895022c30>,16,13,[7 5],17,63,76,46,63
1,<environment.Job instance at 0x7fc895022410>,17,13,[1 8],18,76,89,58,63
1,<environment.Job instance at 0x7fc895022190>,19,14,[1 7],20,89,103,69,76
1,<environment.Job instance at 0x7fc895022a50>,14,16,[10  5],15,103,119,88,95
1,<environment.Job instance at 0x7fc8d8dfea50>,27,16,[9 4],28,119,135,91,106
1,<environment.Job instance at 0x7fc8d8dfe0a0>,29,15,[10  4],30,135,150,105,124
1,<environment.Job instance at 0x7fc8dfc7e780>,0,12,[5 1],1,2,14,1,2
1,<environment.Job instance at 0x7fc8d8dfe780>,2,3,[2 6],3,3,6,0,3
1,<environment.Job instance at 0x7fc894f47d20>,3,19,[2 8],4,6,25,2,4
1,<environment.Job instance at 0x7fc895236b90>,7,12,[ 5 10],8,25,37,17,22
1,<environment.Job instance at 0x7fc8d88db910>,13,14,[7 5],14,37,51,23,23
1,<environment.Job instance at 0x7fc8df880370>,17,12,[6 4],18,51,63,33,47
1,<environment.Job instance at 0x7fc8df8804b0>,19,14,[ 3 10],20,63,77,43,50
1,<environment.Job instance at 0x7fc8df880870>,15,17,[8 1],16,77,94,61,65
1,<environment.Job instance at 0x7fc894d6a190>,25,14,[ 2 10],26,94,108,68,92
1,<environment.Job instance at 0x7fc8df839cd0>,29,16,[5 5],30,108,124,78,96
1,<environment.Job instance at 0x7fc8d8a9e460>,27,16,[ 3 10],28,124,140,96,114
1,<environment.Job instance at 0x7fc8950a3500>,32,13,[ 3 10],33,140,153,107,124
1,<environment.Job instance at 0x7fc8950a3c80>,1,14,[10  2],2,3,17,1,3
1,<environment.Job instance at 0x7fc8d8896d70>,5,13,[7 4],6,20,33,14,20
1,<environment.Job instance at 0x7fc8d88b7320>,10,18,[2 7],11,51,69,40,51
1,<environment.Job instance at 0x7fc8d88b7410>,14,16,[4 8],15,69,85,54,58
1,<environment.Job instance at 0x7fc8d88b74b0>,18,12,[6 1],19,66,78,47,66
1,<environment.Job instance at 0x7fc8d88b7a00>,22,1,[7 4],23,106,107,83,106
1,<environment.Job instance at 0x7fc8d88b7a50>,21,16,[10  5],22,107,123,85,107
1,<environment.Job instance at 0x7fc8d88b7c80>,25,18,[2 7],26,123,141,97,112
1,<environment.Job instance at 0x7fc8d88b7d20>,26,15,[4 7],27,141,156,114,129
1,<environment.Job instance at 0x7fc8df461cd0>,6,17,[3 6],7,9,26,2,9
1,<environment.Job instance at 0x7fc8d884faa0>,1,18,[7 4],2,3,21,1,3
1,<environment.Job instance at 0x7fc8df7d7050>,5,2,[5 7],6,70,72,64,70
1,<environment.Job instance at 0x7fc8d8b9acd0>,9,12,[10  4],10,84,96,74,84
1,<environment.Job instance at 0x7fc8d90129b0>,15,16,[9 3],16,96,112,80,92
1,<environment.Job instance at 0x7fc89538f1e0>,17,16,[3 8],18,112,128,94,105
1,<environment.Job instance at 0x7fc8d8a605a0>,20,12,[4 7],21,128,140,107,116
1,<environment.Job instance at 0x7fc89517b410>,0,1,[3 9],1,2,3,1,2
1,<environment.Job instance at 0x7fc8df873e10>,2,18,[2 5],3,4,22,1,4
1,<environment.Job instance at 0x7fc894f83b40>,14,17,[6 2],15,51,68,36,51
1,<environment.Job instance at 0x7fc894ce14b0>,6,17,[5 8],7,50,67,43,50
1,<environment.Job instance at 0x7fc8d8bee5a0>,14,13,[10  4],15,68,81,53,68
1,<environment.Job instance at 0x7fc8d8beedc0>,17,16,[6 1],18,87,103,69,87
1,<environment.Job instance at 0x7fc8d8bee0f0>,18,14,[ 4 10],19,103,117,84,92
1,<environment.Job instance at 0x7fc8df38a690>,5,16,[2 9],6,8,24,2,8
1,<environment.Job instance at 0x7fc8df38aaf0>,7,14,[7 2],8,24,38,16,9
1,<environment.Job instance at 0x7fc89532f4b0>,8,17,[7 4],9,14,31,5,14
1,<environment.Job instance at 0x7fc89532f550>,5,15,[9 1],6,77,92,71,77
1,<environment.Job instance at 0x7fc894c764b0>,19,16,[ 5 10],20,92,108,72,87
1,<environment.Job instance at 0x7fc8df69b410>,1,16,[1 6],2,3,19,1,3
1,<environment.Job instance at 0x7fc8d8f28910>,5,18,[9 3],6,6,24,0,6
1,<environment.Job instance at 0x7fc8d88db960>,6,16,[3 8],7,24,40,17,15
1,<environment.Job instance at 0x7fc89508a7d0>,12,1,[3 9],13,40,41,27,15
1,<environment.Job instance at 0x7fc8d88db5a0>,7,14,[6 2],8,24,38,16,16
1,<environment.Job instance at 0x7fc8d8bc8640>,15,14,[5 6],16,41,55,25,26
1,<environment.Job instance at 0x7fc894ae3960>,2,17,[3 5],3,5,22,2,5
1,<environment.Job instance at 0x7fc894ab7410>,8,16,[6 1],9,21,37,12,21
1,<environment.Job instance at 0x7fc894ab73c0>,11,14,[6 1],12,37,51,25,35
1,<environment.Job instance at 0x7fc894ae37d0>,4,14,[7 5],5,51,65,46,37
1,<environment.Job instance at 0x7fc894ab7500>,16,16,[4 6],17,65,81,48,52
1,<environment.Job instance at 0x7fc8953e5c80>,18,15,[2 8],19,81,96,62,67
1,<environment.Job instance at 0x7fc8953e5d70>,23,13,[9 4],24,96,109,72,82
1,<environment.Job instance at 0x7fc8d8de71e0>,4,13,[1 6],5,25,38,20,25
1,<environment.Job instance at 0x7fc8d88c6140>,2,20,[9 1],3,25,45,22,25
1,<environment.Job instance at 0x7fc8d8e06960>,14,15,[6 1],15,69,84,54,69
1,<environment.Job instance at 0x7fc8d8e06dc0>,12,17,[9 4],13,93,110,80,93
1,<environment.Job instance at 0x7fc8d8e06e60>,11,16,[2 5],12,115,131,103,115
1,<environment.Job instance at 0x7fc8d8e0cf50>,22,12,[4 7],23,131,143,108,116
1,<environment.Job instance at 0x7fc894c7d0a0>,8,14,[2 9],9,97,111,88,97
1,<environment.Job instance at 0x7fc8953b2dc0>,17,2,[7 1],18,118,120,100,118
1,<environment.Job instance at 0x7fc894ed60a0>,19,13,[9 1],20,120,133,100,118
1,<environment.Job instance at 0x7fc8954a17d0>,6,3,[5 1],7,7,10,0,7
1,<environment.Job instance at 0x7fc894bb7460>,7,14,[4 6],8,8,22,0,8
1,<environment.Job instance at 0x7fc894bb7dc0>,10,3,[7 2],11,22,25,11,12
1,<environment.Job instance at 0x7fc894bb7f50>,9,20,[1 5],10,35,55,25,35
1,<environment.Job instance at 0x7fc894ed6690>,3,19,[3 9],4,75,94,71,75
1,<environment.Job instance at 0x7fc894bb7960>,17,12,[10  2],18,94,106,76,80
1,<environment.Job instance at 0x7fc894bb74b0>,20,16,[6 1],21,106,122,85,95
1,<environment.Job instance at 0x7fc894bb7780>,22,13,[1 9],23,106,119,83,104
1,<environment.Job instance at 0x7fc8954a1690>,0,15,[10  3],1,122,137,121,108
1,<environment.Job instance at 0x7fc8df9cc190>,2,13,[8 3],3,3,16,0,3
1,<environment.Job instance at 0x7fc8df9cc550>,1,12,[5 5],2,16,28,14,5
1,<environment.Job instance at 0x7fc8950dc780>,5,3,[10  4],6,28,31,22,6
1,<environment.Job instance at 0x7fc8d8b9edc0>,7,1,[4 7],8,67,68,59,67
1,<environment.Job instance at 0x7fc8d8c17af0>,18,16,[6 5],19,108,124,89,108
1,<environment.Job instance at 0x7fc8df82e8c0>,21,15,[4 5],22,113,128,91,113
1,<environment.Job instance at 0x7fc894adc7d0>,22,14,[10  5],23,128,142,105,113
1,<environment.Job instance at 0x7f320beaa2d0>,1,15,[4 5],2,2,17,0,2
1,<environment.Job instance at 0x7f320beaa0f0>,0,17,[6 2],1,5,22,4,5
1,<environment.Job instance at 0x7f3206a9a640>,9,17,[8 1],10,43,60,33,43
1,<environment.Job instance at 0x7f3206a9aa00>,15,20,[3 5],16,70,90,54,70
1,<environment.Job instance at 0x7f3206a9afa0>,25,16,[5 3],26,129,145,103,129
1,<environment.Job instance at 0x7f3206aa0b40>,1,18,[10  5],2,2,20,0,2
1,<environment.Job instance at 0x7f3206a9b190>,2,14,[5 1],3,20,34,17,6
1,<environment.Job instance at 0x7f320c0181e0>,9,15,[6 2],10,40,55,30,40
1,<environment.Job instance at 0x7f320c0185a0>,16,16,[6 2],17,55,71,38,48
1,<environment.Job instance at 0x7f320c010f00>,19,14,[3 8],20,56,70,36,56
1,<environment.Job instance at 0x7f320c01ef00>,22,16,[3 9],23,71,87,48,70
1,<environment.Job instance at 0x7f31c0d7e2d0>,4,2,[10  1],5,9,11,4,9
1,<environment.Job instance at 0x7f31c0ded3c0>,9,16,[7 2],10,42,58,32,42
1,<environment.Job instance at 0x7f31c0e3ba50>,12,12,[2 7],13,56,68,43,56
1,<environment.Job instance at 0x7f31c0dedc30>,10,13,[9 1],11,79,92,68,79
1,<environment.Job instance at 0x7f31c0e3b140>,15,18,[5 3],16,97,115,81,97
1,<environment.Job instance at 0x7f31c0e3b4b0>,21,15,[4 8],22,115,130,93,106
1,<environment.Job instance at 0x7f31c0de2870>,0,16,[2 7],1,10,26,9,10
1,<environment.Job instance at 0x7f320c01db90>,0,18,[3 6],1,26,44,25,26
1,<environment.Job instance at 0x7f31c118f0f0>,10,3,[5 1],11,26,29,15,26
1,<environment.Job instance at 0x7f31c118f230>,12,14,[9 5],13,44,58,31,29
1,<environment.Job instance at 0x7f31c1192c30>,9,13,[ 3 10],10,58,71,48,47
1,<environment.Job instance at 0x7f31c118f960>,2,18,[6 5],3,4,22,1,4
1,<environment.Job instance at 0x7f3206be0050>,8,15,[3 7],9,30,45,21,30
1,<environment.Job instance at 0x7f3206be01e0>,11,16,[5 1],12,53,69,41,53
1,<environment.Job instance at 0x7f3206be02d0>,13,14,[4 5],14,53,67,39,53
1,<environment.Job instance at 0x7f3206be0870>,14,18,[2 5],15,67,85,52,56
1,<environment.Job instance at 0x7f3206be0dc0>,17,15,[ 1 10],18,85,100,67,71
1,<environment.Job instance at 0x7f32077c2780>,1,18,[8 3],2,3,21,1,3
1,<environment.Job instance at 0x7f31c10732d0>,5,17,[7 4],6,21,38,15,14
1,<environment.Job instance at 0x7f3206a36dc0>,1,15,[2 5],2,2,17,0,2
1,<environment.Job instance at 0x7f31c1256e10>,3,18,[7 3],4,5,23,1,5
1,<environment.Job instance at 0x7f31c0f5bfa0>,2,18,[9 5],3,30,48,27,30
1,<environment.Job instance at 0x7f32068d5e10>,17,1,[2 5],18,79,80,61,79
1,<environment.Job instance at 0x7f32068d53c0>,6,16,[1 9],7,81,97,74,81
1,<environment.Job instance at 0x7f32068d5f00>,20,3,[5 6],21,97,100,76,96
1,<environment.Job instance at 0x7f32068d5f50>,19,18,[10  2],20,100,118,80,99
1,<environment.Job instance at 0x7f3207545dc0>,0,16,[2 8],1,23,39,22,23
1,<environment.Job instance at 0x7f3206c481e0>,12,2,[4 6],13,39,41,26,23
1,<environment.Job instance at 0x7f31c129e140>,16,16,[4 6],17,51,67,34,51
1,<environment.Job instance at 0x7f31c110f460>,5,16,[5 9],6,25,41,19,25
1,<environment.Job instance at 0x7f320c078c30>,1,16,[8 3],2,71,87,69,71
1,<environment.Job instance at 0x7f31c135cf50>,13,18,[8 5],14,87,105,73,76
1,<environment.Job instance at 0x7f3206b95af0>,16,12,[3 8],17,105,117,88,90
1,<environment.Job instance at 0x7f3206b95050>,18,14,[8 5],19,117,131,98,102
1,<environment.Job instance at 0x7f32075af370>,22,14,[1 8],23,131,145,108,128
1,<environment.Job instance at 0x7f31c100a460>,4,15,[3 8],5,5,20,0,5
1,<environment.Job instance at 0x7f3206dc1a00>,1,12,[7 3],2,20,32,18,7
1,<environment.Job instance at 0x7f31c1342730>,3,17,[3 7],4,38,55,34,38
1,<environment.Job instance at 0x7f32068760a0>,17,12,[7 2],18,46,58,28,46
1,<environment.Job instance at 0x7f3206876780>,18,20,[6 1],19,58,78,39,50
1,<environment.Job instance at 0x7f32075b3280>,1,15,[3 9],2,11,26,9,11
1,<environment.Job instance at 0x7f31c0c29c30>,6,15,[ 5 10],7,26,41,19,12
1,<environment.Job instance at 0x7f32075b3870>,0,18,[9 1],1,41,59,40,30
1,<environment.Job instance at 0x7f3206a20050>,14,15,[9 3],15,59,74,44,54
1,<environment.Job instance at 0x7f320692c1e0>,1,17,[1 7],2,2,19,0,2
1,<environment.Job instance at 0x7f3206ca3b40>,1,16,[1 6],2,2,18,0,2
1,<environment.Job instance at 0x7f3206a1a190>,7,14,[6 2],8,8,22,0,8
1,<environment.Job instance at 0x7f3206a1abe0>,10,14,[4 7],11,18,32,7,12
1,<environment.Job instance at 0x7f3206e3f320>,6,16,[3 8],7,32,48,25,22
1,<environment.Job instance at 0x7f3207192f50>,12,1,[3 9],13,48,49,35,23
1,<environment.Job instance at 0x7f32069a9e10>,1,14,[6 1],2,2,16,0,2
1,<environment.Job instance at 0x7f3206a720a0>,3,1,[9 3],4,16,17,12,4
1,<environment.Job instance at 0x7f31c0ca46e0>,12,16,[5 5],13,26,42,13,26
1,<environment.Job instance at 0x7f31c0e29190>,13,13,[9 4],14,42,55,28,27
1,<environment.Job instance at 0x7f31c0e29690>,15,15,[9 2],16,55,70,39,41
1,<environment.Job instance at 0x7f31c0e29cd0>,17,16,[1 6],18,45,61,27,45
1,<environment.Job instance at 0x7f3207140be0>,21,14,[5 5],22,70,84,48,55
1,<environment.Job instance at 0x7f31c10eca00>,26,15,[8 2],27,84,99,57,82
1,<environment.Job instance at 0x7f320bda2320>,6,17,[8 4],7,7,24,0,7
1,<environment.Job instance at 0x7f320bda2870>,7,14,[ 4 10],8,24,38,16,10
1,<environment.Job instance at 0x7f32069b2c80>,14,3,[6 4],15,56,59,41,56
1,<environment.Job instance at 0x7f31c0b34500>,2,12,[4 7],3,77,89,74,77
1,<environment.Job instance at 0x7f32069b27d0>,2,13,[7 2],3,4,17,1,4
1,<environment.Job instance at 0x7f31c0f6f140>,5,12,[6 4],6,17,29,11,6
1,<environment.Job instance at 0x7f320717b6e0>,8,17,[8 1],9,29,46,20,17
1,<environment.Job instance at 0x7f31c0b48190>,2,18,[6 5],3,3,21,0,3
1,<environment.Job instance at 0x7f31c0b48730>,4,14,[10  5],5,21,35,16,8
1,<environment.Job instance at 0x7f3207400a50>,1,17,[10  2],2,35,52,33,23
1,<environment.Job instance at 0x7f31c0aa0cd0>,15,18,[7 2],16,61,79,45,61
1,<environment.Job instance at 0x7f31c0c0ff50>,0,12,[1 8],1,5,17,4,5
1,<environment.Job instance at 0x7f320705a1e0>,17,12,[7 5],18,61,73,43,61
1,<environment.Job instance at 0x7f320705a320>,18,17,[10  5],19,73,90,54,67
1,<environment.Job instance at 0x7f3206abe9b0>,7,15,[6 1],8,12,27,4,12
1,<environment.Job instance at 0x7f3206abe8c0>,9,12,[8 4],10,27,39,17,17
1,<environment.Job instance at 0x7f31c0f85e10>,10,12,[10  3],11,39,51,28,24
1,<environment.Job instance at 0x7f34c955d2d0>,1,15,[4 5],2,2,17,0,2
1,<environment.Job instance at 0x7f34c955d1e0>,0,17,[6 2],1,5,22,4,5
1,<environment.Job instance at 0x7f34c214e410>,9,17,[8 1],10,24,41,14,24
1,<environment.Job instance at 0x7f34c214e550>,6,19,[1 7],7,24,43,17,24
1,<environment.Job instance at 0x7f34c955d0f0>,3,13,[3 8],4,43,56,39,40
1,<environment.Job instance at 0x7f34c214eaf0>,18,18,[3 6],19,56,74,37,46
1,<environment.Job instance at 0x7f34c955d190>,2,18,[ 3 10],3,74,92,71,66
1,<environment.Job instance at 0x7f34c214ed70>,22,3,[4 6],23,92,95,69,88
1,<environment.Job instance at 0x7f34c214ef50>,23,18,[7 4],24,95,113,71,88
1,<environment.Job instance at 0x7f34c2150460>,28,2,[5 8],29,113,115,84,113
1,<environment.Job instance at 0x7f34c2150500>,29,24,[5 1],30,113,137,83,113
1,<environment.Job instance at 0x7f34c21505a0>,30,15,[8 2],31,137,152,106,123
1,<environment.Job instance at 0x7f34c2150640>,31,13,[4 5],32,123,136,91,123
1,<environment.Job instance at 0x7f34c2168d20>,0,15,[6 2],1,4,19,3,4
1,<environment.Job instance at 0x7f34c21508c0>,3,18,[5 5],4,29,47,25,29
1,<environment.Job instance at 0x7f34c9585b40>,11,17,[3 8],12,50,67,38,50
1,<environment.Job instance at 0x7f34c96cb280>,3,1,[10  2],4,4,5,0,4
1,<environment.Job instance at 0x7f347e3d40a0>,1,15,[4 8],2,8,23,6,8
1,<environment.Job instance at 0x7f347e44dbe0>,17,16,[8 3],18,62,78,44,62
1,<environment.Job instance at 0x7f347e44f550>,18,15,[2 8],19,78,93,59,64
1,<environment.Job instance at 0x7f347e44f8c0>,20,14,[7 1],21,78,92,57,68
1,<environment.Job instance at 0x7f347e44f5a0>,23,14,[ 3 10],24,93,107,69,79
1,<environment.Job instance at 0x7f347e488730>,1,16,[1 8],2,2,18,0,2
1,<environment.Job instance at 0x7f347e8e7a00>,4,12,[3 5],5,18,30,13,7
1,<environment.Job instance at 0x7f347e8e7190>,9,19,[6 4],10,42,61,32,42
1,<environment.Job instance at 0x7f347e8e75f0>,8,18,[10  3],9,61,79,52,54
1,<environment.Job instance at 0x7f347ea1d910>,13,14,[8 1],14,79,93,65,65
1,<environment.Job instance at 0x7f347ea1d7d0>,12,18,[2 8],13,79,97,66,74
1,<environment.Job instance at 0x7f347ea1d9b0>,17,17,[7 4],18,97,114,79,85
1,<environment.Job instance at 0x7f347ea1dd20>,19,15,[ 5 10],20,126,141,106,126
1,<environment.Job instance at 0x7f347ea1db40>,1,17,[2 7],2,4,21,2,4
1,<environment.Job instance at 0x7f347e8461e0>,8,15,[5 5],9,25,40,16,25
1,<environment.Job instance at 0x7f34c1fa1730>,5,12,[4 8],6,98,110,92,98
1,<environment.Job instance at 0x7f347e846820>,17,17,[4 5],18,112,129,94,112
1,<environment.Job instance at 0x7f347e846960>,19,13,[3 9],20,129,142,109,114
1,<environment.Job instance at 0x7f34c8fb2c80>,10,12,[2 7],11,68,80,57,68
1,<environment.Job instance at 0x7f347e6429b0>,11,14,[ 4 10],12,80,94,68,68
1,<environment.Job instance at 0x7f34c8fb27d0>,9,12,[10  1],10,94,106,84,89
1,<environment.Job instance at 0x7f347e6425f0>,17,13,[7 4],18,106,119,88,92
1,<environment.Job instance at 0x7f347e642b90>,16,16,[3 8],17,119,135,102,113
1,<environment.Job instance at 0x7f347e642f00>,24,16,[ 3 10],25,138,154,113,138
1,<environment.Job instance at 0x7f347e810f00>,27,13,[5 5],28,154,167,126,140
1,<environment.Job instance at 0x7f34c8aef690>,11,14,[10  2],12,99,113,87,99
1,<environment.Job instance at 0x7f34c8a58cd0>,15,13,[7 4],16,113,126,97,99
1,<environment.Job instance at 0x7f34c250c870>,1,12,[6 3],2,4,16,2,4
1,<environment.Job instance at 0x7f34c8dfcf50>,11,18,[6 4],12,22,40,10,22
1,<environment.Job instance at 0x7f34c8df6500>,2,2,[3 6],3,3,5,0,3
1,<environment.Job instance at 0x7f34c8df6370>,4,15,[9 2],5,12,27,7,12
1,<environment.Job instance at 0x7f34c206bb40>,11,13,[8 4],12,46,59,34,46
1,<environment.Job instance at 0x7f34c8d8a4b0>,15,12,[2 9],16,106,118,90,106
1,<environment.Job instance at 0x7f34c249b140>,3,13,[7 2],4,5,18,1,5
1,<environment.Job instance at 0x7f347e7bc550>,8,15,[7 3],9,18,33,9,9
1,<environment.Job instance at 0x7f34c8cfe690>,0,12,[9 1],1,33,45,32,16
1,<environment.Job instance at 0x7f347e7bc410>,11,3,[5 7],12,45,48,33,19
1,<environment.Job instance at 0x7f347e7bcb40>,16,13,[9 3],17,54,67,37,54
1,<environment.Job instance at 0x7f347e7bcf50>,2,18,[6 3],3,5,23,2,5
1,<environment.Job instance at 0x7f347e9af9b0>,5,12,[7 2],6,23,35,17,6
1,<environment.Job instance at 0x7f347e9afcd0>,7,16,[3 5],8,29,45,21,29
1,<environment.Job instance at 0x7f34c22b9550>,6,18,[1 7],7,45,63,38,37
1,<environment.Job instance at 0x7f34c22b9b40>,20,16,[5 2],21,88,104,67,88
1,<environment.Job instance at 0x7f34c22b9460>,21,20,[5 4],22,88,108,66,88
1,<environment.Job instance at 0x7f34c209ac80>,24,14,[7 5],25,108,122,83,97
1,<environment.Job instance at 0x7f34c248a460>,28,12,[5 1],29,144,156,115,144
1,<environment.Job instance at 0x7f347e941f50>,0,12,[5 1],1,3,15,2,3
1,<environment.Job instance at 0x7f34c248a640>,2,13,[5 5],3,4,17,1,4
1,<environment.Job instance at 0x7f34c248a500>,5,17,[8 2],6,17,34,11,6
1,<environment.Job instance at 0x7f347e9ca460>,11,12,[8 4],12,34,46,22,28
1,<environment.Job instance at 0x7f34c8ea9780>,20,17,[5 4],21,91,108,70,91
1,<environment.Job instance at 0x7f34c8ea95a0>,21,16,[1 6],22,91,107,69,91
1,<environment.Job instance at 0x7f34c8ea9e60>,25,18,[9 3],26,108,126,82,100
1,<environment.Job instance at 0x7f34c8ea9460>,27,14,[6 2],28,126,140,98,111
1,<environment.Job instance at 0x7f347e3a2c30>,30,14,[4 7],31,126,140,95,119
1,<environment.Job instance at 0x7f34c8ea9820>,17,16,[ 1 10],18,140,156,122,129
1,<environment.Job instance at 0x7f34c8ea9820>,2,17,[3 5],3,5,22,2,5
1,<environment.Job instance at 0x7f347e5e8190>,6,12,[3 9],7,23,35,16,23
1,<environment.Job instance at 0x7f347e5e8f50>,11,14,[6 1],12,23,37,11,23
1,<environment.Job instance at 0x7f347e5e8c30>,12,16,[5 5],13,37,53,24,24
1,<environment.Job instance at 0x7f347e1c5370>,3,17,[5 8],4,61,78,57,61
1,<environment.Job instance at 0x7f347e6102d0>,22,16,[5 5],23,78,94,55,67
1,<environment.Job instance at 0x7f347e5ec460>,23,13,[9 4],24,94,107,70,78
1,<environment.Job instance at 0x7f347e4061e0>,6,17,[8 4],7,8,25,1,8
1,<environment.Job instance at 0x7f34c8f8b730>,14,3,[6 4],15,77,80,62,77
1,<environment.Job instance at 0x7f347e406cd0>,7,14,[ 4 10],8,80,94,72,77
1,<environment.Job instance at 0x7f34c203fb90>,20,19,[10  2],21,129,148,108,129
1,<environment.Job instance at 0x7f347ea46af0>,0,15,[3 7],1,7,22,6,7
1,<environment.Job instance at 0x7f34c25af870>,11,16,[8 2],12,25,41,13,25
1,<environment.Job instance at 0x7f34c25af690>,15,18,[2 5],16,105,123,89,105
1,<environment.Job instance at 0x7f34c25af910>,17,17,[7 3],18,106,123,88,106
1,<environment.Job instance at 0x7f34c24948c0>,3,1,[7 5],4,4,5,0,4
1,<environment.Job instance at 0x7f34c216b9b0>,10,14,[8 2],11,72,86,61,72
1,<environment.Job instance at 0x7f34c216bd20>,13,13,[7 4],14,92,105,78,92
1,<environment.Job instance at 0x7f34c2494410>,5,16,[10  2],6,105,121,99,96
1,<environment.Job instance at 0x7f34c226e1e0>,1,2,[5 9],2,2,4,0,2
1,<environment.Job instance at 0x7f34c213b640>,2,17,[5 5],3,4,21,1,4
1,<environment.Job instance at 0x7f347e5dba00>,5,12,[9 3],6,21,33,15,13
1,<environment.Job instance at 0x7f347e73d4b0>,11,17,[7 5],12,33,50,21,21
1,<environment.Job instance at 0x7f34c8c7f6e0>,18,12,[3 5],19,36,48,17,36
1,<environment.Job instance at 0x7f347e279230>,6,18,[8 4],7,9,27,2,9
1,<environment.Job instance at 0x7f347e6d18c0>,9,16,[5 5],10,27,43,17,17
1,<environment.Job instance at 0x7f34c2540d70>,3,26,[6 1],4,4,30,0,4
1,<environment.Job instance at 0x7f347e3d1e60>,1,18,[2 6],2,4,22,2,4
1,<environment.Job instance at 0x7f34c2610b90>,7,16,[2 8],8,47,63,39,47
1,<environment.Job instance at 0x7f34c8950870>,14,12,[ 3 10],15,63,75,48,48
1,<environment.Job instance at 0x7f34c8950aa0>,18,15,[4 8],19,75,90,56,67
1,<environment.Job instance at 0x7f985df032d0>,1,15,[4 5],2,2,17,0,2
1,<environment.Job instance at 0x7f9856af3410>,5,18,[7 5],6,17,35,11,6
1,<environment.Job instance at 0x7f9856af3870>,13,15,[4 5],14,67,82,53,67
1,<environment.Job instance at 0x7f9856af3cd0>,18,18,[3 6],19,82,100,63,71
1,<environment.Job instance at 0x7f985df03190>,2,18,[ 3 10],3,100,118,97,90
1,<environment.Job instance at 0x7f9856af7460>,28,2,[5 8],29,118,120,89,113
1,<environment.Job instance at 0x7f9856af7500>,29,24,[5 1],30,118,142,88,113
1,<environment.Job instance at 0x7f9856af7640>,31,13,[4 5],32,120,133,88,116
1,<environment.Job instance at 0x7f9856af7780>,33,16,[9 3],34,142,158,108,129
1,<environment.Job instance at 0x7f9856af3fa0>,23,18,[7 4],24,158,176,134,154
1,<environment.Job instance at 0x7f9856b10410>,1,17,[3 8],2,6,23,4,6
1,<environment.Job instance at 0x7f985e06f550>,8,13,[1 9],9,23,36,14,17
1,<environment.Job instance at 0x7f9812eefaf0>,0,14,[7 1],1,5,19,4,5
1,<environment.Job instance at 0x7f9812eefe60>,7,14,[5 8],8,19,33,11,8
1,<environment.Job instance at 0x7f9812ed6960>,14,16,[2 8],15,54,70,39,54
1,<environment.Job instance at 0x7f9812ed6690>,16,13,[2 5],17,70,83,53,56
1,<environment.Job instance at 0x7f9812ed6460>,19,28,[3 5],20,76,104,56,76
1,<environment.Job instance at 0x7f9812ed6aa0>,21,12,[4 7],22,104,116,82,87
1,<environment.Job instance at 0x7f9812ed66e0>,1,12,[5 6],2,4,16,2,4
1,<environment.Job instance at 0x7f9812dea3c0>,9,1,[1 5],10,48,49,38,48
1,<environment.Job instance at 0x7f9812dea370>,16,2,[4 9],17,55,57,38,55
1,<environment.Job instance at 0x7f9812e47050>,1,17,[3 7],2,13,30,11,13
1,<environment.Job instance at 0x7f98131f8500>,10,14,[5 4],11,30,44,19,15
1,<environment.Job instance at 0x7f98131f8b40>,14,17,[2 6],15,70,87,55,70
1,<environment.Job instance at 0x7f98131f4370>,24,16,[10  5],25,87,103,62,74
1,<environment.Job instance at 0x7f98131f4500>,26,13,[7 5],27,103,116,76,87
1,<environment.Job instance at 0x7f98131f4780>,30,13,[ 2 10],31,116,129,85,111
1,<environment.Job instance at 0x7f98131f4820>,3,16,[9 4],4,5,21,1,5
1,<environment.Job instance at 0x7f9812ed6640>,8,18,[5 5],9,24,42,15,24
1,<environment.Job instance at 0x7f9812ed6aa0>,11,13,[3 9],12,42,55,30,29
1,<environment.Job instance at 0x7f9812ed6b40>,5,14,[ 2 10],6,55,69,49,42
1,<environment.Job instance at 0x7f9812ed6370>,7,16,[ 3 10],8,69,85,61,60
1,<environment.Job instance at 0x7f9856d68870>,18,12,[2 6],19,85,97,66,70
1,<environment.Job instance at 0x7f9856d68280>,21,13,[5 5],22,97,110,75,85
1,<environment.Job instance at 0x7f9813160d70>,24,16,[5 4],25,93,109,68,93
1,<environment.Job instance at 0x7f98131607d0>,30,18,[5 5],31,109,127,78,108
1,<environment.Job instance at 0x7f985981b690>,31,2,[5 9],32,127,129,95,108
1,<environment.Job instance at 0x7f9856d62410>,12,16,[1 7],13,122,138,109,122
1,<environment.Job instance at 0x7f9859637f50>,6,15,[5 5],7,23,38,16,23
1,<environment.Job instance at 0x7f985964b410>,11,2,[7 4],12,38,40,26,23
1,<environment.Job instance at 0x7f98592e4370>,2,14,[1 7],3,40,54,37,26
1,<environment.Job instance at 0x7f985964b690>,15,15,[1 6],16,54,69,38,49
1,<environment.Job instance at 0x7f9856fdcbe0>,0,19,[6 4],1,1,20,0,1
1,<environment.Job instance at 0x7f9856fdc6e0>,7,16,[5 4],8,20,36,12,8
1,<environment.Job instance at 0x7f985964b730>,2,14,[1 8],3,36,50,33,25
1,<environment.Job instance at 0x7f9856fdcaf0>,4,15,[10  1],5,53,68,48,53
1,<environment.Job instance at 0x7f9859041320>,18,12,[2 6],19,68,80,49,58
1,<environment.Job instance at 0x7f9812c77eb0>,15,14,[7 2],16,68,82,52,59
1,<environment.Job instance at 0x7f9859041460>,22,18,[2 5],23,80,98,57,77
1,<environment.Job instance at 0x7f9856fdcb90>,10,17,[ 4 10],11,106,123,95,106
1,<environment.Job instance at 0x7f985de3abe0>,1,14,[4 7],2,4,18,2,4
1,<environment.Job instance at 0x7f9812dd9230>,3,12,[10  3],4,18,30,14,7
1,<environment.Job instance at 0x7f9856946730>,8,14,[ 4 10],9,30,44,21,19
1,<environment.Job instance at 0x7f9856d7c910>,20,20,[9 5],21,75,95,54,75
1,<environment.Job instance at 0x7f98596a35f0>,21,16,[4 9],22,95,111,73,83
1,<environment.Job instance at 0x7f985926e5f0>,25,2,[7 5],26,111,113,85,98
1,<environment.Job instance at 0x7f985926e4b0>,26,17,[ 2 10],27,113,130,86,102
1,<environment.Job instance at 0x7f98594680a0>,8,3,[5 2],9,31,34,22,31
1,<environment.Job instance at 0x7f9859468050>,7,20,[ 5 10],8,34,54,26,34
1,<environment.Job instance at 0x7f98594682d0>,11,19,[3 5],12,54,73,42,44
1,<environment.Job instance at 0x7f98594684b0>,14,12,[7 3],15,54,66,39,51
1,<environment.Job instance at 0x7f98594685f0>,16,3,[9 5],17,73,76,56,73
1,<environment.Job instance at 0x7f9859468690>,17,13,[3 9],18,76,89,58,73
1,<environment.Job instance at 0x7f98594687d0>,19,17,[9 4],20,89,106,69,77
1,<environment.Job instance at 0x7f9859468a00>,1,16,[ 2 10],2,7,23,5,7
1,<environment.Job instance at 0x7f9856d7c820>,9,14,[7 4],10,23,37,13,16
1,<environment.Job instance at 0x7f9859468e10>,1,14,[8 1],2,2,16,0,2
1,<environment.Job instance at 0x7f9813280320>,6,14,[3 7],7,16,30,9,7
1,<environment.Job instance at 0x7f985957fb40>,7,15,[4 7],8,30,45,22,16
1,<environment.Job instance at 0x7f985957fcd0>,12,16,[1 5],13,45,61,32,36
1,<environment.Job instance at 0x7f981306ff00>,5,18,[7 1],6,89,107,83,89
1,<environment.Job instance at 0x7f9812b07780>,4,13,[1 6],5,113,126,108,113
1,<environment.Job instance at 0x7f985957fcd0>,3,17,[2 8],4,136,153,132,136
1,<environment.Job instance at 0x7f981306d550>,22,12,[4 7],23,153,165,130,136
1,<environment.Job instance at 0x7f981306d370>,2,13,[7 2],3,5,18,2,5
1,<environment.Job instance at 0x7f981328dd20>,0,14,[9 2],1,18,32,17,6
1,<environment.Job instance at 0x7f9812d46f50>,9,14,[3 8],10,32,46,22,18
1,<environment.Job instance at 0x7f9812b428c0>,13,13,[7 4],14,92,105,78,92
1,<environment.Job instance at 0x7f9812b42640>,15,16,[7 2],16,105,121,89,97
1,<environment.Job instance at 0x7f9812b42d20>,17,13,[8 5],18,121,134,103,115
1,<environment.Job instance at 0x7f9812fc7230>,8,12,[3 5],9,18,30,9,18
1,<environment.Job instance at 0x7f9812fc7140>,9,19,[5 5],10,18,37,8,18
1,<environment.Job instance at 0x7f9812fc71e0>,10,17,[4 5],11,30,47,19,18
1,<environment.Job instance at 0x7f9812fe8410>,2,19,[7 5],3,3,22,0,3
1,<environment.Job instance at 0x7f9859822e60>,7,17,[10  1],8,22,39,14,10
1,<environment.Job instance at 0x7f985969e1e0>,10,13,[7 4],11,39,52,28,28
1,<environment.Job instance at 0x7f985969e410>,8,17,[8 1],9,52,69,43,41
1,<environment.Job instance at 0x7f9812c06c80>,0,15,[ 5 10],1,69,84,68,57
1,<environment.Job instance at 0x7f9856f530a0>,21,23,[1 8],22,84,107,62,81
1,<environment.Job instance at 0x7f98595281e0>,5,15,[7 3],6,55,70,49,55
1,<environment.Job instance at 0x7f98590d8d70>,12,12,[5 5],13,85,97,72,85
1,<environment.Job instance at 0x7f98590d8c80>,13,17,[5 4],14,86,103,72,86
1,<environment.Job instance at 0x7f9859528fa0>,6,15,[5 7],7,108,123,101,108
1,<environment.Job instance at 0x7f9812a1d870>,2,2,[5 3],3,3,5,0,3
1,<environment.Job instance at 0x7f98591d65a0>,3,13,[7 1],4,5,18,1,4
1,<environment.Job instance at 0x7f98591d6190>,4,15,[6 5],5,18,33,13,5
1,<environment.Job instance at 0x7f9856ff10a0>,10,26,[3 5],11,16,42,5,16
1,<environment.Job instance at 0x7f9856cab460>,20,14,[ 4 10],21,52,66,31,52
1,<environment.Job instance at 0x7f98592fad70>,22,15,[4 6],23,66,81,43,57
1,<environment.Job instance at 0x7f9812bb0190>,24,17,[3 6],25,81,98,56,74
1,<environment.Job instance at 0x7f9812bb0910>,27,12,[6 1],28,82,94,54,82
1,<environment.Job instance at 0x7fd55d7f6320>,5,18,[7 5],6,6,24,0,6
1,<environment.Job instance at 0x7fd55d7f62d0>,9,17,[8 1],10,24,41,14,24
1,<environment.Job instance at 0x7fd55d7f67d0>,13,15,[4 5],14,41,56,27,31
1,<environment.Job instance at 0x7fd55d7f6af0>,18,18,[3 6],19,56,74,37,56
1,<environment.Job instance at 0x7fd564c050a0>,2,18,[ 3 10],3,101,119,98,101
1,<environment.Job instance at 0x7fd55d7f6f50>,23,18,[7 4],24,150,168,126,150
1,<environment.Job instance at 0x7fd55d7f85f0>,32,14,[8 3],33,168,182,135,158
1,<environment.Job instance at 0x7fd55d7f85f0>,2,18,[4 6],3,4,22,1,4
1,<environment.Job instance at 0x7fd564c2d7d0>,12,14,[4 7],13,42,56,29,42
1,<environment.Job instance at 0x7fd564c2d460>,11,13,[ 4 10],12,56,69,44,44
1,<environment.Job instance at 0x7fd564c2d3c0>,16,17,[8 2],17,69,86,52,65
1,<environment.Job instance at 0x7fd564d739b0>,26,14,[8 4],27,155,169,128,155
1,<environment.Job instance at 0x7fd564d730a0>,28,17,[10  5],29,169,186,140,164
1,<environment.Job instance at 0x7fd519a83dc0>,1,12,[4 7],2,2,14,0,2
1,<environment.Job instance at 0x7fd519a83d20>,0,19,[1 8],1,14,33,13,5
1,<environment.Job instance at 0x7fd519dcd050>,3,18,[5 7],4,39,57,35,39
1,<environment.Job instance at 0x7fd519fd35f0>,4,12,[3 8],5,84,96,79,84
1,<environment.Job instance at 0x7fd51a0d2910>,16,15,[5 7],17,96,111,79,84
1,<environment.Job instance at 0x7fd519fccc30>,19,12,[10  1],20,111,123,91,109
1,<environment.Job instance at 0x7fd51a0d27d0>,11,17,[10  4],12,123,140,111,114
1,<environment.Job instance at 0x7fd519fccaa0>,24,17,[ 3 10],25,140,157,115,134
1,<environment.Job instance at 0x7fd519ba4f00>,1,17,[3 9],2,8,25,6,8
1,<environment.Job instance at 0x7fd55d64a960>,0,13,[ 4 10],1,25,38,24,10
1,<environment.Job instance at 0x7fd564465a00>,9,16,[6 5],10,17,33,7,17
1,<environment.Job instance at 0x7fd5644653c0>,10,12,[2 8],11,33,45,22,19
1,<environment.Job instance at 0x7fd5644650f0>,7,18,[1 8],8,45,63,37,35
1,<environment.Job instance at 0x7fd564465c80>,13,19,[1 5],14,63,82,49,53
1,<environment.Job instance at 0x7fd5644654b0>,12,18,[7 4],13,63,81,50,55
1,<environment.Job instance at 0x7fd55d893140>,18,17,[1 9],19,112,129,93,112
1,<environment.Job instance at 0x7fd55d893b90>,17,12,[10  1],18,129,141,111,119
1,<environment.Job instance at 0x7fd55d716780>,1,17,[9 4],2,2,19,0,2
1,<environment.Job instance at 0x7fd519e7bf50>,8,14,[8 4],9,78,92,69,78
1,<environment.Job instance at 0x7fd519e62370>,14,15,[9 2],15,100,115,85,100
1,<environment.Job instance at 0x7fd519e62730>,20,3,[10  4],21,120,123,99,120
1,<environment.Job instance at 0x7fd519e627d0>,21,13,[8 4],22,123,136,101,120
1,<environment.Job instance at 0x7fd51a132aa0>,2,13,[9 5],3,3,16,0,3
1,<environment.Job instance at 0x7fd51a0fdf00>,3,15,[ 4 10],4,16,31,12,5
1,<environment.Job instance at 0x7fd55d6b2230>,6,18,[ 2 10],7,36,54,29,36
1,<environment.Job instance at 0x7fd5641c0780>,16,15,[ 5 10],17,54,69,37,43
1,<environment.Job instance at 0x7fd519de9320>,11,15,[3 9],12,73,88,61,73
1,<environment.Job instance at 0x7fd55da2a960>,20,15,[10  1],21,88,103,67,77
1,<environment.Job instance at 0x7fd519f5f640>,22,12,[6 5],23,103,115,80,94
1,<environment.Job instance at 0x7fd51a0e0e60>,5,20,[8 1],6,23,43,17,23
1,<environment.Job instance at 0x7fd519d5a460>,9,16,[ 5 10],10,43,59,33,31
1,<environment.Job instance at 0x7fd519d5a9b0>,18,12,[7 5],19,85,97,66,85
1,<environment.Job instance at 0x7fd564b39780>,0,1,[2 7],1,3,4,2,3
1,<environment.Job instance at 0x7fd519d5aaa0>,2,13,[4 9],3,7,20,4,7
1,<environment.Job instance at 0x7fd55d5a4640>,9,18,[1 6],10,20,38,10,13
1,<environment.Job instance at 0x7fd55d5a4690>,11,12,[10  1],12,38,50,26,21
1,<environment.Job instance at 0x7fd55d8ec9b0>,2,12,[9 4],3,3,15,0,3
1,<environment.Job instance at 0x7fd55d8ec870>,3,18,[9 2],4,19,37,15,19
1,<environment.Job instance at 0x7fd55d8ecc80>,9,14,[1 8],10,23,37,13,23
1,<environment.Job instance at 0x7fd55d8ec410>,13,12,[8 4],14,37,49,23,33
1,<environment.Job instance at 0x7fd55d877050>,14,18,[8 3],15,49,67,34,40
1,<environment.Job instance at 0x7fd55d877dc0>,17,12,[1 8],18,67,79,49,50
1,<environment.Job instance at 0x7fd55dad94b0>,11,3,[ 2 10],12,74,77,62,74
1,<environment.Job instance at 0x7fd55dad91e0>,8,14,[2 9],9,84,98,75,84
1,<environment.Job instance at 0x7fd55dad73c0>,17,2,[7 1],18,115,117,97,115
1,<environment.Job instance at 0x7fd55dad7050>,19,13,[9 1],20,117,130,97,115
1,<environment.Job instance at 0x7fd5644b6140>,21,17,[5 6],22,140,157,118,140
1,<environment.Job instance at 0x7fd55d9facd0>,2,18,[6 5],3,4,22,1,4
1,<environment.Job instance at 0x7fd564b437d0>,9,2,[ 4 10],10,22,24,12,10
1,<environment.Job instance at 0x7fd56433f370>,7,12,[1 6],8,24,36,16,11
1,<environment.Job instance at 0x7fd55d761cd0>,4,14,[10  5],5,36,50,31,23
1,<environment.Job instance at 0x7fd55d791870>,1,17,[10  2],2,50,67,48,39
1,<environment.Job instance at 0x7fd519f31b90>,1,2,[5 9],2,2,4,0,2
1,<environment.Job instance at 0x7fd519f9d4b0>,2,17,[5 5],3,4,21,1,3
1,<environment.Job instance at 0x7fd5199d1af0>,8,13,[6 4],9,21,34,12,11
1,<environment.Job instance at 0x7fd564b3cc80>,5,12,[9 3],6,34,46,28,18
1,<environment.Job instance at 0x7fd5199d1960>,15,14,[2 7],16,46,60,30,32
1,<environment.Job instance at 0x7fd51a0fd8c0>,2,19,[7 5],3,4,23,1,4
1,<environment.Job instance at 0x7fd564516690>,8,17,[8 1],9,23,40,14,11
1,<environment.Job instance at 0x7fd519ba7e10>,6,17,[10  1],7,40,57,33,29
1,<environment.Job instance at 0x7fd5644deb40>,17,17,[4 6],18,57,74,39,51
1,<environment.Job instance at 0x7fd55d73a0a0>,14,14,[ 4 10],15,92,106,77,92
1,<environment.Job instance at 0x7fd55d73aeb0>,16,12,[5 3],17,106,118,89,93
1,<environment.Job instance at 0x7fd55d73a140>,17,13,[6 2],18,118,131,100,102
1,<environment.Job instance at 0x7fd55d57a280>,21,16,[1 8],22,120,136,98,120
1,<environment.Job instance at 0x7fd519a8c500>,22,15,[9 3],23,136,151,113,125
1,<environment.Job instance at 0x7fd5199f3370>,12,17,[7 5],13,151,168,138,143
1,<environment.Job instance at 0x7fd5641c3870>,1,12,[3 7],2,2,14,0,2
1,<environment.Job instance at 0x7fd519a8c190>,2,15,[4 6],3,14,29,11,3
1,<environment.Job instance at 0x7fd564490b90>,11,16,[1 7],12,29,45,17,19
1,<environment.Job instance at 0x7fd519e77b90>,15,13,[ 5 10],16,46,59,30,46
1,<environment.Job instance at 0x7fd519e5a730>,1,1,[9 3],2,3,4,1,3
1,<environment.Job instance at 0x7fd5199e9280>,4,13,[2 8],5,7,20,2,7
1,<environment.Job instance at 0x7fd5644e4140>,7,17,[5 3],8,20,37,12,8
1,<environment.Job instance at 0x7fd56450ad20>,13,15,[5 5],14,45,60,31,45
1,<environment.Job instance at 0x7fd56442dc30>,17,14,[9 5],18,73,87,55,73
1,<environment.Job instance at 0x7fd56450a820>,12,15,[2 8],13,87,102,74,73
1,<environment.Job instance at 0x7fd56442d0f0>,18,14,[ 1 10],19,102,116,83,101
1,<environment.Job instance at 0x7fd55d9a8be0>,25,12,[5 4],26,116,128,90,106
1,<environment.Job instance at 0x7fd5644c2370>,26,13,[1 5],27,116,129,89,108
1,<environment.Job instance at 0x7fd5644c2fa0>,28,15,[7 3],29,128,143,99,121
1,<environment.Job instance at 0x7f00d614b2d0>,1,15,[4 5],2,2,17,0,2
1,<environment.Job instance at 0x7f00d614b140>,0,17,[6 2],1,5,22,4,5
1,<environment.Job instance at 0x7f00d614b190>,3,13,[3 8],4,29,42,25,29
1,<environment.Job instance at 0x7f00ced3b550>,6,19,[1 7],7,42,61,35,38
1,<environment.Job instance at 0x7f00ced3b9b0>,16,19,[ 3 10],17,61,80,44,53
1,<environment.Job instance at 0x7f00ced3bfa0>,25,16,[5 3],26,125,141,99,125
1,<environment.Job instance at 0x7f00ced3d5a0>,31,13,[4 5],32,178,191,146,178
1,<environment.Job instance at 0x7f00ced3d690>,32,14,[8 3],33,191,205,158,178
1,<environment.Job instance at 0x7f00ced3d820>,1,13,[ 4 10],2,4,17,2,4
1,<environment.Job instance at 0x7f00ced56050>,0,16,[7 4],1,17,33,16,5
1,<environment.Job instance at 0x7f00d62b2910>,7,22,[1 7],8,33,55,25,28
1,<environment.Job instance at 0x7f00d62b2fa0>,12,15,[3 9],13,55,70,42,48
1,<environment.Job instance at 0x7f00d62c5f00>,17,3,[5 4],18,70,73,52,52
1,<environment.Job instance at 0x7f00d62b2640>,15,18,[8 2],16,73,91,57,62
1,<environment.Job instance at 0x7f008b007e10>,13,17,[7 1],14,51,68,37,51
1,<environment.Job instance at 0x7f008b13c910>,14,18,[3 8],15,52,70,37,52
1,<environment.Job instance at 0x7f008b13cdc0>,23,18,[4 8],24,121,139,97,121
1,<environment.Job instance at 0x7f008b551500>,1,15,[4 9],2,6,21,4,6
1,<environment.Job instance at 0x7f008b13cf00>,4,13,[ 5 10],5,21,34,16,15
1,<environment.Job instance at 0x7f00d14dd3c0>,14,14,[1 8],15,43,57,28,43
1,<environment.Job instance at 0x7f008b01f870>,1,2,[10  4],2,2,4,0,2
1,<environment.Job instance at 0x7f008af8f050>,0,15,[6 2],1,5,20,4,5
1,<environment.Job instance at 0x7f00ceb34320>,7,15,[1 7],8,10,25,2,10
1,<environment.Job instance at 0x7f008b5e0be0>,14,15,[5 3],15,53,68,38,53
1,<environment.Job instance at 0x7f00cebae780>,17,17,[ 2 10],18,68,85,50,56
1,<environment.Job instance at 0x7f00d17fd960>,19,12,[9 1],20,85,97,65,68
1,<environment.Job instance at 0x7f00d18d17d0>,6,15,[10  3],7,129,144,122,129
1,<environment.Job instance at 0x7f008b6b1640>,15,13,[7 4],16,99,112,83,99
1,<environment.Job instance at 0x7f008b6b1820>,16,14,[10  2],17,112,126,95,99
1,<environment.Job instance at 0x7f00cf24ffa0>,1,15,[3 5],2,3,18,1,3
1,<environment.Job instance at 0x7f00cee4df50>,3,16,[5 5],4,4,20,0,4
1,<environment.Job instance at 0x7f00cf1184b0>,4,13,[4 6],5,20,33,15,6
1,<environment.Job instance at 0x7f008b3ef8c0>,2,16,[3 9],3,51,67,48,51
1,<environment.Job instance at 0x7f00cece2190>,17,14,[10  2],18,74,88,56,74
1,<environment.Job instance at 0x7f00cedb0fa0>,20,14,[4 9],21,88,102,67,74
1,<environment.Job instance at 0x7f00ceca4320>,25,15,[3 9],26,162,177,136,162
1,<environment.Job instance at 0x7f00cf078d20>,27,18,[8 5],28,177,195,149,166
1,<environment.Job instance at 0x7f008b69d9b0>,7,16,[1 8],8,9,25,1,9
1,<environment.Job instance at 0x7f008b69dbe0>,9,19,[8 3],10,25,44,15,15
1,<environment.Job instance at 0x7f008b69dd70>,13,18,[8 5],14,61,79,47,61
1,<environment.Job instance at 0x7f00cf04c4b0>,1,16,[8 3],2,79,95,77,68
1,<environment.Job instance at 0x7f008b6a7140>,18,14,[8 5],19,95,109,76,81
1,<environment.Job instance at 0x7f008b6a7410>,24,15,[10  1],25,109,124,84,98
1,<environment.Job instance at 0x7f008b6a7550>,26,14,[10  2],27,124,138,97,112
1,<environment.Job instance at 0x7f00d15469b0>,3,12,[10  3],4,5,17,1,5
1,<environment.Job instance at 0x7f00d15464b0>,7,16,[6 1],8,17,33,9,10
1,<environment.Job instance at 0x7f008b6a77d0>,8,14,[ 4 10],9,33,47,24,18
1,<environment.Job instance at 0x7f00d1546e60>,1,14,[4 7],2,86,100,84,86
1,<environment.Job instance at 0x7f008b2ace60>,23,14,[5 4],24,118,132,94,118
1,<environment.Job instance at 0x7f00cf1c0730>,24,15,[6 4],25,132,147,107,118
1,<environment.Job instance at 0x7f00cebd9370>,6,16,[8 4],7,7,23,0,7
1,<environment.Job instance at 0x7f008b308780>,0,17,[8 5],1,24,41,23,24
1,<environment.Job instance at 0x7f00d6043be0>,10,13,[2 9],11,41,54,30,25
1,<environment.Job instance at 0x7f00d6043410>,13,3,[8 5],14,54,57,40,38
1,<environment.Job instance at 0x7f008b177e10>,14,15,[4 6],15,57,72,42,45
1,<environment.Job instance at 0x7f008b5c8500>,19,18,[7 1],20,72,90,52,61
1,<environment.Job instance at 0x7f008b6361e0>,23,16,[3 5],24,82,98,58,82
1,<environment.Job instance at 0x7f008b636140>,24,14,[6 2],25,90,104,65,82
1,<environment.Job instance at 0x7f008b60bb90>,27,18,[7 1],28,104,122,76,102
1,<environment.Job instance at 0x7f00cece2d70>,33,17,[8 3],34,129,146,95,129
1,<environment.Job instance at 0x7f00cece22d0>,35,12,[7 2],36,146,158,110,134
1,<environment.Job instance at 0x7f00cedd8aa0>,37,16,[3 5],38,146,162,108,143
1,<environment.Job instance at 0x7f00ceb89550>,43,15,[1 8],44,173,188,129,173
1,<environment.Job instance at 0x7f008b39ff00>,0,12,[5 1],1,21,33,20,21
1,<environment.Job instance at 0x7f00cf00e2d0>,7,17,[3 5],8,23,40,15,23
1,<environment.Job instance at 0x7f008b39f0a0>,5,17,[8 2],6,40,57,34,29
1,<environment.Job instance at 0x7f00cf00e730>,14,1,[9 5],15,57,58,42,43
1,<environment.Job instance at 0x7f00cf00ee10>,25,18,[9 3],26,108,126,82,108
1,<environment.Job instance at 0x7f00d183a190>,1,14,[5 5],2,2,16,0,2
1,<environment.Job instance at 0x7f00d183b370>,13,2,[9 2],14,71,73,57,71
1,<environment.Job instance at 0x7f00cf0661e0>,19,15,[6 4],20,101,116,81,101
1,<environment.Job instance at 0x7f00d183b960>,5,14,[ 4 10],6,150,164,144,150
1,<environment.Job instance at 0x7f00cee25690>,1,14,[8 2],2,3,17,1,3
1,<environment.Job instance at 0x7f008b42ec80>,2,13,[2 6],3,3,16,0,3
1,<environment.Job instance at 0x7f00ceacaf00>,5,12,[5 4],6,25,37,19,25
1,<environment.Job instance at 0x7f00ceacab40>,7,12,[2 5],8,25,37,17,25
1,<environment.Job instance at 0x7f00ceacac80>,8,16,[4 5],9,37,53,28,25
1,<environment.Job instance at 0x7f00cedd6500>,19,17,[8 2],20,92,109,72,92
1,<environment.Job instance at 0x7f00cedd6eb0>,20,13,[1 8],21,93,106,72,93
1,<environment.Job instance at 0x7f00ceaca410>,15,12,[3 9],16,111,123,95,111
1,<environment.Job instance at 0x7f00ceaca190>,10,16,[4 5],11,123,139,112,111
1,<environment.Job instance at 0x7f00cedd6190>,26,17,[4 9],27,141,158,114,141
1,<environment.Job instance at 0x7f008b42d8c0>,34,12,[10  5],35,158,170,123,145
1,<environment.Job instance at 0x7f00cedd6b40>,32,16,[1 7],33,170,186,137,158
1,<environment.Job instance at 0x7f00cece2780>,1,12,[1 9],2,3,15,1,3
1,<environment.Job instance at 0x7f00cf176fa0>,6,3,[5 1],7,7,10,0,7
1,<environment.Job instance at 0x7f00cf190370>,7,14,[4 6],8,96,110,88,96
1,<environment.Job instance at 0x7f00cf174f50>,20,16,[6 1],21,97,113,76,97
1,<environment.Job instance at 0x7f00cf174820>,21,3,[3 7],22,110,113,88,98
1,<environment.Job instance at 0x7f00ceb3a5f0>,4,17,[9 5],5,113,130,108,101
1,<environment.Job instance at 0x7f00cf1aa230>,22,13,[1 9],23,130,143,107,117
1,<environment.Job instance at 0x7f00cf174eb0>,19,18,[ 1 10],20,143,161,123,132
1,<environment.Job instance at 0x7f00ceb0a280>,29,18,[2 9],30,161,179,131,154
1,<environment.Job instance at 0x7f00cf1aa050>,31,13,[1 7],32,179,192,147,168
1,<environment.Job instance at 0x7f00cf17c1e0>,34,12,[5 8],35,192,204,157,178
1,<environment.Job instance at 0x7f008b13d5f0>,0,12,[1 8],1,4,16,3,4
1,<environment.Job instance at 0x7f00cecd6320>,15,13,[2 8],16,104,117,88,104
1,<environment.Job instance at 0x7f008ad08dc0>,0,16,[3 8],1,16,32,15,16
1,<environment.Job instance at 0x7f008b12ad70>,9,16,[5 5],10,32,48,22,23
1,<environment.Job instance at 0x7f00d1305d20>,5,15,[7 3],6,55,70,49,55
1,<environment.Job instance at 0x7f00d131a280>,12,12,[5 5],13,83,95,70,83
1,<environment.Job instance at 0x7f00d131a550>,13,17,[5 4],14,83,100,69,83
1,<environment.Job instance at 0x7f00d1325960>,17,19,[6 4],18,107,126,89,107
1,<environment.Job instance at 0x7f00d1325320>,24,14,[ 4 10],25,176,190,151,176
1,<environment.Job instance at 0x7f00d12fe460>,26,12,[5 3],27,190,202,163,176
1,<environment.Job instance at 0x7f008b26baa0>,1,12,[3 7],2,3,15,1,3
1,<environment.Job instance at 0x7f008b585d20>,0,14,[ 4 10],1,15,29,14,9
1,<environment.Job instance at 0x7f008ad50230>,11,16,[1 7],12,29,45,17,19
1,<environment.Job instance at 0x7f008b5425f0>,15,13,[ 5 10],16,51,64,35,51
1,<environment.Job instance at 0x7f00d1756af0>,3,15,[5 5],4,26,41,22,26
1,<environment.Job instance at 0x7f008b5425f0>,2,15,[2 8],3,51,66,48,51
1,<environment.Job instance at 0x7f00d614b410>,15,12,[5 4],16,66,78,50,51
1,<environment.Job instance at 0x7f008b2f2f50>,16,13,[1 5],17,66,79,49,52
1,<environment.Job instance at 0x7f008b2f2af0>,18,15,[7 3],19,78,93,59,65
1,<environment.Job instance at 0x7f008b2f2c30>,21,15,[6 1],22,93,108,71,81
1,<environment.Job instance at 0x7f008b2f2050>,17,16,[3 8],18,93,109,75,81
1,<environment.Job instance at 0x7f008ae4c140>,23,13,[3 5],24,109,122,85,94
1,<environment.Job instance at 0x7f00cf18db90>,0,3,[8 1],1,4,7,3,4
1,<environment.Job instance at 0x7f008aead410>,7,18,[7 4],8,8,26,0,8
1,<environment.Job instance at 0x7f00ceaa0e60>,10,17,[3 6],11,14,31,3,14
1,<environment.Job instance at 0x7f008aead320>,4,15,[4 6],5,31,46,26,27
1,<environment.Job instance at 0x7f00ceabab90>,19,14,[ 1 10],20,78,92,58,78
1,<environment.Job instance at 0x7f008aea5be0>,26,17,[1 9],27,147,164,120,147
1,<environment.Job instance at 0x7f00ceab87d0>,29,16,[4 9],30,164,180,134,151
1,<environment.Job instance at 0x7f00ceab8280>,32,18,[1 9],33,180,198,147,172
1,<environment.Job instance at 0x7f48add2b0f0>,0,17,[6 2],1,5,22,4,5
1,<environment.Job instance at 0x7f48a691b2d0>,5,18,[7 5],6,86,104,80,86
1,<environment.Job instance at 0x7f48a691bf50>,23,18,[7 4],24,150,168,126,150
1,<environment.Job instance at 0x7f48add52dc0>,6,14,[8 4],7,9,23,2,9
1,<environment.Job instance at 0x7f48ade92960>,13,16,[10  3],14,33,49,19,33
1,<environment.Job instance at 0x7f48ade976e0>,2,15,[3 9],3,59,74,56,59
1,<environment.Job instance at 0x7f4862c4a690>,9,21,[6 1],10,10,31,0,10
1,<environment.Job instance at 0x7f4862c4a190>,10,13,[4 9],11,11,24,0,11
1,<environment.Job instance at 0x7f4862be4c80>,17,12,[5 4],18,49,61,31,49
1,<environment.Job instance at 0x7f4862be4a00>,21,17,[2 6],22,94,111,72,94
1,<environment.Job instance at 0x7f4862be4b40>,24,12,[ 1 10],25,121,133,96,121
1,<environment.Job instance at 0x7f4862c010a0>,26,14,[9 5],27,139,153,112,139
1,<environment.Job instance at 0x7f4862c01230>,30,13,[1 6],31,156,169,125,156
1,<environment.Job instance at 0x7f4862c01960>,32,16,[3 9],33,169,185,136,156
1,<environment.Job instance at 0x7f4862d1d550>,3,16,[5 1],4,6,22,2,6
1,<environment.Job instance at 0x7f48630df370>,2,14,[9 5],3,22,36,19,9
1,<environment.Job instance at 0x7f486309fe10>,10,12,[8 2],11,36,48,25,27
1,<environment.Job instance at 0x7f48a6953780>,0,12,[2 7],1,4,16,3,4
1,<environment.Job instance at 0x7f4863083d20>,4,20,[5 1],5,5,25,0,5
1,<environment.Job instance at 0x7f486300a0f0>,10,16,[6 2],11,25,41,14,20
1,<environment.Job instance at 0x7f486300a280>,13,16,[7 2],14,44,60,30,44
1,<environment.Job instance at 0x7f486300a3c0>,15,16,[5 7],16,60,76,44,48
1,<environment.Job instance at 0x7f486300a780>,27,12,[ 5 10],28,116,128,88,116
1,<environment.Job instance at 0x7f486300ad20>,29,14,[5 1],30,128,142,98,121
1,<environment.Job instance at 0x7f486300adc0>,30,15,[7 3],31,142,157,111,131
1,<environment.Job instance at 0x7f4862b220f0>,33,14,[7 5],34,157,171,123,142
1,<environment.Job instance at 0x7f4862b22280>,37,12,[6 4],38,171,183,133,159
1,<environment.Job instance at 0x7f4862b223c0>,39,14,[ 3 10],40,183,197,143,172
1,<environment.Job instance at 0x7f4862b22640>,43,16,[9 4],44,197,213,153,185
1,<environment.Job instance at 0x7f48a66df0f0>,1,19,[2 9],2,2,21,0,2
1,<environment.Job instance at 0x7f4862b227d0>,2,12,[7 3],3,21,33,18,4
1,<environment.Job instance at 0x7f48a66df780>,4,18,[2 7],5,25,43,20,25
1,<environment.Job instance at 0x7f48a66d0be0>,20,21,[9 1],21,74,95,53,74
1,<environment.Job instance at 0x7f48a66d0910>,21,21,[8 2],22,95,116,73,87
1,<environment.Job instance at 0x7f48a93a2cd0>,22,16,[1 7],23,87,103,64,87
1,<environment.Job instance at 0x7f48a6c37e10>,1,16,[2 7],2,5,21,3,5
1,<environment.Job instance at 0x7f48a69e9050>,5,16,[1 8],6,21,37,15,8
1,<environment.Job instance at 0x7f48a6dd90a0>,11,12,[6 2],12,25,37,13,25
1,<environment.Job instance at 0x7f48a6dd93c0>,14,12,[2 7],15,37,49,22,25
1,<environment.Job instance at 0x7f48a6dd95f0>,13,17,[5 3],14,37,54,23,25
1,<environment.Job instance at 0x7f48a69a0460>,20,12,[1 7],21,71,83,50,71
1,<environment.Job instance at 0x7f48a6bc34b0>,22,13,[10  1],23,83,96,60,72
1,<environment.Job instance at 0x7f48a69a06e0>,21,15,[2 6],22,96,111,74,83
1,<environment.Job instance at 0x7f48a6d4e870>,1,15,[1 5],2,5,20,3,5
1,<environment.Job instance at 0x7f48a6774820>,0,16,[6 1],1,8,24,7,8
1,<environment.Job instance at 0x7f486309f370>,8,15,[5 1],9,24,39,15,10
1,<environment.Job instance at 0x7f486309f550>,7,16,[4 6],8,20,36,12,11
1,<environment.Job instance at 0x7f486309fb40>,13,15,[10  4],14,39,54,25,25
1,<environment.Job instance at 0x7f486309f320>,6,17,[8 2],7,54,71,47,42
1,<environment.Job instance at 0x7f48a94ad0a0>,5,17,[10  4],6,48,65,42,48
1,<environment.Job instance at 0x7f48a66e2500>,13,15,[ 4 10],14,65,80,51,52
1,<environment.Job instance at 0x7f4862cab1e0>,20,18,[9 1],21,112,130,91,112
1,<environment.Job instance at 0x7f48a9035640>,21,15,[3 9],22,130,145,108,120
1,<environment.Job instance at 0x7f48a68ee690>,25,13,[8 3],26,145,158,119,145
1,<environment.Job instance at 0x7f4862cab280>,23,12,[5 4],24,165,177,141,165
1,<environment.Job instance at 0x7f4862f6c960>,0,18,[5 3],1,3,21,2,3
1,<environment.Job instance at 0x7f48a92a0870>,2,15,[5 7],3,5,20,2,5
1,<environment.Job instance at 0x7f48632d4370>,13,14,[6 2],14,28,42,14,28
1,<environment.Job instance at 0x7f48632d4820>,14,13,[6 5],15,42,55,27,30
1,<environment.Job instance at 0x7f48a8fe3a50>,15,28,[1 5],16,30,58,14,30
1,<environment.Job instance at 0x7f4862e960a0>,2,12,[5 7],3,3,15,0,3
1,<environment.Job instance at 0x7f48a6ca0500>,5,22,[1 5],6,23,45,17,23
1,<environment.Job instance at 0x7f48a6ca06e0>,8,19,[3 5],9,42,61,33,42
1,<environment.Job instance at 0x7f48a6c90280>,23,16,[6 3],24,155,171,131,155
1,<environment.Job instance at 0x7f48a6c902d0>,26,14,[3 7],27,156,170,129,156
1,<environment.Job instance at 0x7f48a6c90410>,27,15,[4 7],28,170,185,142,157
1,<environment.Job instance at 0x7f48a6c906e0>,1,16,[2 5],2,3,19,1,3
1,<environment.Job instance at 0x7f48a6b5da00>,3,13,[1 7],4,19,32,15,7
1,<environment.Job instance at 0x7f48a93d4e60>,7,27,[5 1],8,8,35,0,8
1,<environment.Job instance at 0x7f48a67657d0>,12,12,[4 7],13,42,54,29,42
1,<environment.Job instance at 0x7f48a6c90550>,2,17,[9 4],3,54,71,51,43
1,<environment.Job instance at 0x7f48a67653c0>,17,14,[ 4 10],18,71,85,53,61
1,<environment.Job instance at 0x7f48a90f50f0>,20,18,[3 8],21,85,103,64,83
1,<environment.Job instance at 0x7f48a90f5a50>,1,16,[5 4],2,6,22,4,6
1,<environment.Job instance at 0x7f48a928ad20>,7,13,[6 1],8,22,35,14,8
1,<environment.Job instance at 0x7f48a90f55a0>,2,16,[5 9],3,35,51,32,22
1,<environment.Job instance at 0x7f48a928abe0>,13,12,[2 9],14,51,63,37,41
1,<environment.Job instance at 0x7f48a928afa0>,14,18,[5 1],15,48,66,33,48
1,<environment.Job instance at 0x7f48a928aeb0>,16,15,[2 9],17,63,78,46,53
1,<environment.Job instance at 0x7f48a928aaf0>,19,14,[10  5],20,78,92,58,75
1,<environment.Job instance at 0x7f48a928a6e0>,2,13,[8 3],3,5,18,2,5
1,<environment.Job instance at 0x7f4862dbebe0>,5,3,[10  4],6,18,21,12,6
1,<environment.Job instance at 0x7f4862dbec80>,7,1,[4 7],8,22,23,14,22
1,<environment.Job instance at 0x7f4862db1320>,10,2,[5 7],11,23,25,12,22
1,<environment.Job instance at 0x7f4862da8be0>,20,18,[7 3],21,112,130,91,112
1,<environment.Job instance at 0x7f4862db6050>,22,14,[10  5],23,130,144,107,119
1,<environment.Job instance at 0x7f4862da88c0>,25,15,[10  4],26,144,159,118,141
1,<environment.Job instance at 0x7f48a682f2d0>,28,15,[10  3],29,159,174,130,146
1,<environment.Job instance at 0x7f4862961cd0>,3,18,[5 2],4,8,26,4,8
1,<environment.Job instance at 0x7f48630f6aa0>,6,18,[6 4],7,26,44,19,16
1,<environment.Job instance at 0x7f48630f6b40>,11,14,[5 5],12,44,58,32,31
1,<environment.Job instance at 0x7f48a67609b0>,3,26,[6 1],4,4,30,0,4
1,<environment.Job instance at 0x7f48a67604b0>,4,2,[8 3],5,30,32,25,5
1,<environment.Job instance at 0x7f48a6760f50>,14,12,[ 3 10],15,47,59,32,47
1,<environment.Job instance at 0x7f48a6760640>,11,16,[5 5],12,59,75,47,47
1,<environment.Job instance at 0x7f48a6760370>,18,15,[4 8],19,75,90,56,61
1,<environment.Job instance at 0x7f48a6760be0>,5,16,[3 9],6,90,106,84,80
1,<environment.Job instance at 0x7f48a67605f0>,23,18,[5 8],24,106,124,82,96
1,<environment.Job instance at 0x7f48a6bbab90>,1,2,[5 9],2,2,4,0,2
1,<environment.Job instance at 0x7f48a8fff0a0>,2,2,[5 3],3,4,6,1,3
1,<environment.Job instance at 0x7f48632527d0>,3,13,[7 1],4,6,19,2,4
1,<environment.Job instance at 0x7f4863252870>,4,15,[6 5],5,19,34,14,5
1,<environment.Job instance at 0x7f4862b2b5f0>,5,12,[2 6],6,6,18,0,6
1,<environment.Job instance at 0x7f4863252550>,8,15,[5 6],9,81,96,72,81
1,<environment.Job instance at 0x7f48a8efa460>,21,12,[3 7],22,96,108,74,83
1,<environment.Job instance at 0x7f48a8ed9e10>,24,17,[3 6],25,108,125,83,97
1,<environment.Job instance at 0x7f48a8ed9aa0>,27,12,[6 1],28,104,116,76,104
1,<environment.Job instance at 0x7f4862fd7960>,12,15,[2 8],13,46,61,33,46
1,<environment.Job instance at 0x7f48a6888140>,17,14,[9 5],18,74,88,56,74
1,<environment.Job instance at 0x7f48a95d1b40>,15,12,[4 5],16,88,100,72,75
1,<environment.Job instance at 0x7f48a6888230>,22,16,[10  5],23,112,128,89,112
1,<environment.Job instance at 0x7f48a8ef6b90>,24,16,[ 2 10],25,128,144,103,117
1,<environment.Job instance at 0x7f4862d1c780>,28,15,[7 3],29,144,159,115,132
1,<environment.Job instance at 0x7f4862ef1dc0>,1,13,[1 8],2,2,15,0,2
1,<environment.Job instance at 0x7f4863092190>,3,15,[2 8],4,15,30,11,7
1,<environment.Job instance at 0x7f48630929b0>,9,16,[2 7],10,30,46,20,28
1,<environment.Job instance at 0x7f4862d1c780>,4,15,[4 6],5,146,161,141,146
1,<environment.Job instance at 0x7f486319e690>,29,16,[4 9],30,161,177,131,152
1,<environment.Job instance at 0x7f48a8fff0a0>,3,19,[8 5],4,4,23,0,4
1,<environment.Job instance at 0x7f486288a9b0>,7,16,[7 3],8,23,39,15,10
1,<environment.Job instance at 0x7f48a94b6140>,2,18,[4 8],3,39,57,36,31
1,<environment.Job instance at 0x7f48a6e422d0>,15,12,[8 1],16,57,69,41,43
1,<environment.Job instance at 0x7f48a6e42190>,17,14,[9 2],18,69,83,51,54
1,<environment.Job instance at 0x7f48a6e42410>,18,15,[10  3],19,83,98,64,70
1,<environment.Job instance at 0x7f48a6e42050>,20,15,[4 9],21,98,113,77,89
