iteration,job object,job ID,job Length,job ressource requirement,job enter time,job start time,job finish time,job waiting time,current time
1,<environment.Job instance at 0x1480e374f320>,3,2,[1 7],4,25,27,21,4
1,<environment.Job instance at 0x14808cbc92d0>,4,24,[6 1],5,9,33,4,9
1,<environment.Job instance at 0x14808cbc9190>,8,2,[2 5],9,25,27,16,9
1,<environment.Job instance at 0x14808cbc9550>,9,2,[8 1],10,10,12,0,10
1,<environment.Job instance at 0x14808cbc9820>,10,3,[ 1 14],11,27,30,16,13
1,<environment.Job instance at 0x1480e374f2d0>,2,18,[ 1 12],3,30,48,27,19
1,<environment.Job instance at 0x14808cbc9870>,11,14,[10  2],12,33,47,21,19
1,<environment.Job instance at 0x14808cbc9b40>,14,3,[14  2],15,47,50,32,22
1,<environment.Job instance at 0x14808cbc9910>,12,22,[2 6],13,50,72,37,46
1,<environment.Job instance at 0x14808cbc9a00>,13,27,[1 8],14,48,75,34,48
1,<environment.Job instance at 0x14808cbc9cd0>,17,3,[ 1 13],18,75,78,57,50
1,<environment.Job instance at 0x14808cbc9d70>,18,3,[1 6],19,72,75,53,50
1,<environment.Job instance at 0x14808cbc9e60>,19,21,[14  2],20,75,96,55,67
1,<environment.Job instance at 0x14808cbc9f00>,20,3,[7 1],21,67,70,46,67
1,<environment.Job instance at 0x14808cbc9fa0>,21,22,[14  2],22,96,118,74,89
1,<environment.Job instance at 0x14808cbcb050>,22,25,[ 2 12],23,118,143,95,114
1,<environment.Job instance at 0x14808cbcb1e0>,24,20,[ 2 13],25,143,163,118,135
1,<environment.Job instance at 0x14808cbcb230>,25,1,[11  1],26,137,138,111,137
1,<environment.Job instance at 0x14808cbcb320>,26,20,[2 8],27,163,183,136,154
1,<environment.Job instance at 0x14808cbc9460>,6,19,[ 1 13],7,183,202,176,175
1,<environment.Job instance at 0x14808cbcb3c0>,27,25,[14  2],28,183,208,155,181
1,<environment.Job instance at 0x14808cbcb460>,30,2,[2 8],31,208,210,177,184
1,<environment.Job instance at 0x14808cbcb6e0>,32,2,[2 9],33,210,212,177,190
1,<environment.Job instance at 0x14808cbcb870>,33,2,[9 1],34,208,210,174,191
1,<environment.Job instance at 0x14808cbcb9b0>,35,23,[11  2],36,210,233,174,204
1,<environment.Job instance at 0x14808cbcb550>,28,20,[1 9],29,212,232,183,207
1,<environment.Job instance at 0x14808cbcb960>,38,1,[ 1 13],39,232,233,193,224
1,<environment.Job instance at 0x14808cbcbc30>,39,2,[5 2],40,233,235,193,226
1,<environment.Job instance at 0x14808cbcbc80>,40,19,[1 7],41,233,252,192,226
1,<environment.Job instance at 0x14808cbcbd20>,41,18,[ 2 13],42,252,270,210,242
1,<environment.Job instance at 0x14808cbcbbe0>,42,23,[ 1 14],43,270,293,227,265
1,<environment.Job instance at 0x14808cbcbb40>,43,3,[ 1 14],44,293,296,249,269
1,<environment.Job instance at 0x14808cbcbe60>,44,13,[ 2 10],45,296,309,251,285
1,<environment.Job instance at 0x14808cbcd230>,46,21,[2 6],47,309,330,262,302
1,<environment.Job instance at 0x14808cbcd1e0>,47,26,[12  2],48,302,328,254,302
1,<environment.Job instance at 0x14808cbcd280>,48,1,[6 2],49,328,329,279,303
1,<environment.Job instance at 0x14808cbc9b90>,15,24,[ 2 13],16,330,354,314,328
1,<environment.Job instance at 0x14808cbcb500>,37,22,[2 5],38,354,376,316,349
1,<environment.Job instance at 0x14808cbc9c30>,16,19,[ 1 12],17,414,433,397,414
1,<environment.Job instance at 0x14808cbbbc80>,0,23,[2 6],1,1,24,0,1
1,<environment.Job instance at 0x14808d45ce10>,1,2,[ 2 13],2,24,26,22,6
1,<environment.Job instance at 0x1480b9fe2140>,6,1,[12  2],7,7,8,0,7
1,<environment.Job instance at 0x14808cbbbeb0>,2,12,[13  2],3,9,21,6,9
1,<environment.Job instance at 0x1480b9fe2f50>,8,17,[2 7],9,26,43,17,14
1,<environment.Job instance at 0x1480b9fe2820>,9,18,[ 2 12],10,43,61,33,32
1,<environment.Job instance at 0x1480b9fe2b90>,12,3,[6 2],13,36,39,23,36
1,<environment.Job instance at 0x1480b9fe27d0>,13,13,[ 2 13],14,61,74,47,49
1,<environment.Job instance at 0x1480b9fe2d20>,14,2,[11  2],15,52,54,37,52
1,<environment.Job instance at 0x1480b9fe2870>,15,21,[10  1],16,60,81,44,60
1,<environment.Job instance at 0x1480b9f18fa0>,16,14,[14  2],17,81,95,64,74
1,<environment.Job instance at 0x1480b9f18be0>,17,19,[11  1],18,95,114,77,85
1,<environment.Job instance at 0x1480b9fe2af0>,11,22,[14  1],12,114,136,102,107
1,<environment.Job instance at 0x1480b9f187d0>,19,14,[12  2],20,136,150,116,124
1,<environment.Job instance at 0x1480b9f18140>,21,12,[ 2 11],22,136,148,114,124
1,<environment.Job instance at 0x1480b9f185f0>,20,20,[ 2 14],21,150,170,129,141
1,<environment.Job instance at 0x1480b9f18640>,23,3,[ 1 11],24,170,173,146,145
1,<environment.Job instance at 0x1480b9f18550>,24,1,[14  2],25,170,171,145,146
1,<environment.Job instance at 0x1480b9f18190>,25,15,[2 6],26,173,188,147,161
1,<environment.Job instance at 0x1480b9f18230>,26,14,[9 1],27,171,185,144,163
1,<environment.Job instance at 0x1480b9f18460>,27,19,[8 1],28,185,204,157,175
1,<environment.Job instance at 0x1480b9f18960>,28,3,[ 2 10],29,188,191,159,175
1,<environment.Job instance at 0x1480b9f18c30>,22,16,[ 2 12],23,191,207,168,189
1,<environment.Job instance at 0x1480b9f181e0>,34,14,[7 1],35,204,218,169,198
1,<environment.Job instance at 0x1480b9f18a00>,35,20,[2 9],36,207,227,171,198
1,<environment.Job instance at 0x1480b9f18c80>,36,21,[ 1 12],37,227,248,190,219
1,<environment.Job instance at 0x1480b9f18870>,29,19,[14  1],30,227,246,197,224
1,<environment.Job instance at 0x1480b969f780>,38,12,[ 1 14],39,248,260,209,232
1,<environment.Job instance at 0x1480b969f050>,39,12,[11  1],40,246,258,206,235
1,<environment.Job instance at 0x1480b9fe20a0>,10,3,[ 1 11],11,260,263,249,248
1,<environment.Job instance at 0x1480b9f18b90>,37,18,[ 1 12],38,263,281,225,258
1,<environment.Job instance at 0x1480b969f280>,42,24,[2 9],43,281,305,238,276
1,<environment.Job instance at 0x1480b969fc30>,43,3,[ 1 14],44,305,308,261,279
1,<environment.Job instance at 0x1480b969f3c0>,44,3,[6 2],45,279,282,234,279
1,<environment.Job instance at 0x1480b969fdc0>,45,25,[7 2],46,308,333,262,304
1,<environment.Job instance at 0x1480b969faf0>,46,16,[ 2 11],47,308,324,261,306
1,<environment.Job instance at 0x1480b969fa00>,47,2,[ 1 12],48,324,326,276,307
1,<environment.Job instance at 0x1480b969f910>,48,25,[13  2],49,333,358,284,330
1,<environment.Job instance at 0x1480b969f4b0>,40,27,[ 2 14],41,358,385,317,357
1,<environment.Job instance at 0x14808cbc9500>,4,22,[9 1],5,426,448,421,426
1,<environment.Job instance at 0x1480b9fe29b0>,5,20,[ 1 14],6,518,538,512,518
1,<environment.Job instance at 0x1480b969f370>,41,2,[12  2],42,1131,1133,1089,1131
1,<environment.Job instance at 0x1480b969f370>,2,22,[ 2 14],3,3,25,0,3
1,<environment.Job instance at 0x14808cbe17d0>,1,14,[6 1],2,4,18,2,4
1,<environment.Job instance at 0x1480b9691190>,3,3,[13  1],4,18,21,14,8
1,<environment.Job instance at 0x14808f3ab5a0>,5,22,[ 2 12],6,25,47,19,19
1,<environment.Job instance at 0x14808f3abf50>,10,2,[ 2 10],11,47,49,36,20
1,<environment.Job instance at 0x14808f3abf00>,8,18,[6 2],9,25,43,16,20
1,<environment.Job instance at 0x14808fab1410>,12,3,[2 8],13,49,52,36,23
1,<environment.Job instance at 0x14808f3ab640>,11,1,[14  2],12,52,53,40,24
1,<environment.Job instance at 0x14808fab1c30>,14,3,[ 2 13],15,53,56,38,29
1,<environment.Job instance at 0x1480b9691550>,6,2,[7 1],7,41,43,34,41
1,<environment.Job instance at 0x14808fab1690>,17,20,[1 9],18,56,76,38,52
1,<environment.Job instance at 0x14808fab1730>,18,28,[7 2],19,61,89,42,61
1,<environment.Job instance at 0x14808fab15f0>,15,25,[2 7],16,76,101,60,72
1,<environment.Job instance at 0x14808fab1280>,20,21,[1 5],21,76,97,55,72
1,<environment.Job instance at 0x14808fab19b0>,21,15,[ 1 11],22,101,116,79,88
1,<environment.Job instance at 0x14808fab10a0>,22,20,[13  2],23,97,117,74,89
1,<environment.Job instance at 0x14808fab1640>,23,15,[12  1],24,117,132,93,104
1,<environment.Job instance at 0x14808fab10f0>,19,17,[ 2 14],20,117,134,97,107
1,<environment.Job instance at 0x14808fab1e60>,27,12,[ 1 13],28,134,146,106,117
1,<environment.Job instance at 0x14808fab1aa0>,28,26,[12  2],29,134,160,105,133
1,<environment.Job instance at 0x14808fab12d0>,29,25,[ 2 12],30,146,171,116,142
1,<environment.Job instance at 0x14808fab1d20>,30,27,[12  2],31,160,187,129,158
1,<environment.Job instance at 0x14808fc780f0>,31,18,[ 2 11],32,171,189,139,160
1,<environment.Job instance at 0x14808fc78370>,32,19,[11  2],33,187,206,154,177
1,<environment.Job instance at 0x14808fc784b0>,33,23,[ 1 12],34,189,212,155,183
1,<environment.Job instance at 0x14808fc786e0>,34,14,[12  1],35,206,220,171,191
1,<environment.Job instance at 0x14808fc78960>,35,17,[ 1 11],36,212,229,176,200
1,<environment.Job instance at 0x14808fc78be0>,36,23,[ 1 14],37,229,252,192,226
1,<environment.Job instance at 0x14808fc78eb0>,38,3,[ 1 12],39,252,255,213,226
1,<environment.Job instance at 0x14808fc78c30>,39,3,[1 7],40,255,258,215,230
1,<environment.Job instance at 0x14808fc782d0>,40,23,[ 2 13],41,258,281,217,252
1,<environment.Job instance at 0x14808fc785f0>,41,2,[ 1 13],42,281,283,239,254
1,<environment.Job instance at 0x14808fc78460>,42,16,[11  2],43,254,270,211,254
1,<environment.Job instance at 0x14808fc78fa0>,43,25,[ 1 12],44,283,308,239,279
1,<environment.Job instance at 0x14808fc78640>,45,2,[14  1],46,302,304,256,302
1,<environment.Job instance at 0x14808fc78280>,46,22,[12  2],47,304,326,257,302
1,<environment.Job instance at 0x14808fc78b40>,47,20,[ 1 12],48,308,328,260,302
1,<environment.Job instance at 0x14808fc78a00>,48,2,[8 2],49,326,328,277,305
1,<environment.Job instance at 0x14808fc78820>,44,27,[ 1 12],45,328,355,283,326
1,<environment.Job instance at 0x14808f3ab460>,7,16,[13  1],8,498,514,490,498
1,<environment.Job instance at 0x14808fab1cd0>,16,3,[ 1 13],17,540,543,523,540
1,<environment.Job instance at 0x148091d44a00>,1,19,[2 5],2,3,22,1,3
1,<environment.Job instance at 0x148091d448c0>,0,19,[12  2],1,4,23,3,4
1,<environment.Job instance at 0x14808cb7cd70>,6,28,[ 1 11],7,22,50,15,21
1,<environment.Job instance at 0x14808cb7c500>,8,24,[14  2],9,23,47,14,21
1,<environment.Job instance at 0x14808c6b0280>,9,3,[13  2],10,47,50,37,21
1,<environment.Job instance at 0x14808c6b0a00>,12,1,[6 2],13,50,51,37,30
1,<environment.Job instance at 0x14808c6b05f0>,13,25,[1 8],14,50,75,36,46
1,<environment.Job instance at 0x1480ba26bb90>,2,25,[5 2],3,50,75,47,46
1,<environment.Job instance at 0x148091d44f50>,3,28,[7 2],4,56,84,52,56
1,<environment.Job instance at 0x14808c6b03c0>,16,1,[12  2],17,84,85,67,59
1,<environment.Job instance at 0x14808c6b0050>,14,26,[2 9],15,75,101,60,72
1,<environment.Job instance at 0x14808c6b05a0>,17,21,[12  1],18,85,106,67,77
1,<environment.Job instance at 0x14808c6b0640>,19,20,[2 8],20,101,121,81,93
1,<environment.Job instance at 0x14808c6b0910>,21,20,[ 1 14],22,121,141,99,113
1,<environment.Job instance at 0x14808c6b0780>,22,16,[12  2],23,141,157,118,128
1,<environment.Job instance at 0x14809081b870>,23,14,[ 1 12],24,141,155,117,129
1,<environment.Job instance at 0x14809081b500>,24,15,[ 1 13],25,155,170,130,141
1,<environment.Job instance at 0x14809081ba00>,25,19,[7 1],26,157,176,131,147
1,<environment.Job instance at 0x14809081b0f0>,26,23,[9 2],27,176,199,149,170
1,<environment.Job instance at 0x14808c6b0f50>,20,26,[ 2 12],21,171,197,150,171
1,<environment.Job instance at 0x14809081beb0>,27,2,[12  1],28,199,201,171,173
1,<environment.Job instance at 0x14809081b7d0>,30,14,[6 1],31,201,215,170,187
1,<environment.Job instance at 0x14809081be60>,31,1,[11  1],32,215,216,183,187
1,<environment.Job instance at 0x14809081b640>,32,3,[11  2],33,216,219,183,193
1,<environment.Job instance at 0x14809081b0a0>,33,2,[7 1],34,201,203,167,195
1,<environment.Job instance at 0x14809081bf00>,34,15,[11  2],35,219,234,184,208
1,<environment.Job instance at 0x14809081bd20>,35,3,[12  1],36,234,237,198,208
1,<environment.Job instance at 0x14809081bb90>,36,3,[13  2],37,237,240,200,219
1,<environment.Job instance at 0x14809081bcd0>,37,28,[ 1 11],38,220,248,182,220
1,<environment.Job instance at 0x14809081b3c0>,38,25,[ 1 12],39,248,273,209,244
1,<environment.Job instance at 0x14809081b5f0>,39,14,[1 6],40,273,287,233,260
1,<environment.Job instance at 0x14809081bf50>,40,12,[ 2 14],41,287,299,246,271
1,<environment.Job instance at 0x14809081b690>,41,26,[ 1 14],42,299,325,257,296
1,<environment.Job instance at 0x14809081be10>,42,26,[ 2 12],43,325,351,282,322
1,<environment.Job instance at 0x14809081b050>,43,2,[ 2 11],44,351,353,307,324
1,<environment.Job instance at 0x14809081b780>,44,25,[10  1],45,325,350,280,325
1,<environment.Job instance at 0x14808cc06d20>,45,1,[1 7],46,353,354,307,325
1,<environment.Job instance at 0x14808cc066e0>,46,26,[13  1],47,350,376,303,348
1,<environment.Job instance at 0x14808cc06eb0>,48,19,[1 5],49,353,372,304,352
1,<environment.Job instance at 0x14809081baf0>,28,27,[ 1 14],29,372,399,343,371
1,<environment.Job instance at 0x14808c6b0b40>,11,1,[ 1 11],12,554,555,542,554
1,<environment.Job instance at 0x14808da93460>,0,17,[1 7],1,2,19,1,2
1,<environment.Job instance at 0x14808fa1b230>,1,24,[2 5],2,2,26,0,2
1,<environment.Job instance at 0x14809b5cc4b0>,3,23,[5 1],4,14,37,10,14
1,<environment.Job instance at 0x14808c4e0550>,7,1,[12  2],8,37,38,29,16
1,<environment.Job instance at 0x14808c4e04b0>,8,1,[ 2 14],9,26,27,17,20
1,<environment.Job instance at 0x14809b5ccaf0>,2,24,[ 1 13],3,27,51,24,23
1,<environment.Job instance at 0x14808c4e0be0>,10,22,[11  2],11,38,60,27,32
1,<environment.Job instance at 0x14808c4e0780>,9,28,[ 2 13],10,56,84,46,56
1,<environment.Job instance at 0x14808c4e0190>,11,26,[7 2],12,60,86,48,57
1,<environment.Job instance at 0x14808c4e0e60>,13,3,[ 2 13],14,84,87,70,59
1,<environment.Job instance at 0x14808c4e05f0>,12,21,[13  2],13,86,107,73,78
1,<environment.Job instance at 0x14808c4e0eb0>,15,20,[1 5],16,87,107,71,80
1,<environment.Job instance at 0x14808c4e00a0>,17,2,[10  2],18,107,109,89,84
1,<environment.Job instance at 0x14808c4e0820>,18,19,[1 6],19,87,106,68,84
1,<environment.Job instance at 0x14809a73b0a0>,19,12,[ 2 14],20,109,121,89,93
1,<environment.Job instance at 0x14809054c6e0>,20,28,[7 1],21,109,137,88,108
1,<environment.Job instance at 0x14808c4e0730>,16,20,[2 5],17,121,141,104,112
1,<environment.Job instance at 0x14808faa6eb0>,22,20,[7 2],23,137,157,114,128
1,<environment.Job instance at 0x1480b9ef4910>,23,20,[1 6],24,128,148,104,128
1,<environment.Job instance at 0x148090781fa0>,21,28,[ 2 13],22,148,176,126,147
1,<environment.Job instance at 0x14808fae6e10>,25,19,[5 1],26,157,176,131,147
1,<environment.Job instance at 0x148090a91550>,26,24,[ 2 10],27,176,200,149,171
1,<environment.Job instance at 0x148090565b90>,28,25,[5 2],29,176,201,147,172
1,<environment.Job instance at 0x148090ee12d0>,24,14,[10  1],25,200,214,175,189
1,<environment.Job instance at 0x1480b9f70280>,31,2,[1 7],32,201,203,169,190
1,<environment.Job instance at 0x148092fb0550>,32,15,[1 9],33,203,218,170,192
1,<environment.Job instance at 0x14809a746050>,30,24,[11  2],31,214,238,183,211
1,<environment.Job instance at 0x148092fb05f0>,34,2,[1 6],35,218,220,183,212
1,<environment.Job instance at 0x14808c4841e0>,36,22,[ 2 11],37,225,247,188,225
1,<environment.Job instance at 0x14808fc4c410>,37,20,[7 2],38,238,258,200,229
1,<environment.Job instance at 0x148090607960>,38,12,[ 2 12],39,247,259,208,231
1,<environment.Job instance at 0x14808f91bb90>,39,19,[13  2],40,258,277,218,251
1,<environment.Job instance at 0x14809a7e70f0>,40,24,[1 5],41,259,283,218,254
1,<environment.Job instance at 0x14808f700aa0>,41,3,[1 7],42,259,262,217,254
1,<environment.Job instance at 0x14808d3eaf50>,42,19,[13  2],43,277,296,234,267
1,<environment.Job instance at 0x148090ac5960>,4,24,[ 1 13],5,285,309,280,285
1,<environment.Job instance at 0x148090c07f00>,43,25,[11  1],44,296,321,252,293
1,<environment.Job instance at 0x14808f677550>,46,21,[1 7],47,309,330,262,301
1,<environment.Job instance at 0x14809862a780>,47,20,[5 2],48,321,341,273,312
1,<environment.Job instance at 0x14808f7cb230>,48,20,[7 1],49,321,341,272,312
1,<environment.Job instance at 0x14808c200aa0>,33,28,[ 1 14],34,341,369,307,341
1,<environment.Job instance at 0x14808c4e0b40>,5,21,[11  1],6,361,382,355,361
1,<environment.Job instance at 0x14808c4e00f0>,6,19,[ 2 12],7,879,898,872,879
1,<environment.Job instance at 0x14808fb83910>,44,12,[ 2 13],45,1544,1556,1499,1544
1,<environment.Job instance at 0x148090ac5140>,0,28,[ 2 13],1,1,29,0,1
1,<environment.Job instance at 0x14808f96dbe0>,1,3,[11  2],2,5,8,3,5
1,<environment.Job instance at 0x14808c6fa190>,7,26,[9 1],8,8,34,0,8
1,<environment.Job instance at 0x14808c6fa640>,8,26,[6 2],9,29,55,20,26
1,<environment.Job instance at 0x14808c6fac80>,9,12,[1 9],10,34,46,24,29
1,<environment.Job instance at 0x14808c6fadc0>,10,21,[6 2],11,34,55,23,32
1,<environment.Job instance at 0x14808c6fa410>,11,17,[2 6],12,46,63,34,36
1,<environment.Job instance at 0x14808c6fad20>,12,1,[ 2 13],13,63,64,50,39
1,<environment.Job instance at 0x148090829550>,13,2,[8 1],14,55,57,41,40
1,<environment.Job instance at 0x148090829b90>,14,24,[ 1 11],15,64,88,49,59
1,<environment.Job instance at 0x148090829be0>,15,19,[10  2],16,59,78,43,59
1,<environment.Job instance at 0x148090829050>,16,1,[ 1 11],17,88,89,71,64
1,<environment.Job instance at 0x148090829fa0>,17,2,[12  2],18,78,80,60,64
1,<environment.Job instance at 0x148090829a50>,18,20,[ 1 13],19,89,109,70,80
1,<environment.Job instance at 0x148090829d20>,19,22,[1 5],20,109,131,89,102
1,<environment.Job instance at 0x148090829dc0>,20,2,[1 9],21,109,111,88,104
1,<environment.Job instance at 0x1480908293c0>,21,28,[9 1],22,108,136,86,108
1,<environment.Job instance at 0x148090829280>,22,17,[2 5],23,111,128,88,108
1,<environment.Job instance at 0x14808f991280>,2,26,[ 1 10],3,131,157,128,129
1,<environment.Job instance at 0x148090829690>,23,23,[13  2],24,136,159,112,130
1,<environment.Job instance at 0x148090829640>,24,3,[ 1 13],25,157,160,132,131
1,<environment.Job instance at 0x148090829eb0>,26,3,[ 2 12],27,160,163,133,134
1,<environment.Job instance at 0x148090829a00>,27,3,[ 2 13],28,163,166,135,138
1,<environment.Job instance at 0x1480908292d0>,29,19,[2 9],30,166,185,136,157
1,<environment.Job instance at 0x148090829320>,30,14,[11  2],31,159,173,128,157
1,<environment.Job instance at 0x148090829f50>,28,21,[2 6],29,173,194,144,165
1,<environment.Job instance at 0x148090829c80>,32,20,[13  2],33,185,205,152,178
1,<environment.Job instance at 0x14808c70f730>,35,1,[2 7],36,194,195,158,180
1,<environment.Job instance at 0x14808c70f410>,37,3,[6 1],38,205,208,167,184
1,<environment.Job instance at 0x14808c70f5a0>,36,2,[11  2],37,208,210,171,186
1,<environment.Job instance at 0x14809a7ac690>,39,1,[2 8],40,195,196,155,186
1,<environment.Job instance at 0x1480905ff0f0>,40,3,[7 1],41,205,208,164,186
1,<environment.Job instance at 0x14808f991e60>,4,22,[ 1 13],5,196,218,191,195
1,<environment.Job instance at 0x14808fc76640>,38,24,[12  1],39,210,234,171,205
1,<environment.Job instance at 0x148090c85c80>,41,27,[ 1 13],42,218,245,176,216
1,<environment.Job instance at 0x148092fd7960>,44,1,[ 1 12],45,245,246,200,218
1,<environment.Job instance at 0x148090c85410>,43,22,[12  1],44,234,256,190,227
1,<environment.Job instance at 0x14808f9d7d70>,45,20,[2 9],46,246,266,200,240
1,<environment.Job instance at 0x14809b5c2910>,47,28,[10  1],48,256,284,208,255
1,<environment.Job instance at 0x14808c3444b0>,48,1,[12  1],49,284,285,235,259
1,<environment.Job instance at 0x14808fb83910>,3,25,[13  2],4,288,313,284,288
1,<environment.Job instance at 0x14808c3efe10>,42,20,[14  1],43,353,373,310,353
1,<environment.Job instance at 0x14808c055f50>,0,21,[ 2 12],1,1,22,0,1
1,<environment.Job instance at 0x14808c046640>,2,12,[8 1],3,4,16,1,4
1,<environment.Job instance at 0x14808df02dc0>,4,3,[ 2 11],5,22,25,17,5
1,<environment.Job instance at 0x14808c344280>,1,1,[12  1],2,16,17,14,5
1,<environment.Job instance at 0x14808df02f00>,6,3,[11  2],7,17,20,10,7
1,<environment.Job instance at 0x14808c046b90>,5,22,[2 5],6,25,47,19,18
1,<environment.Job instance at 0x14808df02730>,10,3,[7 2],11,20,23,9,20
1,<environment.Job instance at 0x14808df02af0>,7,24,[2 6],8,25,49,17,22
1,<environment.Job instance at 0x14808c5580f0>,12,23,[8 2],13,28,51,15,28
1,<environment.Job instance at 0x14808c558640>,13,22,[ 1 13],14,49,71,35,42
1,<environment.Job instance at 0x14808c5582d0>,14,23,[11  1],15,51,74,36,47
1,<environment.Job instance at 0x14808c558280>,15,15,[2 8],16,71,86,55,63
1,<environment.Job instance at 0x14808c558fa0>,11,25,[2 7],12,74,99,62,71
1,<environment.Job instance at 0x14808c558b40>,17,12,[13  1],18,86,98,68,72
1,<environment.Job instance at 0x14808c558c30>,18,3,[1 8],19,98,101,79,74
1,<environment.Job instance at 0x14808c5585f0>,19,14,[1 9],20,101,115,81,86
1,<environment.Job instance at 0x14808c5588c0>,21,15,[7 1],22,99,114,77,91
1,<environment.Job instance at 0x14808c558e60>,22,16,[2 8],23,115,131,92,103
1,<environment.Job instance at 0x14808c558910>,23,3,[9 2],24,114,117,90,104
1,<environment.Job instance at 0x14808c5581e0>,24,22,[7 2],25,117,139,92,110
1,<environment.Job instance at 0x14808c558d70>,25,27,[2 7],26,131,158,105,129
1,<environment.Job instance at 0x14808c558500>,26,25,[10  2],27,139,164,112,135
1,<environment.Job instance at 0x14808c5587d0>,27,1,[14  1],28,164,165,136,140
1,<environment.Job instance at 0x14808c558aa0>,28,23,[6 1],29,165,188,136,159
1,<environment.Job instance at 0x14808c558870>,16,25,[ 2 14],17,165,190,148,161
1,<environment.Job instance at 0x14808c5580a0>,30,2,[12  2],31,190,192,159,164
1,<environment.Job instance at 0x14808c5583c0>,31,3,[7 1],32,192,195,160,169
1,<environment.Job instance at 0x14808c558b90>,29,15,[ 2 14],30,192,207,162,178
1,<environment.Job instance at 0x1480906960f0>,33,15,[13  1],34,195,210,161,187
1,<environment.Job instance at 0x1480906968c0>,35,24,[12  1],36,210,234,174,205
1,<environment.Job instance at 0x148090696f50>,36,3,[7 1],37,234,237,197,208
1,<environment.Job instance at 0x14808c046d20>,3,21,[ 2 13],4,213,234,209,213
1,<environment.Job instance at 0x148090696d20>,37,25,[11  1],38,237,262,199,233
1,<environment.Job instance at 0x148090696e60>,39,21,[1 7],40,234,255,194,233
1,<environment.Job instance at 0x148090696550>,38,17,[2 8],39,255,272,216,253
1,<environment.Job instance at 0x148090696910>,40,27,[2 9],41,272,299,231,270
1,<environment.Job instance at 0x14808c558820>,32,21,[10  2],33,275,296,242,275
1,<environment.Job instance at 0x1480906962d0>,43,3,[6 1],44,296,299,252,275
1,<environment.Job instance at 0x148090696d70>,44,20,[1 6],45,299,319,254,290
1,<environment.Job instance at 0x1480906964b0>,46,1,[ 1 13],47,319,320,272,292
1,<environment.Job instance at 0x148090696a50>,42,18,[14  2],43,299,317,256,292
1,<environment.Job instance at 0x1480906969b0>,48,22,[2 8],49,320,342,271,314
1,<environment.Job instance at 0x148090696730>,47,28,[2 5],48,320,348,272,319
1,<environment.Job instance at 0x1480906966e0>,45,21,[ 2 14],46,358,379,312,358
1,<environment.Job instance at 0x14808df02fa0>,8,3,[11  1],9,466,469,457,466
1,<environment.Job instance at 0x14809b4f9640>,0,28,[1 6],1,1,29,0,1
1,<environment.Job instance at 0x14808c00e0f0>,1,27,[12  1],2,3,30,1,3
1,<environment.Job instance at 0x14808fb7d370>,2,18,[2 8],3,4,22,1,4
1,<environment.Job instance at 0x14808fb7d4b0>,4,18,[13  2],5,30,48,25,19
1,<environment.Job instance at 0x14809a93dfa0>,5,19,[ 1 11],6,29,48,23,19
1,<environment.Job instance at 0x14809a93d050>,10,18,[12  1],11,48,66,37,40
1,<environment.Job instance at 0x14808c360460>,12,15,[ 1 13],13,48,63,35,40
1,<environment.Job instance at 0x14808c360d20>,13,3,[1 6],14,63,66,49,41
1,<environment.Job instance at 0x14808c360cd0>,11,20,[14  2],12,66,86,54,60
1,<environment.Job instance at 0x14808c360c30>,14,23,[11  2],15,86,109,71,80
1,<environment.Job instance at 0x14808c360780>,17,17,[1 7],18,80,97,62,80
1,<environment.Job instance at 0x14808c360f00>,15,15,[5 2],16,109,124,93,96
1,<environment.Job instance at 0x14808c360dc0>,20,18,[2 6],21,97,115,76,97
1,<environment.Job instance at 0x14808c3608c0>,18,20,[12  2],19,124,144,105,116
1,<environment.Job instance at 0x14808c360e10>,22,17,[1 9],23,116,133,93,116
1,<environment.Job instance at 0x14808c360aa0>,21,22,[11  1],22,145,167,123,145
1,<environment.Job instance at 0x14808c3605a0>,25,21,[11  2],26,167,188,141,160
1,<environment.Job instance at 0x14808c360be0>,26,28,[2 5],27,161,189,134,161
1,<environment.Job instance at 0x14808c360f50>,27,1,[6 1],28,188,189,160,168
1,<environment.Job instance at 0x14808c360410>,24,14,[11  2],25,189,203,164,186
1,<environment.Job instance at 0x14808c360370>,29,23,[1 9],30,188,211,158,186
1,<environment.Job instance at 0x14809a93d320>,7,17,[11  2],8,203,220,195,193
1,<environment.Job instance at 0x14808c3606e0>,30,17,[ 1 11],31,211,228,180,202
1,<environment.Job instance at 0x14808c35c320>,34,16,[12  2],35,220,236,185,207
1,<environment.Job instance at 0x14808c35c280>,36,21,[ 2 12],37,233,254,196,233
1,<environment.Job instance at 0x14808c3609b0>,28,28,[12  2],29,236,264,207,235
1,<environment.Job instance at 0x14808c35c0f0>,37,3,[ 1 13],38,254,257,216,239
1,<environment.Job instance at 0x14808c35c960>,39,16,[ 2 13],40,257,273,217,246
1,<environment.Job instance at 0x14808c35cb90>,38,18,[ 2 14],39,273,291,234,262
1,<environment.Job instance at 0x14808c35c9b0>,41,25,[1 8],42,291,316,249,288
1,<environment.Job instance at 0x14808c35c1e0>,42,3,[14  1],43,292,295,249,292
1,<environment.Job instance at 0x14808c35cfa0>,43,3,[ 2 13],44,316,319,272,292
1,<environment.Job instance at 0x14808c35ce60>,40,14,[14  2],41,295,309,254,293
1,<environment.Job instance at 0x14808c35c780>,46,1,[ 1 12],47,319,320,272,301
1,<environment.Job instance at 0x14808c35c870>,44,23,[ 1 12],45,320,343,275,315
1,<environment.Job instance at 0x14808c392280>,48,20,[8 1],49,321,341,272,321
1,<environment.Job instance at 0x14808c35c460>,31,21,[2 6],32,343,364,311,336
1,<environment.Job instance at 0x14808c360eb0>,19,2,[ 1 11],20,785,787,765,785
1,<environment.Job instance at 0x14809a9f70f0>,0,15,[2 8],1,2,17,1,2
1,<environment.Job instance at 0x14809a9f7a00>,3,25,[9 2],4,4,29,0,4
1,<environment.Job instance at 0x14808f966cd0>,4,18,[ 1 14],5,29,47,24,18
1,<environment.Job instance at 0x14809b4fab90>,1,27,[11  1],2,29,56,27,28
1,<environment.Job instance at 0x14808f966910>,8,25,[12  2],9,56,81,47,52
1,<environment.Job instance at 0x14808f966960>,10,24,[2 7],11,53,77,42,53
1,<environment.Job instance at 0x14808f9665f0>,12,1,[2 5],13,77,78,64,58
1,<environment.Job instance at 0x14808f9661e0>,11,19,[ 1 12],12,78,97,66,68
1,<environment.Job instance at 0x14808f9668c0>,13,13,[14  2],14,81,94,67,73
1,<environment.Job instance at 0x14808f966820>,14,24,[2 8],15,97,121,82,92
1,<environment.Job instance at 0x14808f966aa0>,16,21,[2 7],17,97,118,80,93
1,<environment.Job instance at 0x14808f966c80>,17,1,[8 1],18,94,95,76,93
1,<environment.Job instance at 0x14808f966780>,18,15,[ 1 14],19,121,136,102,109
1,<environment.Job instance at 0x14808f966640>,15,27,[9 1],16,120,147,104,120
1,<environment.Job instance at 0x148090607820>,20,15,[ 2 12],21,136,151,115,122
1,<environment.Job instance at 0x148090607190>,21,14,[2 7],22,151,165,129,140
1,<environment.Job instance at 0x148090607be0>,23,19,[ 1 11],24,165,184,141,155
1,<environment.Job instance at 0x148090607230>,24,27,[6 1],25,156,183,131,156
1,<environment.Job instance at 0x14808f9663c0>,6,1,[13  1],7,183,184,176,157
1,<environment.Job instance at 0x1480906075a0>,22,18,[ 2 14],23,184,202,161,175
1,<environment.Job instance at 0x148090607b40>,25,24,[9 1],26,184,208,158,179
1,<environment.Job instance at 0x148090607f00>,28,12,[1 7],29,202,214,173,187
1,<environment.Job instance at 0x148090607320>,30,17,[11  1],31,208,225,177,198
1,<environment.Job instance at 0x148090607910>,29,23,[1 6],30,202,225,172,200
1,<environment.Job instance at 0x1480906079b0>,32,28,[2 6],33,214,242,181,213
1,<environment.Job instance at 0x148090607d20>,35,18,[2 8],36,225,243,189,221
1,<environment.Job instance at 0x1480906072d0>,36,25,[12  1],37,242,267,205,238
1,<environment.Job instance at 0x148090607640>,33,28,[1 7],34,243,271,209,242
1,<environment.Job instance at 0x148090607af0>,38,13,[14  1],39,267,280,228,252
1,<environment.Job instance at 0x148090607140>,39,16,[ 1 11],40,271,287,231,269
1,<environment.Job instance at 0x14808fcecb90>,40,22,[14  2],41,280,302,239,273
1,<environment.Job instance at 0x14808fcec9b0>,41,3,[12  2],42,302,305,260,276
1,<environment.Job instance at 0x14808fcecd70>,42,3,[11  1],43,305,308,262,280
1,<environment.Job instance at 0x148090607f50>,37,26,[13  1],38,308,334,270,305
1,<environment.Job instance at 0x1480906076e0>,26,22,[1 7],27,311,333,284,311
1,<environment.Job instance at 0x14808fcecbe0>,44,20,[12  1],45,334,354,289,327
1,<environment.Job instance at 0x14808fcec500>,47,26,[1 5],48,337,363,289,337
1,<environment.Job instance at 0x14808c360320>,5,27,[13  1],6,375,402,369,375
1,<environment.Job instance at 0x14808fcec550>,45,21,[13  1],46,456,477,410,456
1,<environment.Job instance at 0x14808f966050>,7,26,[12  2],8,553,579,545,553
1,<environment.Job instance at 0x14809b4ca870>,0,17,[ 2 12],1,1,18,0,1
1,<environment.Job instance at 0x14808fb935f0>,1,1,[13  2],2,5,6,3,5
1,<environment.Job instance at 0x14808f6f7be0>,5,21,[9 1],6,8,29,2,8
1,<environment.Job instance at 0x14808f6f7460>,9,1,[8 1],10,29,30,19,11
1,<environment.Job instance at 0x14808f6f7b90>,10,24,[ 2 10],11,18,42,7,13
1,<environment.Job instance at 0x14808f6f71e0>,11,20,[11  1],12,30,50,18,21
1,<environment.Job instance at 0x148090abbfa0>,13,2,[7 1],14,50,52,36,24
1,<environment.Job instance at 0x148090abb5a0>,14,13,[14  2],15,52,65,37,37
1,<environment.Job instance at 0x148090abb820>,15,3,[8 1],16,65,68,49,39
1,<environment.Job instance at 0x148090abb730>,16,1,[1 6],17,42,43,25,39
1,<environment.Job instance at 0x14809b4ca2d0>,2,28,[1 9],3,43,71,40,43
1,<environment.Job instance at 0x14808d45feb0>,18,1,[2 8],19,71,72,52,43
1,<environment.Job instance at 0x14808d45fdc0>,17,25,[13  1],18,68,93,50,64
1,<environment.Job instance at 0x14808d45ff00>,20,14,[ 2 10],21,72,86,51,64
1,<environment.Job instance at 0x14808d45f870>,21,1,[ 1 14],22,86,87,64,64
1,<environment.Job instance at 0x14808d45f6e0>,22,21,[ 1 13],23,87,108,64,79
1,<environment.Job instance at 0x14808d45fb90>,23,21,[5 1],24,93,114,69,85
1,<environment.Job instance at 0x14808f6f73c0>,4,3,[9 1],5,103,106,98,103
1,<environment.Job instance at 0x14808d45f690>,24,16,[14  1],25,114,130,89,104
1,<environment.Job instance at 0x14808d45f7d0>,19,23,[11  2],20,130,153,110,126
1,<environment.Job instance at 0x14808d45fd20>,28,24,[7 2],29,153,177,124,148
1,<environment.Job instance at 0x14808d45fcd0>,25,3,[ 2 13],26,163,166,137,163
1,<environment.Job instance at 0x14808d45fc80>,29,25,[11  1],30,177,202,147,177
1,<environment.Job instance at 0x14808d45f140>,31,2,[11  1],32,202,204,170,177
1,<environment.Job instance at 0x14808f88c230>,32,13,[1 5],33,183,196,150,183
1,<environment.Job instance at 0x14808f88c2d0>,33,16,[11  2],34,204,220,170,196
1,<environment.Job instance at 0x14808f88c7d0>,34,2,[ 1 11],35,196,198,161,196
1,<environment.Job instance at 0x14808d45f3c0>,30,19,[2 7],31,219,238,188,219
1,<environment.Job instance at 0x14808f88c5a0>,35,28,[11  2],36,220,248,184,220
1,<environment.Job instance at 0x14808f88c5f0>,37,17,[ 2 12],38,238,255,200,228
1,<environment.Job instance at 0x14808f88ce60>,38,22,[5 2],39,248,270,209,243
1,<environment.Job instance at 0x14808c253370>,39,23,[2 9],40,255,278,215,249
1,<environment.Job instance at 0x14808c253140>,40,19,[9 2],41,270,289,229,260
1,<environment.Job instance at 0x14808c253410>,41,19,[2 7],42,278,297,236,270
1,<environment.Job instance at 0x14808f88cbe0>,36,24,[ 2 13],37,297,321,260,293
1,<environment.Job instance at 0x14808d45faa0>,27,28,[14  1],28,321,349,293,320
1,<environment.Job instance at 0x14808c253050>,45,2,[1 9],46,321,323,275,320
1,<environment.Job instance at 0x14808c253eb0>,46,16,[2 5],47,349,365,302,336
1,<environment.Job instance at 0x14808c2534b0>,47,21,[13  1],48,349,370,301,341
1,<environment.Job instance at 0x14808c253230>,48,18,[ 2 12],49,365,383,316,357
1,<environment.Job instance at 0x14808c2535f0>,42,28,[ 2 10],43,383,411,340,382
1,<environment.Job instance at 0x14808f6f72d0>,6,21,[12  1],7,510,531,503,510
1,<environment.Job instance at 0x14808c253730>,44,1,[2 7],45,671,672,626,671
1,<environment.Job instance at 0x14808e91f9b0>,1,3,[2 6],2,2,5,0,2
1,<environment.Job instance at 0x14808c253730>,2,28,[2 5],3,3,31,0,3
1,<environment.Job instance at 0x14808c253690>,4,23,[ 1 13],5,31,54,26,28
1,<environment.Job instance at 0x1480e033a960>,9,27,[11  1],10,38,65,28,38
1,<environment.Job instance at 0x1480e033ad70>,3,27,[ 1 12],4,54,81,50,52
1,<environment.Job instance at 0x1480e033aa50>,12,14,[11  1],13,65,79,52,52
1,<environment.Job instance at 0x14809b5c70a0>,13,1,[12  1],14,79,80,65,53
1,<environment.Job instance at 0x1480906abf00>,15,14,[ 1 13],16,81,95,65,68
1,<environment.Job instance at 0x1480e033adc0>,11,19,[2 5],12,95,114,83,88
1,<environment.Job instance at 0x14808cbcb640>,17,27,[ 2 10],18,95,122,77,94
1,<environment.Job instance at 0x14809b5c7550>,19,3,[ 2 10],20,122,125,102,97
1,<environment.Job instance at 0x14809b5c7730>,20,27,[11  1],21,114,141,93,112
1,<environment.Job instance at 0x148090696e60>,21,2,[2 5],22,125,127,103,113
1,<environment.Job instance at 0x14809b5c7e60>,22,3,[8 2],23,141,144,118,115
1,<environment.Job instance at 0x14808c0e0cd0>,23,28,[2 8],24,125,153,101,124
1,<environment.Job instance at 0x14808c1e7be0>,25,3,[14  2],26,153,156,127,131
1,<environment.Job instance at 0x1480b80a2460>,26,18,[12  2],27,156,174,129,146
1,<environment.Job instance at 0x1480907fe780>,28,24,[8 1],29,174,198,145,169
1,<environment.Job instance at 0x14808c07b640>,29,24,[ 1 14],30,174,198,144,169
1,<environment.Job instance at 0x148090618eb0>,31,1,[9 2],32,198,199,166,184
1,<environment.Job instance at 0x1480b9fe3c30>,33,15,[6 1],34,198,213,164,184
1,<environment.Job instance at 0x14808c6df910>,34,28,[1 9],35,199,227,164,198
1,<environment.Job instance at 0x14808c6df3c0>,36,2,[7 1],37,202,204,165,202
1,<environment.Job instance at 0x14808c6dfcd0>,37,18,[11  1],38,213,231,175,202
1,<environment.Job instance at 0x1480e033a2d0>,5,21,[11  2],6,231,252,225,223
1,<environment.Job instance at 0x14808c85eaf0>,40,20,[ 2 13],41,238,258,197,238
1,<environment.Job instance at 0x14808cbcc6e0>,41,21,[10  2],42,252,273,210,246
1,<environment.Job instance at 0x14808f9d9be0>,42,1,[8 1],43,273,274,230,246
1,<environment.Job instance at 0x1480ba63b460>,43,14,[ 2 10],44,258,272,214,246
1,<environment.Job instance at 0x14809a720fa0>,44,24,[6 2],45,273,297,228,268
1,<environment.Job instance at 0x14809a7338c0>,45,15,[7 1],46,274,289,228,270
1,<environment.Job instance at 0x14808c712870>,46,27,[ 2 12],47,274,301,227,274
1,<environment.Job instance at 0x14808c6f50f0>,47,20,[11  1],48,297,317,249,289
1,<environment.Job instance at 0x1480b8093820>,48,22,[ 2 11],49,301,323,252,294
1,<environment.Job instance at 0x1480e033afa0>,7,1,[1 5],8,323,324,315,308
1,<environment.Job instance at 0x14808fa21d70>,18,28,[ 2 14],19,327,355,308,327
1,<environment.Job instance at 0x14808f9c2870>,16,16,[7 1],17,342,358,325,342
1,<environment.Job instance at 0x14808c85e6e0>,39,25,[ 1 14],40,355,380,315,354
1,<environment.Job instance at 0x14808c3016e0>,0,23,[8 1],1,1,24,0,1
1,<environment.Job instance at 0x14808c85e6e0>,3,20,[ 1 12],4,4,24,0,4
1,<environment.Job instance at 0x14808c1fcd20>,6,20,[6 1],7,8,28,1,8
1,<environment.Job instance at 0x14808c1a9c30>,8,3,[1 5],9,24,27,15,9
1,<environment.Job instance at 0x14809a932d20>,10,12,[ 1 11],11,27,39,16,14
1,<environment.Job instance at 0x14809b51b140>,14,22,[14  2],15,28,50,13,27
1,<environment.Job instance at 0x14808f6d0460>,15,1,[ 2 11],16,50,51,34,28
1,<environment.Job instance at 0x14808caa1f00>,16,25,[5 2],17,50,75,33,49
1,<environment.Job instance at 0x1480e02bc9b0>,9,28,[ 1 11],10,51,79,41,50
1,<environment.Job instance at 0x14808bffa960>,18,1,[1 5],19,79,80,60,52
1,<environment.Job instance at 0x14808bffa0a0>,19,3,[14  1],20,75,78,55,53
1,<environment.Job instance at 0x14808bffa410>,20,1,[9 2],21,53,54,32,53
1,<environment.Job instance at 0x14808fbccaf0>,22,1,[5 2],23,57,58,34,57
1,<environment.Job instance at 0x14808fbcc0f0>,23,1,[11  2],24,78,79,54,58
1,<environment.Job instance at 0x148090c6a640>,17,23,[14  2],18,79,102,61,73
1,<environment.Job instance at 0x14808fbcc410>,25,21,[2 5],26,102,123,76,96
1,<environment.Job instance at 0x14808fbccfa0>,26,21,[ 1 11],27,123,144,96,115
1,<environment.Job instance at 0x14809b5aa550>,27,24,[5 2],28,119,143,91,119
1,<environment.Job instance at 0x14809b5aa3c0>,28,2,[ 1 14],29,144,146,115,119
1,<environment.Job instance at 0x14808fbcceb0>,29,13,[2 9],30,146,159,116,130
1,<environment.Job instance at 0x14808c339230>,13,26,[2 6],14,146,172,132,146
1,<environment.Job instance at 0x14809b5aab90>,30,24,[5 2],31,159,183,128,154
1,<environment.Job instance at 0x14809b5aab40>,32,21,[1 6],33,159,180,126,154
1,<environment.Job instance at 0x14809b5aaa00>,33,15,[ 2 14],34,183,198,149,175
1,<environment.Job instance at 0x14809b5aa5f0>,35,12,[2 6],36,198,210,162,183
1,<environment.Job instance at 0x1480b8124780>,37,14,[1 5],38,198,212,160,191
1,<environment.Job instance at 0x1480b8124190>,38,14,[13  1],39,210,224,171,204
1,<environment.Job instance at 0x1480b8124500>,39,2,[2 6],40,212,214,172,204
1,<environment.Job instance at 0x1480b81248c0>,40,1,[1 7],41,210,211,169,205
1,<environment.Job instance at 0x14808c0015f0>,41,3,[ 2 11],42,214,217,172,205
1,<environment.Job instance at 0x14808c0013c0>,42,26,[2 9],43,217,243,174,217
1,<environment.Job instance at 0x14808c001d20>,43,13,[13  1],44,224,237,180,220
1,<environment.Job instance at 0x14808c001e60>,44,3,[14  2],45,243,246,198,220
1,<environment.Job instance at 0x14808c6f5320>,24,25,[14  1],25,246,271,221,242
1,<environment.Job instance at 0x14809b5aad20>,31,16,[1 7],32,243,259,211,243
1,<environment.Job instance at 0x14808c0016e0>,46,3,[13  2],47,271,274,224,247
1,<environment.Job instance at 0x14808bde3780>,48,23,[14  2],49,274,297,225,268
1,<environment.Job instance at 0x14808c001780>,45,20,[14  1],46,297,317,251,292
1,<environment.Job instance at 0x14808c95d0f0>,7,17,[ 1 13],8,406,423,398,406
1,<environment.Job instance at 0x14808fbd1f00>,0,24,[ 1 10],1,1,25,0,1
1,<environment.Job instance at 0x14808fbd10a0>,1,20,[2 7],2,25,45,23,16
1,<environment.Job instance at 0x14808c6ebd20>,6,2,[11  2],7,17,19,10,17
1,<environment.Job instance at 0x14808c6eb780>,7,24,[10  2],8,19,43,11,17
1,<environment.Job instance at 0x14808c6eba00>,8,24,[8 1],9,43,67,34,39
1,<environment.Job instance at 0x14808c6eb0f0>,9,19,[ 1 10],10,45,64,35,40
1,<environment.Job instance at 0x14809b5aa0a0>,2,24,[ 1 11],3,64,88,61,60
1,<environment.Job instance at 0x14808c6eb230>,10,25,[12  2],11,67,92,56,63
1,<environment.Job instance at 0x14808c6eb960>,12,1,[5 1],13,63,64,50,63
1,<environment.Job instance at 0x14808c6eb320>,13,28,[ 2 10],14,88,116,74,87
1,<environment.Job instance at 0x14808c6eb280>,14,20,[10  2],15,92,112,77,88
1,<environment.Job instance at 0x14808c6ebfa0>,15,20,[11  2],16,112,132,96,103
1,<environment.Job instance at 0x14808c6ebaa0>,11,28,[ 1 12],12,116,144,104,115
1,<environment.Job instance at 0x14808c6ebf50>,16,24,[5 1],17,132,156,115,127
1,<environment.Job instance at 0x14808f9903c0>,18,3,[1 5],19,144,147,125,128
1,<environment.Job instance at 0x14808c6ebb40>,17,19,[1 7],18,144,163,126,142
1,<environment.Job instance at 0x14808f990640>,19,21,[14  2],20,156,177,136,148
1,<environment.Job instance at 0x14808f990550>,20,20,[ 1 13],21,163,183,142,157
1,<environment.Job instance at 0x14808f9907d0>,22,16,[ 2 12],23,183,199,160,172
1,<environment.Job instance at 0x14808f990d20>,21,23,[2 7],22,199,222,177,193
1,<environment.Job instance at 0x14808f990230>,25,2,[ 2 13],26,222,224,196,195
1,<environment.Job instance at 0x14808f990370>,26,1,[ 2 13],27,224,225,197,198
1,<environment.Job instance at 0x14808f990b40>,27,16,[12  1],28,201,217,173,201
1,<environment.Job instance at 0x14808f990f50>,29,16,[5 2],30,217,233,187,204
1,<environment.Job instance at 0x14808f990690>,30,1,[14  2],31,233,234,202,206
1,<environment.Job instance at 0x14808f990cd0>,32,19,[ 2 12],33,234,253,201,225
1,<environment.Job instance at 0x14808f990a50>,31,27,[13  1],32,234,261,202,233
1,<environment.Job instance at 0x14808f990280>,34,1,[5 1],35,261,262,226,233
1,<environment.Job instance at 0x14808f9904b0>,33,19,[1 5],34,253,272,219,245
1,<environment.Job instance at 0x14808f990820>,36,17,[1 6],37,253,270,216,247
1,<environment.Job instance at 0x14808f990a00>,37,24,[6 1],38,261,285,223,257
1,<environment.Job instance at 0x14808f990500>,35,23,[2 6],36,270,293,234,265
1,<environment.Job instance at 0x14808f990780>,39,27,[5 2],40,265,292,225,265
1,<environment.Job instance at 0x148090ac2f50>,40,23,[5 1],41,285,308,244,285
1,<environment.Job instance at 0x14808f990dc0>,41,15,[ 1 14],42,293,308,251,285
1,<environment.Job instance at 0x14808f9901e0>,38,25,[12  1],39,308,333,269,304
1,<environment.Job instance at 0x148090ac2af0>,43,24,[ 2 10],44,308,332,264,304
1,<environment.Job instance at 0x148090ac2b40>,44,25,[11  2],45,333,358,288,329
1,<environment.Job instance at 0x148090ac25a0>,42,28,[ 1 12],43,333,361,290,333
1,<environment.Job instance at 0x148090ac2b90>,46,16,[5 1],47,358,374,311,345
1,<environment.Job instance at 0x148090ac2370>,47,12,[ 1 12],48,361,373,313,355
1,<environment.Job instance at 0x148090ac2500>,48,2,[2 5],49,373,375,324,355
1,<environment.Job instance at 0x148090ac2d20>,45,23,[ 1 14],46,375,398,329,370
1,<environment.Job instance at 0x14808c6ebeb0>,5,1,[1 7],6,398,399,392,382
1,<environment.Job instance at 0x14809b5aa9b0>,3,28,[2 7],4,403,431,399,403
1,<environment.Job instance at 0x14808c6eb870>,4,18,[ 2 14],5,431,449,426,425
1,<environment.Job instance at 0x14808c721be0>,0,24,[ 2 12],1,1,25,0,1
1,<environment.Job instance at 0x14808c1af1e0>,1,15,[11  2],2,5,20,3,5
1,<environment.Job instance at 0x14808d2be7d0>,2,21,[10  1],3,20,41,17,13
1,<environment.Job instance at 0x14808c63efa0>,5,24,[2 7],6,25,49,19,20
1,<environment.Job instance at 0x14808c63e7d0>,9,3,[ 2 12],10,49,52,39,23
1,<environment.Job instance at 0x14808c63e820>,7,18,[8 1],8,41,59,33,32
1,<environment.Job instance at 0x14808c63ee60>,10,16,[ 1 14],11,52,68,41,40
1,<environment.Job instance at 0x14808c63e460>,12,14,[2 7],13,68,82,55,53
1,<environment.Job instance at 0x14808c63e370>,11,24,[12  1],12,59,83,47,54
1,<environment.Job instance at 0x14808c63ec80>,13,28,[ 2 12],14,82,110,68,81
1,<environment.Job instance at 0x14808c63e1e0>,14,19,[8 2],15,99,118,84,99
1,<environment.Job instance at 0x14808c63ea50>,15,20,[ 1 12],16,110,130,94,101
1,<environment.Job instance at 0x14808c63ecd0>,17,23,[9 2],18,118,141,100,112
1,<environment.Job instance at 0x14808c63e960>,18,3,[ 2 10],19,130,133,111,112
1,<environment.Job instance at 0x14808c63e280>,16,12,[ 1 11],17,133,145,116,116
1,<environment.Job instance at 0x14808c63ec30>,20,3,[2 8],21,145,148,124,120
1,<environment.Job instance at 0x14808c63e730>,19,17,[ 2 14],20,148,165,128,136
1,<environment.Job instance at 0x14808c63eeb0>,22,2,[ 1 11],23,165,167,142,138
1,<environment.Job instance at 0x14808c63e0a0>,24,2,[ 1 10],25,167,169,142,140
1,<environment.Job instance at 0x14808c63ef00>,25,22,[9 1],26,141,163,115,140
1,<environment.Job instance at 0x14808c656d20>,27,27,[14  2],28,165,192,137,163
1,<environment.Job instance at 0x14808c6568c0>,28,15,[ 1 12],29,169,184,140,163
1,<environment.Job instance at 0x14808c656c30>,29,2,[ 1 13],30,184,186,154,163
1,<environment.Job instance at 0x14808c656c80>,31,18,[8 2],32,192,210,160,184
1,<environment.Job instance at 0x14808c656e10>,32,18,[ 1 11],33,186,204,153,184
1,<environment.Job instance at 0x14808c6562d0>,34,24,[ 1 14],35,210,234,175,205
1,<environment.Job instance at 0x14808c6569b0>,35,18,[7 1],36,209,227,173,209
1,<environment.Job instance at 0x14808c6561e0>,36,1,[14  1],37,227,228,190,212
1,<environment.Job instance at 0x14808c656eb0>,38,20,[ 1 11],39,234,254,195,225
1,<environment.Job instance at 0x14808c63e500>,21,28,[12  1],22,228,256,206,227
1,<environment.Job instance at 0x14808c656aa0>,41,12,[ 1 14],42,254,266,212,239
1,<environment.Job instance at 0x14808c656230>,43,2,[2 9],44,266,268,222,240
1,<environment.Job instance at 0x14808c656780>,40,26,[8 1],41,256,282,215,255
1,<environment.Job instance at 0x14808c656690>,44,21,[ 2 14],45,268,289,223,260
1,<environment.Job instance at 0x14808c656fa0>,46,22,[9 2],47,289,311,242,282
1,<environment.Job instance at 0x14808c656910>,47,26,[6 2],48,289,315,241,286
1,<environment.Job instance at 0x14808c656280>,45,22,[14  1],46,315,337,269,310
1,<environment.Job instance at 0x14808d2bebe0>,3,24,[11  1],4,337,361,333,334
1,<environment.Job instance at 0x148090589f50>,2,22,[14  2],3,4,26,1,4
1,<environment.Job instance at 0x14808cbb8690>,3,3,[12  2],4,26,29,22,9
1,<environment.Job instance at 0x14808c957910>,8,24,[7 2],9,29,53,20,27
1,<environment.Job instance at 0x14809a82e1e0>,9,2,[ 2 11],10,30,32,20,30
1,<environment.Job instance at 0x14808c957500>,4,27,[ 2 14],5,53,80,48,51
1,<environment.Job instance at 0x14809a82e7d0>,12,23,[11  2],13,80,103,67,75
1,<environment.Job instance at 0x14809a82e460>,13,3,[ 1 12],14,80,83,66,77
1,<environment.Job instance at 0x14809a82e4b0>,15,24,[ 2 14],16,103,127,87,99
1,<environment.Job instance at 0x14809a82e050>,16,3,[ 1 10],17,99,102,82,99
1,<environment.Job instance at 0x14809a82e190>,19,28,[7 1],20,108,136,88,108
1,<environment.Job instance at 0x14809a82e410>,20,21,[ 1 14],21,127,148,106,119
1,<environment.Job instance at 0x14809a82ea00>,21,1,[5 2],22,148,149,126,120
1,<environment.Job instance at 0x14809a82e780>,24,14,[7 1],25,136,150,111,129
1,<environment.Job instance at 0x14809a82e960>,26,21,[ 2 12],27,148,169,121,148
1,<environment.Job instance at 0x14809a82e280>,27,27,[7 1],28,150,177,122,149
1,<environment.Job instance at 0x14809a82ec30>,29,23,[8 2],30,169,192,139,165
1,<environment.Job instance at 0x14809a82eaa0>,30,23,[13  2],31,192,215,161,187
1,<environment.Job instance at 0x14809a82e3c0>,31,2,[2 7],32,187,189,155,187
1,<environment.Job instance at 0x14809a82e500>,32,23,[2 6],33,187,210,154,187
1,<environment.Job instance at 0x14808e92a140>,33,2,[12  2],34,215,217,181,192
1,<environment.Job instance at 0x14809a82e2d0>,11,2,[ 1 13],12,210,212,198,193
1,<environment.Job instance at 0x14808e92a4b0>,34,28,[11  1],35,217,245,182,216
1,<environment.Job instance at 0x14808e92a690>,36,22,[11  2],37,245,267,208,238
1,<environment.Job instance at 0x14808e92acd0>,38,16,[ 1 12],39,238,254,199,238
1,<environment.Job instance at 0x14808e92af00>,39,14,[11  1],40,267,281,227,257
1,<environment.Job instance at 0x14808e92a3c0>,40,24,[ 1 10],41,257,281,216,257
1,<environment.Job instance at 0x14808e92aaf0>,41,28,[ 2 13],42,281,309,239,280
1,<environment.Job instance at 0x14808c957190>,10,27,[10  2],11,285,312,274,285
1,<environment.Job instance at 0x14808e92a960>,44,12,[1 7],45,309,321,264,303
1,<environment.Job instance at 0x14808e92ae10>,42,26,[ 1 14],43,321,347,278,318
1,<environment.Job instance at 0x14808e92a780>,43,15,[11  1],44,319,334,275,319
1,<environment.Job instance at 0x14808e92a730>,47,1,[ 2 13],48,347,348,299,319
1,<environment.Job instance at 0x14808e92a280>,48,25,[11  1],49,334,359,285,331
1,<environment.Job instance at 0x14808e92ae60>,45,2,[1 8],46,350,352,304,350
1,<environment.Job instance at 0x14808e92a870>,37,28,[13  1],38,397,425,359,397
1,<environment.Job instance at 0x14808c9578c0>,7,24,[12  2],8,507,531,499,507
