iteration,job object,job ID,job Length,job ressource requirement,job enter time,job start time,job finish time,job waiting time,current time
1,<environment.Job instance at 0x1515eb9b5230>,5,3,[9 2],6,7,10,1,7
1,<environment.Job instance at 0x1515eb967aa0>,8,13,[6 1],9,10,23,1,9
1,<environment.Job instance at 0x1515eba27140>,2,3,[1 8],3,6,9,3,6
1,<environment.Job instance at 0x1515eb1425f0>,5,2,[ 1 10],8,14,16,6,14
1,<environment.Job instance at 0x1515ea4920f0>,3,3,[6 2],6,8,11,2,8
1,<environment.Job instance at 0x1515ea492690>,4,2,[ 1 13],7,10,12,3,10
1,<environment.Job instance at 0x1515ea448730>,2,2,[2 8],4,5,7,1,5
1,<environment.Job instance at 0x1515e9810aa0>,6,16,[10  2],9,12,28,3,12
1,<environment.Job instance at 0x1515e9810960>,1,3,[2 9],2,2,5,0,2
1,<environment.Job instance at 0x1515e9810aa0>,3,15,[11  1],4,20,35,16,20
1,<environment.Job instance at 0x1515a09a0410>,5,3,[9 2],6,6,9,0,6
1,<environment.Job instance at 0x1515a09a0460>,4,2,[7 2],5,9,11,4,7
1,<environment.Job instance at 0x1515a09a08c0>,8,13,[6 1],9,9,22,0,9
1,<environment.Job instance at 0x1515a09a1aa0>,3,3,[1 8],4,7,10,3,7
1,<environment.Job instance at 0x15159be92b40>,3,3,[6 2],6,8,11,2,8
1,<environment.Job instance at 0x15159be92a00>,4,2,[ 1 13],7,10,12,3,10
1,<environment.Job instance at 0x15159be923c0>,2,2,[2 8],4,5,7,1,5
1,<environment.Job instance at 0x1515ead37e10>,6,16,[10  2],9,12,28,3,12
1,<environment.Job instance at 0x1515eaeb20a0>,0,3,[9 2],1,2,5,1,2
1,<environment.Job instance at 0x1515eb087820>,3,15,[11  1],4,16,31,12,16
1,<environment.Job instance at 0x1515eb0875f0>,5,3,[10  2],8,31,34,23,20
1,<environment.Job instance at 0x1515ec1195a0>,2,1,[2 5],3,4,5,1,4
1,<environment.Job instance at 0x1515a3d285f0>,8,13,[6 1],9,9,22,0,9
1,<environment.Job instance at 0x1515a3d285a0>,5,3,[9 2],6,16,19,10,16
1,<environment.Job instance at 0x1515a3d28410>,1,13,[2 8],2,2,15,0,2
1,<environment.Job instance at 0x15159ba4b280>,3,3,[6 2],6,11,14,5,11
1,<environment.Job instance at 0x15159b8245f0>,4,2,[ 1 13],7,11,13,4,11
1,<environment.Job instance at 0x1515e81c4aa0>,3,15,[11  1],4,8,23,4,8
1,<environment.Job instance at 0x1515ec275230>,2,1,[2 5],3,4,5,1,4
1,<environment.Job instance at 0x1515ea799f00>,5,3,[9 2],6,16,19,10,16
1,<environment.Job instance at 0x1515e9eeec80>,3,3,[1 8],4,5,8,1,5
1,<environment.Job instance at 0x15159b4312d0>,3,3,[6 2],6,8,11,2,8
1,<environment.Job instance at 0x15159b431190>,4,2,[ 1 13],7,10,12,3,10
1,<environment.Job instance at 0x1515e9db10f0>,4,2,[2 7],6,6,8,0,6
1,<environment.Job instance at 0x1515eac52280>,5,3,[10  2],8,11,14,3,11
1,<environment.Job instance at 0x1515eace5500>,3,15,[11  1],4,54,69,50,54
1,<environment.Job instance at 0x1515eca71550>,2,1,[2 5],3,4,5,1,4
1,<environment.Job instance at 0x1515ea5de0a0>,5,3,[9 2],6,16,19,10,16
1,<environment.Job instance at 0x1515a09f60f0>,2,3,[1 8],3,5,8,2,5
1,<environment.Job instance at 0x15159b690d70>,3,3,[6 2],6,8,11,2,8
1,<environment.Job instance at 0x1515ea814500>,4,2,[ 1 13],7,10,12,3,10
1,<environment.Job instance at 0x1515eb40af50>,4,2,[2 7],6,6,8,0,6
1,<environment.Job instance at 0x1515a38eceb0>,5,3,[10  2],8,9,12,1,9
1,<environment.Job instance at 0x1515ebbeaaa0>,3,15,[11  1],4,15,30,11,15
1,<environment.Job instance at 0x1515a0067f00>,5,3,[9 2],6,6,9,0,6
1,<environment.Job instance at 0x1515a0a73370>,2,1,[2 5],3,10,11,7,10
1,<environment.Job instance at 0x1515a37c2140>,1,13,[2 8],2,5,18,3,5
1,<environment.Job instance at 0x1515a3931f00>,2,3,[1 8],3,18,21,15,6
1,<environment.Job instance at 0x1515a39310f0>,3,3,[1 8],4,21,24,17,6
1,<environment.Job instance at 0x1515a36106e0>,4,2,[ 1 13],7,10,12,3,10
1,<environment.Job instance at 0x1515eabe9280>,4,2,[1 8],5,9,11,4,9
1,<environment.Job instance at 0x1515eabe93c0>,3,15,[11  1],4,56,71,52,56
1,<environment.Job instance at 0x1515a3f2d0f0>,1,3,[1 9],2,4,7,2,4
1,<environment.Job instance at 0x1515ea118280>,5,3,[9 2],6,7,10,1,7
1,<environment.Job instance at 0x1515a3e476e0>,3,3,[1 8],4,6,9,2,6
1,<environment.Job instance at 0x1515a371ff50>,1,17,[6 1],3,7,24,4,7
1,<environment.Job instance at 0x1515ebb02c30>,4,2,[ 1 13],7,7,9,0,7
1,<environment.Job instance at 0x1515a37550f0>,3,3,[6 2],6,9,12,3,9
1,<environment.Job instance at 0x1515eb11e4b0>,3,15,[11  1],4,5,20,1,5
1,<environment.Job instance at 0x1515ead5eaa0>,5,3,[10  2],8,20,23,12,8
1,<environment.Job instance at 0x1515ecbe44b0>,1,3,[2 9],2,20,23,18,20
1,<environment.Job instance at 0x1515a015a870>,1,3,[1 9],2,3,6,1,3
1,<environment.Job instance at 0x15159bddadc0>,2,3,[1 8],3,6,9,3,6
1,<environment.Job instance at 0x1515e9884c30>,3,3,[6 2],6,8,11,2,8
1,<environment.Job instance at 0x1515e9884730>,4,2,[ 1 13],7,10,12,3,10
1,<environment.Job instance at 0x15159b370eb0>,4,2,[2 7],6,6,8,0,6
1,<environment.Job instance at 0x1515eaab2af0>,0,3,[9 2],1,2,5,1,2
1,<environment.Job instance at 0x1515a39144b0>,4,2,[1 8],5,9,11,4,9
1,<environment.Job instance at 0x1515ecb21e10>,3,15,[11  1],4,54,69,50,54
1,<environment.Job instance at 0x1515a3df8320>,1,3,[1 9],2,3,6,1,3
1,<environment.Job instance at 0x15159bf66460>,2,3,[1 8],3,6,9,3,6
1,<environment.Job instance at 0x1515eb526050>,3,3,[6 2],6,8,11,2,8
1,<environment.Job instance at 0x1515eb5265f0>,4,2,[ 1 13],7,10,12,3,10
1,<environment.Job instance at 0x15159b924910>,4,2,[1 8],5,6,8,1,6
1,<environment.Job instance at 0x1515a38ecfa0>,5,3,[10  2],8,14,17,6,14
1,<environment.Job instance at 0x15159b9249b0>,3,15,[11  1],4,53,68,49,53
1,<environment.Job instance at 0x15159b2ad460>,1,3,[1 9],2,4,7,2,4
1,<environment.Job instance at 0x1515eaf77b40>,5,3,[9 2],6,16,19,10,16
1,<environment.Job instance at 0x1515eafe2a00>,3,3,[6 2],6,8,11,2,8
1,<environment.Job instance at 0x1515eafe2cd0>,4,2,[ 1 13],7,24,26,17,24
1,<environment.Job instance at 0x1515a2eaba00>,4,2,[2 7],6,7,9,1,7
1,<environment.Job instance at 0x1515a3bf4410>,5,3,[10  2],8,15,18,7,15
1,<environment.Job instance at 0x1515ec279aa0>,3,15,[11  1],4,36,51,32,36
1,<environment.Job instance at 0x1515a2525460>,3,1,[6 2],4,4,5,0,4
1,<environment.Job instance at 0x1515a2525640>,8,13,[6 1],9,15,28,6,15
1,<environment.Job instance at 0x1515eaebbe60>,4,2,[ 1 13],7,7,9,0,7
1,<environment.Job instance at 0x1515a25254b0>,1,17,[6 1],3,9,26,6,9
1,<environment.Job instance at 0x1515eb9a04b0>,3,15,[11  1],4,4,19,0,4
1,<environment.Job instance at 0x1515e93ecbe0>,1,3,[1 9],2,4,7,2,4
1,<environment.Job instance at 0x1515eabcf410>,4,2,[8 1],7,9,11,2,9
1,<environment.Job instance at 0x15159b902c30>,3,3,[6 2],6,6,9,0,6
1,<environment.Job instance at 0x15159bcd7dc0>,4,2,[ 1 13],7,7,9,0,7
1,<environment.Job instance at 0x1515a0649320>,5,3,[6 1],9,9,12,0,9
1,<environment.Job instance at 0x1515eaf43a00>,3,1,[2 7],5,5,6,0,5
1,<environment.Job instance at 0x15159b6f7730>,0,3,[9 2],1,2,5,1,2
1,<environment.Job instance at 0x1515a0ab9be0>,1,3,[2 9],2,6,9,4,6
1,<environment.Job instance at 0x15159b6f75f0>,3,15,[11  1],4,56,71,52,56
1,<environment.Job instance at 0x15159bce7d20>,1,3,[1 9],2,2,5,0,2
1,<environment.Job instance at 0x1515a384b410>,3,1,[6 2],4,4,5,0,4
1,<environment.Job instance at 0x1515a30c0c80>,2,1,[2 5],3,5,6,2,4
1,<environment.Job instance at 0x1515a28f4f50>,1,17,[6 1],3,4,21,1,4
1,<environment.Job instance at 0x1515a04379b0>,2,2,[10  1],5,21,23,16,5
1,<environment.Job instance at 0x1515a04374b0>,4,2,[ 1 13],7,10,12,3,10
1,<environment.Job instance at 0x1515a04375f0>,5,3,[6 1],9,10,13,1,10
1,<environment.Job instance at 0x15159bbcdf00>,3,15,[11  1],4,4,19,0,4
1,<environment.Job instance at 0x1515e93e15f0>,1,3,[1 9],2,2,5,0,2
1,<environment.Job instance at 0x15159b7309b0>,3,1,[6 2],4,4,5,0,4
1,<environment.Job instance at 0x15159b730050>,2,1,[2 5],3,5,6,2,4
1,<environment.Job instance at 0x1515e82be460>,6,18,[8 1],7,9,27,2,9
1,<environment.Job instance at 0x15159bb86b40>,8,13,[6 1],9,16,29,7,16
1,<environment.Job instance at 0x1515eba16280>,0,1,[2 5],1,4,5,3,4
1,<environment.Job instance at 0x1515a316ba50>,1,17,[6 1],3,6,23,3,6
1,<environment.Job instance at 0x1515a3e41c30>,4,2,[ 1 13],7,28,30,21,28
1,<environment.Job instance at 0x1515ec4d7f00>,4,2,[2 7],6,6,8,0,6
1,<environment.Job instance at 0x1515a03777d0>,3,15,[11  1],4,9,24,5,9
1,<environment.Job instance at 0x1515a1fbc1e0>,2,1,[2 5],3,3,4,0,3
1,<environment.Job instance at 0x1515ebe39f00>,3,1,[6 2],4,4,5,0,4
1,<environment.Job instance at 0x1515e97a5c80>,2,2,[10  1],5,5,7,0,5
1,<environment.Job instance at 0x1515a3b7f4b0>,1,17,[6 1],3,7,24,4,5
1,<environment.Job instance at 0x1515a23a00a0>,4,2,[ 1 13],7,28,30,21,28
1,<environment.Job instance at 0x1515e9fe06e0>,3,15,[11  1],4,9,24,5,9
1,<environment.Job instance at 0x1515a01dac30>,1,3,[1 9],2,2,5,0,2
1,<environment.Job instance at 0x1515a3205140>,3,1,[6 2],4,4,5,0,4
1,<environment.Job instance at 0x1515a3205280>,2,1,[2 5],3,5,6,2,4
1,<environment.Job instance at 0x1515a27ccc80>,8,13,[6 1],9,16,29,7,16
1,<environment.Job instance at 0x1515a25bc280>,5,2,[ 1 10],8,9,11,1,9
1,<environment.Job instance at 0x1515a238ff00>,4,2,[ 1 13],7,8,10,1,8
1,<environment.Job instance at 0x1515e9bed780>,5,3,[6 1],9,9,12,0,9
1,<environment.Job instance at 0x1515a0545190>,4,2,[2 7],6,6,8,0,6
1,<environment.Job instance at 0x1515a0545d70>,3,1,[2 7],5,10,11,5,10
1,<environment.Job instance at 0x1515a2ebfa50>,3,15,[11  1],4,4,19,0,4
1,<environment.Job instance at 0x1515a2461b40>,2,1,[2 7],3,5,6,2,5
1,<environment.Job instance at 0x1515a0156dc0>,3,1,[6 2],4,7,8,3,7
1,<environment.Job instance at 0x1515a0156730>,5,3,[9 2],6,7,10,1,7
1,<environment.Job instance at 0x15159ba4e910>,7,1,[2 6],8,8,9,0,8
1,<environment.Job instance at 0x15159ba4e3c0>,8,13,[6 1],9,10,23,1,10
1,<environment.Job instance at 0x1515a36d6370>,6,18,[8 1],7,26,44,19,26
1,<environment.Job instance at 0x1515e826b0a0>,5,3,[6 1],9,9,12,0,9
1,<environment.Job instance at 0x1515e826b460>,4,2,[ 1 13],7,12,14,5,12
1,<environment.Job instance at 0x1515a0aed4b0>,0,2,[8 1],1,1,3,0,1
1,<environment.Job instance at 0x1515a3332e10>,4,2,[2 7],6,6,8,0,6
1,<environment.Job instance at 0x1515a286ed70>,3,15,[11  1],4,92,107,88,92
1,<environment.Job instance at 0x1515a3e665a0>,1,3,[1 9],2,2,5,0,2
1,<environment.Job instance at 0x15159b824640>,2,1,[2 5],3,5,6,2,5
1,<environment.Job instance at 0x1515eb40ad20>,3,1,[6 2],4,9,10,5,9
1,<environment.Job instance at 0x1515a1b561e0>,4,2,[8 1],7,7,9,0,7
1,<environment.Job instance at 0x1515a07e7550>,4,2,[ 1 13],7,20,22,13,20
1,<environment.Job instance at 0x1515a07780a0>,3,1,[2 7],5,6,7,1,6
1,<environment.Job instance at 0x1515a0714820>,1,3,[2 9],2,2,5,0,2
1,<environment.Job instance at 0x1515a360b820>,4,2,[1 8],5,6,8,1,6
1,<environment.Job instance at 0x1515a1bd45a0>,5,3,[10  2],8,9,12,1,9
1,<environment.Job instance at 0x1515a1bd4f00>,3,15,[11  1],4,24,39,20,24
1,<environment.Job instance at 0x1515a15cfdc0>,1,3,[1 9],2,2,5,0,2
1,<environment.Job instance at 0x1515a15cf640>,2,1,[2 5],3,5,6,2,5
1,<environment.Job instance at 0x1515a34c6dc0>,8,13,[6 1],9,9,22,0,9
1,<environment.Job instance at 0x1515e939fc30>,4,2,[8 1],7,7,9,0,7
1,<environment.Job instance at 0x1515a1927820>,4,2,[ 1 13],7,8,10,1,8
1,<environment.Job instance at 0x1515a19273c0>,5,3,[6 1],9,9,12,0,9
1,<environment.Job instance at 0x1515a323baa0>,2,2,[2 8],4,4,6,0,4
1,<environment.Job instance at 0x1515a1a261e0>,3,1,[2 7],5,6,7,1,6
1,<environment.Job instance at 0x1515a1a26c30>,4,2,[1 8],5,6,8,1,6
1,<environment.Job instance at 0x1515e9789280>,5,3,[10  2],8,12,15,4,12
1,<environment.Job instance at 0x1515a1a260f0>,2,1,[2 7],3,15,16,12,15
1,<environment.Job instance at 0x1515e9789870>,3,15,[11  1],4,77,92,73,77
1,<environment.Job instance at 0x1515eb01f3c0>,1,3,[1 9],2,2,5,0,2
1,<environment.Job instance at 0x1515eb01f050>,2,1,[2 5],3,5,6,2,5
1,<environment.Job instance at 0x1515ea4a23c0>,5,2,[ 1 10],8,8,10,0,8
1,<environment.Job instance at 0x1515a3d78370>,2,2,[10  1],5,5,7,0,5
1,<environment.Job instance at 0x1515a19bda50>,4,2,[ 1 13],7,28,30,21,28
1,<environment.Job instance at 0x1515a04c33c0>,4,2,[1 8],5,8,10,3,8
1,<environment.Job instance at 0x1515a04c3af0>,5,3,[10  2],8,20,23,12,20
1,<environment.Job instance at 0x1515a04c3500>,3,15,[11  1],4,215,230,211,215
1,<environment.Job instance at 0x15159b3c06e0>,1,3,[1 9],2,2,5,0,2
1,<environment.Job instance at 0x1515a1da02d0>,3,1,[6 2],4,4,5,0,4
1,<environment.Job instance at 0x1515a1da0f00>,2,1,[2 5],3,5,6,2,4
1,<environment.Job instance at 0x1515a3c48190>,4,2,[8 1],7,9,11,2,9
1,<environment.Job instance at 0x1515a1278460>,3,3,[6 2],6,8,11,2,8
1,<environment.Job instance at 0x1515a19434b0>,4,2,[ 1 13],7,20,22,13,20
1,<environment.Job instance at 0x15159b941500>,4,2,[2 7],6,6,8,0,6
1,<environment.Job instance at 0x1515a3553690>,4,2,[1 8],5,6,8,1,6
1,<environment.Job instance at 0x1515eb9d1140>,5,3,[10  2],8,14,17,6,14
1,<environment.Job instance at 0x1515a3553870>,3,15,[11  1],4,21,36,17,21
1,<environment.Job instance at 0x1515ea1b8640>,1,3,[1 9],2,2,5,0,2
1,<environment.Job instance at 0x1515e99f3780>,3,1,[6 2],4,4,5,0,4
1,<environment.Job instance at 0x1515a18e48c0>,2,1,[2 5],3,5,6,2,4
1,<environment.Job instance at 0x1515a0a98410>,2,2,[10  1],5,5,7,0,5
1,<environment.Job instance at 0x1515a3bf2460>,4,2,[ 1 13],7,10,12,3,10
1,<environment.Job instance at 0x1515a139f870>,2,2,[2 8],4,5,7,1,5
1,<environment.Job instance at 0x1515a12ca050>,2,1,[2 7],3,3,4,0,3
1,<environment.Job instance at 0x1515eac36f50>,3,15,[11  1],4,385,400,381,385
1,<environment.Job instance at 0x1515a132d6e0>,1,3,[1 9],2,2,5,0,2
1,<environment.Job instance at 0x1515a132d500>,2,1,[2 5],3,5,6,2,5
1,<environment.Job instance at 0x1515e94d63c0>,4,2,[7 2],5,7,9,2,7
1,<environment.Job instance at 0x1515e96930f0>,8,13,[6 1],9,10,23,1,10
1,<environment.Job instance at 0x1515e9693c30>,1,17,[6 1],3,3,20,0,3
1,<environment.Job instance at 0x1515e9b3b5a0>,4,2,[ 1 13],7,30,32,23,30
1,<environment.Job instance at 0x1515a0431410>,3,15,[11  1],4,38,53,34,38
1,<environment.Job instance at 0x1515a28d5f00>,4,2,[ 1 13],7,83,85,76,83
1,<environment.Job instance at 0x1515eb0bf460>,4,2,[1 8],5,5,7,0,5
1,<environment.Job instance at 0x151597444870>,5,3,[10  2],8,8,11,0,8
1,<environment.Job instance at 0x151597444fa0>,3,15,[11  1],4,29,44,25,29
1,<environment.Job instance at 0x1515e9f7b690>,1,3,[1 9],2,2,5,0,2
1,<environment.Job instance at 0x1515e9f7b5f0>,2,1,[2 5],3,5,6,2,5
1,<environment.Job instance at 0x1515e9e37910>,4,2,[7 2],5,7,9,2,7
1,<environment.Job instance at 0x1515e837fc30>,4,2,[ 1 13],7,21,23,14,21
1,<environment.Job instance at 0x15159b49e050>,2,1,[2 7],3,3,4,0,3
1,<environment.Job instance at 0x1515eb3de320>,5,3,[10  2],8,21,24,13,21
1,<environment.Job instance at 0x1515a0fae780>,3,15,[11  1],4,78,93,74,78
1,<environment.Job instance at 0x15159bb29960>,1,3,[1 9],2,2,5,0,2
1,<environment.Job instance at 0x1515ea00e500>,2,1,[2 5],3,5,6,2,5
1,<environment.Job instance at 0x15159b489f00>,4,2,[7 2],5,7,9,2,7
1,<environment.Job instance at 0x1515a23cf5f0>,4,2,[8 1],7,8,10,1,8
1,<environment.Job instance at 0x1515ebdfa910>,4,2,[ 1 13],7,8,10,1,8
1,<environment.Job instance at 0x1515eb9f0820>,4,2,[2 7],6,24,26,18,24
1,<environment.Job instance at 0x15159b71a280>,3,15,[11  1],4,129,144,125,129
1,<environment.Job instance at 0x1515a0188870>,1,3,[1 9],2,2,5,0,2
1,<environment.Job instance at 0x15159bb29730>,2,1,[2 5],3,5,6,2,5
1,<environment.Job instance at 0x15159af03500>,4,2,[7 2],5,6,8,1,6
1,<environment.Job instance at 0x15159af036e0>,7,1,[2 6],8,9,10,1,9
1,<environment.Job instance at 0x15159a8a2aa0>,4,2,[ 1 13],7,36,38,29,36
1,<environment.Job instance at 0x1515a127ca00>,5,3,[10  2],8,8,11,0,8
1,<environment.Job instance at 0x1515a127cdc0>,3,15,[11  1],4,900,915,896,900
1,<environment.Job instance at 0x1515a1397b90>,1,3,[1 9],2,2,5,0,2
1,<environment.Job instance at 0x1515a12cabe0>,2,1,[2 5],3,5,6,2,5
1,<environment.Job instance at 0x1515a0aa7870>,5,3,[9 2],6,7,10,1,7
1,<environment.Job instance at 0x15159b6e3230>,6,18,[8 1],7,10,28,3,7
1,<environment.Job instance at 0x1515a1a65230>,4,2,[8 1],7,7,9,0,7
1,<environment.Job instance at 0x1515ec45a6e0>,2,2,[10  1],5,5,7,0,5
1,<environment.Job instance at 0x1515ec45a7d0>,4,2,[ 1 13],7,15,17,8,15
1,<environment.Job instance at 0x1515a3b5c190>,2,1,[2 7],3,4,5,1,4
1,<environment.Job instance at 0x15159a9857d0>,4,2,[1 8],5,6,8,1,6
1,<environment.Job instance at 0x1515a3b5ccd0>,3,15,[11  1],4,17,32,13,17
1,<environment.Job instance at 0x1515e9b38c30>,1,3,[1 9],2,2,5,0,2
1,<environment.Job instance at 0x1515e9b380a0>,2,1,[2 5],3,5,6,2,5
1,<environment.Job instance at 0x1515a0a210a0>,4,2,[7 2],5,7,9,2,7
1,<environment.Job instance at 0x1515e96b69b0>,4,2,[ 1 13],7,8,10,1,8
1,<environment.Job instance at 0x1515e9b38550>,2,2,[2 8],4,6,8,2,6
1,<environment.Job instance at 0x15159a97e500>,4,2,[2 7],6,6,8,0,6
1,<environment.Job instance at 0x1515a28a4960>,5,2,[2 7],7,8,10,1,7
1,<environment.Job instance at 0x15159a2300a0>,2,1,[2 7],3,4,5,1,4
1,<environment.Job instance at 0x15159adae870>,4,2,[1 8],5,5,7,0,5
1,<environment.Job instance at 0x15159a230b40>,3,15,[11  1],4,128,143,124,128
1,<environment.Job instance at 0x1515a1b4f9b0>,1,3,[1 9],2,2,5,0,2
1,<environment.Job instance at 0x1515a1b4feb0>,2,1,[2 5],3,5,6,2,5
1,<environment.Job instance at 0x1515ebd720f0>,4,2,[7 2],5,7,9,2,7
1,<environment.Job instance at 0x15159a997230>,4,2,[ 1 13],7,13,15,6,13
1,<environment.Job instance at 0x1515974b3b90>,5,3,[6 1],9,15,18,6,15
1,<environment.Job instance at 0x1515e98cd280>,3,1,[2 7],5,5,6,0,5
1,<environment.Job instance at 0x1515a0593550>,4,2,[2 7],6,6,8,0,6
1,<environment.Job instance at 0x1515a06942d0>,3,15,[11  1],4,4,19,0,4
1,<environment.Job instance at 0x15159af08d70>,2,1,[2 5],3,5,6,2,5
1,<environment.Job instance at 0x1515a328b3c0>,4,2,[ 1 13],7,7,9,0,7
1,<environment.Job instance at 0x1515eac335a0>,3,15,[11  1],4,69,84,65,69
1,<environment.Job instance at 0x1515a07a2d20>,3,1,[6 2],4,5,6,1,5
1,<environment.Job instance at 0x1515a2abecd0>,4,2,[7 2],5,31,33,26,31
1,<environment.Job instance at 0x1515a3978230>,3,3,[1 8],4,10,13,6,10
1,<environment.Job instance at 0x151599e88370>,5,2,[ 1 10],8,16,18,8,16
1,<environment.Job instance at 0x1515ea6bbaa0>,3,3,[6 2],6,7,10,1,7
1,<environment.Job instance at 0x1515a1baad20>,4,2,[ 1 13],7,7,9,0,7
1,<environment.Job instance at 0x1515a3742a50>,3,15,[11  1],4,69,84,65,69
1,<environment.Job instance at 0x1515e9e35690>,3,1,[6 2],4,5,6,1,5
1,<environment.Job instance at 0x1515ec0f7e10>,4,2,[ 1 13],7,7,9,0,7
1,<environment.Job instance at 0x1515a275ba00>,5,2,[2 7],7,7,9,0,7
1,<environment.Job instance at 0x1515eb485410>,4,2,[1 8],5,7,9,2,7
1,<environment.Job instance at 0x1515a320b4b0>,3,15,[11  1],4,957,972,953,957
1,<environment.Job instance at 0x15159afe7eb0>,3,1,[6 2],4,4,5,0,4
1,<environment.Job instance at 0x15159afe7af0>,2,1,[2 5],3,4,5,1,4
1,<environment.Job instance at 0x1515a0f483c0>,7,1,[2 6],8,8,9,0,8
1,<environment.Job instance at 0x1515a0f48820>,8,13,[6 1],9,10,23,1,10
1,<environment.Job instance at 0x15159ab0c410>,6,18,[8 1],7,10,28,3,10
1,<environment.Job instance at 0x1515a36b36e0>,0,1,[2 5],1,3,4,2,3
1,<environment.Job instance at 0x1515eb01e370>,4,2,[ 1 13],7,7,9,0,7
1,<environment.Job instance at 0x1515a104dc80>,3,3,[6 2],6,10,13,4,10
1,<environment.Job instance at 0x1515ec2fbaa0>,2,2,[2 8],4,4,6,0,4
1,<environment.Job instance at 0x1515ec2fba50>,3,1,[2 7],5,5,6,0,5
1,<environment.Job instance at 0x15159b0c91e0>,4,2,[2 7],6,7,9,1,7
1,<environment.Job instance at 0x1515a2e39190>,2,1,[2 7],3,4,5,1,4
1,<environment.Job instance at 0x1515a2274550>,4,2,[1 8],5,5,7,0,5
1,<environment.Job instance at 0x1515a22741e0>,5,3,[10  2],8,8,11,0,8
1,<environment.Job instance at 0x1515a2e396e0>,3,15,[11  1],4,71,86,67,71
1,<environment.Job instance at 0x1515a0e45d70>,1,3,[1 9],2,2,5,0,2
1,<environment.Job instance at 0x1515e94f1230>,2,1,[2 5],3,5,6,2,5
1,<environment.Job instance at 0x1515e94f1e10>,4,2,[7 2],5,7,9,2,7
1,<environment.Job instance at 0x15159a8074b0>,4,2,[ 1 13],7,18,20,11,18
1,<environment.Job instance at 0x1515eafd3230>,2,1,[2 7],3,4,5,1,4
1,<environment.Job instance at 0x15159a935320>,4,2,[1 8],5,5,7,0,5
1,<environment.Job instance at 0x1515a0361b90>,3,15,[11  1],4,12,27,8,12
1,<environment.Job instance at 0x1515a049fe60>,2,1,[2 5],3,5,6,2,5
1,<environment.Job instance at 0x1515a049f320>,4,2,[7 2],5,7,9,2,7
1,<environment.Job instance at 0x1515a14d3780>,4,2,[ 1 13],7,34,36,27,34
1,<environment.Job instance at 0x1515a286c910>,3,1,[2 7],5,7,8,2,7
1,<environment.Job instance at 0x15159beaa0f0>,3,15,[11  1],4,5,20,1,5
1,<environment.Job instance at 0x1515a2bfadc0>,4,2,[1 8],5,10,12,5,10
1,<environment.Job instance at 0x1515a2bfa050>,2,1,[2 7],3,12,13,9,10
1,<environment.Job instance at 0x1515a03bf500>,3,1,[6 2],4,4,5,0,4
1,<environment.Job instance at 0x1515a03bfb90>,2,1,[2 5],3,4,5,1,4
1,<environment.Job instance at 0x1515a0f9c9b0>,7,1,[2 6],8,8,9,0,8
1,<environment.Job instance at 0x1515a0abd320>,6,18,[8 1],7,9,27,2,9
1,<environment.Job instance at 0x1515a027c7d0>,4,2,[8 1],7,7,9,0,7
1,<environment.Job instance at 0x1515a08d62d0>,0,1,[2 5],1,3,4,2,3
1,<environment.Job instance at 0x1515e81a17d0>,2,2,[10  1],5,5,7,0,5
1,<environment.Job instance at 0x1515eb078f00>,5,3,[6 1],9,9,12,0,9
1,<environment.Job instance at 0x151599983d70>,4,2,[ 1 13],7,11,13,4,11
1,<environment.Job instance at 0x1515e9a5eb40>,5,2,[2 7],7,9,11,2,9
1,<environment.Job instance at 0x15159abcd280>,2,1,[2 7],3,4,5,1,4
1,<environment.Job instance at 0x15159abcdd70>,5,3,[10  2],8,8,11,0,8
1,<environment.Job instance at 0x15159bf39370>,3,15,[11  1],4,75,90,71,75
1,<environment.Job instance at 0x1515a3525c80>,3,1,[6 2],4,4,5,0,4
1,<environment.Job instance at 0x1515eb9285f0>,2,1,[2 5],3,4,5,1,4
1,<environment.Job instance at 0x1515ea626d20>,5,3,[9 2],6,6,9,0,6
1,<environment.Job instance at 0x1515eb9281e0>,7,1,[2 6],8,10,11,2,10
1,<environment.Job instance at 0x1515a03e0910>,5,2,[ 1 10],8,11,13,3,11
1,<environment.Job instance at 0x15159aaff370>,4,2,[ 1 13],7,16,18,9,16
1,<environment.Job instance at 0x15159af11c80>,3,1,[2 7],5,5,6,0,5
1,<environment.Job instance at 0x1515a1a6f370>,4,2,[2 7],6,7,9,1,7
1,<environment.Job instance at 0x15159a43b820>,5,2,[2 7],7,15,17,8,15
1,<environment.Job instance at 0x1515a33fdeb0>,2,1,[2 7],3,4,5,1,4
1,<environment.Job instance at 0x1515a33fd820>,4,2,[1 8],5,6,8,1,6
1,<environment.Job instance at 0x1515a33fd460>,3,15,[11  1],4,27,42,23,27
1,<environment.Job instance at 0x15159aa57af0>,2,1,[2 5],3,3,4,0,3
1,<environment.Job instance at 0x15159af430f0>,3,1,[6 2],4,4,5,0,4
1,<environment.Job instance at 0x1515e9fb8410>,7,1,[2 6],8,10,11,2,10
1,<environment.Job instance at 0x1515a1cba7d0>,4,2,[ 1 13],7,18,20,11,18
1,<environment.Job instance at 0x1515a2f54780>,5,3,[10  2],8,17,20,9,17
1,<environment.Job instance at 0x1515a2f542d0>,3,15,[11  1],4,2418,2433,2414,2418
1,<environment.Job instance at 0x1515a19c83c0>,2,1,[2 5],3,3,4,0,3
1,<environment.Job instance at 0x1515a1413230>,3,1,[6 2],4,4,5,0,4
1,<environment.Job instance at 0x1515991e7910>,4,2,[ 1 13],7,18,20,11,18
1,<environment.Job instance at 0x1515a38b0dc0>,2,1,[2 7],3,4,5,1,4
1,<environment.Job instance at 0x1515a0905640>,4,2,[1 8],5,6,8,1,6
1,<environment.Job instance at 0x1515a3d9aaa0>,5,3,[10  2],8,8,11,0,8
1,<environment.Job instance at 0x1515a38b0460>,3,15,[11  1],4,17,32,13,17
1,<environment.Job instance at 0x15159aa08910>,2,1,[2 5],3,3,4,0,3
1,<environment.Job instance at 0x15159a8aed70>,3,1,[6 2],4,4,5,0,4
1,<environment.Job instance at 0x1515ebb0e640>,7,1,[2 6],8,8,9,0,8
1,<environment.Job instance at 0x1515ebb0e870>,6,18,[8 1],7,10,28,3,10
1,<environment.Job instance at 0x1515a0d092d0>,4,2,[8 1],7,7,9,0,7
1,<environment.Job instance at 0x1515ec017f00>,0,1,[2 5],1,3,4,2,3
1,<environment.Job instance at 0x1515ec0173c0>,2,2,[10  1],5,5,7,0,5
1,<environment.Job instance at 0x1515a0505550>,4,2,[ 1 13],7,15,17,8,15
1,<environment.Job instance at 0x1515a0505550>,3,1,[2 7],5,5,6,0,5
1,<environment.Job instance at 0x1515997139b0>,2,1,[2 7],3,4,5,1,4
1,<environment.Job instance at 0x1515a0a8b5a0>,4,2,[1 8],5,6,8,1,6
1,<environment.Job instance at 0x1515a2104320>,3,15,[11  1],4,217,232,213,217
1,<environment.Job instance at 0x1515e9a49c30>,2,1,[2 5],3,5,6,2,5
1,<environment.Job instance at 0x15159a63aaa0>,4,2,[7 2],5,6,8,1,6
1,<environment.Job instance at 0x1515a3d3edc0>,0,2,[6 1],1,1,3,0,1
1,<environment.Job instance at 0x151598894960>,4,2,[ 1 13],7,7,9,0,7
1,<environment.Job instance at 0x151598894190>,3,1,[2 7],5,5,6,0,5
1,<environment.Job instance at 0x1515eb47f2d0>,4,2,[1 8],5,17,19,12,17
1,<environment.Job instance at 0x1515a2781eb0>,5,3,[10  2],8,623,626,615,623
1,<environment.Job instance at 0x1515a1adaaa0>,3,1,[6 2],4,4,5,0,4
1,<environment.Job instance at 0x15159a724d20>,6,18,[8 1],7,7,25,0,7
1,<environment.Job instance at 0x15159a7245f0>,8,13,[6 1],9,15,28,6,15
1,<environment.Job instance at 0x15159bf39730>,0,1,[2 5],1,3,4,2,3
1,<environment.Job instance at 0x1515a0064820>,1,17,[6 1],3,4,21,1,4
1,<environment.Job instance at 0x151599240aa0>,4,2,[ 1 13],7,88,90,81,88
1,<environment.Job instance at 0x1515e9d32050>,4,2,[2 7],6,6,8,0,6
1,<environment.Job instance at 0x15159a2d6690>,4,2,[1 8],5,57,59,52,57
1,<environment.Job instance at 0x1515a39db500>,5,3,[10  2],8,131,134,123,131
1,<environment.Job instance at 0x1515a3000c80>,2,1,[2 5],3,3,4,0,3
1,<environment.Job instance at 0x1515e9497230>,3,1,[6 2],4,4,5,0,4
1,<environment.Job instance at 0x15159a3bc1e0>,7,1,[2 6],8,10,11,2,10
1,<environment.Job instance at 0x15159931fa50>,1,17,[6 1],3,3,20,0,3
1,<environment.Job instance at 0x1515a113cfa0>,4,2,[ 1 13],7,124,126,117,124
1,<environment.Job instance at 0x1515a2e9b0a0>,3,1,[2 7],5,6,7,1,6
1,<environment.Job instance at 0x1515eaf770a0>,5,2,[2 7],7,7,9,0,7
1,<environment.Job instance at 0x1515eb3f2280>,3,15,[11  1],4,43,58,39,43
1,<environment.Job instance at 0x1515a32b2230>,2,1,[2 5],3,3,4,0,3
1,<environment.Job instance at 0x1515a285ec80>,3,1,[6 2],4,4,5,0,4
1,<environment.Job instance at 0x15159a339410>,7,1,[2 6],8,9,10,1,9
1,<environment.Job instance at 0x15159b546f00>,3,3,[1 8],4,5,8,1,5
1,<environment.Job instance at 0x1515eb9375a0>,2,2,[10  1],5,5,7,0,5
1,<environment.Job instance at 0x1515a2a0db90>,3,3,[6 2],6,7,10,1,7
1,<environment.Job instance at 0x1515e9b54e10>,4,2,[ 1 13],7,15,17,8,15
1,<environment.Job instance at 0x1515a3981640>,4,2,[1 8],5,17,19,12,17
1,<environment.Job instance at 0x1515a39817d0>,5,3,[10  2],8,660,663,652,660
1,<environment.Job instance at 0x15159922cd20>,2,1,[2 5],3,3,4,0,3
1,<environment.Job instance at 0x15159b34f8c0>,3,1,[6 2],4,4,5,0,4
1,<environment.Job instance at 0x1515992bfeb0>,3,3,[6 2],6,10,13,4,10
1,<environment.Job instance at 0x1515a1756370>,4,2,[ 1 13],7,14,16,7,14
1,<environment.Job instance at 0x1515a1776460>,2,1,[2 7],3,4,5,1,4
1,<environment.Job instance at 0x1515a1776140>,4,2,[1 8],5,5,7,0,5
1,<environment.Job instance at 0x1515ebb14370>,3,15,[11  1],4,302,317,298,302
1,<environment.Job instance at 0x15159a137b40>,3,1,[6 2],4,4,5,0,4
1,<environment.Job instance at 0x1515a3779640>,6,18,[8 1],7,7,25,0,7
1,<environment.Job instance at 0x1515a3779730>,8,13,[6 1],9,16,29,7,16
1,<environment.Job instance at 0x1515a283b050>,0,1,[2 5],1,3,4,2,3
1,<environment.Job instance at 0x1515a2a20370>,4,2,[ 1 13],7,21,23,14,21
1,<environment.Job instance at 0x151598c8e4b0>,2,2,[2 8],4,4,6,0,4
1,<environment.Job instance at 0x15159a41d280>,2,1,[2 7],3,3,4,0,3
1,<environment.Job instance at 0x1515a3879690>,5,3,[10  2],8,214,217,206,214
1,<environment.Job instance at 0x15159898a6e0>,3,1,[6 2],4,4,5,0,4
1,<environment.Job instance at 0x15159a72a190>,6,18,[8 1],7,7,25,0,7
1,<environment.Job instance at 0x15159a72a690>,8,13,[6 1],9,16,29,7,16
1,<environment.Job instance at 0x1515e00f5aa0>,0,1,[2 5],1,1,2,0,1
1,<environment.Job instance at 0x1515a3f3ccd0>,4,2,[ 1 13],7,9,11,2,9
1,<environment.Job instance at 0x151598fe75a0>,4,2,[2 7],6,6,8,0,6
1,<environment.Job instance at 0x1515e80dedc0>,2,1,[2 7],3,5,6,2,5
1,<environment.Job instance at 0x151598a497d0>,3,15,[11  1],4,73,88,69,73
1,<environment.Job instance at 0x1515e93ecaa0>,4,2,[1 8],5,73,75,68,73
1,<environment.Job instance at 0x1515979285a0>,3,1,[6 2],4,4,5,0,4
1,<environment.Job instance at 0x151597928500>,4,2,[7 2],5,7,9,2,7
1,<environment.Job instance at 0x1515979886e0>,7,1,[2 6],8,8,9,0,8
1,<environment.Job instance at 0x151597a3b0a0>,6,18,[8 1],7,16,34,9,16
1,<environment.Job instance at 0x1515a217eaf0>,4,2,[ 1 13],7,13,15,6,13
1,<environment.Job instance at 0x1515a022e190>,5,3,[10  2],8,899,902,891,899
1,<environment.Job instance at 0x1515a28945a0>,3,1,[6 2],4,4,5,0,4
1,<environment.Job instance at 0x151598f83c80>,6,18,[8 1],7,7,25,0,7
1,<environment.Job instance at 0x151598f83c30>,8,13,[6 1],9,16,29,7,16
1,<environment.Job instance at 0x1515a19e70a0>,0,1,[2 5],1,3,4,2,3
1,<environment.Job instance at 0x15159bbe08c0>,2,2,[10  1],5,5,7,0,5
1,<environment.Job instance at 0x1515985eae10>,4,2,[ 1 13],7,7,9,0,7
1,<environment.Job instance at 0x1515ea7d22d0>,4,2,[2 7],6,9,11,3,9
1,<environment.Job instance at 0x151599e59870>,2,1,[2 7],3,4,5,1,4
1,<environment.Job instance at 0x15159b016eb0>,4,2,[1 8],5,6,8,1,6
1,<environment.Job instance at 0x151599e59730>,3,15,[11  1],4,25,40,21,25
1,<environment.Job instance at 0x151598479780>,3,1,[6 2],4,4,5,0,4
1,<environment.Job instance at 0x151598479640>,6,18,[8 1],7,7,25,0,7
1,<environment.Job instance at 0x1515a2f3e730>,4,2,[ 1 13],7,39,41,32,39
1,<environment.Job instance at 0x151599013a50>,3,1,[2 7],5,6,7,1,6
1,<environment.Job instance at 0x1515a35d1320>,2,1,[2 7],3,4,5,1,4
1,<environment.Job instance at 0x1515ebc4ba50>,4,2,[1 8],5,5,7,0,5
1,<environment.Job instance at 0x1515a35d1870>,5,3,[10  2],8,12,15,4,12
1,<environment.Job instance at 0x1515ebc4b5f0>,3,15,[11  1],4,97,112,93,97
1,<environment.Job instance at 0x1515974f70a0>,3,1,[6 2],4,4,5,0,4
1,<environment.Job instance at 0x1515974f7aa0>,6,18,[8 1],7,7,25,0,7
1,<environment.Job instance at 0x1515974f7370>,8,13,[6 1],9,16,29,7,16
1,<environment.Job instance at 0x1515a2e447d0>,5,3,[9 2],6,25,28,19,16
1,<environment.Job instance at 0x1515a1793e60>,4,2,[ 1 13],7,9,11,2,9
1,<environment.Job instance at 0x15159b366230>,2,1,[2 7],3,3,4,0,3
1,<environment.Job instance at 0x151599053d70>,5,3,[10  2],8,34,37,26,34
1,<environment.Job instance at 0x151599053a50>,3,15,[11  1],4,2382,2397,2378,2382
1,<environment.Job instance at 0x1515e82063c0>,3,1,[6 2],4,4,5,0,4
1,<environment.Job instance at 0x151598951230>,6,18,[8 1],7,7,25,0,7
1,<environment.Job instance at 0x151598951370>,8,13,[6 1],9,17,30,8,17
1,<environment.Job instance at 0x15159a59e690>,4,2,[ 1 13],7,9,11,2,9
1,<environment.Job instance at 0x1515978ed730>,2,1,[2 7],3,3,4,0,3
1,<environment.Job instance at 0x1515978ed910>,5,3,[10  2],8,34,37,26,34
1,<environment.Job instance at 0x15159b04e6e0>,3,15,[11  1],4,2868,2883,2864,2868
1,<environment.Job instance at 0x151597aff960>,3,1,[6 2],4,4,5,0,4
1,<environment.Job instance at 0x151597aff690>,6,18,[8 1],7,7,25,0,7
1,<environment.Job instance at 0x1515a37dcbe0>,5,3,[9 2],6,31,34,25,31
1,<environment.Job instance at 0x151599027f00>,4,2,[8 1],7,7,9,0,7
1,<environment.Job instance at 0x15159852e730>,4,2,[ 1 13],7,16,18,9,16
1,<environment.Job instance at 0x151597869550>,2,1,[2 7],3,4,5,1,4
1,<environment.Job instance at 0x1515995111e0>,4,2,[1 8],5,6,8,1,6
1,<environment.Job instance at 0x151598e9bcd0>,5,3,[10  2],8,8,11,0,8
1,<environment.Job instance at 0x1515a1da08c0>,3,15,[11  1],4,13,28,9,13
1,<environment.Job instance at 0x151598153370>,2,1,[2 5],3,3,4,0,3
1,<environment.Job instance at 0x151599f78eb0>,3,1,[6 2],4,4,5,0,4
1,<environment.Job instance at 0x15159a230690>,4,2,[7 2],5,6,8,1,6
1,<environment.Job instance at 0x15159a1fa190>,8,13,[6 1],9,16,29,7,16
1,<environment.Job instance at 0x1515e9b96640>,0,1,[2 5],1,2,3,1,2
1,<environment.Job instance at 0x1515e9c7dd70>,4,2,[ 1 13],7,21,23,14,21
1,<environment.Job instance at 0x1515e827caf0>,2,1,[2 7],3,4,5,1,4
1,<environment.Job instance at 0x15159b48af00>,4,2,[1 8],5,5,7,0,5
1,<environment.Job instance at 0x1515996b4e60>,5,3,[10  2],8,8,11,0,8
1,<environment.Job instance at 0x1515e827c690>,3,15,[11  1],4,97,112,93,97
1,<environment.Job instance at 0x1515a2b9f690>,3,1,[6 2],4,4,5,0,4
1,<environment.Job instance at 0x15159a2f3e60>,6,18,[8 1],7,7,25,0,7
1,<environment.Job instance at 0x15159a2f35a0>,8,13,[6 1],9,17,30,8,17
1,<environment.Job instance at 0x151592ae7320>,0,1,[2 5],1,2,3,1,2
1,<environment.Job instance at 0x1515eb8915a0>,4,2,[ 1 13],7,17,19,10,17
1,<environment.Job instance at 0x151599355b90>,2,1,[2 7],3,4,5,1,4
1,<environment.Job instance at 0x15159a7fa230>,4,2,[1 8],5,5,7,0,5
1,<environment.Job instance at 0x15159a7fa460>,5,3,[10  2],8,8,11,0,8
1,<environment.Job instance at 0x151599355aa0>,3,15,[11  1],4,184,199,180,184
1,<environment.Job instance at 0x1515971328c0>,3,1,[6 2],4,4,5,0,4
1,<environment.Job instance at 0x1515971327d0>,6,18,[8 1],7,7,25,0,7
1,<environment.Job instance at 0x151597132280>,8,13,[6 1],9,17,30,8,17
1,<environment.Job instance at 0x1515982226e0>,1,17,[6 1],3,4,21,1,4
1,<environment.Job instance at 0x151593205320>,4,2,[ 1 13],7,26,28,19,26
1,<environment.Job instance at 0x1515eb022640>,4,2,[2 7],6,6,8,0,6
1,<environment.Job instance at 0x15159a7b1780>,4,2,[1 8],5,39,41,34,39
1,<environment.Job instance at 0x1515eac22dc0>,3,1,[6 2],4,4,5,0,4
1,<environment.Job instance at 0x15159819f8c0>,2,1,[2 5],3,4,5,1,4
1,<environment.Job instance at 0x15159799ef50>,7,1,[2 6],8,8,9,0,8
1,<environment.Job instance at 0x15159799e230>,6,18,[8 1],7,9,27,2,9
1,<environment.Job instance at 0x15159ac36b90>,4,2,[ 1 13],7,12,14,5,12
1,<environment.Job instance at 0x151597736d70>,3,1,[6 2],4,4,5,0,4
1,<environment.Job instance at 0x1515977368c0>,4,2,[7 2],5,5,7,0,5
1,<environment.Job instance at 0x151597725d20>,7,1,[2 6],8,8,9,0,8
1,<environment.Job instance at 0x1515977367d0>,6,18,[8 1],7,9,27,2,9
1,<environment.Job instance at 0x1515974c18c0>,0,1,[2 5],1,3,4,2,3
1,<environment.Job instance at 0x1515974c1550>,1,17,[6 1],3,4,21,1,4
1,<environment.Job instance at 0x1515974c1690>,4,2,[ 1 13],7,31,33,24,31
1,<environment.Job instance at 0x15159a2d6050>,2,1,[2 7],3,4,5,1,4
1,<environment.Job instance at 0x1515ea5f6af0>,4,2,[1 8],5,5,7,0,5
1,<environment.Job instance at 0x1515ea5f6640>,5,3,[10  2],8,8,11,0,8
1,<environment.Job instance at 0x15159a2d6190>,3,15,[11  1],4,22,37,18,22
1,<environment.Job instance at 0x15159a1b3dc0>,3,1,[6 2],4,4,5,0,4
1,<environment.Job instance at 0x15159a1b3050>,4,2,[7 2],5,5,7,0,5
1,<environment.Job instance at 0x15159a41ec80>,0,1,[2 5],1,2,3,1,2
1,<environment.Job instance at 0x1515962a01e0>,4,2,[ 1 13],7,37,39,30,37
1,<environment.Job instance at 0x15159886c7d0>,5,2,[2 7],7,9,11,2,9
1,<environment.Job instance at 0x15159b0e6d20>,4,2,[2 7],6,54,56,48,54
1,<environment.Job instance at 0x1515a0d87280>,2,1,[2 5],3,3,4,0,3
1,<environment.Job instance at 0x151598d990a0>,6,18,[8 1],7,7,25,0,7
1,<environment.Job instance at 0x151598d99960>,8,13,[6 1],9,16,29,7,16
1,<environment.Job instance at 0x1515eac222d0>,0,1,[2 5],1,2,3,1,2
1,<environment.Job instance at 0x1515ea230730>,4,2,[ 1 13],7,37,39,30,37
1,<environment.Job instance at 0x1515a2c64230>,5,2,[2 7],7,9,11,2,9
1,<environment.Job instance at 0x1515a2c64f00>,4,2,[2 7],6,54,56,48,54
1,<environment.Job instance at 0x151599ff6910>,5,3,[10  2],8,370,373,362,370
1,<environment.Job instance at 0x1515982a9af0>,2,1,[2 5],3,4,5,1,4
1,<environment.Job instance at 0x1515eaa08550>,6,18,[8 1],7,7,25,0,7
1,<environment.Job instance at 0x1515988ae1e0>,8,13,[6 1],9,11,24,2,11
1,<environment.Job instance at 0x1515964a2f00>,5,3,[9 2],6,25,28,19,15
1,<environment.Job instance at 0x1515e97527d0>,1,17,[6 1],3,4,21,1,4
1,<environment.Job instance at 0x15159877aaf0>,4,2,[ 1 13],7,26,28,19,26
1,<environment.Job instance at 0x1515ec999a00>,2,1,[2 7],3,4,5,1,4
1,<environment.Job instance at 0x151598baf870>,4,2,[1 8],5,5,7,0,5
1,<environment.Job instance at 0x1515eb0bfe10>,5,3,[10  2],8,10,13,2,10
1,<environment.Job instance at 0x1515981e10f0>,3,15,[11  1],4,27,42,23,27
1,<environment.Job instance at 0x1515984b9870>,6,18,[8 1],7,7,25,0,7
1,<environment.Job instance at 0x151598ce0730>,8,13,[6 1],9,16,29,7,16
1,<environment.Job instance at 0x1515a342d640>,4,2,[7 2],5,25,27,20,16
1,<environment.Job instance at 0x151597d38820>,0,1,[2 5],1,2,3,1,2
1,<environment.Job instance at 0x151592bd0c30>,4,2,[ 1 13],7,47,49,40,47
1,<environment.Job instance at 0x15159a945d20>,5,3,[10  2],8,563,566,555,563
1,<environment.Job instance at 0x151592cea0a0>,6,18,[8 1],7,7,25,0,7
1,<environment.Job instance at 0x1515a29f36e0>,4,2,[ 1 13],7,20,22,13,20
1,<environment.Job instance at 0x1515ead9b550>,5,3,[10  2],8,382,385,374,382
1,<environment.Job instance at 0x1515970f8460>,2,1,[2 5],3,4,5,1,4
1,<environment.Job instance at 0x1515ea506960>,6,18,[8 1],7,7,25,0,7
1,<environment.Job instance at 0x1515ea506820>,8,13,[6 1],9,11,24,2,11
1,<environment.Job instance at 0x1515a1740190>,5,3,[9 2],6,25,28,19,15
1,<environment.Job instance at 0x151599372140>,0,1,[2 5],1,2,3,1,2
1,<environment.Job instance at 0x15159731cf00>,4,2,[ 1 13],7,17,19,10,17
1,<environment.Job instance at 0x1515929d58c0>,2,1,[2 7],3,4,5,1,4
1,<environment.Job instance at 0x1515972c9b90>,4,2,[1 8],5,5,7,0,5
1,<environment.Job instance at 0x1515929d57d0>,3,15,[11  1],4,97,112,93,97
1,<environment.Job instance at 0x151592aab3c0>,6,18,[8 1],7,7,25,0,7
1,<environment.Job instance at 0x151592aab960>,8,13,[6 1],9,16,29,7,16
1,<environment.Job instance at 0x151592b4a500>,1,17,[6 1],3,4,21,1,4
1,<environment.Job instance at 0x151592cb72d0>,4,2,[ 1 13],7,16,18,9,16
1,<environment.Job instance at 0x15159bdc8640>,4,2,[1 8],5,37,39,32,37
1,<environment.Job instance at 0x15159be966e0>,5,3,[10  2],8,420,423,412,420
1,<environment.Job instance at 0x151598218050>,2,1,[2 5],3,3,4,0,3
1,<environment.Job instance at 0x1515967cd730>,7,1,[2 6],8,8,9,0,8
1,<environment.Job instance at 0x1515985851e0>,6,18,[8 1],7,9,27,2,9
1,<environment.Job instance at 0x1515995c6190>,4,2,[ 1 13],7,15,17,8,15
1,<environment.Job instance at 0x1515e98ffdc0>,4,2,[1 8],5,25,27,20,25
1,<environment.Job instance at 0x15159321c820>,5,3,[10  2],8,1487,1490,1479,1487
1,<environment.Job instance at 0x1515990fdaa0>,2,1,[2 5],3,3,4,0,3
1,<environment.Job instance at 0x1515955296e0>,6,18,[8 1],7,7,25,0,7
1,<environment.Job instance at 0x151595529730>,8,13,[6 1],9,24,37,15,24
1,<environment.Job instance at 0x151595529820>,5,3,[9 2],6,27,30,21,27
1,<environment.Job instance at 0x151599507a00>,0,1,[2 5],1,4,5,3,4
1,<environment.Job instance at 0x151599507dc0>,2,2,[10  1],5,6,8,1,6
1,<environment.Job instance at 0x15159552a320>,1,17,[6 1],3,8,25,5,7
1,<environment.Job instance at 0x15159b72dc30>,4,2,[ 1 13],7,14,16,7,14
1,<environment.Job instance at 0x151598ca9eb0>,2,1,[2 7],3,3,4,0,3
1,<environment.Job instance at 0x151598a8fb40>,4,2,[1 8],5,57,59,52,57
1,<environment.Job instance at 0x151598a8f460>,5,3,[10  2],8,297,300,289,297
1,<environment.Job instance at 0x1515a07dd7d0>,3,1,[6 2],4,4,5,0,4
1,<environment.Job instance at 0x151597f1ba00>,4,2,[7 2],5,5,7,0,5
1,<environment.Job instance at 0x1515a1b8b820>,8,13,[6 1],9,26,39,17,26
1,<environment.Job instance at 0x151596aa54b0>,4,2,[ 1 13],7,16,18,9,16
1,<environment.Job instance at 0x15159773a370>,2,1,[2 7],3,3,4,0,3
1,<environment.Job instance at 0x151596e376e0>,5,3,[10  2],8,55,58,47,55
1,<environment.Job instance at 0x151598a3ca50>,2,1,[2 5],3,3,4,0,3
1,<environment.Job instance at 0x151597094460>,3,1,[6 2],4,4,5,0,4
1,<environment.Job instance at 0x151597094aa0>,7,1,[2 6],8,8,9,0,8
1,<environment.Job instance at 0x151598a3c690>,6,18,[8 1],7,9,27,2,9
1,<environment.Job instance at 0x1515a0431050>,4,2,[ 1 13],7,15,17,8,15
1,<environment.Job instance at 0x15159ae31c30>,2,1,[2 7],3,3,4,0,3
1,<environment.Job instance at 0x151599b191e0>,2,1,[2 5],3,3,4,0,3
1,<environment.Job instance at 0x151596d494b0>,3,1,[6 2],4,4,5,0,4
1,<environment.Job instance at 0x151596d490a0>,7,1,[2 6],8,8,9,0,8
1,<environment.Job instance at 0x1515e93f6460>,6,18,[8 1],7,9,27,2,9
1,<environment.Job instance at 0x1515975f4eb0>,0,1,[2 5],1,2,3,1,2
1,<environment.Job instance at 0x1515944bd460>,4,2,[ 1 13],7,17,19,10,17
1,<environment.Job instance at 0x1515a0ca29b0>,3,1,[6 2],4,4,5,0,4
1,<environment.Job instance at 0x15159a098fa0>,4,2,[7 2],5,5,7,0,5
1,<environment.Job instance at 0x1515a27186e0>,8,13,[6 1],9,23,36,14,23
1,<environment.Job instance at 0x1515a2c87b40>,4,2,[ 1 13],7,15,17,8,15
1,<environment.Job instance at 0x1515a0749c80>,5,3,[10  2],8,399,402,391,399
1,<environment.Job instance at 0x1515a2870fa0>,2,1,[2 5],3,3,4,0,3
1,<environment.Job instance at 0x1515948825a0>,3,1,[6 2],4,4,5,0,4
1,<environment.Job instance at 0x1515948825f0>,7,1,[2 6],8,8,9,0,8
1,<environment.Job instance at 0x1515a2870500>,6,18,[8 1],7,9,27,2,9
1,<environment.Job instance at 0x151597906a00>,4,2,[ 1 13],7,15,17,8,15
1,<environment.Job instance at 0x151594882fa0>,4,2,[1 8],5,400,402,395,400
1,<environment.Job instance at 0x1515e9be76e0>,2,1,[2 5],3,3,4,0,3
1,<environment.Job instance at 0x151593476960>,3,1,[6 2],4,4,5,0,4
1,<environment.Job instance at 0x1515934760a0>,7,1,[2 6],8,8,9,0,8
1,<environment.Job instance at 0x1515e9be7780>,6,18,[8 1],7,9,27,2,9
1,<environment.Job instance at 0x15159ad7ceb0>,4,2,[ 1 13],7,15,17,8,15
1,<environment.Job instance at 0x1515ebd74b40>,5,3,[10  2],8,1313,1316,1305,1313
1,<environment.Job instance at 0x1515a1e60f00>,3,1,[6 2],4,4,5,0,4
1,<environment.Job instance at 0x151596ae7a50>,4,2,[7 2],5,5,7,0,5
1,<environment.Job instance at 0x151598200370>,4,2,[ 1 13],7,17,19,10,17
1,<environment.Job instance at 0x1515943b3eb0>,3,1,[2 7],5,5,6,0,5
1,<environment.Job instance at 0x1515ec4db960>,2,1,[2 7],3,4,5,1,4
1,<environment.Job instance at 0x1515a22ab7d0>,4,2,[1 8],5,5,7,0,5
1,<environment.Job instance at 0x15159bfd9fa0>,5,3,[10  2],8,8,11,0,8
1,<environment.Job instance at 0x1515a1c39550>,3,1,[6 2],4,4,5,0,4
1,<environment.Job instance at 0x15159a9d8190>,4,2,[7 2],5,5,7,0,5
1,<environment.Job instance at 0x1515ebe5a5f0>,5,2,[ 1 10],8,14,16,6,14
1,<environment.Job instance at 0x1515e9f952d0>,0,1,[2 5],1,2,3,1,2
1,<environment.Job instance at 0x15159b54b5f0>,4,2,[ 1 13],7,17,19,10,17
1,<environment.Job instance at 0x15159b0e27d0>,4,2,[1 8],5,1893,1895,1888,1893
1,<environment.Job instance at 0x151593447dc0>,2,1,[2 5],3,3,4,0,3
1,<environment.Job instance at 0x1515ebc83b90>,3,1,[6 2],4,4,5,0,4
1,<environment.Job instance at 0x1515960bb320>,7,1,[2 6],8,8,9,0,8
1,<environment.Job instance at 0x1515993bb870>,4,2,[ 1 13],7,26,28,19,26
1,<environment.Job instance at 0x1515a0419550>,2,1,[2 7],3,3,4,0,3
1,<environment.Job instance at 0x15159825ce60>,2,1,[2 5],3,3,4,0,3
1,<environment.Job instance at 0x151596a8eaf0>,3,1,[6 2],4,4,5,0,4
1,<environment.Job instance at 0x151596a8eb40>,7,1,[2 6],8,8,9,0,8
1,<environment.Job instance at 0x151596b4e4b0>,4,2,[ 1 13],7,26,28,19,26
1,<environment.Job instance at 0x151592f7a140>,2,1,[2 7],3,4,5,1,4
1,<environment.Job instance at 0x151593db26e0>,4,2,[1 8],5,5,7,0,5
1,<environment.Job instance at 0x151592f7a820>,3,15,[11  1],4,290,305,286,290
1,<environment.Job instance at 0x1515940c8500>,2,1,[2 5],3,3,4,0,3
1,<environment.Job instance at 0x1515a34e54b0>,3,1,[6 2],4,4,5,0,4
1,<environment.Job instance at 0x151595b5d2d0>,7,1,[2 6],8,8,9,0,8
1,<environment.Job instance at 0x1515e831e690>,0,1,[2 5],1,2,3,1,2
1,<environment.Job instance at 0x1515929ef910>,4,2,[ 1 13],7,17,19,10,17
1,<environment.Job instance at 0x151595751870>,4,2,[1 8],5,265,267,260,265
1,<environment.Job instance at 0x15159644bcd0>,2,1,[2 5],3,3,4,0,3
1,<environment.Job instance at 0x1515a1427050>,3,1,[6 2],4,4,5,0,4
1,<environment.Job instance at 0x1515a14270a0>,7,1,[2 6],8,8,9,0,8
1,<environment.Job instance at 0x1515a14270f0>,6,18,[8 1],7,10,28,3,10
1,<environment.Job instance at 0x15159a161b90>,4,2,[ 1 13],7,26,28,19,26
1,<environment.Job instance at 0x15159773a460>,2,1,[2 7],3,3,4,0,3
1,<environment.Job instance at 0x1515e962fdc0>,4,2,[1 8],5,375,377,370,375
1,<environment.Job instance at 0x1515ec06f870>,3,1,[6 2],4,4,5,0,4
1,<environment.Job instance at 0x1515ec06f190>,5,3,[9 2],6,43,46,37,43
1,<environment.Job instance at 0x151593f232d0>,4,2,[ 1 13],7,15,17,8,15
1,<environment.Job instance at 0x1515a27e2410>,3,1,[2 7],5,5,6,0,5
1,<environment.Job instance at 0x15159671d4b0>,2,1,[2 7],3,3,4,0,3
1,<environment.Job instance at 0x15159b0110f0>,2,1,[2 5],3,3,4,0,3
1,<environment.Job instance at 0x15159b0118c0>,3,1,[6 2],4,4,5,0,4
1,<environment.Job instance at 0x15159b011af0>,7,1,[2 6],8,8,9,0,8
1,<environment.Job instance at 0x151597f9d320>,6,18,[8 1],7,9,27,2,9
1,<environment.Job instance at 0x15159a1b5730>,0,1,[2 5],1,2,3,1,2
1,<environment.Job instance at 0x151595997e60>,4,2,[ 1 13],7,17,19,10,17
1,<environment.Job instance at 0x1515961c7e60>,5,2,[2 7],7,9,11,2,9
1,<environment.Job instance at 0x15159ab54c80>,6,16,[10  2],9,300,316,291,300
1,<environment.Job instance at 0x1515a3d08370>,2,1,[2 7],3,4,5,1,4
1,<environment.Job instance at 0x1515941a7f50>,4,2,[1 8],5,5,7,0,5
1,<environment.Job instance at 0x151598dbb9b0>,5,3,[10  2],8,8,11,0,8
1,<environment.Job instance at 0x1515941496e0>,3,15,[11  1],4,47,62,43,47
1,<environment.Job instance at 0x1515a3ed0eb0>,2,1,[2 5],3,3,4,0,3
1,<environment.Job instance at 0x1515a3ed0fa0>,3,1,[6 2],4,4,5,0,4
1,<environment.Job instance at 0x151594038460>,7,1,[2 6],8,8,9,0,8
1,<environment.Job instance at 0x151594041eb0>,6,18,[8 1],7,9,27,2,9
1,<environment.Job instance at 0x1515a04b8a50>,0,1,[2 5],1,2,3,1,2
1,<environment.Job instance at 0x151598010a00>,4,2,[ 1 13],7,52,54,45,52
1,<environment.Job instance at 0x1515a2a20d70>,3,1,[2 7],5,5,6,0,5
1,<environment.Job instance at 0x1515a2a20a50>,4,2,[2 7],6,9,11,3,9
1,<environment.Job instance at 0x151594161320>,2,1,[2 5],3,3,4,0,3
1,<environment.Job instance at 0x15159b725410>,3,1,[6 2],4,4,5,0,4
1,<environment.Job instance at 0x1515924921e0>,4,2,[ 1 13],7,15,17,8,15
1,<environment.Job instance at 0x1515ebaf6320>,5,3,[10  2],8,1000,1003,992,1000
1,<environment.Job instance at 0x1515a20df5a0>,2,1,[2 5],3,3,4,0,3
1,<environment.Job instance at 0x15159a1f8280>,3,1,[6 2],4,4,5,0,4
1,<environment.Job instance at 0x1515a11843c0>,0,1,[2 5],1,2,3,1,2
1,<environment.Job instance at 0x15159606b690>,4,2,[ 1 13],7,37,39,30,37
1,<environment.Job instance at 0x151595bb50f0>,4,2,[2 7],6,37,39,31,37
1,<environment.Job instance at 0x151591c59eb0>,2,1,[2 7],3,3,4,0,3
1,<environment.Job instance at 0x15159356cb40>,2,1,[2 5],3,3,4,0,3
1,<environment.Job instance at 0x1515a19c8730>,3,1,[6 2],4,4,5,0,4
1,<environment.Job instance at 0x15159430cd70>,4,2,[ 1 13],7,15,17,8,15
1,<environment.Job instance at 0x15159198cb90>,4,2,[1 8],5,400,402,395,400
1,<environment.Job instance at 0x1515958d4fa0>,2,1,[2 5],3,3,4,0,3
1,<environment.Job instance at 0x1515958d45a0>,3,1,[6 2],4,4,5,0,4
1,<environment.Job instance at 0x1515ebf5c410>,4,2,[ 1 13],7,15,17,8,15
1,<environment.Job instance at 0x1515eaddae10>,2,1,[2 7],3,4,5,1,4
1,<environment.Job instance at 0x151596289780>,4,2,[1 8],5,5,7,0,5
1,<environment.Job instance at 0x1515a3351140>,3,15,[11  1],4,1780,1795,1776,1780
1,<environment.Job instance at 0x151592c39e10>,2,1,[2 5],3,3,4,0,3
1,<environment.Job instance at 0x1515926e2a00>,3,1,[6 2],4,4,5,0,4
1,<environment.Job instance at 0x151592c390a0>,7,1,[2 6],8,8,9,0,8
1,<environment.Job instance at 0x1515926e2870>,6,18,[8 1],7,9,27,2,9
1,<environment.Job instance at 0x151599bb4780>,0,1,[2 5],1,2,3,1,2
1,<environment.Job instance at 0x151593b0c8c0>,4,2,[ 1 13],7,17,19,10,17
1,<environment.Job instance at 0x151599bb6f00>,5,3,[10  2],8,1807,1810,1799,1807
1,<environment.Job instance at 0x15159528c730>,2,1,[2 5],3,3,4,0,3
1,<environment.Job instance at 0x15159accd280>,3,1,[6 2],4,4,5,0,4
1,<environment.Job instance at 0x151598270be0>,7,1,[2 6],8,8,9,0,8
1,<environment.Job instance at 0x151593474cd0>,6,18,[8 1],7,9,27,2,9
1,<environment.Job instance at 0x15159b1e35a0>,0,1,[2 5],1,2,3,1,2
1,<environment.Job instance at 0x151593117b40>,4,2,[ 1 13],7,37,39,30,37
1,<environment.Job instance at 0x151599ef2320>,4,2,[2 7],6,37,39,31,37
1,<environment.Job instance at 0x1515965e8140>,2,1,[2 7],3,3,4,0,3
1,<environment.Job instance at 0x15159729ce60>,5,3,[10  2],8,817,820,809,817
1,<environment.Job instance at 0x15159b781a00>,2,1,[2 5],3,3,4,0,3
1,<environment.Job instance at 0x151594e83690>,3,1,[6 2],4,4,5,0,4
1,<environment.Job instance at 0x151594e83640>,7,1,[2 6],8,8,9,0,8
1,<environment.Job instance at 0x151594e83c80>,6,18,[8 1],7,9,27,2,9
1,<environment.Job instance at 0x15159a154b90>,0,1,[2 5],1,2,3,1,2
1,<environment.Job instance at 0x151591715e60>,4,2,[ 1 13],7,47,49,40,47
1,<environment.Job instance at 0x1515972fd550>,3,1,[2 7],5,5,6,0,5
1,<environment.Job instance at 0x151596469870>,2,1,[2 7],3,4,5,1,4
1,<environment.Job instance at 0x151594103870>,4,2,[1 8],5,5,7,0,5
1,<environment.Job instance at 0x1515e98f8780>,5,3,[10  2],8,8,11,0,8
1,<environment.Job instance at 0x1515972fdeb0>,3,15,[11  1],4,68,83,64,68
1,<environment.Job instance at 0x151594f4f3c0>,2,1,[2 5],3,3,4,0,3
1,<environment.Job instance at 0x151596b0e870>,3,1,[6 2],4,4,5,0,4
1,<environment.Job instance at 0x1515ead9caa0>,0,2,[6 1],1,1,3,0,1
1,<environment.Job instance at 0x151596d26c80>,4,2,[8 1],7,7,9,0,7
1,<environment.Job instance at 0x151598e1f780>,4,2,[ 1 13],7,30,32,23,30
1,<environment.Job instance at 0x15159726c370>,4,2,[2 7],6,6,8,0,6
1,<environment.Job instance at 0x1515911d5690>,4,2,[1 8],5,357,359,352,357
1,<environment.Job instance at 0x1515913115f0>,2,1,[2 5],3,3,4,0,3
1,<environment.Job instance at 0x151591311eb0>,3,1,[6 2],4,4,5,0,4
1,<environment.Job instance at 0x15159af0bf00>,0,2,[6 1],1,1,3,0,1
1,<environment.Job instance at 0x151591fe3a00>,4,2,[8 1],7,7,9,0,7
1,<environment.Job instance at 0x1515928ab820>,4,2,[ 1 13],7,30,32,23,30
1,<environment.Job instance at 0x151591921870>,4,2,[2 7],6,6,8,0,6
1,<environment.Job instance at 0x1515a328e0f0>,4,2,[1 8],5,357,359,352,357
1,<environment.Job instance at 0x15159172da50>,2,1,[2 5],3,3,4,0,3
1,<environment.Job instance at 0x1515913265f0>,3,1,[6 2],4,4,5,0,4
1,<environment.Job instance at 0x1515a262da00>,0,1,[2 5],1,1,2,0,1
1,<environment.Job instance at 0x1515ebc8b960>,4,2,[ 1 13],7,16,18,9,16
1,<environment.Job instance at 0x15159824b410>,4,2,[1 8],5,91,93,86,91
1,<environment.Job instance at 0x1515a22c2780>,2,1,[2 5],3,3,4,0,3
1,<environment.Job instance at 0x15159a832cd0>,3,1,[6 2],4,4,5,0,4
1,<environment.Job instance at 0x1515967d7730>,0,2,[6 1],1,1,3,0,1
1,<environment.Job instance at 0x151591b196e0>,4,2,[8 1],7,7,9,0,7
1,<environment.Job instance at 0x151592037370>,4,2,[ 1 13],7,12,14,5,12
1,<environment.Job instance at 0x1515a0d01410>,3,1,[2 7],5,6,7,1,6
1,<environment.Job instance at 0x1515a222b0f0>,5,2,[2 7],7,7,9,0,7
1,<environment.Job instance at 0x15159725ceb0>,4,2,[2 7],6,23,25,17,23
1,<environment.Job instance at 0x1515a0f236e0>,5,3,[10  2],8,672,675,664,672
1,<environment.Job instance at 0x1515e9a0f870>,2,1,[2 5],3,3,4,0,3
1,<environment.Job instance at 0x1515a07539b0>,3,1,[6 2],4,4,5,0,4
1,<environment.Job instance at 0x1515a0ce6c80>,4,2,[7 2],5,5,7,0,5
1,<environment.Job instance at 0x151592889eb0>,0,2,[6 1],1,1,3,0,1
1,<environment.Job instance at 0x151592889320>,4,2,[8 1],7,7,9,0,7
1,<environment.Job instance at 0x15159188c280>,4,2,[ 1 13],7,26,28,19,26
1,<environment.Job instance at 0x15159541ce60>,3,1,[2 7],5,6,7,1,6
1,<environment.Job instance at 0x151590b68dc0>,5,2,[2 7],7,7,9,0,7
1,<environment.Job instance at 0x151590ad2b90>,2,1,[2 7],3,3,4,0,3
1,<environment.Job instance at 0x1515a23d3370>,5,3,[10  2],8,1000,1003,992,1000
1,<environment.Job instance at 0x15159a82e8c0>,2,1,[2 5],3,3,4,0,3
1,<environment.Job instance at 0x1515935db730>,3,1,[6 2],4,4,5,0,4
1,<environment.Job instance at 0x15159ae31c30>,0,2,[6 1],1,1,3,0,1
1,<environment.Job instance at 0x1515988d5dc0>,4,2,[8 1],7,7,9,0,7
1,<environment.Job instance at 0x151591503dc0>,4,2,[ 1 13],7,26,28,19,26
1,<environment.Job instance at 0x151593cc1aa0>,2,1,[2 7],3,3,4,0,3
1,<environment.Job instance at 0x15159b84caa0>,5,3,[10  2],8,1945,1948,1937,1945
1,<environment.Job instance at 0x151595ebc1e0>,2,1,[2 5],3,3,4,0,3
1,<environment.Job instance at 0x15159097e550>,3,1,[6 2],4,4,5,0,4
1,<environment.Job instance at 0x151599b358c0>,0,2,[6 1],1,1,3,0,1
1,<environment.Job instance at 0x15159746c730>,4,2,[8 1],7,7,9,0,7
1,<environment.Job instance at 0x151590cc4690>,4,2,[ 1 13],7,27,29,20,27
1,<environment.Job instance at 0x151597193780>,2,1,[2 7],3,3,4,0,3
1,<environment.Job instance at 0x15159b07cc80>,2,1,[2 5],3,3,4,0,3
1,<environment.Job instance at 0x151595ecb1e0>,3,1,[6 2],4,4,5,0,4
1,<environment.Job instance at 0x151593e7af00>,0,2,[6 1],1,1,3,0,1
1,<environment.Job instance at 0x15159334f550>,4,2,[8 1],7,7,9,0,7
1,<environment.Job instance at 0x1515ea502c80>,4,2,[ 1 13],7,54,56,47,54
1,<environment.Job instance at 0x15158eecfc30>,2,1,[2 7],3,4,5,1,4
1,<environment.Job instance at 0x1515ea23c460>,4,2,[1 8],5,5,7,0,5
1,<environment.Job instance at 0x15159b18f8c0>,5,3,[10  2],8,8,11,0,8
1,<environment.Job instance at 0x15159b18f280>,3,15,[11  1],4,302,317,298,302
1,<environment.Job instance at 0x151593127960>,2,1,[2 5],3,3,4,0,3
1,<environment.Job instance at 0x15159557ccd0>,3,1,[6 2],4,4,5,0,4
1,<environment.Job instance at 0x151596597b90>,0,2,[6 1],1,1,3,0,1
1,<environment.Job instance at 0x151591bc6d70>,4,2,[8 1],7,7,9,0,7
1,<environment.Job instance at 0x1515952b5960>,4,2,[ 1 13],7,27,29,20,27
1,<environment.Job instance at 0x15159624c2d0>,2,1,[2 7],3,3,4,0,3
1,<environment.Job instance at 0x1515a1de7c80>,5,3,[10  2],8,1945,1948,1937,1945
1,<environment.Job instance at 0x151596d4ab40>,2,1,[2 5],3,3,4,0,3
1,<environment.Job instance at 0x1515980a3f00>,3,1,[6 2],4,4,5,0,4
1,<environment.Job instance at 0x15159148de10>,0,2,[6 1],1,1,3,0,1
1,<environment.Job instance at 0x1515a1a744b0>,4,2,[8 1],7,7,9,0,7
1,<environment.Job instance at 0x1515eaa91e60>,4,2,[ 1 13],7,27,29,20,27
1,<environment.Job instance at 0x1515960c6be0>,2,1,[2 7],3,3,4,0,3
1,<environment.Job instance at 0x15159167ffa0>,5,3,[10  2],8,1000,1003,992,1000
