iteration,job object,job ID,job Length,job ressource requirement,job enter time,job start time,job finish time,job waiting time,current time
1,<environment.Job instance at 0x1515eba265f0>,1,13,[2 8],2,4,17,2,4
1,<environment.Job instance at 0x1515eb0202d0>,0,1,[2 5],1,1,2,0,1
1,<environment.Job instance at 0x1515eb020b90>,1,17,[6 1],3,3,20,0,3
1,<environment.Job instance at 0x1515e9810fa0>,4,2,[2 7],6,10,12,4,10
1,<environment.Job instance at 0x1515eb067a00>,2,1,[2 7],3,3,4,0,3
1,<environment.Job instance at 0x1515eb067f00>,4,2,[1 8],5,5,7,0,5
1,<environment.Job instance at 0x1515e9810780>,5,3,[10  2],8,8,11,0,8
1,<environment.Job instance at 0x1515a09a03c0>,6,18,[8 1],7,7,25,0,7
1,<environment.Job instance at 0x1515a09a1b40>,2,3,[1 8],3,10,13,7,10
1,<environment.Job instance at 0x15159be92960>,0,1,[2 5],1,1,2,0,1
1,<environment.Job instance at 0x15159be92aa0>,1,17,[6 1],3,3,20,0,3
1,<environment.Job instance at 0x15159bf21d20>,3,1,[2 7],5,7,8,2,7
1,<environment.Job instance at 0x15159bf21640>,4,2,[2 7],6,10,12,4,10
1,<environment.Job instance at 0x15159be873c0>,1,3,[2 9],2,3,6,1,3
1,<environment.Job instance at 0x1515eaeb24b0>,4,2,[1 8],5,6,8,1,5
1,<environment.Job instance at 0x1515a3d288c0>,6,18,[8 1],7,7,25,0,7
1,<environment.Job instance at 0x15159b6894b0>,5,2,[ 1 10],8,10,12,2,10
1,<environment.Job instance at 0x1515a3d143c0>,1,17,[6 1],3,4,21,1,4
1,<environment.Job instance at 0x15159b925f50>,5,3,[6 1],9,21,24,12,15
1,<environment.Job instance at 0x15159b925be0>,2,2,[2 8],4,5,7,1,5
1,<environment.Job instance at 0x1515eb9de280>,4,2,[2 7],6,7,9,1,6
1,<environment.Job instance at 0x1515eb9de0f0>,3,1,[2 7],5,9,10,4,8
1,<environment.Job instance at 0x1515a3d14b40>,1,12,[ 1 10],2,10,22,8,8
1,<environment.Job instance at 0x1515e81c4c80>,1,3,[2 9],2,2,5,0,2
1,<environment.Job instance at 0x1515e81c45f0>,4,2,[1 8],5,9,11,4,9
1,<environment.Job instance at 0x1515ea7995f0>,6,18,[8 1],7,7,25,0,7
1,<environment.Job instance at 0x1515ebfcf190>,5,2,[ 1 10],8,13,15,5,13
1,<environment.Job instance at 0x1515ebc83af0>,0,1,[2 5],1,1,2,0,1
1,<environment.Job instance at 0x1515ebc83500>,1,17,[6 1],3,3,20,0,3
1,<environment.Job instance at 0x1515e9db16e0>,3,1,[2 7],5,6,7,1,6
1,<environment.Job instance at 0x1515e9db13c0>,5,2,[2 7],7,9,11,2,9
1,<environment.Job instance at 0x1515e9db1d20>,1,3,[2 9],2,2,5,0,2
1,<environment.Job instance at 0x1515eace5b90>,0,3,[9 2],1,5,8,4,3
1,<environment.Job instance at 0x1515eb32cdc0>,4,2,[1 8],5,11,13,6,11
1,<environment.Job instance at 0x1515ea5ded70>,6,18,[8 1],7,7,25,0,7
1,<environment.Job instance at 0x1515ebb02af0>,0,1,[2 5],1,1,2,0,1
1,<environment.Job instance at 0x15159b6afd20>,1,17,[6 1],3,3,20,0,3
1,<environment.Job instance at 0x1515eb40ab40>,3,1,[2 7],5,6,7,1,6
1,<environment.Job instance at 0x1515eb40aa00>,5,2,[2 7],7,10,12,3,10
1,<environment.Job instance at 0x1515eb40ad20>,6,16,[10  2],9,14,30,5,14
1,<environment.Job instance at 0x1515ebbea7d0>,0,3,[9 2],1,3,6,2,3
1,<environment.Job instance at 0x1515ebbea2d0>,4,2,[1 8],5,11,13,6,11
1,<environment.Job instance at 0x1515a3f6d780>,0,12,[2 5],1,1,13,0,1
1,<environment.Job instance at 0x1515a09a0f50>,6,18,[8 1],7,7,25,0,7
1,<environment.Job instance at 0x1515a08d3f50>,0,1,[2 5],1,1,2,0,1
1,<environment.Job instance at 0x1515a08d3230>,1,17,[6 1],3,3,20,0,3
1,<environment.Job instance at 0x1515a3610e10>,5,3,[6 1],9,20,23,11,14
1,<environment.Job instance at 0x1515eaeb8050>,4,2,[2 7],6,6,8,0,6
1,<environment.Job instance at 0x1515eaeb8500>,5,2,[2 7],7,8,10,1,8
1,<environment.Job instance at 0x1515eaeb8d70>,6,16,[10  2],9,10,26,1,9
1,<environment.Job instance at 0x1515eabe9d20>,0,3,[9 2],1,3,6,2,3
1,<environment.Job instance at 0x1515eabe9140>,2,1,[2 7],3,6,7,3,4
1,<environment.Job instance at 0x1515eabe9410>,5,3,[10  2],8,9,12,1,9
1,<environment.Job instance at 0x1515ea49cb90>,0,12,[2 5],1,1,13,0,1
1,<environment.Job instance at 0x1515ea118a00>,4,2,[7 2],5,7,9,2,7
1,<environment.Job instance at 0x1515ea118be0>,6,18,[8 1],7,9,27,2,7
1,<environment.Job instance at 0x1515ea118370>,7,1,[2 6],8,13,14,5,8
1,<environment.Job instance at 0x1515ead8ff00>,0,2,[6 1],1,2,4,1,2
1,<environment.Job instance at 0x1515a0238050>,2,3,[1 8],3,3,6,0,3
1,<environment.Job instance at 0x15159bad2910>,4,2,[8 1],7,8,10,1,8
1,<environment.Job instance at 0x1515a371f5f0>,0,1,[2 5],1,4,5,3,4
1,<environment.Job instance at 0x1515a3755870>,5,3,[6 1],9,16,19,7,16
1,<environment.Job instance at 0x1515ea9bd0a0>,0,2,[8 1],1,3,5,2,3
1,<environment.Job instance at 0x1515ec23e370>,1,12,[ 1 10],2,5,17,3,4
1,<environment.Job instance at 0x1515e97279b0>,2,2,[2 8],4,17,19,13,6
1,<environment.Job instance at 0x15159bdd7370>,4,2,[2 7],6,19,21,13,7
1,<environment.Job instance at 0x1515eb2d9a00>,3,1,[2 7],5,21,22,16,8
1,<environment.Job instance at 0x1515a31c15a0>,5,2,[2 7],7,22,24,15,8
1,<environment.Job instance at 0x1515ebd4c140>,0,3,[9 2],1,2,5,1,2
1,<environment.Job instance at 0x1515ead5e320>,4,2,[1 8],5,9,11,4,9
1,<environment.Job instance at 0x1515a015a230>,0,12,[2 5],1,1,13,0,1
1,<environment.Job instance at 0x1515ea170140>,2,1,[2 5],3,3,4,0,3
1,<environment.Job instance at 0x1515a34f9730>,6,18,[8 1],7,7,25,0,7
1,<environment.Job instance at 0x15159bdda550>,0,2,[6 1],1,3,5,2,3
1,<environment.Job instance at 0x15159bdda8c0>,3,3,[1 8],4,4,7,0,4
1,<environment.Job instance at 0x15159bf925a0>,0,1,[2 5],1,1,2,0,1
1,<environment.Job instance at 0x15159bf92fa0>,1,17,[6 1],3,3,20,0,3
1,<environment.Job instance at 0x1515a022e460>,3,1,[2 7],5,6,7,1,6
1,<environment.Job instance at 0x1515a3d082d0>,5,2,[2 7],7,8,10,1,8
1,<environment.Job instance at 0x1515a3d08aa0>,6,16,[10  2],9,10,26,1,9
1,<environment.Job instance at 0x1515e81fa690>,2,1,[2 7],3,3,4,0,3
1,<environment.Job instance at 0x1515e8040c30>,1,3,[2 9],2,4,7,2,4
1,<environment.Job instance at 0x1515a3df8280>,0,12,[2 5],1,1,13,0,1
1,<environment.Job instance at 0x1515a3df8370>,2,1,[2 5],3,3,4,0,3
1,<environment.Job instance at 0x1515a32817d0>,6,18,[8 1],7,7,25,0,7
1,<environment.Job instance at 0x1515a379b8c0>,0,2,[6 1],1,4,6,3,4
1,<environment.Job instance at 0x1515a3e286e0>,5,2,[ 1 10],8,9,11,1,9
1,<environment.Job instance at 0x1515a39287d0>,0,1,[2 5],1,1,2,0,1
1,<environment.Job instance at 0x1515a3928500>,1,17,[6 1],3,3,20,0,3
1,<environment.Job instance at 0x1515ec671e60>,3,1,[2 7],5,10,11,5,10
1,<environment.Job instance at 0x15159b924320>,0,3,[9 2],1,2,5,1,2
1,<environment.Job instance at 0x1515ea7160a0>,2,1,[2 7],3,5,6,2,3
1,<environment.Job instance at 0x1515eb85f4b0>,0,12,[2 5],1,1,13,0,1
1,<environment.Job instance at 0x1515eb85fe60>,2,1,[2 5],3,3,4,0,3
1,<environment.Job instance at 0x1515a2f65550>,6,18,[8 1],7,7,25,0,7
1,<environment.Job instance at 0x1515a33bc550>,2,3,[1 8],3,3,6,0,3
1,<environment.Job instance at 0x1515ea6b8460>,5,2,[ 1 10],8,9,11,1,9
1,<environment.Job instance at 0x1515eafe24b0>,0,1,[2 5],1,1,2,0,1
1,<environment.Job instance at 0x1515a0139640>,1,17,[6 1],3,3,20,0,3
1,<environment.Job instance at 0x15159ba2afa0>,0,2,[8 1],1,2,4,1,2
1,<environment.Job instance at 0x15159ba2ac80>,6,16,[10  2],9,9,25,0,9
1,<environment.Job instance at 0x1515ec279b40>,0,3,[9 2],1,2,5,1,2
1,<environment.Job instance at 0x15159ba2adc0>,2,1,[2 7],3,5,6,2,3
1,<environment.Job instance at 0x15159bccdf00>,1,3,[2 9],2,10,13,8,10
1,<environment.Job instance at 0x15159b724730>,0,12,[2 5],1,1,13,0,1
1,<environment.Job instance at 0x1515ead8f550>,2,1,[2 5],3,3,4,0,3
1,<environment.Job instance at 0x1515a2525780>,6,18,[8 1],7,7,25,0,7
1,<environment.Job instance at 0x1515a2535aa0>,0,2,[6 1],1,2,4,1,2
1,<environment.Job instance at 0x1515a2535a50>,2,3,[1 8],3,3,6,0,3
1,<environment.Job instance at 0x1515a2525a00>,4,2,[8 1],7,8,10,1,8
1,<environment.Job instance at 0x1515ea048140>,0,1,[2 5],1,4,5,3,4
1,<environment.Job instance at 0x1515a0571eb0>,5,3,[6 1],9,16,19,7,16
1,<environment.Job instance at 0x1515a2535870>,1,12,[ 1 10],2,2,14,0,2
1,<environment.Job instance at 0x1515e81e0280>,2,2,[2 8],4,14,16,10,6
1,<environment.Job instance at 0x15159b6e3640>,4,2,[2 7],6,16,18,10,7
1,<environment.Job instance at 0x15159b6e39b0>,3,1,[2 7],5,18,19,13,8
1,<environment.Job instance at 0x15159b6e3e60>,5,2,[2 7],7,19,21,12,8
1,<environment.Job instance at 0x1515eb9a0f50>,0,3,[9 2],1,2,5,1,2
1,<environment.Job instance at 0x1515a2dbd690>,5,3,[10  2],8,8,11,0,8
1,<environment.Job instance at 0x1515a2dbd500>,4,2,[1 8],5,11,13,6,8
1,<environment.Job instance at 0x1515a3fe1640>,0,12,[2 5],1,1,13,0,1
1,<environment.Job instance at 0x1515a060b280>,2,1,[2 5],3,3,4,0,3
1,<environment.Job instance at 0x15159b783b90>,6,18,[8 1],7,7,25,0,7
1,<environment.Job instance at 0x1515eabcfaa0>,3,3,[1 8],4,4,7,0,4
1,<environment.Job instance at 0x1515ebe23780>,1,13,[2 8],2,7,20,5,5
1,<environment.Job instance at 0x1515eb0f7be0>,5,2,[ 1 10],8,20,22,12,10
1,<environment.Job instance at 0x1515a05aa4b0>,1,17,[6 1],3,4,21,1,4
1,<environment.Job instance at 0x1515ea1706e0>,1,12,[ 1 10],2,2,14,0,2
1,<environment.Job instance at 0x1515a0ab9b90>,4,2,[2 7],6,14,16,8,6
1,<environment.Job instance at 0x15159b6f7be0>,2,1,[2 7],3,3,4,0,3
1,<environment.Job instance at 0x1515eb122780>,5,3,[10  2],8,14,17,6,14
1,<environment.Job instance at 0x1515a30c0320>,0,12,[2 5],1,1,13,0,1
1,<environment.Job instance at 0x15159b4fa730>,5,3,[9 2],6,13,16,7,7
1,<environment.Job instance at 0x15159b4fa1e0>,6,18,[8 1],7,16,34,9,7
1,<environment.Job instance at 0x15159b4fa190>,7,1,[2 6],8,16,17,8,8
1,<environment.Job instance at 0x1515a34dba00>,3,3,[1 8],4,4,7,0,4
1,<environment.Job instance at 0x1515a35a3d70>,4,2,[8 1],7,7,9,0,7
1,<environment.Job instance at 0x1515a35a3e10>,1,13,[2 8],2,28,41,26,28
1,<environment.Job instance at 0x1515a258b870>,2,2,[2 8],4,4,6,0,4
1,<environment.Job instance at 0x1515a0baa460>,4,2,[2 7],6,6,8,0,6
1,<environment.Job instance at 0x1515a0baa960>,6,16,[10  2],9,9,25,0,9
1,<environment.Job instance at 0x1515a0437410>,1,12,[ 1 10],2,25,37,23,21
1,<environment.Job instance at 0x15159bbcd7d0>,0,3,[9 2],1,2,5,1,2
1,<environment.Job instance at 0x15159bbcd8c0>,2,1,[2 7],3,5,6,2,4
1,<environment.Job instance at 0x1515a3586e60>,4,2,[1 8],5,6,8,1,5
1,<environment.Job instance at 0x1515a3586960>,5,3,[10  2],8,9,12,1,9
1,<environment.Job instance at 0x1515e9d09af0>,0,12,[2 5],1,1,13,0,1
1,<environment.Job instance at 0x1515e82beeb0>,5,3,[9 2],6,13,16,7,7
1,<environment.Job instance at 0x1515a316bd70>,0,2,[6 1],1,2,4,1,2
1,<environment.Job instance at 0x1515a316b050>,2,3,[1 8],3,3,6,0,3
1,<environment.Job instance at 0x1515a316b960>,4,2,[8 1],7,7,9,0,7
1,<environment.Job instance at 0x1515e9693b90>,5,2,[ 1 10],8,9,11,1,8
1,<environment.Job instance at 0x1515eba169b0>,2,2,[10  1],5,8,10,3,8
1,<environment.Job instance at 0x1515a3e41eb0>,5,3,[6 1],9,10,13,1,9
1,<environment.Job instance at 0x1515e96d2910>,0,2,[8 1],1,2,4,1,2
1,<environment.Job instance at 0x1515a35cf730>,1,12,[ 1 10],2,4,16,2,4
1,<environment.Job instance at 0x1515e96d2460>,2,2,[2 8],4,16,18,12,4
1,<environment.Job instance at 0x1515ec4d7280>,3,1,[2 7],5,18,19,13,5
1,<environment.Job instance at 0x1515ec4d7870>,5,2,[2 7],7,19,21,12,9
1,<environment.Job instance at 0x1515a0377aa0>,0,3,[9 2],1,2,5,1,2
1,<environment.Job instance at 0x1515a03772d0>,2,1,[2 7],3,5,6,2,4
1,<environment.Job instance at 0x1515eafd85a0>,1,3,[2 9],2,6,9,4,5
1,<environment.Job instance at 0x1515a2036500>,5,3,[10  2],8,9,12,1,9
1,<environment.Job instance at 0x1515a1e49a00>,0,12,[2 5],1,1,13,0,1
1,<environment.Job instance at 0x1515a1e4e690>,1,3,[1 9],2,13,16,11,3
1,<environment.Job instance at 0x1515ebe39b40>,5,3,[9 2],6,16,19,10,7
1,<environment.Job instance at 0x1515ebe39960>,6,18,[8 1],7,19,37,12,12
1,<environment.Job instance at 0x1515eb6eb910>,2,3,[1 8],3,3,6,0,3
1,<environment.Job instance at 0x1515ebe86190>,3,3,[1 8],4,6,9,2,4
1,<environment.Job instance at 0x1515eb6eb5a0>,4,2,[8 1],7,7,9,0,7
1,<environment.Job instance at 0x1515ebe86b90>,5,2,[ 1 10],8,9,11,1,8
1,<environment.Job instance at 0x1515e97a5370>,3,3,[6 2],6,7,10,1,7
1,<environment.Job instance at 0x1515a23a0410>,5,3,[6 1],9,11,14,2,11
1,<environment.Job instance at 0x1515e953f910>,0,2,[8 1],1,2,4,1,2
1,<environment.Job instance at 0x1515a3b7f550>,2,2,[2 8],4,4,6,0,4
1,<environment.Job instance at 0x1515e9fe0e10>,3,1,[2 7],5,6,7,1,5
1,<environment.Job instance at 0x1515a252c780>,5,2,[2 7],7,7,9,0,7
1,<environment.Job instance at 0x1515e9fe03c0>,4,2,[2 7],6,9,11,3,9
1,<environment.Job instance at 0x1515ecb26910>,0,3,[9 2],1,2,5,1,2
1,<environment.Job instance at 0x1515a300ba00>,2,1,[2 7],3,5,6,2,4
1,<environment.Job instance at 0x1515ecb265f0>,1,3,[2 9],2,6,9,4,5
1,<environment.Job instance at 0x1515ecb269b0>,5,3,[10  2],8,9,12,1,9
1,<environment.Job instance at 0x1515a01da960>,0,12,[2 5],1,1,13,0,1
1,<environment.Job instance at 0x1515a27cc910>,5,3,[9 2],6,13,16,7,7
1,<environment.Job instance at 0x1515a27cc410>,6,18,[8 1],7,16,34,9,7
1,<environment.Job instance at 0x1515a27cc5f0>,7,1,[2 6],8,16,17,8,8
1,<environment.Job instance at 0x1515a27cc1e0>,1,13,[2 8],2,2,15,0,2
1,<environment.Job instance at 0x1515ea235f00>,2,3,[1 8],3,15,18,12,4
1,<environment.Job instance at 0x1515ea235eb0>,4,2,[8 1],7,10,12,3,10
1,<environment.Job instance at 0x1515a2aa5eb0>,0,1,[2 5],1,1,2,0,1
1,<environment.Job instance at 0x1515a2aa5c80>,1,17,[6 1],3,3,20,0,3
1,<environment.Job instance at 0x1515a24d3050>,0,2,[8 1],1,2,4,1,2
1,<environment.Job instance at 0x1515ea16f0a0>,1,12,[ 1 10],2,4,16,2,2
1,<environment.Job instance at 0x15159b461460>,4,2,[1 8],5,5,7,0,5
1,<environment.Job instance at 0x1515a2c1a960>,5,3,[10  2],8,9,12,1,9
1,<environment.Job instance at 0x1515e9aeb7d0>,0,12,[2 5],1,1,13,0,1
1,<environment.Job instance at 0x1515a36d64b0>,2,1,[2 5],3,3,4,0,3
1,<environment.Job instance at 0x1515e9aeb190>,1,3,[1 9],2,13,16,11,7
1,<environment.Job instance at 0x1515a25b81e0>,3,3,[1 8],4,4,7,0,4
1,<environment.Job instance at 0x1515ec41df00>,4,2,[8 1],7,7,9,0,7
1,<environment.Job instance at 0x1515a0156820>,5,2,[ 1 10],8,9,11,1,8
1,<environment.Job instance at 0x1515ea560460>,1,13,[2 8],2,16,29,14,16
1,<environment.Job instance at 0x15159bd775f0>,0,1,[2 5],1,2,3,1,2
1,<environment.Job instance at 0x1515e826bf50>,3,3,[6 2],6,6,9,0,6
1,<environment.Job instance at 0x1515ea560460>,2,2,[10  1],5,11,13,6,11
1,<environment.Job instance at 0x1515a3332500>,3,1,[2 7],5,6,7,1,6
1,<environment.Job instance at 0x1515a33323c0>,5,2,[2 7],7,7,9,0,7
1,<environment.Job instance at 0x1515a3332a00>,6,16,[10  2],9,9,25,0,9
1,<environment.Job instance at 0x1515a0aed280>,1,3,[2 9],2,4,7,2,4
1,<environment.Job instance at 0x1515e960d460>,4,2,[1 8],5,7,9,2,5
1,<environment.Job instance at 0x1515a286e7d0>,5,3,[10  2],8,9,12,1,8
1,<environment.Job instance at 0x1515a21c9190>,0,12,[2 5],1,1,13,0,1
1,<environment.Job instance at 0x1515a1b564b0>,6,18,[8 1],7,7,25,0,7
1,<environment.Job instance at 0x1515ebc8f140>,1,13,[2 8],2,3,16,1,3
1,<environment.Job instance at 0x1515a1b56730>,2,3,[1 8],3,16,19,13,3
1,<environment.Job instance at 0x1515a2668190>,0,1,[2 5],1,1,2,0,1
1,<environment.Job instance at 0x15159b2c6690>,1,17,[6 1],3,3,20,0,3
1,<environment.Job instance at 0x1515a07e7730>,5,3,[6 1],9,20,23,11,9
1,<environment.Job instance at 0x1515e9625a00>,0,2,[8 1],1,2,4,1,2
1,<environment.Job instance at 0x1515a07144b0>,1,12,[ 1 10],2,4,16,2,4
1,<environment.Job instance at 0x1515e96253c0>,4,2,[2 7],6,16,18,10,6
1,<environment.Job instance at 0x1515a360b190>,0,3,[9 2],1,3,6,2,3
1,<environment.Job instance at 0x1515a360b640>,2,1,[2 7],3,9,10,6,9
1,<environment.Job instance at 0x1515a15df820>,0,12,[2 5],1,1,13,0,1
1,<environment.Job instance at 0x15159b93a2d0>,6,18,[8 1],7,7,25,0,7
1,<environment.Job instance at 0x15159b38b690>,2,3,[1 8],3,3,6,0,3
1,<environment.Job instance at 0x1515eb686280>,0,1,[2 5],1,1,2,0,1
1,<environment.Job instance at 0x1515eb686b40>,1,17,[6 1],3,3,20,0,3
1,<environment.Job instance at 0x1515eb56f500>,0,2,[8 1],1,2,4,1,2
1,<environment.Job instance at 0x1515eadd42d0>,1,12,[ 1 10],2,4,16,2,2
1,<environment.Job instance at 0x1515a1a26190>,4,2,[2 7],6,16,18,10,6
1,<environment.Job instance at 0x1515a1a260f0>,6,16,[10  2],9,18,34,9,9
1,<environment.Job instance at 0x1515a1a265a0>,1,3,[2 9],2,3,6,1,3
1,<environment.Job instance at 0x1515eb01f690>,0,12,[2 5],1,1,13,0,1
1,<environment.Job instance at 0x1515a1ca8dc0>,6,18,[8 1],7,7,25,0,7
1,<environment.Job instance at 0x1515eaf5d500>,8,13,[6 1],9,25,38,16,15
1,<environment.Job instance at 0x1515eb01f640>,1,13,[2 8],2,2,15,0,2
1,<environment.Job instance at 0x1515e827ff50>,0,2,[6 1],1,2,4,1,2
1,<environment.Job instance at 0x1515a2d28820>,2,3,[1 8],3,15,18,12,3
1,<environment.Job instance at 0x1515a03d62d0>,4,2,[8 1],7,8,10,1,8
1,<environment.Job instance at 0x1515a31d8640>,0,1,[2 5],1,5,6,4,5
1,<environment.Job instance at 0x15159b783190>,1,17,[6 1],3,5,22,2,5
1,<environment.Job instance at 0x1515a19bda50>,2,2,[2 8],4,4,6,0,4
1,<environment.Job instance at 0x1515a3d78500>,3,1,[2 7],5,6,7,1,6
1,<environment.Job instance at 0x1515a0455230>,5,2,[2 7],7,7,9,0,7
1,<environment.Job instance at 0x1515a0455c30>,6,16,[10  2],9,9,25,0,9
1,<environment.Job instance at 0x1515a19bdaf0>,1,12,[ 1 10],2,25,37,23,10
1,<environment.Job instance at 0x1515a19bd3c0>,1,3,[2 9],2,15,18,13,15
1,<environment.Job instance at 0x15159b3c07d0>,0,12,[2 5],1,1,13,0,1
1,<environment.Job instance at 0x1515ebf5f960>,5,3,[9 2],6,13,16,7,7
1,<environment.Job instance at 0x1515ebf5f870>,6,18,[8 1],7,16,34,9,7
1,<environment.Job instance at 0x1515ebf5faa0>,7,1,[2 6],8,16,17,8,8
1,<environment.Job instance at 0x15159b2ab640>,1,13,[2 8],2,2,15,0,2
1,<environment.Job instance at 0x1515a1278460>,5,2,[ 1 10],8,15,17,7,10
1,<environment.Job instance at 0x1515a1278e60>,0,1,[2 5],1,1,2,0,1
1,<environment.Job instance at 0x15159b2ab7d0>,1,17,[6 1],3,3,20,0,3
1,<environment.Job instance at 0x15159b6b1690>,0,2,[8 1],1,2,4,1,2
1,<environment.Job instance at 0x15159b2ab870>,1,12,[ 1 10],2,4,16,2,2
1,<environment.Job instance at 0x15159b9410a0>,3,1,[2 7],5,16,17,11,6
1,<environment.Job instance at 0x15159b941460>,6,16,[10  2],9,17,33,8,9
1,<environment.Job instance at 0x1515e810c370>,1,3,[2 9],2,3,6,1,3
1,<environment.Job instance at 0x1515ea90a140>,2,1,[2 7],3,9,10,6,9
1,<environment.Job instance at 0x1515a23b2640>,0,12,[2 5],1,1,13,0,1
1,<environment.Job instance at 0x1515e99f37d0>,5,3,[9 2],6,13,16,7,7
1,<environment.Job instance at 0x1515e99f3f50>,6,18,[8 1],7,16,34,9,7
1,<environment.Job instance at 0x1515e9e48a50>,7,1,[2 6],8,16,17,8,8
1,<environment.Job instance at 0x1515a2e3b7d0>,2,3,[1 8],3,3,6,0,3
1,<environment.Job instance at 0x1515a15040f0>,3,3,[1 8],4,6,9,2,4
1,<environment.Job instance at 0x1515a2e3bb40>,4,2,[8 1],7,7,9,0,7
1,<environment.Job instance at 0x1515a1504af0>,1,13,[2 8],2,26,39,24,26
1,<environment.Job instance at 0x1515eaff75f0>,4,2,[2 7],6,6,8,0,6
1,<environment.Job instance at 0x1515a12f3460>,5,2,[2 7],7,8,10,1,8
1,<environment.Job instance at 0x1515a1325050>,6,16,[10  2],9,10,26,1,9
1,<environment.Job instance at 0x1515a12caf00>,0,3,[9 2],1,1,4,0,1
1,<environment.Job instance at 0x1515a12cab90>,4,2,[1 8],5,6,8,1,6
1,<environment.Job instance at 0x1515a3d9e280>,5,3,[10  2],8,15,18,7,15
1,<environment.Job instance at 0x1515a132b820>,0,12,[2 5],1,1,13,0,1
1,<environment.Job instance at 0x1515e94d6be0>,3,1,[6 2],4,7,8,3,7
1,<environment.Job instance at 0x1515e96935f0>,7,1,[2 6],8,13,14,5,8
1,<environment.Job instance at 0x1515a31bb870>,0,2,[6 1],1,2,4,1,2
1,<environment.Job instance at 0x15159b431370>,2,3,[1 8],3,3,6,0,3
1,<environment.Job instance at 0x1515eb43c140>,4,2,[8 1],7,7,9,0,7
1,<environment.Job instance at 0x1515eb43c5a0>,5,2,[ 1 10],8,9,11,1,8
1,<environment.Job instance at 0x1515ebab47d0>,1,13,[2 8],2,21,34,19,21
1,<environment.Job instance at 0x1515a3353f00>,2,2,[10  1],5,6,8,1,6
1,<environment.Job instance at 0x1515e83ce5f0>,3,3,[6 2],6,10,13,4,10
1,<environment.Job instance at 0x1515e9b3b910>,1,12,[ 1 10],2,2,14,0,2
1,<environment.Job instance at 0x1515a2f63b90>,2,2,[2 8],4,14,16,10,5
1,<environment.Job instance at 0x1515a0431230>,2,1,[2 7],3,4,5,1,4
1,<environment.Job instance at 0x1515a0431a00>,5,3,[10  2],8,8,11,0,8
1,<environment.Job instance at 0x1515a0b006e0>,0,12,[2 5],1,1,13,0,1
1,<environment.Job instance at 0x1515a0b00280>,2,1,[2 5],3,3,4,0,3
1,<environment.Job instance at 0x15159beaa0f0>,4,2,[7 2],5,6,8,1,6
1,<environment.Job instance at 0x1515a27af0f0>,6,18,[8 1],7,8,26,1,7
1,<environment.Job instance at 0x15159beaaaa0>,5,3,[9 2],6,26,29,20,7
1,<environment.Job instance at 0x1515a1c38e10>,7,1,[2 6],8,13,14,5,8
1,<environment.Job instance at 0x15159ba48410>,0,2,[6 1],1,2,4,1,2
1,<environment.Job instance at 0x15159ba48e60>,2,3,[1 8],3,3,6,0,3
1,<environment.Job instance at 0x1515eb930be0>,4,2,[8 1],7,7,9,0,7
1,<environment.Job instance at 0x1515eacc1fa0>,5,2,[ 1 10],8,9,11,1,8
1,<environment.Job instance at 0x1515a34c6410>,1,17,[6 1],3,3,20,0,3
1,<environment.Job instance at 0x1515a33efaa0>,3,3,[6 2],6,20,23,14,7
1,<environment.Job instance at 0x15159be967d0>,5,3,[6 1],9,23,26,14,10
1,<environment.Job instance at 0x15159bb85550>,0,2,[8 1],1,2,4,1,2
1,<environment.Job instance at 0x15159bb85730>,2,2,[2 8],4,4,6,0,4
1,<environment.Job instance at 0x15159bb85410>,3,1,[2 7],5,6,7,1,5
1,<environment.Job instance at 0x15159bb85910>,4,2,[2 7],6,7,9,1,6
1,<environment.Job instance at 0x1515a225ef50>,1,12,[ 1 10],2,16,28,14,16
1,<environment.Job instance at 0x1515a3fd0230>,0,3,[9 2],1,1,4,0,1
1,<environment.Job instance at 0x15159bb85870>,1,3,[2 9],2,4,7,2,3
1,<environment.Job instance at 0x1515eb0bfb90>,2,1,[2 7],3,11,12,8,11
1,<environment.Job instance at 0x1515e9f7b2d0>,0,12,[2 5],1,1,13,0,1
1,<environment.Job instance at 0x1515e9e37050>,3,1,[6 2],4,7,8,3,7
1,<environment.Job instance at 0x1515eb8247d0>,7,1,[2 6],8,13,14,5,8
1,<environment.Job instance at 0x1515a12feeb0>,3,3,[1 8],4,4,7,0,4
1,<environment.Job instance at 0x1515a05456e0>,4,2,[8 1],7,7,9,0,7
1,<environment.Job instance at 0x1515a12fe500>,5,2,[ 1 10],8,9,11,1,8
1,<environment.Job instance at 0x1515e9f7bcd0>,1,13,[2 8],2,42,55,40,42
1,<environment.Job instance at 0x1515ecaa38c0>,0,1,[2 5],1,3,4,2,3
1,<environment.Job instance at 0x1515ecaa3820>,2,2,[10  1],5,5,7,0,5
1,<environment.Job instance at 0x1515ecaa3b90>,1,17,[6 1],3,7,24,4,7
1,<environment.Job instance at 0x1515e837f960>,5,3,[6 1],9,24,27,15,9
1,<environment.Job instance at 0x1515e951f280>,0,2,[8 1],1,2,4,1,2
1,<environment.Job instance at 0x1515e951fc30>,2,2,[2 8],4,4,6,0,4
1,<environment.Job instance at 0x1515e951f140>,3,1,[2 7],5,6,7,1,5
1,<environment.Job instance at 0x1515a2d693c0>,4,2,[2 7],6,7,9,1,6
1,<environment.Job instance at 0x1515a2d69f50>,5,2,[2 7],7,9,11,2,7
1,<environment.Job instance at 0x1515a2d69e10>,6,16,[10  2],9,11,27,2,9
1,<environment.Job instance at 0x1515a2f327d0>,1,12,[ 1 10],2,27,39,25,19
1,<environment.Job instance at 0x1515a0faed20>,4,2,[1 8],5,11,13,6,11
1,<environment.Job instance at 0x15159bb292d0>,0,12,[2 5],1,1,13,0,1
1,<environment.Job instance at 0x15159bb29c30>,3,1,[6 2],4,7,8,3,7
1,<environment.Job instance at 0x1515a1de30a0>,7,1,[2 6],8,13,14,5,8
1,<environment.Job instance at 0x15159a6ed140>,3,3,[1 8],4,4,7,0,4
1,<environment.Job instance at 0x1515e9797640>,1,13,[2 8],2,7,20,5,7
1,<environment.Job instance at 0x15159a6ed3c0>,5,2,[ 1 10],8,20,22,12,13
1,<environment.Job instance at 0x15159a6ed190>,0,1,[2 5],1,2,3,1,2
1,<environment.Job instance at 0x15159a6ed370>,2,2,[10  1],5,6,8,1,6
1,<environment.Job instance at 0x1515ebdfa230>,5,3,[6 1],9,10,13,1,10
1,<environment.Job instance at 0x1515a1a80cd0>,5,2,[2 7],7,7,9,0,7
1,<environment.Job instance at 0x1515ea3852d0>,1,12,[ 1 10],2,21,33,19,21
1,<environment.Job instance at 0x15159b71a320>,0,3,[9 2],1,1,4,0,1
1,<environment.Job instance at 0x1515eba770f0>,2,1,[2 7],3,4,5,1,4
1,<environment.Job instance at 0x1515a154abe0>,4,2,[1 8],5,5,7,0,5
1,<environment.Job instance at 0x1515ec0e66e0>,5,3,[10  2],8,8,11,0,8
1,<environment.Job instance at 0x1515a13da4b0>,0,12,[2 5],1,1,13,0,1
1,<environment.Job instance at 0x1515a2793690>,3,1,[6 2],4,6,7,2,6
1,<environment.Job instance at 0x15159af035a0>,6,18,[8 1],7,9,27,2,9
1,<environment.Job instance at 0x15159af03820>,8,13,[6 1],9,27,40,18,20
1,<environment.Job instance at 0x15159af33b90>,3,3,[1 8],4,4,7,0,4
1,<environment.Job instance at 0x15159af03820>,4,2,[8 1],7,7,9,0,7
1,<environment.Job instance at 0x1515eb0512d0>,5,2,[ 1 10],8,9,11,1,8
1,<environment.Job instance at 0x15159af33c30>,1,13,[2 8],2,11,24,9,10
1,<environment.Job instance at 0x15159afefc30>,0,1,[2 5],1,2,3,1,2
1,<environment.Job instance at 0x15159afef550>,2,2,[10  1],5,6,8,1,6
1,<environment.Job instance at 0x1515a353ec30>,2,2,[2 8],4,4,6,0,4
1,<environment.Job instance at 0x1515a353ee10>,3,1,[2 7],5,6,7,1,5
1,<environment.Job instance at 0x1515a3603780>,4,2,[2 7],6,7,9,1,6
1,<environment.Job instance at 0x1515a3603a50>,5,2,[2 7],7,9,11,2,7
1,<environment.Job instance at 0x1515a36030f0>,6,16,[10  2],9,11,27,2,9
1,<environment.Job instance at 0x1515eb051d20>,1,12,[ 1 10],2,27,39,25,11
1,<environment.Job instance at 0x1515a36105f0>,2,1,[2 7],3,3,4,0,3
1,<environment.Job instance at 0x1515a3610f00>,4,2,[1 8],5,8,10,3,8
1,<environment.Job instance at 0x1515a1397820>,0,12,[2 5],1,1,13,0,1
1,<environment.Job instance at 0x1515a13971e0>,3,1,[6 2],4,8,9,4,8
1,<environment.Job instance at 0x1515eb937820>,4,2,[7 2],5,9,11,4,8
1,<environment.Job instance at 0x1515eb937cd0>,7,1,[2 6],8,13,14,5,8
1,<environment.Job instance at 0x1515a33b2320>,0,2,[6 1],1,2,4,1,2
1,<environment.Job instance at 0x1515a33b27d0>,2,3,[1 8],3,3,6,0,3
1,<environment.Job instance at 0x1515a109ddc0>,1,13,[2 8],2,6,19,4,4
1,<environment.Job instance at 0x15159abc9b40>,1,17,[6 1],3,3,20,0,3
1,<environment.Job instance at 0x1515a170d3c0>,0,2,[8 1],1,3,5,2,3
1,<environment.Job instance at 0x1515a2461410>,2,2,[2 8],4,4,6,0,4
1,<environment.Job instance at 0x1515a2461280>,4,2,[2 7],6,6,8,0,6
1,<environment.Job instance at 0x1515a2461780>,5,2,[2 7],7,8,10,1,7
1,<environment.Job instance at 0x1515a1555730>,1,12,[ 1 10],2,13,25,11,13
1,<environment.Job instance at 0x1515eb6ea690>,0,3,[9 2],1,2,5,1,2
1,<environment.Job instance at 0x1515a10cac80>,1,3,[2 9],2,5,8,3,5
1,<environment.Job instance at 0x15159a985730>,5,3,[10  2],8,9,12,1,9
1,<environment.Job instance at 0x1515e00e7410>,0,12,[2 5],1,1,13,0,1
1,<environment.Job instance at 0x1515e00e72d0>,3,1,[6 2],4,7,8,3,7
1,<environment.Job instance at 0x1515e9df60a0>,7,1,[2 6],8,13,14,5,8
1,<environment.Job instance at 0x15159b366410>,3,3,[1 8],4,4,7,0,4
1,<environment.Job instance at 0x1515a15dcaa0>,4,2,[8 1],7,7,9,0,7
1,<environment.Job instance at 0x15159b366eb0>,5,2,[ 1 10],8,9,11,1,8
1,<environment.Job instance at 0x1515ea342230>,1,13,[2 8],2,11,24,9,10
1,<environment.Job instance at 0x15159bc70eb0>,0,1,[2 5],1,2,3,1,2
1,<environment.Job instance at 0x1515a39f50f0>,2,2,[10  1],5,6,8,1,6
1,<environment.Job instance at 0x15159a97ebe0>,0,2,[8 1],1,2,4,1,2
1,<environment.Job instance at 0x1515a155c9b0>,1,12,[ 1 10],2,4,16,2,4
1,<environment.Job instance at 0x15159bccdfa0>,3,1,[2 7],5,16,17,11,5
1,<environment.Job instance at 0x15159a230aa0>,0,3,[9 2],1,1,4,0,1
1,<environment.Job instance at 0x15159a230d70>,1,3,[2 9],2,4,7,2,2
1,<environment.Job instance at 0x15159adae460>,5,3,[10  2],8,10,13,2,10
1,<environment.Job instance at 0x1515a1b4fbe0>,0,12,[2 5],1,1,13,0,1
1,<environment.Job instance at 0x1515a1b4ffa0>,3,1,[6 2],4,7,8,3,7
1,<environment.Job instance at 0x1515ebd72230>,7,1,[2 6],8,13,14,5,8
1,<environment.Job instance at 0x1515a14a0a50>,3,3,[1 8],4,4,7,0,4
1,<environment.Job instance at 0x1515ebb1c500>,4,2,[8 1],7,7,9,0,7
1,<environment.Job instance at 0x1515a03965f0>,5,2,[ 1 10],8,9,11,1,8
1,<environment.Job instance at 0x1515ebd723c0>,1,13,[2 8],2,33,46,31,33
1,<environment.Job instance at 0x1515a25bfb90>,2,2,[10  1],5,6,8,1,6
1,<environment.Job instance at 0x1515974b30a0>,3,3,[6 2],6,8,11,2,7
1,<environment.Job instance at 0x1515a05938c0>,0,2,[8 1],1,2,4,1,2
1,<environment.Job instance at 0x1515eb122550>,1,12,[ 1 10],2,5,17,3,5
1,<environment.Job instance at 0x1515a1cf2690>,4,2,[1 8],5,5,7,0,5
1,<environment.Job instance at 0x1515a1cf2aa0>,5,3,[10  2],8,8,11,0,8
1,<environment.Job instance at 0x15159b0bef00>,0,12,[2 5],1,1,13,0,1
1,<environment.Job instance at 0x15159af086e0>,3,1,[6 2],4,6,7,2,6
1,<environment.Job instance at 0x15159b15d460>,7,1,[2 6],8,13,14,5,8
1,<environment.Job instance at 0x1515ea3ce820>,4,2,[7 2],5,14,16,9,14
1,<environment.Job instance at 0x1515ec04f190>,2,3,[1 8],3,3,6,0,3
1,<environment.Job instance at 0x15159af97b40>,3,3,[1 8],4,6,9,2,4
1,<environment.Job instance at 0x1515ec04f690>,4,2,[8 1],7,7,9,0,7
1,<environment.Job instance at 0x15159af97fa0>,5,2,[ 1 10],8,9,11,1,8
1,<environment.Job instance at 0x15159b15daf0>,1,13,[2 8],2,11,24,9,9
1,<environment.Job instance at 0x1515ea8cc6e0>,0,1,[2 5],1,2,3,1,2
1,<environment.Job instance at 0x15159b21cf00>,2,2,[10  1],5,6,8,1,6
1,<environment.Job instance at 0x1515a328baa0>,3,3,[6 2],6,11,14,5,11
1,<environment.Job instance at 0x15159b7d8e60>,0,2,[8 1],1,2,4,1,2
1,<environment.Job instance at 0x1515a1ba4f50>,2,2,[2 8],4,4,6,0,4
1,<environment.Job instance at 0x1515a25e7aa0>,4,2,[2 7],6,6,8,0,6
1,<environment.Job instance at 0x15159b7d8960>,5,2,[2 7],7,8,10,1,7
1,<environment.Job instance at 0x1515a2302730>,6,16,[10  2],9,10,26,1,9
1,<environment.Job instance at 0x1515a328b1e0>,1,12,[ 1 10],2,26,38,24,14
1,<environment.Job instance at 0x1515a316bc80>,0,3,[9 2],1,1,4,0,1
1,<environment.Job instance at 0x1515eac33690>,2,1,[2 7],3,4,5,1,4
1,<environment.Job instance at 0x1515974a8dc0>,4,2,[1 8],5,5,7,0,5
1,<environment.Job instance at 0x1515974a8eb0>,5,3,[10  2],8,8,11,0,8
1,<environment.Job instance at 0x1515a2abeaa0>,0,12,[2 5],1,1,13,0,1
1,<environment.Job instance at 0x1515a2abe870>,1,3,[1 9],2,13,16,11,3
1,<environment.Job instance at 0x1515a2abe910>,2,1,[2 5],3,6,7,3,6
1,<environment.Job instance at 0x15159aea3a00>,7,1,[2 6],8,16,17,8,8
1,<environment.Job instance at 0x1515a2abedc0>,1,13,[2 8],2,2,15,0,2
1,<environment.Job instance at 0x1515ebe710a0>,0,2,[6 1],1,4,6,3,4
1,<environment.Job instance at 0x1515a39785f0>,2,3,[1 8],3,15,18,12,5
1,<environment.Job instance at 0x151599e885f0>,4,2,[8 1],7,8,10,1,8
1,<environment.Job instance at 0x151599e88140>,0,1,[2 5],1,2,3,1,2
1,<environment.Job instance at 0x151599e88370>,2,2,[10  1],5,6,8,1,6
1,<environment.Job instance at 0x1515ea6bb9b0>,5,3,[6 1],9,10,13,1,10
1,<environment.Job instance at 0x15159be365f0>,0,2,[8 1],1,2,4,1,2
1,<environment.Job instance at 0x15159be36140>,2,2,[2 8],4,4,6,0,4
1,<environment.Job instance at 0x15159a426280>,4,2,[2 7],6,6,8,0,6
1,<environment.Job instance at 0x1515a1a51d70>,5,2,[2 7],7,8,10,1,7
1,<environment.Job instance at 0x15159be362d0>,1,12,[ 1 10],2,24,36,22,24
1,<environment.Job instance at 0x15159a41f280>,0,3,[9 2],1,1,4,0,1
1,<environment.Job instance at 0x1515a3e16780>,2,1,[2 7],3,4,5,1,4
1,<environment.Job instance at 0x1515eb94ba50>,4,2,[1 8],5,5,7,0,5
1,<environment.Job instance at 0x1515a0dea1e0>,5,3,[10  2],8,8,11,0,8
1,<environment.Job instance at 0x1515eab049b0>,0,12,[2 5],1,1,13,0,1
1,<environment.Job instance at 0x1515eab044b0>,1,3,[1 9],2,13,16,11,3
1,<environment.Job instance at 0x1515eab04320>,2,1,[2 5],3,6,7,3,6
1,<environment.Job instance at 0x1515e9e35230>,7,1,[2 6],8,16,17,8,8
1,<environment.Job instance at 0x1515eab045a0>,4,2,[7 2],5,16,18,11,12
1,<environment.Job instance at 0x1515a0505550>,2,3,[1 8],3,3,6,0,3
1,<environment.Job instance at 0x1515eab045a0>,3,3,[1 8],4,6,9,2,4
1,<environment.Job instance at 0x1515e94ffd70>,4,2,[8 1],7,7,9,0,7
1,<environment.Job instance at 0x1515ebe93e10>,5,2,[ 1 10],8,9,11,1,8
1,<environment.Job instance at 0x1515ea5d80f0>,1,13,[2 8],2,11,24,9,9
1,<environment.Job instance at 0x1515a19ca320>,0,1,[2 5],1,2,3,1,2
1,<environment.Job instance at 0x15159a0ef870>,2,2,[10  1],5,6,8,1,6
1,<environment.Job instance at 0x1515e83c4870>,0,2,[8 1],1,2,4,1,2
1,<environment.Job instance at 0x15159be19f50>,2,2,[2 8],4,4,6,0,4
1,<environment.Job instance at 0x15159b0f6230>,3,1,[2 7],5,6,7,1,5
1,<environment.Job instance at 0x1515a275b3c0>,4,2,[2 7],6,7,9,1,6
1,<environment.Job instance at 0x1515e94ffd70>,1,12,[ 1 10],2,9,21,7,6
1,<environment.Job instance at 0x1515e9da85a0>,0,3,[9 2],1,1,4,0,1
1,<environment.Job instance at 0x15159a0efe10>,1,3,[2 9],2,4,7,2,2
1,<environment.Job instance at 0x1515a320b640>,5,3,[10  2],8,10,13,2,10
1,<environment.Job instance at 0x15159b0e6d70>,0,12,[2 5],1,1,13,0,1
1,<environment.Job instance at 0x15159ab0c5a0>,5,3,[9 2],6,13,16,7,7
1,<environment.Job instance at 0x15159a790eb0>,0,2,[6 1],1,2,4,1,2
1,<environment.Job instance at 0x15159b89a5a0>,2,3,[1 8],3,3,6,0,3
1,<environment.Job instance at 0x15159b89a0f0>,4,2,[8 1],7,7,9,0,7
1,<environment.Job instance at 0x1515eb76caf0>,5,2,[ 1 10],8,9,11,1,8
1,<environment.Job instance at 0x15159a943d70>,1,13,[2 8],2,52,65,50,52
1,<environment.Job instance at 0x1515a36b3c30>,2,2,[10  1],5,6,8,1,6
1,<environment.Job instance at 0x15159ae963c0>,1,17,[6 1],3,9,26,6,9
1,<environment.Job instance at 0x1515ec2fb7d0>,0,2,[8 1],1,1,3,0,1
1,<environment.Job instance at 0x1515eb76c550>,1,12,[ 1 10],2,3,15,1,2
1,<environment.Job instance at 0x15159b0c9b40>,5,2,[2 7],7,15,17,8,10
1,<environment.Job instance at 0x15159af1dcd0>,0,12,[2 5],1,1,13,0,1
1,<environment.Job instance at 0x1515a0e45550>,3,1,[6 2],4,7,8,3,7
1,<environment.Job instance at 0x1515e94f1280>,7,1,[2 6],8,13,14,5,8
1,<environment.Job instance at 0x151599fb4cd0>,3,3,[1 8],4,4,7,0,4
1,<environment.Job instance at 0x1515e94f16e0>,4,2,[8 1],7,7,9,0,7
1,<environment.Job instance at 0x15159bab1230>,5,2,[ 1 10],8,9,11,1,8
1,<environment.Job instance at 0x1515a0e45af0>,1,13,[2 8],2,64,77,62,64
1,<environment.Job instance at 0x15159b08b1e0>,2,2,[10  1],5,6,8,1,6
1,<environment.Job instance at 0x15159a807140>,3,3,[6 2],6,8,11,2,6
1,<environment.Job instance at 0x15159a807230>,5,3,[6 1],9,11,14,2,9
1,<environment.Job instance at 0x15159a807870>,2,2,[2 8],4,4,6,0,4
1,<environment.Job instance at 0x15159a807be0>,3,1,[2 7],5,6,7,1,5
1,<environment.Job instance at 0x1515eca664b0>,4,2,[2 7],6,7,9,1,6
1,<environment.Job instance at 0x1515e81e17d0>,5,2,[2 7],7,9,11,2,7
1,<environment.Job instance at 0x1515e94f1640>,1,12,[ 1 10],2,14,26,12,14
1,<environment.Job instance at 0x15159a935190>,5,3,[10  2],8,8,11,0,8
1,<environment.Job instance at 0x151599e55e10>,0,12,[2 5],1,1,13,0,1
1,<environment.Job instance at 0x1515a108dd20>,3,1,[6 2],4,7,8,3,7
1,<environment.Job instance at 0x1515a049f410>,7,1,[2 6],8,13,14,5,8
1,<environment.Job instance at 0x1515e01c4870>,3,3,[1 8],4,4,7,0,4
1,<environment.Job instance at 0x1515eb43f7d0>,4,2,[8 1],7,7,9,0,7
1,<environment.Job instance at 0x1515eb758960>,5,2,[ 1 10],8,9,11,1,8
1,<environment.Job instance at 0x1515a049f5f0>,1,13,[2 8],2,61,74,59,61
1,<environment.Job instance at 0x15159a2c7cd0>,2,2,[10  1],5,6,8,1,6
1,<environment.Job instance at 0x1515a14d3fa0>,3,3,[6 2],6,8,11,2,6
1,<environment.Job instance at 0x1515a14d3af0>,5,3,[6 1],9,11,14,2,9
1,<environment.Job instance at 0x15159ad7caa0>,0,2,[8 1],1,2,4,1,2
1,<environment.Job instance at 0x1515e01c4af0>,1,12,[ 1 10],2,4,16,2,2
1,<environment.Job instance at 0x1515a286c1e0>,4,2,[2 7],6,16,18,10,6
1,<environment.Job instance at 0x1515a286ce10>,5,2,[2 7],7,18,20,11,7
1,<environment.Job instance at 0x1515a2bfac80>,0,3,[9 2],1,1,4,0,1
1,<environment.Job instance at 0x1515a03bf2d0>,0,12,[2 5],1,1,13,0,1
1,<environment.Job instance at 0x1515a0abd1e0>,5,3,[9 2],6,13,16,7,7
1,<environment.Job instance at 0x1515ebd3e230>,0,2,[6 1],1,2,4,1,2
1,<environment.Job instance at 0x1515a24fbc80>,2,3,[1 8],3,3,6,0,3
1,<environment.Job instance at 0x1515a24fb460>,1,13,[2 8],2,6,19,4,5
1,<environment.Job instance at 0x1515a05d1640>,5,2,[ 1 10],8,19,21,11,16
1,<environment.Job instance at 0x1515a1586eb0>,1,17,[6 1],3,3,20,0,3
1,<environment.Job instance at 0x1515a02884b0>,2,2,[2 8],4,4,6,0,4
1,<environment.Job instance at 0x151597492af0>,3,1,[2 7],5,6,7,1,5
1,<environment.Job instance at 0x15159a496be0>,4,2,[2 7],6,7,9,1,6
1,<environment.Job instance at 0x1515a0288a00>,1,12,[ 1 10],2,9,21,7,7
1,<environment.Job instance at 0x1515998908c0>,6,16,[10  2],9,84,100,75,84
1,<environment.Job instance at 0x15159abcddc0>,1,3,[2 9],2,2,5,0,2
1,<environment.Job instance at 0x15159abcd1e0>,4,2,[1 8],5,5,7,0,5
1,<environment.Job instance at 0x1515eb928eb0>,0,12,[2 5],1,1,13,0,1
1,<environment.Job instance at 0x1515ec3d1f50>,0,2,[6 1],1,2,4,1,2
1,<environment.Job instance at 0x1515a1aaa640>,2,3,[1 8],3,3,6,0,3
1,<environment.Job instance at 0x1515a3aafcd0>,3,3,[1 8],4,6,9,2,4
1,<environment.Job instance at 0x1515eb9289b0>,4,2,[8 1],7,7,9,0,7
1,<environment.Job instance at 0x1515ec3d1410>,1,13,[2 8],2,9,22,7,8
1,<environment.Job instance at 0x15159aaffaf0>,3,3,[6 2],6,6,9,0,6
1,<environment.Job instance at 0x15159a4265f0>,5,3,[6 1],9,10,13,1,10
1,<environment.Job instance at 0x1515ebcae550>,0,2,[8 1],1,2,4,1,2
1,<environment.Job instance at 0x1515ea626370>,1,12,[ 1 10],2,4,16,2,2
1,<environment.Job instance at 0x1515a33fd730>,1,3,[2 9],2,2,5,0,2
1,<environment.Job instance at 0x1515a33fd140>,5,3,[10  2],8,8,11,0,8
1,<environment.Job instance at 0x1515a3d321e0>,1,3,[1 9],2,3,6,1,3
1,<environment.Job instance at 0x1515a2e61730>,5,3,[9 2],6,6,9,0,6
1,<environment.Job instance at 0x1515a2e610a0>,6,18,[8 1],7,9,27,2,7
1,<environment.Job instance at 0x1515a04315f0>,0,2,[6 1],1,2,4,1,2
1,<environment.Job instance at 0x1515a04316e0>,2,3,[1 8],3,3,6,0,3
1,<environment.Job instance at 0x151597469aa0>,4,2,[8 1],7,7,9,0,7
1,<environment.Job instance at 0x1515ebbe3550>,5,2,[ 1 10],8,9,11,1,8
1,<environment.Job instance at 0x1515a3d32820>,1,13,[2 8],2,94,107,92,94
1,<environment.Job instance at 0x15159a57c820>,1,17,[6 1],3,3,20,0,3
1,<environment.Job instance at 0x1515a3d327d0>,3,3,[6 2],6,20,23,14,6
1,<environment.Job instance at 0x1515ec15dc80>,0,2,[8 1],1,2,4,1,2
1,<environment.Job instance at 0x15159a636cd0>,2,2,[2 8],4,4,6,0,4
1,<environment.Job instance at 0x1515a1c45910>,3,1,[2 7],5,6,7,1,5
1,<environment.Job instance at 0x15159a9275a0>,4,2,[2 7],6,7,9,1,6
1,<environment.Job instance at 0x1515ec15d690>,1,12,[ 1 10],2,9,21,7,6
1,<environment.Job instance at 0x1515a2892730>,0,3,[9 2],1,1,4,0,1
1,<environment.Job instance at 0x1515a2982410>,4,2,[1 8],5,24,26,19,24
1,<environment.Job instance at 0x1515a19c8e10>,1,3,[1 9],2,3,6,1,3
1,<environment.Job instance at 0x1515a05c9c30>,5,3,[9 2],6,6,9,0,6
1,<environment.Job instance at 0x1515a05c9cd0>,6,18,[8 1],7,9,27,2,7
1,<environment.Job instance at 0x1515a2627640>,0,2,[6 1],1,2,4,1,2
1,<environment.Job instance at 0x1515a2627140>,2,3,[1 8],3,3,6,0,3
1,<environment.Job instance at 0x1515a05c9960>,4,2,[8 1],7,7,9,0,7
1,<environment.Job instance at 0x1515e9fd5280>,5,2,[ 1 10],8,9,11,1,8
1,<environment.Job instance at 0x15159a387f00>,1,13,[2 8],2,94,107,92,94
1,<environment.Job instance at 0x1515a2a1da00>,1,17,[6 1],3,3,20,0,3
1,<environment.Job instance at 0x1515996b4550>,3,3,[6 2],6,20,23,14,6
1,<environment.Job instance at 0x15159b7832d0>,0,2,[8 1],1,2,4,1,2
1,<environment.Job instance at 0x1515a29eabe0>,2,2,[2 8],4,4,6,0,4
1,<environment.Job instance at 0x1515a29ea320>,3,1,[2 7],5,6,7,1,5
1,<environment.Job instance at 0x1515a29ea9b0>,4,2,[2 7],6,7,9,1,6
1,<environment.Job instance at 0x1515a3d6a550>,1,12,[ 1 10],2,9,21,7,6
1,<environment.Job instance at 0x1515a38b08c0>,0,3,[9 2],1,1,4,0,1
1,<environment.Job instance at 0x15159a8aee10>,1,3,[1 9],2,3,6,1,3
1,<environment.Job instance at 0x15159a8aecd0>,5,3,[9 2],6,6,9,0,6
1,<environment.Job instance at 0x1515a3688140>,0,2,[6 1],1,2,4,1,2
1,<environment.Job instance at 0x151599c76280>,2,3,[1 8],3,3,6,0,3
1,<environment.Job instance at 0x1515ea5063c0>,1,13,[2 8],2,6,19,4,4
1,<environment.Job instance at 0x1515ea52b230>,1,17,[6 1],3,7,24,4,7
1,<environment.Job instance at 0x1515a25decd0>,5,3,[6 1],9,24,27,15,10
1,<environment.Job instance at 0x15159ad7c8c0>,0,2,[8 1],1,2,4,1,2
1,<environment.Job instance at 0x15159ad7c960>,1,12,[ 1 10],2,4,16,2,4
1,<environment.Job instance at 0x151598f0bc30>,5,2,[2 7],7,16,18,9,7
1,<environment.Job instance at 0x151599ba6d70>,0,12,[2 5],1,1,13,0,1
1,<environment.Job instance at 0x1515e9a49e10>,3,1,[6 2],4,6,7,2,6
1,<environment.Job instance at 0x151599d072d0>,7,1,[2 6],8,13,14,5,8
1,<environment.Job instance at 0x1515eba56230>,2,3,[1 8],3,3,6,0,3
1,<environment.Job instance at 0x1515ea6150f0>,3,3,[1 8],4,6,9,2,4
1,<environment.Job instance at 0x1515a35603c0>,4,2,[8 1],7,7,9,0,7
1,<environment.Job instance at 0x1515a0623500>,5,2,[ 1 10],8,9,11,1,8
1,<environment.Job instance at 0x151598894820>,0,1,[2 5],1,2,3,1,2
1,<environment.Job instance at 0x1515988947d0>,2,2,[10  1],5,6,8,1,6
1,<environment.Job instance at 0x151598894910>,3,3,[6 2],6,9,12,3,9
1,<environment.Job instance at 0x1515988940a0>,5,3,[6 1],9,12,15,3,10
1,<environment.Job instance at 0x15159881c500>,0,2,[8 1],1,2,4,1,2
1,<environment.Job instance at 0x151598894230>,1,12,[ 1 10],2,4,16,2,2
1,<environment.Job instance at 0x15159881c690>,4,2,[2 7],6,16,18,10,6
1,<environment.Job instance at 0x1515a071a050>,5,2,[2 7],7,18,20,11,7
1,<environment.Job instance at 0x1515a32c62d0>,2,1,[2 7],3,10,11,7,10
1,<environment.Job instance at 0x15159b4f7730>,2,1,[2 5],3,3,4,0,3
1,<environment.Job instance at 0x1515a1ada2d0>,1,3,[1 9],2,6,9,4,6
1,<environment.Job instance at 0x15159a724dc0>,4,2,[7 2],5,9,11,4,7
1,<environment.Job instance at 0x15159a724370>,7,1,[2 6],8,9,10,1,9
1,<environment.Job instance at 0x15159756dc30>,5,3,[9 2],6,12,15,6,12
1,<environment.Job instance at 0x1515a2d09cd0>,0,2,[6 1],1,2,4,1,2
1,<environment.Job instance at 0x1515a2972fa0>,2,3,[1 8],3,3,6,0,3
1,<environment.Job instance at 0x1515a3931fa0>,4,2,[8 1],7,7,9,0,7
1,<environment.Job instance at 0x1515999749b0>,5,2,[ 1 10],8,9,11,1,8
1,<environment.Job instance at 0x15159a724a00>,1,13,[2 8],2,35,48,33,35
1,<environment.Job instance at 0x15159a724a00>,5,3,[6 1],9,12,15,3,12
1,<environment.Job instance at 0x151598ca8af0>,0,2,[8 1],1,2,4,1,2
1,<environment.Job instance at 0x1515ec473230>,2,2,[2 8],4,4,6,0,4
1,<environment.Job instance at 0x1515ec473cd0>,3,1,[2 7],5,6,7,1,5
1,<environment.Job instance at 0x1515a05b2500>,1,12,[ 1 10],2,7,19,5,5
1,<environment.Job instance at 0x15159a2d6730>,0,3,[9 2],1,1,4,0,1
1,<environment.Job instance at 0x151598b48be0>,1,3,[2 9],2,4,7,2,3
1,<environment.Job instance at 0x15159a2d6050>,2,1,[2 7],3,8,9,5,8
1,<environment.Job instance at 0x1515e94970f0>,1,3,[1 9],2,3,6,1,3
1,<environment.Job instance at 0x1515eb3b8460>,5,3,[9 2],6,6,9,0,6
1,<environment.Job instance at 0x15159a9e8190>,6,18,[8 1],7,9,27,2,7
1,<environment.Job instance at 0x1515ebbe95a0>,0,2,[6 1],1,2,4,1,2
1,<environment.Job instance at 0x1515a0e96c30>,2,3,[1 8],3,3,6,0,3
1,<environment.Job instance at 0x1515a0e96730>,1,13,[2 8],2,6,19,4,6
1,<environment.Job instance at 0x15159b70df00>,5,2,[ 1 10],8,19,21,11,16
1,<environment.Job instance at 0x1515ea5c24b0>,0,1,[2 5],1,3,4,2,3
1,<environment.Job instance at 0x1515989df280>,5,3,[6 1],9,14,17,5,14
1,<environment.Job instance at 0x15159b954780>,0,2,[8 1],1,2,4,1,2
1,<environment.Job instance at 0x1515a3657370>,1,12,[ 1 10],2,4,16,2,2
1,<environment.Job instance at 0x1515eaf77320>,4,2,[2 7],6,16,18,10,8
1,<environment.Job instance at 0x1515a2894b90>,0,3,[9 2],1,1,4,0,1
1,<environment.Job instance at 0x1515a12f0fa0>,1,3,[2 9],2,4,7,2,3
1,<environment.Job instance at 0x15159a60c960>,2,1,[2 7],3,8,9,5,8
1,<environment.Job instance at 0x1515e9a78d20>,1,3,[1 9],2,3,6,1,3
1,<environment.Job instance at 0x1515e9a78820>,5,3,[9 2],6,6,9,0,6
1,<environment.Job instance at 0x15159a339a00>,6,18,[8 1],7,9,27,2,7
1,<environment.Job instance at 0x15159a3397d0>,4,2,[7 2],5,27,29,22,9
1,<environment.Job instance at 0x15159a339a50>,8,13,[6 1],9,34,47,25,34
1,<environment.Job instance at 0x15159b5462d0>,0,2,[6 1],1,1,3,0,1
1,<environment.Job instance at 0x15159b546500>,2,3,[1 8],3,4,7,1,4
1,<environment.Job instance at 0x15159b5465a0>,4,2,[8 1],7,7,9,0,7
1,<environment.Job instance at 0x15159b428230>,5,2,[ 1 10],8,15,17,7,15
1,<environment.Job instance at 0x1515e9b54fa0>,0,1,[2 5],1,2,3,1,2
1,<environment.Job instance at 0x15159934a5f0>,5,2,[2 7],7,7,9,0,7
1,<environment.Job instance at 0x15159bbd1f50>,1,12,[ 1 10],2,15,27,13,15
1,<environment.Job instance at 0x1515a3b72870>,2,1,[2 7],3,10,11,7,10
1,<environment.Job instance at 0x1515a0598e60>,1,3,[1 9],2,3,6,1,3
1,<environment.Job instance at 0x1515ea115d70>,5,3,[9 2],6,6,9,0,6
1,<environment.Job instance at 0x1515a037cfa0>,6,18,[8 1],7,9,27,2,7
1,<environment.Job instance at 0x1515a037ce60>,7,1,[2 6],8,9,10,1,8
1,<environment.Job instance at 0x1515eb455c80>,4,2,[7 2],5,27,29,22,8
1,<environment.Job instance at 0x151599923320>,0,2,[6 1],1,2,4,1,2
1,<environment.Job instance at 0x151599923c30>,2,3,[1 8],3,3,6,0,3
1,<environment.Job instance at 0x151599923e60>,4,2,[8 1],7,7,9,0,7
1,<environment.Job instance at 0x151599923730>,5,2,[ 1 10],8,9,11,1,8
1,<environment.Job instance at 0x151599923f50>,1,13,[2 8],2,18,31,16,18
1,<environment.Job instance at 0x151599923f50>,2,2,[10  1],5,5,7,0,5
1,<environment.Job instance at 0x151598fb03c0>,2,2,[2 8],4,4,6,0,4
1,<environment.Job instance at 0x1515eb5bfa50>,3,1,[2 7],5,6,7,1,5
1,<environment.Job instance at 0x1515a390b870>,4,2,[2 7],6,7,9,1,6
1,<environment.Job instance at 0x151598fb0a00>,1,12,[ 1 10],2,18,30,16,18
1,<environment.Job instance at 0x1515ebb14c30>,5,3,[10  2],8,8,11,0,8
1,<environment.Job instance at 0x15159ad1dbe0>,2,1,[2 5],3,3,4,0,3
1,<environment.Job instance at 0x15159a1370f0>,1,3,[1 9],2,6,9,4,6
1,<environment.Job instance at 0x1515a3779410>,4,2,[7 2],5,9,11,4,7
1,<environment.Job instance at 0x1515a3779a50>,7,1,[2 6],8,9,10,1,9
1,<environment.Job instance at 0x1515ecbe30a0>,0,2,[6 1],1,2,4,1,2
1,<environment.Job instance at 0x1515ec6d0e10>,2,3,[1 8],3,3,6,0,3
1,<environment.Job instance at 0x1515ec133870>,4,2,[8 1],7,7,9,0,7
1,<environment.Job instance at 0x1515a3e63230>,5,2,[ 1 10],8,9,11,1,8
1,<environment.Job instance at 0x1515ec6d0640>,1,13,[2 8],2,11,24,9,8
1,<environment.Job instance at 0x15159ba80410>,1,17,[6 1],3,5,22,2,5
1,<environment.Job instance at 0x15159891d960>,3,3,[6 2],6,22,25,16,7
1,<environment.Job instance at 0x15159891d910>,2,2,[10  1],5,25,27,20,8
1,<environment.Job instance at 0x151598c8ec80>,3,1,[2 7],5,6,7,1,6
1,<environment.Job instance at 0x15159954d910>,4,2,[2 7],6,8,10,2,8
1,<environment.Job instance at 0x15159a41db90>,4,2,[1 8],5,19,21,14,19
1,<environment.Job instance at 0x151598859550>,2,1,[2 5],3,3,4,0,3
1,<environment.Job instance at 0x1515eb460140>,1,3,[1 9],2,6,9,4,6
1,<environment.Job instance at 0x1515a2b6b410>,4,2,[7 2],5,9,11,4,7
1,<environment.Job instance at 0x15159b2b0e60>,7,1,[2 6],8,9,10,1,9
1,<environment.Job instance at 0x1515993dfb40>,0,2,[6 1],1,2,4,1,2
1,<environment.Job instance at 0x1515e8230500>,2,3,[1 8],3,3,6,0,3
1,<environment.Job instance at 0x15159a81d8c0>,4,2,[8 1],7,7,9,0,7
1,<environment.Job instance at 0x151598a30a50>,5,2,[ 1 10],8,9,11,1,8
1,<environment.Job instance at 0x1515993df9b0>,1,13,[2 8],2,61,74,59,61
1,<environment.Job instance at 0x1515993df9b0>,3,3,[6 2],6,9,12,3,9
1,<environment.Job instance at 0x15159a8dfdc0>,2,2,[2 8],4,5,7,1,5
1,<environment.Job instance at 0x1515a31d6f00>,5,2,[2 7],7,7,9,0,7
1,<environment.Job instance at 0x151598fe7d20>,3,1,[2 7],5,9,10,4,7
1,<environment.Job instance at 0x15159a8df3c0>,0,3,[9 2],1,2,5,1,2
1,<environment.Job instance at 0x1515e80dec80>,1,3,[2 9],2,5,8,3,2
1,<environment.Job instance at 0x1515e93ec050>,5,3,[10  2],8,12,15,4,12
1,<environment.Job instance at 0x1515a26e8be0>,2,1,[2 5],3,3,4,0,3
1,<environment.Job instance at 0x1515a1b59690>,1,3,[1 9],2,6,9,4,6
1,<environment.Job instance at 0x151597988fa0>,8,13,[6 1],9,9,22,0,9
1,<environment.Job instance at 0x1515a0ed7b40>,5,3,[9 2],6,22,25,16,21
1,<environment.Job instance at 0x1515a27ee0f0>,3,3,[1 8],4,4,7,0,4
1,<environment.Job instance at 0x151597928140>,4,2,[8 1],7,7,9,0,7
1,<environment.Job instance at 0x151597947af0>,1,13,[2 8],2,26,39,24,26
1,<environment.Job instance at 0x1515a217e2d0>,3,3,[6 2],6,6,9,0,6
1,<environment.Job instance at 0x15159a107280>,3,1,[2 7],5,5,6,0,5
1,<environment.Job instance at 0x15159b283c30>,4,2,[2 7],6,8,10,2,8
1,<environment.Job instance at 0x15159b283690>,5,2,[2 7],7,10,12,3,8
1,<environment.Job instance at 0x151598badfa0>,2,1,[2 7],3,3,4,0,3
1,<environment.Job instance at 0x151598bad730>,4,2,[1 8],5,8,10,3,8
1,<environment.Job instance at 0x1515a35f43c0>,2,1,[2 5],3,3,4,0,3
1,<environment.Job instance at 0x1515a34fbc80>,1,3,[1 9],2,6,9,4,6
1,<environment.Job instance at 0x151598f83cd0>,4,2,[7 2],5,9,11,4,7
1,<environment.Job instance at 0x151598f83910>,7,1,[2 6],8,9,10,1,9
1,<environment.Job instance at 0x15159abde870>,0,2,[6 1],1,2,4,1,2
1,<environment.Job instance at 0x15159abde690>,2,3,[1 8],3,3,6,0,3
1,<environment.Job instance at 0x15159abde4b0>,1,13,[2 8],2,6,19,4,6
1,<environment.Job instance at 0x1515985eae10>,5,2,[ 1 10],8,19,21,11,16
1,<environment.Job instance at 0x1515e9823230>,1,17,[6 1],3,3,20,0,3
1,<environment.Job instance at 0x1515a14f4640>,2,2,[2 8],4,4,6,0,4
1,<environment.Job instance at 0x1515a14f40a0>,3,1,[2 7],5,6,7,1,5
1,<environment.Job instance at 0x15159908db40>,1,12,[ 1 10],2,7,19,5,6
1,<environment.Job instance at 0x1515ea7d23c0>,5,2,[2 7],7,19,21,12,8
1,<environment.Job instance at 0x1515ea7d2eb0>,6,16,[10  2],9,86,102,77,86
1,<environment.Job instance at 0x15159aea2780>,1,3,[2 9],2,2,5,0,2
1,<environment.Job instance at 0x15159b016500>,5,3,[10  2],8,9,12,1,9
1,<environment.Job instance at 0x15159a439eb0>,1,3,[1 9],2,3,6,1,3
1,<environment.Job instance at 0x151599127140>,2,1,[2 5],3,6,7,3,6
1,<environment.Job instance at 0x151598479410>,4,2,[7 2],5,7,9,2,7
1,<environment.Job instance at 0x1515a1cba820>,5,3,[9 2],6,9,12,3,8
1,<environment.Job instance at 0x1515984799b0>,7,1,[2 6],8,8,9,0,8
1,<environment.Job instance at 0x1515ebc12fa0>,2,3,[1 8],3,3,6,0,3
1,<environment.Job instance at 0x1515eb2929b0>,4,2,[8 1],7,8,10,1,8
1,<environment.Job instance at 0x1515e9e945f0>,5,2,[ 1 10],8,10,12,2,8
1,<environment.Job instance at 0x1515a1501960>,0,1,[2 5],1,1,2,0,1
1,<environment.Job instance at 0x1515a1501780>,2,2,[10  1],5,5,7,0,5
1,<environment.Job instance at 0x1515a3108320>,5,3,[6 1],9,9,12,0,9
1,<environment.Job instance at 0x15159a7d8b90>,1,12,[ 1 10],2,2,14,0,2
1,<environment.Job instance at 0x151599013dc0>,5,2,[2 7],7,14,16,7,7
1,<environment.Job instance at 0x151599013730>,4,2,[2 7],6,16,18,10,10
1,<environment.Job instance at 0x1515a35d1f50>,0,3,[9 2],1,2,5,1,2
1,<environment.Job instance at 0x1515e9e94500>,1,3,[2 9],2,5,8,3,3
1,<environment.Job instance at 0x1515eb89cc30>,1,3,[1 9],2,3,6,1,3
1,<environment.Job instance at 0x1515a2e44870>,2,1,[2 5],3,6,7,3,6
1,<environment.Job instance at 0x1515974f7af0>,4,2,[7 2],5,7,9,2,7
1,<environment.Job instance at 0x1515974f7730>,7,1,[2 6],8,9,10,1,9
1,<environment.Job instance at 0x151599941cd0>,0,2,[6 1],1,2,4,1,2
1,<environment.Job instance at 0x151599941a50>,2,3,[1 8],3,3,6,0,3
1,<environment.Job instance at 0x1515a2e447d0>,4,2,[8 1],7,7,9,0,7
1,<environment.Job instance at 0x151599941320>,5,2,[ 1 10],8,9,11,1,8
1,<environment.Job instance at 0x151599941050>,1,13,[2 8],2,18,31,16,18
1,<environment.Job instance at 0x1515ea5ce370>,2,2,[10  1],5,5,7,0,5
1,<environment.Job instance at 0x1515a14ff2d0>,3,3,[6 2],6,7,10,1,6
1,<environment.Job instance at 0x1515ea5ce230>,5,3,[6 1],9,13,16,4,13
1,<environment.Job instance at 0x15159adae2d0>,2,2,[2 8],4,4,6,0,4
1,<environment.Job instance at 0x15159b8d6e10>,3,1,[2 7],5,6,7,1,5
1,<environment.Job instance at 0x1515eb129aa0>,4,2,[2 7],6,7,9,1,6
1,<environment.Job instance at 0x1515a194d460>,1,12,[ 1 10],2,12,24,10,12
1,<environment.Job instance at 0x1515e0055fa0>,0,3,[9 2],1,1,4,0,1
1,<environment.Job instance at 0x1515984ed370>,4,2,[1 8],5,28,30,23,28
1,<environment.Job instance at 0x1515a15698c0>,2,1,[2 5],3,3,4,0,3
1,<environment.Job instance at 0x151598a5cf00>,1,3,[1 9],2,6,9,4,6
1,<environment.Job instance at 0x151598951dc0>,4,2,[7 2],5,9,11,4,7
1,<environment.Job instance at 0x151598951b90>,7,1,[2 6],8,9,10,1,9
1,<environment.Job instance at 0x15159bbe0230>,0,2,[6 1],1,2,4,1,2
1,<environment.Job instance at 0x151598951e10>,2,3,[1 8],3,3,6,0,3
1,<environment.Job instance at 0x1515a2f182d0>,4,2,[8 1],7,7,9,0,7
1,<environment.Job instance at 0x1515a3946a50>,5,2,[ 1 10],8,9,11,1,8
1,<environment.Job instance at 0x15159bbe0410>,1,13,[2 8],2,18,31,16,18
1,<environment.Job instance at 0x1515a06f1730>,2,2,[10  1],5,5,7,0,5
1,<environment.Job instance at 0x151598951c80>,3,3,[6 2],6,7,10,1,6
1,<environment.Job instance at 0x15159bbe0730>,5,3,[6 1],9,13,16,4,13
1,<environment.Job instance at 0x1515a25bf640>,2,2,[2 8],4,4,6,0,4
1,<environment.Job instance at 0x1515a25bfaf0>,3,1,[2 7],5,6,7,1,5
1,<environment.Job instance at 0x151597ab0a50>,4,2,[2 7],6,7,9,1,6
1,<environment.Job instance at 0x15159bbe0190>,1,12,[ 1 10],2,12,24,10,12
1,<environment.Job instance at 0x1515978eddc0>,0,3,[9 2],1,1,4,0,1
1,<environment.Job instance at 0x1515eca61e60>,4,2,[1 8],5,28,30,23,28
1,<environment.Job instance at 0x15159b619460>,2,1,[2 5],3,3,4,0,3
1,<environment.Job instance at 0x1515ebecec30>,1,3,[1 9],2,6,9,4,6
1,<environment.Job instance at 0x151597aff7d0>,4,2,[7 2],5,9,11,4,7
1,<environment.Job instance at 0x151597aff370>,7,1,[2 6],8,9,10,1,9
1,<environment.Job instance at 0x151597affe60>,8,13,[6 1],9,26,39,17,26
1,<environment.Job instance at 0x151599027af0>,2,3,[1 8],3,3,6,0,3
1,<environment.Job instance at 0x15159ab17eb0>,3,3,[1 8],4,6,9,2,4
1,<environment.Job instance at 0x151597aff640>,1,13,[2 8],2,9,22,7,4
1,<environment.Job instance at 0x15159852e5a0>,3,3,[6 2],6,6,9,0,6
1,<environment.Job instance at 0x1515a1929d70>,5,3,[6 1],9,11,14,2,11
1,<environment.Job instance at 0x151592acf320>,0,2,[8 1],1,2,4,1,2
1,<environment.Job instance at 0x1515979ec870>,2,2,[2 8],4,4,6,0,4
1,<environment.Job instance at 0x1515977fee60>,4,2,[2 7],6,6,8,0,6
1,<environment.Job instance at 0x1515a1929910>,1,12,[ 1 10],2,16,28,14,16
1,<environment.Job instance at 0x151597869320>,0,3,[9 2],1,2,5,1,2
1,<environment.Job instance at 0x151598709d20>,1,3,[2 9],2,5,8,3,2
1,<environment.Job instance at 0x1515ea79cfa0>,1,3,[1 9],2,3,6,1,3
1,<environment.Job instance at 0x15159a230d70>,5,3,[9 2],6,6,9,0,6
1,<environment.Job instance at 0x15159a1fabe0>,7,1,[2 6],8,9,10,1,8
1,<environment.Job instance at 0x15159850b730>,0,2,[6 1],1,2,4,1,2
1,<environment.Job instance at 0x15159850b0a0>,4,2,[8 1],7,7,9,0,7
1,<environment.Job instance at 0x151592b35280>,5,2,[ 1 10],8,9,11,1,8
1,<environment.Job instance at 0x15159a1faaa0>,1,13,[2 8],2,15,28,13,15
1,<environment.Job instance at 0x1515e9c7d3c0>,3,3,[6 2],6,7,10,1,7
1,<environment.Job instance at 0x151592b53370>,2,2,[10  1],5,10,12,5,7
1,<environment.Job instance at 0x1515e9c7dc80>,5,3,[6 1],9,12,15,3,10
1,<environment.Job instance at 0x15159850b690>,1,12,[ 1 10],2,13,25,11,13
1,<environment.Job instance at 0x15159944d960>,2,1,[2 5],3,3,4,0,3
1,<environment.Job instance at 0x15159944da50>,1,3,[1 9],2,6,9,4,6
1,<environment.Job instance at 0x151599e63f50>,4,2,[7 2],5,9,11,4,7
1,<environment.Job instance at 0x15159a2f37d0>,7,1,[2 6],8,9,10,1,9
1,<environment.Job instance at 0x1515a38ec960>,0,2,[6 1],1,2,4,1,2
1,<environment.Job instance at 0x1515a18a1e60>,2,3,[1 8],3,3,6,0,3
1,<environment.Job instance at 0x1515a021cb90>,4,2,[8 1],7,7,9,0,7
1,<environment.Job instance at 0x151592adec30>,5,2,[ 1 10],8,9,11,1,8
1,<environment.Job instance at 0x1515977ee870>,1,13,[2 8],2,11,24,9,8
1,<environment.Job instance at 0x1515eb891370>,3,3,[6 2],6,6,9,0,6
1,<environment.Job instance at 0x151597cf7230>,5,3,[6 1],9,9,12,0,9
1,<environment.Job instance at 0x1515ea35dd20>,1,12,[ 1 10],2,2,14,0,2
1,<environment.Job instance at 0x1515a1c33eb0>,4,2,[2 7],6,14,16,8,7
1,<environment.Job instance at 0x151599355690>,0,3,[9 2],1,1,4,0,1
1,<environment.Job instance at 0x1515a3aa70a0>,1,3,[2 9],2,4,7,2,2
1,<environment.Job instance at 0x1515a2799f00>,2,1,[2 5],3,3,4,0,3
1,<environment.Job instance at 0x1515a27992d0>,1,3,[1 9],2,6,9,4,6
1,<environment.Job instance at 0x151597132870>,4,2,[7 2],5,9,11,4,7
1,<environment.Job instance at 0x1515971321e0>,7,1,[2 6],8,9,10,1,9
1,<environment.Job instance at 0x1515ea7a0f00>,0,2,[6 1],1,2,4,1,2
1,<environment.Job instance at 0x1515ea7a0aa0>,2,3,[1 8],3,3,6,0,3
1,<environment.Job instance at 0x1515ea7a00a0>,4,2,[8 1],7,7,9,0,7
1,<environment.Job instance at 0x151598222910>,5,2,[ 1 10],8,9,11,1,8
1,<environment.Job instance at 0x151597132f50>,1,13,[2 8],2,18,31,16,18
1,<environment.Job instance at 0x151593205f00>,5,3,[6 1],9,10,13,1,10
1,<environment.Job instance at 0x15159bbfd690>,0,2,[8 1],1,1,3,0,1
1,<environment.Job instance at 0x15159bbfd5a0>,2,2,[2 8],4,5,7,1,5
1,<environment.Job instance at 0x151598980050>,5,2,[2 7],7,7,9,0,7
1,<environment.Job instance at 0x15159bee2780>,3,1,[2 7],5,9,10,4,7
1,<environment.Job instance at 0x1515986695f0>,2,1,[2 7],3,20,21,17,20
1,<environment.Job instance at 0x15159a9ad550>,5,3,[10  2],8,306,309,298,306
1,<environment.Job instance at 0x15159b2f0640>,0,12,[2 5],1,1,13,0,1
1,<environment.Job instance at 0x15159799e460>,5,3,[9 2],6,13,16,7,7
1,<environment.Job instance at 0x151597aff370>,0,2,[6 1],1,2,4,1,2
1,<environment.Job instance at 0x1515a2a68230>,2,3,[1 8],3,3,6,0,3
1,<environment.Job instance at 0x15159bb61f50>,4,2,[8 1],7,7,9,0,7
1,<environment.Job instance at 0x1515995bbd20>,1,13,[2 8],2,7,20,5,7
1,<environment.Job instance at 0x1515987b2870>,5,2,[ 1 10],8,20,22,12,16
1,<environment.Job instance at 0x15159ac36820>,0,1,[2 5],1,1,2,0,1
1,<environment.Job instance at 0x15159ac36460>,2,2,[10  1],5,5,7,0,5
1,<environment.Job instance at 0x15159ac36280>,3,3,[6 2],6,7,10,1,6
1,<environment.Job instance at 0x1515e83334b0>,5,3,[6 1],9,10,13,1,9
1,<environment.Job instance at 0x1515932fe230>,0,2,[8 1],1,2,4,1,2
1,<environment.Job instance at 0x1515eb3b6dc0>,2,2,[2 8],4,4,6,0,4
1,<environment.Job instance at 0x1515eb3b6280>,3,1,[2 7],5,6,7,1,5
1,<environment.Job instance at 0x151598bada50>,4,2,[2 7],6,7,9,1,6
1,<environment.Job instance at 0x15159bbebb90>,1,12,[ 1 10],2,45,57,43,45
1,<environment.Job instance at 0x1515933bb5a0>,1,3,[2 9],2,2,5,0,2
1,<environment.Job instance at 0x1515a02365f0>,2,1,[2 7],3,5,6,2,3
1,<environment.Job instance at 0x1515a27e6820>,4,2,[1 8],5,6,8,1,5
1,<environment.Job instance at 0x1515a27e6960>,5,3,[10  2],8,18,21,10,18
1,<environment.Job instance at 0x151597052820>,2,1,[2 5],3,3,4,0,3
1,<environment.Job instance at 0x151597052410>,1,3,[1 9],2,5,8,3,5
1,<environment.Job instance at 0x151597736dc0>,5,3,[9 2],6,8,11,2,7
1,<environment.Job instance at 0x1515a36bd5a0>,0,2,[6 1],1,2,4,1,2
1,<environment.Job instance at 0x15159b703550>,2,3,[1 8],3,3,6,0,3
1,<environment.Job instance at 0x1515a1b12be0>,4,2,[8 1],7,7,9,0,7
1,<environment.Job instance at 0x1515e9879550>,5,2,[ 1 10],8,9,11,1,8
1,<environment.Job instance at 0x15159b703820>,1,13,[2 8],2,34,47,32,34
1,<environment.Job instance at 0x1515974c1b90>,3,3,[6 2],6,7,10,1,7
1,<environment.Job instance at 0x1515974c15a0>,5,3,[6 1],9,10,13,1,10
1,<environment.Job instance at 0x1515eac521e0>,1,12,[ 1 10],2,2,14,0,2
1,<environment.Job instance at 0x15159885a820>,2,2,[2 8],4,14,16,10,4
1,<environment.Job instance at 0x15159bbbab40>,4,2,[2 7],6,16,18,10,7
1,<environment.Job instance at 0x1515974c1690>,5,2,[2 7],7,18,20,11,8
1,<environment.Job instance at 0x1515e9cf4d20>,0,3,[9 2],1,1,4,0,1
1,<environment.Job instance at 0x1515ea545c80>,2,1,[2 5],3,3,4,0,3
1,<environment.Job instance at 0x15159a1b3a00>,5,3,[9 2],6,6,9,0,6
1,<environment.Job instance at 0x1515a1877050>,1,3,[1 9],2,9,12,7,7
1,<environment.Job instance at 0x1515a205f370>,7,1,[2 6],8,12,13,4,8
1,<environment.Job instance at 0x1515a205fb40>,8,13,[6 1],9,9,22,0,9
1,<environment.Job instance at 0x151599b7fd70>,0,2,[6 1],1,2,4,1,2
1,<environment.Job instance at 0x151599b7fe10>,4,2,[8 1],7,7,9,0,7
1,<environment.Job instance at 0x151598e2ae10>,5,2,[ 1 10],8,9,11,1,8
1,<environment.Job instance at 0x1515a205f4b0>,1,13,[2 8],2,12,25,10,12
1,<environment.Job instance at 0x1515962a08c0>,3,3,[6 2],6,6,9,0,6
1,<environment.Job instance at 0x1515962a0910>,5,3,[6 1],9,9,12,0,9
1,<environment.Job instance at 0x15159afedaa0>,3,1,[2 7],5,7,8,2,7
1,<environment.Job instance at 0x1515eaf43dc0>,6,16,[10  2],9,212,228,203,212
1,<environment.Job instance at 0x1515981b2af0>,1,3,[2 9],2,2,5,0,2
1,<environment.Job instance at 0x1515eac744b0>,4,2,[1 8],5,24,26,19,24
1,<environment.Job instance at 0x1515a0d87aa0>,1,3,[1 9],2,2,5,0,2
1,<environment.Job instance at 0x1515a0d87cd0>,4,2,[7 2],5,6,8,1,6
1,<environment.Job instance at 0x1515a2a66050>,3,1,[6 2],4,8,9,4,7
1,<environment.Job instance at 0x151598d99b90>,7,1,[2 6],8,9,10,1,9
1,<environment.Job instance at 0x151598212e60>,0,2,[6 1],1,2,4,1,2
1,<environment.Job instance at 0x1515eb067460>,4,2,[8 1],7,7,9,0,7
1,<environment.Job instance at 0x151598ac3140>,5,2,[ 1 10],8,9,11,1,8
1,<environment.Job instance at 0x151598212a50>,1,13,[2 8],2,17,30,15,17
1,<environment.Job instance at 0x1515ea230820>,3,3,[6 2],6,6,9,0,6
1,<environment.Job instance at 0x1515ea230a00>,5,3,[6 1],9,9,12,0,9
1,<environment.Job instance at 0x1515a2c64780>,3,1,[2 7],5,7,8,2,7
1,<environment.Job instance at 0x1515ec9d19b0>,6,16,[10  2],9,212,228,203,212
1,<environment.Job instance at 0x1515a18ce190>,1,3,[2 9],2,2,5,0,2
1,<environment.Job instance at 0x151598aa7d20>,4,2,[1 8],5,34,36,29,34
1,<environment.Job instance at 0x1515982a9d70>,1,3,[1 9],2,2,5,0,2
1,<environment.Job instance at 0x151599375e10>,3,1,[6 2],4,6,7,2,6
1,<environment.Job instance at 0x1515993759b0>,4,2,[7 2],5,7,9,2,7
1,<environment.Job instance at 0x1515988aee10>,7,1,[2 6],8,9,10,1,9
1,<environment.Job instance at 0x151597722be0>,4,2,[8 1],7,7,9,0,7
1,<environment.Job instance at 0x1515eb8875f0>,1,13,[2 8],2,20,33,18,20
1,<environment.Job instance at 0x15159a84a050>,5,3,[6 1],9,11,14,2,11
1,<environment.Job instance at 0x1515ebf1c410>,0,2,[8 1],1,1,3,0,1
1,<environment.Job instance at 0x1515ebf1c910>,2,2,[2 8],4,4,6,0,4
1,<environment.Job instance at 0x1515eb0bf2d0>,3,1,[2 7],5,6,7,1,5
1,<environment.Job instance at 0x1515eb0bfa50>,4,2,[2 7],6,7,9,1,6
1,<environment.Job instance at 0x1515eb0bf5a0>,5,2,[2 7],7,9,11,2,7
1,<environment.Job instance at 0x151599831960>,1,3,[1 9],2,2,5,0,2
1,<environment.Job instance at 0x1515a342d5f0>,3,1,[6 2],4,5,6,1,5
1,<environment.Job instance at 0x1515998315f0>,5,3,[9 2],6,6,9,0,6
1,<environment.Job instance at 0x151599831780>,2,1,[2 5],3,9,10,6,7
1,<environment.Job instance at 0x1515975c1910>,7,1,[2 6],8,10,11,2,9
1,<environment.Job instance at 0x151597f2dbe0>,0,2,[6 1],1,2,4,1,2
1,<environment.Job instance at 0x151597d80410>,4,2,[8 1],7,7,9,0,7
1,<environment.Job instance at 0x1515930711e0>,5,2,[ 1 10],8,9,11,1,8
1,<environment.Job instance at 0x151599831e60>,1,13,[2 8],2,17,30,15,17
1,<environment.Job instance at 0x15159808abe0>,3,3,[6 2],6,6,9,0,6
1,<environment.Job instance at 0x1515930713c0>,5,3,[6 1],9,9,12,0,9
1,<environment.Job instance at 0x1515961ecf00>,0,2,[8 1],1,1,3,0,1
1,<environment.Job instance at 0x151596037370>,3,1,[2 7],5,6,7,1,6
1,<environment.Job instance at 0x15159673a320>,5,2,[2 7],7,23,25,16,23
1,<environment.Job instance at 0x151596037c30>,4,2,[2 7],6,34,36,28,34
1,<environment.Job instance at 0x151596065be0>,0,3,[9 2],1,1,4,0,1
1,<environment.Job instance at 0x151596037190>,2,1,[2 7],3,4,5,1,3
1,<environment.Job instance at 0x151596037c30>,4,2,[1 8],5,12,14,7,12
1,<environment.Job instance at 0x1515ebe53690>,1,3,[1 9],2,2,5,0,2
1,<environment.Job instance at 0x1515ebe53eb0>,3,1,[6 2],4,5,6,1,4
1,<environment.Job instance at 0x151592cea280>,4,2,[7 2],5,6,8,1,6
1,<environment.Job instance at 0x1515ebe531e0>,2,1,[2 5],3,7,8,4,7
1,<environment.Job instance at 0x151592cea2d0>,7,1,[2 6],8,9,10,1,9
1,<environment.Job instance at 0x1515ea0a9b90>,8,13,[6 1],9,10,23,1,10
1,<environment.Job instance at 0x151592cea960>,5,3,[9 2],6,23,26,17,13
1,<environment.Job instance at 0x1515e9a1c5a0>,2,3,[1 8],3,3,6,0,3
1,<environment.Job instance at 0x1515a10f4730>,3,3,[1 8],4,6,9,2,4
1,<environment.Job instance at 0x151597072190>,4,2,[8 1],7,8,10,1,8
1,<environment.Job instance at 0x151593227a50>,5,2,[ 1 10],8,12,14,4,12
1,<environment.Job instance at 0x151593227e10>,0,1,[2 5],1,1,2,0,1
1,<environment.Job instance at 0x15159931bd20>,2,2,[10  1],5,5,7,0,5
1,<environment.Job instance at 0x1515eafb93c0>,3,3,[6 2],6,7,10,1,6
1,<environment.Job instance at 0x1515a29f3af0>,5,3,[6 1],9,10,13,1,10
1,<environment.Job instance at 0x1515981ddb40>,0,2,[8 1],1,2,4,1,2
1,<environment.Job instance at 0x151598b68d20>,1,12,[ 1 10],2,4,16,2,4
1,<environment.Job instance at 0x1515a15ef500>,3,1,[2 7],5,16,17,11,6
1,<environment.Job instance at 0x1515981ddcd0>,5,2,[2 7],7,17,19,10,10
1,<environment.Job instance at 0x151597ed72d0>,0,3,[9 2],1,1,4,0,1
1,<environment.Job instance at 0x1515e94f2d20>,4,2,[1 8],5,14,16,9,14
1,<environment.Job instance at 0x15159b1b2140>,1,3,[1 9],2,2,5,0,2
1,<environment.Job instance at 0x1515970f8410>,3,1,[6 2],4,6,7,2,6
1,<environment.Job instance at 0x1515a17402d0>,4,2,[7 2],5,7,9,2,7
1,<environment.Job instance at 0x1515ea506460>,7,1,[2 6],8,9,10,1,9
1,<environment.Job instance at 0x1515987c28c0>,0,2,[6 1],1,2,4,1,2
1,<environment.Job instance at 0x151598ba65f0>,4,2,[8 1],7,7,9,0,7
1,<environment.Job instance at 0x15159ad45dc0>,5,2,[ 1 10],8,9,11,1,8
1,<environment.Job instance at 0x1515968757d0>,1,13,[2 8],2,17,30,15,17
1,<environment.Job instance at 0x15159731c190>,3,3,[6 2],6,6,9,0,6
1,<environment.Job instance at 0x15159731c3c0>,5,3,[6 1],9,9,12,0,9
1,<environment.Job instance at 0x1515a36a0be0>,1,12,[ 1 10],2,13,25,11,13
1,<environment.Job instance at 0x1515972c9a00>,5,3,[10  2],8,9,12,1,9
1,<environment.Job instance at 0x151592aab910>,1,3,[1 9],2,2,5,0,2
1,<environment.Job instance at 0x151592aab140>,3,1,[6 2],4,5,6,1,4
1,<environment.Job instance at 0x151592aabc30>,4,2,[7 2],5,6,8,1,6
1,<environment.Job instance at 0x151592aab640>,2,1,[2 5],3,7,8,4,7
1,<environment.Job instance at 0x151592aab870>,7,1,[2 6],8,9,10,1,9
1,<environment.Job instance at 0x1515a3bd6aa0>,0,2,[6 1],1,2,4,1,2
1,<environment.Job instance at 0x151592b4a1e0>,2,3,[1 8],3,3,6,0,3
1,<environment.Job instance at 0x151592b4a550>,4,2,[8 1],7,7,9,0,7
1,<environment.Job instance at 0x1515eadf4cd0>,5,2,[ 1 10],8,9,11,1,8
1,<environment.Job instance at 0x151592aabb40>,1,13,[2 8],2,18,31,16,18
1,<environment.Job instance at 0x1515eadf4690>,5,3,[6 1],9,10,13,1,10
1,<environment.Job instance at 0x1515a10c8140>,2,2,[2 8],4,4,6,0,4
1,<environment.Job instance at 0x1515a10c8e10>,3,1,[2 7],5,6,7,1,5
1,<environment.Job instance at 0x151598c9f3c0>,4,2,[2 7],6,7,9,1,6
1,<environment.Job instance at 0x1515a07a0280>,1,12,[ 1 10],2,12,24,10,12
1,<environment.Job instance at 0x151599cb19b0>,0,3,[9 2],1,1,4,0,1
1,<environment.Job instance at 0x151599fd7230>,2,1,[2 7],3,19,20,16,19
1,<environment.Job instance at 0x151598218370>,1,3,[1 9],2,2,5,0,2
1,<environment.Job instance at 0x1515a30d97d0>,4,2,[7 2],5,5,7,0,5
1,<environment.Job instance at 0x1515a275b550>,5,3,[9 2],6,7,10,1,7
1,<environment.Job instance at 0x1515a2e10190>,0,2,[6 1],1,2,4,1,2
1,<environment.Job instance at 0x1515eb50c140>,4,2,[8 1],7,7,9,0,7
1,<environment.Job instance at 0x1515982f97d0>,5,2,[ 1 10],8,9,11,1,8
1,<environment.Job instance at 0x1515a34f8780>,1,13,[2 8],2,19,32,17,19
1,<environment.Job instance at 0x151597054320>,2,2,[10  1],5,5,7,0,5
1,<environment.Job instance at 0x1515982f9a00>,3,3,[6 2],6,7,10,1,6
1,<environment.Job instance at 0x1515982f9690>,5,3,[6 1],9,10,13,1,9
1,<environment.Job instance at 0x15159661a640>,2,2,[2 8],4,4,6,0,4
1,<environment.Job instance at 0x1515981a7f50>,3,1,[2 7],5,6,7,1,5
1,<environment.Job instance at 0x1515ead89af0>,4,2,[2 7],6,7,9,1,6
1,<environment.Job instance at 0x15159661a5a0>,1,12,[ 1 10],2,12,24,10,12
1,<environment.Job instance at 0x1515e98ff370>,0,3,[9 2],1,1,4,0,1
1,<environment.Job instance at 0x1515e98ff7d0>,2,1,[2 7],3,28,29,25,28
1,<environment.Job instance at 0x1515a0482820>,1,3,[1 9],2,2,5,0,2
1,<environment.Job instance at 0x151598a21550>,4,2,[7 2],5,6,8,1,6
1,<environment.Job instance at 0x151595529780>,3,1,[6 2],4,8,9,4,7
1,<environment.Job instance at 0x151595529910>,7,1,[2 6],8,9,10,1,9
1,<environment.Job instance at 0x15159552ad70>,3,3,[1 8],4,4,7,0,4
1,<environment.Job instance at 0x151595529820>,4,2,[8 1],7,7,9,0,7
1,<environment.Job instance at 0x1515a3c54460>,5,2,[ 1 10],8,9,11,1,8
1,<environment.Job instance at 0x15159552ae10>,1,13,[2 8],2,11,24,9,11
1,<environment.Job instance at 0x151593030320>,5,3,[6 1],9,10,13,1,10
1,<environment.Job instance at 0x151597b42d20>,2,2,[2 8],4,4,6,0,4
1,<environment.Job instance at 0x1515991381e0>,3,1,[2 7],5,6,7,1,5
1,<environment.Job instance at 0x1515a1cebeb0>,4,2,[2 7],6,7,9,1,6
1,<environment.Job instance at 0x1515a3c54370>,1,12,[ 1 10],2,14,26,12,14
1,<environment.Job instance at 0x151598ca9500>,0,3,[9 2],1,2,5,1,2
1,<environment.Job instance at 0x151593030820>,1,3,[2 9],2,11,14,9,11
1,<environment.Job instance at 0x1515ea35a690>,2,1,[2 5],3,3,4,0,3
1,<environment.Job instance at 0x1515ea492780>,5,3,[9 2],6,6,9,0,6
1,<environment.Job instance at 0x151592ac2e60>,1,3,[1 9],2,9,12,7,7
1,<environment.Job instance at 0x1515a1b8b140>,7,1,[2 6],8,12,13,4,8
1,<environment.Job instance at 0x1515a0ca9280>,0,2,[6 1],1,2,4,1,2
1,<environment.Job instance at 0x1515a0ca9190>,2,3,[1 8],3,3,6,0,3
1,<environment.Job instance at 0x1515a0ca9730>,3,3,[1 8],4,6,9,2,4
1,<environment.Job instance at 0x1515a0ca9dc0>,4,2,[8 1],7,7,9,0,7
1,<environment.Job instance at 0x1515a0ca9e10>,1,13,[2 8],2,22,35,20,22
1,<environment.Job instance at 0x151596aa52d0>,3,3,[6 2],6,6,9,0,6
1,<environment.Job instance at 0x151596aa5d70>,5,3,[6 1],9,9,12,0,9
1,<environment.Job instance at 0x1515eafa9050>,0,2,[8 1],1,2,4,1,2
1,<environment.Job instance at 0x1515eaa144b0>,2,2,[2 8],4,4,6,0,4
1,<environment.Job instance at 0x15159a3e2690>,3,1,[2 7],5,6,7,1,5
1,<environment.Job instance at 0x1515a2576d20>,4,2,[2 7],6,7,9,1,6
1,<environment.Job instance at 0x1515eaa14c80>,1,12,[ 1 10],2,9,21,7,7
1,<environment.Job instance at 0x1515a25765f0>,5,2,[2 7],7,21,23,14,7
1,<environment.Job instance at 0x15159773a1e0>,0,3,[9 2],1,1,4,0,1
1,<environment.Job instance at 0x15159773a9b0>,4,2,[1 8],5,56,58,51,56
1,<environment.Job instance at 0x15159799e050>,1,3,[1 9],2,2,5,0,2
1,<environment.Job instance at 0x151597094780>,4,2,[7 2],5,5,7,0,5
1,<environment.Job instance at 0x1515970940f0>,5,3,[9 2],6,7,10,1,7
1,<environment.Job instance at 0x1515a3114b90>,0,2,[6 1],1,2,4,1,2
1,<environment.Job instance at 0x1515a31148c0>,2,3,[1 8],3,3,6,0,3
1,<environment.Job instance at 0x1515a3114370>,4,2,[8 1],7,7,9,0,7
1,<environment.Job instance at 0x1515a2755460>,5,2,[ 1 10],8,9,11,1,8
1,<environment.Job instance at 0x151597094140>,1,13,[2 8],2,18,31,16,18
1,<environment.Job instance at 0x151598adbdc0>,2,2,[10  1],5,5,7,0,5
1,<environment.Job instance at 0x151598adbd20>,3,3,[6 2],6,7,10,1,6
1,<environment.Job instance at 0x151598adb410>,5,3,[6 1],9,10,13,1,9
1,<environment.Job instance at 0x151595f34c30>,2,2,[2 8],4,4,6,0,4
1,<environment.Job instance at 0x151596d851e0>,3,1,[2 7],5,6,7,1,5
1,<environment.Job instance at 0x15159a7cbb40>,4,2,[2 7],6,7,9,1,6
1,<environment.Job instance at 0x1515a2755fa0>,1,12,[ 1 10],2,12,24,10,12
1,<environment.Job instance at 0x151593393640>,0,3,[9 2],1,1,4,0,1
1,<environment.Job instance at 0x151596456c30>,4,2,[1 8],5,28,30,23,28
1,<environment.Job instance at 0x15159ae7f280>,1,3,[1 9],2,2,5,0,2
1,<environment.Job instance at 0x1515eb37c4b0>,4,2,[7 2],5,5,7,0,5
1,<environment.Job instance at 0x1515e93f6b40>,5,3,[9 2],6,7,10,1,7
1,<environment.Job instance at 0x15159931a8c0>,0,2,[6 1],1,2,4,1,2
1,<environment.Job instance at 0x1515a314b7d0>,2,3,[1 8],3,3,6,0,3
1,<environment.Job instance at 0x1515a064ecd0>,4,2,[8 1],7,7,9,0,7
1,<environment.Job instance at 0x15159a7d08c0>,5,2,[ 1 10],8,9,11,1,8
1,<environment.Job instance at 0x1515a29dafa0>,1,13,[2 8],2,11,24,9,8
1,<environment.Job instance at 0x1515944bd5a0>,3,3,[6 2],6,6,9,0,6
1,<environment.Job instance at 0x1515975f4d20>,2,2,[10  1],5,9,11,4,6
1,<environment.Job instance at 0x1515944bd410>,5,3,[6 1],9,11,14,2,9
1,<environment.Job instance at 0x1515944bddc0>,1,12,[ 1 10],2,27,39,25,27
1,<environment.Job instance at 0x15159329c8c0>,0,3,[9 2],1,1,4,0,1
1,<environment.Job instance at 0x15159329c820>,1,3,[2 9],2,4,7,2,2
1,<environment.Job instance at 0x15159704bb40>,2,1,[2 7],3,7,8,4,3
1,<environment.Job instance at 0x15159704b640>,4,2,[1 8],5,204,206,199,204
1,<environment.Job instance at 0x151594bbfaf0>,2,1,[2 5],3,3,4,0,3
1,<environment.Job instance at 0x15159a0989b0>,5,3,[9 2],6,6,9,0,6
1,<environment.Job instance at 0x151594bbfb90>,1,3,[1 9],2,9,12,7,7
1,<environment.Job instance at 0x15159a098aa0>,7,1,[2 6],8,12,13,4,8
1,<environment.Job instance at 0x151597a8ab90>,3,3,[1 8],4,4,7,0,4
1,<environment.Job instance at 0x1515a2972fa0>,4,2,[8 1],7,7,9,0,7
1,<environment.Job instance at 0x151596b8ff00>,5,2,[ 1 10],8,9,11,1,8
1,<environment.Job instance at 0x15159b7b1230>,1,13,[2 8],2,14,27,12,14
1,<environment.Job instance at 0x1515959188c0>,2,2,[10  1],5,5,7,0,5
1,<environment.Job instance at 0x15159aa5a050>,3,3,[6 2],6,7,10,1,6
1,<environment.Job instance at 0x1515ea408320>,5,3,[6 1],9,10,13,1,9
1,<environment.Job instance at 0x1515981d2dc0>,0,2,[8 1],1,1,3,0,1
1,<environment.Job instance at 0x1515a02f1a50>,2,2,[2 8],4,4,6,0,4
1,<environment.Job instance at 0x1515981d28c0>,3,1,[2 7],5,6,7,1,5
1,<environment.Job instance at 0x1515eadcf280>,4,2,[2 7],6,7,9,1,6
1,<environment.Job instance at 0x1515981d2870>,5,2,[2 7],7,9,11,2,7
1,<environment.Job instance at 0x1515a0bd4550>,0,3,[9 2],1,1,4,0,1
1,<environment.Job instance at 0x1515947f5fa0>,4,2,[1 8],5,10,12,5,10
1,<environment.Job instance at 0x1515ea579e60>,1,3,[1 9],2,2,5,0,2
1,<environment.Job instance at 0x151594882e60>,4,2,[7 2],5,5,7,0,5
1,<environment.Job instance at 0x151594882f50>,5,3,[9 2],6,7,10,1,7
1,<environment.Job instance at 0x151594884960>,0,2,[6 1],1,2,4,1,2
1,<environment.Job instance at 0x151594884fa0>,2,3,[1 8],3,3,6,0,3
1,<environment.Job instance at 0x151594884a50>,4,2,[8 1],7,7,9,0,7
1,<environment.Job instance at 0x15159b76a190>,5,2,[ 1 10],8,9,11,1,8
1,<environment.Job instance at 0x1515948826e0>,1,13,[2 8],2,18,31,16,18
1,<environment.Job instance at 0x1515a1ba1190>,2,2,[10  1],5,5,7,0,5
1,<environment.Job instance at 0x151597906730>,3,3,[6 2],6,7,10,1,6
1,<environment.Job instance at 0x1515979060f0>,5,3,[6 1],9,10,13,1,9
1,<environment.Job instance at 0x15159b253b40>,0,2,[8 1],1,1,3,0,1
1,<environment.Job instance at 0x151595fb8d20>,2,2,[2 8],4,4,6,0,4
1,<environment.Job instance at 0x1515952a7910>,3,1,[2 7],5,6,7,1,5
1,<environment.Job instance at 0x1515952a7d70>,4,2,[2 7],6,7,9,1,6
1,<environment.Job instance at 0x1515952a7140>,5,2,[2 7],7,9,11,2,7
1,<environment.Job instance at 0x1515a35d95a0>,0,3,[9 2],1,1,4,0,1
1,<environment.Job instance at 0x1515a33d7500>,2,1,[2 7],3,11,12,8,11
1,<environment.Job instance at 0x1515a1aa70f0>,1,3,[1 9],2,2,5,0,2
1,<environment.Job instance at 0x1515934764b0>,4,2,[7 2],5,5,7,0,5
1,<environment.Job instance at 0x151593476280>,5,3,[9 2],6,7,10,1,7
1,<environment.Job instance at 0x1515a19f7be0>,0,2,[6 1],1,2,4,1,2
1,<environment.Job instance at 0x15159b38d5f0>,2,3,[1 8],3,3,6,0,3
1,<environment.Job instance at 0x151596cdfcd0>,4,2,[8 1],7,7,9,0,7
1,<environment.Job instance at 0x1515932a6af0>,5,2,[ 1 10],8,9,11,1,8
1,<environment.Job instance at 0x1515eac77410>,1,13,[2 8],2,18,31,16,18
1,<environment.Job instance at 0x1515a0b543c0>,2,2,[10  1],5,5,7,0,5
1,<environment.Job instance at 0x151592bb20f0>,3,3,[6 2],6,7,10,1,6
1,<environment.Job instance at 0x1515986c3e10>,5,3,[6 1],9,10,13,1,9
1,<environment.Job instance at 0x151596478cd0>,0,2,[8 1],1,1,3,0,1
1,<environment.Job instance at 0x151596478190>,2,2,[2 8],4,4,6,0,4
1,<environment.Job instance at 0x1515973772d0>,3,1,[2 7],5,6,7,1,5
1,<environment.Job instance at 0x1515973acdc0>,4,2,[2 7],6,7,9,1,6
1,<environment.Job instance at 0x151598980e10>,5,2,[2 7],7,9,11,2,7
1,<environment.Job instance at 0x1515e9cf40a0>,0,3,[9 2],1,1,4,0,1
1,<environment.Job instance at 0x151594457b90>,4,2,[1 8],5,10,12,5,10
1,<environment.Job instance at 0x1515ea523b40>,2,1,[2 5],3,3,4,0,3
1,<environment.Job instance at 0x1515a07e56e0>,5,3,[9 2],6,6,9,0,6
1,<environment.Job instance at 0x1515a1e60eb0>,1,3,[1 9],2,9,12,7,7
1,<environment.Job instance at 0x1515a07e5c30>,7,1,[2 6],8,12,13,4,9
1,<environment.Job instance at 0x15159a2c7f00>,2,3,[1 8],3,3,6,0,3
1,<environment.Job instance at 0x151599aeae60>,1,13,[2 8],2,7,20,5,7
1,<environment.Job instance at 0x1515a268f7d0>,5,2,[ 1 10],8,20,22,12,8
1,<environment.Job instance at 0x1515987ead70>,2,2,[10  1],5,5,7,0,5
1,<environment.Job instance at 0x1515a3eedc80>,3,3,[6 2],6,7,10,1,6
1,<environment.Job instance at 0x15159724b820>,5,3,[6 1],9,10,13,1,10
1,<environment.Job instance at 0x1515a3f15960>,0,2,[8 1],1,1,3,0,1
1,<environment.Job instance at 0x151599072f50>,2,2,[2 8],4,4,6,0,4
1,<environment.Job instance at 0x1515945cf5f0>,4,2,[2 7],6,6,8,0,6
1,<environment.Job instance at 0x1515945cf1e0>,5,2,[2 7],7,8,10,1,7
1,<environment.Job instance at 0x1515a31c15f0>,1,3,[2 9],2,2,5,0,2
1,<environment.Job instance at 0x1515944b7e10>,0,3,[9 2],1,5,8,4,2
1,<environment.Job instance at 0x1515a211a230>,2,1,[2 5],3,3,4,0,3
1,<environment.Job instance at 0x151592bd0eb0>,5,3,[9 2],6,6,9,0,6
1,<environment.Job instance at 0x1515a211aa50>,1,3,[1 9],2,9,12,7,7
1,<environment.Job instance at 0x15159a9d8140>,7,1,[2 6],8,12,13,4,8
1,<environment.Job instance at 0x1515ebe71780>,8,13,[6 1],9,25,38,16,25
1,<environment.Job instance at 0x1515a3e250a0>,1,13,[2 8],2,5,18,3,5
1,<environment.Job instance at 0x15159b54b730>,4,2,[8 1],7,8,10,1,8
1,<environment.Job instance at 0x1515e9f953c0>,3,3,[6 2],6,6,9,0,6
1,<environment.Job instance at 0x151592b36fa0>,2,2,[10  1],5,9,11,4,6
1,<environment.Job instance at 0x151592b36050>,5,3,[6 1],9,11,14,2,9
1,<environment.Job instance at 0x1515e9fe0b90>,1,12,[ 1 10],2,13,25,11,13
1,<environment.Job instance at 0x1515ea549b90>,2,1,[2 7],3,54,55,51,54
1,<environment.Job instance at 0x151595a9bb40>,1,3,[1 9],2,2,5,0,2
1,<environment.Job instance at 0x1515ebc831e0>,4,2,[7 2],5,5,7,0,5
1,<environment.Job instance at 0x151598ee58c0>,5,3,[9 2],6,7,10,1,7
1,<environment.Job instance at 0x1515ebc83230>,6,18,[8 1],7,10,28,3,8
1,<environment.Job instance at 0x1515eb2dfaf0>,1,13,[2 8],2,2,15,0,2
1,<environment.Job instance at 0x1515eb3306e0>,2,3,[1 8],3,15,18,12,3
1,<environment.Job instance at 0x151597aa6a00>,5,2,[ 1 10],8,18,20,10,16
1,<environment.Job instance at 0x1515995d2780>,0,1,[2 5],1,1,2,0,1
1,<environment.Job instance at 0x1515995d2410>,2,2,[10  1],5,5,7,0,5
1,<environment.Job instance at 0x1515995d2280>,3,3,[6 2],6,7,10,1,6
1,<environment.Job instance at 0x1515ec06f9b0>,5,3,[6 1],9,10,13,1,9
1,<environment.Job instance at 0x151599440c80>,1,12,[ 1 10],2,5,17,3,5
1,<environment.Job instance at 0x151594dacc30>,5,2,[2 7],7,17,19,10,7
1,<environment.Job instance at 0x1515a04190a0>,0,3,[9 2],1,1,4,0,1
1,<environment.Job instance at 0x1515a0419050>,4,2,[1 8],5,400,402,395,400
1,<environment.Job instance at 0x1515933f8500>,1,3,[1 9],2,2,5,0,2
1,<environment.Job instance at 0x151596a8ed20>,4,2,[7 2],5,5,7,0,5
1,<environment.Job instance at 0x151596a8e0a0>,5,3,[9 2],6,7,10,1,7
1,<environment.Job instance at 0x15159825c320>,6,18,[8 1],7,10,28,3,8
1,<environment.Job instance at 0x151596ca5230>,1,13,[2 8],2,2,15,0,2
1,<environment.Job instance at 0x151596065f00>,2,3,[1 8],3,15,18,12,3
1,<environment.Job instance at 0x1515a01ff820>,5,2,[ 1 10],8,18,20,10,10
1,<environment.Job instance at 0x151596b4e550>,0,1,[2 5],1,1,2,0,1
1,<environment.Job instance at 0x151596b4e6e0>,2,2,[10  1],5,5,7,0,5
1,<environment.Job instance at 0x151596b4e690>,3,3,[6 2],6,7,10,1,6
1,<environment.Job instance at 0x151596b4e460>,5,3,[6 1],9,10,13,1,10
1,<environment.Job instance at 0x1515977dcb90>,0,2,[8 1],1,1,3,0,1
1,<environment.Job instance at 0x1515977dcf00>,2,2,[2 8],4,4,6,0,4
1,<environment.Job instance at 0x151595fca280>,3,1,[2 7],5,6,7,1,5
1,<environment.Job instance at 0x151595fcad70>,4,2,[2 7],6,7,9,1,6
1,<environment.Job instance at 0x151595fca550>,5,2,[2 7],7,9,11,2,7
1,<environment.Job instance at 0x151592f7a460>,0,3,[9 2],1,1,4,0,1
1,<environment.Job instance at 0x151593d9ee10>,5,3,[10  2],8,9,12,1,9
1,<environment.Job instance at 0x15159448e5a0>,1,3,[1 9],2,2,5,0,2
1,<environment.Job instance at 0x151595b5d460>,4,2,[7 2],5,5,7,0,5
1,<environment.Job instance at 0x151595b5daf0>,5,3,[9 2],6,7,10,1,7
1,<environment.Job instance at 0x1515a34e5a50>,6,18,[8 1],7,10,28,3,8
1,<environment.Job instance at 0x1515a0d047d0>,4,2,[8 1],7,7,9,0,7
1,<environment.Job instance at 0x1515a3cf20f0>,5,2,[ 1 10],8,9,11,1,8
1,<environment.Job instance at 0x1515995476e0>,1,13,[2 8],2,14,27,12,14
1,<environment.Job instance at 0x1515929efb90>,3,3,[6 2],6,6,9,0,6
1,<environment.Job instance at 0x1515a3cf2320>,2,2,[10  1],5,9,11,4,6
1,<environment.Job instance at 0x1515929efdc0>,5,3,[6 1],9,11,14,2,9
1,<environment.Job instance at 0x151599b8cb40>,1,12,[ 1 10],2,13,25,11,13
1,<environment.Job instance at 0x1515a1000410>,2,1,[2 7],3,220,221,217,220
1,<environment.Job instance at 0x15159644b190>,1,3,[1 9],2,2,5,0,2
1,<environment.Job instance at 0x1515a1427780>,4,2,[7 2],5,5,7,0,5
1,<environment.Job instance at 0x1515a1427690>,5,3,[9 2],6,7,10,1,7
1,<environment.Job instance at 0x1515ea35d410>,1,13,[2 8],2,7,20,5,7
1,<environment.Job instance at 0x151594e76910>,5,2,[ 1 10],8,20,22,12,10
1,<environment.Job instance at 0x1515945294b0>,0,1,[2 5],1,1,2,0,1
1,<environment.Job instance at 0x151594f9bf00>,2,2,[10  1],5,5,7,0,5
1,<environment.Job instance at 0x151594f9bd70>,3,3,[6 2],6,7,10,1,6
1,<environment.Job instance at 0x1515a0ee1c30>,5,3,[6 1],9,10,13,1,9
1,<environment.Job instance at 0x1515a13648c0>,1,12,[ 1 10],2,9,21,7,9
1,<environment.Job instance at 0x15159382ebe0>,0,3,[9 2],1,2,5,1,2
1,<environment.Job instance at 0x1515a19270f0>,1,3,[2 9],2,256,259,254,256
1,<environment.Job instance at 0x1515a14ac050>,2,1,[2 5],3,3,4,0,3
1,<environment.Job instance at 0x1515ec06f5f0>,4,2,[7 2],5,6,8,1,6
1,<environment.Job instance at 0x1515a1fbc780>,1,3,[1 9],2,8,11,6,6
1,<environment.Job instance at 0x1515a14ac3c0>,7,1,[2 6],8,11,12,3,8
1,<environment.Job instance at 0x1515963d9280>,0,2,[6 1],1,1,3,0,1
1,<environment.Job instance at 0x15159698c870>,2,3,[1 8],3,3,6,0,3
1,<environment.Job instance at 0x1515963d98c0>,4,2,[8 1],7,7,9,0,7
1,<environment.Job instance at 0x1515eaf5d6e0>,5,2,[ 1 10],8,10,12,2,10
1,<environment.Job instance at 0x15159698c500>,0,1,[2 5],1,2,3,1,2
1,<environment.Job instance at 0x1515963dbf50>,2,2,[10  1],5,5,7,0,5
1,<environment.Job instance at 0x151593e2aaa0>,3,3,[6 2],6,7,10,1,6
1,<environment.Job instance at 0x151593e2ab90>,5,3,[6 1],9,10,13,1,9
1,<environment.Job instance at 0x151595c11190>,2,2,[2 8],4,4,6,0,4
1,<environment.Job instance at 0x1515a1e0edc0>,4,2,[2 7],6,6,8,0,6
1,<environment.Job instance at 0x1515a3294e60>,5,2,[2 7],7,8,10,1,7
1,<environment.Job instance at 0x15159435a5f0>,0,3,[9 2],1,1,4,0,1
1,<environment.Job instance at 0x15159a423500>,1,3,[2 9],2,4,7,2,2
1,<environment.Job instance at 0x15159671d730>,4,2,[1 8],5,7,9,2,7
1,<environment.Job instance at 0x151598fc57d0>,5,3,[10  2],8,21,24,13,21
1,<environment.Job instance at 0x15159b0115f0>,1,3,[1 9],2,2,5,0,2
1,<environment.Job instance at 0x15159b0119b0>,4,2,[7 2],5,5,7,0,5
1,<environment.Job instance at 0x15159b011500>,5,3,[9 2],6,7,10,1,7
1,<environment.Job instance at 0x1515988a7dc0>,0,2,[6 1],1,2,4,1,2
1,<environment.Job instance at 0x1515a31fb2d0>,4,2,[8 1],7,7,9,0,7
1,<environment.Job instance at 0x151595db8d70>,5,2,[ 1 10],8,9,11,1,8
1,<environment.Job instance at 0x151594a995f0>,1,13,[2 8],2,11,24,9,10
1,<environment.Job instance at 0x151594a99af0>,3,3,[6 2],6,6,9,0,6
1,<environment.Job instance at 0x1515978b63c0>,2,2,[10  1],5,9,11,4,6
1,<environment.Job instance at 0x1515957b9320>,5,3,[6 1],9,11,14,2,9
1,<environment.Job instance at 0x15159ab63410>,1,12,[ 1 10],2,6,18,4,6
1,<environment.Job instance at 0x1515a152d320>,0,3,[9 2],1,1,4,0,1
1,<environment.Job instance at 0x151599a6c3c0>,1,3,[1 9],2,2,5,0,2
1,<environment.Job instance at 0x151594038050>,4,2,[7 2],5,5,7,0,5
1,<environment.Job instance at 0x1515940382d0>,5,3,[9 2],6,7,10,1,7
1,<environment.Job instance at 0x15159404f6e0>,0,2,[6 1],1,2,4,1,2
1,<environment.Job instance at 0x15159730b690>,4,2,[8 1],7,7,9,0,7
1,<environment.Job instance at 0x1515a23f8910>,5,2,[ 1 10],8,9,11,1,8
1,<environment.Job instance at 0x15159404f640>,1,13,[2 8],2,17,30,15,17
1,<environment.Job instance at 0x1515a04b8460>,2,2,[10  1],5,5,7,0,5
1,<environment.Job instance at 0x151598010500>,3,3,[6 2],6,7,10,1,6
1,<environment.Job instance at 0x1515980105f0>,5,3,[6 1],9,10,13,1,9
1,<environment.Job instance at 0x151597976280>,0,2,[8 1],1,1,3,0,1
1,<environment.Job instance at 0x1515ead23aa0>,2,2,[2 8],4,4,6,0,4
1,<environment.Job instance at 0x1515a2a20550>,5,2,[2 7],7,9,11,2,9
1,<environment.Job instance at 0x15159b489e10>,0,3,[9 2],1,1,4,0,1
1,<environment.Job instance at 0x15159b489b40>,2,1,[2 7],3,4,5,1,3
1,<environment.Job instance at 0x15159b489910>,4,2,[1 8],5,197,199,192,197
1,<environment.Job instance at 0x151597d88460>,1,3,[1 9],2,2,5,0,2
1,<environment.Job instance at 0x15159b725960>,4,2,[7 2],5,5,7,0,5
1,<environment.Job instance at 0x15159b725140>,5,3,[9 2],6,7,10,1,6
1,<environment.Job instance at 0x15159b725780>,7,1,[2 6],8,10,11,2,8
1,<environment.Job instance at 0x1515e9536e60>,1,13,[2 8],2,5,18,3,5
1,<environment.Job instance at 0x1515eb952b90>,4,2,[8 1],7,8,10,1,8
1,<environment.Job instance at 0x151592e3f460>,5,2,[ 1 10],8,24,26,16,24
1,<environment.Job instance at 0x151592492370>,2,2,[10  1],5,5,7,0,5
1,<environment.Job instance at 0x151592492e60>,3,3,[6 2],6,7,10,1,6
1,<environment.Job instance at 0x151592492d20>,5,3,[6 1],9,10,13,1,9
1,<environment.Job instance at 0x1515ebf5b780>,0,2,[8 1],1,1,3,0,1
1,<environment.Job instance at 0x1515ebf5b3c0>,2,2,[2 8],4,4,6,0,4
1,<environment.Job instance at 0x15159969b460>,3,1,[2 7],5,6,7,1,5
1,<environment.Job instance at 0x15159402cf00>,4,2,[2 7],6,7,9,1,6
1,<environment.Job instance at 0x15159607d1e0>,5,2,[2 7],7,9,11,2,7
1,<environment.Job instance at 0x1515948881e0>,0,3,[9 2],1,1,4,0,1
1,<environment.Job instance at 0x1515981d41e0>,4,2,[1 8],5,255,257,250,255
1,<environment.Job instance at 0x151594d7a780>,1,3,[1 9],2,2,5,0,2
1,<environment.Job instance at 0x15159a1f8550>,4,2,[7 2],5,5,7,0,5
1,<environment.Job instance at 0x15159a1f8af0>,5,3,[9 2],6,7,10,1,6
1,<environment.Job instance at 0x15159a1f8eb0>,7,1,[2 6],8,10,11,2,8
1,<environment.Job instance at 0x15159a1f8370>,1,13,[2 8],2,5,18,3,5
1,<environment.Job instance at 0x1515959aa1e0>,4,2,[8 1],7,8,10,1,8
1,<environment.Job instance at 0x1515976207d0>,5,2,[ 1 10],8,20,22,12,20
1,<environment.Job instance at 0x1515980840f0>,2,2,[10  1],5,5,7,0,5
1,<environment.Job instance at 0x1515a1184b90>,3,3,[6 2],6,7,10,1,6
1,<environment.Job instance at 0x15159606b2d0>,5,3,[6 1],9,10,13,1,9
1,<environment.Job instance at 0x151593447c30>,2,2,[2 8],4,4,6,0,4
1,<environment.Job instance at 0x151595bb55a0>,1,12,[ 1 10],2,15,27,13,15
1,<environment.Job instance at 0x151591c36f00>,0,3,[9 2],1,1,4,0,1
1,<environment.Job instance at 0x151595bb50f0>,4,2,[1 8],5,191,193,186,191
1,<environment.Job instance at 0x151599e3bd70>,1,3,[1 9],2,2,5,0,2
1,<environment.Job instance at 0x1515a19c80f0>,4,2,[7 2],5,5,7,0,5
1,<environment.Job instance at 0x1515a19c8f00>,5,3,[9 2],6,7,10,1,6
1,<environment.Job instance at 0x1515a19c80a0>,7,1,[2 6],8,10,11,2,8
1,<environment.Job instance at 0x15159b987c80>,4,2,[8 1],7,7,9,0,7
1,<environment.Job instance at 0x151594a99d70>,5,2,[ 1 10],8,9,11,1,8
1,<environment.Job instance at 0x1515ea9ebf50>,1,13,[2 8],2,11,24,9,8
1,<environment.Job instance at 0x151596771c80>,2,2,[10  1],5,5,7,0,5
1,<environment.Job instance at 0x15158ec7de60>,3,3,[6 2],6,7,10,1,6
1,<environment.Job instance at 0x151594a99820>,5,3,[6 1],9,10,13,1,9
1,<environment.Job instance at 0x15158ecb5d20>,0,2,[8 1],1,1,3,0,1
1,<environment.Job instance at 0x1515936db5a0>,2,2,[2 8],4,4,6,0,4
1,<environment.Job instance at 0x151592d95230>,3,1,[2 7],5,6,7,1,5
1,<environment.Job instance at 0x15158ecb5aa0>,4,2,[2 7],6,7,9,1,6
1,<environment.Job instance at 0x151592d95dc0>,5,2,[2 7],7,9,11,2,7
1,<environment.Job instance at 0x151598296910>,0,3,[9 2],1,1,4,0,1
1,<environment.Job instance at 0x151592923a50>,2,1,[2 7],3,11,12,8,11
1,<environment.Job instance at 0x151591817690>,1,3,[1 9],2,2,5,0,2
1,<environment.Job instance at 0x151591817c80>,4,2,[7 2],5,5,7,0,5
1,<environment.Job instance at 0x151593f5ea50>,5,3,[9 2],6,7,10,1,6
1,<environment.Job instance at 0x151593f5eb90>,7,1,[2 6],8,10,11,2,8
1,<environment.Job instance at 0x15159509e640>,4,2,[8 1],7,7,9,0,7
1,<environment.Job instance at 0x15159332e140>,5,2,[ 1 10],8,9,11,1,8
1,<environment.Job instance at 0x1515ea942b40>,1,13,[2 8],2,11,24,9,10
1,<environment.Job instance at 0x151591816320>,2,2,[10  1],5,5,7,0,5
1,<environment.Job instance at 0x151594964c30>,3,3,[6 2],6,7,10,1,6
1,<environment.Job instance at 0x1515a2663230>,5,3,[6 1],9,10,13,1,9
1,<environment.Job instance at 0x1515eabedbe0>,0,2,[8 1],1,1,3,0,1
1,<environment.Job instance at 0x1515a11d0640>,2,2,[2 8],4,4,6,0,4
1,<environment.Job instance at 0x151597ee5960>,3,1,[2 7],5,6,7,1,5
1,<environment.Job instance at 0x1515a3025aa0>,4,2,[2 7],6,7,9,1,6
1,<environment.Job instance at 0x151595a96c30>,5,2,[2 7],7,9,11,2,7
1,<environment.Job instance at 0x151599f421e0>,0,3,[9 2],1,1,4,0,1
1,<environment.Job instance at 0x1515a3351230>,5,3,[10  2],8,8,11,0,8
1,<environment.Job instance at 0x1515a0ae9a50>,1,3,[1 9],2,2,5,0,2
1,<environment.Job instance at 0x1515926e2f50>,4,2,[7 2],5,5,7,0,5
1,<environment.Job instance at 0x1515926e2230>,5,3,[9 2],6,7,10,1,7
1,<environment.Job instance at 0x1515944c8c80>,0,2,[6 1],1,2,4,1,2
1,<environment.Job instance at 0x1515eb5ce690>,4,2,[8 1],7,7,9,0,7
1,<environment.Job instance at 0x1515ea505820>,5,2,[ 1 10],8,9,11,1,8
1,<environment.Job instance at 0x1515ea425370>,1,13,[2 8],2,11,24,9,10
1,<environment.Job instance at 0x1515926fe0f0>,2,2,[10  1],5,5,7,0,5
1,<environment.Job instance at 0x151593b0c4b0>,3,3,[6 2],6,7,10,1,6
1,<environment.Job instance at 0x151593b0caf0>,5,3,[6 1],9,10,13,1,9
1,<environment.Job instance at 0x1515926fe690>,1,12,[ 1 10],2,6,18,4,6
1,<environment.Job instance at 0x15159abce690>,4,2,[1 8],5,219,221,214,219
1,<environment.Job instance at 0x151592f88730>,1,3,[1 9],2,2,5,0,2
1,<environment.Job instance at 0x151598270640>,4,2,[7 2],5,5,7,0,5
1,<environment.Job instance at 0x151598270aa0>,5,3,[9 2],6,7,10,1,7
1,<environment.Job instance at 0x151595523c30>,0,2,[6 1],1,2,4,1,2
1,<environment.Job instance at 0x15159673fd70>,4,2,[8 1],7,7,9,0,7
1,<environment.Job instance at 0x151596b5d050>,5,2,[ 1 10],8,9,11,1,8
1,<environment.Job instance at 0x151593474550>,1,13,[2 8],2,12,25,10,12
1,<environment.Job instance at 0x151593117aa0>,3,3,[6 2],6,6,9,0,6
1,<environment.Job instance at 0x15159475a320>,2,2,[10  1],5,9,11,4,6
1,<environment.Job instance at 0x151595f973c0>,5,3,[6 1],9,11,14,2,9
1,<environment.Job instance at 0x151599ef2af0>,2,2,[2 8],4,4,6,0,4
1,<environment.Job instance at 0x1515a1bdcaf0>,1,12,[ 1 10],2,10,22,8,10
1,<environment.Job instance at 0x151598fbebe0>,0,3,[9 2],1,1,4,0,1
1,<environment.Job instance at 0x1515a071a640>,4,2,[1 8],5,191,193,186,191
1,<environment.Job instance at 0x151597fa1550>,1,3,[1 9],2,2,5,0,2
1,<environment.Job instance at 0x151594e83910>,4,2,[7 2],5,5,7,0,5
1,<environment.Job instance at 0x151594e83a00>,5,3,[9 2],6,7,10,1,7
1,<environment.Job instance at 0x151591b804b0>,0,2,[6 1],1,2,4,1,2
1,<environment.Job instance at 0x151593b0d190>,4,2,[8 1],7,7,9,0,7
1,<environment.Job instance at 0x15159b61c190>,5,2,[ 1 10],8,9,11,1,8
1,<environment.Job instance at 0x151591b9bb40>,1,13,[2 8],2,15,28,13,15
1,<environment.Job instance at 0x1515917158c0>,3,3,[6 2],6,6,9,0,6
1,<environment.Job instance at 0x15159a154c30>,2,2,[10  1],5,9,11,4,6
1,<environment.Job instance at 0x151594f82870>,5,3,[6 1],9,11,14,2,9
1,<environment.Job instance at 0x1515a1eb2370>,0,2,[8 1],1,1,3,0,1
1,<environment.Job instance at 0x1515ea42a320>,2,2,[2 8],4,4,6,0,4
1,<environment.Job instance at 0x1515a31b2a50>,0,3,[9 2],1,1,4,0,1
1,<environment.Job instance at 0x151591d55690>,1,3,[1 9],2,3,6,1,3
1,<environment.Job instance at 0x1515a3f1c460>,4,2,[7 2],5,6,8,1,5
1,<environment.Job instance at 0x1515a3f1c4b0>,5,3,[9 2],6,8,11,2,6
1,<environment.Job instance at 0x151591d553c0>,7,1,[2 6],8,11,12,3,9
1,<environment.Job instance at 0x1515a3f1c410>,8,13,[6 1],9,22,35,13,22
1,<environment.Job instance at 0x1515e9d8cb90>,2,3,[1 8],3,3,6,0,3
1,<environment.Job instance at 0x1515eaf438c0>,3,3,[1 8],4,6,9,2,5
1,<environment.Job instance at 0x15159b80a3c0>,5,2,[ 1 10],8,9,11,1,8
1,<environment.Job instance at 0x15159a065cd0>,0,1,[2 5],1,1,2,0,1
1,<environment.Job instance at 0x1515974daf50>,2,2,[10  1],5,5,7,0,5
1,<environment.Job instance at 0x151598271050>,3,3,[6 2],6,7,10,1,6
1,<environment.Job instance at 0x1515a0ac0b90>,5,3,[6 1],9,10,13,1,9
1,<environment.Job instance at 0x15159726cc80>,0,2,[8 1],1,1,3,0,1
1,<environment.Job instance at 0x1515a33a4c30>,2,2,[2 8],4,5,7,1,5
1,<environment.Job instance at 0x1515e827cd70>,5,2,[2 7],7,7,9,0,7
1,<environment.Job instance at 0x15159726c550>,3,1,[2 7],5,10,11,5,10
1,<environment.Job instance at 0x1515999b9500>,0,3,[9 2],1,1,4,0,1
1,<environment.Job instance at 0x15159a332e60>,2,1,[2 7],3,20,21,17,20
1,<environment.Job instance at 0x151591311190>,1,3,[1 9],2,3,6,1,3
1,<environment.Job instance at 0x151594a8aeb0>,4,2,[7 2],5,6,8,1,5
1,<environment.Job instance at 0x151594a8abe0>,5,3,[9 2],6,8,11,2,6
1,<environment.Job instance at 0x151594a8ae10>,7,1,[2 6],8,11,12,3,9
1,<environment.Job instance at 0x151594a8a780>,8,13,[6 1],9,22,35,13,22
1,<environment.Job instance at 0x15159af0b690>,2,3,[1 8],3,3,6,0,3
1,<environment.Job instance at 0x151591c3a460>,3,3,[1 8],4,6,9,2,5
1,<environment.Job instance at 0x151595207b90>,5,2,[ 1 10],8,9,11,1,9
1,<environment.Job instance at 0x1515999ceaa0>,0,1,[2 5],1,1,2,0,1
1,<environment.Job instance at 0x151593d495a0>,2,2,[10  1],5,5,7,0,5
1,<environment.Job instance at 0x1515948d25f0>,3,3,[6 2],6,7,10,1,6
1,<environment.Job instance at 0x1515a0fd4f00>,5,3,[6 1],9,10,13,1,9
1,<environment.Job instance at 0x1515999f00f0>,0,2,[8 1],1,1,3,0,1
1,<environment.Job instance at 0x1515a0b549b0>,2,2,[2 8],4,5,7,1,5
1,<environment.Job instance at 0x1515999f0dc0>,5,2,[2 7],7,7,9,0,7
1,<environment.Job instance at 0x151597a182d0>,3,1,[2 7],5,10,11,5,10
1,<environment.Job instance at 0x1515987cd7d0>,0,3,[9 2],1,1,4,0,1
1,<environment.Job instance at 0x1515a35cfe60>,2,1,[2 7],3,20,21,17,20
1,<environment.Job instance at 0x15159bc30640>,1,3,[1 9],2,3,6,1,3
1,<environment.Job instance at 0x151593860f00>,4,2,[7 2],5,6,8,1,5
1,<environment.Job instance at 0x151593860b40>,5,3,[9 2],6,8,11,2,6
1,<environment.Job instance at 0x151593860cd0>,7,1,[2 6],8,11,12,3,8
1,<environment.Job instance at 0x1515938600a0>,8,13,[6 1],9,11,24,2,9
1,<environment.Job instance at 0x15159825c870>,0,2,[6 1],1,1,3,0,1
1,<environment.Job instance at 0x1515a18e22d0>,2,3,[1 8],3,3,6,0,3
1,<environment.Job instance at 0x1515a18e2af0>,4,2,[8 1],7,7,9,0,7
1,<environment.Job instance at 0x15159825cdc0>,5,2,[ 1 10],8,9,11,1,8
1,<environment.Job instance at 0x1515eb6bd190>,2,2,[10  1],5,5,7,0,5
1,<environment.Job instance at 0x1515932dd6e0>,3,3,[6 2],6,7,10,1,6
1,<environment.Job instance at 0x1515932dd5f0>,5,3,[6 1],9,13,16,4,13
1,<environment.Job instance at 0x15159431b410>,0,2,[8 1],1,2,4,1,2
1,<environment.Job instance at 0x15159ac8fe10>,1,12,[ 1 10],2,4,16,2,3
1,<environment.Job instance at 0x151595134500>,3,1,[2 7],5,16,17,11,5
1,<environment.Job instance at 0x151595134c30>,4,2,[2 7],6,17,19,11,6
1,<environment.Job instance at 0x151595134e60>,0,3,[9 2],1,1,4,0,1
1,<environment.Job instance at 0x15159824bd70>,2,1,[2 7],3,114,115,111,114
1,<environment.Job instance at 0x1515912a32d0>,1,3,[1 9],2,2,5,0,2
1,<environment.Job instance at 0x15159a8327d0>,4,2,[7 2],5,5,7,0,5
1,<environment.Job instance at 0x1515a0d06af0>,5,3,[9 2],6,7,10,1,6
1,<environment.Job instance at 0x151596b9f5a0>,7,1,[2 6],8,10,11,2,8
1,<environment.Job instance at 0x15158ed75eb0>,2,3,[1 8],3,3,6,0,3
1,<environment.Job instance at 0x1515925b75f0>,3,3,[1 8],4,6,9,2,5
1,<environment.Job instance at 0x1515925b7870>,5,2,[ 1 10],8,9,11,1,9
1,<environment.Job instance at 0x151598599230>,0,1,[2 5],1,1,2,0,1
1,<environment.Job instance at 0x1515920371e0>,2,2,[10  1],5,5,7,0,5
1,<environment.Job instance at 0x151592037d20>,3,3,[6 2],6,7,10,1,6
1,<environment.Job instance at 0x1515925b7050>,5,3,[6 1],9,10,13,1,9
1,<environment.Job instance at 0x151592037a00>,2,2,[2 8],4,4,6,0,4
1,<environment.Job instance at 0x151599e62aa0>,0,3,[9 2],1,1,4,0,1
1,<environment.Job instance at 0x1515924f31e0>,1,3,[2 9],2,4,7,2,2
1,<environment.Job instance at 0x1515985991e0>,2,1,[2 7],3,7,8,4,3
1,<environment.Job instance at 0x15159ab0f960>,4,2,[1 8],5,32,34,27,32
1,<environment.Job instance at 0x151593832550>,5,3,[9 2],6,6,9,0,6
1,<environment.Job instance at 0x151592e9e550>,1,3,[1 9],2,9,12,7,7
1,<environment.Job instance at 0x1515e9a0f320>,7,1,[2 6],8,12,13,4,8
1,<environment.Job instance at 0x151593832820>,2,3,[1 8],3,3,6,0,3
1,<environment.Job instance at 0x1515a31ae9b0>,3,3,[1 8],4,6,9,2,5
1,<environment.Job instance at 0x1515a31aea50>,5,2,[ 1 10],8,9,11,1,9
1,<environment.Job instance at 0x15159794ae10>,0,1,[2 5],1,1,2,0,1
1,<environment.Job instance at 0x151597d85f50>,2,2,[10  1],5,5,7,0,5
1,<environment.Job instance at 0x15159794af00>,3,3,[6 2],6,7,10,1,6
1,<environment.Job instance at 0x1515a37c9730>,5,3,[6 1],9,10,13,1,9
1,<environment.Job instance at 0x151590a82500>,0,2,[8 1],1,1,3,0,1
1,<environment.Job instance at 0x151590b63690>,2,2,[2 8],4,4,6,0,4
1,<environment.Job instance at 0x151590b68190>,4,2,[2 7],6,8,10,2,8
1,<environment.Job instance at 0x151590aa6af0>,0,3,[9 2],1,1,4,0,1
1,<environment.Job instance at 0x151590acea00>,1,3,[2 9],2,4,7,2,2
1,<environment.Job instance at 0x151590ab1e10>,4,2,[1 8],5,10,12,5,10
1,<environment.Job instance at 0x151591b7baa0>,1,3,[1 9],2,2,5,0,2
1,<environment.Job instance at 0x151591bb05a0>,4,2,[7 2],5,5,7,0,5
1,<environment.Job instance at 0x151591bb0190>,5,3,[9 2],6,7,10,1,6
1,<environment.Job instance at 0x151591bb0c80>,7,1,[2 6],8,10,11,2,8
1,<environment.Job instance at 0x15159208c410>,2,3,[1 8],3,3,6,0,3
1,<environment.Job instance at 0x151596b6a140>,3,3,[1 8],4,6,9,2,4
1,<environment.Job instance at 0x151594b8be10>,5,2,[ 1 10],8,9,11,1,8
1,<environment.Job instance at 0x1515988d56e0>,0,1,[2 5],1,1,2,0,1
1,<environment.Job instance at 0x1515928321e0>,2,2,[10  1],5,5,7,0,5
1,<environment.Job instance at 0x1515915039b0>,3,3,[6 2],6,7,10,1,6
1,<environment.Job instance at 0x151591503fa0>,5,3,[6 1],9,10,13,1,10
1,<environment.Job instance at 0x151591518460>,0,2,[8 1],1,1,3,0,1
1,<environment.Job instance at 0x15159461d320>,2,2,[2 8],4,4,6,0,4
1,<environment.Job instance at 0x151591518af0>,3,1,[2 7],5,6,7,1,5
1,<environment.Job instance at 0x1515915184b0>,4,2,[2 7],6,7,9,1,6
1,<environment.Job instance at 0x15159991cd20>,5,2,[2 7],7,9,11,2,7
1,<environment.Job instance at 0x15158ece8370>,0,3,[9 2],1,1,4,0,1
1,<environment.Job instance at 0x151592832730>,1,3,[2 9],2,4,7,2,2
1,<environment.Job instance at 0x151593cc1b90>,4,2,[1 8],5,255,257,250,255
1,<environment.Job instance at 0x151595ebcb90>,1,3,[1 9],2,2,5,0,2
1,<environment.Job instance at 0x151595ebc280>,4,2,[7 2],5,5,7,0,5
1,<environment.Job instance at 0x1515a310a7d0>,5,3,[9 2],6,7,10,1,6
1,<environment.Job instance at 0x1515973000f0>,7,1,[2 6],8,10,11,2,8
1,<environment.Job instance at 0x151599594550>,2,3,[1 8],3,3,6,0,3
1,<environment.Job instance at 0x151595107a50>,3,3,[1 8],4,6,9,2,4
1,<environment.Job instance at 0x151595107500>,5,2,[ 1 10],8,9,11,1,8
1,<environment.Job instance at 0x151595b48550>,0,1,[2 5],1,1,2,0,1
1,<environment.Job instance at 0x151595b485f0>,2,2,[10  1],5,5,7,0,5
1,<environment.Job instance at 0x151590cabd20>,3,3,[6 2],6,7,10,1,6
1,<environment.Job instance at 0x151590d04af0>,5,3,[6 1],9,10,13,1,10
1,<environment.Job instance at 0x151590d61be0>,0,2,[8 1],1,1,3,0,1
1,<environment.Job instance at 0x151590d61910>,2,2,[2 8],4,4,6,0,4
1,<environment.Job instance at 0x15159203a960>,3,1,[2 7],5,6,7,1,5
1,<environment.Job instance at 0x15159203a8c0>,4,2,[2 7],6,7,9,1,6
1,<environment.Job instance at 0x15159203a320>,5,2,[2 7],7,9,11,2,7
1,<environment.Job instance at 0x1515971936e0>,0,3,[9 2],1,1,4,0,1
1,<environment.Job instance at 0x151596126e60>,1,3,[2 9],2,4,7,2,2
1,<environment.Job instance at 0x151597193af0>,4,2,[1 8],5,255,257,250,255
1,<environment.Job instance at 0x151597a4d460>,1,3,[1 9],2,2,5,0,2
1,<environment.Job instance at 0x151595ecb140>,4,2,[7 2],5,5,7,0,5
1,<environment.Job instance at 0x151595ecbe10>,5,3,[9 2],6,7,10,1,6
1,<environment.Job instance at 0x15159b07cb40>,7,1,[2 6],8,10,11,2,8
1,<environment.Job instance at 0x1515985ef1e0>,2,3,[1 8],3,3,6,0,3
1,<environment.Job instance at 0x151597e28140>,3,3,[1 8],4,6,9,2,4
1,<environment.Job instance at 0x151593e7aaf0>,5,2,[ 1 10],8,9,11,1,8
1,<environment.Job instance at 0x1515ea502280>,0,1,[2 5],1,1,2,0,1
1,<environment.Job instance at 0x1515ea502690>,2,2,[10  1],5,5,7,0,5
1,<environment.Job instance at 0x1515ea502460>,3,3,[6 2],6,7,10,1,6
1,<environment.Job instance at 0x1515ea502370>,5,3,[6 1],9,10,13,1,10
1,<environment.Job instance at 0x151597033690>,1,12,[ 1 10],2,2,14,0,2
1,<environment.Job instance at 0x15159222b870>,2,2,[2 8],4,14,16,10,4
1,<environment.Job instance at 0x151598cfdf50>,4,2,[2 7],6,16,18,10,6
1,<environment.Job instance at 0x151595addeb0>,0,3,[9 2],1,1,4,0,1
1,<environment.Job instance at 0x151599700e10>,1,3,[2 9],2,4,7,2,2
1,<environment.Job instance at 0x151592056230>,1,3,[1 9],2,2,5,0,2
1,<environment.Job instance at 0x1515ebf5f5f0>,4,2,[7 2],5,5,7,0,5
1,<environment.Job instance at 0x1515998560f0>,5,3,[9 2],6,7,10,1,6
1,<environment.Job instance at 0x151599856550>,7,1,[2 6],8,10,11,2,8
1,<environment.Job instance at 0x1515a3603b40>,2,3,[1 8],3,3,6,0,3
1,<environment.Job instance at 0x15159afe54b0>,3,3,[1 8],4,6,9,2,4
1,<environment.Job instance at 0x15159afe5b40>,5,2,[ 1 10],8,9,11,1,8
1,<environment.Job instance at 0x151597a75050>,0,1,[2 5],1,1,2,0,1
1,<environment.Job instance at 0x15159afe5aa0>,2,2,[10  1],5,5,7,0,5
1,<environment.Job instance at 0x1515952b55f0>,3,3,[6 2],6,7,10,1,6
1,<environment.Job instance at 0x1515952b5140>,5,3,[6 1],9,10,13,1,10
1,<environment.Job instance at 0x15159b3acfa0>,0,2,[8 1],1,1,3,0,1
1,<environment.Job instance at 0x15159b3ac5a0>,2,2,[2 8],4,4,6,0,4
1,<environment.Job instance at 0x151599511050>,3,1,[2 7],5,6,7,1,5
1,<environment.Job instance at 0x151599511cd0>,4,2,[2 7],6,7,9,1,6
1,<environment.Job instance at 0x151599511b40>,5,2,[2 7],7,9,11,2,7
1,<environment.Job instance at 0x15159624c910>,0,3,[9 2],1,1,4,0,1
1,<environment.Job instance at 0x1515995110a0>,1,3,[2 9],2,4,7,2,2
1,<environment.Job instance at 0x15159624c410>,4,2,[1 8],5,697,699,692,697
1,<environment.Job instance at 0x1515965dcc80>,1,3,[1 9],2,2,5,0,2
1,<environment.Job instance at 0x1515980a35a0>,4,2,[7 2],5,5,7,0,5
1,<environment.Job instance at 0x1515980a3dc0>,5,3,[9 2],6,7,10,1,6
1,<environment.Job instance at 0x1515980a3280>,7,1,[2 6],8,10,11,2,8
1,<environment.Job instance at 0x15159148daa0>,2,3,[1 8],3,3,6,0,3
1,<environment.Job instance at 0x1515a1a74320>,3,3,[1 8],4,6,9,2,4
1,<environment.Job instance at 0x151596dca3c0>,5,2,[ 1 10],8,9,11,1,8
1,<environment.Job instance at 0x151597d68460>,0,1,[2 5],1,1,2,0,1
1,<environment.Job instance at 0x151597d68a50>,2,2,[10  1],5,5,7,0,5
1,<environment.Job instance at 0x1515ec4d7cd0>,3,3,[6 2],6,7,10,1,6
1,<environment.Job instance at 0x1515ec4d7b40>,5,3,[6 1],9,10,13,1,10
1,<environment.Job instance at 0x1515972f1320>,0,2,[8 1],1,1,3,0,1
1,<environment.Job instance at 0x1515a0c35e10>,2,2,[2 8],4,4,6,0,4
1,<environment.Job instance at 0x1515e9d8ceb0>,3,1,[2 7],5,6,7,1,5
1,<environment.Job instance at 0x1515e9d8ca00>,4,2,[2 7],6,7,9,1,6
1,<environment.Job instance at 0x1515e9d8cc30>,5,2,[2 7],7,9,11,2,7
1,<environment.Job instance at 0x1515960c6190>,0,3,[9 2],1,1,4,0,1
1,<environment.Job instance at 0x151597d68280>,1,3,[2 9],2,4,7,2,2
1,<environment.Job instance at 0x15159167ff00>,4,2,[1 8],5,697,699,692,697
