iteration,job object,job ID,job Length,job ressource requirement,job enter time,job start time,job finish time,job waiting time,current time
1,<environment.Job instance at 0x14ea44aa5690>,2,3,[ 1 14],3,30,33,27,30
1,<environment.Job instance at 0x14ea47629780>,0,23,[2 5],1,1,24,0,1
1,<environment.Job instance at 0x14ea47629cd0>,5,3,[6 1],9,23,26,14,23
1,<environment.Job instance at 0x14ea47629e10>,4,2,[ 1 13],7,24,26,17,23
1,<environment.Job instance at 0x14ea47629550>,2,20,[2 8],4,4,24,0,4
1,<environment.Job instance at 0x14ea44727140>,4,24,[ 1 14],5,10,34,5,10
1,<environment.Job instance at 0x14ea441cd780>,3,15,[11  1],4,389,404,385,389
1,<environment.Job instance at 0x14ea441c5f00>,5,21,[7 2],7,18,39,11,18
1,<environment.Job instance at 0x14ea48805870>,3,25,[12  2],4,41,66,37,41
1,<environment.Job instance at 0x14ea48c1b4b0>,5,2,[14  2],9,223,225,214,223
1,<environment.Job instance at 0x14ea4894a2d0>,0,21,[2 8],1,1,22,0,1
1,<environment.Job instance at 0x14ea4894ab90>,4,1,[10  2],7,23,24,16,23
1,<environment.Job instance at 0x14ea4894a410>,2,23,[ 1 13],3,47,70,44,47
1,<environment.Job instance at 0x14ea4894a500>,5,22,[1 5],8,74,96,66,74
1,<environment.Job instance at 0x14ea69dfecd0>,1,17,[8 1],4,7,24,3,7
1,<environment.Job instance at 0x14ea69dfea50>,2,21,[1 5],5,30,51,25,30
1,<environment.Job instance at 0x14ea448a6d70>,5,12,[11  1],8,253,265,245,253
1,<environment.Job instance at 0x14ea69e16870>,4,3,[2 9],6,7,10,1,7
1,<environment.Job instance at 0x14ea69e16f00>,5,13,[7 2],9,9,22,0,9
1,<environment.Job instance at 0x14ea4476f550>,0,1,[13  1],1,36,37,35,36
1,<environment.Job instance at 0x14ea4476fb40>,2,1,[2 5],3,41,42,38,41
1,<environment.Job instance at 0x14ea44851e10>,3,24,[ 1 10],6,7,31,1,7
1,<environment.Job instance at 0x14ea448510f0>,5,3,[13  2],8,32,35,24,32
1,<environment.Job instance at 0x14ea448517d0>,6,14,[7 1],9,35,49,26,35
1,<environment.Job instance at 0x14ea445d0640>,6,2,[2 6],9,18,20,9,18
1,<environment.Job instance at 0x14ea445d0960>,4,1,[13  2],7,133,134,126,133
1,<environment.Job instance at 0x14ea447c1910>,2,1,[2 5],5,5,6,0,5
1,<environment.Job instance at 0x14ea447c1280>,3,15,[13  1],6,12,27,6,12
1,<environment.Job instance at 0x14ea447c1dc0>,4,2,[14  1],7,41,43,34,41
1,<environment.Job instance at 0x14ea447c1960>,6,3,[2 8],9,81,84,72,81
1,<environment.Job instance at 0x14ea441289b0>,3,16,[8 1],4,5,21,1,5
1,<environment.Job instance at 0x14ea473ab690>,7,1,[ 2 10],9,37,38,28,37
1,<environment.Job instance at 0x14ea473ab690>,3,24,[ 1 12],7,15,39,8,15
1,<environment.Job instance at 0x14ea44810d20>,5,3,[ 2 10],9,99,102,90,99
1,<environment.Job instance at 0x14ea44810780>,4,3,[11  2],8,128,131,120,128
1,<environment.Job instance at 0x14ea451e2050>,3,18,[2 6],5,5,23,0,5
1,<environment.Job instance at 0x14ea451e2370>,5,1,[ 1 13],7,51,52,44,51
1,<environment.Job instance at 0x14ea488058c0>,0,3,[12  1],1,2,5,1,2
1,<environment.Job instance at 0x14ea478cbb40>,6,13,[ 1 14],9,270,283,261,270
1,<environment.Job instance at 0x14ea68076230>,3,28,[2 8],6,7,35,1,7
1,<environment.Job instance at 0x14ea451a40a0>,3,2,[ 2 12],8,13,15,5,13
1,<environment.Job instance at 0x14ea534847d0>,1,2,[2 9],2,4,6,2,4
1,<environment.Job instance at 0x14ea4440b500>,7,13,[ 2 10],9,9,22,0,9
1,<environment.Job instance at 0x14ea53484f00>,0,2,[ 2 12],1,22,24,21,15
1,<environment.Job instance at 0x14ea53489eb0>,4,12,[13  1],7,102,114,95,102
1,<environment.Job instance at 0x14ea534896e0>,6,3,[8 1],9,116,119,107,116
1,<environment.Job instance at 0x14ea43fae0f0>,3,21,[9 2],5,8,29,3,8
1,<environment.Job instance at 0x14ea43faeeb0>,6,17,[7 1],9,38,55,29,38
1,<environment.Job instance at 0x14ea53489050>,1,2,[12  1],2,94,96,92,94
1,<environment.Job instance at 0x14ea43fae910>,5,17,[1 6],8,513,530,505,513
1,<environment.Job instance at 0x14ea9b955690>,4,3,[1 5],7,8,11,1,8
1,<environment.Job instance at 0x14ea447e5dc0>,2,1,[ 1 10],4,13,14,9,13
1,<environment.Job instance at 0x14ea48c39af0>,3,2,[1 5],6,14,16,8,14
1,<environment.Job instance at 0x14ea48cc9820>,0,22,[1 6],2,2,24,0,2
1,<environment.Job instance at 0x14ea443ba780>,4,1,[2 8],9,361,362,352,361
1,<environment.Job instance at 0x14ea443bac80>,2,2,[14  1],7,387,389,380,387
1,<environment.Job instance at 0x14ea52a7f5f0>,5,23,[7 2],8,19,42,11,19
1,<environment.Job instance at 0x14ea52a7f280>,3,14,[ 2 14],6,42,56,36,29
1,<environment.Job instance at 0x14ea46726f00>,0,20,[ 2 12],1,1,21,0,1
1,<environment.Job instance at 0x14ea46726190>,6,1,[1 5],8,27,28,19,27
1,<environment.Job instance at 0x14ea46726a00>,5,2,[6 2],7,39,41,32,39
1,<environment.Job instance at 0x14ea46726c30>,4,13,[ 1 11],6,93,106,87,93
1,<environment.Job instance at 0x14ea447d95a0>,4,1,[7 1],7,8,9,1,8
1,<environment.Job instance at 0x14ea447d9f50>,5,18,[5 2],8,9,27,1,9
1,<environment.Job instance at 0x14ea48c44af0>,2,21,[ 2 13],5,25,46,20,25
1,<environment.Job instance at 0x14ea52aa21e0>,0,3,[ 1 13],1,92,95,91,92
1,<environment.Job instance at 0x14ea48c44640>,3,1,[2 8],6,290,291,284,290
1,<environment.Job instance at 0x14ea44324320>,5,24,[5 2],7,13,37,6,13
1,<environment.Job instance at 0x14ea529c8910>,3,1,[1 8],4,16,17,12,16
1,<environment.Job instance at 0x14ea447d97d0>,1,18,[14  1],2,66,84,64,66
1,<environment.Job instance at 0x14ea443247d0>,6,2,[1 7],9,67,69,58,67
1,<environment.Job instance at 0x14ea47744140>,6,1,[6 1],8,8,9,0,8
1,<environment.Job instance at 0x14ea47744320>,5,3,[1 9],7,44,47,37,44
1,<environment.Job instance at 0x14ea476a47d0>,2,13,[ 2 12],8,690,703,682,690
1,<environment.Job instance at 0x14ea441c9d70>,2,22,[2 9],7,7,29,0,7
1,<environment.Job instance at 0x14ea53578500>,1,2,[7 1],3,6,8,3,6
1,<environment.Job instance at 0x14ea53578f50>,2,13,[10  2],4,12,25,8,12
1,<environment.Job instance at 0x14ea489ad140>,5,12,[2 8],8,12,24,4,12
1,<environment.Job instance at 0x14ea535783c0>,0,15,[ 2 12],1,120,135,119,120
1,<environment.Job instance at 0x14ea52a987d0>,1,27,[6 1],4,4,31,0,4
1,<environment.Job instance at 0x14ea47900af0>,6,25,[1 8],9,21,46,12,21
1,<environment.Job instance at 0x14ea47900b40>,5,1,[1 9],8,46,47,38,45
1,<environment.Job instance at 0x14ea47900aa0>,3,3,[ 1 13],6,49,52,43,49
1,<environment.Job instance at 0x14ea446f0370>,1,2,[ 1 12],3,3,5,0,3
1,<environment.Job instance at 0x14ea449e6a00>,0,18,[12  2],1,91,109,90,91
1,<environment.Job instance at 0x14ea52a0cdc0>,5,1,[2 7],9,91,92,82,91
1,<environment.Job instance at 0x14ea529b5410>,2,3,[11  1],5,401,404,396,401
1,<environment.Job instance at 0x14ea4735e8c0>,1,20,[6 1],3,3,23,0,3
1,<environment.Job instance at 0x14ea5343cbe0>,5,2,[9 2],8,77,79,69,77
1,<environment.Job instance at 0x14ea53449280>,4,26,[9 1],7,11,37,4,11
1,<environment.Job instance at 0x14ea53449500>,6,2,[ 2 11],9,15,17,6,15
1,<environment.Job instance at 0x14ea5343c190>,3,3,[6 1],6,18,21,12,18
1,<environment.Job instance at 0x14ea534c90a0>,1,14,[ 1 13],2,66,80,64,66
1,<environment.Job instance at 0x14ea43ea1910>,5,2,[13  2],9,87,89,78,87
1,<environment.Job instance at 0x14ea44561c80>,4,14,[14  1],6,59,73,53,59
1,<environment.Job instance at 0x14ea44561f00>,6,3,[10  1],9,73,76,64,63
1,<environment.Job instance at 0x14ea43fca5a0>,5,16,[1 5],8,10,26,2,10
1,<environment.Job instance at 0x14ea43fcaf00>,6,2,[ 1 10],9,11,13,2,11
1,<environment.Job instance at 0x14ea52b802d0>,2,1,[1 5],5,19,20,14,19
1,<environment.Job instance at 0x14ea52b80f00>,3,18,[8 2],6,30,48,24,30
1,<environment.Job instance at 0x14ea52b80a50>,0,3,[ 2 11],3,134,137,131,134
1,<environment.Job instance at 0x14ea47860a00>,6,2,[13  1],7,7,9,0,7
1,<environment.Job instance at 0x14ea4403b140>,3,2,[1 8],4,9,11,5,9
1,<environment.Job instance at 0x14ea478609b0>,4,26,[14  2],5,14,40,9,14
1,<environment.Job instance at 0x14ea47860b40>,2,3,[12  1],3,42,45,39,42
1,<environment.Job instance at 0x14ea448a56e0>,0,1,[2 8],1,1,2,0,1
1,<environment.Job instance at 0x14ea44026f00>,5,20,[2 7],8,10,30,2,10
1,<environment.Job instance at 0x14ea440e7280>,2,2,[1 5],4,4,6,0,4
1,<environment.Job instance at 0x14ea440e7910>,1,3,[ 2 13],3,6,9,3,6
1,<environment.Job instance at 0x14ea44026dc0>,3,3,[1 9],5,17,20,12,17
1,<environment.Job instance at 0x14ea440e7780>,0,2,[ 1 12],2,21,23,19,21
1,<environment.Job instance at 0x14ea473ce870>,0,1,[7 2],1,1,2,0,1
1,<environment.Job instance at 0x14ea43d86cd0>,1,1,[2 8],3,3,4,0,3
1,<environment.Job instance at 0x14ea43d86d70>,2,1,[2 6],4,4,5,0,4
1,<environment.Job instance at 0x14ea43ea5780>,4,3,[9 2],5,7,10,2,7
1,<environment.Job instance at 0x14ea43ea56e0>,6,16,[12  2],7,10,26,3,9
1,<environment.Job instance at 0x14ea43ea51e0>,1,1,[ 1 14],2,29,30,27,29
1,<environment.Job instance at 0x14ea43cb7d20>,3,2,[ 1 14],5,7,9,2,7
1,<environment.Job instance at 0x14ea43cb79b0>,4,14,[6 1],6,32,46,26,32
1,<environment.Job instance at 0x14ea43cb76e0>,6,14,[ 2 14],8,131,145,123,131
1,<environment.Job instance at 0x14ea48941820>,3,2,[10  2],5,7,9,2,7
1,<environment.Job instance at 0x14ea48941730>,1,25,[12  1],2,9,34,7,8
1,<environment.Job instance at 0x14ea4881cbe0>,1,16,[10  1],2,4,20,2,4
1,<environment.Job instance at 0x14ea52a53730>,3,18,[ 2 13],7,350,368,343,350
1,<environment.Job instance at 0x14ea440b6140>,3,27,[10  2],8,14,41,6,14
1,<environment.Job instance at 0x14ea47755aa0>,3,2,[12  2],5,30,32,25,30
1,<environment.Job instance at 0x14ea47755d70>,7,27,[1 7],9,34,61,25,34
1,<environment.Job instance at 0x14ea52abfe10>,2,28,[ 1 10],4,4,32,0,4
1,<environment.Job instance at 0x14ea4890abe0>,3,13,[10  1],9,56,69,47,56
1,<environment.Job instance at 0x14ea4890a960>,1,15,[ 2 14],6,68,83,62,68
1,<environment.Job instance at 0x14ea471d4230>,0,2,[ 1 12],3,5,7,2,5
1,<environment.Job instance at 0x14ea471d4370>,4,1,[13  1],8,75,76,67,75
1,<environment.Job instance at 0x14ea442137d0>,1,16,[8 1],4,4,20,0,4
1,<environment.Job instance at 0x14ea43fe2870>,7,2,[1 8],9,17,19,8,17
1,<environment.Job instance at 0x14ea43fe27d0>,2,16,[ 1 11],3,78,94,75,78
1,<environment.Job instance at 0x14ea4765cb40>,6,17,[5 2],8,9,26,1,9
1,<environment.Job instance at 0x14ea4765c640>,4,3,[6 2],6,14,17,8,14
1,<environment.Job instance at 0x14ea69554550>,1,1,[ 1 12],3,39,40,36,39
1,<environment.Job instance at 0x14ea448883c0>,6,2,[ 2 13],8,9,11,1,9
1,<environment.Job instance at 0x14ea44888640>,2,1,[ 1 12],4,14,15,10,14
1,<environment.Job instance at 0x14ea448880f0>,5,1,[6 2],7,71,72,64,71
1,<environment.Job instance at 0x14ea69554780>,1,3,[ 2 13],3,159,162,156,159
1,<environment.Job instance at 0x14ea448882d0>,7,16,[ 2 12],9,423,439,414,423
1,<environment.Job instance at 0x14ea48942820>,6,21,[2 5],9,11,32,2,11
1,<environment.Job instance at 0x14ea48942500>,5,21,[ 2 10],8,270,291,262,270
1,<environment.Job instance at 0x14ea477a7be0>,3,15,[9 2],5,5,20,0,5
1,<environment.Job instance at 0x14ea4425a2d0>,3,27,[2 6],5,6,33,1,6
1,<environment.Job instance at 0x14ea50064640>,6,17,[7 1],9,196,213,187,196
1,<environment.Job instance at 0x14ea50064410>,4,17,[12  1],5,293,310,288,293
1,<environment.Job instance at 0x14ea4412a640>,4,1,[7 1],5,9,10,4,9
1,<environment.Job instance at 0x14ea4412a460>,6,2,[6 2],7,13,15,6,13
1,<environment.Job instance at 0x14ea4412a320>,8,1,[1 8],9,14,15,5,14
1,<environment.Job instance at 0x14ea4412a780>,0,13,[ 2 14],1,92,105,91,92
1,<environment.Job instance at 0x14ea4412acd0>,7,13,[ 2 13],8,423,436,415,423
1,<environment.Job instance at 0x14ea4412aa50>,3,1,[5 2],4,426,427,422,426
1,<environment.Job instance at 0x14ea447b95a0>,5,2,[7 2],7,7,9,0,7
1,<environment.Job instance at 0x14ea43e9d0f0>,4,2,[14  1],5,156,158,151,156
1,<environment.Job instance at 0x14ea476992d0>,0,22,[8 1],1,1,23,0,1
1,<environment.Job instance at 0x14ea47699190>,6,2,[2 9],8,8,10,0,8
1,<environment.Job instance at 0x14ea47699820>,5,3,[7 2],7,223,226,216,223
1,<environment.Job instance at 0x14ea535191e0>,4,1,[ 1 14],6,6,7,0,6
1,<environment.Job instance at 0x14ea4491f320>,4,3,[ 2 14],8,10,13,2,10
1,<environment.Job instance at 0x14ea4491f4b0>,5,22,[9 1],9,20,42,11,20
1,<environment.Job instance at 0x14ea443912d0>,2,2,[12  1],5,29,31,24,29
1,<environment.Job instance at 0x14ea443912d0>,3,27,[5 1],6,6,33,0,6
1,<environment.Job instance at 0x14ea45cd3140>,4,15,[14  1],7,46,61,39,46
1,<environment.Job instance at 0x14ea45480e10>,3,25,[10  1],7,38,63,31,38
1,<environment.Job instance at 0x14ea45480280>,5,3,[9 2],9,385,388,376,385
1,<environment.Job instance at 0x14ea48831a00>,0,1,[14  2],3,133,134,130,133
1,<environment.Job instance at 0x14ea48831550>,4,26,[ 2 13],9,547,573,538,547
1,<environment.Job instance at 0x14ea500a30f0>,1,24,[12  1],3,8,32,5,8
1,<environment.Job instance at 0x14ea500a3640>,4,2,[7 1],7,32,34,25,30
1,<environment.Job instance at 0x14ea500a3910>,3,14,[13  1],6,590,604,584,590
1,<environment.Job instance at 0x14ea44993d70>,4,2,[2 6],8,8,10,0,8
1,<environment.Job instance at 0x14ea44993c30>,0,13,[ 2 11],2,15,28,13,15
1,<environment.Job instance at 0x14ea44993370>,5,2,[2 8],9,28,30,19,15
1,<environment.Job instance at 0x14ea44993cd0>,2,28,[9 2],6,19,47,13,19
1,<environment.Job instance at 0x14ea44993410>,1,28,[11  2],3,71,99,68,71
1,<environment.Job instance at 0x14ea449931e0>,3,1,[6 2],7,99,100,92,88
1,<environment.Job instance at 0x14ea53504c30>,5,3,[2 8],7,7,10,0,7
1,<environment.Job instance at 0x14ea489c0cd0>,6,1,[8 1],8,8,9,0,8
1,<environment.Job instance at 0x14ea53504d20>,3,2,[ 1 12],4,16,18,12,16
1,<environment.Job instance at 0x14ea53504e60>,4,25,[ 1 10],5,251,276,246,251
1,<environment.Job instance at 0x14ea52afd6e0>,7,1,[1 9],9,37,38,28,37
1,<environment.Job instance at 0x14ea43d2e460>,6,1,[ 1 10],7,7,8,0,7
1,<environment.Job instance at 0x14ea43d2ea50>,7,2,[1 9],8,9,11,1,9
1,<environment.Job instance at 0x14ea43d2e7d0>,8,16,[2 9],9,22,38,13,22
1,<environment.Job instance at 0x14ea43d2e410>,4,2,[9 1],5,32,34,27,32
1,<environment.Job instance at 0x14ea43d2e500>,2,16,[13  1],3,51,67,48,51
1,<environment.Job instance at 0x14ea43d2ec30>,5,3,[ 2 13],6,116,119,110,116
1,<environment.Job instance at 0x14ea6a506e60>,3,21,[2 9],4,4,25,0,4
1,<environment.Job instance at 0x14ea6a506c30>,4,21,[12  2],6,80,101,74,80
1,<environment.Job instance at 0x14ea44492500>,0,2,[2 6],1,1,3,0,1
1,<environment.Job instance at 0x14ea43d48820>,2,3,[11  1],9,741,744,732,741
1,<environment.Job instance at 0x14ea45ce56e0>,2,16,[11  1],4,74,90,70,74
1,<environment.Job instance at 0x14ea5009d410>,5,19,[13  2],8,147,166,139,147
1,<environment.Job instance at 0x14ea43e15460>,2,13,[13  1],5,151,164,146,151
1,<environment.Job instance at 0x14ea43e15870>,3,1,[13  2],6,251,252,245,251
1,<environment.Job instance at 0x14ea472375a0>,5,22,[ 1 12],7,7,29,0,7
1,<environment.Job instance at 0x14ea47190cd0>,5,15,[ 1 13],8,16,31,8,16
1,<environment.Job instance at 0x14ea695444b0>,5,3,[ 2 10],6,9,12,3,9
1,<environment.Job instance at 0x14ea48d32aa0>,6,26,[1 9],8,13,39,5,13
1,<environment.Job instance at 0x14ea48d32d20>,4,1,[13  1],5,94,95,89,94
1,<environment.Job instance at 0x14ea48d328c0>,7,17,[8 2],9,236,253,227,236
1,<environment.Job instance at 0x14ea43bf5370>,6,21,[6 1],9,9,30,0,9
1,<environment.Job instance at 0x14ea43f93280>,2,1,[ 2 10],3,8,9,5,8
1,<environment.Job instance at 0x14ea43f933c0>,4,1,[1 7],7,24,25,17,24
1,<environment.Job instance at 0x14ea43f93870>,5,27,[1 7],9,24,51,15,24
1,<environment.Job instance at 0x14ea48d88280>,0,3,[ 2 13],1,51,54,50,48
1,<environment.Job instance at 0x14ea43f93730>,3,2,[2 8],4,110,112,106,110
1,<environment.Job instance at 0x14ea48d88f00>,1,14,[ 2 12],2,425,439,423,425
1,<environment.Job instance at 0x14ea52a3cd70>,3,19,[ 2 14],4,4,23,0,4
1,<environment.Job instance at 0x14ea4738eaf0>,5,3,[13  2],6,219,222,213,219
1,<environment.Job instance at 0x14ea43e2feb0>,2,3,[12  1],5,2802,2805,2797,2802
1,<environment.Job instance at 0x14ea47276550>,1,26,[7 1],2,2,28,0,2
1,<environment.Job instance at 0x14ea471a4320>,4,28,[ 1 12],5,7,35,2,7
1,<environment.Job instance at 0x14ea44646690>,2,3,[9 1],4,4,7,0,4
1,<environment.Job instance at 0x14ea44646730>,6,3,[ 2 10],9,9,12,0,9
1,<environment.Job instance at 0x14ea446465f0>,4,20,[ 2 11],6,97,117,91,97
1,<environment.Job instance at 0x14ea535dc230>,0,15,[6 1],1,1,16,0,1
1,<environment.Job instance at 0x14ea43d2e690>,1,1,[7 2],3,5,6,2,5
1,<environment.Job instance at 0x14ea43d2e5a0>,3,3,[ 2 13],6,73,76,67,73
1,<environment.Job instance at 0x14ea43d2ee10>,2,1,[12  1],4,116,117,112,116
1,<environment.Job instance at 0x14ea472d9280>,3,2,[13  1],4,160,162,156,160
1,<environment.Job instance at 0x14ea472d9f50>,5,3,[ 1 10],7,237,240,230,237
1,<environment.Job instance at 0x14ea472d9cd0>,4,1,[10  1],5,242,243,237,242
1,<environment.Job instance at 0x14ea48d24fa0>,4,15,[6 2],5,5,20,0,5
1,<environment.Job instance at 0x14ea47335230>,2,19,[7 2],3,6,25,3,6
1,<environment.Job instance at 0x14ea48d24870>,5,3,[2 9],6,6,9,0,6
1,<environment.Job instance at 0x14ea45151c80>,7,2,[11  2],9,25,27,16,13
1,<environment.Job instance at 0x14ea47335960>,0,28,[14  1],1,60,88,59,60
1,<environment.Job instance at 0x14ea48d24d70>,3,1,[6 1],4,194,195,190,194
1,<environment.Job instance at 0x14ea48c840f0>,1,2,[ 1 11],3,4,6,1,4
1,<environment.Job instance at 0x14ea52b4ff00>,5,2,[12  1],8,13,15,5,13
1,<environment.Job instance at 0x14ea4716d820>,6,16,[8 2],8,9,25,1,9
1,<environment.Job instance at 0x14ea4482b640>,6,2,[5 1],7,7,9,0,7
1,<environment.Job instance at 0x14ea4482b230>,7,2,[7 2],8,9,11,1,9
1,<environment.Job instance at 0x14ea4482b5a0>,8,1,[1 6],9,9,10,0,9
1,<environment.Job instance at 0x14ea6a0ffb90>,1,1,[10  1],2,16,17,14,16
1,<environment.Job instance at 0x14ea4482baa0>,3,16,[7 1],4,39,55,35,39
1,<environment.Job instance at 0x14ea6a0ffa50>,0,3,[ 1 11],1,122,125,121,122
1,<environment.Job instance at 0x14ea48c1b2d0>,2,15,[6 1],8,8,23,0,8
1,<environment.Job instance at 0x14ea48c1b5f0>,3,2,[13  1],9,146,148,137,146
1,<environment.Job instance at 0x14ea48bd1a50>,5,28,[ 2 11],8,9,37,1,9
1,<environment.Job instance at 0x14ea5352beb0>,4,1,[ 1 14],7,24,25,17,24
1,<environment.Job instance at 0x14ea529d8a50>,0,2,[ 2 13],1,2,4,1,2
1,<environment.Job instance at 0x14ea448c7410>,6,16,[ 1 11],9,121,137,112,121
1,<environment.Job instance at 0x14ea4495e0f0>,1,2,[2 8],3,4,6,1,4
1,<environment.Job instance at 0x14ea44921140>,0,2,[2 6],2,2,4,0,2
1,<environment.Job instance at 0x14ea43d162d0>,2,25,[2 7],4,4,29,0,4
1,<environment.Job instance at 0x14ea44a69780>,3,1,[ 1 14],4,4,5,0,4
1,<environment.Job instance at 0x14ea448d4190>,7,2,[7 2],8,8,10,0,8
1,<environment.Job instance at 0x14ea448d4500>,2,1,[11  1],3,14,15,11,14
1,<environment.Job instance at 0x14ea448d4d70>,5,3,[2 7],6,27,30,21,27
1,<environment.Job instance at 0x14ea448d4fa0>,4,25,[9 1],5,31,56,26,31
1,<environment.Job instance at 0x14ea45246410>,0,2,[ 1 14],2,2,4,0,2
1,<environment.Job instance at 0x14ea4461d460>,2,1,[ 1 12],7,10,11,3,10
1,<environment.Job instance at 0x14ea4461d690>,3,21,[1 9],8,23,44,15,23
1,<environment.Job instance at 0x14ea4888a5a0>,3,1,[10  2],7,12,13,5,12
1,<environment.Job instance at 0x14ea4888ad20>,4,3,[2 9],8,16,19,8,16
1,<environment.Job instance at 0x14ea4888aaf0>,2,1,[ 1 12],6,395,396,389,395
1,<environment.Job instance at 0x14ea52a5c320>,3,3,[11  1],5,6,9,1,6
1,<environment.Job instance at 0x14ea695795a0>,7,3,[8 1],9,12,15,3,12
1,<environment.Job instance at 0x14ea69579f00>,5,1,[12  2],7,15,16,8,15
1,<environment.Job instance at 0x14ea69579c80>,4,2,[13  1],6,29,31,23,29
1,<environment.Job instance at 0x14ea6a56c410>,1,22,[7 1],5,5,27,0,5
1,<environment.Job instance at 0x14ea445f3870>,4,1,[8 1],6,65,66,59,65
1,<environment.Job instance at 0x14ea445f3f00>,2,17,[13  2],4,607,624,603,607
1,<environment.Job instance at 0x14ea44018b40>,6,1,[5 2],9,15,16,6,15
1,<environment.Job instance at 0x14ea44018910>,4,1,[ 1 13],7,27,28,20,27
1,<environment.Job instance at 0x14ea4432a0f0>,5,12,[ 1 14],8,129,141,121,129
1,<environment.Job instance at 0x14ea6a508a50>,0,1,[11  1],9,87,88,78,87
1,<environment.Job instance at 0x14ea9b957910>,4,1,[6 1],6,18,19,12,18
1,<environment.Job instance at 0x14ea48ce4690>,7,16,[ 2 10],9,36,52,27,36
1,<environment.Job instance at 0x14ea443343c0>,1,2,[ 1 14],2,52,54,50,51
1,<environment.Job instance at 0x14ea446cd230>,2,17,[9 2],5,6,23,1,6
1,<environment.Job instance at 0x14ea443be140>,3,2,[11  2],7,56,58,49,56
1,<environment.Job instance at 0x14ea535d91e0>,4,12,[7 2],5,10,22,5,10
1,<environment.Job instance at 0x14ea6a2515a0>,8,16,[ 1 13],9,64,80,55,64
1,<environment.Job instance at 0x14ea47320d20>,4,2,[1 5],6,11,13,5,11
1,<environment.Job instance at 0x14ea473207d0>,5,13,[1 9],7,11,24,4,11
1,<environment.Job instance at 0x14ea47320eb0>,6,2,[10  2],8,13,15,5,13
1,<environment.Job instance at 0x14ea47320730>,2,1,[9 2],4,31,32,27,31
1,<environment.Job instance at 0x14ea47320050>,0,17,[11  2],1,320,337,319,320
1,<environment.Job instance at 0x14ea47320be0>,3,17,[8 1],5,721,738,716,721
1,<environment.Job instance at 0x14ea47699910>,0,1,[1 5],1,1,2,0,1
1,<environment.Job instance at 0x14ea47699190>,1,2,[1 9],2,2,4,0,2
1,<environment.Job instance at 0x14ea53460fa0>,4,19,[5 2],7,9,28,2,9
1,<environment.Job instance at 0x14ea449dc320>,7,16,[1 5],9,10,26,1,10
1,<environment.Job instance at 0x14ea4422c910>,3,2,[2 5],6,20,22,14,20
1,<environment.Job instance at 0x14ea4422c8c0>,5,15,[9 1],8,48,63,40,48
1,<environment.Job instance at 0x14ea4422cb40>,1,17,[12  1],3,137,154,134,137
1,<environment.Job instance at 0x14ea4879fe60>,7,2,[11  1],9,165,167,156,165
1,<environment.Job instance at 0x14ea51317690>,2,17,[ 1 14],7,13,30,6,13
1,<environment.Job instance at 0x14ea47276730>,5,2,[ 2 14],6,6,8,0,6
1,<environment.Job instance at 0x14ea47358690>,3,16,[5 1],5,47,63,42,47
1,<environment.Job instance at 0x14ea47358be0>,1,12,[ 2 11],2,331,343,329,331
1,<environment.Job instance at 0x14ea48cbce60>,8,26,[1 8],9,16,42,7,16
1,<environment.Job instance at 0x14ea48cbcf50>,1,22,[5 2],2,2,24,0,2
1,<environment.Job instance at 0x14ea43fae3c0>,2,21,[1 5],4,4,25,0,4
1,<environment.Job instance at 0x14ea43f48870>,6,3,[2 5],9,103,106,94,103
1,<environment.Job instance at 0x14ea43f48be0>,4,17,[11  2],6,277,294,271,277
1,<environment.Job instance at 0x14ea449b3a50>,2,3,[10  1],3,19,22,16,19
1,<environment.Job instance at 0x14ea449b3730>,4,18,[1 9],5,21,39,16,21
1,<environment.Job instance at 0x14ea449b3410>,6,3,[7 1],7,22,25,15,22
1,<environment.Job instance at 0x14ea449b36e0>,7,1,[8 2],8,25,26,17,22
1,<environment.Job instance at 0x14ea449b3c30>,0,18,[ 1 14],1,260,278,259,260
1,<environment.Job instance at 0x14ea43df6d20>,2,1,[8 1],3,3,4,0,3
1,<environment.Job instance at 0x14ea43df6c30>,0,1,[ 1 10],1,8,9,7,8
1,<environment.Job instance at 0x14ea53538f00>,4,19,[ 2 14],9,184,203,175,184
1,<environment.Job instance at 0x14ea53538500>,1,17,[11  2],4,322,339,318,322
1,<environment.Job instance at 0x14ea44230c80>,5,3,[ 1 14],7,27,30,20,27
1,<environment.Job instance at 0x14ea488f5230>,6,16,[5 2],8,11,27,3,11
1,<environment.Job instance at 0x14ea4431d640>,3,1,[ 1 13],4,9,10,5,9
1,<environment.Job instance at 0x14ea443be820>,4,1,[11  1],6,47,48,41,47
1,<environment.Job instance at 0x14ea4431dfa0>,5,13,[ 2 11],7,458,471,451,458
1,<environment.Job instance at 0x14ea6805aa50>,0,1,[14  2],1,2,3,1,2
1,<environment.Job instance at 0x14ea5132cb40>,3,17,[12  1],4,95,112,91,95
1,<environment.Job instance at 0x14ea5132c9b0>,5,3,[1 6],6,118,121,112,118
1,<environment.Job instance at 0x14ea5132c550>,6,2,[1 9],9,208,210,199,208
1,<environment.Job instance at 0x14ea535c6d20>,2,1,[6 2],3,5,6,2,5
1,<environment.Job instance at 0x14ea69566460>,4,1,[8 2],5,21,22,16,21
1,<environment.Job instance at 0x14ea535c65f0>,6,1,[11  2],7,54,55,47,54
1,<environment.Job instance at 0x14ea535c6870>,0,12,[13  2],1,416,428,415,416
1,<environment.Job instance at 0x14ea535c6b40>,3,3,[14  2],4,1223,1226,1219,1223
1,<environment.Job instance at 0x14ea98102730>,5,19,[1 6],6,10,29,4,10
1,<environment.Job instance at 0x14ea44a675f0>,7,2,[1 7],9,32,34,23,32
1,<environment.Job instance at 0x14ea488ff550>,0,2,[1 6],1,1,3,0,1
1,<environment.Job instance at 0x14ea488ff640>,3,25,[12  1],5,8,33,3,8
1,<environment.Job instance at 0x14ea488ff410>,5,17,[7 2],8,33,50,25,21
1,<environment.Job instance at 0x14ea488ff8c0>,6,13,[2 5],9,32,45,23,32
1,<environment.Job instance at 0x14ea488ff4b0>,1,23,[14  1],3,50,73,47,48
1,<environment.Job instance at 0x14ea488ff2d0>,4,1,[8 1],6,135,136,129,135
1,<environment.Job instance at 0x14ea4422c140>,5,25,[1 5],9,9,34,0,9
1,<environment.Job instance at 0x14ea443ba0a0>,2,2,[8 2],5,7,9,2,7
1,<environment.Job instance at 0x14ea443ba190>,3,22,[10  2],6,9,31,3,7
1,<environment.Job instance at 0x14ea443bae10>,1,2,[14  1],2,106,108,104,106
1,<environment.Job instance at 0x14ea443ba3c0>,4,1,[ 1 10],7,109,110,102,109
1,<environment.Job instance at 0x14ea47610730>,2,21,[ 1 11],6,6,27,0,6
1,<environment.Job instance at 0x14ea47610e10>,3,2,[ 1 11],7,27,29,20,22
1,<environment.Job instance at 0x14ea4881eb40>,7,16,[8 1],9,9,25,0,9
1,<environment.Job instance at 0x14ea449eff00>,6,3,[9 1],9,9,12,0,9
1,<environment.Job instance at 0x14ea449ef4b0>,2,14,[10  1],4,12,26,8,10
1,<environment.Job instance at 0x14ea449ef370>,4,21,[5 1],6,16,37,10,16
1,<environment.Job instance at 0x14ea449efe60>,3,3,[ 1 14],5,58,61,53,58
1,<environment.Job instance at 0x14ea43dcc1e0>,5,23,[1 5],9,9,32,0,9
1,<environment.Job instance at 0x14ea6956e140>,0,22,[5 1],1,2,24,1,2
1,<environment.Job instance at 0x14ea6956e500>,4,2,[5 2],8,72,74,64,72
1,<environment.Job instance at 0x14ea53596230>,1,2,[ 2 14],2,3,5,1,3
1,<environment.Job instance at 0x14ea535963c0>,4,23,[ 2 10],6,6,29,0,6
1,<environment.Job instance at 0x14ea43edee10>,7,2,[1 6],8,10,12,2,10
1,<environment.Job instance at 0x14ea43ede500>,8,16,[1 9],9,11,27,2,11
1,<environment.Job instance at 0x14ea43ede140>,4,3,[2 5],5,17,20,12,17
1,<environment.Job instance at 0x14ea43ede2d0>,6,18,[ 2 11],7,733,751,726,733
1,<environment.Job instance at 0x14ea43ede320>,3,3,[14  2],4,759,762,755,759
1,<environment.Job instance at 0x14ea44648fa0>,2,2,[11  1],3,7,9,4,7
1,<environment.Job instance at 0x14ea446487d0>,3,1,[8 2],4,12,13,8,12
1,<environment.Job instance at 0x14ea446483c0>,4,12,[1 8],5,23,35,18,23
1,<environment.Job instance at 0x14ea446481e0>,5,28,[ 2 10],6,46,74,40,46
1,<environment.Job instance at 0x14ea43d40960>,1,2,[ 1 14],2,4,6,2,4
1,<environment.Job instance at 0x14ea440430a0>,6,2,[1 5],9,9,11,0,9
1,<environment.Job instance at 0x14ea43d40f00>,4,2,[14  1],6,246,248,240,246
1,<environment.Job instance at 0x14ea43d408c0>,5,2,[12  2],8,1040,1042,1032,1040
1,<environment.Job instance at 0x14ea5346e140>,5,3,[13  1],9,307,310,298,307
1,<environment.Job instance at 0x14ea449d5190>,0,2,[ 1 11],2,3,5,1,3
1,<environment.Job instance at 0x14ea52a9bd70>,6,1,[2 5],9,12,13,3,12
1,<environment.Job instance at 0x14ea449d50a0>,2,16,[ 1 12],4,46,62,42,46
1,<environment.Job instance at 0x14ea52a9b5a0>,5,12,[13  2],7,2161,2173,2154,2161
1,<environment.Job instance at 0x14ea43e56be0>,4,16,[14  1],7,151,167,144,151
1,<environment.Job instance at 0x14ea449d3410>,7,23,[1 8],9,13,36,4,13
1,<environment.Job instance at 0x14ea53484190>,7,1,[2 5],9,20,21,11,20
1,<environment.Job instance at 0x14ea448d4c30>,0,3,[ 2 11],1,1,4,0,1
1,<environment.Job instance at 0x14ea43d160f0>,5,2,[14  2],8,138,140,130,138
1,<environment.Job instance at 0x14ea48bf72d0>,2,2,[1 9],3,3,5,0,3
1,<environment.Job instance at 0x14ea48bf7910>,5,2,[ 1 14],7,7,9,0,7
1,<environment.Job instance at 0x14ea680a8820>,0,2,[2 8],1,1,3,0,1
1,<environment.Job instance at 0x14ea48bf7af0>,4,13,[8 1],8,8,21,0,8
1,<environment.Job instance at 0x14ea4448a870>,2,1,[ 2 10],6,6,7,0,6
1,<environment.Job instance at 0x14ea4448a320>,3,3,[1 9],8,24,27,16,24
1,<environment.Job instance at 0x14ea43e03fa0>,3,18,[10  2],6,7,25,1,7
1,<environment.Job instance at 0x14ea44155230>,3,2,[11  2],6,19,21,13,19
1,<environment.Job instance at 0x14ea43d350f0>,5,17,[7 1],9,21,38,12,20
1,<environment.Job instance at 0x14ea43d35690>,4,2,[12  1],7,228,230,221,228
1,<environment.Job instance at 0x14ea442da640>,1,13,[14  1],7,60,73,53,60
1,<environment.Job instance at 0x14ea44622870>,0,1,[ 1 11],2,6,7,4,6
1,<environment.Job instance at 0x14ea69e7f5f0>,1,28,[8 1],2,2,30,0,2
1,<environment.Job instance at 0x14ea48819690>,6,3,[2 5],8,54,57,46,54
1,<environment.Job instance at 0x14ea48819690>,2,3,[ 2 13],8,17,20,9,17
1,<environment.Job instance at 0x14ea48c5dfa0>,0,27,[2 9],2,3,30,1,3
1,<environment.Job instance at 0x14ea445269b0>,0,1,[2 8],1,1,2,0,1
1,<environment.Job instance at 0x14ea44526050>,3,2,[13  2],4,4,6,0,4
1,<environment.Job instance at 0x14ea44526410>,4,1,[14  1],5,19,20,14,19
1,<environment.Job instance at 0x14ea43c03870>,3,3,[ 2 12],6,223,226,217,223
1,<environment.Job instance at 0x14ea43d65140>,2,2,[ 1 14],5,7,9,2,7
1,<environment.Job instance at 0x14ea43d65780>,5,2,[9 2],8,9,11,1,8
1,<environment.Job instance at 0x14ea43d65640>,4,17,[14  2],7,28,45,21,28
1,<environment.Job instance at 0x14ea44ad5b40>,2,27,[9 2],5,8,35,3,8
1,<environment.Job instance at 0x14ea6a0fcd70>,4,3,[1 6],7,10,13,3,10
1,<environment.Job instance at 0x14ea44ad58c0>,6,1,[ 1 10],9,13,14,4,10
1,<environment.Job instance at 0x14ea44ad5460>,5,1,[14  2],8,85,86,77,85
1,<environment.Job instance at 0x14ea44ad56e0>,0,2,[11  1],1,140,142,139,140
1,<environment.Job instance at 0x14ea44ad5410>,3,2,[7 1],6,310,312,304,310
1,<environment.Job instance at 0x14ea44038af0>,4,2,[8 1],6,26,28,20,26
1,<environment.Job instance at 0x14ea44038230>,1,3,[ 2 11],2,47,50,45,47
1,<environment.Job instance at 0x14ea52a34460>,6,14,[ 1 12],8,186,200,178,186
1,<environment.Job instance at 0x14ea44841780>,0,26,[2 7],1,1,27,0,1
1,<environment.Job instance at 0x14ea475ffb90>,4,1,[12  2],6,52,53,46,52
1,<environment.Job instance at 0x14ea489a07d0>,1,15,[7 2],3,3,18,0,3
1,<environment.Job instance at 0x14ea489a0050>,4,21,[6 2],9,9,30,0,9
1,<environment.Job instance at 0x14ea69e7d050>,3,1,[1 6],4,9,10,5,9
1,<environment.Job instance at 0x14ea44011280>,3,3,[2 9],4,5,8,1,5
1,<environment.Job instance at 0x14ea69dfae60>,2,18,[6 1],3,6,24,3,6
1,<environment.Job instance at 0x14ea440110a0>,5,18,[2 8],6,8,26,2,7
1,<environment.Job instance at 0x14ea44011b90>,7,18,[8 1],9,29,47,20,29
1,<environment.Job instance at 0x14ea48d7f820>,0,16,[6 2],2,2,18,0,2
1,<environment.Job instance at 0x14ea48d7fd70>,1,2,[ 2 12],3,11,13,8,11
1,<environment.Job instance at 0x14ea48d7fa00>,3,20,[8 1],7,14,34,7,14
1,<environment.Job instance at 0x14ea44aa3af0>,4,3,[1 8],6,7,10,1,7
1,<environment.Job instance at 0x14ea44aa3730>,5,2,[6 2],7,12,14,5,12
1,<environment.Job instance at 0x14ea44aa3230>,6,1,[1 7],8,14,15,6,14
1,<environment.Job instance at 0x14ea44aa38c0>,1,26,[7 2],2,14,40,12,14
1,<environment.Job instance at 0x14ea44aa3e10>,7,12,[5 2],9,14,26,5,14
1,<environment.Job instance at 0x14ea44aa3190>,0,1,[14  1],1,48,49,47,48
1,<environment.Job instance at 0x14ea44aa3640>,2,17,[ 1 11],4,1413,1430,1409,1413
1,<environment.Job instance at 0x14ea44aa3140>,3,1,[13  1],5,1639,1640,1634,1639
1,<environment.Job instance at 0x14ea442e9c30>,4,3,[1 8],5,5,8,0,5
1,<environment.Job instance at 0x14ea442e9960>,2,1,[ 2 13],3,8,9,5,5
1,<environment.Job instance at 0x14ea447e0230>,4,13,[14  1],9,212,225,203,212
1,<environment.Job instance at 0x14ea446a9f50>,6,1,[7 1],9,10,11,1,10
1,<environment.Job instance at 0x14ea446a90a0>,2,2,[13  1],3,69,71,66,69
1,<environment.Job instance at 0x14ea446a9550>,5,3,[8 1],7,177,180,170,177
1,<environment.Job instance at 0x14ea4406daf0>,0,12,[11  2],1,5,17,4,5
1,<environment.Job instance at 0x14ea4406da50>,2,1,[6 2],5,17,18,12,10
1,<environment.Job instance at 0x14ea476156e0>,4,25,[ 2 11],5,5,30,0,5
1,<environment.Job instance at 0x14ea47615fa0>,8,2,[6 2],9,82,84,73,82
1,<environment.Job instance at 0x14ea47367b90>,4,28,[12  2],8,9,37,1,9
1,<environment.Job instance at 0x14ea447d9d70>,5,3,[8 1],9,37,40,28,11
1,<environment.Job instance at 0x14ea9bb38b40>,2,1,[1 9],4,37,38,33,37
1,<environment.Job instance at 0x14ea473675f0>,0,16,[11  1],2,158,174,156,158
1,<environment.Job instance at 0x14ea43dfee10>,1,2,[ 2 14],5,24,26,19,24
1,<environment.Job instance at 0x14ea4888ac80>,1,2,[1 9],4,6,8,2,6
1,<environment.Job instance at 0x14ea4888a0f0>,2,3,[2 6],5,17,20,12,17
1,<environment.Job instance at 0x14ea4888a910>,0,3,[ 2 14],3,24,27,21,24
1,<environment.Job instance at 0x14ea4888ad70>,3,2,[5 2],6,27,29,21,26
1,<environment.Job instance at 0x14ea45195640>,7,23,[2 9],9,10,33,1,10
1,<environment.Job instance at 0x14ea45195640>,1,1,[1 6],3,3,4,0,3
1,<environment.Job instance at 0x14ea44039d70>,3,24,[12  2],6,11,35,5,11
1,<environment.Job instance at 0x14ea43d97a50>,3,20,[9 1],5,8,28,3,8
1,<environment.Job instance at 0x14ea43d977d0>,2,3,[13  1],4,337,340,333,337
1,<environment.Job instance at 0x14ea476d5690>,0,1,[1 6],2,2,3,0,2
1,<environment.Job instance at 0x14ea43f556e0>,3,14,[13  1],9,315,329,306,315
1,<environment.Job instance at 0x14ea44146e10>,4,22,[7 2],5,5,27,0,5
1,<environment.Job instance at 0x14ea44146500>,7,1,[ 2 14],9,27,28,18,19
1,<environment.Job instance at 0x14ea44186500>,2,1,[8 1],5,5,6,0,5
1,<environment.Job instance at 0x14ea44186dc0>,5,3,[2 5],8,9,12,1,9
1,<environment.Job instance at 0x14ea44186f50>,0,12,[13  2],2,164,176,162,164
1,<environment.Job instance at 0x14ea44418aa0>,1,22,[2 5],2,2,24,0,2
1,<environment.Job instance at 0x14ea43ccbb90>,4,14,[9 1],5,5,19,0,5
1,<environment.Job instance at 0x14ea43ccb4b0>,5,16,[11  1],7,19,35,12,8
1,<environment.Job instance at 0x14ea43ccbd20>,2,18,[2 9],3,16,34,13,16
1,<environment.Job instance at 0x14ea43ccb1e0>,6,28,[5 2],8,37,65,29,37
1,<environment.Job instance at 0x14ea43ccbf00>,0,3,[ 2 12],1,48,51,47,48
1,<environment.Job instance at 0x14ea43ccb320>,1,12,[11  1],2,434,446,432,434
1,<environment.Job instance at 0x14ea43ccbb40>,3,2,[ 2 14],4,457,459,453,457
1,<environment.Job instance at 0x14ea52a1bc30>,0,2,[2 7],1,1,3,0,1
1,<environment.Job instance at 0x14ea448c45f0>,4,1,[11  2],8,229,230,221,229
1,<environment.Job instance at 0x14ea48d560f0>,4,1,[2 6],7,38,39,31,38
1,<environment.Job instance at 0x14ea48c1b0f0>,6,16,[13  2],9,211,227,202,211
1,<environment.Job instance at 0x14ea4427fe10>,1,2,[14  2],2,106,108,104,106
1,<environment.Job instance at 0x14ea4427fcd0>,4,1,[10  1],8,143,144,135,143
1,<environment.Job instance at 0x14ea980f2d70>,4,3,[5 1],5,24,27,19,24
1,<environment.Job instance at 0x14ea980f2aa0>,5,15,[7 2],6,1017,1032,1011,1017
1,<environment.Job instance at 0x14ea47641280>,2,2,[2 8],7,11,13,4,11
1,<environment.Job instance at 0x14ea48939eb0>,0,16,[ 2 13],2,14,30,12,14
1,<environment.Job instance at 0x14ea48939aa0>,1,3,[ 2 13],6,30,33,24,30
1,<environment.Job instance at 0x14ea476418c0>,3,3,[10  1],8,38,41,30,38
1,<environment.Job instance at 0x14ea48d315f0>,1,22,[6 2],2,2,24,0,2
1,<environment.Job instance at 0x14ea442614b0>,7,2,[ 1 10],8,8,10,0,8
1,<environment.Job instance at 0x14ea442610a0>,8,18,[1 6],9,10,28,1,9
1,<environment.Job instance at 0x14ea442618c0>,5,3,[1 8],6,26,29,20,26
1,<environment.Job instance at 0x14ea442615a0>,6,22,[13  1],7,123,145,116,123
1,<environment.Job instance at 0x14ea44261dc0>,4,2,[13  1],5,226,228,221,226
1,<environment.Job instance at 0x14ea52acff50>,5,3,[ 2 10],7,8,11,1,8
1,<environment.Job instance at 0x14ea52acffa0>,6,3,[2 6],8,11,14,3,9
1,<environment.Job instance at 0x14ea52acfa50>,7,2,[2 8],9,11,13,2,9
1,<environment.Job instance at 0x14ea680ba370>,1,3,[13  1],2,38,41,36,38
1,<environment.Job instance at 0x14ea43c51640>,2,1,[1 7],3,5,6,2,5
1,<environment.Job instance at 0x14ea43c51e10>,1,2,[2 9],2,6,8,4,6
1,<environment.Job instance at 0x14ea43c51820>,4,13,[8 2],5,8,21,3,8
1,<environment.Job instance at 0x14ea43c51c80>,7,3,[ 1 11],9,9,12,0,9
1,<environment.Job instance at 0x14ea43c51370>,0,2,[13  1],1,129,131,128,129
1,<environment.Job instance at 0x14ea442a4190>,5,1,[ 1 10],9,10,11,1,10
1,<environment.Job instance at 0x14ea48914fa0>,3,15,[11  2],6,13,28,7,13
1,<environment.Job instance at 0x14ea48914870>,4,12,[ 2 13],7,218,230,211,218
1,<environment.Job instance at 0x14ea6804bb40>,7,16,[5 1],9,9,25,0,9
1,<environment.Job instance at 0x14ea6804b410>,6,1,[10  2],8,13,14,5,13
1,<environment.Job instance at 0x14ea4724e3c0>,1,26,[2 6],3,3,29,0,3
1,<environment.Job instance at 0x14ea4724ed20>,6,13,[2 5],9,9,22,0,9
1,<environment.Job instance at 0x14ea4724eb90>,4,1,[2 7],6,22,23,16,17
1,<environment.Job instance at 0x14ea4724e0f0>,5,23,[2 7],7,25,48,18,25
1,<environment.Job instance at 0x14ea4724ee10>,2,2,[ 2 11],4,48,50,44,48
1,<environment.Job instance at 0x14ea473cb9b0>,2,2,[5 2],5,8,10,3,8
1,<environment.Job instance at 0x14ea473cb0f0>,1,25,[11  2],3,17,42,14,17
1,<environment.Job instance at 0x14ea44072050>,4,24,[10  1],9,48,72,39,48
1,<environment.Job instance at 0x14ea44072aa0>,3,15,[8 1],7,72,87,65,62
1,<environment.Job instance at 0x14ea472028c0>,2,3,[1 5],3,3,6,0,3
1,<environment.Job instance at 0x14ea44af2cd0>,2,21,[13  1],3,3,24,0,3
1,<environment.Job instance at 0x14ea512fd1e0>,1,14,[6 1],4,4,18,0,4
1,<environment.Job instance at 0x14ea512fde60>,4,3,[ 1 12],8,17,20,9,17
1,<environment.Job instance at 0x14ea472360f0>,1,21,[1 9],3,3,24,0,3
1,<environment.Job instance at 0x14ea44059960>,4,3,[11  1],7,7,10,0,7
1,<environment.Job instance at 0x14ea440597d0>,2,3,[7 2],4,10,13,6,7
1,<environment.Job instance at 0x14ea44059280>,5,1,[ 2 11],9,18,19,9,18
1,<environment.Job instance at 0x14ea47902550>,0,2,[13  2],1,29,31,28,29
1,<environment.Job instance at 0x14ea47902690>,1,15,[10  2],2,40,55,38,40
1,<environment.Job instance at 0x14ea471c85a0>,0,22,[2 9],1,1,23,0,1
1,<environment.Job instance at 0x14ea479153c0>,5,2,[1 7],8,60,62,52,60
1,<environment.Job instance at 0x14ea47915b40>,4,16,[12  2],6,118,134,112,118
1,<environment.Job instance at 0x14ea47915a00>,6,21,[1 6],9,123,144,114,123
1,<environment.Job instance at 0x14ea9b9e7c30>,1,1,[ 2 10],3,3,4,0,3
1,<environment.Job instance at 0x14ea475eb5a0>,7,1,[10  2],9,28,29,19,28
1,<environment.Job instance at 0x14ea475eb960>,6,3,[ 2 13],8,57,60,49,57
1,<environment.Job instance at 0x14ea4414a500>,3,1,[11  2],4,4,5,0,4
1,<environment.Job instance at 0x14ea4414a3c0>,6,17,[8 1],8,8,25,0,8
1,<environment.Job instance at 0x14ea4474f960>,5,22,[14  2],9,15,37,6,15
1,<environment.Job instance at 0x14ea4474f190>,3,14,[ 1 14],5,275,289,270,275
1,<environment.Job instance at 0x14ea4474faa0>,1,15,[14  1],2,336,351,334,336
1,<environment.Job instance at 0x14ea5346ebe0>,2,22,[1 7],4,4,26,0,4
1,<environment.Job instance at 0x14ea45cf4280>,0,1,[2 7],1,1,2,0,1
1,<environment.Job instance at 0x14ea500350f0>,3,2,[9 1],4,4,6,0,4
1,<environment.Job instance at 0x14ea68048780>,4,3,[1 7],8,48,51,40,48
1,<environment.Job instance at 0x14ea68048640>,0,13,[ 2 12],1,303,316,302,303
1,<environment.Job instance at 0x14ea69e09960>,4,1,[ 1 11],8,22,23,14,22
1,<environment.Job instance at 0x14ea477be190>,0,1,[ 2 10],1,2,3,1,2
1,<environment.Job instance at 0x14ea4401d140>,4,24,[10  2],5,9,33,4,9
1,<environment.Job instance at 0x14ea4401d7d0>,3,18,[ 1 12],4,144,162,140,144
1,<environment.Job instance at 0x14ea4401daf0>,5,1,[ 1 12],9,194,195,185,194
1,<environment.Job instance at 0x14ea441c2b90>,5,3,[7 2],7,10,13,3,10
1,<environment.Job instance at 0x14ea441c2a00>,6,1,[ 1 11],8,19,20,11,19
1,<environment.Job instance at 0x14ea441c2870>,7,3,[9 2],9,31,34,22,31
1,<environment.Job instance at 0x14ea441c26e0>,4,3,[6 1],6,78,81,72,78
1,<environment.Job instance at 0x14ea441c2b40>,1,3,[13  2],3,300,303,297,300
1,<environment.Job instance at 0x14ea43e15e10>,8,3,[2 8],9,9,12,0,9
1,<environment.Job instance at 0x14ea53568f50>,5,13,[6 1],6,23,36,17,23
1,<environment.Job instance at 0x14ea535689b0>,3,1,[ 2 12],4,38,39,34,38
1,<environment.Job instance at 0x14ea53568320>,7,2,[6 1],8,58,60,50,58
1,<environment.Job instance at 0x14ea43c0aaf0>,3,21,[5 2],6,6,27,0,6
1,<environment.Job instance at 0x14ea43c0a5f0>,6,3,[2 9],9,17,20,8,17
1,<environment.Job instance at 0x14ea43deb050>,4,2,[13  2],8,88,90,80,88
1,<environment.Job instance at 0x14ea47f5a230>,2,24,[7 1],4,5,29,1,5
1,<environment.Job instance at 0x14ea47f5a0a0>,6,27,[6 1],9,39,66,30,39
1,<environment.Job instance at 0x14ea500acc80>,2,23,[8 2],3,3,26,0,3
1,<environment.Job instance at 0x14ea4784feb0>,7,24,[2 5],8,8,32,0,8
1,<environment.Job instance at 0x14ea4461c1e0>,4,1,[9 1],5,34,35,29,34
1,<environment.Job instance at 0x14ea4784f3c0>,5,14,[6 1],6,34,48,28,34
1,<environment.Job instance at 0x14ea4784f1e0>,6,2,[10  2],7,62,64,55,62
1,<environment.Job instance at 0x14ea4784f370>,1,26,[10  2],6,8,34,2,8
1,<environment.Job instance at 0x14ea43db3460>,0,28,[13  2],2,4,32,2,4
1,<environment.Job instance at 0x14ea43db33c0>,2,2,[5 2],5,32,34,27,6
1,<environment.Job instance at 0x14ea69dfea50>,2,28,[11  1],3,5,33,2,5
1,<environment.Job instance at 0x14ea44362960>,4,20,[2 7],5,7,27,2,7
1,<environment.Job instance at 0x14ea44362870>,6,16,[7 2],8,33,49,25,20
1,<environment.Job instance at 0x14ea44362e60>,5,3,[ 2 13],7,27,30,20,26
1,<environment.Job instance at 0x14ea69dfe0a0>,0,3,[11  2],1,900,903,899,900
1,<environment.Job instance at 0x14ea48d68730>,2,17,[14  1],6,147,164,141,147
1,<environment.Job instance at 0x14ea47235b40>,1,23,[7 1],2,2,25,0,2
1,<environment.Job instance at 0x14ea47185be0>,1,1,[14  1],4,15,16,11,15
1,<environment.Job instance at 0x14ea47185960>,5,1,[9 1],9,23,24,14,23
1,<environment.Job instance at 0x14ea43e1eb40>,0,2,[11  1],1,2,4,1,2
1,<environment.Job instance at 0x14ea44aa5870>,6,14,[11  1],8,86,100,78,86
1,<environment.Job instance at 0x14ea43dbe690>,2,3,[13  1],4,80,83,76,80
1,<environment.Job instance at 0x14ea43dbe230>,4,2,[8 2],8,83,85,75,83
1,<environment.Job instance at 0x14ea43dbe3c0>,5,3,[11  1],9,692,695,683,692
1,<environment.Job instance at 0x14ea695bb5f0>,1,1,[ 2 12],2,5,6,3,5
1,<environment.Job instance at 0x14ea4787e9b0>,7,1,[ 2 10],9,43,44,34,43
1,<environment.Job instance at 0x14ea4787e870>,6,3,[ 2 12],8,107,110,99,107
1,<environment.Job instance at 0x14ea47692a00>,5,25,[7 1],6,12,37,6,12
1,<environment.Job instance at 0x14ea43e83280>,1,1,[1 6],6,6,7,0,6
1,<environment.Job instance at 0x14ea48915b40>,4,17,[2 8],8,9,26,1,9
1,<environment.Job instance at 0x14ea4763faa0>,0,25,[ 2 14],1,3,28,2,3
1,<environment.Job instance at 0x14ea534edaa0>,0,23,[13  1],1,1,24,0,1
1,<environment.Job instance at 0x14ea534ed0f0>,5,1,[2 7],7,7,8,0,7
1,<environment.Job instance at 0x14ea534ed9b0>,2,22,[13  2],4,24,46,20,23
1,<environment.Job instance at 0x14ea43d713c0>,1,21,[5 1],2,2,23,0,2
1,<environment.Job instance at 0x14ea4525af00>,2,24,[5 2],6,9,33,3,9
1,<environment.Job instance at 0x14ea4525a640>,3,24,[2 7],9,78,102,69,78
1,<environment.Job instance at 0x14ea4525ac30>,0,3,[ 1 12],3,103,106,100,103
1,<environment.Job instance at 0x14ea4787e140>,3,22,[9 2],5,5,27,0,5
1,<environment.Job instance at 0x14ea447a4960>,3,2,[ 2 13],7,8,10,1,8
1,<environment.Job instance at 0x14ea53563eb0>,0,1,[1 7],1,1,2,0,1
1,<environment.Job instance at 0x14ea53563910>,4,25,[8 1],5,11,36,6,11
1,<environment.Job instance at 0x14ea53563820>,7,3,[7 1],9,11,14,2,11
1,<environment.Job instance at 0x14ea53563b40>,5,25,[5 1],6,21,46,15,21
1,<environment.Job instance at 0x14ea44a18640>,0,1,[1 9],2,4,5,2,4
1,<environment.Job instance at 0x14ea44206f00>,6,2,[6 2],9,9,11,0,9
1,<environment.Job instance at 0x14ea44a18370>,4,3,[6 1],7,20,23,13,20
1,<environment.Job instance at 0x14ea44206550>,3,3,[13  1],6,23,26,17,22
1,<environment.Job instance at 0x14ea44206730>,5,28,[10  2],8,155,183,147,155
1,<environment.Job instance at 0x14ea48c36690>,2,19,[ 1 11],3,17,36,14,17
1,<environment.Job instance at 0x14ea52a71190>,2,3,[12  2],8,513,516,505,513
1,<environment.Job instance at 0x14ea44433fa0>,5,3,[6 2],7,28,31,21,28
1,<environment.Job instance at 0x14ea441c9b90>,1,21,[2 7],3,3,24,0,3
1,<environment.Job instance at 0x14ea512f79b0>,0,21,[7 1],1,1,22,0,1
1,<environment.Job instance at 0x14ea512f76e0>,3,22,[10  1],8,22,44,14,16
1,<environment.Job instance at 0x14ea451cd280>,0,1,[2 7],2,2,3,0,2
1,<environment.Job instance at 0x14ea451cda50>,3,21,[10  2],7,9,30,2,9
1,<environment.Job instance at 0x14ea47689230>,5,1,[5 1],9,22,23,13,22
1,<environment.Job instance at 0x14ea487f0370>,5,3,[1 5],7,7,10,0,7
1,<environment.Job instance at 0x14ea487f0320>,6,1,[5 2],8,8,9,0,8
1,<environment.Job instance at 0x14ea487f0e10>,7,16,[10  2],9,9,25,0,9
1,<environment.Job instance at 0x14ea487f0640>,1,3,[12  2],3,607,610,604,607
1,<environment.Job instance at 0x14ea478ea230>,2,24,[2 5],4,4,28,0,4
1,<environment.Job instance at 0x14ea44213410>,5,1,[8 2],9,12,13,3,12
1,<environment.Job instance at 0x14ea478ea370>,3,19,[ 2 13],5,28,47,23,18
1,<environment.Job instance at 0x14ea4468a7d0>,6,13,[1 9],9,9,22,0,9
1,<environment.Job instance at 0x14ea4468ac30>,3,2,[6 1],5,15,17,10,15
1,<environment.Job instance at 0x14ea4468a690>,4,18,[6 2],6,21,39,15,21
1,<environment.Job instance at 0x14ea476466e0>,5,3,[1 5],8,16,19,8,16
1,<environment.Job instance at 0x14ea47646af0>,3,1,[ 1 13],5,19,20,14,19
1,<environment.Job instance at 0x14ea43f69960>,1,19,[ 2 13],2,3,22,1,3
1,<environment.Job instance at 0x14ea43f69cd0>,6,15,[2 9],8,126,141,118,126
1,<environment.Job instance at 0x14ea43f69e60>,4,13,[ 2 13],5,152,165,147,152
1,<environment.Job instance at 0x14ea4463a8c0>,4,2,[8 2],7,50,52,43,50
1,<environment.Job instance at 0x14ea4463a910>,0,13,[14  1],1,156,169,155,156
1,<environment.Job instance at 0x14ea478feaf0>,3,2,[2 9],7,8,10,1,8
1,<environment.Job instance at 0x14ea478feeb0>,5,2,[12  1],9,9,11,0,9
1,<environment.Job instance at 0x14ea478fe690>,4,28,[14  2],8,11,39,3,11
1,<environment.Job instance at 0x14ea478feb90>,1,1,[14  1],5,46,47,41,46
1,<environment.Job instance at 0x14ea51308280>,6,17,[1 9],8,14,31,6,14
1,<environment.Job instance at 0x14ea51308190>,3,2,[1 5],4,43,45,39,43
1,<environment.Job instance at 0x14ea51308050>,2,2,[11  1],3,63,65,60,63
1,<environment.Job instance at 0x14ea51308410>,4,12,[6 1],5,365,377,360,365
1,<environment.Job instance at 0x14ea473a94b0>,1,28,[9 1],2,3,31,1,3
1,<environment.Job instance at 0x14ea473a9190>,5,1,[13  2],7,31,32,24,7
1,<environment.Job instance at 0x14ea473a9050>,6,2,[ 2 12],8,8,10,0,8
1,<environment.Job instance at 0x14ea473a9b90>,3,2,[ 1 13],4,18,20,14,18
1,<environment.Job instance at 0x14ea473a9dc0>,7,18,[8 2],9,32,50,23,30
1,<environment.Job instance at 0x14ea473a9460>,4,1,[1 6],5,44,45,39,44
1,<environment.Job instance at 0x14ea5296c500>,1,2,[2 8],2,2,4,0,2
1,<environment.Job instance at 0x14ea53466960>,5,2,[8 1],6,6,8,0,6
1,<environment.Job instance at 0x14ea46744e60>,2,17,[7 1],4,6,23,2,6
1,<environment.Job instance at 0x14ea46744960>,5,14,[7 1],9,10,24,1,10
1,<environment.Job instance at 0x14ea46744550>,3,20,[10  1],7,24,44,17,16
1,<environment.Job instance at 0x14ea467442d0>,1,18,[ 1 14],3,300,318,297,300
1,<environment.Job instance at 0x14ea45ce7b40>,2,1,[8 1],4,4,5,0,4
1,<environment.Job instance at 0x14ea45ce7460>,0,1,[ 2 13],2,6,7,4,6
1,<environment.Job instance at 0x14ea45ce7d20>,1,2,[2 7],3,7,9,4,7
1,<environment.Job instance at 0x14ea43c3e8c0>,3,15,[ 2 10],5,9,24,4,7
1,<environment.Job instance at 0x14ea48911230>,3,3,[ 2 12],7,50,53,43,50
1,<environment.Job instance at 0x14ea44392cd0>,4,20,[10  2],8,8,28,0,8
1,<environment.Job instance at 0x14ea50086eb0>,2,20,[2 9],4,13,33,9,13
1,<environment.Job instance at 0x14ea4406f050>,0,21,[ 1 10],3,3,24,0,3
1,<environment.Job instance at 0x14ea52b5bc30>,5,16,[6 1],9,14,30,5,14
1,<environment.Job instance at 0x14ea44258a00>,1,22,[6 1],2,2,24,0,2
1,<environment.Job instance at 0x14ea442587d0>,4,1,[7 2],7,14,15,7,14
1,<environment.Job instance at 0x14ea44258550>,3,12,[ 1 13],5,108,120,103,108
1,<environment.Job instance at 0x14ea44840e60>,1,3,[11  1],2,38,41,36,38
1,<environment.Job instance at 0x14ea448409b0>,2,14,[12  1],4,322,336,318,322
1,<environment.Job instance at 0x14ea533eaa00>,0,14,[5 2],2,3,17,1,3
1,<environment.Job instance at 0x14ea48788190>,3,3,[14  2],5,40,43,35,40
1,<environment.Job instance at 0x14ea48788a50>,5,3,[9 1],9,59,62,50,59
1,<environment.Job instance at 0x14ea472a94b0>,2,13,[12  1],6,256,269,250,256
1,<environment.Job instance at 0x14ea48c988c0>,0,2,[5 1],1,1,3,0,1
1,<environment.Job instance at 0x14ea48c98cd0>,1,18,[5 1],2,2,20,0,2
1,<environment.Job instance at 0x14ea48c980a0>,4,20,[6 2],6,7,27,1,7
1,<environment.Job instance at 0x14ea4891ac30>,5,1,[2 7],8,34,35,26,34
1,<environment.Job instance at 0x14ea5348ff00>,3,23,[2 7],8,8,31,0,8
1,<environment.Job instance at 0x14ea529fb410>,6,26,[1 8],8,8,34,0,8
1,<environment.Job instance at 0x14ea529fb910>,7,12,[8 2],9,9,21,0,9
1,<environment.Job instance at 0x14ea529fb9b0>,4,3,[9 1],6,24,27,18,24
1,<environment.Job instance at 0x14ea529fb960>,5,21,[5 2],7,36,57,29,36
1,<environment.Job instance at 0x14ea43df6d70>,5,1,[2 7],7,12,13,5,12
1,<environment.Job instance at 0x14ea43df6d20>,3,2,[9 1],5,12,14,7,12
1,<environment.Job instance at 0x14ea43df6e60>,6,22,[6 2],8,13,35,5,13
1,<environment.Job instance at 0x14ea43df6f00>,0,17,[14  2],1,130,147,129,130
1,<environment.Job instance at 0x14ea43df6370>,4,3,[ 2 13],6,1329,1332,1323,1329
1,<environment.Job instance at 0x14ea47f39b90>,0,12,[14  2],3,83,95,80,83
1,<environment.Job instance at 0x14ea47f398c0>,4,28,[1 5],9,89,117,80,89
1,<environment.Job instance at 0x14ea6807cd20>,3,17,[14  2],6,88,105,82,88
1,<environment.Job instance at 0x14ea6807ceb0>,5,16,[ 1 11],8,287,303,279,287
1,<environment.Job instance at 0x14ea473ce2d0>,6,22,[ 1 11],8,10,32,2,10
1,<environment.Job instance at 0x14ea44b03190>,5,2,[12  1],7,55,57,48,55
1,<environment.Job instance at 0x14ea44b035f0>,4,3,[13  2],6,2534,2537,2528,2534
1,<environment.Job instance at 0x14ea43e001e0>,5,2,[ 1 14],7,17,19,10,17
1,<environment.Job instance at 0x14ea43e197d0>,5,3,[12  1],6,475,478,469,475
1,<environment.Job instance at 0x14ea477334b0>,2,3,[1 7],4,14,17,10,14
1,<environment.Job instance at 0x14ea47733280>,3,28,[2 6],5,16,44,11,16
1,<environment.Job instance at 0x14ea47733820>,5,2,[2 7],9,17,19,8,16
1,<environment.Job instance at 0x14ea477330f0>,1,18,[ 2 13],3,70,88,67,70
1,<environment.Job instance at 0x14ea47733050>,4,18,[1 8],6,1397,1415,1391,1397
1,<environment.Job instance at 0x14ea43d02140>,2,1,[ 1 11],7,56,57,49,56
1,<environment.Job instance at 0x14ea5357f820>,6,18,[8 2],8,20,38,12,20
1,<environment.Job instance at 0x14ea44007cd0>,4,20,[9 1],7,8,28,1,8
1,<environment.Job instance at 0x14ea50071b90>,2,24,[9 1],5,5,29,0,5
1,<environment.Job instance at 0x14ea50071960>,0,1,[ 2 10],3,6,7,3,6
1,<environment.Job instance at 0x14ea50071910>,1,2,[14  1],4,166,168,162,166
1,<environment.Job instance at 0x14ea451fd5a0>,6,22,[7 1],8,8,30,0,8
1,<environment.Job instance at 0x14ea451fd320>,7,1,[2 9],9,15,16,6,15
1,<environment.Job instance at 0x14ea451fdb90>,5,1,[ 2 14],7,16,17,9,16
1,<environment.Job instance at 0x14ea43ea78c0>,4,3,[8 1],6,6,9,0,6
1,<environment.Job instance at 0x14ea69e79910>,5,2,[6 1],7,7,9,0,7
1,<environment.Job instance at 0x14ea43ea7eb0>,2,2,[2 7],4,9,11,5,9
1,<environment.Job instance at 0x14ea69e797d0>,6,1,[5 1],8,46,47,38,46
1,<environment.Job instance at 0x14ea43ea73c0>,0,3,[13  1],1,135,138,134,135
1,<environment.Job instance at 0x14ea43ea7780>,3,18,[7 1],5,148,166,143,148
1,<environment.Job instance at 0x14ea48cf7e10>,0,23,[12  2],2,3,26,1,3
1,<environment.Job instance at 0x14ea48c23f00>,5,3,[6 1],7,26,29,19,7
1,<environment.Job instance at 0x14ea48c23230>,6,2,[9 2],9,26,28,17,9
1,<environment.Job instance at 0x14ea48cf77d0>,3,25,[9 1],5,28,53,23,24
1,<environment.Job instance at 0x14ea51315910>,0,1,[1 5],1,2,3,1,2
1,<environment.Job instance at 0x14ea51315dc0>,5,13,[ 2 12],6,9,22,3,9
1,<environment.Job instance at 0x14ea51315c30>,6,24,[ 2 10],9,22,46,13,18
1,<environment.Job instance at 0x14ea51315d20>,2,2,[11  2],3,65,67,62,65
1,<environment.Job instance at 0x14ea51315e60>,1,3,[2 6],2,67,70,65,67
1,<environment.Job instance at 0x14ea513152d0>,3,12,[9 1],4,81,93,77,81
1,<environment.Job instance at 0x14ea45121370>,3,28,[8 1],4,7,35,3,7
1,<environment.Job instance at 0x14ea45121280>,1,15,[7 1],2,5,20,3,5
1,<environment.Job instance at 0x14ea444c55f0>,4,15,[10  1],6,20,35,14,13
1,<environment.Job instance at 0x14ea444c59b0>,6,18,[ 1 12],8,342,360,334,342
1,<environment.Job instance at 0x14ea534c4910>,2,12,[9 1],9,11,23,2,11
1,<environment.Job instance at 0x14ea4465e730>,0,1,[ 1 12],6,34,35,28,34
1,<environment.Job instance at 0x14ea534c4500>,1,3,[12  1],8,1173,1176,1165,1173
1,<environment.Job instance at 0x14ea44621780>,6,2,[6 2],9,10,12,1,10
1,<environment.Job instance at 0x14ea44621960>,4,18,[9 2],6,19,37,13,19
1,<environment.Job instance at 0x14ea44621370>,5,23,[6 2],8,32,55,24,32
1,<environment.Job instance at 0x14ea44196a00>,1,1,[12  2],2,78,79,76,78
1,<environment.Job instance at 0x14ea48848910>,0,21,[2 7],2,2,23,0,2
1,<environment.Job instance at 0x14ea43ff67d0>,3,22,[2 7],5,5,27,0,5
1,<environment.Job instance at 0x14ea43ff6cd0>,5,16,[ 1 14],9,27,43,18,25
1,<environment.Job instance at 0x14ea52b51be0>,0,2,[ 1 10],2,2,4,0,2
1,<environment.Job instance at 0x14ea44741140>,5,2,[2 5],8,13,15,5,13
1,<environment.Job instance at 0x14ea44741f50>,6,17,[7 2],9,25,42,16,25
1,<environment.Job instance at 0x14ea52b51fa0>,1,1,[14  2],4,69,70,65,69
1,<environment.Job instance at 0x14ea445a8780>,5,2,[1 6],9,21,23,12,21
1,<environment.Job instance at 0x14ea4472d460>,3,3,[9 2],6,22,25,16,22
1,<environment.Job instance at 0x14ea4472d870>,1,2,[12  1],4,106,108,102,106
1,<environment.Job instance at 0x14ea47841be0>,0,21,[1 7],2,2,23,0,2
1,<environment.Job instance at 0x14ea44400eb0>,5,3,[ 2 13],8,23,26,15,23
1,<environment.Job instance at 0x14ea52baf960>,0,2,[2 8],2,2,4,0,2
1,<environment.Job instance at 0x14ea43eb59b0>,5,1,[ 1 10],8,8,9,0,8
1,<environment.Job instance at 0x14ea43eb55a0>,3,2,[ 1 11],4,21,23,17,21
1,<environment.Job instance at 0x14ea44617460>,2,14,[12  1],6,13,27,7,13
1,<environment.Job instance at 0x14ea534609b0>,4,14,[2 5],8,71,85,63,71
1,<environment.Job instance at 0x14ea47399820>,0,2,[1 8],1,1,3,0,1
1,<environment.Job instance at 0x14ea48beb5a0>,0,20,[7 2],1,1,21,0,1
1,<environment.Job instance at 0x14ea48beb0f0>,5,1,[10  2],9,21,22,12,9
1,<environment.Job instance at 0x14ea48beb960>,3,14,[14  1],5,22,36,17,9
1,<environment.Job instance at 0x14ea48bebf00>,1,3,[ 1 13],2,135,138,133,135
1,<environment.Job instance at 0x14ea43c52050>,5,1,[ 2 10],9,17,18,8,17
1,<environment.Job instance at 0x14ea43c52550>,3,3,[ 1 14],6,18,21,12,17
1,<environment.Job instance at 0x14ea477b0140>,0,24,[7 1],1,1,25,0,1
1,<environment.Job instance at 0x14ea68048550>,8,26,[ 2 10],9,9,35,0,9
1,<environment.Job instance at 0x14ea4484ac80>,6,1,[1 9],7,17,18,10,17
1,<environment.Job instance at 0x14ea4484a730>,4,12,[ 1 12],5,21,33,16,21
1,<environment.Job instance at 0x14ea533ed7d0>,4,1,[ 1 10],7,8,9,1,8
1,<environment.Job instance at 0x14ea533edcd0>,5,12,[ 2 10],8,9,21,1,8
1,<environment.Job instance at 0x14ea533ed0f0>,6,3,[ 1 14],9,21,24,12,9
1,<environment.Job instance at 0x14ea533ed230>,2,3,[ 1 13],3,34,37,31,34
1,<environment.Job instance at 0x14ea533ed190>,3,27,[6 2],4,35,62,31,35
1,<environment.Job instance at 0x14ea533ed730>,0,2,[12  1],1,207,209,206,207
1,<environment.Job instance at 0x14ea47827a00>,3,2,[13  1],5,87,89,82,87
1,<environment.Job instance at 0x14ea443c92d0>,2,27,[1 8],5,5,32,0,5
1,<environment.Job instance at 0x14ea445909b0>,2,1,[ 2 11],3,27,28,24,27
1,<environment.Job instance at 0x14ea4442b0a0>,7,1,[2 6],9,35,36,26,35
1,<environment.Job instance at 0x14ea4442bd20>,4,3,[13  1],6,39,42,33,39
1,<environment.Job instance at 0x14ea44265a00>,3,15,[8 2],5,6,21,1,6
1,<environment.Job instance at 0x14ea440cafa0>,6,19,[8 2],8,21,40,13,12
1,<environment.Job instance at 0x14ea44826af0>,5,26,[1 5],6,6,32,0,6
1,<environment.Job instance at 0x14ea6957d140>,7,2,[10  1],9,19,21,10,19
1,<environment.Job instance at 0x14ea4738b820>,4,16,[9 2],8,11,27,3,11
1,<environment.Job instance at 0x14ea47802b90>,5,3,[13  1],9,27,30,18,11
1,<environment.Job instance at 0x14ea4738b050>,0,12,[12  1],1,68,80,67,68
1,<environment.Job instance at 0x14ea44561af0>,6,23,[1 7],8,9,32,1,9
1,<environment.Job instance at 0x14ea535a2050>,4,1,[ 1 12],6,10,11,4,10
1,<environment.Job instance at 0x14ea4522f960>,3,1,[9 1],4,7,8,3,7
1,<environment.Job instance at 0x14ea4522f780>,5,25,[5 1],7,7,32,0,7
1,<environment.Job instance at 0x14ea53443500>,2,1,[6 1],3,11,12,8,11
1,<environment.Job instance at 0x14ea4522f370>,6,12,[8 2],8,34,46,26,34
1,<environment.Job instance at 0x14ea53443820>,1,2,[11  2],2,74,76,72,74
1,<environment.Job instance at 0x14ea4522feb0>,4,21,[ 1 14],5,1207,1228,1202,1207
1,<environment.Job instance at 0x14ea44958aa0>,1,23,[7 1],2,2,25,0,2
1,<environment.Job instance at 0x14ea44958b40>,2,19,[1 5],6,13,32,7,13
1,<environment.Job instance at 0x14ea4466fbe0>,3,22,[2 8],6,6,28,0,6
1,<environment.Job instance at 0x14ea478c68c0>,5,3,[ 1 10],8,17,20,9,17
1,<environment.Job instance at 0x14ea478c6410>,3,18,[ 2 13],5,178,196,173,178
1,<environment.Job instance at 0x14ea478c6820>,6,1,[7 1],9,199,200,190,199
1,<environment.Job instance at 0x14ea4769eb90>,2,19,[7 1],6,6,25,0,6
1,<environment.Job instance at 0x14ea47699a50>,1,19,[ 2 13],2,6,25,4,6
1,<environment.Job instance at 0x14ea441a8780>,4,1,[7 1],5,25,26,20,25
1,<environment.Job instance at 0x14ea441a8730>,7,3,[11  2],9,213,216,204,213
1,<environment.Job instance at 0x14ea442f4af0>,4,2,[10  1],7,9,11,2,9
1,<environment.Job instance at 0x14ea442f4640>,6,18,[6 1],9,14,32,5,14
1,<environment.Job instance at 0x14ea442f46e0>,2,1,[ 2 13],4,14,15,10,14
1,<environment.Job instance at 0x14ea4881e960>,5,1,[1 8],9,62,63,53,62
1,<environment.Job instance at 0x14ea6a102be0>,1,3,[ 2 12],2,125,128,123,125
1,<environment.Job instance at 0x14ea44298af0>,3,2,[11  1],5,174,176,169,174
1,<environment.Job instance at 0x14ea4445e550>,1,2,[14  1],3,6,8,3,6
1,<environment.Job instance at 0x14ea4445ef50>,3,2,[ 1 13],5,6,8,1,6
1,<environment.Job instance at 0x14ea447c7460>,4,3,[1 7],6,7,10,1,7
1,<environment.Job instance at 0x14ea447c76e0>,2,2,[ 1 11],3,10,12,7,7
1,<environment.Job instance at 0x14ea447c7550>,0,16,[14  2],1,60,76,59,60
1,<environment.Job instance at 0x14ea477696e0>,3,20,[14  2],6,7,27,1,7
1,<environment.Job instance at 0x14ea43cbb9b0>,5,22,[10  2],7,7,29,0,7
1,<environment.Job instance at 0x14ea43cbbeb0>,6,12,[ 1 10],9,17,29,8,17
1,<environment.Job instance at 0x14ea43faa1e0>,2,23,[6 2],3,3,26,0,3
1,<environment.Job instance at 0x14ea43faaaf0>,6,3,[ 2 14],7,26,29,19,17
1,<environment.Job instance at 0x14ea43faa410>,7,22,[5 2],8,61,83,53,61
1,<environment.Job instance at 0x14ea44298820>,2,2,[ 1 12],7,7,9,0,7
1,<environment.Job instance at 0x14ea47900140>,0,3,[14  2],2,22,25,20,22
1,<environment.Job instance at 0x14ea449e0410>,1,3,[ 1 13],5,65,68,60,65
1,<environment.Job instance at 0x14ea44334eb0>,4,2,[9 1],5,9,11,4,9
1,<environment.Job instance at 0x14ea488ff050>,2,13,[6 2],3,11,24,8,11
1,<environment.Job instance at 0x14ea44334dc0>,5,14,[5 2],8,11,25,3,11
1,<environment.Job instance at 0x14ea488ffcd0>,0,3,[ 2 12],1,32,35,31,32
1,<environment.Job instance at 0x14ea443346e0>,6,2,[1 5],9,40,42,31,40
1,<environment.Job instance at 0x14ea488ffc80>,3,2,[7 2],4,148,150,144,148
1,<environment.Job instance at 0x14ea98102190>,4,1,[2 8],5,12,13,7,12
1,<environment.Job instance at 0x14ea98102f00>,5,14,[2 7],6,19,33,13,19
1,<environment.Job instance at 0x14ea98102410>,6,3,[2 9],7,33,36,26,19
1,<environment.Job instance at 0x14ea98102e60>,7,2,[ 2 13],9,36,38,27,21
1,<environment.Job instance at 0x14ea43cc6cd0>,0,16,[ 2 14],1,69,85,68,69
1,<environment.Job instance at 0x14ea43cc6550>,2,19,[1 9],3,85,104,82,83
1,<environment.Job instance at 0x14ea98102d20>,3,2,[7 1],4,210,212,206,210
1,<environment.Job instance at 0x14ea478e4460>,4,3,[12  1],8,111,114,103,111
1,<environment.Job instance at 0x14ea43eb56e0>,4,25,[1 6],5,5,30,0,5
1,<environment.Job instance at 0x14ea52ab4870>,5,1,[2 9],8,34,35,26,34
1,<environment.Job instance at 0x14ea52ab4500>,3,2,[14  2],4,393,395,389,393
1,<environment.Job instance at 0x14ea52ab4dc0>,6,1,[2 5],9,548,549,539,548
1,<environment.Job instance at 0x14ea44570280>,2,2,[ 1 14],9,12,14,3,12
1,<environment.Job instance at 0x14ea443c1050>,0,12,[8 1],1,1,13,0,1
1,<environment.Job instance at 0x14ea44570460>,1,23,[6 2],2,2,25,0,2
1,<environment.Job instance at 0x14ea443c1e10>,5,3,[ 2 13],7,28,31,21,28
1,<environment.Job instance at 0x14ea43e83f00>,5,2,[1 6],8,8,10,0,8
1,<environment.Job instance at 0x14ea43e832d0>,6,17,[ 1 13],9,10,27,1,9
1,<environment.Job instance at 0x14ea535b8f00>,1,2,[12  1],2,241,243,239,241
1,<environment.Job instance at 0x14ea535b81e0>,4,2,[6 1],7,311,313,304,311
1,<environment.Job instance at 0x14ea43c3d550>,5,2,[14  2],6,77,79,71,77
1,<environment.Job instance at 0x14ea43c3ddc0>,7,1,[7 1],8,79,80,71,79
1,<environment.Job instance at 0x14ea5007a6e0>,6,2,[ 2 12],7,7,9,0,7
1,<environment.Job instance at 0x14ea488ade10>,3,22,[8 2],7,7,29,0,7
1,<environment.Job instance at 0x14ea47685be0>,4,3,[10  1],5,9,12,4,9
1,<environment.Job instance at 0x14ea476850f0>,5,2,[6 1],6,12,14,6,9
1,<environment.Job instance at 0x14ea476856e0>,6,13,[9 1],8,12,25,4,10
1,<environment.Job instance at 0x14ea476ff870>,1,23,[8 1],2,54,77,52,54
1,<environment.Job instance at 0x14ea476855f0>,0,3,[14  2],1,2599,2602,2598,2599
1,<environment.Job instance at 0x14ea476850a0>,3,1,[ 2 12],4,2631,2632,2627,2631
1,<environment.Job instance at 0x14ea44232910>,6,24,[ 2 12],8,9,33,1,9
1,<environment.Job instance at 0x14ea48d880a0>,4,26,[1 5],6,6,32,0,6
1,<environment.Job instance at 0x14ea43ffdc80>,6,1,[12  2],8,153,154,145,153
1,<environment.Job instance at 0x14ea489884b0>,4,12,[8 2],5,5,17,0,5
1,<environment.Job instance at 0x14ea48988b40>,5,13,[1 7],6,6,19,0,6
1,<environment.Job instance at 0x14ea489887d0>,6,3,[ 2 13],7,19,22,12,18
1,<environment.Job instance at 0x14ea48988140>,8,17,[6 1],9,18,35,9,18
1,<environment.Job instance at 0x14ea47736aa0>,2,1,[10  2],3,35,36,32,20
1,<environment.Job instance at 0x14ea477363c0>,0,16,[ 1 11],1,37,53,36,37
1,<environment.Job instance at 0x14ea489881e0>,7,1,[14  1],8,59,60,51,59
1,<environment.Job instance at 0x14ea44a1c6e0>,2,22,[10  1],4,7,29,3,7
1,<environment.Job instance at 0x14ea44a1c140>,4,1,[9 2],9,29,30,20,21
1,<environment.Job instance at 0x14ea6a10d5f0>,0,15,[11  1],1,30,45,29,27
1,<environment.Job instance at 0x14ea44a1cb40>,3,1,[5 2],6,57,58,51,57
1,<environment.Job instance at 0x14ea50086b40>,0,1,[5 1],3,3,4,0,3
1,<environment.Job instance at 0x14ea446f02d0>,7,1,[11  1],8,91,92,83,91
1,<environment.Job instance at 0x14ea47770050>,3,26,[2 6],5,5,31,0,5
1,<environment.Job instance at 0x14ea4453c640>,6,15,[13  2],8,205,220,197,205
1,<environment.Job instance at 0x14ea52b5f870>,0,2,[ 1 12],2,3,5,1,3
1,<environment.Job instance at 0x14ea4453c640>,2,3,[ 2 14],5,22,25,17,22
1,<environment.Job instance at 0x14ea44854370>,4,2,[2 6],7,25,27,18,22
1,<environment.Job instance at 0x14ea44854780>,3,13,[12  1],6,750,763,744,750
1,<environment.Job instance at 0x14ea44854690>,5,2,[10  2],8,803,805,795,803
1,<environment.Job instance at 0x14ea5351e0f0>,3,28,[6 2],6,8,36,2,8
1,<environment.Job instance at 0x14ea48c20370>,5,18,[ 1 14],9,46,64,37,46
1,<environment.Job instance at 0x14ea43c7e910>,3,3,[10  1],4,4,7,0,4
1,<environment.Job instance at 0x14ea43c7e230>,4,16,[6 1],5,7,23,2,5
1,<environment.Job instance at 0x14ea43c7e9b0>,5,2,[10  2],6,23,25,17,6
1,<environment.Job instance at 0x14ea44999050>,2,3,[ 2 12],3,40,43,37,40
1,<environment.Job instance at 0x14ea445a5190>,2,27,[1 7],3,3,30,0,3
1,<environment.Job instance at 0x14ea4730d690>,5,1,[ 1 11],6,43,44,37,43
1,<environment.Job instance at 0x14ea445a5e10>,6,23,[11  2],7,44,67,37,44
1,<environment.Job instance at 0x14ea4893ff50>,4,21,[12  1],8,20,41,12,20
1,<environment.Job instance at 0x14ea43c43640>,0,21,[6 1],1,1,22,0,1
1,<environment.Job instance at 0x14ea45238eb0>,7,17,[ 1 12],9,2092,2109,2083,2092
1,<environment.Job instance at 0x14ea488910a0>,4,16,[9 1],8,13,29,5,13
1,<environment.Job instance at 0x14ea5298fcd0>,2,25,[5 2],4,6,31,2,6
1,<environment.Job instance at 0x14ea6956f910>,0,2,[1 6],1,1,3,0,1
1,<environment.Job instance at 0x14ea442e96e0>,6,2,[2 6],8,9,11,1,9
1,<environment.Job instance at 0x14ea6956f230>,3,18,[7 2],4,33,51,29,33
1,<environment.Job instance at 0x14ea442e9820>,2,16,[11  1],3,66,82,63,66
1,<environment.Job instance at 0x14ea478cc820>,0,2,[ 1 12],1,1,3,0,1
1,<environment.Job instance at 0x14ea44329c30>,3,2,[10  2],5,5,7,0,5
1,<environment.Job instance at 0x14ea44329b40>,4,12,[1 5],6,6,18,0,6
1,<environment.Job instance at 0x14ea44329230>,5,22,[5 1],7,8,30,1,8
1,<environment.Job instance at 0x14ea443294b0>,7,1,[ 1 12],9,19,20,10,19
1,<environment.Job instance at 0x14ea442a1e60>,1,1,[ 1 11],2,58,59,56,58
1,<environment.Job instance at 0x14ea442a1550>,2,13,[11  2],4,141,154,137,141
1,<environment.Job instance at 0x14ea443296e0>,6,3,[7 2],8,232,235,224,232
1,<environment.Job instance at 0x14ea443cc050>,0,16,[7 2],1,2,18,1,2
1,<environment.Job instance at 0x14ea473935a0>,1,18,[10  1],2,3,21,1,3
1,<environment.Job instance at 0x14ea443ea3c0>,7,2,[5 1],8,12,14,4,12
1,<environment.Job instance at 0x14ea47393eb0>,5,2,[6 2],6,28,30,22,28
1,<environment.Job instance at 0x14ea473936e0>,3,13,[ 1 13],4,63,76,59,63
1,<environment.Job instance at 0x14ea443ea460>,6,2,[ 1 14],7,1343,1345,1336,1343
1,<environment.Job instance at 0x14ea445baa50>,0,2,[ 2 10],1,1,3,0,1
1,<environment.Job instance at 0x14ea47228320>,2,25,[2 8],3,3,28,0,3
1,<environment.Job instance at 0x14ea68054280>,1,2,[1 9],4,9,11,5,9
1,<environment.Job instance at 0x14ea68054370>,0,3,[ 2 14],1,11,14,10,10
1,<environment.Job instance at 0x14ea68054870>,4,2,[1 8],8,14,16,6,10
1,<environment.Job instance at 0x14ea52b58550>,0,2,[ 1 11],1,5,7,4,5
1,<environment.Job instance at 0x14ea44313be0>,5,19,[ 2 10],7,7,26,0,7
1,<environment.Job instance at 0x14ea44313230>,4,1,[ 1 10],6,26,27,20,15
1,<environment.Job instance at 0x14ea443131e0>,3,1,[8 2],5,64,65,59,64
1,<environment.Job instance at 0x14ea44313f00>,1,1,[14  2],2,622,623,620,622
1,<environment.Job instance at 0x14ea43d7c050>,3,1,[5 2],5,5,6,0,5
1,<environment.Job instance at 0x14ea43d7c780>,5,3,[8 1],8,8,11,0,8
1,<environment.Job instance at 0x14ea43d7cf50>,6,1,[7 1],9,9,10,0,9
1,<environment.Job instance at 0x14ea43f57d70>,1,1,[ 1 13],3,14,15,11,14
1,<environment.Job instance at 0x14ea478b7b40>,5,19,[ 2 10],7,8,27,1,8
1,<environment.Job instance at 0x14ea44339a00>,3,2,[ 1 10],5,6,8,1,6
1,<environment.Job instance at 0x14ea44339910>,5,2,[1 6],7,8,10,1,7
1,<environment.Job instance at 0x14ea44339730>,7,1,[13  2],9,16,17,7,16
1,<environment.Job instance at 0x14ea44727280>,4,17,[6 1],5,5,22,0,5
1,<environment.Job instance at 0x14ea4724df00>,3,27,[6 1],5,5,32,0,5
1,<environment.Job instance at 0x14ea4724d780>,4,3,[ 1 14],7,65,68,58,65
1,<environment.Job instance at 0x14ea47685960>,2,26,[9 1],7,9,35,2,9
1,<environment.Job instance at 0x14ea47685f00>,3,12,[14  1],8,287,299,279,287
1,<environment.Job instance at 0x14ea4405ad70>,1,1,[1 6],4,4,5,0,4
1,<environment.Job instance at 0x14ea4405a230>,3,2,[ 1 14],9,12,14,3,12
1,<environment.Job instance at 0x14ea44688230>,4,1,[1 8],8,15,16,7,15
1,<environment.Job instance at 0x14ea44688cd0>,5,3,[5 2],9,19,22,10,19
1,<environment.Job instance at 0x14ea44688410>,2,13,[6 1],4,52,65,48,52
1,<environment.Job instance at 0x14ea44688f50>,0,18,[ 1 11],2,171,189,169,171
1,<environment.Job instance at 0x14ea533ec190>,4,1,[10  1],6,7,8,1,7
1,<environment.Job instance at 0x14ea476a59b0>,5,1,[2 5],7,7,8,0,7
1,<environment.Job instance at 0x14ea476a5af0>,6,1,[ 1 10],8,8,9,0,8
1,<environment.Job instance at 0x14ea476a5550>,7,1,[6 2],9,9,10,0,9
1,<environment.Job instance at 0x14ea533ecbe0>,2,1,[ 2 13],4,17,18,13,17
1,<environment.Job instance at 0x14ea9b9e9230>,0,2,[12  1],1,35,37,34,35
1,<environment.Job instance at 0x14ea476a5870>,3,13,[9 2],5,528,541,523,528
1,<environment.Job instance at 0x14ea535cf690>,2,25,[1 6],3,3,28,0,3
1,<environment.Job instance at 0x14ea535cfeb0>,4,13,[7 1],8,12,25,4,12
1,<environment.Job instance at 0x14ea449d3fa0>,4,22,[2 9],9,9,31,0,9
1,<environment.Job instance at 0x14ea449d34b0>,2,1,[12  1],4,115,116,111,115
1,<environment.Job instance at 0x14ea487b2be0>,6,12,[12  1],9,10,22,1,10
1,<environment.Job instance at 0x14ea487b2af0>,3,15,[1 5],5,18,33,13,18
1,<environment.Job instance at 0x14ea487b2730>,1,18,[ 1 12],3,74,92,71,74
1,<environment.Job instance at 0x14ea680d1e10>,5,17,[13  1],6,14,31,8,14
1,<environment.Job instance at 0x14ea6a0f79b0>,3,2,[8 2],4,31,33,27,14
1,<environment.Job instance at 0x14ea680d1a00>,6,23,[13  1],7,33,56,26,27
1,<environment.Job instance at 0x14ea44744d20>,2,13,[11  1],3,132,145,129,132
1,<environment.Job instance at 0x14ea43cb75f0>,1,27,[2 7],3,3,30,0,3
1,<environment.Job instance at 0x14ea46712460>,4,25,[7 1],5,5,30,0,5
1,<environment.Job instance at 0x14ea46712a50>,5,15,[7 2],6,6,21,0,6
1,<environment.Job instance at 0x14ea69e149b0>,6,1,[1 5],7,7,8,0,7
1,<environment.Job instance at 0x14ea46712d70>,7,15,[1 6],9,9,24,0,9
1,<environment.Job instance at 0x14ea444a5a50>,0,13,[12  2],1,37,50,36,37
1,<environment.Job instance at 0x14ea46712dc0>,2,3,[5 2],3,57,60,54,57
1,<environment.Job instance at 0x14ea46712280>,3,3,[2 6],4,116,119,112,116
1,<environment.Job instance at 0x14ea43d874b0>,5,15,[8 2],7,7,22,0,7
1,<environment.Job instance at 0x14ea43d87370>,6,1,[2 7],8,8,9,0,8
1,<environment.Job instance at 0x14ea43d87f50>,7,3,[7 2],9,11,14,2,11
1,<environment.Job instance at 0x14ea5350f780>,3,12,[6 2],5,22,34,17,22
1,<environment.Job instance at 0x14ea45164a00>,1,15,[ 2 13],3,62,77,59,62
1,<environment.Job instance at 0x14ea449be500>,4,17,[8 2],9,9,26,0,9
1,<environment.Job instance at 0x14ea44082820>,0,3,[13  2],2,4,7,2,4
1,<environment.Job instance at 0x14ea44039c80>,0,23,[ 1 10],1,2,25,1,2
1,<environment.Job instance at 0x14ea44039af0>,5,2,[12  1],7,143,145,136,143
1,<environment.Job instance at 0x14ea44039960>,1,2,[11  1],2,176,178,174,176
1,<environment.Job instance at 0x14ea53521aa0>,5,1,[12  1],7,66,67,59,66
1,<environment.Job instance at 0x14ea53521910>,7,13,[7 1],9,100,113,91,100
1,<environment.Job instance at 0x14ea43cd7960>,0,22,[12  1],1,1,23,0,1
1,<environment.Job instance at 0x14ea680ac050>,5,3,[8 1],8,23,26,15,8
1,<environment.Job instance at 0x14ea680acc80>,6,2,[11  1],9,26,28,17,10
1,<environment.Job instance at 0x14ea52b04190>,1,2,[12  1],2,103,105,101,103
1,<environment.Job instance at 0x14ea52a54d20>,4,2,[7 1],7,7,9,0,7
1,<environment.Job instance at 0x14ea475eb320>,5,3,[1 5],8,8,11,0,8
1,<environment.Job instance at 0x14ea52a54870>,3,1,[7 1],5,92,93,87,92
1,<environment.Job instance at 0x14ea52a54cd0>,0,2,[14  2],1,103,105,102,103
1,<environment.Job instance at 0x14ea43efa230>,3,15,[13  1],8,190,205,182,190
1,<environment.Job instance at 0x14ea69579a00>,0,2,[12  1],1,134,136,133,134
1,<environment.Job instance at 0x14ea534e6140>,7,2,[8 2],8,8,10,0,8
1,<environment.Job instance at 0x14ea534e6dc0>,8,15,[14  2],9,10,25,1,10
1,<environment.Job instance at 0x14ea534e6780>,5,1,[2 7],6,37,38,31,37
1,<environment.Job instance at 0x14ea534e6410>,2,3,[11  1],3,836,839,833,836
1,<environment.Job instance at 0x14ea534e6730>,6,2,[1 5],7,893,895,886,893
1,<environment.Job instance at 0x14ea4408af50>,2,21,[10  2],4,6,27,2,6
1,<environment.Job instance at 0x14ea52b56eb0>,6,3,[2 6],8,23,26,15,23
1,<environment.Job instance at 0x14ea52b56870>,7,15,[2 8],9,32,47,23,32
1,<environment.Job instance at 0x14ea44043b90>,0,13,[12  2],1,146,159,145,146
1,<environment.Job instance at 0x14ea52b56a00>,5,17,[7 2],6,943,960,937,943
1,<environment.Job instance at 0x14ea4444e640>,5,28,[9 2],8,15,43,7,15
1,<environment.Job instance at 0x14ea9b924a50>,6,1,[5 2],9,16,17,7,16
1,<environment.Job instance at 0x14ea441b21e0>,2,3,[12  2],3,43,46,40,43
1,<environment.Job instance at 0x14ea441b2690>,4,2,[7 1],7,106,108,99,106
1,<environment.Job instance at 0x14ea48cf9be0>,4,2,[8 2],5,9,11,4,9
1,<environment.Job instance at 0x14ea48cf99b0>,5,2,[9 1],9,11,13,2,9
1,<environment.Job instance at 0x14ea48cf9b90>,2,3,[5 2],3,76,79,73,76
1,<environment.Job instance at 0x14ea48cf9910>,0,14,[ 2 13],1,87,101,86,87
1,<environment.Job instance at 0x14ea48cf9230>,3,1,[ 1 13],4,1085,1086,1081,1085
1,<environment.Job instance at 0x14ea444ba190>,3,25,[10  2],8,14,39,6,14
1,<environment.Job instance at 0x14ea44435f50>,5,3,[6 1],8,8,11,0,8
1,<environment.Job instance at 0x14ea44435050>,4,15,[5 1],7,16,31,9,16
1,<environment.Job instance at 0x14ea44435730>,2,3,[ 1 14],4,42,45,38,42
1,<environment.Job instance at 0x14ea43d7c6e0>,1,25,[ 2 12],9,93,118,84,93
1,<environment.Job instance at 0x14ea445920a0>,0,2,[5 1],1,1,3,0,1
1,<environment.Job instance at 0x14ea44592230>,1,2,[ 1 11],5,5,7,0,5
1,<environment.Job instance at 0x14ea6a5753c0>,2,1,[ 1 11],7,18,19,11,18
1,<environment.Job instance at 0x14ea52b82f00>,3,3,[14  1],8,274,277,266,274
1,<environment.Job instance at 0x14ea4404d730>,2,14,[8 1],4,16,30,12,16
1,<environment.Job instance at 0x14ea442f0eb0>,5,3,[1 9],9,10,13,1,10
1,<environment.Job instance at 0x14ea44757640>,3,24,[9 1],7,25,49,18,25
1,<environment.Job instance at 0x14ea447574b0>,1,12,[ 2 11],5,134,146,129,134
1,<environment.Job instance at 0x14ea4475a230>,0,2,[ 2 10],1,1,3,0,1
1,<environment.Job instance at 0x14ea44419dc0>,4,1,[7 1],6,16,17,10,16
1,<environment.Job instance at 0x14ea476d2af0>,2,1,[13  1],4,145,146,141,145
1,<environment.Job instance at 0x14ea476d20a0>,3,13,[ 1 13],5,440,453,435,440
1,<environment.Job instance at 0x14ea695b9c30>,5,3,[ 2 11],8,838,841,830,838
1,<environment.Job instance at 0x14ea471c5a50>,5,3,[10  2],8,21,24,13,21
1,<environment.Job instance at 0x14ea48939cd0>,0,22,[ 1 14],2,3,25,1,3
1,<environment.Job instance at 0x14ea48939190>,5,1,[ 1 14],7,25,26,18,22
1,<environment.Job instance at 0x14ea43c338c0>,0,23,[ 1 12],1,1,24,0,1
1,<environment.Job instance at 0x14ea43c33640>,5,3,[1 7],7,24,27,17,7
1,<environment.Job instance at 0x14ea443c97d0>,7,18,[1 7],9,24,42,15,14
1,<environment.Job instance at 0x14ea43c332d0>,2,1,[2 6],4,32,33,28,32
1,<environment.Job instance at 0x14ea43c33370>,6,19,[10  1],8,50,69,42,50
1,<environment.Job instance at 0x14ea43c33550>,4,2,[8 1],6,132,134,126,132
1,<environment.Job instance at 0x14ea475fcb40>,2,3,[2 7],4,4,7,0,4
1,<environment.Job instance at 0x14ea44af0050>,2,21,[ 1 11],3,11,32,8,11
1,<environment.Job instance at 0x14ea47673500>,2,24,[11  1],4,5,29,1,5
1,<environment.Job instance at 0x14ea44464c30>,2,28,[2 9],4,4,32,0,4
1,<environment.Job instance at 0x14ea44464230>,0,1,[ 2 11],2,32,33,30,11
1,<environment.Job instance at 0x14ea44464be0>,1,1,[14  2],3,131,132,128,131
1,<environment.Job instance at 0x14ea4482b460>,4,3,[10  1],8,26,29,18,26
1,<environment.Job instance at 0x14ea443c9a50>,3,21,[1 5],4,4,25,0,4
1,<environment.Job instance at 0x14ea489bcb90>,4,1,[7 2],9,33,34,24,33
1,<environment.Job instance at 0x14ea489bc4b0>,0,14,[11  2],3,61,75,58,61
1,<environment.Job instance at 0x14ea489bc870>,2,13,[9 2],7,135,148,128,135
1,<environment.Job instance at 0x14ea43d79640>,6,18,[ 2 12],9,1068,1086,1059,1068
1,<environment.Job instance at 0x14ea44626820>,1,2,[ 1 11],2,6,8,4,6
1,<environment.Job instance at 0x14ea47771dc0>,1,17,[7 1],3,3,20,0,3
1,<environment.Job instance at 0x14ea47771190>,2,3,[ 2 11],4,16,19,12,16
1,<environment.Job instance at 0x14ea44aa3870>,4,2,[5 1],6,20,22,14,20
1,<environment.Job instance at 0x14ea44aa3780>,6,18,[5 2],8,39,57,31,39
1,<environment.Job instance at 0x14ea44aa3910>,7,3,[ 2 11],9,81,84,72,81
1,<environment.Job instance at 0x14ea44aa3820>,5,3,[2 9],7,415,418,408,415
1,<environment.Job instance at 0x14ea5354ee10>,4,1,[7 2],9,45,46,36,45
1,<environment.Job instance at 0x14ea5354e050>,3,14,[ 2 13],7,231,245,224,231
1,<environment.Job instance at 0x14ea50094500>,5,3,[ 1 11],9,38,41,29,38
1,<environment.Job instance at 0x14ea43d567d0>,2,2,[ 2 11],7,25,27,18,25
1,<environment.Job instance at 0x14ea44718d20>,5,25,[10  2],8,8,33,0,8
1,<environment.Job instance at 0x14ea44718b90>,1,3,[12  2],2,88,91,86,88
1,<environment.Job instance at 0x14ea48d21e60>,1,26,[ 1 11],3,3,29,0,3
1,<environment.Job instance at 0x14ea52aac410>,5,2,[14  2],8,62,64,54,62
1,<environment.Job instance at 0x14ea52aacb90>,3,3,[13  1],5,430,433,425,430
1,<environment.Job instance at 0x14ea43e71f50>,3,18,[8 1],4,4,22,0,4
1,<environment.Job instance at 0x14ea44464870>,2,12,[7 1],3,5,17,2,5
1,<environment.Job instance at 0x14ea444643c0>,7,2,[2 7],8,17,19,9,17
1,<environment.Job instance at 0x14ea44464140>,5,1,[ 1 14],6,26,27,20,26
1,<environment.Job instance at 0x14ea47915910>,3,3,[14  2],8,143,146,135,143
1,<environment.Job instance at 0x14ea447b5870>,4,13,[2 8],7,9,22,2,9
1,<environment.Job instance at 0x14ea43dfae10>,0,2,[11  2],4,162,164,158,162
1,<environment.Job instance at 0x14ea43dfa690>,2,3,[1 7],6,180,183,174,180
1,<environment.Job instance at 0x14ea680a8690>,4,3,[ 2 13],9,1480,1483,1471,1480
1,<environment.Job instance at 0x14ea487f0f00>,1,20,[6 2],3,4,24,1,4
1,<environment.Job instance at 0x14ea52a626e0>,6,16,[6 2],9,9,25,0,9
1,<environment.Job instance at 0x14ea487f0eb0>,4,12,[6 1],6,24,36,18,24
1,<environment.Job instance at 0x14ea50071870>,4,2,[ 1 10],9,9,11,0,9
1,<environment.Job instance at 0x14ea47f65a00>,0,2,[ 2 13],6,6,8,0,6
1,<environment.Job instance at 0x14ea43cf2050>,0,1,[ 1 13],1,3,4,2,3
1,<environment.Job instance at 0x14ea43cf2b90>,4,28,[10  2],8,14,42,6,14
1,<environment.Job instance at 0x14ea535a2f50>,7,27,[1 5],9,27,54,18,27
1,<environment.Job instance at 0x14ea472da9b0>,3,2,[ 2 12],5,5,7,0,5
1,<environment.Job instance at 0x14ea472da5a0>,5,3,[12  1],7,116,119,109,116
1,<environment.Job instance at 0x14ea447447d0>,4,12,[12  2],5,24,36,19,24
1,<environment.Job instance at 0x14ea447446e0>,6,16,[7 2],9,36,52,27,35
1,<environment.Job instance at 0x14ea69e5b410>,4,2,[7 2],6,8,10,2,8
1,<environment.Job instance at 0x14ea69e5b780>,5,14,[2 7],7,8,22,1,8
1,<environment.Job instance at 0x14ea69e5b4b0>,6,3,[2 8],8,10,13,2,8
1,<environment.Job instance at 0x14ea69e5b910>,7,14,[1 5],9,13,27,4,9
1,<environment.Job instance at 0x14ea47923960>,0,16,[13  1],2,119,135,117,119
1,<environment.Job instance at 0x14ea47923050>,1,1,[ 2 10],3,135,136,132,135
1,<environment.Job instance at 0x14ea479230a0>,2,13,[1 6],4,181,194,177,181
1,<environment.Job instance at 0x14ea44a27050>,1,1,[ 2 14],5,6,7,1,6
1,<environment.Job instance at 0x14ea44a27820>,3,3,[13  2],9,797,800,788,797
1,<environment.Job instance at 0x14ea445f4640>,2,2,[6 1],5,5,7,0,5
1,<environment.Job instance at 0x14ea445f4050>,3,1,[ 2 10],6,6,7,0,6
1,<environment.Job instance at 0x14ea4404d370>,4,21,[7 2],7,7,28,0,7
1,<environment.Job instance at 0x14ea4404daf0>,5,1,[ 2 13],8,8,9,0,8
1,<environment.Job instance at 0x14ea487e0e60>,0,1,[ 1 12],2,76,77,74,76
1,<environment.Job instance at 0x14ea4891b460>,0,1,[ 2 13],3,4,5,1,4
1,<environment.Job instance at 0x14ea534a8230>,0,2,[1 7],3,3,5,0,3
1,<environment.Job instance at 0x14ea534a8730>,3,1,[ 2 13],6,6,7,0,6
1,<environment.Job instance at 0x14ea534a83c0>,2,21,[10  2],5,6,27,1,6
1,<environment.Job instance at 0x14ea4548ac80>,0,27,[6 1],1,1,28,0,1
1,<environment.Job instance at 0x14ea43e61960>,0,2,[2 7],2,2,4,0,2
1,<environment.Job instance at 0x14ea44669b40>,2,28,[9 1],4,4,32,0,4
1,<environment.Job instance at 0x14ea446693c0>,3,1,[ 1 12],5,52,53,47,52
1,<environment.Job instance at 0x14ea47288640>,4,1,[2 8],6,29,30,23,29
1,<environment.Job instance at 0x14ea47288370>,1,15,[ 1 13],2,974,989,972,974
1,<environment.Job instance at 0x14ea449cf320>,1,2,[ 2 13],2,3,5,1,3
1,<environment.Job instance at 0x14ea449cf1e0>,5,12,[ 1 13],8,11,23,3,11
1,<environment.Job instance at 0x14ea449cfb90>,0,1,[ 2 12],1,40,41,39,40
1,<environment.Job instance at 0x14ea449cf410>,4,15,[ 1 10],6,159,174,153,159
1,<environment.Job instance at 0x14ea43be8e60>,0,12,[5 1],2,2,14,0,2
1,<environment.Job instance at 0x14ea444ff820>,1,24,[6 1],3,4,28,1,4
1,<environment.Job instance at 0x14ea444ff050>,2,21,[1 7],4,33,54,29,33
1,<environment.Job instance at 0x14ea44902050>,1,21,[2 7],4,4,25,0,4
1,<environment.Job instance at 0x14ea449022d0>,4,2,[7 2],8,26,28,18,26
1,<environment.Job instance at 0x14ea449029b0>,5,1,[2 8],9,221,222,212,221
1,<environment.Job instance at 0x14ea45199e10>,1,1,[ 2 10],7,10,11,3,10
1,<environment.Job instance at 0x14ea45199d70>,3,15,[2 5],9,22,37,13,22
1,<environment.Job instance at 0x14ea45199f00>,0,3,[12  1],2,591,594,589,591
1,<environment.Job instance at 0x14ea52b825f0>,2,20,[14  2],6,9,29,3,9
1,<environment.Job instance at 0x14ea478b8e10>,2,3,[ 1 13],8,17,20,9,17
1,<environment.Job instance at 0x14ea443d9320>,0,2,[12  2],1,4,6,3,4
1,<environment.Job instance at 0x14ea44123960>,7,2,[8 2],9,9,11,0,9
1,<environment.Job instance at 0x14ea443d92d0>,1,2,[14  1],2,27,29,25,27
1,<environment.Job instance at 0x14ea44123230>,2,17,[ 2 10],3,53,70,50,53
1,<environment.Job instance at 0x14ea443d0460>,4,1,[13  2],8,105,106,97,105
1,<environment.Job instance at 0x14ea47755eb0>,4,16,[7 2],5,10,26,5,10
1,<environment.Job instance at 0x14ea47755730>,7,1,[2 7],9,10,11,1,10
1,<environment.Job instance at 0x14ea47755d70>,5,2,[1 9],6,25,27,19,25
1,<environment.Job instance at 0x14ea47755230>,3,2,[11  1],4,430,432,426,430
1,<environment.Job instance at 0x14ea44666cd0>,0,2,[1 9],1,1,3,0,1
1,<environment.Job instance at 0x14ea446661e0>,3,2,[2 6],6,6,8,0,6
1,<environment.Job instance at 0x14ea4429cc30>,5,24,[10  2],9,10,34,1,10
1,<environment.Job instance at 0x14ea447eed20>,4,23,[8 2],7,29,52,22,29
1,<environment.Job instance at 0x14ea43e82410>,5,3,[6 2],8,43,46,35,43
1,<environment.Job instance at 0x14ea447ee730>,3,2,[13  1],4,206,208,202,206
1,<environment.Job instance at 0x14ea43f91500>,4,16,[2 5],5,5,21,0,5
1,<environment.Job instance at 0x14ea43d17050>,6,1,[2 9],7,7,8,0,7
1,<environment.Job instance at 0x14ea43d171e0>,7,1,[2 6],8,8,9,0,8
1,<environment.Job instance at 0x14ea43d17960>,8,2,[ 2 10],9,11,13,2,11
1,<environment.Job instance at 0x14ea43f91320>,0,2,[14  1],1,21,23,20,19
1,<environment.Job instance at 0x14ea43f915f0>,1,18,[5 2],2,25,43,23,25
1,<environment.Job instance at 0x14ea440b73c0>,2,16,[2 6],5,5,21,0,5
1,<environment.Job instance at 0x14ea440b7c80>,5,1,[ 1 13],9,21,22,12,13
1,<environment.Job instance at 0x14ea440b7f50>,3,20,[ 1 13],7,36,56,29,36
1,<environment.Job instance at 0x14ea52a34e10>,4,1,[ 2 10],8,8,9,0,8
1,<environment.Job instance at 0x14ea52a34a50>,5,1,[1 5],9,10,11,1,10
1,<environment.Job instance at 0x14ea52a34d20>,2,1,[9 2],3,12,13,9,12
1,<environment.Job instance at 0x14ea52a34140>,0,3,[13  2],1,690,693,689,690
1,<environment.Job instance at 0x14ea445b3a50>,1,1,[1 8],3,3,4,0,3
1,<environment.Job instance at 0x14ea44023730>,2,25,[2 9],3,3,28,0,3
1,<environment.Job instance at 0x14ea4769ce10>,1,20,[6 1],2,2,22,0,2
1,<environment.Job instance at 0x14ea44ad5d70>,0,2,[2 9],2,2,4,0,2
1,<environment.Job instance at 0x14ea443d9fa0>,5,2,[13  2],9,46,48,37,46
1,<environment.Job instance at 0x14ea44137410>,1,1,[ 2 10],2,3,4,1,3
1,<environment.Job instance at 0x14ea441377d0>,5,2,[1 7],9,10,12,1,10
1,<environment.Job instance at 0x14ea44137fa0>,4,1,[ 2 10],8,45,46,37,45
1,<environment.Job instance at 0x14ea4775cd20>,3,12,[14  1],4,467,479,463,467
1,<environment.Job instance at 0x14ea471ff5a0>,3,12,[13  1],8,52,64,44,52
1,<environment.Job instance at 0x14ea48ca1b90>,4,18,[10  2],9,17,35,8,17
1,<environment.Job instance at 0x14ea48ca1e10>,0,15,[12  2],1,76,91,75,76
1,<environment.Job instance at 0x14ea449edcd0>,5,2,[6 2],7,33,35,26,33
1,<environment.Job instance at 0x14ea44754320>,0,1,[2 8],1,1,2,0,1
1,<environment.Job instance at 0x14ea44754c80>,4,3,[1 8],6,23,26,17,23
1,<environment.Job instance at 0x14ea44754690>,2,15,[ 2 12],3,49,64,46,49
1,<environment.Job instance at 0x14ea447542d0>,3,1,[12  1],4,185,186,181,185
1,<environment.Job instance at 0x14ea44688190>,5,27,[9 2],9,390,417,381,390
1,<environment.Job instance at 0x14ea444eb4b0>,6,1,[2 9],8,44,45,36,44
1,<environment.Job instance at 0x14ea444eb370>,4,1,[11  1],6,92,93,86,92
1,<environment.Job instance at 0x14ea512f77d0>,6,1,[10  1],7,8,9,1,8
1,<environment.Job instance at 0x14ea512f7640>,7,1,[2 7],8,9,10,1,9
1,<environment.Job instance at 0x14ea512f7f00>,4,27,[14  2],5,10,37,5,10
1,<environment.Job instance at 0x14ea442a0140>,2,1,[14  2],3,56,57,53,56
1,<environment.Job instance at 0x14ea472d3640>,6,20,[9 1],9,10,30,1,10
1,<environment.Job instance at 0x14ea4719a320>,1,16,[7 1],4,8,24,4,8
1,<environment.Job instance at 0x14ea6806a370>,6,2,[9 1],9,24,26,15,10
1,<environment.Job instance at 0x14ea4719a410>,5,21,[10  2],8,26,47,18,22
1,<environment.Job instance at 0x14ea4719a820>,4,24,[9 1],7,75,99,68,75
1,<environment.Job instance at 0x14ea47304140>,0,23,[6 1],1,1,24,0,1
1,<environment.Job instance at 0x14ea533ec050>,0,27,[6 1],1,1,28,0,1
1,<environment.Job instance at 0x14ea52bd3e10>,6,1,[2 6],9,10,11,1,10
1,<environment.Job instance at 0x14ea52bd3730>,5,2,[ 1 12],7,24,26,17,24
1,<environment.Job instance at 0x14ea4474e4b0>,6,25,[14  2],9,13,38,4,13
1,<environment.Job instance at 0x14ea52ba2230>,3,2,[ 1 10],5,14,16,9,14
1,<environment.Job instance at 0x14ea52ba26e0>,6,3,[5 1],8,17,20,9,17
1,<environment.Job instance at 0x14ea4474ebe0>,1,3,[ 1 13],2,95,98,93,95
1,<environment.Job instance at 0x14ea43efa2d0>,2,26,[7 2],4,6,32,2,6
1,<environment.Job instance at 0x14ea43efa820>,5,2,[5 1],9,9,11,0,9
1,<environment.Job instance at 0x14ea43efa9b0>,4,23,[9 1],7,32,55,25,29
1,<environment.Job instance at 0x14ea43efaaa0>,0,1,[12  1],2,98,99,96,98
1,<environment.Job instance at 0x14ea43efab40>,3,12,[5 2],5,138,150,133,138
1,<environment.Job instance at 0x14ea680b69b0>,2,21,[ 2 12],5,5,26,0,5
1,<environment.Job instance at 0x14ea680b6b40>,4,2,[ 2 10],8,26,28,18,26
1,<environment.Job instance at 0x14ea52afd1e0>,4,26,[7 1],8,9,35,1,9
1,<environment.Job instance at 0x14ea534d0730>,5,28,[5 2],7,7,35,0,7
1,<environment.Job instance at 0x14ea44903b40>,1,1,[ 1 14],2,6,7,4,6
1,<environment.Job instance at 0x14ea48d4e280>,5,22,[8 2],8,8,30,0,8
1,<environment.Job instance at 0x14ea48d4e7d0>,1,19,[2 7],2,2,21,0,2
1,<environment.Job instance at 0x14ea48c53280>,7,3,[7 1],8,11,14,3,11
1,<environment.Job instance at 0x14ea48c53370>,6,1,[ 2 11],7,192,193,185,192
1,<environment.Job instance at 0x14ea44561a50>,1,23,[ 1 12],3,4,27,1,4
1,<environment.Job instance at 0x14ea53422190>,3,13,[13  2],5,367,380,362,367
1,<environment.Job instance at 0x14ea52aff640>,0,2,[ 2 13],2,2,4,0,2
1,<environment.Job instance at 0x14ea533ed370>,2,1,[10  2],4,6,7,2,6
1,<environment.Job instance at 0x14ea535c0eb0>,0,27,[6 2],2,2,29,0,2
1,<environment.Job instance at 0x14ea535c0a50>,4,1,[1 5],9,9,10,0,9
1,<environment.Job instance at 0x14ea500616e0>,3,1,[13  2],8,221,222,213,221
1,<environment.Job instance at 0x14ea447415a0>,1,20,[6 1],3,3,23,0,3
1,<environment.Job instance at 0x14ea44741a00>,5,2,[6 2],9,10,12,1,10
1,<environment.Job instance at 0x14ea447410a0>,3,1,[ 1 13],6,27,28,21,27
1,<environment.Job instance at 0x14ea44741c30>,4,16,[12  1],7,96,112,89,96
1,<environment.Job instance at 0x14ea473b6820>,0,2,[1 5],1,1,3,0,1
1,<environment.Job instance at 0x14ea479075f0>,4,27,[13  1],6,8,35,2,8
1,<environment.Job instance at 0x14ea47907e60>,6,3,[2 7],9,41,44,32,41
1,<environment.Job instance at 0x14ea47907b90>,1,21,[2 8],2,2,23,0,2
1,<environment.Job instance at 0x14ea487de050>,5,23,[5 2],6,6,29,0,6
1,<environment.Job instance at 0x14ea451b7190>,7,26,[1 5],8,9,35,1,9
1,<environment.Job instance at 0x14ea487defa0>,8,1,[2 5],9,36,37,27,36
1,<environment.Job instance at 0x14ea487de5f0>,0,24,[2 9],2,2,26,0,2
1,<environment.Job instance at 0x14ea472f6870>,7,14,[5 1],8,8,22,0,8
1,<environment.Job instance at 0x14ea444ebd70>,4,1,[2 9],5,6,7,1,6
1,<environment.Job instance at 0x14ea4484cb90>,4,1,[2 5],6,11,12,5,11
1,<environment.Job instance at 0x14ea4484cdc0>,2,2,[10  2],3,19,21,16,19
1,<environment.Job instance at 0x14ea4484ca00>,5,27,[1 6],7,33,60,26,33
1,<environment.Job instance at 0x14ea4484ccd0>,7,28,[6 2],9,36,64,27,36
1,<environment.Job instance at 0x14ea4484cd20>,6,24,[14  1],8,64,88,56,59
1,<environment.Job instance at 0x14ea4484c280>,0,18,[11  1],1,211,229,210,211
1,<environment.Job instance at 0x14ea43fd2870>,1,3,[ 2 13],4,5,8,1,5
1,<environment.Job instance at 0x14ea43c47eb0>,1,19,[6 1],2,2,21,0,2
1,<environment.Job instance at 0x14ea489090a0>,1,1,[2 5],3,5,6,2,5
1,<environment.Job instance at 0x14ea48909b90>,5,22,[2 6],8,8,30,0,8
1,<environment.Job instance at 0x14ea48909280>,0,3,[ 2 13],1,61,64,60,61
1,<environment.Job instance at 0x14ea449b3c30>,5,20,[8 2],8,11,31,3,11
1,<environment.Job instance at 0x14ea444ff780>,4,18,[ 1 14],8,9,27,1,9
1,<environment.Job instance at 0x14ea4761da00>,3,26,[ 1 13],5,15,41,10,15
1,<environment.Job instance at 0x14ea440c0c80>,3,1,[13  1],5,13,14,8,13
1,<environment.Job instance at 0x14ea440c0aa0>,5,1,[5 2],9,14,15,5,14
1,<environment.Job instance at 0x14ea534d93c0>,1,2,[7 2],5,5,7,0,5
1,<environment.Job instance at 0x14ea43e2b1e0>,1,2,[ 1 11],2,33,35,31,33
1,<environment.Job instance at 0x14ea6954be10>,5,3,[ 1 10],9,17,20,8,17
1,<environment.Job instance at 0x14ea6954ba50>,1,13,[ 1 11],2,110,123,108,110
1,<environment.Job instance at 0x14ea4548c1e0>,4,17,[7 1],7,17,34,10,17
1,<environment.Job instance at 0x14ea4548cb40>,2,26,[ 2 10],4,17,43,13,17
1,<environment.Job instance at 0x14ea4548c050>,5,3,[6 2],9,17,20,8,17
1,<environment.Job instance at 0x14ea4548c280>,0,12,[ 1 12],1,43,55,42,30
1,<environment.Job instance at 0x14ea446b4a00>,2,1,[9 1],6,6,7,0,6
1,<environment.Job instance at 0x14ea44af0230>,0,1,[ 1 10],2,3,4,1,3
1,<environment.Job instance at 0x14ea478c6500>,6,3,[8 2],9,11,14,2,11
1,<environment.Job instance at 0x14ea478c6410>,4,1,[14  1],7,29,30,22,29
1,<environment.Job instance at 0x14ea44af0fa0>,2,13,[13  1],4,164,177,160,164
1,<environment.Job instance at 0x14ea43d86e10>,5,2,[1 9],6,6,8,0,6
1,<environment.Job instance at 0x14ea43d867d0>,6,28,[ 2 12],8,8,36,0,8
1,<environment.Job instance at 0x14ea43d868c0>,3,1,[11  1],4,10,11,6,10
1,<environment.Job instance at 0x14ea441b6730>,7,3,[2 9],9,36,39,27,10
1,<environment.Job instance at 0x14ea43ffbd70>,2,1,[1 8],3,86,87,83,86
1,<environment.Job instance at 0x14ea43d86910>,1,3,[13  1],2,143,146,141,143
1,<environment.Job instance at 0x14ea43d86b90>,4,27,[7 1],5,278,305,273,278
1,<environment.Job instance at 0x14ea44280d70>,4,1,[7 1],7,7,8,0,7
1,<environment.Job instance at 0x14ea44280f50>,2,3,[9 1],4,9,12,5,9
1,<environment.Job instance at 0x14ea44280550>,5,1,[1 8],8,9,10,1,9
1,<environment.Job instance at 0x14ea442809b0>,1,1,[1 9],3,10,11,7,10
1,<environment.Job instance at 0x14ea44280cd0>,6,3,[7 1],9,12,15,3,10
1,<environment.Job instance at 0x14ea47276a50>,0,17,[ 2 14],2,62,79,60,62
1,<environment.Job instance at 0x14ea69557870>,2,2,[9 2],3,3,5,0,3
1,<environment.Job instance at 0x14ea69557550>,3,2,[6 2],4,4,6,0,4
1,<environment.Job instance at 0x14ea69557d70>,4,1,[1 6],5,5,6,0,5
1,<environment.Job instance at 0x14ea473465a0>,1,2,[1 8],2,7,9,5,7
1,<environment.Job instance at 0x14ea69557960>,6,2,[ 1 13],8,9,11,1,9
1,<environment.Job instance at 0x14ea535a2a00>,5,28,[2 9],7,11,39,4,11
1,<environment.Job instance at 0x14ea695576e0>,0,1,[ 1 11],1,71,72,70,71
1,<environment.Job instance at 0x14ea4427fb90>,0,23,[6 1],1,1,24,0,1
1,<environment.Job instance at 0x14ea4427f5a0>,5,3,[13  1],9,305,308,296,305
1,<environment.Job instance at 0x14ea53567280>,0,21,[7 1],1,1,22,0,1
1,<environment.Job instance at 0x14ea44298460>,0,22,[6 1],2,2,24,0,2
1,<environment.Job instance at 0x14ea44298f50>,2,1,[7 2],6,18,19,12,18
1,<environment.Job instance at 0x14ea44a7b5a0>,2,2,[5 2],7,7,9,0,7
1,<environment.Job instance at 0x14ea6803d5a0>,3,17,[7 1],8,9,26,1,9
1,<environment.Job instance at 0x14ea69591320>,0,1,[ 1 13],2,46,47,44,46
1,<environment.Job instance at 0x14ea6803db90>,4,13,[7 1],9,836,849,827,836
1,<environment.Job instance at 0x14ea43c782d0>,7,14,[9 1],9,9,23,0,9
1,<environment.Job instance at 0x14ea52a0faa0>,3,25,[8 2],6,6,31,0,6
1,<environment.Job instance at 0x14ea43ce2b90>,7,3,[11  1],9,10,13,1,10
1,<environment.Job instance at 0x14ea43ce2320>,5,24,[ 1 12],7,13,37,6,13
1,<environment.Job instance at 0x14ea44a7aa00>,4,1,[ 2 12],6,9,10,3,9
1,<environment.Job instance at 0x14ea44828aa0>,3,1,[2 8],4,10,11,6,9
1,<environment.Job instance at 0x14ea44324e10>,2,1,[ 2 10],3,3,4,0,3
1,<environment.Job instance at 0x14ea443241e0>,3,27,[7 2],5,6,33,1,6
1,<environment.Job instance at 0x14ea44a2eb90>,4,22,[6 2],8,11,33,3,11
1,<environment.Job instance at 0x14ea45195280>,1,12,[9 1],2,2,14,0,2
1,<environment.Job instance at 0x14ea534fd640>,5,2,[ 1 13],7,13,15,6,13
1,<environment.Job instance at 0x14ea44621aa0>,2,2,[ 2 13],5,5,7,0,5
1,<environment.Job instance at 0x14ea44621c30>,3,1,[14  1],6,15,16,9,15
1,<environment.Job instance at 0x14ea44621460>,5,2,[1 8],8,15,17,7,15
1,<environment.Job instance at 0x14ea446a9960>,3,20,[13  1],8,8,28,0,8
1,<environment.Job instance at 0x14ea446a9280>,1,1,[ 2 11],4,36,37,32,36
1,<environment.Job instance at 0x14ea446a9aa0>,2,28,[10  1],6,60,88,54,60
1,<environment.Job instance at 0x14ea533eb960>,4,22,[2 6],7,7,29,0,7
1,<environment.Job instance at 0x14ea533eb320>,5,12,[ 2 12],9,228,240,219,228
1,<environment.Job instance at 0x14ea445d6af0>,7,1,[12  2],9,11,12,2,11
1,<environment.Job instance at 0x14ea44701640>,2,2,[ 2 10],6,7,9,1,7
1,<environment.Job instance at 0x14ea44701190>,4,25,[8 2],9,9,34,0,9
1,<environment.Job instance at 0x14ea4492faf0>,3,1,[13  2],6,6,7,0,6
1,<environment.Job instance at 0x14ea52acbb40>,4,3,[5 1],7,9,12,2,9
1,<environment.Job instance at 0x14ea52acbf50>,6,16,[6 1],9,12,28,3,12
1,<environment.Job instance at 0x14ea4492fdc0>,1,1,[ 1 11],2,73,74,71,73
1,<environment.Job instance at 0x14ea53422280>,1,3,[ 1 14],3,9,12,6,9
1,<environment.Job instance at 0x14ea52acb460>,3,19,[10  2],8,12,31,4,9
1,<environment.Job instance at 0x14ea446187d0>,0,3,[ 1 14],2,40,43,38,40
1,<environment.Job instance at 0x14ea43f69370>,2,2,[6 2],5,26,28,21,26
1,<environment.Job instance at 0x14ea4432a0f0>,0,15,[14  2],2,54,69,52,54
1,<environment.Job instance at 0x14ea487b2c80>,3,21,[9 1],5,5,26,0,5
1,<environment.Job instance at 0x14ea47269eb0>,0,2,[1 9],3,3,5,0,3
1,<environment.Job instance at 0x14ea4738cf00>,2,3,[ 1 13],3,8,11,5,8
1,<environment.Job instance at 0x14ea43c78c30>,5,1,[ 1 10],7,11,12,4,8
1,<environment.Job instance at 0x14ea43c78b90>,4,21,[2 5],6,11,32,5,9
1,<environment.Job instance at 0x14ea43c784b0>,3,1,[14  2],5,35,36,30,35
1,<environment.Job instance at 0x14ea43c78910>,1,3,[ 1 12],2,53,56,51,53
1,<environment.Job instance at 0x14ea48c0f3c0>,5,1,[8 1],8,11,12,3,11
1,<environment.Job instance at 0x14ea48c0f280>,4,2,[ 2 14],7,11,13,4,11
1,<environment.Job instance at 0x14ea69557460>,5,1,[1 7],8,8,9,0,8
1,<environment.Job instance at 0x14ea695571e0>,4,2,[ 1 13],7,9,11,2,9
1,<environment.Job instance at 0x14ea535157d0>,3,2,[ 1 12],5,11,13,6,11
1,<environment.Job instance at 0x14ea53515f00>,5,12,[5 2],7,26,38,19,26
1,<environment.Job instance at 0x14ea53515230>,7,17,[6 2],9,64,81,55,64
1,<environment.Job instance at 0x14ea53515d20>,6,19,[2 7],8,151,170,143,151
1,<environment.Job instance at 0x14ea53515410>,0,18,[ 1 12],1,212,230,211,212
1,<environment.Job instance at 0x14ea48955910>,2,16,[7 1],4,6,22,2,6
1,<environment.Job instance at 0x14ea680768c0>,5,21,[6 1],7,7,28,0,7
1,<environment.Job instance at 0x14ea44496460>,0,2,[1 8],1,2,4,1,2
1,<environment.Job instance at 0x14ea445e2c80>,4,25,[ 2 12],6,18,43,12,18
1,<environment.Job instance at 0x14ea43f38d20>,2,25,[1 6],3,3,28,0,3
1,<environment.Job instance at 0x14ea43f38460>,4,2,[12  2],5,31,33,26,31
1,<environment.Job instance at 0x14ea52a540f0>,0,1,[9 2],3,3,4,0,3
1,<environment.Job instance at 0x14ea52a6e050>,0,14,[7 1],1,1,15,0,1
1,<environment.Job instance at 0x14ea43f824b0>,3,22,[2 5],4,6,28,2,6
1,<environment.Job instance at 0x14ea43f826e0>,6,2,[2 5],8,17,19,9,17
1,<environment.Job instance at 0x14ea43f82dc0>,5,1,[ 1 14],7,29,30,22,29
1,<environment.Job instance at 0x14ea52a6e320>,4,1,[11  1],5,172,173,167,172
1,<environment.Job instance at 0x14ea4498a690>,0,15,[ 1 10],1,1,16,0,1
1,<environment.Job instance at 0x14ea52a62730>,0,23,[7 1],1,1,24,0,1
1,<environment.Job instance at 0x14ea51310370>,1,25,[1 5],3,4,29,1,4
1,<environment.Job instance at 0x14ea4727f0a0>,2,15,[11  2],5,203,218,198,203
1,<environment.Job instance at 0x14ea44408af0>,6,2,[12  2],8,11,13,3,11
1,<environment.Job instance at 0x14ea45495870>,5,3,[12  2],6,19,22,13,19
1,<environment.Job instance at 0x14ea45255a50>,7,24,[2 5],9,21,45,12,21
1,<environment.Job instance at 0x14ea50094e60>,2,1,[2 5],6,6,7,0,6
1,<environment.Job instance at 0x14ea44a5c910>,0,1,[2 8],2,2,3,0,2
1,<environment.Job instance at 0x14ea5298c690>,0,1,[2 8],1,1,2,0,1
1,<environment.Job instance at 0x14ea5298cc30>,1,1,[1 6],2,2,3,0,2
1,<environment.Job instance at 0x14ea52aa3140>,3,17,[12  2],9,41,58,32,41
1,<environment.Job instance at 0x14ea5296c230>,2,1,[2 7],6,6,7,0,6
1,<environment.Job instance at 0x14ea5296c730>,3,2,[7 1],7,7,9,0,7
1,<environment.Job instance at 0x14ea5296cc80>,4,13,[1 5],9,10,23,1,10
1,<environment.Job instance at 0x14ea5296c550>,0,1,[ 2 11],3,23,24,20,12
1,<environment.Job instance at 0x14ea5296c410>,1,1,[13  2],5,98,99,93,98
1,<environment.Job instance at 0x14ea48c93500>,6,2,[13  2],7,42,44,35,42
1,<environment.Job instance at 0x14ea6a11e960>,7,18,[14  1],8,378,396,370,378
1,<environment.Job instance at 0x14ea451f46e0>,4,2,[13  1],9,41,43,32,41
1,<environment.Job instance at 0x14ea48858b90>,1,21,[6 2],2,2,23,0,2
1,<environment.Job instance at 0x14ea488583c0>,5,2,[7 2],6,7,9,1,7
1,<environment.Job instance at 0x14ea488582d0>,3,1,[ 1 11],4,170,171,166,170
1,<environment.Job instance at 0x14ea48858730>,6,14,[2 5],7,182,196,175,182
1,<environment.Job instance at 0x14ea446e5dc0>,4,1,[8 1],5,38,39,33,38
1,<environment.Job instance at 0x14ea446e58c0>,5,13,[ 2 12],7,104,117,97,104
1,<environment.Job instance at 0x14ea449bedc0>,0,15,[2 5],1,2,17,1,2
1,<environment.Job instance at 0x14ea43f69320>,7,2,[ 1 14],8,17,19,9,14
1,<environment.Job instance at 0x14ea4739b550>,5,2,[5 2],8,12,14,4,12
1,<environment.Job instance at 0x14ea4739b1e0>,3,16,[9 1],6,30,46,24,30
1,<environment.Job instance at 0x14ea4739b370>,1,18,[ 1 12],3,101,119,98,101
1,<environment.Job instance at 0x14ea43cb7a00>,6,1,[ 2 10],9,13,14,4,13
1,<environment.Job instance at 0x14ea442610f0>,5,25,[2 7],8,20,45,12,20
1,<environment.Job instance at 0x14ea44261640>,3,2,[12  1],6,49,51,43,49
1,<environment.Job instance at 0x14ea473747d0>,3,2,[ 1 12],5,5,7,0,5
1,<environment.Job instance at 0x14ea449010a0>,2,1,[11  1],4,25,26,21,25
1,<environment.Job instance at 0x14ea4525a500>,4,14,[ 2 12],6,1648,1662,1642,1648
1,<environment.Job instance at 0x14ea478c7050>,0,1,[2 6],2,2,3,0,2
1,<environment.Job instance at 0x14ea478c7cd0>,3,15,[14  1],6,148,163,142,148
1,<environment.Job instance at 0x14ea478c7c80>,4,3,[13  2],9,638,641,629,638
1,<environment.Job instance at 0x14ea43d878c0>,0,2,[2 6],1,1,3,0,1
1,<environment.Job instance at 0x14ea44666c30>,5,3,[8 1],8,17,20,9,17
1,<environment.Job instance at 0x14ea447c1e10>,3,3,[ 1 13],6,20,23,14,20
1,<environment.Job instance at 0x14ea44666690>,6,22,[7 1],9,49,71,40,49
1,<environment.Job instance at 0x14ea48c25460>,4,2,[ 1 14],6,20,22,14,20
1,<environment.Job instance at 0x14ea449d0460>,2,1,[6 1],4,13,14,9,13
1,<environment.Job instance at 0x14ea449d03c0>,0,18,[13  2],1,242,260,241,242
1,<environment.Job instance at 0x14ea44124a50>,4,14,[11  1],8,8,22,0,8
1,<environment.Job instance at 0x14ea441242d0>,2,1,[12  2],6,62,63,56,62
1,<environment.Job instance at 0x14ea44124b40>,0,3,[11  1],1,789,792,788,789
1,<environment.Job instance at 0x14ea43ed1e60>,3,2,[ 2 14],4,4,6,0,4
1,<environment.Job instance at 0x14ea4777f140>,5,2,[ 2 10],6,31,33,25,31
1,<environment.Job instance at 0x14ea445c6c30>,7,3,[ 1 11],9,46,49,37,46
1,<environment.Job instance at 0x14ea43ed16e0>,4,3,[12  2],5,623,626,618,623
1,<environment.Job instance at 0x14ea45492aa0>,2,3,[12  2],3,4,7,1,4
1,<environment.Job instance at 0x14ea45492af0>,4,3,[9 2],6,7,10,1,7
1,<environment.Job instance at 0x14ea447b55f0>,5,2,[2 9],7,7,9,0,7
1,<environment.Job instance at 0x14ea454922d0>,0,12,[14  1],1,330,342,329,330
1,<environment.Job instance at 0x14ea69e78cd0>,5,2,[ 2 14],8,14,16,6,14
1,<environment.Job instance at 0x14ea69e78dc0>,2,1,[13  1],3,64,65,61,64
1,<environment.Job instance at 0x14ea445ce4b0>,1,2,[ 1 13],3,3,5,0,3
1,<environment.Job instance at 0x14ea445cea50>,3,25,[1 7],6,6,31,0,6
1,<environment.Job instance at 0x14ea446ee3c0>,3,28,[10  1],4,6,34,2,6
1,<environment.Job instance at 0x14ea47200780>,4,2,[10  2],9,15,17,6,15
1,<environment.Job instance at 0x14ea47200190>,0,14,[11  1],3,138,152,135,138
1,<environment.Job instance at 0x14ea4423e7d0>,2,22,[7 1],5,5,27,0,5
1,<environment.Job instance at 0x14ea68076a00>,0,20,[2 8],2,2,22,0,2
1,<environment.Job instance at 0x14ea44a42730>,2,21,[6 1],5,24,45,19,24
1,<environment.Job instance at 0x14ea68076320>,3,2,[1 8],6,47,49,41,47
1,<environment.Job instance at 0x14ea440e4820>,4,26,[1 6],6,8,34,2,8
1,<environment.Job instance at 0x14ea43bee4b0>,3,15,[ 1 12],7,113,128,106,113
1,<environment.Job instance at 0x14ea512f4c30>,1,2,[ 1 10],2,5,7,3,5
1,<environment.Job instance at 0x14ea512f4500>,4,2,[6 2],5,5,7,0,5
1,<environment.Job instance at 0x14ea512f42d0>,5,1,[ 1 10],8,10,11,2,10
1,<environment.Job instance at 0x14ea43e87370>,6,1,[ 2 10],9,11,12,2,10
1,<environment.Job instance at 0x14ea512f4140>,3,25,[5 2],4,32,57,28,32
1,<environment.Job instance at 0x14ea512f4fa0>,0,3,[ 1 11],1,67,70,66,67
1,<environment.Job instance at 0x14ea47386870>,4,23,[ 2 10],8,8,31,0,8
1,<environment.Job instance at 0x14ea4460faf0>,4,20,[7 1],5,5,25,0,5
1,<environment.Job instance at 0x14ea9ba47460>,6,27,[1 9],8,23,50,15,23
1,<environment.Job instance at 0x14ea9ba47e60>,7,25,[7 1],9,458,483,449,458
1,<environment.Job instance at 0x14ea9ba473c0>,1,2,[12  1],4,13,15,9,13
1,<environment.Job instance at 0x14ea44840820>,3,2,[1 8],6,13,15,7,13
1,<environment.Job instance at 0x14ea448402d0>,4,28,[1 7],9,21,49,12,21
1,<environment.Job instance at 0x14ea44868e10>,7,12,[1 5],9,10,22,1,10
1,<environment.Job instance at 0x14ea44868c30>,3,3,[13  1],5,174,177,169,174
1,<environment.Job instance at 0x14ea44868dc0>,4,26,[11  2],6,261,287,255,261
1,<environment.Job instance at 0x14ea44868690>,6,1,[10  2],8,291,292,283,291
1,<environment.Job instance at 0x14ea4763b5a0>,4,24,[2 6],6,6,30,0,6
1,<environment.Job instance at 0x14ea533efb90>,4,17,[5 1],8,8,25,0,8
1,<environment.Job instance at 0x14ea533ef640>,5,2,[2 7],9,9,11,0,9
1,<environment.Job instance at 0x14ea533ef6e0>,1,21,[10  2],3,70,91,67,70
1,<environment.Job instance at 0x14ea533ef500>,0,12,[12  1],2,252,264,250,252
1,<environment.Job instance at 0x14ea44533b90>,4,23,[8 1],7,21,44,14,21
1,<environment.Job instance at 0x14ea44533eb0>,3,3,[11  2],5,402,405,397,402
1,<environment.Job instance at 0x14ea451a9af0>,0,20,[ 2 11],1,2,22,1,2
1,<environment.Job instance at 0x14ea4784b0a0>,4,24,[6 2],7,7,31,0,7
1,<environment.Job instance at 0x14ea48c98460>,6,2,[14  1],9,143,145,134,143
1,<environment.Job instance at 0x14ea43eb5d70>,0,1,[1 6],1,1,2,0,1
1,<environment.Job instance at 0x14ea473ceeb0>,1,3,[14  1],3,1534,1537,1531,1534
1,<environment.Job instance at 0x14ea43c474b0>,3,20,[5 1],5,5,25,0,5
1,<environment.Job instance at 0x14ea44aa5dc0>,6,1,[12  2],9,172,173,163,172
1,<environment.Job instance at 0x14ea448c2aa0>,5,1,[1 8],8,10,11,2,10
1,<environment.Job instance at 0x14ea448c2230>,6,3,[14  2],9,34,37,25,34
1,<environment.Job instance at 0x14ea44aa56e0>,2,25,[ 2 13],5,125,150,120,125
1,<environment.Job instance at 0x14ea448c2140>,4,16,[5 2],7,150,166,143,150
1,<environment.Job instance at 0x14ea442841e0>,0,1,[11  1],2,192,193,190,192
1,<environment.Job instance at 0x14ea475ed5a0>,3,2,[ 2 13],5,14,16,9,14
1,<environment.Job instance at 0x14ea477de320>,0,1,[1 9],2,4,5,2,4
1,<environment.Job instance at 0x14ea477deb40>,2,3,[11  2],6,345,348,339,345
1,<environment.Job instance at 0x14ea534d8230>,2,25,[13  2],3,3,28,0,3
1,<environment.Job instance at 0x14ea534d84b0>,3,15,[7 2],4,28,43,24,18
1,<environment.Job instance at 0x14ea447c7c80>,2,21,[5 2],3,3,24,0,3
1,<environment.Job instance at 0x14ea447c7e10>,6,24,[ 1 14],9,24,48,15,20
1,<environment.Job instance at 0x14ea489b3370>,0,2,[2 8],2,2,4,0,2
1,<environment.Job instance at 0x14ea48d65d70>,3,2,[11  1],7,165,167,158,165
1,<environment.Job instance at 0x14ea4469f6e0>,0,2,[ 2 11],2,2,4,0,2
1,<environment.Job instance at 0x14ea6a5b0b40>,1,1,[1 7],4,4,5,0,4
1,<environment.Job instance at 0x14ea48d4ed70>,4,18,[9 1],6,22,40,16,22
1,<environment.Job instance at 0x14ea48d4eaf0>,2,18,[ 2 11],4,37,55,33,37
1,<environment.Job instance at 0x14ea48d4ef00>,5,2,[ 2 13],9,892,894,883,892
1,<environment.Job instance at 0x14ea441244b0>,3,1,[11  2],6,48,49,42,48
1,<environment.Job instance at 0x14ea44124820>,5,17,[5 2],8,124,141,116,124
1,<environment.Job instance at 0x14ea53596af0>,5,21,[8 2],8,10,31,2,10
1,<environment.Job instance at 0x14ea476e3460>,2,3,[7 2],4,28,31,24,28
1,<environment.Job instance at 0x14ea476e3190>,0,19,[12  2],1,63,82,62,63
1,<environment.Job instance at 0x14ea441a83c0>,4,21,[1 5],9,9,30,0,9
1,<environment.Job instance at 0x14ea44317190>,4,3,[13  2],6,9,12,3,9
1,<environment.Job instance at 0x14ea44317f00>,7,18,[5 1],9,39,57,30,39
1,<environment.Job instance at 0x14ea43d5dd20>,2,1,[12  1],4,52,53,48,52
1,<environment.Job instance at 0x14ea445258c0>,3,2,[2 8],6,6,8,0,6
1,<environment.Job instance at 0x14ea445255a0>,4,20,[ 2 13],7,8,28,1,7
1,<environment.Job instance at 0x14ea44525e60>,5,15,[7 1],8,26,41,18,26
1,<environment.Job instance at 0x14ea471d3eb0>,2,2,[7 1],5,37,39,32,37
1,<environment.Job instance at 0x14ea471d3780>,0,1,[ 1 13],1,152,153,151,152
1,<environment.Job instance at 0x14ea44525280>,6,12,[5 1],9,242,254,233,242
1,<environment.Job instance at 0x14ea43f5ce60>,4,2,[1 8],8,23,25,15,23
1,<environment.Job instance at 0x14ea44525280>,2,14,[12  1],4,387,401,383,387
1,<environment.Job instance at 0x14ea4406b910>,2,2,[ 2 10],3,5,7,2,5
1,<environment.Job instance at 0x14ea4406b730>,4,25,[1 5],5,5,30,0,5
1,<environment.Job instance at 0x14ea4406b190>,6,26,[5 1],7,7,33,0,7
1,<environment.Job instance at 0x14ea4406b320>,0,1,[11  2],1,33,34,32,10
1,<environment.Job instance at 0x14ea441f25f0>,8,2,[5 2],9,10,12,1,10
1,<environment.Job instance at 0x14ea4406b500>,3,25,[8 1],4,172,197,168,172
1,<environment.Job instance at 0x14ea535a0960>,4,23,[ 2 10],6,6,29,0,6
1,<environment.Job instance at 0x14ea535a00f0>,2,3,[13  2],3,289,292,286,289
1,<environment.Job instance at 0x14ea447f8af0>,2,2,[2 7],3,11,13,8,11
1,<environment.Job instance at 0x14ea44068550>,3,19,[11  1],7,7,26,0,7
1,<environment.Job instance at 0x14ea43c69820>,1,28,[13  1],4,7,35,3,7
1,<environment.Job instance at 0x14ea52b893c0>,0,2,[ 2 10],1,1,3,0,1
1,<environment.Job instance at 0x14ea52b895f0>,3,1,[ 2 12],5,6,7,1,6
1,<environment.Job instance at 0x14ea52b89b40>,4,3,[1 9],8,12,15,4,12
1,<environment.Job instance at 0x14ea52b894b0>,1,1,[ 1 12],3,27,28,24,27
1,<environment.Job instance at 0x14ea52b89910>,2,14,[13  2],4,94,108,90,94
1,<environment.Job instance at 0x14ea534d94b0>,5,17,[9 1],9,334,351,325,334
1,<environment.Job instance at 0x14ea4447b9b0>,0,28,[2 6],6,6,34,0,6
1,<environment.Job instance at 0x14ea487e9320>,0,2,[ 2 13],1,2,4,1,2
1,<environment.Job instance at 0x14ea471903c0>,4,2,[2 5],6,7,9,1,7
1,<environment.Job instance at 0x14ea445e46e0>,7,1,[9 2],9,9,10,0,9
1,<environment.Job instance at 0x14ea471907d0>,3,16,[ 1 13],5,9,25,4,9
1,<environment.Job instance at 0x14ea445e42d0>,6,13,[6 2],8,10,23,2,10
1,<environment.Job instance at 0x14ea47190320>,1,1,[ 2 13],3,81,82,78,81
1,<environment.Job instance at 0x14ea4448da00>,4,1,[ 1 10],6,7,8,1,7
1,<environment.Job instance at 0x14ea4448deb0>,6,16,[13  2],8,8,24,0,8
1,<environment.Job instance at 0x14ea4448d4b0>,7,2,[2 8],9,25,27,16,25
1,<environment.Job instance at 0x14ea4448db90>,2,15,[ 1 13],4,48,63,44,48
1,<environment.Job instance at 0x14ea4448dd20>,3,3,[14  2],5,69,72,64,69
1,<environment.Job instance at 0x14ea4448daf0>,5,28,[1 5],7,90,118,83,90
1,<environment.Job instance at 0x14ea6a1208c0>,2,22,[6 2],3,3,25,0,3
1,<environment.Job instance at 0x14ea44155870>,6,1,[1 9],8,10,11,2,10
1,<environment.Job instance at 0x14ea6a120780>,4,27,[ 2 14],5,38,65,33,38
1,<environment.Job instance at 0x14ea44155230>,7,16,[9 1],9,698,714,689,698
1,<environment.Job instance at 0x14ea440c2370>,0,28,[2 5],1,1,29,0,1
1,<environment.Job instance at 0x14ea534c7500>,5,24,[13  2],7,10,34,3,10
1,<environment.Job instance at 0x14ea534c74b0>,6,1,[8 2],8,34,35,26,12
1,<environment.Job instance at 0x14ea534c7b90>,1,2,[14  1],2,41,43,39,41
1,<environment.Job instance at 0x14ea534c7140>,3,2,[1 5],4,43,45,39,43
1,<environment.Job instance at 0x14ea440c1c30>,4,23,[1 6],9,9,32,0,9
1,<environment.Job instance at 0x14ea68076140>,3,28,[1 6],9,9,37,0,9
1,<environment.Job instance at 0x14ea4722b7d0>,0,2,[ 2 14],1,1,3,0,1
1,<environment.Job instance at 0x14ea43ed10f0>,1,2,[11  1],4,5,7,1,5
1,<environment.Job instance at 0x14ea43ed1500>,3,27,[7 2],6,7,34,1,6
1,<environment.Job instance at 0x14ea489c19b0>,4,16,[ 1 12],7,84,100,77,84
1,<environment.Job instance at 0x14ea489c1780>,6,2,[14  1],9,568,570,559,568
1,<environment.Job instance at 0x14ea44124c80>,4,17,[ 2 14],7,48,65,41,48
1,<environment.Job instance at 0x14ea48bf7780>,0,22,[ 2 13],3,3,25,0,3
1,<environment.Job instance at 0x14ea48bf76e0>,3,3,[6 2],7,21,24,14,21
1,<environment.Job instance at 0x14ea48bf75f0>,1,16,[ 1 13],4,29,45,25,29
1,<environment.Job instance at 0x14ea475f9460>,4,3,[14  1],7,60,63,53,60
1,<environment.Job instance at 0x14ea475f9eb0>,2,16,[11  2],4,117,133,113,117
1,<environment.Job instance at 0x14ea47783780>,3,1,[1 6],5,5,6,0,5
1,<environment.Job instance at 0x14ea477835a0>,0,1,[ 2 14],1,6,7,5,5
1,<environment.Job instance at 0x14ea441f2f00>,3,1,[ 1 14],6,20,21,14,20
1,<environment.Job instance at 0x14ea43f15370>,0,2,[2 6],1,1,3,0,1
1,<environment.Job instance at 0x14ea4483fc30>,5,24,[7 2],9,10,34,1,10
1,<environment.Job instance at 0x14ea4483f0a0>,3,3,[ 2 12],5,67,70,62,67
1,<environment.Job instance at 0x14ea52ab80a0>,6,2,[1 7],8,10,12,2,10
1,<environment.Job instance at 0x14ea52ab8d70>,5,3,[ 2 11],7,31,34,24,31
1,<environment.Job instance at 0x14ea52ab8230>,4,12,[ 1 13],6,575,587,569,575
1,<environment.Job instance at 0x14ea52ab8460>,7,28,[ 1 10],9,1211,1239,1202,1211
1,<environment.Job instance at 0x14ea52aa2e10>,3,24,[5 2],7,7,31,0,7
1,<environment.Job instance at 0x14ea443eb910>,2,26,[14  2],3,3,29,0,3
1,<environment.Job instance at 0x14ea443ebcd0>,6,19,[8 1],7,35,54,28,35
1,<environment.Job instance at 0x14ea443eb6e0>,4,3,[13  2],5,68,71,63,68
1,<environment.Job instance at 0x14ea4417b050>,6,3,[2 5],9,10,13,1,10
1,<environment.Job instance at 0x14ea443b5aa0>,3,3,[12  2],5,30,33,25,30
1,<environment.Job instance at 0x14ea443b50a0>,1,16,[ 1 14],3,69,85,66,69
1,<environment.Job instance at 0x14ea69577320>,3,12,[ 1 12],9,245,257,236,245
1,<environment.Job instance at 0x14ea4889efa0>,4,12,[12  2],5,6,18,1,6
1,<environment.Job instance at 0x14ea4889e730>,5,1,[5 2],6,18,19,12,6
1,<environment.Job instance at 0x14ea442fe5a0>,6,3,[1 9],7,8,11,1,8
1,<environment.Job instance at 0x14ea4889edc0>,2,2,[1 9],3,11,13,8,11
1,<environment.Job instance at 0x14ea4889eb40>,0,24,[ 2 14],1,19,43,18,14
1,<environment.Job instance at 0x14ea4889e5f0>,3,13,[1 5],4,488,501,484,488
1,<environment.Job instance at 0x14ea4445ddc0>,3,3,[11  2],6,104,107,98,104
1,<environment.Job instance at 0x14ea43e53af0>,2,1,[7 1],3,3,4,0,3
1,<environment.Job instance at 0x14ea43e53460>,5,2,[1 8],9,9,11,0,9
1,<environment.Job instance at 0x14ea43e53960>,0,1,[ 1 14],1,27,28,26,27
1,<environment.Job instance at 0x14ea43ecbaf0>,4,1,[10  1],5,16,17,11,16
1,<environment.Job instance at 0x14ea43eae320>,2,1,[1 5],3,30,31,27,30
1,<environment.Job instance at 0x14ea43ecbaa0>,5,14,[1 5],6,32,46,26,32
1,<environment.Job instance at 0x14ea43ecb2d0>,7,1,[6 2],8,34,35,26,34
1,<environment.Job instance at 0x14ea43ecb5a0>,8,12,[1 6],9,50,62,41,50
1,<environment.Job instance at 0x14ea43ecb820>,6,2,[2 7],7,53,55,46,53
1,<environment.Job instance at 0x14ea43eae6e0>,0,17,[14  2],1,114,131,113,114
1,<environment.Job instance at 0x14ea980fd9b0>,4,27,[11  2],7,15,42,8,15
1,<environment.Job instance at 0x14ea44477910>,6,1,[8 2],9,42,43,33,22
1,<environment.Job instance at 0x14ea44477af0>,5,1,[ 1 10],8,44,45,36,44
1,<environment.Job instance at 0x14ea441c3aa0>,6,16,[5 1],9,126,142,117,126
1,<environment.Job instance at 0x14ea441c3af0>,2,18,[14  2],5,233,251,228,233
1,<environment.Job instance at 0x14ea45cd3690>,4,3,[ 1 13],5,9,12,4,9
1,<environment.Job instance at 0x14ea487e0f00>,6,15,[5 2],8,9,24,1,9
1,<environment.Job instance at 0x14ea45cd3280>,2,14,[ 2 11],3,498,512,495,498
1,<environment.Job instance at 0x14ea69e9cd70>,7,15,[11  1],9,50,65,41,50
1,<environment.Job instance at 0x14ea50090cd0>,2,2,[1 5],4,5,7,1,5
1,<environment.Job instance at 0x14ea50090780>,5,1,[5 2],7,7,8,0,7
1,<environment.Job instance at 0x14ea50090640>,4,2,[6 2],6,8,10,2,8
1,<environment.Job instance at 0x14ea50090d20>,6,3,[8 1],8,8,11,0,8
1,<environment.Job instance at 0x14ea50090730>,7,1,[2 6],9,12,13,3,12
1,<environment.Job instance at 0x14ea44aa3960>,3,24,[8 2],5,78,102,73,78
1,<environment.Job instance at 0x14ea4512d320>,2,1,[1 9],4,5,6,1,5
1,<environment.Job instance at 0x14ea4716dfa0>,4,3,[12  2],6,976,979,970,976
1,<environment.Job instance at 0x14ea44809e10>,7,3,[10  2],9,38,41,29,38
1,<environment.Job instance at 0x14ea43bfa8c0>,2,14,[ 2 14],3,9,23,6,9
1,<environment.Job instance at 0x14ea43bfa9b0>,4,2,[13  1],6,28,30,22,28
1,<environment.Job instance at 0x14ea43bfa640>,3,23,[5 1],4,32,55,28,32
1,<environment.Job instance at 0x14ea43eae320>,5,21,[9 2],6,6,27,0,6
1,<environment.Job instance at 0x14ea43eae550>,6,13,[5 2],8,8,21,0,8
1,<environment.Job instance at 0x14ea43eae370>,7,15,[9 2],9,27,42,18,13
1,<environment.Job instance at 0x14ea442308c0>,2,13,[1 5],3,43,56,40,43
1,<environment.Job instance at 0x14ea44230640>,3,3,[8 2],4,81,84,77,81
1,<environment.Job instance at 0x14ea43eaea50>,4,15,[ 1 10],5,666,681,661,666
1,<environment.Job instance at 0x14ea44230e10>,0,3,[12  1],1,1226,1229,1225,1226
1,<environment.Job instance at 0x14ea48d45370>,1,23,[1 6],3,3,26,0,3
1,<environment.Job instance at 0x14ea43e6e640>,4,2,[1 5],7,7,9,0,7
1,<environment.Job instance at 0x14ea43e6edc0>,2,16,[10  2],4,8,24,4,8
1,<environment.Job instance at 0x14ea43e6e050>,5,1,[1 5],8,8,9,0,8
1,<environment.Job instance at 0x14ea43e6ea00>,0,27,[11  2],2,56,83,54,56
1,<environment.Job instance at 0x14ea43e6e960>,3,25,[ 1 11],5,2166,2191,2161,2166
1,<environment.Job instance at 0x14ea44ae1280>,1,1,[ 2 10],2,3,4,1,3
1,<environment.Job instance at 0x14ea44ae1230>,6,15,[ 2 13],7,46,61,39,46
1,<environment.Job instance at 0x14ea69dff050>,5,3,[2 6],8,12,15,4,12
1,<environment.Job instance at 0x14ea69dff500>,6,3,[5 1],9,12,15,3,12
1,<environment.Job instance at 0x14ea47175f00>,2,1,[1 9],3,49,50,46,49
1,<environment.Job instance at 0x14ea69dffbe0>,1,3,[13  1],2,848,851,846,848
1,<environment.Job instance at 0x14ea45257e10>,4,1,[13  1],7,24,25,17,24
1,<environment.Job instance at 0x14ea445de460>,4,2,[10  2],6,15,17,9,15
1,<environment.Job instance at 0x14ea445deeb0>,5,24,[5 2],7,26,50,19,26
1,<environment.Job instance at 0x14ea47260d70>,0,15,[ 2 12],3,3,18,0,3
1,<environment.Job instance at 0x14ea47260a00>,3,23,[10  2],6,7,30,1,7
1,<environment.Job instance at 0x14ea48841960>,2,2,[8 2],4,4,6,0,4
1,<environment.Job instance at 0x14ea69e6f960>,1,1,[1 7],3,3,4,0,3
1,<environment.Job instance at 0x14ea44ad8690>,3,3,[14  2],8,356,359,348,356
1,<environment.Job instance at 0x14ea45183780>,4,1,[13  2],9,397,398,388,397
1,<environment.Job instance at 0x14ea50098c30>,0,1,[1 6],2,3,4,1,3
1,<environment.Job instance at 0x14ea69ea6b40>,2,1,[ 2 10],7,7,8,0,7
1,<environment.Job instance at 0x14ea4727e3c0>,0,24,[ 1 13],1,1,25,0,1
1,<environment.Job instance at 0x14ea5004b320>,4,12,[14  1],7,150,162,143,150
1,<environment.Job instance at 0x14ea5004b6e0>,5,22,[11  2],9,179,201,170,179
1,<environment.Job instance at 0x14ea44648550>,0,2,[ 1 14],1,1,3,0,1
1,<environment.Job instance at 0x14ea446483c0>,4,2,[6 1],6,6,8,0,6
1,<environment.Job instance at 0x14ea44648820>,5,2,[2 6],7,7,9,0,7
1,<environment.Job instance at 0x14ea446482d0>,2,1,[ 1 12],3,9,10,6,8
1,<environment.Job instance at 0x14ea444c76e0>,3,1,[13  1],5,14,15,9,14
1,<environment.Job instance at 0x14ea444c7410>,1,17,[ 2 12],3,149,166,146,149
1,<environment.Job instance at 0x14ea44ad8af0>,0,2,[ 1 13],2,2,4,0,2
1,<environment.Job instance at 0x14ea43d45230>,5,17,[9 2],8,10,27,2,10
1,<environment.Job instance at 0x14ea43d452d0>,6,2,[6 1],9,10,12,1,10
1,<environment.Job instance at 0x14ea43d45500>,4,25,[7 2],7,71,96,64,71
1,<environment.Job instance at 0x14ea43d45870>,1,1,[14  1],3,96,97,93,96
1,<environment.Job instance at 0x14ea43d45b40>,2,14,[ 1 12],4,452,466,448,452
1,<environment.Job instance at 0x14ea47805a50>,3,2,[9 1],4,4,6,0,4
1,<environment.Job instance at 0x14ea53413e10>,4,2,[2 5],8,8,10,0,8
1,<environment.Job instance at 0x14ea478059b0>,0,1,[ 2 12],1,55,56,54,55
1,<environment.Job instance at 0x14ea47805960>,2,2,[13  2],3,197,199,194,197
1,<environment.Job instance at 0x14ea4454e9b0>,0,24,[9 2],1,1,25,0,1
1,<environment.Job instance at 0x14ea47367c80>,5,20,[5 1],6,6,26,0,6
1,<environment.Job instance at 0x14ea473675a0>,6,18,[7 1],7,7,25,0,7
1,<environment.Job instance at 0x14ea4766b9b0>,2,1,[9 1],4,5,6,1,5
1,<environment.Job instance at 0x14ea4766b460>,4,26,[13  2],8,9,35,1,9
1,<environment.Job instance at 0x14ea4766b870>,0,19,[ 1 13],1,12,31,11,12
1,<environment.Job instance at 0x14ea4766b410>,1,3,[7 2],2,35,38,33,32
1,<environment.Job instance at 0x14ea695a9460>,0,26,[1 5],2,2,28,0,2
1,<environment.Job instance at 0x14ea447a4af0>,3,17,[5 1],8,12,29,4,12
1,<environment.Job instance at 0x14ea48d688c0>,5,3,[7 2],9,56,59,47,56
1,<environment.Job instance at 0x14ea44913960>,0,25,[1 6],1,1,26,0,1
1,<environment.Job instance at 0x14ea44913370>,6,18,[9 2],8,8,26,0,8
1,<environment.Job instance at 0x14ea44913690>,7,1,[7 2],9,26,27,17,25
1,<environment.Job instance at 0x14ea53444140>,3,1,[12  2],6,17,18,11,17
1,<environment.Job instance at 0x14ea534447d0>,4,2,[1 5],7,29,31,22,29
1,<environment.Job instance at 0x14ea43e2d690>,3,28,[9 1],8,10,38,2,10
1,<environment.Job instance at 0x14ea500ac280>,2,1,[14  2],8,37,38,29,37
1,<environment.Job instance at 0x14ea43e61fa0>,0,27,[7 1],1,1,28,0,1
1,<environment.Job instance at 0x14ea534c40a0>,5,18,[8 1],9,9,27,0,9
1,<environment.Job instance at 0x14ea47609370>,5,1,[5 2],6,7,8,1,7
1,<environment.Job instance at 0x14ea47609fa0>,2,2,[ 2 13],3,7,9,4,7
1,<environment.Job instance at 0x14ea48992730>,3,16,[ 2 13],6,7,23,1,7
1,<environment.Job instance at 0x14ea4447d8c0>,7,2,[7 2],9,9,11,0,9
1,<environment.Job instance at 0x14ea4447d050>,2,27,[5 1],4,23,50,19,23
1,<environment.Job instance at 0x14ea4447de10>,5,17,[9 2],7,33,50,26,33
1,<environment.Job instance at 0x14ea52b6ac80>,2,2,[1 9],5,5,7,0,5
1,<environment.Job instance at 0x14ea52b6ab40>,5,1,[6 1],8,9,10,1,9
1,<environment.Job instance at 0x14ea52b6a410>,6,12,[14  1],9,15,27,6,15
1,<environment.Job instance at 0x14ea52b6ae60>,3,2,[14  1],6,85,87,79,85
1,<environment.Job instance at 0x14ea447d9870>,4,1,[ 1 12],7,87,88,80,87
1,<environment.Job instance at 0x14ea4733c410>,0,15,[5 1],1,1,16,0,1
1,<environment.Job instance at 0x14ea4733cf50>,5,15,[14  1],9,33,48,24,33
1,<environment.Job instance at 0x14ea53422410>,3,17,[11  1],9,68,85,59,68
1,<environment.Job instance at 0x14ea53422d70>,1,13,[ 2 14],6,81,94,75,81
1,<environment.Job instance at 0x14ea44774690>,0,19,[12  2],1,9,28,8,9
1,<environment.Job instance at 0x14ea44774460>,4,1,[8 1],7,28,29,21,9
1,<environment.Job instance at 0x14ea44774c30>,3,15,[7 2],4,160,175,156,160
1,<environment.Job instance at 0x14ea43cb9e60>,0,21,[ 1 10],2,2,23,0,2
1,<environment.Job instance at 0x14ea43cb9d20>,5,2,[13  1],8,263,265,255,263
1,<environment.Job instance at 0x14ea43cb9960>,6,2,[12  1],9,296,298,287,296
1,<environment.Job instance at 0x14ea440decd0>,0,25,[7 1],2,3,28,1,3
1,<environment.Job instance at 0x14ea4432a7d0>,1,23,[14  1],4,11,34,7,11
1,<environment.Job instance at 0x14ea44411730>,6,1,[1 6],7,7,8,0,7
1,<environment.Job instance at 0x14ea44411c30>,7,17,[1 8],8,9,26,1,9
1,<environment.Job instance at 0x14ea44411460>,8,1,[1 6],9,9,10,0,9
1,<environment.Job instance at 0x14ea5357f7d0>,0,15,[ 2 13],1,34,49,33,34
1,<environment.Job instance at 0x14ea478171e0>,0,1,[5 2],2,2,3,0,2
1,<environment.Job instance at 0x14ea478178c0>,1,22,[1 5],4,4,26,0,4
1,<environment.Job instance at 0x14ea5359d500>,3,2,[6 1],6,7,9,1,7
1,<environment.Job instance at 0x14ea69e75140>,6,17,[8 1],9,10,27,1,10
1,<environment.Job instance at 0x14ea69e75870>,5,15,[11  2],8,47,62,39,47
1,<environment.Job instance at 0x14ea5359df00>,0,16,[ 1 12],1,58,74,57,58
1,<environment.Job instance at 0x14ea4889ee60>,0,18,[6 1],1,1,19,0,1
1,<environment.Job instance at 0x14ea47364f50>,3,3,[12  1],4,59,62,55,59
1,<environment.Job instance at 0x14ea4738b9b0>,4,18,[ 2 12],6,42,60,36,42
1,<environment.Job instance at 0x14ea44727190>,3,2,[11  2],6,163,165,157,163
1,<environment.Job instance at 0x14ea451b69b0>,3,18,[12  1],8,105,123,97,105
1,<environment.Job instance at 0x14ea451b6640>,4,2,[2 7],9,105,107,96,105
1,<environment.Job instance at 0x14ea43f911e0>,4,1,[9 1],6,10,11,4,10
1,<environment.Job instance at 0x14ea43f91320>,2,13,[12  2],4,213,226,209,213
1,<environment.Job instance at 0x14ea43f91aa0>,5,25,[ 2 14],8,270,295,262,270
1,<environment.Job instance at 0x14ea451fa280>,6,14,[7 2],9,426,440,417,426
1,<environment.Job instance at 0x14ea69547d20>,0,25,[2 8],1,1,26,0,1
1,<environment.Job instance at 0x14ea695471e0>,1,27,[2 7],2,2,29,0,2
1,<environment.Job instance at 0x14ea69547aa0>,4,26,[6 2],5,26,52,21,26
1,<environment.Job instance at 0x14ea69547c30>,2,3,[ 2 13],3,47,50,44,47
1,<environment.Job instance at 0x14ea441a0d70>,0,1,[1 7],2,3,4,1,3
1,<environment.Job instance at 0x14ea441a0500>,4,23,[8 2],9,10,33,1,10
1,<environment.Job instance at 0x14ea43cbf9b0>,2,15,[ 2 11],7,24,39,17,24
1,<environment.Job instance at 0x14ea488e2230>,3,1,[ 1 11],8,44,45,36,44
1,<environment.Job instance at 0x14ea4893f820>,2,2,[9 1],3,3,5,0,3
1,<environment.Job instance at 0x14ea4893f960>,6,27,[8 2],8,9,36,1,9
1,<environment.Job instance at 0x14ea48d078c0>,1,24,[2 8],2,2,26,0,2
1,<environment.Job instance at 0x14ea44776c80>,6,3,[14  1],9,1069,1072,1060,1069
1,<environment.Job instance at 0x14ea43d79320>,5,1,[9 2],8,21,22,13,21
1,<environment.Job instance at 0x14ea43d799b0>,6,16,[ 1 11],9,22,38,13,22
1,<environment.Job instance at 0x14ea44265af0>,1,3,[12  2],2,51,54,49,51
1,<environment.Job instance at 0x14ea43d791e0>,3,3,[12  1],4,90,93,86,90
1,<environment.Job instance at 0x14ea44265eb0>,2,17,[ 2 12],3,1516,1533,1513,1516
1,<environment.Job instance at 0x14ea441bd870>,4,25,[ 1 10],7,8,33,1,8
1,<environment.Job instance at 0x14ea441bdaf0>,5,1,[1 9],8,33,34,25,8
1,<environment.Job instance at 0x14ea441bdaa0>,0,1,[13  2],3,113,114,110,113
1,<environment.Job instance at 0x14ea441bde10>,3,17,[10  1],6,147,164,141,147
1,<environment.Job instance at 0x14ea43fc12d0>,0,25,[7 1],1,1,26,0,1
1,<environment.Job instance at 0x14ea44577230>,3,1,[5 2],7,7,8,0,7
1,<environment.Job instance at 0x14ea44577640>,5,3,[ 2 11],9,10,13,1,10
1,<environment.Job instance at 0x14ea44577870>,2,26,[ 1 11],4,667,693,663,667
1,<environment.Job instance at 0x14ea488f7d20>,5,22,[5 2],7,7,29,0,7
1,<environment.Job instance at 0x14ea48c77af0>,8,26,[9 1],9,11,37,2,11
1,<environment.Job instance at 0x14ea48c77050>,7,2,[ 2 12],8,36,38,28,36
1,<environment.Job instance at 0x14ea44439cd0>,3,1,[13  1],7,152,153,145,152
1,<environment.Job instance at 0x14ea4422c9b0>,5,1,[13  2],6,9,10,3,9
1,<environment.Job instance at 0x14ea4422c370>,1,2,[13  2],2,20,22,18,20
1,<environment.Job instance at 0x14ea4422ccd0>,2,13,[9 2],3,39,52,36,39
1,<environment.Job instance at 0x14ea4422c4b0>,4,14,[5 1],5,174,188,169,174
1,<environment.Job instance at 0x14ea47689690>,4,13,[7 2],8,8,21,0,8
1,<environment.Job instance at 0x14ea47689fa0>,5,2,[2 7],9,11,13,2,11
1,<environment.Job instance at 0x14ea449d40f0>,2,3,[ 1 11],6,131,134,125,131
1,<environment.Job instance at 0x14ea449d4e60>,0,13,[11  2],1,274,287,273,274
1,<environment.Job instance at 0x14ea449d4d70>,1,16,[ 2 13],3,352,368,349,352
1,<environment.Job instance at 0x14ea476895a0>,3,2,[1 7],7,368,370,361,358
1,<environment.Job instance at 0x14ea43d48f50>,5,1,[9 2],7,7,8,0,7
1,<environment.Job instance at 0x14ea43d48190>,6,28,[2 7],8,8,36,0,8
1,<environment.Job instance at 0x14ea44026d20>,7,3,[1 7],9,9,12,0,9
1,<environment.Job instance at 0x14ea43d48050>,3,12,[14  1],5,42,54,37,42
1,<environment.Job instance at 0x14ea43d48c80>,1,2,[13  1],3,87,89,84,87
1,<environment.Job instance at 0x14ea43d48d70>,4,3,[ 1 14],6,1562,1565,1556,1562
1,<environment.Job instance at 0x14ea47708f50>,1,1,[2 8],3,3,4,0,3
1,<environment.Job instance at 0x14ea48c040a0>,6,3,[14  2],8,24,27,16,24
1,<environment.Job instance at 0x14ea48c04c80>,7,3,[12  1],9,35,38,26,35
1,<environment.Job instance at 0x14ea48c04690>,5,2,[ 1 13],7,37,39,30,37
1,<environment.Job instance at 0x14ea98186320>,3,3,[ 2 12],5,85,88,80,85
1,<environment.Job instance at 0x14ea48d1faa0>,1,2,[8 2],2,3,5,1,3
1,<environment.Job instance at 0x14ea48d1fb90>,3,2,[2 8],5,5,7,0,5
1,<environment.Job instance at 0x14ea4724e410>,6,15,[ 1 12],9,19,34,10,19
1,<environment.Job instance at 0x14ea4724eb90>,5,3,[10  2],8,52,55,44,52
1,<environment.Job instance at 0x14ea48d1f0f0>,0,3,[ 1 13],1,82,85,81,82
1,<environment.Job instance at 0x14ea69e7d2d0>,1,2,[ 1 12],4,4,6,0,4
1,<environment.Job instance at 0x14ea44309500>,2,12,[6 2],4,5,17,1,5
1,<environment.Job instance at 0x14ea449e2550>,3,15,[6 1],4,5,20,1,5
1,<environment.Job instance at 0x14ea449e2730>,7,23,[7 1],9,19,42,10,19
1,<environment.Job instance at 0x14ea449e2a50>,5,1,[ 1 13],6,41,42,35,41
1,<environment.Job instance at 0x14ea449e2eb0>,6,12,[12  2],7,874,886,867,874
1,<environment.Job instance at 0x14ea529c50a0>,1,2,[1 5],3,3,5,0,3
1,<environment.Job instance at 0x14ea529c5c80>,4,3,[2 5],7,7,10,0,7
1,<environment.Job instance at 0x14ea529c5820>,5,3,[ 2 13],8,10,13,2,9
1,<environment.Job instance at 0x14ea529c5140>,3,1,[1 9],6,14,15,8,14
1,<environment.Job instance at 0x14ea529c57d0>,2,1,[ 1 14],4,18,19,14,18
1,<environment.Job instance at 0x14ea529c5cd0>,6,26,[ 1 10],9,145,171,136,145
1,<environment.Job instance at 0x14ea47841780>,0,2,[ 1 10],1,2,4,1,2
1,<environment.Job instance at 0x14ea478415f0>,5,1,[ 1 10],7,109,110,102,109
1,<environment.Job instance at 0x14ea43c78640>,0,2,[ 1 13],2,3,5,1,3
1,<environment.Job instance at 0x14ea477952d0>,4,3,[14  2],8,1999,2002,1991,1999
1,<environment.Job instance at 0x14ea441de320>,5,2,[14  2],9,217,219,208,217
1,<environment.Job instance at 0x14ea48d503c0>,4,28,[2 8],6,13,41,7,13
1,<environment.Job instance at 0x14ea48d508c0>,5,3,[1 7],7,40,43,33,40
1,<environment.Job instance at 0x14ea48d50c80>,6,15,[ 2 11],8,218,233,210,218
1,<environment.Job instance at 0x14ea48d50190>,7,12,[ 1 11],9,2629,2641,2620,2629
1,<environment.Job instance at 0x14ea43d6f230>,2,2,[ 2 10],3,4,6,1,4
1,<environment.Job instance at 0x14ea529a2410>,5,19,[6 2],9,9,28,0,9
1,<environment.Job instance at 0x14ea443c9820>,3,1,[12  1],7,248,249,241,248
1,<environment.Job instance at 0x14ea447abf50>,4,18,[12  1],5,77,95,72,77
1,<environment.Job instance at 0x14ea4437b6e0>,3,1,[ 1 12],7,7,8,0,7
1,<environment.Job instance at 0x14ea47358320>,2,15,[1 8],3,7,22,4,7
1,<environment.Job instance at 0x14ea447f8780>,4,3,[10  2],5,64,67,59,64
1,<environment.Job instance at 0x14ea50047e10>,2,2,[2 8],5,5,7,0,5
1,<environment.Job instance at 0x14ea50047050>,4,25,[7 1],7,7,32,0,7
1,<environment.Job instance at 0x14ea47f49050>,5,21,[2 6],8,9,30,1,9
1,<environment.Job instance at 0x14ea43d7ca50>,4,25,[7 2],7,11,36,4,11
1,<environment.Job instance at 0x14ea43be8f50>,4,2,[5 2],6,9,11,3,9
1,<environment.Job instance at 0x14ea43be8c30>,5,15,[2 5],7,11,26,4,11
1,<environment.Job instance at 0x14ea445e4190>,2,1,[ 2 10],3,62,63,59,62
1,<environment.Job instance at 0x14ea445e4780>,0,12,[ 1 11],1,267,279,266,267
1,<environment.Job instance at 0x14ea47365370>,2,1,[ 2 10],4,4,5,0,4
1,<environment.Job instance at 0x14ea448d4370>,5,17,[10  1],8,10,27,2,10
1,<environment.Job instance at 0x14ea448d4190>,6,2,[5 1],9,26,28,17,26
1,<environment.Job instance at 0x14ea472eff50>,5,2,[8 1],7,26,28,19,26
1,<environment.Job instance at 0x14ea472efeb0>,2,1,[14  1],3,112,113,109,112
1,<environment.Job instance at 0x14ea43ce60f0>,7,1,[2 7],9,10,11,1,10
