iteration,job object,job ID,job Length,job ressource requirement,job enter time,job start time,job finish time,job waiting time,current time
1,<environment.Job instance at 0x14ea9ba478c0>,1,3,[1 9],2,13,16,11,2
1,<environment.Job instance at 0x14ea44aa54b0>,6,18,[8 1],7,7,25,0,7
1,<environment.Job instance at 0x14ea44aa5190>,1,13,[2 8],2,2,15,0,2
1,<environment.Job instance at 0x14ea51317f50>,1,17,[6 1],3,5,22,2,5
1,<environment.Job instance at 0x14ea5342f2d0>,1,12,[ 1 10],2,2,14,0,2
1,<environment.Job instance at 0x14ea44727cd0>,6,16,[10  2],9,14,30,5,9
1,<environment.Job instance at 0x14ea441c5c30>,1,3,[1 5],2,2,5,0,2
1,<environment.Job instance at 0x14ea6a507500>,1,1,[1 6],3,3,4,0,3
1,<environment.Job instance at 0x14ea6a507dc0>,2,1,[2 9],5,5,6,0,5
1,<environment.Job instance at 0x14ea48c1b7d0>,3,16,[8 2],6,6,22,0,6
1,<environment.Job instance at 0x14ea48c1bf00>,4,12,[9 1],8,22,34,14,8
1,<environment.Job instance at 0x14ea69dfe0a0>,0,1,[1 9],3,5,6,2,5
1,<environment.Job instance at 0x14ea448a6500>,3,23,[2 6],6,6,29,0,6
1,<environment.Job instance at 0x14ea4488daa0>,4,2,[2 9],7,29,31,22,7
1,<environment.Job instance at 0x14ea4488daf0>,6,3,[2 9],9,31,34,22,11
1,<environment.Job instance at 0x14ea4427dc80>,1,1,[1 6],4,4,5,0,4
1,<environment.Job instance at 0x14ea69e16460>,4,3,[2 9],7,35,38,28,35
1,<environment.Job instance at 0x14ea487a56e0>,1,12,[2 8],2,2,14,0,2
1,<environment.Job instance at 0x14ea447c1870>,1,1,[2 7],4,4,5,0,4
1,<environment.Job instance at 0x14ea447c12d0>,5,1,[5 1],8,9,10,1,9
1,<environment.Job instance at 0x14ea44128870>,0,12,[9 2],1,1,13,0,1
1,<environment.Job instance at 0x14ea6a504140>,1,15,[10  2],2,13,28,11,3
1,<environment.Job instance at 0x14ea473abe60>,5,13,[2 9],7,28,41,21,12
1,<environment.Job instance at 0x14ea48d1cfa0>,1,15,[5 1],2,2,17,0,2
1,<environment.Job instance at 0x14ea473ab410>,2,18,[1 8],3,4,22,1,4
1,<environment.Job instance at 0x14ea473ab370>,2,15,[9 2],4,4,19,0,4
1,<environment.Job instance at 0x14ea488052d0>,2,15,[1 6],4,4,19,0,4
1,<environment.Job instance at 0x14ea478cbe10>,5,3,[1 7],8,19,22,11,8
1,<environment.Job instance at 0x14ea68076370>,2,12,[6 1],3,4,16,1,4
1,<environment.Job instance at 0x14ea451a4780>,0,15,[1 7],2,2,17,0,2
1,<environment.Job instance at 0x14ea4444e280>,4,3,[5 2],9,15,18,6,15
1,<environment.Job instance at 0x14ea53484e60>,2,17,[ 2 10],3,5,22,2,5
1,<environment.Job instance at 0x14ea47753c30>,0,1,[2 9],1,2,3,1,2
1,<environment.Job instance at 0x14ea69523b40>,2,3,[ 2 10],4,4,7,0,4
1,<environment.Job instance at 0x14ea44385460>,3,14,[10  1],6,7,21,1,6
1,<environment.Job instance at 0x14ea53489b40>,0,3,[6 1],1,1,4,0,1
1,<environment.Job instance at 0x14ea48c39410>,0,16,[9 1],3,3,19,0,3
1,<environment.Job instance at 0x14ea48c396e0>,1,15,[9 2],7,19,34,12,7
1,<environment.Job instance at 0x14ea9b955b40>,1,25,[9 2],3,13,38,10,13
1,<environment.Job instance at 0x14ea9b955aa0>,0,18,[10  1],3,3,21,0,3
1,<environment.Job instance at 0x14ea46726870>,1,14,[6 1],2,2,16,0,2
1,<environment.Job instance at 0x14ea52aa2b40>,1,3,[1 5],4,13,16,9,13
1,<environment.Job instance at 0x14ea529c8aa0>,0,3,[1 7],1,1,4,0,1
1,<environment.Job instance at 0x14ea47f49050>,1,12,[7 1],3,3,15,0,3
1,<environment.Job instance at 0x14ea69591550>,4,17,[7 1],7,15,32,8,7
1,<environment.Job instance at 0x14ea52979500>,0,12,[7 2],2,2,14,0,2
1,<environment.Job instance at 0x14ea47241140>,3,14,[8 2],7,14,28,7,7
1,<environment.Job instance at 0x14ea47241280>,0,14,[8 1],1,1,15,0,1
1,<environment.Job instance at 0x14ea472410f0>,3,21,[7 2],5,15,36,10,7
1,<environment.Job instance at 0x14ea476a48c0>,0,27,[2 6],4,5,32,1,5
1,<environment.Job instance at 0x14ea476a4d20>,1,14,[10  2],7,32,46,25,18
1,<environment.Job instance at 0x14ea441c9dc0>,0,3,[1 8],3,3,6,0,3
1,<environment.Job instance at 0x14ea441c95f0>,1,20,[2 7],6,6,26,0,6
1,<environment.Job instance at 0x14ea4723a870>,1,2,[2 7],3,3,5,0,3
1,<environment.Job instance at 0x14ea4471e5f0>,3,17,[2 8],9,9,26,0,9
1,<environment.Job instance at 0x14ea489adc80>,6,1,[5 1],9,25,26,16,25
1,<environment.Job instance at 0x14ea489ad0f0>,4,16,[1 6],7,28,44,21,28
1,<environment.Job instance at 0x14ea52a98230>,2,27,[10  2],5,5,32,0,5
1,<environment.Job instance at 0x14ea446f0d20>,0,18,[ 1 10],1,1,19,0,1
1,<environment.Job instance at 0x14ea446f06e0>,2,3,[ 2 10],5,19,22,14,5
1,<environment.Job instance at 0x14ea446f0d70>,5,16,[9 1],8,22,38,14,9
1,<environment.Job instance at 0x14ea44517e10>,0,3,[2 7],1,1,4,0,1
1,<environment.Job instance at 0x14ea4414d820>,1,14,[7 2],2,3,17,1,3
1,<environment.Job instance at 0x14ea5343c370>,2,12,[8 2],4,10,22,6,10
1,<environment.Job instance at 0x14ea534c91e0>,0,3,[1 7],1,1,4,0,1
1,<environment.Job instance at 0x14ea488f46e0>,0,12,[5 2],1,1,13,0,1
1,<environment.Job instance at 0x14ea448eaaf0>,4,27,[1 7],8,8,35,0,8
1,<environment.Job instance at 0x14ea4473d820>,0,15,[2 8],1,1,16,0,1
1,<environment.Job instance at 0x14ea5132c1e0>,2,13,[ 2 10],5,16,29,11,5
1,<environment.Job instance at 0x14ea53475dc0>,0,14,[2 9],1,1,15,0,1
1,<environment.Job instance at 0x14ea43e8f460>,2,3,[1 5],4,15,18,11,4
1,<environment.Job instance at 0x14ea476fd140>,4,3,[2 8],6,18,21,12,6
1,<environment.Job instance at 0x14ea451a5910>,0,3,[1 6],1,1,4,0,1
1,<environment.Job instance at 0x14ea451a5d70>,2,14,[9 1],4,4,18,0,4
1,<environment.Job instance at 0x14ea442871e0>,5,15,[1 5],7,7,22,0,7
1,<environment.Job instance at 0x14ea69e85aa0>,1,15,[10  1],3,3,18,0,3
1,<environment.Job instance at 0x14ea43f03eb0>,0,15,[7 2],1,1,16,0,1
1,<environment.Job instance at 0x14ea488fc5f0>,2,3,[2 5],4,4,7,0,4
1,<environment.Job instance at 0x14ea472185f0>,3,13,[10  1],6,7,20,1,6
1,<environment.Job instance at 0x14ea44026960>,4,1,[7 1],9,10,11,1,10
1,<environment.Job instance at 0x14ea43c0e9b0>,4,3,[1 7],6,6,9,0,6
1,<environment.Job instance at 0x14ea43c0ec80>,5,19,[2 9],9,9,28,0,9
1,<environment.Job instance at 0x14ea43e34b40>,0,17,[9 2],1,1,18,0,1
1,<environment.Job instance at 0x14ea43e346e0>,5,2,[1 5],6,6,8,0,6
1,<environment.Job instance at 0x14ea43d869b0>,3,3,[1 7],6,6,9,0,6
1,<environment.Job instance at 0x14ea43d86550>,4,17,[2 7],7,9,26,2,8
1,<environment.Job instance at 0x14ea43d86fa0>,6,17,[9 1],9,26,43,17,14
1,<environment.Job instance at 0x14ea43ea5eb0>,0,19,[10  1],1,1,20,0,1
1,<environment.Job instance at 0x14ea43ea54b0>,7,16,[ 2 10],8,20,36,12,8
1,<environment.Job instance at 0x14ea43cb70f0>,0,15,[2 6],2,2,17,0,2
1,<environment.Job instance at 0x14ea43cb7d70>,7,2,[7 1],9,9,11,0,9
1,<environment.Job instance at 0x14ea48941500>,0,13,[10  1],1,1,14,0,1
1,<environment.Job instance at 0x14ea4881c460>,0,21,[1 9],1,1,22,0,1
1,<environment.Job instance at 0x14ea53567640>,4,12,[7 1],7,10,22,3,10
1,<environment.Job instance at 0x14ea44594460>,2,2,[7 1],5,5,7,0,5
1,<environment.Job instance at 0x14ea472c1140>,0,14,[2 5],1,1,15,0,1
1,<environment.Job instance at 0x14ea47229e10>,3,13,[7 2],5,5,18,0,5
1,<environment.Job instance at 0x14ea440b6e10>,0,16,[1 5],4,5,21,1,5
1,<environment.Job instance at 0x14ea440b6190>,1,1,[1 9],5,21,22,16,7
1,<environment.Job instance at 0x14ea471a43c0>,0,26,[2 8],1,1,27,0,1
1,<environment.Job instance at 0x14ea476c7820>,3,3,[10  2],8,8,11,0,8
1,<environment.Job instance at 0x14ea47755a50>,0,3,[5 1],2,2,5,0,2
1,<environment.Job instance at 0x14ea52abfeb0>,0,17,[2 8],1,1,18,0,1
1,<environment.Job instance at 0x14ea4890a7d0>,0,2,[2 9],1,1,3,0,1
1,<environment.Job instance at 0x14ea48d6d690>,4,2,[8 2],9,9,11,0,9
1,<environment.Job instance at 0x14ea445774b0>,0,14,[2 8],1,1,15,0,1
1,<environment.Job instance at 0x14ea4548cbe0>,0,3,[1 7],1,1,4,0,1
1,<environment.Job instance at 0x14ea4548ca50>,3,18,[2 8],4,4,22,0,4
1,<environment.Job instance at 0x14ea4548c230>,4,13,[5 1],5,11,24,6,11
1,<environment.Job instance at 0x14ea471d4820>,2,1,[6 2],5,5,6,0,5
1,<environment.Job instance at 0x14ea471d4c80>,3,17,[9 2],7,7,24,0,7
1,<environment.Job instance at 0x14ea98106e10>,0,3,[1 5],1,1,4,0,1
1,<environment.Job instance at 0x14ea98106190>,1,3,[2 7],2,4,7,2,2
1,<environment.Job instance at 0x14ea981068c0>,2,13,[2 5],3,7,20,4,3
1,<environment.Job instance at 0x14ea69e70be0>,0,23,[1 9],1,1,24,0,1
1,<environment.Job instance at 0x14ea43ea5d70>,0,25,[8 1],3,3,28,0,3
1,<environment.Job instance at 0x14ea43fe2910>,5,3,[9 2],7,11,14,4,11
1,<environment.Job instance at 0x14ea43fe2cd0>,6,13,[1 9],8,732,745,724,732
1,<environment.Job instance at 0x14ea69554280>,0,12,[1 7],1,1,13,0,1
1,<environment.Job instance at 0x14ea69554c80>,5,2,[6 2],7,126,128,119,126
1,<environment.Job instance at 0x14ea44888cd0>,0,12,[ 1 10],1,1,13,0,1
1,<environment.Job instance at 0x14ea44888f00>,3,3,[8 2],5,13,16,8,7
1,<environment.Job instance at 0x14ea44886fa0>,0,14,[8 2],1,1,15,0,1
1,<environment.Job instance at 0x14ea44411dc0>,4,13,[2 8],7,7,20,0,7
1,<environment.Job instance at 0x14ea4488c730>,1,27,[5 2],3,3,30,0,3
1,<environment.Job instance at 0x14ea48942910>,4,1,[10  2],7,30,31,23,11
1,<environment.Job instance at 0x14ea48942870>,2,17,[10  1],4,31,48,27,20
1,<environment.Job instance at 0x14ea535041e0>,0,27,[5 2],2,2,29,0,2
1,<environment.Job instance at 0x14ea43c98640>,0,19,[9 1],1,1,20,0,1
1,<environment.Job instance at 0x14ea4425aaf0>,0,17,[9 1],1,1,18,0,1
1,<environment.Job instance at 0x14ea4897abe0>,6,13,[6 1],9,22,35,13,22
1,<environment.Job instance at 0x14ea50064dc0>,3,13,[2 6],4,4,17,0,4
1,<environment.Job instance at 0x14ea4412ac80>,2,1,[8 2],3,9,10,6,9
1,<environment.Job instance at 0x14ea4412a1e0>,5,1,[1 8],6,67,68,61,67
1,<environment.Job instance at 0x14ea52bafd20>,1,17,[1 9],3,4,21,1,4
1,<environment.Job instance at 0x14ea5295d820>,3,13,[5 1],5,5,18,0,5
1,<environment.Job instance at 0x14ea447b9870>,4,14,[2 9],6,21,35,15,6
1,<environment.Job instance at 0x14ea447b9050>,6,3,[10  1],8,35,38,27,9
1,<environment.Job instance at 0x14ea5295d370>,7,3,[6 1],9,18,21,9,11
1,<environment.Job instance at 0x14ea43e9d960>,0,3,[2 7],1,1,4,0,1
1,<environment.Job instance at 0x14ea43e9d410>,2,17,[1 8],3,4,21,1,3
1,<environment.Job instance at 0x14ea47699500>,3,3,[2 5],5,8,11,3,8
1,<environment.Job instance at 0x14ea47699a00>,7,2,[2 7],9,13,15,4,13
1,<environment.Job instance at 0x14ea53441640>,0,18,[6 1],1,1,19,0,1
1,<environment.Job instance at 0x14ea53441a00>,3,22,[2 6],5,5,27,0,5
1,<environment.Job instance at 0x14ea53519c80>,5,16,[6 2],7,19,35,12,9
1,<environment.Job instance at 0x14ea44b05c80>,0,19,[1 5],2,2,21,0,2
1,<environment.Job instance at 0x14ea443911e0>,3,17,[1 7],6,8,25,2,8
1,<environment.Job instance at 0x14ea44391be0>,2,14,[5 2],5,5,19,0,5
1,<environment.Job instance at 0x14ea45480cd0>,0,25,[6 1],1,1,26,0,1
1,<environment.Job instance at 0x14ea454805a0>,4,2,[ 2 10],8,26,28,18,11
1,<environment.Job instance at 0x14ea454809b0>,1,12,[5 2],3,28,40,25,16
1,<environment.Job instance at 0x14ea48831b40>,1,22,[2 5],5,5,27,0,5
1,<environment.Job instance at 0x14ea48831780>,3,1,[10  1],7,27,28,20,9
1,<environment.Job instance at 0x14ea500a3190>,2,15,[2 5],5,5,20,0,5
1,<environment.Job instance at 0x14ea447b4500>,4,3,[9 2],7,7,10,0,7
1,<environment.Job instance at 0x14ea447b4aa0>,5,21,[10  1],8,10,31,2,9
1,<environment.Job instance at 0x14ea4716daf0>,1,2,[8 2],6,6,8,0,6
1,<environment.Job instance at 0x14ea4716da50>,2,17,[1 6],7,7,24,0,7
1,<environment.Job instance at 0x14ea4716d550>,3,3,[1 9],8,24,27,16,8
1,<environment.Job instance at 0x14ea53504c80>,0,26,[1 7],1,1,27,0,1
1,<environment.Job instance at 0x14ea53504230>,1,13,[8 1],2,23,36,21,23
1,<environment.Job instance at 0x14ea53504500>,2,3,[5 2],3,36,39,33,24
1,<environment.Job instance at 0x14ea52afdc30>,0,12,[6 2],1,1,13,0,1
1,<environment.Job instance at 0x14ea52afd550>,1,3,[1 7],2,2,5,0,2
1,<environment.Job instance at 0x14ea52afdaa0>,4,14,[7 1],6,13,27,7,7
1,<environment.Job instance at 0x14ea52afd4b0>,6,14,[9 2],8,27,41,19,12
1,<environment.Job instance at 0x14ea43d2ecd0>,1,3,[5 2],2,2,5,0,2
1,<environment.Job instance at 0x14ea6a506780>,0,16,[9 1],1,1,17,0,1
1,<environment.Job instance at 0x14ea6a506050>,1,14,[ 1 10],2,17,31,15,2
1,<environment.Job instance at 0x14ea6a506370>,1,14,[1 6],2,2,16,0,2
1,<environment.Job instance at 0x14ea444928c0>,2,14,[7 1],3,5,19,2,5
1,<environment.Job instance at 0x14ea44492be0>,4,17,[2 7],6,16,33,10,6
1,<environment.Job instance at 0x14ea43d48870>,1,27,[ 2 10],7,7,34,0,7
1,<environment.Job instance at 0x14ea45ce5aa0>,0,3,[1 8],1,1,4,0,1
1,<environment.Job instance at 0x14ea5009d5a0>,1,2,[5 2],3,3,5,0,3
1,<environment.Job instance at 0x14ea5009d3c0>,3,2,[5 2],6,6,8,0,6
1,<environment.Job instance at 0x14ea5009d870>,4,1,[ 2 10],7,8,9,1,8
1,<environment.Job instance at 0x14ea43e151e0>,0,12,[7 2],1,1,13,0,1
1,<environment.Job instance at 0x14ea43e15dc0>,1,13,[10  1],4,13,26,9,4
1,<environment.Job instance at 0x14ea43e15500>,4,2,[1 9],8,26,28,18,26
1,<environment.Job instance at 0x14ea535c8b40>,0,27,[8 2],1,1,28,0,1
1,<environment.Job instance at 0x14ea47190690>,1,3,[2 8],2,2,5,0,2
1,<environment.Job instance at 0x14ea69544320>,0,3,[1 7],1,1,4,0,1
1,<environment.Job instance at 0x14ea447b4aa0>,0,3,[2 6],1,1,4,0,1
1,<environment.Job instance at 0x14ea447b4190>,2,14,[5 2],3,3,17,0,3
1,<environment.Job instance at 0x14ea447b42d0>,3,14,[8 2],5,17,31,12,5
1,<environment.Job instance at 0x14ea52a3c5a0>,0,27,[5 2],1,1,28,0,1
1,<environment.Job instance at 0x14ea43e2fdc0>,0,18,[7 1],2,2,20,0,2
1,<environment.Job instance at 0x14ea43e2f320>,3,3,[2 6],6,70,73,64,70
1,<environment.Job instance at 0x14ea47276870>,0,3,[8 2],1,1,4,0,1
1,<environment.Job instance at 0x14ea471a4aa0>,6,21,[9 1],9,13,34,4,13
1,<environment.Job instance at 0x14ea44261640>,0,15,[10  2],1,1,16,0,1
1,<environment.Job instance at 0x14ea476698c0>,0,1,[1 9],1,6,7,5,6
1,<environment.Job instance at 0x14ea44646820>,5,16,[9 2],8,8,24,0,8
1,<environment.Job instance at 0x14ea446468c0>,3,12,[9 1],5,24,36,19,18
1,<environment.Job instance at 0x14ea47386910>,0,14,[ 1 10],2,2,16,0,2
1,<environment.Job instance at 0x14ea43d2e5f0>,4,2,[1 6],7,55,57,48,55
1,<environment.Job instance at 0x14ea48889410>,0,3,[6 2],1,1,4,0,1
1,<environment.Job instance at 0x14ea48889690>,3,2,[ 2 10],4,4,6,0,4
1,<environment.Job instance at 0x14ea488891e0>,4,1,[1 9],6,6,7,0,6
1,<environment.Job instance at 0x14ea48889550>,5,1,[9 1],7,7,8,0,7
1,<environment.Job instance at 0x14ea48889fa0>,6,2,[10  2],8,8,10,0,8
1,<environment.Job instance at 0x14ea472d99b0>,0,12,[2 9],1,1,13,0,1
1,<environment.Job instance at 0x14ea472d93c0>,1,3,[2 5],2,13,16,11,2
1,<environment.Job instance at 0x14ea440ea6e0>,1,17,[ 2 10],2,2,19,0,2
1,<environment.Job instance at 0x14ea48c84410>,0,2,[1 8],2,2,4,0,2
1,<environment.Job instance at 0x14ea6958d550>,5,17,[5 2],7,7,24,0,7
1,<environment.Job instance at 0x14ea48c84320>,2,1,[1 5],4,17,18,13,17
1,<environment.Job instance at 0x14ea52b4fd70>,2,17,[5 2],3,3,20,0,3
1,<environment.Job instance at 0x14ea4716d780>,0,18,[10  2],1,1,19,0,1
1,<environment.Job instance at 0x14ea4716dbe0>,5,17,[7 1],7,19,36,12,7
1,<environment.Job instance at 0x14ea4482b910>,2,1,[10  2],3,4,5,1,4
1,<environment.Job instance at 0x14ea4482b4b0>,4,1,[1 6],5,5,6,0,5
1,<environment.Job instance at 0x14ea48c1b140>,0,3,[1 9],1,1,4,0,1
1,<environment.Job instance at 0x14ea4488b6e0>,0,26,[6 2],1,1,27,0,1
1,<environment.Job instance at 0x14ea443f1370>,1,15,[8 1],2,2,17,0,2
1,<environment.Job instance at 0x14ea48bd18c0>,1,13,[7 2],3,3,16,0,3
1,<environment.Job instance at 0x14ea48bd1d20>,3,1,[2 8],6,6,7,0,6
1,<environment.Job instance at 0x14ea5352b460>,0,26,[2 5],1,1,27,0,1
1,<environment.Job instance at 0x14ea5352bcd0>,1,3,[1 9],3,27,30,24,4
1,<environment.Job instance at 0x14ea44a42280>,0,1,[10  2],1,1,2,0,1
1,<environment.Job instance at 0x14ea44a423c0>,2,1,[1 5],3,3,4,0,3
1,<environment.Job instance at 0x14ea44264f00>,4,19,[2 8],6,6,25,0,6
1,<environment.Job instance at 0x14ea529d8870>,2,28,[2 5],5,5,33,0,5
1,<environment.Job instance at 0x14ea4495ee10>,0,1,[1 5],2,5,6,3,5
1,<environment.Job instance at 0x14ea4495eb90>,3,3,[2 5],7,7,10,0,7
1,<environment.Job instance at 0x14ea4495e410>,4,18,[5 2],9,9,27,0,9
1,<environment.Job instance at 0x14ea44a69a50>,0,3,[1 5],1,1,4,0,1
1,<environment.Job instance at 0x14ea53449af0>,0,3,[2 6],1,1,4,0,1
1,<environment.Job instance at 0x14ea534493c0>,4,1,[2 5],6,6,7,0,6
1,<environment.Job instance at 0x14ea452461e0>,3,15,[6 1],5,5,20,0,5
1,<environment.Job instance at 0x14ea45246230>,6,3,[2 8],9,9,12,0,9
1,<environment.Job instance at 0x14ea473cedc0>,0,26,[5 2],1,1,27,0,1
1,<environment.Job instance at 0x14ea473cebe0>,5,3,[2 9],7,27,30,20,7
1,<environment.Job instance at 0x14ea4461d820>,0,2,[7 1],2,2,4,0,2
1,<environment.Job instance at 0x14ea4461deb0>,1,14,[5 2],6,9,23,3,9
1,<environment.Job instance at 0x14ea534d97d0>,0,3,[2 7],1,1,4,0,1
1,<environment.Job instance at 0x14ea534d99b0>,1,21,[10  2],4,4,25,0,4
1,<environment.Job instance at 0x14ea534d96e0>,3,3,[1 7],7,25,28,18,7
1,<environment.Job instance at 0x14ea534d9550>,4,14,[2 5],9,28,42,19,13
1,<environment.Job instance at 0x14ea4888a190>,0,13,[1 5],3,3,16,0,3
1,<environment.Job instance at 0x14ea52a5cbe0>,0,12,[5 2],1,1,13,0,1
1,<environment.Job instance at 0x14ea52a5c550>,1,19,[9 1],2,13,32,11,3
1,<environment.Job instance at 0x14ea529eda50>,0,3,[9 2],1,1,4,0,1
1,<environment.Job instance at 0x14ea48d312d0>,1,3,[1 6],3,3,6,0,3
1,<environment.Job instance at 0x14ea48d318c0>,3,13,[1 7],6,6,19,0,6
1,<environment.Job instance at 0x14ea48d31af0>,4,14,[10  2],8,19,33,11,13
1,<environment.Job instance at 0x14ea4432a640>,3,14,[ 2 10],6,6,20,0,6
1,<environment.Job instance at 0x14ea44334f50>,3,18,[10  2],5,6,24,1,6
1,<environment.Job instance at 0x14ea443be410>,0,28,[2 7],1,2,30,1,2
1,<environment.Job instance at 0x14ea535d90f0>,0,24,[2 7],1,1,25,0,1
1,<environment.Job instance at 0x14ea535d9280>,2,15,[7 1],3,6,21,3,6
1,<environment.Job instance at 0x14ea6a251d70>,6,2,[7 2],7,21,23,14,7
1,<environment.Job instance at 0x14ea6a2515f0>,7,1,[ 2 10],8,25,26,17,18
1,<environment.Job instance at 0x14ea476992d0>,2,20,[1 7],5,5,25,0,5
1,<environment.Job instance at 0x14ea53460960>,6,3,[1 7],9,25,28,16,9
1,<environment.Job instance at 0x14ea43d8c0a0>,0,18,[7 2],1,1,19,0,1
1,<environment.Job instance at 0x14ea43d8c3c0>,2,15,[8 2],3,19,34,16,5
1,<environment.Job instance at 0x14ea4422c190>,0,3,[2 8],2,2,5,0,2
1,<environment.Job instance at 0x14ea442641e0>,0,3,[2 8],1,1,4,0,1
1,<environment.Job instance at 0x14ea44264b90>,3,14,[ 2 10],4,4,18,0,4
1,<environment.Job instance at 0x14ea44324640>,0,3,[1 8],2,2,5,0,2
1,<environment.Job instance at 0x14ea47276e60>,0,12,[1 7],1,1,13,0,1
1,<environment.Job instance at 0x14ea47276e10>,2,23,[7 1],3,3,26,0,3
1,<environment.Job instance at 0x14ea47276690>,6,1,[9 2],7,26,27,19,7
1,<environment.Job instance at 0x14ea47276140>,7,1,[7 2],8,27,28,19,8
1,<environment.Job instance at 0x14ea47358af0>,4,3,[2 5],7,41,44,34,41
1,<environment.Job instance at 0x14ea48cbc4b0>,0,23,[2 5],1,1,24,0,1
1,<environment.Job instance at 0x14ea48cbc230>,2,18,[8 2],3,3,21,0,3
1,<environment.Job instance at 0x14ea43f48aa0>,5,15,[1 5],7,100,115,93,100
1,<environment.Job instance at 0x14ea451557d0>,2,18,[2 5],4,4,22,0,4
1,<environment.Job instance at 0x14ea449b37d0>,5,1,[2 7],6,50,51,44,50
1,<environment.Job instance at 0x14ea48d41460>,1,2,[8 2],2,2,4,0,2
1,<environment.Job instance at 0x14ea48d41eb0>,2,13,[6 1],3,4,17,1,3
1,<environment.Job instance at 0x14ea47923fa0>,3,3,[10  1],5,17,20,12,5
1,<environment.Job instance at 0x14ea48d41d20>,4,14,[6 1],7,20,34,13,7
1,<environment.Job instance at 0x14ea43df67d0>,3,14,[1 6],5,6,20,1,6
1,<environment.Job instance at 0x14ea53538370>,0,3,[10  2],2,2,5,0,2
1,<environment.Job instance at 0x14ea442300f0>,0,19,[9 2],1,1,20,0,1
1,<environment.Job instance at 0x14ea44230aa0>,2,12,[6 1],4,20,32,16,8
1,<environment.Job instance at 0x14ea4882e960>,0,1,[1 7],1,1,2,0,1
1,<environment.Job instance at 0x14ea4882e460>,1,3,[2 5],2,2,5,0,2
1,<environment.Job instance at 0x14ea4882e140>,2,12,[9 2],3,5,17,2,3
1,<environment.Job instance at 0x14ea53567fa0>,0,3,[ 1 10],1,1,4,0,1
1,<environment.Job instance at 0x14ea53567320>,5,3,[2 8],9,9,12,0,9
1,<environment.Job instance at 0x14ea449cf730>,0,3,[2 9],2,2,5,0,2
1,<environment.Job instance at 0x14ea487f03c0>,2,28,[ 1 10],4,5,33,1,5
1,<environment.Job instance at 0x14ea48836cd0>,4,2,[5 1],9,9,11,0,9
1,<environment.Job instance at 0x14ea6805ad70>,2,26,[10  1],4,4,30,0,4
1,<environment.Job instance at 0x14ea6805a280>,6,3,[10  1],8,37,40,29,37
1,<environment.Job instance at 0x14ea43df6a00>,1,12,[ 1 10],2,2,14,0,2
1,<environment.Job instance at 0x14ea43df6960>,3,12,[5 1],4,14,26,10,14
1,<environment.Job instance at 0x14ea5132cc30>,1,13,[1 6],2,2,15,0,2
1,<environment.Job instance at 0x14ea446116e0>,0,12,[5 1],1,3,15,2,3
1,<environment.Job instance at 0x14ea446115a0>,2,3,[2 6],4,4,7,0,4
1,<environment.Job instance at 0x14ea44611c80>,3,17,[6 1],7,15,32,8,7
1,<environment.Job instance at 0x14ea535c6e10>,4,3,[2 8],8,8,11,0,8
1,<environment.Job instance at 0x14ea98102eb0>,0,14,[1 8],1,1,15,0,1
1,<environment.Job instance at 0x14ea98102d70>,2,12,[2 8],3,15,27,12,3
1,<environment.Job instance at 0x14ea4422cb90>,1,16,[6 1],2,2,18,0,2
1,<environment.Job instance at 0x14ea44539aa0>,1,3,[8 1],2,2,5,0,2
1,<environment.Job instance at 0x14ea5297c0f0>,4,26,[8 1],5,5,31,0,5
1,<environment.Job instance at 0x14ea5297cd20>,6,3,[6 2],7,31,34,24,7
1,<environment.Job instance at 0x14ea48c981e0>,0,3,[1 5],1,1,4,0,1
1,<environment.Job instance at 0x14ea48c988c0>,3,14,[9 2],4,5,19,1,5
1,<environment.Job instance at 0x14ea44a5a910>,0,15,[8 2],1,1,16,0,1
1,<environment.Job instance at 0x14ea44aa3050>,6,18,[5 2],8,16,34,8,10
1,<environment.Job instance at 0x14ea449efd70>,0,16,[1 6],1,1,17,0,1
1,<environment.Job instance at 0x14ea440fd320>,0,12,[7 2],2,2,14,0,2
1,<environment.Job instance at 0x14ea440fd870>,2,17,[6 2],6,14,31,8,8
1,<environment.Job instance at 0x14ea43f42be0>,0,18,[10  1],1,1,19,0,1
1,<environment.Job instance at 0x14ea43f42e60>,1,14,[9 2],4,10,24,6,10
1,<environment.Job instance at 0x14ea6956ea50>,3,3,[1 5],7,27,30,20,27
1,<environment.Job instance at 0x14ea53596e10>,3,3,[9 2],5,5,8,0,5
1,<environment.Job instance at 0x14ea43ede8c0>,2,17,[ 2 10],3,3,20,0,3
1,<environment.Job instance at 0x14ea48cd7dc0>,0,13,[8 1],1,1,14,0,1
1,<environment.Job instance at 0x14ea48987be0>,5,17,[6 2],9,14,31,5,9
1,<environment.Job instance at 0x14ea44648f50>,0,15,[10  2],1,1,16,0,1
1,<environment.Job instance at 0x14ea43d40dc0>,0,14,[2 5],1,1,15,0,1
1,<environment.Job instance at 0x14ea4766bfa0>,2,1,[5 1],3,236,237,233,236
1,<environment.Job instance at 0x14ea5346ea50>,4,17,[2 9],8,8,25,0,8
1,<environment.Job instance at 0x14ea449d5780>,1,2,[1 8],3,3,5,0,3
1,<environment.Job instance at 0x14ea52a9b910>,4,25,[2 8],6,8,33,2,8
1,<environment.Job instance at 0x14ea449d52d0>,3,1,[1 5],5,33,34,28,11
1,<environment.Job instance at 0x14ea43e560a0>,0,17,[ 1 10],1,1,18,0,1
1,<environment.Job instance at 0x14ea43e56280>,3,3,[2 5],6,18,21,12,6
1,<environment.Job instance at 0x14ea43e56050>,5,3,[2 9],8,125,128,117,125
1,<environment.Job instance at 0x14ea473abaa0>,0,3,[2 5],1,1,4,0,1
1,<environment.Job instance at 0x14ea473abcd0>,2,18,[10  1],3,4,22,1,3
1,<environment.Job instance at 0x14ea449d3e10>,1,12,[2 8],3,3,15,0,3
1,<environment.Job instance at 0x14ea449d35f0>,2,14,[10  2],4,15,29,11,4
1,<environment.Job instance at 0x14ea449d34b0>,6,3,[2 7],8,29,32,21,8
1,<environment.Job instance at 0x14ea534849b0>,1,1,[9 1],2,2,3,0,2
1,<environment.Job instance at 0x14ea53484550>,2,23,[9 1],4,5,28,1,5
1,<environment.Job instance at 0x14ea534844b0>,4,18,[1 7],6,7,25,1,7
1,<environment.Job instance at 0x14ea44256370>,0,12,[5 1],2,3,15,1,3
1,<environment.Job instance at 0x14ea44253410>,0,3,[2 5],2,2,5,0,2
1,<environment.Job instance at 0x14ea44253e10>,2,18,[2 9],5,5,23,0,5
1,<environment.Job instance at 0x14ea44253320>,3,13,[2 8],7,23,36,16,7
1,<environment.Job instance at 0x14ea43d16e10>,2,18,[7 2],4,4,22,0,4
1,<environment.Job instance at 0x14ea6a575f50>,1,13,[6 1],2,2,15,0,2
1,<environment.Job instance at 0x14ea6a575140>,4,3,[5 2],6,15,18,9,6
1,<environment.Job instance at 0x14ea48bf7af0>,6,17,[9 1],8,18,35,10,8
1,<environment.Job instance at 0x14ea48bf75a0>,1,14,[2 8],2,2,16,0,2
1,<environment.Job instance at 0x14ea680a8690>,3,17,[7 2],5,5,22,0,5
1,<environment.Job instance at 0x14ea48d21190>,0,18,[8 1],1,1,19,0,1
1,<environment.Job instance at 0x14ea48d210f0>,5,28,[1 9],8,8,36,0,8
1,<environment.Job instance at 0x14ea4448acd0>,1,2,[ 1 10],5,9,11,4,9
1,<environment.Job instance at 0x14ea500b08c0>,0,13,[ 1 10],1,1,14,0,1
1,<environment.Job instance at 0x14ea500b0460>,2,13,[7 2],5,14,27,9,8
1,<environment.Job instance at 0x14ea43e03280>,0,3,[1 5],2,2,5,0,2
1,<environment.Job instance at 0x14ea43e037d0>,1,14,[6 2],4,5,19,1,5
1,<environment.Job instance at 0x14ea44155230>,5,14,[1 7],8,10,24,2,10
1,<environment.Job instance at 0x14ea44607b90>,0,12,[5 2],1,1,13,0,1
1,<environment.Job instance at 0x14ea442da500>,0,15,[7 1],1,1,16,0,1
1,<environment.Job instance at 0x14ea4720a910>,0,1,[1 7],1,1,2,0,1
1,<environment.Job instance at 0x14ea4720a370>,1,14,[7 1],3,3,17,0,3
1,<environment.Job instance at 0x14ea4720a870>,3,17,[6 2],9,17,34,8,9
1,<environment.Job instance at 0x14ea5298c320>,1,14,[10  2],3,3,17,0,3
1,<environment.Job instance at 0x14ea48c8ca50>,3,17,[1 9],5,17,34,12,5
1,<environment.Job instance at 0x14ea44622e60>,2,17,[6 1],7,7,24,0,7
1,<environment.Job instance at 0x14ea6a504aa0>,1,18,[2 8],2,2,20,0,2
1,<environment.Job instance at 0x14ea4738c5f0>,2,13,[7 2],5,6,19,1,6
1,<environment.Job instance at 0x14ea4764d820>,0,3,[5 2],1,1,4,0,1
1,<environment.Job instance at 0x14ea4764daf0>,2,3,[1 5],4,4,7,0,4
1,<environment.Job instance at 0x14ea4764d730>,4,2,[1 7],7,8,10,1,8
1,<environment.Job instance at 0x14ea69e7f8c0>,5,20,[2 5],8,10,30,2,9
1,<environment.Job instance at 0x14ea488198c0>,0,28,[10  1],1,1,29,0,1
1,<environment.Job instance at 0x14ea48819c80>,4,18,[8 2],6,29,47,23,18
1,<environment.Job instance at 0x14ea48c5dcd0>,1,18,[7 2],4,4,22,0,4
1,<environment.Job instance at 0x14ea43c03c30>,0,14,[8 2],1,1,15,0,1
1,<environment.Job instance at 0x14ea43d65fa0>,3,17,[1 6],6,11,28,5,11
1,<environment.Job instance at 0x14ea44038b90>,0,14,[7 2],1,1,15,0,1
1,<environment.Job instance at 0x14ea4891a640>,1,3,[1 7],2,2,5,0,2
1,<environment.Job instance at 0x14ea4891a2d0>,3,16,[10  1],4,5,21,1,4
1,<environment.Job instance at 0x14ea48992c30>,4,17,[9 2],7,7,24,0,7
1,<environment.Job instance at 0x14ea475ff690>,0,17,[5 1],1,1,18,0,1
1,<environment.Job instance at 0x14ea98186460>,6,1,[6 2],8,18,19,10,8
1,<environment.Job instance at 0x14ea489a0730>,0,3,[2 7],2,2,5,0,2
1,<environment.Job instance at 0x14ea69e7df00>,0,16,[6 1],1,1,17,0,1
1,<environment.Job instance at 0x14ea69dfa6e0>,4,1,[ 1 10],9,17,18,8,9
1,<environment.Job instance at 0x14ea69dfacd0>,0,3,[7 1],1,1,4,0,1
1,<environment.Job instance at 0x14ea69dfa9b0>,1,1,[ 1 10],2,7,8,5,7
1,<environment.Job instance at 0x14ea44011d70>,6,27,[7 1],8,14,41,6,14
1,<environment.Job instance at 0x14ea43dca9b0>,0,23,[1 9],1,1,24,0,1
1,<environment.Job instance at 0x14ea467225a0>,3,3,[9 2],8,8,11,0,8
1,<environment.Job instance at 0x14ea442e95f0>,0,3,[1 6],1,1,4,0,1
1,<environment.Job instance at 0x14ea442e91e0>,1,13,[1 5],2,4,17,2,2
1,<environment.Job instance at 0x14ea442e9cd0>,6,18,[1 8],8,17,35,9,8
1,<environment.Job instance at 0x14ea48d51780>,0,3,[9 2],1,1,4,0,1
1,<environment.Job instance at 0x14ea48d51280>,1,12,[8 1],2,4,16,2,3
1,<environment.Job instance at 0x14ea440236e0>,0,17,[2 7],3,4,21,1,4
1,<environment.Job instance at 0x14ea43f48af0>,2,1,[2 6],5,21,22,16,5
1,<environment.Job instance at 0x14ea43f485f0>,5,13,[1 9],9,22,35,13,10
1,<environment.Job instance at 0x14ea446a97d0>,4,3,[6 2],5,21,24,16,21
1,<environment.Job instance at 0x14ea446a9af0>,3,2,[1 7],4,70,72,66,70
1,<environment.Job instance at 0x14ea44059fa0>,0,15,[10  1],1,1,16,0,1
1,<environment.Job instance at 0x14ea44059690>,1,17,[6 1],3,16,33,13,4
1,<environment.Job instance at 0x14ea6a1be2d0>,3,16,[7 1],6,10,26,4,10
1,<environment.Job instance at 0x14ea43eebd70>,0,2,[ 1 10],1,2,4,1,2
1,<environment.Job instance at 0x14ea6a1be410>,2,15,[7 2],3,4,19,1,3
1,<environment.Job instance at 0x14ea47615500>,3,13,[9 1],4,19,32,15,4
1,<environment.Job instance at 0x14ea43eeb050>,6,2,[8 2],7,40,42,33,40
1,<environment.Job instance at 0x14ea48915050>,0,3,[6 1],2,2,5,0,2
1,<environment.Job instance at 0x14ea48915fa0>,1,14,[2 5],3,3,17,0,3
1,<environment.Job instance at 0x14ea43dfea00>,2,16,[8 1],7,7,23,0,7
1,<environment.Job instance at 0x14ea451955f0>,2,17,[6 2],3,3,20,0,3
1,<environment.Job instance at 0x14ea45195370>,6,28,[2 7],8,8,36,0,8
1,<environment.Job instance at 0x14ea47856410>,4,3,[2 7],8,8,11,0,8
1,<environment.Job instance at 0x14ea44167730>,2,15,[2 8],5,5,20,0,5
1,<environment.Job instance at 0x14ea44167b40>,4,12,[8 1],7,8,20,1,8
1,<environment.Job instance at 0x14ea43d971e0>,5,17,[1 8],8,645,662,637,645
1,<environment.Job instance at 0x14ea478b83c0>,1,3,[1 7],3,3,6,0,3
1,<environment.Job instance at 0x14ea45cd3eb0>,4,14,[ 1 10],9,9,23,0,9
1,<environment.Job instance at 0x14ea476d50f0>,1,14,[2 9],4,4,18,0,4
1,<environment.Job instance at 0x14ea43f555a0>,2,18,[2 7],5,7,25,2,7
1,<environment.Job instance at 0x14ea441467d0>,0,3,[6 2],1,1,4,0,1
1,<environment.Job instance at 0x14ea44146370>,3,19,[8 1],4,4,23,0,4
1,<environment.Job instance at 0x14ea44418af0>,0,14,[ 2 10],1,1,15,0,1
1,<environment.Job instance at 0x14ea44418d20>,2,16,[5 2],3,15,31,12,5
1,<environment.Job instance at 0x14ea52a1bf00>,1,3,[2 9],3,3,6,0,3
1,<environment.Job instance at 0x14ea448c4d70>,0,17,[2 5],2,2,19,0,2
1,<environment.Job instance at 0x14ea448c4e10>,2,19,[ 1 10],5,19,38,14,9
1,<environment.Job instance at 0x14ea48c1be60>,1,12,[1 5],2,2,14,0,2
1,<environment.Job instance at 0x14ea44918190>,0,2,[1 5],1,1,3,0,1
1,<environment.Job instance at 0x14ea44918c80>,3,21,[2 7],6,6,27,0,6
1,<environment.Job instance at 0x14ea980f2fa0>,1,27,[2 7],2,2,29,0,2
1,<environment.Job instance at 0x14ea48d31370>,0,21,[1 5],1,1,22,0,1
1,<environment.Job instance at 0x14ea48d31a50>,2,12,[10  1],3,27,39,24,27
1,<environment.Job instance at 0x14ea680baeb0>,2,13,[5 1],4,43,56,39,43
1,<environment.Job instance at 0x14ea442a4550>,0,3,[1 7],1,1,4,0,1
1,<environment.Job instance at 0x14ea442a4f50>,3,2,[5 1],5,5,7,0,5
1,<environment.Job instance at 0x14ea43feb0a0>,0,18,[8 1],2,2,20,0,2
1,<environment.Job instance at 0x14ea48914af0>,5,17,[7 2],8,26,43,18,26
1,<environment.Job instance at 0x14ea9b9ece10>,0,3,[1 5],1,1,4,0,1
1,<environment.Job instance at 0x14ea6a101730>,1,24,[1 5],2,2,26,0,2
1,<environment.Job instance at 0x14ea6804b8c0>,4,13,[9 1],6,8,21,2,8
1,<environment.Job instance at 0x14ea446bd1e0>,0,13,[2 5],2,2,15,0,2
1,<environment.Job instance at 0x14ea4724e460>,3,13,[ 2 10],5,18,31,13,18
1,<environment.Job instance at 0x14ea4788b280>,0,13,[7 2],1,1,14,0,1
1,<environment.Job instance at 0x14ea4788bbe0>,1,14,[7 1],2,14,28,12,3
1,<environment.Job instance at 0x14ea48d3daa0>,1,3,[1 5],2,2,5,0,2
1,<environment.Job instance at 0x14ea472022d0>,3,3,[2 9],4,5,8,1,4
1,<environment.Job instance at 0x14ea472026e0>,6,18,[5 2],9,9,27,0,9
1,<environment.Job instance at 0x14ea440da500>,1,12,[2 8],5,5,17,0,5
1,<environment.Job instance at 0x14ea440daeb0>,2,13,[9 2],7,17,30,10,7
1,<environment.Job instance at 0x14ea44192960>,0,15,[5 2],1,1,16,0,1
1,<environment.Job instance at 0x14ea44af2f00>,6,12,[5 2],7,17,29,10,17
1,<environment.Job instance at 0x14ea512fd730>,2,12,[2 8],5,5,17,0,5
1,<environment.Job instance at 0x14ea4463d410>,2,3,[2 7],8,8,11,0,8
1,<environment.Job instance at 0x14ea472365a0>,0,3,[2 5],2,2,5,0,2
1,<environment.Job instance at 0x14ea47236a00>,2,1,[2 6],5,8,9,3,8
1,<environment.Job instance at 0x14ea47236320>,5,18,[10  1],9,9,27,0,9
1,<environment.Job instance at 0x14ea44059f00>,3,16,[1 8],5,667,683,662,667
1,<environment.Job instance at 0x14ea9b9e75a0>,0,13,[7 1],1,1,14,0,1
1,<environment.Job instance at 0x14ea9b9e7410>,2,14,[10  2],4,14,28,10,5
1,<environment.Job instance at 0x14ea4414ac30>,4,18,[8 2],5,5,23,0,5
1,<environment.Job instance at 0x14ea53550500>,0,18,[ 2 10],3,3,21,0,3
1,<environment.Job instance at 0x14ea535505a0>,1,12,[5 1],5,21,33,16,21
1,<environment.Job instance at 0x14ea5346e500>,1,3,[1 9],3,3,6,0,3
1,<environment.Job instance at 0x14ea534361e0>,4,28,[2 9],8,9,37,1,9
1,<environment.Job instance at 0x14ea50035870>,4,1,[5 1],6,6,7,0,6
1,<environment.Job instance at 0x14ea500355a0>,6,15,[5 1],8,8,23,0,8
1,<environment.Job instance at 0x14ea69e09d20>,0,22,[5 2],1,1,23,0,1
1,<environment.Job instance at 0x14ea4730a690>,0,13,[5 2],1,1,14,0,1
1,<environment.Job instance at 0x14ea4730a550>,1,13,[9 2],2,14,27,12,2
1,<environment.Job instance at 0x14ea4730a190>,4,1,[2 5],5,5,6,0,5
1,<environment.Job instance at 0x14ea441c25f0>,3,22,[1 6],5,306,328,301,306
1,<environment.Job instance at 0x14ea449f7be0>,1,3,[1 5],2,2,5,0,2
1,<environment.Job instance at 0x14ea449f7690>,4,18,[7 1],7,7,25,0,7
1,<environment.Job instance at 0x14ea449f75f0>,5,3,[2 5],8,8,11,0,8
1,<environment.Job instance at 0x14ea53568eb0>,0,28,[1 7],1,1,29,0,1
1,<environment.Job instance at 0x14ea6958df50>,0,3,[1 8],2,2,5,0,2
1,<environment.Job instance at 0x14ea6958d6e0>,2,14,[2 7],5,5,19,0,5
1,<environment.Job instance at 0x14ea43c0a280>,4,2,[ 1 10],7,17,19,10,17
1,<environment.Job instance at 0x14ea47f37e10>,0,2,[2 9],1,1,3,0,1
1,<environment.Job instance at 0x14ea47f373c0>,1,3,[6 1],3,3,6,0,3
1,<environment.Job instance at 0x14ea43deb5f0>,3,3,[6 2],7,7,10,0,7
1,<environment.Job instance at 0x14ea529c4690>,3,3,[7 1],6,6,9,0,6
1,<environment.Job instance at 0x14ea44039690>,5,20,[6 2],9,9,29,0,9
1,<environment.Job instance at 0x14ea4461c370>,0,3,[5 1],1,1,4,0,1
1,<environment.Job instance at 0x14ea500aca50>,1,19,[1 7],2,2,21,0,2
1,<environment.Job instance at 0x14ea4478a500>,0,18,[8 2],2,2,20,0,2
1,<environment.Job instance at 0x14ea52a3c640>,1,14,[10  2],2,2,16,0,2
1,<environment.Job instance at 0x14ea47921a50>,6,16,[9 2],9,16,32,7,9
1,<environment.Job instance at 0x14ea451ad690>,2,25,[8 1],6,6,31,0,6
1,<environment.Job instance at 0x14ea44362d70>,7,19,[2 8],9,33,52,24,33
1,<environment.Job instance at 0x14ea443841e0>,0,18,[2 7],3,3,21,0,3
1,<environment.Job instance at 0x14ea472357d0>,0,25,[ 1 10],1,1,26,0,1
1,<environment.Job instance at 0x14ea535b4500>,2,15,[1 8],4,5,20,1,5
1,<environment.Job instance at 0x14ea44aa5be0>,3,1,[1 6],5,5,6,0,5
1,<environment.Job instance at 0x14ea44aa54b0>,4,22,[1 7],6,6,28,0,6
1,<environment.Job instance at 0x14ea48bf1820>,0,18,[2 7],2,2,20,0,2
1,<environment.Job instance at 0x14ea695bbaf0>,0,12,[7 2],1,1,13,0,1
1,<environment.Job instance at 0x14ea695bb6e0>,5,3,[7 2],7,13,16,6,7
1,<environment.Job instance at 0x14ea695bb0f0>,4,2,[6 1],5,33,35,28,33
1,<environment.Job instance at 0x14ea477dd3c0>,1,1,[7 2],2,2,3,0,2
1,<environment.Job instance at 0x14ea477dd960>,2,15,[10  2],3,3,18,0,3
1,<environment.Job instance at 0x14ea43e83b90>,0,3,[ 2 10],2,2,5,0,2
1,<environment.Job instance at 0x14ea43e83870>,2,3,[1 8],7,7,10,0,7
1,<environment.Job instance at 0x14ea489156e0>,0,2,[2 5],2,2,4,0,2
1,<environment.Job instance at 0x14ea48915aa0>,1,26,[1 9],3,4,30,1,3
1,<environment.Job instance at 0x14ea534edcd0>,1,22,[5 2],2,8,30,6,8
1,<environment.Job instance at 0x14ea534edc80>,3,2,[2 9],5,30,32,25,11
1,<environment.Job instance at 0x14ea43d71a50>,4,15,[2 6],6,6,21,0,6
1,<environment.Job instance at 0x14ea444e87d0>,0,12,[1 6],2,2,14,0,2
1,<environment.Job instance at 0x14ea444e8a00>,1,15,[6 2],5,7,22,2,7
1,<environment.Job instance at 0x14ea6a1255a0>,0,19,[10  2],1,1,20,0,1
1,<environment.Job instance at 0x14ea447a4eb0>,2,2,[5 1],6,6,8,0,6
1,<environment.Job instance at 0x14ea447a45f0>,4,15,[5 1],9,10,25,1,10
1,<environment.Job instance at 0x14ea447a4910>,1,1,[2 8],3,3,4,0,3
1,<environment.Job instance at 0x14ea447a45f0>,2,1,[6 2],4,4,5,0,4
1,<environment.Job instance at 0x14ea444ba0a0>,4,23,[10  2],6,6,29,0,6
1,<environment.Job instance at 0x14ea444ba280>,5,3,[6 1],7,29,32,22,7
1,<environment.Job instance at 0x14ea444ba280>,2,25,[2 7],5,5,30,0,5
1,<environment.Job instance at 0x14ea445d5fa0>,3,24,[6 1],5,5,29,0,5
1,<environment.Job instance at 0x14ea53563aa0>,1,19,[6 2],2,2,21,0,2
1,<environment.Job instance at 0x14ea535635a0>,3,18,[9 2],4,21,39,17,10
1,<environment.Job instance at 0x14ea44206b90>,2,3,[ 2 10],5,5,8,0,5
1,<environment.Job instance at 0x14ea443bec80>,0,3,[7 2],1,1,4,0,1
1,<environment.Job instance at 0x14ea443be050>,1,15,[8 1],2,4,19,2,2
1,<environment.Job instance at 0x14ea443be7d0>,2,3,[1 7],4,4,7,0,4
1,<environment.Job instance at 0x14ea43db2050>,5,15,[7 1],9,19,34,10,9
1,<environment.Job instance at 0x14ea48c36b40>,0,22,[1 5],1,1,23,0,1
1,<environment.Job instance at 0x14ea5130ceb0>,0,17,[5 1],2,2,19,0,2
1,<environment.Job instance at 0x14ea52a71a00>,1,1,[10  2],2,2,3,0,2
1,<environment.Job instance at 0x14ea52a710f0>,2,13,[1 8],3,3,16,0,3
1,<environment.Job instance at 0x14ea44a634b0>,1,18,[5 1],6,6,24,0,6
1,<environment.Job instance at 0x14ea680c0aa0>,0,13,[1 7],2,2,15,0,2
1,<environment.Job instance at 0x14ea680c0820>,3,13,[8 2],5,7,20,2,7
1,<environment.Job instance at 0x14ea44433820>,6,3,[9 2],8,20,23,12,10
1,<environment.Job instance at 0x14ea441c95a0>,3,14,[1 6],6,7,21,1,7
1,<environment.Job instance at 0x14ea512f7f00>,1,1,[2 8],6,14,15,8,14
1,<environment.Job instance at 0x14ea451cd910>,2,15,[2 6],6,6,21,0,6
1,<environment.Job instance at 0x14ea48cd5410>,0,26,[1 6],2,2,28,0,2
1,<environment.Job instance at 0x14ea487f0e60>,2,1,[1 5],4,28,29,24,24
1,<environment.Job instance at 0x14ea478ea960>,1,1,[2 8],2,2,3,0,2
1,<environment.Job instance at 0x14ea487a5870>,1,17,[1 6],2,2,19,0,2
1,<environment.Job instance at 0x14ea478d6780>,4,15,[9 2],6,6,21,0,6
1,<environment.Job instance at 0x14ea487a5e10>,5,17,[5 1],7,21,38,14,9
1,<environment.Job instance at 0x14ea4468ae60>,0,13,[8 2],1,2,15,1,2
1,<environment.Job instance at 0x14ea4468a780>,2,25,[9 2],3,15,40,12,11
1,<environment.Job instance at 0x14ea47646500>,0,13,[ 2 10],1,1,14,0,1
1,<environment.Job instance at 0x14ea47646460>,4,1,[6 1],6,19,20,13,19
1,<environment.Job instance at 0x14ea43c53c30>,0,16,[2 9],1,1,17,0,1
1,<environment.Job instance at 0x14ea43c53410>,2,2,[1 6],3,17,19,14,3
1,<environment.Job instance at 0x14ea488fc460>,2,2,[2 5],4,4,6,0,4
1,<environment.Job instance at 0x14ea488fc550>,3,1,[10  1],5,6,7,1,5
1,<environment.Job instance at 0x14ea488fc0a0>,4,24,[2 7],7,7,31,0,7
1,<environment.Job instance at 0x14ea43eaefa0>,5,1,[8 1],8,8,9,0,8
1,<environment.Job instance at 0x14ea43eaeb90>,6,13,[1 6],9,31,44,22,15
1,<environment.Job instance at 0x14ea48c7faa0>,1,15,[5 2],2,6,21,4,6
1,<environment.Job instance at 0x14ea449e4640>,5,3,[ 1 10],9,21,24,12,9
1,<environment.Job instance at 0x14ea513089b0>,0,17,[8 1],1,1,18,0,1
1,<environment.Job instance at 0x14ea51308cd0>,1,15,[10  1],2,18,33,16,6
1,<environment.Job instance at 0x14ea473a9e10>,0,3,[2 6],1,1,4,0,1
1,<environment.Job instance at 0x14ea5296c6e0>,3,12,[9 1],4,4,16,0,4
1,<environment.Job instance at 0x14ea53466140>,4,17,[ 2 10],5,16,33,11,5
1,<environment.Job instance at 0x14ea44a5ce10>,0,1,[2 9],1,3,4,2,3
1,<environment.Job instance at 0x14ea44a5cb90>,3,15,[ 1 10],7,7,22,0,7
1,<environment.Job instance at 0x14ea44a5cf50>,4,14,[2 6],9,22,36,13,10
1,<environment.Job instance at 0x14ea44a5ceb0>,1,18,[6 1],2,22,40,20,11
1,<environment.Job instance at 0x14ea69566370>,3,15,[9 2],7,7,22,0,7
1,<environment.Job instance at 0x14ea46744370>,0,1,[1 9],1,9,10,8,9
1,<environment.Job instance at 0x14ea44266870>,1,15,[6 2],2,3,18,1,3
1,<environment.Job instance at 0x14ea48ce5f00>,5,1,[10  1],7,7,8,0,7
1,<environment.Job instance at 0x14ea45137960>,7,3,[1 6],9,9,12,0,9
1,<environment.Job instance at 0x14ea48911cd0>,1,19,[1 8],5,5,24,0,5
1,<environment.Job instance at 0x14ea69e36410>,0,21,[1 5],2,2,23,0,2
1,<environment.Job instance at 0x14ea50086910>,0,19,[2 8],1,1,20,0,1
1,<environment.Job instance at 0x14ea4782aaa0>,1,1,[5 2],3,3,4,0,3
1,<environment.Job instance at 0x14ea4782ab90>,4,13,[1 7],7,8,21,1,8
1,<environment.Job instance at 0x14ea4406f280>,2,14,[5 1],6,7,21,1,7
1,<environment.Job instance at 0x14ea48c1ba00>,1,16,[9 1],3,3,19,0,3
1,<environment.Job instance at 0x14ea44258a50>,2,3,[2 5],3,8,11,5,8
1,<environment.Job instance at 0x14ea44840500>,5,18,[5 1],7,15,33,8,15
1,<environment.Job instance at 0x14ea44026280>,4,18,[10  2],6,43,61,37,43
1,<environment.Job instance at 0x14ea472a9140>,0,24,[ 1 10],1,1,25,0,1
1,<environment.Job instance at 0x14ea44944f50>,0,16,[10  2],3,3,19,0,3
1,<environment.Job instance at 0x14ea48c98af0>,2,3,[9 2],4,4,7,0,4
1,<environment.Job instance at 0x14ea48c98780>,3,12,[2 7],5,7,19,2,5
1,<environment.Job instance at 0x14ea4891a910>,0,22,[8 2],2,2,24,0,2
1,<environment.Job instance at 0x14ea4891aeb0>,3,14,[ 1 10],6,24,38,18,11
1,<environment.Job instance at 0x14ea43fcc7d0>,1,3,[5 2],6,6,9,0,6
1,<environment.Job instance at 0x14ea5348fe60>,4,16,[10  1],9,9,25,0,9
1,<environment.Job instance at 0x14ea529fb1e0>,0,18,[ 1 10],1,1,19,0,1
1,<environment.Job instance at 0x14ea529fbe10>,3,2,[8 1],5,19,21,14,16
1,<environment.Job instance at 0x14ea529fb370>,2,12,[2 7],4,19,31,15,18
1,<environment.Job instance at 0x14ea43df6280>,1,18,[1 5],2,3,21,1,3
1,<environment.Job instance at 0x14ea4513d460>,0,12,[1 6],1,1,13,0,1
1,<environment.Job instance at 0x14ea4513dc30>,1,3,[2 7],3,13,16,10,3
1,<environment.Job instance at 0x14ea4513db40>,2,17,[1 5],4,16,33,12,4
1,<environment.Job instance at 0x14ea53441af0>,4,18,[5 1],7,10,28,3,10
1,<environment.Job instance at 0x14ea45462f50>,0,17,[10  1],1,1,18,0,1
1,<environment.Job instance at 0x14ea4730a500>,4,3,[6 1],8,18,21,10,8
1,<environment.Job instance at 0x14ea69eec140>,0,3,[5 2],1,1,4,0,1
1,<environment.Job instance at 0x14ea69eec780>,2,12,[2 7],3,3,15,0,3
1,<environment.Job instance at 0x14ea69eec410>,5,17,[1 5],6,15,32,9,6
1,<environment.Job instance at 0x14ea47f39280>,2,1,[10  1],5,7,8,2,7
1,<environment.Job instance at 0x14ea47328140>,0,27,[1 6],1,1,28,0,1
1,<environment.Job instance at 0x14ea446f0f00>,0,18,[2 6],1,1,19,0,1
1,<environment.Job instance at 0x14ea446f0870>,4,17,[2 6],6,19,36,13,7
1,<environment.Job instance at 0x14ea9b9e7e10>,0,18,[2 8],2,2,20,0,2
1,<environment.Job instance at 0x14ea44b03f00>,1,3,[2 6],2,2,5,0,2
1,<environment.Job instance at 0x14ea43e008c0>,3,20,[5 2],5,5,25,0,5
1,<environment.Job instance at 0x14ea44a71550>,2,3,[6 1],5,5,8,0,5
1,<environment.Job instance at 0x14ea44a71f50>,3,2,[2 5],7,7,9,0,7
1,<environment.Job instance at 0x14ea48d11c30>,4,17,[8 1],9,9,26,0,9
1,<environment.Job instance at 0x14ea43e19d70>,0,15,[1 7],1,1,16,0,1
1,<environment.Job instance at 0x14ea445fa0a0>,7,13,[5 2],9,18,31,9,18
1,<environment.Job instance at 0x14ea44416820>,0,3,[1 8],1,1,4,0,1
1,<environment.Job instance at 0x14ea44416be0>,2,3,[1 6],4,4,7,0,4
1,<environment.Job instance at 0x14ea444160f0>,4,27,[8 1],7,7,34,0,7
1,<environment.Job instance at 0x14ea46726e60>,0,13,[1 6],1,1,14,0,1
1,<environment.Job instance at 0x14ea69523d70>,1,3,[5 1],2,2,5,0,2
1,<environment.Job instance at 0x14ea695231e0>,3,18,[2 9],6,6,24,0,6
1,<environment.Job instance at 0x14ea44108280>,2,14,[1 6],3,3,17,0,3
1,<environment.Job instance at 0x14ea44108730>,5,18,[ 2 10],6,17,35,11,6
1,<environment.Job instance at 0x14ea533ed050>,1,21,[10  2],2,2,23,0,2
1,<environment.Job instance at 0x14ea534d82d0>,1,19,[5 1],3,3,22,0,3
1,<environment.Job instance at 0x14ea451fd9b0>,0,14,[1 5],1,1,15,0,1
1,<environment.Job instance at 0x14ea451fddc0>,3,16,[8 1],4,6,22,2,6
1,<environment.Job instance at 0x14ea52a65870>,2,12,[10  2],4,4,16,0,4
1,<environment.Job instance at 0x14ea52a658c0>,3,14,[7 1],9,16,30,7,14
1,<environment.Job instance at 0x14ea534b48c0>,0,1,[1 5],1,1,2,0,1
1,<environment.Job instance at 0x14ea534b40f0>,1,15,[5 1],2,3,18,1,3
1,<environment.Job instance at 0x14ea45121c80>,0,27,[2 7],1,1,28,0,1
1,<environment.Job instance at 0x14ea45121e10>,5,18,[2 6],8,28,46,20,22
1,<environment.Job instance at 0x14ea449381e0>,0,18,[1 9],1,1,19,0,1
1,<environment.Job instance at 0x14ea44938460>,2,1,[1 9],3,19,20,16,3
1,<environment.Job instance at 0x14ea44621550>,3,19,[10  1],5,21,40,16,21
1,<environment.Job instance at 0x14ea442bd7d0>,0,16,[5 2],2,2,18,0,2
1,<environment.Job instance at 0x14ea4416b870>,1,3,[2 8],2,2,5,0,2
1,<environment.Job instance at 0x14ea4416be10>,3,3,[ 2 10],4,5,8,1,4
1,<environment.Job instance at 0x14ea4416beb0>,6,3,[2 6],7,8,11,1,7
1,<environment.Job instance at 0x14ea47841a00>,4,17,[2 8],7,7,24,0,7
1,<environment.Job instance at 0x14ea69dff640>,0,13,[2 6],1,1,14,0,1
1,<environment.Job instance at 0x14ea451dff00>,2,3,[5 2],4,4,7,0,4
1,<environment.Job instance at 0x14ea43eb5550>,0,3,[1 8],1,1,4,0,1
1,<environment.Job instance at 0x14ea43eb5780>,1,17,[2 9],2,4,21,2,2
1,<environment.Job instance at 0x14ea534602d0>,0,18,[6 2],1,1,19,0,1
1,<environment.Job instance at 0x14ea473990a0>,1,12,[2 5],2,2,14,0,2
1,<environment.Job instance at 0x14ea47399780>,2,15,[6 2],4,5,20,1,5
1,<environment.Job instance at 0x14ea444189b0>,6,2,[6 2],8,20,22,12,8
1,<environment.Job instance at 0x14ea444182d0>,7,3,[5 1],9,22,25,13,9
1,<environment.Job instance at 0x14ea451cdf00>,0,14,[8 2],2,2,16,0,2
1,<environment.Job instance at 0x14ea68048c80>,3,2,[2 5],4,7,9,3,7
1,<environment.Job instance at 0x14ea68048320>,7,3,[9 1],8,10,13,2,10
1,<environment.Job instance at 0x14ea68048d70>,4,3,[6 1],5,13,16,8,10
1,<environment.Job instance at 0x14ea4734c0f0>,0,18,[1 7],1,1,19,0,1
1,<environment.Job instance at 0x14ea4484a410>,0,14,[9 1],1,1,15,0,1
1,<environment.Job instance at 0x14ea47827140>,2,16,[2 7],4,4,20,0,4
1,<environment.Job instance at 0x14ea6a0f73c0>,4,2,[9 1],6,75,77,69,75
1,<environment.Job instance at 0x14ea472d5780>,0,16,[9 1],2,2,18,0,2
1,<environment.Job instance at 0x14ea500a39b0>,1,12,[2 5],5,5,17,0,5
1,<environment.Job instance at 0x14ea500a30f0>,3,3,[5 2],7,7,10,0,7
1,<environment.Job instance at 0x14ea500a31e0>,4,3,[1 6],8,17,20,9,8
1,<environment.Job instance at 0x14ea44590be0>,1,3,[2 6],2,2,5,0,2
1,<environment.Job instance at 0x14ea445905f0>,3,28,[ 2 10],5,5,33,0,5
1,<environment.Job instance at 0x14ea47202d20>,0,17,[6 1],1,1,18,0,1
1,<environment.Job instance at 0x14ea47202230>,2,13,[7 2],5,18,31,13,7
1,<environment.Job instance at 0x14ea44265d70>,0,25,[9 1],1,1,26,0,1
1,<environment.Job instance at 0x14ea449feb90>,0,27,[ 2 10],1,1,28,0,1
1,<environment.Job instance at 0x14ea477be410>,0,15,[6 2],1,2,17,1,2
1,<environment.Job instance at 0x14ea69e7db90>,1,3,[5 1],4,4,7,0,4
1,<environment.Job instance at 0x14ea4760ed70>,2,14,[6 1],5,7,21,2,6
1,<environment.Job instance at 0x14ea535a2c30>,0,13,[2 8],1,1,14,0,1
1,<environment.Job instance at 0x14ea535a24b0>,5,13,[1 7],7,14,27,7,7
1,<environment.Job instance at 0x14ea44958230>,0,3,[2 5],1,1,4,0,1
1,<environment.Job instance at 0x14ea44958320>,3,14,[10  2],7,30,44,23,30
1,<environment.Job instance at 0x14ea4466f410>,0,16,[2 5],1,1,17,0,1
1,<environment.Job instance at 0x14ea478c6280>,0,18,[8 2],1,1,19,0,1
1,<environment.Job instance at 0x14ea478c6640>,4,2,[2 9],6,19,21,13,10
1,<environment.Job instance at 0x14ea6a125190>,5,17,[2 9],7,7,24,0,7
1,<environment.Job instance at 0x14ea52ac8a50>,0,3,[2 8],1,1,4,0,1
1,<environment.Job instance at 0x14ea52ac88c0>,1,23,[1 7],2,4,27,2,2
1,<environment.Job instance at 0x14ea43d02aa0>,2,14,[8 1],3,21,35,18,21
1,<environment.Job instance at 0x14ea442b0870>,0,15,[6 1],2,2,17,0,2
1,<environment.Job instance at 0x14ea442b0910>,3,1,[1 5],6,14,15,8,14
1,<environment.Job instance at 0x14ea44298640>,0,3,[1 7],1,1,4,0,1
1,<environment.Job instance at 0x14ea442985f0>,2,16,[2 7],3,4,20,1,4
1,<environment.Job instance at 0x14ea4445ee10>,4,17,[2 9],7,7,24,0,7
1,<environment.Job instance at 0x14ea478ab410>,6,16,[6 1],9,13,29,4,13
1,<environment.Job instance at 0x14ea447c7b90>,1,18,[1 7],2,7,25,5,7
1,<environment.Job instance at 0x14ea45137410>,0,3,[7 2],1,1,4,0,1
1,<environment.Job instance at 0x14ea451371e0>,2,2,[1 5],4,4,6,0,4
1,<environment.Job instance at 0x14ea451af500>,4,3,[7 2],7,7,10,0,7
1,<environment.Job instance at 0x14ea451af410>,5,19,[8 1],9,10,29,1,9
1,<environment.Job instance at 0x14ea6957d690>,0,25,[2 9],2,2,27,0,2
1,<environment.Job instance at 0x14ead4cc0fa0>,0,3,[ 1 10],3,3,6,0,3
1,<environment.Job instance at 0x14ea441109b0>,1,3,[7 2],4,6,9,2,4
1,<environment.Job instance at 0x14ea47769c30>,6,15,[1 5],9,9,24,0,9
1,<environment.Job instance at 0x14ea48c84f00>,2,20,[2 7],4,4,24,0,4
1,<environment.Job instance at 0x14ea6955b190>,1,17,[2 6],2,2,19,0,2
1,<environment.Job instance at 0x14ea6955b370>,3,13,[6 2],6,9,22,3,9
1,<environment.Job instance at 0x14ea43cbb550>,0,13,[10  1],1,1,14,0,1
1,<environment.Job instance at 0x14ea4736cf50>,1,3,[5 1],2,2,5,0,2
1,<environment.Job instance at 0x14ea43faab40>,5,3,[7 1],6,6,9,0,6
1,<environment.Job instance at 0x14ea43faaa00>,3,12,[8 2],4,26,38,22,26
1,<environment.Job instance at 0x14ea52b5fbe0>,1,3,[1 5],6,6,9,0,6
1,<environment.Job instance at 0x14ea4784c780>,1,3,[8 1],3,3,6,0,3
1,<environment.Job instance at 0x14ea4784cdc0>,2,3,[1 6],4,4,7,0,4
1,<environment.Job instance at 0x14ea4784c1e0>,3,24,[ 2 10],5,7,31,2,5
1,<environment.Job instance at 0x14ea43c82f00>,2,12,[10  2],3,3,15,0,3
1,<environment.Job instance at 0x14ea478e4d20>,0,3,[1 7],2,2,5,0,2
1,<environment.Job instance at 0x14ea478e4be0>,2,14,[8 2],5,5,19,0,5
1,<environment.Job instance at 0x14ea43eb5190>,1,12,[10  1],2,2,14,0,2
1,<environment.Job instance at 0x14ea4497b460>,0,13,[6 1],1,1,14,0,1
1,<environment.Job instance at 0x14ea4497b4b0>,4,1,[6 1],7,29,30,22,29
1,<environment.Job instance at 0x14ea44570820>,1,20,[2 9],6,6,26,0,6
1,<environment.Job instance at 0x14ea443c1370>,3,18,[9 2],4,4,22,0,4
1,<environment.Job instance at 0x14ea48c8fd70>,6,3,[ 2 10],8,34,37,26,34
1,<environment.Job instance at 0x14ea44641eb0>,0,15,[9 2],1,1,16,0,1
1,<environment.Job instance at 0x14ea44641d70>,2,1,[10  1],4,16,17,12,4
1,<environment.Job instance at 0x14ea534e6a50>,4,2,[7 1],8,17,19,9,8
1,<environment.Job instance at 0x14ea534e6550>,5,1,[ 1 10],9,19,20,10,9
1,<environment.Job instance at 0x14ea535b8870>,0,3,[2 6],1,1,4,0,1
1,<environment.Job instance at 0x14ea535b8d20>,2,2,[6 1],5,166,168,161,166
1,<environment.Job instance at 0x14ea488ff370>,1,13,[7 2],3,3,16,0,3
1,<environment.Job instance at 0x14ea488ff9b0>,4,2,[2 6],8,8,10,0,8
1,<environment.Job instance at 0x14ea4788b050>,0,3,[8 1],1,1,4,0,1
1,<environment.Job instance at 0x14ea43c3d5f0>,3,2,[9 2],4,4,6,0,4
1,<environment.Job instance at 0x14ea43c3d0f0>,4,15,[7 2],5,6,21,1,5
1,<environment.Job instance at 0x14ea44956e60>,0,3,[2 5],1,1,4,0,1
1,<environment.Job instance at 0x14ea44956280>,1,3,[ 2 10],2,4,7,2,2
1,<environment.Job instance at 0x14ea449561e0>,3,13,[2 7],4,7,20,3,4
1,<environment.Job instance at 0x14ea5007aa50>,5,12,[2 7],6,20,32,14,6
1,<environment.Job instance at 0x14ea44928e10>,0,16,[2 5],1,1,17,0,1
1,<environment.Job instance at 0x14ea44928410>,2,12,[5 2],4,9,21,5,9
1,<environment.Job instance at 0x14ea44232b40>,0,19,[6 1],1,1,20,0,1
1,<environment.Job instance at 0x14ea47802640>,0,1,[7 2],1,1,2,0,1
1,<environment.Job instance at 0x14ea47802c30>,2,12,[1 5],4,4,16,0,4
1,<environment.Job instance at 0x14ea43ffdf00>,0,3,[1 9],1,1,4,0,1
1,<environment.Job instance at 0x14ea43ffd230>,3,1,[ 1 10],4,4,5,0,4
1,<environment.Job instance at 0x14ea43ffd500>,5,12,[ 1 10],7,7,19,0,7
1,<environment.Job instance at 0x14ea4416c8c0>,0,3,[6 2],1,1,4,0,1
1,<environment.Job instance at 0x14ea4416ce10>,4,16,[9 1],9,9,25,0,9
1,<environment.Job instance at 0x14ea500860f0>,2,13,[1 5],5,6,19,1,6
1,<environment.Job instance at 0x14ea48846690>,0,1,[6 2],1,1,2,0,1
1,<environment.Job instance at 0x14ea488466e0>,2,20,[1 5],3,3,23,0,3
1,<environment.Job instance at 0x14ea446f0690>,4,12,[5 1],5,6,18,1,6
1,<environment.Job instance at 0x14ea43fe2fa0>,8,22,[1 6],9,23,45,14,17
1,<environment.Job instance at 0x14ea52a70820>,1,15,[6 2],3,3,18,0,3
1,<environment.Job instance at 0x14ea47f65280>,0,3,[1 9],1,1,4,0,1
1,<environment.Job instance at 0x14ea47f65be0>,1,13,[6 1],2,4,17,2,4
1,<environment.Job instance at 0x14ea47f65dc0>,4,17,[8 2],5,17,34,12,5
1,<environment.Job instance at 0x14ea47f65c30>,6,17,[2 8],7,7,24,0,7
1,<environment.Job instance at 0x14ea451900f0>,0,1,[1 5],2,2,3,0,2
1,<environment.Job instance at 0x14ea45190780>,1,13,[6 1],3,4,17,1,4
1,<environment.Job instance at 0x14ea44902690>,2,12,[1 7],5,5,17,0,5
1,<environment.Job instance at 0x14ea47f75d20>,1,3,[1 5],3,3,6,0,3
1,<environment.Job instance at 0x14ea47f75280>,2,13,[5 1],4,6,19,2,6
1,<environment.Job instance at 0x14ea47f75a50>,5,3,[2 8],7,7,10,0,7
1,<environment.Job instance at 0x14ea47f75d70>,6,14,[6 1],9,19,33,10,9
1,<environment.Job instance at 0x14ea477705f0>,0,16,[5 2],1,1,17,0,1
1,<environment.Job instance at 0x14ea4453c5f0>,1,23,[2 7],3,3,26,0,3
1,<environment.Job instance at 0x14ea5351ee60>,2,17,[5 2],5,5,22,0,5
1,<environment.Job instance at 0x14ea5351ea00>,5,20,[1 5],9,9,29,0,9
1,<environment.Job instance at 0x14ea4427c820>,1,1,[2 5],6,6,7,0,6
1,<environment.Job instance at 0x14ea48bf4e10>,2,3,[1 5],7,7,10,0,7
1,<environment.Job instance at 0x14ea48bf4780>,4,17,[1 6],9,10,27,1,9
1,<environment.Job instance at 0x14ea48c207d0>,0,3,[1 5],1,1,4,0,1
1,<environment.Job instance at 0x14ea48c20b40>,4,13,[1 6],6,6,19,0,6
1,<environment.Job instance at 0x14ea445a50f0>,0,17,[10  2],1,1,18,0,1
1,<environment.Job instance at 0x14ea4893f500>,1,17,[5 1],2,2,19,0,2
1,<environment.Job instance at 0x14ea4893feb0>,3,1,[ 1 10],5,19,20,14,5
1,<environment.Job instance at 0x14ea43d01870>,0,28,[8 1],2,2,30,0,2
1,<environment.Job instance at 0x14ea43d015a0>,4,17,[9 2],7,30,47,23,18
1,<environment.Job instance at 0x14ea48891690>,3,24,[9 2],5,5,29,0,5
1,<environment.Job instance at 0x14ea4489d7d0>,1,14,[1 5],2,2,16,0,2
1,<environment.Job instance at 0x14ea442e9910>,4,3,[10  1],5,26,29,21,26
1,<environment.Job instance at 0x14ea442a1370>,2,1,[1 8],5,6,7,1,6
1,<environment.Job instance at 0x14ea442a1640>,3,17,[7 1],6,6,23,0,6
1,<environment.Job instance at 0x14ea442a1550>,5,16,[5 1],8,23,39,15,12
1,<environment.Job instance at 0x14ea473934b0>,0,27,[8 2],1,1,28,0,1
1,<environment.Job instance at 0x14ea44a096e0>,2,15,[ 2 10],4,4,19,0,4
1,<environment.Job instance at 0x14ea44a09d20>,6,15,[8 1],9,19,34,10,10
1,<environment.Job instance at 0x14ea472284b0>,0,3,[9 1],1,1,4,0,1
1,<environment.Job instance at 0x14ea44889dc0>,1,18,[5 1],2,4,22,2,2
1,<environment.Job instance at 0x14ea68054050>,2,18,[6 1],5,16,34,11,16
1,<environment.Job instance at 0x14ea52b58a50>,3,3,[1 8],7,7,10,0,7
1,<environment.Job instance at 0x14ea52b58dc0>,4,1,[1 8],8,10,11,2,8
1,<environment.Job instance at 0x14ea43f572d0>,0,3,[10  1],1,1,4,0,1
1,<environment.Job instance at 0x14ea478b7cd0>,3,3,[10  1],5,5,8,0,5
1,<environment.Job instance at 0x14ea478b7c30>,4,15,[8 1],6,8,23,2,6
1,<environment.Job instance at 0x14ea443391e0>,6,17,[9 2],8,9,26,1,9
1,<environment.Job instance at 0x14ea451b6f50>,2,3,[1 7],4,16,19,12,16
1,<environment.Job instance at 0x14ea44727960>,0,3,[1 6],1,1,4,0,1
1,<environment.Job instance at 0x14ea451b6af0>,3,1,[1 5],4,4,5,0,4
1,<environment.Job instance at 0x14ea487f0be0>,0,3,[6 2],2,2,5,0,2
1,<environment.Job instance at 0x14ea4724da50>,5,22,[1 7],8,22,44,14,22
1,<environment.Job instance at 0x14ea476852d0>,0,14,[2 8],2,2,16,0,2
1,<environment.Job instance at 0x14ea4405a910>,0,15,[8 1],2,2,17,0,2
1,<environment.Job instance at 0x14ea446885a0>,1,2,[6 2],3,15,17,12,15
1,<environment.Job instance at 0x14ea533ec5a0>,1,12,[8 2],2,45,57,43,45
1,<environment.Job instance at 0x14ea45137820>,3,1,[1 6],7,7,8,0,7
1,<environment.Job instance at 0x14ea451376e0>,4,2,[5 2],8,8,10,0,8
1,<environment.Job instance at 0x14ea535cf7d0>,0,3,[1 8],1,1,4,0,1
1,<environment.Job instance at 0x14ea535cfc30>,1,22,[1 5],2,4,26,2,2
1,<environment.Job instance at 0x14ea449d3550>,1,3,[2 7],2,2,5,0,2
1,<environment.Job instance at 0x14ea449d3690>,3,1,[2 8],6,99,100,93,99
1,<environment.Job instance at 0x14ea449d3c80>,1,3,[1 8],3,3,6,0,3
1,<environment.Job instance at 0x14ea488b49b0>,3,12,[ 1 10],6,6,18,0,6
1,<environment.Job instance at 0x14ea488b4190>,4,18,[10  2],7,18,36,11,7
1,<environment.Job instance at 0x14ea43cbba50>,0,17,[1 8],2,2,19,0,2
1,<environment.Job instance at 0x14ea487b2c30>,5,13,[2 7],8,880,893,872,880
1,<environment.Job instance at 0x14ea447446e0>,0,24,[9 2],1,1,25,0,1
1,<environment.Job instance at 0x14ea680d1be0>,7,2,[6 2],9,25,27,16,18
1,<environment.Job instance at 0x14ea6a0f7410>,1,18,[2 9],2,27,45,25,23
1,<environment.Job instance at 0x14ea43cb7be0>,4,2,[2 6],6,6,8,0,6
1,<environment.Job instance at 0x14ea43cb78c0>,5,3,[10  2],9,9,12,0,9
1,<environment.Job instance at 0x14ea500b4820>,1,1,[1 8],3,3,4,0,3
1,<environment.Job instance at 0x14ea500b4190>,2,3,[1 8],4,4,7,0,4
1,<environment.Job instance at 0x14ea69ea2af0>,5,20,[1 9],9,9,29,0,9
1,<environment.Job instance at 0x14ea451640a0>,0,12,[2 6],1,1,13,0,1
1,<environment.Job instance at 0x14ea5350f870>,2,2,[2 6],4,13,15,9,13
1,<environment.Job instance at 0x14ea476ea640>,2,18,[10  2],6,6,24,0,6
1,<environment.Job instance at 0x14ea44082e10>,3,3,[6 2],6,7,10,1,7
1,<environment.Job instance at 0x14ea44082460>,4,27,[ 1 10],8,10,37,2,8
1,<environment.Job instance at 0x14ea440395a0>,6,3,[7 1],8,103,106,95,103
1,<environment.Job instance at 0x14ea43cfeaf0>,2,3,[2 8],3,3,6,0,3
1,<environment.Job instance at 0x14ea43cfe9b0>,4,3,[1 6],6,6,9,0,6
1,<environment.Job instance at 0x14ea43cfee60>,6,3,[2 9],9,9,12,0,9
1,<environment.Job instance at 0x14ea43c07550>,0,3,[5 2],1,1,4,0,1
1,<environment.Job instance at 0x14ea43c07730>,3,16,[5 2],8,9,25,1,9
1,<environment.Job instance at 0x14ea471bb8c0>,0,27,[8 1],1,2,29,1,2
1,<environment.Job instance at 0x14ea471bbc30>,3,2,[7 1],5,29,31,24,5
1,<environment.Job instance at 0x14ea53521230>,6,2,[2 8],8,23,25,15,23
1,<environment.Job instance at 0x14ea52b04b40>,2,20,[6 1],4,4,24,0,4
1,<environment.Job instance at 0x14ea447645f0>,0,21,[ 2 10],4,4,25,0,4
1,<environment.Job instance at 0x14ea43efa7d0>,1,17,[1 6],4,4,21,0,4
1,<environment.Job instance at 0x14ea534e6230>,1,26,[2 9],2,2,28,0,2
1,<environment.Job instance at 0x14ea534e6280>,4,14,[1 5],5,28,42,23,13
1,<environment.Job instance at 0x14ea4408a9b0>,0,18,[5 1],1,2,20,1,2
1,<environment.Job instance at 0x14ea4408a730>,4,12,[6 2],7,20,32,13,20
1,<environment.Job instance at 0x14ea52b568c0>,3,2,[1 8],4,78,80,74,78
1,<environment.Job instance at 0x14ea5352baf0>,0,3,[7 2],2,2,5,0,2
1,<environment.Job instance at 0x14ea5352bd70>,1,19,[8 2],3,5,24,2,3
1,<environment.Job instance at 0x14ea5352b7d0>,2,20,[1 7],5,5,25,0,5
1,<environment.Job instance at 0x14ea473dec30>,4,13,[9 2],9,24,37,15,9
1,<environment.Job instance at 0x14ea44137050>,0,21,[1 7],1,1,22,0,1
1,<environment.Job instance at 0x14ea476c70f0>,1,16,[2 6],4,4,20,0,4
1,<environment.Job instance at 0x14ea444ba410>,1,25,[8 2],5,5,30,0,5
1,<environment.Job instance at 0x14ea444bad20>,4,18,[2 5],9,19,37,10,19
1,<environment.Job instance at 0x14ea44435640>,1,1,[1 8],3,8,9,5,8
1,<environment.Job instance at 0x14ea44435af0>,3,3,[1 5],5,9,12,4,9
1,<environment.Job instance at 0x14ea44435460>,6,26,[ 2 10],9,13,39,4,13
1,<environment.Job instance at 0x14ea4437b6e0>,0,3,[9 2],3,3,6,0,3
1,<environment.Job instance at 0x14ea4437b7d0>,2,28,[6 1],5,6,34,1,5
1,<environment.Job instance at 0x14ea4437b780>,0,1,[ 1 10],4,12,13,8,12
1,<environment.Job instance at 0x14ea52b82a00>,0,3,[5 1],2,2,5,0,2
1,<environment.Job instance at 0x14ea52b82f50>,1,15,[8 2],4,5,20,1,4
1,<environment.Job instance at 0x14ea4404d960>,1,25,[1 6],2,3,28,1,3
1,<environment.Job instance at 0x14ea44757a50>,0,3,[2 5],2,2,5,0,2
1,<environment.Job instance at 0x14ea4475a4b0>,2,3,[10  1],6,8,11,2,8
1,<environment.Job instance at 0x14ea4475a190>,3,17,[7 2],7,11,28,4,8
1,<environment.Job instance at 0x14ea4475a780>,4,14,[2 7],8,11,25,3,10
1,<environment.Job instance at 0x14ea48bdcc30>,0,3,[2 7],1,1,4,0,1
1,<environment.Job instance at 0x14ea9810d050>,1,13,[2 8],2,4,17,2,2
1,<environment.Job instance at 0x14ea48bdc690>,2,13,[6 2],3,13,26,10,13
1,<environment.Job instance at 0x14ea476d2b90>,0,3,[5 2],1,1,4,0,1
1,<environment.Job instance at 0x14ea471c5370>,0,3,[1 5],2,2,5,0,2
1,<environment.Job instance at 0x14ea471c55f0>,2,3,[2 7],5,5,8,0,5
1,<environment.Job instance at 0x14ea471c51e0>,3,13,[8 2],6,8,21,2,8
1,<environment.Job instance at 0x14ea43c333c0>,1,13,[7 1],3,9,22,6,9
1,<environment.Job instance at 0x14ea475fc500>,0,3,[ 1 10],1,1,4,0,1
1,<environment.Job instance at 0x14ea475fc9b0>,4,13,[10  1],8,9,22,1,9
1,<environment.Job instance at 0x14ea44af0640>,0,26,[2 9],1,1,27,0,1
1,<environment.Job instance at 0x14ea47673b40>,1,1,[2 5],3,3,4,0,3
1,<environment.Job instance at 0x14ea476731e0>,0,1,[1 9],1,5,6,4,5
1,<environment.Job instance at 0x14ea47673cd0>,4,1,[1 6],6,6,7,0,6
1,<environment.Job instance at 0x14ea4482b370>,0,27,[2 7],4,4,31,0,4
1,<environment.Job instance at 0x14ea43f1a5f0>,1,3,[2 6],2,2,5,0,2
1,<environment.Job instance at 0x14ea443c97d0>,5,18,[2 5],6,6,24,0,6
1,<environment.Job instance at 0x14ea489bc8c0>,3,1,[7 1],8,147,148,139,147
1,<environment.Job instance at 0x14ea4416a050>,0,12,[1 5],2,2,14,0,2
1,<environment.Job instance at 0x14ea4416a280>,1,17,[1 7],3,14,31,11,3
1,<environment.Job instance at 0x14ea43d79f50>,3,12,[6 1],6,18,30,12,18
1,<environment.Job instance at 0x14ea446264b0>,0,12,[2 6],1,1,13,0,1
1,<environment.Job instance at 0x14ea44626c30>,5,2,[8 2],8,8,10,0,8
1,<environment.Job instance at 0x14ea44626550>,4,1,[6 1],5,10,11,5,9
1,<environment.Job instance at 0x14ea47771190>,6,15,[5 1],9,11,26,2,10
1,<environment.Job instance at 0x14ea44aa3d70>,0,25,[5 2],1,1,26,0,1
1,<environment.Job instance at 0x14ea44aa3050>,3,1,[2 7],5,47,48,42,47
1,<environment.Job instance at 0x14ea5354e190>,0,18,[1 6],3,3,21,0,3
1,<environment.Job instance at 0x14ea5354e230>,1,12,[10  2],4,21,33,17,6
1,<environment.Job instance at 0x14ea50094780>,4,18,[10  1],6,6,24,0,6
1,<environment.Job instance at 0x14ea43d56140>,0,23,[10  1],2,2,25,0,2
1,<environment.Job instance at 0x14ea43d56280>,3,14,[6 2],9,25,39,16,10
1,<environment.Job instance at 0x14ea447188c0>,2,1,[5 1],3,94,95,91,94
1,<environment.Job instance at 0x14ea48d21280>,0,12,[1 7],1,1,13,0,1
1,<environment.Job instance at 0x14ea48d21730>,4,2,[2 9],6,13,15,7,13
1,<environment.Job instance at 0x14ea473cef50>,3,21,[1 6],5,15,36,10,15
1,<environment.Job instance at 0x14ea4469bcd0>,1,1,[10  2],6,6,7,0,6
1,<environment.Job instance at 0x14ea47727e10>,2,3,[1 9],9,9,12,0,9
1,<environment.Job instance at 0x14ea47816b90>,1,17,[ 1 10],2,2,19,0,2
1,<environment.Job instance at 0x14ea52aac0f0>,1,12,[9 1],2,3,15,1,3
1,<environment.Job instance at 0x14ea44569780>,6,19,[8 1],8,15,34,7,10
1,<environment.Job instance at 0x14ea449b4c80>,2,3,[8 2],7,7,10,0,7
1,<environment.Job instance at 0x14ea449db050>,0,17,[6 1],1,1,18,0,1
1,<environment.Job instance at 0x14ea444641e0>,6,17,[1 7],7,8,25,1,8
1,<environment.Job instance at 0x14ea44956dc0>,0,2,[1 6],1,1,3,0,1
1,<environment.Job instance at 0x14ea44956140>,1,3,[2 6],3,3,6,0,3
1,<environment.Job instance at 0x14ea47366c30>,2,17,[1 6],4,6,23,2,4
1,<environment.Job instance at 0x14ea47366f50>,3,16,[9 2],7,8,24,1,8
1,<environment.Job instance at 0x14ea6806fe60>,5,3,[1 8],7,7,10,0,7
1,<environment.Job instance at 0x14ea6806fdc0>,7,27,[2 5],9,10,37,1,9
1,<environment.Job instance at 0x14ea479158c0>,1,12,[2 5],5,5,17,0,5
1,<environment.Job instance at 0x14ea478acf00>,4,2,[2 9],9,30,32,21,30
1,<environment.Job instance at 0x14ea535c8550>,2,22,[9 1],4,4,26,0,4
1,<environment.Job instance at 0x14ea47243be0>,2,3,[1 7],7,7,10,0,7
1,<environment.Job instance at 0x14ea472433c0>,4,17,[8 2],9,9,26,0,9
1,<environment.Job instance at 0x14ea680a8e10>,3,20,[6 2],8,25,45,17,25
1,<environment.Job instance at 0x14ea487f0460>,0,3,[2 6],1,1,4,0,1
1,<environment.Job instance at 0x14ea48913280>,2,3,[2 7],9,9,12,0,9
1,<environment.Job instance at 0x14ea443c7730>,1,3,[1 7],3,3,6,0,3
1,<environment.Job instance at 0x14ea47f65820>,3,17,[5 2],9,9,26,0,9
1,<environment.Job instance at 0x14ea43cf2370>,2,15,[ 1 10],5,5,20,0,5
1,<environment.Job instance at 0x14ea535a25a0>,0,3,[5 2],1,1,4,0,1
1,<environment.Job instance at 0x14ea535a2690>,1,12,[1 6],2,2,14,0,2
1,<environment.Job instance at 0x14ea535a2a00>,5,1,[2 8],7,14,15,7,8
1,<environment.Job instance at 0x14ea535a2500>,3,15,[ 1 10],5,15,30,10,9
1,<environment.Job instance at 0x14ea44abca00>,0,3,[2 7],1,1,4,0,1
1,<environment.Job instance at 0x14ea472dae10>,4,3,[1 7],6,6,9,0,6
1,<environment.Job instance at 0x14ea472da870>,7,3,[8 2],9,106,109,97,106
1,<environment.Job instance at 0x14ea44744910>,2,1,[1 9],3,3,4,0,3
1,<environment.Job instance at 0x14ea44744320>,5,3,[7 2],6,23,26,17,23
1,<environment.Job instance at 0x14ea44a27640>,0,3,[1 5],4,4,7,0,4
1,<environment.Job instance at 0x14ea4891b500>,3,17,[6 1],7,7,24,0,7
1,<environment.Job instance at 0x14ea440b1b90>,0,3,[7 1],1,1,4,0,1
1,<environment.Job instance at 0x14ea440b1a00>,1,18,[10  2],2,4,22,2,2
1,<environment.Job instance at 0x14ea472350f0>,3,16,[10  2],8,8,24,0,8
1,<environment.Job instance at 0x14ea534a86e0>,1,1,[1 6],4,6,7,2,6
1,<environment.Job instance at 0x14ea5008a550>,4,3,[9 2],9,10,13,1,10
1,<environment.Job instance at 0x14ea43e617d0>,3,12,[2 7],6,6,18,0,6
1,<environment.Job instance at 0x14ea43e615f0>,4,3,[2 5],7,18,21,11,7
1,<environment.Job instance at 0x14ea43db2be0>,0,3,[2 6],1,1,4,0,1
1,<environment.Job instance at 0x14ea43db2c30>,4,3,[2 8],7,7,10,0,7
1,<environment.Job instance at 0x14ea471ffdc0>,5,3,[1 8],8,10,13,2,8
1,<environment.Job instance at 0x14ea446697d0>,1,12,[9 2],2,2,14,0,2
1,<environment.Job instance at 0x14ea472884b0>,0,13,[6 2],1,2,15,1,2
1,<environment.Job instance at 0x14ea52bb92d0>,2,18,[1 5],4,4,22,0,4
1,<environment.Job instance at 0x14ea454625a0>,5,3,[5 1],7,15,18,8,7
1,<environment.Job instance at 0x14ea441558c0>,0,18,[6 2],2,2,20,0,2
1,<environment.Job instance at 0x14ea449cf2d0>,2,3,[1 8],3,6,9,3,6
1,<environment.Job instance at 0x14ea449cfc80>,6,16,[1 5],9,15,31,6,15
1,<environment.Job instance at 0x14ea4476faa0>,0,3,[5 1],1,1,4,0,1
1,<environment.Job instance at 0x14ea43c9b8c0>,2,3,[7 2],6,6,9,0,6
1,<environment.Job instance at 0x14ea43c9b460>,4,17,[2 9],9,9,26,0,9
1,<environment.Job instance at 0x14ea43be8550>,2,12,[2 8],4,4,16,0,4
1,<environment.Job instance at 0x14ea4489deb0>,4,14,[1 8],6,16,30,10,6
1,<environment.Job instance at 0x14ea50024460>,0,19,[1 8],1,1,20,0,1
1,<environment.Job instance at 0x14ea50024190>,2,18,[8 2],4,5,23,1,5
1,<environment.Job instance at 0x14ea443cc640>,1,14,[7 1],3,3,17,0,3
1,<environment.Job instance at 0x14ea444ff320>,0,1,[1 9],2,4,5,2,4
1,<environment.Job instance at 0x14ea443cc8c0>,4,27,[1 5],7,11,38,4,11
1,<environment.Job instance at 0x14ea4525a3c0>,0,18,[10  1],3,3,21,0,3
1,<environment.Job instance at 0x14ea44902550>,3,21,[1 6],7,26,47,19,26
1,<environment.Job instance at 0x14ea43ed0fa0>,0,17,[1 8],1,1,18,0,1
1,<environment.Job instance at 0x14ea4893a320>,0,28,[9 1],1,1,29,0,1
1,<environment.Job instance at 0x14ea4772bf50>,0,1,[2 9],1,2,3,1,2
1,<environment.Job instance at 0x14ea4772bdc0>,2,3,[5 2],4,4,7,0,4
1,<environment.Job instance at 0x14ea4772bbe0>,4,1,[5 2],7,7,8,0,7
1,<environment.Job instance at 0x14ea44198aa0>,5,21,[ 2 10],8,8,29,0,8
1,<environment.Job instance at 0x14ea44198050>,6,2,[2 8],9,29,31,20,9
1,<environment.Job instance at 0x14ea44123820>,3,27,[1 8],5,5,32,0,5
1,<environment.Job instance at 0x14ea43dedb90>,0,26,[8 1],2,2,28,0,2
1,<environment.Job instance at 0x14ea43e88f50>,0,18,[1 8],1,1,19,0,1
1,<environment.Job instance at 0x14ea43e88b40>,1,17,[7 2],2,3,20,1,3
1,<environment.Job instance at 0x14ea52b96a00>,3,12,[6 2],5,20,32,15,8
1,<environment.Job instance at 0x14ea47755460>,0,3,[7 2],1,1,4,0,1
1,<environment.Job instance at 0x14ea47168be0>,1,12,[9 2],3,4,16,1,4
1,<environment.Job instance at 0x14ea44666320>,4,26,[1 9],7,16,42,9,14
1,<environment.Job instance at 0x14ea478cd2d0>,5,18,[10  1],9,42,60,33,35
1,<environment.Job instance at 0x14ea52b6a320>,0,15,[ 2 10],2,2,17,0,2
1,<environment.Job instance at 0x14ea44af9d20>,5,3,[2 7],9,17,20,8,9
1,<environment.Job instance at 0x14ea4429cb90>,2,3,[1 5],6,6,9,0,6
1,<environment.Job instance at 0x14ea4429c870>,3,12,[6 1],7,7,19,0,7
1,<environment.Job instance at 0x14ea4429c9b0>,4,13,[1 5],8,9,22,1,8
1,<environment.Job instance at 0x14ea447eef50>,2,24,[9 2],3,3,27,0,3
1,<environment.Job instance at 0x14ea4474ed20>,0,14,[2 8],1,1,15,0,1
1,<environment.Job instance at 0x14ea4474e910>,1,14,[1 6],3,15,29,12,3
1,<environment.Job instance at 0x14ea4474e6e0>,2,18,[10  2],4,29,47,25,18
1,<environment.Job instance at 0x14ea43f910f0>,2,1,[10  2],3,5,6,2,5
1,<environment.Job instance at 0x14ea440b7730>,0,3,[5 2],2,2,5,0,2
1,<environment.Job instance at 0x14ea52a34050>,1,13,[6 2],2,13,26,11,13
1,<environment.Job instance at 0x14ea48d24140>,3,1,[2 9],5,5,6,0,5
1,<environment.Job instance at 0x14ea44539320>,0,3,[5 2],3,3,6,0,3
1,<environment.Job instance at 0x14ea44023140>,0,3,[8 1],1,1,4,0,1
1,<environment.Job instance at 0x14ea44023dc0>,3,19,[1 5],4,4,23,0,4
1,<environment.Job instance at 0x14ea4769c3c0>,2,15,[9 1],3,3,18,0,3
1,<environment.Job instance at 0x14ea4769cb40>,3,3,[1 5],4,4,7,0,4
1,<environment.Job instance at 0x14ea4769c7d0>,5,21,[1 8],8,8,29,0,8
1,<environment.Job instance at 0x14ea443d95a0>,3,3,[10  2],7,7,10,0,7
1,<environment.Job instance at 0x14ea44137910>,3,3,[6 2],6,6,9,0,6
1,<environment.Job instance at 0x14ea4775c230>,2,20,[9 1],3,3,23,0,3
1,<environment.Job instance at 0x14ea471fffa0>,2,13,[9 2],4,4,17,0,4
1,<environment.Job instance at 0x14ea449ed0f0>,0,19,[5 2],1,2,21,1,2
1,<environment.Job instance at 0x14ea47743a50>,3,15,[7 2],5,21,36,16,7
1,<environment.Job instance at 0x14ea44754f00>,1,17,[2 9],2,2,19,0,2
1,<environment.Job instance at 0x14ea4453efa0>,0,3,[2 6],2,2,5,0,2
1,<environment.Job instance at 0x14ea4453e910>,1,16,[2 5],3,5,21,2,3
1,<environment.Job instance at 0x14ea4453e690>,4,17,[8 1],6,6,23,0,6
1,<environment.Job instance at 0x14ea4763e410>,0,17,[ 2 10],1,1,18,0,1
1,<environment.Job instance at 0x14ea444ebbe0>,3,25,[9 1],5,18,43,13,14
1,<environment.Job instance at 0x14ea444ebdc0>,5,3,[8 2],7,44,47,37,44
1,<environment.Job instance at 0x14ea442a07d0>,0,1,[ 1 10],1,2,3,1,2
1,<environment.Job instance at 0x14ea472c8be0>,0,18,[7 2],1,1,19,0,1
1,<environment.Job instance at 0x14ea43f42050>,0,17,[1 6],1,1,18,0,1
1,<environment.Job instance at 0x14ea43f42c80>,1,13,[10  2],2,18,31,16,4
1,<environment.Job instance at 0x14ea4719a140>,0,20,[9 2],2,2,22,0,2
1,<environment.Job instance at 0x14ea43e00820>,1,3,[ 1 10],2,2,5,0,2
1,<environment.Job instance at 0x14ea43e00dc0>,2,16,[8 1],3,5,21,2,3
1,<environment.Job instance at 0x14ea43e001e0>,4,13,[8 2],6,21,34,15,18
1,<environment.Job instance at 0x14ea43c2ed20>,0,17,[ 2 10],1,1,18,0,1
1,<environment.Job instance at 0x14ea47304e10>,3,3,[9 1],7,7,10,0,7
1,<environment.Job instance at 0x14ea47304320>,4,17,[2 5],8,10,27,2,8
1,<environment.Job instance at 0x14ea44a8ceb0>,1,3,[2 5],2,2,5,0,2
1,<environment.Job instance at 0x14ea44a8c050>,3,17,[1 7],7,8,25,1,8
1,<environment.Job instance at 0x14ea443c9a50>,1,3,[7 2],3,4,7,1,4
1,<environment.Job instance at 0x14ea443c9f50>,2,28,[1 5],6,7,35,1,7
1,<environment.Job instance at 0x14ea9b957d70>,0,3,[7 2],1,1,4,0,1
1,<environment.Job instance at 0x14ea69e9b870>,3,1,[2 8],5,5,6,0,5
1,<environment.Job instance at 0x14ea9b957fa0>,5,19,[1 9],7,9,28,2,9
1,<environment.Job instance at 0x14ea9b957fa0>,3,3,[10  1],4,4,7,0,4
1,<environment.Job instance at 0x14ea43c9b370>,5,3,[2 9],7,7,10,0,7
1,<environment.Job instance at 0x14ea43c9b3c0>,6,12,[5 2],8,10,22,2,9
1,<environment.Job instance at 0x14ea53475690>,2,2,[7 2],3,3,5,0,3
1,<environment.Job instance at 0x14ea4474e640>,3,3,[7 1],4,5,8,1,4
1,<environment.Job instance at 0x14ea534751e0>,4,1,[2 5],6,6,7,0,6
1,<environment.Job instance at 0x14ea4474e9b0>,5,3,[8 2],7,8,11,1,7
1,<environment.Job instance at 0x14ea52ba2910>,0,17,[7 1],1,1,18,0,1
1,<environment.Job instance at 0x14ea43efa230>,1,1,[5 1],3,82,83,79,82
1,<environment.Job instance at 0x14ea448279b0>,5,1,[ 1 10],7,7,8,0,7
1,<environment.Job instance at 0x14ea44827410>,1,12,[2 8],4,4,16,0,4
1,<environment.Job instance at 0x14ea448279b0>,3,14,[7 1],7,9,23,2,9
1,<environment.Job instance at 0x14ea440c2b90>,1,3,[5 1],2,2,5,0,2
1,<environment.Job instance at 0x14ea442a1730>,4,3,[1 9],8,8,11,0,8
1,<environment.Job instance at 0x14ea442a1050>,5,14,[ 1 10],9,11,25,2,9
1,<environment.Job instance at 0x14ea4887ef50>,2,17,[9 1],7,7,24,0,7
1,<environment.Job instance at 0x14ea4887e0a0>,3,13,[9 1],8,24,37,16,10
1,<environment.Job instance at 0x14ea5007a1e0>,1,13,[6 2],3,3,16,0,3
1,<environment.Job instance at 0x14ea534d0550>,1,3,[6 2],2,2,5,0,2
1,<environment.Job instance at 0x14ea534d0730>,4,3,[2 7],6,6,9,0,6
1,<environment.Job instance at 0x14ea6a28b6e0>,6,1,[2 6],9,9,10,0,9
1,<environment.Job instance at 0x14ea4445e460>,0,3,[2 7],1,1,4,0,1
1,<environment.Job instance at 0x14ea473665a0>,5,19,[2 8],7,7,26,0,7
1,<environment.Job instance at 0x14ea43fcc7d0>,0,17,[ 1 10],1,1,18,0,1
1,<environment.Job instance at 0x14ea44903500>,2,23,[2 5],4,4,27,0,4
1,<environment.Job instance at 0x14ea44903f00>,4,14,[5 1],9,28,42,19,28
1,<environment.Job instance at 0x14ea48d4e6e0>,1,18,[2 8],3,3,21,0,3
1,<environment.Job instance at 0x14ea48d4e910>,4,14,[8 1],7,8,22,1,8
1,<environment.Job instance at 0x14ea48c53500>,0,3,[2 8],1,1,4,0,1
1,<environment.Job instance at 0x14ea48c53910>,2,14,[ 1 10],3,4,18,1,4
1,<environment.Job instance at 0x14ea44561410>,0,25,[6 1],1,1,26,0,1
1,<environment.Job instance at 0x14ea52affbe0>,1,15,[2 9],3,3,18,0,3
1,<environment.Job instance at 0x14ea52aff2d0>,2,3,[5 2],6,18,21,12,6
1,<environment.Job instance at 0x14ea52aff320>,3,18,[1 5],7,18,36,11,7
1,<environment.Job instance at 0x14ea52aff5f0>,4,15,[6 2],9,21,36,12,9
1,<environment.Job instance at 0x14ea533eddc0>,3,14,[9 2],5,6,20,1,6
1,<environment.Job instance at 0x14ea442f02d0>,6,12,[2 5],8,20,32,12,8
1,<environment.Job instance at 0x14ea467445f0>,0,3,[5 1],1,1,4,0,1
1,<environment.Job instance at 0x14ea46744500>,1,12,[2 9],2,2,14,0,2
1,<environment.Job instance at 0x14ea467441e0>,3,2,[8 1],4,4,6,0,4
1,<environment.Job instance at 0x14ea46744a00>,4,1,[5 1],6,6,7,0,6
1,<environment.Job instance at 0x14ea43c58280>,5,2,[1 8],7,14,16,7,7
1,<environment.Job instance at 0x14ea43c58190>,6,13,[7 2],9,14,27,5,10
1,<environment.Job instance at 0x14ea535c0190>,1,26,[9 2],3,6,32,3,6
1,<environment.Job instance at 0x14ea4894a1e0>,0,15,[10  1],1,1,16,0,1
1,<environment.Job instance at 0x14ea4894aa50>,3,14,[2 9],6,16,30,10,6
1,<environment.Job instance at 0x14ea4884b320>,1,2,[ 1 10],3,4,6,1,4
1,<environment.Job instance at 0x14ea4884b2d0>,3,18,[9 1],8,8,26,0,8
1,<environment.Job instance at 0x14ea476febe0>,1,3,[1 5],5,5,8,0,5
1,<environment.Job instance at 0x14ea476fe0a0>,3,1,[9 1],7,7,8,0,7
1,<environment.Job instance at 0x14ea476fe370>,4,16,[6 1],8,8,24,0,8
1,<environment.Job instance at 0x14ea48912730>,2,19,[9 1],6,6,25,0,6
1,<environment.Job instance at 0x14ea48851b90>,2,12,[8 2],3,3,15,0,3
1,<environment.Job instance at 0x14ea43bf5690>,7,15,[ 1 10],8,15,30,7,14
1,<environment.Job instance at 0x14ea44741aa0>,2,17,[9 1],3,3,20,0,3
1,<environment.Job instance at 0x14ea53580f50>,5,19,[10  1],6,20,39,14,10
1,<environment.Job instance at 0x14ea47907dc0>,0,28,[5 2],2,2,30,0,2
1,<environment.Job instance at 0x14ea47907c80>,1,14,[10  2],3,30,44,27,22
1,<environment.Job instance at 0x14ea4672ce10>,0,1,[2 5],1,1,2,0,1
1,<environment.Job instance at 0x14ea4672ca50>,3,3,[2 6],6,6,9,0,6
1,<environment.Job instance at 0x14ea4672c500>,5,1,[2 7],8,9,10,1,8
1,<environment.Job instance at 0x14ea4672c3c0>,6,13,[5 1],9,9,22,0,9
1,<environment.Job instance at 0x14ea487de1e0>,0,3,[1 8],1,1,4,0,1
1,<environment.Job instance at 0x14ea487de690>,1,15,[10  2],2,4,19,2,2
1,<environment.Job instance at 0x14ea43d5cc80>,0,2,[2 6],1,1,3,0,1
1,<environment.Job instance at 0x14ea472f68c0>,5,17,[1 5],6,6,23,0,6
1,<environment.Job instance at 0x14ea443b8be0>,0,17,[2 9],1,1,18,0,1
1,<environment.Job instance at 0x14ea443b8b40>,3,3,[ 1 10],6,67,70,61,67
1,<environment.Job instance at 0x14ea476b6050>,0,16,[7 1],1,2,18,1,2
1,<environment.Job instance at 0x14ea444eb1e0>,6,3,[7 1],7,18,21,11,8
1,<environment.Job instance at 0x14ea69e40370>,8,13,[7 2],9,21,34,12,9
1,<environment.Job instance at 0x14ea4484c1e0>,1,17,[1 7],2,49,66,47,49
1,<environment.Job instance at 0x14ea4484c370>,3,3,[8 2],5,328,331,323,328
1,<environment.Job instance at 0x14ea43fd25f0>,3,2,[1 6],6,6,8,0,6
1,<environment.Job instance at 0x14ea43fd2f00>,4,3,[2 7],7,8,11,1,7
1,<environment.Job instance at 0x14ea5346e370>,5,2,[8 2],8,9,11,1,9
1,<environment.Job instance at 0x14ea43c47500>,0,15,[1 7],1,1,16,0,1
1,<environment.Job instance at 0x14ea477b7910>,3,1,[1 7],6,6,7,0,6
1,<environment.Job instance at 0x14ea47664460>,0,20,[8 1],1,1,21,0,1
1,<environment.Job instance at 0x14ea47664320>,1,3,[1 7],2,2,5,0,2
1,<environment.Job instance at 0x14ea444ff960>,0,17,[9 2],1,1,18,0,1
1,<environment.Job instance at 0x14ea444ff230>,2,15,[10  2],6,18,33,12,6
1,<environment.Job instance at 0x14ea4761ddc0>,2,23,[1 6],4,4,27,0,4
1,<environment.Job instance at 0x14ea440c0820>,0,3,[2 6],1,1,4,0,1
1,<environment.Job instance at 0x14ea448cbf00>,4,2,[1 7],6,11,13,5,11
1,<environment.Job instance at 0x14ea534d9d20>,2,3,[2 9],7,7,10,0,7
1,<environment.Job instance at 0x14ea47f75a50>,2,27,[2 8],6,6,33,0,6
1,<environment.Job instance at 0x14ea6954b7d0>,3,16,[1 6],7,10,26,3,10
1,<environment.Job instance at 0x14ea446b4a50>,0,17,[ 1 10],4,4,21,0,4
1,<environment.Job instance at 0x14ea5007c8c0>,0,1,[1 5],2,3,4,1,3
1,<environment.Job instance at 0x14ea5007c140>,3,19,[ 1 10],6,6,25,0,6
1,<environment.Job instance at 0x14ea4427f050>,2,2,[2 5],3,3,5,0,3
1,<environment.Job instance at 0x14ea4427f7d0>,3,3,[1 9],7,7,10,0,7
1,<environment.Job instance at 0x14ea6803dfa0>,4,12,[2 6],8,32,44,24,32
1,<environment.Job instance at 0x14ea43c78e10>,0,3,[1 8],1,1,4,0,1
1,<environment.Job instance at 0x14ea43c78910>,1,3,[6 2],2,2,5,0,2
1,<environment.Job instance at 0x14ea43c784b0>,2,18,[2 7],3,4,22,1,3
1,<environment.Job instance at 0x14ea43c787d0>,3,14,[ 2 10],4,22,36,18,16
1,<environment.Job instance at 0x14ea4723ab90>,1,3,[10  1],2,2,5,0,2
1,<environment.Job instance at 0x14ea4521d870>,2,3,[2 9],3,5,8,2,3
1,<environment.Job instance at 0x14ea4521de60>,4,3,[1 9],8,8,11,0,8
1,<environment.Job instance at 0x14ea43ce2b40>,0,3,[7 1],1,1,4,0,1
1,<environment.Job instance at 0x14ea43ce26e0>,1,18,[2 8],2,2,20,0,2
1,<environment.Job instance at 0x14ea4736eb40>,0,25,[2 9],1,1,26,0,1
1,<environment.Job instance at 0x14ea44966960>,3,12,[10  2],7,26,38,19,9
1,<environment.Job instance at 0x14ea44a7a190>,2,1,[2 5],3,3,4,0,3
1,<environment.Job instance at 0x14ea443242d0>,0,17,[2 7],1,1,18,0,1
1,<environment.Job instance at 0x14ea44621230>,4,2,[2 8],7,16,18,9,16
1,<environment.Job instance at 0x14ea44621730>,6,2,[1 6],9,32,34,23,32
1,<environment.Job instance at 0x14ea446a9730>,0,3,[6 1],2,2,5,0,2
1,<environment.Job instance at 0x14ea533eb9b0>,0,3,[1 7],1,1,4,0,1
1,<environment.Job instance at 0x14ea478169b0>,0,13,[2 5],1,1,14,0,1
1,<environment.Job instance at 0x14ea47816690>,1,18,[2 5],2,2,20,0,2
1,<environment.Job instance at 0x14ea478167d0>,5,1,[2 8],7,20,21,13,7
1,<environment.Job instance at 0x14ea446cc3c0>,1,28,[2 7],3,3,31,0,3
1,<environment.Job instance at 0x14ea69edc5f0>,3,16,[10  1],5,5,21,0,5
1,<environment.Job instance at 0x14ea446adf00>,1,3,[5 1],3,3,6,0,3
1,<environment.Job instance at 0x14ea446ad820>,2,17,[6 1],4,6,23,2,4
1,<environment.Job instance at 0x14ea4492f320>,0,2,[1 8],1,1,3,0,1
1,<environment.Job instance at 0x14ea52acbaf0>,5,3,[1 7],8,153,156,145,153
1,<environment.Job instance at 0x14ea53422730>,2,3,[6 1],5,7,10,2,7
1,<environment.Job instance at 0x14ea44506f50>,0,3,[1 7],1,1,4,0,1
1,<environment.Job instance at 0x14ea44506c30>,3,13,[6 1],4,4,17,0,4
1,<environment.Job instance at 0x14ea44506d20>,5,3,[1 5],7,7,10,0,7
1,<environment.Job instance at 0x14ea473d0fa0>,1,18,[6 1],2,2,20,0,2
1,<environment.Job instance at 0x14ea47269910>,2,3,[ 2 10],7,7,10,0,7
1,<environment.Job instance at 0x14ea4738c050>,0,3,[7 1],1,1,4,0,1
1,<environment.Job instance at 0x14ea43c98af0>,0,17,[8 2],1,1,18,0,1
1,<environment.Job instance at 0x14ea5346e7d0>,4,12,[10  1],6,18,30,12,10
1,<environment.Job instance at 0x14ea489bfd70>,6,1,[2 5],8,16,17,8,16
1,<environment.Job instance at 0x14ea489bf410>,1,12,[ 1 10],4,4,16,0,4
1,<environment.Job instance at 0x14ea695574b0>,0,13,[2 7],1,1,14,0,1
1,<environment.Job instance at 0x14ea53515c80>,2,17,[5 1],4,19,36,15,19
1,<environment.Job instance at 0x14ea48955eb0>,3,1,[ 2 10],7,9,10,2,9
1,<environment.Job instance at 0x14ea43efabe0>,0,18,[7 2],1,1,19,0,1
1,<environment.Job instance at 0x14ea43efa0f0>,1,18,[2 6],2,2,20,0,2
1,<environment.Job instance at 0x14ea68076f00>,4,14,[1 9],6,20,34,14,6
1,<environment.Job instance at 0x14ea535b83c0>,0,19,[1 7],3,3,22,0,3
1,<environment.Job instance at 0x14ea445775a0>,1,12,[6 2],5,10,22,5,10
1,<environment.Job instance at 0x14ea44577190>,1,14,[2 5],3,3,17,0,3
1,<environment.Job instance at 0x14ea512f4f00>,5,3,[1 6],8,17,20,9,10
1,<environment.Job instance at 0x14ea4768d640>,1,26,[7 1],3,3,29,0,3
1,<environment.Job instance at 0x14ea43f38f00>,3,15,[6 1],4,6,21,2,6
1,<environment.Job instance at 0x14ea5007a6e0>,8,3,[1 9],9,9,12,0,9
1,<environment.Job instance at 0x14ea44aa04b0>,1,3,[5 1],2,2,5,0,2
1,<environment.Job instance at 0x14ea44aa0af0>,3,3,[6 2],5,5,8,0,5
1,<environment.Job instance at 0x14ea4719a6e0>,5,3,[1 9],7,8,11,1,7
1,<environment.Job instance at 0x14ea4719a370>,6,19,[1 9],8,11,30,3,8
1,<environment.Job instance at 0x14ea52a54f00>,2,1,[6 2],8,8,9,0,8
1,<environment.Job instance at 0x14ea52a54c80>,3,16,[8 2],9,9,25,0,9
1,<environment.Job instance at 0x14ea4498a500>,2,18,[6 1],4,5,23,1,5
1,<environment.Job instance at 0x14ea43cf9e60>,5,18,[5 2],8,23,41,15,13
1,<environment.Job instance at 0x14ea478e1500>,0,16,[5 1],1,2,18,1,2
1,<environment.Job instance at 0x14ea472a5b90>,3,17,[9 2],6,18,35,12,6
1,<environment.Job instance at 0x14ea52a62af0>,4,2,[10  2],7,7,9,0,7
1,<environment.Job instance at 0x14ea52a62b40>,5,13,[1 8],8,9,22,1,8
1,<environment.Job instance at 0x14ea48d229b0>,0,17,[6 2],1,1,18,0,1
1,<environment.Job instance at 0x14ea9b9e4190>,0,1,[2 7],2,5,6,3,5
1,<environment.Job instance at 0x14ea449b6f00>,3,2,[1 9],7,10,12,3,10
1,<environment.Job instance at 0x14ea4727f780>,1,18,[10  1],3,56,74,53,56
1,<environment.Job instance at 0x14ea45495780>,4,3,[1 8],5,5,8,0,5
1,<environment.Job instance at 0x14ea4516fc30>,0,18,[ 1 10],2,2,20,0,2
1,<environment.Job instance at 0x14ea4516f050>,3,14,[8 2],7,20,34,13,11
1,<environment.Job instance at 0x14ea44aa5550>,1,3,[5 1],2,2,5,0,2
1,<environment.Job instance at 0x14ea44aa5690>,5,3,[2 8],9,9,12,0,9
1,<environment.Job instance at 0x14ea48c8e370>,4,24,[6 2],8,8,32,0,8
1,<environment.Job instance at 0x14ea48c8eaa0>,5,12,[10  1],9,32,44,23,15
1,<environment.Job instance at 0x14ea5298c5f0>,3,3,[2 8],7,7,10,0,7
1,<environment.Job instance at 0x14ea43ce53c0>,0,3,[ 2 10],1,1,4,0,1
1,<environment.Job instance at 0x14ea43ce5c80>,2,2,[6 1],3,4,6,1,3
1,<environment.Job instance at 0x14ea43ce5320>,3,2,[10  2],4,6,8,2,4
1,<environment.Job instance at 0x14ea6a28b5a0>,1,2,[6 2],7,7,9,0,7
1,<environment.Job instance at 0x14ea5346e190>,0,2,[1 5],2,3,5,1,3
1,<environment.Job instance at 0x14ea52affa50>,1,14,[1 8],4,5,19,1,4
1,<environment.Job instance at 0x14ea477050f0>,1,17,[7 2],3,3,20,0,3
1,<environment.Job instance at 0x14ea448ec550>,2,16,[7 1],5,5,21,0,5
1,<environment.Job instance at 0x14ea6a11e7d0>,0,3,[2 5],1,1,4,0,1
1,<environment.Job instance at 0x14ea6a11eeb0>,1,17,[7 1],2,2,19,0,2
1,<environment.Job instance at 0x14ea6a11e050>,3,3,[1 9],4,4,7,0,4
1,<environment.Job instance at 0x14ea48c93730>,5,3,[ 2 10],6,19,22,13,6
1,<environment.Job instance at 0x14ea6a11ea00>,1,20,[8 1],2,3,23,1,3
1,<environment.Job instance at 0x14ea48858af0>,0,23,[2 8],1,2,25,1,2
1,<environment.Job instance at 0x14ea488584b0>,2,25,[7 2],3,3,28,0,3
1,<environment.Job instance at 0x14ea446e5aa0>,0,25,[10  2],1,1,26,0,1
1,<environment.Job instance at 0x14ea446e5460>,2,13,[6 2],3,26,39,23,16
1,<environment.Job instance at 0x14ea4450b690>,1,1,[1 7],3,3,4,0,3
1,<environment.Job instance at 0x14ea4450bb90>,2,16,[9 2],4,4,20,0,4
1,<environment.Job instance at 0x14ea449f9dc0>,3,18,[10  1],8,20,38,12,9
1,<environment.Job instance at 0x14ea449be370>,1,14,[5 2],2,3,17,1,3
1,<environment.Job instance at 0x14ea4739b190>,0,18,[1 7],2,2,20,0,2
1,<environment.Job instance at 0x14ea44261500>,4,13,[6 2],7,8,21,1,8
1,<environment.Job instance at 0x14ea69e098c0>,1,17,[9 1],2,2,19,0,2
1,<environment.Job instance at 0x14ea44492910>,0,1,[1 8],2,3,4,1,3
1,<environment.Job instance at 0x14ea69e09af0>,2,1,[1 8],4,6,7,2,6
1,<environment.Job instance at 0x14ea47f65820>,5,1,[1 5],7,7,8,0,7
1,<environment.Job instance at 0x14ea47f65870>,6,2,[2 5],8,8,10,0,8
1,<environment.Job instance at 0x14ea47f65c80>,7,18,[8 2],9,9,27,0,9
1,<environment.Job instance at 0x14ea44901050>,1,15,[1 5],3,3,18,0,3
1,<environment.Job instance at 0x14ea4525ab90>,0,1,[1 8],1,2,3,1,2
1,<environment.Job instance at 0x14ea4525a0a0>,2,3,[1 9],4,4,7,0,4
1,<environment.Job instance at 0x14ea4525a730>,3,2,[ 1 10],5,7,9,2,6
1,<environment.Job instance at 0x14ea445f34b0>,0,18,[5 1],1,2,20,1,2
1,<environment.Job instance at 0x14ea4525a500>,2,3,[2 9],4,4,7,0,4
1,<environment.Job instance at 0x14ea445f3140>,3,15,[5 1],5,7,22,2,5
1,<environment.Job instance at 0x14ea478c7d70>,2,13,[8 1],5,5,18,0,5
1,<environment.Job instance at 0x14ea478c7c80>,2,2,[5 1],6,6,8,0,6
1,<environment.Job instance at 0x14ea43d871e0>,3,1,[1 5],7,7,8,0,7
1,<environment.Job instance at 0x14ea43d87640>,4,18,[5 1],9,9,27,0,9
1,<environment.Job instance at 0x14ea9816bf50>,1,13,[7 1],3,3,16,0,3
1,<environment.Job instance at 0x14ea53515190>,0,1,[2 6],1,1,2,0,1
1,<environment.Job instance at 0x14ea535153c0>,1,13,[8 2],2,2,15,0,2
1,<environment.Job instance at 0x14ea472d6e60>,0,19,[10  2],2,2,21,0,2
1,<environment.Job instance at 0x14ea443f1cd0>,3,16,[2 5],5,21,37,16,8
1,<environment.Job instance at 0x14ea442300f0>,0,12,[9 2],1,1,13,0,1
1,<environment.Job instance at 0x14ea44230e10>,2,18,[6 2],5,13,31,8,7
1,<environment.Job instance at 0x14ea4482bcd0>,5,3,[1 6],9,9,12,0,9
1,<environment.Job instance at 0x14ea44854f50>,1,3,[1 6],3,3,6,0,3
1,<environment.Job instance at 0x14ea448546e0>,2,3,[2 7],5,6,9,1,5
1,<environment.Job instance at 0x14ea47171280>,0,18,[2 8],1,1,19,0,1
1,<environment.Job instance at 0x14ea43ed1f50>,2,1,[5 1],3,3,4,0,3
1,<environment.Job instance at 0x14ea69e78910>,1,3,[1 6],2,2,5,0,2
1,<environment.Job instance at 0x14ea69e785a0>,4,1,[1 5],7,54,55,47,54
1,<environment.Job instance at 0x14ea43d256e0>,3,3,[1 6],8,8,11,0,8
1,<environment.Job instance at 0x14ea43fddfa0>,0,14,[5 1],1,1,15,0,1
1,<environment.Job instance at 0x14ea43fdd8c0>,6,1,[10  1],9,19,20,10,19
1,<environment.Job instance at 0x14ea445ce500>,0,3,[1 6],1,1,4,0,1
1,<environment.Job instance at 0x14ea477f7050>,1,3,[1 6],2,2,5,0,2
1,<environment.Job instance at 0x14ea477f73c0>,2,16,[2 8],3,5,21,2,3
1,<environment.Job instance at 0x14ea477f7c80>,7,12,[8 2],8,11,23,3,11
1,<environment.Job instance at 0x14ea477f78c0>,1,18,[10  1],2,2,20,0,2
1,<environment.Job instance at 0x14ea4423ed20>,0,3,[1 9],1,1,4,0,1
1,<environment.Job instance at 0x14ea4423ed70>,1,17,[2 5],2,4,21,2,2
1,<environment.Job instance at 0x14ea4423ec80>,3,13,[10  1],6,25,38,19,25
1,<environment.Job instance at 0x14ea44a42230>,5,2,[1 8],8,246,248,238,246
1,<environment.Job instance at 0x14ea48942690>,0,12,[1 9],2,2,14,0,2
1,<environment.Job instance at 0x14ea440e4af0>,2,12,[7 2],4,14,26,10,4
1,<environment.Job instance at 0x14ea44669730>,0,3,[2 9],1,1,4,0,1
1,<environment.Job instance at 0x14ea44669280>,2,15,[8 1],5,5,20,0,5
1,<environment.Job instance at 0x14ea442313c0>,3,15,[5 1],7,20,35,13,8
1,<environment.Job instance at 0x14ea445e4c80>,0,1,[5 2],1,1,2,0,1
1,<environment.Job instance at 0x14ea445e44b0>,1,3,[5 2],3,3,6,0,3
1,<environment.Job instance at 0x14ea43beed20>,2,18,[1 9],5,6,24,1,5
1,<environment.Job instance at 0x14ea454800a0>,0,24,[2 9],1,1,25,0,1
1,<environment.Job instance at 0x14ea473861e0>,1,3,[9 1],2,25,28,23,2
1,<environment.Job instance at 0x14ea4460f0a0>,1,18,[9 1],2,2,20,0,2
1,<environment.Job instance at 0x14ea535c63c0>,2,23,[1 7],3,3,26,0,3
1,<environment.Job instance at 0x14ea9b957d70>,4,17,[10  2],6,26,43,20,14
1,<environment.Job instance at 0x14ea44840f00>,2,26,[ 1 10],5,5,31,0,5
1,<environment.Job instance at 0x14ea69523410>,0,27,[10  2],1,1,28,0,1
1,<environment.Job instance at 0x14ea445335f0>,0,13,[1 6],2,2,15,0,2
1,<environment.Job instance at 0x14ea44533550>,1,18,[9 2],3,3,21,0,3
1,<environment.Job instance at 0x14ea451a9550>,2,16,[10  1],3,3,19,0,3
1,<environment.Job instance at 0x14ea53596cd0>,0,16,[1 6],2,2,18,0,2
1,<environment.Job instance at 0x14ea44264140>,0,13,[1 7],1,1,14,0,1
1,<environment.Job instance at 0x14ea44264730>,1,14,[7 2],2,4,18,2,4
1,<environment.Job instance at 0x14ea44264af0>,6,3,[2 5],8,14,17,6,8
1,<environment.Job instance at 0x14ea44264050>,2,1,[1 9],3,18,19,15,12
1,<environment.Job instance at 0x14ea4784bc30>,5,3,[2 5],8,8,11,0,8
1,<environment.Job instance at 0x14ea69e76e10>,2,1,[1 7],4,4,5,0,4
1,<environment.Job instance at 0x14ea69e76230>,3,3,[2 6],5,5,8,0,5
1,<environment.Job instance at 0x14ea43eb5500>,4,1,[5 1],6,6,7,0,6
1,<environment.Job instance at 0x14ea69e765f0>,5,3,[1 7],7,8,11,1,7
1,<environment.Job instance at 0x14ea43c472d0>,0,18,[2 9],1,1,19,0,1
1,<environment.Job instance at 0x14ea43c477d0>,2,3,[6 1],4,23,26,19,23
1,<environment.Job instance at 0x14ea69e7d640>,0,3,[2 5],1,1,4,0,1
1,<environment.Job instance at 0x14ea473795f0>,0,17,[2 8],1,1,18,0,1
1,<environment.Job instance at 0x14ea47379d20>,4,2,[1 8],7,18,20,11,7
1,<environment.Job instance at 0x14ea44aa5050>,5,3,[9 2],8,18,21,10,8
1,<environment.Job instance at 0x14ea43c96140>,0,17,[10  2],1,1,18,0,1
1,<environment.Job instance at 0x14ea534d8f50>,0,3,[2 9],1,1,4,0,1
1,<environment.Job instance at 0x14ea534d8aa0>,1,19,[8 2],2,4,23,2,2
1,<environment.Job instance at 0x14ea447c7a00>,0,13,[7 1],1,1,14,0,1
1,<environment.Job instance at 0x14ea489b3230>,2,17,[ 1 10],6,6,23,0,6
1,<environment.Job instance at 0x14ea6a5b0b40>,4,1,[1 5],9,165,166,156,165
1,<environment.Job instance at 0x14ea4469fb90>,2,14,[6 1],5,5,19,0,5
1,<environment.Job instance at 0x14ea4469f3c0>,3,17,[9 2],6,19,36,13,9
1,<environment.Job instance at 0x14ea48d4e8c0>,1,1,[ 2 10],2,2,3,0,2
1,<environment.Job instance at 0x14ea44124c80>,1,3,[5 1],2,2,5,0,2
1,<environment.Job instance at 0x14ea44124e10>,2,18,[10  1],5,5,23,0,5
1,<environment.Job instance at 0x14ea6a56c1e0>,4,1,[5 2],7,30,31,23,30
1,<environment.Job instance at 0x14ea529f81e0>,0,3,[2 9],2,2,5,0,2
1,<environment.Job instance at 0x14ea529f8730>,2,1,[2 7],5,6,7,1,6
1,<environment.Job instance at 0x14ea53596820>,4,28,[7 2],7,7,35,0,7
1,<environment.Job instance at 0x14ea53545370>,0,12,[5 2],1,3,15,2,3
1,<environment.Job instance at 0x14ea445eecd0>,2,3,[5 1],6,6,9,0,6
1,<environment.Job instance at 0x14ea445eeaf0>,4,3,[1 8],9,9,12,0,9
1,<environment.Job instance at 0x14ea43d79690>,0,19,[1 6],2,2,21,0,2
1,<environment.Job instance at 0x14ea43d79b40>,2,1,[5 2],5,5,6,0,5
1,<environment.Job instance at 0x14ea43ebd640>,3,2,[2 5],7,21,23,14,7
1,<environment.Job instance at 0x14ea534d0c30>,0,15,[10  1],2,2,17,0,2
1,<environment.Job instance at 0x14ea48c0fdc0>,3,14,[5 2],5,5,19,0,5
1,<environment.Job instance at 0x14ea43f574b0>,1,3,[8 1],3,28,31,25,28
1,<environment.Job instance at 0x14ea48c0faf0>,5,13,[9 2],9,62,75,53,62
1,<environment.Job instance at 0x14ea43d5de10>,0,13,[5 1],1,3,16,2,3
1,<environment.Job instance at 0x14ea43d5dbe0>,4,3,[6 1],7,16,19,9,14
1,<environment.Job instance at 0x14ea43d5dc80>,3,17,[2 6],5,21,38,16,21
1,<environment.Job instance at 0x14ea535670a0>,0,14,[6 1],1,1,15,0,1
1,<environment.Job instance at 0x14ea53567aa0>,3,18,[2 7],9,9,27,0,9
1,<environment.Job instance at 0x14ea445250f0>,1,3,[1 7],2,2,5,0,2
1,<environment.Job instance at 0x14ea43f5c190>,5,15,[1 6],9,139,154,130,139
1,<environment.Job instance at 0x14ea5359c230>,2,13,[10  2],4,4,17,0,4
1,<environment.Job instance at 0x14ea535a0870>,0,26,[2 8],1,1,27,0,1
1,<environment.Job instance at 0x14ea68077140>,3,12,[1 8],5,5,17,0,5
1,<environment.Job instance at 0x14ea447f83c0>,0,14,[1 6],1,1,15,0,1
1,<environment.Job instance at 0x14ea447f8e10>,4,2,[9 1],5,5,7,0,5
1,<environment.Job instance at 0x14ea444818c0>,6,3,[2 7],9,15,18,6,9
1,<environment.Job instance at 0x14ea489bcaa0>,5,3,[9 2],9,12,15,3,12
1,<environment.Job instance at 0x14ea4548c2d0>,1,18,[5 1],3,3,21,0,3
1,<environment.Job instance at 0x14ea4548c050>,4,16,[6 2],6,21,37,15,8
1,<environment.Job instance at 0x14ea4548cc30>,6,24,[1 7],8,8,32,0,8
1,<environment.Job instance at 0x14ea43c693c0>,0,26,[2 9],3,3,29,0,3
1,<environment.Job instance at 0x14ea43c696e0>,3,3,[8 1],6,7,10,1,7
1,<environment.Job instance at 0x14ea4447bdc0>,2,13,[8 2],9,9,22,0,9
1,<environment.Job instance at 0x14ea487e9b90>,3,13,[8 2],7,7,20,0,7
1,<environment.Job instance at 0x14ea47190aa0>,2,2,[2 8],4,4,6,0,4
1,<environment.Job instance at 0x14ea445e4be0>,5,17,[1 7],7,456,473,449,456
1,<environment.Job instance at 0x14ea4448da50>,1,2,[1 8],2,2,4,0,2
1,<environment.Job instance at 0x14ea6a120820>,5,1,[8 2],6,64,65,58,64
1,<environment.Job instance at 0x14ea440c10a0>,1,3,[2 8],2,2,5,0,2
1,<environment.Job instance at 0x14ea5009d870>,2,12,[2 9],5,5,17,0,5
1,<environment.Job instance at 0x14ea440c1780>,1,3,[6 2],6,6,9,0,6
1,<environment.Job instance at 0x14ea4722bd70>,1,3,[2 8],2,2,5,0,2
1,<environment.Job instance at 0x14ea4722b410>,2,12,[1 7],3,5,17,2,3
1,<environment.Job instance at 0x14ea473cddc0>,0,3,[1 9],3,3,6,0,3
1,<environment.Job instance at 0x14ea43ed1f50>,3,1,[ 2 10],6,6,7,0,6
1,<environment.Job instance at 0x14ea43ed18c0>,4,13,[8 1],7,7,20,0,7
1,<environment.Job instance at 0x14ea43ed1500>,6,25,[2 9],9,9,34,0,9
1,<environment.Job instance at 0x14ea4761df00>,2,15,[7 2],7,7,22,0,7
1,<environment.Job instance at 0x14ea45168af0>,0,13,[2 6],3,3,16,0,3
1,<environment.Job instance at 0x14ea44124dc0>,3,17,[1 9],6,16,33,10,6
1,<environment.Job instance at 0x14ea44124730>,5,2,[10  2],8,33,35,25,8
1,<environment.Job instance at 0x14ea43e2f460>,2,15,[2 6],5,5,20,0,5
1,<environment.Job instance at 0x14ea48bf7e10>,4,1,[1 8],8,22,23,14,22
1,<environment.Job instance at 0x14ea475f9f50>,0,14,[ 1 10],2,2,16,0,2
1,<environment.Job instance at 0x14ea47783c30>,1,3,[8 2],2,3,6,1,3
1,<environment.Job instance at 0x14ea47783640>,5,28,[1 5],8,8,36,0,8
1,<environment.Job instance at 0x14ea45243aa0>,0,3,[1 9],2,3,6,1,3
1,<environment.Job instance at 0x14ea6a5735a0>,2,15,[2 6],6,6,21,0,6
1,<environment.Job instance at 0x14ea45243c80>,3,3,[1 5],8,21,24,13,8
1,<environment.Job instance at 0x14ea441438c0>,1,3,[7 2],2,2,5,0,2
1,<environment.Job instance at 0x14ea441f2870>,2,18,[1 8],3,3,21,0,3
1,<environment.Job instance at 0x14ea44749dc0>,5,3,[10  1],8,33,36,25,33
1,<environment.Job instance at 0x14ea43f159b0>,1,1,[6 1],3,3,4,0,3
1,<environment.Job instance at 0x14ea43f15b40>,2,3,[5 2],4,4,7,0,4
1,<environment.Job instance at 0x14ea477457d0>,0,3,[7 1],1,1,4,0,1
1,<environment.Job instance at 0x14ea52ab8960>,2,3,[5 1],4,4,7,0,4
1,<environment.Job instance at 0x14ea443dda00>,0,3,[1 6],1,1,4,0,1
1,<environment.Job instance at 0x14ea443ddbe0>,3,19,[1 5],5,5,24,0,5
1,<environment.Job instance at 0x14ea48836460>,5,13,[6 2],8,13,26,5,13
1,<environment.Job instance at 0x14ea52aa2190>,2,12,[2 9],5,5,17,0,5
1,<environment.Job instance at 0x14ea4893a780>,0,1,[ 2 10],1,3,4,2,3
1,<environment.Job instance at 0x14ea443eb730>,3,3,[ 1 10],4,5,8,1,5
1,<environment.Job instance at 0x14ea443eb320>,5,17,[2 6],6,8,25,2,7
1,<environment.Job instance at 0x14ea443eb690>,7,2,[ 1 10],8,32,34,24,32
1,<environment.Job instance at 0x14ea443b5190>,0,3,[9 2],2,2,5,0,2
1,<environment.Job instance at 0x14ea43edea00>,0,23,[8 2],4,4,27,0,4
1,<environment.Job instance at 0x14ea6a142a00>,1,3,[1 5],5,5,8,0,5
1,<environment.Job instance at 0x14ea442fe1e0>,4,18,[10  1],8,27,45,19,16
1,<environment.Job instance at 0x14ea4445deb0>,1,16,[2 6],4,4,20,0,4
1,<environment.Job instance at 0x14ea44903320>,1,14,[2 7],5,5,19,0,5
1,<environment.Job instance at 0x14ea43e53f00>,3,3,[7 2],4,4,7,0,4
1,<environment.Job instance at 0x14ea980fd190>,1,16,[2 7],3,3,19,0,3
1,<environment.Job instance at 0x14ea4513ab40>,4,17,[6 2],7,7,24,0,7
1,<environment.Job instance at 0x14ea4440d7d0>,0,2,[2 9],2,2,4,0,2
1,<environment.Job instance at 0x14ea441c3e10>,3,2,[1 6],6,239,241,233,239
1,<environment.Job instance at 0x14ea45cd3b40>,0,3,[2 5],1,1,4,0,1
1,<environment.Job instance at 0x14ea4476f4b0>,1,16,[6 2],3,3,19,0,3
1,<environment.Job instance at 0x14ea4476f9b0>,3,14,[ 2 10],6,19,33,13,6
1,<environment.Job instance at 0x14ea695277d0>,5,14,[10  1],9,33,47,24,21
1,<environment.Job instance at 0x14ea47309370>,2,2,[2 9],4,4,6,0,4
1,<environment.Job instance at 0x14ea47309e10>,3,3,[7 2],5,6,9,1,5
1,<environment.Job instance at 0x14ea47309230>,4,12,[1 8],6,6,18,0,6
1,<environment.Job instance at 0x14ea471e2190>,0,27,[8 2],2,2,29,0,2
1,<environment.Job instance at 0x14ea44268b90>,3,12,[10  1],8,29,41,21,18
1,<environment.Job instance at 0x14ea4716d1e0>,1,24,[9 1],2,2,26,0,2
1,<environment.Job instance at 0x14ea4716daf0>,5,1,[6 1],7,53,54,46,53
1,<environment.Job instance at 0x14ea47218870>,3,17,[6 1],4,4,21,0,4
1,<environment.Job instance at 0x14ea44809460>,6,1,[6 2],8,21,22,13,13
1,<environment.Job instance at 0x14ea43bfa4b0>,5,3,[10  2],7,334,337,327,334
1,<environment.Job instance at 0x14ea4431f7d0>,1,12,[ 2 10],3,3,15,0,3
1,<environment.Job instance at 0x14ea4431fb90>,4,1,[6 1],6,15,16,9,7
1,<environment.Job instance at 0x14ea4431f9b0>,5,3,[6 1],8,16,19,8,8
1,<environment.Job instance at 0x14ea4431fc30>,6,1,[1 6],9,15,16,6,13
1,<environment.Job instance at 0x14ea44222e60>,0,16,[2 6],2,2,18,0,2
1,<environment.Job instance at 0x14ea48d45690>,2,17,[8 1],5,6,23,1,6
1,<environment.Job instance at 0x14ea48d456e0>,3,2,[7 2],6,23,25,17,14
1,<environment.Job instance at 0x14ea43e6e5f0>,1,14,[2 9],3,34,48,31,34
1,<environment.Job instance at 0x14ea44ae1be0>,3,3,[9 2],4,4,7,0,4
1,<environment.Job instance at 0x14ea44ae1aa0>,4,18,[1 8],5,5,23,0,5
1,<environment.Job instance at 0x14ea44ae1c30>,5,13,[9 2],6,7,20,1,6
1,<environment.Job instance at 0x14ea43c750a0>,0,18,[1 6],1,1,19,0,1
1,<environment.Job instance at 0x14ea43c75640>,1,18,[9 2],2,2,20,0,2
1,<environment.Job instance at 0x14ea444c5690>,1,15,[ 1 10],2,2,17,0,2
1,<environment.Job instance at 0x14ea445dee10>,2,17,[7 2],3,17,34,14,7
1,<environment.Job instance at 0x14ea4490e3c0>,0,27,[2 6],2,2,29,0,2
1,<environment.Job instance at 0x14ea44573b90>,0,28,[8 2],1,1,29,0,1
1,<environment.Job instance at 0x14ea6804ef50>,3,3,[1 7],5,5,8,0,5
1,<environment.Job instance at 0x14ea489b2460>,0,13,[6 1],1,2,15,1,2
1,<environment.Job instance at 0x14ea48841280>,3,13,[7 2],5,5,18,0,5
1,<environment.Job instance at 0x14ea45cd4c80>,3,25,[10  1],6,6,31,0,6
1,<environment.Job instance at 0x14ea4453bdc0>,0,15,[10  1],1,2,17,1,2
1,<environment.Job instance at 0x14ea4727ec80>,3,15,[1 9],5,5,20,0,5
1,<environment.Job instance at 0x14ea44648960>,7,2,[2 5],9,12,14,3,12
1,<environment.Job instance at 0x14ea44648f00>,6,1,[10  1],8,17,18,9,17
1,<environment.Job instance at 0x14ea43f3b230>,0,16,[2 8],2,2,18,0,2
1,<environment.Job instance at 0x14ea444c7af0>,0,16,[1 8],1,1,17,0,1
1,<environment.Job instance at 0x14ea43feaaa0>,0,16,[1 5],1,1,17,0,1
1,<environment.Job instance at 0x14ea43fea320>,4,17,[8 1],7,7,24,0,7
1,<environment.Job instance at 0x14ea44ad88c0>,2,15,[2 6],5,5,20,0,5
1,<environment.Job instance at 0x14ea43d45be0>,0,17,[1 5],2,2,19,0,2
1,<environment.Job instance at 0x14ea43d45f50>,3,14,[2 9],6,32,46,26,32
1,<environment.Job instance at 0x14ea534137d0>,5,3,[2 9],9,23,26,14,23
1,<environment.Job instance at 0x14ea44966dc0>,2,23,[8 2],3,3,26,0,3
1,<environment.Job instance at 0x14ea47366eb0>,2,23,[8 2],3,3,26,0,3
1,<environment.Job instance at 0x14ea4430c960>,2,20,[ 1 10],7,7,27,0,7
1,<environment.Job instance at 0x14ea48d07e10>,0,3,[9 2],2,2,5,0,2
1,<environment.Job instance at 0x14ea48d07a50>,2,1,[6 2],4,5,6,1,4
1,<environment.Job instance at 0x14ea44350460>,3,1,[2 9],8,8,9,0,8
1,<environment.Job instance at 0x14ea477ee2d0>,0,16,[2 5],1,1,17,0,1
1,<environment.Job instance at 0x14ea447a4b40>,2,12,[10  2],5,17,29,12,7
1,<environment.Job instance at 0x14ea43f11140>,0,18,[7 1],3,3,21,0,3
1,<environment.Job instance at 0x14ea48d68730>,3,17,[7 2],7,21,38,14,11
1,<environment.Job instance at 0x14ea44913140>,1,13,[8 2],2,5,18,3,5
1,<environment.Job instance at 0x14ea44913820>,2,3,[2 5],3,11,14,8,11
1,<environment.Job instance at 0x14ea43e154b0>,0,15,[10  2],1,1,16,0,1
1,<environment.Job instance at 0x14ea444c6280>,0,18,[6 2],1,1,19,0,1
1,<environment.Job instance at 0x14ea449eb500>,4,19,[2 8],6,6,25,0,6
1,<environment.Job instance at 0x14ea43e2d320>,2,17,[9 2],7,7,24,0,7
1,<environment.Job instance at 0x14ea680ba820>,1,3,[6 2],3,3,6,0,3
1,<environment.Job instance at 0x14ea444c7550>,2,3,[1 5],5,5,8,0,5
1,<environment.Job instance at 0x14ea444c7be0>,3,15,[2 5],6,6,21,0,6
1,<environment.Job instance at 0x14ea444c7230>,5,14,[7 1],8,17,31,9,17
1,<environment.Job instance at 0x14ea43e61af0>,3,3,[10  2],4,4,7,0,4
1,<environment.Job instance at 0x14ea43e61960>,4,2,[8 2],5,7,9,2,6
1,<environment.Job instance at 0x14ea451be1e0>,0,2,[9 1],1,1,3,0,1
1,<environment.Job instance at 0x14ea451bec30>,1,17,[7 2],2,3,20,1,2
1,<environment.Job instance at 0x14ea48d06e10>,1,3,[2 8],2,2,5,0,2
1,<environment.Job instance at 0x14ea489928c0>,4,28,[6 2],7,7,35,0,7
1,<environment.Job instance at 0x14ea441fa2d0>,0,3,[2 5],1,1,4,0,1
1,<environment.Job instance at 0x14ea441fa370>,1,13,[7 1],2,2,15,0,2
1,<environment.Job instance at 0x14ea48d22320>,3,14,[2 6],8,8,22,0,8
1,<environment.Job instance at 0x14ea451905f0>,0,3,[2 7],2,2,5,0,2
1,<environment.Job instance at 0x14ea45190f50>,2,14,[2 7],7,7,21,0,7
1,<environment.Job instance at 0x14ea476ea7d0>,1,13,[1 7],2,2,15,0,2
1,<environment.Job instance at 0x14ea476ea0f0>,4,2,[ 1 10],6,15,17,9,6
1,<environment.Job instance at 0x14ea476ea780>,5,17,[6 1],7,17,34,10,7
1,<environment.Job instance at 0x14ea4447dd70>,0,14,[9 2],1,1,15,0,1
1,<environment.Job instance at 0x14ea4447d5f0>,1,13,[2 9],2,15,28,13,2
1,<environment.Job instance at 0x14ea447d9690>,1,3,[7 1],4,4,7,0,4
1,<environment.Job instance at 0x14ea47396c80>,2,2,[9 2],5,5,7,0,5
1,<environment.Job instance at 0x14ea4733c460>,4,1,[2 7],7,7,8,0,7
1,<environment.Job instance at 0x14ea43faed70>,0,15,[1 7],2,2,17,0,2
1,<environment.Job instance at 0x14ea440dea00>,1,22,[8 1],4,5,27,1,5
1,<environment.Job instance at 0x14ea440dee10>,3,14,[6 1],6,28,42,22,28
1,<environment.Job instance at 0x14ea448264b0>,4,2,[ 2 10],5,5,7,0,5
1,<environment.Job instance at 0x14ea6a14f0a0>,5,3,[2 9],8,8,11,0,8
1,<environment.Job instance at 0x14ea44411cd0>,5,24,[1 5],6,10,34,4,10
1,<environment.Job instance at 0x14ea444110a0>,2,3,[6 2],3,58,61,55,58
1,<environment.Job instance at 0x14ea5359d4b0>,4,1,[6 2],7,311,312,304,311
1,<environment.Job instance at 0x14ea448851e0>,4,12,[1 6],7,8,20,1,8
1,<environment.Job instance at 0x14ea4738bc30>,0,13,[1 7],2,2,15,0,2
1,<environment.Job instance at 0x14ea44727e60>,0,15,[2 9],1,1,16,0,1
1,<environment.Job instance at 0x14ea44727b40>,2,14,[10  2],4,16,30,12,4
1,<environment.Job instance at 0x14ea478a8460>,0,13,[1 7],1,1,14,0,1
1,<environment.Job instance at 0x14ea43f91780>,1,16,[7 1],3,3,19,0,3
1,<environment.Job instance at 0x14ea69547e60>,3,21,[2 6],4,7,28,3,7
1,<environment.Job instance at 0x14ea52a5c960>,5,1,[ 1 10],8,34,35,26,34
1,<environment.Job instance at 0x14ea44580870>,0,1,[ 1 10],1,6,7,5,6
1,<environment.Job instance at 0x14ea52a5c730>,2,3,[7 2],7,7,10,0,7
1,<environment.Job instance at 0x14ea44580320>,3,3,[2 9],8,10,13,2,8
1,<environment.Job instance at 0x14ea44580910>,4,16,[2 7],9,13,29,4,9
1,<environment.Job instance at 0x14ea441a03c0>,1,19,[9 2],4,4,23,0,4
1,<environment.Job instance at 0x14ea4763f780>,1,3,[5 1],3,3,6,0,3
1,<environment.Job instance at 0x14ea4763f190>,3,2,[1 5],6,6,8,0,6
1,<environment.Job instance at 0x14ea4763faf0>,4,16,[7 1],8,8,24,0,8
1,<environment.Job instance at 0x14ea4492f5a0>,2,1,[1 6],3,3,4,0,3
1,<environment.Job instance at 0x14ea529a8a00>,3,17,[2 9],4,4,21,0,4
1,<environment.Job instance at 0x14ea44392c80>,0,14,[1 6],3,3,17,0,3
1,<environment.Job instance at 0x14ea43cbff50>,0,17,[1 9],2,2,19,0,2
1,<environment.Job instance at 0x14ea488e2b90>,4,1,[5 2],9,22,23,13,22
1,<environment.Job instance at 0x14ea4893f1e0>,4,21,[2 7],5,5,26,0,5
1,<environment.Job instance at 0x14ea4893fe10>,2,3,[2 5],6,6,9,0,6
1,<environment.Job instance at 0x14ea48d078c0>,1,3,[2 9],5,9,12,4,7
1,<environment.Job instance at 0x14ea4730ae60>,0,3,[2 9],1,1,4,0,1
1,<environment.Job instance at 0x14ea472efcd0>,3,23,[9 1],5,5,28,0,5
1,<environment.Job instance at 0x14ea47816a50>,0,2,[6 2],1,1,3,0,1
1,<environment.Job instance at 0x14ea47816aa0>,1,3,[1 8],3,3,6,0,3
1,<environment.Job instance at 0x14ea44100c80>,4,3,[1 7],7,7,10,0,7
1,<environment.Job instance at 0x14ea442655a0>,0,18,[1 5],1,1,19,0,1
1,<environment.Job instance at 0x14ea441bd2d0>,1,3,[10  2],4,35,38,31,35
1,<environment.Job instance at 0x14ea441bde60>,2,12,[5 2],5,38,50,33,36
1,<environment.Job instance at 0x14ea43fc15a0>,1,13,[9 1],3,7,20,4,7
1,<environment.Job instance at 0x14ea44429410>,0,19,[8 2],3,3,22,0,3
1,<environment.Job instance at 0x14ea44880280>,1,13,[1 5],4,4,17,0,4
1,<environment.Job instance at 0x14ea488f7dc0>,3,3,[ 2 10],5,5,8,0,5
1,<environment.Job instance at 0x14ea488f7500>,4,1,[2 9],6,8,9,2,6
1,<environment.Job instance at 0x14ea44023550>,0,18,[5 1],1,1,19,0,1
1,<environment.Job instance at 0x14ea48c77690>,4,2,[2 6],5,5,7,0,5
1,<environment.Job instance at 0x14ea48c770f0>,5,18,[6 2],6,19,37,13,8
1,<environment.Job instance at 0x14ea444390a0>,1,17,[1 5],3,6,23,3,6
1,<environment.Job instance at 0x14ea43d48640>,2,2,[10  2],4,42,44,38,42
1,<environment.Job instance at 0x14ea47708a50>,0,19,[7 1],1,1,20,0,1
1,<environment.Job instance at 0x14ea981860f0>,2,26,[1 8],4,4,30,0,4
1,<environment.Job instance at 0x14ea69e7dc80>,4,12,[2 5],8,8,20,0,8
1,<environment.Job instance at 0x14ea69e7d910>,1,3,[1 8],3,3,6,0,3
1,<environment.Job instance at 0x14ea69e7d5a0>,3,3,[6 1],5,5,8,0,5
1,<environment.Job instance at 0x14ea44309aa0>,4,18,[5 1],6,8,26,2,8
1,<environment.Job instance at 0x14ea53530910>,1,16,[2 8],2,2,18,0,2
1,<environment.Job instance at 0x14ea535300a0>,2,13,[1 6],3,18,31,15,3
1,<environment.Job instance at 0x14ea443dd0f0>,0,14,[2 5],2,2,16,0,2
1,<environment.Job instance at 0x14ea443dde10>,1,18,[6 2],4,4,22,0,4
1,<environment.Job instance at 0x14ea44317460>,3,18,[1 6],6,16,34,10,6
1,<environment.Job instance at 0x14ea44317c80>,4,16,[9 2],7,22,38,15,9
1,<environment.Job instance at 0x14ea478411e0>,2,2,[1 9],3,4,6,1,4
1,<environment.Job instance at 0x14ea47841050>,4,1,[2 8],6,7,8,1,7
1,<environment.Job instance at 0x14ea478418c0>,6,16,[8 2],8,8,24,0,8
1,<environment.Job instance at 0x14ea47841a00>,7,1,[2 9],9,24,25,15,9
1,<environment.Job instance at 0x14ea43c784b0>,2,20,[8 1],6,6,26,0,6
1,<environment.Job instance at 0x14ea47795320>,3,17,[5 2],7,26,43,19,14
1,<environment.Job instance at 0x14ea47795050>,5,3,[9 2],9,43,46,34,42
1,<environment.Job instance at 0x14ea477952d0>,1,23,[2 9],5,5,28,0,5
1,<environment.Job instance at 0x14ea44018410>,3,16,[5 1],7,28,44,21,28
1,<environment.Job instance at 0x14ea45246820>,0,1,[1 6],1,1,2,0,1
1,<environment.Job instance at 0x14ea45246c80>,2,26,[7 2],3,3,29,0,3
1,<environment.Job instance at 0x14ea43e17a50>,0,16,[2 8],1,1,17,0,1
1,<environment.Job instance at 0x14ea695dc230>,6,18,[ 2 10],8,17,35,9,8
1,<environment.Job instance at 0x14ea471715f0>,1,14,[7 1],2,2,16,0,2
1,<environment.Job instance at 0x14ea48d50eb0>,3,18,[2 9],5,5,23,0,5
1,<environment.Job instance at 0x14ea43f91410>,1,3,[5 1],2,2,5,0,2
1,<environment.Job instance at 0x14ea43f911e0>,4,14,[2 5],8,8,22,0,8
1,<environment.Job instance at 0x14ea443c9aa0>,0,13,[ 2 10],1,2,15,1,2
1,<environment.Job instance at 0x14ea443c9cd0>,2,1,[8 1],5,15,16,10,5
1,<environment.Job instance at 0x14ea447abc80>,2,1,[1 9],3,3,4,0,3
1,<environment.Job instance at 0x14ea447ab410>,3,1,[2 5],4,4,5,0,4
1,<environment.Job instance at 0x14ea44376a50>,0,3,[5 1],1,1,4,0,1
1,<environment.Job instance at 0x14ea47168370>,4,3,[5 1],7,7,10,0,7
1,<environment.Job instance at 0x14ea47758690>,0,17,[1 6],1,1,18,0,1
1,<environment.Job instance at 0x14ea4437b640>,0,13,[1 9],1,1,14,0,1
1,<environment.Job instance at 0x14ea48942c80>,4,14,[7 2],8,14,28,6,8
1,<environment.Job instance at 0x14ea47358f50>,1,28,[1 8],2,2,30,0,2
1,<environment.Job instance at 0x14ea47358e10>,3,23,[8 2],6,13,36,7,13
1,<environment.Job instance at 0x14ea47358aa0>,4,16,[2 5],7,30,46,23,24
1,<environment.Job instance at 0x14ea447f8550>,0,1,[1 8],1,6,7,5,6
1,<environment.Job instance at 0x14ea472028c0>,5,2,[2 9],7,8,10,1,8
1,<environment.Job instance at 0x14ea472025f0>,3,17,[10  2],4,34,51,30,34
1,<environment.Job instance at 0x14ea52bd72d0>,0,20,[1 6],1,2,22,1,2
1,<environment.Job instance at 0x14ea52bd7eb0>,2,3,[ 2 10],3,22,25,19,3
1,<environment.Job instance at 0x14ea52bd7960>,1,15,[9 2],2,3,18,1,3
1,<environment.Job instance at 0x14ea50047f50>,0,3,[10  2],1,1,4,0,1
1,<environment.Job instance at 0x14ea500479b0>,3,18,[10  2],6,6,24,0,6
1,<environment.Job instance at 0x14ea47708cd0>,1,3,[10  2],2,2,5,0,2
1,<environment.Job instance at 0x14ea47708140>,2,23,[8 2],3,5,28,2,3
1,<environment.Job instance at 0x14ea47365d20>,0,23,[1 7],1,1,24,0,1
1,<environment.Job instance at 0x14ea47365050>,1,18,[7 2],2,2,20,0,2
1,<environment.Job instance at 0x14ea448d41e0>,1,27,[1 9],2,2,29,0,2
1,<environment.Job instance at 0x14ea471b9e60>,0,24,[9 2],1,1,25,0,1
1,<environment.Job instance at 0x14ea471b9c30>,3,12,[10  1],4,25,37,21,9
1,<environment.Job instance at 0x14ea44904640>,3,3,[1 9],9,9,12,0,9
1,<environment.Job instance at 0x14ea446f0d20>,1,3,[10  1],5,5,8,0,5
1,<environment.Job instance at 0x14ea446f0690>,4,13,[1 6],9,9,22,0,9
