iteration,job object,job ID,job Length,job ressource requirement,job enter time,job start time,job finish time,job waiting time,current time
1,<environment.Job instance at 0x14ea44aa51e0>,3,1,[6 2],4,4,5,0,4
1,<environment.Job instance at 0x14ea44aa52d0>,4,2,[7 2],5,5,7,0,5
1,<environment.Job instance at 0x14ea44aa5320>,5,3,[9 2],6,7,10,1,6
1,<environment.Job instance at 0x14ea44aa5410>,7,1,[2 6],8,10,11,2,8
1,<environment.Job instance at 0x14ea44aa5690>,8,13,[6 1],9,18,31,9,18
1,<environment.Job instance at 0x14ea44aa86e0>,0,2,[6 1],1,1,3,0,1
1,<environment.Job instance at 0x14ea44aa85a0>,3,3,[1 8],4,10,13,6,10
1,<environment.Job instance at 0x14ea5131baf0>,5,2,[ 1 10],8,141,143,133,141
1,<environment.Job instance at 0x14ea47629be0>,3,3,[6 2],6,6,9,0,6
1,<environment.Job instance at 0x14ea47629690>,2,2,[10  1],5,24,26,19,24
1,<environment.Job instance at 0x14ea5342f7d0>,0,2,[8 1],1,1,3,0,1
1,<environment.Job instance at 0x14ea447274b0>,3,1,[2 7],5,5,6,0,5
1,<environment.Job instance at 0x14ea44727f00>,4,2,[2 7],6,6,8,0,6
1,<environment.Job instance at 0x14ea44727050>,5,2,[2 7],7,8,10,1,7
1,<environment.Job instance at 0x14ea52a98aa0>,0,3,[9 2],1,1,4,0,1
1,<environment.Job instance at 0x14ea52a984b0>,1,3,[2 9],2,4,7,2,3
1,<environment.Job instance at 0x14ea44727cd0>,2,1,[2 7],3,132,133,129,132
1,<environment.Job instance at 0x14ea441cd5f0>,5,25,[10  2],8,166,191,158,166
1,<environment.Job instance at 0x14ea441c5d20>,0,1,[8 1],1,1,2,0,1
1,<environment.Job instance at 0x14ea488050a0>,2,3,[1 6],3,3,6,0,3
1,<environment.Job instance at 0x14ea48805af0>,4,1,[10  1],6,60,61,54,60
1,<environment.Job instance at 0x14ea48805280>,6,3,[1 8],8,92,95,84,92
1,<environment.Job instance at 0x14ea477280f0>,0,26,[1 8],1,1,27,0,1
1,<environment.Job instance at 0x14ea4894a3c0>,1,2,[9 1],2,2,4,0,2
1,<environment.Job instance at 0x14ea4894a0a0>,3,16,[2 5],4,19,35,15,19
1,<environment.Job instance at 0x14ea4476f0a0>,1,3,[1 9],2,19,22,17,19
1,<environment.Job instance at 0x14ea69e16cd0>,3,2,[ 2 10],4,109,111,105,109
1,<environment.Job instance at 0x14ea69e16f50>,0,3,[6 2],3,3,6,0,3
1,<environment.Job instance at 0x14ea4427d690>,2,2,[2 5],5,5,7,0,5
1,<environment.Job instance at 0x14ea471dd910>,0,3,[ 2 10],1,1,4,0,1
1,<environment.Job instance at 0x14ea44851dc0>,2,1,[10  1],4,4,5,0,4
1,<environment.Job instance at 0x14ea445d0d70>,3,2,[ 1 10],5,5,7,0,5
1,<environment.Job instance at 0x14ea445d0eb0>,5,2,[1 8],8,100,102,92,100
1,<environment.Job instance at 0x14ea44851a50>,0,2,[1 9],3,3,5,0,3
1,<environment.Job instance at 0x14ea44128e60>,2,13,[ 1 10],3,3,16,0,3
1,<environment.Job instance at 0x14ea473ab6e0>,4,17,[1 9],6,16,33,10,6
1,<environment.Job instance at 0x14ea473ab3c0>,6,1,[2 8],8,33,34,25,10
1,<environment.Job instance at 0x14ea48d1c550>,0,1,[8 2],1,1,2,0,1
1,<environment.Job instance at 0x14ea695b77d0>,0,1,[8 1],1,1,2,0,1
1,<environment.Job instance at 0x14ea695b79b0>,1,3,[5 2],3,3,6,0,3
1,<environment.Job instance at 0x14ea451e24b0>,4,1,[1 6],6,6,7,0,6
1,<environment.Job instance at 0x14ea478cbe60>,1,1,[1 8],3,4,5,1,4
1,<environment.Job instance at 0x14ea478cbf50>,3,27,[1 8],5,5,32,0,5
1,<environment.Job instance at 0x14ea478cb6e0>,4,2,[1 8],6,32,34,26,6
1,<environment.Job instance at 0x14ea680763c0>,0,3,[1 9],1,1,4,0,1
1,<environment.Job instance at 0x14ea68076a50>,1,2,[7 2],2,4,6,2,2
1,<environment.Job instance at 0x14ea451a4690>,1,3,[ 2 10],3,4,7,1,4
1,<environment.Job instance at 0x14ea4444e5f0>,2,2,[1 9],5,7,9,2,5
1,<environment.Job instance at 0x14ea4440b0a0>,3,19,[ 1 10],5,7,26,2,7
1,<environment.Job instance at 0x14ea4440bf00>,5,3,[5 2],7,26,29,19,9
1,<environment.Job instance at 0x14ea4440b280>,4,2,[9 1],6,29,31,23,16
1,<environment.Job instance at 0x14ea69523d20>,6,24,[ 1 10],8,31,55,23,31
1,<environment.Job instance at 0x14ea44385280>,1,15,[1 7],2,2,17,0,2
1,<environment.Job instance at 0x14ea53489af0>,5,2,[8 2],8,45,47,37,45
1,<environment.Job instance at 0x14ea534896e0>,2,22,[2 9],4,4,26,0,4
1,<environment.Job instance at 0x14ea43faee60>,4,3,[1 6],6,68,71,62,68
1,<environment.Job instance at 0x14ea48c390a0>,2,1,[9 1],8,8,9,0,8
1,<environment.Job instance at 0x14ea48c39730>,3,12,[1 5],9,9,21,0,9
1,<environment.Job instance at 0x14ea48c39640>,0,1,[9 1],2,2,3,0,2
1,<environment.Job instance at 0x14ea447e51e0>,1,2,[8 1],3,3,5,0,3
1,<environment.Job instance at 0x14ea9b955460>,5,2,[10  2],8,255,257,247,255
1,<environment.Job instance at 0x14ea9b955460>,3,3,[ 1 10],8,279,282,271,279
1,<environment.Job instance at 0x14ea443baa50>,1,2,[7 2],4,4,6,0,4
1,<environment.Job instance at 0x14ea443bac80>,2,2,[2 5],5,5,7,0,5
1,<environment.Job instance at 0x14ea4718ad20>,4,20,[9 1],7,11,31,4,11
1,<environment.Job instance at 0x14ea52a7feb0>,6,2,[5 2],9,66,68,57,66
1,<environment.Job instance at 0x14ea46726320>,2,15,[2 8],3,3,18,0,3
1,<environment.Job instance at 0x14ea46726910>,3,16,[1 7],4,18,34,14,5
1,<environment.Job instance at 0x14ea48810af0>,7,16,[1 7],9,48,64,39,48
1,<environment.Job instance at 0x14ea529c8d20>,2,1,[5 2],3,73,74,70,73
1,<environment.Job instance at 0x14ea443246e0>,4,3,[1 7],5,232,235,227,232
1,<environment.Job instance at 0x14ea47f494b0>,0,1,[1 6],2,2,3,0,2
1,<environment.Job instance at 0x14ea69591eb0>,2,2,[10  1],4,4,6,0,4
1,<environment.Job instance at 0x14ea69591640>,3,3,[2 7],5,6,9,1,5
1,<environment.Job instance at 0x14ea69591140>,5,1,[2 5],9,9,10,0,9
1,<environment.Job instance at 0x14ea52979780>,1,2,[7 2],4,4,6,0,4
1,<environment.Job instance at 0x14ea47241f00>,2,3,[ 2 10],6,6,9,0,6
1,<environment.Job instance at 0x14ea47241aa0>,4,2,[2 5],9,10,12,1,10
1,<environment.Job instance at 0x14ea47241aa0>,1,2,[ 1 10],2,2,4,0,2
1,<environment.Job instance at 0x14ea529b33c0>,2,21,[1 6],3,4,25,1,3
1,<environment.Job instance at 0x14ea47744d70>,7,3,[5 1],9,9,12,0,9
1,<environment.Job instance at 0x14ea477449b0>,4,13,[5 2],6,31,44,25,31
1,<environment.Job instance at 0x14ea476a49b0>,3,1,[8 2],9,38,39,29,38
1,<environment.Job instance at 0x14ea4723aa50>,0,2,[9 2],2,2,4,0,2
1,<environment.Job instance at 0x14ea4471ee10>,2,2,[8 2],5,5,7,0,5
1,<environment.Job instance at 0x14ea535781e0>,3,16,[2 8],6,1329,1345,1323,1329
1,<environment.Job instance at 0x14ea52a985f0>,0,1,[10  1],1,1,2,0,1
1,<environment.Job instance at 0x14ea52a98960>,4,2,[1 6],7,9,11,2,9
1,<environment.Job instance at 0x14ea446f08c0>,3,1,[7 2],6,6,7,0,6
1,<environment.Job instance at 0x14ea446f0b90>,4,3,[9 1],7,7,10,0,7
1,<environment.Job instance at 0x14ea529b5730>,2,2,[ 1 10],4,4,6,0,4
1,<environment.Job instance at 0x14ea529b5370>,3,3,[10  2],5,6,9,1,5
1,<environment.Job instance at 0x14ea529b5af0>,4,2,[2 9],6,9,11,3,6
1,<environment.Job instance at 0x14ea471a4230>,5,3,[9 1],9,11,14,2,9
1,<environment.Job instance at 0x14ea4481f3c0>,1,16,[1 5],3,3,19,0,3
1,<environment.Job instance at 0x14ea449e6370>,3,14,[1 6],7,114,128,107,114
1,<environment.Job instance at 0x14ea52a0c730>,4,2,[5 1],8,190,192,182,190
1,<environment.Job instance at 0x14ea5343c690>,0,2,[6 1],1,1,3,0,1
1,<environment.Job instance at 0x14ea5343cd70>,3,2,[5 2],5,8,10,3,8
1,<environment.Job instance at 0x14ea5343cc80>,4,3,[1 7],6,38,41,32,38
1,<environment.Job instance at 0x14ea5343c9b0>,6,1,[7 2],9,38,39,29,38
1,<environment.Job instance at 0x14ea534c93c0>,2,14,[1 9],3,3,17,0,3
1,<environment.Job instance at 0x14ea534495f0>,5,19,[1 6],8,44,63,36,44
1,<environment.Job instance at 0x14ea488f40f0>,1,3,[8 1],2,2,5,0,2
1,<environment.Job instance at 0x14ea488f43c0>,2,3,[8 1],6,6,9,0,6
1,<environment.Job instance at 0x14ea488f4320>,3,1,[10  1],7,9,10,2,7
1,<environment.Job instance at 0x14ea448eac30>,1,16,[2 8],2,2,18,0,2
1,<environment.Job instance at 0x14ea43ea10f0>,3,1,[2 6],6,18,19,12,6
1,<environment.Job instance at 0x14ea4473d280>,4,2,[1 5],8,19,21,11,13
1,<environment.Job instance at 0x14ea43ea12d0>,1,1,[5 1],3,3,4,0,3
1,<environment.Job instance at 0x14ea476fd960>,3,2,[1 9],5,5,7,0,5
1,<environment.Job instance at 0x14ea43e8fcd0>,5,1,[1 8],9,9,10,0,9
1,<environment.Job instance at 0x14ea5132cf00>,1,2,[8 2],2,2,4,0,2
1,<environment.Job instance at 0x14ea44287050>,3,3,[10  1],5,5,8,0,5
1,<environment.Job instance at 0x14ea44287fa0>,4,2,[1 7],6,8,10,2,6
1,<environment.Job instance at 0x14ea442870a0>,6,25,[1 9],8,10,35,2,8
1,<environment.Job instance at 0x14ea69e850f0>,0,2,[1 5],2,2,4,0,2
1,<environment.Job instance at 0x14ea44561500>,2,1,[2 8],4,4,5,0,4
1,<environment.Job instance at 0x14ea44561730>,3,1,[8 2],5,5,6,0,5
1,<environment.Job instance at 0x14ea69e85730>,5,23,[2 9],8,9,32,1,9
1,<environment.Job instance at 0x14ea52b80dc0>,1,2,[1 7],4,4,6,0,4
1,<environment.Job instance at 0x14ea52b807d0>,4,3,[1 6],7,209,212,202,209
1,<environment.Job instance at 0x14ea478600f0>,1,16,[2 8],2,2,18,0,2
1,<environment.Job instance at 0x14ea47860fa0>,5,17,[2 9],6,604,621,598,604
1,<environment.Job instance at 0x14ea448a5fa0>,1,3,[5 1],2,2,5,0,2
1,<environment.Job instance at 0x14ea44026a50>,4,3,[ 1 10],7,7,10,0,7
1,<environment.Job instance at 0x14ea44026960>,6,19,[5 2],9,37,56,28,37
1,<environment.Job instance at 0x14ea473ce640>,1,3,[10  2],2,2,5,0,2
1,<environment.Job instance at 0x14ea473cedc0>,2,2,[5 2],3,5,7,2,3
1,<environment.Job instance at 0x14ea473ceaf0>,3,15,[1 8],5,5,20,0,5
1,<environment.Job instance at 0x14ea43e34dc0>,1,1,[6 2],2,2,3,0,2
1,<environment.Job instance at 0x14ea43e345f0>,2,2,[1 5],3,3,5,0,3
1,<environment.Job instance at 0x14ea43e34230>,3,1,[1 7],4,5,6,1,4
1,<environment.Job instance at 0x14ea43e34cd0>,4,3,[2 7],5,6,9,1,5
1,<environment.Job instance at 0x14ea43e34780>,6,1,[1 9],8,9,10,1,8
1,<environment.Job instance at 0x14ea43e34640>,7,1,[2 5],9,10,11,1,9
1,<environment.Job instance at 0x14ea43d86b90>,0,1,[2 6],1,1,2,0,1
1,<environment.Job instance at 0x14ea43d866e0>,5,14,[1 6],8,8,22,0,8
1,<environment.Job instance at 0x14ea43ea5640>,2,12,[9 2],3,3,15,0,3
1,<environment.Job instance at 0x14ea43ea5730>,3,2,[2 6],4,15,17,11,9
1,<environment.Job instance at 0x14ea43ea50a0>,5,2,[10  2],6,42,44,36,42
1,<environment.Job instance at 0x14ea43cb73c0>,1,2,[7 2],3,3,5,0,3
1,<environment.Job instance at 0x14ea43cb77d0>,2,13,[5 1],4,7,20,3,7
1,<environment.Job instance at 0x14ea43cb7a50>,5,1,[2 5],7,110,111,103,110
1,<environment.Job instance at 0x14ea473c8af0>,4,3,[7 1],9,10,13,1,10
1,<environment.Job instance at 0x14ea489414b0>,2,1,[ 2 10],3,20,21,17,20
1,<environment.Job instance at 0x14ea4881cb40>,2,3,[2 9],3,3,6,0,3
1,<environment.Job instance at 0x14ea53567910>,3,23,[1 6],4,6,29,2,4
1,<environment.Job instance at 0x14ea44594910>,0,3,[6 1],2,2,5,0,2
1,<environment.Job instance at 0x14ea44594820>,1,3,[8 1],3,5,8,2,3
1,<environment.Job instance at 0x14ea52a537d0>,4,1,[1 8],8,11,12,3,11
1,<environment.Job instance at 0x14ea472c1460>,1,3,[5 2],3,3,6,0,3
1,<environment.Job instance at 0x14ea52a533c0>,2,12,[1 5],4,5,17,1,5
1,<environment.Job instance at 0x14ea52a53730>,4,3,[8 1],6,6,9,0,6
1,<environment.Job instance at 0x14ea47229f50>,5,3,[2 6],9,17,20,8,9
1,<environment.Job instance at 0x14ea440b6050>,2,3,[2 9],7,7,10,0,7
1,<environment.Job instance at 0x14ea440b65a0>,4,1,[5 2],9,22,23,13,22
1,<environment.Job instance at 0x14ea471a4050>,1,2,[ 1 10],3,3,5,0,3
1,<environment.Job instance at 0x14ea471a4a50>,2,16,[ 2 10],5,5,21,0,5
1,<environment.Job instance at 0x14ea471a4910>,3,3,[10  2],6,21,24,15,6
1,<environment.Job instance at 0x14ea476c7190>,0,1,[8 1],3,3,4,0,3
1,<environment.Job instance at 0x14ea476c7dc0>,1,2,[6 2],5,5,7,0,5
1,<environment.Job instance at 0x14ea476c7a50>,2,1,[6 2],6,7,8,1,6
1,<environment.Job instance at 0x14ea47755870>,1,1,[2 8],3,3,4,0,3
1,<environment.Job instance at 0x14ea47755be0>,2,2,[7 2],4,4,6,0,4
1,<environment.Job instance at 0x14ea47755eb0>,5,14,[2 8],7,12,26,5,12
1,<environment.Job instance at 0x14ea47755dc0>,4,3,[9 1],6,26,29,20,12
1,<environment.Job instance at 0x14ea47755230>,6,2,[5 2],8,69,71,61,69
1,<environment.Job instance at 0x14ea47755140>,1,2,[6 1],3,3,5,0,3
1,<environment.Job instance at 0x14ea52abf5f0>,3,3,[9 2],6,6,9,0,6
1,<environment.Job instance at 0x14ea52a63140>,4,2,[5 1],7,9,11,2,7
1,<environment.Job instance at 0x14ea52a632d0>,5,17,[1 9],8,9,26,1,8
1,<environment.Job instance at 0x14ea52a63f00>,6,3,[9 2],9,26,29,17,9
1,<environment.Job instance at 0x14ea4890a9b0>,2,1,[5 1],7,16,17,9,16
1,<environment.Job instance at 0x14ea48d6d2d0>,0,2,[1 8],1,1,3,0,1
1,<environment.Job instance at 0x14ea48d6d910>,1,1,[10  2],2,3,4,1,2
1,<environment.Job instance at 0x14ea48d6deb0>,2,3,[2 8],3,4,7,1,3
1,<environment.Job instance at 0x14ea48d6daf0>,3,15,[2 7],4,7,22,3,5
1,<environment.Job instance at 0x14ea43c0e550>,1,2,[8 1],4,4,6,0,4
1,<environment.Job instance at 0x14ea445770f0>,2,16,[1 8],5,6,22,1,6
1,<environment.Job instance at 0x14ea44577b40>,3,2,[9 1],6,7,9,1,7
1,<environment.Job instance at 0x14ea44577140>,4,1,[ 2 10],7,22,23,15,7
1,<environment.Job instance at 0x14ea4548c050>,1,3,[10  1],2,2,5,0,2
1,<environment.Job instance at 0x14ea4548c320>,2,3,[2 6],3,5,8,2,3
1,<environment.Job instance at 0x14ea4548cb90>,5,27,[10  1],6,8,35,2,6
1,<environment.Job instance at 0x14ea4548c550>,6,2,[7 2],7,35,37,28,8
1,<environment.Job instance at 0x14ea471d4eb0>,1,3,[6 2],4,5,8,1,5
1,<environment.Job instance at 0x14ea471d4dc0>,5,2,[8 2],9,30,32,21,30
1,<environment.Job instance at 0x14ea98106cd0>,3,2,[2 8],4,4,6,0,4
1,<environment.Job instance at 0x14ea981066e0>,4,2,[5 1],5,5,7,0,5
1,<environment.Job instance at 0x14ea69e700a0>,1,3,[7 1],2,2,5,0,2
1,<environment.Job instance at 0x14ea69e70140>,2,3,[7 2],3,5,8,2,4
1,<environment.Job instance at 0x14ea69e70280>,3,14,[1 5],5,8,22,3,8
1,<environment.Job instance at 0x14ea9b924eb0>,4,12,[2 6],7,22,34,15,8
1,<environment.Job instance at 0x14ea69e70550>,5,1,[9 1],9,9,10,0,9
1,<environment.Job instance at 0x14ea44213e10>,2,16,[1 6],5,5,21,0,5
1,<environment.Job instance at 0x14ea44213b90>,3,2,[10  2],7,21,23,14,7
1,<environment.Job instance at 0x14ea44213050>,4,3,[1 7],8,23,26,15,8
1,<environment.Job instance at 0x14ea43fe21e0>,0,1,[10  2],1,1,2,0,1
1,<environment.Job instance at 0x14ea43fe2e10>,1,2,[7 2],2,2,4,0,2
1,<environment.Job instance at 0x14ea43fe25a0>,3,3,[1 5],4,5,8,1,5
1,<environment.Job instance at 0x14ea43fe28c0>,4,12,[2 9],6,9,21,3,9
1,<environment.Job instance at 0x14ea69554af0>,2,19,[2 5],4,4,23,0,4
1,<environment.Job instance at 0x14ea695549b0>,3,17,[2 9],5,23,40,18,12
1,<environment.Job instance at 0x14ea448880a0>,4,1,[1 7],6,483,484,477,483
1,<environment.Job instance at 0x14ea448869b0>,1,2,[1 9],3,3,5,0,3
1,<environment.Job instance at 0x14ea44411eb0>,2,2,[7 2],4,5,7,1,4
1,<environment.Job instance at 0x14ea44411190>,3,3,[5 2],6,7,10,1,6
1,<environment.Job instance at 0x14ea44411050>,5,1,[8 1],8,10,11,2,8
1,<environment.Job instance at 0x14ea4488c0a0>,0,1,[10  1],2,2,3,0,2
1,<environment.Job instance at 0x14ea4488c780>,3,25,[9 1],5,25,50,20,25
1,<environment.Job instance at 0x14ea53504dc0>,1,3,[ 2 10],4,4,7,0,4
1,<environment.Job instance at 0x14ea535bab40>,2,1,[10  2],6,7,8,1,6
1,<environment.Job instance at 0x14ea535ba4b0>,3,16,[6 2],7,8,24,1,7
1,<environment.Job instance at 0x14ea535bae60>,4,14,[2 5],8,8,22,0,8
1,<environment.Job instance at 0x14ea535ba820>,5,1,[6 2],9,24,25,15,9
1,<environment.Job instance at 0x14ea43c984b0>,2,2,[10  2],3,3,5,0,3
1,<environment.Job instance at 0x14ea43c98280>,1,17,[2 5],2,5,22,3,4
1,<environment.Job instance at 0x14ea477a71e0>,4,2,[5 2],6,6,8,0,6
1,<environment.Job instance at 0x14ea477a7050>,5,2,[5 1],7,8,10,1,7
1,<environment.Job instance at 0x14ea477a7910>,6,1,[1 7],8,22,23,14,8
1,<environment.Job instance at 0x14ea4897af00>,1,1,[6 2],2,2,3,0,2
1,<environment.Job instance at 0x14ea4897a4b0>,2,1,[5 1],3,3,4,0,3
1,<environment.Job instance at 0x14ea4897a550>,5,2,[9 1],7,7,9,0,7
1,<environment.Job instance at 0x14ea4897a230>,4,3,[2 6],6,9,12,3,9
1,<environment.Job instance at 0x14ea50064820>,0,2,[9 2],1,1,3,0,1
1,<environment.Job instance at 0x14ea50064910>,1,3,[5 1],2,3,6,1,2
1,<environment.Job instance at 0x14ea50064c80>,2,2,[ 1 10],3,6,8,3,3
1,<environment.Job instance at 0x14ea500646e0>,5,1,[8 2],8,13,14,5,13
1,<environment.Job instance at 0x14ea4412ae60>,1,16,[6 1],2,6,22,4,6
1,<environment.Job instance at 0x14ea52baf500>,0,2,[10  2],1,1,3,0,1
1,<environment.Job instance at 0x14ea5295d280>,2,25,[ 1 10],4,4,29,0,4
1,<environment.Job instance at 0x14ea43e9d730>,1,1,[5 1],2,2,3,0,2
1,<environment.Job instance at 0x14ea43e9d6e0>,3,3,[5 2],4,5,8,1,5
1,<environment.Job instance at 0x14ea5351c1e0>,5,3,[1 5],6,6,9,0,6
1,<environment.Job instance at 0x14ea43e9dc30>,6,2,[2 5],8,9,11,1,9
1,<environment.Job instance at 0x14ea47699960>,1,15,[ 2 10],2,3,18,1,3
1,<environment.Job instance at 0x14ea47699d20>,2,3,[10  2],3,20,23,17,20
1,<environment.Job instance at 0x14ea47699b90>,4,17,[1 7],6,154,171,148,154
1,<environment.Job instance at 0x14ea53441410>,1,15,[2 9],2,2,17,0,2
1,<environment.Job instance at 0x14ea53519f00>,2,2,[10  1],3,17,19,14,3
1,<environment.Job instance at 0x14ea53519e60>,6,1,[6 1],8,10,11,2,10
1,<environment.Job instance at 0x14ea4491f6e0>,1,1,[8 1],3,3,4,0,3
1,<environment.Job instance at 0x14ea44b050a0>,2,1,[5 1],5,5,6,0,5
1,<environment.Job instance at 0x14ea4491f5f0>,3,2,[7 2],6,6,8,0,6
1,<environment.Job instance at 0x14ea43f3bcd0>,0,3,[7 2],1,1,4,0,1
1,<environment.Job instance at 0x14ea43f3b370>,1,1,[6 1],3,4,5,1,3
1,<environment.Job instance at 0x14ea472cda50>,0,2,[7 2],1,1,3,0,1
1,<environment.Job instance at 0x14ea44391320>,1,1,[1 5],3,3,4,0,3
1,<environment.Job instance at 0x14ea45cd3be0>,5,2,[1 9],8,8,10,0,8
1,<environment.Job instance at 0x14ea45cd3aa0>,6,14,[1 6],9,11,25,2,11
1,<environment.Job instance at 0x14ea43d3fe10>,0,1,[2 9],2,2,3,0,2
1,<environment.Job instance at 0x14ea43d3f2d0>,1,2,[10  2],3,3,5,0,3
1,<environment.Job instance at 0x14ea43d3f780>,2,1,[6 1],6,6,7,0,6
1,<environment.Job instance at 0x14ea43d3f6e0>,3,1,[7 2],8,8,9,0,8
1,<environment.Job instance at 0x14ea43d3ff00>,4,2,[2 7],9,9,11,0,9
1,<environment.Job instance at 0x14ea45480460>,2,1,[10  1],4,5,6,1,5
1,<environment.Job instance at 0x14ea48831500>,2,1,[9 2],6,13,14,7,13
1,<environment.Job instance at 0x14ea500a3c80>,0,3,[6 2],2,2,5,0,2
1,<environment.Job instance at 0x14ea5004de10>,6,2,[10  2],9,9,11,0,9
1,<environment.Job instance at 0x14ea500a36e0>,5,1,[8 1],8,608,609,600,608
1,<environment.Job instance at 0x14ea48c1b640>,0,3,[9 2],1,1,4,0,1
1,<environment.Job instance at 0x14ea5004d7d0>,1,1,[6 2],3,4,5,1,3
1,<environment.Job instance at 0x14ea447b4910>,2,2,[ 1 10],4,5,7,1,4
1,<environment.Job instance at 0x14ea447b4550>,3,2,[2 7],5,7,9,2,5
1,<environment.Job instance at 0x14ea4716df50>,0,17,[1 8],4,4,21,0,4
1,<environment.Job instance at 0x14ea52afd370>,2,2,[6 2],4,4,6,0,4
1,<environment.Job instance at 0x14ea52afdbe0>,3,3,[9 1],5,6,9,1,5
1,<environment.Job instance at 0x14ea52afd870>,5,14,[ 2 10],7,10,24,3,10
1,<environment.Job instance at 0x14ea43d2e6e0>,0,1,[6 1],1,1,2,0,1
1,<environment.Job instance at 0x14ea43d2eb40>,3,1,[ 1 10],4,58,59,54,58
1,<environment.Job instance at 0x14ea6a5066e0>,2,1,[5 2],3,3,4,0,3
1,<environment.Job instance at 0x14ea6a506910>,5,13,[6 2],7,10,23,3,10
1,<environment.Job instance at 0x14ea6a5064b0>,6,17,[ 2 10],8,23,40,15,12
1,<environment.Job instance at 0x14ea6a5065f0>,7,2,[7 1],9,153,155,144,153
1,<environment.Job instance at 0x14ea6a5065f0>,3,2,[1 7],5,5,7,0,5
1,<environment.Job instance at 0x14ea44492c80>,6,13,[2 5],8,8,21,0,8
1,<environment.Job instance at 0x14ea444922d0>,7,2,[1 8],9,21,23,12,9
1,<environment.Job instance at 0x14ea444920f0>,5,13,[10  1],7,23,36,16,10
1,<environment.Job instance at 0x14ea43d481e0>,0,2,[9 2],3,3,5,0,3
1,<environment.Job instance at 0x14ea45ce55a0>,1,1,[8 1],3,3,4,0,3
1,<environment.Job instance at 0x14ea45ce5140>,3,12,[7 2],6,71,83,65,71
1,<environment.Job instance at 0x14ea5009d910>,0,15,[ 2 10],2,2,17,0,2
1,<environment.Job instance at 0x14ea5009d280>,2,2,[7 2],4,17,19,13,4
1,<environment.Job instance at 0x14ea43e15d20>,5,1,[6 1],9,27,28,18,27
1,<environment.Job instance at 0x14ea535c88c0>,2,1,[6 2],4,4,5,0,4
1,<environment.Job instance at 0x14ea535c8910>,1,12,[9 1],2,5,17,3,5
1,<environment.Job instance at 0x14ea47237a00>,4,3,[1 6],6,6,9,0,6
1,<environment.Job instance at 0x14ea47237820>,6,2,[2 7],8,17,19,9,8
1,<environment.Job instance at 0x14ea47237780>,3,1,[6 1],5,17,18,12,10
1,<environment.Job instance at 0x14ea47237230>,7,22,[ 2 10],9,19,41,10,12
1,<environment.Job instance at 0x14ea47190c80>,0,2,[1 7],1,1,3,0,1
1,<environment.Job instance at 0x14ea47190a50>,2,2,[6 2],3,3,5,0,3
1,<environment.Job instance at 0x14ea6a1b8dc0>,3,1,[7 1],6,6,7,0,6
1,<environment.Job instance at 0x14ea47190820>,4,2,[5 2],7,7,9,0,7
1,<environment.Job instance at 0x14ea47190e10>,6,16,[9 2],9,19,35,10,19
1,<environment.Job instance at 0x14ea69544d70>,1,3,[5 2],2,2,5,0,2
1,<environment.Job instance at 0x14ea48d32280>,2,1,[2 6],3,3,4,0,3
1,<environment.Job instance at 0x14ea48d32820>,3,2,[10  2],4,5,7,1,4
1,<environment.Job instance at 0x14ea447b47d0>,1,1,[2 5],2,2,3,0,2
1,<environment.Job instance at 0x14ea447b4eb0>,4,3,[1 8],6,6,9,0,6
1,<environment.Job instance at 0x14ea43bf5780>,5,13,[7 1],7,8,21,1,8
1,<environment.Job instance at 0x14ea52a3ceb0>,1,27,[1 9],2,2,29,0,2
1,<environment.Job instance at 0x14ea52a3c050>,2,1,[9 1],3,3,4,0,3
1,<environment.Job instance at 0x14ea4738ef00>,4,1,[10  2],5,29,30,24,5
1,<environment.Job instance at 0x14ea43e2f550>,1,1,[7 1],3,3,4,0,3
1,<environment.Job instance at 0x14ea43e2f4b0>,4,1,[2 6],7,213,214,206,213
1,<environment.Job instance at 0x14ea43e2faa0>,5,3,[1 5],8,2763,2766,2755,2763
1,<environment.Job instance at 0x14ea47276640>,2,3,[2 8],3,3,6,0,3
1,<environment.Job instance at 0x14ea47276410>,3,2,[7 1],4,4,6,0,4
1,<environment.Job instance at 0x14ea471a48c0>,5,1,[1 7],8,8,9,0,8
1,<environment.Job instance at 0x14ea44261690>,1,2,[5 1],3,3,5,0,3
1,<environment.Job instance at 0x14ea448d85f0>,2,2,[ 2 10],4,5,7,1,4
1,<environment.Job instance at 0x14ea448d89b0>,3,3,[5 1],5,7,10,2,5
1,<environment.Job instance at 0x14ea448d81e0>,4,1,[1 9],7,7,8,0,7
1,<environment.Job instance at 0x14ea69583a50>,5,1,[2 7],8,8,9,0,8
1,<environment.Job instance at 0x14ea69583a00>,6,2,[1 8],9,9,11,0,9
1,<environment.Job instance at 0x14ea47669960>,1,2,[ 2 10],3,4,6,1,4
1,<environment.Job instance at 0x14ea535dcf00>,1,1,[9 2],2,2,3,0,2
1,<environment.Job instance at 0x14ea535dc140>,2,1,[2 8],3,4,5,1,4
1,<environment.Job instance at 0x14ea535dc3c0>,3,1,[5 1],4,5,6,1,5
1,<environment.Job instance at 0x14ea535dcc30>,4,1,[8 1],6,6,7,0,6
1,<environment.Job instance at 0x14ea535dc9b0>,5,1,[1 8],8,8,9,0,8
1,<environment.Job instance at 0x14ea535dce10>,6,1,[2 9],9,9,10,0,9
1,<environment.Job instance at 0x14ea488895f0>,1,1,[8 1],2,2,3,0,2
1,<environment.Job instance at 0x14ea48889c30>,2,13,[2 8],3,3,16,0,3
1,<environment.Job instance at 0x14ea472d9b90>,2,1,[5 1],3,3,4,0,3
1,<environment.Job instance at 0x14ea440eaaf0>,0,2,[7 2],1,1,3,0,1
1,<environment.Job instance at 0x14ea440ea140>,2,22,[5 1],5,6,28,1,6
1,<environment.Job instance at 0x14ea695445f0>,3,1,[2 8],7,8,9,1,8
1,<environment.Job instance at 0x14ea69544960>,4,3,[2 7],8,9,12,1,8
1,<environment.Job instance at 0x14ea47335410>,1,2,[1 7],2,17,19,15,17
1,<environment.Job instance at 0x14ea48d24280>,6,17,[1 8],8,135,152,127,135
1,<environment.Job instance at 0x14ea6958d370>,3,2,[9 1],5,5,7,0,5
1,<environment.Job instance at 0x14ea6958db40>,4,3,[9 2],6,7,10,1,6
1,<environment.Job instance at 0x14ea6958d0f0>,6,2,[2 6],9,10,12,1,9
1,<environment.Job instance at 0x14ea47685b90>,0,1,[2 7],1,2,3,1,2
1,<environment.Job instance at 0x14ea47685c30>,1,2,[2 6],2,3,5,1,3
1,<environment.Job instance at 0x14ea47685690>,3,2,[5 1],5,5,7,0,5
1,<environment.Job instance at 0x14ea52b4f640>,4,2,[8 2],6,7,9,1,6
1,<environment.Job instance at 0x14ea52b4faa0>,6,14,[1 9],9,13,27,4,13
1,<environment.Job instance at 0x14ea4716da50>,2,15,[2 5],3,3,18,0,3
1,<environment.Job instance at 0x14ea4716d8c0>,1,12,[2 9],2,18,30,16,3
1,<environment.Job instance at 0x14ea4716d190>,3,3,[1 6],4,30,33,26,4
1,<environment.Job instance at 0x14ea4716d1e0>,4,2,[1 8],6,33,35,27,6
1,<environment.Job instance at 0x14ea4482be10>,5,14,[1 8],6,48,62,42,48
1,<environment.Job instance at 0x14ea48c1b5a0>,1,3,[6 1],2,2,5,0,2
1,<environment.Job instance at 0x14ea44610500>,1,2,[2 5],2,2,4,0,2
1,<environment.Job instance at 0x14ea44610550>,2,3,[9 1],3,4,7,1,3
1,<environment.Job instance at 0x14ea44610780>,3,16,[2 5],4,7,23,3,4
1,<environment.Job instance at 0x14ea446100a0>,4,1,[5 1],5,7,8,2,5
1,<environment.Job instance at 0x14ea44610230>,5,12,[ 1 10],6,23,35,17,10
1,<environment.Job instance at 0x14ea47317af0>,6,2,[1 7],7,35,37,28,12
1,<environment.Job instance at 0x14ea535237d0>,0,3,[5 2],1,1,4,0,1
1,<environment.Job instance at 0x14ea443f15f0>,2,3,[2 7],3,3,6,0,3
1,<environment.Job instance at 0x14ea53523c30>,3,2,[8 2],5,5,7,0,5
1,<environment.Job instance at 0x14ea48bd1b40>,0,1,[5 2],2,2,3,0,2
1,<environment.Job instance at 0x14ea48bd1780>,2,1,[7 2],5,6,7,1,6
1,<environment.Job instance at 0x14ea48bd1280>,4,2,[2 9],7,7,9,0,7
1,<environment.Job instance at 0x14ea48bd1eb0>,6,15,[1 7],9,23,38,14,23
1,<environment.Job instance at 0x14ea5352bd20>,2,17,[1 5],4,4,21,0,4
1,<environment.Job instance at 0x14ea5352b4b0>,3,3,[8 1],6,6,9,0,6
1,<environment.Job instance at 0x14ea44a42eb0>,1,2,[2 6],2,2,4,0,2
1,<environment.Job instance at 0x14ea44a426e0>,3,3,[7 2],5,5,8,0,5
1,<environment.Job instance at 0x14ea44264280>,5,18,[1 7],8,8,26,0,8
1,<environment.Job instance at 0x14ea529d8050>,1,3,[7 2],3,3,6,0,3
1,<environment.Job instance at 0x14ea448c7e10>,3,15,[ 2 10],6,7,22,1,7
1,<environment.Job instance at 0x14ea448c7460>,5,3,[6 2],8,22,25,14,8
1,<environment.Job instance at 0x14ea448c7b40>,4,1,[1 9],7,25,26,18,8
1,<environment.Job instance at 0x14ea4495e5a0>,2,24,[2 9],4,5,29,1,5
1,<environment.Job instance at 0x14ea43d16280>,1,2,[6 2],3,3,5,0,3
1,<environment.Job instance at 0x14ea43d16460>,3,1,[10  1],8,8,9,0,8
1,<environment.Job instance at 0x14ea43d16dc0>,4,3,[10  1],9,9,12,0,9
1,<environment.Job instance at 0x14ea44a69eb0>,1,2,[10  2],2,2,4,0,2
1,<environment.Job instance at 0x14ea448d45f0>,6,1,[7 1],7,64,65,57,64
1,<environment.Job instance at 0x14ea53449be0>,1,2,[8 1],2,2,4,0,2
1,<environment.Job instance at 0x14ea47242a50>,2,1,[6 2],3,4,5,1,3
1,<environment.Job instance at 0x14ea47242c30>,3,1,[9 1],4,5,6,1,4
1,<environment.Job instance at 0x14ea47242640>,5,3,[10  2],9,9,12,0,9
1,<environment.Job instance at 0x14ea45246500>,1,1,[7 2],3,3,4,0,3
1,<environment.Job instance at 0x14ea45246b90>,2,3,[9 1],4,4,7,0,4
1,<environment.Job instance at 0x14ea45246370>,4,1,[2 5],6,7,8,1,6
1,<environment.Job instance at 0x14ea45246cd0>,5,2,[1 5],8,8,10,0,8
1,<environment.Job instance at 0x14ea45246a50>,1,1,[8 2],2,2,3,0,2
1,<environment.Job instance at 0x14ea473ceaf0>,2,2,[2 6],3,3,5,0,3
1,<environment.Job instance at 0x14ea45246230>,3,3,[1 9],4,5,8,1,4
1,<environment.Job instance at 0x14ea473ce910>,4,2,[1 7],6,8,10,2,6
1,<environment.Job instance at 0x14ea43bd5e60>,6,2,[6 1],8,8,10,0,8
1,<environment.Job instance at 0x14ea43bd5c80>,7,1,[5 1],9,10,11,1,9
1,<environment.Job instance at 0x14ea534d9aa0>,2,22,[2 9],5,5,27,0,5
1,<environment.Job instance at 0x14ea4888a3c0>,1,2,[6 1],5,5,7,0,5
1,<environment.Job instance at 0x14ea4888a780>,5,13,[2 9],9,1009,1022,1000,1009
1,<environment.Job instance at 0x14ea52a5c460>,2,20,[9 1],3,16,36,13,16
1,<environment.Job instance at 0x14ea695798c0>,6,1,[5 1],8,118,119,110,118
1,<environment.Job instance at 0x14ea52a88f50>,1,2,[1 6],8,8,10,0,8
1,<environment.Job instance at 0x14ea47735870>,0,2,[2 8],2,2,4,0,2
1,<environment.Job instance at 0x14ea45236fa0>,2,2,[2 6],6,6,8,0,6
1,<environment.Job instance at 0x14ea45236960>,3,3,[6 2],8,8,11,0,8
1,<environment.Job instance at 0x14ea452366e0>,4,12,[2 9],9,11,23,2,9
1,<environment.Job instance at 0x14ea445f3d20>,0,3,[9 1],1,1,4,0,1
1,<environment.Job instance at 0x14ea445f3be0>,1,1,[7 2],2,4,5,2,2
1,<environment.Job instance at 0x14ea445f3c80>,3,18,[ 1 10],5,7,25,2,7
1,<environment.Job instance at 0x14ea445f38c0>,5,2,[6 1],8,60,62,52,60
1,<environment.Job instance at 0x14ea445f3500>,6,2,[2 9],9,807,809,798,807
1,<environment.Job instance at 0x14ea48d317d0>,0,1,[8 1],1,1,2,0,1
1,<environment.Job instance at 0x14ea48d31f00>,2,3,[2 6],5,6,9,1,6
1,<environment.Job instance at 0x14ea4432a3c0>,0,1,[1 8],1,2,3,1,2
1,<environment.Job instance at 0x14ea4432a280>,1,2,[1 6],4,4,6,0,4
1,<environment.Job instance at 0x14ea4432ad70>,2,1,[2 5],5,6,7,1,5
1,<environment.Job instance at 0x14ea44334640>,0,2,[1 6],1,1,3,0,1
1,<environment.Job instance at 0x14ea47622550>,2,1,[6 1],3,3,4,0,3
1,<environment.Job instance at 0x14ea9b9575f0>,5,1,[2 9],7,10,11,3,10
1,<environment.Job instance at 0x14ea9b957e10>,6,1,[1 5],8,99,100,91,99
1,<environment.Job instance at 0x14ea443bee10>,1,3,[10  2],3,3,6,0,3
1,<environment.Job instance at 0x14ea43c52aa0>,1,1,[8 1],2,3,4,1,3
1,<environment.Job instance at 0x14ea6a251f50>,3,1,[1 8],4,8,9,4,8
1,<environment.Job instance at 0x14ea6a251500>,5,13,[1 9],6,852,865,846,852
1,<environment.Job instance at 0x14ea473200a0>,1,3,[10  1],3,39,42,36,39
1,<environment.Job instance at 0x14ea53460640>,3,3,[1 8],6,6,9,0,6
1,<environment.Job instance at 0x14ea53460b90>,5,2,[2 8],8,9,11,1,8
1,<environment.Job instance at 0x14ea43d8cf00>,1,2,[8 1],2,2,4,0,2
1,<environment.Job instance at 0x14ea43d8cd20>,3,1,[10  1],4,4,5,0,4
1,<environment.Job instance at 0x14ea449dc730>,4,2,[8 2],6,6,8,0,6
1,<environment.Job instance at 0x14ea449dc1e0>,5,23,[1 6],7,7,30,0,7
1,<environment.Job instance at 0x14ea449dc230>,6,3,[6 1],8,8,11,0,8
1,<environment.Job instance at 0x14ea4422c6e0>,6,12,[6 1],9,76,88,67,76
1,<environment.Job instance at 0x14ea4422c960>,2,3,[1 8],4,140,143,136,140
1,<environment.Job instance at 0x14ea4422ceb0>,4,3,[1 9],7,218,221,211,218
1,<environment.Job instance at 0x14ea44264a00>,1,2,[1 7],2,2,4,0,2
1,<environment.Job instance at 0x14ea44264af0>,2,2,[1 6],3,4,6,1,3
1,<environment.Job instance at 0x14ea44264640>,4,1,[2 7],6,6,7,0,6
1,<environment.Job instance at 0x14ea44264820>,5,3,[8 2],7,7,10,0,7
1,<environment.Job instance at 0x14ea44264780>,6,21,[1 9],8,10,31,2,8
1,<environment.Job instance at 0x14ea44324c80>,1,2,[2 8],5,5,7,0,5
1,<environment.Job instance at 0x14ea51317b40>,3,15,[10  1],8,24,39,16,24
1,<environment.Job instance at 0x14ea472765f0>,1,3,[8 1],2,2,5,0,2
1,<environment.Job instance at 0x14ea47276190>,3,2,[2 5],4,4,6,0,4
1,<environment.Job instance at 0x14ea47276eb0>,4,13,[2 7],5,6,19,1,5
1,<environment.Job instance at 0x14ea47276320>,8,1,[ 2 10],9,19,20,10,11
1,<environment.Job instance at 0x14ea47358eb0>,0,3,[ 2 10],1,1,4,0,1
1,<environment.Job instance at 0x14ea47358d20>,2,13,[1 7],4,4,17,0,4
1,<environment.Job instance at 0x14ea473583c0>,5,13,[1 5],8,353,366,345,353
1,<environment.Job instance at 0x14ea48cbc2d0>,1,1,[6 1],2,2,3,0,2
1,<environment.Job instance at 0x14ea48cbcaf0>,3,16,[2 9],4,4,20,0,4
1,<environment.Job instance at 0x14ea48cbca50>,4,3,[2 6],5,20,23,15,5
1,<environment.Job instance at 0x14ea48cbc730>,5,3,[2 6],6,23,26,17,6
1,<environment.Job instance at 0x14ea48cbcaa0>,6,1,[5 2],7,20,21,13,7
1,<environment.Job instance at 0x14ea48cbca00>,7,3,[7 1],8,8,11,0,8
1,<environment.Job instance at 0x14ea43fae140>,0,1,[8 2],1,1,2,0,1
1,<environment.Job instance at 0x14ea48cbce60>,3,2,[2 8],5,5,7,0,5
1,<environment.Job instance at 0x14ea43f482d0>,0,16,[2 8],2,2,18,0,2
1,<environment.Job instance at 0x14ea43f48eb0>,1,2,[9 1],3,18,20,15,3
1,<environment.Job instance at 0x14ea45155d20>,3,3,[10  2],5,20,23,15,5
1,<environment.Job instance at 0x14ea43f48be0>,4,1,[6 1],8,8,9,0,8
1,<environment.Job instance at 0x14ea45155140>,5,3,[10  1],9,23,26,14,9
1,<environment.Job instance at 0x14ea449b3f00>,1,2,[7 1],2,50,52,48,50
1,<environment.Job instance at 0x14ea449b34b0>,3,1,[6 1],4,348,349,344,348
1,<environment.Job instance at 0x14ea447cc690>,0,15,[1 8],1,1,16,0,1
1,<environment.Job instance at 0x14ea48d41230>,5,2,[10  1],8,16,18,8,8
1,<environment.Job instance at 0x14ea43df6550>,1,1,[5 2],2,3,4,1,3
1,<environment.Job instance at 0x14ea43df6cd0>,5,3,[2 7],9,9,12,0,9
1,<environment.Job instance at 0x14ea43df6500>,4,12,[1 7],8,12,24,4,10
1,<environment.Job instance at 0x14ea535389b0>,2,3,[8 2],5,7,10,2,7
1,<environment.Job instance at 0x14ea53538e10>,3,24,[2 5],8,186,210,178,186
1,<environment.Job instance at 0x14ea44230820>,1,1,[1 9],2,2,3,0,2
1,<environment.Job instance at 0x14ea442302d0>,3,3,[2 8],5,5,8,0,5
1,<environment.Job instance at 0x14ea44230140>,4,3,[6 2],6,6,9,0,6
1,<environment.Job instance at 0x14ea44230190>,7,2,[7 2],9,9,11,0,9
1,<environment.Job instance at 0x14ea44230f00>,6,14,[1 6],8,57,71,49,57
1,<environment.Job instance at 0x14ea980f5640>,3,2,[1 9],5,5,7,0,5
1,<environment.Job instance at 0x14ea4882e870>,4,1,[8 1],6,6,7,0,6
1,<environment.Job instance at 0x14ea4882ef50>,5,1,[7 2],7,7,8,0,7
1,<environment.Job instance at 0x14ea9ba06f00>,0,1,[10  2],1,1,2,0,1
1,<environment.Job instance at 0x14ea9ba069b0>,1,2,[7 1],2,2,4,0,2
1,<environment.Job instance at 0x14ea4431d0a0>,2,2,[10  1],3,4,6,1,3
1,<environment.Job instance at 0x14ea4431d820>,6,3,[9 2],8,580,583,572,580
1,<environment.Job instance at 0x14ea53567280>,1,2,[5 1],2,2,4,0,2
1,<environment.Job instance at 0x14ea53567500>,2,3,[ 2 10],4,4,7,0,4
1,<environment.Job instance at 0x14ea535675a0>,3,2,[2 8],5,7,9,2,5
1,<environment.Job instance at 0x14ea53567050>,4,2,[8 1],6,7,9,1,6
1,<environment.Job instance at 0x14ea449cf0f0>,1,2,[10  2],3,3,5,0,3
1,<environment.Job instance at 0x14ea449cfe60>,4,1,[9 2],7,7,8,0,7
1,<environment.Job instance at 0x14ea487f02d0>,3,3,[ 1 10],6,8,11,2,7
1,<environment.Job instance at 0x14ea487f0be0>,6,2,[5 2],9,11,13,2,9
1,<environment.Job instance at 0x14ea487f0550>,5,1,[7 2],8,13,14,5,9
1,<environment.Job instance at 0x14ea48836d20>,0,2,[1 7],3,3,5,0,3
1,<environment.Job instance at 0x14ea48836a50>,1,2,[2 6],4,5,7,1,4
1,<environment.Job instance at 0x14ea48836730>,2,3,[6 1],6,6,9,0,6
1,<environment.Job instance at 0x14ea488364b0>,3,16,[ 2 10],7,9,25,2,7
1,<environment.Job instance at 0x14ea6805a460>,1,18,[2 7],2,2,20,0,2
1,<environment.Job instance at 0x14ea6805a690>,4,3,[10  2],6,20,23,14,6
1,<environment.Job instance at 0x14ea6805aaf0>,5,3,[1 6],7,23,26,16,8
1,<environment.Job instance at 0x14ea6805a140>,3,15,[ 2 10],5,26,41,21,12
1,<environment.Job instance at 0x14ea529b13c0>,7,3,[1 7],9,41,44,32,19
1,<environment.Job instance at 0x14ea43df6410>,0,2,[5 2],1,1,3,0,1
1,<environment.Job instance at 0x14ea43df6f50>,2,2,[1 5],3,3,5,0,3
1,<environment.Job instance at 0x14ea43df6c80>,4,1,[10  1],5,5,6,0,5
1,<environment.Job instance at 0x14ea43df6280>,5,3,[1 7],7,8,11,1,8
1,<environment.Job instance at 0x14ea445ad550>,6,1,[10  2],9,11,12,2,9
1,<environment.Job instance at 0x14ea48c14550>,0,1,[6 1],1,1,2,0,1
1,<environment.Job instance at 0x14ea5132c2d0>,2,2,[1 8],3,3,5,0,3
1,<environment.Job instance at 0x14ea48c14780>,4,1,[8 1],5,83,84,78,83
1,<environment.Job instance at 0x14ea44611140>,1,16,[1 7],3,3,19,0,3
1,<environment.Job instance at 0x14ea535c6640>,1,2,[5 2],2,5,7,3,5
1,<environment.Job instance at 0x14ea535c6e10>,5,23,[2 6],6,12,35,6,12
1,<environment.Job instance at 0x14ea69566a00>,7,1,[8 2],9,47,48,38,47
1,<environment.Job instance at 0x14ea98102690>,1,18,[2 8],2,2,20,0,2
1,<environment.Job instance at 0x14ea981026e0>,3,2,[10  1],4,20,22,16,4
1,<environment.Job instance at 0x14ea98102280>,4,3,[8 2],5,5,8,0,5
1,<environment.Job instance at 0x14ea981021e0>,6,12,[1 8],8,25,37,17,25
1,<environment.Job instance at 0x14ea488ff0f0>,2,3,[10  1],4,22,25,18,22
1,<environment.Job instance at 0x14ea44101aa0>,0,2,[6 1],1,1,3,0,1
1,<environment.Job instance at 0x14ea44101a00>,2,1,[ 1 10],4,5,6,1,5
1,<environment.Job instance at 0x14ea4422cd70>,3,3,[9 1],6,6,9,0,6
1,<environment.Job instance at 0x14ea4422c690>,4,1,[8 2],8,9,10,1,8
1,<environment.Job instance at 0x14ea44539280>,0,1,[10  1],1,1,2,0,1
1,<environment.Job instance at 0x14ea5297c2d0>,2,2,[8 1],3,3,5,0,3
1,<environment.Job instance at 0x14ea5297cb40>,3,1,[5 2],4,5,6,1,4
1,<environment.Job instance at 0x14ea5297c5f0>,5,1,[6 1],6,6,7,0,6
1,<environment.Job instance at 0x14ea5297c5a0>,7,3,[6 1],8,8,11,0,8
1,<environment.Job instance at 0x14ea443baeb0>,0,1,[8 2],1,1,2,0,1
1,<environment.Job instance at 0x14ea443bad70>,5,22,[ 1 10],9,9,31,0,9
1,<environment.Job instance at 0x14ea47610b90>,0,1,[1 5],1,1,2,0,1
1,<environment.Job instance at 0x14ea47610eb0>,1,1,[2 5],3,3,4,0,3
1,<environment.Job instance at 0x14ea47610320>,4,2,[2 5],8,13,15,5,13
1,<environment.Job instance at 0x14ea48c98230>,1,1,[8 1],2,2,3,0,2
1,<environment.Job instance at 0x14ea48c98a50>,2,2,[8 2],3,3,5,0,3
1,<environment.Job instance at 0x14ea48c985f0>,5,3,[1 5],6,6,9,0,6
1,<environment.Job instance at 0x14ea48c98be0>,4,2,[5 2],5,6,8,1,6
1,<environment.Job instance at 0x14ea48c98e10>,6,1,[1 5],8,8,9,0,8
1,<environment.Job instance at 0x14ea4881efa0>,1,3,[1 7],3,3,6,0,3
1,<environment.Job instance at 0x14ea4881eb40>,2,3,[7 1],4,4,7,0,4
1,<environment.Job instance at 0x14ea44a5a370>,3,2,[2 7],5,6,8,1,5
1,<environment.Job instance at 0x14ea44a5a1e0>,4,14,[ 2 10],6,8,22,2,6
1,<environment.Job instance at 0x14ea44a5aaa0>,5,1,[1 9],7,22,23,15,7
1,<environment.Job instance at 0x14ea48cbce60>,1,3,[2 6],3,4,7,1,4
1,<environment.Job instance at 0x14ea449ef8c0>,5,2,[8 1],8,44,46,36,44
1,<environment.Job instance at 0x14ea440fdf00>,1,2,[2 7],4,4,6,0,4
1,<environment.Job instance at 0x14ea43dccd20>,3,13,[ 2 10],7,7,20,0,7
1,<environment.Job instance at 0x14ea43dcca00>,4,2,[1 9],8,22,24,14,22
1,<environment.Job instance at 0x14ea43f42230>,1,1,[8 2],2,2,3,0,2
1,<environment.Job instance at 0x14ea43f42aa0>,2,2,[7 1],3,3,5,0,3
1,<environment.Job instance at 0x14ea43f42af0>,3,1,[5 1],4,5,6,1,4
1,<environment.Job instance at 0x14ea43f420f0>,4,2,[2 8],5,5,7,0,5
1,<environment.Job instance at 0x14ea43f424b0>,5,3,[7 1],6,6,9,0,6
1,<environment.Job instance at 0x14ea43f429b0>,6,3,[8 2],7,9,12,2,7
1,<environment.Job instance at 0x14ea43f428c0>,7,2,[10  1],9,12,14,3,9
1,<environment.Job instance at 0x14ea6956ed70>,2,16,[8 2],6,11,27,5,11
1,<environment.Job instance at 0x14ea6a5085f0>,0,1,[7 2],1,1,2,0,1
1,<environment.Job instance at 0x14ea6a508870>,2,12,[9 1],3,3,15,0,3
1,<environment.Job instance at 0x14ea53596460>,5,2,[6 2],7,15,17,8,7
1,<environment.Job instance at 0x14ea535966e0>,6,1,[1 5],9,11,12,2,11
1,<environment.Job instance at 0x14ea43edecd0>,0,2,[8 1],1,1,3,0,1
1,<environment.Job instance at 0x14ea43edea50>,1,2,[8 1],2,3,5,1,2
1,<environment.Job instance at 0x14ea43edefa0>,5,3,[2 7],6,102,105,96,102
1,<environment.Job instance at 0x14ea48cd7c80>,1,1,[6 1],2,2,3,0,2
1,<environment.Job instance at 0x14ea48987640>,2,20,[ 1 10],3,4,24,1,4
1,<environment.Job instance at 0x14ea48cd76e0>,3,1,[5 1],4,24,25,20,4
1,<environment.Job instance at 0x14ea48987410>,4,3,[5 2],5,24,27,19,5
1,<environment.Job instance at 0x14ea44648b90>,1,2,[8 2],2,2,4,0,2
1,<environment.Job instance at 0x14ea44648a00>,6,3,[9 1],9,9,12,0,9
1,<environment.Job instance at 0x14ea43d40d20>,3,14,[1 7],4,10,24,6,10
1,<environment.Job instance at 0x14ea44043cd0>,0,1,[9 1],3,3,4,0,3
1,<environment.Job instance at 0x14ea44043780>,1,2,[9 1],4,4,6,0,4
1,<environment.Job instance at 0x14ea5346ecd0>,2,2,[6 2],5,6,8,1,5
1,<environment.Job instance at 0x14ea440439b0>,3,2,[2 9],7,8,10,1,7
1,<environment.Job instance at 0x14ea43e56a00>,1,3,[1 6],4,4,7,0,4
1,<environment.Job instance at 0x14ea43e562d0>,2,3,[2 6],5,7,10,2,5
1,<environment.Job instance at 0x14ea43e56550>,6,14,[1 6],9,159,173,150,159
1,<environment.Job instance at 0x14ea473aba00>,1,1,[6 1],2,2,3,0,2
1,<environment.Job instance at 0x14ea473ab4b0>,3,3,[7 1],4,4,7,0,4
1,<environment.Job instance at 0x14ea488d1b90>,4,2,[2 5],5,5,7,0,5
1,<environment.Job instance at 0x14ea488d1aa0>,5,2,[1 5],6,7,9,1,6
1,<environment.Job instance at 0x14ea488d1d70>,6,2,[7 1],7,7,9,0,7
1,<environment.Job instance at 0x14ea488d1410>,7,1,[7 2],8,9,10,1,8
1,<environment.Job instance at 0x14ea488d1cd0>,8,3,[7 2],9,10,13,1,9
1,<environment.Job instance at 0x14ea449d3f50>,0,2,[7 2],2,2,4,0,2
1,<environment.Job instance at 0x14ea449d3aa0>,3,22,[2 7],5,5,27,0,5
1,<environment.Job instance at 0x14ea449d37d0>,4,2,[9 1],6,27,29,21,6
1,<environment.Job instance at 0x14ea449d3cd0>,5,1,[2 8],7,29,30,22,7
1,<environment.Job instance at 0x14ea53484a00>,0,1,[5 2],1,1,2,0,1
1,<environment.Job instance at 0x14ea53484cd0>,3,14,[10  1],5,5,19,0,5
1,<environment.Job instance at 0x14ea449d03c0>,6,2,[1 5],8,19,21,11,9
1,<environment.Job instance at 0x14ea53484eb0>,5,16,[9 2],7,19,35,12,14
1,<environment.Job instance at 0x14ea534d9af0>,1,1,[10  1],4,4,5,0,4
1,<environment.Job instance at 0x14ea534d9c30>,2,1,[7 1],5,5,6,0,5
1,<environment.Job instance at 0x14ea534d9d20>,3,2,[10  1],6,6,8,0,6
1,<environment.Job instance at 0x14ea534d96e0>,4,1,[6 2],7,8,9,1,7
1,<environment.Job instance at 0x14ea44af0af0>,5,3,[6 2],8,9,12,1,9
1,<environment.Job instance at 0x14ea44253b40>,1,2,[5 1],3,3,5,0,3
1,<environment.Job instance at 0x14ea44253c80>,4,3,[1 9],8,10,13,2,10
1,<environment.Job instance at 0x14ea448d4a00>,1,3,[6 1],3,3,6,0,3
1,<environment.Job instance at 0x14ea43d165a0>,3,15,[2 7],5,5,20,0,5
1,<environment.Job instance at 0x14ea43d16280>,4,2,[9 1],6,20,22,14,6
1,<environment.Job instance at 0x14ea43d16a00>,6,25,[ 1 10],9,23,48,14,23
1,<environment.Job instance at 0x14ea6a575fa0>,0,2,[6 2],1,1,3,0,1
1,<environment.Job instance at 0x14ea48bf7780>,3,3,[6 2],4,4,7,0,4
1,<environment.Job instance at 0x14ea680a8320>,2,1,[10  2],3,3,4,0,3
1,<environment.Job instance at 0x14ea69e799b0>,5,2,[10  1],9,10,12,1,10
1,<environment.Job instance at 0x14ea48d21cd0>,1,1,[6 2],2,2,3,0,2
1,<environment.Job instance at 0x14ea48d21aa0>,2,1,[6 1],3,3,4,0,3
1,<environment.Job instance at 0x14ea48d215a0>,3,1,[8 1],4,4,5,0,4
1,<environment.Job instance at 0x14ea48d21410>,4,1,[5 1],7,7,8,0,7
1,<environment.Job instance at 0x14ea4448a050>,0,2,[7 1],2,2,4,0,2
1,<environment.Job instance at 0x14ea4448ae60>,4,17,[ 1 10],9,56,73,47,56
1,<environment.Job instance at 0x14ea500b0050>,1,2,[ 1 10],4,4,6,0,4
1,<environment.Job instance at 0x14ea500b06e0>,3,1,[1 6],6,6,7,0,6
1,<environment.Job instance at 0x14ea44408cd0>,4,1,[1 8],7,7,8,0,7
1,<environment.Job instance at 0x14ea44408f50>,5,1,[8 2],9,9,10,0,9
1,<environment.Job instance at 0x14ea43e03640>,2,1,[5 2],5,5,6,0,5
1,<environment.Job instance at 0x14ea43e034b0>,4,3,[1 5],7,9,12,2,9
1,<environment.Job instance at 0x14ea441556e0>,1,1,[2 9],2,2,3,0,2
1,<environment.Job instance at 0x14ea43d35050>,2,1,[10  2],3,3,4,0,3
1,<environment.Job instance at 0x14ea442da870>,2,1,[9 1],8,16,17,8,16
1,<environment.Job instance at 0x14ea4720a500>,2,3,[6 2],4,4,7,0,4
1,<environment.Job instance at 0x14ea5298cdc0>,0,3,[8 2],2,2,5,0,2
1,<environment.Job instance at 0x14ea4720ae10>,2,2,[2 6],4,4,6,0,4
1,<environment.Job instance at 0x14ea48c8caa0>,4,3,[1 6],6,7,10,1,7
1,<environment.Job instance at 0x14ea48c8c8c0>,6,1,[6 1],8,8,9,0,8
1,<environment.Job instance at 0x14ea4720a870>,5,1,[8 1],7,9,10,2,8
1,<environment.Job instance at 0x14ea44622cd0>,3,1,[2 8],8,8,9,0,8
1,<environment.Job instance at 0x14ea44622d70>,1,3,[10  2],6,10,13,4,10
1,<environment.Job instance at 0x14ea4738cd70>,0,2,[9 1],1,1,3,0,1
1,<environment.Job instance at 0x14ea47270640>,3,20,[6 2],6,6,26,0,6
1,<environment.Job instance at 0x14ea4764dc80>,1,3,[ 2 10],2,2,5,0,2
1,<environment.Job instance at 0x14ea4764ddc0>,3,1,[9 1],5,5,6,0,5
1,<environment.Job instance at 0x14ea69e7f730>,6,16,[5 2],9,10,26,1,10
1,<environment.Job instance at 0x14ea69e7f730>,2,3,[2 9],4,4,7,0,4
1,<environment.Job instance at 0x14ea48819410>,3,1,[1 9],5,7,8,2,5
1,<environment.Job instance at 0x14ea488194b0>,5,2,[5 1],7,8,10,1,8
1,<environment.Job instance at 0x14ea48819500>,7,1,[6 1],9,10,11,1,9
1,<environment.Job instance at 0x14ea44a5c230>,0,1,[5 2],1,1,2,0,1
1,<environment.Job instance at 0x14ea48819e60>,1,1,[6 1],2,2,3,0,2
1,<environment.Job instance at 0x14ea48c5dd20>,2,15,[1 5],5,5,20,0,5
1,<environment.Job instance at 0x14ea48c5deb0>,3,2,[2 9],6,20,22,14,6
1,<environment.Job instance at 0x14ea48c5d0a0>,4,2,[6 2],7,7,9,0,7
1,<environment.Job instance at 0x14ea48c5de10>,5,3,[2 6],8,22,25,14,8
1,<environment.Job instance at 0x14ea48c5db90>,6,2,[1 6],9,25,27,16,9
1,<environment.Job instance at 0x14ea48c5d910>,1,2,[10  1],2,2,4,0,2
1,<environment.Job instance at 0x14ea44526d70>,2,2,[7 1],3,4,6,1,3
1,<environment.Job instance at 0x14ea48c5db90>,5,3,[9 2],7,8,11,1,8
1,<environment.Job instance at 0x14ea445260a0>,6,12,[9 1],9,19,31,10,19
1,<environment.Job instance at 0x14ea43c03b90>,1,3,[2 9],2,2,5,0,2
1,<environment.Job instance at 0x14ea43c03a00>,2,2,[1 9],4,5,7,1,4
1,<environment.Job instance at 0x14ea43c03cd0>,4,3,[9 1],7,15,18,8,15
1,<environment.Job instance at 0x14ea43c035a0>,5,3,[1 8],9,195,198,186,195
1,<environment.Job instance at 0x14ea43d65190>,0,2,[5 1],3,3,5,0,3
1,<environment.Job instance at 0x14ea43d65320>,1,1,[2 5],4,4,5,0,4
1,<environment.Job instance at 0x14ea44ad5910>,1,3,[9 1],4,55,58,51,55
1,<environment.Job instance at 0x14ea440386e0>,2,14,[1 6],4,4,18,0,4
1,<environment.Job instance at 0x14ea44038410>,3,3,[8 1],5,7,10,2,7
1,<environment.Job instance at 0x14ea440388c0>,5,1,[2 9],7,497,498,490,497
1,<environment.Job instance at 0x14ea4891ad20>,0,1,[9 1],1,1,2,0,1
1,<environment.Job instance at 0x14ea4891aaf0>,2,2,[1 8],3,3,5,0,3
1,<environment.Job instance at 0x14ea4891a230>,4,3,[5 1],6,6,9,0,6
1,<environment.Job instance at 0x14ea4891af00>,5,3,[9 2],7,9,12,2,7
1,<environment.Job instance at 0x14ea4891a500>,7,24,[ 1 10],9,14,38,5,14
1,<environment.Job instance at 0x14ea44841140>,1,3,[5 2],2,2,5,0,2
1,<environment.Job instance at 0x14ea44841a50>,2,12,[7 1],3,5,17,2,3
1,<environment.Job instance at 0x14ea44841910>,3,3,[6 2],4,17,20,13,4
1,<environment.Job instance at 0x14ea44841500>,5,2,[2 5],8,8,10,0,8
1,<environment.Job instance at 0x14ea44841cd0>,6,2,[7 2],9,20,22,11,11
1,<environment.Job instance at 0x14ea475ffaf0>,1,12,[6 2],2,2,14,0,2
1,<environment.Job instance at 0x14ea6a0fcd70>,2,17,[2 8],4,4,21,0,4
1,<environment.Job instance at 0x14ea475ffc80>,3,1,[2 7],5,21,22,16,6
1,<environment.Job instance at 0x14ea981864b0>,5,3,[ 2 10],7,22,25,15,7
1,<environment.Job instance at 0x14ea98186410>,2,13,[ 2 10],5,5,18,0,5
1,<environment.Job instance at 0x14ea489a0b40>,3,1,[1 5],8,18,19,10,8
1,<environment.Job instance at 0x14ea69e7da00>,1,1,[8 2],2,2,3,0,2
1,<environment.Job instance at 0x14ea69dfaaf0>,2,2,[ 2 10],3,8,10,5,8
1,<environment.Job instance at 0x14ea44011be0>,4,14,[ 1 10],5,266,280,261,266
1,<environment.Job instance at 0x14ea48d7f4b0>,2,2,[9 1],5,6,8,1,6
1,<environment.Job instance at 0x14ea43dca190>,1,3,[1 8],3,3,6,0,3
1,<environment.Job instance at 0x14ea43dca640>,2,3,[2 9],7,7,10,0,7
1,<environment.Job instance at 0x14ea451be820>,3,1,[8 2],9,10,11,1,9
1,<environment.Job instance at 0x14ea46722dc0>,0,3,[7 1],1,1,4,0,1
1,<environment.Job instance at 0x14ea46722190>,1,3,[ 2 10],4,4,7,0,4
1,<environment.Job instance at 0x14ea467226e0>,2,3,[7 2],6,7,10,1,6
1,<environment.Job instance at 0x14ea9817a9b0>,3,2,[2 5],4,5,7,1,5
1,<environment.Job instance at 0x14ea442e9a50>,5,1,[10  2],6,7,8,1,7
1,<environment.Job instance at 0x14ea48d519b0>,2,2,[6 2],3,5,7,2,5
1,<environment.Job instance at 0x14ea447e05f0>,3,16,[ 2 10],8,8,24,0,8
1,<environment.Job instance at 0x14ea43f48780>,1,23,[2 9],4,4,27,0,4
1,<environment.Job instance at 0x14ea43f48280>,3,2,[1 8],6,27,29,21,7
1,<environment.Job instance at 0x14ea43f48eb0>,4,1,[8 2],8,27,28,19,8
1,<environment.Job instance at 0x14ea446a9b40>,0,2,[2 8],1,1,3,0,1
1,<environment.Job instance at 0x14ea446a9460>,1,2,[7 2],2,2,4,0,2
1,<environment.Job instance at 0x14ea44059320>,2,21,[2 6],4,4,25,0,4
1,<environment.Job instance at 0x14ea440595f0>,3,15,[5 2],5,6,21,1,6
1,<environment.Job instance at 0x14ea44059f50>,4,13,[6 2],6,21,34,15,6
1,<environment.Job instance at 0x14ea44059640>,5,2,[5 2],8,34,36,26,8
1,<environment.Job instance at 0x14ea6a1be410>,6,2,[6 2],9,36,38,27,9
1,<environment.Job instance at 0x14ea4406da00>,1,14,[2 8],3,6,20,3,6
1,<environment.Job instance at 0x14ea43eebbe0>,4,1,[1 7],7,20,21,13,10
1,<environment.Job instance at 0x14ea6a1be410>,5,2,[1 8],8,195,197,187,195
1,<environment.Job instance at 0x14ea43eeb690>,1,15,[2 9],2,2,17,0,2
1,<environment.Job instance at 0x14ea47615910>,5,23,[1 9],6,17,40,11,11
1,<environment.Job instance at 0x14ea47615dc0>,7,14,[2 8],8,62,76,54,62
1,<environment.Job instance at 0x14ea47367be0>,1,14,[9 1],3,184,198,181,184
1,<environment.Job instance at 0x14ea9bb385a0>,3,1,[10  2],5,198,199,193,195
1,<environment.Job instance at 0x14ea48915410>,2,2,[ 2 10],4,4,6,0,4
1,<environment.Job instance at 0x14ea9bb385a0>,3,16,[5 1],5,6,22,1,5
1,<environment.Job instance at 0x14ea489151e0>,4,15,[2 8],9,9,24,0,9
1,<environment.Job instance at 0x14ea43dfed20>,0,1,[ 2 10],2,7,8,5,7
1,<environment.Job instance at 0x14ea43dfe5f0>,3,2,[6 2],8,8,10,0,8
1,<environment.Job instance at 0x14ea43dfeb90>,4,1,[2 5],9,9,10,0,9
1,<environment.Job instance at 0x14ea4888aa50>,4,2,[ 2 10],9,26,28,17,26
1,<environment.Job instance at 0x14ea45195870>,0,1,[2 5],1,1,2,0,1
1,<environment.Job instance at 0x14ea45195af0>,1,2,[5 1],2,2,4,0,2
1,<environment.Job instance at 0x14ea451950f0>,3,1,[9 1],4,4,5,0,4
1,<environment.Job instance at 0x14ea45195fa0>,4,12,[1 7],6,6,18,0,6
1,<environment.Job instance at 0x14ea451951e0>,5,1,[7 1],7,7,8,0,7
1,<environment.Job instance at 0x14ea44039460>,0,2,[7 1],1,1,3,0,1
1,<environment.Job instance at 0x14ea52a670a0>,2,2,[6 2],4,4,6,0,4
1,<environment.Job instance at 0x14ea440b77d0>,0,3,[8 1],1,1,4,0,1
1,<environment.Job instance at 0x14ea440b7dc0>,1,1,[8 2],3,4,5,1,3
1,<environment.Job instance at 0x14ea47856460>,2,3,[8 2],5,5,8,0,5
1,<environment.Job instance at 0x14ea47856780>,3,2,[8 1],7,8,10,1,7
1,<environment.Job instance at 0x14ea47856af0>,5,1,[1 6],9,9,10,0,9
1,<environment.Job instance at 0x14ea44167820>,0,1,[8 1],3,3,4,0,3
1,<environment.Job instance at 0x14ea44167410>,1,1,[10  1],4,4,5,0,4
1,<environment.Job instance at 0x14ea441679b0>,3,2,[9 1],6,6,8,0,6
1,<environment.Job instance at 0x14ea44167910>,5,12,[7 1],8,8,20,0,8
1,<environment.Job instance at 0x14ea52a1f780>,6,3,[10  1],9,20,23,11,9
1,<environment.Job instance at 0x14ea43d97780>,0,2,[2 8],2,2,4,0,2
1,<environment.Job instance at 0x14ea43d97370>,1,16,[1 9],3,4,20,1,3
1,<environment.Job instance at 0x14ea43d97e60>,4,15,[2 7],6,31,46,25,31
1,<environment.Job instance at 0x14ea478b8730>,0,1,[7 2],2,2,3,0,2
1,<environment.Job instance at 0x14ea45cd3aa0>,2,1,[2 9],4,4,5,0,4
1,<environment.Job instance at 0x14ea478b8370>,3,3,[1 8],6,6,9,0,6
1,<environment.Job instance at 0x14ea47657dc0>,2,2,[6 2],5,5,7,0,5
1,<environment.Job instance at 0x14ea47657be0>,3,3,[1 6],6,6,9,0,6
1,<environment.Job instance at 0x14ea451b7b40>,4,26,[ 2 10],7,9,35,2,8
1,<environment.Job instance at 0x14ea451b7820>,6,3,[6 2],9,35,38,26,9
1,<environment.Job instance at 0x14ea47657b90>,5,3,[ 2 10],8,38,41,30,13
1,<environment.Job instance at 0x14ea53436dc0>,0,1,[9 2],3,3,4,0,3
1,<environment.Job instance at 0x14ea43f552d0>,1,1,[2 9],4,6,7,2,6
1,<environment.Job instance at 0x14ea44146190>,1,1,[1 8],2,2,3,0,2
1,<environment.Job instance at 0x14ea44146b90>,2,2,[5 2],3,3,5,0,3
1,<environment.Job instance at 0x14ea44146cd0>,5,3,[7 1],6,6,9,0,6
1,<environment.Job instance at 0x14ea44146050>,6,1,[6 1],8,9,10,1,8
1,<environment.Job instance at 0x14ea44186870>,1,21,[6 2],4,14,35,10,14
1,<environment.Job instance at 0x14ea441864b0>,3,3,[5 1],6,103,106,97,103
1,<environment.Job instance at 0x14ea44186d70>,4,1,[2 5],7,170,171,163,170
1,<environment.Job instance at 0x14ea444180a0>,3,2,[2 9],5,5,7,0,5
1,<environment.Job instance at 0x14ea44418f50>,4,3,[9 1],6,7,10,1,6
1,<environment.Job instance at 0x14ea4728cb90>,5,17,[2 6],7,10,27,3,7
1,<environment.Job instance at 0x14ea4728c280>,6,1,[1 6],8,8,9,0,8
1,<environment.Job instance at 0x14ea52a1ba00>,2,1,[10  2],4,4,5,0,4
1,<environment.Job instance at 0x14ea52a1bcd0>,3,2,[ 1 10],7,8,10,1,8
1,<environment.Job instance at 0x14ea448c4370>,1,18,[ 2 10],3,3,21,0,3
1,<environment.Job instance at 0x14ea48d56eb0>,3,1,[2 6],6,21,22,15,7
1,<environment.Job instance at 0x14ea48d56370>,5,16,[10  2],9,22,38,13,22
1,<environment.Job instance at 0x14ea52aed2d0>,0,1,[7 2],1,1,2,0,1
1,<environment.Job instance at 0x14ea48c1bfa0>,2,2,[1 9],3,3,5,0,3
1,<environment.Job instance at 0x14ea48c1baf0>,3,1,[5 1],4,4,5,0,4
1,<environment.Job instance at 0x14ea52aed640>,4,3,[6 2],6,6,9,0,6
1,<environment.Job instance at 0x14ea48c1bd20>,5,2,[2 7],7,7,9,0,7
1,<environment.Job instance at 0x14ea4427fe60>,0,2,[1 6],1,1,3,0,1
1,<environment.Job instance at 0x14ea4427ff00>,3,3,[2 8],6,19,22,13,19
1,<environment.Job instance at 0x14ea4427f1e0>,2,2,[1 8],3,22,24,19,21
1,<environment.Job instance at 0x14ea4427fcd0>,1,1,[9 1],4,4,5,0,4
1,<environment.Job instance at 0x14ea4427f960>,2,1,[1 9],5,6,7,1,6
1,<environment.Job instance at 0x14ea443eb3c0>,4,3,[8 2],7,8,11,1,8
1,<environment.Job instance at 0x14ea443ebc80>,6,2,[9 2],9,11,13,2,9
1,<environment.Job instance at 0x14ea443eb1e0>,5,3,[1 7],8,10,13,2,10
1,<environment.Job instance at 0x14ea980f2e60>,0,1,[1 6],1,1,2,0,1
1,<environment.Job instance at 0x14ea980f24b0>,3,13,[1 6],4,8,21,4,8
1,<environment.Job instance at 0x14ea980f2140>,2,1,[1 9],3,21,22,18,13
1,<environment.Job instance at 0x14ea980f2be0>,6,2,[1 6],9,23,25,14,23
1,<environment.Job instance at 0x14ea48d31f50>,3,2,[1 6],4,4,6,0,4
1,<environment.Job instance at 0x14ea9ba13f50>,0,3,[9 2],1,1,4,0,1
1,<environment.Job instance at 0x14ea52acfe10>,3,3,[1 9],5,14,17,9,14
1,<environment.Job instance at 0x14ea52acf2d0>,4,2,[1 9],6,217,219,211,217
1,<environment.Job instance at 0x14ea43c51730>,5,3,[2 6],6,47,50,41,47
1,<environment.Job instance at 0x14ea43c51fa0>,6,3,[6 2],8,59,62,51,59
1,<environment.Job instance at 0x14ea43c51140>,3,2,[7 1],4,166,168,162,166
1,<environment.Job instance at 0x14ea448cbf50>,1,2,[2 7],3,3,5,0,3
1,<environment.Job instance at 0x14ea442a48c0>,2,1,[2 7],4,5,6,1,4
1,<environment.Job instance at 0x14ea442a4370>,4,1,[2 9],7,9,10,2,9
1,<environment.Job instance at 0x14ea43feb8c0>,1,2,[8 2],4,4,6,0,4
1,<environment.Job instance at 0x14ea48914d70>,2,3,[9 2],5,6,9,1,5
1,<environment.Job instance at 0x14ea6804bcd0>,3,3,[10  2],5,8,11,3,8
1,<environment.Job instance at 0x14ea6a101780>,2,18,[1 6],4,11,29,7,8
1,<environment.Job instance at 0x14ea6804b820>,5,1,[ 1 10],7,109,110,102,109
1,<environment.Job instance at 0x14ea4788b2d0>,2,3,[2 6],3,3,6,0,3
1,<environment.Job instance at 0x14ea4788b410>,3,3,[8 1],4,4,7,0,4
1,<environment.Job instance at 0x14ea4788b7d0>,4,1,[6 1],5,7,8,2,5
1,<environment.Job instance at 0x14ea4788b050>,5,3,[6 1],6,8,11,2,6
1,<environment.Job instance at 0x14ea447b4280>,6,3,[9 1],7,11,14,4,7
1,<environment.Job instance at 0x14ea447b40f0>,7,3,[2 9],8,8,11,0,8
1,<environment.Job instance at 0x14ea447b4960>,8,14,[2 5],9,14,28,5,9
1,<environment.Job instance at 0x14ea473cb190>,0,1,[10  2],2,2,3,0,2
1,<environment.Job instance at 0x14ea48d3d8c0>,0,2,[1 6],1,1,3,0,1
1,<environment.Job instance at 0x14ea48d3d7d0>,4,3,[9 1],7,7,10,0,7
1,<environment.Job instance at 0x14ea47202b90>,5,1,[5 1],8,10,11,2,8
1,<environment.Job instance at 0x14ea440da690>,0,2,[6 2],4,4,6,0,4
1,<environment.Job instance at 0x14ea44570fa0>,3,18,[ 1 10],9,11,29,2,11
1,<environment.Job instance at 0x14ea44192730>,1,13,[1 6],2,2,15,0,2
1,<environment.Job instance at 0x14ea44af2a50>,3,1,[10  1],4,15,16,11,4
1,<environment.Job instance at 0x14ea44af27d0>,4,2,[5 1],5,6,8,1,6
1,<environment.Job instance at 0x14ea44192a50>,5,1,[1 6],6,16,17,10,7
1,<environment.Job instance at 0x14ea44af2280>,7,27,[1 9],9,17,44,8,17
1,<environment.Job instance at 0x14ea512fd5f0>,0,1,[10  1],3,3,4,0,3
1,<environment.Job instance at 0x14ea512fd230>,3,2,[2 6],7,8,10,1,8
1,<environment.Job instance at 0x14ea512fd5a0>,5,3,[1 9],9,10,13,1,9
1,<environment.Job instance at 0x14ea4463d690>,0,2,[9 1],2,2,4,0,2
1,<environment.Job instance at 0x14ea4463dcd0>,1,2,[2 6],6,6,8,0,6
1,<environment.Job instance at 0x14ea47236e10>,4,16,[ 1 10],8,11,27,3,11
1,<environment.Job instance at 0x14ea47236690>,3,2,[9 1],6,27,29,21,16
1,<environment.Job instance at 0x14ea471c8320>,1,3,[5 1],3,3,6,0,3
1,<environment.Job instance at 0x14ea44a1c910>,2,1,[8 1],6,6,7,0,6
1,<environment.Job instance at 0x14ea479151e0>,0,2,[9 1],2,2,4,0,2
1,<environment.Job instance at 0x14ea47915c80>,1,1,[1 6],3,3,4,0,3
1,<environment.Job instance at 0x14ea47915140>,2,2,[1 5],4,5,7,1,5
1,<environment.Job instance at 0x14ea47915050>,3,3,[6 1],5,5,8,0,5
1,<environment.Job instance at 0x14ea475eb6e0>,4,3,[7 2],6,6,9,0,6
1,<environment.Job instance at 0x14ea475ebc80>,5,1,[2 8],7,7,8,0,7
1,<environment.Job instance at 0x14ea475eb190>,3,1,[2 8],5,25,26,20,25
1,<environment.Job instance at 0x14ea4414abe0>,0,2,[8 1],1,1,3,0,1
1,<environment.Job instance at 0x14ea4414a370>,1,2,[7 1],2,3,5,1,2
1,<environment.Job instance at 0x14ea4414a690>,2,3,[9 1],3,5,8,2,3
1,<environment.Job instance at 0x14ea4414adc0>,5,2,[2 9],6,8,10,2,6
1,<environment.Job instance at 0x14ea4414a460>,7,18,[1 6],9,10,28,1,9
1,<environment.Job instance at 0x14ea4474fc80>,0,3,[9 1],1,1,4,0,1
1,<environment.Job instance at 0x14ea5002b050>,2,1,[7 1],3,46,47,43,46
1,<environment.Job instance at 0x14ea4474f780>,4,3,[10  1],7,365,368,358,365
1,<environment.Job instance at 0x14ea53550140>,2,3,[9 2],6,7,10,1,7
1,<environment.Job instance at 0x14ea53550b40>,3,3,[8 1],8,10,13,2,10
1,<environment.Job instance at 0x14ea5346e870>,0,2,[5 1],1,1,3,0,1
1,<environment.Job instance at 0x14ea5346eb90>,3,1,[10  2],7,7,8,0,7
1,<environment.Job instance at 0x14ea53436fa0>,5,3,[8 1],9,15,18,6,15
1,<environment.Job instance at 0x14ea45cf4370>,2,1,[7 1],3,4,5,1,4
1,<environment.Job instance at 0x14ea45cf4c80>,1,2,[ 1 10],2,5,7,3,4
1,<environment.Job instance at 0x14ea50035140>,5,1,[2 7],7,7,8,0,7
1,<environment.Job instance at 0x14ea50035460>,7,1,[10  1],9,9,10,0,9
1,<environment.Job instance at 0x14ea680482d0>,1,3,[ 1 10],2,28,31,26,28
1,<environment.Job instance at 0x14ea68048410>,2,17,[1 7],3,305,322,302,305
1,<environment.Job instance at 0x14ea68048820>,3,2,[1 9],4,880,882,876,880
1,<environment.Job instance at 0x14ea69e099b0>,1,1,[5 1],2,2,3,0,2
1,<environment.Job instance at 0x14ea69e09230>,2,2,[1 6],4,4,6,0,4
1,<environment.Job instance at 0x14ea69e097d0>,3,12,[ 1 10],6,6,18,0,6
1,<environment.Job instance at 0x14ea69e09f50>,5,13,[6 1],9,26,39,17,26
1,<environment.Job instance at 0x14ea4730ab40>,2,1,[2 6],3,3,4,0,3
1,<environment.Job instance at 0x14ea4730ac80>,3,12,[1 8],4,4,16,0,4
1,<environment.Job instance at 0x14ea4730a6e0>,5,17,[1 8],7,16,33,9,7
1,<environment.Job instance at 0x14ea4730a910>,6,2,[10  1],8,33,35,25,8
1,<environment.Job instance at 0x14ea6a56c3c0>,2,3,[1 6],3,3,6,0,3
1,<environment.Job instance at 0x14ea477bec80>,1,3,[2 9],2,14,17,12,14
1,<environment.Job instance at 0x14ea441c2eb0>,0,3,[10  1],1,1,4,0,1
1,<environment.Job instance at 0x14ea441c2f00>,2,2,[7 1],4,8,10,4,8
1,<environment.Job instance at 0x14ea44803f50>,0,2,[9 1],1,1,3,0,1
1,<environment.Job instance at 0x14ea44803b90>,2,2,[8 2],4,4,6,0,4
1,<environment.Job instance at 0x14ea449f7dc0>,3,3,[8 2],5,6,9,1,5
1,<environment.Job instance at 0x14ea449f7190>,6,1,[1 6],9,9,10,0,9
1,<environment.Job instance at 0x14ea53568690>,1,2,[7 2],2,2,4,0,2
1,<environment.Job instance at 0x14ea53568460>,2,2,[7 1],3,4,6,1,3
1,<environment.Job instance at 0x14ea53568e10>,4,2,[ 1 10],5,6,8,1,6
1,<environment.Job instance at 0x14ea43e15b90>,6,2,[1 5],7,24,26,17,24
1,<environment.Job instance at 0x14ea43e15910>,1,3,[7 1],4,4,7,0,4
1,<environment.Job instance at 0x14ea6958d690>,3,12,[ 1 10],8,8,20,0,8
1,<environment.Job instance at 0x14ea6958da00>,4,1,[ 2 10],9,20,21,11,10
1,<environment.Job instance at 0x14ea43c0ac30>,0,2,[1 9],1,1,3,0,1
1,<environment.Job instance at 0x14ea6958d050>,1,2,[5 2],3,3,5,0,3
1,<environment.Job instance at 0x14ea6958da00>,2,2,[1 5],4,4,6,0,4
1,<environment.Job instance at 0x14ea43c0a870>,5,14,[2 5],8,17,31,9,17
1,<environment.Job instance at 0x14ea43debeb0>,2,2,[8 2],5,5,7,0,5
1,<environment.Job instance at 0x14ea43deb370>,5,3,[10  2],9,25,28,16,25
1,<environment.Job instance at 0x14ea529c4a00>,0,2,[6 2],2,2,4,0,2
1,<environment.Job instance at 0x14ea529c41e0>,1,3,[10  2],3,4,7,1,3
1,<environment.Job instance at 0x14ea44039f50>,2,2,[8 2],4,7,9,3,4
1,<environment.Job instance at 0x14ea44039d20>,4,3,[7 2],7,9,12,2,7
1,<environment.Job instance at 0x14ea448124b0>,0,1,[1 7],1,1,2,0,1
1,<environment.Job instance at 0x14ea448125a0>,1,1,[5 2],3,3,4,0,3
1,<environment.Job instance at 0x14ea47f5a5a0>,3,3,[2 8],5,7,10,2,7
1,<environment.Job instance at 0x14ea47f5af00>,4,16,[1 5],7,10,26,3,7
1,<environment.Job instance at 0x14ea442820a0>,5,1,[10  2],8,26,27,18,20
1,<environment.Job instance at 0x14ea500ac6e0>,3,14,[1 5],4,11,25,7,11
1,<environment.Job instance at 0x14ea4486b3c0>,2,3,[ 2 10],8,17,20,9,17
1,<environment.Job instance at 0x14ea43db3730>,1,2,[2 9],4,6,8,2,6
1,<environment.Job instance at 0x14ea43db36e0>,3,1,[9 2],8,9,10,1,9
1,<environment.Job instance at 0x14ea43db3cd0>,4,1,[1 5],9,19,20,10,19
1,<environment.Job instance at 0x14ea52a3c050>,0,2,[7 1],1,1,3,0,1
1,<environment.Job instance at 0x14ea52a3c3c0>,2,1,[8 1],3,3,4,0,3
1,<environment.Job instance at 0x14ea52a3c5a0>,3,1,[ 2 10],4,4,5,0,4
1,<environment.Job instance at 0x14ea52a3c140>,4,3,[5 2],5,5,8,0,5
1,<environment.Job instance at 0x14ea52a3cf00>,5,1,[7 2],6,8,9,2,6
1,<environment.Job instance at 0x14ea9b9577d0>,0,1,[2 5],2,2,3,0,2
1,<environment.Job instance at 0x14ea451ad9b0>,1,1,[5 1],5,5,6,0,5
1,<environment.Job instance at 0x14ea472b2eb0>,3,13,[1 8],7,7,20,0,7
1,<environment.Job instance at 0x14ea472b2960>,4,1,[1 8],8,20,21,12,8
1,<environment.Job instance at 0x14ea472b2a50>,5,2,[8 2],9,9,11,0,9
1,<environment.Job instance at 0x14ea50016960>,1,3,[5 1],2,9,12,7,9
1,<environment.Job instance at 0x14ea48d688c0>,1,1,[2 8],5,5,6,0,5
1,<environment.Job instance at 0x14ea48d68f00>,3,3,[2 8],8,8,11,0,8
1,<environment.Job instance at 0x14ea48d68190>,4,1,[5 1],9,9,10,0,9
1,<environment.Job instance at 0x14ea47235f50>,2,3,[ 2 10],3,3,6,0,3
1,<environment.Job instance at 0x14ea47235320>,3,1,[8 2],5,6,7,1,5
1,<environment.Job instance at 0x14ea47235640>,4,2,[8 1],7,8,10,1,8
1,<environment.Job instance at 0x14ea472350a0>,6,3,[9 1],9,11,14,2,11
1,<environment.Job instance at 0x14ea47235b90>,5,1,[1 5],8,21,22,13,21
1,<environment.Job instance at 0x14ea535b46e0>,0,3,[1 9],1,1,4,0,1
1,<environment.Job instance at 0x14ea535b4eb0>,1,1,[5 1],2,2,3,0,2
1,<environment.Job instance at 0x14ea535b4aa0>,3,2,[8 1],7,7,9,0,7
1,<environment.Job instance at 0x14ea535b4730>,4,3,[10  1],8,9,12,1,8
1,<environment.Job instance at 0x14ea47185b90>,0,2,[2 7],2,2,4,0,2
1,<environment.Job instance at 0x14ea47185370>,2,14,[2 5],5,16,30,11,16
1,<environment.Job instance at 0x14ea47185050>,3,14,[2 9],6,115,129,109,115
1,<environment.Job instance at 0x14ea47185910>,4,2,[9 1],7,291,293,284,291
1,<environment.Job instance at 0x14ea43dca8c0>,1,2,[7 1],2,2,4,0,2
1,<environment.Job instance at 0x14ea44aa5dc0>,2,1,[2 6],4,4,5,0,4
1,<environment.Job instance at 0x14ea44aa53c0>,5,2,[1 7],7,7,9,0,7
1,<environment.Job instance at 0x14ea44aa5b90>,7,3,[2 8],9,9,12,0,9
1,<environment.Job instance at 0x14ea43dbe460>,1,16,[1 8],3,3,19,0,3
1,<environment.Job instance at 0x14ea43dbeaa0>,3,3,[6 1],7,82,85,75,82
1,<environment.Job instance at 0x14ea695bbd70>,2,26,[1 6],3,3,29,0,3
1,<environment.Job instance at 0x14ea695bb960>,3,2,[8 1],4,4,6,0,4
1,<environment.Job instance at 0x14ea477dd820>,0,2,[5 2],1,1,3,0,1
1,<environment.Job instance at 0x14ea477ddb90>,3,3,[1 6],4,4,7,0,4
1,<environment.Job instance at 0x14ea477ddcd0>,4,2,[2 7],5,7,9,2,5
1,<environment.Job instance at 0x14ea477dd6e0>,6,14,[6 1],7,14,28,7,14
1,<environment.Job instance at 0x14ea47692780>,7,12,[2 9],8,81,93,73,81
1,<environment.Job instance at 0x14ea478fed20>,3,2,[2 7],9,9,11,0,9
1,<environment.Job instance at 0x14ea48915550>,2,12,[ 1 10],6,6,18,0,6
1,<environment.Job instance at 0x14ea489157d0>,3,3,[9 1],7,18,21,11,7
1,<environment.Job instance at 0x14ea48915a00>,5,17,[1 8],9,18,35,9,10
1,<environment.Job instance at 0x14ea4763fd70>,2,3,[8 2],5,5,8,0,5
1,<environment.Job instance at 0x14ea4763fa50>,3,3,[2 5],6,6,9,0,6
1,<environment.Job instance at 0x14ea4763fcd0>,4,3,[9 1],8,9,12,1,8
1,<environment.Job instance at 0x14ea4470d730>,5,2,[8 2],9,12,14,3,9
1,<environment.Job instance at 0x14ea4763f690>,1,1,[1 8],2,10,11,8,10
1,<environment.Job instance at 0x14ea534ed5f0>,4,3,[ 2 10],6,883,886,877,883
1,<environment.Job instance at 0x14ea43d710f0>,0,2,[8 1],1,1,3,0,1
1,<environment.Job instance at 0x14ea48c738c0>,2,3,[9 1],3,3,6,0,3
1,<environment.Job instance at 0x14ea43e61eb0>,3,1,[9 2],4,6,7,2,4
1,<environment.Job instance at 0x14ea43e61a50>,5,3,[7 2],8,8,11,0,8
1,<environment.Job instance at 0x14ea43e61410>,6,2,[ 2 10],9,11,13,2,9
1,<environment.Job instance at 0x14ea4525aaa0>,1,1,[10  1],5,5,6,0,5
1,<environment.Job instance at 0x14ea444e8320>,3,3,[6 2],9,9,12,0,9
1,<environment.Job instance at 0x14ea444e86e0>,2,18,[8 1],6,17,35,11,17
1,<environment.Job instance at 0x14ea6a125af0>,1,3,[1 5],3,3,6,0,3
1,<environment.Job instance at 0x14ea6a1253c0>,2,2,[6 2],4,4,6,0,4
1,<environment.Job instance at 0x14ea4787e870>,4,1,[ 2 10],8,9,10,1,9
1,<environment.Job instance at 0x14ea4787e960>,5,2,[8 1],9,10,12,1,10
1,<environment.Job instance at 0x14ea489b4820>,0,1,[7 2],2,2,3,0,2
1,<environment.Job instance at 0x14ea447a4280>,1,1,[5 1],3,3,4,0,3
1,<environment.Job instance at 0x14ea444baf00>,0,3,[2 8],1,1,4,0,1
1,<environment.Job instance at 0x14ea444baf50>,3,20,[1 7],5,5,25,0,5
1,<environment.Job instance at 0x14ea529c4960>,0,2,[5 1],1,1,3,0,1
1,<environment.Job instance at 0x14ea444ba2d0>,1,1,[8 2],3,3,4,0,3
1,<environment.Job instance at 0x14ea529c4dc0>,3,3,[1 7],7,7,10,0,7
1,<environment.Job instance at 0x14ea445d5c80>,0,3,[10  2],2,2,5,0,2
1,<environment.Job instance at 0x14ea445d5460>,1,1,[9 1],3,5,6,2,3
1,<environment.Job instance at 0x14ea445d5050>,2,2,[8 2],4,6,8,2,4
1,<environment.Job instance at 0x14ea445d5550>,4,1,[2 6],6,6,7,0,6
1,<environment.Job instance at 0x14ea445d5be0>,5,2,[2 7],7,7,9,0,7
1,<environment.Job instance at 0x14ea444f85a0>,6,1,[1 7],8,9,10,1,8
1,<environment.Job instance at 0x14ea53563af0>,2,1,[8 2],3,3,4,0,3
1,<environment.Job instance at 0x14ea53563870>,6,2,[9 1],7,114,116,107,114
1,<environment.Job instance at 0x14ea44a18aa0>,1,14,[7 1],3,134,148,131,134
1,<environment.Job instance at 0x14ea43db2640>,3,2,[8 1],5,5,7,0,5
1,<environment.Job instance at 0x14ea43db2e60>,4,2,[7 1],8,8,10,0,8
1,<environment.Job instance at 0x14ea43db2a50>,1,12,[ 2 10],2,2,14,0,2
1,<environment.Job instance at 0x14ea5130c280>,1,2,[1 5],4,4,6,0,4
1,<environment.Job instance at 0x14ea5130ca50>,2,1,[7 2],8,8,9,0,8
1,<environment.Job instance at 0x14ea5006d500>,3,16,[2 6],9,9,25,0,9
1,<environment.Job instance at 0x14ea52a71500>,0,1,[7 2],1,1,2,0,1
1,<environment.Job instance at 0x14ea52a71cd0>,3,3,[8 1],4,4,7,0,4
1,<environment.Job instance at 0x14ea52a71d70>,4,3,[6 1],5,7,10,2,5
1,<environment.Job instance at 0x14ea68057c80>,5,2,[6 2],9,10,12,1,9
1,<environment.Job instance at 0x14ea44a63500>,0,2,[2 7],3,3,5,0,3
1,<environment.Job instance at 0x14ea4468a280>,3,2,[10  2],9,21,23,12,21
1,<environment.Job instance at 0x14ea680c0c80>,1,3,[1 9],3,3,6,0,3
1,<environment.Job instance at 0x14ea680c0190>,2,3,[8 2],4,6,9,2,4
1,<environment.Job instance at 0x14ea680c0280>,4,22,[7 2],6,14,36,8,14
1,<environment.Job instance at 0x14ea44433e10>,7,13,[6 1],9,91,104,82,91
1,<environment.Job instance at 0x14ea441c9c30>,0,2,[ 2 10],1,2,4,1,2
1,<environment.Job instance at 0x14ea441c9500>,2,3,[2 8],4,4,7,0,4
1,<environment.Job instance at 0x14ea441c9f50>,5,1,[2 6],8,8,9,0,8
1,<environment.Job instance at 0x14ea9b935050>,6,3,[7 1],9,9,12,0,9
1,<environment.Job instance at 0x14ea441c95f0>,4,2,[6 2],7,16,18,9,16
1,<environment.Job instance at 0x14ea512f7a00>,2,1,[10  1],7,8,9,1,8
1,<environment.Job instance at 0x14ea451cd0a0>,1,1,[6 1],4,4,5,0,4
1,<environment.Job instance at 0x14ea451cd410>,4,15,[9 1],8,17,32,9,17
1,<environment.Job instance at 0x14ea487f0820>,3,13,[2 7],5,31,44,26,31
1,<environment.Job instance at 0x14ea478ea500>,0,2,[1 5],1,2,4,1,2
1,<environment.Job instance at 0x14ea478ea640>,4,3,[2 9],6,36,39,30,36
1,<environment.Job instance at 0x14ea478d6fa0>,0,1,[7 2],1,1,2,0,1
1,<environment.Job instance at 0x14ea487a5d70>,2,3,[6 1],3,3,6,0,3
1,<environment.Job instance at 0x14ea487a5500>,3,1,[7 2],4,6,7,2,4
1,<environment.Job instance at 0x14ea487a5320>,6,28,[7 2],8,8,36,0,8
1,<environment.Job instance at 0x14ea487a5fa0>,7,19,[10  2],9,36,55,27,27
1,<environment.Job instance at 0x14ea4468aeb0>,1,16,[1 8],2,2,18,0,2
1,<environment.Job instance at 0x14ea4468a500>,5,14,[1 9],7,142,156,135,142
1,<environment.Job instance at 0x14ea47646910>,1,3,[6 1],3,3,6,0,3
1,<environment.Job instance at 0x14ea47646960>,2,2,[1 6],4,4,6,0,4
1,<environment.Job instance at 0x14ea447643c0>,6,2,[ 1 10],9,164,166,155,164
1,<environment.Job instance at 0x14ea43f693c0>,3,3,[8 2],4,4,7,0,4
1,<environment.Job instance at 0x14ea43f69050>,5,17,[9 1],6,68,85,62,68
1,<environment.Job instance at 0x14ea43f69dc0>,7,24,[10  2],9,174,198,165,174
1,<environment.Job instance at 0x14ea488fc140>,0,3,[10  1],2,2,5,0,2
1,<environment.Job instance at 0x14ea488fc3c0>,1,16,[ 1 10],3,5,21,2,3
1,<environment.Job instance at 0x14ea4463a140>,1,12,[6 2],2,3,15,1,3
1,<environment.Job instance at 0x14ea4463a4b0>,2,17,[ 1 10],4,15,32,11,4
1,<environment.Job instance at 0x14ea4463ab90>,3,3,[8 2],5,46,49,41,46
1,<environment.Job instance at 0x14ea4463a5f0>,5,2,[6 2],8,430,432,422,430
1,<environment.Job instance at 0x14ea48c7f640>,0,2,[1 7],1,1,3,0,1
1,<environment.Job instance at 0x14ea48c7f550>,2,1,[6 2],6,6,7,0,6
1,<environment.Job instance at 0x14ea48c7f190>,3,1,[8 2],7,7,8,0,7
1,<environment.Job instance at 0x14ea449e4230>,4,2,[1 6],8,8,10,0,8
1,<environment.Job instance at 0x14ea529c4280>,0,1,[9 1],4,4,5,0,4
1,<environment.Job instance at 0x14ea478fe7d0>,2,2,[2 7],6,36,38,30,36
1,<environment.Job instance at 0x14ea51308b90>,5,12,[5 2],7,16,28,9,16
1,<environment.Job instance at 0x14ea473a9780>,2,3,[ 2 10],3,3,6,0,3
1,<environment.Job instance at 0x14ea529d85f0>,0,1,[2 8],1,1,2,0,1
1,<environment.Job instance at 0x14ea529d8f50>,2,22,[2 9],3,3,25,0,3
1,<environment.Job instance at 0x14ea5296c140>,6,3,[9 2],8,25,28,17,8
1,<environment.Job instance at 0x14ea44a5c5a0>,2,17,[7 1],3,7,24,4,7
1,<environment.Job instance at 0x14ea6a11a1e0>,0,1,[2 7],1,1,2,0,1
1,<environment.Job instance at 0x14ea6a11aaf0>,1,2,[8 1],3,3,5,0,3
1,<environment.Job instance at 0x14ea69566870>,2,3,[ 1 10],5,5,8,0,5
1,<environment.Job instance at 0x14ea69566be0>,4,3,[7 1],8,9,12,1,9
1,<environment.Job instance at 0x14ea69566550>,5,2,[1 8],9,11,13,2,11
1,<environment.Job instance at 0x14ea46744500>,4,2,[ 1 10],8,335,337,327,335
1,<environment.Job instance at 0x14ea442664b0>,0,1,[7 2],1,1,2,0,1
1,<environment.Job instance at 0x14ea44266cd0>,2,16,[1 5],5,5,21,0,5
1,<environment.Job instance at 0x14ea43c3e1e0>,3,3,[ 2 10],7,21,24,14,7
1,<environment.Job instance at 0x14ea43c3e190>,4,1,[9 1],8,8,9,0,8
1,<environment.Job instance at 0x14ea43c3e7d0>,5,14,[1 7],9,24,38,15,9
1,<environment.Job instance at 0x14ea48ce5b90>,6,15,[2 8],8,8,23,0,8
1,<environment.Job instance at 0x14ea43c3e7d0>,4,1,[2 8],6,35,36,29,35
1,<environment.Job instance at 0x14ea48911e60>,0,1,[2 5],4,4,5,0,4
1,<environment.Job instance at 0x14ea489116e0>,2,2,[9 1],6,6,8,0,6
1,<environment.Job instance at 0x14ea48911690>,4,2,[1 7],8,18,20,10,18
1,<environment.Job instance at 0x14ea69e36a50>,2,3,[7 2],4,4,7,0,4
1,<environment.Job instance at 0x14ea69e36fa0>,1,13,[6 1],3,7,20,4,7
1,<environment.Job instance at 0x14ea44392e60>,5,3,[9 1],9,20,23,11,9
1,<environment.Job instance at 0x14ea69e36f50>,3,1,[6 2],5,23,24,18,18
1,<environment.Job instance at 0x14ea50086280>,1,22,[1 5],2,2,24,0,2
1,<environment.Job instance at 0x14ea50086dc0>,3,1,[1 5],6,8,9,2,8
1,<environment.Job instance at 0x14ea4782a730>,0,1,[10  2],1,1,2,0,1
1,<environment.Job instance at 0x14ea4782a0f0>,2,1,[2 6],4,4,5,0,4
1,<environment.Job instance at 0x14ea4782aa50>,3,1,[5 2],6,6,7,0,6
1,<environment.Job instance at 0x14ea4406f4b0>,1,2,[6 1],4,4,6,0,4
1,<environment.Job instance at 0x14ea52b5b690>,3,2,[5 1],7,7,9,0,7
1,<environment.Job instance at 0x14ea52b5bf50>,4,2,[1 5],8,8,10,0,8
1,<environment.Job instance at 0x14ea48c1bb90>,0,2,[6 2],1,1,3,0,1
1,<environment.Job instance at 0x14ea48c1b8c0>,2,3,[ 1 10],4,4,7,0,4
1,<environment.Job instance at 0x14ea48c1bc30>,3,2,[7 2],6,7,9,1,6
1,<environment.Job instance at 0x14ea489530a0>,4,2,[2 7],8,8,10,0,8
1,<environment.Job instance at 0x14ea442583c0>,0,2,[1 8],1,1,3,0,1
1,<environment.Job instance at 0x14ea44258460>,6,24,[1 5],9,14,38,5,14
1,<environment.Job instance at 0x14ea442586e0>,5,2,[5 2],8,133,135,125,133
1,<environment.Job instance at 0x14ea448400a0>,0,2,[6 2],1,1,3,0,1
1,<environment.Job instance at 0x14ea44840820>,3,1,[1 7],5,6,7,1,6
1,<environment.Job instance at 0x14ea44840190>,4,1,[1 8],6,302,303,296,302
1,<environment.Job instance at 0x14ea48788cd0>,1,12,[2 6],3,3,15,0,3
1,<environment.Job instance at 0x14ea448409b0>,2,2,[2 5],4,15,17,11,4
1,<environment.Job instance at 0x14ea4723aa50>,1,2,[2 7],4,4,6,0,4
1,<environment.Job instance at 0x14ea472a9640>,3,1,[10  1],9,9,10,0,9
1,<environment.Job instance at 0x14ea44944690>,1,25,[2 9],4,4,29,0,4
1,<environment.Job instance at 0x14ea44944140>,2,1,[7 2],6,29,30,23,6
1,<environment.Job instance at 0x14ea44944e60>,3,3,[2 9],7,30,33,23,7
1,<environment.Job instance at 0x14ea48c98b90>,6,3,[1 9],8,8,11,0,8
1,<environment.Job instance at 0x14ea48c98a00>,5,3,[10  2],7,11,14,4,9
1,<environment.Job instance at 0x14ea48c98c80>,7,1,[7 1],9,14,15,5,11
1,<environment.Job instance at 0x14ea4891a0a0>,1,2,[10  1],3,3,5,0,3
1,<environment.Job instance at 0x14ea4891ae60>,2,2,[ 2 10],4,5,7,1,4
1,<environment.Job instance at 0x14ea48855d70>,4,26,[10  2],7,14,40,7,14
1,<environment.Job instance at 0x14ea43fcc0f0>,0,1,[10  2],1,1,2,0,1
1,<environment.Job instance at 0x14ea5348f550>,2,2,[2 8],7,7,9,0,7
1,<environment.Job instance at 0x14ea529fbfa0>,1,26,[ 1 10],2,2,28,0,2
1,<environment.Job instance at 0x14ea43df6820>,2,1,[10  2],4,16,17,12,16
1,<environment.Job instance at 0x14ea4513d6e0>,3,2,[2 9],5,6,8,1,6
1,<environment.Job instance at 0x14ea4513df00>,5,1,[6 2],8,10,11,2,10
1,<environment.Job instance at 0x14ea534418c0>,6,18,[2 8],9,27,45,18,27
1,<environment.Job instance at 0x14ea4730a730>,1,1,[6 2],2,2,3,0,2
1,<environment.Job instance at 0x14ea45462500>,2,14,[1 8],5,5,19,0,5
1,<environment.Job instance at 0x14ea4730a460>,3,1,[1 6],6,19,20,13,6
1,<environment.Job instance at 0x14ea69eec2d0>,1,2,[2 5],2,2,4,0,2
1,<environment.Job instance at 0x14ea69eecc80>,3,2,[1 9],4,4,6,0,4
1,<environment.Job instance at 0x14ea69eecb90>,4,1,[2 6],5,6,7,1,5
1,<environment.Job instance at 0x14ea69eec960>,6,1,[9 1],8,8,9,0,8
1,<environment.Job instance at 0x14ea47f39460>,3,2,[1 6],7,30,32,23,30
1,<environment.Job instance at 0x14ea47f39550>,1,3,[2 6],4,32,35,28,32
1,<environment.Job instance at 0x14ea47328c30>,1,16,[1 8],2,2,18,0,2
1,<environment.Job instance at 0x14ea47328460>,2,3,[2 5],4,18,21,14,4
1,<environment.Job instance at 0x14ea6807ce60>,4,19,[1 6],7,21,40,14,11
1,<environment.Job instance at 0x14ea6807cf50>,1,2,[6 2],2,2,4,0,2
1,<environment.Job instance at 0x14ea6807ceb0>,2,16,[2 5],4,4,20,0,4
1,<environment.Job instance at 0x14ea446f0910>,3,3,[8 2],5,5,8,0,5
1,<environment.Job instance at 0x14ea446f0410>,5,20,[5 1],7,8,28,1,7
1,<environment.Job instance at 0x14ea446f0460>,7,12,[2 7],9,20,32,11,10
1,<environment.Job instance at 0x14ea473ce2d0>,2,16,[2 5],4,4,20,0,4
1,<environment.Job instance at 0x14ea473ce7d0>,1,13,[10  2],3,20,33,17,4
1,<environment.Job instance at 0x14ea44b03af0>,3,3,[5 1],5,7,10,2,7
1,<environment.Job instance at 0x14ea44b03730>,6,3,[1 7],9,33,36,24,12
1,<environment.Job instance at 0x14ea4894fb40>,0,1,[9 2],1,1,2,0,1
1,<environment.Job instance at 0x14ea44b035f0>,2,1,[6 2],4,4,5,0,4
1,<environment.Job instance at 0x14ea43e00aa0>,4,1,[6 1],6,6,7,0,6
1,<environment.Job instance at 0x14ea43e00780>,6,16,[2 8],8,8,24,0,8
1,<environment.Job instance at 0x14ea43e00b90>,7,16,[1 9],9,24,40,15,11
1,<environment.Job instance at 0x14ea44a71f00>,0,1,[2 7],1,1,2,0,1
1,<environment.Job instance at 0x14ea48bf96e0>,1,16,[1 8],3,3,19,0,3
1,<environment.Job instance at 0x14ea43e19c80>,1,3,[1 9],2,2,5,0,2
1,<environment.Job instance at 0x14ea43e19370>,2,1,[8 2],3,5,6,2,3
1,<environment.Job instance at 0x14ea43e193c0>,3,1,[1 7],4,5,6,1,4
1,<environment.Job instance at 0x14ea43e19be0>,4,2,[8 1],5,7,9,2,7
1,<environment.Job instance at 0x14ea445fad70>,6,1,[5 2],8,9,10,1,8
1,<environment.Job instance at 0x14ea47733500>,0,3,[7 1],2,2,5,0,2
1,<environment.Job instance at 0x14ea444168c0>,1,3,[1 5],2,2,5,0,2
1,<environment.Job instance at 0x14ea44416910>,3,1,[8 1],6,6,7,0,6
1,<environment.Job instance at 0x14ea46726230>,1,18,[ 1 10],6,6,24,0,6
1,<environment.Job instance at 0x14ea43d02be0>,3,2,[10  1],8,24,26,16,8
1,<environment.Job instance at 0x14ea69523c80>,0,1,[1 7],1,2,3,1,2
1,<environment.Job instance at 0x14ea695233c0>,2,1,[2 9],4,4,5,0,4
1,<environment.Job instance at 0x14ea442edeb0>,4,2,[1 9],7,8,10,1,8
1,<environment.Job instance at 0x14ea442edcd0>,5,3,[10  1],8,16,19,8,16
1,<environment.Job instance at 0x14ea478b25f0>,0,2,[6 1],1,1,3,0,1
1,<environment.Job instance at 0x14ea43ce2370>,1,2,[2 5],2,2,4,0,2
1,<environment.Job instance at 0x14ea44108cd0>,3,3,[8 1],4,4,7,0,4
1,<environment.Job instance at 0x14ea44108fa0>,4,15,[1 7],5,5,20,0,5
1,<environment.Job instance at 0x14ea441089b0>,7,1,[1 9],9,20,21,11,16
1,<environment.Job instance at 0x14ea533ed320>,0,3,[10  2],1,1,4,0,1
1,<environment.Job instance at 0x14ea5357f820>,2,2,[ 2 10],3,4,6,1,3
1,<environment.Job instance at 0x14ea6a5048c0>,3,3,[1 5],4,6,9,2,4
1,<environment.Job instance at 0x14ea535b6cd0>,0,1,[ 1 10],2,3,4,1,3
1,<environment.Job instance at 0x14ea6a5048c0>,2,2,[2 9],4,4,6,0,4
1,<environment.Job instance at 0x14ea534d85a0>,3,1,[5 1],5,5,6,0,5
1,<environment.Job instance at 0x14ea534d8870>,5,2,[5 2],8,8,10,0,8
1,<environment.Job instance at 0x14ea534d8f50>,6,21,[2 8],9,9,30,0,9
1,<environment.Job instance at 0x14ea500710f0>,3,2,[6 2],7,7,9,0,7
1,<environment.Job instance at 0x14ea500712d0>,4,2,[6 1],9,9,11,0,9
1,<environment.Job instance at 0x14ea451fdc30>,1,17,[5 1],2,2,19,0,2
1,<environment.Job instance at 0x14ea451fd190>,2,3,[2 5],3,3,6,0,3
1,<environment.Job instance at 0x14ea43e98230>,4,3,[10  2],6,19,22,13,13
1,<environment.Job instance at 0x14ea52a65eb0>,0,1,[ 1 10],1,3,4,2,3
1,<environment.Job instance at 0x14ea52a65a50>,1,18,[ 2 10],3,4,22,1,3
1,<environment.Job instance at 0x14ea43ea7820>,1,1,[9 1],3,19,20,16,19
1,<environment.Job instance at 0x14ea534b4dc0>,2,3,[2 6],5,5,8,0,5
1,<environment.Job instance at 0x14ea534b41e0>,3,3,[2 7],6,8,11,2,6
1,<environment.Job instance at 0x14ea534b4370>,4,2,[6 1],7,7,9,0,7
1,<environment.Job instance at 0x14ea534b4140>,5,1,[5 1],9,9,10,0,9
1,<environment.Job instance at 0x14ea48c23370>,2,2,[8 1],4,13,15,9,13
1,<environment.Job instance at 0x14ea48cf7820>,1,2,[1 9],3,27,29,24,27
1,<environment.Job instance at 0x14ea48c23f50>,4,3,[2 5],6,129,132,123,129
1,<environment.Job instance at 0x14ea51315690>,4,1,[10  1],5,408,409,403,408
1,<environment.Job instance at 0x14ea45121cd0>,1,2,[1 7],2,3,5,1,3
1,<environment.Job instance at 0x14ea451212d0>,2,15,[1 9],3,5,20,2,3
1,<environment.Job instance at 0x14ea45121910>,4,2,[1 9],7,20,22,13,7
1,<environment.Job instance at 0x14ea451215a0>,6,17,[ 1 10],9,22,39,13,10
1,<environment.Job instance at 0x14ea45121e10>,3,1,[6 2],4,4,5,0,4
1,<environment.Job instance at 0x14ea449385a0>,5,3,[2 5],7,15,18,8,15
1,<environment.Job instance at 0x14ea44196aa0>,0,1,[10  2],1,1,2,0,1
1,<environment.Job instance at 0x14ea44196550>,2,12,[2 7],3,4,16,1,4
1,<environment.Job instance at 0x14ea43ff6b90>,1,1,[6 1],3,3,4,0,3
1,<environment.Job instance at 0x14ea43ff68c0>,2,3,[6 1],4,4,7,0,4
1,<environment.Job instance at 0x14ea43ff64b0>,4,14,[1 8],8,8,22,0,8
1,<environment.Job instance at 0x14ea44741c80>,3,16,[ 1 10],6,8,24,2,8
1,<environment.Job instance at 0x14ea44741e10>,2,3,[2 7],5,70,73,65,70
1,<environment.Job instance at 0x14ea44741550>,4,13,[10  2],7,1809,1822,1802,1809
1,<environment.Job instance at 0x14ea445a8960>,2,3,[1 9],5,107,110,102,107
1,<environment.Job instance at 0x14ea445a82d0>,4,2,[2 6],7,191,193,184,191
1,<environment.Job instance at 0x14ea4416b5a0>,0,2,[2 7],1,1,3,0,1
1,<environment.Job instance at 0x14ea4416b820>,2,3,[1 8],3,3,6,0,3
1,<environment.Job instance at 0x14ea4416b690>,4,2,[10  2],5,6,8,1,5
1,<environment.Job instance at 0x14ea4416b7d0>,5,1,[1 8],6,8,9,2,6
1,<environment.Job instance at 0x14ea488de730>,7,3,[8 1],9,9,12,0,9
1,<environment.Job instance at 0x14ea47841b40>,1,18,[1 7],3,3,21,0,3
1,<environment.Job instance at 0x14ea478416e0>,2,3,[9 1],4,4,7,0,4
1,<environment.Job instance at 0x14ea478412d0>,3,2,[7 1],6,7,9,1,6
1,<environment.Job instance at 0x14ea478411e0>,5,3,[8 1],9,9,12,0,9
1,<environment.Job instance at 0x14ea69dff6e0>,1,2,[ 1 10],2,2,4,0,2
1,<environment.Job instance at 0x14ea69dff4b0>,2,2,[2 7],4,5,7,1,5
1,<environment.Job instance at 0x14ea44400aa0>,3,14,[2 6],5,7,21,2,6
1,<environment.Job instance at 0x14ea44400320>,4,3,[2 8],6,21,24,15,6
1,<environment.Job instance at 0x14ea52baff50>,1,2,[1 5],3,3,5,0,3
1,<environment.Job instance at 0x14ea451df410>,3,1,[10  2],5,5,6,0,5
1,<environment.Job instance at 0x14ea451df5f0>,4,1,[5 2],6,6,7,0,6
1,<environment.Job instance at 0x14ea451df1e0>,5,1,[2 6],7,7,8,0,7
1,<environment.Job instance at 0x14ea451dffa0>,6,3,[ 2 10],8,8,11,0,8
1,<environment.Job instance at 0x14ea43eb5e60>,2,27,[ 1 10],3,3,30,0,3
1,<environment.Job instance at 0x14ea44617dc0>,4,1,[ 2 10],5,30,31,25,7
1,<environment.Job instance at 0x14ea53460410>,1,3,[1 7],2,2,5,0,2
1,<environment.Job instance at 0x14ea53460820>,3,1,[2 5],7,9,10,2,9
1,<environment.Job instance at 0x14ea47399550>,3,15,[2 9],5,5,20,0,5
1,<environment.Job instance at 0x14ea47399f00>,4,2,[2 5],6,20,22,14,6
1,<environment.Job instance at 0x14ea47399eb0>,5,2,[ 1 10],7,22,24,15,7
1,<environment.Job instance at 0x14ea47636e10>,2,3,[5 1],3,31,34,28,31
1,<environment.Job instance at 0x14ea451cd1e0>,1,3,[1 6],4,4,7,0,4
1,<environment.Job instance at 0x14ea48bebf00>,2,1,[ 2 10],5,7,8,2,5
1,<environment.Job instance at 0x14ea43c52730>,4,1,[2 6],8,20,21,12,20
1,<environment.Job instance at 0x14ea477b05f0>,1,2,[2 9],2,3,5,1,3
1,<environment.Job instance at 0x14ea477b0d70>,2,3,[2 9],3,5,8,2,3
1,<environment.Job instance at 0x14ea68048f50>,6,3,[2 8],7,23,26,16,23
1,<environment.Job instance at 0x14ea68048b90>,5,17,[1 6],6,62,79,56,62
1,<environment.Job instance at 0x14ea4734c460>,1,2,[9 2],2,2,4,0,2
1,<environment.Job instance at 0x14ea68048500>,2,3,[2 8],3,4,7,1,3
1,<environment.Job instance at 0x14ea43e17d70>,4,3,[7 2],6,6,9,0,6
1,<environment.Job instance at 0x14ea68048b90>,3,14,[8 2],5,9,23,4,8
1,<environment.Job instance at 0x14ea43e177d0>,6,2,[8 1],9,23,25,14,9
1,<environment.Job instance at 0x14ea43e17c80>,5,2,[7 1],8,25,27,17,13
1,<environment.Job instance at 0x14ea4484acd0>,1,2,[8 1],2,2,4,0,2
1,<environment.Job instance at 0x14ea4484a500>,2,2,[6 2],3,4,6,1,3
1,<environment.Job instance at 0x14ea4484a910>,3,1,[2 5],4,4,5,0,4
1,<environment.Job instance at 0x14ea446880f0>,5,3,[8 1],6,7,10,1,7
1,<environment.Job instance at 0x14ea4484ae10>,7,2,[1 6],9,12,14,3,12
1,<environment.Job instance at 0x14ea451f4140>,0,1,[1 5],4,4,5,0,4
1,<environment.Job instance at 0x14ea451f40a0>,1,1,[1 5],6,6,7,0,6
1,<environment.Job instance at 0x14ea451f4d20>,2,2,[1 5],9,9,11,0,9
1,<environment.Job instance at 0x14ea48c6e3c0>,1,1,[1 6],2,123,124,121,123
1,<environment.Job instance at 0x14ea48c53690>,0,1,[5 2],2,2,3,0,2
1,<environment.Job instance at 0x14ea48c535f0>,1,1,[7 2],3,3,4,0,3
1,<environment.Job instance at 0x14ea47827eb0>,5,15,[ 1 10],8,8,23,0,8
1,<environment.Job instance at 0x14ea47827dc0>,6,3,[1 8],9,181,184,172,181
1,<environment.Job instance at 0x14ea52bc80a0>,1,3,[9 1],4,4,7,0,4
1,<environment.Job instance at 0x14ea443c94b0>,3,3,[10  2],6,7,10,1,6
1,<environment.Job instance at 0x14ea443c9b40>,4,17,[2 8],8,10,27,2,8
1,<environment.Job instance at 0x14ea500a34b0>,0,2,[8 1],3,3,5,0,3
1,<environment.Job instance at 0x14ea500a3d20>,2,3,[10  1],6,6,9,0,6
1,<environment.Job instance at 0x14ea444085f0>,5,1,[ 1 10],9,9,10,0,9
1,<environment.Job instance at 0x14ea445908c0>,0,2,[10  2],1,1,3,0,1
1,<environment.Job instance at 0x14ea4442baf0>,5,16,[2 7],7,40,56,33,40
1,<environment.Job instance at 0x14ea4442b780>,6,2,[8 1],8,169,171,161,169
1,<environment.Job instance at 0x14ea472024b0>,1,3,[10  1],3,3,6,0,3
1,<environment.Job instance at 0x14ea47202eb0>,3,2,[5 1],6,6,8,0,6
1,<environment.Job instance at 0x14ea47202910>,4,17,[ 1 10],7,8,25,1,7
1,<environment.Job instance at 0x14ea44265c30>,1,3,[7 1],2,2,5,0,2
1,<environment.Job instance at 0x14ea442655a0>,2,2,[5 1],4,5,7,1,4
1,<environment.Job instance at 0x14ea442655f0>,4,20,[5 1],6,6,26,0,6
1,<environment.Job instance at 0x14ea440cad70>,5,17,[2 6],7,7,24,0,7
1,<environment.Job instance at 0x14ea440caeb0>,7,14,[5 2],9,24,38,15,16
1,<environment.Job instance at 0x14ea449fee60>,1,1,[7 2],2,3,4,1,3
1,<environment.Job instance at 0x14ea449fe500>,3,1,[2 5],4,5,6,1,5
1,<environment.Job instance at 0x14ea449fe410>,6,1,[1 6],8,9,10,1,9
1,<environment.Job instance at 0x14ea449fed70>,4,3,[2 6],5,30,33,25,30
1,<environment.Job instance at 0x14ea449fe190>,2,2,[1 8],3,33,35,30,32
1,<environment.Job instance at 0x14ea4738b1e0>,1,24,[1 7],2,11,35,9,11
1,<environment.Job instance at 0x14ea4738b230>,2,3,[2 6],4,61,64,57,61
1,<environment.Job instance at 0x14ea4738b0f0>,3,1,[10  1],5,99,100,94,99
1,<environment.Job instance at 0x14ea477be050>,1,3,[7 1],3,3,6,0,3
1,<environment.Job instance at 0x14ea477bebe0>,2,2,[7 1],4,6,8,2,4
1,<environment.Job instance at 0x14ea44561730>,3,2,[1 8],5,5,7,0,5
1,<environment.Job instance at 0x14ea445617d0>,4,3,[10  1],6,8,11,2,6
1,<environment.Job instance at 0x14ea44561d70>,5,1,[1 8],7,7,8,0,7
1,<environment.Job instance at 0x14ea477beb90>,7,3,[1 6],9,31,34,22,31
1,<environment.Job instance at 0x14ea69e7de60>,0,1,[9 2],1,1,2,0,1
1,<environment.Job instance at 0x14ea4760e870>,3,1,[2 7],7,7,8,0,7
1,<environment.Job instance at 0x14ea69e7d500>,4,1,[1 6],9,9,10,0,9
1,<environment.Job instance at 0x14ea69e7df00>,1,18,[1 7],3,3,21,0,3
1,<environment.Job instance at 0x14ea535a2820>,2,1,[10  1],4,21,22,17,4
1,<environment.Job instance at 0x14ea535a2730>,3,1,[9 1],5,5,6,0,5
1,<environment.Job instance at 0x14ea535a2af0>,6,1,[7 1],8,8,9,0,8
1,<environment.Job instance at 0x14ea535a25a0>,7,2,[5 2],9,10,12,1,10
1,<environment.Job instance at 0x14ea53443b40>,0,1,[6 2],1,1,2,0,1
1,<environment.Job instance at 0x14ea47f478c0>,1,24,[2 9],3,3,27,0,3
1,<environment.Job instance at 0x14ea4466f9b0>,2,3,[6 1],4,4,7,0,4
1,<environment.Job instance at 0x14ea48c42fa0>,4,3,[2 8],9,27,30,18,9
1,<environment.Job instance at 0x14ea478c6a50>,1,16,[2 7],2,2,18,0,2
1,<environment.Job instance at 0x14ea478c6f00>,2,2,[2 5],4,18,20,14,4
1,<environment.Job instance at 0x14ea4769e640>,0,2,[2 8],4,4,6,0,4
1,<environment.Job instance at 0x14ea4769e3c0>,1,2,[2 5],5,6,8,1,5
1,<environment.Job instance at 0x14ea4769e690>,3,2,[ 1 10],7,8,10,1,7
1,<environment.Job instance at 0x14ea47699aa0>,0,1,[2 5],1,1,2,0,1
1,<environment.Job instance at 0x14ea6a125c30>,6,2,[ 1 10],8,8,10,0,8
1,<environment.Job instance at 0x14ea6a125730>,7,3,[6 2],9,10,13,1,9
1,<environment.Job instance at 0x14ea47699140>,3,3,[10  2],5,18,21,13,18
1,<environment.Job instance at 0x14ea47699b90>,2,3,[6 2],3,21,24,18,21
1,<environment.Job instance at 0x14ea6a125a00>,4,1,[2 7],6,105,106,99,105
1,<environment.Job instance at 0x14ea43d02f00>,3,3,[8 2],4,5,8,1,5
1,<environment.Job instance at 0x14ea441a85f0>,5,3,[2 6],6,7,10,1,7
1,<environment.Job instance at 0x14ea441a87d0>,6,2,[8 1],8,10,12,2,10
1,<environment.Job instance at 0x14ea442b0690>,1,1,[7 1],3,3,4,0,3
1,<environment.Job instance at 0x14ea442f4780>,5,2,[1 5],8,20,22,12,20
1,<environment.Job instance at 0x14ea44298c30>,4,14,[8 2],6,98,112,92,98
1,<environment.Job instance at 0x14ea4445ea50>,0,3,[6 1],2,2,5,0,2
1,<environment.Job instance at 0x14ea4445ef00>,5,3,[9 2],8,8,11,0,8
1,<environment.Job instance at 0x14ea4445e960>,2,3,[7 1],4,11,14,7,9
1,<environment.Job instance at 0x14ea447c7d20>,5,21,[2 9],8,18,39,10,18
1,<environment.Job instance at 0x14ea447c7c80>,3,3,[ 2 10],4,616,619,612,616
1,<environment.Job instance at 0x14ea45137e60>,1,2,[2 6],2,2,4,0,2
1,<environment.Job instance at 0x14ea451378c0>,3,3,[6 2],5,5,8,0,5
1,<environment.Job instance at 0x14ea6957d460>,2,2,[2 5],4,4,6,0,4
1,<environment.Job instance at 0x14ea6957d3c0>,3,2,[1 6],5,6,8,1,5
1,<environment.Job instance at 0x14ea6957d140>,1,15,[1 5],3,8,23,5,5
1,<environment.Job instance at 0x14ea6957d5f0>,4,1,[1 9],7,23,24,16,7
1,<environment.Job instance at 0x14ea47769f00>,2,1,[5 2],5,5,6,0,5
1,<environment.Job instance at 0x14ea477690a0>,5,3,[9 2],8,8,11,0,8
1,<environment.Job instance at 0x14ea44110dc0>,4,1,[1 7],7,8,9,1,8
1,<environment.Job instance at 0x14ea48c84460>,0,1,[2 7],1,1,2,0,1
1,<environment.Job instance at 0x14ea443732d0>,1,1,[5 1],2,2,3,0,2
1,<environment.Job instance at 0x14ea44373e10>,3,2,[2 8],5,5,7,0,5
1,<environment.Job instance at 0x14ea44373910>,4,3,[10  2],6,7,10,1,6
1,<environment.Job instance at 0x14ea44373690>,5,2,[7 1],7,10,12,3,7
1,<environment.Job instance at 0x14ea48ce78c0>,6,2,[5 2],8,12,14,4,8
1,<environment.Job instance at 0x14ea449f61e0>,0,2,[2 5],1,1,3,0,1
1,<environment.Job instance at 0x14ea449f6c30>,2,3,[1 5],4,4,7,0,4
1,<environment.Job instance at 0x14ea6955baa0>,4,1,[ 1 10],7,7,8,0,7
1,<environment.Job instance at 0x14ea6955b0f0>,5,2,[5 2],8,8,10,0,8
1,<environment.Job instance at 0x14ea6955b870>,6,16,[1 5],9,12,28,3,12
1,<environment.Job instance at 0x14ea43cbb5f0>,1,1,[8 1],2,2,3,0,2
1,<environment.Job instance at 0x14ea43cbb7d0>,2,1,[2 8],3,3,4,0,3
1,<environment.Job instance at 0x14ea43cbbf50>,3,1,[7 2],4,4,5,0,4
1,<environment.Job instance at 0x14ea43cbb870>,4,1,[2 7],5,5,6,0,5
1,<environment.Job instance at 0x14ea43faa7d0>,0,3,[6 2],1,1,4,0,1
1,<environment.Job instance at 0x14ea43cbbeb0>,4,28,[ 2 10],5,26,54,21,26
1,<environment.Job instance at 0x14ea52b5f640>,0,1,[8 2],1,1,2,0,1
1,<environment.Job instance at 0x14ea44298be0>,3,2,[10  2],8,8,10,0,8
1,<environment.Job instance at 0x14ea4784c2d0>,0,3,[5 1],2,2,5,0,2
1,<environment.Job instance at 0x14ea4784ce60>,4,3,[5 1],6,6,9,0,6
1,<environment.Job instance at 0x14ea4784c0a0>,5,14,[2 8],9,10,24,1,10
1,<environment.Job instance at 0x14ea449e0730>,2,3,[1 9],6,64,67,58,64
1,<environment.Job instance at 0x14ea488ff320>,1,3,[1 5],2,43,46,41,43
1,<environment.Job instance at 0x14ea43cc6fa0>,1,3,[6 2],2,49,52,47,49
1,<environment.Job instance at 0x14ea43c82690>,0,1,[10  1],1,1,2,0,1
1,<environment.Job instance at 0x14ea43c82aa0>,1,2,[ 1 10],2,3,5,1,3
1,<environment.Job instance at 0x14ea43c827d0>,3,1,[1 6],4,5,6,1,4
1,<environment.Job instance at 0x14ea43c82c30>,4,1,[2 9],5,6,7,1,5
1,<environment.Job instance at 0x14ea43c82b40>,5,3,[2 5],6,7,10,1,6
1,<environment.Job instance at 0x14ea478e4370>,1,2,[ 1 10],4,4,6,0,4
1,<environment.Job instance at 0x14ea478e4820>,3,13,[2 6],6,6,19,0,6
1,<environment.Job instance at 0x14ea478e4eb0>,5,2,[2 5],9,114,116,105,114
1,<environment.Job instance at 0x14ea6956e780>,0,1,[10  2],1,1,2,0,1
1,<environment.Job instance at 0x14ea43eb5370>,2,2,[8 1],3,3,5,0,3
1,<environment.Job instance at 0x14ea43eb5320>,3,1,[ 1 10],4,5,6,1,4
1,<environment.Job instance at 0x14ea43eb5820>,5,1,[6 1],6,6,7,0,6
1,<environment.Job instance at 0x14ea43eb52d0>,6,14,[5 1],7,7,21,0,7
1,<environment.Job instance at 0x14ea43eb5eb0>,7,2,[2 5],8,8,10,0,8
1,<environment.Job instance at 0x14ea43eb5730>,8,13,[1 5],9,10,23,1,9
1,<environment.Job instance at 0x14ea43eb5730>,1,3,[6 1],2,2,5,0,2
1,<environment.Job instance at 0x14ea43eb57d0>,2,3,[2 9],3,3,6,0,3
1,<environment.Job instance at 0x14ea445709b0>,0,1,[5 2],2,2,3,0,2
1,<environment.Job instance at 0x14ea443c1460>,2,1,[ 1 10],3,3,4,0,3
1,<environment.Job instance at 0x14ea443c1780>,4,1,[5 1],5,5,6,0,5
1,<environment.Job instance at 0x14ea446412d0>,1,26,[ 2 10],3,3,29,0,3
1,<environment.Job instance at 0x14ea44641730>,3,1,[7 1],6,29,30,23,6
1,<environment.Job instance at 0x14ea43d65e10>,3,3,[ 1 10],6,303,306,297,303
1,<environment.Job instance at 0x14ea488910a0>,0,1,[1 6],2,2,3,0,2
1,<environment.Job instance at 0x14ea488ff910>,2,2,[9 1],4,4,6,0,4
1,<environment.Job instance at 0x14ea488ff190>,3,16,[1 8],7,7,23,0,7
1,<environment.Job instance at 0x14ea488ffd70>,5,2,[7 1],9,9,11,0,9
1,<environment.Job instance at 0x14ea4788b1e0>,1,1,[2 7],2,2,3,0,2
1,<environment.Job instance at 0x14ea43c3d5a0>,2,28,[1 7],3,3,31,0,3
1,<environment.Job instance at 0x14ea4788baa0>,6,13,[ 2 10],7,32,45,25,32
1,<environment.Job instance at 0x14ea449564b0>,2,3,[ 2 10],3,3,6,0,3
1,<environment.Job instance at 0x14ea44956c30>,4,1,[7 2],5,6,7,1,5
1,<environment.Job instance at 0x14ea449565a0>,8,3,[7 1],9,9,12,0,9
1,<environment.Job instance at 0x14ea5007a640>,7,18,[1 6],8,15,33,7,15
1,<environment.Job instance at 0x14ea488ada50>,0,1,[10  2],1,1,2,0,1
1,<environment.Job instance at 0x14ea476ffa50>,1,2,[1 5],2,2,4,0,2
1,<environment.Job instance at 0x14ea476ffaf0>,2,2,[ 1 10],3,16,18,13,16
1,<environment.Job instance at 0x14ea476851e0>,2,17,[1 5],3,10,27,7,10
1,<environment.Job instance at 0x14ea44928fa0>,1,2,[10  2],2,2,4,0,2
1,<environment.Job instance at 0x14ea449285a0>,3,15,[1 6],6,7,22,1,7
1,<environment.Job instance at 0x14ea44232eb0>,1,1,[1 8],2,2,3,0,2
1,<environment.Job instance at 0x14ea44232b90>,2,2,[1 7],3,3,5,0,3
1,<environment.Job instance at 0x14ea44232460>,3,3,[9 1],4,4,7,0,4
1,<environment.Job instance at 0x14ea44232730>,4,16,[ 1 10],5,7,23,2,5
1,<environment.Job instance at 0x14ea44232aa0>,5,3,[8 1],6,23,26,17,6
1,<environment.Job instance at 0x14ea478025f0>,1,3,[10  1],3,3,6,0,3
1,<environment.Job instance at 0x14ea478027d0>,3,1,[2 5],5,6,7,1,5
1,<environment.Job instance at 0x14ea47802a00>,5,1,[6 2],8,8,9,0,8
1,<environment.Job instance at 0x14ea48d88460>,6,2,[1 8],9,9,11,0,9
1,<environment.Job instance at 0x14ea43ffdf50>,1,3,[7 2],2,2,5,0,2
1,<environment.Job instance at 0x14ea43ffd640>,2,2,[9 1],3,5,7,2,3
1,<environment.Job instance at 0x14ea43ffdaf0>,4,16,[1 8],6,6,22,0,6
1,<environment.Job instance at 0x14ea43ffde60>,7,3,[9 1],9,12,15,3,12
1,<environment.Job instance at 0x14ea47736a50>,1,18,[ 1 10],2,8,26,6,8
1,<environment.Job instance at 0x14ea477361e0>,3,3,[1 8],4,232,235,228,232
1,<environment.Job instance at 0x14ea4416cfa0>,1,3,[9 2],2,2,5,0,2
1,<environment.Job instance at 0x14ea4416c6e0>,2,2,[ 1 10],3,5,7,2,3
1,<environment.Job instance at 0x14ea4416c910>,3,3,[10  1],6,7,10,1,6
1,<environment.Job instance at 0x14ea48d6bb40>,1,2,[8 2],3,14,16,11,14
1,<environment.Job instance at 0x14ea50086050>,1,1,[1 7],4,4,5,0,4
1,<environment.Job instance at 0x14ea50086910>,3,1,[ 1 10],7,7,8,0,7
1,<environment.Job instance at 0x14ea500868c0>,4,3,[7 1],9,9,12,0,9
1,<environment.Job instance at 0x14ea48846870>,1,2,[1 9],2,2,4,0,2
1,<environment.Job instance at 0x14ea446f0190>,3,2,[5 1],4,4,6,0,4
1,<environment.Job instance at 0x14ea446f0d20>,6,1,[5 1],7,7,8,0,7
1,<environment.Job instance at 0x14ea48846be0>,5,13,[ 1 10],6,8,21,2,8
1,<environment.Job instance at 0x14ea52a70fa0>,0,1,[1 6],2,2,3,0,2
1,<environment.Job instance at 0x14ea47264050>,2,2,[8 1],4,4,6,0,4
1,<environment.Job instance at 0x14ea47264e10>,3,1,[6 2],5,6,7,1,5
1,<environment.Job instance at 0x14ea47264fa0>,4,3,[2 7],6,6,9,0,6
1,<environment.Job instance at 0x14ea472645a0>,5,2,[2 9],7,9,11,2,7
1,<environment.Job instance at 0x14ea52a70e10>,6,15,[1 8],9,11,26,2,9
1,<environment.Job instance at 0x14ea47f657d0>,2,2,[6 1],3,3,5,0,3
1,<environment.Job instance at 0x14ea47f65f50>,3,1,[6 2],4,5,6,1,4
1,<environment.Job instance at 0x14ea47f65910>,5,2,[2 6],6,6,8,0,6
1,<environment.Job instance at 0x14ea44902f50>,3,3,[10  2],6,7,10,1,7
1,<environment.Job instance at 0x14ea449026e0>,5,3,[2 6],8,10,13,2,8
1,<environment.Job instance at 0x14ea44902320>,6,23,[1 7],9,13,36,4,9
1,<environment.Job instance at 0x14ea45190820>,4,3,[2 8],7,36,39,29,10
1,<environment.Job instance at 0x14ea441c9c30>,0,2,[1 8],1,2,4,1,2
1,<environment.Job instance at 0x14ea441c9be0>,3,3,[6 2],5,5,8,0,5
1,<environment.Job instance at 0x14ea47f75730>,4,12,[ 2 10],6,8,20,2,6
1,<environment.Job instance at 0x14ea53425690>,1,2,[6 1],3,3,5,0,3
1,<environment.Job instance at 0x14ea47770870>,2,1,[9 1],4,5,6,1,4
1,<environment.Job instance at 0x14ea47770640>,4,1,[10  2],6,6,7,0,6
1,<environment.Job instance at 0x14ea47770f50>,5,1,[1 8],7,7,8,0,7
1,<environment.Job instance at 0x14ea5351eb40>,0,3,[ 1 10],1,1,4,0,1
1,<environment.Job instance at 0x14ea5351e410>,1,1,[6 1],3,4,5,1,3
1,<environment.Job instance at 0x14ea5351e050>,4,13,[2 8],7,8,21,1,8
1,<environment.Job instance at 0x14ea4427c0a0>,0,2,[1 7],2,2,4,0,2
1,<environment.Job instance at 0x14ea48bf4d70>,3,1,[9 1],8,8,9,0,8
1,<environment.Job instance at 0x14ea48c20910>,1,1,[1 5],2,2,3,0,2
1,<environment.Job instance at 0x14ea48c20f00>,2,2,[2 8],4,4,6,0,4
1,<environment.Job instance at 0x14ea48c20500>,3,3,[7 1],5,5,8,0,5
1,<environment.Job instance at 0x14ea44999640>,0,2,[6 2],1,1,3,0,1
1,<environment.Job instance at 0x14ea43c7e370>,1,2,[ 1 10],2,7,9,5,7
1,<environment.Job instance at 0x14ea445a5d70>,1,1,[1 6],2,2,3,0,2
1,<environment.Job instance at 0x14ea445a58c0>,3,1,[2 7],4,4,5,0,4
1,<environment.Job instance at 0x14ea4730dbe0>,4,2,[7 2],5,5,7,0,5
1,<environment.Job instance at 0x14ea4730ddc0>,7,2,[6 2],8,10,12,2,10
1,<environment.Job instance at 0x14ea44392690>,0,2,[9 1],1,1,3,0,1
1,<environment.Job instance at 0x14ea44392460>,2,16,[1 8],4,4,20,0,4
1,<environment.Job instance at 0x14ea43d013c0>,1,1,[8 1],3,3,4,0,3
1,<environment.Job instance at 0x14ea43d01aa0>,2,3,[6 1],4,4,7,0,4
1,<environment.Job instance at 0x14ea43d01960>,3,1,[5 1],5,7,8,2,5
1,<environment.Job instance at 0x14ea449d0730>,5,15,[2 8],8,8,23,0,8
1,<environment.Job instance at 0x14ea43c43e60>,1,1,[1 5],2,3,4,1,3
1,<environment.Job instance at 0x14ea43c43780>,2,3,[8 1],3,4,7,1,4
1,<environment.Job instance at 0x14ea43c43be0>,3,2,[ 1 10],4,7,9,3,6
1,<environment.Job instance at 0x14ea43c43d20>,5,14,[1 8],6,9,23,3,9
1,<environment.Job instance at 0x14ea45238320>,6,2,[10  2],8,23,25,15,10
1,<environment.Job instance at 0x14ea45238fa0>,4,1,[1 9],5,25,26,20,13
1,<environment.Job instance at 0x14ea48891550>,0,1,[6 2],1,1,2,0,1
1,<environment.Job instance at 0x14ea48891370>,1,2,[5 1],2,2,4,0,2
1,<environment.Job instance at 0x14ea48891780>,2,3,[ 2 10],4,4,7,0,4
1,<environment.Job instance at 0x14ea5298fd70>,0,1,[9 1],1,1,2,0,1
1,<environment.Job instance at 0x14ea4489d820>,3,2,[10  1],5,5,7,0,5
1,<environment.Job instance at 0x14ea4489d5f0>,4,3,[8 1],8,8,11,0,8
1,<environment.Job instance at 0x14ea4489dd70>,5,1,[ 2 10],9,11,12,2,11
1,<environment.Job instance at 0x14ea6956fe60>,1,2,[2 5],2,2,4,0,2
1,<environment.Job instance at 0x14ea442a1c30>,0,1,[2 5],1,1,2,0,1
1,<environment.Job instance at 0x14ea442e9dc0>,1,1,[2 5],3,3,4,0,3
1,<environment.Job instance at 0x14ea442a1730>,4,28,[2 5],7,7,35,0,7
1,<environment.Job instance at 0x14ea443cc230>,1,2,[1 8],3,4,6,1,4
1,<environment.Job instance at 0x14ea443cc3c0>,3,2,[7 1],6,6,8,0,6
1,<environment.Job instance at 0x14ea443cc460>,2,3,[6 1],4,9,12,5,9
1,<environment.Job instance at 0x14ea443cc9b0>,4,2,[2 8],8,10,12,2,10
1,<environment.Job instance at 0x14ea47393f50>,2,17,[1 7],3,4,21,1,4
1,<environment.Job instance at 0x14ea443ea2d0>,4,14,[10  2],5,21,35,16,12
1,<environment.Job instance at 0x14ea443eafa0>,8,3,[2 7],9,35,38,26,13
1,<environment.Job instance at 0x14ea445baa00>,1,3,[10  1],3,3,6,0,3
1,<environment.Job instance at 0x14ea44a09690>,3,3,[5 1],5,6,9,1,5
1,<environment.Job instance at 0x14ea9b924e60>,4,1,[ 2 10],7,9,10,2,7
1,<environment.Job instance at 0x14ea44a09be0>,5,2,[ 1 10],8,10,12,2,8
1,<environment.Job instance at 0x14ea43be2a50>,3,12,[8 2],4,6,18,2,6
1,<environment.Job instance at 0x14ea43be2d70>,4,2,[ 1 10],7,18,20,11,7
1,<environment.Job instance at 0x14ea43be25f0>,5,1,[2 7],8,8,9,0,8
1,<environment.Job instance at 0x14ea43be26e0>,6,2,[9 1],9,20,22,11,9
1,<environment.Job instance at 0x14ea68054e60>,3,1,[6 1],7,68,69,61,68
1,<environment.Job instance at 0x14ea52b58690>,1,16,[ 1 10],2,2,18,0,2
1,<environment.Job instance at 0x14ea68054320>,2,13,[7 2],4,18,31,14,15
1,<environment.Job instance at 0x14ea44313320>,0,1,[6 1],1,1,2,0,1
1,<environment.Job instance at 0x14ea44313500>,2,1,[7 2],4,60,61,56,60
1,<environment.Job instance at 0x14ea43d7caa0>,2,1,[6 2],4,5,6,1,5
1,<environment.Job instance at 0x14ea43d7ce10>,4,1,[ 2 10],6,15,16,9,15
1,<environment.Job instance at 0x14ea52b33d20>,0,2,[5 2],1,1,3,0,1
1,<environment.Job instance at 0x14ea52b33370>,1,1,[5 2],2,2,3,0,2
1,<environment.Job instance at 0x14ea52b33b90>,2,15,[2 9],4,4,19,0,4
1,<environment.Job instance at 0x14ea478b77d0>,7,3,[1 5],9,19,22,10,9
1,<environment.Job instance at 0x14ea478b78c0>,6,3,[6 1],8,10,13,2,10
1,<environment.Job instance at 0x14ea451b6960>,0,1,[5 2],2,2,3,0,2
1,<environment.Job instance at 0x14ea451b6870>,1,1,[ 2 10],3,9,10,6,9
1,<environment.Job instance at 0x14ea44339d20>,4,12,[ 2 10],6,983,995,977,983
1,<environment.Job instance at 0x14ea44727e10>,1,2,[2 5],2,2,4,0,2
1,<environment.Job instance at 0x14ea44727370>,2,2,[9 2],3,4,6,1,3
1,<environment.Job instance at 0x14ea44727eb0>,5,3,[1 7],7,7,10,0,7
1,<environment.Job instance at 0x14ea500accd0>,7,3,[1 6],9,10,13,1,9
1,<environment.Job instance at 0x14ea500ac460>,6,2,[ 1 10],8,13,15,5,9
1,<environment.Job instance at 0x14ea4724db90>,1,2,[7 1],3,3,5,0,3
1,<environment.Job instance at 0x14ea4724d4b0>,2,26,[1 7],4,4,30,0,4
1,<environment.Job instance at 0x14ea476855f0>,1,14,[5 1],3,4,18,1,4
1,<environment.Job instance at 0x14ea4405a5a0>,2,3,[8 1],7,7,10,0,7
1,<environment.Job instance at 0x14ea44688820>,3,2,[9 1],6,116,118,110,116
1,<environment.Job instance at 0x14ea45137960>,0,2,[9 2],2,2,4,0,2
1,<environment.Job instance at 0x14ea45137b40>,1,1,[7 2],4,4,5,0,4
1,<environment.Job instance at 0x14ea9ba13f50>,2,2,[2 6],6,6,8,0,6
1,<environment.Job instance at 0x14ea6a251fa0>,5,2,[ 1 10],9,9,11,0,9
1,<environment.Job instance at 0x14ea535cf8c0>,3,15,[2 6],4,4,19,0,4
1,<environment.Job instance at 0x14ea45121500>,5,27,[ 2 10],9,20,47,11,20
1,<environment.Job instance at 0x14ea449d3e60>,0,2,[9 1],1,1,3,0,1
1,<environment.Job instance at 0x14ea488b4e10>,0,3,[2 9],1,1,4,0,1
1,<environment.Job instance at 0x14ea488b4aa0>,2,3,[6 2],5,5,8,0,5
1,<environment.Job instance at 0x14ea488b4730>,5,2,[8 1],9,9,11,0,9
1,<environment.Job instance at 0x14ea487b20a0>,2,2,[7 2],4,5,7,1,5
1,<environment.Job instance at 0x14ea487b2a50>,4,3,[5 2],6,8,11,2,8
1,<environment.Job instance at 0x14ea6a0f7550>,4,2,[2 8],5,140,142,135,140
1,<environment.Job instance at 0x14ea43cb7460>,0,1,[1 9],2,3,4,1,3
1,<environment.Job instance at 0x14ea43cb7780>,2,1,[7 2],4,4,5,0,4
1,<environment.Job instance at 0x14ea43cb75a0>,3,16,[2 9],5,5,21,0,5
1,<environment.Job instance at 0x14ea500b4690>,0,1,[5 1],2,2,3,0,2
1,<environment.Job instance at 0x14ea500b47d0>,3,3,[9 1],7,7,10,0,7
1,<environment.Job instance at 0x14ea69ea2c30>,4,3,[8 1],8,10,13,2,8
1,<environment.Job instance at 0x14ea444a5b90>,1,2,[2 5],2,26,28,24,26
1,<environment.Job instance at 0x14ea5350fcd0>,4,14,[2 6],6,52,66,46,52
1,<environment.Job instance at 0x14ea476eac80>,0,2,[8 2],1,1,3,0,1
1,<environment.Job instance at 0x14ea5350ffa0>,1,1,[8 1],3,3,4,0,3
1,<environment.Job instance at 0x14ea476ea730>,3,16,[2 8],8,8,24,0,8
1,<environment.Job instance at 0x14ea44082e60>,2,2,[8 2],5,5,7,0,5
1,<environment.Job instance at 0x14ea44082280>,1,18,[6 2],3,9,27,6,9
1,<environment.Job instance at 0x14ea44082910>,5,1,[6 2],9,27,28,18,9
1,<environment.Job instance at 0x14ea44039230>,2,3,[6 1],3,3,6,0,3
1,<environment.Job instance at 0x14ea44039d20>,3,3,[8 2],4,6,9,2,4
1,<environment.Job instance at 0x14ea44039f00>,4,18,[1 9],6,9,27,3,6
1,<environment.Job instance at 0x14ea43cfe190>,0,1,[9 2],1,1,2,0,1
1,<environment.Job instance at 0x14ea43cfef00>,1,2,[8 1],2,2,4,0,2
1,<environment.Job instance at 0x14ea43cfea50>,3,2,[6 1],4,4,6,0,4
1,<environment.Job instance at 0x14ea43cfe6e0>,5,24,[1 6],7,7,31,0,7
1,<environment.Job instance at 0x14ea43c07820>,1,3,[7 1],2,2,5,0,2
1,<environment.Job instance at 0x14ea43c07410>,2,1,[2 7],5,6,7,1,6
1,<environment.Job instance at 0x14ea43c073c0>,4,1,[7 1],9,10,11,1,10
1,<environment.Job instance at 0x14ea471bb820>,1,13,[2 9],2,2,15,0,2
1,<environment.Job instance at 0x14ea471bbe10>,2,2,[8 2],3,15,17,12,3
1,<environment.Job instance at 0x14ea535217d0>,4,2,[10  1],6,17,19,11,6
1,<environment.Job instance at 0x14ea48887780>,0,2,[10  1],2,2,4,0,2
1,<environment.Job instance at 0x14ea535212d0>,1,3,[ 1 10],3,4,7,1,3
1,<environment.Job instance at 0x14ea52b04f50>,3,16,[ 2 10],5,7,23,2,5
1,<environment.Job instance at 0x14ea53521910>,4,3,[7 2],8,23,26,15,8
1,<environment.Job instance at 0x14ea680acb90>,3,16,[8 2],5,34,50,29,34
1,<environment.Job instance at 0x14ea52b04aa0>,2,3,[8 2],3,103,106,100,103
1,<environment.Job instance at 0x14ea680acf50>,4,1,[2 8],7,325,326,318,325
1,<environment.Job instance at 0x14ea52a54a50>,2,3,[2 8],4,44,47,40,44
1,<environment.Job instance at 0x14ea52a54730>,1,3,[9 1],2,78,81,76,78
1,<environment.Job instance at 0x14ea447643c0>,1,2,[8 2],5,6,8,1,6
1,<environment.Job instance at 0x14ea44764fa0>,2,2,[9 2],7,8,10,1,7
1,<environment.Job instance at 0x14ea447641e0>,3,1,[7 1],9,10,11,1,10
1,<environment.Job instance at 0x14ea43efa550>,0,2,[7 2],2,2,4,0,2
1,<environment.Job instance at 0x14ea43efafa0>,2,2,[7 1],6,6,8,0,6
1,<environment.Job instance at 0x14ea69579f50>,2,1,[5 2],3,37,38,34,37
1,<environment.Job instance at 0x14ea69579d70>,1,3,[6 2],2,54,57,52,54
1,<environment.Job instance at 0x14ea695797d0>,3,1,[8 2],4,136,137,132,136
1,<environment.Job instance at 0x14ea43f95460>,0,2,[6 1],1,1,3,0,1
1,<environment.Job instance at 0x14ea43f95820>,3,25,[1 8],4,4,29,0,4
1,<environment.Job instance at 0x14ea534e6a00>,1,3,[1 6],2,3,6,1,3
1,<environment.Job instance at 0x14ea534e6050>,3,3,[1 7],6,7,10,1,7
1,<environment.Job instance at 0x14ea44043e60>,2,2,[1 5],3,3,5,0,3
1,<environment.Job instance at 0x14ea440431e0>,1,27,[1 8],2,5,32,3,4
1,<environment.Job instance at 0x14ea52b56780>,4,18,[6 1],5,161,179,156,161
1,<environment.Job instance at 0x14ea5352b730>,3,14,[2 9],7,8,22,1,8
1,<environment.Job instance at 0x14ea441b2e60>,0,1,[ 1 10],1,2,3,1,2
1,<environment.Job instance at 0x14ea445d7140>,3,15,[2 6],6,37,52,31,37
1,<environment.Job instance at 0x14ea441b2550>,1,3,[1 8],2,52,55,50,46
1,<environment.Job instance at 0x14ea441b2730>,1,1,[6 2],2,63,64,61,63
1,<environment.Job instance at 0x14ea441370a0>,1,1,[7 1],2,4,5,2,4
1,<environment.Job instance at 0x14ea44137190>,2,3,[1 5],5,6,9,1,6
1,<environment.Job instance at 0x14ea44137410>,3,14,[1 5],6,10,24,4,10
1,<environment.Job instance at 0x14ea476c7b90>,0,3,[ 1 10],3,3,6,0,3
1,<environment.Job instance at 0x14ea476c7280>,2,2,[1 9],6,6,8,0,6
1,<environment.Job instance at 0x14ea51310f50>,3,3,[5 2],7,8,11,1,7
1,<environment.Job instance at 0x14ea444ba1e0>,0,3,[7 1],4,4,7,0,4
1,<environment.Job instance at 0x14ea444ba4b0>,2,21,[ 2 10],7,7,28,0,7
1,<environment.Job instance at 0x14ea444358c0>,0,1,[8 2],2,2,3,0,2
1,<environment.Job instance at 0x14ea4437baf0>,1,3,[1 8],4,4,7,0,4
1,<environment.Job instance at 0x14ea4437b690>,3,2,[7 1],7,7,9,0,7
1,<environment.Job instance at 0x14ea52b82960>,2,2,[2 8],5,5,7,0,5
1,<environment.Job instance at 0x14ea4404d500>,0,2,[1 9],1,3,5,2,3
1,<environment.Job instance at 0x14ea4404d4b0>,3,23,[2 9],5,5,28,0,5
1,<environment.Job instance at 0x14ea4404d690>,4,3,[2 8],8,28,31,20,8
1,<environment.Job instance at 0x14ea4404d230>,5,2,[9 2],9,31,33,22,9
1,<environment.Job instance at 0x14ea44757f50>,2,1,[7 1],6,29,30,23,29
1,<environment.Job instance at 0x14ea44757b40>,4,1,[7 1],8,43,44,35,43
1,<environment.Job instance at 0x14ea4475a2d0>,1,2,[ 2 10],2,2,4,0,2
1,<environment.Job instance at 0x14ea4475a5a0>,5,2,[1 9],9,10,12,1,10
1,<environment.Job instance at 0x14ea48bdc2d0>,3,1,[7 2],5,6,7,1,6
1,<environment.Job instance at 0x14ea44419cd0>,5,2,[1 6],7,7,9,0,7
1,<environment.Job instance at 0x14ea444190f0>,6,3,[1 6],9,11,14,2,11
1,<environment.Job instance at 0x14ea476d27d0>,1,1,[5 2],3,3,4,0,3
1,<environment.Job instance at 0x14ea476d2960>,4,3,[1 5],7,104,107,97,104
1,<environment.Job instance at 0x14ea471c5500>,1,3,[7 2],3,3,6,0,3
1,<environment.Job instance at 0x14ea471c5b40>,6,1,[ 2 10],9,9,10,0,9
1,<environment.Job instance at 0x14ea471c5c80>,4,1,[6 2],7,10,11,3,9
1,<environment.Job instance at 0x14ea48939500>,2,3,[6 2],4,4,7,0,4
1,<environment.Job instance at 0x14ea489398c0>,3,1,[9 1],5,7,8,2,5
1,<environment.Job instance at 0x14ea48939be0>,4,1,[8 1],6,8,9,2,6
1,<environment.Job instance at 0x14ea48939870>,1,12,[ 1 10],3,13,25,10,13
1,<environment.Job instance at 0x14ea43c336e0>,3,1,[2 5],5,7,8,2,7
1,<environment.Job instance at 0x14ea475fc230>,1,2,[1 9],3,3,5,0,3
1,<environment.Job instance at 0x14ea475fcb90>,3,1,[10  1],6,6,7,0,6
1,<environment.Job instance at 0x14ea475fc4b0>,5,1,[2 6],9,14,15,5,14
1,<environment.Job instance at 0x14ea44af09b0>,1,1,[7 2],2,2,3,0,2
1,<environment.Job instance at 0x14ea47673f50>,3,16,[2 8],5,8,24,3,8
1,<environment.Job instance at 0x14ea47673c30>,5,1,[2 6],7,24,25,17,14
1,<environment.Job instance at 0x14ea44464eb0>,3,16,[2 8],9,15,31,6,15
1,<environment.Job instance at 0x14ea4482b1e0>,2,1,[6 1],6,6,7,0,6
1,<environment.Job instance at 0x14ea4482ba00>,1,13,[2 7],5,8,21,3,8
1,<environment.Job instance at 0x14ea4482b140>,3,2,[7 1],7,8,10,1,8
1,<environment.Job instance at 0x14ea9bb1deb0>,0,1,[5 1],1,1,2,0,1
1,<environment.Job instance at 0x14ea443c9230>,2,1,[1 6],3,3,4,0,3
1,<environment.Job instance at 0x14ea443c9870>,4,2,[ 2 10],5,5,7,0,5
1,<environment.Job instance at 0x14ea443c9eb0>,6,3,[2 7],7,7,10,0,7
1,<environment.Job instance at 0x14ea443c98c0>,7,2,[2 5],8,10,12,2,8
1,<environment.Job instance at 0x14ea443c9fa0>,8,3,[10  1],9,12,15,3,9
1,<environment.Job instance at 0x14ea489bc730>,1,3,[7 2],5,46,49,41,46
1,<environment.Job instance at 0x14ea4416a370>,2,1,[5 1],5,5,6,0,5
1,<environment.Job instance at 0x14ea43d790f0>,4,2,[1 5],7,7,9,0,7
1,<environment.Job instance at 0x14ea43d79be0>,5,2,[2 9],8,9,11,1,8
1,<environment.Job instance at 0x14ea44626c80>,2,13,[ 1 10],3,3,16,0,3
1,<environment.Job instance at 0x14ea44626280>,3,2,[9 2],4,16,18,12,4
1,<environment.Job instance at 0x14ea5354eaa0>,2,26,[6 1],6,13,39,7,13
1,<environment.Job instance at 0x14ea50094190>,0,1,[6 1],1,1,2,0,1
1,<environment.Job instance at 0x14ea50094b40>,1,2,[1 5],2,2,4,0,2
1,<environment.Job instance at 0x14ea50094c80>,2,1,[10  2],3,4,5,1,3
1,<environment.Job instance at 0x14ea50094eb0>,3,2,[2 9],4,5,7,1,4
1,<environment.Job instance at 0x14ea50094500>,1,3,[8 1],5,5,8,0,5
1,<environment.Job instance at 0x14ea447187d0>,0,1,[2 5],1,1,2,0,1
1,<environment.Job instance at 0x14ea44718b40>,3,3,[1 7],5,74,77,69,74
1,<environment.Job instance at 0x14ea48d21410>,2,1,[1 9],4,4,5,0,4
1,<environment.Job instance at 0x14ea477279b0>,0,3,[9 2],5,5,8,0,5
1,<environment.Job instance at 0x14ea478167d0>,0,2,[8 2],1,1,3,0,1
1,<environment.Job instance at 0x14ea47816e10>,2,3,[ 1 10],4,4,7,0,4
1,<environment.Job instance at 0x14ea52aac640>,4,16,[8 1],7,63,79,56,63
1,<environment.Job instance at 0x14ea43e71d70>,0,1,[9 2],1,1,2,0,1
1,<environment.Job instance at 0x14ea52aacb90>,2,14,[2 6],3,3,17,0,3
1,<environment.Job instance at 0x14ea43e71a00>,4,1,[8 2],5,5,6,0,5
1,<environment.Job instance at 0x14ea43e71460>,5,2,[ 1 10],7,17,19,10,7
1,<environment.Job instance at 0x14ea445694b0>,7,3,[1 7],9,19,22,10,9
1,<environment.Job instance at 0x14ea449b4f00>,0,2,[1 7],4,4,6,0,4
1,<environment.Job instance at 0x14ea449b43c0>,1,2,[8 2],5,5,7,0,5
1,<environment.Job instance at 0x14ea4498ce10>,3,1,[9 1],8,8,9,0,8
1,<environment.Job instance at 0x14ea449db690>,1,1,[5 1],2,2,3,0,2
1,<environment.Job instance at 0x14ea449dbd70>,3,2,[1 6],4,4,6,0,4
1,<environment.Job instance at 0x14ea44464e60>,4,12,[ 2 10],5,6,18,1,6
1,<environment.Job instance at 0x14ea47366910>,4,2,[7 2],8,8,10,0,8
1,<environment.Job instance at 0x14ea47366af0>,5,12,[ 2 10],9,10,22,1,9
1,<environment.Job instance at 0x14ea48bd8fa0>,0,2,[10  1],1,1,3,0,1
1,<environment.Job instance at 0x14ea47366b90>,1,3,[8 2],2,3,6,1,2
1,<environment.Job instance at 0x14ea43c6f910>,2,2,[2 7],3,3,5,0,3
1,<environment.Job instance at 0x14ea47366af0>,3,3,[5 2],5,6,9,1,5
1,<environment.Job instance at 0x14ea43c6f5f0>,4,1,[8 1],6,9,10,3,6
1,<environment.Job instance at 0x14ea6806f7d0>,6,2,[2 7],8,8,10,0,8
1,<environment.Job instance at 0x14ea479155a0>,0,2,[7 2],4,4,6,0,4
1,<environment.Job instance at 0x14ea47915c80>,2,1,[2 5],6,6,7,0,6
1,<environment.Job instance at 0x14ea535c85a0>,0,2,[1 5],1,1,3,0,1
1,<environment.Job instance at 0x14ea535c8be0>,1,3,[7 1],2,2,5,0,2
1,<environment.Job instance at 0x14ea535c8190>,3,3,[6 2],6,6,9,0,6
1,<environment.Job instance at 0x14ea447b54b0>,5,2,[ 1 10],8,9,11,1,8
1,<environment.Job instance at 0x14ea447b5fa0>,6,15,[2 5],9,11,26,2,9
1,<environment.Job instance at 0x14ea47243c80>,0,2,[8 2],2,2,4,0,2
1,<environment.Job instance at 0x14ea47243d20>,1,3,[9 1],5,5,8,0,5
1,<environment.Job instance at 0x14ea472435f0>,3,2,[1 5],8,8,10,0,8
1,<environment.Job instance at 0x14ea43dfaaf0>,1,13,[ 2 10],5,6,19,1,6
1,<environment.Job instance at 0x14ea487f0550>,3,2,[6 1],5,9,11,4,9
1,<environment.Job instance at 0x14ea487f0050>,2,2,[5 2],4,34,36,30,34
1,<environment.Job instance at 0x14ea52a62550>,5,1,[6 1],8,87,88,79,87
1,<environment.Job instance at 0x14ea48913820>,0,2,[1 9],1,2,4,1,2
1,<environment.Job instance at 0x14ea48913c80>,1,3,[7 1],2,4,7,2,4
1,<environment.Job instance at 0x14ea445693c0>,0,3,[10  1],1,1,4,0,1
1,<environment.Job instance at 0x14ea44569f50>,3,1,[9 1],7,7,8,0,7
1,<environment.Job instance at 0x14ea44569820>,2,1,[1 9],5,7,8,2,7
1,<environment.Job instance at 0x14ea47f650a0>,1,2,[2 6],7,7,9,0,7
1,<environment.Job instance at 0x14ea47f655a0>,2,2,[5 2],8,8,10,0,8
1,<environment.Job instance at 0x14ea43cf21e0>,1,1,[6 1],3,3,4,0,3
1,<environment.Job instance at 0x14ea43cf2d70>,3,18,[8 1],6,7,25,1,7
1,<environment.Job instance at 0x14ea535a2d70>,2,28,[1 9],4,4,32,0,4
1,<environment.Job instance at 0x14ea535a2050>,4,1,[7 2],6,32,33,26,6
1,<environment.Job instance at 0x14ea535a2730>,6,16,[7 1],8,53,69,45,53
1,<environment.Job instance at 0x14ea472daaa0>,1,3,[8 1],2,2,5,0,2
1,<environment.Job instance at 0x14ea44abc2d0>,2,2,[6 1],4,5,7,1,4
1,<environment.Job instance at 0x14ea472da6e0>,6,13,[1 9],8,11,24,3,11
1,<environment.Job instance at 0x14ea44744e10>,0,1,[1 6],1,1,2,0,1
1,<environment.Job instance at 0x14ea44744500>,1,15,[1 6],2,3,18,1,3
1,<environment.Job instance at 0x14ea44744370>,3,2,[2 6],4,18,20,14,4
1,<environment.Job instance at 0x14ea47923fa0>,3,3,[9 2],5,251,254,246,251
1,<environment.Job instance at 0x14ea487e0500>,2,3,[10  2],7,7,10,0,7
1,<environment.Job instance at 0x14ea445f4fa0>,1,3,[1 9],3,12,15,9,12
1,<environment.Job instance at 0x14ea4891be10>,1,2,[7 2],4,4,6,0,4
1,<environment.Job instance at 0x14ea4891b230>,2,2,[2 9],6,6,8,0,6
1,<environment.Job instance at 0x14ea529f89b0>,4,1,[10  1],8,8,9,0,8
1,<environment.Job instance at 0x14ea529f8500>,5,1,[2 9],9,9,10,0,9
1,<environment.Job instance at 0x14ea529e4d70>,2,3,[7 1],3,3,6,0,3
1,<environment.Job instance at 0x14ea440b1140>,3,1,[1 9],5,5,6,0,5
1,<environment.Job instance at 0x14ea529e4b40>,4,27,[ 1 10],8,10,37,2,10
1,<environment.Job instance at 0x14ea472350a0>,0,3,[5 1],1,1,4,0,1
1,<environment.Job instance at 0x14ea47235dc0>,1,2,[5 2],4,4,6,0,4
1,<environment.Job instance at 0x14ea47235aa0>,2,3,[9 2],7,7,10,0,7
1,<environment.Job instance at 0x14ea47253780>,4,14,[ 1 10],9,10,24,1,9
1,<environment.Job instance at 0x14ea534a8eb0>,4,1,[1 7],8,9,10,1,9
1,<environment.Job instance at 0x14ea534a8f50>,5,3,[ 1 10],9,10,13,1,9
1,<environment.Job instance at 0x14ea4548ab90>,2,13,[6 2],3,3,16,0,3
1,<environment.Job instance at 0x14ea4548a550>,1,2,[5 1],2,16,18,14,4
1,<environment.Job instance at 0x14ea4548a780>,3,3,[8 1],6,18,21,12,6
1,<environment.Job instance at 0x14ea43e613c0>,1,2,[8 2],3,3,5,0,3
1,<environment.Job instance at 0x14ea43e61b40>,2,3,[6 1],4,5,8,1,4
1,<environment.Job instance at 0x14ea43eeb690>,5,20,[1 6],8,8,28,0,8
1,<environment.Job instance at 0x14ea43eebfa0>,6,2,[ 1 10],9,28,30,19,9
1,<environment.Job instance at 0x14ea43db2b90>,1,1,[7 2],2,2,3,0,2
1,<environment.Job instance at 0x14ea43db2140>,2,1,[7 2],3,3,4,0,3
1,<environment.Job instance at 0x14ea471ff2d0>,3,2,[2 7],4,4,6,0,4
1,<environment.Job instance at 0x14ea471ff690>,6,2,[2 7],9,9,11,0,9
1,<environment.Job instance at 0x14ea44669500>,0,2,[8 1],1,1,3,0,1
1,<environment.Job instance at 0x14ea44669d70>,4,16,[ 2 10],7,7,23,0,7
1,<environment.Job instance at 0x14ea44669050>,5,25,[2 8],9,29,54,20,29
1,<environment.Job instance at 0x14ea47288960>,3,17,[1 8],5,6,23,1,6
1,<environment.Job instance at 0x14ea45462a00>,6,2,[ 1 10],8,23,25,15,8
1,<environment.Job instance at 0x14ea44155050>,1,3,[1 5],3,3,6,0,3
1,<environment.Job instance at 0x14ea441556e0>,2,3,[2 9],5,6,9,1,5
1,<environment.Job instance at 0x14ea44155b40>,3,1,[6 2],7,9,10,2,7
1,<environment.Job instance at 0x14ea449440f0>,4,1,[7 1],8,8,9,0,8
1,<environment.Job instance at 0x14ea449cf230>,3,16,[2 5],5,7,23,2,7
1,<environment.Job instance at 0x14ea4476f690>,1,1,[5 2],3,3,4,0,3
1,<environment.Job instance at 0x14ea43c9be10>,3,2,[2 5],8,8,10,0,8
1,<environment.Job instance at 0x14ea43be86e0>,1,3,[1 8],3,3,6,0,3
1,<environment.Job instance at 0x14ea43be80f0>,3,1,[5 2],5,5,6,0,5
1,<environment.Job instance at 0x14ea4489dc80>,5,3,[7 2],7,7,10,0,7
1,<environment.Job instance at 0x14ea50024820>,1,2,[8 1],3,3,5,0,3
1,<environment.Job instance at 0x14ea50024500>,3,1,[5 2],5,5,6,0,5
1,<environment.Job instance at 0x14ea50024320>,4,2,[1 5],6,6,8,0,6
1,<environment.Job instance at 0x14ea50024dc0>,5,2,[ 2 10],7,8,10,1,7
1,<environment.Job instance at 0x14ea443cc500>,0,1,[6 2],2,2,3,0,2
1,<environment.Job instance at 0x14ea443cc460>,2,2,[2 8],8,8,10,0,8
1,<environment.Job instance at 0x14ea443cc460>,3,2,[9 2],5,11,13,6,11
1,<environment.Job instance at 0x14ea444ff5f0>,5,1,[2 8],9,385,386,376,385
1,<environment.Job instance at 0x14ea44902c30>,2,1,[ 2 10],6,9,10,3,9
1,<environment.Job instance at 0x14ea43ed0730>,1,3,[1 5],2,2,5,0,2
1,<environment.Job instance at 0x14ea43ed00f0>,2,2,[1 5],4,4,6,0,4
1,<environment.Job instance at 0x14ea43ed0cd0>,3,2,[1 7],8,9,11,1,9
1,<environment.Job instance at 0x14ea43ed0af0>,4,1,[7 2],9,10,11,1,10
1,<environment.Job instance at 0x14ea43c2d9b0>,0,2,[9 1],2,2,4,0,2
1,<environment.Job instance at 0x14ea43c2d230>,1,1,[9 1],4,4,5,0,4
1,<environment.Job instance at 0x14ea43c2d0a0>,2,1,[8 1],6,6,7,0,6
1,<environment.Job instance at 0x14ea52b99f00>,3,1,[9 2],9,9,10,0,9
1,<environment.Job instance at 0x14ea45199eb0>,2,3,[6 1],8,16,19,8,16
1,<environment.Job instance at 0x14ea45199f00>,1,14,[9 2],3,4,18,1,4
1,<environment.Job instance at 0x14ea4893abe0>,3,13,[ 1 10],8,18,31,10,8
1,<environment.Job instance at 0x14ea4893a140>,4,12,[2 8],9,31,43,22,18
1,<environment.Job instance at 0x14ea4772b8c0>,1,27,[1 8],2,2,29,0,2
1,<environment.Job instance at 0x14ea4772b5f0>,3,1,[9 2],6,6,7,0,6
1,<environment.Job instance at 0x14ea478b8960>,0,1,[7 1],1,1,2,0,1
1,<environment.Job instance at 0x14ea478b8820>,1,1,[6 1],7,7,8,0,7
1,<environment.Job instance at 0x14ea44123410>,4,3,[1 9],6,7,10,1,7
1,<environment.Job instance at 0x14ea44123e10>,6,2,[7 2],8,14,16,6,14
1,<environment.Job instance at 0x14ea44123640>,5,25,[8 2],7,171,196,164,171
1,<environment.Job instance at 0x14ea43ded6e0>,1,14,[1 8],3,3,17,0,3
1,<environment.Job instance at 0x14ea443d0fa0>,2,2,[2 8],4,17,19,13,4
1,<environment.Job instance at 0x14ea43ded640>,3,18,[ 2 10],7,19,37,12,9
1,<environment.Job instance at 0x14ea43e88460>,2,3,[7 1],4,4,7,0,4
1,<environment.Job instance at 0x14ea43e88370>,4,18,[7 1],6,11,29,5,11
1,<environment.Job instance at 0x14ea47755b90>,1,1,[2 6],2,2,3,0,2
1,<environment.Job instance at 0x14ea477550f0>,2,2,[7 2],3,3,5,0,3
1,<environment.Job instance at 0x14ea47755f00>,6,17,[2 9],7,610,627,603,610
1,<environment.Job instance at 0x14ea44666690>,2,26,[6 2],4,6,32,2,6
1,<environment.Job instance at 0x14ea44af9eb0>,1,2,[8 2],5,5,7,0,5
1,<environment.Job instance at 0x14ea44af9be0>,2,1,[7 1],6,7,8,1,6
1,<environment.Job instance at 0x14ea44af9410>,3,3,[9 1],7,8,11,1,7
1,<environment.Job instance at 0x14ea44af9b90>,4,18,[1 6],8,8,26,0,8
1,<environment.Job instance at 0x14ea4429c140>,0,2,[6 2],1,1,3,0,1
1,<environment.Job instance at 0x14ea4429c6e0>,1,16,[ 1 10],3,3,19,0,3
1,<environment.Job instance at 0x14ea447ee0f0>,0,2,[2 7],1,1,3,0,1
1,<environment.Job instance at 0x14ea447ee910>,1,1,[8 2],2,2,3,0,2
1,<environment.Job instance at 0x14ea43e82cd0>,6,13,[1 7],9,1839,1852,1830,1839
1,<environment.Job instance at 0x14ea4474e050>,3,14,[2 7],8,9,23,1,9
1,<environment.Job instance at 0x14ea43d17460>,5,13,[ 2 10],6,15,28,9,15
1,<environment.Job instance at 0x14ea440b70f0>,1,2,[8 2],4,4,6,0,4
1,<environment.Job instance at 0x14ea440b7960>,4,18,[1 8],8,22,40,14,22
1,<environment.Job instance at 0x14ea52a347d0>,3,14,[2 8],7,206,220,199,206
1,<environment.Job instance at 0x14ea445b3870>,0,2,[10  2],1,1,3,0,1
1,<environment.Job instance at 0x14ea445b3b40>,2,2,[1 8],4,4,6,0,4
1,<environment.Job instance at 0x14ea48d24230>,4,3,[8 2],6,6,9,0,6
1,<environment.Job instance at 0x14ea44539640>,1,2,[2 9],4,4,6,0,4
1,<environment.Job instance at 0x14ea69ea6460>,2,2,[1 7],5,6,8,1,5
1,<environment.Job instance at 0x14ea44539cd0>,3,3,[9 2],9,9,12,0,9
1,<environment.Job instance at 0x14ea44023870>,1,2,[1 9],2,2,4,0,2
1,<environment.Job instance at 0x14ea44023f00>,4,3,[8 1],5,5,8,0,5
1,<environment.Job instance at 0x14ea440231e0>,5,1,[9 1],7,8,9,1,7
1,<environment.Job instance at 0x14ea44023af0>,6,16,[9 1],8,9,25,1,9
1,<environment.Job instance at 0x14ea44023910>,7,3,[5 1],9,29,32,20,29
1,<environment.Job instance at 0x14ea4769c910>,0,3,[10  1],1,1,4,0,1
1,<environment.Job instance at 0x14ea4769c6e0>,4,25,[2 9],6,6,31,0,6
1,<environment.Job instance at 0x14ea443d91e0>,1,1,[ 2 10],3,3,4,0,3
1,<environment.Job instance at 0x14ea443d9370>,2,3,[8 2],6,6,9,0,6
1,<environment.Job instance at 0x14ea443d9c80>,4,2,[1 9],8,9,11,1,8
1,<environment.Job instance at 0x14ea441373c0>,0,3,[7 1],1,1,4,0,1
1,<environment.Job instance at 0x14ea44137870>,2,3,[1 9],3,4,7,1,4
1,<environment.Job instance at 0x14ea695404b0>,0,2,[7 1],1,1,3,0,1
1,<environment.Job instance at 0x14ea4775ca50>,1,3,[6 2],2,3,6,1,2
1,<environment.Job instance at 0x14ea69540d20>,4,1,[ 1 10],5,6,7,1,5
1,<environment.Job instance at 0x14ea4775ce10>,5,2,[9 2],8,8,10,0,8
1,<environment.Job instance at 0x14ea4775c730>,6,16,[6 1],9,11,27,2,11
1,<environment.Job instance at 0x14ea471ff640>,0,2,[1 9],1,1,3,0,1
1,<environment.Job instance at 0x14ea471ff0a0>,1,2,[6 1],2,2,4,0,2
1,<environment.Job instance at 0x14ea48ca1b40>,1,2,[1 5],4,12,14,8,12
1,<environment.Job instance at 0x14ea48ca1460>,2,23,[2 8],5,48,71,43,48
1,<environment.Job instance at 0x14ea48ca1a00>,3,1,[2 8],8,603,604,595,603
1,<environment.Job instance at 0x14ea449ed280>,1,3,[ 2 10],2,2,5,0,2
1,<environment.Job instance at 0x14ea449ed140>,2,3,[5 1],3,5,8,2,3
1,<environment.Job instance at 0x14ea446f0190>,4,1,[9 2],6,8,9,2,7
1,<environment.Job instance at 0x14ea449ed8c0>,6,2,[1 9],8,9,11,1,8
1,<environment.Job instance at 0x14ea5295b910>,7,1,[8 2],9,11,12,2,9
1,<environment.Job instance at 0x14ea4453e9b0>,2,2,[1 6],4,4,6,0,4
1,<environment.Job instance at 0x14ea4453e230>,3,3,[6 2],5,5,8,0,5
1,<environment.Job instance at 0x14ea4453e3c0>,5,1,[1 9],8,8,9,0,8
1,<environment.Job instance at 0x14ea477c3960>,6,1,[7 2],9,9,10,0,9
1,<environment.Job instance at 0x14ea444ebcd0>,1,2,[6 1],2,2,4,0,2
1,<environment.Job instance at 0x14ea4763e370>,2,25,[2 9],4,4,29,0,4
1,<environment.Job instance at 0x14ea442a0230>,1,18,[ 1 10],2,2,20,0,2
1,<environment.Job instance at 0x14ea512f75f0>,3,17,[1 8],4,20,37,16,8
1,<environment.Job instance at 0x14ea512f72d0>,5,2,[10  2],6,168,170,162,168
1,<environment.Job instance at 0x14ea472d3cd0>,1,3,[9 2],2,2,5,0,2
1,<environment.Job instance at 0x14ea472d3f00>,2,1,[ 1 10],3,5,6,2,3
1,<environment.Job instance at 0x14ea472d35f0>,3,2,[2 6],4,6,8,2,4
1,<environment.Job instance at 0x14ea472c8aa0>,4,17,[ 1 10],6,8,25,2,6
1,<environment.Job instance at 0x14ea472d3aa0>,5,1,[8 2],8,25,26,17,8
1,<environment.Job instance at 0x14ea43f42af0>,2,17,[5 2],3,3,20,0,3
1,<environment.Job instance at 0x14ea451dc230>,4,3,[9 1],6,20,23,14,6
1,<environment.Job instance at 0x14ea43f42370>,5,3,[2 8],7,7,10,0,7
1,<environment.Job instance at 0x14ea48c83910>,6,2,[7 2],9,23,25,14,10
1,<environment.Job instance at 0x14ea43f42e10>,3,2,[1 5],4,14,16,10,14
1,<environment.Job instance at 0x14ea4719adc0>,2,1,[8 2],5,5,6,0,5
1,<environment.Job instance at 0x14ea4719ad20>,3,1,[8 2],6,6,7,0,6
1,<environment.Job instance at 0x14ea43e00f00>,0,2,[1 7],1,1,3,0,1
1,<environment.Job instance at 0x14ea43e00b90>,3,2,[2 9],5,5,7,0,5
1,<environment.Job instance at 0x14ea43e00a50>,5,1,[1 9],7,7,8,0,7
1,<environment.Job instance at 0x14ea69dfe320>,6,1,[1 6],9,9,10,0,9
1,<environment.Job instance at 0x14ea43e002d0>,1,2,[2 6],2,2,4,0,2
1,<environment.Job instance at 0x14ea43c2ec30>,2,3,[10  2],3,4,7,1,3
1,<environment.Job instance at 0x14ea6a0ffa50>,3,15,[1 6],6,7,22,1,6
1,<environment.Job instance at 0x14ea43c2e280>,4,2,[7 2],7,7,9,0,7
1,<environment.Job instance at 0x14ea48992b90>,5,3,[9 1],8,9,12,1,8
1,<environment.Job instance at 0x14ea48992e60>,1,3,[ 2 10],2,2,5,0,2
1,<environment.Job instance at 0x14ea48992b90>,2,3,[1 7],5,5,8,0,5
1,<environment.Job instance at 0x14ea534e4e60>,5,3,[1 7],9,9,12,0,9
1,<environment.Job instance at 0x14ea44a8c0f0>,0,1,[8 2],1,1,2,0,1
1,<environment.Job instance at 0x14ea44a8cd20>,2,2,[ 1 10],6,7,9,1,7
1,<environment.Job instance at 0x14ea44a8ce60>,4,1,[8 1],8,9,10,1,8
1,<environment.Job instance at 0x14ea44a8cdc0>,5,2,[ 1 10],9,10,12,1,9
1,<environment.Job instance at 0x14ea443c9b90>,0,2,[8 2],1,1,3,0,1
1,<environment.Job instance at 0x14ea443c9410>,3,2,[8 2],7,11,13,4,11
1,<environment.Job instance at 0x14ea443c9f00>,4,14,[2 8],8,18,32,10,18
1,<environment.Job instance at 0x14ea447b5be0>,1,2,[1 5],3,3,5,0,3
1,<environment.Job instance at 0x14ea9b9577d0>,2,1,[5 2],4,4,5,0,4
1,<environment.Job instance at 0x14ea69e9b960>,4,2,[1 6],6,7,9,1,7
1,<environment.Job instance at 0x14ea443fd5a0>,0,1,[6 2],1,1,2,0,1
1,<environment.Job instance at 0x14ea443fde10>,1,2,[5 1],2,2,4,0,2
1,<environment.Job instance at 0x14ea443fdf00>,2,3,[9 1],3,4,7,1,3
1,<environment.Job instance at 0x14ea443fdd70>,4,15,[ 2 10],6,7,22,1,6
1,<environment.Job instance at 0x14ea43c9b190>,7,19,[2 7],9,22,41,13,12
1,<environment.Job instance at 0x14ea533ec820>,1,1,[5 2],2,3,4,1,3
1,<environment.Job instance at 0x14ea52bd3e60>,3,2,[8 2],4,4,6,0,4
1,<environment.Job instance at 0x14ea52bd3410>,4,1,[8 1],6,6,7,0,6
1,<environment.Job instance at 0x14ea533ec6e0>,2,2,[2 9],3,13,15,10,13
1,<environment.Job instance at 0x14ea53475870>,0,1,[2 7],1,2,3,1,2
1,<environment.Job instance at 0x14ea534757d0>,1,18,[2 8],2,3,21,1,2
1,<environment.Job instance at 0x14ea4474e4b0>,2,16,[2 7],4,4,20,0,4
1,<environment.Job instance at 0x14ea52ba2960>,5,2,[5 2],7,46,48,39,46
1,<environment.Job instance at 0x14ea52ba2640>,4,3,[9 2],6,86,89,80,86
1,<environment.Job instance at 0x14ea680b6460>,0,2,[1 6],1,1,3,0,1
1,<environment.Job instance at 0x14ea680b6370>,1,1,[9 1],4,4,5,0,4
1,<environment.Job instance at 0x14ea44023e10>,3,1,[ 2 10],7,8,9,1,8
1,<environment.Job instance at 0x14ea9b942500>,0,1,[1 6],1,1,2,0,1
1,<environment.Job instance at 0x14ea9b942410>,1,3,[6 1],3,3,6,0,3
1,<environment.Job instance at 0x14ea44827500>,2,3,[10  1],4,6,9,2,4
1,<environment.Job instance at 0x14ea44827cd0>,3,1,[7 1],5,9,10,4,5
1,<environment.Job instance at 0x14ea44827aa0>,4,23,[1 7],6,9,32,3,6
1,<environment.Job instance at 0x14ea44af08c0>,0,2,[10  2],1,1,3,0,1
1,<environment.Job instance at 0x14ea44af0690>,2,1,[2 5],5,5,6,0,5
1,<environment.Job instance at 0x14ea52afd460>,5,17,[2 9],9,45,62,36,45
1,<environment.Job instance at 0x14ea440c2500>,0,2,[6 1],1,1,3,0,1
1,<environment.Job instance at 0x14ea440c2370>,2,1,[2 9],5,5,6,0,5
1,<environment.Job instance at 0x14ea442a1eb0>,3,1,[7 1],7,7,8,0,7
1,<environment.Job instance at 0x14ea478aa370>,0,3,[6 1],1,1,4,0,1
1,<environment.Job instance at 0x14ea478aa5f0>,1,2,[8 2],6,6,8,0,6
1,<environment.Job instance at 0x14ea478aac30>,4,2,[9 2],9,9,11,0,9
1,<environment.Job instance at 0x14ea5007a0a0>,0,3,[8 1],2,2,5,0,2
1,<environment.Job instance at 0x14ea534d0f50>,2,3,[6 2],4,5,8,1,4
1,<environment.Job instance at 0x14ea534d0820>,3,1,[2 7],5,5,6,0,5
1,<environment.Job instance at 0x14ea534d00f0>,4,3,[1 5],6,6,9,0,6
1,<environment.Job instance at 0x14ea52966410>,0,1,[6 1],1,1,2,0,1
1,<environment.Job instance at 0x14ea471c5b90>,2,2,[1 6],3,3,5,0,3
1,<environment.Job instance at 0x14ea471c54b0>,3,3,[2 9],4,5,8,1,4
1,<environment.Job instance at 0x14ea471c5c80>,5,20,[2 9],7,8,28,1,7
1,<environment.Job instance at 0x14ea4445e910>,1,1,[7 2],2,2,3,0,2
1,<environment.Job instance at 0x14ea6a28b6e0>,2,3,[ 1 10],3,3,6,0,3
1,<environment.Job instance at 0x14ea4445e870>,3,1,[8 2],4,6,7,2,4
1,<environment.Job instance at 0x14ea4445e320>,4,1,[1 6],6,6,7,0,6
1,<environment.Job instance at 0x14ea43fcc190>,1,1,[9 2],3,3,4,0,3
1,<environment.Job instance at 0x14ea535cd730>,2,3,[2 8],4,4,7,0,4
1,<environment.Job instance at 0x14ea535cd550>,3,3,[5 1],7,7,10,0,7
1,<environment.Job instance at 0x14ea535cd8c0>,4,2,[10  2],8,10,12,2,8
1,<environment.Job instance at 0x14ea535cd280>,5,3,[7 2],9,12,15,3,9
1,<environment.Job instance at 0x14ea44903cd0>,0,3,[8 1],1,1,4,0,1
1,<environment.Job instance at 0x14ea449032d0>,3,3,[2 6],8,8,11,0,8
1,<environment.Job instance at 0x14ea48d4ee10>,0,3,[9 1],2,2,5,0,2
1,<environment.Job instance at 0x14ea48d4e5a0>,2,16,[ 1 10],4,5,21,1,5
1,<environment.Job instance at 0x14ea48d4eaa0>,3,1,[1 8],5,21,22,16,6
1,<environment.Job instance at 0x14ea48d4eb90>,6,3,[2 8],9,22,25,13,9
1,<environment.Job instance at 0x14ea48c53d20>,4,1,[2 9],5,5,6,0,5
1,<environment.Job instance at 0x14ea48c53820>,5,2,[5 1],6,6,8,0,6
1,<environment.Job instance at 0x14ea48d4eb90>,3,18,[2 7],4,9,27,5,9
1,<environment.Job instance at 0x14ea48c53c80>,8,16,[2 7],9,438,454,429,438
1,<environment.Job instance at 0x14ea53422af0>,4,13,[2 6],7,8,21,1,8
1,<environment.Job instance at 0x14ea534227d0>,5,20,[1 6],8,21,41,13,17
1,<environment.Job instance at 0x14ea534225f0>,2,3,[9 2],4,121,124,117,121
1,<environment.Job instance at 0x14ea53422d70>,6,20,[1 6],9,408,428,399,408
1,<environment.Job instance at 0x14ea533ed9b0>,0,1,[10  2],1,1,2,0,1
1,<environment.Job instance at 0x14ea449c7370>,1,1,[ 1 10],3,6,7,3,6
1,<environment.Job instance at 0x14ea442f0960>,5,1,[1 6],7,9,10,2,9
1,<environment.Job instance at 0x14ea533ed730>,4,2,[2 9],6,166,168,160,166
1,<environment.Job instance at 0x14ea46744d20>,2,12,[2 7],3,3,15,0,3
1,<environment.Job instance at 0x14ea535c0820>,2,1,[2 9],6,6,7,0,6
1,<environment.Job instance at 0x14ea535c04b0>,3,1,[10  2],7,7,8,0,7
1,<environment.Job instance at 0x14ea68054320>,1,1,[2 5],2,2,3,0,2
1,<environment.Job instance at 0x14ea535c0a50>,2,1,[1 6],5,5,6,0,5
1,<environment.Job instance at 0x14ea4894a4b0>,4,1,[9 1],7,7,8,0,7
1,<environment.Job instance at 0x14ea4894a320>,5,1,[5 1],8,8,9,0,8
1,<environment.Job instance at 0x14ea4884b500>,0,1,[1 8],2,2,3,0,2
1,<environment.Job instance at 0x14ea4884b5a0>,2,1,[10  2],4,4,5,0,4
1,<environment.Job instance at 0x14ea4884b730>,4,2,[8 1],9,9,11,0,9
1,<environment.Job instance at 0x14ea476fea00>,0,2,[1 7],3,3,5,0,3
1,<environment.Job instance at 0x14ea476fe4b0>,2,14,[2 8],6,6,20,0,6
1,<environment.Job instance at 0x14ea476fe9b0>,5,3,[1 5],9,20,23,11,9
1,<environment.Job instance at 0x14ea48912d70>,1,3,[9 2],2,2,5,0,2
1,<environment.Job instance at 0x14ea489121e0>,0,1,[ 2 10],1,5,6,4,3
1,<environment.Job instance at 0x14ea50061730>,4,3,[2 8],9,131,134,122,131
1,<environment.Job instance at 0x14ea48851d20>,0,3,[8 1],1,1,4,0,1
1,<environment.Job instance at 0x14ea48851c30>,1,2,[10  1],2,4,6,2,2
1,<environment.Job instance at 0x14ea488511e0>,3,3,[2 6],4,6,9,2,4
1,<environment.Job instance at 0x14ea48851690>,4,2,[6 2],5,6,8,1,5
1,<environment.Job instance at 0x14ea48851550>,5,21,[1 8],6,9,30,3,6
1,<environment.Job instance at 0x14ea48851eb0>,6,1,[9 1],7,9,10,2,7
1,<environment.Job instance at 0x14ea48851870>,8,12,[6 1],9,10,22,1,10
1,<environment.Job instance at 0x14ea44741eb0>,0,2,[1 7],1,1,3,0,1
1,<environment.Job instance at 0x14ea447415f0>,2,1,[2 5],5,5,6,0,5
1,<environment.Job instance at 0x14ea44741c30>,1,1,[5 1],2,2,3,0,2
1,<environment.Job instance at 0x14ea53580960>,3,2,[10  1],4,4,6,0,4
1,<environment.Job instance at 0x14ea535800f0>,4,2,[2 7],5,6,8,1,5
1,<environment.Job instance at 0x14ea473b6d70>,6,2,[8 2],8,11,13,3,11
1,<environment.Job instance at 0x14ea47907aa0>,3,3,[6 2],5,5,8,0,5
1,<environment.Job instance at 0x14ea47907460>,2,25,[ 1 10],4,29,54,25,29
1,<environment.Job instance at 0x14ea479079b0>,5,2,[9 1],8,89,91,81,89
1,<environment.Job instance at 0x14ea479079b0>,2,16,[ 2 10],4,4,20,0,4
1,<environment.Job instance at 0x14ea4672ca00>,4,2,[1 6],7,20,22,13,7
1,<environment.Job instance at 0x14ea487def00>,2,14,[1 8],3,3,17,0,3
1,<environment.Job instance at 0x14ea487de8c0>,3,3,[8 2],4,4,7,0,4
1,<environment.Job instance at 0x14ea487de640>,4,1,[1 7],5,17,18,12,5
1,<environment.Job instance at 0x14ea451b7280>,6,2,[1 8],7,18,20,11,7
1,<environment.Job instance at 0x14ea52969870>,1,2,[8 1],3,3,5,0,3
1,<environment.Job instance at 0x14ea529695a0>,2,3,[1 9],4,4,7,0,4
1,<environment.Job instance at 0x14ea52969be0>,3,2,[10  1],5,7,9,2,5
1,<environment.Job instance at 0x14ea529695f0>,4,3,[ 2 10],6,9,12,3,6
1,<environment.Job instance at 0x14ea487defa0>,5,22,[2 6],7,12,34,5,10
1,<environment.Job instance at 0x14ea52969af0>,6,3,[1 5],8,34,37,26,29
1,<environment.Job instance at 0x14ea6a2089b0>,1,2,[7 1],2,2,4,0,2
1,<environment.Job instance at 0x14ea43d5c8c0>,2,3,[6 1],3,4,7,1,3
1,<environment.Job instance at 0x14ea43d5c4b0>,3,1,[6 2],4,7,8,3,4
1,<environment.Job instance at 0x14ea472f6960>,4,2,[6 1],5,8,10,3,5
1,<environment.Job instance at 0x14ea472f60f0>,6,2,[10  1],7,10,12,3,7
1,<environment.Job instance at 0x14ea472f6be0>,8,1,[8 1],9,12,13,3,9
1,<environment.Job instance at 0x14ea443b80f0>,2,2,[9 1],4,6,8,2,6
1,<environment.Job instance at 0x14ea443b8050>,1,18,[6 1],3,9,27,6,9
1,<environment.Job instance at 0x14ea443b8a50>,4,1,[9 2],7,66,67,59,66
1,<environment.Job instance at 0x14ea476b6cd0>,1,2,[5 1],2,2,4,0,2
1,<environment.Job instance at 0x14ea476b6b90>,2,2,[7 2],3,4,6,1,3
1,<environment.Job instance at 0x14ea444eb500>,3,1,[2 9],4,6,7,2,5
1,<environment.Job instance at 0x14ea444ebb40>,5,1,[9 1],6,7,8,1,6
1,<environment.Job instance at 0x14ea69e40aa0>,7,15,[2 8],8,8,23,0,8
1,<environment.Job instance at 0x14ea43fd2280>,0,1,[2 6],2,2,3,0,2
1,<environment.Job instance at 0x14ea43fd2820>,6,3,[2 5],9,40,43,31,40
1,<environment.Job instance at 0x14ea43fd2dc0>,2,18,[8 2],5,45,63,40,45
1,<environment.Job instance at 0x14ea43c473c0>,2,1,[ 2 10],4,5,6,1,5
1,<environment.Job instance at 0x14ea43c475a0>,3,12,[ 1 10],8,8,20,0,8
1,<environment.Job instance at 0x14ea489095f0>,2,16,[5 2],5,19,35,14,19
1,<environment.Job instance at 0x14ea48909370>,3,1,[10  2],6,35,36,29,26
1,<environment.Job instance at 0x14ea48909d70>,4,1,[2 5],7,102,103,95,102
1,<environment.Job instance at 0x14ea477b7f50>,0,1,[1 7],1,2,3,1,2
1,<environment.Job instance at 0x14ea477b74b0>,1,13,[ 1 10],2,3,16,1,2
1,<environment.Job instance at 0x14ea477b70a0>,2,1,[2 6],4,16,17,12,4
1,<environment.Job instance at 0x14ea477b7dc0>,4,2,[6 2],9,16,18,7,9
1,<environment.Job instance at 0x14ea449b3cd0>,2,2,[10  2],3,3,5,0,3
1,<environment.Job instance at 0x14ea449b3820>,3,2,[5 1],4,5,7,1,4
1,<environment.Job instance at 0x14ea476642d0>,4,3,[7 1],6,7,10,1,6
1,<environment.Job instance at 0x14ea449b3aa0>,6,1,[7 1],9,12,13,3,12
1,<environment.Job instance at 0x14ea444fff50>,1,18,[2 6],2,2,20,0,2
1,<environment.Job instance at 0x14ea444ff640>,3,1,[5 1],7,7,8,0,7
1,<environment.Job instance at 0x14ea47f73550>,0,3,[7 2],1,1,4,0,1
1,<environment.Job instance at 0x14ea47f73f00>,1,1,[5 2],3,4,5,1,3
1,<environment.Job instance at 0x14ea4761da50>,4,16,[9 2],6,6,22,0,6
1,<environment.Job instance at 0x14ea4761daf0>,5,1,[10  1],8,22,23,14,17
1,<environment.Job instance at 0x14ea4761d410>,6,1,[2 8],9,33,34,24,33
1,<environment.Job instance at 0x14ea440c0320>,1,3,[ 2 10],2,2,5,0,2
1,<environment.Job instance at 0x14ea440c0190>,2,1,[7 1],3,5,6,2,3
1,<environment.Job instance at 0x14ea513080f0>,0,1,[2 5],4,4,5,0,4
1,<environment.Job instance at 0x14ea47f750a0>,3,2,[1 9],8,8,10,0,8
1,<environment.Job instance at 0x14ea47f75460>,4,2,[5 1],9,9,11,0,9
1,<environment.Job instance at 0x14ea43e2bb40>,0,1,[5 1],1,2,3,1,2
1,<environment.Job instance at 0x14ea43e2b8c0>,3,12,[9 1],8,17,29,9,17
1,<environment.Job instance at 0x14ea6954b5f0>,0,3,[9 1],1,1,4,0,1
1,<environment.Job instance at 0x14ea6a5097d0>,2,3,[10  1],3,11,14,8,11
1,<environment.Job instance at 0x14ea6954b050>,4,13,[9 1],8,74,87,66,74
1,<environment.Job instance at 0x14ea4548cdc0>,1,13,[1 9],2,17,30,15,17
1,<environment.Job instance at 0x14ea4548cf50>,3,1,[2 8],6,114,115,108,114
1,<environment.Job instance at 0x14ea446b4c30>,1,2,[1 5],5,5,7,0,5
1,<environment.Job instance at 0x14ea446b41e0>,3,2,[10  1],7,7,9,0,7
1,<environment.Job instance at 0x14ea446b4820>,4,1,[6 2],8,9,10,1,8
1,<environment.Job instance at 0x14ea446b4aa0>,5,12,[2 9],9,10,22,1,9
1,<environment.Job instance at 0x14ea478c6f00>,1,15,[2 5],3,3,18,0,3
1,<environment.Job instance at 0x14ea478c65a0>,3,1,[5 2],6,20,21,14,20
1,<environment.Job instance at 0x14ea478c63c0>,5,1,[1 6],8,38,39,30,38
1,<environment.Job instance at 0x14ea43d860f0>,0,2,[5 2],1,1,3,0,1
1,<environment.Job instance at 0x14ea44280c80>,3,12,[1 8],6,81,93,75,81
1,<environment.Job instance at 0x14ea5007c640>,1,3,[2 5],3,3,6,0,3
1,<environment.Job instance at 0x14ea5007c500>,2,3,[1 9],4,6,9,2,4
1,<environment.Job instance at 0x14ea5007c690>,4,2,[5 2],7,9,11,2,7
1,<environment.Job instance at 0x14ea5007cb90>,5,20,[1 8],8,9,29,1,8
1,<environment.Job instance at 0x14ea69557e60>,7,2,[1 8],9,200,202,191,200
1,<environment.Job instance at 0x14ea4427fdc0>,1,2,[1 7],2,2,4,0,2
1,<environment.Job instance at 0x14ea4427faf0>,4,1,[5 1],8,8,9,0,8
1,<environment.Job instance at 0x14ea47276550>,1,2,[ 2 10],2,4,6,2,4
1,<environment.Job instance at 0x14ea53567640>,2,1,[8 2],6,7,8,1,7
1,<environment.Job instance at 0x14ea47276d20>,4,1,[10  2],8,8,9,0,8
1,<environment.Job instance at 0x14ea47276640>,5,1,[5 2],9,9,10,0,9
1,<environment.Job instance at 0x14ea47276f50>,3,1,[1 8],7,12,13,5,12
1,<environment.Job instance at 0x14ea44298c30>,1,3,[10  2],3,3,6,0,3
1,<environment.Job instance at 0x14ea6803d640>,3,3,[9 1],7,10,13,3,10
1,<environment.Job instance at 0x14ea6803db90>,5,3,[1 5],9,257,260,248,257
1,<environment.Job instance at 0x14ea44a7b910>,1,3,[1 9],5,68,71,63,68
1,<environment.Job instance at 0x14ea43c78f50>,5,3,[1 9],6,22,25,16,22
1,<environment.Job instance at 0x14ea43c78a00>,4,24,[8 1],5,29,53,24,29
1,<environment.Job instance at 0x14ea43c78d20>,6,2,[9 2],8,232,234,224,232
1,<environment.Job instance at 0x14ea52a0f870>,0,1,[8 2],1,1,2,0,1
1,<environment.Job instance at 0x14ea4521d640>,5,2,[2 9],9,9,11,0,9
1,<environment.Job instance at 0x14ea43ce2be0>,2,3,[2 6],3,3,6,0,3
1,<environment.Job instance at 0x14ea43ce2c80>,3,15,[2 9],4,6,21,2,4
1,<environment.Job instance at 0x14ea43ce29b0>,4,1,[10  1],6,21,22,15,6
1,<environment.Job instance at 0x14ea43ce2e10>,6,1,[ 1 10],8,22,23,14,10
1,<environment.Job instance at 0x14ea4736ebe0>,1,2,[ 1 10],4,4,6,0,4
1,<environment.Job instance at 0x14ea449668c0>,2,3,[7 1],5,6,9,1,5
1,<environment.Job instance at 0x14ea44966320>,4,16,[ 1 10],8,9,25,1,8
1,<environment.Job instance at 0x14ea44966e60>,5,3,[2 5],9,25,28,16,9
1,<environment.Job instance at 0x14ea44a7a820>,0,1,[7 2],1,1,2,0,1
1,<environment.Job instance at 0x14ea44a7a960>,1,3,[6 2],2,2,5,0,2
1,<environment.Job instance at 0x14ea44828e60>,5,22,[1 8],9,40,62,31,40
1,<environment.Job instance at 0x14ea44324f00>,1,13,[2 9],2,2,15,0,2
1,<environment.Job instance at 0x14ea45195f50>,0,1,[8 2],1,1,2,0,1
1,<environment.Job instance at 0x14ea451950a0>,2,1,[6 1],4,4,5,0,4
1,<environment.Job instance at 0x14ea45195a50>,3,3,[10  1],5,5,8,0,5
1,<environment.Job instance at 0x14ea45195fa0>,4,12,[ 1 10],6,8,20,2,6
1,<environment.Job instance at 0x14ea451957d0>,6,2,[10  1],9,20,22,11,9
1,<environment.Job instance at 0x14ea4405c960>,0,1,[10  2],2,2,3,0,2
1,<environment.Job instance at 0x14ea48bf4730>,1,1,[2 6],4,4,5,0,4
1,<environment.Job instance at 0x14ea533eba50>,1,3,[8 1],2,3,6,1,3
1,<environment.Job instance at 0x14ea533eb1e0>,3,2,[9 2],5,6,8,1,5
1,<environment.Job instance at 0x14ea43e0d5a0>,2,2,[1 5],3,8,10,5,8
1,<environment.Job instance at 0x14ea47816fa0>,2,2,[9 2],3,4,6,1,4
1,<environment.Job instance at 0x14ea445d65f0>,4,1,[2 6],5,6,7,1,5
1,<environment.Job instance at 0x14ea47816a00>,3,18,[1 7],4,7,25,3,5
1,<environment.Job instance at 0x14ea445d6e60>,6,2,[9 2],8,8,10,0,8
1,<environment.Job instance at 0x14ea446cc5f0>,0,1,[2 8],1,1,2,0,1
1,<environment.Job instance at 0x14ea44701a00>,3,3,[2 8],8,8,11,0,8
1,<environment.Job instance at 0x14ea446e4e10>,0,1,[10  1],2,2,3,0,2
1,<environment.Job instance at 0x14ea446e4a00>,1,1,[9 2],3,3,4,0,3
1,<environment.Job instance at 0x14ea446e4fa0>,2,2,[10  1],4,4,6,0,4
1,<environment.Job instance at 0x14ea446e4af0>,4,3,[5 2],7,7,10,0,7
1,<environment.Job instance at 0x14ea446ad410>,0,1,[7 2],2,2,3,0,2
1,<environment.Job instance at 0x14ea446ad280>,3,3,[1 8],5,5,8,0,5
1,<environment.Job instance at 0x14ea446ad690>,4,3,[5 2],7,7,10,0,7
1,<environment.Job instance at 0x14ea446ad460>,5,1,[2 9],8,10,11,2,8
1,<environment.Job instance at 0x14ea4492f910>,2,20,[6 1],3,12,32,9,12
1,<environment.Job instance at 0x14ea4432ae60>,1,3,[9 2],4,51,54,47,51
1,<environment.Job instance at 0x14ea44506e60>,1,1,[7 2],2,2,3,0,2
1,<environment.Job instance at 0x14ea44506640>,2,2,[6 2],3,3,5,0,3
1,<environment.Job instance at 0x14ea44506730>,4,3,[ 1 10],6,6,9,0,6
1,<environment.Job instance at 0x14ea44506e10>,6,2,[5 1],8,9,11,1,8
1,<environment.Job instance at 0x14ea473d0550>,0,2,[10  2],1,1,3,0,1
1,<environment.Job instance at 0x14ea473d0b40>,2,2,[2 6],4,4,6,0,4
1,<environment.Job instance at 0x14ea487b2410>,4,3,[1 6],6,6,9,0,6
1,<environment.Job instance at 0x14ea487b20a0>,5,3,[9 1],7,7,10,0,7
1,<environment.Job instance at 0x14ea487b2370>,6,2,[10  2],8,10,12,2,8
1,<environment.Job instance at 0x14ea487b2730>,7,1,[5 1],9,12,13,3,11
1,<environment.Job instance at 0x14ea47269690>,1,1,[9 2],4,4,5,0,4
1,<environment.Job instance at 0x14ea47269780>,3,2,[5 2],9,9,11,0,9
1,<environment.Job instance at 0x14ea43c78280>,6,3,[7 2],9,16,19,7,16
1,<environment.Job instance at 0x14ea43c98fa0>,1,1,[ 1 10],2,2,3,0,2
1,<environment.Job instance at 0x14ea4517c500>,2,2,[ 2 10],4,5,7,1,5
1,<environment.Job instance at 0x14ea5346e5a0>,3,18,[1 5],5,7,25,2,5
1,<environment.Job instance at 0x14ea5346eb40>,5,26,[2 6],7,26,52,19,26
1,<environment.Job instance at 0x14ea489bf370>,7,2,[2 8],9,52,54,43,42
1,<environment.Job instance at 0x14ea5345c960>,0,2,[6 1],2,2,4,0,2
1,<environment.Job instance at 0x14ea48c0f370>,2,2,[1 7],5,6,8,1,6
1,<environment.Job instance at 0x14ea48c0fb90>,3,1,[6 1],6,11,12,5,11
1,<environment.Job instance at 0x14ea695575a0>,1,1,[7 2],2,2,3,0,2
1,<environment.Job instance at 0x14ea43dca190>,2,1,[ 2 10],5,6,7,1,6
1,<environment.Job instance at 0x14ea695577d0>,3,3,[2 5],6,12,15,6,12
1,<environment.Job instance at 0x14ea53515730>,1,2,[ 2 10],3,3,5,0,3
1,<environment.Job instance at 0x14ea535155f0>,4,3,[6 1],6,298,301,292,298
1,<environment.Job instance at 0x14ea6a10dfa0>,0,2,[10  2],1,1,3,0,1
1,<environment.Job instance at 0x14ea44227f00>,1,1,[8 1],4,4,5,0,4
1,<environment.Job instance at 0x14ea489554b0>,2,3,[7 1],5,5,8,0,5
1,<environment.Job instance at 0x14ea48955a00>,4,2,[2 5],8,9,11,1,9
1,<environment.Job instance at 0x14ea68076320>,3,13,[2 8],5,5,18,0,5
1,<environment.Job instance at 0x14ea68077910>,6,2,[2 6],9,18,20,9,9
1,<environment.Job instance at 0x14ea44577cd0>,2,3,[2 5],9,9,12,0,9
1,<environment.Job instance at 0x14ea445775a0>,2,2,[2 6],4,4,6,0,4
1,<environment.Job instance at 0x14ea512f4aa0>,3,3,[1 8],5,6,9,1,5
1,<environment.Job instance at 0x14ea445e2460>,6,14,[5 2],9,59,73,50,59
1,<environment.Job instance at 0x14ea4768d410>,0,3,[7 1],1,1,4,0,1
1,<environment.Job instance at 0x14ea4768d870>,2,17,[2 6],5,5,22,0,5
1,<environment.Job instance at 0x14ea4768da00>,3,1,[1 6],7,22,23,15,7
1,<environment.Job instance at 0x14ea43f38780>,0,1,[7 1],1,1,2,0,1
1,<environment.Job instance at 0x14ea43f38500>,1,2,[6 2],2,2,4,0,2
1,<environment.Job instance at 0x14ea5007a140>,6,1,[10  1],7,7,8,0,7
1,<environment.Job instance at 0x14ea5007afa0>,7,1,[1 8],8,8,9,0,8
1,<environment.Job instance at 0x14ea5007a690>,5,16,[2 9],6,15,31,9,15
1,<environment.Job instance at 0x14ea44aa05a0>,0,2,[2 7],1,1,3,0,1
1,<environment.Job instance at 0x14ea44aa0aa0>,2,1,[6 2],3,3,4,0,3
1,<environment.Job instance at 0x14ea4719a500>,4,1,[10  2],6,6,7,0,6
1,<environment.Job instance at 0x14ea52a540a0>,1,14,[2 8],5,5,19,0,5
1,<environment.Job instance at 0x14ea52a6ee10>,1,1,[1 8],2,2,3,0,2
1,<environment.Job instance at 0x14ea52a6e190>,2,1,[10  1],3,3,4,0,3
1,<environment.Job instance at 0x14ea4498af00>,1,2,[2 9],2,2,4,0,2
1,<environment.Job instance at 0x14ea43cf9eb0>,4,2,[2 6],6,6,8,0,6
1,<environment.Job instance at 0x14ea43cf9fa0>,3,14,[6 1],5,8,22,3,8
1,<environment.Job instance at 0x14ea43cf95a0>,6,1,[9 1],9,22,23,13,9
1,<environment.Job instance at 0x14ea478e1780>,1,16,[6 1],2,2,18,0,2
1,<environment.Job instance at 0x14ea472a5280>,2,2,[1 8],5,5,7,0,5
1,<environment.Job instance at 0x14ea52a622d0>,2,3,[2 7],4,4,7,0,4
1,<environment.Job instance at 0x14ea52a62c80>,3,17,[1 8],5,7,24,2,5
1,<environment.Job instance at 0x14ea52a62cd0>,6,3,[1 8],9,24,27,15,9
1,<environment.Job instance at 0x14ea48d22550>,1,1,[1 5],2,2,3,0,2
1,<environment.Job instance at 0x14ea48d22b40>,2,1,[1 7],3,3,4,0,3
1,<environment.Job instance at 0x14ea48d22500>,3,1,[7 2],4,4,5,0,4
1,<environment.Job instance at 0x14ea48d22640>,4,2,[2 5],7,7,9,0,7
1,<environment.Job instance at 0x14ea48d22370>,5,1,[10  1],8,9,10,1,8
1,<environment.Job instance at 0x14ea48d22c30>,6,2,[2 8],9,10,12,1,9
1,<environment.Job instance at 0x14ea45495c30>,0,2,[2 9],1,1,3,0,1
1,<environment.Job instance at 0x14ea45495a50>,1,2,[9 1],2,3,5,1,2
1,<environment.Job instance at 0x14ea45495dc0>,2,2,[9 1],3,5,7,2,3
1,<environment.Job instance at 0x14ea45495730>,3,3,[ 1 10],4,7,10,3,4
1,<environment.Job instance at 0x14ea4516f410>,1,3,[5 2],4,4,7,0,4
1,<environment.Job instance at 0x14ea4516f370>,2,2,[2 9],6,7,9,1,7
1,<environment.Job instance at 0x14ea4516f0f0>,4,3,[5 1],8,11,14,3,11
1,<environment.Job instance at 0x14ea44aa5dc0>,0,1,[9 1],1,1,2,0,1
1,<environment.Job instance at 0x14ea44aa5af0>,2,1,[10  1],4,4,5,0,4
1,<environment.Job instance at 0x14ea44aa5370>,3,1,[8 2],5,5,6,0,5
1,<environment.Job instance at 0x14ea44aa57d0>,4,2,[6 2],7,7,9,0,7
1,<environment.Job instance at 0x14ea47219e10>,1,1,[8 2],4,4,5,0,4
1,<environment.Job instance at 0x14ea472193c0>,0,1,[1 9],2,5,6,3,4
1,<environment.Job instance at 0x14ea50094dc0>,3,1,[8 1],7,7,8,0,7
1,<environment.Job instance at 0x14ea50094e10>,4,2,[ 2 10],8,9,11,1,9
1,<environment.Job instance at 0x14ea44a5ca50>,1,1,[10  2],3,3,4,0,3
1,<environment.Job instance at 0x14ea44a5c8c0>,2,3,[7 2],4,4,7,0,4
1,<environment.Job instance at 0x14ea44a5c780>,3,2,[2 9],6,7,9,1,6
1,<environment.Job instance at 0x14ea472685a0>,2,2,[8 2],3,3,5,0,3
1,<environment.Job instance at 0x14ea47268d70>,4,3,[6 2],8,8,11,0,8
1,<environment.Job instance at 0x14ea43ce5140>,1,14,[1 7],2,2,16,0,2
1,<environment.Job instance at 0x14ea43ce50a0>,4,2,[10  2],5,16,18,11,5
1,<environment.Job instance at 0x14ea6a28b6e0>,5,3,[8 1],6,6,9,0,6
1,<environment.Job instance at 0x14ea535b3190>,0,16,[ 1 10],6,6,22,0,6
1,<environment.Job instance at 0x14ea52aa3aa0>,2,3,[8 2],8,22,25,14,8
1,<environment.Job instance at 0x14ea52affe60>,2,1,[1 6],9,9,10,0,9
1,<environment.Job instance at 0x14ea47705e60>,0,3,[9 1],1,1,4,0,1
1,<environment.Job instance at 0x14ea47705b40>,2,3,[7 1],4,4,7,0,4
1,<environment.Job instance at 0x14ea47705be0>,3,2,[ 1 10],5,7,9,2,5
1,<environment.Job instance at 0x14ea47705640>,4,1,[ 1 10],6,9,10,3,6
1,<environment.Job instance at 0x14ea43f30f00>,5,2,[6 2],8,10,12,2,8
1,<environment.Job instance at 0x14ea448eccd0>,0,3,[10  1],1,1,4,0,1
1,<environment.Job instance at 0x14ea448ec780>,1,3,[6 1],3,4,7,1,3
1,<environment.Job instance at 0x14ea448ecd20>,3,1,[2 5],6,6,7,0,6
1,<environment.Job instance at 0x14ea448ecc80>,4,1,[2 9],7,7,8,0,7
1,<environment.Job instance at 0x14ea448ec1e0>,5,3,[8 1],9,9,12,0,9
1,<environment.Job instance at 0x14ea6a11e870>,2,16,[2 5],3,3,19,0,3
1,<environment.Job instance at 0x14ea6a11e230>,4,3,[2 7],5,19,22,14,5
1,<environment.Job instance at 0x14ea48c930f0>,8,2,[ 2 10],9,28,30,19,28
1,<environment.Job instance at 0x14ea451f4d20>,0,2,[5 2],1,1,3,0,1
1,<environment.Job instance at 0x14ea48c93aa0>,2,1,[6 1],5,5,6,0,5
1,<environment.Job instance at 0x14ea451f4e10>,3,2,[2 9],8,8,10,0,8
1,<environment.Job instance at 0x14ea48858cd0>,4,17,[1 8],5,7,24,2,7
1,<environment.Job instance at 0x14eaa2d550f0>,7,3,[9 1],8,8,11,0,8
1,<environment.Job instance at 0x14ea446e5cd0>,1,3,[1 8],2,2,5,0,2
1,<environment.Job instance at 0x14ea446e50f0>,3,3,[7 2],4,5,8,1,5
1,<environment.Job instance at 0x14ea446e57d0>,6,2,[2 5],9,127,129,118,127
1,<environment.Job instance at 0x14ea4450b5f0>,0,1,[8 2],2,2,3,0,2
1,<environment.Job instance at 0x14ea4450b140>,4,19,[1 8],9,9,28,0,9
1,<environment.Job instance at 0x14ea535231e0>,2,3,[2 8],3,3,6,0,3
1,<environment.Job instance at 0x14ea53523190>,3,1,[2 9],4,6,7,2,4
1,<environment.Job instance at 0x14ea53523e10>,4,1,[10  1],5,7,8,2,5
1,<environment.Job instance at 0x14ea53523f00>,5,12,[ 2 10],6,8,20,2,6
1,<environment.Job instance at 0x14ea53523730>,6,3,[ 1 10],7,20,23,13,7
1,<environment.Job instance at 0x14ea53523be0>,8,13,[2 7],9,23,36,14,14
1,<environment.Job instance at 0x14ea4739b140>,2,2,[6 1],4,13,15,9,13
1,<environment.Job instance at 0x14ea4739b820>,4,2,[10  2],7,100,102,93,100
1,<environment.Job instance at 0x14ea442614b0>,0,2,[10  2],1,1,3,0,1
1,<environment.Job instance at 0x14ea44261780>,1,1,[1 9],3,4,5,1,4
1,<environment.Job instance at 0x14ea44261b90>,2,1,[2 8],4,5,6,1,5
1,<environment.Job instance at 0x14ea69e09140>,0,2,[7 1],1,1,3,0,1
1,<environment.Job instance at 0x14ea69e09a50>,2,3,[1 7],8,8,11,0,8
1,<environment.Job instance at 0x14ea69e09af0>,3,1,[8 1],9,9,10,0,9
1,<environment.Job instance at 0x14ea69e09960>,1,2,[2 7],3,3,5,0,3
1,<environment.Job instance at 0x14ea47f651e0>,4,15,[2 9],6,6,21,0,6
1,<environment.Job instance at 0x14ea441fafa0>,0,1,[5 2],3,3,4,0,3
1,<environment.Job instance at 0x14ea47f65640>,1,1,[2 6],5,5,6,0,5
1,<environment.Job instance at 0x14ea441faf50>,2,2,[9 2],7,7,9,0,7
1,<environment.Job instance at 0x14ea441fa870>,3,1,[7 2],8,9,10,1,8
1,<environment.Job instance at 0x14ea441fa6e0>,4,1,[10  1],9,10,11,1,9
1,<environment.Job instance at 0x14ea44901b90>,0,1,[1 7],2,3,4,1,3
1,<environment.Job instance at 0x14ea9bb38b40>,1,12,[1 7],2,2,14,0,2
1,<environment.Job instance at 0x14ea442ec3c0>,5,1,[10  1],8,14,15,6,8
1,<environment.Job instance at 0x14ea445f32d0>,1,16,[2 6],2,2,18,0,2
1,<environment.Job instance at 0x14ea445f3550>,4,1,[1 6],6,18,19,12,6
1,<environment.Job instance at 0x14ea445f31e0>,5,2,[8 1],8,8,10,0,8
1,<environment.Job instance at 0x14ea478c7690>,1,2,[1 9],3,3,5,0,3
1,<environment.Job instance at 0x14ea478c7320>,1,15,[2 8],2,2,17,0,2
1,<environment.Job instance at 0x14ea447c1be0>,0,3,[9 1],1,1,4,0,1
1,<environment.Job instance at 0x14ea447c1280>,2,3,[2 9],4,4,7,0,4
1,<environment.Job instance at 0x14ea44666a50>,4,2,[7 1],7,12,14,5,12
1,<environment.Job instance at 0x14ea53515820>,2,3,[10  1],4,4,7,0,4
1,<environment.Job instance at 0x14ea48c25410>,3,18,[1 6],5,7,25,2,5
1,<environment.Job instance at 0x14ea48c25370>,5,17,[1 9],8,25,42,17,14
1,<environment.Job instance at 0x14ea443f15a0>,1,1,[5 1],3,3,4,0,3
1,<environment.Job instance at 0x14ea443f1f50>,2,14,[2 7],4,4,18,0,4
1,<environment.Job instance at 0x14ea443f1c30>,4,2,[2 6],6,18,20,12,8
1,<environment.Job instance at 0x14ea443f1fa0>,5,16,[2 6],7,44,60,37,44
1,<environment.Job instance at 0x14ea472d6410>,1,1,[2 5],3,111,112,108,111
1,<environment.Job instance at 0x14ea449d0be0>,3,16,[2 5],6,331,347,325,331
1,<environment.Job instance at 0x14ea441245a0>,1,17,[8 1],4,9,26,5,9
1,<environment.Job instance at 0x14ea44124690>,3,3,[6 2],7,882,885,875,882
1,<environment.Job instance at 0x14ea442301e0>,1,1,[7 1],4,4,5,0,4
1,<environment.Job instance at 0x14ea4482b050>,4,16,[2 9],8,8,24,0,8
1,<environment.Job instance at 0x14ea44230730>,3,2,[5 1],7,10,12,3,10
1,<environment.Job instance at 0x14ea440a64b0>,0,2,[1 7],2,2,4,0,2
1,<environment.Job instance at 0x14ea4777faa0>,1,2,[7 2],2,2,4,0,2
1,<environment.Job instance at 0x14ea4777f1e0>,2,2,[2 7],3,3,5,0,3
1,<environment.Job instance at 0x14ea4777f3c0>,3,2,[9 1],4,5,7,1,4
1,<environment.Job instance at 0x14ea4777f460>,4,1,[6 1],5,7,8,2,5
1,<environment.Job instance at 0x14ea4777fe10>,5,3,[9 2],6,8,11,2,6
1,<environment.Job instance at 0x14ea47171820>,6,2,[9 2],8,11,13,3,8
1,<environment.Job instance at 0x14ea43ed10a0>,0,2,[7 2],1,1,3,0,1
1,<environment.Job instance at 0x14ea4777fa50>,1,3,[1 9],2,3,6,1,2
1,<environment.Job instance at 0x14ea43ed1fa0>,6,3,[9 2],7,67,70,60,67
1,<environment.Job instance at 0x14ea454928c0>,3,18,[8 2],4,7,25,3,7
1,<environment.Job instance at 0x14ea45492140>,1,2,[8 2],2,25,27,23,7
1,<environment.Job instance at 0x14ea447b5dc0>,6,1,[7 1],9,63,64,54,63
1,<environment.Job instance at 0x14ea69e78e10>,0,2,[7 1],1,1,3,0,1
1,<environment.Job instance at 0x14ea69e78460>,3,3,[9 2],5,5,8,0,5
1,<environment.Job instance at 0x14ea43d250a0>,0,1,[7 1],1,1,2,0,1
1,<environment.Job instance at 0x14ea43d258c0>,1,2,[9 2],2,2,4,0,2
1,<environment.Job instance at 0x14ea43d25d70>,2,2,[7 1],4,4,6,0,4
1,<environment.Job instance at 0x14ea43fdd4b0>,1,17,[2 5],2,2,19,0,2
1,<environment.Job instance at 0x14ea43fdd230>,2,3,[ 2 10],3,19,22,16,3
1,<environment.Job instance at 0x14ea43fddd20>,3,3,[6 2],4,4,7,0,4
1,<environment.Job instance at 0x14ea43fdd960>,4,16,[2 9],7,22,38,15,9
1,<environment.Job instance at 0x14ea4521a870>,5,3,[1 8],8,38,41,30,36
1,<environment.Job instance at 0x14ea445ce5a0>,2,2,[2 8],4,4,6,0,4
1,<environment.Job instance at 0x14ea445ce1e0>,4,3,[7 2],7,7,10,0,7
1,<environment.Job instance at 0x14ea445ce730>,5,2,[1 6],9,9,11,0,9
1,<environment.Job instance at 0x14ea477f7e60>,0,2,[9 1],1,1,3,0,1
1,<environment.Job instance at 0x14ea477f7640>,3,3,[1 7],4,4,7,0,4
1,<environment.Job instance at 0x14ea477f7b90>,4,2,[ 2 10],5,7,9,2,5
1,<environment.Job instance at 0x14ea477f7410>,5,2,[8 2],6,9,11,3,6
1,<environment.Job instance at 0x14ea477f7190>,6,1,[10  2],7,11,12,4,7
1,<environment.Job instance at 0x14ea48d81050>,0,17,[ 1 10],1,1,18,0,1
1,<environment.Job instance at 0x14ea48d81e60>,2,3,[1 8],3,18,21,15,3
1,<environment.Job instance at 0x14ea477f7c80>,4,3,[8 2],5,18,21,13,5
1,<environment.Job instance at 0x14ea446eedc0>,5,1,[1 8],7,21,22,14,7
1,<environment.Job instance at 0x14ea446ee8c0>,6,3,[9 1],9,21,24,12,9
1,<environment.Job instance at 0x14ea47200cd0>,1,17,[ 2 10],4,7,24,3,7
1,<environment.Job instance at 0x14ea47200c30>,3,14,[2 9],7,54,68,47,54
1,<environment.Job instance at 0x14ea472004b0>,2,13,[1 7],6,153,166,147,153
1,<environment.Job instance at 0x14ea4423eaf0>,4,3,[1 6],8,13,16,5,13
1,<environment.Job instance at 0x14ea68076b90>,1,2,[9 1],4,6,8,2,6
1,<environment.Job instance at 0x14ea44a42550>,4,3,[8 2],7,10,13,3,10
1,<environment.Job instance at 0x14ea440e4730>,1,3,[10  1],3,3,6,0,3
1,<environment.Job instance at 0x14ea440e4500>,3,1,[1 9],5,6,7,1,5
1,<environment.Job instance at 0x14ea440e4aa0>,6,1,[1 7],9,9,10,0,9
1,<environment.Job instance at 0x14ea440e4910>,5,1,[1 9],8,25,26,17,25
1,<environment.Job instance at 0x14ea44669dc0>,1,2,[5 1],3,3,5,0,3
1,<environment.Job instance at 0x14ea44231b90>,4,16,[1 9],8,8,24,0,8
1,<environment.Job instance at 0x14ea512f4be0>,2,3,[1 6],3,8,11,5,8
1,<environment.Job instance at 0x14ea43cbb820>,2,3,[5 2],5,5,8,0,5
1,<environment.Job instance at 0x14ea47386b40>,3,3,[5 2],6,7,10,1,7
1,<environment.Job instance at 0x14ea47264f50>,5,2,[2 8],9,9,11,0,9
1,<environment.Job instance at 0x14ea4460f7d0>,0,2,[2 8],1,1,3,0,1
1,<environment.Job instance at 0x14ea4460f8c0>,2,15,[ 1 10],3,3,18,0,3
1,<environment.Job instance at 0x14ea4460fcd0>,3,2,[ 1 10],4,18,20,14,4
1,<environment.Job instance at 0x14ea4460f4b0>,5,2,[5 1],6,20,22,14,9
1,<environment.Job instance at 0x14ea535c6410>,0,2,[7 2],1,1,3,0,1
1,<environment.Job instance at 0x14ea43e53a50>,1,1,[2 9],2,3,4,1,3
1,<environment.Job instance at 0x14ea535c6af0>,3,1,[10  1],5,5,6,0,5
1,<environment.Job instance at 0x14ea6a58ebe0>,5,27,[1 7],7,25,52,18,25
1,<environment.Job instance at 0x14ea44840960>,0,1,[2 7],2,2,3,0,2
1,<environment.Job instance at 0x14ea446880a0>,0,3,[9 2],1,1,4,0,1
1,<environment.Job instance at 0x14ea44868d20>,1,1,[7 1],2,4,5,2,2
1,<environment.Job instance at 0x14ea44688af0>,2,3,[8 2],4,5,8,1,4
1,<environment.Job instance at 0x14ea448685a0>,5,3,[1 6],7,161,164,154,161
1,<environment.Job instance at 0x14ea44868640>,1,2,[10  2],2,2,4,0,2
1,<environment.Job instance at 0x14ea69523dc0>,2,1,[5 2],3,4,5,1,3
1,<environment.Job instance at 0x14ea69523640>,3,3,[6 2],5,5,8,0,5
1,<environment.Job instance at 0x14ea4763b230>,5,18,[2 6],8,8,26,0,8
1,<environment.Job instance at 0x14ea533ef410>,2,14,[1 7],5,20,34,15,20
1,<environment.Job instance at 0x14ea533ef0f0>,3,17,[ 2 10],7,233,250,226,233
1,<environment.Job instance at 0x14ea44533e60>,2,1,[ 2 10],4,4,5,0,4
1,<environment.Job instance at 0x14ea44533230>,5,2,[2 7],9,21,23,12,21
1,<environment.Job instance at 0x14ea451a9140>,3,3,[1 9],5,5,8,0,5
1,<environment.Job instance at 0x14ea451a9aa0>,4,2,[2 8],7,8,10,1,7
1,<environment.Job instance at 0x14ea451a9410>,1,1,[1 9],2,10,11,8,7
1,<environment.Job instance at 0x14ea451a9730>,5,2,[1 6],8,11,13,3,8
1,<environment.Job instance at 0x14ea451a98c0>,6,1,[6 1],9,9,10,0,9
1,<environment.Job instance at 0x14ea44931910>,1,2,[8 2],3,3,5,0,3
1,<environment.Job instance at 0x14ea44931af0>,2,3,[7 1],4,5,8,1,4
1,<environment.Job instance at 0x14ea44931460>,3,3,[10  2],7,8,11,1,7
1,<environment.Job instance at 0x14ea449314b0>,4,2,[ 1 10],8,11,13,3,8
1,<environment.Job instance at 0x14ea44931820>,5,3,[2 9],9,13,16,4,9
1,<environment.Job instance at 0x14ea44264820>,4,1,[6 2],5,7,8,2,7
1,<environment.Job instance at 0x14ea44264f00>,7,2,[2 9],9,9,11,0,9
1,<environment.Job instance at 0x14ea44264410>,3,16,[ 1 10],4,73,89,69,73
1,<environment.Job instance at 0x14ea44264f50>,5,2,[2 5],6,139,141,133,139
1,<environment.Job instance at 0x14ea4784bd70>,0,1,[6 1],2,2,3,0,2
1,<environment.Job instance at 0x14ea4784b7d0>,1,2,[10  2],3,3,5,0,3
1,<environment.Job instance at 0x14ea4784b500>,2,2,[10  1],4,5,7,1,4
1,<environment.Job instance at 0x14ea4784b910>,3,1,[2 5],6,7,8,1,6
1,<environment.Job instance at 0x14ea69e760f0>,1,16,[ 2 10],2,3,19,1,3
1,<environment.Job instance at 0x14ea43c47140>,3,2,[8 1],5,38,40,33,38
1,<environment.Job instance at 0x14ea43c474b0>,4,3,[1 8],6,1844,1847,1838,1844
1,<environment.Job instance at 0x14ea43c47b40>,1,1,[2 5],2,2,3,0,2
1,<environment.Job instance at 0x14ea69e7d0a0>,2,2,[8 2],3,3,5,0,3
1,<environment.Job instance at 0x14ea4492faf0>,4,3,[9 2],8,9,12,1,9
1,<environment.Job instance at 0x14ea47379140>,1,18,[1 6],2,2,20,0,2
1,<environment.Job instance at 0x14ea47379500>,2,3,[7 2],4,4,7,0,4
1,<environment.Job instance at 0x14ea47379b90>,3,3,[ 1 10],5,20,23,15,5
1,<environment.Job instance at 0x14ea448c2320>,1,3,[8 2],3,4,7,1,4
1,<environment.Job instance at 0x14ea44aa5dc0>,3,15,[1 7],6,10,25,4,10
1,<environment.Job instance at 0x14ea534ab140>,1,1,[1 5],2,2,3,0,2
1,<environment.Job instance at 0x14ea442841e0>,2,15,[8 1],4,6,21,2,6
1,<environment.Job instance at 0x14ea475ed4b0>,4,15,[1 8],8,9,24,1,9
1,<environment.Job instance at 0x14ea477de640>,1,2,[7 1],3,4,6,1,4
1,<environment.Job instance at 0x14ea6a142820>,4,3,[1 7],8,80,83,72,80
1,<environment.Job instance at 0x14ea6a142f50>,3,3,[2 5],7,154,157,147,154
1,<environment.Job instance at 0x14ea534d8780>,4,15,[1 5],6,6,21,0,6
1,<environment.Job instance at 0x14ea534d83c0>,5,25,[6 2],7,8,33,1,8
1,<environment.Job instance at 0x14ea477deb40>,6,18,[1 6],8,21,39,13,16
1,<environment.Job instance at 0x14ea43cbebe0>,7,19,[2 9],9,39,58,30,29
1,<environment.Job instance at 0x14ea447c7f50>,1,2,[ 2 10],2,2,4,0,2
1,<environment.Job instance at 0x14ea447c7870>,3,2,[1 9],4,5,7,1,5
1,<environment.Job instance at 0x14ea447c7b90>,4,2,[2 7],6,7,9,1,6
1,<environment.Job instance at 0x14ea447c7e60>,5,2,[8 2],7,7,9,0,7
1,<environment.Job instance at 0x14ea489b35a0>,1,1,[2 7],3,3,4,0,3
1,<environment.Job instance at 0x14ea48d4e780>,0,15,[1 6],1,1,16,0,1
1,<environment.Job instance at 0x14ea48d4e280>,3,1,[2 9],5,23,24,18,23
1,<environment.Job instance at 0x14ea44124d70>,0,1,[2 9],1,1,2,0,1
1,<environment.Job instance at 0x14ea529f8140>,1,1,[10  2],3,3,4,0,3
1,<environment.Job instance at 0x14ea529f8c30>,3,16,[5 2],6,10,26,4,10
1,<environment.Job instance at 0x14ea476e3230>,1,12,[ 2 10],3,37,49,34,37
1,<environment.Job instance at 0x14ea476e3050>,3,3,[7 2],9,122,125,113,122
1,<environment.Job instance at 0x14ea53545e60>,1,1,[9 1],2,2,3,0,2
1,<environment.Job instance at 0x14ea441a81e0>,2,13,[2 6],3,3,16,0,3
1,<environment.Job instance at 0x14ea53545050>,3,3,[7 1],8,8,11,0,8
1,<environment.Job instance at 0x14ea445eec30>,0,2,[5 1],2,2,4,0,2
1,<environment.Job instance at 0x14ea445eebe0>,1,3,[7 2],4,4,7,0,4
1,<environment.Job instance at 0x14ea445ee730>,3,2,[2 5],8,8,10,0,8
1,<environment.Job instance at 0x14ea43d79460>,1,20,[2 7],3,3,23,0,3
1,<environment.Job instance at 0x14ea534d0d20>,1,3,[1 5],3,3,6,0,3
1,<environment.Job instance at 0x14ea44317dc0>,2,1,[9 1],4,4,5,0,4
1,<environment.Job instance at 0x14ea44317eb0>,3,3,[2 8],5,6,9,1,5
1,<environment.Job instance at 0x14ea44317e60>,5,24,[1 6],7,9,33,2,7
1,<environment.Job instance at 0x14ea443170f0>,6,13,[6 1],8,10,23,2,10
1,<environment.Job instance at 0x14ea43f57be0>,0,2,[1 6],2,3,5,1,3
1,<environment.Job instance at 0x14ea48bfb410>,2,3,[1 9],4,5,8,1,4
1,<environment.Job instance at 0x14ea48bfb5f0>,4,24,[ 1 10],7,11,35,4,11
1,<environment.Job instance at 0x14ea43d5dcd0>,1,1,[ 1 10],3,3,4,0,3
1,<environment.Job instance at 0x14ea43d5d320>,5,2,[5 1],9,70,72,61,70
1,<environment.Job instance at 0x14ea535670f0>,1,1,[2 8],4,4,5,0,4
1,<environment.Job instance at 0x14ea53567c80>,2,1,[9 2],8,8,9,0,8
1,<environment.Job instance at 0x14ea471d32d0>,1,15,[2 8],3,3,18,0,3
1,<environment.Job instance at 0x14ea43f5c550>,0,2,[10  2],1,1,3,0,1
1,<environment.Job instance at 0x14ea43f5ca50>,3,18,[1 7],7,14,32,7,14
1,<environment.Job instance at 0x14ea4406bd20>,5,13,[2 9],6,7,20,1,7
1,<environment.Job instance at 0x14ea4406b410>,7,17,[1 7],8,20,37,12,18
1,<environment.Job instance at 0x14ea4406b960>,1,2,[10  2],2,37,39,35,30
1,<environment.Job instance at 0x14ea5359c500>,0,3,[7 1],1,1,4,0,1
1,<environment.Job instance at 0x14ea5359c460>,1,1,[8 2],2,4,5,2,2
1,<environment.Job instance at 0x14ea5359cb40>,3,1,[ 2 10],8,8,9,0,8
1,<environment.Job instance at 0x14ea5359caf0>,4,3,[2 8],9,9,12,0,9
1,<environment.Job instance at 0x14ea535a0cd0>,1,1,[10  2],2,2,3,0,2
1,<environment.Job instance at 0x14ea535a0280>,5,1,[1 5],7,74,75,67,74
1,<environment.Job instance at 0x14ea535a0e10>,3,3,[2 9],4,85,88,81,85
1,<environment.Job instance at 0x14ea68077b90>,0,1,[9 1],2,2,3,0,2
1,<environment.Job instance at 0x14ea680777d0>,1,3,[5 1],3,3,6,0,3
1,<environment.Job instance at 0x14ea68077e10>,2,1,[8 1],4,6,7,2,4
1,<environment.Job instance at 0x14ea68077230>,4,2,[6 1],7,7,9,0,7
1,<environment.Job instance at 0x14ea447f81e0>,1,1,[ 1 10],2,3,4,1,3
1,<environment.Job instance at 0x14ea447f8550>,3,14,[1 8],4,4,18,0,4
1,<environment.Job instance at 0x14ea447f8cd0>,5,2,[9 2],8,8,10,0,8
1,<environment.Job instance at 0x14ea44068780>,0,1,[5 1],1,2,3,1,2
1,<environment.Job instance at 0x14ea44068e60>,2,1,[1 8],6,7,8,1,7
1,<environment.Job instance at 0x14ea440685a0>,1,1,[2 9],5,12,13,7,12
1,<environment.Job instance at 0x14ea489bc960>,4,3,[2 5],8,13,16,5,13
1,<environment.Job instance at 0x14ea48914d70>,0,3,[10  1],2,2,5,0,2
1,<environment.Job instance at 0x14ea4548c0f0>,2,1,[5 2],4,5,6,1,4
1,<environment.Job instance at 0x14ea4548cb40>,3,3,[1 6],5,5,8,0,5
1,<environment.Job instance at 0x14ea4548c870>,7,1,[5 1],9,9,10,0,9
1,<environment.Job instance at 0x14ea4548c320>,5,1,[2 5],7,23,24,16,23
1,<environment.Job instance at 0x14ea43c69e10>,2,16,[9 1],5,8,24,3,8
1,<environment.Job instance at 0x14ea43c690f0>,6,24,[1 6],9,14,38,5,14
1,<environment.Job instance at 0x14ea43c694b0>,5,19,[6 1],8,24,43,16,17
1,<environment.Job instance at 0x14ea43c69370>,4,3,[8 1],7,160,163,153,160
1,<environment.Job instance at 0x14ea4447b2d0>,1,16,[2 6],7,7,23,0,7
1,<environment.Job instance at 0x14ea4447bf50>,1,2,[9 1],3,3,5,0,3
1,<environment.Job instance at 0x14ea4447bdc0>,2,2,[5 1],5,5,7,0,5
1,<environment.Job instance at 0x14ea47190a00>,0,1,[2 9],1,1,2,0,1
1,<environment.Job instance at 0x14ea4448d190>,0,1,[1 6],1,1,2,0,1
1,<environment.Job instance at 0x14ea4448dc80>,1,1,[7 1],2,2,3,0,2
1,<environment.Job instance at 0x14ea6a1201e0>,0,2,[2 7],1,1,3,0,1
1,<environment.Job instance at 0x14ea4448daf0>,3,18,[1 9],4,4,22,0,4
1,<environment.Job instance at 0x14ea440c2e60>,2,17,[1 9],3,14,31,11,14
1,<environment.Job instance at 0x14ea534c7870>,4,1,[2 9],5,109,110,104,109
1,<environment.Job instance at 0x14ea440c1550>,0,1,[2 5],1,1,2,0,1
1,<environment.Job instance at 0x14ea440c1730>,3,3,[7 2],7,7,10,0,7
1,<environment.Job instance at 0x14ea440c1f50>,0,2,[2 8],2,2,4,0,2
1,<environment.Job instance at 0x14ea68076910>,2,2,[2 9],7,7,9,0,7
1,<environment.Job instance at 0x14ea4722b0a0>,3,2,[6 1],6,6,8,0,6
1,<environment.Job instance at 0x14ea4722bf00>,4,3,[10  2],7,8,11,1,7
1,<environment.Job instance at 0x14ea4722b9b0>,5,2,[ 2 10],8,11,13,3,8
1,<environment.Job instance at 0x14ea43ed1af0>,1,3,[10  2],4,4,7,0,4
1,<environment.Job instance at 0x14ea43ed1370>,2,3,[2 8],5,7,10,2,5
1,<environment.Job instance at 0x14ea43ed1cd0>,5,16,[1 8],8,10,26,2,8
1,<environment.Job instance at 0x14ea6803d280>,0,2,[5 2],2,2,4,0,2
1,<environment.Job instance at 0x14ea489c1190>,2,21,[7 2],5,5,26,0,5
1,<environment.Job instance at 0x14ea489c1910>,5,2,[ 1 10],8,26,28,18,8
1,<environment.Job instance at 0x14ea4761d820>,0,3,[7 2],1,1,4,0,1
1,<environment.Job instance at 0x14ea4761de60>,1,1,[9 2],4,4,5,0,4
1,<environment.Job instance at 0x14ea4761d730>,3,1,[10  2],8,8,9,0,8
1,<environment.Job instance at 0x14ea44124320>,1,1,[2 6],4,4,5,0,4
1,<environment.Job instance at 0x14ea441243c0>,2,26,[2 7],5,5,31,0,5
1,<environment.Job instance at 0x14ea441240f0>,6,2,[8 2],9,9,11,0,9
1,<environment.Job instance at 0x14ea43e2ffa0>,0,1,[8 2],3,3,4,0,3
1,<environment.Job instance at 0x14ea43e2feb0>,1,1,[8 1],4,4,5,0,4
1,<environment.Job instance at 0x14ea43e2f6e0>,3,12,[2 7],8,8,20,0,8
1,<environment.Job instance at 0x14ea43e2fb40>,4,3,[2 7],9,20,23,11,9
1,<environment.Job instance at 0x14ea48bf7b90>,2,3,[9 1],5,7,10,2,7
1,<environment.Job instance at 0x14ea475f9230>,1,2,[1 8],3,3,5,0,3
1,<environment.Job instance at 0x14ea475f9fa0>,3,1,[8 2],5,27,28,22,27
1,<environment.Job instance at 0x14ea6aab3d70>,4,3,[1 8],6,6,9,0,6
1,<environment.Job instance at 0x14ea47783050>,2,1,[2 6],4,9,10,5,8
1,<environment.Job instance at 0x14ea449e1910>,6,3,[6 2],9,9,12,0,9
1,<environment.Job instance at 0x14ea452431e0>,1,3,[1 9],4,4,7,0,4
1,<environment.Job instance at 0x14ea441f2910>,0,27,[1 8],1,1,28,0,1
1,<environment.Job instance at 0x14ea44749eb0>,4,12,[10  1],7,33,45,26,33
1,<environment.Job instance at 0x14ea43f15230>,4,13,[9 2],7,13,26,6,13
1,<environment.Job instance at 0x14ea47745a00>,1,2,[10  1],3,3,5,0,3
1,<environment.Job instance at 0x14ea52ab8eb0>,3,2,[10  2],5,5,7,0,5
1,<environment.Job instance at 0x14ea98106960>,1,1,[7 2],2,2,3,0,2
1,<environment.Job instance at 0x14ea443dd3c0>,2,3,[7 2],3,3,6,0,3
1,<environment.Job instance at 0x14ea48836280>,4,28,[1 6],7,7,35,0,7
1,<environment.Job instance at 0x14ea48836be0>,6,16,[8 2],9,9,25,0,9
1,<environment.Job instance at 0x14ea52aa23c0>,0,1,[6 1],2,2,3,0,2
1,<environment.Job instance at 0x14ea52aa2500>,1,2,[1 7],4,4,6,0,4
1,<environment.Job instance at 0x14ea44a71910>,4,3,[ 2 10],9,9,12,0,9
1,<environment.Job instance at 0x14ea69ea6fa0>,1,18,[5 1],2,6,24,4,6
1,<environment.Job instance at 0x14ea443b5af0>,2,3,[7 2],4,6,9,2,6
1,<environment.Job instance at 0x14ea4417b690>,5,18,[8 2],7,30,48,23,30
1,<environment.Job instance at 0x14ea443b57d0>,4,1,[8 2],6,94,95,88,94
1,<environment.Job instance at 0x14ea69577aa0>,0,2,[9 1],1,1,3,0,1
1,<environment.Job instance at 0x14ea69577c80>,1,2,[7 1],3,3,5,0,3
1,<environment.Job instance at 0x14ea69577b40>,2,3,[8 1],5,5,8,0,5
1,<environment.Job instance at 0x14ea6a142be0>,3,2,[1 6],7,7,9,0,7
1,<environment.Job instance at 0x14ea6a11a230>,2,19,[2 8],6,9,28,3,7
1,<environment.Job instance at 0x14ea442fe5a0>,5,23,[2 9],9,28,51,19,24
1,<environment.Job instance at 0x14ea442fe460>,1,3,[ 1 10],2,8,11,6,8
1,<environment.Job instance at 0x14ea442fec30>,7,1,[1 9],9,18,19,9,18
1,<environment.Job instance at 0x14ea4445d500>,0,1,[2 7],2,2,3,0,2
1,<environment.Job instance at 0x14ea4445d960>,2,2,[8 2],5,5,7,0,5
1,<environment.Job instance at 0x14ea4445d140>,4,2,[1 7],7,61,63,54,61
1,<environment.Job instance at 0x14ea449039b0>,0,1,[7 1],1,1,2,0,1
1,<environment.Job instance at 0x14ea44903460>,2,1,[7 1],6,6,7,0,6
1,<environment.Job instance at 0x14ea449035a0>,3,2,[9 1],7,7,9,0,7
1,<environment.Job instance at 0x14ea43e539b0>,1,2,[6 2],2,5,7,3,5
1,<environment.Job instance at 0x14ea43e53a00>,4,1,[1 6],7,16,17,9,16
1,<environment.Job instance at 0x14ea43eaee10>,1,17,[2 7],2,37,54,35,37
1,<environment.Job instance at 0x14ea44266550>,0,2,[5 1],2,2,4,0,2
1,<environment.Job instance at 0x14ea980fda50>,2,2,[ 2 10],4,4,6,0,4
1,<environment.Job instance at 0x14ea980fdd20>,3,3,[9 1],5,6,9,1,5
1,<environment.Job instance at 0x14ea4513ac30>,0,2,[1 9],1,1,3,0,1
1,<environment.Job instance at 0x14ea4448d2d0>,1,1,[ 2 10],2,3,4,1,2
1,<environment.Job instance at 0x14ea4448dc80>,2,3,[2 9],3,4,7,1,3
1,<environment.Job instance at 0x14ea4448d190>,3,1,[9 1],4,7,8,3,4
1,<environment.Job instance at 0x14ea4448deb0>,5,1,[7 2],9,9,10,0,9
1,<environment.Job instance at 0x14ea441c39b0>,1,3,[10  1],4,4,7,0,4
1,<environment.Job instance at 0x14ea441c3910>,4,14,[1 7],7,239,253,232,239
1,<environment.Job instance at 0x14ea441c3b40>,5,3,[1 9],8,280,283,272,280
1,<environment.Job instance at 0x14ea45cd3c80>,1,1,[2 9],2,2,3,0,2
1,<environment.Job instance at 0x14ea45cd3190>,3,3,[8 2],4,20,23,16,20
1,<environment.Job instance at 0x14ea45cd3cd0>,5,3,[5 1],7,113,116,106,113
1,<environment.Job instance at 0x14ea4476faf0>,0,1,[1 5],1,1,2,0,1
1,<environment.Job instance at 0x14ea4476f6e0>,2,2,[1 6],4,4,6,0,4
1,<environment.Job instance at 0x14ea695279b0>,4,3,[10  2],8,8,11,0,8
1,<environment.Job instance at 0x14ea473090a0>,0,1,[8 2],2,2,3,0,2
1,<environment.Job instance at 0x14ea47309870>,1,2,[2 6],3,3,5,0,3
1,<environment.Job instance at 0x14ea473094b0>,5,2,[7 2],7,7,9,0,7
1,<environment.Job instance at 0x14ea47309690>,6,2,[10  1],8,9,11,1,8
1,<environment.Job instance at 0x14ea44aa3d70>,1,1,[7 1],3,8,9,5,8
1,<environment.Job instance at 0x14ea44aa3820>,0,2,[1 9],1,19,21,18,19
1,<environment.Job instance at 0x14ea471e2d20>,1,15,[2 8],3,3,18,0,3
1,<environment.Job instance at 0x14ea50090500>,2,2,[2 6],7,18,20,11,7
1,<environment.Job instance at 0x14ea4512dc80>,0,1,[7 1],1,1,2,0,1
1,<environment.Job instance at 0x14ea44268550>,1,1,[7 1],2,2,3,0,2
1,<environment.Job instance at 0x14ea47254d20>,3,1,[2 9],6,8,9,2,8
1,<environment.Job instance at 0x14ea47254910>,4,2,[8 1],7,8,10,1,8
1,<environment.Job instance at 0x14ea472540a0>,5,3,[10  2],9,10,13,1,9
1,<environment.Job instance at 0x14ea4727d3c0>,0,2,[6 1],1,1,3,0,1
1,<environment.Job instance at 0x14ea4727de10>,2,3,[1 8],4,4,7,0,4
1,<environment.Job instance at 0x14ea4716d550>,3,15,[2 7],5,7,22,2,5
1,<environment.Job instance at 0x14ea50055960>,6,12,[8 2],8,86,98,78,86
1,<environment.Job instance at 0x14ea4716d870>,7,3,[ 1 10],9,1190,1193,1181,1190
1,<environment.Job instance at 0x14ea472187d0>,0,2,[2 6],1,1,3,0,1
1,<environment.Job instance at 0x14ea472188c0>,1,1,[7 1],2,2,3,0,2
1,<environment.Job instance at 0x14ea47218190>,2,3,[7 1],3,3,6,0,3
1,<environment.Job instance at 0x14ea47218f00>,4,1,[5 1],6,6,7,0,6
1,<environment.Job instance at 0x14ea44809730>,5,15,[5 2],7,12,27,5,12
1,<environment.Job instance at 0x14ea43bfad20>,0,3,[7 1],1,1,4,0,1
1,<environment.Job instance at 0x14ea43bfa280>,1,3,[1 5],2,2,5,0,2
1,<environment.Job instance at 0x14ea44230b40>,1,13,[1 8],2,2,15,0,2
1,<environment.Job instance at 0x14ea4730a960>,0,2,[2 5],2,2,4,0,2
1,<environment.Job instance at 0x14ea4431f140>,2,15,[ 2 10],4,5,20,1,5
1,<environment.Job instance at 0x14ea4431f370>,3,22,[ 1 10],5,20,42,15,13
1,<environment.Job instance at 0x14ea48d45aa0>,4,16,[2 6],8,8,24,0,8
1,<environment.Job instance at 0x14ea48d45e60>,5,2,[5 2],9,9,11,0,9
1,<environment.Job instance at 0x14ea44ae1e10>,0,1,[2 7],1,1,2,0,1
1,<environment.Job instance at 0x14ea44ae1f50>,2,14,[1 9],3,4,18,1,4
1,<environment.Job instance at 0x14ea44ae1a00>,7,2,[1 5],8,18,20,10,9
1,<environment.Job instance at 0x14ea44ae11e0>,8,3,[2 5],9,26,29,17,26
1,<environment.Job instance at 0x14ea47175780>,0,1,[1 7],1,1,2,0,1
1,<environment.Job instance at 0x14ea69dff5a0>,3,3,[2 7],5,179,182,174,179
1,<environment.Job instance at 0x14ea69dff370>,4,1,[6 2],7,729,730,722,729
1,<environment.Job instance at 0x14ea43c75d70>,3,2,[1 7],5,5,7,0,5
1,<environment.Job instance at 0x14ea43c757d0>,2,12,[7 2],4,6,18,2,6
1,<environment.Job instance at 0x14ea43c75aa0>,5,3,[1 6],8,26,29,18,26
1,<environment.Job instance at 0x14ea444c5c30>,0,1,[7 1],1,1,2,0,1
1,<environment.Job instance at 0x14ea445de0f0>,6,2,[2 5],8,8,10,0,8
1,<environment.Job instance at 0x14ea444c5960>,3,2,[ 1 10],4,18,20,14,18
1,<environment.Job instance at 0x14ea4490e690>,1,3,[10  2],3,3,6,0,3
1,<environment.Job instance at 0x14ea4490efa0>,2,12,[5 1],4,6,18,2,6
1,<environment.Job instance at 0x14ea4490e2d0>,3,1,[7 2],9,18,19,9,9
1,<environment.Job instance at 0x14ea44573c30>,2,3,[2 8],7,7,10,0,7
1,<environment.Job instance at 0x14ea44573460>,3,2,[2 8],9,10,12,1,9
1,<environment.Job instance at 0x14ea44573280>,1,13,[10  2],5,12,25,7,10
1,<environment.Job instance at 0x14ea451d3dc0>,1,1,[10  2],2,2,3,0,2
1,<environment.Job instance at 0x14ea451d35a0>,0,1,[ 1 10],1,3,4,2,2
1,<environment.Job instance at 0x14ea451d3550>,2,1,[2 6],3,4,5,1,3
1,<environment.Job instance at 0x14ea6804e050>,4,16,[2 8],9,9,25,0,9
1,<environment.Job instance at 0x14ea47260550>,1,1,[7 2],4,4,5,0,4
1,<environment.Job instance at 0x14ea47260dc0>,2,3,[2 5],5,5,8,0,5
1,<environment.Job instance at 0x14ea449b69b0>,4,3,[10  1],8,8,11,0,8
1,<environment.Job instance at 0x14ea449b6e10>,5,21,[2 6],9,11,32,2,10
1,<environment.Job instance at 0x14ea449b6e10>,1,1,[1 8],6,6,7,0,6
1,<environment.Job instance at 0x14ea489b2690>,2,2,[1 7],7,7,9,0,7
1,<environment.Job instance at 0x14ea47217780>,3,3,[10  2],8,9,12,1,8
1,<environment.Job instance at 0x14ea472179b0>,0,1,[1 9],1,4,5,3,4
1,<environment.Job instance at 0x14ea47217460>,1,2,[2 6],3,5,7,2,4
1,<environment.Job instance at 0x14ea47217780>,4,1,[1 8],9,10,11,1,10
1,<environment.Job instance at 0x14ea69e6f3c0>,0,1,[1 8],1,2,3,1,2
1,<environment.Job instance at 0x14ea980fe730>,2,3,[2 8],4,4,7,0,4
1,<environment.Job instance at 0x14ea475fce60>,4,2,[1 6],7,7,9,0,7
1,<environment.Job instance at 0x14ea475fc2d0>,5,18,[2 5],8,9,27,1,8
1,<environment.Job instance at 0x14ea475fcc80>,6,3,[7 2],9,9,12,0,9
1,<environment.Job instance at 0x14ea487fbb40>,0,1,[9 2],2,2,3,0,2
1,<environment.Job instance at 0x14ea487fb780>,1,1,[5 1],5,5,6,0,5
1,<environment.Job instance at 0x14ea44ad8500>,2,2,[5 2],6,6,8,0,6
1,<environment.Job instance at 0x14ea4453b780>,1,2,[10  2],3,3,5,0,3
1,<environment.Job instance at 0x14ea4453b640>,2,13,[7 2],4,5,18,1,4
1,<environment.Job instance at 0x14ea500985f0>,3,1,[6 1],5,18,19,13,5
1,<environment.Job instance at 0x14ea500985f0>,1,2,[2 7],6,6,8,0,6
1,<environment.Job instance at 0x14ea69ea6fa0>,3,1,[1 8],9,12,13,3,12
1,<environment.Job instance at 0x14ea4727e460>,1,2,[10  2],2,2,4,0,2
1,<environment.Job instance at 0x14ea5004ba00>,2,1,[5 2],3,4,5,1,3
1,<environment.Job instance at 0x14ea44648e60>,1,2,[10  1],2,2,4,0,2
1,<environment.Job instance at 0x14ea44648730>,3,20,[6 2],4,12,32,8,12
1,<environment.Job instance at 0x14ea442c8af0>,1,1,[8 1],3,3,4,0,3
1,<environment.Job instance at 0x14ea442c85f0>,2,14,[2 6],4,5,19,1,5
1,<environment.Job instance at 0x14ea442c85a0>,4,1,[1 6],6,19,20,13,6
1,<environment.Job instance at 0x14ea442c8500>,3,2,[1 8],5,20,22,15,7
1,<environment.Job instance at 0x14ea4482b7d0>,5,3,[7 2],8,8,11,0,8
1,<environment.Job instance at 0x14ea444c7c80>,2,16,[10  2],4,6,22,2,6
1,<environment.Job instance at 0x14ea444c7d70>,4,16,[2 7],7,22,38,15,9
1,<environment.Job instance at 0x14ea444c7730>,5,3,[2 5],8,91,94,83,91
1,<environment.Job instance at 0x14ea43feac30>,1,3,[8 1],2,2,5,0,2
1,<environment.Job instance at 0x14ea43fea190>,2,1,[1 6],3,3,4,0,3
1,<environment.Job instance at 0x14ea43feae10>,3,2,[10  1],6,6,8,0,6
1,<environment.Job instance at 0x14ea44ad8e60>,1,1,[8 1],3,3,4,0,3
1,<environment.Job instance at 0x14ea4430e3c0>,3,1,[ 2 10],7,7,8,0,7
1,<environment.Job instance at 0x14ea4430e410>,4,1,[7 1],8,8,9,0,8
1,<environment.Job instance at 0x14ea4430e320>,5,3,[10  2],9,9,12,0,9
1,<environment.Job instance at 0x14ea47805640>,1,3,[9 1],2,2,5,0,2
1,<environment.Job instance at 0x14ea44966be0>,1,3,[5 1],2,2,5,0,2
1,<environment.Job instance at 0x14ea47366aa0>,3,1,[1 5],4,5,6,1,5
1,<environment.Job instance at 0x14ea43e2f0f0>,4,3,[7 1],7,7,10,0,7
1,<environment.Job instance at 0x14ea47366780>,5,1,[2 6],8,8,9,0,8
1,<environment.Job instance at 0x14ea473665a0>,6,1,[1 5],9,9,10,0,9
1,<environment.Job instance at 0x14ea43eae190>,0,1,[6 2],1,1,2,0,1
1,<environment.Job instance at 0x14ea43eaeb90>,1,2,[2 6],2,2,4,0,2
1,<environment.Job instance at 0x14ea47367910>,3,3,[6 2],4,4,7,0,4
1,<environment.Job instance at 0x14ea47367870>,4,2,[5 1],5,7,9,2,5
1,<environment.Job instance at 0x14ea473672d0>,7,3,[7 2],8,9,12,1,8
1,<environment.Job instance at 0x14ea473670f0>,8,2,[8 1],9,12,14,3,9
1,<environment.Job instance at 0x14ea4766be60>,3,14,[1 7],5,465,479,460,465
1,<environment.Job instance at 0x14ea43fbabe0>,0,3,[9 1],1,1,4,0,1
1,<environment.Job instance at 0x14ea4735a7d0>,1,1,[1 6],2,2,3,0,2
1,<environment.Job instance at 0x14ea695a9370>,1,1,[9 1],3,3,4,0,3
1,<environment.Job instance at 0x14ea695a96e0>,2,3,[2 9],5,5,8,0,5
1,<environment.Job instance at 0x14ea44350fa0>,3,13,[2 5],6,8,21,2,6
1,<environment.Job instance at 0x14ea443506e0>,4,3,[1 6],7,21,24,14,7
1,<environment.Job instance at 0x14ea44350460>,5,2,[6 1],9,9,11,0,9
1,<environment.Job instance at 0x14ea44350690>,1,15,[1 8],3,3,18,0,3
1,<environment.Job instance at 0x14ea477ee5f0>,1,3,[8 1],4,4,7,0,4
1,<environment.Job instance at 0x14ea447a44b0>,4,24,[7 1],9,9,33,0,9
1,<environment.Job instance at 0x14ea48d68af0>,1,1,[2 8],4,4,5,0,4
1,<environment.Job instance at 0x14ea43f11820>,2,2,[2 7],6,6,8,0,6
1,<environment.Job instance at 0x14ea48d68b90>,4,14,[7 1],8,9,23,1,9
1,<environment.Job instance at 0x14ea44913730>,3,3,[10  1],5,8,11,3,8
1,<environment.Job instance at 0x14ea44913230>,4,18,[7 2],6,13,31,7,13
1,<environment.Job instance at 0x14ea44913e60>,5,1,[2 9],7,109,110,102,109
1,<environment.Job instance at 0x14ea43e15960>,1,3,[9 1],4,4,7,0,4
1,<environment.Job instance at 0x14ea534443c0>,2,16,[2 9],5,7,23,2,7
1,<environment.Job instance at 0x14ea53444870>,5,13,[ 2 10],8,23,36,15,9
1,<environment.Job instance at 0x14ea53444500>,6,2,[9 1],9,61,63,52,61
1,<environment.Job instance at 0x14ea444c6dc0>,1,1,[6 1],3,3,4,0,3
1,<environment.Job instance at 0x14ea449ebd70>,2,3,[1 6],4,4,7,0,4
1,<environment.Job instance at 0x14ea449eb690>,3,3,[ 2 10],5,7,10,2,5
1,<environment.Job instance at 0x14ea449eb730>,5,1,[9 2],7,10,11,3,7
1,<environment.Job instance at 0x14ea449ebb40>,6,3,[7 2],9,11,14,2,9
1,<environment.Job instance at 0x14ea43e2ddc0>,0,3,[6 2],2,2,5,0,2
1,<environment.Job instance at 0x14ea43e2de60>,1,1,[1 7],4,4,5,0,4
1,<environment.Job instance at 0x14ea43e2dfa0>,4,2,[6 2],9,18,20,9,18
1,<environment.Job instance at 0x14ea500ac960>,0,1,[10  2],5,5,6,0,5
1,<environment.Job instance at 0x14ea500ac4b0>,1,2,[5 2],6,6,8,0,6
1,<environment.Job instance at 0x14ea680baaa0>,0,1,[1 6],1,1,2,0,1
1,<environment.Job instance at 0x14ea444c7b90>,4,3,[9 2],7,7,10,0,7
1,<environment.Job instance at 0x14ea444c75f0>,6,1,[10  2],9,10,11,1,9
1,<environment.Job instance at 0x14ea43e61c80>,1,3,[ 2 10],2,2,5,0,2
1,<environment.Job instance at 0x14ea43e610a0>,2,15,[1 9],3,5,20,2,3
1,<environment.Job instance at 0x14ea451bef00>,2,2,[5 2],3,3,5,0,3
1,<environment.Job instance at 0x14ea451bedc0>,3,1,[9 1],4,5,6,1,4
1,<environment.Job instance at 0x14ea451be0f0>,4,3,[6 2],5,6,9,1,5
1,<environment.Job instance at 0x14ea451be2d0>,5,1,[1 6],7,7,8,0,7
1,<environment.Job instance at 0x14ea451be460>,6,1,[9 2],8,9,10,1,8
1,<environment.Job instance at 0x14ea451be3c0>,7,3,[1 5],9,9,12,0,9
1,<environment.Job instance at 0x14ea476094b0>,0,1,[8 2],1,1,2,0,1
1,<environment.Job instance at 0x14ea451be3c0>,3,3,[10  2],4,4,7,0,4
1,<environment.Job instance at 0x14ea47609640>,4,1,[6 1],5,8,9,3,8
1,<environment.Job instance at 0x14ea48992190>,0,2,[ 1 10],2,3,5,1,3
1,<environment.Job instance at 0x14ea489921e0>,1,3,[7 2],3,5,8,2,4
1,<environment.Job instance at 0x14ea48992f50>,2,2,[5 1],5,8,10,3,5
1,<environment.Job instance at 0x14ea441fa9b0>,2,1,[1 8],7,7,8,0,7
1,<environment.Job instance at 0x14ea48d222d0>,4,2,[1 7],9,9,11,0,9
1,<environment.Job instance at 0x14ea45190910>,1,1,[1 7],3,3,4,0,3
1,<environment.Job instance at 0x14ea45190780>,3,3,[10  1],8,8,11,0,8
1,<environment.Job instance at 0x14ea48d4ed20>,4,2,[1 8],9,11,13,2,9
1,<environment.Job instance at 0x14ea476ea6e0>,0,1,[9 2],1,1,2,0,1
1,<environment.Job instance at 0x14ea476ea280>,2,12,[2 7],3,3,15,0,3
1,<environment.Job instance at 0x14ea51310460>,3,3,[6 1],5,5,8,0,5
1,<environment.Job instance at 0x14ea43d4e8c0>,6,3,[1 9],8,15,18,7,8
1,<environment.Job instance at 0x14ea4447deb0>,3,2,[8 2],5,5,7,0,5
1,<environment.Job instance at 0x14ea4447dd20>,4,22,[7 2],6,10,32,4,10
1,<environment.Job instance at 0x14ea4447d410>,6,3,[ 2 10],8,257,260,249,257
1,<environment.Job instance at 0x14ea489159b0>,0,3,[10  2],1,1,4,0,1
1,<environment.Job instance at 0x14ea4733c280>,1,3,[1 8],2,3,6,1,3
1,<environment.Job instance at 0x14ea4733cc80>,3,22,[1 7],6,6,28,0,6
1,<environment.Job instance at 0x14ea53422d20>,2,3,[1 7],8,30,33,22,30
1,<environment.Job instance at 0x14ea52996dc0>,1,3,[8 2],2,15,18,13,15
1,<environment.Job instance at 0x14ea44774780>,5,3,[1 6],8,16,19,8,16
1,<environment.Job instance at 0x14ea44774d70>,2,17,[1 7],3,19,36,16,17
1,<environment.Job instance at 0x14ea43cb9b40>,1,2,[10  2],3,3,5,0,3
1,<environment.Job instance at 0x14ea43cb9cd0>,2,2,[8 1],4,5,7,1,4
1,<environment.Job instance at 0x14ea43cb98c0>,3,2,[1 7],5,5,7,0,5
1,<environment.Job instance at 0x14ea43cb96e0>,4,1,[8 2],6,7,8,1,6
1,<environment.Job instance at 0x14ea440de2d0>,2,3,[8 1],5,7,10,2,7
1,<environment.Job instance at 0x14ea440de550>,4,1,[1 6],9,9,10,0,9
1,<environment.Job instance at 0x14ea4432a370>,0,2,[10  1],1,1,3,0,1
1,<environment.Job instance at 0x14ea4432a1e0>,2,2,[10  1],5,18,20,13,18
1,<environment.Job instance at 0x14ea4432ab90>,3,13,[2 8],6,25,38,19,25
1,<environment.Job instance at 0x14ea4432a2d0>,4,2,[5 1],9,103,105,94,103
1,<environment.Job instance at 0x14ea6a14ff50>,0,1,[1 7],1,1,2,0,1
1,<environment.Job instance at 0x14ea6a14fe60>,1,1,[10  2],2,2,3,0,2
1,<environment.Job instance at 0x14ea6a14fb40>,2,2,[1 7],3,3,5,0,3
1,<environment.Job instance at 0x14ea9bb3d7d0>,3,2,[ 2 10],4,5,7,1,4
1,<environment.Job instance at 0x14ea5357f0f0>,1,3,[1 7],2,3,6,1,3
1,<environment.Job instance at 0x14ea44411be0>,3,2,[8 1],4,5,7,1,5
1,<environment.Job instance at 0x14ea444118c0>,4,3,[7 2],5,65,68,60,65
1,<environment.Job instance at 0x14ea43f3b9b0>,2,2,[2 7],5,5,7,0,5
1,<environment.Job instance at 0x14ea43f3bc80>,3,1,[9 1],6,7,8,1,6
1,<environment.Job instance at 0x14ea43f3b780>,4,3,[8 2],9,10,13,1,10
1,<environment.Job instance at 0x14ea5359dc80>,1,12,[2 9],2,2,14,0,2
1,<environment.Job instance at 0x14ea5359db40>,2,26,[ 1 10],3,14,40,11,14
1,<environment.Job instance at 0x14ea47364820>,2,2,[9 1],3,4,6,1,4
1,<environment.Job instance at 0x14ea4889e1e0>,1,1,[7 1],2,6,7,4,4
1,<environment.Job instance at 0x14ea44885c30>,6,2,[5 1],9,11,13,2,11
1,<environment.Job instance at 0x14ea448855f0>,5,3,[1 7],8,28,31,20,28
1,<environment.Job instance at 0x14ea4738b0f0>,1,3,[2 5],3,3,6,0,3
1,<environment.Job instance at 0x14ea4738b1e0>,2,2,[9 1],4,6,8,2,4
1,<environment.Job instance at 0x14ea4738ba00>,3,12,[1 7],5,6,18,1,5
1,<environment.Job instance at 0x14ea4738b550>,5,3,[1 8],7,18,21,11,8
1,<environment.Job instance at 0x14ea4738be10>,6,13,[8 2],9,12,25,3,12
1,<environment.Job instance at 0x14ea44727f00>,1,1,[2 5],2,2,3,0,2
1,<environment.Job instance at 0x14ea44727af0>,1,1,[9 2],4,4,5,0,4
1,<environment.Job instance at 0x14ea478a8730>,2,2,[8 2],6,6,8,0,6
1,<environment.Job instance at 0x14ea43f91f50>,0,1,[8 2],1,1,2,0,1
1,<environment.Job instance at 0x14ea43f91dc0>,3,3,[2 5],5,6,9,1,6
1,<environment.Job instance at 0x14ea69547190>,6,18,[10  1],9,790,808,781,790
1,<environment.Job instance at 0x14ea44580b40>,1,18,[1 7],6,6,24,0,6
1,<environment.Job instance at 0x14ea441a0780>,2,3,[8 1],6,6,9,0,6
1,<environment.Job instance at 0x14ea441a0820>,3,3,[ 2 10],7,9,12,2,7
1,<environment.Job instance at 0x14ea4763f690>,0,3,[7 1],1,1,4,0,1
1,<environment.Job instance at 0x14ea4763f4b0>,2,1,[5 2],4,4,5,0,4
1,<environment.Job instance at 0x14ea529a8550>,0,2,[10  2],1,1,3,0,1
1,<environment.Job instance at 0x14ea529a8500>,1,2,[2 9],2,3,5,1,2
1,<environment.Job instance at 0x14ea4492fa00>,4,3,[2 7],7,8,11,1,8
1,<environment.Job instance at 0x14ea451cdaf0>,6,3,[2 5],9,11,14,2,9
1,<environment.Job instance at 0x14ea451cdeb0>,5,1,[ 2 10],8,14,15,6,11
1,<environment.Job instance at 0x14ea44392aa0>,1,1,[5 1],8,8,9,0,8
1,<environment.Job instance at 0x14ea443920a0>,2,2,[ 2 10],9,10,12,1,10
1,<environment.Job instance at 0x14ea43cbf280>,1,1,[9 2],3,3,4,0,3
1,<environment.Job instance at 0x14ea4893f370>,1,3,[9 1],2,3,6,1,3
1,<environment.Job instance at 0x14ea4893f7d0>,0,1,[1 9],1,3,4,2,3
1,<environment.Job instance at 0x14ea4893f6e0>,3,2,[7 2],4,6,8,2,4
1,<environment.Job instance at 0x14ea4893f5f0>,5,2,[9 1],7,8,10,1,7
1,<environment.Job instance at 0x14ea445afc80>,0,1,[2 9],3,5,6,2,5
1,<environment.Job instance at 0x14ea48d07a00>,2,2,[2 6],4,4,6,0,4
1,<environment.Job instance at 0x14ea472ef190>,4,1,[5 2],6,6,7,0,6
1,<environment.Job instance at 0x14ea472ef690>,5,3,[9 1],7,7,10,0,7
1,<environment.Job instance at 0x14ea472ef820>,6,12,[8 2],8,10,22,2,10
1,<environment.Job instance at 0x14ea472ef1e0>,7,3,[2 9],9,22,25,13,17
1,<environment.Job instance at 0x14ea441005f0>,2,2,[7 1],4,4,6,0,4
1,<environment.Job instance at 0x14ea449b3d20>,3,15,[2 6],5,5,20,0,5
1,<environment.Job instance at 0x14ea449b35f0>,5,1,[8 1],8,8,9,0,8
1,<environment.Job instance at 0x14ea43d798c0>,4,3,[8 1],5,1139,1142,1134,1139
1,<environment.Job instance at 0x14ea44577280>,4,1,[6 2],8,10,11,2,10
1,<environment.Job instance at 0x14ea44880410>,2,3,[10  2],7,7,10,0,7
1,<environment.Job instance at 0x14ea44880e10>,3,2,[ 2 10],8,10,12,2,8
1,<environment.Job instance at 0x14ea44880a50>,4,1,[2 5],9,12,13,3,9
1,<environment.Job instance at 0x14ea43c1bf00>,0,1,[2 6],1,1,2,0,1
1,<environment.Job instance at 0x14ea488f7910>,2,25,[ 1 10],4,4,29,0,4
1,<environment.Job instance at 0x14ea43c1b7d0>,1,1,[1 7],3,29,30,26,4
1,<environment.Job instance at 0x14ea488f75a0>,6,2,[7 1],8,29,31,21,8
1,<environment.Job instance at 0x14ea44023be0>,1,3,[7 2],2,2,5,0,2
1,<environment.Job instance at 0x14ea440230f0>,2,13,[1 8],3,3,16,0,3
1,<environment.Job instance at 0x14ea44023d70>,3,1,[9 1],4,5,6,1,4
1,<environment.Job instance at 0x14ea44023fa0>,6,1,[7 1],7,23,24,16,23
1,<environment.Job instance at 0x14ea44439730>,0,1,[1 9],1,5,6,4,5
1,<environment.Job instance at 0x14ea44439320>,2,3,[2 9],6,6,9,0,6
1,<environment.Job instance at 0x14ea444394b0>,4,2,[10  1],8,40,42,32,40
1,<environment.Job instance at 0x14ea44439280>,5,3,[5 1],9,105,108,96,105
1,<environment.Job instance at 0x14ea4422c2d0>,0,1,[2 8],1,1,2,0,1
1,<environment.Job instance at 0x14ea440cae60>,3,2,[9 1],4,5,7,1,5
1,<environment.Job instance at 0x14ea44056500>,0,1,[5 1],2,2,3,0,2
1,<environment.Job instance at 0x14ea981861e0>,4,3,[8 1],6,6,9,0,6
1,<environment.Job instance at 0x14ea48d1f9b0>,2,13,[7 2],3,10,23,7,10
1,<environment.Job instance at 0x14ea4724ebe0>,4,2,[1 7],7,54,56,47,54
1,<environment.Job instance at 0x14ea69e7d780>,0,2,[6 1],2,2,4,0,2
1,<environment.Job instance at 0x14ea69e7d230>,2,1,[8 2],6,6,7,0,6
1,<environment.Job instance at 0x14ea69e7d870>,3,1,[2 5],7,7,8,0,7
1,<environment.Job instance at 0x14ea69e7d5a0>,5,18,[2 8],9,9,27,0,9
1,<environment.Job instance at 0x14ea44309dc0>,0,2,[8 1],2,2,4,0,2
1,<environment.Job instance at 0x14ea44309410>,5,3,[10  2],7,8,11,1,8
1,<environment.Job instance at 0x14ea43e4b460>,6,15,[7 2],9,11,26,2,9
1,<environment.Job instance at 0x14ea53530690>,0,3,[2 8],1,1,4,0,1
1,<environment.Job instance at 0x14ea535303c0>,4,1,[1 6],5,5,6,0,5
1,<environment.Job instance at 0x14ea443dd6e0>,2,17,[1 6],5,5,22,0,5
1,<environment.Job instance at 0x14ea443ddcd0>,5,16,[2 6],9,22,38,13,9
1,<environment.Job instance at 0x14ea48890f00>,0,1,[10  2],2,2,3,0,2
1,<environment.Job instance at 0x14ea47841f00>,3,12,[6 1],4,7,19,3,7
1,<environment.Job instance at 0x14ea478412d0>,1,13,[7 1],2,19,32,17,7
1,<environment.Job instance at 0x14ea43c78b90>,1,2,[8 2],4,4,6,0,4
1,<environment.Job instance at 0x14ea449fd3c0>,0,2,[1 7],1,2,4,1,2
1,<environment.Job instance at 0x14ea44533eb0>,2,2,[9 1],6,6,8,0,6
1,<environment.Job instance at 0x14ea47795780>,4,2,[9 1],8,8,10,0,8
1,<environment.Job instance at 0x14ea452464b0>,1,15,[1 7],2,2,17,0,2
1,<environment.Job instance at 0x14ea45246140>,3,2,[7 1],4,4,6,0,4
1,<environment.Job instance at 0x14ea4432af00>,4,2,[1 6],5,17,19,12,5
1,<environment.Job instance at 0x14ea45246690>,5,15,[2 8],8,19,34,11,8
1,<environment.Job instance at 0x14ea4432aa00>,6,3,[10  1],9,34,37,25,9
1,<environment.Job instance at 0x14ea43e17140>,1,1,[1 9],2,2,3,0,2
1,<environment.Job instance at 0x14ea47f4f550>,2,18,[ 2 10],3,3,21,0,3
1,<environment.Job instance at 0x14ea47f4ff00>,3,3,[1 5],4,21,24,17,4
1,<environment.Job instance at 0x14ea47f4f910>,4,2,[1 5],5,21,23,16,5
1,<environment.Job instance at 0x14ea47f4f410>,5,1,[6 1],7,23,24,16,7
1,<environment.Job instance at 0x14ea48cb6c30>,0,1,[1 9],1,2,3,1,2
1,<environment.Job instance at 0x14ea48d50d70>,2,21,[1 9],4,4,25,0,4
1,<environment.Job instance at 0x14ea43d6f550>,0,1,[2 6],1,1,2,0,1
1,<environment.Job instance at 0x14ea43f91500>,3,3,[10  2],4,4,7,0,4
1,<environment.Job instance at 0x14ea443c94b0>,1,2,[1 9],4,5,7,1,5
1,<environment.Job instance at 0x14ea48c93730>,4,1,[9 1],9,46,47,37,46
1,<environment.Job instance at 0x14ea447abb90>,0,2,[6 1],1,1,3,0,1
1,<environment.Job instance at 0x14ea447ab640>,1,15,[ 1 10],2,3,18,1,2
1,<environment.Job instance at 0x14ea440eaaf0>,6,3,[1 7],8,25,28,17,25
1,<environment.Job instance at 0x14ea4894a320>,5,3,[5 1],7,57,60,50,57
1,<environment.Job instance at 0x14ea47613fa0>,7,15,[1 9],9,275,290,266,275
1,<environment.Job instance at 0x14ea44376320>,1,1,[7 2],4,5,6,1,5
1,<environment.Job instance at 0x14ea44376640>,3,2,[2 9],6,6,8,0,6
1,<environment.Job instance at 0x14ea47168960>,5,2,[1 8],8,8,10,0,8
1,<environment.Job instance at 0x14ea47168140>,6,2,[7 2],9,9,11,0,9
1,<environment.Job instance at 0x14ea443765f0>,2,1,[2 7],5,10,11,5,9
1,<environment.Job instance at 0x14ea47758e10>,1,17,[1 6],2,2,19,0,2
1,<environment.Job instance at 0x14ea47758aa0>,2,2,[5 1],4,4,6,0,4
1,<environment.Job instance at 0x14ea477580a0>,3,3,[8 2],6,6,9,0,6
1,<environment.Job instance at 0x14ea47906550>,4,1,[1 5],7,19,20,12,8
1,<environment.Job instance at 0x14ea47906500>,5,3,[1 9],8,20,23,12,10
1,<environment.Job instance at 0x14ea4437be10>,1,2,[8 2],2,3,5,1,3
1,<environment.Job instance at 0x14ea4437baa0>,2,2,[2 6],3,5,7,2,5
1,<environment.Job instance at 0x14ea48942f50>,5,12,[7 1],9,14,26,5,14
1,<environment.Job instance at 0x14ea47358af0>,0,15,[ 2 10],1,1,16,0,1
1,<environment.Job instance at 0x14ea473589b0>,5,2,[5 2],8,16,18,8,13
1,<environment.Job instance at 0x14ea447f8fa0>,1,26,[5 2],2,3,29,1,3
1,<environment.Job instance at 0x14ea447f8370>,2,3,[10  1],3,29,32,26,5
1,<environment.Job instance at 0x14ea52bd79b0>,3,1,[10  1],4,4,5,0,4
1,<environment.Job instance at 0x14ea52bd71e0>,4,13,[1 8],6,6,19,0,6
1,<environment.Job instance at 0x14ea52bd7b90>,5,2,[9 1],7,7,9,0,7
1,<environment.Job instance at 0x14ea48915f50>,6,13,[1 9],8,19,32,11,10
1,<environment.Job instance at 0x14ea48915f50>,1,2,[1 5],4,4,6,0,4
1,<environment.Job instance at 0x14ea47708960>,0,3,[1 9],1,1,4,0,1
1,<environment.Job instance at 0x14ea477088c0>,3,25,[2 6],4,4,29,0,4
1,<environment.Job instance at 0x14ea47708c80>,6,26,[2 7],9,29,55,20,28
1,<environment.Job instance at 0x14ea445e4e60>,1,20,[1 7],2,15,35,13,15
1,<environment.Job instance at 0x14ea445e4410>,3,3,[5 1],4,537,540,533,537
1,<environment.Job instance at 0x14ea47365b40>,3,1,[1 9],6,6,7,0,6
1,<environment.Job instance at 0x14ea448d48c0>,4,27,[ 1 10],7,9,36,2,9
1,<environment.Job instance at 0x14ea472ef410>,0,1,[10  1],1,1,2,0,1
1,<environment.Job instance at 0x14ea448d4190>,3,1,[1 7],4,5,6,1,5
1,<environment.Job instance at 0x14ea472ef0f0>,4,1,[7 1],6,97,98,91,97
1,<environment.Job instance at 0x14ea472ef140>,6,2,[1 8],9,226,228,217,226
1,<environment.Job instance at 0x14ea472ef820>,1,3,[6 2],2,2,5,0,2
1,<environment.Job instance at 0x14ea471b9550>,2,1,[2 9],3,5,6,2,3
1,<environment.Job instance at 0x14ea471b96e0>,4,16,[10  1],5,6,22,1,6
1,<environment.Job instance at 0x14ea43ce6e10>,5,1,[8 2],7,22,23,15,7
1,<environment.Job instance at 0x14ea43ce6500>,6,13,[9 1],8,23,36,15,13
1,<environment.Job instance at 0x14ea449042d0>,0,1,[2 8],2,6,7,4,6
1,<environment.Job instance at 0x14ea44904af0>,1,1,[2 8],6,7,8,1,6
1,<environment.Job instance at 0x14ea44904190>,2,2,[1 6],8,8,10,0,8
1,<environment.Job instance at 0x14ea446f0780>,0,2,[1 5],4,4,6,0,4
1,<environment.Job instance at 0x14ea446f0960>,2,2,[2 9],7,7,9,0,7
1,<environment.Job instance at 0x14ea446f00f0>,3,1,[8 2],8,9,10,1,8
