iteration,job object,job ID,job Length,job ressource requirement,job enter time,job start time,job finish time,job waiting time,current time
1,<environment.Job instance at 0x7f8040f01dc0>,6,20,[6 1],7,120,140,113,120
1,<environment.Job instance at 0x7f8040f04050>,14,13,[7 3],15,140,153,125,125
1,<environment.Job instance at 0x7f8046255050>,6,12,[3 6],7,7,19,0,7
1,<environment.Job instance at 0x7f80462559b0>,9,17,[1 6],10,52,69,42,52
1,<environment.Job instance at 0x7f804633a9b0>,21,28,[5 1],22,172,200,150,172
1,<environment.Job instance at 0x7f804633a550>,24,27,[1 6],25,188,215,163,188
1,<environment.Job instance at 0x7f804633a550>,4,12,[4 6],5,5,17,0,5
1,<environment.Job instance at 0x7f7ffb200c80>,9,14,[10  4],10,25,39,15,25
1,<environment.Job instance at 0x7f7ffb223eb0>,15,16,[7 5],16,117,133,101,117
1,<environment.Job instance at 0x7f7ffb6589b0>,13,13,[3 5],14,75,88,61,75
1,<environment.Job instance at 0x7f7ffb658140>,12,13,[3 8],13,88,101,75,75
1,<environment.Job instance at 0x7f7ffb658960>,16,20,[1 5],17,101,121,84,98
1,<environment.Job instance at 0x7f7ffb5b3c30>,5,16,[2 8],6,29,45,23,29
1,<environment.Job instance at 0x7f7ffb5f1e10>,2,14,[5 5],3,3,17,0,3
1,<environment.Job instance at 0x7f80462a00f0>,5,19,[9 4],6,20,39,14,20
1,<environment.Job instance at 0x7f80412bd640>,10,14,[2 7],11,44,58,33,44
1,<environment.Job instance at 0x7f7ffb60b8c0>,2,17,[9 4],3,8,25,5,8
1,<environment.Job instance at 0x7f8045b1e280>,4,15,[5 5],5,5,20,0,5
1,<environment.Job instance at 0x7f7ffb24c230>,6,16,[3 9],7,20,36,13,10
1,<environment.Job instance at 0x7f8045a5d960>,5,14,[ 2 10],6,6,20,0,6
1,<environment.Job instance at 0x7f8045a5d460>,9,14,[ 5 10],10,41,55,31,41
1,<environment.Job instance at 0x7f8045a5dcd0>,10,16,[5 9],11,124,140,113,124
1,<environment.Job instance at 0x7f8040fbc500>,17,14,[6 4],18,140,154,122,125
1,<environment.Job instance at 0x7f8040cfb960>,8,12,[8 5],9,46,58,37,46
1,<environment.Job instance at 0x7f8040f07f00>,6,14,[ 4 10],7,58,72,51,50
1,<environment.Job instance at 0x7f804589efa0>,13,16,[6 3],14,72,88,58,68
1,<environment.Job instance at 0x7f7ffaf8ffa0>,0,15,[5 1],1,25,40,24,25
1,<environment.Job instance at 0x7f7ffb7be320>,6,14,[5 9],7,26,40,19,26
1,<environment.Job instance at 0x7f8040e7f730>,8,12,[2 5],9,114,126,105,114
1,<environment.Job instance at 0x7f8045b60d70>,26,18,[6 4],27,279,297,252,279
1,<environment.Job instance at 0x7f80458e59b0>,33,15,[ 3 10],34,334,349,300,334
1,<environment.Job instance at 0x7f8040ec9280>,8,17,[7 1],9,28,45,19,28
1,<environment.Job instance at 0x7f8040ec95f0>,13,26,[1 6],14,1911,1937,1897,1911
1,<environment.Job instance at 0x7f8041056730>,17,16,[ 4 10],18,1959,1975,1941,1959
1,<environment.Job instance at 0x7f8041246b40>,7,13,[9 4],8,9,22,1,9
1,<environment.Job instance at 0x7f8041246280>,9,15,[7 3],10,22,37,12,10
1,<environment.Job instance at 0x7f8041056dc0>,6,20,[3 6],7,22,42,15,13
1,<environment.Job instance at 0x7f8041246c30>,13,15,[4 9],14,42,57,28,28
1,<environment.Job instance at 0x7f8041246550>,17,25,[2 6],18,57,82,39,54
1,<environment.Job instance at 0x7f8041246e10>,20,15,[6 3],21,66,81,45,66
1,<environment.Job instance at 0x7f8041246dc0>,21,15,[3 9],22,82,97,60,68
1,<environment.Job instance at 0x7f7ffb6d8d70>,1,20,[5 6],2,56,76,54,56
1,<environment.Job instance at 0x7f7ffb2bfcd0>,8,17,[5 5],9,76,93,67,76
1,<environment.Job instance at 0x7f7ffb2b44b0>,0,18,[1 5],1,5,23,4,5
1,<environment.Job instance at 0x7f8040e510f0>,12,12,[8 4],13,67,79,54,67
1,<environment.Job instance at 0x7f8040e42280>,21,16,[4 6],22,161,177,139,161
1,<environment.Job instance at 0x7f8041237af0>,8,16,[1 5],9,46,62,37,46
1,<environment.Job instance at 0x7f8041212280>,5,17,[3 6],6,115,132,109,115
1,<environment.Job instance at 0x7f8046254f00>,14,13,[6 5],15,132,145,117,116
1,<environment.Job instance at 0x7f8045b6ba00>,7,17,[5 4],8,45,62,37,45
1,<environment.Job instance at 0x7f7ffb5d9b40>,4,15,[4 6],5,45,60,40,45
1,<environment.Job instance at 0x7f8045b6ba50>,8,14,[8 1],9,68,82,59,68
1,<environment.Job instance at 0x7f7ffb8374b0>,12,16,[6 5],13,74,90,61,74
1,<environment.Job instance at 0x7f7ffb837c30>,13,14,[5 4],14,90,104,76,75
1,<environment.Job instance at 0x7f80458125f0>,8,19,[7 2],9,47,66,38,47
1,<environment.Job instance at 0x7f8040f0ae10>,12,14,[5 5],13,92,106,79,92
1,<environment.Job instance at 0x7f8040f0ae60>,15,16,[6 1],16,117,133,101,117
1,<environment.Job instance at 0x7f6fd83c6d20>,6,20,[6 1],7,70,90,63,70
1,<environment.Job instance at 0x7f6fd83c9280>,14,13,[7 3],15,122,135,107,122
1,<environment.Job instance at 0x7f6fdd7d4550>,0,13,[9 3],1,135,148,134,122
1,<environment.Job instance at 0x7f6fd83c9690>,23,18,[2 7],24,1513,1531,1489,1513
1,<environment.Job instance at 0x7f6fdd94a6e0>,5,20,[2 6],6,51,71,45,51
1,<environment.Job instance at 0x7f6fdd94fe10>,16,19,[4 8],17,124,143,107,124
1,<environment.Job instance at 0x7f6fdd94ff00>,19,13,[9 4],20,143,156,123,135
1,<environment.Job instance at 0x7f6fdd94fd20>,21,15,[5 9],22,156,171,134,142
1,<environment.Job instance at 0x7f6fdd94fbe0>,22,16,[ 4 10],23,171,187,148,160
1,<environment.Job instance at 0x7f6fdd800aa0>,29,16,[7 1],30,226,242,196,226
1,<environment.Job instance at 0x7f6f92698870>,9,17,[8 1],10,27,44,17,27
1,<environment.Job instance at 0x7f6f92698690>,10,18,[6 1],11,44,62,33,33
1,<environment.Job instance at 0x7f6f92698960>,20,13,[7 4],21,175,188,154,175
1,<environment.Job instance at 0x7f6f9276eb40>,4,20,[5 2],5,5,25,0,5
1,<environment.Job instance at 0x7f6f92751d70>,12,12,[1 7],13,93,105,80,93
1,<environment.Job instance at 0x7f6f92a279b0>,20,14,[2 7],21,215,229,194,215
1,<environment.Job instance at 0x7f6f92d842d0>,20,14,[2 7],21,238,252,217,238
1,<environment.Job instance at 0x7f6f92d844b0>,21,15,[4 8],22,252,267,230,242
1,<environment.Job instance at 0x7f6f9285b6e0>,7,16,[5 8],8,8,24,0,8
1,<environment.Job instance at 0x7f6f929961e0>,4,18,[8 3],5,47,65,42,47
1,<environment.Job instance at 0x7f6fd87170f0>,18,14,[7 5],19,156,170,137,156
1,<environment.Job instance at 0x7f6f92c2d870>,16,14,[5 7],17,199,213,182,199
1,<environment.Job instance at 0x7f6f92c2d5f0>,12,15,[5 8],13,213,228,200,200
1,<environment.Job instance at 0x7f6f92c2dcd0>,23,12,[10  3],24,260,272,236,260
1,<environment.Job instance at 0x7f6f92c2dbe0>,27,14,[5 6],28,2472,2486,2444,2472
1,<environment.Job instance at 0x7f6f92c0c5a0>,8,19,[1 5],9,16,35,7,16
1,<environment.Job instance at 0x7f6f92c0cd70>,5,13,[6 4],6,17,30,11,17
1,<environment.Job instance at 0x7f6fdd8001e0>,11,13,[6 5],12,30,43,18,17
1,<environment.Job instance at 0x7f6f92c0ccd0>,6,14,[10  3],7,63,77,56,63
1,<environment.Job instance at 0x7f6fdaab4960>,17,15,[9 5],18,115,130,97,115
1,<environment.Job instance at 0x7f6f9275fd70>,10,18,[10  4],11,165,183,154,165
1,<environment.Job instance at 0x7f6f929b36e0>,28,12,[2 5],29,211,223,182,211
1,<environment.Job instance at 0x7f6fdaecfa00>,29,16,[6 5],30,211,227,181,211
1,<environment.Job instance at 0x7f6fd8684500>,36,18,[7 5],37,281,299,244,281
1,<environment.Job instance at 0x7f6fd86842d0>,37,18,[5 9],38,299,317,261,288
1,<environment.Job instance at 0x7f6fd873ab40>,41,12,[10  2],42,347,359,305,347
1,<environment.Job instance at 0x7f6fd8350730>,9,17,[5 9],10,117,134,107,117
1,<environment.Job instance at 0x7f6f928a5aa0>,8,17,[7 1],9,28,45,19,28
1,<environment.Job instance at 0x7f6f929fc7d0>,3,15,[4 9],4,4,19,0,4
1,<environment.Job instance at 0x7f6fd84c0140>,9,18,[1 9],10,19,37,9,10
1,<environment.Job instance at 0x7f6fd84c0910>,8,17,[5 2],9,37,54,28,31
1,<environment.Job instance at 0x7f6fd84c09b0>,10,15,[6 3],11,54,69,43,48
1,<environment.Job instance at 0x7f6fdaa17d70>,7,13,[7 4],8,8,21,0,8
1,<environment.Job instance at 0x7f6f92c1bbe0>,10,15,[5 2],11,21,36,10,21
1,<environment.Job instance at 0x7f6f92c1b500>,17,14,[2 6],18,118,132,100,118
1,<environment.Job instance at 0x7f6f92c8b190>,27,20,[3 7],28,489,509,461,489
1,<environment.Job instance at 0x7f6f92c8baf0>,30,18,[1 5],31,811,829,780,811
1,<environment.Job instance at 0x7f6f9265e5f0>,9,17,[1 6],10,221,238,211,221
1,<environment.Job instance at 0x7f6f9266cf00>,25,17,[3 6],26,330,347,304,330
1,<environment.Job instance at 0x7f6fd81d8550>,34,13,[6 5],35,424,437,389,424
1,<environment.Job instance at 0x7f6f9240e5f0>,3,14,[7 2],4,4,18,0,4
1,<environment.Job instance at 0x7f6f923a3aa0>,11,14,[3 8],12,57,71,45,57
1,<environment.Job instance at 0x7f6f923a3a50>,12,16,[6 5],13,71,87,58,69
1,<environment.Job instance at 0x7f6fd8369820>,10,12,[6 3],11,28,40,17,28
1,<environment.Job instance at 0x7f6f925e7230>,7,18,[8 3],8,43,61,35,43
1,<environment.Job instance at 0x7f6f925e70f0>,11,19,[6 1],12,65,84,53,65
1,<environment.Job instance at 0x7f6f925e7190>,1,14,[5 7],2,259,273,257,259
1,<environment.Job instance at 0x7f6f9262ae10>,23,14,[10  4],24,277,291,253,277
1,<environment.Job instance at 0x7f6fdadff2d0>,28,19,[3 6],29,321,340,292,321
1,<environment.Job instance at 0x7f6fdadffbe0>,35,12,[8 3],36,340,352,304,327
1,<environment.Job instance at 0x7f6fdadffaf0>,32,18,[5 2],33,363,381,330,363
1,<environment.Job instance at 0x7f6fdadffaa0>,40,13,[9 1],41,381,394,340,368
1,<environment.Job instance at 0x7f6fdafc1910>,45,12,[3 5],46,417,429,371,417
1,<environment.Job instance at 0x7f6fdabb7b40>,4,12,[8 3],5,5,17,0,5
1,<environment.Job instance at 0x7f6f92cd9370>,0,12,[9 5],1,17,29,16,9
1,<environment.Job instance at 0x7f6fdabb7190>,7,14,[9 5],8,29,43,21,22
1,<environment.Job instance at 0x7f6fdabb7870>,5,18,[ 2 10],6,43,61,37,41
1,<environment.Job instance at 0x7fd499b405a0>,6,20,[6 1],7,68,88,61,68
1,<environment.Job instance at 0x7fd49ef4f190>,0,13,[9 3],1,96,109,95,96
1,<environment.Job instance at 0x7fd499b40aa0>,14,13,[7 3],15,109,122,94,96
1,<environment.Job instance at 0x7fd49f0b5eb0>,6,19,[4 8],7,45,64,38,45
1,<environment.Job instance at 0x7fd49f0bcdc0>,8,12,[10  2],9,64,76,55,47
1,<environment.Job instance at 0x7fd49f0bc1e0>,10,14,[2 6],11,76,90,65,66
1,<environment.Job instance at 0x7fd49f0c2460>,25,15,[5 7],26,177,192,151,177
1,<environment.Job instance at 0x7fd49f0c1aa0>,28,17,[5 5],29,231,248,202,231
1,<environment.Job instance at 0x7fd49f0c1f50>,30,18,[2 7],31,257,275,226,257
1,<environment.Job instance at 0x7fd453e31820>,9,15,[10  4],10,72,87,62,72
1,<environment.Job instance at 0x7fd453e294b0>,16,14,[9 5],17,162,176,145,162
1,<environment.Job instance at 0x7fd453e29b40>,19,15,[1 7],20,211,226,191,211
1,<environment.Job instance at 0x7fd453e29af0>,22,13,[3 8],23,237,250,214,237
1,<environment.Job instance at 0x7fd453e29c30>,23,13,[3 5],24,250,263,226,237
1,<environment.Job instance at 0x7fd453f0a690>,8,25,[6 2],9,9,34,0,9
1,<environment.Job instance at 0x7fd453efc4b0>,7,14,[ 1 10],8,34,48,26,19
1,<environment.Job instance at 0x7fd453f0a190>,13,14,[10  1],14,48,62,34,35
1,<environment.Job instance at 0x7fd45422a5a0>,9,17,[6 2],10,74,91,64,74
1,<environment.Job instance at 0x7fd45422a820>,13,17,[4 6],14,75,92,61,75
1,<environment.Job instance at 0x7fd45422a960>,15,14,[ 1 10],16,102,116,86,102
1,<environment.Job instance at 0x7fd499f2a730>,4,15,[5 5],5,7,22,2,7
1,<environment.Job instance at 0x7fd499f2a460>,6,16,[3 9],7,22,38,15,14
1,<environment.Job instance at 0x7fd499debb40>,16,14,[5 7],17,193,207,176,193
1,<environment.Job instance at 0x7fd49997a960>,12,15,[5 8],13,207,222,194,196
1,<environment.Job instance at 0x7fd453ed98c0>,23,12,[10  3],24,261,273,237,261
1,<environment.Job instance at 0x7fd45413ec80>,11,18,[5 9],12,66,84,54,66
1,<environment.Job instance at 0x7fd45413ef50>,16,14,[5 9],17,114,128,97,114
1,<environment.Job instance at 0x7fd4541111e0>,19,16,[6 5],20,223,239,203,223
1,<environment.Job instance at 0x7fd454111140>,18,12,[2 5],19,249,261,230,249
1,<environment.Job instance at 0x7fd4541118c0>,31,12,[10  2],32,315,327,283,315
1,<environment.Job instance at 0x7fd453d948c0>,0,18,[10  4],1,341,359,340,341
1,<environment.Job instance at 0x7fd454111550>,27,18,[5 9],28,368,386,340,368
1,<environment.Job instance at 0x7fd454111690>,36,18,[6 4],37,414,432,377,414
1,<environment.Job instance at 0x7fd4541140a0>,41,16,[7 3],42,439,455,397,439
1,<environment.Job instance at 0x7fd499c72050>,8,15,[1 6],9,9,24,0,9
1,<environment.Job instance at 0x7fd454257aa0>,3,14,[6 5],4,22,36,18,22
1,<environment.Job instance at 0x7fd4540fba50>,8,13,[9 4],9,43,56,34,43
1,<environment.Job instance at 0x7fd4540fb280>,11,15,[4 5],12,92,107,80,92
1,<environment.Job instance at 0x7fd4540fbfa0>,16,16,[4 5],17,156,172,139,156
1,<environment.Job instance at 0x7fd49e375230>,20,18,[7 3],21,172,190,151,161
1,<environment.Job instance at 0x7fd499c72050>,5,15,[10  3],6,201,216,195,201
1,<environment.Job instance at 0x7fd453ce1230>,27,13,[9 4],28,216,229,188,216
1,<environment.Job instance at 0x7fd49ee6d960>,29,15,[7 3],30,235,250,205,235
1,<environment.Job instance at 0x7fd49e8de410>,31,17,[4 5],32,250,267,218,238
1,<environment.Job instance at 0x7fd453fc88c0>,33,15,[4 9],34,267,282,233,254
1,<environment.Job instance at 0x7fd49e8dee60>,1,20,[5 6],2,54,74,52,54
1,<environment.Job instance at 0x7fd454317230>,10,19,[8 4],11,74,93,63,74
1,<environment.Job instance at 0x7fd4543175f0>,13,16,[6 3],14,101,117,87,101
1,<environment.Job instance at 0x7fd4543175a0>,16,18,[10  2],17,124,142,107,124
1,<environment.Job instance at 0x7fd499cae690>,8,13,[5 3],9,48,61,39,48
1,<environment.Job instance at 0x7fd499cae2d0>,9,16,[ 3 10],10,61,77,51,58
1,<environment.Job instance at 0x7fd453fac910>,10,13,[7 5],11,124,137,113,124
1,<environment.Job instance at 0x7fd453d7d230>,14,15,[4 6],15,147,162,132,147
1,<environment.Job instance at 0x7fd453d7d280>,18,14,[8 1],19,196,210,177,196
1,<environment.Job instance at 0x7fd453d7de60>,19,16,[ 4 10],20,210,226,190,198
1,<environment.Job instance at 0x7fd49992a8c0>,1,14,[3 8],2,3,17,1,3
1,<environment.Job instance at 0x7fd45439beb0>,15,21,[ 3 10],16,401,422,385,401
1,<environment.Job instance at 0x7fd499c02e10>,18,17,[7 4],19,422,439,403,411
1,<environment.Job instance at 0x7fd49e414dc0>,3,19,[10  1],4,4,23,0,4
1,<environment.Job instance at 0x7fd453f66320>,6,18,[5 4],7,23,41,16,12
1,<environment.Job instance at 0x7fd453b3daf0>,17,12,[9 1],18,75,87,57,75
1,<environment.Job instance at 0x7fd453f66eb0>,13,15,[10  5],14,87,102,73,80
1,<environment.Job instance at 0x7fd453b3dfa0>,21,14,[2 9],22,112,126,90,112
1,<environment.Job instance at 0x7fd454396320>,8,18,[5 2],9,126,144,117,126
1,<environment.Job instance at 0x7fd49f0c1f50>,5,12,[1 9],6,144,156,138,127
1,<environment.Job instance at 0x7fd453cd48c0>,15,14,[3 9],16,156,170,140,142
1,<environment.Job instance at 0x7fd453e95870>,7,14,[1 9],8,8,22,0,8
1,<environment.Job instance at 0x7fd453e959b0>,11,18,[10  5],12,34,52,22,34
1,<environment.Job instance at 0x7fd499aa0be0>,16,19,[6 2],17,181,200,164,181
1,<environment.Job instance at 0x7fd49eb20fa0>,12,15,[4 7],13,98,113,85,98
1,<environment.Job instance at 0x7f7d8ad8e550>,5,24,[1 5],6,47,71,41,47
1,<environment.Job instance at 0x7f7d8ad8e5f0>,6,20,[6 1],7,120,140,113,120
1,<environment.Job instance at 0x7f7d8ad8e4b0>,4,21,[1 6],5,120,141,115,120
1,<environment.Job instance at 0x7f7d8ad97be0>,1,15,[5 9],2,5,20,3,5
1,<environment.Job instance at 0x7f7d8ad98af0>,0,14,[2 6],1,20,34,19,8
1,<environment.Job instance at 0x7f7d9230baa0>,18,17,[5 5],19,142,159,123,142
1,<environment.Job instance at 0x7f7d9230b9b0>,20,18,[2 7],21,168,186,147,168
1,<environment.Job instance at 0x7f7d9230beb0>,21,18,[ 1 10],22,195,213,173,195
1,<environment.Job instance at 0x7f7d9230b0a0>,24,12,[4 6],25,213,225,188,211
1,<environment.Job instance at 0x7f7d92310d20>,29,14,[10  4],30,670,684,640,670
1,<environment.Job instance at 0x7f7d47166d20>,15,19,[9 4],16,172,191,156,172
1,<environment.Job instance at 0x7f7d47166780>,3,13,[4 8],4,7,20,3,7
1,<environment.Job instance at 0x7f7d8d84b9b0>,5,14,[ 2 10],6,60,74,54,60
1,<environment.Job instance at 0x7f7d4768b0a0>,10,16,[5 9],11,74,90,63,61
1,<environment.Job instance at 0x7f7d4768beb0>,9,14,[ 5 10],10,90,104,80,83
1,<environment.Job instance at 0x7f7d4768bfa0>,12,13,[ 1 10],13,124,137,111,124
1,<environment.Job instance at 0x7f7d4768bdc0>,16,17,[ 3 10],17,137,154,120,126
1,<environment.Job instance at 0x7f7d8ab41320>,6,14,[10  3],7,42,56,35,42
1,<environment.Job instance at 0x7f7d8d8a6f50>,11,13,[6 5],12,56,69,44,42
1,<environment.Job instance at 0x7f7d47122aa0>,17,15,[9 5],18,163,178,145,163
1,<environment.Job instance at 0x7f7d47527b90>,21,18,[5 9],22,178,196,156,167
1,<environment.Job instance at 0x7f7d47279280>,28,12,[2 5],29,211,223,182,211
1,<environment.Job instance at 0x7f7d8b1a72d0>,36,18,[7 5],37,301,319,264,301
1,<environment.Job instance at 0x7f7d8ad350a0>,8,15,[1 6],9,15,30,6,15
1,<environment.Job instance at 0x7f7d4728aeb0>,3,21,[1 6],4,5,26,1,5
1,<environment.Job instance at 0x7f7d46ffc410>,10,18,[7 3],11,21,39,10,21
1,<environment.Job instance at 0x7f7d46ffcfa0>,6,16,[4 5],7,39,55,32,29
1,<environment.Job instance at 0x7f7d8d5893c0>,18,19,[ 5 10],19,66,85,47,66
1,<environment.Job instance at 0x7f7d8ab371e0>,20,17,[4 7],21,85,102,64,73
1,<environment.Job instance at 0x7f7d8ab3fe10>,23,15,[4 9],24,102,117,78,94
1,<environment.Job instance at 0x7f7d921c82d0>,7,13,[7 4],8,8,21,0,8
1,<environment.Job instance at 0x7f7d4739b550>,17,14,[2 6],18,119,133,101,119
1,<environment.Job instance at 0x7f7d8b1c4820>,27,20,[3 7],28,386,406,358,386
1,<environment.Job instance at 0x7f7d8d4b9820>,8,16,[1 5],9,46,62,37,46
1,<environment.Job instance at 0x7f7d8d4b9640>,5,17,[3 6],6,94,111,88,94
1,<environment.Job instance at 0x7f7d8d4b9b40>,13,15,[3 8],14,111,126,97,97
1,<environment.Job instance at 0x7f7d8ae46f00>,3,18,[1 8],4,97,115,93,97
1,<environment.Job instance at 0x7f7d8d833a50>,5,16,[6 1],6,9,25,3,9
1,<environment.Job instance at 0x7f7d8d300640>,10,12,[6 3],11,28,40,17,28
1,<environment.Job instance at 0x7f7d8d3002d0>,8,18,[1 5],9,28,46,19,28
1,<environment.Job instance at 0x7f7d46dbb780>,4,14,[5 7],5,26,40,21,26
1,<environment.Job instance at 0x7f7d8d90cb90>,5,12,[3 5],6,76,88,70,76
1,<environment.Job instance at 0x7f7d46d6b230>,5,14,[3 9],6,6,20,0,6
1,<environment.Job instance at 0x7f7d8d771a00>,6,15,[6 2],7,11,26,4,11
1,<environment.Job instance at 0x7f7d46de7820>,3,15,[3 9],4,26,41,22,16
1,<environment.Job instance at 0x7f7d8ae3ef50>,7,13,[3 7],8,17,30,9,17
1,<environment.Job instance at 0x7f7d8adc1870>,0,12,[9 5],1,30,42,29,19
1,<environment.Job instance at 0x7f7d4750d5f0>,9,12,[10  2],10,42,54,32,40
1,<environment.Job instance at 0x7f7d8d6e4be0>,6,18,[10  3],7,116,134,109,116
1,<environment.Job instance at 0x7f7d8b0eb4b0>,12,16,[ 5 10],13,229,245,216,229
1,<environment.Job instance at 0x7f7d8ad44fa0>,6,19,[10  4],7,11,30,4,11
1,<environment.Job instance at 0x7f7d8ad44d70>,8,24,[2 6],9,30,54,21,29
1,<environment.Job instance at 0x7f7d47322460>,4,15,[2 5],5,140,155,135,140
1,<environment.Job instance at 0x7f7d47131370>,20,18,[1 7],21,155,173,134,144
1,<environment.Job instance at 0x7f7d471a5b40>,23,17,[2 8],24,194,211,170,194
1,<environment.Job instance at 0x7f7d8b1c07d0>,29,19,[4 5],30,261,280,231,261
1,<environment.Job instance at 0x7f7d8b0d0460>,36,23,[1 5],37,384,407,347,384
1,<environment.Job instance at 0x7f31b0da8500>,5,24,[1 5],6,25,49,19,25
1,<environment.Job instance at 0x7f31b61b8280>,0,13,[9 3],1,95,108,94,95
1,<environment.Job instance at 0x7f31b0da8eb0>,23,18,[2 7],24,400,418,376,400
1,<environment.Job instance at 0x7f31b0daac30>,40,15,[10  3],41,2888,2903,2847,2888
1,<environment.Job instance at 0x7f31b631e9b0>,5,15,[5 7],6,14,29,8,14
1,<environment.Job instance at 0x7f31b631e140>,8,17,[5 5],9,29,46,20,17
1,<environment.Job instance at 0x7f31b631e780>,10,18,[2 7],11,71,89,60,71
1,<environment.Job instance at 0x7f31b631ea00>,11,18,[ 1 10],12,89,107,77,80
1,<environment.Job instance at 0x7f31b6325960>,18,21,[ 1 10],19,172,193,153,172
1,<environment.Job instance at 0x7f316b0a6eb0>,0,13,[8 5],1,5,18,4,5
1,<environment.Job instance at 0x7f316b0e8d70>,20,14,[2 7],21,200,214,179,200
1,<environment.Job instance at 0x7f316b467960>,6,13,[5 8],7,44,57,37,44
1,<environment.Job instance at 0x7f316b467f00>,5,13,[4 8],6,57,70,51,44
1,<environment.Job instance at 0x7f31b0f12b90>,4,18,[8 3],5,8,26,3,8
1,<environment.Job instance at 0x7f316b493320>,7,16,[5 8],8,26,42,18,21
1,<environment.Job instance at 0x7f316b4aa640>,15,13,[5 5],16,112,125,96,112
1,<environment.Job instance at 0x7f316b4aa820>,18,14,[7 5],19,157,171,138,157
1,<environment.Job instance at 0x7f31b18d4aa0>,8,12,[8 5],9,46,58,37,46
1,<environment.Job instance at 0x7f31b18d4b40>,13,16,[6 3],14,68,84,54,68
1,<environment.Job instance at 0x7f316b75cdc0>,1,15,[6 3],2,2,17,0,2
1,<environment.Job instance at 0x7f316b57a370>,6,17,[10  3],7,118,135,111,118
1,<environment.Job instance at 0x7f31b11902d0>,9,17,[5 9],10,150,167,140,150
1,<environment.Job instance at 0x7f31b149a280>,5,15,[10  3],6,21,36,15,21
1,<environment.Job instance at 0x7f31b18d68c0>,3,14,[6 5],4,36,50,32,21
1,<environment.Job instance at 0x7f316b1288c0>,11,15,[4 5],12,118,133,106,118
1,<environment.Job instance at 0x7f316b128be0>,16,16,[4 5],17,118,134,101,118
1,<environment.Job instance at 0x7f316b1285a0>,21,16,[9 2],22,134,150,112,125
1,<environment.Job instance at 0x7f31b149ae60>,0,18,[ 2 10],1,150,168,149,149
1,<environment.Job instance at 0x7f316b1155a0>,28,19,[ 5 10],29,173,192,144,173
1,<environment.Job instance at 0x7f316b115410>,30,17,[4 7],31,192,209,161,180
1,<environment.Job instance at 0x7f316b115730>,33,15,[4 9],34,209,224,175,195
1,<environment.Job instance at 0x7f31b0db1a00>,7,13,[7 4],8,10,23,2,10
1,<environment.Job instance at 0x7f316afdac30>,10,15,[5 2],11,48,63,37,48
1,<environment.Job instance at 0x7f316afdac80>,17,14,[2 6],18,144,158,126,144
1,<environment.Job instance at 0x7f316b66adc0>,4,13,[6 5],5,5,18,0,5
1,<environment.Job instance at 0x7f316afa12d0>,6,12,[6 1],7,23,35,16,23
1,<environment.Job instance at 0x7f316afa15f0>,10,15,[10  1],11,54,69,43,54
1,<environment.Job instance at 0x7f316af8e0f0>,13,14,[5 4],14,69,83,55,54
1,<environment.Job instance at 0x7f31b1308870>,8,17,[7 4],9,10,27,1,10
1,<environment.Job instance at 0x7f31b1308f50>,10,19,[6 2],11,27,46,16,17
1,<environment.Job instance at 0x7f316afaad70>,24,12,[ 5 10],25,177,189,152,177
1,<environment.Job instance at 0x7f31b184d780>,7,18,[8 3],8,46,64,38,46
1,<environment.Job instance at 0x7f31b184dcd0>,11,19,[6 1],12,91,110,79,91
1,<environment.Job instance at 0x7f316b25d7d0>,23,14,[10  4],24,258,272,234,258
1,<environment.Job instance at 0x7f31b1a82b90>,1,14,[5 7],2,283,297,281,283
1,<environment.Job instance at 0x7f31b0f98be0>,28,19,[3 6],29,301,320,272,301
1,<environment.Job instance at 0x7f31b0f98500>,32,18,[5 2],33,314,332,281,314
1,<environment.Job instance at 0x7f31b0f98b40>,33,16,[7 5],34,332,348,298,320
1,<environment.Job instance at 0x7f316b25d5a0>,27,18,[1 9],28,361,379,333,361
1,<environment.Job instance at 0x7f31b116f820>,40,13,[9 1],41,364,377,323,364
1,<environment.Job instance at 0x7f316ae961e0>,0,15,[5 6],1,5,20,4,5
1,<environment.Job instance at 0x7f316af8a910>,7,14,[1 9],8,8,22,0,8
1,<environment.Job instance at 0x7f31b1435b90>,0,18,[3 9],1,22,40,21,11
1,<environment.Job instance at 0x7f316b3cd370>,12,12,[1 6],13,40,52,27,38
1,<environment.Job instance at 0x7f316b65e690>,13,17,[5 5],14,52,69,38,40
1,<environment.Job instance at 0x7f316ae4af00>,16,19,[6 2],17,104,123,87,104
1,<environment.Job instance at 0x7f316b57d640>,12,12,[9 4],13,96,108,83,96
1,<environment.Job instance at 0x7f31b184dd20>,0,12,[5 8],1,66,78,65,66
1,<environment.Job instance at 0x7f31b0d2c640>,12,16,[ 5 10],13,211,227,198,211
1,<environment.Job instance at 0x7f31b0d2c0a0>,17,12,[10  2],18,1903,1915,1885,1903
1,<environment.Job instance at 0x7f31b0d2c0a0>,3,24,[ 2 10],4,5,29,1,5
1,<environment.Job instance at 0x7f316b3dd1e0>,8,19,[2 6],9,46,65,37,46
1,<environment.Job instance at 0x7f31b155f6e0>,11,19,[4 6],12,65,84,53,55
1,<environment.Job instance at 0x7f316b0929b0>,18,14,[1 7],19,131,145,112,131
1,<environment.Job instance at 0x7f316b3bb870>,19,19,[4 5],20,156,175,136,156
1,<environment.Job instance at 0x7f31b0f52c30>,24,18,[3 9],25,210,228,185,210
1,<environment.Job instance at 0x7f31b60d6aa0>,1,17,[9 2],2,4,21,2,4
1,<environment.Job instance at 0x7f31b1059be0>,12,12,[10  5],13,47,59,34,47
1,<environment.Job instance at 0x7f31b1059820>,20,16,[8 1],21,145,161,124,145
1,<environment.Job instance at 0x7f31b1467820>,0,12,[2 5],1,75,87,74,75
1,<environment.Job instance at 0x7f31b1475960>,10,13,[5 1],11,76,89,65,76
1,<environment.Job instance at 0x7f31b1475140>,7,13,[5 9],8,102,115,94,102
1,<environment.Job instance at 0x7f31b1002690>,15,18,[1 8],16,123,141,107,123
1,<environment.Job instance at 0x7f31b1644d20>,19,13,[6 2],20,195,208,175,195
1,<environment.Job instance at 0x7f31b17e8cd0>,28,17,[5 5],29,285,302,256,285
1,<environment.Job instance at 0x7f31b17e8d20>,32,17,[5 1],33,316,333,283,316
1,<environment.Job instance at 0x7f31b17f16e0>,37,14,[3 8],38,374,388,336,374
1,<environment.Job instance at 0x7ff9d22b0230>,4,21,[1 6],5,68,89,63,68
1,<environment.Job instance at 0x7ff9d1151aa0>,14,13,[7 3],15,120,133,105,120
1,<environment.Job instance at 0x7ff9d22b01e0>,0,13,[9 3],1,133,146,132,120
1,<environment.Job instance at 0x7ff9d11535a0>,33,16,[2 8],34,1240,1256,1206,1240
1,<environment.Job instance at 0x7ff9d11536e0>,35,15,[9 5],36,1256,1271,1220,1244
1,<environment.Job instance at 0x7ff9d24233c0>,9,14,[10  4],10,38,52,28,38
1,<environment.Job instance at 0x7ff9d115e5a0>,1,18,[ 1 10],2,101,119,99,101
1,<environment.Job instance at 0x7ff9870efe10>,5,16,[2 8],6,27,43,21,27
1,<environment.Job instance at 0x7ff98715c050>,0,14,[2 7],1,43,57,42,29
1,<environment.Job instance at 0x7ff98759c640>,9,14,[ 5 10],10,60,74,50,60
1,<environment.Job instance at 0x7ff98759caa0>,15,15,[8 4],16,124,139,108,124
1,<environment.Job instance at 0x7ff98759cb40>,17,14,[6 4],18,139,153,121,125
1,<environment.Job instance at 0x7ff987328be0>,9,16,[6 5],10,114,130,104,114
1,<environment.Job instance at 0x7ff987328b40>,17,18,[5 9],18,180,198,162,180
1,<environment.Job instance at 0x7ff9d16d6190>,33,15,[ 3 10],34,338,353,304,338
1,<environment.Job instance at 0x7ff9d186a320>,8,17,[7 1],9,26,43,17,26
1,<environment.Job instance at 0x7ff98742adc0>,12,15,[9 3],13,113,128,100,113
1,<environment.Job instance at 0x7ff98742af00>,16,18,[10  2],17,165,183,148,165
1,<environment.Job instance at 0x7ff9d12488c0>,8,16,[1 5],9,46,62,37,46
1,<environment.Job instance at 0x7ff9d1248370>,5,17,[3 6],6,103,120,97,103
1,<environment.Job instance at 0x7ff9876ebaa0>,14,13,[6 5],15,120,133,105,115
1,<environment.Job instance at 0x7ff9d11ed960>,3,14,[7 2],4,5,19,1,5
1,<environment.Job instance at 0x7ff987749910>,6,12,[6 1],7,19,31,12,7
1,<environment.Job instance at 0x7ff9d1c141e0>,10,15,[10  1],11,54,69,43,54
1,<environment.Job instance at 0x7ff9d1c144b0>,11,14,[3 8],12,69,83,57,55
1,<environment.Job instance at 0x7ff9d1c14d70>,4,21,[9 1],5,42,63,37,42
1,<environment.Job instance at 0x7ff9d11b1b40>,18,22,[5 7],19,120,142,101,120
1,<environment.Job instance at 0x7ff9d11b18c0>,14,12,[ 5 10],15,142,154,127,125
1,<environment.Job instance at 0x7ff9d11be5a0>,32,17,[6 4],33,325,342,292,325
1,<environment.Job instance at 0x7ff9877a02d0>,7,18,[1 9],8,50,68,42,50
1,<environment.Job instance at 0x7ff9d21e4b90>,10,21,[9 1],11,54,75,43,54
1,<environment.Job instance at 0x7ff9d0f457d0>,15,12,[8 3],16,75,87,59,73
1,<environment.Job instance at 0x7ff9d0f45500>,13,16,[7 5],14,87,103,73,80
1,<environment.Job instance at 0x7ff9d0f45230>,20,13,[9 1],21,104,117,83,104
1,<environment.Job instance at 0x7ff98763db90>,6,12,[10  1],7,7,19,0,7
1,<environment.Job instance at 0x7ff98763dc80>,7,17,[4 7],8,19,36,11,8
1,<environment.Job instance at 0x7ff9d13477d0>,2,17,[3 9],3,50,67,47,50
1,<environment.Job instance at 0x7ff9d1347730>,0,16,[10  4],1,95,111,94,95
1,<environment.Job instance at 0x7ff9d12d10a0>,16,13,[4 5],17,1636,1649,1619,1636
1,<environment.Job instance at 0x7ff987733410>,5,14,[3 5],6,22,36,16,22
1,<environment.Job instance at 0x7ff987733910>,10,12,[3 5],11,43,55,32,43
1,<environment.Job instance at 0x7ff9d1dae730>,15,15,[7 1],16,2617,2632,2601,2617
1,<environment.Job instance at 0x7ff9d1daeb90>,16,16,[8 4],17,2632,2648,2615,2619
1,<environment.Job instance at 0x7ff9d1c7bdc0>,3,17,[ 4 10],4,147,164,143,147
1,<environment.Job instance at 0x7ff9d1231dc0>,21,17,[9 2],22,177,194,155,177
1,<environment.Job instance at 0x7ff9d12318c0>,27,15,[6 1],28,245,260,217,245
1,<environment.Job instance at 0x7ff9d21a7910>,6,19,[2 8],7,52,71,45,52
1,<environment.Job instance at 0x7ff9d1eae230>,10,12,[2 5],11,71,83,60,54
1,<environment.Job instance at 0x7ff9d1ffff00>,9,13,[6 2],10,28,41,18,28
1,<environment.Job instance at 0x7ff986f913c0>,15,15,[7 3],16,151,166,135,151
1,<environment.Job instance at 0x7ff986f91910>,17,16,[2 7],18,170,186,152,170
1,<environment.Job instance at 0x7ff986f91410>,18,18,[3 9],19,186,204,167,179
1,<environment.Job instance at 0x7ff986f91460>,24,18,[5 3],25,257,275,232,257
1,<environment.Job instance at 0x7ff9d1b75d20>,5,17,[1 6],6,9,26,3,9
1,<environment.Job instance at 0x7ff987602730>,10,19,[10  1],11,26,45,15,25
1,<environment.Job instance at 0x7ff9d1c648c0>,12,18,[1 5],13,49,67,36,49
1,<environment.Job instance at 0x7ff9d13abe60>,17,18,[8 1],18,160,178,142,160
1,<environment.Job instance at 0x7f7171b102d0>,23,18,[2 7],24,627,645,603,627
1,<environment.Job instance at 0x7f7171b12190>,26,26,[1 8],27,1000,1026,973,1000
1,<environment.Job instance at 0x7f7171b125f0>,33,16,[2 8],34,1114,1130,1080,1114
1,<environment.Job instance at 0x7f7178f1f1e0>,5,16,[7 5],6,56,72,50,56
1,<environment.Job instance at 0x7f7178f1fe60>,9,17,[ 3 10],10,81,98,71,81
1,<environment.Job instance at 0x7f712e209d20>,6,16,[2 9],7,25,41,18,25
1,<environment.Job instance at 0x7f712e209fa0>,10,17,[8 1],11,73,90,62,73
1,<environment.Job instance at 0x7f7171958410>,8,27,[1 5],9,51,78,42,51
1,<environment.Job instance at 0x7f7171b030a0>,7,25,[2 6],8,8,33,0,8
1,<environment.Job instance at 0x7f7171b033c0>,11,15,[3 9],12,33,48,21,19
1,<environment.Job instance at 0x7f712e0dbaf0>,3,15,[4 9],4,48,63,44,48
1,<environment.Job instance at 0x7f712deece60>,16,14,[7 2],17,63,77,46,48
1,<environment.Job instance at 0x7f712e3764b0>,9,16,[ 3 10],10,43,59,33,43
1,<environment.Job instance at 0x7f7171ed2d20>,3,18,[1 8],4,97,115,93,97
1,<environment.Job instance at 0x7f7178b2f140>,10,19,[6 2],11,48,67,37,48
1,<environment.Job instance at 0x7f7174128730>,4,13,[1 6],5,96,109,91,96
1,<environment.Job instance at 0x7f71744c2fa0>,8,17,[7 4],9,140,157,131,140
1,<environment.Job instance at 0x7f7171dd8eb0>,15,16,[4 9],16,163,179,147,163
1,<environment.Job instance at 0x7f7171993b90>,24,12,[ 5 10],25,179,191,154,167
1,<environment.Job instance at 0x7f717188abe0>,8,19,[3 6],9,46,65,37,46
1,<environment.Job instance at 0x7f717188ab40>,7,18,[1 9],8,65,83,57,57
1,<environment.Job instance at 0x7f717188a8c0>,15,12,[8 3],16,88,100,72,88
1,<environment.Job instance at 0x7f71718a23c0>,20,13,[9 1],21,113,126,92,113
1,<environment.Job instance at 0x7f7174392230>,3,14,[10  4],4,236,250,232,236
1,<environment.Job instance at 0x7f71741e9f00>,8,16,[7 4],9,40,56,31,40
1,<environment.Job instance at 0x7f71741e91e0>,12,15,[1 7],13,56,71,43,47
1,<environment.Job instance at 0x7f7171b03820>,8,15,[ 2 10],9,44,59,35,44
1,<environment.Job instance at 0x7f7171b03b40>,10,17,[10  3],11,59,76,48,55
1,<environment.Job instance at 0x7f7171f57820>,7,17,[7 1],8,47,64,39,47
1,<environment.Job instance at 0x7f7171f57960>,10,12,[5 8],11,64,76,53,50
1,<environment.Job instance at 0x7f7171b03b40>,2,15,[9 3],3,107,122,104,107
1,<environment.Job instance at 0x7f71740824b0>,7,15,[9 5],8,29,44,21,29
1,<environment.Job instance at 0x7f712dc90500>,8,14,[1 7],9,44,58,35,29
1,<environment.Job instance at 0x7f712e3eac30>,13,13,[9 1],14,49,62,35,49
1,<environment.Job instance at 0x7f712dd1a2d0>,0,18,[1 7],1,58,76,57,49
1,<environment.Job instance at 0x7f7174837cd0>,4,13,[9 5],5,7,20,2,7
1,<environment.Job instance at 0x7f7174837870>,1,12,[10  3],2,20,32,18,12
1,<environment.Job instance at 0x7f7174837910>,8,15,[9 3],9,66,81,57,66
1,<environment.Job instance at 0x7f7171ae2780>,8,14,[8 5],9,21,35,12,21
1,<environment.Job instance at 0x7f712deb00f0>,7,20,[2 6],8,31,51,23,31
1,<environment.Job instance at 0x7f712e2ad640>,13,15,[ 5 10],14,56,71,42,56
1,<environment.Job instance at 0x7f7178cab8c0>,15,17,[ 3 10],16,82,99,66,82
1,<environment.Job instance at 0x7f71745b6a50>,0,12,[9 4],1,50,62,49,50
1,<environment.Job instance at 0x7f712dc65a50>,10,14,[4 9],11,78,92,67,78
1,<environment.Job instance at 0x7f712dc60b90>,18,17,[5 4],19,123,140,104,123
1,<environment.Job instance at 0x7f717446f4b0>,2,15,[3 8],3,3,18,0,3
1,<environment.Job instance at 0x7f717446f780>,6,13,[2 8],7,18,31,11,7
1,<environment.Job instance at 0x7f712de01230>,10,19,[5 2],11,48,67,37,48
1,<environment.Job instance at 0x7f378e8fd5a0>,6,20,[6 1],7,27,47,20,27
1,<environment.Job instance at 0x7f378fa5c280>,0,13,[9 3],1,69,82,68,69
1,<environment.Job instance at 0x7f378fa5c190>,4,21,[1 6],5,69,90,64,69
1,<environment.Job instance at 0x7f378fa5b1e0>,8,15,[8 3],9,23,38,14,23
1,<environment.Job instance at 0x7f378fa5bc80>,10,18,[6 1],11,38,56,27,29
1,<environment.Job instance at 0x7f378fa86e60>,20,13,[7 4],21,152,165,131,152
1,<environment.Job instance at 0x7f37448a2af0>,15,19,[9 4],16,195,214,179,195
1,<environment.Job instance at 0x7f37448a2a00>,21,15,[4 8],22,230,245,208,230
1,<environment.Job instance at 0x7f3744a53370>,7,16,[5 8],8,8,24,0,8
1,<environment.Job instance at 0x7f3744a53320>,8,13,[1 7],9,24,37,15,9
1,<environment.Job instance at 0x7f3744daf640>,4,18,[8 3],5,48,66,43,48
1,<environment.Job instance at 0x7f3744ac31e0>,15,13,[5 5],16,112,125,96,112
1,<environment.Job instance at 0x7f3744ac3140>,18,14,[7 5],19,157,171,138,157
1,<environment.Job instance at 0x7f3744d37280>,8,19,[1 5],9,39,58,30,39
1,<environment.Job instance at 0x7f3744d37460>,11,13,[6 5],12,39,52,27,39
1,<environment.Job instance at 0x7f3744d37be0>,20,15,[5 1],21,163,178,142,163
1,<environment.Job instance at 0x7f3744d37c80>,21,18,[5 9],22,163,181,141,163
1,<environment.Job instance at 0x7f3744d37f50>,26,14,[5 9],27,232,246,205,232
1,<environment.Job instance at 0x7f3744d4a1e0>,29,16,[6 5],30,252,268,222,252
1,<environment.Job instance at 0x7f3744d4a640>,36,18,[7 5],37,300,318,263,300
1,<environment.Job instance at 0x7f3744d4ac80>,46,18,[6 4],47,467,485,420,467
1,<environment.Job instance at 0x7f3744d47140>,53,15,[ 3 10],54,533,548,479,533
1,<environment.Job instance at 0x7f378e6a7140>,2,19,[1 7],3,5,24,2,5
1,<environment.Job instance at 0x7f3744c98c30>,8,17,[7 1],9,26,43,17,26
1,<environment.Job instance at 0x7f378e9d06e0>,5,12,[3 6],6,7,19,1,7
1,<environment.Job instance at 0x7f3744ac1870>,7,13,[7 4],8,8,21,0,8
1,<environment.Job instance at 0x7f3744ac1f00>,10,15,[5 2],11,48,63,37,48
1,<environment.Job instance at 0x7f3744ac17d0>,17,14,[2 6],18,120,134,102,120
1,<environment.Job instance at 0x7f3744f83910>,0,13,[8 3],1,46,59,45,46
1,<environment.Job instance at 0x7f3744b22a50>,10,13,[7 5],11,59,72,48,49
1,<environment.Job instance at 0x7f3744b22f50>,18,14,[8 1],19,166,180,147,166
1,<environment.Job instance at 0x7f37448ea230>,10,12,[6 3],11,28,40,17,28
1,<environment.Job instance at 0x7f37448ea4b0>,8,18,[1 5],9,28,46,19,28
1,<environment.Job instance at 0x7f378ef6b4b0>,1,14,[5 7],2,4,18,2,4
1,<environment.Job instance at 0x7f3744f12410>,11,19,[6 1],12,88,107,76,88
1,<environment.Job instance at 0x7f378ebf3eb0>,12,12,[2 5],13,88,100,75,88
1,<environment.Job instance at 0x7f3744c79640>,7,18,[8 3],8,108,126,100,108
1,<environment.Job instance at 0x7f378f3fdb90>,23,14,[10  4],24,330,344,306,330
1,<environment.Job instance at 0x7f378f3fde60>,24,19,[4 7],25,344,363,319,334
1,<environment.Job instance at 0x7f378eb24cd0>,32,18,[5 2],33,354,372,321,354
1,<environment.Job instance at 0x7f378f342cd0>,27,18,[1 9],28,381,399,353,381
1,<environment.Job instance at 0x7f378ea42730>,39,16,[4 8],40,399,415,359,387
1,<environment.Job instance at 0x7f378ebecf00>,5,14,[3 9],6,6,20,0,6
1,<environment.Job instance at 0x7f378ebecf50>,6,12,[10  1],7,20,32,13,7
1,<environment.Job instance at 0x7f378ed2edc0>,5,15,[6 5],6,6,21,0,6
1,<environment.Job instance at 0x7f378ed2e5f0>,10,17,[10  3],11,46,63,35,46
1,<environment.Job instance at 0x7f3744c9bc80>,12,16,[ 5 10],13,146,162,133,146
1,<environment.Job instance at 0x7f3744c58190>,8,17,[6 1],9,39,56,30,39
1,<environment.Job instance at 0x7f3744c5d190>,13,18,[6 1],14,88,106,74,88
1,<environment.Job instance at 0x7f378f3ee1e0>,3,14,[1 7],4,4,18,0,4
1,<environment.Job instance at 0x7f378f19ee60>,7,15,[1 7],8,28,43,20,28
1,<environment.Job instance at 0x7f378f19e460>,8,18,[5 6],9,52,70,43,52
1,<environment.Job instance at 0x7f378ebbd050>,15,15,[7 3],16,162,177,146,162
1,<environment.Job instance at 0x7f374467f6e0>,24,18,[5 3],25,301,319,276,301
1,<environment.Job instance at 0x7f378ec9f550>,9,17,[6 2],10,76,93,66,76
1,<environment.Job instance at 0x7f378ec9f960>,10,15,[2 6],11,79,94,68,79
1,<environment.Job instance at 0x7f378ec9fcd0>,14,17,[7 1],15,98,115,83,98
1,<environment.Job instance at 0x7f378ecb10a0>,17,17,[9 2],18,123,140,105,123
1,<environment.Job instance at 0x7f378ecb18c0>,19,18,[1 6],20,155,173,135,155
1,<environment.Job instance at 0x7f378efc41e0>,6,20,[2 5],7,23,43,16,23
1,<environment.Job instance at 0x7f378f0e6640>,7,13,[1 5],8,44,57,36,44
1,<environment.Job instance at 0x7f378f0e65a0>,11,16,[8 4],12,68,84,56,68
1,<environment.Job instance at 0x7f3744d664b0>,12,12,[6 4],13,84,96,71,68
1,<environment.Job instance at 0x7f378e89c500>,0,19,[6 4],1,24,43,23,24
1,<environment.Job instance at 0x7f378eba9870>,9,14,[6 5],10,43,57,33,40
1,<environment.Job instance at 0x7f378eba9780>,13,15,[ 3 10],14,467,482,453,467
1,<environment.Job instance at 0x7f378eba9a50>,16,18,[1 8],17,745,763,728,745
1,<environment.Job instance at 0x7f378eba9f50>,19,18,[8 3],20,785,803,765,785
1,<environment.Job instance at 0x7f378eba9640>,22,17,[6 1],23,810,827,787,810
1,<environment.Job instance at 0x7f378e9b5280>,10,17,[10  2],11,97,114,86,97
1,<environment.Job instance at 0x7f3744b3af50>,0,19,[ 4 10],1,153,172,152,153
1,<environment.Job instance at 0x7f38744561e0>,0,13,[9 3],1,68,81,67,68
1,<environment.Job instance at 0x7f38710465a0>,6,20,[6 1],7,102,122,95,102
1,<environment.Job instance at 0x7f3871067780>,0,18,[6 1],1,28,46,27,28
1,<environment.Job instance at 0x7f3871046d20>,4,16,[4 7],5,181,197,176,181
1,<environment.Job instance at 0x7f38745c3280>,19,15,[10  4],20,209,224,189,209
1,<environment.Job instance at 0x7f38745c3d20>,20,14,[1 8],21,224,238,203,210
1,<environment.Job instance at 0x7f38293d1f50>,6,15,[3 6],7,8,23,1,8
1,<environment.Job instance at 0x7f38293d1af0>,8,16,[2 6],9,23,39,14,11
1,<environment.Job instance at 0x7f38293d14b0>,15,13,[4 8],16,128,141,112,128
1,<environment.Job instance at 0x7f38293d1820>,16,13,[5 8],17,141,154,124,129
1,<environment.Job instance at 0x7f38297ab280>,2,12,[7 2],3,157,169,154,157
1,<environment.Job instance at 0x7f38296b2230>,15,14,[ 2 10],16,169,183,153,157
1,<environment.Job instance at 0x7f38296b24b0>,11,13,[4 9],12,203,216,191,203
1,<environment.Job instance at 0x7f382936ec30>,25,15,[8 4],26,267,282,241,267
1,<environment.Job instance at 0x7f382936ef00>,27,14,[6 4],28,282,296,254,268
1,<environment.Job instance at 0x7f382936e7d0>,20,16,[5 9],21,296,312,275,283
1,<environment.Job instance at 0x7f3829263e60>,6,18,[6 4],7,139,157,132,139
1,<environment.Job instance at 0x7f382935ee10>,1,12,[10  2],2,157,169,155,140
1,<environment.Job instance at 0x7f382947d910>,7,13,[9 4],8,20,33,12,20
1,<environment.Job instance at 0x7f382947d410>,9,15,[7 3],10,33,48,23,21
1,<environment.Job instance at 0x7f382947d690>,11,17,[4 5],12,48,65,36,36
1,<environment.Job instance at 0x7f382947d870>,18,17,[5 2],19,89,106,70,89
1,<environment.Job instance at 0x7f382947d140>,19,18,[1 9],20,106,124,86,95
1,<environment.Job instance at 0x7f38710ff730>,4,18,[2 8],5,5,23,0,5
1,<environment.Job instance at 0x7f3870e963c0>,18,25,[1 5],19,221,246,202,221
1,<environment.Job instance at 0x7f3870fb5370>,25,17,[3 6],26,308,325,282,308
1,<environment.Job instance at 0x7f387147d870>,34,13,[6 5],35,409,422,374,409
1,<environment.Job instance at 0x7f387182f820>,3,14,[5 4],4,5,19,1,5
1,<environment.Job instance at 0x7f387182f910>,0,15,[10  1],1,19,34,18,8
1,<environment.Job instance at 0x7f3829216230>,9,16,[9 2],10,96,112,86,96
1,<environment.Job instance at 0x7f38292165a0>,15,12,[6 4],16,112,124,96,96
1,<environment.Job instance at 0x7f38292165a0>,2,21,[1 6],3,4,25,1,4
1,<environment.Job instance at 0x7f38710ca500>,5,15,[3 6],6,35,50,29,35
1,<environment.Job instance at 0x7f38710ca7d0>,8,14,[6 1],9,73,87,64,73
1,<environment.Job instance at 0x7f38710caaf0>,13,15,[7 2],14,98,113,84,98
1,<environment.Job instance at 0x7f38710d50a0>,1,16,[5 1],2,47,63,45,47
1,<environment.Job instance at 0x7f3871836640>,7,17,[7 1],8,107,124,99,107
1,<environment.Job instance at 0x7f3871836050>,10,12,[5 8],11,124,136,113,108
1,<environment.Job instance at 0x7f38710afd70>,8,17,[6 1],9,39,56,30,39
1,<environment.Job instance at 0x7f38710afb40>,13,18,[6 1],14,88,106,74,88
1,<environment.Job instance at 0x7f382962af50>,13,16,[ 1 10],14,106,122,92,106
1,<environment.Job instance at 0x7f382917d050>,8,14,[1 7],9,49,63,40,49
1,<environment.Job instance at 0x7f382917d5a0>,11,16,[4 8],12,63,79,51,53
1,<environment.Job instance at 0x7f382917d0f0>,14,19,[5 3],15,105,124,90,105
1,<environment.Job instance at 0x7f38290d73c0>,16,15,[ 5 10],17,126,141,109,126
1,<environment.Job instance at 0x7f38290d7460>,17,14,[5 6],18,141,155,123,126
1,<environment.Job instance at 0x7f382950f640>,12,15,[3 8],13,102,117,89,102
1,<environment.Job instance at 0x7f38716a0280>,3,19,[1 7],4,20,39,16,20
1,<environment.Job instance at 0x7f3829987b90>,7,14,[7 5],8,39,53,31,24
1,<environment.Job instance at 0x7f3829987820>,9,12,[7 3],10,24,36,14,24
1,<environment.Job instance at 0x7f38711b0460>,14,12,[1 6],15,94,106,79,94
1,<environment.Job instance at 0x7f38711b01e0>,13,26,[2 5],14,106,132,92,103
1,<environment.Job instance at 0x7f38711500a0>,23,16,[7 3],24,226,242,202,226
1,<environment.Job instance at 0x7f38745cb690>,24,25,[2 6],25,226,251,201,226
1,<environment.Job instance at 0x7f3870e14730>,28,14,[5 6],29,264,278,235,264
1,<environment.Job instance at 0x7f3871594410>,42,16,[ 2 10],43,2425,2441,2382,2425
1,<environment.Job instance at 0x7f38299e7cd0>,8,17,[7 2],9,49,66,40,49
1,<environment.Job instance at 0x7f38299e7fa0>,5,14,[10  1],6,96,110,90,96
1,<environment.Job instance at 0x7f38299e7640>,16,13,[5 5],17,110,123,93,96
1,<environment.Job instance at 0x7f387125d370>,9,12,[4 6],10,101,113,91,101
1,<environment.Job instance at 0x7f387125d460>,11,15,[4 8],12,113,128,101,101
1,<environment.Job instance at 0x7f387125dd20>,15,17,[10  3],16,148,165,132,148
1,<environment.Job instance at 0x7f74b44c95a0>,6,20,[6 1],7,68,88,61,68
1,<environment.Job instance at 0x7f74b44c9aa0>,14,13,[7 3],15,120,133,105,120
1,<environment.Job instance at 0x7f74b78d8190>,0,13,[9 3],1,133,146,132,120
1,<environment.Job instance at 0x7f74b44c9e10>,23,18,[2 7],24,1510,1528,1486,1510
1,<environment.Job instance at 0x7f74b7a4bf00>,10,14,[1 8],11,72,86,61,72
1,<environment.Job instance at 0x7f746c8210f0>,9,17,[6 2],10,24,41,14,24
1,<environment.Job instance at 0x7f746c821690>,10,17,[5 1],11,41,58,30,29
1,<environment.Job instance at 0x7f746c8c52d0>,15,14,[ 1 10],16,96,110,80,96
1,<environment.Job instance at 0x7f746c7c0820>,15,16,[6 3],16,172,188,156,172
1,<environment.Job instance at 0x7f746c7c0aa0>,17,18,[4 7],18,240,258,222,240
1,<environment.Job instance at 0x7f746c7c04b0>,23,12,[10  3],24,258,270,234,241
1,<environment.Job instance at 0x7f746cb322d0>,3,14,[1 5],4,7,21,3,7
1,<environment.Job instance at 0x7f746c6eb500>,8,15,[1 6],9,21,36,12,14
1,<environment.Job instance at 0x7f746c88ae10>,8,17,[5 5],9,75,92,66,75
1,<environment.Job instance at 0x7f746c77f690>,12,15,[9 3],13,94,109,81,94
1,<environment.Job instance at 0x7f746c77f190>,16,18,[10  2],17,166,184,149,166
1,<environment.Job instance at 0x7f746c810910>,10,13,[7 5],11,94,107,83,94
1,<environment.Job instance at 0x7f746c9ebfa0>,14,15,[4 6],15,147,162,132,147
1,<environment.Job instance at 0x7f746c9eb320>,17,17,[5 4],18,169,186,151,169
1,<environment.Job instance at 0x7f746cdbaaf0>,19,16,[ 4 10],20,186,202,166,176
1,<environment.Job instance at 0x7f746c9ebf00>,5,14,[4 7],6,28,42,22,28
1,<environment.Job instance at 0x7f746ca7caf0>,12,18,[5 4],13,60,78,47,60
1,<environment.Job instance at 0x7f74b78fcb90>,4,12,[5 1],5,6,18,1,6
1,<environment.Job instance at 0x7f746cd751e0>,6,12,[4 8],7,8,20,1,8
1,<environment.Job instance at 0x7f746cd877d0>,7,14,[1 9],8,20,34,12,8
1,<environment.Job instance at 0x7f74b4618960>,11,18,[10  5],12,34,52,22,32
1,<environment.Job instance at 0x7f746c8d2690>,16,19,[6 2],17,1225,1244,1208,1225
1,<environment.Job instance at 0x7f746cb1b870>,8,17,[8 5],9,73,90,64,73
1,<environment.Job instance at 0x7f74b498c410>,1,19,[4 6],2,8,27,6,8
1,<environment.Job instance at 0x7f746c723780>,8,14,[1 7],9,29,43,20,29
1,<environment.Job instance at 0x7f746c723af0>,9,19,[4 5],10,43,62,33,33
1,<environment.Job instance at 0x7f74b498c460>,3,17,[2 8],4,62,79,58,52
1,<environment.Job instance at 0x7f74b44b80f0>,3,14,[1 7],4,6,20,2,6
1,<environment.Job instance at 0x7f74b43ef640>,8,18,[5 6],9,25,43,16,25
1,<environment.Job instance at 0x7f74b44b8aa0>,4,18,[5 9],5,69,87,64,69
1,<environment.Job instance at 0x7f74b474e780>,8,27,[ 1 10],9,27,54,18,27
1,<environment.Job instance at 0x7f746c75b140>,14,12,[ 2 10],15,76,88,61,76
1,<environment.Job instance at 0x7f74b43e7690>,15,12,[9 5],16,88,100,72,77
1,<environment.Job instance at 0x7f74b427e460>,23,15,[8 1],24,173,188,149,173
1,<environment.Job instance at 0x7f74b45fb6e0>,4,19,[5 3],5,7,26,2,7
1,<environment.Job instance at 0x7f74b466e050>,2,22,[1 6],3,9,31,6,9
1,<environment.Job instance at 0x7f74b72179b0>,6,15,[ 5 10],7,31,46,24,17
1,<environment.Job instance at 0x7f746c5192d0>,13,13,[4 6],14,54,67,40,54
1,<environment.Job instance at 0x7f746c5126e0>,16,13,[2 7],17,81,94,64,81
1,<environment.Job instance at 0x7f746c564690>,17,14,[9 3],18,94,108,76,81
1,<environment.Job instance at 0x7f746c528c30>,26,15,[5 7],27,141,156,114,141
1,<environment.Job instance at 0x7f74b49429b0>,0,19,[5 2],1,76,95,75,76
1,<environment.Job instance at 0x7f74b450e3c0>,6,20,[5 1],7,147,167,140,147
1,<environment.Job instance at 0x7f74b732d140>,17,12,[2 6],18,174,186,156,174
1,<environment.Job instance at 0x7f74b49c64b0>,17,18,[10  5],18,147,165,129,147
1,<environment.Job instance at 0x7f746c4f0c80>,7,27,[ 5 10],8,50,77,42,50
1,<environment.Job instance at 0x7f746cc0e640>,4,13,[3 5],5,5,18,0,5
1,<environment.Job instance at 0x7f74b72b1050>,5,19,[4 8],6,18,37,12,8
1,<environment.Job instance at 0x7f746cb3f690>,9,18,[3 6],10,37,55,27,27
1,<environment.Job instance at 0x7fb53166f5a0>,6,20,[6 1],7,24,44,17,24
1,<environment.Job instance at 0x7fb53ccec190>,4,21,[1 6],5,73,94,68,73
1,<environment.Job instance at 0x7fb53ce59f00>,6,14,[9 5],7,7,21,0,7
1,<environment.Job instance at 0x7fb53ce5eb90>,12,13,[3 8],13,75,88,62,75
1,<environment.Job instance at 0x7fb53ce5e820>,13,13,[3 5],14,88,101,74,75
1,<environment.Job instance at 0x7fb4f3f8a500>,8,12,[8 5],9,48,60,39,48
1,<environment.Job instance at 0x7fb4f3a706e0>,2,19,[1 7],3,3,22,0,3
1,<environment.Job instance at 0x7fb4f39830a0>,0,18,[1 5],1,5,23,4,5
1,<environment.Job instance at 0x7fb5320f5410>,12,12,[8 4],13,53,65,40,53
1,<environment.Job instance at 0x7fb5320f5190>,18,15,[7 2],19,103,118,84,103
1,<environment.Job instance at 0x7fb531b72820>,21,16,[4 6],22,149,165,127,149
1,<environment.Job instance at 0x7fb531918320>,6,12,[6 1],7,8,20,1,8
1,<environment.Job instance at 0x7fb4f3d190a0>,11,14,[3 8],12,80,94,68,80
1,<environment.Job instance at 0x7fb4f3c9feb0>,12,16,[6 5],13,94,110,81,81
1,<environment.Job instance at 0x7fb4f3a3d870>,6,18,[5 4],7,7,25,0,7
1,<environment.Job instance at 0x7fb530da8d20>,9,13,[7 2],10,25,38,15,17
1,<environment.Job instance at 0x7fb530da8cd0>,8,18,[ 4 10],9,38,56,29,29
1,<environment.Job instance at 0x7fb530db6f00>,16,16,[4 7],17,73,89,56,73
1,<environment.Job instance at 0x7fb4f3a3ee60>,13,15,[10  5],14,89,104,75,75
1,<environment.Job instance at 0x7fb4f3ef80a0>,21,14,[2 9],22,104,118,82,99
1,<environment.Job instance at 0x7fb4f3cbde60>,5,14,[3 9],6,7,21,1,7
1,<environment.Job instance at 0x7fb4f3cbde10>,6,12,[10  1],7,21,33,14,7
1,<environment.Job instance at 0x7fb531b1f2d0>,6,25,[6 3],7,15,40,8,15
1,<environment.Job instance at 0x7fb4f3edc1e0>,10,12,[9 5],11,73,85,62,73
1,<environment.Job instance at 0x7fb5316fb0a0>,12,12,[9 4],13,85,97,72,74
1,<environment.Job instance at 0x7fb531ffc5a0>,10,12,[3 5],11,50,62,39,50
1,<environment.Job instance at 0x7fb531ffc820>,14,15,[ 1 10],15,2905,2920,2890,2905
1,<environment.Job instance at 0x7fb531ffc960>,16,16,[8 4],17,2920,2936,2903,2908
1,<environment.Job instance at 0x7fb5321c9140>,4,13,[9 5],5,7,20,2,7
1,<environment.Job instance at 0x7fb530db2d70>,8,15,[9 3],9,20,35,11,10
1,<environment.Job instance at 0x7fb531ffcd70>,1,12,[10  3],2,79,91,77,79
1,<environment.Job instance at 0x7fb530db2190>,17,14,[1 8],18,116,130,98,116
1,<environment.Job instance at 0x7fb530c38050>,9,13,[6 2],10,27,40,17,27
1,<environment.Job instance at 0x7fb530c38eb0>,15,15,[7 3],16,159,174,143,159
1,<environment.Job instance at 0x7fb530c385a0>,17,16,[2 7],18,170,186,152,170
1,<environment.Job instance at 0x7fb530c38410>,24,18,[5 3],25,278,296,253,278
1,<environment.Job instance at 0x7fb5321d51e0>,9,15,[5 9],10,27,42,17,27
1,<environment.Job instance at 0x7fb5321d58c0>,14,19,[5 3],15,102,121,87,102
1,<environment.Job instance at 0x7fb5321d5dc0>,17,14,[5 6],18,142,156,124,142
1,<environment.Job instance at 0x7fb5321e8410>,20,13,[4 8],21,169,182,148,169
1,<environment.Job instance at 0x7fb4f3d34d20>,6,20,[5 1],7,126,146,119,126
1,<environment.Job instance at 0x7fb532160280>,17,12,[2 6],18,151,163,133,151
1,<environment.Job instance at 0x7fb4f3cae640>,14,12,[6 1],15,116,128,101,116
1,<environment.Job instance at 0x7fb4f3cae870>,15,12,[1 8],16,117,129,101,117
1,<environment.Job instance at 0x7fb4f3cae550>,17,14,[3 7],18,129,143,111,117
1,<environment.Job instance at 0x7fb530d8e320>,21,12,[7 5],22,143,155,121,136
1,<environment.Job instance at 0x7fb4f3a10af0>,23,16,[5 3],24,160,176,136,160
1,<environment.Job instance at 0x7fb4f362fc80>,11,18,[2 6],12,121,139,109,121
1,<environment.Job instance at 0x7fb53181b230>,10,14,[3 5],11,64,78,53,64
1,<environment.Job instance at 0x7f22f764d5a0>,6,20,[6 1],7,94,114,87,94
1,<environment.Job instance at 0x7f22f75f3960>,2,13,[3 8],3,19,32,16,19
1,<environment.Job instance at 0x7f22fcbd5230>,3,13,[4 8],4,17,30,13,17
1,<environment.Job instance at 0x7f22f76ab500>,10,18,[10  4],11,16,34,5,16
1,<environment.Job instance at 0x7f22f7637460>,6,14,[10  3],7,163,177,156,163
1,<environment.Job instance at 0x7f22f76abcd0>,9,18,[2 9],10,177,195,167,166
1,<environment.Job instance at 0x7f22f76fee10>,26,14,[5 9],27,215,229,188,215
1,<environment.Job instance at 0x7f22f7714d20>,36,18,[7 5],37,302,320,265,302
1,<environment.Job instance at 0x7f22f76d9870>,37,18,[5 9],38,320,338,282,313
1,<environment.Job instance at 0x7f22f76d9320>,40,19,[4 9],41,338,357,297,330
1,<environment.Job instance at 0x7f22f7723f50>,51,16,[7 3],52,517,533,465,517
1,<environment.Job instance at 0x7f22f76e9be0>,53,15,[ 3 10],54,544,559,490,544
1,<environment.Job instance at 0x7f22f793dbe0>,1,15,[4 5],2,3,18,1,3
1,<environment.Job instance at 0x7f22f74c8c30>,11,16,[9 2],12,22,38,10,22
1,<environment.Job instance at 0x7f22f74673c0>,6,16,[4 5],7,38,54,31,26
1,<environment.Job instance at 0x7f22b1d0be60>,9,16,[ 5 10],10,64,80,54,64
1,<environment.Job instance at 0x7f22b1cb8f50>,20,17,[4 7],21,81,98,60,81
1,<environment.Job instance at 0x7f22b1cace10>,21,17,[4 5],22,98,115,76,86
1,<environment.Job instance at 0x7f22f7575910>,5,17,[3 6],6,23,40,17,23
1,<environment.Job instance at 0x7f22f7575b40>,4,17,[10  5],5,78,95,73,78
1,<environment.Job instance at 0x7f22fc3a6a00>,14,13,[6 5],15,95,108,80,79
1,<environment.Job instance at 0x7f22b1d3ecd0>,8,18,[1 5],9,28,46,19,28
1,<environment.Job instance at 0x7f22f7ae0320>,10,12,[6 3],11,28,40,17,28
1,<environment.Job instance at 0x7f22b1d6cc30>,5,12,[3 5],6,76,88,70,76
1,<environment.Job instance at 0x7f22f7487730>,6,15,[6 2],7,14,29,7,14
1,<environment.Job instance at 0x7f22f75a15a0>,10,16,[8 5],11,29,45,18,17
1,<environment.Job instance at 0x7f22fbe8deb0>,0,12,[5 8],1,63,75,62,63
1,<environment.Job instance at 0x7f22fbe93230>,12,16,[ 5 10],13,144,160,131,144
1,<environment.Job instance at 0x7f22f79d5190>,8,14,[8 5],9,22,36,13,22
1,<environment.Job instance at 0x7f22fc096d20>,9,17,[6 2],10,73,90,63,73
1,<environment.Job instance at 0x7f22fc096460>,11,12,[6 3],12,90,102,78,73
1,<environment.Job instance at 0x7f22fc10ba50>,14,17,[7 1],15,102,119,87,97
1,<environment.Job instance at 0x7f22f73c9190>,4,18,[3 8],5,102,120,97,99
1,<environment.Job instance at 0x7f22fc55a230>,17,17,[9 2],18,123,140,105,123
1,<environment.Job instance at 0x7f22fc55a0f0>,19,18,[1 6],20,143,161,123,143
1,<environment.Job instance at 0x7f22fc469140>,12,15,[3 8],13,96,111,83,96
1,<environment.Job instance at 0x7f22b1715be0>,16,13,[2 8],17,2376,2389,2359,2376
1,<environment.Job instance at 0x7f22b1b4df00>,19,14,[1 5],20,2416,2430,2396,2416
1,<environment.Job instance at 0x7f22b1b5a1e0>,17,18,[10  5],18,154,172,136,154
1,<environment.Job instance at 0x7f22b1893af0>,8,20,[5 6],9,9,29,0,9
1,<environment.Job instance at 0x7f22b1893aa0>,5,18,[3 8],6,38,56,32,38
1,<environment.Job instance at 0x7f22b1f44aa0>,12,13,[2 5],13,63,76,50,63
1,<environment.Job instance at 0x7f22b1f44780>,15,12,[1 7],16,76,88,60,68
1,<environment.Job instance at 0x7f22b1f44500>,16,16,[8 1],17,68,84,51,68
1,<environment.Job instance at 0x7f22b1fff910>,10,18,[3 9],11,84,102,73,84
1,<environment.Job instance at 0x7f22b1fffaf0>,13,14,[ 3 10],14,102,116,88,90
1,<environment.Job instance at 0x7f22b18c0550>,1,13,[8 2],2,113,126,111,113
1,<environment.Job instance at 0x7f22fc3e4640>,5,13,[5 6],6,100,113,94,100
1,<environment.Job instance at 0x7f22b1b63780>,16,15,[5 6],17,153,168,136,153
1,<environment.Job instance at 0x7f22fc03ee10>,4,14,[9 5],5,168,182,163,153
1,<environment.Job instance at 0x7f22b1b63b90>,15,17,[ 5 10],16,204,221,188,204
1,<environment.Job instance at 0x7f22b1e79500>,22,17,[10  3],23,249,266,226,249
1,<environment.Job instance at 0x7f22b19bb910>,25,12,[2 8],26,266,278,240,249
1,<environment.Job instance at 0x7f22b19bb4b0>,24,17,[ 2 10],25,278,295,253,277
1,<environment.Job instance at 0x7f93d4234230>,4,21,[1 6],5,68,89,63,68
1,<environment.Job instance at 0x7f93cee255a0>,6,20,[6 1],7,100,120,93,100
1,<environment.Job instance at 0x7f93d43ad820>,8,14,[8 3],9,9,23,0,9
1,<environment.Job instance at 0x7f93cebf3e60>,12,18,[3 6],13,67,85,54,67
1,<environment.Job instance at 0x7f9389077910>,16,16,[3 9],17,118,134,101,118
1,<environment.Job instance at 0x7f93ceb954b0>,18,12,[ 5 10],19,134,146,115,129
1,<environment.Job instance at 0x7f93cf0f7050>,7,18,[5 9],8,171,189,163,171
1,<environment.Job instance at 0x7f93cecaf230>,21,16,[7 3],22,195,211,173,195
1,<environment.Job instance at 0x7f93cef0eaa0>,23,15,[ 3 10],24,222,237,198,222
1,<environment.Job instance at 0x7f9389077c30>,4,19,[6 1],5,7,26,2,7
1,<environment.Job instance at 0x7f938943cc30>,11,14,[6 1],12,26,40,14,26
1,<environment.Job instance at 0x7f938943baa0>,14,14,[3 9],15,35,49,20,35
1,<environment.Job instance at 0x7f93cef29730>,8,14,[8 1],9,45,59,36,45
1,<environment.Job instance at 0x7f93cef29050>,4,15,[4 6],5,59,74,54,46
1,<environment.Job instance at 0x7f93cef295f0>,9,16,[ 4 10],10,74,90,64,68
1,<environment.Job instance at 0x7f93d3b65be0>,19,13,[ 2 10],20,184,197,164,184
1,<environment.Job instance at 0x7f93890bdfa0>,7,13,[5 8],8,52,65,44,52
1,<environment.Job instance at 0x7f93890bdf50>,8,18,[5 2],9,53,71,44,53
1,<environment.Job instance at 0x7f93890bdcd0>,5,12,[1 9],6,79,91,73,79
1,<environment.Job instance at 0x7f93d3b0b2d0>,3,15,[10  1],4,91,106,87,80
1,<environment.Job instance at 0x7f93890db500>,16,12,[10  1],17,106,118,89,94
1,<environment.Job instance at 0x7f93890db550>,2,12,[9 4],3,17,29,14,17
1,<environment.Job instance at 0x7f93cf1bc640>,7,13,[3 7],8,29,42,21,17
1,<environment.Job instance at 0x7f93892de7d0>,0,12,[9 5],1,42,54,41,40
1,<environment.Job instance at 0x7f938959e7d0>,16,12,[2 6],17,114,126,97,114
1,<environment.Job instance at 0x7f93cf1bc460>,6,18,[10  3],7,140,158,133,140
1,<environment.Job instance at 0x7f93cf1bc460>,3,24,[ 2 10],4,15,39,11,15
1,<environment.Job instance at 0x7f93894e4b90>,11,19,[4 6],12,103,122,91,103
1,<environment.Job instance at 0x7f93894e4a50>,13,17,[2 8],14,125,142,111,125
1,<environment.Job instance at 0x7f93896beb90>,18,14,[1 7],19,156,170,137,156
1,<environment.Job instance at 0x7f93897014b0>,23,13,[9 1],24,177,190,153,177
1,<environment.Job instance at 0x7f93d3afe6e0>,24,18,[3 9],25,190,208,165,179
1,<environment.Job instance at 0x7f93897db320>,0,14,[2 9],1,221,235,220,221
1,<environment.Job instance at 0x7f93cee87960>,7,21,[3 8],8,55,76,47,55
1,<environment.Job instance at 0x7f9389400460>,0,12,[ 5 10],1,93,105,92,93
1,<environment.Job instance at 0x7f93cee87370>,14,14,[8 5],15,105,119,90,93
1,<environment.Job instance at 0x7f93cf2986e0>,2,13,[6 5],3,4,17,1,4
1,<environment.Job instance at 0x7f93cf298e10>,7,20,[2 6],8,30,50,22,30
1,<environment.Job instance at 0x7f93cf2b48c0>,15,17,[ 3 10],16,118,135,102,118
1,<environment.Job instance at 0x7f93cf028a50>,8,21,[7 5],9,26,47,17,26
1,<environment.Job instance at 0x7f93cf028190>,12,12,[6 4],13,47,59,34,47
1,<environment.Job instance at 0x7f93cf028550>,11,16,[8 4],12,59,75,47,47
1,<environment.Job instance at 0x7f93ceda35f0>,3,19,[1 7],4,21,40,17,21
1,<environment.Job instance at 0x7f93d3ae0870>,9,12,[7 3],10,23,35,13,23
1,<environment.Job instance at 0x7f93cf065550>,1,15,[5 6],2,40,55,38,26
1,<environment.Job instance at 0x7f93cedb46e0>,14,12,[1 6],15,119,131,104,119
1,<environment.Job instance at 0x7f93896eb2d0>,25,17,[8 3],26,266,283,240,266
1,<environment.Job instance at 0x7f9389663960>,28,14,[5 6],29,290,304,261,290
1,<environment.Job instance at 0x7f93cef28280>,11,18,[2 6],12,121,139,109,121
1,<environment.Job instance at 0x7f93d388e780>,8,15,[7 2],9,17,32,8,17
1,<environment.Job instance at 0x7f93897145f0>,15,18,[5 3],16,104,122,88,104
1,<environment.Job instance at 0x7f93d37ee0a0>,1,15,[10  5],2,16,31,14,16
1,<environment.Job instance at 0x7f93d3ba0230>,5,12,[2 8],6,47,59,41,47
1,<environment.Job instance at 0x7f93d3ba0c80>,10,22,[5 3],11,73,95,62,73
1,<environment.Job instance at 0x7f93d3ba0d20>,4,17,[ 2 10],5,200,217,195,200
1,<environment.Job instance at 0x7f9389509190>,0,16,[7 5],1,7,23,6,7
1,<environment.Job instance at 0x7f72fb5b5140>,4,21,[1 6],5,68,89,63,68
1,<environment.Job instance at 0x7f72eff385a0>,6,20,[6 1],7,95,115,88,95
1,<environment.Job instance at 0x7f72efeded20>,0,13,[8 5],1,74,87,73,74
1,<environment.Job instance at 0x7f72b23204b0>,12,12,[1 7],13,110,122,97,110
1,<environment.Job instance at 0x7f72b232d870>,20,14,[2 7],21,224,238,203,224
1,<environment.Job instance at 0x7f72b21f4780>,4,18,[8 3],5,8,26,3,8
1,<environment.Job instance at 0x7f72b2305690>,15,13,[5 5],16,111,124,95,111
1,<environment.Job instance at 0x7f72b21ff730>,18,14,[7 5],19,156,170,137,156
1,<environment.Job instance at 0x7f72f06be4b0>,6,17,[10  3],7,8,25,1,8
1,<environment.Job instance at 0x7f72f0363d70>,9,17,[5 9],10,25,42,15,23
1,<environment.Job instance at 0x7f72efd231e0>,7,13,[7 4],8,9,22,1,9
1,<environment.Job instance at 0x7f72f09fb2d0>,17,14,[2 6],18,119,133,101,119
1,<environment.Job instance at 0x7f72f0a0c3c0>,27,20,[3 7],28,924,944,896,924
1,<environment.Job instance at 0x7f72f062ba00>,10,15,[10  1],11,40,55,29,40
1,<environment.Job instance at 0x7f72f062b690>,12,16,[6 5],13,56,72,43,56
1,<environment.Job instance at 0x7f72b2189280>,7,18,[8 3],8,49,67,41,49
1,<environment.Job instance at 0x7f72b21895a0>,5,16,[ 3 10],6,79,95,73,79
1,<environment.Job instance at 0x7f72fb728690>,19,20,[4 6],20,151,171,131,151
1,<environment.Job instance at 0x7f72f0a81a50>,23,14,[10  4],24,204,218,180,204
1,<environment.Job instance at 0x7f72effbd050>,27,18,[1 9],28,218,236,190,217
1,<environment.Job instance at 0x7f72efef76e0>,29,19,[9 1],30,221,240,191,221
1,<environment.Job instance at 0x7f72b27ba5f0>,34,27,[5 6],35,243,270,208,243
1,<environment.Job instance at 0x7f72f0295e10>,45,12,[3 5],46,379,391,333,379
1,<environment.Job instance at 0x7f72b266deb0>,7,14,[1 9],8,8,22,0,8
1,<environment.Job instance at 0x7f72f02f3aa0>,0,18,[3 9],1,37,55,36,37
1,<environment.Job instance at 0x7f72b219f1e0>,12,12,[1 6],13,55,67,42,45
1,<environment.Job instance at 0x7f72b219f3c0>,16,19,[6 2],17,61,80,44,61
1,<environment.Job instance at 0x7f72b229ce60>,12,16,[ 5 10],13,160,176,147,160
1,<environment.Job instance at 0x7f72b229cf00>,17,12,[10  2],18,2754,2766,2736,2754
1,<environment.Job instance at 0x7f72eff52eb0>,7,15,[6 1],8,50,65,42,50
1,<environment.Job instance at 0x7f72f0344af0>,12,12,[10  5],13,65,77,52,50
1,<environment.Job instance at 0x7f72f0b6e320>,1,17,[9 2],2,150,167,148,150
1,<environment.Job instance at 0x7f72f034fbe0>,9,13,[6 2],10,28,41,18,28
1,<environment.Job instance at 0x7f72b22bbfa0>,17,16,[2 7],18,154,170,136,154
1,<environment.Job instance at 0x7f72eff380f0>,6,15,[5 7],7,50,65,43,50
1,<environment.Job instance at 0x7f72efd65d70>,0,12,[9 4],1,78,90,77,78
1,<environment.Job instance at 0x7f72eff380a0>,16,18,[8 2],17,100,118,83,100
1,<environment.Job instance at 0x7f72f09bc050>,13,15,[ 3 10],14,229,244,215,229
1,<environment.Job instance at 0x7f72f017dd70>,8,17,[7 2],9,49,66,40,49
1,<environment.Job instance at 0x7f72f0093500>,11,18,[6 3],12,116,134,104,116
1,<environment.Job instance at 0x7f72f08afe60>,16,13,[5 5],17,134,147,117,118
1,<environment.Job instance at 0x7f72b25ce410>,2,16,[3 6],3,78,94,75,78
1,<environment.Job instance at 0x7f72b25416e0>,14,12,[2 7],15,641,653,626,641
1,<environment.Job instance at 0x7f72b2541780>,15,12,[5 6],16,653,665,637,641
1,<environment.Job instance at 0x7f72f0bc15a0>,1,13,[8 2],2,101,114,99,101
1,<environment.Job instance at 0x7f72efd76e60>,12,16,[4 8],13,114,130,101,106
1,<environment.Job instance at 0x7f72efef4960>,19,13,[5 6],20,189,202,169,189
1,<environment.Job instance at 0x7f72b2603a00>,15,16,[4 5],16,250,266,234,250
1,<environment.Job instance at 0x7f72b2181d20>,6,21,[5 2],7,7,28,0,7
1,<environment.Job instance at 0x7f72f04411e0>,11,13,[3 6],12,26,39,14,26
1,<environment.Job instance at 0x7f72f04417d0>,13,18,[3 6],14,53,71,39,53
1,<environment.Job instance at 0x7f72b229f5a0>,15,14,[10  1],16,78,92,62,78
1,<environment.Job instance at 0x7fa19fe3c5a0>,6,20,[6 1],7,94,114,87,94
1,<environment.Job instance at 0x7fa15a238d70>,8,12,[10  5],9,123,135,114,123
1,<environment.Job instance at 0x7fa1a2951a50>,3,15,[7 4],4,4,19,0,4
1,<environment.Job instance at 0x7fa1a25fcb90>,5,13,[1 7],6,21,34,15,21
1,<environment.Job instance at 0x7fa1a01df550>,5,14,[8 5],6,12,26,6,12
1,<environment.Job instance at 0x7fa15a466410>,8,15,[7 2],9,27,42,18,27
1,<environment.Job instance at 0x7fa15a71e5f0>,11,16,[4 6],12,79,95,67,79
1,<environment.Job instance at 0x7fa15a4470a0>,19,16,[ 3 10],20,142,158,122,142
1,<environment.Job instance at 0x7fa1a021d640>,10,14,[2 7],11,57,71,46,57
1,<environment.Job instance at 0x7fa1a0366910>,15,16,[6 1],16,118,134,102,118
1,<environment.Job instance at 0x7fa1a0366910>,6,17,[5 5],7,14,31,7,14
1,<environment.Job instance at 0x7fa1a0366870>,5,18,[ 2 10],6,31,49,25,22
1,<environment.Job instance at 0x7fa19fff3fa0>,7,14,[9 5],8,49,63,41,40
1,<environment.Job instance at 0x7fa19fff3fa0>,6,23,[2 7],7,8,31,1,8
1,<environment.Job instance at 0x7fa1a25dc050>,12,15,[4 7],13,77,92,64,77
1,<environment.Job instance at 0x7fa1a23f8730>,4,15,[2 5],5,5,20,0,5
1,<environment.Job instance at 0x7fa19fe175a0>,5,15,[7 2],6,6,21,0,6
1,<environment.Job instance at 0x7fa19fd15320>,10,14,[2 9],11,27,41,16,27
1,<environment.Job instance at 0x7fa15a4db690>,18,19,[2 6],19,161,180,142,161
1,<environment.Job instance at 0x7fa19fe5df50>,23,17,[2 8],24,269,286,245,269
1,<environment.Job instance at 0x7fa19ff3d2d0>,28,14,[1 7],29,286,300,257,272
1,<environment.Job instance at 0x7fa1a002d0f0>,34,18,[3 9],35,300,318,265,297
1,<environment.Job instance at 0x7fa159f1d550>,0,12,[2 5],1,56,68,55,56
1,<environment.Job instance at 0x7fa15a77bdc0>,7,13,[5 9],8,68,81,60,56
1,<environment.Job instance at 0x7fa15a49f550>,15,18,[1 8],16,104,122,88,104
1,<environment.Job instance at 0x7fa15a4371e0>,19,13,[6 2],20,176,189,156,176
1,<environment.Job instance at 0x7fa15a437910>,20,21,[2 5],21,176,197,155,176
1,<environment.Job instance at 0x7fa1a28ce190>,26,16,[2 6],27,226,242,199,226
1,<environment.Job instance at 0x7fa1a28ce9b0>,29,12,[5 6],30,267,279,237,267
1,<environment.Job instance at 0x7fa19fccfb40>,32,17,[5 1],33,279,296,246,279
1,<environment.Job instance at 0x7fa19fccf050>,34,15,[9 5],35,304,319,269,304
1,<environment.Job instance at 0x7fa1a02dd280>,37,14,[3 8],38,336,350,298,336
1,<environment.Job instance at 0x7fa19fd32f50>,4,12,[10  3],5,11,23,6,11
1,<environment.Job instance at 0x7fa1a00c37d0>,10,19,[10  1],11,28,47,17,28
1,<environment.Job instance at 0x7fa19fed9dc0>,17,18,[8 1],18,135,153,117,135
1,<environment.Job instance at 0x7fa15a3b2be0>,12,18,[1 5],13,181,199,168,181
1,<environment.Job instance at 0x7fa15a0fdcd0>,2,15,[3 8],3,3,18,0,3
1,<environment.Job instance at 0x7fa15a7f4be0>,6,13,[2 8],7,27,40,20,27
1,<environment.Job instance at 0x7fa15a7f4500>,9,14,[1 5],10,48,62,38,48
1,<environment.Job instance at 0x7fa1a03084b0>,11,15,[4 8],12,101,116,89,101
1,<environment.Job instance at 0x7fa1a0308410>,10,16,[ 1 10],11,182,198,171,182
1,<environment.Job instance at 0x7fa1a2964640>,4,13,[3 5],5,5,18,0,5
1,<environment.Job instance at 0x7fa1a003beb0>,5,19,[4 8],6,18,37,12,10
1,<environment.Job instance at 0x7fa1a296acd0>,9,18,[3 6],10,37,55,27,26
1,<environment.Job instance at 0x7fa159fa28c0>,10,14,[3 5],11,65,79,54,65
1,<environment.Job instance at 0x7fa159fa20f0>,2,21,[5 1],3,3,24,0,3
1,<environment.Job instance at 0x7fa19fc01370>,4,14,[9 5],5,24,38,19,18
1,<environment.Job instance at 0x7fa1a2875c30>,9,20,[8 3],10,38,58,28,30
1,<environment.Job instance at 0x7fa1a2890190>,16,15,[5 6],17,110,125,93,110
1,<environment.Job instance at 0x7fa1a28900a0>,22,17,[10  3],23,234,251,211,234
1,<environment.Job instance at 0x7fa1a28906e0>,25,12,[2 8],26,251,263,225,234
1,<environment.Job instance at 0x7fa1a28907d0>,24,17,[ 2 10],25,266,283,241,266
1,<environment.Job instance at 0x7fa1a29758c0>,5,17,[5 1],6,6,23,0,6
1,<environment.Job instance at 0x7fa15a34ea50>,5,14,[9 1],6,8,22,2,8
1,<environment.Job instance at 0x7fa1a2390b90>,11,13,[3 6],12,29,42,17,29
1,<environment.Job instance at 0x7fa1a23906e0>,15,14,[10  1],16,74,88,58,74
1,<environment.Job instance at 0x7fa15a20edc0>,0,16,[4 8],1,23,39,22,23
1,<environment.Job instance at 0x7fa1a293b140>,7,18,[1 5],8,47,65,39,47
1,<environment.Job instance at 0x7fa19ff034b0>,10,13,[8 5],11,47,60,36,47
1,<environment.Job instance at 0x7fa15a37b730>,11,15,[2 7],12,75,90,63,75
1,<environment.Job instance at 0x7fa19ff00a00>,17,17,[8 4],18,117,134,99,117
1,<environment.Job instance at 0x7fa15a37b050>,9,16,[4 9],10,214,230,204,214
1,<environment.Job instance at 0x7fa1a283c230>,23,12,[7 2],24,230,242,206,214
1,<environment.Job instance at 0x7f149e720550>,0,17,[6 1],1,67,84,66,67
1,<environment.Job instance at 0x7f149d5c7d20>,10,15,[5 1],11,84,99,73,70
1,<environment.Job instance at 0x7f149e66bcd0>,4,13,[7 3],5,5,18,0,5
1,<environment.Job instance at 0x7f149e66bbe0>,9,19,[1 7],10,18,37,8,18
1,<environment.Job instance at 0x7f145f8f2910>,4,16,[1 9],5,28,44,23,28
1,<environment.Job instance at 0x7f145f954a50>,6,16,[7 5],7,44,60,37,31
1,<environment.Job instance at 0x7f145f954e60>,5,19,[ 1 10],6,102,121,96,102
1,<environment.Job instance at 0x7f145f954be0>,13,12,[1 6],14,121,133,107,104
1,<environment.Job instance at 0x7f145f954230>,18,15,[ 4 10],19,133,148,114,122
1,<environment.Job instance at 0x7f145f954e10>,22,18,[7 4],23,168,186,145,168
1,<environment.Job instance at 0x7f145feea050>,2,12,[1 5],3,174,186,171,174
1,<environment.Job instance at 0x7f145fd895a0>,21,14,[ 5 10],22,222,236,200,222
1,<environment.Job instance at 0x7f145fd899b0>,23,13,[5 7],24,236,249,212,224
1,<environment.Job instance at 0x7f145f811320>,3,15,[6 1],4,5,20,1,5
1,<environment.Job instance at 0x7f145ff6f8c0>,10,20,[ 2 10],11,50,70,39,50
1,<environment.Job instance at 0x7f149e06b6e0>,10,27,[3 9],11,78,105,67,78
1,<environment.Job instance at 0x7f149e06b140>,14,27,[1 5],15,129,156,114,129
1,<environment.Job instance at 0x7f149e06b190>,18,13,[6 4],19,129,142,110,129
1,<environment.Job instance at 0x7f149e4791e0>,21,16,[6 3],22,142,158,120,135
1,<environment.Job instance at 0x7f149dbb61e0>,25,13,[8 3],26,205,218,179,205
1,<environment.Job instance at 0x7f145fea4dc0>,28,17,[8 4],29,225,242,196,225
1,<environment.Job instance at 0x7f145fea4960>,29,15,[3 6],30,242,257,212,228
1,<environment.Job instance at 0x7f145fea45f0>,32,15,[5 8],33,257,272,224,245
1,<environment.Job instance at 0x7f145f9f04b0>,4,18,[1 7],5,7,25,2,7
1,<environment.Job instance at 0x7f145ff70b90>,5,25,[5 2],6,8,33,2,8
1,<environment.Job instance at 0x7f145fb7f410>,9,12,[6 4],10,33,45,23,19
1,<environment.Job instance at 0x7f145fc5b2d0>,19,22,[2 5],20,146,168,126,146
1,<environment.Job instance at 0x7f145fc3ce60>,25,13,[5 5],26,218,231,192,218
1,<environment.Job instance at 0x7f145fd82370>,26,20,[7 1],27,231,251,204,222
1,<environment.Job instance at 0x7f145fd83a50>,35,17,[7 4],36,346,363,310,346
1,<environment.Job instance at 0x7f145fd83e10>,39,13,[1 7],40,394,407,354,394
1,<environment.Job instance at 0x7f149d942320>,5,13,[5 6],6,27,40,21,27
1,<environment.Job instance at 0x7f149dd2c910>,7,14,[8 4],8,11,25,3,11
1,<environment.Job instance at 0x7f149dd2c410>,6,15,[2 6],7,46,61,39,46
1,<environment.Job instance at 0x7f149e0c97d0>,12,13,[10  4],13,61,74,48,46
1,<environment.Job instance at 0x7f149e0c9910>,17,15,[ 4 10],18,74,89,56,67
1,<environment.Job instance at 0x7f149dafbfa0>,14,13,[5 5],15,142,155,127,142
1,<environment.Job instance at 0x7f149e240be0>,16,18,[6 3],17,161,179,144,161
1,<environment.Job instance at 0x7f149c3d0640>,20,14,[9 5],21,201,215,180,201
1,<environment.Job instance at 0x7f145f6a5500>,25,26,[7 1],26,276,302,250,276
1,<environment.Job instance at 0x7f149c3827d0>,29,14,[7 2],30,302,316,272,291
1,<environment.Job instance at 0x7f149c382b90>,3,14,[10  3],4,47,61,43,47
1,<environment.Job instance at 0x7f145f99fe60>,10,13,[4 5],11,61,74,50,47
1,<environment.Job instance at 0x7f145f996190>,12,16,[1 5],13,69,85,56,69
1,<environment.Job instance at 0x7f145f99ff50>,9,14,[ 3 10],10,85,99,75,71
1,<environment.Job instance at 0x7f149ddcacd0>,4,18,[4 7],5,105,123,100,105
1,<environment.Job instance at 0x7f145f996550>,18,13,[10  1],19,124,137,105,124
1,<environment.Job instance at 0x7f149e2ed9b0>,8,14,[5 8],9,57,71,48,57
1,<environment.Job instance at 0x7f149e2ed4b0>,16,15,[6 1],17,163,178,146,163
1,<environment.Job instance at 0x7f145fcff050>,2,12,[7 2],3,3,15,0,3
1,<environment.Job instance at 0x7f145fe5bb40>,5,18,[6 4],6,6,24,0,6
1,<environment.Job instance at 0x7f145fa400f0>,9,15,[9 2],10,94,109,84,94
1,<environment.Job instance at 0x7f145fa40aa0>,13,16,[6 2],14,109,125,95,96
1,<environment.Job instance at 0x7f149e0ce690>,4,14,[4 8],5,43,57,38,43
1,<environment.Job instance at 0x7f145f9f0af0>,2,19,[2 5],3,6,25,3,6
1,<environment.Job instance at 0x7fba6e2e7550>,0,17,[6 1],1,67,84,66,67
1,<environment.Job instance at 0x7fba6d18ad20>,10,15,[5 1],11,84,99,73,70
1,<environment.Job instance at 0x7fba6d18adc0>,11,15,[6 1],12,99,114,87,91
1,<environment.Job instance at 0x7fba6d18d1e0>,3,12,[5 3],4,24,36,20,24
1,<environment.Job instance at 0x7fba6e312370>,10,15,[8 4],11,36,51,25,24
1,<environment.Job instance at 0x7fba6e3127d0>,11,14,[4 9],12,52,66,40,52
1,<environment.Job instance at 0x7fba6e312c80>,8,12,[7 1],9,66,78,57,53
1,<environment.Job instance at 0x7fba6e312be0>,18,16,[8 1],19,78,94,59,65
1,<environment.Job instance at 0x7fba6e312230>,21,19,[5 5],22,94,113,72,84
1,<environment.Job instance at 0x7fba6e3126e0>,17,13,[10  1],18,113,126,95,97
1,<environment.Job instance at 0x7fba6e45deb0>,28,18,[7 1],29,126,144,97,118
1,<environment.Job instance at 0x7fba6e45da50>,24,18,[ 3 10],25,144,162,119,134
1,<environment.Job instance at 0x7fba6e457d70>,37,18,[2 6],38,171,189,133,171
1,<environment.Job instance at 0x7fba231b48c0>,3,26,[5 2],4,4,30,0,4
1,<environment.Job instance at 0x7fba231d3d20>,5,21,[10  1],6,30,51,24,27
1,<environment.Job instance at 0x7fba232aeb90>,0,13,[2 7],1,6,19,5,6
1,<environment.Job instance at 0x7fba235c5fa0>,6,13,[4 5],7,19,32,12,7
1,<environment.Job instance at 0x7fba235c5f50>,12,13,[3 5],13,57,70,44,57
1,<environment.Job instance at 0x7fba235cb640>,4,18,[1 7],5,10,28,5,10
1,<environment.Job instance at 0x7fba233fa7d0>,12,24,[6 4],13,119,143,106,119
1,<environment.Job instance at 0x7fba6d2951e0>,27,19,[3 8],28,325,344,297,325
1,<environment.Job instance at 0x7fba6d8d4af0>,29,13,[1 7],30,344,357,314,328
1,<environment.Job instance at 0x7fba2308b550>,9,13,[6 2],10,107,120,97,107
1,<environment.Job instance at 0x7fba2308b690>,11,12,[7 5],12,127,139,115,127
1,<environment.Job instance at 0x7fba2308b870>,14,15,[2 6],15,139,154,124,127
1,<environment.Job instance at 0x7fba6d0c7c30>,9,12,[5 5],10,79,91,69,79
1,<environment.Job instance at 0x7fba6d62e410>,5,19,[5 7],6,8,27,2,8
1,<environment.Job instance at 0x7fba235f4aa0>,10,15,[2 7],11,39,54,28,39
1,<environment.Job instance at 0x7fba23440c30>,8,14,[5 8],9,92,106,83,92
1,<environment.Job instance at 0x7fba6db59230>,3,12,[9 1],4,20,32,16,20
1,<environment.Job instance at 0x7fba6dbb2b90>,5,17,[10  1],6,71,88,65,71
1,<environment.Job instance at 0x7fba6dbb2050>,12,16,[5 4],13,116,132,103,116
1,<environment.Job instance at 0x7fba6d143370>,9,26,[5 5],10,25,51,15,25
1,<environment.Job instance at 0x7fba6dab2460>,17,16,[5 2],18,148,164,130,148
1,<environment.Job instance at 0x7fba6d81a550>,4,16,[1 6],5,144,160,139,144
1,<environment.Job instance at 0x7fba6dce1190>,8,14,[5 2],9,144,158,135,144
1,<environment.Job instance at 0x7fba6dce1730>,11,15,[6 3],12,167,182,155,167
1,<environment.Job instance at 0x7fba6dce1690>,12,16,[9 3],13,212,228,199,212
1,<environment.Job instance at 0x7fba6d7223c0>,20,16,[6 3],21,1649,1665,1628,1649
1,<environment.Job instance at 0x7fba22fb9fa0>,4,14,[4 8],5,22,36,17,22
1,<environment.Job instance at 0x7fba22ebfe10>,8,13,[4 5],9,43,56,34,43
1,<environment.Job instance at 0x7fba22ebfe10>,2,16,[6 3],3,5,21,2,5
1,<environment.Job instance at 0x7fba2337a320>,12,14,[8 4],13,35,49,22,35
1,<environment.Job instance at 0x7fba2337a460>,13,23,[1 5],14,35,58,21,35
1,<environment.Job instance at 0x7fba2337a280>,11,13,[9 3],12,49,62,37,40
1,<environment.Job instance at 0x7fba6da275f0>,8,14,[5 7],9,112,126,103,112
1,<environment.Job instance at 0x7fba6da27f00>,12,13,[9 3],13,126,139,113,112
1,<environment.Job instance at 0x7fba23371140>,12,16,[4 6],13,153,169,140,153
1,<environment.Job instance at 0x7fba23371230>,11,16,[8 3],12,214,230,202,214
1,<environment.Job instance at 0x7fba6dadd500>,20,16,[3 7],21,230,246,209,221
1,<environment.Job instance at 0x7fba22e42d20>,22,14,[5 7],23,246,260,223,232
1,<environment.Job instance at 0x7fba22e42c80>,26,14,[1 6],27,260,274,233,250
1,<environment.Job instance at 0x7f6bb4e87190>,0,17,[6 1],1,67,84,66,67
1,<environment.Job instance at 0x7f6bada785a0>,10,15,[5 1],11,84,99,73,70
1,<environment.Job instance at 0x7f6bada78780>,13,13,[10  3],14,99,112,85,95
1,<environment.Job instance at 0x7f6bb4ff4370>,5,17,[7 1],6,9,26,3,9
1,<environment.Job instance at 0x7f6bb4ff40a0>,8,16,[8 1],9,26,42,17,13
1,<environment.Job instance at 0x7f6bb4ff9b90>,12,14,[8 5],13,42,56,29,29
1,<environment.Job instance at 0x7f6bb4eaf2d0>,18,18,[7 1],19,56,74,37,50
1,<environment.Job instance at 0x7f6bb4eafa50>,19,16,[4 9],20,74,90,54,66
1,<environment.Job instance at 0x7f6bb4ff9410>,14,18,[ 3 10],15,90,108,75,81
1,<environment.Job instance at 0x7f6bb4eaf140>,26,16,[8 4],27,114,130,87,114
1,<environment.Job instance at 0x7f6bb4eaf6e0>,27,18,[2 6],28,219,237,191,219
1,<environment.Job instance at 0x7f6bb4eb1e60>,34,16,[1 9],35,244,260,209,244
1,<environment.Job instance at 0x7f6bb4eae320>,39,18,[1 9],40,285,303,245,285
1,<environment.Job instance at 0x7f6bb4eae4b0>,1,13,[1 8],2,7,20,5,7
1,<environment.Job instance at 0x7f6b69d74e60>,15,17,[5 8],16,124,141,108,124
1,<environment.Job instance at 0x7f6b69ef5b40>,4,13,[2 5],5,6,19,1,6
1,<environment.Job instance at 0x7f6b6a160690>,10,13,[8 4],11,81,94,70,81
1,<environment.Job instance at 0x7f6b69e0e460>,2,15,[5 8],3,110,125,107,110
1,<environment.Job instance at 0x7f6b6a16d370>,18,12,[5 8],19,178,190,159,178
1,<environment.Job instance at 0x7f6b6a16d410>,19,13,[5 1],20,178,191,158,178
1,<environment.Job instance at 0x7f6b6a16d4b0>,20,12,[5 5],21,190,202,169,179
1,<environment.Job instance at 0x7f6b6a16d730>,24,18,[1 7],25,218,236,193,218
1,<environment.Job instance at 0x7f6bad8f53c0>,5,25,[5 2],6,8,33,2,8
1,<environment.Job instance at 0x7f6bad8f5500>,9,12,[6 4],10,33,45,23,19
1,<environment.Job instance at 0x7f6bad8f5050>,18,16,[5 2],19,126,142,107,126
1,<environment.Job instance at 0x7f6bb491b0a0>,25,13,[5 5],26,219,232,193,219
1,<environment.Job instance at 0x7f6bb491bdc0>,26,20,[7 1],27,232,252,205,223
1,<environment.Job instance at 0x7f6badc2f780>,35,17,[7 4],36,356,373,320,356
1,<environment.Job instance at 0x7f6badc2f320>,37,19,[3 8],38,375,394,337,375
1,<environment.Job instance at 0x7f6badc2f190>,39,13,[1 7],40,396,409,356,396
1,<environment.Job instance at 0x7f6b6a2761e0>,11,12,[7 5],12,118,130,106,118
1,<environment.Job instance at 0x7f6b69f108c0>,14,15,[2 6],15,130,145,115,120
1,<environment.Job instance at 0x7f6b69f10a00>,15,17,[10  4],16,168,185,152,168
1,<environment.Job instance at 0x7f6b6a042e10>,5,16,[1 9],6,94,110,88,94
1,<environment.Job instance at 0x7f6b69d39a00>,4,16,[4 6],5,121,137,116,121
1,<environment.Job instance at 0x7f6bada17500>,1,17,[5 4],2,167,184,165,167
1,<environment.Job instance at 0x7f6b6a0793c0>,24,13,[5 5],25,294,307,269,294
1,<environment.Job instance at 0x7f6b6a0794b0>,26,18,[6 3],27,307,325,280,306
1,<environment.Job instance at 0x7f6b6a079960>,33,19,[7 5],34,385,404,351,385
1,<environment.Job instance at 0x7f6b6a079b40>,36,21,[8 4],37,410,431,373,410
1,<environment.Job instance at 0x7f6bb4503b40>,3,18,[4 9],4,129,147,125,129
1,<environment.Job instance at 0x7f6bb45bcb90>,14,18,[ 1 10],15,202,220,187,202
1,<environment.Job instance at 0x7f6badcddeb0>,27,16,[2 8],28,323,339,295,323
1,<environment.Job instance at 0x7f6bb47af640>,5,18,[3 7],6,43,61,37,43
1,<environment.Job instance at 0x7f6b69d30960>,10,17,[5 2],11,43,60,32,43
1,<environment.Job instance at 0x7f6b69caebe0>,12,12,[6 2],13,60,72,47,43
1,<environment.Job instance at 0x7f6bb47930a0>,15,16,[6 2],16,72,88,56,65
1,<environment.Job instance at 0x7f6bb43a4190>,0,15,[5 5],1,7,22,6,7
1,<environment.Job instance at 0x7f6bad9e6460>,11,13,[5 6],12,74,87,62,74
1,<environment.Job instance at 0x7f6badf1e550>,4,13,[4 5],5,192,205,187,192
1,<environment.Job instance at 0x7f6bb47cff00>,22,16,[9 3],23,217,233,194,217
1,<environment.Job instance at 0x7f6bb47cf960>,27,17,[ 1 10],28,299,316,271,299
1,<environment.Job instance at 0x7f6bb42e01e0>,0,18,[7 4],1,53,71,52,53
1,<environment.Job instance at 0x7f6bb4877a00>,8,19,[6 5],9,48,67,39,48
1,<environment.Job instance at 0x7f6bb4877be0>,11,15,[2 7],12,75,90,63,75
1,<environment.Job instance at 0x7f6bad8b7820>,1,14,[10  4],2,90,104,88,78
1,<environment.Job instance at 0x7f6bb4849dc0>,0,15,[9 1],1,5,20,4,5
1,<environment.Job instance at 0x7f6b6a333460>,11,13,[5 2],12,124,137,112,124
1,<environment.Job instance at 0x7f6b6a3339b0>,17,19,[ 4 10],18,140,159,122,140
1,<environment.Job instance at 0x7f6b6a3ae0f0>,20,18,[10  1],21,159,177,138,158
1,<environment.Job instance at 0x7f6b69a7bf00>,3,18,[6 4],4,4,22,0,4
1,<environment.Job instance at 0x7f6b69af2780>,7,12,[3 8],8,22,34,14,8
1,<environment.Job instance at 0x7f6bb46ef0a0>,9,18,[2 5],10,42,60,32,42
1,<environment.Job instance at 0x7f6bb46efc30>,13,26,[3 8],14,85,111,71,85
1,<environment.Job instance at 0x7f6b69a5c140>,3,15,[2 7],4,66,81,62,66
1,<environment.Job instance at 0x7f6badbc63c0>,15,19,[3 8],16,188,207,172,188
1,<environment.Job instance at 0x7f6b69f7ed70>,3,16,[7 4],4,25,41,21,25
1,<environment.Job instance at 0x7f6b69f7a370>,14,14,[3 5],15,173,187,158,173
1,<environment.Job instance at 0x7f6b6a244eb0>,28,16,[4 8],29,397,413,368,397
1,<environment.Job instance at 0x7f6b69c0aeb0>,2,18,[9 2],3,4,22,1,4
1,<environment.Job instance at 0x7f6bad91c550>,0,17,[10  3],1,22,39,21,19
1,<environment.Job instance at 0x7f194aaea280>,0,17,[6 1],1,67,84,66,67
1,<environment.Job instance at 0x7f194998b5a0>,10,15,[5 1],11,84,99,73,70
1,<environment.Job instance at 0x7f194998b780>,13,13,[10  3],14,99,112,85,95
1,<environment.Job instance at 0x7f194ab11690>,8,18,[7 1],9,23,41,14,23
1,<environment.Job instance at 0x7f194ab11be0>,6,15,[1 7],7,24,39,17,24
1,<environment.Job instance at 0x7f194ac5f6e0>,12,15,[9 1],13,45,60,32,45
1,<environment.Job instance at 0x7f194ab140a0>,16,16,[8 4],17,89,105,72,89
1,<environment.Job instance at 0x7f194ab14e60>,17,18,[2 6],18,194,212,176,194
1,<environment.Job instance at 0x7f194ab11460>,4,18,[ 3 10],5,233,251,228,233
1,<environment.Job instance at 0x7f194ab129b0>,33,12,[1 6],34,314,326,280,314
1,<environment.Job instance at 0x7f194ab12a50>,34,17,[5 1],35,314,331,279,314
1,<environment.Job instance at 0x7f18ffab5dc0>,12,17,[4 7],13,70,87,57,70
1,<environment.Job instance at 0x7f18ffa990f0>,0,13,[2 7],1,6,19,5,6
1,<environment.Job instance at 0x7f18ffe8b0f0>,5,13,[9 2],6,19,32,13,7
1,<environment.Job instance at 0x7f18ffe8b0a0>,12,13,[3 5],13,33,46,20,33
1,<environment.Job instance at 0x7f18ffdcd320>,14,12,[2 7],15,143,155,128,143
1,<environment.Job instance at 0x7f18ffe6afa0>,4,16,[ 4 10],5,269,285,264,269
1,<environment.Job instance at 0x7f18ffddb370>,24,17,[7 1],25,310,327,285,310
1,<environment.Job instance at 0x7f1949ed8e60>,5,13,[5 6],6,27,40,21,27
1,<environment.Job instance at 0x7f1949fe29b0>,9,12,[5 5],10,89,101,79,89
1,<environment.Job instance at 0x7f194a12c910>,11,17,[5 4],12,114,131,102,114
1,<environment.Job instance at 0x7f18ffc1ee10>,8,13,[10  1],9,127,140,118,127
1,<environment.Job instance at 0x7f194a3a64b0>,14,18,[ 1 10],15,140,158,125,129
1,<environment.Job instance at 0x7f18fff7ba50>,3,18,[4 9],4,202,220,198,202
1,<environment.Job instance at 0x7f194a3a6d20>,27,16,[2 8],28,323,339,295,323
1,<environment.Job instance at 0x7f18ffe87b40>,5,16,[6 2],6,6,22,0,6
1,<environment.Job instance at 0x7f18ffc9a870>,6,16,[8 2],7,22,38,15,10
1,<environment.Job instance at 0x7f18ffc275f0>,1,18,[4 9],2,38,56,36,27
1,<environment.Job instance at 0x7f1949f62550>,15,18,[ 2 10],16,56,74,40,52
1,<environment.Job instance at 0x7f194a06c320>,18,12,[6 4],19,165,177,146,165
1,<environment.Job instance at 0x7f1949fdafa0>,24,18,[5 8],25,445,463,420,445
1,<environment.Job instance at 0x7f194a096690>,6,14,[7 3],7,68,82,61,68
1,<environment.Job instance at 0x7f194a4e3500>,6,16,[1 8],7,7,23,0,7
1,<environment.Job instance at 0x7f18ff8d4be0>,1,16,[3 9],2,23,39,21,11
1,<environment.Job instance at 0x7f1949b36eb0>,2,16,[6 3],3,4,20,1,4
1,<environment.Job instance at 0x7f194ac52550>,11,13,[9 3],12,65,78,53,65
1,<environment.Job instance at 0x7f19496f0640>,16,16,[7 5],17,78,94,61,65
1,<environment.Job instance at 0x7f19496f0640>,4,15,[5 5],5,5,20,0,5
1,<environment.Job instance at 0x7f1900022a50>,2,17,[6 5],3,16,33,13,16
1,<environment.Job instance at 0x7f18ff6ab370>,5,19,[3 8],6,84,103,78,84
1,<environment.Job instance at 0x7f1949fb48c0>,13,18,[4 5],14,140,158,126,140
1,<environment.Job instance at 0x7f1949fb43c0>,15,13,[4 6],16,165,178,149,165
1,<environment.Job instance at 0x7f18ff866320>,14,18,[7 4],15,271,289,256,271
1,<environment.Job instance at 0x7f18ff897190>,18,15,[1 5],19,271,286,252,271
1,<environment.Job instance at 0x7f18ff860050>,26,17,[10  5],27,334,351,307,334
1,<environment.Job instance at 0x7f18ffdb2eb0>,7,14,[ 3 10],8,127,141,119,127
1,<environment.Job instance at 0x7f18ffa2a7d0>,6,24,[5 6],7,23,47,16,23
1,<environment.Job instance at 0x7f18ffa2a820>,13,12,[4 8],14,47,59,33,45
1,<environment.Job instance at 0x7f18ffa2aaa0>,4,17,[5 9],5,80,97,75,80
1,<environment.Job instance at 0x7f19498e8910>,21,18,[6 5],22,136,154,114,136
1,<environment.Job instance at 0x7f19498e8870>,20,12,[5 7],21,154,166,133,141
1,<environment.Job instance at 0x7f19498e8a00>,23,13,[10  5],24,178,191,154,178
1,<environment.Job instance at 0x7f19498e8960>,25,16,[5 8],26,191,207,165,182
1,<environment.Job instance at 0x7f19498e8460>,29,14,[6 2],30,207,221,177,192
1,<environment.Job instance at 0x7f19499ef5f0>,33,12,[5 5],34,241,253,207,241
1,<environment.Job instance at 0x7f18ffea39b0>,34,16,[4 6],35,253,269,218,242
1,<environment.Job instance at 0x7f18ffcc8d20>,9,18,[5 5],10,70,88,60,70
1,<environment.Job instance at 0x7f18ffcc35f0>,6,16,[8 1],7,88,104,81,75
1,<environment.Job instance at 0x7f1f625d4280>,0,17,[6 1],1,67,84,66,67
1,<environment.Job instance at 0x7f1f614755a0>,10,15,[5 1],11,84,99,73,70
1,<environment.Job instance at 0x7f1f61475780>,13,13,[10  3],14,119,132,105,119
1,<environment.Job instance at 0x7f1f62746780>,6,16,[8 4],7,169,185,162,169
1,<environment.Job instance at 0x7f1f6273a4b0>,16,16,[7 5],17,185,201,168,172
1,<environment.Job instance at 0x7f1f62749320>,15,19,[ 1 10],16,225,244,209,225
1,<environment.Job instance at 0x7f1f6273a5a0>,19,18,[1 9],20,244,262,224,243
1,<environment.Job instance at 0x7f1f6273a6e0>,23,12,[1 6],24,262,274,238,245
1,<environment.Job instance at 0x7f1f627477d0>,26,17,[5 5],27,274,291,247,265
1,<environment.Job instance at 0x7f1f62747e10>,28,15,[ 4 10],29,291,306,262,290
1,<environment.Job instance at 0x7f1f174224b0>,5,13,[8 3],6,6,19,0,6
1,<environment.Job instance at 0x7f1f17422dc0>,8,17,[8 4],9,19,36,10,12
1,<environment.Job instance at 0x7f1f174229b0>,13,20,[ 4 10],14,36,56,22,27
1,<environment.Job instance at 0x7f1f178768c0>,16,17,[ 5 10],17,57,74,40,57
1,<environment.Job instance at 0x7f1f175f3f00>,20,13,[8 4],21,130,143,109,130
1,<environment.Job instance at 0x7f1f178b79b0>,8,16,[5 2],9,42,58,33,42
1,<environment.Job instance at 0x7f1f178bc1e0>,10,12,[ 1 10],11,58,70,47,43
1,<environment.Job instance at 0x7f1f178bc5a0>,16,20,[7 1],17,169,189,152,169
1,<environment.Job instance at 0x7f1f178bc8c0>,21,20,[5 5],22,266,286,244,266
1,<environment.Job instance at 0x7f1f178bcb40>,25,17,[7 4],26,315,332,289,315
1,<environment.Job instance at 0x7f1f178bce10>,29,13,[1 7],30,332,345,302,316
1,<environment.Job instance at 0x7f1f178bcf00>,32,18,[10  5],33,362,380,329,362
1,<environment.Job instance at 0x7f1f62134280>,7,14,[8 4],8,8,22,0,8
1,<environment.Job instance at 0x7f1f62134a00>,12,13,[10  4],13,65,78,52,65
1,<environment.Job instance at 0x7f1f621a5960>,2,18,[2 5],3,19,37,16,19
1,<environment.Job instance at 0x7f1f17a8ee60>,10,15,[2 7],11,59,74,48,59
1,<environment.Job instance at 0x7f1f17a8ed20>,11,16,[6 1],12,59,75,47,59
1,<environment.Job instance at 0x7f1f6142e230>,5,18,[3 7],6,24,42,18,24
1,<environment.Job instance at 0x7f1f6142e640>,10,17,[5 2],11,24,41,13,24
1,<environment.Job instance at 0x7f1f6142e6e0>,11,18,[4 9],12,42,60,30,31
1,<environment.Job instance at 0x7f1f6142e960>,15,16,[6 2],16,60,76,44,50
1,<environment.Job instance at 0x7f1f17ae2230>,7,19,[1 8],8,9,28,1,9
1,<environment.Job instance at 0x7f1f61af7f00>,9,17,[8 3],10,28,45,18,17
1,<environment.Job instance at 0x7f1f61f42a00>,12,13,[10  5],13,45,58,32,30
1,<environment.Job instance at 0x7f1f61f42820>,4,14,[4 8],5,9,23,4,9
1,<environment.Job instance at 0x7f1f173dcd70>,8,13,[4 5],9,44,57,35,44
1,<environment.Job instance at 0x7f1f615c57d0>,4,18,[6 3],5,27,45,22,27
1,<environment.Job instance at 0x7f1f17829a00>,10,18,[10  1],11,48,66,37,48
1,<environment.Job instance at 0x7f1f61a993c0>,8,14,[5 7],9,45,59,36,45
1,<environment.Job instance at 0x7f1f61a99d70>,12,13,[9 3],13,112,125,99,112
1,<environment.Job instance at 0x7f1f61ac9cd0>,12,16,[1 8],13,127,143,114,127
1,<environment.Job instance at 0x7f1f61ad7fa0>,13,12,[3 7],14,143,155,129,127
1,<environment.Job instance at 0x7f1f61aef7d0>,14,20,[ 1 10],15,155,175,140,146
1,<environment.Job instance at 0x7f1f179515f0>,3,16,[7 4],4,31,47,27,31
1,<environment.Job instance at 0x7f1f61c345f0>,23,13,[7 3],24,346,359,322,346
1,<environment.Job instance at 0x7f1f612fd1e0>,28,16,[4 8],29,422,438,393,422
1,<environment.Job instance at 0x7f1f6181d640>,32,28,[5 4],33,1957,1985,1924,1957
1,<environment.Job instance at 0x7f1f177b6dc0>,38,15,[1 5],39,2041,2056,2002,2041
1,<environment.Job instance at 0x7f1f61fa0230>,9,13,[8 2],10,218,231,208,218
1,<environment.Job instance at 0x7f1f618cca00>,10,12,[5 9],11,90,102,79,90
1,<environment.Job instance at 0x7f1f611e4b90>,5,18,[6 1],6,102,120,96,91
1,<environment.Job instance at 0x7f1f618cc6e0>,13,12,[4 8],14,102,114,88,93
1,<environment.Job instance at 0x7f1f618c80f0>,20,12,[5 7],21,178,190,157,178
1,<environment.Job instance at 0x7f1f618c82d0>,22,17,[8 5],23,190,207,167,179
1,<environment.Job instance at 0x7f1f618c8190>,21,18,[6 5],22,207,225,185,196
1,<environment.Job instance at 0x7f1f618c8d70>,27,12,[3 5],28,207,219,179,197
1,<environment.Job instance at 0x7f1f618d76e0>,33,12,[5 5],34,268,280,234,268
1,<environment.Job instance at 0x7f1f61481280>,7,15,[4 9],8,280,295,272,269
1,<environment.Job instance at 0x7f1f618c0a00>,37,14,[5 4],38,295,309,257,289
1,<environment.Job instance at 0x7f1f616f6e60>,5,18,[1 7],6,57,75,51,57
1,<environment.Job instance at 0x7f1f17af5f50>,24,17,[5 3],25,196,213,171,196
1,<environment.Job instance at 0x7f1f17af5910>,26,12,[5 7],27,196,208,169,196
1,<environment.Job instance at 0x7f1f613ae0a0>,6,12,[9 1],7,8,20,1,8
1,<environment.Job instance at 0x7f1f172ca6e0>,7,12,[ 5 10],8,20,32,12,8
1,<environment.Job instance at 0x7f586161f1e0>,0,17,[6 1],1,2,19,1,2
1,<environment.Job instance at 0x7f585c2105f0>,10,15,[5 1],11,70,85,59,70
1,<environment.Job instance at 0x7f585c2107d0>,13,13,[10  3],14,106,119,92,106
1,<environment.Job instance at 0x7f5861792690>,4,16,[1 9],5,28,44,23,28
1,<environment.Job instance at 0x7f5861792cd0>,6,16,[7 5],7,44,60,37,32
1,<environment.Job instance at 0x7f5861792190>,5,19,[ 1 10],6,102,121,96,102
1,<environment.Job instance at 0x7f586178ab90>,16,17,[5 5],17,121,138,104,109
1,<environment.Job instance at 0x7f5861791370>,22,18,[7 4],23,168,186,145,168
1,<environment.Job instance at 0x7f5861791870>,4,18,[5 4],5,5,23,0,5
1,<environment.Job instance at 0x7f58165a1eb0>,10,20,[ 2 10],11,50,70,39,50
1,<environment.Job instance at 0x7f58165a1af0>,4,18,[1 7],5,6,24,1,6
1,<environment.Job instance at 0x7f5816913410>,5,13,[5 6],6,27,40,21,27
1,<environment.Job instance at 0x7f5860ead1e0>,0,15,[3 5],1,75,90,74,75
1,<environment.Job instance at 0x7f5860ac4190>,17,16,[9 4],18,165,181,147,165
1,<environment.Job instance at 0x7f58168b45f0>,29,14,[7 2],30,314,328,284,314
1,<environment.Job instance at 0x7f585c65d690>,0,14,[5 1],1,6,20,5,6
1,<environment.Job instance at 0x7f5816697e60>,4,14,[8 4],5,20,34,15,10
1,<environment.Job instance at 0x7f58169604b0>,14,19,[3 6],15,123,142,108,123
1,<environment.Job instance at 0x7f5860d61e60>,16,15,[6 1],17,147,162,130,147
1,<environment.Job instance at 0x7f585c258fa0>,5,18,[6 4],6,6,24,0,6
1,<environment.Job instance at 0x7f585c2587d0>,0,15,[5 5],1,24,39,23,10
1,<environment.Job instance at 0x7f585bfb9e10>,11,13,[5 6],12,81,94,69,81
1,<environment.Job instance at 0x7f585c1e7f50>,6,14,[7 3],7,43,57,36,43
1,<environment.Job instance at 0x7f585c1e7370>,1,15,[5 4],2,57,72,55,47
1,<environment.Job instance at 0x7f5861792460>,15,12,[5 5],16,178,190,162,178
1,<environment.Job instance at 0x7f5861792460>,4,14,[4 8],5,9,23,4,9
1,<environment.Job instance at 0x7f5860c24cd0>,8,13,[4 5],9,62,75,53,62
1,<environment.Job instance at 0x7f5860f28730>,4,14,[1 6],5,6,20,1,6
1,<environment.Job instance at 0x7f58168d5fa0>,7,21,[4 5],8,37,58,29,37
1,<environment.Job instance at 0x7f5860f6a910>,18,15,[7 4],19,185,200,166,185
1,<environment.Job instance at 0x7f585c4b3500>,19,14,[4 7],20,200,214,180,185
1,<environment.Job instance at 0x7f58167658c0>,5,19,[3 8],6,79,98,73,79
1,<environment.Job instance at 0x7f5816765730>,13,18,[4 5],14,140,158,126,140
1,<environment.Job instance at 0x7f5816765be0>,15,13,[4 6],16,166,179,150,166
1,<environment.Job instance at 0x7f5860fb9fa0>,8,21,[1 5],9,27,48,18,27
1,<environment.Job instance at 0x7f585c0f65a0>,9,28,[7 1],10,59,87,49,59
1,<environment.Job instance at 0x7f5860d7a280>,12,17,[5 5],13,87,104,74,80
1,<environment.Job instance at 0x7f585c0f6dc0>,11,14,[5 1],12,128,142,116,128
1,<environment.Job instance at 0x7f5816a25a00>,25,13,[3 6],26,252,265,226,252
1,<environment.Job instance at 0x7f5861643e60>,4,14,[9 3],5,50,64,45,50
1,<environment.Job instance at 0x7f5861643f50>,14,12,[ 4 10],15,124,136,109,124
1,<environment.Job instance at 0x7f5816ac3640>,15,13,[3 5],16,136,149,120,124
1,<environment.Job instance at 0x7f5816ac3aa0>,17,20,[1 5],18,136,156,118,127
1,<environment.Job instance at 0x7f58166d4be0>,3,23,[5 1],4,52,75,48,52
1,<environment.Job instance at 0x7f5860ad5910>,5,15,[ 1 10],6,75,90,69,62
1,<environment.Job instance at 0x7f58165a2050>,9,21,[ 4 10],10,23,44,13,23
1,<environment.Job instance at 0x7f581672d910>,7,17,[4 8],8,49,66,41,49
1,<environment.Job instance at 0x7f581672dc80>,13,15,[ 1 10],14,95,110,81,95
1,<environment.Job instance at 0x7f585c4000a0>,11,12,[1 9],12,64,76,52,64
1,<environment.Job instance at 0x7f5860eb9dc0>,25,14,[8 3],26,278,292,252,278
1,<environment.Job instance at 0x7fdf6284c190>,0,17,[6 1],1,4,21,3,4
1,<environment.Job instance at 0x7fdf616ed870>,10,15,[5 1],11,49,64,38,49
1,<environment.Job instance at 0x7fdf616ed910>,11,15,[6 1],12,64,79,52,50
1,<environment.Job instance at 0x7fdf62873780>,6,17,[5 5],7,9,26,2,9
1,<environment.Job instance at 0x7fdf62873be0>,8,15,[ 4 10],9,30,45,21,30
1,<environment.Job instance at 0x7fdf629bfaf0>,12,18,[7 4],13,46,64,33,46
1,<environment.Job instance at 0x7fdf62876280>,23,17,[5 1],24,162,179,138,162
1,<environment.Job instance at 0x7fdf17747190>,6,15,[8 5],7,20,35,13,20
1,<environment.Job instance at 0x7fdf17747e60>,9,12,[4 8],10,40,52,30,40
1,<environment.Job instance at 0x7fdf178700f0>,13,17,[5 9],14,154,171,140,154
1,<environment.Job instance at 0x7fdf178707d0>,25,25,[5 2],26,286,311,260,286
1,<environment.Job instance at 0x7fdf17b33370>,29,12,[6 4],30,311,323,281,311
1,<environment.Job instance at 0x7fdf629b45f0>,0,19,[3 6],1,7,26,6,7
1,<environment.Job instance at 0x7fdf17b37dc0>,9,12,[4 6],10,44,56,34,44
1,<environment.Job instance at 0x7fdf61e3c730>,0,15,[2 7],1,5,20,4,5
1,<environment.Job instance at 0x7fdf61e3c2d0>,1,16,[6 1],2,8,24,6,8
1,<environment.Job instance at 0x7fdf621710a0>,4,18,[4 7],5,47,65,42,47
1,<environment.Job instance at 0x7fdf62171820>,12,16,[1 5],13,69,85,56,69
1,<environment.Job instance at 0x7fdf62171690>,13,18,[4 9],14,85,103,71,79
1,<environment.Job instance at 0x7fdf62171960>,18,13,[10  1],19,123,136,104,123
1,<environment.Job instance at 0x7fdf17ad16e0>,24,18,[ 1 10],25,1529,1547,1504,1529
1,<environment.Job instance at 0x7fdf17780cd0>,5,17,[10  1],6,70,87,64,70
1,<environment.Job instance at 0x7fdf17780460>,12,16,[5 4],13,116,132,103,116
1,<environment.Job instance at 0x7fdf175ab460>,7,17,[8 3],8,108,125,100,108
1,<environment.Job instance at 0x7fdf175ab8c0>,14,16,[1 6],15,149,165,134,149
1,<environment.Job instance at 0x7fdf175abdc0>,22,16,[9 3],23,196,212,173,196
1,<environment.Job instance at 0x7fdf175abf50>,27,17,[ 1 10],28,285,302,257,285
1,<environment.Job instance at 0x7fdf17becd70>,6,16,[1 8],7,7,23,0,7
1,<environment.Job instance at 0x7fdf61c7ab40>,4,18,[6 3],5,26,44,21,26
1,<environment.Job instance at 0x7fdf61c7aa50>,7,19,[ 4 10],8,44,63,36,34
1,<environment.Job instance at 0x7fdf176d23c0>,9,18,[8 2],10,49,67,39,49
1,<environment.Job instance at 0x7fdf176d2d20>,8,16,[10  1],9,67,83,58,54
1,<environment.Job instance at 0x7fdf176d51e0>,19,14,[4 7],20,165,179,145,165
1,<environment.Job instance at 0x7fdf61ba6870>,5,13,[4 6],6,6,19,0,6
1,<environment.Job instance at 0x7fdf176d53c0>,3,18,[4 5],4,19,37,15,8
1,<environment.Job instance at 0x7fdf622113c0>,9,14,[4 9],10,98,112,88,98
1,<environment.Job instance at 0x7fdf62211500>,10,17,[10  3],11,112,129,101,100
1,<environment.Job instance at 0x7fdf62211dc0>,12,18,[9 2],13,138,156,125,138
1,<environment.Job instance at 0x7fdf61b9b870>,8,18,[7 2],9,31,49,22,31
1,<environment.Job instance at 0x7fdf61b9b9b0>,10,21,[8 3],11,57,78,46,57
1,<environment.Job instance at 0x7fdf61b8c320>,14,17,[5 9],15,127,144,112,127
1,<environment.Job instance at 0x7fdf61b7d9b0>,17,15,[4 9],18,144,159,126,130
1,<environment.Job instance at 0x7fdf61b7d320>,20,12,[5 9],21,175,187,154,175
1,<environment.Job instance at 0x7fdf61b7d4b0>,22,17,[6 3],23,187,204,164,176
1,<environment.Job instance at 0x7fdf17d4e230>,31,18,[6 5],32,263,281,231,263
1,<environment.Job instance at 0x7fdf61766f00>,33,13,[10  5],34,281,294,247,265
1,<environment.Job instance at 0x7fdf6220be60>,8,19,[9 2],9,9,28,0,9
1,<environment.Job instance at 0x7fdf6183c7d0>,14,16,[9 2],15,45,61,30,45
1,<environment.Job instance at 0x7fdf17849870>,6,20,[9 3],7,9,29,2,9
1,<environment.Job instance at 0x7fdf178496e0>,15,14,[7 1],16,123,137,107,123
1,<environment.Job instance at 0x7fdf17543cd0>,18,17,[5 5],19,156,173,137,156
1,<environment.Job instance at 0x7fdf17543730>,19,16,[5 5],20,157,173,137,157
1,<environment.Job instance at 0x7fdf17543960>,22,17,[9 1],23,175,192,152,175
1,<environment.Job instance at 0x7fdf17589280>,9,18,[4 9],10,56,74,46,56
1,<environment.Job instance at 0x7fdf17589b40>,12,28,[1 5],13,93,121,80,93
1,<environment.Job instance at 0x7fdf17589cd0>,16,14,[5 6],17,121,135,104,106
1,<environment.Job instance at 0x7fdf6229b500>,11,12,[7 5],12,118,130,106,118
1,<environment.Job instance at 0x7fdf175f7640>,3,14,[1 7],4,4,18,0,4
1,<environment.Job instance at 0x7fdf61d4e960>,4,14,[7 4],5,18,32,13,5
1,<environment.Job instance at 0x7fdf627755a0>,6,13,[2 7],7,32,45,25,16
1,<environment.Job instance at 0x7fc0a96d0280>,0,17,[6 1],1,67,84,66,67
1,<environment.Job instance at 0x7fc0a42c15a0>,10,15,[5 1],11,84,99,73,70
1,<environment.Job instance at 0x7fc0a42c1640>,11,15,[6 1],12,99,114,87,85
1,<environment.Job instance at 0x7fc0a42c1780>,13,13,[10  3],14,114,127,100,99
1,<environment.Job instance at 0x7fc05e5ec5f0>,0,13,[2 7],1,7,20,6,7
1,<environment.Job instance at 0x7fc05e5eccd0>,6,13,[4 5],7,20,33,13,7
1,<environment.Job instance at 0x7fc05e5ece10>,5,13,[9 2],6,33,46,27,24
1,<environment.Job instance at 0x7fc05e5eca50>,13,16,[5 8],14,57,73,43,57
1,<environment.Job instance at 0x7fc05e5ec640>,16,14,[3 5],17,84,98,67,84
1,<environment.Job instance at 0x7fc05ea4faa0>,9,22,[2 5],10,40,62,30,40
1,<environment.Job instance at 0x7fc05ea4f730>,15,13,[5 5],16,125,138,109,125
1,<environment.Job instance at 0x7fc0a40e38c0>,27,19,[3 8],28,309,328,281,309
1,<environment.Job instance at 0x7fc0a40e3230>,32,18,[10  5],33,364,382,331,364
1,<environment.Job instance at 0x7fc05ea02f00>,4,14,[8 4],5,6,20,1,6
1,<environment.Job instance at 0x7fc05e9ece10>,16,15,[6 1],17,145,160,128,145
1,<environment.Job instance at 0x7fc0a42f7870>,1,17,[2 7],2,7,24,5,7
1,<environment.Job instance at 0x7fc0a8cf31e0>,10,14,[9 2],11,48,62,37,48
1,<environment.Job instance at 0x7fc0a45793c0>,20,13,[1 8],21,182,195,161,182
1,<environment.Job instance at 0x7fc0a42a2dc0>,14,20,[5 3],15,141,161,126,141
1,<environment.Job instance at 0x7fc05ea8a500>,5,16,[6 4],6,6,22,0,6
1,<environment.Job instance at 0x7fc0a8e1f1e0>,12,14,[8 4],13,32,46,19,32
1,<environment.Job instance at 0x7fc05ea8a460>,9,12,[5 4],10,46,58,36,34
1,<environment.Job instance at 0x7fc05e7ab730>,10,14,[8 2],11,140,154,129,140
1,<environment.Job instance at 0x7fc05e7ab5f0>,13,18,[4 5],14,154,172,140,143
1,<environment.Job instance at 0x7fc0a45ad690>,15,13,[4 6],16,172,185,156,160
1,<environment.Job instance at 0x7fc0a94322d0>,9,14,[4 9],10,76,90,66,76
1,<environment.Job instance at 0x7fc0a419b730>,10,17,[10  3],11,90,107,79,80
1,<environment.Job instance at 0x7fc05eb75780>,12,18,[9 2],13,107,125,94,98
1,<environment.Job instance at 0x7fc0a8b883c0>,12,17,[6 3],13,91,108,78,91
1,<environment.Job instance at 0x7fc0a8b88690>,13,12,[4 8],14,108,120,94,92
1,<environment.Job instance at 0x7fc05e330fa0>,20,12,[5 7],21,176,188,155,176
1,<environment.Job instance at 0x7fc05e2cc320>,22,17,[8 5],23,188,205,165,182
1,<environment.Job instance at 0x7fc0a960ddc0>,23,13,[10  5],24,205,218,181,189
1,<environment.Job instance at 0x7fc0a8f16c80>,25,16,[5 8],26,218,234,192,206
1,<environment.Job instance at 0x7fc0a435da00>,33,12,[5 5],34,268,280,234,268
1,<environment.Job instance at 0x7fc05e2d47d0>,29,14,[6 2],30,280,294,250,268
1,<environment.Job instance at 0x7fc05e35df50>,9,14,[9 1],10,48,62,38,48
1,<environment.Job instance at 0x7fc05e35dd20>,10,15,[2 5],11,134,149,123,134
1,<environment.Job instance at 0x7fc0a406ec30>,22,12,[7 4],23,234,246,211,234
1,<environment.Job instance at 0x7fc0a4735500>,23,13,[6 3],24,246,259,222,234
1,<environment.Job instance at 0x7fc0a44fb0a0>,28,18,[4 5],29,256,274,227,256
1,<environment.Job instance at 0x7fc0a44fb820>,30,17,[8 3],31,284,301,253,284
1,<environment.Job instance at 0x7fc05e38b0a0>,4,21,[8 2],5,6,27,1,6
1,<environment.Job instance at 0x7fc05e3132d0>,6,18,[7 4],7,27,45,20,20
1,<environment.Job instance at 0x7fc05e8695a0>,13,15,[ 1 10],14,102,117,88,102
1,<environment.Job instance at 0x7fc0a4527960>,5,14,[8 3],6,7,21,1,7
1,<environment.Job instance at 0x7fc0a4527b40>,7,17,[9 4],8,21,38,13,12
1,<environment.Job instance at 0x7fc0a8ace820>,15,16,[2 6],16,113,129,97,113
1,<environment.Job instance at 0x7fc05e8eb5a0>,20,14,[5 6],21,163,177,142,163
1,<environment.Job instance at 0x7fc05e8d7c30>,24,13,[6 4],25,205,218,180,205
1,<environment.Job instance at 0x7fc05e8d7b90>,25,15,[9 3],26,218,233,192,206
1,<environment.Job instance at 0x7fc0a8b46190>,31,16,[7 5],32,250,266,218,250
1,<environment.Job instance at 0x7fc05e2d66e0>,36,13,[5 5],37,318,331,281,318
1,<environment.Job instance at 0x7fc05e5c3dc0>,8,17,[9 1],9,23,40,14,23
1,<environment.Job instance at 0x7fc05e5fb140>,5,12,[4 5],6,49,61,43,49
1,<environment.Job instance at 0x7fc0a476cc80>,10,21,[1 5],11,49,70,38,49
1,<environment.Job instance at 0x7fc0a41ff410>,14,18,[2 7],15,70,88,55,70
1,<environment.Job instance at 0x7fc0a41ffd20>,16,15,[8 5],17,88,103,71,74
1,<environment.Job instance at 0x7fc0a476c0a0>,12,14,[ 2 10],13,103,117,90,88
1,<environment.Job instance at 0x7fc0a4255320>,4,17,[1 7],5,22,39,17,22
1,<environment.Job instance at 0x7f4f577b21e0>,0,17,[6 1],1,67,84,66,67
1,<environment.Job instance at 0x7f4f503a3640>,11,15,[6 1],12,84,99,72,70
1,<environment.Job instance at 0x7f4f5779a280>,6,12,[5 4],7,29,41,22,29
1,<environment.Job instance at 0x7f4f579242d0>,11,13,[1 8],12,75,88,63,75
1,<environment.Job instance at 0x7f4f57927050>,18,13,[10  5],19,121,134,102,121
1,<environment.Job instance at 0x7f4f577dceb0>,22,12,[1 5],23,172,184,149,172
1,<environment.Job instance at 0x7f4f577dc780>,23,27,[9 2],24,175,202,151,175
1,<environment.Job instance at 0x7f4f577dc500>,25,17,[5 8],26,202,219,176,198
1,<environment.Job instance at 0x7f4f0c79af00>,8,13,[6 4],9,50,63,41,50
1,<environment.Job instance at 0x7f4f0c79a4b0>,11,16,[6 3],12,63,79,51,55
1,<environment.Job instance at 0x7f4f0c79a640>,19,15,[3 6],20,116,131,96,116
1,<environment.Job instance at 0x7f4f0c79a6e0>,22,15,[5 8],23,140,155,117,140
1,<environment.Job instance at 0x7f4f0c5fe2d0>,9,16,[4 5],10,30,46,20,30
1,<environment.Job instance at 0x7f4f501c53c0>,8,15,[1 7],9,9,24,0,9
1,<environment.Job instance at 0x7f4f501c55f0>,9,14,[7 2],10,10,24,0,10
1,<environment.Job instance at 0x7f4f501c5b40>,17,16,[ 2 10],18,81,97,63,81
1,<environment.Job instance at 0x7f4f50205eb0>,2,12,[7 2],3,4,16,1,4
1,<environment.Job instance at 0x7f4f50205a00>,5,18,[ 2 10],6,16,34,10,8
1,<environment.Job instance at 0x7f4f56e32c80>,8,14,[5 2],9,75,89,66,75
1,<environment.Job instance at 0x7f4f0cc3cb40>,17,17,[ 1 10],18,186,203,168,186
1,<environment.Job instance at 0x7f4f0cc3caf0>,21,15,[5 4],22,203,218,181,195
1,<environment.Job instance at 0x7f4f503f33c0>,12,17,[3 5],13,76,93,63,76
1,<environment.Job instance at 0x7f4f501f1f00>,4,15,[5 5],5,7,22,2,7
1,<environment.Job instance at 0x7f4f0c6979b0>,9,24,[5 1],10,27,51,17,27
1,<environment.Job instance at 0x7f4f0cc6df00>,3,18,[6 5],4,26,44,22,26
1,<environment.Job instance at 0x7f4f57046500>,13,12,[3 7],14,127,139,113,127
1,<environment.Job instance at 0x7f4f5711d280>,14,20,[ 1 10],15,139,159,124,131
1,<environment.Job instance at 0x7f4f0c9f9730>,8,21,[1 5],9,27,48,18,27
1,<environment.Job instance at 0x7f4f0c9f97d0>,9,17,[1 7],10,48,65,38,36
1,<environment.Job instance at 0x7f4f5711d780>,7,20,[4 9],8,39,59,31,39
1,<environment.Job instance at 0x7f4f50346d20>,0,12,[ 3 10],1,59,71,58,57
1,<environment.Job instance at 0x7f4f5711de60>,8,18,[7 2],9,78,96,69,78
1,<environment.Job instance at 0x7f4f50531050>,14,17,[5 9],15,131,148,116,131
1,<environment.Job instance at 0x7f4f50531c80>,17,15,[4 9],18,152,167,134,152
1,<environment.Job instance at 0x7f4f50741050>,20,12,[5 9],21,197,209,176,197
1,<environment.Job instance at 0x7f4f507410f0>,22,17,[6 3],23,209,226,186,197
1,<environment.Job instance at 0x7f4f50741b90>,30,12,[5 7],31,283,295,252,283
1,<environment.Job instance at 0x7f4f50741230>,31,18,[6 5],32,295,313,263,284
1,<environment.Job instance at 0x7f4f570b9730>,10,15,[2 5],11,48,63,37,48
1,<environment.Job instance at 0x7f4f570f8a00>,17,12,[7 5],18,233,245,215,233
1,<environment.Job instance at 0x7f4f570f8dc0>,22,12,[7 4],23,245,257,222,233
1,<environment.Job instance at 0x7f4f5791ccd0>,28,18,[4 5],29,257,275,228,256
1,<environment.Job instance at 0x7f4f5791c910>,31,14,[9 3],32,282,296,250,282
1,<environment.Job instance at 0x7f4f50425aa0>,5,12,[8 5],6,7,19,1,7
1,<environment.Job instance at 0x7f4f5791c9b0>,2,14,[3 7],3,19,33,16,8
1,<environment.Job instance at 0x7f4f5083c960>,13,14,[1 7],14,117,131,103,117
1,<environment.Job instance at 0x7f4f5083cf50>,14,14,[7 4],15,131,145,116,117
1,<environment.Job instance at 0x7f4f0c8b1050>,18,14,[6 3],19,217,231,198,217
1,<environment.Job instance at 0x7f4f0c62d6e0>,23,13,[7 4],24,284,297,260,284
1,<environment.Job instance at 0x7f4f56db1d70>,28,13,[5 4],29,355,368,326,355
1,<environment.Job instance at 0x7f4f56ca9230>,13,16,[8 2],14,100,116,86,100
1,<environment.Job instance at 0x7f4f0c754dc0>,8,13,[1 5],9,106,119,97,106
1,<environment.Job instance at 0x7f4f0ccd7af0>,4,18,[8 5],5,106,124,101,106
1,<environment.Job instance at 0x7f7c09e915f0>,10,15,[5 1],11,71,86,60,71
1,<environment.Job instance at 0x7f7c09e91690>,11,15,[6 1],12,86,101,74,72
1,<environment.Job instance at 0x7f7c09e919b0>,16,28,[5 1],17,144,172,127,144
1,<environment.Job instance at 0x7f7c14ff0a50>,8,13,[10  5],9,25,38,16,25
1,<environment.Job instance at 0x7f7c09e91be0>,1,13,[1 8],2,124,137,122,124
1,<environment.Job instance at 0x7f7c15163230>,15,17,[5 8],16,137,154,121,126
1,<environment.Job instance at 0x7f7c15163af0>,16,15,[ 2 10],17,200,215,183,200
1,<environment.Job instance at 0x7f7c151666e0>,22,19,[2 5],23,215,234,192,205
1,<environment.Job instance at 0x7f7bce15a1e0>,6,17,[ 5 10],7,214,231,207,214
1,<environment.Job instance at 0x7f7bce287d20>,18,12,[5 8],19,231,243,212,214
1,<environment.Job instance at 0x7f7bce15a870>,2,15,[5 8],3,243,258,240,231
1,<environment.Job instance at 0x7f7bce287e10>,23,18,[9 5],24,258,276,234,247
1,<environment.Job instance at 0x7f7bce24c6e0>,9,13,[6 2],10,101,114,91,101
1,<environment.Job instance at 0x7f7bce22e370>,12,20,[10  2],13,114,134,101,105
1,<environment.Job instance at 0x7f7bce22ed20>,15,17,[10  4],16,161,178,145,161
1,<environment.Job instance at 0x7f7bce22ed20>,3,18,[4 9],4,49,67,45,49
1,<environment.Job instance at 0x7f7bce0ad910>,9,27,[5 1],10,106,133,96,106
1,<environment.Job instance at 0x7f7bce0adc30>,14,18,[ 1 10],15,155,173,140,155
1,<environment.Job instance at 0x7f7bce0af500>,27,16,[2 8],28,323,339,295,323
1,<environment.Job instance at 0x7f7c09f61050>,0,15,[5 5],1,4,19,3,4
1,<environment.Job instance at 0x7f7c09d1dd70>,11,13,[5 6],12,83,96,71,83
1,<environment.Job instance at 0x7f7c0a78f460>,6,20,[2 9],7,26,46,19,26
1,<environment.Job instance at 0x7f7bce45cdc0>,0,18,[7 4],1,55,73,54,55
1,<environment.Job instance at 0x7f7c14d81230>,14,20,[5 3],15,125,145,110,125
1,<environment.Job instance at 0x7f7c0ab48820>,2,18,[8 1],3,3,21,0,3
1,<environment.Job instance at 0x7f7c0a5829b0>,11,13,[5 2],12,144,157,132,144
1,<environment.Job instance at 0x7f7c0a582b90>,14,18,[6 3],15,158,176,143,158
1,<environment.Job instance at 0x7f7c0a582e10>,18,13,[2 7],19,159,172,140,159
1,<environment.Job instance at 0x7f7c0a582780>,20,18,[10  1],21,176,194,155,168
1,<environment.Job instance at 0x7f7c0a2ff730>,3,16,[7 4],4,23,39,19,23
1,<environment.Job instance at 0x7f7c0a593c30>,14,14,[3 5],15,173,187,158,173
1,<environment.Job instance at 0x7f7c14f2df50>,23,13,[7 3],24,321,334,297,321
1,<environment.Job instance at 0x7f7c15018280>,28,16,[4 8],29,397,413,368,397
1,<environment.Job instance at 0x7f7bce214410>,30,18,[10  3],31,1711,1729,1680,1711
1,<environment.Job instance at 0x7f7bce214c80>,34,18,[7 4],35,1761,1779,1726,1761
1,<environment.Job instance at 0x7f7c0a1365a0>,11,14,[5 1],12,80,94,68,80
1,<environment.Job instance at 0x7f7c0ab0daa0>,12,17,[5 5],13,80,97,67,80
1,<environment.Job instance at 0x7f7c0ab3f7d0>,25,13,[3 6],26,270,283,244,270
1,<environment.Job instance at 0x7f7c0a4c71e0>,4,14,[10  5],5,283,297,278,270
1,<environment.Job instance at 0x7f7c0ab33b40>,30,12,[ 3 10],31,320,332,289,320
1,<environment.Job instance at 0x7f7bce233050>,8,19,[9 2],9,45,64,36,45
1,<environment.Job instance at 0x7f7bce233730>,14,16,[9 2],15,64,80,49,52
1,<environment.Job instance at 0x7f7c0a93c5f0>,2,20,[3 5],3,4,24,1,4
1,<environment.Job instance at 0x7f7c0a19c3c0>,6,18,[7 4],7,15,33,8,15
1,<environment.Job instance at 0x7f7bcdfb1410>,10,21,[5 3],11,33,54,22,25
1,<environment.Job instance at 0x7f7bce51ff00>,12,14,[3 7],13,39,53,26,39
1,<environment.Job instance at 0x7f7bce192410>,3,16,[3 8],4,6,22,2,6
1,<environment.Job instance at 0x7f7bce4b2460>,5,12,[7 2],6,27,39,21,27
1,<environment.Job instance at 0x7f7bce4b2550>,8,21,[10  1],9,39,60,30,31
1,<environment.Job instance at 0x7f7bce4b2c30>,4,17,[3 7],5,60,77,55,49
1,<environment.Job instance at 0x7f7bce4b23c0>,11,19,[5 5],12,77,96,65,75
1,<environment.Job instance at 0x7f7bce4dd190>,5,15,[10  4],6,23,38,17,23
1,<environment.Job instance at 0x7f7c0a73ba00>,4,14,[1 5],5,38,52,33,23
1,<environment.Job instance at 0x7f7c09cae870>,7,14,[4 7],8,71,85,63,71
1,<environment.Job instance at 0x7f7bce4dd3c0>,6,16,[10  5],7,85,101,78,73
1,<environment.Job instance at 0x7f7c0a8f0230>,13,19,[2 7],14,118,137,104,118
1,<environment.Job instance at 0x7f7c09c644b0>,16,16,[5 6],17,137,153,120,124
1,<environment.Job instance at 0x7f7c09ce5190>,2,17,[10  2],3,43,60,40,43
1,<environment.Job instance at 0x7f7bce788d20>,9,12,[6 4],10,70,82,60,70
1,<environment.Job instance at 0x7f7c0a4909b0>,6,18,[ 4 10],7,7,25,0,7
1,<environment.Job instance at 0x7f7c0a55c690>,9,16,[ 1 10],10,25,41,15,12
1,<environment.Job instance at 0x7f7bce137fa0>,5,16,[1 8],6,6,22,0,6
1,<environment.Job instance at 0x7f7c0a632190>,15,17,[9 2],16,157,174,141,157
1,<environment.Job instance at 0x7f9da579c5f0>,10,15,[5 1],11,67,82,56,67
1,<environment.Job instance at 0x7f9da57435a0>,2,12,[1 5],3,127,139,124,127
1,<environment.Job instance at 0x7f9d63a0d190>,5,17,[5 8],6,176,193,170,176
1,<environment.Job instance at 0x7f9d63a10d70>,22,17,[4 7],23,201,218,178,201
1,<environment.Job instance at 0x7f9d63b74140>,26,19,[3 8],27,230,249,203,230
1,<environment.Job instance at 0x7f9daebd2410>,4,18,[1 7],5,6,24,1,6
1,<environment.Job instance at 0x7f9da5947d70>,7,14,[8 4],8,9,23,1,9
1,<environment.Job instance at 0x7f9da58380f0>,5,18,[5 5],6,26,44,20,26
1,<environment.Job instance at 0x7f9da58ac3c0>,6,15,[2 6],7,44,59,37,44
1,<environment.Job instance at 0x7f9da58ce6e0>,12,13,[10  4],13,66,79,53,66
1,<environment.Job instance at 0x7f9da57d29b0>,21,14,[5 3],22,802,816,780,802
1,<environment.Job instance at 0x7f9da5909320>,0,14,[5 1],1,6,20,5,6
1,<environment.Job instance at 0x7f9d63defb90>,16,15,[6 1],17,145,160,128,145
1,<environment.Job instance at 0x7f9da562f2d0>,10,14,[2 7],11,79,93,68,79
1,<environment.Job instance at 0x7f9da562ff50>,13,16,[6 2],14,79,95,65,79
1,<environment.Job instance at 0x7f9daebd3460>,4,14,[4 8],5,6,20,1,6
1,<environment.Job instance at 0x7f9d63b74190>,8,13,[4 5],9,59,72,50,59
1,<environment.Job instance at 0x7f9d63b740a0>,3,18,[6 4],4,4,22,0,4
1,<environment.Job instance at 0x7f9d639edb40>,4,18,[9 1],5,22,40,17,13
1,<environment.Job instance at 0x7f9da5803410>,10,14,[8 2],11,119,133,108,119
1,<environment.Job instance at 0x7f9da58035f0>,5,19,[3 8],6,141,160,135,141
1,<environment.Job instance at 0x7f9d64010f00>,15,13,[4 6],16,163,176,147,163
1,<environment.Job instance at 0x7f9da5828320>,9,13,[8 2],10,82,95,72,82
1,<environment.Job instance at 0x7f9d64022820>,17,14,[ 3 10],18,147,161,129,147
1,<environment.Job instance at 0x7f9da58f6550>,4,14,[9 3],5,6,20,1,6
1,<environment.Job instance at 0x7f9dae4109b0>,16,18,[2 9],17,119,137,102,119
1,<environment.Job instance at 0x7f9dadf97f00>,18,16,[10  2],19,137,153,118,127
1,<environment.Job instance at 0x7f9da5b72a00>,2,21,[2 6],3,5,26,2,5
1,<environment.Job instance at 0x7f9da58fe8c0>,20,20,[1 5],21,169,189,148,169
1,<environment.Job instance at 0x7f9d63adf0a0>,15,20,[4 6],16,97,117,81,97
1,<environment.Job instance at 0x7f9dae7b0a50>,10,18,[1 5],11,49,67,38,49
1,<environment.Job instance at 0x7f9d63adf0a0>,3,16,[3 8],4,6,22,2,6
1,<environment.Job instance at 0x7f9da5a34b40>,11,19,[5 5],12,49,68,37,49
1,<environment.Job instance at 0x7f9da558d230>,6,16,[5 6],7,19,35,12,19
1,<environment.Job instance at 0x7f9da558d3c0>,7,13,[ 1 10],8,35,48,27,19
1,<environment.Job instance at 0x7f9da558dd70>,11,13,[7 2],12,60,73,48,60
1,<environment.Job instance at 0x7f9da55dadc0>,3,21,[8 5],4,5,26,1,5
1,<environment.Job instance at 0x7f9da55da5f0>,0,18,[1 7],1,29,47,28,29
1,<environment.Job instance at 0x7f9da5c8d0a0>,12,13,[8 1],13,80,93,67,80
1,<environment.Job instance at 0x7f9da5b94f50>,26,17,[1 8],27,216,233,189,216
1,<environment.Job instance at 0x7f9d638e5280>,6,17,[8 5],7,7,24,0,7
1,<environment.Job instance at 0x7f9d638e5500>,8,13,[2 8],9,24,37,15,10
1,<environment.Job instance at 0x7f9d638e56e0>,11,23,[5 2],12,46,69,34,46
1,<environment.Job instance at 0x7f9d6396a050>,3,18,[9 2],4,4,22,0,4
1,<environment.Job instance at 0x7f9da58995f0>,2,15,[8 2],3,53,68,50,53
1,<environment.Job instance at 0x7f9d63de1690>,13,17,[2 5],14,93,110,79,93
1,<environment.Job instance at 0x7f42d36d8280>,0,17,[6 1],1,67,84,66,67
1,<environment.Job instance at 0x7f42d2579640>,11,15,[6 1],12,84,99,72,70
1,<environment.Job instance at 0x7f42d2579960>,16,28,[5 1],17,143,171,126,143
1,<environment.Job instance at 0x7f42886b9e60>,12,17,[4 7],13,69,86,56,69
1,<environment.Job instance at 0x7f42886b93c0>,13,13,[5 7],14,86,99,72,70
1,<environment.Job instance at 0x7f42886b9870>,16,19,[3 8],17,101,120,84,101
1,<environment.Job instance at 0x7f428858ee10>,0,14,[3 7],1,59,73,58,59
1,<environment.Job instance at 0x7f42d3851410>,4,16,[ 4 10],5,115,131,110,115
1,<environment.Job instance at 0x7f42d3850960>,12,13,[2 9],13,265,278,252,265
1,<environment.Job instance at 0x7f428858d780>,23,17,[5 9],24,287,304,263,287
1,<environment.Job instance at 0x7f42d27bb280>,24,17,[7 1],25,304,321,279,292
1,<environment.Job instance at 0x7f42d2561cd0>,9,12,[5 5],10,89,101,79,89
1,<environment.Job instance at 0x7f42d375e460>,2,12,[6 2],3,3,15,0,3
1,<environment.Job instance at 0x7f42d2c5c2d0>,5,16,[6 2],6,15,31,9,8
1,<environment.Job instance at 0x7f42d29cb1e0>,9,16,[7 4],10,31,47,21,18
1,<environment.Job instance at 0x7f42d2a2ea50>,6,14,[7 3],7,43,57,36,43
1,<environment.Job instance at 0x7f42d29d7140>,1,15,[5 4],2,63,78,61,63
1,<environment.Job instance at 0x7f42d2a2e230>,15,12,[5 5],16,190,202,174,190
1,<environment.Job instance at 0x7f42d2d5d8c0>,2,16,[6 3],3,5,21,2,5
1,<environment.Job instance at 0x7f42d2563640>,5,16,[6 4],6,21,37,15,21
1,<environment.Job instance at 0x7f42885948c0>,11,13,[9 3],12,37,50,25,26
1,<environment.Job instance at 0x7f42d2cd7b40>,16,16,[7 5],17,65,81,48,65
1,<environment.Job instance at 0x7f42d2c9afa0>,9,18,[2 5],10,42,60,32,42
1,<environment.Job instance at 0x7f42d2729c80>,10,18,[10  3],11,122,140,111,122
1,<environment.Job instance at 0x7f42d2568e10>,3,13,[7 3],4,271,284,267,271
1,<environment.Job instance at 0x7f42d2729e10>,8,16,[4 8],9,284,300,275,271
1,<environment.Job instance at 0x7f4288ab6820>,26,17,[10  5],27,324,341,297,324
1,<environment.Job instance at 0x7f428866f190>,5,18,[6 1],6,90,108,84,90
1,<environment.Job instance at 0x7f428866e640>,10,12,[5 9],11,108,120,97,96
1,<environment.Job instance at 0x7f428866f8c0>,4,17,[5 9],5,120,137,115,119
1,<environment.Job instance at 0x7f4288bbfc80>,21,18,[6 5],22,147,165,125,147
1,<environment.Job instance at 0x7f42d2568690>,23,13,[10  5],24,165,178,141,149
1,<environment.Job instance at 0x7f428876d140>,25,16,[5 8],26,178,194,152,165
1,<environment.Job instance at 0x7f42d2cd82d0>,27,12,[3 5],28,194,206,166,177
1,<environment.Job instance at 0x7f42d22f67d0>,33,12,[5 5],34,240,252,206,240
1,<environment.Job instance at 0x7f4288713d70>,34,16,[4 6],35,252,268,217,240
1,<environment.Job instance at 0x7f42888ff870>,37,14,[5 4],38,289,303,251,289
1,<environment.Job instance at 0x7f42d2844f50>,4,18,[5 5],5,52,70,47,52
1,<environment.Job instance at 0x7f42d26bf140>,5,15,[ 1 10],6,103,118,97,103
1,<environment.Job instance at 0x7f42d30b1f50>,13,12,[10  4],14,94,106,80,94
1,<environment.Job instance at 0x7f42d30b1370>,14,17,[8 3],15,106,123,91,94
1,<environment.Job instance at 0x7f42d3099eb0>,22,14,[5 7],23,167,181,144,167
1,<environment.Job instance at 0x7f42889bfeb0>,15,16,[2 6],16,135,151,119,135
1,<environment.Job instance at 0x7f42889bfaf0>,20,14,[5 6],21,203,217,182,203
1,<environment.Job instance at 0x7f42d270f730>,24,13,[6 4],25,245,258,220,245
1,<environment.Job instance at 0x7f428835caa0>,25,15,[9 3],26,258,273,232,245
1,<environment.Job instance at 0x7f4288922dc0>,31,16,[7 5],32,278,294,246,278
1,<environment.Job instance at 0x7f428850c960>,10,21,[2 6],11,50,71,39,50
1,<environment.Job instance at 0x7f428856d960>,13,14,[1 7],14,89,103,75,89
1,<environment.Job instance at 0x7f42d2541730>,7,14,[4 7],8,23,37,15,23
1,<environment.Job instance at 0x7f42d2541320>,5,15,[10  4],6,71,86,65,71
1,<environment.Job instance at 0x7f42885eeeb0>,13,19,[2 7],14,118,137,104,118
1,<environment.Job instance at 0x7f42d2541410>,6,16,[10  5],7,137,153,130,127
1,<environment.Job instance at 0x7f42d286ef00>,17,13,[ 1 10],18,153,166,135,139
1,<environment.Job instance at 0x7f4288c53870>,0,18,[1 7],1,78,96,77,78
1,<environment.Job instance at 0x7f4288c5d0a0>,10,21,[9 1],11,79,100,68,79
1,<environment.Job instance at 0x7f4288c5d140>,12,13,[8 1],13,143,156,130,143
1,<environment.Job instance at 0x7f428844d190>,14,19,[4 9],15,156,175,141,153
1,<environment.Job instance at 0x7f4288995690>,20,21,[1 5],21,234,255,213,234
1,<environment.Job instance at 0x7f4288995b90>,23,16,[2 8],24,255,271,231,244
1,<environment.Job instance at 0x7f42889958c0>,24,12,[5 1],25,245,257,220,245
1,<environment.Job instance at 0x7f42d2c6b5f0>,11,17,[2 8],12,90,107,78,90
1,<environment.Job instance at 0x7f42d2955f00>,7,16,[5 3],8,25,41,17,25
1,<environment.Job instance at 0x7f42d2955f50>,6,17,[2 7],7,27,44,20,27
1,<environment.Job instance at 0x7f42d2c6b5f0>,3,21,[1 6],4,49,70,45,49
1,<environment.Job instance at 0x7f4288a4a320>,4,18,[7 2],5,49,67,44,49
1,<environment.Job instance at 0x7f42d2ae2960>,1,16,[10  4],2,5,21,3,5
1,<environment.Job instance at 0x7f42d32a4f50>,9,16,[9 2],10,25,41,15,25
1,<environment.Job instance at 0x7f42d2fdf9b0>,8,16,[6 3],9,21,37,12,21
1,<environment.Job instance at 0x7f428844b6e0>,10,13,[5 5],11,37,50,26,23
1,<environment.Job instance at 0x7f4288967460>,12,14,[4 7],13,50,64,37,49
1,<environment.Job instance at 0x7f42d2fdff50>,9,12,[3 8],10,64,76,54,49
1,<environment.Job instance at 0x7f4288add2d0>,15,20,[2 5],16,76,96,60,73
1,<environment.Job instance at 0x7f30c59d41e0>,0,17,[6 1],1,67,84,66,67
1,<environment.Job instance at 0x7f30c48755a0>,10,15,[5 1],11,84,99,73,70
1,<environment.Job instance at 0x7f30c4875780>,13,13,[10  3],14,99,112,85,95
1,<environment.Job instance at 0x7f30c481c780>,3,13,[5 7],4,4,17,0,4
1,<environment.Job instance at 0x7f3086c67820>,6,19,[3 8],7,22,41,15,22
1,<environment.Job instance at 0x7f3086c675f0>,9,16,[8 4],10,96,112,86,96
1,<environment.Job instance at 0x7f3086b2a960>,4,17,[7 1],5,5,22,0,5
1,<environment.Job instance at 0x7f3086acfa00>,19,12,[6 4],20,185,197,165,185
1,<environment.Job instance at 0x7f30c52567d0>,7,16,[9 4],8,35,51,27,35
1,<environment.Job instance at 0x7f30c468cd70>,7,15,[4 7],8,55,70,47,55
1,<environment.Job instance at 0x7f30c4714910>,13,21,[8 3],14,70,91,56,62
1,<environment.Job instance at 0x7f30c47fa050>,16,20,[3 6],17,102,122,85,102
1,<environment.Job instance at 0x7f3086e9c500>,10,16,[1 7],11,122,138,111,113
1,<environment.Job instance at 0x7f30c47f2e60>,20,15,[5 5],21,138,153,117,130
1,<environment.Job instance at 0x7f30c4829730>,10,16,[6 3],11,68,84,57,68
1,<environment.Job instance at 0x7f30c49c47d0>,4,17,[2 9],5,7,24,2,7
1,<environment.Job instance at 0x7f3086b10870>,3,15,[2 7],4,46,61,42,46
1,<environment.Job instance at 0x7f30c538efa0>,15,19,[3 8],16,187,206,171,187
1,<environment.Job instance at 0x7f3086c5db40>,4,25,[3 5],5,34,59,29,34
1,<environment.Job instance at 0x7f3086d8e9b0>,16,12,[9 3],17,182,194,165,182
1,<environment.Job instance at 0x7f30c5549230>,7,14,[ 3 10],8,204,218,196,204
1,<environment.Job instance at 0x7f3086dce460>,9,21,[ 4 10],10,56,77,46,56
1,<environment.Job instance at 0x7f30c5206eb0>,6,18,[3 8],7,22,40,15,22
1,<environment.Job instance at 0x7f30c53239b0>,4,16,[4 9],5,7,23,2,7
1,<environment.Job instance at 0x7f30c5323e10>,3,19,[2 8],4,23,42,19,23
1,<environment.Job instance at 0x7f30c5323d20>,8,17,[9 1],9,49,66,40,49
1,<environment.Job instance at 0x7f30c4d69f00>,20,12,[8 5],21,213,225,192,213
1,<environment.Job instance at 0x7f30c4a99320>,28,13,[5 4],29,331,344,302,331
1,<environment.Job instance at 0x7f3087102820>,9,12,[6 4],10,69,81,59,69
1,<environment.Job instance at 0x7f3086cf7960>,12,17,[5 3],13,95,112,82,95
1,<environment.Job instance at 0x7f30c4d13e60>,1,19,[ 1 10],2,9,28,7,9
1,<environment.Job instance at 0x7f308687a190>,7,16,[5 3],8,40,56,32,40
1,<environment.Job instance at 0x7f30869b1c30>,6,17,[2 7],7,40,57,33,40
1,<environment.Job instance at 0x7f30869b15a0>,4,18,[7 2],5,84,102,79,84
1,<environment.Job instance at 0x7f30868a6320>,6,17,[10  2],7,20,37,13,20
1,<environment.Job instance at 0x7f30c49475f0>,2,12,[7 3],3,3,15,0,3
1,<environment.Job instance at 0x7f30c5195be0>,3,19,[5 7],4,15,34,11,10
1,<environment.Job instance at 0x7f30c5195fa0>,10,12,[5 2],11,44,56,33,44
1,<environment.Job instance at 0x7f30c5195960>,9,16,[7 4],10,56,72,46,44
1,<environment.Job instance at 0x7f30c51ee3c0>,7,24,[5 2],8,11,35,3,11
1,<environment.Job instance at 0x7f3086a2e870>,6,13,[3 8],7,16,29,9,16
1,<environment.Job instance at 0x7fe9bd3715f0>,10,15,[5 1],11,87,102,76,87
1,<environment.Job instance at 0x7fe9bd3717d0>,13,13,[10  3],14,126,139,112,126
1,<environment.Job instance at 0x7fe9734ba730>,7,16,[1 7],8,71,87,63,71
1,<environment.Job instance at 0x7fe9734bacd0>,13,15,[9 5],14,111,126,97,111
1,<environment.Job instance at 0x7fe9be642b90>,8,16,[5 2],9,269,285,260,269
1,<environment.Job instance at 0x7fe9be6498c0>,25,17,[7 4],26,289,306,263,289
1,<environment.Job instance at 0x7fe9be4f7500>,27,19,[3 8],28,317,336,289,317
1,<environment.Job instance at 0x7fe9bd13c280>,32,18,[10  5],33,708,726,675,708
1,<environment.Job instance at 0x7fe9bd8218c0>,5,19,[5 7],6,6,25,0,6
1,<environment.Job instance at 0x7fe9bd7337d0>,9,21,[1 7],10,26,47,16,26
1,<environment.Job instance at 0x7fe9736ce4b0>,18,12,[6 4],19,213,225,194,213
1,<environment.Job instance at 0x7fe9bdd32c80>,4,14,[4 8],5,6,20,1,6
1,<environment.Job instance at 0x7fe9bde9de60>,12,13,[9 3],13,112,125,99,112
1,<environment.Job instance at 0x7fe9bde9d780>,14,13,[5 5],15,140,153,125,140
1,<environment.Job instance at 0x7fe9732c9cd0>,14,14,[3 5],15,180,194,165,180
1,<environment.Job instance at 0x7fe9732f12d0>,20,23,[5 5],21,218,241,197,218
1,<environment.Job instance at 0x7fe9732f1960>,30,18,[10  3],31,434,452,403,434
1,<environment.Job instance at 0x7fe9732f1be0>,34,18,[7 4],35,484,502,449,484
1,<environment.Job instance at 0x7fe9732f1b40>,38,15,[1 5],39,554,569,515,554
1,<environment.Job instance at 0x7fe9bd6e1640>,5,18,[6 1],6,44,62,38,44
1,<environment.Job instance at 0x7fe973530190>,10,12,[5 9],11,90,102,79,90
1,<environment.Job instance at 0x7fe9bd680370>,12,17,[6 3],13,102,119,89,99
1,<environment.Job instance at 0x7fe9bd45a140>,7,15,[4 9],8,120,135,112,120
1,<environment.Job instance at 0x7fe9bd6807d0>,19,28,[1 9],20,142,170,122,142
1,<environment.Job instance at 0x7fe9bd4f5320>,23,13,[10  5],24,170,183,146,169
1,<environment.Job instance at 0x7fe9bd6e1690>,4,17,[5 9],5,183,200,178,171
1,<environment.Job instance at 0x7fe9739362d0>,25,16,[5 8],26,200,216,174,192
1,<environment.Job instance at 0x7fe973907960>,33,12,[5 5],34,246,258,212,246
1,<environment.Job instance at 0x7fe9bd958c30>,34,16,[4 6],35,258,274,223,246
1,<environment.Job instance at 0x7fe9bd1f8cd0>,5,18,[1 7],6,78,96,72,78
1,<environment.Job instance at 0x7fe9be3d60f0>,15,13,[8 1],16,141,154,125,141
1,<environment.Job instance at 0x7fe9734750f0>,16,14,[1 6],17,141,155,124,141
1,<environment.Job instance at 0x7fe9bdb67e10>,20,20,[3 8],21,168,188,147,168
1,<environment.Job instance at 0x7fe9bd0f3a50>,24,17,[5 3],25,215,232,190,215
1,<environment.Job instance at 0x7fe9bdcb7820>,7,17,[4 8],8,22,39,14,22
1,<environment.Job instance at 0x7fe9bdd66c80>,13,15,[ 1 10],14,95,110,81,95
1,<environment.Job instance at 0x7fe9bdd66cd0>,7,14,[5 6],8,51,65,43,51
1,<environment.Job instance at 0x7fe9bdd66640>,11,12,[7 5],12,118,130,106,118
1,<environment.Job instance at 0x7fe9bdd66960>,14,16,[10  5],15,195,211,180,195
1,<environment.Job instance at 0x7fe9736b20f0>,5,12,[4 5],6,49,61,43,49
1,<environment.Job instance at 0x7fe9739f87d0>,9,16,[7 2],10,70,86,60,70
1,<environment.Job instance at 0x7fe9bdadaa00>,1,14,[5 8],2,91,105,89,91
1,<environment.Job instance at 0x7fe973699f50>,12,14,[ 2 10],13,105,119,92,91
1,<environment.Job instance at 0x7fe9bddf8370>,19,14,[8 4],20,119,133,99,107
1,<environment.Job instance at 0x7fe9bdeb4eb0>,20,13,[1 8],21,133,146,112,132
1,<environment.Job instance at 0x7fe97358acd0>,22,14,[7 4],23,146,160,123,134
1,<environment.Job instance at 0x7fe973a05050>,4,26,[7 1],5,72,98,67,72
1,<environment.Job instance at 0x7fe9bdafaf00>,8,19,[8 2],9,19,38,10,19
1,<environment.Job instance at 0x7fe9bd275820>,6,18,[ 4 10],7,38,56,31,31
1,<environment.Job instance at 0x7fe973564460>,6,12,[7 2],7,12,24,5,12
1,<environment.Job instance at 0x7fe973564aa0>,7,20,[2 6],8,12,32,4,12
1,<environment.Job instance at 0x7fe9732d80f0>,2,17,[1 6],3,7,24,4,7
1,<environment.Job instance at 0x7fe9732d8690>,7,13,[5 5],8,24,37,16,8
1,<environment.Job instance at 0x7fe9bd6910a0>,9,16,[9 2],10,37,53,27,25
1,<environment.Job instance at 0x7fe9bd1b3b90>,2,12,[7 3],3,3,15,0,3
1,<environment.Job instance at 0x7fe9bd193500>,9,16,[7 4],10,26,42,16,26
1,<environment.Job instance at 0x7fe9bd1935a0>,10,12,[5 2],11,42,54,31,26
1,<environment.Job instance at 0x7fe9bd3e1370>,7,12,[1 5],8,106,118,98,106
1,<environment.Job instance at 0x7fe9731264b0>,13,16,[ 2 10],14,136,152,122,136
1,<environment.Job instance at 0x7fe9bdd8bc30>,18,18,[ 2 10],19,181,199,162,181
1,<environment.Job instance at 0x7fe973743320>,12,18,[ 3 10],13,69,87,56,69
1,<environment.Job instance at 0x7f2ec187c280>,0,17,[6 1],1,67,84,66,67
1,<environment.Job instance at 0x7f2ec071d5a0>,10,15,[5 1],11,84,99,73,70
1,<environment.Job instance at 0x7f2ec071d640>,11,15,[6 1],12,99,114,87,85
1,<environment.Job instance at 0x7f2ec071d960>,16,28,[5 1],17,140,168,123,140
1,<environment.Job instance at 0x7f2e766e2cd0>,6,18,[7 1],7,8,26,1,8
1,<environment.Job instance at 0x7f2e766e26e0>,7,19,[3 8],8,10,29,2,10
1,<environment.Job instance at 0x7f2e76731730>,9,13,[1 7],10,67,80,57,67
1,<environment.Job instance at 0x7f2e767312d0>,12,18,[10  5],13,80,98,67,69
1,<environment.Job instance at 0x7f2ec0985820>,17,16,[2 8],18,238,254,220,238
1,<environment.Job instance at 0x7f2ec095feb0>,4,18,[ 1 10],5,254,272,249,249
1,<environment.Job instance at 0x7f2ec0b3e640>,3,16,[6 2],4,8,24,4,8
1,<environment.Job instance at 0x7f2ec0592910>,7,14,[2 9],8,24,38,16,14
1,<environment.Job instance at 0x7f2e768cd320>,7,15,[8 2],8,29,44,21,29
1,<environment.Job instance at 0x7f2e7691f050>,18,17,[3 8],19,212,229,193,212
1,<environment.Job instance at 0x7f2ec0ac1a00>,22,14,[5 7],23,229,243,206,217
1,<environment.Job instance at 0x7f2ec095e320>,24,16,[4 7],25,243,259,218,231
1,<environment.Job instance at 0x7f2ec12a3320>,26,14,[1 6],27,259,273,232,250
1,<environment.Job instance at 0x7f2e769265f0>,2,18,[9 2],3,3,21,0,3
1,<environment.Job instance at 0x7f2e76926eb0>,0,17,[10  3],1,21,38,20,10
1,<environment.Job instance at 0x7f2ec0e40cd0>,6,16,[8 1],7,55,71,48,55
1,<environment.Job instance at 0x7f2e76a70550>,9,18,[5 5],10,71,89,61,70
1,<environment.Job instance at 0x7f2e76d6d050>,6,12,[9 1],7,7,19,0,7
1,<environment.Job instance at 0x7f2e76d55a50>,7,12,[ 5 10],8,19,31,11,8
1,<environment.Job instance at 0x7f2e76bc53c0>,9,16,[9 4],10,31,47,21,25
1,<environment.Job instance at 0x7f2e76d6da50>,4,19,[6 2],5,64,83,59,64
1,<environment.Job instance at 0x7f2ec0b45190>,25,14,[8 3],26,273,287,247,273
1,<environment.Job instance at 0x7f2ec1256a50>,4,14,[7 4],5,7,21,2,7
1,<environment.Job instance at 0x7f2e76aa7820>,6,13,[2 7],7,21,34,14,8
1,<environment.Job instance at 0x7f2e76aa7910>,9,20,[8 1],10,21,41,11,12
1,<environment.Job instance at 0x7f2e76ab5b90>,1,16,[5 7],2,22,38,20,22
1,<environment.Job instance at 0x7f2ec0cf78c0>,7,15,[1 9],8,38,53,30,28
1,<environment.Job instance at 0x7f2ec0cf7280>,13,14,[3 8],14,84,98,70,84
1,<environment.Job instance at 0x7f2ec0f9d460>,11,16,[5 3],12,81,97,69,81
1,<environment.Job instance at 0x7f2ec1188410>,16,18,[5 7],17,106,124,89,106
1,<environment.Job instance at 0x7f2e76ca2280>,15,17,[9 2],16,156,173,140,156
1,<environment.Job instance at 0x7f2e76969cd0>,3,19,[5 8],4,30,49,26,30
1,<environment.Job instance at 0x7f2ec1771e10>,12,16,[5 9],13,79,95,66,79
1,<environment.Job instance at 0x7f2e765a30f0>,8,16,[6 3],9,21,37,12,21
1,<environment.Job instance at 0x7f2e765a3f50>,5,13,[8 2],6,37,50,31,21
1,<environment.Job instance at 0x7f2e76c2d6e0>,12,14,[4 7],13,50,64,37,48
1,<environment.Job instance at 0x7f2ec0dc0e60>,3,28,[9 1],4,5,33,1,5
1,<environment.Job instance at 0x7f2ec0e96a50>,9,22,[1 7],10,11,33,1,11
1,<environment.Job instance at 0x7f2ec0e792d0>,17,12,[1 5],18,811,823,793,811
1,<environment.Job instance at 0x7f2ec0dab230>,10,25,[1 7],11,24,49,13,24
1,<environment.Job instance at 0x7f2e76699870>,16,12,[4 6],17,114,126,97,114
1,<environment.Job instance at 0x7f2e76699a00>,17,17,[7 3],18,126,143,108,114
1,<environment.Job instance at 0x7f2ec0b2d5a0>,19,18,[9 1],20,143,161,123,137
1,<environment.Job instance at 0x7f2e7647fe60>,26,15,[10  4],27,297,312,270,297
1,<environment.Job instance at 0x7f2ec09bea00>,27,23,[5 1],28,312,335,284,307
1,<environment.Job instance at 0x7f5fc64fdcd0>,7,12,[7 2],8,8,20,0,8
1,<environment.Job instance at 0x7f5fc64fdf50>,9,17,[8 1],10,32,49,22,32
1,<environment.Job instance at 0x7f5fc64fdfa0>,11,14,[10  4],12,71,85,59,71
1,<environment.Job instance at 0x7f5fc65003c0>,18,18,[3 6],19,141,159,122,141
1,<environment.Job instance at 0x7f5fc65005a0>,20,18,[7 5],21,159,177,138,155
1,<environment.Job instance at 0x7f5fc6500730>,23,18,[7 4],24,201,219,177,201
1,<environment.Job instance at 0x7f5fd1855910>,5,15,[6 2],6,45,60,39,45
1,<environment.Job instance at 0x7f5fd1855410>,11,14,[ 2 10],12,68,82,56,68
1,<environment.Job instance at 0x7f5fd1855050>,6,13,[10  1],7,94,107,87,94
1,<environment.Job instance at 0x7f5fd1856370>,16,12,[6 1],17,108,120,91,108
1,<environment.Job instance at 0x7f5fd1856870>,17,13,[3 5],18,108,121,90,108
1,<environment.Job instance at 0x7f5fd1856aa0>,21,13,[7 2],22,143,156,121,143
1,<environment.Job instance at 0x7f5fd1856280>,24,14,[9 1],25,173,187,148,173
1,<environment.Job instance at 0x7f5fc648c5a0>,26,18,[ 2 10],27,226,244,199,226
1,<environment.Job instance at 0x7f5fd18561e0>,31,17,[2 7],32,244,261,212,232
1,<environment.Job instance at 0x7f5f867f10f0>,7,17,[5 6],8,63,80,55,63
1,<environment.Job instance at 0x7f5f867f1280>,10,15,[2 6],11,89,104,78,89
1,<environment.Job instance at 0x7f5fd1a8a960>,2,12,[10  1],3,241,253,238,241
1,<environment.Job instance at 0x7f5f867eac80>,20,15,[9 2],21,253,268,232,241
1,<environment.Job instance at 0x7f5f86928aa0>,7,16,[6 2],8,77,93,69,77
1,<environment.Job instance at 0x7f5f867a4e60>,17,13,[4 5],18,110,123,92,110
1,<environment.Job instance at 0x7f5f867a44b0>,21,18,[ 4 10],22,1469,1487,1447,1469
1,<environment.Job instance at 0x7f5f86e94be0>,14,17,[2 9],15,188,205,173,188
1,<environment.Job instance at 0x7f5f86e94b40>,16,17,[10  4],17,205,222,188,194
1,<environment.Job instance at 0x7f5f86eb0eb0>,0,17,[2 6],1,11,28,10,11
1,<environment.Job instance at 0x7f5fc697b320>,8,17,[1 7],9,28,45,19,16
1,<environment.Job instance at 0x7f5fc697b5a0>,10,12,[6 2],11,16,28,5,16
1,<environment.Job instance at 0x7f5f86781eb0>,6,14,[5 3],7,43,57,36,43
1,<environment.Job instance at 0x7f5f86d83af0>,1,15,[4 8],2,109,124,107,109
1,<environment.Job instance at 0x7f5fc63fed70>,6,15,[5 7],7,52,67,45,52
1,<environment.Job instance at 0x7f5fc8bdc370>,10,17,[5 4],11,68,85,57,68
1,<environment.Job instance at 0x7f5f86864730>,13,14,[4 9],14,121,135,107,121
1,<environment.Job instance at 0x7f5fc8e89f00>,14,12,[8 2],15,135,147,120,121
1,<environment.Job instance at 0x7f5fc8ea6be0>,16,18,[8 1],17,147,165,130,145
1,<environment.Job instance at 0x7f5fc8ea6c80>,17,13,[7 5],18,165,178,147,149
1,<environment.Job instance at 0x7f5fc6506320>,0,17,[2 6],1,5,22,4,5
1,<environment.Job instance at 0x7f5fc6506460>,3,12,[ 1 10],4,32,44,28,32
1,<environment.Job instance at 0x7f5fc6706550>,8,17,[2 8],9,44,61,35,32
1,<environment.Job instance at 0x7f5f86c39280>,15,14,[3 6],16,129,143,113,129
1,<environment.Job instance at 0x7f5f86c39fa0>,18,13,[1 9],19,222,235,203,222
1,<environment.Job instance at 0x7f5fc8b561e0>,7,21,[3 9],8,18,39,10,18
1,<environment.Job instance at 0x7f5f86db5a00>,5,12,[ 2 10],6,39,51,33,25
1,<environment.Job instance at 0x7f5fc6678460>,6,15,[9 2],7,86,101,79,86
1,<environment.Job instance at 0x7f5f865d1d70>,13,18,[4 7],14,101,119,87,90
1,<environment.Job instance at 0x7f5fc68bb730>,20,23,[7 1],21,135,158,114,135
1,<environment.Job instance at 0x7f5f868f84b0>,22,24,[2 5],23,137,161,114,137
1,<environment.Job instance at 0x7f5fc696fd20>,5,17,[ 5 10],6,54,71,48,54
1,<environment.Job instance at 0x7f5fc696ffa0>,9,13,[6 2],10,90,103,80,90
1,<environment.Job instance at 0x7f5fc69805a0>,18,12,[6 1],19,1836,1848,1817,1836
1,<environment.Job instance at 0x7f5f86bbaf50>,6,27,[4 6],7,7,34,0,7
1,<environment.Job instance at 0x7f5f86bbaeb0>,9,14,[6 5],10,34,48,24,20
1,<environment.Job instance at 0x7f5f86bbad70>,10,13,[5 8],11,94,107,83,94
1,<environment.Job instance at 0x7f5fc8a727d0>,17,13,[7 5],18,118,131,100,118
1,<environment.Job instance at 0x7f5f86a1d500>,0,18,[5 2],1,4,22,3,4
1,<environment.Job instance at 0x7f5fc66f76e0>,15,15,[4 9],16,113,128,97,113
1,<environment.Job instance at 0x7f5fc66f78c0>,17,12,[9 1],18,128,140,110,114
1,<environment.Job instance at 0x7f5f86791f50>,8,14,[ 2 10],9,10,24,1,10
1,<environment.Job instance at 0x7f5f86c736e0>,10,16,[ 3 10],11,24,40,13,23
1,<environment.Job instance at 0x7f5f86c73eb0>,11,18,[5 5],12,40,58,28,39
1,<environment.Job instance at 0x7f5fc8fe12d0>,12,16,[5 5],13,40,56,27,40
1,<environment.Job instance at 0x7f5fc8fe1dc0>,16,18,[1 5],17,97,115,80,97
1,<environment.Job instance at 0x7f5f86d0a8c0>,17,18,[9 5],18,97,115,79,97
1,<environment.Job instance at 0x7f5fc8e4c960>,10,14,[2 5],11,50,64,39,50
1,<environment.Job instance at 0x7f5fc68bda00>,7,13,[9 5],8,103,116,95,103
1,<environment.Job instance at 0x7f5fc8e4c050>,8,16,[3 6],9,116,132,107,104
1,<environment.Job instance at 0x7f5f86e90a00>,18,14,[2 7],19,132,146,113,117
1,<environment.Job instance at 0x7f5fc8e5ebe0>,14,18,[10  1],15,237,255,222,237
1,<environment.Job instance at 0x7f5fc654b960>,5,19,[7 3],6,6,25,0,6
1,<environment.Job instance at 0x7f5f86babd20>,7,18,[2 7],8,55,73,47,55
1,<environment.Job instance at 0x7f5f86d5a050>,12,15,[4 8],13,73,88,60,59
1,<environment.Job instance at 0x7f5fc65b8050>,11,14,[ 4 10],12,88,102,76,82
1,<environment.Job instance at 0x7f5fc68a9050>,17,17,[ 1 10],18,102,119,84,102
1,<environment.Job instance at 0x7fb368115cd0>,7,12,[7 2],8,8,20,0,8
1,<environment.Job instance at 0x7fb368115d70>,9,17,[8 1],10,44,61,34,44
1,<environment.Job instance at 0x7fb368115fa0>,12,22,[4 6],13,61,83,48,56
1,<environment.Job instance at 0x7fb368118370>,18,18,[3 6],19,143,161,124,143
1,<environment.Job instance at 0x7fb368118550>,20,18,[7 5],21,161,179,140,155
1,<environment.Job instance at 0x7fb3681186e0>,23,18,[7 4],24,201,219,177,201
1,<environment.Job instance at 0x7fb36929dd20>,1,14,[ 2 10],2,6,20,4,6
1,<environment.Job instance at 0x7fb36929d050>,6,12,[6 1],7,20,32,13,9
1,<environment.Job instance at 0x7fb36929dbe0>,7,13,[3 5],8,21,34,13,21
1,<environment.Job instance at 0x7fb3693e51e0>,12,18,[5 5],13,32,50,19,21
1,<environment.Job instance at 0x7fb3693e5c80>,14,14,[9 1],15,50,64,35,48
1,<environment.Job instance at 0x7fb3693e5e10>,18,13,[1 5],19,51,64,32,51
1,<environment.Job instance at 0x7fb3693e5500>,19,15,[4 7],20,64,79,44,53
1,<environment.Job instance at 0x7fb3693e8820>,21,17,[2 7],22,79,96,57,67
1,<environment.Job instance at 0x7fb3693e41e0>,27,17,[7 4],28,141,158,113,141
1,<environment.Job instance at 0x7fb32a3bb320>,3,16,[1 8],4,6,22,2,6
1,<environment.Job instance at 0x7fb32a3b8820>,9,19,[4 7],10,29,48,19,29
1,<environment.Job instance at 0x7fb32a3b8a50>,15,16,[5 2],16,91,107,75,91
1,<environment.Job instance at 0x7fb32a8a7050>,5,19,[5 1],6,93,112,87,93
1,<environment.Job instance at 0x7fb32a7e2050>,12,17,[8 5],13,143,160,130,143
1,<environment.Job instance at 0x7fb32a8bfa50>,3,18,[8 5],4,167,185,163,167
1,<environment.Job instance at 0x7fb367fcc140>,6,14,[5 3],7,83,97,76,83
1,<environment.Job instance at 0x7fb367fcc190>,7,14,[8 5],8,133,147,125,133
1,<environment.Job instance at 0x7fb368b76dc0>,1,15,[4 8],2,147,162,145,142
1,<environment.Job instance at 0x7fb32a70d0a0>,7,13,[7 5],8,50,63,42,50
1,<environment.Job instance at 0x7fb368187690>,0,17,[5 4],1,63,80,62,51
1,<environment.Job instance at 0x7fb32a55e3c0>,14,19,[3 9],15,80,99,65,70
1,<environment.Job instance at 0x7fb368a81780>,7,12,[1 6],8,19,31,11,19
1,<environment.Job instance at 0x7fb368727b90>,9,16,[7 3],10,19,35,9,19
1,<environment.Job instance at 0x7fb367f93460>,5,12,[4 8],6,49,61,43,49
1,<environment.Job instance at 0x7fb32a923d70>,7,13,[7 5],8,71,84,63,71
1,<environment.Job instance at 0x7fb32a9233c0>,8,13,[1 8],9,93,106,84,93
1,<environment.Job instance at 0x7fb368472320>,0,13,[5 8],1,122,135,121,122
1,<environment.Job instance at 0x7fb3685ade60>,2,15,[6 2],3,3,18,0,3
1,<environment.Job instance at 0x7fb367eef050>,10,19,[5 6],11,29,48,18,29
1,<environment.Job instance at 0x7fb368c95a50>,12,19,[5 3],13,108,127,95,108
1,<environment.Job instance at 0x7fb368c801e0>,17,14,[8 2],18,149,163,131,149
1,<environment.Job instance at 0x7fb32a2d9190>,2,14,[9 1],3,3,17,0,3
1,<environment.Job instance at 0x7fb368632b90>,3,12,[7 1],4,17,29,13,4
1,<environment.Job instance at 0x7fb32a4cfb90>,8,17,[7 4],9,29,46,20,17
1,<environment.Job instance at 0x7fb3681addc0>,1,16,[6 3],2,209,225,207,209
1,<environment.Job instance at 0x7fb32a5f6910>,14,18,[10  1],15,235,253,220,235
1,<environment.Job instance at 0x7fb32a5f6b40>,18,14,[5 7],19,256,270,237,256
1,<environment.Job instance at 0x7fb3681adc80>,10,18,[10  5],11,270,288,259,259
1,<environment.Job instance at 0x7fb32a5f6d70>,1,14,[ 4 10],2,52,66,50,52
1,<environment.Job instance at 0x7fb368751230>,6,15,[5 5],7,31,46,24,31
1,<environment.Job instance at 0x7fb368a238c0>,13,19,[1 9],14,69,88,55,69
1,<environment.Job instance at 0x7fb368a23230>,10,18,[5 9],11,181,199,170,181
1,<environment.Job instance at 0x7fb32a6da370>,3,13,[1 7],4,4,17,0,4
1,<environment.Job instance at 0x7fb32a6da230>,0,18,[7 5],1,17,35,16,9
1,<environment.Job instance at 0x7fb32a6da8c0>,11,14,[8 1],12,35,49,23,33
1,<environment.Job instance at 0x7fb36812f190>,6,12,[8 4],7,25,37,18,25
1,<environment.Job instance at 0x7fb32a50d730>,15,17,[5 3],16,130,147,114,130
1,<environment.Job instance at 0x7fb32a0db230>,20,13,[4 6],21,180,193,159,180
1,<environment.Job instance at 0x7fb32a631190>,24,13,[10  1],25,206,219,181,206
1,<environment.Job instance at 0x7fb32a631960>,25,18,[1 7],26,219,237,193,208
1,<environment.Job instance at 0x7fb32a631cd0>,26,16,[9 3],27,219,235,192,208
1,<environment.Job instance at 0x7ff7c2c80320>,5,18,[7 5],6,23,41,17,23
1,<environment.Job instance at 0x7ff7c2c80550>,9,17,[8 1],10,44,61,34,44
1,<environment.Job instance at 0x7ff7c2c80500>,7,12,[7 2],8,61,73,53,44
1,<environment.Job instance at 0x7ff7c2c80690>,11,14,[10  4],12,74,88,62,74
1,<environment.Job instance at 0x7ff7c2c80af0>,18,18,[3 6],19,386,404,367,386
1,<environment.Job instance at 0x7ff7c2c80d70>,20,18,[7 5],21,407,425,386,407
1,<environment.Job instance at 0x7ff7c2c80fa0>,23,18,[7 4],24,444,462,420,444
1,<environment.Job instance at 0x7ff7c3e068c0>,1,13,[7 2],2,7,20,5,7
1,<environment.Job instance at 0x7ff7c3e09f50>,8,13,[1 5],9,9,22,0,9
1,<environment.Job instance at 0x7ff7c3f459b0>,9,15,[4 7],10,22,37,12,10
1,<environment.Job instance at 0x7ff7c3f45780>,11,17,[2 7],12,67,84,55,67
1,<environment.Job instance at 0x7ff7c3f49e10>,17,17,[7 4],18,84,101,66,83
1,<environment.Job instance at 0x7ff7c3e090a0>,6,18,[ 2 10],7,108,126,101,108
1,<environment.Job instance at 0x7ff778cc1f50>,7,25,[5 4],8,52,77,44,52
1,<environment.Job instance at 0x7ff778cc1e60>,10,15,[6 2],11,77,92,66,71
1,<environment.Job instance at 0x7ff778cb9b90>,17,16,[6 2],18,122,138,104,122
1,<environment.Job instance at 0x7ff778cb9410>,4,17,[2 9],5,46,63,41,46
1,<environment.Job instance at 0x7ff778cb90f0>,10,12,[5 9],11,63,75,52,59
1,<environment.Job instance at 0x7ff778cb9280>,11,14,[2 9],12,75,89,63,60
1,<environment.Job instance at 0x7ff778cb91e0>,13,15,[5 9],14,89,104,75,76
1,<environment.Job instance at 0x7ff7c3f44c80>,17,15,[5 6],18,121,136,103,121
1,<environment.Job instance at 0x7ff7c2bcacd0>,20,15,[ 5 10],21,1973,1988,1952,1973
1,<environment.Job instance at 0x7ff7790d12d0>,9,16,[7 2],10,123,139,113,123
1,<environment.Job instance at 0x7ff7790d1690>,15,25,[5 3],16,148,173,132,148
1,<environment.Job instance at 0x7ff7790d1730>,16,18,[7 1],17,173,191,156,170
1,<environment.Job instance at 0x7ff77906ea50>,6,15,[5 7],7,48,63,41,48
1,<environment.Job instance at 0x7ff77906e780>,0,17,[2 8],1,72,89,71,72
1,<environment.Job instance at 0x7ff77906ea00>,13,14,[4 9],14,125,139,111,125
1,<environment.Job instance at 0x7ff77906ef00>,14,12,[8 2],15,139,151,124,125
1,<environment.Job instance at 0x7ff77906e370>,16,18,[8 1],17,151,169,134,146
1,<environment.Job instance at 0x7ff77906e5f0>,17,13,[7 5],18,169,182,151,155
1,<environment.Job instance at 0x7ff77906e5a0>,18,13,[1 7],19,155,168,136,155
1,<environment.Job instance at 0x7ff7c30d45f0>,4,20,[2 8],5,40,60,35,40
1,<environment.Job instance at 0x7ff7c2b7f5a0>,4,17,[2 5],5,58,75,53,58
1,<environment.Job instance at 0x7ff7c2b7fa00>,13,17,[6 1],14,62,79,48,62
1,<environment.Job instance at 0x7ff7c2b7fbe0>,16,15,[9 2],17,103,118,86,103
1,<environment.Job instance at 0x7ff7c2bcce10>,8,12,[6 1],9,23,35,14,23
1,<environment.Job instance at 0x7ff7c2fdd500>,12,14,[9 5],13,71,85,58,71
1,<environment.Job instance at 0x7ff778c29050>,8,14,[6 5],9,9,23,0,9
1,<environment.Job instance at 0x7ff778c29870>,6,15,[6 1],7,23,38,16,11
1,<environment.Job instance at 0x7ff7c3001d70>,10,12,[1 5],11,12,24,1,12
1,<environment.Job instance at 0x7ff779257870>,2,13,[1 8],3,62,75,59,62
1,<environment.Job instance at 0x7ff7790886e0>,9,19,[ 4 10],10,107,126,97,107
1,<environment.Job instance at 0x7ff7c3302aa0>,20,21,[5 4],21,126,147,105,121
1,<environment.Job instance at 0x7ff7c3d0d190>,4,18,[8 3],5,5,23,0,5
1,<environment.Job instance at 0x7ff7c2cfae10>,7,15,[6 2],8,23,38,15,9
1,<environment.Job instance at 0x7ff7c2fc5eb0>,6,15,[9 4],7,84,99,77,84
1,<environment.Job instance at 0x7ff778a50d70>,0,18,[10  5],1,182,200,181,182
1,<environment.Job instance at 0x7ff7c2fd7410>,19,15,[2 8],20,200,215,180,186
1,<environment.Job instance at 0x7ff7c2fd73c0>,21,12,[6 1],22,200,212,178,197
1,<environment.Job instance at 0x7ff7c2b66aa0>,5,18,[9 5],6,7,25,1,7
1,<environment.Job instance at 0x7ff7c2b66050>,4,15,[2 5],5,59,74,54,59
1,<environment.Job instance at 0x7ff7c30b6870>,9,15,[7 1],10,61,76,51,61
1,<environment.Job instance at 0x7ff7c30b6050>,10,17,[2 6],11,99,116,88,99
1,<environment.Job instance at 0x7ff778996f50>,4,12,[6 3],5,6,18,1,6
1,<environment.Job instance at 0x7ff7c3347dc0>,3,14,[4 5],4,20,34,16,20
1,<environment.Job instance at 0x7ff779378460>,5,14,[1 7],6,34,48,28,20
1,<environment.Job instance at 0x7ff7793781e0>,2,12,[4 7],3,4,16,1,4
1,<environment.Job instance at 0x7ff7789a20a0>,5,12,[ 5 10],6,8,20,2,8
1,<environment.Job instance at 0x7ff7789a2af0>,7,16,[1 6],8,20,36,12,12
1,<environment.Job instance at 0x7ff7789a2190>,10,24,[6 1],11,20,44,9,16
1,<environment.Job instance at 0x7ff7789a2820>,18,17,[8 4],19,149,166,130,149
1,<environment.Job instance at 0x7f12ec8e6460>,5,18,[7 5],6,6,24,0,6
1,<environment.Job instance at 0x7f12ec8e66e0>,9,17,[8 1],10,24,41,14,20
1,<environment.Job instance at 0x7f12ec8e6730>,11,14,[10  4],12,76,90,64,76
1,<environment.Job instance at 0x7f12ec8e6b90>,18,18,[3 6],19,143,161,124,143
1,<environment.Job instance at 0x7f12ec8e6e60>,20,18,[7 5],21,161,179,140,154
1,<environment.Job instance at 0x7f12ec8e8230>,23,18,[7 4],24,215,233,191,215
1,<environment.Job instance at 0x7f12ec8e81e0>,1,17,[2 7],2,15,32,13,15
1,<environment.Job instance at 0x7f12f3d1c460>,7,17,[7 4],8,40,57,32,40
1,<environment.Job instance at 0x7f12a8c16eb0>,8,22,[ 2 10],9,25,47,16,25
1,<environment.Job instance at 0x7f12a8c16690>,11,18,[ 4 10],12,47,65,35,46
1,<environment.Job instance at 0x7f12a8c16640>,13,16,[7 1],14,67,83,53,67
1,<environment.Job instance at 0x7f12a9214f00>,3,18,[8 5],4,143,161,139,143
1,<environment.Job instance at 0x7f12a90a9780>,14,19,[10  4],15,171,190,156,171
1,<environment.Job instance at 0x7f12ec8d9dc0>,4,16,[8 3],5,67,83,62,67
1,<environment.Job instance at 0x7f12ec937640>,0,14,[7 2],1,83,97,82,68
1,<environment.Job instance at 0x7f12a8fdfbe0>,13,16,[2 8],14,144,160,130,144
1,<environment.Job instance at 0x7f12f3105af0>,5,14,[9 5],6,7,21,1,7
1,<environment.Job instance at 0x7f12f3105c80>,8,17,[2 8],9,32,49,23,32
1,<environment.Job instance at 0x7f12f3573e10>,0,17,[2 6],1,49,66,48,37
1,<environment.Job instance at 0x7f12a91b6af0>,7,12,[1 6],8,23,35,15,23
1,<environment.Job instance at 0x7f12ecbabcd0>,9,16,[7 3],10,23,39,13,23
1,<environment.Job instance at 0x7f12ec9bcaf0>,12,14,[ 4 10],13,93,107,80,93
1,<environment.Job instance at 0x7f12a8eb1b40>,8,12,[6 1],9,23,35,14,23
1,<environment.Job instance at 0x7f12a8eb4230>,12,14,[9 5],13,75,89,62,75
1,<environment.Job instance at 0x7f12f38627d0>,11,15,[10  1],12,79,94,67,79
1,<environment.Job instance at 0x7f12ec6e5690>,19,14,[6 5],20,205,219,185,205
1,<environment.Job instance at 0x7f12ec6e55a0>,20,13,[5 8],21,219,232,198,205
1,<environment.Job instance at 0x7f12a8df9690>,6,16,[9 4],7,7,23,0,7
1,<environment.Job instance at 0x7f12a8df95a0>,5,14,[4 7],6,23,37,17,8
1,<environment.Job instance at 0x7f12a8df9910>,8,14,[ 2 10],9,37,51,28,22
1,<environment.Job instance at 0x7f12a8df9c80>,16,18,[1 5],17,127,145,110,127
1,<environment.Job instance at 0x7f12a8df9d20>,17,18,[9 5],18,127,145,109,127
1,<environment.Job instance at 0x7f12a8df9dc0>,18,19,[4 5],19,145,164,126,135
1,<environment.Job instance at 0x7f12f3719640>,6,15,[6 1],7,11,26,4,11
1,<environment.Job instance at 0x7f12ecde3a50>,5,18,[1 6],6,33,51,27,33
1,<environment.Job instance at 0x7f12f3719cd0>,8,17,[5 5],9,68,85,59,68
1,<environment.Job instance at 0x7f12f3719870>,10,13,[3 8],11,85,98,74,70
1,<environment.Job instance at 0x7f12f3719f50>,14,17,[1 9],15,98,115,83,90
1,<environment.Job instance at 0x7f12ecd02460>,5,12,[ 1 10],6,22,34,16,22
1,<environment.Job instance at 0x7f12ec749e10>,8,17,[2 5],9,34,51,25,22
1,<environment.Job instance at 0x7f12a9092af0>,5,14,[1 7],6,6,20,0,6
1,<environment.Job instance at 0x7f12ec749550>,3,14,[4 5],4,20,34,16,19
1,<environment.Job instance at 0x7f12a8ed5eb0>,10,22,[6 5],11,20,42,9,19
1,<environment.Job instance at 0x7f12a8bb1dc0>,8,14,[5 7],9,51,65,42,51
1,<environment.Job instance at 0x7f12a8bb1eb0>,18,22,[ 1 10],19,172,194,153,172
1,<environment.Job instance at 0x7f12ec8c1910>,2,14,[8 5],3,3,17,0,3
1,<environment.Job instance at 0x7f12ec8c10f0>,6,14,[1 8],7,17,31,10,8
1,<environment.Job instance at 0x7f12a9033cd0>,8,15,[10  1],9,31,46,22,17
1,<environment.Job instance at 0x7f12a9052690>,13,16,[3 7],14,49,65,35,49
1,<environment.Job instance at 0x7f12a904c050>,20,13,[5 5],21,160,173,139,160
1,<environment.Job instance at 0x7f12a904c820>,22,19,[2 6],23,185,204,162,185
1,<environment.Job instance at 0x7f12ec64ee60>,7,16,[9 1],8,30,46,22,30
1,<environment.Job instance at 0x7f12ecbdeb90>,11,13,[10  3],12,136,149,124,136
1,<environment.Job instance at 0x7f12ec694370>,4,14,[4 7],5,7,21,2,7
1,<environment.Job instance at 0x7f12ec7db870>,11,24,[1 6],12,44,68,32,44
1,<environment.Job instance at 0x7f12ec7f9410>,0,13,[9 3],1,71,84,70,71
1,<environment.Job instance at 0x7f12ec7478c0>,13,16,[2 8],14,94,110,80,94
1,<environment.Job instance at 0x7f12f328a820>,17,15,[ 4 10],18,110,125,92,97
1,<environment.Job instance at 0x7f12f363f780>,19,28,[1 7],20,126,154,106,126
1,<environment.Job instance at 0x7f24c9450500>,7,12,[7 2],8,23,35,15,23
1,<environment.Job instance at 0x7f24c94505a0>,9,17,[8 1],10,44,61,34,44
1,<environment.Job instance at 0x7f24c94506e0>,11,14,[10  4],12,61,75,49,46
1,<environment.Job instance at 0x7f24ce88ae60>,12,12,[10  1],13,103,115,90,103
1,<environment.Job instance at 0x7f24ce9c65a0>,17,17,[5 6],18,159,176,141,159
1,<environment.Job instance at 0x7f24ce9c66e0>,1,13,[ 4 10],2,93,106,91,93
1,<environment.Job instance at 0x7f2483824c80>,3,21,[5 1],4,22,43,18,22
1,<environment.Job instance at 0x7f2483b60c80>,6,18,[4 9],7,27,45,20,27
1,<environment.Job instance at 0x7f248382ba50>,22,12,[2 7],23,178,190,155,178
1,<environment.Job instance at 0x7f248382baa0>,26,18,[7 1],27,274,292,247,274
1,<environment.Job instance at 0x7f2483b55e60>,8,13,[1 7],9,50,63,41,50
1,<environment.Job instance at 0x7f2483b55f00>,6,18,[8 1],7,51,69,44,51
1,<environment.Job instance at 0x7f24c95bd820>,4,12,[8 2],5,69,81,64,52
1,<environment.Job instance at 0x7f2483b3f410>,12,15,[10  5],13,81,96,68,70
1,<environment.Job instance at 0x7f248382baa0>,3,14,[4 9],4,117,131,113,117
1,<environment.Job instance at 0x7f2483b3f910>,20,14,[3 6],21,144,158,123,144
1,<environment.Job instance at 0x7f2483b3f7d0>,18,15,[4 9],19,169,184,150,169
1,<environment.Job instance at 0x7f2483b3fc30>,25,12,[9 3],26,213,225,187,213
1,<environment.Job instance at 0x7f2483b3f050>,5,14,[5 8],6,60,74,54,60
1,<environment.Job instance at 0x7f2483d1c5a0>,19,16,[2 5],20,167,183,147,167
1,<environment.Job instance at 0x7f2483a4b550>,4,13,[ 5 10],5,18,31,13,18
1,<environment.Job instance at 0x7f24838cbcd0>,20,20,[6 5],21,778,798,757,778
1,<environment.Job instance at 0x7f2483a24780>,8,14,[6 5],9,9,23,0,9
1,<environment.Job instance at 0x7f2483a24690>,6,15,[6 1],7,23,38,16,11
1,<environment.Job instance at 0x7f2483a24910>,10,12,[1 5],11,12,24,1,12
1,<environment.Job instance at 0x7f2483a24fa0>,20,21,[5 4],21,132,153,111,132
1,<environment.Job instance at 0x7f2483a23140>,22,20,[4 5],23,136,156,113,136
1,<environment.Job instance at 0x7f24c91fbdc0>,2,15,[6 2],3,3,18,0,3
1,<environment.Job instance at 0x7f24c9aa50f0>,2,16,[5 5],3,3,19,0,3
1,<environment.Job instance at 0x7f248359c320>,1,18,[5 5],2,4,22,2,4
1,<environment.Job instance at 0x7f24c9407910>,6,18,[1 5],7,70,88,63,70
1,<environment.Job instance at 0x7f2483cf22d0>,7,18,[9 5],8,70,88,62,70
1,<environment.Job instance at 0x7f24c93be3c0>,16,16,[8 3],17,94,110,77,94
1,<environment.Job instance at 0x7f2483d0be10>,0,16,[ 3 10],1,140,156,139,140
1,<environment.Job instance at 0x7f2483b65640>,23,18,[5 5],24,160,178,136,160
1,<environment.Job instance at 0x7f24c9d072d0>,27,14,[5 1],28,216,230,188,216
1,<environment.Job instance at 0x7f24835c2320>,13,19,[ 4 10],14,171,190,157,171
1,<environment.Job instance at 0x7f24835c23c0>,14,18,[10  1],15,190,208,175,179
1,<environment.Job instance at 0x7f24835c2500>,16,15,[9 4],17,208,223,191,194
1,<environment.Job instance at 0x7f24c950c640>,0,17,[2 6],1,69,86,68,69
1,<environment.Job instance at 0x7f24837ec730>,3,13,[1 7],4,7,20,3,7
1,<environment.Job instance at 0x7f24836815f0>,0,18,[7 5],1,20,38,19,9
1,<environment.Job instance at 0x7f24837ec690>,11,14,[8 1],12,38,52,26,33
1,<environment.Job instance at 0x7f248346dc30>,10,14,[9 1],11,116,130,105,116
1,<environment.Job instance at 0x7f24c971b960>,3,18,[7 4],4,138,156,134,138
1,<environment.Job instance at 0x7f2483495910>,16,17,[5 1],17,156,173,139,147
1,<environment.Job instance at 0x7f248346dcd0>,15,15,[ 1 10],16,184,199,168,184
1,<environment.Job instance at 0x7f24c982e9b0>,7,16,[1 6],8,46,62,38,46
1,<environment.Job instance at 0x7f248355acd0>,5,12,[ 5 10],6,164,176,158,164
1,<environment.Job instance at 0x7f24c9ce40f0>,18,17,[8 4],19,189,206,170,189
1,<environment.Job instance at 0x7f248355aaa0>,3,18,[3 8],4,206,224,202,196
1,<environment.Job instance at 0x7f24c9f7f910>,2,15,[3 7],3,3,18,0,3
1,<environment.Job instance at 0x7f24837935a0>,7,16,[8 4],8,18,34,10,8
1,<environment.Job instance at 0x7f2483793370>,5,19,[2 5],6,97,116,91,97
1,<environment.Job instance at 0x7f24c9ae13c0>,2,16,[8 2],3,3,19,0,3
1,<environment.Job instance at 0x7f2483793a00>,4,14,[4 7],5,19,33,14,7
1,<environment.Job instance at 0x7f24c9d5b230>,7,15,[ 4 10],8,27,42,19,27
1,<environment.Job instance at 0x7f2483ca40a0>,3,16,[2 8],4,75,91,71,75
1,<environment.Job instance at 0x7f24c996c870>,14,14,[9 1],15,124,138,109,124
1,<environment.Job instance at 0x7f24c996ca00>,17,16,[5 1],18,138,154,120,126
1,<environment.Job instance at 0x7f24c996c5f0>,10,18,[ 2 10],11,154,172,143,143
1,<environment.Job instance at 0x7f248367cb40>,7,14,[5 6],8,44,58,36,44
1,<environment.Job instance at 0x7f248367c870>,8,16,[8 4],9,58,74,49,45
1,<environment.Job instance at 0x7f24c94a6d20>,17,13,[7 1],18,136,149,118,136
1,<environment.Job instance at 0x7f24c94a6fa0>,22,15,[5 6],23,180,195,157,180
1,<environment.Job instance at 0x7f24837e5a00>,16,13,[6 5],17,240,253,223,240
1,<environment.Job instance at 0x7f24c9af4f50>,20,18,[ 1 10],21,284,302,263,284
1,<environment.Job instance at 0x7f36ba6285f0>,7,12,[7 2],8,8,20,0,8
1,<environment.Job instance at 0x7f36ba628500>,9,17,[8 1],10,20,37,10,10
1,<environment.Job instance at 0x7f36ba6289b0>,12,22,[4 6],13,37,59,24,33
1,<environment.Job instance at 0x7f36ba628c30>,18,18,[3 6],19,145,163,126,145
1,<environment.Job instance at 0x7f36ba628fa0>,20,18,[7 5],21,163,181,142,157
1,<environment.Job instance at 0x7f36ba62b2d0>,23,18,[7 4],24,204,222,180,204
1,<environment.Job instance at 0x7f36bfba5140>,19,14,[9 1],20,227,241,207,227
1,<environment.Job instance at 0x7f36bfba5d70>,20,15,[9 2],21,241,256,220,227
1,<environment.Job instance at 0x7f36749c2e60>,7,27,[5 3],8,28,55,20,28
1,<environment.Job instance at 0x7f36749c2b90>,14,17,[2 9],15,164,181,149,164
1,<environment.Job instance at 0x7f36749f7280>,6,14,[5 3],7,83,97,76,83
1,<environment.Job instance at 0x7f3674a00550>,1,15,[4 8],2,137,152,135,137
1,<environment.Job instance at 0x7f36749f74b0>,3,12,[ 1 10],4,5,17,1,5
1,<environment.Job instance at 0x7f3674d20460>,5,14,[9 5],6,17,31,11,6
1,<environment.Job instance at 0x7f3674d20a00>,10,16,[ 1 10],11,51,67,40,51
1,<environment.Job instance at 0x7f36bb1da190>,3,17,[6 1],4,4,21,0,4
1,<environment.Job instance at 0x7f36bb1dad20>,5,12,[ 2 10],6,38,50,32,38
1,<environment.Job instance at 0x7f3674a60320>,1,18,[5 8],2,67,85,65,67
1,<environment.Job instance at 0x7f36ba7b71e0>,21,17,[10  4],22,176,193,154,176
1,<environment.Job instance at 0x7f36ba7b7a50>,26,15,[5 7],27,208,223,181,208
1,<environment.Job instance at 0x7f36bb21bdc0>,1,17,[2 7],2,25,42,23,25
1,<environment.Job instance at 0x7f3674e83b40>,8,27,[5 1],9,31,58,22,31
1,<environment.Job instance at 0x7f36bb317370>,3,18,[6 5],4,76,94,72,76
1,<environment.Job instance at 0x7f3674ccbd20>,8,12,[1 7],9,94,106,85,77
1,<environment.Job instance at 0x7f36bae0b870>,5,14,[4 7],6,6,20,0,6
1,<environment.Job instance at 0x7f36bb2aa780>,6,16,[9 4],7,20,36,13,20
1,<environment.Job instance at 0x7f36bae3f280>,8,14,[ 2 10],9,36,50,27,21
1,<environment.Job instance at 0x7f36bae3f1e0>,12,16,[5 5],13,50,66,37,39
1,<environment.Job instance at 0x7f36bae3f460>,16,18,[1 5],17,160,178,143,160
1,<environment.Job instance at 0x7f36bae3f4b0>,17,18,[9 5],18,160,178,142,160
1,<environment.Job instance at 0x7f36bae3f820>,18,19,[4 5],19,178,197,159,168
1,<environment.Job instance at 0x7f36ba3f33c0>,6,21,[8 1],7,24,45,17,24
1,<environment.Job instance at 0x7f3674ee2780>,1,16,[6 3],2,169,185,167,169
1,<environment.Job instance at 0x7f3674ed5eb0>,16,15,[9 4],17,224,239,207,224
1,<environment.Job instance at 0x7f36bb1b87d0>,2,18,[10  2],3,37,55,34,37
1,<environment.Job instance at 0x7f36747ab500>,7,17,[2 6],8,94,111,86,94
1,<environment.Job instance at 0x7f36747ab820>,12,15,[4 5],13,111,126,98,97
1,<environment.Job instance at 0x7f36747ab960>,14,17,[3 5],15,119,136,104,119
1,<environment.Job instance at 0x7f36748d4550>,12,21,[6 4],13,40,61,27,40
1,<environment.Job instance at 0x7f36ba7a1960>,23,14,[4 5],24,213,227,189,213
1,<environment.Job instance at 0x7f36ba7a1f00>,25,14,[1 7],26,234,248,208,234
1,<environment.Job instance at 0x7f36ba7a1be0>,27,23,[2 6],28,248,271,220,243
1,<environment.Job instance at 0x7f36bb30fdc0>,0,14,[8 4],1,3,17,2,3
1,<environment.Job instance at 0x7f36ba49e960>,7,20,[4 5],8,48,68,40,48
1,<environment.Job instance at 0x7f36ba6d0c30>,17,22,[5 7],18,130,152,112,130
1,<environment.Job instance at 0x7f36baa052d0>,0,13,[5 5],1,96,109,95,96
1,<environment.Job instance at 0x7f36747dde10>,6,18,[2 5],7,98,116,91,98
1,<environment.Job instance at 0x7f36747ddaa0>,11,18,[3 9],12,116,134,104,106
1,<environment.Job instance at 0x7f36747df6e0>,18,17,[6 2],19,134,151,115,124
1,<environment.Job instance at 0x7f36bac39d20>,21,15,[8 2],22,1566,1581,1544,1566
1,<environment.Job instance at 0x7f3674c57820>,3,18,[7 1],4,4,22,0,4
1,<environment.Job instance at 0x7f36bacb3c80>,5,21,[5 5],6,23,44,17,23
1,<environment.Job instance at 0x7f36ba83fe60>,1,18,[1 9],2,45,63,43,45
1,<environment.Job instance at 0x7f3674701d70>,5,12,[3 5],6,9,21,3,9
1,<environment.Job instance at 0x7f36747013c0>,4,16,[10  2],5,43,59,38,43
1,<environment.Job instance at 0x7f3674b74550>,14,12,[7 1],15,117,129,102,117
1,<environment.Job instance at 0x7f3674b7f1e0>,18,12,[7 5],19,163,175,144,163
1,<environment.Job instance at 0x7f3674b8c1e0>,21,17,[9 4],22,175,192,153,169
1,<environment.Job instance at 0x7f36baba4320>,2,14,[8 4],3,3,17,0,3
1,<environment.Job instance at 0x7f36baba4dc0>,6,14,[9 3],7,17,31,10,8
1,<environment.Job instance at 0x7f3674c243c0>,11,13,[4 5],12,31,44,19,28
1,<environment.Job instance at 0x7f3674c24190>,13,14,[8 4],14,72,86,58,72
1,<environment.Job instance at 0x7f3674fa0af0>,4,13,[5 5],5,21,34,16,21
1,<environment.Job instance at 0x7f3674fa0500>,9,17,[3 5],10,73,90,63,73
1,<environment.Job instance at 0x7f36ba4e0690>,17,17,[ 2 10],18,177,194,159,177
1,<environment.Job instance at 0x7f36bacb6e10>,24,22,[2 8],25,256,278,231,256
1,<environment.Job instance at 0x7f36bacb6910>,26,20,[1 7],27,278,298,251,270
1,<environment.Job instance at 0x7f36bacb6500>,29,14,[6 2],30,281,295,251,281
1,<environment.Job instance at 0x7f36bacb6780>,28,16,[3 8],29,303,319,274,303
1,<environment.Job instance at 0x7f36baa6e460>,37,14,[5 6],38,959,973,921,959
1,<environment.Job instance at 0x7f36747ad190>,9,24,[1 7],10,72,96,62,72
1,<environment.Job instance at 0x7f36baa910f0>,24,19,[5 3],25,360,379,335,360
1,<environment.Job instance at 0x7f042346c550>,7,12,[7 2],8,8,20,0,8
1,<environment.Job instance at 0x7f042346c460>,5,18,[7 5],6,20,38,14,9
1,<environment.Job instance at 0x7f042346cc30>,18,18,[3 6],19,157,175,138,157
1,<environment.Job instance at 0x7f042346cfa0>,20,18,[7 5],21,175,193,154,170
1,<environment.Job instance at 0x7f042346f280>,23,18,[7 4],24,214,232,190,214
1,<environment.Job instance at 0x7f04247388c0>,7,21,[1 6],8,22,43,14,22
1,<environment.Job instance at 0x7f0424738aa0>,9,14,[9 1],10,45,59,35,45
1,<environment.Job instance at 0x7f042473d230>,19,19,[4 7],20,174,193,154,174
1,<environment.Job instance at 0x7f042473a320>,3,15,[5 9],4,77,92,73,77
1,<environment.Job instance at 0x7f03d94b5550>,1,14,[2 9],2,92,106,90,85
1,<environment.Job instance at 0x7f03d940aa00>,10,12,[4 7],11,24,36,13,24
1,<environment.Job instance at 0x7f03d940a410>,11,26,[5 3],12,29,55,17,29
1,<environment.Job instance at 0x7f03d9574fa0>,17,17,[6 3],18,72,89,54,72
1,<environment.Job instance at 0x7f03d95745a0>,20,17,[2 8],21,113,130,92,113
1,<environment.Job instance at 0x7f03d952b870>,4,22,[5 3],5,20,42,15,20
1,<environment.Job instance at 0x7f03d98b6e10>,8,17,[9 1],9,42,59,33,32
1,<environment.Job instance at 0x7f04236ad370>,7,14,[ 3 10],8,54,68,46,54
1,<environment.Job instance at 0x7f03d940a550>,9,13,[6 2],10,105,118,95,105
1,<environment.Job instance at 0x7f03d940a0a0>,10,20,[6 5],11,121,141,110,121
1,<environment.Job instance at 0x7f0423ac6550>,8,13,[1 8],9,71,84,62,71
1,<environment.Job instance at 0x7f0423d0dfa0>,0,13,[5 8],1,93,106,92,93
1,<environment.Job instance at 0x7f0423ac65a0>,7,13,[7 5],8,124,137,116,124
1,<environment.Job instance at 0x7f04241d0d70>,0,13,[3 5],1,5,18,4,5
1,<environment.Job instance at 0x7f03d940c6e0>,2,22,[ 2 10],3,3,25,0,3
1,<environment.Job instance at 0x7f04235fd8c0>,8,17,[5 5],9,48,65,39,48
1,<environment.Job instance at 0x7f03d94b62d0>,12,17,[1 8],13,65,82,52,53
1,<environment.Job instance at 0x7f03d94b6aa0>,16,13,[9 2],17,68,81,51,68
1,<environment.Job instance at 0x7f042388dc30>,9,17,[4 6],10,82,99,72,73
1,<environment.Job instance at 0x7f0423aec550>,12,18,[10  2],13,99,117,86,99
1,<environment.Job instance at 0x7f0423f33320>,4,26,[6 1],5,5,31,0,5
1,<environment.Job instance at 0x7f03d94c4dc0>,12,21,[6 4],13,54,75,41,54
1,<environment.Job instance at 0x7f03d94c4d20>,11,12,[ 1 10],12,75,87,63,58
1,<environment.Job instance at 0x7f03d94fc0a0>,16,16,[5 6],17,125,141,108,125
1,<environment.Job instance at 0x7f03d94fc7d0>,25,14,[1 7],26,218,232,192,218
1,<environment.Job instance at 0x7f042365c5a0>,8,22,[ 1 10],9,28,50,19,28
1,<environment.Job instance at 0x7f0423f15fa0>,5,16,[10  3],6,55,71,49,55
1,<environment.Job instance at 0x7f042371c370>,7,20,[1 7],8,25,45,17,25
1,<environment.Job instance at 0x7f042371ca50>,9,15,[9 4],10,45,60,35,31
1,<environment.Job instance at 0x7f042371c870>,5,23,[1 6],6,51,74,45,51
1,<environment.Job instance at 0x7f04232c4960>,12,16,[8 2],13,60,76,47,53
1,<environment.Job instance at 0x7f0423920a50>,7,16,[5 1],8,25,41,17,25
1,<environment.Job instance at 0x7f03d9994280>,9,13,[8 3],10,50,63,40,50
1,<environment.Job instance at 0x7f03d9523fa0>,7,12,[7 2],8,8,20,0,8
1,<environment.Job instance at 0x7f03d9523d70>,9,16,[3 5],10,22,38,12,22
1,<environment.Job instance at 0x7f03d9523550>,15,15,[1 8],16,100,115,84,100
1,<environment.Job instance at 0x7f04232f9690>,20,14,[ 4 10],21,194,208,173,194
1,<environment.Job instance at 0x7f04232f9230>,21,13,[5 8],22,208,221,186,194
1,<environment.Job instance at 0x7f04232ed960>,26,14,[7 5],27,221,235,194,215
1,<environment.Job instance at 0x7f03d98f5dc0>,5,15,[5 5],6,7,22,1,7
1,<environment.Job instance at 0x7f0424733550>,6,15,[5 5],7,7,22,0,7
1,<environment.Job instance at 0x7f03d97b51e0>,3,14,[3 7],4,22,36,18,16
1,<environment.Job instance at 0x7f04234568c0>,12,13,[2 8],13,101,114,88,101
1,<environment.Job instance at 0x7f0423e35e10>,7,17,[1 7],8,33,50,25,33
1,<environment.Job instance at 0x7f0423f85410>,4,17,[9 4],5,86,103,81,86
1,<environment.Job instance at 0x7f0423e35eb0>,22,18,[3 8],23,139,157,116,139
1,<environment.Job instance at 0x7f4cb594a500>,7,12,[7 2],8,44,56,36,44
1,<environment.Job instance at 0x7f4cb594a5a0>,9,17,[8 1],10,56,73,46,44
1,<environment.Job instance at 0x7f4cb594ab40>,18,18,[3 6],19,143,161,124,143
1,<environment.Job instance at 0x7f4cb594ad20>,20,18,[7 5],21,161,179,140,154
1,<environment.Job instance at 0x7f4cb594aeb0>,23,18,[7 4],24,201,219,177,201
1,<environment.Job instance at 0x7f4cb6ad04b0>,3,16,[1 8],4,21,37,17,21
1,<environment.Job instance at 0x7f4c6ba25960>,10,17,[2 6],11,143,160,132,143
1,<environment.Job instance at 0x7f4c6ba25be0>,3,18,[8 5],4,181,199,177,181
1,<environment.Job instance at 0x7f4c6b952b90>,7,13,[7 5],8,50,63,42,50
1,<environment.Job instance at 0x7f4c6b9520f0>,8,13,[1 7],9,63,76,54,50
1,<environment.Job instance at 0x7f4c6ba25be0>,3,14,[4 9],4,76,90,72,61
1,<environment.Job instance at 0x7f4c6b952780>,14,19,[3 9],15,117,136,102,117
1,<environment.Job instance at 0x7f4c6ba1f730>,20,14,[3 6],21,144,158,123,144
1,<environment.Job instance at 0x7f4c6b9527d0>,18,15,[4 9],19,169,184,150,169
1,<environment.Job instance at 0x7f4c6ba1f050>,25,12,[9 3],26,211,223,185,211
1,<environment.Job instance at 0x7f4c6bd96460>,9,16,[7 3],10,38,54,28,38
1,<environment.Job instance at 0x7f4cb6242f50>,8,27,[5 1],9,30,57,21,30
1,<environment.Job instance at 0x7f4cb63f1f50>,2,15,[6 2],3,3,18,0,3
1,<environment.Job instance at 0x7f4cb6b2f1e0>,2,14,[9 1],3,3,17,0,3
1,<environment.Job instance at 0x7f4c6bf19af0>,8,17,[7 4],9,17,34,8,9
1,<environment.Job instance at 0x7f4cb6b2f780>,7,15,[6 2],8,34,49,26,21
1,<environment.Job instance at 0x7f4c6bbea9b0>,7,17,[ 1 10],8,23,40,15,23
1,<environment.Job instance at 0x7f4cb5cbd280>,15,16,[1 7],16,125,141,109,125
1,<environment.Job instance at 0x7f4cb64962d0>,3,13,[1 7],4,7,20,3,7
1,<environment.Job instance at 0x7f4c6bd2b690>,0,18,[7 5],1,20,38,19,9
1,<environment.Job instance at 0x7f4c6bd2ba00>,5,16,[3 9],6,38,54,32,33
1,<environment.Job instance at 0x7f4cb62f93c0>,13,28,[3 8],14,107,135,93,107
1,<environment.Job instance at 0x7f4cb5bada50>,9,17,[9 4],10,51,68,41,51
1,<environment.Job instance at 0x7f4cb5fd55a0>,12,20,[5 3],13,102,122,89,102
1,<environment.Job instance at 0x7f4cb5ff9500>,2,16,[8 2],3,3,19,0,3
1,<environment.Job instance at 0x7f4cb5ff9780>,3,13,[3 9],4,4,17,0,4
1,<environment.Job instance at 0x7f4cb5e11190>,10,14,[9 2],11,33,47,22,33
1,<environment.Job instance at 0x7f4cb5d26d20>,3,17,[1 7],4,6,23,2,6
1,<environment.Job instance at 0x7f4c6b7630a0>,12,12,[7 3],13,93,105,80,93
1,<environment.Job instance at 0x7f4c6b763c30>,13,17,[1 8],14,105,122,91,97
1,<environment.Job instance at 0x7f4c6b7637d0>,17,17,[5 9],18,911,928,893,911
1,<environment.Job instance at 0x7f4cb5cf10f0>,4,13,[5 5],5,71,84,66,71
1,<environment.Job instance at 0x7f4c6b714a00>,11,15,[7 1],12,84,99,72,71
1,<environment.Job instance at 0x7f4c6b7145a0>,17,17,[ 2 10],18,138,155,120,138
1,<environment.Job instance at 0x7f4c6b714230>,19,16,[ 1 10],20,317,333,297,317
1,<environment.Job instance at 0x7f4c6b714960>,28,16,[3 8],29,333,349,304,327
1,<environment.Job instance at 0x7f4c6b714b90>,29,14,[6 2],30,333,347,303,327
1,<environment.Job instance at 0x7f4cb59bcd20>,15,19,[5 4],16,121,140,105,121
1,<environment.Job instance at 0x7f4cb59e8370>,17,14,[7 1],18,140,154,122,127
1,<environment.Job instance at 0x7f4cb59e85f0>,25,13,[9 3],26,241,254,215,241
1,<environment.Job instance at 0x7f4cb59e9640>,1,18,[7 2],2,25,43,23,25
1,<environment.Job instance at 0x7f4c6b949f00>,8,18,[1 8],9,27,45,18,27
1,<environment.Job instance at 0x7f4c6bf33aa0>,7,12,[5 4],8,68,80,60,68
1,<environment.Job instance at 0x7f4c6bf33c30>,9,12,[2 5],10,68,80,58,68
1,<environment.Job instance at 0x7f4c6bf39320>,11,16,[3 8],12,80,96,68,68
1,<environment.Job instance at 0x7f4cb5e15230>,0,14,[4 9],1,183,197,182,183
1,<environment.Job instance at 0x7f4c6bf39820>,20,14,[2 5],21,197,211,176,184
1,<environment.Job instance at 0x7f4c6bf39640>,23,13,[5 2],24,211,224,187,211
1,<environment.Job instance at 0x7f4cb5e84c80>,4,14,[5 4],5,5,19,0,5
1,<environment.Job instance at 0x7f4cb5c9baa0>,0,19,[ 5 10],1,22,41,21,22
1,<environment.Job instance at 0x7f4c6bc7c870>,7,12,[6 3],8,41,53,33,25
1,<environment.Job instance at 0x7f4cb5ca3cd0>,13,12,[7 4],14,53,65,39,50
1,<environment.Job instance at 0x7f568661b320>,5,18,[7 5],6,8,26,2,8
1,<environment.Job instance at 0x7f568661b7d0>,9,17,[8 1],10,26,43,16,14
1,<environment.Job instance at 0x7f568661b690>,11,14,[10  4],12,89,103,77,89
1,<environment.Job instance at 0x7f568661bb90>,18,18,[3 6],19,155,173,136,155
1,<environment.Job instance at 0x7f568661be10>,20,18,[7 5],21,173,191,152,167
1,<environment.Job instance at 0x7f568661e0f0>,23,18,[7 4],24,213,231,189,213
1,<environment.Job instance at 0x7f568ba52230>,5,16,[5 2],6,22,38,16,22
1,<environment.Job instance at 0x7f568ba52a00>,12,18,[10  5],13,66,84,53,66
1,<environment.Job instance at 0x7f568bb9d370>,15,24,[4 7],16,123,147,107,123
1,<environment.Job instance at 0x7f56409fd3c0>,4,12,[1 8],5,45,57,40,45
1,<environment.Job instance at 0x7f56409fd320>,12,14,[3 5],13,95,109,82,95
1,<environment.Job instance at 0x7f56409fd230>,16,18,[4 9],17,163,181,146,163
1,<environment.Job instance at 0x7f5640a13af0>,2,12,[9 1],3,3,15,0,3
1,<environment.Job instance at 0x7f56408bf460>,6,12,[5 4],7,61,73,54,61
1,<environment.Job instance at 0x7f568ba2aa00>,13,12,[ 1 10],14,73,85,59,72
1,<environment.Job instance at 0x7f564091f1e0>,15,14,[9 5],16,365,379,349,365
1,<environment.Job instance at 0x7f564091faf0>,18,17,[2 8],19,380,397,361,380
1,<environment.Job instance at 0x7f564091fd20>,20,16,[ 1 10],21,397,413,376,395
1,<environment.Job instance at 0x7f5640d19b40>,11,18,[9 4],12,24,42,12,24
1,<environment.Job instance at 0x7f5640d19af0>,9,19,[10  1],10,56,75,46,56
1,<environment.Job instance at 0x7f5640d19f00>,16,13,[10  5],17,75,88,58,69
1,<environment.Job instance at 0x7f56890ba140>,9,14,[6 5],10,21,35,11,21
1,<environment.Job instance at 0x7f5688ffa500>,10,13,[5 8],11,35,48,24,21
1,<environment.Job instance at 0x7f5688ffad20>,17,13,[7 5],18,122,135,104,122
1,<environment.Job instance at 0x7f5688d5f8c0>,17,14,[8 2],18,155,169,137,155
1,<environment.Job instance at 0x7f5640a62780>,18,13,[5 3],19,169,182,150,155
1,<environment.Job instance at 0x7f5686678f00>,6,15,[9 4],7,47,62,40,47
1,<environment.Job instance at 0x7f5640a62780>,3,19,[ 4 10],4,136,155,132,136
1,<environment.Job instance at 0x7f568638b910>,0,18,[10  5],1,166,184,165,166
1,<environment.Job instance at 0x7f568666d870>,19,15,[2 8],20,184,199,164,184
1,<environment.Job instance at 0x7f568666d9b0>,21,12,[6 1],22,188,200,166,188
1,<environment.Job instance at 0x7f568666da50>,5,12,[ 1 10],6,6,18,0,6
1,<environment.Job instance at 0x7f5640794c80>,8,17,[2 5],9,23,40,14,23
1,<environment.Job instance at 0x7f5640794230>,9,17,[3 6],10,40,57,30,28
1,<environment.Job instance at 0x7f5640eb0c30>,10,14,[9 1],11,117,131,106,117
1,<environment.Job instance at 0x7f5640eb0e10>,11,12,[10  4],12,131,143,119,117
1,<environment.Job instance at 0x7f5640eb0320>,16,17,[5 1],17,143,160,126,138
1,<environment.Job instance at 0x7f5640eb03c0>,15,15,[ 1 10],16,188,203,172,188
1,<environment.Job instance at 0x7f568696c780>,2,19,[2 6],3,4,23,1,4
1,<environment.Job instance at 0x7f5640963e10>,17,17,[5 7],18,123,140,105,123
1,<environment.Job instance at 0x7f5640963eb0>,18,17,[6 2],19,140,157,121,128
1,<environment.Job instance at 0x7f5686918be0>,2,19,[8 1],3,77,96,74,77
1,<environment.Job instance at 0x7f5640ddc820>,9,15,[9 4],10,105,120,95,105
1,<environment.Job instance at 0x7f5686678500>,3,13,[3 9],4,4,17,0,4
1,<environment.Job instance at 0x7f5686a6aaf0>,2,16,[ 3 10],3,85,101,82,85
1,<environment.Job instance at 0x7f5688f4af50>,12,14,[8 4],13,44,58,31,44
1,<environment.Job instance at 0x7f5688f5de10>,8,18,[1 8],9,58,76,49,50
1,<environment.Job instance at 0x7f5688f4a910>,16,14,[9 3],17,76,90,59,61
1,<environment.Job instance at 0x7f5688f77370>,21,13,[4 5],22,153,166,131,153
1,<environment.Job instance at 0x7f5688f840a0>,23,14,[8 4],24,166,180,142,166
1,<environment.Job instance at 0x7f5640fd5050>,4,22,[2 8],5,7,29,2,7
1,<environment.Job instance at 0x7f568903faf0>,8,16,[3 8],9,29,45,20,19
1,<environment.Job instance at 0x7f568903f640>,7,18,[9 3],8,45,63,37,35
1,<environment.Job instance at 0x7f5686485c80>,5,17,[3 5],6,7,24,1,7
1,<environment.Job instance at 0x7f568674d640>,6,17,[5 8],7,24,41,17,24
1,<environment.Job instance at 0x7f5689105780>,15,14,[1 5],16,1225,1239,1209,1225
1,<environment.Job instance at 0x7f5689105cd0>,18,13,[10  1],19,1246,1259,1227,1246
1,<environment.Job instance at 0x7f5688d0b0f0>,22,15,[4 8],23,2056,2071,2033,2056
1,<environment.Job instance at 0x7f5688cba5f0>,17,19,[3 7],18,160,179,142,160
1,<environment.Job instance at 0x7f5640c402d0>,21,18,[ 1 10],22,186,204,164,186
1,<environment.Job instance at 0x7f56891fcbe0>,5,13,[8 3],6,6,19,0,6
1,<environment.Job instance at 0x7f56891fce60>,2,15,[1 8],3,27,42,24,27
1,<environment.Job instance at 0x7f56891fcfa0>,0,17,[8 1],1,29,46,28,29
1,<environment.Job instance at 0x7f5640d41fa0>,9,17,[ 2 10],10,234,251,224,234
1,<environment.Job instance at 0x7f5640d41b90>,22,18,[8 3],23,318,336,295,318
1,<environment.Job instance at 0x7f17460415a0>,7,12,[7 2],8,8,20,0,8
1,<environment.Job instance at 0x7f17460415f0>,9,17,[8 1],10,20,37,10,20
1,<environment.Job instance at 0x7f174d478230>,11,15,[6 2],12,95,110,83,95
1,<environment.Job instance at 0x7f174d5bed70>,17,16,[6 2],18,147,163,129,147
1,<environment.Job instance at 0x7f17023875a0>,9,16,[7 2],10,155,171,145,155
1,<environment.Job instance at 0x7f17023cb6e0>,16,18,[7 1],17,180,198,163,180
1,<environment.Job instance at 0x7f170283d6e0>,4,20,[2 8],5,41,61,36,41
1,<environment.Job instance at 0x7f1702734fa0>,7,14,[7 5],8,23,37,15,23
1,<environment.Job instance at 0x7f1702734e60>,8,12,[6 1],9,37,49,28,23
1,<environment.Job instance at 0x7f170272f280>,12,14,[9 5],13,71,85,58,71
1,<environment.Job instance at 0x7f17023baf00>,3,12,[7 1],4,6,18,2,6
1,<environment.Job instance at 0x7f170291a2d0>,7,15,[6 2],8,18,33,10,8
1,<environment.Job instance at 0x7f17028bb4b0>,5,18,[9 5],6,52,70,46,52
1,<environment.Job instance at 0x7f17462a0a50>,6,13,[4 5],7,19,32,12,19
1,<environment.Job instance at 0x7f17462a0d70>,5,14,[1 7],6,32,46,26,19
1,<environment.Job instance at 0x7f174645f4b0>,3,18,[3 8],4,6,24,2,6
1,<environment.Job instance at 0x7f17462a5690>,5,12,[ 5 10],6,24,36,18,18
1,<environment.Job instance at 0x7f1702685690>,18,17,[8 4],19,191,208,172,191
1,<environment.Job instance at 0x7f1746aa9d70>,4,19,[7 3],5,5,24,0,5
1,<environment.Job instance at 0x7f17028afa50>,9,13,[5 8],10,43,56,33,43
1,<environment.Job instance at 0x7f1746a1af50>,4,14,[9 1],5,38,52,33,38
1,<environment.Job instance at 0x7f1746a1aa50>,5,15,[3 9],6,52,67,46,38
1,<environment.Job instance at 0x7f1746a1a5a0>,7,16,[5 1],8,122,138,114,122
1,<environment.Job instance at 0x7f170250de10>,11,19,[9 1],12,94,113,82,94
1,<environment.Job instance at 0x7f170250dcd0>,12,12,[7 3],13,113,125,100,100
1,<environment.Job instance at 0x7f1746aeb7d0>,18,18,[1 8],19,185,203,166,185
1,<environment.Job instance at 0x7f1746b34aa0>,8,16,[3 8],9,78,94,69,78
1,<environment.Job instance at 0x7f1746b34780>,9,14,[6 2],10,81,95,71,81
1,<environment.Job instance at 0x7f174661a640>,5,14,[1 5],6,6,20,0,6
1,<environment.Job instance at 0x7f1702309460>,6,17,[1 9],7,20,37,13,9
1,<environment.Job instance at 0x7f174664edc0>,11,20,[1 6],12,29,49,17,29
1,<environment.Job instance at 0x7f1746048780>,1,15,[1 8],2,167,182,165,167
1,<environment.Job instance at 0x7f1702277500>,0,18,[5 3],1,7,25,6,7
1,<environment.Job instance at 0x7f1702341960>,7,12,[6 4],8,25,37,17,8
1,<environment.Job instance at 0x7f1702277370>,4,13,[7 2],5,37,50,32,24
1,<environment.Job instance at 0x7f17028e15f0>,1,14,[6 5],2,4,18,2,4
1,<environment.Job instance at 0x7f174672aaf0>,4,18,[6 5],5,18,36,13,7
1,<environment.Job instance at 0x7f174672acd0>,5,16,[6 1],6,36,52,30,32
1,<environment.Job instance at 0x7f1746aacaf0>,6,14,[10  5],7,52,66,45,47
1,<environment.Job instance at 0x7f17467d3cd0>,1,14,[5 5],2,4,18,2,4
1,<environment.Job instance at 0x7f17467d3a50>,4,12,[7 2],5,18,30,13,8
1,<environment.Job instance at 0x7f1702453550>,17,13,[2 8],18,128,141,110,128
1,<environment.Job instance at 0x7f17024536e0>,19,12,[7 5],20,175,187,155,175
1,<environment.Job instance at 0x7f17468eb820>,25,15,[6 1],26,255,270,229,255
1,<environment.Job instance at 0x7f17023334b0>,5,18,[5 4],6,20,38,14,20
1,<environment.Job instance at 0x7f17028dc190>,16,13,[8 4],17,122,135,105,122
1,<environment.Job instance at 0x7f17028dc6e0>,17,16,[5 2],18,135,151,117,122
1,<environment.Job instance at 0x7fa9257e1500>,7,12,[7 2],8,44,56,36,44
1,<environment.Job instance at 0x7fa9257e15a0>,9,17,[8 1],10,56,73,46,49
1,<environment.Job instance at 0x7fa9257e1b40>,18,18,[3 6],19,137,155,118,137
1,<environment.Job instance at 0x7fa9257e1d20>,20,18,[7 5],21,155,173,134,154
1,<environment.Job instance at 0x7fa8dfbd20f0>,10,15,[8 3],11,52,67,41,52
1,<environment.Job instance at 0x7fa8dfbda820>,7,16,[6 2],8,73,89,65,73
1,<environment.Job instance at 0x7fa8dfbde050>,18,22,[ 2 10],19,105,127,86,105
1,<environment.Job instance at 0x7fa9289690f0>,7,14,[8 5],8,113,127,105,113
1,<environment.Job instance at 0x7fa926379fa0>,4,12,[3 5],5,6,18,1,6
1,<environment.Job instance at 0x7fa9258b7230>,5,14,[5 8],6,62,76,56,62
1,<environment.Job instance at 0x7fa8e008a960>,5,12,[4 8],6,25,37,19,25
1,<environment.Job instance at 0x7fa92637df00>,1,17,[2 7],2,37,54,35,25
1,<environment.Job instance at 0x7fa8e00cac30>,14,15,[5 8],15,92,107,77,92
1,<environment.Job instance at 0x7fa8e00ca0f0>,15,15,[4 9],16,107,122,91,97
1,<environment.Job instance at 0x7fa926186d70>,16,15,[9 4],17,226,241,209,226
1,<environment.Job instance at 0x7fa9261b92d0>,27,16,[4 8],28,1192,1208,1164,1192
1,<environment.Job instance at 0x7fa8dfc90140>,29,15,[2 8],30,1281,1296,1251,1281
1,<environment.Job instance at 0x7fa926226230>,31,12,[6 1],32,1292,1304,1260,1292
1,<environment.Job instance at 0x7fa926226d70>,34,16,[10  5],35,1534,1550,1499,1534
1,<environment.Job instance at 0x7fa926226f00>,36,16,[1 7],37,1550,1566,1513,1547
1,<environment.Job instance at 0x7fa9262262d0>,39,13,[ 1 10],40,1576,1589,1536,1576
1,<environment.Job instance at 0x7fa925f73730>,43,13,[8 2],44,1607,1620,1563,1607
1,<environment.Job instance at 0x7fa925c92f50>,49,13,[1 8],50,2752,2765,2702,2752
1,<environment.Job instance at 0x7fa925c92280>,4,12,[6 3],5,6,18,1,6
1,<environment.Job instance at 0x7fa92853f500>,8,14,[5 7],9,25,39,16,25
1,<environment.Job instance at 0x7fa92853f960>,7,20,[4 5],8,39,59,31,30
1,<environment.Job instance at 0x7fa8dfe80fa0>,2,15,[3 7],3,3,18,0,3
1,<environment.Job instance at 0x7fa8dfe7b910>,5,19,[2 5],6,18,37,12,8
1,<environment.Job instance at 0x7fa8dff210f0>,7,16,[8 4],8,18,34,10,8
1,<environment.Job instance at 0x7fa8e0142910>,14,22,[1 8],15,122,144,107,122
1,<environment.Job instance at 0x7fa9262896e0>,5,12,[3 5],6,6,18,0,6
1,<environment.Job instance at 0x7fa926289e10>,4,16,[10  2],5,18,34,13,11
1,<environment.Job instance at 0x7fa925a5ca00>,7,12,[7 2],8,26,38,18,26
1,<environment.Job instance at 0x7fa8dfe6d870>,5,17,[8 3],6,38,55,32,26
1,<environment.Job instance at 0x7fa925a5c2d0>,20,14,[ 4 10],21,156,170,135,156
1,<environment.Job instance at 0x7fa925a5c4b0>,21,13,[5 8],22,170,183,148,156
1,<environment.Job instance at 0x7fa925eedb90>,4,13,[5 5],5,71,84,66,71
1,<environment.Job instance at 0x7fa925da3aa0>,9,17,[3 5],10,71,88,61,71
1,<environment.Job instance at 0x7fa8dfc6dc80>,17,17,[ 2 10],18,186,203,168,186
1,<environment.Job instance at 0x7fa925da30a0>,13,12,[8 4],14,203,215,189,187
1,<environment.Job instance at 0x7fa925fc4eb0>,28,16,[3 8],29,282,298,253,282
1,<environment.Job instance at 0x7fa926309fa0>,37,14,[5 6],38,1692,1706,1654,1692
1,<environment.Job instance at 0x7fa8dfd95d20>,5,17,[3 5],6,7,24,1,7
1,<environment.Job instance at 0x7fa8df895af0>,6,17,[5 8],7,25,42,18,25
1,<environment.Job instance at 0x7fa925e96d20>,11,19,[5 1],12,25,44,13,25
1,<environment.Job instance at 0x7fa8dff2e870>,16,17,[1 9],17,2733,2750,2716,2733
1,<environment.Job instance at 0x7fa9258c6a50>,18,13,[10  1],19,2754,2767,2735,2754
1,<environment.Job instance at 0x7fa8dfdcd820>,9,14,[ 4 10],10,29,43,19,29
1,<environment.Job instance at 0x7fa8dff8c230>,11,20,[1 6],12,43,63,31,34
1,<environment.Job instance at 0x7fa9261b4c80>,3,16,[6 1],4,6,22,2,6
1,<environment.Job instance at 0x7fa925d6b050>,6,14,[4 7],7,7,21,0,7
1,<environment.Job instance at 0x7fa8dfd2e1e0>,5,14,[9 1],6,51,65,45,51
1,<environment.Job instance at 0x7fa925fdb460>,13,18,[4 5],14,65,83,51,54
1,<environment.Job instance at 0x7fa92565f280>,17,15,[10  5],18,102,117,84,102
1,<environment.Job instance at 0x7fa92565f460>,5,17,[7 4],6,48,65,42,48
1,<environment.Job instance at 0x7fa92570c280>,8,18,[1 5],9,44,62,35,44
1,<environment.Job instance at 0x7fa92570c140>,4,17,[4 8],5,62,79,57,50
1,<environment.Job instance at 0x7fa8dfed5e60>,11,14,[8 3],12,79,93,67,66
1,<environment.Job instance at 0x7fa925e2bf50>,15,14,[5 3],16,2767,2781,2751,2767
1,<environment.Job instance at 0x7fa925b01640>,17,14,[2 7],18,154,168,136,154
1,<environment.Job instance at 0x7f9cee77e320>,5,18,[7 5],6,44,62,38,44
1,<environment.Job instance at 0x7f9cee77e500>,7,12,[7 2],8,62,74,54,48
1,<environment.Job instance at 0x7f9cee77e690>,11,14,[10  4],12,74,88,62,73
1,<environment.Job instance at 0x7f9cee77eaf0>,18,18,[3 6],19,167,185,148,167
1,<environment.Job instance at 0x7f9cee77ed70>,20,18,[7 5],21,185,203,164,185
1,<environment.Job instance at 0x7f9cee77ee10>,23,18,[7 4],24,225,243,201,225
1,<environment.Job instance at 0x7f9cee7251e0>,0,15,[8 3],1,27,42,26,27
1,<environment.Job instance at 0x7f9caab7b190>,13,16,[7 1],14,91,107,77,91
1,<environment.Job instance at 0x7f9cf5cf4640>,4,16,[8 3],5,64,80,59,64
1,<environment.Job instance at 0x7f9caaa44f50>,0,14,[7 2],1,80,94,79,66
1,<environment.Job instance at 0x7f9cf5d07500>,19,19,[1 8],20,195,214,175,195
1,<environment.Job instance at 0x7f9caaaa1be0>,20,12,[4 7],21,235,247,214,235
1,<environment.Job instance at 0x7f9caa9d68c0>,24,20,[7 3],25,247,267,222,240
1,<environment.Job instance at 0x7f9cf32286e0>,7,12,[1 6],8,34,46,26,34
1,<environment.Job instance at 0x7f9cee5d68c0>,15,14,[8 2],16,90,104,74,90
1,<environment.Job instance at 0x7f9cee8d0640>,0,12,[1 5],1,22,34,21,22
1,<environment.Job instance at 0x7f9cf325fdc0>,7,21,[1 9],8,73,94,65,73
1,<environment.Job instance at 0x7f9caadbb280>,10,21,[5 4],11,94,115,83,86
1,<environment.Job instance at 0x7f9cab02db40>,12,20,[4 5],13,100,120,87,100
1,<environment.Job instance at 0x7f9cab019960>,20,13,[5 8],21,190,203,169,190
1,<environment.Job instance at 0x7f9cee70e500>,6,16,[9 4],7,7,23,0,7
1,<environment.Job instance at 0x7f9cee70ec80>,8,14,[ 2 10],9,23,37,14,10
1,<environment.Job instance at 0x7f9cee70e5a0>,10,16,[ 3 10],11,37,53,26,25
1,<environment.Job instance at 0x7f9cee70ebe0>,16,18,[1 5],17,97,115,80,97
1,<environment.Job instance at 0x7f9caa9d70a0>,1,14,[ 4 10],2,23,37,21,23
1,<environment.Job instance at 0x7f9cee70c730>,13,21,[9 1],14,79,100,65,79
1,<environment.Job instance at 0x7f9caab7b550>,15,16,[1 7],16,90,106,74,90
1,<environment.Job instance at 0x7f9caaa9c960>,5,14,[1 7],6,19,33,13,19
1,<environment.Job instance at 0x7f9cee731730>,3,14,[4 5],4,33,47,29,19
1,<environment.Job instance at 0x7f9caaa9cb40>,10,22,[6 5],11,33,55,22,26
1,<environment.Job instance at 0x7f9cee9305a0>,4,19,[6 4],5,5,24,0,5
1,<environment.Job instance at 0x7f9cee9303c0>,6,14,[1 8],7,24,38,17,9
1,<environment.Job instance at 0x7f9cee9fdaa0>,13,16,[3 7],14,66,82,52,66
1,<environment.Job instance at 0x7f9cee930730>,8,15,[10  1],9,87,102,78,87
1,<environment.Job instance at 0x7f9cf31c8be0>,18,14,[1 7],19,134,148,115,134
1,<environment.Job instance at 0x7f9cf3203140>,20,13,[5 5],21,157,170,136,157
1,<environment.Job instance at 0x7f9ceea13690>,22,19,[2 6],23,183,202,160,183
1,<environment.Job instance at 0x7f9caa8bd230>,2,16,[8 2],3,5,21,2,5
1,<environment.Job instance at 0x7f9cee876c80>,0,12,[2 5],1,24,36,23,24
1,<environment.Job instance at 0x7f9cee834dc0>,5,14,[8 5],6,70,84,64,70
1,<environment.Job instance at 0x7f9cee85ec30>,14,12,[7 1],15,117,129,102,117
1,<environment.Job instance at 0x7f9cee846550>,17,19,[8 4],18,146,165,128,146
1,<environment.Job instance at 0x7f9cee8467d0>,18,12,[7 5],19,165,177,146,148
1,<environment.Job instance at 0x7f9ceeae5e10>,20,18,[9 3],21,177,195,156,166
1,<environment.Job instance at 0x7f9cf30f14b0>,5,15,[5 5],6,7,22,1,7
1,<environment.Job instance at 0x7f9caad5d8c0>,4,19,[5 3],5,27,46,22,27
1,<environment.Job instance at 0x7f9cf335fcd0>,8,14,[5 5],9,53,67,44,53
1,<environment.Job instance at 0x7f9cf335fd20>,11,20,[6 5],12,67,87,55,59
1,<environment.Job instance at 0x7f9caaf7c280>,17,14,[7 1],18,123,137,105,123
1,<environment.Job instance at 0x7f9caa789e60>,22,18,[4 9],23,244,262,221,244
1,<environment.Job instance at 0x7f9caa7e8af0>,28,16,[8 1],29,950,966,921,950
1,<environment.Job instance at 0x7f9cf31a0e60>,4,13,[7 2],5,5,18,0,5
1,<environment.Job instance at 0x7f9cf3109e10>,0,18,[5 3],1,18,36,17,10
1,<environment.Job instance at 0x7f9cf3109eb0>,2,14,[9 2],3,36,50,33,21
1,<environment.Job instance at 0x7f9caac1f3c0>,13,16,[6 1],14,50,66,36,38
1,<environment.Job instance at 0x7f9cf2f7ca50>,6,14,[4 7],7,58,72,51,58
1,<environment.Job instance at 0x7f9cf2f7c410>,5,14,[9 1],6,72,86,66,58
1,<environment.Job instance at 0x7f9caad09b90>,0,13,[6 4],1,20,33,19,20
1,<environment.Job instance at 0x7f9caae71050>,16,14,[2 6],17,113,127,96,113
1,<environment.Job instance at 0x7f9cf2e23460>,6,17,[8 1],7,21,38,14,21
1,<environment.Job instance at 0x7f9cab115280>,12,16,[7 3],13,96,112,83,96
1,<environment.Job instance at 0x7f9cab115e10>,13,20,[5 3],14,112,132,98,103
1,<environment.Job instance at 0x7f9cab021dc0>,15,17,[4 6],16,120,137,104,120
1,<environment.Job instance at 0x7f9cf578c460>,8,18,[10  5],9,123,141,114,123
1,<environment.Job instance at 0x7f9cf578c780>,14,12,[8 1],15,141,153,126,124
1,<environment.Job instance at 0x7f9caabea190>,1,14,[6 4],2,26,40,24,26
1,<environment.Job instance at 0x7f9caa8a7e10>,5,17,[5 5],6,40,57,34,28
1,<environment.Job instance at 0x7fd5d0ca0550>,7,12,[7 2],8,8,20,0,8
1,<environment.Job instance at 0x7fd5d0ca02d0>,5,18,[7 5],6,20,38,14,9
1,<environment.Job instance at 0x7fd5d0ca0960>,12,22,[4 6],13,48,70,35,48
1,<environment.Job instance at 0x7fd5d0ca0730>,11,14,[10  4],12,71,85,59,71
1,<environment.Job instance at 0x7fd5d0ca0c30>,18,18,[3 6],19,153,171,134,153
1,<environment.Job instance at 0x7fd5d0ca30f0>,23,18,[7 4],24,201,219,177,201
1,<environment.Job instance at 0x7fd5d0ca3230>,3,16,[7 1],4,4,20,0,4
1,<environment.Job instance at 0x7fd5d0c48be0>,1,18,[ 4 10],2,90,108,88,90
1,<environment.Job instance at 0x7fd58cf14960>,7,17,[6 3],8,17,34,9,17
1,<environment.Job instance at 0x7fd5d0fa0320>,10,23,[7 1],11,45,68,34,45
1,<environment.Job instance at 0x7fd5d0d94550>,12,24,[2 5],13,45,69,32,45
1,<environment.Job instance at 0x7fd5d0d15820>,16,15,[5 7],17,137,152,120,137
1,<environment.Job instance at 0x7fd5d0f6df50>,21,18,[9 4],22,156,174,134,156
1,<environment.Job instance at 0x7fd58d463fa0>,7,12,[5 1],8,9,21,1,9
1,<environment.Job instance at 0x7fd58d52c190>,17,20,[ 2 10],18,1106,1126,1088,1106
1,<environment.Job instance at 0x7fd5d0d92370>,7,13,[9 5],8,25,38,17,25
1,<environment.Job instance at 0x7fd58d5ffdc0>,3,14,[6 1],4,38,52,34,25
1,<environment.Job instance at 0x7fd5d0d92730>,8,16,[3 6],9,38,54,29,26
1,<environment.Job instance at 0x7fd5d0d92c80>,10,14,[2 5],11,103,117,92,103
1,<environment.Job instance at 0x7fd5d0d92460>,14,17,[10  4],15,117,134,102,113
1,<environment.Job instance at 0x7fd5d0d92a00>,18,14,[2 7],19,134,148,115,128
1,<environment.Job instance at 0x7fd5d1141cd0>,22,24,[7 3],23,136,160,113,136
1,<environment.Job instance at 0x7fd5d772fa50>,7,16,[ 2 10],8,31,47,23,31
1,<environment.Job instance at 0x7fd58d57ab90>,13,19,[1 9],14,69,88,55,69
1,<environment.Job instance at 0x7fd58d57a6e0>,17,12,[10  1],18,127,139,109,127
1,<environment.Job instance at 0x7fd58d542e10>,20,12,[10  1],21,179,191,158,179
1,<environment.Job instance at 0x7fd5d0d8c410>,21,17,[1 9],22,191,208,169,182
1,<environment.Job instance at 0x7fd58cfbbe60>,8,12,[1 6],9,31,43,22,31
1,<environment.Job instance at 0x7fd58cfbbd70>,6,14,[4 8],7,43,57,36,31
1,<environment.Job instance at 0x7fd58cfbc500>,18,14,[5 7],19,166,180,147,166
1,<environment.Job instance at 0x7fd58cf296e0>,7,16,[9 1],8,20,36,12,20
1,<environment.Job instance at 0x7fd5d0ff7a50>,13,23,[6 3],14,91,114,77,91
1,<environment.Job instance at 0x7fd5d0cba280>,14,14,[3 7],15,91,105,76,91
1,<environment.Job instance at 0x7fd5d0ff7c80>,11,13,[10  3],12,114,127,102,101
1,<environment.Job instance at 0x7fd5d0aa4e60>,7,15,[ 4 10],8,8,23,0,8
1,<environment.Job instance at 0x7fd591d26e60>,3,16,[2 8],4,77,93,73,77
1,<environment.Job instance at 0x7fd5d10054b0>,14,14,[9 1],15,93,107,78,80
1,<environment.Job instance at 0x7fd58d555910>,17,16,[5 1],18,107,123,89,99
1,<environment.Job instance at 0x7fd5d7873690>,19,13,[8 3],20,124,137,104,124
1,<environment.Job instance at 0x7fd58d03d6e0>,10,18,[ 2 10],11,137,155,126,126
1,<environment.Job instance at 0x7fd5d7bcb0f0>,2,14,[8 4],3,4,18,1,4
1,<environment.Job instance at 0x7fd5d7bcbb40>,3,19,[ 2 10],4,27,46,23,27
1,<environment.Job instance at 0x7fd5d0bef230>,3,14,[3 7],4,4,18,0,4
1,<environment.Job instance at 0x7fd5d0a55f50>,6,15,[5 5],7,18,33,11,7
1,<environment.Job instance at 0x7fd5d788a730>,1,12,[2 8],2,33,45,31,16
1,<environment.Job instance at 0x7fd5d799edc0>,1,18,[7 2],2,5,23,3,5
1,<environment.Job instance at 0x7fd58d328a00>,8,18,[1 8],9,49,67,40,49
1,<environment.Job instance at 0x7fd5d115b370>,4,24,[8 1],5,29,53,24,29
1,<environment.Job instance at 0x7fd58cda5d70>,13,25,[ 2 10],14,132,157,118,132
1,<environment.Job instance at 0x7fd5d0d155a0>,4,18,[6 5],5,8,26,3,8
1,<environment.Job instance at 0x7fd5d0d15af0>,6,14,[10  5],7,48,62,41,48
1,<environment.Job instance at 0x7fd5d7af1500>,5,17,[7 4],6,47,64,41,47
1,<environment.Job instance at 0x7fd5d11ac0f0>,10,13,[6 4],11,64,77,53,51
1,<environment.Job instance at 0x7fd5d102db40>,5,17,[10  1],6,7,24,1,7
1,<environment.Job instance at 0x7fd5d79a77d0>,1,15,[2 5],2,28,43,26,28
1,<environment.Job instance at 0x7fd58cf5f5a0>,4,12,[8 1],5,28,40,23,28
1,<environment.Job instance at 0x7fd58ce5c500>,8,12,[6 5],9,40,52,31,28
1,<environment.Job instance at 0x7fd58d383140>,17,16,[2 9],18,155,171,137,155
1,<environment.Job instance at 0x7fd5d75f64b0>,18,16,[1 8],19,171,187,152,158
1,<environment.Job instance at 0x7fd5d77d2050>,25,15,[2 9],26,232,247,206,232
1,<environment.Job instance at 0x7fd58cba61e0>,8,14,[2 8],9,26,40,17,26
1,<environment.Job instance at 0x7fd5d0b72dc0>,5,13,[6 5],6,23,36,17,23
1,<environment.Job instance at 0x7fd58cdd20a0>,4,14,[3 8],5,36,50,31,26
1,<environment.Job instance at 0x7fd58cdd2be0>,0,13,[2 8],1,50,63,49,50
1,<environment.Job instance at 0x7fd58cdd4730>,13,14,[9 5],14,63,77,49,50
1,<environment.Job instance at 0x7fd58cf19cd0>,8,15,[2 8],9,77,92,68,63
1,<environment.Job instance at 0x7fd58d37de60>,21,12,[5 4],22,125,137,103,125
1,<environment.Job instance at 0x7fd58d37d190>,22,13,[1 5],23,125,138,102,125
1,<environment.Job instance at 0x7fd5d76c9140>,23,16,[3 8],24,138,154,114,127
1,<environment.Job instance at 0x7fd5d76c9280>,27,15,[6 1],28,169,184,141,169
1,<environment.Job instance at 0x7f33267d6500>,7,12,[7 2],8,12,24,4,12
1,<environment.Job instance at 0x7f3327935140>,5,18,[7 5],6,24,42,18,20
1,<environment.Job instance at 0x7f33267d6820>,12,22,[4 6],13,44,66,31,44
1,<environment.Job instance at 0x7f33267d6b90>,18,18,[3 6],19,165,183,146,165
1,<environment.Job instance at 0x7f33267d9230>,23,18,[7 4],24,230,248,206,230
1,<environment.Job instance at 0x7f32dc9208c0>,9,26,[3 6],10,50,76,40,50
1,<environment.Job instance at 0x7f32dc920140>,5,19,[5 1],6,52,71,46,52
1,<environment.Job instance at 0x7f332658d280>,7,13,[7 5],8,50,63,42,50
1,<environment.Job instance at 0x7f332658dcd0>,8,13,[1 7],9,63,76,54,50
1,<environment.Job instance at 0x7f332658dc30>,6,18,[8 1],7,63,81,56,63
1,<environment.Job instance at 0x7f332658da50>,12,15,[10  5],13,81,96,68,72
1,<environment.Job instance at 0x7f3326a13820>,18,15,[4 9],19,117,132,98,117
1,<environment.Job instance at 0x7f32dc8f9be0>,20,14,[3 6],21,144,158,123,144
1,<environment.Job instance at 0x7f32dc7f2d20>,0,17,[5 4],1,169,186,168,169
1,<environment.Job instance at 0x7f332782f960>,4,13,[ 5 10],5,16,29,11,16
1,<environment.Job instance at 0x7f3326c28d70>,2,15,[6 2],3,4,19,1,4
1,<environment.Job instance at 0x7f32dcddb190>,9,22,[1 7],10,22,44,12,22
1,<environment.Job instance at 0x7f32dcb8a190>,10,18,[10  5],11,239,257,228,239
1,<environment.Job instance at 0x7f332689c1e0>,0,18,[7 5],1,5,23,4,5
1,<environment.Job instance at 0x7f3326eb7230>,4,13,[3 5],5,6,19,1,6
1,<environment.Job instance at 0x7f3326db18c0>,9,12,[7 4],10,23,35,13,10
1,<environment.Job instance at 0x7f3326eb7190>,3,13,[1 7],4,35,48,31,33
1,<environment.Job instance at 0x7f32dcc84690>,11,14,[8 1],12,35,49,23,33
1,<environment.Job instance at 0x7f332667dcd0>,5,12,[ 5 10],6,8,20,2,8
1,<environment.Job instance at 0x7f332667dd70>,7,16,[1 6],8,20,36,12,10
1,<environment.Job instance at 0x7f332667c0a0>,10,24,[6 1],11,20,44,9,15
1,<environment.Job instance at 0x7f332667c640>,18,17,[8 4],19,149,166,130,149
1,<environment.Job instance at 0x7f3327402730>,2,16,[8 2],3,5,21,2,5
1,<environment.Job instance at 0x7f32dc9e0460>,7,14,[5 6],8,44,58,36,44
1,<environment.Job instance at 0x7f3326725910>,6,17,[4 8],7,58,75,51,47
1,<environment.Job instance at 0x7f332746bb40>,14,13,[10  1],15,89,102,74,89
1,<environment.Job instance at 0x7f3326b6d7d0>,17,13,[7 1],18,102,115,84,89
1,<environment.Job instance at 0x7f3326a600a0>,20,12,[3 8],21,122,134,101,122
1,<environment.Job instance at 0x7f32dcb06e60>,4,13,[5 5],5,71,84,66,71
1,<environment.Job instance at 0x7f32dc7fe410>,9,17,[3 5],10,75,92,65,75
1,<environment.Job instance at 0x7f3326649b40>,14,24,[4 7],15,96,120,81,96
1,<environment.Job instance at 0x7f32dcbc2460>,18,22,[4 7],19,138,160,119,138
1,<environment.Job instance at 0x7f32dcbc2640>,19,16,[ 1 10],20,263,279,243,263
1,<environment.Job instance at 0x7f32dcbe5dc0>,29,14,[6 2],30,284,298,254,284
1,<environment.Job instance at 0x7f32dcbe5e60>,32,14,[4 7],33,293,307,260,293
1,<environment.Job instance at 0x7f32dcbd97d0>,7,12,[5 4],8,53,65,45,53
1,<environment.Job instance at 0x7f32dcd850a0>,0,14,[4 9],1,65,79,64,53
1,<environment.Job instance at 0x7f332660b500>,9,12,[2 5],10,163,175,153,163
1,<environment.Job instance at 0x7f32dc584e60>,12,16,[4 5],13,188,204,175,188
1,<environment.Job instance at 0x7f3327501a50>,20,14,[2 5],21,188,202,167,188
1,<environment.Job instance at 0x7f3327501550>,23,13,[5 2],24,249,262,225,249
1,<environment.Job instance at 0x7f32dc9e68c0>,7,23,[ 3 10],8,33,56,25,33
1,<environment.Job instance at 0x7f32dc9e6820>,9,20,[6 4],10,56,76,46,48
1,<environment.Job instance at 0x7f32dc9e6c30>,16,21,[5 8],17,102,123,85,102
1,<environment.Job instance at 0x7f32dc9e6f50>,19,12,[10  2],20,123,135,103,122
1,<environment.Job instance at 0x7f32dc9e6fa0>,21,18,[ 1 10],22,143,161,121,143
1,<environment.Job instance at 0x7f32dcba6f50>,17,13,[2 8],18,134,147,116,134
1,<environment.Job instance at 0x7f3326ca5af0>,19,12,[7 5],20,154,166,134,154
1,<environment.Job instance at 0x7f33268dc4b0>,25,15,[6 1],26,255,270,229,255
1,<environment.Job instance at 0x7f32dc4ad730>,7,16,[5 5],8,42,58,34,42
1,<environment.Job instance at 0x7f33274bd6e0>,4,17,[4 8],5,58,75,53,47
1,<environment.Job instance at 0x7f32dc4ad8c0>,11,14,[8 3],12,75,89,63,69
1,<environment.Job instance at 0x7f32dc4adc80>,3,14,[8 4],4,4,18,0,4
1,<environment.Job instance at 0x7f3326c55320>,8,18,[10  5],9,46,64,37,46
1,<environment.Job instance at 0x7f3326c558c0>,14,12,[8 1],15,97,109,82,97
1,<environment.Job instance at 0x7f32dcbb3820>,18,12,[6 5],19,1214,1226,1195,1214
1,<environment.Job instance at 0x7f3326c5edc0>,28,16,[1 8],29,1694,1710,1665,1694
1,<environment.Job instance at 0x7f3326c5ed20>,30,15,[4 8],31,1710,1725,1679,1702
1,<environment.Job instance at 0x7f332672df00>,35,15,[2 9],36,1775,1790,1739,1775
1,<environment.Job instance at 0x7f32dcce95a0>,6,15,[7 5],7,23,38,16,23
1,<environment.Job instance at 0x7f32dccfed70>,8,14,[2 8],9,42,56,33,42
1,<environment.Job instance at 0x7f3326636640>,3,14,[9 5],4,6,20,2,6
1,<environment.Job instance at 0x7f33266369b0>,4,14,[ 1 10],5,28,42,23,28
1,<environment.Job instance at 0x7f32dc66efa0>,1,12,[4 5],2,73,85,71,73
1,<environment.Job instance at 0x7f33266362d0>,11,12,[5 4],12,73,85,61,73
1,<environment.Job instance at 0x7f3326636820>,12,13,[1 5],13,85,98,72,73
1,<environment.Job instance at 0x7f32dc8655a0>,14,15,[7 3],15,85,100,70,74
1,<environment.Job instance at 0x7f32dc865410>,17,15,[6 1],18,101,116,83,101
1,<environment.Job instance at 0x7f32dc865280>,22,16,[4 6],23,185,201,162,185
1,<environment.Job instance at 0x7f3326fb1410>,8,14,[7 5],9,9,23,0,9
1,<environment.Job instance at 0x7f33269ed0f0>,16,15,[3 5],17,96,111,79,96
1,<environment.Job instance at 0x7f33269edf00>,21,15,[2 9],22,165,180,143,165
1,<environment.Job instance at 0x7f1aeb9b6550>,7,12,[7 2],8,8,20,0,8
1,<environment.Job instance at 0x7f1aeb9b6460>,5,18,[7 5],6,20,38,14,20
1,<environment.Job instance at 0x7f1aeb9b6b90>,18,18,[3 6],19,211,229,192,211
1,<environment.Job instance at 0x7f1aeb9b6e10>,20,18,[7 5],21,229,247,208,225
1,<environment.Job instance at 0x7f1aeb9b6eb0>,23,18,[7 4],24,269,287,245,269
1,<environment.Job instance at 0x7f1aa1aff5a0>,8,17,[10  5],9,46,63,37,46
1,<environment.Job instance at 0x7f1aa1a2a140>,12,12,[9 1],13,84,96,71,84
1,<environment.Job instance at 0x7f1aa1a2a820>,16,12,[5 4],17,128,140,111,128
1,<environment.Job instance at 0x7f1aa1a2a320>,11,16,[4 8],12,156,172,144,156
1,<environment.Job instance at 0x7f1aebdb9780>,10,12,[8 2],11,76,88,65,76
1,<environment.Job instance at 0x7f1aebc56550>,21,17,[7 4],22,211,228,189,211
1,<environment.Job instance at 0x7f1aebe2b500>,24,12,[8 2],25,231,243,206,231
1,<environment.Job instance at 0x7f1aebeb9f00>,3,20,[8 2],4,19,39,15,19
1,<environment.Job instance at 0x7f1aa1d4aeb0>,10,13,[3 5],11,39,52,28,23
1,<environment.Job instance at 0x7f1aa1cff410>,7,18,[2 7],8,74,92,66,74
1,<environment.Job instance at 0x7f1aa1cff4b0>,12,15,[4 8],13,101,116,88,101
1,<environment.Job instance at 0x7f1aeb77eeb0>,17,17,[ 1 10],18,122,139,104,122
1,<environment.Job instance at 0x7f1aeb9714b0>,6,12,[8 4],7,7,19,0,7
1,<environment.Job instance at 0x7f1aec1b9cd0>,16,12,[2 7],17,203,215,186,203
1,<environment.Job instance at 0x7f1aec63e6e0>,22,12,[1 7],23,277,289,254,277
1,<environment.Job instance at 0x7f1aeb986550>,24,13,[10  1],25,289,302,264,278
1,<environment.Job instance at 0x7f1aebb6ddc0>,2,20,[5 3],3,4,24,1,4
1,<environment.Job instance at 0x7f1aebbf3780>,6,13,[10  1],7,24,37,17,24
1,<environment.Job instance at 0x7f1aebbf39b0>,10,15,[5 8],11,39,54,28,39
1,<environment.Job instance at 0x7f1aeba2bc30>,13,16,[2 8],14,91,107,77,91
1,<environment.Job instance at 0x7f1aebcf8d20>,17,15,[ 4 10],18,107,122,89,103
1,<environment.Job instance at 0x7f1aebcf8b40>,20,18,[ 2 10],21,143,161,122,143
1,<environment.Job instance at 0x7f1aa1d16690>,7,20,[5 4],8,8,28,0,8
1,<environment.Job instance at 0x7f1aa1ff1eb0>,9,16,[9 4],10,28,44,18,19
1,<environment.Job instance at 0x7f1aeb8ad3c0>,13,13,[ 2 10],14,44,57,30,41
1,<environment.Job instance at 0x7f1aa20724b0>,16,13,[6 5],17,160,173,143,160
1,<environment.Job instance at 0x7f1aa1c09410>,20,18,[ 1 10],21,197,215,176,197
1,<environment.Job instance at 0x7f1aec355910>,12,16,[1 7],13,137,153,124,137
1,<environment.Job instance at 0x7f1aebe52280>,21,17,[7 5],22,246,263,224,246
1,<environment.Job instance at 0x7f1aa1b4e780>,4,17,[9 4],5,65,82,60,65
1,<environment.Job instance at 0x7f1aebb341e0>,6,16,[2 6],7,137,153,130,137
1,<environment.Job instance at 0x7f1aeb9bf460>,22,18,[3 8],23,256,274,233,256
1,<environment.Job instance at 0x7f1aeb9c12d0>,3,25,[2 8],4,7,32,3,7
1,<environment.Job instance at 0x7f1aa1ceae60>,7,12,[6 3],8,32,44,24,15
1,<environment.Job instance at 0x7f1aa1d6a6e0>,10,13,[6 1],11,17,30,6,17
1,<environment.Job instance at 0x7f1aa1d6a4b0>,13,12,[7 4],14,44,56,30,33
1,<environment.Job instance at 0x7f1aa1d6a410>,16,12,[2 9],17,56,68,39,51
1,<environment.Job instance at 0x7f1aec45daa0>,5,13,[8 3],6,6,19,0,6
1,<environment.Job instance at 0x7f1aeb7ba0f0>,11,19,[5 8],12,48,67,36,48
1,<environment.Job instance at 0x7f1aeb7ba9b0>,12,12,[5 7],13,67,79,54,50
1,<environment.Job instance at 0x7f1aa180c190>,5,18,[5 4],6,20,38,14,20
1,<environment.Job instance at 0x7f1aa180c3c0>,7,13,[1 5],8,20,33,12,20
1,<environment.Job instance at 0x7f1aeb8a9140>,8,15,[7 2],9,38,53,29,24
1,<environment.Job instance at 0x7f1aa1b9b190>,11,19,[5 7],12,53,72,41,52
1,<environment.Job instance at 0x7f1aec0f2af0>,17,16,[5 2],18,123,139,105,123
1,<environment.Job instance at 0x7f1aa192fc80>,8,14,[7 2],9,119,133,110,119
1,<environment.Job instance at 0x7f1aa192fcd0>,17,14,[2 7],18,161,175,143,161
1,<environment.Job instance at 0x7f1aeb897c80>,5,17,[5 5],6,26,43,20,26
1,<environment.Job instance at 0x7f1aa1e74820>,9,15,[5 5],10,23,38,13,23
1,<environment.Job instance at 0x7f1aa1e745a0>,5,13,[6 5],6,50,63,44,50
1,<environment.Job instance at 0x7f1aa1e74960>,11,12,[4 5],12,50,62,38,50
1,<environment.Job instance at 0x7f1aa1e74aa0>,13,14,[9 5],14,63,77,49,51
1,<environment.Job instance at 0x7f1aa1e74b40>,14,14,[ 1 10],15,102,116,87,102
1,<environment.Job instance at 0x7f1aa1e74f00>,20,16,[ 2 10],21,116,132,95,103
1,<environment.Job instance at 0x7f1aa1e744b0>,24,15,[7 3],25,132,147,107,118
1,<environment.Job instance at 0x7f1aa1e6b280>,27,15,[6 1],28,148,163,120,148
1,<environment.Job instance at 0x7f1aa1e6b460>,29,13,[3 5],30,148,161,118,148
1,<environment.Job instance at 0x7f1aeb8b6780>,14,15,[5 5],15,91,106,76,91
1,<environment.Job instance at 0x7f1aeb8b6370>,15,14,[ 1 10],16,106,120,90,92
1,<environment.Job instance at 0x7f1aa2072050>,22,17,[1 9],23,160,177,137,160
1,<environment.Job instance at 0x7f1aa1842be0>,5,14,[8 5],6,6,20,0,6
1,<environment.Job instance at 0x7f1aebec7050>,9,13,[8 1],10,20,33,10,12
1,<environment.Job instance at 0x7f1aec628780>,11,13,[7 2],12,33,46,21,17
1,<environment.Job instance at 0x7f1aebddc960>,14,16,[5 3],15,46,62,31,33
1,<environment.Job instance at 0x7f1aebf09c80>,16,16,[7 3],17,62,78,45,49
