iteration,job object,job ID,job Length,job ressource requirement,job enter time,job start time,job finish time,job waiting time,current time
1,<environment.Job instance at 0x7f8040f01c80>,4,21,[1 6],5,125,146,120,125
1,<environment.Job instance at 0x7f8040f0a0a0>,1,20,[5 3],2,2,22,0,2
1,<environment.Job instance at 0x7f80462550f0>,3,17,[5 7],4,4,21,0,4
1,<environment.Job instance at 0x7f8046255b40>,8,14,[2 7],9,28,42,19,28
1,<environment.Job instance at 0x7f8046255230>,12,18,[5 3],13,52,70,39,52
1,<environment.Job instance at 0x7f8046255460>,14,19,[3 8],15,72,91,57,72
1,<environment.Job instance at 0x7f7ffb200c30>,0,18,[2 7],1,4,22,3,4
1,<environment.Job instance at 0x7f7ffb200fa0>,1,18,[ 1 10],2,98,116,96,98
1,<environment.Job instance at 0x7f7ffb658af0>,6,14,[9 5],7,7,21,0,7
1,<environment.Job instance at 0x7f7ffb658fa0>,9,15,[1 7],10,50,65,40,50
1,<environment.Job instance at 0x7f7ffb1dabe0>,0,14,[1 8],1,75,89,74,75
1,<environment.Job instance at 0x7f7ffb5b3e60>,0,14,[2 7],1,48,62,47,48
1,<environment.Job instance at 0x7f80412bd7d0>,11,15,[4 8],12,46,61,34,46
1,<environment.Job instance at 0x7f8045d41af0>,2,18,[3 6],3,4,22,1,4
1,<environment.Job instance at 0x7f80458e6e60>,8,12,[ 5 10],9,22,34,13,10
1,<environment.Job instance at 0x7f8045a5ddc0>,1,13,[4 9],2,6,19,4,6
1,<environment.Job instance at 0x7f8045a5d320>,12,13,[ 1 10],13,83,96,70,83
1,<environment.Job instance at 0x7f8040fbc1e0>,15,15,[8 4],16,124,139,108,124
1,<environment.Job instance at 0x7f8040fbcbe0>,16,17,[ 3 10],17,139,156,122,127
1,<environment.Job instance at 0x7f8040f07be0>,0,17,[8 1],1,5,22,4,5
1,<environment.Job instance at 0x7f80458ff690>,9,16,[6 5],10,26,42,16,26
1,<environment.Job instance at 0x7f7ffb0d8910>,16,18,[7 5],17,114,132,97,114
1,<environment.Job instance at 0x7f80459af910>,21,12,[10  2],22,180,192,158,180
1,<environment.Job instance at 0x7f8045c80a50>,17,18,[5 9],18,206,224,188,206
1,<environment.Job instance at 0x7f804110e9b0>,1,18,[5 9],2,294,312,292,294
1,<environment.Job instance at 0x7f8040f850f0>,31,16,[7 3],32,312,328,280,303
1,<environment.Job instance at 0x7f7ffb7241e0>,1,18,[6 1],2,2,20,0,2
1,<environment.Job instance at 0x7f8040ec9cd0>,12,21,[6 4],13,1911,1932,1898,1911
1,<environment.Job instance at 0x7f8040f07550>,1,16,[9 2],2,4,20,2,4
1,<environment.Job instance at 0x7f8040f07910>,0,18,[7 3],1,20,38,19,9
1,<environment.Job instance at 0x7f80412464b0>,11,17,[4 5],12,38,55,26,29
1,<environment.Job instance at 0x7f8041246be0>,10,17,[4 7],11,55,72,44,45
1,<environment.Job instance at 0x7f8041246c80>,18,17,[5 2],19,54,71,35,54
1,<environment.Job instance at 0x7f80412467d0>,19,18,[1 9],20,72,90,52,65
1,<environment.Job instance at 0x7f7ffb2bfb40>,5,16,[10  2],6,8,24,2,8
1,<environment.Job instance at 0x7f7ffb2bfc30>,9,13,[8 2],10,56,69,46,56
1,<environment.Job instance at 0x7f7ffb2bfd70>,10,19,[8 4],11,69,88,58,59
1,<environment.Job instance at 0x7f7ffb28a0f0>,13,16,[6 3],14,88,104,74,76
1,<environment.Job instance at 0x7f7ffb2bffa0>,12,15,[9 3],13,104,119,91,101
1,<environment.Job instance at 0x7f7ffb28a320>,16,18,[10  2],17,119,137,102,108
1,<environment.Job instance at 0x7f8040e51d20>,5,13,[ 2 10],6,7,20,1,7
1,<environment.Job instance at 0x7f8040e51e60>,14,13,[5 4],15,67,80,52,67
1,<environment.Job instance at 0x7f8040e42af0>,15,14,[8 5],16,80,94,64,67
1,<environment.Job instance at 0x7f8040e42c30>,18,15,[7 2],19,115,130,96,115
1,<environment.Job instance at 0x7f8046254550>,11,13,[9 3],12,115,128,103,115
1,<environment.Job instance at 0x7f8046254500>,13,15,[3 8],14,128,143,114,116
1,<environment.Job instance at 0x7f7ffb292fa0>,4,17,[10  5],5,143,160,138,141
1,<environment.Job instance at 0x7f7ffb5d9c80>,0,13,[7 5],1,46,59,45,46
1,<environment.Job instance at 0x7f8045b6b870>,9,16,[ 4 10],10,59,75,49,47
1,<environment.Job instance at 0x7f8045b08190>,19,13,[ 2 10],20,1103,1116,1083,1103
1,<environment.Job instance at 0x7f7ffb8375f0>,6,12,[6 1],7,23,35,16,23
1,<environment.Job instance at 0x7f7ffb837d20>,3,14,[7 2],4,74,88,70,74
1,<environment.Job instance at 0x7f7ffb837b40>,11,14,[3 8],12,74,88,62,74
1,<environment.Job instance at 0x7f7ffb837e10>,10,15,[10  1],11,88,103,77,88
1,<environment.Job instance at 0x7f80414243c0>,0,14,[7 4],1,5,19,4,5
1,<environment.Job instance at 0x7f7ffb060640>,10,14,[2 7],11,47,61,36,47
1,<environment.Job instance at 0x7f6fdd7d4460>,4,21,[1 6],5,122,143,117,122
1,<environment.Job instance at 0x7f6fd83d0be0>,2,18,[5 3],3,123,141,120,123
1,<environment.Job instance at 0x7f6fdd94aeb0>,17,13,[8 5],18,141,154,123,131
1,<environment.Job instance at 0x7f6fdd94ff50>,20,14,[2 6],21,154,168,133,141
1,<environment.Job instance at 0x7f6fdd94f4b0>,18,12,[10  2],19,168,180,149,152
1,<environment.Job instance at 0x7f6f92704140>,1,13,[7 4],2,4,17,2,4
1,<environment.Job instance at 0x7f6f92698a00>,7,16,[8 1],8,25,41,17,25
1,<environment.Job instance at 0x7f6f92698aa0>,8,15,[8 3],9,41,56,32,27
1,<environment.Job instance at 0x7f6f92698730>,14,16,[4 7],15,71,87,56,71
1,<environment.Job instance at 0x7f6f9276eb40>,23,20,[ 4 10],24,219,239,195,219
1,<environment.Job instance at 0x7f6f92778f50>,1,14,[2 9],2,2,16,0,2
1,<environment.Job instance at 0x7f6f92778550>,0,13,[8 5],1,16,29,15,5
1,<environment.Job instance at 0x7f6f92751410>,18,12,[10  5],19,215,227,196,215
1,<environment.Job instance at 0x7f6f92d79f00>,12,14,[5 5],13,166,180,153,166
1,<environment.Job instance at 0x7f6f92880a50>,4,16,[7 4],5,180,196,175,168
1,<environment.Job instance at 0x7f6f92d84050>,15,19,[9 4],16,196,215,180,193
1,<environment.Job instance at 0x7f6f92d84550>,2,17,[9 4],3,60,77,57,60
1,<environment.Job instance at 0x7f6f92996910>,5,14,[8 5],6,6,20,0,6
1,<environment.Job instance at 0x7f6f929960a0>,8,13,[1 7],9,20,33,11,11
1,<environment.Job instance at 0x7f6fda9ce230>,15,13,[5 5],16,111,124,95,111
1,<environment.Job instance at 0x7f6f92c2d6e0>,15,16,[6 3],16,199,215,183,199
1,<environment.Job instance at 0x7f6f92c2d910>,17,18,[4 7],18,202,220,184,202
1,<environment.Job instance at 0x7f6f92c2deb0>,26,16,[2 9],27,2472,2488,2445,2472
1,<environment.Job instance at 0x7f6fdac72cd0>,2,16,[10  3],3,3,19,0,3
1,<environment.Job instance at 0x7f6f92c0c0f0>,9,18,[2 9],10,19,37,9,16
1,<environment.Job instance at 0x7f6fdd800140>,13,14,[4 5],14,63,77,49,63
1,<environment.Job instance at 0x7f6f925f40a0>,20,15,[5 1],21,140,155,119,140
1,<environment.Job instance at 0x7f6fdaab4050>,19,17,[1 7],20,163,180,143,163
1,<environment.Job instance at 0x7f6fdaab4c80>,21,18,[5 9],22,180,198,158,170
1,<environment.Job instance at 0x7f6f929b3eb0>,26,14,[5 9],27,261,275,234,261
1,<environment.Job instance at 0x7f6fd824efa0>,35,26,[2 6],36,281,307,245,281
1,<environment.Job instance at 0x7f6f9271c140>,44,19,[9 4],45,389,408,344,389
1,<environment.Job instance at 0x7f6fda9f5cd0>,46,18,[6 4],47,408,426,361,400
1,<environment.Job instance at 0x7f6f92a7d4b0>,51,16,[7 3],52,551,567,499,551
1,<environment.Job instance at 0x7f6f92a7de10>,53,15,[ 3 10],54,576,591,522,576
1,<environment.Job instance at 0x7f6fd879f780>,1,15,[6 3],2,2,17,0,2
1,<environment.Job instance at 0x7f6fd85226e0>,3,18,[7 5],4,17,35,13,6
1,<environment.Job instance at 0x7f6fd879f410>,6,17,[10  3],7,141,158,134,141
1,<environment.Job instance at 0x7f6fdac6a320>,1,18,[6 1],2,2,20,0,2
1,<environment.Job instance at 0x7f6f928a6230>,1,17,[4 5],2,5,22,3,5
1,<environment.Job instance at 0x7f6f928a6320>,0,17,[4 7],1,22,39,21,10
1,<environment.Job instance at 0x7f6fd84c08c0>,11,15,[3 9],12,48,63,36,48
1,<environment.Job instance at 0x7f6fd84c0050>,16,14,[7 2],17,63,77,46,48
1,<environment.Job instance at 0x7f6fdaa175a0>,5,12,[3 6],6,7,19,1,7
1,<environment.Job instance at 0x7f6fdaa17c30>,9,27,[6 1],10,21,48,11,21
1,<environment.Job instance at 0x7f6f92c1b9b0>,12,14,[7 1],13,52,66,39,52
1,<environment.Job instance at 0x7f6fdaa58eb0>,1,16,[5 1],2,3,19,1,3
1,<environment.Job instance at 0x7f6fd870c8c0>,4,18,[2 8],5,5,23,0,5
1,<environment.Job instance at 0x7f6f9266c7d0>,24,17,[10  5],25,332,349,307,332
1,<environment.Job instance at 0x7f6f9266deb0>,28,16,[1 5],29,353,369,324,353
1,<environment.Job instance at 0x7f6f9266d5f0>,31,13,[9 3],32,400,413,368,400
1,<environment.Job instance at 0x7f6fd81d80f0>,33,15,[3 8],34,424,439,390,424
1,<environment.Job instance at 0x7f6fd81d8550>,3,24,[5 8],4,53,77,49,53
1,<environment.Job instance at 0x7f6fd84fc230>,10,13,[7 5],11,99,112,88,99
1,<environment.Job instance at 0x7f6fdaf59780>,0,13,[8 3],1,125,138,124,125
1,<environment.Job instance at 0x7f6f92769140>,14,15,[4 6],15,138,153,123,127
1,<environment.Job instance at 0x7f6fd81d4870>,17,17,[5 4],18,155,172,137,155
1,<environment.Job instance at 0x7f6fd81d4190>,18,14,[8 1],19,172,186,153,171
1,<environment.Job instance at 0x7f6fd83e4820>,19,16,[ 4 10],20,186,202,166,176
1,<environment.Job instance at 0x7f6f9240e960>,6,12,[6 1],7,54,66,47,54
1,<environment.Job instance at 0x7f6f9240ef50>,9,20,[5 6],10,66,86,56,57
1,<environment.Job instance at 0x7f6f923a3e10>,13,14,[5 4],14,71,85,57,71
1,<environment.Job instance at 0x7f6f923a36e0>,10,15,[10  1],11,86,101,75,72
1,<environment.Job instance at 0x7f6f92a7ab40>,0,14,[2 7],1,5,19,4,5
1,<environment.Job instance at 0x7f6fd8369140>,5,16,[6 1],6,6,22,0,6
1,<environment.Job instance at 0x7f6fdaecf960>,2,14,[5 5],3,22,36,19,8
1,<environment.Job instance at 0x7f6f92c625a0>,8,18,[1 5],9,19,37,10,9
1,<environment.Job instance at 0x7f6fd83690a0>,11,16,[10  2],12,37,53,25,28
1,<environment.Job instance at 0x7f6f92a667d0>,7,14,[9 5],8,120,134,112,120
1,<environment.Job instance at 0x7f6fd819e5a0>,12,17,[6 4],13,137,154,124,137
1,<environment.Job instance at 0x7f6fd81c20a0>,17,12,[5 1],18,2340,2352,2322,2340
1,<environment.Job instance at 0x7f6f924dd5a0>,2,16,[4 6],3,3,19,0,3
1,<environment.Job instance at 0x7f6f925e7690>,3,13,[8 1],4,19,32,15,4
1,<environment.Job instance at 0x7f6f9262aa50>,12,12,[2 5],13,66,78,53,66
1,<environment.Job instance at 0x7f6fdadff5a0>,27,18,[1 9],28,302,320,274,302
1,<environment.Job instance at 0x7f6f924ddfa0>,5,16,[ 3 10],6,320,336,314,319
1,<environment.Job instance at 0x7f6fdadffdc0>,33,16,[7 5],34,336,352,302,323
1,<environment.Job instance at 0x7f6fdadff960>,39,16,[4 8],40,368,384,328,368
1,<environment.Job instance at 0x7f6fdabb7af0>,6,17,[5 5],7,16,33,9,16
1,<environment.Job instance at 0x7f6f928b8640>,8,14,[8 5],9,41,55,32,41
1,<environment.Job instance at 0x7fd49f0b5d20>,7,13,[8 5],8,25,38,17,25
1,<environment.Job instance at 0x7fd49f0bcd20>,9,13,[9 4],10,45,58,35,45
1,<environment.Job instance at 0x7fd49f0bce10>,12,16,[ 4 10],13,58,74,45,45
1,<environment.Job instance at 0x7fd49f0bcd70>,11,15,[5 9],12,74,89,62,60
1,<environment.Job instance at 0x7fd49f0c20a0>,19,16,[7 1],20,93,109,73,93
1,<environment.Job instance at 0x7fd49f0c1370>,31,18,[ 1 10],32,257,275,225,257
1,<environment.Job instance at 0x7fd453e33b90>,0,13,[7 4],1,3,16,2,3
1,<environment.Job instance at 0x7fd453e31910>,10,14,[1 8],11,73,87,62,73
1,<environment.Job instance at 0x7fd453efcc30>,2,13,[9 4],3,3,16,0,3
1,<environment.Job instance at 0x7fd453f19500>,4,17,[3 8],5,16,33,11,8
1,<environment.Job instance at 0x7fd453f0aa50>,10,14,[6 1],11,21,35,10,21
1,<environment.Job instance at 0x7fd453f0a820>,12,16,[3 8],13,33,49,20,31
1,<environment.Job instance at 0x7fd453f36230>,1,15,[6 1],2,2,17,0,2
1,<environment.Job instance at 0x7fd45422a3c0>,6,13,[2 5],7,33,46,26,33
1,<environment.Job instance at 0x7fd45422a640>,10,17,[5 1],11,48,65,37,48
1,<environment.Job instance at 0x7fd45422a910>,2,18,[3 6],3,5,23,2,5
1,<environment.Job instance at 0x7fd499f2a1e0>,8,12,[ 5 10],9,23,35,14,16
1,<environment.Job instance at 0x7fd499deb4b0>,15,16,[6 3],16,193,209,177,193
1,<environment.Job instance at 0x7fd49997a910>,17,18,[4 7],18,194,212,176,194
1,<environment.Job instance at 0x7fd499e7bc30>,1,13,[6 5],2,2,15,0,2
1,<environment.Job instance at 0x7fd453d94b40>,3,14,[4 5],4,4,18,0,4
1,<environment.Job instance at 0x7fd45413e820>,7,15,[9 5],8,28,43,20,28
1,<environment.Job instance at 0x7fd45413eb40>,9,17,[1 7],10,43,60,33,33
1,<environment.Job instance at 0x7fd45413ebe0>,10,15,[5 1],11,43,58,32,37
1,<environment.Job instance at 0x7fd4541116e0>,26,18,[7 5],27,249,267,222,249
1,<environment.Job instance at 0x7fd4541141e0>,43,15,[ 3 10],44,464,479,420,464
1,<environment.Job instance at 0x7fd499c72500>,3,14,[1 5],4,4,18,0,4
1,<environment.Job instance at 0x7fd453fa78c0>,5,18,[1 7],6,18,36,12,9
1,<environment.Job instance at 0x7fd49998d870>,0,18,[ 2 10],1,131,149,130,131
1,<environment.Job instance at 0x7fd49e3757d0>,19,16,[ 5 10],20,157,173,137,157
1,<environment.Job instance at 0x7fd49e375f00>,21,16,[9 2],22,173,189,151,161
1,<environment.Job instance at 0x7fd454282d20>,30,17,[4 7],31,236,253,205,236
1,<environment.Job instance at 0x7fd454318f00>,5,16,[10  2],6,10,26,4,10
1,<environment.Job instance at 0x7fd4543170a0>,9,13,[8 2],10,54,67,44,54
1,<environment.Job instance at 0x7fd454317050>,8,17,[5 5],9,67,84,58,55
1,<environment.Job instance at 0x7fd4543172d0>,12,15,[9 3],13,128,143,115,128
1,<environment.Job instance at 0x7fd454317a50>,1,16,[4 6],2,2,18,0,2
1,<environment.Job instance at 0x7fd49e529cd0>,0,13,[8 3],1,147,160,146,147
1,<environment.Job instance at 0x7fd453d7d910>,17,17,[5 4],18,197,214,179,197
1,<environment.Job instance at 0x7fd4542aa050>,2,16,[6 5],3,3,19,0,3
1,<environment.Job instance at 0x7fd499fe93c0>,0,15,[10  1],1,19,34,18,8
1,<environment.Job instance at 0x7fd453d7de60>,3,14,[5 4],4,34,48,30,20
1,<environment.Job instance at 0x7fd4543ae9b0>,9,16,[9 2],10,69,85,59,69
1,<environment.Job instance at 0x7fd45438a050>,15,12,[6 4],16,96,108,80,96
1,<environment.Job instance at 0x7fd49e3f0e10>,1,15,[7 3],2,3,18,1,3
1,<environment.Job instance at 0x7fd4544d4a50>,5,14,[4 7],6,36,50,30,36
1,<environment.Job instance at 0x7fd45439bf50>,12,18,[5 4],13,70,88,57,70
1,<environment.Job instance at 0x7fd49e7e6a00>,14,13,[1 6],15,400,413,385,400
1,<environment.Job instance at 0x7fd453f66910>,7,17,[7 2],8,8,25,0,8
1,<environment.Job instance at 0x7fd453f66190>,9,13,[7 2],10,25,38,15,13
1,<environment.Job instance at 0x7fd453f66500>,8,18,[ 4 10],9,38,56,29,34
1,<environment.Job instance at 0x7fd453f66640>,16,16,[4 7],17,75,91,58,75
1,<environment.Job instance at 0x7fd49e776320>,0,13,[9 1],1,5,18,4,5
1,<environment.Job instance at 0x7fd4543f9b40>,5,12,[3 5],6,18,30,12,6
1,<environment.Job instance at 0x7fd4543cedc0>,3,15,[10  1],4,52,67,48,52
1,<environment.Job instance at 0x7fd49f0c12d0>,7,13,[5 8],8,127,140,119,127
1,<environment.Job instance at 0x7fd45441a4b0>,0,17,[2 9],1,140,157,139,132
1,<environment.Job instance at 0x7fd453cd4c30>,16,12,[10  1],17,157,169,140,148
1,<environment.Job instance at 0x7fd453cd40f0>,17,17,[4 7],18,169,186,151,158
1,<environment.Job instance at 0x7fd49e694280>,4,12,[5 1],5,6,18,1,6
1,<environment.Job instance at 0x7fd453e95eb0>,6,12,[4 8],7,7,19,0,7
1,<environment.Job instance at 0x7fd454270be0>,0,18,[3 9],1,19,37,18,10
1,<environment.Job instance at 0x7fd499aa0820>,12,12,[1 6],13,37,49,24,35
1,<environment.Job instance at 0x7fd499aa0cd0>,13,17,[5 5],14,49,66,35,37
1,<environment.Job instance at 0x7fd49eb20640>,0,17,[10  3],1,56,73,55,56
1,<environment.Job instance at 0x7f7d9219e280>,0,13,[9 3],1,3,16,2,3
1,<environment.Job instance at 0x7f7d8ad8e2d0>,14,13,[7 3],15,120,133,105,120
1,<environment.Job instance at 0x7f7d8ad987d0>,2,16,[ 4 10],3,5,21,2,5
1,<environment.Job instance at 0x7f7d921c5050>,9,16,[7 1],10,34,50,24,34
1,<environment.Job instance at 0x7f7d921c58c0>,15,15,[5 7],16,88,103,72,88
1,<environment.Job instance at 0x7f7d4701afa0>,2,13,[3 8],3,3,16,0,3
1,<environment.Job instance at 0x7f7d4701ab90>,3,13,[3 5],4,16,29,12,4
1,<environment.Job instance at 0x7f7d4701a230>,6,20,[1 5],7,16,36,9,9
1,<environment.Job instance at 0x7f7d4715acd0>,4,16,[7 4],5,46,62,41,46
1,<environment.Job instance at 0x7f7d471660f0>,12,14,[5 5],13,147,161,134,147
1,<environment.Job instance at 0x7f7d47166640>,20,14,[2 7],21,228,242,207,228
1,<environment.Job instance at 0x7f7d471668c0>,21,15,[4 8],22,242,257,220,228
1,<environment.Job instance at 0x7f7d47451730>,1,15,[5 5],2,2,17,0,2
1,<environment.Job instance at 0x7f7d8d84b460>,1,13,[4 9],2,4,17,2,4
1,<environment.Job instance at 0x7f7d4768b6e0>,15,15,[8 4],16,124,139,108,124
1,<environment.Job instance at 0x7f7d4768ba00>,17,14,[6 4],18,139,153,121,124
1,<environment.Job instance at 0x7f7d47381e10>,1,27,[1 8],2,2,29,0,2
1,<environment.Job instance at 0x7f7d8ab419b0>,8,19,[1 5],9,39,58,30,39
1,<environment.Job instance at 0x7f7d47622be0>,5,13,[6 4],6,39,52,33,39
1,<environment.Job instance at 0x7f7d8ab41370>,13,14,[4 5],14,63,77,49,63
1,<environment.Job instance at 0x7f7d4762de10>,10,18,[10  4],11,140,158,129,140
1,<environment.Job instance at 0x7f7d471220a0>,19,17,[1 7],20,163,180,143,163
1,<environment.Job instance at 0x7f7d473b2b40>,20,15,[5 1],21,163,178,142,163
1,<environment.Job instance at 0x7f7d47218e60>,2,16,[10  3],3,189,205,186,189
1,<environment.Job instance at 0x7f7d47244730>,26,14,[5 9],27,205,219,178,190
1,<environment.Job instance at 0x7f7d92309460>,29,16,[6 5],30,219,235,189,211
1,<environment.Job instance at 0x7f7d47663d20>,9,18,[2 9],10,300,318,290,300
1,<environment.Job instance at 0x7f7d8b1a77d0>,37,18,[5 9],38,369,387,331,369
1,<environment.Job instance at 0x7f7d8d859870>,46,18,[6 4],47,438,456,391,438
1,<environment.Job instance at 0x7f7d8b1a7e60>,41,12,[10  2],42,465,477,423,465
1,<environment.Job instance at 0x7f7d8d8590a0>,51,16,[7 3],52,509,525,457,509
1,<environment.Job instance at 0x7f7d8d859780>,53,15,[ 3 10],54,533,548,479,533
1,<environment.Job instance at 0x7f7d47484190>,3,14,[1 5],4,4,18,0,4
1,<environment.Job instance at 0x7f7d47484d20>,5,18,[1 7],6,18,36,12,15
1,<environment.Job instance at 0x7f7d8ad350a0>,2,27,[5 1],3,3,30,0,3
1,<environment.Job instance at 0x7f7d8ad35230>,1,15,[4 5],2,21,36,19,21
1,<environment.Job instance at 0x7f7d46ffcd20>,11,16,[9 2],12,36,52,24,23
1,<environment.Job instance at 0x7f7d8d589af0>,17,13,[9 4],18,66,79,48,66
1,<environment.Job instance at 0x7f7d8d5894b0>,19,15,[7 3],20,79,94,59,66
1,<environment.Job instance at 0x7f7d46ffc370>,9,16,[ 5 10],10,94,110,84,81
1,<environment.Job instance at 0x7f7d8da7d320>,21,17,[4 5],22,110,127,88,99
1,<environment.Job instance at 0x7f7d8da26be0>,5,12,[3 6],6,7,19,1,7
1,<environment.Job instance at 0x7f7d921c85a0>,10,15,[5 2],11,48,63,37,48
1,<environment.Job instance at 0x7f7d47410870>,12,14,[7 1],13,63,77,50,49
1,<environment.Job instance at 0x7f7d8d4b9a00>,11,13,[9 3],12,94,107,82,94
1,<environment.Job instance at 0x7f7d8d4b9be0>,14,13,[6 5],15,107,120,92,97
1,<environment.Job instance at 0x7f7d8d443aa0>,4,17,[10  5],5,120,137,115,108
1,<environment.Job instance at 0x7f7d8ae46730>,2,16,[ 4 10],3,49,65,46,49
1,<environment.Job instance at 0x7f7d8ae46b90>,4,13,[4 7],5,98,111,93,98
1,<environment.Job instance at 0x7f7d476b3140>,13,18,[5 8],14,122,140,108,122
1,<environment.Job instance at 0x7f7d476b3690>,2,14,[5 5],3,3,17,0,3
1,<environment.Job instance at 0x7f7d8d8330f0>,0,14,[2 7],1,17,31,16,6
1,<environment.Job instance at 0x7f7d8d300f50>,11,16,[10  2],12,34,50,22,34
1,<environment.Job instance at 0x7f7d46dbb140>,3,15,[8 1],4,6,21,2,6
1,<environment.Job instance at 0x7f7d8d833960>,0,13,[9 1],1,2,15,1,2
1,<environment.Job instance at 0x7f7d46d6b1e0>,6,12,[10  1],7,7,19,0,7
1,<environment.Job instance at 0x7f7d46d6b140>,7,17,[4 7],8,19,36,11,11
1,<environment.Job instance at 0x7f7d470993c0>,1,13,[7 2],2,2,15,0,2
1,<environment.Job instance at 0x7f7d46d6b910>,2,12,[5 2],3,15,27,12,3
1,<environment.Job instance at 0x7f7d8d771f50>,10,16,[8 5],11,27,43,16,16
1,<environment.Job instance at 0x7f7d8d771550>,2,12,[9 4],3,3,15,0,3
1,<environment.Job instance at 0x7f7d8d79e550>,15,24,[6 2],16,90,114,74,90
1,<environment.Job instance at 0x7f7d8d79e190>,16,12,[2 6],17,90,102,73,90
1,<environment.Job instance at 0x7f7d47126cd0>,0,12,[5 8],1,63,75,62,63
1,<environment.Job instance at 0x7f7d8b0ebeb0>,17,12,[10  2],18,302,314,284,302
1,<environment.Job instance at 0x7f7d8ad62be0>,5,15,[7 2],6,7,22,1,7
1,<environment.Job instance at 0x7f7d8b0ebeb0>,2,18,[2 5],3,11,29,8,11
1,<environment.Job instance at 0x7f7d8ad44eb0>,10,14,[2 9],11,116,130,105,116
1,<environment.Job instance at 0x7f7d8ad44320>,18,19,[2 6],19,140,159,121,140
1,<environment.Job instance at 0x7f7d47151410>,27,15,[9 5],28,260,275,232,260
1,<environment.Job instance at 0x7f7d8b0dfeb0>,28,14,[1 7],29,275,289,246,260
1,<environment.Job instance at 0x7f7d8b0dfdc0>,33,13,[9 1],34,285,298,251,285
1,<environment.Job instance at 0x7f7d47150a50>,34,18,[3 9],35,298,316,263,287
1,<environment.Job instance at 0x7f31b0da8640>,7,25,[6 2],8,21,46,13,21
1,<environment.Job instance at 0x7f31b0da8aa0>,14,13,[7 3],15,95,108,80,95
1,<environment.Job instance at 0x7f31b0daa7d0>,33,16,[2 8],34,1598,1614,1564,1598
1,<environment.Job instance at 0x7f31b0daa910>,35,15,[9 5],36,1614,1629,1578,1606
1,<environment.Job instance at 0x7f31b6325aa0>,14,12,[4 6],15,89,101,74,89
1,<environment.Job instance at 0x7f31b6325910>,19,14,[10  4],20,178,192,158,178
1,<environment.Job instance at 0x7f316b0a6780>,1,14,[2 9],2,51,65,49,51
1,<environment.Job instance at 0x7f316b0e8870>,12,12,[1 7],13,79,91,66,79
1,<environment.Job instance at 0x7f316b0e8f50>,18,12,[10  5],19,180,192,161,180
1,<environment.Job instance at 0x7f316b467140>,11,15,[6 1],12,44,59,32,44
1,<environment.Job instance at 0x7f316b493230>,5,14,[8 5],6,6,20,0,6
1,<environment.Job instance at 0x7f316b4aa0f0>,8,13,[1 7],9,20,33,11,9
1,<environment.Job instance at 0x7f31b122d690>,0,17,[8 1],1,5,22,4,5
1,<environment.Job instance at 0x7f31b122d7d0>,6,14,[ 4 10],7,46,60,39,46
1,<environment.Job instance at 0x7f316b253910>,3,18,[7 5],4,5,23,1,5
1,<environment.Job instance at 0x7f316b1286e0>,8,13,[9 4],9,22,35,13,22
1,<environment.Job instance at 0x7f316b128dc0>,19,16,[ 5 10],20,119,135,99,119
1,<environment.Job instance at 0x7f316b128e60>,20,18,[7 3],21,135,153,114,124
1,<environment.Job instance at 0x7f316b115370>,27,13,[9 4],28,171,184,143,171
1,<environment.Job instance at 0x7f316b1154b0>,29,15,[7 3],30,184,199,154,173
1,<environment.Job instance at 0x7f316b1155f0>,31,17,[4 5],32,199,216,167,188
1,<environment.Job instance at 0x7f316aff6640>,5,12,[3 6],6,9,21,3,9
1,<environment.Job instance at 0x7f316afda140>,12,14,[7 1],13,49,63,36,49
1,<environment.Job instance at 0x7f31b162a280>,1,13,[9 3],2,3,16,1,3
1,<environment.Job instance at 0x7f316b046190>,3,15,[3 8],4,16,31,12,6
1,<environment.Job instance at 0x7f31b107ba00>,3,14,[7 2],4,27,41,23,27
1,<environment.Job instance at 0x7f316afa1d70>,9,20,[5 6],10,41,61,31,33
1,<environment.Job instance at 0x7f316afa1230>,11,14,[3 8],12,61,75,49,54
1,<environment.Job instance at 0x7f316afa1690>,12,16,[6 5],13,75,91,62,62
1,<environment.Job instance at 0x7f31b1044b90>,2,18,[5 4],3,3,21,0,3
1,<environment.Job instance at 0x7f316af8e0a0>,4,13,[1 6],5,6,19,1,6
1,<environment.Job instance at 0x7f316afaa370>,14,21,[9 1],15,44,65,29,44
1,<environment.Job instance at 0x7f316afaac30>,15,16,[4 9],16,65,81,49,52
1,<environment.Job instance at 0x7f316afaaaf0>,17,12,[4 5],18,81,93,63,66
1,<environment.Job instance at 0x7f316afaae10>,26,16,[8 4],27,177,193,150,177
1,<environment.Job instance at 0x7f316b4cb1e0>,37,14,[9 5],38,776,790,738,776
1,<environment.Job instance at 0x7f316b4cb550>,2,16,[4 6],3,3,19,0,3
1,<environment.Job instance at 0x7f31b184d0f0>,3,13,[8 1],4,19,32,15,4
1,<environment.Job instance at 0x7f31b184d960>,12,12,[2 5],13,91,103,78,91
1,<environment.Job instance at 0x7f31b0f98f50>,29,19,[9 1],30,304,323,274,304
1,<environment.Job instance at 0x7f316b4cb4b0>,5,16,[ 3 10],6,323,339,317,314
1,<environment.Job instance at 0x7f31b0df99b0>,35,12,[8 3],36,339,351,303,330
1,<environment.Job instance at 0x7f31b116f690>,39,16,[4 8],40,389,405,349,389
1,<environment.Job instance at 0x7f31b116fa00>,45,12,[3 5],46,405,417,359,402
1,<environment.Job instance at 0x7f316b1da230>,4,12,[5 1],5,6,18,1,6
1,<environment.Job instance at 0x7f316ae4aa00>,6,12,[4 8],7,7,19,0,7
1,<environment.Job instance at 0x7f31b100cfa0>,11,18,[10  5],12,38,56,26,38
1,<environment.Job instance at 0x7f316b57dc30>,10,12,[9 5],11,74,86,63,74
1,<environment.Job instance at 0x7f31b155ff50>,10,18,[1 7],11,47,65,36,47
1,<environment.Job instance at 0x7f316b0921e0>,13,17,[2 8],14,65,82,51,58
1,<environment.Job instance at 0x7f31b0d32460>,0,14,[2 9],1,110,124,109,110
1,<environment.Job instance at 0x7f316af87c30>,17,15,[9 5],18,133,148,115,133
1,<environment.Job instance at 0x7f316b2a4be0>,23,13,[9 1],24,156,169,132,156
1,<environment.Job instance at 0x7f316b031e60>,26,23,[1 5],27,193,216,166,193
1,<environment.Job instance at 0x7f31b60d6780>,0,15,[5 8],1,5,20,4,5
1,<environment.Job instance at 0x7f31b1059550>,8,14,[5 7],9,47,61,38,47
1,<environment.Job instance at 0x7f31b1059730>,7,15,[6 1],8,61,76,53,47
1,<environment.Job instance at 0x7f31b1059e60>,13,17,[10  4],14,145,162,131,145
1,<environment.Job instance at 0x7f31b1059820>,4,14,[8 5],5,47,61,42,47
1,<environment.Job instance at 0x7f316b701730>,1,13,[9 3],2,102,115,100,102
1,<environment.Job instance at 0x7f316aee58c0>,23,18,[6 3],24,237,255,213,237
1,<environment.Job instance at 0x7f316aee51e0>,26,16,[2 6],27,269,285,242,269
1,<environment.Job instance at 0x7f31b17e80a0>,29,12,[5 6],30,285,297,255,285
1,<environment.Job instance at 0x7f31b17e8500>,31,18,[9 5],32,316,334,284,316
1,<environment.Job instance at 0x7f31b17e8410>,34,15,[9 5],35,340,355,305,340
1,<environment.Job instance at 0x7f31b17f1f50>,38,22,[9 2],39,374,396,335,374
1,<environment.Job instance at 0x7ff9d1165d20>,0,18,[2 7],1,4,22,3,4
1,<environment.Job instance at 0x7ff9d11536e0>,4,12,[4 6],5,22,34,17,5
1,<environment.Job instance at 0x7ff9d2423820>,15,16,[7 5],16,101,117,85,101
1,<environment.Job instance at 0x7ff9876625f0>,2,17,[9 4],3,28,45,25,28
1,<environment.Job instance at 0x7ff9875ac690>,1,13,[4 9],2,4,17,2,4
1,<environment.Job instance at 0x7ff98765e3c0>,5,14,[ 2 10],6,60,74,54,60
1,<environment.Job instance at 0x7ff98759c820>,12,13,[ 1 10],13,83,96,70,83
1,<environment.Job instance at 0x7ff98759c6e0>,10,16,[5 9],11,125,141,114,125
1,<environment.Job instance at 0x7ff98759cbe0>,16,17,[ 3 10],17,141,158,124,129
1,<environment.Job instance at 0x7ff9d16db2d0>,0,15,[5 1],1,6,21,5,6
1,<environment.Job instance at 0x7ff987328e60>,6,14,[5 9],7,7,21,0,7
1,<environment.Job instance at 0x7ff987328c80>,8,12,[2 5],9,25,37,16,25
1,<environment.Job instance at 0x7ff9873283c0>,16,18,[7 5],17,114,132,97,114
1,<environment.Job instance at 0x7ff987328820>,21,12,[10  2],22,206,218,184,206
1,<environment.Job instance at 0x7ff9d16d6910>,26,18,[6 4],27,233,251,206,233
1,<environment.Job instance at 0x7ff9d16db050>,1,18,[5 9],2,287,305,285,287
1,<environment.Job instance at 0x7ff9d16d6230>,31,16,[7 3],32,305,321,273,303
1,<environment.Job instance at 0x7ff9d16d60a0>,34,23,[1 6],35,338,361,303,338
1,<environment.Job instance at 0x7ff98738df50>,1,18,[6 1],2,2,20,0,2
1,<environment.Job instance at 0x7ff9873288c0>,2,19,[1 7],3,3,22,0,3
1,<environment.Job instance at 0x7ff98742a910>,5,16,[10  2],6,8,24,2,8
1,<environment.Job instance at 0x7ff98742aaf0>,8,17,[5 5],9,71,88,62,71
1,<environment.Job instance at 0x7ff98742ae60>,13,16,[6 3],14,113,129,99,113
1,<environment.Job instance at 0x7ff98742ac30>,9,13,[8 2],10,163,176,153,163
1,<environment.Job instance at 0x7ff9876ebc30>,11,13,[9 3],12,95,108,83,95
1,<environment.Job instance at 0x7ff9876eb230>,13,15,[3 8],14,115,130,101,115
1,<environment.Job instance at 0x7ff9d1248640>,4,17,[10  5],5,143,160,138,143
1,<environment.Job instance at 0x7ff9d1248640>,2,25,[4 9],3,4,29,1,4
1,<environment.Job instance at 0x7ff9d10f2f00>,9,20,[5 6],10,54,74,44,54
1,<environment.Job instance at 0x7ff98768d230>,13,14,[5 4],14,56,70,42,56
1,<environment.Job instance at 0x7ff9d1c14d70>,12,16,[6 5],13,74,90,61,65
1,<environment.Job instance at 0x7ff9d11b1230>,5,16,[4 9],6,62,78,56,62
1,<environment.Job instance at 0x7ff9d11b1460>,7,12,[4 5],8,78,90,70,62
1,<environment.Job instance at 0x7ff9d11b1960>,15,19,[7 5],16,110,129,94,110
1,<environment.Job instance at 0x7ff9d11b1a00>,16,16,[8 4],17,129,145,112,119
1,<environment.Job instance at 0x7ff9d11be280>,27,14,[9 5],28,254,268,226,254
1,<environment.Job instance at 0x7ff9877a0640>,8,19,[3 6],9,50,69,41,50
1,<environment.Job instance at 0x7ff9877a0500>,12,18,[5 2],13,57,75,44,57
1,<environment.Job instance at 0x7ff9d1a0bcd0>,4,19,[4 7],5,69,88,64,61
1,<environment.Job instance at 0x7ff9d1a0b280>,3,14,[10  4],4,104,118,100,104
1,<environment.Job instance at 0x7ff9d0f45fa0>,19,16,[4 8],20,136,152,116,136
1,<environment.Job instance at 0x7ff9d0f45870>,25,12,[3 5],26,152,164,126,146
1,<environment.Job instance at 0x7ff98763deb0>,5,14,[3 9],6,6,20,0,6
1,<environment.Job instance at 0x7ff9875b94b0>,8,14,[6 1],9,46,60,37,46
1,<environment.Job instance at 0x7ff9875ddcd0>,5,15,[3 6],6,73,88,67,73
1,<environment.Job instance at 0x7ff9875b9550>,11,18,[10  4],12,88,106,76,83
1,<environment.Job instance at 0x7ff9875e0690>,13,15,[7 2],14,106,121,92,98
1,<environment.Job instance at 0x7ff9d104c410>,8,17,[8 5],9,50,67,41,50
1,<environment.Job instance at 0x7ff987384eb0>,15,12,[3 7],16,1636,1648,1620,1636
1,<environment.Job instance at 0x7ff9d12d1a00>,2,19,[5 7],3,3,22,0,3
1,<environment.Job instance at 0x7ff9d1dae5a0>,14,15,[ 1 10],15,2617,2632,2602,2617
1,<environment.Job instance at 0x7ff9d1dae3c0>,17,17,[5 5],18,2632,2649,2614,2621
1,<environment.Job instance at 0x7ff9d1dae0f0>,1,22,[5 4],2,4,26,2,4
1,<environment.Job instance at 0x7ff9d166ceb0>,14,16,[3 6],15,125,141,110,125
1,<environment.Job instance at 0x7ff9d12311e0>,18,13,[2 8],19,148,161,129,148
1,<environment.Job instance at 0x7ff9d122b1e0>,8,15,[4 5],9,161,176,152,148
1,<environment.Job instance at 0x7ff9d1231fa0>,20,15,[5 8],21,176,191,155,174
1,<environment.Job instance at 0x7ff9d120d0a0>,28,14,[5 7],29,245,259,216,245
1,<environment.Job instance at 0x7ff9d1216640>,32,12,[10  5],33,270,282,237,270
1,<environment.Job instance at 0x7ff9d1216960>,33,17,[10  4],34,282,299,248,281
1,<environment.Job instance at 0x7ff9873ed910>,2,21,[2 8],3,3,24,0,3
1,<environment.Job instance at 0x7ff9d1eae870>,7,21,[3 8],8,24,45,16,20
1,<environment.Job instance at 0x7ff986f7ef50>,11,13,[9 3],12,56,69,44,56
1,<environment.Job instance at 0x7ff9d168d5a0>,0,12,[ 5 10],1,71,83,70,71
1,<environment.Job instance at 0x7ff9d1eae960>,14,14,[8 5],15,83,97,68,72
1,<environment.Job instance at 0x7ff9d1252370>,17,13,[5 9],18,152,165,134,152
1,<environment.Job instance at 0x7ff9870adaa0>,20,13,[5 1],21,155,168,134,155
1,<environment.Job instance at 0x7ff9d21a7500>,3,26,[5 3],4,5,31,1,5
1,<environment.Job instance at 0x7ff9d18315f0>,3,13,[1 6],4,4,17,0,4
1,<environment.Job instance at 0x7ff9d18310a0>,0,15,[9 4],1,25,40,24,25
1,<environment.Job instance at 0x7ff9d1c0d410>,4,12,[10  3],5,40,52,35,28
1,<environment.Job instance at 0x7ff9d18edbe0>,13,21,[9 2],14,52,73,38,49
1,<environment.Job instance at 0x7f7178f20190>,0,13,[9 3],1,3,16,2,3
1,<environment.Job instance at 0x7f7171b105f0>,6,20,[6 1],7,46,66,39,46
1,<environment.Job instance at 0x7f7171b10af0>,14,13,[7 3],15,90,103,75,90
1,<environment.Job instance at 0x7f7171b12730>,35,15,[9 5],36,1118,1133,1082,1118
1,<environment.Job instance at 0x7f7178f4ad70>,11,13,[7 4],12,81,94,69,81
1,<environment.Job instance at 0x7f712de3a410>,0,14,[6 1],1,2,16,1,2
1,<environment.Job instance at 0x7f7179086dc0>,2,16,[3 8],3,5,21,2,5
1,<environment.Job instance at 0x7f712de3a4b0>,3,14,[10  1],4,21,35,17,6
1,<environment.Job instance at 0x7f712de3aaa0>,7,13,[7 4],8,54,67,46,54
1,<environment.Job instance at 0x7f712de3a640>,6,13,[6 3],7,67,80,60,54
1,<environment.Job instance at 0x7f712de11370>,17,16,[2 8],18,97,113,79,97
1,<environment.Job instance at 0x7f712de117d0>,24,16,[7 4],25,233,249,208,233
1,<environment.Job instance at 0x7f712de0d410>,32,14,[5 5],33,407,421,374,407
1,<environment.Job instance at 0x7f712e209dc0>,7,14,[5 6],8,28,42,20,28
1,<environment.Job instance at 0x7f712df87780>,3,12,[10  3],4,73,85,69,73
1,<environment.Job instance at 0x7f7171b12460>,1,17,[4 5],2,2,19,0,2
1,<environment.Job instance at 0x7f7171b12c80>,0,17,[4 7],1,19,36,18,7
1,<environment.Job instance at 0x7f712dfa9190>,8,17,[5 2],9,9,26,0,9
1,<environment.Job instance at 0x7f7171b03d20>,10,15,[6 3],11,26,41,15,18
1,<environment.Job instance at 0x7f7174293cd0>,9,18,[1 9],10,48,66,38,48
1,<environment.Job instance at 0x7f712dfc1500>,1,16,[4 6],2,4,20,2,4
1,<environment.Job instance at 0x7f712e376410>,8,13,[5 3],9,42,55,33,42
1,<environment.Job instance at 0x7f712e3764b0>,2,16,[ 4 10],3,4,20,1,4
1,<environment.Job instance at 0x7f7171ed2690>,4,13,[4 7],5,97,110,92,97
1,<environment.Job instance at 0x7f712e351230>,13,18,[5 8],14,122,140,108,122
1,<environment.Job instance at 0x7f71747e7c30>,2,18,[5 4],3,48,66,45,48
1,<environment.Job instance at 0x7f717431faa0>,17,12,[4 5],18,118,130,100,118
1,<environment.Job instance at 0x7f712dfb3f00>,26,16,[8 4],27,187,203,160,187
1,<environment.Job instance at 0x7f7171afd8c0>,37,14,[9 5],38,367,381,329,367
1,<environment.Job instance at 0x7f7174392910>,4,19,[4 7],5,46,65,41,46
1,<environment.Job instance at 0x7f717188ae60>,12,18,[5 2],13,59,77,46,59
1,<environment.Job instance at 0x7f717188af00>,13,16,[7 5],14,77,93,63,65
1,<environment.Job instance at 0x7f71718a2320>,19,16,[4 8],20,151,167,131,151
1,<environment.Job instance at 0x7f71718a25f0>,25,12,[3 5],26,167,179,141,165
1,<environment.Job instance at 0x7f7171a47b40>,0,16,[ 1 10],1,3,19,2,3
1,<environment.Job instance at 0x7f7171a47640>,3,13,[9 2],4,19,32,15,4
1,<environment.Job instance at 0x7f71741e9fa0>,7,17,[ 1 10],8,47,64,39,47
1,<environment.Job instance at 0x7f71741e9aa0>,2,23,[7 1],3,3,26,0,3
1,<environment.Job instance at 0x7f7171b03be0>,5,15,[6 5],6,42,57,36,42
1,<environment.Job instance at 0x7f7174631280>,1,16,[5 1],2,5,21,3,5
1,<environment.Job instance at 0x7f7171f57a50>,9,19,[ 3 10],10,107,126,97,107
1,<environment.Job instance at 0x7f712dd1a230>,1,19,[4 6],2,2,21,0,2
1,<environment.Job instance at 0x7f71742b2a00>,3,17,[2 8],4,29,46,25,29
1,<environment.Job instance at 0x7f71742b2690>,9,19,[4 5],10,49,68,39,49
1,<environment.Job instance at 0x7f7171893780>,16,23,[1 5],17,49,72,32,49
1,<environment.Job instance at 0x7f712dfab8c0>,14,18,[3 9],15,72,90,57,62
1,<environment.Job instance at 0x7f7174837be0>,2,13,[5 1],3,4,17,1,4
1,<environment.Job instance at 0x7f7171960d70>,7,18,[5 3],8,8,26,0,8
1,<environment.Job instance at 0x7f7171ec1140>,17,14,[1 8],18,112,126,94,112
1,<environment.Job instance at 0x7f712dc37cd0>,1,15,[3 5],2,2,17,0,2
1,<environment.Job instance at 0x7f717473cc30>,2,13,[6 5],3,3,16,0,3
1,<environment.Job instance at 0x7f712e325370>,11,15,[4 7],12,36,51,24,36
1,<environment.Job instance at 0x7f712db1fe60>,16,21,[9 1],17,83,104,66,83
1,<environment.Job instance at 0x7f712db1f410>,18,16,[7 5],19,109,125,90,109
1,<environment.Job instance at 0x7f712e38c500>,6,15,[5 7],7,27,42,20,27
1,<environment.Job instance at 0x7f712dc659b0>,12,13,[ 3 10],13,78,91,65,78
1,<environment.Job instance at 0x7f712dc60500>,16,18,[8 2],17,99,117,82,99
1,<environment.Job instance at 0x7f71743a4c30>,9,14,[1 5],10,48,62,38,48
1,<environment.Job instance at 0x7f378fa5c230>,2,22,[4 8],3,3,25,0,3
1,<environment.Job instance at 0x7f378e8fdaa0>,14,13,[7 3],15,69,82,54,69
1,<environment.Job instance at 0x7f378e90b780>,1,13,[7 4],2,2,15,0,2
1,<environment.Job instance at 0x7f378fa5b780>,7,16,[8 1],8,22,38,14,22
1,<environment.Job instance at 0x7f378fa5ba00>,9,17,[8 1],10,38,55,28,26
1,<environment.Job instance at 0x7f378fbd1050>,14,16,[4 7],15,71,87,56,71
1,<environment.Job instance at 0x7f37449752d0>,4,16,[7 4],5,48,64,43,48
1,<environment.Job instance at 0x7f3744975960>,12,14,[5 5],13,175,189,162,175
1,<environment.Job instance at 0x7f37448a2f50>,20,14,[2 7],21,230,244,209,230
1,<environment.Job instance at 0x7f3744a2daf0>,5,14,[8 5],6,6,20,0,6
1,<environment.Job instance at 0x7f3744d370a0>,6,14,[10  3],7,16,30,9,16
1,<environment.Job instance at 0x7f3744d37190>,5,13,[6 4],6,39,52,33,39
1,<environment.Job instance at 0x7f3744d375a0>,13,14,[4 5],14,63,77,49,63
1,<environment.Job instance at 0x7f3744d379b0>,17,15,[9 5],18,140,155,122,140
1,<environment.Job instance at 0x7f3744d37b40>,19,17,[1 7],20,163,180,143,163
1,<environment.Job instance at 0x7f3744d373c0>,10,18,[10  4],11,180,198,169,170
1,<environment.Job instance at 0x7f3744d4a140>,28,12,[2 5],29,251,263,222,251
1,<environment.Job instance at 0x7f3744ac3050>,2,16,[10  3],3,277,293,274,277
1,<environment.Job instance at 0x7f3744d37320>,9,18,[2 9],10,303,321,293,303
1,<environment.Job instance at 0x7f3744d4a960>,41,12,[10  2],42,367,379,325,367
1,<environment.Job instance at 0x7f3744d4a6e0>,37,18,[5 9],38,392,410,354,392
1,<environment.Job instance at 0x7f3744d470f0>,51,16,[7 3],52,508,524,456,508
1,<environment.Job instance at 0x7f378f399eb0>,1,18,[6 1],2,3,21,1,3
1,<environment.Job instance at 0x7f3744ac13c0>,12,14,[7 1],13,48,62,35,48
1,<environment.Job instance at 0x7f378e7ea5a0>,30,18,[1 5],31,2243,2261,2212,2243
1,<environment.Job instance at 0x7f378eaeaa50>,3,24,[5 8],4,4,28,0,4
1,<environment.Job instance at 0x7f3744f83640>,5,23,[1 5],6,45,68,39,45
1,<environment.Job instance at 0x7f3744b22cd0>,14,15,[4 6],15,118,133,103,118
1,<environment.Job instance at 0x7f3744b22eb0>,17,17,[5 4],18,167,184,149,167
1,<environment.Job instance at 0x7f3744b22fa0>,19,16,[ 4 10],20,184,200,164,171
1,<environment.Job instance at 0x7f378ee14280>,2,14,[5 5],3,3,17,0,3
1,<environment.Job instance at 0x7f378ee14e60>,0,14,[2 7],1,17,31,16,5
1,<environment.Job instance at 0x7f378ee14e10>,5,16,[6 1],6,17,33,11,6
1,<environment.Job instance at 0x7f37448eacd0>,11,16,[10  2],12,38,54,26,38
1,<environment.Job instance at 0x7f378ef6b690>,2,16,[4 6],3,4,20,1,4
1,<environment.Job instance at 0x7f378ef6beb0>,3,13,[8 1],4,286,299,282,286
1,<environment.Job instance at 0x7f378e940140>,28,19,[3 6],29,336,355,307,336
1,<environment.Job instance at 0x7f378e752be0>,5,16,[ 3 10],6,355,371,349,343
1,<environment.Job instance at 0x7f378eba6730>,35,12,[8 3],36,376,388,340,376
1,<environment.Job instance at 0x7f378e77c870>,33,16,[7 5],34,388,404,354,379
1,<environment.Job instance at 0x7f378ea42eb0>,40,13,[9 1],41,404,417,363,388
1,<environment.Job instance at 0x7f378ef21aa0>,45,12,[3 5],46,459,471,413,459
1,<environment.Job instance at 0x7f378ebdb0f0>,7,17,[4 7],8,9,26,1,9
1,<environment.Job instance at 0x7f378ed2e3c0>,8,15,[ 2 10],9,46,61,37,46
1,<environment.Job instance at 0x7f378ea2fbe0>,0,12,[5 8],1,64,76,63,64
1,<environment.Job instance at 0x7f3744d93b90>,0,18,[8 2],1,3,21,2,3
1,<environment.Job instance at 0x7f3744c58e10>,10,15,[8 2],11,57,72,46,57
1,<environment.Job instance at 0x7f3744ef3c80>,4,18,[5 9],5,29,47,24,29
1,<environment.Job instance at 0x7f378ec60cd0>,3,26,[5 3],4,5,31,1,5
1,<environment.Job instance at 0x7f378ebbd320>,9,13,[6 2],10,73,86,63,73
1,<environment.Job instance at 0x7f378ebbdc80>,17,16,[2 7],18,170,186,152,170
1,<environment.Job instance at 0x7f374467f140>,18,18,[3 9],19,198,216,179,198
1,<environment.Job instance at 0x7f378ec9f730>,11,12,[6 3],12,79,91,67,79
1,<environment.Job instance at 0x7f374467ff50>,4,18,[3 8],5,97,115,92,97
1,<environment.Job instance at 0x7f3744a4c9b0>,0,17,[6 4],1,23,40,22,23
1,<environment.Job instance at 0x7f378f0e6370>,9,15,[3 8],10,67,82,57,67
1,<environment.Job instance at 0x7f378e89c7d0>,3,14,[10  5],4,24,38,20,24
1,<environment.Job instance at 0x7f378e872e60>,5,16,[4 6],6,6,22,0,6
1,<environment.Job instance at 0x7f378f488960>,13,18,[3 8],14,192,210,178,192
1,<environment.Job instance at 0x7f3874456230>,4,21,[1 6],5,68,89,63,68
1,<environment.Job instance at 0x7f3871046aa0>,14,13,[7 3],15,118,131,103,118
1,<environment.Job instance at 0x7f38745c3aa0>,10,13,[7 4],11,126,139,115,126
1,<environment.Job instance at 0x7f3829371230>,1,15,[4 8],2,3,18,1,3
1,<environment.Job instance at 0x7f38293710a0>,0,14,[2 7],1,18,32,17,3
1,<environment.Job instance at 0x7f38296b2e60>,8,17,[4 8],9,157,174,148,157
1,<environment.Job instance at 0x7f382936e730>,19,14,[ 5 10],20,203,217,183,203
1,<environment.Job instance at 0x7f382936e2d0>,22,13,[ 1 10],23,226,239,203,226
1,<environment.Job instance at 0x7f382936e690>,26,17,[ 3 10],27,267,284,240,267
1,<environment.Job instance at 0x7f382936e870>,28,19,[1 7],29,284,303,255,274
1,<environment.Job instance at 0x7f3829268460>,11,16,[7 3],12,114,130,102,114
1,<environment.Job instance at 0x7f38292685a0>,13,15,[ 3 10],14,139,154,125,139
1,<environment.Job instance at 0x7f3874392fa0>,1,16,[9 2],2,3,19,1,3
1,<environment.Job instance at 0x7f382947de60>,10,17,[4 7],11,27,44,16,27
1,<environment.Job instance at 0x7f382947df00>,13,15,[4 9],14,44,59,30,36
1,<environment.Job instance at 0x7f3874392e60>,0,18,[7 3],1,59,77,58,52
1,<environment.Job instance at 0x7f382947dc80>,20,15,[6 3],21,99,114,78,99
1,<environment.Job instance at 0x7f382947d500>,21,15,[3 9],22,114,129,92,109
1,<environment.Job instance at 0x7f3871355d20>,1,16,[5 1],2,3,19,1,3
1,<environment.Job instance at 0x7f387447d3c0>,9,17,[1 6],10,220,237,210,220
1,<environment.Job instance at 0x7f3870fb55f0>,21,25,[2 7],22,244,269,222,244
1,<environment.Job instance at 0x7f3871371410>,24,17,[10  5],25,308,325,283,308
1,<environment.Job instance at 0x7f38295375a0>,28,16,[1 5],29,334,350,305,334
1,<environment.Job instance at 0x7f3871733c80>,31,13,[9 3],32,382,395,350,382
1,<environment.Job instance at 0x7f3829915280>,33,15,[3 8],34,409,424,375,409
1,<environment.Job instance at 0x7f3871503730>,1,14,[3 8],2,5,19,3,5
1,<environment.Job instance at 0x7f387182fd20>,2,16,[6 5],3,19,35,16,7
1,<environment.Job instance at 0x7f382982b820>,3,15,[8 1],4,4,19,0,4
1,<environment.Job instance at 0x7f3829851eb0>,4,14,[5 7],5,19,33,14,5
1,<environment.Job instance at 0x7f3871acd190>,0,15,[5 6],1,5,20,4,5
1,<environment.Job instance at 0x7f38710ca9b0>,11,18,[10  4],12,76,94,64,76
1,<environment.Job instance at 0x7f38710d50f0>,2,15,[9 3],3,49,64,46,49
1,<environment.Job instance at 0x7f3870e89500>,0,18,[8 2],1,3,21,2,3
1,<environment.Job instance at 0x7f38710afe10>,10,15,[8 2],11,40,55,29,40
1,<environment.Job instance at 0x7f387155daa0>,3,12,[5 9],4,8,20,4,8
1,<environment.Job instance at 0x7f387109e550>,8,12,[4 7],9,39,51,30,39
1,<environment.Job instance at 0x7f387109e730>,10,12,[ 5 10],11,62,74,51,62
1,<environment.Job instance at 0x7f38743e7d20>,4,18,[5 3],5,36,54,31,36
1,<environment.Job instance at 0x7f3871aee820>,12,18,[5 2],13,98,116,85,98
1,<environment.Job instance at 0x7f382962acd0>,14,12,[ 2 10],15,116,128,101,112
1,<environment.Job instance at 0x7f382962a780>,15,12,[9 5],16,128,140,112,117
1,<environment.Job instance at 0x7f3870ec9dc0>,23,15,[8 1],24,202,217,178,202
1,<environment.Job instance at 0x7f387138ebe0>,1,12,[4 5],2,3,15,1,3
1,<environment.Job instance at 0x7f382917d280>,9,15,[5 9],10,49,64,39,49
1,<environment.Job instance at 0x7f38290d7190>,20,13,[4 8],21,169,182,148,169
1,<environment.Job instance at 0x7f382952cf00>,7,15,[10  2],8,51,66,43,51
1,<environment.Job instance at 0x7f3829987d20>,6,18,[5 3],7,20,38,13,20
1,<environment.Job instance at 0x7f382950fbe0>,1,15,[5 6],2,25,40,23,25
1,<environment.Job instance at 0x7f3871150b90>,25,17,[8 3],26,227,244,201,227
1,<environment.Job instance at 0x7f38299e7c80>,4,15,[1 6],5,49,64,44,49
1,<environment.Job instance at 0x7f38299e7aa0>,7,17,[1 9],8,64,81,56,52
1,<environment.Job instance at 0x7f38299e7e10>,11,18,[6 3],12,81,99,69,71
1,<environment.Job instance at 0x7f38299e7c30>,14,19,[3 8],15,99,118,84,96
1,<environment.Job instance at 0x7f387125d550>,2,20,[7 3],3,3,23,0,3
1,<environment.Job instance at 0x7f387125deb0>,10,16,[ 1 10],11,168,184,157,168
1,<environment.Job instance at 0x7f38743584b0>,19,21,[5 1],20,184,205,164,184
1,<environment.Job instance at 0x7f3874358640>,20,14,[1 8],21,184,198,163,184
1,<environment.Job instance at 0x7f74b7a4a370>,0,13,[7 4],1,2,15,1,2
1,<environment.Job instance at 0x7f74b7a4be60>,9,15,[10  4],10,72,87,62,72
1,<environment.Job instance at 0x7f74b7a4bb90>,16,14,[9 5],17,160,174,143,160
1,<environment.Job instance at 0x7f74b7a4b3c0>,19,15,[1 7],20,211,226,191,211
1,<environment.Job instance at 0x7f74b7a3ee60>,22,13,[3 8],23,237,250,214,237
1,<environment.Job instance at 0x7f74b7a3e5a0>,23,13,[3 5],24,250,263,226,237
1,<environment.Job instance at 0x7f746c7a2fa0>,1,15,[6 1],2,2,17,0,2
1,<environment.Job instance at 0x7f746c8212d0>,6,13,[2 5],7,23,36,16,23
1,<environment.Job instance at 0x7f746c8c56e0>,13,17,[4 6],14,74,91,60,74
1,<environment.Job instance at 0x7f746c7c08c0>,16,14,[5 7],17,177,191,160,177
1,<environment.Job instance at 0x7f746c7c0960>,12,15,[5 8],13,194,209,181,194
1,<environment.Job instance at 0x7f746c6eb190>,5,18,[1 7],6,14,32,8,14
1,<environment.Job instance at 0x7f746c88a230>,5,16,[10  2],6,6,22,0,6
1,<environment.Job instance at 0x7f746c88a780>,9,13,[8 2],10,94,107,84,94
1,<environment.Job instance at 0x7f746c77fcd0>,13,16,[6 3],14,107,123,93,96
1,<environment.Job instance at 0x7f746c98c190>,0,13,[8 3],1,2,15,1,2
1,<environment.Job instance at 0x7f746ccb42d0>,5,23,[1 5],6,142,165,136,142
1,<environment.Job instance at 0x7f746c9ebbe0>,18,14,[8 1],19,170,184,151,170
1,<environment.Job instance at 0x7f746c870050>,1,15,[7 3],2,2,17,0,2
1,<environment.Job instance at 0x7f74b42e4460>,0,13,[9 1],1,2,15,1,2
1,<environment.Job instance at 0x7f74b467f5f0>,5,12,[3 5],6,76,88,70,76
1,<environment.Job instance at 0x7f74b45f25f0>,0,18,[3 9],1,6,24,5,6
1,<environment.Job instance at 0x7f74b4618780>,12,12,[1 6],13,32,44,19,32
1,<environment.Job instance at 0x7f74b48c3870>,13,17,[5 5],14,44,61,30,32
1,<environment.Job instance at 0x7f74b727ed70>,0,16,[10  4],1,4,20,3,4
1,<environment.Job instance at 0x7f74b727e280>,2,17,[3 9],3,73,90,70,73
1,<environment.Job instance at 0x7f74b498c500>,0,18,[1 7],1,2,20,1,2
1,<environment.Job instance at 0x7f746c723be0>,7,15,[9 5],8,33,48,25,33
1,<environment.Job instance at 0x7f746c723690>,13,13,[9 1],14,52,65,38,52
1,<environment.Job instance at 0x7f746c723460>,14,18,[3 9],15,65,83,50,61
1,<environment.Job instance at 0x7f74b4704a50>,7,15,[1 7],8,25,40,17,25
1,<environment.Job instance at 0x7f746cdf45a0>,4,18,[5 3],5,26,44,21,26
1,<environment.Job instance at 0x7f74b474ecd0>,9,22,[3 5],10,27,49,17,27
1,<environment.Job instance at 0x7f74b6dc2dc0>,12,18,[5 2],13,64,82,51,64
1,<environment.Job instance at 0x7f74b72637d0>,13,16,[ 1 10],14,82,98,68,75
1,<environment.Job instance at 0x7f74b731b7d0>,1,16,[4 8],2,4,20,2,4
1,<environment.Job instance at 0x7f74b71fee10>,7,14,[5 6],8,20,34,12,10
1,<environment.Job instance at 0x7f746c5116e0>,10,13,[4 8],11,81,94,70,81
1,<environment.Job instance at 0x7f74b6e5a6e0>,20,12,[9 4],21,94,106,73,81
1,<environment.Job instance at 0x7f74b6e5a1e0>,19,19,[5 5],20,106,125,86,97
1,<environment.Job instance at 0x7f74b49c60a0>,12,16,[ 2 10],13,122,138,109,122
1,<environment.Job instance at 0x7f74b49c6410>,15,16,[ 5 10],16,146,162,130,146
1,<environment.Job instance at 0x7f74b49c6960>,16,13,[10  3],17,162,175,145,146
1,<environment.Job instance at 0x7f746c4f0dc0>,9,24,[5 2],10,71,95,61,71
1,<environment.Job instance at 0x7f746ca5b4b0>,2,16,[3 6],3,77,93,74,77
1,<environment.Job instance at 0x7f74b4879640>,14,12,[2 7],15,612,624,597,612
1,<environment.Job instance at 0x7f746c819f00>,15,12,[5 6],16,624,636,608,612
1,<environment.Job instance at 0x7f74b4865910>,2,20,[2 7],3,4,24,1,4
1,<environment.Job instance at 0x7fb53ccec280>,0,13,[9 3],1,69,82,68,69
1,<environment.Job instance at 0x7fb53166faa0>,14,13,[7 3],15,82,95,67,74
1,<environment.Job instance at 0x7fb53ccd4780>,9,15,[1 7],10,49,64,39,49
1,<environment.Job instance at 0x7fb530e145a0>,0,14,[1 8],1,75,89,74,75
1,<environment.Job instance at 0x7fb53ce5eaf0>,16,20,[1 5],17,98,118,81,98
1,<environment.Job instance at 0x7fb53ce5ef50>,2,17,[9 4],3,9,26,6,9
1,<environment.Job instance at 0x7fb4f3b2ceb0>,0,17,[8 1],1,4,21,3,4
1,<environment.Job instance at 0x7fb4f3f8a0a0>,6,14,[ 4 10],7,52,66,45,52
1,<environment.Job instance at 0x7fb4f3b2af50>,13,16,[6 3],14,68,84,54,68
1,<environment.Job instance at 0x7fb4f39bcaa0>,1,18,[6 1],2,3,21,1,3
1,<environment.Job instance at 0x7fb4f388be10>,8,17,[7 1],9,26,43,17,26
1,<environment.Job instance at 0x7fb4f3983d20>,5,13,[ 2 10],6,7,20,1,7
1,<environment.Job instance at 0x7fb5320f5870>,10,19,[1 7],11,26,45,15,26
1,<environment.Job instance at 0x7fb5320f5500>,14,13,[5 4],15,53,66,38,53
1,<environment.Job instance at 0x7fb5320f5230>,15,14,[8 5],16,66,80,50,53
1,<environment.Job instance at 0x7fb531f81eb0>,3,14,[7 2],4,4,18,0,4
1,<environment.Job instance at 0x7fb4f3c9fb40>,13,14,[5 4],14,91,105,77,91
1,<environment.Job instance at 0x7fb53ccebb90>,10,15,[10  1],11,105,120,94,98
1,<environment.Job instance at 0x7fb4f3d46cd0>,7,17,[7 2],8,8,25,0,8
1,<environment.Job instance at 0x7fb530e05b40>,3,19,[10  1],4,25,44,21,17
1,<environment.Job instance at 0x7fb530db6280>,17,12,[9 1],18,73,85,55,73
1,<environment.Job instance at 0x7fb4f3d40d70>,7,17,[4 7],8,8,25,0,8
1,<environment.Job instance at 0x7fb4f3edc910>,11,23,[3 9],12,74,97,62,74
1,<environment.Job instance at 0x7fb531f81dc0>,2,19,[5 7],3,3,22,0,3
1,<environment.Job instance at 0x7fb531ffc2d0>,5,14,[3 5],6,22,36,16,22
1,<environment.Job instance at 0x7fb531ffc8c0>,15,15,[7 1],16,2906,2921,2890,2906
1,<environment.Job instance at 0x7fb531ffca00>,17,17,[5 5],18,2921,2938,2903,2909
1,<environment.Job instance at 0x7fb531ffcbe0>,2,13,[5 1],3,5,18,2,5
1,<environment.Job instance at 0x7fb530db2f00>,7,18,[5 3],8,9,27,1,9
1,<environment.Job instance at 0x7fb53172b1e0>,3,26,[5 3],4,5,31,1,5
1,<environment.Job instance at 0x7fb530c38c80>,18,18,[3 9],19,177,195,158,177
1,<environment.Job instance at 0x7fb530c38cd0>,1,12,[4 5],2,26,38,24,26
1,<environment.Job instance at 0x7fb5321d5140>,8,14,[1 7],9,38,52,29,26
1,<environment.Job instance at 0x7fb5321d5550>,11,16,[4 8],12,101,117,89,101
1,<environment.Job instance at 0x7fb5321d5e60>,16,15,[ 5 10],17,141,156,124,141
1,<environment.Job instance at 0x7fb4f3f45cd0>,0,19,[5 2],1,2,21,1,2
1,<environment.Job instance at 0x7fb4f3f01690>,7,24,[6 2],8,33,57,25,33
1,<environment.Job instance at 0x7fb4f3f016e0>,9,23,[2 8],10,53,76,43,53
1,<environment.Job instance at 0x7fb4f3cae230>,7,18,[10  5],8,20,38,12,20
1,<environment.Job instance at 0x7fb531e18aa0>,2,16,[ 2 10],3,44,60,41,44
1,<environment.Job instance at 0x7fb4f3cae5a0>,6,13,[10  3],7,92,105,85,92
1,<environment.Job instance at 0x7fb4f3caecd0>,16,14,[6 4],17,117,131,100,117
1,<environment.Job instance at 0x7fb4f3cae370>,5,16,[ 5 10],6,131,147,125,128
1,<environment.Job instance at 0x7fb4f3cae780>,19,15,[2 8],20,147,162,127,133
1,<environment.Job instance at 0x7fb4f35a8a00>,5,17,[10  4],6,64,81,58,64
1,<environment.Job instance at 0x7f22fca5c280>,0,13,[9 3],1,94,107,93,94
1,<environment.Job instance at 0x7f22f764daa0>,14,13,[7 3],15,107,120,92,95
1,<environment.Job instance at 0x7f22b1a44410>,3,13,[3 5],4,5,18,1,5
1,<environment.Job instance at 0x7f22fcbd59b0>,1,15,[5 5],2,7,22,5,7
1,<environment.Job instance at 0x7f22f7497a50>,2,16,[10  3],3,4,20,1,4
1,<environment.Job instance at 0x7f22f76ab320>,8,19,[1 5],9,20,39,11,15
1,<environment.Job instance at 0x7f22fc4eb690>,5,13,[6 4],6,20,33,14,16
1,<environment.Job instance at 0x7f22f76abc80>,11,13,[6 5],12,33,46,21,18
1,<environment.Job instance at 0x7f22f76b0910>,13,14,[4 5],14,88,102,74,88
1,<environment.Job instance at 0x7f22f76ba320>,17,15,[9 5],18,140,155,122,140
1,<environment.Job instance at 0x7f22f7a0b050>,19,17,[1 7],20,155,172,135,143
1,<environment.Job instance at 0x7f22f76b05f0>,20,15,[5 1],21,155,170,134,144
1,<environment.Job instance at 0x7f22f76b0cd0>,21,18,[5 9],22,172,190,150,163
1,<environment.Job instance at 0x7f22f77361e0>,28,12,[2 5],29,215,227,186,215
1,<environment.Job instance at 0x7f22f768ec30>,29,16,[6 5],30,216,232,186,216
1,<environment.Job instance at 0x7f22f77140a0>,35,26,[2 6],36,302,328,266,302
1,<environment.Job instance at 0x7f22f76d96e0>,39,22,[3 8],40,328,350,288,328
1,<environment.Job instance at 0x7f22f76d9c30>,41,12,[10  2],42,350,362,308,336
1,<environment.Job instance at 0x7f22f76d9280>,44,19,[9 4],45,365,384,320,365
1,<environment.Job instance at 0x7f22f76d9690>,46,18,[6 4],47,384,402,337,381
1,<environment.Job instance at 0x7f22f793dd70>,2,27,[5 1],3,3,30,0,3
1,<environment.Job instance at 0x7f22b1caa1e0>,10,18,[7 3],11,30,48,19,21
1,<environment.Job instance at 0x7f22b1cee0a0>,17,13,[9 4],18,64,77,46,64
1,<environment.Job instance at 0x7f22b1cca2d0>,19,15,[7 3],20,81,96,61,81
1,<environment.Job instance at 0x7f22f74ba0a0>,23,15,[4 9],24,96,111,72,86
1,<environment.Job instance at 0x7f22f7575550>,8,16,[1 5],9,23,39,14,23
1,<environment.Job instance at 0x7f22fc3a6e60>,11,13,[9 3],12,73,86,61,73
1,<environment.Job instance at 0x7f22fc3a6190>,13,15,[3 8],14,86,101,72,79
1,<environment.Job instance at 0x7f22b1e46500>,0,14,[2 7],1,5,19,4,5
1,<environment.Job instance at 0x7f22b1d3ef00>,5,16,[6 1],6,6,22,0,6
1,<environment.Job instance at 0x7f22b1e46960>,2,14,[5 5],3,22,36,19,7
1,<environment.Job instance at 0x7f22f7ae0c30>,11,16,[10  2],12,36,52,24,28
1,<environment.Job instance at 0x7f22fc1fcfa0>,0,13,[9 1],1,5,18,4,5
1,<environment.Job instance at 0x7f22b1d44050>,1,13,[7 2],2,2,15,0,2
1,<environment.Job instance at 0x7f22f74876e0>,2,12,[5 2],3,15,27,12,3
1,<environment.Job instance at 0x7f22f7487cd0>,3,15,[3 9],4,27,42,23,14
1,<environment.Job instance at 0x7f22b1936f00>,1,22,[5 4],2,2,24,0,2
1,<environment.Job instance at 0x7f22b1b3c460>,8,15,[4 5],9,58,73,49,58
1,<environment.Job instance at 0x7f22b1b3c0a0>,14,16,[3 6],15,122,138,107,122
1,<environment.Job instance at 0x7f22b1b98410>,18,13,[2 8],19,158,171,139,158
1,<environment.Job instance at 0x7f22fc2fceb0>,20,15,[5 8],21,171,186,150,166
1,<environment.Job instance at 0x7f22b1b98640>,21,17,[9 2],22,186,203,164,174
1,<environment.Job instance at 0x7f22fc43ec80>,27,15,[6 1],28,259,274,231,259
1,<environment.Job instance at 0x7f22b1b97f50>,28,14,[5 7],29,274,288,245,260
1,<environment.Job instance at 0x7f22f7a28cd0>,3,17,[ 4 10],4,288,305,284,278
1,<environment.Job instance at 0x7f22fc5bb0f0>,33,17,[10  4],34,305,322,271,303
1,<environment.Job instance at 0x7f22fc5c3190>,32,12,[10  5],33,349,361,316,349
1,<environment.Job instance at 0x7f22fc096500>,10,15,[2 6],11,73,88,62,73
1,<environment.Job instance at 0x7f22b1b98be0>,7,15,[10  2],8,51,66,43,51
1,<environment.Job instance at 0x7f22b17f6280>,12,16,[ 2 10],13,134,150,121,134
1,<environment.Job instance at 0x7f22b1b82820>,15,16,[ 5 10],16,153,169,137,153
1,<environment.Job instance at 0x7f22b1808a50>,16,13,[10  3],17,169,182,152,153
1,<environment.Job instance at 0x7f22fc653a50>,1,18,[2 6],2,4,22,2,4
1,<environment.Job instance at 0x7f22b18935a0>,7,15,[10  3],8,22,37,14,9
1,<environment.Job instance at 0x7f22b1f44b40>,13,16,[ 4 10],14,66,82,52,66
1,<environment.Job instance at 0x7f22b1f44d20>,17,14,[9 3],18,82,96,64,68
1,<environment.Job instance at 0x7f22fc1a77d0>,1,13,[5 1],2,3,16,1,3
1,<environment.Job instance at 0x7f22b1fff7d0>,8,15,[7 2],9,42,57,33,42
1,<environment.Job instance at 0x7f22b1fffc30>,15,18,[5 3],16,101,119,85,101
1,<environment.Job instance at 0x7f22f7b00b40>,2,13,[4 8],3,4,17,1,4
1,<environment.Job instance at 0x7f22b1754f50>,12,16,[4 8],13,145,161,132,145
1,<environment.Job instance at 0x7f22f74a4190>,11,15,[10  5],12,161,176,149,160
1,<environment.Job instance at 0x7f22f74a4190>,2,21,[5 1],3,3,24,0,3
1,<environment.Job instance at 0x7f93d42341e0>,0,13,[9 3],1,68,81,67,68
1,<environment.Job instance at 0x7f93cee25aa0>,14,13,[7 3],15,104,117,89,104
1,<environment.Job instance at 0x7f93d43a7f00>,0,13,[1 6],1,2,15,1,2
1,<environment.Job instance at 0x7f93d43ad960>,7,16,[5 4],8,8,24,0,8
1,<environment.Job instance at 0x7f93890775f0>,14,15,[5 5],15,88,103,73,88
1,<environment.Job instance at 0x7f93d3c77a50>,6,18,[7 5],7,72,90,65,72
1,<environment.Job instance at 0x7f93cf0f70a0>,10,19,[4 9],11,98,117,87,98
1,<environment.Job instance at 0x7f93d3a4aeb0>,16,18,[6 4],17,171,189,154,171
1,<environment.Job instance at 0x7f93cf0e7190>,11,12,[10  2],12,222,234,210,222
1,<environment.Job instance at 0x7f93d39699b0>,1,13,[7 1],2,2,15,0,2
1,<environment.Job instance at 0x7f93d3c02b40>,2,14,[3 6],3,3,17,0,3
1,<environment.Job instance at 0x7f93896e5870>,6,16,[5 8],7,17,33,10,7
1,<environment.Job instance at 0x7f938943ce10>,13,17,[10  4],14,33,50,19,31
1,<environment.Job instance at 0x7f93cf2574b0>,0,13,[7 5],1,45,58,44,45
1,<environment.Job instance at 0x7f93cef291e0>,7,17,[5 4],8,58,75,50,46
1,<environment.Job instance at 0x7f93d3b0b1e0>,2,20,[5 8],3,9,29,6,9
1,<environment.Job instance at 0x7f93d3b0b050>,7,14,[9 5],8,75,89,67,75
1,<environment.Job instance at 0x7f938936f690>,12,17,[6 4],13,120,137,107,120
1,<environment.Job instance at 0x7f93cefb4e60>,0,17,[2 9],1,79,96,78,79
1,<environment.Job instance at 0x7f93890db460>,15,14,[3 9],16,96,110,80,81
1,<environment.Job instance at 0x7f93890db5a0>,17,17,[4 7],18,110,127,92,98
1,<environment.Job instance at 0x7f93cf1bc550>,9,12,[10  2],10,17,29,7,17
1,<environment.Job instance at 0x7f93894e4e60>,10,18,[1 7],11,152,170,141,152
1,<environment.Job instance at 0x7f93896bea50>,17,15,[9 5],18,170,185,152,156
1,<environment.Job instance at 0x7f93cef00050>,22,21,[2 8],23,185,206,162,177
1,<environment.Job instance at 0x7f93cee87b40>,10,12,[2 5],11,92,104,81,92
1,<environment.Job instance at 0x7f93cee871e0>,11,13,[9 3],12,104,117,92,93
1,<environment.Job instance at 0x7f93cee87640>,6,19,[2 8],7,117,136,110,107
1,<environment.Job instance at 0x7f93893540a0>,17,13,[5 9],18,192,205,174,192
1,<environment.Job instance at 0x7f93892085f0>,20,13,[5 1],21,220,233,199,220
1,<environment.Job instance at 0x7f93891812d0>,1,15,[3 5],2,2,17,0,2
1,<environment.Job instance at 0x7f93cf2b4b40>,11,15,[4 7],12,31,46,19,31
1,<environment.Job instance at 0x7f93cf2b45f0>,13,15,[ 5 10],14,55,70,41,55
1,<environment.Job instance at 0x7f93cf2b4460>,18,16,[7 5],19,118,134,99,118
1,<environment.Job instance at 0x7f93cf028f50>,6,20,[2 5],7,23,43,16,23
1,<environment.Job instance at 0x7f93cf028c80>,7,13,[1 5],8,23,36,15,23
1,<environment.Job instance at 0x7f93890e70f0>,0,17,[6 4],1,36,53,35,26
1,<environment.Job instance at 0x7f93cf0283c0>,9,15,[3 8],10,53,68,43,46
1,<environment.Job instance at 0x7f938924c140>,6,18,[5 3],7,20,38,13,20
1,<environment.Job instance at 0x7f93ceda3f00>,7,14,[7 5],8,38,52,30,23
1,<environment.Job instance at 0x7f93cefd80f0>,23,16,[7 3],24,245,261,221,245
1,<environment.Job instance at 0x7f93d36b7460>,9,24,[5 2],10,98,122,88,98
1,<environment.Job instance at 0x7f93893645a0>,1,13,[5 1],2,2,15,0,2
1,<environment.Job instance at 0x7f9389177eb0>,10,18,[3 9],11,42,60,31,42
1,<environment.Job instance at 0x7f9389714e10>,13,14,[ 3 10],14,104,118,90,104
1,<environment.Job instance at 0x7f93894008c0>,2,16,[4 8],3,17,33,14,17
1,<environment.Job instance at 0x7f93d3b7e6e0>,2,17,[10  3],3,73,90,70,73
1,<environment.Job instance at 0x7f93d3b62af0>,19,13,[5 6],20,201,214,181,201
1,<environment.Job instance at 0x7f9389509d20>,1,15,[5 6],2,2,17,0,2
1,<environment.Job instance at 0x7f938906beb0>,5,17,[5 1],6,10,27,4,10
1,<environment.Job instance at 0x7f72fb5b5190>,0,13,[9 3],1,68,81,67,68
1,<environment.Job instance at 0x7f72eff38aa0>,14,13,[7 3],15,99,112,84,99
1,<environment.Job instance at 0x7f72efedef00>,1,14,[2 9],2,2,16,0,2
1,<environment.Job instance at 0x7f72b232d410>,18,12,[10  5],19,224,236,205,224
1,<environment.Job instance at 0x7f72b21f40f0>,5,14,[8 5],6,6,20,0,6
1,<environment.Job instance at 0x7f72b2305230>,8,13,[1 7],9,20,33,11,9
1,<environment.Job instance at 0x7f72b2305870>,7,16,[5 8],8,48,64,40,48
1,<environment.Job instance at 0x7f72f06cafa0>,1,15,[6 3],2,2,17,0,2
1,<environment.Job instance at 0x7f72effa5230>,3,18,[7 5],4,17,35,13,7
1,<environment.Job instance at 0x7f72b2543a50>,5,12,[3 6],6,9,21,3,9
1,<environment.Job instance at 0x7f72f0a2d820>,10,15,[5 2],11,49,64,38,49
1,<environment.Job instance at 0x7f72f0a30c80>,12,14,[7 1],13,64,78,51,49
1,<environment.Job instance at 0x7f72b25271e0>,3,14,[7 2],4,23,37,19,23
1,<environment.Job instance at 0x7f72b2527410>,6,12,[6 1],7,37,49,30,26
1,<environment.Job instance at 0x7f72f062b780>,9,20,[5 6],10,49,69,39,40
1,<environment.Job instance at 0x7f72f062b730>,11,14,[3 8],12,69,83,57,54
1,<environment.Job instance at 0x7f72f062baa0>,13,14,[5 4],14,54,68,40,54
1,<environment.Job instance at 0x7f72f0b19910>,1,14,[5 7],2,71,85,69,71
1,<environment.Job instance at 0x7f72b2470230>,11,19,[6 1],12,85,104,73,75
1,<environment.Job instance at 0x7f72b24704b0>,12,12,[2 5],13,85,97,72,75
1,<environment.Job instance at 0x7f72f0b19cd0>,3,13,[8 1],4,149,162,145,149
1,<environment.Job instance at 0x7f72f024e230>,2,16,[4 6],3,162,178,159,149
1,<environment.Job instance at 0x7f72b2234780>,24,19,[4 7],25,200,219,175,200
1,<environment.Job instance at 0x7f72f04f74b0>,28,19,[3 6],29,219,238,190,219
1,<environment.Job instance at 0x7f72b2579910>,32,18,[5 2],33,236,254,203,236
1,<environment.Job instance at 0x7f72b26db230>,33,16,[7 5],34,254,270,220,242
1,<environment.Job instance at 0x7f72efe59550>,35,12,[8 3],36,270,282,234,253
1,<environment.Job instance at 0x7f72eff802d0>,39,16,[4 8],40,291,307,251,291
1,<environment.Job instance at 0x7f72f0295320>,40,13,[9 1],41,307,320,266,291
1,<environment.Job instance at 0x7f72f0295d70>,4,12,[5 1],5,6,18,1,6
1,<environment.Job instance at 0x7f72b266dd70>,6,12,[4 8],7,7,19,0,7
1,<environment.Job instance at 0x7f72b219f0f0>,11,18,[10  5],12,45,63,33,45
1,<environment.Job instance at 0x7f72b219f0a0>,13,17,[5 5],14,63,80,49,51
1,<environment.Job instance at 0x7f72f0750e60>,0,12,[5 8],1,63,75,62,63
1,<environment.Job instance at 0x7f72b27bb320>,0,15,[5 8],1,5,20,4,5
1,<environment.Job instance at 0x7f72b25becd0>,8,14,[5 7],9,47,61,38,47
1,<environment.Job instance at 0x7f72f0344190>,13,17,[10  4],14,61,78,47,51
1,<environment.Job instance at 0x7f72f088bf50>,20,16,[8 1],21,150,166,129,150
1,<environment.Job instance at 0x7f72b280c640>,3,26,[5 3],4,5,31,1,5
1,<environment.Job instance at 0x7f72f034f280>,15,15,[7 3],16,131,146,115,131
1,<environment.Job instance at 0x7f72f0bb53c0>,18,18,[3 9],19,197,215,178,197
1,<environment.Job instance at 0x7f72efe75820>,24,18,[5 3],25,217,235,192,217
1,<environment.Job instance at 0x7f72eff38050>,10,14,[4 9],11,50,64,39,50
1,<environment.Job instance at 0x7f72eff38960>,12,13,[ 3 10],13,78,91,65,78
1,<environment.Job instance at 0x7f72eff38e60>,18,17,[5 4],19,123,140,104,123
1,<environment.Job instance at 0x7f72f050f550>,3,14,[10  5],4,55,69,51,55
1,<environment.Job instance at 0x7f72f09bcf00>,9,14,[6 5],10,69,83,59,58
1,<environment.Job instance at 0x7f72b28b01e0>,4,15,[1 6],5,49,64,44,49
1,<environment.Job instance at 0x7f72f017d7d0>,7,17,[1 9],8,71,88,63,71
1,<environment.Job instance at 0x7f72b258fc30>,14,19,[3 8],15,116,135,101,116
1,<environment.Job instance at 0x7f72fb5396e0>,5,14,[10  1],6,135,149,129,123
1,<environment.Job instance at 0x7f72b2837cd0>,2,13,[4 8],3,5,18,2,5
1,<environment.Job instance at 0x7f72f0605d70>,11,15,[10  5],12,126,141,114,126
1,<environment.Job instance at 0x7f72b1f83eb0>,5,12,[2 8],6,48,60,42,48
1,<environment.Job instance at 0x7f72f0bc10f0>,2,17,[10  3],3,73,90,70,73
1,<environment.Job instance at 0x7f72efee5fa0>,4,17,[ 2 10],5,175,192,170,175
1,<environment.Job instance at 0x7f72b2114780>,3,19,[5 4],4,129,148,125,129
1,<environment.Job instance at 0x7f72b2603e60>,20,12,[9 2],21,250,262,229,250
1,<environment.Job instance at 0x7f72b21810f0>,3,23,[1 8],4,7,30,3,7
1,<environment.Job instance at 0x7f72b2181af0>,5,14,[9 1],6,12,26,6,12
1,<environment.Job instance at 0x7f72b22f3190>,7,23,[ 1 10],8,30,53,22,26
1,<environment.Job instance at 0x7fa1a524c280>,0,13,[9 3],1,96,109,95,96
1,<environment.Job instance at 0x7fa19fe3caa0>,14,13,[7 3],15,109,122,94,96
1,<environment.Job instance at 0x7fa19fe3cc30>,2,12,[1 7],3,123,135,120,123
1,<environment.Job instance at 0x7fa15a2387d0>,10,14,[2 7],11,148,162,137,148
1,<environment.Job instance at 0x7fa15a2389b0>,15,16,[2 8],16,177,193,161,177
1,<environment.Job instance at 0x7fa15a086140>,5,15,[8 5],6,7,22,1,7
1,<environment.Job instance at 0x7fa15a0f92d0>,12,12,[7 2],13,98,110,85,98
1,<environment.Job instance at 0x7fa15a0f9be0>,18,17,[4 8],19,189,206,170,189
1,<environment.Job instance at 0x7fa15a0a8280>,21,13,[4 9],22,238,251,216,238
1,<environment.Job instance at 0x7fa1a01df0f0>,0,19,[1 7],1,4,23,3,4
1,<environment.Job instance at 0x7fa1a259aaa0>,4,13,[5 4],5,23,36,18,7
1,<environment.Job instance at 0x7fa1a01df640>,2,12,[8 4],3,78,90,75,78
1,<environment.Job instance at 0x7fa15a4d53c0>,18,13,[5 3],19,142,155,123,142
1,<environment.Job instance at 0x7fa1a24cb320>,0,14,[7 4],1,5,19,4,5
1,<environment.Job instance at 0x7fa1a021d690>,12,14,[5 5],13,93,107,80,93
1,<environment.Job instance at 0x7fa19fff3cd0>,4,12,[8 3],5,5,17,0,5
1,<environment.Job instance at 0x7fa15a19fa50>,0,12,[9 5],1,17,29,16,10
1,<environment.Job instance at 0x7fa19fff34b0>,8,14,[8 5],9,29,43,20,23
1,<environment.Job instance at 0x7fa1a281dd20>,0,17,[10  3],1,6,23,5,6
1,<environment.Job instance at 0x7fa1a25dc280>,2,18,[2 5],3,4,22,1,4
1,<environment.Job instance at 0x7fa19fe17550>,6,19,[10  4],7,116,135,109,116
1,<environment.Job instance at 0x7fa15a2ac1e0>,20,18,[1 7],21,161,179,140,161
1,<environment.Job instance at 0x7fa15a569960>,21,19,[4 6],22,179,198,157,171
1,<environment.Job instance at 0x7fa1a004b780>,27,15,[9 5],28,270,285,242,270
1,<environment.Job instance at 0x7fa15a235aa0>,29,19,[4 5],30,285,304,255,275
1,<environment.Job instance at 0x7fa1a002d280>,33,13,[9 1],34,304,317,270,294
1,<environment.Job instance at 0x7fa159f1d4b0>,1,13,[9 3],2,2,15,0,2
1,<environment.Job instance at 0x7fa15a387cd0>,10,13,[5 1],11,83,96,72,83
1,<environment.Job instance at 0x7fa159f1d640>,4,14,[8 5],5,96,110,91,83
1,<environment.Job instance at 0x7fa15a1e4eb0>,23,18,[6 3],24,205,223,181,205
1,<environment.Job instance at 0x7fa1a01f62d0>,28,17,[5 5],29,267,284,238,267
1,<environment.Job instance at 0x7fa1a28ce5f0>,31,18,[9 5],32,284,302,252,279
1,<environment.Job instance at 0x7fa1a00c3460>,5,17,[1 6],6,11,28,5,11
1,<environment.Job instance at 0x7fa19fd324b0>,0,15,[9 4],1,25,40,24,25
1,<environment.Job instance at 0x7fa1a02dda00>,3,13,[1 6],4,28,41,24,28
1,<environment.Job instance at 0x7fa15a7f4730>,5,16,[4 6],6,6,22,0,6
1,<environment.Job instance at 0x7fa1a0306280>,10,17,[10  2],11,66,83,55,66
1,<environment.Job instance at 0x7fa15a447320>,13,18,[3 8],14,115,133,101,115
1,<environment.Job instance at 0x7fa1a258b050>,2,20,[7 3],3,3,23,0,3
1,<environment.Job instance at 0x7fa1a0308370>,9,12,[4 6],10,101,113,91,101
1,<environment.Job instance at 0x7fa1a0308730>,15,17,[10  3],16,129,146,113,129
1,<environment.Job instance at 0x7fa1a03089b0>,19,21,[5 1],20,193,214,173,193
1,<environment.Job instance at 0x7fa1a0308a50>,20,14,[1 8],21,193,207,172,193
1,<environment.Job instance at 0x7fa1a0308a00>,2,20,[2 7],3,3,23,0,3
1,<environment.Job instance at 0x7fa15a7c6e60>,5,17,[10  4],6,19,36,13,19
1,<environment.Job instance at 0x7fa1a2875b90>,5,13,[5 6],6,64,77,58,64
1,<environment.Job instance at 0x7fa1a286dfa0>,15,17,[ 5 10],16,191,208,175,191
1,<environment.Job instance at 0x7fa1a2975a50>,1,15,[5 6],2,2,17,0,2
1,<environment.Job instance at 0x7fa1a2975f50>,0,16,[7 5],1,17,33,16,8
1,<environment.Job instance at 0x7fa15a414550>,2,26,[2 7],3,3,29,0,3
1,<environment.Job instance at 0x7fa15a34e690>,6,21,[5 2],7,29,50,22,29
1,<environment.Job instance at 0x7fa1a2390820>,13,18,[3 6],14,54,72,40,54
1,<environment.Job instance at 0x7fa1a2905730>,4,18,[5 7],5,47,65,42,47
1,<environment.Job instance at 0x7f149d5c7dc0>,11,15,[6 1],12,71,86,59,71
1,<environment.Job instance at 0x7f149d5c7fa0>,13,13,[10  3],14,100,113,86,100
1,<environment.Job instance at 0x7f149d5d01e0>,1,13,[5 6],2,2,15,0,2
1,<environment.Job instance at 0x7f149e66bf50>,3,17,[7 4],4,15,32,11,4
1,<environment.Job instance at 0x7f145f954cd0>,14,17,[5 1],15,107,124,92,107
1,<environment.Job instance at 0x7f145f954d20>,9,18,[1 9],10,112,130,102,112
1,<environment.Job instance at 0x7f145f954eb0>,16,17,[5 5],17,130,147,113,118
1,<environment.Job instance at 0x7f145feea7d0>,5,17,[5 8],6,54,71,48,54
1,<environment.Job instance at 0x7f145feea550>,6,15,[ 2 10],7,71,86,64,58
1,<environment.Job instance at 0x7f145feeaf00>,12,19,[2 5],13,105,124,92,105
1,<environment.Job instance at 0x7f145fd89960>,18,14,[6 3],19,174,188,155,174
1,<environment.Job instance at 0x7f145fd89550>,22,17,[4 7],23,223,240,200,223
1,<environment.Job instance at 0x7f145fd89690>,4,18,[5 4],5,5,23,0,5
1,<environment.Job instance at 0x7f149e06bbe0>,6,14,[3 5],7,78,92,71,78
1,<environment.Job instance at 0x7f145ff5bd70>,2,13,[3 5],3,78,91,75,78
1,<environment.Job instance at 0x7f149e1ff1e0>,3,16,[5 8],4,92,108,88,79
1,<environment.Job instance at 0x7f149e06bdc0>,17,17,[10  4],18,129,146,111,129
1,<environment.Job instance at 0x7f149e06bcd0>,13,17,[10  2],14,146,163,132,135
1,<environment.Job instance at 0x7f149d8d2910>,0,12,[5 5],1,3,15,2,3
1,<environment.Job instance at 0x7f145fea4d70>,3,18,[9 5],4,15,33,11,4
1,<environment.Job instance at 0x7f145f9f06e0>,2,27,[1 8],3,3,30,0,3
1,<environment.Job instance at 0x7f149df36dc0>,8,14,[3 6],9,55,69,46,55
1,<environment.Job instance at 0x7f149df34280>,16,21,[ 5 10],17,103,124,86,103
1,<environment.Job instance at 0x7f145fe85e10>,18,16,[5 2],19,146,162,127,146
1,<environment.Job instance at 0x7f145fc5b550>,20,12,[ 1 10],21,162,174,141,150
1,<environment.Job instance at 0x7f145fd835f0>,37,19,[3 8],38,369,388,331,369
1,<environment.Job instance at 0x7f145fd834b0>,2,14,[4 5],3,3,17,0,3
1,<environment.Job instance at 0x7f149c3baf00>,2,19,[7 3],3,3,22,0,3
1,<environment.Job instance at 0x7f149d5fc0f0>,5,18,[5 5],6,22,40,16,11
1,<environment.Job instance at 0x7f149dd2c2d0>,10,15,[5 2],11,46,61,35,46
1,<environment.Job instance at 0x7f149e0c9190>,2,17,[5 5],3,3,20,0,3
1,<environment.Job instance at 0x7f145fcd7190>,0,15,[3 5],1,5,20,4,5
1,<environment.Job instance at 0x7f149e240730>,17,16,[9 4],18,161,177,143,161
1,<environment.Job instance at 0x7f145fe59550>,26,21,[8 4],27,276,297,249,276
1,<environment.Job instance at 0x7f149c382a00>,28,15,[1 7],29,297,312,268,291
1,<environment.Job instance at 0x7f149e06ed70>,1,16,[6 1],2,3,19,1,3
1,<environment.Job instance at 0x7f149e24dd20>,0,15,[2 7],1,6,21,5,6
1,<environment.Job instance at 0x7f145f996230>,13,18,[4 9],14,96,114,82,96
1,<environment.Job instance at 0x7f149dd11870>,0,14,[5 1],1,3,17,2,3
1,<environment.Job instance at 0x7f149dd110a0>,4,14,[8 4],5,103,117,98,103
1,<environment.Job instance at 0x7f145fcfff50>,5,18,[ 2 10],6,18,36,12,18
1,<environment.Job instance at 0x7f145fe5b910>,0,15,[5 5],1,9,24,8,9
1,<environment.Job instance at 0x7f145fa31230>,11,13,[5 6],12,76,89,64,76
1,<environment.Job instance at 0x7f145fa406e0>,10,14,[2 7],11,94,108,83,94
1,<environment.Job instance at 0x7f145fa40cd0>,11,14,[5 7],12,108,122,96,94
1,<environment.Job instance at 0x7f149c59d910>,6,14,[7 3],7,43,57,36,43
1,<environment.Job instance at 0x7f149e08f7d0>,1,15,[5 4],2,57,72,55,43
1,<environment.Job instance at 0x7f149dd2f6e0>,15,12,[5 5],16,178,190,162,178
1,<environment.Job instance at 0x7f149e0524b0>,4,20,[5 3],5,18,38,13,18
1,<environment.Job instance at 0x7f149d9fbc80>,10,16,[6 3],11,68,84,57,68
1,<environment.Job instance at 0x7f149e0ce0f0>,8,13,[4 5],9,43,56,34,43
1,<environment.Job instance at 0x7fba6d18afa0>,13,13,[10  3],14,91,104,77,91
1,<environment.Job instance at 0x7fba6e312d20>,7,18,[9 4],8,24,42,16,24
1,<environment.Job instance at 0x7fba6e312960>,13,18,[3 5],14,53,71,39,53
1,<environment.Job instance at 0x7fba6e312050>,15,17,[7 1],16,55,72,39,55
1,<environment.Job instance at 0x7fba6e312280>,14,19,[3 8],15,71,90,56,62
1,<environment.Job instance at 0x7fba6e3125f0>,16,14,[10  4],17,90,104,73,75
1,<environment.Job instance at 0x7fba6e45d3c0>,22,14,[8 5],23,104,118,81,89
1,<environment.Job instance at 0x7fba6e45d190>,26,15,[1 7],27,118,133,91,104
1,<environment.Job instance at 0x7fba6e457dc0>,29,16,[4 9],30,133,149,103,121
1,<environment.Job instance at 0x7fba6e457a50>,32,15,[9 1],33,149,164,116,135
1,<environment.Job instance at 0x7fba6e457be0>,36,16,[8 4],37,171,187,134,171
1,<environment.Job instance at 0x7fba231b4410>,2,18,[7 4],3,4,22,1,4
1,<environment.Job instance at 0x7fba231d3960>,8,26,[1 6],9,27,53,18,27
1,<environment.Job instance at 0x7fba231d3050>,13,17,[5 1],14,95,112,81,95
1,<environment.Job instance at 0x7fba231d3aa0>,16,12,[5 4],17,143,155,126,143
1,<environment.Job instance at 0x7fba232b0c80>,6,17,[9 2],7,7,24,0,7
1,<environment.Job instance at 0x7fba232b0d70>,7,16,[1 7],8,9,25,1,9
1,<environment.Job instance at 0x7fba232b0780>,13,15,[9 5],14,110,125,96,110
1,<environment.Job instance at 0x7fba235c5640>,5,13,[9 2],6,24,37,18,24
1,<environment.Job instance at 0x7fba235cb190>,13,16,[5 8],14,57,73,43,57
1,<environment.Job instance at 0x7fba235cb370>,16,14,[3 5],17,84,98,67,84
1,<environment.Job instance at 0x7fba235d9550>,0,12,[5 5],1,3,15,2,3
1,<environment.Job instance at 0x7fba235cb690>,3,18,[9 5],4,15,33,11,5
1,<environment.Job instance at 0x7fba23202690>,10,12,[ 1 10],11,119,131,108,119
1,<environment.Job instance at 0x7fba6d5c2050>,8,16,[5 2],9,131,147,122,119
1,<environment.Job instance at 0x7fba23202af0>,15,13,[5 5],16,131,144,115,119
1,<environment.Job instance at 0x7fba6d766320>,25,17,[7 4],26,325,342,299,325
1,<environment.Job instance at 0x7fba23207e10>,32,18,[10  5],33,364,382,331,364
1,<environment.Job instance at 0x7fba2308b910>,15,17,[10  4],16,130,147,114,130
1,<environment.Job instance at 0x7fba6d0c7a00>,8,25,[5 3],9,74,99,65,74
1,<environment.Job instance at 0x7fba6d0c7d70>,11,17,[5 4],12,86,103,74,86
1,<environment.Job instance at 0x7fba6d62e910>,2,18,[2 5],3,3,21,0,3
1,<environment.Job instance at 0x7fba235f44b0>,11,16,[6 1],12,39,55,27,39
1,<environment.Job instance at 0x7fba6d8fa0a0>,4,14,[8 4],5,6,20,1,6
1,<environment.Job instance at 0x7fba6d8fae10>,0,14,[5 1],1,20,34,19,6
1,<environment.Job instance at 0x7fba234560a0>,16,15,[6 1],17,145,160,128,145
1,<environment.Job instance at 0x7fba6d3cd960>,1,17,[2 7],2,4,21,2,4
1,<environment.Job instance at 0x7fba6d143460>,10,14,[9 2],11,28,42,17,28
1,<environment.Job instance at 0x7fba6dab21e0>,18,12,[6 4],19,148,160,129,148
1,<environment.Job instance at 0x7fba6dab26e0>,20,13,[1 8],21,744,757,723,744
1,<environment.Job instance at 0x7fba6dce19b0>,17,17,[ 1 10],18,216,233,198,216
1,<environment.Job instance at 0x7fba6dcf0140>,21,15,[5 4],22,239,254,217,239
1,<environment.Job instance at 0x7fba6da329b0>,0,18,[7 4],1,26,44,25,26
1,<environment.Job instance at 0x7fba23867050>,14,20,[5 3],15,142,162,127,142
1,<environment.Job instance at 0x7fba22ed8a50>,0,19,[4 5],1,1,20,0,1
1,<environment.Job instance at 0x7fba22ed8a00>,5,16,[6 4],6,6,22,0,6
1,<environment.Job instance at 0x7fba23748640>,9,12,[5 4],10,41,53,31,41
1,<environment.Job instance at 0x7fba2337ad20>,16,16,[7 5],17,53,69,36,43
1,<environment.Job instance at 0x7fba2337ad20>,4,17,[2 9],5,6,23,1,6
1,<environment.Job instance at 0x7fba6da27fa0>,4,12,[3 7],5,6,18,1,6
1,<environment.Job instance at 0x7fba6da279b0>,14,13,[5 5],15,140,153,125,140
1,<environment.Job instance at 0x7fba23743280>,0,18,[5 5],1,26,44,25,26
1,<environment.Job instance at 0x7fba23371e10>,7,15,[8 2],8,44,59,36,36
1,<environment.Job instance at 0x7fba2304b230>,18,17,[3 8],19,217,234,198,217
1,<environment.Job instance at 0x7fba22e42e60>,21,18,[5 5],22,234,252,212,223
1,<environment.Job instance at 0x7fba22e427d0>,24,16,[4 7],25,252,268,227,239
1,<environment.Job instance at 0x7f6bada78640>,11,15,[6 1],12,70,85,58,70
1,<environment.Job instance at 0x7f6bada816e0>,1,14,[4 9],2,6,20,4,6
1,<environment.Job instance at 0x7f6bb4ff4a50>,6,14,[10  4],7,20,34,13,7
1,<environment.Job instance at 0x7f6bb4fedd20>,0,15,[8 4],1,34,49,33,24
1,<environment.Job instance at 0x7f6bb4ff4eb0>,7,13,[10  1],8,49,62,41,35
1,<environment.Job instance at 0x7f6bb4ff9c80>,16,15,[1 7],17,62,77,45,50
1,<environment.Job instance at 0x7f6bada78b90>,3,18,[3 5],4,77,95,73,66
1,<environment.Job instance at 0x7f6bb4eafe60>,22,15,[9 1],23,114,129,91,114
1,<environment.Job instance at 0x7f6bb4eaecd0>,36,16,[7 5],37,244,260,207,244
1,<environment.Job instance at 0x7f6b69d74a00>,12,12,[1 5],13,71,83,58,71
1,<environment.Job instance at 0x7f6b69d747d0>,8,13,[10  5],9,123,136,114,123
1,<environment.Job instance at 0x7f6b69d74730>,16,15,[ 2 10],17,136,151,119,123
1,<environment.Job instance at 0x7f6b69ef5690>,3,20,[ 4 10],4,4,24,0,4
1,<environment.Job instance at 0x7f6b6a160410>,6,17,[ 5 10],7,179,196,172,179
1,<environment.Job instance at 0x7f6b6a16d690>,23,18,[9 5],24,210,228,186,210
1,<environment.Job instance at 0x7f6b6a16d730>,2,27,[1 8],3,4,31,1,4
1,<environment.Job instance at 0x7f6bad8f5280>,8,14,[3 6],9,56,70,47,56
1,<environment.Job instance at 0x7f6bad8f5730>,16,21,[ 5 10],17,104,125,87,104
1,<environment.Job instance at 0x7f6bad8f5d20>,20,12,[ 1 10],21,126,138,105,126
1,<environment.Job instance at 0x7f6badaed550>,9,13,[6 2],10,98,111,88,98
1,<environment.Job instance at 0x7f6b6a0420f0>,6,16,[7 2],7,22,38,15,22
1,<environment.Job instance at 0x7f6b6a0420a0>,10,15,[3 5],11,216,231,205,216
1,<environment.Job instance at 0x7f6b6a042cd0>,12,17,[5 5],13,241,258,228,241
1,<environment.Job instance at 0x7f6b6a0795a0>,27,16,[9 4],28,306,322,278,306
1,<environment.Job instance at 0x7f6b6a079780>,30,14,[9 5],31,336,350,305,336
1,<environment.Job instance at 0x7f6bb4503550>,0,13,[4 5],1,3,16,2,3
1,<environment.Job instance at 0x7f6b6a079cd0>,2,16,[1 5],3,4,20,1,4
1,<environment.Job instance at 0x7f6bada67aa0>,8,13,[10  1],9,127,140,118,127
1,<environment.Job instance at 0x7f6b6a074460>,19,14,[1 7],20,202,216,182,202
1,<environment.Job instance at 0x7f6badcc6f50>,20,18,[7 5],21,216,234,195,206
1,<environment.Job instance at 0x7f6badc2a2d0>,2,20,[8 5],3,3,23,0,3
1,<environment.Job instance at 0x7f6bb47af1e0>,7,18,[10  1],8,23,41,15,23
1,<environment.Job instance at 0x7f6b69cae870>,11,18,[4 9],12,43,61,31,43
1,<environment.Job instance at 0x7f6bb4793c80>,16,16,[8 2],17,66,82,49,66
1,<environment.Job instance at 0x7f6bb483ba50>,5,18,[6 4],6,6,24,0,6
1,<environment.Job instance at 0x7f6badf1e9b0>,5,20,[3 7],6,9,29,3,9
1,<environment.Job instance at 0x7f6badd2d9b0>,7,17,[8 3],8,29,46,21,24
1,<environment.Job instance at 0x7f6badd2db90>,9,18,[2 7],10,29,47,19,26
1,<environment.Job instance at 0x7f6badd2dfa0>,14,16,[1 6],15,117,133,102,117
1,<environment.Job instance at 0x7f6b6a06a870>,18,14,[5 2],19,192,206,173,192
1,<environment.Job instance at 0x7f6bb47cfe10>,21,15,[6 3],22,217,232,195,217
1,<environment.Job instance at 0x7f6badf75cd0>,8,24,[4 6],9,52,76,43,52
1,<environment.Job instance at 0x7f6bad8f4d70>,20,16,[6 3],21,844,860,823,844
1,<environment.Job instance at 0x7f6badeabb40>,25,12,[10  2],26,2041,2053,2015,2041
1,<environment.Job instance at 0x7f6badec8dc0>,3,20,[8 4],4,48,68,44,48
1,<environment.Job instance at 0x7f6bb4877e10>,12,17,[3 5],13,78,95,65,78
1,<environment.Job instance at 0x7f6badcb2d20>,2,18,[8 1],3,117,135,114,117
1,<environment.Job instance at 0x7f6b6a333820>,14,18,[6 3],15,135,153,120,124
1,<environment.Job instance at 0x7f6badca9690>,18,13,[2 7],19,140,153,121,140
1,<environment.Job instance at 0x7f6b69af2640>,4,18,[9 1],5,7,25,2,7
1,<environment.Job instance at 0x7f6b69af2f50>,6,14,[5 7],7,25,39,18,16
1,<environment.Job instance at 0x7f6b6a0fea00>,2,17,[6 5],3,7,24,4,7
1,<environment.Job instance at 0x7f6bb46efc80>,11,21,[2 6],12,62,83,50,62
1,<environment.Job instance at 0x7f6b6a244500>,23,13,[7 3],24,321,334,297,321
1,<environment.Job instance at 0x7f6badead5f0>,5,16,[4 8],6,8,24,2,8
1,<environment.Job instance at 0x7f194998b640>,11,15,[6 1],12,76,91,64,76
1,<environment.Job instance at 0x7f194ab114b0>,2,14,[8 5],3,3,17,0,3
1,<environment.Job instance at 0x7f194ab11a00>,9,16,[4 9],10,89,105,79,89
1,<environment.Job instance at 0x7f194ab128c0>,26,16,[7 5],27,240,256,213,240
1,<environment.Job instance at 0x7f194ab12b90>,29,18,[1 9],30,314,332,284,314
1,<environment.Job instance at 0x7f194ab12d70>,36,17,[5 5],37,334,351,297,334
1,<environment.Job instance at 0x7f194ab12140>,38,15,[ 4 10],39,359,374,320,359
1,<environment.Job instance at 0x7f18ffab5b40>,8,14,[6 3],9,45,59,36,45
1,<environment.Job instance at 0x7f18ffab50a0>,11,14,[ 5 10],12,69,83,57,69
1,<environment.Job instance at 0x7f18ffab54b0>,13,13,[5 7],14,83,96,69,70
1,<environment.Job instance at 0x7f18ffe8b7d0>,6,13,[4 5],7,24,37,17,24
1,<environment.Job instance at 0x7f18ffe8b4b0>,11,24,[6 2],12,33,57,21,33
1,<environment.Job instance at 0x7f18ffe8b910>,13,16,[5 8],14,57,73,43,44
1,<environment.Job instance at 0x7f18ffe8b370>,16,14,[3 5],17,74,88,57,74
1,<environment.Job instance at 0x7f19499eec80>,0,14,[3 7],1,3,17,2,3
1,<environment.Job instance at 0x7f18ffdcd140>,12,13,[2 9],13,122,135,109,122
1,<environment.Job instance at 0x7f18ffddb2d0>,23,17,[5 9],24,306,323,282,306
1,<environment.Job instance at 0x7f18ffddb6e0>,2,14,[4 5],3,4,18,1,4
1,<environment.Job instance at 0x7f18fff7bb40>,0,13,[4 5],1,3,16,2,3
1,<environment.Job instance at 0x7f1949a58410>,2,16,[1 5],3,49,65,46,49
1,<environment.Job instance at 0x7f194a3a67d0>,19,14,[1 7],20,202,216,182,202
1,<environment.Job instance at 0x7f194a3a6870>,20,18,[7 5],21,216,234,195,205
1,<environment.Job instance at 0x7f18ffe87f50>,0,17,[5 2],1,2,19,1,2
1,<environment.Job instance at 0x7f194a3a6cd0>,2,12,[6 2],3,19,31,16,6
1,<environment.Job instance at 0x7f194a49aaa0>,9,16,[7 4],10,31,47,21,19
1,<environment.Job instance at 0x7f194aac0280>,12,12,[7 2],13,47,59,34,30
1,<environment.Job instance at 0x7f194a0c58c0>,1,17,[2 7],2,3,20,1,3
1,<environment.Job instance at 0x7f194a06c690>,10,14,[9 2],11,45,59,34,45
1,<environment.Job instance at 0x7f194a06ccd0>,17,16,[5 2],18,165,181,147,165
1,<environment.Job instance at 0x7f18ffc8e050>,20,13,[1 8],21,247,260,226,247
1,<environment.Job instance at 0x7f1949ed81e0>,1,15,[5 4],2,63,78,61,63
1,<environment.Job instance at 0x7f194a096c30>,15,12,[5 5],16,178,190,162,178
1,<environment.Job instance at 0x7f194a4e36e0>,7,16,[8 3],8,8,24,0,8
1,<environment.Job instance at 0x7f1949b367d0>,12,21,[1 5],13,34,55,21,34
1,<environment.Job instance at 0x7f18ffa1b780>,5,16,[6 4],6,45,61,39,45
1,<environment.Job instance at 0x7f194ac525a0>,12,14,[8 4],13,61,75,48,46
1,<environment.Job instance at 0x7f194ac520a0>,9,12,[5 4],10,75,87,65,65
1,<environment.Job instance at 0x7f19497a8190>,2,22,[ 2 10],3,3,25,0,3
1,<environment.Job instance at 0x7f18ff966af0>,0,19,[5 2],1,2,21,1,2
1,<environment.Job instance at 0x7f194aa13af0>,9,18,[2 5],10,39,57,29,39
1,<environment.Job instance at 0x7f1949fb4fa0>,10,14,[8 2],11,105,119,94,105
1,<environment.Job instance at 0x7f18ff894d20>,8,16,[4 8],9,122,138,113,122
1,<environment.Job instance at 0x7f194a03dd70>,3,13,[7 3],4,271,284,267,271
1,<environment.Job instance at 0x7f194a09dc30>,10,18,[10  3],11,330,348,319,330
1,<environment.Job instance at 0x7f1949f07140>,16,12,[9 3],17,228,240,211,228
1,<environment.Job instance at 0x7f18ffa2a140>,5,18,[6 1],6,20,38,14,20
1,<environment.Job instance at 0x7f18ffa2aeb0>,7,15,[4 9],8,29,44,21,29
1,<environment.Job instance at 0x7f18ffa2af50>,10,12,[5 9],11,44,56,33,44
1,<environment.Job instance at 0x7f18ffa2a960>,12,17,[6 3],13,56,73,43,45
1,<environment.Job instance at 0x7f19498e8c80>,22,17,[8 5],23,188,205,165,188
1,<environment.Job instance at 0x7f19498e8410>,27,12,[3 5],28,205,217,177,189
1,<environment.Job instance at 0x7f18ffea3c80>,37,14,[5 4],38,284,298,246,284
1,<environment.Job instance at 0x7f18ff6575f0>,8,17,[4 8],9,70,87,61,70
1,<environment.Job instance at 0x7f1f61475640>,11,15,[6 1],12,78,93,66,78
1,<environment.Job instance at 0x7f1f62746f50>,2,15,[9 1],3,3,18,0,3
1,<environment.Job instance at 0x7f1f62746e10>,7,18,[2 6],8,149,167,141,149
1,<environment.Job instance at 0x7f1f627496e0>,14,16,[1 9],15,169,185,154,169
1,<environment.Job instance at 0x7f1f627475a0>,24,17,[5 1],25,245,262,220,245
1,<environment.Job instance at 0x7f1f17475140>,6,17,[9 2],7,28,45,21,28
1,<environment.Job instance at 0x7f1f221d3500>,7,16,[1 7],8,88,104,80,88
1,<environment.Job instance at 0x7f1f17504050>,13,15,[9 5],14,108,123,94,108
1,<environment.Job instance at 0x7f1f17422370>,1,16,[6 3],2,2,18,0,2
1,<environment.Job instance at 0x7f1f17422230>,9,15,[3 6],10,16,31,6,16
1,<environment.Job instance at 0x7f1f17876eb0>,12,15,[5 8],13,31,46,18,25
1,<environment.Job instance at 0x7f1f178b7820>,6,21,[ 5 10],7,27,48,20,27
1,<environment.Job instance at 0x7f1f178bc500>,15,13,[5 5],16,264,277,248,264
1,<environment.Job instance at 0x7f1f178bcc80>,27,19,[3 8],28,315,334,287,315
1,<environment.Job instance at 0x7f1f178c6140>,2,19,[7 3],3,4,23,1,4
1,<environment.Job instance at 0x7f1f62134460>,5,18,[5 5],6,27,45,21,27
1,<environment.Job instance at 0x7f1f62134780>,10,15,[5 2],11,44,59,33,44
1,<environment.Job instance at 0x7f1f621341e0>,6,15,[2 6],7,65,80,58,65
1,<environment.Job instance at 0x7f1f62134af0>,17,15,[ 4 10],18,80,95,62,67
1,<environment.Job instance at 0x7f1f615d7fa0>,2,20,[8 5],3,3,23,0,3
1,<environment.Job instance at 0x7f1f6142e500>,8,20,[2 7],9,23,43,14,23
1,<environment.Job instance at 0x7f1f6142e780>,12,12,[6 2],13,31,43,18,31
1,<environment.Job instance at 0x7f1f6142ea00>,16,16,[8 2],17,50,66,33,50
1,<environment.Job instance at 0x7f1f6142e9b0>,1,17,[2 7],2,7,24,5,7
1,<environment.Job instance at 0x7f1f615ae0a0>,10,14,[9 2],11,71,85,60,71
1,<environment.Job instance at 0x7f1f627440a0>,17,16,[5 2],18,167,183,149,167
1,<environment.Job instance at 0x7f1f62744a00>,18,12,[6 4],19,183,195,164,167
1,<environment.Job instance at 0x7f1f17609960>,20,13,[1 8],21,254,267,233,254
1,<environment.Job instance at 0x7f1f178499b0>,5,12,[5 5],6,7,19,1,7
1,<environment.Job instance at 0x7f1f61355d20>,8,20,[7 4],9,19,39,10,13
1,<environment.Job instance at 0x7f1f61355190>,11,14,[8 3],12,39,53,27,25
1,<environment.Job instance at 0x7f1f615c52d0>,1,13,[5 2],2,26,39,24,26
1,<environment.Job instance at 0x7f1f17829960>,8,13,[2 7],9,26,39,17,26
1,<environment.Job instance at 0x7f1f17829280>,7,19,[ 4 10],8,39,58,31,30
1,<environment.Job instance at 0x7f1f17829b40>,14,14,[1 6],15,133,147,118,133
1,<environment.Job instance at 0x7f1f61f1fc30>,4,12,[3 7],5,7,19,2,7
1,<environment.Job instance at 0x7f1f61a99e10>,14,13,[5 5],15,140,153,125,140
1,<environment.Job instance at 0x7f1f171cd7d0>,3,18,[6 5],4,14,32,10,14
1,<environment.Job instance at 0x7f1f61ac9c30>,7,15,[10  5],8,32,47,24,26
1,<environment.Job instance at 0x7f1f61abb500>,4,23,[6 1],5,31,54,26,31
1,<environment.Job instance at 0x7f1f615c5aa0>,14,14,[3 5],15,272,286,257,272
1,<environment.Job instance at 0x7f1f61526640>,30,18,[10  3],31,1949,1967,1918,1949
1,<environment.Job instance at 0x7f1f17562c80>,34,18,[7 4],35,1973,1991,1938,1973
1,<environment.Job instance at 0x7f1f61fa0b90>,3,14,[5 5],4,83,97,79,83
1,<environment.Job instance at 0x7f1f61fa0280>,7,12,[1 8],8,325,337,317,325
1,<environment.Job instance at 0x7f1f61fa0a00>,17,14,[ 3 10],18,351,365,333,351
1,<environment.Job instance at 0x7f1f1754e550>,26,12,[9 3],27,365,377,338,351
1,<environment.Job instance at 0x7f1f173d1230>,4,17,[5 9],5,44,61,39,44
1,<environment.Job instance at 0x7f1f618ccf00>,12,17,[6 3],13,178,195,165,178
1,<environment.Job instance at 0x7f1f618c8b90>,23,13,[10  5],24,195,208,171,180
1,<environment.Job instance at 0x7f1f618c85a0>,25,16,[5 8],26,208,224,182,196
1,<environment.Job instance at 0x7f1f618c8960>,29,14,[6 2],30,224,238,194,214
1,<environment.Job instance at 0x7f1f618c0fa0>,34,16,[4 6],35,268,284,233,268
1,<environment.Job instance at 0x7f1f616f6280>,0,17,[2 7],1,3,20,2,3
1,<environment.Job instance at 0x7f1f616f6b90>,8,17,[4 5],9,51,68,42,51
1,<environment.Job instance at 0x7f1f619864b0>,2,20,[10  2],3,68,88,65,59
1,<environment.Job instance at 0x7f1f616f6910>,15,13,[8 1],16,101,114,85,101
1,<environment.Job instance at 0x7f1f17af5500>,16,14,[1 6],17,101,115,84,101
1,<environment.Job instance at 0x7f1f17af5320>,17,13,[6 3],18,114,127,96,101
1,<environment.Job instance at 0x7f1f616f60a0>,3,15,[ 4 10],4,127,142,123,126
1,<environment.Job instance at 0x7f1f17af50f0>,22,12,[5 9],23,196,208,173,196
1,<environment.Job instance at 0x7f1f61c8d9b0>,3,16,[1 9],4,7,23,3,7
1,<environment.Job instance at 0x7f1f172ca0a0>,9,16,[9 4],10,23,39,13,21
1,<environment.Job instance at 0x7f585c210690>,11,15,[6 1],12,70,85,58,70
1,<environment.Job instance at 0x7f586178afa0>,13,12,[1 6],14,102,114,88,102
1,<environment.Job instance at 0x7f586178af00>,14,17,[5 1],15,104,121,89,104
1,<environment.Job instance at 0x7f586178abe0>,9,18,[1 9],10,114,132,104,104
1,<environment.Job instance at 0x7f586178a6e0>,18,15,[ 4 10],19,132,147,113,124
1,<environment.Job instance at 0x7f58165140a0>,3,15,[6 1],4,6,21,2,6
1,<environment.Job instance at 0x7f581653fb90>,0,12,[5 5],1,3,15,2,3
1,<environment.Job instance at 0x7f58165a1460>,3,18,[9 5],4,15,33,11,5
1,<environment.Job instance at 0x7f58168cfdc0>,2,14,[4 5],3,3,17,0,3
1,<environment.Job instance at 0x7f5860eade60>,2,17,[5 5],3,120,137,117,120
1,<environment.Job instance at 0x7f5860ac4f50>,14,13,[5 5],15,139,152,124,139
1,<environment.Job instance at 0x7f5860ac4f00>,16,18,[6 3],17,161,179,144,161
1,<environment.Job instance at 0x7f5860ac4820>,20,14,[9 5],21,188,202,167,188
1,<environment.Job instance at 0x7f58168b4af0>,28,15,[1 7],29,314,329,285,314
1,<environment.Job instance at 0x7f5816697460>,8,14,[5 8],9,12,26,3,12
1,<environment.Job instance at 0x7f5860f28960>,0,18,[10  1],1,19,37,18,19
1,<environment.Job instance at 0x7f5816928140>,9,18,[8 2],10,71,89,61,71
1,<environment.Job instance at 0x7f5816928550>,8,16,[10  1],9,145,161,136,145
1,<environment.Job instance at 0x7f585c4b3640>,22,17,[6 5],23,224,241,201,224
1,<environment.Job instance at 0x7f5816765280>,10,14,[8 2],11,98,112,87,98
1,<environment.Job instance at 0x7f5860fb9f50>,6,17,[10  5],7,27,44,20,27
1,<environment.Job instance at 0x7f5860fb9140>,9,17,[1 7],10,44,61,34,34
1,<environment.Job instance at 0x7f585c0f6c80>,4,14,[10  5],5,62,76,57,62
1,<environment.Job instance at 0x7f5860aca370>,13,15,[5 5],14,80,95,66,80
1,<environment.Job instance at 0x7f5860e89c80>,3,16,[ 3 10],4,156,172,152,156
1,<environment.Job instance at 0x7f585c1ac140>,21,14,[5 5],22,177,191,155,177
1,<environment.Job instance at 0x7f5860bb02d0>,30,12,[ 3 10],31,314,326,283,314
1,<environment.Job instance at 0x7f5860ef88c0>,1,14,[9 3],2,2,16,0,2
1,<environment.Job instance at 0x7f5816ac3370>,16,18,[2 9],17,127,145,110,127
1,<environment.Job instance at 0x7f5816ac3820>,18,16,[10  2],19,145,161,126,133
1,<environment.Job instance at 0x7f58166d41e0>,4,18,[5 5],5,52,70,47,52
1,<environment.Job instance at 0x7f5860ad54b0>,7,18,[9 2],8,70,88,62,60
1,<environment.Job instance at 0x7f5860ad5e10>,2,24,[5 5],3,3,27,0,3
1,<environment.Job instance at 0x7f581625d5a0>,5,22,[5 1],6,22,44,16,22
1,<environment.Job instance at 0x7f581625db90>,2,16,[6 1],3,3,19,0,3
1,<environment.Job instance at 0x7f581672d5f0>,14,12,[7 4],15,95,107,80,95
1,<environment.Job instance at 0x7f58161e74b0>,3,16,[1 5],4,5,21,1,5
1,<environment.Job instance at 0x7f585c3146e0>,4,19,[6 2],5,64,83,59,64
1,<environment.Job instance at 0x7f5816957cd0>,18,16,[7 3],19,162,178,143,162
1,<environment.Job instance at 0x7f5860eb9d20>,22,17,[10  5],23,230,247,207,230
1,<environment.Job instance at 0x7fdf6288f640>,2,20,[7 4],3,3,23,0,3
1,<environment.Job instance at 0x7fdf616eda50>,13,13,[10  3],14,75,88,61,75
1,<environment.Job instance at 0x7fdf616edcd0>,3,12,[1 6],4,22,34,18,22
1,<environment.Job instance at 0x7fdf62873050>,4,17,[5 1],5,46,63,41,46
1,<environment.Job instance at 0x7fdf629bfb90>,15,21,[10  1],16,63,84,47,58
1,<environment.Job instance at 0x7fdf629bfe60>,20,21,[5 4],21,115,136,94,115
1,<environment.Job instance at 0x7fdf17a89190>,4,12,[2 7],5,153,165,148,153
1,<environment.Job instance at 0x7fdf178706e0>,14,17,[7 1],15,153,170,138,153
1,<environment.Job instance at 0x7fdf17a895f0>,2,13,[2 9],3,179,192,176,179
1,<environment.Job instance at 0x7fdf17870910>,26,24,[6 3],27,287,311,260,287
1,<environment.Job instance at 0x7fdf17b335a0>,28,14,[3 6],29,311,325,282,311
1,<environment.Job instance at 0x7fdf17b37c30>,7,15,[4 9],8,44,59,36,44
1,<environment.Job instance at 0x7fdf17b37f50>,12,19,[7 3],13,89,108,76,89
1,<environment.Job instance at 0x7fdf62171320>,10,13,[4 5],11,48,61,37,48
1,<environment.Job instance at 0x7fdf61e3c1e0>,3,14,[10  3],4,96,110,92,96
1,<environment.Job instance at 0x7fdf62171460>,9,14,[ 3 10],10,110,124,100,101
1,<environment.Job instance at 0x7fdf17ae4eb0>,3,12,[9 1],4,22,34,18,22
1,<environment.Job instance at 0x7fdf614550f0>,4,13,[4 5],5,5,18,0,5
1,<environment.Job instance at 0x7fdf175ab5a0>,9,18,[2 7],10,40,58,30,40
1,<environment.Job instance at 0x7fdf175abb40>,18,14,[5 2],19,149,163,130,149
1,<environment.Job instance at 0x7fdf175abd20>,21,15,[6 3],22,196,211,174,196
1,<environment.Job instance at 0x7fdf61b36a50>,1,16,[3 9],2,3,19,1,3
1,<environment.Job instance at 0x7fdf17becb40>,7,16,[8 3],8,19,35,11,9
1,<environment.Job instance at 0x7fdf17bec9b0>,12,21,[1 5],13,33,54,20,33
1,<environment.Job instance at 0x7fdf61e38500>,1,13,[5 2],2,2,15,0,2
1,<environment.Job instance at 0x7fdf61c7a690>,8,13,[2 7],9,26,39,17,26
1,<environment.Job instance at 0x7fdf1790b4b0>,10,18,[10  1],11,46,64,35,46
1,<environment.Job instance at 0x7fdf176d2050>,16,22,[7 2],17,146,168,129,146
1,<environment.Job instance at 0x7fdf176d5140>,18,15,[7 4],19,168,183,149,165
1,<environment.Job instance at 0x7fdf176d53c0>,22,17,[6 5],23,197,214,174,197
1,<environment.Job instance at 0x7fdf61e34190>,0,14,[8 2],1,5,19,4,5
1,<environment.Job instance at 0x7fdf61816280>,9,17,[10  4],10,24,41,14,24
1,<environment.Job instance at 0x7fdf177c1190>,0,12,[ 3 10],1,57,69,56,57
1,<environment.Job instance at 0x7fdf61b8c730>,15,18,[6 1],16,127,145,111,127
1,<environment.Job instance at 0x7fdf61b7d870>,23,12,[4 8],24,177,189,153,177
1,<environment.Job instance at 0x7fdf61795370>,30,12,[5 7],31,261,273,230,261
1,<environment.Job instance at 0x7fdf17d51320>,32,17,[8 5],33,273,290,240,263
1,<environment.Job instance at 0x7fdf61723140>,3,15,[3 7],4,4,19,0,4
1,<environment.Job instance at 0x7fdf614e2370>,4,15,[10  3],5,19,34,14,9
1,<environment.Job instance at 0x7fdf175e5190>,12,17,[10  3],13,45,62,32,45
1,<environment.Job instance at 0x7fdf178490a0>,1,15,[1 6],2,4,19,2,4
1,<environment.Job instance at 0x7fdf17849eb0>,13,16,[8 2],14,102,118,88,102
1,<environment.Job instance at 0x7fdf175899b0>,13,12,[10  4],14,93,105,79,93
1,<environment.Job instance at 0x7fdf17589a50>,14,17,[8 3],15,105,122,90,95
1,<environment.Job instance at 0x7fdf175a96e0>,22,14,[5 7],23,157,171,134,157
1,<environment.Job instance at 0x7fdf6192d690>,0,18,[1 6],1,5,23,4,5
1,<environment.Job instance at 0x7fdf61d7c5a0>,6,18,[3 8],7,23,41,16,22
1,<environment.Job instance at 0x7fdf621c7f00>,7,14,[5 6],8,51,65,43,51
1,<environment.Job instance at 0x7fdf6229b6e0>,14,16,[10  5],15,337,353,322,337
1,<environment.Job instance at 0x7fc0a42c1b90>,2,18,[7 4],3,5,23,2,5
1,<environment.Job instance at 0x7fc0a9843f00>,13,17,[5 1],14,115,132,101,115
1,<environment.Job instance at 0x7fc0a9843e10>,16,12,[5 4],17,161,173,144,161
1,<environment.Job instance at 0x7fc05e5ecbe0>,12,13,[3 5],13,57,70,44,57
1,<environment.Job instance at 0x7fc05ea4f8c0>,8,16,[5 2],9,40,56,31,40
1,<environment.Job instance at 0x7fc05ea4fa50>,10,12,[ 1 10],11,56,68,45,41
1,<environment.Job instance at 0x7fc05ea4fd20>,16,20,[7 1],17,128,148,111,128
1,<environment.Job instance at 0x7fc0a40e36e0>,29,13,[1 7],30,309,322,279,309
1,<environment.Job instance at 0x7fc0a40e3aa0>,25,17,[7 4],26,322,339,296,310
1,<environment.Job instance at 0x7fc05e9b9320>,9,12,[5 5],10,89,101,79,89
1,<environment.Job instance at 0x7fc05e9b9460>,11,17,[5 4],12,112,129,100,112
1,<environment.Job instance at 0x7fc05ea025a0>,0,14,[5 1],1,6,20,5,6
1,<environment.Job instance at 0x7fc05ea02190>,8,14,[5 8],9,11,25,2,11
1,<environment.Job instance at 0x7fc0a4579140>,17,16,[5 2],18,148,164,130,148
1,<environment.Job instance at 0x7fc0a4579d20>,18,12,[6 4],19,164,176,145,148
1,<environment.Job instance at 0x7fc0a414f460>,0,18,[7 4],1,99,117,98,99
1,<environment.Job instance at 0x7fc05ea62c30>,2,16,[6 3],3,3,19,0,3
1,<environment.Job instance at 0x7fc0a8e1f370>,11,13,[9 3],12,32,45,20,32
1,<environment.Job instance at 0x7fc0a8e1fd20>,13,23,[1 5],14,32,55,18,32
1,<environment.Job instance at 0x7fc0a4611aa0>,16,16,[7 5],17,48,64,31,48
1,<environment.Job instance at 0x7fc05e6eb370>,4,12,[3 7],5,6,18,1,6
1,<environment.Job instance at 0x7fc0a46631e0>,8,14,[5 7],9,45,59,36,45
1,<environment.Job instance at 0x7fc0a4663cd0>,12,13,[9 3],13,112,125,99,112
1,<environment.Job instance at 0x7fc0a911ffa0>,14,13,[5 5],15,140,153,125,140
1,<environment.Job instance at 0x7fc0a909eaa0>,5,19,[3 8],6,79,98,73,79
1,<environment.Job instance at 0x7fc0a8b88780>,5,18,[6 1],6,44,62,38,44
1,<environment.Job instance at 0x7fc0a8b888c0>,10,12,[5 9],11,90,102,79,90
1,<environment.Job instance at 0x7fc0a40893c0>,21,18,[6 5],22,176,194,154,176
1,<environment.Job instance at 0x7fc0a920b690>,4,17,[5 9],5,194,211,189,182
1,<environment.Job instance at 0x7fc0a8b88c30>,7,15,[4 9],8,211,226,203,197
1,<environment.Job instance at 0x7fc05e2da0f0>,27,12,[3 5],28,226,238,198,214
1,<environment.Job instance at 0x7fc0a435dd20>,34,16,[4 6],35,268,284,233,268
1,<environment.Job instance at 0x7fc05e6c75f0>,37,14,[5 4],38,289,303,251,289
1,<environment.Job instance at 0x7fc05e3cd7d0>,1,12,[1 7],2,48,60,46,48
1,<environment.Job instance at 0x7fc0a40f99b0>,17,12,[7 5],18,233,245,215,233
1,<environment.Job instance at 0x7fc05eb37730>,24,13,[1 7],25,245,258,220,234
1,<environment.Job instance at 0x7fc0a9258870>,21,16,[6 1],22,245,261,223,234
1,<environment.Job instance at 0x7fc05e38bf00>,31,14,[9 3],32,287,301,255,287
1,<environment.Job instance at 0x7fc0a8ebaa00>,2,20,[3 5],3,3,23,0,3
1,<environment.Job instance at 0x7fc05e478320>,3,18,[7 1],4,4,22,0,4
1,<environment.Job instance at 0x7fc05e313960>,10,21,[5 3],11,27,48,16,27
1,<environment.Job instance at 0x7fc05ea2b140>,12,14,[3 7],13,30,44,17,30
1,<environment.Job instance at 0x7fc05e98c640>,2,16,[6 1],3,4,20,1,4
1,<environment.Job instance at 0x7fc0a8e7a370>,7,17,[4 8],8,35,52,27,35
1,<environment.Job instance at 0x7fc05e869230>,14,12,[7 4],15,102,114,87,102
1,<environment.Job instance at 0x7fc05e869820>,15,20,[4 6],16,114,134,98,106
1,<environment.Job instance at 0x7fc0a4527eb0>,8,16,[10  4],9,12,28,3,12
1,<environment.Job instance at 0x7fc0a410e780>,2,17,[10  5],3,34,51,31,34
1,<environment.Job instance at 0x7fc05e8d7dc0>,26,12,[5 1],27,206,218,179,206
1,<environment.Job instance at 0x7fc0a41108c0>,27,16,[7 4],28,218,234,190,207
1,<environment.Job instance at 0x7fc05e2d66e0>,2,12,[9 4],3,4,16,1,4
1,<environment.Job instance at 0x7fc05e5c3e10>,4,16,[4 9],5,16,32,11,6
1,<environment.Job instance at 0x7fc05e5ba0f0>,10,14,[3 5],11,32,46,21,24
1,<environment.Job instance at 0x7fc05e5fbeb0>,3,17,[7 1],4,4,21,0,4
1,<environment.Job instance at 0x7fc05e5ba5a0>,1,14,[5 8],2,54,68,52,54
1,<environment.Job instance at 0x7fc0a476c230>,9,16,[7 2],10,69,85,59,69
1,<environment.Job instance at 0x7fc0a41c8050>,19,14,[8 4],20,88,102,68,88
1,<environment.Job instance at 0x7fc0a41c84b0>,20,13,[1 8],21,102,115,81,91
1,<environment.Job instance at 0x7fc0a9758780>,22,14,[7 4],23,115,129,92,115
1,<environment.Job instance at 0x7fc0a456f050>,1,16,[5 7],2,2,18,0,2
1,<environment.Job instance at 0x7fc0a8cabf50>,7,15,[1 9],8,23,38,15,23
1,<environment.Job instance at 0x7fc0a92066e0>,13,14,[3 8],14,84,98,70,84
1,<environment.Job instance at 0x7f4f503a35a0>,10,15,[5 1],11,68,83,57,68
1,<environment.Job instance at 0x7f4f503a3780>,13,13,[10  3],14,119,132,105,119
1,<environment.Job instance at 0x7f4f5791f910>,3,17,[5 1],4,29,46,25,29
1,<environment.Job instance at 0x7f4f57924820>,8,14,[6 5],9,46,60,37,31
1,<environment.Job instance at 0x7f4f57924f00>,9,17,[8 2],10,75,92,65,75
1,<environment.Job instance at 0x7f4f579276e0>,17,21,[9 2],18,121,142,103,121
1,<environment.Job instance at 0x7f4f579184b0>,26,15,[ 2 10],27,198,213,171,198
1,<environment.Job instance at 0x7f4f577da0a0>,32,19,[2 5],33,296,315,263,296
1,<environment.Job instance at 0x7f4f0c780b40>,3,17,[10  2],4,51,68,47,51
1,<environment.Job instance at 0x7f4f0c79aeb0>,7,17,[10  4],8,68,85,60,58
1,<environment.Job instance at 0x7f4f0c79a230>,15,13,[8 3],16,94,107,78,94
1,<environment.Job instance at 0x7f4f0c79aaf0>,18,17,[8 4],19,116,133,97,116
1,<environment.Job instance at 0x7f4f0caa8780>,2,18,[10  5],3,10,28,7,10
1,<environment.Job instance at 0x7f4f0c6618c0>,0,14,[9 5],1,2,16,1,2
1,<environment.Job instance at 0x7f4f0c649820>,3,19,[7 5],4,16,35,12,7
1,<environment.Job instance at 0x7f4f501c5a00>,15,15,[1 6],16,81,96,65,81
1,<environment.Job instance at 0x7f4f501c5aa0>,16,13,[5 2],17,81,94,64,81
1,<environment.Job instance at 0x7f4f501c5e60>,22,18,[2 5],23,159,177,136,159
1,<environment.Job instance at 0x7f4f501c58c0>,13,13,[1 6],14,177,190,163,169
1,<environment.Job instance at 0x7f4f508bef50>,4,16,[1 6],5,78,94,73,78
1,<environment.Job instance at 0x7f4f56f4bf00>,11,15,[6 3],12,78,93,66,78
1,<environment.Job instance at 0x7f4f56f4bbe0>,12,16,[9 3],13,93,109,80,81
1,<environment.Job instance at 0x7f4f0c6a8460>,1,14,[10  4],2,4,18,2,4
1,<environment.Job instance at 0x7f4f503f3140>,8,19,[6 5],9,23,42,14,23
1,<environment.Job instance at 0x7f4f503f3320>,11,15,[2 7],12,74,89,62,74
1,<environment.Job instance at 0x7f4f0ca444b0>,7,15,[10  5],8,28,43,20,28
1,<environment.Job instance at 0x7f4f57046820>,12,16,[1 8],13,127,143,114,127
1,<environment.Job instance at 0x7f4f0c9f9690>,6,17,[10  5],7,27,44,20,27
1,<environment.Job instance at 0x7f4f50531b90>,15,18,[6 1],16,132,150,116,132
1,<environment.Job instance at 0x7f4f50741aa0>,23,12,[4 8],24,200,212,176,200
1,<environment.Job instance at 0x7f4f50741f00>,32,17,[8 5],33,285,302,252,285
1,<environment.Job instance at 0x7f4f50741a00>,33,13,[10  5],34,302,315,268,292
1,<environment.Job instance at 0x7f4f56c34460>,1,12,[1 7],2,3,15,1,3
1,<environment.Job instance at 0x7f4f570b92d0>,9,14,[9 1],10,107,121,97,107
1,<environment.Job instance at 0x7f4f570f8f50>,23,13,[6 3],24,233,246,209,233
1,<environment.Job instance at 0x7f4f570f8b90>,24,13,[1 7],25,233,246,208,233
1,<environment.Job instance at 0x7f4f570f8320>,21,16,[6 1],22,246,262,224,235
1,<environment.Job instance at 0x7f4f5791cdc0>,30,17,[8 3],31,282,299,251,282
1,<environment.Job instance at 0x7f4f50425fa0>,8,18,[10  2],9,10,28,1,10
1,<environment.Job instance at 0x7f4f0c672140>,4,18,[5 5],5,6,24,1,6
1,<environment.Job instance at 0x7f4f0c7aceb0>,1,16,[7 5],2,3,19,1,3
1,<environment.Job instance at 0x7f4f0c73d190>,6,13,[5 5],7,19,32,12,7
1,<environment.Job instance at 0x7f4f0c6c3be0>,9,14,[3 7],10,46,60,36,46
1,<environment.Job instance at 0x7f4f0c6c3c80>,10,18,[1 5],11,60,78,49,49
1,<environment.Job instance at 0x7f4f5082e1e0>,14,16,[3 9],15,155,171,140,155
1,<environment.Job instance at 0x7f4f0c62da00>,20,12,[8 5],21,237,249,216,237
1,<environment.Job instance at 0x7f4f50850eb0>,2,20,[3 9],3,3,23,0,3
1,<environment.Job instance at 0x7f4f0c7545f0>,9,15,[6 4],10,106,121,96,106
1,<environment.Job instance at 0x7f4f0c754960>,1,14,[3 8],2,121,135,119,106
1,<environment.Job instance at 0x7f4f5043b4b0>,11,16,[5 3],12,135,151,123,132
1,<environment.Job instance at 0x7f4f0c376050>,16,18,[5 7],17,135,153,118,132
1,<environment.Job instance at 0x7f7c15079e60>,2,20,[7 4],3,3,23,0,3
1,<environment.Job instance at 0x7f7c14ff1190>,0,17,[6 1],1,48,65,47,48
1,<environment.Job instance at 0x7f7c09e917d0>,13,13,[10  3],14,100,113,86,100
1,<environment.Job instance at 0x7f7c15163730>,12,12,[1 5],13,71,83,58,71
1,<environment.Job instance at 0x7f7bce15aa50>,10,13,[8 4],11,117,130,106,117
1,<environment.Job instance at 0x7f7bce2870a0>,19,13,[5 1],20,214,227,194,214
1,<environment.Job instance at 0x7f7bce287140>,20,12,[5 5],21,215,227,194,215
1,<environment.Job instance at 0x7f7bce287a00>,24,18,[1 7],25,256,274,231,256
1,<environment.Job instance at 0x7f7bce24cdc0>,11,12,[7 5],12,105,117,93,105
1,<environment.Job instance at 0x7f7bce22e320>,14,15,[2 6],15,117,132,102,105
1,<environment.Job instance at 0x7f7bce22e050>,2,16,[1 5],3,3,19,0,3
1,<environment.Job instance at 0x7f7bce117960>,0,13,[4 5],1,3,16,2,3
1,<environment.Job instance at 0x7f7bce0ad870>,8,13,[10  1],9,127,140,118,127
1,<environment.Job instance at 0x7f7bce0adf50>,19,14,[1 7],20,202,216,182,202
1,<environment.Job instance at 0x7f7bce0adfa0>,20,18,[7 5],21,216,234,195,208
1,<environment.Job instance at 0x7f7bce0af5a0>,5,18,[6 4],6,8,26,2,8
1,<environment.Job instance at 0x7f7c0a4a8410>,8,24,[4 6],9,53,77,44,53
1,<environment.Job instance at 0x7f7c0ab48b90>,0,15,[9 1],1,6,21,5,6
1,<environment.Job instance at 0x7f7c0a582d70>,17,19,[ 4 10],18,159,178,141,159
1,<environment.Job instance at 0x7f7c150145a0>,2,17,[6 5],3,5,22,2,5
1,<environment.Job instance at 0x7f7c09f53870>,9,18,[2 5],10,42,60,32,42
1,<environment.Job instance at 0x7f7c09f53e10>,11,21,[2 6],12,62,83,50,62
1,<environment.Job instance at 0x7f7c09f530a0>,13,26,[3 8],14,89,115,75,89
1,<environment.Job instance at 0x7f7c09e7ec30>,38,15,[1 5],39,1831,1846,1792,1831
1,<environment.Job instance at 0x7f7c0a4b0140>,13,15,[5 5],14,80,95,66,80
1,<environment.Job instance at 0x7f7bce83c4b0>,21,14,[5 5],22,197,211,175,197
1,<environment.Job instance at 0x7f7c0a4c7230>,3,16,[ 3 10],4,273,289,269,273
1,<environment.Job instance at 0x7f7c09f09730>,4,15,[10  3],5,20,35,15,20
1,<environment.Job instance at 0x7f7bce233640>,3,15,[3 7],4,35,50,31,21
1,<environment.Job instance at 0x7f7bce233320>,12,17,[10  3],13,50,67,37,48
1,<environment.Job instance at 0x7f7c0a93c0f0>,3,18,[7 1],4,21,39,17,21
1,<environment.Job instance at 0x7f7c0a19cc80>,4,18,[5 5],5,6,24,1,6
1,<environment.Job instance at 0x7f7bcdfb93c0>,0,18,[1 5],1,4,22,3,4
1,<environment.Job instance at 0x7f7bce30ed70>,8,17,[3 5],9,25,42,16,25
1,<environment.Job instance at 0x7f7bce4b2690>,12,16,[4 6],13,49,65,36,49
1,<environment.Job instance at 0x7f7c09da5be0>,15,18,[2 6],16,120,138,104,120
1,<environment.Job instance at 0x7f7c09c64640>,17,13,[ 1 10],18,138,151,120,125
1,<environment.Job instance at 0x7f7bce788fa0>,12,17,[5 3],13,95,112,82,95
1,<environment.Job instance at 0x7f7c0a490370>,0,13,[4 6],1,3,16,2,3
1,<environment.Job instance at 0x7f7c0a15b500>,1,14,[1 8],2,16,30,14,7
1,<environment.Job instance at 0x7f7c0a51d690>,8,19,[8 2],9,16,35,7,9
1,<environment.Job instance at 0x7f7c0a55ca00>,12,20,[9 5],13,44,64,31,44
1,<environment.Job instance at 0x7f9daebab280>,0,17,[6 1],1,1,18,0,1
1,<environment.Job instance at 0x7f9da579c690>,11,15,[6 1],12,67,82,55,67
1,<environment.Job instance at 0x7f9da579c7d0>,13,13,[10  3],14,99,112,85,99
1,<environment.Job instance at 0x7f9d63a06190>,6,15,[ 2 10],7,54,69,47,54
1,<environment.Job instance at 0x7f9d63a33960>,12,19,[2 5],13,109,128,96,109
1,<environment.Job instance at 0x7f9d63a100f0>,18,14,[6 3],19,178,192,159,178
1,<environment.Job instance at 0x7f9d63a10640>,21,14,[ 5 10],22,200,214,178,200
1,<environment.Job instance at 0x7f9d63a10dc0>,23,13,[5 7],24,214,227,190,201
1,<environment.Job instance at 0x7f9d63b74730>,25,24,[3 7],26,227,251,201,227
1,<environment.Job instance at 0x7f9daebd2d20>,0,12,[5 5],1,2,14,1,2
1,<environment.Job instance at 0x7f9daebd2e10>,3,18,[9 5],4,14,32,10,5
1,<environment.Job instance at 0x7f9daea9aeb0>,2,19,[7 3],3,3,22,0,3
1,<environment.Job instance at 0x7f9da5885140>,10,15,[5 2],11,66,81,55,66
1,<environment.Job instance at 0x7f9da58168c0>,17,15,[ 4 10],18,81,96,63,72
1,<environment.Job instance at 0x7f9da5909870>,4,14,[8 4],5,6,20,1,6
1,<environment.Job instance at 0x7f9da5bcf730>,8,14,[5 8],9,51,65,42,51
1,<environment.Job instance at 0x7f9dae457870>,5,22,[6 2],6,6,28,0,6
1,<environment.Job instance at 0x7f9da562f960>,9,15,[9 2],10,78,93,68,78
1,<environment.Job instance at 0x7f9da562f820>,11,14,[5 7],12,93,107,81,78
1,<environment.Job instance at 0x7f9da552bb40>,6,14,[5 7],7,14,28,7,14
1,<environment.Job instance at 0x7f9da552bd20>,7,12,[3 8],8,28,40,20,17
1,<environment.Job instance at 0x7f9d63e07fa0>,13,18,[4 5],14,142,160,128,142
1,<environment.Job instance at 0x7f9dae4ee9b0>,3,14,[5 5],4,5,19,1,5
1,<environment.Job instance at 0x7f9da5828a50>,7,12,[1 8],8,98,110,90,98
1,<environment.Job instance at 0x7f9da5530aa0>,14,25,[3 5],15,124,149,109,124
1,<environment.Job instance at 0x7f9dae348a00>,20,28,[2 5],21,202,230,181,202
1,<environment.Job instance at 0x7f9da5aac500>,26,12,[9 3],27,306,318,279,306
1,<environment.Job instance at 0x7f9da58aa6e0>,1,14,[9 3],2,3,17,1,3
1,<environment.Job instance at 0x7f9dadfb17d0>,14,12,[ 4 10],15,119,131,104,119
1,<environment.Job instance at 0x7f9dae410960>,15,13,[3 5],16,131,144,115,119
1,<environment.Job instance at 0x7f9dadf97640>,17,20,[1 5],18,131,151,113,127
1,<environment.Job instance at 0x7f9da5b729b0>,1,15,[1 6],2,3,18,1,3
1,<environment.Job instance at 0x7f9d63d7ad20>,13,16,[8 2],14,113,129,99,113
1,<environment.Job instance at 0x7f9d63d7a230>,15,14,[7 1],16,141,155,125,141
1,<environment.Job instance at 0x7f9d63d7a5a0>,18,17,[5 5],19,169,186,150,169
1,<environment.Job instance at 0x7f9d63d7a370>,19,16,[5 5],20,169,185,149,169
1,<environment.Job instance at 0x7f9da58fed20>,22,17,[9 1],23,192,209,169,192
1,<environment.Job instance at 0x7f9d63fc5320>,2,16,[6 1],3,4,20,1,4
1,<environment.Job instance at 0x7f9dae497050>,7,17,[4 8],8,28,45,20,28
1,<environment.Job instance at 0x7f9daeaa0640>,13,15,[ 1 10],14,95,110,81,95
1,<environment.Job instance at 0x7f9d640c3320>,14,12,[7 4],15,110,122,95,95
1,<environment.Job instance at 0x7f9dae077410>,1,16,[7 5],2,2,18,0,2
1,<environment.Job instance at 0x7f9dae7b0c80>,9,14,[3 7],10,48,62,38,48
1,<environment.Job instance at 0x7f9dae7b0be0>,6,13,[5 5],7,62,75,55,48
1,<environment.Job instance at 0x7f9d639e86e0>,5,12,[7 2],6,28,40,22,28
1,<environment.Job instance at 0x7f9da580cd70>,4,17,[3 7],5,49,66,44,49
1,<environment.Job instance at 0x7f9d640e4af0>,12,16,[4 6],13,80,96,67,80
1,<environment.Job instance at 0x7f9da558d5f0>,5,18,[2 6],6,17,35,11,17
1,<environment.Job instance at 0x7f9da55da2d0>,2,23,[2 8],3,5,28,2,5
1,<environment.Job instance at 0x7f9d63e9d0a0>,9,18,[6 2],10,79,97,69,79
1,<environment.Job instance at 0x7f9d641400f0>,14,19,[4 9],15,97,116,82,96
1,<environment.Job instance at 0x7f9da5b6d6e0>,20,21,[1 5],21,150,171,129,150
1,<environment.Job instance at 0x7f9d6395e500>,23,16,[2 8],24,173,189,149,173
1,<environment.Job instance at 0x7f9dae3b8410>,24,12,[5 1],25,173,185,148,173
1,<environment.Job instance at 0x7f9d63d21690>,3,15,[ 5 10],4,8,23,4,8
1,<environment.Job instance at 0x7f9daebd2d20>,1,19,[ 1 10],2,57,76,55,57
1,<environment.Job instance at 0x7f9da58cb550>,6,12,[7 2],7,9,21,2,9
1,<environment.Job instance at 0x7f9da5899d20>,0,15,[7 3],1,4,19,3,4
1,<environment.Job instance at 0x7f9d63de1b40>,12,16,[5 9],13,93,109,80,93
1,<environment.Job instance at 0x7f9d63de1a00>,15,17,[1 5],16,112,129,96,112
1,<environment.Job instance at 0x7f42d25795a0>,10,15,[5 1],11,70,85,59,70
1,<environment.Job instance at 0x7f42d2579780>,13,13,[10  3],14,95,108,81,95
1,<environment.Job instance at 0x7f42d2579a00>,2,19,[2 5],3,22,41,19,22
1,<environment.Job instance at 0x7f428853c500>,8,14,[6 3],9,22,36,13,22
1,<environment.Job instance at 0x7f42886b9500>,11,14,[ 5 10],12,69,83,57,69
1,<environment.Job instance at 0x7f42886b9780>,15,24,[3 7],16,98,122,82,98
1,<environment.Job instance at 0x7f42885751e0>,14,12,[2 7],15,134,146,119,134
1,<environment.Job instance at 0x7f42d2c5c2d0>,11,17,[5 4],12,112,129,100,112
1,<environment.Job instance at 0x7f42d25999b0>,0,17,[5 2],1,5,22,4,5
1,<environment.Job instance at 0x7f42d3050320>,6,16,[8 2],7,22,38,15,9
1,<environment.Job instance at 0x7f428891c8c0>,1,18,[4 9],2,38,56,36,27
1,<environment.Job instance at 0x7f42d29d7e60>,15,18,[ 2 10],16,56,74,40,55
1,<environment.Job instance at 0x7f42d24a3230>,9,12,[5 4],10,22,34,12,22
1,<environment.Job instance at 0x7f42d2cd70f0>,12,14,[8 4],13,65,79,52,65
1,<environment.Job instance at 0x7f42d2cd7eb0>,2,17,[6 5],3,8,25,5,8
1,<environment.Job instance at 0x7f42d2c86140>,11,21,[2 6],12,62,83,50,62
1,<environment.Job instance at 0x7f42d2c86320>,13,26,[3 8],14,88,114,74,88
1,<environment.Job instance at 0x7f42d2c86320>,2,25,[2 8],3,122,147,119,122
1,<environment.Job instance at 0x7f428891a190>,18,15,[1 5],19,271,286,252,271
1,<environment.Job instance at 0x7f42d2582960>,14,18,[7 4],15,324,342,309,324
1,<environment.Job instance at 0x7f42d2c69550>,7,15,[4 9],8,44,59,36,44
1,<environment.Job instance at 0x7f4288bad780>,13,12,[4 8],14,96,108,82,96
1,<environment.Job instance at 0x7f4288bbfb90>,20,12,[5 7],21,147,159,126,147
1,<environment.Job instance at 0x7f42d2aa88c0>,12,17,[6 3],13,159,176,146,147
1,<environment.Job instance at 0x7f42d2d627d0>,22,17,[8 5],23,176,193,153,164
1,<environment.Job instance at 0x7f42d2cd8640>,29,14,[6 2],30,193,207,163,186
1,<environment.Job instance at 0x7f42d26bf190>,7,18,[9 2],8,52,70,44,52
1,<environment.Job instance at 0x7f42d30b1280>,9,18,[4 9],10,57,75,47,57
1,<environment.Job instance at 0x7f42d30b1500>,12,28,[1 5],13,82,110,69,82
1,<environment.Job instance at 0x7f42d30b1410>,16,14,[5 6],17,110,124,93,99
1,<environment.Job instance at 0x7f42d2f8d230>,5,14,[8 3],6,7,21,1,7
1,<environment.Job instance at 0x7f42d2f8d910>,7,17,[9 4],8,25,42,17,25
1,<environment.Job instance at 0x7f42d30b1730>,2,17,[10  5],3,131,148,128,131
1,<environment.Job instance at 0x7f42d270f640>,26,12,[5 1],27,248,260,221,248
1,<environment.Job instance at 0x7f42882d4e60>,27,16,[7 4],28,260,276,232,249
1,<environment.Job instance at 0x7f42d2f8d3c0>,8,16,[10  4],9,276,292,267,274
1,<environment.Job instance at 0x7f4288a516e0>,36,13,[5 5],37,318,331,281,318
1,<environment.Job instance at 0x7f42d300c8c0>,7,21,[5 1],8,50,71,42,50
1,<environment.Job instance at 0x7f428856db90>,14,14,[7 4],15,89,103,74,89
1,<environment.Job instance at 0x7f42d2f88a00>,4,14,[1 5],5,23,37,18,23
1,<environment.Job instance at 0x7f42885eedc0>,15,18,[2 6],16,127,145,111,127
1,<environment.Job instance at 0x7f42d2837370>,16,16,[5 6],17,145,161,128,133
1,<environment.Job instance at 0x7f4288c5d0f0>,9,18,[6 2],10,236,254,226,236
1,<environment.Job instance at 0x7f4288995c80>,26,17,[1 8],27,249,266,222,249
1,<environment.Job instance at 0x7f42d2e75370>,2,19,[9 5],3,22,41,19,22
1,<environment.Job instance at 0x7f42d2955d20>,8,12,[5 4],9,41,53,32,25
1,<environment.Job instance at 0x7f4288a54e10>,2,17,[1 6],3,5,22,2,5
1,<environment.Job instance at 0x7f42d22f0500>,7,13,[5 5],8,22,35,14,8
1,<environment.Job instance at 0x7f428886cfa0>,0,15,[1 7],1,4,19,3,4
1,<environment.Job instance at 0x7f42d2d307d0>,2,15,[5 7],3,19,34,16,6
1,<environment.Job instance at 0x7f42d2505640>,5,13,[8 2],6,34,47,28,21
1,<environment.Job instance at 0x7f4288addcd0>,13,17,[1 6],14,73,90,59,73
1,<environment.Job instance at 0x7f30c4875640>,11,15,[6 1],12,72,87,60,72
1,<environment.Job instance at 0x7f30c4875a00>,2,17,[4 7],3,4,21,1,4
1,<environment.Job instance at 0x7f30c4875b90>,1,14,[ 5 10],2,21,35,19,21
1,<environment.Job instance at 0x7f3086c5d640>,5,24,[3 7],6,35,59,29,31
1,<environment.Job instance at 0x7f3086c673c0>,14,23,[6 4],15,96,119,81,96
1,<environment.Job instance at 0x7f3086c67780>,17,16,[1 7],18,122,138,104,122
1,<environment.Job instance at 0x7f3086c67aa0>,16,17,[9 2],17,123,140,106,123
1,<environment.Job instance at 0x7f3086c5e780>,3,17,[5 9],4,6,23,2,6
1,<environment.Job instance at 0x7f3086acf1e0>,18,14,[3 6],19,185,199,166,185
1,<environment.Job instance at 0x7f30c4986910>,4,13,[5 5],5,6,19,1,6
1,<environment.Job instance at 0x7f30c49860f0>,6,18,[6 3],7,19,37,12,8
1,<environment.Job instance at 0x7f30c4fd2050>,10,14,[9 5],11,37,51,26,35
1,<environment.Job instance at 0x7f30c485ff50>,18,15,[1 7],19,124,139,105,124
1,<environment.Job instance at 0x7f30c4f55230>,19,14,[7 2],20,124,138,104,124
1,<environment.Job instance at 0x7f30c533f4b0>,2,23,[5 8],3,6,29,3,6
1,<environment.Job instance at 0x7f30c4ef4cd0>,8,12,[1 7],9,55,67,46,55
1,<environment.Job instance at 0x7f3086e9c0a0>,9,17,[8 4],10,67,84,57,55
1,<environment.Job instance at 0x7f30c47f2fa0>,19,16,[ 4 10],20,130,146,110,130
1,<environment.Job instance at 0x7f30c4829640>,4,20,[5 3],5,18,38,13,18
1,<environment.Job instance at 0x7f30c5400410>,20,20,[2 8],21,210,230,189,210
1,<environment.Job instance at 0x7f308716b1e0>,0,18,[1 6],1,4,22,3,4
1,<environment.Job instance at 0x7f30c5323f00>,2,12,[9 4],3,4,16,1,4
1,<environment.Job instance at 0x7f30c4734460>,10,14,[3 5],11,23,37,12,23
1,<environment.Job instance at 0x7f30c4fd29b0>,14,16,[3 9],15,170,186,155,170
1,<environment.Job instance at 0x7f30c4d69d20>,18,14,[6 3],19,188,202,169,188
1,<environment.Job instance at 0x7f30c4c4eaa0>,23,13,[7 4],24,260,273,236,260
1,<environment.Job instance at 0x7f3086e1d3c0>,2,17,[10  2],3,25,42,22,25
1,<environment.Job instance at 0x7f30c4608af0>,6,17,[8 5],7,7,24,0,7
1,<environment.Job instance at 0x7f30c4608730>,8,13,[2 8],9,24,37,15,9
1,<environment.Job instance at 0x7f30869ef2d0>,3,15,[ 5 10],4,49,64,45,49
1,<environment.Job instance at 0x7f308687aa50>,9,22,[2 6],10,40,62,30,40
1,<environment.Job instance at 0x7f308687a050>,8,12,[5 4],9,40,52,31,40
1,<environment.Job instance at 0x7f30c4e58aa0>,2,12,[9 2],3,3,15,0,3
1,<environment.Job instance at 0x7f30c4947a00>,0,12,[7 4],1,5,17,4,5
1,<environment.Job instance at 0x7f30c5195690>,8,15,[4 7],9,44,59,35,44
1,<environment.Job instance at 0x7f30c5195320>,11,13,[7 2],12,59,72,47,47
1,<environment.Job instance at 0x7f30c4a2a9b0>,2,17,[5 6],3,11,28,8,11
1,<environment.Job instance at 0x7fe9be4d0190>,0,17,[6 1],1,4,21,3,4
1,<environment.Job instance at 0x7fe9bd371690>,11,15,[6 1],12,88,103,76,88
1,<environment.Job instance at 0x7fe9734ba1e0>,6,17,[9 2],7,28,45,21,28
1,<environment.Job instance at 0x7fe9be638230>,15,13,[5 5],16,174,187,158,174
1,<environment.Job instance at 0x7fe9bd1485a0>,10,12,[ 1 10],11,317,329,306,317
1,<environment.Job instance at 0x7fe9bd8c5640>,29,13,[1 7],30,329,342,299,317
1,<environment.Job instance at 0x7fe9bd155230>,2,18,[2 5],3,3,21,0,3
1,<environment.Job instance at 0x7fe9bde19c80>,10,15,[2 7],11,27,42,16,27
1,<environment.Job instance at 0x7fe9bd733dc0>,11,16,[6 1],12,28,44,16,28
1,<environment.Job instance at 0x7fe9bd733410>,1,17,[2 7],2,8,25,6,8
1,<environment.Job instance at 0x7fe9736cc410>,10,14,[9 2],11,71,85,60,71
1,<environment.Job instance at 0x7fe9bd1941e0>,17,16,[5 2],18,213,229,195,213
1,<environment.Job instance at 0x7fe97371ad70>,20,13,[1 8],21,259,272,238,259
1,<environment.Job instance at 0x7fe9bdd32320>,8,13,[4 5],9,43,56,34,43
1,<environment.Job instance at 0x7fe97383b3c0>,4,12,[3 7],5,6,18,1,6
1,<environment.Job instance at 0x7fe9bd735280>,8,14,[5 7],9,112,126,103,112
1,<environment.Job instance at 0x7fe9bde9d780>,2,27,[8 4],3,3,30,0,3
1,<environment.Job instance at 0x7fe9bd9309b0>,3,16,[7 4],4,30,46,26,26
1,<environment.Job instance at 0x7fe9732c9eb0>,17,28,[2 8],18,181,209,163,181
1,<environment.Job instance at 0x7fe9732f1460>,23,13,[7 3],24,267,280,243,267
1,<environment.Job instance at 0x7fe9732f1780>,28,16,[4 8],29,343,359,314,343
1,<environment.Job instance at 0x7fe9732ea190>,46,17,[10  5],47,1755,1772,1708,1755
1,<environment.Job instance at 0x7fe9bd6804b0>,13,12,[4 8],14,100,112,86,100
1,<environment.Job instance at 0x7fe9bd680870>,20,12,[5 7],21,142,154,121,142
1,<environment.Job instance at 0x7fe9bd1c9d70>,21,18,[6 5],22,154,172,132,145
1,<environment.Job instance at 0x7fe973936a50>,22,17,[8 5],23,172,189,149,169
1,<environment.Job instance at 0x7fe9bd94e1e0>,27,12,[3 5],28,192,204,164,192
1,<environment.Job instance at 0x7fe9bde99550>,29,14,[6 2],30,192,206,162,192
1,<environment.Job instance at 0x7fe9bde145a0>,37,14,[5 4],38,290,304,252,290
1,<environment.Job instance at 0x7fe9be636f50>,0,17,[2 7],1,79,96,78,79
1,<environment.Job instance at 0x7fe9bd1f8d20>,3,15,[ 4 10],4,141,156,137,141
1,<environment.Job instance at 0x7fe9be04bb90>,8,17,[4 5],9,168,185,159,168
1,<environment.Job instance at 0x7fe973475a50>,17,13,[6 3],18,192,205,174,192
1,<environment.Job instance at 0x7fe9bd933820>,22,12,[5 9],23,215,227,192,215
1,<environment.Job instance at 0x7fe9bd0f3730>,26,12,[5 7],27,227,239,200,215
1,<environment.Job instance at 0x7fe97370c410>,2,16,[6 1],3,4,20,1,4
1,<environment.Job instance at 0x7fe9bd6a3960>,14,12,[7 4],15,95,107,80,95
1,<environment.Job instance at 0x7fe9bdd66870>,13,24,[5 3],14,185,209,171,185
1,<environment.Job instance at 0x7fe9bd2ea190>,3,17,[7 1],4,4,21,0,4
1,<environment.Job instance at 0x7fe97358a690>,16,15,[8 5],17,91,106,74,91
1,<environment.Job instance at 0x7fe97358a370>,14,18,[2 7],15,106,124,91,103
1,<environment.Job instance at 0x7fe97353db40>,2,20,[3 9],3,72,92,69,72
1,<environment.Job instance at 0x7fe9bda54dc0>,13,16,[8 2],14,94,110,80,94
1,<environment.Job instance at 0x7fe9736f0730>,0,13,[4 6],1,3,16,2,3
1,<environment.Job instance at 0x7fe9730c7910>,1,14,[1 8],2,16,30,14,6
1,<environment.Job instance at 0x7fe9bd275320>,9,16,[ 1 10],10,30,46,20,21
1,<environment.Job instance at 0x7fe9bd7d76e0>,12,20,[9 5],13,46,66,33,43
1,<environment.Job instance at 0x7fe97326cc80>,3,18,[9 2],4,5,23,1,5
1,<environment.Job instance at 0x7fe978ef8d70>,1,16,[10  4],2,6,22,4,6
1,<environment.Job instance at 0x7fe9bd1b3e60>,0,12,[7 4],1,3,15,2,3
1,<environment.Job instance at 0x7fe9bd193460>,8,15,[4 7],9,24,39,15,24
1,<environment.Job instance at 0x7fe9bd193640>,11,13,[7 2],12,39,52,27,29
1,<environment.Job instance at 0x7fe9bd3e18c0>,9,16,[9 5],10,134,150,124,134
1,<environment.Job instance at 0x7fe9bdd8b640>,16,13,[ 4 10],17,155,168,138,155
1,<environment.Job instance at 0x7fe9738f8f00>,22,12,[3 8],23,251,263,228,251
1,<environment.Job instance at 0x7fe9bdce6e60>,1,18,[4 9],2,5,23,3,5
1,<environment.Job instance at 0x7fe9bd157a50>,4,13,[9 3],5,44,57,39,44
1,<environment.Job instance at 0x7fe9bd662c30>,8,15,[ 2 10],9,57,72,48,44
1,<environment.Job instance at 0x7fe973743870>,11,12,[3 6],12,72,84,60,68
1,<environment.Job instance at 0x7f2ec071d780>,13,13,[10  3],14,95,108,81,95
1,<environment.Job instance at 0x7f2e766e25a0>,8,14,[7 1],9,12,26,3,12
1,<environment.Job instance at 0x7f2ec071db90>,3,15,[9 5],4,26,41,22,16
1,<environment.Job instance at 0x7f2e76729e10>,5,17,[7 4],6,67,84,61,67
1,<environment.Job instance at 0x7f2ec086cc30>,9,14,[1 7],10,110,124,100,110
1,<environment.Job instance at 0x7f2ec086c050>,10,18,[7 5],11,186,204,175,186
1,<environment.Job instance at 0x7f2ec0b3e7d0>,0,14,[2 7],1,4,18,3,4
1,<environment.Job instance at 0x7f2e7694c2d0>,1,14,[5 7],2,18,32,16,6
1,<environment.Job instance at 0x7f2ec0b71c30>,2,19,[2 5],3,3,22,0,3
1,<environment.Job instance at 0x7f2ec06dba00>,0,18,[5 5],1,26,44,25,26
1,<environment.Job instance at 0x7f2ec0d2e280>,11,16,[8 3],12,154,170,142,154
1,<environment.Job instance at 0x7f2ec0d2e230>,12,16,[4 6],13,186,202,173,186
1,<environment.Job instance at 0x7f2ec0d48320>,20,16,[3 7],21,212,228,191,212
1,<environment.Job instance at 0x7f2ec0d09550>,21,18,[5 5],22,228,246,206,217
1,<environment.Job instance at 0x7f2ec12a3320>,5,16,[4 8],6,7,23,1,7
1,<environment.Job instance at 0x7f2ec0604fa0>,8,17,[4 8],9,70,87,61,70
1,<environment.Job instance at 0x7f2e76a70e60>,3,16,[1 9],4,4,20,0,4
1,<environment.Job instance at 0x7f2e76d94b90>,3,16,[1 5],4,5,21,1,5
1,<environment.Job instance at 0x7f2ec0d51280>,11,12,[1 9],12,66,78,54,66
1,<environment.Job instance at 0x7f2ec0d36460>,18,16,[7 3],19,157,173,138,157
1,<environment.Job instance at 0x7f2ec0d4ff00>,22,17,[10  5],23,225,242,202,225
1,<environment.Job instance at 0x7f2ec1256eb0>,3,14,[1 7],4,4,18,0,4
1,<environment.Job instance at 0x7f2e76aa7910>,4,17,[1 7],5,24,41,19,24
1,<environment.Job instance at 0x7f2ec0ec5b40>,9,15,[6 4],10,80,95,70,80
1,<environment.Job instance at 0x7f2ec0cf7820>,1,14,[3 8],2,95,109,93,80
1,<environment.Job instance at 0x7f2ec0ec5eb0>,8,13,[1 5],9,81,94,72,81
1,<environment.Job instance at 0x7f2ec13b2d70>,4,18,[8 5],5,109,127,104,106
1,<environment.Job instance at 0x7f2e767014b0>,5,16,[1 8],6,7,23,1,7
1,<environment.Job instance at 0x7f2e76969d70>,0,15,[7 3],1,2,17,1,2
1,<environment.Job instance at 0x7f2ec0697050>,2,15,[8 2],3,30,45,27,30
1,<environment.Job instance at 0x7f2ec1168fa0>,13,17,[2 5],14,79,96,65,79
1,<environment.Job instance at 0x7f2ec11681e0>,15,17,[1 5],16,94,111,78,94
1,<environment.Job instance at 0x7f2e76a1deb0>,0,15,[1 7],1,4,19,3,4
1,<environment.Job instance at 0x7f2e76a1d1e0>,2,15,[5 7],3,19,34,16,7
1,<environment.Job instance at 0x7f2e765a3a50>,9,12,[3 8],10,34,46,24,24
1,<environment.Job instance at 0x7f2e765a31e0>,10,13,[5 5],11,48,61,37,48
1,<environment.Job instance at 0x7f2e76c2d5a0>,13,17,[1 6],14,93,110,79,93
1,<environment.Job instance at 0x7f2e76c2d5a0>,2,17,[5 6],3,4,21,1,4
1,<environment.Job instance at 0x7f2ec0cf4d70>,6,13,[3 8],7,21,34,14,11
1,<environment.Job instance at 0x7f2ec0e790a0>,19,16,[9 5],20,837,853,817,837
1,<environment.Job instance at 0x7f2e76988b40>,1,18,[4 9],2,3,21,1,3
1,<environment.Job instance at 0x7f2e76988b90>,4,13,[9 3],5,21,34,16,5
1,<environment.Job instance at 0x7f2ec0884410>,8,15,[ 2 10],9,44,59,35,44
1,<environment.Job instance at 0x7f2ec08842d0>,11,12,[3 6],12,67,79,55,67
1,<environment.Job instance at 0x7f2ec0884a50>,12,18,[ 3 10],13,79,97,66,68
1,<environment.Job instance at 0x7f2ec10b0140>,3,12,[3 8],4,6,18,2,6
1,<environment.Job instance at 0x7f2ec10b0a00>,4,19,[4 6],5,18,37,13,8
1,<environment.Job instance at 0x7f2e769884b0>,2,16,[2 5],3,37,53,34,24
1,<environment.Job instance at 0x7f2ec09be9b0>,28,18,[9 1],29,309,327,280,309
1,<environment.Job instance at 0x7f5fd190a460>,1,15,[5 2],2,3,18,1,3
1,<environment.Job instance at 0x7f5fc64fdbe0>,5,18,[7 5],6,18,36,12,9
1,<environment.Job instance at 0x7f5fd18568c0>,22,18,[5 5],23,144,162,121,144
1,<environment.Job instance at 0x7f5fd18566e0>,28,13,[1 5],29,226,239,197,226
1,<environment.Job instance at 0x7f5fd1856690>,29,15,[4 7],30,239,254,209,226
1,<environment.Job instance at 0x7f5fd190a5f0>,1,15,[6 2],2,2,17,0,2
1,<environment.Job instance at 0x7f5f868aafa0>,0,15,[6 2],1,17,32,16,3
1,<environment.Job instance at 0x7f5f86928dc0>,5,13,[2 6],6,75,88,69,75
1,<environment.Job instance at 0x7f5f86928f00>,10,15,[8 3],11,75,90,64,75
1,<environment.Job instance at 0x7f5f867a4d20>,23,16,[7 1],24,1478,1494,1454,1478
1,<environment.Job instance at 0x7f5f86e94820>,8,17,[10  2],9,121,138,112,121
1,<environment.Job instance at 0x7f5f86eb0e10>,2,17,[8 5],3,3,20,0,3
1,<environment.Job instance at 0x7f5fc697b550>,4,19,[10  4],5,20,39,15,11
1,<environment.Job instance at 0x7f5fc67388c0>,7,14,[8 5],8,134,148,126,134
1,<environment.Job instance at 0x7f5fc922c3c0>,0,17,[2 8],1,2,19,1,2
1,<environment.Job instance at 0x7f5fc8ea6b90>,18,13,[1 7],19,149,162,130,149
1,<environment.Job instance at 0x7f5fc6506690>,5,14,[9 5],6,7,21,1,7
1,<environment.Job instance at 0x7f5fc6706f00>,10,16,[ 1 10],11,34,50,23,34
1,<environment.Job instance at 0x7f5f86dc65a0>,1,16,[1 8],2,2,18,0,2
1,<environment.Job instance at 0x7f5f86dc6690>,4,12,[3 5],5,75,87,70,75
1,<environment.Job instance at 0x7f5fc68e8640>,5,14,[5 8],6,87,101,81,75
1,<environment.Job instance at 0x7f5f86d8b2d0>,19,16,[2 5],20,222,238,202,222
1,<environment.Job instance at 0x7f5fc691c7d0>,3,17,[6 1],4,17,34,13,17
1,<environment.Job instance at 0x7f5fc8b56aa0>,8,17,[7 3],9,34,51,25,23
1,<environment.Job instance at 0x7f5f86b3a410>,1,18,[5 8],2,88,106,86,88
1,<environment.Job instance at 0x7f5f86aa5d70>,21,17,[10  4],22,137,154,115,137
1,<environment.Job instance at 0x7f5f86ddc410>,23,16,[8 4],24,154,170,130,142
1,<environment.Job instance at 0x7f5f865caeb0>,26,15,[5 7],27,180,195,153,180
1,<environment.Job instance at 0x7f5fc696fe60>,7,14,[ 3 10],8,129,143,121,129
1,<environment.Job instance at 0x7f5fc69803c0>,15,25,[4 9],16,489,514,473,489
1,<environment.Job instance at 0x7f5fc6980500>,17,14,[7 5],18,1836,1850,1818,1836
1,<environment.Job instance at 0x7f5fc6980820>,22,14,[9 5],23,1873,1887,1850,1873
1,<environment.Job instance at 0x7f5fc69807d0>,1,17,[2 7],2,4,21,2,4
1,<environment.Job instance at 0x7f5fc6a2b7d0>,5,12,[4 8],6,22,34,16,22
1,<environment.Job instance at 0x7f5fc69808c0>,2,14,[4 9],3,34,48,31,29
1,<environment.Job instance at 0x7f5fc8f5b230>,1,15,[10  1],2,4,19,2,4
1,<environment.Job instance at 0x7f5fc8a720f0>,18,13,[1 8],19,118,131,99,118
1,<environment.Job instance at 0x7f5fd188e910>,3,18,[6 5],4,59,77,55,59
1,<environment.Job instance at 0x7f5f86a2fcd0>,8,12,[1 7],9,77,89,68,68
1,<environment.Job instance at 0x7f5fc62ce500>,2,14,[8 3],3,3,17,0,3
1,<environment.Job instance at 0x7f5fc66f7b90>,14,15,[5 8],15,114,129,99,114
1,<environment.Job instance at 0x7f5f86c735a0>,5,14,[4 7],6,7,21,1,7
1,<environment.Job instance at 0x7f5f86c73cd0>,6,16,[9 4],7,21,37,14,10
1,<environment.Job instance at 0x7f5fc8a674b0>,1,17,[3 5],2,2,19,0,2
1,<environment.Job instance at 0x7f5f86d0a960>,3,14,[6 1],4,4,18,0,4
1,<environment.Job instance at 0x7f5fc686b410>,14,17,[10  4],15,115,132,100,115
1,<environment.Job instance at 0x7f5f86a61a00>,20,14,[3 7],21,132,146,111,123
1,<environment.Job instance at 0x7f5fc644c820>,1,16,[6 3],2,3,19,1,3
1,<environment.Job instance at 0x7f5fc8e5e280>,16,15,[9 4],17,216,231,199,216
1,<environment.Job instance at 0x7f5fc8e5ea00>,18,14,[5 7],19,237,251,218,237
1,<environment.Job instance at 0x7f5fc8e5e140>,10,18,[10  5],11,251,269,240,241
1,<environment.Job instance at 0x7f5f86baba50>,9,18,[3 8],10,85,103,75,85
1,<environment.Job instance at 0x7f5f86b4da00>,25,16,[1 7],26,222,238,196,222
1,<environment.Job instance at 0x7fb369272460>,1,15,[5 2],2,3,18,1,3
1,<environment.Job instance at 0x7fb368115be0>,5,18,[7 5],6,44,62,38,44
1,<environment.Job instance at 0x7fb368115dc0>,11,14,[10  4],12,62,76,50,47
1,<environment.Job instance at 0x7fb36811ec80>,2,24,[ 3 10],3,5,29,2,5
1,<environment.Job instance at 0x7fb3693e5370>,11,13,[7 2],12,48,61,36,48
1,<environment.Job instance at 0x7fb3693e5820>,16,18,[ 2 10],17,61,79,44,50
1,<environment.Job instance at 0x7fb3693e8230>,20,19,[8 4],21,91,110,70,91
1,<environment.Job instance at 0x7fb32a3bb730>,0,15,[9 2],1,21,36,20,21
1,<environment.Job instance at 0x7fb32a3b8050>,8,19,[1 9],9,36,55,27,27
1,<environment.Job instance at 0x7fb32a3b8a50>,2,14,[4 7],3,3,17,0,3
1,<environment.Job instance at 0x7fb32a3b8d20>,1,13,[ 4 10],2,93,106,91,93
1,<environment.Job instance at 0x7fb32a7e26e0>,10,17,[2 6],11,143,160,132,143
1,<environment.Job instance at 0x7fb32a634cd0>,4,12,[8 2],5,50,62,45,50
1,<environment.Job instance at 0x7fb32a70dc80>,8,13,[1 7],9,50,63,41,50
1,<environment.Job instance at 0x7fb3682c0820>,3,14,[4 9],4,63,77,59,50
1,<environment.Job instance at 0x7fb32a70d410>,6,18,[8 1],7,77,95,70,66
1,<environment.Job instance at 0x7fb32aa3a9b0>,18,15,[4 9],19,128,143,109,128
1,<environment.Job instance at 0x7fb32aa3a870>,20,14,[3 6],21,155,169,134,155
1,<environment.Job instance at 0x7fb32a70d0f0>,12,15,[10  5],13,191,206,178,191
1,<environment.Job instance at 0x7fb32a99d280>,25,12,[9 3],26,222,234,196,222
1,<environment.Job instance at 0x7fb368a81910>,0,14,[8 1],1,19,33,18,19
1,<environment.Job instance at 0x7fb367ece460>,12,14,[ 4 10],13,69,83,56,69
1,<environment.Job instance at 0x7fb367ece5f0>,14,17,[2 5],15,83,100,68,71
1,<environment.Job instance at 0x7fb367ece050>,15,14,[8 2],16,83,97,67,71
1,<environment.Job instance at 0x7fb3683e3d70>,5,15,[7 2],6,7,22,1,7
1,<environment.Job instance at 0x7fb32a854cd0>,4,13,[ 5 10],5,22,35,17,16
1,<environment.Job instance at 0x7fb32a87faa0>,9,15,[2 6],10,36,51,26,36
1,<environment.Job instance at 0x7fb3689bd0a0>,1,17,[2 7],2,4,21,2,4
1,<environment.Job instance at 0x7fb32a87ff00>,2,14,[4 9],3,49,63,46,49
1,<environment.Job instance at 0x7fb3685ad230>,1,18,[5 7],2,4,22,2,4
1,<environment.Job instance at 0x7fb368057050>,9,22,[1 7],10,27,49,17,27
1,<environment.Job instance at 0x7fb368c95690>,7,18,[9 1],8,55,73,47,55
1,<environment.Job instance at 0x7fb368c95b40>,9,27,[5 1],10,108,135,98,108
1,<environment.Job instance at 0x7fb368c800a0>,18,13,[5 3],19,149,162,130,149
1,<environment.Job instance at 0x7fb32a34f4b0>,7,15,[6 2],8,10,25,2,10
1,<environment.Job instance at 0x7fb32a2d9aa0>,4,18,[8 3],5,25,43,20,17
1,<environment.Job instance at 0x7fb3683ec910>,11,17,[3 5],12,480,497,468,480
1,<environment.Job instance at 0x7fb32a5f65f0>,16,15,[9 4],17,257,272,240,257
1,<environment.Job instance at 0x7fb32a5f61e0>,2,15,[4 8],3,23,38,20,23
1,<environment.Job instance at 0x7fb367f38eb0>,7,17,[ 1 10],8,38,55,30,27
1,<environment.Job instance at 0x7fb32a916d70>,10,22,[8 3],11,55,77,44,51
1,<environment.Job instance at 0x7fb32a9370f0>,15,16,[1 7],16,100,116,84,100
1,<environment.Job instance at 0x7fb368c776e0>,0,15,[7 4],1,27,42,26,27
1,<environment.Job instance at 0x7fb32a41baf0>,7,16,[ 2 10],8,42,58,34,31
1,<environment.Job instance at 0x7fb368a235a0>,11,17,[2 5],12,58,75,46,48
1,<environment.Job instance at 0x7fb32a6b8dc0>,17,12,[10  1],18,135,147,117,135
1,<environment.Job instance at 0x7fb368a1c9b0>,20,12,[10  1],21,182,194,161,182
1,<environment.Job instance at 0x7fb368a1c370>,21,17,[1 9],22,194,211,172,183
1,<environment.Job instance at 0x7fb32a6dac30>,1,15,[2 7],2,5,20,3,5
1,<environment.Job instance at 0x7fb368a1c4b0>,4,13,[3 5],5,20,33,15,7
1,<environment.Job instance at 0x7fb367e80b40>,9,12,[7 4],10,20,32,10,10
1,<environment.Job instance at 0x7fb32a6da870>,5,16,[3 9],6,33,49,27,33
1,<environment.Job instance at 0x7fb36812f5a0>,7,16,[1 8],8,103,119,95,103
1,<environment.Job instance at 0x7fb36812f320>,10,13,[9 3],11,119,132,108,103
1,<environment.Job instance at 0x7fb32a50d280>,16,12,[2 7],17,132,144,115,130
1,<environment.Job instance at 0x7fb3686a99b0>,22,12,[1 7],23,206,218,183,206
1,<environment.Job instance at 0x7fb3686a9780>,23,15,[2 6],24,218,233,194,206
1,<environment.Job instance at 0x7ff7c3e67820>,1,15,[5 2],2,20,35,18,20
1,<environment.Job instance at 0x7ff7c2c80e10>,2,18,[5 5],3,3,21,0,3
1,<environment.Job instance at 0x7ff7c3f44c80>,4,14,[9 1],5,21,35,16,6
1,<environment.Job instance at 0x7ff778cc1820>,11,15,[6 2],12,71,86,59,71
1,<environment.Job instance at 0x7ff778cc1c30>,15,13,[2 6],16,120,133,104,120
1,<environment.Job instance at 0x7ff778f9c1e0>,2,18,[10  5],3,133,151,130,122
1,<environment.Job instance at 0x7ff778cb9a00>,20,15,[8 3],21,151,166,130,146
1,<environment.Job instance at 0x7ff778cb9320>,6,17,[10  4],7,47,64,40,47
1,<environment.Job instance at 0x7ff778cb9050>,9,17,[2 8],10,64,81,54,59
1,<environment.Job instance at 0x7ff7790d1370>,10,26,[5 5],11,114,140,103,114
1,<environment.Job instance at 0x7ff7790d14b0>,12,12,[2 7],13,148,160,135,148
1,<environment.Job instance at 0x7ff77906ec80>,10,17,[5 4],11,72,89,61,72
1,<environment.Job instance at 0x7ff7c2c560f0>,5,14,[8 2],6,58,72,52,58
1,<environment.Job instance at 0x7ff7c30d45f0>,2,14,[ 4 10],3,72,86,69,61
1,<environment.Job instance at 0x7ff7c2b7f8c0>,11,18,[5 8],12,86,104,74,82
1,<environment.Job instance at 0x7ff7c2b7fb40>,15,12,[ 2 10],16,104,116,88,88
1,<environment.Job instance at 0x7ff7c2b7fd20>,18,17,[7 3],19,116,133,97,104
1,<environment.Job instance at 0x7ff7c2b9e050>,23,18,[4 7],24,151,169,127,151
1,<environment.Job instance at 0x7ff7c2bccf00>,7,14,[7 5],8,23,37,15,23
1,<environment.Job instance at 0x7ff7c2afc3c0>,1,13,[6 1],2,5,18,3,5
1,<environment.Job instance at 0x7ff7c2afc870>,5,13,[ 5 10],6,18,31,12,6
1,<environment.Job instance at 0x7ff7c3302500>,21,15,[10  1],22,125,140,103,125
1,<environment.Job instance at 0x7ff779363190>,8,12,[1 7],9,77,89,68,77
1,<environment.Job instance at 0x7ff7791dc230>,3,18,[6 5],4,91,109,87,91
1,<environment.Job instance at 0x7ff7c2a26fa0>,0,13,[3 5],1,4,17,3,4
1,<environment.Job instance at 0x7ff7c2edf960>,17,18,[9 1],18,209,227,191,209
1,<environment.Job instance at 0x7ff7c2b7f6e0>,3,12,[7 1],4,4,16,0,4
1,<environment.Job instance at 0x7ff7c2b7f410>,2,14,[9 1],3,16,30,13,5
1,<environment.Job instance at 0x7ff7c2cfaf50>,8,17,[7 4],9,30,47,21,22
1,<environment.Job instance at 0x7ff7c31e0730>,2,23,[4 7],3,3,26,0,3
1,<environment.Job instance at 0x7ff7c2fc5fa0>,8,14,[5 7],9,52,66,43,52
1,<environment.Job instance at 0x7ff7c2cfaf50>,4,18,[10  1],5,66,84,61,63
1,<environment.Job instance at 0x7ff7c2fd78c0>,17,16,[4 8],18,173,189,155,173
1,<environment.Job instance at 0x7ff7c2f0aeb0>,6,25,[7 3],7,7,32,0,7
1,<environment.Job instance at 0x7ff779378eb0>,6,13,[4 5],7,19,32,12,19
1,<environment.Job instance at 0x7ff7789b39b0>,1,13,[9 2],2,2,15,0,2
1,<environment.Job instance at 0x7ff7c39a1c30>,8,12,[1 6],9,31,43,22,31
1,<environment.Job instance at 0x7ff7c39a1870>,10,14,[8 4],11,31,45,20,31
1,<environment.Job instance at 0x7ff7c39a1d20>,6,14,[4 8],7,45,59,38,32
1,<environment.Job instance at 0x7ff7c2e10aa0>,18,14,[5 7],19,147,161,128,147
1,<environment.Job instance at 0x7ff7c3644d20>,2,14,[10  1],3,12,26,9,12
1,<environment.Job instance at 0x7ff778fecdc0>,3,18,[3 8],4,26,44,22,15
1,<environment.Job instance at 0x7ff7789a2550>,19,16,[7 2],20,149,165,129,149
1,<environment.Job instance at 0x7ff778f284b0>,11,16,[4 6],12,91,107,79,91
1,<environment.Job instance at 0x7ff7791600f0>,12,15,[5 1],13,91,106,78,91
1,<environment.Job instance at 0x7f12f3cf5190>,1,15,[5 2],2,3,18,1,3
1,<environment.Job instance at 0x7f12ec8e64b0>,7,12,[7 2],8,20,32,12,20
1,<environment.Job instance at 0x7f12a8c16500>,7,13,[4 5],8,21,34,13,21
1,<environment.Job instance at 0x7f12a8bd0410>,0,15,[8 3],1,34,49,33,21
1,<environment.Job instance at 0x7f12a90a98c0>,10,17,[2 6],11,143,160,132,143
1,<environment.Job instance at 0x7f12a90a9370>,12,17,[8 5],13,167,184,154,167
1,<environment.Job instance at 0x7f12a8fdfb40>,12,13,[ 4 10],13,144,157,131,144
1,<environment.Job instance at 0x7f12a8fdfd20>,15,13,[2 5],16,157,170,141,151
1,<environment.Job instance at 0x7f12a8fd8aa0>,20,12,[4 7],21,194,206,173,194
1,<environment.Job instance at 0x7f12a8fd8190>,3,12,[ 1 10],4,6,18,2,6
1,<environment.Job instance at 0x7f12f3105e60>,10,16,[ 1 10],11,32,48,21,32
1,<environment.Job instance at 0x7f12a8f96640>,0,14,[8 1],1,19,33,18,19
1,<environment.Job instance at 0x7f12ec9eba00>,14,17,[2 5],15,93,110,78,93
1,<environment.Job instance at 0x7f12ecbced20>,15,14,[8 2],16,93,107,77,93
1,<environment.Job instance at 0x7f12a8eb15f0>,7,14,[7 5],8,23,37,15,23
1,<environment.Job instance at 0x7f12f333e4b0>,0,12,[1 5],1,3,15,2,3
1,<environment.Job instance at 0x7f12f3862c30>,12,20,[4 5],13,82,102,69,82
1,<environment.Job instance at 0x7f12ec755e60>,1,18,[5 7],2,2,20,0,2
1,<environment.Job instance at 0x7f12ec7558c0>,2,15,[6 2],3,20,35,17,6
1,<environment.Job instance at 0x7f12ec88b0f0>,10,19,[5 6],11,35,54,24,27
1,<environment.Job instance at 0x7f12a8df9a00>,10,16,[ 3 10],11,22,38,11,22
1,<environment.Job instance at 0x7f12a8df9780>,11,18,[5 5],12,38,56,26,27
1,<environment.Job instance at 0x7f12a8df98c0>,12,16,[5 5],13,38,54,25,27
1,<environment.Job instance at 0x7f12f3719280>,7,17,[5 7],8,20,37,12,20
1,<environment.Job instance at 0x7f12f3719b90>,9,17,[4 6],10,37,54,27,27
1,<environment.Job instance at 0x7f12f3719230>,16,13,[9 2],17,90,103,73,90
1,<environment.Job instance at 0x7f12f3719320>,12,17,[1 8],13,90,107,77,90
1,<environment.Job instance at 0x7f12f3719370>,21,16,[6 3],22,119,135,97,119
1,<environment.Job instance at 0x7f12f3f40820>,2,15,[4 8],3,23,38,20,23
1,<environment.Job instance at 0x7f12a8b1bfa0>,7,17,[ 1 10],8,38,55,30,29
1,<environment.Job instance at 0x7f12ecd020a0>,15,16,[1 7],16,143,159,127,143
1,<environment.Job instance at 0x7f12a8b1b960>,1,14,[ 4 10],2,208,222,206,208
1,<environment.Job instance at 0x7f12ecba0a00>,1,17,[1 9],2,6,23,4,6
1,<environment.Job instance at 0x7f12ec6e86e0>,0,12,[10  1],1,23,35,22,22
1,<environment.Job instance at 0x7f12ec749550>,9,17,[3 6],10,35,52,25,23
1,<environment.Job instance at 0x7f12a9092960>,6,13,[4 5],7,7,20,0,7
1,<environment.Job instance at 0x7f12f36ca870>,0,14,[8 4],1,3,17,2,3
1,<environment.Job instance at 0x7f12a8bb1be0>,17,22,[5 7],18,172,194,154,172
1,<environment.Job instance at 0x7f12a9033960>,5,16,[1 6],6,12,28,6,12
1,<environment.Job instance at 0x7f12a904ce60>,18,14,[1 7],19,137,151,118,137
1,<environment.Job instance at 0x7f12ec721280>,14,14,[3 7],15,134,148,119,134
1,<environment.Job instance at 0x7f12a9154410>,2,16,[8 2],3,3,19,0,3
1,<environment.Job instance at 0x7f12ec7dbe60>,6,13,[10  1],7,29,42,22,29
1,<environment.Job instance at 0x7f12ec7db140>,8,15,[ 5 10],9,42,57,33,30
1,<environment.Job instance at 0x7f12ec7db370>,10,15,[5 8],11,57,72,46,44
1,<environment.Job instance at 0x7f12ec7572d0>,20,18,[ 2 10],21,136,154,115,136
1,<environment.Job instance at 0x7f24ce860190>,1,15,[5 2],2,4,19,2,4
1,<environment.Job instance at 0x7f24ce860140>,5,18,[7 5],6,81,99,75,81
1,<environment.Job instance at 0x7f24c9450b40>,18,18,[3 6],19,152,170,133,152
1,<environment.Job instance at 0x7f24c9450d20>,20,18,[7 5],21,170,188,149,161
1,<environment.Job instance at 0x7f24c9450fa0>,23,18,[7 4],24,208,226,184,208
1,<environment.Job instance at 0x7f24ce88af50>,9,14,[6 1],10,45,59,35,45
1,<environment.Job instance at 0x7f24ce9c65a0>,2,14,[4 7],3,3,17,0,3
1,<environment.Job instance at 0x7f2483745a00>,5,19,[5 1],6,93,112,87,93
1,<environment.Job instance at 0x7f24837e41e0>,1,22,[6 1],2,22,44,20,22
1,<environment.Job instance at 0x7f2483b60c30>,7,20,[3 7],8,22,42,14,22
1,<environment.Job instance at 0x7f248373e3c0>,2,14,[3 5],3,42,56,39,27
1,<environment.Job instance at 0x7f248382b3c0>,19,16,[7 2],20,152,168,132,152
1,<environment.Job instance at 0x7f2483b55e10>,7,13,[7 5],8,50,63,42,50
1,<environment.Job instance at 0x7f24c95bd5a0>,0,17,[5 4],1,63,80,62,51
1,<environment.Job instance at 0x7f24c959fc80>,1,16,[1 8],2,4,20,2,4
1,<environment.Job instance at 0x7f2483ad9a00>,9,19,[6 4],10,60,79,50,60
1,<environment.Job instance at 0x7f2483ad9820>,4,12,[3 5],5,60,72,55,60
1,<environment.Job instance at 0x7f2483d1c190>,15,14,[3 6],16,141,155,125,141
1,<environment.Job instance at 0x7f2483d1c050>,18,13,[1 9],19,167,180,148,167
1,<environment.Job instance at 0x7f2483a4bd20>,5,15,[7 2],6,16,31,10,16
1,<environment.Job instance at 0x7f2483a216e0>,9,15,[2 6],10,35,50,25,35
1,<environment.Job instance at 0x7f2483a21a50>,15,17,[ 5 10],16,465,482,449,465
1,<environment.Job instance at 0x7f2483a215a0>,17,14,[ 3 10],18,777,791,759,777
1,<environment.Job instance at 0x7f24c9c079b0>,19,13,[6 2],20,791,804,771,777
1,<environment.Job instance at 0x7f2483a22960>,1,13,[6 1],2,5,18,3,5
1,<environment.Job instance at 0x7f2483a245a0>,5,13,[ 5 10],6,18,31,12,6
1,<environment.Job instance at 0x7f2483a248c0>,9,19,[ 4 10],10,46,65,36,46
1,<environment.Job instance at 0x7f24838cbcd0>,2,13,[1 8],3,65,78,62,59
1,<environment.Job instance at 0x7f2483a230f0>,21,15,[10  1],22,133,148,111,133
1,<environment.Job instance at 0x7f24c91fbb90>,1,18,[5 7],2,4,22,2,4
1,<environment.Job instance at 0x7f24c9407820>,10,19,[5 6],11,27,46,16,27
1,<environment.Job instance at 0x7f24c98b9050>,14,13,[5 5],15,70,83,55,70
1,<environment.Job instance at 0x7f24c9288be0>,1,16,[6 3],2,2,18,0,2
1,<environment.Job instance at 0x7f24835b1e60>,10,18,[10  5],11,114,132,103,114
1,<environment.Job instance at 0x7f24835c25a0>,17,21,[4 6],18,171,192,153,171
1,<environment.Job instance at 0x7f24835c2640>,18,14,[5 7],19,192,206,173,177
1,<environment.Job instance at 0x7f24c9ef6eb0>,12,18,[10  2],13,82,100,69,82
1,<environment.Job instance at 0x7f24837eccd0>,4,13,[3 5],5,5,18,0,5
1,<environment.Job instance at 0x7f24839a6320>,1,15,[2 7],2,18,33,16,5
1,<environment.Job instance at 0x7f24837ec280>,9,12,[7 4],10,33,45,23,16
1,<environment.Job instance at 0x7f24837ec550>,5,16,[3 9],6,45,61,39,33
1,<environment.Job instance at 0x7f248346db90>,11,12,[10  4],12,138,150,126,138
1,<environment.Job instance at 0x7f24c9e84a00>,4,14,[ 2 10],5,150,164,145,138
1,<environment.Job instance at 0x7f248346dcd0>,2,14,[10  1],3,4,18,1,4
1,<environment.Job instance at 0x7f24c984c2d0>,19,16,[7 2],20,189,205,169,189
1,<environment.Job instance at 0x7f24c9333230>,0,15,[5 8],1,5,20,4,5
1,<environment.Job instance at 0x7f24b2e70f00>,15,15,[3 9],16,124,139,108,124
1,<environment.Job instance at 0x7f24833e2d20>,19,13,[8 3],20,143,156,123,143
1,<environment.Job instance at 0x7f24ce560f50>,0,18,[9 3],1,4,22,3,4
1,<environment.Job instance at 0x7f248367c0a0>,6,17,[4 8],7,45,62,38,45
1,<environment.Job instance at 0x7f24ce560aa0>,1,17,[9 4],2,135,152,133,135
1,<environment.Job instance at 0x7f24c94a6e10>,20,12,[3 8],21,180,192,159,180
1,<environment.Job instance at 0x7f24c94a6870>,14,13,[10  1],15,192,205,177,180
1,<environment.Job instance at 0x7f24ce8360a0>,1,13,[4 5],2,3,16,1,3
1,<environment.Job instance at 0x7f24c94a6640>,3,14,[8 4],4,16,30,12,8
1,<environment.Job instance at 0x7f24836fa1e0>,9,16,[9 4],10,30,46,20,27
1,<environment.Job instance at 0x7f24836faf50>,11,17,[5 5],12,50,67,38,50
1,<environment.Job instance at 0x7f24ca108fa0>,13,13,[ 2 10],14,67,80,53,51
1,<environment.Job instance at 0x7f36bfa7b640>,1,15,[5 2],2,3,18,1,3
1,<environment.Job instance at 0x7f36ba628460>,5,18,[7 5],6,18,36,12,7
1,<environment.Job instance at 0x7f36ba628910>,11,14,[10  4],12,36,50,24,23
1,<environment.Job instance at 0x7f36bfa5fb40>,2,12,[10  1],3,3,15,0,3
1,<environment.Job instance at 0x7f36bfa62f50>,7,17,[5 6],8,44,61,36,44
1,<environment.Job instance at 0x7f36bfb9ec80>,10,15,[2 6],11,66,81,55,66
1,<environment.Job instance at 0x7f36bfba5d20>,17,21,[1 6],18,199,220,181,199
1,<environment.Job instance at 0x7f36749c2410>,8,17,[10  2],9,137,154,128,137
1,<environment.Job instance at 0x7f36749c2cd0>,16,17,[10  4],17,172,189,155,172
1,<environment.Job instance at 0x7f36749f7190>,7,14,[8 5],8,133,147,125,133
1,<environment.Job instance at 0x7f3674907780>,0,17,[2 6],1,4,21,3,4
1,<environment.Job instance at 0x7f3674d208c0>,8,17,[2 8],9,51,68,42,51
1,<environment.Job instance at 0x7f36bb1da5a0>,6,15,[9 2],7,38,53,31,38
1,<environment.Job instance at 0x7f36bb1da410>,8,17,[7 3],9,53,70,44,45
1,<environment.Job instance at 0x7f36bb2b73c0>,13,18,[4 7],14,70,88,56,66
1,<environment.Job instance at 0x7f36ba7b7af0>,23,16,[8 4],24,180,196,156,180
1,<environment.Job instance at 0x7f36ba7b7050>,25,27,[4 9],26,205,232,179,205
1,<environment.Job instance at 0x7f36ba7b7460>,2,14,[4 9],3,4,18,1,4
1,<environment.Job instance at 0x7f36babaddc0>,5,12,[4 8],6,40,52,34,40
1,<environment.Job instance at 0x7f36bae3f3c0>,10,16,[ 3 10],11,24,40,13,24
1,<environment.Job instance at 0x7f36bae3f370>,11,18,[5 5],12,40,58,28,39
1,<environment.Job instance at 0x7f3674d66cd0>,10,18,[10  5],11,124,142,113,124
1,<environment.Job instance at 0x7f3674d68550>,14,18,[10  1],15,196,214,181,196
1,<environment.Job instance at 0x7f36bf9270a0>,18,14,[5 7],19,224,238,205,224
1,<environment.Job instance at 0x7f36ba610b40>,3,14,[4 9],4,4,18,0,4
1,<environment.Job instance at 0x7f36ba42aaa0>,4,26,[6 1],5,5,31,0,5
1,<environment.Job instance at 0x7f36748d4320>,9,15,[5 5],10,40,55,30,40
1,<environment.Job instance at 0x7f36748d4e10>,11,12,[ 1 10],12,55,67,43,40
1,<environment.Job instance at 0x7f36bb0af1e0>,16,16,[5 6],17,120,136,103,120
1,<environment.Job instance at 0x7f36bfa19640>,19,13,[5 5],20,168,181,148,168
1,<environment.Job instance at 0x7f36ba610820>,0,14,[10  2],1,181,195,180,179
1,<environment.Job instance at 0x7f36ba7a1870>,26,13,[4 5],27,234,247,207,234
1,<environment.Job instance at 0x7f36ba49e1e0>,9,25,[ 3 10],10,46,71,36,46
1,<environment.Job instance at 0x7f36ba49e280>,8,14,[5 7],9,71,85,62,57
1,<environment.Job instance at 0x7f36ba6d0f50>,15,28,[9 3],16,97,125,81,97
1,<environment.Job instance at 0x7f36ba6d0b90>,2,19,[2 6],3,96,115,93,96
1,<environment.Job instance at 0x7f36747e2370>,13,16,[1 7],14,115,131,101,102
1,<environment.Job instance at 0x7f36747e22d0>,17,17,[5 7],18,131,148,113,124
1,<environment.Job instance at 0x7f36bacb3370>,4,19,[7 3],5,5,24,0,5
1,<environment.Job instance at 0x7f36747e39b0>,9,13,[5 8],10,28,41,18,28
1,<environment.Job instance at 0x7f36bae11370>,3,14,[10  5],4,26,40,22,26
1,<environment.Job instance at 0x7f3674bd0230>,0,12,[2 5],1,3,15,2,3
1,<environment.Job instance at 0x7f36ba5fd9b0>,5,14,[8 5],6,49,63,43,49
1,<environment.Job instance at 0x7f3674b7f0a0>,20,18,[9 3],21,167,185,146,167
1,<environment.Job instance at 0x7f3674b99460>,3,19,[ 2 10],4,8,27,4,8
1,<environment.Job instance at 0x7f3674fa0d70>,1,14,[1 9],2,74,88,72,74
1,<environment.Job instance at 0x7f36ba4e0370>,11,15,[7 1],12,74,89,62,74
1,<environment.Job instance at 0x7f36ba4e0fa0>,13,12,[8 4],14,94,106,80,94
1,<environment.Job instance at 0x7f36ba4e0e10>,19,16,[ 1 10],20,256,272,236,256
1,<environment.Job instance at 0x7f36bacb6aa0>,27,18,[9 3],28,272,290,244,270
1,<environment.Job instance at 0x7f36bacb6140>,32,14,[4 7],33,303,317,270,303
1,<environment.Job instance at 0x7f36baa6e9b0>,39,23,[3 9],40,963,986,923,963
1,<environment.Job instance at 0x7f36baa6e640>,1,19,[5 4],2,23,42,21,23
1,<environment.Job instance at 0x7f36747ad500>,12,16,[1 7],13,118,134,105,118
1,<environment.Job instance at 0x7f36bacb3d20>,19,15,[9 2],20,296,311,276,296
1,<environment.Job instance at 0x7f3674799230>,21,17,[7 5],22,313,330,291,313
1,<environment.Job instance at 0x7f042460e640>,1,15,[5 2],2,3,18,1,3
1,<environment.Job instance at 0x7f042346c7d0>,9,17,[8 1],10,18,35,8,10
1,<environment.Job instance at 0x7f042346c6e0>,11,14,[10  4],12,35,49,23,21
1,<environment.Job instance at 0x7f04234876e0>,0,15,[2 6],1,44,59,43,44
1,<environment.Job instance at 0x7f04247385f0>,10,15,[9 2],11,59,74,48,45
1,<environment.Job instance at 0x7f0424738640>,13,16,[1 8],14,65,81,51,65
1,<environment.Job instance at 0x7f042473ad70>,25,16,[5 2],26,2334,2350,2308,2334
1,<environment.Job instance at 0x7f03d94b58c0>,0,12,[5 9],1,5,17,4,5
1,<environment.Job instance at 0x7f03d94acb40>,10,15,[ 5 10],11,50,65,39,50
1,<environment.Job instance at 0x7f03d94b53c0>,7,15,[5 6],8,78,93,70,78
1,<environment.Job instance at 0x7f03d940a190>,2,13,[ 4 10],3,3,16,0,3
1,<environment.Job instance at 0x7f03d940a7d0>,3,16,[2 8],4,16,32,12,4
1,<environment.Job instance at 0x7f03d940a550>,5,13,[2 5],6,32,45,26,29
1,<environment.Job instance at 0x7f03d940af00>,9,19,[1 8],10,45,64,35,40
1,<environment.Job instance at 0x7f04236ad0f0>,5,17,[ 5 10],6,121,138,115,121
1,<environment.Job instance at 0x7f03d9ade870>,17,18,[9 1],18,2017,2035,1999,2017
1,<environment.Job instance at 0x7f042388d780>,7,17,[5 7],8,9,26,1,9
1,<environment.Job instance at 0x7f042388ddc0>,10,13,[3 8],11,46,59,35,46
1,<environment.Job instance at 0x7f042388dd20>,6,15,[6 1],7,49,64,42,49
1,<environment.Job instance at 0x7f042388db90>,5,18,[1 6],6,59,77,53,51
1,<environment.Job instance at 0x7f03d94b6fa0>,14,17,[1 9],15,77,94,62,68
1,<environment.Job instance at 0x7f03d9497f00>,21,16,[6 3],22,107,123,85,107
1,<environment.Job instance at 0x7f0423a24460>,0,17,[2 6],1,3,20,2,3
1,<environment.Job instance at 0x7f0423739f00>,3,14,[4 9],4,6,20,2,6
1,<environment.Job instance at 0x7f03d94c4b90>,7,20,[3 6],8,46,66,38,46
1,<environment.Job instance at 0x7f03d94c4b40>,9,15,[5 5],10,66,81,56,52
1,<environment.Job instance at 0x7f0423739780>,0,14,[10  2],1,172,186,171,172
1,<environment.Job instance at 0x7f03d94fc500>,23,14,[4 5],24,218,232,194,218
1,<environment.Job instance at 0x7f03d94fc280>,19,13,[5 5],20,218,231,198,218
1,<environment.Job instance at 0x7f03d94fc780>,26,13,[4 5],27,231,244,204,218
1,<environment.Job instance at 0x7f042365c460>,9,26,[3 8],10,28,54,18,28
1,<environment.Job instance at 0x7f042365c820>,16,18,[1 6],17,175,193,158,175
1,<environment.Job instance at 0x7f03d94ff410>,1,15,[8 2],2,2,17,0,2
1,<environment.Job instance at 0x7f0423f15640>,9,17,[9 4],10,60,77,50,60
1,<environment.Job instance at 0x7f0423f15690>,12,20,[5 3],13,83,103,70,83
1,<environment.Job instance at 0x7f0423f15280>,2,19,[8 1],3,3,22,0,3
1,<environment.Job instance at 0x7f0423487a50>,0,19,[5 8],1,25,44,24,25
1,<environment.Job instance at 0x7f0423f15050>,4,13,[6 5],5,44,57,39,43
1,<environment.Job instance at 0x7f0423bed0a0>,14,14,[4 7],15,57,71,42,52
1,<environment.Job instance at 0x7f04236e88c0>,4,14,[9 1],5,48,62,43,48
1,<environment.Job instance at 0x7f0423f0e050>,5,15,[3 9],6,62,77,56,52
1,<environment.Job instance at 0x7f04234a5910>,0,18,[ 2 10],1,80,98,79,80
1,<environment.Job instance at 0x7f03d92de1e0>,3,28,[5 5],4,4,32,0,4
1,<environment.Job instance at 0x7f03d99944b0>,5,17,[8 3],6,73,90,67,73
1,<environment.Job instance at 0x7f04232f91e0>,22,16,[5 2],23,194,210,171,194
1,<environment.Job instance at 0x7f04232f9c80>,23,20,[5 4],24,202,222,178,202
1,<environment.Job instance at 0x7f04232ed690>,25,12,[7 5],26,222,234,196,215
1,<environment.Job instance at 0x7f0423a76f00>,1,18,[1 5],2,3,21,1,3
1,<environment.Job instance at 0x7f03d9ae7370>,1,12,[2 8],2,4,16,2,4
1,<environment.Job instance at 0x7f04237e1730>,2,12,[7 3],3,3,15,0,3
1,<environment.Job instance at 0x7f0423456d20>,4,14,[5 5],5,15,29,10,5
1,<environment.Job instance at 0x7f0423e35410>,10,12,[5 5],11,67,79,56,67
1,<environment.Job instance at 0x7f0423d23f00>,11,15,[1 8],12,79,94,67,67
1,<environment.Job instance at 0x7f03d990c410>,14,12,[4 7],15,94,106,79,87
1,<environment.Job instance at 0x7f0423b59500>,3,16,[2 5],4,106,122,102,94
1,<environment.Job instance at 0x7f0423e35960>,19,14,[ 4 10],20,122,136,102,117
1,<environment.Job instance at 0x7f0423e352d0>,6,16,[2 6],7,138,154,131,138
1,<environment.Job instance at 0x7f0423bff320>,29,15,[4 7],30,249,264,219,249
1,<environment.Job instance at 0x7f4cb6aa9190>,1,15,[5 2],2,4,19,2,4
1,<environment.Job instance at 0x7f4cb6aa9140>,5,18,[7 5],6,44,62,38,44
1,<environment.Job instance at 0x7f4cb594a6e0>,11,14,[10  4],12,71,85,59,71
1,<environment.Job instance at 0x7f4cb5966dc0>,0,15,[9 2],1,22,37,21,22
1,<environment.Job instance at 0x7f4cb6ad0780>,9,19,[4 7],10,37,56,27,27
1,<environment.Job instance at 0x7f4cb6c169b0>,15,16,[5 2],16,90,106,74,90
1,<environment.Job instance at 0x7f4c6ba255a0>,12,17,[8 5],13,143,160,130,143
1,<environment.Job instance at 0x7f4c6b9526e0>,0,17,[5 4],1,50,67,49,50
1,<environment.Job instance at 0x7f4c6b952640>,6,18,[8 1],7,67,85,60,56
1,<environment.Job instance at 0x7f4c6b952eb0>,4,12,[8 2],5,85,97,80,70
1,<environment.Job instance at 0x7f4c6b952140>,12,15,[10  5],13,97,112,84,91
1,<environment.Job instance at 0x7f4c6ba5e3c0>,0,14,[8 1],1,19,33,18,19
1,<environment.Job instance at 0x7f4c6bd96320>,7,12,[1 6],8,31,43,23,31
1,<environment.Job instance at 0x7f4c6bd96640>,12,14,[ 4 10],13,70,84,57,70
1,<environment.Job instance at 0x7f4c6bd96780>,14,17,[2 5],15,84,101,69,77
1,<environment.Job instance at 0x7f4c6bd96820>,15,14,[8 2],16,84,98,68,77
1,<environment.Job instance at 0x7f4cb62429b0>,5,12,[4 8],6,22,34,16,22
1,<environment.Job instance at 0x7f4c6bd96910>,1,17,[2 7],2,34,51,32,25
1,<environment.Job instance at 0x7f4c6bd96960>,2,14,[4 9],3,51,65,48,36
1,<environment.Job instance at 0x7f4c6b97acd0>,1,18,[5 7],2,4,22,2,4
1,<environment.Job instance at 0x7f4cb5f5c410>,9,22,[1 7],10,27,49,17,27
1,<environment.Job instance at 0x7f4cb5f5ce10>,10,19,[5 6],11,49,68,38,39
1,<environment.Job instance at 0x7f4c6bf1b4b0>,3,12,[7 1],4,5,17,1,5
1,<environment.Job instance at 0x7f4cb5f6e5a0>,4,18,[8 3],5,17,35,12,8
1,<environment.Job instance at 0x7f4cb58882d0>,2,15,[4 8],3,23,38,20,23
1,<environment.Job instance at 0x7f4cb577bdc0>,1,14,[ 4 10],2,101,115,99,101
1,<environment.Job instance at 0x7f4c6bd2be10>,1,15,[2 7],2,2,17,0,2
1,<environment.Job instance at 0x7f4c6bd2b140>,4,13,[3 5],5,17,30,12,5
1,<environment.Job instance at 0x7f4c6bf26460>,9,12,[7 4],10,17,29,7,12
1,<environment.Job instance at 0x7f4c6bdc4fa0>,11,14,[8 1],12,33,47,21,33
1,<environment.Job instance at 0x7f4cb5dd6d70>,0,14,[8 4],1,3,17,2,3
1,<environment.Job instance at 0x7f4cb62f9190>,8,14,[5 7],9,60,74,51,60
1,<environment.Job instance at 0x7f4cb62f9460>,14,24,[9 3],15,107,131,92,107
1,<environment.Job instance at 0x7f4cb5bad640>,1,15,[8 2],2,2,17,0,2
1,<environment.Job instance at 0x7f4cb5bade60>,5,16,[10  3],6,102,118,96,102
1,<environment.Job instance at 0x7f4cb5fd5550>,17,20,[8 1],18,145,165,127,145
1,<environment.Job instance at 0x7f4cb5ff9190>,4,14,[4 7],5,7,21,2,7
1,<environment.Job instance at 0x7f4cb5ff9d70>,2,16,[ 3 10],3,6,22,3,6
1,<environment.Job instance at 0x7f4cb58b6230>,7,14,[8 1],8,27,41,19,27
1,<environment.Job instance at 0x7f4cb5f717d0>,11,19,[9 1],12,93,112,81,93
1,<environment.Job instance at 0x7f4c6b763a00>,18,18,[1 8],19,915,933,896,915
1,<environment.Job instance at 0x7f4cb5ac8050>,1,14,[1 9],2,2,16,0,2
1,<environment.Job instance at 0x7f4cb5cf1d20>,9,17,[3 5],10,71,88,61,71
1,<environment.Job instance at 0x7f4c6b7140f0>,13,12,[8 4],14,95,107,81,95
1,<environment.Job instance at 0x7f4c6b714a50>,27,18,[9 3],28,317,335,289,317
1,<environment.Job instance at 0x7f4c6b714b40>,32,14,[4 7],33,339,353,306,339
1,<environment.Job instance at 0x7f4cb59dcdc0>,4,19,[5 3],5,27,46,22,27
1,<environment.Job instance at 0x7f4cb59bce10>,8,14,[5 5],9,54,68,45,54
1,<environment.Job instance at 0x7f4cb59bc8c0>,9,14,[10  5],10,68,82,58,54
1,<environment.Job instance at 0x7f4c6bca88c0>,1,17,[7 5],2,106,123,104,106
1,<environment.Job instance at 0x7f4cb59e8320>,16,21,[ 3 10],17,127,148,110,127
1,<environment.Job instance at 0x7f4cb59e8280>,19,13,[ 1 10],20,183,196,163,183
1,<environment.Job instance at 0x7f4cb59f7910>,22,18,[4 9],23,220,238,197,220
1,<environment.Job instance at 0x7f4c6bf33b90>,8,26,[5 3],9,68,94,59,68
1,<environment.Job instance at 0x7f4c6bf39d70>,12,16,[4 5],13,68,84,55,68
1,<environment.Job instance at 0x7f4c6bf39f00>,22,18,[ 4 10],23,210,228,187,210
1,<environment.Job instance at 0x7f4cb5c9b3c0>,1,16,[ 3 10],2,2,18,0,2
1,<environment.Job instance at 0x7f4c6bef1460>,5,16,[5 9],6,23,39,17,23
1,<environment.Job instance at 0x7f4c6bc7f5f0>,10,13,[6 1],11,39,52,28,23
1,<environment.Job instance at 0x7f4c6bef8fa0>,16,12,[2 9],17,63,75,46,63
1,<environment.Job instance at 0x7f568bab3820>,1,15,[5 2],2,7,22,5,7
1,<environment.Job instance at 0x7f568661b6e0>,7,12,[7 2],8,22,34,14,8
1,<environment.Job instance at 0x7f568ba52af0>,9,28,[3 6],10,22,50,12,22
1,<environment.Job instance at 0x7f56409461e0>,0,12,[6 2],1,4,16,3,4
1,<environment.Job instance at 0x7f56409fdbe0>,8,13,[3 5],9,116,129,107,116
1,<environment.Job instance at 0x7f5640a13410>,1,16,[4 8],2,3,19,1,3
1,<environment.Job instance at 0x7f568ba2a0f0>,10,17,[2 6],11,59,76,48,59
1,<environment.Job instance at 0x7f564091f140>,19,26,[3 5],20,385,411,365,385
1,<environment.Job instance at 0x7f5640c692d0>,3,16,[8 4],4,4,20,0,4
1,<environment.Job instance at 0x7f5640d19960>,6,15,[5 7],7,22,37,15,22
1,<environment.Job instance at 0x7f5640d19a00>,10,12,[8 1],11,37,49,26,22
1,<environment.Job instance at 0x7f564091f0f0>,1,17,[10  4],2,55,72,53,55
1,<environment.Job instance at 0x7f5640d18050>,19,12,[5 5],20,115,127,95,115
1,<environment.Job instance at 0x7f5640d18230>,1,15,[10  1],2,4,19,2,4
1,<environment.Job instance at 0x7f5688ffa910>,18,13,[1 8],19,122,135,103,122
1,<environment.Job instance at 0x7f5640f4b6e0>,7,18,[9 1],8,55,73,47,55
1,<environment.Job instance at 0x7f568688c230>,12,19,[5 3],13,129,148,116,129
1,<environment.Job instance at 0x7f5686678dc0>,8,14,[5 7],9,47,61,38,47
1,<environment.Job instance at 0x7f568638b6e0>,4,18,[10  1],5,61,79,56,51
1,<environment.Job instance at 0x7f568666d730>,17,16,[4 8],18,157,173,139,157
1,<environment.Job instance at 0x7f5688ec5820>,0,12,[10  1],1,5,17,4,5
1,<environment.Job instance at 0x7f56890b2690>,1,17,[1 9],2,35,52,33,35
1,<environment.Job instance at 0x7f56865a6af0>,3,18,[7 4],4,116,134,112,116
1,<environment.Job instance at 0x7f56866b5b40>,4,14,[ 2 10],5,134,148,129,124
1,<environment.Job instance at 0x7f5640bb8a50>,0,13,[5 5],1,4,17,3,4
1,<environment.Job instance at 0x7f5640963a50>,11,18,[3 9],12,93,111,81,93
1,<environment.Job instance at 0x7f5640963690>,6,18,[2 5],7,111,129,104,103
1,<environment.Job instance at 0x7f5640963b90>,13,16,[1 7],14,129,145,115,117
1,<environment.Job instance at 0x7f5686918dc0>,4,13,[6 5],5,30,43,25,30
1,<environment.Job instance at 0x7f5686918320>,7,20,[1 7],8,43,63,35,34
1,<environment.Job instance at 0x7f5640ddc3c0>,12,16,[8 2],13,77,93,64,77
1,<environment.Job instance at 0x7f5640ddca00>,14,14,[4 7],15,93,107,78,78
1,<environment.Job instance at 0x7f5686a6a690>,10,14,[9 2],11,85,99,74,85
1,<environment.Job instance at 0x7f5686a6aaf0>,2,12,[7 3],3,4,16,1,4
1,<environment.Job instance at 0x7f5688f5d550>,7,17,[5 9],8,38,55,30,38
1,<environment.Job instance at 0x7f5640c577d0>,3,17,[1 8],4,55,72,51,44
1,<environment.Job instance at 0x7f5688f77190>,24,22,[1 8],25,167,189,142,167
1,<environment.Job instance at 0x7f568903f0a0>,6,20,[1 7],7,7,27,0,7
1,<environment.Job instance at 0x7f568903fc80>,9,14,[6 2],10,25,39,15,25
1,<environment.Job instance at 0x7f568903fdc0>,12,14,[4 7],13,29,43,16,29
1,<environment.Job instance at 0x7f5640c4a8c0>,17,14,[5 6],18,79,93,61,79
1,<environment.Job instance at 0x7f5640df4190>,1,16,[3 8],2,8,24,6,8
1,<environment.Job instance at 0x7f5686485f50>,9,12,[3 9],10,24,36,14,24
1,<environment.Job instance at 0x7f5686485640>,11,19,[5 1],12,24,43,12,24
1,<environment.Job instance at 0x7f5689105b90>,16,17,[1 9],17,1225,1242,1208,1225
1,<environment.Job instance at 0x7f5688cd1820>,23,17,[5 6],24,2056,2073,2032,2056
1,<environment.Job instance at 0x7f5688cba1e0>,1,17,[4 8],2,135,152,133,135
1,<environment.Job instance at 0x7f5688cba5a0>,14,16,[6 5],15,160,176,145,160
1,<environment.Job instance at 0x7f5640c40fa0>,19,12,[10  2],20,176,188,156,160
1,<environment.Job instance at 0x7f5640d41af0>,12,12,[5 7],13,99,111,86,99
1,<environment.Job instance at 0x7f174d4d9e60>,1,15,[5 2],2,5,20,3,5
1,<environment.Job instance at 0x7f1746041460>,5,18,[7 5],6,20,38,14,11
1,<environment.Job instance at 0x7f1746041730>,11,14,[10  4],12,71,85,59,71
1,<environment.Job instance at 0x7f1746041be0>,18,18,[3 6],19,145,163,126,145
1,<environment.Job instance at 0x7f1746041dc0>,20,18,[7 5],21,163,181,142,155
1,<environment.Job instance at 0x7f17460440f0>,23,18,[7 4],24,202,220,178,202
1,<environment.Job instance at 0x7f174d478050>,10,15,[6 2],11,95,110,84,95
1,<environment.Job instance at 0x7f174d4780a0>,15,13,[2 6],16,144,157,128,144
1,<environment.Job instance at 0x7f1746044050>,2,18,[10  5],3,157,175,154,146
1,<environment.Job instance at 0x7f174d5bef00>,20,15,[8 3],21,175,190,154,170
1,<environment.Job instance at 0x7f1702387be0>,12,12,[2 7],13,130,142,117,130
1,<environment.Job instance at 0x7f170245f0a0>,3,18,[6 5],4,50,68,46,50
1,<environment.Job instance at 0x7f1746401e10>,8,12,[1 7],9,68,80,59,51
1,<environment.Job instance at 0x7f17023ba500>,2,14,[9 1],3,4,18,1,4
1,<environment.Job instance at 0x7f17023bad20>,4,18,[8 3],5,18,36,13,8
1,<environment.Job instance at 0x7f174634c0a0>,8,17,[7 4],9,36,53,27,24
1,<environment.Job instance at 0x7f1746cf5af0>,11,17,[3 5],12,2584,2601,2572,2584
1,<environment.Job instance at 0x7f17466e8d70>,4,15,[2 5],5,7,22,2,7
1,<environment.Job instance at 0x7f17028bb640>,9,15,[7 1],10,52,67,42,52
1,<environment.Job instance at 0x7f17028bb730>,10,17,[2 6],11,99,116,88,99
1,<environment.Job instance at 0x7f1702810550>,3,14,[4 5],4,29,43,25,29
1,<environment.Job instance at 0x7f174697f230>,2,14,[10  1],3,3,17,0,3
1,<environment.Job instance at 0x7f1702535a00>,7,16,[1 6],8,17,33,9,8
1,<environment.Job instance at 0x7f17026855f0>,19,16,[7 2],20,191,207,171,191
1,<environment.Job instance at 0x7f17468d9c80>,3,18,[7 1],4,4,22,0,4
1,<environment.Job instance at 0x7f1746ac7730>,1,18,[1 9],2,69,87,67,69
1,<environment.Job instance at 0x7f1702982640>,0,18,[ 2 10],1,25,43,24,25
1,<environment.Job instance at 0x7f1746a1afa0>,9,13,[8 3],10,43,56,33,38
1,<environment.Job instance at 0x7f17027f7460>,3,17,[1 7],4,22,39,18,22
1,<environment.Job instance at 0x7f17025223c0>,7,14,[8 1],8,29,43,21,29
1,<environment.Job instance at 0x7f170250dd70>,13,17,[1 8],14,106,123,92,106
1,<environment.Job instance at 0x7f170250ddc0>,17,17,[5 9],18,185,202,167,185
1,<environment.Job instance at 0x7f1746b8faf0>,7,18,[9 3],8,15,33,7,15
1,<environment.Job instance at 0x7f1745efacd0>,12,14,[4 7],13,78,92,65,78
1,<environment.Job instance at 0x7f174619a690>,17,14,[5 6],18,105,119,87,105
1,<environment.Job instance at 0x7f17028eaaa0>,1,19,[5 1],2,2,21,0,2
1,<environment.Job instance at 0x7f17026b7320>,8,13,[10  1],9,21,34,12,9
1,<environment.Job instance at 0x7f1746048870>,0,12,[5 5],1,3,15,2,3
1,<environment.Job instance at 0x7f17466d1c30>,4,12,[4 7],5,15,27,10,8
1,<environment.Job instance at 0x7f17466d19b0>,9,14,[ 4 10],10,28,42,18,28
1,<environment.Job instance at 0x7f174664e050>,12,18,[3 8],13,42,60,29,31
1,<environment.Job instance at 0x7f174610c2d0>,19,15,[4 7],20,167,182,147,167
1,<environment.Job instance at 0x7f17022777d0>,1,17,[7 5],2,2,19,0,2
1,<environment.Job instance at 0x7f1746cd0050>,2,14,[9 2],3,19,33,16,6
1,<environment.Job instance at 0x7f17467ecc80>,13,16,[6 1],14,33,49,19,25
1,<environment.Job instance at 0x7f17028e1410>,2,21,[6 3],3,5,26,2,5
1,<environment.Job instance at 0x7f174672ab90>,8,13,[1 6],9,12,25,3,12
1,<environment.Job instance at 0x7f1746aac460>,3,17,[10  2],4,28,45,24,28
1,<environment.Job instance at 0x7f17467d3fa0>,2,12,[1 8],3,4,16,1,4
1,<environment.Job instance at 0x7f170230fd70>,23,17,[10  5],24,228,245,204,228
1,<environment.Job instance at 0x7f1745f01780>,32,14,[5 5],33,843,857,810,843
1,<environment.Job instance at 0x7f17023336e0>,7,13,[1 5],8,20,33,12,20
1,<environment.Job instance at 0x7f1746562500>,8,15,[7 2],9,21,36,12,21
1,<environment.Job instance at 0x7f1745f7b0a0>,11,19,[5 7],12,45,64,33,45
1,<environment.Job instance at 0x7f1745f7b6e0>,15,17,[5 5],16,122,139,106,122
1,<environment.Job instance at 0x7fa928941190>,1,15,[5 2],2,4,19,2,4
1,<environment.Job instance at 0x7fa928941140>,5,18,[7 5],6,45,63,39,45
1,<environment.Job instance at 0x7fa9257e16e0>,11,14,[10  4],12,73,87,61,73
1,<environment.Job instance at 0x7fa9257e1eb0>,23,18,[7 4],24,201,219,177,201
1,<environment.Job instance at 0x7fa925787500>,1,15,[6 2],2,3,18,1,3
1,<environment.Job instance at 0x7fa925787320>,0,15,[6 2],1,18,33,17,4
1,<environment.Job instance at 0x7fa8dfbda8c0>,5,13,[2 6],6,73,86,67,73
1,<environment.Job instance at 0x7fa8dfbde190>,17,13,[4 5],18,101,114,83,101
1,<environment.Job instance at 0x7fa928ab66e0>,1,15,[4 8],2,3,18,1,3
1,<environment.Job instance at 0x7fa9289695f0>,6,14,[5 3],7,63,77,56,63
1,<environment.Job instance at 0x7fa8dfe14820>,1,16,[1 8],2,102,118,100,102
1,<environment.Job instance at 0x7fa9261b3460>,15,14,[3 6],16,129,143,113,129
1,<environment.Job instance at 0x7fa9258ca280>,18,13,[1 9],19,180,193,161,180
1,<environment.Job instance at 0x7fa9258ca640>,19,16,[2 5],20,193,209,173,180
1,<environment.Job instance at 0x7fa926379a50>,2,14,[4 9],3,4,18,1,4
1,<environment.Job instance at 0x7fa8e0136d20>,2,14,[8 3],3,3,17,0,3
1,<environment.Job instance at 0x7fa9262c6230>,0,18,[5 2],1,17,35,16,6
1,<environment.Job instance at 0x7fa8e00caf00>,13,20,[8 2],14,89,109,75,89
1,<environment.Job instance at 0x7fa926240500>,17,12,[9 1],18,113,125,95,113
1,<environment.Job instance at 0x7fa8dfd395a0>,1,16,[6 3],2,2,18,0,2
1,<environment.Job instance at 0x7fa92616c230>,10,18,[10  5],11,106,124,95,106
1,<environment.Job instance at 0x7fa926186960>,14,18,[10  1],15,198,216,183,198
1,<environment.Job instance at 0x7fa9261b9d70>,18,14,[5 7],19,219,233,200,219
1,<environment.Job instance at 0x7fa926186af0>,13,19,[ 4 10],14,233,252,219,226
1,<environment.Job instance at 0x7fa925f73280>,42,16,[9 4],43,1606,1622,1563,1606
1,<environment.Job instance at 0x7fa9257ea3c0>,0,14,[8 4],1,25,39,24,25
1,<environment.Job instance at 0x7fa925b3eb40>,3,14,[10  5],4,7,21,3,7
1,<environment.Job instance at 0x7fa925a5c550>,9,16,[3 5],10,26,42,16,26
1,<environment.Job instance at 0x7fa925a5c5a0>,15,15,[1 8],16,102,117,86,102
1,<environment.Job instance at 0x7fa925a5caa0>,22,16,[5 2],23,156,172,133,156
1,<environment.Job instance at 0x7fa925a5c6e0>,23,20,[5 4],24,158,178,134,158
1,<environment.Job instance at 0x7fa925a5c3c0>,26,14,[7 5],27,195,209,168,195
1,<environment.Job instance at 0x7fa9255da230>,25,12,[7 5],26,209,221,183,195
1,<environment.Job instance at 0x7fa9255da3c0>,1,14,[1 9],2,3,17,1,3
1,<environment.Job instance at 0x7fa925da35f0>,11,15,[7 1],12,163,178,151,163
1,<environment.Job instance at 0x7fa8dfe5dd70>,19,16,[ 1 10],20,263,279,243,263
1,<environment.Job instance at 0x7fa926308190>,27,18,[9 3],28,279,297,251,279
1,<environment.Job instance at 0x7fa9259d77d0>,29,14,[6 2],30,297,311,267,282
1,<environment.Job instance at 0x7fa8df845a00>,32,14,[4 7],33,297,311,264,290
1,<environment.Job instance at 0x7fa8df895af0>,39,23,[3 9],40,1693,1716,1653,1693
1,<environment.Job instance at 0x7fa9261d87d0>,1,16,[3 8],2,8,24,6,8
1,<environment.Job instance at 0x7fa925af7050>,9,12,[3 9],10,25,37,15,25
1,<environment.Job instance at 0x7fa8df87ef50>,15,14,[1 5],16,2733,2747,2717,2733
1,<environment.Job instance at 0x7fa8dfa02960>,1,15,[1 8],2,2,17,0,2
1,<environment.Job instance at 0x7fa8dfed4eb0>,0,12,[5 5],1,17,29,16,6
1,<environment.Job instance at 0x7fa925b455f0>,12,18,[3 8],13,35,53,22,35
1,<environment.Job instance at 0x7fa9258c66e0>,4,12,[4 7],5,56,68,51,56
1,<environment.Job instance at 0x7fa8dfdf9dc0>,19,15,[4 7],20,102,117,82,102
1,<environment.Job instance at 0x7fa925d6bf50>,4,15,[3 5],5,7,22,2,7
1,<environment.Job instance at 0x7fa92624eb90>,1,16,[10  1],2,51,67,49,51
1,<environment.Job instance at 0x7fa92624ec30>,2,17,[4 8],3,77,94,74,77
1,<environment.Job instance at 0x7fa8df81efa0>,2,14,[5 5],3,47,61,44,47
1,<environment.Job instance at 0x7fa8df80a500>,10,13,[6 4],11,61,74,50,48
1,<environment.Job instance at 0x7fa92570c320>,7,16,[5 5],8,44,60,36,44
1,<environment.Job instance at 0x7fa8dfed55f0>,12,14,[4 7],13,74,88,61,74
1,<environment.Job instance at 0x7fa8e00452d0>,4,19,[2 5],5,19,38,14,19
1,<environment.Job instance at 0x7fa8e00455a0>,5,12,[5 4],6,23,35,17,23
1,<environment.Job instance at 0x7fa92563df50>,8,14,[7 2],9,35,49,26,24
1,<environment.Job instance at 0x7fa925e75910>,16,19,[3 9],17,154,173,137,154
1,<environment.Job instance at 0x7f9cf5b8e190>,1,15,[5 2],2,20,35,18,20
1,<environment.Job instance at 0x7f9cee77e550>,9,17,[8 1],10,51,68,41,51
1,<environment.Job instance at 0x7f9caab6e460>,7,13,[4 5],8,68,81,60,68
1,<environment.Job instance at 0x7f9caab6e910>,11,18,[ 4 10],12,81,99,69,80
1,<environment.Job instance at 0x7f9cf5cfbaa0>,12,13,[ 4 10],13,117,130,104,117
1,<environment.Job instance at 0x7f9caaa2baa0>,15,13,[2 5],16,135,148,119,135
1,<environment.Job instance at 0x7f9cf5d076e0>,13,16,[2 8],14,148,164,134,142
1,<environment.Job instance at 0x7f9cf31b2230>,0,14,[8 1],1,19,33,18,19
1,<environment.Job instance at 0x7f9cee5d6f00>,9,16,[7 3],10,37,53,27,37
1,<environment.Job instance at 0x7f9cee5d6050>,12,14,[ 4 10],13,73,87,60,73
1,<environment.Job instance at 0x7f9cee5d6500>,14,17,[2 5],15,90,107,75,90
1,<environment.Job instance at 0x7f9caadbb410>,11,15,[10  1],12,123,138,111,123
1,<environment.Job instance at 0x7f9caab20dc0>,19,14,[6 5],20,190,204,170,190
1,<environment.Job instance at 0x7f9ceebcc910>,5,14,[4 7],6,7,21,1,7
1,<environment.Job instance at 0x7f9cee70eaa0>,11,18,[5 5],12,25,43,13,25
1,<environment.Job instance at 0x7f9cee70ee60>,12,16,[5 5],13,25,41,12,25
1,<environment.Job instance at 0x7f9cee70eeb0>,17,18,[9 5],18,98,116,80,98
1,<environment.Job instance at 0x7f9caa9d7690>,2,15,[4 8],3,23,38,20,23
1,<environment.Job instance at 0x7f9cf2d48d70>,10,22,[8 3],11,52,74,41,52
1,<environment.Job instance at 0x7f9cf2e42d70>,7,17,[ 1 10],8,88,105,80,88
1,<environment.Job instance at 0x7f9caaa9c910>,6,13,[4 5],7,19,32,12,19
1,<environment.Job instance at 0x7f9cee52fb40>,2,14,[8 5],3,4,18,1,4
1,<environment.Job instance at 0x7f9cee930fa0>,5,16,[1 6],6,18,34,12,9
1,<environment.Job instance at 0x7f9cf2edb280>,4,14,[4 7],5,7,21,2,7
1,<environment.Job instance at 0x7f9ceeae50f0>,21,17,[9 4],22,167,184,145,167
1,<environment.Job instance at 0x7f9ceeb68aa0>,1,18,[1 5],2,3,21,1,3
1,<environment.Job instance at 0x7f9cf335fc30>,9,14,[10  5],10,53,67,43,53
1,<environment.Job instance at 0x7f9cf335faa0>,10,21,[6 3],11,67,88,56,59
1,<environment.Job instance at 0x7f9cee638eb0>,1,17,[7 5],2,88,105,86,83
1,<environment.Job instance at 0x7f9ceebaf910>,15,19,[5 4],16,110,129,94,110
1,<environment.Job instance at 0x7f9caaf7c9b0>,19,13,[ 1 10],20,174,187,154,174
1,<environment.Job instance at 0x7f9ceebcb780>,25,13,[9 3],26,244,257,218,244
1,<environment.Job instance at 0x7f9caa7e86e0>,27,21,[5 2],28,947,968,919,947
1,<environment.Job instance at 0x7f9cab0be280>,1,17,[7 5],2,4,21,2,4
1,<environment.Job instance at 0x7f9ceec5e6e0>,5,21,[5 1],6,21,42,15,21
1,<environment.Job instance at 0x7f9caab7a5a0>,7,12,[6 4],8,42,54,34,25
1,<environment.Job instance at 0x7f9cf2d82f50>,2,17,[4 8],3,3,20,0,3
1,<environment.Job instance at 0x7f9caae37460>,1,16,[10  1],2,59,75,57,59
1,<environment.Job instance at 0x7f9cf2f7ceb0>,4,15,[3 5],5,75,90,70,61
1,<environment.Job instance at 0x7f9cee9b6c30>,13,18,[4 5],14,76,94,62,76
1,<environment.Job instance at 0x7f9cee9b63c0>,17,15,[10  5],18,105,120,87,105
1,<environment.Job instance at 0x7f9caae705f0>,7,14,[2 7],8,70,84,62,70
1,<environment.Job instance at 0x7f9caae70eb0>,12,17,[4 5],13,84,101,71,72
1,<environment.Job instance at 0x7f9ceeb67820>,0,14,[3 9],1,4,18,3,4
1,<environment.Job instance at 0x7f9ceeb67230>,5,17,[10  1],6,18,35,12,7
1,<environment.Job instance at 0x7f9cee998460>,3,14,[8 4],4,64,78,60,64
1,<environment.Job instance at 0x7f9cee998af0>,6,12,[5 1],7,118,130,111,118
1,<environment.Job instance at 0x7f9cf578c190>,11,15,[2 5],12,118,133,106,118
1,<environment.Job instance at 0x7f9cf579d4b0>,9,14,[5 9],10,28,42,18,28
1,<environment.Job instance at 0x7fd5d80f29b0>,1,15,[5 2],2,2,17,0,2
1,<environment.Job instance at 0x7fd5d0ca07d0>,9,17,[8 1],10,17,34,7,10
1,<environment.Job instance at 0x7fd5d0ca0e10>,20,18,[7 5],21,158,176,137,158
1,<environment.Job instance at 0x7fd58d09a820>,7,18,[10  1],8,8,26,0,8
1,<environment.Job instance at 0x7fd58d09ab40>,11,13,[ 4 10],12,55,68,43,55
1,<environment.Job instance at 0x7fd58d09ae10>,12,14,[4 7],13,68,82,55,57
1,<environment.Job instance at 0x7fd58cee8c80>,0,12,[4 7],1,5,17,4,5
1,<environment.Job instance at 0x7fd58cf15820>,10,17,[2 8],11,28,45,17,28
1,<environment.Job instance at 0x7fd5d0e2d870>,16,15,[5 7],17,2285,2300,2268,2285
1,<environment.Job instance at 0x7fd5d0d7be10>,3,18,[4 7],4,23,41,19,23
1,<environment.Job instance at 0x7fd5d0d948c0>,11,17,[10  4],12,45,62,33,45
1,<environment.Job instance at 0x7fd5d0d94af0>,13,16,[8 4],14,62,78,48,49
1,<environment.Job instance at 0x7fd5d0ebaaf0>,20,12,[8 1],21,156,168,135,156
1,<environment.Job instance at 0x7fd58d463460>,0,15,[10  4],1,5,20,4,5
1,<environment.Job instance at 0x7fd58d5ddb90>,1,13,[ 4 10],2,20,33,18,6
1,<environment.Job instance at 0x7fd58d463230>,2,17,[3 9],3,45,62,42,45
1,<environment.Job instance at 0x7fd5d7a1d780>,16,22,[ 4 10],17,1105,1127,1088,1105
1,<environment.Job instance at 0x7fd58d5ff280>,1,17,[3 5],2,125,142,123,125
1,<environment.Job instance at 0x7fd5d0d921e0>,20,14,[3 7],21,142,156,121,134
1,<environment.Job instance at 0x7fd5d0a15f00>,0,15,[7 4],1,1,16,0,1
1,<environment.Job instance at 0x7fd5d772f8c0>,6,15,[5 5],7,27,42,20,27
1,<environment.Job instance at 0x7fd58d57ab40>,11,17,[2 5],12,48,65,36,48
1,<environment.Job instance at 0x7fd58d57a4b0>,10,18,[5 9],11,127,145,116,127
1,<environment.Job instance at 0x7fd5d0f67780>,1,13,[9 2],2,2,15,0,2
1,<environment.Job instance at 0x7fd58d542f50>,2,12,[4 7],3,15,27,12,3
1,<environment.Job instance at 0x7fd58cfbbf50>,10,14,[8 4],11,31,45,20,31
1,<environment.Job instance at 0x7fd58cf29820>,8,27,[2 9],9,24,51,15,24
1,<environment.Job instance at 0x7fd5d0bea780>,15,20,[5 1],16,92,112,76,92
1,<environment.Job instance at 0x7fd5d774a960>,0,15,[5 8],1,5,20,4,5
1,<environment.Job instance at 0x7fd58d03dc80>,13,25,[2 8],14,80,105,66,80
1,<environment.Job instance at 0x7fd5d1005460>,15,15,[3 9],16,105,120,89,95
1,<environment.Job instance at 0x7fd5d11c7f50>,6,14,[9 3],7,7,21,0,7
1,<environment.Job instance at 0x7fd58d1123c0>,11,13,[4 5],12,27,40,15,27
1,<environment.Job instance at 0x7fd5d0f668c0>,13,14,[8 4],14,53,67,39,53
1,<environment.Job instance at 0x7fd58cda5c30>,11,26,[1 5],12,61,87,49,61
1,<environment.Job instance at 0x7fd58cda5c80>,1,14,[6 5],2,4,18,2,4
1,<environment.Job instance at 0x7fd5d7e265f0>,8,13,[1 6],9,18,31,9,9
1,<environment.Job instance at 0x7fd58d193f50>,5,16,[6 1],6,47,63,41,47
1,<environment.Job instance at 0x7fd58cf705f0>,3,17,[10  2],4,63,80,59,51
1,<environment.Job instance at 0x7fd5d7af1320>,2,14,[5 5],3,50,64,47,50
1,<environment.Job instance at 0x7fd58d4ea780>,0,14,[3 9],1,7,21,6,7
1,<environment.Job instance at 0x7fd58d3272d0>,6,17,[8 1],7,21,38,14,21
1,<environment.Job instance at 0x7fd5d79a7d20>,12,16,[7 3],13,92,108,79,92
1,<environment.Job instance at 0x7fd5d79a72d0>,15,17,[4 6],16,120,137,104,120
1,<environment.Job instance at 0x7fd5d0a32320>,9,19,[ 2 10],10,28,47,18,28
1,<environment.Job instance at 0x7fd5d75f6960>,19,15,[9 3],20,158,173,138,158
1,<environment.Job instance at 0x7fd58d5790f0>,20,15,[4 8],21,173,188,152,159
1,<environment.Job instance at 0x7fd5d793de10>,29,13,[5 6],30,285,298,255,285
1,<environment.Job instance at 0x7fd58cba6820>,6,15,[7 5],7,23,38,16,23
1,<environment.Job instance at 0x7fd58cd83fa0>,1,17,[4 8],2,38,55,36,26
1,<environment.Job instance at 0x7fd5d0e8ab90>,9,15,[5 5],10,50,65,40,50
1,<environment.Job instance at 0x7fd5d76c4b40>,14,14,[ 1 10],15,65,79,50,50
1,<environment.Job instance at 0x7fd5d0e8a280>,11,12,[4 5],12,52,64,40,52
1,<environment.Job instance at 0x7fd5d76cf6e0>,20,16,[ 2 10],21,125,141,104,125
1,<environment.Job instance at 0x7fd5d769c960>,24,15,[7 3],25,141,156,116,127
1,<environment.Job instance at 0x7fd5d76c9f00>,29,13,[3 5],30,169,182,139,169
1,<environment.Job instance at 0x7f33279789b0>,1,15,[5 2],2,4,19,2,4
1,<environment.Job instance at 0x7f33267d65a0>,9,17,[8 1],10,20,37,10,20
1,<environment.Job instance at 0x7f33267d66e0>,11,14,[10  4],12,73,87,61,73
1,<environment.Job instance at 0x7f33267d6e60>,20,18,[7 5],21,177,195,156,177
1,<environment.Job instance at 0x7f33267d92d0>,2,14,[4 7],3,4,18,1,4
1,<environment.Job instance at 0x7f33267d91e0>,1,13,[ 4 10],2,45,58,43,45
1,<environment.Job instance at 0x7f32dc7f2aa0>,4,12,[8 2],5,50,62,45,50
1,<environment.Job instance at 0x7f32dc7f2f00>,3,14,[4 9],4,62,76,58,51
1,<environment.Job instance at 0x7f3327b054b0>,25,12,[9 3],26,211,223,185,211
1,<environment.Job instance at 0x7f33268501e0>,5,15,[7 2],6,16,31,10,16
1,<environment.Job instance at 0x7f3327388640>,9,15,[2 6],10,35,50,25,35
1,<environment.Job instance at 0x7f3326f58e60>,1,18,[5 7],2,3,21,1,3
1,<environment.Job instance at 0x7f32dcbffb40>,5,23,[5 5],6,21,44,15,15
1,<environment.Job instance at 0x7f32dcbff820>,10,19,[5 6],11,44,63,33,34
1,<environment.Job instance at 0x7f32dcc23c30>,1,16,[6 3],2,2,18,0,2
1,<environment.Job instance at 0x7f32dcb8a5a0>,16,15,[9 4],17,216,231,199,216
1,<environment.Job instance at 0x7f3326770dc0>,18,14,[5 7],19,237,251,218,237
1,<environment.Job instance at 0x7f332689cdc0>,1,15,[2 7],2,4,19,2,4
1,<environment.Job instance at 0x7f3326db0820>,5,16,[3 9],6,19,35,13,9
1,<environment.Job instance at 0x7f33266d17d0>,2,14,[10  1],3,6,20,3,6
1,<environment.Job instance at 0x7f32dcd0b0a0>,3,18,[3 8],4,20,38,16,9
1,<environment.Job instance at 0x7f332667c5a0>,19,16,[7 2],20,150,166,130,150
1,<environment.Job instance at 0x7f32dc5c6550>,4,14,[4 7],5,7,21,2,7
1,<environment.Job instance at 0x7f32dc8b45a0>,0,18,[9 3],1,4,22,3,4
1,<environment.Job instance at 0x7f32dce56820>,8,16,[8 4],9,44,60,35,44
1,<environment.Job instance at 0x7f33266d1b40>,1,17,[9 4],2,89,106,87,89
1,<environment.Job instance at 0x7f33265f8820>,19,25,[4 8],20,119,144,99,119
1,<environment.Job instance at 0x7f33273c9eb0>,22,15,[5 6],23,144,159,121,135
1,<environment.Job instance at 0x7f33273c91e0>,1,14,[1 9],2,3,17,1,3
1,<environment.Job instance at 0x7f32dc7fe4b0>,11,15,[7 1],12,75,90,63,75
1,<environment.Job instance at 0x7f32dc7fe9b0>,13,12,[8 4],14,96,108,82,96
1,<environment.Job instance at 0x7f32dcbc2410>,17,17,[ 2 10],18,139,156,121,139
1,<environment.Job instance at 0x7f33272c20f0>,27,18,[9 3],28,278,296,250,278
1,<environment.Job instance at 0x7f32dcca6e10>,28,16,[3 8],29,296,312,267,284
1,<environment.Job instance at 0x7f3326c58eb0>,2,12,[7 3],3,3,15,0,3
1,<environment.Job instance at 0x7f32dca3c550>,4,14,[5 5],5,15,29,10,5
1,<environment.Job instance at 0x7f3326f59230>,12,13,[2 8],13,83,96,70,83
1,<environment.Job instance at 0x7f332660b280>,11,16,[3 8],12,59,75,47,59
1,<environment.Job instance at 0x7f3327501820>,22,18,[ 4 10],23,242,260,219,242
1,<environment.Job instance at 0x7f32dcc7fc30>,1,17,[4 8],2,48,65,46,48
1,<environment.Job instance at 0x7f32dc9e6af0>,14,16,[6 5],15,99,115,84,99
1,<environment.Job instance at 0x7f32dc9e6cd0>,17,19,[3 7],18,115,134,97,105
1,<environment.Job instance at 0x7f32dc9c90a0>,1,14,[5 5],2,2,16,0,2
1,<environment.Job instance at 0x7f3326c58870>,2,12,[1 8],3,16,28,13,4
1,<environment.Job instance at 0x7f32dca939b0>,4,12,[7 2],5,16,28,11,5
1,<environment.Job instance at 0x7f32dc5c9e10>,23,17,[10  5],24,251,268,227,251
1,<environment.Job instance at 0x7f32dc4adb90>,8,18,[1 5],9,42,60,33,42
1,<environment.Job instance at 0x7f32dc4ad690>,12,14,[4 7],13,72,86,59,72
1,<environment.Job instance at 0x7f32dc4ad6e0>,15,14,[5 3],16,457,471,441,457
1,<environment.Job instance at 0x7f3326d96460>,6,12,[5 1],7,22,34,15,22
1,<environment.Job instance at 0x7f33265fe550>,5,23,[6 2],6,41,64,35,41
1,<environment.Job instance at 0x7f3326c554b0>,11,15,[2 5],12,97,112,85,97
1,<environment.Job instance at 0x7f32dcbb3780>,19,19,[ 2 10],20,1216,1235,1196,1216
1,<environment.Job instance at 0x7f3326c5ef00>,27,16,[2 9],28,1694,1710,1666,1694
1,<environment.Job instance at 0x7f3326c5e730>,29,15,[9 3],30,1710,1725,1680,1696
1,<environment.Job instance at 0x7f332689c820>,39,13,[5 6],40,1828,1841,1788,1828
1,<environment.Job instance at 0x7f32dcbc2410>,1,17,[4 8],2,42,59,40,42
1,<environment.Job instance at 0x7f3326636a50>,10,16,[ 2 10],11,74,90,63,74
1,<environment.Job instance at 0x7f32dc865640>,13,16,[3 8],14,90,106,76,79
1,<environment.Job instance at 0x7f32dc865d70>,19,13,[3 5],20,106,119,86,101
1,<environment.Job instance at 0x7f3326fb15f0>,2,18,[5 5],3,3,21,0,3
1,<environment.Job instance at 0x7f33269edaa0>,14,15,[5 5],15,96,111,81,96
1,<environment.Job instance at 0x7f33269ed0a0>,15,14,[ 1 10],16,111,125,95,96
1,<environment.Job instance at 0x7f33269ed9b0>,18,18,[3 5],19,125,143,106,117
1,<environment.Job instance at 0x7f33269ed640>,22,17,[1 9],23,168,185,145,168
1,<environment.Job instance at 0x7f1aecb15190>,1,15,[5 2],2,3,18,1,3
1,<environment.Job instance at 0x7f1aeb9b65f0>,9,17,[8 1],10,20,37,10,20
1,<environment.Job instance at 0x7f1aeb9b6640>,11,14,[10  4],12,37,51,25,22
1,<environment.Job instance at 0x7f1aa19d24b0>,5,12,[9 3],6,19,31,13,19
1,<environment.Job instance at 0x7f1aa19d23c0>,0,14,[3 6],1,31,45,30,19
1,<environment.Job instance at 0x7f1aec15d320>,2,14,[9 5],3,105,119,102,105
1,<environment.Job instance at 0x7f1aebb63b40>,14,16,[5 5],15,124,140,109,124
1,<environment.Job instance at 0x7f1aebb25fa0>,18,18,[1 5],19,168,186,149,168
1,<environment.Job instance at 0x7f1aeba3b320>,23,12,[4 8],24,231,243,207,231
1,<environment.Job instance at 0x7f1aebdd70f0>,4,15,[5 8],5,19,34,14,19
1,<environment.Job instance at 0x7f1aa1dee2d0>,7,12,[9 1],8,34,46,26,19
1,<environment.Job instance at 0x7f1aa1dee0a0>,5,15,[4 9],6,46,61,40,44
1,<environment.Job instance at 0x7f1aa1cffa00>,11,14,[ 4 10],12,77,91,65,77
1,<environment.Job instance at 0x7f1aa1cffa50>,9,18,[3 8],10,103,121,93,103
1,<environment.Job instance at 0x7f1aeb77ef50>,25,16,[1 7],26,241,257,215,241
1,<environment.Job instance at 0x7f1aeb928960>,7,16,[1 8],8,14,30,6,14
1,<environment.Job instance at 0x7f1aec560af0>,10,13,[9 3],11,107,120,96,107
1,<environment.Job instance at 0x7f1aa1cdc730>,15,17,[5 3],16,203,220,187,203
1,<environment.Job instance at 0x7f1aec63ea00>,20,13,[4 6],21,251,264,230,251
1,<environment.Job instance at 0x7f1aeb986e10>,23,15,[2 6],24,277,292,253,277
1,<environment.Job instance at 0x7f1aeb9860a0>,25,18,[1 7],26,292,310,266,282
1,<environment.Job instance at 0x7f1aebda7500>,26,16,[9 3],27,292,308,265,282
1,<environment.Job instance at 0x7f1aeb8b35a0>,11,16,[4 6],12,91,107,79,91
1,<environment.Job instance at 0x7f1aeb8b3640>,12,15,[5 1],13,91,106,78,91
1,<environment.Job instance at 0x7f1aebde6910>,0,13,[9 3],1,2,15,1,2
1,<environment.Job instance at 0x7f1aebbf3190>,8,15,[ 5 10],9,91,106,82,91
1,<environment.Job instance at 0x7f1aebbf60f0>,16,26,[ 1 10],17,106,132,89,103
1,<environment.Job instance at 0x7f1aeb897460>,1,13,[4 5],2,2,15,0,2
1,<environment.Job instance at 0x7f1aa1d59cd0>,3,14,[8 4],4,15,29,11,4
1,<environment.Job instance at 0x7f1aebe67960>,11,17,[5 5],12,31,48,19,31
1,<environment.Job instance at 0x7f1aec65fdc0>,1,19,[5 4],2,23,42,21,23
1,<environment.Job instance at 0x7f1aec355690>,9,24,[1 7],10,73,97,63,73
1,<environment.Job instance at 0x7f1aa19cc3c0>,19,15,[9 2],20,219,234,199,219
1,<environment.Job instance at 0x7f1aebb34280>,7,17,[1 7],8,20,37,12,20
1,<environment.Job instance at 0x7f1aebb345a0>,10,12,[5 5],11,65,77,54,65
1,<environment.Job instance at 0x7f1aebb340f0>,11,15,[1 8],12,77,92,65,65
1,<environment.Job instance at 0x7f1aebb34f00>,14,12,[4 7],15,92,104,77,85
1,<environment.Job instance at 0x7f1aa1b4e690>,3,16,[2 5],4,104,120,100,98
1,<environment.Job instance at 0x7f1aebb34aa0>,19,14,[ 4 10],20,120,134,100,116
1,<environment.Job instance at 0x7f1aeb9bfa00>,23,22,[ 1 10],24,137,159,113,137
1,<environment.Job instance at 0x7f1aeb9bf320>,29,15,[4 7],30,283,298,253,283
1,<environment.Job instance at 0x7f1aa17d7410>,5,16,[5 9],6,6,22,0,6
1,<environment.Job instance at 0x7f1aa1cea3c0>,4,14,[5 4],5,22,36,17,14
1,<environment.Job instance at 0x7f1aeb9c1730>,1,16,[ 3 10],2,36,52,34,23
1,<environment.Job instance at 0x7f1aa1d6a550>,15,22,[6 5],16,52,74,36,45
1,<environment.Job instance at 0x7f1aa1e95e10>,2,15,[1 8],3,3,18,0,3
1,<environment.Job instance at 0x7f1aa1e95910>,0,17,[8 1],1,5,22,4,5
1,<environment.Job instance at 0x7f1aec4bb280>,9,17,[ 2 10],10,29,46,19,29
1,<environment.Job instance at 0x7f1aec344370>,22,18,[8 3],23,266,284,243,266
1,<environment.Job instance at 0x7f1aa1bb54b0>,15,17,[5 5],16,122,139,106,122
1,<environment.Job instance at 0x7f1aec0f20f0>,16,13,[8 4],17,139,152,122,123
1,<environment.Job instance at 0x7f1aa192f730>,4,19,[2 5],5,45,64,40,45
1,<environment.Job instance at 0x7f1aa192f690>,5,12,[5 4],6,72,84,66,72
1,<environment.Job instance at 0x7f1aa18c2320>,1,14,[6 4],2,26,40,24,26
1,<environment.Job instance at 0x7f1aec1b8f50>,9,14,[5 9],10,40,54,30,28
1,<environment.Job instance at 0x7f1aeb83d690>,4,14,[3 8],5,22,36,17,22
1,<environment.Job instance at 0x7f1aeb83daf0>,0,13,[2 8],1,36,49,35,22
1,<environment.Job instance at 0x7f1aa1e74780>,8,15,[2 8],9,50,65,41,50
1,<environment.Job instance at 0x7f1aa1e74fa0>,21,12,[5 4],22,103,115,81,103
1,<environment.Job instance at 0x7f1aa1e74f50>,22,13,[1 5],23,103,116,80,103
1,<environment.Job instance at 0x7f1aa1e6b0f0>,23,16,[3 8],24,116,132,92,103
1,<environment.Job instance at 0x7f1aebd7feb0>,2,18,[5 5],3,3,21,0,3
1,<environment.Job instance at 0x7f1aa1c45960>,8,14,[7 5],9,64,78,55,64
1,<environment.Job instance at 0x7f1aeb8b6b40>,16,15,[3 5],17,93,108,76,93
1,<environment.Job instance at 0x7f1aa1ff3690>,18,18,[3 5],19,112,130,93,112
1,<environment.Job instance at 0x7f1aa2072e10>,21,15,[2 9],22,159,174,137,159
1,<environment.Job instance at 0x7f1aebbda640>,3,15,[2 8],4,4,19,0,4
1,<environment.Job instance at 0x7f1aebbdaa00>,6,16,[3 8],7,19,35,12,14
1,<environment.Job instance at 0x7f1aebec7f50>,10,12,[8 1],11,35,47,24,22
1,<environment.Job instance at 0x7f1aec4d4be0>,15,15,[4 9],16,47,62,31,33
1,<environment.Job instance at 0x7f1aa1a9c410>,13,15,[10  3],14,62,77,48,50
