iteration,job object,job ID,job Length,job ressource requirement,job enter time,job start time,job finish time,job waiting time,current time
1,<environment.Job instance at 0x7f804630a550>,2,22,[4 8],3,3,25,0,3
1,<environment.Job instance at 0x7f8040f01e60>,7,25,[6 2],8,24,49,16,20
1,<environment.Job instance at 0x7f804630a4b0>,3,26,[11  4],4,49,75,45,46
1,<environment.Job instance at 0x7f8040f01f00>,8,22,[14  3],9,75,97,66,68
1,<environment.Job instance at 0x7f8040f01c30>,11,26,[4 8],12,97,123,85,94
1,<environment.Job instance at 0x7f8040f01aa0>,12,26,[ 1 12],13,123,149,110,120
1,<environment.Job instance at 0x7f8040f04320>,2,27,[8 5],3,3,30,0,3
1,<environment.Job instance at 0x7f8046255910>,7,27,[ 2 14],8,30,57,22,28
1,<environment.Job instance at 0x7f8046255320>,10,23,[ 1 11],11,57,80,46,51
1,<environment.Job instance at 0x7f8046255410>,11,21,[ 5 13],12,80,101,68,72
1,<environment.Job instance at 0x7f80462554b0>,15,20,[2 6],16,101,121,85,92
1,<environment.Job instance at 0x7f8046255190>,16,21,[7 4],17,101,122,84,93
1,<environment.Job instance at 0x7f8046255280>,17,27,[ 1 10],18,121,148,103,119
1,<environment.Job instance at 0x7f804633aa00>,18,20,[ 3 12],19,148,168,129,139
1,<environment.Job instance at 0x7f8046255f50>,5,20,[ 3 13],6,168,188,162,162
1,<environment.Job instance at 0x7f804633a460>,20,21,[12  2],21,172,193,151,172
1,<environment.Job instance at 0x7f804633a410>,22,24,[9 2],23,193,217,170,188
1,<environment.Job instance at 0x7f804633a500>,23,25,[3 8],24,188,213,164,188
1,<environment.Job instance at 0x7f7ffb200dc0>,3,23,[ 5 13],4,4,27,0,4
1,<environment.Job instance at 0x7f804633a3c0>,6,26,[11  4],7,27,53,20,24
1,<environment.Job instance at 0x7f7ffb200870>,8,21,[ 1 10],9,27,48,18,24
1,<environment.Job instance at 0x7f7ffb200960>,10,21,[6 5],11,53,74,42,45
1,<environment.Job instance at 0x7f7ffb223be0>,11,26,[ 5 12],12,74,100,62,71
1,<environment.Job instance at 0x7f7ffb223c80>,12,27,[12  2],13,100,127,87,98
1,<environment.Job instance at 0x7f7ffb200280>,7,19,[ 3 12],8,117,136,109,117
1,<environment.Job instance at 0x7f7ffb223cd0>,16,21,[ 1 12],17,136,157,119,128
1,<environment.Job instance at 0x7f7ffb223a50>,17,19,[11  2],18,144,163,126,144
1,<environment.Job instance at 0x7f80463977d0>,1,25,[ 1 11],2,2,27,0,2
1,<environment.Job instance at 0x7f7ffb66cf00>,3,27,[9 1],4,4,31,0,4
1,<environment.Job instance at 0x7f7ffb658190>,7,26,[4 9],8,27,53,19,24
1,<environment.Job instance at 0x7f7ffb658dc0>,8,25,[13  3],9,53,78,44,49
1,<environment.Job instance at 0x7f7ffb6586e0>,10,26,[5 5],11,78,104,67,75
1,<environment.Job instance at 0x7f7ffb6585a0>,11,24,[4 7],12,78,102,66,75
1,<environment.Job instance at 0x7f7ffb658a50>,4,23,[13  2],5,104,127,99,98
1,<environment.Job instance at 0x7f7ffb6580f0>,17,22,[3 7],18,127,149,109,120
1,<environment.Job instance at 0x7f7ffb66ca00>,5,20,[12  4],6,127,147,121,120
1,<environment.Job instance at 0x7f80464837d0>,18,20,[ 3 12],19,149,169,130,144
1,<environment.Job instance at 0x7f7ffb658b90>,14,19,[ 3 12],15,171,190,156,171
1,<environment.Job instance at 0x7f80464834b0>,21,20,[ 1 12],22,190,210,168,181
1,<environment.Job instance at 0x7f7ffb5b3d20>,2,25,[11  2],3,3,28,0,3
1,<environment.Job instance at 0x7f80464834b0>,4,28,[8 4],5,28,56,23,27
1,<environment.Job instance at 0x7f7ffb5f64b0>,6,20,[12  1],7,56,76,49,47
1,<environment.Job instance at 0x7f7ffb5f1f00>,0,26,[8 4],1,1,27,0,1
1,<environment.Job instance at 0x7f80458a20a0>,4,27,[ 1 10],5,5,32,0,5
1,<environment.Job instance at 0x7f7ffb60b460>,8,20,[11  2],9,29,49,20,29
1,<environment.Job instance at 0x7f7ffb60bb40>,9,25,[ 2 13],10,32,57,22,29
1,<environment.Job instance at 0x7f80412bd960>,12,24,[ 3 13],13,57,81,44,52
1,<environment.Job instance at 0x7f80458a2be0>,6,19,[13  1],7,81,100,74,71
1,<environment.Job instance at 0x7f80411b9cd0>,0,25,[6 3],1,1,26,0,1
1,<environment.Job instance at 0x7f8041012460>,4,24,[5 5],5,5,29,0,5
1,<environment.Job instance at 0x7f7ffb2d65f0>,7,22,[3 9],8,26,48,18,19
1,<environment.Job instance at 0x7f8040cd9f00>,1,20,[11  1],2,33,53,31,33
1,<environment.Job instance at 0x7f7ffb658f00>,6,26,[ 1 13],7,48,74,41,45
1,<environment.Job instance at 0x7f804122ae60>,10,22,[5 9],11,74,96,63,67
1,<environment.Job instance at 0x7f8040d7e2d0>,1,28,[ 1 13],2,2,30,0,2
1,<environment.Job instance at 0x7f8040cd3820>,7,22,[11  2],8,8,30,0,8
1,<environment.Job instance at 0x7f804122ae60>,3,22,[12  5],4,30,52,26,23
1,<environment.Job instance at 0x7f8040cc65a0>,11,21,[4 8],12,52,73,40,44
1,<environment.Job instance at 0x7f8045a5d3c0>,0,22,[ 5 12],1,1,23,0,1
1,<environment.Job instance at 0x7f8045a5df50>,7,24,[13  3],8,23,47,15,18
1,<environment.Job instance at 0x7f8045a5d9b0>,8,22,[12  3],9,47,69,38,40
1,<environment.Job instance at 0x7f8045a5d230>,4,20,[12  2],5,69,89,64,60
1,<environment.Job instance at 0x7f8045a5d690>,11,23,[10  4],12,89,112,77,83
1,<environment.Job instance at 0x7f8040fbc140>,13,21,[8 1],14,112,133,98,104
1,<environment.Job instance at 0x7f8040fbc870>,14,20,[14  2],15,133,153,118,124
1,<environment.Job instance at 0x7f8040fbc320>,18,19,[1 7],19,125,144,106,125
1,<environment.Job instance at 0x7f8040fbca00>,20,22,[ 4 14],21,153,175,132,146
1,<environment.Job instance at 0x7f8040fbcfa0>,21,20,[11  4],22,175,195,153,166
1,<environment.Job instance at 0x7f8040fbc7d0>,22,23,[14  4],23,195,218,172,189
1,<environment.Job instance at 0x7f8040fbcaf0>,23,19,[ 3 14],24,218,237,194,213
1,<environment.Job instance at 0x7f8040fbc280>,24,21,[14  2],25,237,258,212,229
1,<environment.Job instance at 0x7f8040fbc9b0>,25,24,[14  2],26,258,282,232,253
1,<environment.Job instance at 0x7f8040fbc2d0>,26,21,[ 5 11],27,282,303,255,274
1,<environment.Job instance at 0x7f8040fbc730>,27,20,[ 2 12],28,303,323,275,294
1,<environment.Job instance at 0x7f8040fbc8c0>,28,23,[ 4 11],29,323,346,294,317
1,<environment.Job instance at 0x7f8040f07af0>,3,24,[8 2],4,4,28,0,4
1,<environment.Job instance at 0x7f8040f07870>,4,21,[ 2 12],5,5,26,0,5
1,<environment.Job instance at 0x7f7ffb72f910>,7,26,[ 5 11],8,26,52,18,23
1,<environment.Job instance at 0x7f8040f070a0>,5,23,[ 2 12],6,52,75,46,46
1,<environment.Job instance at 0x7f8040cfb2d0>,9,21,[9 2],10,46,67,36,46
1,<environment.Job instance at 0x7f804589e690>,12,22,[ 1 14],13,75,97,62,68
1,<environment.Job instance at 0x7f804589e190>,14,25,[ 3 14],15,97,122,82,93
1,<environment.Job instance at 0x7f7ffb7be7d0>,15,28,[2 8],16,122,150,106,121
1,<environment.Job instance at 0x7f7ffb7be690>,16,21,[ 5 14],17,150,171,133,142
1,<environment.Job instance at 0x7f7ffb7be320>,17,27,[9 3],18,171,198,153,169
1,<environment.Job instance at 0x7f7ffaf8f5a0>,3,21,[ 2 11],4,4,25,0,4
1,<environment.Job instance at 0x7f8045708820>,5,25,[9 2],6,6,31,0,6
1,<environment.Job instance at 0x7f7ffb7be9b0>,4,23,[14  3],5,31,54,26,25
1,<environment.Job instance at 0x7f80458fff50>,10,23,[ 2 11],11,54,77,43,48
1,<environment.Job instance at 0x7f8040e7f5f0>,11,27,[1 8],12,77,104,65,75
1,<environment.Job instance at 0x7f8045708e60>,7,19,[11  1],8,75,94,67,75
1,<environment.Job instance at 0x7f7ffafe8370>,13,22,[10  2],14,94,116,80,87
1,<environment.Job instance at 0x7f7ffafe85a0>,14,27,[11  3],15,116,143,101,114
1,<environment.Job instance at 0x7f7ffb0d8730>,15,26,[2 6],16,114,140,98,114
1,<environment.Job instance at 0x7f8040fd3190>,18,25,[14  2],19,143,168,124,139
1,<environment.Job instance at 0x7f7ffafe27d0>,19,22,[3 8],20,168,190,148,161
1,<environment.Job instance at 0x7f8045c80dc0>,20,19,[4 9],21,190,209,169,180
1,<environment.Job instance at 0x7f80413acc80>,22,26,[13  5],23,209,235,186,206
1,<environment.Job instance at 0x7f80413ac910>,23,24,[ 2 10],24,209,233,185,206
1,<environment.Job instance at 0x7f8045b60370>,25,27,[10  2],26,235,262,209,233
1,<environment.Job instance at 0x7f80413ac410>,24,19,[9 4],25,262,281,237,252
1,<environment.Job instance at 0x7f7ffafdc050>,27,27,[7 2],28,281,308,253,279
1,<environment.Job instance at 0x7f8045b3aaa0>,30,24,[13  2],31,308,332,277,303
1,<environment.Job instance at 0x7f80458e55f0>,32,25,[11  4],33,332,357,299,328
1,<environment.Job instance at 0x7f80458e5410>,34,23,[1 6],35,334,357,299,334
1,<environment.Job instance at 0x7f7ffafe8e10>,12,19,[ 5 14],13,357,376,344,354
1,<environment.Job instance at 0x7f8041257960>,1,26,[ 4 10],2,2,28,0,2
1,<environment.Job instance at 0x7f8045d2bc80>,5,25,[7 3],6,6,31,0,6
1,<environment.Job instance at 0x7f8045795460>,4,24,[ 5 11],5,28,52,23,23
1,<environment.Job instance at 0x7f7ffafe8dc0>,2,20,[ 4 11],3,52,72,49,43
1,<environment.Job instance at 0x7f8045d2bdc0>,8,27,[1 5],9,72,99,63,70
1,<environment.Job instance at 0x7f8045d2bf50>,9,17,[ 1 11],10,1719,1736,1709,1719
1,<environment.Job instance at 0x7f8045d2be10>,10,20,[2 9],11,1736,1756,1725,1727
1,<environment.Job instance at 0x7f7ffb7242d0>,2,19,[1 7],3,3,22,0,3
1,<environment.Job instance at 0x7f8040ec9aa0>,6,27,[11  5],7,7,34,0,7
1,<environment.Job instance at 0x7f7ffb76c050>,4,23,[ 2 11],5,34,57,29,28
1,<environment.Job instance at 0x7f8040ec9a50>,9,21,[11  1],10,46,67,36,46
1,<environment.Job instance at 0x7f8040ec9dc0>,5,18,[ 5 11],6,1908,1926,1902,1908
1,<environment.Job instance at 0x7f8040ec9460>,11,26,[5 4],12,1908,1934,1896,1908
1,<environment.Job instance at 0x7f8040ec9c80>,14,20,[10  4],15,1926,1946,1911,1917
1,<environment.Job instance at 0x7f8040ec9e60>,15,19,[11  4],16,1946,1965,1930,1936
1,<environment.Job instance at 0x7f7ffb5a5a00>,16,23,[11  3],17,1965,1988,1948,1959
1,<environment.Job instance at 0x7f7ffb6d89b0>,3,26,[4 7],4,4,30,0,4
1,<environment.Job instance at 0x7f8041056730>,4,21,[6 5],5,5,26,0,5
1,<environment.Job instance at 0x7f80412462d0>,8,19,[ 5 10],9,30,49,21,21
1,<environment.Job instance at 0x7f8041246d70>,12,28,[9 1],13,26,54,13,25
1,<environment.Job instance at 0x7f80412460f0>,16,28,[ 4 12],17,49,77,32,48
1,<environment.Job instance at 0x7f8041246370>,22,21,[9 5],23,77,98,54,69
1,<environment.Job instance at 0x7f8041246a50>,23,21,[11  5],24,98,119,74,90
1,<environment.Job instance at 0x7f8040f07f50>,2,19,[12  1],3,159,178,156,159
1,<environment.Job instance at 0x7f7ffb293500>,0,27,[ 3 14],1,1,28,0,1
1,<environment.Job instance at 0x7f7ffb2936e0>,2,27,[ 5 13],3,28,55,25,26
1,<environment.Job instance at 0x7f8040f07f50>,3,25,[13  4],4,55,80,51,51
1,<environment.Job instance at 0x7f7ffb2bfe60>,11,23,[12  3],12,80,103,68,74
1,<environment.Job instance at 0x7f8041257eb0>,4,27,[ 2 14],5,103,130,98,101
1,<environment.Job instance at 0x7f7ffb28a3c0>,17,20,[7 5],18,130,150,112,121
1,<environment.Job instance at 0x7f7ffb28a280>,15,23,[4 5],16,130,153,114,124
1,<environment.Job instance at 0x7f7ffb28a500>,19,26,[4 6],20,150,176,130,147
1,<environment.Job instance at 0x7f7ffb28a5a0>,20,21,[5 2],21,150,171,129,147
1,<environment.Job instance at 0x7f7ffb28a640>,21,23,[ 4 11],22,176,199,154,170
1,<environment.Job instance at 0x7f7ffb28a6e0>,22,26,[ 3 14],23,199,225,176,196
1,<environment.Job instance at 0x7f7ffb2b4690>,1,27,[4 6],2,2,29,0,2
1,<environment.Job instance at 0x7f8040e51230>,7,25,[11  4],8,8,33,0,8
1,<environment.Job instance at 0x7f8040e515f0>,8,21,[2 6],9,29,50,20,21
1,<environment.Job instance at 0x7f8040e51fa0>,9,22,[5 7],10,33,55,23,26
1,<environment.Job instance at 0x7f8040e51140>,10,19,[1 7],11,50,69,39,40
1,<environment.Job instance at 0x7f8040e51460>,11,27,[ 1 11],12,69,96,57,67
1,<environment.Job instance at 0x7f8040e515a0>,13,26,[11  2],14,67,93,53,67
1,<environment.Job instance at 0x7f8040e42140>,16,24,[9 2],17,93,117,76,88
1,<environment.Job instance at 0x7f8040e424b0>,17,27,[ 5 14],18,117,144,99,115
1,<environment.Job instance at 0x7f8040e42910>,19,20,[ 2 13],20,144,164,124,135
1,<environment.Job instance at 0x7f8040e42d20>,20,26,[ 4 14],21,164,190,143,161
1,<environment.Job instance at 0x7f8040e6d6e0>,0,24,[11  5],1,1,25,0,1
1,<environment.Job instance at 0x7f8040e42280>,2,23,[10  4],3,25,48,22,19
1,<environment.Job instance at 0x7f8040e42dc0>,1,25,[2 7],2,19,44,17,19
1,<environment.Job instance at 0x7f8041212500>,7,27,[ 5 13],8,48,75,40,46
1,<environment.Job instance at 0x7f7ffb026320>,3,21,[ 3 14],4,75,96,71,67
1,<environment.Job instance at 0x7f8041237230>,10,27,[ 5 12],11,96,123,85,94
1,<environment.Job instance at 0x7f80412375f0>,9,21,[12  3],10,123,144,113,115
1,<environment.Job instance at 0x7f8046254e10>,16,26,[11  5],17,144,170,127,141
1,<environment.Job instance at 0x7f7ffb292910>,1,21,[13  2],2,2,23,0,2
1,<environment.Job instance at 0x7f8041212910>,2,23,[14  5],3,23,46,20,17
1,<environment.Job instance at 0x7f8045b6b3c0>,6,28,[5 4],7,46,74,39,45
1,<environment.Job instance at 0x7f8045b6baa0>,5,22,[7 1],6,46,68,40,45
1,<environment.Job instance at 0x7f8045b6b550>,12,23,[13  3],13,74,97,61,68
1,<environment.Job instance at 0x7f8045afd550>,14,28,[11  1],15,97,125,82,96
1,<environment.Job instance at 0x7f8045afd5f0>,15,21,[6 5],16,125,146,109,117
1,<environment.Job instance at 0x7f8045b6b4b0>,13,18,[ 2 12],14,1067,1085,1053,1067
1,<environment.Job instance at 0x7f8045ae8230>,17,20,[ 5 14],18,1085,1105,1067,1076
1,<environment.Job instance at 0x7f8045b08140>,18,27,[ 2 14],19,1105,1132,1086,1103
1,<environment.Job instance at 0x7f7ffb837550>,0,26,[13  5],1,1,27,0,1
1,<environment.Job instance at 0x7f7ffb8373c0>,2,25,[4 9],3,27,52,24,23
1,<environment.Job instance at 0x7f7ffb837f50>,7,28,[9 2],8,27,55,19,26
1,<environment.Job instance at 0x7f7ffb837af0>,8,28,[12  3],9,55,83,46,54
1,<environment.Job instance at 0x7f7ffb837820>,9,20,[5 6],10,83,103,73,74
1,<environment.Job instance at 0x7f8041424a00>,2,26,[ 1 13],3,5,31,2,5
1,<environment.Job instance at 0x7f7ffb61c8c0>,5,24,[ 5 12],6,31,55,25,26
1,<environment.Job instance at 0x7f8041424c30>,7,21,[2 5],8,55,76,47,47
1,<environment.Job instance at 0x7f80457aa6e0>,9,20,[3 9],10,55,75,45,47
1,<environment.Job instance at 0x7f8040e335a0>,11,24,[4 5],12,75,99,63,70
1,<environment.Job instance at 0x7f8041424460>,6,22,[ 3 14],7,99,121,92,92
1,<environment.Job instance at 0x7f8040f0a410>,14,25,[ 5 10],15,121,146,106,117
1,<environment.Job instance at 0x7f8041424eb0>,1,13,[11  1],2,2190,2203,2188,2190
1,<environment.Job instance at 0x7f6fdd7d4640>,1,22,[11  3],2,2,24,0,2
1,<environment.Job instance at 0x7f6fdd7d4500>,2,22,[4 8],3,3,25,0,3
1,<environment.Job instance at 0x7f6fd83c6a50>,3,26,[11  4],4,24,50,20,21
1,<environment.Job instance at 0x7f6fd83c6dc0>,7,25,[6 2],8,50,75,42,46
1,<environment.Job instance at 0x7f6fd83c6e60>,8,22,[14  3],9,75,97,66,68
1,<environment.Job instance at 0x7f6fd83c6c80>,5,24,[1 5],6,69,93,63,69
1,<environment.Job instance at 0x7f6fd83c6af0>,11,26,[4 8],12,97,123,85,94
1,<environment.Job instance at 0x7f6fd83c6b90>,12,26,[ 1 12],13,123,149,110,120
1,<environment.Job instance at 0x7f6fd83c6f00>,9,18,[ 2 13],10,239,257,229,239
1,<environment.Job instance at 0x7f6fd83c9460>,17,28,[ 5 10],18,257,285,239,256
1,<environment.Job instance at 0x7f6fd83c9500>,18,25,[ 4 13],19,285,310,266,281
1,<environment.Job instance at 0x7f6fd83c95a0>,19,14,[ 3 11],20,1423,1437,1403,1423
1,<environment.Job instance at 0x7f6fd83c9640>,20,27,[13  5],21,1437,1464,1416,1435
1,<environment.Job instance at 0x7f6fd83c90a0>,21,26,[ 5 12],22,1464,1490,1442,1461
1,<environment.Job instance at 0x7f6fd83c9730>,22,13,[13  1],23,1513,1526,1490,1513
1,<environment.Job instance at 0x7f6fdd7ff050>,0,23,[ 1 11],1,1,24,0,1
1,<environment.Job instance at 0x7f6fdd7ff6e0>,1,21,[ 5 13],2,24,45,22,16
1,<environment.Job instance at 0x7f6fdd94a280>,6,21,[7 4],7,45,66,38,37
1,<environment.Job instance at 0x7f6fdd94a690>,7,27,[ 1 10],8,45,72,37,43
1,<environment.Job instance at 0x7f6fdd94a4b0>,8,20,[ 3 12],9,72,92,63,63
1,<environment.Job instance at 0x7f6fdd94a5a0>,10,21,[12  2],11,66,87,55,64
1,<environment.Job instance at 0x7f6fdd94acd0>,11,28,[5 1],12,87,115,75,86
1,<environment.Job instance at 0x7f6fdd94ae60>,12,24,[9 2],13,92,116,79,87
1,<environment.Job instance at 0x7f6fdd94ab90>,13,25,[3 8],14,115,140,101,111
1,<environment.Job instance at 0x7f6fdd94afa0>,14,27,[1 6],15,116,143,101,114
1,<environment.Job instance at 0x7f6fdd94ad20>,4,19,[3 8],5,140,159,135,135
1,<environment.Job instance at 0x7f6fdd94fb40>,23,20,[13  1],24,159,179,135,152
1,<environment.Job instance at 0x7f6fdd94f5a0>,25,25,[ 5 14],26,179,204,153,175
1,<environment.Job instance at 0x7f6fdd800eb0>,26,26,[12  1],27,204,230,177,201
1,<environment.Job instance at 0x7f6fdd800b90>,27,28,[ 3 10],28,204,232,176,203
1,<environment.Job instance at 0x7f6fdd800c80>,28,21,[ 1 11],29,232,253,203,226
1,<environment.Job instance at 0x7f6f92704f00>,2,22,[14  4],3,3,25,0,3
1,<environment.Job instance at 0x7f6f92704f50>,6,26,[13  4],7,25,51,18,22
1,<environment.Job instance at 0x7f6f926985f0>,11,25,[6 1],12,51,76,39,47
1,<environment.Job instance at 0x7f6f926986e0>,12,28,[6 2],13,51,79,38,50
1,<environment.Job instance at 0x7f6f92698be0>,13,24,[6 4],14,76,100,62,71
1,<environment.Job instance at 0x7f6f92698e60>,15,25,[ 3 12],16,100,125,84,96
1,<environment.Job instance at 0x7f6f92698af0>,16,26,[13  5],17,125,151,108,122
1,<environment.Job instance at 0x7f6f92698d20>,17,28,[1 9],18,125,153,107,124
1,<environment.Job instance at 0x7f6f927049b0>,4,19,[ 3 12],5,153,172,148,151
1,<environment.Job instance at 0x7f6f92698eb0>,19,28,[ 2 10],20,172,200,152,171
1,<environment.Job instance at 0x7f6f92704cd0>,0,19,[13  1],1,191,210,190,191
1,<environment.Job instance at 0x7f6f926988c0>,21,25,[ 3 14],22,210,235,188,206
1,<environment.Job instance at 0x7f6f9276ef00>,2,20,[13  3],3,3,23,0,3
1,<environment.Job instance at 0x7f6f92751140>,7,21,[11  4],8,23,44,15,16
1,<environment.Job instance at 0x7f6f927519b0>,6,27,[2 9],7,19,46,12,19
1,<environment.Job instance at 0x7f6f92751190>,5,27,[5 9],6,46,73,40,44
1,<environment.Job instance at 0x7f6f92751690>,11,28,[2 8],12,73,101,61,72
1,<environment.Job instance at 0x7f6f92751e60>,3,21,[ 4 12],4,101,122,97,93
1,<environment.Job instance at 0x7f6f92751dc0>,14,21,[ 5 11],15,122,143,107,114
1,<environment.Job instance at 0x7f6f92751c30>,15,26,[ 5 10],16,143,169,127,140
1,<environment.Job instance at 0x7f6f927516e0>,16,27,[12  4],17,169,196,152,167
1,<environment.Job instance at 0x7f6f92751b40>,17,27,[14  3],18,196,223,178,194
1,<environment.Job instance at 0x7f6f927510f0>,13,21,[12  2],14,223,244,209,215
1,<environment.Job instance at 0x7f6f92a77550>,0,20,[13  5],1,1,21,0,1
1,<environment.Job instance at 0x7f6f9276ea00>,2,23,[13  5],3,21,44,18,16
1,<environment.Job instance at 0x7f6f92d79af0>,5,28,[ 4 11],6,44,72,38,43
1,<environment.Job instance at 0x7f6f92a272d0>,1,24,[14  3],2,72,96,70,67
1,<environment.Job instance at 0x7f6f92d79d20>,8,25,[7 3],9,96,121,87,92
1,<environment.Job instance at 0x7f6f92a279b0>,3,21,[12  3],4,121,142,117,113
1,<environment.Job instance at 0x7f6f92d79e10>,10,26,[8 4],11,142,168,131,139
1,<environment.Job instance at 0x7f6f92d79d70>,9,27,[ 4 13],10,168,195,158,166
1,<environment.Job instance at 0x7f6f92d840f0>,14,27,[ 1 10],15,195,222,180,193
1,<environment.Job instance at 0x7f6f92d79c80>,7,22,[14  1],8,195,217,187,193
1,<environment.Job instance at 0x7f6f92d841e0>,16,19,[13  1],17,223,242,206,223
1,<environment.Job instance at 0x7f6f92d843c0>,18,20,[11  2],19,242,262,223,233
1,<environment.Job instance at 0x7f6f92d84320>,19,25,[ 2 13],20,238,263,218,238
1,<environment.Job instance at 0x7f6f92d84550>,22,24,[ 3 13],23,263,287,240,258
1,<environment.Job instance at 0x7f6f92d8c460>,0,25,[6 3],1,1,26,0,1
1,<environment.Job instance at 0x7f6f929beeb0>,4,24,[5 5],5,5,29,0,5
1,<environment.Job instance at 0x7f6f92d846e0>,1,20,[11  1],2,29,49,27,21
1,<environment.Job instance at 0x7f6f929bec80>,7,22,[3 9],8,26,48,18,21
1,<environment.Job instance at 0x7f6f929be690>,6,26,[ 1 13],7,48,74,41,45
1,<environment.Job instance at 0x7f6f929bec30>,10,22,[5 9],11,74,96,63,67
1,<environment.Job instance at 0x7f6fdd7fec80>,1,21,[4 8],2,2,23,0,2
1,<environment.Job instance at 0x7f6fd8712af0>,6,28,[6 1],7,7,35,0,7
1,<environment.Job instance at 0x7f6f9285b550>,9,27,[ 4 12],10,23,50,13,21
1,<environment.Job instance at 0x7f6f9285b640>,10,25,[12  4],11,50,75,39,46
1,<environment.Job instance at 0x7f6f92996f00>,3,21,[ 3 14],4,75,96,71,67
1,<environment.Job instance at 0x7f6fd81a3a50>,11,20,[ 3 14],12,96,116,84,96
1,<environment.Job instance at 0x7f6fd81a3640>,14,24,[8 4],15,116,140,101,111
1,<environment.Job instance at 0x7f6fd81a3550>,16,20,[12  3],17,140,160,123,131
1,<environment.Job instance at 0x7f6f92a835a0>,17,25,[13  2],18,160,185,142,156
1,<environment.Job instance at 0x7f6fdacc73c0>,19,25,[1 6],20,156,181,136,156
1,<environment.Job instance at 0x7f6fd8422780>,0,22,[ 4 14],1,1,23,0,1
1,<environment.Job instance at 0x7f6fdacc7e60>,1,20,[11  4],2,23,43,21,16
1,<environment.Job instance at 0x7f6f92c2d230>,6,21,[ 5 11],7,43,64,36,35
1,<environment.Job instance at 0x7f6fd84228c0>,2,23,[14  4],3,64,87,61,58
1,<environment.Job instance at 0x7f6f92c2d280>,8,23,[ 4 11],9,87,110,78,81
1,<environment.Job instance at 0x7f6f92c2d1e0>,5,24,[14  2],6,110,134,104,105
1,<environment.Job instance at 0x7f6f92c2d500>,10,23,[ 3 13],11,134,157,123,128
1,<environment.Job instance at 0x7f6f9298fc30>,4,21,[14  2],5,157,178,152,149
1,<environment.Job instance at 0x7f6f92c2d460>,11,21,[14  4],12,178,199,166,170
1,<environment.Job instance at 0x7f6f92c2d5a0>,13,24,[ 3 10],14,199,223,185,194
1,<environment.Job instance at 0x7f6f92c2d780>,14,20,[10  4],15,199,219,184,194
1,<environment.Job instance at 0x7f6f92c2daf0>,19,25,[5 8],20,223,248,203,219
1,<environment.Job instance at 0x7f6f92c2d8c0>,20,27,[7 4],21,219,246,198,219
1,<environment.Job instance at 0x7f6f92c2db90>,21,21,[ 3 11],22,248,269,226,240
1,<environment.Job instance at 0x7f6f92c2d2d0>,7,20,[ 2 12],8,269,289,261,260
1,<environment.Job instance at 0x7f6f92c2de10>,24,26,[ 3 12],25,289,315,264,286
1,<environment.Job instance at 0x7f6fdacc73c0>,3,19,[ 3 14],4,2472,2491,2468,2472
1,<environment.Job instance at 0x7f6f92c25aa0>,0,20,[13  5],1,1,21,0,1
1,<environment.Job instance at 0x7f6f92c25b40>,1,27,[1 8],2,2,29,0,2
1,<environment.Job instance at 0x7f6f92c0c910>,3,24,[11  3],4,21,45,17,16
1,<environment.Job instance at 0x7f6f92c0caa0>,7,23,[13  3],8,45,68,37,39
1,<environment.Job instance at 0x7f6fd884bcd0>,12,24,[13  3],13,68,92,55,63
1,<environment.Job instance at 0x7f6fdaab44b0>,16,27,[5 5],17,92,119,75,90
1,<environment.Job instance at 0x7f6fdd800a00>,14,25,[12  2],15,119,144,104,115
1,<environment.Job instance at 0x7f6fdaab4f00>,15,25,[14  1],16,144,169,128,140
1,<environment.Job instance at 0x7f6fdaab4be0>,18,23,[14  2],19,169,192,150,163
1,<environment.Job instance at 0x7f6f92ba2af0>,25,25,[9 2],26,192,217,166,188
1,<environment.Job instance at 0x7f6f92957f50>,23,21,[ 2 11],24,192,213,168,188
1,<environment.Job instance at 0x7f6f925f4a50>,24,23,[14  3],25,217,240,192,211
1,<environment.Job instance at 0x7f6f929c4320>,30,23,[ 2 11],31,240,263,209,234
1,<environment.Job instance at 0x7f6f929cae10>,31,27,[1 8],32,263,290,231,261
1,<environment.Job instance at 0x7f6fdab56500>,33,22,[10  2],34,261,283,227,261
1,<environment.Job instance at 0x7f6fdab56be0>,34,27,[11  3],35,283,310,248,281
1,<environment.Job instance at 0x7f6fd8684190>,38,25,[14  2],39,310,335,271,306
1,<environment.Job instance at 0x7f6f92602c30>,39,22,[3 8],40,335,357,295,328
1,<environment.Job instance at 0x7f6f92602370>,40,19,[4 9],41,357,376,316,347
1,<environment.Job instance at 0x7f6f92602fa0>,42,26,[13  5],43,376,402,333,373
1,<environment.Job instance at 0x7f6fdab23230>,43,24,[ 2 10],44,381,405,337,381
1,<environment.Job instance at 0x7f6fdafc1d70>,45,27,[10  2],46,402,429,356,400
1,<environment.Job instance at 0x7f6fda9f5fa0>,47,27,[7 2],48,429,456,381,427
1,<environment.Job instance at 0x7f6f929b3d20>,27,19,[11  1],28,456,475,428,448
1,<environment.Job instance at 0x7f6f929b3410>,32,19,[ 5 14],33,537,556,504,537
1,<environment.Job instance at 0x7f6f925ef640>,50,24,[13  2],51,556,580,505,551
1,<environment.Job instance at 0x7f6f925ef0f0>,52,25,[11  4],53,580,605,527,576
1,<environment.Job instance at 0x7f6fdacbf870>,54,23,[1 6],55,576,599,521,576
1,<environment.Job instance at 0x7f6fd879fb90>,2,22,[ 5 13],3,3,25,0,3
1,<environment.Job instance at 0x7f6fd879ff00>,5,25,[7 1],6,6,31,0,6
1,<environment.Job instance at 0x7f6fd8350820>,7,27,[ 5 10],8,25,52,17,23
1,<environment.Job instance at 0x7f6fd8522d70>,4,28,[2 9],5,52,80,47,51
1,<environment.Job instance at 0x7f6fd8350370>,8,20,[ 3 13],9,80,100,71,71
1,<environment.Job instance at 0x7f6fd8350780>,11,26,[ 4 10],12,100,126,88,97
1,<environment.Job instance at 0x7f6fd8350410>,12,20,[ 4 11],13,126,146,113,117
1,<environment.Job instance at 0x7f6fd8350e60>,14,24,[ 5 11],15,146,170,131,141
1,<environment.Job instance at 0x7f6f92c93780>,15,25,[7 3],16,141,166,125,141
1,<environment.Job instance at 0x7f6fd83500a0>,2,19,[1 7],3,4,23,1,4
1,<environment.Job instance at 0x7f6f928a5960>,6,27,[11  5],7,7,34,0,7
1,<environment.Job instance at 0x7f6f928a5910>,4,23,[ 2 11],5,34,57,29,28
1,<environment.Job instance at 0x7f6f928a5d20>,9,21,[11  1],10,34,55,24,28
1,<environment.Job instance at 0x7f6f928a6280>,2,28,[9 1],3,3,31,0,3
1,<environment.Job instance at 0x7f6f929fc410>,6,28,[ 4 12],7,7,35,0,7
1,<environment.Job instance at 0x7f6fd84c0640>,7,25,[2 6],8,35,60,27,31
1,<environment.Job instance at 0x7f6fd84c0960>,12,21,[9 5],13,35,56,22,31
1,<environment.Job instance at 0x7f6fd84c05a0>,13,21,[11  5],14,56,77,42,48
1,<environment.Job instance at 0x7f6fd8368550>,17,24,[12  2],18,77,101,59,72
1,<environment.Job instance at 0x7f6fd8368870>,18,27,[5 9],19,101,128,82,99
1,<environment.Job instance at 0x7f6fd8368690>,19,23,[8 5],20,101,124,81,99
1,<environment.Job instance at 0x7f6fdaa17cd0>,0,21,[5 2],1,1,22,0,1
1,<environment.Job instance at 0x7f6fd8368640>,1,23,[ 4 11],2,2,25,0,2
1,<environment.Job instance at 0x7f6fdaa17640>,8,25,[14  5],9,25,50,16,21
1,<environment.Job instance at 0x7f6fdaa17dc0>,2,26,[ 3 14],3,50,76,47,47
1,<environment.Job instance at 0x7f6fdaa17140>,4,19,[ 4 11],5,76,95,71,67
1,<environment.Job instance at 0x7f6f92c1b8c0>,14,22,[9 4],15,76,98,61,69
1,<environment.Job instance at 0x7f6f92c1be60>,15,27,[12  1],16,98,125,82,96
1,<environment.Job instance at 0x7f6f92c1bdc0>,16,22,[11  5],17,125,147,108,118
1,<environment.Job instance at 0x7f6f92c1b190>,18,22,[ 3 14],19,147,169,128,141
1,<environment.Job instance at 0x7f6f92c1bc30>,19,26,[2 7],20,169,195,149,166
1,<environment.Job instance at 0x7f6f92c1bf00>,20,23,[10  3],21,169,192,148,166
1,<environment.Job instance at 0x7f6fdaa17870>,6,12,[11  1],7,295,307,288,295
1,<environment.Job instance at 0x7f6f92c1b280>,22,23,[13  2],23,307,330,284,301
1,<environment.Job instance at 0x7f6f92c8b410>,23,25,[4 5],24,330,355,306,326
1,<environment.Job instance at 0x7f6f92c8bb90>,24,21,[14  1],25,355,376,330,347
1,<environment.Job instance at 0x7f6f92c8bc80>,25,18,[11  1],26,487,505,461,487
1,<environment.Job instance at 0x7f6f92c8bc30>,26,19,[ 3 12],27,487,506,460,487
1,<environment.Job instance at 0x7f6f92c8bdc0>,28,18,[12  5],29,794,812,765,794
1,<environment.Job instance at 0x7f6f92c8b9b0>,29,27,[13  3],30,812,839,782,810
1,<environment.Job instance at 0x7f6f92c8b960>,31,27,[4 6],32,839,866,807,837
1,<environment.Job instance at 0x7f6f92c8bd70>,3,27,[5 5],4,4,31,0,4
1,<environment.Job instance at 0x7f6f9265ed20>,5,28,[ 5 11],6,31,59,25,30
1,<environment.Job instance at 0x7f6f9265e410>,8,23,[3 7],9,59,82,50,53
1,<environment.Job instance at 0x7f6f9265e550>,7,27,[ 2 14],8,82,109,74,80
1,<environment.Job instance at 0x7f6f9265e690>,10,21,[1 8],11,109,130,98,101
1,<environment.Job instance at 0x7f6f9244ad20>,11,25,[5 8],12,130,155,118,126
1,<environment.Job instance at 0x7f6f9265e820>,12,23,[ 3 12],13,155,178,142,149
1,<environment.Job instance at 0x7f6f9265e050>,13,20,[11  5],14,178,198,164,169
1,<environment.Job instance at 0x7f6f9265ea50>,14,27,[12  3],15,198,225,183,196
1,<environment.Job instance at 0x7f6f9265e9b0>,15,24,[6 1],16,225,249,209,220
1,<environment.Job instance at 0x7f6f9266c960>,16,26,[ 1 12],17,220,246,203,220
1,<environment.Job instance at 0x7f6f9266c140>,18,25,[1 5],19,246,271,227,242
1,<environment.Job instance at 0x7f6f9266c0a0>,19,20,[3 8],20,246,266,226,242
1,<environment.Job instance at 0x7f6f9266c3c0>,20,24,[11  5],21,266,290,245,261
1,<environment.Job instance at 0x7f6f9266c4b0>,21,25,[2 7],22,271,296,249,267
1,<environment.Job instance at 0x7f6fd82f35a0>,22,23,[10  4],23,290,313,267,284
1,<environment.Job instance at 0x7f6f9266ce10>,23,21,[ 3 14],24,313,334,289,305
1,<environment.Job instance at 0x7f6f92c8b960>,6,19,[11  5],7,334,353,327,327
1,<environment.Job instance at 0x7f6f9266df00>,27,27,[ 5 13],28,353,380,325,351
1,<environment.Job instance at 0x7f6f9266d640>,29,21,[12  3],30,380,401,350,374
1,<environment.Job instance at 0x7f6fd86ea7d0>,30,27,[ 5 12],31,401,428,370,399
1,<environment.Job instance at 0x7f6fd819e8c0>,2,23,[ 1 14],3,428,451,425,422
1,<environment.Job instance at 0x7f6fd833de10>,1,24,[14  3],2,2,26,0,2
1,<environment.Job instance at 0x7f6f9269cc30>,5,23,[1 5],6,8,31,2,8
1,<environment.Job instance at 0x7f6fd87dd9b0>,6,22,[ 5 11],7,31,53,24,24
1,<environment.Job instance at 0x7f6fdaf590f0>,7,24,[ 5 13],8,53,77,45,48
1,<environment.Job instance at 0x7f6fdb09bf00>,2,25,[12  1],3,77,102,74,73
1,<environment.Job instance at 0x7f6f92785140>,9,26,[12  4],10,102,128,92,99
1,<environment.Job instance at 0x7f6f929fc050>,12,23,[14  5],13,128,151,115,122
1,<environment.Job instance at 0x7f6fd8844820>,15,22,[7 1],16,151,173,135,144
1,<environment.Job instance at 0x7f6fd88444b0>,16,28,[5 4],17,151,179,134,150
1,<environment.Job instance at 0x7f6f927699b0>,11,21,[13  2],12,179,200,167,171
1,<environment.Job instance at 0x7f6f9240ee10>,0,26,[13  5],1,1,27,0,1
1,<environment.Job instance at 0x7f6f9240e7d0>,2,25,[4 9],3,27,52,24,23
1,<environment.Job instance at 0x7f6f9240e730>,7,28,[9 2],8,27,55,19,26
1,<environment.Job instance at 0x7f6f9240e870>,8,28,[12  3],9,55,83,46,54
1,<environment.Job instance at 0x7f6f928a09b0>,1,24,[4 5],2,2,26,0,2
1,<environment.Job instance at 0x7f6fdd946230>,4,25,[ 5 10],5,5,30,0,5
1,<environment.Job instance at 0x7f6fd8369a00>,9,27,[13  4],10,30,57,20,28
1,<environment.Job instance at 0x7f6f92d39f50>,0,28,[7 5],1,1,29,0,1
1,<environment.Job instance at 0x7f6f92d39280>,3,24,[8 5],4,4,28,0,4
1,<environment.Job instance at 0x7f6f92d39cd0>,5,23,[11  5],6,29,52,23,23
1,<environment.Job instance at 0x7f6fd83690a0>,2,20,[5 8],3,52,72,49,43
1,<environment.Job instance at 0x7f6f92a666e0>,8,25,[7 3],9,52,77,43,48
1,<environment.Job instance at 0x7f6f92a66820>,9,23,[12  5],10,77,100,67,71
1,<environment.Job instance at 0x7f6fd81695f0>,1,22,[12  4],2,100,122,98,93
1,<environment.Job instance at 0x7f6f92a668c0>,6,23,[ 2 12],7,122,145,115,116
1,<environment.Job instance at 0x7f6fd81c2730>,11,27,[5 2],12,122,149,110,120
1,<environment.Job instance at 0x7f6fd81c28c0>,14,21,[ 3 10],15,145,166,130,137
1,<environment.Job instance at 0x7f6f92d390a0>,4,19,[13  1],5,2340,2359,2335,2340
1,<environment.Job instance at 0x7f6f9258ae60>,18,21,[7 1],19,2359,2380,2340,2351
1,<environment.Job instance at 0x7f6f924ddc30>,19,24,[8 5],20,2359,2383,2339,2354
1,<environment.Job instance at 0x7f6f924ddfa0>,20,21,[ 3 11],21,2383,2404,2362,2375
1,<environment.Job instance at 0x7f6f925e7870>,0,22,[ 1 14],1,2,24,1,2
1,<environment.Job instance at 0x7f6f925e74b0>,6,28,[8 1],7,17,45,10,17
1,<environment.Job instance at 0x7f6f925e7af0>,4,27,[11  4],5,45,72,40,43
1,<environment.Job instance at 0x7f6f925e7aa0>,10,22,[12  5],11,72,94,61,65
1,<environment.Job instance at 0x7f6f9262a9b0>,13,20,[9 2],14,94,114,80,85
1,<environment.Job instance at 0x7f6f925e71e0>,9,27,[ 4 13],10,94,121,84,92
1,<environment.Job instance at 0x7f6f9262ab40>,15,27,[10  2],16,114,141,98,112
1,<environment.Job instance at 0x7f6f9262ad20>,16,27,[13  1],17,141,168,124,139
1,<environment.Job instance at 0x7f6f9262a5f0>,17,22,[2 8],18,139,161,121,139
1,<environment.Job instance at 0x7f6f9262a730>,18,26,[12  3],19,168,194,149,165
1,<environment.Job instance at 0x7f6f9262a780>,19,20,[4 6],20,194,214,174,185
1,<environment.Job instance at 0x7f6f9262a5a0>,20,23,[13  4],21,214,237,193,208
1,<environment.Job instance at 0x7f6f9262a8c0>,21,25,[ 4 12],22,237,262,215,233
1,<environment.Job instance at 0x7f6f9262a460>,22,26,[5 5],23,262,288,239,259
1,<environment.Job instance at 0x7f6f9262a500>,24,19,[4 7],25,262,281,237,259
1,<environment.Job instance at 0x7f6fdadff910>,25,25,[ 2 10],26,281,306,255,277
1,<environment.Job instance at 0x7f6f925e70a0>,8,23,[ 3 14],9,306,329,297,300
1,<environment.Job instance at 0x7f6fdadff7d0>,29,19,[9 1],30,302,321,272,302
1,<environment.Job instance at 0x7f6fdadff820>,30,21,[9 1],31,321,342,290,313
1,<environment.Job instance at 0x7f6fdadff230>,34,27,[5 6],35,329,356,294,327
1,<environment.Job instance at 0x7f6fdadff3c0>,36,25,[9 4],37,342,367,305,338
1,<environment.Job instance at 0x7f6fdadffcd0>,37,25,[12  3],38,367,392,329,363
1,<environment.Job instance at 0x7f6fdadff550>,38,26,[ 3 10],39,363,389,324,363
1,<environment.Job instance at 0x7f6fdafc1730>,41,27,[ 5 14],42,392,419,350,390
1,<environment.Job instance at 0x7f6fdadff730>,31,19,[ 3 11],32,419,438,387,417
1,<environment.Job instance at 0x7f6fdafc12d0>,44,20,[12  3],45,419,439,374,417
1,<environment.Job instance at 0x7f6f92393dc0>,46,26,[13  3],47,439,465,392,436
1,<environment.Job instance at 0x7f6f92393320>,47,23,[9 5],48,465,488,417,459
1,<environment.Job instance at 0x7f6f92393280>,48,27,[7 3],49,488,515,439,486
1,<environment.Job instance at 0x7f6f923939b0>,49,22,[3 9],50,486,508,436,486
1,<environment.Job instance at 0x7f6fdabb7230>,9,25,[9 4],10,41,66,31,41
1,<environment.Job instance at 0x7fd49ef4f370>,1,22,[11  3],2,2,24,0,2
1,<environment.Job instance at 0x7fd49efd7820>,2,22,[4 8],3,3,25,0,3
1,<environment.Job instance at 0x7fd499b402d0>,3,26,[11  4],4,24,50,20,21
1,<environment.Job instance at 0x7fd499b40640>,7,25,[6 2],8,50,75,42,46
1,<environment.Job instance at 0x7fd499b406e0>,8,22,[14  3],9,75,97,66,68
1,<environment.Job instance at 0x7fd499b40500>,5,24,[1 5],6,68,92,62,68
1,<environment.Job instance at 0x7fd499b408c0>,11,26,[4 8],12,97,123,85,94
1,<environment.Job instance at 0x7fd49ef4f140>,4,21,[1 6],5,96,117,91,96
1,<environment.Job instance at 0x7fd499b40960>,12,26,[ 1 12],13,123,149,110,120
1,<environment.Job instance at 0x7fd499b40780>,9,18,[ 2 13],10,176,194,166,176
1,<environment.Job instance at 0x7fd499b40c80>,17,28,[ 5 10],18,194,222,176,193
1,<environment.Job instance at 0x7fd499b40d20>,18,25,[ 4 13],19,222,247,203,218
1,<environment.Job instance at 0x7fd49f0b54b0>,0,21,[12  2],1,1,22,0,1
1,<environment.Job instance at 0x7fd499b40d20>,2,24,[9 2],3,22,46,19,17
1,<environment.Job instance at 0x7fd49f0b5f50>,4,27,[1 6],5,17,44,12,17
1,<environment.Job instance at 0x7fd49f0b5b90>,3,25,[3 8],4,44,69,40,40
1,<environment.Job instance at 0x7fd499b40c30>,1,28,[5 1],2,46,74,44,45
1,<environment.Job instance at 0x7fd49f0bceb0>,15,25,[ 5 14],16,69,94,53,65
1,<environment.Job instance at 0x7fd49f0bc640>,17,28,[ 3 10],18,94,122,76,93
1,<environment.Job instance at 0x7fd49f0bc0a0>,16,26,[12  1],17,94,120,77,93
1,<environment.Job instance at 0x7fd49f0c24b0>,18,21,[ 1 11],19,122,143,103,115
1,<environment.Job instance at 0x7fd49f0c2e10>,21,20,[8 2],22,120,140,98,115
1,<environment.Job instance at 0x7fd49f0c2af0>,22,21,[10  1],23,140,161,117,132
1,<environment.Job instance at 0x7fd49f0bcaa0>,13,20,[13  1],14,161,181,147,152
1,<environment.Job instance at 0x7fd49f0c2d20>,24,25,[4 5],25,181,206,156,177
1,<environment.Job instance at 0x7fd49f0c2eb0>,26,28,[ 1 13],27,206,234,179,205
1,<environment.Job instance at 0x7fd49f0c2410>,27,26,[ 1 11],28,234,260,206,231
1,<environment.Job instance at 0x7fd49f0c1b90>,29,26,[6 5],30,260,286,230,257
1,<environment.Job instance at 0x7fd4540ff730>,1,25,[ 3 14],2,2,27,0,2
1,<environment.Job instance at 0x7fd49f0c1370>,5,27,[4 8],6,27,54,21,25
1,<environment.Job instance at 0x7fd453e33aa0>,3,20,[ 4 10],4,54,74,50,45
1,<environment.Job instance at 0x7fd453e31140>,6,27,[ 2 12],7,74,101,67,72
1,<environment.Job instance at 0x7fd453e317d0>,11,25,[ 1 11],12,101,126,89,97
1,<environment.Job instance at 0x7fd453e31e60>,8,20,[ 3 14],9,126,146,117,117
1,<environment.Job instance at 0x7fd453e31c30>,13,27,[9 1],14,117,144,103,117
1,<environment.Job instance at 0x7fd453e31d20>,14,23,[13  2],15,146,169,131,140
1,<environment.Job instance at 0x7fd453e31d70>,15,20,[12  4],16,169,189,153,160
1,<environment.Job instance at 0x7fd453e296e0>,17,26,[4 9],18,189,215,171,186
1,<environment.Job instance at 0x7fd453e29e60>,18,25,[13  3],19,215,240,196,211
1,<environment.Job instance at 0x7fd453e29b90>,20,26,[5 5],21,240,266,219,237
1,<environment.Job instance at 0x7fd453e29230>,21,24,[4 7],22,240,264,218,237
1,<environment.Job instance at 0x7fd453e29a50>,24,19,[ 3 12],25,266,285,241,256
1,<environment.Job instance at 0x7fd453f19a50>,0,25,[7 2],1,1,26,0,1
1,<environment.Job instance at 0x7fd453f19f50>,1,26,[ 5 11],2,2,28,0,2
1,<environment.Job instance at 0x7fd453f0a870>,11,26,[11  5],12,28,54,16,25
1,<environment.Job instance at 0x7fd453efcf00>,5,19,[12  5],6,86,105,80,86
1,<environment.Job instance at 0x7fd453efcd70>,2,26,[13  2],3,3,29,0,3
1,<environment.Job instance at 0x7fd49e52a0f0>,3,22,[9 5],4,29,51,25,22
1,<environment.Job instance at 0x7fd45422a460>,7,23,[6 4],8,29,52,21,23
1,<environment.Job instance at 0x7fd45422a500>,8,26,[ 3 11],9,51,77,42,48
1,<environment.Job instance at 0x7fd45422a6e0>,11,25,[3 9],12,77,102,65,73
1,<environment.Job instance at 0x7fd45422a8c0>,14,23,[13  3],15,102,125,87,96
1,<environment.Job instance at 0x7fd45422aa00>,16,23,[ 2 13],17,125,148,108,119
1,<environment.Job instance at 0x7fd453f882d0>,1,28,[ 1 13],2,2,30,0,2
1,<environment.Job instance at 0x7fd499f2a190>,7,22,[11  2],8,8,30,0,8
1,<environment.Job instance at 0x7fd45422aa00>,3,22,[12  5],4,30,52,26,23
1,<environment.Job instance at 0x7fd499f2a820>,11,21,[4 8],12,52,73,40,44
1,<environment.Job instance at 0x7fd499bc5dc0>,0,22,[ 4 14],1,1,23,0,1
1,<environment.Job instance at 0x7fd499bc5d20>,1,20,[11  4],2,23,43,21,15
1,<environment.Job instance at 0x7fd499bc5190>,2,23,[14  4],3,43,66,40,38
1,<environment.Job instance at 0x7fd499bc5370>,5,24,[14  2],6,66,90,60,61
1,<environment.Job instance at 0x7fd49997a0a0>,8,23,[ 4 11],9,90,113,81,84
1,<environment.Job instance at 0x7fd499bc51e0>,6,21,[ 5 11],7,113,134,106,105
1,<environment.Job instance at 0x7fd49997abe0>,7,20,[ 2 12],8,134,154,126,125
1,<environment.Job instance at 0x7fd49997a690>,11,21,[14  4],12,154,175,142,146
1,<environment.Job instance at 0x7fd49997ac30>,10,23,[ 3 13],11,175,198,164,169
1,<environment.Job instance at 0x7fd45413c550>,13,24,[ 3 10],14,198,222,184,193
1,<environment.Job instance at 0x7fd49997a3c0>,14,20,[10  4],15,198,218,183,193
1,<environment.Job instance at 0x7fd453ed94b0>,19,25,[5 8],20,222,247,202,218
1,<environment.Job instance at 0x7fd453ed9d20>,20,27,[7 4],21,218,245,197,218
1,<environment.Job instance at 0x7fd453ed90f0>,21,21,[ 3 11],22,247,268,225,239
1,<environment.Job instance at 0x7fd499bc54b0>,4,21,[14  2],5,268,289,263,260
1,<environment.Job instance at 0x7fd45415cd70>,24,26,[ 3 12],25,289,315,264,286
1,<environment.Job instance at 0x7fd49e34d910>,2,24,[13  3],3,3,27,0,3
1,<environment.Job instance at 0x7fd45413e8c0>,6,27,[5 5],7,27,54,20,25
1,<environment.Job instance at 0x7fd45413e7d0>,4,25,[12  2],5,54,79,49,50
1,<environment.Job instance at 0x7fd45413edc0>,13,21,[ 2 11],14,66,87,52,66
1,<environment.Job instance at 0x7fd45413ee60>,14,23,[14  3],15,87,110,72,81
1,<environment.Job instance at 0x7fd45413efa0>,15,25,[9 2],16,110,135,94,106
1,<environment.Job instance at 0x7fd45413ef00>,17,19,[11  1],18,135,154,117,125
1,<environment.Job instance at 0x7fd45413eaa0>,8,23,[14  2],9,154,177,145,148
1,<environment.Job instance at 0x7fd45415cd70>,5,25,[14  1],6,177,202,171,173
1,<environment.Job instance at 0x7fd454111280>,20,23,[ 2 11],21,202,225,181,196
1,<environment.Job instance at 0x7fd454111320>,21,27,[1 8],22,225,252,203,223
1,<environment.Job instance at 0x7fd454111460>,23,22,[10  2],24,223,245,199,223
1,<environment.Job instance at 0x7fd454111500>,24,27,[11  3],25,245,272,220,243
1,<environment.Job instance at 0x7fd454111640>,25,26,[2 6],26,252,278,226,249
1,<environment.Job instance at 0x7fd454111910>,28,25,[14  2],29,278,303,249,274
1,<environment.Job instance at 0x7fd454111870>,29,22,[3 8],30,303,325,273,296
1,<environment.Job instance at 0x7fd4541117d0>,30,19,[4 9],31,325,344,294,315
1,<environment.Job instance at 0x7fd454111a00>,32,26,[13  5],33,344,370,311,341
1,<environment.Job instance at 0x7fd454111aa0>,33,24,[ 2 10],34,344,368,310,341
1,<environment.Job instance at 0x7fd454111be0>,35,27,[10  2],36,370,397,334,368
1,<environment.Job instance at 0x7fd454111f50>,37,27,[7 2],38,397,424,359,395
1,<environment.Job instance at 0x7fd454111c80>,34,19,[9 4],35,424,443,389,414
1,<environment.Job instance at 0x7fd454111f00>,40,24,[13  2],41,443,467,402,438
1,<environment.Job instance at 0x7fd454114140>,42,25,[11  4],43,467,492,424,463
1,<environment.Job instance at 0x7fd454114280>,44,23,[1 6],45,464,487,419,464
1,<environment.Job instance at 0x7fd4541113c0>,22,19,[ 5 14],23,526,545,503,526
1,<environment.Job instance at 0x7fd453fa7c30>,0,20,[2 9],1,1,21,0,1
1,<environment.Job instance at 0x7fd4541113c0>,2,27,[12  4],3,3,30,0,3
1,<environment.Job instance at 0x7fd4542575a0>,2,20,[11  1],3,4,24,1,4
1,<environment.Job instance at 0x7fd499c728c0>,4,27,[7 2],5,24,51,19,22
1,<environment.Job instance at 0x7fd454257640>,7,21,[12  5],8,51,72,43,43
1,<environment.Job instance at 0x7fd4540fbaa0>,9,25,[6 1],10,72,97,62,68
1,<environment.Job instance at 0x7fd4540fbf00>,10,24,[11  4],11,97,121,86,92
1,<environment.Job instance at 0x7fd4540fb0f0>,12,27,[5 1],13,121,148,108,119
1,<environment.Job instance at 0x7fd4540fb460>,13,21,[1 6],14,119,140,105,119
1,<environment.Job instance at 0x7fd4542575f0>,6,20,[ 4 13],7,140,160,133,131
1,<environment.Job instance at 0x7fd4540fbaf0>,15,25,[6 1],16,131,156,115,131
1,<environment.Job instance at 0x7fd4540fb320>,17,25,[8 3],18,160,185,142,156
1,<environment.Job instance at 0x7fd499ab9910>,22,19,[12  1],23,185,204,162,176
1,<environment.Job instance at 0x7fd45405fb40>,23,26,[4 7],24,204,230,180,201
1,<environment.Job instance at 0x7fd45434c730>,24,21,[6 5],25,204,225,179,201
1,<environment.Job instance at 0x7fd49e4ddcd0>,26,20,[3 6],27,225,245,198,216
1,<environment.Job instance at 0x7fd45443b320>,28,19,[ 5 10],29,245,264,216,235
1,<environment.Job instance at 0x7fd49e8de320>,32,28,[9 1],33,238,266,205,238
1,<environment.Job instance at 0x7fd49eabf410>,0,27,[ 3 14],1,1,28,0,1
1,<environment.Job instance at 0x7fd49eabfe10>,2,27,[ 5 13],3,28,55,25,26
1,<environment.Job instance at 0x7fd453fc88c0>,3,25,[13  4],4,55,80,51,51
1,<environment.Job instance at 0x7fd454317190>,11,23,[12  3],12,80,103,68,74
1,<environment.Job instance at 0x7fd4999d3870>,4,27,[ 2 14],5,103,130,98,101
1,<environment.Job instance at 0x7fd454317550>,15,23,[4 5],16,130,153,114,124
1,<environment.Job instance at 0x7fd454317640>,17,20,[7 5],18,130,150,112,124
1,<environment.Job instance at 0x7fd4543178c0>,19,26,[4 6],20,150,176,130,147
1,<environment.Job instance at 0x7fd454317960>,20,21,[5 2],21,150,171,129,147
1,<environment.Job instance at 0x7fd454317a00>,21,23,[ 4 11],22,176,199,154,170
1,<environment.Job instance at 0x7fd454317aa0>,22,26,[ 3 14],23,199,225,176,196
1,<environment.Job instance at 0x7fd49e6efa00>,0,26,[ 4 14],1,1,27,0,1
1,<environment.Job instance at 0x7fd49e6ef780>,5,23,[ 4 11],6,27,50,21,21
1,<environment.Job instance at 0x7fd499caee60>,6,21,[ 5 14],7,50,71,43,42
1,<environment.Job instance at 0x7fd49e5294b0>,1,24,[14  3],2,2,26,0,2
1,<environment.Job instance at 0x7fd453facc80>,5,23,[1 5],6,9,32,3,9
1,<environment.Job instance at 0x7fd453fac8c0>,6,22,[ 5 11],7,32,54,25,25
1,<environment.Job instance at 0x7fd453faca50>,7,24,[ 5 13],8,54,78,46,49
1,<environment.Job instance at 0x7fd499cae2d0>,3,24,[5 8],4,78,102,74,73
1,<environment.Job instance at 0x7fd499ccddc0>,2,25,[12  1],3,102,127,99,98
1,<environment.Job instance at 0x7fd453fac780>,9,26,[12  4],10,127,153,117,124
1,<environment.Job instance at 0x7fd453d7d640>,12,23,[14  5],13,153,176,140,147
1,<environment.Job instance at 0x7fd453d7d140>,15,22,[7 1],16,176,198,160,169
1,<environment.Job instance at 0x7fd453d7d500>,16,28,[5 4],17,176,204,159,175
1,<environment.Job instance at 0x7fd453d7d370>,11,21,[13  2],12,204,225,192,196
1,<environment.Job instance at 0x7fd4543aea00>,6,20,[ 3 14],7,8,28,1,8
1,<environment.Job instance at 0x7fd4543aea50>,8,21,[1 7],9,28,49,19,20
1,<environment.Job instance at 0x7fd4543aebe0>,10,28,[ 1 11],11,49,77,38,48
1,<environment.Job instance at 0x7fd4543aecd0>,11,22,[8 3],12,48,70,36,48
1,<environment.Job instance at 0x7fd4543ae870>,12,28,[14  4],13,70,98,57,69
1,<environment.Job instance at 0x7fd4543ae5f0>,13,27,[13  4],14,98,125,84,96
1,<environment.Job instance at 0x7fd4544d4280>,2,23,[ 4 13],3,3,26,0,3
1,<environment.Job instance at 0x7fd45438ac30>,4,26,[11  4],5,26,52,21,23
1,<environment.Job instance at 0x7fd4544d44b0>,6,21,[2 8],7,26,47,19,23
1,<environment.Job instance at 0x7fd45438a050>,3,19,[11  1],4,52,71,48,47
1,<environment.Job instance at 0x7fd4544d4410>,10,28,[5 2],11,71,99,60,70
1,<environment.Job instance at 0x7fd45439b190>,11,21,[ 4 12],12,70,91,58,70
1,<environment.Job instance at 0x7fd453efc2d0>,13,18,[11  5],14,400,418,386,400
1,<environment.Job instance at 0x7fd49e79c2d0>,16,22,[2 6],17,401,423,384,401
1,<environment.Job instance at 0x7fd49e79cf50>,17,21,[11  3],18,418,439,400,411
1,<environment.Job instance at 0x7fd453d43b40>,19,23,[5 5],20,439,462,419,433
1,<environment.Job instance at 0x7fd4999218c0>,20,19,[6 2],21,439,458,418,433
1,<environment.Job instance at 0x7fd49e43a690>,2,20,[ 4 11],3,3,23,0,3
1,<environment.Job instance at 0x7fd49e43a640>,4,22,[11  1],5,7,29,2,7
1,<environment.Job instance at 0x7fd4999218c0>,5,20,[1 8],6,23,43,17,20
1,<environment.Job instance at 0x7fd453f66280>,11,28,[11  4],12,29,57,17,28
1,<environment.Job instance at 0x7fd453f66b90>,12,22,[ 5 12],13,57,79,44,50
1,<environment.Job instance at 0x7fd453f660f0>,14,25,[9 5],15,79,104,64,75
1,<environment.Job instance at 0x7fd453f66050>,15,22,[3 8],16,79,101,63,75
1,<environment.Job instance at 0x7fd453b3d1e0>,19,26,[7 2],20,104,130,84,101
1,<environment.Job instance at 0x7fd453b3d3c0>,18,22,[ 1 13],19,104,126,85,101
1,<environment.Job instance at 0x7fd453b3df00>,22,25,[10  3],23,130,155,107,126
1,<environment.Job instance at 0x7fd454247320>,1,27,[ 5 14],2,2,29,0,2
1,<environment.Job instance at 0x7fd49e8bec30>,7,23,[9 5],8,29,52,21,23
1,<environment.Job instance at 0x7fd4543f96e0>,8,27,[7 3],9,52,79,43,50
1,<environment.Job instance at 0x7fd4543f9960>,9,22,[3 9],10,50,72,40,50
1,<environment.Job instance at 0x7fd4543f9780>,6,26,[13  3],7,79,105,72,76
1,<environment.Job instance at 0x7fd4543cedc0>,4,20,[12  3],5,105,125,100,96
1,<environment.Job instance at 0x7fd453f53eb0>,1,24,[5 4],2,2,26,0,2
1,<environment.Job instance at 0x7fd49f0c1a50>,4,27,[ 3 14],5,26,53,21,24
1,<environment.Job instance at 0x7fd49f0c1370>,6,27,[3 6],7,53,80,46,51
1,<environment.Job instance at 0x7fd4543f9140>,2,20,[ 1 13],3,80,100,77,71
1,<environment.Job instance at 0x7fd454396cd0>,9,28,[12  3],10,100,128,90,99
1,<environment.Job instance at 0x7fd454396d20>,10,27,[5 2],11,128,155,117,126
1,<environment.Job instance at 0x7fd454270410>,2,23,[6 1],3,3,26,0,3
1,<environment.Job instance at 0x7fd453e95410>,8,26,[1 8],9,9,35,0,9
1,<environment.Job instance at 0x7fd499aa0910>,10,26,[ 2 10],11,35,61,24,32
1,<environment.Job instance at 0x7fd453e950a0>,3,19,[12  4],4,165,184,161,165
1,<environment.Job instance at 0x7fd499aa0e10>,15,26,[ 5 13],16,184,210,168,181
1,<environment.Job instance at 0x7fd49eb20be0>,4,28,[7 1],5,5,33,0,5
1,<environment.Job instance at 0x7fd499aa04b0>,5,23,[ 5 13],6,6,29,0,6
1,<environment.Job instance at 0x7fd49eb20960>,6,23,[2 7],7,29,52,22,23
1,<environment.Job instance at 0x7fd499aa0be0>,7,28,[ 1 10],8,52,80,44,51
1,<environment.Job instance at 0x7fd499a9a870>,8,25,[ 2 12],9,80,105,71,76
1,<environment.Job instance at 0x7fd49eb20550>,10,28,[10  3],11,76,104,65,76
1,<environment.Job instance at 0x7fd49e3e4410>,11,23,[11  2],12,104,127,92,98
1,<environment.Job instance at 0x7fd4544ae4b0>,13,22,[3 5],14,105,127,91,98
1,<environment.Job instance at 0x7fd45449b370>,14,27,[1 7],15,105,132,90,103
1,<environment.Job instance at 0x7f7d9219e370>,1,22,[11  3],2,2,24,0,2
1,<environment.Job instance at 0x7f7d9219e230>,2,22,[4 8],3,3,25,0,3
1,<environment.Job instance at 0x7f7d8ad8e690>,7,25,[6 2],8,24,49,16,21
1,<environment.Job instance at 0x7f7d9219e190>,3,26,[11  4],4,49,75,45,46
1,<environment.Job instance at 0x7f7d8ad8e730>,8,22,[14  3],9,75,97,66,68
1,<environment.Job instance at 0x7f7d8ad8e910>,11,26,[4 8],12,97,123,85,94
1,<environment.Job instance at 0x7f7d8ad8e9b0>,12,26,[ 1 12],13,123,149,110,120
1,<environment.Job instance at 0x7f7d8ad8e4b0>,5,25,[ 5 14],6,7,32,1,7
1,<environment.Job instance at 0x7f7d921c5280>,7,28,[ 3 10],8,32,60,24,31
1,<environment.Job instance at 0x7f7d8ad8e320>,6,26,[12  1],7,32,58,25,31
1,<environment.Job instance at 0x7f7d921c5d70>,11,20,[8 2],12,58,78,46,49
1,<environment.Job instance at 0x7f7d921c5230>,12,21,[10  1],13,78,99,65,70
1,<environment.Job instance at 0x7f7d921c52d0>,8,21,[ 1 11],9,71,92,62,71
1,<environment.Job instance at 0x7f7d921c5eb0>,14,25,[4 5],15,92,117,77,88
1,<environment.Job instance at 0x7f7d921c5460>,16,28,[ 1 13],17,117,145,100,116
1,<environment.Job instance at 0x7f7d921c5af0>,17,26,[ 1 11],18,145,171,127,142
1,<environment.Job instance at 0x7f7d9230b320>,19,26,[6 5],20,171,197,151,168
1,<environment.Job instance at 0x7f7d921c5370>,3,20,[13  1],4,197,217,193,188
1,<environment.Job instance at 0x7f7d9230bd70>,23,23,[ 5 13],24,217,240,193,211
1,<environment.Job instance at 0x7f7d921c5870>,13,16,[ 2 11],14,633,649,619,633
1,<environment.Job instance at 0x7f7d9230bbe0>,26,26,[11  4],27,633,659,606,633
1,<environment.Job instance at 0x7f7d9230b960>,27,19,[ 3 12],28,659,678,631,649
1,<environment.Job instance at 0x7f7d9230b910>,28,21,[ 1 10],29,678,699,649,670
1,<environment.Job instance at 0x7f7d92310aa0>,30,21,[6 5],31,678,699,647,670
1,<environment.Job instance at 0x7f7d92310c30>,31,26,[ 5 12],32,699,725,667,696
1,<environment.Job instance at 0x7f7d92310e10>,32,27,[12  2],33,725,752,692,723
1,<environment.Job instance at 0x7f7d92310af0>,33,15,[12  1],34,2281,2296,2247,2281
1,<environment.Job instance at 0x7f7d4701a410>,0,26,[5 5],1,1,27,0,1
1,<environment.Job instance at 0x7f7d92310410>,1,24,[4 7],2,2,26,0,2
1,<environment.Job instance at 0x7f7d4701a050>,7,22,[3 7],8,26,48,18,19
1,<environment.Job instance at 0x7f7d4701a0a0>,8,20,[ 3 12],9,48,68,39,39
1,<environment.Job instance at 0x7f7d470910f0>,11,20,[ 1 12],12,68,88,56,63
1,<environment.Job instance at 0x7f7d4701a2d0>,4,19,[ 3 12],5,88,107,83,88
1,<environment.Job instance at 0x7f7d47142820>,0,20,[13  5],1,1,21,0,1
1,<environment.Job instance at 0x7f7d4715af50>,5,28,[ 4 11],6,21,49,15,20
1,<environment.Job instance at 0x7f7d47142460>,1,24,[14  3],2,49,73,47,44
1,<environment.Job instance at 0x7f7d4765eb40>,8,25,[7 3],9,73,98,64,69
1,<environment.Job instance at 0x7f7d47142e10>,2,23,[13  5],3,98,121,95,92
1,<environment.Job instance at 0x7f7d4715a550>,10,26,[8 4],11,121,147,110,118
1,<environment.Job instance at 0x7f7d4765ec80>,9,27,[ 4 13],10,147,174,137,145
1,<environment.Job instance at 0x7f7d4715a3c0>,7,22,[14  1],8,174,196,166,167
1,<environment.Job instance at 0x7f7d47166460>,14,27,[ 1 10],15,174,201,159,172
1,<environment.Job instance at 0x7f7d4715ac80>,3,21,[12  3],4,196,217,192,189
1,<environment.Job instance at 0x7f7d47166a00>,16,19,[13  1],17,218,237,201,218
1,<environment.Job instance at 0x7f7d47166aa0>,18,20,[11  2],19,237,257,218,228
1,<environment.Job instance at 0x7f7d47166320>,19,25,[ 2 13],20,228,253,208,228
1,<environment.Job instance at 0x7f7d47166c80>,22,24,[ 3 13],23,253,277,230,248
1,<environment.Job instance at 0x7f7d47166780>,11,12,[11  1],12,768,780,756,768
1,<environment.Job instance at 0x7f7d8adf7a50>,4,20,[6 1],5,5,25,0,5
1,<environment.Job instance at 0x7f7d474807d0>,5,25,[8 5],6,6,31,0,6
1,<environment.Job instance at 0x7f7d47480c30>,7,21,[5 9],8,25,46,17,17
1,<environment.Job instance at 0x7f7d47480f50>,9,24,[11  1],10,46,70,36,41
1,<environment.Job instance at 0x7f7d47480d20>,10,25,[7 1],11,70,95,59,66
1,<environment.Job instance at 0x7f7d47480e10>,11,24,[12  5],12,95,119,83,90
1,<environment.Job instance at 0x7f7d47480cd0>,12,23,[10  2],13,119,142,106,113
1,<environment.Job instance at 0x7f7d8adf75f0>,0,19,[12  5],1,142,161,141,139
1,<environment.Job instance at 0x7f7d47166910>,2,18,[12  1],3,324,342,321,324
1,<environment.Job instance at 0x7f7d47480500>,15,27,[ 4 14],16,342,369,326,340
1,<environment.Job instance at 0x7f7d47480910>,16,23,[ 2 11],17,369,392,352,363
1,<environment.Job instance at 0x7f7d8d84b0a0>,0,22,[ 5 12],1,1,23,0,1
1,<environment.Job instance at 0x7f7d8d84b2d0>,4,20,[12  2],5,23,43,18,14
1,<environment.Job instance at 0x7f7d8d84b190>,7,24,[13  3],8,43,67,35,38
1,<environment.Job instance at 0x7f7d4768bd70>,8,22,[12  3],9,67,89,58,60
1,<environment.Job instance at 0x7f7d4768b9b0>,11,23,[10  4],12,89,112,77,83
1,<environment.Job instance at 0x7f7d4768b460>,13,21,[8 1],14,112,133,98,104
1,<environment.Job instance at 0x7f7d4768b4b0>,14,20,[14  2],15,133,153,118,124
1,<environment.Job instance at 0x7f7d4768b870>,18,19,[1 7],19,124,143,105,124
1,<environment.Job instance at 0x7f7d4768b190>,20,22,[ 4 14],21,153,175,132,146
1,<environment.Job instance at 0x7f7d4768b5a0>,21,20,[11  4],22,175,195,153,166
1,<environment.Job instance at 0x7f7d4768bb40>,22,23,[14  4],23,195,218,172,189
1,<environment.Job instance at 0x7f7d4768bf50>,23,19,[ 3 14],24,218,237,194,208
1,<environment.Job instance at 0x7f7d8b0517d0>,24,21,[14  2],25,237,258,212,229
1,<environment.Job instance at 0x7f7d8b0511e0>,25,24,[14  2],26,258,282,232,253
1,<environment.Job instance at 0x7f7d8b051320>,26,21,[ 5 11],27,282,303,255,274
1,<environment.Job instance at 0x7f7d8b051b40>,27,20,[ 2 12],28,303,323,275,294
1,<environment.Job instance at 0x7f7d8b051690>,28,23,[ 4 11],29,323,346,294,317
1,<environment.Job instance at 0x7f7d47381dc0>,0,20,[13  5],1,1,21,0,1
1,<environment.Job instance at 0x7f7d8adf11e0>,3,24,[11  3],4,21,45,17,16
1,<environment.Job instance at 0x7f7d8ab41a50>,7,23,[13  3],8,45,68,37,39
1,<environment.Job instance at 0x7f7d8ae0ea50>,12,24,[13  3],13,68,92,55,63
1,<environment.Job instance at 0x7f7d8d4f8460>,14,25,[12  2],15,92,117,77,88
1,<environment.Job instance at 0x7f7d47122550>,15,25,[14  1],16,117,142,101,113
1,<environment.Job instance at 0x7f7d47122870>,16,27,[5 5],17,142,169,125,140
1,<environment.Job instance at 0x7f7d471228c0>,18,23,[14  2],19,169,192,150,163
1,<environment.Job instance at 0x7f7d8adc4640>,23,21,[ 2 11],24,192,213,168,184
1,<environment.Job instance at 0x7f7d8aef8960>,25,25,[9 2],26,192,217,166,189
1,<environment.Job instance at 0x7f7d8adc4140>,24,23,[14  3],25,217,240,192,211
1,<environment.Job instance at 0x7f7d47138690>,30,23,[ 2 11],31,240,263,209,234
1,<environment.Job instance at 0x7f7d8d2de5f0>,31,27,[1 8],32,263,290,231,261
1,<environment.Job instance at 0x7f7d8af1b820>,27,19,[11  1],28,261,280,233,261
1,<environment.Job instance at 0x7f7d47244230>,33,22,[10  2],34,280,302,246,273
1,<environment.Job instance at 0x7f7d8b1a7050>,34,27,[11  3],35,302,329,267,300
1,<environment.Job instance at 0x7f7d8b1a7910>,35,26,[2 6],36,300,326,264,300
1,<environment.Job instance at 0x7f7d8b1a7500>,38,25,[14  2],39,329,354,290,325
1,<environment.Job instance at 0x7f7d8b1a7dc0>,39,22,[3 8],40,354,376,314,347
1,<environment.Job instance at 0x7f7d8b1a7280>,40,19,[4 9],41,376,395,335,366
1,<environment.Job instance at 0x7f7d8b1a7370>,42,26,[13  5],43,395,421,352,392
1,<environment.Job instance at 0x7f7d8d859190>,43,24,[ 2 10],44,395,419,351,392
1,<environment.Job instance at 0x7f7d8d859d20>,44,19,[9 4],45,421,440,376,411
1,<environment.Job instance at 0x7f7d8d859960>,45,27,[10  2],46,440,467,394,438
1,<environment.Job instance at 0x7f7d8d859640>,47,27,[7 2],48,467,494,419,465
1,<environment.Job instance at 0x7f7d8af1b140>,32,19,[ 5 14],33,494,513,461,484
1,<environment.Job instance at 0x7f7d8d859050>,50,24,[13  2],51,513,537,462,508
1,<environment.Job instance at 0x7f7d8d859cd0>,52,25,[11  4],53,537,562,484,533
1,<environment.Job instance at 0x7f7d8d8595f0>,54,23,[1 6],55,533,556,478,533
1,<environment.Job instance at 0x7f7d47484870>,0,20,[2 9],1,1,21,0,1
1,<environment.Job instance at 0x7f7d8d8595f0>,2,27,[12  4],3,3,30,0,3
1,<environment.Job instance at 0x7f7d4758ceb0>,0,24,[11  4],1,1,25,0,1
1,<environment.Job instance at 0x7f7d46ffc050>,7,25,[8 3],8,25,50,17,21
1,<environment.Job instance at 0x7f7d46ffcb90>,5,25,[6 1],6,25,50,19,21
1,<environment.Job instance at 0x7f7d46ffcd70>,13,26,[4 7],14,50,76,36,47
1,<environment.Job instance at 0x7f7d46f6bdc0>,14,21,[6 5],15,50,71,35,47
1,<environment.Job instance at 0x7f7d46ffc7d0>,12,19,[12  1],13,76,95,63,66
1,<environment.Job instance at 0x7f7d8d589fa0>,16,20,[3 6],17,71,91,54,66
1,<environment.Job instance at 0x7f7d921c7460>,22,28,[9 1],23,95,123,72,94
1,<environment.Job instance at 0x7f7d47590c30>,0,21,[5 2],1,1,22,0,1
1,<environment.Job instance at 0x7f7d47590280>,1,23,[ 4 11],2,2,25,0,2
1,<environment.Job instance at 0x7f7d921c8280>,8,25,[14  5],9,25,50,16,21
1,<environment.Job instance at 0x7f7d921c8370>,9,27,[6 1],10,50,77,40,48
1,<environment.Job instance at 0x7f7d8aba18c0>,2,26,[ 3 14],3,50,76,47,49
1,<environment.Job instance at 0x7f7d8da26fa0>,4,19,[ 4 11],5,76,95,71,74
1,<environment.Job instance at 0x7f7d8acf2a00>,14,22,[9 4],15,77,99,62,74
1,<environment.Job instance at 0x7f7d8acf2e10>,15,27,[12  1],16,99,126,83,97
1,<environment.Job instance at 0x7f7d8acf2550>,16,22,[11  5],17,126,148,109,119
1,<environment.Job instance at 0x7f7d4739b5f0>,18,22,[ 3 14],19,148,170,129,141
1,<environment.Job instance at 0x7f7d8d42bcd0>,19,26,[2 7],20,170,196,150,167
1,<environment.Job instance at 0x7f7d8d42b140>,20,23,[10  3],21,170,193,149,167
1,<environment.Job instance at 0x7f7d921c8550>,6,12,[11  1],7,288,300,281,288
1,<environment.Job instance at 0x7f7d8b17a3c0>,22,23,[13  2],23,300,323,277,294
1,<environment.Job instance at 0x7f7d8d8dae60>,23,25,[4 5],24,323,348,299,319
1,<environment.Job instance at 0x7f7d8d861230>,24,21,[14  1],25,348,369,323,340
1,<environment.Job instance at 0x7f7d8d8615f0>,25,18,[11  1],26,386,404,360,386
1,<environment.Job instance at 0x7f7d8b1c4050>,26,19,[ 3 12],27,386,405,359,386
1,<environment.Job instance at 0x7f7d8d443f50>,0,24,[11  5],1,1,25,0,1
1,<environment.Job instance at 0x7f7d8ad2faf0>,1,25,[2 7],2,2,27,0,2
1,<environment.Job instance at 0x7f7d8b1c4820>,2,23,[10  4],3,25,48,22,19
1,<environment.Job instance at 0x7f7d8d4b9780>,7,27,[ 5 13],8,48,75,40,46
1,<environment.Job instance at 0x7f7d8d4b98c0>,9,21,[12  3],10,75,96,65,67
1,<environment.Job instance at 0x7f7d8d4b9960>,10,27,[ 5 12],11,96,123,85,94
1,<environment.Job instance at 0x7f7d8d4b9d20>,16,26,[11  5],17,123,149,106,120
1,<environment.Job instance at 0x7f7d47277780>,3,21,[ 3 14],4,149,170,145,141
1,<environment.Job instance at 0x7f7d8ae46eb0>,0,23,[ 3 13],1,1,24,0,1
1,<environment.Job instance at 0x7f7d8accdcd0>,5,26,[5 7],6,24,50,18,21
1,<environment.Job instance at 0x7f7d8accdc80>,6,28,[14  1],7,50,78,43,49
1,<environment.Job instance at 0x7f7d931cba50>,8,26,[12  1],9,78,104,69,75
1,<environment.Job instance at 0x7f7d8accd190>,9,22,[14  5],10,104,126,94,97
1,<environment.Job instance at 0x7f7d476b3c30>,12,25,[ 1 13],13,126,151,113,122
1,<environment.Job instance at 0x7f7d8d833cd0>,1,24,[4 5],2,2,26,0,2
1,<environment.Job instance at 0x7f7d476b3140>,4,25,[ 5 10],5,5,30,0,5
1,<environment.Job instance at 0x7f7d8d300cd0>,9,27,[13  4],10,30,57,20,28
1,<environment.Job instance at 0x7f7d46dbb3c0>,0,21,[ 3 11],1,1,22,0,1
1,<environment.Job instance at 0x7f7d8ade2cd0>,6,28,[3 9],7,22,50,15,21
1,<environment.Job instance at 0x7f7d8d300f50>,2,21,[1 6],3,22,43,19,21
1,<environment.Job instance at 0x7f7d8adfc960>,9,26,[7 4],10,43,69,33,40
1,<environment.Job instance at 0x7f7d8ade2fa0>,5,20,[ 2 11],6,50,70,44,46
1,<environment.Job instance at 0x7f7d8d833b40>,1,27,[ 5 14],2,2,29,0,2
1,<environment.Job instance at 0x7f7d8d90cdc0>,6,26,[13  3],7,29,55,22,26
1,<environment.Job instance at 0x7f7d8ac9c7d0>,7,23,[9 5],8,55,78,47,49
1,<environment.Job instance at 0x7f7d92093f50>,8,27,[7 3],9,78,105,69,76
1,<environment.Job instance at 0x7f7d8d90c640>,9,22,[3 9],10,76,98,66,76
1,<environment.Job instance at 0x7f7d8d90c1e0>,4,20,[12  3],5,105,125,100,96
1,<environment.Job instance at 0x7f7d46d6b3c0>,0,27,[5 2],1,1,28,0,1
1,<environment.Job instance at 0x7f7d8d763280>,5,23,[ 1 11],6,6,29,0,6
1,<environment.Job instance at 0x7f7d8d7718c0>,7,24,[12  4],8,8,32,0,8
1,<environment.Job instance at 0x7f7d8d771d20>,11,22,[ 4 11],12,32,54,20,25
1,<environment.Job instance at 0x7f7d46e6c9b0>,1,23,[3 9],2,2,25,0,2
1,<environment.Job instance at 0x7f7d8adc1d20>,3,21,[1 8],4,25,46,21,17
1,<environment.Job instance at 0x7f7d4750d320>,8,20,[6 2],9,17,37,8,17
1,<environment.Job instance at 0x7f7d4750de60>,10,23,[5 9],11,46,69,35,40
1,<environment.Job instance at 0x7f7d8d79ee60>,12,22,[11  4],13,69,91,56,62
1,<environment.Job instance at 0x7f7d8d79e3c0>,13,28,[11  2],14,91,119,77,90
1,<environment.Job instance at 0x7f7d46e8f500>,14,28,[ 4 10],15,90,118,75,90
1,<environment.Job instance at 0x7f7d8b14df50>,17,26,[12  4],18,119,145,101,116
1,<environment.Job instance at 0x7f7d47126910>,1,20,[10  3],2,2,22,0,2
1,<environment.Job instance at 0x7f7d471263c0>,2,27,[7 2],3,22,49,19,20
1,<environment.Job instance at 0x7f7d8b0eb1e0>,4,21,[10  1],5,49,70,44,41
1,<environment.Job instance at 0x7f7d8b0ebf50>,7,22,[13  4],8,70,92,62,63
1,<environment.Job instance at 0x7f7d8b0eb0a0>,9,25,[12  1],10,92,117,82,88
1,<environment.Job instance at 0x7f7d8b0eb5f0>,10,26,[12  2],11,117,143,106,114
1,<environment.Job instance at 0x7f7d8b0eb820>,11,25,[4 8],12,143,168,131,139
1,<environment.Job instance at 0x7f7d8d6e4be0>,3,12,[13  2],4,276,288,272,276
1,<environment.Job instance at 0x7f7d8b0ebcd0>,14,22,[6 2],15,288,310,273,281
1,<environment.Job instance at 0x7f7d8b0eb280>,15,26,[2 8],16,281,307,265,281
1,<environment.Job instance at 0x7f7d8b0eb190>,16,23,[4 7],17,307,330,290,301
1,<environment.Job instance at 0x7f7d47339460>,0,27,[ 5 13],1,1,28,0,1
1,<environment.Job instance at 0x7f7d8ad44690>,7,24,[14  3],8,28,52,20,23
1,<environment.Job instance at 0x7f7d8ad44dc0>,9,21,[1 9],10,28,49,18,28
1,<environment.Job instance at 0x7f7d8ad442d0>,11,27,[2 5],12,52,79,40,50
1,<environment.Job instance at 0x7f7d8ad443c0>,12,25,[ 2 12],13,79,104,66,75
1,<environment.Job instance at 0x7f7d8d8f6370>,13,24,[ 2 10],14,104,128,90,99
1,<environment.Job instance at 0x7f7d8ad44410>,14,23,[7 1],15,99,122,84,99
1,<environment.Job instance at 0x7f7d8d4c95a0>,15,23,[11  3],16,122,145,106,116
1,<environment.Job instance at 0x7f7d8ad445a0>,17,24,[12  4],18,145,169,127,140
1,<environment.Job instance at 0x7f7d46dfb8c0>,16,26,[ 1 13],17,169,195,152,167
1,<environment.Job instance at 0x7f7d476fc640>,22,28,[ 5 13],23,195,223,172,194
1,<environment.Job instance at 0x7f7d471302d0>,24,27,[6 4],25,223,250,198,221
1,<environment.Job instance at 0x7f7d4712d410>,21,19,[4 6],22,243,262,221,243
1,<environment.Job instance at 0x7f7d8d8facd0>,19,27,[ 1 14],20,262,289,242,260
1,<environment.Job instance at 0x7f7d8d8a36e0>,30,25,[1 6],31,289,314,258,285
1,<environment.Job instance at 0x7f7d8d8a3730>,31,20,[11  1],32,285,305,253,285
1,<environment.Job instance at 0x7f7d8b0df1e0>,32,21,[2 8],33,289,310,256,285
1,<environment.Job instance at 0x7f7d471500a0>,35,12,[ 1 13],36,384,396,348,384
1,<environment.Job instance at 0x7f31b61b8370>,1,22,[11  3],2,2,24,0,2
1,<environment.Job instance at 0x7f31b61b8230>,2,22,[4 8],3,3,25,0,3
1,<environment.Job instance at 0x7f31b0da82d0>,3,26,[11  4],4,24,50,20,21
1,<environment.Job instance at 0x7f31b0da86e0>,8,22,[14  3],9,50,72,41,43
1,<environment.Job instance at 0x7f31b61b8190>,4,21,[1 6],5,43,64,38,43
1,<environment.Job instance at 0x7f31b0da88c0>,11,26,[4 8],12,72,98,60,69
1,<environment.Job instance at 0x7f31b0da85a0>,6,20,[6 1],7,74,94,67,74
1,<environment.Job instance at 0x7f31b0da8960>,12,26,[ 1 12],13,98,124,85,95
1,<environment.Job instance at 0x7f31b0da8820>,10,18,[ 3 11],11,124,142,113,119
1,<environment.Job instance at 0x7f31b0da8c80>,17,28,[ 5 10],18,142,170,124,141
1,<environment.Job instance at 0x7f31b0da8d20>,18,25,[ 4 13],19,170,195,151,166
1,<environment.Job instance at 0x7f31b0da8dc0>,19,14,[ 3 11],20,298,312,278,298
1,<environment.Job instance at 0x7f31b0da8e60>,20,27,[13  5],21,312,339,291,310
1,<environment.Job instance at 0x7f31b0da8f50>,21,26,[ 5 12],22,339,365,317,336
1,<environment.Job instance at 0x7f31b0da8370>,22,13,[13  1],23,400,413,377,400
1,<environment.Job instance at 0x7f31b0da8fa0>,24,13,[ 3 14],25,1471,1484,1446,1471
1,<environment.Job instance at 0x7f31b0daa320>,25,23,[ 3 13],26,1484,1507,1458,1478
1,<environment.Job instance at 0x7f31b0daa370>,26,26,[1 8],27,1507,1533,1480,1504
1,<environment.Job instance at 0x7f31b0daa410>,27,25,[5 7],28,1507,1532,1479,1504
1,<environment.Job instance at 0x7f31b0daa4b0>,28,25,[ 4 11],29,1533,1558,1504,1529
1,<environment.Job instance at 0x7f31b0daa550>,29,22,[ 5 13],30,1558,1580,1528,1551
1,<environment.Job instance at 0x7f31b0daa5f0>,30,27,[4 8],31,1580,1607,1549,1578
1,<environment.Job instance at 0x7f31b0daa690>,31,20,[11  5],32,1580,1600,1548,1578
1,<environment.Job instance at 0x7f31b0daa730>,32,27,[11  3],33,1600,1627,1567,1598
1,<environment.Job instance at 0x7f31b0daa870>,34,24,[1 8],35,1607,1631,1572,1602
1,<environment.Job instance at 0x7f31b0daa9b0>,36,13,[ 3 14],37,2832,2845,2795,2832
1,<environment.Job instance at 0x7f31b0daaa50>,37,28,[ 2 12],38,2845,2873,2807,2844
1,<environment.Job instance at 0x7f31b0daaaf0>,38,20,[ 1 10],39,2873,2893,2834,2864
1,<environment.Job instance at 0x7f31b0daab90>,39,24,[5 6],40,2893,2917,2853,2888
1,<environment.Job instance at 0x7f31b0daacd0>,41,27,[14  1],42,2917,2944,2875,2915
1,<environment.Job instance at 0x7f31b0daad70>,42,20,[9 4],43,2944,2964,2901,2935
1,<environment.Job instance at 0x7f31b0db63c0>,1,20,[8 2],2,2,22,0,2
1,<environment.Job instance at 0x7f31b6322a00>,4,25,[4 5],5,5,30,0,5
1,<environment.Job instance at 0x7f31b0daac80>,2,21,[10  1],3,22,43,19,14
1,<environment.Job instance at 0x7f31b631e5a0>,9,26,[6 5],10,43,69,33,40
1,<environment.Job instance at 0x7f31b631ed70>,7,26,[ 1 11],8,69,95,61,67
1,<environment.Job instance at 0x7f31b631e6e0>,13,23,[ 5 13],14,95,118,81,89
1,<environment.Job instance at 0x7f31b6322550>,6,28,[ 1 13],7,118,146,111,117
1,<environment.Job instance at 0x7f31b6325a50>,16,26,[11  4],17,146,172,129,143
1,<environment.Job instance at 0x7f31b63250a0>,17,19,[ 3 12],18,172,191,154,171
1,<environment.Job instance at 0x7f31b63254b0>,20,21,[6 5],21,191,212,170,183
1,<environment.Job instance at 0x7f31b632a730>,21,26,[ 5 12],22,212,238,190,209
1,<environment.Job instance at 0x7f31b632a820>,22,27,[12  2],23,238,265,215,236
1,<environment.Job instance at 0x7f316b0e95f0>,4,20,[5 2],5,5,25,0,5
1,<environment.Job instance at 0x7f316b0e9780>,3,21,[ 4 12],4,5,26,1,5
1,<environment.Job instance at 0x7f316b0e9320>,5,27,[5 9],6,26,53,20,24
1,<environment.Job instance at 0x7f316b0e9690>,6,27,[2 9],7,53,80,46,51
1,<environment.Job instance at 0x7f31b632a370>,7,21,[11  4],8,53,74,45,51
1,<environment.Job instance at 0x7f316b0e80a0>,11,28,[2 8],12,80,108,68,79
1,<environment.Job instance at 0x7f316b0e83c0>,13,21,[12  2],14,79,100,65,79
1,<environment.Job instance at 0x7f316b0e85f0>,14,21,[ 5 11],15,108,129,93,100
1,<environment.Job instance at 0x7f316b0e87d0>,15,26,[ 5 10],16,129,155,113,126
1,<environment.Job instance at 0x7f316b0e8960>,16,27,[12  4],17,155,182,138,153
1,<environment.Job instance at 0x7f316b0e8280>,17,27,[14  3],18,182,209,164,180
1,<environment.Job instance at 0x7f316b0e9e10>,2,20,[13  3],3,209,229,206,200
1,<environment.Job instance at 0x7f316b197b90>,0,19,[5 5],1,1,20,0,1
1,<environment.Job instance at 0x7f316b4b46e0>,2,20,[8 5],3,3,23,0,3
1,<environment.Job instance at 0x7f316b197be0>,3,26,[ 1 11],4,23,49,19,20
1,<environment.Job instance at 0x7f316b467690>,7,27,[10  3],8,23,50,15,21
1,<environment.Job instance at 0x7f316b1972d0>,1,23,[13  1],2,50,73,48,44
1,<environment.Job instance at 0x7f316b467320>,12,26,[13  2],13,73,99,60,70
1,<environment.Job instance at 0x7f316b467280>,13,22,[9 5],14,99,121,85,92
1,<environment.Job instance at 0x7f316b176e10>,1,21,[4 8],2,2,23,0,2
1,<environment.Job instance at 0x7f316b493c80>,6,28,[6 1],7,7,35,0,7
1,<environment.Job instance at 0x7f316b4aa0a0>,9,27,[ 4 12],10,23,50,13,21
1,<environment.Job instance at 0x7f316b4930f0>,10,25,[12  4],11,50,75,39,46
1,<environment.Job instance at 0x7f316b467280>,3,21,[ 3 14],4,75,96,71,67
1,<environment.Job instance at 0x7f316b4aa2d0>,11,20,[ 3 14],12,97,117,85,97
1,<environment.Job instance at 0x7f316b4aa5a0>,14,24,[8 4],15,117,141,102,112
1,<environment.Job instance at 0x7f316b4aa6e0>,16,20,[12  3],17,141,161,124,132
1,<environment.Job instance at 0x7f316b4aa780>,17,25,[13  2],18,161,186,143,157
1,<environment.Job instance at 0x7f316b4aa8c0>,19,25,[1 6],20,157,182,137,157
1,<environment.Job instance at 0x7f31b122dd70>,3,24,[8 2],4,4,28,0,4
1,<environment.Job instance at 0x7f316b4aa870>,4,21,[ 2 12],5,5,26,0,5
1,<environment.Job instance at 0x7f31b18d49b0>,7,26,[ 5 11],8,26,52,18,23
1,<environment.Job instance at 0x7f316b4aa8c0>,5,23,[ 2 12],6,52,75,46,46
1,<environment.Job instance at 0x7f31b18d48c0>,9,21,[9 2],10,46,67,36,46
1,<environment.Job instance at 0x7f31b18d4410>,12,22,[ 1 14],13,75,97,62,68
1,<environment.Job instance at 0x7f31b18d4140>,14,25,[ 3 14],15,97,122,82,93
1,<environment.Job instance at 0x7f31b18d4b90>,15,28,[2 8],16,122,150,106,121
1,<environment.Job instance at 0x7f31b18d4550>,16,21,[ 5 14],17,150,171,133,142
1,<environment.Job instance at 0x7f31b18d4a50>,17,27,[9 3],18,171,198,153,169
1,<environment.Job instance at 0x7f31b116d370>,2,22,[ 5 13],3,3,25,0,3
1,<environment.Job instance at 0x7f31b1190a50>,7,27,[ 5 10],8,25,52,17,23
1,<environment.Job instance at 0x7f316b208cd0>,5,25,[7 1],6,24,49,18,24
1,<environment.Job instance at 0x7f31b0ef7050>,4,28,[2 9],5,52,80,47,51
1,<environment.Job instance at 0x7f31b1190b40>,8,20,[ 3 13],9,80,100,71,71
1,<environment.Job instance at 0x7f31b18d6910>,11,26,[ 4 10],12,100,126,88,97
1,<environment.Job instance at 0x7f31b18d63c0>,12,20,[ 4 11],13,126,146,113,117
1,<environment.Job instance at 0x7f31b0c7d140>,14,24,[ 5 11],15,146,170,131,141
1,<environment.Job instance at 0x7f31b0c7d500>,15,25,[7 3],16,141,166,125,141
1,<environment.Job instance at 0x7f31b149a320>,2,20,[11  1],3,3,23,0,3
1,<environment.Job instance at 0x7f31b11902d0>,4,27,[7 2],5,23,50,18,21
1,<environment.Job instance at 0x7f316b128460>,6,20,[ 4 13],7,21,41,14,21
1,<environment.Job instance at 0x7f316b128820>,10,24,[11  4],11,50,74,39,45
1,<environment.Job instance at 0x7f316b128780>,9,25,[6 1],10,74,99,64,70
1,<environment.Job instance at 0x7f316b128960>,12,27,[5 1],13,74,101,61,72
1,<environment.Job instance at 0x7f316b128640>,7,21,[12  5],8,101,122,93,93
1,<environment.Job instance at 0x7f316b128a00>,13,21,[1 6],14,93,114,79,93
1,<environment.Job instance at 0x7f316b128b40>,15,25,[6 1],16,122,147,106,118
1,<environment.Job instance at 0x7f316b128c80>,17,25,[8 3],18,122,147,104,118
1,<environment.Job instance at 0x7f316b128f50>,23,26,[4 7],24,149,175,125,149
1,<environment.Job instance at 0x7f316b1152d0>,24,21,[6 5],25,149,170,124,149
1,<environment.Job instance at 0x7f316b115050>,22,19,[12  1],23,175,194,152,171
1,<environment.Job instance at 0x7f316b115230>,26,20,[3 6],27,171,191,144,171
1,<environment.Job instance at 0x7f316b115820>,32,28,[9 1],33,194,222,161,193
1,<environment.Job instance at 0x7f31b0e5fc30>,0,21,[5 2],1,1,22,0,1
1,<environment.Job instance at 0x7f316b1157d0>,1,23,[ 4 11],2,2,25,0,2
1,<environment.Job instance at 0x7f31b0db1460>,8,25,[14  5],9,25,50,16,21
1,<environment.Job instance at 0x7f316afda1e0>,9,27,[6 1],10,50,77,40,48
1,<environment.Job instance at 0x7f316aff63c0>,4,19,[ 4 11],5,50,69,45,49
1,<environment.Job instance at 0x7f31b0e5f280>,2,26,[ 3 14],3,69,95,66,66
1,<environment.Job instance at 0x7f316afdafa0>,14,22,[9 4],15,95,117,80,88
1,<environment.Job instance at 0x7f316afda0f0>,15,27,[12  1],16,117,144,101,115
1,<environment.Job instance at 0x7f316afda230>,16,22,[11  5],17,144,166,127,137
1,<environment.Job instance at 0x7f31b0d92aa0>,18,22,[ 3 14],19,166,188,147,159
1,<environment.Job instance at 0x7f31b0d92b40>,19,26,[2 7],20,188,214,168,185
1,<environment.Job instance at 0x7f31b0d92140>,20,23,[10  3],21,188,211,167,185
1,<environment.Job instance at 0x7f316aff60f0>,6,12,[11  1],7,765,777,758,765
1,<environment.Job instance at 0x7f31b118bd20>,22,23,[13  2],23,777,800,754,771
1,<environment.Job instance at 0x7f316b434f50>,23,25,[4 5],24,800,825,776,796
1,<environment.Job instance at 0x7f31b0d92640>,24,21,[14  1],25,825,846,800,817
1,<environment.Job instance at 0x7f31b0d858c0>,25,18,[11  1],26,1683,1701,1657,1683
1,<environment.Job instance at 0x7f31b0f250a0>,26,19,[ 3 12],27,1683,1702,1656,1683
1,<environment.Job instance at 0x7f316b55df00>,27,20,[3 7],28,1702,1722,1674,1693
1,<environment.Job instance at 0x7f31b162a5f0>,0,27,[ 5 12],1,1,28,0,1
1,<environment.Job instance at 0x7f31b1a23730>,6,26,[11  5],7,28,54,21,25
1,<environment.Job instance at 0x7f316b66c370>,0,26,[13  5],1,1,27,0,1
1,<environment.Job instance at 0x7f31b1a23730>,2,25,[4 9],3,27,52,24,23
1,<environment.Job instance at 0x7f316afa15a0>,7,28,[9 2],8,27,55,19,26
1,<environment.Job instance at 0x7f316afa1500>,8,28,[12  3],9,55,83,46,54
1,<environment.Job instance at 0x7f31b1044d20>,0,28,[5 2],1,1,29,0,1
1,<environment.Job instance at 0x7f31b10440a0>,1,21,[ 4 12],2,2,23,0,2
1,<environment.Job instance at 0x7f31b1308be0>,9,23,[5 5],10,23,46,13,17
1,<environment.Job instance at 0x7f31b1308460>,6,22,[2 6],7,23,45,16,17
1,<environment.Job instance at 0x7f31b13080f0>,12,28,[2 7],13,45,73,32,44
1,<environment.Job instance at 0x7f316afaa3c0>,13,27,[11  2],14,46,73,32,44
1,<environment.Job instance at 0x7f316afaa0f0>,16,22,[14  2],17,73,95,56,66
1,<environment.Job instance at 0x7f316afaafa0>,18,21,[10  3],19,95,116,76,87
1,<environment.Job instance at 0x7f316afaa5a0>,19,22,[ 2 11],20,95,117,75,88
1,<environment.Job instance at 0x7f31b13081e0>,7,21,[11  3],8,116,137,108,111
1,<environment.Job instance at 0x7f316afaae60>,21,22,[1 8],22,117,139,95,112
1,<environment.Job instance at 0x7f316afaaf00>,22,24,[13  4],23,137,161,114,132
1,<environment.Job instance at 0x7f316afaa280>,23,24,[4 7],24,161,185,137,156
1,<environment.Job instance at 0x7f31b1308fa0>,5,21,[ 3 10],6,185,206,179,177
1,<environment.Job instance at 0x7f316afaa4b0>,25,19,[7 5],26,179,198,153,179
1,<environment.Job instance at 0x7f31b10cea50>,28,22,[5 7],29,206,228,177,199
1,<environment.Job instance at 0x7f31b10ceaa0>,29,24,[ 1 14],30,228,252,198,223
1,<environment.Job instance at 0x7f31b10ce230>,30,28,[7 5],31,252,280,221,251
1,<environment.Job instance at 0x7f31b10ce140>,31,22,[12  4],32,280,302,248,273
1,<environment.Job instance at 0x7f31b10ce9b0>,32,20,[5 8],33,302,322,269,293
1,<environment.Job instance at 0x7f31b10cef00>,33,24,[8 5],34,302,326,268,297
1,<environment.Job instance at 0x7f31b10ced20>,34,19,[13  1],35,740,759,705,740
1,<environment.Job instance at 0x7f31b10ce3c0>,35,23,[11  5],36,759,782,723,753
1,<environment.Job instance at 0x7f316b4cb690>,36,23,[ 2 12],37,782,805,745,776
1,<environment.Job instance at 0x7f316b4cbc30>,38,25,[7 3],39,782,807,743,778
1,<environment.Job instance at 0x7f316b4cb4b0>,39,23,[12  5],40,807,830,767,801
1,<environment.Job instance at 0x7f31b1a82cd0>,0,22,[ 1 14],1,2,24,1,2
1,<environment.Job instance at 0x7f31b184d820>,6,28,[8 1],7,16,44,9,16
1,<environment.Job instance at 0x7f31b184d140>,4,27,[11  4],5,44,71,39,42
1,<environment.Job instance at 0x7f31b184dc80>,10,22,[12  5],11,71,93,60,64
1,<environment.Job instance at 0x7f31b184d0a0>,9,27,[ 4 13],10,93,120,83,91
1,<environment.Job instance at 0x7f31b184d690>,13,20,[9 2],14,93,113,79,91
1,<environment.Job instance at 0x7f31b184d410>,15,27,[10  2],16,113,140,97,111
1,<environment.Job instance at 0x7f316b25d820>,16,27,[13  1],17,140,167,123,138
1,<environment.Job instance at 0x7f31b184de60>,17,22,[2 8],18,138,160,120,138
1,<environment.Job instance at 0x7f316b25d050>,18,26,[12  3],19,167,193,148,164
1,<environment.Job instance at 0x7f316b25dc80>,19,20,[4 6],20,193,213,173,184
1,<environment.Job instance at 0x7f316b25deb0>,20,23,[13  4],21,213,236,192,207
1,<environment.Job instance at 0x7f316b25d780>,21,25,[ 4 12],22,236,261,214,232
1,<environment.Job instance at 0x7f316b25d1e0>,22,26,[5 5],23,261,287,238,258
1,<environment.Job instance at 0x7f316b25d8c0>,24,19,[4 7],25,261,280,236,260
1,<environment.Job instance at 0x7f316b25d910>,25,25,[ 2 10],26,280,305,254,276
1,<environment.Job instance at 0x7f31b184de10>,8,23,[ 3 14],9,305,328,296,300
1,<environment.Job instance at 0x7f31b0f981e0>,30,21,[9 1],31,304,325,273,304
1,<environment.Job instance at 0x7f31b0f98e10>,34,27,[5 6],35,328,355,293,326
1,<environment.Job instance at 0x7f31b0df9dc0>,36,25,[9 4],37,330,355,293,330
1,<environment.Job instance at 0x7f31b0df9cd0>,37,25,[12  3],38,355,380,317,351
1,<environment.Job instance at 0x7f31b0df96e0>,38,26,[ 3 10],39,355,381,316,352
1,<environment.Job instance at 0x7f31b116ffa0>,41,27,[ 5 14],42,381,408,339,379
1,<environment.Job instance at 0x7f31b0f983c0>,31,19,[ 3 11],32,408,427,376,402
1,<environment.Job instance at 0x7f31b116fd70>,44,20,[12  3],45,408,428,363,402
1,<environment.Job instance at 0x7f31b116fe60>,46,26,[13  3],47,428,454,381,425
1,<environment.Job instance at 0x7f31b116f230>,47,23,[9 5],48,454,477,406,448
1,<environment.Job instance at 0x7f31b116ff00>,48,27,[7 3],49,477,504,428,475
1,<environment.Job instance at 0x7f31b116f0f0>,49,22,[3 9],50,475,497,425,475
1,<environment.Job instance at 0x7f316b685780>,1,21,[4 9],2,2,23,0,2
1,<environment.Job instance at 0x7f31b116f0f0>,3,22,[6 2],4,5,27,1,5
1,<environment.Job instance at 0x7f316b1da230>,5,21,[12  3],6,27,48,21,19
1,<environment.Job instance at 0x7f31b0daa320>,2,23,[6 1],3,3,26,0,3
1,<environment.Job instance at 0x7f316b3cd320>,8,26,[1 8],9,9,35,0,9
1,<environment.Job instance at 0x7f316b3cda50>,10,26,[ 2 10],11,35,61,24,32
1,<environment.Job instance at 0x7f31b10b2870>,3,19,[12  4],4,88,107,84,88
1,<environment.Job instance at 0x7f31b100c8c0>,15,26,[ 5 13],16,107,133,91,104
1,<environment.Job instance at 0x7f31b0eda870>,0,27,[2 5],1,1,28,0,1
1,<environment.Job instance at 0x7f316b57dd70>,5,24,[12  4],6,6,30,0,6
1,<environment.Job instance at 0x7f316b57db40>,6,25,[6 3],7,30,55,23,26
1,<environment.Job instance at 0x7f316b57de60>,7,27,[9 5],8,30,57,22,28
1,<environment.Job instance at 0x7f31b0edaaa0>,2,23,[14  4],3,57,80,54,51
1,<environment.Job instance at 0x7f316b57d320>,4,22,[13  1],5,80,102,75,73
1,<environment.Job instance at 0x7f316b57d370>,11,23,[3 9],12,102,125,90,96
1,<environment.Job instance at 0x7f316b57da50>,13,21,[1 8],14,125,146,111,117
1,<environment.Job instance at 0x7f31b18cb5f0>,1,20,[10  3],2,2,22,0,2
1,<environment.Job instance at 0x7f316b57dbe0>,2,27,[7 2],3,22,49,19,20
1,<environment.Job instance at 0x7f31b0d33a50>,4,21,[10  1],5,49,70,44,41
1,<environment.Job instance at 0x7f31b0d2cbe0>,7,22,[13  4],8,70,92,62,63
1,<environment.Job instance at 0x7f31b0d2cdc0>,9,25,[12  1],10,92,117,82,88
1,<environment.Job instance at 0x7f31b0d2c8c0>,10,26,[12  2],11,117,143,106,114
1,<environment.Job instance at 0x7f31b0d2c500>,11,25,[4 8],12,143,168,131,139
1,<environment.Job instance at 0x7f31b184d5f0>,6,17,[ 1 12],7,1887,1904,1880,1887
1,<environment.Job instance at 0x7f31b0d2c960>,14,22,[6 2],15,1887,1909,1872,1887
1,<environment.Job instance at 0x7f31b0d2cf00>,15,26,[2 8],16,1904,1930,1888,1901
1,<environment.Job instance at 0x7f31b0d2c6e0>,16,23,[4 7],17,1909,1932,1892,1903
1,<environment.Job instance at 0x7f316ae72460>,1,27,[2 5],2,2,29,0,2
1,<environment.Job instance at 0x7f316b62adc0>,4,23,[7 1],5,5,28,0,5
1,<environment.Job instance at 0x7f31b13acd70>,7,24,[12  4],8,28,52,20,23
1,<environment.Job instance at 0x7f316b07bcd0>,5,23,[11  3],6,52,75,46,46
1,<environment.Job instance at 0x7f31b0d24050>,2,25,[ 2 12],3,54,79,51,54
1,<environment.Job instance at 0x7f316b0924b0>,14,27,[6 4],15,79,106,64,77
1,<environment.Job instance at 0x7f316b092b40>,12,28,[ 5 13],13,106,134,93,105
1,<environment.Job instance at 0x7f316b07b500>,6,26,[ 1 13],7,134,160,127,131
1,<environment.Job instance at 0x7f316b3bb280>,20,25,[1 6],21,160,185,139,156
1,<environment.Job instance at 0x7f316ae71f50>,22,21,[2 8],23,160,181,137,156
1,<environment.Job instance at 0x7f31b0f52d20>,21,20,[11  1],22,156,176,134,156
1,<environment.Job instance at 0x7f316b3dd050>,9,27,[ 1 14],10,185,212,175,183
1,<environment.Job instance at 0x7f316b031280>,28,22,[9 1],29,210,232,181,210
1,<environment.Job instance at 0x7f316ae72e60>,3,23,[10  3],4,4,27,0,4
1,<environment.Job instance at 0x7f316b031280>,4,24,[ 5 11],5,5,29,0,5
1,<environment.Job instance at 0x7f316ae72820>,6,25,[5 8],7,29,54,22,25
1,<environment.Job instance at 0x7f316ae72140>,5,22,[4 9],6,54,76,48,47
1,<environment.Job instance at 0x7f31b1059e10>,11,25,[7 1],12,47,72,35,47
1,<environment.Job instance at 0x7f31b1059780>,14,21,[5 6],15,72,93,57,64
1,<environment.Job instance at 0x7f31b1059dc0>,15,28,[ 3 11],16,93,121,77,92
1,<environment.Job instance at 0x7f31b1059870>,16,23,[5 1],17,92,115,75,92
1,<environment.Job instance at 0x7f31b10590f0>,10,25,[ 1 14],11,121,146,110,117
1,<environment.Job instance at 0x7f31b1059f50>,18,28,[6 3],19,146,174,127,145
1,<environment.Job instance at 0x7f31b1475af0>,2,23,[5 2],3,3,26,0,3
1,<environment.Job instance at 0x7f31b1059b90>,3,22,[12  2],4,26,48,22,19
1,<environment.Job instance at 0x7f31b14755f0>,6,28,[4 7],7,48,76,41,47
1,<environment.Job instance at 0x7f316af4cb90>,8,28,[ 4 10],9,76,104,67,75
1,<environment.Job instance at 0x7f31b14752d0>,11,27,[14  2],12,104,131,92,102
1,<environment.Job instance at 0x7f31b1002780>,14,21,[8 5],15,131,152,116,123
1,<environment.Job instance at 0x7f31b140f780>,16,25,[ 4 13],17,152,177,135,148
1,<environment.Job instance at 0x7f316aed8be0>,17,20,[13  1],18,177,197,159,171
1,<environment.Job instance at 0x7f316aed81e0>,18,27,[10  4],19,197,224,178,195
1,<environment.Job instance at 0x7f31b16448c0>,20,21,[2 5],21,195,216,174,195
1,<environment.Job instance at 0x7f316aec6960>,21,24,[ 4 10],22,216,240,194,211
1,<environment.Job instance at 0x7f316aec6eb0>,22,26,[ 4 13],23,240,266,217,237
1,<environment.Job instance at 0x7f316aec6c30>,24,23,[7 4],25,266,289,241,260
1,<environment.Job instance at 0x7f316afb9500>,25,23,[5 6],26,266,289,240,260
1,<environment.Job instance at 0x7f316aee5a50>,27,25,[ 5 14],28,289,314,261,285
1,<environment.Job instance at 0x7f31b17e85a0>,30,27,[ 5 11],31,314,341,283,312
1,<environment.Job instance at 0x7f31b17e8c30>,33,27,[5 6],34,341,368,307,339
1,<environment.Job instance at 0x7f31b17e80f0>,35,20,[4 6],36,341,361,305,340
1,<environment.Job instance at 0x7f316b6f0d20>,36,26,[ 2 12],37,368,394,331,365
1,<environment.Job instance at 0x7f31b17f1be0>,39,28,[6 5],40,394,422,354,393
1,<environment.Job instance at 0x7ff9d22b0370>,1,22,[11  3],2,2,24,0,2
1,<environment.Job instance at 0x7ff9d22b00f0>,2,22,[4 8],3,3,25,0,3
1,<environment.Job instance at 0x7ff9d11512d0>,3,26,[11  4],4,24,50,20,21
1,<environment.Job instance at 0x7ff9d1151640>,7,25,[6 2],8,50,75,42,46
1,<environment.Job instance at 0x7ff9d11516e0>,8,22,[14  3],9,75,97,66,68
1,<environment.Job instance at 0x7ff9d1151500>,5,24,[1 5],6,68,92,62,68
1,<environment.Job instance at 0x7ff9d11518c0>,11,26,[4 8],12,97,123,85,94
1,<environment.Job instance at 0x7ff9d11515a0>,6,20,[6 1],7,97,117,90,96
1,<environment.Job instance at 0x7ff9d1151960>,12,26,[ 1 12],13,123,149,110,120
1,<environment.Job instance at 0x7ff9d1151780>,9,18,[ 2 13],10,175,193,165,175
1,<environment.Job instance at 0x7ff9d1151c80>,17,28,[ 5 10],18,193,221,175,192
1,<environment.Job instance at 0x7ff9d1151d20>,18,25,[ 4 13],19,221,246,202,217
1,<environment.Job instance at 0x7ff9d1151dc0>,19,14,[ 3 11],20,453,467,433,453
1,<environment.Job instance at 0x7ff9d1151e60>,20,27,[13  5],21,467,494,446,465
1,<environment.Job instance at 0x7ff9d1151410>,21,26,[ 5 12],22,494,520,472,491
1,<environment.Job instance at 0x7ff9d1151f50>,22,13,[13  1],23,600,613,577,600
1,<environment.Job instance at 0x7ff9d1151e10>,23,18,[2 7],24,600,618,576,600
1,<environment.Job instance at 0x7ff9d1151230>,24,13,[ 3 14],25,1113,1126,1088,1113
1,<environment.Job instance at 0x7ff9d11530a0>,25,23,[ 3 13],26,1126,1149,1100,1120
1,<environment.Job instance at 0x7ff9d1153140>,26,26,[1 8],27,1149,1175,1122,1146
1,<environment.Job instance at 0x7ff9d11531e0>,27,25,[5 7],28,1149,1174,1121,1146
1,<environment.Job instance at 0x7ff9d1153280>,28,25,[ 4 11],29,1175,1200,1146,1171
1,<environment.Job instance at 0x7ff9d1153320>,29,22,[ 5 13],30,1200,1222,1170,1193
1,<environment.Job instance at 0x7ff9d11533c0>,30,27,[4 8],31,1222,1249,1191,1220
1,<environment.Job instance at 0x7ff9d1153460>,31,20,[11  5],32,1222,1242,1190,1220
1,<environment.Job instance at 0x7ff9d1153500>,32,27,[11  3],33,1242,1269,1209,1240
1,<environment.Job instance at 0x7ff9d1153640>,34,24,[1 8],35,1249,1273,1214,1244
1,<environment.Job instance at 0x7ff9d2416f50>,3,23,[ 5 13],4,4,27,0,4
1,<environment.Job instance at 0x7ff9d2423e60>,6,26,[11  4],7,27,53,20,24
1,<environment.Job instance at 0x7ff9d2423cd0>,8,21,[ 1 10],9,27,48,18,24
1,<environment.Job instance at 0x7ff9d2423230>,10,21,[6 5],11,53,74,42,45
1,<environment.Job instance at 0x7ff9d2423190>,11,26,[ 5 12],12,74,100,62,71
1,<environment.Job instance at 0x7ff9d2423730>,12,27,[12  2],13,100,127,87,98
1,<environment.Job instance at 0x7ff9d2423280>,7,19,[ 3 12],8,100,119,92,99
1,<environment.Job instance at 0x7ff9d24234b0>,16,21,[ 1 12],17,119,140,102,111
1,<environment.Job instance at 0x7ff9d22d8500>,17,19,[11  2],18,132,151,114,132
1,<environment.Job instance at 0x7ff9870ef6e0>,2,25,[11  2],3,3,28,0,3
1,<environment.Job instance at 0x7ff9d22d8500>,4,28,[8 4],5,28,56,23,27
1,<environment.Job instance at 0x7ff9870efdc0>,6,20,[12  1],7,56,76,49,47
1,<environment.Job instance at 0x7ff987662960>,0,25,[6 3],1,1,26,0,1
1,<environment.Job instance at 0x7ff987662b40>,4,24,[5 5],5,5,29,0,5
1,<environment.Job instance at 0x7ff987662780>,1,20,[11  1],2,29,49,27,20
1,<environment.Job instance at 0x7ff9876622d0>,7,22,[3 9],8,26,48,18,20
1,<environment.Job instance at 0x7ff987662690>,6,26,[ 1 13],7,48,74,41,45
1,<environment.Job instance at 0x7ff9876627d0>,10,22,[5 9],11,74,96,63,67
1,<environment.Job instance at 0x7ff98765e550>,0,22,[ 5 12],1,1,23,0,1
1,<environment.Job instance at 0x7ff98759c460>,4,20,[12  2],5,23,43,18,14
1,<environment.Job instance at 0x7ff98759c5a0>,7,24,[13  3],8,43,67,35,38
1,<environment.Job instance at 0x7ff98759c500>,8,22,[12  3],9,67,89,58,60
1,<environment.Job instance at 0x7ff98759c780>,11,23,[10  4],12,89,112,77,83
1,<environment.Job instance at 0x7ff98759c8c0>,13,21,[8 1],14,112,133,98,104
1,<environment.Job instance at 0x7ff98759ca00>,14,20,[14  2],15,133,153,118,124
1,<environment.Job instance at 0x7ff98759caf0>,18,19,[1 7],19,125,144,106,125
1,<environment.Job instance at 0x7ff98759cd70>,20,22,[ 4 14],21,153,175,132,146
1,<environment.Job instance at 0x7ff98759cf50>,21,20,[11  4],22,175,195,153,166
1,<environment.Job instance at 0x7ff98759ceb0>,22,23,[14  4],23,195,218,172,189
1,<environment.Job instance at 0x7ff98759cfa0>,23,19,[ 3 14],24,218,237,194,213
1,<environment.Job instance at 0x7ff987597050>,24,21,[14  2],25,237,258,212,229
1,<environment.Job instance at 0x7ff9875970a0>,25,24,[14  2],26,258,282,232,253
1,<environment.Job instance at 0x7ff987597190>,26,21,[ 5 11],27,282,303,255,274
1,<environment.Job instance at 0x7ff987597230>,27,20,[ 2 12],28,303,323,275,294
1,<environment.Job instance at 0x7ff9875972d0>,28,23,[ 4 11],29,323,346,294,317
1,<environment.Job instance at 0x7ff9d16dba00>,3,21,[ 2 11],4,4,25,0,4
1,<environment.Job instance at 0x7ff9875972d0>,5,25,[9 2],6,6,31,0,6
1,<environment.Job instance at 0x7ff987597460>,4,23,[14  3],5,31,54,26,25
1,<environment.Job instance at 0x7ff987328320>,10,23,[ 2 11],11,54,77,43,48
1,<environment.Job instance at 0x7ff987328050>,11,27,[1 8],12,77,104,65,75
1,<environment.Job instance at 0x7ff9873285a0>,7,19,[11  1],8,75,94,67,75
1,<environment.Job instance at 0x7ff987328870>,13,22,[10  2],14,94,116,80,87
1,<environment.Job instance at 0x7ff9873284b0>,14,27,[11  3],15,116,143,101,114
1,<environment.Job instance at 0x7ff987328190>,15,26,[2 6],16,114,140,98,114
1,<environment.Job instance at 0x7ff9873289b0>,18,25,[14  2],19,143,168,124,139
1,<environment.Job instance at 0x7ff987328af0>,19,22,[3 8],20,168,190,148,161
1,<environment.Job instance at 0x7ff9873285f0>,20,19,[4 9],21,190,209,169,180
1,<environment.Job instance at 0x7ff9873281e0>,22,26,[13  5],23,209,235,186,206
1,<environment.Job instance at 0x7ff987328730>,23,24,[ 2 10],24,209,233,185,206
1,<environment.Job instance at 0x7ff987328500>,25,27,[10  2],26,235,262,209,233
1,<environment.Job instance at 0x7ff9d16d6e10>,27,27,[7 2],28,262,289,234,260
1,<environment.Job instance at 0x7ff987328550>,24,19,[9 4],25,289,308,264,279
1,<environment.Job instance at 0x7ff9d16d61e0>,30,24,[13  2],31,308,332,277,303
1,<environment.Job instance at 0x7ff9d16d63c0>,32,25,[11  4],33,332,357,299,328
1,<environment.Job instance at 0x7ff987328a00>,12,19,[ 5 14],13,360,379,347,360
1,<environment.Job instance at 0x7ff987328a00>,4,23,[ 2 11],5,5,28,0,5
1,<environment.Job instance at 0x7ff98733d1e0>,6,27,[11  5],7,28,55,21,26
1,<environment.Job instance at 0x7ff9d186a5a0>,9,21,[11  1],10,55,76,45,47
1,<environment.Job instance at 0x7ff9d1bf9f00>,0,27,[ 3 14],1,1,28,0,1
1,<environment.Job instance at 0x7ff9d1bf9640>,1,20,[5 6],2,28,48,26,19
1,<environment.Job instance at 0x7ff9d10246e0>,2,27,[ 5 13],3,48,75,45,46
1,<environment.Job instance at 0x7ff9d186a5a0>,3,25,[13  4],4,75,100,71,71
1,<environment.Job instance at 0x7ff98742abe0>,10,19,[8 4],11,100,119,89,90
1,<environment.Job instance at 0x7ff98742ad20>,11,23,[12  3],12,119,142,107,113
1,<environment.Job instance at 0x7ff9d1e81280>,4,27,[ 2 14],5,142,169,137,140
1,<environment.Job instance at 0x7ff98742af50>,15,23,[4 5],16,169,192,153,163
1,<environment.Job instance at 0x7ff987456140>,17,20,[7 5],18,169,189,151,163
1,<environment.Job instance at 0x7ff9874563c0>,19,26,[4 6],20,189,215,169,186
1,<environment.Job instance at 0x7ff987456320>,20,21,[5 2],21,189,210,168,186
1,<environment.Job instance at 0x7ff9874560a0>,21,23,[ 4 11],22,215,238,193,209
1,<environment.Job instance at 0x7ff9874564b0>,22,26,[ 3 14],23,238,264,215,235
1,<environment.Job instance at 0x7ff9d1248fa0>,0,24,[11  5],1,1,25,0,1
1,<environment.Job instance at 0x7ff987456460>,1,25,[2 7],2,2,27,0,2
1,<environment.Job instance at 0x7ff9d1248500>,2,23,[10  4],3,25,48,22,19
1,<environment.Job instance at 0x7ff9d1248eb0>,7,27,[ 5 13],8,48,75,40,46
1,<environment.Job instance at 0x7ff9876eb460>,9,21,[12  3],10,75,96,65,67
1,<environment.Job instance at 0x7ff9876eb780>,10,27,[ 5 12],11,96,123,85,94
1,<environment.Job instance at 0x7ff9874564b0>,3,21,[ 3 14],4,123,144,119,115
1,<environment.Job instance at 0x7ff9876ebc80>,16,26,[11  5],17,144,170,127,141
1,<environment.Job instance at 0x7ff987498820>,0,26,[13  5],1,1,27,0,1
1,<environment.Job instance at 0x7ff986f756e0>,7,28,[9 2],8,27,55,19,26
1,<environment.Job instance at 0x7ff9d17c4b40>,8,28,[12  3],9,55,83,46,54
1,<environment.Job instance at 0x7ff9d203b9b0>,0,19,[6 2],1,2,21,1,2
1,<environment.Job instance at 0x7ff9d1c14410>,2,28,[2 7],3,3,31,0,3
1,<environment.Job instance at 0x7ff9d203b780>,3,27,[11  2],4,21,48,17,19
1,<environment.Job instance at 0x7ff9d11b13c0>,6,22,[14  2],7,48,70,41,41
1,<environment.Job instance at 0x7ff9d11b1500>,8,21,[10  3],9,70,91,61,62
1,<environment.Job instance at 0x7ff9d11b16e0>,11,22,[1 8],12,74,96,62,74
1,<environment.Job instance at 0x7ff9d11b1820>,13,24,[4 7],14,91,115,77,86
1,<environment.Job instance at 0x7ff9d11b1780>,12,24,[13  4],13,115,139,102,110
1,<environment.Job instance at 0x7ff9d11b15a0>,9,22,[ 2 11],10,115,137,105,110
1,<environment.Job instance at 0x7ff9d11b1dc0>,20,28,[7 5],21,139,167,118,138
1,<environment.Job instance at 0x7ff9d11b1cd0>,21,22,[12  4],22,167,189,145,160
1,<environment.Job instance at 0x7ff9d11b1b90>,22,20,[5 8],23,189,209,166,180
1,<environment.Job instance at 0x7ff9d11b1fa0>,23,24,[8 5],24,189,213,165,184
1,<environment.Job instance at 0x7ff9d11b1d70>,19,24,[ 1 14],20,213,237,193,208
1,<environment.Job instance at 0x7ff9d11b1e10>,25,23,[11  5],26,237,260,211,231
1,<environment.Job instance at 0x7ff9d11b1f50>,26,23,[ 2 12],27,260,283,233,254
1,<environment.Job instance at 0x7ff9d11be140>,28,25,[7 3],29,260,285,231,256
1,<environment.Job instance at 0x7ff9d11be3c0>,29,23,[12  5],30,285,308,255,279
1,<environment.Job instance at 0x7ff9d11b1c30>,24,19,[13  1],25,308,327,283,301
1,<environment.Job instance at 0x7ff9d11be500>,31,27,[5 2],32,327,354,295,325
1,<environment.Job instance at 0x7ff9d1a0b5a0>,0,23,[13  4],1,1,24,0,1
1,<environment.Job instance at 0x7ff9d11be5a0>,2,26,[5 5],3,24,50,21,21
1,<environment.Job instance at 0x7ff9d1a0be60>,5,25,[ 2 10],6,21,46,15,21
1,<environment.Job instance at 0x7ff9d11be4b0>,1,25,[ 4 12],2,50,75,48,46
1,<environment.Job instance at 0x7ff9877a0320>,9,19,[9 1],10,50,69,40,50
1,<environment.Job instance at 0x7ff9d0f45f50>,14,27,[5 6],15,75,102,60,73
1,<environment.Job instance at 0x7ff9d0f458c0>,16,25,[9 4],17,75,100,58,73
1,<environment.Job instance at 0x7ff9d0f45370>,17,25,[12  3],18,102,127,84,98
1,<environment.Job instance at 0x7ff9d0f45320>,18,26,[ 3 10],19,102,128,83,99
1,<environment.Job instance at 0x7ff9d0f456e0>,21,27,[ 5 14],22,128,155,106,126
1,<environment.Job instance at 0x7ff9d0f45dc0>,24,20,[12  3],25,155,175,130,146
1,<environment.Job instance at 0x7ff9d22d9280>,26,26,[13  3],27,175,201,148,172
1,<environment.Job instance at 0x7ff9d22d95f0>,27,23,[9 5],28,201,224,173,195
1,<environment.Job instance at 0x7ff9d22d9e10>,28,27,[7 3],29,224,251,195,222
1,<environment.Job instance at 0x7ff9d22d9be0>,29,22,[3 9],30,222,244,192,222
1,<environment.Job instance at 0x7ff9d21e4e10>,11,19,[ 3 11],12,244,263,232,243
1,<environment.Job instance at 0x7ff9d1252aa0>,0,27,[5 2],1,1,28,0,1
1,<environment.Job instance at 0x7ff9d1c117d0>,1,22,[5 2],2,2,24,0,2
1,<environment.Job instance at 0x7ff98763dfa0>,2,23,[11  1],3,24,47,21,18
1,<environment.Job instance at 0x7ff98763dc80>,3,20,[6 2],4,47,67,43,38
1,<environment.Job instance at 0x7ff9875ddf50>,7,28,[7 5],8,47,75,39,46
1,<environment.Job instance at 0x7ff9875b9af0>,9,27,[9 3],10,75,102,65,73
1,<environment.Job instance at 0x7ff9875e0050>,12,25,[10  1],13,102,127,89,98
1,<environment.Job instance at 0x7ff9875e0f50>,14,23,[11  1],15,127,150,112,121
1,<environment.Job instance at 0x7ff9875e0cd0>,15,20,[13  4],16,150,170,134,141
1,<environment.Job instance at 0x7ff9875e0d70>,16,22,[ 1 11],17,141,163,124,141
1,<environment.Job instance at 0x7ff9875e0be0>,17,26,[ 5 12],18,170,196,152,167
1,<environment.Job instance at 0x7ff9875e0910>,18,26,[2 8],19,196,222,177,193
1,<environment.Job instance at 0x7ff9875e0280>,19,21,[6 1],20,193,214,173,193
1,<environment.Job instance at 0x7ff9875e0a50>,20,21,[ 1 12],21,222,243,201,214
1,<environment.Job instance at 0x7ff9d1347b40>,3,23,[14  2],4,4,27,0,4
1,<environment.Job instance at 0x7ff9875e0b90>,4,24,[5 9],5,27,51,22,22
1,<environment.Job instance at 0x7ff9875e0a50>,6,28,[ 2 11],7,51,79,44,50
1,<environment.Job instance at 0x7ff9d13635a0>,7,26,[9 1],8,50,76,42,50
1,<environment.Job instance at 0x7ff98760a1e0>,9,23,[14  3],10,79,102,69,73
1,<environment.Job instance at 0x7ff9d121d5f0>,1,16,[11  2],2,1630,1646,1628,1630
1,<environment.Job instance at 0x7ff987384500>,13,25,[1 8],14,1630,1655,1616,1630
1,<environment.Job instance at 0x7ff987384410>,14,19,[5 2],15,1646,1665,1631,1636
1,<environment.Job instance at 0x7ff9d12d1780>,17,26,[13  1],18,1665,1691,1647,1662
1,<environment.Job instance at 0x7ff9d12d1a00>,18,19,[5 5],19,1691,1710,1672,1681
1,<environment.Job instance at 0x7ff9877331e0>,0,25,[ 2 12],1,1,26,0,1
1,<environment.Job instance at 0x7ff9877338c0>,6,25,[ 4 10],7,26,51,19,22
1,<environment.Job instance at 0x7ff9877335a0>,7,19,[ 5 11],8,51,70,43,42
1,<environment.Job instance at 0x7ff987733230>,9,22,[10  1],10,42,64,32,42
1,<environment.Job instance at 0x7ff987733fa0>,11,24,[ 2 11],12,70,94,58,65
1,<environment.Job instance at 0x7ff987733dc0>,12,20,[ 1 14],13,94,114,81,85
1,<environment.Job instance at 0x7ff9d1dae820>,13,19,[ 3 14],14,2617,2636,2603,2617
1,<environment.Job instance at 0x7ff9d1dae960>,18,21,[ 1 11],19,2636,2657,2617,2628
1,<environment.Job instance at 0x7ff9d1dae550>,19,20,[ 5 13],20,2657,2677,2637,2648
1,<environment.Job instance at 0x7ff9d1dae8c0>,20,27,[ 5 13],21,2677,2704,2656,2675
1,<environment.Job instance at 0x7ff9d1a4d820>,0,28,[14  2],1,1,29,0,1
1,<environment.Job instance at 0x7ff9d122b140>,6,24,[5 7],7,29,53,22,24
1,<environment.Job instance at 0x7ff9d1dae8c0>,2,19,[7 5],3,46,65,43,46
1,<environment.Job instance at 0x7ff9d1c7be60>,5,22,[13  1],6,65,87,59,58
1,<environment.Job instance at 0x7ff9d122bbe0>,9,26,[7 1],10,87,113,77,84
1,<environment.Job instance at 0x7ff9d122bc80>,7,22,[ 2 12],8,86,108,78,86
1,<environment.Job instance at 0x7ff9d122b2d0>,10,20,[9 5],11,113,133,102,104
1,<environment.Job instance at 0x7ff9d122be10>,11,21,[9 3],12,133,154,121,125
1,<environment.Job instance at 0x7ff9d122be60>,13,27,[2 5],14,125,152,111,125
1,<environment.Job instance at 0x7ff9d166c910>,15,21,[11  2],16,154,175,138,146
1,<environment.Job instance at 0x7ff9d1231190>,17,25,[ 2 11],18,152,177,134,148
1,<environment.Job instance at 0x7ff987573cd0>,16,26,[ 1 12],17,177,203,160,174
1,<environment.Job instance at 0x7ff9d122b870>,4,22,[14  1],5,177,199,172,174
1,<environment.Job instance at 0x7ff9d1231c80>,23,23,[10  3],24,199,222,175,194
1,<environment.Job instance at 0x7ff9d12315a0>,24,24,[ 5 11],25,203,227,178,198
1,<environment.Job instance at 0x7ff9d1231690>,26,25,[5 8],27,227,252,200,223
1,<environment.Job instance at 0x7ff9d1231550>,25,22,[4 9],26,252,274,226,245
1,<environment.Job instance at 0x7ff9d120dcd0>,30,25,[ 1 14],31,274,299,243,270
1,<environment.Job instance at 0x7ff9d12161e0>,31,25,[7 1],32,270,295,238,270
1,<environment.Job instance at 0x7ff9d12160f0>,34,21,[5 6],35,299,320,264,291
1,<environment.Job instance at 0x7ff9873eebe0>,35,28,[ 3 11],36,320,348,284,319
1,<environment.Job instance at 0x7ff9d0f92820>,36,23,[5 1],37,319,342,282,319
1,<environment.Job instance at 0x7ff9d12310a0>,19,19,[14  1],20,348,367,328,347
1,<environment.Job instance at 0x7ff9873edaf0>,38,28,[6 3],39,367,395,328,366
1,<environment.Job instance at 0x7ff9d1a719b0>,1,20,[5 8],2,2,22,0,2
1,<environment.Job instance at 0x7ff9d1110640>,3,22,[ 2 12],4,22,44,18,20
1,<environment.Job instance at 0x7ff9d1eae0f0>,8,28,[9 5],9,44,72,35,43
1,<environment.Job instance at 0x7ff9d1eae7d0>,12,23,[5 2],13,59,82,46,59
1,<environment.Job instance at 0x7ff9873edaf0>,4,28,[ 3 11],5,72,100,67,71
1,<environment.Job instance at 0x7ff9d1606b40>,16,28,[4 7],17,100,128,83,99
1,<environment.Job instance at 0x7ff9d0f50dc0>,13,22,[12  2],14,128,150,114,121
1,<environment.Job instance at 0x7ff9d1252140>,18,28,[ 4 10],19,150,178,131,149
1,<environment.Job instance at 0x7ff9870ad320>,21,27,[14  2],22,178,205,156,176
1,<environment.Job instance at 0x7ff9d21a7500>,5,22,[ 3 13],6,205,227,199,198
1,<environment.Job instance at 0x7ff987777460>,0,27,[ 4 10],1,1,28,0,1
1,<environment.Job instance at 0x7ff987777f50>,1,27,[9 3],2,2,29,0,2
1,<environment.Job instance at 0x7ff9877775a0>,4,27,[12  1],5,29,56,24,27
1,<environment.Job instance at 0x7ff987777a50>,8,24,[1 7],9,28,52,19,27
1,<environment.Job instance at 0x7ff987777230>,10,26,[12  5],11,56,82,45,53
1,<environment.Job instance at 0x7ff987777e60>,7,20,[14  5],8,82,102,74,73
1,<environment.Job instance at 0x7ff987777dc0>,12,28,[13  2],13,102,130,89,101
1,<environment.Job instance at 0x7ff9877770f0>,5,19,[14  2],6,130,149,124,129
1,<environment.Job instance at 0x7ff986f91c80>,14,28,[ 5 14],15,149,177,134,148
1,<environment.Job instance at 0x7ff986f911e0>,16,22,[10  2],17,177,199,160,170
1,<environment.Job instance at 0x7ff986f910f0>,19,26,[ 5 12],20,179,205,159,179
1,<environment.Job instance at 0x7ff986f91fa0>,20,26,[10  2],21,199,225,178,196
1,<environment.Job instance at 0x7ff987777c80>,2,19,[ 1 11],3,241,260,238,241
1,<environment.Job instance at 0x7ff986f91cd0>,22,21,[13  4],23,241,262,218,241
1,<environment.Job instance at 0x7ff986f919b0>,23,20,[ 2 11],24,260,280,236,257
1,<environment.Job instance at 0x7ff986f916e0>,25,22,[8 4],26,262,284,236,257
1,<environment.Job instance at 0x7ff9d1831910>,1,24,[7 3],2,2,26,0,2
1,<environment.Job instance at 0x7ff9d1c64960>,7,21,[2 8],8,9,30,1,9
1,<environment.Job instance at 0x7ff9d1c642d0>,8,28,[13  5],9,26,54,17,25
1,<environment.Job instance at 0x7ff9d1b66410>,9,24,[11  2],10,54,78,44,49
1,<environment.Job instance at 0x7ff9d13ab410>,14,25,[14  2],15,78,103,63,74
1,<environment.Job instance at 0x7ff9d18317d0>,2,20,[ 3 14],3,103,123,100,94
1,<environment.Job instance at 0x7ff9d1b660a0>,11,19,[ 4 12],12,123,142,111,113
1,<environment.Job instance at 0x7ff9d1c07730>,18,26,[ 5 14],19,142,168,123,139
1,<environment.Job instance at 0x7ff9d1c845a0>,19,20,[7 3],20,168,188,148,159
1,<environment.Job instance at 0x7f7178f20370>,1,22,[11  3],2,2,24,0,2
1,<environment.Job instance at 0x7f7178f63640>,2,22,[4 8],3,3,25,0,3
1,<environment.Job instance at 0x7f7178f20140>,3,26,[11  4],4,24,50,20,21
1,<environment.Job instance at 0x7f7171b10690>,7,25,[6 2],8,50,75,42,46
1,<environment.Job instance at 0x7f7171b104b0>,4,21,[1 6],5,46,67,41,46
1,<environment.Job instance at 0x7f7171b10910>,11,26,[4 8],12,67,93,55,64
1,<environment.Job instance at 0x7f7171b10550>,5,24,[1 5],6,66,90,60,66
1,<environment.Job instance at 0x7f7171b10730>,8,22,[14  3],9,93,115,84,86
1,<environment.Job instance at 0x7f7171b109b0>,12,26,[ 1 12],13,93,119,80,90
1,<environment.Job instance at 0x7f7171b10870>,10,18,[ 3 11],11,122,140,111,122
1,<environment.Job instance at 0x7f7171b10cd0>,17,28,[ 5 10],18,140,168,122,139
1,<environment.Job instance at 0x7f7171b10d70>,18,25,[ 4 13],19,168,193,149,164
1,<environment.Job instance at 0x7f7171b10e10>,19,14,[ 3 11],20,493,507,473,493
1,<environment.Job instance at 0x7f7171b10eb0>,20,27,[13  5],21,507,534,486,505
1,<environment.Job instance at 0x7f7171b10f00>,21,26,[ 5 12],22,534,560,512,531
1,<environment.Job instance at 0x7f7171b10460>,22,13,[13  1],23,627,640,604,627
1,<environment.Job instance at 0x7f7171b10e60>,24,13,[ 3 14],25,988,1001,963,988
1,<environment.Job instance at 0x7f7171b120f0>,25,23,[ 3 13],26,1001,1024,975,995
1,<environment.Job instance at 0x7f7171b12230>,27,25,[5 7],28,1024,1049,996,1020
1,<environment.Job instance at 0x7f7171b122d0>,28,25,[ 4 11],29,1049,1074,1020,1045
1,<environment.Job instance at 0x7f7171b12370>,29,22,[ 5 13],30,1074,1096,1044,1067
1,<environment.Job instance at 0x7f7171b12410>,30,27,[4 8],31,1096,1123,1065,1094
1,<environment.Job instance at 0x7f7171b124b0>,31,20,[11  5],32,1096,1116,1064,1094
1,<environment.Job instance at 0x7f7171b12550>,32,27,[11  3],33,1116,1143,1083,1114
1,<environment.Job instance at 0x7f7171b12690>,34,24,[1 8],35,1123,1147,1088,1118
1,<environment.Job instance at 0x7f7171b2b460>,0,21,[6 5],1,1,22,0,1
1,<environment.Job instance at 0x7f7171b12730>,2,27,[12  2],3,22,49,19,20
1,<environment.Job instance at 0x7f7178f1fa00>,6,21,[ 1 12],7,38,59,31,38
1,<environment.Job instance at 0x7f7171b128c0>,1,26,[ 5 12],2,59,85,57,56
1,<environment.Job instance at 0x7f7178f1fc80>,7,19,[11  2],8,85,104,77,75
1,<environment.Job instance at 0x7f7178f4ae60>,12,22,[14  4],13,104,126,91,97
1,<environment.Job instance at 0x7f7178f4a0a0>,10,19,[13  1],11,126,145,115,118
1,<environment.Job instance at 0x7f7178f4a780>,14,19,[ 3 12],15,145,164,130,136
1,<environment.Job instance at 0x7f712de3ad70>,1,26,[11  5],2,2,28,0,2
1,<environment.Job instance at 0x7f712de053c0>,8,27,[14  3],9,28,55,19,26
1,<environment.Job instance at 0x7f712de052d0>,9,20,[1 7],10,26,46,16,26
1,<environment.Job instance at 0x7f712de05460>,10,26,[ 4 10],11,55,81,44,52
1,<environment.Job instance at 0x7f712de05f50>,11,26,[8 3],12,55,81,43,52
1,<environment.Job instance at 0x7f712de05b40>,14,22,[11  1],15,81,103,66,74
1,<environment.Job instance at 0x7f712de057d0>,12,23,[12  1],13,103,126,90,97
1,<environment.Job instance at 0x7f712de11e60>,15,22,[ 1 13],16,97,119,81,97
1,<environment.Job instance at 0x7f712de11d20>,18,23,[13  3],19,126,149,107,120
1,<environment.Job instance at 0x7f712de11c30>,19,25,[10  5],20,149,174,129,145
1,<environment.Job instance at 0x7f712de11aa0>,20,20,[13  5],21,174,194,153,165
1,<environment.Job instance at 0x7f712de11780>,21,24,[14  3],22,194,218,172,189
1,<environment.Job instance at 0x7f712de11910>,22,23,[13  5],23,218,241,195,212
1,<environment.Job instance at 0x7f712de11960>,23,21,[12  3],24,241,262,217,233
1,<environment.Job instance at 0x7f712de118c0>,25,28,[ 4 11],26,262,290,236,261
1,<environment.Job instance at 0x7f712de11af0>,16,24,[ 2 14],17,290,314,273,285
1,<environment.Job instance at 0x7f712de11280>,27,22,[14  1],28,314,336,286,307
1,<environment.Job instance at 0x7f712de11550>,28,25,[7 3],29,336,361,307,332
1,<environment.Job instance at 0x7f712de110a0>,29,27,[ 4 13],30,361,388,331,359
1,<environment.Job instance at 0x7f712de11320>,30,26,[8 4],31,388,414,357,385
1,<environment.Job instance at 0x7f712de05af0>,13,19,[ 2 13],14,414,433,400,407
1,<environment.Job instance at 0x7f712de0d320>,31,12,[11  1],32,1320,1332,1288,1320
1,<environment.Job instance at 0x7f712de0db40>,34,27,[ 1 10],35,1320,1347,1285,1320
1,<environment.Job instance at 0x7f712de0daa0>,35,19,[9 4],36,1332,1351,1296,1322
1,<environment.Job instance at 0x7f712de0daf0>,36,19,[13  1],37,1351,1370,1314,1342
1,<environment.Job instance at 0x7f712dec95f0>,0,25,[7 1],1,1,26,0,1
1,<environment.Job instance at 0x7f712de0daf0>,2,23,[10  2],3,26,49,23,20
1,<environment.Job instance at 0x7f712de050f0>,6,23,[ 2 11],7,21,44,14,21
1,<environment.Job instance at 0x7f712de0d870>,1,24,[12  5],2,49,73,47,44
1,<environment.Job instance at 0x7f712de05550>,5,27,[ 4 14],6,73,100,67,71
1,<environment.Job instance at 0x7f71790985a0>,0,27,[7 4],1,1,28,0,1
1,<environment.Job instance at 0x7f7179098b40>,1,21,[ 3 11],2,4,25,2,4
1,<environment.Job instance at 0x7f712e209af0>,4,26,[ 3 12],5,28,54,23,25
1,<environment.Job instance at 0x7f71742539b0>,1,26,[ 4 10],2,2,28,0,2
1,<environment.Job instance at 0x7f7171958190>,5,25,[7 3],6,6,31,0,6
1,<environment.Job instance at 0x7f7171958960>,4,24,[ 5 11],5,28,52,23,23
1,<environment.Job instance at 0x7f71742533c0>,2,20,[ 4 11],3,52,72,49,43
1,<environment.Job instance at 0x7f71719584b0>,9,17,[ 1 11],10,1138,1155,1128,1138
1,<environment.Job instance at 0x7f7171958910>,10,20,[2 9],11,1155,1175,1144,1146
1,<environment.Job instance at 0x7f712e0db140>,2,28,[9 1],3,3,31,0,3
1,<environment.Job instance at 0x7f7171e687d0>,6,28,[ 4 12],7,7,35,0,7
1,<environment.Job instance at 0x7f712deec8c0>,12,21,[9 5],13,35,56,22,27
1,<environment.Job instance at 0x7f712deec3c0>,13,21,[11  5],14,56,77,42,48
1,<environment.Job instance at 0x7f712dfc14b0>,17,24,[12  2],18,77,101,59,72
1,<environment.Job instance at 0x7f712dfc1730>,18,27,[5 9],19,101,128,82,99
1,<environment.Job instance at 0x7f712dfc12d0>,19,23,[8 5],20,101,124,81,99
1,<environment.Job instance at 0x7f717463fa00>,0,26,[ 4 14],1,1,27,0,1
1,<environment.Job instance at 0x7f717463f320>,5,23,[ 4 11],6,27,50,21,21
1,<environment.Job instance at 0x7f712e3760f0>,6,21,[ 5 14],7,50,71,43,42
1,<environment.Job instance at 0x7f7171ed2780>,0,23,[ 3 13],1,1,24,0,1
1,<environment.Job instance at 0x7f7171ed2870>,6,28,[14  1],7,24,52,17,23
1,<environment.Job instance at 0x7f7171ed27d0>,5,26,[5 7],6,52,78,46,49
1,<environment.Job instance at 0x7f7171ed2370>,8,26,[12  1],9,78,104,69,75
1,<environment.Job instance at 0x7f7171921be0>,9,22,[14  5],10,104,126,94,97
1,<environment.Job instance at 0x7f712e351af0>,12,25,[ 1 13],13,126,151,113,122
1,<environment.Job instance at 0x7f7171a7b230>,0,28,[5 2],1,1,29,0,1
1,<environment.Job instance at 0x7f71747e7cd0>,1,21,[ 4 12],2,2,23,0,2
1,<environment.Job instance at 0x7f7174128c80>,5,21,[ 3 10],6,23,44,17,16
1,<environment.Job instance at 0x7f71744c2050>,7,21,[11  3],8,33,54,25,33
1,<environment.Job instance at 0x7f71744c2cd0>,6,22,[2 6],7,44,66,37,37
1,<environment.Job instance at 0x7f71744c2140>,9,23,[5 5],10,54,77,44,48
1,<environment.Job instance at 0x7f71744c2c80>,12,28,[2 7],13,66,94,53,65
1,<environment.Job instance at 0x7f712e048730>,13,27,[11  2],14,77,104,63,75
1,<environment.Job instance at 0x7f712e0481e0>,14,21,[9 1],15,104,125,89,96
1,<environment.Job instance at 0x7f717431ff50>,16,22,[14  2],17,125,147,108,118
1,<environment.Job instance at 0x7f7171dd8050>,18,21,[10  3],19,147,168,128,139
1,<environment.Job instance at 0x7f7171dd8fa0>,19,22,[ 2 11],20,147,169,127,140
1,<environment.Job instance at 0x7f71740ff050>,21,22,[1 8],22,169,191,147,162
1,<environment.Job instance at 0x7f71740ff8c0>,22,24,[13  4],23,168,192,145,163
1,<environment.Job instance at 0x7f71719a7c80>,23,24,[4 7],24,192,216,168,187
1,<environment.Job instance at 0x7f71719a7d70>,25,19,[7 5],26,192,211,166,187
1,<environment.Job instance at 0x7f712e4cbaa0>,28,22,[5 7],29,211,233,182,204
1,<environment.Job instance at 0x7f712e4cb190>,29,24,[ 1 14],30,233,257,203,228
1,<environment.Job instance at 0x7f71718780a0>,30,28,[7 5],31,257,285,226,256
1,<environment.Job instance at 0x7f71718785a0>,31,22,[12  4],32,285,307,253,278
1,<environment.Job instance at 0x7f712e36e6e0>,32,20,[5 8],33,307,327,274,298
1,<environment.Job instance at 0x7f712e36e1e0>,33,24,[8 5],34,307,331,273,302
1,<environment.Job instance at 0x7f712e36ee60>,34,19,[13  1],35,331,350,296,321
1,<environment.Job instance at 0x7f7171988d70>,35,23,[11  5],36,350,373,314,344
1,<environment.Job instance at 0x7f7171bfc190>,36,23,[ 2 12],37,373,396,336,367
1,<environment.Job instance at 0x7f7171bfc780>,38,25,[7 3],39,373,398,334,369
1,<environment.Job instance at 0x7f7171afd320>,39,23,[12  5],40,398,421,358,392
1,<environment.Job instance at 0x7f7174392fa0>,0,23,[13  4],1,1,24,0,1
1,<environment.Job instance at 0x7f7171afd320>,2,26,[5 5],3,24,50,21,21
1,<environment.Job instance at 0x7f717188aa00>,5,25,[ 2 10],6,21,46,15,21
1,<environment.Job instance at 0x7f7171afd550>,1,25,[ 4 12],2,50,75,48,46
1,<environment.Job instance at 0x7f717188ad20>,10,21,[9 1],11,46,67,35,46
1,<environment.Job instance at 0x7f717188afa0>,14,27,[5 6],15,75,102,60,73
1,<environment.Job instance at 0x7f717188ac80>,9,19,[9 1],10,73,92,63,73
1,<environment.Job instance at 0x7f717188a870>,16,25,[9 4],17,92,117,75,88
1,<environment.Job instance at 0x7f71718a2280>,18,26,[ 3 10],19,102,128,83,99
1,<environment.Job instance at 0x7f717188a820>,17,25,[12  3],18,117,142,99,113
1,<environment.Job instance at 0x7f71718a2410>,21,27,[ 5 14],22,142,169,120,140
1,<environment.Job instance at 0x7f717188adc0>,11,19,[ 3 11],12,169,188,157,165
1,<environment.Job instance at 0x7f71718a2500>,24,20,[12  3],25,169,189,144,165
1,<environment.Job instance at 0x7f71718a2690>,26,26,[13  3],27,189,215,162,186
1,<environment.Job instance at 0x7f71718a2730>,27,23,[9 5],28,215,238,187,209
1,<environment.Job instance at 0x7f71718a27d0>,28,27,[7 3],29,238,265,209,236
1,<environment.Job instance at 0x7f71718a2870>,29,22,[3 9],30,236,258,206,236
1,<environment.Job instance at 0x7f7171a47d70>,1,22,[14  3],2,2,24,0,2
1,<environment.Job instance at 0x7f7171a47230>,2,22,[11  5],3,24,46,21,17
1,<environment.Job instance at 0x7f71741e92d0>,6,24,[1 8],7,19,43,12,19
1,<environment.Job instance at 0x7f71741e98c0>,4,21,[5 8],5,46,67,41,38
1,<environment.Job instance at 0x7f7171993190>,13,24,[2 8],14,67,91,53,62
1,<environment.Job instance at 0x7f7171993140>,14,24,[5 7],15,62,86,47,62
1,<environment.Job instance at 0x7f7171a47be0>,5,21,[11  3],6,86,107,80,78
1,<environment.Job instance at 0x7f712e11b4b0>,0,21,[ 1 12],1,1,22,0,1
1,<environment.Job instance at 0x7f7171b038c0>,6,24,[14  5],7,22,46,15,17
1,<environment.Job instance at 0x7f7171b03140>,7,25,[ 4 12],8,46,71,38,42
1,<environment.Job instance at 0x7f71745b5960>,0,24,[9 1],1,1,25,0,1
1,<environment.Job instance at 0x7f712e0717d0>,4,21,[2 7],5,5,26,0,5
1,<environment.Job instance at 0x7f7171f574b0>,5,26,[11  3],6,25,51,19,22
1,<environment.Job instance at 0x7f7171f57410>,6,25,[5 3],7,51,76,44,47
1,<environment.Job instance at 0x7f7171f57b40>,8,21,[ 3 11],9,47,68,38,47
1,<environment.Job instance at 0x7f7171f57550>,12,27,[7 2],13,68,95,55,66
1,<environment.Job instance at 0x7f7171f57be0>,11,20,[10  3],12,95,115,83,86
1,<environment.Job instance at 0x7f71718c1f00>,14,21,[10  1],15,115,136,100,107
1,<environment.Job instance at 0x7f7171f62550>,17,22,[13  4],18,136,158,118,129
1,<environment.Job instance at 0x7f7171f621e0>,2,28,[ 5 13],3,3,31,0,3
1,<environment.Job instance at 0x7f7171f62550>,4,27,[6 4],5,31,58,26,29
1,<environment.Job instance at 0x7f712df0a3c0>,10,25,[1 6],11,31,56,20,29
1,<environment.Job instance at 0x7f7171a52dc0>,11,20,[11  1],12,58,78,46,49
1,<environment.Job instance at 0x7f7171a52410>,12,21,[2 8],13,56,77,43,49
1,<environment.Job instance at 0x7f712dfab960>,18,22,[9 1],19,78,100,59,71
1,<environment.Job instance at 0x7f71748378c0>,0,25,[2 8],1,1,26,0,1
1,<environment.Job instance at 0x7f7171960b90>,9,20,[3 9],10,26,46,16,17
1,<environment.Job instance at 0x7f712e0c85f0>,10,25,[ 1 13],11,46,71,35,42
1,<environment.Job instance at 0x7f712e0c8910>,11,22,[14  2],12,46,68,34,42
1,<environment.Job instance at 0x7f712e0c8c80>,12,24,[7 4],13,71,95,58,66
1,<environment.Job instance at 0x7f712e0c8af0>,14,20,[ 5 11],15,71,91,56,66
1,<environment.Job instance at 0x7f7171ec1eb0>,15,21,[13  4],16,95,116,79,87
1,<environment.Job instance at 0x7f7171ec1550>,16,25,[12  4],17,116,141,99,112
1,<environment.Job instance at 0x7f712daef8c0>,0,24,[1 9],1,1,25,0,1
1,<environment.Job instance at 0x7f7171ec1140>,2,20,[11  2],3,3,23,0,3
1,<environment.Job instance at 0x7f7171ae2a00>,5,27,[6 2],6,23,50,17,21
1,<environment.Job instance at 0x7f7171ae2640>,6,20,[ 5 11],7,25,45,18,21
1,<environment.Job instance at 0x7f7171ae2140>,9,26,[4 6],10,45,71,35,42
1,<environment.Job instance at 0x7f7171ae29b0>,10,24,[5 3],11,45,69,34,42
1,<environment.Job instance at 0x7f712daef0a0>,1,19,[13  2],2,81,100,79,81
1,<environment.Job instance at 0x7f712daef0a0>,4,20,[10  4],5,5,25,0,5
1,<environment.Job instance at 0x7f712deb0910>,5,26,[ 5 10],6,6,32,0,6
1,<environment.Job instance at 0x7f712e325be0>,8,26,[14  2],9,32,58,23,29
1,<environment.Job instance at 0x7f712e325e60>,9,27,[ 1 10],10,32,59,22,31
1,<environment.Job instance at 0x7f712e325d70>,12,26,[11  4],13,58,84,45,55
1,<environment.Job instance at 0x7f71718d3cd0>,14,26,[14  4],15,84,110,69,81
1,<environment.Job instance at 0x7f712deb0460>,6,27,[ 2 13],7,110,137,103,108
1,<environment.Job instance at 0x7f71745b6410>,2,25,[2 6],3,3,28,0,3
1,<environment.Job instance at 0x7f712db1f410>,4,25,[10  3],5,5,30,0,5
1,<environment.Job instance at 0x7f712e38c730>,5,28,[4 6],6,28,56,22,27
1,<environment.Job instance at 0x7f712e38c460>,8,23,[ 1 10],9,56,79,47,50
1,<environment.Job instance at 0x7f71745b6b40>,1,19,[12  3],2,56,75,54,50
1,<environment.Job instance at 0x7f712dc65aa0>,11,28,[4 7],12,79,107,67,78
1,<environment.Job instance at 0x7f712dc65d20>,13,24,[11  4],14,78,102,64,78
1,<environment.Job instance at 0x7f712dc65eb0>,14,21,[13  3],15,107,128,92,99
1,<environment.Job instance at 0x7f712dc609b0>,17,24,[11  4],18,128,152,110,123
1,<environment.Job instance at 0x7f712dc60690>,19,22,[3 7],20,128,150,108,123
1,<environment.Job instance at 0x7f712dfa72d0>,3,26,[ 3 14],4,4,30,0,4
1,<environment.Job instance at 0x7f717446f8c0>,5,26,[ 1 11],6,30,56,24,27
1,<environment.Job instance at 0x7f7178f61370>,8,21,[ 5 12],9,56,77,47,48
1,<environment.Job instance at 0x7f712de01f00>,11,28,[13  4],12,77,105,65,76
1,<environment.Job instance at 0x7f712de800f0>,7,18,[11  2],8,403,421,395,403
1,<environment.Job instance at 0x7f712ddd7460>,13,28,[11  2],14,421,449,407,420
1,<environment.Job instance at 0x7f378fa5c370>,1,22,[11  3],2,2,24,0,2
1,<environment.Job instance at 0x7f378e8fd2d0>,3,26,[11  4],4,24,50,20,21
1,<environment.Job instance at 0x7f378e8fd6e0>,8,22,[14  3],9,50,72,41,43
1,<environment.Job instance at 0x7f378e8fd640>,7,25,[6 2],8,72,97,64,68
1,<environment.Job instance at 0x7f378e8fd500>,5,24,[1 5],6,68,92,62,68
1,<environment.Job instance at 0x7f378e8fd8c0>,11,26,[4 8],12,72,98,60,69
1,<environment.Job instance at 0x7f378e8fd960>,12,26,[ 1 12],13,98,124,85,95
1,<environment.Job instance at 0x7f378e8fd820>,10,18,[ 3 11],11,215,233,204,215
1,<environment.Job instance at 0x7f378e8fdc80>,17,28,[ 5 10],18,233,261,215,232
1,<environment.Job instance at 0x7f378e8fdd20>,18,25,[ 4 13],19,261,286,242,257
1,<environment.Job instance at 0x7f378fbc9960>,2,22,[14  4],3,3,25,0,3
1,<environment.Job instance at 0x7f378fa5b730>,6,26,[13  4],7,25,51,18,22
1,<environment.Job instance at 0x7f378fa5ba50>,11,25,[6 1],12,51,76,39,47
1,<environment.Job instance at 0x7f378fa5b960>,12,28,[6 2],13,51,79,38,50
1,<environment.Job instance at 0x7f378fa5b140>,13,24,[6 4],14,76,100,62,71
1,<environment.Job instance at 0x7f378fbd1320>,15,25,[ 3 12],16,100,125,84,96
1,<environment.Job instance at 0x7f378fbd1280>,16,26,[13  5],17,125,151,108,122
1,<environment.Job instance at 0x7f378fbd11e0>,17,28,[1 9],18,125,153,107,124
1,<environment.Job instance at 0x7f378e919e10>,0,19,[13  1],1,151,170,150,142
1,<environment.Job instance at 0x7f378fa864b0>,19,28,[ 2 10],20,153,181,133,152
1,<environment.Job instance at 0x7f378fa86500>,21,25,[ 3 14],22,181,206,159,177
1,<environment.Job instance at 0x7f378e919f50>,4,19,[ 3 12],5,206,225,201,201
1,<environment.Job instance at 0x7f378fbc2c80>,23,20,[ 4 10],24,225,245,201,216
1,<environment.Job instance at 0x7f3744975690>,1,24,[14  3],2,2,26,0,2
1,<environment.Job instance at 0x7f3744975c30>,5,28,[ 4 11],6,26,54,20,25
1,<environment.Job instance at 0x7f378fbc2190>,2,23,[13  5],3,54,77,51,48
1,<environment.Job instance at 0x7f3744975be0>,8,25,[7 3],9,77,102,68,73
1,<environment.Job instance at 0x7f3744975e10>,9,27,[ 4 13],10,102,129,92,100
1,<environment.Job instance at 0x7f3744975050>,10,26,[8 4],11,129,155,118,126
1,<environment.Job instance at 0x7f3744975730>,7,22,[14  1],8,155,177,147,148
1,<environment.Job instance at 0x7f378fbc2c80>,3,21,[12  3],4,177,198,173,169
1,<environment.Job instance at 0x7f37448a2c30>,14,27,[ 1 10],15,175,202,160,175
1,<environment.Job instance at 0x7f3744975a00>,0,20,[13  5],1,198,218,197,189
1,<environment.Job instance at 0x7f37448a2780>,16,19,[13  1],17,220,239,203,220
1,<environment.Job instance at 0x7f37448a2690>,18,20,[11  2],19,239,259,220,230
1,<environment.Job instance at 0x7f37448a2e10>,19,25,[ 2 13],20,230,255,210,230
1,<environment.Job instance at 0x7f37448a2280>,22,24,[ 3 13],23,255,279,232,250
1,<environment.Job instance at 0x7f3744c98f00>,1,21,[4 8],2,2,23,0,2
1,<environment.Job instance at 0x7f3744a53780>,6,28,[6 1],7,7,35,0,7
1,<environment.Job instance at 0x7f3744a53aa0>,9,27,[ 4 12],10,23,50,13,21
1,<environment.Job instance at 0x7f3744a53cd0>,10,25,[12  4],11,50,75,39,46
1,<environment.Job instance at 0x7f37448a2280>,3,21,[ 3 14],4,75,96,71,69
1,<environment.Job instance at 0x7f3744a53230>,11,20,[ 3 14],12,97,117,85,97
1,<environment.Job instance at 0x7f3744ac3a00>,14,24,[8 4],15,117,141,102,112
1,<environment.Job instance at 0x7f3744ac30f0>,16,20,[12  3],17,141,161,124,132
1,<environment.Job instance at 0x7f3744ac3280>,17,25,[13  2],18,161,186,143,157
1,<environment.Job instance at 0x7f3744ac3050>,19,25,[1 6],20,157,182,137,157
1,<environment.Job instance at 0x7f3744a20050>,0,20,[13  5],1,1,21,0,1
1,<environment.Job instance at 0x7f3744ac3190>,1,27,[1 8],2,2,29,0,2
1,<environment.Job instance at 0x7f378fadfdc0>,3,24,[11  3],4,21,45,17,16
1,<environment.Job instance at 0x7f3744d371e0>,7,23,[13  3],8,45,68,37,39
1,<environment.Job instance at 0x7f3744d37500>,12,24,[13  3],13,68,92,55,63
1,<environment.Job instance at 0x7f3744d37640>,14,25,[12  2],15,92,117,77,88
1,<environment.Job instance at 0x7f3744d376e0>,15,25,[14  1],16,117,142,101,113
1,<environment.Job instance at 0x7f3744d37910>,16,27,[5 5],17,142,169,125,140
1,<environment.Job instance at 0x7f3744d37a50>,18,23,[14  2],19,169,192,150,163
1,<environment.Job instance at 0x7f3744d37dc0>,23,21,[ 2 11],24,192,213,168,184
1,<environment.Job instance at 0x7f3744d37e60>,24,23,[14  3],25,213,236,188,207
1,<environment.Job instance at 0x7f3744d37fa0>,25,25,[9 2],26,236,261,210,232
1,<environment.Job instance at 0x7f3744d37f00>,27,19,[11  1],28,261,280,233,251
1,<environment.Job instance at 0x7f3744d4a280>,30,23,[ 2 11],31,252,275,221,252
1,<environment.Job instance at 0x7f3744d4a320>,31,27,[1 8],32,275,302,243,273
1,<environment.Job instance at 0x7f3744d4a460>,33,22,[10  2],34,280,302,246,277
1,<environment.Job instance at 0x7f3744d4a500>,34,27,[11  3],35,302,329,267,300
1,<environment.Job instance at 0x7f3744d4a5a0>,35,26,[2 6],36,302,328,266,300
1,<environment.Job instance at 0x7f3744d4a780>,38,25,[14  2],39,329,354,290,325
1,<environment.Job instance at 0x7f3744d4a910>,39,22,[3 8],40,354,376,314,347
1,<environment.Job instance at 0x7f3744d4a870>,40,19,[4 9],41,376,395,335,366
1,<environment.Job instance at 0x7f3744d4aa00>,42,26,[13  5],43,395,421,352,392
1,<environment.Job instance at 0x7f3744d4aa50>,43,24,[ 2 10],44,395,419,351,392
1,<environment.Job instance at 0x7f3744d4abe0>,45,27,[10  2],46,421,448,375,419
1,<environment.Job instance at 0x7f3744d4ab40>,44,19,[9 4],45,448,467,403,438
1,<environment.Job instance at 0x7f3744d4ad20>,47,27,[7 2],48,467,494,419,465
1,<environment.Job instance at 0x7f3744d4a3c0>,32,19,[ 5 14],33,494,513,461,484
1,<environment.Job instance at 0x7f3744d4afa0>,50,24,[13  2],51,513,537,462,508
1,<environment.Job instance at 0x7f3744d47050>,52,25,[11  4],53,537,562,484,533
1,<environment.Job instance at 0x7f3744d471e0>,54,23,[1 6],55,533,556,478,533
1,<environment.Job instance at 0x7f3744d471e0>,4,23,[ 2 11],5,5,28,0,5
1,<environment.Job instance at 0x7f378e6a7f00>,6,27,[11  5],7,28,55,21,26
1,<environment.Job instance at 0x7f3744c98dc0>,9,21,[11  1],10,55,76,45,47
1,<environment.Job instance at 0x7f3744ee62d0>,0,21,[5 2],1,2,23,1,2
1,<environment.Job instance at 0x7f378f06f500>,1,23,[ 4 11],2,2,25,0,2
1,<environment.Job instance at 0x7f3744ac1aa0>,8,25,[14  5],9,25,50,16,21
1,<environment.Job instance at 0x7f378e9d0410>,9,27,[6 1],10,50,77,40,48
1,<environment.Job instance at 0x7f3744c98dc0>,2,26,[ 3 14],3,50,76,47,48
1,<environment.Job instance at 0x7f378e9d0e60>,4,19,[ 4 11],5,76,95,71,74
1,<environment.Job instance at 0x7f3744ac1e10>,14,22,[9 4],15,77,99,62,74
1,<environment.Job instance at 0x7f3744ac1d20>,15,27,[12  1],16,99,126,83,97
1,<environment.Job instance at 0x7f3744ac1140>,16,22,[11  5],17,126,148,109,119
1,<environment.Job instance at 0x7f378f041050>,18,22,[ 3 14],19,148,170,129,141
1,<environment.Job instance at 0x7f378f041460>,19,26,[2 7],20,170,196,150,167
1,<environment.Job instance at 0x7f378f0fbbe0>,20,23,[10  3],21,170,193,149,167
1,<environment.Job instance at 0x7f378e9d0fa0>,6,12,[11  1],7,208,220,201,208
1,<environment.Job instance at 0x7f378f0fb280>,22,23,[13  2],23,220,243,197,214
1,<environment.Job instance at 0x7f378e7ef460>,23,25,[4 5],24,243,268,219,239
1,<environment.Job instance at 0x7f3744d100a0>,24,21,[14  1],25,268,289,243,260
1,<environment.Job instance at 0x7f3744d107d0>,25,18,[11  1],26,322,340,296,322
1,<environment.Job instance at 0x7f3744de9e60>,26,19,[ 3 12],27,322,341,295,322
1,<environment.Job instance at 0x7f3744de9b90>,27,20,[3 7],28,341,361,313,332
1,<environment.Job instance at 0x7f3744c98f50>,3,12,[ 2 13],4,2233,2245,2229,2233
1,<environment.Job instance at 0x7f3744b944b0>,29,27,[13  3],30,2245,2272,2215,2243
1,<environment.Job instance at 0x7f378eaeaa50>,31,27,[4 6],32,2272,2299,2240,2270
1,<environment.Job instance at 0x7f378ecdecd0>,1,24,[14  3],2,2,26,0,2
1,<environment.Job instance at 0x7f3744b22640>,6,22,[ 5 11],7,26,48,19,19
1,<environment.Job instance at 0x7f3744b22870>,7,24,[ 5 13],8,48,72,40,43
1,<environment.Job instance at 0x7f3744b229b0>,9,26,[12  4],10,72,98,62,69
1,<environment.Job instance at 0x7f3744b22b90>,12,23,[14  5],13,98,121,85,92
1,<environment.Job instance at 0x7f378eaea9b0>,2,25,[12  1],3,121,146,118,117
1,<environment.Job instance at 0x7f3744b22d70>,15,22,[7 1],16,146,168,130,139
1,<environment.Job instance at 0x7f3744b22e10>,16,28,[5 4],17,146,174,129,145
1,<environment.Job instance at 0x7f3744b22af0>,11,21,[13  2],12,174,195,162,166
1,<environment.Job instance at 0x7f3744f05410>,1,24,[4 5],2,2,26,0,2
1,<environment.Job instance at 0x7f378ee14f50>,4,25,[ 5 10],5,5,30,0,5
1,<environment.Job instance at 0x7f37448ea910>,9,27,[13  4],10,30,57,20,28
1,<environment.Job instance at 0x7f378ef6b7d0>,0,22,[ 1 14],1,1,23,0,1
1,<environment.Job instance at 0x7f3744c798c0>,6,28,[8 1],7,13,41,6,13
1,<environment.Job instance at 0x7f378ef6bcd0>,4,27,[11  4],5,41,68,36,39
1,<environment.Job instance at 0x7f378ed59910>,9,27,[ 4 13],10,68,95,58,66
1,<environment.Job instance at 0x7f3744f12e10>,10,22,[12  5],11,95,117,84,88
1,<environment.Job instance at 0x7f3744b4fe60>,13,20,[9 2],14,117,137,103,108
1,<environment.Job instance at 0x7f378ea8a910>,15,27,[10  2],16,137,164,121,135
1,<environment.Job instance at 0x7f378ee688c0>,16,27,[13  1],17,164,191,147,162
1,<environment.Job instance at 0x7f3744cb0410>,17,22,[2 8],18,162,184,144,162
1,<environment.Job instance at 0x7f3744cb09b0>,18,26,[12  3],19,191,217,172,188
1,<environment.Job instance at 0x7f3744cb0dc0>,19,20,[4 6],20,217,237,197,208
1,<environment.Job instance at 0x7f378eed46e0>,20,23,[13  4],21,237,260,216,231
1,<environment.Job instance at 0x7f378eed4230>,21,25,[ 4 12],22,260,285,238,256
1,<environment.Job instance at 0x7f378f3fda00>,22,26,[5 5],23,285,311,262,282
1,<environment.Job instance at 0x7f3744c79a50>,8,23,[ 3 14],9,311,334,302,305
1,<environment.Job instance at 0x7f378e883cd0>,25,25,[ 2 10],26,334,359,308,330
1,<environment.Job instance at 0x7f3744f4a140>,29,19,[9 1],30,343,362,313,343
1,<environment.Job instance at 0x7f378f3d3f50>,30,21,[9 1],31,362,383,331,354
1,<environment.Job instance at 0x7f378ed720a0>,31,19,[ 3 11],32,359,378,327,357
1,<environment.Job instance at 0x7f378e809230>,34,27,[5 6],35,378,405,343,376
1,<environment.Job instance at 0x7f378eba6d70>,36,25,[9 4],37,383,408,346,379
1,<environment.Job instance at 0x7f378ea42be0>,41,27,[ 5 14],42,408,435,366,406
1,<environment.Job instance at 0x7f378f3c5d20>,37,25,[12  3],38,435,460,397,431
1,<environment.Job instance at 0x7f378ea42b90>,38,26,[ 3 10],39,435,461,396,432
1,<environment.Job instance at 0x7f378ea42230>,44,20,[12  3],45,460,480,415,459
1,<environment.Job instance at 0x7f378ef211e0>,46,26,[13  3],47,480,506,433,477
1,<environment.Job instance at 0x7f378ef21be0>,47,23,[9 5],48,506,529,458,500
1,<environment.Job instance at 0x7f378ef21370>,48,27,[7 3],49,529,556,480,527
1,<environment.Job instance at 0x7f378ef21dc0>,49,22,[3 9],50,527,549,477,527
1,<environment.Job instance at 0x7f378f41eb90>,0,27,[5 2],1,1,28,0,1
1,<environment.Job instance at 0x7f378ed2e2d0>,0,21,[ 1 12],1,1,22,0,1
1,<environment.Job instance at 0x7f378ebdb0f0>,2,23,[7 1],3,3,26,0,3
1,<environment.Job instance at 0x7f378ed2ee60>,6,24,[14  5],7,26,50,19,21
1,<environment.Job instance at 0x7f378ed2eaf0>,7,25,[ 4 12],8,50,75,42,46
1,<environment.Job instance at 0x7f378ea2f2d0>,1,20,[10  3],2,2,22,0,2
1,<environment.Job instance at 0x7f3744ed6eb0>,2,27,[7 2],3,22,49,19,20
1,<environment.Job instance at 0x7f3744ed65f0>,4,21,[10  1],5,49,70,44,41
1,<environment.Job instance at 0x7f3744ed6aa0>,7,22,[13  4],8,70,92,62,63
1,<environment.Job instance at 0x7f3744ed6910>,9,25,[12  1],10,92,117,82,88
1,<environment.Job instance at 0x7f3744ed6960>,10,26,[12  2],11,117,143,106,114
1,<environment.Job instance at 0x7f3744ed6d70>,11,25,[4 8],12,143,168,131,139
1,<environment.Job instance at 0x7f3744d93b40>,2,25,[ 5 10],3,3,28,0,3
1,<environment.Job instance at 0x7f3744c9bc80>,3,20,[12  3],4,28,48,24,19
1,<environment.Job instance at 0x7f3744c9bcd0>,4,20,[ 4 11],5,48,68,43,39
1,<environment.Job instance at 0x7f3744c58320>,9,21,[11  1],10,48,69,38,40
1,<environment.Job instance at 0x7f3744c58cd0>,11,25,[10  4],12,69,94,57,65
1,<environment.Job instance at 0x7f3744c582d0>,12,23,[8 3],13,94,117,81,88
1,<environment.Job instance at 0x7f3744c580a0>,5,19,[ 2 13],6,117,136,111,107
1,<environment.Job instance at 0x7f3744f476e0>,0,26,[5 7],1,1,27,0,1
1,<environment.Job instance at 0x7f378ef44af0>,6,27,[13  3],7,27,54,20,25
1,<environment.Job instance at 0x7f378f19e6e0>,9,27,[ 5 14],10,54,81,44,52
1,<environment.Job instance at 0x7f378ec60cd0>,10,19,[13  4],11,1008,1027,997,1008
1,<environment.Job instance at 0x7f378ebbd2d0>,0,27,[ 4 10],1,1,28,0,1
1,<environment.Job instance at 0x7f378ebbde60>,1,27,[9 3],2,2,29,0,2
1,<environment.Job instance at 0x7f378ebbd0a0>,4,27,[12  1],5,29,56,24,27
1,<environment.Job instance at 0x7f378ebbdfa0>,8,24,[1 7],9,28,52,19,27
1,<environment.Job instance at 0x7f378ebbdf50>,7,20,[14  5],8,56,76,48,47
1,<environment.Job instance at 0x7f378ebbd190>,10,26,[12  5],11,76,102,65,73
1,<environment.Job instance at 0x7f378ebbd870>,12,28,[13  2],13,102,130,89,101
1,<environment.Job instance at 0x7f378ebbd690>,5,19,[14  2],6,130,149,124,129
1,<environment.Job instance at 0x7f378ebbd1e0>,14,28,[ 5 14],15,149,177,134,148
1,<environment.Job instance at 0x7f378ebbd4b0>,16,22,[10  2],17,177,199,160,170
1,<environment.Job instance at 0x7f374467f820>,19,26,[ 5 12],20,198,224,178,198
1,<environment.Job instance at 0x7f374467f690>,20,26,[10  2],21,199,225,178,198
1,<environment.Job instance at 0x7f378ebbd410>,2,19,[ 1 11],3,291,310,288,291
1,<environment.Job instance at 0x7f374467fc80>,22,21,[13  4],23,291,312,268,291
1,<environment.Job instance at 0x7f374467fdc0>,23,20,[ 2 11],24,310,330,286,301
1,<environment.Job instance at 0x7f374467ff50>,25,22,[8 4],26,312,334,286,305
1,<environment.Job instance at 0x7f37446b7910>,2,26,[11  1],3,3,29,0,3
1,<environment.Job instance at 0x7f37446b7eb0>,5,22,[3 6],6,14,36,8,14
1,<environment.Job instance at 0x7f378ec9f5f0>,6,24,[8 1],7,29,53,22,24
1,<environment.Job instance at 0x7f374467fe60>,3,24,[12  2],4,53,77,49,48
1,<environment.Job instance at 0x7f378ec9f190>,8,25,[8 3],9,77,102,68,73
1,<environment.Job instance at 0x7f378ec9f410>,7,22,[ 2 11],8,73,95,65,73
1,<environment.Job instance at 0x7f378ec9f0a0>,13,24,[8 5],14,102,126,88,97
1,<environment.Job instance at 0x7f378ec9fdc0>,16,26,[13  2],17,126,152,109,123
1,<environment.Job instance at 0x7f378ecb14b0>,18,20,[14  5],19,152,172,133,143
1,<environment.Job instance at 0x7f378f17f5f0>,1,28,[2 5],2,2,30,0,2
1,<environment.Job instance at 0x7f378ecb1e60>,2,22,[14  4],3,30,52,27,23
1,<environment.Job instance at 0x7f378f0e6550>,8,21,[7 5],9,52,73,43,44
1,<environment.Job instance at 0x7f378f0e68c0>,10,23,[14  5],11,73,96,62,67
1,<environment.Job instance at 0x7f378e89ca00>,2,26,[ 2 14],3,3,29,0,3
1,<environment.Job instance at 0x7f378e89c5f0>,5,21,[11  3],6,29,50,23,21
1,<environment.Job instance at 0x7f378e89c460>,4,19,[10  1],5,50,69,45,40
1,<environment.Job instance at 0x7f378e89c780>,1,12,[ 3 11],2,452,464,450,452
1,<environment.Job instance at 0x7f378eba9aa0>,11,22,[8 4],12,452,474,440,452
1,<environment.Job instance at 0x7f378eba9190>,12,20,[8 4],13,474,494,461,465
1,<environment.Job instance at 0x7f378e89c730>,6,13,[14  1],7,736,749,729,736
1,<environment.Job instance at 0x7f378eba9fa0>,15,25,[ 3 10],16,749,774,733,745
1,<environment.Job instance at 0x7f378eba97d0>,17,21,[13  1],18,774,795,756,766
1,<environment.Job instance at 0x7f378eba95f0>,18,19,[12  2],19,795,814,776,785
1,<environment.Job instance at 0x7f378eba9e10>,20,25,[12  1],21,814,839,793,810
1,<environment.Job instance at 0x7f378eba95a0>,21,19,[ 1 11],22,810,829,788,810
1,<environment.Job instance at 0x7f378eba9b40>,14,15,[ 2 12],15,1009,1024,994,1009
1,<environment.Job instance at 0x7f3744cf90a0>,2,22,[12  2],3,3,25,0,3
1,<environment.Job instance at 0x7f3744785dc0>,6,28,[5 7],7,25,53,18,24
1,<environment.Job instance at 0x7f378ec5dc80>,7,22,[13  2],8,53,75,45,46
1,<environment.Job instance at 0x7f3744785370>,8,27,[10  4],9,75,102,66,73
1,<environment.Job instance at 0x7f374463e2d0>,4,21,[11  2],5,102,123,97,94
1,<environment.Job instance at 0x7f378ecba9b0>,11,28,[11  5],12,123,151,111,122
1,<environment.Job instance at 0x7f378e872cd0>,3,22,[ 5 12],4,151,173,147,144
1,<environment.Job instance at 0x7f37447e5870>,14,22,[7 4],15,173,195,158,166
1,<environment.Job instance at 0x7f378f488870>,15,25,[13  1],16,195,220,179,191
1,<environment.Job instance at 0x7f3744b3a8c0>,1,20,[ 4 14],2,220,240,218,211
1,<environment.Job instance at 0x7f3874456370>,1,22,[11  3],2,2,24,0,2
1,<environment.Job instance at 0x7f38744560f0>,2,22,[4 8],3,3,25,0,3
1,<environment.Job instance at 0x7f38710462d0>,3,26,[11  4],4,24,50,20,21
1,<environment.Job instance at 0x7f3871046640>,7,25,[6 2],8,50,75,42,46
1,<environment.Job instance at 0x7f38710466e0>,8,22,[14  3],9,75,97,66,68
1,<environment.Job instance at 0x7f38710468c0>,11,26,[4 8],12,97,123,85,94
1,<environment.Job instance at 0x7f3871046500>,5,24,[1 5],6,94,118,88,94
1,<environment.Job instance at 0x7f3871046960>,12,26,[ 1 12],13,123,149,110,120
1,<environment.Job instance at 0x7f3871046780>,9,18,[ 2 13],10,150,168,140,150
1,<environment.Job instance at 0x7f3871046c80>,17,28,[ 5 10],18,168,196,150,167
1,<environment.Job instance at 0x7f3871046d20>,18,25,[ 4 13],19,196,221,177,192
1,<environment.Job instance at 0x7f3871067960>,1,25,[6 1],2,2,27,0,2
1,<environment.Job instance at 0x7f3871046c30>,2,28,[6 2],3,3,31,0,3
1,<environment.Job instance at 0x7f38745bcc80>,6,26,[13  5],7,31,57,24,28
1,<environment.Job instance at 0x7f38745bc050>,7,28,[1 9],8,28,56,20,28
1,<environment.Job instance at 0x7f38745bcd70>,3,24,[6 4],4,57,81,53,52
1,<environment.Job instance at 0x7f38745bca00>,9,28,[ 2 10],10,56,84,46,55
1,<environment.Job instance at 0x7f38745bc190>,5,25,[ 3 12],6,84,109,78,80
1,<environment.Job instance at 0x7f38745c3d70>,11,25,[ 3 14],12,109,134,97,105
1,<environment.Job instance at 0x7f38745c3eb0>,13,20,[ 4 10],14,134,154,120,125
1,<environment.Job instance at 0x7f38745c3140>,15,27,[4 8],16,154,181,138,152
1,<environment.Job instance at 0x7f38745c30a0>,16,27,[ 2 12],17,181,208,164,179
1,<environment.Job instance at 0x7f38745c3dc0>,18,20,[ 3 14],19,208,228,189,204
1,<environment.Job instance at 0x7f38745c9550>,21,25,[ 1 11],22,228,253,206,224
1,<environment.Job instance at 0x7f38293713c0>,2,24,[ 3 13],3,3,27,0,3
1,<environment.Job instance at 0x7f38293d10a0>,5,20,[11  2],6,18,38,12,18
1,<environment.Job instance at 0x7f38293d1c80>,10,19,[5 5],11,38,57,27,30
1,<environment.Job instance at 0x7f38293d1960>,11,23,[13  1],12,57,80,45,51
1,<environment.Job instance at 0x7f38293d1aa0>,12,20,[8 5],13,80,100,67,71
1,<environment.Job instance at 0x7f38293d12d0>,13,26,[ 1 11],14,100,126,86,97
1,<environment.Job instance at 0x7f38293d15f0>,7,21,[ 4 14],8,126,147,118,118
1,<environment.Job instance at 0x7f38293d1550>,17,27,[10  3],18,147,174,129,145
1,<environment.Job instance at 0x7f38297abf00>,0,23,[7 4],1,1,24,0,1
1,<environment.Job instance at 0x7f38293d1a50>,1,22,[5 9],2,2,24,0,2
1,<environment.Job instance at 0x7f38293d1550>,3,22,[ 1 12],4,24,46,20,20
1,<environment.Job instance at 0x7f38296b2550>,7,24,[13  5],8,46,70,38,41
1,<environment.Job instance at 0x7f38296b2b90>,6,27,[ 2 14],7,70,97,63,68
1,<environment.Job instance at 0x7f38296b2e10>,9,21,[13  4],10,97,118,87,89
1,<environment.Job instance at 0x7f38296b20f0>,10,22,[ 5 12],11,118,140,107,111
1,<environment.Job instance at 0x7f38296b26e0>,4,20,[3 8],5,140,160,135,133
1,<environment.Job instance at 0x7f38296b2280>,5,26,[ 3 12],6,160,186,154,157
1,<environment.Job instance at 0x7f38296b27d0>,14,20,[12  2],15,157,177,142,157
1,<environment.Job instance at 0x7f38296b2500>,17,24,[13  3],18,186,210,168,181
1,<environment.Job instance at 0x7f38296b2960>,18,22,[12  3],19,210,232,191,203
1,<environment.Job instance at 0x7f382936edc0>,21,23,[10  4],22,232,255,210,226
1,<environment.Job instance at 0x7f382936e280>,23,21,[8 1],24,255,276,231,247
1,<environment.Job instance at 0x7f382936e4b0>,24,20,[14  2],25,276,296,251,267
1,<environment.Job instance at 0x7f382936ed20>,30,22,[ 4 14],31,296,318,265,289
1,<environment.Job instance at 0x7f382936e5a0>,31,20,[11  4],32,318,338,286,309
1,<environment.Job instance at 0x7f382936e6e0>,32,23,[14  4],33,338,361,305,332
1,<environment.Job instance at 0x7f382936e230>,33,19,[ 3 14],34,479,498,445,479
1,<environment.Job instance at 0x7f382936e960>,34,21,[14  2],35,498,519,463,490
1,<environment.Job instance at 0x7f382936eaa0>,35,24,[14  2],36,519,543,483,514
1,<environment.Job instance at 0x7f382936ebe0>,36,21,[ 5 11],37,543,564,506,535
1,<environment.Job instance at 0x7f382936ef50>,37,20,[ 2 12],38,564,584,526,555
1,<environment.Job instance at 0x7f382935e5f0>,38,23,[ 4 11],39,584,607,545,578
1,<environment.Job instance at 0x7f382968c410>,0,19,[4 9],1,1,20,0,1
1,<environment.Job instance at 0x7f382935e5f0>,2,26,[13  5],3,20,46,17,17
1,<environment.Job instance at 0x7f3829263eb0>,5,27,[10  2],6,46,73,40,44
1,<environment.Job instance at 0x7f3829263f00>,7,27,[7 2],8,73,100,65,71
1,<environment.Job instance at 0x7f382968c460>,3,24,[ 2 10],4,71,95,67,71
1,<environment.Job instance at 0x7f382968ceb0>,4,19,[9 4],5,100,119,95,90
1,<environment.Job instance at 0x7f38292683c0>,10,24,[13  2],11,119,143,108,114
1,<environment.Job instance at 0x7f3829268500>,12,25,[11  4],13,143,168,130,139
1,<environment.Job instance at 0x7f3829268640>,14,23,[1 6],15,139,162,124,139
1,<environment.Job instance at 0x7f3874392f00>,3,26,[4 7],4,4,30,0,4
1,<environment.Job instance at 0x7f3874392f50>,4,21,[6 5],5,5,26,0,5
1,<environment.Job instance at 0x7f3874392aa0>,6,20,[3 6],7,26,46,19,17
1,<environment.Job instance at 0x7f382947db90>,8,19,[ 5 10],9,46,65,37,36
1,<environment.Job instance at 0x7f382947d820>,12,28,[9 1],13,36,64,23,36
1,<environment.Job instance at 0x7f382947d730>,16,28,[ 4 12],17,65,93,48,64
1,<environment.Job instance at 0x7f382947dd20>,17,25,[2 6],18,93,118,75,89
1,<environment.Job instance at 0x7f382947d1e0>,22,21,[9 5],23,109,130,86,109
1,<environment.Job instance at 0x7f3870ea4f00>,23,21,[11  5],24,130,151,106,122
1,<environment.Job instance at 0x7f3874392cd0>,2,19,[12  1],3,158,177,155,158
1,<environment.Job instance at 0x7f3870ecf500>,3,27,[5 5],4,4,31,0,4
1,<environment.Job instance at 0x7f38715a60a0>,5,28,[ 5 11],6,31,59,25,30
1,<environment.Job instance at 0x7f387447d4b0>,8,23,[3 7],9,59,82,50,53
1,<environment.Job instance at 0x7f387447dbe0>,7,27,[ 2 14],8,82,109,74,80
1,<environment.Job instance at 0x7f387447d6e0>,10,21,[1 8],11,109,130,98,101
1,<environment.Job instance at 0x7f387447d9b0>,11,25,[5 8],12,130,155,118,126
1,<environment.Job instance at 0x7f3829446960>,12,23,[ 3 12],13,155,178,142,149
1,<environment.Job instance at 0x7f3829446460>,13,20,[11  5],14,178,198,164,169
1,<environment.Job instance at 0x7f382933f690>,14,27,[12  3],15,198,225,183,196
1,<environment.Job instance at 0x7f3870e96be0>,15,24,[6 1],16,225,249,209,220
1,<environment.Job instance at 0x7f3870e969b0>,16,26,[ 1 12],17,220,246,203,220
1,<environment.Job instance at 0x7f3870fb5e60>,19,20,[3 8],20,246,266,226,237
1,<environment.Job instance at 0x7f3870fb5550>,20,24,[11  5],21,249,273,228,244
1,<environment.Job instance at 0x7f3871351a50>,22,23,[10  4],23,273,296,250,267
1,<environment.Job instance at 0x7f3870fb5f50>,23,21,[ 3 14],24,296,317,272,288
1,<environment.Job instance at 0x7f38715a6780>,6,19,[11  5],7,317,336,310,308
1,<environment.Job instance at 0x7f38294bbd20>,27,27,[ 5 13],28,336,363,308,334
1,<environment.Job instance at 0x7f38717331e0>,29,21,[12  3],30,363,384,333,355
1,<environment.Job instance at 0x7f3871cc18c0>,30,27,[ 5 12],31,384,411,353,382
1,<environment.Job instance at 0x7f38710ff1e0>,2,23,[ 1 14],3,411,434,408,405
1,<environment.Job instance at 0x7f387147ddc0>,6,20,[ 3 14],7,8,28,1,8
1,<environment.Job instance at 0x7f382923eeb0>,8,21,[1 7],9,28,49,19,20
1,<environment.Job instance at 0x7f38292160f0>,10,28,[ 1 11],11,49,77,38,48
1,<environment.Job instance at 0x7f38292162d0>,11,22,[8 3],12,48,70,36,48
1,<environment.Job instance at 0x7f38292163c0>,12,28,[14  4],13,70,98,57,69
1,<environment.Job instance at 0x7f3829216460>,13,27,[13  4],14,98,125,84,96
1,<environment.Job instance at 0x7f382982b5a0>,0,21,[ 3 11],1,1,22,0,1
1,<environment.Job instance at 0x7f38298515a0>,6,28,[3 9],7,22,50,15,21
1,<environment.Job instance at 0x7f3829851140>,9,26,[7 4],10,21,47,11,21
1,<environment.Job instance at 0x7f3829851190>,5,20,[ 2 11],6,50,70,44,41
1,<environment.Job instance at 0x7f382968daf0>,1,21,[4 9],2,2,23,0,2
1,<environment.Job instance at 0x7f3829851190>,3,22,[6 2],4,4,26,0,4
1,<environment.Job instance at 0x7f3870fc52d0>,5,21,[12  3],6,26,47,20,18
1,<environment.Job instance at 0x7f3829371230>,1,22,[5 2],2,2,24,0,2
1,<environment.Job instance at 0x7f3871acd690>,2,23,[11  1],3,24,47,21,18
1,<environment.Job instance at 0x7f38710ca730>,7,28,[7 5],8,47,75,39,46
1,<environment.Job instance at 0x7f3870fc52d0>,3,20,[6 2],4,47,67,43,46
1,<environment.Job instance at 0x7f38710ca870>,9,27,[9 3],10,75,102,65,73
1,<environment.Job instance at 0x7f38710caa50>,12,25,[10  1],13,102,127,89,98
1,<environment.Job instance at 0x7f38710cab90>,14,23,[11  1],15,127,150,112,121
1,<environment.Job instance at 0x7f38710cac30>,15,20,[13  4],16,150,170,134,141
1,<environment.Job instance at 0x7f38710cacd0>,16,22,[ 1 11],17,141,163,124,141
1,<environment.Job instance at 0x7f38710cad70>,17,26,[ 5 12],18,170,196,152,167
1,<environment.Job instance at 0x7f38710cae60>,18,26,[2 8],19,196,222,177,193
1,<environment.Job instance at 0x7f38710caf00>,19,21,[6 1],20,193,214,173,193
1,<environment.Job instance at 0x7f38710caeb0>,20,21,[ 1 12],21,222,243,201,214
1,<environment.Job instance at 0x7f38710ca690>,6,13,[11  3],7,2486,2499,2479,2486
1,<environment.Job instance at 0x7f38710d50f0>,22,23,[7 1],23,2499,2522,2476,2493
1,<environment.Job instance at 0x7f38718367d0>,0,24,[9 1],1,1,25,0,1
1,<environment.Job instance at 0x7f38718365a0>,4,21,[2 7],5,5,26,0,5
1,<environment.Job instance at 0x7f3871836820>,5,26,[11  3],6,25,51,19,22
1,<environment.Job instance at 0x7f3871836cd0>,6,25,[5 3],7,51,76,44,47
1,<environment.Job instance at 0x7f3871836c30>,8,21,[ 3 11],9,47,68,38,47
1,<environment.Job instance at 0x7f3871836f50>,11,20,[10  3],12,68,88,56,59
1,<environment.Job instance at 0x7f3871836280>,12,27,[7 2],13,88,115,75,86
1,<environment.Job instance at 0x7f3871836730>,9,19,[ 3 10],10,86,105,76,86
1,<environment.Job instance at 0x7f38718369b0>,14,21,[10  1],15,115,136,100,107
1,<environment.Job instance at 0x7f38718368c0>,17,22,[13  4],18,136,158,118,129
1,<environment.Job instance at 0x7f3870e89910>,2,25,[ 5 10],3,3,28,0,3
1,<environment.Job instance at 0x7f3870e891e0>,3,20,[12  3],4,28,48,24,19
1,<environment.Job instance at 0x7f3870e89dc0>,4,20,[ 4 11],5,48,68,43,39
1,<environment.Job instance at 0x7f38710af960>,9,21,[11  1],10,48,69,38,40
1,<environment.Job instance at 0x7f38710af730>,11,25,[10  4],12,69,94,57,65
1,<environment.Job instance at 0x7f38710af4b0>,12,23,[8 3],13,94,117,81,88
1,<environment.Job instance at 0x7f38718368c0>,5,19,[ 2 13],6,117,136,111,107
1,<environment.Job instance at 0x7f387155d8c0>,4,24,[ 1 12],5,5,29,0,5
1,<environment.Job instance at 0x7f387155dc80>,0,19,[13  4],1,29,48,28,19
1,<environment.Job instance at 0x7f3871d09cd0>,7,20,[5 6],8,48,68,40,39
1,<environment.Job instance at 0x7f387109e7d0>,9,23,[11  2],10,68,91,58,62
1,<environment.Job instance at 0x7f3871d16280>,11,20,[5 8],12,91,111,79,82
1,<environment.Job instance at 0x7f3871d16230>,12,21,[2 8],13,111,132,98,103
1,<environment.Job instance at 0x7f3871d16410>,13,22,[ 2 12],14,132,154,118,125
1,<environment.Job instance at 0x7f3871d163c0>,14,28,[ 3 11],15,154,182,139,153
1,<environment.Job instance at 0x7f3871d16f00>,15,22,[ 3 13],16,182,204,166,175
1,<environment.Job instance at 0x7f3871d16a50>,16,19,[2 8],17,204,223,187,194
1,<environment.Job instance at 0x7f3871d168c0>,17,21,[3 8],18,223,244,205,215
1,<environment.Job instance at 0x7f3871d16dc0>,18,28,[9 5],19,215,243,196,215
1,<environment.Job instance at 0x7f387115deb0>,0,26,[10  2],1,1,27,0,1
1,<environment.Job instance at 0x7f38297de4b0>,5,22,[8 4],6,27,49,21,20
1,<environment.Job instance at 0x7f387153d550>,7,27,[ 1 11],8,36,63,28,36
1,<environment.Job instance at 0x7f38718deeb0>,8,27,[ 1 10],9,63,90,54,61
1,<environment.Job instance at 0x7f387153d1e0>,9,22,[3 5],10,63,85,53,61
1,<environment.Job instance at 0x7f3871d16dc0>,2,21,[13  4],3,85,106,82,78
1,<environment.Job instance at 0x7f38719003c0>,3,20,[ 2 11],4,98,118,94,98
1,<environment.Job instance at 0x7f382962aa00>,16,21,[3 7],17,118,139,101,117
1,<environment.Job instance at 0x7f3829597e10>,17,26,[2 5],18,118,144,100,117
1,<environment.Job instance at 0x7f3829597230>,18,28,[4 8],19,139,167,120,138
1,<environment.Job instance at 0x7f38295970f0>,19,28,[1 5],20,144,172,124,143
1,<environment.Job instance at 0x7f3871806960>,20,27,[9 5],21,167,194,146,165
1,<environment.Job instance at 0x7f3870f3d3c0>,21,21,[9 1],22,194,215,172,186
1,<environment.Job instance at 0x7f3871482eb0>,22,22,[ 2 12],23,194,216,171,187
1,<environment.Job instance at 0x7f38714829b0>,24,20,[ 4 13],25,216,236,191,211
1,<environment.Job instance at 0x7f38292fb8c0>,25,19,[11  2],26,215,234,189,215
1,<environment.Job instance at 0x7f38292fb640>,26,26,[ 3 10],27,236,262,209,233
1,<environment.Job instance at 0x7f387138e140>,0,26,[14  5],1,1,27,0,1
1,<environment.Job instance at 0x7f38290c3be0>,5,25,[11  1],6,27,52,21,23
1,<environment.Job instance at 0x7f38290c3320>,4,28,[4 9],5,27,55,22,26
1,<environment.Job instance at 0x7f38290c3af0>,3,23,[ 3 11],4,55,78,51,49
1,<environment.Job instance at 0x7f382917d460>,12,22,[1 6],13,78,100,65,71
1,<environment.Job instance at 0x7f382917d370>,10,27,[ 1 12],11,100,127,89,98
1,<environment.Job instance at 0x7f382917d730>,15,27,[ 4 11],16,127,154,111,125
1,<environment.Job instance at 0x7f382917d780>,6,20,[ 1 13],7,154,174,147,145
1,<environment.Job instance at 0x7f38290d7370>,19,24,[11  3],20,174,198,154,169
1,<environment.Job instance at 0x7f3871bb8280>,0,27,[ 4 12],1,1,28,0,1
1,<environment.Job instance at 0x7f38290d7190>,2,27,[5 6],3,28,55,25,26
1,<environment.Job instance at 0x7f38713f2dc0>,3,25,[13  1],4,55,80,51,51
1,<environment.Job instance at 0x7f3871bb80f0>,4,23,[ 1 10],5,55,78,50,51
1,<environment.Job instance at 0x7f382952cdc0>,6,22,[ 2 12],7,78,100,71,71
1,<environment.Job instance at 0x7f382950fc80>,8,20,[12  3],9,91,111,82,91
1,<environment.Job instance at 0x7f3871bb8d20>,5,19,[12  1],6,111,130,105,102
1,<environment.Job instance at 0x7f382950f500>,13,26,[ 3 14],14,111,137,97,108
1,<environment.Job instance at 0x7f387447e370>,0,22,[5 5],1,1,23,0,1
1,<environment.Job instance at 0x7f382950f500>,2,26,[12  4],3,23,49,20,20
1,<environment.Job instance at 0x7f38717af230>,11,25,[9 4],12,49,74,37,45
1,<environment.Job instance at 0x7f382925ffa0>,5,23,[ 3 12],6,74,97,68,68
1,<environment.Job instance at 0x7f3829987410>,12,23,[ 5 13],13,97,120,84,94
1,<environment.Job instance at 0x7f3871241fa0>,15,27,[ 3 13],16,120,147,104,118
1,<environment.Job instance at 0x7f3871d36a00>,16,26,[ 4 14],17,147,173,130,144
1,<environment.Job instance at 0x7f3871d36e10>,18,24,[6 4],19,173,197,154,168
1,<environment.Job instance at 0x7f3871d36af0>,19,26,[ 4 11],20,173,199,153,170
1,<environment.Job instance at 0x7f387164a050>,20,25,[ 3 13],21,199,224,178,195
1,<environment.Job instance at 0x7f3871236b90>,21,24,[3 9],22,224,248,202,219
1,<environment.Job instance at 0x7f38710e1d70>,22,20,[10  3],23,224,244,201,219
1,<environment.Job instance at 0x7f38710a0aa0>,26,22,[4 9],27,248,270,221,241
1,<environment.Job instance at 0x7f38710a0be0>,27,23,[ 1 12],28,270,293,242,264
1,<environment.Job instance at 0x7f3870e14820>,29,21,[5 8],30,293,314,263,285
1,<environment.Job instance at 0x7f3871b75d70>,30,28,[ 4 10],31,314,342,283,313
1,<environment.Job instance at 0x7f3870e655f0>,31,25,[5 3],32,313,338,281,313
1,<environment.Job instance at 0x7f3871d36b40>,17,20,[14  2],18,342,362,324,334
1,<environment.Job instance at 0x7f3871594e60>,33,20,[14  1],34,362,382,328,360
1,<environment.Job instance at 0x7f3871594960>,34,20,[3 9],35,382,402,347,373
1,<environment.Job instance at 0x7f3829987870>,8,18,[12  1],9,2292,2310,2283,2292
1,<environment.Job instance at 0x7f3871594230>,36,27,[7 5],37,2310,2337,2273,2308
1,<environment.Job instance at 0x7f3871594af0>,37,24,[ 3 11],38,2337,2361,2299,2332
1,<environment.Job instance at 0x7f3871594eb0>,38,25,[13  4],39,2361,2386,2322,2357
1,<environment.Job instance at 0x7f3871594fa0>,39,24,[5 8],40,2386,2410,2346,2381
1,<environment.Job instance at 0x7f3871594140>,40,20,[11  5],41,2410,2430,2369,2401
1,<environment.Job instance at 0x7f3871594c80>,41,24,[ 4 11],42,2430,2454,2388,2425
1,<environment.Job instance at 0x7f3871658410>,43,28,[8 4],44,2430,2458,2386,2429
1,<environment.Job instance at 0x7f38296dafa0>,0,23,[ 5 14],1,1,24,0,1
1,<environment.Job instance at 0x7f3871658b90>,1,28,[9 3],2,24,52,22,23
1,<environment.Job instance at 0x7f38299e75f0>,6,26,[13  3],7,52,78,45,49
1,<environment.Job instance at 0x7f38299e78c0>,9,22,[5 1],10,78,100,68,71
1,<environment.Job instance at 0x7f38299e7f50>,12,23,[ 5 12],13,78,101,65,72
1,<environment.Job instance at 0x7f38299e70f0>,13,24,[14  4],14,101,125,87,96
1,<environment.Job instance at 0x7f38299e70a0>,17,21,[ 5 13],18,125,146,107,117
1,<environment.Job instance at 0x7f38299e7280>,10,20,[ 4 14],11,146,166,135,137
1,<environment.Job instance at 0x7f38299e7b40>,19,22,[12  4],20,166,188,146,159
1,<environment.Job instance at 0x7f38299e7370>,20,27,[ 1 13],21,188,215,167,186
1,<environment.Job instance at 0x7f387125d2d0>,0,24,[3 9],1,1,25,0,1
1,<environment.Job instance at 0x7f38299e7550>,1,22,[9 4],2,2,24,0,2
1,<environment.Job instance at 0x7f387125d870>,3,27,[4 6],4,24,51,20,22
1,<environment.Job instance at 0x7f387125da00>,6,26,[13  5],7,51,77,44,48
1,<environment.Job instance at 0x7f38299e7370>,4,26,[ 4 10],5,77,103,72,74
1,<environment.Job instance at 0x7f387125d5a0>,8,27,[ 3 12],9,103,130,94,101
1,<environment.Job instance at 0x7f387125d320>,12,28,[ 1 13],13,130,158,117,129
1,<environment.Job instance at 0x7f387125d910>,14,25,[12  2],15,132,157,117,132
1,<environment.Job instance at 0x7f387125d0f0>,16,27,[ 5 14],17,158,185,141,156
1,<environment.Job instance at 0x7f387125dd70>,18,19,[13  2],19,185,204,166,184
1,<environment.Job instance at 0x7f74b78d8370>,1,22,[11  3],2,2,24,0,2
1,<environment.Job instance at 0x7f74b7960e60>,2,22,[4 8],3,3,25,0,3
1,<environment.Job instance at 0x7f74b44c92d0>,3,26,[11  4],4,24,50,20,21
1,<environment.Job instance at 0x7f74b44c9640>,7,25,[6 2],8,50,75,42,46
1,<environment.Job instance at 0x7f74b44c96e0>,8,22,[14  3],9,75,97,66,68
1,<environment.Job instance at 0x7f74b44c9500>,5,24,[1 5],6,68,92,62,68
1,<environment.Job instance at 0x7f74b44c98c0>,11,26,[4 8],12,97,123,85,94
1,<environment.Job instance at 0x7f74b78d8140>,4,21,[1 6],5,96,117,91,96
1,<environment.Job instance at 0x7f74b44c9960>,12,26,[ 1 12],13,123,149,110,120
1,<environment.Job instance at 0x7f74b44c9780>,9,18,[ 2 13],10,157,175,147,157
1,<environment.Job instance at 0x7f74b44c9c80>,17,28,[ 5 10],18,175,203,157,174
1,<environment.Job instance at 0x7f74b44c9d20>,18,25,[ 4 13],19,203,228,184,199
1,<environment.Job instance at 0x7f74b44c9dc0>,19,14,[ 3 11],20,1304,1318,1284,1304
1,<environment.Job instance at 0x7f74b44c9e60>,20,27,[13  5],21,1318,1345,1297,1316
1,<environment.Job instance at 0x7f74b44c9410>,21,26,[ 5 12],22,1345,1371,1323,1342
1,<environment.Job instance at 0x7f74b44c9f50>,22,13,[13  1],23,1510,1523,1487,1510
1,<environment.Job instance at 0x7f74b7a4a6e0>,1,25,[ 3 14],2,2,27,0,2
1,<environment.Job instance at 0x7f74b7a4ae10>,5,27,[4 8],6,27,54,21,25
1,<environment.Job instance at 0x7f74b44c9370>,3,20,[ 4 10],4,54,74,50,45
1,<environment.Job instance at 0x7f74b7a4a780>,6,27,[ 2 12],7,74,101,67,72
1,<environment.Job instance at 0x7f74b7a4b0a0>,11,25,[ 1 11],12,101,126,89,97
1,<environment.Job instance at 0x7f74b7a4b410>,8,20,[ 3 14],9,126,146,117,117
1,<environment.Job instance at 0x7f74b7a4bcd0>,13,27,[9 1],14,117,144,103,117
1,<environment.Job instance at 0x7f74b7a4b230>,14,23,[13  2],15,146,169,131,140
1,<environment.Job instance at 0x7f74b7a4beb0>,15,20,[12  4],16,169,189,153,160
1,<environment.Job instance at 0x7f74b7a4b730>,17,26,[4 9],18,189,215,171,186
1,<environment.Job instance at 0x7f74b7a4b690>,18,25,[13  3],19,215,240,196,211
1,<environment.Job instance at 0x7f74b7a3e9b0>,20,26,[5 5],21,240,266,219,237
1,<environment.Job instance at 0x7f74b7a3e140>,21,24,[4 7],22,240,264,218,237
1,<environment.Job instance at 0x7f74b7a3ec80>,24,19,[ 3 12],25,266,285,241,262
1,<environment.Job instance at 0x7f74b7a3eeb0>,2,26,[13  2],3,3,29,0,3
1,<environment.Job instance at 0x7f746c8213c0>,3,22,[9 5],4,29,51,25,22
1,<environment.Job instance at 0x7f746c8210a0>,7,23,[6 4],8,29,52,21,23
1,<environment.Job instance at 0x7f746c821c30>,11,25,[3 9],12,51,76,39,47
1,<environment.Job instance at 0x7f746c821b40>,8,26,[ 3 11],9,76,102,67,73
1,<environment.Job instance at 0x7f746c8c50a0>,14,23,[13  3],15,102,125,87,96
1,<environment.Job instance at 0x7f746c8c5fa0>,16,23,[ 2 13],17,125,148,108,119
1,<environment.Job instance at 0x7f746c785820>,0,22,[ 4 14],1,1,23,0,1
1,<environment.Job instance at 0x7f746c7851e0>,5,24,[14  2],6,23,47,17,18
1,<environment.Job instance at 0x7f746c8c5fa0>,2,23,[14  4],3,47,70,44,41
1,<environment.Job instance at 0x7f746c7c0c30>,6,21,[ 5 11],7,70,91,63,62
1,<environment.Job instance at 0x7f746c7c0f50>,8,23,[ 4 11],9,91,114,82,85
1,<environment.Job instance at 0x7f746c8c5500>,1,20,[11  4],2,91,111,89,85
1,<environment.Job instance at 0x7f746c7c0d20>,7,20,[ 2 12],8,114,134,106,106
1,<environment.Job instance at 0x7f746c7c09b0>,11,21,[14  4],12,134,155,122,126
1,<environment.Job instance at 0x7f746c7850f0>,4,21,[14  2],5,155,176,150,148
1,<environment.Job instance at 0x7f746c7c0190>,13,24,[ 3 10],14,176,200,162,171
1,<environment.Job instance at 0x7f746c7c0a50>,14,20,[10  4],15,176,196,161,171
1,<environment.Job instance at 0x7f746c7c00f0>,10,23,[ 3 13],11,200,223,189,194
1,<environment.Job instance at 0x7f746c7c0e10>,19,25,[5 8],20,223,248,203,219
1,<environment.Job instance at 0x7f746c7c07d0>,20,27,[7 4],21,223,250,202,221
1,<environment.Job instance at 0x7f746c7c0230>,21,21,[ 3 11],22,248,269,226,240
1,<environment.Job instance at 0x7f746c7c0870>,24,26,[ 3 12],25,269,295,244,266
1,<environment.Job instance at 0x7f746cb320a0>,0,20,[2 9],1,1,21,0,1
1,<environment.Job instance at 0x7f746c7c0870>,2,27,[12  4],3,3,30,0,3
1,<environment.Job instance at 0x7f74b432f960>,0,27,[ 3 14],1,1,28,0,1
1,<environment.Job instance at 0x7f746c6eb500>,2,27,[ 5 13],3,28,55,25,26
1,<environment.Job instance at 0x7f74b432f5f0>,3,25,[13  4],4,55,80,51,51
1,<environment.Job instance at 0x7f746c6eb5a0>,1,20,[5 6],2,80,100,78,71
1,<environment.Job instance at 0x7f746c77f500>,10,19,[8 4],11,80,99,69,75
1,<environment.Job instance at 0x7f746c77ff00>,11,23,[12  3],12,100,123,88,94
1,<environment.Job instance at 0x7f746c77fbe0>,15,23,[4 5],16,123,146,107,117
1,<environment.Job instance at 0x7f746c88acd0>,4,27,[ 2 14],5,146,173,141,144
1,<environment.Job instance at 0x7f746c77f820>,17,20,[7 5],18,173,193,155,164
1,<environment.Job instance at 0x7f746c77fe10>,19,26,[4 6],20,173,199,153,170
1,<environment.Job instance at 0x7f746c77f0a0>,20,21,[5 2],21,193,214,172,185
1,<environment.Job instance at 0x7f746c77f1e0>,21,23,[ 4 11],22,199,222,177,193
1,<environment.Job instance at 0x7f746c77fe60>,22,26,[ 3 14],23,222,248,199,219
1,<environment.Job instance at 0x7f746c7dabe0>,1,24,[14  3],2,2,26,0,2
1,<environment.Job instance at 0x7f74b4270b40>,6,22,[ 5 11],7,26,48,19,20
1,<environment.Job instance at 0x7f746c77f960>,3,24,[5 8],4,48,72,44,43
1,<environment.Job instance at 0x7f746c71caf0>,7,24,[ 5 13],8,72,96,64,67
1,<environment.Job instance at 0x7f746ccb4dc0>,9,26,[12  4],10,96,122,86,93
1,<environment.Job instance at 0x7f746c77fe60>,2,25,[12  1],3,122,147,119,118
1,<environment.Job instance at 0x7f746c9eb7d0>,12,23,[14  5],13,147,170,134,141
1,<environment.Job instance at 0x7f746c9ebaa0>,15,22,[7 1],16,170,192,154,163
1,<environment.Job instance at 0x7f746c9eb820>,16,28,[5 4],17,170,198,153,169
1,<environment.Job instance at 0x7f746c9ebf00>,11,21,[13  2],12,198,219,186,190
1,<environment.Job instance at 0x7f746c9eb5f0>,2,23,[ 4 13],3,3,26,0,3
1,<environment.Job instance at 0x7f74b4637af0>,3,19,[11  1],4,4,23,0,4
1,<environment.Job instance at 0x7f746ca7c410>,4,26,[11  4],5,26,52,21,23
1,<environment.Job instance at 0x7f746ca7c730>,6,21,[2 8],7,26,47,19,23
1,<environment.Job instance at 0x7f746ca7c9b0>,10,28,[5 2],11,52,80,41,51
1,<environment.Job instance at 0x7f746ca7ca50>,11,21,[ 4 12],12,52,73,40,51
1,<environment.Job instance at 0x7f74b42e41e0>,1,27,[ 5 14],2,2,29,0,2
1,<environment.Job instance at 0x7f74b467f2d0>,6,26,[13  3],7,29,55,22,26
1,<environment.Job instance at 0x7f74b467f0a0>,7,23,[9 5],8,55,78,47,49
1,<environment.Job instance at 0x7f74b467f280>,8,27,[7 3],9,78,105,69,76
1,<environment.Job instance at 0x7f74b467f190>,9,22,[3 9],10,76,98,66,76
1,<environment.Job instance at 0x7f74b467fd70>,4,20,[12  3],5,105,125,100,97
1,<environment.Job instance at 0x7f746c7f40f0>,2,23,[6 1],3,3,26,0,3
1,<environment.Job instance at 0x7f74b4618320>,8,26,[1 8],9,9,35,0,9
1,<environment.Job instance at 0x7f746cd7ea00>,10,26,[ 2 10],11,35,61,24,32
1,<environment.Job instance at 0x7f74b78fcc80>,3,19,[12  4],4,1191,1210,1187,1191
1,<environment.Job instance at 0x7f746cdec5a0>,15,26,[ 5 13],16,1210,1236,1194,1207
1,<environment.Job instance at 0x7f74b461e050>,3,23,[14  2],4,4,27,0,4
1,<environment.Job instance at 0x7f746c8d2690>,4,24,[5 9],5,27,51,22,22
1,<environment.Job instance at 0x7f74b4247190>,7,26,[9 1],8,27,53,19,24
1,<environment.Job instance at 0x7f74b4745f00>,6,28,[ 2 11],7,51,79,44,50
1,<environment.Job instance at 0x7f74b474eaf0>,9,23,[14  3],10,79,102,69,73
1,<environment.Job instance at 0x7f74b4800730>,2,28,[ 5 13],3,3,31,0,3
1,<environment.Job instance at 0x7f74b4800b90>,4,27,[6 4],5,31,58,26,29
1,<environment.Job instance at 0x7f746c723280>,10,25,[1 6],11,33,58,22,33
1,<environment.Job instance at 0x7f746c7239b0>,12,21,[2 8],13,58,79,45,50
1,<environment.Job instance at 0x7f746c723190>,11,20,[11  1],12,58,78,46,52
1,<environment.Job instance at 0x7f746c723730>,16,23,[1 5],17,52,75,35,52
1,<environment.Job instance at 0x7f746c723eb0>,18,22,[9 1],19,78,100,59,71
1,<environment.Job instance at 0x7f74b44b8f00>,0,26,[5 7],1,1,27,0,1
1,<environment.Job instance at 0x7f74b4704230>,6,27,[13  3],7,27,54,20,25
1,<environment.Job instance at 0x7f74b43ef550>,9,27,[ 5 14],10,54,81,44,52
1,<environment.Job instance at 0x7f74b43ef320>,10,19,[13  4],11,239,258,228,239
1,<environment.Job instance at 0x7f74b765eeb0>,0,26,[10  2],1,1,27,0,1
1,<environment.Job instance at 0x7f746c819eb0>,5,22,[8 4],6,27,49,21,20
1,<environment.Job instance at 0x7f74b45d72d0>,7,27,[ 1 11],8,26,53,18,26
1,<environment.Job instance at 0x7f74b43ef320>,2,21,[13  4],3,49,70,46,45
1,<environment.Job instance at 0x7f74b75497d0>,3,20,[ 2 11],4,64,84,60,64
1,<environment.Job instance at 0x7f746c75b7d0>,16,21,[3 7],17,84,105,67,77
1,<environment.Job instance at 0x7f746c75bf50>,17,26,[2 5],18,84,110,66,81
1,<environment.Job instance at 0x7f746c75b8c0>,18,28,[4 8],19,105,133,86,104
1,<environment.Job instance at 0x7f746c75be60>,19,28,[1 5],20,110,138,90,109
1,<environment.Job instance at 0x7f746c9a85a0>,20,27,[9 5],21,133,160,112,131
1,<environment.Job instance at 0x7f746c572eb0>,21,21,[9 1],22,160,181,138,152
1,<environment.Job instance at 0x7f74b432cb90>,22,22,[ 2 12],23,160,182,137,153
1,<environment.Job instance at 0x7f74b435d910>,24,20,[ 4 13],25,182,202,157,179
1,<environment.Job instance at 0x7f74b71c4be0>,25,19,[11  2],26,205,224,179,205
1,<environment.Job instance at 0x7f74b466e050>,26,26,[ 3 10],27,205,231,178,205
1,<environment.Job instance at 0x7f74b45fbb90>,0,27,[ 1 12],1,1,28,0,1
1,<environment.Job instance at 0x7f74b7208730>,9,24,[11  3],10,10,34,0,10
1,<environment.Job instance at 0x7f74b45fb910>,5,27,[ 4 11],6,28,55,22,26
1,<environment.Job instance at 0x7f746c519d70>,12,28,[4 5],13,55,83,42,54
1,<environment.Job instance at 0x7f746c512460>,14,28,[9 1],15,54,82,39,54
1,<environment.Job instance at 0x7f746c512780>,15,28,[5 5],16,82,110,66,81
1,<environment.Job instance at 0x7f746c577280>,18,24,[5 3],19,82,106,63,81
1,<environment.Job instance at 0x7f74b6e5a280>,22,25,[2 6],23,97,122,74,97
1,<environment.Job instance at 0x7f74b6e5a8c0>,21,19,[12  3],22,123,142,101,123
1,<environment.Job instance at 0x7f74b6e5a820>,24,25,[10  3],25,142,167,117,138
1,<environment.Job instance at 0x7f74b6e5a4b0>,25,28,[4 6],26,142,170,116,141
1,<environment.Job instance at 0x7f74b49428c0>,1,28,[13  4],2,2,30,0,2
1,<environment.Job instance at 0x7f74b4942910>,3,28,[11  2],4,30,58,26,29
1,<environment.Job instance at 0x7f74b450eb40>,5,24,[7 1],6,58,82,52,53
1,<environment.Job instance at 0x7f74b450e140>,7,24,[6 2],8,58,82,50,53
1,<environment.Job instance at 0x7f74b450eeb0>,8,23,[7 4],9,82,105,73,76
1,<environment.Job instance at 0x7f74b450e820>,9,23,[2 8],10,76,99,66,76
1,<environment.Job instance at 0x7f74b42be550>,11,25,[11  3],12,105,130,93,101
1,<environment.Job instance at 0x7f74b42bef00>,12,28,[5 3],13,130,158,117,129
1,<environment.Job instance at 0x7f74b42be370>,13,22,[5 5],14,130,152,116,129
1,<environment.Job instance at 0x7f74b42be280>,14,24,[10  4],15,152,176,137,147
1,<environment.Job instance at 0x7f74b732d5f0>,16,27,[ 4 12],17,176,203,159,174
1,<environment.Job instance at 0x7f74b732d3c0>,18,21,[ 2 11],19,203,224,184,195
1,<environment.Job instance at 0x7f74b732d0a0>,19,23,[9 2],20,195,218,175,195
1,<environment.Job instance at 0x7f74b6cc90f0>,0,28,[ 4 10],1,1,29,0,1
1,<environment.Job instance at 0x7f74b43ea820>,1,25,[5 3],2,2,27,0,2
1,<environment.Job instance at 0x7f74b43ea5a0>,6,27,[7 5],7,27,54,20,25
1,<environment.Job instance at 0x7f74b43eadc0>,4,20,[3 9],5,29,49,24,28
1,<environment.Job instance at 0x7f74b49c6f50>,8,25,[13  4],9,54,79,45,50
1,<environment.Job instance at 0x7f74b49c6dc0>,9,24,[5 8],10,79,103,69,74
1,<environment.Job instance at 0x7f74b43ead70>,7,24,[ 3 11],8,103,127,95,98
1,<environment.Job instance at 0x7f74b49c6870>,11,24,[ 4 11],12,127,151,115,122
1,<environment.Job instance at 0x7f74b49c6280>,13,28,[8 4],14,122,150,108,122
1,<environment.Job instance at 0x7f74b7015190>,3,20,[14  1],4,151,171,147,146
1,<environment.Job instance at 0x7f74b49c6a50>,18,24,[13  3],19,171,195,152,166
1,<environment.Job instance at 0x7f74b49c6d20>,10,20,[11  5],11,195,215,184,186
1,<environment.Job instance at 0x7f74b48b93c0>,20,26,[5 9],21,215,241,194,212
1,<environment.Job instance at 0x7f746cd615a0>,21,22,[ 3 12],22,241,263,219,234
1,<environment.Job instance at 0x7f74b727e050>,1,23,[5 6],2,2,25,0,2
1,<environment.Job instance at 0x7f746c9df5a0>,4,23,[11  2],5,25,48,20,19
1,<environment.Job instance at 0x7f746cd614b0>,2,24,[ 4 14],3,48,72,45,43
1,<environment.Job instance at 0x7f746c4f0d20>,8,28,[13  4],9,72,100,63,71
1,<environment.Job instance at 0x7f746ca5b500>,0,24,[12  5],1,1,25,0,1
1,<environment.Job instance at 0x7f74b74d6500>,4,26,[9 4],5,25,51,20,22
1,<environment.Job instance at 0x7f74b4879410>,6,27,[5 5],7,25,52,18,23
1,<environment.Job instance at 0x7f74b4879a50>,7,26,[ 4 12],8,52,78,44,49
1,<environment.Job instance at 0x7f74b48797d0>,8,28,[ 2 10],9,78,106,69,77
1,<environment.Job instance at 0x7f746ca5bf50>,1,22,[12  2],2,78,100,76,77
1,<environment.Job instance at 0x7f74b4879140>,11,12,[11  2],12,591,603,579,591
1,<environment.Job instance at 0x7f746ce8cf00>,12,27,[3 7],13,591,618,578,591
1,<environment.Job instance at 0x7f74b4879460>,13,22,[ 1 11],14,618,640,604,611
1,<environment.Job instance at 0x7f74b78ae0a0>,1,27,[11  3],2,2,29,0,2
1,<environment.Job instance at 0x7f746cb3f5f0>,8,26,[11  5],9,29,55,20,26
1,<environment.Job instance at 0x7fb53ccec370>,1,22,[11  3],2,2,24,0,2
1,<environment.Job instance at 0x7fb53ccec230>,2,22,[4 8],3,3,25,0,3
1,<environment.Job instance at 0x7fb53166f2d0>,3,26,[11  4],4,24,50,20,21
1,<environment.Job instance at 0x7fb53166f6e0>,8,22,[14  3],9,50,72,41,43
1,<environment.Job instance at 0x7fb53166f640>,7,25,[6 2],8,72,97,64,68
1,<environment.Job instance at 0x7fb53166f500>,5,24,[1 5],6,68,92,62,68
1,<environment.Job instance at 0x7fb53166f8c0>,11,26,[4 8],12,72,98,60,69
1,<environment.Job instance at 0x7fb53166f960>,12,26,[ 1 12],13,98,124,85,95
1,<environment.Job instance at 0x7fb53166f820>,10,18,[ 3 11],11,157,175,146,157
1,<environment.Job instance at 0x7fb53166fc80>,17,28,[ 5 10],18,175,203,157,174
1,<environment.Job instance at 0x7fb53166fd20>,18,25,[ 4 13],19,203,228,184,199
1,<environment.Job instance at 0x7fb530e14780>,1,25,[ 1 11],2,2,27,0,2
1,<environment.Job instance at 0x7fb53166fd20>,3,27,[9 1],4,4,31,0,4
1,<environment.Job instance at 0x7fb53ce59d70>,7,26,[4 9],8,27,53,19,24
1,<environment.Job instance at 0x7fb53ce590a0>,8,25,[13  3],9,53,78,44,49
1,<environment.Job instance at 0x7fb53ce59a50>,10,26,[5 5],11,78,104,67,75
1,<environment.Job instance at 0x7fb53ce595f0>,11,24,[4 7],12,78,102,66,75
1,<environment.Job instance at 0x7fb53ce59aa0>,4,23,[13  2],5,104,127,99,98
1,<environment.Job instance at 0x7fb53ce5ee10>,17,22,[3 7],18,127,149,109,120
1,<environment.Job instance at 0x7fb53ce59d20>,5,20,[12  4],6,127,147,121,120
1,<environment.Job instance at 0x7fb53ce5e410>,18,20,[ 3 12],19,149,169,130,140
1,<environment.Job instance at 0x7fb53ce5ea50>,14,19,[ 3 12],15,169,188,154,161
1,<environment.Job instance at 0x7fb53ce5ef50>,21,20,[ 1 12],22,188,208,166,179
1,<environment.Job instance at 0x7fb53fb603c0>,0,25,[6 3],1,1,26,0,1
1,<environment.Job instance at 0x7fb4f39a5c80>,4,24,[5 5],5,5,29,0,5
1,<environment.Job instance at 0x7fb4f3960e60>,7,22,[3 9],8,26,48,18,19
1,<environment.Job instance at 0x7fb4f39a5c30>,6,26,[ 1 13],7,48,74,41,45
1,<environment.Job instance at 0x7fb53ce61230>,1,20,[11  1],2,45,65,43,45
1,<environment.Job instance at 0x7fb4f3960550>,10,22,[5 9],11,74,96,63,67
1,<environment.Job instance at 0x7fb4f3b2cdc0>,3,24,[8 2],4,4,28,0,4
1,<environment.Job instance at 0x7fb4f3f8a3c0>,4,21,[ 2 12],5,5,26,0,5
1,<environment.Job instance at 0x7fb4f3f8a050>,7,26,[ 5 11],8,26,52,18,23
1,<environment.Job instance at 0x7fb4f3f8a190>,5,23,[ 2 12],6,52,75,46,46
1,<environment.Job instance at 0x7fb4f3b2a3c0>,9,21,[9 2],10,46,67,36,46
1,<environment.Job instance at 0x7fb4f3b2a4b0>,12,22,[ 1 14],13,75,97,62,68
1,<environment.Job instance at 0x7fb4f3b2a410>,14,25,[ 3 14],15,97,122,82,93
1,<environment.Job instance at 0x7fb4f3b2a460>,15,28,[2 8],16,122,150,106,121
1,<environment.Job instance at 0x7fb4f3b2a910>,16,21,[ 5 14],17,150,171,133,142
1,<environment.Job instance at 0x7fb4f3b2afa0>,17,27,[9 3],18,171,198,153,169
1,<environment.Job instance at 0x7fb4f3b2aa50>,4,23,[ 2 11],5,5,28,0,5
1,<environment.Job instance at 0x7fb4f388bc30>,6,27,[11  5],7,28,55,21,26
1,<environment.Job instance at 0x7fb4f388beb0>,9,21,[11  1],10,55,76,45,47
1,<environment.Job instance at 0x7fb4f3983c80>,1,27,[4 6],2,2,29,0,2
1,<environment.Job instance at 0x7fb4f3983870>,7,25,[11  4],8,8,33,0,8
1,<environment.Job instance at 0x7fb4f3983f50>,8,21,[2 6],9,29,50,20,21
1,<environment.Job instance at 0x7fb4f3983780>,9,22,[5 7],10,33,55,23,26
1,<environment.Job instance at 0x7fb5320f57d0>,11,27,[ 1 11],12,55,82,43,53
1,<environment.Job instance at 0x7fb5320f5910>,13,26,[11  2],14,55,81,41,53
1,<environment.Job instance at 0x7fb5320f5460>,16,24,[9 2],17,81,105,64,76
1,<environment.Job instance at 0x7fb5320f5f00>,17,27,[ 5 14],18,105,132,87,103
1,<environment.Job instance at 0x7fb5320f50f0>,19,20,[ 2 13],20,132,152,112,123
1,<environment.Job instance at 0x7fb5320f5550>,20,26,[ 4 14],21,152,178,131,149
1,<environment.Job instance at 0x7fb4f3ffe280>,0,26,[13  5],1,1,27,0,1
1,<environment.Job instance at 0x7fb531918be0>,7,28,[9 2],8,27,55,19,26
1,<environment.Job instance at 0x7fb53191bfa0>,8,28,[12  3],9,55,83,46,54
1,<environment.Job instance at 0x7fb531b72820>,2,25,[4 9],3,83,108,80,79
1,<environment.Job instance at 0x7fb53cceb4b0>,9,20,[5 6],10,83,103,73,79
1,<environment.Job instance at 0x7fb530e05d70>,4,22,[11  1],5,5,27,0,5
1,<environment.Job instance at 0x7fb4f3c9f820>,5,20,[1 8],6,6,26,0,6
1,<environment.Job instance at 0x7fb53178f960>,2,20,[ 4 11],3,26,46,23,17
1,<environment.Job instance at 0x7fb530e4cb90>,11,28,[11  4],12,27,55,15,26
1,<environment.Job instance at 0x7fb530da8f00>,12,22,[ 5 12],13,55,77,42,48
1,<environment.Job instance at 0x7fb530e4c410>,14,25,[9 5],15,77,102,62,73
1,<environment.Job instance at 0x7fb531e603c0>,15,22,[3 8],16,77,99,61,73
1,<environment.Job instance at 0x7fb530db6c80>,19,26,[7 2],20,102,128,82,99
1,<environment.Job instance at 0x7fb5321eb050>,18,22,[ 1 13],19,102,124,83,99
1,<environment.Job instance at 0x7fb4f3ef87d0>,22,25,[10  3],23,128,153,105,124
1,<environment.Job instance at 0x7fb530d64b40>,0,27,[5 2],1,1,28,0,1
1,<environment.Job instance at 0x7fb530c6f1e0>,0,27,[2 5],1,1,28,0,1
1,<environment.Job instance at 0x7fb531b1f8c0>,5,24,[12  4],6,6,30,0,6
1,<environment.Job instance at 0x7fb531b1f6e0>,7,27,[9 5],8,30,57,22,28
1,<environment.Job instance at 0x7fb4f3d40d70>,2,23,[14  4],3,57,80,54,51
1,<environment.Job instance at 0x7fb530c6fe10>,4,22,[13  1],5,80,102,75,73
1,<environment.Job instance at 0x7fb531f81dc0>,13,21,[1 8],14,77,98,63,77
1,<environment.Job instance at 0x7fb531df6aa0>,0,25,[ 2 12],1,1,26,0,1
1,<environment.Job instance at 0x7fb531ffc370>,6,25,[ 4 10],7,26,51,19,22
1,<environment.Job instance at 0x7fb531ffc3c0>,7,19,[ 5 11],8,51,70,43,50
1,<environment.Job instance at 0x7fb531ffc500>,9,22,[10  1],10,50,72,40,50
1,<environment.Job instance at 0x7fb531ffc640>,11,24,[ 2 11],12,70,94,58,65
1,<environment.Job instance at 0x7fb531ffc6e0>,12,20,[ 1 14],13,103,123,90,103
1,<environment.Job instance at 0x7fb531ffc780>,13,19,[ 3 14],14,2905,2924,2891,2905
1,<environment.Job instance at 0x7fb531ffcaa0>,18,21,[ 1 11],19,2924,2945,2905,2916
1,<environment.Job instance at 0x7fb531ffcb40>,19,20,[ 5 13],20,2945,2965,2925,2936
1,<environment.Job instance at 0x7fb531ffcbe0>,20,27,[ 5 13],21,2965,2992,2944,2963
1,<environment.Job instance at 0x7fb531d607d0>,0,25,[2 8],1,1,26,0,1
1,<environment.Job instance at 0x7fb530db2af0>,9,20,[3 9],10,26,46,16,17
1,<environment.Job instance at 0x7fb530db2be0>,10,25,[ 1 13],11,46,71,35,42
1,<environment.Job instance at 0x7fb530db20a0>,11,22,[14  2],12,46,68,34,42
1,<environment.Job instance at 0x7fb530db2b90>,12,24,[7 4],13,71,95,58,66
1,<environment.Job instance at 0x7fb530db2320>,14,20,[ 5 11],15,79,99,64,79
1,<environment.Job instance at 0x7fb530db2a50>,15,21,[13  4],16,99,120,83,91
1,<environment.Job instance at 0x7fb530db2230>,16,25,[12  4],17,120,145,103,116
1,<environment.Job instance at 0x7fb5321c90f0>,5,12,[ 3 11],6,968,980,962,968
1,<environment.Job instance at 0x7fb530db21e0>,19,21,[ 4 12],20,980,1001,960,972
1,<environment.Job instance at 0x7fb531bff320>,0,27,[ 4 10],1,1,28,0,1
1,<environment.Job instance at 0x7fb530db2e60>,1,27,[9 3],2,2,29,0,2
1,<environment.Job instance at 0x7fb531bff500>,4,27,[12  1],5,29,56,24,27
1,<environment.Job instance at 0x7fb530c38d70>,8,24,[1 7],9,28,52,19,27
1,<environment.Job instance at 0x7fb530c38e10>,10,26,[12  5],11,56,82,45,53
1,<environment.Job instance at 0x7fb530e1d640>,7,20,[14  5],8,82,102,74,73
1,<environment.Job instance at 0x7fb530c38690>,12,28,[13  2],13,102,130,89,101
1,<environment.Job instance at 0x7fb530e1d820>,5,19,[14  2],6,130,149,124,127
1,<environment.Job instance at 0x7fb530c38500>,14,28,[ 5 14],15,149,177,134,148
1,<environment.Job instance at 0x7fb530c386e0>,16,22,[10  2],17,177,199,160,170
1,<environment.Job instance at 0x7fb530c38b90>,19,26,[ 5 12],20,177,203,157,177
1,<environment.Job instance at 0x7fb530c38730>,20,26,[10  2],21,199,225,178,196
1,<environment.Job instance at 0x7fb530db21e0>,2,19,[ 1 11],3,263,282,260,263
1,<environment.Job instance at 0x7fb530c38a00>,22,21,[13  4],23,263,284,240,263
1,<environment.Job instance at 0x7fb530c382d0>,23,20,[ 2 11],24,282,302,258,278
1,<environment.Job instance at 0x7fb530c38aa0>,25,22,[8 4],26,284,306,258,278
1,<environment.Job instance at 0x7fb5321164b0>,0,26,[14  5],1,1,27,0,1
1,<environment.Job instance at 0x7fb531722550>,4,28,[4 9],5,27,55,22,26
1,<environment.Job instance at 0x7fb531722910>,5,25,[11  1],6,27,52,21,26
1,<environment.Job instance at 0x7fb531915410>,3,23,[ 3 11],4,55,78,51,49
1,<environment.Job instance at 0x7fb5321d5410>,10,27,[ 1 12],11,78,105,67,76
1,<environment.Job instance at 0x7fb5321d5820>,12,22,[1 6],13,105,127,92,98
1,<environment.Job instance at 0x7fb5321d5af0>,15,27,[ 4 11],16,127,154,111,125
1,<environment.Job instance at 0x7fb5319150f0>,6,20,[ 1 13],7,154,174,147,145
1,<environment.Job instance at 0x7fb5321e8050>,19,24,[11  3],20,174,198,154,169
1,<environment.Job instance at 0x7fb4f3f45140>,1,28,[13  4],2,2,30,0,2
1,<environment.Job instance at 0x7fb4f3e04820>,3,28,[11  2],4,30,58,26,29
1,<environment.Job instance at 0x7fb4f3f01e10>,8,23,[7 4],9,58,81,49,52
1,<environment.Job instance at 0x7fb4f3d346e0>,5,24,[7 1],6,58,82,52,53
1,<environment.Job instance at 0x7fb4f3f013c0>,11,25,[11  3],12,82,107,70,78
1,<environment.Job instance at 0x7fb4f3f01f00>,12,28,[5 3],13,107,135,94,106
1,<environment.Job instance at 0x7fb4f3f01910>,13,22,[5 5],14,107,129,93,106
1,<environment.Job instance at 0x7fb4f3f01550>,14,24,[10  4],15,129,153,114,124
1,<environment.Job instance at 0x7fb532160d70>,16,27,[ 4 12],17,153,180,136,151
1,<environment.Job instance at 0x7fb532160fa0>,18,21,[ 2 11],19,180,201,161,172
1,<environment.Job instance at 0x7fb5321603c0>,19,23,[9 2],20,172,195,152,172
1,<environment.Job instance at 0x7fb531e18a00>,0,20,[11  5],1,1,21,0,1
1,<environment.Job instance at 0x7fb530e35050>,3,28,[8 4],4,21,49,17,20
1,<environment.Job instance at 0x7fb531e18640>,1,24,[ 4 11],2,21,45,19,20
1,<environment.Job instance at 0x7fb4f3cae460>,8,24,[13  3],9,49,73,40,44
1,<environment.Job instance at 0x7fb4f3caee10>,10,26,[5 9],11,73,99,62,70
1,<environment.Job instance at 0x7fb4f3cae2d0>,11,22,[ 3 12],12,99,121,87,92
1,<environment.Job instance at 0x7fb4f3cae7d0>,13,24,[ 2 14],14,121,145,107,116
1,<environment.Job instance at 0x7fb4f3cae050>,18,20,[13  3],19,145,165,126,136
1,<environment.Job instance at 0x7fb4f3a10320>,22,24,[12  1],23,165,189,142,160
1,<environment.Job instance at 0x7fb4f3a10910>,24,23,[14  2],25,189,212,164,183
1,<environment.Job instance at 0x7fb4f3a10a00>,25,21,[ 3 14],26,212,233,186,204
1,<environment.Job instance at 0x7fb4f3807fa0>,1,18,[11  4],2,2193,2211,2191,2193
1,<environment.Job instance at 0x7fb4f3fa3dc0>,5,24,[1 9],6,2193,2217,2187,2193
1,<environment.Job instance at 0x7fb4f3f83c30>,6,23,[ 5 10],7,2217,2240,2210,2211
1,<environment.Job instance at 0x7fb4f3fa3c80>,7,27,[ 4 13],8,2240,2267,2232,2238
1,<environment.Job instance at 0x7fb531e69500>,0,25,[8 5],1,1,26,0,1
1,<environment.Job instance at 0x7fb4f38117d0>,5,26,[11  5],6,26,52,20,23
1,<environment.Job instance at 0x7fb4f38114b0>,6,28,[5 8],7,52,80,45,51
1,<environment.Job instance at 0x7fb4f38119b0>,4,22,[11  5],5,80,102,75,73
1,<environment.Job instance at 0x7fb4f3811140>,8,25,[10  5],9,102,127,93,98
1,<environment.Job instance at 0x7fb4f3811320>,7,27,[1 7],8,98,125,90,98
1,<environment.Job instance at 0x7fb4f362feb0>,10,23,[ 2 11],11,127,150,116,121
1,<environment.Job instance at 0x7fb530be5500>,0,27,[14  2],1,1,28,0,1
1,<environment.Job instance at 0x7fb4f3835f50>,0,21,[12  1],1,1,22,0,1
1,<environment.Job instance at 0x7fb4f3856280>,3,24,[9 3],4,22,46,18,17
1,<environment.Job instance at 0x7fb4f3856960>,4,21,[5 6],5,22,43,17,17
1,<environment.Job instance at 0x7fb4f38568c0>,6,24,[14  2],7,46,70,39,41
1,<environment.Job instance at 0x7fb531826460>,8,23,[ 4 14],9,70,93,61,64
1,<environment.Job instance at 0x7fb4f3719d70>,9,23,[ 4 13],10,93,116,83,87
1,<environment.Job instance at 0x7fb5316e5460>,12,24,[10  5],13,116,140,103,111
1,<environment.Job instance at 0x7fb5316eac30>,13,22,[5 8],14,116,138,102,111
1,<environment.Job instance at 0x7f22fca5c370>,1,22,[11  3],2,2,24,0,2
1,<environment.Job instance at 0x7f22fca5c230>,2,22,[4 8],3,3,25,0,3
1,<environment.Job instance at 0x7f22f764d2d0>,3,26,[11  4],4,24,50,20,21
1,<environment.Job instance at 0x7f22f764d640>,7,25,[6 2],8,50,75,42,46
1,<environment.Job instance at 0x7f22f764d6e0>,8,22,[14  3],9,75,97,66,68
1,<environment.Job instance at 0x7f22f764d500>,5,24,[1 5],6,68,92,62,68
1,<environment.Job instance at 0x7f22fca5c190>,4,21,[1 6],5,92,113,87,85
1,<environment.Job instance at 0x7f22f764d8c0>,11,26,[4 8],12,97,123,85,94
1,<environment.Job instance at 0x7f22f764d960>,12,26,[ 1 12],13,123,149,110,120
1,<environment.Job instance at 0x7f22f764d780>,9,18,[ 2 13],10,1988,2006,1978,1988
1,<environment.Job instance at 0x7f22f764dc80>,17,28,[ 5 10],18,2006,2034,1988,2005
1,<environment.Job instance at 0x7f22f764dd20>,18,25,[ 4 13],19,2034,2059,2015,2030
1,<environment.Job instance at 0x7f22f75f3780>,0,26,[5 5],1,1,27,0,1
1,<environment.Job instance at 0x7f22f764dc30>,1,24,[4 7],2,2,26,0,2
1,<environment.Job instance at 0x7f22b1a484b0>,7,22,[3 7],8,26,48,18,19
1,<environment.Job instance at 0x7f22b1a480a0>,6,20,[1 5],7,27,47,20,19
1,<environment.Job instance at 0x7f22b1a48230>,8,20,[ 3 12],9,48,68,39,39
1,<environment.Job instance at 0x7f22b1a48050>,11,20,[ 1 12],12,68,88,56,60
1,<environment.Job instance at 0x7f22b1a44320>,4,19,[ 3 12],5,98,117,93,98
1,<environment.Job instance at 0x7f22fcbd5e10>,4,20,[6 1],5,5,25,0,5
1,<environment.Job instance at 0x7f22b18bec30>,5,25,[8 5],6,6,31,0,6
1,<environment.Job instance at 0x7f22b18bea00>,7,21,[5 9],8,25,46,17,17
1,<environment.Job instance at 0x7f22b1986230>,9,24,[11  1],10,46,70,36,41
1,<environment.Job instance at 0x7f22b1986320>,10,25,[7 1],11,70,95,59,66
1,<environment.Job instance at 0x7f22b1986c80>,11,24,[12  5],12,95,119,83,90
1,<environment.Job instance at 0x7f22b19865a0>,12,23,[10  2],13,119,142,106,113
1,<environment.Job instance at 0x7f22fcbd5140>,0,19,[12  5],1,142,161,141,135
1,<environment.Job instance at 0x7f22fc37ffa0>,0,20,[13  5],1,1,21,0,1
1,<environment.Job instance at 0x7f22f7497cd0>,1,27,[1 8],2,2,29,0,2
1,<environment.Job instance at 0x7f22f7798910>,7,23,[13  3],8,21,44,13,15
1,<environment.Job instance at 0x7f22f7497d20>,3,24,[11  3],4,44,68,40,39
1,<environment.Job instance at 0x7f22fc42b9b0>,12,24,[13  3],13,68,92,55,63
1,<environment.Job instance at 0x7f22f76b04b0>,14,25,[12  2],15,92,117,77,88
1,<environment.Job instance at 0x7f22f78f0d20>,16,27,[5 5],17,117,144,100,115
1,<environment.Job instance at 0x7f22f76b0230>,15,25,[14  1],16,144,169,128,140
1,<environment.Job instance at 0x7f22f76b0be0>,18,23,[14  2],19,169,192,150,163
1,<environment.Job instance at 0x7f22f76e6c30>,25,25,[9 2],26,192,217,166,188
1,<environment.Job instance at 0x7f22f7640b40>,24,23,[14  3],25,217,240,192,211
1,<environment.Job instance at 0x7f22f77145f0>,30,23,[ 2 11],31,240,263,209,234
1,<environment.Job instance at 0x7f22f7714d70>,31,27,[1 8],32,263,290,231,261
1,<environment.Job instance at 0x7f22f776cd20>,23,21,[ 2 11],24,290,311,266,282
1,<environment.Job instance at 0x7f22f77147d0>,33,22,[10  2],34,282,304,248,282
1,<environment.Job instance at 0x7f22f7714960>,34,27,[11  3],35,304,331,269,302
1,<environment.Job instance at 0x7f22f76d9780>,38,25,[14  2],39,331,356,292,327
1,<environment.Job instance at 0x7f22f76d9b90>,42,26,[13  5],43,356,382,313,353
1,<environment.Job instance at 0x7f22f76d9af0>,43,24,[ 2 10],44,356,380,312,353
1,<environment.Job instance at 0x7f22f76d9410>,45,27,[10  2],46,382,409,336,380
1,<environment.Job instance at 0x7f22f7723050>,47,27,[7 2],48,409,436,361,407
1,<environment.Job instance at 0x7f22f7706550>,27,19,[11  1],28,436,455,408,426
1,<environment.Job instance at 0x7f22f7714a50>,32,19,[ 5 14],33,503,522,470,503
1,<environment.Job instance at 0x7f22f7723a50>,50,24,[13  2],51,522,546,471,517
1,<environment.Job instance at 0x7f22f76e9780>,52,25,[11  4],53,546,571,493,542
1,<environment.Job instance at 0x7f22f793dd70>,54,23,[1 6],55,544,567,489,544
1,<environment.Job instance at 0x7f22b1910e60>,0,24,[11  4],1,1,25,0,1
1,<environment.Job instance at 0x7f22b1910730>,3,21,[1 6],4,5,26,1,5
1,<environment.Job instance at 0x7f22f74675f0>,7,25,[8 3],8,25,50,17,21
1,<environment.Job instance at 0x7f22f7467460>,5,25,[6 1],6,25,50,19,21
1,<environment.Job instance at 0x7f22b1ce9280>,13,26,[4 7],14,50,76,36,47
1,<environment.Job instance at 0x7f22b1d1c050>,14,21,[6 5],15,50,71,35,47
1,<environment.Job instance at 0x7f22b1d2b1e0>,16,20,[3 6],17,71,91,54,64
1,<environment.Job instance at 0x7f22b1d1a370>,18,19,[ 5 10],19,91,110,72,81
1,<environment.Job instance at 0x7f22b1cac1e0>,22,28,[9 1],23,86,114,63,86
1,<environment.Job instance at 0x7f22f74c8b40>,12,19,[12  1],13,114,133,101,104
1,<environment.Job instance at 0x7f22f7a7f280>,0,24,[11  5],1,1,25,0,1
1,<environment.Job instance at 0x7f22f7a7f050>,2,23,[10  4],3,25,48,22,19
1,<environment.Job instance at 0x7f22f7a7faa0>,1,25,[2 7],2,19,44,17,19
1,<environment.Job instance at 0x7f22f7575f00>,7,27,[ 5 13],8,48,75,40,46
1,<environment.Job instance at 0x7f22f7575eb0>,10,27,[ 5 12],11,75,102,64,73
1,<environment.Job instance at 0x7f22f7575f50>,9,21,[12  3],10,102,123,92,94
1,<environment.Job instance at 0x7f22fcaaa140>,16,26,[11  5],17,123,149,106,120
1,<environment.Job instance at 0x7f22f7575d70>,3,21,[ 3 14],4,149,170,145,144
1,<environment.Job instance at 0x7f22fc252b90>,1,24,[4 5],2,2,26,0,2
1,<environment.Job instance at 0x7f22b1eec320>,4,25,[ 5 10],5,5,30,0,5
1,<environment.Job instance at 0x7f22b1a97640>,9,27,[13  4],10,30,57,20,28
1,<environment.Job instance at 0x7f22fc337d70>,1,27,[ 5 14],2,2,29,0,2
1,<environment.Job instance at 0x7f22b1d6cbe0>,6,26,[13  3],7,29,55,22,26
1,<environment.Job instance at 0x7f22b1d6ce60>,7,23,[9 5],8,55,78,47,49
1,<environment.Job instance at 0x7f22b1d6cf00>,8,27,[7 3],9,78,105,69,76
1,<environment.Job instance at 0x7f22b1d6cfa0>,9,22,[3 9],10,76,98,66,76
1,<environment.Job instance at 0x7f22fc1fc4b0>,4,20,[12  3],5,105,125,100,96
1,<environment.Job instance at 0x7f22f7487a00>,5,23,[ 1 11],6,6,29,0,6
1,<environment.Job instance at 0x7f22f7487780>,7,24,[12  4],8,8,32,0,8
1,<environment.Job instance at 0x7f22fc39bdc0>,11,22,[ 4 11],12,32,54,20,25
1,<environment.Job instance at 0x7f22fbe8d9b0>,1,20,[10  3],2,2,22,0,2
1,<environment.Job instance at 0x7f22fc39bd20>,2,27,[7 2],3,22,49,19,20
1,<environment.Job instance at 0x7f22b1f02b90>,4,21,[10  1],5,49,70,44,41
1,<environment.Job instance at 0x7f22fbf67500>,7,22,[13  4],8,70,92,62,63
1,<environment.Job instance at 0x7f22b1fc38c0>,9,25,[12  1],10,92,117,82,88
1,<environment.Job instance at 0x7f22f7a08370>,10,26,[12  2],11,117,143,106,114
1,<environment.Job instance at 0x7f22f7a08c80>,11,25,[4 8],12,143,168,131,139
1,<environment.Job instance at 0x7f22f7a28b90>,0,28,[14  2],1,1,29,0,1
1,<environment.Job instance at 0x7f22b1b3c820>,6,24,[5 7],7,29,53,22,24
1,<environment.Job instance at 0x7f22b1b3c1e0>,7,22,[ 2 12],8,53,75,45,46
1,<environment.Job instance at 0x7f22b1b3c230>,9,26,[7 1],10,58,84,48,58
1,<environment.Job instance at 0x7f22b1b3c500>,10,20,[9 5],11,84,104,73,75
1,<environment.Job instance at 0x7f22b1b3ca50>,11,21,[9 3],12,104,125,92,96
1,<environment.Job instance at 0x7f22f77326e0>,2,19,[7 5],3,125,144,122,115
1,<environment.Job instance at 0x7f22f79cdeb0>,13,27,[2 5],14,115,142,101,115
1,<environment.Job instance at 0x7f22b1b3c140>,15,21,[11  2],16,144,165,128,136
1,<environment.Job instance at 0x7f22b1bce460>,16,26,[ 1 12],17,144,170,127,141
1,<environment.Job instance at 0x7f22b1b3c3c0>,5,22,[13  1],6,165,187,159,158
1,<environment.Job instance at 0x7f22b1bcedc0>,17,25,[ 2 11],18,170,195,152,166
1,<environment.Job instance at 0x7f22f7a28780>,4,22,[14  1],5,195,217,190,188
1,<environment.Job instance at 0x7f22b1bc6f50>,23,23,[10  3],24,217,240,193,211
1,<environment.Job instance at 0x7f22b1bc6cd0>,24,24,[ 5 11],25,217,241,192,212
1,<environment.Job instance at 0x7f22fc47b370>,25,22,[4 9],26,241,263,215,234
1,<environment.Job instance at 0x7f22b1a6dc30>,26,25,[5 8],27,263,288,236,259
1,<environment.Job instance at 0x7f22b1b98460>,19,19,[14  1],20,288,307,268,278
1,<environment.Job instance at 0x7f22fc5c3230>,31,25,[7 1],32,307,332,275,303
1,<environment.Job instance at 0x7f22fc5c32d0>,30,25,[ 1 14],31,303,328,272,303
1,<environment.Job instance at 0x7f22fc5bb7d0>,34,21,[5 6],35,328,349,293,320
1,<environment.Job instance at 0x7f22fc5bbc30>,35,28,[ 3 11],36,349,377,313,348
1,<environment.Job instance at 0x7f22fc5bb410>,36,23,[5 1],37,348,371,311,348
1,<environment.Job instance at 0x7f22fc5bb2d0>,38,28,[6 3],39,349,377,310,349
1,<environment.Job instance at 0x7f22b1dcfdc0>,0,24,[1 9],1,1,25,0,1
1,<environment.Job instance at 0x7f22fc5bb2d0>,2,20,[11  2],3,4,24,1,4
1,<environment.Job instance at 0x7f22f79cfaa0>,5,27,[6 2],6,24,51,18,22
1,<environment.Job instance at 0x7f22f79cf050>,6,20,[ 5 11],7,25,45,18,22
1,<environment.Job instance at 0x7f22f79d55a0>,9,26,[4 6],10,45,71,35,42
1,<environment.Job instance at 0x7f22f79d5f00>,10,24,[5 3],11,45,69,34,42
1,<environment.Job instance at 0x7f22fc5bb370>,1,19,[13  2],2,71,90,69,69
1,<environment.Job instance at 0x7f22f74201e0>,2,26,[11  1],3,3,29,0,3
1,<environment.Job instance at 0x7f22fc096820>,5,22,[3 6],6,7,29,1,7
1,<environment.Job instance at 0x7f22fc096af0>,6,24,[8 1],7,29,53,22,24
1,<environment.Job instance at 0x7f22b1692c80>,3,24,[12  2],4,53,77,49,48
1,<environment.Job instance at 0x7f22fc096dc0>,8,25,[8 3],9,77,102,68,73
1,<environment.Job instance at 0x7f22fc096c30>,7,22,[ 2 11],8,73,95,65,73
1,<environment.Job instance at 0x7f22fc096b90>,13,24,[8 5],14,102,126,88,97
1,<environment.Job instance at 0x7f22fc55a8c0>,16,26,[13  2],17,126,152,109,123
1,<environment.Job instance at 0x7f22fc55abe0>,18,20,[14  5],19,152,172,133,143
1,<environment.Job instance at 0x7f22b1b07870>,0,27,[ 4 12],1,1,28,0,1
1,<environment.Job instance at 0x7f22fc55a0f0>,2,27,[5 6],3,28,55,25,26
1,<environment.Job instance at 0x7f22b1b07d70>,3,25,[13  1],4,55,80,51,51
1,<environment.Job instance at 0x7f22fc2fa820>,4,23,[ 1 10],5,55,78,50,51
1,<environment.Job instance at 0x7f22b1b07050>,6,22,[ 2 12],7,78,100,71,71
1,<environment.Job instance at 0x7f22b185aaf0>,8,20,[12  3],9,80,100,71,71
1,<environment.Job instance at 0x7f22b1b07460>,5,19,[12  1],6,100,119,94,96
1,<environment.Job instance at 0x7f22fc469320>,13,26,[ 3 14],14,100,126,86,97
1,<environment.Job instance at 0x7f22f76ba230>,10,17,[12  2],11,2376,2393,2365,2376
1,<environment.Job instance at 0x7f22b1715a00>,15,26,[ 1 11],16,2376,2402,2360,2376
1,<environment.Job instance at 0x7f22b1715870>,17,18,[11  2],18,2406,2424,2388,2406
1,<environment.Job instance at 0x7f22b1715d70>,18,21,[ 5 12],19,2424,2445,2405,2416
1,<environment.Job instance at 0x7f22f7467730>,20,19,[5 2],21,2424,2443,2403,2416
1,<environment.Job instance at 0x7f22fbfb2c30>,21,28,[13  4],22,2445,2473,2423,2444
1,<environment.Job instance at 0x7f22f7a933c0>,0,28,[ 4 10],1,1,29,0,1
1,<environment.Job instance at 0x7f22fc252050>,1,25,[5 3],2,2,27,0,2
1,<environment.Job instance at 0x7f22b176a370>,6,27,[7 5],7,27,54,20,25
1,<environment.Job instance at 0x7f22f7a93730>,4,20,[3 9],5,29,49,24,25
1,<environment.Job instance at 0x7f22b176a460>,8,25,[13  4],9,54,79,45,50
1,<environment.Job instance at 0x7f22b176a050>,9,24,[5 8],10,79,103,69,74
1,<environment.Job instance at 0x7f22b176a550>,7,24,[ 3 11],8,103,127,95,98
1,<environment.Job instance at 0x7f22b176a0a0>,11,24,[ 4 11],12,127,151,115,122
1,<environment.Job instance at 0x7f22fc49afa0>,13,28,[8 4],14,134,162,120,134
1,<environment.Job instance at 0x7f22f7a93370>,3,20,[14  1],4,162,182,158,153
1,<environment.Job instance at 0x7f22fc4a0a50>,18,24,[13  3],19,182,206,163,177
1,<environment.Job instance at 0x7f22f78027d0>,10,20,[11  5],11,206,226,195,197
1,<environment.Job instance at 0x7f22fc496910>,20,26,[5 9],21,226,252,205,223
1,<environment.Job instance at 0x7f22fc496640>,21,22,[ 3 12],22,252,274,230,245
1,<environment.Job instance at 0x7f22f7984e60>,0,23,[ 2 11],1,1,24,0,1
1,<environment.Job instance at 0x7f22b1893280>,3,23,[8 2],4,4,27,0,4
1,<environment.Job instance at 0x7f22b18930f0>,4,23,[ 2 14],5,27,50,22,21
1,<environment.Job instance at 0x7f22b1f44d70>,11,24,[ 1 13],12,50,74,38,45
1,<environment.Job instance at 0x7f22fc1ab960>,10,19,[ 1 11],11,74,93,63,68
1,<environment.Job instance at 0x7f22b178b2d0>,0,23,[ 1 11],1,1,24,0,1
1,<environment.Job instance at 0x7f22b1fff4b0>,5,22,[6 5],6,24,46,18,17
1,<environment.Job instance at 0x7f22b1fff690>,6,21,[6 5],7,24,45,17,20
1,<environment.Job instance at 0x7f22b1fff730>,7,24,[13  2],8,46,70,38,41
1,<environment.Job instance at 0x7f22b178b910>,4,21,[ 4 12],5,70,91,65,62
1,<environment.Job instance at 0x7f22b178b9b0>,3,21,[ 4 12],4,91,112,87,83
1,<environment.Job instance at 0x7f22b1fffb90>,14,26,[8 1],15,90,116,75,90
1,<environment.Job instance at 0x7f22b18c06e0>,0,25,[12  3],1,1,26,0,1
1,<environment.Job instance at 0x7f22f74a4230>,4,28,[3 7],5,5,33,0,5
1,<environment.Job instance at 0x7f22b18c08c0>,6,28,[14  3],7,33,61,26,32
1,<environment.Job instance at 0x7f22fcbcc780>,8,24,[12  2],9,61,85,52,56
1,<environment.Job instance at 0x7f22f74a44b0>,9,22,[7 3],10,85,107,75,78
1,<environment.Job instance at 0x7f22b18c0fa0>,3,23,[ 4 14],4,107,130,103,101
1,<environment.Job instance at 0x7f22f74a4460>,7,19,[4 8],8,130,149,122,120
1,<environment.Job instance at 0x7f22b1f22820>,13,25,[ 5 14],14,149,174,135,145
1,<environment.Job instance at 0x7f22fc962140>,0,21,[11  1],1,1,22,0,1
1,<environment.Job instance at 0x7f22fc116690>,3,24,[7 5],4,22,46,18,17
1,<environment.Job instance at 0x7f22f7723190>,7,25,[8 1],8,22,47,14,18
1,<environment.Job instance at 0x7f22fca5c140>,6,21,[11  3],7,47,68,40,39
1,<environment.Job instance at 0x7f22f75e7460>,9,20,[8 3],10,68,88,58,59
1,<environment.Job instance at 0x7f22f75e7820>,10,24,[9 5],11,88,112,77,83
1,<environment.Job instance at 0x7f22b1b63690>,12,28,[1 8],13,100,128,87,100
1,<environment.Job instance at 0x7f22b1b63a00>,13,27,[ 3 13],14,128,155,114,126
1,<environment.Job instance at 0x7f22f75e7280>,11,21,[12  1],12,150,171,138,150
1,<environment.Job instance at 0x7f22b1b63050>,14,27,[ 3 14],15,155,182,140,153
1,<environment.Job instance at 0x7f22b185d140>,18,25,[13  5],19,182,207,163,178
1,<environment.Job instance at 0x7f22b185d8c0>,19,25,[6 4],20,207,232,187,203
1,<environment.Job instance at 0x7f22b1b630a0>,20,25,[8 1],21,207,232,186,203
1,<environment.Job instance at 0x7f22b19333c0>,17,21,[13  3],18,232,253,214,224
1,<environment.Job instance at 0x7f22fc2998c0>,23,25,[ 4 12],24,253,278,229,249
1,<environment.Job instance at 0x7f22b19bb9b0>,26,27,[10  1],27,253,280,226,251
1,<environment.Job instance at 0x7f22f74268c0>,27,23,[10  1],28,280,303,252,274
1,<environment.Job instance at 0x7f22b18d2eb0>,29,26,[10  2],30,303,329,273,300
1,<environment.Job instance at 0x7f22fc65ab40>,30,22,[5 3],31,300,322,269,300
1,<environment.Job instance at 0x7f22fbf21370>,31,20,[ 1 12],32,322,342,290,313
1,<environment.Job instance at 0x7f22fbfc7370>,32,24,[14  1],33,329,353,296,324
1,<environment.Job instance at 0x7f22b18bccd0>,33,28,[9 3],34,353,381,319,352
1,<environment.Job instance at 0x7f22b1924a50>,34,25,[10  1],35,381,406,346,377
1,<environment.Job instance at 0x7f22f7aed410>,35,26,[ 2 12],36,377,403,341,377
1,<environment.Job instance at 0x7f22f7aed690>,36,22,[ 1 11],37,403,425,366,396
1,<environment.Job instance at 0x7f93d4234370>,1,22,[11  3],2,2,24,0,2
1,<environment.Job instance at 0x7f93d42340f0>,2,22,[4 8],3,3,25,0,3
1,<environment.Job instance at 0x7f93cee252d0>,3,26,[11  4],4,24,50,20,21
1,<environment.Job instance at 0x7f93cee25640>,7,25,[6 2],8,50,75,42,46
1,<environment.Job instance at 0x7f93cee256e0>,8,22,[14  3],9,75,97,66,68
1,<environment.Job instance at 0x7f93cee258c0>,11,26,[4 8],12,97,123,85,94
1,<environment.Job instance at 0x7f93cee25500>,5,24,[1 5],6,94,118,88,94
1,<environment.Job instance at 0x7f93cee25960>,12,26,[ 1 12],13,123,149,110,120
1,<environment.Job instance at 0x7f93cee25780>,9,18,[ 2 13],10,178,196,168,178
1,<environment.Job instance at 0x7f93cee25c80>,17,28,[ 5 10],18,196,224,178,195
1,<environment.Job instance at 0x7f93cee25d20>,18,25,[ 4 13],19,224,249,205,220
1,<environment.Job instance at 0x7f93cee25dc0>,19,14,[ 3 11],20,2575,2589,2555,2575
1,<environment.Job instance at 0x7f93cee25e60>,20,27,[13  5],21,2589,2616,2568,2587
1,<environment.Job instance at 0x7f93cee25410>,21,26,[ 5 12],22,2616,2642,2594,2613
1,<environment.Job instance at 0x7f93cedcb960>,1,20,[ 1 12],2,4,24,2,4
1,<environment.Job instance at 0x7f9389097500>,1,22,[ 3 13],2,2,24,0,2
1,<environment.Job instance at 0x7f93d43a76e0>,2,20,[8 1],3,3,23,0,3
1,<environment.Job instance at 0x7f93d43ad140>,6,20,[5 7],7,24,44,17,15
1,<environment.Job instance at 0x7f93d43ad5a0>,9,23,[ 2 13],10,44,67,34,38
1,<environment.Job instance at 0x7f93d43ad0a0>,11,28,[ 1 13],12,67,95,55,66
1,<environment.Job instance at 0x7f9389077230>,13,22,[12  5],14,95,117,81,88
1,<environment.Job instance at 0x7f93d43a7550>,3,19,[13  4],4,117,136,113,117
1,<environment.Job instance at 0x7f93cf2c8780>,17,22,[11  2],18,136,158,118,129
1,<environment.Job instance at 0x7f93d3ff0960>,0,23,[ 2 11],1,1,24,0,1
1,<environment.Job instance at 0x7f93d3c77be0>,4,27,[11  3],5,5,32,0,5
1,<environment.Job instance at 0x7f93cf0f73c0>,5,26,[2 6],6,24,50,18,21
1,<environment.Job instance at 0x7f93d38b0910>,3,22,[10  2],4,32,54,28,25
1,<environment.Job instance at 0x7f93d3b7ac80>,1,27,[1 8],2,50,77,48,49
1,<environment.Job instance at 0x7f93cf0f7f00>,8,25,[14  2],9,54,79,45,53
1,<environment.Job instance at 0x7f93cf0f7370>,9,22,[3 8],10,79,101,69,72
1,<environment.Job instance at 0x7f93cf0e75f0>,12,26,[13  5],13,101,127,88,98
1,<environment.Job instance at 0x7f93d385bdc0>,13,24,[ 2 10],14,101,125,87,98
1,<environment.Job instance at 0x7f9389750eb0>,15,27,[10  2],16,127,154,111,125
1,<environment.Job instance at 0x7f93d3a4a0a0>,14,19,[9 4],15,154,173,139,144
1,<environment.Job instance at 0x7f93897500a0>,17,27,[7 2],18,173,200,155,171
1,<environment.Job instance at 0x7f93cef57410>,20,24,[13  2],21,200,224,179,195
1,<environment.Job instance at 0x7f93cef0e5f0>,22,25,[11  4],23,224,249,201,220
1,<environment.Job instance at 0x7f93cef0e230>,24,23,[1 6],25,222,245,197,222
1,<environment.Job instance at 0x7f93ceb954b0>,2,19,[ 5 14],3,249,268,246,243
1,<environment.Job instance at 0x7f93d3bac870>,3,25,[4 6],4,4,29,0,4
1,<environment.Job instance at 0x7f93cecae230>,5,24,[7 5],6,6,30,0,6
1,<environment.Job instance at 0x7f938943c5f0>,10,24,[ 4 11],11,30,54,19,25
1,<environment.Job instance at 0x7f938943c370>,12,20,[6 3],13,29,49,16,27
1,<environment.Job instance at 0x7f93896e53c0>,7,21,[14  1],8,54,75,46,46
1,<environment.Job instance at 0x7f93cf2575a0>,1,21,[13  2],2,2,23,0,2
1,<environment.Job instance at 0x7f93cef290f0>,2,23,[14  5],3,23,46,20,17
1,<environment.Job instance at 0x7f93cef29b90>,6,28,[5 4],7,46,74,39,45
1,<environment.Job instance at 0x7f93cef29dc0>,5,22,[7 1],6,46,68,40,45
1,<environment.Job instance at 0x7f93d3b65780>,12,23,[13  3],13,74,97,61,68
1,<environment.Job instance at 0x7f93d3b659b0>,14,28,[11  1],15,97,125,82,96
1,<environment.Job instance at 0x7f93d3b650f0>,15,21,[6 5],16,125,146,109,117
1,<environment.Job instance at 0x7f93d3b65280>,13,18,[ 2 12],14,148,166,134,148
1,<environment.Job instance at 0x7f93d3b65e60>,17,20,[ 5 14],18,166,186,148,157
1,<environment.Job instance at 0x7f93d3b65b40>,18,27,[ 2 14],19,186,213,167,184
1,<environment.Job instance at 0x7f93d3b0be60>,0,28,[7 5],1,1,29,0,1
1,<environment.Job instance at 0x7f93d3b0b3c0>,3,24,[8 5],4,4,28,0,4
1,<environment.Job instance at 0x7f93d3b0ba00>,5,23,[11  5],6,29,52,23,23
1,<environment.Job instance at 0x7f93cef0eaf0>,8,25,[7 3],9,52,77,43,48
1,<environment.Job instance at 0x7f93cec40e60>,9,23,[12  5],10,77,100,67,71
1,<environment.Job instance at 0x7f93cec40370>,11,27,[5 2],12,100,127,88,98
1,<environment.Job instance at 0x7f93d3b0b280>,1,22,[12  4],2,127,149,125,120
1,<environment.Job instance at 0x7f93cec40640>,14,21,[ 3 10],15,120,141,105,120
1,<environment.Job instance at 0x7f93d3b0b2d0>,6,23,[ 2 12],7,149,172,142,143
1,<environment.Job instance at 0x7f93ced41960>,1,24,[5 4],2,2,26,0,2
1,<environment.Job instance at 0x7f93cefb43c0>,4,27,[ 3 14],5,26,53,21,24
1,<environment.Job instance at 0x7f93890bde60>,6,27,[3 6],7,53,80,46,51
1,<environment.Job instance at 0x7f93890bdf00>,9,28,[12  3],10,53,81,43,53
1,<environment.Job instance at 0x7f93890db140>,10,27,[5 2],11,81,108,70,79
1,<environment.Job instance at 0x7f93d3b0b8c0>,2,20,[ 1 13],3,81,101,78,79
1,<environment.Job instance at 0x7f93892de870>,1,23,[3 9],2,2,25,0,2
1,<environment.Job instance at 0x7f93890db5a0>,3,21,[1 8],4,25,46,21,17
1,<environment.Job instance at 0x7f93cf1bc370>,8,20,[6 2],9,17,37,8,17
1,<environment.Job instance at 0x7f93cf1bc320>,10,23,[5 9],11,46,69,35,40
1,<environment.Job instance at 0x7f93cf1bcc30>,12,22,[11  4],13,69,91,56,62
1,<environment.Job instance at 0x7f93cf1bc4b0>,13,28,[11  2],14,91,119,77,90
1,<environment.Job instance at 0x7f93cee12e60>,14,28,[ 4 10],15,90,118,75,90
1,<environment.Job instance at 0x7f93cf1bcfa0>,15,24,[6 2],16,119,143,103,114
1,<environment.Job instance at 0x7f938959ec80>,17,26,[12  4],18,143,169,125,140
1,<environment.Job instance at 0x7f93d3d8daa0>,1,27,[2 5],2,2,29,0,2
1,<environment.Job instance at 0x7f938952e230>,4,23,[7 1],5,5,28,0,5
1,<environment.Job instance at 0x7f93cf2c8190>,5,23,[11  3],6,28,51,22,23
1,<environment.Job instance at 0x7f93cf2c8fa0>,7,24,[12  4],8,51,75,43,46
1,<environment.Job instance at 0x7f93cf1bcd70>,2,25,[ 2 12],3,75,100,72,71
1,<environment.Job instance at 0x7f93cf2c8af0>,6,26,[ 1 13],7,100,126,93,97
1,<environment.Job instance at 0x7f938948c870>,12,28,[ 5 13],13,126,154,113,125
1,<environment.Job instance at 0x7f93894e4e10>,14,27,[6 4],15,154,181,139,152
1,<environment.Job instance at 0x7f93894e4c80>,8,19,[2 6],9,154,173,145,152
1,<environment.Job instance at 0x7f93894a47d0>,19,19,[4 5],20,158,177,138,158
1,<environment.Job instance at 0x7f93cef00820>,20,25,[1 6],21,173,198,152,169
1,<environment.Job instance at 0x7f93cef008c0>,21,20,[11  1],22,181,201,159,176
1,<environment.Job instance at 0x7f93894e4370>,9,27,[ 1 14],10,198,225,188,196
1,<environment.Job instance at 0x7f93897015f0>,26,23,[1 5],27,225,248,198,219
1,<environment.Job instance at 0x7f93cef45410>,28,22,[9 1],29,221,243,192,221
1,<environment.Job instance at 0x7f93d38b0eb0>,1,20,[5 8],2,2,22,0,2
1,<environment.Job instance at 0x7f93cef45820>,2,21,[2 8],3,22,43,19,15
1,<environment.Job instance at 0x7f93cee87af0>,5,22,[ 3 13],6,43,65,37,36
1,<environment.Job instance at 0x7f93cee875a0>,8,28,[9 5],9,65,93,56,64
1,<environment.Job instance at 0x7f9389400b90>,4,28,[ 3 11],5,93,121,88,92
1,<environment.Job instance at 0x7f93cee875f0>,12,23,[5 2],13,93,116,80,93
1,<environment.Job instance at 0x7f93cebe2190>,16,28,[4 7],17,121,149,104,120
1,<environment.Job instance at 0x7f93ceda5820>,13,22,[12  2],14,149,171,135,142
1,<environment.Job instance at 0x7f9389352370>,18,28,[ 4 10],19,171,199,152,170
1,<environment.Job instance at 0x7f9389400fa0>,3,22,[ 2 12],4,199,221,195,192
1,<environment.Job instance at 0x7f93892085a0>,21,27,[14  2],22,221,248,199,219
1,<environment.Job instance at 0x7f93cf2982d0>,4,20,[10  4],5,5,25,0,5
1,<environment.Job instance at 0x7f93cf298fa0>,5,26,[ 5 10],6,6,32,0,6
1,<environment.Job instance at 0x7f93cf298050>,8,26,[14  2],9,32,58,23,29
1,<environment.Job instance at 0x7f93cf2b40f0>,9,27,[ 1 10],10,32,59,22,30
1,<environment.Job instance at 0x7f93cf2b4cd0>,12,26,[11  4],13,58,84,45,55
1,<environment.Job instance at 0x7f93cf2b4960>,14,26,[14  4],15,84,110,69,81
1,<environment.Job instance at 0x7f93cf298b40>,6,27,[ 2 13],7,110,137,103,108
1,<environment.Job instance at 0x7f93cf2b42d0>,16,21,[9 1],17,110,131,93,108
1,<environment.Job instance at 0x7f93890e7e60>,1,28,[2 5],2,2,30,0,2
1,<environment.Job instance at 0x7f93890e7870>,2,22,[14  4],3,30,52,27,23
1,<environment.Job instance at 0x7f93cf028640>,10,23,[14  5],11,52,75,41,46
1,<environment.Job instance at 0x7f93cec09730>,0,22,[5 5],1,1,23,0,1
1,<environment.Job instance at 0x7f93d3e00780>,2,26,[12  4],3,23,49,20,20
1,<environment.Job instance at 0x7f93cedc80f0>,11,25,[9 4],12,49,74,37,45
1,<environment.Job instance at 0x7f93d37bfdc0>,12,23,[ 5 13],13,74,97,61,68
1,<environment.Job instance at 0x7f93cedc8910>,13,26,[2 5],14,97,123,83,94
1,<environment.Job instance at 0x7f93cece12d0>,5,23,[ 3 12],6,123,146,117,117
1,<environment.Job instance at 0x7f93d3b7f910>,15,27,[ 3 13],16,146,173,130,144
1,<environment.Job instance at 0x7f93cedb43c0>,16,26,[ 4 14],17,173,199,156,170
1,<environment.Job instance at 0x7f93cedc8640>,18,24,[6 4],19,199,223,180,194
1,<environment.Job instance at 0x7f93d3b7f1e0>,19,26,[ 4 11],20,199,225,179,196
1,<environment.Job instance at 0x7f93894ab8c0>,20,25,[ 3 13],21,225,250,204,221
1,<environment.Job instance at 0x7f93896eb140>,21,24,[3 9],22,250,274,228,245
1,<environment.Job instance at 0x7f93895e60a0>,22,20,[10  3],23,250,270,227,245
1,<environment.Job instance at 0x7f93d3bac410>,24,25,[2 6],25,270,295,245,266
1,<environment.Job instance at 0x7f93cf030190>,26,22,[4 9],27,274,296,247,267
1,<environment.Job instance at 0x7f93cecaeaa0>,27,23,[ 1 12],28,296,319,268,290
1,<environment.Job instance at 0x7f93cf03dd20>,29,21,[5 8],30,319,340,289,311
1,<environment.Job instance at 0x7f93cf03d2d0>,30,28,[ 4 10],31,340,368,309,339
1,<environment.Job instance at 0x7f93cf03d640>,31,25,[5 3],32,339,364,307,339
1,<environment.Job instance at 0x7f93d3714aa0>,17,20,[14  2],18,368,388,350,361
1,<environment.Job instance at 0x7f9388f4d550>,33,20,[14  1],34,388,408,354,379
1,<environment.Job instance at 0x7f9388f2c280>,34,20,[3 9],35,408,428,373,399
1,<environment.Job instance at 0x7f93896e5af0>,1,23,[5 6],2,2,25,0,2
1,<environment.Job instance at 0x7f938904f1e0>,4,23,[11  2],5,25,48,20,19
1,<environment.Job instance at 0x7f9388f2c690>,2,24,[ 4 14],3,48,72,45,43
1,<environment.Job instance at 0x7f93d36b75f0>,7,27,[ 5 10],8,72,99,64,70
1,<environment.Job instance at 0x7f93d36b7780>,8,28,[13  4],9,99,127,90,98
1,<environment.Job instance at 0x7f93d3c165f0>,0,25,[8 5],1,1,26,0,1
1,<environment.Job instance at 0x7f93cef28550>,5,26,[11  5],6,26,52,20,23
1,<environment.Job instance at 0x7f93cef28320>,6,28,[5 8],7,52,80,45,51
1,<environment.Job instance at 0x7f93cef28af0>,4,22,[11  5],5,80,102,75,73
1,<environment.Job instance at 0x7f93cef28b90>,8,25,[10  5],9,102,127,93,98
1,<environment.Job instance at 0x7f93cef28a00>,7,27,[1 7],8,98,125,90,98
1,<environment.Job instance at 0x7f93cef28780>,10,23,[ 2 11],11,127,150,116,121
1,<environment.Job instance at 0x7f93d3c7f820>,0,23,[ 1 11],1,1,24,0,1
1,<environment.Job instance at 0x7f93d3bfec30>,5,22,[6 5],6,24,46,18,17
1,<environment.Job instance at 0x7f93d388ed70>,6,21,[6 5],7,24,45,17,17
1,<environment.Job instance at 0x7f93d388e500>,7,24,[13  2],8,46,70,38,41
1,<environment.Job instance at 0x7f93d3c7f230>,3,21,[ 4 12],4,70,91,66,62
1,<environment.Job instance at 0x7f93d3bfef50>,4,21,[ 4 12],5,91,112,86,83
1,<environment.Job instance at 0x7f93897144b0>,14,26,[8 1],15,104,130,89,104
1,<environment.Job instance at 0x7f9389400870>,3,25,[ 5 14],4,4,29,0,4
1,<environment.Job instance at 0x7f93d3b08500>,7,23,[6 5],8,29,52,21,23
1,<environment.Job instance at 0x7f93d3b08460>,8,23,[6 4],9,29,52,20,23
1,<environment.Job instance at 0x7f93d3b085a0>,9,23,[6 1],10,52,75,42,46
1,<environment.Job instance at 0x7f93d3b9c140>,0,25,[8 1],1,1,26,0,1
1,<environment.Job instance at 0x7f93d3b9c1e0>,3,25,[ 4 12],4,4,29,0,4
1,<environment.Job instance at 0x7f93d3ba0820>,6,27,[10  1],7,26,53,19,24
1,<environment.Job instance at 0x7f93d3ba0e60>,7,23,[10  1],8,53,76,45,47
1,<environment.Job instance at 0x7f93d3ba0550>,9,26,[10  2],10,76,102,66,73
1,<environment.Job instance at 0x7f93d3ba0d70>,12,24,[14  1],13,102,126,89,97
1,<environment.Job instance at 0x7f93d3a03050>,13,28,[9 3],14,126,154,112,125
1,<environment.Job instance at 0x7f93cef25960>,14,25,[10  1],15,154,179,139,150
1,<environment.Job instance at 0x7f93cef25730>,15,26,[ 2 12],16,150,176,134,150
1,<environment.Job instance at 0x7f93cee2b730>,16,22,[ 1 11],17,176,198,159,169
1,<environment.Job instance at 0x7f93d3ba0c30>,11,20,[ 1 12],12,198,218,186,194
1,<environment.Job instance at 0x7f938906b730>,6,21,[4 8],7,7,28,0,7
1,<environment.Job instance at 0x7f93d3a843c0>,8,22,[12  3],9,28,50,19,21
1,<environment.Job instance at 0x7f72fb5b5370>,1,22,[11  3],2,2,24,0,2
1,<environment.Job instance at 0x7f72fb5f89b0>,2,22,[4 8],3,3,25,0,3
1,<environment.Job instance at 0x7f72eff382d0>,3,26,[11  4],4,24,50,20,21
1,<environment.Job instance at 0x7f72eff38640>,7,25,[6 2],8,50,75,42,46
1,<environment.Job instance at 0x7f72eff386e0>,8,22,[14  3],9,75,97,66,68
1,<environment.Job instance at 0x7f72eff38500>,5,24,[1 5],6,93,117,87,93
1,<environment.Job instance at 0x7f72eff388c0>,11,26,[4 8],12,97,123,85,94
1,<environment.Job instance at 0x7f72eff38960>,12,26,[ 1 12],13,123,149,110,120
1,<environment.Job instance at 0x7f72eff38780>,9,18,[ 2 13],10,392,410,382,392
1,<environment.Job instance at 0x7f72eff38c80>,17,28,[ 5 10],18,410,438,392,409
1,<environment.Job instance at 0x7f72eff38d20>,18,25,[ 4 13],19,438,463,419,434
1,<environment.Job instance at 0x7f72eff38dc0>,19,14,[ 3 11],20,2567,2581,2547,2567
1,<environment.Job instance at 0x7f72eff38e60>,20,27,[13  5],21,2581,2608,2560,2579
1,<environment.Job instance at 0x7f72eff38460>,21,26,[ 5 12],22,2608,2634,2586,2605
1,<environment.Job instance at 0x7f72eff38fa0>,2,20,[13  3],3,3,23,0,3
1,<environment.Job instance at 0x7f72b2320500>,6,27,[2 9],7,7,34,0,7
1,<environment.Job instance at 0x7f72b232a460>,5,27,[5 9],6,34,61,28,32
1,<environment.Job instance at 0x7f72b2320190>,7,21,[11  4],8,61,82,53,53
1,<environment.Job instance at 0x7f72b232a230>,3,21,[ 4 12],4,82,103,78,74
1,<environment.Job instance at 0x7f72b23200a0>,11,28,[2 8],12,103,131,91,102
1,<environment.Job instance at 0x7f72eff38460>,4,20,[5 2],5,102,122,97,102
1,<environment.Job instance at 0x7f72b232df50>,14,21,[ 5 11],15,131,152,116,123
1,<environment.Job instance at 0x7f72b232dc30>,15,26,[ 5 10],16,152,178,136,149
1,<environment.Job instance at 0x7f72b232d2d0>,16,27,[12  4],17,178,205,161,176
1,<environment.Job instance at 0x7f72b232d190>,17,27,[14  3],18,205,232,187,203
1,<environment.Job instance at 0x7f72b2320050>,13,21,[12  2],14,232,253,218,224
1,<environment.Job instance at 0x7f72b21f4910>,1,21,[4 8],2,2,23,0,2
1,<environment.Job instance at 0x7f72b2305f50>,6,28,[6 1],7,7,35,0,7
1,<environment.Job instance at 0x7f72b2305410>,9,27,[ 4 12],10,23,50,13,21
1,<environment.Job instance at 0x7f72b21f4f00>,10,25,[12  4],11,50,75,39,46
1,<environment.Job instance at 0x7f72b21f4230>,3,21,[ 3 14],4,75,96,71,67
1,<environment.Job instance at 0x7f72b23056e0>,11,20,[ 3 14],12,96,116,84,91
1,<environment.Job instance at 0x7f72b2305910>,14,24,[8 4],15,116,140,101,111
1,<environment.Job instance at 0x7f72b2305a50>,16,20,[12  3],17,140,160,123,131
1,<environment.Job instance at 0x7f72b2202af0>,17,25,[13  2],18,160,185,142,156
1,<environment.Job instance at 0x7f72b21ff410>,19,25,[1 6],20,156,181,136,156
1,<environment.Job instance at 0x7f72effa5550>,2,22,[ 5 13],3,3,25,0,3
1,<environment.Job instance at 0x7f72f0bf0910>,5,25,[7 1],6,7,32,1,7
1,<environment.Job instance at 0x7f72f06be5a0>,7,27,[ 5 10],8,25,52,17,23
1,<environment.Job instance at 0x7f72f02f8230>,11,26,[ 4 10],12,52,78,40,49
1,<environment.Job instance at 0x7f72f09d4eb0>,4,28,[2 9],5,78,106,73,77
1,<environment.Job instance at 0x7f72f06dfe10>,12,20,[ 4 11],13,106,126,93,97
1,<environment.Job instance at 0x7f72f0c12230>,14,24,[ 5 11],15,126,150,111,121
1,<environment.Job instance at 0x7f72f0024b90>,15,25,[7 3],16,121,146,105,121
1,<environment.Job instance at 0x7f72f06aadc0>,8,20,[ 3 13],9,150,170,141,146
1,<environment.Job instance at 0x7f72f027d820>,0,21,[5 2],1,1,22,0,1
1,<environment.Job instance at 0x7f72f0363640>,1,23,[ 4 11],2,2,25,0,2
1,<environment.Job instance at 0x7f72efd232d0>,8,25,[14  5],9,25,50,16,21
1,<environment.Job instance at 0x7f72f05b51e0>,9,27,[6 1],10,50,77,40,48
1,<environment.Job instance at 0x7f72f06aadc0>,2,26,[ 3 14],3,50,76,47,49
1,<environment.Job instance at 0x7f72f027d870>,4,19,[ 4 11],5,76,95,71,66
1,<environment.Job instance at 0x7f72f0a050f0>,14,22,[9 4],15,77,99,62,70
1,<environment.Job instance at 0x7f72f0a05d70>,15,27,[12  1],16,99,126,83,97
1,<environment.Job instance at 0x7f72b25f1140>,16,22,[11  5],17,126,148,109,119
1,<environment.Job instance at 0x7f72f09fb5f0>,18,22,[ 3 14],19,148,170,129,141
1,<environment.Job instance at 0x7f72f09fb640>,19,26,[2 7],20,170,196,150,167
1,<environment.Job instance at 0x7f72f09fbcd0>,20,23,[10  3],21,170,193,149,167
1,<environment.Job instance at 0x7f72b25cbb90>,6,12,[11  1],7,753,765,746,753
1,<environment.Job instance at 0x7f72efdbadc0>,22,23,[13  2],23,765,788,742,759
1,<environment.Job instance at 0x7f72b25d0500>,23,25,[4 5],24,788,813,764,784
1,<environment.Job instance at 0x7f72b25d0140>,24,21,[14  1],25,813,834,788,805
1,<environment.Job instance at 0x7f72f0a0c5f0>,25,18,[11  1],26,924,942,898,924
1,<environment.Job instance at 0x7f72f0a0c820>,26,19,[ 3 12],27,924,943,897,924
1,<environment.Job instance at 0x7f72efd4c780>,0,26,[13  5],1,1,27,0,1
1,<environment.Job instance at 0x7f72f03700a0>,2,25,[4 9],3,27,52,24,23
1,<environment.Job instance at 0x7f72b2527050>,7,28,[9 2],8,27,55,19,26
1,<environment.Job instance at 0x7f72f062b910>,8,28,[12  3],9,55,83,46,54
1,<environment.Job instance at 0x7f72b22d5370>,0,22,[ 1 14],1,1,23,0,1
1,<environment.Job instance at 0x7f72f0b19eb0>,4,27,[11  4],5,23,50,18,21
1,<environment.Job instance at 0x7f72b2189730>,6,28,[8 1],7,50,78,43,49
1,<environment.Job instance at 0x7f72b24700a0>,8,23,[ 3 14],9,50,73,41,49
1,<environment.Job instance at 0x7f72b2470140>,9,27,[ 4 13],10,73,100,63,71
1,<environment.Job instance at 0x7f72b24707d0>,13,20,[9 2],14,78,98,64,78
1,<environment.Job instance at 0x7f72b2872a50>,15,27,[10  2],16,98,125,82,96
1,<environment.Job instance at 0x7f72b2872c30>,16,27,[13  1],17,125,152,108,123
1,<environment.Job instance at 0x7f72f0002d20>,17,22,[2 8],18,123,145,105,123
1,<environment.Job instance at 0x7f72b2231320>,18,26,[12  3],19,152,178,133,149
1,<environment.Job instance at 0x7f72b22345a0>,22,26,[5 5],23,178,204,155,175
1,<environment.Job instance at 0x7f72b24703c0>,10,22,[12  5],11,204,226,193,197
1,<environment.Job instance at 0x7f72eff01320>,25,25,[ 2 10],26,215,240,189,215
1,<environment.Job instance at 0x7f72b26b3d20>,30,21,[9 1],31,226,247,195,221
1,<environment.Job instance at 0x7f72efca7f00>,21,25,[ 4 12],22,240,265,218,236
1,<environment.Job instance at 0x7f72efe59e10>,36,25,[9 4],37,265,290,228,261
1,<environment.Job instance at 0x7f72efea9d70>,37,25,[12  3],38,290,315,252,286
1,<environment.Job instance at 0x7f72eff80e10>,38,26,[ 3 10],39,286,312,247,286
1,<environment.Job instance at 0x7f72f02959b0>,41,27,[ 5 14],42,315,342,273,313
1,<environment.Job instance at 0x7f72fb728280>,20,23,[13  4],21,342,365,321,336
1,<environment.Job instance at 0x7f72b2579aa0>,31,19,[ 3 11],32,365,384,333,358
1,<environment.Job instance at 0x7f72f0295dc0>,44,20,[12  3],45,379,399,334,379
1,<environment.Job instance at 0x7f72f0295280>,46,26,[13  3],47,399,425,352,396
1,<environment.Job instance at 0x7f72f0295b90>,47,23,[9 5],48,425,448,377,419
1,<environment.Job instance at 0x7f72f02955a0>,48,27,[7 3],49,448,475,399,446
1,<environment.Job instance at 0x7f72f0295d70>,49,22,[3 9],50,446,468,396,446
1,<environment.Job instance at 0x7f72f02f3500>,2,23,[6 1],3,3,26,0,3
1,<environment.Job instance at 0x7f72b266dfa0>,8,26,[1 8],9,9,35,0,9
1,<environment.Job instance at 0x7f72b266dbe0>,10,26,[ 2 10],11,37,63,26,37
1,<environment.Job instance at 0x7f72b257e050>,3,19,[12  4],4,45,64,41,45
1,<environment.Job instance at 0x7f72b219f550>,15,26,[ 5 13],16,64,90,48,61
1,<environment.Job instance at 0x7f72f0750780>,1,20,[10  3],2,2,22,0,2
1,<environment.Job instance at 0x7f72b219f320>,2,27,[7 2],3,22,49,19,20
1,<environment.Job instance at 0x7f72f03d5820>,4,21,[10  1],5,49,70,44,41
1,<environment.Job instance at 0x7f72b229c4b0>,7,22,[13  4],8,70,92,62,63
1,<environment.Job instance at 0x7f72b229c690>,9,25,[12  1],10,92,117,82,88
1,<environment.Job instance at 0x7f72b229c500>,10,26,[12  2],11,117,143,106,114
1,<environment.Job instance at 0x7f72b229c0a0>,11,25,[4 8],12,143,168,131,139
1,<environment.Job instance at 0x7f72b229caa0>,8,18,[ 5 12],9,2738,2756,2729,2738
1,<environment.Job instance at 0x7f72b229ca50>,14,22,[6 2],15,2738,2760,2723,2738
1,<environment.Job instance at 0x7f72f0ae68c0>,15,26,[2 8],16,2756,2782,2740,2753
1,<environment.Job instance at 0x7f72b26bf640>,16,23,[4 7],17,2760,2783,2743,2754
1,<environment.Job instance at 0x7f72b27bb140>,3,23,[10  3],4,4,27,0,4
1,<environment.Job instance at 0x7f72b27bbdc0>,4,24,[ 5 11],5,5,29,0,5
1,<environment.Job instance at 0x7f72eff520f0>,6,25,[5 8],7,29,54,22,25
1,<environment.Job instance at 0x7f72b259f550>,5,22,[4 9],6,54,76,48,47
1,<environment.Job instance at 0x7f72f05e8aa0>,11,25,[7 1],12,50,75,38,50
1,<environment.Job instance at 0x7f72b25cb820>,14,21,[5 6],15,75,96,60,67
1,<environment.Job instance at 0x7f72f0344c80>,15,28,[ 3 11],16,96,124,80,95
1,<environment.Job instance at 0x7f72f0344230>,16,23,[5 1],17,95,118,78,95
1,<environment.Job instance at 0x7f72b271f280>,10,25,[ 1 14],11,124,149,113,120
1,<environment.Job instance at 0x7f72f06d1730>,18,28,[6 3],19,149,177,130,148
1,<environment.Job instance at 0x7f72b280ca00>,0,27,[ 4 10],1,1,28,0,1
1,<environment.Job instance at 0x7f72f0203f00>,1,27,[9 3],2,2,29,0,2
1,<environment.Job instance at 0x7f72b280cc80>,4,27,[12  1],5,29,56,24,27
1,<environment.Job instance at 0x7f72f034f7d0>,8,24,[1 7],9,28,52,19,27
1,<environment.Job instance at 0x7f72f034faf0>,10,26,[12  5],11,56,82,45,53
1,<environment.Job instance at 0x7f72f034f3c0>,7,20,[14  5],8,82,102,74,73
1,<environment.Job instance at 0x7f72f034f320>,12,28,[13  2],13,102,130,89,101
1,<environment.Job instance at 0x7f72f05de1e0>,2,19,[ 1 11],3,107,126,104,107
1,<environment.Job instance at 0x7f72f01b6050>,14,28,[ 5 14],15,130,158,115,129
1,<environment.Job instance at 0x7f72f034f5a0>,16,22,[10  2],17,158,180,141,151
1,<environment.Job instance at 0x7f72f034f410>,5,19,[14  2],6,180,199,174,170
1,<environment.Job instance at 0x7f72efe74d70>,19,26,[ 5 12],20,199,225,179,196
1,<environment.Job instance at 0x7f72efe74c80>,20,26,[10  2],21,199,225,178,196
1,<environment.Job instance at 0x7f72efe63b90>,22,21,[13  4],23,225,246,202,217
1,<environment.Job instance at 0x7f72efe75f50>,23,20,[ 2 11],24,225,245,201,217
1,<environment.Job instance at 0x7f72efe75320>,25,22,[8 4],26,246,268,220,239
1,<environment.Job instance at 0x7f72efd65f50>,1,19,[12  3],2,2,21,0,2
1,<environment.Job instance at 0x7f72f0728910>,2,25,[2 6],3,3,28,0,3
1,<environment.Job instance at 0x7f72efd65e10>,4,25,[10  3],5,21,46,16,17
1,<environment.Job instance at 0x7f72eff38f50>,5,28,[4 6],6,28,56,22,27
1,<environment.Job instance at 0x7f72eff38e10>,8,23,[ 1 10],9,56,79,47,50
1,<environment.Job instance at 0x7f72eff38410>,11,28,[4 7],12,79,107,67,78
1,<environment.Job instance at 0x7f72eff38f00>,13,24,[11  4],14,78,102,64,78
1,<environment.Job instance at 0x7f72eff38b90>,14,21,[13  3],15,107,128,92,99
1,<environment.Job instance at 0x7f72eff38be0>,17,24,[11  4],18,128,152,110,123
1,<environment.Job instance at 0x7f72f050f550>,19,22,[3 7],20,128,150,108,123
1,<environment.Job instance at 0x7f72b24fea00>,0,19,[6 4],1,2,21,1,2
1,<environment.Job instance at 0x7f72f01765f0>,5,21,[11  3],6,21,42,15,13
1,<environment.Job instance at 0x7f72f050f8c0>,2,26,[ 2 14],3,42,68,39,39
1,<environment.Job instance at 0x7f72b24fe5f0>,4,19,[10  1],5,58,77,53,58
1,<environment.Job instance at 0x7f72b24fefa0>,1,12,[ 3 11],2,216,228,214,216
1,<environment.Job instance at 0x7f72f09bc410>,11,22,[8 4],12,216,238,204,216
1,<environment.Job instance at 0x7f72f09bc7d0>,12,20,[8 4],13,238,258,225,229
1,<environment.Job instance at 0x7f72b27e8690>,0,23,[ 5 14],1,1,24,0,1
1,<environment.Job instance at 0x7f72f05db7d0>,1,28,[9 3],2,24,52,22,23
1,<environment.Job instance at 0x7f72b24bb910>,6,26,[13  3],7,52,78,45,49
1,<environment.Job instance at 0x7f72efd97550>,9,22,[5 1],10,78,100,68,71
1,<environment.Job instance at 0x7f72efd97aa0>,10,20,[ 4 14],11,78,98,67,71
1,<environment.Job instance at 0x7f72f0093640>,12,23,[ 5 12],13,98,121,85,92
1,<environment.Job instance at 0x7f72f00932d0>,13,24,[14  4],14,121,145,107,116
1,<environment.Job instance at 0x7f72f03cd320>,17,21,[ 5 13],18,145,166,127,137
1,<environment.Job instance at 0x7f72f0216f50>,19,22,[12  4],20,166,188,146,159
1,<environment.Job instance at 0x7f72b25ce410>,20,27,[ 1 13],21,188,215,167,186
1,<environment.Job instance at 0x7f72efd88af0>,0,24,[12  5],1,1,25,0,1
1,<environment.Job instance at 0x7f72efd88c30>,4,26,[9 4],5,25,51,20,22
1,<environment.Job instance at 0x7f72f05911e0>,6,27,[5 5],7,25,52,18,23
1,<environment.Job instance at 0x7f72b24abeb0>,7,26,[ 4 12],8,52,78,44,49
1,<environment.Job instance at 0x7f72f065e690>,8,28,[ 2 10],9,78,106,69,77
1,<environment.Job instance at 0x7f72b25ce500>,1,22,[12  2],2,78,100,76,77
1,<environment.Job instance at 0x7f72f05910a0>,11,12,[11  2],12,621,633,609,621
1,<environment.Job instance at 0x7f72f02c6a50>,12,27,[3 7],13,621,648,608,621
1,<environment.Job instance at 0x7f72f02c67d0>,13,22,[ 1 11],14,648,670,634,641
1,<environment.Job instance at 0x7f72b2236410>,0,27,[14  2],1,1,28,0,1
1,<environment.Job instance at 0x7f72f0bc1730>,0,25,[12  3],1,1,26,0,1
1,<environment.Job instance at 0x7f72f0bc12d0>,4,28,[3 7],5,5,33,0,5
1,<environment.Job instance at 0x7f72b288b410>,6,28,[14  3],7,33,61,26,32
1,<environment.Job instance at 0x7f72f0bc1cd0>,8,24,[12  2],9,61,85,52,56
1,<environment.Job instance at 0x7f72f0605c30>,9,22,[7 3],10,85,107,75,78
1,<environment.Job instance at 0x7f72f0bc17d0>,3,23,[ 4 14],4,107,130,103,101
1,<environment.Job instance at 0x7f72f06053c0>,13,25,[ 5 14],14,130,155,116,126
1,<environment.Job instance at 0x7f72f0bc10f0>,7,19,[4 8],8,155,174,147,145
1,<environment.Job instance at 0x7f72b1f83460>,0,25,[8 1],1,1,26,0,1
1,<environment.Job instance at 0x7f72b1f83910>,3,25,[ 4 12],4,4,29,0,4
1,<environment.Job instance at 0x7f72efef4050>,6,27,[10  1],7,26,53,19,24
1,<environment.Job instance at 0x7f72efef41e0>,7,23,[10  1],8,53,76,45,47
1,<environment.Job instance at 0x7f72efef4320>,9,26,[10  2],10,76,102,66,73
1,<environment.Job instance at 0x7f72efef43c0>,10,22,[5 3],11,73,95,62,73
1,<environment.Job instance at 0x7f72efef4500>,12,24,[14  1],13,102,126,89,97
1,<environment.Job instance at 0x7f72efef45a0>,13,28,[9 3],14,126,154,112,125
1,<environment.Job instance at 0x7f72efef4640>,14,25,[10  1],15,154,179,139,150
1,<environment.Job instance at 0x7f72efef46e0>,15,26,[ 2 12],16,150,176,134,150
1,<environment.Job instance at 0x7f72efef4780>,16,22,[ 1 11],17,176,198,159,170
1,<environment.Job instance at 0x7f72efef4460>,11,20,[ 1 12],12,198,218,186,189
1,<environment.Job instance at 0x7f72b2114550>,0,21,[6 4],1,1,22,0,1
1,<environment.Job instance at 0x7f72f022e960>,5,22,[3 6],6,6,28,0,6
1,<environment.Job instance at 0x7f72f022e1e0>,6,24,[3 9],7,22,46,15,17
1,<environment.Job instance at 0x7f72f022e3c0>,7,28,[5 3],8,28,56,20,27
1,<environment.Job instance at 0x7f72f022ec80>,8,24,[11  4],9,56,80,47,51
1,<environment.Job instance at 0x7f72efef4910>,1,24,[13  3],2,80,104,78,75
1,<environment.Job instance at 0x7f72f022e730>,10,28,[13  2],11,104,132,93,103
1,<environment.Job instance at 0x7f72f022e190>,11,22,[7 5],12,132,154,120,125
1,<environment.Job instance at 0x7f72b2603eb0>,12,24,[3 6],13,132,156,119,127
1,<environment.Job instance at 0x7f72b2603870>,14,24,[7 4],15,154,178,139,149
1,<environment.Job instance at 0x7f72b2603640>,13,25,[14  1],14,178,203,164,174
1,<environment.Job instance at 0x7f72b2603f00>,16,25,[8 4],17,203,228,186,199
1,<environment.Job instance at 0x7f72f022ee60>,9,27,[ 1 14],10,228,255,218,226
1,<environment.Job instance at 0x7f72fb72d0a0>,18,24,[ 5 11],19,255,279,236,250
1,<environment.Job instance at 0x7f72fb72db90>,0,27,[13  4],1,1,28,0,1
1,<environment.Job instance at 0x7f72e17318c0>,2,26,[2 7],3,3,29,0,3
1,<environment.Job instance at 0x7f72b2181fa0>,9,27,[12  2],10,28,55,18,26
1,<environment.Job instance at 0x7f72f088b460>,12,27,[8 4],13,55,82,42,53
1,<environment.Job instance at 0x7f72b22f34b0>,8,20,[ 2 13],9,82,102,73,73
1,<environment.Job instance at 0x7fa1a524c370>,1,22,[11  3],2,2,24,0,2
1,<environment.Job instance at 0x7fa1a524c230>,2,22,[4 8],3,3,25,0,3
1,<environment.Job instance at 0x7fa19fe3c2d0>,3,26,[11  4],4,24,50,20,21
1,<environment.Job instance at 0x7fa19fe3c640>,7,25,[6 2],8,50,75,42,46
1,<environment.Job instance at 0x7fa19fe3c6e0>,8,22,[14  3],9,75,97,66,68
1,<environment.Job instance at 0x7fa19fe3c500>,5,24,[1 5],6,68,92,62,68
1,<environment.Job instance at 0x7fa1a524c190>,4,21,[1 6],5,92,113,87,84
1,<environment.Job instance at 0x7fa19fe3c8c0>,11,26,[4 8],12,97,123,85,94
1,<environment.Job instance at 0x7fa19fe3c960>,12,26,[ 1 12],13,123,149,110,120
1,<environment.Job instance at 0x7fa19fe3c780>,9,18,[ 2 13],10,479,497,469,479
1,<environment.Job instance at 0x7fa19fe3cc80>,17,28,[ 5 10],18,497,525,479,496
1,<environment.Job instance at 0x7fa19fe3cd20>,18,25,[ 4 13],19,525,550,506,521
1,<environment.Job instance at 0x7fa19fde2d20>,1,28,[2 8],2,2,30,0,2
1,<environment.Job instance at 0x7fa15a238730>,5,26,[ 5 10],6,30,56,24,27
1,<environment.Job instance at 0x7fa15a238050>,6,27,[12  4],7,56,83,49,54
1,<environment.Job instance at 0x7fa15a238190>,7,27,[14  3],8,83,110,75,81
1,<environment.Job instance at 0x7fa15a2386e0>,4,21,[ 5 11],5,110,131,105,102
1,<environment.Job instance at 0x7fa19fe3cd20>,3,21,[12  2],4,131,152,127,123
1,<environment.Job instance at 0x7fa15a238c30>,12,25,[11  2],13,152,177,139,148
1,<environment.Job instance at 0x7fa15a2384b0>,14,28,[8 4],15,177,205,162,176
1,<environment.Job instance at 0x7fa15a236140>,16,20,[12  1],17,205,225,188,196
1,<environment.Job instance at 0x7fa15a086d20>,1,26,[1 9],2,2,28,0,2
1,<environment.Job instance at 0x7fa15a086820>,2,27,[14  4],3,3,30,0,3
1,<environment.Job instance at 0x7fa15a086b90>,6,23,[12  4],7,30,53,23,24
1,<environment.Job instance at 0x7fa1a02e11e0>,7,25,[9 2],8,53,78,45,49
1,<environment.Job instance at 0x7fa15a0862d0>,4,25,[13  3],5,78,103,73,74
1,<environment.Job instance at 0x7fa15a0f91e0>,10,23,[7 4],11,103,126,92,97
1,<environment.Job instance at 0x7fa15a0f95a0>,11,22,[5 9],12,103,125,91,97
1,<environment.Job instance at 0x7fa15a086f00>,8,20,[11  2],9,126,146,117,117
1,<environment.Job instance at 0x7fa15a0f9aa0>,14,20,[3 8],15,125,145,110,117
1,<environment.Job instance at 0x7fa15a0f9960>,15,26,[ 3 12],16,145,171,129,142
1,<environment.Job instance at 0x7fa15a0f99b0>,13,22,[ 1 12],14,171,193,157,167
1,<environment.Job instance at 0x7fa15a0f9cd0>,17,24,[13  5],18,193,217,175,188
1,<environment.Job instance at 0x7fa15a0f9b40>,16,27,[ 2 14],17,217,244,200,215
1,<environment.Job instance at 0x7fa15a0a8aa0>,20,22,[ 5 12],21,244,266,223,237
1,<environment.Job instance at 0x7fa15a0a85a0>,19,21,[13  4],20,266,287,246,258
1,<environment.Job instance at 0x7fa15a493e60>,1,20,[10  5],2,2,22,0,2
1,<environment.Job instance at 0x7fa1a28ce4b0>,4,25,[13  4],5,22,47,17,18
1,<environment.Job instance at 0x7fa19fe9abe0>,7,22,[13  4],8,47,69,39,40
1,<environment.Job instance at 0x7fa1a0139a50>,9,24,[ 2 14],10,69,93,59,64
1,<environment.Job instance at 0x7fa1a259aaa0>,10,28,[2 7],11,93,121,82,92
1,<environment.Job instance at 0x7fa15a77c3c0>,1,27,[ 1 11],2,3,30,1,3
1,<environment.Job instance at 0x7fa1a259a050>,3,26,[11  2],4,4,30,0,4
1,<environment.Job instance at 0x7fa15a466af0>,6,24,[9 2],7,30,54,23,25
1,<environment.Job instance at 0x7fa1a24f02d0>,10,26,[ 4 14],11,54,80,43,51
1,<environment.Job instance at 0x7fa1a24f0fa0>,7,27,[ 5 14],8,80,107,72,78
1,<environment.Job instance at 0x7fa15a45e2d0>,15,23,[ 4 11],16,107,130,91,101
1,<environment.Job instance at 0x7fa19fcbe730>,9,20,[ 2 13],10,130,150,120,121
1,<environment.Job instance at 0x7fa15a4d5140>,16,21,[ 5 14],17,150,171,133,142
1,<environment.Job instance at 0x7fa1a0270460>,2,26,[ 1 13],3,5,31,2,5
1,<environment.Job instance at 0x7fa1a021dd20>,5,24,[ 5 12],6,31,55,25,26
1,<environment.Job instance at 0x7fa1a021d910>,7,21,[2 5],8,55,76,47,47
1,<environment.Job instance at 0x7fa1a021d3c0>,8,19,[7 2],9,47,66,38,47
1,<environment.Job instance at 0x7fa1a021d460>,9,20,[3 9],10,66,86,56,57
1,<environment.Job instance at 0x7fa1a021d280>,11,24,[4 5],12,76,100,64,71
1,<environment.Job instance at 0x7fa1a021dfa0>,6,22,[ 3 14],7,100,122,93,93
1,<environment.Job instance at 0x7fa1a0366cd0>,14,25,[ 5 10],15,122,147,107,118
1,<environment.Job instance at 0x7fa19fff3c80>,9,25,[9 4],10,23,48,13,23
1,<environment.Job instance at 0x7fa1a281dfa0>,4,28,[7 1],5,5,33,0,5
1,<environment.Job instance at 0x7fa19fff35f0>,5,23,[ 5 13],6,6,29,0,6
1,<environment.Job instance at 0x7fa19fc01eb0>,7,28,[ 1 10],8,29,57,21,28
1,<environment.Job instance at 0x7fa19fc01fa0>,8,25,[ 2 12],9,57,82,48,53
1,<environment.Job instance at 0x7fa1a25dc0f0>,10,28,[10  3],11,53,81,42,53
1,<environment.Job instance at 0x7fa1a25dc140>,11,23,[11  2],12,81,104,69,75
1,<environment.Job instance at 0x7fa1a25dc190>,13,22,[3 5],14,82,104,68,77
1,<environment.Job instance at 0x7fa1a25dc280>,14,27,[1 7],15,82,109,67,80
1,<environment.Job instance at 0x7fa1a23f8690>,0,27,[ 5 13],1,1,28,0,1
1,<environment.Job instance at 0x7fa1a23f8be0>,8,24,[2 6],9,28,52,19,23
1,<environment.Job instance at 0x7fa1a4e515f0>,9,21,[1 9],10,28,49,18,23
1,<environment.Job instance at 0x7fa15a7d7320>,11,27,[2 5],12,49,76,37,47
1,<environment.Job instance at 0x7fa19fe75dc0>,12,25,[ 2 12],13,76,101,63,72
1,<environment.Job instance at 0x7fa15a7d71e0>,13,24,[ 2 10],14,101,125,87,96
1,<environment.Job instance at 0x7fa15a4db8c0>,14,23,[7 1],15,96,119,81,96
1,<environment.Job instance at 0x7fa19fd4e8c0>,15,23,[11  3],16,119,142,103,113
1,<environment.Job instance at 0x7fa15a4db9b0>,17,24,[12  4],18,142,166,124,137
1,<environment.Job instance at 0x7fa19fe176e0>,7,24,[14  3],8,166,190,158,161
1,<environment.Job instance at 0x7fa19fcf95a0>,22,28,[ 5 13],23,190,218,167,189
1,<environment.Job instance at 0x7fa15a4dbb90>,16,26,[ 1 13],17,218,244,201,215
1,<environment.Job instance at 0x7fa1a00f9370>,24,27,[6 4],25,244,271,219,242
1,<environment.Job instance at 0x7fa15a4dbb40>,19,27,[ 1 14],20,271,298,251,269
1,<environment.Job instance at 0x7fa1a2526c30>,30,25,[1 6],31,298,323,267,294
1,<environment.Job instance at 0x7fa15a78a4b0>,31,20,[11  1],32,294,314,262,294
1,<environment.Job instance at 0x7fa15a78abe0>,32,21,[2 8],33,298,319,265,294
1,<environment.Job instance at 0x7fa1a002d5a0>,35,12,[ 1 13],36,477,489,441,477
1,<environment.Job instance at 0x7fa1a002d5f0>,36,23,[1 5],37,489,512,452,483
1,<environment.Job instance at 0x7fa1a002daa0>,2,23,[5 2],3,3,26,0,3
1,<environment.Job instance at 0x7fa159f25820>,6,28,[4 7],7,7,35,0,7
1,<environment.Job instance at 0x7fa15a1d4c80>,3,22,[12  2],4,35,57,31,28
1,<environment.Job instance at 0x7fa15a77b3c0>,8,28,[ 4 10],9,57,85,48,56
1,<environment.Job instance at 0x7fa15a387460>,11,27,[14  2],12,85,112,73,83
1,<environment.Job instance at 0x7fa15a49f820>,14,21,[8 5],15,112,133,97,104
1,<environment.Job instance at 0x7fa15a49fe60>,16,25,[ 4 13],17,133,158,116,129
1,<environment.Job instance at 0x7fa15a49f140>,17,20,[13  1],18,158,178,140,158
1,<environment.Job instance at 0x7fa15a49f9b0>,18,27,[10  4],19,178,205,159,176
1,<environment.Job instance at 0x7fa15a437870>,21,24,[ 4 10],22,178,202,156,176
1,<environment.Job instance at 0x7fa19fdcefa0>,22,26,[ 4 13],23,205,231,182,202
1,<environment.Job instance at 0x7fa19fe75b40>,24,23,[7 4],25,231,254,206,225
1,<environment.Job instance at 0x7fa1a0051460>,25,23,[5 6],26,231,254,205,225
1,<environment.Job instance at 0x7fa1a28ceaf0>,27,25,[ 5 14],28,254,279,226,250
1,<environment.Job instance at 0x7fa1a01f6a50>,30,27,[ 5 11],31,279,306,248,277
1,<environment.Job instance at 0x7fa15a5be640>,33,27,[5 6],34,306,333,272,304
1,<environment.Job instance at 0x7fa15a5be460>,35,20,[4 6],36,306,326,270,304
1,<environment.Job instance at 0x7fa15a3c87d0>,36,26,[ 2 12],37,333,359,296,330
1,<environment.Job instance at 0x7fa1a02ddb90>,38,22,[9 2],39,336,358,297,336
1,<environment.Job instance at 0x7fa1a02dda00>,39,28,[6 5],40,359,387,319,358
1,<environment.Job instance at 0x7fa15a5e4d20>,1,24,[7 3],2,2,26,0,2
1,<environment.Job instance at 0x7fa1a00c36e0>,7,21,[2 8],8,11,32,3,11
1,<environment.Job instance at 0x7fa1a00c34b0>,8,28,[13  5],9,26,54,17,25
1,<environment.Job instance at 0x7fa1a00c3cd0>,9,24,[11  2],10,54,78,44,49
1,<environment.Job instance at 0x7fa19feb7690>,13,21,[9 2],14,78,99,64,70
1,<environment.Job instance at 0x7fa19feb7730>,14,25,[14  2],15,99,124,84,95
1,<environment.Job instance at 0x7fa19fc40fa0>,2,20,[ 3 14],3,124,144,121,115
1,<environment.Job instance at 0x7fa15a1542d0>,11,19,[ 4 12],12,144,163,132,135
1,<environment.Job instance at 0x7fa15a398500>,18,26,[ 5 14],19,163,189,144,160
1,<environment.Job instance at 0x7fa15a398690>,19,20,[7 3],20,189,209,169,180
1,<environment.Job instance at 0x7fa15a7ef230>,3,26,[ 3 14],4,4,30,0,4
1,<environment.Job instance at 0x7fa15a7ef780>,5,26,[ 1 11],6,30,56,24,27
1,<environment.Job instance at 0x7fa15a7f4f50>,8,21,[ 5 12],9,56,77,47,48
1,<environment.Job instance at 0x7fa15a7f48c0>,10,19,[5 2],11,48,67,37,48
1,<environment.Job instance at 0x7fa15a7f4730>,11,28,[13  4],12,77,105,65,76
1,<environment.Job instance at 0x7fa15a414c80>,3,22,[ 5 12],4,4,26,0,4
1,<environment.Job instance at 0x7fa15a414730>,6,28,[5 7],7,26,54,19,25
1,<environment.Job instance at 0x7fa19fff1cd0>,0,19,[ 4 10],1,54,73,53,46
1,<environment.Job instance at 0x7fa15a4148c0>,8,27,[10  4],9,46,73,37,46
1,<environment.Job instance at 0x7fa159e862d0>,7,22,[13  2],8,73,95,65,66
1,<environment.Job instance at 0x7fa1a0306e10>,11,28,[11  5],12,95,123,83,94
1,<environment.Job instance at 0x7fa18ab1c550>,1,20,[ 4 14],2,123,143,121,115
1,<environment.Job instance at 0x7fa1a2380910>,14,22,[7 4],15,143,165,128,136
1,<environment.Job instance at 0x7fa1a2380870>,15,25,[13  1],16,165,190,149,161
1,<environment.Job instance at 0x7fa19fff13c0>,2,22,[12  2],3,190,212,187,183
1,<environment.Job instance at 0x7fa15a7f47d0>,4,21,[11  2],5,212,233,207,204
1,<environment.Job instance at 0x7fa19fd2a640>,0,24,[3 9],1,1,25,0,1
1,<environment.Job instance at 0x7fa15a414af0>,1,22,[9 4],2,2,24,0,2
1,<environment.Job instance at 0x7fa1a0322fa0>,3,27,[4 6],4,24,51,20,22
1,<environment.Job instance at 0x7fa1a0308190>,6,26,[13  5],7,51,77,44,48
1,<environment.Job instance at 0x7fa19fd2a5a0>,4,26,[ 4 10],5,77,103,72,74
1,<environment.Job instance at 0x7fa1a03082d0>,8,27,[ 3 12],9,103,130,94,101
1,<environment.Job instance at 0x7fa1a0308550>,12,28,[ 1 13],13,130,158,117,129
1,<environment.Job instance at 0x7fa1a0308690>,14,25,[12  2],15,129,154,114,129
1,<environment.Job instance at 0x7fa1a03087d0>,16,27,[ 5 14],17,158,185,141,156
1,<environment.Job instance at 0x7fa1a0308910>,18,19,[13  2],19,193,212,174,193
1,<environment.Job instance at 0x7fa19fca92d0>,1,27,[11  3],2,2,29,0,2
1,<environment.Job instance at 0x7fa159ed61e0>,8,26,[11  5],9,29,55,20,26
1,<environment.Job instance at 0x7fa15a7c6730>,0,21,[12  1],1,1,22,0,1
1,<environment.Job instance at 0x7fa15a7c6f00>,3,24,[9 3],4,22,46,18,17
1,<environment.Job instance at 0x7fa15a7c6640>,4,21,[5 6],5,22,43,17,17
1,<environment.Job instance at 0x7fa15a7c6a00>,6,24,[14  2],7,46,70,39,41
1,<environment.Job instance at 0x7fa159fa2eb0>,9,23,[ 4 13],10,70,93,60,64
1,<environment.Job instance at 0x7fa159fa2500>,8,23,[ 4 14],9,93,116,84,87
1,<environment.Job instance at 0x7fa159fa2690>,12,24,[10  5],13,116,140,103,111
1,<environment.Job instance at 0x7fa159fa20f0>,13,22,[5 8],14,116,138,102,111
1,<environment.Job instance at 0x7fa19fc01d20>,0,21,[11  1],1,1,22,0,1
1,<environment.Job instance at 0x7fa19fc01140>,3,24,[7 5],4,22,46,18,17
1,<environment.Job instance at 0x7fa1a2875b40>,7,25,[8 1],8,22,47,14,18
1,<environment.Job instance at 0x7fa1a2875e10>,10,24,[9 5],11,47,71,36,42
1,<environment.Job instance at 0x7fa1a286d370>,11,21,[12  1],12,71,92,59,63
1,<environment.Job instance at 0x7fa1a286d500>,12,28,[1 8],13,63,91,50,63
1,<environment.Job instance at 0x7fa1a286d5f0>,13,27,[ 3 13],14,91,118,77,89
1,<environment.Job instance at 0x7fa1a2875be0>,6,21,[11  3],7,118,139,111,110
1,<environment.Job instance at 0x7fa1a2890f00>,17,21,[13  3],18,139,160,121,131
1,<environment.Job instance at 0x7fa1a2890050>,18,25,[13  5],19,160,185,141,156
1,<environment.Job instance at 0x7fa1a2890d20>,19,25,[6 4],20,185,210,165,181
1,<environment.Job instance at 0x7fa1a2890dc0>,20,25,[8 1],21,185,210,164,181
1,<environment.Job instance at 0x7fa1a286d0a0>,14,27,[ 3 14],15,210,237,195,208
1,<environment.Job instance at 0x7fa1a2890320>,23,25,[ 4 12],24,237,262,213,233
1,<environment.Job instance at 0x7fa1a289c280>,26,27,[10  1],27,234,261,207,234
1,<environment.Job instance at 0x7fa1a289ceb0>,27,23,[10  1],28,261,284,233,255
1,<environment.Job instance at 0x7fa1a00915a0>,29,26,[10  2],30,284,310,254,281
1,<environment.Job instance at 0x7fa1a517afa0>,30,22,[5 3],31,281,303,250,281
1,<environment.Job instance at 0x7fa1a2792370>,31,20,[ 1 12],32,303,323,271,301
1,<environment.Job instance at 0x7fa1a01c4b40>,32,24,[14  1],33,310,334,277,310
1,<environment.Job instance at 0x7fa15a7f4230>,33,28,[9 3],34,334,362,300,333
1,<environment.Job instance at 0x7fa19fbb6b90>,34,25,[10  1],35,362,387,327,358
1,<environment.Job instance at 0x7fa1a287ae60>,35,26,[ 2 12],36,358,384,322,358
1,<environment.Job instance at 0x7fa19fbcbdc0>,36,22,[ 1 11],37,384,406,347,377
1,<environment.Job instance at 0x7fa15a08c910>,6,21,[4 8],7,7,28,0,7
1,<environment.Job instance at 0x7fa159f53550>,8,22,[12  3],9,28,50,19,21
1,<environment.Job instance at 0x7fa1a00850f0>,0,27,[13  4],1,1,28,0,1
1,<environment.Job instance at 0x7fa15a34e140>,3,23,[1 8],4,5,28,1,5
1,<environment.Job instance at 0x7fa1a2390cd0>,7,23,[ 1 10],8,28,51,20,22
1,<environment.Job instance at 0x7fa1a2390550>,9,27,[12  2],10,28,55,18,26
1,<environment.Job instance at 0x7fa1a23902d0>,12,27,[8 4],13,55,82,42,53
1,<environment.Job instance at 0x7fa1a2390460>,8,20,[ 2 13],9,82,102,73,73
1,<environment.Job instance at 0x7fa1a2933c80>,3,27,[13  4],4,4,31,0,4
1,<environment.Job instance at 0x7fa1a2905410>,5,20,[14  2],6,31,51,25,22
1,<environment.Job instance at 0x7fa1a2905140>,6,21,[ 1 12],7,31,52,24,23
1,<environment.Job instance at 0x7fa15a7ec500>,8,24,[1 9],9,52,76,43,47
1,<environment.Job instance at 0x7fa19ff005f0>,12,21,[ 3 14],13,76,97,63,68
1,<environment.Job instance at 0x7fa1a0192f50>,14,25,[14  3],15,97,122,82,93
1,<environment.Job instance at 0x7fa1a2548910>,15,24,[13  2],16,122,146,106,117
1,<environment.Job instance at 0x7fa1a01920a0>,13,21,[2 7],14,122,143,108,117
1,<environment.Job instance at 0x7fa1a290dc30>,18,26,[11  3],19,146,172,127,143
1,<environment.Job instance at 0x7fa15a3afc30>,16,19,[8 4],17,172,191,155,162
1,<environment.Job instance at 0x7fa1a2548a50>,20,24,[ 4 13],21,191,215,170,186
1,<environment.Job instance at 0x7fa1a283c820>,21,28,[ 4 14],22,215,243,193,214
1,<environment.Job instance at 0x7fa1a283c870>,22,19,[ 3 12],23,243,262,220,242
1,<environment.Job instance at 0x7fa1a283cdc0>,25,24,[5 6],26,262,286,236,257
1,<environment.Job instance at 0x7f149e720640>,1,24,[10  1],2,2,26,0,2
1,<environment.Job instance at 0x7f149d5c7a50>,4,24,[7 2],5,26,50,21,21
1,<environment.Job instance at 0x7f149e720500>,2,20,[7 4],3,26,46,23,21
1,<environment.Job instance at 0x7f149d5c7b40>,7,26,[9 3],8,50,76,42,47
1,<environment.Job instance at 0x7f149d5c7be0>,8,20,[ 4 13],9,76,96,67,67
1,<environment.Job instance at 0x7f149d5c7a00>,5,24,[ 2 14],6,96,120,90,91
1,<environment.Job instance at 0x7f149d5c7f00>,12,28,[ 1 14],13,120,148,107,119
1,<environment.Job instance at 0x7f149d5ca050>,15,20,[ 3 12],16,148,168,132,139
1,<environment.Job instance at 0x7f149d5ca140>,16,28,[5 1],17,139,167,122,139
1,<environment.Job instance at 0x7f149d5ca1e0>,17,19,[12  4],18,168,187,150,166
1,<environment.Job instance at 0x7f149d5ca370>,2,21,[14  2],3,3,24,0,3
1,<environment.Job instance at 0x7f149e66bb40>,6,21,[8 4],7,24,45,17,16
1,<environment.Job instance at 0x7f149e66b690>,10,28,[2 6],11,24,52,13,23
1,<environment.Job instance at 0x7f149e66b8c0>,11,23,[13  5],12,45,68,33,39
1,<environment.Job instance at 0x7f145f8f2fa0>,0,28,[13  5],1,1,29,0,1
1,<environment.Job instance at 0x7f149e66b2d0>,1,28,[ 5 11],2,29,57,27,28
1,<environment.Job instance at 0x7f145f9544b0>,7,22,[ 4 14],8,57,79,49,50
1,<environment.Job instance at 0x7f145f9542d0>,8,25,[1 7],9,79,104,70,75
1,<environment.Job instance at 0x7f145f954820>,10,27,[ 3 11],11,104,131,93,102
1,<environment.Job instance at 0x7f145f954730>,11,23,[5 1],12,102,125,90,102
1,<environment.Job instance at 0x7f145f9548c0>,17,26,[5 4],18,125,151,107,122
1,<environment.Job instance at 0x7f145f954aa0>,19,20,[4 9],20,131,151,111,122
1,<environment.Job instance at 0x7f145f954280>,15,19,[14  5],16,151,170,135,145
1,<environment.Job instance at 0x7f145f954050>,21,27,[ 4 11],22,170,197,148,168
1,<environment.Job instance at 0x7f145f954190>,23,26,[5 2],24,170,196,146,168
1,<environment.Job instance at 0x7f145f959cd0>,0,24,[ 2 13],1,1,25,0,1
1,<environment.Job instance at 0x7f145f959d70>,1,28,[7 1],2,2,30,0,2
1,<environment.Job instance at 0x7f145f959c30>,3,27,[9 2],4,30,57,26,28
1,<environment.Job instance at 0x7f145feea460>,4,26,[12  4],5,57,83,52,54
1,<environment.Job instance at 0x7f145feeaeb0>,8,24,[12  5],9,83,107,74,80
1,<environment.Job instance at 0x7f145feea0f0>,10,26,[5 4],11,107,133,96,104
1,<environment.Job instance at 0x7f145feeabe0>,9,25,[ 2 11],10,107,132,97,104
1,<environment.Job instance at 0x7f145feea410>,14,22,[3 8],15,132,154,117,125
1,<environment.Job instance at 0x7f145feeae10>,7,25,[ 3 13],8,154,179,146,150
1,<environment.Job instance at 0x7f145fd89b40>,16,24,[13  4],17,179,203,162,174
1,<environment.Job instance at 0x7f145feea190>,11,23,[ 3 14],12,203,226,191,197
1,<environment.Job instance at 0x7f145fd89af0>,20,24,[ 4 11],21,226,250,205,221
1,<environment.Job instance at 0x7f145fd895f0>,24,25,[14  5],25,250,275,225,246
1,<environment.Job instance at 0x7f145fd89e60>,25,24,[3 7],26,275,299,249,270
1,<environment.Job instance at 0x7f145fd89690>,26,19,[3 8],27,275,294,248,270
1,<environment.Job instance at 0x7f145f999eb0>,1,27,[3 6],2,2,29,0,2
1,<environment.Job instance at 0x7f145fa7a9b0>,2,22,[2 8],3,3,25,0,3
1,<environment.Job instance at 0x7f145ff6f550>,6,27,[10  5],7,25,52,18,23
1,<environment.Job instance at 0x7f145ff6f780>,8,24,[12  2],9,52,76,43,47
1,<environment.Job instance at 0x7f145ff6f820>,9,20,[12  3],10,76,96,66,72
1,<environment.Job instance at 0x7f145ff5be60>,0,27,[11  1],1,1,28,0,1
1,<environment.Job instance at 0x7f149e06baa0>,5,27,[ 5 14],6,28,55,22,26
1,<environment.Job instance at 0x7f149e1ffaa0>,4,23,[1 8],5,55,78,50,49
1,<environment.Job instance at 0x7f149e06b690>,7,27,[5 1],8,49,76,41,49
1,<environment.Job instance at 0x7f145ff5bdc0>,1,24,[6 2],2,55,79,53,50
1,<environment.Job instance at 0x7f149e06b730>,9,28,[14  4],10,79,107,69,78
1,<environment.Job instance at 0x7f149e06b230>,11,20,[ 4 11],12,107,127,95,98
1,<environment.Job instance at 0x7f149e06b3c0>,15,26,[11  3],16,107,133,91,104
1,<environment.Job instance at 0x7f149e06b4b0>,16,25,[11  3],17,133,158,116,129
1,<environment.Job instance at 0x7f149e06be60>,8,26,[ 2 13],9,158,184,149,155
1,<environment.Job instance at 0x7f149e06b2d0>,19,25,[ 3 13],20,184,209,164,180
1,<environment.Job instance at 0x7f149e06b0a0>,20,19,[11  3],21,209,228,188,205
1,<environment.Job instance at 0x7f149dbb65f0>,26,22,[7 5],27,228,250,201,221
1,<environment.Job instance at 0x7f149dbb6190>,27,20,[5 8],28,228,248,200,221
1,<environment.Job instance at 0x7f145fea4af0>,30,20,[11  2],31,250,270,219,241
1,<environment.Job instance at 0x7f145fea4460>,31,26,[2 8],32,248,274,216,245
1,<environment.Job instance at 0x7f145fea4d70>,33,20,[ 4 10],34,274,294,240,265
1,<environment.Job instance at 0x7f149d8d23c0>,2,28,[14  3],3,3,31,0,3
1,<environment.Job instance at 0x7f145f9f06e0>,8,25,[4 5],9,31,56,22,27
1,<environment.Job instance at 0x7f149d5baf50>,0,23,[ 4 11],1,1,24,0,1
1,<environment.Job instance at 0x7f145ff70640>,3,26,[7 4],4,4,30,0,4
1,<environment.Job instance at 0x7f145fb7f190>,6,24,[6 3],7,24,48,17,19
1,<environment.Job instance at 0x7f145fc1e550>,10,28,[8 2],11,30,58,19,29
1,<environment.Job instance at 0x7f145fc40c80>,11,26,[14  3],12,58,84,46,55
1,<environment.Job instance at 0x7f149c36caa0>,12,27,[12  1],13,84,111,71,82
1,<environment.Job instance at 0x7f145fc7fd70>,13,27,[ 3 11],14,84,111,70,82
1,<environment.Job instance at 0x7f145fb7f0a0>,4,20,[14  3],5,111,131,106,103
1,<environment.Job instance at 0x7f149df366e0>,17,23,[9 5],18,131,154,113,125
1,<environment.Job instance at 0x7f149df4a7d0>,15,21,[ 5 12],16,154,175,138,146
1,<environment.Job instance at 0x7f149df64370>,22,24,[6 4],23,175,199,152,170
1,<environment.Job instance at 0x7f149df64640>,21,25,[12  5],22,199,224,177,195
1,<environment.Job instance at 0x7f145fc3c7d0>,24,23,[13  3],25,224,247,199,218
1,<environment.Job instance at 0x7f145fd82870>,27,25,[4 9],28,247,272,219,243
1,<environment.Job instance at 0x7f145fd82640>,28,26,[6 1],29,247,273,218,244
1,<environment.Job instance at 0x7f145fd82550>,29,28,[5 9],30,272,300,242,271
1,<environment.Job instance at 0x7f145fd82050>,30,24,[4 8],31,300,324,269,295
1,<environment.Job instance at 0x7f145fd82190>,31,20,[5 5],32,311,331,279,311
1,<environment.Job instance at 0x7f145fd82b90>,32,23,[10  5],33,324,347,291,318
1,<environment.Job instance at 0x7f145fd822d0>,33,24,[12  1],34,347,371,313,342
1,<environment.Job instance at 0x7f149df64690>,23,19,[ 2 11],24,347,366,323,342
1,<environment.Job instance at 0x7f145fd839b0>,36,27,[13  3],37,371,398,334,369
1,<environment.Job instance at 0x7f145fb7f1e0>,7,25,[ 2 14],8,398,423,390,394
1,<environment.Job instance at 0x7f145fd834b0>,40,19,[12  4],41,441,460,400,441
1,<environment.Job instance at 0x7f149d942aa0>,0,27,[14  3],1,1,28,0,1
1,<environment.Job instance at 0x7f149d942d20>,6,28,[5 7],7,28,56,21,27
1,<environment.Job instance at 0x7f149c3ba9b0>,0,23,[3 9],1,1,24,0,1
1,<environment.Job instance at 0x7f149d5fc0a0>,3,26,[10  3],4,4,30,0,4
1,<environment.Job instance at 0x7f149d9185a0>,9,25,[8 2],10,30,55,20,26
1,<environment.Job instance at 0x7f149dd2cf00>,8,22,[ 4 12],9,26,48,17,26
1,<environment.Job instance at 0x7f149dc510a0>,11,27,[6 4],12,48,75,36,46
1,<environment.Job instance at 0x7f149e0c9280>,13,20,[4 7],14,55,75,41,46
1,<environment.Job instance at 0x7f149e0c9be0>,14,21,[10  3],15,75,96,60,67
1,<environment.Job instance at 0x7f149c3bab40>,1,19,[ 4 14],2,96,115,94,90
1,<environment.Job instance at 0x7f149c33c1e0>,19,25,[13  3],20,115,140,95,111
1,<environment.Job instance at 0x7f145fcd7820>,1,27,[5 5],2,2,29,0,2
1,<environment.Job instance at 0x7f145febd9b0>,3,25,[5 5],4,4,29,0,4
1,<environment.Job instance at 0x7f145febddc0>,4,26,[12  3],5,29,55,24,26
1,<environment.Job instance at 0x7f145febd370>,8,25,[13  5],9,55,80,46,51
1,<environment.Job instance at 0x7f145febd730>,7,24,[ 5 13],8,80,104,72,75
1,<environment.Job instance at 0x7f145febd5f0>,10,25,[8 3],11,104,129,93,100
1,<environment.Job instance at 0x7f145febd460>,5,20,[14  4],6,129,149,123,120
1,<environment.Job instance at 0x7f149c506d70>,11,19,[14  2],12,149,168,137,142
1,<environment.Job instance at 0x7f149e240fa0>,15,22,[4 7],16,168,190,152,161
1,<environment.Job instance at 0x7f145f875b40>,18,27,[1 9],19,190,217,171,188
1,<environment.Job instance at 0x7f149c3d0be0>,19,27,[14  4],20,190,217,170,188
1,<environment.Job instance at 0x7f149c3d0d70>,21,26,[ 5 14],22,217,243,195,214
1,<environment.Job instance at 0x7f149c3d0e60>,22,26,[ 2 13],23,243,269,220,240
1,<environment.Job instance at 0x7f145f6a5e60>,23,19,[7 5],24,269,288,245,259
1,<environment.Job instance at 0x7f149e052960>,24,25,[ 4 10],25,269,294,244,265
1,<environment.Job instance at 0x7f145febdfa0>,9,19,[ 2 13],10,294,313,284,291
1,<environment.Job instance at 0x7f149ddcacd0>,30,27,[13  4],31,313,340,282,311
1,<environment.Job instance at 0x7f149e24de60>,5,22,[ 5 13],6,6,28,0,6
1,<environment.Job instance at 0x7f145f99fd20>,7,27,[11  2],8,28,55,20,26
1,<environment.Job instance at 0x7f145f99feb0>,8,21,[5 6],9,55,76,46,47
1,<environment.Job instance at 0x7f145f99ffa0>,11,22,[ 4 12],12,76,98,64,69
1,<environment.Job instance at 0x7f145f9962d0>,14,27,[12  1],15,98,125,83,96
1,<environment.Job instance at 0x7f145f9964b0>,17,27,[12  2],18,125,152,107,123
1,<environment.Job instance at 0x7f145f9965f0>,19,27,[5 1],20,152,179,132,150
1,<environment.Job instance at 0x7f145f996690>,20,28,[ 5 10],21,152,180,131,151
1,<environment.Job instance at 0x7f145f996730>,21,27,[11  5],22,180,207,158,178
1,<environment.Job instance at 0x7f145f9967d0>,22,23,[14  5],23,207,230,184,201
1,<environment.Job instance at 0x7f149dd11dc0>,1,24,[2 6],2,2,26,0,2
1,<environment.Job instance at 0x7f149e2edeb0>,6,21,[ 1 10],7,26,47,19,18
1,<environment.Job instance at 0x7f149e2eda00>,7,25,[3 7],8,47,72,39,43
1,<environment.Job instance at 0x7f149e2ed460>,9,22,[ 4 10],10,72,94,62,65
1,<environment.Job instance at 0x7f149e2ed780>,10,25,[ 5 14],11,94,119,83,90
1,<environment.Job instance at 0x7f149dd11320>,3,20,[ 2 11],4,119,139,115,110
1,<environment.Job instance at 0x7f149e2ed140>,13,28,[2 7],14,139,167,125,138
1,<environment.Job instance at 0x7f149e2ed8c0>,14,19,[3 6],15,139,158,124,138
1,<environment.Job instance at 0x7f149e2ed370>,15,25,[3 9],16,167,192,151,163
1,<environment.Job instance at 0x7f145fcff4b0>,3,24,[13  4],4,4,28,0,4
1,<environment.Job instance at 0x7f145fcff140>,4,19,[ 2 13],5,31,50,26,31
1,<environment.Job instance at 0x7f145fe5b5f0>,2,24,[6 3],3,3,27,0,3
1,<environment.Job instance at 0x7f145fa316e0>,7,26,[6 3],8,9,35,1,9
1,<environment.Job instance at 0x7f145fa31690>,8,23,[11  4],9,35,58,26,29
1,<environment.Job instance at 0x7f145fa31b40>,9,27,[13  2],10,58,85,48,56
1,<environment.Job instance at 0x7f145fa318c0>,6,19,[ 2 11],7,76,95,69,76
1,<environment.Job instance at 0x7f145fa310a0>,12,26,[14  3],13,95,121,82,92
1,<environment.Job instance at 0x7f145fa125f0>,1,23,[ 5 14],2,2,25,0,2
1,<environment.Job instance at 0x7f145fa124b0>,2,23,[13  5],3,25,48,22,19
1,<environment.Job instance at 0x7f145fdc30f0>,6,23,[9 1],7,48,71,41,42
1,<environment.Job instance at 0x7f145fdc35a0>,5,22,[6 2],6,48,70,42,43
1,<environment.Job instance at 0x7f145fdc36e0>,8,28,[12  2],9,71,99,62,70
1,<environment.Job instance at 0x7f145fdc3b90>,7,24,[ 4 13],8,99,123,91,94
1,<environment.Job instance at 0x7f145fa404b0>,14,25,[10  1],15,99,124,84,96
1,<environment.Job instance at 0x7f145fa0d050>,3,22,[ 2 14],4,123,145,119,122
1,<environment.Job instance at 0x7f149e08f460>,0,23,[8 4],1,1,24,0,1
1,<environment.Job instance at 0x7f149c59d5a0>,4,27,[8 5],5,24,51,19,22
1,<environment.Job instance at 0x7f145fbfd320>,2,21,[11  5],3,51,72,48,43
1,<environment.Job instance at 0x7f149c59d820>,7,20,[ 5 13],8,72,92,64,63
1,<environment.Job instance at 0x7f149c59d870>,9,20,[13  2],10,92,112,82,83
1,<environment.Job instance at 0x7f149c59ddc0>,11,26,[7 3],12,112,138,100,109
1,<environment.Job instance at 0x7f149c59dfa0>,8,19,[ 2 14],9,138,157,129,135
1,<environment.Job instance at 0x7f149df4e280>,13,28,[ 5 10],14,157,185,143,156
1,<environment.Job instance at 0x7f149dd2fa00>,14,22,[14  1],15,185,207,170,178
1,<environment.Job instance at 0x7f149e0520f0>,0,20,[12  3],1,2,22,1,2
1,<environment.Job instance at 0x7f145f98a780>,2,24,[8 5],3,22,46,19,17
1,<environment.Job instance at 0x7f149e052640>,3,24,[5 1],4,22,46,18,17
1,<environment.Job instance at 0x7f145f75c820>,8,25,[ 4 10],9,46,71,37,42
1,<environment.Job instance at 0x7f145f75c0f0>,9,26,[3 6],10,71,97,61,68
1,<environment.Job instance at 0x7f149e0ce140>,2,27,[ 3 11],3,3,30,0,3
1,<environment.Job instance at 0x7f149e0ce5a0>,3,21,[ 3 13],4,30,51,26,22
1,<environment.Job instance at 0x7f149e0cefa0>,5,21,[ 4 14],6,51,72,45,43
1,<environment.Job instance at 0x7fba6e2e7640>,1,24,[10  1],2,2,26,0,2
1,<environment.Job instance at 0x7fba6d18aa50>,4,24,[7 2],5,26,50,21,21
1,<environment.Job instance at 0x7fba6e2e7500>,2,20,[7 4],3,26,46,23,21
1,<environment.Job instance at 0x7fba6d18ab40>,7,26,[9 3],8,50,76,42,47
1,<environment.Job instance at 0x7fba6d18abe0>,8,20,[ 4 13],9,76,96,67,67
1,<environment.Job instance at 0x7fba6d18aa00>,5,24,[ 2 14],6,96,120,90,91
1,<environment.Job instance at 0x7fba6d18af00>,12,28,[ 1 14],13,120,148,107,119
1,<environment.Job instance at 0x7fba6d18d050>,15,20,[ 3 12],16,148,168,132,139
1,<environment.Job instance at 0x7fba6d18d140>,16,28,[5 1],17,139,167,122,139
1,<environment.Job instance at 0x7fba6d18d1e0>,17,19,[12  4],18,181,200,163,181
1,<environment.Job instance at 0x7fba6e459fa0>,0,28,[2 6],1,1,29,0,1
1,<environment.Job instance at 0x7fba6d18d370>,1,23,[13  5],2,2,25,0,2
1,<environment.Job instance at 0x7fba6e312a00>,5,26,[5 5],6,25,51,19,22
1,<environment.Job instance at 0x7fba6e3123c0>,4,24,[2 8],5,29,53,24,24
1,<environment.Job instance at 0x7fba6e312b90>,9,26,[1 7],10,51,77,41,48
1,<environment.Job instance at 0x7fba6e312eb0>,12,28,[11  1],13,53,81,40,52
1,<environment.Job instance at 0x7fba6e3120a0>,20,19,[12  3],21,81,100,60,75
1,<environment.Job instance at 0x7fba6e45dd20>,23,21,[4 8],24,100,121,76,92
1,<environment.Job instance at 0x7fba6e45dfa0>,25,27,[5 5],26,100,127,74,98
1,<environment.Job instance at 0x7fba6e45d730>,27,26,[2 7],28,121,147,93,118
1,<environment.Job instance at 0x7fba6e4575f0>,31,22,[11  2],32,134,156,102,134
1,<environment.Job instance at 0x7fba6e457f00>,33,23,[9 1],34,156,179,122,150
1,<environment.Job instance at 0x7fba6e4574b0>,34,25,[ 1 13],35,150,175,115,150
1,<environment.Job instance at 0x7fba6e457910>,35,21,[14  5],36,179,200,143,171
1,<environment.Job instance at 0x7fba6e4578c0>,38,24,[13  2],39,200,224,161,195
1,<environment.Job instance at 0x7fba6e462730>,39,25,[6 5],40,224,249,184,220
1,<environment.Job instance at 0x7fba6e462f50>,40,28,[13  5],41,249,277,208,248
1,<environment.Job instance at 0x7fba6e462d20>,41,28,[ 5 11],42,277,305,235,276
1,<environment.Job instance at 0x7fba6d196c30>,1,27,[ 4 11],2,2,29,0,2
1,<environment.Job instance at 0x7fba231d3780>,6,27,[12  1],7,29,56,22,27
1,<environment.Job instance at 0x7fba231d38c0>,10,21,[5 4],11,56,77,45,48
1,<environment.Job instance at 0x7fba231d3820>,11,27,[13  4],12,77,104,65,75
1,<environment.Job instance at 0x7fba231d3910>,7,20,[13  4],8,104,124,96,95
1,<environment.Job instance at 0x7fba231d32d0>,14,26,[4 7],15,124,150,109,121
1,<environment.Job instance at 0x7fba231d3320>,12,21,[14  2],13,150,171,137,142
1,<environment.Job instance at 0x7fba2326b320>,0,26,[3 9],1,1,27,0,1
1,<environment.Job instance at 0x7fba232b0280>,4,23,[6 4],5,5,28,0,5
1,<environment.Job instance at 0x7fba232b0aa0>,5,22,[12  2],6,28,50,22,21
1,<environment.Job instance at 0x7fba231d3aa0>,2,24,[4 9],3,50,74,47,45
1,<environment.Job instance at 0x7fba232b0960>,3,25,[13  2],4,74,99,70,70
1,<environment.Job instance at 0x7fba231d00f0>,1,19,[11  4],2,99,118,97,89
1,<environment.Job instance at 0x7fba232b08c0>,12,20,[7 5],13,118,138,105,109
1,<environment.Job instance at 0x7fba231d3690>,1,24,[7 2],2,2,26,0,2
1,<environment.Job instance at 0x7fba235c5d70>,7,27,[6 1],8,8,35,0,8
1,<environment.Job instance at 0x7fba235c5370>,8,27,[ 4 13],9,26,53,17,24
1,<environment.Job instance at 0x7fba235c5a50>,10,27,[11  1],11,35,62,24,33
1,<environment.Job instance at 0x7fba235c5910>,11,24,[6 2],12,62,86,50,57
1,<environment.Job instance at 0x7fba235cb230>,14,23,[1 8],15,57,80,42,57
1,<environment.Job instance at 0x7fba235cb2d0>,15,27,[ 5 14],16,86,113,70,84
1,<environment.Job instance at 0x7fba235cb410>,17,27,[5 1],18,84,111,66,84
1,<environment.Job instance at 0x7fba235cb4b0>,18,26,[ 2 13],19,113,139,94,110
1,<environment.Job instance at 0x7fba235cb550>,19,28,[14  4],20,139,167,119,138
1,<environment.Job instance at 0x7fba235cb5f0>,20,27,[3 9],21,167,194,146,165
1,<environment.Job instance at 0x7fba235cb690>,21,20,[ 4 11],22,194,214,172,185
1,<environment.Job instance at 0x7fba235d94b0>,2,28,[14  3],3,3,31,0,3
1,<environment.Job instance at 0x7fba6cfb8a50>,8,25,[4 5],9,31,56,22,27
1,<environment.Job instance at 0x7fba6d318910>,0,28,[8 2],1,1,29,0,1
1,<environment.Job instance at 0x7fba6d318370>,2,27,[12  1],3,29,56,26,27
1,<environment.Job instance at 0x7fba6dde0e60>,3,27,[ 3 11],4,47,74,43,47
1,<environment.Job instance at 0x7fba6d5c2870>,7,23,[9 5],8,74,97,66,68
1,<environment.Job instance at 0x7fba6d5c2a00>,6,21,[ 5 10],7,74,95,67,68
1,<environment.Job instance at 0x7fba6d876b90>,1,26,[14  3],2,97,123,95,94
1,<environment.Job instance at 0x7fba6d5c2d20>,9,22,[2 5],10,123,145,113,116
1,<environment.Job instance at 0x7fba23202280>,11,25,[12  5],12,123,148,111,119
1,<environment.Job instance at 0x7fba6d5c21e0>,5,21,[ 5 12],6,148,169,142,140
1,<environment.Job instance at 0x7fba236d90f0>,17,25,[4 9],18,169,194,151,165
1,<environment.Job instance at 0x7fba236d93c0>,18,26,[6 1],19,165,191,146,165
1,<environment.Job instance at 0x7fba236d9140>,19,28,[5 9],20,194,222,174,193
1,<environment.Job instance at 0x7fba236d9c80>,20,24,[4 8],21,222,246,201,217
1,<environment.Job instance at 0x7fba236d9a50>,21,20,[5 5],22,217,237,195,217
1,<environment.Job instance at 0x7fba2364b7d0>,22,23,[10  5],23,237,260,214,231
1,<environment.Job instance at 0x7fba2364baa0>,23,24,[12  1],24,260,284,236,255
1,<environment.Job instance at 0x7fba232fd730>,16,20,[7 1],17,284,304,267,275
1,<environment.Job instance at 0x7fba23202e60>,14,23,[13  3],15,304,327,289,298
1,<environment.Job instance at 0x7fba6d766af0>,26,27,[13  3],27,327,354,300,325
1,<environment.Job instance at 0x7fba6cfd7e60>,13,19,[ 2 11],14,335,354,321,335
1,<environment.Job instance at 0x7fba6d295d20>,30,19,[12  4],31,362,381,331,362
1,<environment.Job instance at 0x7fba6dc0da50>,33,25,[8 3],34,381,406,347,377
1,<environment.Job instance at 0x7fba23187410>,0,27,[9 5],1,1,28,0,1
1,<environment.Job instance at 0x7fba2308b2d0>,5,21,[ 4 10],6,19,40,13,19
1,<environment.Job instance at 0x7fba2308b370>,6,23,[2 8],7,40,63,33,34
1,<environment.Job instance at 0x7fba2308b410>,7,25,[11  1],8,34,59,26,34
1,<environment.Job instance at 0x7fba23187820>,3,26,[14  2],4,63,89,59,60
1,<environment.Job instance at 0x7fba23720050>,1,22,[13  5],2,89,111,87,82
1,<environment.Job instance at 0x7fba2308b5f0>,10,25,[13  4],11,111,136,100,107
1,<environment.Job instance at 0x7fba2308b730>,12,20,[10  2],13,136,156,123,127
1,<environment.Job instance at 0x7fba2308b9b0>,16,19,[6 5],17,156,175,139,146
1,<environment.Job instance at 0x7fba2308b4b0>,8,19,[13  3],9,175,194,166,165
1,<environment.Job instance at 0x7fba23062b40>,2,24,[14  5],3,3,27,0,3
1,<environment.Job instance at 0x7fba2308b3c0>,3,24,[14  5],4,27,51,23,22
1,<environment.Job instance at 0x7fba2308b4b0>,5,22,[ 3 14],6,51,73,45,44
1,<environment.Job instance at 0x7fba23062c80>,1,20,[ 3 14],2,73,93,71,64
1,<environment.Job instance at 0x7fba6d0c74b0>,10,22,[ 3 14],11,93,115,82,86
1,<environment.Job instance at 0x7fba6cf9dcd0>,0,27,[6 1],1,1,28,0,1
1,<environment.Job instance at 0x7fba6cf9d5f0>,1,26,[ 3 14],2,2,28,0,2
1,<environment.Job instance at 0x7fba6d62e370>,6,19,[ 4 12],7,28,47,21,19
1,<environment.Job instance at 0x7fba235f4c30>,9,21,[1 7],10,47,68,37,39
1,<environment.Job instance at 0x7fba6d845820>,1,24,[2 6],2,2,26,0,2
1,<environment.Job instance at 0x7fba23440aa0>,7,25,[3 7],8,8,33,0,8
1,<environment.Job instance at 0x7fba235f44b0>,3,20,[ 2 11],4,33,53,29,25
1,<environment.Job instance at 0x7fba23440910>,9,22,[ 4 10],10,53,75,43,46
1,<environment.Job instance at 0x7fba23440cd0>,10,25,[ 5 14],11,75,100,64,71
1,<environment.Job instance at 0x7fba234408c0>,6,21,[ 1 10],7,100,121,93,92
1,<environment.Job instance at 0x7fba23440e60>,13,28,[2 7],14,121,149,107,120
1,<environment.Job instance at 0x7fba23440fa0>,14,19,[3 6],15,121,140,106,120
1,<environment.Job instance at 0x7fba23440b90>,15,25,[3 9],16,149,174,133,145
1,<environment.Job instance at 0x7fba6db59320>,0,22,[10  1],1,1,23,0,1
1,<environment.Job instance at 0x7fba234560a0>,2,25,[8 5],3,23,48,20,19
1,<environment.Job instance at 0x7fba6dbb23c0>,6,25,[ 2 13],7,48,73,41,44
1,<environment.Job instance at 0x7fba6dbb22d0>,8,26,[11  4],9,73,99,64,70
1,<environment.Job instance at 0x7fba6dbb26e0>,10,25,[6 2],11,99,124,88,95
1,<environment.Job instance at 0x7fba6dbb2550>,11,23,[5 5],12,99,122,87,95
1,<environment.Job instance at 0x7fba6dbb2a00>,9,21,[12  2],10,124,145,114,116
1,<environment.Job instance at 0x7fba6dbb2fa0>,14,21,[3 7],15,116,137,101,116
1,<environment.Job instance at 0x7fba6d3cdf00>,0,23,[2 9],1,1,24,0,1
1,<environment.Job instance at 0x7fba6d3cda00>,2,23,[8 3],3,3,26,0,3
1,<environment.Job instance at 0x7fba6d1439b0>,7,24,[ 1 11],8,24,48,16,19
1,<environment.Job instance at 0x7fba6d143b90>,8,27,[10  4],9,26,53,17,24
1,<environment.Job instance at 0x7fba6d143a00>,4,25,[ 1 14],5,54,79,49,54
1,<environment.Job instance at 0x7fba6d143be0>,11,19,[13  1],12,80,99,68,80
1,<environment.Job instance at 0x7fba6dab20a0>,13,28,[ 4 11],14,99,127,85,98
1,<environment.Job instance at 0x7fba6dab2dc0>,14,22,[5 4],15,99,121,84,98
1,<environment.Job instance at 0x7fba6dab2730>,15,24,[13  5],16,127,151,111,122
1,<environment.Job instance at 0x7fba6dab2cd0>,16,26,[12  1],17,151,177,134,148
1,<environment.Job instance at 0x7fba6d81a6e0>,5,19,[13  1],6,744,763,738,744
1,<environment.Job instance at 0x7fba6dab2690>,21,26,[7 1],22,763,789,741,760
1,<environment.Job instance at 0x7fba6dab2050>,22,22,[8 3],23,763,785,740,760
1,<environment.Job instance at 0x7fba6d9841e0>,0,25,[12  2],1,1,26,0,1
1,<environment.Job instance at 0x7fba6dce1d70>,5,28,[12  2],6,26,54,20,25
1,<environment.Job instance at 0x7fba6dce14b0>,6,21,[ 4 12],7,54,75,47,46
1,<environment.Job instance at 0x7fba6dce12d0>,7,26,[ 4 12],8,75,101,67,72
1,<environment.Job instance at 0x7fba6d81a820>,3,26,[ 5 10],4,101,127,97,98
1,<environment.Job instance at 0x7fba6dab2050>,2,24,[12  5],3,127,151,124,122
1,<environment.Job instance at 0x7fba6d31bfa0>,1,22,[11  3],2,151,173,149,144
1,<environment.Job instance at 0x7fba6dce1550>,13,23,[ 4 13],14,173,196,159,167
1,<environment.Job instance at 0x7fba6e076410>,15,22,[5 5],16,196,218,180,189
1,<environment.Job instance at 0x7fba6dce1960>,16,22,[13  1],17,218,240,201,211
1,<environment.Job instance at 0x7fba6dcf0c80>,18,27,[ 1 13],19,218,245,199,216
1,<environment.Job instance at 0x7fba6dcf0280>,20,23,[8 4],21,245,268,224,239
1,<environment.Job instance at 0x7fba6dcf0320>,22,21,[11  5],23,268,289,245,260
1,<environment.Job instance at 0x7fba6da325f0>,1,26,[5 3],2,2,28,0,2
1,<environment.Job instance at 0x7fba6dcf07d0>,2,27,[13  5],3,28,55,25,26
1,<environment.Job instance at 0x7fba236900a0>,6,20,[2 9],7,26,46,19,26
1,<environment.Job instance at 0x7fba23690730>,7,26,[14  5],8,55,81,47,52
1,<environment.Job instance at 0x7fba6dc0d3c0>,4,21,[ 4 11],5,81,102,76,76
1,<environment.Job instance at 0x7fba23690910>,8,24,[4 6],9,102,126,93,97
1,<environment.Job instance at 0x7fba23690960>,10,20,[12  3],11,126,146,115,118
1,<environment.Job instance at 0x7fba6dae8690>,12,24,[8 5],13,146,170,133,141
1,<environment.Job instance at 0x7fba23867be0>,13,24,[5 1],14,146,170,132,141
1,<environment.Job instance at 0x7fba6dcf0320>,3,28,[ 3 14],4,170,198,166,169
1,<environment.Job instance at 0x7fba23690c80>,9,18,[13  1],10,519,537,509,519
1,<environment.Job instance at 0x7fba233920a0>,17,14,[14  1],18,1613,1627,1595,1613
1,<environment.Job instance at 0x7fba6d032640>,18,25,[ 4 10],19,1627,1652,1608,1623
1,<environment.Job instance at 0x7fba6d032e60>,19,26,[3 6],20,1652,1678,1632,1649
1,<environment.Job instance at 0x7fba6daf41e0>,2,27,[ 3 11],3,3,30,0,3
1,<environment.Job instance at 0x7fba22fe3d20>,3,21,[ 3 13],4,30,51,26,22
1,<environment.Job instance at 0x7fba22fe35f0>,5,21,[ 4 14],6,51,72,45,43
1,<environment.Job instance at 0x7fba22ed8d20>,4,21,[5 4],5,5,26,0,5
1,<environment.Job instance at 0x7fba23389f50>,6,22,[7 2],7,7,29,0,7
1,<environment.Job instance at 0x7fba23389c30>,7,28,[3 5],8,8,36,0,8
1,<environment.Job instance at 0x7fba23389a00>,8,23,[8 3],9,29,52,20,23
1,<environment.Job instance at 0x7fba2337a5a0>,10,25,[ 4 10],11,36,61,25,32
1,<environment.Job instance at 0x7fba6d3cbb40>,2,23,[ 3 14],3,3,26,0,3
1,<environment.Job instance at 0x7fba6cf30aa0>,1,22,[ 4 12],2,2,24,0,2
1,<environment.Job instance at 0x7fba6da27820>,3,24,[14  1],4,24,48,20,19
1,<environment.Job instance at 0x7fba6da277d0>,7,26,[11  2],8,48,74,40,45
1,<environment.Job instance at 0x7fba6da27e60>,2,20,[13  3],3,74,94,71,65
1,<environment.Job instance at 0x7fba6da27be0>,9,24,[11  1],10,94,118,84,89
1,<environment.Job instance at 0x7fba6da27190>,10,23,[13  2],11,118,141,107,112
1,<environment.Job instance at 0x7fba6da278c0>,13,28,[5 9],14,141,169,127,140
1,<environment.Job instance at 0x7fba23743c30>,1,26,[13  2],2,2,28,0,2
1,<environment.Job instance at 0x7fba22e47af0>,2,27,[11  3],3,28,55,25,26
1,<environment.Job instance at 0x7fba233718c0>,5,21,[ 3 11],6,28,49,22,26
1,<environment.Job instance at 0x7fba23371d20>,9,27,[7 4],10,55,82,45,53
1,<environment.Job instance at 0x7fba23371550>,10,25,[9 5],11,82,107,71,78
1,<environment.Job instance at 0x7fba22e47c30>,4,27,[ 1 14],5,107,134,102,105
1,<environment.Job instance at 0x7fba233717d0>,8,22,[12  2],9,134,156,125,127
1,<environment.Job instance at 0x7fba23371a50>,13,26,[14  5],14,156,182,142,153
1,<environment.Job instance at 0x7fba23371500>,15,26,[14  3],16,182,208,166,179
1,<environment.Job instance at 0x7fba23371dc0>,6,20,[13  1],7,208,228,201,199
1,<environment.Job instance at 0x7fba6d988aa0>,17,26,[ 2 11],18,208,234,190,205
1,<environment.Job instance at 0x7fba22e42c30>,23,24,[4 7],24,234,258,210,232
1,<environment.Job instance at 0x7fba22e42a50>,25,21,[ 4 11],26,258,279,232,250
1,<environment.Job instance at 0x7fba2304b820>,19,18,[14  4],20,1225,1243,1205,1225
1,<environment.Job instance at 0x7fba22fc3e60>,28,23,[ 4 12],29,1243,1266,1214,1237
1,<environment.Job instance at 0x7fba22fc30a0>,29,26,[ 4 14],30,1266,1292,1236,1263
1,<environment.Job instance at 0x7f6bb4e87370>,1,24,[10  1],2,2,26,0,2
1,<environment.Job instance at 0x7f6bada782d0>,4,24,[7 2],5,26,50,21,21
1,<environment.Job instance at 0x7f6bb4f0f820>,2,20,[7 4],3,26,46,23,21
1,<environment.Job instance at 0x7f6bada783c0>,7,26,[9 3],8,50,76,42,47
1,<environment.Job instance at 0x7f6bada78460>,8,20,[ 4 13],9,76,96,67,67
1,<environment.Job instance at 0x7f6bada786e0>,12,28,[ 1 14],13,96,124,83,95
1,<environment.Job instance at 0x7f6bada78280>,5,24,[ 2 14],6,124,148,118,119
1,<environment.Job instance at 0x7f6bada788c0>,15,20,[ 3 12],16,148,168,132,140
1,<environment.Job instance at 0x7f6bada78960>,16,28,[5 1],17,140,168,123,140
1,<environment.Job instance at 0x7f6bada78a00>,17,19,[12  4],18,169,188,151,169
1,<environment.Job instance at 0x7f6bb4ff4280>,2,28,[11  1],3,3,31,0,3
1,<environment.Job instance at 0x7f6bada78a00>,4,19,[3 8],5,6,25,1,6
1,<environment.Job instance at 0x7f6bb4ff9eb0>,11,19,[5 5],12,31,50,19,24
1,<environment.Job instance at 0x7f6bb4ff9af0>,13,21,[4 8],14,29,50,15,29
1,<environment.Job instance at 0x7f6bb4ff92d0>,15,27,[5 5],16,50,77,34,48
1,<environment.Job instance at 0x7f6bb4eaff50>,17,26,[2 7],18,50,76,32,50
1,<environment.Job instance at 0x7f6bb4eaf780>,21,22,[11  2],22,77,99,55,70
1,<environment.Job instance at 0x7f6bb4eaf730>,23,23,[9 1],24,99,122,75,93
1,<environment.Job instance at 0x7f6bb4eaf550>,24,25,[ 1 13],25,93,118,68,93
1,<environment.Job instance at 0x7f6bb4eafe10>,25,21,[14  5],26,122,143,96,114
1,<environment.Job instance at 0x7f6bb4eafeb0>,28,24,[13  2],29,143,167,114,138
1,<environment.Job instance at 0x7f6bb4eaf410>,29,25,[6 5],30,167,192,137,163
1,<environment.Job instance at 0x7f6bb4eaf370>,30,28,[13  5],31,192,220,161,191
1,<environment.Job instance at 0x7f6bb4eb1d70>,31,28,[ 5 11],32,220,248,188,219
1,<environment.Job instance at 0x7f6bb4ff9f00>,10,19,[12  3],11,248,267,237,244
1,<environment.Job instance at 0x7f6bb4eb13c0>,35,19,[ 1 10],36,248,267,212,244
1,<environment.Job instance at 0x7f6bb4eae820>,37,22,[ 4 14],38,267,289,229,260
1,<environment.Job instance at 0x7f6bb4eaeaa0>,38,25,[1 7],39,289,314,250,285
1,<environment.Job instance at 0x7f6bb4eae2d0>,40,27,[ 3 11],41,314,341,273,312
1,<environment.Job instance at 0x7f6bb4eae9b0>,41,23,[5 1],42,312,335,270,312
1,<environment.Job instance at 0x7f6b69d74f50>,0,24,[6 5],1,1,25,0,1
1,<environment.Job instance at 0x7f6b69d74190>,5,26,[7 2],6,6,32,0,6
1,<environment.Job instance at 0x7f6bb4eae9b0>,2,23,[ 3 11],3,25,48,22,19
1,<environment.Job instance at 0x7f6b69d74870>,7,21,[9 2],8,32,53,24,24
1,<environment.Job instance at 0x7f6b69d74910>,9,28,[3 8],10,48,76,38,47
1,<environment.Job instance at 0x7f6b69d748c0>,10,24,[ 2 13],11,76,100,65,71
1,<environment.Job instance at 0x7f6b69d743c0>,11,28,[7 1],12,71,99,59,71
1,<environment.Job instance at 0x7f6b69d744b0>,13,27,[9 2],14,99,126,85,97
1,<environment.Job instance at 0x7f6b69d74f00>,14,26,[12  4],15,126,152,111,123
1,<environment.Job instance at 0x7f6b69d9c870>,18,24,[12  5],19,152,176,133,147
1,<environment.Job instance at 0x7f6b69d741e0>,17,25,[ 3 13],18,176,201,158,172
1,<environment.Job instance at 0x7f6b69d9cfa0>,20,26,[5 4],21,201,227,180,198
1,<environment.Job instance at 0x7f6b69d9ce10>,21,23,[ 3 14],22,227,250,205,221
1,<environment.Job instance at 0x7f6b69d9c5f0>,19,25,[ 2 11],20,250,275,230,246
1,<environment.Job instance at 0x7f6b69d74a50>,6,20,[13  4],7,250,270,243,247
1,<environment.Job instance at 0x7f6b69d9c8c0>,24,22,[3 8],25,275,297,250,268
1,<environment.Job instance at 0x7f6b69d9c820>,22,19,[2 5],23,275,294,252,268
1,<environment.Job instance at 0x7f6b69d9c9b0>,26,24,[13  4],27,297,321,270,292
1,<environment.Job instance at 0x7f6b69ef5230>,0,20,[ 2 10],1,1,21,0,1
1,<environment.Job instance at 0x7f6bb4ff62d0>,2,19,[14  4],3,21,40,18,14
1,<environment.Job instance at 0x7f6b69ef53c0>,7,21,[ 1 12],8,40,61,32,32
1,<environment.Job instance at 0x7f6b69ef5690>,5,19,[ 4 14],6,61,80,55,61
1,<environment.Job instance at 0x7f6bad81ff50>,0,20,[11  2],1,1,21,0,1
1,<environment.Job instance at 0x7f6bb50010a0>,1,26,[2 8],2,2,28,0,2
1,<environment.Job instance at 0x7f6b6a160dc0>,7,28,[ 3 11],8,28,56,20,27
1,<environment.Job instance at 0x7f6b6a160280>,8,27,[14  1],9,56,83,47,54
1,<environment.Job instance at 0x7f6b6a1600a0>,9,27,[9 5],10,83,110,73,81
1,<environment.Job instance at 0x7f6badc09230>,5,23,[3 6],6,83,106,77,81
1,<environment.Job instance at 0x7f6b6a160820>,12,26,[ 4 12],13,110,136,97,107
1,<environment.Job instance at 0x7f6b6a16d0a0>,14,25,[11  5],15,136,161,121,132
1,<environment.Job instance at 0x7f6b6a16d190>,15,23,[3 6],16,136,159,120,132
1,<environment.Job instance at 0x7f6b6a16d230>,16,22,[12  5],17,161,183,144,154
1,<environment.Job instance at 0x7f6b6a16d050>,13,24,[ 5 13],14,183,207,169,178
1,<environment.Job instance at 0x7f6b6a16d5f0>,22,28,[14  3],23,207,235,184,206
1,<environment.Job instance at 0x7f6bb49e0190>,0,23,[ 4 11],1,1,24,0,1
1,<environment.Job instance at 0x7f6bb49e0fa0>,3,26,[7 4],4,5,31,1,5
1,<environment.Job instance at 0x7f6bad8f5e60>,6,24,[6 3],7,24,48,17,19
1,<environment.Job instance at 0x7f6bad8f5780>,10,28,[8 2],11,31,59,20,30
1,<environment.Job instance at 0x7f6bad8f50a0>,11,26,[14  3],12,59,85,47,56
1,<environment.Job instance at 0x7f6bad8f5870>,12,27,[12  1],13,85,112,72,83
1,<environment.Job instance at 0x7f6bad8f5dc0>,13,27,[ 3 11],14,85,112,71,83
1,<environment.Job instance at 0x7f6bad8f5320>,4,20,[14  3],5,112,132,107,103
1,<environment.Job instance at 0x7f6bad8f5690>,17,23,[9 5],18,132,155,114,126
1,<environment.Job instance at 0x7f6bb4c3f2d0>,19,22,[2 5],20,132,154,112,126
1,<environment.Job instance at 0x7f6bb4c3f230>,21,25,[12  5],22,155,180,133,151
1,<environment.Job instance at 0x7f6bad8f54b0>,22,24,[6 4],23,180,204,157,175
1,<environment.Job instance at 0x7f6bad8f51e0>,15,21,[ 5 12],16,204,225,188,196
1,<environment.Job instance at 0x7f6bb491b6e0>,24,23,[13  3],25,225,248,200,219
1,<environment.Job instance at 0x7f6bb491bd70>,27,25,[4 9],28,248,273,220,244
1,<environment.Job instance at 0x7f6bb491b5f0>,28,26,[6 1],29,248,274,219,245
1,<environment.Job instance at 0x7f6bb491b4b0>,29,28,[5 9],30,273,301,243,272
1,<environment.Job instance at 0x7f6badc2f5f0>,30,24,[4 8],31,301,325,270,296
1,<environment.Job instance at 0x7f6bb491b1e0>,31,20,[5 5],32,300,320,268,300
1,<environment.Job instance at 0x7f6badc2fe10>,32,23,[10  5],33,320,343,287,314
1,<environment.Job instance at 0x7f6badc2f140>,33,24,[12  1],34,343,367,309,338
1,<environment.Job instance at 0x7f6bad8f5230>,7,25,[ 2 14],8,348,373,340,348
1,<environment.Job instance at 0x7f6badc2fd70>,36,27,[13  3],37,373,400,336,371
1,<environment.Job instance at 0x7f6bb491b5a0>,23,19,[ 2 11],24,396,415,372,396
1,<environment.Job instance at 0x7f6badc2f280>,40,19,[12  4],41,412,431,371,412
1,<environment.Job instance at 0x7f6badf795a0>,0,27,[9 5],1,1,28,0,1
1,<environment.Job instance at 0x7f6b6a34a910>,5,21,[ 4 10],6,10,31,4,10
1,<environment.Job instance at 0x7f6b6a34af50>,6,23,[2 8],7,31,54,24,25
1,<environment.Job instance at 0x7f6b6a34acd0>,7,25,[11  1],8,28,53,20,25
1,<environment.Job instance at 0x7f6badc23e10>,3,26,[14  2],4,54,80,50,51
1,<environment.Job instance at 0x7f6badf79780>,1,22,[13  5],2,80,102,78,73
1,<environment.Job instance at 0x7f6b69fc6190>,10,25,[13  4],11,102,127,91,98
1,<environment.Job instance at 0x7f6b69fc60a0>,12,20,[10  2],13,127,147,114,118
1,<environment.Job instance at 0x7f6badaedb40>,8,19,[13  3],9,147,166,138,137
1,<environment.Job instance at 0x7f6b69f104b0>,16,19,[6 5],17,166,185,149,156
1,<environment.Job instance at 0x7f6b69d39c80>,0,22,[ 3 14],1,2,24,1,2
1,<environment.Job instance at 0x7f6b69f10a00>,3,27,[ 4 14],4,24,51,20,22
1,<environment.Job instance at 0x7f6b6a042190>,7,28,[13  5],8,51,79,43,50
1,<environment.Job instance at 0x7f6b6a042960>,8,23,[6 4],9,79,102,70,73
1,<environment.Job instance at 0x7f6b6a0422d0>,9,21,[ 3 14],10,102,123,92,94
1,<environment.Job instance at 0x7f6b6a042dc0>,11,27,[5 5],12,123,150,111,121
1,<environment.Job instance at 0x7f6b6a042b90>,13,25,[5 5],14,123,148,109,121
1,<environment.Job instance at 0x7f6b6a042a50>,14,26,[12  3],15,150,176,135,147
1,<environment.Job instance at 0x7f6b6a0421e0>,15,20,[14  4],16,176,196,160,167
1,<environment.Job instance at 0x7f6b6a042370>,17,24,[ 5 13],18,196,220,178,191
1,<environment.Job instance at 0x7f6b6a042af0>,18,25,[13  5],19,220,245,201,216
1,<environment.Job instance at 0x7f6b6a0791e0>,20,25,[8 3],21,245,270,224,241
1,<environment.Job instance at 0x7f6b6a079140>,19,19,[ 2 13],20,270,289,250,260
1,<environment.Job instance at 0x7f6b6a079280>,21,19,[14  2],22,294,313,272,294
1,<environment.Job instance at 0x7f6b6a0792d0>,25,22,[4 7],26,313,335,287,306
1,<environment.Job instance at 0x7f6b6a079640>,28,27,[1 9],29,335,362,306,333
1,<environment.Job instance at 0x7f6b6a0796e0>,29,27,[14  4],30,335,362,305,333
1,<environment.Job instance at 0x7f6b6a079820>,31,26,[ 5 14],32,362,388,330,359
1,<environment.Job instance at 0x7f6b6a0798c0>,32,26,[ 2 13],33,388,414,355,385
1,<environment.Job instance at 0x7f6b6a079a00>,34,25,[ 4 10],35,414,439,379,410
1,<environment.Job instance at 0x7f6b6a079aa0>,35,26,[7 1],36,410,436,374,410
1,<environment.Job instance at 0x7f6bb45030a0>,1,22,[ 4 12],2,2,24,0,2
1,<environment.Job instance at 0x7f6b6a079b40>,4,27,[12  1],5,24,51,19,22
1,<environment.Job instance at 0x7f6bada676e0>,7,27,[12  2],8,51,78,43,49
1,<environment.Job instance at 0x7f6bada67be0>,9,27,[5 1],10,78,105,68,76
1,<environment.Job instance at 0x7f6bada671e0>,10,28,[ 5 10],11,78,106,67,77
1,<environment.Job instance at 0x7f6bada673c0>,11,27,[11  5],12,106,133,94,104
1,<environment.Job instance at 0x7f6bada678c0>,12,23,[14  5],13,133,156,120,127
1,<environment.Job instance at 0x7f6bb45bc500>,15,27,[12  4],16,156,183,140,154
1,<environment.Job instance at 0x7f6bb45bc460>,16,20,[ 5 12],17,183,203,166,174
1,<environment.Job instance at 0x7f6bb45bc0f0>,17,28,[12  4],18,203,231,185,202
1,<environment.Job instance at 0x7f6bb45aae10>,21,28,[13  3],22,231,259,209,230
1,<environment.Job instance at 0x7f6bb45aa690>,22,22,[ 3 11],23,259,281,236,252
1,<environment.Job instance at 0x7f6b69c42960>,23,21,[ 2 13],24,281,302,257,273
1,<environment.Job instance at 0x7f6b69c42500>,24,22,[10  2],25,273,295,248,273
1,<environment.Job instance at 0x7f6badcdd500>,25,26,[13  3],26,302,328,276,299
1,<environment.Job instance at 0x7f6badcdd4b0>,26,24,[8 2],27,328,352,301,323
1,<environment.Job instance at 0x7f6bada6b500>,28,12,[11  1],29,920,932,891,920
1,<environment.Job instance at 0x7f6badc2ab90>,1,23,[ 5 12],2,2,25,0,2
1,<environment.Job instance at 0x7f6bb47af140>,3,27,[ 5 10],4,25,52,21,23
1,<environment.Job instance at 0x7f6bb47af7d0>,8,20,[2 7],9,52,72,43,43
1,<environment.Job instance at 0x7f6b69cae1e0>,13,23,[1 5],14,43,66,29,43
1,<environment.Job instance at 0x7f6bb4384e60>,14,27,[2 8],15,66,93,51,64
1,<environment.Job instance at 0x7f6bb43a4c80>,2,24,[6 3],3,3,27,0,3
1,<environment.Job instance at 0x7f6bad9e60f0>,7,26,[6 3],8,8,34,0,8
1,<environment.Job instance at 0x7f6bad9e62d0>,8,23,[11  4],9,34,57,25,28
1,<environment.Job instance at 0x7f6bad9faeb0>,9,27,[13  2],10,57,84,47,55
1,<environment.Job instance at 0x7f6bad9faf50>,6,19,[ 2 11],7,74,93,67,74
1,<environment.Job instance at 0x7f6bad9e6500>,12,26,[14  3],13,93,119,80,90
1,<environment.Job instance at 0x7f6b69e12af0>,1,25,[ 1 10],2,2,27,0,2
1,<environment.Job instance at 0x7f6badf1e960>,6,26,[3 7],7,27,53,20,24
1,<environment.Job instance at 0x7f6badd2d460>,8,22,[2 8],9,27,49,18,24
1,<environment.Job instance at 0x7f6badd2db40>,10,25,[12  2],11,49,74,38,45
1,<environment.Job instance at 0x7f6badd2dd70>,11,22,[11  3],12,74,96,62,67
1,<environment.Job instance at 0x7f6badd2d230>,12,24,[12  5],13,96,120,83,91
1,<environment.Job instance at 0x7f6badd2d320>,13,26,[ 5 10],14,120,146,106,117
1,<environment.Job instance at 0x7f6b6a06a370>,15,28,[12  2],16,146,174,130,145
1,<environment.Job instance at 0x7f6b6a06a3c0>,16,21,[ 4 12],17,174,195,157,166
1,<environment.Job instance at 0x7f6b6a06aaf0>,17,26,[ 4 12],18,195,221,177,192
1,<environment.Job instance at 0x7f6bad9e64b0>,2,20,[ 2 12],3,221,241,218,217
1,<environment.Job instance at 0x7f6bb47cf9b0>,23,23,[ 4 13],24,241,264,217,235
1,<environment.Job instance at 0x7f6bad9e6500>,3,20,[13  1],4,264,284,260,260
1,<environment.Job instance at 0x7f6bb47cf690>,25,22,[5 5],26,284,306,258,277
1,<environment.Job instance at 0x7f6bb47cfaa0>,26,22,[13  1],27,306,328,279,299
1,<environment.Job instance at 0x7f6bb47cf5a0>,28,27,[ 1 13],29,306,333,277,304
1,<environment.Job instance at 0x7f6bb42be050>,1,26,[5 3],2,2,28,0,2
1,<environment.Job instance at 0x7f6bada43eb0>,2,27,[13  5],3,28,55,25,26
1,<environment.Job instance at 0x7f6bada43a00>,6,20,[2 9],7,26,46,19,26
1,<environment.Job instance at 0x7f6bada43e60>,7,26,[14  5],8,55,81,47,52
1,<environment.Job instance at 0x7f6bada43b40>,4,21,[ 4 11],5,81,102,76,73
1,<environment.Job instance at 0x7f6bb47cf5a0>,3,28,[ 3 14],4,102,130,98,101
1,<environment.Job instance at 0x7f6badf75410>,12,24,[8 5],13,130,154,117,125
1,<environment.Job instance at 0x7f6badf75190>,13,24,[5 1],14,125,149,111,125
1,<environment.Job instance at 0x7f6badf75af0>,14,20,[5 3],15,149,169,134,140
1,<environment.Job instance at 0x7f6badf754b0>,10,20,[12  3],11,169,189,158,160
1,<environment.Job instance at 0x7f6badf758c0>,9,18,[13  1],10,200,218,190,200
1,<environment.Job instance at 0x7f6badf75550>,17,14,[14  1],18,808,822,790,808
1,<environment.Job instance at 0x7f6badf75870>,18,25,[ 4 10],19,822,847,803,818
1,<environment.Job instance at 0x7f6badf75dc0>,19,26,[3 6],20,847,873,827,844
1,<environment.Job instance at 0x7f6bad8f4870>,21,14,[11  5],22,2007,2021,1985,2007
1,<environment.Job instance at 0x7f6bad8f4fa0>,22,24,[ 4 12],23,2021,2045,1998,2016
1,<environment.Job instance at 0x7f6bad8f4730>,23,23,[1 6],24,2045,2068,2021,2039
1,<environment.Job instance at 0x7f6badeab5a0>,24,25,[12  2],25,2045,2070,2020,2041
1,<environment.Job instance at 0x7f6badeab280>,26,24,[13  1],27,2070,2094,2043,2065
1,<environment.Job instance at 0x7f6badeab0f0>,27,13,[11  1],28,2094,2107,2066,2084
1,<environment.Job instance at 0x7f6badeab690>,28,22,[10  1],29,2107,2129,2078,2100
1,<environment.Job instance at 0x7f6b69f46780>,0,24,[3 9],1,1,25,0,1
1,<environment.Job instance at 0x7f6bb4877af0>,5,25,[ 2 12],6,25,50,19,21
1,<environment.Job instance at 0x7f6bb48776e0>,6,27,[1 6],7,50,77,43,48
1,<environment.Job instance at 0x7f6bb4877b90>,7,27,[8 5],8,50,77,42,48
1,<environment.Job instance at 0x7f6bb43d78c0>,4,27,[1 9],5,77,104,72,75
1,<environment.Job instance at 0x7f6b69a91050>,14,27,[5 2],15,78,105,63,78
1,<environment.Job instance at 0x7f6bad87b690>,3,24,[9 1],4,4,28,0,4
1,<environment.Job instance at 0x7f6b69a91050>,5,23,[ 3 10],6,6,29,0,6
1,<environment.Job instance at 0x7f6b6a005550>,7,23,[9 5],8,28,51,20,22
1,<environment.Job instance at 0x7f6bb45382d0>,8,27,[ 5 12],9,51,78,42,49
1,<environment.Job instance at 0x7f6bb4538190>,9,21,[7 5],10,78,99,68,70
1,<environment.Job instance at 0x7f6b6a333e60>,10,27,[ 3 13],11,99,126,88,97
1,<environment.Job instance at 0x7f6b6a300d70>,6,20,[10  4],7,126,146,119,117
1,<environment.Job instance at 0x7f6b6a333f50>,13,27,[1 7],14,126,153,112,124
1,<environment.Job instance at 0x7f6b6a333410>,16,22,[10  3],17,146,168,129,139
1,<environment.Job instance at 0x7f6bb4849690>,1,19,[14  4],2,168,187,166,158
1,<environment.Job instance at 0x7f6badb34d70>,21,25,[9 1],22,187,212,165,183
1,<environment.Job instance at 0x7f6b69afda50>,2,27,[6 5],3,3,30,0,3
1,<environment.Job instance at 0x7f6b69af25a0>,9,25,[4 7],10,16,41,6,16
1,<environment.Job instance at 0x7f6bad9ecbe0>,0,19,[5 2],1,2,21,1,2
1,<environment.Job instance at 0x7f6b69af2190>,4,22,[8 3],5,5,27,0,5
1,<environment.Job instance at 0x7f6b69b12cd0>,1,21,[12  1],2,27,48,25,19
1,<environment.Job instance at 0x7f6bb46efb90>,8,23,[11  2],9,48,71,39,42
1,<environment.Job instance at 0x7f6bb46ef730>,10,20,[13  2],11,71,91,60,62
1,<environment.Job instance at 0x7f6bb46efe60>,12,23,[ 3 13],13,91,114,78,85
1,<environment.Job instance at 0x7f6b69a5ceb0>,0,27,[ 4 12],1,1,28,0,1
1,<environment.Job instance at 0x7f6badf7a320>,1,22,[6 4],2,28,50,26,21
1,<environment.Job instance at 0x7f6b6a33b9b0>,5,23,[ 1 11],6,28,51,22,22
1,<environment.Job instance at 0x7f6b69b5eaa0>,7,23,[ 2 11],8,51,74,43,45
1,<environment.Job instance at 0x7f6b69b5e4b0>,8,21,[ 1 11],9,74,95,65,66
1,<environment.Job instance at 0x7f6b69b5eeb0>,10,28,[5 5],11,95,123,84,94
1,<environment.Job instance at 0x7f6b69b5ec30>,11,21,[ 4 13],12,123,144,111,116
1,<environment.Job instance at 0x7f6b69b5e6e0>,9,23,[ 2 14],10,144,167,134,138
1,<environment.Job instance at 0x7f6bad8af3c0>,13,23,[ 5 11],14,167,190,153,161
1,<environment.Job instance at 0x7f6b69c10780>,14,26,[ 5 11],15,190,216,175,187
1,<environment.Job instance at 0x7f6b69f7ea50>,0,24,[14  4],1,1,25,0,1
1,<environment.Job instance at 0x7f6badbc63c0>,2,27,[8 4],3,25,52,22,23
1,<environment.Job instance at 0x7f6b69f7a6e0>,6,24,[5 9],7,25,49,18,24
1,<environment.Job instance at 0x7f6b69f7a500>,5,23,[ 5 12],6,52,75,46,46
1,<environment.Job instance at 0x7f6b69f7aaf0>,4,23,[6 1],5,49,72,44,46
1,<environment.Job instance at 0x7f6b69f7a870>,10,25,[12  3],11,75,100,64,71
1,<environment.Job instance at 0x7f6b69f7a5f0>,11,27,[ 4 11],12,100,127,88,98
1,<environment.Job instance at 0x7f6b69f7a7d0>,12,23,[12  4],13,127,150,114,121
1,<environment.Job instance at 0x7f6b69f7a910>,13,27,[7 5],14,150,177,136,148
1,<environment.Job instance at 0x7f6b69f7a3c0>,8,25,[12  2],9,177,202,168,173
1,<environment.Job instance at 0x7f6b69f7aaa0>,15,25,[ 3 11],16,177,202,161,173
1,<environment.Job instance at 0x7f6b69f7a320>,17,28,[2 8],18,202,230,184,201
1,<environment.Job instance at 0x7f6b69f7ab90>,16,21,[ 4 11],17,230,251,213,222
1,<environment.Job instance at 0x7f6b69f7ab40>,18,25,[ 1 12],19,251,276,232,247
1,<environment.Job instance at 0x7f6b6a244820>,20,23,[5 5],21,276,299,255,270
1,<environment.Job instance at 0x7f6b6a244e10>,21,26,[14  4],22,299,325,277,296
1,<environment.Job instance at 0x7f6b6a2449b0>,22,25,[2 8],23,325,350,302,321
1,<environment.Job instance at 0x7f6b6a244dc0>,24,25,[4 7],25,325,350,300,321
1,<environment.Job instance at 0x7f6b6a244690>,25,25,[11  5],26,350,375,324,346
1,<environment.Job instance at 0x7f6b6a244d20>,26,23,[14  2],27,375,398,348,369
1,<environment.Job instance at 0x7f6b6a2446e0>,27,28,[ 4 11],28,398,426,370,397
1,<environment.Job instance at 0x7f6b69c0a1e0>,3,24,[9 1],4,4,28,0,4
1,<environment.Job instance at 0x7f6bad9babe0>,8,22,[1 8],9,19,41,10,19
1,<environment.Job instance at 0x7f194aaea370>,1,24,[10  1],2,2,26,0,2
1,<environment.Job instance at 0x7f194998b2d0>,4,24,[7 2],5,26,50,21,21
1,<environment.Job instance at 0x7f194aaea230>,2,20,[7 4],3,26,46,23,21
1,<environment.Job instance at 0x7f194998b3c0>,7,26,[9 3],8,50,76,42,47
1,<environment.Job instance at 0x7f194998b460>,8,20,[ 4 13],9,76,96,67,67
1,<environment.Job instance at 0x7f194998b6e0>,12,28,[ 1 14],13,96,124,83,95
1,<environment.Job instance at 0x7f194998b280>,5,24,[ 2 14],6,124,148,118,119
1,<environment.Job instance at 0x7f194998b8c0>,15,20,[ 3 12],16,148,168,132,139
1,<environment.Job instance at 0x7f194998b960>,16,28,[5 1],17,139,167,122,139
1,<environment.Job instance at 0x7f194998ba00>,17,19,[12  4],18,168,187,150,166
1,<environment.Job instance at 0x7f1949994d20>,1,19,[5 5],2,2,21,0,2
1,<environment.Job instance at 0x7f194ab11d70>,3,21,[4 8],4,4,25,0,4
1,<environment.Job instance at 0x7f194ab11b40>,7,26,[2 7],8,21,47,13,19
1,<environment.Job instance at 0x7f194ab11050>,5,27,[5 5],6,25,52,19,23
1,<environment.Job instance at 0x7f194ac5f230>,11,22,[11  2],12,52,74,40,45
1,<environment.Job instance at 0x7f194ac5f050>,13,23,[9 1],14,74,97,60,68
1,<environment.Job instance at 0x7f194ac5f320>,14,25,[ 1 13],15,68,93,53,68
1,<environment.Job instance at 0x7f194ab14d70>,15,21,[14  5],16,97,118,81,89
1,<environment.Job instance at 0x7f194ab14780>,18,24,[13  2],19,118,142,99,113
1,<environment.Job instance at 0x7f194ab14500>,19,25,[6 5],20,142,167,122,138
1,<environment.Job instance at 0x7f194ac50820>,20,28,[13  5],21,167,195,146,166
1,<environment.Job instance at 0x7f194ac50b90>,21,28,[ 5 11],22,195,223,173,194
1,<environment.Job instance at 0x7f194ac505a0>,24,16,[1 9],25,234,250,209,234
1,<environment.Job instance at 0x7f194ab125f0>,25,19,[ 1 10],26,250,269,224,240
1,<environment.Job instance at 0x7f194ab120f0>,27,22,[ 4 14],28,269,291,241,262
1,<environment.Job instance at 0x7f194ab12550>,28,25,[1 7],29,291,316,262,287
1,<environment.Job instance at 0x7f1949995960>,0,19,[12  3],1,295,314,294,295
1,<environment.Job instance at 0x7f194ab12960>,30,27,[ 3 11],31,316,343,285,314
1,<environment.Job instance at 0x7f194ab12730>,31,23,[5 1],32,314,337,282,314
1,<environment.Job instance at 0x7f194ab12e10>,35,19,[14  5],36,343,362,307,334
1,<environment.Job instance at 0x7f194ab12410>,37,26,[5 4],38,362,388,324,359
1,<environment.Job instance at 0x7f194ab126e0>,39,20,[4 9],40,362,382,322,359
1,<environment.Job instance at 0x7f18ffdbaeb0>,0,26,[5 4],1,1,27,0,1
1,<environment.Job instance at 0x7f18ffa847d0>,4,22,[3 8],5,5,27,0,5
1,<environment.Job instance at 0x7f18ffa84af0>,6,24,[13  4],7,27,51,20,22
1,<environment.Job instance at 0x7f194ab126e0>,2,19,[2 5],3,27,46,24,27
1,<environment.Job instance at 0x7f194ab12050>,1,23,[ 3 14],2,51,74,49,45
1,<environment.Job instance at 0x7f18ffab5370>,10,24,[ 4 11],11,74,98,63,69
1,<environment.Job instance at 0x7f18ffab5d20>,14,25,[14  5],15,98,123,83,94
1,<environment.Job instance at 0x7f18ffab5960>,15,24,[3 7],16,123,147,107,118
1,<environment.Job instance at 0x7f18ffab5410>,16,19,[3 8],17,123,142,106,118
1,<environment.Job instance at 0x7f194ac4fdc0>,1,24,[7 2],2,2,26,0,2
1,<environment.Job instance at 0x7f18ffe8b230>,7,27,[6 1],8,8,35,0,8
1,<environment.Job instance at 0x7f18ffe8bbe0>,8,27,[ 4 13],9,26,53,17,24
1,<environment.Job instance at 0x7f18ffe8b780>,10,27,[11  1],11,35,62,24,33
1,<environment.Job instance at 0x7f18ffe8b460>,14,23,[1 8],15,53,76,38,47
1,<environment.Job instance at 0x7f18ffe8b190>,15,27,[ 5 14],16,76,103,60,74
1,<environment.Job instance at 0x7f18ffe8b3c0>,17,27,[5 1],18,74,101,56,74
1,<environment.Job instance at 0x7f18ffe8b640>,18,26,[ 2 13],19,103,129,84,100
1,<environment.Job instance at 0x7f18ffe8ba50>,19,28,[14  4],20,129,157,109,128
1,<environment.Job instance at 0x7f18ffe8b500>,20,27,[3 9],21,157,184,136,155
1,<environment.Job instance at 0x7f18ffe8bd20>,21,20,[ 4 11],22,184,204,162,175
1,<environment.Job instance at 0x7f19499ee5f0>,2,28,[11  2],3,3,31,0,3
1,<environment.Job instance at 0x7f18ffe8bd20>,3,24,[7 5],4,31,55,27,26
1,<environment.Job instance at 0x7f18ffdcd4b0>,5,20,[5 8],6,48,68,42,48
1,<environment.Job instance at 0x7f18ffdcd230>,6,27,[ 4 13],7,68,95,61,66
1,<environment.Job instance at 0x7f18ffdcd280>,7,28,[ 1 14],8,95,123,87,94
1,<environment.Job instance at 0x7f18ffdcd190>,10,28,[7 4],11,123,151,112,122
1,<environment.Job instance at 0x7f18ffdcd5a0>,11,27,[4 6],12,123,150,111,122
1,<environment.Job instance at 0x7f18ffdcd3c0>,13,20,[4 9],14,150,170,136,141
1,<environment.Job instance at 0x7f18ffdcdaf0>,15,27,[12  5],16,170,197,154,168
1,<environment.Job instance at 0x7f18ffdcdf00>,16,21,[10  5],17,197,218,180,189
1,<environment.Job instance at 0x7f18ffdcdfa0>,17,28,[11  5],18,218,246,200,217
1,<environment.Job instance at 0x7f18ffdcd550>,18,25,[14  5],19,246,271,227,242
1,<environment.Job instance at 0x7f18ffddb050>,19,26,[14  1],20,271,297,251,268
1,<environment.Job instance at 0x7f18ffddb190>,21,26,[6 2],22,297,323,275,294
1,<environment.Job instance at 0x7f18ffddb230>,22,23,[5 8],23,297,320,274,294
1,<environment.Job instance at 0x7f18ffddb410>,25,21,[ 4 14],26,323,344,297,315
1,<environment.Job instance at 0x7f18ffddb690>,26,28,[5 6],27,344,372,317,343
1,<environment.Job instance at 0x7f18ffddb6e0>,27,20,[ 2 11],28,372,392,344,363
1,<environment.Job instance at 0x7f1949ed8460>,0,27,[14  3],1,1,28,0,1
1,<environment.Job instance at 0x7f1949f1bf00>,6,28,[5 7],7,28,56,21,27
1,<environment.Job instance at 0x7f1949e56b40>,2,24,[14  5],3,3,27,0,3
1,<environment.Job instance at 0x7f1949769e60>,3,24,[14  5],4,27,51,23,22
1,<environment.Job instance at 0x7f18fff53730>,5,22,[ 3 14],6,51,73,45,44
1,<environment.Job instance at 0x7f194ac4ffa0>,1,20,[ 3 14],2,73,93,71,64
1,<environment.Job instance at 0x7f1949ad8be0>,8,25,[5 3],9,93,118,84,89
1,<environment.Job instance at 0x7f18ffedc460>,10,22,[ 3 14],11,118,140,107,111
1,<environment.Job instance at 0x7f1949e925f0>,1,22,[ 4 12],2,2,24,0,2
1,<environment.Job instance at 0x7f194a12c910>,4,27,[12  1],5,24,51,19,22
1,<environment.Job instance at 0x7f18ffc1efa0>,7,27,[12  2],8,51,78,43,49
1,<environment.Job instance at 0x7f194a3a6190>,9,27,[5 1],10,78,105,68,76
1,<environment.Job instance at 0x7f194a3a6230>,10,28,[ 5 10],11,78,106,67,77
1,<environment.Job instance at 0x7f194a3a62d0>,11,27,[11  5],12,106,133,94,104
1,<environment.Job instance at 0x7f194a3a6370>,12,23,[14  5],13,133,156,120,127
1,<environment.Job instance at 0x7f194a3a6550>,15,27,[12  4],16,156,183,140,154
1,<environment.Job instance at 0x7f194a3a65f0>,16,20,[ 5 12],17,183,203,166,174
1,<environment.Job instance at 0x7f194a3a6690>,17,28,[12  4],18,203,231,185,202
1,<environment.Job instance at 0x7f194a3a6910>,21,28,[13  3],22,231,259,209,230
1,<environment.Job instance at 0x7f194a3a6a50>,22,22,[ 3 11],23,259,281,236,252
1,<environment.Job instance at 0x7f194a3a60f0>,23,21,[ 2 13],24,281,302,257,273
1,<environment.Job instance at 0x7f194a3a6960>,24,22,[10  2],25,273,295,248,273
1,<environment.Job instance at 0x7f194a3a6be0>,25,26,[13  3],26,302,328,276,299
1,<environment.Job instance at 0x7f194a3a6c80>,26,24,[8 2],27,328,352,301,323
1,<environment.Job instance at 0x7f194a3a6d20>,3,23,[1 5],4,4,27,0,4
1,<environment.Job instance at 0x7f18ffe876e0>,4,27,[2 8],5,5,32,0,5
1,<environment.Job instance at 0x7f1949f62f00>,13,24,[13  4],14,30,54,16,30
1,<environment.Job instance at 0x7f194a0c4960>,14,19,[ 2 13],15,54,73,39,51
1,<environment.Job instance at 0x7f194a0c5e60>,0,23,[2 9],1,1,24,0,1
1,<environment.Job instance at 0x7f194a0c5690>,2,23,[8 3],3,3,26,0,3
1,<environment.Job instance at 0x7f194a0c5e10>,7,24,[ 1 11],8,24,48,16,19
1,<environment.Job instance at 0x7f1949f6e0f0>,8,27,[10  4],9,26,53,17,24
1,<environment.Job instance at 0x7f1949f6e460>,9,26,[5 5],10,48,74,38,45
1,<environment.Job instance at 0x7f194a0c5320>,4,25,[ 1 14],5,74,99,69,70
1,<environment.Job instance at 0x7f194a06c550>,11,19,[13  1],12,97,116,85,97
1,<environment.Job instance at 0x7f194a06c4b0>,13,28,[ 4 11],14,116,144,102,115
1,<environment.Job instance at 0x7f194a06c0a0>,14,22,[5 4],15,116,138,101,115
1,<environment.Job instance at 0x7f194a06ce10>,15,24,[13  5],16,144,168,128,139
1,<environment.Job instance at 0x7f1949d51cd0>,16,26,[12  1],17,168,194,151,165
1,<environment.Job instance at 0x7f194a06c9b0>,12,16,[11  1],13,247,263,234,247
1,<environment.Job instance at 0x7f1949ed8730>,21,26,[7 1],22,263,289,241,260
1,<environment.Job instance at 0x7f1949ed8370>,22,22,[8 3],23,263,285,240,260
1,<environment.Job instance at 0x7f194a0c5730>,5,19,[13  1],6,445,464,439,445
1,<environment.Job instance at 0x7f18ffd5b780>,0,23,[8 4],1,1,24,0,1
1,<environment.Job instance at 0x7f18ffd5b5a0>,4,27,[8 5],5,24,51,19,22
1,<environment.Job instance at 0x7f1949fdafa0>,2,21,[11  5],3,51,72,48,43
1,<environment.Job instance at 0x7f194a096730>,7,20,[ 5 13],8,72,92,64,63
1,<environment.Job instance at 0x7f194a096870>,9,20,[13  2],10,92,112,82,83
1,<environment.Job instance at 0x7f194a0969b0>,11,26,[7 3],12,112,138,100,109
1,<environment.Job instance at 0x7f194a0967d0>,8,19,[ 2 14],9,138,157,129,128
1,<environment.Job instance at 0x7f194a096af0>,13,28,[ 5 10],14,157,185,143,156
1,<environment.Job instance at 0x7f194a096b90>,14,22,[14  1],15,185,207,170,178
1,<environment.Job instance at 0x7f18ff8d4fa0>,2,22,[5 2],3,3,25,0,3
1,<environment.Job instance at 0x7f18ff8d4780>,5,26,[2 5],6,6,32,0,6
1,<environment.Job instance at 0x7f194a4e3550>,9,28,[8 2],10,11,39,1,11
1,<environment.Job instance at 0x7f1949b36910>,10,23,[4 9],11,32,55,21,26
1,<environment.Job instance at 0x7f1949b36aa0>,11,24,[5 2],12,39,63,27,34
1,<environment.Job instance at 0x7f18ffa1be10>,0,19,[4 5],1,2,21,1,2
1,<environment.Job instance at 0x7f18ffa1bf50>,4,21,[5 4],5,5,26,0,5
1,<environment.Job instance at 0x7f18ffa1b5a0>,6,22,[7 2],7,21,43,14,14
1,<environment.Job instance at 0x7f18ffa1bbe0>,8,23,[8 3],9,26,49,17,20
1,<environment.Job instance at 0x7f18ffa1b190>,7,28,[3 5],8,43,71,35,42
1,<environment.Job instance at 0x7f194ac52230>,10,25,[ 4 10],11,49,74,38,45
1,<environment.Job instance at 0x7f194ac522d0>,13,23,[1 5],14,71,94,57,65
1,<environment.Job instance at 0x7f19498366e0>,1,27,[11  5],2,2,29,0,2
1,<environment.Job instance at 0x7f1900057690>,7,22,[10  1],8,29,51,21,22
1,<environment.Job instance at 0x7f190004e0a0>,8,28,[1 7],9,22,50,13,22
1,<environment.Job instance at 0x7f1900057410>,9,24,[5 1],10,50,74,40,45
1,<environment.Job instance at 0x7f1900022a50>,3,12,[11  1],4,276,288,272,276
1,<environment.Job instance at 0x7f18ff966910>,1,21,[12  1],2,2,23,0,2
1,<environment.Job instance at 0x7f19499846e0>,4,22,[8 3],5,23,45,18,16
1,<environment.Job instance at 0x7f194aa13190>,8,23,[11  2],9,45,68,36,39
1,<environment.Job instance at 0x7f194a094870>,10,20,[13  2],11,68,88,57,59
1,<environment.Job instance at 0x7f18fff42be0>,11,21,[2 6],12,59,80,47,59
1,<environment.Job instance at 0x7f18fff424b0>,12,23,[ 3 13],13,88,111,75,82
1,<environment.Job instance at 0x7f194ab70280>,13,26,[3 8],14,111,137,97,108
1,<environment.Job instance at 0x7f19497ceaa0>,0,28,[5 5],1,1,29,0,1
1,<environment.Job instance at 0x7f18ff6ab230>,4,26,[ 5 11],5,29,55,24,26
1,<environment.Job instance at 0x7f19497ce910>,3,23,[ 5 11],4,55,78,51,49
1,<environment.Job instance at 0x7f1949fb4730>,7,27,[12  5],8,78,105,70,76
1,<environment.Job instance at 0x7f1949fb49b0>,9,22,[ 2 11],10,105,127,95,98
1,<environment.Job instance at 0x7f1949fb4410>,11,21,[9 5],12,127,148,115,119
1,<environment.Job instance at 0x7f18ff7b80a0>,1,21,[ 4 13],2,148,169,146,140
1,<environment.Job instance at 0x7f1949fb4460>,8,19,[11  4],9,169,188,160,165
1,<environment.Job instance at 0x7f194a03d780>,0,23,[5 5],1,1,24,0,1
1,<environment.Job instance at 0x7f18ff894f50>,5,25,[11  5],6,24,49,18,20
1,<environment.Job instance at 0x7f1949fb4500>,1,26,[14  4],2,49,75,47,46
1,<environment.Job instance at 0x7f18ff894f00>,7,28,[ 4 11],8,75,103,67,74
1,<environment.Job instance at 0x7f18ff894960>,6,23,[14  2],7,103,126,96,97
1,<environment.Job instance at 0x7f19497862d0>,4,25,[4 7],5,126,151,121,122
1,<environment.Job instance at 0x7f194a03dc80>,2,25,[2 8],3,126,151,123,122
1,<environment.Job instance at 0x7f18ff866730>,12,28,[5 4],13,151,179,138,150
1,<environment.Job instance at 0x7f18ff866500>,11,24,[ 3 14],12,179,203,167,174
1,<environment.Job instance at 0x7f18ff866be0>,13,27,[ 3 12],14,203,230,189,201
1,<environment.Job instance at 0x7f18ff8972d0>,15,25,[ 5 12],16,230,255,214,226
1,<environment.Job instance at 0x7f18ff897050>,16,24,[7 4],17,255,279,238,250
1,<environment.Job instance at 0x7f18ff8971e0>,17,21,[10  1],18,279,300,261,271
1,<environment.Job instance at 0x7f18ff897e60>,19,27,[4 5],20,271,298,251,271
1,<environment.Job instance at 0x7f18ff897730>,22,28,[10  5],23,300,328,277,299
1,<environment.Job instance at 0x7f18ff897a00>,23,25,[8 4],24,328,353,304,324
1,<environment.Job instance at 0x7f18ff8975a0>,24,21,[6 3],25,328,349,303,324
1,<environment.Job instance at 0x7f18ff747b90>,0,27,[ 2 12],1,2,29,1,2
1,<environment.Job instance at 0x7f18ff860050>,3,27,[9 5],4,29,56,25,27
1,<environment.Job instance at 0x7f18ff747190>,4,25,[3 5],5,29,54,24,27
1,<environment.Job instance at 0x7f18ff912820>,2,22,[2 8],3,54,76,51,47
1,<environment.Job instance at 0x7f18ff747910>,1,25,[ 3 13],2,76,101,74,72
1,<environment.Job instance at 0x7f194a33b6e0>,9,28,[12  5],10,101,129,91,100
1,<environment.Job instance at 0x7f194a33b2d0>,10,28,[2 5],11,101,129,90,100
1,<environment.Job instance at 0x7f194a33b640>,11,27,[13  3],12,129,156,117,127
1,<environment.Job instance at 0x7f194a33bb40>,13,25,[11  2],14,156,181,142,152
1,<environment.Job instance at 0x7f194a33b7d0>,12,26,[ 2 14],13,181,207,168,178
1,<environment.Job instance at 0x7f18ffdb2190>,8,27,[ 4 14],9,207,234,198,205
1,<environment.Job instance at 0x7f18ffdb2280>,5,23,[ 2 13],6,234,257,228,228
1,<environment.Job instance at 0x7f194a6bb7d0>,18,20,[ 1 11],19,257,277,238,248
1,<environment.Job instance at 0x7f1949f07820>,17,21,[12  2],18,251,272,233,251
1,<environment.Job instance at 0x7f194a6bb820>,20,20,[2 8],21,277,297,256,268
1,<environment.Job instance at 0x7f194a02f2d0>,0,21,[8 3],1,1,22,0,1
1,<environment.Job instance at 0x7f18ffa2a6e0>,3,27,[ 4 14],4,22,49,18,20
1,<environment.Job instance at 0x7f18ffa2ac30>,9,24,[ 1 10],10,49,73,39,44
1,<environment.Job instance at 0x7f18ffa2a4b0>,11,25,[14  1],12,49,74,37,45
1,<environment.Job instance at 0x7f18ffa2aaf0>,14,28,[5 7],15,74,102,59,73
1,<environment.Job instance at 0x7f18ffa2a730>,15,28,[2 5],16,74,102,58,73
1,<environment.Job instance at 0x7f19498e8a50>,17,22,[9 4],18,102,124,84,95
1,<environment.Job instance at 0x7f19498e8e60>,18,28,[5 1],19,95,123,76,95
1,<environment.Job instance at 0x7f19498e8370>,19,28,[1 9],20,115,143,95,115
1,<environment.Job instance at 0x7f18ffa2ad70>,8,22,[ 4 13],9,143,165,134,136
1,<environment.Job instance at 0x7f19498e8d70>,16,28,[ 2 14],17,165,193,148,164
1,<environment.Job instance at 0x7f19498e85f0>,26,23,[12  4],27,193,216,166,187
1,<environment.Job instance at 0x7f19498e8050>,30,28,[5 5],31,216,244,185,215
1,<environment.Job instance at 0x7f19499ef140>,31,24,[10  1],32,216,240,184,215
1,<environment.Job instance at 0x7f19499efdc0>,32,26,[ 5 14],33,244,270,211,241
1,<environment.Job instance at 0x7f19498e8500>,28,22,[ 3 14],29,270,292,241,264
1,<environment.Job instance at 0x7f18ffea30f0>,36,21,[12  4],37,292,313,255,284
1,<environment.Job instance at 0x7f18ff7c4f50>,0,26,[6 1],1,1,27,0,1
1,<environment.Job instance at 0x7f18ff7c4cd0>,2,21,[5 4],3,3,24,0,3
1,<environment.Job instance at 0x7f18ff6578c0>,3,23,[5 7],4,24,47,20,18
1,<environment.Job instance at 0x7f18ffcc38c0>,7,25,[ 5 10],8,47,72,39,43
1,<environment.Job instance at 0x7f1949e81dc0>,5,27,[ 2 11],6,72,99,66,70
1,<environment.Job instance at 0x7f1949edf0f0>,12,25,[12  2],13,75,100,62,75
1,<environment.Job instance at 0x7f1949edf780>,13,28,[4 9],14,100,128,86,99
1,<environment.Job instance at 0x7f1f625d4370>,1,24,[10  1],2,2,26,0,2
1,<environment.Job instance at 0x7f1f614752d0>,4,24,[7 2],5,26,50,21,21
1,<environment.Job instance at 0x7f1f625d4230>,2,20,[7 4],3,26,46,23,21
1,<environment.Job instance at 0x7f1f614753c0>,7,26,[9 3],8,50,76,42,47
1,<environment.Job instance at 0x7f1f61475460>,8,20,[ 4 13],9,76,96,67,67
1,<environment.Job instance at 0x7f1f614756e0>,12,28,[ 1 14],13,96,124,83,95
1,<environment.Job instance at 0x7f1f61475280>,5,24,[ 2 14],6,124,148,118,119
1,<environment.Job instance at 0x7f1f614758c0>,15,20,[ 3 12],16,148,168,132,139
1,<environment.Job instance at 0x7f1f61475960>,16,28,[5 1],17,139,167,122,139
1,<environment.Job instance at 0x7f1f61475a00>,17,19,[12  4],18,168,187,150,159
1,<environment.Job instance at 0x7f1f6147f3c0>,1,22,[11  2],2,2,24,0,2
1,<environment.Job instance at 0x7f1f62746f00>,3,23,[9 1],4,24,47,20,18
1,<environment.Job instance at 0x7f1f62746820>,5,21,[14  5],6,47,68,41,39
1,<environment.Job instance at 0x7f1f62746af0>,8,24,[13  2],9,68,92,59,63
1,<environment.Job instance at 0x7f1f62746230>,9,25,[6 5],10,92,117,82,88
1,<environment.Job instance at 0x7f1f62746c80>,10,28,[13  5],11,117,145,106,116
1,<environment.Job instance at 0x7f1f62746410>,11,28,[ 5 11],12,145,173,133,144
1,<environment.Job instance at 0x7f1f614812d0>,4,25,[ 1 13],5,173,198,168,169
1,<environment.Job instance at 0x7f1f6273ae60>,17,22,[ 4 14],18,198,220,180,191
1,<environment.Job instance at 0x7f1f6273af50>,18,25,[1 7],19,220,245,201,216
1,<environment.Job instance at 0x7f1f6273ab90>,20,27,[ 3 11],21,245,272,224,243
1,<environment.Job instance at 0x7f1f6273aa00>,21,23,[5 1],22,243,266,221,243
1,<environment.Job instance at 0x7f1f62747f00>,25,19,[14  5],26,272,291,246,264
1,<environment.Job instance at 0x7f1f627470a0>,27,26,[5 4],28,291,317,263,288
1,<environment.Job instance at 0x7f1f62747280>,29,20,[4 9],30,291,311,261,290
1,<environment.Job instance at 0x7f1f174752d0>,0,26,[3 9],1,1,27,0,1
1,<environment.Job instance at 0x7f1f17475640>,4,23,[6 4],5,5,28,0,5
1,<environment.Job instance at 0x7f1f62747280>,2,24,[4 9],3,27,51,24,22
1,<environment.Job instance at 0x7f1f17475050>,5,22,[12  2],6,51,73,45,44
1,<environment.Job instance at 0x7f1f17475190>,3,25,[13  2],4,73,98,69,69
1,<environment.Job instance at 0x7f1f62747d20>,1,19,[11  4],2,98,117,96,88
1,<environment.Job instance at 0x7f1f175046e0>,12,20,[7 5],13,117,137,104,108
1,<environment.Job instance at 0x7f1f17422eb0>,6,22,[7 5],7,7,29,0,7
1,<environment.Job instance at 0x7f1f17422cd0>,7,20,[5 8],8,8,28,0,8
1,<environment.Job instance at 0x7f1f17422870>,0,19,[11  3],1,29,48,28,19
1,<environment.Job instance at 0x7f1f17422a50>,11,26,[2 8],12,28,54,16,25
1,<environment.Job instance at 0x7f1f17422d70>,10,20,[11  2],11,48,68,37,42
1,<environment.Job instance at 0x7f1f17876500>,15,23,[3 6],16,54,77,38,48
1,<environment.Job instance at 0x7f1f178760f0>,17,28,[ 3 11],18,77,105,59,76
1,<environment.Job instance at 0x7f1f175f3d20>,18,27,[14  1],19,105,132,86,103
1,<environment.Job instance at 0x7f1f175f3aa0>,19,27,[9 5],20,132,159,112,130
1,<environment.Job instance at 0x7f1f618ad050>,0,28,[8 2],1,1,29,0,1
1,<environment.Job instance at 0x7f1f178b7730>,5,21,[ 5 12],6,27,48,21,27
1,<environment.Job instance at 0x7f1f178b7780>,7,23,[9 5],8,48,71,40,42
1,<environment.Job instance at 0x7f1f178bc140>,9,22,[2 5],10,48,70,38,43
1,<environment.Job instance at 0x7f1f178bc280>,11,25,[12  5],12,71,96,59,67
1,<environment.Job instance at 0x7f1f178bc320>,12,24,[6 4],13,96,120,83,91
1,<environment.Job instance at 0x7f1f6181da50>,2,27,[12  1],3,120,147,117,118
1,<environment.Job instance at 0x7f1f6181d370>,3,27,[ 3 11],4,118,145,114,118
1,<environment.Job instance at 0x7f1f175f3140>,1,26,[14  3],2,147,173,145,144
1,<environment.Job instance at 0x7f1f178bc460>,14,23,[13  3],15,173,196,158,167
1,<environment.Job instance at 0x7f1f178bc640>,17,25,[4 9],18,196,221,178,192
1,<environment.Job instance at 0x7f1f178bc780>,19,28,[5 9],20,221,249,201,220
1,<environment.Job instance at 0x7f1f178bc820>,20,24,[4 8],21,249,273,228,244
1,<environment.Job instance at 0x7f1f178bc6e0>,18,26,[6 1],19,244,270,225,244
1,<environment.Job instance at 0x7f1f178bc960>,22,23,[10  5],23,270,293,247,264
1,<environment.Job instance at 0x7f1f178bca00>,23,24,[12  1],24,293,317,269,288
1,<environment.Job instance at 0x7f1f178bcbe0>,26,27,[13  3],27,317,344,290,315
1,<environment.Job instance at 0x7f1f178bcfa0>,30,19,[12  4],31,344,363,313,339
1,<environment.Job instance at 0x7f1f178bc3c0>,13,19,[ 2 11],14,362,381,348,362
1,<environment.Job instance at 0x7f1f178c6140>,33,25,[8 3],34,363,388,329,362
1,<environment.Job instance at 0x7f1f6132aaf0>,0,23,[3 9],1,1,24,0,1
1,<environment.Job instance at 0x7f1f62134e60>,3,26,[10  3],4,4,30,0,4
1,<environment.Job instance at 0x7f1f621345a0>,8,22,[ 4 12],9,24,46,15,17
1,<environment.Job instance at 0x7f1f62134aa0>,9,25,[8 2],10,30,55,20,26
1,<environment.Job instance at 0x7f1f62134b40>,11,27,[6 4],12,46,73,34,44
1,<environment.Job instance at 0x7f1f62134690>,13,20,[4 7],14,55,75,41,46
1,<environment.Job instance at 0x7f1f621342d0>,14,21,[10  3],15,73,94,58,65
1,<environment.Job instance at 0x7f1f178c60f0>,1,19,[ 4 14],2,94,113,92,93
1,<environment.Job instance at 0x7f1f62134e10>,19,25,[13  3],20,113,138,93,109
1,<environment.Job instance at 0x7f1f175f50a0>,0,27,[6 1],1,1,28,0,1
1,<environment.Job instance at 0x7f1f1792a460>,1,26,[ 3 14],2,3,29,1,3
1,<environment.Job instance at 0x7f1f1792aaa0>,5,19,[5 7],6,29,48,23,19
1,<environment.Job instance at 0x7f1f1792a6e0>,6,19,[ 4 12],7,48,67,41,38
1,<environment.Job instance at 0x7f1f17a8e910>,9,21,[1 7],10,67,88,57,59
1,<environment.Job instance at 0x7f1f175e76e0>,1,23,[ 5 12],2,2,25,0,2
1,<environment.Job instance at 0x7f1f61440460>,3,27,[ 5 10],4,25,52,21,23
1,<environment.Job instance at 0x7f1f6142e460>,7,18,[10  1],8,23,41,15,23
1,<environment.Job instance at 0x7f1f6142e820>,13,23,[1 5],14,41,64,27,35
1,<environment.Job instance at 0x7f1f6142e8c0>,14,27,[2 8],15,52,79,37,50
1,<environment.Job instance at 0x7f1f61883050>,0,23,[2 9],1,1,24,0,1
1,<environment.Job instance at 0x7f1f6142ea00>,2,23,[8 3],3,3,26,0,3
1,<environment.Job instance at 0x7f1f625fdb90>,7,24,[ 1 11],8,24,48,16,19
1,<environment.Job instance at 0x7f1f17a59280>,8,27,[10  4],9,26,53,17,24
1,<environment.Job instance at 0x7f1f615ae1e0>,9,26,[5 5],10,48,74,38,45
1,<environment.Job instance at 0x7f1f1795caa0>,4,25,[ 1 14],5,74,99,69,70
1,<environment.Job instance at 0x7f1f1795c1e0>,5,19,[13  1],6,99,118,93,99
1,<environment.Job instance at 0x7f1f615ae0f0>,13,28,[ 4 11],14,118,146,104,117
1,<environment.Job instance at 0x7f1f615aee60>,14,22,[5 4],15,118,140,103,117
1,<environment.Job instance at 0x7f1f615aecd0>,15,24,[13  5],16,146,170,130,141
1,<environment.Job instance at 0x7f1f615aeb90>,16,26,[12  1],17,170,196,153,167
1,<environment.Job instance at 0x7f1f615ae3c0>,11,19,[13  1],12,253,272,241,253
1,<environment.Job instance at 0x7f1f62744dc0>,21,26,[7 1],22,272,298,250,269
1,<environment.Job instance at 0x7f1f627449b0>,22,22,[8 3],23,272,294,249,269
1,<environment.Job instance at 0x7f1f17991fa0>,1,26,[7 3],2,2,28,0,2
1,<environment.Job instance at 0x7f1f17750d20>,3,28,[ 5 10],4,4,32,0,4
1,<environment.Job instance at 0x7f1f17849a00>,4,22,[14  1],5,32,54,27,25
1,<environment.Job instance at 0x7f1f61f42820>,13,27,[12  4],14,54,81,40,52
1,<environment.Job instance at 0x7f1f61dee280>,2,27,[ 3 11],3,3,30,0,3
1,<environment.Job instance at 0x7f1f61f42b90>,3,21,[ 3 13],4,30,51,26,22
1,<environment.Job instance at 0x7f1f61dee320>,5,21,[ 4 14],6,51,72,45,43
1,<environment.Job instance at 0x7f1f617a54b0>,0,27,[ 3 13],1,1,28,0,1
1,<environment.Job instance at 0x7f1f615c55a0>,3,27,[1 7],4,28,55,24,26
1,<environment.Job instance at 0x7f1f17829eb0>,6,22,[10  3],7,28,50,21,26
1,<environment.Job instance at 0x7f1f178293c0>,11,25,[9 1],12,50,75,38,46
1,<environment.Job instance at 0x7f1f617a5af0>,2,18,[11  3],3,133,151,130,133
1,<environment.Job instance at 0x7f1f61f1fb40>,1,22,[ 4 12],2,2,24,0,2
1,<environment.Job instance at 0x7f1f17829b40>,3,24,[14  1],4,24,48,20,20
1,<environment.Job instance at 0x7f1f61a99dc0>,7,26,[11  2],8,48,74,40,45
1,<environment.Job instance at 0x7f1f61a99640>,9,24,[11  1],10,74,98,64,69
1,<environment.Job instance at 0x7f1f61a99370>,10,23,[13  2],11,98,121,87,92
1,<environment.Job instance at 0x7f1f178290f0>,2,20,[13  3],3,121,141,118,112
1,<environment.Job instance at 0x7f1f61a990f0>,13,28,[5 9],14,141,169,127,140
1,<environment.Job instance at 0x7f1f171cd230>,4,27,[ 4 13],5,5,32,0,5
1,<environment.Job instance at 0x7f1f17363a00>,5,23,[ 4 12],6,32,55,26,26
1,<environment.Job instance at 0x7f1f61ac9a50>,8,23,[ 5 11],9,55,78,46,49
1,<environment.Job instance at 0x7f1f61ac99b0>,9,28,[13  3],10,78,106,68,77
1,<environment.Job instance at 0x7f1f61ac9dc0>,10,27,[3 8],11,106,133,95,104
1,<environment.Job instance at 0x7f1f61ac9c80>,11,23,[ 5 11],12,133,156,121,127
1,<environment.Job instance at 0x7f1f6166bd70>,0,24,[14  4],1,1,25,0,1
1,<environment.Job instance at 0x7f1f61aef7d0>,2,27,[8 4],3,25,52,22,23
1,<environment.Job instance at 0x7f1f6123b8c0>,6,24,[5 9],7,25,49,18,24
1,<environment.Job instance at 0x7f1f172654b0>,8,25,[12  2],9,52,77,43,48
1,<environment.Job instance at 0x7f1f17745140>,10,25,[12  3],11,77,102,66,73
1,<environment.Job instance at 0x7f1f615c5280>,11,27,[ 4 11],12,102,129,90,100
1,<environment.Job instance at 0x7f1f615c5140>,12,23,[12  4],13,129,152,116,123
1,<environment.Job instance at 0x7f1f615c53c0>,13,27,[7 5],14,152,179,138,150
1,<environment.Job instance at 0x7f1f61abba00>,5,23,[ 5 12],6,179,202,173,173
1,<environment.Job instance at 0x7f1f615c5500>,15,25,[ 3 11],16,202,227,186,198
1,<environment.Job instance at 0x7f1f61c343c0>,16,21,[ 4 11],17,227,248,210,219
1,<environment.Job instance at 0x7f1f61c34690>,17,28,[2 8],18,248,276,230,247
1,<environment.Job instance at 0x7f1f61c34dc0>,18,25,[ 1 12],19,276,301,257,272
1,<environment.Job instance at 0x7f1f61c34e60>,20,23,[5 5],21,301,324,280,295
1,<environment.Job instance at 0x7f1f61903280>,21,26,[14  4],22,324,350,302,321
1,<environment.Job instance at 0x7f1f61c34050>,22,25,[2 8],23,350,375,327,346
1,<environment.Job instance at 0x7f1f61c34960>,24,25,[4 7],25,350,375,325,346
1,<environment.Job instance at 0x7f1f17a002d0>,25,25,[11  5],26,375,400,349,371
1,<environment.Job instance at 0x7f1f61537410>,26,23,[14  2],27,400,423,373,394
1,<environment.Job instance at 0x7f1f612fdc80>,27,28,[ 4 11],28,423,451,395,422
1,<environment.Job instance at 0x7f1f615267d0>,29,18,[11  1],30,1949,1967,1919,1949
1,<environment.Job instance at 0x7f1f615265f0>,31,24,[ 3 14],32,1949,1973,1917,1949
1,<environment.Job instance at 0x7f1f175626e0>,33,27,[ 3 12],34,1973,2000,1939,1971
1,<environment.Job instance at 0x7f1f17562c30>,35,25,[ 5 12],36,2000,2025,1964,1996
1,<environment.Job instance at 0x7f1f175625a0>,36,24,[7 4],37,2025,2049,1988,2020
1,<environment.Job instance at 0x7f1f177b6f50>,37,21,[10  1],38,2049,2070,2011,2041
1,<environment.Job instance at 0x7f1f177b6690>,39,27,[4 5],40,2041,2068,2001,2041
1,<environment.Job instance at 0x7f1f178006e0>,0,20,[1 9],1,1,21,0,1
1,<environment.Job instance at 0x7f1f177b6690>,2,28,[10  2],3,3,31,0,3
1,<environment.Job instance at 0x7f1f61fa0f00>,6,28,[14  2],7,31,59,24,30
1,<environment.Job instance at 0x7f1f177b6460>,1,23,[ 4 10],2,59,82,57,54
1,<environment.Job instance at 0x7f1f178005a0>,4,24,[ 4 12],5,82,106,77,77
1,<environment.Job instance at 0x7f1f61fa0dc0>,10,27,[ 2 12],11,106,133,95,104
1,<environment.Job instance at 0x7f1f61fa0410>,11,25,[ 3 13],12,133,158,121,129
1,<environment.Job instance at 0x7f1f61fa0870>,12,22,[2 8],13,158,180,145,151
1,<environment.Job instance at 0x7f1f61fa0a50>,13,27,[9 5],14,158,185,144,156
1,<environment.Job instance at 0x7f1f61fa0e10>,14,25,[3 5],15,180,205,165,176
1,<environment.Job instance at 0x7f1f61fa0910>,15,23,[ 2 13],16,205,228,189,199
1,<environment.Job instance at 0x7f1f61fa0460>,8,19,[5 8],9,228,247,219,218
1,<environment.Job instance at 0x7f1f1754ef00>,18,27,[ 4 14],19,247,274,228,245
1,<environment.Job instance at 0x7f1f1754ed20>,19,28,[12  5],20,274,302,254,273
1,<environment.Job instance at 0x7f1f1754e190>,20,28,[2 5],21,274,302,253,273
1,<environment.Job instance at 0x7f1f1754e7d0>,21,27,[13  3],22,302,329,280,300
1,<environment.Job instance at 0x7f1f1754e820>,23,25,[11  2],24,329,354,305,325
1,<environment.Job instance at 0x7f1f1754eb90>,22,26,[ 2 14],23,354,380,331,351
1,<environment.Job instance at 0x7f1f1754e9b0>,27,21,[12  2],28,380,401,352,372
1,<environment.Job instance at 0x7f1f1754e5a0>,28,20,[ 1 11],29,380,400,351,372
1,<environment.Job instance at 0x7f1f172f60a0>,0,21,[8 3],1,1,22,0,1
1,<environment.Job instance at 0x7f1f61857fa0>,3,27,[ 4 14],4,22,49,18,20
1,<environment.Job instance at 0x7f1f614812d0>,6,24,[5 6],7,49,73,42,44
1,<environment.Job instance at 0x7f1f618cc5a0>,8,22,[ 4 13],9,73,95,64,66
1,<environment.Job instance at 0x7f1f618ccb40>,9,24,[ 1 10],10,95,119,85,90
1,<environment.Job instance at 0x7f1f618cc640>,11,25,[14  1],12,95,120,83,91
1,<environment.Job instance at 0x7f1f618cc500>,14,28,[5 7],15,120,148,105,119
1,<environment.Job instance at 0x7f1f618b9050>,15,28,[2 5],16,120,148,104,119
1,<environment.Job instance at 0x7f1f618cc370>,16,28,[ 2 14],17,148,176,131,147
1,<environment.Job instance at 0x7f1f618cc0a0>,17,22,[9 4],18,176,198,158,169
1,<environment.Job instance at 0x7f1f618ccd20>,18,28,[5 1],19,169,197,150,169
1,<environment.Job instance at 0x7f1f618cc320>,19,28,[1 9],20,176,204,156,175
1,<environment.Job instance at 0x7f1f618c8f50>,26,23,[12  4],27,198,221,171,196
1,<environment.Job instance at 0x7f1f618d0550>,28,22,[ 3 14],29,221,243,192,214
1,<environment.Job instance at 0x7f1f618c8a00>,30,28,[5 5],31,243,271,212,242
1,<environment.Job instance at 0x7f1f618d7e60>,31,24,[10  1],32,242,266,210,242
1,<environment.Job instance at 0x7f1f618d7730>,32,26,[ 5 14],33,271,297,238,268
1,<environment.Job instance at 0x7f1f618c05a0>,36,21,[12  4],37,297,318,260,289
1,<environment.Job instance at 0x7f1f61604050>,2,25,[12  2],3,3,28,0,3
1,<environment.Job instance at 0x7f1f1728d4b0>,3,28,[4 9],4,28,56,24,27
1,<environment.Job instance at 0x7f1f61986b90>,6,23,[ 1 13],7,56,79,49,50
1,<environment.Job instance at 0x7f1f61986190>,7,25,[ 4 14],8,79,104,71,75
1,<environment.Job instance at 0x7f1f61986e10>,5,19,[11  4],6,104,123,98,99
1,<environment.Job instance at 0x7f1f616f6190>,1,28,[13  2],2,2,30,0,2
1,<environment.Job instance at 0x7f1f616f6410>,6,22,[ 4 10],7,30,52,23,23
1,<environment.Job instance at 0x7f1f616f6780>,7,28,[13  2],8,52,80,44,51
1,<environment.Job instance at 0x7f1f616f68c0>,9,28,[1 5],10,51,79,41,51
1,<environment.Job instance at 0x7f1f61986e10>,4,27,[3 6],5,80,107,75,78
1,<environment.Job instance at 0x7f1f616f6c30>,12,20,[1 5],13,78,98,65,78
1,<environment.Job instance at 0x7f1f616f6320>,14,20,[ 5 12],15,107,127,92,101
1,<environment.Job instance at 0x7f1f17af5c80>,18,27,[14  2],19,127,154,108,125
1,<environment.Job instance at 0x7f1f616f6cd0>,13,24,[ 3 12],14,154,178,140,149
1,<environment.Job instance at 0x7f1f17af53c0>,21,24,[11  5],22,178,202,156,173
1,<environment.Job instance at 0x7f1f17af5140>,20,20,[3 8],21,178,198,157,173
1,<environment.Job instance at 0x7f1f17af5af0>,23,23,[9 3],24,202,225,178,196
1,<environment.Job instance at 0x7f1f17af5820>,27,25,[3 6],28,198,223,170,196
1,<environment.Job instance at 0x7f1f17af5f00>,28,23,[ 2 12],29,223,246,194,217
1,<environment.Job instance at 0x7f1f17a42be0>,2,22,[5 5],3,3,25,0,3
1,<environment.Job instance at 0x7f1f172ca1e0>,8,25,[12  5],9,25,50,16,21
1,<environment.Job instance at 0x7f1f618b94b0>,10,26,[ 5 13],11,50,76,39,47
1,<environment.Job instance at 0x7f586161f370>,1,24,[10  1],2,2,26,0,2
1,<environment.Job instance at 0x7f586161f230>,2,20,[7 4],3,26,46,23,19
1,<environment.Job instance at 0x7f585c210410>,7,26,[9 3],8,46,72,38,43
1,<environment.Job instance at 0x7f585c210230>,4,24,[7 2],5,72,96,67,67
1,<environment.Job instance at 0x7f585c2104b0>,8,20,[ 4 13],9,72,92,63,70
1,<environment.Job instance at 0x7f585c210370>,5,24,[ 2 14],6,96,120,90,92
1,<environment.Job instance at 0x7f585c210730>,12,28,[ 1 14],13,120,148,107,119
1,<environment.Job instance at 0x7f585c210910>,15,20,[ 3 12],16,148,168,132,139
1,<environment.Job instance at 0x7f585c2109b0>,16,28,[5 1],17,139,167,122,139
1,<environment.Job instance at 0x7f585c210a50>,17,19,[12  4],18,168,187,150,166
1,<environment.Job instance at 0x7f585c221d20>,0,28,[13  5],1,1,29,0,1
1,<environment.Job instance at 0x7f585c221b90>,1,28,[ 5 11],2,29,57,27,28
1,<environment.Job instance at 0x7f5861792460>,7,22,[ 4 14],8,57,79,49,50
1,<environment.Job instance at 0x7f5861792eb0>,8,25,[1 7],9,79,104,70,75
1,<environment.Job instance at 0x7f586178a870>,10,27,[ 3 11],11,104,131,93,102
1,<environment.Job instance at 0x7f586178a320>,11,23,[5 1],12,102,125,90,102
1,<environment.Job instance at 0x7f586178a5a0>,17,26,[5 4],18,125,151,107,122
1,<environment.Job instance at 0x7f586178a4b0>,19,20,[4 9],20,131,151,111,124
1,<environment.Job instance at 0x7f586178a730>,15,19,[14  5],16,151,170,135,148
1,<environment.Job instance at 0x7f5861791aa0>,21,27,[ 4 11],22,170,197,148,168
1,<environment.Job instance at 0x7f5861791870>,23,26,[5 2],24,170,196,146,168
1,<environment.Job instance at 0x7f5816514690>,1,27,[3 6],2,2,29,0,2
1,<environment.Job instance at 0x7f5861791230>,2,22,[2 8],3,3,25,0,3
1,<environment.Job instance at 0x7f58165a14b0>,6,27,[10  5],7,25,52,18,23
1,<environment.Job instance at 0x7f58165a1b40>,8,24,[12  2],9,52,76,43,47
1,<environment.Job instance at 0x7f58165a1a50>,9,20,[12  3],10,76,96,66,70
1,<environment.Job instance at 0x7f58165a1460>,12,19,[14  4],13,96,115,83,86
1,<environment.Job instance at 0x7f581653f8c0>,2,28,[14  3],3,3,31,0,3
1,<environment.Job instance at 0x7f58168cfdc0>,8,25,[4 5],9,31,56,22,27
1,<environment.Job instance at 0x7f5816960730>,0,27,[14  3],1,1,28,0,1
1,<environment.Job instance at 0x7f58169135a0>,6,28,[5 7],7,28,56,21,27
1,<environment.Job instance at 0x7f5860ead050>,1,27,[5 5],2,2,29,0,2
1,<environment.Job instance at 0x7f5860eadf50>,3,25,[5 5],4,4,29,0,4
1,<environment.Job instance at 0x7f5860ead960>,4,26,[12  3],5,29,55,24,26
1,<environment.Job instance at 0x7f5860ead320>,7,24,[ 5 13],8,55,79,47,50
1,<environment.Job instance at 0x7f5860ead780>,8,25,[13  5],9,79,104,70,75
1,<environment.Job instance at 0x7f5860ead640>,10,25,[8 3],11,104,129,93,100
1,<environment.Job instance at 0x7f5860ead140>,5,20,[14  4],6,129,149,123,120
1,<environment.Job instance at 0x7f5860eadbe0>,11,19,[14  2],12,149,168,137,139
1,<environment.Job instance at 0x7f5860ac41e0>,15,22,[4 7],16,168,190,152,161
1,<environment.Job instance at 0x7f5860ac4410>,18,27,[1 9],19,190,217,171,188
1,<environment.Job instance at 0x7f5860ac45f0>,19,27,[14  4],20,190,217,170,188
1,<environment.Job instance at 0x7f5860ac4a50>,21,26,[ 5 14],22,217,243,195,214
1,<environment.Job instance at 0x7f5860ac44b0>,22,26,[ 2 13],23,243,269,220,240
1,<environment.Job instance at 0x7f58168b4a50>,23,19,[7 5],24,269,288,245,259
1,<environment.Job instance at 0x7f58168b4370>,24,25,[ 4 10],25,269,294,244,265
1,<environment.Job instance at 0x7f58168b4820>,25,26,[7 1],26,288,314,262,285
1,<environment.Job instance at 0x7f58168b4e60>,26,21,[8 4],27,294,315,267,286
1,<environment.Job instance at 0x7f5860eadcd0>,9,19,[ 2 13],10,315,334,305,314
1,<environment.Job instance at 0x7f58168b4190>,30,27,[13  4],31,334,361,303,332
1,<environment.Job instance at 0x7f58164afc30>,1,24,[2 6],2,2,26,0,2
1,<environment.Job instance at 0x7f5816697730>,7,25,[3 7],8,10,35,2,10
1,<environment.Job instance at 0x7f5816697230>,9,22,[ 4 10],10,35,57,25,28
1,<environment.Job instance at 0x7f5816697a00>,6,21,[ 1 10],7,57,78,50,49
1,<environment.Job instance at 0x7f585c2ac410>,10,25,[ 5 14],11,78,103,67,74
1,<environment.Job instance at 0x7f5816697b90>,3,20,[ 2 11],4,103,123,99,101
1,<environment.Job instance at 0x7f5816960d20>,13,28,[2 7],14,123,151,109,122
1,<environment.Job instance at 0x7f5816960e10>,15,25,[3 9],16,151,176,135,147
1,<environment.Job instance at 0x7f585c2585f0>,2,24,[6 3],3,3,27,0,3
1,<environment.Job instance at 0x7f585bfb9aa0>,7,26,[6 3],8,10,36,2,10
1,<environment.Job instance at 0x7f585bfb9d70>,8,23,[11  4],9,36,59,27,30
1,<environment.Job instance at 0x7f585bfb9dc0>,9,27,[13  2],10,59,86,49,57
1,<environment.Job instance at 0x7f585bfb9af0>,6,19,[ 2 11],7,81,100,74,81
1,<environment.Job instance at 0x7f585bfb9f50>,12,26,[14  3],13,100,126,87,97
1,<environment.Job instance at 0x7f585c1e7be0>,0,23,[8 4],1,1,24,0,1
1,<environment.Job instance at 0x7f585c1e7690>,4,27,[8 5],5,24,51,19,22
1,<environment.Job instance at 0x7f585bfe00a0>,2,21,[11  5],3,51,72,48,43
1,<environment.Job instance at 0x7f585c1e7640>,7,20,[ 5 13],8,72,92,64,63
1,<environment.Job instance at 0x7f585c1e7410>,9,20,[13  2],10,92,112,82,83
1,<environment.Job instance at 0x7f5861792b90>,11,26,[7 3],12,112,138,100,109
1,<environment.Job instance at 0x7f585c1e71e0>,8,19,[ 2 14],9,138,157,129,132
1,<environment.Job instance at 0x7f58617926e0>,13,28,[ 5 10],14,157,185,143,156
1,<environment.Job instance at 0x7f5861792140>,14,22,[14  1],15,185,207,170,178
1,<environment.Job instance at 0x7f5860ba30f0>,2,27,[ 3 11],3,3,30,0,3
1,<environment.Job instance at 0x7f585c4142d0>,5,21,[ 4 14],6,30,51,24,22
1,<environment.Job instance at 0x7f5860f52f50>,3,21,[ 3 13],4,51,72,47,47
1,<environment.Job instance at 0x7f58166d4e60>,1,25,[9 1],2,2,27,0,2
1,<environment.Job instance at 0x7f585c05e500>,6,21,[10  1],7,27,48,20,19
1,<environment.Job instance at 0x7f58168d5370>,3,28,[12  4],4,4,32,0,4
1,<environment.Job instance at 0x7f58168d5a00>,5,23,[3 6],6,6,29,0,6
1,<environment.Job instance at 0x7f58168d5cd0>,6,25,[14  5],7,32,57,25,28
1,<environment.Job instance at 0x7f58168d5870>,4,19,[7 5],5,57,76,52,47
1,<environment.Job instance at 0x7f58168d50a0>,2,24,[ 2 14],3,76,100,73,71
1,<environment.Job instance at 0x7f58169285f0>,11,28,[4 5],12,100,128,88,99
1,<environment.Job instance at 0x7f5816928b40>,12,21,[8 4],13,100,121,87,99
1,<environment.Job instance at 0x7f5816928410>,13,21,[13  5],14,128,149,114,120
1,<environment.Job instance at 0x7f5860f6a320>,14,23,[10  5],15,149,172,134,143
1,<environment.Job instance at 0x7f5860f6ac30>,16,22,[7 2],17,172,194,155,165
1,<environment.Job instance at 0x7f58168d5280>,1,19,[ 2 14],2,194,213,192,185
1,<environment.Job instance at 0x7f585c4b3b90>,20,19,[5 2],21,213,232,192,203
1,<environment.Job instance at 0x7f585c4b3d20>,21,21,[12  1],22,232,253,210,224
1,<environment.Job instance at 0x7f5816935690>,0,28,[5 5],1,1,29,0,1
1,<environment.Job instance at 0x7f5816765af0>,4,26,[ 5 11],5,29,55,24,26
1,<environment.Job instance at 0x7f5816935b90>,3,23,[ 5 11],4,55,78,51,49
1,<environment.Job instance at 0x7f5816765fa0>,7,27,[12  5],8,78,105,70,76
1,<environment.Job instance at 0x7f5816765370>,9,22,[ 2 11],10,105,127,95,98
1,<environment.Job instance at 0x7f5816765c80>,11,21,[9 5],12,127,148,115,119
1,<environment.Job instance at 0x7f585c4b30a0>,1,21,[ 4 13],2,148,169,146,140
1,<environment.Job instance at 0x7f58167654b0>,8,19,[11  4],9,169,188,160,166
1,<environment.Job instance at 0x7f5860f28730>,2,28,[10  5],3,3,31,0,3
1,<environment.Job instance at 0x7f5816732870>,3,25,[8 4],4,31,56,27,27
1,<environment.Job instance at 0x7f5816765be0>,4,21,[6 3],5,31,52,26,27
1,<environment.Job instance at 0x7f5860fb9be0>,10,25,[8 3],11,56,81,45,52
1,<environment.Job instance at 0x7f5860fac1e0>,11,22,[13  5],12,81,103,69,74
1,<environment.Job instance at 0x7f5860f28320>,5,18,[ 1 12],6,1333,1351,1327,1333
1,<environment.Job instance at 0x7f5860fac690>,13,24,[5 1],14,1333,1357,1319,1333
1,<environment.Job instance at 0x7f585c33f5f0>,0,20,[3 6],1,1,21,0,1
1,<environment.Job instance at 0x7f585c33f3c0>,1,26,[13  2],2,21,47,19,18
1,<environment.Job instance at 0x7f585c0f62d0>,5,28,[ 1 13],6,39,67,33,39
1,<environment.Job instance at 0x7f585c0f6500>,6,21,[5 5],7,67,88,60,59
1,<environment.Job instance at 0x7f585c0f6690>,7,19,[1 8],8,67,86,59,59
1,<environment.Job instance at 0x7f585c0f6460>,10,21,[11  4],11,88,109,77,80
1,<environment.Job instance at 0x7f5860acaa50>,14,27,[7 1],15,109,136,94,107
1,<environment.Job instance at 0x7f5860aca1e0>,15,20,[6 5],16,109,129,93,107
1,<environment.Job instance at 0x7f5860aca190>,16,28,[ 3 11],17,129,157,112,128
1,<environment.Job instance at 0x7f5816a25190>,18,26,[14  5],19,157,183,138,154
1,<environment.Job instance at 0x7f585c549230>,20,23,[7 2],21,183,206,162,177
1,<environment.Job instance at 0x7f5816a25dc0>,22,26,[11  3],23,206,232,183,203
1,<environment.Job instance at 0x7f585c400b40>,23,25,[7 5],24,232,257,208,228
1,<environment.Job instance at 0x7f585bffb820>,24,22,[13  5],25,257,279,232,250
1,<environment.Job instance at 0x7f5860fac690>,2,20,[ 2 13],3,279,299,276,270
1,<environment.Job instance at 0x7f5816a25d20>,19,20,[ 3 13],20,299,319,279,292
1,<environment.Job instance at 0x7f5860bb0640>,28,26,[7 2],29,292,318,263,292
1,<environment.Job instance at 0x7f5860bb0780>,29,24,[ 3 14],30,319,343,289,314
1,<environment.Job instance at 0x7f5860bb0aa0>,31,26,[5 5],32,343,369,311,340
1,<environment.Job instance at 0x7f5860bb0c80>,2,26,[ 1 10],3,3,29,0,3
1,<environment.Job instance at 0x7f58616431e0>,3,26,[12  5],4,4,30,0,4
1,<environment.Job instance at 0x7f5861643be0>,6,25,[3 6],7,29,54,22,25
1,<environment.Job instance at 0x7f5861643c30>,8,25,[ 2 14],9,54,79,45,50
1,<environment.Job instance at 0x7f58616436e0>,10,23,[9 3],11,79,102,68,73
1,<environment.Job instance at 0x7f5861643960>,11,21,[ 2 14],12,102,123,90,94
1,<environment.Job instance at 0x7f5861643500>,7,19,[11  2],8,123,142,115,115
1,<environment.Job instance at 0x7f5861643640>,13,20,[ 4 11],14,123,143,109,115
1,<environment.Job instance at 0x7f58166d40a0>,0,24,[14  3],1,1,25,0,1
1,<environment.Job instance at 0x7f5816ac34b0>,1,28,[10  3],2,25,53,23,24
1,<environment.Job instance at 0x7f5816ac3820>,2,21,[4 7],3,25,46,22,24
1,<environment.Job instance at 0x7f5860ad5730>,6,28,[ 5 13],7,53,81,46,52
1,<environment.Job instance at 0x7f5860ad5a50>,12,23,[5 5],13,81,104,68,75
1,<environment.Job instance at 0x7f5860ad5cd0>,11,28,[ 2 11],12,104,132,92,103
1,<environment.Job instance at 0x7f5860ad53c0>,14,26,[ 4 12],15,132,158,117,129
1,<environment.Job instance at 0x7f585bfd6230>,1,21,[14  1],2,2,23,0,2
1,<environment.Job instance at 0x7f581625d1e0>,6,23,[12  1],7,23,46,16,17
1,<environment.Job instance at 0x7f58165a2b40>,7,28,[3 8],8,23,51,15,22
1,<environment.Job instance at 0x7f5860ad53c0>,4,22,[14  4],5,51,73,46,44
1,<environment.Job instance at 0x7f585bf8ff50>,0,27,[12  5],1,1,28,0,1
1,<environment.Job instance at 0x7f581672ddc0>,3,21,[12  2],4,28,49,24,20
1,<environment.Job instance at 0x7f581672d550>,5,23,[ 3 13],6,28,51,22,22
1,<environment.Job instance at 0x7f581672d0a0>,8,27,[ 1 10],9,51,78,42,49
1,<environment.Job instance at 0x7f581672deb0>,10,20,[ 5 12],11,78,98,67,69
1,<environment.Job instance at 0x7f581672dbe0>,11,24,[9 4],12,98,122,86,93
1,<environment.Job instance at 0x7f581672d2d0>,12,26,[5 5],13,98,124,85,95
1,<environment.Job instance at 0x7f581672daa0>,15,20,[4 6],16,122,142,106,113
1,<environment.Job instance at 0x7f585c3149b0>,1,21,[5 2],2,2,23,0,2
1,<environment.Job instance at 0x7f585c314780>,2,20,[3 6],3,3,23,0,3
1,<environment.Job instance at 0x7f5816239b90>,5,28,[ 4 11],6,23,51,17,22
1,<environment.Job instance at 0x7f5860ed6460>,6,23,[5 5],7,51,74,44,45
1,<environment.Job instance at 0x7f585c602190>,7,20,[5 3],8,45,65,37,45
1,<environment.Job instance at 0x7f5816959c30>,10,27,[10  1],11,65,92,54,63
1,<environment.Job instance at 0x7f5860ebd0a0>,13,25,[11  3],14,92,117,78,88
1,<environment.Job instance at 0x7f585c357c30>,8,19,[ 2 11],9,103,122,94,103
1,<environment.Job instance at 0x7f5860ebd500>,15,20,[ 5 11],16,122,142,106,113
1,<environment.Job instance at 0x7f5860ccd4b0>,16,23,[12  5],17,142,165,125,136
1,<environment.Job instance at 0x7f5860ccdcd0>,17,26,[12  3],18,165,191,147,162
1,<environment.Job instance at 0x7f5860eb76e0>,19,26,[ 3 13],20,191,217,171,188
1,<environment.Job instance at 0x7f5860eb71e0>,20,23,[2 7],21,217,240,196,211
1,<environment.Job instance at 0x7f5860eb96e0>,21,19,[14  5],22,240,259,218,230
1,<environment.Job instance at 0x7f5860eb9fa0>,23,20,[ 4 13],24,259,279,235,250
1,<environment.Job instance at 0x7f5860eaf190>,24,28,[12  1],25,279,307,254,278
1,<environment.Job instance at 0x7fdf6284c370>,1,24,[10  1],2,2,26,0,2
1,<environment.Job instance at 0x7fdf616ed500>,7,26,[9 3],8,26,52,18,23
1,<environment.Job instance at 0x7fdf616ed230>,4,24,[7 2],5,52,76,47,47
1,<environment.Job instance at 0x7fdf616ed730>,8,20,[ 4 13],9,52,72,43,49
1,<environment.Job instance at 0x7fdf616ed9b0>,12,28,[ 1 14],13,76,104,63,75
1,<environment.Job instance at 0x7fdf6284c140>,5,24,[ 2 14],6,104,128,98,99
1,<environment.Job instance at 0x7fdf616edb90>,15,20,[ 3 12],16,128,148,112,124
1,<environment.Job instance at 0x7fdf616edc30>,16,28,[5 1],17,125,153,108,125
1,<environment.Job instance at 0x7fdf616edcd0>,17,19,[12  4],18,160,179,142,160
1,<environment.Job instance at 0x7fdf61707640>,0,27,[ 3 11],1,1,28,0,1
1,<environment.Job instance at 0x7fdf617075f0>,1,23,[5 1],2,2,25,0,2
1,<environment.Job instance at 0x7fdf62873af0>,7,26,[5 4],8,25,51,17,22
1,<environment.Job instance at 0x7fdf628738c0>,9,20,[4 9],10,28,48,18,22
1,<environment.Job instance at 0x7fdf629bf0a0>,11,27,[ 4 11],12,48,75,36,46
1,<environment.Job instance at 0x7fdf629bfcd0>,13,26,[5 2],14,51,77,37,48
1,<environment.Job instance at 0x7fdf629bf460>,16,27,[12  1],17,77,104,60,75
1,<environment.Job instance at 0x7fdf629bf3c0>,17,20,[13  4],18,104,124,86,95
1,<environment.Job instance at 0x7fdf629bf730>,18,26,[1 6],19,95,121,76,95
1,<environment.Job instance at 0x7fdf62873f50>,5,19,[14  5],6,124,143,118,114
1,<environment.Job instance at 0x7fdf629bf5a0>,21,27,[13  4],22,143,170,121,141
1,<environment.Job instance at 0x7fdf62876410>,22,21,[14  2],23,170,191,147,162
1,<environment.Job instance at 0x7fdf629b29b0>,24,26,[4 7],25,191,217,166,188
1,<environment.Job instance at 0x7fdf176ef190>,0,23,[1 9],1,1,24,0,1
1,<environment.Job instance at 0x7fdf176ef140>,3,25,[11  3],4,10,35,6,10
1,<environment.Job instance at 0x7fdf629b29b0>,2,25,[4 8],3,24,49,21,20
1,<environment.Job instance at 0x7fdf17747e10>,8,20,[12  2],9,49,69,40,40
1,<environment.Job instance at 0x7fdf17747a50>,10,19,[4 7],11,69,88,58,59
1,<environment.Job instance at 0x7fdf176ef370>,5,18,[11  1],6,1895,1913,1889,1895
1,<environment.Job instance at 0x7fdf17811910>,0,28,[7 4],1,1,29,0,1
1,<environment.Job instance at 0x7fdf17811dc0>,1,27,[4 6],2,2,29,0,2
1,<environment.Job instance at 0x7fdf17870320>,6,21,[10  5],7,29,50,22,23
1,<environment.Job instance at 0x7fdf17870230>,7,28,[11  5],8,50,78,42,49
1,<environment.Job instance at 0x7fdf17870690>,8,25,[14  5],9,78,103,69,74
1,<environment.Job instance at 0x7fdf17870c30>,9,26,[14  1],10,103,129,93,100
1,<environment.Job instance at 0x7fdf17a89280>,5,27,[12  5],6,129,156,123,127
1,<environment.Job instance at 0x7fdf178708c0>,11,26,[6 2],12,156,182,144,153
1,<environment.Job instance at 0x7fdf17870140>,12,23,[5 8],13,156,179,143,153
1,<environment.Job instance at 0x7fdf17870be0>,16,28,[5 6],17,179,207,162,178
1,<environment.Job instance at 0x7fdf177471e0>,3,20,[4 9],4,182,202,178,178
1,<environment.Job instance at 0x7fdf178705a0>,15,21,[ 4 14],16,207,228,191,199
1,<environment.Job instance at 0x7fdf17870c80>,20,23,[ 4 11],21,228,251,207,222
1,<environment.Job instance at 0x7fdf17870460>,17,20,[ 2 11],18,251,271,233,242
1,<environment.Job instance at 0x7fdf178700a0>,22,27,[1 8],23,271,298,248,269
1,<environment.Job instance at 0x7fdf17870a00>,23,26,[7 4],24,269,295,245,269
1,<environment.Job instance at 0x7fdf17870280>,24,20,[14  3],25,295,315,270,286
1,<environment.Job instance at 0x7fdf17b339b0>,27,25,[ 2 14],28,315,340,287,311
1,<environment.Job instance at 0x7fdf17b33f00>,30,28,[8 2],31,340,368,309,339
1,<environment.Job instance at 0x7fdf17b33dc0>,31,26,[14  3],32,368,394,336,365
1,<environment.Job instance at 0x7fdf17b330f0>,32,27,[12  1],33,394,421,361,392
1,<environment.Job instance at 0x7fdf17b335f0>,33,27,[ 3 11],34,394,421,360,392
1,<environment.Job instance at 0x7fdf17730140>,1,20,[ 2 10],2,2,22,0,2
1,<environment.Job instance at 0x7fdf1768b0a0>,4,27,[ 1 12],5,22,49,17,20
1,<environment.Job instance at 0x7fdf17b37b90>,6,24,[ 4 14],7,49,73,42,44
1,<environment.Job instance at 0x7fdf17b37e60>,10,23,[3 9],11,73,96,62,67
1,<environment.Job instance at 0x7fdf17b37fa0>,11,19,[ 4 14],12,96,115,84,87
1,<environment.Job instance at 0x7fdf17b37f00>,13,26,[10  3],14,115,141,101,112
1,<environment.Job instance at 0x7fdf62171050>,5,22,[ 5 13],6,6,28,0,6
1,<environment.Job instance at 0x7fdf17b34050>,7,27,[11  2],8,28,55,20,26
1,<environment.Job instance at 0x7fdf62171d70>,8,21,[5 6],9,55,76,46,47
1,<environment.Job instance at 0x7fdf621715f0>,11,22,[ 4 12],12,76,98,64,69
1,<environment.Job instance at 0x7fdf62171d20>,14,27,[12  1],15,98,125,83,96
1,<environment.Job instance at 0x7fdf621718c0>,17,27,[12  2],18,125,152,107,123
1,<environment.Job instance at 0x7fdf621714b0>,19,27,[5 1],20,152,179,132,150
1,<environment.Job instance at 0x7fdf62171eb0>,20,28,[ 5 10],21,152,180,131,151
1,<environment.Job instance at 0x7fdf17b5b140>,21,27,[11  5],22,180,207,158,178
1,<environment.Job instance at 0x7fdf17b5bc80>,22,23,[14  5],23,207,230,184,201
1,<environment.Job instance at 0x7fdf62171a00>,15,18,[14  5],16,1525,1543,1509,1525
1,<environment.Job instance at 0x7fdf17ad1e60>,25,27,[12  4],26,1543,1570,1517,1541
1,<environment.Job instance at 0x7fdf17ad1aa0>,26,20,[ 5 12],27,1570,1590,1543,1561
1,<environment.Job instance at 0x7fdf17ad1550>,27,28,[12  4],28,1590,1618,1562,1589
1,<environment.Job instance at 0x7fdf17ae4230>,0,22,[10  1],1,1,23,0,1
1,<environment.Job instance at 0x7fdf61d7be60>,2,25,[8 5],3,23,48,20,19
1,<environment.Job instance at 0x7fdf17780b90>,6,25,[ 2 13],7,48,73,41,44
1,<environment.Job instance at 0x7fdf177800a0>,8,26,[11  4],9,73,99,64,70
1,<environment.Job instance at 0x7fdf177806e0>,10,25,[6 2],11,99,124,88,95
1,<environment.Job instance at 0x7fdf17780dc0>,11,23,[5 5],12,99,122,87,95
1,<environment.Job instance at 0x7fdf17780c80>,9,21,[12  2],10,124,145,114,116
1,<environment.Job instance at 0x7fdf17780780>,14,21,[3 7],15,116,137,101,116
1,<environment.Job instance at 0x7fdf61b9e230>,1,25,[ 1 10],2,2,27,0,2
1,<environment.Job instance at 0x7fdf175ab1e0>,6,26,[3 7],7,27,53,20,24
1,<environment.Job instance at 0x7fdf175ab230>,5,20,[3 7],6,27,47,21,24
1,<environment.Job instance at 0x7fdf175ab500>,8,22,[2 8],9,47,69,38,40
1,<environment.Job instance at 0x7fdf175ab640>,10,25,[12  2],11,53,78,42,49
1,<environment.Job instance at 0x7fdf175ab6e0>,11,22,[11  3],12,78,100,66,71
1,<environment.Job instance at 0x7fdf175ab780>,12,24,[12  5],13,100,124,87,95
1,<environment.Job instance at 0x7fdf175ab820>,13,26,[ 5 10],14,124,150,110,121
1,<environment.Job instance at 0x7fdf175ab960>,15,28,[12  2],16,150,178,134,149
1,<environment.Job instance at 0x7fdf61b99870>,2,20,[ 2 12],3,150,170,147,149
1,<environment.Job instance at 0x7fdf175abaa0>,17,26,[ 4 12],18,178,204,160,175
1,<environment.Job instance at 0x7fdf175aba00>,16,21,[ 4 12],17,204,225,187,196
1,<environment.Job instance at 0x7fdf175abe60>,23,23,[ 4 13],24,225,248,201,219
1,<environment.Job instance at 0x7fdf17780780>,3,20,[13  1],4,248,268,244,246
1,<environment.Job instance at 0x7fdf175ab3c0>,25,22,[5 5],26,268,290,242,261
1,<environment.Job instance at 0x7fdf175abeb0>,26,22,[13  1],27,290,312,263,283
1,<environment.Job instance at 0x7fdf175ad280>,28,27,[ 1 13],29,290,317,261,288
1,<environment.Job instance at 0x7fdf61779730>,2,22,[5 2],3,3,25,0,3
1,<environment.Job instance at 0x7fdf17bec1e0>,5,26,[2 5],6,6,32,0,6
1,<environment.Job instance at 0x7fdf17b4ed20>,9,28,[8 2],10,10,38,0,10
1,<environment.Job instance at 0x7fdf17b4e640>,10,23,[4 9],11,32,55,21,26
1,<environment.Job instance at 0x7fdf17becc30>,11,24,[5 2],12,38,62,26,33
1,<environment.Job instance at 0x7fdf62418050>,0,27,[ 3 13],1,1,28,0,1
1,<environment.Job instance at 0x7fdf61c7a2d0>,6,22,[10  3],7,28,50,21,21
1,<environment.Job instance at 0x7fdf17bec9b0>,3,27,[1 7],4,28,55,24,26
1,<environment.Job instance at 0x7fdf1790baa0>,11,25,[9 1],12,50,75,38,46
1,<environment.Job instance at 0x7fdf17a3ecd0>,3,28,[12  4],4,4,32,0,4
1,<environment.Job instance at 0x7fdf1790b4b0>,5,23,[3 6],6,6,29,0,6
1,<environment.Job instance at 0x7fdf176d2500>,6,25,[14  5],7,32,57,25,28
1,<environment.Job instance at 0x7fdf176d2e10>,7,21,[4 5],8,57,78,49,49
1,<environment.Job instance at 0x7fdf17a3e5a0>,4,19,[7 5],5,57,76,52,49
1,<environment.Job instance at 0x7fdf176d2e60>,11,28,[4 5],12,57,85,45,56
1,<environment.Job instance at 0x7fdf176d28c0>,12,21,[8 4],13,78,99,65,70
1,<environment.Job instance at 0x7fdf176d2280>,13,21,[13  5],14,99,120,85,91
1,<environment.Job instance at 0x7fdf176d2fa0>,14,23,[10  5],15,120,143,105,114
1,<environment.Job instance at 0x7fdf17a3ee10>,2,24,[ 2 14],3,143,167,140,138
1,<environment.Job instance at 0x7fdf17b5be60>,1,19,[ 2 14],2,167,186,165,165
1,<environment.Job instance at 0x7fdf176d5280>,20,19,[5 2],21,186,205,165,176
1,<environment.Job instance at 0x7fdf176d5320>,21,21,[12  1],22,205,226,183,197
1,<environment.Job instance at 0x7fdf61e34870>,1,21,[9 5],2,2,23,0,2
1,<environment.Job instance at 0x7fdf17d8ea00>,8,28,[14  2],9,23,51,14,22
1,<environment.Job instance at 0x7fdf61dcdd20>,1,27,[10  3],2,2,29,0,2
1,<environment.Job instance at 0x7fdf17a85a00>,5,26,[14  4],6,29,55,23,26
1,<environment.Job instance at 0x7fdf17a85370>,6,23,[14  4],7,55,78,48,49
1,<environment.Job instance at 0x7fdf622114b0>,7,26,[12  4],8,78,104,70,75
1,<environment.Job instance at 0x7fdf62211cd0>,8,23,[ 2 12],9,104,127,95,98
1,<environment.Job instance at 0x7fdf17a85b40>,2,25,[ 3 12],3,127,152,124,123
1,<environment.Job instance at 0x7fdf62211820>,13,24,[9 1],14,138,162,124,138
1,<environment.Job instance at 0x7fdf6234a230>,1,26,[5 5],2,2,28,0,2
1,<environment.Job instance at 0x7fdf61b9b730>,5,28,[10  4],6,6,34,0,6
1,<environment.Job instance at 0x7fdf61b9b2d0>,6,25,[8 2],7,34,59,27,30
1,<environment.Job instance at 0x7fdf61b9b050>,7,20,[4 9],8,31,51,23,31
1,<environment.Job instance at 0x7fdf62211820>,3,27,[ 5 14],4,59,86,55,57
1,<environment.Job instance at 0x7fdf6190cb40>,4,21,[13  3],5,86,107,81,79
1,<environment.Job instance at 0x7fdf17aa82d0>,13,27,[ 4 14],14,107,134,93,105
1,<environment.Job instance at 0x7fdf61b8c3c0>,16,24,[5 6],17,134,158,117,129
1,<environment.Job instance at 0x7fdf61b7d140>,18,22,[ 4 13],19,158,180,139,151
1,<environment.Job instance at 0x7fdf61b7d1e0>,19,24,[ 1 10],20,180,204,160,175
1,<environment.Job instance at 0x7fdf61b7d5a0>,21,25,[14  1],22,180,205,158,176
1,<environment.Job instance at 0x7fdf61b7d820>,24,28,[5 7],25,205,233,180,204
1,<environment.Job instance at 0x7fdf61b7df00>,25,28,[2 5],26,205,233,179,204
1,<environment.Job instance at 0x7fdf61b7d280>,26,28,[ 2 14],27,233,261,206,232
1,<environment.Job instance at 0x7fdf61b63eb0>,27,22,[9 4],28,261,283,233,254
1,<environment.Job instance at 0x7fdf61b63d70>,28,28,[5 1],29,254,282,225,254
1,<environment.Job instance at 0x7fdf61b63320>,29,28,[1 9],30,261,289,231,260
1,<environment.Job instance at 0x7fdf6284c410>,0,24,[9 1],1,1,25,0,1
1,<environment.Job instance at 0x7fdf61766f00>,2,22,[1 8],3,3,25,0,3
1,<environment.Job instance at 0x7fdf614e2460>,6,24,[12  2],7,25,49,18,20
1,<environment.Job instance at 0x7fdf6220b230>,9,25,[5 1],10,49,74,39,45
1,<environment.Job instance at 0x7fdf175e5b90>,11,21,[1 7],12,45,66,33,45
1,<environment.Job instance at 0x7fdf175e5aa0>,10,20,[2 5],11,45,65,34,45
1,<environment.Job instance at 0x7fdf17849dc0>,2,21,[2 6],3,3,24,0,3
1,<environment.Job instance at 0x7fdf6183c960>,3,22,[13  1],4,6,28,2,6
1,<environment.Job instance at 0x7fdf17849e60>,7,23,[13  2],8,28,51,20,22
1,<environment.Job instance at 0x7fdf178494b0>,9,25,[ 2 10],10,24,49,14,22
1,<environment.Job instance at 0x7fdf17849910>,10,24,[14  1],11,51,75,40,46
1,<environment.Job instance at 0x7fdf17849c80>,11,24,[ 4 14],12,75,99,63,70
1,<environment.Job instance at 0x7fdf17849550>,12,25,[14  2],13,99,124,86,95
1,<environment.Job instance at 0x7fdf17849190>,14,28,[5 9],15,124,152,109,123
1,<environment.Job instance at 0x7fdf17849280>,16,28,[12  1],17,152,180,135,151
1,<environment.Job instance at 0x7fdf175431e0>,17,22,[2 6],18,151,173,133,151
1,<environment.Job instance at 0x7fdf17543780>,20,20,[1 5],21,161,181,140,161
1,<environment.Job instance at 0x7fdf17543410>,21,23,[7 5],22,180,203,158,174
1,<environment.Job instance at 0x7fdf17af4960>,0,22,[13  2],1,1,23,0,1
1,<environment.Job instance at 0x7fdf177a1e10>,3,22,[1 7],4,4,26,0,4
1,<environment.Job instance at 0x7fdf17543d70>,1,23,[11  1],2,23,46,21,17
1,<environment.Job instance at 0x7fdf17543960>,2,19,[11  4],3,46,65,43,36
1,<environment.Job instance at 0x7fdf17a594b0>,5,20,[ 5 11],6,65,85,59,56
1,<environment.Job instance at 0x7fdf17589500>,10,25,[12  4],11,85,110,74,81
1,<environment.Job instance at 0x7fdf175894b0>,11,22,[1 9],12,85,107,73,82
1,<environment.Job instance at 0x7fdf17589870>,15,25,[2 6],16,107,132,91,103
1,<environment.Job instance at 0x7fdf175a90a0>,17,19,[12  2],18,117,136,99,117
1,<environment.Job instance at 0x7fdf175a91e0>,18,25,[3 5],19,132,157,113,128
1,<environment.Job instance at 0x7fdf175a9780>,19,23,[5 2],20,136,159,116,130
1,<environment.Job instance at 0x7fdf61a45190>,20,25,[11  4],21,159,184,138,155
1,<environment.Job instance at 0x7fdf175a9320>,21,23,[ 3 10],22,157,180,135,155
1,<environment.Job instance at 0x7fdf175a9460>,23,21,[ 4 13],24,184,205,160,176
1,<environment.Job instance at 0x7fdf175a9fa0>,24,20,[12  2],25,205,225,180,196
1,<environment.Job instance at 0x7fdf175abb90>,25,28,[ 5 12],26,225,253,199,224
1,<environment.Job instance at 0x7fdf61d7c820>,3,20,[11  1],4,4,24,0,4
1,<environment.Job instance at 0x7fdf175abeb0>,4,22,[3 5],5,5,27,0,5
1,<environment.Job instance at 0x7fdf61d7c550>,7,27,[3 7],8,24,51,16,22
1,<environment.Job instance at 0x7fdf621c78c0>,1,28,[ 4 13],2,2,30,0,2
1,<environment.Job instance at 0x7fdf621c7730>,5,25,[7 3],6,30,55,24,26
1,<environment.Job instance at 0x7fdf61d7c5a0>,3,25,[13  4],4,55,80,51,51
1,<environment.Job instance at 0x7fdf621c76e0>,4,20,[13  5],5,80,100,75,71
1,<environment.Job instance at 0x7fdf621c7820>,8,21,[14  2],9,100,121,91,94
1,<environment.Job instance at 0x7fdf6229bf50>,10,26,[14  5],11,121,147,110,118
1,<environment.Job instance at 0x7fdf6229b370>,12,19,[ 2 13],13,323,342,310,323
1,<environment.Job instance at 0x7fdf6229b730>,13,24,[5 3],14,342,366,328,337
1,<environment.Job instance at 0x7fdf61bf9140>,0,21,[2 6],1,1,22,0,1
1,<environment.Job instance at 0x7fdf61d377d0>,8,20,[10  5],9,16,36,7,16
1,<environment.Job instance at 0x7fdf1757dfa0>,9,20,[8 1],10,36,56,26,27
1,<environment.Job instance at 0x7fc0a96d0370>,1,24,[10  1],2,2,26,0,2
1,<environment.Job instance at 0x7fc0a42c12d0>,4,24,[7 2],5,26,50,21,21
1,<environment.Job instance at 0x7fc0a96d0230>,2,20,[7 4],3,26,46,23,21
1,<environment.Job instance at 0x7fc0a42c13c0>,7,26,[9 3],8,50,76,42,47
1,<environment.Job instance at 0x7fc0a42c1460>,8,20,[ 4 13],9,76,96,67,67
1,<environment.Job instance at 0x7fc0a42c16e0>,12,28,[ 1 14],13,96,124,83,95
1,<environment.Job instance at 0x7fc0a42c1280>,5,24,[ 2 14],6,124,148,118,119
1,<environment.Job instance at 0x7fc0a42c18c0>,15,20,[ 3 12],16,148,168,132,139
1,<environment.Job instance at 0x7fc0a42c1960>,16,28,[5 1],17,139,167,122,139
1,<environment.Job instance at 0x7fc0a42c1a00>,17,19,[12  4],18,168,187,150,168
1,<environment.Job instance at 0x7fc0a42cf6e0>,1,27,[ 4 11],2,2,29,0,2
1,<environment.Job instance at 0x7fc0a42c1a00>,3,26,[5 2],4,4,30,0,4
1,<environment.Job instance at 0x7fc0a9836190>,6,27,[12  1],7,30,57,23,28
1,<environment.Job instance at 0x7fc0a9836dc0>,5,21,[10  1],6,57,78,51,49
1,<environment.Job instance at 0x7fc0a9836f50>,8,26,[1 6],9,49,75,40,49
1,<environment.Job instance at 0x7fc0a9836a00>,10,21,[5 4],11,75,96,64,67
1,<environment.Job instance at 0x7fc0a9836d20>,11,27,[13  4],12,96,123,84,94
1,<environment.Job instance at 0x7fc0a98364b0>,12,21,[14  2],13,123,144,110,115
1,<environment.Job instance at 0x7fc0a98437d0>,14,26,[4 7],15,144,170,129,141
1,<environment.Job instance at 0x7fc0a98365a0>,7,20,[13  4],8,170,190,162,161
1,<environment.Job instance at 0x7fc05e811820>,1,24,[7 2],2,2,26,0,2
1,<environment.Job instance at 0x7fc05e5ecaa0>,7,27,[6 1],8,8,35,0,8
1,<environment.Job instance at 0x7fc05e5ec6e0>,8,27,[ 4 13],9,26,53,17,24
1,<environment.Job instance at 0x7fc05e5ec730>,10,27,[11  1],11,35,62,24,33
1,<environment.Job instance at 0x7fc05e5ecf00>,11,24,[6 2],12,62,86,50,57
1,<environment.Job instance at 0x7fc05e5ec410>,14,23,[1 8],15,57,80,42,57
1,<environment.Job instance at 0x7fc05e5ec550>,15,27,[ 5 14],16,86,113,70,84
1,<environment.Job instance at 0x7fc05e5ec280>,17,27,[5 1],18,84,111,66,84
1,<environment.Job instance at 0x7fc05e5ec370>,18,26,[ 2 13],19,113,139,94,110
1,<environment.Job instance at 0x7fc05e5ecb90>,19,28,[14  4],20,139,167,119,138
1,<environment.Job instance at 0x7fc05e5ec050>,20,27,[3 9],21,167,194,146,165
1,<environment.Job instance at 0x7fc05e5ec460>,21,20,[ 4 11],22,194,214,172,185
1,<environment.Job instance at 0x7fc05e96c1e0>,0,28,[8 2],1,1,29,0,1
1,<environment.Job instance at 0x7fc05e96c5f0>,5,21,[ 5 12],6,21,42,15,21
1,<environment.Job instance at 0x7fc05e96c410>,6,21,[ 5 10],7,42,63,35,34
1,<environment.Job instance at 0x7fc05e96c910>,7,23,[9 5],8,42,65,34,36
1,<environment.Job instance at 0x7fc05ea4fd70>,11,25,[12  5],12,65,90,53,61
1,<environment.Job instance at 0x7fc05ea4f050>,12,24,[6 4],13,90,114,77,85
1,<environment.Job instance at 0x7fc05e8b61e0>,2,27,[12  1],3,114,141,111,112
1,<environment.Job instance at 0x7fc05ea4f3c0>,13,19,[ 2 11],14,125,144,111,125
1,<environment.Job instance at 0x7fc0a40e3a50>,17,25,[4 9],18,144,169,126,140
1,<environment.Job instance at 0x7fc0a40e30f0>,18,26,[6 1],19,141,167,122,140
1,<environment.Job instance at 0x7fc0a40e3c30>,19,28,[5 9],20,169,197,149,168
1,<environment.Job instance at 0x7fc0a40e3500>,20,24,[4 8],21,197,221,176,192
1,<environment.Job instance at 0x7fc0a40e3550>,21,20,[5 5],22,192,212,170,192
1,<environment.Job instance at 0x7fc0a40e39b0>,22,23,[10  5],23,212,235,189,206
1,<environment.Job instance at 0x7fc0a40e3d20>,23,24,[12  1],24,235,259,211,230
1,<environment.Job instance at 0x7fc05e96c3c0>,3,27,[ 3 11],4,235,262,231,233
1,<environment.Job instance at 0x7fc05e96c7d0>,1,26,[14  3],2,262,288,260,259
1,<environment.Job instance at 0x7fc0a40e3e60>,26,27,[13  3],27,288,315,261,286
1,<environment.Job instance at 0x7fc05ea4f500>,14,23,[13  3],15,315,338,300,309
1,<environment.Job instance at 0x7fc0a40e3780>,30,19,[12  4],31,364,383,333,364
1,<environment.Job instance at 0x7fc0a40e3af0>,33,25,[8 3],34,383,408,349,379
1,<environment.Job instance at 0x7fc05e662320>,2,24,[14  5],3,3,27,0,3
1,<environment.Job instance at 0x7fc0a40e3730>,3,24,[14  5],4,27,51,23,22
1,<environment.Job instance at 0x7fc05e662b90>,5,22,[ 3 14],6,51,73,45,44
1,<environment.Job instance at 0x7fc05e656780>,1,20,[ 3 14],2,73,93,71,64
1,<environment.Job instance at 0x7fc05e9b9140>,8,25,[5 3],9,93,118,84,89
1,<environment.Job instance at 0x7fc05e9b93c0>,10,22,[ 3 14],11,118,140,107,111
1,<environment.Job instance at 0x7fc05ea02eb0>,1,24,[2 6],2,2,26,0,2
1,<environment.Job instance at 0x7fc05ea020f0>,7,25,[3 7],8,8,33,0,8
1,<environment.Job instance at 0x7fc05ea02e10>,9,22,[ 4 10],10,33,55,23,26
1,<environment.Job instance at 0x7fc05ea02c80>,10,25,[ 5 14],11,55,80,44,51
1,<environment.Job instance at 0x7fc05ea02e60>,6,21,[ 1 10],7,80,101,73,72
1,<environment.Job instance at 0x7fc05e9b9460>,3,20,[ 2 11],4,101,121,97,96
1,<environment.Job instance at 0x7fc05e9ecaf0>,13,28,[2 7],14,121,149,107,120
1,<environment.Job instance at 0x7fc05e9ecd70>,14,19,[3 6],15,121,140,106,120
1,<environment.Job instance at 0x7fc05e9ecdc0>,15,25,[3 9],16,149,174,133,145
1,<environment.Job instance at 0x7fc0a45a55f0>,0,23,[2 9],1,1,24,0,1
1,<environment.Job instance at 0x7fc0a45a5640>,2,23,[8 3],3,3,26,0,3
1,<environment.Job instance at 0x7fc0a8cf3d70>,7,24,[ 1 11],8,24,48,16,19
1,<environment.Job instance at 0x7fc0a8cf3370>,8,27,[10  4],9,26,53,17,24
1,<environment.Job instance at 0x7fc0a8cf3c80>,9,26,[5 5],10,48,74,38,45
1,<environment.Job instance at 0x7fc0a42f7730>,4,25,[ 1 14],5,74,99,69,70
1,<environment.Job instance at 0x7fc0a8cf3870>,11,19,[13  1],12,74,93,62,73
1,<environment.Job instance at 0x7fc0a8cf3780>,13,28,[ 4 11],14,99,127,85,98
1,<environment.Job instance at 0x7fc0a911b8c0>,14,22,[5 4],15,99,121,84,98
1,<environment.Job instance at 0x7fc0a8fcc550>,15,24,[13  5],16,127,151,111,122
1,<environment.Job instance at 0x7fc0a911b140>,16,26,[12  1],17,151,177,134,148
1,<environment.Job instance at 0x7fc0a42f7d70>,5,19,[13  1],6,182,201,176,182
1,<environment.Job instance at 0x7fc0a4579cd0>,21,26,[7 1],22,201,227,179,198
1,<environment.Job instance at 0x7fc0a46ac9b0>,22,22,[8 3],23,201,223,178,198
1,<environment.Job instance at 0x7fc0a43945f0>,1,26,[5 3],2,2,28,0,2
1,<environment.Job instance at 0x7fc0a46ac230>,2,27,[13  5],3,28,55,25,26
1,<environment.Job instance at 0x7fc0a42a28c0>,6,20,[2 9],7,26,46,19,26
1,<environment.Job instance at 0x7fc0a42a2960>,7,26,[14  5],8,55,81,47,52
1,<environment.Job instance at 0x7fc0a42a2a00>,8,24,[4 6],9,81,105,72,76
1,<environment.Job instance at 0x7fc0a414f280>,4,21,[ 4 11],5,105,126,100,97
1,<environment.Job instance at 0x7fc0a42a2b40>,10,20,[12  3],11,126,146,115,117
1,<environment.Job instance at 0x7fc0a42a2c80>,12,24,[8 5],13,146,170,133,141
1,<environment.Job instance at 0x7fc0a42a2d20>,13,24,[5 1],14,146,170,132,141
1,<environment.Job instance at 0x7fc0a46ac9b0>,3,28,[ 3 14],4,170,198,166,169
1,<environment.Job instance at 0x7fc0a42a2aa0>,9,18,[13  1],10,520,538,510,520
1,<environment.Job instance at 0x7fc05ea62aa0>,0,19,[4 5],1,2,21,1,2
1,<environment.Job instance at 0x7fc05ea62b90>,4,21,[5 4],5,5,26,0,5
1,<environment.Job instance at 0x7fc05ea62640>,7,28,[3 5],8,8,36,0,8
1,<environment.Job instance at 0x7fc05ea8a5f0>,8,23,[8 3],9,26,49,17,20
1,<environment.Job instance at 0x7fc05ea8ab40>,10,25,[ 4 10],11,36,61,25,32
1,<environment.Job instance at 0x7fc05ea8aaa0>,6,22,[7 2],7,49,71,42,46
1,<environment.Job instance at 0x7fc0a4682e10>,1,22,[ 4 12],2,2,24,0,2
1,<environment.Job instance at 0x7fc0a8d5eeb0>,3,24,[14  1],4,24,48,20,19
1,<environment.Job instance at 0x7fc0a46630f0>,7,26,[11  2],8,48,74,40,45
1,<environment.Job instance at 0x7fc0a4663410>,9,24,[11  1],10,74,98,64,69
1,<environment.Job instance at 0x7fc0a8bc6fa0>,10,23,[13  2],11,98,121,87,92
1,<environment.Job instance at 0x7fc0a8d5e870>,2,20,[13  3],3,121,141,118,112
1,<environment.Job instance at 0x7fc0a8c25460>,13,28,[5 9],14,141,169,127,140
1,<environment.Job instance at 0x7fc0a44f2f00>,0,28,[5 5],1,1,29,0,1
1,<environment.Job instance at 0x7fc0a909ea50>,4,26,[ 5 11],5,29,55,24,26
1,<environment.Job instance at 0x7fc0a96fa410>,3,23,[ 5 11],4,55,78,51,49
1,<environment.Job instance at 0x7fc05e56c280>,7,27,[12  5],8,78,105,70,76
1,<environment.Job instance at 0x7fc05e56c370>,9,22,[ 2 11],10,105,127,95,98
1,<environment.Job instance at 0x7fc0a8c256e0>,1,21,[ 4 13],2,127,148,125,119
1,<environment.Job instance at 0x7fc0a8b46b90>,11,21,[9 5],12,148,169,136,140
1,<environment.Job instance at 0x7fc05e56c2d0>,8,19,[11  4],9,169,188,160,160
1,<environment.Job instance at 0x7fc0a47a8550>,1,27,[10  3],2,2,29,0,2
1,<environment.Job instance at 0x7fc0a9287e60>,2,25,[ 3 12],3,3,28,0,3
1,<environment.Job instance at 0x7fc0a42095a0>,5,26,[14  4],6,29,55,23,26
1,<environment.Job instance at 0x7fc0a4209460>,7,26,[12  4],8,55,81,47,52
1,<environment.Job instance at 0x7fc0a4209280>,6,23,[14  4],7,81,104,74,75
1,<environment.Job instance at 0x7fc0a4209190>,8,23,[ 2 12],9,104,127,95,98
1,<environment.Job instance at 0x7fc0a4397190>,13,24,[9 1],14,104,128,90,99
1,<environment.Job instance at 0x7fc0a920bd70>,0,21,[8 3],1,1,22,0,1
1,<environment.Job instance at 0x7fc0a920b820>,3,27,[ 4 14],4,22,49,18,20
1,<environment.Job instance at 0x7fc0a8b88dc0>,6,24,[5 6],7,49,73,42,44
1,<environment.Job instance at 0x7fc0a8b889b0>,8,22,[ 4 13],9,73,95,64,66
1,<environment.Job instance at 0x7fc0a8b887d0>,9,24,[ 1 10],10,95,119,85,90
1,<environment.Job instance at 0x7fc0a8b884b0>,11,25,[14  1],12,95,120,83,91
1,<environment.Job instance at 0x7fc0a8b88fa0>,14,28,[5 7],15,120,148,105,119
1,<environment.Job instance at 0x7fc05ec1a410>,15,28,[2 5],16,120,148,104,119
1,<environment.Job instance at 0x7fc0a8ce9aa0>,16,28,[ 2 14],17,148,176,131,147
1,<environment.Job instance at 0x7fc0a8ce9370>,17,22,[9 4],18,176,198,158,169
1,<environment.Job instance at 0x7fc0a8ce9c80>,18,28,[5 1],19,169,197,150,169
1,<environment.Job instance at 0x7fc0a8ce9500>,19,28,[1 9],20,176,204,156,175
1,<environment.Job instance at 0x7fc0a8b7c320>,26,23,[12  4],27,198,221,171,197
1,<environment.Job instance at 0x7fc05e853b40>,28,22,[ 3 14],29,221,243,192,214
1,<environment.Job instance at 0x7fc05e2d4500>,30,28,[5 5],31,243,271,212,242
1,<environment.Job instance at 0x7fc05e2d40f0>,31,24,[10  1],32,242,266,210,242
1,<environment.Job instance at 0x7fc0a435dc30>,32,26,[ 5 14],33,271,297,238,268
1,<environment.Job instance at 0x7fc05e6c7550>,36,21,[12  4],37,297,318,260,289
1,<environment.Job instance at 0x7fc05e3cd410>,0,22,[3 9],1,1,23,0,1
1,<environment.Job instance at 0x7fc05e57e230>,4,23,[9 5],5,5,28,0,5
1,<environment.Job instance at 0x7fc0a402cd70>,6,25,[13  2],7,28,53,21,24
1,<environment.Job instance at 0x7fc05e8df640>,2,23,[ 3 11],3,53,76,50,47
1,<environment.Job instance at 0x7fc05e35d370>,8,24,[7 4],9,53,77,44,48
1,<environment.Job instance at 0x7fc0a4114640>,11,26,[12  5],12,77,103,65,74
1,<environment.Job instance at 0x7fc05e468410>,12,28,[13  1],13,103,131,90,102
1,<environment.Job instance at 0x7fc05e57e410>,3,24,[ 4 14],4,131,155,127,126
1,<environment.Job instance at 0x7fc05e4f75f0>,15,24,[10  4],16,155,179,139,150
1,<environment.Job instance at 0x7fc05ea9e230>,14,20,[ 4 12],15,179,199,164,172
1,<environment.Job instance at 0x7fc05e468af0>,13,22,[ 5 14],14,199,221,185,192
1,<environment.Job instance at 0x7fc05e8f38c0>,18,25,[6 2],19,221,246,202,217
1,<environment.Job instance at 0x7fc05e8f32d0>,19,20,[ 4 10],20,221,241,201,217
1,<environment.Job instance at 0x7fc0a44c56e0>,20,21,[4 7],21,241,262,220,233
1,<environment.Job instance at 0x7fc05e388550>,26,26,[6 2],27,246,272,219,243
1,<environment.Job instance at 0x7fc05e6a1fa0>,27,23,[8 1],28,262,285,234,256
1,<environment.Job instance at 0x7fc0a45d1320>,29,26,[10  2],30,285,311,255,282
1,<environment.Job instance at 0x7fc05e38b0a0>,32,25,[3 8],33,287,312,254,287
1,<environment.Job instance at 0x7fc0a42415f0>,1,21,[ 5 14],2,2,23,0,2
1,<environment.Job instance at 0x7fc0a45bc730>,8,24,[4 8],9,23,47,14,18
1,<environment.Job instance at 0x7fc0a45ce050>,9,22,[3 7],10,23,45,13,18
1,<environment.Job instance at 0x7fc05e313500>,11,21,[1 7],12,45,66,33,37
1,<environment.Job instance at 0x7fc05e98c730>,0,27,[12  5],1,1,28,0,1
1,<environment.Job instance at 0x7fc0a8e7ad70>,3,21,[12  2],4,28,49,24,20
1,<environment.Job instance at 0x7fc0a8e7a320>,8,27,[ 1 10],9,35,62,26,35
1,<environment.Job instance at 0x7fc0a8e7a690>,5,23,[ 3 13],6,62,85,56,56
1,<environment.Job instance at 0x7fc0a8e7aeb0>,10,20,[ 5 12],11,85,105,74,76
1,<environment.Job instance at 0x7fc05e869f00>,11,24,[9 4],12,105,129,93,100
1,<environment.Job instance at 0x7fc05e869190>,12,26,[5 5],13,105,131,92,102
1,<environment.Job instance at 0x7fc0a44b7dc0>,0,23,[2 7],1,1,24,0,1
1,<environment.Job instance at 0x7fc0a4527f50>,4,28,[12  1],5,5,33,0,5
1,<environment.Job instance at 0x7fc0a4527f00>,9,26,[11  5],10,33,59,23,30
1,<environment.Job instance at 0x7fc0a45270a0>,11,27,[13  4],12,59,86,47,57
1,<environment.Job instance at 0x7fc0a441f9b0>,12,24,[8 1],13,86,110,73,81
1,<environment.Job instance at 0x7fc0a9226230>,13,19,[ 5 10],14,88,107,74,88
1,<environment.Job instance at 0x7fc0a4527fa0>,10,21,[13  3],11,110,131,99,102
1,<environment.Job instance at 0x7fc0a8ace9b0>,16,20,[ 4 13],17,131,151,114,122
1,<environment.Job instance at 0x7fc0a4527dc0>,3,20,[ 4 13],4,151,171,147,142
1,<environment.Job instance at 0x7fc0a8ace730>,18,26,[5 1],19,142,168,123,142
1,<environment.Job instance at 0x7fc0a8acecd0>,19,21,[13  1],20,171,192,151,163
1,<environment.Job instance at 0x7fc0a418fe60>,21,22,[13  4],22,192,214,170,185
1,<environment.Job instance at 0x7fc0a8ace5a0>,22,24,[1 8],23,185,209,162,185
1,<environment.Job instance at 0x7fc0a8aceeb0>,23,20,[ 5 10],24,214,234,190,205
1,<environment.Job instance at 0x7fc0a8b46320>,28,19,[8 2],29,214,233,185,207
1,<environment.Job instance at 0x7fc05e7ec460>,29,26,[7 5],30,233,259,203,230
1,<environment.Job instance at 0x7fc0a44b7d20>,1,19,[14  5],2,259,278,257,249
1,<environment.Job instance at 0x7fc0a4269460>,32,26,[ 3 10],33,278,304,245,275
1,<environment.Job instance at 0x7fc0a8baa370>,33,27,[1 8],34,304,331,270,302
1,<environment.Job instance at 0x7fc05e5718c0>,34,20,[13  5],35,304,324,269,302
1,<environment.Job instance at 0x7fc0a47aa230>,35,23,[5 7],36,324,347,288,318
1,<environment.Job instance at 0x7fc05e846410>,0,25,[ 1 11],1,1,26,0,1
1,<environment.Job instance at 0x7fc05e5c3fa0>,6,24,[11  4],7,7,31,0,7
1,<environment.Job instance at 0x7fc05e5ba050>,7,21,[10  3],8,31,52,23,23
1,<environment.Job instance at 0x7fc05e5ba2d0>,11,26,[9 5],12,52,78,40,49
1,<environment.Job instance at 0x7fc05e846fa0>,3,19,[2 8],4,49,68,45,49
1,<environment.Job instance at 0x7fc05e5ba410>,13,25,[11  5],14,78,103,64,74
1,<environment.Job instance at 0x7fc05e5fb7d0>,0,24,[3 7],1,1,25,0,1
1,<environment.Job instance at 0x7fc0a41ae2d0>,6,23,[9 3],7,7,30,0,7
1,<environment.Job instance at 0x7fc05e8ac6e0>,7,26,[11  4],8,30,56,22,27
1,<environment.Job instance at 0x7fc05e5fb8c0>,4,22,[ 5 11],5,56,78,51,49
1,<environment.Job instance at 0x7fc0a476cb90>,11,27,[5 2],12,56,83,44,54
1,<environment.Job instance at 0x7fc0a41ff5f0>,13,21,[ 3 11],14,78,99,64,70
1,<environment.Job instance at 0x7fc0a41bb500>,17,22,[9 3],18,83,105,65,76
1,<environment.Job instance at 0x7fc0a41ff780>,18,28,[ 1 13],19,105,133,86,104
1,<environment.Job instance at 0x7fc05e8ac640>,8,19,[ 4 11],9,135,154,126,135
1,<environment.Job instance at 0x7fc0a4406500>,24,22,[7 3],25,135,157,110,135
1,<environment.Job instance at 0x7fc05eb8fd20>,25,19,[12  3],26,218,237,192,218
1,<environment.Job instance at 0x7fc0a456f2d0>,2,23,[14  2],3,3,26,0,3
1,<environment.Job instance at 0x7fc0a8cab6e0>,3,25,[5 3],4,26,51,22,22
1,<environment.Job instance at 0x7fc0a8cab0f0>,8,26,[10  5],9,26,52,17,23
1,<environment.Job instance at 0x7fc0a8caba50>,5,19,[ 4 14],6,52,71,46,48
1,<environment.Job instance at 0x7fc0a470ee60>,11,23,[8 3],12,71,94,59,65
1,<environment.Job instance at 0x7fc0a470efa0>,12,19,[10  5],13,94,113,81,84
1,<environment.Job instance at 0x7fc05e47e5f0>,14,28,[8 4],15,113,141,98,112
1,<environment.Job instance at 0x7f4f577b2370>,1,24,[10  1],2,2,26,0,2
1,<environment.Job instance at 0x7f4f503a32d0>,4,24,[7 2],5,26,50,21,21
1,<environment.Job instance at 0x7f4f577b20f0>,2,20,[7 4],3,26,46,23,21
1,<environment.Job instance at 0x7f4f503a33c0>,7,26,[9 3],8,50,76,42,47
1,<environment.Job instance at 0x7f4f503a3460>,8,20,[ 4 13],9,76,96,67,67
1,<environment.Job instance at 0x7f4f503a36e0>,12,28,[ 1 14],13,96,124,83,95
1,<environment.Job instance at 0x7f4f503a3280>,5,24,[ 2 14],6,124,148,118,119
1,<environment.Job instance at 0x7f4f503a38c0>,15,20,[ 3 12],16,148,168,132,139
1,<environment.Job instance at 0x7f4f503a3960>,16,28,[5 1],17,139,167,122,139
1,<environment.Job instance at 0x7f4f503a3a00>,17,19,[12  4],18,168,187,150,165
1,<environment.Job instance at 0x7f4f503c3780>,0,21,[5 4],1,1,22,0,1
1,<environment.Job instance at 0x7f4f5791f640>,4,26,[4 7],5,5,31,0,5
1,<environment.Job instance at 0x7f4f503a3b90>,1,27,[13  4],2,31,58,29,29
1,<environment.Job instance at 0x7f4f57924eb0>,10,24,[6 5],11,58,82,47,53
1,<environment.Job instance at 0x7f4f503a3a00>,2,21,[14  2],3,82,103,79,74
1,<environment.Job instance at 0x7f4f57924c30>,12,23,[ 3 11],13,103,126,90,97
1,<environment.Job instance at 0x7f4f57924c80>,15,26,[7 2],16,103,129,87,100
1,<environment.Job instance at 0x7f4f57927230>,16,20,[13  4],17,129,149,112,121
1,<environment.Job instance at 0x7f4f57927320>,19,28,[3 8],20,149,177,129,148
1,<environment.Job instance at 0x7f4f577dcf50>,20,24,[ 2 13],21,177,201,156,172
1,<environment.Job instance at 0x7f4f577dc0a0>,21,28,[7 1],22,172,200,150,172
1,<environment.Job instance at 0x7f4f577dce60>,24,26,[12  4],25,201,227,176,198
1,<environment.Job instance at 0x7f4f57918190>,27,25,[ 3 13],28,227,252,199,223
1,<environment.Job instance at 0x7f4f57918eb0>,28,24,[12  5],29,252,276,223,247
1,<environment.Job instance at 0x7f4f57918d70>,29,25,[ 2 11],30,276,301,246,272
1,<environment.Job instance at 0x7f4f57918050>,30,26,[5 4],31,276,302,245,273
1,<environment.Job instance at 0x7f4f577da280>,31,23,[ 3 14],32,302,325,270,296
1,<environment.Job instance at 0x7f4f0c780aa0>,0,27,[3 9],1,1,28,0,1
1,<environment.Job instance at 0x7f4f0c780eb0>,4,27,[1 5],5,5,32,0,5
1,<environment.Job instance at 0x7f4f0c79ac80>,5,26,[11  3],6,28,54,22,25
1,<environment.Job instance at 0x7f4f0c79a910>,6,25,[11  3],7,54,79,47,50
1,<environment.Job instance at 0x7f4f577da5f0>,1,20,[ 4 11],2,50,70,48,50
1,<environment.Job instance at 0x7f4f0c79a2d0>,9,25,[ 3 13],10,79,104,69,75
1,<environment.Job instance at 0x7f4f0c79a1e0>,10,19,[11  3],11,104,123,93,94
1,<environment.Job instance at 0x7f4f0c79a690>,16,22,[7 5],17,123,145,106,116
1,<environment.Job instance at 0x7f4f0c79a5a0>,17,20,[5 8],18,123,143,105,116
1,<environment.Job instance at 0x7f4f0c79a410>,20,20,[11  2],21,145,165,124,136
1,<environment.Job instance at 0x7f4f0c79a050>,21,26,[2 8],22,143,169,121,140
1,<environment.Job instance at 0x7f4f0c79ae10>,23,20,[ 4 10],24,169,189,145,160
1,<environment.Job instance at 0x7f4f0caa8500>,3,25,[8 3],4,4,29,0,4
1,<environment.Job instance at 0x7f4f0c79ae10>,5,28,[ 3 11],6,6,34,0,6
1,<environment.Job instance at 0x7f4f0cb93050>,7,24,[2 7],8,34,58,26,29
1,<environment.Job instance at 0x7f4f0caa8960>,0,19,[12  4],1,30,49,29,30
1,<environment.Job instance at 0x7f4f0c5feb40>,10,27,[14  3],11,58,85,47,56
1,<environment.Job instance at 0x7f4f0c96caa0>,1,26,[ 5 14],2,2,28,0,2
1,<environment.Job instance at 0x7f4f501c5280>,5,26,[7 1],6,6,32,0,6
1,<environment.Job instance at 0x7f4f501c5730>,10,27,[13  4],11,32,59,21,30
1,<environment.Job instance at 0x7f4f501c5370>,6,21,[8 4],7,59,80,52,51
1,<environment.Job instance at 0x7f4f0c5fe0a0>,4,25,[ 4 10],5,59,84,54,55
1,<environment.Job instance at 0x7f4f0c649e60>,2,26,[ 2 13],3,84,110,81,81
1,<environment.Job instance at 0x7f4f501c5960>,14,24,[10  1],15,81,105,66,81
1,<environment.Job instance at 0x7f4f501c5be0>,18,26,[14  2],19,110,136,91,107
1,<environment.Job instance at 0x7f4f501c5c80>,19,25,[13  4],20,136,161,116,132
1,<environment.Job instance at 0x7f4f501c5d20>,20,27,[6 1],21,161,188,140,159
1,<environment.Job instance at 0x7f4f501c5dc0>,21,26,[ 3 14],22,161,187,139,159
1,<environment.Job instance at 0x7f4f502058c0>,3,24,[13  4],4,4,28,0,4
1,<environment.Job instance at 0x7f4f50205b40>,4,19,[ 2 13],5,148,167,143,148
1,<environment.Job instance at 0x7f4f508beeb0>,0,25,[12  2],1,1,26,0,1
1,<environment.Job instance at 0x7f4f508be3c0>,5,28,[12  2],6,26,54,20,25
1,<environment.Job instance at 0x7f4f5717f050>,6,21,[ 4 12],7,54,75,47,46
1,<environment.Job instance at 0x7f4f508bec80>,7,26,[ 4 12],8,75,101,67,72
1,<environment.Job instance at 0x7f4f508bef00>,1,22,[11  3],2,78,100,76,78
1,<environment.Job instance at 0x7f4f508be370>,2,24,[12  5],3,101,125,98,96
1,<environment.Job instance at 0x7f4f508bed70>,3,26,[ 5 10],4,125,151,121,122
1,<environment.Job instance at 0x7f4f0cc3ccd0>,15,22,[5 5],16,125,147,109,122
1,<environment.Job instance at 0x7f4f57045be0>,13,23,[ 4 13],14,151,174,137,145
1,<environment.Job instance at 0x7f4f0cc3cfa0>,16,22,[13  1],17,174,196,157,167
1,<environment.Job instance at 0x7f4f0cc3c190>,18,27,[ 1 13],19,174,201,155,174
1,<environment.Job instance at 0x7f4f5012d410>,20,23,[8 4],21,201,224,180,195
1,<environment.Job instance at 0x7f4f0c6a8b90>,22,21,[11  5],23,224,245,201,216
1,<environment.Job instance at 0x7f4f577db410>,0,24,[3 9],1,1,25,0,1
1,<environment.Job instance at 0x7f4f577dbaa0>,3,20,[8 4],4,4,24,0,4
1,<environment.Job instance at 0x7f4f50405eb0>,7,27,[8 5],8,24,51,16,22
1,<environment.Job instance at 0x7f4f50405fa0>,6,27,[1 6],7,25,52,18,23
1,<environment.Job instance at 0x7f4f577db690>,4,27,[1 9],5,51,78,46,49
1,<environment.Job instance at 0x7f4f50405e60>,5,25,[ 2 12],6,78,103,72,74
1,<environment.Job instance at 0x7f4f503f3500>,14,27,[5 2],15,76,103,61,76
1,<environment.Job instance at 0x7f4f501f1320>,1,27,[11  5],2,2,29,0,2
1,<environment.Job instance at 0x7f4f503f34b0>,2,22,[ 2 10],3,5,27,2,5
1,<environment.Job instance at 0x7f4f0cd32eb0>,7,22,[10  1],8,29,51,21,22
1,<environment.Job instance at 0x7f4f0cd32be0>,8,28,[1 7],9,27,55,18,26
1,<environment.Job instance at 0x7f4f0cc6da50>,4,27,[ 4 13],5,5,32,0,5
1,<environment.Job instance at 0x7f4f0ca44be0>,5,23,[ 4 12],6,32,55,26,26
1,<environment.Job instance at 0x7f4f56e46eb0>,8,23,[ 5 11],9,55,78,46,49
1,<environment.Job instance at 0x7f4f57046b40>,9,28,[13  3],10,78,106,68,77
1,<environment.Job instance at 0x7f4f570469b0>,10,27,[3 8],11,106,133,95,104
1,<environment.Job instance at 0x7f4f57046fa0>,11,23,[ 5 11],12,133,156,121,127
1,<environment.Job instance at 0x7f4f0cc2fdc0>,2,28,[10  5],3,3,31,0,3
1,<environment.Job instance at 0x7f4f570465a0>,3,25,[8 4],4,31,56,27,27
1,<environment.Job instance at 0x7f4f5711d280>,4,21,[6 3],5,31,52,26,27
1,<environment.Job instance at 0x7f4f0c9f9870>,10,25,[8 3],11,56,81,45,52
1,<environment.Job instance at 0x7f4f0c9f9910>,11,22,[13  5],12,81,103,69,74
1,<environment.Job instance at 0x7f4f0cc2ff50>,5,18,[ 1 12],6,1540,1558,1534,1540
1,<environment.Job instance at 0x7f4f0c9f9a50>,13,24,[5 1],14,1540,1564,1526,1540
1,<environment.Job instance at 0x7f4f503466e0>,1,26,[5 5],2,2,28,0,2
1,<environment.Job instance at 0x7f4f50346c30>,5,28,[10  4],6,6,34,0,6
1,<environment.Job instance at 0x7f4f5711da00>,6,25,[8 2],7,34,59,27,30
1,<environment.Job instance at 0x7f4f50346960>,3,27,[ 5 14],4,59,86,55,57
1,<environment.Job instance at 0x7f4f5711d1e0>,10,21,[8 3],11,86,107,75,78
1,<environment.Job instance at 0x7f4f50346460>,4,21,[13  3],5,107,128,102,99
1,<environment.Job instance at 0x7f4f50531dc0>,13,27,[ 4 14],14,128,155,114,126
1,<environment.Job instance at 0x7f4f50531a50>,16,24,[5 6],17,155,179,138,150
1,<environment.Job instance at 0x7f4f505319b0>,18,22,[ 4 13],19,179,201,160,172
1,<environment.Job instance at 0x7f4f50531e60>,19,24,[ 1 10],20,201,225,181,196
1,<environment.Job instance at 0x7f4f50741460>,21,25,[14  1],22,201,226,179,197
1,<environment.Job instance at 0x7f4f507418c0>,24,28,[5 7],25,226,254,201,225
1,<environment.Job instance at 0x7f4f50741140>,25,28,[2 5],26,226,254,200,225
1,<environment.Job instance at 0x7f4f50741320>,26,28,[ 2 14],27,254,282,227,253
1,<environment.Job instance at 0x7f4f507419b0>,27,22,[9 4],28,282,304,254,275
1,<environment.Job instance at 0x7f4f50741e10>,28,28,[5 1],29,275,303,246,275
1,<environment.Job instance at 0x7f4f50741d70>,29,28,[1 9],30,282,310,252,281
1,<environment.Job instance at 0x7f4f56c34e10>,0,22,[3 9],1,1,23,0,1
1,<environment.Job instance at 0x7f4f50201370>,4,23,[9 5],5,5,28,0,5
1,<environment.Job instance at 0x7f4f56c34a00>,2,23,[ 3 11],3,28,51,25,23
1,<environment.Job instance at 0x7f4f570b9cd0>,8,24,[7 4],9,28,52,19,23
1,<environment.Job instance at 0x7f4f50201a50>,6,25,[13  2],7,52,77,45,48
1,<environment.Job instance at 0x7f4f570b9be0>,11,26,[12  5],12,77,103,65,74
1,<environment.Job instance at 0x7f4f570b98c0>,12,28,[13  1],13,103,131,90,102
1,<environment.Job instance at 0x7f4f570b9190>,14,20,[ 4 12],15,131,151,116,123
1,<environment.Job instance at 0x7f4f570f8870>,15,24,[10  4],16,151,175,135,146
1,<environment.Job instance at 0x7f4f570b90a0>,13,22,[ 5 14],14,175,197,161,168
1,<environment.Job instance at 0x7f4f502015a0>,3,24,[ 4 14],4,197,221,193,192
1,<environment.Job instance at 0x7f4f570f8a50>,18,25,[6 2],19,221,246,202,217
1,<environment.Job instance at 0x7f4f570f89b0>,19,20,[ 4 10],20,221,241,201,217
1,<environment.Job instance at 0x7f4f570f8230>,20,21,[4 7],21,241,262,220,233
1,<environment.Job instance at 0x7f4f570f8460>,26,26,[6 2],27,246,272,219,243
1,<environment.Job instance at 0x7f4f570f80a0>,27,23,[8 1],28,262,285,234,256
1,<environment.Job instance at 0x7f4f5791c960>,29,26,[10  2],30,285,311,255,282
1,<environment.Job instance at 0x7f4f5791c9b0>,32,25,[3 8],33,282,307,249,282
1,<environment.Job instance at 0x7f4f50675c80>,0,21,[5 3],1,1,22,0,1
1,<environment.Job instance at 0x7f4f5791c320>,1,21,[1 7],2,2,23,0,2
1,<environment.Job instance at 0x7f4f50425f50>,7,19,[6 2],8,8,27,0,8
1,<environment.Job instance at 0x7f4f50425960>,6,12,[11  1],7,1094,1106,1087,1094
1,<environment.Job instance at 0x7f4f50425cd0>,11,21,[14  1],12,1106,1127,1094,1098
1,<environment.Job instance at 0x7f4f0c672140>,12,24,[5 5],13,1127,1151,1114,1122
1,<environment.Job instance at 0x7f4f502c8b40>,2,24,[5 3],3,3,27,0,3
1,<environment.Job instance at 0x7f4f0c7ac640>,2,26,[ 3 10],3,3,29,0,3
1,<environment.Job instance at 0x7f4f0c73d780>,5,23,[5 7],6,29,52,23,23
1,<environment.Job instance at 0x7f4f0c6c3f50>,8,25,[9 3],9,23,48,14,23
1,<environment.Job instance at 0x7f4f5078da00>,3,27,[1 8],4,48,75,44,46
1,<environment.Job instance at 0x7f4f0c6c3dc0>,12,21,[ 4 14],13,75,96,62,67
1,<environment.Job instance at 0x7f4f0ca9c280>,4,20,[13  5],5,96,116,91,95
1,<environment.Job instance at 0x7f4f505991e0>,1,26,[ 4 11],2,2,28,0,2
1,<environment.Job instance at 0x7f4f508165f0>,5,28,[6 4],6,6,34,0,6
1,<environment.Job instance at 0x7f4f508162d0>,6,28,[8 5],7,28,56,21,27
1,<environment.Job instance at 0x7f4f0c73daf0>,2,19,[3 9],3,34,53,31,27
1,<environment.Job instance at 0x7f4f50816c80>,8,25,[11  2],9,56,81,47,52
1,<environment.Job instance at 0x7f4f50816e10>,9,20,[14  4],10,81,101,71,72
1,<environment.Job instance at 0x7f4f0ca28730>,10,21,[2 6],11,101,122,90,93
1,<environment.Job instance at 0x7f4f50816320>,7,21,[5 1],8,101,122,93,93
1,<environment.Job instance at 0x7f4f50361cd0>,0,24,[ 3 14],1,122,146,121,117
1,<environment.Job instance at 0x7f4f56e37960>,0,22,[5 4],1,1,23,0,1
1,<environment.Job instance at 0x7f4f56e377d0>,3,25,[1 9],4,4,29,0,4
1,<environment.Job instance at 0x7f4f5038d550>,5,27,[9 3],6,23,50,17,21
1,<environment.Job instance at 0x7f4f56e37690>,7,28,[6 2],8,30,58,22,30
1,<environment.Job instance at 0x7f4f56e37820>,6,24,[14  4],7,58,82,51,53
1,<environment.Job instance at 0x7f4f572eb280>,9,25,[2 7],10,82,107,72,78
1,<environment.Job instance at 0x7f4f5075de10>,10,26,[14  2],11,107,133,96,104
1,<environment.Job instance at 0x7f4f5075d140>,11,23,[13  4],12,133,156,121,127
1,<environment.Job instance at 0x7f4f5075d8c0>,12,28,[6 1],13,156,184,143,155
1,<environment.Job instance at 0x7f4f5075daf0>,13,21,[5 9],14,156,177,142,155
1,<environment.Job instance at 0x7f4f50531320>,15,21,[4 9],16,177,198,161,169
1,<environment.Job instance at 0x7f4f5038de60>,4,21,[ 4 12],5,198,219,193,190
1,<environment.Job instance at 0x7f4f5083cf50>,2,19,[14  3],3,219,238,216,217
1,<environment.Job instance at 0x7f4f0c8b12d0>,19,28,[11  1],20,238,266,218,237
1,<environment.Job instance at 0x7f4f5724dd70>,21,26,[13  2],22,266,292,244,263
1,<environment.Job instance at 0x7f4f57342dc0>,22,21,[ 3 11],23,292,313,269,284
1,<environment.Job instance at 0x7f4f56d8d870>,24,20,[8 3],25,292,312,267,284
1,<environment.Job instance at 0x7f4f0c3b1a00>,25,25,[6 4],26,312,337,286,308
1,<environment.Job instance at 0x7f4f0c958690>,26,21,[14  5],27,337,358,310,329
1,<environment.Job instance at 0x7f4f0c958b90>,27,26,[ 5 13],28,358,384,330,355
1,<environment.Job instance at 0x7f4f56db15a0>,29,27,[ 4 13],30,384,411,354,382
1,<environment.Job instance at 0x7f4f57241c30>,0,26,[13  2],1,1,27,0,1
1,<environment.Job instance at 0x7f4f56ca9550>,3,27,[2 7],4,4,31,0,4
1,<environment.Job instance at 0x7f4f56ca97d0>,7,24,[14  4],8,31,55,23,26
1,<environment.Job instance at 0x7f4f56ca94b0>,8,25,[12  5],9,55,80,46,51
1,<environment.Job instance at 0x7f4f56ca9050>,9,25,[3 6],10,55,80,45,51
1,<environment.Job instance at 0x7f4f56ca9f50>,10,23,[ 3 10],11,80,103,69,74
1,<environment.Job instance at 0x7f4f56ca9280>,6,24,[7 2],7,80,104,73,75
1,<environment.Job instance at 0x7f4f56ca9a50>,4,26,[7 1],5,103,129,98,100
1,<environment.Job instance at 0x7f4f56ca9dc0>,14,25,[1 8],15,103,128,88,100
1,<environment.Job instance at 0x7f4f56ca9eb0>,15,28,[5 8],16,128,156,112,127
1,<environment.Job instance at 0x7f4f56ca95f0>,11,20,[ 4 14],12,156,176,144,147
1,<environment.Job instance at 0x7f4f0c754af0>,0,27,[13  5],1,1,28,0,1
1,<environment.Job instance at 0x7f4f0c754f50>,5,27,[4 5],6,28,55,22,26
1,<environment.Job instance at 0x7f4f0c754b90>,2,28,[ 4 13],3,55,83,52,54
1,<environment.Job instance at 0x7f4f56e48910>,6,26,[1 5],7,83,109,76,80
1,<environment.Job instance at 0x7f4f5046d6e0>,7,26,[ 2 11],8,109,135,101,106
1,<environment.Job instance at 0x7f4f0c9eeb40>,12,19,[9 1],13,106,125,93,106
1,<environment.Job instance at 0x7f4f0cc73140>,14,26,[ 5 11],15,135,161,120,132
1,<environment.Job instance at 0x7f4f50331eb0>,17,20,[2 6],18,161,181,143,152
1,<environment.Job instance at 0x7f4f0c754b40>,3,19,[14  3],4,340,359,336,340
1,<environment.Job instance at 0x7f4f56fd4280>,19,23,[3 6],20,359,382,339,353
1,<environment.Job instance at 0x7f7c14ff1370>,1,24,[10  1],2,2,26,0,2
1,<environment.Job instance at 0x7f7c14ff1140>,4,24,[7 2],5,26,50,21,21
1,<environment.Job instance at 0x7f7c09e91320>,7,26,[9 3],8,50,76,42,47
1,<environment.Job instance at 0x7f7c09e91230>,5,24,[ 2 14],6,76,100,70,71
1,<environment.Job instance at 0x7f7c09e91730>,12,28,[ 1 14],13,100,128,87,99
1,<environment.Job instance at 0x7f7c09e914b0>,8,20,[ 4 13],9,128,148,119,124
1,<environment.Job instance at 0x7f7c09e91910>,15,20,[ 3 12],16,148,168,132,144
1,<environment.Job instance at 0x7f7c09e91a50>,17,19,[12  4],18,170,189,152,170
1,<environment.Job instance at 0x7f7c09e35eb0>,0,24,[6 5],1,1,25,0,1
1,<environment.Job instance at 0x7f7c14ff09b0>,5,26,[7 2],6,7,33,1,7
1,<environment.Job instance at 0x7f7c09e91a50>,2,23,[ 3 11],3,25,48,22,19
1,<environment.Job instance at 0x7f7c14ff0c80>,7,21,[9 2],8,33,54,25,25
1,<environment.Job instance at 0x7f7c14ff0aa0>,9,28,[3 8],10,48,76,38,47
1,<environment.Job instance at 0x7f7c14ff0a00>,10,24,[ 2 13],11,76,100,65,71
1,<environment.Job instance at 0x7f7c151636e0>,11,28,[7 1],12,71,99,59,71
1,<environment.Job instance at 0x7f7c15163b90>,13,27,[9 2],14,99,126,85,97
1,<environment.Job instance at 0x7f7c15163f00>,14,26,[12  4],15,126,152,111,123
1,<environment.Job instance at 0x7f7c15163e10>,17,25,[ 3 13],18,152,177,134,148
1,<environment.Job instance at 0x7f7c15163780>,18,24,[12  5],19,177,201,158,172
1,<environment.Job instance at 0x7f7c15163460>,19,25,[ 2 11],20,201,226,181,197
1,<environment.Job instance at 0x7f7c15163410>,20,26,[5 4],21,201,227,180,198
1,<environment.Job instance at 0x7f7c15166190>,21,23,[ 3 14],22,227,250,205,221
1,<environment.Job instance at 0x7f7c1501b500>,24,22,[3 8],25,250,272,225,243
1,<environment.Job instance at 0x7f7c14ff0780>,6,20,[13  4],7,272,292,265,263
1,<environment.Job instance at 0x7f7c1501bf50>,26,24,[13  4],27,292,316,265,287
1,<environment.Job instance at 0x7f7bce150910>,0,20,[11  2],1,1,21,0,1
1,<environment.Job instance at 0x7f7bce150190>,1,26,[2 8],2,2,28,0,2
1,<environment.Job instance at 0x7f7bce15a960>,5,23,[3 6],6,21,44,15,15
1,<environment.Job instance at 0x7f7c151579b0>,3,20,[ 4 10],4,44,64,40,43
1,<environment.Job instance at 0x7f7bce15a050>,8,27,[14  1],9,64,91,55,62
1,<environment.Job instance at 0x7f7bce15ac30>,9,27,[9 5],10,91,118,81,89
1,<environment.Job instance at 0x7f7bce15a0f0>,7,28,[ 3 11],8,118,146,110,117
1,<environment.Job instance at 0x7f7bce287550>,12,26,[ 4 12],13,146,172,133,143
1,<environment.Job instance at 0x7f7bce2875a0>,13,24,[ 5 13],14,172,196,158,167
1,<environment.Job instance at 0x7f7bce2870f0>,14,25,[11  5],15,196,221,181,192
1,<environment.Job instance at 0x7f7bce2872d0>,15,23,[3 6],16,196,219,180,192
1,<environment.Job instance at 0x7f7bce2877d0>,16,22,[12  5],17,221,243,204,214
1,<environment.Job instance at 0x7f7bce287a50>,22,28,[14  3],23,243,271,220,242
1,<environment.Job instance at 0x7f7bce24c640>,0,27,[9 5],1,1,28,0,1
1,<environment.Job instance at 0x7f7bce24c500>,5,21,[ 4 10],6,13,34,7,13
1,<environment.Job instance at 0x7f7bce24c0f0>,6,23,[2 8],7,34,57,27,28
1,<environment.Job instance at 0x7f7bce24cfa0>,7,25,[11  1],8,28,53,20,28
1,<environment.Job instance at 0x7f7bce24c550>,3,26,[14  2],4,57,83,53,54
1,<environment.Job instance at 0x7f7bce24c0a0>,1,22,[13  5],2,83,105,81,76
1,<environment.Job instance at 0x7f7bce24c7d0>,10,25,[13  4],11,105,130,94,101
1,<environment.Job instance at 0x7f7bce24cc30>,8,19,[13  3],9,130,149,121,129
1,<environment.Job instance at 0x7f7bce22eb90>,16,19,[6 5],17,149,168,132,139
1,<environment.Job instance at 0x7f7c09c768c0>,1,22,[ 4 12],2,2,24,0,2
1,<environment.Job instance at 0x7f7bce117820>,4,27,[12  1],5,24,51,19,22
1,<environment.Job instance at 0x7f7bce0ad780>,7,27,[12  2],8,51,78,43,49
1,<environment.Job instance at 0x7f7bce0ad9b0>,10,28,[ 5 10],11,78,106,67,77
1,<environment.Job instance at 0x7f7bce0ada50>,11,27,[11  5],12,106,133,94,104
1,<environment.Job instance at 0x7f7bce0adaf0>,12,23,[14  5],13,133,156,120,127
1,<environment.Job instance at 0x7f7bce0adcd0>,15,27,[12  4],16,156,183,140,154
1,<environment.Job instance at 0x7f7bce0ade10>,17,28,[12  4],18,183,211,165,182
1,<environment.Job instance at 0x7f7bce0add70>,16,20,[ 5 12],17,211,231,194,202
1,<environment.Job instance at 0x7f7bce0ad7d0>,21,28,[13  3],22,231,259,209,230
1,<environment.Job instance at 0x7f7bce0af230>,22,22,[ 3 11],23,259,281,236,252
1,<environment.Job instance at 0x7f7bce0af0f0>,23,21,[ 2 13],24,281,302,257,273
1,<environment.Job instance at 0x7f7bce0af140>,24,22,[10  2],25,273,295,248,273
1,<environment.Job instance at 0x7f7bce0af3c0>,25,26,[13  3],26,302,328,276,299
1,<environment.Job instance at 0x7f7bce0af460>,26,24,[8 2],27,328,352,301,323
1,<environment.Job instance at 0x7f7bce0af5a0>,28,12,[11  1],29,407,419,378,407
1,<environment.Job instance at 0x7f7c09f61e10>,2,24,[6 3],3,3,27,0,3
1,<environment.Job instance at 0x7f7c09f61690>,7,26,[6 3],8,8,34,0,8
1,<environment.Job instance at 0x7f7c09f61f50>,8,23,[11  4],9,34,57,25,28
1,<environment.Job instance at 0x7f7c09f61820>,9,27,[13  2],10,57,84,47,55
1,<environment.Job instance at 0x7f7c09f61aa0>,6,19,[ 2 11],7,83,102,76,83
1,<environment.Job instance at 0x7f7c09d1d2d0>,12,26,[14  3],13,102,128,89,99
1,<environment.Job instance at 0x7f7c0a7b8370>,1,26,[5 3],2,2,28,0,2
1,<environment.Job instance at 0x7f7c0a78ff50>,2,27,[13  5],3,28,55,25,26
1,<environment.Job instance at 0x7f7bce2fc9b0>,7,26,[14  5],8,55,81,47,52
1,<environment.Job instance at 0x7f7c0a78f960>,4,21,[ 4 11],5,81,102,76,73
1,<environment.Job instance at 0x7f7c0a78f1e0>,3,28,[ 3 14],4,102,130,98,101
1,<environment.Job instance at 0x7f7c14d811e0>,12,24,[8 5],13,130,154,117,125
1,<environment.Job instance at 0x7f7c14d81140>,13,24,[5 1],14,125,149,111,125
1,<environment.Job instance at 0x7f7c0a4a86e0>,10,20,[12  3],11,154,174,143,145
1,<environment.Job instance at 0x7f7c0a4a8b90>,9,18,[13  1],10,261,279,251,261
1,<environment.Job instance at 0x7f7c0a617500>,17,14,[14  1],18,896,910,878,896
1,<environment.Job instance at 0x7f7bce2d3aa0>,18,25,[ 4 10],19,910,935,891,906
1,<environment.Job instance at 0x7f7c0a6178c0>,19,26,[3 6],20,935,961,915,932
1,<environment.Job instance at 0x7f7c0a617550>,20,16,[6 3],21,932,948,911,932
1,<environment.Job instance at 0x7f7c0a617f00>,3,24,[9 1],4,4,28,0,4
1,<environment.Job instance at 0x7f7c0a617550>,5,23,[ 3 10],6,6,29,0,6
1,<environment.Job instance at 0x7f7c0a582640>,7,23,[9 5],8,28,51,20,22
1,<environment.Job instance at 0x7f7c0a5827d0>,8,27,[ 5 12],9,51,78,42,49
1,<environment.Job instance at 0x7f7c0a582870>,9,21,[7 5],10,78,99,68,70
1,<environment.Job instance at 0x7f7c0a5825a0>,6,20,[10  4],7,99,119,92,92
1,<environment.Job instance at 0x7f7c0a582910>,10,27,[ 3 13],11,119,146,108,117
1,<environment.Job instance at 0x7f7c0a582af0>,13,27,[1 7],14,146,173,132,144
1,<environment.Job instance at 0x7f7c0aa3ff00>,1,19,[14  4],2,146,165,144,144
1,<environment.Job instance at 0x7f7c0a582cd0>,16,22,[10  3],17,165,187,148,158
1,<environment.Job instance at 0x7f7c0a582fa0>,21,25,[9 1],22,187,212,165,183
1,<environment.Job instance at 0x7f7bce268230>,0,19,[5 2],1,2,21,1,2
1,<environment.Job instance at 0x7f7c0a0b8280>,4,22,[8 3],5,5,27,0,5
1,<environment.Job instance at 0x7f7c09e9fc30>,1,21,[12  1],2,27,48,25,19
1,<environment.Job instance at 0x7f7c09f53280>,8,23,[11  2],9,48,71,39,42
1,<environment.Job instance at 0x7f7c09f53b40>,10,20,[13  2],11,71,91,60,62
1,<environment.Job instance at 0x7f7c09f53370>,12,23,[ 3 13],13,91,114,78,85
1,<environment.Job instance at 0x7f7c09fb0730>,0,24,[14  4],1,1,25,0,1
1,<environment.Job instance at 0x7f7c0a540230>,2,27,[8 4],3,25,52,22,23
1,<environment.Job instance at 0x7f7c09f162d0>,6,24,[5 9],7,25,49,18,23
1,<environment.Job instance at 0x7f7c09f16eb0>,5,23,[ 5 12],6,52,75,46,46
1,<environment.Job instance at 0x7f7c09f16500>,4,23,[6 1],5,49,72,44,46
1,<environment.Job instance at 0x7f7c0ab19870>,10,25,[12  3],11,75,100,64,71
1,<environment.Job instance at 0x7f7c0ab19af0>,11,27,[ 4 11],12,100,127,88,98
1,<environment.Job instance at 0x7f7c0ab197d0>,12,23,[12  4],13,127,150,114,121
1,<environment.Job instance at 0x7f7c0a593e10>,13,27,[7 5],14,150,177,136,148
1,<environment.Job instance at 0x7f7bce3fc320>,8,25,[12  2],9,177,202,168,173
1,<environment.Job instance at 0x7f7bce0dd230>,15,25,[ 3 11],16,177,202,161,173
1,<environment.Job instance at 0x7f7c0a593500>,17,28,[2 8],18,202,230,184,201
1,<environment.Job instance at 0x7f7c0a5930f0>,16,21,[ 4 11],17,230,251,213,224
1,<environment.Job instance at 0x7f7c0a5938c0>,18,25,[ 1 12],19,251,276,232,247
1,<environment.Job instance at 0x7f7bce527550>,20,23,[5 5],21,276,299,255,270
1,<environment.Job instance at 0x7f7c0aa17b40>,21,26,[14  4],22,299,325,277,296
1,<environment.Job instance at 0x7f7bce5bac80>,22,25,[2 8],23,325,350,302,321
1,<environment.Job instance at 0x7f7bce7e0910>,24,25,[4 7],25,325,350,300,321
1,<environment.Job instance at 0x7f7c15018c30>,25,25,[11  5],26,350,375,324,346
1,<environment.Job instance at 0x7f7bce17e460>,26,23,[14  2],27,375,398,348,369
1,<environment.Job instance at 0x7f7bce550690>,27,28,[ 4 11],28,398,426,370,397
1,<environment.Job instance at 0x7f7bce17ecd0>,29,18,[11  1],30,1710,1728,1680,1710
1,<environment.Job instance at 0x7f7bce214690>,31,24,[ 3 14],32,1711,1735,1679,1711
1,<environment.Job instance at 0x7f7bce214dc0>,32,28,[5 4],33,1735,1763,1702,1734
1,<environment.Job instance at 0x7f7bce2148c0>,33,27,[ 3 12],34,1763,1790,1729,1761
1,<environment.Job instance at 0x7f7bce1a5050>,35,25,[ 5 12],36,1790,1815,1754,1786
1,<environment.Job instance at 0x7f7bce1a5460>,36,24,[7 4],37,1815,1839,1778,1810
1,<environment.Job instance at 0x7f7bce1a5a00>,37,21,[10  1],38,1839,1860,1801,1831
1,<environment.Job instance at 0x7f7c09e7e1e0>,39,27,[4 5],40,1831,1858,1791,1831
1,<environment.Job instance at 0x7f7c0a74b8c0>,0,20,[3 6],1,1,21,0,1
1,<environment.Job instance at 0x7f7c0a74b500>,1,26,[13  2],2,21,47,19,18
1,<environment.Job instance at 0x7f7c09f2a6e0>,5,28,[ 1 13],6,39,67,33,39
1,<environment.Job instance at 0x7f7c0ab0dc80>,6,21,[5 5],7,67,88,60,59
1,<environment.Job instance at 0x7f7c0ab0daf0>,7,19,[1 8],8,67,86,59,59
1,<environment.Job instance at 0x7f7c0ab0da50>,9,28,[7 1],10,59,87,49,59
1,<environment.Job instance at 0x7f7c0a4b0960>,10,21,[11  4],11,88,109,77,80
1,<environment.Job instance at 0x7f7c0ab0e500>,14,27,[7 1],15,109,136,94,107
1,<environment.Job instance at 0x7f7c0ab0e370>,15,20,[6 5],16,109,129,93,107
1,<environment.Job instance at 0x7f7bce82a140>,16,28,[ 3 11],17,129,157,112,128
1,<environment.Job instance at 0x7f7c09e7e1e0>,2,20,[ 2 13],3,157,177,154,148
1,<environment.Job instance at 0x7f7c0ab0e140>,18,26,[14  5],19,177,203,158,174
1,<environment.Job instance at 0x7f7c0ab0eaa0>,19,20,[ 3 13],20,203,223,183,194
1,<environment.Job instance at 0x7f7bce83cfa0>,20,23,[7 2],21,203,226,182,197
1,<environment.Job instance at 0x7f7c0ab3f050>,22,26,[11  3],23,226,252,203,223
1,<environment.Job instance at 0x7f7c0ab3f3c0>,23,25,[7 5],24,252,277,228,248
1,<environment.Job instance at 0x7f7c0ab3f2d0>,24,22,[13  5],25,277,299,252,270
1,<environment.Job instance at 0x7f7c0ab3f550>,28,26,[7 2],29,299,325,270,296
1,<environment.Job instance at 0x7f7c0ab33dc0>,29,24,[ 3 14],30,325,349,295,320
1,<environment.Job instance at 0x7f7c0ab33a00>,31,26,[5 5],32,349,375,317,346
1,<environment.Job instance at 0x7f7c09f09820>,0,24,[9 1],1,1,25,0,1
1,<environment.Job instance at 0x7f7c0ab33a00>,2,22,[1 8],3,3,25,0,3
1,<environment.Job instance at 0x7f7bce233a50>,6,24,[12  2],7,25,49,18,20
1,<environment.Job instance at 0x7f7bce233af0>,9,25,[5 1],10,49,74,39,45
1,<environment.Job instance at 0x7f7bce233e10>,10,20,[2 5],11,45,65,34,45
1,<environment.Job instance at 0x7f7bce233be0>,11,21,[1 7],12,45,66,33,45
1,<environment.Job instance at 0x7f7c0a93cc30>,1,21,[ 5 14],2,2,23,0,2
1,<environment.Job instance at 0x7f7bce7c2870>,4,21,[8 2],5,23,44,18,15
1,<environment.Job instance at 0x7f7c0a19c0a0>,8,24,[4 8],9,23,47,14,18
1,<environment.Job instance at 0x7f7c0a19c5a0>,9,22,[3 7],10,44,66,34,37
1,<environment.Job instance at 0x7f7c0a19cc80>,11,21,[1 7],12,47,68,35,39
1,<environment.Job instance at 0x7f7c0a83b230>,2,24,[5 3],3,3,27,0,3
1,<environment.Job instance at 0x7f7c09de6960>,2,21,[ 4 14],3,4,25,1,4
1,<environment.Job instance at 0x7f7c0a83b370>,6,27,[11  5],7,25,52,18,23
1,<environment.Job instance at 0x7f7bcdfb97d0>,5,28,[4 5],6,25,53,19,24
1,<environment.Job instance at 0x7f7bce1923c0>,1,28,[12  3],2,2,30,0,2
1,<environment.Job instance at 0x7f7bce4b25a0>,6,26,[5 5],7,30,56,23,27
1,<environment.Job instance at 0x7f7bce4b2960>,7,28,[3 7],8,27,55,19,27
1,<environment.Job instance at 0x7f7bce4b25f0>,9,23,[ 2 10],10,55,78,45,49
1,<environment.Job instance at 0x7f7bce4b2e10>,13,26,[ 3 11],14,78,104,64,75
1,<environment.Job instance at 0x7f7bce4b21e0>,2,18,[11  5],3,1352,1370,1349,1352
1,<environment.Job instance at 0x7f7c0a07edc0>,16,24,[ 5 14],17,1370,1394,1353,1365
1,<environment.Job instance at 0x7f7c0a07ef50>,17,24,[ 1 13],18,1394,1418,1376,1389
1,<environment.Job instance at 0x7f7bce38e3c0>,1,22,[13  3],2,2,24,0,2
1,<environment.Job instance at 0x7f7bce4dd550>,2,28,[ 4 10],3,24,52,21,23
1,<environment.Job instance at 0x7f7c09cae370>,8,24,[ 4 10],9,52,76,43,47
1,<environment.Job instance at 0x7f7bce515c80>,9,24,[14  5],10,76,100,66,71
1,<environment.Job instance at 0x7f7bce62d460>,10,27,[ 3 10],11,100,127,89,98
1,<environment.Job instance at 0x7f7c0a8f3f50>,11,20,[ 3 11],12,127,147,115,118
1,<environment.Job instance at 0x7f7c09ce5b40>,3,22,[7 5],4,4,26,0,4
1,<environment.Job instance at 0x7f7c09c64640>,5,25,[ 3 12],6,26,51,20,22
1,<environment.Job instance at 0x7f7bce788b90>,6,21,[ 3 11],7,51,72,44,43
1,<environment.Job instance at 0x7f7bce788af0>,8,26,[ 5 13],9,72,98,63,69
1,<environment.Job instance at 0x7f7bce788dc0>,10,25,[2 6],11,98,123,87,94
1,<environment.Job instance at 0x7f7bce788e60>,11,24,[3 5],12,98,122,86,94
1,<environment.Job instance at 0x7f7c0a490910>,2,25,[ 3 12],3,3,28,0,3
1,<environment.Job instance at 0x7f7c0a4905f0>,7,20,[ 1 11],8,28,48,20,19
1,<environment.Job instance at 0x7f7c0a55c1e0>,11,24,[14  5],12,48,72,36,43
1,<environment.Job instance at 0x7f7c0a4907d0>,4,20,[13  2],5,72,92,67,70
1,<environment.Job instance at 0x7f7c0a55c370>,14,20,[14  1],15,92,112,77,87
1,<environment.Job instance at 0x7f7bce137cd0>,1,26,[ 2 12],2,2,28,0,2
1,<environment.Job instance at 0x7f7bce603d20>,6,28,[11  3],7,7,35,0,7
1,<environment.Job instance at 0x7f7bce826cd0>,7,26,[14  1],8,35,61,27,32
1,<environment.Job instance at 0x7f7c0a4c2960>,2,24,[13  2],3,61,85,58,56
1,<environment.Job instance at 0x7f7bce826230>,9,20,[8 5],10,85,105,75,76
1,<environment.Job instance at 0x7f7c0a732a00>,3,23,[4 6],4,85,108,81,79
1,<environment.Job instance at 0x7f7bce4e7d20>,11,28,[7 2],12,105,133,93,104
1,<environment.Job instance at 0x7f7bce826b90>,8,22,[5 2],9,108,130,99,104
1,<environment.Job instance at 0x7f7c0a7329b0>,4,25,[ 3 14],5,133,158,128,129
1,<environment.Job instance at 0x7f7bce4e75f0>,14,27,[6 3],15,158,185,143,156
1,<environment.Job instance at 0x7f9daebab190>,1,24,[10  1],2,2,26,0,2
1,<environment.Job instance at 0x7f9daebab370>,2,20,[7 4],3,26,46,23,17
1,<environment.Job instance at 0x7f9da579c410>,7,26,[9 3],8,46,72,38,43
1,<environment.Job instance at 0x7f9da579c280>,4,24,[7 2],5,72,96,67,67
1,<environment.Job instance at 0x7f9da579c4b0>,8,20,[ 4 13],9,72,92,63,67
1,<environment.Job instance at 0x7f9da579c370>,5,24,[ 2 14],6,96,120,90,93
1,<environment.Job instance at 0x7f9da579c730>,12,28,[ 1 14],13,120,148,107,119
1,<environment.Job instance at 0x7f9da579c910>,15,20,[ 3 12],16,148,168,132,139
1,<environment.Job instance at 0x7f9da579c9b0>,16,28,[5 1],17,139,167,122,139
1,<environment.Job instance at 0x7f9da579cd20>,17,19,[12  4],18,168,187,150,168
1,<environment.Job instance at 0x7f9da57433c0>,0,24,[ 2 13],1,1,25,0,1
1,<environment.Job instance at 0x7f9da579ccd0>,1,28,[7 1],2,2,30,0,2
1,<environment.Job instance at 0x7f9da579cd20>,3,27,[9 2],4,30,57,26,28
1,<environment.Job instance at 0x7f9d63a0d320>,4,26,[12  4],5,57,83,52,54
1,<environment.Job instance at 0x7f9d63a06820>,9,25,[ 2 11],10,62,87,52,62
1,<environment.Job instance at 0x7f9d63a33af0>,10,26,[5 4],11,83,109,72,80
1,<environment.Job instance at 0x7f9d63a33a00>,11,23,[ 3 14],12,109,132,97,104
1,<environment.Job instance at 0x7f9d63a06be0>,8,24,[12  5],9,132,156,123,127
1,<environment.Job instance at 0x7f9d63a10c80>,14,22,[3 8],15,132,154,117,127
1,<environment.Job instance at 0x7f9d63a10190>,16,24,[13  4],17,156,180,139,151
1,<environment.Job instance at 0x7f9d63a06af0>,7,25,[ 3 13],8,180,205,172,176
1,<environment.Job instance at 0x7f9d63a10a00>,20,24,[ 4 11],21,205,229,184,200
1,<environment.Job instance at 0x7f9d63a10780>,24,25,[14  5],25,229,254,204,225
1,<environment.Job instance at 0x7f9daebd2dc0>,2,28,[14  3],3,3,31,0,3
1,<environment.Job instance at 0x7f9daebd2be0>,8,25,[4 5],9,31,56,22,27
1,<environment.Job instance at 0x7f9daea9abe0>,0,23,[3 9],1,1,24,0,1
1,<environment.Job instance at 0x7f9da58ac550>,3,26,[10  3],4,4,30,0,4
1,<environment.Job instance at 0x7f9da5885dc0>,8,22,[ 4 12],9,24,46,15,17
1,<environment.Job instance at 0x7f9da5885960>,9,25,[8 2],10,30,55,20,26
1,<environment.Job instance at 0x7f9dae3f1cd0>,11,27,[6 4],12,46,73,34,44
1,<environment.Job instance at 0x7f9da5885690>,13,20,[4 7],14,55,75,41,46
1,<environment.Job instance at 0x7f9da5885910>,14,21,[10  3],15,73,94,58,65
1,<environment.Job instance at 0x7f9dae729640>,1,19,[ 4 14],2,94,113,92,84
1,<environment.Job instance at 0x7f9da5bcaaa0>,19,25,[13  3],20,113,138,93,109
1,<environment.Job instance at 0x7f9da586c230>,15,12,[12  2],16,802,814,786,802
1,<environment.Job instance at 0x7f9da550f050>,1,24,[2 6],2,2,26,0,2
1,<environment.Job instance at 0x7f9d63dff960>,7,25,[3 7],8,8,33,0,8
1,<environment.Job instance at 0x7f9dae0fa4b0>,6,21,[ 1 10],7,33,54,26,25
1,<environment.Job instance at 0x7f9da56098c0>,9,22,[ 4 10],10,54,76,44,47
1,<environment.Job instance at 0x7f9d63e7f280>,10,25,[ 5 14],11,76,101,65,72
1,<environment.Job instance at 0x7f9da57d29b0>,3,20,[ 2 11],4,101,121,97,92
1,<environment.Job instance at 0x7f9d640f0d20>,13,28,[2 7],14,121,149,107,120
1,<environment.Job instance at 0x7f9d63e93dc0>,14,19,[3 6],15,121,140,106,120
1,<environment.Job instance at 0x7f9d63e0e190>,15,25,[3 9],16,149,174,133,145
1,<environment.Job instance at 0x7f9da5bd9500>,1,23,[ 5 14],2,2,25,0,2
1,<environment.Job instance at 0x7f9dae457d20>,6,23,[9 1],7,9,32,2,9
1,<environment.Job instance at 0x7f9dae457aa0>,2,23,[13  5],3,32,55,29,26
1,<environment.Job instance at 0x7f9dae457c30>,8,28,[12  2],9,55,83,46,54
1,<environment.Job instance at 0x7f9dae457c80>,7,24,[ 4 13],8,83,107,75,78
1,<environment.Job instance at 0x7f9da562f140>,14,25,[10  1],15,83,108,68,79
1,<environment.Job instance at 0x7f9da5bd9550>,3,22,[ 2 14],4,107,129,103,106
1,<environment.Job instance at 0x7f9d63a494b0>,2,27,[ 3 11],3,3,30,0,3
1,<environment.Job instance at 0x7f9daebd3c30>,5,21,[ 4 14],6,30,51,24,22
1,<environment.Job instance at 0x7f9daebd30f0>,3,21,[ 3 13],4,51,72,47,43
1,<environment.Job instance at 0x7f9d639eddc0>,2,27,[6 5],3,3,30,0,3
1,<environment.Job instance at 0x7f9da552baf0>,9,25,[4 7],10,17,42,7,17
1,<environment.Job instance at 0x7f9da5bccb40>,0,28,[5 5],1,1,29,0,1
1,<environment.Job instance at 0x7f9da58035a0>,4,26,[ 5 11],5,29,55,24,26
1,<environment.Job instance at 0x7f9da5803aa0>,3,23,[ 5 11],4,55,78,51,49
1,<environment.Job instance at 0x7f9da5803e10>,7,27,[12  5],8,78,105,70,76
1,<environment.Job instance at 0x7f9d639e5cd0>,1,21,[ 4 13],2,105,126,103,97
1,<environment.Job instance at 0x7f9da5803500>,9,22,[ 2 11],10,126,148,116,119
1,<environment.Job instance at 0x7f9d63e07dc0>,11,21,[9 5],12,148,169,136,140
1,<environment.Job instance at 0x7f9da5803eb0>,8,19,[11  4],9,169,188,160,163
1,<environment.Job instance at 0x7f9d63da0410>,0,20,[1 9],1,1,21,0,1
1,<environment.Job instance at 0x7f9da56ef050>,2,28,[10  2],3,3,31,0,3
1,<environment.Job instance at 0x7f9d64010f00>,6,28,[14  2],7,31,59,24,30
1,<environment.Job instance at 0x7f9da58287d0>,8,19,[5 8],9,59,78,50,49
1,<environment.Job instance at 0x7f9d63da0050>,1,23,[ 4 10],2,78,101,76,72
1,<environment.Job instance at 0x7f9d63e7f190>,11,25,[ 3 13],12,101,126,89,97
1,<environment.Job instance at 0x7f9d63e7f820>,13,27,[9 5],14,126,153,112,124
1,<environment.Job instance at 0x7f9d63e7fa00>,12,22,[2 8],13,126,148,113,124
1,<environment.Job instance at 0x7f9d63e7fd70>,15,23,[ 2 13],16,153,176,137,147
1,<environment.Job instance at 0x7f9d64022690>,18,27,[ 4 14],19,176,203,157,174
1,<environment.Job instance at 0x7f9d64022280>,19,28,[12  5],20,203,231,183,202
1,<environment.Job instance at 0x7f9d63b3b3c0>,21,27,[13  3],22,231,258,209,229
1,<environment.Job instance at 0x7f9d63b3baf0>,22,26,[ 2 14],23,258,284,235,255
1,<environment.Job instance at 0x7f9d63b3b190>,23,25,[11  2],24,284,309,260,280
1,<environment.Job instance at 0x7f9dae4eeaf0>,4,24,[ 4 12],5,284,308,279,280
1,<environment.Job instance at 0x7f9da5828870>,10,27,[ 2 12],11,308,335,297,306
1,<environment.Job instance at 0x7f9dae551f50>,27,21,[12  2],28,309,330,281,306
1,<environment.Job instance at 0x7f9dae551d20>,28,20,[ 1 11],29,335,355,306,326
1,<environment.Job instance at 0x7f9d63e58960>,2,26,[ 1 10],3,3,29,0,3
1,<environment.Job instance at 0x7f9dae551d20>,3,26,[12  5],4,4,30,0,4
1,<environment.Job instance at 0x7f9d63d8c410>,6,25,[3 6],7,29,54,22,25
1,<environment.Job instance at 0x7f9da58f60f0>,8,25,[ 2 14],9,54,79,45,50
1,<environment.Job instance at 0x7f9dae1de7d0>,10,23,[9 3],11,79,102,68,73
1,<environment.Job instance at 0x7f9dae1de8c0>,11,21,[ 2 14],12,102,123,90,94
1,<environment.Job instance at 0x7f9d63d8c690>,7,19,[11  2],8,123,142,115,118
1,<environment.Job instance at 0x7f9dae1b7fa0>,13,20,[ 4 11],14,123,143,109,118
1,<environment.Job instance at 0x7f9d63d7a960>,3,22,[13  1],4,4,26,0,4
1,<environment.Job instance at 0x7f9d63d7ab40>,7,23,[13  2],8,26,49,18,20
1,<environment.Job instance at 0x7f9da5c8a8c0>,6,20,[9 3],7,49,69,42,40
1,<environment.Job instance at 0x7f9d63d7aeb0>,9,25,[ 2 10],10,40,65,30,40
1,<environment.Job instance at 0x7f9d63d7a320>,10,24,[14  1],11,69,93,58,64
1,<environment.Job instance at 0x7f9d63d7a190>,11,24,[ 4 14],12,93,117,81,88
1,<environment.Job instance at 0x7f9d63d7acd0>,12,25,[14  2],13,117,142,104,113
1,<environment.Job instance at 0x7f9d63d7afa0>,14,28,[5 9],15,142,170,127,141
1,<environment.Job instance at 0x7f9d63d7abe0>,16,28,[12  1],17,170,198,153,169
1,<environment.Job instance at 0x7f9d63d7a500>,17,22,[2 6],18,169,191,151,169
1,<environment.Job instance at 0x7f9d63d7adc0>,21,23,[7 5],22,198,221,176,192
1,<environment.Job instance at 0x7f9d63fc5780>,0,27,[12  5],1,1,28,0,1
1,<environment.Job instance at 0x7f9d63fc55a0>,5,23,[ 3 13],6,28,51,22,22
1,<environment.Job instance at 0x7f9d63fc5dc0>,3,21,[12  2],4,28,49,24,22
1,<environment.Job instance at 0x7f9da56dd190>,8,27,[ 1 10],9,51,78,42,49
1,<environment.Job instance at 0x7f9d63c3cb40>,10,20,[ 5 12],11,78,98,67,69
1,<environment.Job instance at 0x7f9dae497410>,11,24,[9 4],12,98,122,86,93
1,<environment.Job instance at 0x7f9d63c3c820>,12,26,[5 5],13,98,124,85,95
1,<environment.Job instance at 0x7f9da5c14050>,2,26,[ 3 10],3,3,29,0,3
1,<environment.Job instance at 0x7f9da5bbc0f0>,5,23,[5 7],6,29,52,23,23
1,<environment.Job instance at 0x7f9da5c771e0>,3,27,[1 8],4,29,56,25,27
1,<environment.Job instance at 0x7f9dae7b0f00>,8,25,[9 3],9,52,77,43,48
1,<environment.Job instance at 0x7f9da58669b0>,12,21,[ 4 14],13,77,98,64,69
1,<environment.Job instance at 0x7f9d63adf0a0>,4,20,[13  5],5,100,120,95,100
1,<environment.Job instance at 0x7f9d638ae190>,1,28,[12  3],2,2,30,0,2
1,<environment.Job instance at 0x7f9d63e90690>,6,26,[5 5],7,30,56,23,27
1,<environment.Job instance at 0x7f9dae02db90>,7,28,[3 7],8,27,55,19,27
1,<environment.Job instance at 0x7f9d639e8190>,9,23,[ 2 10],10,55,78,45,49
1,<environment.Job instance at 0x7f9d639e81e0>,8,21,[10  1],9,56,77,47,49
1,<environment.Job instance at 0x7f9d640e4870>,13,26,[ 3 11],14,78,104,64,75
1,<environment.Job instance at 0x7f9d63a15730>,0,27,[ 3 10],1,1,28,0,1
1,<environment.Job instance at 0x7f9d63a15690>,1,20,[ 3 11],2,28,48,26,19
1,<environment.Job instance at 0x7f9da558d730>,3,19,[2 7],4,48,67,44,42
1,<environment.Job instance at 0x7f9da558d320>,10,22,[ 4 12],11,67,89,56,60
1,<environment.Job instance at 0x7f9da5b7f960>,12,22,[8 2],13,60,82,47,60
1,<environment.Job instance at 0x7f9da55da9b0>,1,28,[ 5 10],2,2,30,0,2
1,<environment.Job instance at 0x7f9da5c8d690>,7,28,[2 8],8,30,58,22,29
1,<environment.Job instance at 0x7f9da55da8c0>,5,28,[3 6],6,30,58,24,29
1,<environment.Job instance at 0x7f9da5c8de60>,10,21,[9 1],11,29,50,18,29
1,<environment.Job instance at 0x7f9da5926280>,11,27,[5 8],12,58,85,46,56
1,<environment.Job instance at 0x7f9da55da820>,6,23,[ 5 11],7,85,108,78,79
1,<environment.Job instance at 0x7f9d64140b40>,16,23,[ 4 12],17,108,131,91,102
1,<environment.Job instance at 0x7f9d63a7f500>,15,21,[ 5 13],16,131,152,115,123
1,<environment.Job instance at 0x7f9dae1d8910>,18,26,[1 8],19,152,178,133,149
1,<environment.Job instance at 0x7f9d63969f00>,19,27,[14  4],20,152,179,132,150
1,<environment.Job instance at 0x7f9dae3b89b0>,21,21,[ 1 11],22,178,199,156,173
1,<environment.Job instance at 0x7f9dae3b81e0>,22,20,[11  2],23,179,199,156,173
1,<environment.Job instance at 0x7f9d63da3af0>,25,26,[9 3],26,199,225,173,196
1,<environment.Job instance at 0x7f9d64140d70>,17,20,[ 1 13],18,225,245,207,216
1,<environment.Job instance at 0x7f9d63b42320>,28,26,[13  3],29,245,271,216,242
1,<environment.Job instance at 0x7f9d63dafa00>,13,22,[ 1 13],14,271,293,257,264
1,<environment.Job instance at 0x7f9d63d21b40>,0,19,[5 5],1,2,21,1,2
1,<environment.Job instance at 0x7f9da5c8ddc0>,2,25,[5 8],3,3,28,0,3
1,<environment.Job instance at 0x7f9d638e5640>,9,24,[12  3],10,28,52,18,23
1,<environment.Job instance at 0x7f9d638e50f0>,5,23,[ 1 13],6,52,75,46,46
1,<environment.Job instance at 0x7f9d63d5b640>,1,25,[14  5],2,2,27,0,2
1,<environment.Job instance at 0x7f9d6396a4b0>,7,20,[2 6],8,27,47,19,18
1,<environment.Job instance at 0x7f9dae027370>,8,28,[5 6],9,27,55,18,26
1,<environment.Job instance at 0x7f9d6396a870>,9,22,[ 1 13],10,55,77,45,48
1,<environment.Job instance at 0x7f9da58990f0>,3,19,[5 8],4,4,23,0,4
1,<environment.Job instance at 0x7f9da5899820>,5,24,[5 8],6,23,47,17,18
1,<environment.Job instance at 0x7f9dae34cf00>,6,26,[ 4 11],7,47,73,40,44
1,<environment.Job instance at 0x7f9dae42f0a0>,8,25,[9 4],9,44,69,35,44
1,<environment.Job instance at 0x7f9d63f80870>,9,26,[ 2 13],10,73,99,63,70
1,<environment.Job instance at 0x7f9dae42faf0>,11,22,[3 8],12,99,121,87,92
1,<environment.Job instance at 0x7f9da5899500>,1,19,[ 3 13],2,121,140,119,112
1,<environment.Job instance at 0x7f42d36d8370>,1,24,[10  1],2,2,26,0,2
1,<environment.Job instance at 0x7f42d25792d0>,4,24,[7 2],5,26,50,21,21
1,<environment.Job instance at 0x7f42d36d8230>,2,20,[7 4],3,26,46,23,21
1,<environment.Job instance at 0x7f42d25793c0>,7,26,[9 3],8,50,76,42,47
1,<environment.Job instance at 0x7f42d2579460>,8,20,[ 4 13],9,76,96,67,67
1,<environment.Job instance at 0x7f42d25796e0>,12,28,[ 1 14],13,96,124,83,95
1,<environment.Job instance at 0x7f42d2579280>,5,24,[ 2 14],6,124,148,118,119
1,<environment.Job instance at 0x7f42d25798c0>,15,20,[ 3 12],16,148,168,132,143
1,<environment.Job instance at 0x7f42d2579a00>,17,19,[12  4],18,176,195,158,176
1,<environment.Job instance at 0x7f42d25205a0>,0,26,[5 4],1,1,27,0,1
1,<environment.Job instance at 0x7f428853c640>,4,22,[3 8],5,5,27,0,5
1,<environment.Job instance at 0x7f428853c780>,6,24,[13  4],7,27,51,20,22
1,<environment.Job instance at 0x7f42d2579b90>,1,23,[ 3 14],2,51,74,49,45
1,<environment.Job instance at 0x7f428853c550>,10,24,[ 4 11],11,74,98,63,69
1,<environment.Job instance at 0x7f42886b9cd0>,14,25,[14  5],15,98,123,83,94
1,<environment.Job instance at 0x7f428858eaf0>,2,28,[11  2],3,3,31,0,3
1,<environment.Job instance at 0x7f428858e500>,3,24,[7 5],4,31,55,27,26
1,<environment.Job instance at 0x7f42d3851870>,5,20,[5 8],6,41,61,35,41
1,<environment.Job instance at 0x7f428869c0a0>,6,27,[ 4 13],7,61,88,54,59
1,<environment.Job instance at 0x7f42d38453c0>,7,28,[ 1 14],8,88,116,80,87
1,<environment.Job instance at 0x7f42d2d6f550>,10,28,[7 4],11,116,144,105,115
1,<environment.Job instance at 0x7f42d3850a00>,11,27,[4 6],12,116,143,104,115
1,<environment.Job instance at 0x7f42d3850500>,13,20,[4 9],14,143,163,129,134
1,<environment.Job instance at 0x7f42d38507d0>,15,27,[12  5],16,163,190,147,161
1,<environment.Job instance at 0x7f42d3850640>,16,21,[10  5],17,190,211,173,182
1,<environment.Job instance at 0x7f428858d6e0>,17,28,[11  5],18,211,239,193,210
1,<environment.Job instance at 0x7f428858df50>,18,25,[14  5],19,239,264,220,235
1,<environment.Job instance at 0x7f428858da50>,19,26,[14  1],20,264,290,244,261
1,<environment.Job instance at 0x7f428858d460>,21,26,[6 2],22,290,316,268,287
1,<environment.Job instance at 0x7f428858d280>,22,23,[5 8],23,290,313,267,287
1,<environment.Job instance at 0x7f42d2ae4690>,25,21,[ 4 14],26,316,337,290,308
1,<environment.Job instance at 0x7f428858d7d0>,26,28,[5 6],27,337,365,310,336
1,<environment.Job instance at 0x7f42d22ea050>,27,20,[ 2 11],28,365,385,337,356
1,<environment.Job instance at 0x7f42d30d1870>,2,24,[14  5],3,3,27,0,3
1,<environment.Job instance at 0x7f42d2561550>,3,24,[14  5],4,27,51,23,22
1,<environment.Job instance at 0x7f42d2561d70>,5,22,[ 3 14],6,51,73,45,44
1,<environment.Job instance at 0x7f428891da00>,1,20,[ 3 14],2,73,93,71,64
1,<environment.Job instance at 0x7f42d27662d0>,8,25,[5 3],9,93,118,84,89
1,<environment.Job instance at 0x7f42d25612d0>,10,22,[ 3 14],11,118,140,107,111
1,<environment.Job instance at 0x7f42d2c5c0a0>,3,23,[1 5],4,4,27,0,4
1,<environment.Job instance at 0x7f42d375e820>,4,27,[2 8],5,5,32,0,5
1,<environment.Job instance at 0x7f42d29cb870>,12,12,[7 2],13,29,41,16,29
1,<environment.Job instance at 0x7f4288b84c80>,13,24,[13  4],14,41,65,27,36
1,<environment.Job instance at 0x7f42d29d7dc0>,14,19,[ 2 13],15,65,84,50,55
1,<environment.Job instance at 0x7f42d305e370>,0,23,[8 4],1,1,24,0,1
1,<environment.Job instance at 0x7f42d305e280>,4,27,[8 5],5,24,51,19,22
1,<environment.Job instance at 0x7f42d29d7e60>,2,21,[11  5],3,51,72,48,43
1,<environment.Job instance at 0x7f42d2a2e320>,7,20,[ 5 13],8,72,92,64,63
1,<environment.Job instance at 0x7f42d2a2e500>,9,20,[13  2],10,92,112,82,86
1,<environment.Job instance at 0x7f42d2a2e0a0>,11,26,[7 3],12,112,138,100,109
1,<environment.Job instance at 0x7f42d2a2e140>,8,19,[ 2 14],9,150,169,141,150
1,<environment.Job instance at 0x7f42d2a2e190>,13,28,[ 5 10],14,169,197,155,168
1,<environment.Job instance at 0x7f42d2a2e870>,14,22,[14  1],15,197,219,182,190
1,<environment.Job instance at 0x7f42888551e0>,0,19,[4 5],1,2,21,1,2
1,<environment.Job instance at 0x7f42888556e0>,4,21,[5 4],5,5,26,0,5
1,<environment.Job instance at 0x7f42d2563780>,6,22,[7 2],7,21,43,14,14
1,<environment.Job instance at 0x7f42d24a3b90>,8,23,[8 3],9,26,49,17,20
1,<environment.Job instance at 0x7f42d24a3f50>,7,28,[3 5],8,43,71,35,42
1,<environment.Job instance at 0x7f4288594550>,10,25,[ 4 10],11,49,74,38,45
1,<environment.Job instance at 0x7f42d2cd77d0>,13,23,[1 5],14,71,94,57,65
1,<environment.Job instance at 0x7f42d252d460>,0,19,[5 2],1,2,21,1,2
1,<environment.Job instance at 0x7f42d252de10>,4,22,[8 3],5,5,27,0,5
1,<environment.Job instance at 0x7f42d36fba50>,1,21,[12  1],2,27,48,25,19
1,<environment.Job instance at 0x7f42d2c9aeb0>,8,23,[11  2],9,48,71,39,42
1,<environment.Job instance at 0x7f42d2c860a0>,10,20,[13  2],11,71,91,60,62
1,<environment.Job instance at 0x7f42d2c86280>,12,23,[ 3 13],13,91,114,78,85
1,<environment.Job instance at 0x7f42d25687d0>,0,23,[5 5],1,1,24,0,1
1,<environment.Job instance at 0x7f42d27294b0>,5,25,[11  5],6,24,49,18,20
1,<environment.Job instance at 0x7f42d27296e0>,6,23,[14  2],7,49,72,42,44
1,<environment.Job instance at 0x7f42d27292d0>,7,28,[ 4 11],8,72,100,64,71
1,<environment.Job instance at 0x7f42d2729a50>,4,25,[4 7],5,100,125,95,96
1,<environment.Job instance at 0x7f42d2c864b0>,1,26,[14  4],2,125,151,123,122
1,<environment.Job instance at 0x7f42d2727050>,12,28,[5 4],13,151,179,138,150
1,<environment.Job instance at 0x7f42d2727500>,11,24,[ 3 14],12,179,203,167,176
1,<environment.Job instance at 0x7f42d2727e10>,13,27,[ 3 12],14,203,230,189,201
1,<environment.Job instance at 0x7f428891a780>,15,25,[ 5 12],16,230,255,214,226
1,<environment.Job instance at 0x7f428891a050>,16,24,[7 4],17,255,279,238,250
1,<environment.Job instance at 0x7f428891aaa0>,17,21,[10  1],18,279,300,261,271
1,<environment.Job instance at 0x7f428891aa00>,19,27,[4 5],20,271,298,251,271
1,<environment.Job instance at 0x7f42d2cfa8c0>,22,28,[10  5],23,300,328,277,299
1,<environment.Job instance at 0x7f42d2cfae10>,23,25,[8 4],24,328,353,304,324
1,<environment.Job instance at 0x7f42d30c5d70>,24,21,[6 3],25,328,349,303,324
1,<environment.Job instance at 0x7f428866fc30>,0,21,[8 3],1,1,22,0,1
1,<environment.Job instance at 0x7f428866fc80>,3,27,[ 4 14],4,22,49,18,20
1,<environment.Job instance at 0x7f428866fa50>,6,24,[5 6],7,49,73,42,44
1,<environment.Job instance at 0x7f42d2c69c80>,8,22,[ 4 13],9,73,95,64,66
1,<environment.Job instance at 0x7f428866ef00>,9,24,[ 1 10],10,95,119,85,90
1,<environment.Job instance at 0x7f42d2aa83c0>,11,25,[14  1],12,95,120,83,91
1,<environment.Job instance at 0x7f4288bad550>,14,28,[5 7],15,120,148,105,119
1,<environment.Job instance at 0x7f4288badf00>,15,28,[2 5],16,120,148,104,119
1,<environment.Job instance at 0x7f42d3022460>,17,22,[9 4],18,148,170,130,141
1,<environment.Job instance at 0x7f42d3022730>,18,28,[5 1],19,141,169,122,141
1,<environment.Job instance at 0x7f42d30224b0>,19,28,[1 9],20,148,176,128,147
1,<environment.Job instance at 0x7f42d2cd8690>,26,23,[12  4],27,170,193,143,165
1,<environment.Job instance at 0x7f42889c7910>,28,22,[ 3 14],29,193,215,164,186
1,<environment.Job instance at 0x7f4288b8c460>,30,28,[5 5],31,215,243,184,214
1,<environment.Job instance at 0x7f4288713be0>,31,24,[10  1],32,214,238,182,214
1,<environment.Job instance at 0x7f4288713eb0>,32,26,[ 5 14],33,243,269,210,240
1,<environment.Job instance at 0x7f4288bad4b0>,16,28,[ 2 14],17,269,297,252,268
1,<environment.Job instance at 0x7f4288919dc0>,36,21,[12  4],37,297,318,260,289
1,<environment.Job instance at 0x7f42d2844190>,0,24,[14  3],1,1,25,0,1
1,<environment.Job instance at 0x7f42d2fc3b40>,1,28,[10  3],2,25,53,23,24
1,<environment.Job instance at 0x7f42888ff870>,2,21,[4 7],3,25,46,22,24
1,<environment.Job instance at 0x7f42d28449b0>,3,23,[5 1],4,46,69,42,41
1,<environment.Job instance at 0x7f42d26bf780>,6,28,[ 5 13],7,53,81,46,52
1,<environment.Job instance at 0x7f42d26bf820>,11,28,[ 2 11],12,81,109,69,80
1,<environment.Job instance at 0x7f42d26bf0a0>,12,23,[5 5],13,109,132,96,103
1,<environment.Job instance at 0x7f42d2cbecd0>,14,26,[ 4 12],15,132,158,117,129
1,<environment.Job instance at 0x7f42d284feb0>,0,22,[13  2],1,1,23,0,1
1,<environment.Job instance at 0x7f42d30b1910>,5,20,[ 5 11],6,23,43,17,14
1,<environment.Job instance at 0x7f42d284ff50>,1,23,[11  1],2,43,66,41,37
1,<environment.Job instance at 0x7f42d30b13c0>,3,22,[1 7],4,43,65,39,38
1,<environment.Job instance at 0x7f42d284fe60>,2,19,[11  4],3,66,85,63,57
1,<environment.Job instance at 0x7f42d30b15a0>,10,25,[12  4],11,85,110,74,81
1,<environment.Job instance at 0x7f42d30b1b90>,11,22,[1 9],12,81,103,69,81
1,<environment.Job instance at 0x7f42d30b1af0>,15,25,[2 6],16,103,128,87,99
1,<environment.Job instance at 0x7f42d30b16e0>,17,19,[12  2],18,125,144,107,125
1,<environment.Job instance at 0x7f42d30b14b0>,18,25,[3 5],19,128,153,109,125
1,<environment.Job instance at 0x7f42d30b1550>,19,23,[5 2],20,144,167,124,138
1,<environment.Job instance at 0x7f42d30b1fa0>,20,25,[11  4],21,167,192,146,163
1,<environment.Job instance at 0x7f42d30b1aa0>,21,23,[ 3 10],22,163,186,141,163
1,<environment.Job instance at 0x7f42d3099460>,23,21,[ 4 13],24,192,213,168,184
1,<environment.Job instance at 0x7f42d3099820>,24,20,[12  2],25,213,233,188,207
1,<environment.Job instance at 0x7f42d3099b40>,25,28,[ 5 12],26,233,261,207,232
1,<environment.Job instance at 0x7f42d30b1730>,4,19,[13  1],5,302,321,297,302
1,<environment.Job instance at 0x7f42885edfa0>,0,23,[2 7],1,1,24,0,1
1,<environment.Job instance at 0x7f42d237e190>,4,28,[12  1],5,5,33,0,5
1,<environment.Job instance at 0x7f42d237ed20>,3,20,[ 4 13],4,33,53,29,24
1,<environment.Job instance at 0x7f42d2f8dbe0>,9,26,[11  5],10,53,79,43,50
1,<environment.Job instance at 0x7f42883327d0>,10,21,[13  3],11,79,100,68,71
1,<environment.Job instance at 0x7f4288332690>,11,27,[13  4],12,100,127,88,98
1,<environment.Job instance at 0x7f42d2f25730>,12,24,[8 1],13,127,151,114,122
1,<environment.Job instance at 0x7f42d2f25870>,13,19,[ 5 10],14,127,146,113,122
1,<environment.Job instance at 0x7f42889bf460>,16,20,[ 4 13],17,146,166,129,140
1,<environment.Job instance at 0x7f42d30b1c80>,1,19,[14  5],2,166,185,164,157
1,<environment.Job instance at 0x7f42889bf2d0>,18,26,[5 1],19,185,211,166,182
1,<environment.Job instance at 0x7f42889bfcd0>,19,21,[13  1],20,211,232,191,203
1,<environment.Job instance at 0x7f42889bf550>,21,22,[13  4],22,232,254,210,225
1,<environment.Job instance at 0x7f42885d6e60>,22,24,[1 8],23,225,249,202,225
1,<environment.Job instance at 0x7f42889bfaa0>,23,20,[ 5 10],24,254,274,230,245
1,<environment.Job instance at 0x7f42889bfbe0>,28,19,[8 2],29,254,273,225,249
1,<environment.Job instance at 0x7f4288846a50>,29,26,[7 5],30,273,299,243,270
1,<environment.Job instance at 0x7f42883fccd0>,32,26,[ 3 10],33,278,304,245,278
1,<environment.Job instance at 0x7f42889226e0>,33,27,[1 8],34,304,331,270,302
1,<environment.Job instance at 0x7f42d2fad9b0>,34,20,[13  5],35,304,324,269,302
1,<environment.Job instance at 0x7f42d2c7a780>,35,23,[5 7],36,324,347,288,318
1,<environment.Job instance at 0x7f42886d5910>,0,24,[ 3 14],1,1,25,0,1
1,<environment.Job instance at 0x7f4288baf140>,5,28,[6 4],6,25,53,19,24
1,<environment.Job instance at 0x7f42887a8e60>,6,28,[8 5],7,25,53,18,24
1,<environment.Job instance at 0x7f42883a3f00>,1,26,[ 4 11],2,53,79,51,50
1,<environment.Job instance at 0x7f4288bafc30>,8,25,[11  2],9,53,78,44,50
1,<environment.Job instance at 0x7f428832f730>,2,19,[3 9],3,79,98,76,74
1,<environment.Job instance at 0x7f42d26e87d0>,9,20,[14  4],10,98,118,88,89
1,<environment.Job instance at 0x7f42d32d60f0>,1,22,[13  3],2,2,24,0,2
1,<environment.Job instance at 0x7f428856d460>,2,28,[ 4 10],3,24,52,21,23
1,<environment.Job instance at 0x7f42d233b730>,8,24,[ 4 10],9,52,76,43,47
1,<environment.Job instance at 0x7f42d2541820>,9,24,[14  5],10,76,100,66,71
1,<environment.Job instance at 0x7f42d25418c0>,10,27,[ 3 10],11,100,127,89,98
1,<environment.Job instance at 0x7f42d2541500>,11,20,[ 3 11],12,127,147,115,118
1,<environment.Job instance at 0x7f42884b14b0>,1,28,[ 5 10],2,2,30,0,2
1,<environment.Job instance at 0x7f4288c53be0>,5,28,[3 6],6,30,58,24,29
1,<environment.Job instance at 0x7f4288c53cd0>,6,23,[ 5 11],7,58,81,51,52
1,<environment.Job instance at 0x7f4288c53dc0>,3,21,[8 5],4,81,102,77,78
1,<environment.Job instance at 0x7f4288c538c0>,2,23,[2 8],3,81,104,78,78
1,<environment.Job instance at 0x7f4288c5d190>,11,27,[5 8],12,104,131,92,102
1,<environment.Job instance at 0x7f4288c5d500>,7,28,[2 8],8,131,159,123,130
1,<environment.Job instance at 0x7f428844daa0>,13,22,[ 1 13],14,159,181,145,152
1,<environment.Job instance at 0x7f428844d960>,16,23,[ 4 12],17,181,204,164,175
1,<environment.Job instance at 0x7f428844d7d0>,15,21,[ 5 13],16,204,225,188,196
1,<environment.Job instance at 0x7f428844d0a0>,18,26,[1 8],19,225,251,206,222
1,<environment.Job instance at 0x7f428844d730>,19,27,[14  4],20,225,252,205,223
1,<environment.Job instance at 0x7f4288995b40>,21,21,[ 1 11],22,251,272,229,244
1,<environment.Job instance at 0x7f4288995dc0>,25,26,[9 3],26,252,278,226,249
1,<environment.Job instance at 0x7f42889955f0>,22,20,[11  2],23,278,298,255,269
1,<environment.Job instance at 0x7f4288995eb0>,28,26,[13  3],29,298,324,269,295
1,<environment.Job instance at 0x7f428844df50>,17,20,[ 1 13],18,324,344,306,315
1,<environment.Job instance at 0x7f42d35de460>,1,23,[5 2],2,2,25,0,2
1,<environment.Job instance at 0x7f4288a21320>,4,23,[5 5],5,5,28,0,5
1,<environment.Job instance at 0x7f42d2c06410>,6,27,[5 6],7,7,34,0,7
1,<environment.Job instance at 0x7f4288a219b0>,7,24,[9 5],8,28,52,20,23
1,<environment.Job instance at 0x7f4288a21370>,8,20,[ 3 14],9,52,72,43,43
1,<environment.Job instance at 0x7f42d2e75460>,9,20,[13  3],10,72,92,62,66
1,<environment.Job instance at 0x7f42d2e75410>,10,27,[ 5 12],11,92,119,81,90
1,<environment.Job instance at 0x7f42d31f4eb0>,1,22,[9 2],2,2,24,0,2
1,<environment.Job instance at 0x7f42d2955cd0>,5,26,[12  1],6,24,50,18,21
1,<environment.Job instance at 0x7f42d2955e10>,9,22,[2 6],10,25,47,15,25
1,<environment.Job instance at 0x7f42d295d2d0>,11,28,[11  3],12,50,78,38,49
1,<environment.Job instance at 0x7f42d295d230>,10,27,[ 4 12],11,50,77,39,49
1,<environment.Job instance at 0x7f42d295d370>,12,24,[ 3 12],13,77,101,64,72
1,<environment.Job instance at 0x7f4288a544b0>,4,22,[14  3],5,5,27,0,5
1,<environment.Job instance at 0x7f42d2487b90>,8,27,[4 5],9,27,54,18,25
1,<environment.Job instance at 0x7f42d2423730>,1,23,[7 5],2,2,25,0,2
1,<environment.Job instance at 0x7f428852e460>,7,25,[10  4],8,25,50,17,21
1,<environment.Job instance at 0x7f42889671e0>,11,27,[11  4],12,50,77,38,48
1,<environment.Job instance at 0x7f4288add190>,14,25,[14  5],15,77,102,62,73
1,<environment.Job instance at 0x7f30c59d4370>,1,24,[10  1],2,2,26,0,2
1,<environment.Job instance at 0x7f30c48752d0>,4,24,[7 2],5,26,50,21,21
1,<environment.Job instance at 0x7f30c59d40f0>,2,20,[7 4],3,26,46,23,21
1,<environment.Job instance at 0x7f30c48753c0>,7,26,[9 3],8,50,76,42,47
1,<environment.Job instance at 0x7f30c4875460>,8,20,[ 4 13],9,76,96,67,67
1,<environment.Job instance at 0x7f30c48756e0>,12,28,[ 1 14],13,96,124,83,95
1,<environment.Job instance at 0x7f30c4875280>,5,24,[ 2 14],6,124,148,118,119
1,<environment.Job instance at 0x7f30c48758c0>,15,20,[ 3 12],16,148,168,132,145
1,<environment.Job instance at 0x7f30c4875960>,16,28,[5 1],17,145,173,128,145
1,<environment.Job instance at 0x7f30c4875a00>,17,19,[12  4],18,178,197,160,178
1,<environment.Job instance at 0x7f30c481c5a0>,0,24,[ 4 11],1,1,25,0,1
1,<environment.Job instance at 0x7f3086c5d8c0>,4,25,[14  5],5,25,50,20,21
1,<environment.Job instance at 0x7f3086c67a00>,10,26,[3 9],11,50,76,39,47
1,<environment.Job instance at 0x7f3086c671e0>,12,24,[4 9],13,76,100,63,71
1,<environment.Job instance at 0x7f3086c67460>,13,25,[13  2],14,100,125,86,96
1,<environment.Job instance at 0x7f3086c67c30>,15,22,[12  2],16,125,147,109,120
1,<environment.Job instance at 0x7f3086c67960>,8,27,[ 3 13],9,125,152,116,123
1,<environment.Job instance at 0x7f3086c67140>,11,19,[11  4],12,153,172,141,153
1,<environment.Job instance at 0x7f3086ac8d20>,1,26,[6 2],2,2,28,0,2
1,<environment.Job instance at 0x7f30c4d874b0>,2,23,[5 8],3,3,26,0,3
1,<environment.Job instance at 0x7f3086ad8fa0>,6,28,[5 6],7,26,54,19,25
1,<environment.Job instance at 0x7f3086ad8460>,7,20,[ 2 11],8,54,74,46,45
1,<environment.Job instance at 0x7f3086ad8f00>,10,23,[ 4 11],11,74,97,63,68
1,<environment.Job instance at 0x7f3086ad85f0>,5,21,[ 4 14],6,97,118,91,89
1,<environment.Job instance at 0x7f3086ad8870>,12,27,[1 8],13,118,145,105,116
1,<environment.Job instance at 0x7f3086acf0a0>,13,26,[7 4],14,118,144,104,116
1,<environment.Job instance at 0x7f3086acfbe0>,14,20,[14  3],15,144,164,129,138
1,<environment.Job instance at 0x7f3086acfc30>,15,25,[5 2],16,164,189,148,160
1,<environment.Job instance at 0x7f3086acf500>,16,24,[6 3],17,164,188,147,160
1,<environment.Job instance at 0x7f3086acf640>,17,25,[ 2 14],18,189,214,171,185
1,<environment.Job instance at 0x7f3086acffa0>,20,28,[8 2],21,214,242,193,213
1,<environment.Job instance at 0x7f3086acf5a0>,21,26,[14  3],22,242,268,220,239
1,<environment.Job instance at 0x7f3086acfe10>,22,27,[12  1],23,268,295,245,266
1,<environment.Job instance at 0x7f3086b955a0>,23,27,[ 3 11],24,268,295,244,266
1,<environment.Job instance at 0x7f30c533f050>,0,25,[8 3],1,1,26,0,1
1,<environment.Job instance at 0x7f30c4986320>,5,22,[4 7],6,6,28,0,6
1,<environment.Job instance at 0x7f30c53a1eb0>,8,27,[1 9],9,28,55,19,26
1,<environment.Job instance at 0x7f30c5311a50>,9,27,[14  4],10,28,55,18,26
1,<environment.Job instance at 0x7f30c5427e60>,11,26,[ 5 14],12,55,81,43,52
1,<environment.Job instance at 0x7f30c4923b90>,13,19,[7 5],14,81,100,67,77
1,<environment.Job instance at 0x7f30c4987500>,14,25,[ 4 10],15,81,106,66,77
1,<environment.Job instance at 0x7f30c49874b0>,15,26,[7 1],16,100,126,84,97
1,<environment.Job instance at 0x7f30c485f320>,16,21,[8 4],17,106,127,89,98
1,<environment.Job instance at 0x7f30c5398f50>,12,26,[ 2 13],13,127,153,114,124
1,<environment.Job instance at 0x7f30c48eaa50>,20,27,[13  4],21,153,180,132,151
1,<environment.Job instance at 0x7f30c533f4b0>,1,19,[14  2],2,180,199,178,170
1,<environment.Job instance at 0x7f3086f6d960>,0,23,[3 9],1,1,24,0,1
1,<environment.Job instance at 0x7f3086f6d1e0>,3,23,[5 5],4,5,28,1,5
1,<environment.Job instance at 0x7f3086f6d190>,4,27,[14  2],5,28,55,23,26
1,<environment.Job instance at 0x7f3086e9c2d0>,5,28,[11  2],6,55,83,49,54
1,<environment.Job instance at 0x7f3086e9c320>,12,24,[ 1 11],13,55,79,42,55
1,<environment.Job instance at 0x7f30c4efec30>,14,27,[ 3 10],15,79,106,64,77
1,<environment.Job instance at 0x7f30c47f4be0>,15,25,[ 3 14],16,106,131,90,102
1,<environment.Job instance at 0x7f3087100a50>,18,28,[10  4],19,131,159,112,130
1,<environment.Job instance at 0x7f30c4cae500>,0,20,[12  3],1,2,22,1,2
1,<environment.Job instance at 0x7f30c4829820>,2,24,[8 5],3,22,46,19,17
1,<environment.Job instance at 0x7f30c4caef50>,3,24,[5 1],4,22,46,18,17
1,<environment.Job instance at 0x7f30c4829eb0>,8,25,[ 4 10],9,46,71,37,42
1,<environment.Job instance at 0x7f30c4829140>,9,26,[3 6],10,71,97,61,68
1,<environment.Job instance at 0x7f30c49c4f00>,2,23,[ 3 14],3,3,26,0,3
1,<environment.Job instance at 0x7f3086b10fa0>,0,27,[ 4 12],1,1,28,0,1
1,<environment.Job instance at 0x7f30c49c44b0>,1,22,[6 4],2,28,50,26,21
1,<environment.Job instance at 0x7f30c538e960>,5,23,[ 1 11],6,28,51,22,22
1,<environment.Job instance at 0x7f30c538eaa0>,7,23,[ 2 11],8,51,74,43,45
1,<environment.Job instance at 0x7f30c538eb40>,8,21,[ 1 11],9,74,95,65,66
1,<environment.Job instance at 0x7f30c538ec80>,10,28,[5 5],11,95,123,84,94
1,<environment.Job instance at 0x7f30c538ed20>,11,21,[ 4 13],12,123,144,111,115
1,<environment.Job instance at 0x7f30c538ebe0>,9,23,[ 2 14],10,144,167,134,139
1,<environment.Job instance at 0x7f30c538ee60>,13,23,[ 5 11],14,167,190,153,161
1,<environment.Job instance at 0x7f30c538ef00>,14,26,[ 5 11],15,190,216,175,187
1,<environment.Job instance at 0x7f30c4b42910>,0,27,[ 2 12],1,1,28,0,1
1,<environment.Job instance at 0x7f30c4b42870>,2,22,[2 8],3,28,50,25,22
1,<environment.Job instance at 0x7f3086c5da50>,3,27,[9 5],4,28,55,24,26
1,<environment.Job instance at 0x7f3086c5d2d0>,8,27,[ 4 14],9,55,82,46,53
1,<environment.Job instance at 0x7f3086c5d230>,9,28,[12  5],10,82,110,72,81
1,<environment.Job instance at 0x7f3086c5d370>,10,28,[2 5],11,82,110,71,81
1,<environment.Job instance at 0x7f3086c5d5f0>,11,27,[13  3],12,110,137,98,108
1,<environment.Job instance at 0x7f3086c5dcd0>,5,23,[ 2 13],6,137,160,131,131
1,<environment.Job instance at 0x7f30c4942140>,13,25,[11  2],14,137,162,123,133
1,<environment.Job instance at 0x7f30c4b42280>,1,25,[ 3 13],2,160,185,158,156
1,<environment.Job instance at 0x7f30c4942f00>,12,26,[ 2 14],13,185,211,172,182
1,<environment.Job instance at 0x7f30c52f6d70>,17,21,[12  2],18,211,232,193,203
1,<environment.Job instance at 0x7f30c46345f0>,18,20,[ 1 11],19,211,231,192,204
1,<environment.Job instance at 0x7f30c466f690>,2,25,[12  2],3,3,28,0,3
1,<environment.Job instance at 0x7f30c495ef50>,3,28,[4 9],4,28,56,24,27
1,<environment.Job instance at 0x7f30870fe730>,6,23,[ 1 13],7,56,79,49,50
1,<environment.Job instance at 0x7f30c55627d0>,7,25,[ 4 14],8,79,104,71,75
1,<environment.Job instance at 0x7f30870fe690>,5,19,[11  4],6,104,123,98,103
1,<environment.Job instance at 0x7f30c499ec30>,2,24,[5 5],3,3,27,0,3
1,<environment.Job instance at 0x7f3086e3a960>,5,22,[5 1],6,15,37,9,15
1,<environment.Job instance at 0x7f3086d8bcd0>,6,23,[12  1],7,37,60,30,31
1,<environment.Job instance at 0x7f3086dce3c0>,7,28,[3 8],8,31,59,23,31
1,<environment.Job instance at 0x7f30870fe690>,4,22,[14  4],5,60,82,55,53
1,<environment.Job instance at 0x7f30c4877a00>,1,21,[14  1],2,82,103,80,74
1,<environment.Job instance at 0x7f30c5206af0>,3,20,[11  1],4,4,24,0,4
1,<environment.Job instance at 0x7f30c52066e0>,4,22,[3 5],5,5,27,0,5
1,<environment.Job instance at 0x7f30c51fb1e0>,7,27,[3 7],8,24,51,16,22
1,<environment.Job instance at 0x7f30c5323640>,0,25,[ 1 11],1,1,26,0,1
1,<environment.Job instance at 0x7f30c5323960>,6,24,[11  4],7,7,31,0,7
1,<environment.Job instance at 0x7f30c5323fa0>,7,21,[10  3],8,31,52,23,23
1,<environment.Job instance at 0x7f30c47345f0>,11,26,[9 5],12,52,78,40,49
1,<environment.Job instance at 0x7f30c47341e0>,13,25,[11  5],14,78,103,64,74
1,<environment.Job instance at 0x7f3086d98dc0>,0,22,[5 4],1,1,23,0,1
1,<environment.Job instance at 0x7f3086d98960>,3,25,[1 9],4,4,29,0,4
1,<environment.Job instance at 0x7f3086d98c30>,5,27,[9 3],6,23,50,17,21
1,<environment.Job instance at 0x7f3086ee50f0>,7,28,[6 2],8,29,57,21,28
1,<environment.Job instance at 0x7f3086ee52d0>,6,24,[14  4],7,57,81,50,52
1,<environment.Job instance at 0x7f3086d980a0>,4,21,[ 4 12],5,81,102,76,73
1,<environment.Job instance at 0x7f3086ee5e10>,9,25,[2 7],10,102,127,92,98
1,<environment.Job instance at 0x7f3086ee5b40>,11,23,[13  4],12,103,126,91,103
1,<environment.Job instance at 0x7f3086ee54b0>,10,26,[14  2],11,127,153,116,125
1,<environment.Job instance at 0x7f3086ee5230>,13,21,[5 9],14,153,174,139,147
1,<environment.Job instance at 0x7f3086ee5820>,12,28,[6 1],13,153,181,140,152
1,<environment.Job instance at 0x7f30c4fd2190>,15,21,[4 9],16,174,195,158,166
1,<environment.Job instance at 0x7f30c47341e0>,2,19,[14  3],3,195,214,192,188
1,<environment.Job instance at 0x7f30c4d69aa0>,19,28,[11  1],20,214,242,194,213
1,<environment.Job instance at 0x7f30c4bdbe10>,21,26,[13  2],22,242,268,220,239
1,<environment.Job instance at 0x7f3086b0f7d0>,22,21,[ 3 11],23,268,289,245,260
1,<environment.Job instance at 0x7f30870fe870>,24,20,[8 3],25,268,288,243,260
1,<environment.Job instance at 0x7f308697ce60>,25,25,[6 4],26,288,313,262,284
1,<environment.Job instance at 0x7f30c4a99b90>,26,21,[14  5],27,313,334,286,305
1,<environment.Job instance at 0x7f30c4a99960>,27,26,[ 5 13],28,334,360,306,331
1,<environment.Job instance at 0x7f308693ecd0>,29,27,[ 4 13],30,360,387,330,358
1,<environment.Job instance at 0x7f3086e1dbe0>,3,22,[7 5],4,4,26,0,4
1,<environment.Job instance at 0x7f308693ecd0>,5,25,[ 3 12],6,26,51,20,22
1,<environment.Job instance at 0x7f30871023c0>,6,21,[ 3 11],7,51,72,44,43
1,<environment.Job instance at 0x7f30871027d0>,8,26,[ 5 13],9,72,98,63,69
1,<environment.Job instance at 0x7f3087102870>,10,25,[2 6],11,98,123,87,94
1,<environment.Job instance at 0x7f3086f9cb40>,11,24,[3 5],12,98,122,86,94
1,<environment.Job instance at 0x7f30c4d13eb0>,2,25,[5 8],3,3,28,0,3
1,<environment.Job instance at 0x7f30c4d13f50>,0,19,[5 5],1,4,23,3,4
1,<environment.Job instance at 0x7f30c46085f0>,9,24,[12  3],10,28,52,18,23
1,<environment.Job instance at 0x7f30869eff00>,5,23,[ 1 13],6,52,75,46,46
1,<environment.Job instance at 0x7f30c4608a50>,11,23,[5 2],12,52,75,40,46
1,<environment.Job instance at 0x7f30c4cf41e0>,1,22,[9 2],2,2,24,0,2
1,<environment.Job instance at 0x7f30869b19b0>,5,26,[12  1],6,24,50,18,21
1,<environment.Job instance at 0x7f30869b10f0>,2,19,[9 5],3,50,69,47,40
1,<environment.Job instance at 0x7f30869b14b0>,3,21,[1 6],4,40,61,36,40
1,<environment.Job instance at 0x7f308687a780>,11,28,[11  3],12,69,97,57,68
1,<environment.Job instance at 0x7f308687a6e0>,10,27,[ 4 12],11,69,96,58,68
1,<environment.Job instance at 0x7f30c4e58280>,12,24,[ 3 12],13,96,120,83,91
1,<environment.Job instance at 0x7f30c4df14b0>,1,21,[10  4],2,2,23,0,2
1,<environment.Job instance at 0x7f30c4e58280>,4,25,[11  3],5,23,48,18,19
1,<environment.Job instance at 0x7f30868a6550>,8,25,[1 6],9,20,45,11,20
1,<environment.Job instance at 0x7f30868a65f0>,9,21,[ 4 13],10,48,69,38,40
1,<environment.Job instance at 0x7f30868a6690>,10,19,[11  3],11,71,90,60,71
1,<environment.Job instance at 0x7f30c5195820>,4,27,[ 4 11],5,5,32,0,5
1,<environment.Job instance at 0x7f30c5195a50>,6,24,[ 2 13],7,32,56,25,27
1,<environment.Job instance at 0x7f30c4af4e60>,13,23,[ 1 10],14,56,79,42,50
1,<environment.Job instance at 0x7f3086e06be0>,0,25,[ 5 12],1,1,26,0,1
1,<environment.Job instance at 0x7f3086e06d70>,3,28,[9 1],4,4,32,0,4
1,<environment.Job instance at 0x7f30c466fdc0>,9,22,[1 7],10,26,48,16,19
1,<environment.Job instance at 0x7f30c54f0550>,10,19,[14  5],11,32,51,21,27
1,<environment.Job instance at 0x7fe9be4d0370>,1,24,[10  1],2,2,26,0,2
1,<environment.Job instance at 0x7fe9bd371280>,4,24,[7 2],5,26,50,21,21
1,<environment.Job instance at 0x7fe9bd3713c0>,7,26,[9 3],8,50,76,42,47
1,<environment.Job instance at 0x7fe9be5139b0>,2,20,[7 4],3,76,96,73,67
1,<environment.Job instance at 0x7fe9bd371410>,8,20,[ 4 13],9,96,116,87,87
1,<environment.Job instance at 0x7fe9bd3712d0>,5,24,[ 2 14],6,116,140,110,115
1,<environment.Job instance at 0x7fe9bd371730>,12,28,[ 1 14],13,140,168,127,139
1,<environment.Job instance at 0x7fe9bd371910>,15,20,[ 3 12],16,168,188,152,159
1,<environment.Job instance at 0x7fe9bd3719b0>,16,28,[5 1],17,159,187,142,159
1,<environment.Job instance at 0x7fe9bd371a50>,17,19,[12  4],18,188,207,170,188
1,<environment.Job instance at 0x7fe97351ffa0>,0,26,[3 9],1,1,27,0,1
1,<environment.Job instance at 0x7fe9bd3187d0>,4,23,[6 4],5,5,28,0,5
1,<environment.Job instance at 0x7fe9bd371a50>,2,24,[4 9],3,27,51,24,22
1,<environment.Job instance at 0x7fe9734ba280>,5,22,[12  2],6,51,73,45,44
1,<environment.Job instance at 0x7fe9bd318960>,3,25,[13  2],4,73,98,69,69
1,<environment.Job instance at 0x7fe9bd371be0>,1,19,[11  4],2,98,117,96,88
1,<environment.Job instance at 0x7fe9734baa00>,12,20,[7 5],13,117,137,104,108
1,<environment.Job instance at 0x7fe9733912d0>,0,28,[8 2],1,1,29,0,1
1,<environment.Job instance at 0x7fe973318d70>,2,27,[12  1],3,29,56,26,27
1,<environment.Job instance at 0x7fe9bdb30280>,3,27,[ 3 11],4,34,61,30,34
1,<environment.Job instance at 0x7fe9bd377500>,5,21,[ 5 12],6,61,82,55,55
1,<environment.Job instance at 0x7fe9be642aa0>,7,23,[9 5],8,82,105,74,76
1,<environment.Job instance at 0x7fe9be642e10>,6,21,[ 5 10],7,82,103,75,78
1,<environment.Job instance at 0x7fe973318320>,1,26,[14  3],2,105,131,103,102
1,<environment.Job instance at 0x7fe9be63b320>,11,25,[12  5],12,131,156,119,127
1,<environment.Job instance at 0x7fe9be63b3c0>,12,24,[6 4],13,156,180,143,151
1,<environment.Job instance at 0x7fe9be642280>,9,22,[2 5],10,151,173,141,151
1,<environment.Job instance at 0x7fe9be6385f0>,14,23,[13  3],15,180,203,165,174
1,<environment.Job instance at 0x7fe9be6381e0>,16,20,[7 1],17,203,223,186,194
1,<environment.Job instance at 0x7fe9be6385a0>,17,25,[4 9],18,203,228,185,199
1,<environment.Job instance at 0x7fe9be636190>,18,26,[6 1],19,223,249,204,220
1,<environment.Job instance at 0x7fe9be649690>,19,28,[5 9],20,228,256,208,227
1,<environment.Job instance at 0x7fe9be649320>,20,24,[4 8],21,256,280,235,251
1,<environment.Job instance at 0x7fe9be649780>,21,20,[5 5],22,251,271,229,251
1,<environment.Job instance at 0x7fe9be649500>,22,23,[10  5],23,271,294,248,265
1,<environment.Job instance at 0x7fe9be649820>,23,24,[12  1],24,294,318,270,289
1,<environment.Job instance at 0x7fe9be649dc0>,26,27,[13  3],27,318,345,291,316
1,<environment.Job instance at 0x7fe9be63b0a0>,13,19,[ 2 11],14,349,368,335,349
1,<environment.Job instance at 0x7fe9be63d0a0>,30,19,[12  4],31,705,724,674,705
1,<environment.Job instance at 0x7fe9bd5af320>,33,25,[8 3],34,724,749,690,720
1,<environment.Job instance at 0x7fe9bd6c25f0>,0,27,[6 1],1,1,28,0,1
1,<environment.Job instance at 0x7fe9bde9f5a0>,1,26,[ 3 14],2,3,29,1,3
1,<environment.Job instance at 0x7fe9bd733e10>,6,19,[ 4 12],7,29,48,22,26
1,<environment.Job instance at 0x7fe9bd7c3280>,0,23,[2 9],1,1,24,0,1
1,<environment.Job instance at 0x7fe9bd733dc0>,2,23,[8 3],3,3,26,0,3
1,<environment.Job instance at 0x7fe9737ac280>,7,24,[ 1 11],8,24,48,16,19
1,<environment.Job instance at 0x7fe9736cc3c0>,8,27,[10  4],9,26,53,17,24
1,<environment.Job instance at 0x7fe9bd1ee190>,9,26,[5 5],10,48,74,38,45
1,<environment.Job instance at 0x7fe9bd7c37d0>,4,25,[ 1 14],5,74,99,69,71
1,<environment.Job instance at 0x7fe9bd1ebb90>,5,19,[13  1],6,145,164,139,145
1,<environment.Job instance at 0x7fe9bd207190>,13,28,[ 4 11],14,164,192,150,163
1,<environment.Job instance at 0x7fe9bd20a0a0>,14,22,[5 4],15,164,186,149,163
1,<environment.Job instance at 0x7fe9736ced20>,15,24,[13  5],16,192,216,176,187
1,<environment.Job instance at 0x7fe9736cef50>,16,26,[12  1],17,216,242,199,213
1,<environment.Job instance at 0x7fe9bd15b5a0>,11,19,[13  1],12,259,278,247,259
1,<environment.Job instance at 0x7fe9736f08c0>,21,26,[7 1],22,278,304,256,275
1,<environment.Job instance at 0x7fe9736f0780>,22,22,[8 3],23,278,300,255,275
1,<environment.Job instance at 0x7fe9bd7a9c80>,2,27,[ 3 11],3,3,30,0,3
1,<environment.Job instance at 0x7fe9bdd32a50>,5,21,[ 4 14],6,30,51,24,22
1,<environment.Job instance at 0x7fe9bdd32b40>,3,21,[ 3 13],4,51,72,47,43
1,<environment.Job instance at 0x7fe9bd345690>,1,22,[ 4 12],2,2,24,0,2
1,<environment.Job instance at 0x7fe97383baa0>,3,24,[14  1],4,24,48,20,19
1,<environment.Job instance at 0x7fe9bd29a230>,7,26,[11  2],8,48,74,40,45
1,<environment.Job instance at 0x7fe97383bb90>,2,20,[13  3],3,74,94,71,65
1,<environment.Job instance at 0x7fe9bd29a550>,9,24,[11  1],10,94,118,84,89
1,<environment.Job instance at 0x7fe9bde9d7d0>,10,23,[13  2],11,118,141,107,112
1,<environment.Job instance at 0x7fe9bde9d5f0>,13,28,[5 9],14,141,169,127,140
1,<environment.Job instance at 0x7fe9bd930640>,0,24,[14  4],1,1,25,0,1
1,<environment.Job instance at 0x7fe9732c98c0>,6,24,[5 9],7,25,49,18,20
1,<environment.Job instance at 0x7fe9bd9300f0>,4,23,[6 1],5,25,48,20,24
1,<environment.Job instance at 0x7fe9732c9820>,5,23,[ 5 12],6,49,72,43,43
1,<environment.Job instance at 0x7fe9732c9a50>,10,25,[12  3],11,72,97,61,68
1,<environment.Job instance at 0x7fe9732c9af0>,11,27,[ 4 11],12,97,124,85,95
1,<environment.Job instance at 0x7fe9732c9b90>,12,23,[12  4],13,124,147,111,118
1,<environment.Job instance at 0x7fe9732c9c30>,13,27,[7 5],14,147,174,133,145
1,<environment.Job instance at 0x7fe9732c9910>,8,25,[12  2],9,174,199,165,170
1,<environment.Job instance at 0x7fe9732c9d70>,15,25,[ 3 11],16,174,199,158,170
1,<environment.Job instance at 0x7fe9732c9f50>,16,21,[ 4 11],17,199,220,182,193
1,<environment.Job instance at 0x7fe9732c9fa0>,18,25,[ 1 12],19,220,245,201,216
1,<environment.Job instance at 0x7fe9732f1320>,21,26,[14  4],22,245,271,223,242
1,<environment.Job instance at 0x7fe9732f1280>,22,25,[2 8],23,271,296,248,267
1,<environment.Job instance at 0x7fe9732f15f0>,24,25,[4 7],25,271,296,246,267
1,<environment.Job instance at 0x7fe9732f1640>,25,25,[11  5],26,296,321,270,292
1,<environment.Job instance at 0x7fe9732f1370>,26,23,[14  2],27,321,344,294,315
1,<environment.Job instance at 0x7fe9732f17d0>,27,28,[ 4 11],28,344,372,316,343
1,<environment.Job instance at 0x7fe9732f18c0>,29,18,[11  1],30,434,452,404,434
1,<environment.Job instance at 0x7fe9732f1a00>,31,24,[ 3 14],32,434,458,402,434
1,<environment.Job instance at 0x7fe9732f1aa0>,32,28,[5 4],33,458,486,425,457
1,<environment.Job instance at 0x7fe9732f1730>,33,27,[ 3 12],34,486,513,452,484
1,<environment.Job instance at 0x7fe9732f1c80>,35,25,[ 5 12],36,513,538,477,509
1,<environment.Job instance at 0x7fe9732f1d20>,36,24,[7 4],37,538,562,501,533
1,<environment.Job instance at 0x7fe9732f1dc0>,37,21,[10  1],38,562,583,524,554
1,<environment.Job instance at 0x7fe9732f1e60>,39,27,[4 5],40,554,581,514,554
1,<environment.Job instance at 0x7fe9732f1e10>,40,16,[11  1],41,713,729,672,713
1,<environment.Job instance at 0x7fe9732c99b0>,9,17,[ 1 14],10,1677,1694,1667,1677
1,<environment.Job instance at 0x7fe9732ea140>,42,28,[10  5],43,1694,1722,1651,1693
1,<environment.Job instance at 0x7fe9732ea0a0>,43,25,[8 4],44,1722,1747,1678,1718
1,<environment.Job instance at 0x7fe9732ea320>,44,21,[6 3],45,1722,1743,1677,1718
1,<environment.Job instance at 0x7fe9732ea280>,45,18,[ 1 12],46,1754,1772,1708,1754
1,<environment.Job instance at 0x7fe9bd757140>,0,21,[8 3],1,1,22,0,1
1,<environment.Job instance at 0x7fe9bd757320>,3,27,[ 4 14],4,22,49,18,20
1,<environment.Job instance at 0x7fe9bd45a460>,6,24,[5 6],7,49,73,42,44
1,<environment.Job instance at 0x7fe9bd45a500>,8,22,[ 4 13],9,73,95,64,66
1,<environment.Job instance at 0x7fe973530320>,9,24,[ 1 10],10,95,119,85,90
1,<environment.Job instance at 0x7fe9bde13cd0>,11,25,[14  1],12,95,120,83,91
1,<environment.Job instance at 0x7fe9bd6801e0>,14,28,[5 7],15,120,148,105,119
1,<environment.Job instance at 0x7fe9bd6800f0>,15,28,[2 5],16,120,148,104,119
1,<environment.Job instance at 0x7fe9bd680a00>,17,22,[9 4],18,148,170,130,141
1,<environment.Job instance at 0x7fe9bd680500>,18,28,[5 1],19,141,169,122,141
1,<environment.Job instance at 0x7fe9bd680910>,16,28,[ 2 14],17,170,198,153,169
1,<environment.Job instance at 0x7fe9bde12a50>,26,23,[12  4],27,198,221,171,192
1,<environment.Job instance at 0x7fe9bda86cd0>,30,28,[5 5],31,221,249,190,220
1,<environment.Job instance at 0x7fe973937e10>,31,24,[10  1],32,221,245,189,220
1,<environment.Job instance at 0x7fe9739fd230>,32,26,[ 5 14],33,249,275,216,246
1,<environment.Job instance at 0x7fe9bde00a50>,28,22,[ 3 14],29,275,297,246,269
1,<environment.Job instance at 0x7fe9bdc2e690>,36,21,[12  4],37,297,318,260,289
1,<environment.Job instance at 0x7fe9be636780>,1,28,[13  2],2,2,30,0,2
1,<environment.Job instance at 0x7fe9bd1f8e10>,4,27,[3 6],5,30,57,25,28
1,<environment.Job instance at 0x7fe9be5561e0>,2,20,[10  2],3,32,52,29,32
1,<environment.Job instance at 0x7fe9be04b050>,7,28,[13  2],8,57,85,49,56
1,<environment.Job instance at 0x7fe9bd1f88c0>,6,22,[ 4 10],7,85,107,78,78
1,<environment.Job instance at 0x7fe9be04b9b0>,9,28,[1 5],10,78,106,68,78
1,<environment.Job instance at 0x7fe973643f00>,12,20,[1 5],13,106,126,93,97
1,<environment.Job instance at 0x7fe9736ceeb0>,13,24,[ 3 12],14,126,150,112,121
1,<environment.Job instance at 0x7fe973a02aa0>,14,20,[ 5 12],15,150,170,135,141
1,<environment.Job instance at 0x7fe9734ccaa0>,18,27,[14  2],19,170,197,151,168
1,<environment.Job instance at 0x7fe9bd933960>,21,24,[11  5],22,197,221,175,192
1,<environment.Job instance at 0x7fe9bd86e500>,23,23,[9 3],24,221,244,197,215
1,<environment.Job instance at 0x7fe9bd734a00>,27,25,[3 6],28,215,240,187,215
1,<environment.Job instance at 0x7fe97370c410>,28,23,[ 2 12],29,240,263,211,234
1,<environment.Job instance at 0x7fe9bd30b730>,0,27,[12  5],1,1,28,0,1
1,<environment.Job instance at 0x7fe9bd30bf00>,5,23,[ 3 13],6,28,51,22,22
1,<environment.Job instance at 0x7fe9bdcb7870>,8,27,[ 1 10],9,51,78,42,49
1,<environment.Job instance at 0x7fe9bd30b460>,3,21,[12  2],4,49,70,45,49
1,<environment.Job instance at 0x7fe9bdcb7730>,10,20,[ 5 12],11,78,98,67,69
1,<environment.Job instance at 0x7fe9bd690eb0>,11,24,[9 4],12,98,122,86,93
1,<environment.Job instance at 0x7fe9bdad2550>,12,26,[5 5],13,98,124,85,95
1,<environment.Job instance at 0x7fe9bdcb7190>,15,20,[4 6],16,122,142,106,113
1,<environment.Job instance at 0x7fe9bd30e050>,1,28,[ 4 13],2,2,30,0,2
1,<environment.Job instance at 0x7fe9bdd662d0>,5,25,[7 3],6,30,55,24,26
1,<environment.Job instance at 0x7fe9bd467fa0>,3,25,[13  4],4,55,80,51,51
1,<environment.Job instance at 0x7fe9bd304fa0>,4,20,[13  5],5,80,100,75,74
1,<environment.Job instance at 0x7fe9bdd66550>,8,21,[14  2],9,100,121,91,92
1,<environment.Job instance at 0x7fe9bdd66c30>,10,26,[14  5],11,121,147,110,118
1,<environment.Job instance at 0x7fe9bdd66b90>,12,19,[ 2 13],13,184,203,171,184
1,<environment.Job instance at 0x7fe9bd1000a0>,0,24,[3 7],1,1,25,0,1
1,<environment.Job instance at 0x7fe9736b2730>,6,23,[9 3],7,7,30,0,7
1,<environment.Job instance at 0x7fe9bdd8d8c0>,7,26,[11  4],8,30,56,22,27
1,<environment.Job instance at 0x7fe9736b2eb0>,4,22,[ 5 11],5,56,78,51,49
1,<environment.Job instance at 0x7fe9739f8e60>,10,21,[1 5],11,78,99,67,70
1,<environment.Job instance at 0x7fe9736997d0>,11,27,[5 2],12,70,97,58,70
1,<environment.Job instance at 0x7fe973699d70>,13,21,[ 3 11],14,99,120,85,91
1,<environment.Job instance at 0x7fe97358ac80>,17,22,[9 3],18,91,113,73,91
1,<environment.Job instance at 0x7fe9bdc7c730>,18,28,[ 1 13],19,120,148,101,119
1,<environment.Job instance at 0x7fe9bdd8d5a0>,8,19,[ 4 11],9,183,202,174,183
1,<environment.Job instance at 0x7fe9732047d0>,24,22,[7 3],25,183,205,158,183
1,<environment.Job instance at 0x7fe9731232d0>,25,19,[12  3],26,484,503,458,484
1,<environment.Job instance at 0x7fe9733b4f00>,0,26,[13  2],1,1,27,0,1
1,<environment.Job instance at 0x7fe9bd258640>,3,27,[2 7],4,4,31,0,4
1,<environment.Job instance at 0x7fe9be452370>,6,24,[7 2],7,27,51,20,22
1,<environment.Job instance at 0x7fe9bdfa7fa0>,7,24,[14  4],8,51,75,43,46
1,<environment.Job instance at 0x7fe9bdfa7b40>,8,25,[12  5],9,75,100,66,71
1,<environment.Job instance at 0x7fe9bdfa7c80>,9,25,[3 6],10,75,100,65,71
1,<environment.Job instance at 0x7fe9bdfa7820>,10,23,[ 3 10],11,100,123,89,94
1,<environment.Job instance at 0x7fe9bd574eb0>,14,25,[1 8],15,123,148,108,119
1,<environment.Job instance at 0x7fe9bdfa7eb0>,15,28,[5 8],16,148,176,132,147
1,<environment.Job instance at 0x7fe9bdfa76e0>,11,20,[ 4 14],12,176,196,164,167
1,<environment.Job instance at 0x7fe9736f0f50>,2,25,[ 3 12],3,3,28,0,3
1,<environment.Job instance at 0x7fe9739222d0>,7,20,[ 1 11],8,28,48,20,19
1,<environment.Job instance at 0x7fe9736c21e0>,11,24,[14  5],12,48,72,36,43
1,<environment.Job instance at 0x7fe9bdfa71e0>,4,20,[13  2],5,72,92,67,70
1,<environment.Job instance at 0x7fe9bd275690>,14,20,[14  1],15,92,112,77,89
1,<environment.Job instance at 0x7fe9735343c0>,1,25,[14  5],2,2,27,0,2
1,<environment.Job instance at 0x7fe973564370>,8,28,[5 6],9,27,55,18,26
1,<environment.Job instance at 0x7fe9735646e0>,9,22,[ 1 13],10,55,77,45,48
1,<environment.Job instance at 0x7fe9732d85a0>,4,22,[14  3],5,5,27,0,5
1,<environment.Job instance at 0x7fe9735646e0>,8,27,[4 5],9,27,54,18,25
1,<environment.Job instance at 0x7fe9bd6910a0>,3,19,[5 7],4,4,23,0,4
1,<environment.Job instance at 0x7fe9bd193280>,4,27,[ 4 11],5,23,50,18,21
1,<environment.Job instance at 0x7fe9bd193140>,6,24,[ 2 13],7,50,74,43,45
1,<environment.Job instance at 0x7fe9bd193780>,13,23,[ 1 10],14,74,97,60,68
1,<environment.Job instance at 0x7fe9bdaf9aa0>,2,19,[8 1],3,3,22,0,3
1,<environment.Job instance at 0x7fe9bd193730>,3,23,[ 3 11],4,4,27,0,4
1,<environment.Job instance at 0x7fe9bdaf90f0>,4,26,[8 3],5,22,48,17,19
1,<environment.Job instance at 0x7fe9bdaf9be0>,6,21,[14  4],7,48,69,41,40
1,<environment.Job instance at 0x7fe9bdaf9780>,8,26,[10  1],9,69,95,60,66
1,<environment.Job instance at 0x7fe9bd193780>,5,20,[9 5],6,95,115,89,86
1,<environment.Job instance at 0x7fe973409be0>,10,20,[11  5],11,115,135,104,106
1,<environment.Job instance at 0x7fe973409960>,12,28,[ 5 13],13,135,163,122,134
1,<environment.Job instance at 0x7fe9734093c0>,15,21,[3 5],16,163,184,147,155
1,<environment.Job instance at 0x7fe9bdd8b730>,17,23,[ 1 11],18,184,207,166,178
1,<environment.Job instance at 0x7fe9bdaf9cd0>,0,19,[14  5],1,237,256,236,237
1,<environment.Job instance at 0x7fe9bdd8b8c0>,20,22,[ 4 13],21,256,278,235,249
1,<environment.Job instance at 0x7fe9bde3c230>,21,24,[11  1],22,256,280,234,251
1,<environment.Job instance at 0x7fe9bdaf95f0>,1,18,[ 3 12],2,1521,1539,1519,1521
1,<environment.Job instance at 0x7fe9bd3fd640>,3,22,[ 1 12],4,5,27,1,5
1,<environment.Job instance at 0x7fe9bdc12960>,6,23,[5 6],7,27,50,20,21
1,<environment.Job instance at 0x7fe9bd6624b0>,7,23,[14  1],8,50,73,42,44
1,<environment.Job instance at 0x7fe9bd662230>,10,24,[ 4 13],11,73,97,62,68
1,<environment.Job instance at 0x7fe9bd732140>,2,20,[14  2],3,105,125,102,105
1,<environment.Job instance at 0x7f2ec187c370>,1,24,[10  1],2,2,26,0,2
1,<environment.Job instance at 0x7f2ec071d2d0>,4,24,[7 2],5,26,50,21,21
1,<environment.Job instance at 0x7f2ec187c230>,2,20,[7 4],3,26,46,23,21
1,<environment.Job instance at 0x7f2ec071d3c0>,7,26,[9 3],8,50,76,42,47
1,<environment.Job instance at 0x7f2ec071d460>,8,20,[ 4 13],9,76,96,67,67
1,<environment.Job instance at 0x7f2ec071d6e0>,12,28,[ 1 14],13,96,124,83,95
1,<environment.Job instance at 0x7f2ec071d280>,5,24,[ 2 14],6,124,148,118,119
1,<environment.Job instance at 0x7f2ec071d8c0>,15,20,[ 3 12],16,148,168,132,140
1,<environment.Job instance at 0x7f2ec071da00>,17,19,[12  4],18,185,204,167,185
1,<environment.Job instance at 0x7f2ec06c3870>,2,20,[7 5],3,3,23,0,3
1,<environment.Job instance at 0x7f2e766e2370>,5,21,[5 9],6,6,27,0,6
1,<environment.Job instance at 0x7f2e7678fe60>,0,24,[4 8],1,1,25,0,1
1,<environment.Job instance at 0x7f2e7678f910>,1,20,[5 5],2,2,22,0,2
1,<environment.Job instance at 0x7f2e76729820>,2,23,[10  5],3,22,45,19,16
1,<environment.Job instance at 0x7f2ec19e2e60>,6,27,[13  3],7,45,72,38,43
1,<environment.Job instance at 0x7f2e766e24b0>,3,24,[12  1],4,72,96,68,67
1,<environment.Job instance at 0x7f2e767295a0>,7,19,[3 8],8,72,91,64,67
1,<environment.Job instance at 0x7f2e76731cd0>,13,25,[8 3],14,96,121,82,92
1,<environment.Job instance at 0x7f2e767319b0>,10,19,[12  4],11,124,143,113,124
1,<environment.Job instance at 0x7f2e76731640>,15,28,[ 3 11],16,124,152,108,124
1,<environment.Job instance at 0x7f2ec0f1e8c0>,0,28,[ 5 10],1,1,29,0,1
1,<environment.Job instance at 0x7f2ec15500a0>,1,27,[11  5],2,29,56,27,27
1,<environment.Job instance at 0x7f2ec13e1730>,2,23,[14  5],3,56,79,53,50
1,<environment.Job instance at 0x7f2ec086c6e0>,7,28,[12  4],8,79,107,71,78
1,<environment.Job instance at 0x7f2ec086c870>,5,27,[12  4],6,107,134,101,105
1,<environment.Job instance at 0x7f2ec086cb40>,6,20,[ 5 12],7,134,154,127,125
1,<environment.Job instance at 0x7f2ec08addc0>,11,28,[13  3],12,154,182,142,153
1,<environment.Job instance at 0x7f2ec08ad2d0>,12,22,[ 3 11],13,182,204,169,175
1,<environment.Job instance at 0x7f2ec0985780>,14,22,[10  2],15,186,208,171,186
1,<environment.Job instance at 0x7f2ec0985370>,15,26,[13  3],16,208,234,192,205
1,<environment.Job instance at 0x7f2ec0985b40>,16,24,[8 2],17,234,258,217,229
1,<environment.Job instance at 0x7f2ec0b3b230>,13,21,[ 2 13],14,234,255,220,229
1,<environment.Job instance at 0x7f2ec086c320>,4,25,[10  1],5,5,30,0,5
1,<environment.Job instance at 0x7f2ec06db230>,1,26,[13  2],2,2,28,0,2
1,<environment.Job instance at 0x7f2ec07b9320>,2,27,[11  3],3,28,55,25,26
1,<environment.Job instance at 0x7f2e768cdcd0>,5,21,[ 3 11],6,28,49,22,26
1,<environment.Job instance at 0x7f2e76b20460>,9,27,[7 4],10,55,82,45,53
1,<environment.Job instance at 0x7f2e76b20b90>,10,25,[9 5],11,82,107,71,78
1,<environment.Job instance at 0x7f2e768cd550>,4,27,[ 1 14],5,107,134,102,105
1,<environment.Job instance at 0x7f2e768cd3c0>,8,22,[12  2],9,134,156,125,127
1,<environment.Job instance at 0x7f2ec0d2e2d0>,13,26,[14  5],14,156,182,142,153
1,<environment.Job instance at 0x7f2ec0e071e0>,15,26,[14  3],16,182,208,166,179
1,<environment.Job instance at 0x7f2ec13ebd20>,17,26,[ 2 11],18,208,234,190,205
1,<environment.Job instance at 0x7f2e768cd690>,6,20,[13  1],7,208,228,201,205
1,<environment.Job instance at 0x7f2ec095e5f0>,23,24,[4 7],24,234,258,210,229
1,<environment.Job instance at 0x7f2ec095e640>,25,21,[ 4 11],26,258,279,232,250
1,<environment.Job instance at 0x7f2ec09bdb40>,3,24,[9 1],4,4,28,0,4
1,<environment.Job instance at 0x7f2ec05e4b90>,8,22,[1 8],9,10,32,1,10
1,<environment.Job instance at 0x7f2ec0604050>,0,26,[6 1],1,1,27,0,1
1,<environment.Job instance at 0x7f2ec0604640>,2,21,[5 4],3,3,24,0,3
1,<environment.Job instance at 0x7f2ec0604e10>,3,23,[5 7],4,24,47,20,18
1,<environment.Job instance at 0x7f2ec0bc0460>,7,25,[ 5 10],8,47,72,39,43
1,<environment.Job instance at 0x7f2ec06e3b40>,5,27,[ 2 11],6,72,99,66,70
1,<environment.Job instance at 0x7f2e76a70960>,12,25,[12  2],13,72,97,59,70
1,<environment.Job instance at 0x7f2e76a70fa0>,13,28,[4 9],14,99,127,85,98
1,<environment.Job instance at 0x7f2ec187bf00>,2,22,[5 5],3,3,25,0,3
1,<environment.Job instance at 0x7f2e76bc5460>,8,25,[12  5],9,25,50,16,21
1,<environment.Job instance at 0x7f2e76d6da50>,10,26,[ 5 13],11,50,76,39,47
1,<environment.Job instance at 0x7f2ec1266320>,1,21,[5 2],2,2,23,0,2
1,<environment.Job instance at 0x7f2e76c76cd0>,2,20,[3 6],3,3,23,0,3
1,<environment.Job instance at 0x7f2ec065c820>,5,28,[ 4 11],6,23,51,17,22
1,<environment.Job instance at 0x7f2e76ddfd20>,6,23,[5 5],7,51,74,44,45
1,<environment.Job instance at 0x7f2ec065c5f0>,7,20,[5 3],8,45,65,37,45
1,<environment.Job instance at 0x7f2ec065c2d0>,10,27,[10  1],11,65,92,54,63
1,<environment.Job instance at 0x7f2ec10da960>,13,25,[11  3],14,92,117,78,88
1,<environment.Job instance at 0x7f2ec065c320>,8,19,[ 2 11],9,88,107,79,88
1,<environment.Job instance at 0x7f2ec0b30690>,15,20,[ 5 11],16,117,137,101,108
1,<environment.Job instance at 0x7f2ec0b300f0>,16,23,[12  5],17,137,160,120,131
1,<environment.Job instance at 0x7f2ec0b30230>,17,26,[12  3],18,160,186,142,157
1,<environment.Job instance at 0x7f2ec0d364b0>,19,26,[ 3 13],20,186,212,166,183
1,<environment.Job instance at 0x7f2ec0d4f2d0>,20,23,[2 7],21,212,235,191,206
1,<environment.Job instance at 0x7f2e76b8b4b0>,21,19,[14  5],22,235,254,213,225
1,<environment.Job instance at 0x7f2ec0d4ff50>,23,20,[ 4 13],24,254,274,230,245
1,<environment.Job instance at 0x7f2ec0d4f460>,24,28,[12  1],25,274,302,249,273
1,<environment.Job instance at 0x7f2ec05de780>,0,21,[2 6],1,1,22,0,1
1,<environment.Job instance at 0x7f2e76aa7280>,8,20,[10  5],9,9,29,0,9
1,<environment.Job instance at 0x7f2e76ab55f0>,2,23,[14  2],3,3,26,0,3
1,<environment.Job instance at 0x7f2e76aa74b0>,3,25,[5 3],4,26,51,22,22
1,<environment.Job instance at 0x7f2ec0cf7730>,8,26,[10  5],9,26,52,17,24
1,<environment.Job instance at 0x7f2ec0cf7320>,5,19,[ 4 14],6,52,71,46,43
1,<environment.Job instance at 0x7f2ec0cf7910>,11,23,[8 3],12,71,94,59,65
1,<environment.Job instance at 0x7f2ec0cf7460>,12,19,[10  5],13,94,113,81,84
1,<environment.Job instance at 0x7f2ec0cf7410>,14,28,[8 4],15,113,141,98,112
1,<environment.Job instance at 0x7f2e769bcaf0>,0,27,[13  5],1,1,28,0,1
1,<environment.Job instance at 0x7f2ec0cf7410>,2,28,[ 4 13],3,28,56,25,27
1,<environment.Job instance at 0x7f2e769bcaa0>,5,27,[4 5],6,56,83,50,54
1,<environment.Job instance at 0x7f2e769bc730>,6,26,[1 5],7,56,82,49,54
1,<environment.Job instance at 0x7f2ec0ec5aa0>,7,26,[ 2 11],8,83,109,75,80
1,<environment.Job instance at 0x7f2e7673cbe0>,12,19,[9 1],13,81,100,68,81
1,<environment.Job instance at 0x7f2ec1188f50>,14,26,[ 5 11],15,109,135,94,106
1,<environment.Job instance at 0x7f2ec1091910>,17,20,[2 6],18,135,155,117,126
1,<environment.Job instance at 0x7f2ec0d20280>,3,19,[14  3],4,176,195,172,176
1,<environment.Job instance at 0x7f2ec162f690>,19,23,[3 6],20,195,218,175,189
1,<environment.Job instance at 0x7f2e764d79b0>,1,26,[ 2 12],2,2,28,0,2
1,<environment.Job instance at 0x7f2e76701a00>,6,28,[11  3],7,7,35,0,7
1,<environment.Job instance at 0x7f2e76701640>,7,26,[14  1],8,35,61,27,32
1,<environment.Job instance at 0x7f2ec049f5a0>,2,24,[13  2],3,61,85,58,56
1,<environment.Job instance at 0x7f2e767015a0>,9,20,[8 5],10,85,105,75,76
1,<environment.Job instance at 0x7f2ec162f690>,3,23,[4 6],4,85,108,81,79
1,<environment.Job instance at 0x7f2e76a38c80>,11,28,[7 2],12,105,133,93,104
1,<environment.Job instance at 0x7f2e764c8910>,8,22,[5 2],9,108,130,99,104
1,<environment.Job instance at 0x7f2ec082caf0>,4,25,[ 3 14],5,133,158,128,129
1,<environment.Job instance at 0x7f2e76ca2d20>,14,27,[6 3],15,158,185,143,156
1,<environment.Job instance at 0x7f2ec0697230>,5,24,[5 8],6,6,30,0,6
1,<environment.Job instance at 0x7f2ec1771910>,6,26,[ 4 11],7,30,56,23,27
1,<environment.Job instance at 0x7f2ec1771640>,8,25,[9 4],9,30,55,21,30
1,<environment.Job instance at 0x7f2ec1771500>,9,26,[ 2 13],10,56,82,46,53
1,<environment.Job instance at 0x7f2ec1771c30>,11,22,[3 8],12,82,104,70,75
1,<environment.Job instance at 0x7f2e76969c80>,1,19,[ 3 13],2,104,123,102,94
1,<environment.Job instance at 0x7f2e76907d70>,1,23,[7 5],2,2,25,0,2
1,<environment.Job instance at 0x7f2e765a39b0>,7,25,[10  4],8,25,50,17,21
1,<environment.Job instance at 0x7f2e76c2d280>,11,27,[11  4],12,50,77,38,48
1,<environment.Job instance at 0x7f2e76c2d190>,14,25,[14  5],15,77,102,62,73
1,<environment.Job instance at 0x7f2e76c2d0f0>,15,20,[2 5],16,102,122,86,93
1,<environment.Job instance at 0x7f2ec0cf4500>,0,25,[ 5 12],1,1,26,0,1
1,<environment.Job instance at 0x7f2ec0e96be0>,7,24,[5 2],8,8,32,0,8
1,<environment.Job instance at 0x7f2ec0e96e10>,10,19,[14  5],11,32,51,21,22
1,<environment.Job instance at 0x7f2ec0e969b0>,4,16,[12  1],5,738,754,733,738
1,<environment.Job instance at 0x7f2ec0e96d70>,12,19,[8 1],13,754,773,741,744
1,<environment.Job instance at 0x7f2ec0e96fa0>,13,23,[ 3 11],14,744,767,730,744
1,<environment.Job instance at 0x7f2ec0e79050>,14,26,[8 3],15,773,799,758,770
1,<environment.Job instance at 0x7f2ec0e79280>,15,20,[9 5],16,799,819,783,790
1,<environment.Job instance at 0x7f2ec0e79230>,16,21,[14  4],17,819,840,802,811
1,<environment.Job instance at 0x7f2ec0e79370>,18,26,[10  1],19,840,866,821,837
1,<environment.Job instance at 0x7f2ec0e795a0>,20,20,[11  5],21,866,886,845,857
1,<environment.Job instance at 0x7f2ec0e79640>,3,22,[ 1 12],4,4,26,0,4
1,<environment.Job instance at 0x7f2ec0b05370>,6,23,[5 6],7,26,49,19,20
1,<environment.Job instance at 0x7f2ec0e795a0>,7,23,[14  1],8,49,72,41,43
1,<environment.Job instance at 0x7f2ec0884e60>,10,24,[ 4 13],11,72,96,61,67
1,<environment.Job instance at 0x7f2e769884b0>,2,20,[14  2],3,202,222,199,202
1,<environment.Job instance at 0x7f2ec12cb7d0>,0,20,[14  5],1,1,21,0,1
1,<environment.Job instance at 0x7f2ec0a7a9b0>,6,28,[ 2 12],7,21,49,14,20
1,<environment.Job instance at 0x7f2e76988500>,1,20,[12  2],2,21,41,19,21
1,<environment.Job instance at 0x7f2ec0daf2d0>,11,20,[13  1],12,41,61,29,41
1,<environment.Job instance at 0x7f2ec0daba50>,12,25,[14  4],13,61,86,48,57
1,<environment.Job instance at 0x7f2e76539c30>,13,27,[13  3],14,86,113,72,84
1,<environment.Job instance at 0x7f2ec0dab190>,14,21,[ 1 11],15,98,119,83,98
1,<environment.Job instance at 0x7f2ec0a7a870>,8,22,[ 2 13],9,119,141,110,112
1,<environment.Job instance at 0x7f2ec0b2d370>,18,25,[7 3],19,141,166,122,137
1,<environment.Job instance at 0x7f2e76cb9960>,20,26,[ 5 14],21,166,192,145,163
1,<environment.Job instance at 0x7f2ec09f1e10>,21,24,[12  2],22,192,216,170,187
1,<environment.Job instance at 0x7f2ec09f1410>,22,28,[8 4],23,216,244,193,215
1,<environment.Job instance at 0x7f2ec07fd8c0>,23,20,[14  3],24,244,264,220,235
1,<environment.Job instance at 0x7f2ec12cbb90>,5,20,[ 1 14],6,279,299,273,279
1,<environment.Job instance at 0x7f2ec1239fa0>,25,25,[ 1 14],26,299,324,273,297
1,<environment.Job instance at 0x7f2e769c3b40>,29,19,[13  5],30,325,344,295,325
1,<environment.Job instance at 0x7f5fd190a550>,0,24,[2 8],1,1,25,0,1
1,<environment.Job instance at 0x7f5fd190a370>,2,26,[10  1],3,3,29,0,3
1,<environment.Job instance at 0x7f5fc64fda50>,4,24,[ 3 11],5,25,49,20,20
1,<environment.Job instance at 0x7f5fc64fde10>,8,24,[ 2 12],9,49,73,40,44
1,<environment.Job instance at 0x7f5fc65000f0>,12,22,[4 6],13,73,95,60,66
1,<environment.Job instance at 0x7f5fc6500050>,13,27,[3 8],14,73,100,59,71
1,<environment.Job instance at 0x7f5fc65001e0>,15,24,[ 2 13],16,100,124,84,95
1,<environment.Job instance at 0x7f5fc6500280>,16,19,[ 3 12],17,124,143,107,123
1,<environment.Job instance at 0x7f5fc64fdc30>,6,19,[ 1 13],7,143,162,136,140
1,<environment.Job instance at 0x7f5fc6500460>,19,21,[14  4],20,162,183,142,154
1,<environment.Job instance at 0x7f5fc6500640>,21,22,[14  2],22,183,205,161,176
1,<environment.Job instance at 0x7f5fc65006e0>,22,25,[ 4 12],23,205,230,182,201
1,<environment.Job instance at 0x7f5fc6500690>,24,20,[ 3 12],25,230,250,205,224
1,<environment.Job instance at 0x7f5fc6506640>,1,24,[ 1 11],2,2,26,0,2
1,<environment.Job instance at 0x7f5fd1855be0>,2,27,[9 1],3,3,30,0,3
1,<environment.Job instance at 0x7f5fd1855af0>,3,22,[9 5],4,30,52,26,23
1,<environment.Job instance at 0x7f5fd18551e0>,7,22,[6 5],8,26,48,18,23
1,<environment.Job instance at 0x7f5fd1855140>,8,22,[14  3],9,52,74,43,45
1,<environment.Job instance at 0x7f5fd1855500>,10,23,[5 7],11,74,97,63,68
1,<environment.Job instance at 0x7f5fd18558c0>,12,24,[ 3 10],13,97,121,84,92
1,<environment.Job instance at 0x7f5fd1855eb0>,13,24,[9 2],14,92,116,78,92
1,<environment.Job instance at 0x7f5fd18563c0>,14,20,[11  1],15,116,136,101,108
1,<environment.Job instance at 0x7f5fd1856190>,18,25,[ 2 12],19,121,146,102,117
1,<environment.Job instance at 0x7f5fd1856550>,19,26,[5 4],20,146,172,126,143
1,<environment.Job instance at 0x7f5fd1856230>,20,22,[5 6],21,146,168,125,143
1,<environment.Job instance at 0x7f5fd1856910>,23,27,[8 2],24,168,195,144,166
1,<environment.Job instance at 0x7f5fd1856be0>,25,19,[8 3],26,195,214,169,185
1,<environment.Job instance at 0x7f5fd1855780>,4,20,[ 5 14],5,214,234,209,205
1,<environment.Job instance at 0x7f5fd18567d0>,30,19,[8 4],31,234,253,203,226
1,<environment.Job instance at 0x7f5fd1a8a730>,32,24,[10  3],33,253,277,220,248
1,<environment.Job instance at 0x7f5fd19396e0>,27,19,[14  1],28,383,402,355,383
1,<environment.Job instance at 0x7f5fd1a8a870>,34,21,[ 1 12],35,385,406,350,385
1,<environment.Job instance at 0x7f5f867f1960>,0,22,[ 2 14],1,2,24,1,2
1,<environment.Job instance at 0x7f5fd1a8a870>,3,22,[ 4 11],4,24,46,20,17
1,<environment.Job instance at 0x7f5f867f1910>,6,27,[ 3 13],7,46,73,39,44
1,<environment.Job instance at 0x7f5f867f1eb0>,4,19,[11  3],5,73,92,68,63
1,<environment.Job instance at 0x7f5f867f1190>,9,22,[ 1 14],10,92,114,82,85
1,<environment.Job instance at 0x7f5f867f11e0>,11,25,[7 4],12,114,139,102,110
1,<environment.Job instance at 0x7f5f867f13c0>,12,20,[ 5 13],13,139,159,126,130
1,<environment.Job instance at 0x7f5f867f1af0>,13,21,[ 1 13],14,159,180,145,151
1,<environment.Job instance at 0x7f5f867f1c80>,14,20,[5 7],15,180,200,165,171
1,<environment.Job instance at 0x7f5f867f17d0>,5,19,[11  4],6,200,219,194,190
1,<environment.Job instance at 0x7f5f867ea5a0>,16,26,[ 4 14],17,219,245,202,216
1,<environment.Job instance at 0x7f5f867eab40>,17,21,[1 6],18,245,266,227,237
1,<environment.Job instance at 0x7f5f867ea7d0>,19,14,[9 1],20,241,255,221,241
1,<environment.Job instance at 0x7f5f867ea9b0>,2,24,[12  2],3,3,27,0,3
1,<environment.Job instance at 0x7f5f86928370>,4,25,[ 5 11],5,27,52,22,23
1,<environment.Job instance at 0x7f5f86928690>,8,25,[4 6],9,52,77,43,48
1,<environment.Job instance at 0x7f5f86928cd0>,9,26,[4 9],10,52,78,42,49
1,<environment.Job instance at 0x7f5f867eac80>,3,26,[ 3 11],4,78,104,74,75
1,<environment.Job instance at 0x7f5f867a45a0>,12,21,[12  4],13,78,99,65,75
1,<environment.Job instance at 0x7f5f867a4960>,14,28,[ 3 13],15,104,132,89,103
1,<environment.Job instance at 0x7f5f867a4f50>,16,23,[11  2],17,103,126,86,103
1,<environment.Job instance at 0x7f5f867a4820>,15,22,[ 3 12],16,132,154,116,125
1,<environment.Job instance at 0x7f5f867a47d0>,18,22,[ 2 10],19,154,176,135,147
1,<environment.Job instance at 0x7f5f867a4b40>,20,18,[11  1],21,1467,1485,1446,1467
1,<environment.Job instance at 0x7f5f867a4aa0>,22,22,[6 4],23,1485,1507,1462,1478
1,<environment.Job instance at 0x7f5f867a4370>,24,21,[9 1],25,1485,1506,1460,1478
1,<environment.Job instance at 0x7f5f868c8910>,0,23,[5 8],1,1,24,0,1
1,<environment.Job instance at 0x7f5f868f1500>,3,23,[10  3],4,4,27,0,4
1,<environment.Job instance at 0x7f5f868c8be0>,5,24,[12  1],6,27,51,21,22
1,<environment.Job instance at 0x7f5f86e94780>,7,27,[5 3],8,51,78,43,49
1,<environment.Job instance at 0x7f5f86e94500>,4,28,[3 8],5,49,77,44,49
1,<environment.Job instance at 0x7f5f867a4eb0>,1,21,[ 4 11],2,77,98,75,69
1,<environment.Job instance at 0x7f5f867a4370>,2,20,[ 3 12],3,98,118,95,89
1,<environment.Job instance at 0x7f5f86e946e0>,11,27,[14  2],12,118,145,106,116
1,<environment.Job instance at 0x7f5f86e94aa0>,12,25,[13  2],13,145,170,132,141
1,<environment.Job instance at 0x7f5f86e94910>,13,21,[ 4 12],14,170,191,156,162
1,<environment.Job instance at 0x7f5f86e94a00>,17,12,[11  1],18,243,255,225,243
1,<environment.Job instance at 0x7f5fc697b7d0>,3,24,[ 5 11],4,4,28,0,4
1,<environment.Job instance at 0x7f5fc697baa0>,7,25,[8 3],8,11,36,3,11
1,<environment.Job instance at 0x7f5fc697b230>,11,24,[5 1],12,28,52,16,23
1,<environment.Job instance at 0x7f5fc697bdc0>,12,23,[ 1 13],13,36,59,23,30
1,<environment.Job instance at 0x7f5f86d83a50>,0,23,[11  3],1,1,24,0,1
1,<environment.Job instance at 0x7f5f86d83640>,5,24,[8 2],6,24,48,18,19
1,<environment.Job instance at 0x7f5f86d83870>,3,22,[10  2],4,48,70,44,41
1,<environment.Job instance at 0x7f5fc6842dc0>,8,22,[9 3],9,70,92,61,63
1,<environment.Job instance at 0x7f5f86d83410>,2,20,[14  4],3,92,112,89,83
1,<environment.Job instance at 0x7f5fc6738820>,10,26,[4 7],11,112,138,101,109
1,<environment.Job instance at 0x7f5f86e204b0>,11,25,[10  5],12,112,137,100,109
1,<environment.Job instance at 0x7f5f86e20aa0>,13,26,[4 8],14,137,163,123,134
1,<environment.Job instance at 0x7f5f86e20780>,12,25,[11  1],13,138,163,125,134
1,<environment.Job instance at 0x7f5f86e20be0>,15,19,[11  2],16,163,182,147,153
1,<environment.Job instance at 0x7f5f86cec4b0>,17,24,[ 1 11],18,163,187,145,158
1,<environment.Job instance at 0x7f5fc8d126e0>,1,27,[ 4 12],2,2,29,0,2
1,<environment.Job instance at 0x7f5f86cec4b0>,2,23,[5 7],3,29,52,26,23
1,<environment.Job instance at 0x7f5f86e20500>,4,25,[13  3],5,52,77,47,48
1,<environment.Job instance at 0x7f5fc8bdc230>,7,20,[12  3],8,77,97,69,68
1,<environment.Job instance at 0x7f5fc8e89460>,11,27,[12  2],12,97,124,85,95
1,<environment.Job instance at 0x7f5fc8e896e0>,12,26,[13  4],13,124,150,111,121
1,<environment.Job instance at 0x7f5f86b5c820>,15,24,[ 4 10],16,150,174,134,145
1,<environment.Job instance at 0x7f5fc8ea6280>,19,20,[11  1],20,150,170,130,149
1,<environment.Job instance at 0x7f5fc65063c0>,2,26,[12  3],3,3,29,0,3
1,<environment.Job instance at 0x7f5fc6506870>,6,28,[1 9],7,7,35,0,7
1,<environment.Job instance at 0x7f5fc6506f00>,7,26,[7 3],8,29,55,21,26
1,<environment.Job instance at 0x7f5fc67061e0>,9,26,[3 5],10,35,61,25,32
1,<environment.Job instance at 0x7f5fc6706af0>,13,26,[13  3],14,61,87,47,58
1,<environment.Job instance at 0x7f5fc6506af0>,1,16,[ 1 11],2,597,613,595,597
1,<environment.Job instance at 0x7f5f86dc6230>,2,27,[ 2 11],3,3,30,0,3
1,<environment.Job instance at 0x7f5fc68e8c80>,6,28,[5 2],7,7,35,0,7
1,<environment.Job instance at 0x7f5fc69a70a0>,7,28,[13  5],8,35,63,27,34
1,<environment.Job instance at 0x7f5fc68e8050>,8,26,[8 3],9,63,89,54,60
1,<environment.Job instance at 0x7f5fc6430460>,9,19,[6 4],10,63,82,53,62
1,<environment.Job instance at 0x7f5f86967690>,10,22,[5 6],11,82,104,71,75
1,<environment.Job instance at 0x7f5f869b5780>,3,27,[ 3 14],4,104,131,100,102
1,<environment.Job instance at 0x7f5f86c395f0>,14,27,[ 5 11],15,131,158,116,129
1,<environment.Job instance at 0x7f5f86c39640>,16,25,[ 1 13],17,158,183,141,155
1,<environment.Job instance at 0x7f5f86d8b960>,17,26,[10  3],18,183,209,165,180
1,<environment.Job instance at 0x7f5fc6430910>,12,27,[ 3 14],13,209,236,196,207
1,<environment.Job instance at 0x7f5f86b3a050>,20,21,[13  1],21,236,257,215,234
1,<environment.Job instance at 0x7f5f86a109b0>,0,21,[9 1],1,1,22,0,1
1,<environment.Job instance at 0x7f5f86c8d820>,4,24,[14  2],5,22,46,17,17
1,<environment.Job instance at 0x7f5fc8b56500>,10,28,[7 2],11,46,74,35,45
1,<environment.Job instance at 0x7f5fc8b56a00>,11,20,[14  4],12,74,94,62,65
1,<environment.Job instance at 0x7f5fc8b560a0>,12,21,[13  5],13,94,115,81,86
1,<environment.Job instance at 0x7f5f86ddca50>,16,20,[2 6],17,94,114,77,90
1,<environment.Job instance at 0x7f5f86ddc280>,17,23,[ 2 13],18,115,138,97,109
1,<environment.Job instance at 0x7f5fd1846be0>,18,25,[1 6],19,138,163,119,134
1,<environment.Job instance at 0x7f5f86ddcb40>,19,22,[12  5],20,138,160,118,134
1,<environment.Job instance at 0x7f5f86b3a050>,2,19,[ 2 14],3,163,182,160,160
1,<environment.Job instance at 0x7f5f865ca500>,25,27,[4 9],26,182,209,156,180
1,<environment.Job instance at 0x7f5fc8bc7280>,27,24,[10  2],28,182,206,154,180
1,<environment.Job instance at 0x7f5fc6454c30>,0,28,[9 5],1,1,29,0,1
1,<environment.Job instance at 0x7f5fc8bc7280>,2,26,[9 3],3,29,55,26,26
1,<environment.Job instance at 0x7f5fc6454780>,3,27,[ 5 13],4,55,82,51,54
1,<environment.Job instance at 0x7f5fc696ff00>,8,24,[3 9],9,82,106,73,77
1,<environment.Job instance at 0x7f5fc696fb90>,10,20,[6 5],11,90,110,79,90
1,<environment.Job instance at 0x7f5fc6454370>,4,28,[ 4 14],5,110,138,105,109
1,<environment.Job instance at 0x7f5fc696fdc0>,6,13,[12  1],7,489,502,482,489
1,<environment.Job instance at 0x7f5fc6980320>,14,21,[ 1 12],15,489,510,474,489
1,<environment.Job instance at 0x7f5fc6980460>,16,18,[ 1 12],17,1836,1854,1819,1836
1,<environment.Job instance at 0x7f5fc6980640>,19,28,[ 3 10],20,1854,1882,1834,1853
1,<environment.Job instance at 0x7f5fc69806e0>,20,21,[5 1],21,1853,1874,1832,1853
1,<environment.Job instance at 0x7f5fc6980780>,21,28,[11  4],22,1874,1902,1852,1873
1,<environment.Job instance at 0x7f5fc69808c0>,23,19,[11  2],24,1902,1921,1878,1892
1,<environment.Job instance at 0x7f5fc6a2b3c0>,0,26,[14  4],1,1,27,0,1
1,<environment.Job instance at 0x7f5fc6a2bd70>,4,24,[9 2],5,27,51,22,22
1,<environment.Job instance at 0x7f5fc6a2bb90>,8,27,[5 1],9,27,54,18,25
1,<environment.Job instance at 0x7f5fc6a2ba00>,7,27,[ 2 13],8,51,78,43,49
1,<environment.Job instance at 0x7f5fc8f5bb90>,0,21,[5 4],1,1,22,0,1
1,<environment.Job instance at 0x7f5fc8f5b3c0>,2,20,[4 5],3,3,23,0,3
1,<environment.Job instance at 0x7f5f86bba7d0>,3,23,[6 5],4,4,27,0,4
1,<environment.Job instance at 0x7f5f86bbab90>,7,26,[8 5],8,23,49,15,20
1,<environment.Job instance at 0x7f5f86bba370>,11,24,[14  4],12,49,73,37,44
1,<environment.Job instance at 0x7f5fc8a72140>,12,26,[12  3],13,73,99,60,70
1,<environment.Job instance at 0x7f5f86bba280>,5,20,[ 1 11],6,70,90,64,70
1,<environment.Job instance at 0x7f5fc8a72eb0>,14,23,[8 4],15,99,122,84,93
1,<environment.Job instance at 0x7f5fc8a720a0>,16,25,[13  1],17,122,147,105,118
1,<environment.Job instance at 0x7f5fc8a72640>,19,22,[14  4],20,147,169,127,140
1,<environment.Job instance at 0x7f5fc8f97780>,0,23,[8 4],1,1,24,0,1
1,<environment.Job instance at 0x7f5fc8a72640>,2,27,[9 3],3,24,51,21,22
1,<environment.Job instance at 0x7f5f86a2faf0>,5,28,[ 2 13],6,51,79,45,50
1,<environment.Job instance at 0x7f5f86a2fb90>,6,26,[ 3 14],7,79,105,72,76
1,<environment.Job instance at 0x7f5f86a2fe10>,10,25,[13  4],11,105,130,94,101
1,<environment.Job instance at 0x7f5f86a1d410>,1,20,[3 7],2,2,22,0,2
1,<environment.Job instance at 0x7f5f86a1d460>,4,23,[2 6],5,5,28,0,5
1,<environment.Job instance at 0x7f5f8661baa0>,5,21,[2 8],6,22,43,16,19
1,<environment.Job instance at 0x7f5f8661b2d0>,9,26,[5 9],10,43,69,33,40
1,<environment.Job instance at 0x7f5f8661bb40>,10,22,[2 7],11,69,91,58,63
1,<environment.Job instance at 0x7f5f8661b6e0>,11,22,[8 1],12,63,85,51,63
1,<environment.Job instance at 0x7f5f8661b960>,12,24,[14  4],13,91,115,78,87
1,<environment.Job instance at 0x7f5fc62ce410>,6,27,[ 2 13],7,115,142,108,113
1,<environment.Job instance at 0x7f5fc66f71e0>,13,20,[8 2],14,115,135,101,113
1,<environment.Job instance at 0x7f5fc8e16f00>,1,26,[10  4],2,2,28,0,2
1,<environment.Job instance at 0x7f5fc63322d0>,2,23,[5 5],3,3,26,0,3
1,<environment.Job instance at 0x7f5fc6997870>,9,25,[3 9],10,26,51,16,22
1,<environment.Job instance at 0x7f5f86c73910>,7,19,[ 5 13],8,51,70,43,41
1,<environment.Job instance at 0x7f5fc8fe1820>,14,28,[3 9],15,70,98,55,69
1,<environment.Job instance at 0x7f5fc8fe19b0>,15,28,[ 3 10],16,98,126,82,97
1,<environment.Job instance at 0x7f5fc634d7d0>,18,19,[4 5],19,97,116,78,97
1,<environment.Job instance at 0x7f5f86d0a050>,19,20,[12  4],20,116,136,96,107
1,<environment.Job instance at 0x7f5f86d0a960>,20,28,[8 2],21,136,164,115,135
1,<environment.Job instance at 0x7f5fc8e4c9b0>,4,22,[ 1 12],5,5,27,0,5
1,<environment.Job instance at 0x7f5fc8e4c140>,5,24,[12  5],6,27,51,21,22
1,<environment.Job instance at 0x7f5f86d85190>,6,27,[3 5],7,27,54,20,25
1,<environment.Job instance at 0x7f5fc8e4c1e0>,9,28,[1 8],10,51,79,41,50
1,<environment.Job instance at 0x7f5fc8e4c820>,11,26,[7 2],12,51,77,39,50
1,<environment.Job instance at 0x7f5fc683c0f0>,12,27,[5 6],13,77,104,64,75
1,<environment.Job instance at 0x7f5fc683c3c0>,13,28,[ 2 12],14,104,132,90,103
1,<environment.Job instance at 0x7f5fc8a35e10>,16,27,[12  3],17,104,131,87,104
1,<environment.Job instance at 0x7f5fc8a5dcd0>,19,20,[1 7],20,132,152,112,123
1,<environment.Job instance at 0x7f5fc6a1e690>,21,20,[9 4],22,132,152,110,123
1,<environment.Job instance at 0x7f5fc6a1e500>,22,24,[7 3],23,152,176,129,147
1,<environment.Job instance at 0x7f5fc644cf50>,0,25,[ 4 14],1,1,26,0,1
1,<environment.Job instance at 0x7f5fc644c050>,6,21,[8 1],7,7,28,0,7
1,<environment.Job instance at 0x7f5fc644caf0>,7,26,[12  5],8,28,54,20,25
1,<environment.Job instance at 0x7f5fc644c500>,8,28,[8 3],9,54,82,45,53
1,<environment.Job instance at 0x7f5fc644cdc0>,4,26,[10  2],5,82,108,77,79
1,<environment.Job instance at 0x7f5fc644c730>,3,25,[14  5],4,108,133,104,104
1,<environment.Job instance at 0x7f5fc8e5e410>,11,24,[ 3 12],12,133,157,121,128
1,<environment.Job instance at 0x7f5fc8e5e190>,12,23,[4 7],13,157,180,144,151
1,<environment.Job instance at 0x7f5fc8e5ec80>,13,19,[ 4 10],14,180,199,166,170
1,<environment.Job instance at 0x7f5fc644c190>,2,20,[14  3],3,199,219,196,190
1,<environment.Job instance at 0x7f5fc8e5ea50>,15,26,[12  4],16,219,245,203,216
1,<environment.Job instance at 0x7f5fc8e5e9b0>,17,21,[4 6],18,245,266,227,237
1,<environment.Job instance at 0x7f5fc8e5ee10>,21,21,[ 5 14],22,266,287,244,258
1,<environment.Job instance at 0x7f5fc8e5e640>,22,21,[ 4 11],23,287,308,264,279
1,<environment.Job instance at 0x7f5f86dc41e0>,23,25,[2 7],24,308,333,284,304
1,<environment.Job instance at 0x7f5f86dc4f00>,24,23,[14  4],25,333,356,308,327
1,<environment.Job instance at 0x7f5fc654bcd0>,0,23,[13  2],1,1,24,0,1
1,<environment.Job instance at 0x7f5f86babb40>,6,20,[ 1 12],7,7,27,0,7
1,<environment.Job instance at 0x7f5fc654bb40>,1,21,[12  3],2,24,45,22,16
1,<environment.Job instance at 0x7f5fc654b640>,8,25,[5 3],9,45,70,36,41
1,<environment.Job instance at 0x7f5fc654bf00>,4,19,[2 9],5,41,60,36,41
1,<environment.Job instance at 0x7f5f86bab500>,10,24,[5 7],11,60,84,49,55
1,<environment.Job instance at 0x7f5f86d5a320>,13,27,[ 2 10],14,84,111,70,82
1,<environment.Job instance at 0x7f5f86d5ad20>,16,20,[ 1 13],17,111,131,94,102
1,<environment.Job instance at 0x7f5f86d5a230>,18,28,[ 2 14],19,131,159,112,130
1,<environment.Job instance at 0x7f5f86d5a960>,19,28,[11  1],20,130,158,110,130
1,<environment.Job instance at 0x7f5f86d5af00>,20,22,[8 3],21,159,181,138,152
1,<environment.Job instance at 0x7f5f86b44690>,21,28,[8 2],22,181,209,159,180
1,<environment.Job instance at 0x7f5fc8e014b0>,22,21,[ 1 11],23,180,201,157,180
1,<environment.Job instance at 0x7f5f869af640>,23,21,[9 1],24,209,230,185,201
1,<environment.Job instance at 0x7f5f86b4dfa0>,24,21,[14  2],25,230,251,205,222
1,<environment.Job instance at 0x7f5fc67f49b0>,26,21,[14  4],27,251,272,224,243
1,<environment.Job instance at 0x7f5f86a1fdc0>,27,20,[11  1],28,272,292,244,263
1,<environment.Job instance at 0x7f5fc6567550>,28,22,[ 5 12],29,292,314,263,285
1,<environment.Job instance at 0x7fb369272550>,0,24,[2 8],1,1,25,0,1
1,<environment.Job instance at 0x7fb369272370>,2,26,[10  1],3,3,29,0,3
1,<environment.Job instance at 0x7fb368115a50>,4,24,[ 3 11],5,25,49,20,20
1,<environment.Job instance at 0x7fb368115e10>,8,24,[ 2 12],9,49,73,40,44
1,<environment.Job instance at 0x7fb368118050>,13,27,[3 8],14,73,100,59,71
1,<environment.Job instance at 0x7fb368118190>,15,24,[ 2 13],16,100,124,84,95
1,<environment.Job instance at 0x7fb368115c30>,6,19,[ 1 13],7,124,143,117,124
1,<environment.Job instance at 0x7fb368118230>,16,19,[ 3 12],17,143,162,126,143
1,<environment.Job instance at 0x7fb368118410>,19,21,[14  4],20,162,183,142,155
1,<environment.Job instance at 0x7fb3681185f0>,21,22,[14  2],22,183,205,161,176
1,<environment.Job instance at 0x7fb368118690>,22,25,[ 4 12],23,205,230,182,201
1,<environment.Job instance at 0x7fb368118640>,24,20,[ 3 12],25,230,250,205,223
1,<environment.Job instance at 0x7fb36929d8c0>,0,23,[5 7],1,1,24,0,1
1,<environment.Job instance at 0x7fb36929d280>,3,24,[9 2],4,4,28,0,4
1,<environment.Job instance at 0x7fb3693e5960>,9,26,[5 4],10,24,50,14,21
1,<environment.Job instance at 0x7fb3693e5f00>,10,22,[5 6],11,28,50,17,21
1,<environment.Job instance at 0x7fb3693e5640>,13,27,[8 2],14,50,77,36,48
1,<environment.Job instance at 0x7fb3693e5c30>,8,25,[ 2 12],9,50,75,41,48
1,<environment.Job instance at 0x7fb3693e5780>,15,19,[8 3],16,77,96,61,67
1,<environment.Job instance at 0x7fb3693e8fa0>,22,24,[10  3],23,96,120,73,91
1,<environment.Job instance at 0x7fb3693e84b0>,24,21,[ 1 12],25,91,112,66,91
1,<environment.Job instance at 0x7fb36929d690>,4,20,[11  1],5,120,140,115,112
1,<environment.Job instance at 0x7fb3693e5280>,17,19,[14  1],18,140,159,122,140
1,<environment.Job instance at 0x7fb3693e4730>,28,25,[11  5],29,159,184,130,155
1,<environment.Job instance at 0x7fb36929d5f0>,5,15,[ 1 11],6,1635,1650,1629,1635
1,<environment.Job instance at 0x7fb3693e4550>,30,22,[5 5],31,1650,1672,1619,1643
1,<environment.Job instance at 0x7fb32a3b84b0>,4,24,[5 6],5,5,29,0,5
1,<environment.Job instance at 0x7fb32a3bb6e0>,2,21,[ 2 13],3,29,50,26,21
1,<environment.Job instance at 0x7fb32a3b88c0>,10,21,[4 6],11,50,71,39,42
1,<environment.Job instance at 0x7fb32a3b8460>,11,27,[4 8],12,50,77,38,48
1,<environment.Job instance at 0x7fb32a3b8730>,12,27,[5 4],13,71,98,58,69
1,<environment.Job instance at 0x7fb3693e4550>,7,22,[12  1],8,98,120,90,91
1,<environment.Job instance at 0x7fb32a3b8eb0>,14,22,[2 9],15,91,113,76,91
1,<environment.Job instance at 0x7fb32a8a7c30>,0,27,[13  4],1,1,28,0,1
1,<environment.Job instance at 0x7fb32a57e280>,6,24,[8 2],7,28,52,21,23
1,<environment.Job instance at 0x7fb32a52d910>,7,22,[1 7],8,23,45,15,23
1,<environment.Job instance at 0x7fb32a52d9b0>,8,28,[ 4 13],9,45,73,36,44
1,<environment.Job instance at 0x7fb32a52d8c0>,9,26,[3 6],10,73,99,63,70
1,<environment.Job instance at 0x7fb32a57ecd0>,3,23,[ 2 14],4,99,122,95,93
1,<environment.Job instance at 0x7fb32a501370>,13,24,[ 1 10],14,122,146,108,117
1,<environment.Job instance at 0x7fb32a501140>,14,24,[ 1 11],15,146,170,131,141
1,<environment.Job instance at 0x7fb32a501b90>,15,25,[8 2],16,141,166,125,141
1,<environment.Job instance at 0x7fb32a4e4230>,0,24,[11  3],1,1,25,0,1
1,<environment.Job instance at 0x7fb32a8bfbe0>,4,28,[6 3],5,25,53,20,24
1,<environment.Job instance at 0x7fb32a501b90>,2,24,[14  3],3,53,77,50,48
1,<environment.Job instance at 0x7fb32a7e21e0>,7,28,[11  1],8,77,105,69,76
1,<environment.Job instance at 0x7fb32a7e2730>,6,24,[ 5 14],7,105,129,98,100
1,<environment.Job instance at 0x7fb368798f00>,9,21,[6 4],10,129,150,119,121
1,<environment.Job instance at 0x7fb32a501e10>,1,22,[ 5 14],2,150,172,148,143
1,<environment.Job instance at 0x7fb32a7e2370>,13,24,[ 5 11],14,172,196,158,167
1,<environment.Job instance at 0x7fb32a766910>,14,19,[10  4],15,172,191,157,167
1,<environment.Job instance at 0x7fb368b76780>,0,23,[11  3],1,1,24,0,1
1,<environment.Job instance at 0x7fb367fccb90>,5,24,[8 2],6,24,48,18,19
1,<environment.Job instance at 0x7fb368b76280>,3,22,[10  2],4,48,70,44,41
1,<environment.Job instance at 0x7fb368b76aa0>,2,20,[14  4],3,70,90,67,61
1,<environment.Job instance at 0x7fb367fcc2d0>,8,22,[9 3],9,90,112,81,83
1,<environment.Job instance at 0x7fb367fcc910>,10,26,[4 7],11,90,116,79,87
1,<environment.Job instance at 0x7fb367fccf50>,11,25,[10  5],12,112,137,100,108
1,<environment.Job instance at 0x7fb367fcc5a0>,12,25,[11  1],13,137,162,124,133
1,<environment.Job instance at 0x7fb367fcc690>,13,26,[4 8],14,133,159,119,133
1,<environment.Job instance at 0x7fb367fcc1e0>,15,19,[11  2],16,162,181,146,153
1,<environment.Job instance at 0x7fb367fcca50>,17,24,[ 1 11],18,159,183,141,154
1,<environment.Job instance at 0x7fb368187870>,1,27,[12  2],2,2,29,0,2
1,<environment.Job instance at 0x7fb3682c02d0>,2,26,[13  4],3,29,55,26,26
1,<environment.Job instance at 0x7fb32a70dd70>,5,24,[ 4 10],6,55,79,49,50
1,<environment.Job instance at 0x7fb3689b0320>,9,20,[11  1],10,66,86,56,66
1,<environment.Job instance at 0x7fb32a55ee10>,13,24,[6 1],14,86,110,72,81
1,<environment.Job instance at 0x7fb36929f190>,15,21,[12  1],16,110,131,94,102
1,<environment.Job instance at 0x7fb32a55e050>,17,26,[7 4],18,131,157,113,128
1,<environment.Job instance at 0x7fb32aa3a960>,19,27,[11  5],20,157,184,137,155
1,<environment.Job instance at 0x7fb32aa3a0a0>,21,25,[9 2],22,184,209,162,180
1,<environment.Job instance at 0x7fb32a8f16e0>,23,21,[8 2],24,209,230,185,201
1,<environment.Job instance at 0x7fb32aa3ab40>,24,21,[14  5],25,230,251,205,222
1,<environment.Job instance at 0x7fb32a99dbe0>,26,27,[3 8],27,251,278,224,249
1,<environment.Job instance at 0x7fb32a5c9c30>,27,20,[ 3 13],28,278,298,250,269
1,<environment.Job instance at 0x7fb368108910>,1,21,[13  4],2,3,24,1,3
1,<environment.Job instance at 0x7fb367fe5960>,2,23,[2 8],3,3,26,0,3
1,<environment.Job instance at 0x7fb367fe5730>,0,20,[12  3],1,24,44,23,17
1,<environment.Job instance at 0x7fb32a49a190>,7,21,[5 9],8,44,65,36,36
1,<environment.Job instance at 0x7fb32a49a2d0>,8,25,[6 1],9,44,69,35,40
1,<environment.Job instance at 0x7fb32aa3a050>,4,20,[2 8],5,65,85,60,56
1,<environment.Job instance at 0x7fb368a81d70>,1,23,[8 4],2,2,25,0,2
1,<environment.Job instance at 0x7fb368a81b90>,2,23,[9 3],3,25,48,22,19
1,<environment.Job instance at 0x7fb32a49a280>,3,24,[ 4 11],4,19,43,15,19
1,<environment.Job instance at 0x7fb3687277d0>,10,27,[ 4 10],11,43,70,32,41
1,<environment.Job instance at 0x7fb368727640>,11,28,[ 4 14],12,70,98,58,69
1,<environment.Job instance at 0x7fb367ece0a0>,13,27,[11  1],14,69,96,55,69
1,<environment.Job instance at 0x7fb367ece9b0>,16,28,[4 9],17,98,126,81,97
1,<environment.Job instance at 0x7fb367ecee10>,17,28,[7 5],18,98,126,80,97
1,<environment.Job instance at 0x7fb36873a5f0>,1,22,[4 9],2,2,24,0,2
1,<environment.Job instance at 0x7fb367ecee10>,3,21,[4 9],4,24,45,20,16
1,<environment.Job instance at 0x7fb367ececd0>,2,19,[ 5 13],3,45,64,42,35
1,<environment.Job instance at 0x7fb32a87ff00>,10,28,[9 5],11,64,92,53,63
1,<environment.Job instance at 0x7fb367f933c0>,0,26,[14  4],1,1,27,0,1
1,<environment.Job instance at 0x7fb36848a8c0>,4,24,[9 2],5,27,51,22,22
1,<environment.Job instance at 0x7fb36848aa00>,7,27,[ 2 13],8,27,54,19,25
1,<environment.Job instance at 0x7fb36848a960>,8,27,[5 1],9,51,78,42,49
1,<environment.Job instance at 0x7fb368472230>,1,24,[14  4],2,2,26,0,2
1,<environment.Job instance at 0x7fb32a923460>,2,26,[12  3],3,26,52,23,23
1,<environment.Job instance at 0x7fb32a923b90>,4,23,[8 4],5,52,75,47,46
1,<environment.Job instance at 0x7fb32a923500>,6,25,[13  1],7,75,100,68,71
1,<environment.Job instance at 0x7fb32a9232d0>,9,22,[14  4],10,100,122,90,93
1,<environment.Job instance at 0x7fb367ff96e0>,11,28,[ 2 10],12,122,150,110,121
1,<environment.Job instance at 0x7fb367ff9780>,12,22,[7 5],13,122,144,109,121
1,<environment.Job instance at 0x7fb368057730>,4,26,[1 6],5,5,31,0,5
1,<environment.Job instance at 0x7fb368057c80>,5,23,[5 5],6,6,29,0,6
1,<environment.Job instance at 0x7fb3680575f0>,6,27,[12  2],7,29,56,22,27
1,<environment.Job instance at 0x7fb3685adbe0>,3,20,[12  4],4,56,76,52,49
1,<environment.Job instance at 0x7fb367eefd20>,12,25,[14  3],13,76,101,63,72
1,<environment.Job instance at 0x7fb367eef730>,13,23,[14  5],14,101,124,87,95
1,<environment.Job instance at 0x7fb367eefd70>,14,27,[12  3],15,124,151,109,122
1,<environment.Job instance at 0x7fb367eefe10>,15,22,[11  3],16,151,173,135,144
1,<environment.Job instance at 0x7fb367eef280>,16,28,[ 1 13],17,173,201,156,172
1,<environment.Job instance at 0x7fb367eef7d0>,17,25,[12  4],18,201,226,183,197
1,<environment.Job instance at 0x7fb3685b1f00>,0,28,[ 4 11],1,1,29,0,1
1,<environment.Job instance at 0x7fb367eef550>,1,27,[5 5],2,29,56,27,27
1,<environment.Job instance at 0x7fb368c95730>,6,28,[12  4],7,56,84,49,55
1,<environment.Job instance at 0x7fb368c952d0>,5,27,[ 2 11],6,56,83,50,55
1,<environment.Job instance at 0x7fb367eef7d0>,2,24,[5 2],3,84,108,81,82
1,<environment.Job instance at 0x7fb368c959b0>,10,23,[12  5],11,108,131,97,102
1,<environment.Job instance at 0x7fb368c95be0>,11,23,[3 9],12,102,125,90,102
1,<environment.Job instance at 0x7fb3685b1460>,4,27,[5 1],5,131,158,126,129
1,<environment.Job instance at 0x7fb32a8176e0>,15,26,[7 5],16,131,157,115,129
1,<environment.Job instance at 0x7fb368a60eb0>,14,21,[6 4],15,157,178,142,149
1,<environment.Job instance at 0x7fb368c800a0>,5,28,[3 8],6,6,34,0,6
1,<environment.Job instance at 0x7fb368318910>,1,18,[13  1],2,480,498,478,480
1,<environment.Job instance at 0x7fb3681ad6e0>,0,25,[ 4 14],1,1,26,0,1
1,<environment.Job instance at 0x7fb3681adcd0>,4,26,[10  2],5,26,52,21,23
1,<environment.Job instance at 0x7fb3681ad640>,3,25,[14  5],4,52,77,48,48
1,<environment.Job instance at 0x7fb3681adf00>,7,26,[12  5],8,77,103,69,74
1,<environment.Job instance at 0x7fb3681ad7d0>,8,28,[8 3],9,103,131,94,102
1,<environment.Job instance at 0x7fb3681ada00>,6,21,[8 1],7,131,152,124,123
1,<environment.Job instance at 0x7fb3683ec910>,2,20,[14  3],3,152,172,149,143
1,<environment.Job instance at 0x7fb3681ade60>,11,24,[ 3 12],12,172,196,160,167
1,<environment.Job instance at 0x7fb32a5f6a00>,12,23,[4 7],13,196,219,183,190
1,<environment.Job instance at 0x7fb32a5f6820>,13,19,[ 4 10],14,219,238,205,209
1,<environment.Job instance at 0x7fb32a5f6500>,15,26,[12  4],16,238,264,222,235
1,<environment.Job instance at 0x7fb32a5f6be0>,17,21,[4 6],18,264,285,246,256
1,<environment.Job instance at 0x7fb32a5f6460>,21,21,[ 5 14],22,285,306,263,277
1,<environment.Job instance at 0x7fb3693ef050>,22,21,[ 4 11],23,306,327,283,298
1,<environment.Job instance at 0x7fb32a5f6d20>,23,25,[2 7],24,327,352,303,323
1,<environment.Job instance at 0x7fb32a5f61e0>,24,23,[14  4],25,352,375,327,346
1,<environment.Job instance at 0x7fb32a6d5320>,0,24,[5 7],1,1,25,0,1
1,<environment.Job instance at 0x7fb36833d410>,3,27,[ 2 10],4,25,52,21,23
1,<environment.Job instance at 0x7fb367f38690>,8,28,[ 2 14],9,52,80,43,51
1,<environment.Job instance at 0x7fb32a916f50>,9,28,[11  1],10,51,79,41,51
1,<environment.Job instance at 0x7fb32a916050>,11,28,[8 2],12,80,108,68,79
1,<environment.Job instance at 0x7fb32a916e10>,13,21,[9 1],14,108,129,94,100
1,<environment.Job instance at 0x7fb32a916a50>,12,21,[ 1 11],13,100,121,87,100
1,<environment.Job instance at 0x7fb32a937320>,16,21,[14  4],17,129,150,112,121
1,<environment.Job instance at 0x7fb32a937460>,17,20,[11  1],18,150,170,132,142
1,<environment.Job instance at 0x7fb32a937aa0>,18,22,[ 5 12],19,170,192,151,163
1,<environment.Job instance at 0x7fb32a937050>,14,21,[14  2],15,192,213,177,184
1,<environment.Job instance at 0x7fb32a937d20>,20,27,[ 2 13],21,213,240,192,211
1,<environment.Job instance at 0x7fb367f380f0>,6,20,[ 1 13],7,240,260,233,233
1,<environment.Job instance at 0x7fb32a937870>,22,27,[ 4 13],23,260,287,237,258
1,<environment.Job instance at 0x7fb368c77af0>,1,24,[5 1],2,2,26,0,2
1,<environment.Job instance at 0x7fb32a5f9af0>,4,23,[1 8],5,5,28,0,5
1,<environment.Job instance at 0x7fb368751eb0>,5,28,[ 2 10],6,28,56,22,27
1,<environment.Job instance at 0x7fb368751cd0>,8,21,[ 3 14],9,56,77,47,48
1,<environment.Job instance at 0x7fb32a4c3140>,12,21,[13  5],13,77,98,64,69
1,<environment.Job instance at 0x7fb368a23960>,14,25,[9 4],15,98,123,83,94
1,<environment.Job instance at 0x7fb368dfb820>,15,20,[7 5],16,123,143,107,114
1,<environment.Job instance at 0x7fb368a23140>,9,21,[ 2 12],10,143,164,133,135
1,<environment.Job instance at 0x7fb32a6b80a0>,18,28,[ 1 13],19,164,192,145,163
1,<environment.Job instance at 0x7fb368232910>,22,20,[ 4 14],23,192,212,169,184
1,<environment.Job instance at 0x7fb32a6b8b40>,19,19,[ 5 14],20,212,231,192,209
1,<environment.Job instance at 0x7fb32a6da140>,7,28,[ 4 12],8,8,36,0,8
1,<environment.Job instance at 0x7fb367e808c0>,10,26,[6 4],11,36,62,25,33
1,<environment.Job instance at 0x7fb367e80550>,13,21,[9 1],14,33,54,19,33
1,<environment.Job instance at 0x7fb32a101910>,0,24,[ 1 12],1,1,25,0,1
1,<environment.Job instance at 0x7fb367f37410>,4,25,[10  5],5,25,50,20,21
1,<environment.Job instance at 0x7fb32a948870>,1,28,[3 6],2,25,53,23,25
1,<environment.Job instance at 0x7fb36812f0a0>,8,28,[4 6],9,50,78,41,49
1,<environment.Job instance at 0x7fb36812f9b0>,9,26,[ 2 14],10,78,104,68,75
1,<environment.Job instance at 0x7fb32a1015a0>,3,28,[ 2 13],4,104,132,100,103
1,<environment.Job instance at 0x7fb32a50d780>,13,19,[12  2],14,130,149,116,130
1,<environment.Job instance at 0x7fb32a50dc30>,14,24,[2 5],15,132,156,117,130
1,<environment.Job instance at 0x7fb32a50d550>,17,27,[ 1 13],18,156,183,138,154
1,<environment.Job instance at 0x7fb32a50d0f0>,18,26,[8 2],19,154,180,135,154
1,<environment.Job instance at 0x7fb32a0dbc30>,19,26,[5 7],20,183,209,163,180
1,<environment.Job instance at 0x7fb3686a90a0>,21,26,[11  1],22,209,235,187,206
1,<environment.Job instance at 0x7ff7c3ddf190>,0,24,[2 8],1,1,25,0,1
1,<environment.Job instance at 0x7ff7c3e67e10>,2,26,[10  1],3,3,29,0,3
1,<environment.Job instance at 0x7ff7c3ddf140>,4,24,[ 3 11],5,25,49,20,20
1,<environment.Job instance at 0x7ff7c2c804b0>,8,24,[ 2 12],9,49,73,40,44
1,<environment.Job instance at 0x7ff7c2c80730>,12,22,[4 6],13,73,95,60,66
1,<environment.Job instance at 0x7ff7c2c807d0>,13,27,[3 8],14,73,100,59,71
1,<environment.Job instance at 0x7ff7c2c80910>,15,24,[ 2 13],16,100,124,84,95
1,<environment.Job instance at 0x7ff7c2c809b0>,16,19,[ 3 12],17,124,143,107,114
1,<environment.Job instance at 0x7ff7c2c80460>,6,19,[ 1 13],7,386,405,379,386
1,<environment.Job instance at 0x7ff7c2c80b90>,19,21,[14  4],20,405,426,385,397
1,<environment.Job instance at 0x7ff7c2c80cd0>,21,22,[14  2],22,426,448,404,419
1,<environment.Job instance at 0x7ff7c2c80f00>,22,25,[ 4 12],23,448,473,425,444
1,<environment.Job instance at 0x7ff7c2c80e10>,24,20,[ 3 12],25,473,493,448,464
1,<environment.Job instance at 0x7ff7c3e06af0>,0,22,[5 6],1,1,23,0,1
1,<environment.Job instance at 0x7ff7c3f44b90>,3,27,[8 2],4,4,31,0,4
1,<environment.Job instance at 0x7ff7c3f45d70>,10,19,[8 4],11,31,50,20,21
1,<environment.Job instance at 0x7ff7c3f45d20>,12,24,[10  3],13,50,74,37,45
1,<environment.Job instance at 0x7ff7c3f44a50>,5,19,[8 3],6,74,93,68,64
1,<environment.Job instance at 0x7ff7c3f45050>,14,21,[ 1 12],15,64,85,49,64
1,<environment.Job instance at 0x7ff7c3e09eb0>,7,19,[14  1],8,93,112,85,83
1,<environment.Job instance at 0x7ff7c3f499b0>,18,25,[11  5],19,112,137,93,108
1,<environment.Job instance at 0x7ff7c3f49500>,20,22,[5 5],21,137,159,116,130
1,<environment.Job instance at 0x7ff778cc8e60>,0,21,[ 3 12],1,1,22,0,1
1,<environment.Job instance at 0x7ff778cc8910>,5,24,[4 7],6,22,46,16,17
1,<environment.Job instance at 0x7ff778cc8550>,4,26,[ 3 12],5,46,72,41,43
1,<environment.Job instance at 0x7ff778cc1b90>,8,28,[7 2],9,52,80,43,52
1,<environment.Job instance at 0x7ff778cc15f0>,9,28,[7 1],10,72,100,62,71
1,<environment.Job instance at 0x7ff778cc1910>,12,24,[12  2],13,100,124,87,95
1,<environment.Job instance at 0x7ff778cc17d0>,13,26,[ 3 11],14,95,121,81,95
1,<environment.Job instance at 0x7ff778cc1d70>,14,25,[ 5 11],15,124,149,109,120
1,<environment.Job instance at 0x7ff778cb9c80>,18,25,[4 6],19,149,174,130,145
1,<environment.Job instance at 0x7ff778cb9be0>,19,26,[4 9],20,149,175,129,146
1,<environment.Job instance at 0x7ff778d7c230>,1,27,[14  2],2,2,29,0,2
1,<environment.Job instance at 0x7ff7791ce2d0>,2,25,[13  2],3,29,54,26,25
1,<environment.Job instance at 0x7ff778d7ccd0>,3,21,[ 4 12],4,54,75,50,46
1,<environment.Job instance at 0x7ff778cb9d20>,12,20,[5 7],13,75,95,62,66
1,<environment.Job instance at 0x7ff778cb9fa0>,14,28,[4 8],15,76,104,61,76
1,<environment.Job instance at 0x7ff778cb9e10>,15,23,[14  3],16,104,127,88,98
1,<environment.Job instance at 0x7ff778cb9230>,16,23,[3 8],17,127,150,110,121
1,<environment.Job instance at 0x7ff7c3f44b90>,18,28,[11  1],19,127,155,108,126
1,<environment.Job instance at 0x7ff778cb92d0>,7,12,[11  1],8,1972,1984,1964,1972
1,<environment.Job instance at 0x7ff7c2c5ca50>,21,27,[7 2],22,1984,2011,1962,1982
1,<environment.Job instance at 0x7ff778cb9370>,5,18,[ 5 11],6,2567,2585,2561,2567
1,<environment.Job instance at 0x7ff7c3045b40>,0,22,[12  1],1,1,23,0,1
1,<environment.Job instance at 0x7ff778d66aa0>,4,28,[10  1],5,23,51,18,22
1,<environment.Job instance at 0x7ff7790d10f0>,6,28,[14  3],7,51,79,44,50
1,<environment.Job instance at 0x7ff778d66b40>,3,28,[5 7],4,79,107,75,78
1,<environment.Job instance at 0x7ff7790d1230>,8,25,[11  1],9,107,132,98,103
1,<environment.Job instance at 0x7ff7790d1190>,7,24,[ 4 11],8,107,131,99,103
1,<environment.Job instance at 0x7ff7790d1410>,11,22,[ 1 10],12,131,153,119,124
1,<environment.Job instance at 0x7ff7790d1550>,13,24,[2 7],14,153,177,139,148
1,<environment.Job instance at 0x7ff7790d15f0>,14,25,[11  5],15,148,173,133,148
1,<environment.Job instance at 0x7ff7790d17d0>,17,26,[7 1],18,173,199,155,170
1,<environment.Job instance at 0x7ff7c2eceeb0>,1,27,[ 4 12],2,2,29,0,2
1,<environment.Job instance at 0x7ff7790d18c0>,2,23,[5 7],3,29,52,26,23
1,<environment.Job instance at 0x7ff77906e6e0>,4,25,[13  3],5,52,77,47,48
1,<environment.Job instance at 0x7ff77906e8c0>,7,20,[12  3],8,77,97,69,68
1,<environment.Job instance at 0x7ff77906ed20>,11,27,[12  2],12,97,124,85,95
1,<environment.Job instance at 0x7ff77906ee60>,12,26,[13  4],13,124,150,111,121
1,<environment.Job instance at 0x7ff77906e870>,15,24,[ 4 10],16,150,174,134,145
1,<environment.Job instance at 0x7ff7c3966640>,19,20,[11  1],20,155,175,135,155
1,<environment.Job instance at 0x7ff7c3d15eb0>,2,23,[2 8],3,3,26,0,3
1,<environment.Job instance at 0x7ff7c353a320>,0,20,[12  3],1,3,23,2,3
1,<environment.Job instance at 0x7ff7c353a550>,1,21,[13  4],2,23,44,21,17
1,<environment.Job instance at 0x7ff7c30d4780>,7,21,[5 9],8,44,65,36,36
1,<environment.Job instance at 0x7ff7c30d44b0>,8,25,[6 1],9,44,69,35,40
1,<environment.Job instance at 0x7ff7c2e90410>,0,27,[ 4 10],1,1,28,0,1
1,<environment.Job instance at 0x7ff7c2c56190>,3,27,[11  1],4,4,31,0,4
1,<environment.Job instance at 0x7ff7c2b7f6e0>,6,28,[4 9],7,28,56,21,27
1,<environment.Job instance at 0x7ff7c2b7f690>,7,28,[7 5],8,31,59,23,30
1,<environment.Job instance at 0x7ff7c2e908c0>,1,28,[ 4 14],2,59,87,57,58
1,<environment.Job instance at 0x7ff7c2b7f820>,10,21,[9 1],11,59,80,48,58
1,<environment.Job instance at 0x7ff7c2b7faa0>,14,24,[14  2],15,87,111,72,82
1,<environment.Job instance at 0x7ff7c2b7fc80>,17,21,[3 9],18,111,132,93,103
1,<environment.Job instance at 0x7ff7c2b7ff00>,20,28,[7 2],21,111,139,90,110
1,<environment.Job instance at 0x7ff7c2b7ffa0>,21,20,[14  4],22,139,159,117,130
1,<environment.Job instance at 0x7ff7c2b9e0f0>,22,21,[13  5],23,159,180,136,151
1,<environment.Job instance at 0x7ff7c2b7f960>,12,19,[ 2 14],13,180,199,167,170
1,<environment.Job instance at 0x7ff7c2c6a820>,0,20,[6 5],1,1,21,0,1
1,<environment.Job instance at 0x7ff7c3904d70>,5,25,[4 9],6,6,31,0,6
1,<environment.Job instance at 0x7ff7c3904690>,4,21,[ 1 12],5,31,52,26,23
1,<environment.Job instance at 0x7ff7791654b0>,9,28,[ 3 10],10,52,80,42,51
1,<environment.Job instance at 0x7ff779165870>,10,21,[5 1],11,51,72,40,51
1,<environment.Job instance at 0x7ff779165aa0>,11,28,[11  4],12,72,100,60,71
1,<environment.Job instance at 0x7ff7791650a0>,13,19,[11  2],14,100,119,86,90
1,<environment.Job instance at 0x7ff7792575f0>,0,28,[3 6],1,1,29,0,1
1,<environment.Job instance at 0x7ff7c2afc8c0>,3,21,[10  4],4,4,25,0,4
1,<environment.Job instance at 0x7ff778c29af0>,7,22,[ 3 10],8,29,51,21,23
1,<environment.Job instance at 0x7ff7c3500190>,11,24,[ 4 10],12,51,75,39,46
1,<environment.Job instance at 0x7ff7c2ccd320>,12,24,[ 2 14],13,75,99,62,70
1,<environment.Job instance at 0x7ff7c3500320>,15,28,[ 2 11],16,99,127,83,98
1,<environment.Job instance at 0x7ff77926c320>,16,28,[13  3],17,99,127,82,98
1,<environment.Job instance at 0x7ff7c3267050>,18,23,[13  5],19,127,150,108,121
1,<environment.Job instance at 0x7ff7c3330820>,17,21,[1 9],18,127,148,109,121
1,<environment.Job instance at 0x7ff7791d11e0>,22,20,[4 5],23,150,170,127,141
1,<environment.Job instance at 0x7ff7c39290a0>,23,23,[6 5],24,150,173,126,144
1,<environment.Job instance at 0x7ff7c3330960>,19,19,[ 3 13],20,298,317,278,298
1,<environment.Job instance at 0x7ff7c33ba1e0>,25,20,[ 1 11],26,317,337,291,308
1,<environment.Job instance at 0x7ff7c363bfa0>,26,27,[4 6],27,337,364,310,335
1,<environment.Job instance at 0x7ff7c2fcaaf0>,27,26,[8 5],28,337,363,309,335
1,<environment.Job instance at 0x7ff7791dccd0>,0,23,[8 4],1,1,24,0,1
1,<environment.Job instance at 0x7ff7c2fcaaf0>,2,27,[9 3],3,24,51,21,22
1,<environment.Job instance at 0x7ff779378f50>,5,28,[ 2 13],6,51,79,45,50
1,<environment.Job instance at 0x7ff779378fa0>,6,26,[ 3 14],7,79,105,72,76
1,<environment.Job instance at 0x7ff7793632d0>,10,25,[13  4],11,105,130,94,101
1,<environment.Job instance at 0x7ff7c2a26690>,1,23,[14  1],2,2,25,0,2
1,<environment.Job instance at 0x7ff7c2a265a0>,5,24,[9 5],6,25,49,19,20
1,<environment.Job instance at 0x7ff7c3187320>,7,24,[14  3],8,49,73,41,44
1,<environment.Job instance at 0x7ff7c2a265f0>,4,19,[ 4 11],5,73,92,68,63
1,<environment.Job instance at 0x7ff7c3187870>,9,23,[14  3],10,92,115,82,86
1,<environment.Job instance at 0x7ff7c3187370>,10,28,[ 4 11],11,115,143,104,114
1,<environment.Job instance at 0x7ff7c3187640>,11,27,[5 5],12,143,170,131,141
1,<environment.Job instance at 0x7ff7c3187b40>,12,24,[5 2],13,141,165,128,141
1,<environment.Job instance at 0x7ff7c3187960>,8,19,[ 1 14],9,170,189,161,166
1,<environment.Job instance at 0x7ff7c3187460>,14,27,[5 1],15,166,193,151,166
1,<environment.Job instance at 0x7ff7c2edfb40>,15,27,[ 2 11],16,189,216,173,187
1,<environment.Job instance at 0x7ff7c2edf690>,16,28,[12  4],17,193,221,176,192
1,<environment.Job instance at 0x7ff7c2b7f960>,5,28,[3 8],6,6,34,0,6
1,<environment.Job instance at 0x7ff7c31ef280>,1,24,[ 3 12],2,2,26,0,2
1,<environment.Job instance at 0x7ff7c2fc5be0>,5,26,[12  4],6,26,52,20,23
1,<environment.Job instance at 0x7ff7c2fc5e10>,7,21,[4 6],8,52,73,44,44
1,<environment.Job instance at 0x7ff778a50780>,3,19,[ 4 10],4,73,92,69,63
1,<environment.Job instance at 0x7ff7c2fc5960>,11,21,[ 5 14],12,92,113,80,84
1,<environment.Job instance at 0x7ff7c2fd7f50>,13,25,[2 7],14,113,138,99,109
1,<environment.Job instance at 0x7ff7c2fd7c30>,14,23,[14  4],15,138,161,123,132
1,<environment.Job instance at 0x7ff7c2fd7a50>,12,21,[ 4 11],13,161,182,148,153
1,<environment.Job instance at 0x7ff7c2fd7e10>,16,20,[5 7],17,182,202,165,173
1,<environment.Job instance at 0x7ff7c2fd7730>,20,24,[12  2],21,202,226,181,197
1,<environment.Job instance at 0x7ff7c2fd71e0>,22,25,[8 3],23,226,251,203,222
1,<environment.Job instance at 0x7ff7c2c21e60>,0,27,[ 2 13],1,1,28,0,1
1,<environment.Job instance at 0x7ff7c2f0a6e0>,7,26,[ 4 10],8,28,54,20,25
1,<environment.Job instance at 0x7ff7c2fd71e0>,2,27,[ 4 13],3,54,81,51,52
1,<environment.Job instance at 0x7ff7c30b65f0>,11,25,[5 5],12,81,106,69,77
1,<environment.Job instance at 0x7ff7c3e07230>,12,26,[2 9],13,81,107,68,78
1,<environment.Job instance at 0x7ff7c30b65a0>,13,22,[5 3],14,106,128,92,99
1,<environment.Job instance at 0x7ff778b4e910>,15,27,[10  3],16,107,134,91,105
1,<environment.Job instance at 0x7ff7c30b6550>,16,27,[ 1 11],17,128,155,111,126
1,<environment.Job instance at 0x7ff7c329eb40>,8,19,[ 3 13],9,155,174,146,153
1,<environment.Job instance at 0x7ff7c2e10a50>,18,22,[ 2 11],19,174,196,155,167
1,<environment.Job instance at 0x7ff7c2d1a550>,19,23,[14  4],20,196,219,176,190
1,<environment.Job instance at 0x7ff778c47370>,20,22,[13  2],21,219,241,198,212
1,<environment.Job instance at 0x7ff778996320>,3,25,[5 8],4,4,29,0,4
1,<environment.Job instance at 0x7ff778e18320>,1,22,[ 4 12],2,2,24,0,2
1,<environment.Job instance at 0x7ff778996780>,2,24,[12  4],3,24,48,21,19
1,<environment.Job instance at 0x7ff7793786e0>,7,23,[2 6],8,24,47,16,19
1,<environment.Job instance at 0x7ff779378d70>,10,22,[6 5],11,48,70,37,41
1,<environment.Job instance at 0x7ff779378e60>,11,24,[9 2],12,48,72,36,43
1,<environment.Job instance at 0x7ff7c39a1230>,4,28,[13  5],5,5,33,0,5
1,<environment.Job instance at 0x7ff7c39a1c80>,5,27,[6 1],6,33,60,27,31
1,<environment.Job instance at 0x7ff7c39a10a0>,9,19,[ 5 12],10,33,52,23,31
1,<environment.Job instance at 0x7ff7c39a1820>,11,24,[14  3],12,60,84,48,55
1,<environment.Job instance at 0x7ff778eaec80>,13,24,[12  2],14,84,108,70,79
1,<environment.Job instance at 0x7ff778ff8690>,14,28,[3 6],15,84,112,69,83
1,<environment.Job instance at 0x7ff7c30245f0>,15,21,[ 2 14],16,112,133,96,104
1,<environment.Job instance at 0x7ff778d4c4b0>,12,23,[ 1 14],13,133,156,120,127
1,<environment.Job instance at 0x7ff7c3024a00>,17,20,[4 5],18,156,176,138,147
1,<environment.Job instance at 0x7ff778cf95f0>,19,25,[ 3 10],20,156,181,136,152
1,<environment.Job instance at 0x7ff778fec8c0>,0,28,[ 5 11],1,1,29,0,1
1,<environment.Job instance at 0x7ff7789a2960>,6,24,[7 1],7,8,32,1,8
1,<environment.Job instance at 0x7ff7789a2870>,4,22,[11  2],5,32,54,27,27
1,<environment.Job instance at 0x7ff7789a2320>,12,25,[14  3],13,54,79,41,50
1,<environment.Job instance at 0x7ff7789a2f50>,13,25,[12  4],14,79,104,65,75
1,<environment.Job instance at 0x7ff7789a2fa0>,11,28,[12  1],12,104,132,92,103
1,<environment.Job instance at 0x7ff7789a2730>,8,21,[ 1 12],9,104,125,95,103
1,<environment.Job instance at 0x7ff7789a2370>,15,21,[11  5],16,132,153,116,124
1,<environment.Job instance at 0x7ff7789a2cd0>,17,25,[8 5],18,153,178,135,149
1,<environment.Job instance at 0x7ff7789a2aa0>,14,19,[14  1],15,178,197,163,173
1,<environment.Job instance at 0x7ff7789c1780>,1,28,[ 5 11],2,2,30,0,2
1,<environment.Job instance at 0x7ff7789c1280>,4,28,[7 4],5,5,33,0,5
1,<environment.Job instance at 0x7ff7789c17d0>,6,24,[11  2],7,33,57,26,28
1,<environment.Job instance at 0x7ff7789c1550>,7,20,[8 1],8,57,77,49,48
1,<environment.Job instance at 0x7ff7789a27d0>,2,20,[5 3],3,57,77,54,48
1,<environment.Job instance at 0x7ff7789c1050>,5,19,[14  5],6,77,96,71,67
1,<environment.Job instance at 0x7ff7789c1820>,10,24,[8 2],11,96,120,85,91
1,<environment.Job instance at 0x7ff7791785f0>,13,26,[13  5],14,120,146,106,117
1,<environment.Job instance at 0x7f12f3cf5280>,0,24,[2 8],1,1,25,0,1
1,<environment.Job instance at 0x7f12f3cf4fa0>,2,26,[10  1],3,3,29,0,3
1,<environment.Job instance at 0x7f12ec8e62d0>,4,24,[ 3 11],5,25,49,20,20
1,<environment.Job instance at 0x7f12ec8e6690>,8,24,[ 2 12],9,49,73,40,44
1,<environment.Job instance at 0x7f12ec8e67d0>,12,22,[4 6],13,73,95,60,66
1,<environment.Job instance at 0x7f12ec8e6870>,13,27,[3 8],14,73,100,59,71
1,<environment.Job instance at 0x7f12ec8e69b0>,15,24,[ 2 13],16,100,124,84,95
1,<environment.Job instance at 0x7f12ec8e6a50>,16,19,[ 3 12],17,124,143,107,114
1,<environment.Job instance at 0x7f12ec8e6550>,6,19,[ 1 13],7,143,162,136,143
1,<environment.Job instance at 0x7f12ec8e6c30>,19,21,[14  4],20,162,183,142,154
1,<environment.Job instance at 0x7f12ec8e6fa0>,21,22,[14  2],22,183,205,161,176
1,<environment.Job instance at 0x7f12ec8e6e10>,22,25,[ 4 12],23,205,230,182,201
1,<environment.Job instance at 0x7f12ec8e82d0>,24,20,[ 3 12],25,230,250,205,224
1,<environment.Job instance at 0x7f12ec8f0960>,0,19,[8 4],1,1,20,0,1
1,<environment.Job instance at 0x7f12ec8e82d0>,2,24,[10  3],3,20,44,17,15
1,<environment.Job instance at 0x7f12f3d1ce10>,4,21,[ 1 12],5,20,41,15,16
1,<environment.Job instance at 0x7f12f3d1cd70>,8,25,[11  5],9,44,69,35,40
1,<environment.Job instance at 0x7f12f3d1ce60>,10,22,[5 5],11,69,91,58,62
1,<environment.Job instance at 0x7f12a8c30af0>,2,21,[12  4],3,3,24,0,3
1,<environment.Job instance at 0x7f12a8c16820>,5,22,[ 3 12],6,24,46,18,21
1,<environment.Job instance at 0x7f12a8c16a00>,6,23,[11  2],7,24,47,17,21
1,<environment.Job instance at 0x7f12a8c30dc0>,4,28,[ 3 13],5,46,74,41,45
1,<environment.Job instance at 0x7f12a8c16140>,12,22,[6 4],13,74,96,61,67
1,<environment.Job instance at 0x7f12a8c168c0>,14,21,[9 1],15,67,88,52,67
1,<environment.Job instance at 0x7f12a9214af0>,0,24,[11  3],1,1,25,0,1
1,<environment.Job instance at 0x7f12a9214f50>,4,28,[6 3],5,25,53,20,24
1,<environment.Job instance at 0x7f12a92140f0>,2,24,[14  3],3,53,77,50,48
1,<environment.Job instance at 0x7f12a90a97d0>,7,28,[11  1],8,77,105,69,76
1,<environment.Job instance at 0x7f12a90a92d0>,6,24,[ 5 14],7,105,129,98,100
1,<environment.Job instance at 0x7f12a90a9dc0>,9,21,[6 4],10,129,150,119,121
1,<environment.Job instance at 0x7f12a92146e0>,1,22,[ 5 14],2,150,172,148,143
1,<environment.Job instance at 0x7f12a90a91e0>,13,24,[ 5 11],14,172,196,158,167
1,<environment.Job instance at 0x7f12a8c96280>,1,19,[8 2],2,2,21,0,2
1,<environment.Job instance at 0x7f12a90a9780>,3,28,[14  4],4,21,49,17,20
1,<environment.Job instance at 0x7f12a8fdf780>,6,22,[9 4],7,49,71,42,42
1,<environment.Job instance at 0x7f12a90a9f50>,2,22,[ 3 14],3,71,93,68,67
1,<environment.Job instance at 0x7f12a8fdf8c0>,8,21,[ 2 14],9,93,114,84,90
1,<environment.Job instance at 0x7f12a8fdfaa0>,11,22,[4 8],12,114,136,102,107
1,<environment.Job instance at 0x7f12a8fdfa00>,10,28,[1 7],11,120,148,109,120
1,<environment.Job instance at 0x7f12a8fdf820>,5,25,[ 3 13],6,148,173,142,144
1,<environment.Job instance at 0x7f12a8fdfc80>,14,24,[12  1],15,144,168,129,144
1,<environment.Job instance at 0x7f12a8fdffa0>,18,28,[3 5],19,173,201,154,172
1,<environment.Job instance at 0x7f12a8fd8e60>,19,19,[1 8],20,194,213,174,194
1,<environment.Job instance at 0x7f12a8fd8870>,21,26,[5 3],22,201,227,179,198
1,<environment.Job instance at 0x7f12a8fdf730>,7,24,[ 2 13],8,227,251,219,222
1,<environment.Job instance at 0x7f12a8fdff00>,17,19,[ 5 13],18,251,270,233,244
1,<environment.Job instance at 0x7f12a8fd8050>,24,20,[7 3],25,270,290,245,261
1,<environment.Job instance at 0x7f12a8fd80f0>,25,27,[2 8],26,270,297,244,268
1,<environment.Job instance at 0x7f12f3573af0>,2,26,[12  3],3,3,29,0,3
1,<environment.Job instance at 0x7f12f3105be0>,6,28,[1 9],7,7,35,0,7
1,<environment.Job instance at 0x7f12f3105550>,7,26,[7 3],8,29,55,21,26
1,<environment.Job instance at 0x7f12f31055a0>,9,26,[3 5],10,35,61,25,32
1,<environment.Job instance at 0x7f12f3d1d370>,13,26,[13  3],14,61,87,47,58
1,<environment.Job instance at 0x7f12f3573230>,1,16,[ 1 11],2,536,552,534,536
1,<environment.Job instance at 0x7f12a8f965a0>,1,23,[8 4],2,2,25,0,2
1,<environment.Job instance at 0x7f12ecc3d8c0>,2,23,[9 3],3,25,48,22,19
1,<environment.Job instance at 0x7f12ecc3d0a0>,3,24,[ 4 11],4,19,43,15,19
1,<environment.Job instance at 0x7f12a91b6aa0>,10,27,[ 4 10],11,43,70,32,41
1,<environment.Job instance at 0x7f12f32236e0>,11,28,[ 4 14],12,70,98,58,69
1,<environment.Job instance at 0x7f12ec870f00>,13,27,[11  1],14,93,120,79,93
1,<environment.Job instance at 0x7f12f36be7d0>,16,28,[4 9],17,98,126,81,97
1,<environment.Job instance at 0x7f12ec9eba50>,17,28,[7 5],18,120,148,102,119
1,<environment.Job instance at 0x7f12ec884730>,0,20,[6 5],1,1,21,0,1
1,<environment.Job instance at 0x7f12a8eb1870>,5,25,[4 9],6,6,31,0,6
1,<environment.Job instance at 0x7f12ec884c30>,4,21,[ 1 12],5,31,52,26,23
1,<environment.Job instance at 0x7f12a8eb1a50>,9,28,[ 3 10],10,52,80,42,51
1,<environment.Job instance at 0x7f12a8eb1c30>,10,21,[5 1],11,51,72,40,51
1,<environment.Job instance at 0x7f12a8eb1960>,11,28,[11  4],12,72,100,60,71
1,<environment.Job instance at 0x7f12a8eb4190>,13,19,[11  2],14,100,119,86,96
1,<environment.Job instance at 0x7f12f333ea50>,1,24,[ 4 10],2,2,26,0,2
1,<environment.Job instance at 0x7f12f3862e60>,6,28,[13  3],7,26,54,19,25
1,<environment.Job instance at 0x7f12f3862550>,7,21,[1 9],8,26,47,18,25
1,<environment.Job instance at 0x7f12f3862cd0>,8,23,[13  5],9,54,77,45,48
1,<environment.Job instance at 0x7f12f333e550>,5,28,[ 2 11],6,77,105,71,76
1,<environment.Job instance at 0x7f12f3862960>,10,21,[5 4],11,77,98,66,76
1,<environment.Job instance at 0x7f12f3862b90>,13,23,[6 5],14,105,128,91,99
1,<environment.Job instance at 0x7f12a8eb40f0>,2,24,[ 2 14],3,128,152,125,123
1,<environment.Job instance at 0x7f12f38625a0>,15,20,[ 1 11],16,152,172,136,143
1,<environment.Job instance at 0x7f12ec79d3c0>,16,27,[4 6],17,172,199,155,170
1,<environment.Job instance at 0x7f12ec79d910>,17,26,[8 5],18,172,198,154,170
1,<environment.Job instance at 0x7f12f38628c0>,9,19,[ 3 13],10,205,224,195,205
1,<environment.Job instance at 0x7f12ec6e4050>,21,24,[14  4],22,224,248,202,219
1,<environment.Job instance at 0x7f12f3875a00>,22,26,[12  3],23,248,274,225,245
1,<environment.Job instance at 0x7f12ec755870>,4,26,[1 6],5,5,31,0,5
1,<environment.Job instance at 0x7f12ec755500>,5,23,[5 5],6,6,29,0,6
1,<environment.Job instance at 0x7f12ecc0bcd0>,6,27,[12  2],7,29,56,22,27
1,<environment.Job instance at 0x7f12ecc43690>,9,22,[1 7],10,29,51,19,27
1,<environment.Job instance at 0x7f12ec755dc0>,3,20,[12  4],4,56,76,52,47
1,<environment.Job instance at 0x7f12f36aae60>,12,25,[14  3],13,76,101,63,72
1,<environment.Job instance at 0x7f12f36aa230>,13,23,[14  5],14,101,124,87,95
1,<environment.Job instance at 0x7f12ec858140>,14,27,[12  3],15,124,151,109,122
1,<environment.Job instance at 0x7f12eca260a0>,15,22,[11  3],16,151,173,135,144
1,<environment.Job instance at 0x7f12eca26910>,16,28,[ 1 13],17,173,201,156,172
1,<environment.Job instance at 0x7f12a9182fa0>,17,25,[12  4],18,201,226,183,197
1,<environment.Job instance at 0x7f12f3182a50>,1,26,[10  4],2,2,28,0,2
1,<environment.Job instance at 0x7f12eccc24b0>,2,23,[5 5],3,3,26,0,3
1,<environment.Job instance at 0x7f12a8df99b0>,9,25,[3 9],10,26,51,16,22
1,<environment.Job instance at 0x7f12a8df97d0>,7,19,[ 5 13],8,81,100,73,81
1,<environment.Job instance at 0x7f12a8df9b40>,14,28,[3 9],15,100,128,85,99
1,<environment.Job instance at 0x7f12a8df9be0>,15,28,[ 3 10],16,128,156,112,127
1,<environment.Job instance at 0x7f12a8df9f00>,19,20,[12  4],20,136,156,116,136
1,<environment.Job instance at 0x7f12a8df9fa0>,20,28,[8 2],21,156,184,135,155
1,<environment.Job instance at 0x7f12ecde3500>,0,23,[ 3 11],1,1,24,0,1
1,<environment.Job instance at 0x7f12ecde3d70>,1,20,[7 4],2,2,22,0,2
1,<environment.Job instance at 0x7f12ecde35f0>,2,22,[ 2 10],3,24,46,21,17
1,<environment.Job instance at 0x7f12ecde3780>,4,25,[2 7],5,46,71,41,43
1,<environment.Job instance at 0x7f12a8e13190>,3,26,[ 4 14],4,71,97,67,68
1,<environment.Job instance at 0x7f12f3719500>,15,22,[ 5 12],16,97,119,81,90
1,<environment.Job instance at 0x7f12f37196e0>,19,26,[6 2],20,97,123,77,94
1,<environment.Job instance at 0x7f12f3719fa0>,20,25,[ 4 14],21,123,148,102,119
1,<environment.Job instance at 0x7f12f3719e10>,22,20,[14  3],23,148,168,125,139
1,<environment.Job instance at 0x7f12f3719050>,23,25,[14  5],24,168,193,144,164
1,<environment.Job instance at 0x7f12a90dc550>,24,26,[10  2],25,193,219,168,190
1,<environment.Job instance at 0x7f12f3719190>,17,18,[ 1 12],18,1562,1580,1544,1562
1,<environment.Job instance at 0x7f12a90dc4b0>,26,21,[8 1],27,1562,1583,1535,1562
1,<environment.Job instance at 0x7f12f3f407d0>,27,26,[12  5],28,1583,1609,1555,1580
1,<environment.Job instance at 0x7f12f3f40820>,28,28,[8 3],29,1609,1637,1580,1608
1,<environment.Job instance at 0x7f12a8b1b730>,0,24,[5 7],1,1,25,0,1
1,<environment.Job instance at 0x7f12a8b1b370>,3,27,[ 2 10],4,25,52,21,23
1,<environment.Job instance at 0x7f12ecd02b40>,8,28,[ 2 14],9,52,80,43,51
1,<environment.Job instance at 0x7f12ecd028c0>,9,28,[11  1],10,51,79,41,51
1,<environment.Job instance at 0x7f12ecd02050>,10,22,[8 3],11,80,102,69,73
1,<environment.Job instance at 0x7f12ecd026e0>,11,28,[8 2],12,102,130,90,101
1,<environment.Job instance at 0x7f12ecd02690>,12,21,[ 1 11],13,101,122,88,101
1,<environment.Job instance at 0x7f12ecd02960>,13,21,[9 1],14,130,151,116,122
1,<environment.Job instance at 0x7f12ecd022d0>,14,21,[14  2],15,151,172,136,143
1,<environment.Job instance at 0x7f12ecd02e10>,16,21,[14  4],17,172,193,155,164
1,<environment.Job instance at 0x7f12ecd02aa0>,17,20,[11  1],18,193,213,175,184
1,<environment.Job instance at 0x7f12ecd02b90>,18,22,[ 5 12],19,213,235,194,206
1,<environment.Job instance at 0x7f12ecd02640>,20,27,[ 2 13],21,235,262,214,233
1,<environment.Job instance at 0x7f12a8b1b870>,6,20,[ 1 13],7,262,282,255,254
1,<environment.Job instance at 0x7f12ecd02e60>,22,27,[ 4 13],23,282,309,259,280
1,<environment.Job instance at 0x7f12f3e6d690>,2,20,[ 4 14],3,5,25,2,5
1,<environment.Job instance at 0x7f12ec749690>,6,26,[ 2 11],7,25,51,18,22
1,<environment.Job instance at 0x7f12a89f9b40>,1,22,[ 4 12],2,2,24,0,2
1,<environment.Job instance at 0x7f12ec7140a0>,2,24,[12  4],3,24,48,21,19
1,<environment.Job instance at 0x7f12a8ed5870>,7,23,[2 6],8,24,47,16,19
1,<environment.Job instance at 0x7f12f3448f50>,11,24,[9 2],12,48,72,36,43
1,<environment.Job instance at 0x7f12f36ca7d0>,1,24,[14  3],2,2,26,0,2
1,<environment.Job instance at 0x7f12ecb892d0>,4,28,[3 6],5,26,54,21,25
1,<environment.Job instance at 0x7f12a8bb10f0>,3,24,[12  2],4,26,50,22,25
1,<environment.Job instance at 0x7f12a8bb10a0>,7,20,[4 5],8,50,70,42,41
1,<environment.Job instance at 0x7f12a8bb11e0>,9,25,[ 3 10],10,54,79,44,50
1,<environment.Job instance at 0x7f12a8bb1c80>,11,21,[ 2 12],12,79,100,67,72
1,<environment.Job instance at 0x7f12a8bb1690>,5,21,[ 2 14],6,100,121,94,95
1,<environment.Job instance at 0x7f12a8bb13c0>,13,28,[3 8],14,121,149,107,120
1,<environment.Job instance at 0x7f12a8bb1a00>,14,24,[9 3],15,121,145,106,120
1,<environment.Job instance at 0x7f12a8bb1780>,15,28,[9 3],16,145,173,129,144
1,<environment.Job instance at 0x7f12f36ca960>,2,23,[ 1 14],3,173,196,170,167
1,<environment.Job instance at 0x7f12a8bb1c30>,19,26,[3 8],20,196,222,176,193
1,<environment.Job instance at 0x7f12a8bb1c30>,4,19,[6 4],5,5,24,0,5
1,<environment.Job instance at 0x7f12a9033be0>,7,22,[7 2],8,8,30,0,8
1,<environment.Job instance at 0x7f12a9052870>,10,28,[ 3 11],11,24,52,13,23
1,<environment.Job instance at 0x7f12a9052500>,11,26,[4 8],12,52,78,40,49
1,<environment.Job instance at 0x7f12a9052b90>,12,23,[4 6],13,52,75,39,49
1,<environment.Job instance at 0x7f12a904c280>,14,21,[14  4],15,78,99,63,70
1,<environment.Job instance at 0x7f12a904c1e0>,15,20,[12  5],16,99,119,83,90
1,<environment.Job instance at 0x7f12a9033f50>,9,19,[ 4 11],10,119,138,109,109
1,<environment.Job instance at 0x7f12a904cfa0>,17,28,[ 2 14],18,138,166,120,137
1,<environment.Job instance at 0x7f12a904cdc0>,19,23,[5 3],20,166,189,146,160
1,<environment.Job instance at 0x7f12a904cf00>,21,25,[13  1],22,189,214,167,185
1,<environment.Job instance at 0x7f12ec8efe10>,0,24,[ 5 13],1,1,25,0,1
1,<environment.Job instance at 0x7f12eca14320>,5,24,[14  2],6,25,49,19,20
1,<environment.Job instance at 0x7f12ec8ef050>,4,22,[1 8],5,25,47,20,20
1,<environment.Job instance at 0x7f12ec64e8c0>,8,27,[2 9],9,49,76,40,47
1,<environment.Job instance at 0x7f12a904c410>,1,23,[ 5 12],2,76,99,74,70
1,<environment.Job instance at 0x7f12ec64e410>,10,21,[ 5 13],11,99,120,88,91
1,<environment.Job instance at 0x7f12a8bbb820>,3,25,[ 2 12],4,120,145,116,116
1,<environment.Job instance at 0x7f12ec64e5a0>,12,24,[7 1],13,116,140,103,116
1,<environment.Job instance at 0x7f12ec64ef00>,13,23,[6 3],14,140,163,126,134
1,<environment.Job instance at 0x7f12a89b1190>,15,20,[5 1],16,145,165,129,136
1,<environment.Job instance at 0x7f12a8ee1820>,9,19,[ 4 13],10,163,182,153,158
1,<environment.Job instance at 0x7f12ec97dfa0>,18,25,[2 5],19,182,207,163,178
1,<environment.Job instance at 0x7f12f3719cd0>,5,28,[8 4],6,6,34,0,6
1,<environment.Job instance at 0x7f12f3719eb0>,3,19,[ 4 11],4,14,33,10,14
1,<environment.Job instance at 0x7f12ec7f9960>,1,23,[ 1 13],2,2,25,0,2
1,<environment.Job instance at 0x7f12ec7db7d0>,2,28,[8 4],3,25,53,22,24
1,<environment.Job instance at 0x7f12f3638230>,7,20,[6 5],8,30,50,22,30
1,<environment.Job instance at 0x7f12ec7dbb40>,9,23,[ 4 10],10,50,73,40,44
1,<environment.Job instance at 0x7f12ec7f90a0>,3,27,[ 3 12],4,73,100,69,71
1,<environment.Job instance at 0x7f12ecbc3550>,14,23,[14  4],15,100,123,85,94
1,<environment.Job instance at 0x7f12f328ac30>,16,26,[ 1 10],17,100,126,83,97
1,<environment.Job instance at 0x7f12f328a780>,18,24,[ 4 11],19,126,150,107,121
1,<environment.Job instance at 0x7f24ce860280>,0,24,[2 8],1,1,25,0,1
1,<environment.Job instance at 0x7f24ce8a39b0>,2,26,[10  1],3,3,29,0,3
1,<environment.Job instance at 0x7f24c9450320>,4,24,[ 3 11],5,25,49,20,20
1,<environment.Job instance at 0x7f24c9450460>,8,24,[ 2 12],9,49,73,40,44
1,<environment.Job instance at 0x7f24c9450780>,12,22,[4 6],13,73,95,60,66
1,<environment.Job instance at 0x7f24c9450820>,13,27,[3 8],14,73,100,59,71
1,<environment.Job instance at 0x7f24c9450960>,15,24,[ 2 13],16,100,124,84,95
1,<environment.Job instance at 0x7f24c94504b0>,6,19,[ 1 13],7,124,143,117,116
1,<environment.Job instance at 0x7f24c9450a00>,16,19,[ 3 12],17,149,168,132,149
1,<environment.Job instance at 0x7f24c9450be0>,19,21,[14  4],20,168,189,148,160
1,<environment.Job instance at 0x7f24c9450dc0>,21,22,[14  2],22,189,211,167,182
1,<environment.Job instance at 0x7f24c9450e10>,22,25,[ 4 12],23,211,236,188,207
1,<environment.Job instance at 0x7f24c9450eb0>,24,20,[ 3 12],25,236,256,211,227
1,<environment.Job instance at 0x7f24c9461320>,0,22,[5 5],1,1,23,0,1
1,<environment.Job instance at 0x7f24c945b820>,3,25,[7 2],4,4,29,0,4
1,<environment.Job instance at 0x7f24ce8870a0>,5,24,[ 2 11],6,23,47,17,18
1,<environment.Job instance at 0x7f24ce88a3c0>,7,27,[5 8],8,47,74,39,45
1,<environment.Job instance at 0x7f24ce88a280>,8,20,[10  4],9,45,65,36,45
1,<environment.Job instance at 0x7f24c9450eb0>,2,25,[ 2 14],3,74,99,71,70
1,<environment.Job instance at 0x7f24ce88a4b0>,10,22,[ 2 14],11,99,121,88,92
1,<environment.Job instance at 0x7f24ce9c6dc0>,13,22,[ 4 11],14,121,143,107,114
1,<environment.Job instance at 0x7f24ce9c6820>,14,19,[11  3],15,123,142,108,123
1,<environment.Job instance at 0x7f24ce9c64b0>,15,19,[11  4],16,142,161,126,140
1,<environment.Job instance at 0x7f24ce9c6e60>,16,27,[ 3 13],17,161,188,144,159
1,<environment.Job instance at 0x7f248374a780>,0,27,[13  4],1,1,28,0,1
1,<environment.Job instance at 0x7f24837455f0>,6,24,[8 2],7,28,52,21,23
1,<environment.Job instance at 0x7f2483745730>,7,22,[1 7],8,23,45,15,23
1,<environment.Job instance at 0x7f2483745690>,8,28,[ 4 13],9,45,73,36,44
1,<environment.Job instance at 0x7f2483745960>,9,26,[3 6],10,73,99,63,70
1,<environment.Job instance at 0x7f2483745870>,3,23,[ 2 14],4,99,122,95,93
1,<environment.Job instance at 0x7f248373e4b0>,13,24,[ 1 10],14,122,146,108,117
1,<environment.Job instance at 0x7f248373ef00>,14,24,[ 1 11],15,146,170,131,141
1,<environment.Job instance at 0x7f248373e3c0>,15,25,[8 2],16,141,166,125,141
1,<environment.Job instance at 0x7f24837e4500>,0,27,[13  4],1,1,28,0,1
1,<environment.Job instance at 0x7f2483b60cd0>,4,23,[8 5],5,28,51,23,22
1,<environment.Job instance at 0x7f2483b606e0>,5,20,[5 5],6,28,48,22,22
1,<environment.Job instance at 0x7f2483c24eb0>,10,22,[12  1],11,51,73,40,44
1,<environment.Job instance at 0x7f2483c24550>,13,28,[5 7],14,73,101,59,72
1,<environment.Job instance at 0x7f2483c246e0>,14,28,[10  1],15,73,101,58,72
1,<environment.Job instance at 0x7f2483c24d70>,8,27,[ 3 13],9,101,128,92,99
1,<environment.Job instance at 0x7f248382ba00>,16,28,[14  3],17,128,156,111,127
1,<environment.Job instance at 0x7f248382b820>,17,24,[ 4 11],18,156,180,138,151
1,<environment.Job instance at 0x7f248382b370>,18,25,[11  1],19,156,181,137,152
1,<environment.Job instance at 0x7f248382b280>,20,26,[5 5],21,181,207,160,178
1,<environment.Job instance at 0x7f248382b0a0>,21,22,[ 1 10],22,180,202,158,178
1,<environment.Job instance at 0x7f248382b460>,23,24,[2 7],24,202,226,178,197
1,<environment.Job instance at 0x7f248382b500>,24,25,[11  5],25,207,232,182,203
1,<environment.Job instance at 0x7f248382bbe0>,25,25,[5 3],26,232,257,206,228
1,<environment.Job instance at 0x7f2483c24cd0>,9,20,[14  3],10,257,277,247,248
1,<environment.Job instance at 0x7f2483bdaaf0>,27,26,[7 1],28,277,303,249,274
1,<environment.Job instance at 0x7f24c95bd550>,1,27,[12  2],2,2,29,0,2
1,<environment.Job instance at 0x7f2483bda780>,2,26,[13  4],3,29,55,26,26
1,<environment.Job instance at 0x7f2483b55f50>,5,24,[ 4 10],6,55,79,49,50
1,<environment.Job instance at 0x7f2483b3f230>,9,20,[11  1],10,55,75,45,50
1,<environment.Job instance at 0x7f2483b3f4b0>,13,24,[6 1],14,75,99,61,70
1,<environment.Job instance at 0x7f2483b3f5f0>,15,21,[12  1],16,99,120,83,91
1,<environment.Job instance at 0x7f2483b3f550>,14,19,[3 9],15,91,110,76,91
1,<environment.Job instance at 0x7f2483b3f730>,17,26,[7 4],18,120,146,102,117
1,<environment.Job instance at 0x7f2483b3f870>,19,27,[11  5],20,146,173,126,144
1,<environment.Job instance at 0x7f2483b3f9b0>,21,25,[9 2],22,173,198,151,169
1,<environment.Job instance at 0x7f2483b3faf0>,23,21,[8 2],24,198,219,174,190
1,<environment.Job instance at 0x7f2483b3fb90>,24,21,[14  5],25,219,240,194,211
1,<environment.Job instance at 0x7f2483b3f0f0>,26,27,[3 8],27,240,267,213,238
1,<environment.Job instance at 0x7f2483b3f050>,27,20,[ 3 13],28,267,287,239,258
1,<environment.Job instance at 0x7f2483ad9500>,2,27,[ 2 11],3,3,30,0,3
1,<environment.Job instance at 0x7f2483ad9140>,6,28,[5 2],7,7,35,0,7
1,<environment.Job instance at 0x7f2483ad9b90>,7,28,[13  5],8,35,63,27,34
1,<environment.Job instance at 0x7f2483ad9410>,8,26,[8 3],9,63,89,54,60
1,<environment.Job instance at 0x7f2483ad9230>,10,22,[5 6],11,63,85,52,60
1,<environment.Job instance at 0x7f2483ad9f50>,12,27,[ 3 14],13,89,116,76,87
1,<environment.Job instance at 0x7f2483d1c500>,14,27,[ 5 11],15,116,143,101,114
1,<environment.Job instance at 0x7f2483b3fd70>,3,27,[ 3 14],4,143,170,139,141
1,<environment.Job instance at 0x7f2483d1cbe0>,17,26,[10  3],18,170,196,152,167
1,<environment.Job instance at 0x7f2483d1c280>,20,21,[13  1],21,196,217,175,188
1,<environment.Job instance at 0x7f2483d1c780>,16,25,[ 1 13],17,199,224,182,199
1,<environment.Job instance at 0x7f24c9247aa0>,1,22,[4 9],2,2,24,0,2
1,<environment.Job instance at 0x7f24c968fa00>,3,21,[4 9],4,24,45,20,16
1,<environment.Job instance at 0x7f24c97705a0>,2,19,[ 5 13],3,45,64,42,35
1,<environment.Job instance at 0x7f2483a21500>,10,28,[9 5],11,64,92,53,63
1,<environment.Job instance at 0x7f24838c7be0>,8,12,[ 1 13],9,399,411,390,399
1,<environment.Job instance at 0x7f2483a210f0>,12,26,[9 3],13,411,437,398,408
1,<environment.Job instance at 0x7f2483a21b90>,13,27,[ 5 13],14,437,464,423,435
1,<environment.Job instance at 0x7f2483a21e10>,14,28,[ 4 14],15,464,492,449,463
1,<environment.Job instance at 0x7f2483a21b40>,16,13,[12  1],17,777,790,760,777
1,<environment.Job instance at 0x7f24c9c07cd0>,18,24,[3 9],19,777,801,758,777
1,<environment.Job instance at 0x7f2483a22140>,0,28,[3 6],1,1,29,0,1
1,<environment.Job instance at 0x7f24c9b08cd0>,3,21,[10  4],4,4,25,0,4
1,<environment.Job instance at 0x7f24c9b08c30>,7,22,[ 3 10],8,29,51,21,22
1,<environment.Job instance at 0x7f2483a24a50>,11,24,[ 4 10],12,51,75,39,46
1,<environment.Job instance at 0x7f2483a24960>,15,28,[ 2 11],16,75,103,59,74
1,<environment.Job instance at 0x7f2483a24be0>,16,28,[13  3],17,75,103,58,74
1,<environment.Job instance at 0x7f2483a24d20>,17,21,[1 9],18,103,124,85,95
1,<environment.Job instance at 0x7f2483a24dc0>,18,23,[13  5],19,103,126,84,97
1,<environment.Job instance at 0x7f2483a24aa0>,12,24,[ 2 14],13,126,150,113,122
1,<environment.Job instance at 0x7f2483a23230>,23,23,[6 5],24,150,173,126,144
1,<environment.Job instance at 0x7f2483a24f00>,19,19,[ 3 13],20,173,192,153,163
1,<environment.Job instance at 0x7f2483a23320>,25,20,[ 1 11],26,192,212,166,183
1,<environment.Job instance at 0x7f2483a231e0>,26,27,[4 6],27,212,239,185,210
1,<environment.Job instance at 0x7f2483a23410>,27,26,[8 5],28,212,238,184,210
1,<environment.Job instance at 0x7f24c91fbe60>,4,26,[1 6],5,5,31,0,5
1,<environment.Job instance at 0x7f24c91fb370>,5,23,[5 5],6,6,29,0,6
1,<environment.Job instance at 0x7f24c91fb910>,6,27,[12  2],7,29,56,22,27
1,<environment.Job instance at 0x7f24c9407c80>,9,22,[1 7],10,29,51,19,27
1,<environment.Job instance at 0x7f2483a235a0>,3,20,[12  4],4,56,76,52,47
1,<environment.Job instance at 0x7f24c9407370>,12,25,[14  3],13,76,101,63,72
1,<environment.Job instance at 0x7f24c9407140>,13,23,[14  5],14,101,124,87,95
1,<environment.Job instance at 0x7f24c9407050>,14,27,[12  3],15,124,151,109,122
1,<environment.Job instance at 0x7f24c9407aa0>,15,22,[11  3],16,151,173,135,144
1,<environment.Job instance at 0x7f24c9407550>,16,28,[ 1 13],17,173,201,156,172
1,<environment.Job instance at 0x7f24c9407910>,17,25,[12  4],18,201,226,183,197
1,<environment.Job instance at 0x7f24c9aa5190>,4,28,[3 9],5,5,33,0,5
1,<environment.Job instance at 0x7f2483a97c80>,5,28,[ 3 10],6,33,61,27,32
1,<environment.Job instance at 0x7f2483a97e10>,8,19,[4 5],9,32,51,23,32
1,<environment.Job instance at 0x7f2483cf2320>,9,20,[12  4],10,51,71,41,42
1,<environment.Job instance at 0x7f2483be80a0>,10,28,[8 2],11,71,99,60,70
1,<environment.Job instance at 0x7f2483be85f0>,13,23,[5 8],14,71,94,57,70
1,<environment.Job instance at 0x7f24c9a99410>,15,24,[9 3],16,99,123,83,94
1,<environment.Job instance at 0x7f24c98b91e0>,17,23,[5 4],18,94,117,76,94
1,<environment.Job instance at 0x7f24c93bedc0>,18,23,[11  4],19,123,146,104,117
1,<environment.Job instance at 0x7f2483d025a0>,19,21,[8 2],20,146,167,126,138
1,<environment.Job instance at 0x7f2483d029b0>,20,21,[ 5 13],21,146,167,125,138
1,<environment.Job instance at 0x7f2483989820>,21,22,[11  1],22,167,189,145,160
1,<environment.Job instance at 0x7f24c9fe0eb0>,24,20,[5 9],25,189,209,164,180
1,<environment.Job instance at 0x7f24c9fe0140>,25,28,[10  3],26,189,217,163,188
1,<environment.Job instance at 0x7f24c9d07dc0>,26,28,[13  4],27,217,245,190,216
1,<environment.Job instance at 0x7f24c93b5be0>,28,25,[5 7],29,245,270,216,241
1,<environment.Job instance at 0x7f2483979690>,29,23,[13  3],30,270,293,240,264
1,<environment.Job instance at 0x7f24c982fa00>,0,25,[ 4 14],1,1,26,0,1
1,<environment.Job instance at 0x7f24835b1c80>,6,21,[8 1],7,7,28,0,7
1,<environment.Job instance at 0x7f24835b1b40>,7,26,[12  5],8,28,54,20,25
1,<environment.Job instance at 0x7f24835b1fa0>,8,28,[8 3],9,54,82,45,53
1,<environment.Job instance at 0x7f2483979690>,3,25,[14  5],4,82,107,78,79
1,<environment.Job instance at 0x7f24c982f190>,4,26,[10  2],5,107,133,102,104
1,<environment.Job instance at 0x7f24835b1f50>,11,24,[ 3 12],12,107,131,95,104
1,<environment.Job instance at 0x7f24835c2280>,12,23,[4 7],13,131,154,118,125
1,<environment.Job instance at 0x7f24c9a301e0>,2,20,[14  3],3,154,174,151,145
1,<environment.Job instance at 0x7f24835c2460>,15,26,[12  4],16,174,200,158,171
1,<environment.Job instance at 0x7f24835c2820>,21,21,[ 5 14],22,200,221,178,194
1,<environment.Job instance at 0x7f24835c28c0>,22,21,[ 4 11],23,221,242,198,213
1,<environment.Job instance at 0x7f24835c2960>,23,25,[2 7],24,242,267,218,238
1,<environment.Job instance at 0x7f24835c2a00>,24,23,[14  4],25,267,290,242,261
1,<environment.Job instance at 0x7f24c950cf00>,1,25,[5 5],2,2,27,0,2
1,<environment.Job instance at 0x7f24835c2910>,2,26,[2 9],3,3,29,0,3
1,<environment.Job instance at 0x7f24c950c140>,5,27,[10  3],6,27,54,21,25
1,<environment.Job instance at 0x7f24c950cc80>,3,22,[5 3],4,29,51,25,25
1,<environment.Job instance at 0x7f24c950ca50>,8,22,[ 2 11],9,51,73,42,44
1,<environment.Job instance at 0x7f24c9ef6960>,9,23,[14  4],10,73,96,63,67
1,<environment.Job instance at 0x7f24c950c9b0>,6,27,[ 1 11],7,81,108,74,81
1,<environment.Job instance at 0x7f24c9ef6af0>,10,22,[13  2],11,105,127,94,105
1,<environment.Job instance at 0x7f24c9ef6e10>,13,26,[5 5],14,127,153,113,124
1,<environment.Job instance at 0x7f24c9ef6f50>,15,26,[5 8],16,127,153,111,124
1,<environment.Job instance at 0x7f24837ece60>,7,28,[ 4 12],8,8,36,0,8
1,<environment.Job instance at 0x7f24837ecaa0>,10,26,[6 4],11,36,62,25,33
1,<environment.Job instance at 0x7f24837ec960>,13,21,[9 1],14,33,54,19,33
1,<environment.Job instance at 0x7f248356d730>,0,23,[6 3],1,1,24,0,1
1,<environment.Job instance at 0x7f248346d460>,5,27,[13  3],6,24,51,18,22
1,<environment.Job instance at 0x7f248346d190>,6,24,[3 9],7,51,75,44,46
1,<environment.Job instance at 0x7f248346d6e0>,7,20,[5 7],8,75,95,67,66
1,<environment.Job instance at 0x7f24837ec960>,2,21,[ 4 13],3,95,116,92,89
1,<environment.Job instance at 0x7f248346d870>,9,27,[11  2],10,95,122,85,93
1,<environment.Job instance at 0x7f248346d7d0>,8,23,[14  1],9,122,145,113,116
1,<environment.Job instance at 0x7f248346dc80>,12,22,[ 3 14],13,145,167,132,138
1,<environment.Job instance at 0x7f2483495af0>,17,23,[9 3],18,167,190,149,161
1,<environment.Job instance at 0x7f24834955f0>,18,23,[13  2],19,190,213,171,184
1,<environment.Job instance at 0x7f248355ae60>,0,28,[ 5 11],1,1,29,0,1
1,<environment.Job instance at 0x7f24c9459140>,4,22,[11  2],5,29,51,24,22
1,<environment.Job instance at 0x7f24c982e0a0>,6,24,[7 1],7,51,75,44,46
1,<environment.Job instance at 0x7f24c982ec80>,8,21,[ 1 12],9,46,67,37,46
1,<environment.Job instance at 0x7f24ca12e640>,10,24,[6 1],11,51,75,40,46
1,<environment.Job instance at 0x7f24837c8460>,11,28,[12  1],12,75,103,63,74
1,<environment.Job instance at 0x7f24837c8b90>,12,25,[14  3],13,103,128,90,99
1,<environment.Job instance at 0x7f24837c8780>,13,25,[12  4],14,128,153,114,124
1,<environment.Job instance at 0x7f24837c8d70>,14,19,[14  1],15,153,172,138,143
1,<environment.Job instance at 0x7f24c96c33c0>,15,21,[11  5],16,172,193,156,164
1,<environment.Job instance at 0x7f24c9ce4f50>,17,25,[8 5],18,193,218,175,189
1,<environment.Job instance at 0x7f2483791a50>,3,23,[5 6],4,4,27,0,4
1,<environment.Job instance at 0x7f2483791be0>,4,24,[5 6],5,5,29,0,5
1,<environment.Job instance at 0x7f2483793280>,8,26,[ 5 13],9,29,55,20,26
1,<environment.Job instance at 0x7f2483791410>,6,24,[ 5 14],7,55,79,48,50
1,<environment.Job instance at 0x7f2483793910>,10,24,[ 5 13],11,79,103,68,74
1,<environment.Job instance at 0x7f2483793cd0>,11,23,[ 5 12],12,103,126,91,97
1,<environment.Job instance at 0x7f2483793460>,13,25,[ 2 12],14,126,151,112,122
1,<environment.Job instance at 0x7f2483793e10>,14,22,[1 8],15,151,173,136,144
1,<environment.Job instance at 0x7f2483793a00>,15,24,[14  2],16,151,175,135,146
1,<environment.Job instance at 0x7f24c9ae15a0>,5,28,[8 4],6,6,34,0,6
1,<environment.Job instance at 0x7f2483793b90>,3,19,[ 4 11],4,9,28,5,9
1,<environment.Job instance at 0x7f24c9333320>,1,24,[1 6],2,2,26,0,2
1,<environment.Job instance at 0x7f24834e0a00>,4,23,[14  4],5,5,28,0,5
1,<environment.Job instance at 0x7f24c9d5b870>,6,26,[ 1 10],7,26,52,19,23
1,<environment.Job instance at 0x7f24c996cb40>,9,28,[1 7],10,52,80,42,51
1,<environment.Job instance at 0x7f24c9d5b8c0>,8,24,[ 4 11],9,80,104,71,75
1,<environment.Job instance at 0x7f24c996cfa0>,12,24,[14  4],13,104,128,91,99
1,<environment.Job instance at 0x7f24836fa8c0>,13,25,[2 8],14,128,153,114,124
1,<environment.Job instance at 0x7f24c996ca50>,16,27,[13  4],17,128,155,111,126
1,<environment.Job instance at 0x7f24833e2e60>,20,27,[ 2 13],21,155,182,134,153
1,<environment.Job instance at 0x7f24c92afaa0>,18,25,[ 1 12],19,182,207,163,178
1,<environment.Job instance at 0x7f24c979a190>,21,20,[14  5],22,207,227,185,199
1,<environment.Job instance at 0x7f24c979a5f0>,22,25,[ 3 12],23,227,252,204,223
1,<environment.Job instance at 0x7f24ce560e60>,2,24,[8 5],3,3,27,0,3
1,<environment.Job instance at 0x7f248367caf0>,4,24,[8 5],5,27,51,22,22
1,<environment.Job instance at 0x7f24c979a5f0>,5,22,[13  5],6,51,73,45,44
1,<environment.Job instance at 0x7f248367c460>,11,21,[9 3],12,73,94,61,65
1,<environment.Job instance at 0x7f248367ce60>,12,26,[ 1 10],13,65,91,52,65
1,<environment.Job instance at 0x7f24c94a6e60>,13,26,[4 8],14,91,117,77,88
1,<environment.Job instance at 0x7f248367cd70>,10,26,[ 3 14],11,117,143,106,114
1,<environment.Job instance at 0x7f24c94a6c30>,15,21,[8 5],16,143,164,127,135
1,<environment.Job instance at 0x7f24c94a62d0>,18,20,[ 4 13],19,164,184,145,155
1,<environment.Job instance at 0x7f24c94a68c0>,19,25,[4 8],20,184,209,164,180
1,<environment.Job instance at 0x7f24c94a6fa0>,4,22,[1 8],5,5,27,0,5
1,<environment.Job instance at 0x7f24c9a7b4b0>,7,20,[5 4],8,8,28,0,8
1,<environment.Job instance at 0x7f248350fbe0>,8,28,[14  2],9,28,56,19,27
1,<environment.Job instance at 0x7f24c97d51e0>,10,23,[6 4],11,56,79,45,50
1,<environment.Job instance at 0x7f24836fadc0>,12,20,[ 1 11],13,51,71,38,51
1,<environment.Job instance at 0x7f24838aeaf0>,2,26,[ 1 13],3,79,105,76,76
1,<environment.Job instance at 0x7f24c9a7bd20>,0,19,[ 5 14],1,240,259,239,240
1,<environment.Job instance at 0x7f24c94390f0>,17,28,[1 5],18,259,287,241,258
1,<environment.Job instance at 0x7f24ca086730>,18,21,[14  5],19,259,280,240,258
1,<environment.Job instance at 0x7f24ca0861e0>,19,25,[8 1],20,280,305,260,276
1,<environment.Job instance at 0x7f36bfa381e0>,0,24,[2 8],1,1,25,0,1
1,<environment.Job instance at 0x7f36bfa7be10>,2,26,[10  1],3,3,29,0,3
1,<environment.Job instance at 0x7f36ba6282d0>,4,24,[ 3 11],5,25,49,20,20
1,<environment.Job instance at 0x7f36ba6288c0>,13,27,[3 8],14,49,76,35,47
1,<environment.Job instance at 0x7f36ba628730>,8,24,[ 2 12],9,76,100,67,71
1,<environment.Job instance at 0x7f36ba628a50>,15,24,[ 2 13],16,100,124,84,95
1,<environment.Job instance at 0x7f36ba6284b0>,6,19,[ 1 13],7,124,143,117,123
1,<environment.Job instance at 0x7f36ba628af0>,16,19,[ 3 12],17,145,164,128,145
1,<environment.Job instance at 0x7f36ba628cd0>,19,21,[14  4],20,164,185,144,156
1,<environment.Job instance at 0x7f36ba628f50>,21,22,[14  2],22,185,207,163,178
1,<environment.Job instance at 0x7f36ba628eb0>,22,25,[ 4 12],23,207,232,184,203
1,<environment.Job instance at 0x7f36ba62b320>,24,20,[ 3 12],25,232,252,207,227
1,<environment.Job instance at 0x7f36ba63ad20>,0,22,[ 2 14],1,2,24,1,2
1,<environment.Job instance at 0x7f36bfa623c0>,3,22,[ 4 11],4,24,46,20,17
1,<environment.Job instance at 0x7f36bfa62780>,6,27,[ 3 13],7,46,73,39,44
1,<environment.Job instance at 0x7f36bfb9ee60>,9,22,[ 1 14],10,73,95,63,66
1,<environment.Job instance at 0x7f36bfb9eeb0>,11,25,[7 4],12,95,120,83,91
1,<environment.Job instance at 0x7f36bfb9e780>,12,20,[ 5 13],13,120,140,107,111
1,<environment.Job instance at 0x7f36bfb9e050>,13,21,[ 1 13],14,140,161,126,132
1,<environment.Job instance at 0x7f36bfb9ed20>,14,20,[5 7],15,161,181,146,152
1,<environment.Job instance at 0x7f36bfa624b0>,5,19,[11  4],6,181,200,175,171
1,<environment.Job instance at 0x7f36bfb9edc0>,16,26,[ 4 14],17,200,226,183,197
1,<environment.Job instance at 0x7f36ba63ab90>,4,19,[11  3],5,226,245,221,226
1,<environment.Job instance at 0x7f36749c2a50>,0,23,[5 8],1,1,24,0,1
1,<environment.Job instance at 0x7f36749c25a0>,3,23,[10  3],4,4,27,0,4
1,<environment.Job instance at 0x7f36749c25f0>,5,24,[12  1],6,27,51,21,22
1,<environment.Job instance at 0x7f36749c2870>,4,28,[3 8],5,24,52,19,24
1,<environment.Job instance at 0x7f36bfba5aa0>,1,21,[ 4 11],2,52,73,50,44
1,<environment.Job instance at 0x7f36bfba5d70>,2,20,[ 3 12],3,73,93,70,66
1,<environment.Job instance at 0x7f36749c2370>,11,27,[14  2],12,93,120,81,91
1,<environment.Job instance at 0x7f36749c2be0>,12,25,[13  2],13,120,145,107,116
1,<environment.Job instance at 0x7f36749c2190>,13,21,[ 4 12],14,145,166,131,137
1,<environment.Job instance at 0x7f36749c2fa0>,17,12,[11  1],18,235,247,217,235
1,<environment.Job instance at 0x7f36749f78c0>,0,23,[11  3],1,1,24,0,1
1,<environment.Job instance at 0x7f36749f7550>,5,24,[8 2],6,24,48,18,19
1,<environment.Job instance at 0x7f36749f7640>,3,22,[10  2],4,48,70,44,41
1,<environment.Job instance at 0x7f36749c2fa0>,2,20,[14  4],3,70,90,67,61
1,<environment.Job instance at 0x7f36749f7c80>,8,22,[9 3],9,90,112,81,83
1,<environment.Job instance at 0x7f36749f7d20>,10,26,[4 7],11,90,116,79,87
1,<environment.Job instance at 0x7f36749f7f50>,11,25,[10  5],12,112,137,100,108
1,<environment.Job instance at 0x7f36749f7f00>,12,25,[11  1],13,137,162,124,133
1,<environment.Job instance at 0x7f36749f7370>,13,26,[4 8],14,133,159,119,133
1,<environment.Job instance at 0x7f36749f7cd0>,15,19,[11  2],16,162,181,146,152
1,<environment.Job instance at 0x7f36749f7af0>,17,24,[ 1 11],18,159,183,141,154
1,<environment.Job instance at 0x7f36749075f0>,2,26,[12  3],3,3,29,0,3
1,<environment.Job instance at 0x7f36749f7af0>,7,26,[7 3],8,29,55,21,26
1,<environment.Job instance at 0x7f3674d20960>,9,26,[3 5],10,26,52,16,26
1,<environment.Job instance at 0x7f3674d20500>,6,28,[1 9],7,52,80,45,51
1,<environment.Job instance at 0x7f3674d20be0>,13,26,[13  3],14,55,81,41,52
1,<environment.Job instance at 0x7f3674a60960>,0,21,[9 1],1,1,22,0,1
1,<environment.Job instance at 0x7f36bb1da230>,4,24,[14  2],5,22,46,17,17
1,<environment.Job instance at 0x7f36bb1dac30>,7,21,[3 9],8,46,67,38,38
1,<environment.Job instance at 0x7f36bb1da960>,10,28,[7 2],11,46,74,35,45
1,<environment.Job instance at 0x7f36bb2b7820>,12,21,[13  5],13,74,95,61,66
1,<environment.Job instance at 0x7f36bb2b7690>,11,20,[14  4],12,95,115,83,86
1,<environment.Job instance at 0x7f36bb2b7eb0>,16,20,[2 6],17,115,135,98,106
1,<environment.Job instance at 0x7f36bb2b75f0>,17,23,[ 2 13],18,135,158,117,129
1,<environment.Job instance at 0x7f36bb2b79b0>,18,25,[1 6],19,158,183,139,154
1,<environment.Job instance at 0x7f36bb2b7050>,19,22,[12  5],20,158,180,138,154
1,<environment.Job instance at 0x7f36ba7b7cd0>,20,23,[7 1],21,180,203,159,174
1,<environment.Job instance at 0x7f36ba7b78c0>,22,24,[2 5],23,180,204,157,176
1,<environment.Job instance at 0x7f3674a60b90>,2,19,[ 2 14],3,204,223,201,195
1,<environment.Job instance at 0x7f36ba7b7460>,27,24,[10  2],28,223,247,195,218
1,<environment.Job instance at 0x7f36baec9410>,0,26,[14  4],1,1,27,0,1
1,<environment.Job instance at 0x7f3674e83cd0>,4,24,[9 2],5,27,51,22,22
1,<environment.Job instance at 0x7f3674e834b0>,7,27,[ 2 13],8,27,54,19,25
1,<environment.Job instance at 0x7f36bb317b40>,0,23,[8 4],1,1,24,0,1
1,<environment.Job instance at 0x7f36babaddc0>,2,27,[9 3],3,24,51,21,22
1,<environment.Job instance at 0x7f3674ccbbe0>,6,26,[ 3 14],7,51,77,44,50
1,<environment.Job instance at 0x7f3674ccbb40>,5,28,[ 2 13],6,77,105,71,76
1,<environment.Job instance at 0x7f3674ccbe60>,10,25,[13  4],11,105,130,94,101
1,<environment.Job instance at 0x7f36bae0ba00>,1,26,[10  4],2,2,28,0,2
1,<environment.Job instance at 0x7f3674b61f00>,2,23,[5 5],3,3,26,0,3
1,<environment.Job instance at 0x7f36bae3fdc0>,9,25,[3 9],10,26,51,16,22
1,<environment.Job instance at 0x7f36bb2aa3c0>,7,19,[ 5 13],8,114,133,106,114
1,<environment.Job instance at 0x7f36bae3f870>,14,28,[3 9],15,133,161,118,132
1,<environment.Job instance at 0x7f36bae3f780>,15,28,[ 3 10],16,161,189,145,160
1,<environment.Job instance at 0x7f36baf28d70>,19,20,[12  4],20,168,188,148,168
1,<environment.Job instance at 0x7f3674b90d70>,20,28,[8 2],21,188,216,167,187
1,<environment.Job instance at 0x7f36bafbbbe0>,0,25,[ 4 14],1,1,26,0,1
1,<environment.Job instance at 0x7f36ba407f50>,4,26,[10  2],5,26,52,21,23
1,<environment.Job instance at 0x7f3674d66a50>,7,26,[12  5],8,52,78,44,49
1,<environment.Job instance at 0x7f3674d665a0>,8,28,[8 3],9,78,106,69,77
1,<environment.Job instance at 0x7f36ba407cd0>,3,25,[14  5],4,106,131,102,102
1,<environment.Job instance at 0x7f36bafbbaf0>,2,20,[14  3],3,131,151,128,122
1,<environment.Job instance at 0x7f3674e57460>,12,23,[4 7],13,151,174,138,145
1,<environment.Job instance at 0x7f3674ef4550>,11,24,[ 3 12],12,174,198,162,169
1,<environment.Job instance at 0x7f3674ef4cd0>,15,26,[12  4],16,198,224,182,195
1,<environment.Job instance at 0x7f36ba93eb40>,17,21,[4 6],18,224,245,206,216
1,<environment.Job instance at 0x7f3674ef4f00>,13,19,[ 4 10],14,245,264,231,235
1,<environment.Job instance at 0x7f36ba471550>,21,21,[ 5 14],22,264,285,242,256
1,<environment.Job instance at 0x7f36bacc8050>,22,21,[ 4 11],23,285,306,262,277
1,<environment.Job instance at 0x7f36ba4710f0>,23,25,[2 7],24,306,331,282,302
1,<environment.Job instance at 0x7f36bb1b87d0>,24,23,[14  4],25,331,354,306,325
1,<environment.Job instance at 0x7f36ba8c81e0>,0,22,[13  2],1,1,23,0,1
1,<environment.Job instance at 0x7f36747ab3c0>,5,26,[5 8],6,23,49,17,20
1,<environment.Job instance at 0x7f36ba46c140>,3,26,[5 5],4,23,49,19,20
1,<environment.Job instance at 0x7f36747ab5a0>,8,27,[ 2 10],9,49,76,40,47
1,<environment.Job instance at 0x7f36747ab640>,9,20,[ 1 11],10,76,96,66,67
1,<environment.Job instance at 0x7f36747ab6e0>,10,27,[11  5],11,96,123,85,94
1,<environment.Job instance at 0x7f36747ab8c0>,13,25,[9 2],14,123,148,109,119
1,<environment.Job instance at 0x7f36747aba00>,15,24,[ 5 13],16,123,147,107,119
1,<environment.Job instance at 0x7f36ba610dc0>,1,22,[5 5],2,2,24,0,2
1,<environment.Job instance at 0x7f36747ab910>,2,25,[7 5],3,3,28,0,3
1,<environment.Job instance at 0x7f36748d4f50>,7,20,[3 6],8,24,44,16,21
1,<environment.Job instance at 0x7f36ba42a190>,6,25,[14  4],7,44,69,37,40
1,<environment.Job instance at 0x7f36748d4780>,13,27,[ 2 11],14,69,96,55,67
1,<environment.Job instance at 0x7f36748d4e60>,10,27,[ 4 11],11,96,123,85,94
1,<environment.Job instance at 0x7f36748d4aa0>,15,26,[14  1],16,123,149,107,120
1,<environment.Job instance at 0x7f36bb0af780>,17,25,[13  1],18,149,174,131,145
1,<environment.Job instance at 0x7f36bb0aff00>,18,22,[5 8],19,174,196,155,167
1,<environment.Job instance at 0x7f36bfa19190>,21,22,[ 4 12],22,196,218,174,189
1,<environment.Job instance at 0x7f36bfa194b0>,22,24,[12  4],23,218,242,195,213
1,<environment.Job instance at 0x7f36747aba00>,5,21,[ 5 14],6,242,263,236,234
1,<environment.Job instance at 0x7f36748d4190>,14,20,[14  2],15,263,283,248,254
1,<environment.Job instance at 0x7f36bb30f730>,1,24,[14  3],2,2,26,0,2
1,<environment.Job instance at 0x7f36ba49e7d0>,5,21,[ 2 14],6,26,47,20,24
1,<environment.Job instance at 0x7f36bb30faa0>,4,28,[3 6],5,47,75,42,46
1,<environment.Job instance at 0x7f36ba49eeb0>,3,24,[12  2],4,47,71,43,46
1,<environment.Job instance at 0x7f36ba49e820>,11,21,[ 2 12],12,75,96,63,68
1,<environment.Job instance at 0x7f36ba6d0960>,13,28,[3 8],14,96,124,82,95
1,<environment.Job instance at 0x7f36ba6d05f0>,14,24,[9 3],15,95,119,80,95
1,<environment.Job instance at 0x7f36bb30f280>,2,23,[ 1 14],3,124,147,121,118
1,<environment.Job instance at 0x7f36ba6d0910>,18,22,[ 1 10],19,147,169,128,141
1,<environment.Job instance at 0x7f36ba6d04b0>,19,26,[3 8],20,169,195,149,166
1,<environment.Job instance at 0x7f36bacb4190>,1,25,[13  1],2,2,27,0,2
1,<environment.Job instance at 0x7f36747ddeb0>,5,23,[13  4],6,27,50,21,21
1,<environment.Job instance at 0x7f36bafbc500>,4,27,[3 9],5,50,77,45,48
1,<environment.Job instance at 0x7f36747ddb90>,7,26,[1 9],8,77,103,69,74
1,<environment.Job instance at 0x7f36747dd910>,8,25,[5 4],9,74,99,65,74
1,<environment.Job instance at 0x7f36747dd2d0>,9,22,[ 2 10],10,103,125,93,96
1,<environment.Job instance at 0x7f36747ddc30>,10,21,[13  4],11,99,120,88,96
1,<environment.Job instance at 0x7f36747e2fa0>,16,28,[ 1 10],17,125,153,108,124
1,<environment.Job instance at 0x7f36747e2410>,14,19,[12  3],15,139,158,124,139
1,<environment.Job instance at 0x7f36baf8bd70>,19,18,[14  2],20,1566,1584,1546,1566
1,<environment.Job instance at 0x7f36bae11190>,2,24,[ 2 12],3,3,27,0,3
1,<environment.Job instance at 0x7f36bacb3820>,6,24,[3 7],7,27,51,20,22
1,<environment.Job instance at 0x7f36baa8a640>,8,25,[3 6],9,27,52,18,23
1,<environment.Job instance at 0x7f367490c3c0>,11,22,[13  4],12,52,74,40,45
1,<environment.Job instance at 0x7f36747019b0>,1,24,[10  5],2,2,26,0,2
1,<environment.Job instance at 0x7f3674701a50>,2,26,[ 2 14],3,26,52,23,23
1,<environment.Job instance at 0x7f3674701730>,6,20,[ 3 11],7,52,72,45,47
1,<environment.Job instance at 0x7f3674bd0be0>,2,27,[7 4],3,3,30,0,3
1,<environment.Job instance at 0x7f36ba8124b0>,4,23,[13  4],5,30,53,25,24
1,<environment.Job instance at 0x7f3674b740a0>,7,25,[ 3 10],8,53,78,45,49
1,<environment.Job instance at 0x7f3674b74fa0>,8,20,[6 3],9,53,73,44,49
1,<environment.Job instance at 0x7f3674b74f00>,9,21,[3 6],10,78,99,68,70
1,<environment.Job instance at 0x7f3674b74aa0>,11,28,[10  2],12,73,101,61,72
1,<environment.Job instance at 0x7f3674b74e60>,12,24,[9 3],13,101,125,88,96
1,<environment.Job instance at 0x7f3674b749b0>,13,21,[13  1],14,125,146,111,117
1,<environment.Job instance at 0x7f3674b744b0>,15,21,[ 1 10],16,117,138,101,117
1,<environment.Job instance at 0x7f3674b74320>,16,27,[11  3],17,146,173,129,144
1,<environment.Job instance at 0x7f3674b74690>,17,19,[8 4],18,173,192,155,163
1,<environment.Job instance at 0x7f3674b7fd70>,19,20,[3 9],20,163,183,143,163
1,<environment.Job instance at 0x7f3674b8c960>,22,24,[8 5],23,192,216,169,187
1,<environment.Job instance at 0x7f3674b8c960>,4,28,[6 2],5,5,33,0,5
1,<environment.Job instance at 0x7f36baba47d0>,5,22,[ 1 12],6,6,28,0,6
1,<environment.Job instance at 0x7f3674c4a9b0>,9,23,[3 8],10,28,51,18,23
1,<environment.Job instance at 0x7f3674c4aaf0>,8,24,[7 2],9,33,57,24,28
1,<environment.Job instance at 0x7f3674c245a0>,12,26,[ 1 13],13,51,77,38,48
1,<environment.Job instance at 0x7f3674c249b0>,14,22,[1 8],15,77,99,62,72
1,<environment.Job instance at 0x7f3674c24410>,10,19,[ 5 14],11,100,119,89,100
1,<environment.Job instance at 0x7f3674606230>,0,27,[ 2 12],1,1,28,0,1
1,<environment.Job instance at 0x7f3674fa0b90>,3,22,[10  4],4,28,50,24,21
1,<environment.Job instance at 0x7f3674fa0f50>,7,24,[8 2],8,50,74,42,45
1,<environment.Job instance at 0x7f3674fa05f0>,8,26,[14  4],9,74,100,65,71
1,<environment.Job instance at 0x7f36ba4e0dc0>,12,23,[8 1],13,100,123,87,94
1,<environment.Job instance at 0x7f3674fa0870>,10,23,[ 1 11],11,94,117,83,94
1,<environment.Job instance at 0x7f36ba4e0730>,14,24,[4 7],15,117,141,102,112
1,<environment.Job instance at 0x7f36ba4e0960>,16,21,[13  5],17,141,162,124,133
1,<environment.Job instance at 0x7f36ba4e0a00>,15,22,[ 4 14],16,162,184,146,155
1,<environment.Job instance at 0x7f36ba4e0410>,18,22,[4 7],19,184,206,165,177
1,<environment.Job instance at 0x7f36ba4e0190>,20,22,[3 5],21,184,206,163,177
1,<environment.Job instance at 0x7f36bacb6fa0>,21,27,[ 3 13],22,206,233,184,204
1,<environment.Job instance at 0x7f36bacb6690>,22,27,[4 8],23,233,260,210,231
1,<environment.Job instance at 0x7f3674fa0960>,6,25,[ 1 14],7,260,285,253,256
1,<environment.Job instance at 0x7f3674fa0dc0>,5,19,[ 3 11],6,285,304,279,281
1,<environment.Job instance at 0x7f36bacb6c80>,30,27,[10  3],31,285,312,254,283
1,<environment.Job instance at 0x7f36bacb61e0>,31,28,[1 7],32,304,332,272,303
1,<environment.Job instance at 0x7f36baa6e0f0>,34,23,[3 9],35,332,355,297,326
1,<environment.Job instance at 0x7f3674606460>,2,12,[11  1],3,955,967,952,955
1,<environment.Job instance at 0x7f36baa6eeb0>,36,21,[12  1],37,967,988,930,959
1,<environment.Job instance at 0x7f36baa6e0a0>,38,24,[ 2 12],39,959,983,920,959
1,<environment.Job instance at 0x7f36bacebd70>,0,28,[5 4],1,1,29,0,1
1,<environment.Job instance at 0x7f36baa6e9b0>,2,22,[12  5],3,29,51,26,23
1,<environment.Job instance at 0x7f3674f57aa0>,7,25,[10  4],8,51,76,43,47
1,<environment.Job instance at 0x7f36bb1c5c80>,4,23,[13  3],5,76,99,71,70
1,<environment.Job instance at 0x7f36baceb190>,3,26,[ 3 14],4,99,125,95,96
1,<environment.Job instance at 0x7f36749aa550>,8,22,[ 3 13],9,125,147,116,118
1,<environment.Job instance at 0x7f3674783eb0>,13,25,[7 1],14,118,143,104,118
1,<environment.Job instance at 0x7f3674783aa0>,14,21,[14  2],15,147,168,132,139
1,<environment.Job instance at 0x7f367478e230>,15,23,[6 3],16,168,191,152,162
1,<environment.Job instance at 0x7f367478ee60>,16,20,[1 7],17,162,182,145,162
1,<environment.Job instance at 0x7f367478e960>,17,23,[10  3],18,191,214,173,185
1,<environment.Job instance at 0x7f36748fe0a0>,11,19,[12  4],12,296,315,284,296
1,<environment.Job instance at 0x7f36bacb32d0>,20,27,[9 5],21,315,342,294,313
1,<environment.Job instance at 0x7f3674799e60>,22,19,[ 5 13],23,342,361,319,341
1,<environment.Job instance at 0x7f36bacb3e60>,23,28,[7 5],24,361,389,337,360
1,<environment.Job instance at 0x7f04245cb190>,0,24,[2 8],1,1,25,0,1
1,<environment.Job instance at 0x7f042460ee10>,2,26,[10  1],3,3,29,0,3
1,<environment.Job instance at 0x7f042346c2d0>,4,24,[ 3 11],5,25,49,20,20
1,<environment.Job instance at 0x7f042346c9b0>,12,22,[4 6],13,49,71,36,42
1,<environment.Job instance at 0x7f042346c640>,13,27,[3 8],14,49,76,35,47
1,<environment.Job instance at 0x7f042346c690>,8,24,[ 2 12],9,76,100,67,71
1,<environment.Job instance at 0x7f042346ca50>,15,24,[ 2 13],16,100,124,84,95
1,<environment.Job instance at 0x7f042346c500>,6,19,[ 1 13],7,124,143,117,120
1,<environment.Job instance at 0x7f042346caf0>,16,19,[ 3 12],17,156,175,139,156
1,<environment.Job instance at 0x7f042346ccd0>,19,21,[14  4],20,175,196,155,167
1,<environment.Job instance at 0x7f042346ceb0>,21,22,[14  2],22,196,218,174,189
1,<environment.Job instance at 0x7f042346ce10>,22,25,[ 4 12],23,218,243,195,214
1,<environment.Job instance at 0x7f042346f320>,24,20,[ 3 12],25,243,263,218,234
1,<environment.Job instance at 0x7f042347a500>,1,25,[7 4],2,2,27,0,2
1,<environment.Job instance at 0x7f04245f2a00>,4,20,[5 7],5,7,27,2,7
1,<environment.Job instance at 0x7f04245f2b40>,2,20,[ 5 13],3,27,47,24,18
1,<environment.Job instance at 0x7f04247381e0>,6,26,[ 4 14],7,47,73,40,44
1,<environment.Job instance at 0x7f0424738a50>,12,21,[ 2 13],13,73,94,60,65
1,<environment.Job instance at 0x7f0424738960>,14,24,[5 6],15,94,118,79,89
1,<environment.Job instance at 0x7f04245f20a0>,3,21,[ 1 13],4,118,139,114,110
1,<environment.Job instance at 0x7f04247384b0>,8,12,[12  1],9,168,180,159,168
1,<environment.Job instance at 0x7f042473df00>,17,22,[12  1],18,180,202,162,173
1,<environment.Job instance at 0x7f042473de10>,18,19,[1 9],19,173,192,154,173
1,<environment.Job instance at 0x7f042473daa0>,20,21,[4 6],21,202,223,181,194
1,<environment.Job instance at 0x7f042473d780>,21,27,[4 8],22,202,229,180,200
1,<environment.Job instance at 0x7f042473da50>,22,27,[5 4],23,223,250,200,221
1,<environment.Job instance at 0x7f0424738140>,11,18,[ 3 12],12,2323,2341,2311,2323
1,<environment.Job instance at 0x7f042473a3c0>,24,22,[2 9],25,2341,2363,2316,2334
1,<environment.Job instance at 0x7f03d94b5e10>,2,20,[5 7],3,3,23,0,3
1,<environment.Job instance at 0x7f042473ad70>,4,28,[4 8],5,5,33,0,5
1,<environment.Job instance at 0x7f03d94b56e0>,6,23,[3 8],7,33,56,26,27
1,<environment.Job instance at 0x7f03d94b5690>,8,28,[11  1],9,27,55,18,27
1,<environment.Job instance at 0x7f03d94b5be0>,5,23,[14  3],6,56,79,50,50
1,<environment.Job instance at 0x7f03d94ac690>,11,27,[7 2],12,79,106,67,77
1,<environment.Job instance at 0x7f03d94ac500>,15,28,[6 4],16,85,113,69,85
1,<environment.Job instance at 0x7f03d940ad70>,0,28,[1 7],1,1,29,0,1
1,<environment.Job instance at 0x7f03d940abe0>,1,22,[4 8],2,2,24,0,2
1,<environment.Job instance at 0x7f03d940a4b0>,8,28,[3 5],9,24,52,15,23
1,<environment.Job instance at 0x7f03d940a3c0>,4,24,[12  1],5,29,53,24,24
1,<environment.Job instance at 0x7f03d9574e10>,14,20,[7 3],15,53,73,38,44
1,<environment.Job instance at 0x7f03d9574320>,15,27,[2 8],16,52,79,36,50
1,<environment.Job instance at 0x7f03d940a8c0>,7,19,[ 5 13],8,79,98,71,70
1,<environment.Job instance at 0x7f03d9574f50>,18,20,[12  2],19,98,118,79,92
1,<environment.Job instance at 0x7f03d9574b40>,19,24,[ 5 11],20,118,142,98,113
1,<environment.Job instance at 0x7f03d9879230>,21,27,[ 4 12],22,142,169,120,140
1,<environment.Job instance at 0x7f03d98793c0>,22,23,[5 7],23,169,192,146,163
1,<environment.Job instance at 0x7f03d9444aa0>,0,24,[12  5],1,1,25,0,1
1,<environment.Job instance at 0x7f03d98793c0>,2,22,[12  1],3,25,47,22,18
1,<environment.Job instance at 0x7f03d98b6d70>,7,24,[ 3 11],8,29,53,21,29
1,<environment.Job instance at 0x7f03d98b6eb0>,9,25,[12  3],10,47,72,37,43
1,<environment.Job instance at 0x7f04236adfa0>,0,28,[9 5],1,1,29,0,1
1,<environment.Job instance at 0x7f04236adf50>,2,26,[9 3],3,29,55,26,26
1,<environment.Job instance at 0x7f04236adc30>,4,28,[ 4 14],5,55,83,50,54
1,<environment.Job instance at 0x7f04236ad4b0>,8,24,[3 9],9,83,107,74,78
1,<environment.Job instance at 0x7f04236ad3c0>,3,27,[ 5 13],4,107,134,103,105
1,<environment.Job instance at 0x7f04240a3230>,1,24,[14  4],2,2,26,0,2
1,<environment.Job instance at 0x7f042454f730>,2,26,[12  3],3,26,52,23,23
1,<environment.Job instance at 0x7f0423ac6b40>,4,23,[8 4],5,52,75,47,46
1,<environment.Job instance at 0x7f0423ac6aa0>,6,25,[13  1],7,75,100,68,71
1,<environment.Job instance at 0x7f042340dcd0>,9,22,[14  4],10,100,122,90,93
1,<environment.Job instance at 0x7f042340dc80>,11,28,[ 2 10],12,122,150,110,121
1,<environment.Job instance at 0x7f042340d280>,12,22,[7 5],13,122,144,109,121
1,<environment.Job instance at 0x7f0423b37c80>,1,23,[14  1],2,2,25,0,2
1,<environment.Job instance at 0x7f03d9ade230>,5,24,[9 5],6,25,49,19,20
1,<environment.Job instance at 0x7f03d9ade370>,7,24,[14  3],8,49,73,41,44
1,<environment.Job instance at 0x7f04241d0fa0>,4,19,[ 4 11],5,73,92,68,63
1,<environment.Job instance at 0x7f03d9ade2d0>,9,23,[14  3],10,92,115,82,86
1,<environment.Job instance at 0x7f03d9ade410>,10,28,[ 4 11],11,115,143,104,114
1,<environment.Job instance at 0x7f03d9ade4b0>,11,27,[5 5],12,143,170,131,141
1,<environment.Job instance at 0x7f03d9ade550>,12,24,[5 2],13,141,165,128,141
1,<environment.Job instance at 0x7f03d9ade320>,8,19,[ 1 14],9,1991,2010,1982,1991
1,<environment.Job instance at 0x7f03d9ade690>,14,27,[5 1],15,1991,2018,1976,1991
1,<environment.Job instance at 0x7f03d9ade730>,15,27,[ 2 11],16,2010,2037,1994,2008
1,<environment.Job instance at 0x7f03d9ade7d0>,16,28,[12  4],17,2018,2046,2001,2017
1,<environment.Job instance at 0x7f0423283730>,0,23,[ 3 11],1,1,24,0,1
1,<environment.Job instance at 0x7f03d9adea00>,1,20,[7 4],2,2,22,0,2
1,<environment.Job instance at 0x7f03d9ade870>,4,25,[2 7],5,24,49,19,20
1,<environment.Job instance at 0x7f042388da00>,3,26,[ 4 14],4,49,75,45,46
1,<environment.Job instance at 0x7f03d94b65f0>,15,22,[ 5 12],16,75,97,59,68
1,<environment.Job instance at 0x7f0423e95190>,19,26,[6 2],20,75,101,55,73
1,<environment.Job instance at 0x7f03d948cd70>,20,25,[ 4 14],21,101,126,80,97
1,<environment.Job instance at 0x7f03d948c780>,22,20,[14  3],23,126,146,103,118
1,<environment.Job instance at 0x7f03d96e97d0>,23,25,[14  5],24,146,171,122,142
1,<environment.Job instance at 0x7f03d96e9dc0>,24,26,[10  2],25,171,197,146,168
1,<environment.Job instance at 0x7f03d94b60f0>,17,18,[ 1 12],18,2713,2731,2695,2713
1,<environment.Job instance at 0x7f03d9866460>,26,21,[8 1],27,2713,2734,2686,2713
1,<environment.Job instance at 0x7f03d946b320>,27,26,[12  5],28,2734,2760,2706,2731
1,<environment.Job instance at 0x7f03d9a73dc0>,28,28,[8 3],29,2760,2788,2731,2759
1,<environment.Job instance at 0x7f03d987a3c0>,1,25,[5 5],2,2,27,0,2
1,<environment.Job instance at 0x7f04239de190>,2,26,[2 9],3,3,29,0,3
1,<environment.Job instance at 0x7f04239de5a0>,5,27,[10  3],6,27,54,21,25
1,<environment.Job instance at 0x7f0423667f50>,3,22,[5 3],4,29,51,25,25
1,<environment.Job instance at 0x7f0423b19780>,9,23,[14  4],10,54,77,44,48
1,<environment.Job instance at 0x7f04239de7d0>,6,27,[ 1 11],7,51,78,44,49
1,<environment.Job instance at 0x7f0423b03cd0>,8,22,[ 2 11],9,78,100,69,71
1,<environment.Job instance at 0x7f042473b7d0>,10,22,[13  2],11,77,99,66,71
1,<environment.Job instance at 0x7f0423aeccd0>,13,26,[5 5],14,100,126,86,97
1,<environment.Job instance at 0x7f0423f33320>,15,26,[5 8],16,100,126,84,99
1,<environment.Job instance at 0x7f0423419be0>,1,22,[5 5],2,2,24,0,2
1,<environment.Job instance at 0x7f0423f33410>,2,25,[7 5],3,3,28,0,3
1,<environment.Job instance at 0x7f03d94c4af0>,6,25,[14  4],7,28,53,21,24
1,<environment.Job instance at 0x7f03d94c49b0>,5,21,[ 5 14],6,53,74,47,45
1,<environment.Job instance at 0x7f03d94c4c80>,10,27,[ 4 11],11,74,101,63,72
1,<environment.Job instance at 0x7f03d94c4820>,15,26,[14  1],16,101,127,85,98
1,<environment.Job instance at 0x7f03d94c4e60>,13,27,[ 2 11],14,127,154,113,125
1,<environment.Job instance at 0x7f03d94fc1e0>,18,22,[5 8],19,154,176,135,147
1,<environment.Job instance at 0x7f03d94fc140>,17,25,[13  1],18,176,201,158,172
1,<environment.Job instance at 0x7f03d94fc3c0>,21,22,[ 4 12],22,201,223,179,194
1,<environment.Job instance at 0x7f03d94fc460>,22,24,[12  4],23,223,247,200,218
1,<environment.Job instance at 0x7f03d94fc730>,27,23,[2 6],28,223,246,195,219
1,<environment.Job instance at 0x7f03d94c4fa0>,14,20,[14  2],15,247,267,232,243
1,<environment.Job instance at 0x7f03d9580460>,1,21,[ 2 12],2,2,23,0,2
1,<environment.Job instance at 0x7f042365ce60>,4,24,[9 3],5,5,29,0,5
1,<environment.Job instance at 0x7f042365c500>,5,28,[9 3],6,29,57,23,28
1,<environment.Job instance at 0x7f042365ca50>,7,22,[5 7],8,28,50,20,28
1,<environment.Job instance at 0x7f03d9580500>,3,28,[3 8],4,50,78,46,49
1,<environment.Job instance at 0x7f042365c4b0>,11,24,[13  4],12,78,102,66,73
1,<environment.Job instance at 0x7f042365c8c0>,12,27,[8 2],13,102,129,89,100
1,<environment.Job instance at 0x7f042365ccd0>,13,25,[14  2],14,129,154,115,125
1,<environment.Job instance at 0x7f042365c640>,14,27,[4 5],15,154,181,139,152
1,<environment.Job instance at 0x7f042365c3c0>,15,23,[12  2],16,181,204,165,175
1,<environment.Job instance at 0x7f042365c1e0>,17,20,[1 9],18,175,195,157,175
1,<environment.Job instance at 0x7f0423b460f0>,4,28,[ 5 11],5,5,33,0,5
1,<environment.Job instance at 0x7f0423f15460>,6,23,[ 5 11],7,33,56,26,27
1,<environment.Job instance at 0x7f0423f15910>,7,24,[10  2],8,27,51,19,27
1,<environment.Job instance at 0x7f0423f15c30>,8,28,[14  5],9,56,84,47,55
1,<environment.Job instance at 0x7f0423f15d20>,11,28,[ 5 11],12,84,112,72,83
1,<environment.Job instance at 0x7f042365c1e0>,3,20,[ 5 12],4,112,132,108,103
1,<environment.Job instance at 0x7f0423f151e0>,14,28,[7 4],15,132,160,117,131
1,<environment.Job instance at 0x7f0423f15d70>,13,18,[ 4 11],14,284,302,270,284
1,<environment.Job instance at 0x7f0423f15dc0>,16,24,[11  2],17,284,308,267,284
1,<environment.Job instance at 0x7f0423f15410>,17,20,[8 1],18,308,328,290,299
1,<environment.Job instance at 0x7f0423f15050>,15,19,[14  5],16,490,509,474,490
1,<environment.Job instance at 0x7f03d97733c0>,1,27,[12  3],2,2,29,0,2
1,<environment.Job instance at 0x7f042371cb90>,6,24,[ 5 12],7,29,53,22,24
1,<environment.Job instance at 0x7f042371c730>,8,24,[7 2],9,29,53,20,25
1,<environment.Job instance at 0x7f04234870f0>,3,26,[ 4 11],4,53,79,49,50
1,<environment.Job instance at 0x7f04236e8f00>,15,28,[8 4],16,53,81,37,52
1,<environment.Job instance at 0x7f04236e88c0>,13,19,[ 4 11],14,79,98,65,73
1,<environment.Job instance at 0x7f0423f0ec80>,2,24,[14  4],3,3,27,0,3
1,<environment.Job instance at 0x7f04235e99b0>,3,25,[2 8],4,27,52,23,23
1,<environment.Job instance at 0x7f0423920780>,6,27,[13  4],7,27,54,20,25
1,<environment.Job instance at 0x7f03d99943c0>,8,25,[ 1 12],9,54,79,45,50
1,<environment.Job instance at 0x7f03d9b14d70>,12,25,[ 3 12],13,79,104,66,75
1,<environment.Job instance at 0x7f03d9994410>,11,20,[14  5],12,104,124,92,95
1,<environment.Job instance at 0x7f03d99944b0>,10,27,[ 2 13],11,124,151,113,122
1,<environment.Job instance at 0x7f03d92deaa0>,0,21,[5 3],1,1,22,0,1
1,<environment.Job instance at 0x7f03d99945a0>,1,24,[ 4 12],2,2,26,0,2
1,<environment.Job instance at 0x7f03d9523af0>,8,25,[1 7],9,26,51,17,22
1,<environment.Job instance at 0x7f03d9523cd0>,10,25,[ 2 11],11,51,76,40,47
1,<environment.Job instance at 0x7f03d9523aa0>,11,26,[1 9],12,76,102,64,73
1,<environment.Job instance at 0x7f03d9523c30>,12,28,[9 3],13,73,101,60,73
1,<environment.Job instance at 0x7f03d9523910>,14,28,[11  3],15,101,129,86,100
1,<environment.Job instance at 0x7f03d95232d0>,13,21,[12  3],14,129,150,115,121
1,<environment.Job instance at 0x7f04232f9280>,17,27,[ 3 13],18,150,177,132,148
1,<environment.Job instance at 0x7f04232f92d0>,18,22,[ 2 11],19,177,199,158,170
1,<environment.Job instance at 0x7f04232f90f0>,19,24,[ 2 13],20,199,223,179,194
1,<environment.Job instance at 0x7f03d9523f50>,6,21,[ 4 14],7,223,244,216,215
1,<environment.Job instance at 0x7f04232eddc0>,27,20,[14  4],28,244,264,216,235
1,<environment.Job instance at 0x7f03d95231e0>,16,20,[ 4 11],17,264,284,247,255
1,<environment.Job instance at 0x7f04232edc80>,29,26,[4 8],30,284,310,254,281
1,<environment.Job instance at 0x7f04232ed410>,28,22,[ 1 14],29,310,332,281,303
1,<environment.Job instance at 0x7f04232ed0f0>,31,27,[4 9],32,332,359,300,330
1,<environment.Job instance at 0x7f0423876780>,2,22,[1 6],3,3,25,0,3
1,<environment.Job instance at 0x7f03d9ae72d0>,7,24,[5 2],8,8,32,0,8
1,<environment.Job instance at 0x7f03d9ae74b0>,8,23,[ 2 13],9,25,48,16,19
1,<environment.Job instance at 0x7f0423cecd20>,0,21,[5 9],1,1,22,0,1
1,<environment.Job instance at 0x7f0423a53be0>,7,23,[14  1],8,22,45,14,16
1,<environment.Job instance at 0x7f03d91eb370>,0,19,[7 4],1,1,20,0,1
1,<environment.Job instance at 0x7f0423456280>,3,21,[7 2],4,4,25,0,4
1,<environment.Job instance at 0x7f04234562d0>,5,24,[11  5],6,25,49,19,20
1,<environment.Job instance at 0x7f03d91eba00>,6,27,[8 3],7,49,76,42,47
1,<environment.Job instance at 0x7f04234566e0>,7,28,[13  3],8,76,104,68,75
1,<environment.Job instance at 0x7f04234560f0>,8,26,[ 4 11],9,104,130,95,101
1,<environment.Job instance at 0x7f04234569b0>,13,23,[11  5],14,130,153,116,124
1,<environment.Job instance at 0x7f0423456cd0>,14,22,[11  1],15,153,175,138,146
1,<environment.Job instance at 0x7f0423470d70>,15,24,[9 2],16,175,199,159,170
1,<environment.Job instance at 0x7f04234563c0>,9,19,[12  4],10,199,218,189,189
1,<environment.Job instance at 0x7f0423b59f50>,1,23,[12  2],2,2,25,0,2
1,<environment.Job instance at 0x7f0423f85320>,2,24,[11  2],3,25,49,22,20
1,<environment.Job instance at 0x7f0423f85e10>,5,28,[ 1 13],6,20,48,14,20
1,<environment.Job instance at 0x7f0423e35730>,8,25,[8 1],9,49,74,40,45
1,<environment.Job instance at 0x7f0423b59050>,0,21,[13  1],1,74,95,73,67
1,<environment.Job instance at 0x7f04238ff910>,12,20,[4 7],13,95,115,82,86
1,<environment.Job instance at 0x7f0423e356e0>,15,23,[11  5],16,95,118,79,89
1,<environment.Job instance at 0x7f03d95643c0>,17,28,[7 3],18,118,146,100,117
1,<environment.Job instance at 0x7f03d9230d20>,18,25,[4 8],19,117,142,98,117
1,<environment.Job instance at 0x7f0423e9e1e0>,13,21,[13  2],14,146,167,132,138
1,<environment.Job instance at 0x7f03d94f6730>,21,20,[1 6],22,142,162,120,138
1,<environment.Job instance at 0x7f0423c18eb0>,24,28,[13  5],25,167,195,142,166
1,<environment.Job instance at 0x7f03d9571640>,25,23,[9 3],26,195,218,169,189
1,<environment.Job instance at 0x7f0423bdc280>,26,23,[8 1],27,218,241,191,212
1,<environment.Job instance at 0x7f0423d16eb0>,23,22,[ 1 10],24,212,234,188,212
1,<environment.Job instance at 0x7f0423bffaa0>,28,23,[4 8],29,234,257,205,228
1,<environment.Job instance at 0x7f0423c18550>,27,21,[13  4],28,257,278,229,249
1,<environment.Job instance at 0x7f0423bff6e0>,30,21,[ 3 13],31,278,299,247,270
1,<environment.Job instance at 0x7f4cb6aa9280>,0,24,[2 8],1,1,25,0,1
1,<environment.Job instance at 0x7f4cb6b31820>,2,26,[10  1],3,3,29,0,3
1,<environment.Job instance at 0x7f4cb594a320>,4,24,[ 3 11],5,25,49,20,20
1,<environment.Job instance at 0x7f4cb594a460>,8,24,[ 2 12],9,49,73,40,44
1,<environment.Job instance at 0x7f4cb594a780>,12,22,[4 6],13,73,95,60,66
1,<environment.Job instance at 0x7f4cb594a820>,13,27,[3 8],14,73,100,59,71
1,<environment.Job instance at 0x7f4cb594a960>,15,24,[ 2 13],16,100,124,84,95
1,<environment.Job instance at 0x7f4cb594aa00>,16,19,[ 3 12],17,124,143,107,117
1,<environment.Job instance at 0x7f4cb594a4b0>,6,19,[ 1 13],7,143,162,136,143
1,<environment.Job instance at 0x7f4cb594abe0>,19,21,[14  4],20,162,183,142,154
1,<environment.Job instance at 0x7f4cb594adc0>,21,22,[14  2],22,183,205,161,176
1,<environment.Job instance at 0x7f4cb594ae10>,22,25,[ 4 12],23,205,230,182,201
1,<environment.Job instance at 0x7f4cb594afa0>,24,20,[ 3 12],25,230,250,205,221
1,<environment.Job instance at 0x7f4cb6ad0730>,4,24,[5 6],5,5,29,0,5
1,<environment.Job instance at 0x7f4cb6ad0e10>,2,21,[ 2 13],3,29,50,26,21
1,<environment.Job instance at 0x7f4cb6ad0eb0>,7,22,[12  1],8,29,51,21,22
1,<environment.Job instance at 0x7f4cb6ad0be0>,10,21,[4 6],11,51,72,40,43
1,<environment.Job instance at 0x7f4cb6ad0a00>,11,27,[4 8],12,51,78,39,49
1,<environment.Job instance at 0x7f4cb6ad0050>,12,27,[5 4],13,72,99,59,70
1,<environment.Job instance at 0x7f4cb6ad0e60>,8,19,[1 9],9,78,97,69,70
1,<environment.Job instance at 0x7f4cb6c16370>,14,22,[2 9],15,97,119,82,90
1,<environment.Job instance at 0x7f4cb5966fa0>,1,18,[ 3 12],2,2198,2216,2196,2198
1,<environment.Job instance at 0x7f4cb6c16140>,17,21,[ 3 12],18,2216,2237,2198,2208
1,<environment.Job instance at 0x7f4cb6c16a50>,18,26,[ 1 11],19,2237,2263,2218,2234
1,<environment.Job instance at 0x7f4cb6c164b0>,19,28,[3 6],20,2263,2291,2243,2262
1,<environment.Job instance at 0x7f4cb6c16f00>,20,21,[ 3 12],21,2291,2312,2270,2283
1,<environment.Job instance at 0x7f4c6ba25460>,0,24,[11  3],1,1,25,0,1
1,<environment.Job instance at 0x7f4c6ba25f00>,4,28,[6 3],5,25,53,20,24
1,<environment.Job instance at 0x7f4cb6c16f00>,2,24,[14  3],3,53,77,50,48
1,<environment.Job instance at 0x7f4c6ba259b0>,7,28,[11  1],8,77,105,69,76
1,<environment.Job instance at 0x7f4cb6c16640>,1,22,[ 5 14],2,105,127,103,100
1,<environment.Job instance at 0x7f4c6ba250a0>,9,21,[6 4],10,127,148,117,119
1,<environment.Job instance at 0x7f4c6ba25eb0>,6,24,[ 5 14],7,148,172,141,143
1,<environment.Job instance at 0x7f4c6ba25050>,13,24,[ 5 11],14,172,196,158,167
1,<environment.Job instance at 0x7f4c6ba25c80>,14,19,[10  4],15,172,191,157,167
1,<environment.Job instance at 0x7f4c6bb520a0>,1,27,[12  2],2,2,29,0,2
1,<environment.Job instance at 0x7f4c6ba25f50>,2,26,[13  4],3,29,55,26,26
1,<environment.Job instance at 0x7f4c6b9520a0>,5,24,[ 4 10],6,55,79,49,50
1,<environment.Job instance at 0x7f4c6b952aa0>,9,20,[11  1],10,55,75,45,50
1,<environment.Job instance at 0x7f4c6b952cd0>,13,24,[6 1],14,75,99,61,70
1,<environment.Job instance at 0x7f4c6b952960>,15,21,[12  1],16,99,120,83,91
1,<environment.Job instance at 0x7f4c6b952050>,17,26,[7 4],18,120,146,102,117
1,<environment.Job instance at 0x7f4c6ba1f460>,19,27,[11  5],20,146,173,126,144
1,<environment.Job instance at 0x7f4c6ba1f230>,21,25,[9 2],22,173,198,151,169
1,<environment.Job instance at 0x7f4c6ba1f1e0>,23,21,[8 2],24,198,219,174,190
1,<environment.Job instance at 0x7f4c6ba1f820>,24,21,[14  5],25,219,240,194,211
1,<environment.Job instance at 0x7f4c6ba1f140>,26,27,[3 8],27,240,267,213,238
1,<environment.Job instance at 0x7f4c6ba1f7d0>,27,20,[ 3 13],28,267,287,239,258
1,<environment.Job instance at 0x7f4cb6b2cdc0>,1,23,[8 4],2,2,25,0,2
1,<environment.Job instance at 0x7f4c6ba1f8c0>,2,23,[9 3],3,25,48,22,19
1,<environment.Job instance at 0x7f4c6ba1f7d0>,3,24,[ 4 11],4,19,43,15,19
1,<environment.Job instance at 0x7f4c6bd96500>,10,27,[ 4 10],11,43,70,32,41
1,<environment.Job instance at 0x7f4c6bd965a0>,11,28,[ 4 14],12,70,98,58,69
1,<environment.Job instance at 0x7f4c6bd966e0>,13,27,[11  1],14,70,97,56,70
1,<environment.Job instance at 0x7f4c6bd968c0>,16,28,[4 9],17,98,126,81,97
1,<environment.Job instance at 0x7f4c6bd96960>,17,28,[7 5],18,98,126,80,97
1,<environment.Job instance at 0x7f4cb6477190>,0,26,[14  4],1,1,27,0,1
1,<environment.Job instance at 0x7f4cb6242c30>,4,24,[9 2],5,27,51,22,22
1,<environment.Job instance at 0x7f4cb6242e10>,7,27,[ 2 13],8,27,54,19,25
1,<environment.Job instance at 0x7f4cb6093eb0>,4,26,[1 6],5,5,31,0,5
1,<environment.Job instance at 0x7f4cb6093b90>,5,23,[5 5],6,6,29,0,6
1,<environment.Job instance at 0x7f4cb63f1e10>,6,27,[12  2],7,29,56,22,27
1,<environment.Job instance at 0x7f4cb5d10410>,3,20,[12  4],4,56,76,52,47
1,<environment.Job instance at 0x7f4cb5f5cb40>,12,25,[14  3],13,76,101,63,72
1,<environment.Job instance at 0x7f4cb5f5caa0>,13,23,[14  5],14,101,124,87,95
1,<environment.Job instance at 0x7f4cb62bfe10>,14,27,[12  3],15,124,151,109,122
1,<environment.Job instance at 0x7f4cb5f5c960>,15,22,[11  3],16,151,173,135,144
1,<environment.Job instance at 0x7f4cb6473d20>,16,28,[ 1 13],17,173,201,156,172
1,<environment.Job instance at 0x7f4cb5f6e5a0>,17,25,[12  4],18,201,226,183,197
1,<environment.Job instance at 0x7f4c6bf19780>,5,28,[3 8],6,6,34,0,6
1,<environment.Job instance at 0x7f4cb5888550>,0,24,[5 7],1,1,25,0,1
1,<environment.Job instance at 0x7f4c6bc670a0>,3,27,[ 2 10],4,25,52,21,23
1,<environment.Job instance at 0x7f4c6bbea190>,8,28,[ 2 14],9,52,80,43,51
1,<environment.Job instance at 0x7f4cb5bf3960>,9,28,[11  1],10,51,79,41,51
1,<environment.Job instance at 0x7f4c6bbeaaf0>,10,22,[8 3],11,80,102,69,73
1,<environment.Job instance at 0x7f4c6bbea140>,11,28,[8 2],12,102,130,90,101
1,<environment.Job instance at 0x7f4c6bbeaa50>,12,21,[ 1 11],13,101,122,88,101
1,<environment.Job instance at 0x7f4c6bbea2d0>,13,21,[9 1],14,130,151,116,122
1,<environment.Job instance at 0x7f4c6bee3190>,6,20,[ 1 13],7,122,142,115,122
1,<environment.Job instance at 0x7f4cb5cbddc0>,17,20,[11  1],18,151,171,133,142
1,<environment.Job instance at 0x7f4cb64960f0>,18,22,[ 5 12],19,171,193,152,164
1,<environment.Job instance at 0x7f4cb5cbdc30>,16,21,[14  4],17,193,214,176,185
1,<environment.Job instance at 0x7f4cb6496b90>,20,27,[ 2 13],21,214,241,193,212
1,<environment.Job instance at 0x7f4cb5cbda50>,14,21,[14  2],15,241,262,226,233
1,<environment.Job instance at 0x7f4cb64962d0>,22,27,[ 4 13],23,262,289,239,260
1,<environment.Job instance at 0x7f4c6bd2b780>,7,28,[ 4 12],8,8,36,0,8
1,<environment.Job instance at 0x7f4c6bf26fa0>,10,26,[6 4],11,36,62,25,33
1,<environment.Job instance at 0x7f4c6bdc4550>,13,21,[9 1],14,33,54,19,33
1,<environment.Job instance at 0x7f4cb5dfe230>,1,24,[14  3],2,2,26,0,2
1,<environment.Job instance at 0x7f4cb5dd64b0>,3,24,[12  2],4,26,50,22,23
1,<environment.Job instance at 0x7f4c6bdc4550>,4,28,[3 6],5,26,54,21,25
1,<environment.Job instance at 0x7f4cb62f90f0>,7,20,[4 5],8,50,70,42,41
1,<environment.Job instance at 0x7f4cb62f9140>,9,25,[ 3 10],10,54,79,44,50
1,<environment.Job instance at 0x7f4c6bcfffa0>,5,21,[ 2 14],6,79,100,73,73
1,<environment.Job instance at 0x7f4c6bf2a960>,2,23,[ 1 14],3,100,123,97,100
1,<environment.Job instance at 0x7f4cb62f9500>,15,28,[9 3],16,123,151,107,122
1,<environment.Job instance at 0x7f4cb62f9280>,11,21,[ 2 12],12,124,145,112,124
1,<environment.Job instance at 0x7f4cb62f9640>,17,22,[5 7],18,145,167,127,138
1,<environment.Job instance at 0x7f4cb62f96e0>,18,22,[ 1 10],19,167,189,148,160
1,<environment.Job instance at 0x7f4cb62f9780>,19,26,[3 8],20,189,215,169,186
1,<environment.Job instance at 0x7f4cb62f9780>,3,20,[ 5 12],4,4,24,0,4
1,<environment.Job instance at 0x7f4cb5badcd0>,4,28,[ 5 11],5,24,52,19,23
1,<environment.Job instance at 0x7f4cb5badf50>,7,24,[10  2],8,23,47,15,23
1,<environment.Job instance at 0x7f4cb5bad140>,8,28,[14  5],9,52,80,43,51
1,<environment.Job instance at 0x7f4cb5bad4b0>,6,23,[ 5 11],7,80,103,73,74
1,<environment.Job instance at 0x7f4cb5bad320>,11,28,[ 5 11],12,103,131,91,102
1,<environment.Job instance at 0x7f4cb5fd50f0>,14,28,[7 4],15,102,130,87,102
1,<environment.Job instance at 0x7f4cb5fd5140>,15,19,[14  5],16,131,150,115,126
1,<environment.Job instance at 0x7f4cb5fd58c0>,16,24,[11  2],17,150,174,133,145
1,<environment.Job instance at 0x7f4cb5ff9050>,5,28,[8 4],6,6,34,0,6
1,<environment.Job instance at 0x7f4cb5ff9780>,3,19,[ 4 11],4,9,28,5,9
1,<environment.Job instance at 0x7f4c6b8ca960>,1,27,[6 2],2,2,29,0,2
1,<environment.Job instance at 0x7f4cb5e302d0>,5,27,[ 5 12],6,6,33,0,6
1,<environment.Job instance at 0x7f4cb5d26f50>,7,28,[9 4],8,33,61,25,32
1,<environment.Job instance at 0x7f4cb5d26f00>,9,28,[2 9],10,33,61,23,32
1,<environment.Job instance at 0x7f4cb5d26d20>,8,25,[ 1 12],9,61,86,52,57
1,<environment.Job instance at 0x7f4cb5a2f2d0>,1,27,[4 9],2,2,29,0,2
1,<environment.Job instance at 0x7f4cb58b6be0>,6,27,[ 4 11],7,29,56,22,27
1,<environment.Job instance at 0x7f4cb5f71f00>,8,24,[ 5 11],9,56,80,47,51
1,<environment.Job instance at 0x7f4cb5f71460>,9,27,[ 1 12],10,80,107,70,78
1,<environment.Job instance at 0x7f4cb5f71050>,10,23,[11  1],11,80,103,69,78
1,<environment.Job instance at 0x7f4c6b763be0>,14,26,[1 5],15,107,133,92,104
1,<environment.Job instance at 0x7f4cb5fff640>,5,12,[14  2],6,902,914,896,902
1,<environment.Job instance at 0x7f4c6b7632d0>,16,26,[ 4 12],17,914,940,897,911
1,<environment.Job instance at 0x7f4c6b763a50>,19,20,[9 1],20,915,935,895,915
1,<environment.Job instance at 0x7f4cb5ac8730>,0,27,[ 2 12],1,1,28,0,1
1,<environment.Job instance at 0x7f4c6b763a50>,3,22,[10  4],4,28,50,24,21
1,<environment.Job instance at 0x7f4cb5cf1910>,7,24,[8 2],8,50,74,42,45
1,<environment.Job instance at 0x7f4cb5cf17d0>,8,26,[14  4],9,74,100,65,71
1,<environment.Job instance at 0x7f4c6b714050>,12,23,[8 1],13,100,123,87,94
1,<environment.Job instance at 0x7f4c6b714fa0>,14,24,[4 7],15,100,124,85,95
1,<environment.Job instance at 0x7f4c6b714730>,15,22,[ 4 14],16,124,146,108,117
1,<environment.Job instance at 0x7f4c6b714780>,16,21,[13  5],17,146,167,129,138
1,<environment.Job instance at 0x7f4c6b7141e0>,18,22,[4 7],19,167,189,148,160
1,<environment.Job instance at 0x7f4cb5cf1fa0>,6,25,[ 1 14],7,189,214,182,185
1,<environment.Job instance at 0x7f4c6b714280>,20,22,[3 5],21,214,236,193,207
1,<environment.Job instance at 0x7f4c6b714be0>,21,27,[ 3 13],22,236,263,214,234
1,<environment.Job instance at 0x7f4c6b714f00>,22,27,[4 8],23,263,290,240,261
1,<environment.Job instance at 0x7f4cb5cf1af0>,10,23,[ 1 11],11,290,313,279,284
1,<environment.Job instance at 0x7f4c6b714cd0>,24,22,[2 8],25,313,335,288,306
1,<environment.Job instance at 0x7f4c6b714eb0>,26,20,[1 7],27,317,337,290,317
1,<environment.Job instance at 0x7f4c6b714640>,30,27,[10  3],31,335,362,304,333
1,<environment.Job instance at 0x7f4c6b714870>,31,28,[1 7],32,337,365,305,336
1,<environment.Job instance at 0x7f4cb5cf1370>,5,19,[ 3 11],6,365,384,359,361
1,<environment.Job instance at 0x7f4c6bca8460>,34,23,[3 9],35,384,407,349,378
1,<environment.Job instance at 0x7f4c6b6e7fa0>,0,27,[9 5],1,1,28,0,1
1,<environment.Job instance at 0x7f4c6b6e7aa0>,3,28,[7 5],4,28,56,24,27
1,<environment.Job instance at 0x7f4cb59bca00>,7,26,[11  1],8,56,82,48,53
1,<environment.Job instance at 0x7f4cb59bcaa0>,10,21,[6 3],11,82,103,71,74
1,<environment.Job instance at 0x7f4cb59bc960>,11,20,[6 5],12,82,102,70,74
1,<environment.Job instance at 0x7f4cb59bcbe0>,12,26,[5 9],13,102,128,89,99
1,<environment.Job instance at 0x7f4cb59dc730>,6,21,[14  5],7,128,149,121,120
1,<environment.Job instance at 0x7f4cb59e80a0>,18,25,[ 2 14],19,149,174,130,147
1,<environment.Job instance at 0x7f4cb59bcfa0>,14,28,[ 1 13],15,174,202,159,173
1,<environment.Job instance at 0x7f4cb59e8e60>,21,25,[3 6],22,202,227,180,198
1,<environment.Job instance at 0x7f4c6bca8460>,2,19,[ 5 13],3,227,246,224,217
1,<environment.Job instance at 0x7f4cb59e8fa0>,24,24,[7 3],25,246,270,221,241
1,<environment.Job instance at 0x7f4c6b668cd0>,0,23,[6 2],1,1,24,0,1
1,<environment.Job instance at 0x7f4c6b6db730>,5,25,[9 2],6,6,31,0,6
1,<environment.Job instance at 0x7f4c6b6dbbe0>,6,23,[12  5],7,31,54,24,25
1,<environment.Job instance at 0x7f4c6b6db280>,7,24,[ 5 14],8,54,78,46,49
1,<environment.Job instance at 0x7f4c6b9035f0>,1,24,[4 7],2,2,26,0,2
1,<environment.Job instance at 0x7f4c6bf33050>,5,21,[12  5],6,26,47,20,21
1,<environment.Job instance at 0x7f4c6bf33e10>,6,22,[ 1 11],7,47,69,40,41
1,<environment.Job instance at 0x7f4c6b949640>,2,28,[ 4 12],3,69,97,66,68
1,<environment.Job instance at 0x7f4c6b6db280>,3,21,[8 2],4,68,89,64,68
1,<environment.Job instance at 0x7f4c6bf39f50>,13,24,[ 4 14],14,97,121,83,92
1,<environment.Job instance at 0x7f4c6bf39b40>,15,23,[2 6],16,121,144,105,115
1,<environment.Job instance at 0x7f4c6bf39a50>,16,21,[14  2],17,144,165,127,136
1,<environment.Job instance at 0x7f4c6bf39cd0>,14,21,[14  4],15,165,186,150,157
1,<environment.Job instance at 0x7f4c6bf39af0>,18,24,[ 5 11],19,186,210,167,181
1,<environment.Job instance at 0x7f4c6bf39870>,21,26,[4 9],22,210,236,188,207
1,<environment.Job instance at 0x7f4cb59ce2d0>,3,25,[2 8],4,4,29,0,4
1,<environment.Job instance at 0x7f4c6bc7ca50>,6,22,[14  1],7,29,51,22,22
1,<environment.Job instance at 0x7f4c6bc6ce60>,12,19,[11  4],13,51,70,38,50
1,<environment.Job instance at 0x7f4c6bef82d0>,14,25,[3 9],15,51,76,36,50
1,<environment.Job instance at 0x7f4c6bef84b0>,15,22,[6 5],16,70,92,54,63
1,<environment.Job instance at 0x7f4cb5ebfd20>,17,27,[9 5],18,76,103,58,74
1,<environment.Job instance at 0x7f568ba2b1e0>,0,24,[2 8],1,1,25,0,1
1,<environment.Job instance at 0x7f568bab3780>,2,26,[10  1],3,3,29,0,3
1,<environment.Job instance at 0x7f568ba2b370>,4,24,[ 3 11],5,25,49,20,20
1,<environment.Job instance at 0x7f568661b500>,8,24,[ 2 12],9,49,73,40,44
1,<environment.Job instance at 0x7f568661b8c0>,12,22,[4 6],13,73,95,60,66
1,<environment.Job instance at 0x7f568661b960>,13,27,[3 8],14,73,100,59,71
1,<environment.Job instance at 0x7f568661bb40>,15,24,[ 2 13],16,100,124,84,95
1,<environment.Job instance at 0x7f568661b460>,6,19,[ 1 13],7,124,143,117,124
1,<environment.Job instance at 0x7f568661bbe0>,16,19,[ 3 12],17,154,173,137,154
1,<environment.Job instance at 0x7f568661bcd0>,19,21,[14  4],20,173,194,153,165
1,<environment.Job instance at 0x7f568661bfa0>,21,22,[14  2],22,194,216,172,187
1,<environment.Job instance at 0x7f568661bf00>,22,25,[ 4 12],23,216,241,193,212
1,<environment.Job instance at 0x7f568661e050>,24,20,[ 3 12],25,241,261,216,238
1,<environment.Job instance at 0x7f568663b780>,0,21,[4 6],1,1,22,0,1
1,<environment.Job instance at 0x7f568661e230>,1,27,[4 8],2,2,29,0,2
1,<environment.Job instance at 0x7f568ba522d0>,2,27,[5 4],3,22,49,19,20
1,<environment.Job instance at 0x7f568ba52910>,4,22,[2 9],5,29,51,24,22
1,<environment.Job instance at 0x7f568ba52e60>,7,21,[ 3 12],8,51,72,43,43
1,<environment.Job instance at 0x7f568ba52be0>,10,21,[ 3 12],11,72,93,61,64
1,<environment.Job instance at 0x7f568ba52eb0>,8,26,[ 1 11],9,93,119,84,90
1,<environment.Job instance at 0x7f568bb9df50>,14,26,[ 3 12],15,119,145,104,116
1,<environment.Job instance at 0x7f5640b3eaa0>,1,24,[5 1],2,2,26,0,2
1,<environment.Job instance at 0x7f568bb9d6e0>,2,23,[ 1 13],3,3,26,0,3
1,<environment.Job instance at 0x7f568bb9d370>,5,22,[3 8],6,26,48,20,19
1,<environment.Job instance at 0x7f56409fd820>,7,26,[ 1 14],8,48,74,40,45
1,<environment.Job instance at 0x7f56409fd500>,10,27,[13  4],11,74,101,63,72
1,<environment.Job instance at 0x7f56409fd910>,11,22,[6 1],12,101,123,89,94
1,<environment.Job instance at 0x7f56409fd1e0>,13,21,[5 1],14,101,122,87,95
1,<environment.Job instance at 0x7f56409fd9b0>,14,23,[8 5],15,122,145,107,116
1,<environment.Job instance at 0x7f56409fd280>,15,20,[5 5],16,123,143,107,116
1,<environment.Job instance at 0x7f56409fd5f0>,17,20,[3 7],18,143,163,125,134
1,<environment.Job instance at 0x7f56409fd050>,18,27,[ 3 13],19,163,190,144,161
1,<environment.Job instance at 0x7f56409fd870>,20,22,[12  1],21,163,185,142,163
1,<environment.Job instance at 0x7f56409fd730>,19,20,[14  3],20,192,212,172,192
1,<environment.Job instance at 0x7f56409fdaf0>,6,19,[ 3 14],7,212,231,205,203
1,<environment.Job instance at 0x7f56409fdd20>,23,28,[5 7],24,231,259,207,230
1,<environment.Job instance at 0x7f56409fdd70>,24,28,[10  1],25,230,258,205,230
1,<environment.Job instance at 0x7f56409fdd70>,3,21,[3 9],4,4,25,0,4
1,<environment.Job instance at 0x7f56408bf140>,4,22,[7 4],5,5,27,0,5
1,<environment.Job instance at 0x7f56409fdc80>,7,28,[3 6],8,25,53,17,24
1,<environment.Job instance at 0x7f56408bfeb0>,5,22,[ 1 14],6,53,75,47,46
1,<environment.Job instance at 0x7f568ba2afa0>,12,26,[12  3],13,75,101,62,72
1,<environment.Job instance at 0x7f568ba2a730>,11,16,[ 1 11],12,365,381,353,365
1,<environment.Job instance at 0x7f564091f3c0>,16,28,[1 9],17,381,409,364,380
1,<environment.Job instance at 0x7f564091f960>,17,26,[7 3],18,380,406,362,380
1,<environment.Job instance at 0x7f5640c69e60>,0,23,[7 1],1,1,24,0,1
1,<environment.Job instance at 0x7f564091fd20>,2,24,[2 5],3,3,27,0,3
1,<environment.Job instance at 0x7f5640c69a00>,5,27,[4 9],6,6,33,0,6
1,<environment.Job instance at 0x7f5640d196e0>,7,24,[10  2],8,27,51,19,22
1,<environment.Job instance at 0x7f5640d19be0>,12,25,[11  2],13,51,76,38,47
1,<environment.Job instance at 0x7f5640d19dc0>,15,22,[14  5],16,76,98,60,69
1,<environment.Job instance at 0x7f5640d19fa0>,17,23,[9 5],18,98,121,80,92
1,<environment.Job instance at 0x7f5640d180f0>,18,23,[14  4],19,121,144,102,115
1,<environment.Job instance at 0x7f56890bafa0>,0,21,[5 4],1,1,22,0,1
1,<environment.Job instance at 0x7f5640d18050>,2,20,[4 5],3,3,23,0,3
1,<environment.Job instance at 0x7f56890bad70>,3,23,[6 5],4,4,27,0,4
1,<environment.Job instance at 0x7f56890ba280>,7,26,[8 5],8,23,49,15,20
1,<environment.Job instance at 0x7f5688ffa780>,11,24,[14  4],12,49,73,37,44
1,<environment.Job instance at 0x7f5688ffa0f0>,12,26,[12  3],13,73,99,60,70
1,<environment.Job instance at 0x7f56890ba500>,6,27,[4 6],7,99,126,92,97
1,<environment.Job instance at 0x7f5688ffa370>,14,23,[8 4],15,99,122,84,97
1,<environment.Job instance at 0x7f56890ba640>,5,20,[ 1 11],6,126,146,120,117
1,<environment.Job instance at 0x7f5688ffac80>,16,25,[13  1],17,126,151,109,122
1,<environment.Job instance at 0x7f5688ffa280>,19,22,[14  4],20,151,173,131,144
1,<environment.Job instance at 0x7f5640f53b90>,0,28,[ 4 11],1,1,29,0,1
1,<environment.Job instance at 0x7f5640f4b230>,1,27,[5 5],2,29,56,27,27
1,<environment.Job instance at 0x7f5640f4bd20>,6,28,[12  4],7,56,84,49,55
1,<environment.Job instance at 0x7f5640f4bcd0>,5,27,[ 2 11],6,56,83,50,55
1,<environment.Job instance at 0x7f5640f53f50>,2,24,[5 2],3,84,108,81,80
1,<environment.Job instance at 0x7f568688ca00>,10,23,[12  5],11,108,131,97,102
1,<environment.Job instance at 0x7f568688cd20>,11,23,[3 9],12,123,146,111,123
1,<environment.Job instance at 0x7f5640ae85a0>,9,27,[5 1],10,131,158,121,129
1,<environment.Job instance at 0x7f5640f4bdc0>,4,27,[5 1],5,131,158,126,129
1,<environment.Job instance at 0x7f5688d5faf0>,15,26,[7 5],16,158,184,142,155
1,<environment.Job instance at 0x7f5688d5f0a0>,14,21,[6 4],15,158,179,143,155
1,<environment.Job instance at 0x7f568676acd0>,1,24,[ 3 12],2,2,26,0,2
1,<environment.Job instance at 0x7f5686678d70>,5,26,[12  4],6,26,52,20,23
1,<environment.Job instance at 0x7f5688d5fc80>,2,23,[4 7],3,52,75,49,46
1,<environment.Job instance at 0x7f5686678f50>,7,21,[4 6],8,52,73,44,46
1,<environment.Job instance at 0x7f568666d370>,11,21,[ 5 14],12,75,96,63,67
1,<environment.Job instance at 0x7f568666d410>,12,21,[ 4 11],13,96,117,83,88
1,<environment.Job instance at 0x7f568666d4b0>,13,25,[2 7],14,117,142,103,113
1,<environment.Job instance at 0x7f568666d550>,14,23,[14  4],15,142,165,127,136
1,<environment.Job instance at 0x7f568666d690>,16,20,[5 7],17,165,185,148,156
1,<environment.Job instance at 0x7f568666d910>,20,24,[12  2],21,185,209,164,184
1,<environment.Job instance at 0x7f568666da50>,22,25,[8 3],23,209,234,186,205
1,<environment.Job instance at 0x7f5640ebc050>,2,20,[ 4 14],3,5,25,2,5
1,<environment.Job instance at 0x7f56407947d0>,6,26,[ 2 11],7,25,51,18,22
1,<environment.Job instance at 0x7f5686a4b910>,0,23,[6 3],1,1,24,0,1
1,<environment.Job instance at 0x7f56866b5d20>,5,27,[13  3],6,24,51,18,22
1,<environment.Job instance at 0x7f56866b5500>,6,24,[3 9],7,51,75,44,46
1,<environment.Job instance at 0x7f56408426e0>,7,20,[5 7],8,75,95,67,66
1,<environment.Job instance at 0x7f5640842320>,8,23,[14  1],9,95,118,86,89
1,<environment.Job instance at 0x7f5640842eb0>,9,27,[11  2],10,118,145,108,116
1,<environment.Job instance at 0x7f56865a69b0>,2,21,[ 4 13],3,118,139,115,117
1,<environment.Job instance at 0x7f5640eb0140>,12,22,[ 3 14],13,145,167,132,138
1,<environment.Job instance at 0x7f5640cb5190>,17,23,[9 3],18,167,190,149,161
1,<environment.Job instance at 0x7f568696c280>,18,23,[13  2],19,190,213,171,184
1,<environment.Job instance at 0x7f56408c2d20>,1,25,[13  1],2,2,27,0,2
1,<environment.Job instance at 0x7f5640963640>,5,23,[13  4],6,27,50,21,21
1,<environment.Job instance at 0x7f5640963870>,8,25,[5 4],9,50,75,41,46
1,<environment.Job instance at 0x7f5640963910>,9,22,[ 2 10],10,47,69,37,47
1,<environment.Job instance at 0x7f5640bb8b40>,4,27,[3 9],5,69,96,64,67
1,<environment.Job instance at 0x7f56409637d0>,7,26,[1 9],8,96,122,88,93
1,<environment.Job instance at 0x7f56409639b0>,10,21,[13  4],11,96,117,85,93
1,<environment.Job instance at 0x7f5640963d70>,16,28,[ 1 10],17,122,150,105,121
1,<environment.Job instance at 0x7f5640963c30>,14,19,[12  3],15,128,147,113,128
1,<environment.Job instance at 0x7f5686918370>,0,19,[5 8],1,1,20,0,1
1,<environment.Job instance at 0x7f5686918870>,5,23,[1 6],6,6,29,0,6
1,<environment.Job instance at 0x7f5640ddcd20>,6,24,[ 5 12],7,29,53,22,24
1,<environment.Job instance at 0x7f5640ddc1e0>,8,24,[7 2],9,30,54,21,30
1,<environment.Job instance at 0x7f5686918fa0>,3,26,[ 4 11],4,53,79,49,50
1,<environment.Job instance at 0x7f5686918af0>,1,27,[12  3],2,79,106,77,77
1,<environment.Job instance at 0x7f5640ddc2d0>,15,28,[8 4],16,106,134,90,105
1,<environment.Job instance at 0x7f568b77adc0>,13,19,[ 4 11],14,106,125,92,105
1,<environment.Job instance at 0x7f5686678f00>,1,27,[6 2],2,2,29,0,2
1,<environment.Job instance at 0x7f5686a6afa0>,5,27,[ 5 12],6,6,33,0,6
1,<environment.Job instance at 0x7f5686a6a230>,7,28,[9 4],8,33,61,25,32
1,<environment.Job instance at 0x7f5686a6a140>,8,25,[ 1 12],9,61,86,52,57
1,<environment.Job instance at 0x7f5686a6aa50>,9,28,[2 9],10,86,114,76,85
1,<environment.Job instance at 0x7f5640c572d0>,0,23,[11  1],1,1,24,0,1
1,<environment.Job instance at 0x7f56409c9be0>,4,26,[1 5],5,5,31,0,5
1,<environment.Job instance at 0x7f5688f68d20>,6,26,[ 4 12],7,31,57,24,28
1,<environment.Job instance at 0x7f5686a6a640>,1,19,[9 1],2,28,47,26,28
1,<environment.Job instance at 0x7f5688f5d870>,9,20,[9 1],10,47,67,37,38
1,<environment.Job instance at 0x7f5688f4aa50>,14,28,[6 2],15,57,85,42,56
1,<environment.Job instance at 0x7f5688f4a5a0>,15,22,[ 1 12],16,67,89,51,60
1,<environment.Job instance at 0x7f5688f4aeb0>,13,19,[ 2 10],14,89,108,75,86
1,<environment.Job instance at 0x7f5688f4a7d0>,18,24,[7 2],19,86,110,67,86
1,<environment.Job instance at 0x7f5688f4a4b0>,19,23,[3 8],20,108,131,88,102
1,<environment.Job instance at 0x7f5688f775f0>,20,19,[ 5 14],21,150,169,129,150
1,<environment.Job instance at 0x7f5688f777d0>,22,26,[ 1 13],23,169,195,146,166
1,<environment.Job instance at 0x7f5640fd52d0>,0,22,[3 5],1,1,23,0,1
1,<environment.Job instance at 0x7f5688f77190>,2,27,[4 8],3,3,30,0,3
1,<environment.Job instance at 0x7f568903f820>,10,27,[10  3],11,25,52,14,25
1,<environment.Job instance at 0x7f568903fe10>,11,28,[1 7],12,30,58,18,29
1,<environment.Job instance at 0x7f568ba4edc0>,14,23,[3 9],15,58,81,43,52
1,<environment.Job instance at 0x7f5688f77690>,1,27,[ 3 13],2,81,108,79,79
1,<environment.Job instance at 0x7f5640b216e0>,16,21,[12  1],17,79,100,62,79
1,<environment.Job instance at 0x7f56866743c0>,18,24,[ 2 12],19,108,132,89,103
1,<environment.Job instance at 0x7f568674d640>,19,23,[3 9],20,132,155,112,126
1,<environment.Job instance at 0x7f5686485be0>,3,24,[7 1],4,4,28,0,4
1,<environment.Job instance at 0x7f568674de60>,4,21,[1 9],5,5,26,0,5
1,<environment.Job instance at 0x7f56864855f0>,8,27,[ 4 13],9,26,53,17,24
1,<environment.Job instance at 0x7f5686485500>,12,17,[11  1],13,176,193,163,176
1,<environment.Job instance at 0x7f5686485190>,13,13,[12  1],14,1225,1238,1211,1225
1,<environment.Job instance at 0x7f5689105820>,14,27,[ 2 10],15,1225,1252,1210,1225
1,<environment.Job instance at 0x7f5689105c80>,17,23,[ 1 14],18,1252,1275,1234,1246
1,<environment.Job instance at 0x7f56891058c0>,19,23,[12  5],20,1275,1298,1255,1269
1,<environment.Job instance at 0x7f5689105c30>,20,13,[12  1],21,1678,1691,1657,1678
1,<environment.Job instance at 0x7f5689105dc0>,21,27,[10  4],22,1691,1718,1669,1689
1,<environment.Job instance at 0x7f5689105e10>,22,28,[ 4 14],23,1718,1746,1695,1717
1,<environment.Job instance at 0x7f5689105870>,23,23,[ 2 11],24,1746,1769,1722,1740
1,<environment.Job instance at 0x7f5689105910>,24,27,[3 8],25,1769,1796,1744,1767
1,<environment.Job instance at 0x7f56891056e0>,25,20,[7 1],26,1767,1787,1741,1767
1,<environment.Job instance at 0x7f56891059b0>,26,23,[10  5],27,1787,1810,1760,1781
1,<environment.Job instance at 0x7f56891055f0>,27,25,[14  5],28,1810,1835,1782,1806
1,<environment.Job instance at 0x7f5689105690>,28,23,[4 9],29,1835,1858,1806,1829
1,<environment.Job instance at 0x7f5688cc23c0>,0,28,[11  2],1,1,29,0,1
1,<environment.Job instance at 0x7f56406132d0>,4,20,[11  1],5,29,49,24,20
1,<environment.Job instance at 0x7f5688dab3c0>,0,27,[4 6],1,1,28,0,1
1,<environment.Job instance at 0x7f5640760050>,1,24,[4 5],2,2,26,0,2
1,<environment.Job instance at 0x7f5686932640>,6,26,[4 5],7,26,52,19,23
1,<environment.Job instance at 0x7f5686932370>,7,28,[8 2],8,28,56,20,27
1,<environment.Job instance at 0x7f5686932a50>,4,24,[8 1],5,56,80,51,51
1,<environment.Job instance at 0x7f56406132d0>,3,27,[ 3 12],4,52,79,48,51
1,<environment.Job instance at 0x7f5686932dc0>,8,21,[11  3],9,80,101,71,73
1,<environment.Job instance at 0x7f56869ff0f0>,11,26,[1 5],12,79,105,67,76
1,<environment.Job instance at 0x7f5686932c30>,5,23,[12  1],6,101,124,95,96
1,<environment.Job instance at 0x7f56869ffa00>,12,23,[ 2 12],13,105,128,92,99
1,<environment.Job instance at 0x7f5640bb0cd0>,14,25,[ 5 11],15,128,153,113,124
1,<environment.Job instance at 0x7f5640bb0be0>,15,28,[12  4],16,153,181,137,152
1,<environment.Job instance at 0x7f5688d9dcd0>,13,25,[ 2 10],14,153,178,139,152
1,<environment.Job instance at 0x7f5640bb07d0>,16,18,[ 2 11],17,1995,2013,1978,1995
1,<environment.Job instance at 0x7f5688cd1500>,18,20,[8 5],19,2013,2033,1994,2004
1,<environment.Job instance at 0x7f5688cd1f50>,19,20,[7 1],20,2004,2024,1984,2004
1,<environment.Job instance at 0x7f56409d10a0>,20,25,[ 1 13],21,2033,2058,2012,2029
1,<environment.Job instance at 0x7f5688cd1370>,21,27,[1 9],22,2058,2085,2036,2056
1,<environment.Job instance at 0x7f5688cba050>,0,25,[ 4 12],1,1,26,0,1
1,<environment.Job instance at 0x7f5688cbae60>,5,22,[2 6],6,26,48,20,19
1,<environment.Job instance at 0x7f5688cba3c0>,6,25,[2 9],7,26,51,19,22
1,<environment.Job instance at 0x7f5688cbadc0>,3,24,[13  5],4,48,72,44,45
1,<environment.Job instance at 0x7f5688cba460>,7,23,[ 3 10],8,72,95,64,66
1,<environment.Job instance at 0x7f5688cba4b0>,8,27,[5 2],9,72,99,63,70
1,<environment.Job instance at 0x7f5688cbab90>,9,20,[6 4],10,95,115,85,88
1,<environment.Job instance at 0x7f5688cba2d0>,4,22,[ 3 13],5,115,137,110,108
1,<environment.Job instance at 0x7f5688cba0a0>,12,27,[12  3],13,137,164,124,135
1,<environment.Job instance at 0x7f5688cba280>,13,27,[ 3 10],14,137,164,123,135
1,<environment.Job instance at 0x7f5688cba820>,15,25,[10  3],16,164,189,148,160
1,<environment.Job instance at 0x7f5688cba9b0>,16,21,[5 8],17,164,185,147,160
1,<environment.Job instance at 0x7f5688cbaa50>,18,21,[ 3 13],19,189,210,170,181
1,<environment.Job instance at 0x7f56891fcaf0>,3,24,[5 6],4,4,28,0,4
1,<environment.Job instance at 0x7f56891fceb0>,6,26,[14  5],7,28,54,21,25
1,<environment.Job instance at 0x7f56891fcb90>,7,21,[12  3],8,54,75,46,46
1,<environment.Job instance at 0x7f5640d410f0>,10,24,[ 2 13],11,75,99,64,70
1,<environment.Job instance at 0x7f5640d41d20>,11,19,[5 8],12,99,118,87,89
1,<environment.Job instance at 0x7f5640d41a00>,13,28,[8 3],14,99,127,85,99
1,<environment.Job instance at 0x7f5640d41320>,14,26,[11  4],15,127,153,112,124
1,<environment.Job instance at 0x7f5640d41cd0>,15,28,[ 3 14],16,153,181,137,152
1,<environment.Job instance at 0x7f56891fcaa0>,8,26,[ 2 14],9,181,207,172,178
1,<environment.Job instance at 0x7f5640d41b40>,17,27,[ 1 12],18,207,234,189,205
1,<environment.Job instance at 0x7f5640d410a0>,16,19,[ 5 14],17,286,305,269,286
1,<environment.Job instance at 0x7f5640d41640>,20,20,[13  4],21,305,325,284,296
1,<environment.Job instance at 0x7f5640d41dc0>,21,22,[5 9],22,325,347,303,318
1,<environment.Job instance at 0x7f174d451190>,0,24,[2 8],1,1,25,0,1
1,<environment.Job instance at 0x7f174d4d9820>,2,26,[10  1],3,3,29,0,3
1,<environment.Job instance at 0x7f174d451140>,4,24,[ 3 11],5,25,49,20,20
1,<environment.Job instance at 0x7f1746041690>,8,24,[ 2 12],9,49,73,40,44
1,<environment.Job instance at 0x7f1746041870>,12,22,[4 6],13,73,95,60,66
1,<environment.Job instance at 0x7f17460418c0>,13,27,[3 8],14,73,100,59,71
1,<environment.Job instance at 0x7f1746041af0>,15,24,[ 2 13],16,100,124,84,95
1,<environment.Job instance at 0x7f1746041aa0>,16,19,[ 3 12],17,124,143,107,114
1,<environment.Job instance at 0x7f1746041320>,6,19,[ 1 13],7,144,163,137,144
1,<environment.Job instance at 0x7f1746041c80>,19,21,[14  4],20,163,184,143,155
1,<environment.Job instance at 0x7f1746041e60>,21,22,[14  2],22,184,206,162,177
1,<environment.Job instance at 0x7f1746041f50>,22,25,[ 4 12],23,206,231,183,202
1,<environment.Job instance at 0x7f1746044050>,24,20,[ 3 12],25,231,251,206,223
1,<environment.Job instance at 0x7f1745fe7190>,0,21,[ 3 12],1,1,22,0,1
1,<environment.Job instance at 0x7f174d478730>,5,24,[4 7],6,22,46,16,17
1,<environment.Job instance at 0x7f174d4782d0>,4,26,[ 3 12],5,46,72,41,43
1,<environment.Job instance at 0x7f174d478320>,7,25,[5 4],8,72,97,64,68
1,<environment.Job instance at 0x7f174d478d70>,8,28,[7 2],9,68,96,59,68
1,<environment.Job instance at 0x7f174d478dc0>,9,28,[7 1],10,96,124,86,95
1,<environment.Job instance at 0x7f174d478870>,12,24,[12  2],13,124,148,111,119
1,<environment.Job instance at 0x7f174d478780>,13,26,[ 3 11],14,119,145,105,119
1,<environment.Job instance at 0x7f174d4788c0>,14,25,[ 5 11],15,148,173,133,144
1,<environment.Job instance at 0x7f174d5beaa0>,18,25,[4 6],19,173,198,154,169
1,<environment.Job instance at 0x7f174d5bee10>,19,26,[4 9],20,173,199,153,170
1,<environment.Job instance at 0x7f1702387dc0>,0,22,[12  1],1,1,23,0,1
1,<environment.Job instance at 0x7f1702387190>,4,28,[10  1],5,23,51,18,22
1,<environment.Job instance at 0x7f1702387eb0>,6,28,[14  3],7,51,79,44,50
1,<environment.Job instance at 0x7f1702387780>,3,28,[5 7],4,79,107,75,78
1,<environment.Job instance at 0x7f1702387140>,8,25,[11  1],9,107,132,98,103
1,<environment.Job instance at 0x7f1702387af0>,7,24,[ 4 11],8,107,131,99,103
1,<environment.Job instance at 0x7f1702387910>,10,26,[5 5],11,132,158,121,129
1,<environment.Job instance at 0x7f1702387370>,11,22,[ 1 10],12,131,153,119,129
1,<environment.Job instance at 0x7f17023877d0>,13,24,[2 7],14,153,177,139,148
1,<environment.Job instance at 0x7f1702387320>,14,25,[11  5],15,158,183,143,154
1,<environment.Job instance at 0x7f17023874b0>,15,25,[5 3],16,183,208,167,179
1,<environment.Job instance at 0x7f17023cb690>,17,26,[7 1],18,183,209,165,180
1,<environment.Job instance at 0x7f1702442b40>,2,23,[2 8],3,3,26,0,3
1,<environment.Job instance at 0x7f1702442aa0>,0,20,[12  3],1,3,23,2,3
1,<environment.Job instance at 0x7f1702442af0>,1,21,[13  4],2,23,44,21,20
1,<environment.Job instance at 0x7f17023460a0>,7,21,[5 9],8,44,65,36,36
1,<environment.Job instance at 0x7f1702346f00>,8,25,[6 1],9,44,69,35,40
1,<environment.Job instance at 0x7f17023b4d70>,0,20,[6 5],1,1,21,0,1
1,<environment.Job instance at 0x7f1702734d20>,5,25,[4 9],6,6,31,0,6
1,<environment.Job instance at 0x7f17023b4f50>,4,21,[ 1 12],5,31,52,26,23
1,<environment.Job instance at 0x7f170272f0a0>,9,28,[ 3 10],10,52,80,42,51
1,<environment.Job instance at 0x7f170272f140>,10,21,[5 1],11,51,72,40,51
1,<environment.Job instance at 0x7f170272f1e0>,11,28,[11  4],12,72,100,60,71
1,<environment.Job instance at 0x7f170272f320>,13,19,[11  2],14,100,119,86,90
1,<environment.Job instance at 0x7f170245f870>,0,23,[8 4],1,1,24,0,1
1,<environment.Job instance at 0x7f170272f320>,2,27,[9 3],3,24,51,21,22
1,<environment.Job instance at 0x7f170245f550>,5,28,[ 2 13],6,51,79,45,50
1,<environment.Job instance at 0x7f170245f9b0>,6,26,[ 3 14],7,79,105,72,76
1,<environment.Job instance at 0x7f1746401780>,10,25,[13  4],11,105,130,94,101
1,<environment.Job instance at 0x7f17023ba780>,5,28,[3 8],6,6,34,0,6
1,<environment.Job instance at 0x7f17023cbb40>,1,18,[13  1],2,2584,2602,2582,2584
1,<environment.Job instance at 0x7f1746b70230>,0,27,[ 2 13],1,1,28,0,1
1,<environment.Job instance at 0x7f17028bb5a0>,6,25,[7 3],7,28,53,21,24
1,<environment.Job instance at 0x7f17028bb780>,7,26,[ 4 10],8,28,54,20,25
1,<environment.Job instance at 0x7f1746cf5af0>,2,27,[ 4 13],3,54,81,51,52
1,<environment.Job instance at 0x7f17028bb870>,11,25,[5 5],12,81,106,69,77
1,<environment.Job instance at 0x7f17028bb910>,12,26,[2 9],13,81,107,68,78
1,<environment.Job instance at 0x7f17028bb9b0>,13,22,[5 3],14,106,128,92,99
1,<environment.Job instance at 0x7f17028bbaf0>,15,27,[10  3],16,107,134,91,105
1,<environment.Job instance at 0x7f17028bbb90>,16,27,[ 1 11],17,128,155,111,126
1,<environment.Job instance at 0x7f17028bb6e0>,8,19,[ 3 13],9,155,174,146,152
1,<environment.Job instance at 0x7f17028bbcd0>,18,22,[ 2 11],19,174,196,155,167
1,<environment.Job instance at 0x7f17028bbd70>,19,23,[14  4],20,196,219,176,190
1,<environment.Job instance at 0x7f17028bbe10>,20,22,[13  2],21,219,241,198,212
1,<environment.Job instance at 0x7f174608f410>,1,22,[ 4 12],2,2,24,0,2
1,<environment.Job instance at 0x7f17462a0140>,2,24,[12  4],3,24,48,21,19
1,<environment.Job instance at 0x7f1746842190>,7,23,[2 6],8,24,47,16,19
1,<environment.Job instance at 0x7f174697f5a0>,10,22,[6 5],11,48,70,37,41
1,<environment.Job instance at 0x7f174697f230>,11,24,[9 2],12,48,72,36,43
1,<environment.Job instance at 0x7f17462a5af0>,0,28,[ 5 11],1,1,29,0,1
1,<environment.Job instance at 0x7f1702535550>,6,24,[7 1],7,7,31,0,7
1,<environment.Job instance at 0x7f1745f3a8c0>,10,24,[6 1],11,29,53,18,24
1,<environment.Job instance at 0x7f170299d370>,11,28,[12  1],12,53,81,41,52
1,<environment.Job instance at 0x7f1745f3aa50>,12,25,[14  3],13,81,106,68,77
1,<environment.Job instance at 0x7f1745f3ad20>,13,25,[12  4],14,106,131,92,102
1,<environment.Job instance at 0x7f1745f3abe0>,8,21,[ 1 12],9,131,152,122,124
1,<environment.Job instance at 0x7f17464a4140>,15,21,[11  5],16,152,173,136,144
1,<environment.Job instance at 0x7f174645ff50>,4,22,[11  2],5,173,195,168,166
1,<environment.Job instance at 0x7f1702685280>,17,25,[8 5],18,195,220,177,191
1,<environment.Job instance at 0x7f1745f3a820>,14,19,[14  1],15,220,239,205,210
1,<environment.Job instance at 0x7f1746aa9910>,2,24,[ 2 12],3,3,27,0,3
1,<environment.Job instance at 0x7f1746b5a820>,6,24,[3 7],7,27,51,20,22
1,<environment.Job instance at 0x7f1746b899b0>,8,25,[3 6],9,27,52,18,23
1,<environment.Job instance at 0x7f1702897960>,5,21,[5 5],6,51,72,45,43
1,<environment.Job instance at 0x7f1746a50960>,11,22,[13  4],12,72,94,60,65
1,<environment.Job instance at 0x7f17029825a0>,2,24,[14  4],3,3,27,0,3
1,<environment.Job instance at 0x7f1746a1a0f0>,3,25,[2 8],4,27,52,23,23
1,<environment.Job instance at 0x7f1746a1a1e0>,6,27,[13  4],7,27,54,20,25
1,<environment.Job instance at 0x7f1746a1ab90>,10,27,[ 2 13],11,54,81,43,52
1,<environment.Job instance at 0x7f1746a1ad20>,12,25,[ 3 12],13,81,106,68,77
1,<environment.Job instance at 0x7f1746a1aaa0>,8,25,[ 1 12],9,106,131,97,102
1,<environment.Job instance at 0x7f1746a1a190>,11,20,[14  5],12,131,151,119,122
1,<environment.Job instance at 0x7f1702522a00>,1,27,[4 9],2,2,29,0,2
1,<environment.Job instance at 0x7f17025222d0>,6,27,[ 4 11],7,29,56,22,27
1,<environment.Job instance at 0x7f170250d050>,8,24,[ 5 11],9,56,80,47,51
1,<environment.Job instance at 0x7f170250de60>,9,27,[ 1 12],10,80,107,70,78
1,<environment.Job instance at 0x7f170250dd20>,10,23,[11  1],11,88,111,77,88
1,<environment.Job instance at 0x7f17020a6cd0>,14,26,[1 5],15,107,133,92,106
1,<environment.Job instance at 0x7f1702522320>,0,12,[11  1],1,185,197,184,185
1,<environment.Job instance at 0x7f1746aeb9b0>,16,26,[ 4 12],17,185,211,168,185
1,<environment.Job instance at 0x7f1745ed35a0>,19,20,[9 1],20,197,217,177,188
1,<environment.Job instance at 0x7f174697e550>,0,22,[3 5],1,1,23,0,1
1,<environment.Job instance at 0x7f1745ed35a0>,2,27,[4 8],3,3,30,0,3
1,<environment.Job instance at 0x7f1746b8fe60>,6,20,[1 7],7,23,43,16,15
1,<environment.Job instance at 0x7f170219bfa0>,4,22,[2 8],5,30,52,25,23
1,<environment.Job instance at 0x7f1745ed37d0>,1,27,[ 3 13],2,52,79,50,50
1,<environment.Job instance at 0x7f1746b34640>,10,27,[10  3],11,79,106,68,77
1,<environment.Job instance at 0x7f1746b34b40>,11,28,[1 7],12,79,107,67,78
1,<environment.Job instance at 0x7f1746b34730>,14,23,[3 9],15,107,130,92,101
1,<environment.Job instance at 0x7f1746432640>,16,21,[12  1],17,106,127,89,105
1,<environment.Job instance at 0x7f17020f2140>,18,24,[ 2 12],19,130,154,111,125
1,<environment.Job instance at 0x7f1746739d20>,19,23,[3 9],20,154,177,134,148
1,<environment.Job instance at 0x7f17462d29b0>,4,27,[ 2 10],5,5,32,0,5
1,<environment.Job instance at 0x7f1746639c30>,9,23,[12  5],10,10,33,0,10
1,<environment.Job instance at 0x7f1702208dc0>,7,23,[ 1 14],8,33,56,25,28
1,<environment.Job instance at 0x7f1746639550>,11,27,[10  4],12,56,83,44,54
1,<environment.Job instance at 0x7f1746624460>,12,28,[ 4 14],13,83,111,70,82
1,<environment.Job instance at 0x7f1746624e10>,13,23,[ 2 11],14,111,134,97,105
1,<environment.Job instance at 0x7f1746624370>,14,27,[3 8],15,134,161,119,132
1,<environment.Job instance at 0x7f17462ec460>,15,20,[7 1],16,132,152,116,132
1,<environment.Job instance at 0x7f17462eca00>,16,23,[10  5],17,152,175,135,146
1,<environment.Job instance at 0x7f1702487690>,17,25,[14  5],18,175,200,157,171
1,<environment.Job instance at 0x7f170230e3c0>,18,23,[4 9],19,200,223,181,194
1,<environment.Job instance at 0x7f17460487d0>,2,20,[4 7],3,3,23,0,3
1,<environment.Job instance at 0x7f17466d1d20>,5,23,[11  5],6,6,29,0,6
1,<environment.Job instance at 0x7f17466d1dc0>,7,28,[7 3],8,29,57,21,28
1,<environment.Job instance at 0x7f17466d1b90>,8,25,[4 8],9,28,53,19,28
1,<environment.Job instance at 0x7f174664e820>,13,22,[ 1 10],14,53,75,39,46
1,<environment.Job instance at 0x7f174664e690>,14,28,[13  5],15,57,85,42,56
1,<environment.Job instance at 0x7f174610cb40>,15,23,[9 3],16,85,108,69,79
1,<environment.Job instance at 0x7f174610cdc0>,16,23,[8 1],17,108,131,91,102
1,<environment.Job instance at 0x7f17466d1640>,3,21,[13  2],4,131,152,127,123
1,<environment.Job instance at 0x7f174610c0f0>,18,23,[4 8],19,152,175,133,146
1,<environment.Job instance at 0x7f174610c8c0>,17,21,[13  4],18,175,196,157,167
1,<environment.Job instance at 0x7f174610c7d0>,20,21,[ 3 13],21,196,217,175,188
1,<environment.Job instance at 0x7f174610cf00>,23,25,[3 9],24,217,242,193,213
1,<environment.Job instance at 0x7f174610ca00>,24,25,[3 8],25,242,267,217,238
1,<environment.Job instance at 0x7f174610c190>,25,23,[ 1 13],26,267,290,241,261
1,<environment.Job instance at 0x7f1746961410>,3,20,[4 7],4,4,24,0,4
1,<environment.Job instance at 0x7f1746cd0eb0>,5,21,[5 1],6,6,27,0,6
1,<environment.Job instance at 0x7f170247a0a0>,6,27,[2 7],7,7,34,0,7
1,<environment.Job instance at 0x7f1702898410>,9,26,[13  2],10,27,53,17,24
1,<environment.Job instance at 0x7f17028e1410>,14,27,[ 3 10],15,53,80,38,51
1,<environment.Job instance at 0x7f1746aac5f0>,0,28,[ 2 12],1,1,29,0,1
1,<environment.Job instance at 0x7f174672aeb0>,9,27,[1 6],10,29,56,19,27
1,<environment.Job instance at 0x7f174672af00>,10,25,[2 8],11,29,54,18,27
1,<environment.Job instance at 0x7f174672ac80>,11,20,[ 4 10],12,56,76,44,47
1,<environment.Job instance at 0x7f17467d3550>,0,22,[ 1 11],1,1,23,0,1
1,<environment.Job instance at 0x7f1746ac7b90>,8,27,[9 4],9,9,36,0,9
1,<environment.Job instance at 0x7f1746ac7960>,5,28,[ 3 14],6,36,64,30,35
1,<environment.Job instance at 0x7f1746ac7c30>,10,20,[7 1],11,51,71,40,51
1,<environment.Job instance at 0x7f1702835f50>,11,21,[ 2 11],12,64,85,52,56
1,<environment.Job instance at 0x7f174617b370>,12,22,[10  3],13,71,93,58,64
1,<environment.Job instance at 0x7f1746490b40>,13,27,[5 9],14,85,112,71,83
1,<environment.Job instance at 0x7f1746490460>,14,26,[5 5],15,93,119,78,90
1,<environment.Job instance at 0x7f1702453e60>,15,25,[9 4],16,112,137,96,108
1,<environment.Job instance at 0x7f1746ac71e0>,9,20,[14  4],10,137,157,127,128
1,<environment.Job instance at 0x7f1702453fa0>,18,26,[6 3],19,157,183,138,154
1,<environment.Job instance at 0x7f1746ac7320>,6,21,[ 1 14],7,183,204,176,175
1,<environment.Job instance at 0x7f1745f18c80>,21,27,[ 5 13],22,204,231,182,202
1,<environment.Job instance at 0x7f1745f18640>,22,25,[ 2 11],23,231,256,208,227
1,<environment.Job instance at 0x7f17028861e0>,24,28,[11  5],25,256,284,231,255
1,<environment.Job instance at 0x7f1745e026e0>,26,22,[ 2 13],27,284,306,257,277
1,<environment.Job instance at 0x7f17029eccd0>,27,25,[ 1 13],28,306,331,278,302
1,<environment.Job instance at 0x7f1746ac7550>,7,19,[ 2 13],8,331,350,323,326
1,<environment.Job instance at 0x7f1702453e10>,16,12,[ 2 11],17,835,847,818,835
1,<environment.Job instance at 0x7f1745f01050>,30,26,[8 2],31,835,861,804,835
1,<environment.Job instance at 0x7f1702173fa0>,31,25,[ 5 10],32,847,872,815,843
1,<environment.Job instance at 0x7f1745fd9730>,33,22,[11  3],34,872,894,838,865
1,<environment.Job instance at 0x7f1745dcf050>,0,25,[11  1],1,1,26,0,1
1,<environment.Job instance at 0x7f1745dcffa0>,1,23,[10  4],2,26,49,24,20
1,<environment.Job instance at 0x7f1702333230>,9,25,[1 5],10,21,46,11,21
1,<environment.Job instance at 0x7f17023339b0>,4,21,[ 3 13],5,49,70,44,41
1,<environment.Job instance at 0x7f1745f7bc80>,12,28,[2 8],13,70,98,57,69
1,<environment.Job instance at 0x7f1702333a50>,6,28,[ 1 14],7,98,126,91,97
1,<environment.Job instance at 0x7f1745f7b780>,14,25,[ 2 14],15,126,151,111,122
1,<environment.Job instance at 0x7fa928941280>,0,24,[2 8],1,1,25,0,1
1,<environment.Job instance at 0x7fa928940fa0>,2,26,[10  1],3,3,29,0,3
1,<environment.Job instance at 0x7fa9257e1320>,4,24,[ 3 11],5,25,49,20,20
1,<environment.Job instance at 0x7fa9257e1460>,8,24,[ 2 12],9,49,73,40,44
1,<environment.Job instance at 0x7fa9257e1780>,12,22,[4 6],13,73,95,60,66
1,<environment.Job instance at 0x7fa9257e1820>,13,27,[3 8],14,73,100,59,71
1,<environment.Job instance at 0x7fa9257e1960>,15,24,[ 2 13],16,100,124,84,95
1,<environment.Job instance at 0x7fa9257e1a00>,16,19,[ 3 12],17,124,143,107,116
1,<environment.Job instance at 0x7fa9257e14b0>,6,19,[ 1 13],7,143,162,136,137
1,<environment.Job instance at 0x7fa9257e1be0>,19,21,[14  4],20,162,183,142,154
1,<environment.Job instance at 0x7fa9257e1dc0>,21,22,[14  2],22,183,205,161,176
1,<environment.Job instance at 0x7fa9257e1e10>,22,25,[ 4 12],23,205,230,182,201
1,<environment.Job instance at 0x7fa9257e1fa0>,24,20,[ 3 12],25,230,250,205,221
1,<environment.Job instance at 0x7fa9257873c0>,2,24,[12  2],3,3,27,0,3
1,<environment.Job instance at 0x7fa9257e1fa0>,3,26,[ 3 11],4,4,30,0,4
1,<environment.Job instance at 0x7fa9257e31e0>,4,25,[ 5 11],5,30,55,25,26
1,<environment.Job instance at 0x7fa8dfbdadc0>,9,26,[4 9],10,55,81,45,52
1,<environment.Job instance at 0x7fa8dfbda730>,8,25,[4 6],9,55,80,46,52
1,<environment.Job instance at 0x7fa8dfbd2460>,12,21,[12  4],13,81,102,68,73
1,<environment.Job instance at 0x7fa8dfbd2500>,14,28,[ 3 13],15,102,130,87,101
1,<environment.Job instance at 0x7fa8dfbd2870>,16,23,[11  2],17,102,125,85,101
1,<environment.Job instance at 0x7fa8dfc411e0>,15,22,[ 3 12],16,130,152,114,123
1,<environment.Job instance at 0x7fa928ab6370>,0,23,[11  3],1,1,24,0,1
1,<environment.Job instance at 0x7fa928969a00>,5,24,[8 2],6,24,48,18,19
1,<environment.Job instance at 0x7fa928969730>,3,22,[10  2],4,48,70,44,41
1,<environment.Job instance at 0x7fa928969280>,8,22,[9 3],9,70,92,61,63
1,<environment.Job instance at 0x7fa928969d20>,10,26,[4 7],11,63,89,52,63
1,<environment.Job instance at 0x7fa8dfa4dbe0>,11,25,[10  5],12,92,117,80,88
1,<environment.Job instance at 0x7fa8dfbb4370>,12,25,[11  1],13,117,142,104,113
1,<environment.Job instance at 0x7fa8dfbb4a00>,13,26,[4 8],14,113,139,99,113
1,<environment.Job instance at 0x7fa928ab6280>,2,20,[14  4],3,142,162,139,133
1,<environment.Job instance at 0x7fa8dfbb4be0>,15,19,[11  2],16,162,181,146,158
1,<environment.Job instance at 0x7fa92566fe10>,17,24,[ 1 11],18,161,185,143,161
1,<environment.Job instance at 0x7fa92637dfa0>,2,27,[ 2 11],3,3,30,0,3
1,<environment.Job instance at 0x7fa9258ef640>,6,28,[5 2],7,7,35,0,7
1,<environment.Job instance at 0x7fa9262cd550>,7,28,[13  5],8,35,63,27,34
1,<environment.Job instance at 0x7fa9258efdc0>,8,26,[8 3],9,63,89,54,60
1,<environment.Job instance at 0x7fa925e2c690>,9,19,[6 4],10,63,82,53,60
1,<environment.Job instance at 0x7fa925e2cb40>,10,22,[5 6],11,82,104,71,75
1,<environment.Job instance at 0x7fa925e2c820>,12,27,[ 3 14],13,104,131,91,102
1,<environment.Job instance at 0x7fa9261b3550>,14,27,[ 5 11],15,131,158,116,129
1,<environment.Job instance at 0x7fa9258ca690>,16,25,[ 1 13],17,158,183,141,155
1,<environment.Job instance at 0x7fa925a21be0>,17,26,[10  3],18,183,209,165,180
1,<environment.Job instance at 0x7fa9259ce500>,20,21,[13  1],21,209,230,188,201
1,<environment.Job instance at 0x7fa926379a50>,3,27,[ 3 14],4,230,257,226,228
1,<environment.Job instance at 0x7fa925c26be0>,0,26,[14  4],1,1,27,0,1
1,<environment.Job instance at 0x7fa925c4d5a0>,4,24,[9 2],5,27,51,22,22
1,<environment.Job instance at 0x7fa9262d0050>,8,27,[5 1],9,27,54,18,25
1,<environment.Job instance at 0x7fa9257653c0>,7,27,[ 2 13],8,51,78,43,49
1,<environment.Job instance at 0x7fa9262c6140>,1,20,[3 7],2,2,22,0,2
1,<environment.Job instance at 0x7fa9262c6190>,4,23,[2 6],5,5,28,0,5
1,<environment.Job instance at 0x7fa8e00ca460>,5,21,[2 8],6,22,43,16,14
1,<environment.Job instance at 0x7fa8e00caf50>,9,26,[5 9],10,43,69,33,40
1,<environment.Job instance at 0x7fa8e00ca960>,10,22,[2 7],11,69,91,58,62
1,<environment.Job instance at 0x7fa8e00ca230>,11,22,[8 1],12,62,84,50,62
1,<environment.Job instance at 0x7fa8e00cadc0>,12,24,[14  4],13,91,115,78,86
1,<environment.Job instance at 0x7fa8e00ca1e0>,6,27,[ 2 13],7,115,142,108,113
1,<environment.Job instance at 0x7fa8e009bbe0>,0,25,[ 4 14],1,1,26,0,1
1,<environment.Job instance at 0x7fa925b37370>,6,21,[8 1],7,8,29,1,8
1,<environment.Job instance at 0x7fa8dfa9f370>,7,26,[12  5],8,29,55,21,26
1,<environment.Job instance at 0x7fa925dabf50>,8,28,[8 3],9,55,83,46,54
1,<environment.Job instance at 0x7fa925defcd0>,4,26,[10  2],5,83,109,78,80
1,<environment.Job instance at 0x7fa8dfc756e0>,3,25,[14  5],4,109,134,105,105
1,<environment.Job instance at 0x7fa8dfd54d70>,12,23,[4 7],13,134,157,121,128
1,<environment.Job instance at 0x7fa8dfc4deb0>,11,24,[ 3 12],12,157,181,145,152
1,<environment.Job instance at 0x7fa8dfcc80a0>,2,20,[14  3],3,181,201,178,172
1,<environment.Job instance at 0x7fa8e00db500>,15,26,[12  4],16,201,227,185,198
1,<environment.Job instance at 0x7fa926186550>,17,21,[4 6],18,227,248,209,219
1,<environment.Job instance at 0x7fa9261b96e0>,21,21,[ 5 14],22,248,269,226,240
1,<environment.Job instance at 0x7fa9261b9cd0>,22,21,[ 4 11],23,269,290,246,261
1,<environment.Job instance at 0x7fa92579ca50>,23,25,[2 7],24,290,315,266,286
1,<environment.Job instance at 0x7fa925fbcaa0>,24,23,[14  4],25,315,338,290,309
1,<environment.Job instance at 0x7fa9261b9af0>,25,12,[ 3 11],26,1189,1201,1163,1189
1,<environment.Job instance at 0x7fa9257aa370>,26,20,[5 7],27,1201,1221,1174,1192
1,<environment.Job instance at 0x7fa92616c0a0>,9,16,[14  1],10,1281,1297,1271,1281
1,<environment.Job instance at 0x7fa8dfc90960>,30,24,[12  2],31,1297,1321,1266,1292
1,<environment.Job instance at 0x7fa926226140>,32,25,[8 3],33,1321,1346,1288,1317
1,<environment.Job instance at 0x7fa9262266e0>,33,15,[11  1],34,1534,1549,1500,1534
1,<environment.Job instance at 0x7fa926226a00>,35,27,[7 4],36,1549,1576,1513,1547
1,<environment.Job instance at 0x7fa926226e10>,37,22,[2 7],38,1547,1569,1509,1547
1,<environment.Job instance at 0x7fa926226c80>,38,26,[9 5],39,1576,1602,1537,1573
1,<environment.Job instance at 0x7fa925f73500>,40,28,[9 3],41,1602,1630,1561,1601
1,<environment.Job instance at 0x7fa925f73550>,41,27,[5 1],42,1601,1628,1559,1601
1,<environment.Job instance at 0x7fa925f73a50>,44,27,[6 4],45,1628,1655,1583,1626
1,<environment.Job instance at 0x7fa925f73820>,45,25,[6 1],46,1630,1655,1584,1626
1,<environment.Job instance at 0x7fa925f73c30>,46,23,[5 5],47,1655,1678,1608,1649
1,<environment.Job instance at 0x7fa925c92460>,47,28,[14  5],48,1678,1706,1630,1677
1,<environment.Job instance at 0x7fa8dfc90c30>,28,18,[12  1],29,2752,2770,2723,2752
1,<environment.Job instance at 0x7fa925c92d20>,50,23,[13  2],51,2770,2793,2719,2764
1,<environment.Job instance at 0x7fa925c92910>,51,21,[12  3],52,2793,2814,2741,2785
1,<environment.Job instance at 0x7fa8dfae4500>,3,25,[5 8],4,4,29,0,4
1,<environment.Job instance at 0x7fa9257eae60>,1,24,[14  3],2,2,26,0,2
1,<environment.Job instance at 0x7fa9257ea820>,4,28,[3 6],5,26,54,21,25
1,<environment.Job instance at 0x7fa925c92280>,3,24,[12  2],4,26,50,22,25
1,<environment.Job instance at 0x7fa9257eacd0>,2,23,[ 1 14],3,54,77,51,48
1,<environment.Job instance at 0x7fa925c6b320>,9,25,[ 3 10],10,77,102,67,73
1,<environment.Job instance at 0x7fa8e00beaa0>,11,21,[ 2 12],12,102,123,90,94
1,<environment.Job instance at 0x7fa8e00be0f0>,13,28,[3 8],14,123,151,109,122
1,<environment.Job instance at 0x7fa9257e9820>,14,24,[9 3],15,122,146,107,122
1,<environment.Job instance at 0x7fa9257fc640>,15,28,[9 3],16,146,174,130,145
1,<environment.Job instance at 0x7fa92853f1e0>,5,21,[ 2 14],6,174,195,168,166
1,<environment.Job instance at 0x7fa8dfc79d70>,17,22,[5 7],18,195,217,177,188
1,<environment.Job instance at 0x7fa925592460>,18,22,[ 1 10],19,217,239,198,210
1,<environment.Job instance at 0x7fa92574d230>,19,26,[3 8],20,239,265,219,236
1,<environment.Job instance at 0x7fa8dfc60e10>,3,23,[5 6],4,4,27,0,4
1,<environment.Job instance at 0x7fa8dfe7baa0>,4,24,[5 6],5,5,29,0,5
1,<environment.Job instance at 0x7fa8dfe7bf50>,6,24,[ 5 14],7,29,53,22,24
1,<environment.Job instance at 0x7fa8e00dcdc0>,10,24,[ 5 13],11,53,77,42,48
1,<environment.Job instance at 0x7fa8e00dc690>,11,23,[ 5 12],12,77,100,65,71
1,<environment.Job instance at 0x7fa92574d230>,8,26,[ 5 13],9,100,126,91,97
1,<environment.Job instance at 0x7fa8e00dc3c0>,13,25,[ 2 12],14,126,151,112,122
1,<environment.Job instance at 0x7fa925b3eb40>,15,24,[14  2],16,151,175,135,146
1,<environment.Job instance at 0x7fa925aec140>,1,24,[10  5],2,2,26,0,2
1,<environment.Job instance at 0x7fa8dfb6d230>,6,20,[ 3 11],7,26,46,19,19
1,<environment.Job instance at 0x7fa925b3ea00>,2,26,[ 2 14],3,46,72,43,43
1,<environment.Job instance at 0x7fa925b52500>,0,21,[5 3],1,1,22,0,1
1,<environment.Job instance at 0x7fa925b52460>,1,24,[ 4 12],2,2,26,0,2
1,<environment.Job instance at 0x7fa925b52410>,3,28,[5 5],4,26,54,22,25
1,<environment.Job instance at 0x7fa925a5c910>,8,25,[1 7],9,26,51,17,26
1,<environment.Job instance at 0x7fa925a5cc80>,11,26,[1 9],12,51,77,39,48
1,<environment.Job instance at 0x7fa925a5ce60>,12,28,[9 3],13,54,82,41,53
1,<environment.Job instance at 0x7fa8dfe6d3c0>,6,21,[ 4 14],7,82,103,75,74
1,<environment.Job instance at 0x7fa925a5c320>,14,28,[11  3],15,103,131,88,102
1,<environment.Job instance at 0x7fa925a5c500>,10,25,[ 2 11],11,103,128,92,102
1,<environment.Job instance at 0x7fa925a5c8c0>,17,27,[ 3 13],18,131,158,113,129
1,<environment.Job instance at 0x7fa925a5c0f0>,18,22,[ 2 11],19,158,180,139,151
1,<environment.Job instance at 0x7fa925a5c0a0>,13,21,[12  3],14,158,179,144,156
1,<environment.Job instance at 0x7fa925a5c690>,16,20,[ 4 11],17,180,200,163,171
1,<environment.Job instance at 0x7fa925a5cd20>,19,24,[ 2 13],20,200,224,180,195
1,<environment.Job instance at 0x7fa9255da0f0>,27,20,[14  4],28,224,244,196,215
1,<environment.Job instance at 0x7fa9255da460>,29,26,[4 8],30,244,270,214,241
1,<environment.Job instance at 0x7fa9255dacd0>,28,22,[ 1 14],29,270,292,241,263
1,<environment.Job instance at 0x7fa9255dac80>,31,27,[4 9],32,292,319,260,290
1,<environment.Job instance at 0x7fa925eed550>,0,27,[ 2 12],1,1,28,0,1
1,<environment.Job instance at 0x7fa8e0116eb0>,3,22,[10  4],4,28,50,24,21
1,<environment.Job instance at 0x7fa9256960f0>,7,24,[8 2],8,50,74,42,45
1,<environment.Job instance at 0x7fa925da3cd0>,8,26,[14  4],9,74,100,65,71
1,<environment.Job instance at 0x7fa925da3640>,10,23,[ 1 11],11,71,94,60,71
1,<environment.Job instance at 0x7fa925da3c80>,12,23,[8 1],13,100,123,87,94
1,<environment.Job instance at 0x7fa925696320>,6,25,[ 1 14],7,100,125,93,96
1,<environment.Job instance at 0x7fa925da3820>,14,24,[4 7],15,125,149,110,120
1,<environment.Job instance at 0x7fa925da3e10>,15,22,[ 4 14],16,149,171,133,142
1,<environment.Job instance at 0x7fa8dfc6d370>,16,21,[13  5],17,171,192,154,163
1,<environment.Job instance at 0x7fa8dfc6d410>,18,22,[4 7],19,192,214,173,185
1,<environment.Job instance at 0x7fa8dfe5df00>,20,22,[3 5],21,192,214,171,186
1,<environment.Job instance at 0x7fa8dfe5d4b0>,22,27,[4 8],23,214,241,191,212
1,<environment.Job instance at 0x7fa8dfe5d050>,21,27,[ 3 13],22,241,268,219,239
1,<environment.Job instance at 0x7fa8dfe5d5a0>,24,22,[2 8],25,268,290,243,261
1,<environment.Job instance at 0x7fa8dfe5d0f0>,26,20,[1 7],27,268,288,241,263
1,<environment.Job instance at 0x7fa8df8659b0>,30,27,[10  3],31,288,315,257,286
1,<environment.Job instance at 0x7fa925cfd0a0>,31,28,[1 7],32,290,318,258,289
1,<environment.Job instance at 0x7fa925696820>,5,19,[ 3 11],6,318,337,312,315
1,<environment.Job instance at 0x7fa8df845e60>,34,23,[3 9],35,337,360,302,331
1,<environment.Job instance at 0x7fa9255dac80>,2,12,[11  1],3,1688,1700,1685,1688
1,<environment.Job instance at 0x7fa8df84cd20>,36,21,[12  1],37,1700,1721,1663,1692
1,<environment.Job instance at 0x7fa8df82a5f0>,38,24,[ 2 12],39,1692,1716,1653,1692
1,<environment.Job instance at 0x7fa8dfb79410>,3,24,[7 1],4,4,28,0,4
1,<environment.Job instance at 0x7fa925a2f500>,4,21,[1 9],5,5,26,0,5
1,<environment.Job instance at 0x7fa8dfae4d20>,8,27,[ 4 13],9,26,53,17,24
1,<environment.Job instance at 0x7fa926156640>,12,17,[11  1],13,230,247,217,230
1,<environment.Job instance at 0x7fa8e0052e60>,13,13,[12  1],14,2733,2746,2719,2733
1,<environment.Job instance at 0x7fa8df9ae4b0>,14,27,[ 2 10],15,2733,2760,2718,2733
1,<environment.Job instance at 0x7fa925b94640>,17,23,[ 1 14],18,2760,2783,2742,2754
1,<environment.Job instance at 0x7fa9258c66e0>,19,23,[12  5],20,2783,2806,2763,2777
1,<environment.Job instance at 0x7fa8e005bfa0>,2,20,[4 7],3,3,23,0,3
1,<environment.Job instance at 0x7fa8dfdcd7d0>,5,23,[11  5],6,6,29,0,6
1,<environment.Job instance at 0x7fa925e75280>,7,28,[7 3],8,29,57,21,28
1,<environment.Job instance at 0x7fa8dfdcd280>,8,25,[4 8],9,28,53,19,28
1,<environment.Job instance at 0x7fa8e004a550>,13,22,[ 1 10],14,53,75,39,46
1,<environment.Job instance at 0x7fa8e004a370>,14,28,[13  5],15,57,85,42,56
1,<environment.Job instance at 0x7fa925b26190>,15,23,[9 3],16,85,108,69,79
1,<environment.Job instance at 0x7fa92556bfa0>,16,23,[8 1],17,108,131,91,102
1,<environment.Job instance at 0x7fa8dfdf7230>,18,23,[4 8],19,102,125,83,102
1,<environment.Job instance at 0x7fa8dfed4780>,3,21,[13  2],4,131,152,127,123
1,<environment.Job instance at 0x7fa8dfdf7910>,17,21,[13  4],18,152,173,134,144
1,<environment.Job instance at 0x7fa8dfdf9d20>,20,21,[ 3 13],21,173,194,152,165
1,<environment.Job instance at 0x7fa8dfe25cd0>,23,25,[3 9],24,194,219,170,190
1,<environment.Job instance at 0x7fa8e0039550>,24,25,[3 8],25,219,244,194,215
1,<environment.Job instance at 0x7fa8e00392d0>,25,23,[ 1 13],26,244,267,218,238
1,<environment.Job instance at 0x7fa9261b43c0>,4,27,[ 3 10],5,5,32,0,5
1,<environment.Job instance at 0x7fa9261b40a0>,6,28,[4 5],7,7,35,0,7
1,<environment.Job instance at 0x7fa925573cd0>,0,24,[3 8],1,1,25,0,1
1,<environment.Job instance at 0x7fa925897aa0>,3,28,[1 7],4,4,32,0,4
1,<environment.Job instance at 0x7fa8dffeef00>,8,27,[3 8],9,25,52,16,23
1,<environment.Job instance at 0x7fa8dffeec80>,7,28,[ 4 12],8,52,80,44,51
1,<environment.Job instance at 0x7fa8dffee910>,11,22,[6 3],12,51,73,39,51
1,<environment.Job instance at 0x7fa92565f550>,14,25,[5 6],15,80,105,65,76
1,<environment.Job instance at 0x7fa92565f9b0>,16,26,[ 4 11],17,105,131,88,102
1,<environment.Job instance at 0x7fa92565f460>,18,19,[11  2],19,112,131,93,112
1,<environment.Job instance at 0x7fa9259cbe60>,0,26,[8 2],1,1,27,0,1
1,<environment.Job instance at 0x7fa92565f140>,1,25,[ 5 10],2,2,27,0,2
1,<environment.Job instance at 0x7fa9259cb190>,3,22,[11  3],4,27,49,23,20
1,<environment.Job instance at 0x7fa8df80a320>,7,27,[11  3],8,49,76,41,47
1,<environment.Job instance at 0x7fa8df80a5a0>,11,27,[5 4],12,76,103,64,74
1,<environment.Job instance at 0x7fa8df80a640>,12,22,[1 8],13,74,96,61,74
1,<environment.Job instance at 0x7fa8df80a6e0>,13,24,[7 5],14,96,120,82,91
1,<environment.Job instance at 0x7fa8df7e7820>,0,23,[ 5 10],1,1,24,0,1
1,<environment.Job instance at 0x7fa926085e10>,3,25,[14  3],4,24,49,20,20
1,<environment.Job instance at 0x7fa8df7e7c80>,1,22,[12  5],2,49,71,47,42
1,<environment.Job instance at 0x7fa92628b5a0>,9,19,[ 2 12],10,71,90,61,63
1,<environment.Job instance at 0x7fa925e2bfa0>,13,22,[5 1],14,74,96,60,74
1,<environment.Job instance at 0x7fa8df80a6e0>,2,12,[11  5],3,2767,2779,2764,2767
1,<environment.Job instance at 0x7fa8dfbde3c0>,16,24,[ 2 11],17,2779,2803,2762,2774
1,<environment.Job instance at 0x7fa8dfbdec30>,17,25,[9 4],18,2779,2804,2761,2775
1,<environment.Job instance at 0x7fa926141aa0>,0,23,[4 8],1,1,24,0,1
1,<environment.Job instance at 0x7fa8dfbdec30>,2,24,[14  3],3,24,48,21,19
1,<environment.Job instance at 0x7fa9260fae60>,9,27,[4 9],10,48,75,38,46
1,<environment.Job instance at 0x7fa926141910>,1,26,[12  1],2,75,101,73,72
1,<environment.Job instance at 0x7fa9255eb3c0>,11,23,[ 3 11],12,75,98,63,72
1,<environment.Job instance at 0x7fa9260fa370>,12,25,[10  3],13,101,126,88,97
1,<environment.Job instance at 0x7fa9260fa230>,13,24,[4 8],14,101,125,87,97
1,<environment.Job instance at 0x7fa925c74c30>,3,23,[ 3 13],4,126,149,122,120
1,<environment.Job instance at 0x7fa8e00450f0>,7,20,[14  1],8,149,169,141,140
1,<environment.Job instance at 0x7f9cf5b8e280>,0,24,[2 8],1,1,25,0,1
1,<environment.Job instance at 0x7f9cf5bd1870>,2,26,[10  1],3,3,29,0,3
1,<environment.Job instance at 0x7f9cf5b8e140>,4,24,[ 3 11],5,25,49,20,20
1,<environment.Job instance at 0x7f9cee77e4b0>,8,24,[ 2 12],9,49,73,40,44
1,<environment.Job instance at 0x7f9cee77e730>,12,22,[4 6],13,73,95,60,66
1,<environment.Job instance at 0x7f9cee77e7d0>,13,27,[3 8],14,73,100,59,71
1,<environment.Job instance at 0x7f9cee77e910>,15,24,[ 2 13],16,100,124,84,95
1,<environment.Job instance at 0x7f9cee77e9b0>,16,19,[ 3 12],17,124,143,107,122
1,<environment.Job instance at 0x7f9cee77e460>,6,19,[ 1 13],7,167,186,160,167
1,<environment.Job instance at 0x7f9cee77eb90>,19,21,[14  4],20,186,207,166,178
1,<environment.Job instance at 0x7f9cee77ecd0>,21,22,[14  2],22,207,229,185,200
1,<environment.Job instance at 0x7f9cee77ef00>,22,25,[ 4 12],23,229,254,206,225
1,<environment.Job instance at 0x7f9cee77efa0>,24,20,[ 3 12],25,254,274,229,245
1,<environment.Job instance at 0x7f9cee725280>,2,21,[12  4],3,4,25,1,4
1,<environment.Job instance at 0x7f9cee7801e0>,4,28,[ 3 13],5,25,53,20,24
1,<environment.Job instance at 0x7f9caab6ef50>,6,23,[11  2],7,27,50,20,27
1,<environment.Job instance at 0x7f9caab6e5a0>,8,22,[ 2 10],9,53,75,44,46
1,<environment.Job instance at 0x7f9cee77efa0>,5,22,[ 3 12],6,75,97,69,68
1,<environment.Job instance at 0x7f9caab6e7d0>,12,22,[6 4],13,97,119,84,90
1,<environment.Job instance at 0x7f9caab7b0f0>,14,21,[9 1],15,91,112,76,91
1,<environment.Job instance at 0x7f9caaabfd70>,1,19,[8 2],2,2,21,0,2
1,<environment.Job instance at 0x7f9cf5d00230>,3,28,[14  4],4,21,49,17,20
1,<environment.Job instance at 0x7f9cf5cfd410>,6,22,[9 4],7,49,71,42,42
1,<environment.Job instance at 0x7f9cf5d00c30>,2,22,[ 3 14],3,71,93,68,64
1,<environment.Job instance at 0x7f9cf5cfd3c0>,5,25,[ 3 13],6,93,118,87,91
1,<environment.Job instance at 0x7f9cf5cfb5f0>,11,22,[4 8],12,118,140,106,111
1,<environment.Job instance at 0x7f9cf5cfb3c0>,10,28,[1 7],11,118,146,107,117
1,<environment.Job instance at 0x7f9cf5d07d70>,14,24,[12  1],15,140,164,125,135
1,<environment.Job instance at 0x7f9cf5cfd780>,8,21,[ 2 14],9,146,167,137,141
1,<environment.Job instance at 0x7f9cf5d07780>,18,28,[3 5],19,167,195,148,166
1,<environment.Job instance at 0x7f9cf5cfd550>,7,24,[ 2 13],8,195,219,187,190
1,<environment.Job instance at 0x7f9cf2cc6c80>,21,26,[5 3],22,219,245,197,216
1,<environment.Job instance at 0x7f9cf5c14780>,17,19,[ 5 13],18,245,264,227,235
1,<environment.Job instance at 0x7f9cee9b0960>,25,27,[2 8],26,264,291,238,262
1,<environment.Job instance at 0x7f9cf31b2c30>,1,23,[8 4],2,2,25,0,2
1,<environment.Job instance at 0x7f9cf3402820>,2,23,[9 3],3,25,48,22,19
1,<environment.Job instance at 0x7f9cee9b0960>,3,24,[ 4 11],4,19,43,15,19
1,<environment.Job instance at 0x7f9cee5d6690>,10,27,[ 4 10],11,43,70,32,41
1,<environment.Job instance at 0x7f9ceea84a00>,11,28,[ 4 14],12,70,98,58,69
1,<environment.Job instance at 0x7f9cee5d6870>,13,27,[11  1],14,73,100,59,73
1,<environment.Job instance at 0x7f9cf2d8e5a0>,16,28,[4 9],17,98,126,81,97
1,<environment.Job instance at 0x7f9cf2d8eaa0>,17,28,[7 5],18,100,128,82,99
1,<environment.Job instance at 0x7f9cab02e780>,1,24,[ 4 10],2,2,26,0,2
1,<environment.Job instance at 0x7f9cf2d8e6e0>,2,24,[ 2 14],3,26,50,23,21
1,<environment.Job instance at 0x7f9caadbb190>,6,28,[13  3],7,50,78,43,49
1,<environment.Job instance at 0x7f9caadbb460>,8,23,[13  5],9,78,101,69,72
1,<environment.Job instance at 0x7f9caadbb230>,5,28,[ 2 11],6,101,129,95,100
1,<environment.Job instance at 0x7f9cee5edc30>,13,23,[6 5],14,129,152,115,123
1,<environment.Job instance at 0x7f9caadbb2d0>,9,19,[ 3 13],10,152,171,142,143
1,<environment.Job instance at 0x7f9cee605c30>,16,27,[4 6],17,171,198,154,169
1,<environment.Job instance at 0x7f9caae590f0>,17,26,[8 5],18,171,197,153,169
1,<environment.Job instance at 0x7f9cee605e60>,15,20,[ 1 11],16,198,218,182,190
1,<environment.Job instance at 0x7f9cab0399b0>,21,24,[14  4],22,198,222,176,193
1,<environment.Job instance at 0x7f9cab019b40>,22,26,[12  3],23,222,248,199,219
1,<environment.Job instance at 0x7f9ceebccd20>,1,26,[10  4],2,2,28,0,2
1,<environment.Job instance at 0x7f9cee6e36e0>,2,23,[5 5],3,3,26,0,3
1,<environment.Job instance at 0x7f9cee70e9b0>,9,25,[3 9],10,26,51,16,22
1,<environment.Job instance at 0x7f9cee70e550>,7,19,[ 5 13],8,51,70,43,46
1,<environment.Job instance at 0x7f9cee70ea50>,14,28,[3 9],15,70,98,55,69
1,<environment.Job instance at 0x7f9cee70e460>,15,28,[ 3 10],16,98,126,82,97
1,<environment.Job instance at 0x7f9cee70ef00>,18,19,[4 5],19,98,117,79,98
1,<environment.Job instance at 0x7f9cee70ee10>,19,20,[12  4],20,117,137,97,113
1,<environment.Job instance at 0x7f9cee70e7d0>,20,28,[8 2],21,137,165,116,136
1,<environment.Job instance at 0x7f9caa9d75f0>,0,24,[5 7],1,1,25,0,1
1,<environment.Job instance at 0x7f9ceea5c190>,3,27,[ 2 10],4,25,52,21,23
1,<environment.Job instance at 0x7f9cf2e42b90>,6,20,[ 1 13],7,52,72,45,50
1,<environment.Job instance at 0x7f9cee926640>,9,28,[11  1],10,50,78,40,50
1,<environment.Job instance at 0x7f9cee926500>,11,28,[8 2],12,78,106,66,77
1,<environment.Job instance at 0x7f9cee926eb0>,12,21,[ 1 11],13,77,98,64,77
1,<environment.Job instance at 0x7f9caab7b5f0>,16,21,[14  4],17,106,127,89,98
1,<environment.Job instance at 0x7f9caab7b280>,17,20,[11  1],18,127,147,109,119
1,<environment.Job instance at 0x7f9caab7b5a0>,18,22,[ 5 12],19,147,169,128,140
1,<environment.Job instance at 0x7f9caab7b910>,14,21,[14  2],15,169,190,154,165
1,<environment.Job instance at 0x7f9caab7b410>,20,27,[ 2 13],21,190,217,169,188
1,<environment.Job instance at 0x7f9cf2e42780>,8,28,[ 2 14],9,217,245,208,216
1,<environment.Job instance at 0x7f9cf32a06e0>,22,27,[ 4 13],23,245,272,222,243
1,<environment.Job instance at 0x7f9ceea7b870>,1,22,[ 4 12],2,2,24,0,2
1,<environment.Job instance at 0x7f9cf34aed20>,2,24,[12  4],3,24,48,21,19
1,<environment.Job instance at 0x7f9caaa9c870>,7,23,[2 6],8,24,47,16,19
1,<environment.Job instance at 0x7f9caaa9cbe0>,11,24,[9 2],12,48,72,36,43
1,<environment.Job instance at 0x7f9cee930280>,7,22,[7 2],8,9,31,1,9
1,<environment.Job instance at 0x7f9cee930460>,9,19,[ 4 11],10,21,40,11,21
1,<environment.Job instance at 0x7f9cee930cd0>,10,28,[ 3 11],11,40,68,29,39
1,<environment.Job instance at 0x7f9cee9fdcd0>,11,26,[4 8],12,68,94,56,65
1,<environment.Job instance at 0x7f9cee9fdb90>,12,23,[4 6],13,68,91,55,65
1,<environment.Job instance at 0x7f9cee9fd460>,14,21,[14  4],15,94,115,79,86
1,<environment.Job instance at 0x7f9cab010050>,15,20,[12  5],16,115,135,99,106
1,<environment.Job instance at 0x7f9cf2e7fb90>,17,28,[ 2 14],18,135,163,117,134
1,<environment.Job instance at 0x7f9cf3203eb0>,19,23,[5 3],20,163,186,143,157
1,<environment.Job instance at 0x7f9caad83f00>,21,25,[13  1],22,186,211,164,182
1,<environment.Job instance at 0x7f9ceea740a0>,5,28,[8 4],6,6,34,0,6
1,<environment.Job instance at 0x7f9cee4f28c0>,3,19,[ 4 11],4,12,31,8,12
1,<environment.Job instance at 0x7f9cf30f3b90>,2,27,[7 4],3,3,30,0,3
1,<environment.Job instance at 0x7f9cee4f28c0>,4,23,[13  4],5,30,53,25,24
1,<environment.Job instance at 0x7f9cee85ba00>,7,25,[ 3 10],8,53,78,45,49
1,<environment.Job instance at 0x7f9cee85e320>,8,20,[6 3],9,53,73,44,49
1,<environment.Job instance at 0x7f9cee85e5a0>,9,21,[3 6],10,78,99,68,70
1,<environment.Job instance at 0x7f9cee8a58c0>,11,28,[10  2],12,73,101,61,72
1,<environment.Job instance at 0x7f9cf3240e10>,12,24,[9 3],13,101,125,88,96
1,<environment.Job instance at 0x7f9cab0669b0>,13,21,[13  1],14,125,146,111,117
1,<environment.Job instance at 0x7f9cee6fcf00>,15,21,[ 1 10],16,117,138,101,117
1,<environment.Job instance at 0x7f9cee846640>,16,27,[11  3],17,146,173,129,144
1,<environment.Job instance at 0x7f9cee8464b0>,19,20,[3 9],20,150,170,130,150
1,<environment.Job instance at 0x7f9ceeae5910>,22,24,[8 5],23,173,197,150,168
1,<environment.Job instance at 0x7f9caabef0f0>,2,22,[1 6],3,3,25,0,3
1,<environment.Job instance at 0x7f9cf30f1820>,7,24,[5 2],8,8,32,0,8
1,<environment.Job instance at 0x7f9cf30f13c0>,8,23,[ 2 13],9,25,48,16,19
1,<environment.Job instance at 0x7f9cee638550>,0,27,[9 5],1,1,28,0,1
1,<environment.Job instance at 0x7f9cee638500>,3,28,[7 5],4,28,56,24,27
1,<environment.Job instance at 0x7f9cf34a6d70>,7,26,[11  1],8,56,82,48,53
1,<environment.Job instance at 0x7f9cf335ff50>,12,26,[5 9],13,82,108,69,79
1,<environment.Job instance at 0x7f9cee6387d0>,2,19,[ 5 13],3,108,127,105,100
1,<environment.Job instance at 0x7f9caaf7c690>,16,21,[ 3 10],17,127,148,110,119
1,<environment.Job instance at 0x7f9caab3a050>,18,25,[ 2 14],19,148,173,129,144
1,<environment.Job instance at 0x7f9cf34a6230>,6,21,[14  5],7,173,194,166,169
1,<environment.Job instance at 0x7f9cee70f5a0>,21,25,[3 6],22,194,219,172,190
1,<environment.Job instance at 0x7f9caa8b8a00>,14,28,[ 1 13],15,219,247,204,218
1,<environment.Job instance at 0x7f9cf2d7eaa0>,24,24,[7 3],25,247,271,222,244
1,<environment.Job instance at 0x7f9ceebcb2d0>,26,12,[ 2 12],27,946,958,919,946
1,<environment.Job instance at 0x7f9cf31a0230>,0,28,[11  2],1,1,29,0,1
1,<environment.Job instance at 0x7f9cf31a0e60>,4,20,[11  1],5,29,49,24,20
1,<environment.Job instance at 0x7f9cf3109960>,3,20,[4 7],4,4,24,0,4
1,<environment.Job instance at 0x7f9ceec5eb90>,6,27,[2 7],7,7,34,0,7
1,<environment.Job instance at 0x7f9caa938aa0>,9,26,[13  2],10,24,50,14,21
1,<environment.Job instance at 0x7f9caac1f190>,14,27,[ 3 10],15,50,77,35,48
1,<environment.Job instance at 0x7f9cee5f2140>,0,24,[3 8],1,1,25,0,1
1,<environment.Job instance at 0x7f9cee5f28c0>,3,28,[1 7],4,4,32,0,4
1,<environment.Job instance at 0x7f9caa8229b0>,7,28,[ 4 12],8,32,60,24,31
1,<environment.Job instance at 0x7f9caa822af0>,8,27,[3 8],9,60,87,51,58
1,<environment.Job instance at 0x7f9cee9b6eb0>,11,22,[6 3],12,58,80,46,58
1,<environment.Job instance at 0x7f9cee9b61e0>,14,25,[5 6],15,80,105,65,76
1,<environment.Job instance at 0x7f9cee9b69b0>,16,26,[ 4 11],17,105,131,88,102
1,<environment.Job instance at 0x7f9cee9b6a00>,18,19,[11  2],19,105,124,86,105
1,<environment.Job instance at 0x7f9cab142b40>,1,27,[5 4],2,2,29,0,2
1,<environment.Job instance at 0x7f9cee9b6050>,2,22,[1 8],3,3,25,0,3
1,<environment.Job instance at 0x7f9caad09640>,3,24,[7 5],4,25,49,21,20
1,<environment.Job instance at 0x7f9caae70aa0>,8,24,[ 3 14],9,49,73,40,44
1,<environment.Job instance at 0x7f9caae70b90>,9,25,[10  2],10,73,98,63,69
1,<environment.Job instance at 0x7f9caae709b0>,10,19,[3 5],11,73,92,62,69
1,<environment.Job instance at 0x7f9caae70e60>,11,19,[ 5 11],12,92,111,80,82
1,<environment.Job instance at 0x7f9caae71370>,14,24,[9 4],15,98,122,83,93
1,<environment.Job instance at 0x7f9caae700a0>,6,20,[12  1],7,122,142,115,113
1,<environment.Job instance at 0x7f9caae71b40>,17,28,[14  4],18,142,170,124,141
1,<environment.Job instance at 0x7f9caa698c30>,1,23,[12  4],2,2,25,0,2
1,<environment.Job instance at 0x7f9cf2e23910>,7,25,[ 5 11],8,25,50,17,21
1,<environment.Job instance at 0x7f9cf2e23e60>,9,28,[1 5],10,50,78,40,49
1,<environment.Job instance at 0x7f9cf2e239b0>,10,24,[ 5 11],11,78,102,67,73
1,<environment.Job instance at 0x7f9caae71b40>,3,19,[11  5],4,102,121,98,96
1,<environment.Job instance at 0x7f9cab021b90>,14,28,[7 1],15,121,149,106,120
1,<environment.Job instance at 0x7f9cab0215a0>,16,27,[ 1 10],17,120,147,103,120
1,<environment.Job instance at 0x7f9cab021280>,17,20,[ 4 12],18,147,167,129,138
1,<environment.Job instance at 0x7f9cf5b12b40>,1,20,[5 5],2,2,22,0,2
1,<environment.Job instance at 0x7f9cee998f50>,4,23,[11  5],5,22,45,17,16
1,<environment.Job instance at 0x7f9cee998960>,5,23,[6 2],6,45,68,39,39
1,<environment.Job instance at 0x7f9cf578c7d0>,7,25,[14  5],8,68,93,60,64
1,<environment.Job instance at 0x7f9cf578c550>,9,26,[14  3],10,93,119,83,90
1,<environment.Job instance at 0x7f9cf578c870>,10,28,[13  5],11,119,147,108,118
1,<environment.Job instance at 0x7f9cf578cc80>,15,28,[13  5],16,147,175,131,146
1,<environment.Job instance at 0x7f9cf578c0a0>,16,20,[ 2 13],17,175,195,158,166
1,<environment.Job instance at 0x7f9caabea780>,0,27,[7 2],1,1,28,0,1
1,<environment.Job instance at 0x7f9caabea640>,2,24,[5 2],3,3,27,0,3
1,<environment.Job instance at 0x7f9caa8a78c0>,3,28,[5 5],4,27,55,23,26
1,<environment.Job instance at 0x7f9caa8a7b90>,4,25,[4 8],5,28,53,23,26
1,<environment.Job instance at 0x7f9cf579d0f0>,11,24,[11  4],12,55,79,43,50
1,<environment.Job instance at 0x7fd5d80af1e0>,0,24,[2 8],1,1,25,0,1
1,<environment.Job instance at 0x7fd5d80af370>,2,26,[10  1],3,3,29,0,3
1,<environment.Job instance at 0x7fd5d80f2640>,4,24,[ 3 11],5,25,49,20,20
1,<environment.Job instance at 0x7fd5d0ca0690>,8,24,[ 2 12],9,49,73,40,44
1,<environment.Job instance at 0x7fd5d0ca0640>,13,27,[3 8],14,73,100,59,71
1,<environment.Job instance at 0x7fd5d0ca0a50>,15,24,[ 2 13],16,100,124,84,95
1,<environment.Job instance at 0x7fd5d0ca0af0>,16,19,[ 3 12],17,124,143,107,123
1,<environment.Job instance at 0x7fd5d0ca04b0>,6,19,[ 1 13],7,143,162,136,143
1,<environment.Job instance at 0x7fd5d0ca0cd0>,19,21,[14  4],20,162,183,142,154
1,<environment.Job instance at 0x7fd5d0ca0fa0>,21,22,[14  2],22,183,205,161,176
1,<environment.Job instance at 0x7fd5d0ca0f00>,22,25,[ 4 12],23,205,230,182,201
1,<environment.Job instance at 0x7fd5d0ca3050>,24,20,[ 3 12],25,230,250,205,221
1,<environment.Job instance at 0x7fd5d0c48aa0>,2,22,[6 4],3,3,25,0,3
1,<environment.Job instance at 0x7fd58d09a140>,4,21,[9 1],5,5,26,0,5
1,<environment.Job instance at 0x7fd58d09a410>,8,27,[9 4],9,26,53,17,24
1,<environment.Job instance at 0x7fd58d09a8c0>,9,25,[ 3 11],10,25,50,15,24
1,<environment.Job instance at 0x7fd58d09a960>,10,27,[13  4],11,53,80,42,51
1,<environment.Job instance at 0x7fd58d09acd0>,13,23,[ 2 14],14,80,103,66,74
1,<environment.Job instance at 0x7fd58d09d4b0>,15,19,[5 1],16,90,109,74,90
1,<environment.Job instance at 0x7fd58d09d050>,16,24,[8 2],17,103,127,86,98
1,<environment.Job instance at 0x7fd58d09dcd0>,17,22,[1 7],18,103,125,85,98
1,<environment.Job instance at 0x7fd58d09db90>,18,28,[ 4 13],19,125,153,106,124
1,<environment.Job instance at 0x7fd58d09d870>,19,26,[3 6],20,153,179,133,150
1,<environment.Job instance at 0x7fd5d0ca3050>,6,19,[ 5 14],7,179,198,172,169
1,<environment.Job instance at 0x7fd58d09d730>,20,12,[11  1],21,1619,1631,1598,1619
1,<environment.Job instance at 0x7fd58cee8320>,1,26,[5 3],2,2,28,0,2
1,<environment.Job instance at 0x7fd58cee8e60>,4,20,[7 3],5,5,25,0,5
1,<environment.Job instance at 0x7fd58cefafa0>,5,27,[2 8],6,6,33,0,6
1,<environment.Job instance at 0x7fd58cf63d20>,9,24,[ 5 11],10,33,57,23,28
1,<environment.Job instance at 0x7fd58cf15be0>,11,27,[ 4 12],12,57,84,45,55
1,<environment.Job instance at 0x7fd58cf15a50>,12,23,[5 7],13,84,107,71,78
1,<environment.Job instance at 0x7fd58cf63410>,8,20,[12  2],9,107,127,98,98
1,<environment.Job instance at 0x7fd5d74ad460>,14,25,[13  3],15,127,152,112,123
1,<environment.Job instance at 0x7fd58cee8f00>,2,18,[11  4],3,2285,2303,2282,2285
1,<environment.Job instance at 0x7fd5d107cb90>,17,20,[12  3],18,2303,2323,2285,2294
1,<environment.Job instance at 0x7fd5d792d550>,0,28,[7 2],1,1,29,0,1
1,<environment.Job instance at 0x7fd5d792dbe0>,2,21,[13  5],3,29,50,26,21
1,<environment.Job instance at 0x7fd5d0d7bcd0>,6,20,[2 6],7,21,41,14,21
1,<environment.Job instance at 0x7fd5d7ae0c30>,8,25,[1 6],9,41,66,32,37
1,<environment.Job instance at 0x7fd5d7ae05a0>,9,22,[12  5],10,50,72,40,43
1,<environment.Job instance at 0x7fd5d78e3b40>,7,23,[ 2 13],8,72,95,64,66
1,<environment.Job instance at 0x7fd5d7b43640>,15,27,[4 9],16,95,122,79,93
1,<environment.Job instance at 0x7fd5d792d3c0>,1,20,[14  4],2,122,142,120,113
1,<environment.Job instance at 0x7fd5d0eba870>,17,24,[10  2],18,142,166,124,137
1,<environment.Job instance at 0x7fd5d78bf8c0>,19,19,[10  1],20,166,185,146,156
1,<environment.Job instance at 0x7fd5d0f6d780>,22,25,[11  2],23,185,210,162,181
1,<environment.Job instance at 0x7fd58d4638c0>,3,24,[14  5],4,4,28,0,4
1,<environment.Job instance at 0x7fd58d2a92d0>,8,22,[12  2],9,28,50,19,21
1,<environment.Job instance at 0x7fd58d52a460>,9,26,[ 2 10],10,28,54,18,25
1,<environment.Job instance at 0x7fd58d361e60>,6,21,[ 1 14],7,54,75,47,47
1,<environment.Job instance at 0x7fd58d2a9140>,12,24,[4 5],13,75,99,62,70
1,<environment.Job instance at 0x7fd58d2a94b0>,13,24,[9 5],14,75,99,61,70
1,<environment.Job instance at 0x7fd5d0ff0a50>,4,18,[14  1],5,1093,1111,1088,1093
1,<environment.Job instance at 0x7fd5d7a1d550>,15,23,[13  5],16,1111,1134,1095,1105
1,<environment.Job instance at 0x7fd5d7a14eb0>,18,28,[12  3],19,1134,1162,1115,1133
1,<environment.Job instance at 0x7fd5d7a14780>,19,25,[3 6],20,1134,1159,1114,1133
1,<environment.Job instance at 0x7fd5d7a14820>,20,23,[8 4],21,1162,1185,1141,1156
1,<environment.Job instance at 0x7fd58d5fffa0>,4,22,[ 1 12],5,5,27,0,5
1,<environment.Job instance at 0x7fd5d0d92140>,5,24,[12  5],6,27,51,21,22
1,<environment.Job instance at 0x7fd58d5ffb40>,6,27,[3 5],7,27,54,20,25
1,<environment.Job instance at 0x7fd5d0d92d20>,9,28,[1 8],10,51,79,41,50
1,<environment.Job instance at 0x7fd5d0d92cd0>,11,26,[7 2],12,51,77,39,50
1,<environment.Job instance at 0x7fd5d0d920f0>,12,27,[5 6],13,77,104,64,75
1,<environment.Job instance at 0x7fd5d0d92050>,13,28,[ 2 12],14,104,132,90,103
1,<environment.Job instance at 0x7fd5d0d923c0>,16,27,[12  3],17,113,140,96,113
1,<environment.Job instance at 0x7fd5d0d92780>,19,20,[1 7],20,132,152,112,128
1,<environment.Job instance at 0x7fd5d1141280>,21,20,[9 4],22,140,160,118,134
1,<environment.Job instance at 0x7fd5d0c1daa0>,1,24,[5 1],2,2,26,0,2
1,<environment.Job instance at 0x7fd5d772f140>,4,23,[1 8],5,5,28,0,5
1,<environment.Job instance at 0x7fd5d772f5a0>,5,28,[ 2 10],6,28,56,22,27
1,<environment.Job instance at 0x7fd5d0f46190>,9,21,[ 2 12],10,56,77,46,48
1,<environment.Job instance at 0x7fd58d57a9b0>,12,21,[13  5],13,77,98,64,69
1,<environment.Job instance at 0x7fd58d57a730>,14,25,[9 4],15,98,123,83,94
1,<environment.Job instance at 0x7fd58d57aaf0>,15,20,[7 5],16,123,143,107,114
1,<environment.Job instance at 0x7fd58d57a640>,18,28,[ 1 13],19,143,171,124,142
1,<environment.Job instance at 0x7fd5d76bc3c0>,8,21,[ 3 14],9,171,192,162,167
1,<environment.Job instance at 0x7fd58d542b40>,22,20,[ 4 14],23,192,212,169,188
1,<environment.Job instance at 0x7fd5d0d8ce10>,19,19,[ 5 14],20,212,231,192,211
1,<environment.Job instance at 0x7fd5d0d8ce10>,4,28,[13  5],5,5,33,0,5
1,<environment.Job instance at 0x7fd58cfbbc80>,5,27,[6 1],6,33,60,27,31
1,<environment.Job instance at 0x7fd58cfbbf00>,11,24,[14  3],12,60,84,48,55
1,<environment.Job instance at 0x7fd58cfbc140>,12,23,[ 1 14],13,84,107,71,78
1,<environment.Job instance at 0x7fd58cfbc1e0>,13,24,[12  2],14,107,131,93,102
1,<environment.Job instance at 0x7fd58cfbc280>,14,28,[3 6],15,107,135,92,106
1,<environment.Job instance at 0x7fd58cfbc320>,15,21,[ 2 14],16,135,156,119,127
1,<environment.Job instance at 0x7fd58cfbbfa0>,9,19,[ 5 12],10,156,175,146,150
1,<environment.Job instance at 0x7fd58cfbc460>,17,20,[4 5],18,175,195,157,166
1,<environment.Job instance at 0x7fd58cfbc5a0>,19,25,[ 3 10],20,175,200,155,171
1,<environment.Job instance at 0x7fd58cf29c30>,0,24,[ 5 13],1,1,25,0,1
1,<environment.Job instance at 0x7fd58cf29370>,4,22,[1 8],5,25,47,20,18
1,<environment.Job instance at 0x7fd58cf29eb0>,5,24,[14  2],6,25,49,19,20
1,<environment.Job instance at 0x7fd58cf29e60>,3,25,[ 2 12],4,49,74,45,45
1,<environment.Job instance at 0x7fd58cf29dc0>,10,21,[ 5 13],11,74,95,63,66
1,<environment.Job instance at 0x7fd58cfbc550>,1,23,[ 5 12],2,95,118,93,89
1,<environment.Job instance at 0x7fd5d0ff7d20>,12,24,[7 1],13,89,113,76,89
1,<environment.Job instance at 0x7fd58cf29b40>,9,19,[ 4 13],10,118,137,108,117
1,<environment.Job instance at 0x7fd591d26e60>,18,25,[2 5],19,137,162,118,133
1,<environment.Job instance at 0x7fd5d774ae60>,1,24,[1 6],2,2,26,0,2
1,<environment.Job instance at 0x7fd5d0aa4140>,4,23,[14  4],5,5,28,0,5
1,<environment.Job instance at 0x7fd58d03d730>,8,24,[ 4 11],9,28,52,19,23
1,<environment.Job instance at 0x7fd58d336e10>,9,28,[1 7],10,52,80,42,51
1,<environment.Job instance at 0x7fd5d0aa4870>,6,26,[ 1 10],7,80,106,73,77
1,<environment.Job instance at 0x7fd58d03d4b0>,12,24,[14  4],13,77,101,64,77
1,<environment.Job instance at 0x7fd5d1005820>,16,27,[13  4],17,101,128,84,99
1,<environment.Job instance at 0x7fd58d09a640>,18,25,[ 1 12],19,128,153,109,124
1,<environment.Job instance at 0x7fd58d5557d0>,20,27,[ 2 13],21,153,180,132,151
1,<environment.Job instance at 0x7fd5d7617960>,22,25,[ 3 12],23,180,205,157,176
1,<environment.Job instance at 0x7fd5d11c7f50>,21,20,[14  5],22,205,225,183,196
1,<environment.Job instance at 0x7fd5d11c7050>,4,28,[6 2],5,5,33,0,5
1,<environment.Job instance at 0x7fd5d7bcb050>,5,22,[ 1 12],6,7,29,1,7
1,<environment.Job instance at 0x7fd58d1124b0>,8,24,[7 2],9,29,53,20,24
1,<environment.Job instance at 0x7fd58d112050>,9,23,[3 8],10,33,56,23,27
1,<environment.Job instance at 0x7fd58d560f00>,12,26,[ 1 13],13,56,82,43,53
1,<environment.Job instance at 0x7fd5d0f66190>,14,22,[1 8],15,82,104,67,75
1,<environment.Job instance at 0x7fd5d76087d0>,10,19,[ 5 14],11,250,269,239,250
1,<environment.Job instance at 0x7fd5d788a690>,0,21,[5 9],1,1,22,0,1
1,<environment.Job instance at 0x7fd5d0a557d0>,7,23,[14  1],8,22,45,14,16
1,<environment.Job instance at 0x7fd5d799e910>,0,23,[6 2],1,1,24,0,1
1,<environment.Job instance at 0x7fd58cdcc0f0>,5,25,[9 2],6,6,31,0,6
1,<environment.Job instance at 0x7fd58d193730>,6,23,[12  5],7,31,54,24,25
1,<environment.Job instance at 0x7fd58cdccc30>,7,24,[ 5 14],8,54,78,46,49
1,<environment.Job instance at 0x7fd5d115be60>,0,27,[4 6],1,1,28,0,1
1,<environment.Job instance at 0x7fd5d1080910>,1,24,[4 5],2,2,26,0,2
1,<environment.Job instance at 0x7fd58cda57d0>,6,26,[4 5],7,26,52,19,23
1,<environment.Job instance at 0x7fd58cda59b0>,7,28,[8 2],8,28,56,20,27
1,<environment.Job instance at 0x7fd58cda5a50>,8,21,[11  3],9,56,77,47,48
1,<environment.Job instance at 0x7fd58d328a00>,3,27,[ 3 12],4,52,79,48,50
1,<environment.Job instance at 0x7fd58cda5730>,5,23,[12  1],6,77,100,71,73
1,<environment.Job instance at 0x7fd58cda5cd0>,12,23,[ 2 12],13,79,102,66,77
1,<environment.Job instance at 0x7fd58cda5e10>,14,25,[ 5 11],15,102,127,87,98
1,<environment.Job instance at 0x7fd58cda5eb0>,15,28,[12  4],16,127,155,111,126
1,<environment.Job instance at 0x7fd58d1cf960>,0,28,[ 2 12],1,1,29,0,1
1,<environment.Job instance at 0x7fd58cda5d70>,2,21,[6 3],3,3,24,0,3
1,<environment.Job instance at 0x7fd5d0e0d500>,9,27,[1 6],10,29,56,19,27
1,<environment.Job instance at 0x7fd5d0bf38c0>,10,25,[2 8],11,29,54,18,27
1,<environment.Job instance at 0x7fd58d1e9cd0>,11,20,[ 4 10],12,56,76,44,47
1,<environment.Job instance at 0x7fd5d7af1c80>,0,26,[8 2],1,1,27,0,1
1,<environment.Job instance at 0x7fd5d7af12d0>,1,25,[ 5 10],2,2,27,0,2
1,<environment.Job instance at 0x7fd58cdcd910>,3,22,[11  3],4,27,49,23,20
1,<environment.Job instance at 0x7fd5d7af1780>,7,27,[11  3],8,49,76,41,47
1,<environment.Job instance at 0x7fd5d11ac320>,11,27,[5 4],12,76,103,64,74
1,<environment.Job instance at 0x7fd5d11ac640>,12,22,[1 8],13,74,96,61,74
1,<environment.Job instance at 0x7fd58d314050>,13,24,[7 5],14,96,120,82,91
1,<environment.Job instance at 0x7fd5d7e269b0>,9,19,[ 3 12],10,194,213,184,194
1,<environment.Job instance at 0x7fd58d4d8960>,1,23,[12  4],2,2,25,0,2
1,<environment.Job instance at 0x7fd58d3275a0>,7,25,[ 5 11],8,25,50,17,21
1,<environment.Job instance at 0x7fd5d1033b90>,9,28,[1 5],10,50,78,40,49
1,<environment.Job instance at 0x7fd5d1033690>,10,24,[ 5 11],11,78,102,67,73
1,<environment.Job instance at 0x7fd5d7e269b0>,3,19,[11  5],4,102,121,98,92
1,<environment.Job instance at 0x7fd5d79a74b0>,13,20,[5 3],14,121,141,107,112
1,<environment.Job instance at 0x7fd5d79a7c30>,14,28,[7 1],15,121,149,106,120
1,<environment.Job instance at 0x7fd5d79a7e60>,16,27,[ 1 10],17,120,147,103,120
1,<environment.Job instance at 0x7fd5d79a7d70>,17,20,[ 4 12],18,147,167,129,138
1,<environment.Job instance at 0x7fd5d77ec3c0>,0,28,[13  5],1,1,29,0,1
1,<environment.Job instance at 0x7fd58cf5fcd0>,5,28,[13  5],6,29,57,23,28
1,<environment.Job instance at 0x7fd5d0a32370>,10,25,[6 3],11,57,82,46,53
1,<environment.Job instance at 0x7fd5d0a32050>,11,19,[7 4],12,57,76,45,53
1,<environment.Job instance at 0x7fd58ce5c3c0>,6,20,[ 2 13],7,82,102,75,73
1,<environment.Job instance at 0x7fd5d0a32a00>,12,19,[ 5 13],13,102,121,89,96
1,<environment.Job instance at 0x7fd5d1144e10>,13,19,[12  1],14,121,140,107,115
1,<environment.Job instance at 0x7fd5d1144910>,15,20,[7 4],16,140,160,124,131
1,<environment.Job instance at 0x7fd5bcb0abe0>,16,24,[ 1 12],17,160,184,143,155
1,<environment.Job instance at 0x7fd58d4e6780>,21,23,[13  2],22,160,183,138,159
1,<environment.Job instance at 0x7fd58d4e6e10>,22,25,[9 5],23,184,209,161,180
1,<environment.Job instance at 0x7fd58d5e0b90>,23,24,[ 1 13],24,209,233,185,204
1,<environment.Job instance at 0x7fd58d5e0820>,24,28,[5 8],25,233,261,208,232
1,<environment.Job instance at 0x7fd5d77d2fa0>,26,19,[2 5],27,233,252,206,232
1,<environment.Job instance at 0x7fd5d7550e10>,27,28,[ 3 13],28,261,289,233,260
1,<environment.Job instance at 0x7fd5d793d6e0>,28,25,[14  3],29,289,314,260,285
1,<environment.Job instance at 0x7fd58cd830f0>,0,22,[ 2 14],1,2,24,1,2
1,<environment.Job instance at 0x7fd58cd83640>,3,28,[14  2],4,24,52,20,23
1,<environment.Job instance at 0x7fd58cba6e10>,5,19,[11  5],6,52,71,46,47
1,<environment.Job instance at 0x7fd5d0befd20>,10,21,[5 7],11,71,92,60,63
1,<environment.Job instance at 0x7fd58cdd25f0>,1,27,[13  2],2,2,29,0,2
1,<environment.Job instance at 0x7fd5d0bef050>,2,22,[14  3],3,29,51,26,22
1,<environment.Job instance at 0x7fd58cdd2c30>,6,25,[ 1 10],7,22,47,15,22
1,<environment.Job instance at 0x7fd5d0befd20>,3,23,[3 6],4,51,74,47,45
1,<environment.Job instance at 0x7fd5d774e1e0>,10,28,[5 9],11,51,79,40,50
1,<environment.Job instance at 0x7fd5d7a5c3c0>,17,21,[11  1],18,79,100,61,72
1,<environment.Job instance at 0x7fd58d38ba00>,18,24,[11  3],19,100,124,81,95
1,<environment.Job instance at 0x7fd5d76c4910>,16,28,[ 3 14],17,124,152,107,123
1,<environment.Job instance at 0x7fd5d7a5c690>,15,19,[12  3],16,152,171,136,142
1,<environment.Job instance at 0x7fd5d76c9be0>,26,27,[5 6],27,171,198,144,169
1,<environment.Job instance at 0x7fd5d76c9b40>,28,24,[8 1],29,171,195,142,169
1,<environment.Job instance at 0x7fd5d7c22cd0>,30,25,[13  5],31,198,223,167,194
1,<environment.Job instance at 0x7f3327935190>,0,24,[2 8],1,1,25,0,1
1,<environment.Job instance at 0x7f3327978640>,2,26,[10  1],3,3,29,0,3
1,<environment.Job instance at 0x7f33267d6320>,4,24,[ 3 11],5,25,49,20,20
1,<environment.Job instance at 0x7f33267d65f0>,8,24,[ 2 12],9,49,73,40,44
1,<environment.Job instance at 0x7f33267d6780>,13,27,[3 8],14,73,100,59,71
1,<environment.Job instance at 0x7f33267d68c0>,15,24,[ 2 13],16,100,124,84,95
1,<environment.Job instance at 0x7f33267d64b0>,6,19,[ 1 13],7,125,144,118,125
1,<environment.Job instance at 0x7f33267d69b0>,16,19,[ 3 12],17,154,173,137,154
1,<environment.Job instance at 0x7f33267d6c30>,19,21,[14  4],20,173,194,153,165
1,<environment.Job instance at 0x7f33267d6fa0>,21,22,[14  2],22,194,216,172,187
1,<environment.Job instance at 0x7f33267d6e10>,22,25,[ 4 12],23,216,241,193,212
1,<environment.Job instance at 0x7f33267d92d0>,24,20,[ 3 12],25,241,261,216,237
1,<environment.Job instance at 0x7f332677eaf0>,0,27,[13  4],1,1,28,0,1
1,<environment.Job instance at 0x7f32dc9205f0>,6,24,[8 2],7,28,52,21,23
1,<environment.Job instance at 0x7f32dc920690>,7,22,[1 7],8,23,45,15,23
1,<environment.Job instance at 0x7f32dc920780>,8,28,[ 4 13],9,45,73,36,44
1,<environment.Job instance at 0x7f332677ea00>,3,23,[ 2 14],4,73,96,69,68
1,<environment.Job instance at 0x7f32dc920c30>,13,24,[ 1 10],14,96,120,82,91
1,<environment.Job instance at 0x7f32dc920dc0>,14,24,[ 1 11],15,120,144,105,115
1,<environment.Job instance at 0x7f32dc924fa0>,15,25,[8 2],16,115,140,99,115
1,<environment.Job instance at 0x7f32dc7f25f0>,1,27,[12  2],2,2,29,0,2
1,<environment.Job instance at 0x7f32dc7f2550>,2,26,[13  4],3,29,55,26,26
1,<environment.Job instance at 0x7f32dc7f2e60>,5,24,[ 4 10],6,55,79,49,50
1,<environment.Job instance at 0x7f332658d190>,9,20,[11  1],10,55,75,45,53
1,<environment.Job instance at 0x7f332658dfa0>,13,24,[6 1],14,75,99,61,70
1,<environment.Job instance at 0x7f332658d780>,14,19,[3 9],15,79,98,64,70
1,<environment.Job instance at 0x7f32dc8f9b40>,15,21,[12  1],16,99,120,83,91
1,<environment.Job instance at 0x7f32dc8f9d20>,17,26,[7 4],18,120,146,102,117
1,<environment.Job instance at 0x7f332795ceb0>,19,27,[11  5],20,146,173,126,144
1,<environment.Job instance at 0x7f3326ca5910>,21,25,[9 2],22,173,198,151,169
1,<environment.Job instance at 0x7f32dc788730>,23,21,[8 2],24,198,219,174,190
1,<environment.Job instance at 0x7f32dc7886e0>,24,21,[14  5],25,219,240,194,211
1,<environment.Job instance at 0x7f32dc849a00>,26,27,[3 8],27,240,267,213,238
1,<environment.Job instance at 0x7f33269dff50>,27,20,[ 3 13],28,267,287,239,258
1,<environment.Job instance at 0x7f3327501460>,1,22,[4 9],2,2,24,0,2
1,<environment.Job instance at 0x7f33269dff50>,3,21,[4 9],4,24,45,20,16
1,<environment.Job instance at 0x7f33268a6870>,2,19,[ 5 13],3,45,64,42,35
1,<environment.Job instance at 0x7f3327466910>,10,28,[9 5],11,64,92,53,63
1,<environment.Job instance at 0x7f3326923280>,3,20,[12  4],4,4,24,0,4
1,<environment.Job instance at 0x7f3327466910>,4,26,[1 6],5,5,31,0,5
1,<environment.Job instance at 0x7f3326c28460>,6,27,[12  2],7,24,51,17,22
1,<environment.Job instance at 0x7f3326666e10>,12,25,[14  3],13,51,76,38,47
1,<environment.Job instance at 0x7f32dcdd9050>,13,23,[14  5],14,76,99,62,70
1,<environment.Job instance at 0x7f32dcdd90f0>,14,27,[12  3],15,99,126,84,97
1,<environment.Job instance at 0x7f32dcbb3780>,15,22,[11  3],16,126,148,110,119
1,<environment.Job instance at 0x7f32dcbffc80>,16,28,[ 1 13],17,148,176,131,147
1,<environment.Job instance at 0x7f32dcbb3910>,17,25,[12  4],18,176,201,158,172
1,<environment.Job instance at 0x7f32dcc23cd0>,0,25,[ 4 14],1,1,26,0,1
1,<environment.Job instance at 0x7f32dcb8a0a0>,6,21,[8 1],7,7,28,0,7
1,<environment.Job instance at 0x7f32dcb8a640>,7,26,[12  5],8,28,54,20,25
1,<environment.Job instance at 0x7f32dcb8aa50>,8,28,[8 3],9,54,82,45,53
1,<environment.Job instance at 0x7f32dcb8ab90>,4,26,[10  2],5,82,108,77,79
1,<environment.Job instance at 0x7f32dcc23be0>,3,25,[14  5],4,108,133,104,104
1,<environment.Job instance at 0x7f32dcb8a780>,11,24,[ 3 12],12,133,157,121,128
1,<environment.Job instance at 0x7f32dcb8a3c0>,12,23,[4 7],13,157,180,144,151
1,<environment.Job instance at 0x7f32dcb8a690>,2,20,[14  3],3,180,200,177,171
1,<environment.Job instance at 0x7f32dcb8a500>,13,19,[ 4 10],14,200,219,186,190
1,<environment.Job instance at 0x7f32dcb8a960>,15,26,[12  4],16,219,245,203,216
1,<environment.Job instance at 0x7f32dcb8afa0>,17,21,[4 6],18,245,266,227,237
1,<environment.Job instance at 0x7f32dcb8a820>,14,18,[10  1],15,245,263,230,240
1,<environment.Job instance at 0x7f3326770c80>,21,21,[ 5 14],22,266,287,244,258
1,<environment.Job instance at 0x7f3326770eb0>,22,21,[ 4 11],23,287,308,264,279
1,<environment.Job instance at 0x7f3326770c30>,23,25,[2 7],24,308,333,284,304
1,<environment.Job instance at 0x7f3326770cd0>,24,23,[14  4],25,333,356,308,327
1,<environment.Job instance at 0x7f3326eb7780>,7,28,[ 4 12],8,8,36,0,8
1,<environment.Job instance at 0x7f3326db00a0>,10,26,[6 4],11,36,62,25,33
1,<environment.Job instance at 0x7f33266d17d0>,13,21,[9 1],14,33,54,19,33
1,<environment.Job instance at 0x7f32dcd0bcd0>,0,28,[ 5 11],1,1,29,0,1
1,<environment.Job instance at 0x7f332667de10>,6,24,[7 1],7,8,32,1,8
1,<environment.Job instance at 0x7f332667de60>,11,28,[12  1],12,32,60,20,31
1,<environment.Job instance at 0x7f332667c050>,12,25,[14  3],13,60,85,47,56
1,<environment.Job instance at 0x7f332667c460>,13,25,[12  4],14,85,110,71,81
1,<environment.Job instance at 0x7f32dcd0b230>,4,22,[11  2],5,110,132,105,103
1,<environment.Job instance at 0x7f332667df50>,8,21,[ 1 12],9,110,131,101,109
1,<environment.Job instance at 0x7f332667c4b0>,15,21,[11  5],16,132,153,116,124
1,<environment.Job instance at 0x7f332667c5f0>,17,25,[8 5],18,153,178,135,149
1,<environment.Job instance at 0x7f332667c190>,14,19,[14  1],15,178,197,163,168
1,<environment.Job instance at 0x7f332667c410>,5,28,[8 4],6,6,34,0,6
1,<environment.Job instance at 0x7f3326b2c690>,3,19,[ 4 11],4,8,27,4,8
1,<environment.Job instance at 0x7f32dc8b4a00>,2,24,[8 5],3,3,27,0,3
1,<environment.Job instance at 0x7f3326b1b410>,4,24,[8 5],5,27,51,22,22
1,<environment.Job instance at 0x7f32dce66c30>,5,22,[13  5],6,51,73,45,44
1,<environment.Job instance at 0x7f3326b6d8c0>,11,21,[9 3],12,73,94,61,65
1,<environment.Job instance at 0x7f3326b6d5a0>,12,26,[ 1 10],13,65,91,52,65
1,<environment.Job instance at 0x7f3327433370>,13,26,[4 8],14,91,117,77,88
1,<environment.Job instance at 0x7f3326da9500>,15,21,[8 5],16,94,115,78,89
1,<environment.Job instance at 0x7f3326a609b0>,18,20,[ 4 13],19,117,137,98,108
1,<environment.Job instance at 0x7f32dc9e0280>,10,26,[ 3 14],11,137,163,126,134
1,<environment.Job instance at 0x7f32dcb06af0>,0,27,[ 2 12],1,1,28,0,1
1,<environment.Job instance at 0x7f32dcb06d70>,3,22,[10  4],4,28,50,24,21
1,<environment.Job instance at 0x7f32dc7fe550>,7,24,[8 2],8,50,74,42,45
1,<environment.Job instance at 0x7f32dc7fe8c0>,8,26,[14  4],9,74,100,65,71
1,<environment.Job instance at 0x7f32dc7fe1e0>,12,23,[8 1],13,100,123,87,94
1,<environment.Job instance at 0x7f32dc7fe0a0>,10,23,[ 1 11],11,96,119,85,96
1,<environment.Job instance at 0x7f32dcbc2d70>,16,21,[13  5],17,123,144,106,115
1,<environment.Job instance at 0x7f32dc78f2d0>,15,22,[ 4 14],16,144,166,128,138
1,<environment.Job instance at 0x7f3326e83aa0>,20,22,[3 5],21,166,188,145,159
1,<environment.Job instance at 0x7f32dcbda6e0>,21,27,[ 3 13],22,188,215,166,186
1,<environment.Job instance at 0x7f32dcad6e10>,22,27,[4 8],23,215,242,192,213
1,<environment.Job instance at 0x7f32dc7fea50>,6,25,[ 1 14],7,242,267,235,238
1,<environment.Job instance at 0x7f32dcbdaf50>,24,22,[2 8],25,267,289,242,260
1,<environment.Job instance at 0x7f32dcbb3c30>,26,20,[1 7],27,267,287,240,263
1,<environment.Job instance at 0x7f32dcbe5aa0>,30,27,[10  3],31,287,314,256,285
1,<environment.Job instance at 0x7f3326c7d190>,31,28,[1 7],32,289,317,257,288
1,<environment.Job instance at 0x7f32dc7fe500>,5,19,[ 3 11],6,317,336,311,317
1,<environment.Job instance at 0x7f3326c58eb0>,34,23,[3 9],35,336,359,301,330
1,<environment.Job instance at 0x7f32dca3ca00>,0,19,[7 4],1,1,20,0,1
1,<environment.Job instance at 0x7f32dca94e60>,3,21,[7 2],4,4,25,0,4
1,<environment.Job instance at 0x7f3326f59eb0>,5,24,[11  5],6,25,49,19,20
1,<environment.Job instance at 0x7f32dca94230>,6,27,[8 3],7,49,76,42,47
1,<environment.Job instance at 0x7f3326f59af0>,8,26,[ 4 11],9,58,84,49,58
1,<environment.Job instance at 0x7f3326f593c0>,7,28,[13  3],8,84,112,76,83
1,<environment.Job instance at 0x7f3326f59e10>,13,23,[11  5],14,112,135,98,106
1,<environment.Job instance at 0x7f3326f59780>,14,22,[11  1],15,135,157,120,128
1,<environment.Job instance at 0x7f3326f59e60>,15,24,[9 2],16,157,181,141,152
1,<environment.Job instance at 0x7f3326f59fa0>,9,19,[12  4],10,181,200,171,172
1,<environment.Job instance at 0x7f32dcd85dc0>,1,24,[4 7],2,2,26,0,2
1,<environment.Job instance at 0x7f3326f594b0>,2,28,[ 4 12],3,26,54,23,25
1,<environment.Job instance at 0x7f32dcd857d0>,3,21,[8 2],4,35,56,31,35
1,<environment.Job instance at 0x7f32dcbd9190>,6,22,[ 1 11],7,54,76,47,47
1,<environment.Job instance at 0x7f33278b9d20>,8,26,[5 3],9,56,82,47,53
1,<environment.Job instance at 0x7f32dcbd93c0>,5,21,[12  5],6,82,103,76,74
1,<environment.Job instance at 0x7f32dc534910>,13,24,[ 4 14],14,103,127,89,98
1,<environment.Job instance at 0x7f3326fc35f0>,14,21,[14  4],15,127,148,112,119
1,<environment.Job instance at 0x7f32dc72c230>,15,23,[2 6],16,148,171,132,142
1,<environment.Job instance at 0x7f32dc72c820>,16,21,[14  2],17,171,192,154,163
1,<environment.Job instance at 0x7f32dc52d230>,18,24,[ 5 11],19,192,216,173,187
1,<environment.Job instance at 0x7f33275017d0>,21,26,[4 9],22,216,242,194,213
1,<environment.Job instance at 0x7f33272d1410>,0,25,[ 4 12],1,1,26,0,1
1,<environment.Job instance at 0x7f33272d1870>,3,24,[13  5],4,26,50,22,21
1,<environment.Job instance at 0x7f32dc9e6640>,5,22,[2 6],6,26,48,20,21
1,<environment.Job instance at 0x7f32dc9e6730>,8,27,[5 2],9,50,77,41,48
1,<environment.Job instance at 0x7f32dc9e65a0>,6,25,[2 9],7,48,73,41,48
1,<environment.Job instance at 0x7f32dc9e69b0>,12,27,[12  3],13,77,104,64,75
1,<environment.Job instance at 0x7f32dc9e6a50>,13,27,[ 3 10],14,75,102,61,75
1,<environment.Job instance at 0x7f33272d1b40>,4,22,[ 3 13],5,104,126,99,97
1,<environment.Job instance at 0x7f32dc9e6b90>,15,25,[10  3],16,126,151,110,122
1,<environment.Job instance at 0x7f32dc9e6d70>,18,21,[ 3 13],19,151,172,132,143
1,<environment.Job instance at 0x7f32dca93af0>,0,22,[ 1 11],1,1,23,0,1
1,<environment.Job instance at 0x7f3327978aa0>,8,27,[9 4],9,9,36,0,9
1,<environment.Job instance at 0x7f33273615f0>,5,28,[ 3 14],6,36,64,30,35
1,<environment.Job instance at 0x7f3326a7f5a0>,10,20,[7 1],11,36,56,25,35
1,<environment.Job instance at 0x7f3326a7f730>,11,21,[ 2 11],12,64,85,52,56
1,<environment.Job instance at 0x7f3326a7f1e0>,12,22,[10  3],13,64,86,51,57
1,<environment.Job instance at 0x7f3326a7fb40>,13,27,[5 9],14,85,112,71,83
1,<environment.Job instance at 0x7f32dcba60f0>,14,26,[5 5],15,86,112,71,83
1,<environment.Job instance at 0x7f3326eded70>,15,25,[9 4],16,112,137,96,108
1,<environment.Job instance at 0x7f3326a7f910>,9,20,[14  4],10,137,157,127,128
1,<environment.Job instance at 0x7f3326ca5a50>,18,26,[6 3],19,157,183,138,154
1,<environment.Job instance at 0x7f3327361230>,6,21,[ 1 14],7,183,204,176,175
1,<environment.Job instance at 0x7f32dc5c9870>,21,27,[ 5 13],22,204,231,182,202
1,<environment.Job instance at 0x7f32dc85d550>,22,25,[ 2 11],23,231,256,208,227
1,<environment.Job instance at 0x7f32dc85db90>,24,28,[11  5],25,256,284,231,255
1,<environment.Job instance at 0x7f33266a83c0>,26,22,[ 2 13],27,284,306,257,277
1,<environment.Job instance at 0x7f32dcabf0a0>,27,25,[ 1 13],28,306,331,278,302
1,<environment.Job instance at 0x7f32dcde39b0>,7,19,[ 2 13],8,331,350,323,323
1,<environment.Job instance at 0x7f33274bde10>,0,23,[ 5 10],1,1,24,0,1
1,<environment.Job instance at 0x7f33274bd280>,1,22,[12  5],2,24,46,22,20
1,<environment.Job instance at 0x7f33274bd4b0>,3,25,[14  3],4,46,71,42,42
1,<environment.Job instance at 0x7f32dc4adbe0>,9,19,[ 2 12],10,71,90,61,69
1,<environment.Job instance at 0x7f32dc4ad9b0>,13,22,[5 1],14,72,94,58,72
1,<environment.Job instance at 0x7f32dc536370>,2,12,[11  5],3,457,469,454,457
1,<environment.Job instance at 0x7f32dc4ad410>,16,24,[ 2 11],17,469,493,452,464
1,<environment.Job instance at 0x7f32dc4adc80>,17,25,[9 4],18,469,494,451,465
1,<environment.Job instance at 0x7f3326cc4500>,1,20,[5 5],2,2,22,0,2
1,<environment.Job instance at 0x7f33265fec80>,4,23,[11  5],5,22,45,17,16
1,<environment.Job instance at 0x7f3326c55280>,7,25,[14  5],8,45,70,37,41
1,<environment.Job instance at 0x7f3326c55500>,10,28,[13  5],11,70,98,59,69
1,<environment.Job instance at 0x7f3326c55190>,9,26,[14  3],10,98,124,88,95
1,<environment.Job instance at 0x7f3326c55e60>,15,28,[13  5],16,124,152,108,123
1,<environment.Job instance at 0x7f3326c6c410>,16,20,[ 2 13],17,152,172,135,143
1,<environment.Job instance at 0x7f32dc4ad3c0>,2,13,[ 2 14],3,1214,1227,1211,1214
1,<environment.Job instance at 0x7f32dcbd6e10>,20,25,[6 3],21,1227,1252,1206,1223
1,<environment.Job instance at 0x7f33267b70a0>,21,19,[7 4],22,1227,1246,1205,1223
1,<environment.Job instance at 0x7f3326f924b0>,22,19,[ 5 13],23,1252,1271,1229,1242
1,<environment.Job instance at 0x7f32dcbd6eb0>,23,19,[12  1],24,1271,1290,1247,1268
1,<environment.Job instance at 0x7f32dcbd65a0>,24,12,[13  2],25,1667,1679,1642,1667
1,<environment.Job instance at 0x7f3326c5ea50>,25,20,[7 4],26,1679,1699,1653,1670
1,<environment.Job instance at 0x7f3326c5ec80>,26,24,[ 1 12],27,1699,1723,1672,1694
1,<environment.Job instance at 0x7f332673fd70>,31,23,[13  2],32,1704,1727,1672,1704
1,<environment.Job instance at 0x7f332673f910>,32,25,[9 5],33,1727,1752,1694,1723
1,<environment.Job instance at 0x7f332673ffa0>,33,24,[ 1 13],34,1752,1776,1718,1747
1,<environment.Job instance at 0x7f332785e690>,34,28,[5 8],35,1776,1804,1741,1775
1,<environment.Job instance at 0x7f332672d050>,36,19,[2 5],37,1776,1795,1739,1775
1,<environment.Job instance at 0x7f332672d230>,37,28,[ 3 13],38,1804,1832,1766,1803
1,<environment.Job instance at 0x7f332672db90>,38,25,[14  3],39,1832,1857,1793,1828
1,<environment.Job instance at 0x7f32dcbc2500>,0,22,[ 2 14],1,2,24,1,2
1,<environment.Job instance at 0x7f32dcbc2e60>,3,28,[14  2],4,24,52,20,23
1,<environment.Job instance at 0x7f32dcce9eb0>,5,19,[11  5],6,52,71,46,42
1,<environment.Job instance at 0x7f32dccfee10>,10,21,[5 7],11,71,92,60,63
1,<environment.Job instance at 0x7f32dc66e550>,0,28,[5 9],1,1,29,0,1
1,<environment.Job instance at 0x7f3326636410>,6,28,[ 3 14],7,29,57,22,28
1,<environment.Job instance at 0x7f3326636320>,8,24,[11  3],9,57,81,48,52
1,<environment.Job instance at 0x7f3326636050>,7,21,[11  1],8,81,102,73,73
1,<environment.Job instance at 0x7f32dc865050>,16,27,[5 6],17,102,129,85,100
1,<environment.Job instance at 0x7f32dc865e60>,18,24,[8 1],19,102,126,83,101
1,<environment.Job instance at 0x7f32dc8653c0>,20,25,[13  5],21,129,154,108,125
1,<environment.Job instance at 0x7f3326636140>,5,19,[12  3],6,185,204,179,185
1,<environment.Job instance at 0x7f32dc865f00>,23,19,[10  1],24,204,223,180,194
1,<environment.Job instance at 0x7f3326fb1870>,1,19,[3 7],2,2,21,0,2
1,<environment.Job instance at 0x7f3326fb1370>,3,23,[5 3],4,4,27,0,4
1,<environment.Job instance at 0x7f3326fb1f00>,7,25,[5 2],8,8,33,0,8
1,<environment.Job instance at 0x7f3326fb1730>,9,23,[10  2],10,27,50,17,21
1,<environment.Job instance at 0x7f3326fb1550>,5,23,[2 7],6,33,56,27,27
1,<environment.Job instance at 0x7f3326fb1280>,11,24,[13  4],12,50,74,38,45
1,<environment.Job instance at 0x7f3326fb1af0>,6,24,[ 3 12],7,74,98,67,69
1,<environment.Job instance at 0x7f33269eddc0>,13,27,[ 5 10],14,98,125,84,96
1,<environment.Job instance at 0x7f33269edc80>,17,21,[ 5 11],18,125,146,107,117
1,<environment.Job instance at 0x7f33269ed730>,19,27,[4 9],20,146,173,126,144
1,<environment.Job instance at 0x7f33269ed280>,20,20,[12  4],21,173,193,152,164
1,<environment.Job instance at 0x7f33269ed5f0>,23,27,[ 4 10],24,193,220,169,191
1,<environment.Job instance at 0x7f3326fb17d0>,4,18,[13  1],5,1023,1041,1018,1023
1,<environment.Job instance at 0x7f1aecb15280>,0,24,[2 8],1,1,25,0,1
1,<environment.Job instance at 0x7f1aecb9de60>,2,26,[10  1],3,3,29,0,3
1,<environment.Job instance at 0x7f1aeb9b62d0>,4,24,[ 3 11],5,25,49,20,20
1,<environment.Job instance at 0x7f1aeb9b6730>,12,22,[4 6],13,49,71,36,42
1,<environment.Job instance at 0x7f1aeb9b6870>,13,27,[3 8],14,49,76,35,47
1,<environment.Job instance at 0x7f1aeb9b6690>,8,24,[ 2 12],9,76,100,67,71
1,<environment.Job instance at 0x7f1aeb9b69b0>,15,24,[ 2 13],16,100,124,84,95
1,<environment.Job instance at 0x7f1aeb9b64b0>,6,19,[ 1 13],7,124,143,117,122
1,<environment.Job instance at 0x7f1aeb9b6a50>,16,19,[ 3 12],17,211,230,194,211
1,<environment.Job instance at 0x7f1aeb9b6c30>,19,21,[14  4],20,230,251,210,222
1,<environment.Job instance at 0x7f1aeb9b6fa0>,21,22,[14  2],22,251,273,229,244
1,<environment.Job instance at 0x7f1aeb9b9140>,22,25,[ 4 12],23,273,298,250,269
1,<environment.Job instance at 0x7f1aeb9b9320>,24,20,[ 3 12],25,298,318,273,289
1,<environment.Job instance at 0x7f1aa1affe10>,3,24,[ 1 10],4,4,28,0,4
1,<environment.Job instance at 0x7f1aeb9b9320>,5,25,[8 2],6,6,31,0,6
1,<environment.Job instance at 0x7f1aeb9b90a0>,4,24,[ 1 11],5,28,52,23,23
1,<environment.Job instance at 0x7f1aa1aff640>,7,25,[5 4],8,31,56,23,27
1,<environment.Job instance at 0x7f1aa1a3aeb0>,1,25,[9 2],2,2,27,0,2
1,<environment.Job instance at 0x7f1aa1ac62d0>,3,21,[8 2],4,27,48,23,19
1,<environment.Job instance at 0x7f1aecc85f00>,6,27,[3 8],7,19,46,12,19
1,<environment.Job instance at 0x7f1aeb80b5f0>,4,21,[14  5],5,48,69,43,40
1,<environment.Job instance at 0x7f1aecc82dc0>,7,20,[ 3 13],8,69,89,61,60
1,<environment.Job instance at 0x7f1aecc820a0>,9,24,[ 3 14],10,89,113,79,84
1,<environment.Job instance at 0x7f1aa1a2a460>,13,21,[3 9],14,113,134,99,105
1,<environment.Job instance at 0x7f1aa1a2aeb0>,14,22,[7 4],15,113,135,98,106
1,<environment.Job instance at 0x7f1aeb77e7d0>,15,22,[ 1 14],16,135,157,119,128
1,<environment.Job instance at 0x7f1aa1a2a2d0>,17,28,[3 6],18,157,185,139,156
1,<environment.Job instance at 0x7f1aec438050>,0,21,[5 1],1,1,22,0,1
1,<environment.Job instance at 0x7f1aec438320>,1,28,[11  4],2,22,50,20,21
1,<environment.Job instance at 0x7f1aeba78140>,5,28,[5 5],6,50,78,44,49
1,<environment.Job instance at 0x7f1aebeb97d0>,7,24,[10  2],8,50,74,42,49
1,<environment.Job instance at 0x7f1aa1ec7c80>,8,24,[8 1],9,74,98,65,69
1,<environment.Job instance at 0x7f1aebdb9e10>,9,27,[ 5 10],10,78,105,68,76
1,<environment.Job instance at 0x7f1aebb63230>,11,28,[ 1 12],12,105,133,93,104
1,<environment.Job instance at 0x7f1aebb63eb0>,13,20,[ 5 12],14,133,153,119,124
1,<environment.Job instance at 0x7f1aebeb92d0>,3,19,[11  2],4,154,173,150,154
1,<environment.Job instance at 0x7f1aebb63780>,16,24,[5 3],17,173,197,156,168
1,<environment.Job instance at 0x7f1aebb25b40>,17,19,[5 7],18,173,192,155,168
1,<environment.Job instance at 0x7f1aebb25e10>,19,21,[14  3],20,197,218,177,189
1,<environment.Job instance at 0x7f1aebb3ae10>,20,22,[7 1],21,218,240,197,211
1,<environment.Job instance at 0x7f1aebc56780>,22,20,[11  3],23,240,260,217,231
1,<environment.Job instance at 0x7f1aebeb9f00>,6,19,[ 1 12],7,272,291,265,272
1,<environment.Job instance at 0x7f1aebd19af0>,0,22,[2 7],1,1,23,0,1
1,<environment.Job instance at 0x7f1aebd19690>,1,22,[8 1],2,2,24,0,2
1,<environment.Job instance at 0x7f1aa20435a0>,2,24,[14  4],3,24,48,21,19
1,<environment.Job instance at 0x7f1aa1deedc0>,11,23,[14  1],12,48,71,36,42
1,<environment.Job instance at 0x7f1aa1cffc30>,0,23,[13  2],1,1,24,0,1
1,<environment.Job instance at 0x7f1aa1cfffa0>,5,19,[7 3],6,24,43,18,15
1,<environment.Job instance at 0x7f1aa1cffc80>,6,20,[ 1 12],7,15,35,8,15
1,<environment.Job instance at 0x7f1aa1cff640>,1,21,[12  3],2,43,64,41,35
1,<environment.Job instance at 0x7f1aa1cff370>,8,25,[5 3],9,64,89,55,60
1,<environment.Job instance at 0x7f1aa1cff0f0>,4,19,[2 9],5,60,79,55,60
1,<environment.Job instance at 0x7f1aa1cfff50>,10,24,[5 7],11,79,103,68,74
1,<environment.Job instance at 0x7f1aa1cff500>,13,27,[ 2 10],14,103,130,89,101
1,<environment.Job instance at 0x7f1aa1cff7d0>,16,20,[ 1 13],17,130,150,113,122
1,<environment.Job instance at 0x7f1aeb77efa0>,18,28,[ 2 14],19,150,178,131,149
1,<environment.Job instance at 0x7f1aeb77e370>,19,28,[11  1],20,149,177,129,149
1,<environment.Job instance at 0x7f1aeb77eaf0>,20,22,[8 3],21,178,200,157,171
1,<environment.Job instance at 0x7f1aeb77ed20>,21,28,[8 2],22,200,228,178,199
1,<environment.Job instance at 0x7f1aeb77ef00>,22,21,[ 1 11],23,199,220,176,199
1,<environment.Job instance at 0x7f1aeb77e4b0>,23,21,[9 1],24,228,249,204,220
1,<environment.Job instance at 0x7f1aeb77e1e0>,24,21,[14  2],25,249,270,224,241
1,<environment.Job instance at 0x7f1aeb77edc0>,26,21,[14  4],27,270,291,243,262
1,<environment.Job instance at 0x7f1aeb77e0a0>,27,20,[11  1],28,291,311,263,282
1,<environment.Job instance at 0x7f1aeb77e0f0>,28,22,[ 5 12],29,311,333,282,304
1,<environment.Job instance at 0x7f1aa2000d20>,1,28,[3 6],2,2,30,0,2
1,<environment.Job instance at 0x7f1aeb77e0f0>,4,25,[10  5],5,5,30,0,5
1,<environment.Job instance at 0x7f1aeb928320>,8,28,[4 6],9,30,58,21,29
1,<environment.Job instance at 0x7f1aeb971780>,3,28,[ 2 13],4,58,86,54,57
1,<environment.Job instance at 0x7f1aeb9711e0>,0,24,[ 1 12],1,86,110,85,81
1,<environment.Job instance at 0x7f1aeb928c30>,9,26,[ 2 14],10,110,136,100,107
1,<environment.Job instance at 0x7f1aec1b9e60>,13,19,[12  2],14,203,222,189,203
1,<environment.Job instance at 0x7f1aa1cdc820>,14,24,[2 5],15,203,227,188,203
1,<environment.Job instance at 0x7f1aeb89eb40>,17,27,[ 1 13],18,227,254,209,225
1,<environment.Job instance at 0x7f1aa1ac6550>,18,26,[8 2],19,225,251,206,225
1,<environment.Job instance at 0x7f1aec63e410>,19,26,[5 7],20,254,280,234,251
1,<environment.Job instance at 0x7f1aebde1140>,21,26,[11  1],22,280,306,258,277
1,<environment.Job instance at 0x7f1aec461320>,1,28,[ 5 11],2,2,30,0,2
1,<environment.Job instance at 0x7f1aeb8b3280>,4,28,[7 4],5,5,33,0,5
1,<environment.Job instance at 0x7f1aec6e6dc0>,6,24,[11  2],7,33,57,26,28
1,<environment.Job instance at 0x7f1aeb8b31e0>,7,20,[8 1],8,57,77,49,48
1,<environment.Job instance at 0x7f1aeb8b3190>,5,19,[14  5],6,77,96,71,67
1,<environment.Job instance at 0x7f1aeb8b3500>,10,24,[8 2],11,96,120,85,91
1,<environment.Job instance at 0x7f1aeb8b36e0>,13,26,[13  5],14,120,146,106,117
1,<environment.Job instance at 0x7f1aebde6c30>,1,23,[ 1 13],2,2,25,0,2
1,<environment.Job instance at 0x7f1aeb8b36e0>,2,28,[8 4],3,25,53,22,24
1,<environment.Job instance at 0x7f1aebbf3460>,7,20,[6 5],8,25,45,17,24
1,<environment.Job instance at 0x7f1aebbf3dc0>,9,23,[ 4 10],10,45,68,35,39
1,<environment.Job instance at 0x7f1aebac6a50>,3,27,[ 3 12],4,68,95,64,66
1,<environment.Job instance at 0x7f1aeba2b2d0>,11,24,[1 6],12,95,119,83,90
1,<environment.Job instance at 0x7f1aebcf80f0>,14,23,[14  4],15,95,118,80,91
1,<environment.Job instance at 0x7f1aebcf8190>,18,24,[ 4 11],19,119,143,100,114
1,<environment.Job instance at 0x7f1aebcf80a0>,19,28,[1 7],20,143,171,123,142
1,<environment.Job instance at 0x7f1aebc52b40>,2,26,[ 1 13],3,3,29,0,3
1,<environment.Job instance at 0x7f1aebe67870>,8,28,[14  2],9,9,37,0,9
1,<environment.Job instance at 0x7f1aa1f15dc0>,4,22,[1 8],5,29,51,24,24
1,<environment.Job instance at 0x7f1aa1ff10f0>,10,23,[6 4],11,37,60,26,31
1,<environment.Job instance at 0x7f1aec130640>,12,20,[ 1 11],13,51,71,38,43
1,<environment.Job instance at 0x7f1aeb897780>,0,19,[ 5 14],1,160,179,159,160
1,<environment.Job instance at 0x7f1aa2072500>,17,28,[1 5],18,179,207,161,178
1,<environment.Job instance at 0x7f1aa2072410>,18,21,[14  5],19,179,200,160,178
1,<environment.Job instance at 0x7f1aec373dc0>,19,25,[8 1],20,200,225,180,196
1,<environment.Job instance at 0x7f1aec2cf410>,0,28,[5 4],1,1,29,0,1
1,<environment.Job instance at 0x7f1aa1c09410>,2,22,[12  5],3,29,51,26,23
1,<environment.Job instance at 0x7f1aec355b40>,7,25,[10  4],8,51,76,43,47
1,<environment.Job instance at 0x7f1aec2cf0f0>,4,23,[13  3],5,76,99,71,70
1,<environment.Job instance at 0x7f1aec355b90>,8,22,[ 3 13],9,99,121,90,94
1,<environment.Job instance at 0x7f1aec2cfc30>,3,26,[ 3 14],4,121,147,117,118
1,<environment.Job instance at 0x7f1aec355a50>,13,25,[7 1],14,137,162,123,137
1,<environment.Job instance at 0x7f1aec3551e0>,14,21,[14  2],15,162,183,147,154
1,<environment.Job instance at 0x7f1aa1a7fdc0>,15,23,[6 3],16,183,206,167,177
1,<environment.Job instance at 0x7f1aeb92e870>,16,20,[1 7],17,177,197,160,177
1,<environment.Job instance at 0x7f1aebe52eb0>,17,23,[10  3],18,206,229,188,200
1,<environment.Job instance at 0x7f1aec355280>,11,19,[12  4],12,229,248,217,219
1,<environment.Job instance at 0x7f1aebe525a0>,20,27,[9 5],21,248,275,227,246
1,<environment.Job instance at 0x7f1aebe50f00>,22,19,[ 5 13],23,275,294,252,272
1,<environment.Job instance at 0x7f1aebe505a0>,23,28,[7 5],24,294,322,270,293
1,<environment.Job instance at 0x7f1aa1af3640>,24,19,[5 3],25,294,313,269,293
1,<environment.Job instance at 0x7f1aa1e1e870>,0,21,[13  1],1,1,22,0,1
1,<environment.Job instance at 0x7f1aec2576e0>,2,24,[11  2],3,22,46,19,17
1,<environment.Job instance at 0x7f1aa1b4ec30>,5,28,[ 1 13],6,17,45,11,17
1,<environment.Job instance at 0x7f1aebb346e0>,8,25,[8 1],9,46,71,37,42
1,<environment.Job instance at 0x7f1aa1e1e910>,1,23,[12  2],2,71,94,69,65
1,<environment.Job instance at 0x7f1aebb34730>,12,20,[4 7],13,94,114,81,85
1,<environment.Job instance at 0x7f1aebb347d0>,15,23,[11  5],16,94,117,78,88
1,<environment.Job instance at 0x7f1aebb34d20>,17,28,[7 3],18,117,145,99,116
1,<environment.Job instance at 0x7f1aebb34be0>,18,25,[4 8],19,116,141,97,116
1,<environment.Job instance at 0x7f1aebb345f0>,13,21,[13  2],14,145,166,131,137
1,<environment.Job instance at 0x7f1aebb34e10>,21,20,[1 6],22,141,161,119,137
1,<environment.Job instance at 0x7f1aeb9bf5a0>,24,28,[13  5],25,166,194,141,165
1,<environment.Job instance at 0x7f1aeb9bfe60>,25,23,[9 3],26,194,217,168,188
1,<environment.Job instance at 0x7f1aeb9bf640>,26,23,[8 1],27,217,240,190,211
1,<environment.Job instance at 0x7f1aeb9bf410>,27,21,[13  4],28,240,261,212,232
1,<environment.Job instance at 0x7f1aeb9bf190>,28,23,[4 8],29,261,284,232,255
1,<environment.Job instance at 0x7f1aeb9bf230>,30,21,[ 3 13],31,284,305,253,276
1,<environment.Job instance at 0x7f1aeb9c1050>,0,19,[ 5 10],1,2,21,1,2
1,<environment.Job instance at 0x7f1aebc677d0>,6,22,[14  1],7,21,43,14,14
1,<environment.Job instance at 0x7f1aa1d6ae10>,12,19,[11  4],13,43,62,30,33
1,<environment.Job instance at 0x7f1aa1d6aeb0>,14,25,[3 9],15,43,68,28,39
1,<environment.Job instance at 0x7f1aa1d6aaa0>,17,27,[9 5],18,62,89,44,60
1,<environment.Job instance at 0x7f1aec2706e0>,3,24,[5 6],4,4,28,0,4
1,<environment.Job instance at 0x7f1aec4cebe0>,6,26,[14  5],7,28,54,21,25
1,<environment.Job instance at 0x7f1aa1d6aaa0>,7,21,[12  3],8,54,75,46,47
1,<environment.Job instance at 0x7f1aeb7ba2d0>,13,28,[8 3],14,75,103,61,74
1,<environment.Job instance at 0x7f1aec344fa0>,14,26,[11  4],15,103,129,88,100
1,<environment.Job instance at 0x7f1aec344190>,15,28,[ 3 14],16,129,157,113,128
1,<environment.Job instance at 0x7f1aa1fb6eb0>,10,24,[ 2 13],11,157,181,146,152
1,<environment.Job instance at 0x7f1aeb9458c0>,17,27,[ 1 12],18,181,208,163,179
1,<environment.Job instance at 0x7f1aa1f5f820>,8,26,[ 2 14],9,208,234,199,205
1,<environment.Job instance at 0x7f1aa2044c80>,16,19,[ 5 14],17,234,253,217,233
1,<environment.Job instance at 0x7f1aec315370>,20,20,[13  4],21,253,273,232,247
1,<environment.Job instance at 0x7f1aec344eb0>,21,22,[5 9],22,273,295,251,266
1,<environment.Job instance at 0x7f1aa19290f0>,0,25,[11  1],1,1,26,0,1
1,<environment.Job instance at 0x7f1aeb9bd870>,1,23,[10  4],2,26,49,24,20
1,<environment.Job instance at 0x7f1aa180c320>,9,25,[1 5],10,24,49,14,24
1,<environment.Job instance at 0x7f1aec344370>,4,21,[ 3 13],5,49,70,44,42
1,<environment.Job instance at 0x7f1aa1bab910>,12,28,[2 8],13,70,98,57,69
1,<environment.Job instance at 0x7f1aa180c780>,6,28,[ 1 14],7,98,126,91,97
1,<environment.Job instance at 0x7f1aebecef00>,14,25,[ 2 14],15,126,151,111,122
1,<environment.Job instance at 0x7f1aec52cc30>,0,23,[4 8],1,1,24,0,1
1,<environment.Job instance at 0x7f1aec52cb40>,2,24,[14  3],3,24,48,21,19
1,<environment.Job instance at 0x7f1aec52cb90>,1,26,[12  1],2,48,74,46,45
1,<environment.Job instance at 0x7f1aa192fe10>,3,23,[ 3 13],4,48,71,44,45
1,<environment.Job instance at 0x7f1aa192f370>,9,27,[4 9],10,74,101,64,72
1,<environment.Job instance at 0x7f1aa192f820>,11,23,[ 3 11],12,101,124,89,95
1,<environment.Job instance at 0x7f1aa192fd70>,12,25,[10  3],13,95,120,82,95
1,<environment.Job instance at 0x7f1aa192fb90>,13,24,[4 8],14,124,148,110,119
1,<environment.Job instance at 0x7f1aa192fa50>,7,20,[14  1],8,148,168,140,139
1,<environment.Job instance at 0x7f1aa192f230>,16,19,[3 9],17,168,187,151,158
1,<environment.Job instance at 0x7f1aec0c4c80>,0,27,[7 2],1,1,28,0,1
1,<environment.Job instance at 0x7f1aa17e05f0>,2,24,[5 2],3,3,27,0,3
1,<environment.Job instance at 0x7f1aebe4c3c0>,3,28,[5 5],4,27,55,23,26
1,<environment.Job instance at 0x7f1aebe4c320>,4,25,[4 8],5,28,53,23,26
1,<environment.Job instance at 0x7f1aec1b8cd0>,11,24,[11  4],12,55,79,43,50
1,<environment.Job instance at 0x7f1aa190c820>,1,27,[13  2],2,2,29,0,2
1,<environment.Job instance at 0x7f1aec1b8fa0>,2,22,[14  3],3,29,51,26,22
1,<environment.Job instance at 0x7f1aa1e74640>,6,25,[ 1 10],7,22,47,15,22
1,<environment.Job instance at 0x7f1aa1e748c0>,10,28,[5 9],11,51,79,40,50
1,<environment.Job instance at 0x7f1aec1b8cd0>,3,23,[3 6],4,51,74,47,50
1,<environment.Job instance at 0x7f1aa1e74c80>,16,28,[ 3 14],17,79,107,62,78
1,<environment.Job instance at 0x7f1aa1e74d20>,17,21,[11  1],18,79,100,61,78
1,<environment.Job instance at 0x7f1aa1e74dc0>,18,24,[11  3],19,107,131,88,102
1,<environment.Job instance at 0x7f1aa1e74be0>,15,19,[12  3],16,131,150,115,124
1,<environment.Job instance at 0x7f1aa1e6b2d0>,26,27,[5 6],27,150,177,123,148
1,<environment.Job instance at 0x7f1aa1e6b3c0>,28,24,[8 1],29,150,174,121,148
1,<environment.Job instance at 0x7f1aa1e6b500>,30,25,[13  5],31,177,202,146,173
1,<environment.Job instance at 0x7f1aebd7fb90>,1,19,[3 7],2,3,22,1,3
1,<environment.Job instance at 0x7f1aa1e6b500>,3,23,[5 3],4,4,27,0,4
1,<environment.Job instance at 0x7f1aa1e6b690>,5,23,[2 7],6,22,45,16,16
1,<environment.Job instance at 0x7f1aa1c45aa0>,7,25,[5 2],8,16,41,8,16
1,<environment.Job instance at 0x7f1aa1c45460>,9,23,[10  2],10,41,64,31,35
1,<environment.Job instance at 0x7f1aa1c45410>,6,24,[ 3 12],7,45,69,38,40
1,<environment.Job instance at 0x7f1aa1c45b40>,11,24,[13  4],12,69,93,57,64
1,<environment.Job instance at 0x7f1aeb8b6c30>,13,27,[ 5 10],14,93,120,79,91
1,<environment.Job instance at 0x7f1aa1ff32d0>,17,21,[ 5 11],18,120,141,102,112
1,<environment.Job instance at 0x7f1aa1ff3aa0>,19,27,[4 9],20,141,168,121,139
1,<environment.Job instance at 0x7f1aa1ff3a50>,20,20,[12  4],21,168,188,147,159
1,<environment.Job instance at 0x7f1aebc560a0>,23,27,[ 4 10],24,188,215,164,186
1,<environment.Job instance at 0x7f1aa1c45140>,4,18,[13  1],5,1290,1308,1285,1290
1,<environment.Job instance at 0x7f1aa1b63730>,0,25,[5 1],1,1,26,0,1
1,<environment.Job instance at 0x7f1aa1b63320>,1,19,[8 3],2,2,21,0,2
1,<environment.Job instance at 0x7f1aebec7730>,8,20,[3 7],9,21,41,12,12
1,<environment.Job instance at 0x7f1aebec7370>,12,21,[9 2],13,26,47,13,18
1,<environment.Job instance at 0x7f1aebf09f50>,18,22,[9 4],19,50,72,31,50
1,<environment.Job instance at 0x7f1aa1842b40>,4,18,[ 2 11],5,1356,1374,1351,1356
1,<environment.Job instance at 0x7f1aec34d230>,20,22,[14  4],21,1374,1396,1353,1367
1,<environment.Job instance at 0x7f1aa1e90e60>,21,28,[ 5 11],22,1396,1424,1374,1395
1,<environment.Job instance at 0x7f1aebdb2550>,22,19,[7 2],23,1396,1415,1373,1395
