iteration,job object,job ID,job Length,job ressource requirement,job enter time,job start time,job finish time,job waiting time,current time
1,<environment.Job instance at 0x7ff3a296b280>,14,13,[7 3],15,79,92,64,79
1,<environment.Job instance at 0x7ff3a296b320>,15,18,[2 8],16,92,110,76,81
1,<environment.Job instance at 0x7ff3a9cbdb40>,4,17,[5 7],5,14,31,9,14
1,<environment.Job instance at 0x7ff3a9cbd8c0>,10,17,[1 6],11,31,48,20,30
1,<environment.Job instance at 0x7ff3a9cbd140>,13,14,[8 1],14,35,49,21,35
1,<environment.Job instance at 0x7ff3a9cbd5f0>,8,18,[2 8],9,48,66,39,37
1,<environment.Job instance at 0x7ff3a9d71aa0>,19,2,[ 3 10],20,66,68,46,57
1,<environment.Job instance at 0x7ff35ed240f0>,1,12,[8 1],2,3,15,1,3
1,<environment.Job instance at 0x7ff35ed0b6e0>,8,12,[ 3 10],9,117,129,108,117
1,<environment.Job instance at 0x7ff35ed0bbe0>,16,16,[7 5],17,129,145,112,119
1,<environment.Job instance at 0x7ff35ed10320>,1,14,[4 7],2,2,16,0,2
1,<environment.Job instance at 0x7ff35efc8780>,6,17,[7 1],7,16,33,9,7
1,<environment.Job instance at 0x7ff35f0210a0>,13,13,[7 5],14,33,46,19,23
1,<environment.Job instance at 0x7ff35f021690>,15,3,[10  1],16,46,49,30,29
1,<environment.Job instance at 0x7ff35f0211e0>,3,14,[7 5],4,4,18,0,4
1,<environment.Job instance at 0x7ff35ed006e0>,1,14,[2 7],2,18,32,16,6
1,<environment.Job instance at 0x7ff35f06c5a0>,6,22,[6 1],7,18,40,11,11
1,<environment.Job instance at 0x7ff35f06c7d0>,14,13,[9 4],15,40,53,25,30
1,<environment.Job instance at 0x7ff35f06cdc0>,19,14,[ 1 10],20,67,81,47,67
1,<environment.Job instance at 0x7ff3a9aee0f0>,6,3,[9 1],7,42,45,35,42
1,<environment.Job instance at 0x7ff3a5554be0>,11,1,[ 2 10],12,45,46,33,43
1,<environment.Job instance at 0x7ff3a26dc1e0>,23,17,[ 2 10],24,120,137,96,120
1,<environment.Job instance at 0x7ff35f16c410>,5,2,[5 5],6,14,16,8,14
1,<environment.Job instance at 0x7ff3a2c88280>,11,16,[5 9],12,70,86,58,70
1,<environment.Job instance at 0x7ff3a505cf50>,10,17,[7 5],11,23,40,12,23
1,<environment.Job instance at 0x7ff35efeb3c0>,13,15,[4 6],14,40,55,26,35
1,<environment.Job instance at 0x7ff3a5024690>,16,15,[5 3],17,69,84,52,69
1,<environment.Job instance at 0x7ff3a505af00>,7,16,[3 9],8,89,105,81,89
1,<environment.Job instance at 0x7ff35ef45370>,5,15,[5 5],6,144,159,138,144
1,<environment.Job instance at 0x7ff35f223230>,29,14,[7 5],30,168,182,138,168
1,<environment.Job instance at 0x7ff35f228a50>,32,17,[5 5],33,182,199,149,170
1,<environment.Job instance at 0x7ff3a28b4dc0>,3,18,[3 6],4,199,217,195,189
1,<environment.Job instance at 0x7ff3a26cdfa0>,0,18,[1 7],1,9,27,8,9
1,<environment.Job instance at 0x7ff3a545f370>,13,17,[5 1],14,52,69,38,52
1,<environment.Job instance at 0x7ff35f134500>,17,13,[9 4],18,69,82,51,58
1,<environment.Job instance at 0x7ff3a51723c0>,23,3,[7 4],24,105,108,81,105
1,<environment.Job instance at 0x7ff3a5172730>,24,12,[3 8],25,108,120,83,106
1,<environment.Job instance at 0x7ff3a542d690>,37,14,[5 7],38,188,202,150,188
1,<environment.Job instance at 0x7ff3a542d460>,38,18,[4 7],39,202,220,163,191
1,<environment.Job instance at 0x7ff3a542dcd0>,47,13,[10  3],48,243,256,195,243
1,<environment.Job instance at 0x7ff3a9d71cd0>,6,17,[7 4],7,16,33,9,16
1,<environment.Job instance at 0x7ff35f0aca50>,4,13,[2 9],5,6,19,1,6
1,<environment.Job instance at 0x7ff35f1fc3c0>,2,12,[7 2],3,19,31,16,7
1,<environment.Job instance at 0x7ff3a2718d70>,7,16,[9 1],8,31,47,23,25
1,<environment.Job instance at 0x7ff3a52105a0>,19,18,[8 4],20,70,88,50,70
1,<environment.Job instance at 0x7ff3a5261370>,22,18,[3 9],23,88,106,65,81
1,<environment.Job instance at 0x7ff3a2757910>,24,16,[5 5],25,106,122,81,94
1,<environment.Job instance at 0x7ff35ea64d20>,10,17,[1 9],11,48,65,37,48
1,<environment.Job instance at 0x7ff3a2d8e730>,1,12,[10  5],2,65,77,63,61
1,<environment.Job instance at 0x7ff35ea4d500>,16,18,[1 7],17,77,95,60,66
1,<environment.Job instance at 0x7ff3a5012c80>,1,16,[1 8],2,24,40,22,24
1,<environment.Job instance at 0x7ff35f07e780>,19,14,[3 7],20,91,105,71,91
1,<environment.Job instance at 0x7ff35f07e280>,20,15,[9 4],21,105,120,84,92
1,<environment.Job instance at 0x7ff3a274a140>,27,20,[6 2],28,145,165,117,145
1,<environment.Job instance at 0x7ff3a274a0f0>,29,18,[ 2 10],30,165,183,135,157
1,<environment.Job instance at 0x7ff35ee6d7d0>,3,12,[4 6],4,4,16,0,4
1,<environment.Job instance at 0x7ff3a279a8c0>,10,2,[1 6],11,57,59,46,57
1,<environment.Job instance at 0x7ff3a279a460>,12,15,[4 9],13,59,74,46,57
1,<environment.Job instance at 0x7ff3a279ae60>,20,16,[3 7],21,173,189,152,173
1,<environment.Job instance at 0x7ff3a52e55f0>,23,13,[5 5],24,189,202,165,176
1,<environment.Job instance at 0x7ff3a52e50f0>,25,16,[7 5],26,202,218,176,191
1,<environment.Job instance at 0x7ff3a52e53c0>,28,13,[3 8],29,218,231,189,204
1,<environment.Job instance at 0x7ff3a52e5280>,30,14,[3 5],31,231,245,200,217
1,<environment.Job instance at 0x7ff3a52e5910>,35,16,[5 8],36,245,261,209,232
1,<environment.Job instance at 0x7ff3a290fcd0>,6,12,[6 5],7,44,56,37,44
1,<environment.Job instance at 0x7ff3a2d61050>,10,17,[9 4],11,77,94,66,77
1,<environment.Job instance at 0x7ff3a2d61f00>,12,18,[4 8],13,96,114,83,96
1,<environment.Job instance at 0x7ff3a50a7aa0>,22,13,[5 8],23,170,183,147,170
1,<environment.Job instance at 0x7ff3a50a7f00>,27,12,[6 3],28,196,208,168,196
1,<environment.Job instance at 0x7ff3a50a71e0>,28,15,[ 5 10],29,208,223,179,196
1,<environment.Job instance at 0x7ff35ebbff00>,31,19,[4 8],32,223,242,191,222
1,<environment.Job instance at 0x7ff35ebbf9b0>,33,14,[5 2],34,228,242,194,228
1,<environment.Job instance at 0x7ff35f2130a0>,3,14,[3 8],4,4,18,0,4
1,<environment.Job instance at 0x7ff3a2baaeb0>,2,1,[10  4],3,18,19,15,5
1,<environment.Job instance at 0x7ff3a52f08c0>,5,17,[3 6],6,19,36,13,7
1,<environment.Job instance at 0x7ff3a52f0aa0>,8,16,[1 5],9,44,60,35,44
1,<environment.Job instance at 0x7ff3a280f1e0>,14,13,[6 5],15,47,60,32,47
1,<environment.Job instance at 0x7ff35f213d20>,4,17,[10  5],5,60,77,55,48
1,<environment.Job instance at 0x7ff35ef20d20>,3,3,[8 2],4,4,7,0,4
1,<environment.Job instance at 0x7ff35f0b74b0>,4,15,[7 1],5,7,22,2,5
1,<environment.Job instance at 0x7ff35f0b7780>,5,2,[5 4],6,22,24,16,6
1,<environment.Job instance at 0x7ff35f0b78c0>,6,17,[5 4],7,22,39,15,10
1,<environment.Job instance at 0x7ff35f1bc7d0>,2,14,[7 2],3,5,19,2,5
1,<environment.Job instance at 0x7ff35f1bcb90>,5,12,[6 1],6,19,31,13,6
1,<environment.Job instance at 0x7ff35f1bc3c0>,6,13,[9 2],7,31,44,24,15
1,<environment.Job instance at 0x7ff35f1bcf50>,13,12,[ 3 10],14,44,56,30,29
1,<environment.Job instance at 0x7ff3a54006e0>,16,12,[10  1],17,56,68,39,43
1,<environment.Job instance at 0x7ff3a5400c80>,19,17,[5 5],20,68,85,48,58
1,<environment.Job instance at 0x7ff35f051f00>,1,15,[6 5],2,2,17,0,2
1,<environment.Job instance at 0x7ff35f021d70>,7,13,[5 4],8,17,30,9,8
1,<environment.Job instance at 0x7ff35f0218c0>,8,18,[9 2],9,30,48,21,19
1,<environment.Job instance at 0x7ff35f051dc0>,2,16,[5 4],3,48,64,45,35
1,<environment.Job instance at 0x7ff3a568e3c0>,17,18,[1 5],18,49,67,31,49
1,<environment.Job instance at 0x7ff3a2783870>,19,12,[6 3],20,64,76,44,49
1,<environment.Job instance at 0x7ff3a53a4780>,21,15,[4 8],22,76,91,54,64
1,<environment.Job instance at 0x7f01d022d280>,14,13,[7 3],15,84,97,69,84
1,<environment.Job instance at 0x7f01d022d3c0>,16,16,[3 5],17,90,106,73,90
1,<environment.Job instance at 0x7f01d5663dc0>,2,18,[5 5],3,3,21,0,3
1,<environment.Job instance at 0x7f01d5663c80>,5,2,[10  4],6,21,23,15,6
1,<environment.Job instance at 0x7f01d5663b40>,13,2,[5 9],14,24,26,10,24
1,<environment.Job instance at 0x7f01d57b3e10>,15,14,[5 1],16,24,38,8,24
1,<environment.Job instance at 0x7f01d56635a0>,7,18,[3 8],8,27,45,19,27
1,<environment.Job instance at 0x7f01d57b3960>,18,13,[8 5],19,45,58,26,32
1,<environment.Job instance at 0x7f01d57b3b90>,20,13,[9 4],21,58,71,37,45
1,<environment.Job instance at 0x7f01d57aa730>,23,16,[ 4 10],24,71,87,47,60
1,<environment.Job instance at 0x7f01d57ae280>,26,18,[5 7],27,87,105,60,79
1,<environment.Job instance at 0x7f018a55bb40>,1,14,[10  2],2,4,18,2,4
1,<environment.Job instance at 0x7f018a55b2d0>,5,15,[7 3],6,18,33,12,6
1,<environment.Job instance at 0x7f018a55b780>,0,17,[ 3 10],1,151,168,150,151
1,<environment.Job instance at 0x7f018a5e72d0>,25,13,[ 4 10],26,168,181,142,155
1,<environment.Job instance at 0x7f018a5e9320>,31,14,[4 7],32,217,231,185,217
1,<environment.Job instance at 0x7f01d5663730>,2,14,[2 9],3,6,20,3,6
1,<environment.Job instance at 0x7f018a620320>,1,13,[4 9],2,20,33,18,8
1,<environment.Job instance at 0x7f018a91b1e0>,10,18,[10  3],11,33,51,22,22
1,<environment.Job instance at 0x7f018a5e91e0>,20,17,[7 5],21,63,80,42,63
1,<environment.Job instance at 0x7f018a91b9b0>,6,12,[5 9],7,111,123,104,111
1,<environment.Job instance at 0x7f018a9dd960>,27,15,[3 7],28,123,138,95,113
1,<environment.Job instance at 0x7f018a5e9f50>,18,18,[10  1],19,151,169,132,151
1,<environment.Job instance at 0x7f018a529a50>,37,19,[10  5],38,169,188,131,159
1,<environment.Job instance at 0x7f018a929a50>,6,16,[7 4],7,41,57,34,41
1,<environment.Job instance at 0x7f018a929be0>,8,18,[4 6],9,88,106,79,88
1,<environment.Job instance at 0x7f018a929fa0>,13,12,[9 1],14,132,144,118,132
1,<environment.Job instance at 0x7f018a9200a0>,14,14,[5 5],15,144,158,129,140
1,<environment.Job instance at 0x7f018a5299b0>,1,3,[10  5],2,158,161,156,144
1,<environment.Job instance at 0x7f018a920320>,19,1,[5 4],20,144,145,124,144
1,<environment.Job instance at 0x7f018a9204b0>,21,1,[ 2 10],22,198,199,176,198
1,<environment.Job instance at 0x7f018a920be0>,30,13,[4 5],31,243,256,212,243
1,<environment.Job instance at 0x7f018a920870>,27,13,[5 4],28,243,256,215,243
1,<environment.Job instance at 0x7f018a920c30>,33,17,[ 2 10],34,274,291,240,274
1,<environment.Job instance at 0x7f01d03394b0>,5,2,[5 5],6,7,9,1,7
1,<environment.Job instance at 0x7f018a920f50>,3,17,[9 4],4,46,63,42,46
1,<environment.Job instance at 0x7f018a529550>,1,12,[3 8],2,4,16,2,4
1,<environment.Job instance at 0x7f018a6cb730>,0,17,[7 5],1,115,132,114,115
1,<environment.Job instance at 0x7f01d0db9c80>,19,14,[7 5],20,140,154,120,140
1,<environment.Job instance at 0x7f018a5d2280>,22,17,[5 5],23,154,171,131,142
1,<environment.Job instance at 0x7f01d0d322d0>,16,13,[5 5],17,159,172,142,159
1,<environment.Job instance at 0x7f018a5d2be0>,24,16,[10  4],25,185,201,160,185
1,<environment.Job instance at 0x7f018a6a74b0>,29,18,[9 5],30,201,219,171,190
1,<environment.Job instance at 0x7f01d0a24c30>,33,12,[7 2],34,219,231,185,211
1,<environment.Job instance at 0x7f018a710780>,35,20,[3 8],36,222,242,186,222
1,<environment.Job instance at 0x7f018a710460>,2,16,[5 5],3,5,21,2,5
1,<environment.Job instance at 0x7f01d037e6e0>,5,3,[10  2],6,21,24,15,6
1,<environment.Job instance at 0x7f018a8c7780>,12,3,[8 4],13,67,70,54,67
1,<environment.Job instance at 0x7f018a8c76e0>,13,15,[5 8],14,70,85,56,70
1,<environment.Job instance at 0x7f018a8c7b40>,18,18,[4 7],19,98,116,79,98
1,<environment.Job instance at 0x7f018a8c7820>,15,13,[10  4],16,141,154,125,141
1,<environment.Job instance at 0x7f018a8c7f50>,24,12,[10  3],25,154,166,129,142
1,<environment.Job instance at 0x7f018a8c2230>,30,16,[10  4],31,166,182,135,158
1,<environment.Job instance at 0x7f018a8c25f0>,5,13,[6 4],6,13,26,7,13
1,<environment.Job instance at 0x7f018aabbeb0>,9,18,[2 9],10,34,52,24,34
1,<environment.Job instance at 0x7f018aabb1e0>,10,18,[10  4],11,52,70,41,45
1,<environment.Job instance at 0x7f018a8c6af0>,1,17,[1 8],2,70,87,68,66
1,<environment.Job instance at 0x7f018a3ef460>,20,15,[5 5],21,106,121,85,106
1,<environment.Job instance at 0x7f018a8c6b40>,2,16,[10  3],3,121,137,118,110
1,<environment.Job instance at 0x7f018a481dc0>,23,18,[4 9],24,137,155,113,126
1,<environment.Job instance at 0x7f01d02e5a50>,27,16,[9 1],28,1893,1909,1865,1893
1,<environment.Job instance at 0x7f018a860410>,6,14,[8 5],7,40,54,33,40
1,<environment.Job instance at 0x7f01d01bbdc0>,1,13,[ 4 10],2,73,86,71,73
1,<environment.Job instance at 0x7f01d0108190>,18,12,[3 8],19,86,98,67,73
1,<environment.Job instance at 0x7f01d02829b0>,9,13,[3 9],10,103,116,93,103
1,<environment.Job instance at 0x7f01d0a18e10>,24,14,[1 5],25,121,135,96,121
1,<environment.Job instance at 0x7f018a9e1190>,0,18,[7 1],1,6,24,5,6
1,<environment.Job instance at 0x7f01d585c3c0>,1,16,[1 8],2,23,39,21,23
1,<environment.Job instance at 0x7f01d0cf4f50>,14,15,[9 1],15,51,66,36,51
1,<environment.Job instance at 0x7f01d0d143c0>,20,15,[9 4],21,99,114,78,99
1,<environment.Job instance at 0x7f01d0d140a0>,22,13,[1 5],23,101,114,78,101
1,<environment.Job instance at 0x7f01d0d14a00>,28,16,[4 9],29,170,186,141,170
1,<environment.Job instance at 0x7f018a533820>,13,13,[5 5],14,63,76,49,63
1,<environment.Job instance at 0x7f01d0311eb0>,17,18,[1 7],18,76,94,58,72
1,<environment.Job instance at 0x7f01d03117d0>,19,13,[10  5],20,94,107,74,80
1,<environment.Job instance at 0x7f018a84f910>,23,12,[6 1],24,117,129,93,117
1,<environment.Job instance at 0x7f018a84fdc0>,25,16,[5 8],26,129,145,103,117
1,<environment.Job instance at 0x7f01d0c9af50>,32,17,[10  4],33,163,180,130,163
1,<environment.Job instance at 0x7f018a97aeb0>,0,18,[9 5],1,29,47,28,29
1,<environment.Job instance at 0x7f018a7f80a0>,8,16,[ 5 10],9,47,63,38,34
1,<environment.Job instance at 0x7f01d01a7f00>,14,15,[9 4],15,63,78,48,57
1,<environment.Job instance at 0x7f01d01a7410>,17,14,[2 6],18,79,93,61,79
1,<environment.Job instance at 0x7f01d01a7b90>,18,15,[3 8],19,102,117,83,102
1,<environment.Job instance at 0x7f01d01a72d0>,23,3,[4 5],24,121,124,97,121
1,<environment.Job instance at 0x7f018a37cb40>,27,20,[3 7],28,797,817,769,797
1,<environment.Job instance at 0x7f018a37cbe0>,29,18,[7 1],30,817,835,787,817
1,<environment.Job instance at 0x7f018a37ce10>,31,15,[10  4],32,835,850,803,826
1,<environment.Job instance at 0x7f01d03bc910>,1,19,[4 8],2,5,24,3,5
1,<environment.Job instance at 0x7f018a3dd640>,7,18,[9 4],8,24,42,16,24
1,<environment.Job instance at 0x7f018a3dc5f0>,25,17,[3 6],26,75,92,49,75
1,<environment.Job instance at 0x7f018a6331e0>,1,13,[1 9],2,4,17,2,4
1,<environment.Job instance at 0x7f018a8ce960>,9,13,[7 5],10,17,30,7,13
1,<environment.Job instance at 0x7f018a8cef50>,11,1,[9 1],12,30,31,18,22
1,<environment.Job instance at 0x7f01d0627c80>,13,3,[8 2],14,31,34,17,24
1,<environment.Job instance at 0x7f01d00b4320>,14,15,[7 1],15,34,49,19,24
1,<environment.Job instance at 0x7f01d0270690>,17,14,[8 1],18,49,63,31,37
1,<environment.Job instance at 0x7f018aaba140>,8,17,[ 1 10],9,63,80,54,55
1,<environment.Job instance at 0x7f01d0abf820>,2,14,[7 2],3,6,20,3,6
1,<environment.Job instance at 0x7f018a29ceb0>,4,14,[7 2],5,20,34,15,6
1,<environment.Job instance at 0x7f018a224460>,12,14,[5 4],13,34,48,21,21
1,<environment.Job instance at 0x7f018a2241e0>,13,12,[ 3 10],14,48,60,34,33
1,<environment.Job instance at 0x7f018a224d70>,16,12,[10  1],17,60,72,43,46
1,<environment.Job instance at 0x7f018a224dc0>,19,17,[5 5],20,72,89,52,60
1,<environment.Job instance at 0x7f018a224050>,21,17,[8 4],22,89,106,67,80
1,<environment.Job instance at 0x7f01d06492d0>,1,14,[5 5],2,4,18,2,4
1,<environment.Job instance at 0x7f018a2904b0>,4,16,[6 1],5,18,34,13,5
1,<environment.Job instance at 0x7f01cffd1140>,7,18,[1 5],8,23,41,15,23
1,<environment.Job instance at 0x7f018a449190>,12,12,[1 8],13,41,53,28,25
1,<environment.Job instance at 0x7f018a4494b0>,14,13,[9 5],15,53,66,38,37
1,<environment.Job instance at 0x7f018a449d20>,2,17,[8 5],3,3,20,0,3
1,<environment.Job instance at 0x7f01d09dc7d0>,11,17,[6 4],12,28,45,16,28
1,<environment.Job instance at 0x7f018a449fa0>,1,13,[8 3],2,45,58,43,29
1,<environment.Job instance at 0x7f018a902960>,16,12,[5 1],17,58,70,41,44
1,<environment.Job instance at 0x7f01d09dc500>,12,17,[4 7],13,58,75,45,55
1,<environment.Job instance at 0x7f018a9fd730>,21,14,[1 6],22,75,89,53,68
1,<environment.Job instance at 0x7f01d003a690>,22,15,[8 1],23,75,90,52,69
1,<environment.Job instance at 0x7f01cff93500>,26,15,[ 4 10],27,90,105,63,76
1,<environment.Job instance at 0x7f01d0515f00>,36,18,[ 4 10],37,167,185,130,167
1,<environment.Job instance at 0x7f01d0d32aa0>,6,15,[1 8],7,7,22,0,7
1,<environment.Job instance at 0x7f01d0d327d0>,7,15,[6 4],8,22,37,14,8
1,<environment.Job instance at 0x7f01d0d32be0>,11,19,[2 6],12,24,43,12,24
1,<environment.Job instance at 0x7f01d0500230>,5,14,[9 5],6,80,94,74,80
1,<environment.Job instance at 0x7f018a254190>,17,18,[5 4],18,120,138,102,120
1,<environment.Job instance at 0x7f018a55ed70>,22,18,[9 3],23,138,156,115,132
1,<environment.Job instance at 0x7f018a104a00>,3,18,[ 2 10],4,175,193,171,175
1,<environment.Job instance at 0x7f01d06ab410>,32,13,[5 5],33,193,206,160,177
1,<environment.Job instance at 0x7f01d0226190>,36,13,[4 8],37,1178,1191,1141,1178
1,<environment.Job instance at 0x7f01d02272d0>,37,17,[10  1],38,1191,1208,1153,1180
1,<environment.Job instance at 0x7fc8090c64b0>,4,14,[1 6],5,73,87,68,73
1,<environment.Job instance at 0x7fc8090c6b40>,15,18,[2 8],16,108,126,92,108
1,<environment.Job instance at 0x7fc80e643910>,3,2,[5 9],4,4,6,0,4
1,<environment.Job instance at 0x7fc80e649f00>,5,14,[5 1],6,6,20,0,6
1,<environment.Job instance at 0x7fc80e649730>,8,13,[8 5],9,20,33,11,11
1,<environment.Job instance at 0x7fc80e6407d0>,12,15,[5 9],13,33,48,20,23
1,<environment.Job instance at 0x7fc80e649af0>,11,14,[2 6],12,48,62,36,33
1,<environment.Job instance at 0x7fc80e640af0>,20,16,[7 1],21,56,72,35,56
1,<environment.Job instance at 0x7fc80e648f50>,22,14,[4 7],23,72,86,49,67
1,<environment.Job instance at 0x7fc80e648780>,24,12,[5 6],25,86,98,61,70
1,<environment.Job instance at 0x7fc7c33ebfa0>,1,13,[5 6],2,4,17,2,4
1,<environment.Job instance at 0x7fc7c33eb0f0>,5,13,[ 4 10],6,17,30,11,8
1,<environment.Job instance at 0x7fc7c33eba00>,10,14,[1 7],11,30,44,19,18
1,<environment.Job instance at 0x7fc7c349aa50>,4,13,[9 4],5,5,18,0,5
1,<environment.Job instance at 0x7fc7c38317d0>,7,19,[10  5],8,18,37,10,12
1,<environment.Job instance at 0x7fc7c37b5690>,11,17,[5 1],12,56,73,44,56
1,<environment.Job instance at 0x7fc8097a71e0>,7,16,[3 9],8,17,33,9,17
1,<environment.Job instance at 0x7fc8097a7a00>,11,12,[3 8],12,33,45,21,24
1,<environment.Job instance at 0x7fc80e699960>,16,15,[5 3],17,69,84,52,69
1,<environment.Job instance at 0x7fc8097a7460>,10,17,[7 5],11,84,101,73,72
1,<environment.Job instance at 0x7fc7c33d4c30>,22,2,[5 7],23,122,124,99,122
1,<environment.Job instance at 0x7fc8097a7b90>,3,18,[3 6],4,124,142,120,123
1,<environment.Job instance at 0x7fc7c33d4320>,27,2,[6 3],28,145,147,117,145
1,<environment.Job instance at 0x7fc7c33d4a00>,26,13,[5 5],27,147,160,120,147
1,<environment.Job instance at 0x7fc809631550>,29,14,[7 5],30,160,174,130,149
1,<environment.Job instance at 0x7fc809631690>,34,16,[10  4],35,182,198,147,182
1,<environment.Job instance at 0x7fc7c35509b0>,2,16,[5 5],3,5,21,2,5
1,<environment.Job instance at 0x7fc7c3880f00>,13,15,[5 8],14,95,110,81,95
1,<environment.Job instance at 0x7fc7c38a4be0>,15,13,[10  4],16,110,123,94,96
1,<environment.Job instance at 0x7fc7c38dae60>,24,12,[10  3],25,140,152,115,140
1,<environment.Job instance at 0x7fc80904e640>,27,13,[10  3],28,152,165,124,140
1,<environment.Job instance at 0x7fc7c3562aa0>,29,3,[9 2],30,165,168,135,141
1,<environment.Job instance at 0x7fc8094885a0>,36,17,[7 4],37,203,220,166,203
1,<environment.Job instance at 0x7fc809688730>,1,13,[6 5],2,3,16,1,3
1,<environment.Job instance at 0x7fc7c377eaa0>,0,18,[10  4],1,16,34,15,8
1,<environment.Job instance at 0x7fc809488be0>,4,14,[2 7],5,34,48,29,34
1,<environment.Job instance at 0x7fc7c3808af0>,13,18,[4 9],14,48,66,34,40
1,<environment.Job instance at 0x7fc7c3808dc0>,15,12,[10  5],16,66,78,50,51
1,<environment.Job instance at 0x7fc7c37f5460>,29,18,[8 4],30,545,563,515,545
1,<environment.Job instance at 0x7fc7c37f58c0>,32,18,[3 9],33,563,581,530,562
1,<environment.Job instance at 0x7fc80e3c5a50>,0,17,[1 9],1,5,22,4,5
1,<environment.Job instance at 0x7fc809bb2280>,9,15,[1 6],10,22,37,12,10
1,<environment.Job instance at 0x7fc808ef42d0>,1,20,[5 1],2,2,22,0,2
1,<environment.Job instance at 0x7fc809bb2be0>,2,14,[6 5],3,94,108,91,94
1,<environment.Job instance at 0x7fc808f05a50>,15,16,[4 5],16,95,111,79,95
1,<environment.Job instance at 0x7fc7c3512af0>,4,15,[10  3],5,111,126,106,97
1,<environment.Job instance at 0x7fc80918db40>,20,16,[9 2],21,126,142,105,115
1,<environment.Job instance at 0x7fc808fa09b0>,22,17,[5 8],23,142,159,119,130
1,<environment.Job instance at 0x7fc7c3488fa0>,6,12,[6 5],7,43,55,36,43
1,<environment.Job instance at 0x7fc809aa0e60>,4,1,[10  5],5,59,60,54,59
1,<environment.Job instance at 0x7fc7c34745a0>,13,15,[ 1 10],14,89,104,75,89
1,<environment.Job instance at 0x7fc7c3474550>,3,18,[9 4],4,6,24,2,6
1,<environment.Job instance at 0x7fc7c367b910>,8,15,[ 5 10],9,24,39,15,13
1,<environment.Job instance at 0x7fc7c367bb40>,13,14,[5 2],14,55,69,41,55
1,<environment.Job instance at 0x7fc7c3a59c80>,17,18,[9 4],18,69,87,51,59
1,<environment.Job instance at 0x7fc7c3474640>,4,18,[ 4 10],5,87,105,82,77
1,<environment.Job instance at 0x7fc8099e67d0>,27,13,[6 3],28,105,118,77,92
1,<environment.Job instance at 0x7fc8099e6cd0>,28,18,[1 5],29,105,123,76,100
1,<environment.Job instance at 0x7fc8099e6730>,31,3,[2 7],32,123,126,91,119
1,<environment.Job instance at 0x7fc8099e6690>,32,1,[10  4],33,126,127,93,120
1,<environment.Job instance at 0x7fc8099e6f00>,33,14,[3 8],34,127,141,93,122
1,<environment.Job instance at 0x7fc808eb9a00>,35,17,[3 6],36,141,158,105,131
1,<environment.Job instance at 0x7fc808f461e0>,5,2,[5 5],6,19,21,13,19
1,<environment.Job instance at 0x7fc8097445f0>,11,1,[9 1],12,21,22,9,21
1,<environment.Job instance at 0x7fc808f46d70>,9,13,[7 5],10,22,35,12,21
1,<environment.Job instance at 0x7fc8097448c0>,13,3,[8 2],14,35,38,21,21
1,<environment.Job instance at 0x7fc809744b90>,14,15,[7 1],15,38,53,23,24
1,<environment.Job instance at 0x7fc809744b40>,18,16,[ 4 10],19,61,77,42,61
1,<environment.Job instance at 0x7fc7c367b0a0>,1,16,[6 5],2,2,18,0,2
1,<environment.Job instance at 0x7fc7c3682190>,8,16,[9 2],9,18,34,9,9
1,<environment.Job instance at 0x7fc8090fbeb0>,6,12,[10  1],7,34,46,27,21
1,<environment.Job instance at 0x7fc80911c230>,13,12,[5 9],14,46,58,32,34
1,<environment.Job instance at 0x7fc80910b3c0>,14,12,[6 4],15,58,70,43,43
1,<environment.Job instance at 0x7fc80910bcd0>,18,2,[8 1],19,2599,2601,2580,2599
1,<environment.Job instance at 0x7fc808e65aa0>,5,14,[2 8],6,7,21,1,7
1,<environment.Job instance at 0x7fc7c31d58c0>,0,15,[7 3],1,21,36,20,19
1,<environment.Job instance at 0x7fc7c339f7d0>,10,13,[3 6],11,21,34,10,20
1,<environment.Job instance at 0x7fc7c339fd70>,14,3,[ 3 10],15,36,39,21,25
1,<environment.Job instance at 0x7fc7c339faf0>,16,3,[5 3],17,39,42,22,25
1,<environment.Job instance at 0x7fc8093afc30>,17,17,[7 4],18,42,59,24,30
1,<environment.Job instance at 0x7fc7c32c37d0>,4,18,[5 4],5,34,52,29,34
1,<environment.Job instance at 0x7fc809048280>,14,16,[4 7],15,59,75,44,59
1,<environment.Job instance at 0x7fc809048b90>,15,12,[9 1],16,75,87,59,59
1,<environment.Job instance at 0x7fc809048b40>,26,18,[7 5],27,126,144,99,126
1,<environment.Job instance at 0x7fc809048190>,27,15,[7 2],28,144,159,116,132
1,<environment.Job instance at 0x7fc7c35d4730>,11,14,[5 9],12,102,116,90,102
1,<environment.Job instance at 0x7fc7c35d4af0>,15,14,[9 2],16,116,130,100,104
1,<environment.Job instance at 0x7fc809962410>,6,18,[6 1],7,49,67,42,49
1,<environment.Job instance at 0x7fc809962280>,5,12,[1 9],6,49,61,43,49
1,<environment.Job instance at 0x7fc8099d1af0>,15,14,[3 9],16,61,75,45,51
1,<environment.Job instance at 0x7fc809cfde10>,16,12,[10  1],17,75,87,58,63
1,<environment.Job instance at 0x7fc80996a370>,9,12,[1 7],10,10,22,0,10
1,<environment.Job instance at 0x7fc80996aaa0>,12,12,[1 6],13,22,34,9,13
1,<environment.Job instance at 0x7fc80996a550>,13,17,[5 5],14,34,51,20,22
1,<environment.Job instance at 0x7fc7c311b5a0>,0,18,[3 9],1,51,69,50,40
1,<environment.Job instance at 0x7fc80996a780>,22,12,[5 6],23,69,81,46,56
1,<environment.Job instance at 0x7fc7c351eb40>,24,12,[6 1],25,81,93,56,65
1,<environment.Job instance at 0x7fc80996aa00>,11,18,[10  5],12,93,111,81,82
1,<environment.Job instance at 0x7fc8099fa820>,14,3,[9 1],15,97,100,82,97
1,<environment.Job instance at 0x7f20502aca00>,13,18,[ 4 10],14,80,98,66,80
1,<environment.Job instance at 0x7f20502acbe0>,16,16,[3 5],17,98,114,81,91
1,<environment.Job instance at 0x7f20502b5d20>,1,14,[2 6],2,4,18,2,4
1,<environment.Job instance at 0x7f2057828a50>,7,3,[5 5],8,18,21,10,8
1,<environment.Job instance at 0x7f20502b69b0>,0,13,[9 4],1,21,34,20,10
1,<environment.Job instance at 0x7f205782e190>,14,12,[5 6],15,34,46,19,25
1,<environment.Job instance at 0x7f200c65b870>,3,13,[7 5],4,4,17,0,4
1,<environment.Job instance at 0x7f20578284b0>,1,18,[1 9],2,17,35,15,6
1,<environment.Job instance at 0x7f200c65bd20>,5,3,[10  1],6,35,38,29,19
1,<environment.Job instance at 0x7f200c65b230>,12,16,[6 4],13,38,54,25,30
1,<environment.Job instance at 0x7f200c65b0f0>,15,16,[ 2 10],16,59,75,43,59
1,<environment.Job instance at 0x7f200c67caa0>,19,14,[2 6],20,82,96,62,82
1,<environment.Job instance at 0x7f200c65b550>,13,18,[6 5],14,108,126,94,108
1,<environment.Job instance at 0x7f200c67ce10>,22,14,[2 9],23,126,140,103,112
1,<environment.Job instance at 0x7f200c67c320>,26,12,[5 9],27,140,152,113,131
1,<environment.Job instance at 0x7f200c67caf0>,29,12,[9 3],30,158,170,128,158
1,<environment.Job instance at 0x7f200c67c5a0>,30,18,[10  3],31,170,188,139,159
1,<environment.Job instance at 0x7f200c67c640>,33,12,[1 7],34,188,200,154,172
1,<environment.Job instance at 0x7f200c67c960>,35,3,[5 5],36,200,203,164,174
1,<environment.Job instance at 0x7f200c67c460>,38,18,[10  1],39,217,235,178,217
1,<environment.Job instance at 0x7f200c6a7cd0>,43,14,[7 5],44,235,249,191,221
1,<environment.Job instance at 0x7f200c6a7640>,47,15,[3 7],48,249,264,201,245
1,<environment.Job instance at 0x7f200c968370>,4,14,[7 5],5,16,30,11,16
1,<environment.Job instance at 0x7f20578219b0>,6,16,[7 4],7,30,46,23,17
1,<environment.Job instance at 0x7f200c67d0f0>,2,20,[9 3],3,86,106,83,86
1,<environment.Job instance at 0x7f200c67d5f0>,1,3,[10  5],2,134,137,132,134
1,<environment.Job instance at 0x7f200c6a3af0>,18,18,[4 5],19,137,155,118,134
1,<environment.Job instance at 0x7f2057821140>,13,12,[9 1],14,237,249,223,237
1,<environment.Job instance at 0x7f200ca09690>,33,17,[ 2 10],34,249,266,215,248
1,<environment.Job instance at 0x7f200c677370>,1,17,[5 5],2,3,20,1,3
1,<environment.Job instance at 0x7f200c99df00>,8,3,[5 9],9,20,23,11,10
1,<environment.Job instance at 0x7f20503ce690>,0,17,[ 3 10],1,76,93,75,76
1,<environment.Job instance at 0x7f200c99d910>,7,17,[ 1 10],8,93,110,85,83
1,<environment.Job instance at 0x7f200c9a3050>,18,13,[4 6],19,117,130,98,117
1,<environment.Job instance at 0x7f2056ffa820>,12,14,[7 4],13,67,81,54,67
1,<environment.Job instance at 0x7f2056ffab40>,13,17,[5 1],14,81,98,67,75
1,<environment.Job instance at 0x7f2056ffa960>,16,3,[3 5],17,75,78,58,75
1,<environment.Job instance at 0x7f20501328c0>,19,20,[5 1],20,82,102,62,82
1,<environment.Job instance at 0x7f2050132230>,17,13,[9 4],18,102,115,84,100
1,<environment.Job instance at 0x7f2050132dc0>,23,3,[7 4],24,115,118,91,101
1,<environment.Job instance at 0x7f20501320a0>,24,12,[3 8],25,118,130,93,101
1,<environment.Job instance at 0x7f200c7775f0>,32,3,[8 4],33,175,178,142,175
1,<environment.Job instance at 0x7f200c777190>,33,15,[5 8],34,178,193,144,175
1,<environment.Job instance at 0x7f200c7776e0>,36,16,[6 3],37,200,216,163,200
1,<environment.Job instance at 0x7f200c777780>,38,18,[4 7],39,201,219,162,201
1,<environment.Job instance at 0x7f200c777b40>,35,13,[10  4],36,219,232,183,203
1,<environment.Job instance at 0x7f200c7772d0>,44,12,[10  3],45,243,255,198,243
1,<environment.Job instance at 0x7f200c7777d0>,48,13,[5 1],49,255,268,206,244
1,<environment.Job instance at 0x7f200c7770a0>,49,3,[9 2],50,268,271,218,247
1,<environment.Job instance at 0x7f2050086500>,50,16,[10  4],51,271,287,220,258
1,<environment.Job instance at 0x7f2050086500>,5,13,[6 4],6,15,28,9,15
1,<environment.Job instance at 0x7f2050590960>,10,18,[10  4],11,28,46,17,25
1,<environment.Job instance at 0x7f2050590aa0>,14,14,[2 7],15,68,82,53,68
1,<environment.Job instance at 0x7f2056aa9b40>,1,17,[1 8],2,95,112,93,95
1,<environment.Job instance at 0x7f20506891e0>,20,15,[5 5],21,112,127,91,99
1,<environment.Job instance at 0x7f2050689460>,17,15,[9 5],18,127,142,109,113
1,<environment.Job instance at 0x7f20501d3a00>,25,12,[10  5],26,142,154,116,131
1,<environment.Job instance at 0x7f2056c0b5a0>,0,17,[1 9],1,4,21,3,4
1,<environment.Job instance at 0x7f2056c0b550>,4,14,[1 5],5,21,35,16,6
1,<environment.Job instance at 0x7f200cafddc0>,5,12,[1 6],6,35,47,29,19
1,<environment.Job instance at 0x7f200c7b0fa0>,0,15,[4 5],1,4,19,3,4
1,<environment.Job instance at 0x7f200c722a50>,4,18,[6 1],5,5,23,0,5
1,<environment.Job instance at 0x7f200c4310f0>,10,16,[9 2],11,23,39,12,11
1,<environment.Job instance at 0x7f200c558500>,13,12,[4 6],14,39,51,25,24
1,<environment.Job instance at 0x7f200c447c80>,22,15,[4 9],23,102,117,79,102
1,<environment.Job instance at 0x7f2056e834b0>,2,28,[2 6],3,3,31,0,3
1,<environment.Job instance at 0x7f2056bb6460>,0,18,[9 5],1,31,49,30,29
1,<environment.Job instance at 0x7f2056c4d820>,8,16,[ 5 10],9,49,65,40,42
1,<environment.Job instance at 0x7f2057825550>,14,15,[9 4],15,65,80,50,51
1,<environment.Job instance at 0x7f2056b1e820>,3,18,[9 1],4,80,98,76,74
1,<environment.Job instance at 0x7f200cab94b0>,28,18,[10  5],29,159,177,130,159
1,<environment.Job instance at 0x7f20503984b0>,31,15,[10  4],32,182,197,150,182
1,<environment.Job instance at 0x7f20503984b0>,2,1,[10  4],3,3,4,0,3
1,<environment.Job instance at 0x7f2050398cd0>,1,3,[2 7],2,4,7,2,4
1,<environment.Job instance at 0x7f20500b3690>,3,14,[3 8],4,7,21,3,6
1,<environment.Job instance at 0x7f200c6afaa0>,11,13,[9 3],12,44,57,32,44
1,<environment.Job instance at 0x7f20500b3aa0>,5,17,[3 6],6,57,74,51,45
1,<environment.Job instance at 0x7f200c6af5f0>,4,17,[10  5],5,74,91,69,73
1,<environment.Job instance at 0x7f205054c460>,1,2,[5 9],2,3,5,1,3
1,<environment.Job instance at 0x7f205054c870>,4,26,[5 7],5,5,31,0,5
1,<environment.Job instance at 0x7f205054ca50>,3,15,[4 7],4,71,86,67,71
1,<environment.Job instance at 0x7f205054ceb0>,6,18,[5 8],7,86,104,79,75
1,<environment.Job instance at 0x7f2050439640>,16,18,[2 7],17,118,136,101,118
1,<environment.Job instance at 0x7f2050321190>,27,2,[6 3],28,160,162,132,160
1,<environment.Job instance at 0x7f20503215a0>,29,15,[10  1],30,162,177,132,160
1,<environment.Job instance at 0x7f2050321e60>,30,14,[3 8],31,177,191,146,162
1,<environment.Job instance at 0x7f2050321c80>,32,14,[5 4],33,191,205,158,176
1,<environment.Job instance at 0x7f20503215f0>,26,13,[9 2],27,205,218,178,191
1,<environment.Job instance at 0x7f2050321b90>,38,16,[9 2],39,219,235,180,219
1,<environment.Job instance at 0x7f20503210a0>,1,14,[5 5],2,4,18,2,4
1,<environment.Job instance at 0x7f2050752a50>,4,16,[6 1],5,18,34,13,5
1,<environment.Job instance at 0x7f2050752b40>,11,15,[4 8],12,23,38,11,23
1,<environment.Job instance at 0x7f2050752e10>,12,12,[1 8],13,38,50,25,23
1,<environment.Job instance at 0x7f2050752460>,14,13,[9 5],15,50,63,35,35
1,<environment.Job instance at 0x7f205052d910>,2,15,[8 1],3,3,18,0,3
1,<environment.Job instance at 0x7f2050590690>,1,14,[1 6],2,4,18,2,4
1,<environment.Job instance at 0x7f205042dc30>,14,18,[5 4],15,47,65,32,47
1,<environment.Job instance at 0x7f205042d8c0>,17,13,[7 2],18,65,78,47,50
1,<environment.Job instance at 0x7f2050460fa0>,24,16,[4 7],25,122,138,97,122
1,<environment.Job instance at 0x7f200c8e8730>,7,2,[9 4],8,70,72,62,70
1,<environment.Job instance at 0x7f200c8e86e0>,8,19,[3 8],9,95,114,86,95
1,<environment.Job instance at 0x7f20571f6aa0>,15,14,[9 2],16,114,128,98,103
1,<environment.Job instance at 0x7f205013bd70>,7,17,[4 7],8,13,30,5,13
1,<environment.Job instance at 0x7f2050579780>,0,1,[2 7],1,3,4,2,3
1,<environment.Job instance at 0x7f2050579fa0>,4,12,[6 1],5,5,17,0,5
1,<environment.Job instance at 0x7f2056c11f50>,6,15,[6 2],7,17,32,10,7
1,<environment.Job instance at 0x7f200c8c4410>,1,1,[3 9],2,2,3,0,2
1,<environment.Job instance at 0x7f200c76a640>,2,12,[9 4],3,3,15,0,3
1,<environment.Job instance at 0x7f200c884910>,3,14,[1 8],4,15,29,11,7
1,<environment.Job instance at 0x7f200c44b9b0>,10,16,[5 5],11,29,45,18,16
1,<environment.Job instance at 0x7f200c63bc30>,12,14,[8 4],13,45,59,32,31
1,<environment.Job instance at 0x7f200c63bcd0>,14,18,[5 9],15,66,84,51,66
1,<environment.Job instance at 0x7f2050195280>,20,18,[ 2 10],21,84,102,63,73
1,<environment.Job instance at 0x7f2056ed5140>,27,2,[5 1],28,102,104,74,93
1,<environment.Job instance at 0x7f2056ed50f0>,26,16,[5 5],27,102,118,75,94
1,<environment.Job instance at 0x7f2056b37a50>,30,13,[3 7],31,118,131,87,106
1,<environment.Job instance at 0x7f2056b37b90>,31,12,[1 8],32,131,143,99,114
1,<environment.Job instance at 0x7f200cc40b90>,1,12,[5 8],2,2,14,0,2
1,<environment.Job instance at 0x7f20501c4780>,3,18,[2 5],4,4,22,0,4
1,<environment.Job instance at 0x7f2056d537d0>,4,18,[ 2 10],5,22,40,17,20
1,<environment.Job instance at 0x7fc6c9e45140>,4,14,[1 6],5,59,73,54,59
1,<environment.Job instance at 0x7fc6c4a35a00>,13,18,[ 4 10],14,73,91,59,70
1,<environment.Job instance at 0x7fc6c4a35b40>,15,18,[2 8],16,91,109,75,80
1,<environment.Job instance at 0x7fc6c9fb7460>,4,12,[5 6],5,5,17,0,5
1,<environment.Job instance at 0x7fc6c4a35410>,5,12,[7 4],6,17,29,11,6
1,<environment.Job instance at 0x7fc6c9fba190>,7,17,[3 5],8,44,61,36,44
1,<environment.Job instance at 0x7fc67ecf3e60>,6,12,[5 9],7,7,19,0,7
1,<environment.Job instance at 0x7fc6c9fb8230>,1,13,[4 9],2,19,32,17,8
1,<environment.Job instance at 0x7fc67ecf39b0>,10,18,[10  3],11,32,50,21,21
1,<environment.Job instance at 0x7fc67ecf38c0>,9,12,[9 3],10,50,62,40,34
1,<environment.Job instance at 0x7fc67ed364b0>,18,18,[10  1],19,62,80,43,55
1,<environment.Job instance at 0x7fc67ed36a00>,14,3,[10  2],15,80,83,65,80
1,<environment.Job instance at 0x7fc67ed36af0>,23,14,[7 5],24,107,121,83,107
1,<environment.Job instance at 0x7fc67ee32960>,28,17,[5 2],29,121,138,92,109
1,<environment.Job instance at 0x7fc67ee32230>,27,15,[3 7],28,137,152,109,137
1,<environment.Job instance at 0x7fc67ee32b40>,36,17,[3 8],37,152,169,115,141
1,<environment.Job instance at 0x7fc67ed88320>,3,17,[ 2 10],4,10,27,6,10
1,<environment.Job instance at 0x7fc67ec81dc0>,8,16,[10  3],9,27,43,18,21
1,<environment.Job instance at 0x7fc67ed33690>,1,12,[3 8],2,4,16,2,4
1,<environment.Job instance at 0x7fc67f127d70>,6,15,[5 3],7,32,47,25,32
1,<environment.Job instance at 0x7fc67f1210a0>,9,13,[1 7],10,113,126,103,113
1,<environment.Job instance at 0x7fc67ec81730>,3,15,[4 6],4,137,152,133,137
1,<environment.Job instance at 0x7fc67f1216e0>,19,14,[7 5],20,152,166,132,138
1,<environment.Job instance at 0x7fc67f121960>,22,17,[5 5],23,166,183,143,154
1,<environment.Job instance at 0x7fc67f121c30>,27,14,[7 5],28,183,197,155,183
1,<environment.Job instance at 0x7fc67f121eb0>,32,15,[5 9],33,225,240,192,225
1,<environment.Job instance at 0x7fc67f1210f0>,33,12,[7 2],34,240,252,206,228
1,<environment.Job instance at 0x7fc6c7661780>,6,17,[7 4],7,16,33,9,16
1,<environment.Job instance at 0x7fc6c7661050>,8,12,[8 5],9,35,47,26,35
1,<environment.Job instance at 0x7fc6c4b215a0>,1,13,[ 4 10],2,50,63,48,50
1,<environment.Job instance at 0x7fc6c4ca9320>,6,14,[8 5],7,74,88,67,74
1,<environment.Job instance at 0x7fc6c71bc2d0>,18,12,[3 8],19,102,114,83,102
1,<environment.Job instance at 0x7fc67f2a42d0>,26,18,[1 7],27,132,150,105,132
1,<environment.Job instance at 0x7fc6c49d4be0>,2,14,[6 5],3,3,17,0,3
1,<environment.Job instance at 0x7fc6c4b46b40>,3,12,[7 2],4,17,29,13,4
1,<environment.Job instance at 0x7fc6c47fe870>,10,15,[4 5],11,65,80,54,65
1,<environment.Job instance at 0x7fc6c47fe4b0>,14,18,[6 1],15,65,83,50,65
1,<environment.Job instance at 0x7fc6c47fe7d0>,15,16,[4 5],16,80,96,64,67
1,<environment.Job instance at 0x7fc6c47fedc0>,19,18,[7 3],20,96,114,76,88
1,<environment.Job instance at 0x7fc6c47fec80>,18,16,[ 5 10],19,114,130,95,101
1,<environment.Job instance at 0x7fc67efe53c0>,3,18,[9 1],4,29,47,25,29
1,<environment.Job instance at 0x7fc67f277d20>,10,15,[5 2],11,47,62,36,35
1,<environment.Job instance at 0x7fc67efe5410>,0,18,[9 5],1,62,80,61,57
1,<environment.Job instance at 0x7fc6c4b35eb0>,23,3,[4 5],24,103,106,79,103
1,<environment.Job instance at 0x7fc67ecba280>,1,13,[9 3],2,3,16,1,3
1,<environment.Job instance at 0x7fc6c4935b40>,3,15,[3 8],4,16,31,12,4
1,<environment.Job instance at 0x7fc67f2de870>,2,14,[7 2],3,3,17,0,3
1,<environment.Job instance at 0x7fc67f2dee60>,4,14,[7 2],5,17,31,12,8
1,<environment.Job instance at 0x7fc67ebb0d20>,12,14,[5 4],13,31,45,18,16
1,<environment.Job instance at 0x7fc67ebad370>,13,12,[ 3 10],14,45,57,31,29
1,<environment.Job instance at 0x7fc67f02b640>,18,16,[9 2],19,57,73,38,46
1,<environment.Job instance at 0x7fc67f02b0a0>,16,12,[10  1],17,73,85,56,57
1,<environment.Job instance at 0x7fc6c4dc17d0>,21,17,[8 4],22,85,102,63,76
1,<environment.Job instance at 0x7fc67ecf3870>,1,13,[7 5],2,3,16,1,3
1,<environment.Job instance at 0x7fc6c4d14050>,4,3,[ 3 10],5,16,19,11,7
1,<environment.Job instance at 0x7fc6c4d14af0>,6,3,[5 3],7,19,22,12,8
1,<environment.Job instance at 0x7fc6c4e753c0>,7,17,[7 4],8,22,39,14,10
1,<environment.Job instance at 0x7fc6c4e75cd0>,9,2,[6 2],10,39,41,29,14
1,<environment.Job instance at 0x7fc6c4df50f0>,19,18,[5 9],20,41,59,21,32
1,<environment.Job instance at 0x7fc6c4e75aa0>,14,16,[4 9],15,59,75,44,46
1,<environment.Job instance at 0x7fc6c7070be0>,25,16,[8 4],26,75,91,49,65
1,<environment.Job instance at 0x7fc6c7070a50>,29,2,[7 5],30,91,93,61,84
1,<environment.Job instance at 0x7fc6c7070af0>,30,1,[8 3],31,93,94,62,84
1,<environment.Job instance at 0x7fc6c7070d70>,31,13,[8 3],32,94,107,62,84
1,<environment.Job instance at 0x7fc6c487deb0>,33,1,[7 1],34,107,108,73,84
1,<environment.Job instance at 0x7fc6c487ddc0>,36,14,[9 5],37,130,144,93,130
1,<environment.Job instance at 0x7fc6c487daa0>,42,17,[4 7],43,1187,1204,1144,1187
1,<environment.Job instance at 0x7fc6c49e0d70>,46,12,[5 1],47,1188,1200,1141,1188
1,<environment.Job instance at 0x7fc67f32d230>,4,12,[ 1 10],5,7,19,2,7
1,<environment.Job instance at 0x7fc6c4e29e10>,6,15,[1 8],7,19,34,12,7
1,<environment.Job instance at 0x7fc6c49c62d0>,11,19,[2 6],12,40,59,28,40
1,<environment.Job instance at 0x7fc6c49a7820>,1,13,[5 8],2,2,15,0,2
1,<environment.Job instance at 0x7fc6c76ef0f0>,5,17,[7 5],6,15,32,9,9
1,<environment.Job instance at 0x7fc67f0316e0>,6,13,[4 8],7,32,45,25,18
1,<environment.Job instance at 0x7fc67f3c50a0>,6,12,[4 8],7,10,22,3,10
1,<environment.Job instance at 0x7fc6c7141780>,0,18,[3 9],1,22,40,21,11
1,<environment.Job instance at 0x7fc6c47c46e0>,12,12,[1 6],13,40,52,27,28
1,<environment.Job instance at 0x7fc67efa1a00>,11,18,[10  5],12,52,70,40,41
1,<environment.Job instance at 0x7fc6c4b08d70>,20,1,[2 7],21,70,71,49,54
1,<environment.Job instance at 0x7fc6c4b08cd0>,24,12,[6 1],25,77,89,52,77
1,<environment.Job instance at 0x7fc6c47b4960>,26,15,[6 2],27,89,104,62,77
1,<environment.Job instance at 0x7fc6c4ad0050>,4,15,[3 5],5,28,43,23,28
1,<environment.Job instance at 0x7fc67f2b1b40>,10,12,[9 5],11,43,55,32,28
1,<environment.Job instance at 0x7fc67f2b1fa0>,15,15,[2 8],16,55,70,39,46
1,<environment.Job instance at 0x7fc67f2b18c0>,17,13,[3 7],18,70,83,52,63
1,<environment.Job instance at 0x7fc67f2b17d0>,19,12,[10  2],20,83,95,63,67
1,<environment.Job instance at 0x7fc67f2b1190>,20,16,[5 5],21,95,111,74,82
1,<environment.Job instance at 0x7fc67efc20a0>,22,14,[8 4],23,111,125,88,97
1,<environment.Job instance at 0x7fc67efcf8c0>,26,20,[6 2],27,125,145,98,121
1,<environment.Job instance at 0x7fc6c7059050>,1,12,[5 8],2,2,14,0,2
1,<environment.Job instance at 0x7fc6c7059410>,0,19,[ 3 10],1,66,85,65,66
1,<environment.Job instance at 0x7fc67ef64b40>,12,3,[4 8],13,115,118,102,115
1,<environment.Job instance at 0x7fc6c710da50>,18,12,[10  2],19,2190,2202,2171,2190
1,<environment.Job instance at 0x7fc6c4c81b90>,3,25,[ 2 10],4,8,33,4,8
1,<environment.Job instance at 0x7fc67f011f50>,12,19,[4 6],13,67,86,54,67
1,<environment.Job instance at 0x7fc6c715b320>,14,17,[2 8],15,86,103,71,85
1,<environment.Job instance at 0x7fc6c715b640>,19,14,[1 7],20,103,117,83,89
1,<environment.Job instance at 0x7fc6c715b5a0>,18,15,[9 5],19,120,135,101,120
1,<environment.Job instance at 0x7fc6c715bc30>,29,13,[5 6],30,144,157,114,144
1,<environment.Job instance at 0x7fc6c715bd70>,31,18,[8 2],32,157,175,125,146
1,<environment.Job instance at 0x7fc67ed4f460>,0,15,[7 1],1,4,19,3,4
1,<environment.Job instance at 0x7fc6c4e85b90>,8,15,[6 1],9,19,34,10,9
1,<environment.Job instance at 0x7fc67ebb1320>,12,16,[3 5],13,28,44,15,28
1,<environment.Job instance at 0x7fc67ebb19b0>,13,12,[10  5],14,44,56,30,28
1,<environment.Job instance at 0x7fc67ed4fe60>,1,12,[8 4],2,56,68,54,39
1,<environment.Job instance at 0x7fc6c49b1140>,1,14,[7 5],2,2,16,0,2
1,<environment.Job instance at 0x7fc6c49b11e0>,4,14,[8 5],5,16,30,11,5
1,<environment.Job instance at 0x7fc6c7047690>,7,13,[5 9],8,30,43,22,20
1,<environment.Job instance at 0x7fc6c4b3d460>,12,13,[5 9],13,43,56,30,31
1,<environment.Job instance at 0x7fc67f3e3e60>,15,15,[5 1],16,65,80,49,65
1,<environment.Job instance at 0x7fc6c71aaa00>,19,17,[1 8],20,80,97,60,80
1,<environment.Job instance at 0x7f6965d8c5a0>,6,20,[6 1],7,74,94,67,74
1,<environment.Job instance at 0x7f6965d8caa0>,14,13,[7 3],15,94,107,79,87
1,<environment.Job instance at 0x7f6965d8cbe0>,16,16,[3 5],17,95,111,78,95
1,<environment.Job instance at 0x7f6965da2b90>,1,12,[8 1],2,70,82,68,70
1,<environment.Job instance at 0x7f696b1c2a00>,10,14,[10  4],11,117,131,106,117
1,<environment.Job instance at 0x7f692038f8c0>,1,14,[2 7],2,2,16,0,2
1,<environment.Job instance at 0x7f692008c320>,3,14,[7 5],4,16,30,12,5
1,<environment.Job instance at 0x7f692008c280>,7,15,[3 7],8,30,45,22,26
1,<environment.Job instance at 0x7f6920087e10>,8,17,[5 2],9,30,47,21,29
1,<environment.Job instance at 0x7f692008ceb0>,0,17,[7 5],1,47,64,46,38
1,<environment.Job instance at 0x7f6920087eb0>,16,17,[3 8],17,65,82,48,65
1,<environment.Job instance at 0x7f696b313230>,8,22,[3 9],9,37,59,28,37
1,<environment.Job instance at 0x7f692003cd70>,3,17,[9 4],4,59,76,55,52
1,<environment.Job instance at 0x7f692048d500>,6,19,[2 5],7,7,26,0,7
1,<environment.Job instance at 0x7f692048dbe0>,12,14,[7 4],13,29,43,16,29
1,<environment.Job instance at 0x7f6920028730>,3,15,[10  4],4,43,58,39,30
1,<environment.Job instance at 0x7f692048df00>,17,13,[9 4],18,58,71,40,42
1,<environment.Job instance at 0x7f692048daf0>,21,17,[4 8],22,150,167,128,150
1,<environment.Job instance at 0x7f6920486aa0>,33,15,[5 8],34,167,182,133,153
1,<environment.Job instance at 0x7f69204842d0>,44,12,[10  3],45,218,230,173,218
1,<environment.Job instance at 0x7f6920486a50>,30,16,[3 8],31,230,246,199,218
1,<environment.Job instance at 0x7f69204848c0>,50,16,[10  4],51,246,262,195,234
1,<environment.Job instance at 0x7f6920484c80>,56,17,[7 4],57,2559,2576,2502,2559
1,<environment.Job instance at 0x7f696af265f0>,3,18,[4 9],4,7,25,3,7
1,<environment.Job instance at 0x7f6920484be0>,5,12,[10  5],6,25,37,19,10
1,<environment.Job instance at 0x7f696af26c80>,9,19,[9 5],10,37,56,27,27
1,<environment.Job instance at 0x7f696af260f0>,17,18,[5 9],18,64,82,46,64
1,<environment.Job instance at 0x7f696af26a00>,22,18,[3 9],23,82,100,59,81
1,<environment.Job instance at 0x7f6965c490f0>,24,16,[5 5],25,100,116,75,87
1,<environment.Job instance at 0x7f692012d6e0>,1,16,[1 8],2,2,18,0,2
1,<environment.Job instance at 0x7f692012da50>,0,18,[7 1],1,6,24,5,6
1,<environment.Job instance at 0x7f696aac3fa0>,19,14,[3 7],20,91,105,71,91
1,<environment.Job instance at 0x7f6965f1abe0>,20,15,[9 4],21,105,120,84,91
1,<environment.Job instance at 0x7f696ab66f00>,33,12,[7 2],34,2032,2044,1998,2032
1,<environment.Job instance at 0x7f692065ea00>,34,15,[10  3],35,2044,2059,2009,2033
1,<environment.Job instance at 0x7f692003d0a0>,37,13,[9 4],38,2059,2072,2021,2053
1,<environment.Job instance at 0x7f6920166cd0>,6,12,[6 5],7,20,32,13,20
1,<environment.Job instance at 0x7f6920159230>,14,13,[7 5],15,90,103,75,90
1,<environment.Job instance at 0x7f6920159230>,2,1,[10  4],3,3,4,0,3
1,<environment.Job instance at 0x7f6965cdb2d0>,3,14,[3 8],4,6,20,2,6
1,<environment.Job instance at 0x7f69206cbe60>,13,15,[3 8],14,44,59,30,44
1,<environment.Job instance at 0x7f6965d43f00>,14,13,[6 5],15,59,72,44,44
1,<environment.Job instance at 0x7f6965cdb8c0>,2,14,[7 2],3,3,17,0,3
1,<environment.Job instance at 0x7f69661e5640>,7,2,[6 3],8,17,19,9,8
1,<environment.Job instance at 0x7f6965bfd910>,6,13,[9 2],7,19,32,12,10
1,<environment.Job instance at 0x7f692035b190>,12,14,[5 4],13,32,46,19,21
1,<environment.Job instance at 0x7f6965c2ecd0>,13,12,[ 3 10],14,46,58,32,31
1,<environment.Job instance at 0x7f692042d3c0>,11,16,[6 5],12,58,74,46,45
1,<environment.Job instance at 0x7f6965bfe6e0>,21,17,[8 4],22,74,91,52,66
1,<environment.Job instance at 0x7f691fef77d0>,10,15,[4 6],11,11,26,0,11
1,<environment.Job instance at 0x7f691fef72d0>,4,16,[4 9],5,26,42,21,14
1,<environment.Job instance at 0x7f691fef7a50>,14,12,[7 5],15,42,54,27,25
1,<environment.Job instance at 0x7f691fef76e0>,9,18,[5 9],10,54,72,44,43
1,<environment.Job instance at 0x7f691fef7820>,22,17,[8 5],23,72,89,49,60
1,<environment.Job instance at 0x7f691fef7640>,13,17,[10  3],14,138,155,124,138
1,<environment.Job instance at 0x7f691fed3690>,32,17,[4 7],33,155,172,122,143
1,<environment.Job instance at 0x7f691fed3c80>,38,2,[8 5],39,172,174,133,157
1,<environment.Job instance at 0x7f696abf2410>,0,15,[4 9],1,8,23,7,8
1,<environment.Job instance at 0x7f696abf2140>,9,18,[7 5],10,23,41,13,12
1,<environment.Job instance at 0x7f69202edaf0>,13,12,[8 3],14,41,53,27,27
1,<environment.Job instance at 0x7f69202ed960>,10,18,[5 2],11,53,71,42,44
1,<environment.Job instance at 0x7f696abf2460>,1,16,[10  4],2,79,95,77,79
1,<environment.Job instance at 0x7f6965c64d20>,23,12,[3 5],24,95,107,71,95
1,<environment.Job instance at 0x7f6965c649b0>,31,14,[5 9],32,189,203,157,189
1,<environment.Job instance at 0x7f6965c64b40>,35,14,[9 2],36,2040,2054,2004,2040
1,<environment.Job instance at 0x7f696acefcd0>,7,17,[4 7],8,9,26,1,9
1,<environment.Job instance at 0x7f696a584410>,11,18,[10  4],12,125,143,113,125
1,<environment.Job instance at 0x7f696accb640>,0,15,[7 2],1,5,20,4,5
1,<environment.Job instance at 0x7f696accbc80>,3,17,[3 9],4,51,68,47,51
1,<environment.Job instance at 0x7f6965b517d0>,9,3,[1 5],10,74,77,64,74
1,<environment.Job instance at 0x7f696a5831e0>,6,12,[10  5],7,77,89,70,74
1,<environment.Job instance at 0x7f6965fa6280>,1,16,[10  4],2,89,105,87,87
1,<environment.Job instance at 0x7f696abbf910>,21,14,[9 2],22,105,119,83,90
1,<environment.Job instance at 0x7f691fe6bb90>,25,18,[3 6],26,119,137,93,112
1,<environment.Job instance at 0x7f691fe178c0>,28,15,[1 6],29,137,152,108,124
1,<environment.Job instance at 0x7f69661d9550>,12,17,[4 9],13,167,184,154,167
1,<environment.Job instance at 0x7f6966171d20>,41,12,[5 8],42,219,231,177,219
1,<environment.Job instance at 0x7f691fd60eb0>,3,16,[5 2],4,5,21,1,5
1,<environment.Job instance at 0x7f691fd60a00>,10,3,[5 1],11,21,24,10,21
1,<environment.Job instance at 0x7f691fd60cd0>,11,17,[9 5],12,24,41,12,22
1,<environment.Job instance at 0x7f691fd609b0>,9,15,[10  1],10,41,56,31,27
1,<environment.Job instance at 0x7f691fd60dc0>,0,18,[10  5],1,56,74,55,45
1,<environment.Job instance at 0x7f691fd77be0>,19,16,[5 1],20,74,90,54,62
1,<environment.Job instance at 0x7f691fd77cd0>,18,17,[5 5],19,74,91,55,65
1,<environment.Job instance at 0x7f691fd77b40>,23,18,[2 5],24,90,108,66,82
1,<environment.Job instance at 0x7f691fd776e0>,25,15,[2 5],26,99,114,73,99
1,<environment.Job instance at 0x7f691fd777d0>,26,15,[7 2],27,108,123,81,99
1,<environment.Job instance at 0x7f691fd77a00>,2,22,[5 4],3,23,45,20,23
1,<environment.Job instance at 0x7f69204f20a0>,7,2,[5 7],8,45,47,37,25
1,<environment.Job instance at 0x7f69204f21e0>,9,15,[4 5],10,26,41,16,26
1,<environment.Job instance at 0x7f69204f2c80>,5,3,[1 8],6,47,50,41,26
1,<environment.Job instance at 0x7f69204f2a50>,10,18,[1 6],11,50,68,39,39
1,<environment.Job instance at 0x7f69204e8140>,17,15,[5 4],18,85,100,67,85
1,<environment.Job instance at 0x7f69204e8aa0>,21,12,[8 4],22,200,212,178,200
1,<environment.Job instance at 0x7f6965cf9e10>,7,14,[7 3],8,95,109,87,95
1,<environment.Job instance at 0x7f69204810a0>,12,16,[2 6],13,95,111,82,95
1,<environment.Job instance at 0x7f696a6cb2d0>,14,14,[8 5],15,111,125,96,100
1,<environment.Job instance at 0x7f696a6cb730>,17,13,[5 9],18,125,138,107,125
1,<environment.Job instance at 0x7f696ab608c0>,22,13,[5 9],23,184,197,161,184
1,<environment.Job instance at 0x7f6965bb6af0>,0,17,[3 6],1,8,25,7,8
1,<environment.Job instance at 0x7f6965bb6500>,6,19,[8 2],7,25,44,18,22
1,<environment.Job instance at 0x7f696a93de10>,0,17,[5 7],1,5,22,4,5
1,<environment.Job instance at 0x7f696a93deb0>,3,15,[9 4],4,25,40,21,25
1,<environment.Job instance at 0x7f696ab5a500>,9,12,[10  1],10,40,52,30,25
1,<environment.Job instance at 0x7f696a712960>,7,17,[9 3],8,52,69,44,44
1,<environment.Job instance at 0x7f696a712550>,4,14,[5 7],5,69,83,64,54
1,<environment.Job instance at 0x7f6920161960>,19,16,[4 7],20,83,99,63,80
1,<environment.Job instance at 0x7f69200315a0>,27,18,[3 8],28,129,147,101,129
1,<environment.Job instance at 0x7f6965f1a4b0>,33,17,[7 2],34,155,172,121,155
1,<environment.Job instance at 0x7f6965f20730>,42,18,[1 6],43,232,250,189,232
1,<environment.Job instance at 0x7f6965f1abe0>,34,18,[1 8],35,250,268,215,239
1,<environment.Job instance at 0x7f425bf24a00>,13,18,[ 4 10],14,94,112,80,94
1,<environment.Job instance at 0x7f425bf24be0>,16,16,[3 5],17,112,128,95,102
1,<environment.Job instance at 0x7f425d0aa320>,6,16,[7 5],7,20,36,13,20
1,<environment.Job instance at 0x7f425d0aaf50>,11,14,[10  2],12,36,50,24,24
1,<environment.Job instance at 0x7f425d0aaeb0>,15,15,[7 3],16,71,86,55,71
1,<environment.Job instance at 0x7f425d0aaeb0>,2,14,[6 1],3,3,17,0,3
1,<environment.Job instance at 0x7f421200aa00>,5,14,[10  1],6,23,37,17,23
1,<environment.Job instance at 0x7f421200a410>,18,2,[2 8],19,102,104,83,102
1,<environment.Job instance at 0x7f421200af50>,19,16,[2 8],20,114,130,94,114
1,<environment.Job instance at 0x7f4212037230>,26,16,[7 4],27,186,202,159,186
1,<environment.Job instance at 0x7f4212037c80>,33,12,[9 1],34,292,304,258,292
1,<environment.Job instance at 0x7f4212070c80>,37,17,[5 2],38,311,328,273,311
1,<environment.Job instance at 0x7f4212423eb0>,8,13,[4 6],9,95,108,86,95
1,<environment.Job instance at 0x7f42124235a0>,10,17,[10  3],11,108,125,97,96
1,<environment.Job instance at 0x7f4211f53d20>,2,3,[2 7],3,3,6,0,3
1,<environment.Job instance at 0x7f421207d5a0>,3,21,[6 4],4,6,27,2,4
1,<environment.Job instance at 0x7f4212048af0>,5,1,[ 1 10],6,27,28,21,6
1,<environment.Job instance at 0x7f421236fb90>,4,12,[10  3],5,28,40,23,13
1,<environment.Job instance at 0x7f421236fc30>,7,13,[10  3],8,40,53,32,25
1,<environment.Job instance at 0x7f421235d500>,16,17,[7 4],17,53,70,36,42
1,<environment.Job instance at 0x7f421235d640>,18,12,[8 5],19,380,392,361,380
1,<environment.Job instance at 0x7f425c0cf870>,10,17,[1 9],11,53,70,42,53
1,<environment.Job instance at 0x7f425c0d75a0>,16,18,[1 7],17,80,98,63,80
1,<environment.Job instance at 0x7f425be7d5a0>,1,12,[10  5],2,98,110,96,82
1,<environment.Job instance at 0x7f425c197410>,10,16,[3 7],11,11,27,0,11
1,<environment.Job instance at 0x7f425cabc5f0>,11,16,[1 9],12,27,43,15,20
1,<environment.Job instance at 0x7f425c626190>,15,16,[7 5],16,43,59,27,30
1,<environment.Job instance at 0x7f425c626690>,18,13,[3 8],19,59,72,40,50
1,<environment.Job instance at 0x7f425c626460>,21,14,[3 6],22,72,86,50,72
1,<environment.Job instance at 0x7f4212240e60>,23,12,[6 1],24,72,84,48,72
1,<environment.Job instance at 0x7f425c5db3c0>,25,16,[5 8],26,86,102,60,73
1,<environment.Job instance at 0x7f4212242730>,30,14,[6 1],31,135,149,104,135
1,<environment.Job instance at 0x7f425bc8c050>,32,17,[10  4],33,149,166,116,138
1,<environment.Job instance at 0x7f42123eb0f0>,3,18,[9 4],4,12,30,8,12
1,<environment.Job instance at 0x7f4212264640>,9,17,[5 7],10,53,70,43,53
1,<environment.Job instance at 0x7f4212264aa0>,17,18,[9 4],18,79,97,61,79
1,<environment.Job instance at 0x7f4212264c80>,20,16,[2 8],21,97,113,76,84
1,<environment.Job instance at 0x7f4212264e10>,25,13,[5 1],26,104,117,78,104
1,<environment.Job instance at 0x7f4212252050>,27,13,[6 3],28,117,130,89,104
1,<environment.Job instance at 0x7f42122522d0>,31,3,[2 7],32,125,128,93,125
1,<environment.Job instance at 0x7f4212252370>,32,1,[10  4],33,130,131,97,125
1,<environment.Job instance at 0x7f4212252410>,33,14,[3 8],34,131,145,97,125
1,<environment.Job instance at 0x7f4212252730>,35,17,[3 6],36,145,162,109,133
1,<environment.Job instance at 0x7f42123fb7d0>,8,20,[9 5],9,26,46,17,26
1,<environment.Job instance at 0x7f42123fb550>,6,18,[5 8],7,54,72,47,54
1,<environment.Job instance at 0x7f425bee55f0>,16,18,[2 7],17,74,92,57,74
1,<environment.Job instance at 0x7f425c524280>,22,14,[7 2],23,91,105,68,91
1,<environment.Job instance at 0x7f42125f8370>,11,18,[10  1],12,109,127,97,109
1,<environment.Job instance at 0x7f421244eb40>,26,13,[9 2],27,127,140,100,112
1,<environment.Job instance at 0x7f4211ea88c0>,32,14,[5 4],33,140,154,107,125
1,<environment.Job instance at 0x7f425c594b40>,36,12,[10  1],37,168,180,131,168
1,<environment.Job instance at 0x7f425c3bf5f0>,39,17,[5 5],40,180,197,140,176
1,<environment.Job instance at 0x7f425c9ed910>,3,3,[2 8],4,4,7,0,4
1,<environment.Job instance at 0x7f42124e9550>,1,13,[7 5],2,7,20,5,5
1,<environment.Job instance at 0x7f42124e99b0>,0,13,[3 6],1,20,33,19,11
1,<environment.Job instance at 0x7f421251b7d0>,14,16,[4 9],15,33,49,18,25
1,<environment.Job instance at 0x7f4211ee14b0>,20,15,[4 6],21,49,64,28,36
1,<environment.Job instance at 0x7f4212510fa0>,23,17,[10  3],24,64,81,40,64
1,<environment.Job instance at 0x7f425c711d20>,25,16,[8 4],26,81,97,55,68
1,<environment.Job instance at 0x7f42122856e0>,29,2,[7 5],30,97,99,67,94
1,<environment.Job instance at 0x7f425c3be690>,31,13,[8 3],32,99,112,67,94
1,<environment.Job instance at 0x7f4211e87be0>,36,14,[9 5],37,140,154,103,140
1,<environment.Job instance at 0x7f421244ea00>,42,17,[4 7],43,2654,2671,2611,2654
1,<environment.Job instance at 0x7f4212533fa0>,0,15,[4 9],1,9,24,8,9
1,<environment.Job instance at 0x7f42123992d0>,8,14,[9 1],9,24,38,15,9
1,<environment.Job instance at 0x7f421244e4b0>,5,18,[1 9],6,24,42,18,18
1,<environment.Job instance at 0x7f4212399690>,13,12,[8 3],14,42,54,28,27
1,<environment.Job instance at 0x7f42123995a0>,10,18,[5 2],11,54,72,43,45
1,<environment.Job instance at 0x7f42123814b0>,18,13,[9 1],19,74,87,55,74
1,<environment.Job instance at 0x7f4212381b40>,27,2,[9 4],28,161,163,133,161
1,<environment.Job instance at 0x7f42125256e0>,1,16,[10  4],2,163,179,161,162
1,<environment.Job instance at 0x7f4212381cd0>,32,14,[6 3],33,186,200,153,186
1,<environment.Job instance at 0x7f4211eb5f00>,8,16,[7 4],9,9,25,0,9
1,<environment.Job instance at 0x7f4211eb5a50>,11,15,[3 6],12,21,36,9,21
1,<environment.Job instance at 0x7f4211fe0280>,10,17,[10  3],11,46,63,35,46
1,<environment.Job instance at 0x7f425bf99910>,2,16,[5 1],3,3,19,0,3
1,<environment.Job instance at 0x7f4211fe0280>,4,13,[5 2],5,6,19,1,6
1,<environment.Job instance at 0x7f425beeca00>,11,12,[5 8],12,94,106,82,94
1,<environment.Job instance at 0x7f4211c98730>,5,14,[2 7],6,115,129,109,115
1,<environment.Job instance at 0x7f425bf705a0>,5,1,[6 4],6,6,7,0,6
1,<environment.Job instance at 0x7f4212277a00>,8,15,[9 5],9,9,24,0,9
1,<environment.Job instance at 0x7f425bff6780>,9,14,[1 7],10,24,38,14,10
1,<environment.Job instance at 0x7f425c1970a0>,13,3,[6 4],14,38,41,24,24
1,<environment.Job instance at 0x7f425c197910>,14,13,[9 1],15,41,54,26,26
1,<environment.Job instance at 0x7f42124bf280>,16,12,[1 7],17,41,53,24,26
1,<environment.Job instance at 0x7f425be37280>,21,18,[8 2],22,54,72,32,44
1,<environment.Job instance at 0x7f425be54140>,22,15,[8 4],23,72,87,49,58
1,<environment.Job instance at 0x7f425c9cab40>,26,19,[2 7],27,87,106,60,79
1,<environment.Job instance at 0x7f425bf32410>,29,17,[6 1],30,98,115,68,98
1,<environment.Job instance at 0x7f425c6a9c80>,35,18,[8 3],36,124,142,88,124
1,<environment.Job instance at 0x7f425c6a9730>,39,14,[6 1],40,143,157,103,143
1,<environment.Job instance at 0x7f425c6a9eb0>,42,14,[5 6],43,171,185,128,171
1,<environment.Job instance at 0x7f425c6a9d70>,43,14,[9 3],44,185,199,141,175
1,<environment.Job instance at 0x7f425c6a9140>,45,13,[ 1 10],46,223,236,177,223
1,<environment.Job instance at 0x7f425c6a92d0>,46,14,[9 3],47,245,259,198,245
1,<environment.Job instance at 0x7f4211d0a4b0>,2,12,[10  3],3,5,17,2,5
1,<environment.Job instance at 0x7f4211d0ac30>,6,12,[3 5],7,17,29,10,8
1,<environment.Job instance at 0x7f4211d0f0a0>,8,18,[5 3],9,17,35,8,10
1,<environment.Job instance at 0x7f4211d0faf0>,9,15,[9 3],10,35,50,25,21
1,<environment.Job instance at 0x7f425d1fb460>,0,12,[6 1],1,3,15,2,3
1,<environment.Job instance at 0x7f425c0369b0>,6,1,[6 2],7,15,16,8,7
1,<environment.Job instance at 0x7f425be28550>,9,14,[8 5],10,16,30,6,10
1,<environment.Job instance at 0x7f4211e30d20>,4,12,[ 4 10],5,30,42,25,14
1,<environment.Job instance at 0x7f425c7c5320>,12,1,[ 1 10],13,33,34,20,33
1,<environment.Job instance at 0x7f425bf5d190>,14,15,[4 7],15,41,56,26,41
1,<environment.Job instance at 0x7f4212593140>,17,15,[4 9],18,56,71,38,52
1,<environment.Job instance at 0x7f425ca38a00>,18,15,[10  1],19,71,86,52,58
1,<environment.Job instance at 0x7f425c19d6e0>,20,13,[2 6],21,86,99,65,71
1,<environment.Job instance at 0x7f425c7c5780>,11,17,[ 1 10],12,99,116,87,88
1,<environment.Job instance at 0x7f425c7c5b40>,2,12,[5 5],3,3,15,0,3
1,<environment.Job instance at 0x7f4211ce13c0>,3,12,[9 4],4,15,27,11,4
1,<environment.Job instance at 0x7f4211ce1eb0>,7,18,[6 3],8,31,49,23,31
1,<environment.Job instance at 0x7f4211ce1050>,6,15,[5 2],7,102,117,95,102
1,<environment.Job instance at 0x7f4211d36410>,17,3,[7 3],18,117,120,99,102
1,<environment.Job instance at 0x7f4211d36280>,21,17,[5 4],22,126,143,104,126
1,<environment.Job instance at 0x7f4211d36f00>,15,13,[ 3 10],16,143,156,127,133
1,<environment.Job instance at 0x7f4211d36870>,27,12,[3 7],28,156,168,128,145
1,<environment.Job instance at 0x7f4211d367d0>,28,16,[7 1],29,156,172,127,150
1,<environment.Job instance at 0x7f4211cbd910>,32,16,[7 3],33,252,268,219,252
1,<environment.Job instance at 0x7f4211fee550>,6,15,[3 8],7,7,22,0,7
1,<environment.Job instance at 0x7f4211feebe0>,10,13,[2 8],11,54,67,43,54
1,<environment.Job instance at 0x7f425bdcbaf0>,13,16,[1 5],14,355,371,341,355
1,<environment.Job instance at 0x7fd5e51eea00>,13,18,[ 4 10],14,88,106,74,88
1,<environment.Job instance at 0x7fd5e51eebe0>,16,16,[3 5],17,106,122,89,103
1,<environment.Job instance at 0x7fd5e51fc6e0>,1,14,[10  2],2,6,20,4,6
1,<environment.Job instance at 0x7fd5ea625dc0>,13,16,[ 3 10],14,163,179,149,163
1,<environment.Job instance at 0x7fd5ea76b640>,25,13,[ 4 10],26,179,192,153,163
1,<environment.Job instance at 0x7fd5ea770820>,31,14,[4 7],32,192,206,160,188
1,<environment.Job instance at 0x7fd59f5cf910>,4,14,[7 5],5,17,31,12,17
1,<environment.Job instance at 0x7fd59f5cf550>,6,16,[7 4],7,45,61,38,45
1,<environment.Job instance at 0x7fd59f5cfe10>,13,12,[9 1],14,106,118,92,106
1,<environment.Job instance at 0x7fd59f5cfaf0>,8,18,[4 6],9,118,136,109,107
1,<environment.Job instance at 0x7fd59f5d0a50>,18,18,[4 5],19,143,161,124,143
1,<environment.Job instance at 0x7fd59f5d0be0>,16,3,[9 1],17,161,164,144,143
1,<environment.Job instance at 0x7fd59f5d0550>,21,1,[ 2 10],22,164,165,142,160
1,<environment.Job instance at 0x7fd59f5d07d0>,27,13,[5 4],28,242,255,214,242
1,<environment.Job instance at 0x7fd59f5d0d20>,35,17,[7 2],36,255,272,219,249
1,<environment.Job instance at 0x7fd59f5edf50>,36,13,[4 9],37,272,285,235,256
1,<environment.Job instance at 0x7fd59f595550>,1,12,[3 8],2,2,14,0,2
1,<environment.Job instance at 0x7fd59f595730>,3,15,[4 6],4,14,29,10,4
1,<environment.Job instance at 0x7fd5ea76b8c0>,7,18,[1 5],8,41,59,33,41
1,<environment.Job instance at 0x7fd5ea76b3c0>,12,2,[5 7],13,93,95,80,93
1,<environment.Job instance at 0x7fd5ea76b640>,9,13,[1 7],10,95,108,85,95
1,<environment.Job instance at 0x7fd5ea76b9b0>,6,15,[5 3],7,96,111,89,96
1,<environment.Job instance at 0x7fd59f4f7f00>,16,13,[5 5],17,108,121,91,97
1,<environment.Job instance at 0x7fd59f4f7640>,19,14,[7 5],20,121,135,101,118
1,<environment.Job instance at 0x7fd59f4f7cd0>,22,17,[5 5],23,146,163,123,146
1,<environment.Job instance at 0x7fd59f4f7c30>,24,16,[10  4],25,163,179,138,150
1,<environment.Job instance at 0x7fd59f4f7050>,31,16,[7 4],32,179,195,147,176
1,<environment.Job instance at 0x7fd59f4f7730>,32,15,[5 9],33,195,210,162,183
1,<environment.Job instance at 0x7fd59f40daa0>,6,14,[10  3],7,18,32,11,18
1,<environment.Job instance at 0x7fd5ea764140>,2,16,[10  3],3,32,48,29,25
1,<environment.Job instance at 0x7fd59f40de60>,11,13,[6 5],12,48,61,36,36
1,<environment.Job instance at 0x7fd59f40df00>,14,14,[2 7],15,77,91,62,77
1,<environment.Job instance at 0x7fd59f40f230>,17,15,[9 5],18,98,113,80,98
1,<environment.Job instance at 0x7fd59f40f2d0>,20,15,[5 5],21,113,128,92,99
1,<environment.Job instance at 0x7fd59f40dd20>,10,18,[10  4],11,128,146,117,117
1,<environment.Job instance at 0x7fd59f40f7d0>,24,13,[2 9],25,146,159,121,130
1,<environment.Job instance at 0x7fd59f40f1e0>,2,13,[3 6],3,3,16,0,3
1,<environment.Job instance at 0x7fd59f8910a0>,0,18,[7 1],1,6,24,5,6
1,<environment.Job instance at 0x7fd59fadbf00>,9,1,[3 7],10,16,17,6,10
1,<environment.Job instance at 0x7fd59f891c80>,3,18,[ 3 10],4,51,69,47,51
1,<environment.Job instance at 0x7fd59fadbe60>,18,17,[5 5],19,89,106,70,89
1,<environment.Job instance at 0x7fd5e50c2370>,20,15,[9 4],21,106,121,85,93
1,<environment.Job instance at 0x7fd5e50c29b0>,21,14,[5 5],22,121,135,99,106
1,<environment.Job instance at 0x7fd5e50c28c0>,28,16,[4 9],29,162,178,133,162
1,<environment.Job instance at 0x7fd5e5415c80>,0,18,[9 5],1,31,49,30,31
1,<environment.Job instance at 0x7fd5e54d4f50>,8,16,[ 5 10],9,58,74,49,58
1,<environment.Job instance at 0x7fd59fa86d20>,17,14,[2 6],18,79,93,61,79
1,<environment.Job instance at 0x7fd5e5940690>,28,18,[10  5],29,2180,2198,2151,2180
1,<environment.Job instance at 0x7fd5e5ea1640>,31,15,[10  4],32,2198,2213,2166,2192
1,<environment.Job instance at 0x7fd59f4f9dc0>,15,2,[5 4],16,27,29,11,27
1,<environment.Job instance at 0x7fd59f4f9fa0>,16,17,[5 4],17,27,44,10,27
1,<environment.Job instance at 0x7fd59f50a2d0>,18,16,[ 4 10],19,44,60,25,31
1,<environment.Job instance at 0x7fd59f4f9a50>,8,17,[ 1 10],9,60,77,51,51
1,<environment.Job instance at 0x7fd59f50a140>,1,14,[5 5],2,2,16,0,2
1,<environment.Job instance at 0x7fd59f9a8550>,4,16,[6 1],5,16,32,11,5
1,<environment.Job instance at 0x7fd59f969640>,12,12,[1 8],13,28,40,15,28
1,<environment.Job instance at 0x7fd5ea6250a0>,10,16,[10  2],11,40,56,29,36
1,<environment.Job instance at 0x7fd59f9695a0>,14,13,[9 5],15,56,69,41,40
1,<environment.Job instance at 0x7fd5e5937780>,4,12,[ 1 10],5,6,18,1,6
1,<environment.Job instance at 0x7fd59f5a7be0>,7,15,[6 4],8,18,33,10,8
1,<environment.Job instance at 0x7fd5e53fe5a0>,11,19,[2 6],12,45,64,33,45
1,<environment.Job instance at 0x7fd5e56b5fa0>,7,17,[4 7],8,9,26,1,9
1,<environment.Job instance at 0x7fd5e560c820>,0,14,[1 6],1,5,19,4,5
1,<environment.Job instance at 0x7fd5e58a25f0>,10,17,[10  3],11,46,63,35,46
1,<environment.Job instance at 0x7fd5e55acb40>,1,12,[5 8],2,3,15,1,3
1,<environment.Job instance at 0x7fd5e55ac0a0>,0,19,[ 3 10],1,64,83,63,64
1,<environment.Job instance at 0x7fd5e50d6d70>,13,16,[ 5 10],14,115,131,101,115
1,<environment.Job instance at 0x7fd5e50d60a0>,2,15,[8 4],3,4,19,1,4
1,<environment.Job instance at 0x7fd5ea5e6280>,1,18,[8 2],2,19,37,17,8
1,<environment.Job instance at 0x7fd5e5e9feb0>,14,18,[6 1],15,49,67,34,49
1,<environment.Job instance at 0x7fd5e5e9fb90>,17,12,[3 5],18,49,61,31,49
1,<environment.Job instance at 0x7fd5e5e9fd70>,16,13,[9 5],17,67,80,50,51
1,<environment.Job instance at 0x7fd5e5849a00>,21,17,[3 8],22,80,97,58,69
1,<environment.Job instance at 0x7fd59fa0b280>,23,14,[9 3],24,97,111,73,86
1,<environment.Job instance at 0x7fd59f9fb550>,2,13,[7 5],3,4,17,1,4
1,<environment.Job instance at 0x7fd5e51e1eb0>,10,16,[8 1],11,45,61,34,45
1,<environment.Job instance at 0x7fd5e51e1690>,11,12,[8 3],12,99,111,87,99
1,<environment.Job instance at 0x7fd5e5576af0>,15,16,[9 5],16,111,127,95,99
1,<environment.Job instance at 0x7fd59f69c280>,16,13,[1 6],17,194,207,177,194
1,<environment.Job instance at 0x7fd5e51004b0>,27,14,[7 3],28,200,214,172,200
1,<environment.Job instance at 0x7fd59f3885a0>,32,16,[2 6],33,258,274,225,258
1,<environment.Job instance at 0x7fd59f3880a0>,33,15,[10  2],34,274,289,240,263
1,<environment.Job instance at 0x7fd59f9fbaa0>,1,16,[ 2 10],2,397,413,395,397
1,<environment.Job instance at 0x7fd59f7c0320>,1,17,[ 4 10],2,7,24,5,7
1,<environment.Job instance at 0x7fd59f270b90>,9,14,[7 1],10,24,38,14,10
1,<environment.Job instance at 0x7fd59f7c04b0>,0,17,[3 6],1,24,41,23,12
1,<environment.Job instance at 0x7fd59f270690>,4,13,[5 8],5,76,89,71,76
1,<environment.Job instance at 0x7fd59f23a0a0>,2,13,[7 3],3,89,102,86,76
1,<environment.Job instance at 0x7fd59f974280>,14,18,[1 8],15,151,169,136,151
1,<environment.Job instance at 0x7fd59f276e60>,1,2,[2 7],2,2,4,0,2
1,<environment.Job instance at 0x7fd59f99ad20>,2,13,[2 6],3,4,17,1,4
1,<environment.Job instance at 0x7fd59f99af00>,3,17,[6 4],4,7,24,3,7
1,<environment.Job instance at 0x7fd5e5378960>,12,15,[3 8],13,28,43,15,28
1,<environment.Job instance at 0x7fd5e5089410>,17,14,[7 4],18,43,57,25,28
1,<environment.Job instance at 0x7fd59f30f050>,1,18,[4 7],2,2,20,0,2
1,<environment.Job instance at 0x7fd59f794a00>,8,17,[9 1],9,20,37,11,9
1,<environment.Job instance at 0x7fd5e52afcd0>,3,16,[10  1],4,37,53,33,27
1,<environment.Job instance at 0x7fd59f794c30>,11,17,[ 1 10],12,53,70,41,41
1,<environment.Job instance at 0x7fd5e5cf12d0>,17,13,[8 4],18,70,83,52,60
1,<environment.Job instance at 0x7fd5e5cf1fa0>,18,15,[ 3 10],19,83,98,64,70
1,<environment.Job instance at 0x7fd59f5642d0>,1,12,[ 4 10],2,2,14,0,2
1,<environment.Job instance at 0x7fd59f5640f0>,2,2,[4 9],3,14,16,11,3
1,<environment.Job instance at 0x7fd59f564460>,0,12,[5 9],1,16,28,15,9
1,<environment.Job instance at 0x7fd59f5648c0>,5,16,[1 8],6,28,44,22,24
1,<environment.Job instance at 0x7f1c5bee2370>,4,14,[1 6],5,51,65,46,51
1,<environment.Job instance at 0x7f1c56ad2a00>,13,18,[ 4 10],14,72,90,58,72
1,<environment.Job instance at 0x7f1c56ad2be0>,16,16,[3 5],17,90,106,73,81
1,<environment.Job instance at 0x7f1c56af07d0>,0,15,[8 3],1,5,20,4,5
1,<environment.Job instance at 0x7f1c5bf09780>,5,14,[ 2 10],6,20,34,14,6
1,<environment.Job instance at 0x7f1c56ad2b90>,2,13,[ 5 10],3,34,47,31,24
1,<environment.Job instance at 0x7f1c56ad2c80>,3,16,[ 3 10],4,61,77,57,61
1,<environment.Job instance at 0x7f1c5c0546e0>,23,14,[5 2],24,130,144,106,130
1,<environment.Job instance at 0x7f1c5c051780>,26,17,[7 1],27,144,161,117,144
1,<environment.Job instance at 0x7f1c10dd2dc0>,10,13,[4 5],11,67,80,56,67
1,<environment.Job instance at 0x7f1c10dd6500>,7,13,[5 4],8,68,81,60,68
1,<environment.Job instance at 0x7f1c10dd2550>,15,17,[7 2],16,81,98,65,77
1,<environment.Job instance at 0x7f1c10dd29b0>,13,17,[ 2 10],14,98,115,84,89
1,<environment.Job instance at 0x7f1c10dd2b90>,2,15,[5 9],3,5,20,2,5
1,<environment.Job instance at 0x7f1c111937d0>,10,18,[1 7],11,20,38,9,12
1,<environment.Job instance at 0x7f1c111939b0>,12,16,[4 8],13,38,54,25,25
1,<environment.Job instance at 0x7f1c1100d910>,18,13,[3 6],19,54,67,35,50
1,<environment.Job instance at 0x7f1c1100d820>,22,14,[7 4],23,76,90,53,76
1,<environment.Job instance at 0x7f1c1100daf0>,24,17,[8 4],25,90,107,65,79
1,<environment.Job instance at 0x7f1c1100deb0>,26,3,[3 5],27,79,82,52,79
1,<environment.Job instance at 0x7f1c10e76f50>,28,13,[7 2],29,107,120,78,91
1,<environment.Job instance at 0x7f1c10e76be0>,31,17,[4 8],32,120,137,88,108
1,<environment.Job instance at 0x7f1c10e67910>,35,3,[10  2],36,137,140,101,117
1,<environment.Job instance at 0x7f1c10e67500>,42,3,[8 4],43,200,203,157,200
1,<environment.Job instance at 0x7f1c10e67be0>,43,15,[5 8],44,203,218,159,200
1,<environment.Job instance at 0x7f1c10e67140>,46,16,[6 3],47,224,240,177,224
1,<environment.Job instance at 0x7f1c10e674b0>,48,18,[4 7],49,224,242,175,224
1,<environment.Job instance at 0x7f1c10e67050>,40,16,[3 8],41,242,258,201,230
1,<environment.Job instance at 0x7f1c1111d780>,54,12,[10  3],55,258,270,203,258
1,<environment.Job instance at 0x7f1c10d2e320>,2,18,[3 9],3,5,23,2,5
1,<environment.Job instance at 0x7f1c10e18320>,4,16,[5 5],5,30,46,25,30
1,<environment.Job instance at 0x7f1c10cf5460>,10,16,[9 3],11,46,62,35,33
1,<environment.Job instance at 0x7f1c10cf5870>,15,18,[1 8],16,62,80,46,51
1,<environment.Job instance at 0x7f1c10cf5960>,17,15,[10  1],18,80,95,62,66
1,<environment.Job instance at 0x7f1c10cf5a00>,18,14,[6 4],19,95,109,76,80
1,<environment.Job instance at 0x7f1c10cf5f00>,26,14,[8 5],27,122,136,95,122
1,<environment.Job instance at 0x7f1c10cf57d0>,29,13,[3 9],30,136,149,106,126
1,<environment.Job instance at 0x7f1c576666e0>,0,16,[9 2],1,7,23,6,7
1,<environment.Job instance at 0x7f1c1100daf0>,10,2,[1 6],11,31,33,20,31
1,<environment.Job instance at 0x7f1c57666eb0>,2,17,[5 8],3,40,57,37,40
1,<environment.Job instance at 0x7f1c1100d5a0>,12,15,[4 9],13,57,72,44,57
1,<environment.Job instance at 0x7f1c1100d820>,18,12,[6 2],19,97,109,78,97
1,<environment.Job instance at 0x7f1c1100d3c0>,20,16,[3 7],21,128,144,107,128
1,<environment.Job instance at 0x7f1c1100d140>,22,16,[3 5],23,144,160,121,133
1,<environment.Job instance at 0x7f1c576c52d0>,27,18,[1 7],28,160,178,132,149
1,<environment.Job instance at 0x7f1c576c5e10>,29,13,[10  5],30,178,191,148,162
1,<environment.Job instance at 0x7f1c576c56e0>,31,14,[3 6],32,191,205,159,179
1,<environment.Job instance at 0x7f1c576c5050>,35,16,[5 8],36,205,221,169,194
1,<environment.Job instance at 0x7f1c576c5c80>,1,19,[4 8],2,15,34,13,15
1,<environment.Job instance at 0x7f1c10f98d70>,10,16,[2 8],11,34,50,23,25
1,<environment.Job instance at 0x7f1c11274690>,15,13,[5 1],16,30,43,14,30
1,<environment.Job instance at 0x7f1c5720c410>,17,13,[6 3],18,50,63,32,35
1,<environment.Job instance at 0x7f1c570f34b0>,22,1,[10  4],23,63,64,40,53
1,<environment.Job instance at 0x7f1c10d25500>,23,14,[3 8],24,64,78,40,58
1,<environment.Job instance at 0x7f1c110a6500>,25,17,[3 6],26,78,95,52,66
1,<environment.Job instance at 0x7f1c57666690>,1,16,[6 5],2,2,18,0,2
1,<environment.Job instance at 0x7f1c56abab40>,0,14,[3 8],1,18,32,17,9
1,<environment.Job instance at 0x7f1c110a6500>,3,12,[ 3 10],4,32,44,28,16
1,<environment.Job instance at 0x7f1c10c1e4b0>,11,17,[8 4],12,44,61,32,33
1,<environment.Job instance at 0x7f1c10d731e0>,1,14,[1 6],2,2,16,0,2
1,<environment.Job instance at 0x7f1c10c1e320>,2,15,[8 1],3,3,18,0,3
1,<environment.Job instance at 0x7f1c10be2280>,3,14,[5 7],4,18,32,14,4
1,<environment.Job instance at 0x7f1c5758c140>,12,1,[10  1],13,42,43,29,42
1,<environment.Job instance at 0x7f1c56ac1b40>,15,17,[7 2],16,45,62,29,45
1,<environment.Job instance at 0x7f1c5722dd20>,14,18,[5 4],15,62,80,47,57
1,<environment.Job instance at 0x7f1c10eec730>,21,15,[10  5],22,92,107,70,92
1,<environment.Job instance at 0x7f1c570afd20>,24,16,[4 7],25,131,147,106,131
1,<environment.Job instance at 0x7f1c5bc9a2d0>,1,13,[5 8],2,2,15,0,2
1,<environment.Job instance at 0x7f1c57507fa0>,2,13,[5 5],3,15,28,12,3
1,<environment.Job instance at 0x7f1c56c241e0>,0,18,[7 2],1,28,46,27,18
1,<environment.Job instance at 0x7f1c575c0820>,8,14,[6 1],9,47,61,38,47
1,<environment.Job instance at 0x7f1c575c0640>,5,15,[3 6],6,72,87,66,72
1,<environment.Job instance at 0x7f1c575c0aa0>,12,3,[10  1],13,87,90,74,73
1,<environment.Job instance at 0x7f1c575c0be0>,14,1,[5 1],15,80,81,65,80
1,<environment.Job instance at 0x7f1c575c0f50>,19,3,[6 1],20,144,147,124,144
1,<environment.Job instance at 0x7f1c57558410>,2,16,[5 1],3,3,19,0,3
1,<environment.Job instance at 0x7f1c10e8a140>,4,13,[5 2],5,5,18,0,5
1,<environment.Job instance at 0x7f1c56a224b0>,11,12,[5 8],12,94,106,82,94
1,<environment.Job instance at 0x7f1c57558f50>,5,14,[2 7],6,115,129,109,115
1,<environment.Job instance at 0x7f1c575588c0>,3,15,[9 3],4,129,144,125,129
1,<environment.Job instance at 0x7f1c56edefa0>,1,18,[8 2],2,4,22,2,4
1,<environment.Job instance at 0x7f1c10e19190>,2,15,[8 4],3,22,37,19,8
1,<environment.Job instance at 0x7f1c56a92cd0>,14,18,[6 1],15,38,56,23,38
1,<environment.Job instance at 0x7f1c56a920f0>,16,13,[9 5],17,56,69,39,40
1,<environment.Job instance at 0x7f1c56a92230>,17,12,[3 5],18,44,56,26,44
1,<environment.Job instance at 0x7f1c56a92460>,21,17,[3 8],22,69,86,47,66
1,<environment.Job instance at 0x7f1c56a92820>,23,14,[9 3],24,86,100,62,72
1,<environment.Job instance at 0x7f1c56a92be0>,26,14,[9 3],27,100,114,73,86
1,<environment.Job instance at 0x7f1c10c82550>,1,12,[8 3],2,2,14,0,2
1,<environment.Job instance at 0x7f1c5720cc30>,0,16,[8 1],1,14,30,13,8
1,<environment.Job instance at 0x7f1c56a92be0>,4,16,[4 7],5,77,93,72,77
1,<environment.Job instance at 0x7f1c112e7910>,16,17,[3 9],17,181,198,164,181
1,<environment.Job instance at 0x7f1c11315b40>,23,15,[10  2],24,198,213,174,186
1,<environment.Job instance at 0x7f1c10afabe0>,24,14,[8 5],25,213,227,188,198
1,<environment.Job instance at 0x7f1c57035b40>,27,13,[5 9],28,227,240,199,211
1,<environment.Job instance at 0x7f1c57035dc0>,30,14,[4 6],31,240,254,209,225
1,<environment.Job instance at 0x7f1c570af3c0>,0,14,[7 4],1,7,21,6,7
1,<environment.Job instance at 0x7f1c56845140>,7,15,[5 1],8,21,36,13,8
1,<environment.Job instance at 0x7f1c10e79140>,11,17,[6 1],12,36,53,24,29
1,<environment.Job instance at 0x7f1c570af460>,1,17,[ 4 10],2,53,70,51,41
1,<environment.Job instance at 0x7f1c57554f50>,25,19,[4 6],26,74,93,48,74
1,<environment.Job instance at 0x7f1c5723ed70>,28,18,[5 5],29,96,114,67,96
1,<environment.Job instance at 0x7f1c5723ed70>,2,18,[3 6],3,3,21,0,3
1,<environment.Job instance at 0x7f1c10bbff50>,3,12,[5 6],4,21,33,17,4
1,<environment.Job instance at 0x7f1c10b3bf00>,10,21,[7 1],11,33,54,22,26
1,<environment.Job instance at 0x7f1c10b3beb0>,9,20,[1 6],10,33,53,23,33
1,<environment.Job instance at 0x7f1c10a5b1e0>,4,17,[4 6],5,81,98,76,81
1,<environment.Job instance at 0x7f1c1143af00>,18,17,[3 5],19,98,115,79,97
1,<environment.Job instance at 0x7f1c1143ac80>,19,26,[1 5],20,98,124,78,98
1,<environment.Job instance at 0x7f1c10fbf1e0>,0,13,[5 4],1,3,16,2,3
1,<environment.Job instance at 0x7f1c568495a0>,16,16,[1 7],17,51,67,34,51
1,<environment.Job instance at 0x7f1c111a03c0>,19,18,[2 9],20,67,85,47,62
1,<environment.Job instance at 0x7f1c573d9780>,1,15,[6 1],2,3,18,1,3
1,<environment.Job instance at 0x7f1c571a85a0>,6,17,[7 5],7,18,35,11,8
1,<environment.Job instance at 0x7f1c571a80f0>,13,17,[7 2],14,35,52,21,29
1,<environment.Job instance at 0x7f1c571a8b40>,15,13,[4 5],16,52,65,36,38
1,<environment.Job instance at 0x7f1c56aabb40>,22,13,[5 5],23,81,94,58,81
1,<environment.Job instance at 0x7f1c5759a910>,35,16,[4 8],36,2535,2551,2499,2535
1,<environment.Job instance at 0x7f1c5759aa50>,37,1,[2 5],38,2551,2552,2513,2535
1,<environment.Job instance at 0x7f1c5759ac30>,39,3,[6 1],40,2544,2547,2504,2544
1,<environment.Job instance at 0x7f1c5759a0f0>,40,16,[3 7],41,2552,2568,2511,2544
1,<environment.Job instance at 0x7f1c110a00a0>,0,17,[8 5],1,46,63,45,46
1,<environment.Job instance at 0x7f1c10aeb870>,19,14,[5 5],20,87,101,67,87
1,<environment.Job instance at 0x7f1c10bfb5f0>,12,18,[5 5],13,100,118,87,100
1,<environment.Job instance at 0x7f1c10aa4be0>,3,15,[10  5],4,118,133,114,105
1,<environment.Job instance at 0x7f1c10aebaa0>,24,18,[8 4],25,133,151,108,124
1,<environment.Job instance at 0x7f1c10ce0eb0>,33,13,[5 3],34,151,164,117,136
1,<environment.Job instance at 0x7f1c5777c320>,28,16,[3 6],29,151,167,122,147
1,<environment.Job instance at 0x7f1c5777cf00>,27,17,[7 4],28,168,185,140,168
1,<environment.Job instance at 0x7f5480f80aa0>,14,13,[7 3],15,92,105,77,92
1,<environment.Job instance at 0x7f5480f80b40>,15,18,[2 8],16,105,123,89,94
1,<environment.Job instance at 0x7f5480f25320>,1,13,[5 6],2,5,18,3,5
1,<environment.Job instance at 0x7f54863ba280>,5,13,[ 4 10],6,18,31,12,7
1,<environment.Job instance at 0x7f54863b7d20>,10,14,[1 7],11,31,45,20,19
1,<environment.Job instance at 0x7f54863b79b0>,13,14,[5 2],14,40,54,26,40
1,<environment.Job instance at 0x7f543b2ac3c0>,11,17,[5 1],12,38,55,26,38
1,<environment.Job instance at 0x7f543b5c8690>,2,16,[5 5],3,4,20,1,4
1,<environment.Job instance at 0x7f543b381eb0>,4,12,[3 8],5,21,33,16,21
1,<environment.Job instance at 0x7f543b32bb40>,10,16,[3 8],11,33,49,22,21
1,<environment.Job instance at 0x7f543b1df410>,17,14,[5 7],18,71,85,53,71
1,<environment.Job instance at 0x7f543b1df1e0>,18,18,[4 7],19,85,103,66,74
1,<environment.Job instance at 0x7f543b32b5a0>,13,15,[5 8],14,103,118,89,91
1,<environment.Job instance at 0x7f543b381140>,1,17,[4 8],2,123,140,121,123
1,<environment.Job instance at 0x7f543b1df5f0>,27,13,[10  3],28,140,153,112,128
1,<environment.Job instance at 0x7f543b1a3730>,5,12,[1 6],6,8,20,2,8
1,<environment.Job instance at 0x7f543b1a3960>,9,15,[1 6],10,20,35,10,10
1,<environment.Job instance at 0x7f5481317a50>,4,1,[10  5],5,25,26,20,25
1,<environment.Job instance at 0x7f5481317190>,6,12,[6 5],7,26,38,19,26
1,<environment.Job instance at 0x7f548108eb40>,13,15,[ 1 10],14,89,104,75,89
1,<environment.Job instance at 0x7f543b53b050>,3,13,[1 7],4,5,18,1,5
1,<environment.Job instance at 0x7f543b53b9b0>,9,13,[7 5],10,20,33,10,20
1,<environment.Job instance at 0x7f543b79fd20>,13,3,[8 2],14,47,50,33,47
1,<environment.Job instance at 0x7f5480d8ac80>,1,13,[1 9],2,50,63,48,48
1,<environment.Job instance at 0x7f548133ffa0>,17,14,[8 1],18,50,64,32,48
1,<environment.Job instance at 0x7f548181cc30>,25,12,[9 4],26,318,330,292,318
1,<environment.Job instance at 0x7f5480e3ba50>,0,15,[7 3],1,5,20,4,5
1,<environment.Job instance at 0x7f543b8bd550>,5,14,[2 8],6,20,34,14,8
1,<environment.Job instance at 0x7f543b8bdaa0>,11,13,[7 5],12,34,47,22,19
1,<environment.Job instance at 0x7f543b8bddc0>,16,3,[5 3],17,47,50,30,38
1,<environment.Job instance at 0x7f543b8bde60>,17,17,[7 4],18,50,67,32,39
1,<environment.Job instance at 0x7f5481104cd0>,3,12,[3 5],4,71,83,67,71
1,<environment.Job instance at 0x7f5481104870>,8,19,[3 8],9,95,114,86,95
1,<environment.Job instance at 0x7f543b3b9dc0>,15,14,[9 2],16,114,128,98,100
1,<environment.Job instance at 0x7f5480dceb90>,7,14,[1 9],8,8,22,0,8
1,<environment.Job instance at 0x7f543b4605f0>,9,12,[1 7],10,22,34,12,10
1,<environment.Job instance at 0x7f5481a3b230>,13,17,[5 5],14,34,51,20,24
1,<environment.Job instance at 0x7f543b3cb280>,0,18,[3 9],1,51,69,50,40
1,<environment.Job instance at 0x7f5481acc0f0>,22,12,[5 6],23,69,81,46,54
1,<environment.Job instance at 0x7f543b254320>,0,15,[7 2],1,51,66,50,51
1,<environment.Job instance at 0x7f5481916870>,12,17,[4 9],13,75,92,62,75
1,<environment.Job instance at 0x7f54814f29b0>,11,14,[ 4 10],12,92,106,80,78
1,<environment.Job instance at 0x7f543b3d7870>,1,16,[10  4],2,106,122,104,99
1,<environment.Job instance at 0x7f543b199a50>,21,14,[9 2],22,122,136,100,108
1,<environment.Job instance at 0x7f543b1b9910>,27,15,[4 9],28,136,151,108,126
1,<environment.Job instance at 0x7f543b199eb0>,25,18,[3 6],26,171,189,145,171
1,<environment.Job instance at 0x7f543b1b9410>,33,15,[9 3],34,221,236,187,221
1,<environment.Job instance at 0x7f543b1b7a50>,5,1,[6 4],6,6,7,0,6
1,<environment.Job instance at 0x7f5480fba640>,6,13,[5 2],7,7,20,0,7
1,<environment.Job instance at 0x7f5480fbac30>,7,17,[2 8],8,8,25,0,8
1,<environment.Job instance at 0x7f5480fbaf00>,10,19,[4 5],11,25,44,14,15
1,<environment.Job instance at 0x7f543b1b7dc0>,4,17,[2 8],5,44,61,39,35
1,<environment.Job instance at 0x7f543b7fc7d0>,18,2,[5 3],19,61,63,42,51
1,<environment.Job instance at 0x7f543b7fce60>,19,13,[5 6],20,61,74,41,51
1,<environment.Job instance at 0x7f543b6977d0>,1,18,[1 7],2,115,133,113,115
1,<environment.Job instance at 0x7f543b7fcc30>,29,17,[6 1],30,115,132,85,115
1,<environment.Job instance at 0x7f543b5cfcd0>,31,15,[8 2],32,132,147,100,118
1,<environment.Job instance at 0x7f543b5cfaa0>,33,3,[8 3],34,147,150,113,132
1,<environment.Job instance at 0x7f543b5cfb40>,36,13,[9 5],37,150,163,113,136
1,<environment.Job instance at 0x7f543b5cf4b0>,35,18,[8 3],36,180,198,144,180
1,<environment.Job instance at 0x7f543b5cfaf0>,41,17,[3 8],42,198,215,156,192
1,<environment.Job instance at 0x7f543b5cf870>,46,14,[9 3],47,215,229,168,200
1,<environment.Job instance at 0x7f548109aa00>,2,13,[7 5],3,4,17,1,4
1,<environment.Job instance at 0x7f54863b7e60>,1,16,[ 2 10],2,18,34,16,18
1,<environment.Job instance at 0x7f54862ae640>,8,18,[5 6],9,45,63,36,45
1,<environment.Job instance at 0x7f543b24bdc0>,15,16,[9 5],16,71,87,55,71
1,<environment.Job instance at 0x7f543af900f0>,16,13,[1 6],17,87,100,70,72
1,<environment.Job instance at 0x7f543b24bd70>,10,16,[8 1],11,87,103,76,76
1,<environment.Job instance at 0x7f54863b78c0>,3,15,[10  1],4,183,198,179,183
1,<environment.Job instance at 0x7f54863b7e10>,7,15,[1 7],8,200,215,192,200
1,<environment.Job instance at 0x7f543afbe6e0>,30,18,[1 9],31,252,270,221,252
1,<environment.Job instance at 0x7f543b5f0f00>,32,16,[2 6],33,270,286,237,257
1,<environment.Job instance at 0x7f543b7c5fa0>,37,13,[5 9],38,300,313,262,300
1,<environment.Job instance at 0x7f543b7c5410>,40,14,[4 6],41,313,327,272,303
1,<environment.Job instance at 0x7f543b7c5500>,42,13,[5 9],43,327,340,284,312
1,<environment.Job instance at 0x7f543b621b90>,0,14,[7 4],1,5,19,4,5
1,<environment.Job instance at 0x7f543b265c30>,5,18,[5 3],6,19,37,13,8
1,<environment.Job instance at 0x7f543b265140>,7,15,[5 1],8,22,37,14,22
1,<environment.Job instance at 0x7f543b04a690>,13,15,[5 8],14,37,52,23,28
1,<environment.Job instance at 0x7f543b09adc0>,10,12,[ 4 10],11,61,73,50,61
1,<environment.Job instance at 0x7f543b6495a0>,21,1,[9 5],22,73,74,51,62
1,<environment.Job instance at 0x7f543b484050>,1,17,[ 4 10],2,76,93,74,76
1,<environment.Job instance at 0x7f5481391910>,28,18,[5 5],29,96,114,67,96
1,<environment.Job instance at 0x7f5481391910>,2,16,[7 1],3,3,19,0,3
1,<environment.Job instance at 0x7f548105c8c0>,3,13,[6 5],4,19,32,15,4
1,<environment.Job instance at 0x7f5481358550>,9,17,[7 5],10,32,49,22,23
1,<environment.Job instance at 0x7f548133f230>,13,18,[1 8],14,49,67,35,38
1,<environment.Job instance at 0x7f5481aef3c0>,0,13,[2 8],1,3,16,2,3
1,<environment.Job instance at 0x7f5481af4eb0>,7,15,[10  5],8,16,31,8,8
1,<environment.Job instance at 0x7f5481af41e0>,14,14,[5 4],15,77,91,62,77
1,<environment.Job instance at 0x7f543b494b40>,1,16,[1 6],2,63,79,61,63
1,<environment.Job instance at 0x7f543b7bf690>,11,17,[3 9],12,87,104,75,87
1,<environment.Job instance at 0x7f5480d03780>,18,17,[10  4],19,106,123,87,106
1,<environment.Job instance at 0x7f5480d03f00>,19,16,[ 5 10],20,135,151,115,135
1,<environment.Job instance at 0x7f54817735a0>,4,13,[2 8],5,9,22,4,9
1,<environment.Job instance at 0x7f543b6d4c80>,12,18,[3 6],13,80,98,67,80
1,<environment.Job instance at 0x7f543b6c9370>,16,24,[5 2],17,134,158,117,134
1,<environment.Job instance at 0x7f54819c0500>,1,19,[1 5],2,2,21,0,2
1,<environment.Job instance at 0x7f543b6c9320>,2,12,[1 5],3,5,17,2,5
1,<environment.Job instance at 0x7f54810940a0>,8,16,[3 6],9,25,41,16,25
1,<environment.Job instance at 0x7f54819ec0f0>,13,17,[5 6],14,76,93,62,76
1,<environment.Job instance at 0x7f54819ecb40>,16,18,[ 5 10],17,93,111,76,85
1,<environment.Job instance at 0x7f54819ecf50>,19,19,[5 2],20,111,130,91,101
1,<environment.Job instance at 0x7f54863660a0>,2,12,[3 5],3,6,18,3,6
1,<environment.Job instance at 0x7f5481a6c7d0>,9,13,[2 7],10,79,92,69,79
1,<environment.Job instance at 0x7f54813e3aa0>,11,13,[3 5],12,92,105,80,79
1,<environment.Job instance at 0x7f543b137fa0>,16,18,[3 6],17,110,128,93,110
1,<environment.Job instance at 0x7f86c60bd140>,4,14,[1 6],5,47,61,42,47
1,<environment.Job instance at 0x7f86becadaa0>,14,13,[7 3],15,87,100,72,87
1,<environment.Job instance at 0x7f86becadb40>,15,18,[2 8],16,100,118,84,89
1,<environment.Job instance at 0x7f867b0ab4b0>,6,17,[7 1],7,7,24,0,7
1,<environment.Job instance at 0x7f86becadb90>,8,17,[5 5],9,24,41,15,12
1,<environment.Job instance at 0x7f867b0aba50>,13,13,[7 5],14,41,54,27,25
1,<environment.Job instance at 0x7f867b09fdc0>,3,17,[9 4],4,13,30,9,13
1,<environment.Job instance at 0x7f867af7f1e0>,13,15,[5 1],14,71,86,57,71
1,<environment.Job instance at 0x7f86c1446550>,0,16,[10  4],1,4,20,3,4
1,<environment.Job instance at 0x7f86bef35b90>,6,17,[7 4],7,20,37,13,12
1,<environment.Job instance at 0x7f86beac8410>,9,1,[3 7],10,23,24,13,23
1,<environment.Job instance at 0x7f86c1541d70>,1,16,[1 8],2,27,43,25,27
1,<environment.Job instance at 0x7f86c17a35a0>,19,14,[3 7],20,90,104,70,90
1,<environment.Job instance at 0x7f86c17a3960>,21,14,[5 5],22,104,118,82,94
1,<environment.Job instance at 0x7f86c1785820>,28,16,[4 9],29,156,172,127,156
1,<environment.Job instance at 0x7f86c1785fa0>,29,18,[ 2 10],30,172,190,142,164
1,<environment.Job instance at 0x7f86bf0ee5a0>,1,15,[10  4],2,70,85,68,70
1,<environment.Job instance at 0x7f867b329b40>,17,15,[ 5 10],18,88,103,70,88
1,<environment.Job instance at 0x7f867b329230>,20,14,[9 5],21,120,134,99,120
1,<environment.Job instance at 0x7f86bf13c8c0>,23,18,[9 4],24,146,164,122,146
1,<environment.Job instance at 0x7f86bf13ceb0>,27,12,[6 3],28,164,176,136,164
1,<environment.Job instance at 0x7f86bf13c230>,29,17,[5 7],30,176,193,146,164
1,<environment.Job instance at 0x7f86bf13c690>,33,14,[5 2],34,202,216,168,202
1,<environment.Job instance at 0x7f867b5db280>,2,14,[7 2],3,3,17,0,3
1,<environment.Job instance at 0x7f86bf147aa0>,5,12,[6 1],6,17,29,11,6
1,<environment.Job instance at 0x7f86bf1476e0>,7,2,[6 3],8,29,31,21,10
1,<environment.Job instance at 0x7f86c16e2dc0>,12,14,[5 4],13,31,45,18,16
1,<environment.Job instance at 0x7f867af35dc0>,9,15,[10  1],10,45,60,35,32
1,<environment.Job instance at 0x7f86bf00ecd0>,18,16,[9 2],19,60,76,41,48
1,<environment.Job instance at 0x7f867af355a0>,6,13,[9 2],7,76,89,69,61
1,<environment.Job instance at 0x7f867af06870>,2,1,[10  1],3,3,4,0,3
1,<environment.Job instance at 0x7f867b297820>,5,17,[7 2],6,8,25,2,8
1,<environment.Job instance at 0x7f86c1622a00>,1,12,[10  1],2,25,37,23,12
1,<environment.Job instance at 0x7f867b297af0>,11,15,[10  5],12,37,52,25,36
1,<environment.Job instance at 0x7f867b297fa0>,14,16,[4 7],15,71,87,56,71
1,<environment.Job instance at 0x7f867b2a64b0>,22,13,[5 5],23,112,125,89,112
1,<environment.Job instance at 0x7f867b2a65f0>,24,14,[ 3 10],25,135,149,110,135
1,<environment.Job instance at 0x7f867afbac30>,7,17,[4 7],8,14,31,6,14
1,<environment.Job instance at 0x7f86bea91960>,1,13,[3 7],2,3,16,1,3
1,<environment.Job instance at 0x7f867b105b40>,10,12,[9 5],11,28,40,17,28
1,<environment.Job instance at 0x7f86c15f52d0>,13,14,[1 8],14,40,54,26,28
1,<environment.Job instance at 0x7f867b081690>,15,15,[2 8],16,54,69,38,41
1,<environment.Job instance at 0x7f86c15f5190>,17,13,[3 7],18,69,82,51,53
1,<environment.Job instance at 0x7f867ad505a0>,20,16,[5 5],21,82,98,61,69
1,<environment.Job instance at 0x7f867ad502d0>,22,14,[8 4],23,98,112,75,85
1,<environment.Job instance at 0x7f86bec9c4b0>,24,18,[5 9],25,112,130,87,103
1,<environment.Job instance at 0x7f86c16405f0>,6,14,[3 5],7,7,21,0,7
1,<environment.Job instance at 0x7f86bf0f0230>,11,17,[9 5],12,23,40,11,23
1,<environment.Job instance at 0x7f86c1640050>,9,15,[10  1],10,40,55,30,30
1,<environment.Job instance at 0x7f86bea90cd0>,15,15,[ 1 10],16,55,70,39,41
1,<environment.Job instance at 0x7f86bea905a0>,16,15,[7 1],17,70,85,53,57
1,<environment.Job instance at 0x7f867af1c500>,18,17,[5 5],19,85,102,66,73
1,<environment.Job instance at 0x7f86c13f6960>,0,18,[10  5],1,104,122,103,104
1,<environment.Job instance at 0x7f86bec69870>,25,15,[2 5],26,122,137,96,122
1,<environment.Job instance at 0x7f86bec695f0>,26,15,[7 2],27,123,138,96,123
1,<environment.Job instance at 0x7f86bf1abaf0>,7,13,[9 3],8,9,22,1,9
1,<environment.Job instance at 0x7f86bf1ab190>,8,18,[5 3],9,22,40,13,11
1,<environment.Job instance at 0x7f86bf1abcd0>,2,12,[10  3],3,40,52,37,25
1,<environment.Job instance at 0x7f86bef51e60>,15,15,[ 1 10],16,52,67,36,41
1,<environment.Job instance at 0x7f86c18010f0>,1,17,[ 4 10],2,8,25,6,8
1,<environment.Job instance at 0x7f867afe8a50>,9,14,[7 1],10,25,39,15,22
1,<environment.Job instance at 0x7f86c16b92d0>,11,16,[5 5],12,39,55,27,28
1,<environment.Job instance at 0x7f867ad18140>,2,18,[3 6],3,3,21,0,3
1,<environment.Job instance at 0x7f86beeb5910>,3,12,[5 6],4,21,33,17,4
1,<environment.Job instance at 0x7f86c16d23c0>,6,17,[4 6],7,7,24,0,7
1,<environment.Job instance at 0x7f86c17f9fa0>,2,18,[7 4],3,4,22,1,4
1,<environment.Job instance at 0x7f86bef57d20>,11,18,[10  5],12,24,42,12,24
1,<environment.Job instance at 0x7f86c129a190>,1,17,[3 9],2,51,68,49,51
1,<environment.Job instance at 0x7f867abdaeb0>,9,16,[ 5 10],10,70,86,60,70
1,<environment.Job instance at 0x7f86c6230280>,19,12,[1 8],20,94,106,74,94
1,<environment.Job instance at 0x7f86bed669b0>,20,14,[6 4],21,106,120,85,94
1,<environment.Job instance at 0x7f86bed66fa0>,23,15,[2 8],24,120,135,96,107
1,<environment.Job instance at 0x7f86bed3a960>,26,3,[10  5],27,135,138,108,114
1,<environment.Job instance at 0x7f86bf06a320>,17,18,[ 4 10],18,116,134,98,116
1,<environment.Job instance at 0x7f86bedc8780>,27,13,[8 5],28,215,228,187,215
1,<environment.Job instance at 0x7f86bedc8cd0>,30,3,[9 1],31,228,231,197,216
1,<environment.Job instance at 0x7f86bf17c960>,33,17,[7 2],34,263,280,229,263
1,<environment.Job instance at 0x7f86bedc8be0>,29,18,[ 3 10],30,364,382,334,364
1,<environment.Job instance at 0x7f86bedc8be0>,2,12,[2 5],3,3,15,0,3
1,<environment.Job instance at 0x7f867b3a2550>,1,13,[1 7],2,15,28,13,5
1,<environment.Job instance at 0x7f867b06e820>,3,17,[5 2],4,7,24,3,7
1,<environment.Job instance at 0x7f86bed167d0>,7,18,[5 5],8,28,46,20,26
1,<environment.Job instance at 0x7f867b06e5a0>,5,12,[3 5],6,79,91,73,79
1,<environment.Job instance at 0x7f86bed7d4b0>,14,18,[10  5],15,91,109,76,82
1,<environment.Job instance at 0x7f86bed5a5f0>,21,18,[3 8],22,124,142,102,124
1,<environment.Job instance at 0x7f867b1c4e10>,5,18,[10  2],6,6,24,0,6
1,<environment.Job instance at 0x7f86c62283c0>,9,2,[1 8],10,24,26,14,10
1,<environment.Job instance at 0x7f86c6228be0>,7,14,[5 6],8,26,40,18,22
1,<environment.Job instance at 0x7f86c16f7550>,11,21,[5 6],12,23,44,11,23
1,<environment.Job instance at 0x7f86c16f7050>,12,17,[10  4],13,44,61,31,44
1,<environment.Job instance at 0x7fab6894a500>,5,24,[1 5],6,71,95,65,71
1,<environment.Job instance at 0x7fab6894aa00>,13,18,[ 4 10],14,103,121,89,103
1,<environment.Job instance at 0x7fab6894abe0>,16,16,[3 5],17,121,137,104,108
1,<environment.Job instance at 0x7fab24d44820>,3,13,[7 5],4,5,18,1,5
1,<environment.Job instance at 0x7fab6894a410>,1,18,[1 9],2,18,36,16,8
1,<environment.Job instance at 0x7fab24d44cd0>,12,16,[6 4],13,36,52,23,24
1,<environment.Job instance at 0x7fab24d472d0>,19,14,[2 6],20,43,57,23,43
1,<environment.Job instance at 0x7fab24d47370>,21,13,[4 9],22,92,105,70,92
1,<environment.Job instance at 0x7fab24d47c30>,25,13,[5 2],26,112,125,86,112
1,<environment.Job instance at 0x7fab24d3c5f0>,33,12,[1 7],34,171,183,137,171
1,<environment.Job instance at 0x7fab24d45f50>,36,3,[ 5 10],37,183,186,146,173
1,<environment.Job instance at 0x7fab24d45cd0>,38,18,[10  1],39,186,204,147,180
1,<environment.Job instance at 0x7fab24d451e0>,41,14,[2 7],42,204,218,162,198
1,<environment.Job instance at 0x7fab24ebee10>,47,15,[3 7],48,221,236,173,221
1,<environment.Job instance at 0x7fab24e37190>,48,17,[5 2],49,221,238,172,221
1,<environment.Job instance at 0x7fab24ba2690>,1,17,[5 5],2,2,19,0,2
1,<environment.Job instance at 0x7fab24ba2fa0>,2,15,[5 5],3,3,18,0,3
1,<environment.Job instance at 0x7fab6fec2f50>,5,2,[6 1],6,19,21,13,7
1,<environment.Job instance at 0x7fab24ba2050>,4,13,[4 8],5,19,32,14,7
1,<environment.Job instance at 0x7fab24ba26e0>,0,17,[ 3 10],1,76,93,75,76
1,<environment.Job instance at 0x7fab6feccc80>,7,17,[ 1 10],8,93,110,85,82
1,<environment.Job instance at 0x7fab24c10690>,18,13,[4 6],19,126,139,107,126
1,<environment.Job instance at 0x7fab6fec70a0>,20,17,[10  3],21,1398,1415,1377,1398
1,<environment.Job instance at 0x7fab689e8f00>,5,13,[6 4],6,9,22,3,9
1,<environment.Job instance at 0x7fab68af7280>,9,18,[2 9],10,24,42,14,24
1,<environment.Job instance at 0x7fab69473190>,1,17,[1 8],2,69,86,67,69
1,<environment.Job instance at 0x7fab6902c1e0>,17,15,[9 5],18,95,110,77,95
1,<environment.Job instance at 0x7fab69473b40>,2,16,[10  3],3,110,126,107,97
1,<environment.Job instance at 0x7fab68a5a500>,24,13,[2 9],25,126,139,101,116
1,<environment.Job instance at 0x7fab687df780>,25,12,[10  5],26,139,151,113,125
1,<environment.Job instance at 0x7fab68d68d70>,0,15,[4 5],1,1,16,0,1
1,<environment.Job instance at 0x7fab687df780>,4,18,[6 1],5,5,23,0,5
1,<environment.Job instance at 0x7fab688e5f00>,5,16,[4 5],6,16,32,10,6
1,<environment.Job instance at 0x7fab251e4a50>,12,17,[5 8],13,32,49,19,20
1,<environment.Job instance at 0x7fab6940d050>,10,16,[9 2],11,49,65,38,39
1,<environment.Job instance at 0x7fab68f27a00>,5,17,[3 6],6,44,61,38,44
1,<environment.Job instance at 0x7fab68f5c5a0>,14,13,[6 5],15,61,74,46,47
1,<environment.Job instance at 0x7fab68f5c370>,4,17,[10  5],5,74,91,69,62
1,<environment.Job instance at 0x7fab68f5caf0>,1,14,[5 5],2,4,18,2,4
1,<environment.Job instance at 0x7fab69015460>,4,16,[6 1],5,18,34,13,5
1,<environment.Job instance at 0x7fab24df1960>,12,12,[1 8],13,27,39,14,27
1,<environment.Job instance at 0x7fab69015960>,10,16,[10  2],11,39,55,28,28
1,<environment.Job instance at 0x7fab6914ec80>,15,18,[6 2],16,55,73,39,44
1,<environment.Job instance at 0x7fab692636e0>,3,12,[3 5],4,70,82,66,70
1,<environment.Job instance at 0x7fab24b611e0>,11,14,[5 9],12,95,109,83,95
1,<environment.Job instance at 0x7fab24b616e0>,2,12,[5 6],3,4,16,1,4
1,<environment.Job instance at 0x7fab69678dc0>,5,13,[1 9],6,16,29,10,6
1,<environment.Job instance at 0x7fab69678be0>,4,12,[6 1],5,16,28,11,8
1,<environment.Job instance at 0x7fab24e89aa0>,10,16,[8 5],11,29,45,18,28
1,<environment.Job instance at 0x7fab69292190>,1,12,[5 8],2,2,14,0,2
1,<environment.Job instance at 0x7fab69292f50>,0,19,[ 3 10],1,64,83,63,64
1,<environment.Job instance at 0x7fab24f6d460>,7,2,[5 7],8,67,69,59,67
1,<environment.Job instance at 0x7fab24f6d9b0>,10,18,[1 6],11,69,87,58,67
1,<environment.Job instance at 0x7fab686bf5a0>,9,15,[4 5],10,87,102,77,73
1,<environment.Job instance at 0x7fab686ae190>,17,15,[5 4],18,90,105,72,90
1,<environment.Job instance at 0x7fab686ce5f0>,19,12,[6 2],20,109,121,89,109
1,<environment.Job instance at 0x7fab68cea0a0>,21,12,[8 4],22,121,133,99,109
1,<environment.Job instance at 0x7fab690d3280>,3,20,[5 2],4,4,24,0,4
1,<environment.Job instance at 0x7fab690d3410>,6,1,[6 2],7,24,25,17,7
1,<environment.Job instance at 0x7fab690d3aa0>,4,12,[ 4 10],5,25,37,20,12
1,<environment.Job instance at 0x7fab68f09dc0>,5,19,[8 4],6,21,40,15,21
1,<environment.Job instance at 0x7fab252d9d20>,11,15,[10  2],12,79,94,67,79
1,<environment.Job instance at 0x7fab692812d0>,18,17,[3 5],19,110,127,91,110
1,<environment.Job instance at 0x7fab692635f0>,20,13,[2 8],21,127,140,106,125
1,<environment.Job instance at 0x7fab69263320>,2,14,[5 6],3,3,17,0,3
1,<environment.Job instance at 0x7fab68f64a00>,6,18,[5 6],7,23,41,16,23
1,<environment.Job instance at 0x7fab693d87d0>,12,18,[7 4],13,43,61,30,43
1,<environment.Job instance at 0x7fab68f64410>,11,17,[3 9],12,92,109,80,92
1,<environment.Job instance at 0x7fab251c9910>,19,16,[ 5 10],20,109,125,89,97
1,<environment.Job instance at 0x7fab251c9dc0>,18,17,[10  4],19,125,142,106,114
1,<environment.Job instance at 0x7fab6888d280>,16,16,[ 2 10],17,142,158,125,129
1,<environment.Job instance at 0x7fab68704870>,7,28,[1 6],8,28,56,20,28
1,<environment.Job instance at 0x7fab68704370>,14,21,[9 2],15,63,84,48,63
1,<environment.Job instance at 0x7fab68704410>,18,15,[3 5],19,99,114,80,99
1,<environment.Job instance at 0x7fab252b47d0>,27,13,[8 5],28,201,214,173,201
1,<environment.Job instance at 0x7fab25134be0>,7,18,[2 6],8,48,66,40,48
1,<environment.Job instance at 0x7fab68a017d0>,11,18,[3 8],12,72,90,60,72
1,<environment.Job instance at 0x7fab68a4bdc0>,13,15,[10  3],14,90,105,76,78
1,<environment.Job instance at 0x7fab68fa6730>,15,18,[9 5],16,105,123,89,99
1,<environment.Job instance at 0x7fab68ce0a50>,22,16,[8 1],23,143,159,120,143
1,<environment.Job instance at 0x7fab68ce0e60>,23,14,[9 3],24,159,173,135,144
1,<environment.Job instance at 0x7fab252165f0>,7,15,[3 5],8,8,23,0,8
1,<environment.Job instance at 0x7fab25216370>,6,13,[5 1],7,8,21,1,8
1,<environment.Job instance at 0x7fab68defc30>,0,18,[3 9],1,23,41,22,12
1,<environment.Job instance at 0x7fab25216fa0>,21,16,[6 5],22,54,70,32,54
1,<environment.Job instance at 0x7fab25216730>,22,12,[9 5],23,70,82,47,54
1,<environment.Job instance at 0x7fab252169b0>,15,18,[1 9],16,82,100,66,71
1,<environment.Job instance at 0x7fab2521a640>,29,17,[10  2],30,100,117,70,88
1,<environment.Job instance at 0x7fab2521a820>,32,14,[5 1],33,117,131,84,102
1,<environment.Job instance at 0x7fab689de1e0>,2,15,[3 5],3,4,19,1,4
1,<environment.Job instance at 0x7fab689de4b0>,11,18,[4 8],12,46,64,34,46
1,<environment.Job instance at 0x7fab692586e0>,12,14,[6 2],13,93,107,80,93
1,<environment.Job instance at 0x7fab24f64aa0>,17,13,[3 8],18,94,107,76,94
1,<environment.Job instance at 0x7fab69258e60>,18,14,[ 2 10],19,107,121,88,94
1,<environment.Job instance at 0x7fab24ff3320>,23,16,[5 1],24,121,137,97,118
1,<environment.Job instance at 0x7fab69083a50>,27,14,[9 2],28,272,286,244,272
1,<environment.Job instance at 0x7fab688eaa00>,7,12,[6 3],8,16,28,8,16
1,<environment.Job instance at 0x7fab6febfc80>,1,17,[2 7],2,39,56,37,39
1,<environment.Job instance at 0x7fab6912e550>,0,15,[10  1],1,56,71,55,42
1,<environment.Job instance at 0x7f4a7db4ba00>,13,18,[ 4 10],14,81,99,67,81
1,<environment.Job instance at 0x7f4a7db4bbe0>,16,16,[3 5],17,99,115,82,86
1,<environment.Job instance at 0x7f4a7daf3be0>,0,2,[9 5],1,3,5,2,3
1,<environment.Job instance at 0x7f4a7db4bb90>,2,16,[6 4],3,5,21,2,4
1,<environment.Job instance at 0x7f4a41f3ed70>,11,13,[4 9],12,103,116,91,103
1,<environment.Job instance at 0x7f4a41f3f960>,20,18,[10  3],21,116,134,95,105
1,<environment.Job instance at 0x7f4a41f3f1e0>,25,3,[5 5],26,134,137,108,131
1,<environment.Job instance at 0x7f4a41f3f140>,23,12,[1 7],24,137,149,113,132
1,<environment.Job instance at 0x7f4a41f3ed20>,16,12,[5 9],17,149,161,132,134
1,<environment.Job instance at 0x7f4a41f430f0>,33,14,[7 5],34,161,175,127,147
1,<environment.Job instance at 0x7f4a41f42050>,36,22,[6 1],37,180,202,143,180
1,<environment.Job instance at 0x7f4a41f3fc80>,28,18,[10  1],29,202,220,173,195
1,<environment.Job instance at 0x7f4a41f42d70>,44,13,[9 4],45,220,233,175,207
1,<environment.Job instance at 0x7f4a8cf865a0>,1,13,[1 6],2,2,15,0,2
1,<environment.Job instance at 0x7f4a8cf86d20>,2,15,[3 7],3,15,30,12,3
1,<environment.Job instance at 0x7f4a41e6d370>,9,14,[8 3],10,30,44,20,17
1,<environment.Job instance at 0x7f4a41e68410>,13,18,[3 6],14,44,62,30,38
1,<environment.Job instance at 0x7f4a41d9db40>,17,16,[3 9],18,62,78,44,49
1,<environment.Job instance at 0x7f4a8cf5f460>,21,12,[3 8],22,78,90,56,68
1,<environment.Job instance at 0x7f4a7dd8cb40>,23,15,[4 6],24,90,105,66,80
1,<environment.Job instance at 0x7f4a7d8dde10>,29,13,[1 7],30,126,139,96,126
1,<environment.Job instance at 0x7f4a41e680f0>,20,17,[7 5],21,139,156,118,131
1,<environment.Job instance at 0x7f4a7d9283c0>,32,2,[5 7],33,180,182,147,180
1,<environment.Job instance at 0x7f4a41de0c30>,36,13,[5 5],37,203,216,166,203
1,<environment.Job instance at 0x7f4a41e2c780>,39,14,[7 5],40,216,230,176,205
1,<environment.Job instance at 0x7f4a82616410>,13,13,[10  4],14,45,58,31,45
1,<environment.Job instance at 0x7f4a822bd730>,14,16,[5 5],15,58,74,43,45
1,<environment.Job instance at 0x7f4a822f24b0>,1,17,[ 5 10],2,74,91,72,63
1,<environment.Job instance at 0x7f4a7dd33dc0>,20,16,[9 3],21,91,107,70,81
1,<environment.Job instance at 0x7f4a421172d0>,1,14,[3 6],2,2,16,0,2
1,<environment.Job instance at 0x7f4a4241f280>,0,14,[3 5],1,16,30,15,5
1,<environment.Job instance at 0x7f4a4241f9b0>,3,12,[6 1],4,7,19,3,7
1,<environment.Job instance at 0x7f4a7df88460>,10,14,[6 1],11,23,37,12,23
1,<environment.Job instance at 0x7f4a7df88c80>,7,17,[1 7],8,30,47,22,25
1,<environment.Job instance at 0x7f4a7df881e0>,12,17,[10  4],13,47,64,34,35
1,<environment.Job instance at 0x7f4a7df5a910>,16,18,[10  3],17,64,82,47,55
1,<environment.Job instance at 0x7f4a421830a0>,1,1,[9 1],2,2,3,0,2
1,<environment.Job instance at 0x7f4a8257c5f0>,3,3,[8 2],4,4,7,0,4
1,<environment.Job instance at 0x7f4a8257c960>,4,15,[7 1],5,7,22,2,5
1,<environment.Job instance at 0x7f4a8257c280>,5,2,[5 4],6,22,24,16,6
1,<environment.Job instance at 0x7f4a8257c4b0>,7,14,[8 1],8,24,38,16,9
1,<environment.Job instance at 0x7f4a7da95e10>,0,1,[8 3],1,3,4,2,3
1,<environment.Job instance at 0x7f4a7dba2b40>,1,13,[8 3],2,4,17,2,4
1,<environment.Job instance at 0x7f4a7da95af0>,3,1,[7 1],4,17,18,13,5
1,<environment.Job instance at 0x7f4a7dc1e230>,11,17,[6 4],12,31,48,19,31
1,<environment.Job instance at 0x7f4a7dc1e0a0>,12,17,[4 7],13,48,65,35,36
1,<environment.Job instance at 0x7f4a7df08690>,21,14,[1 6],22,65,79,43,59
1,<environment.Job instance at 0x7f4a7de41550>,22,15,[8 1],23,65,80,42,59
1,<environment.Job instance at 0x7f4a7de41320>,23,14,[5 7],24,80,94,56,67
1,<environment.Job instance at 0x7f4a42345280>,35,17,[7 2],36,125,142,89,125
1,<environment.Job instance at 0x7f4a423450f0>,36,18,[ 4 10],37,142,160,105,137
1,<environment.Job instance at 0x7f4a7dc30960>,1,19,[2 5],2,2,21,0,2
1,<environment.Job instance at 0x7f4a822ddf50>,0,13,[9 3],1,34,47,33,34
1,<environment.Job instance at 0x7f4a42345aa0>,2,14,[ 3 10],3,47,61,44,34
1,<environment.Job instance at 0x7f4a7daf89b0>,1,1,[3 9],2,2,3,0,2
1,<environment.Job instance at 0x7f4a41f43140>,5,15,[2 8],6,7,22,1,7
1,<environment.Job instance at 0x7f4a4230e0a0>,7,13,[3 7],8,22,35,14,10
1,<environment.Job instance at 0x7f4a4230e4b0>,10,16,[5 5],11,35,51,24,30
1,<environment.Job instance at 0x7f4a41d8f370>,0,12,[9 5],1,51,63,50,48
1,<environment.Job instance at 0x7f4a7dcf9aa0>,22,13,[9 1],23,66,79,43,66
1,<environment.Job instance at 0x7f4a7dcf9780>,26,16,[5 5],27,85,101,58,85
1,<environment.Job instance at 0x7f4a7dcf9b40>,25,13,[5 7],26,101,114,75,85
1,<environment.Job instance at 0x7f4a7dcf9e60>,20,18,[ 2 10],21,114,132,93,103
1,<environment.Job instance at 0x7f4a41debdc0>,4,2,[ 2 10],5,22,24,17,22
1,<environment.Job instance at 0x7f4a7d997910>,8,14,[4 5],9,24,38,15,22
1,<environment.Job instance at 0x7f4a42483780>,11,18,[1 7],12,38,56,26,29
1,<environment.Job instance at 0x7f4a7db1acd0>,14,17,[2 8],15,56,73,41,52
1,<environment.Job instance at 0x7f4a424370f0>,18,15,[9 5],19,73,88,54,59
1,<environment.Job instance at 0x7f4a7d99c230>,26,12,[1 7],27,106,118,79,106
1,<environment.Job instance at 0x7f4a420d2640>,29,13,[5 6],30,118,131,88,106
1,<environment.Job instance at 0x7f4a42205780>,32,15,[8 4],33,131,146,98,119
1,<environment.Job instance at 0x7f4a7e037140>,25,18,[3 9],26,151,169,125,151
1,<environment.Job instance at 0x7f4a7e05e870>,7,14,[7 3],8,20,34,12,20
1,<environment.Job instance at 0x7f4a7e05ea00>,10,18,[1 9],11,76,94,65,76
1,<environment.Job instance at 0x7f4a7e05eb40>,12,16,[2 6],13,96,112,83,96
1,<environment.Job instance at 0x7f4a7e05ec80>,14,14,[8 5],15,112,126,97,98
1,<environment.Job instance at 0x7f4a7e078140>,20,14,[4 6],21,156,170,135,156
1,<environment.Job instance at 0x7f4a420b0eb0>,1,13,[8 2],2,4,17,2,4
1,<environment.Job instance at 0x7f4a82595c30>,5,13,[6 5],6,17,30,11,6
1,<environment.Job instance at 0x7f4a7dff45a0>,12,1,[ 1 10],13,33,34,20,33
1,<environment.Job instance at 0x7f4a7dff4820>,14,15,[4 7],15,37,52,22,37
1,<environment.Job instance at 0x7f4a420b08c0>,0,16,[ 3 10],1,52,68,51,40
1,<environment.Job instance at 0x7f4a7dff4870>,19,14,[9 1],20,68,82,48,59
1,<environment.Job instance at 0x7f4a7dff42d0>,20,13,[2 6],21,82,95,61,67
1,<environment.Job instance at 0x7f4a823eff00>,1,2,[2 7],2,2,4,0,2
1,<environment.Job instance at 0x7f4a7dff43c0>,3,17,[6 4],4,4,21,0,4
1,<environment.Job instance at 0x7f4a424001e0>,4,2,[2 5],5,6,8,1,6
1,<environment.Job instance at 0x7f4a42400aa0>,10,13,[1 5],11,12,25,1,12
1,<environment.Job instance at 0x7f4a424008c0>,8,12,[1 5],9,21,33,12,14
1,<environment.Job instance at 0x7f4a42400820>,17,14,[7 4],18,28,42,10,28
1,<environment.Job instance at 0x7f4a42400a50>,12,15,[3 8],13,42,57,29,30
1,<environment.Job instance at 0x7f4a82822aa0>,23,1,[6 5],24,57,58,33,50
1,<environment.Job instance at 0x7f4a42400e60>,16,14,[ 2 10],17,58,72,41,50
1,<environment.Job instance at 0x7f4a42400be0>,3,13,[10  2],4,8,21,4,8
1,<environment.Job instance at 0x7f4a7d9e5780>,8,12,[7 2],9,21,33,12,9
1,<environment.Job instance at 0x7f4a82334230>,13,19,[2 5],14,21,40,7,15
1,<environment.Job instance at 0x7f4a423721e0>,19,18,[2 9],20,46,64,26,46
1,<environment.Job instance at 0x7f4a42372280>,21,15,[10  1],22,64,79,42,54
1,<environment.Job instance at 0x7f4a4212a8c0>,1,13,[9 1],2,3,16,1,3
1,<environment.Job instance at 0x7f4a42053c80>,2,12,[2 5],3,4,16,1,4
1,<environment.Job instance at 0x7f4a42053d20>,1,13,[1 7],2,16,29,14,5
1,<environment.Job instance at 0x7f4a424ac550>,5,12,[3 5],6,29,41,23,12
1,<environment.Job instance at 0x7f4a41c7bbe0>,14,18,[10  5],15,76,94,61,76
1,<environment.Job instance at 0x7f4a41c7ba00>,17,18,[2 6],18,94,112,76,89
1,<environment.Job instance at 0x7f4a424ac4b0>,3,17,[5 2],4,94,111,90,91
1,<environment.Job instance at 0x7f4a41c7b2d0>,21,18,[3 8],22,123,141,101,123
1,<environment.Job instance at 0x7f4a825f4f00>,2,16,[ 2 10],3,7,23,4,7
1,<environment.Job instance at 0x7f4a825f4550>,0,18,[3 9],1,23,41,22,12
1,<environment.Job instance at 0x7f4a42319780>,17,21,[5 5],18,50,71,32,50
1,<environment.Job instance at 0x7f4a423199b0>,18,3,[7 2],19,71,74,52,51
1,<environment.Job instance at 0x7f4a42319910>,20,1,[5 8],21,74,75,53,56
1,<environment.Job instance at 0x7f4a423195a0>,22,12,[9 5],23,75,87,52,69
1,<environment.Job instance at 0x7f4a42319460>,21,16,[6 5],22,87,103,65,74
1,<environment.Job instance at 0x7f4a423269b0>,28,14,[3 5],29,87,101,58,75
1,<environment.Job instance at 0x7f4a4229ac30>,29,17,[10  2],30,103,120,73,95
1,<environment.Job instance at 0x7f4a7ddc6410>,30,16,[ 5 10],31,120,136,89,115
1,<environment.Job instance at 0x7f4a7ddc6410>,2,14,[6 2],3,3,17,0,3
1,<environment.Job instance at 0x7f4a41b98640>,7,13,[3 8],8,39,52,31,39
1,<environment.Job instance at 0x7f4a41b989b0>,9,16,[5 5],10,52,68,42,40
1,<environment.Job instance at 0x7f4a42343320>,1,18,[4 8],2,68,86,66,64
1,<environment.Job instance at 0x7f4a8219c5a0>,5,15,[5 6],6,10,25,4,10
1,<environment.Job instance at 0x7f4a41b98410>,4,17,[ 5 10],5,52,69,47,52
1,<environment.Job instance at 0x7f4a7d949fa0>,13,17,[ 2 10],14,80,97,66,80
1,<environment.Job instance at 0x7f4a7d9493c0>,17,14,[5 8],18,101,115,83,101
1,<environment.Job instance at 0x7f4a7d9497d0>,19,15,[5 3],20,127,142,107,127
1,<environment.Job instance at 0x7f4a7d949550>,22,18,[ 5 10],23,153,171,130,153
1,<environment.Job instance at 0x7f4a7dd84be0>,2,18,[4 9],3,24,42,21,24
1,<environment.Job instance at 0x7f4a7dd84500>,5,13,[2 9],6,42,55,36,27
1,<environment.Job instance at 0x7f4a7dd84960>,8,17,[2 8],9,55,72,46,46
1,<environment.Job instance at 0x7f4a7dd84aa0>,13,16,[ 2 10],14,72,88,58,65
1,<environment.Job instance at 0x7f4a8244b8c0>,26,18,[5 8],27,88,106,61,87
1,<environment.Job instance at 0x7f4a8244b320>,27,15,[3 5],28,106,121,78,94
1,<environment.Job instance at 0x7f4a8244b3c0>,29,12,[10  4],30,121,133,91,104
1,<environment.Job instance at 0x7f4a8244b780>,35,16,[7 4],36,133,149,97,131
1,<environment.Job instance at 0x7f6acb53b140>,4,14,[1 6],5,47,61,42,47
1,<environment.Job instance at 0x7f6ac612ba00>,13,18,[ 4 10],14,69,87,55,69
1,<environment.Job instance at 0x7f6ac612baa0>,14,13,[7 3],15,87,100,72,71
1,<environment.Job instance at 0x7f6ac612bbe0>,16,16,[3 5],17,87,103,70,74
1,<environment.Job instance at 0x7f6ac612bb90>,1,13,[4 9],2,8,21,6,8
1,<environment.Job instance at 0x7f6a8039fe10>,6,12,[5 9],7,21,33,14,21
1,<environment.Job instance at 0x7f6a803a1190>,14,3,[10  2],15,56,59,41,56
1,<environment.Job instance at 0x7f6a803a2050>,10,18,[10  3],11,59,77,48,57
1,<environment.Job instance at 0x7f6a803c3d20>,20,17,[7 5],21,77,94,56,65
1,<environment.Job instance at 0x7f6a8051db40>,27,15,[3 7],28,107,122,79,107
1,<environment.Job instance at 0x7f6a803a1460>,13,12,[1 7],14,122,134,108,111
1,<environment.Job instance at 0x7f6a803c7690>,18,18,[10  1],19,143,161,124,143
1,<environment.Job instance at 0x7f6a80524370>,34,13,[9 4],35,161,174,126,155
1,<environment.Job instance at 0x7f6acb5637d0>,1,12,[3 8],2,3,15,1,3
1,<environment.Job instance at 0x7f6ac65a58c0>,3,15,[4 6],4,15,30,11,4
1,<environment.Job instance at 0x7f6ac5efd410>,9,13,[1 7],10,117,130,107,117
1,<environment.Job instance at 0x7f6a804ecaf0>,16,13,[5 5],17,130,143,113,117
1,<environment.Job instance at 0x7f6a804ecb40>,20,18,[1 6],21,143,161,122,135
1,<environment.Job instance at 0x7f6acb5626e0>,23,1,[7 4],24,143,144,119,135
1,<environment.Job instance at 0x7f6acb5622d0>,22,17,[5 5],23,161,178,138,152
1,<environment.Job instance at 0x7f6ac65d3dc0>,29,18,[9 5],30,178,196,148,174
1,<environment.Job instance at 0x7f6a808ed690>,6,14,[8 5],7,20,34,13,20
1,<environment.Job instance at 0x7f6a808eee60>,9,13,[3 9],10,46,59,36,46
1,<environment.Job instance at 0x7f6ac5f88f50>,1,13,[ 4 10],2,59,72,57,52
1,<environment.Job instance at 0x7f6ac61abbe0>,18,12,[3 8],19,95,107,76,95
1,<environment.Job instance at 0x7f6ac64ef730>,24,14,[1 5],25,124,138,99,124
1,<environment.Job instance at 0x7f6ac62d8a00>,26,18,[1 7],27,138,156,111,127
1,<environment.Job instance at 0x7f6ac6124d70>,29,15,[1 6],30,1881,1896,1851,1881
1,<environment.Job instance at 0x7f6ac65d1050>,0,18,[9 5],1,29,47,28,29
1,<environment.Job instance at 0x7f6a80763af0>,8,16,[ 5 10],9,47,63,38,34
1,<environment.Job instance at 0x7f6a80763500>,12,14,[7 1],13,63,77,50,57
1,<environment.Job instance at 0x7f6ac654c4b0>,3,18,[9 1],4,103,121,99,103
1,<environment.Job instance at 0x7f6ac6840aa0>,2,14,[7 2],3,5,19,2,5
1,<environment.Job instance at 0x7f6ac6840730>,5,12,[6 1],6,19,31,13,7
1,<environment.Job instance at 0x7f6ac6840e10>,7,2,[6 3],8,31,33,23,8
1,<environment.Job instance at 0x7f6ac6b71d70>,11,16,[6 5],12,33,49,21,21
1,<environment.Job instance at 0x7f6ac6b71730>,13,12,[ 3 10],14,49,61,35,37
1,<environment.Job instance at 0x7f6ac6a80e10>,16,12,[10  1],17,61,73,44,46
1,<environment.Job instance at 0x7f6ac6a80aa0>,19,17,[5 5],20,73,90,53,61
1,<environment.Job instance at 0x7f6ac6a809b0>,21,17,[8 4],22,90,107,68,80
1,<environment.Job instance at 0x7f6ac64268c0>,7,15,[6 4],8,8,23,0,8
1,<environment.Job instance at 0x7f6ac62ddc30>,11,19,[2 6],12,39,58,27,39
1,<environment.Job instance at 0x7f6ac5f692d0>,8,2,[5 4],9,9,11,0,9
1,<environment.Job instance at 0x7f6ac5f69410>,9,12,[1 7],10,11,23,1,10
1,<environment.Job instance at 0x7f6ac5f695f0>,11,18,[10  5],12,23,41,11,14
1,<environment.Job instance at 0x7f6ac5f69640>,14,16,[3 6],15,41,57,26,31
1,<environment.Job instance at 0x7f6ac5f69370>,13,17,[5 5],14,61,78,47,61
1,<environment.Job instance at 0x7f6ac5f69e10>,22,12,[5 6],23,78,90,55,61
1,<environment.Job instance at 0x7f6ac6390f50>,0,19,[ 3 10],1,65,84,64,65
1,<environment.Job instance at 0x7f6ac6bcfaa0>,13,16,[ 5 10],14,123,139,109,123
1,<environment.Job instance at 0x7f6ac6874be0>,10,15,[6 2],11,42,57,31,42
1,<environment.Job instance at 0x7f6ac60f2550>,11,12,[9 4],12,57,69,45,42
1,<environment.Job instance at 0x7f6ac5f1abe0>,1,12,[8 4],2,69,81,67,54
1,<environment.Job instance at 0x7f6ac68aeeb0>,14,17,[10  4],15,81,98,66,79
1,<environment.Job instance at 0x7f6ac68ae6e0>,13,12,[10  5],14,98,110,84,81
1,<environment.Job instance at 0x7f6ac68e1140>,6,19,[8 2],7,8,27,1,8
1,<environment.Job instance at 0x7f6ac68e1870>,9,14,[7 1],10,27,41,17,22
1,<environment.Job instance at 0x7f6ac68e1410>,11,16,[5 5],12,41,57,29,30
1,<environment.Job instance at 0x7f6ac6d518c0>,2,12,[5 5],3,3,15,0,3
1,<environment.Job instance at 0x7f6a808d7960>,6,15,[5 2],7,7,22,0,7
1,<environment.Job instance at 0x7f6a808d7280>,7,18,[6 3],8,22,40,14,11
1,<environment.Job instance at 0x7f6ac6345960>,15,13,[ 3 10],16,59,72,43,59
1,<environment.Job instance at 0x7f6ac6345d20>,17,3,[7 3],18,72,75,54,59
1,<environment.Job instance at 0x7f6ac6345460>,19,18,[8 2],20,75,93,55,64
1,<environment.Job instance at 0x7f6ac61c97d0>,22,15,[3 7],23,93,108,70,79
1,<environment.Job instance at 0x7f6ac61c9500>,26,18,[10  1],27,179,197,152,179
1,<environment.Job instance at 0x7f6a803f03c0>,3,16,[10  1],4,4,20,0,4
1,<environment.Job instance at 0x7f6a807f45a0>,6,12,[3 9],7,20,32,13,9
1,<environment.Job instance at 0x7f6a807f4aa0>,10,18,[5 5],11,32,50,21,24
1,<environment.Job instance at 0x7f6a8088ec80>,14,14,[6 5],15,50,64,35,36
1,<environment.Job instance at 0x7f6a8018ba50>,17,13,[8 4],18,64,77,46,54
1,<environment.Job instance at 0x7f6ac6c45a00>,1,15,[6 1],2,3,18,1,3
1,<environment.Job instance at 0x7f6ac67b1690>,11,17,[10  4],12,21,38,9,21
1,<environment.Job instance at 0x7f6a809f32d0>,2,15,[ 3 10],3,38,53,35,25
1,<environment.Job instance at 0x7f6ac67b1eb0>,22,13,[5 5],23,72,85,49,72
1,<environment.Job instance at 0x7f6ac67b1c80>,18,12,[9 2],19,94,106,75,94
1,<environment.Job instance at 0x7f6ac5f70fa0>,1,19,[1 5],2,2,21,0,2
1,<environment.Job instance at 0x7f6a80ab4500>,2,12,[1 5],3,3,15,0,3
1,<environment.Job instance at 0x7f6ac601fa50>,14,13,[10  5],15,90,103,75,90
1,<environment.Job instance at 0x7f6ac601fc80>,15,15,[5 5],16,103,118,87,92
1,<environment.Job instance at 0x7f6ac5ea2140>,19,19,[5 2],20,114,133,94,114
1,<environment.Job instance at 0x7f6a80076640>,5,18,[10  2],6,6,24,0,6
1,<environment.Job instance at 0x7f6a80076370>,10,19,[7 3],11,24,43,13,24
1,<environment.Job instance at 0x7f6a80076960>,15,18,[3 8],16,52,70,36,52
1,<environment.Job instance at 0x7f6a80a6caf0>,2,15,[3 5],3,5,20,2,5
1,<environment.Job instance at 0x7f6ac6afd690>,11,18,[4 8],12,33,51,21,33
1,<environment.Job instance at 0x7f6ac6afd550>,12,14,[6 2],13,34,48,21,34
1,<environment.Job instance at 0x7f6ac6b09b90>,6,17,[5 5],7,71,88,64,71
1,<environment.Job instance at 0x7f6ac6ae6280>,17,13,[3 8],18,88,101,70,72
1,<environment.Job instance at 0x7f6ac6ae6460>,20,16,[4 8],21,118,134,97,118
1,<environment.Job instance at 0x7f6ac6c88960>,4,17,[ 5 10],5,61,78,56,61
1,<environment.Job instance at 0x7f6ac6046320>,11,17,[10  3],12,78,95,66,67
1,<environment.Job instance at 0x7f6a80762410>,17,14,[5 8],18,101,115,83,101
1,<environment.Job instance at 0x7f6a80076a00>,22,18,[ 5 10],23,155,173,132,155
1,<environment.Job instance at 0x7f6a80749be0>,24,12,[2 5],25,176,188,151,176
1,<environment.Job instance at 0x7f6ac6dc0e10>,3,16,[ 2 10],4,23,39,19,23
1,<environment.Job instance at 0x7f6ac62e0a00>,14,14,[2 7],15,39,53,24,24
1,<environment.Job instance at 0x7f6ac62e0190>,16,18,[5 8],17,53,71,36,46
1,<environment.Job instance at 0x7f6ac62e0dc0>,18,18,[2 8],19,71,89,52,60
1,<environment.Job instance at 0x7f6ac6e1cdc0>,20,17,[4 7],21,89,106,68,77
1,<environment.Job instance at 0x7f6ac6e1cc80>,25,16,[7 4],26,117,133,91,117
1,<environment.Job instance at 0x7f6ac6e1c190>,29,12,[9 2],30,133,145,103,117
1,<environment.Job instance at 0x7f6a8026bcd0>,9,14,[7 3],10,40,54,30,40
1,<environment.Job instance at 0x7f6a8026b0a0>,16,14,[ 2 10],17,114,128,97,114
1,<environment.Job instance at 0x7f6a8026b410>,21,15,[4 6],22,143,158,121,143
1,<environment.Job instance at 0x7fd223eaf140>,4,14,[1 6],5,50,64,45,50
1,<environment.Job instance at 0x7fd21ca9fa00>,13,18,[ 4 10],14,69,87,55,69
1,<environment.Job instance at 0x7fd21ca9fbe0>,16,16,[3 5],17,87,103,70,74
1,<environment.Job instance at 0x7fd21ca9fb90>,3,12,[1 7],4,6,18,2,6
1,<environment.Job instance at 0x7fd1d8ec5d70>,6,3,[ 5 10],7,18,21,11,7
1,<environment.Job instance at 0x7fd1d8d14870>,11,14,[2 7],12,21,35,9,12
1,<environment.Job instance at 0x7fd1d8e903c0>,17,15,[3 7],18,52,67,34,52
1,<environment.Job instance at 0x7fd1d8e901e0>,18,17,[5 2],19,53,70,34,53
1,<environment.Job instance at 0x7fd1d8e98fa0>,24,13,[9 4],25,89,102,64,89
1,<environment.Job instance at 0x7fd1d8ddc0a0>,0,18,[1 6],1,3,21,2,3
1,<environment.Job instance at 0x7fd223ed8140>,4,16,[10  4],5,21,37,16,9
1,<environment.Job instance at 0x7fd1d8d4fdc0>,12,15,[5 9],13,37,52,24,24
1,<environment.Job instance at 0x7fd224028550>,13,12,[7 2],14,52,64,38,35
1,<environment.Job instance at 0x7fd224028fa0>,9,18,[9 5],10,64,82,54,56
1,<environment.Job instance at 0x7fd2240277d0>,19,13,[ 1 10],20,82,95,62,66
1,<environment.Job instance at 0x7fd21cc29a00>,6,14,[6 2],7,8,22,1,8
1,<environment.Job instance at 0x7fd21f1f75f0>,2,13,[10  5],3,22,35,19,10
1,<environment.Job instance at 0x7fd21f7905f0>,11,18,[5 1],12,35,53,23,28
1,<environment.Job instance at 0x7fd21f12e7d0>,16,12,[ 4 10],17,60,72,43,60
1,<environment.Job instance at 0x7fd21cd9c640>,25,17,[2 9],26,150,167,124,150
1,<environment.Job instance at 0x7fd21cb93500>,29,19,[9 4],30,167,186,137,159
1,<environment.Job instance at 0x7fd21cb93f50>,32,13,[3 6],33,186,199,153,170
1,<environment.Job instance at 0x7fd21cb93370>,33,18,[ 3 10],34,199,217,165,189
1,<environment.Job instance at 0x7fd21cb55500>,2,18,[4 8],3,4,22,1,4
1,<environment.Job instance at 0x7fd1d9188fa0>,10,14,[9 5],11,32,46,21,32
1,<environment.Job instance at 0x7fd1d9390d70>,13,18,[9 4],14,51,69,37,51
1,<environment.Job instance at 0x7fd21f566eb0>,19,17,[5 7],20,89,106,69,89
1,<environment.Job instance at 0x7fd21f566780>,22,16,[ 4 10],23,153,169,130,153
1,<environment.Job instance at 0x7fd21ced81e0>,1,15,[6 5],2,3,18,1,3
1,<environment.Job instance at 0x7fd1d8fa0730>,4,18,[6 2],5,18,36,13,9
1,<environment.Job instance at 0x7fd21f43d7d0>,8,18,[9 2],9,36,54,27,30
1,<environment.Job instance at 0x7fd21cb3be60>,17,18,[1 5],18,61,79,43,61
1,<environment.Job instance at 0x7fd21cb3bb40>,19,12,[6 3],20,62,74,42,62
1,<environment.Job instance at 0x7fd21cb3b6e0>,22,12,[1 8],23,88,100,65,88
1,<environment.Job instance at 0x7fd21cd40870>,18,14,[8 4],19,127,141,108,127
1,<environment.Job instance at 0x7fd21f7cf280>,20,3,[1 6],21,128,131,107,128
1,<environment.Job instance at 0x7fd21cd40050>,19,17,[ 2 10],20,141,158,121,130
1,<environment.Job instance at 0x7fd21cb3b6e0>,3,18,[ 2 10],4,158,176,154,150
1,<environment.Job instance at 0x7fd1d90e8e10>,31,13,[5 8],32,176,189,144,160
1,<environment.Job instance at 0x7fd1d8d118c0>,0,17,[10  3],1,6,23,5,6
1,<environment.Job instance at 0x7fd21c8a2280>,12,15,[4 7],13,52,67,39,52
1,<environment.Job instance at 0x7fd21c8a23c0>,3,18,[2 5],4,4,22,0,4
1,<environment.Job instance at 0x7fd1d8e04eb0>,5,15,[2 5],6,7,22,1,7
1,<environment.Job instance at 0x7fd1d8d68280>,4,18,[ 2 10],5,30,48,25,30
1,<environment.Job instance at 0x7fd21f4d4af0>,1,14,[7 5],2,4,18,2,4
1,<environment.Job instance at 0x7fd1d9377c80>,7,13,[5 9],8,18,31,10,13
1,<environment.Job instance at 0x7fd21f6fc8c0>,10,14,[4 6],11,31,45,20,25
1,<environment.Job instance at 0x7fd21f01bd20>,3,15,[10  2],4,55,70,51,55
1,<environment.Job instance at 0x7fd21f1915a0>,0,18,[1 9],1,70,88,69,62
1,<environment.Job instance at 0x7fd1d937c320>,1,14,[1 9],2,3,17,1,3
1,<environment.Job instance at 0x7fd21f1804b0>,3,15,[9 4],4,17,32,13,4
1,<environment.Job instance at 0x7fd21cb10820>,8,17,[1 6],9,17,34,8,15
1,<environment.Job instance at 0x7fd21f07f190>,0,17,[5 7],1,34,51,33,26
1,<environment.Job instance at 0x7fd1d928db90>,16,17,[6 5],17,51,68,34,44
1,<environment.Job instance at 0x7fd1d9012dc0>,17,17,[8 2],18,116,133,98,116
1,<environment.Job instance at 0x7fd21f207a50>,27,18,[3 8],28,193,211,165,193
1,<environment.Job instance at 0x7fd21cdfeb90>,33,17,[7 2],34,199,216,165,199
1,<environment.Job instance at 0x7fd1d9011e60>,42,18,[1 6],43,287,305,244,287
1,<environment.Job instance at 0x7fd21cdf5370>,1,15,[10  2],2,2,17,0,2
1,<environment.Job instance at 0x7fd1d93eba00>,6,15,[3 8],7,21,36,14,21
1,<environment.Job instance at 0x7fd1d8b5f8c0>,1,12,[ 4 10],2,3,15,1,3
1,<environment.Job instance at 0x7fd21ca42b90>,4,18,[3 7],5,23,41,18,23
1,<environment.Job instance at 0x7fd223ed3af0>,8,13,[7 3],9,46,59,37,46
1,<environment.Job instance at 0x7fd223ed5460>,14,12,[6 3],15,70,82,55,70
1,<environment.Job instance at 0x7fd223ed3500>,12,18,[5 5],13,82,100,69,71
1,<environment.Job instance at 0x7fd1d931f960>,19,14,[5 5],20,82,96,62,78
1,<environment.Job instance at 0x7fd1d8dc3230>,23,18,[4 6],24,100,118,76,89
1,<environment.Job instance at 0x7fd1d8aae0f0>,27,17,[7 4],28,118,135,90,106
1,<environment.Job instance at 0x7fd21cc507d0>,28,16,[3 6],29,118,134,89,106
1,<environment.Job instance at 0x7fd1d8b0e320>,33,13,[5 3],34,135,148,101,119
1,<environment.Job instance at 0x7fd1d94399b0>,16,16,[ 1 10],17,149,165,132,149
1,<environment.Job instance at 0x7fd21f231d20>,3,15,[10  5],4,165,180,161,157
1,<environment.Job instance at 0x7fd1d8b70be0>,45,16,[10  1],46,192,208,146,192
1,<environment.Job instance at 0x7fd21f5b4870>,2,12,[3 5],3,3,15,0,3
1,<environment.Job instance at 0x7fd21cdf05f0>,4,18,[5 4],5,5,23,0,5
1,<environment.Job instance at 0x7fd1d8fe4c80>,9,13,[2 7],10,40,53,30,40
1,<environment.Job instance at 0x7fd1d8baa050>,11,13,[3 5],12,53,66,41,53
1,<environment.Job instance at 0x7fd21f56bc80>,16,18,[3 6],17,107,125,90,107
1,<environment.Job instance at 0x7fd21cee2870>,4,13,[5 8],5,6,19,1,6
1,<environment.Job instance at 0x7fd21f1a59b0>,10,17,[9 3],11,29,46,18,29
1,<environment.Job instance at 0x7fd21f1a5d20>,14,17,[8 3],15,46,63,31,44
1,<environment.Job instance at 0x7fd1d92495a0>,2,15,[4 7],3,8,23,5,8
1,<environment.Job instance at 0x7fd223b207d0>,1,17,[2 7],2,23,40,21,12
1,<environment.Job instance at 0x7fd21f3bfa50>,8,3,[9 1],9,40,43,31,16
1,<environment.Job instance at 0x7fd21cf9d230>,0,15,[10  1],1,43,58,42,41
1,<environment.Job instance at 0x7fd21ce0d460>,14,13,[5 6],15,84,97,69,84
1,<environment.Job instance at 0x7fd1d9249190>,6,18,[3 8],7,97,115,90,86
1,<environment.Job instance at 0x7fd1d92d5a00>,10,15,[5 6],11,24,39,13,24
1,<environment.Job instance at 0x7fd21cdf2be0>,5,13,[2 9],6,39,52,33,24
1,<environment.Job instance at 0x7fd1d92d5870>,8,17,[2 8],9,52,69,43,40
1,<environment.Job instance at 0x7fd1d92d5dc0>,16,16,[9 1],17,69,85,52,59
1,<environment.Job instance at 0x7fd1d8b59c80>,2,18,[4 9],3,85,103,82,78
1,<environment.Job instance at 0x7fd1d92b10a0>,24,14,[2 7],25,103,117,78,98
1,<environment.Job instance at 0x7fd1d92b1370>,28,18,[2 8],29,117,135,88,115
1,<environment.Job instance at 0x7fd1d92b1730>,29,12,[10  4],30,135,147,105,126
1,<environment.Job instance at 0x7fd1d92b1910>,32,18,[7 1],33,147,165,114,138
1,<environment.Job instance at 0x7fd21f3eb5f0>,6,1,[2 7],7,13,14,6,13
1,<environment.Job instance at 0x7fd21cd1b4b0>,14,14,[7 4],15,112,126,97,112
1,<environment.Job instance at 0x7fd21cd1be10>,16,14,[ 2 10],17,126,140,109,112
1,<environment.Job instance at 0x7fd21cd1bbe0>,19,13,[ 2 10],20,149,162,129,149
1,<environment.Job instance at 0x7fd21caa5d20>,20,12,[4 5],21,162,174,141,149
1,<environment.Job instance at 0x7fd21f02f7d0>,28,15,[3 9],29,260,275,231,260
1,<environment.Job instance at 0x7fd21f0c0640>,0,14,[2 8],1,7,21,6,7
1,<environment.Job instance at 0x7fd21f0c0d20>,2,16,[7 4],3,21,37,18,9
1,<environment.Job instance at 0x7fd21f5ce460>,12,18,[5 7],13,37,55,24,35
1,<environment.Job instance at 0x7fd21cdc8d20>,15,18,[1 5],16,71,89,55,71
1,<environment.Job instance at 0x7fd21cdc8690>,18,13,[8 5],19,81,94,62,81
1,<environment.Job instance at 0x7fd21cd1ba50>,19,15,[2 7],20,94,109,74,84
1,<environment.Job instance at 0x7fd1d8f5c500>,23,16,[5 1],24,122,138,98,122
1,<environment.Job instance at 0x7fd1d8fb31e0>,31,12,[7 2],32,219,231,187,219
1,<environment.Job instance at 0x7fbd9ad72640>,1,15,[4 5],2,2,17,0,2
1,<environment.Job instance at 0x7fbd9ad72550>,0,17,[6 2],1,5,22,4,5
1,<environment.Job instance at 0x7fbd9ad72460>,3,13,[3 8],4,26,39,22,26
1,<environment.Job instance at 0x7fbd95969c30>,9,17,[8 1],10,45,62,35,45
1,<environment.Job instance at 0x7fbd9ad72500>,2,18,[ 3 10],3,62,80,59,54
1,<environment.Job instance at 0x7fbd9596c690>,23,18,[7 4],24,109,127,85,109
1,<environment.Job instance at 0x7fbd9596c870>,25,16,[5 3],26,127,143,101,114
1,<environment.Job instance at 0x7fbd9596ce60>,30,15,[8 2],31,158,173,127,158
1,<environment.Job instance at 0x7fbd9596cd70>,31,13,[4 5],32,173,186,141,158
1,<environment.Job instance at 0x7fbd9596f280>,37,15,[2 5],38,162,177,124,162
1,<environment.Job instance at 0x7fbd9596cdc0>,33,16,[9 3],34,186,202,152,177
1,<environment.Job instance at 0x7fbd9acbe7d0>,10,17,[9 3],11,29,46,18,29
1,<environment.Job instance at 0x7fbd9acbe410>,0,12,[6 1],1,46,58,45,29
1,<environment.Job instance at 0x7fbd9aef2320>,17,13,[3 5],18,66,79,48,66
1,<environment.Job instance at 0x7fbd9aef2a50>,20,22,[5 6],21,79,101,58,72
1,<environment.Job instance at 0x7fbd9aef20f0>,24,14,[9 1],25,101,115,76,89
1,<environment.Job instance at 0x7fbd9aee9a00>,26,18,[ 2 10],27,115,133,88,104
1,<environment.Job instance at 0x7fbd9aef2370>,22,18,[5 5],23,133,151,110,127
1,<environment.Job instance at 0x7fbd9aeeb460>,31,17,[2 7],32,151,168,119,143
1,<environment.Job instance at 0x7fbd4fc85dc0>,4,14,[6 5],5,5,19,0,5
1,<environment.Job instance at 0x7fbd4fc85960>,5,18,[5 3],6,19,37,13,9
1,<environment.Job instance at 0x7fbd4fc852d0>,12,14,[3 7],13,22,36,9,22
1,<environment.Job instance at 0x7fbd4fc851e0>,13,12,[6 5],14,37,49,23,22
1,<environment.Job instance at 0x7fbd4fc85230>,17,12,[6 1],18,49,61,31,39
1,<environment.Job instance at 0x7fbd4fc85280>,18,14,[9 1],19,61,75,42,47
1,<environment.Job instance at 0x7fbd4fc85f50>,15,17,[4 8],16,75,92,59,63
1,<environment.Job instance at 0x7fbd4fd06460>,0,15,[6 2],1,6,21,5,6
1,<environment.Job instance at 0x7fbd4fd3b5a0>,9,14,[3 8],10,29,43,19,29
1,<environment.Job instance at 0x7fbd4fd3b640>,11,17,[3 8],12,43,60,31,31
1,<environment.Job instance at 0x7fbd4fd3bcd0>,12,16,[3 9],13,60,76,47,52
1,<environment.Job instance at 0x7fbd500535a0>,8,17,[10  2],9,45,62,36,45
1,<environment.Job instance at 0x7fbd95795d70>,4,18,[10  4],5,17,35,12,17
1,<environment.Job instance at 0x7fbd95795c80>,8,17,[1 7],9,35,52,26,24
1,<environment.Job instance at 0x7fbd4ff60730>,1,15,[4 8],2,23,38,21,23
1,<environment.Job instance at 0x7fbd9a75d3c0>,7,14,[8 5],8,48,62,40,48
1,<environment.Job instance at 0x7fbd9a7430a0>,13,13,[9 2],14,62,75,48,52
1,<environment.Job instance at 0x7fbd9a3a8f50>,19,14,[2 9],20,75,89,55,68
1,<environment.Job instance at 0x7fbd95d12050>,22,17,[4 8],23,89,106,66,77
1,<environment.Job instance at 0x7fbd95cb96e0>,1,17,[2 8],2,28,45,26,28
1,<environment.Job instance at 0x7fbd9ada0370>,1,17,[2 6],2,4,21,2,4
1,<environment.Job instance at 0x7fbd9ada0910>,6,14,[9 5],7,21,35,14,8
1,<environment.Job instance at 0x7fbd959af190>,10,13,[1 6],11,35,48,24,27
1,<environment.Job instance at 0x7fbd959af0f0>,14,18,[6 3],15,35,53,20,31
1,<environment.Job instance at 0x7fbd959afd70>,15,18,[9 2],16,53,71,37,42
1,<environment.Job instance at 0x7fbd959af8c0>,17,12,[3 9],18,71,83,53,54
1,<environment.Job instance at 0x7fbd959afbe0>,24,2,[2 8],25,685,687,660,685
1,<environment.Job instance at 0x7fbd95b7ceb0>,1,16,[1 8],2,2,18,0,2
1,<environment.Job instance at 0x7fbd4fc6a370>,9,19,[6 4],10,31,50,21,31
1,<environment.Job instance at 0x7fbd95c87a00>,4,12,[3 5],5,52,64,47,52
1,<environment.Job instance at 0x7fbd4ffa9c30>,14,12,[ 1 10],15,64,76,49,55
1,<environment.Job instance at 0x7fbd9592bc30>,16,14,[ 2 10],17,76,90,59,61
1,<environment.Job instance at 0x7fbd95bee9b0>,15,17,[9 1],16,90,107,74,78
1,<environment.Job instance at 0x7fbd95c87280>,8,18,[10  3],9,108,126,99,108
1,<environment.Job instance at 0x7fbd956e2370>,2,19,[2 7],3,5,24,2,5
1,<environment.Job instance at 0x7fbd50264d70>,5,15,[6 5],6,24,39,18,10
1,<environment.Job instance at 0x7fbd4fa39dc0>,14,12,[3 8],15,69,81,54,69
1,<environment.Job instance at 0x7fbd4fb0cc80>,13,18,[5 7],14,81,99,67,74
1,<environment.Job instance at 0x7fbd501f7910>,1,18,[5 8],2,99,117,97,90
1,<environment.Job instance at 0x7fbd95972690>,23,16,[8 4],24,137,153,113,137
1,<environment.Job instance at 0x7fbd95d9b730>,21,17,[10  4],22,220,237,198,220
1,<environment.Job instance at 0x7fbd5025de60>,3,14,[5 5],4,48,62,44,48
1,<environment.Job instance at 0x7fbd95d78fa0>,9,16,[2 6],10,62,78,52,50
1,<environment.Job instance at 0x7fbd95d78be0>,11,14,[6 4],12,75,89,63,75
1,<environment.Job instance at 0x7fbd5025d910>,4,14,[1 8],5,100,114,95,100
1,<environment.Job instance at 0x7fbd95d64640>,19,13,[ 3 10],20,114,127,94,100
1,<environment.Job instance at 0x7fbd95d78dc0>,6,17,[ 4 10],7,127,144,120,115
1,<environment.Job instance at 0x7fbd95d647d0>,1,17,[2 7],2,4,21,2,4
1,<environment.Job instance at 0x7fbd95b1c500>,8,15,[5 5],9,25,40,16,25
1,<environment.Job instance at 0x7fbd95d648c0>,2,14,[4 9],3,96,110,93,96
1,<environment.Job instance at 0x7fbd500b83c0>,17,17,[4 5],18,110,127,92,98
1,<environment.Job instance at 0x7fbd500b8820>,19,13,[3 9],20,127,140,107,111
1,<environment.Job instance at 0x7fbd4ffdfbe0>,0,14,[5 4],1,4,18,3,4
1,<environment.Job instance at 0x7fbd95d63d70>,1,15,[10  1],2,43,58,41,43
1,<environment.Job instance at 0x7fbd4fc276e0>,11,17,[4 7],12,60,77,48,60
1,<environment.Job instance at 0x7fbd9a62fb90>,19,14,[1 7],20,77,91,57,69
1,<environment.Job instance at 0x7fbd4ffdfa50>,4,17,[2 6],5,91,108,86,80
1,<environment.Job instance at 0x7fbd9a62f0a0>,15,15,[10  1],16,108,123,92,94
1,<environment.Job instance at 0x7fbd502f5550>,29,15,[10  4],30,123,138,93,109
1,<environment.Job instance at 0x7fbd502f5e60>,31,17,[3 9],32,138,155,106,127
1,<environment.Job instance at 0x7fbd502f5b40>,34,12,[5 6],35,155,167,120,138
1,<environment.Job instance at 0x7fbd502f5690>,36,12,[5 1],37,146,158,109,146
1,<environment.Job instance at 0x7fbd502f5f50>,2,18,[6 5],3,4,22,1,4
1,<environment.Job instance at 0x7fbd95cc1d70>,7,12,[1 7],8,26,38,18,26
1,<environment.Job instance at 0x7fbd95cc1e10>,8,15,[3 7],9,53,68,44,53
1,<environment.Job instance at 0x7fbd95cc1a00>,13,14,[4 5],14,68,82,54,53
1,<environment.Job instance at 0x7fbd95c9f3c0>,16,14,[1 7],17,82,96,65,67
1,<environment.Job instance at 0x7fbd95c9f5a0>,19,14,[5 7],20,96,110,76,81
1,<environment.Job instance at 0x7fbd95c9f640>,20,15,[6 2],21,81,96,60,81
1,<environment.Job instance at 0x7fbd4fd4e5f0>,6,12,[5 8],7,68,80,61,68
1,<environment.Job instance at 0x7fbd4fd4e280>,9,12,[10  1],10,80,92,70,70
1,<environment.Job instance at 0x7fbd4fd4efa0>,16,16,[3 8],17,92,108,75,89
1,<environment.Job instance at 0x7fbd4fd4ebe0>,12,18,[4 6],13,114,132,101,114
1,<environment.Job instance at 0x7fbd50001230>,24,16,[ 3 10],25,138,154,113,138
1,<environment.Job instance at 0x7fbd500019b0>,27,13,[5 5],28,154,167,126,146
1,<environment.Job instance at 0x7fbd50001b90>,30,12,[5 1],31,156,168,125,156
1,<environment.Job instance at 0x7fbd9a1b8c80>,0,1,[7 3],1,2,3,1,2
1,<environment.Job instance at 0x7fbd4fb1e780>,3,16,[9 4],4,5,21,1,5
1,<environment.Job instance at 0x7fbd4fd71500>,9,16,[5 5],10,24,40,14,24
1,<environment.Job instance at 0x7fbd4fd71cd0>,5,14,[ 2 10],6,40,54,34,29
1,<environment.Job instance at 0x7fbd9a718320>,12,13,[ 3 10],13,54,67,41,40
1,<environment.Job instance at 0x7fbd958dd690>,14,18,[9 5],15,67,85,52,56
1,<environment.Job instance at 0x7fbd4fd71aa0>,10,17,[ 3 10],11,85,102,74,74
1,<environment.Job instance at 0x7fbd95799690>,23,16,[8 3],24,102,118,78,91
1,<environment.Job instance at 0x7fbd4fa58550>,11,13,[3 9],12,118,131,106,106
1,<environment.Job instance at 0x7fbd4ff57230>,28,1,[10  1],29,131,132,102,119
1,<environment.Job instance at 0x7fbd4fc78cd0>,30,18,[5 5],31,132,150,101,123
1,<environment.Job instance at 0x7fbd959b0fa0>,37,18,[4 7],38,193,211,155,193
1,<environment.Job instance at 0x7fbd9a3bd910>,40,12,[7 1],41,211,223,170,197
1,<environment.Job instance at 0x7fbd4ff89820>,41,18,[8 3],42,223,241,181,212
1,<environment.Job instance at 0x7fbd9a3bde60>,1,1,[ 5 10],2,2,3,0,2
1,<environment.Job instance at 0x7fbd4fcf95f0>,9,16,[6 5],10,17,33,7,17
1,<environment.Job instance at 0x7fbd4fb258c0>,10,12,[2 8],11,33,45,22,18
1,<environment.Job instance at 0x7fbd4fed7690>,8,18,[2 7],9,48,66,39,48
1,<environment.Job instance at 0x7fbd4fd01230>,14,14,[1 7],15,66,80,51,51
1,<environment.Job instance at 0x7fbd9591bfa0>,18,14,[3 9],19,80,94,61,68
1,<environment.Job instance at 0x7fbd9586a2d0>,15,13,[7 4],16,99,112,83,99
1,<environment.Job instance at 0x7fbd9586ab40>,22,12,[3 9],23,162,174,139,162
1,<environment.Job instance at 0x7fbd9586a8c0>,26,15,[2 8],27,181,196,154,181
1,<environment.Job instance at 0x7fbd9a42d190>,31,16,[10  5],32,206,222,174,206
1,<environment.Job instance at 0x7fbd9a42d9b0>,33,16,[1 7],34,222,238,188,212
1,<environment.Job instance at 0x7fbd9a42d6e0>,36,15,[4 7],37,238,253,201,230
1,<environment.Job instance at 0x7fbd9a42d3c0>,39,16,[9 4],40,253,269,213,241
1,<environment.Job instance at 0x7fbd9a5abaf0>,7,2,[5 7],8,9,11,1,9
1,<environment.Job instance at 0x7fbd9a5abc80>,8,14,[ 4 10],9,11,25,2,10
1,<environment.Job instance at 0x7fbd9a5ab8c0>,4,18,[2 7],5,25,43,20,22
1,<environment.Job instance at 0x7fbd9a5ab820>,6,18,[3 8],7,43,61,36,33
1,<environment.Job instance at 0x7fbd9a71f820>,14,17,[ 1 10],15,82,99,67,82
1,<environment.Job instance at 0x7fbd957e77d0>,22,16,[1 7],23,99,115,76,91
1,<environment.Job instance at 0x7fbd9a8d9640>,20,21,[9 1],21,99,120,78,91
1,<environment.Job instance at 0x7fbd4fec0d70>,24,18,[1 6],25,115,133,90,111
1,<environment.Job instance at 0x7f4f89925640>,1,15,[4 5],2,2,17,0,2
1,<environment.Job instance at 0x7f4f89925550>,0,17,[6 2],1,5,22,4,5
1,<environment.Job instance at 0x7f4f89925460>,3,13,[3 8],4,24,37,20,24
1,<environment.Job instance at 0x7f4f82517af0>,5,18,[7 5],6,37,55,31,26
1,<environment.Job instance at 0x7f4f8251a230>,16,19,[ 3 10],17,55,74,38,50
1,<environment.Job instance at 0x7f4f8251a370>,18,18,[3 6],19,74,92,55,65
1,<environment.Job instance at 0x7f4f89925500>,2,18,[ 3 10],3,92,110,89,88
1,<environment.Job instance at 0x7f4f8251aaa0>,25,16,[5 3],26,110,126,84,97
1,<environment.Job instance at 0x7f4f8251aa00>,28,2,[5 8],29,126,128,97,113
1,<environment.Job instance at 0x7f4f8251ad20>,29,24,[5 1],30,113,137,83,113
1,<environment.Job instance at 0x7f4f8251ae60>,31,13,[4 5],32,128,141,96,118
1,<environment.Job instance at 0x7f4f8251ac80>,33,16,[9 3],34,141,157,107,128
1,<environment.Job instance at 0x7f4f89aa1910>,1,14,[ 2 10],2,4,18,2,4
1,<environment.Job instance at 0x7f4f89a95f00>,14,14,[9 1],15,47,61,32,47
1,<environment.Job instance at 0x7f4f89a95370>,17,19,[8 1],18,61,80,43,51
1,<environment.Job instance at 0x7f4f89a95aa0>,18,13,[1 5],19,51,64,32,51
1,<environment.Job instance at 0x7f4f8251d8c0>,3,17,[9 2],4,80,97,76,70
1,<environment.Job instance at 0x7f4f89a95910>,16,18,[ 2 10],17,97,115,80,86
1,<environment.Job instance at 0x7f4f89950320>,28,3,[9 5],29,115,118,86,92
1,<environment.Job instance at 0x7f4f89950910>,2,16,[1 8],3,5,21,2,5
1,<environment.Job instance at 0x7f4f3e802280>,8,19,[4 7],9,21,40,12,16
1,<environment.Job instance at 0x7f4f3e7f2050>,11,15,[8 1],12,40,55,28,32
1,<environment.Job instance at 0x7f4f3e8250a0>,22,14,[5 1],23,91,105,68,91
1,<environment.Job instance at 0x7f4f3e825140>,23,18,[1 7],24,91,109,67,91
1,<environment.Job instance at 0x7f4f3e825370>,29,15,[6 2],30,1470,1485,1440,1470
1,<environment.Job instance at 0x7f4f3e825e10>,30,15,[6 2],31,1485,1500,1454,1471
1,<environment.Job instance at 0x7f4f3e825730>,34,13,[2 6],35,1494,1507,1459,1494
1,<environment.Job instance at 0x7f4f3e8e2d20>,0,16,[7 4],1,4,20,3,4
1,<environment.Job instance at 0x7f4f3ebc6d70>,12,15,[3 9],13,47,62,34,47
1,<environment.Job instance at 0x7f4f3ebc65f0>,13,2,[ 1 10],14,62,64,48,47
1,<environment.Job instance at 0x7f4f3ebc6550>,16,14,[8 4],17,64,78,47,55
1,<environment.Job instance at 0x7f4f3e8e2640>,2,14,[4 7],3,78,92,75,70
1,<environment.Job instance at 0x7f4f3e819910>,23,16,[10  3],24,125,141,101,125
1,<environment.Job instance at 0x7f4f3e819c30>,2,16,[7 4],3,46,62,43,46
1,<environment.Job instance at 0x7f4f3ec02f50>,10,17,[2 6],11,71,88,60,71
1,<environment.Job instance at 0x7f4f3e8eb2d0>,3,16,[9 4],4,88,104,84,77
1,<environment.Job instance at 0x7f4f3ec02f00>,6,18,[3 9],7,104,122,97,94
1,<environment.Job instance at 0x7f4f3ec1d1e0>,17,3,[8 3],18,122,125,104,105
1,<environment.Job instance at 0x7f4f3ec1d280>,18,17,[1 7],19,122,139,103,110
1,<environment.Job instance at 0x7f4f3ec1d3c0>,20,12,[6 2],21,125,137,104,124
1,<environment.Job instance at 0x7f4f851b3820>,7,14,[8 5],8,8,22,0,8
1,<environment.Job instance at 0x7f4f8981c5f0>,13,13,[9 2],14,48,61,34,48
1,<environment.Job instance at 0x7f4f8981c640>,15,13,[7 1],16,61,74,45,48
1,<environment.Job instance at 0x7f4f8981c6e0>,18,15,[2 8],19,61,76,42,60
1,<environment.Job instance at 0x7f4f8981c230>,19,14,[2 9],20,76,90,56,61
1,<environment.Job instance at 0x7f4f8981cd70>,20,14,[7 1],21,74,88,53,62
1,<environment.Job instance at 0x7f4f82753fa0>,23,14,[ 3 10],24,90,104,66,75
1,<environment.Job instance at 0x7f4f84d0d280>,9,15,[6 2],10,12,27,2,12
1,<environment.Job instance at 0x7f4f3e9d3500>,7,15,[1 9],8,27,42,19,16
1,<environment.Job instance at 0x7f4f3ec8fd20>,24,3,[10  4],25,113,116,88,113
1,<environment.Job instance at 0x7f4f82398af0>,29,21,[6 1],30,146,167,116,146
1,<environment.Job instance at 0x7f4f3ec464b0>,30,13,[4 9],31,146,159,115,146
1,<environment.Job instance at 0x7f4f3ebc8a00>,31,12,[8 2],32,167,179,135,151
1,<environment.Job instance at 0x7f4f3e7dcf00>,0,16,[2 7],1,4,20,3,4
1,<environment.Job instance at 0x7f4f3e949190>,2,12,[ 4 10],3,3,15,0,3
1,<environment.Job instance at 0x7f4f84ac6230>,6,1,[8 1],7,15,16,8,9
1,<environment.Job instance at 0x7f4f84ac6960>,7,16,[4 5],8,16,32,8,15
1,<environment.Job instance at 0x7f4f84ac6370>,11,22,[6 4],12,45,67,33,45
1,<environment.Job instance at 0x7f4f84ac6640>,14,17,[2 5],15,45,62,30,45
1,<environment.Job instance at 0x7f4f823750f0>,15,14,[8 2],16,67,81,51,52
1,<environment.Job instance at 0x7f4f82375690>,16,2,[4 9],17,81,83,64,54
1,<environment.Job instance at 0x7f4f84d2b320>,18,18,[8 2],19,99,117,80,99
1,<environment.Job instance at 0x7f4f84ac6f00>,9,1,[1 5],10,100,101,90,100
1,<environment.Job instance at 0x7f4f89925460>,28,17,[7 3],29,124,141,95,124
1,<environment.Job instance at 0x7f4f84fca730>,25,15,[6 5],26,141,156,115,127
1,<environment.Job instance at 0x7f4f82a092d0>,26,16,[2 5],27,150,166,123,150
1,<environment.Job instance at 0x7f4f84c07500>,21,18,[5 8],22,169,187,147,169
1,<environment.Job instance at 0x7f4f84abe2d0>,33,18,[5 7],34,190,208,156,190
1,<environment.Job instance at 0x7f4f3ea34280>,36,13,[1 9],37,208,221,171,192
1,<environment.Job instance at 0x7f4f3edd9f00>,43,16,[8 4],44,221,237,177,212
1,<environment.Job instance at 0x7f4f82932c80>,41,17,[10  4],42,237,254,195,225
1,<environment.Job instance at 0x7f4f8290fa00>,1,15,[4 9],2,3,18,1,3
1,<environment.Job instance at 0x7f4f3e964960>,6,12,[7 4],7,18,30,11,7
1,<environment.Job instance at 0x7f4f8290fb40>,9,15,[2 6],10,18,33,8,10
1,<environment.Job instance at 0x7f4f3ed18be0>,13,14,[5 5],14,36,50,22,36
1,<environment.Job instance at 0x7f4f822f9e10>,1,17,[2 7],2,4,21,2,4
1,<environment.Job instance at 0x7f4f822f96e0>,2,14,[4 9],3,105,119,102,105
1,<environment.Job instance at 0x7f4f823d1f00>,15,16,[5 5],16,119,135,103,106
1,<environment.Job instance at 0x7f4f823cf140>,19,13,[3 9],20,135,148,115,121
1,<environment.Job instance at 0x7f4f823cf2d0>,1,17,[4 7],2,3,20,1,3
1,<environment.Job instance at 0x7f4f82a32c30>,6,13,[7 5],7,20,33,13,18
1,<environment.Job instance at 0x7f4f82a32050>,4,16,[10  5],5,33,49,28,20
1,<environment.Job instance at 0x7f4f3ec5eaf0>,17,16,[9 4],18,49,65,31,42
1,<environment.Job instance at 0x7f4f3ec4deb0>,18,18,[1 9],19,65,83,46,54
1,<environment.Job instance at 0x7f4f3ec4d280>,19,15,[10  4],20,83,98,63,69
1,<environment.Job instance at 0x7f4f3e5abe60>,21,17,[3 9],22,98,115,76,86
1,<environment.Job instance at 0x7f4f8234a320>,1,2,[10  4],2,3,5,1,3
1,<environment.Job instance at 0x7f4f8234a550>,0,15,[6 2],1,6,21,5,6
1,<environment.Job instance at 0x7f4f824f0280>,10,12,[6 4],11,21,33,10,12
1,<environment.Job instance at 0x7f4f824f07d0>,18,15,[5 5],19,79,94,60,79
1,<environment.Job instance at 0x7f4f824f06e0>,19,12,[9 1],20,94,106,74,79
1,<environment.Job instance at 0x7f4f824f0b40>,6,15,[10  3],7,141,156,134,141
1,<environment.Job instance at 0x7f4f3e9ec410>,0,12,[5 1],1,2,14,1,2
1,<environment.Job instance at 0x7f4f3e9ecd70>,2,3,[2 6],3,3,6,0,3
1,<environment.Job instance at 0x7f4f82444a00>,3,19,[2 8],4,7,26,3,7
1,<environment.Job instance at 0x7f4f826bc410>,7,12,[ 5 10],8,26,38,18,9
1,<environment.Job instance at 0x7f4f3e533230>,13,14,[7 5],14,38,52,24,23
1,<environment.Job instance at 0x7f4f826bb320>,17,12,[6 4],18,52,64,34,48
1,<environment.Job instance at 0x7f4f826bb780>,19,14,[ 3 10],20,64,78,44,51
1,<environment.Job instance at 0x7f4f826bb0a0>,15,17,[8 1],16,78,95,62,73
1,<environment.Job instance at 0x7f4f826baa50>,25,14,[ 2 10],26,95,109,69,81
1,<environment.Job instance at 0x7f4f824b7410>,30,17,[ 3 10],31,118,135,87,118
1,<environment.Job instance at 0x7f4f82482460>,33,18,[1 5],34,135,153,101,124
1,<environment.Job instance at 0x7f4f824a56e0>,34,18,[9 5],35,135,153,100,127
1,<environment.Job instance at 0x7f4f824b72d0>,31,13,[3 9],32,156,169,124,156
1,<environment.Job instance at 0x7f4f82754690>,41,13,[5 5],42,169,182,127,156
1,<environment.Job instance at 0x7f4f3e80da50>,44,16,[5 4],45,169,185,124,169
1,<environment.Job instance at 0x7f4f85040500>,1,18,[8 3],2,7,25,5,7
1,<environment.Job instance at 0x7f4f3eae4910>,5,17,[7 4],6,25,42,19,14
1,<environment.Job instance at 0x7f4f82443a00>,15,13,[7 4],16,99,112,83,99
1,<environment.Job instance at 0x7f4f82443f50>,23,20,[5 7],24,162,182,138,162
1,<environment.Job instance at 0x7f4f824435a0>,24,16,[4 8],25,187,203,162,187
1,<environment.Job instance at 0x7f4f3ea813c0>,31,16,[10  5],32,203,219,171,191
1,<environment.Job instance at 0x7f4f3ea81aa0>,35,18,[2 7],36,219,237,183,208
1,<environment.Job instance at 0x7f4f3ea81050>,38,16,[5 1],39,219,235,180,217
1,<environment.Job instance at 0x7f4f3ea81910>,39,16,[9 4],40,237,253,197,227
1,<environment.Job instance at 0x7f4f84a732d0>,16,14,[5 5],17,91,105,74,91
1,<environment.Job instance at 0x7f4f84a73140>,14,18,[1 6],15,105,123,90,96
1,<environment.Job instance at 0x7f4f82736b90>,0,15,[8 1],1,46,61,45,46
1,<environment.Job instance at 0x7f4f8518b730>,11,3,[9 4],12,61,64,49,46
1,<environment.Job instance at 0x7f4f8518b230>,12,2,[7 5],13,64,66,51,46
1,<environment.Job instance at 0x7f4f82736230>,7,18,[5 9],8,66,84,58,56
1,<environment.Job instance at 0x7f4f3e5f2320>,18,17,[1 9],19,103,120,84,103
1,<environment.Job instance at 0x7f4f826c4f00>,25,17,[2 5],26,141,158,115,141
1,<environment.Job instance at 0x7f4f3ec02690>,1,15,[3 5],2,4,19,2,4
1,<environment.Job instance at 0x7f4f3edf15a0>,0,17,[7 2],1,6,23,5,6
1,<environment.Job instance at 0x7f4f3e5e0c30>,6,12,[7 4],7,23,35,16,22
1,<environment.Job instance at 0x7f4f3e5e02d0>,19,3,[7 5],20,76,79,56,76
1,<environment.Job instance at 0x7f4f3e5e04b0>,20,14,[4 9],21,79,93,58,77
1,<environment.Job instance at 0x7f4f3edfb190>,26,15,[5 5],27,103,118,76,103
1,<environment.Job instance at 0x7f4f3edfba50>,27,18,[8 5],28,118,136,90,107
1,<environment.Job instance at 0x7f4f3edfb6e0>,30,15,[10  2],31,136,151,105,125
1,<environment.Job instance at 0x7f4f3e480230>,4,12,[8 4],5,5,17,0,5
1,<environment.Job instance at 0x7f4f3e6bdaf0>,0,18,[2 9],1,17,35,16,8
1,<environment.Job instance at 0x7f4f85099190>,11,12,[6 2],12,35,47,23,18
1,<environment.Job instance at 0x7f4f3e480e60>,5,16,[1 8],6,35,51,29,35
1,<environment.Job instance at 0x7f4f85099cd0>,18,13,[4 6],19,52,65,33,52
1,<environment.Job instance at 0x7f4f85099960>,20,12,[1 7],21,78,90,57,78
1,<environment.Job instance at 0x7f4f85099aa0>,21,15,[2 6],22,90,105,68,78
1,<environment.Job instance at 0x7f4f85099a50>,13,17,[5 3],14,78,95,64,78
1,<environment.Job instance at 0x7f4f850992d0>,22,13,[10  1],23,105,118,82,91
1,<environment.Job instance at 0x7f17ef2cb370>,1,15,[4 5],2,3,18,1,3
1,<environment.Job instance at 0x7f17e9ebc370>,5,18,[7 5],6,18,36,12,8
1,<environment.Job instance at 0x7f17ef353e10>,3,13,[3 8],4,36,49,32,31
1,<environment.Job instance at 0x7f17e9ebc8c0>,13,15,[4 5],14,49,64,35,49
1,<environment.Job instance at 0x7f17e9ebcaa0>,16,19,[ 3 10],17,64,83,47,58
1,<environment.Job instance at 0x7f17e9ebd370>,25,16,[5 3],26,109,125,83,109
1,<environment.Job instance at 0x7f17e9ebd870>,31,13,[4 5],32,161,174,129,161
1,<environment.Job instance at 0x7f17e9ebd550>,33,16,[9 3],34,174,190,140,161
1,<environment.Job instance at 0x7f17e9ebdaa0>,37,15,[2 5],38,190,205,152,177
1,<environment.Job instance at 0x7f17e9ebdc80>,40,17,[ 3 10],41,205,222,164,193
1,<environment.Job instance at 0x7f17ef2cb140>,2,18,[ 3 10],3,230,248,227,230
1,<environment.Job instance at 0x7f17e9ec2140>,2,18,[5 5],3,3,21,0,3
1,<environment.Job instance at 0x7f17ef2f40f0>,4,14,[9 1],5,21,35,16,7
1,<environment.Job instance at 0x7f17ef2f48c0>,8,13,[1 5],9,9,22,0,9
1,<environment.Job instance at 0x7f17ef4381e0>,9,15,[4 7],10,40,55,30,40
1,<environment.Job instance at 0x7f17ef438910>,17,17,[7 4],18,55,72,37,44
1,<environment.Job instance at 0x7f17ef43e0a0>,20,15,[5 5],21,72,87,51,62
1,<environment.Job instance at 0x7f17a41813c0>,2,14,[5 1],3,3,17,0,3
1,<environment.Job instance at 0x7f17ef43dd20>,3,18,[1 7],4,4,22,0,4
1,<environment.Job instance at 0x7f17a4181690>,7,2,[7 2],8,17,19,9,11
1,<environment.Job instance at 0x7f17a41ae7d0>,16,16,[6 2],17,36,52,19,36
1,<environment.Job instance at 0x7f17a41a64b0>,21,17,[3 8],22,69,86,47,69
1,<environment.Job instance at 0x7f17a41a66e0>,22,16,[3 9],23,86,102,63,78
1,<environment.Job instance at 0x7f17a466deb0>,0,13,[5 1],1,5,18,4,5
1,<environment.Job instance at 0x7f17a466d5a0>,4,2,[10  1],5,9,11,4,9
1,<environment.Job instance at 0x7f17a45a93c0>,10,13,[9 1],11,16,29,5,16
1,<environment.Job instance at 0x7f17a45a98c0>,15,18,[5 3],16,80,98,64,80
1,<environment.Job instance at 0x7f17a45ab050>,27,14,[8 5],28,112,126,84,112
1,<environment.Job instance at 0x7f17eeb83730>,0,16,[2 7],1,3,19,2,3
1,<environment.Job instance at 0x7f17eee305f0>,12,12,[10  3],13,2864,2876,2851,2864
1,<environment.Job instance at 0x7f17eee302d0>,14,15,[6 4],15,2876,2891,2861,2864
1,<environment.Job instance at 0x7f17a4350c30>,16,2,[5 3],17,2891,2893,2874,2876
1,<environment.Job instance at 0x7f17eee30dc0>,17,15,[5 7],18,2891,2906,2873,2877
1,<environment.Job instance at 0x7f17a47c5820>,5,14,[8 2],6,23,37,17,23
1,<environment.Job instance at 0x7f17a45adeb0>,4,17,[2 5],5,51,68,46,51
1,<environment.Job instance at 0x7f17a47c5b40>,12,19,[2 7],13,74,93,61,74
1,<environment.Job instance at 0x7f17a47c58c0>,8,18,[8 2],9,83,101,74,83
1,<environment.Job instance at 0x7f17a47c5d20>,15,15,[6 5],16,101,116,85,87
1,<environment.Job instance at 0x7f17a47c5fa0>,18,17,[7 3],19,118,135,99,118
1,<environment.Job instance at 0x7f17a47f3320>,24,12,[3 8],25,139,151,114,139
1,<environment.Job instance at 0x7f17a46aea50>,1,14,[6 4],2,2,16,0,2
1,<environment.Job instance at 0x7f17a460ed20>,9,13,[ 3 10],10,27,40,17,27
1,<environment.Job instance at 0x7f17a460e8c0>,12,14,[9 5],13,40,54,27,31
1,<environment.Job instance at 0x7f17e9fe5d70>,1,13,[6 1],2,2,15,0,2
1,<environment.Job instance at 0x7f17a45530a0>,5,13,[ 5 10],6,15,28,9,6
1,<environment.Job instance at 0x7f17ea171cd0>,8,15,[ 5 10],9,28,43,19,20
1,<environment.Job instance at 0x7f17a45f62d0>,7,15,[3 7],8,43,58,35,29
1,<environment.Job instance at 0x7f17e9dd7eb0>,20,14,[5 4],21,58,72,37,43
1,<environment.Job instance at 0x7f17e9d35960>,24,17,[2 6],25,58,75,33,54
1,<environment.Job instance at 0x7f17a420f460>,10,12,[1 8],11,53,65,42,53
1,<environment.Job instance at 0x7f17a420f500>,11,16,[5 1],12,53,69,41,53
1,<environment.Job instance at 0x7f17a420f6e0>,14,18,[2 5],15,65,83,50,54
1,<environment.Job instance at 0x7f17a420f8c0>,17,15,[ 1 10],18,83,98,65,70
1,<environment.Job instance at 0x7f17a420fc80>,4,16,[ 3 10],5,6,22,1,6
1,<environment.Job instance at 0x7f17e9d90230>,6,3,[4 8],7,22,25,15,7
1,<environment.Job instance at 0x7f17e9d90c80>,7,13,[5 5],8,25,38,17,14
1,<environment.Job instance at 0x7f17e9d90320>,5,16,[5 7],6,38,54,32,25
1,<environment.Job instance at 0x7f17a4272e10>,19,14,[5 1],20,52,66,32,52
1,<environment.Job instance at 0x7f17a4272190>,20,15,[7 3],21,66,81,45,52
1,<environment.Job instance at 0x7f17ee8ca5a0>,25,17,[8 1],26,92,109,66,92
1,<environment.Job instance at 0x7f17ee8cad70>,28,12,[7 4],29,109,121,80,92
1,<environment.Job instance at 0x7f17ee8ca820>,30,1,[7 3],31,121,122,90,105
1,<environment.Job instance at 0x7f17ee8ca050>,33,16,[9 4],34,122,138,88,117
1,<environment.Job instance at 0x7f17ee8ca9b0>,35,14,[ 2 10],36,138,152,102,136
1,<environment.Job instance at 0x7f17a43730f0>,38,18,[5 5],39,162,180,123,162
1,<environment.Job instance at 0x7f17a43735f0>,39,16,[5 5],40,164,180,124,164
1,<environment.Job instance at 0x7f17a4373280>,41,13,[3 9],42,180,193,138,166
1,<environment.Job instance at 0x7f17a4373cd0>,42,13,[ 3 10],43,193,206,150,180
1,<environment.Job instance at 0x7f17a4373370>,46,14,[1 9],47,206,220,159,193
1,<environment.Job instance at 0x7f17ee860910>,0,12,[7 1],1,4,16,3,4
1,<environment.Job instance at 0x7f17ee8605a0>,5,17,[7 4],6,16,33,10,7
1,<environment.Job instance at 0x7f17eeaf74b0>,1,14,[10  2],2,3,17,1,3
1,<environment.Job instance at 0x7f17e9ceb9b0>,14,16,[4 8],15,41,57,26,41
1,<environment.Job instance at 0x7f17e9ceb190>,15,18,[6 1],16,41,59,25,41
1,<environment.Job instance at 0x7f17e9cebe10>,18,12,[6 1],19,72,84,53,72
1,<environment.Job instance at 0x7f17e9d0b6e0>,6,14,[10  2],7,84,98,77,77
1,<environment.Job instance at 0x7f17e9d19050>,24,14,[2 7],25,98,112,73,87
1,<environment.Job instance at 0x7f17e9d0b8c0>,5,13,[7 4],6,122,135,116,122
1,<environment.Job instance at 0x7f17e9d17410>,29,16,[9 4],30,135,151,105,128
1,<environment.Job instance at 0x7f17e9ceb460>,23,16,[1 7],24,183,199,159,183
1,<environment.Job instance at 0x7f17ea31b820>,36,13,[1 8],37,199,212,162,183
1,<environment.Job instance at 0x7f17e9d19c80>,25,18,[2 7],26,227,245,201,227
1,<environment.Job instance at 0x7f17a46a6f50>,42,12,[7 3],43,227,239,184,227
1,<environment.Job instance at 0x7f17ea1021e0>,46,18,[3 8],47,245,263,198,243
1,<environment.Job instance at 0x7f17ea102820>,47,2,[5 7],48,263,265,215,243
1,<environment.Job instance at 0x7f17ea2ef780>,49,15,[4 8],50,265,280,215,253
1,<environment.Job instance at 0x7f17ea3362d0>,1,15,[2 5],2,3,18,1,3
1,<environment.Job instance at 0x7f17a442f050>,3,18,[7 3],4,4,22,0,4
1,<environment.Job instance at 0x7f17e9cde370>,5,12,[3 6],6,18,30,12,7
1,<environment.Job instance at 0x7f17ee8eb0a0>,7,17,[2 6],8,64,81,56,64
1,<environment.Job instance at 0x7f17a422e7d0>,23,18,[5 8],24,110,128,86,110
1,<environment.Job instance at 0x7f17a422e230>,24,17,[2 6],25,138,155,113,138
1,<environment.Job instance at 0x7f17a471ec80>,33,15,[5 8],34,155,170,121,144
1,<environment.Job instance at 0x7f17eea04aa0>,1,12,[6 3],2,3,15,1,3
1,<environment.Job instance at 0x7f17e9d03230>,7,15,[8 4],8,15,30,7,8
1,<environment.Job instance at 0x7f17e9d03500>,11,18,[6 4],12,30,48,18,23
1,<environment.Job instance at 0x7f17ea3ad460>,6,15,[5 5],7,23,38,16,23
1,<environment.Job instance at 0x7f17e9d03e60>,2,14,[1 7],3,38,52,35,27
1,<environment.Job instance at 0x7f17ee876320>,16,16,[4 6],17,52,68,35,39
1,<environment.Job instance at 0x7f17ea34dc80>,4,14,[4 8],5,90,104,85,90
1,<environment.Job instance at 0x7f17a4234e10>,21,13,[8 4],22,144,157,122,144
1,<environment.Job instance at 0x7f17a472bc80>,0,19,[3 8],1,29,48,28,29
1,<environment.Job instance at 0x7f17a3e82190>,5,16,[5 9],6,48,64,42,37
1,<environment.Job instance at 0x7f17a3e82410>,11,14,[9 5],12,64,78,52,50
1,<environment.Job instance at 0x7f17a3f17f50>,13,18,[8 5],14,78,96,64,67
1,<environment.Job instance at 0x7f17a3f17c80>,14,17,[8 4],15,96,113,81,85
1,<environment.Job instance at 0x7f17a3f176e0>,27,16,[5 4],28,184,200,156,184
1,<environment.Job instance at 0x7f17e9da8730>,1,15,[1 5],2,6,21,4,6
1,<environment.Job instance at 0x7f17e9dfac30>,0,16,[6 1],1,8,24,7,8
1,<environment.Job instance at 0x7f17a46908c0>,6,17,[8 2],7,24,41,17,14
1,<environment.Job instance at 0x7f17ee6a4690>,3,18,[9 4],4,41,59,37,31
1,<environment.Job instance at 0x7f17a46ba640>,14,16,[ 5 10],15,59,75,44,49
1,<environment.Job instance at 0x7f32b6880410>,5,18,[7 5],6,44,62,38,44
1,<environment.Job instance at 0x7f32bbc90230>,3,13,[3 8],4,62,75,58,47
1,<environment.Job instance at 0x7f32b6880780>,10,14,[1 6],11,84,98,73,84
1,<environment.Job instance at 0x7f32b6880c80>,18,18,[3 6],19,147,165,128,147
1,<environment.Job instance at 0x7f32b68814b0>,32,14,[8 3],33,196,210,163,196
1,<environment.Job instance at 0x7f32b6881550>,33,16,[9 3],34,210,226,176,202
1,<environment.Job instance at 0x7f32b6881870>,38,16,[1 5],39,214,230,175,214
1,<environment.Job instance at 0x7f32b6880cd0>,23,18,[7 4],24,226,244,202,219
1,<environment.Job instance at 0x7f32b6881cd0>,2,2,[10  3],3,3,5,0,3
1,<environment.Job instance at 0x7f32b6888d20>,1,17,[2 7],2,8,25,6,8
1,<environment.Job instance at 0x7f32bbdf6d20>,10,15,[5 5],11,25,40,14,11
1,<environment.Job instance at 0x7f3270bb5af0>,1,17,[3 8],2,7,24,5,7
1,<environment.Job instance at 0x7f3270c5c5a0>,8,13,[1 9],9,24,37,15,9
1,<environment.Job instance at 0x7f3270c1d870>,3,16,[9 4],4,75,91,71,75
1,<environment.Job instance at 0x7f32711b0eb0>,14,18,[10  4],15,91,109,76,86
1,<environment.Job instance at 0x7f32711b0aa0>,16,12,[ 3 10],17,109,121,92,94
1,<environment.Job instance at 0x7f32711b0870>,19,15,[5 7],20,121,136,101,111
1,<environment.Job instance at 0x7f32b68c1a50>,0,14,[7 1],1,6,20,5,6
1,<environment.Job instance at 0x7f3270f61e10>,2,17,[4 8],3,20,37,17,8
1,<environment.Job instance at 0x7f3270f85eb0>,14,16,[2 8],15,58,74,43,58
1,<environment.Job instance at 0x7f3270f85fa0>,16,13,[2 5],17,74,87,57,58
1,<environment.Job instance at 0x7f32b6f4b3c0>,1,17,[2 6],2,2,19,0,2
1,<environment.Job instance at 0x7f32bbcb3c80>,10,13,[1 6],11,29,42,18,29
1,<environment.Job instance at 0x7f32bbcb3370>,11,15,[5 1],12,29,44,17,29
1,<environment.Job instance at 0x7f32bbcb3f50>,12,16,[3 9],13,42,58,29,29
1,<environment.Job instance at 0x7f32b7432960>,15,18,[9 2],16,58,76,42,48
1,<environment.Job instance at 0x7f32b7432690>,17,12,[3 9],18,76,88,58,59
1,<environment.Job instance at 0x7f32b6d87dc0>,2,12,[ 4 10],3,4,16,1,4
1,<environment.Job instance at 0x7f32711b0be0>,6,1,[8 1],7,16,17,9,9
1,<environment.Job instance at 0x7f32b70646e0>,7,16,[4 5],8,17,33,9,17
1,<environment.Job instance at 0x7f3270ec6320>,10,1,[1 6],11,33,34,22,23
1,<environment.Job instance at 0x7f3270bfa3c0>,9,1,[1 5],10,24,25,14,24
1,<environment.Job instance at 0x7f3270bfab90>,11,22,[6 4],12,48,70,36,48
1,<environment.Job instance at 0x7f32b6d1ff00>,14,17,[2 5],15,100,117,85,100
1,<environment.Job instance at 0x7f3270b2e640>,15,14,[8 2],16,100,114,84,100
1,<environment.Job instance at 0x7f32b6f605a0>,26,16,[2 5],27,160,176,133,160
1,<environment.Job instance at 0x7f32b6e57140>,1,12,[5 6],2,176,188,174,165
1,<environment.Job instance at 0x7f3270bb5780>,34,12,[3 8],35,189,201,154,189
1,<environment.Job instance at 0x7f32bbcb84b0>,36,13,[1 9],37,210,223,173,210
1,<environment.Job instance at 0x7f32b67fc0a0>,18,18,[8 2],19,223,241,204,213
1,<environment.Job instance at 0x7f32b6d41d70>,41,17,[10  4],42,256,273,214,256
1,<environment.Job instance at 0x7f32b6d41550>,46,15,[5 7],47,273,288,226,263
1,<environment.Job instance at 0x7f32b7414280>,1,14,[6 4],2,2,16,0,2
1,<environment.Job instance at 0x7f32709eb320>,12,14,[9 5],13,29,43,16,29
1,<environment.Job instance at 0x7f32709eb3c0>,13,16,[5 1],14,43,59,29,31
1,<environment.Job instance at 0x7f32709eb820>,20,12,[8 2],21,112,124,91,112
1,<environment.Job instance at 0x7f3270a12690>,10,14,[5 4],11,16,30,5,16
1,<environment.Job instance at 0x7f3270a12780>,11,15,[10  1],12,30,45,18,17
1,<environment.Job instance at 0x7f3270a12550>,14,17,[2 6],15,63,80,48,63
1,<environment.Job instance at 0x7f327827beb0>,24,16,[10  5],25,80,96,55,67
1,<environment.Job instance at 0x7f32b6cbbaa0>,27,13,[1 8],28,96,109,68,87
1,<environment.Job instance at 0x7f3270ac9b40>,1,2,[10  4],2,2,4,0,2
1,<environment.Job instance at 0x7f3270ede190>,0,15,[6 2],1,5,20,4,5
1,<environment.Job instance at 0x7f32b6cbb730>,7,15,[1 7],8,9,24,1,9
1,<environment.Job instance at 0x7f32bbcba8c0>,6,15,[10  3],7,79,94,72,79
1,<environment.Job instance at 0x7f32b6f37a00>,21,13,[4 7],22,94,107,72,87
1,<environment.Job instance at 0x7f32b6888a00>,3,16,[9 4],4,4,20,0,4
1,<environment.Job instance at 0x7f3270d9c4b0>,5,14,[ 2 10],6,28,42,22,28
1,<environment.Job instance at 0x7f3270f229b0>,11,13,[3 9],12,42,55,30,28
1,<environment.Job instance at 0x7f3270f22b90>,14,18,[9 5],15,55,73,40,44
1,<environment.Job instance at 0x7f3270f22af0>,13,18,[1 5],14,61,79,47,61
1,<environment.Job instance at 0x7f3270f22a50>,12,13,[ 3 10],13,79,92,66,63
1,<environment.Job instance at 0x7f3270f07190>,23,16,[8 3],24,92,108,68,80
1,<environment.Job instance at 0x7f3270f07960>,30,18,[5 5],31,108,126,77,104
1,<environment.Job instance at 0x7f3270f22910>,10,17,[ 3 10],11,165,182,154,165
1,<environment.Job instance at 0x7f3270f07c30>,38,18,[7 1],39,182,200,143,171
1,<environment.Job instance at 0x7f3270f07fa0>,41,18,[8 3],42,200,218,158,189
1,<environment.Job instance at 0x7f3270eff320>,1,17,[3 6],2,3,20,1,3
1,<environment.Job instance at 0x7f3270f1e140>,3,13,[4 5],4,20,33,16,4
1,<environment.Job instance at 0x7f3270efd8c0>,4,12,[ 4 10],5,33,45,28,16
1,<environment.Job instance at 0x7f3270efd730>,14,13,[8 2],15,45,58,30,44
1,<environment.Job instance at 0x7f3270efd960>,11,18,[ 5 10],12,126,144,114,126
1,<environment.Job instance at 0x7f327116d370>,16,14,[5 5],17,99,113,82,99
1,<environment.Job instance at 0x7f327116d690>,6,17,[3 6],7,8,25,1,8
1,<environment.Job instance at 0x7f32b6a33960>,6,15,[5 5],7,7,22,0,7
1,<environment.Job instance at 0x7f32b6c9b410>,11,2,[7 4],12,22,24,10,21
1,<environment.Job instance at 0x7f32b68ff2d0>,2,14,[1 7],3,40,54,37,40
1,<environment.Job instance at 0x7f32b68d6c80>,16,16,[4 6],17,54,70,37,42
1,<environment.Job instance at 0x7f32b68d63c0>,2,2,[3 6],3,3,5,0,3
1,<environment.Job instance at 0x7f32b7406eb0>,11,13,[8 4],12,65,78,53,65
1,<environment.Job instance at 0x7f32b6670780>,16,15,[ 1 10],17,135,150,118,135
1,<environment.Job instance at 0x7f32b66708c0>,2,14,[1 8],3,9,23,6,9
1,<environment.Job instance at 0x7f32b6670a00>,3,15,[7 2],4,10,25,6,10
1,<environment.Job instance at 0x7f32b687cd20>,9,2,[5 7],10,25,27,15,11
1,<environment.Job instance at 0x7f32b687cf00>,7,16,[5 4],8,27,43,19,14
1,<environment.Job instance at 0x7f32b6b3f7d0>,4,15,[10  1],5,54,69,49,54
1,<environment.Job instance at 0x7f32b687fe60>,15,14,[7 2],16,69,83,53,54
1,<environment.Job instance at 0x7f32b687cbe0>,10,17,[ 4 10],11,83,100,72,71
1,<environment.Job instance at 0x7f32b687cf50>,6,14,[10  2],7,100,114,93,85
1,<environment.Job instance at 0x7f32b6d2a8c0>,8,13,[10  3],9,57,70,48,57
1,<environment.Job instance at 0x7f32bbdf5690>,1,14,[4 7],2,2,16,0,2
1,<environment.Job instance at 0x7f32711455a0>,7,16,[6 1],8,9,25,1,9
1,<environment.Job instance at 0x7f32b68fa690>,3,12,[10  3],4,25,37,21,10
1,<environment.Job instance at 0x7f32708decd0>,17,13,[1 9],18,115,128,97,115
1,<environment.Job instance at 0x7f32708de640>,24,15,[6 4],25,128,143,103,116
1,<environment.Job instance at 0x7f32b6d387d0>,1,12,[2 5],2,2,14,0,2
1,<environment.Job instance at 0x7f32707fd8c0>,0,13,[4 8],1,14,27,13,5
1,<environment.Job instance at 0x7f3270e54d70>,4,17,[8 5],5,48,65,43,48
1,<environment.Job instance at 0x7f32708020f0>,12,13,[9 5],13,65,78,52,49
1,<environment.Job instance at 0x7f32b6bebcd0>,16,18,[ 2 10],17,78,96,61,70
1,<environment.Job instance at 0x7f32b705b9b0>,26,15,[ 5 10],27,205,220,178,205
1,<environment.Job instance at 0x7fc8d38ad370>,1,15,[4 5],2,3,18,1,3
1,<environment.Job instance at 0x7fc8d38ad280>,0,17,[6 2],1,4,21,3,4
1,<environment.Job instance at 0x7fc8d049d410>,6,19,[1 7],7,18,37,11,8
1,<environment.Job instance at 0x7fc8d049d460>,5,18,[7 5],6,46,64,40,46
1,<environment.Job instance at 0x7fc8d049d780>,9,17,[8 1],10,64,81,54,54
1,<environment.Job instance at 0x7fc8d049e230>,25,16,[5 3],26,111,127,85,111
1,<environment.Job instance at 0x7fc8d049e500>,28,2,[5 8],29,153,155,124,153
1,<environment.Job instance at 0x7fc8d049e5a0>,29,24,[5 1],30,153,177,123,153
1,<environment.Job instance at 0x7fc8d049e6e0>,31,13,[4 5],32,155,168,123,154
1,<environment.Job instance at 0x7fc8d049e820>,33,16,[9 3],34,177,193,143,164
1,<environment.Job instance at 0x7fc8d049ea00>,36,16,[8 1],37,193,209,156,180
1,<environment.Job instance at 0x7fc8d38ad190>,2,18,[ 3 10],3,229,247,226,229
1,<environment.Job instance at 0x7fc8d3a1a640>,14,14,[6 5],15,65,79,50,65
1,<environment.Job instance at 0x7fc89348ad20>,15,18,[5 3],16,79,97,63,68
1,<environment.Job instance at 0x7fc8d3a1adc0>,17,13,[6 5],18,97,110,79,85
1,<environment.Job instance at 0x7fc8d3a1f870>,20,13,[1 7],21,110,123,89,94
1,<environment.Job instance at 0x7fc8888794b0>,0,16,[7 4],1,4,20,3,4
1,<environment.Job instance at 0x7fc8888790f0>,6,17,[8 2],7,26,43,19,26
1,<environment.Job instance at 0x7fc8888798c0>,12,15,[3 9],13,43,58,30,34
1,<environment.Job instance at 0x7fc888879d70>,17,3,[5 4],18,58,61,40,50
1,<environment.Job instance at 0x7fc888860dc0>,19,16,[ 3 10],20,61,77,41,56
1,<environment.Job instance at 0x7fc8888600f0>,2,14,[3 5],3,3,17,0,3
1,<environment.Job instance at 0x7fc8d3a26410>,10,3,[5 4],11,68,71,57,68
1,<environment.Job instance at 0x7fc8d3a26140>,13,13,[5 7],14,71,84,57,70
1,<environment.Job instance at 0x7fc888c240a0>,25,18,[5 3],26,167,185,141,167
1,<environment.Job instance at 0x7fc888c85be0>,31,15,[4 8],32,190,205,158,190
1,<environment.Job instance at 0x7fc8d03f2780>,33,1,[10  2],34,205,206,171,190
1,<environment.Job instance at 0x7fc888b980a0>,9,15,[6 2],10,47,62,37,47
1,<environment.Job instance at 0x7fc888b98460>,15,13,[6 3],16,62,75,46,56
1,<environment.Job instance at 0x7fc888b98f00>,30,13,[4 9],31,176,189,145,176
1,<environment.Job instance at 0x7fc888b98960>,31,12,[8 2],32,189,201,157,178
1,<environment.Job instance at 0x7fc888b95410>,5,14,[5 8],6,58,72,52,58
1,<environment.Job instance at 0x7fc888a4b1e0>,12,18,[2 8],13,80,98,67,80
1,<environment.Job instance at 0x7fc8d05a7cd0>,1,16,[1 8],2,98,114,96,87
1,<environment.Job instance at 0x7fc888a4b460>,15,17,[9 1],16,98,115,82,96
1,<environment.Job instance at 0x7fc888a4b190>,17,17,[7 4],18,115,132,97,108
1,<environment.Job instance at 0x7fc888a4bd70>,20,13,[6 5],21,132,145,111,116
1,<environment.Job instance at 0x7fc8d0b9f0a0>,1,15,[4 9],2,3,18,1,3
1,<environment.Job instance at 0x7fc8d0bd2460>,4,13,[ 5 10],5,18,31,13,5
1,<environment.Job instance at 0x7fc8d087b7d0>,13,14,[5 5],14,36,50,22,36
1,<environment.Job instance at 0x7fc8d0f65140>,17,14,[10  3],18,74,88,56,74
1,<environment.Job instance at 0x7fc8d0f65f00>,20,18,[3 6],21,493,511,472,493
1,<environment.Job instance at 0x7fc8d0539be0>,1,13,[6 1],2,2,15,0,2
1,<environment.Job instance at 0x7fc8887ba690>,9,2,[8 4],10,15,17,5,10
1,<environment.Job instance at 0x7fc8887ba4b0>,8,15,[ 5 10],9,17,32,8,10
1,<environment.Job instance at 0x7fc8d0ba5a50>,5,13,[ 5 10],6,32,45,26,20
1,<environment.Job instance at 0x7fc8887ba410>,7,15,[3 7],8,45,60,37,31
1,<environment.Job instance at 0x7fc8887b2280>,21,15,[10  1],22,60,75,38,58
1,<environment.Job instance at 0x7fc8886d3b40>,1,2,[10  4],2,2,4,0,2
1,<environment.Job instance at 0x7fc8886d3870>,0,15,[6 2],1,4,19,3,4
1,<environment.Job instance at 0x7fc8886d32d0>,6,15,[10  3],7,19,34,12,7
1,<environment.Job instance at 0x7fc888c60f00>,18,15,[5 5],19,78,93,59,78
1,<environment.Job instance at 0x7fc8d033ddc0>,19,12,[9 1],20,93,105,73,78
1,<environment.Job instance at 0x7fc8d36387d0>,8,12,[2 6],9,10,22,1,10
1,<environment.Job instance at 0x7fc8d3638410>,6,14,[1 9],7,22,36,15,10
1,<environment.Job instance at 0x7fc8d3638cd0>,10,1,[5 8],11,36,37,25,11
1,<environment.Job instance at 0x7fc8d3638b90>,12,2,[9 3],13,37,39,24,20
1,<environment.Job instance at 0x7fc88887a4b0>,1,13,[3 9],2,39,52,37,26
1,<environment.Job instance at 0x7fc8d0733aa0>,0,17,[ 3 10],1,52,69,51,45
1,<environment.Job instance at 0x7fc888e31c30>,24,14,[5 1],25,101,115,76,101
1,<environment.Job instance at 0x7fc8d049e050>,27,18,[4 7],28,101,119,73,101
1,<environment.Job instance at 0x7fc888d4c410>,29,14,[9 1],30,119,133,89,108
1,<environment.Job instance at 0x7fc8d1031190>,30,12,[7 1],31,133,145,102,116
1,<environment.Job instance at 0x7fc8d0b31eb0>,11,14,[10  2],12,98,112,86,98
1,<environment.Job instance at 0x7fc8d0b2d4b0>,20,18,[2 7],21,161,179,140,161
1,<environment.Job instance at 0x7fc8d0b2d230>,16,14,[10  2],17,179,193,162,164
1,<environment.Job instance at 0x7fc8d0b2db40>,26,15,[2 8],27,193,208,166,187
1,<environment.Job instance at 0x7fc8d0b2df00>,32,1,[7 4],33,208,209,175,206
1,<environment.Job instance at 0x7fc8d0b2dfa0>,33,16,[1 7],34,209,225,175,206
1,<environment.Job instance at 0x7fc8d0b2daa0>,34,14,[2 7],35,225,239,190,210
1,<environment.Job instance at 0x7fc8d0b2d910>,36,15,[4 7],37,239,254,202,225
1,<environment.Job instance at 0x7fc8d0b4e460>,40,13,[8 2],41,254,267,213,241
1,<environment.Job instance at 0x7fc8d0d54870>,9,18,[10  2],10,37,55,27,37
1,<environment.Job instance at 0x7fc8d0d54410>,14,17,[2 6],15,97,114,82,97
1,<environment.Job instance at 0x7fc8d094eb40>,24,15,[4 5],25,116,131,91,116
1,<environment.Job instance at 0x7fc8d0d54aa0>,13,18,[5 8],14,131,149,117,122
1,<environment.Job instance at 0x7fc88887a8c0>,1,15,[3 5],2,2,17,0,2
1,<environment.Job instance at 0x7fc88865d640>,6,12,[7 4],7,7,19,0,7
1,<environment.Job instance at 0x7fc88887ad70>,0,17,[7 2],1,19,36,18,9
1,<environment.Job instance at 0x7fc888a69320>,3,16,[5 5],4,50,66,46,50
1,<environment.Job instance at 0x7fc8886d8aa0>,16,12,[8 1],17,74,86,57,74
1,<environment.Job instance at 0x7fc8d02b7690>,19,3,[7 5],20,86,89,66,74
1,<environment.Job instance at 0x7fc8886d85f0>,17,14,[10  2],18,97,111,79,97
1,<environment.Job instance at 0x7fc8d02b75f0>,25,15,[3 9],26,310,325,284,310
1,<environment.Job instance at 0x7fc8d02b7d20>,26,15,[5 5],27,325,340,298,311
1,<environment.Job instance at 0x7fc8d0f34eb0>,30,15,[10  2],31,340,355,309,326
1,<environment.Job instance at 0x7fc888c13c30>,8,14,[9 1],9,43,57,34,43
1,<environment.Job instance at 0x7fc8d0fb4b90>,1,18,[7 4],2,75,93,73,75
1,<environment.Job instance at 0x7fc888bfa5f0>,15,16,[9 3],16,93,109,77,80
1,<environment.Job instance at 0x7fc888bfa730>,13,15,[ 1 10],14,109,124,95,97
1,<environment.Job instance at 0x7fc888bfa5a0>,20,12,[4 7],21,124,136,103,118
1,<environment.Job instance at 0x7fc8884b9280>,28,14,[8 4],29,182,196,153,182
1,<environment.Job instance at 0x7fc8885eaa50>,1,16,[8 3],2,3,19,1,3
1,<environment.Job instance at 0x7fc888a91a00>,11,14,[9 5],12,58,72,46,58
1,<environment.Job instance at 0x7fc8d0793500>,14,17,[8 4],15,72,89,57,71
1,<environment.Job instance at 0x7fc8d08eee10>,7,16,[1 8],8,89,105,81,76
1,<environment.Job instance at 0x7fc8886c5a50>,18,14,[8 5],19,105,119,86,90
1,<environment.Job instance at 0x7fc888473a00>,3,15,[2 6],4,19,34,15,19
1,<environment.Job instance at 0x7fc888a665f0>,1,13,[5 4],2,19,32,17,19
1,<environment.Job instance at 0x7fc8884736e0>,4,18,[ 5 10],5,100,118,95,100
1,<environment.Job instance at 0x7fc8d0a91a50>,3,12,[10  3],4,5,17,1,5
1,<environment.Job instance at 0x7fc888d8b5a0>,4,13,[10  4],5,17,30,12,7
1,<environment.Job instance at 0x7fc8d0a66960>,8,14,[ 4 10],9,30,44,21,15
1,<environment.Job instance at 0x7fc8d0a65230>,18,1,[3 7],19,90,91,71,90
1,<environment.Job instance at 0x7fc8d0a65f50>,23,14,[5 4],24,115,129,91,115
1,<environment.Job instance at 0x7fc8d0a65c80>,24,15,[6 4],25,129,144,104,118
1,<environment.Job instance at 0x7fc8d06b7be0>,2,13,[9 5],3,3,16,0,3
1,<environment.Job instance at 0x7fc8d0efbc80>,3,15,[ 4 10],4,16,31,12,5
1,<environment.Job instance at 0x7fc8d0556aa0>,10,18,[9 1],11,31,49,20,22
1,<environment.Job instance at 0x7fc8d0bd7eb0>,13,12,[5 4],14,49,61,35,32
1,<environment.Job instance at 0x7fc8d0885be0>,4,17,[4 9],5,61,78,56,49
1,<environment.Job instance at 0x7fc8d064a3c0>,6,18,[ 2 10],7,78,96,71,73
1,<environment.Job instance at 0x7fc8d0d9d5f0>,0,17,[8 5],1,8,25,7,8
1,<environment.Job instance at 0x7fc8d0e40cd0>,11,17,[8 4],12,49,66,37,49
1,<environment.Job instance at 0x7fc8d0e40820>,14,15,[4 6],15,66,81,51,52
1,<environment.Job instance at 0x7fc8d0e402d0>,10,13,[2 9],11,81,94,70,71
1,<environment.Job instance at 0x7fc8d0e406e0>,17,18,[4 8],18,94,112,76,84
1,<environment.Job instance at 0x7fc8d020e280>,20,15,[6 2],21,94,109,73,86
1,<environment.Job instance at 0x7fc8d020eaf0>,27,18,[7 1],28,112,130,84,105
1,<environment.Job instance at 0x7fc888c6a4b0>,33,17,[8 3],34,139,156,105,139
1,<environment.Job instance at 0x7fc888c6af50>,36,18,[1 7],37,139,157,102,139
1,<environment.Job instance at 0x7fc888c6aa00>,43,15,[1 8],44,162,177,118,162
1,<environment.Job instance at 0x7fc888430af0>,50,16,[5 2],51,227,243,176,227
1,<environment.Job instance at 0x7fc888430d20>,53,12,[7 5],54,251,263,197,251
1,<environment.Job instance at 0x7fc8d0f0caf0>,7,14,[1 9],8,20,34,12,20
1,<environment.Job instance at 0x7fc8d0a22370>,8,12,[7 5],9,34,46,25,20
1,<environment.Job instance at 0x7fc8d0a22050>,13,14,[6 2],14,46,60,32,31
1,<environment.Job instance at 0x7fc888a7fc80>,16,14,[9 4],17,60,74,43,48
1,<environment.Job instance at 0x7fc8d0a22820>,18,18,[ 1 10],19,74,92,55,71
1,<environment.Job instance at 0x7fc8d1135af0>,24,16,[9 5],25,93,109,68,93
1,<environment.Job instance at 0x7fe287f76370>,1,15,[4 5],2,3,18,1,3
1,<environment.Job instance at 0x7fe280b66460>,5,18,[7 5],6,18,36,12,8
1,<environment.Job instance at 0x7fe280b66780>,11,1,[8 4],12,36,37,24,24
1,<environment.Job instance at 0x7fe280b668c0>,13,15,[4 5],14,37,52,23,25
1,<environment.Job instance at 0x7fe287f760f0>,3,13,[3 8],4,52,65,48,45
1,<environment.Job instance at 0x7fe280b66820>,10,14,[1 6],11,65,79,54,51
1,<environment.Job instance at 0x7fe280b66fa0>,23,18,[7 4],24,109,127,85,109
1,<environment.Job instance at 0x7fe280b67500>,28,2,[5 8],29,134,136,105,134
1,<environment.Job instance at 0x7fe280b675a0>,29,24,[5 1],30,134,158,104,134
1,<environment.Job instance at 0x7fe280b676e0>,31,13,[4 5],32,136,149,104,134
1,<environment.Job instance at 0x7fe280b67820>,33,16,[9 3],34,158,174,124,145
1,<environment.Job instance at 0x7fe280b67960>,35,3,[9 5],36,174,177,138,154
1,<environment.Job instance at 0x7fe280b67b40>,38,16,[1 5],39,155,171,116,155
1,<environment.Job instance at 0x7fe287f9d2d0>,6,16,[7 3],7,7,23,0,7
1,<environment.Job instance at 0x7fe287f9d910>,7,13,[6 5],8,23,36,15,8
1,<environment.Job instance at 0x7fe287f9d780>,10,13,[1 7],11,36,49,25,25
1,<environment.Job instance at 0x7fe287f9d4b0>,5,18,[5 3],6,36,54,30,25
1,<environment.Job instance at 0x7fe287f9db40>,12,14,[3 7],13,49,63,36,34
1,<environment.Job instance at 0x7fe2880e39b0>,17,12,[6 1],18,54,66,36,39
1,<environment.Job instance at 0x7fe287f9d8c0>,15,17,[4 8],16,63,80,47,52
1,<environment.Job instance at 0x7fe23ce46be0>,10,13,[5 1],11,53,66,42,53
1,<environment.Job instance at 0x7fe2880e8f50>,1,15,[4 8],2,48,63,46,48
1,<environment.Job instance at 0x7fe23d226fa0>,17,16,[8 3],18,63,79,45,50
1,<environment.Job instance at 0x7fe23d2268c0>,20,14,[7 1],21,79,93,58,64
1,<environment.Job instance at 0x7fe23d226500>,22,17,[4 8],23,93,110,70,81
1,<environment.Job instance at 0x7fe23d226370>,4,12,[ 1 10],5,5,17,0,5
1,<environment.Job instance at 0x7fe23d2566e0>,9,17,[2 8],10,19,36,9,19
1,<environment.Job instance at 0x7fe23d226280>,6,14,[9 5],7,36,50,29,22
1,<environment.Job instance at 0x7fe23d256af0>,14,18,[6 3],15,50,68,35,39
1,<environment.Job instance at 0x7fe23d256c30>,16,12,[4 7],17,50,62,33,41
1,<environment.Job instance at 0x7fe23d256eb0>,20,16,[2 7],21,62,78,41,54
1,<environment.Job instance at 0x7fe23d25f1e0>,2,19,[2 7],3,3,22,0,3
1,<environment.Job instance at 0x7fe23cf68050>,5,15,[6 5],6,24,39,18,24
1,<environment.Job instance at 0x7fe23d25f4b0>,1,18,[5 8],2,39,57,37,28
1,<environment.Job instance at 0x7fe23cfac320>,8,17,[7 3],9,57,74,48,49
1,<environment.Job instance at 0x7fe23cfac2d0>,21,17,[10  4],22,115,132,93,115
1,<environment.Job instance at 0x7fe23d3aeaa0>,1,17,[2 7],2,4,21,2,4
1,<environment.Job instance at 0x7fe23d3ae230>,5,12,[4 8],6,25,37,19,25
1,<environment.Job instance at 0x7fe280c04af0>,2,14,[4 9],3,97,111,94,97
1,<environment.Job instance at 0x7fe280b876e0>,17,17,[4 5],18,111,128,93,105
1,<environment.Job instance at 0x7fe280b87f00>,18,13,[8 5],19,128,141,109,112
1,<environment.Job instance at 0x7fe283690460>,2,18,[6 5],3,4,22,1,4
1,<environment.Job instance at 0x7fe28335be10>,11,16,[5 1],12,29,45,17,29
1,<environment.Job instance at 0x7fe28335bfa0>,13,14,[4 5],14,66,80,52,66
1,<environment.Job instance at 0x7fe2833431e0>,17,15,[ 1 10],18,82,97,64,82
1,<environment.Job instance at 0x7fe2833430a0>,19,14,[5 7],20,97,111,77,84
1,<environment.Job instance at 0x7fe28096b870>,0,1,[7 3],1,2,3,1,2
1,<environment.Job instance at 0x7fe2833436e0>,3,16,[9 4],4,5,21,1,5
1,<environment.Job instance at 0x7fe28096b8c0>,5,14,[ 2 10],6,21,35,15,6
1,<environment.Job instance at 0x7fe283655e60>,8,18,[5 5],9,35,53,26,24
1,<environment.Job instance at 0x7fe23d3a5370>,9,16,[5 5],10,35,51,25,24
1,<environment.Job instance at 0x7fe280abd230>,14,18,[9 5],15,53,71,38,42
1,<environment.Job instance at 0x7fe280abd050>,13,18,[1 5],14,51,69,37,44
1,<environment.Job instance at 0x7fe280abd500>,21,13,[5 5],22,71,84,49,60
1,<environment.Job instance at 0x7fe280b678c0>,24,16,[5 4],25,71,87,46,68
1,<environment.Job instance at 0x7fe280b42730>,28,1,[10  1],29,100,101,71,100
1,<environment.Job instance at 0x7fe287e78190>,31,2,[5 9],32,108,110,76,108
1,<environment.Job instance at 0x7fe280bcf4b0>,38,18,[7 1],39,178,196,139,178
1,<environment.Job instance at 0x7fe280bcff00>,39,14,[9 1],40,196,210,156,181
1,<environment.Job instance at 0x7fe28371c320>,15,13,[7 4],16,104,117,88,104
1,<environment.Job instance at 0x7fe23d4ec9b0>,20,18,[2 7],21,169,187,148,169
1,<environment.Job instance at 0x7fe23d4f6820>,25,18,[6 1],26,187,205,161,187
1,<environment.Job instance at 0x7fe23d2a1280>,26,15,[2 8],27,187,202,160,187
1,<environment.Job instance at 0x7fe280d7b9b0>,31,16,[10  5],32,212,228,180,212
1,<environment.Job instance at 0x7fe2831b5f50>,34,14,[2 7],35,228,242,193,214
1,<environment.Job instance at 0x7fe283702050>,36,15,[4 7],37,242,257,205,231
1,<environment.Job instance at 0x7fe2832cccd0>,40,13,[8 2],41,257,270,216,246
1,<environment.Job instance at 0x7fe2832cc410>,2,15,[5 8],3,3,18,0,3
1,<environment.Job instance at 0x7fe23d1cf9b0>,3,18,[5 8],4,53,71,49,53
1,<environment.Job instance at 0x7fe280ba0870>,13,15,[5 8],14,71,86,57,62
1,<environment.Job instance at 0x7fe280ba0f00>,24,16,[ 2 10],25,154,170,129,154
1,<environment.Job instance at 0x7fe280bc11e0>,28,17,[2 5],29,170,187,141,159
1,<environment.Job instance at 0x7fe280bc13c0>,31,3,[9 4],32,187,190,155,169
1,<environment.Job instance at 0x7fe280bc1460>,32,2,[7 5],33,170,172,137,169
1,<environment.Job instance at 0x7fe280bc1320>,30,19,[1 9],31,191,210,160,191
1,<environment.Job instance at 0x7fe280bc1820>,37,12,[10  1],38,227,239,189,227
1,<environment.Job instance at 0x7fe2832cc190>,6,15,[5 5],7,15,30,8,15
1,<environment.Job instance at 0x7fe23cd87e10>,0,14,[4 9],1,30,44,29,17
1,<environment.Job instance at 0x7fe287fa0af0>,14,14,[ 1 10],15,44,58,29,33
1,<environment.Job instance at 0x7fe23d126370>,16,13,[5 5],17,58,71,41,46
1,<environment.Job instance at 0x7fe23d126f00>,18,3,[4 8],19,71,74,52,47
1,<environment.Job instance at 0x7fe2880e1f00>,22,14,[1 7],23,74,88,51,60
1,<environment.Job instance at 0x7fe2832cccd0>,8,12,[ 1 10],9,88,100,79,74
1,<environment.Job instance at 0x7fe23d3c4dc0>,2,2,[3 6],3,4,6,1,4
1,<environment.Job instance at 0x7fe23d3c4870>,4,15,[9 2],5,6,21,1,6
1,<environment.Job instance at 0x7fe23d3f2cd0>,0,1,[3 9],1,2,3,1,2
1,<environment.Job instance at 0x7fe2809e9140>,2,18,[2 5],3,3,21,0,3
1,<environment.Job instance at 0x7fe283278aa0>,9,16,[1 7],10,21,37,11,13
1,<environment.Job instance at 0x7fe283271e10>,12,2,[ 1 10],13,37,39,24,24
1,<environment.Job instance at 0x7fe2832711e0>,13,17,[5 7],14,39,56,25,27
1,<environment.Job instance at 0x7fe2836b9410>,1,12,[7 3],2,2,14,0,2
1,<environment.Job instance at 0x7fe23cc055f0>,0,18,[7 1],1,14,32,13,4
1,<environment.Job instance at 0x7fe280c74280>,3,17,[3 7],4,20,37,16,20
1,<environment.Job instance at 0x7fe280ed1d70>,17,12,[7 2],18,83,95,65,83
1,<environment.Job instance at 0x7fe28096ba50>,1,13,[1 5],2,2,15,0,2
1,<environment.Job instance at 0x7fe23d199640>,3,13,[7 2],4,6,19,2,6
1,<environment.Job instance at 0x7fe2832590a0>,0,12,[9 1],1,19,31,18,10
1,<environment.Job instance at 0x7fe2809bef50>,11,3,[5 7],12,31,34,19,12
1,<environment.Job instance at 0x7fe2832595a0>,6,13,[9 3],7,34,47,27,18
1,<environment.Job instance at 0x7fe2809becd0>,17,1,[1 7],18,51,52,33,51
1,<environment.Job instance at 0x7fe2809be5a0>,18,20,[5 1],19,57,77,38,57
1,<environment.Job instance at 0x7fe2809be780>,21,12,[2 5],22,59,71,37,59
1,<environment.Job instance at 0x7fe2809bec30>,25,17,[10  4],26,93,110,67,93
1,<environment.Job instance at 0x7fe2832caa50>,6,14,[3 7],7,29,43,22,29
1,<environment.Job instance at 0x7fe2832ca370>,10,14,[10  3],11,43,57,32,29
1,<environment.Job instance at 0x7fe2809969b0>,13,12,[4 5],14,57,69,43,50
1,<environment.Job instance at 0x7fe2832bc1e0>,17,13,[3 9],18,73,86,55,73
1,<environment.Job instance at 0x7fe2832ac1e0>,19,17,[9 4],20,86,103,66,80
1,<environment.Job instance at 0x7fe2832acc80>,25,14,[5 6],26,1733,1747,1707,1733
1,<environment.Job instance at 0x7fe2832ac9b0>,26,16,[8 4],27,1747,1763,1720,1734
1,<environment.Job instance at 0x7fe23d116640>,0,15,[1 8],1,5,20,4,5
1,<environment.Job instance at 0x7fe23ce2b960>,12,15,[5 7],13,43,58,30,43
1,<environment.Job instance at 0x7fe280e66c30>,10,18,[5 3],11,48,66,37,48
1,<environment.Job instance at 0x7fe23ce2be60>,15,13,[5 4],16,58,71,42,50
1,<environment.Job instance at 0x7fe280e5f780>,0,12,[5 1],1,3,15,2,3
1,<environment.Job instance at 0x7fe280e5f5a0>,2,13,[5 5],3,4,17,1,4
1,<environment.Job instance at 0x7fe280e5fe10>,9,15,[7 1],10,21,36,11,21
1,<environment.Job instance at 0x7fe280e5f910>,10,16,[8 1],11,51,67,40,51
1,<environment.Job instance at 0x7fe23cfbb730>,21,16,[1 6],22,65,81,43,65
1,<environment.Job instance at 0x7fe23cfbb960>,22,12,[2 8],23,81,93,58,65
1,<environment.Job instance at 0x7fe287d32140>,5,17,[8 2],6,67,84,61,65
1,<environment.Job instance at 0x7fe23caf0690>,26,16,[3 8],27,93,109,66,80
1,<environment.Job instance at 0x7fe23caf0500>,32,1,[3 9],33,117,118,84,117
1,<environment.Job instance at 0x7fe23caf03c0>,25,18,[9 3],26,136,154,110,136
1,<environment.Job instance at 0x7fe23caf03c0>,2,12,[5 7],3,39,51,36,39
1,<environment.Job instance at 0x7fe23d0c3b40>,14,20,[1 7],15,51,71,36,42
1,<environment.Job instance at 0x7fe283125eb0>,15,16,[10  3],16,96,112,80,96
1,<environment.Job instance at 0x7fe23d0df1e0>,21,14,[8 1],22,112,126,90,104
1,<environment.Job instance at 0x7fe23d0d4190>,23,16,[6 3],24,126,142,102,115
1,<environment.Job instance at 0x7fe280af50f0>,26,14,[3 7],27,137,151,110,137
1,<environment.Job instance at 0x7f53e15d7190>,0,17,[6 2],1,5,22,4,5
1,<environment.Job instance at 0x7f53d61c3370>,5,18,[7 5],6,28,46,22,28
1,<environment.Job instance at 0x7f53d61c3870>,13,15,[4 5],14,46,61,32,33
1,<environment.Job instance at 0x7f53e15d7140>,3,13,[3 8],4,65,78,61,65
1,<environment.Job instance at 0x7f53d61c3b90>,18,18,[3 6],19,78,96,59,67
1,<environment.Job instance at 0x7f53e161a640>,2,18,[ 3 10],3,96,114,93,88
1,<environment.Job instance at 0x7f53d61c40f0>,25,16,[5 3],26,157,173,131,157
1,<environment.Job instance at 0x7f53d61c45a0>,30,15,[8 2],31,173,188,142,164
1,<environment.Job instance at 0x7f53d61c46e0>,32,14,[8 3],33,188,202,155,174
1,<environment.Job instance at 0x7f53d61c4aa0>,37,15,[2 5],38,185,200,147,185
1,<environment.Job instance at 0x7f53d61c4a00>,36,16,[8 1],37,202,218,165,190
1,<environment.Job instance at 0x7f53e15fe230>,2,14,[3 7],3,6,20,3,6
1,<environment.Job instance at 0x7f53e1601f50>,8,14,[9 1],9,20,34,11,9
1,<environment.Job instance at 0x7f53e1601500>,9,15,[9 2],10,34,49,24,28
1,<environment.Job instance at 0x7f53e1750500>,17,12,[1 9],18,49,61,31,40
1,<environment.Job instance at 0x7f53e1750690>,20,16,[9 4],21,61,77,40,57
1,<environment.Job instance at 0x7f53e1750370>,26,16,[5 3],27,96,112,69,96
1,<environment.Job instance at 0x7f53e1750780>,28,13,[3 6],29,99,112,70,99
1,<environment.Job instance at 0x7f53965659b0>,6,15,[6 3],7,26,41,19,26
1,<environment.Job instance at 0x7f5396565f50>,8,13,[6 4],9,78,91,69,78
1,<environment.Job instance at 0x7f5396575be0>,18,20,[7 4],19,91,111,72,82
1,<environment.Job instance at 0x7f53965754b0>,23,16,[9 4],24,152,168,128,152
1,<environment.Job instance at 0x7f5396575dc0>,26,18,[3 9],27,168,186,141,157
1,<environment.Job instance at 0x7f53967112d0>,1,18,[ 1 10],2,186,204,184,176
1,<environment.Job instance at 0x7f53967917d0>,1,13,[1 7],2,2,15,0,2
1,<environment.Job instance at 0x7f539658eb90>,3,13,[ 4 10],4,15,28,11,5
1,<environment.Job instance at 0x7f539657abe0>,4,16,[2 8],5,28,44,23,19
1,<environment.Job instance at 0x7f5396445cd0>,0,14,[ 2 10],1,8,22,7,8
1,<environment.Job instance at 0x7f53d5fcdb90>,5,17,[1 8],6,22,39,16,19
1,<environment.Job instance at 0x7f53d5fc1140>,14,12,[3 5],15,39,51,24,30
1,<environment.Job instance at 0x7f53d5fc11e0>,15,14,[5 8],16,51,65,35,38
1,<environment.Job instance at 0x7f53d5fc1730>,19,19,[6 4],20,102,121,82,102
1,<environment.Job instance at 0x7f53d5fc15a0>,23,14,[8 1],24,121,135,97,120
1,<environment.Job instance at 0x7f53d5fc1a50>,24,12,[ 1 10],25,135,147,110,121
1,<environment.Job instance at 0x7f53d5fc19b0>,26,14,[ 2 10],27,147,161,120,142
1,<environment.Job instance at 0x7f53d5fc18c0>,29,15,[ 5 10],30,161,176,131,156
1,<environment.Job instance at 0x7f53d5fc1d20>,30,13,[6 5],31,176,189,145,163
1,<environment.Job instance at 0x7f53d5fb81e0>,1,12,[ 5 10],2,48,60,46,48
1,<environment.Job instance at 0x7f53d5f8cdc0>,10,18,[3 6],11,60,78,49,50
1,<environment.Job instance at 0x7f53d5f8c500>,6,17,[ 4 10],7,78,95,71,76
1,<environment.Job instance at 0x7f53965ef7d0>,18,12,[6 1],19,100,112,81,100
1,<environment.Job instance at 0x7f53965ef910>,20,3,[5 1],21,112,115,91,100
1,<environment.Job instance at 0x7f53965eff50>,19,13,[ 3 10],20,115,128,95,101
1,<environment.Job instance at 0x7f53965ef1e0>,23,16,[5 1],24,128,144,104,115
1,<environment.Job instance at 0x7f53d68b44b0>,1,17,[4 7],2,5,22,3,5
1,<environment.Job instance at 0x7f53d5fd5730>,4,16,[10  5],5,22,38,17,19
1,<environment.Job instance at 0x7f53d6e76640>,5,15,[10  1],6,38,53,32,24
1,<environment.Job instance at 0x7f53d62d4eb0>,17,16,[9 4],18,53,69,35,43
1,<environment.Job instance at 0x7f53d6969140>,19,15,[10  4],20,69,84,49,57
1,<environment.Job instance at 0x7f53d62d4230>,21,17,[3 9],22,84,101,62,73
1,<environment.Job instance at 0x7f53d5f2bd70>,24,12,[5 6],25,101,113,76,87
1,<environment.Job instance at 0x7f53d6238460>,26,12,[5 1],27,98,110,71,98
1,<environment.Job instance at 0x7f5396307190>,7,13,[5 5],8,9,22,1,9
1,<environment.Job instance at 0x7f53968ec640>,5,16,[5 7],6,22,38,16,10
1,<environment.Job instance at 0x7f5396307b40>,17,12,[ 5 10],18,63,75,45,63
1,<environment.Job instance at 0x7f5396307c80>,19,14,[5 1],20,75,89,55,63
1,<environment.Job instance at 0x7f5396307dc0>,21,15,[10  3],22,89,104,67,77
1,<environment.Job instance at 0x7f5396328190>,25,17,[8 1],26,111,128,85,111
1,<environment.Job instance at 0x7f5396328320>,27,12,[6 4],28,128,140,100,111
1,<environment.Job instance at 0x7f5396328500>,30,1,[7 3],31,140,141,109,115
1,<environment.Job instance at 0x7f5396328640>,32,14,[4 7],33,141,155,108,136
1,<environment.Job instance at 0x7f53963286e0>,33,16,[9 4],34,155,171,121,142
1,<environment.Job instance at 0x7f5396328960>,37,16,[ 3 10],38,171,187,133,161
1,<environment.Job instance at 0x7f5396328b40>,40,17,[ 3 10],41,187,204,146,175
1,<environment.Job instance at 0x7f539698e5f0>,1,17,[3 6],2,2,19,0,2
1,<environment.Job instance at 0x7f53965f1d70>,2,13,[8 2],3,19,32,16,4
1,<environment.Job instance at 0x7f5396a05410>,14,13,[8 2],15,44,57,29,44
1,<environment.Job instance at 0x7f5396a05c80>,17,2,[3 8],18,58,60,40,58
1,<environment.Job instance at 0x7f53963d44b0>,24,16,[7 2],25,138,154,113,138
1,<environment.Job instance at 0x7f53d6b9ebe0>,13,18,[5 8],14,99,117,85,99
1,<environment.Job instance at 0x7f53964ade60>,19,15,[4 5],20,117,132,97,103
1,<environment.Job instance at 0x7f53d658a140>,21,17,[3 5],22,122,139,100,122
1,<environment.Job instance at 0x7f5396817d20>,27,15,[7 4],28,132,147,104,129
1,<environment.Job instance at 0x7f5396ae3c30>,8,12,[ 1 10],9,16,28,7,16
1,<environment.Job instance at 0x7f53d6e47e10>,0,14,[4 9],1,30,44,29,30
1,<environment.Job instance at 0x7f5396ada2d0>,16,13,[5 5],17,51,64,34,51
1,<environment.Job instance at 0x7f5396ae39b0>,5,15,[3 9],6,64,79,58,53
1,<environment.Job instance at 0x7f5396ada6e0>,23,13,[4 5],24,79,92,55,63
1,<environment.Job instance at 0x7f5396ada8c0>,26,15,[5 5],27,86,101,59,86
1,<environment.Job instance at 0x7f53d5fcee10>,20,12,[ 2 10],21,171,183,150,171
1,<environment.Job instance at 0x7f53d5fce7d0>,24,15,[6 1],25,198,213,173,198
1,<environment.Job instance at 0x7f53d6841be0>,5,17,[9 4],6,79,96,73,79
1,<environment.Job instance at 0x7f5396802870>,12,16,[5 6],13,96,112,83,84
1,<environment.Job instance at 0x7f53968027d0>,14,13,[8 2],15,112,125,97,98
1,<environment.Job instance at 0x7f5396802b90>,16,17,[8 2],17,125,142,108,115
1,<environment.Job instance at 0x7f53968134b0>,3,17,[10  2],4,142,159,138,140
1,<environment.Job instance at 0x7f53d64ee5a0>,24,16,[ 5 10],25,222,238,197,222
1,<environment.Job instance at 0x7f53d6bbd550>,9,16,[8 2],10,49,65,39,49
1,<environment.Job instance at 0x7f53d6bbd190>,11,14,[4 7],12,65,79,53,50
1,<environment.Job instance at 0x7f53d5fc23c0>,16,15,[9 3],17,87,102,70,87
1,<environment.Job instance at 0x7f53d5fc2e10>,18,14,[ 4 10],19,102,116,83,91
1,<environment.Job instance at 0x7f53d62d3af0>,1,15,[3 9],2,5,20,3,5
1,<environment.Job instance at 0x7f53966ad370>,5,13,[8 3],6,20,33,14,6
1,<environment.Job instance at 0x7f539680a7d0>,6,15,[ 5 10],7,46,61,39,46
1,<environment.Job instance at 0x7f53969fc500>,12,12,[6 5],13,61,73,48,46
1,<environment.Job instance at 0x7f53d627c050>,10,15,[10  1],11,73,88,62,71
1,<environment.Job instance at 0x7f53e15d6320>,20,13,[6 1],21,88,101,67,87
1,<environment.Job instance at 0x7f53966cddc0>,2,18,[6 3],3,5,23,2,5
1,<environment.Job instance at 0x7f5396506f50>,5,12,[7 2],6,23,35,17,7
1,<environment.Job instance at 0x7f5396506230>,7,16,[3 5],8,30,46,22,30
1,<environment.Job instance at 0x7f53965061e0>,14,20,[4 9],15,46,66,31,39
1,<environment.Job instance at 0x7f5396506b90>,18,14,[ 4 10],19,66,80,47,55
1,<environment.Job instance at 0x7f5396500320>,22,15,[ 3 10],23,80,95,57,66
1,<environment.Job instance at 0x7f53965008c0>,24,14,[7 5],25,95,109,70,83
1,<environment.Job instance at 0x7f53961a7910>,2,18,[3 9],3,16,34,13,16
1,<environment.Job instance at 0x7f53961a78c0>,1,16,[ 2 10],2,34,50,32,22
1,<environment.Job instance at 0x7f53967ae820>,0,1,[2 7],1,1,2,0,1
1,<environment.Job instance at 0x7f53e11e63c0>,7,15,[9 2],8,9,24,1,9
1,<environment.Job instance at 0x7f53d68fc730>,10,17,[ 4 10],11,25,42,14,25
1,<environment.Job instance at 0x7f53d6248b40>,17,13,[7 4],18,1637,1650,1619,1637
1,<environment.Job instance at 0x7f5396a38dc0>,22,3,[6 1],23,1650,1653,1627,1647
1,<environment.Job instance at 0x7f53d6b9cbe0>,1,14,[5 5],2,2,16,0,2
1,<environment.Job instance at 0x7f539622d9b0>,6,15,[8 2],7,16,31,9,11
1,<environment.Job instance at 0x7f539622d460>,13,2,[9 2],14,71,73,57,71
1,<environment.Job instance at 0x7f539622d910>,19,15,[6 4],20,101,116,81,101
1,<environment.Job instance at 0x7f539622d2d0>,20,15,[7 2],21,127,142,106,127
1,<environment.Job instance at 0x7f53d64814b0>,1,16,[2 5],2,4,20,2,4
1,<environment.Job instance at 0x7f53d64815a0>,2,17,[9 4],3,42,59,39,42
1,<environment.Job instance at 0x7f53d6076c30>,12,12,[4 7],13,59,71,46,42
1,<environment.Job instance at 0x7f53d678e370>,16,17,[8 4],17,71,88,54,71
1,<environment.Job instance at 0x7f53d609dd70>,20,18,[3 8],21,88,106,67,80
1,<environment.Job instance at 0x7fa6fb236370>,1,15,[4 5],2,3,18,1,3
1,<environment.Job instance at 0x7fa6fb236280>,0,17,[6 2],1,5,22,4,5
1,<environment.Job instance at 0x7fa6fa0d7730>,11,1,[8 4],12,24,25,12,24
1,<environment.Job instance at 0x7fa6fa0d7870>,13,15,[4 5],14,25,40,11,24
1,<environment.Job instance at 0x7fa6fa0d79b0>,15,20,[3 5],16,49,69,33,49
1,<environment.Job instance at 0x7fa6fb2be820>,3,13,[3 8],4,69,82,65,58
1,<environment.Job instance at 0x7fa6fa0d7eb0>,23,18,[7 4],24,109,127,85,109
1,<environment.Job instance at 0x7fa6fa0d7b90>,18,18,[3 6],19,110,128,91,110
1,<environment.Job instance at 0x7fa6fa0d96e0>,31,13,[4 5],32,161,174,129,161
1,<environment.Job instance at 0x7fa6fa0d9780>,32,14,[8 3],33,174,188,141,162
1,<environment.Job instance at 0x7fa6fa0d9a00>,36,16,[8 1],37,188,204,151,175
1,<environment.Job instance at 0x7fa6fa0d9aa0>,37,15,[2 5],38,175,190,137,175
1,<environment.Job instance at 0x7fa6fa0d9c80>,40,17,[ 3 10],41,204,221,163,192
1,<environment.Job instance at 0x7fa6fb3a3d70>,2,16,[1 8],3,5,21,2,5
1,<environment.Job instance at 0x7fa6fb2359b0>,10,16,[9 4],11,21,37,10,17
1,<environment.Job instance at 0x7fa6fb235730>,13,14,[1 7],14,51,65,37,51
1,<environment.Job instance at 0x7fa6fb3a8780>,18,13,[3 6],19,89,102,70,89
1,<environment.Job instance at 0x7fa6fb3a8c80>,21,18,[10  5],22,102,120,80,92
1,<environment.Job instance at 0x7fa6fb2600a0>,25,19,[1 5],26,1591,1610,1565,1591
1,<environment.Job instance at 0x7fa6fb2604b0>,29,15,[6 2],30,1606,1621,1576,1606
1,<environment.Job instance at 0x7fa6fb39c5a0>,33,18,[5 5],34,1630,1648,1596,1630
1,<environment.Job instance at 0x7fa6fb39cd20>,36,16,[6 2],37,1741,1757,1704,1741
1,<environment.Job instance at 0x7fa6fb25e0a0>,39,14,[3 8],40,1753,1767,1713,1753
1,<environment.Job instance at 0x7fa6b02615f0>,12,17,[8 5],13,82,99,69,82
1,<environment.Job instance at 0x7fa6b02250a0>,6,18,[3 9],7,99,117,92,92
1,<environment.Job instance at 0x7fa6b0261140>,16,12,[ 3 10],17,117,129,100,109
1,<environment.Job instance at 0x7fa6b02615a0>,18,17,[1 7],19,129,146,110,117
1,<environment.Job instance at 0x7fa6b0261910>,20,12,[6 2],21,129,141,108,126
1,<environment.Job instance at 0x7fa6b0118190>,9,15,[6 2],10,47,62,37,47
1,<environment.Job instance at 0x7fa6b00c8be0>,14,18,[3 8],15,56,74,41,56
1,<environment.Job instance at 0x7fa6fa09e280>,31,12,[8 2],32,174,186,142,174
1,<environment.Job instance at 0x7fa6fa09e9b0>,1,12,[5 6],2,4,16,2,4
1,<environment.Job instance at 0x7fa6b051f5a0>,9,1,[1 5],10,48,49,38,48
1,<environment.Job instance at 0x7fa6b051feb0>,26,16,[2 5],27,148,164,121,148
1,<environment.Job instance at 0x7fa6b05230f0>,28,17,[7 3],29,152,169,123,152
1,<environment.Job instance at 0x7fa6b051fdc0>,22,19,[2 7],23,179,198,156,179
1,<environment.Job instance at 0x7fa6fa09e230>,2,12,[ 4 10],3,200,212,197,200
1,<environment.Job instance at 0x7fa6b05235a0>,37,16,[4 5],38,212,228,174,201
1,<environment.Job instance at 0x7fa6b0523960>,43,16,[8 4],44,249,265,205,249
1,<environment.Job instance at 0x7fa6b0523820>,41,17,[10  4],42,265,282,223,253
1,<environment.Job instance at 0x7fa6b0523d70>,1,17,[2 7],2,3,20,1,3
1,<environment.Job instance at 0x7fa6baddeaa0>,8,15,[5 5],9,25,40,16,25
1,<environment.Job instance at 0x7fa6b0523be0>,2,14,[4 9],3,104,118,101,104
1,<environment.Job instance at 0x7fa6fa3832d0>,16,12,[ 3 10],17,118,130,101,107
1,<environment.Job instance at 0x7fa6fa3cdeb0>,19,13,[3 9],20,130,143,110,115
1,<environment.Job instance at 0x7fa6fb39bb90>,1,2,[10  4],2,2,4,0,2
1,<environment.Job instance at 0x7fa6fa7c6e10>,0,15,[6 2],1,4,19,3,4
1,<environment.Job instance at 0x7fa6b06d3fa0>,10,12,[6 4],11,19,31,8,11
1,<environment.Job instance at 0x7fa6b06d3b90>,6,15,[10  3],7,53,68,46,53
1,<environment.Job instance at 0x7fa6b029feb0>,18,15,[5 5],19,78,93,59,78
1,<environment.Job instance at 0x7fa6b029f5f0>,19,12,[9 1],20,93,105,73,78
1,<environment.Job instance at 0x7fa6b029f3c0>,17,17,[ 2 10],18,123,140,105,123
1,<environment.Job instance at 0x7fa6fab7de60>,0,12,[7 1],1,5,17,4,5
1,<environment.Job instance at 0x7fa6fa496e10>,1,18,[8 3],2,17,35,15,7
1,<environment.Job instance at 0x7fa6faac4aa0>,16,14,[5 5],17,112,126,95,112
1,<environment.Job instance at 0x7fa6b04d5370>,4,17,[ 1 10],5,126,143,121,117
1,<environment.Job instance at 0x7fa6fb3aedc0>,2,16,[3 9],3,4,20,1,4
1,<environment.Job instance at 0x7fa6fb3aed20>,6,12,[7 4],7,20,32,13,7
1,<environment.Job instance at 0x7fa6fb3aea50>,7,1,[4 5],8,32,33,24,8
1,<environment.Job instance at 0x7fa6fa28aa50>,14,19,[5 5],15,53,72,38,53
1,<environment.Job instance at 0x7fa6b0295f00>,16,12,[8 1],17,74,86,57,74
1,<environment.Job instance at 0x7fa6df7d3be0>,19,3,[7 5],20,86,89,66,75
1,<environment.Job instance at 0x7fa6b0295e10>,20,14,[4 9],21,89,103,68,75
1,<environment.Job instance at 0x7fa6fadc6500>,27,18,[8 5],28,119,137,91,119
1,<environment.Job instance at 0x7fa6b028cc80>,28,12,[ 1 10],29,139,151,110,139
1,<environment.Job instance at 0x7fa6b00dc460>,30,15,[10  2],31,177,192,146,177
1,<environment.Job instance at 0x7fa6f9e8f960>,2,2,[3 6],3,3,5,0,3
1,<environment.Job instance at 0x7fa6fa7415a0>,4,15,[9 2],5,10,25,5,10
1,<environment.Job instance at 0x7fa6b0063320>,11,13,[8 4],12,27,40,15,27
1,<environment.Job instance at 0x7fa6b0392b90>,8,2,[5 3],9,79,81,70,79
1,<environment.Job instance at 0x7fa6b0392640>,10,16,[6 1],11,81,97,70,80
1,<environment.Job instance at 0x7fa6b0643f50>,12,16,[5 6],13,97,113,84,84
1,<environment.Job instance at 0x7fa6fa4074b0>,9,18,[4 5],10,113,131,103,102
1,<environment.Job instance at 0x7fa6f9fb7e10>,17,16,[4 6],18,131,147,113,118
1,<environment.Job instance at 0x7fa6f9fb71e0>,18,15,[5 1],19,118,133,99,118
1,<environment.Job instance at 0x7fa6fa4070a0>,3,17,[10  2],4,147,164,143,138
1,<environment.Job instance at 0x7fa6f9fb7820>,23,15,[10  4],24,164,179,140,150
1,<environment.Job instance at 0x7fa6fa0f56e0>,7,16,[6 1],8,8,24,0,8
1,<environment.Job instance at 0x7fa6facc5960>,4,13,[10  4],5,24,37,19,10
1,<environment.Job instance at 0x7fa6fa702b90>,21,16,[4 9],22,113,129,91,113
1,<environment.Job instance at 0x7fa6b05a1b90>,25,2,[7 5],26,129,131,103,115
1,<environment.Job instance at 0x7fa6f9fca320>,0,13,[6 1],1,3,16,2,3
1,<environment.Job instance at 0x7fa6b0472aa0>,6,14,[9 2],7,16,30,9,7
1,<environment.Job instance at 0x7fa6fa7360a0>,14,14,[4 9],15,96,110,81,96
1,<environment.Job instance at 0x7fa6fa3cc4b0>,28,13,[ 3 10],29,208,221,179,208
1,<environment.Job instance at 0x7fa6f9e85a00>,32,17,[6 2],33,227,244,194,227
1,<environment.Job instance at 0x7fa6f9fa8f00>,35,18,[2 5],36,234,252,198,234
1,<environment.Job instance at 0x7fa6fa170a00>,2,13,[5 5],3,3,16,0,3
1,<environment.Job instance at 0x7fa6fa1709b0>,5,17,[8 2],6,21,38,15,21
1,<environment.Job instance at 0x7fa6fafbcfa0>,12,2,[4 7],13,38,40,25,23
1,<environment.Job instance at 0x7fa6fafbccd0>,10,16,[8 1],11,88,104,77,88
1,<environment.Job instance at 0x7fa6fafbc370>,22,12,[2 8],23,92,104,69,92
1,<environment.Job instance at 0x7fa6fafbc550>,20,17,[5 4],21,104,121,83,95
1,<environment.Job instance at 0x7fa6fafbcf50>,26,16,[3 8],27,121,137,94,110
1,<environment.Job instance at 0x7fa6fafbca50>,27,14,[6 2],28,121,135,93,118
1,<environment.Job instance at 0x7fa6fb39c5a0>,30,14,[4 7],31,174,188,143,174
1,<environment.Job instance at 0x7fa6fa9de690>,1,14,[8 1],2,2,16,0,2
1,<environment.Job instance at 0x7fa6fa211690>,6,14,[3 7],7,16,30,9,8
1,<environment.Job instance at 0x7fa6f9f59e10>,7,15,[4 7],8,30,45,22,21
1,<environment.Job instance at 0x7fa6f9f560f0>,12,16,[1 5],13,45,61,32,32
1,<environment.Job instance at 0x7fa6f9f56640>,2,12,[9 4],3,3,15,0,3
1,<environment.Job instance at 0x7fa6b036caa0>,3,18,[9 2],4,15,33,11,7
1,<environment.Job instance at 0x7fa6fa402410>,9,14,[1 8],10,15,29,5,10
1,<environment.Job instance at 0x7fa6fae02a50>,13,12,[8 4],14,33,45,19,32
1,<environment.Job instance at 0x7fa6fa402690>,5,15,[ 1 10],6,49,64,43,49
1,<environment.Job instance at 0x7fa6fa62f9b0>,17,12,[1 8],18,64,76,46,49
1,<environment.Job instance at 0x7fa6fb12d910>,21,15,[ 5 10],22,76,91,54,62
1,<environment.Job instance at 0x7fa6fa0c7a00>,1,14,[8 2],2,3,17,1,3
1,<environment.Job instance at 0x7fa6fa393b90>,10,16,[4 5],11,17,33,6,11
1,<environment.Job instance at 0x7fa6fb12d910>,2,13,[2 6],3,91,104,88,91
1,<environment.Job instance at 0x7fa6fa393140>,19,17,[8 2],20,91,108,71,91
1,<environment.Job instance at 0x7fa6fa393870>,22,15,[ 4 10],23,113,128,90,113
1,<environment.Job instance at 0x7fa6b0289dc0>,9,16,[3 8],10,128,144,118,115
1,<environment.Job instance at 0x7fa6fa1e0e10>,29,18,[8 4],30,144,162,114,140
1,<environment.Job instance at 0x7fa6fa1e0aa0>,34,12,[10  5],35,162,174,127,145
1,<environment.Job instance at 0x7fa6fa3936e0>,26,17,[4 9],27,174,191,147,163
1,<environment.Job instance at 0x7fa6fa1e0460>,42,12,[9 4],43,206,218,163,206
1,<environment.Job instance at 0x7fa6fa1e0af0>,44,12,[9 4],45,218,230,173,206
1,<environment.Job instance at 0x7fa6fa1e01e0>,45,12,[4 7],46,230,242,184,213
1,<environment.Job instance at 0x7fa6fa1e0780>,49,17,[4 5],50,242,259,192,232
1,<environment.Job instance at 0x7fa6afdf6500>,1,16,[5 4],2,6,22,4,6
1,<environment.Job instance at 0x7fa6aff77be0>,7,13,[6 1],8,22,35,14,8
1,<environment.Job instance at 0x7fa6fa1e0780>,2,16,[5 9],3,35,51,32,27
1,<environment.Job instance at 0x7fa6b0081050>,14,18,[5 1],15,35,53,20,35
1,<environment.Job instance at 0x7fa6b057a780>,16,15,[2 9],17,55,70,38,55
1,<environment.Job instance at 0x7fa6b057ad20>,19,14,[10  5],20,72,86,52,72
1,<environment.Job instance at 0x7f00af6db500>,6,19,[1 7],7,7,26,0,7
1,<environment.Job instance at 0x7f00af6db7d0>,10,14,[1 6],11,26,40,15,24
1,<environment.Job instance at 0x7f00af6db460>,9,17,[8 1],10,27,44,17,27
1,<environment.Job instance at 0x7f00b6aea370>,1,15,[4 5],2,44,59,42,32
1,<environment.Job instance at 0x7f00af6db9b0>,15,20,[3 5],16,45,65,29,45
1,<environment.Job instance at 0x7f00af6db6e0>,13,15,[4 5],14,59,74,45,45
1,<environment.Job instance at 0x7f00af6dba50>,16,19,[ 3 10],17,110,129,93,110
1,<environment.Job instance at 0x7f00af6dc4b0>,28,2,[5 8],29,134,136,105,134
1,<environment.Job instance at 0x7f00af6dc500>,29,24,[5 1],30,134,158,104,134
1,<environment.Job instance at 0x7f00af6dc6e0>,31,13,[4 5],32,140,153,108,140
1,<environment.Job instance at 0x7f00af6dc910>,32,14,[8 3],33,158,172,125,144
1,<environment.Job instance at 0x7f00af6dc960>,35,3,[9 5],36,172,175,136,154
1,<environment.Job instance at 0x7f00af6dcaa0>,37,15,[2 5],38,155,170,117,155
1,<environment.Job instance at 0x7f00af6dcc80>,40,17,[ 3 10],41,175,192,134,171
1,<environment.Job instance at 0x7f00af6e14b0>,46,2,[ 1 10],47,204,206,157,204
1,<environment.Job instance at 0x7f00af6e1280>,3,14,[1 7],4,4,18,0,4
1,<environment.Job instance at 0x7f00b6c5c780>,6,16,[5 3],7,36,52,29,36
1,<environment.Job instance at 0x7f00b6c5f320>,13,18,[1 7],14,43,61,29,43
1,<environment.Job instance at 0x7f00b6b14780>,17,2,[7 2],18,52,54,34,44
1,<environment.Job instance at 0x7f00b6c50b90>,20,15,[6 2],21,62,77,41,62
1,<environment.Job instance at 0x7f00af6fd780>,0,16,[9 4],1,86,102,85,86
1,<environment.Job instance at 0x7f00b6c639b0>,26,16,[6 2],27,102,118,75,100
1,<environment.Job instance at 0x7f00b6c63280>,32,16,[3 9],33,155,171,122,155
1,<environment.Job instance at 0x7f00b6c633c0>,34,14,[ 4 10],35,171,185,136,163
1,<environment.Job instance at 0x7f006b9a2280>,1,2,[5 1],2,2,4,0,2
1,<environment.Job instance at 0x7f006b9a2b40>,0,12,[6 2],1,11,23,10,11
1,<environment.Job instance at 0x7f00b6c633c0>,4,12,[1 8],5,11,23,6,11
1,<environment.Job instance at 0x7f006b9e31e0>,13,21,[5 1],14,23,44,9,17
1,<environment.Job instance at 0x7f006b9bd5f0>,16,18,[4 9],17,24,42,7,24
1,<environment.Job instance at 0x7f006b9bd410>,20,3,[5 4],21,74,77,53,74
1,<environment.Job instance at 0x7f006baad780>,23,13,[5 7],24,88,101,64,88
1,<environment.Job instance at 0x7f006baad0f0>,29,16,[7 2],30,127,143,97,127
1,<environment.Job instance at 0x7f006ba9dfa0>,36,18,[7 1],37,173,191,136,173
1,<environment.Job instance at 0x7f006bad9cd0>,1,12,[8 2],2,3,15,1,3
1,<environment.Job instance at 0x7f006bd45780>,9,18,[1 6],10,25,43,15,25
1,<environment.Job instance at 0x7f006bb55820>,14,12,[ 1 10],15,43,55,28,43
1,<environment.Job instance at 0x7f006bb55a00>,16,14,[9 5],17,72,86,55,72
1,<environment.Job instance at 0x7f006bb55f50>,20,13,[1 6],21,91,104,70,91
1,<environment.Job instance at 0x7f006bb556e0>,2,2,[2 5],3,3,5,0,3
1,<environment.Job instance at 0x7f006bdc1960>,3,16,[8 4],4,4,20,0,4
1,<environment.Job instance at 0x7f006bdd6af0>,9,12,[10  1],10,20,32,10,19
1,<environment.Job instance at 0x7f006bdd6a00>,10,12,[8 1],11,32,44,21,19
1,<environment.Job instance at 0x7f006bdd6b40>,11,18,[9 4],12,44,62,32,44
1,<environment.Job instance at 0x7f006bdd6d20>,14,17,[ 3 10],15,67,84,52,67
1,<environment.Job instance at 0x7f006bdd6f00>,16,13,[10  5],17,117,130,100,117
1,<environment.Job instance at 0x7f00af50c1e0>,0,14,[5 4],1,4,18,3,4
1,<environment.Job instance at 0x7f00af50cf00>,1,15,[10  1],2,45,60,43,45
1,<environment.Job instance at 0x7f00b6079910>,15,15,[10  1],16,60,75,44,46
1,<environment.Job instance at 0x7f00b60792d0>,16,13,[7 5],17,75,88,58,59
1,<environment.Job instance at 0x7f00b6079370>,20,13,[ 2 10],21,88,101,67,74
1,<environment.Job instance at 0x7f00b66680a0>,24,2,[2 6],25,101,103,76,87
1,<environment.Job instance at 0x7f00b60795f0>,14,16,[10  5],15,103,119,88,93
1,<environment.Job instance at 0x7f006baf9140>,29,15,[10  4],30,119,134,89,111
1,<environment.Job instance at 0x7f006baf9870>,33,14,[1 8],34,134,148,100,134
1,<environment.Job instance at 0x7f006baf94b0>,34,12,[5 6],35,148,160,113,134
1,<environment.Job instance at 0x7f006ba12b90>,0,12,[5 1],1,4,16,3,4
1,<environment.Job instance at 0x7f006baba320>,2,3,[2 6],3,5,8,2,5
1,<environment.Job instance at 0x7f00b6292280>,10,15,[7 3],11,16,31,5,15
1,<environment.Job instance at 0x7f006bfb5870>,7,12,[ 5 10],8,31,43,23,16
1,<environment.Job instance at 0x7f00b660f5f0>,18,12,[7 4],19,49,61,30,49
1,<environment.Job instance at 0x7f00b607a370>,19,14,[ 3 10],20,61,75,41,49
1,<environment.Job instance at 0x7f00af5f4280>,23,16,[9 4],24,75,91,51,74
1,<environment.Job instance at 0x7f006be0ef00>,28,18,[5 5],29,98,116,69,98
1,<environment.Job instance at 0x7f00af7edf00>,29,16,[5 5],30,98,114,68,98
1,<environment.Job instance at 0x7f00af7edb40>,30,17,[ 3 10],31,116,133,85,108
1,<environment.Job instance at 0x7f006b939d70>,31,13,[3 9],32,133,146,101,117
1,<environment.Job instance at 0x7f006b92da50>,36,14,[1 9],37,146,160,109,132
1,<environment.Job instance at 0x7f006b92de10>,38,12,[2 6],39,160,172,121,144
1,<environment.Job instance at 0x7f006b92d9b0>,43,16,[8 3],44,160,176,116,154
1,<environment.Job instance at 0x7f00af55e3c0>,48,1,[10  1],49,181,182,132,181
1,<environment.Job instance at 0x7f00b642d190>,50,18,[5 5],51,207,225,156,207
1,<environment.Job instance at 0x7f00b64b5e10>,58,18,[7 1],59,1868,1886,1809,1868
1,<environment.Job instance at 0x7f00b5f66730>,59,14,[9 1],60,1886,1900,1826,1871
1,<environment.Job instance at 0x7f00af49e2d0>,64,15,[6 2],65,2609,2624,2544,2609
1,<environment.Job instance at 0x7f00af4665f0>,3,20,[1 8],4,5,25,1,5
1,<environment.Job instance at 0x7f00af4aff00>,5,13,[7 4],6,25,38,19,19
1,<environment.Job instance at 0x7f00af49e410>,1,14,[10  2],2,62,76,60,62
1,<environment.Job instance at 0x7f00af483b90>,21,16,[10  5],22,87,103,65,87
1,<environment.Job instance at 0x7f00af483af0>,22,1,[7 4],23,103,104,80,87
1,<environment.Job instance at 0x7f00af483c80>,24,14,[2 7],25,104,118,79,90
1,<environment.Job instance at 0x7f00af4831e0>,10,18,[2 7],11,118,136,107,107
1,<environment.Job instance at 0x7f00af483f00>,30,13,[8 2],31,107,120,76,107
1,<environment.Job instance at 0x7f00af4a5460>,36,13,[1 8],37,164,177,127,164
1,<environment.Job instance at 0x7f00af483f50>,29,16,[9 4],30,206,222,176,206
1,<environment.Job instance at 0x7f00af4a50a0>,42,12,[7 3],43,222,234,179,207
1,<environment.Job instance at 0x7f00af4a5be0>,47,2,[5 7],48,234,236,186,232
1,<environment.Job instance at 0x7f00af4a5c80>,48,14,[ 4 10],49,237,251,188,237
1,<environment.Job instance at 0x7f00af4a5d20>,49,15,[4 8],50,251,266,201,238
1,<environment.Job instance at 0x7f006c03a870>,6,17,[3 6],7,7,24,0,7
1,<environment.Job instance at 0x7f00b663e5a0>,1,18,[7 4],2,3,21,1,3
1,<environment.Job instance at 0x7f00af695050>,8,14,[9 1],9,47,61,38,47
1,<environment.Job instance at 0x7f00b66efa50>,5,2,[5 7],6,61,63,55,47
1,<environment.Job instance at 0x7f00b6977b90>,2,14,[ 2 10],3,63,77,60,55
1,<environment.Job instance at 0x7f006bfc94b0>,14,17,[5 1],15,77,94,62,71
1,<environment.Job instance at 0x7f00af744b40>,20,12,[4 7],21,113,125,92,113
1,<environment.Job instance at 0x7f00af650230>,21,17,[9 4],22,125,142,103,113
1,<environment.Job instance at 0x7f006bf239b0>,26,12,[1 6],27,187,199,160,187
1,<environment.Job instance at 0x7f006bf23280>,28,14,[8 4],29,187,201,158,187
1,<environment.Job instance at 0x7f00b6c52b40>,2,18,[2 5],3,4,22,1,4
1,<environment.Job instance at 0x7f00af653820>,7,18,[3 9],8,25,43,17,25
1,<environment.Job instance at 0x7f006ba5b2d0>,14,17,[6 2],15,43,60,28,31
1,<environment.Job instance at 0x7f006b76f280>,2,23,[1 6],3,3,26,0,3
1,<environment.Job instance at 0x7f006b8a8140>,9,16,[8 2],10,23,39,13,23
1,<environment.Job instance at 0x7f006bbf0230>,14,13,[10  4],15,44,57,29,44
1,<environment.Job instance at 0x7f006bbf04b0>,16,15,[9 3],17,57,72,40,49
1,<environment.Job instance at 0x7f006bbf05f0>,18,14,[ 4 10],19,72,86,53,67
1,<environment.Job instance at 0x7f00af93d730>,0,13,[6 1],1,19,32,18,19
1,<environment.Job instance at 0x7f006b7bb640>,6,14,[9 2],7,32,46,25,19
1,<environment.Job instance at 0x7f00af60c280>,13,15,[3 8],14,94,109,80,94
1,<environment.Job instance at 0x7f00b62ab500>,14,14,[4 9],15,109,123,94,94
1,<environment.Job instance at 0x7f006b76c9b0>,22,14,[2 6],23,164,178,141,164
1,<environment.Job instance at 0x7f006b727640>,27,16,[2 7],28,178,194,150,172
1,<environment.Job instance at 0x7f00b6497460>,29,12,[5 9],30,194,206,164,182
1,<environment.Job instance at 0x7f006b72cfa0>,31,15,[1 7],32,206,221,174,192
1,<environment.Job instance at 0x7f00b65c4a50>,32,17,[6 2],33,206,223,173,195
1,<environment.Job instance at 0x7f00af450500>,8,17,[7 4],9,13,30,4,13
1,<environment.Job instance at 0x7f00b63c01e0>,14,14,[5 3],15,35,49,20,35
1,<environment.Job instance at 0x7f00af4507d0>,5,15,[9 1],6,49,64,43,38
1,<environment.Job instance at 0x7f00af448550>,20,18,[5 3],21,83,101,62,83
1,<environment.Job instance at 0x7f006b72c1e0>,25,13,[5 4],26,122,135,96,122
1,<environment.Job instance at 0x7f00af527870>,1,16,[1 6],2,4,20,2,4
1,<environment.Job instance at 0x7f00af868a00>,2,12,[2 8],3,20,32,17,7
1,<environment.Job instance at 0x7f00b63891e0>,10,14,[4 7],11,32,46,21,21
1,<environment.Job instance at 0x7f00b6977b90>,3,17,[5 8],4,4,21,0,4
1,<environment.Job instance at 0x7f00af726780>,2,17,[3 5],3,21,38,18,21
1,<environment.Job instance at 0x7f00af726410>,4,14,[7 5],5,22,36,17,22
1,<environment.Job instance at 0x7f00af7265a0>,6,12,[3 9],7,38,50,31,24
1,<environment.Job instance at 0x7f00af726e60>,12,16,[5 5],13,51,67,38,51
1,<environment.Job instance at 0x7f00b64b3780>,21,13,[8 5],22,67,80,45,67
1,<environment.Job instance at 0x7f00b64b3500>,22,16,[5 5],23,80,96,57,67
1,<environment.Job instance at 0x7f00b646fe10>,5,18,[7 1],6,70,88,64,70
1,<environment.Job instance at 0x7f00b63e2050>,19,15,[1 8],20,97,112,77,97
1,<environment.Job instance at 0x7f00b67eaaf0>,9,16,[6 2],10,101,117,91,101
1,<environment.Job instance at 0x7f006bb35820>,22,12,[4 7],23,112,124,89,101
1,<environment.Job instance at 0x7f006bb35dc0>,24,18,[5 6],25,124,142,99,113
1,<environment.Job instance at 0x7f006bad2280>,26,17,[8 4],27,144,161,117,144
1,<environment.Job instance at 0x7f006b73ce10>,36,15,[9 4],37,195,210,158,195
1,<environment.Job instance at 0x7f006bcd75a0>,9,2,[5 1],10,74,76,64,74
1,<environment.Job instance at 0x7f006bcd77d0>,11,3,[ 2 10],12,76,79,64,76
1,<environment.Job instance at 0x7f006bcd7870>,12,3,[10  5],13,79,82,66,79
1,<environment.Job instance at 0x7f006bcd7690>,8,14,[2 9],9,82,96,73,80
1,<environment.Job instance at 0x7f006bcd7c30>,18,17,[4 5],19,116,133,97,116
1,<environment.Job instance at 0x7f006bcd7e10>,21,17,[5 6],22,142,159,120,142
1,<environment.Job instance at 0x7f00af6bf140>,7,14,[4 6],8,8,22,0,8
1,<environment.Job instance at 0x7f00afb1c640>,13,16,[6 3],14,75,91,61,75
1,<environment.Job instance at 0x7f00af6bfaf0>,0,15,[10  3],1,91,106,90,77
1,<environment.Job instance at 0x7f00af888c80>,18,15,[8 2],19,106,121,87,92
1,<environment.Job instance at 0x7f00af51b0a0>,23,16,[7 4],24,121,137,97,109
1,<environment.Job instance at 0x7f00af8ffcd0>,27,2,[2 8],28,109,111,81,109
1,<environment.Job instance at 0x7f00afbfab40>,29,18,[2 9],30,137,155,107,127
1,<environment.Job instance at 0x7f00af5b90f0>,31,13,[1 7],32,155,168,123,145
1,<environment.Job instance at 0x7f00b660f870>,34,12,[5 8],35,168,180,133,160
1,<environment.Job instance at 0x7f00af8ff730>,35,14,[6 1],36,180,194,144,166
1,<environment.Job instance at 0x7f00afb37af0>,39,14,[6 5],40,194,208,154,182
1,<environment.Job instance at 0x7f00af856d70>,41,17,[10  2],42,208,225,166,198
1,<environment.Job instance at 0x7f00af866140>,43,16,[6 1],44,225,241,181,212
1,<environment.Job instance at 0x7f00af866730>,2,13,[8 3],3,3,16,0,3
1,<environment.Job instance at 0x7f00af866320>,1,12,[5 5],2,16,28,14,5
1,<environment.Job instance at 0x7f00af7abeb0>,7,1,[4 7],8,28,29,20,8
1,<environment.Job instance at 0x7f00af7aba50>,5,3,[10  4],6,29,32,23,10
1,<environment.Job instance at 0x7f00af52c820>,10,2,[5 7],11,32,34,21,11
1,<environment.Job instance at 0x7f00af79a3c0>,18,16,[6 5],19,85,101,66,85
1,<environment.Job instance at 0x7f00af79a7d0>,20,18,[7 3],21,112,130,91,112
1,<environment.Job instance at 0x7fd50879e370>,1,15,[4 5],2,2,17,0,2
1,<environment.Job instance at 0x7fd50879e190>,0,17,[6 2],1,5,22,4,5
1,<environment.Job instance at 0x7fd50538f6e0>,9,17,[8 1],10,43,60,33,43
1,<environment.Job instance at 0x7fd50538faa0>,15,20,[3 5],16,70,90,54,70
1,<environment.Job instance at 0x7fd505391050>,25,16,[5 3],26,129,145,103,129
1,<environment.Job instance at 0x7fd505391230>,28,2,[5 8],29,156,158,127,156
1,<environment.Job instance at 0x7fd505391370>,30,15,[8 2],31,162,177,131,162
1,<environment.Job instance at 0x7fd505391410>,31,13,[4 5],32,177,190,145,164
1,<environment.Job instance at 0x7fd505391730>,36,16,[8 1],37,190,206,153,183
1,<environment.Job instance at 0x7fd5053919b0>,40,17,[ 3 10],41,206,223,165,197
1,<environment.Job instance at 0x7fd5053351e0>,2,14,[5 1],3,3,17,0,3
1,<environment.Job instance at 0x7fd4bd77eb40>,9,15,[6 2],10,17,32,7,10
1,<environment.Job instance at 0x7fd4bd77e960>,10,15,[6 2],11,34,49,23,34
1,<environment.Job instance at 0x7fd4bd77ee10>,14,13,[2 6],15,41,54,26,41
1,<environment.Job instance at 0x7fd505395230>,3,18,[1 7],4,54,72,50,44
1,<environment.Job instance at 0x7fd4bd78cfa0>,22,16,[3 9],23,72,88,49,64
1,<environment.Job instance at 0x7fd5051e0d70>,3,13,[5 7],4,76,89,72,76
1,<environment.Job instance at 0x7fd4bd636050>,10,13,[9 1],11,89,102,78,76
1,<environment.Job instance at 0x7fd508917820>,16,18,[7 1],17,102,120,85,97
1,<environment.Job instance at 0x7fd508917410>,21,15,[4 8],22,328,343,306,328
1,<environment.Job instance at 0x7fd4bdc6c4b0>,1,14,[6 4],2,3,17,1,3
1,<environment.Job instance at 0x7fd50583db90>,0,18,[3 6],1,28,46,27,28
1,<environment.Job instance at 0x7fd4bd9b05a0>,9,13,[ 3 10],10,46,59,36,32
1,<environment.Job instance at 0x7fd4bdd4df50>,2,18,[6 5],3,4,22,1,4
1,<environment.Job instance at 0x7fd4bdd4dbe0>,10,12,[1 8],11,53,65,42,53
1,<environment.Job instance at 0x7fd4bdd4d5f0>,14,18,[2 5],15,65,83,50,55
1,<environment.Job instance at 0x7fd4bdd47190>,17,15,[ 1 10],18,83,98,65,69
1,<environment.Job instance at 0x7fd507c35eb0>,5,17,[7 4],6,6,23,0,6
1,<environment.Job instance at 0x7fd507c35140>,0,12,[7 1],1,23,35,22,6
1,<environment.Job instance at 0x7fd507eedbe0>,18,18,[2 7],19,1489,1507,1470,1489
1,<environment.Job instance at 0x7fd507c940a0>,20,12,[2 8],21,1507,1519,1486,1494
1,<environment.Job instance at 0x7fd507f75f00>,22,18,[7 4],23,1519,1537,1496,1509
1,<environment.Job instance at 0x7fd50561faf0>,25,18,[6 4],26,1537,1555,1511,1526
1,<environment.Job instance at 0x7fd505579be0>,1,15,[2 5],2,3,18,1,3
1,<environment.Job instance at 0x7fd5056a9280>,3,18,[7 3],4,4,22,0,4
1,<environment.Job instance at 0x7fd4bd753230>,5,12,[3 6],6,18,30,12,6
1,<environment.Job instance at 0x7fd5054f90f0>,7,17,[2 6],8,54,71,46,54
1,<environment.Job instance at 0x7fd4bd753eb0>,20,3,[5 6],21,82,85,61,82
1,<environment.Job instance at 0x7fd4bd753f00>,22,15,[5 8],23,106,121,83,106
1,<environment.Job instance at 0x7fd4bd752320>,29,15,[4 5],30,150,165,120,150
1,<environment.Job instance at 0x7fd4bd7526e0>,33,15,[5 8],34,165,180,131,155
1,<environment.Job instance at 0x7fd508159960>,0,16,[2 8],1,24,40,23,24
1,<environment.Job instance at 0x7fd5058294b0>,6,15,[5 5],7,40,55,33,27
1,<environment.Job instance at 0x7fd4bda198c0>,6,14,[ 1 10],7,8,22,1,8
1,<environment.Job instance at 0x7fd4bda19780>,9,19,[8 3],10,50,69,40,50
1,<environment.Job instance at 0x7fd505178a00>,11,14,[9 5],12,69,83,57,54
1,<environment.Job instance at 0x7fd4bda191e0>,5,16,[5 9],6,83,99,77,71
1,<environment.Job instance at 0x7fd5051ab690>,13,18,[8 5],14,99,117,85,88
1,<environment.Job instance at 0x7fd50570ad70>,18,14,[8 5],19,117,131,98,102
1,<environment.Job instance at 0x7fd50815d960>,24,15,[10  1],25,131,146,106,117
1,<environment.Job instance at 0x7fd505328190>,26,14,[10  2],27,146,160,119,131
1,<environment.Job instance at 0x7fd4bd81dc80>,30,17,[ 4 10],31,160,177,129,153
1,<environment.Job instance at 0x7fd4bd7eae10>,4,15,[3 8],5,6,21,1,6
1,<environment.Job instance at 0x7fd507d5b5f0>,6,13,[5 8],7,21,34,14,7
1,<environment.Job instance at 0x7fd5056356e0>,1,12,[7 3],2,34,46,32,17
1,<environment.Job instance at 0x7fd507d59d20>,9,12,[9 1],10,46,58,36,33
1,<environment.Job instance at 0x7fd4bd7b1690>,17,12,[7 2],18,58,70,40,42
1,<environment.Job instance at 0x7fd4bd583190>,5,13,[8 3],6,46,59,40,46
1,<environment.Job instance at 0x7fd4bd583aa0>,12,12,[6 5],13,59,71,46,47
1,<environment.Job instance at 0x7fd4bd583fa0>,13,21,[1 7],14,71,92,57,63
1,<environment.Job instance at 0x7fd5054a38c0>,0,18,[9 1],1,71,89,70,71
1,<environment.Job instance at 0x7fd4bdc75f00>,20,13,[6 1],21,89,102,68,88
1,<environment.Job instance at 0x7fd4bd432960>,2,12,[2 8],3,3,15,0,3
1,<environment.Job instance at 0x7fd4bd4570f0>,1,16,[1 6],2,15,31,13,3
1,<environment.Job instance at 0x7fd507ee97d0>,6,16,[3 8],7,31,47,24,19
1,<environment.Job instance at 0x7fd5089e93c0>,10,14,[4 7],11,47,61,36,34
1,<environment.Job instance at 0x7fd4bd4ceeb0>,17,16,[3 9],18,61,77,43,49
1,<environment.Job instance at 0x7fd4bd4b5870>,1,14,[6 1],2,3,17,1,3
1,<environment.Job instance at 0x7fd4bd4ce6e0>,3,1,[9 3],4,17,18,13,6
1,<environment.Job instance at 0x7fd505415780>,2,16,[5 5],3,18,34,15,9
1,<environment.Job instance at 0x7fd507f6a780>,13,13,[9 4],14,34,47,20,28
1,<environment.Job instance at 0x7fd5051e90f0>,15,15,[9 2],16,47,62,31,40
1,<environment.Job instance at 0x7fd5080130a0>,6,16,[4 6],7,62,78,55,50
1,<environment.Job instance at 0x7fd50527a1e0>,21,14,[5 5],22,78,92,56,69
1,<environment.Job instance at 0x7fd50527a8c0>,25,14,[ 4 10],26,92,106,66,81
1,<environment.Job instance at 0x7fd5055c80a0>,4,18,[5 6],5,7,25,2,7
1,<environment.Job instance at 0x7fd5055c8a00>,10,18,[3 8],11,78,96,67,78
1,<environment.Job instance at 0x7fd5057c0730>,21,18,[ 2 10],22,122,140,100,122
1,<environment.Job instance at 0x7fd5080a9550>,2,13,[7 2],3,3,16,0,3
1,<environment.Job instance at 0x7fd5080a9b90>,0,14,[9 2],1,16,30,15,6
1,<environment.Job instance at 0x7fd4bd3944b0>,5,12,[6 4],6,30,42,24,14
1,<environment.Job instance at 0x7fd50818bf50>,14,1,[7 3],15,42,43,27,28
1,<environment.Job instance at 0x7fd50868deb0>,1,17,[10  2],2,3,20,1,3
1,<environment.Job instance at 0x7fd50818bf50>,3,16,[6 1],4,20,36,16,7
1,<environment.Job instance at 0x7fd507fd8e10>,9,2,[ 4 10],10,36,38,26,10
1,<environment.Job instance at 0x7fd507fd8e60>,7,12,[1 6],8,20,32,12,10
1,<environment.Job instance at 0x7fd507fd8d20>,11,16,[6 1],12,38,54,26,26
1,<environment.Job instance at 0x7fd507fd94b0>,15,18,[7 2],16,54,72,38,52
1,<environment.Job instance at 0x7fd50581e500>,0,12,[1 8],1,4,16,3,4
1,<environment.Job instance at 0x7fd507bbbaa0>,17,12,[7 5],18,61,73,43,61
1,<environment.Job instance at 0x7fd507bbb5a0>,18,17,[10  5],19,105,122,86,105
1,<environment.Job instance at 0x7fd505423b40>,7,15,[6 1],8,13,28,5,13
1,<environment.Job instance at 0x7fd507d7e5a0>,3,18,[5 2],4,28,46,24,21
1,<environment.Job instance at 0x7fd505423050>,11,14,[5 5],12,30,44,18,30
1,<environment.Job instance at 0x7f05974a0370>,1,15,[4 5],2,2,17,0,2
1,<environment.Job instance at 0x7f05974a0280>,0,17,[6 2],1,5,22,4,5
1,<environment.Job instance at 0x7f05920904b0>,9,17,[8 1],10,24,41,14,24
1,<environment.Job instance at 0x7f05920905f0>,6,19,[1 7],7,24,43,17,24
1,<environment.Job instance at 0x7f05974a0190>,3,13,[3 8],4,43,56,39,40
1,<environment.Job instance at 0x7f0592090b90>,18,18,[3 6],19,56,74,37,46
1,<environment.Job instance at 0x7f05974a0230>,2,18,[ 3 10],3,74,92,71,66
1,<environment.Job instance at 0x7f0592090f50>,22,3,[4 6],23,92,95,69,88
1,<environment.Job instance at 0x7f0592090eb0>,23,18,[7 4],24,95,113,71,88
1,<environment.Job instance at 0x7f0592091500>,28,2,[5 8],29,113,115,84,113
1,<environment.Job instance at 0x7f05920915a0>,29,24,[5 1],30,113,137,83,113
1,<environment.Job instance at 0x7f0592091640>,30,15,[8 2],31,137,152,106,123
1,<environment.Job instance at 0x7f05920916e0>,31,13,[4 5],32,123,136,91,123
1,<environment.Job instance at 0x7f0592091a00>,36,16,[8 1],37,153,169,116,153
1,<environment.Job instance at 0x7f0592091aa0>,37,15,[2 5],38,154,169,116,154
1,<environment.Job instance at 0x7f0592091eb0>,40,17,[ 3 10],41,244,261,203,244
1,<environment.Job instance at 0x7f0592096550>,46,2,[ 1 10],47,261,263,214,244
1,<environment.Job instance at 0x7f054c481320>,4,13,[2 6],5,6,19,1,6
1,<environment.Job instance at 0x7f054c481640>,6,16,[6 2],7,12,28,5,12
1,<environment.Job instance at 0x7f054c48e0f0>,12,16,[3 9],13,41,57,28,41
1,<environment.Job instance at 0x7f054c48ecd0>,14,14,[ 4 10],15,57,71,42,45
1,<environment.Job instance at 0x7f054c481dc0>,9,14,[3 8],10,71,85,61,62
1,<environment.Job instance at 0x7f054c4640a0>,2,2,[8 1],3,5,7,2,5
1,<environment.Job instance at 0x7f054c3cb8c0>,13,13,[9 2],14,48,61,34,48
1,<environment.Job instance at 0x7f054c2e31e0>,6,14,[5 3],7,61,75,54,49
1,<environment.Job instance at 0x7f054c3cb3c0>,20,14,[7 1],21,75,89,54,69
1,<environment.Job instance at 0x7f054c3cb140>,17,16,[8 3],18,89,105,71,76
1,<environment.Job instance at 0x7f05923d5640>,9,19,[6 4],10,59,78,49,59
1,<environment.Job instance at 0x7f05923d5050>,11,14,[3 5],12,80,94,68,80
1,<environment.Job instance at 0x7f059219abe0>,5,14,[5 8],6,94,108,88,80
1,<environment.Job instance at 0x7f0594c3a690>,16,14,[ 2 10],17,108,122,91,96
1,<environment.Job instance at 0x7f05924c3140>,19,15,[ 5 10],20,122,137,102,111
1,<environment.Job instance at 0x7f05923d51e0>,8,18,[10  3],9,139,157,130,139
1,<environment.Job instance at 0x7f0594816d20>,2,14,[4 9],3,4,18,1,4
1,<environment.Job instance at 0x7f0594b8a5a0>,8,15,[5 5],9,25,40,16,25
1,<environment.Job instance at 0x7f0591f1a050>,5,12,[4 8],6,96,108,90,96
1,<environment.Job instance at 0x7f05920106e0>,15,16,[5 5],16,108,124,92,96
1,<environment.Job instance at 0x7f0592008d20>,19,13,[3 9],20,124,137,104,109
1,<environment.Job instance at 0x7f054c66c4b0>,6,12,[5 8],7,68,80,61,68
1,<environment.Job instance at 0x7f054c66c780>,8,14,[3 8],9,80,94,71,68
1,<environment.Job instance at 0x7f05947ac320>,16,16,[3 8],17,94,110,77,90
1,<environment.Job instance at 0x7f05947acdc0>,20,16,[6 2],21,120,136,99,120
1,<environment.Job instance at 0x7f054c66b690>,24,16,[ 3 10],25,139,155,114,139
1,<environment.Job instance at 0x7f054c66be10>,30,12,[5 1],31,159,171,128,159
1,<environment.Job instance at 0x7f0594bd95a0>,16,14,[10  2],17,99,113,82,99
1,<environment.Job instance at 0x7f05976187d0>,22,12,[3 9],23,143,155,120,143
1,<environment.Job instance at 0x7f059486f4b0>,24,16,[4 8],25,186,202,161,186
1,<environment.Job instance at 0x7f0594bdc7d0>,32,1,[7 4],33,202,203,169,186
1,<environment.Job instance at 0x7f0591fe3e10>,33,16,[1 7],34,203,219,169,191
1,<environment.Job instance at 0x7f05920442d0>,36,15,[4 7],37,219,234,182,216
1,<environment.Job instance at 0x7f0592044d20>,39,16,[9 4],40,234,250,194,221
1,<environment.Job instance at 0x7f054c5ee1e0>,56,18,[3 8],57,2110,2128,2053,2110
1,<environment.Job instance at 0x7f054c5ee7d0>,59,15,[4 8],60,2128,2143,2068,2114
1,<environment.Job instance at 0x7f054c5ee500>,1,12,[6 3],2,3,15,1,3
1,<environment.Job instance at 0x7f0591e40af0>,6,13,[10  4],7,21,34,14,21
1,<environment.Job instance at 0x7f0591e69370>,2,2,[3 6],3,4,6,1,4
1,<environment.Job instance at 0x7f0591f61910>,4,15,[9 2],5,8,23,3,8
1,<environment.Job instance at 0x7f059233ca00>,4,18,[ 5 10],5,35,53,30,35
1,<environment.Job instance at 0x7f054c6e3e10>,1,13,[1 5],2,2,15,0,2
1,<environment.Job instance at 0x7f054c99a2d0>,3,13,[7 2],4,7,20,3,7
1,<environment.Job instance at 0x7f05921bf4b0>,0,12,[9 1],1,20,32,19,10
1,<environment.Job instance at 0x7f0591fd4690>,11,3,[5 7],12,32,35,20,12
1,<environment.Job instance at 0x7f054c331370>,12,19,[7 3],13,35,54,22,27
1,<environment.Job instance at 0x7f054c336500>,20,13,[4 8],21,55,68,34,55
1,<environment.Job instance at 0x7f05923fcbe0>,25,17,[10  4],26,100,117,74,100
1,<environment.Job instance at 0x7f054c37ccd0>,2,18,[6 3],3,6,24,3,6
1,<environment.Job instance at 0x7f0594831320>,6,18,[1 7],7,35,53,28,35
1,<environment.Job instance at 0x7f054c53a140>,20,16,[5 2],21,106,122,85,106
1,<environment.Job instance at 0x7f054c53a0f0>,22,15,[ 3 10],23,122,137,99,118
1,<environment.Job instance at 0x7f054c6debe0>,18,14,[ 4 10],19,137,151,118,137
1,<environment.Job instance at 0x7f0592166730>,28,12,[5 1],29,151,163,122,137
1,<environment.Job instance at 0x7f0592020640>,0,12,[5 1],1,2,14,1,2
1,<environment.Job instance at 0x7f0592166c80>,2,13,[5 5],3,21,34,18,21
1,<environment.Job instance at 0x7f05924f80f0>,10,16,[8 1],11,34,50,23,21
1,<environment.Job instance at 0x7f05947e2f00>,20,17,[5 4],21,65,82,44,65
1,<environment.Job instance at 0x7f0594b31910>,25,18,[9 3],26,90,108,64,90
1,<environment.Job instance at 0x7f0591f9eb90>,24,20,[1 7],25,91,111,66,91
1,<environment.Job instance at 0x7f05922cf140>,26,16,[3 8],27,111,127,84,99
1,<environment.Job instance at 0x7f054c429050>,30,14,[4 7],31,127,141,96,118
1,<environment.Job instance at 0x7f054c429d70>,32,1,[3 9],33,141,142,108,118
1,<environment.Job instance at 0x7f0594a68730>,3,17,[5 8],4,5,22,1,5
1,<environment.Job instance at 0x7f054c6435a0>,12,16,[5 5],13,39,55,26,39
1,<environment.Job instance at 0x7f054c643960>,18,15,[2 8],19,55,70,36,52
1,<environment.Job instance at 0x7f054c643af0>,22,16,[5 5],23,70,86,47,68
1,<environment.Job instance at 0x7f054c6430a0>,23,13,[9 4],24,86,99,62,74
1,<environment.Job instance at 0x7f054c643fa0>,27,16,[1 6],28,120,136,92,120
1,<environment.Job instance at 0x7f059253f690>,4,18,[5 6],5,7,25,2,7
1,<environment.Job instance at 0x7f0594b4b9b0>,6,17,[8 4],7,25,42,18,13
1,<environment.Job instance at 0x7f0594b4bb40>,9,20,[1 6],10,26,46,16,26
1,<environment.Job instance at 0x7f05948135f0>,16,15,[9 4],17,80,95,63,80
1,<environment.Job instance at 0x7f054c43e730>,21,18,[ 2 10],22,121,139,99,121
1,<environment.Job instance at 0x7f0592061d70>,0,15,[3 7],1,8,23,7,8
1,<environment.Job instance at 0x7f059230c370>,11,16,[8 2],12,25,41,13,25
1,<environment.Job instance at 0x7f0594b16960>,11,18,[4 5],12,72,90,60,72
1,<environment.Job instance at 0x7f0592105190>,5,16,[10  2],6,93,109,87,93
1,<environment.Job instance at 0x7f0592116aa0>,19,3,[7 1],20,143,146,123,143
1,<environment.Job instance at 0x7f0592116e60>,22,18,[5 4],23,183,201,160,183
1,<environment.Job instance at 0x7f0592116c80>,24,12,[6 1],25,204,216,179,204
1,<environment.Job instance at 0x7f0592116280>,26,15,[6 2],27,216,231,189,204
1,<environment.Job instance at 0x7f05921eb3c0>,31,3,[5 2],32,231,234,199,220
1,<environment.Job instance at 0x7f05922c1af0>,39,18,[7 5],40,279,297,239,279
1,<environment.Job instance at 0x7f05922c12d0>,43,12,[5 4],44,328,340,284,328
1,<environment.Job instance at 0x7f059739a3c0>,44,13,[1 8],45,340,353,295,328
1,<environment.Job instance at 0x7f054c1db870>,1,2,[5 9],2,2,4,0,2
1,<environment.Job instance at 0x7f05921053c0>,2,17,[5 5],3,4,21,1,3
1,<environment.Job instance at 0x7f054c028eb0>,0,14,[5 5],1,14,28,13,14
1,<environment.Job instance at 0x7f054c945eb0>,11,17,[7 5],12,28,45,16,17
1,<environment.Job instance at 0x7f054c945960>,15,14,[2 7],16,45,59,29,33
1,<environment.Job instance at 0x7f059254d820>,20,17,[4 5],21,59,76,38,47
1,<environment.Job instance at 0x7f054c3192d0>,0,16,[3 8],1,4,20,3,4
1,<environment.Job instance at 0x7f054c150af0>,9,16,[5 5],10,20,36,10,12
1,<environment.Job instance at 0x7f054c6189b0>,11,16,[5 5],12,74,90,62,74
1,<environment.Job instance at 0x7f059246a870>,7,16,[2 8],8,100,116,92,100
1,<environment.Job instance at 0x7f0594a8b820>,18,15,[4 8],19,116,131,97,111
1,<environment.Job instance at 0x7f39ca8b3370>,1,15,[4 5],2,2,17,0,2
1,<environment.Job instance at 0x7f39c54a44b0>,5,18,[7 5],6,17,35,11,6
1,<environment.Job instance at 0x7f39c54a4910>,13,15,[4 5],14,67,82,53,67
1,<environment.Job instance at 0x7f39c54a4d70>,18,18,[3 6],19,82,100,63,71
1,<environment.Job instance at 0x7f39ca8b3230>,2,18,[ 3 10],3,100,118,97,90
1,<environment.Job instance at 0x7f39c54a7500>,28,2,[5 8],29,118,120,89,113
1,<environment.Job instance at 0x7f39c54a75a0>,29,24,[5 1],30,118,142,88,113
1,<environment.Job instance at 0x7f39c54a76e0>,31,13,[4 5],32,120,133,88,116
1,<environment.Job instance at 0x7f39c54a7820>,33,16,[9 3],34,142,158,108,129
1,<environment.Job instance at 0x7f39c54a7050>,23,18,[7 4],24,158,176,134,154
1,<environment.Job instance at 0x7f39c54a7a00>,36,16,[8 1],37,177,193,140,177
1,<environment.Job instance at 0x7f39c54aa230>,4,14,[ 4 10],5,13,27,8,13
1,<environment.Job instance at 0x7f397f895e10>,8,13,[1 9],9,27,40,18,15
1,<environment.Job instance at 0x7f39c54b19b0>,2,17,[4 8],3,7,24,4,7
1,<environment.Job instance at 0x7f397f6e9410>,13,13,[ 4 10],14,54,67,40,54
1,<environment.Job instance at 0x7f397f877e10>,16,13,[2 5],17,67,80,50,54
1,<environment.Job instance at 0x7f39caa2c820>,19,28,[3 5],20,82,110,62,82
1,<environment.Job instance at 0x7f39ca347280>,2,12,[ 4 10],3,5,17,2,5
1,<environment.Job instance at 0x7f39c5706a00>,8,2,[7 2],9,24,26,15,24
1,<environment.Job instance at 0x7f39c57066e0>,9,1,[1 5],10,24,25,14,24
1,<environment.Job instance at 0x7f39c5706050>,10,1,[1 6],11,25,26,14,24
1,<environment.Job instance at 0x7f39c57063c0>,11,22,[6 4],12,26,48,14,24
1,<environment.Job instance at 0x7f39c9de2870>,6,1,[8 1],7,76,77,69,76
1,<environment.Job instance at 0x7f39ca14b690>,1,12,[5 6],2,81,93,79,81
1,<environment.Job instance at 0x7f39c5628410>,19,18,[6 2],20,93,111,73,82
1,<environment.Job instance at 0x7f39c5706410>,15,14,[8 2],16,111,125,95,102
1,<environment.Job instance at 0x7f39c55d63c0>,7,16,[4 5],8,127,143,119,127
1,<environment.Job instance at 0x7f39ca46f230>,25,15,[6 5],26,128,143,102,128
1,<environment.Job instance at 0x7f39c58d4dc0>,28,17,[7 3],29,143,160,114,131
1,<environment.Job instance at 0x7f39c56f8320>,33,18,[5 7],34,160,178,126,155
1,<environment.Job instance at 0x7f39c57060f0>,14,17,[2 5],15,178,195,163,177
1,<environment.Job instance at 0x7f39c54911e0>,36,13,[1 9],37,195,208,158,180
1,<environment.Job instance at 0x7f39c5611820>,42,2,[2 5],43,208,210,165,198
1,<environment.Job instance at 0x7f39c5611be0>,43,16,[8 4],44,208,224,164,198
1,<environment.Job instance at 0x7f39c56116e0>,49,12,[10  1],50,740,752,690,740
1,<environment.Job instance at 0x7f398a4b38c0>,1,17,[3 7],2,8,25,6,8
1,<environment.Job instance at 0x7f397fb76500>,9,12,[10  3],10,25,37,15,17
1,<environment.Job instance at 0x7f397fb7b460>,18,12,[3 5],19,40,52,21,40
1,<environment.Job instance at 0x7f397fb8da00>,25,15,[10  1],26,106,121,80,106
1,<environment.Job instance at 0x7f397fb8d5a0>,29,14,[1 7],30,121,135,91,118
1,<environment.Job instance at 0x7f397fb8d820>,30,13,[ 2 10],31,135,148,104,121
1,<environment.Job instance at 0x7f39c58db550>,0,1,[7 3],1,2,3,1,2
1,<environment.Job instance at 0x7f397fb8db40>,3,16,[9 4],4,5,21,1,5
1,<environment.Job instance at 0x7f39c9d48370>,5,14,[ 2 10],6,21,35,15,6
1,<environment.Job instance at 0x7f39c5624cd0>,9,16,[5 5],10,35,51,25,24
1,<environment.Job instance at 0x7f39c5624280>,12,13,[ 3 10],13,51,64,38,36
1,<environment.Job instance at 0x7f39c5624690>,16,14,[1 9],17,64,78,47,50
1,<environment.Job instance at 0x7f39c5624320>,18,12,[2 6],19,78,90,59,61
1,<environment.Job instance at 0x7f39c56243c0>,14,18,[9 5],15,90,108,75,81
1,<environment.Job instance at 0x7f39c5624f00>,20,1,[5 8],21,108,109,87,86
1,<environment.Job instance at 0x7f39c9fecf50>,24,16,[5 4],25,117,133,92,117
1,<environment.Job instance at 0x7f39ca3dc0a0>,37,18,[4 7],38,186,204,148,186
1,<environment.Job instance at 0x7f39ca3dccd0>,39,14,[9 1],40,204,218,164,192
1,<environment.Job instance at 0x7f39c52c62d0>,41,18,[8 3],42,218,236,176,207
1,<environment.Job instance at 0x7f39c5747fa0>,2,14,[1 7],3,3,17,0,3
1,<environment.Job instance at 0x7f39c5236050>,6,15,[5 5],7,21,36,14,21
1,<environment.Job instance at 0x7f39c5236550>,11,2,[7 4],12,36,38,24,21
1,<environment.Job instance at 0x7f39c52367d0>,15,15,[1 6],16,36,51,20,24
1,<environment.Job instance at 0x7f397fbeed20>,7,16,[5 4],8,8,24,0,8
1,<environment.Job instance at 0x7f39c5236780>,1,16,[1 6],2,9,25,7,9
1,<environment.Job instance at 0x7f397fbee7d0>,9,2,[5 7],10,25,27,15,10
1,<environment.Job instance at 0x7f397fbeebe0>,6,14,[10  2],7,27,41,20,12
1,<environment.Job instance at 0x7f397faf6280>,14,14,[6 5],15,53,67,38,53
1,<environment.Job instance at 0x7f39c9cc6d70>,10,17,[ 4 10],11,67,84,56,55
1,<environment.Job instance at 0x7f39ca1b12d0>,20,1,[3 9],21,84,85,63,57
1,<environment.Job instance at 0x7f397fbee1e0>,5,17,[8 5],6,89,106,83,89
1,<environment.Job instance at 0x7f39c55c3780>,3,12,[10  3],4,7,19,3,7
1,<environment.Job instance at 0x7f397f93cf50>,7,16,[6 1],8,19,35,11,10
1,<environment.Job instance at 0x7f39c57945f0>,6,15,[9 3],7,35,50,28,24
1,<environment.Job instance at 0x7f397f90c730>,4,3,[6 5],5,29,32,24,29
1,<environment.Job instance at 0x7f397f9e3500>,12,21,[3 9],13,50,71,37,50
1,<environment.Job instance at 0x7f397f9e32d0>,13,12,[4 5],14,71,83,57,58
1,<environment.Job instance at 0x7f397fd44910>,16,3,[9 5],17,83,86,66,72
1,<environment.Job instance at 0x7f397fd44820>,17,13,[3 9],18,86,99,68,73
1,<environment.Job instance at 0x7f397fd57cd0>,19,17,[9 4],20,99,116,79,87
1,<environment.Job instance at 0x7f397f6a0a50>,24,17,[4 8],25,1679,1696,1654,1679
1,<environment.Job instance at 0x7f39ca011690>,9,14,[7 4],10,16,30,6,16
1,<environment.Job instance at 0x7f39ca22a960>,1,14,[8 1],2,2,16,0,2
1,<environment.Job instance at 0x7f39c9e283c0>,9,18,[4 9],10,16,34,6,14
1,<environment.Job instance at 0x7f39c53056e0>,6,14,[3 7],7,34,48,27,19
1,<environment.Job instance at 0x7f39c5399870>,5,18,[7 1],6,69,87,63,69
1,<environment.Job instance at 0x7f39c535fc80>,4,13,[1 6],5,69,82,64,69
1,<environment.Job instance at 0x7f39c5399dc0>,14,15,[6 1],15,93,108,78,93
1,<environment.Job instance at 0x7f39c53ad140>,19,15,[1 8],20,115,130,95,115
1,<environment.Job instance at 0x7f39c5399aa0>,9,16,[6 2],10,116,132,106,116
1,<environment.Job instance at 0x7f39ca2b11e0>,3,17,[2 8],4,130,147,126,118
1,<environment.Job instance at 0x7f39c53ad780>,26,17,[8 4],27,147,164,120,143
1,<environment.Job instance at 0x7f39c53ad8c0>,27,14,[ 4 10],28,164,178,136,162
1,<environment.Job instance at 0x7f39c53ad9b0>,30,18,[3 8],31,215,233,184,215
1,<environment.Job instance at 0x7f39c9e22c30>,2,13,[7 2],3,3,16,0,3
1,<environment.Job instance at 0x7f39c555a870>,5,12,[6 4],6,16,28,10,6
1,<environment.Job instance at 0x7f39ca054cd0>,10,15,[3 7],11,28,43,17,15
1,<environment.Job instance at 0x7f39c9cd0c80>,10,14,[8 2],11,97,111,86,97
1,<environment.Job instance at 0x7f39c9cd0050>,13,13,[7 4],14,111,124,97,97
1,<environment.Job instance at 0x7f39c5955050>,28,15,[10  5],29,235,250,206,235
1,<environment.Job instance at 0x7f39c5955be0>,30,13,[3 7],31,250,263,219,236
1,<environment.Job instance at 0x7f39c5955af0>,38,16,[5 5],39,290,306,251,290
1,<environment.Job instance at 0x7f397f710e60>,43,12,[5 4],44,337,349,293,337
1,<environment.Job instance at 0x7f397f710870>,46,17,[ 3 10],47,349,366,302,348
1,<environment.Job instance at 0x7f39c53216e0>,1,17,[7 5],2,5,22,3,5
1,<environment.Job instance at 0x7f39c53bda00>,8,12,[3 5],9,43,55,34,43
1,<environment.Job instance at 0x7f39c53bd6e0>,11,12,[5 8],12,55,67,43,43
1,<environment.Job instance at 0x7f39c53bdc80>,5,14,[2 7],6,67,81,61,67
1,<environment.Job instance at 0x7f39c5659780>,2,19,[7 5],3,4,23,1,4
1,<environment.Job instance at 0x7f397f9041e0>,6,17,[10  1],7,23,40,16,11
1,<environment.Job instance at 0x7f39ca21cf00>,14,16,[7 3],15,52,68,37,52
1,<environment.Job instance at 0x7f39c5487640>,0,15,[ 5 10],1,68,83,67,57
1,<environment.Job instance at 0x7f397f74cc80>,3,16,[5 6],4,28,44,24,28
1,<environment.Job instance at 0x7f39ca443be0>,8,13,[8 1],9,44,57,35,28
1,<environment.Job instance at 0x7f39ca4431e0>,5,15,[7 3],6,57,72,51,55
1,<environment.Job instance at 0x7f39ca443aa0>,12,12,[5 5],13,83,95,70,83
1,<environment.Job instance at 0x7f39ca443af0>,9,12,[3 9],10,95,107,85,83
1,<environment.Job instance at 0x7f397faf53c0>,17,19,[6 4],18,108,127,90,108
1,<environment.Job instance at 0x7f397faf55f0>,19,20,[8 5],20,131,151,111,131
1,<environment.Job instance at 0x7f39ca443690>,10,14,[9 2],11,163,177,152,163
1,<environment.Job instance at 0x7f397faf5be0>,25,16,[9 1],26,177,193,151,167
1,<environment.Job instance at 0x7f397faf52d0>,27,13,[6 2],28,193,206,165,180
1,<environment.Job instance at 0x7f397faf5730>,31,16,[1 8],32,186,202,154,186
1,<environment.Job instance at 0x7f397faf5d20>,30,16,[2 9],31,206,222,175,195
1,<environment.Job instance at 0x7f397fe13b90>,38,15,[2 9],39,222,237,183,210
1,<environment.Job instance at 0x7f39ca27a780>,1,2,[5 9],2,2,4,0,2
1,<environment.Job instance at 0x7f39ca27a820>,2,2,[5 3],3,4,6,1,3
1,<environment.Job instance at 0x7f39ca27a280>,3,13,[7 1],4,6,19,2,4
1,<environment.Job instance at 0x7f39ca27ad20>,4,15,[6 5],5,19,34,14,6
1,<environment.Job instance at 0x7f39ca287cd0>,14,14,[1 5],15,29,43,14,29
1,<environment.Job instance at 0x7f39ca287370>,21,12,[3 7],22,76,88,54,76
1,<environment.Job instance at 0x7f39ca2874b0>,22,15,[4 6],23,88,103,65,76
1,<environment.Job instance at 0x7f39ca2873c0>,24,17,[3 6],25,103,120,78,91
1,<environment.Job instance at 0x7f39ca28ed20>,27,12,[6 1],28,105,117,77,105
1,<environment.Job instance at 0x7fab701453c0>,5,18,[7 5],6,6,24,0,6
1,<environment.Job instance at 0x7fab70145370>,9,17,[8 1],10,24,41,14,24
1,<environment.Job instance at 0x7fab70145870>,13,15,[4 5],14,41,56,27,31
1,<environment.Job instance at 0x7fab70145b90>,18,18,[3 6],19,56,74,37,56
1,<environment.Job instance at 0x7fab732a5230>,2,18,[ 3 10],3,101,119,98,101
1,<environment.Job instance at 0x7fab70145eb0>,23,18,[7 4],24,150,168,126,150
1,<environment.Job instance at 0x7fab70146690>,32,14,[8 3],33,168,182,135,158
1,<environment.Job instance at 0x7fab701468c0>,33,16,[9 3],34,182,198,148,172
1,<environment.Job instance at 0x7fab70146b40>,38,16,[1 5],39,173,189,134,173
1,<environment.Job instance at 0x7fab70146640>,31,13,[4 5],32,198,211,166,183
1,<environment.Job instance at 0x7fab7014b190>,2,18,[4 6],3,46,64,43,46
1,<environment.Job instance at 0x7fab2a3e1550>,7,18,[10  1],8,64,82,56,54
1,<environment.Job instance at 0x7fab2a516910>,16,17,[8 2],17,117,134,100,117
1,<environment.Job instance at 0x7fab2a53f370>,26,14,[8 4],27,153,167,126,153
1,<environment.Job instance at 0x7fab2a53f410>,29,16,[ 3 10],30,167,183,137,167
1,<environment.Job instance at 0x7fab73417af0>,1,12,[4 7],2,6,18,4,6
1,<environment.Job instance at 0x7fab2a469140>,8,17,[6 3],9,10,27,1,10
1,<environment.Job instance at 0x7fab6ff00820>,14,14,[3 6],15,56,70,41,56
1,<environment.Job instance at 0x7fab704edd70>,7,16,[4 5],8,18,34,10,18
1,<environment.Job instance at 0x7fab704ed500>,11,17,[10  4],12,63,80,51,63
1,<environment.Job instance at 0x7fab704ed550>,13,16,[8 4],14,80,96,66,67
1,<environment.Job instance at 0x7fab2a788190>,4,12,[3 8],5,96,108,91,79
1,<environment.Job instance at 0x7fab7035c230>,20,12,[8 1],21,108,120,87,92
1,<environment.Job instance at 0x7fab70340370>,21,18,[9 4],22,120,138,98,113
1,<environment.Job instance at 0x7fab7057e870>,0,13,[ 4 10],1,10,23,9,10
1,<environment.Job instance at 0x7fab2a767c80>,10,14,[6 3],11,23,37,12,11
1,<environment.Job instance at 0x7fab70c1bd70>,11,17,[4 5],12,23,40,11,12
1,<environment.Job instance at 0x7fab70c38820>,22,18,[6 5],23,126,144,103,126
1,<environment.Job instance at 0x7fab6fffe370>,1,1,[ 5 10],2,2,3,0,2
1,<environment.Job instance at 0x7fab6fffeb90>,7,18,[1 8],8,17,35,9,17
1,<environment.Job instance at 0x7fab2a5aaeb0>,11,14,[ 1 10],12,35,49,23,20
1,<environment.Job instance at 0x7fab2a5aac80>,12,18,[7 4],13,49,67,36,43
1,<environment.Job instance at 0x7fab2a5aa3c0>,13,19,[1 5],14,49,68,35,48
1,<environment.Job instance at 0x7fab2a5aad20>,15,18,[6 4],16,67,85,51,57
1,<environment.Job instance at 0x7fab70e735a0>,19,12,[10  5],20,85,97,65,69
1,<environment.Job instance at 0x7fab70766eb0>,10,19,[1 9],11,46,65,35,46
1,<environment.Job instance at 0x7fab704dc2d0>,14,12,[10  1],15,65,77,50,59
1,<environment.Job instance at 0x7fab70790f00>,17,12,[10  1],18,83,95,65,83
1,<environment.Job instance at 0x7fab7002d640>,18,17,[1 9],19,95,112,76,83
1,<environment.Job instance at 0x7fab6fff99b0>,22,12,[ 1 10],23,112,124,89,112
1,<environment.Job instance at 0x7fab7072c640>,25,17,[2 5],26,157,174,131,157
1,<environment.Job instance at 0x7fab2a806690>,0,12,[4 7],1,30,42,29,30
1,<environment.Job instance at 0x7fab7095e3c0>,14,15,[9 2],15,85,100,70,85
1,<environment.Job instance at 0x7fab7063c0a0>,1,17,[9 4],2,100,117,98,88
1,<environment.Job instance at 0x7fab7095e820>,21,13,[8 4],22,162,175,140,162
1,<environment.Job instance at 0x7fab70440dc0>,11,14,[1 7],12,79,93,67,79
1,<environment.Job instance at 0x7fab702c8b40>,2,13,[9 5],3,3,16,0,3
1,<environment.Job instance at 0x7fab702c8690>,4,17,[4 9],5,16,33,11,5
1,<environment.Job instance at 0x7fab700bb320>,11,15,[3 9],12,33,48,21,20
1,<environment.Job instance at 0x7fab6ffde640>,15,13,[8 3],16,48,61,32,38
1,<environment.Job instance at 0x7fab72f790f0>,6,18,[ 2 10],7,100,118,93,100
1,<environment.Job instance at 0x7fab2aa26dc0>,0,15,[1 8],1,5,20,4,5
1,<environment.Job instance at 0x7fab70a9b280>,5,20,[8 1],6,8,28,2,8
1,<environment.Job instance at 0x7fab700f1d70>,10,18,[5 3],11,28,46,17,23
1,<environment.Job instance at 0x7fab70a9b9b0>,9,16,[ 5 10],10,46,62,36,33
1,<environment.Job instance at 0x7fab2a3d6190>,15,13,[5 4],16,62,75,46,50
1,<environment.Job instance at 0x7fab70af77d0>,17,14,[1 9],18,90,104,72,90
1,<environment.Job instance at 0x7fab709c5af0>,7,15,[9 2],8,8,23,0,8
1,<environment.Job instance at 0x7fab709c59b0>,10,17,[ 4 10],11,28,45,17,28
1,<environment.Job instance at 0x7fab6ff495a0>,2,12,[9 4],3,3,15,0,3
1,<environment.Job instance at 0x7fab2a15e7d0>,3,18,[9 2],4,15,33,11,4
1,<environment.Job instance at 0x7fab70bfa8c0>,10,16,[1 5],11,39,55,28,39
1,<environment.Job instance at 0x7fab6ff75140>,14,18,[8 3],15,44,62,29,44
1,<environment.Job instance at 0x7fab6ff75cd0>,13,12,[8 4],14,62,74,48,45
1,<environment.Job instance at 0x7fab6ff75690>,17,12,[1 8],18,74,86,56,57
1,<environment.Job instance at 0x7fab2aa6daa0>,8,14,[2 9],9,74,88,65,74
1,<environment.Job instance at 0x7fab2aa570f0>,17,2,[7 1],18,115,117,97,115
1,<environment.Job instance at 0x7fab2aa57050>,18,17,[4 5],19,117,134,98,115
1,<environment.Job instance at 0x7fab2aa57320>,22,15,[3 5],23,142,157,119,142
1,<environment.Job instance at 0x7fab70da2410>,3,16,[6 1],4,4,20,0,4
1,<environment.Job instance at 0x7fab6ff87e60>,4,14,[10  5],5,20,34,15,5
1,<environment.Job instance at 0x7fab7024fb90>,11,16,[6 1],12,34,50,22,21
1,<environment.Job instance at 0x7fab2a1e6230>,14,16,[ 3 10],15,50,66,35,37
1,<environment.Job instance at 0x7fab2a0b5f00>,2,17,[5 5],3,4,21,1,4
1,<environment.Job instance at 0x7fab2a0b59b0>,0,14,[5 5],1,6,20,5,6
1,<environment.Job instance at 0x7fab2a0b5cd0>,6,14,[10  4],7,21,35,14,9
1,<environment.Job instance at 0x7fab2a0b5500>,8,13,[6 4],9,35,48,26,19
1,<environment.Job instance at 0x7fab2a069870>,19,19,[5 5],20,48,67,28,44
1,<environment.Job instance at 0x7fab2a0699b0>,21,12,[5 8],22,67,79,45,52
1,<environment.Job instance at 0x7fab2a0b55f0>,2,19,[7 5],3,3,22,0,3
1,<environment.Job instance at 0x7fab2aa5fa00>,8,17,[8 1],9,22,39,13,11
1,<environment.Job instance at 0x7fab2a0b5af0>,6,17,[10  1],7,39,56,32,34
1,<environment.Job instance at 0x7fab2aa5fd20>,14,16,[7 3],15,56,72,41,45
1,<environment.Job instance at 0x7fab2aa5fc80>,17,17,[4 6],18,72,89,54,65
1,<environment.Job instance at 0x7fab731ab140>,0,14,[9 2],1,3,17,2,3
1,<environment.Job instance at 0x7fab2aa76e10>,2,12,[5 5],3,17,29,14,4
1,<environment.Job instance at 0x7fab7002deb0>,12,17,[7 5],13,53,70,40,53
1,<environment.Job instance at 0x7fab2a51c500>,3,17,[5 4],4,76,93,72,76
1,<environment.Job instance at 0x7fab2a28b6e0>,17,13,[6 2],18,93,106,75,77
1,<environment.Job instance at 0x7fab2a28b4b0>,14,14,[ 4 10],15,106,120,91,100
1,<environment.Job instance at 0x7fab7032f0a0>,24,1,[7 2],25,120,121,95,103
1,<environment.Job instance at 0x7fab73191fa0>,28,15,[2 9],29,132,147,103,132
1,<environment.Job instance at 0x7fab2a9767d0>,20,16,[2 9],21,152,168,131,152
1,<environment.Job instance at 0x7fab70405b90>,34,13,[2 7],35,168,181,133,153
1,<environment.Job instance at 0x7fab2a779730>,1,12,[3 7],2,2,14,0,2
1,<environment.Job instance at 0x7fab70936e60>,4,17,[3 6],5,14,31,9,7
1,<environment.Job instance at 0x7fab2aa09b40>,11,16,[1 7],12,31,47,19,20
1,<environment.Job instance at 0x7fab2a9f16e0>,15,13,[ 5 10],16,47,60,31,38
1,<environment.Job instance at 0x7fab2a65c8c0>,4,13,[2 8],5,6,19,1,6
1,<environment.Job instance at 0x7fab2a6500a0>,7,17,[5 3],8,45,62,37,45
1,<environment.Job instance at 0x7fab2aae85f0>,16,13,[5 6],17,73,86,56,73
1,<environment.Job instance at 0x7fab6ff21b90>,18,14,[ 1 10],19,86,100,67,75
1,<environment.Job instance at 0x7fab2a65c500>,5,15,[10  3],6,103,118,97,103
1,<environment.Job instance at 0x7fab708ec910>,24,16,[ 2 10],25,118,134,93,105
1,<environment.Job instance at 0x7fab700c3190>,28,15,[7 3],29,134,149,105,121
1,<environment.Job instance at 0x7f7cb7fe8370>,1,15,[4 5],2,2,17,0,2
1,<environment.Job instance at 0x7f7cb7fe8190>,0,17,[6 2],1,5,22,4,5
1,<environment.Job instance at 0x7f7cb7fe8140>,3,13,[3 8],4,29,42,25,29
1,<environment.Job instance at 0x7f7cb6e895f0>,6,19,[1 7],7,42,61,35,38
1,<environment.Job instance at 0x7f7cb6e89a50>,16,19,[ 3 10],17,61,80,44,53
1,<environment.Job instance at 0x7f7cb6e8a0a0>,25,16,[5 3],26,125,141,99,125
1,<environment.Job instance at 0x7f7cb6e8a640>,31,13,[4 5],32,178,191,146,178
1,<environment.Job instance at 0x7f7cb6e8a730>,32,14,[8 3],33,191,205,158,178
1,<environment.Job instance at 0x7f7cb6e8acd0>,38,16,[1 5],39,192,208,153,192
1,<environment.Job instance at 0x7f7cb6e8a910>,33,16,[9 3],34,205,221,171,193
1,<environment.Job instance at 0x7f7cb6e333c0>,1,13,[ 4 10],2,4,17,2,4
1,<environment.Job instance at 0x7f7cb6e331e0>,0,16,[7 4],1,17,33,16,6
1,<environment.Job instance at 0x7f7c6cfcafa0>,6,17,[8 2],7,33,50,26,28
1,<environment.Job instance at 0x7f7c6cfd37d0>,13,2,[ 1 10],14,50,52,36,31
1,<environment.Job instance at 0x7f7c6cfd3b40>,18,17,[10  5],19,61,78,42,61
1,<environment.Job instance at 0x7f7c6ce1e0f0>,14,18,[3 8],15,54,72,39,54
1,<environment.Job instance at 0x7f7c6ce9caa0>,15,13,[6 3],16,72,85,56,60
1,<environment.Job instance at 0x7f7cb6c60cd0>,21,14,[3 6],22,120,134,98,120
1,<environment.Job instance at 0x7f7c6ce3ba00>,29,21,[6 1],30,160,181,130,160
1,<environment.Job instance at 0x7f7cb6bfdd70>,30,13,[4 9],31,161,174,130,161
1,<environment.Job instance at 0x7f7c6ce217d0>,31,12,[8 2],32,181,193,149,167
1,<environment.Job instance at 0x7f7cb815efa0>,1,15,[4 9],2,4,19,2,4
1,<environment.Job instance at 0x7f7cb7802640>,4,13,[ 5 10],5,19,32,14,5
1,<environment.Job instance at 0x7f7c6ce31cd0>,14,14,[1 8],15,36,50,21,36
1,<environment.Job instance at 0x7f7c6d5094b0>,17,14,[10  3],18,77,91,59,77
1,<environment.Job instance at 0x7f7cb7322910>,0,15,[6 2],1,6,21,5,6
1,<environment.Job instance at 0x7f7cb72cc690>,7,15,[1 7],8,10,25,2,10
1,<environment.Job instance at 0x7f7cb72cc320>,10,12,[6 4],11,25,37,14,11
1,<environment.Job instance at 0x7f7cb794c6e0>,17,17,[ 2 10],18,79,96,61,79
1,<environment.Job instance at 0x7f7cb794cdc0>,21,13,[4 7],22,96,109,74,83
1,<environment.Job instance at 0x7f7cb72cc2d0>,6,15,[10  3],7,109,124,102,100
1,<environment.Job instance at 0x7f7c6d221a50>,2,28,[7 1],3,3,31,0,3
1,<environment.Job instance at 0x7f7cb7733d20>,14,22,[7 2],15,52,74,37,52
1,<environment.Job instance at 0x7f7cb77339b0>,16,14,[10  2],17,74,88,57,59
1,<environment.Job instance at 0x7f7c6d0b5b90>,20,18,[2 7],21,93,111,72,93
1,<environment.Job instance at 0x7f7c6d0b5320>,22,12,[3 9],23,116,128,93,116
1,<environment.Job instance at 0x7f7c6d0b5dc0>,25,18,[6 1],26,120,138,94,120
1,<environment.Job instance at 0x7f7c6d0b5eb0>,31,16,[10  5],32,142,158,110,142
1,<environment.Job instance at 0x7f7c6d0b56e0>,33,16,[1 7],34,158,174,124,145
1,<environment.Job instance at 0x7f7c6d0b53c0>,35,18,[2 7],36,174,192,138,163
1,<environment.Job instance at 0x7f7c6d1b20f0>,39,16,[9 4],40,192,208,152,180
1,<environment.Job instance at 0x7f7c6cffec80>,1,15,[3 5],2,4,19,2,4
1,<environment.Job instance at 0x7f7c6cffe7d0>,3,16,[5 5],4,6,22,2,6
1,<environment.Job instance at 0x7f7c6d154f50>,6,12,[7 4],7,22,34,15,8
1,<environment.Job instance at 0x7f7c6cfeb910>,14,19,[5 5],15,57,76,42,57
1,<environment.Job instance at 0x7f7cb758b730>,19,3,[7 5],20,76,79,56,75
1,<environment.Job instance at 0x7f7cb758b690>,17,14,[10  2],18,79,93,61,75
1,<environment.Job instance at 0x7f7cb7419dc0>,20,14,[4 9],21,204,218,183,204
1,<environment.Job instance at 0x7f7cb78c35f0>,28,12,[ 1 10],29,234,246,205,234
1,<environment.Job instance at 0x7f7c6cf8cc80>,7,16,[1 8],8,28,44,20,28
1,<environment.Job instance at 0x7f7c6cf8cdc0>,9,19,[8 3],10,50,69,40,50
1,<environment.Job instance at 0x7f7c6cf8cb40>,5,16,[5 9],6,69,85,63,56
1,<environment.Job instance at 0x7f7c6cf8ceb0>,14,17,[8 4],15,85,102,70,73
1,<environment.Job instance at 0x7f7c6cf8cf50>,13,18,[8 5],14,102,120,88,91
1,<environment.Job instance at 0x7f7cb6d869b0>,27,16,[5 4],28,272,288,244,272
1,<environment.Job instance at 0x7f7c6d4691e0>,1,14,[4 7],2,4,18,2,4
1,<environment.Job instance at 0x7f7c6d368550>,7,16,[6 1],8,8,24,0,8
1,<environment.Job instance at 0x7f7c6d448140>,3,12,[10  3],4,24,36,20,9
1,<environment.Job instance at 0x7f7c6d487dc0>,16,12,[3 5],17,67,79,50,67
1,<environment.Job instance at 0x7f7cb6f27dc0>,25,2,[7 5],26,114,116,88,114
1,<environment.Job instance at 0x7f7cb77dcd70>,0,17,[8 5],1,4,21,3,4
1,<environment.Job instance at 0x7f7c6ce9cf50>,4,17,[4 8],5,24,41,19,24
1,<environment.Job instance at 0x7f7c6d44dd70>,10,13,[2 9],11,41,54,30,25
1,<environment.Job instance at 0x7f7cb6c900a0>,12,13,[10  1],13,54,67,41,38
1,<environment.Job instance at 0x7f7cb756c5f0>,14,15,[4 6],15,67,82,52,54
1,<environment.Job instance at 0x7f7cb7469230>,20,15,[6 2],21,67,82,46,59
1,<environment.Job instance at 0x7f7cb708cdc0>,23,16,[3 5],24,82,98,58,71
1,<environment.Job instance at 0x7f7c6ce4cbe0>,24,14,[6 2],25,82,96,57,71
1,<environment.Job instance at 0x7f7cb71efa00>,33,17,[8 3],34,122,139,88,122
1,<environment.Job instance at 0x7f7cb71ef6e0>,36,18,[1 7],37,136,154,99,136
1,<environment.Job instance at 0x7f7cb790f4b0>,48,14,[ 4 10],49,236,250,187,236
1,<environment.Job instance at 0x7f7cb7ed72d0>,49,13,[5 8],50,250,263,200,237
1,<environment.Job instance at 0x7f7cb7ed75f0>,52,15,[ 3 10],53,263,278,210,251
1,<environment.Job instance at 0x7f7cb77c68c0>,0,12,[5 1],1,3,15,2,3
1,<environment.Job instance at 0x7f7c6d4fef50>,2,13,[5 5],3,3,16,0,3
1,<environment.Job instance at 0x7f7c6ce02870>,7,17,[3 5],8,21,38,13,21
1,<environment.Job instance at 0x7f7cb750c1e0>,10,16,[8 1],11,38,54,27,25
1,<environment.Job instance at 0x7f7c6d151870>,20,17,[5 4],21,89,106,68,89
1,<environment.Job instance at 0x7f7c6d151d70>,22,12,[2 8],23,106,118,83,91
1,<environment.Job instance at 0x7f7cb6e563c0>,11,12,[8 4],12,118,130,106,109
1,<environment.Job instance at 0x7f7cb7b5a690>,27,14,[6 2],28,130,144,102,115
1,<environment.Job instance at 0x7f7cb7b5a2d0>,30,14,[4 7],31,130,144,99,125
1,<environment.Job instance at 0x7f7cb7b5aa50>,32,1,[3 9],33,149,150,116,149
1,<environment.Job instance at 0x7f7c6d309370>,1,14,[5 5],2,2,16,0,2
1,<environment.Job instance at 0x7f7cb796b320>,8,18,[8 3],9,31,49,22,31
1,<environment.Job instance at 0x7f7cb6ee7d70>,13,2,[9 2],14,74,76,60,74
1,<environment.Job instance at 0x7f7cb6ee7a50>,20,15,[7 2],21,128,143,107,128
1,<environment.Job instance at 0x7f7cb6ee7280>,2,13,[2 6],3,4,17,1,4
1,<environment.Job instance at 0x7f7cb6fb15f0>,5,12,[5 4],6,9,21,3,9
1,<environment.Job instance at 0x7f7cb6d754b0>,8,16,[4 5],9,17,33,8,10
1,<environment.Job instance at 0x7f7c6cfebc30>,10,16,[4 5],11,21,37,10,11
1,<environment.Job instance at 0x7f7cb6f44690>,18,14,[2 5],19,43,57,24,43
1,<environment.Job instance at 0x7f7c6cbe29b0>,19,17,[8 2],20,44,61,24,44
1,<environment.Job instance at 0x7f7c6cc23280>,21,20,[5 2],22,61,81,39,52
1,<environment.Job instance at 0x7f7cb6c63690>,29,18,[8 4],30,138,156,108,138
1,<environment.Job instance at 0x7f7c6d517780>,32,16,[1 7],33,156,172,123,145
1,<environment.Job instance at 0x7f7c6cda1c80>,34,12,[10  5],35,172,184,137,166
1,<environment.Job instance at 0x7f7c6cdc2a00>,44,12,[9 4],45,227,239,182,227
1,<environment.Job instance at 0x7f7c6cdc20a0>,46,14,[3 7],47,239,253,192,231
1,<environment.Job instance at 0x7f7c6cdc2460>,47,18,[4 8],48,253,271,205,242
1,<environment.Job instance at 0x7f7c6cf6d230>,1,12,[1 9],2,2,14,0,2
1,<environment.Job instance at 0x7f7cb72da5f0>,4,17,[9 5],5,14,31,9,5
1,<environment.Job instance at 0x7f7cb72dab40>,9,20,[1 5],10,14,34,4,10
1,<environment.Job instance at 0x7f7cb6ebf4b0>,0,15,[10  3],1,75,90,74,75
1,<environment.Job instance at 0x7f7cb72c23c0>,20,16,[6 1],21,90,106,69,82
1,<environment.Job instance at 0x7f7cb72daf00>,15,19,[3 7],16,90,109,74,88
1,<environment.Job instance at 0x7f7cb72c2410>,22,13,[1 9],23,109,122,86,96
1,<environment.Job instance at 0x7f7cb72c2820>,27,2,[2 8],28,122,124,94,107
1,<environment.Job instance at 0x7f7cb72c28c0>,28,17,[ 2 10],29,124,141,95,112
1,<environment.Job instance at 0x7f7cb72c2960>,29,18,[2 9],30,141,159,111,135
1,<environment.Job instance at 0x7f7cb72c2a50>,32,18,[5 5],33,159,177,126,155
1,<environment.Job instance at 0x7f7cb72c2c80>,35,14,[6 1],36,177,191,141,162
1,<environment.Job instance at 0x7f7cb72c2780>,39,14,[6 5],40,191,205,151,176
1,<environment.Job instance at 0x7f7cb72e4230>,43,16,[6 1],44,234,250,190,234
1,<environment.Job instance at 0x7f7c6cd7ea00>,0,12,[1 8],1,2,14,1,2
1,<environment.Job instance at 0x7f7cb72e4460>,2,12,[7 2],3,3,15,0,3
1,<environment.Job instance at 0x7f7cb71477d0>,18,17,[10  5],19,110,127,91,110
1,<environment.Job instance at 0x7f7c6cc8e870>,21,17,[10  5],22,127,144,105,121
1,<environment.Job instance at 0x7f7c6cb6f6e0>,5,14,[ 2 10],6,7,21,1,7
1,<environment.Job instance at 0x7f7c6cae3410>,0,16,[3 8],1,21,37,20,9
1,<environment.Job instance at 0x7f7cb744bb40>,3,16,[5 6],4,55,71,51,55
1,<environment.Job instance at 0x7f7cb7290320>,10,14,[9 2],11,83,97,72,83
1,<environment.Job instance at 0x7f7cb72907d0>,12,12,[5 5],13,97,109,84,83
1,<environment.Job instance at 0x7f7cb71e6370>,6,15,[5 7],7,135,150,128,135
1,<environment.Job instance at 0x7f7cb71f6a00>,22,17,[7 5],23,155,172,132,155
1,<environment.Job instance at 0x7f7cb71ee1e0>,25,16,[9 1],26,172,188,146,159
1,<environment.Job instance at 0x7f7cb71ee050>,27,13,[6 2],28,188,201,160,172
1,<environment.Job instance at 0x7f7c6d3c19b0>,31,16,[1 8],32,182,198,150,182
1,<environment.Job instance at 0x7f7cb71f0d20>,32,15,[9 3],33,201,216,168,189
1,<environment.Job instance at 0x7f7c6cb02dc0>,1,12,[3 7],2,3,15,1,3
1,<environment.Job instance at 0x7f7cb71ca050>,2,15,[4 6],3,15,30,12,3
1,<environment.Job instance at 0x7f7cb6c08f50>,7,12,[6 1],8,12,24,4,12
1,<environment.Job instance at 0x7f7cb71ca280>,4,17,[3 6],5,30,47,25,19
1,<environment.Job instance at 0x7f7cb6c086e0>,9,16,[10  2],10,47,63,37,34
1,<environment.Job instance at 0x7f7cb7787320>,3,15,[5 5],4,23,38,19,23
1,<environment.Job instance at 0x7f7c6d042a50>,14,16,[ 2 10],15,52,68,37,52
1,<environment.Job instance at 0x7f7c6d042e10>,15,12,[5 4],16,68,80,52,52
1,<environment.Job instance at 0x7f7c6d042820>,16,13,[1 5],17,68,81,51,52
1,<environment.Job instance at 0x7f7c6d042780>,18,15,[7 3],19,80,95,61,66
1,<environment.Job instance at 0x7f7c6d0421e0>,21,15,[6 1],22,95,110,73,82
1,<environment.Job instance at 0x7f7c6d042370>,23,13,[3 5],24,84,97,60,84
1,<environment.Job instance at 0x7f7c6d0422d0>,17,16,[3 8],18,97,113,79,84
1,<environment.Job instance at 0x7f7cb7789c30>,0,3,[8 1],1,2,5,1,2
1,<environment.Job instance at 0x7f7cb7789550>,1,13,[1 8],2,6,19,4,6
1,<environment.Job instance at 0x7f7cb7789d20>,7,18,[7 4],8,19,37,11,12
1,<environment.Job instance at 0x7f7cb7789b90>,10,17,[3 6],11,22,39,11,22
1,<environment.Job instance at 0x7f7cb6e56e10>,12,14,[7 5],13,39,53,26,24
1,<environment.Job instance at 0x7f7cb6e560f0>,18,15,[5 5],19,73,88,54,73
1,<environment.Job instance at 0x7f7cb6e569b0>,20,15,[3 5],21,121,136,100,121
1,<environment.Job instance at 0x7f7cb6e56cd0>,25,15,[2 9],26,136,151,110,124
1,<environment.Job instance at 0x7fea0b78e280>,0,17,[6 2],1,5,22,4,5
1,<environment.Job instance at 0x7fea0437f370>,5,18,[7 5],6,86,104,80,86
1,<environment.Job instance at 0x7fea0437feb0>,23,18,[7 4],24,150,168,126,150
1,<environment.Job instance at 0x7fea04380730>,32,14,[8 3],33,196,210,163,196
1,<environment.Job instance at 0x7fea043807d0>,33,16,[9 3],34,210,226,176,197
1,<environment.Job instance at 0x7fea0b78e230>,2,18,[ 3 10],3,228,246,225,228
1,<environment.Job instance at 0x7fe9c07705a0>,8,17,[10  5],9,15,32,6,15
1,<environment.Job instance at 0x7fe9c0779140>,13,16,[10  3],14,73,89,59,73
1,<environment.Job instance at 0x7fe9c0645410>,2,3,[9 2],3,4,7,1,4
1,<environment.Job instance at 0x7fe9c0645690>,1,14,[3 6],2,7,21,5,6
1,<environment.Job instance at 0x7fe9c06b79b0>,9,21,[6 1],10,17,38,7,17
1,<environment.Job instance at 0x7fe9c06b7460>,10,13,[4 9],11,68,81,57,68
1,<environment.Job instance at 0x7fe9c06a3b90>,17,12,[5 4],18,81,93,63,68
1,<environment.Job instance at 0x7fe9c06b72d0>,8,18,[ 3 10],9,94,112,85,94
1,<environment.Job instance at 0x7fea04509140>,30,13,[1 6],31,156,169,125,156
1,<environment.Job instance at 0x7fea0b901fa0>,31,15,[5 1],32,156,171,124,156
1,<environment.Job instance at 0x7fea0476a9b0>,2,14,[9 5],3,5,19,2,5
1,<environment.Job instance at 0x7fea0481ffa0>,2,18,[4 6],3,7,25,4,7
1,<environment.Job instance at 0x7fe9c0a4b190>,10,16,[6 2],11,22,38,11,22
1,<environment.Job instance at 0x7fe9c0a4b500>,9,17,[1 8],10,46,63,36,46
1,<environment.Job instance at 0x7fea041907d0>,17,13,[5 5],18,67,80,49,67
1,<environment.Job instance at 0x7fe9c0a4b8c0>,6,16,[3 8],7,80,96,73,68
1,<environment.Job instance at 0x7fea0acc86e0>,20,12,[5 1],21,92,104,71,92
1,<environment.Job instance at 0x7fe9c0c43dc0>,14,16,[ 3 10],15,120,136,105,120
1,<environment.Job instance at 0x7fea0acc4c80>,31,15,[10  3],32,147,162,115,147
1,<environment.Job instance at 0x7fea0acc4500>,33,14,[7 5],34,162,176,128,159
1,<environment.Job instance at 0x7fea0acc43c0>,35,17,[8 1],36,176,193,140,170
1,<environment.Job instance at 0x7fea0acc31e0>,38,12,[7 4],39,193,205,154,183
1,<environment.Job instance at 0x7fea0acc9460>,42,14,[4 7],43,205,219,162,190
1,<environment.Job instance at 0x7fea0acc9f50>,45,14,[ 2 10],46,233,247,187,233
1,<environment.Job instance at 0x7fea0acd57d0>,47,16,[ 3 10],48,247,263,199,246
1,<environment.Job instance at 0x7fea0acd5c80>,51,13,[3 9],52,267,280,215,267
1,<environment.Job instance at 0x7fea0acd5d70>,52,13,[ 3 10],53,280,293,227,267
1,<environment.Job instance at 0x7fea0ad43d20>,4,18,[2 7],5,5,23,0,5
1,<environment.Job instance at 0x7fea0b03a0f0>,8,14,[ 4 10],9,23,37,14,23
1,<environment.Job instance at 0x7fea0b03aaa0>,6,18,[3 8],7,37,55,30,36
1,<environment.Job instance at 0x7fea0af6c6e0>,14,17,[ 1 10],15,55,72,40,51
1,<environment.Job instance at 0x7fea0439e500>,22,16,[1 7],23,81,97,58,81
1,<environment.Job instance at 0x7fea0439e640>,23,21,[8 3],24,81,102,57,81
1,<environment.Job instance at 0x7fea0439e5a0>,24,18,[1 6],25,97,115,72,86
1,<environment.Job instance at 0x7fe9c0ac61e0>,0,18,[2 9],1,6,24,5,6
1,<environment.Job instance at 0x7fe9c0ac6aa0>,1,16,[2 7],2,27,43,25,27
1,<environment.Job instance at 0x7fea0452c320>,13,17,[5 3],14,31,48,17,31
1,<environment.Job instance at 0x7fea0452ceb0>,14,12,[2 7],15,43,55,28,32
1,<environment.Job instance at 0x7fea0ac1b2d0>,18,13,[4 6],19,55,68,36,45
1,<environment.Job instance at 0x7fea0abb4640>,20,12,[1 7],21,71,83,50,71
1,<environment.Job instance at 0x7fea0abb4820>,22,13,[10  1],23,83,96,60,71
1,<environment.Job instance at 0x7fea0b03a550>,23,18,[1 7],24,96,114,72,85
1,<environment.Job instance at 0x7fea04509a50>,24,16,[9 3],25,96,112,71,85
1,<environment.Job instance at 0x7fea045a6b40>,1,15,[1 5],2,2,17,0,2
1,<environment.Job instance at 0x7fea0ac463c0>,2,16,[5 6],3,17,33,14,4
1,<environment.Job instance at 0x7fe9c0d0e500>,6,17,[8 2],7,33,50,26,23
1,<environment.Job instance at 0x7fe9c0d0e910>,13,15,[10  4],14,50,65,36,36
1,<environment.Job instance at 0x7fe9c0d0e9b0>,14,16,[ 5 10],15,91,107,76,91
1,<environment.Job instance at 0x7fea046df780>,4,17,[8 5],5,20,37,15,20
1,<environment.Job instance at 0x7fea045bef00>,12,13,[9 5],13,49,62,36,49
1,<environment.Job instance at 0x7fea045be230>,13,15,[ 4 10],14,62,77,48,51
1,<environment.Job instance at 0x7fea045be460>,14,17,[4 9],15,78,95,63,78
1,<environment.Job instance at 0x7fea0416bb40>,30,15,[10  1],31,206,221,175,206
1,<environment.Job instance at 0x7fe9c073bf50>,0,18,[5 3],1,3,21,2,3
1,<environment.Job instance at 0x7fe9c073bc80>,2,15,[5 7],3,7,22,4,7
1,<environment.Job instance at 0x7fea045dd6e0>,7,14,[1 9],8,22,36,14,9
1,<environment.Job instance at 0x7fea045dd910>,10,24,[7 1],11,25,49,14,25
1,<environment.Job instance at 0x7fea0aee9f50>,16,14,[9 4],17,49,63,32,34
1,<environment.Job instance at 0x7fea0aee9410>,18,18,[ 1 10],19,63,81,44,60
1,<environment.Job instance at 0x7fea0445a870>,24,16,[9 5],25,81,97,56,77
1,<environment.Job instance at 0x7fea0445aa00>,2,12,[5 7],3,20,32,17,20
1,<environment.Job instance at 0x7fea0b0b99b0>,15,16,[10  3],16,118,134,102,118
1,<environment.Job instance at 0x7fea04651690>,23,16,[6 3],24,134,150,110,125
1,<environment.Job instance at 0x7fea04651cd0>,27,15,[4 7],28,138,153,110,138
1,<environment.Job instance at 0x7fea045a6d20>,28,14,[8 2],29,153,167,124,141
1,<environment.Job instance at 0x7fe9c0570780>,3,13,[1 7],4,5,18,1,5
1,<environment.Job instance at 0x7fea044c9c30>,1,16,[2 5],2,44,60,42,44
1,<environment.Job instance at 0x7fe9c0570dc0>,9,15,[1 8],10,60,75,50,46
1,<environment.Job instance at 0x7fe9c0570550>,14,18,[5 6],15,92,110,77,92
1,<environment.Job instance at 0x7fe9c0570d70>,17,14,[ 4 10],18,110,124,92,95
1,<environment.Job instance at 0x7fe9c0597820>,26,15,[9 4],27,143,158,116,143
1,<environment.Job instance at 0x7fe9c0597e10>,1,16,[5 4],2,6,22,4,6
1,<environment.Job instance at 0x7fe9c0597820>,2,16,[5 9],3,22,38,19,15
1,<environment.Job instance at 0x7fea0b0125a0>,10,12,[7 4],11,38,50,27,28
1,<environment.Job instance at 0x7fe9c0bb2aa0>,14,18,[5 1],15,52,70,37,52
1,<environment.Job instance at 0x7fe9c0bb2190>,16,15,[2 9],17,59,74,42,59
1,<environment.Job instance at 0x7fea04212a50>,18,18,[1 9],19,74,92,55,72
1,<environment.Job instance at 0x7fea046b6910>,23,17,[9 1],24,2902,2919,2878,2902
1,<environment.Job instance at 0x7fea0ac8a3c0>,2,13,[8 3],3,3,16,0,3
1,<environment.Job instance at 0x7fea0ac6c0a0>,1,12,[5 5],2,16,28,14,5
1,<environment.Job instance at 0x7fea0ab8d6e0>,5,3,[10  4],6,28,31,22,6
1,<environment.Job instance at 0x7fea0ac1e500>,7,1,[4 7],8,57,58,49,57
1,<environment.Job instance at 0x7fea0ab8d870>,18,16,[6 5],19,99,115,80,99
1,<environment.Job instance at 0x7fe9c0b1d820>,21,15,[4 5],22,115,130,93,115
1,<environment.Job instance at 0x7fe9c0b1d0f0>,25,15,[10  4],26,170,185,144,170
1,<environment.Job instance at 0x7fe9c0b1d140>,3,18,[5 2],4,4,22,0,4
1,<environment.Job instance at 0x7fe9c0c58690>,6,18,[6 4],7,22,40,15,11
1,<environment.Job instance at 0x7fe9c0b6e960>,11,14,[5 5],12,40,54,28,26
1,<environment.Job instance at 0x7fe9c0b6ebe0>,10,12,[10  3],11,54,66,43,37
1,<environment.Job instance at 0x7fea0448e550>,11,16,[5 5],12,73,89,61,73
1,<environment.Job instance at 0x7fea041f7550>,15,2,[8 4],16,89,91,73,76
1,<environment.Job instance at 0x7fea0b514190>,7,16,[2 8],8,94,110,86,94
1,<environment.Job instance at 0x7fea041f7e10>,18,15,[4 8],19,110,125,91,100
1,<environment.Job instance at 0x7fe9c0a00aa0>,22,12,[2 6],23,212,224,189,212
1,<environment.Job instance at 0x7fe9c0b385a0>,1,2,[5 9],2,2,4,0,2
1,<environment.Job instance at 0x7fea0449c690>,2,2,[5 3],3,4,6,1,3
1,<environment.Job instance at 0x7fea0b1ddbe0>,3,13,[7 1],4,6,19,2,4
1,<environment.Job instance at 0x7fea0425c050>,4,15,[6 5],5,19,34,14,6
1,<environment.Job instance at 0x7fe9c0a000f0>,5,12,[2 6],6,7,19,1,7
1,<environment.Job instance at 0x7fea0425c140>,14,14,[1 5],15,30,44,15,30
1,<environment.Job instance at 0x7fea04230c80>,19,14,[5 4],20,74,88,54,74
1,<environment.Job instance at 0x7fea04230a00>,21,12,[3 7],22,88,100,66,76
1,<environment.Job instance at 0x7fea04230dc0>,20,14,[ 4 10],21,100,114,79,87
1,<environment.Job instance at 0x7fea042303c0>,23,16,[10  4],24,114,130,90,101
1,<environment.Job instance at 0x7fea046b5af0>,4,13,[2 8],5,6,19,1,6
1,<environment.Job instance at 0x7fea046ce3c0>,7,17,[5 3],8,22,39,14,22
1,<environment.Job instance at 0x7fea0afda550>,12,15,[2 8],13,45,60,32,45
1,<environment.Job instance at 0x7fe9c0ba5dc0>,16,13,[5 6],17,73,86,56,73
1,<environment.Job instance at 0x7fea0ac0f0a0>,18,14,[ 1 10],19,86,100,67,73
1,<environment.Job instance at 0x7fe9c06364b0>,25,12,[5 4],26,125,137,99,125
1,<environment.Job instance at 0x7fe9c05b7fa0>,26,13,[1 5],27,125,138,98,125
1,<environment.Job instance at 0x7fe9c05b77d0>,28,15,[7 3],29,139,154,110,139
1,<environment.Job instance at 0x7fea04404f00>,1,13,[1 8],2,2,15,0,2
1,<environment.Job instance at 0x7fea04404d20>,7,18,[7 4],8,15,33,7,8
1,<environment.Job instance at 0x7fea04404820>,9,16,[2 7],10,33,49,23,27
1,<environment.Job instance at 0x7fea0417eb90>,22,18,[3 5],23,99,117,76,99
1,<environment.Job instance at 0x7fea04404460>,5,15,[3 9],6,150,165,144,150
1,<environment.Job instance at 0x7fea04404140>,6,12,[9 4],7,165,177,158,152
1,<environment.Job instance at 0x7fea0417ee10>,29,16,[4 9],30,177,193,147,166
1,<environment.Job instance at 0x7fea04312320>,34,15,[6 4],35,196,211,161,196
1,<environment.Job instance at 0x7fe9c04822d0>,1,15,[4 5],2,3,18,1,3
1,<environment.Job instance at 0x7fe9c0482b90>,4,18,[4 5],5,5,23,0,5
1,<environment.Job instance at 0x7fe9c0482410>,6,12,[ 3 10],7,23,35,16,9
1,<environment.Job instance at 0x7fea0b690640>,13,13,[3 7],14,35,48,21,24
1,<environment.Job instance at 0x7fea0b690460>,14,13,[8 1],15,48,61,33,36
1,<environment.Job instance at 0x7fea0b6905a0>,16,13,[7 2],17,61,74,44,45
1,<environment.Job instance at 0x7fea0b690cd0>,18,15,[10  3],19,74,89,55,60
1,<environment.Job instance at 0x7fea0b690be0>,21,16,[7 3],22,89,105,67,81
1,<environment.Job instance at 0x7f1d4ee5e410>,4,14,[1 6],5,47,61,42,47
1,<environment.Job instance at 0x7f1d4bd07280>,14,13,[7 3],15,79,92,64,79
1,<environment.Job instance at 0x7f1d4bd07320>,15,18,[2 8],16,92,110,76,81
1,<environment.Job instance at 0x7f1d4eda9500>,4,17,[5 7],5,14,31,9,14
1,<environment.Job instance at 0x7f1d4efde870>,10,17,[1 6],11,31,48,20,30
1,<environment.Job instance at 0x7f1d4efde2d0>,13,14,[8 1],14,35,49,21,35
1,<environment.Job instance at 0x7f1d4efde730>,8,18,[2 8],9,48,66,39,37
1,<environment.Job instance at 0x7f1d4efd57d0>,19,2,[ 3 10],20,66,68,46,57
1,<environment.Job instance at 0x7f1d0609f820>,1,12,[8 1],2,3,15,1,3
1,<environment.Job instance at 0x7f1d06006e10>,8,12,[ 3 10],9,117,129,108,117
1,<environment.Job instance at 0x7f1d4bcfd050>,16,16,[7 5],17,129,145,112,119
1,<environment.Job instance at 0x7f1d4ee90af0>,1,14,[4 7],2,2,16,0,2
1,<environment.Job instance at 0x7f1d064cee10>,6,17,[7 1],7,16,33,9,7
1,<environment.Job instance at 0x7f1d064ce280>,13,13,[7 5],14,33,46,19,23
1,<environment.Job instance at 0x7f1d064ce140>,15,3,[10  1],16,46,49,30,29
1,<environment.Job instance at 0x7f1d064cef00>,3,14,[7 5],4,4,18,0,4
1,<environment.Job instance at 0x7f1d05ffc0f0>,1,14,[2 7],2,18,32,16,6
1,<environment.Job instance at 0x7f1d066c25a0>,6,22,[6 1],7,18,40,11,11
1,<environment.Job instance at 0x7f1d066c27d0>,14,13,[9 4],15,40,53,25,30
1,<environment.Job instance at 0x7f1d066c2dc0>,19,14,[ 1 10],20,67,81,47,67
1,<environment.Job instance at 0x7f1d4be133c0>,6,3,[9 1],7,42,45,35,42
1,<environment.Job instance at 0x7f1d4c060b90>,11,1,[ 2 10],12,45,46,33,43
1,<environment.Job instance at 0x7f1d4c786c30>,23,17,[ 2 10],24,120,137,96,120
1,<environment.Job instance at 0x7f1d4c848050>,5,2,[5 5],6,14,16,8,14
1,<environment.Job instance at 0x7f1d4bf4d640>,11,16,[5 9],12,70,86,58,70
1,<environment.Job instance at 0x7f1d05e995f0>,10,17,[7 5],11,23,40,12,23
1,<environment.Job instance at 0x7f1d05ec2460>,13,15,[4 6],14,40,55,26,35
1,<environment.Job instance at 0x7f1d062ce910>,16,15,[5 3],17,69,84,52,69
1,<environment.Job instance at 0x7f1d05ea6dc0>,7,16,[3 9],8,89,105,81,89
1,<environment.Job instance at 0x7f1d060561e0>,5,15,[5 5],6,144,159,138,144
1,<environment.Job instance at 0x7f1d4bbf7410>,29,14,[7 5],30,168,182,138,168
1,<environment.Job instance at 0x7f1d4bc17f00>,32,17,[5 5],33,182,199,149,170
1,<environment.Job instance at 0x7f1d4c7ccfa0>,3,18,[3 6],4,199,217,195,189
1,<environment.Job instance at 0x7f1d4c288eb0>,0,18,[1 7],1,9,27,8,9
1,<environment.Job instance at 0x7f1d4ea58b90>,13,17,[5 1],14,52,69,38,52
1,<environment.Job instance at 0x7f1d4ea588c0>,17,13,[9 4],18,69,82,51,58
1,<environment.Job instance at 0x7f1d4bf46c80>,23,3,[7 4],24,105,108,81,105
1,<environment.Job instance at 0x7f1d4bf46550>,24,12,[3 8],25,108,120,83,106
1,<environment.Job instance at 0x7f1d4bf46410>,37,14,[5 7],38,188,202,150,188
1,<environment.Job instance at 0x7f1d4ed5c640>,38,18,[4 7],39,202,220,163,191
1,<environment.Job instance at 0x7f1d4ed5c140>,47,13,[10  3],48,243,256,195,243
1,<environment.Job instance at 0x7f1d4bb9ddc0>,6,17,[7 4],7,16,33,9,16
1,<environment.Job instance at 0x7f1d062f28c0>,4,13,[2 9],5,6,19,1,6
1,<environment.Job instance at 0x7f1d4bb3e730>,2,12,[7 2],3,19,31,16,7
1,<environment.Job instance at 0x7f1d4c7365f0>,7,16,[9 1],8,31,47,23,25
1,<environment.Job instance at 0x7f1d4c7a7af0>,19,18,[8 4],20,70,88,50,70
1,<environment.Job instance at 0x7f1d4c7a7230>,22,18,[3 9],23,88,106,65,81
1,<environment.Job instance at 0x7f1d4c035780>,24,16,[5 5],25,106,122,81,94
1,<environment.Job instance at 0x7f1d0665fd20>,10,17,[1 9],11,48,65,37,48
1,<environment.Job instance at 0x7f1d066020a0>,1,12,[10  5],2,65,77,63,61
1,<environment.Job instance at 0x7f1d06679500>,16,18,[1 7],17,77,95,60,66
1,<environment.Job instance at 0x7f1d4bb0ed20>,1,16,[1 8],2,24,40,22,24
1,<environment.Job instance at 0x7f1d4c18db90>,19,14,[3 7],20,91,105,71,91
1,<environment.Job instance at 0x7f1d4c18d640>,20,15,[9 4],21,105,120,84,92
1,<environment.Job instance at 0x7f1d4c18df00>,27,20,[6 2],28,145,165,117,145
1,<environment.Job instance at 0x7f1d4c18d690>,29,18,[ 2 10],30,165,183,135,157
1,<environment.Job instance at 0x7f1d05e276e0>,3,12,[4 6],4,4,16,0,4
1,<environment.Job instance at 0x7f1d0662bc80>,10,2,[1 6],11,57,59,46,57
1,<environment.Job instance at 0x7f1d0662b910>,12,15,[4 9],13,59,74,46,57
1,<environment.Job instance at 0x7f1d0662beb0>,20,16,[3 7],21,173,189,152,173
1,<environment.Job instance at 0x7f1d4c29cd70>,23,13,[5 5],24,189,202,165,176
1,<environment.Job instance at 0x7f1d4c29c6e0>,25,16,[7 5],26,202,218,176,191
1,<environment.Job instance at 0x7f1d4c29cf00>,28,13,[3 8],29,218,231,189,204
1,<environment.Job instance at 0x7f1d4c29ceb0>,30,14,[3 5],31,231,245,200,217
1,<environment.Job instance at 0x7f1d0614f8c0>,35,16,[5 8],36,245,261,209,232
1,<environment.Job instance at 0x7f1d06269cd0>,6,12,[6 5],7,44,56,37,44
1,<environment.Job instance at 0x7f1d05dd6d20>,10,17,[9 4],11,77,94,66,77
1,<environment.Job instance at 0x7f1d05dd6500>,12,18,[4 8],13,96,114,83,96
1,<environment.Job instance at 0x7f1d4c019aa0>,22,13,[5 8],23,170,183,147,170
1,<environment.Job instance at 0x7f1d4c019960>,27,12,[6 3],28,196,208,168,196
1,<environment.Job instance at 0x7f1d4c019cd0>,28,15,[ 5 10],29,208,223,179,196
1,<environment.Job instance at 0x7f1d0629fa50>,31,19,[4 8],32,223,242,191,222
1,<environment.Job instance at 0x7f1d0629f190>,33,14,[5 2],34,228,242,194,228
1,<environment.Job instance at 0x7f1d4bc0bd20>,3,14,[3 8],4,4,18,0,4
1,<environment.Job instance at 0x7f1d0629faa0>,2,1,[10  4],3,18,19,15,5
1,<environment.Job instance at 0x7f1d05f6f140>,5,17,[3 6],6,19,36,13,7
1,<environment.Job instance at 0x7f1d05f6fb40>,8,16,[1 5],9,44,60,35,44
1,<environment.Job instance at 0x7f1d05ec2e10>,14,13,[6 5],15,47,60,32,47
1,<environment.Job instance at 0x7f1d05f82730>,4,17,[10  5],5,60,77,55,48
1,<environment.Job instance at 0x7f1d063e9730>,3,3,[8 2],4,4,7,0,4
1,<environment.Job instance at 0x7f1d05e744b0>,4,15,[7 1],5,7,22,2,5
1,<environment.Job instance at 0x7f1d05e74190>,5,2,[5 4],6,22,24,16,6
1,<environment.Job instance at 0x7f1d05e74550>,6,17,[5 4],7,22,39,15,10
1,<environment.Job instance at 0x7f1d4c51aeb0>,2,14,[7 2],3,5,19,2,5
1,<environment.Job instance at 0x7f1d4c51a460>,5,12,[6 1],6,19,31,13,6
1,<environment.Job instance at 0x7f1d4c51a820>,6,13,[9 2],7,31,44,24,15
1,<environment.Job instance at 0x7f1d4c50b1e0>,13,12,[ 3 10],14,44,56,30,29
1,<environment.Job instance at 0x7f1d4c50b050>,16,12,[10  1],17,56,68,39,43
1,<environment.Job instance at 0x7f1d4c50b140>,19,17,[5 5],20,68,85,48,58
1,<environment.Job instance at 0x7f1d06123820>,1,15,[6 5],2,2,17,0,2
1,<environment.Job instance at 0x7f1d4ed91500>,7,13,[5 4],8,17,30,9,8
1,<environment.Job instance at 0x7f1d06479be0>,8,18,[9 2],9,30,48,21,19
1,<environment.Job instance at 0x7f1d062a3730>,2,16,[5 4],3,48,64,45,35
1,<environment.Job instance at 0x7f1d4c322e10>,17,18,[1 5],18,49,67,31,49
1,<environment.Job instance at 0x7f1d0650d140>,19,12,[6 3],20,64,76,44,49
1,<environment.Job instance at 0x7f1d4c82ec30>,21,15,[4 8],22,76,91,54,64
1,<environment.Job instance at 0x7f61629e8280>,14,13,[7 3],15,84,97,69,84
1,<environment.Job instance at 0x7f61629e83c0>,16,16,[3 5],17,90,106,73,90
1,<environment.Job instance at 0x7f6169f6f230>,2,18,[5 5],3,3,21,0,3
1,<environment.Job instance at 0x7f6169f63640>,5,2,[10  4],6,21,23,15,6
1,<environment.Job instance at 0x7f6169f68f00>,13,2,[5 9],14,24,26,10,24
1,<environment.Job instance at 0x7f6169f68c30>,15,14,[5 1],16,24,38,8,24
1,<environment.Job instance at 0x7f6169f63d70>,7,18,[3 8],8,27,45,19,27
1,<environment.Job instance at 0x7f6169f68aa0>,18,13,[8 5],19,45,58,26,32
1,<environment.Job instance at 0x7f6169f68320>,20,13,[9 4],21,58,71,37,45
1,<environment.Job instance at 0x7f6169f66820>,23,16,[ 4 10],24,71,87,47,60
1,<environment.Job instance at 0x7f6169f66c80>,26,18,[5 7],27,87,105,60,79
1,<environment.Job instance at 0x7f611ed7e320>,1,14,[10  2],2,4,18,2,4
1,<environment.Job instance at 0x7f611ed93af0>,5,15,[7 3],6,18,33,12,6
1,<environment.Job instance at 0x7f611ed7ebe0>,0,17,[ 3 10],1,151,168,150,151
1,<environment.Job instance at 0x7f611ed932d0>,25,13,[ 4 10],26,168,181,142,155
1,<environment.Job instance at 0x7f611edd34b0>,31,14,[4 7],32,217,231,185,217
1,<environment.Job instance at 0x7f611ed97d70>,2,14,[2 9],3,6,20,3,6
1,<environment.Job instance at 0x7f611ed971e0>,1,13,[4 9],2,20,33,18,8
1,<environment.Job instance at 0x7f611ee14cd0>,10,18,[10  3],11,33,51,22,22
1,<environment.Job instance at 0x7f611ee14780>,20,17,[7 5],21,63,80,42,63
1,<environment.Job instance at 0x7f611edb7780>,6,12,[5 9],7,111,123,104,111
1,<environment.Job instance at 0x7f611ee14640>,27,15,[3 7],28,123,138,95,113
1,<environment.Job instance at 0x7f611ee14820>,18,18,[10  1],19,151,169,132,151
1,<environment.Job instance at 0x7f611f3130f0>,37,19,[10  5],38,169,188,131,159
1,<environment.Job instance at 0x7f611f0e9a50>,6,16,[7 4],7,41,57,34,41
1,<environment.Job instance at 0x7f611f0e9be0>,8,18,[4 6],9,88,106,79,88
1,<environment.Job instance at 0x7f611f0e9fa0>,13,12,[9 1],14,132,144,118,132
1,<environment.Job instance at 0x7f611f0d10a0>,14,14,[5 5],15,144,158,129,140
1,<environment.Job instance at 0x7f611f313050>,1,3,[10  5],2,158,161,156,144
1,<environment.Job instance at 0x7f611f0d1320>,19,1,[5 4],20,144,145,124,144
1,<environment.Job instance at 0x7f611f0d14b0>,21,1,[ 2 10],22,198,199,176,198
1,<environment.Job instance at 0x7f611f0d1be0>,30,13,[4 5],31,243,256,212,243
1,<environment.Job instance at 0x7f611f0d1870>,27,13,[5 4],28,243,256,215,243
1,<environment.Job instance at 0x7f611f0d1c30>,33,17,[ 2 10],34,274,291,240,274
1,<environment.Job instance at 0x7f6167480050>,5,2,[5 5],6,7,9,1,7
1,<environment.Job instance at 0x7f611f0d1f50>,3,17,[9 4],4,46,63,42,46
1,<environment.Job instance at 0x7f611ec2f190>,1,12,[3 8],2,4,16,2,4
1,<environment.Job instance at 0x7f6162865550>,0,17,[7 5],1,115,132,114,115
1,<environment.Job instance at 0x7f611f02d050>,19,14,[7 5],20,140,154,120,140
1,<environment.Job instance at 0x7f6162a07c80>,22,17,[5 5],23,154,171,131,142
1,<environment.Job instance at 0x7f611f02da00>,16,13,[5 5],17,159,172,142,159
1,<environment.Job instance at 0x7f6162a07640>,24,16,[10  4],25,185,201,160,185
1,<environment.Job instance at 0x7f611f32b780>,29,18,[9 5],30,201,219,171,190
1,<environment.Job instance at 0x7f61671598c0>,33,12,[7 2],34,219,231,185,211
1,<environment.Job instance at 0x7f6167404be0>,35,20,[3 8],36,222,242,186,222
1,<environment.Job instance at 0x7f6167404af0>,2,16,[5 5],3,5,21,2,5
1,<environment.Job instance at 0x7f6162982500>,5,3,[10  2],6,21,24,15,6
1,<environment.Job instance at 0x7f61670ac780>,12,3,[8 4],13,67,70,54,67
1,<environment.Job instance at 0x7f61670ac6e0>,13,15,[5 8],14,70,85,56,70
1,<environment.Job instance at 0x7f61670acb40>,18,18,[4 7],19,98,116,79,98
1,<environment.Job instance at 0x7f61670ac820>,15,13,[10  4],16,141,154,125,141
1,<environment.Job instance at 0x7f61670acf50>,24,12,[10  3],25,154,166,129,142
1,<environment.Job instance at 0x7f61670d9230>,30,16,[10  4],31,166,182,135,158
1,<environment.Job instance at 0x7f61670d95f0>,5,13,[6 4],6,13,26,7,13
1,<environment.Job instance at 0x7f616765dc80>,9,18,[2 9],10,34,52,24,34
1,<environment.Job instance at 0x7f61628d3730>,10,18,[10  4],11,52,70,41,45
1,<environment.Job instance at 0x7f61670c8af0>,1,17,[1 8],2,70,87,68,66
1,<environment.Job instance at 0x7f611ee52640>,20,15,[5 5],21,106,121,85,106
1,<environment.Job instance at 0x7f61670c8b40>,2,16,[10  3],3,121,137,118,110
1,<environment.Job instance at 0x7f611ee52be0>,23,18,[4 9],24,137,155,113,126
1,<environment.Job instance at 0x7f6162d5bf50>,27,16,[9 1],28,1893,1909,1865,1893
1,<environment.Job instance at 0x7f61671833c0>,6,14,[8 5],7,40,54,33,40
1,<environment.Job instance at 0x7f6166fd4c80>,1,13,[ 4 10],2,73,86,71,73
1,<environment.Job instance at 0x7f6162e780f0>,18,12,[3 8],19,86,98,67,73
1,<environment.Job instance at 0x7f611ed97190>,9,13,[3 9],10,103,116,93,103
1,<environment.Job instance at 0x7f616717d3c0>,24,14,[1 5],25,121,135,96,121
1,<environment.Job instance at 0x7f6162830c30>,0,18,[7 1],1,6,24,5,6
1,<environment.Job instance at 0x7f611f36e9b0>,1,16,[1 8],2,23,39,21,23
1,<environment.Job instance at 0x7f616277af50>,14,15,[9 1],15,51,66,36,51
1,<environment.Job instance at 0x7f616276d3c0>,20,15,[9 4],21,99,114,78,99
1,<environment.Job instance at 0x7f616276d0a0>,22,13,[1 5],23,101,114,78,101
1,<environment.Job instance at 0x7f616276da00>,28,16,[4 9],29,170,186,141,170
1,<environment.Job instance at 0x7f6162d12af0>,13,13,[5 5],14,63,76,49,63
1,<environment.Job instance at 0x7f611ebd3320>,17,18,[1 7],18,76,94,58,72
1,<environment.Job instance at 0x7f611ebd3f50>,19,13,[10  5],20,94,107,74,80
1,<environment.Job instance at 0x7f611ebd3fa0>,23,12,[6 1],24,117,129,93,117
1,<environment.Job instance at 0x7f611ebd3eb0>,25,16,[5 8],26,129,145,103,117
1,<environment.Job instance at 0x7f61628e9730>,32,17,[10  4],33,163,180,130,163
1,<environment.Job instance at 0x7f61673d27d0>,0,18,[9 5],1,29,47,28,29
1,<environment.Job instance at 0x7f611eda1c80>,8,16,[ 5 10],9,47,63,38,34
1,<environment.Job instance at 0x7f61670adb90>,14,15,[9 4],15,63,78,48,57
1,<environment.Job instance at 0x7f61670addc0>,17,14,[2 6],18,79,93,61,79
1,<environment.Job instance at 0x7f61670ad640>,18,15,[3 8],19,102,117,83,102
1,<environment.Job instance at 0x7f61670ada50>,23,3,[4 5],24,121,124,97,121
1,<environment.Job instance at 0x7f61670ada00>,27,20,[3 7],28,797,817,769,797
1,<environment.Job instance at 0x7f611ef92050>,29,18,[7 1],30,817,835,787,817
1,<environment.Job instance at 0x7f611ef92820>,31,15,[10  4],32,835,850,803,826
1,<environment.Job instance at 0x7f611ef92a50>,1,19,[4 8],2,5,24,3,5
1,<environment.Job instance at 0x7f611ee36a50>,7,18,[9 4],8,24,42,16,24
1,<environment.Job instance at 0x7f611ee38a50>,25,17,[3 6],26,75,92,49,75
1,<environment.Job instance at 0x7f611ee86050>,1,13,[1 9],2,4,17,2,4
1,<environment.Job instance at 0x7f6162ca1eb0>,9,13,[7 5],10,17,30,7,13
1,<environment.Job instance at 0x7f6162ca1b40>,11,1,[9 1],12,30,31,18,22
1,<environment.Job instance at 0x7f6162e49e60>,13,3,[8 2],14,31,34,17,24
1,<environment.Job instance at 0x7f6162e26b40>,14,15,[7 1],15,34,49,19,24
1,<environment.Job instance at 0x7f611ee12c30>,17,14,[8 1],18,49,63,31,37
1,<environment.Job instance at 0x7f611ed5b960>,8,17,[ 1 10],9,63,80,54,55
1,<environment.Job instance at 0x7f611ea3a690>,2,14,[7 2],3,6,20,3,6
1,<environment.Job instance at 0x7f611ea3a640>,4,14,[7 2],5,20,34,15,6
1,<environment.Job instance at 0x7f6162a900a0>,12,14,[5 4],13,34,48,21,21
1,<environment.Job instance at 0x7f6162a90780>,13,12,[ 3 10],14,48,60,34,33
1,<environment.Job instance at 0x7f6162a905a0>,16,12,[10  1],17,60,72,43,46
1,<environment.Job instance at 0x7f6162a90910>,19,17,[5 5],20,72,89,52,60
1,<environment.Job instance at 0x7f6162a907d0>,21,17,[8 4],22,89,106,67,80
1,<environment.Job instance at 0x7f61673a6d70>,1,14,[5 5],2,4,18,2,4
1,<environment.Job instance at 0x7f616286a460>,4,16,[6 1],5,18,34,13,5
1,<environment.Job instance at 0x7f611efac050>,7,18,[1 5],8,23,41,15,23
1,<environment.Job instance at 0x7f611eca7320>,12,12,[1 8],13,41,53,28,25
1,<environment.Job instance at 0x7f611eca7370>,14,13,[9 5],15,53,66,38,37
1,<environment.Job instance at 0x7f611eca74b0>,2,17,[8 5],3,3,20,0,3
1,<environment.Job instance at 0x7f611ef8d690>,11,17,[6 4],12,28,45,16,28
1,<environment.Job instance at 0x7f611ec56be0>,1,13,[8 3],2,45,58,43,29
1,<environment.Job instance at 0x7f611ee26aa0>,16,12,[5 1],17,58,70,41,44
1,<environment.Job instance at 0x7f6162b9b7d0>,12,17,[4 7],13,58,75,45,55
1,<environment.Job instance at 0x7f6162a4d280>,21,14,[1 6],22,75,89,53,68
1,<environment.Job instance at 0x7f6167429820>,22,15,[8 1],23,75,90,52,69
1,<environment.Job instance at 0x7f61628e5eb0>,26,15,[ 4 10],27,90,105,63,76
1,<environment.Job instance at 0x7f6162ece190>,36,18,[ 4 10],37,167,185,130,167
1,<environment.Job instance at 0x7f6162755320>,6,15,[1 8],7,7,22,0,7
1,<environment.Job instance at 0x7f61627555f0>,7,15,[6 4],8,22,37,14,8
1,<environment.Job instance at 0x7f6162755c30>,11,19,[2 6],12,24,43,12,24
1,<environment.Job instance at 0x7f611efa9690>,5,14,[9 5],6,80,94,74,80
1,<environment.Job instance at 0x7f611ecec7d0>,17,18,[5 4],18,120,138,102,120
1,<environment.Job instance at 0x7f616755e690>,22,18,[9 3],23,138,156,115,132
1,<environment.Job instance at 0x7f611ed1cc80>,3,18,[ 2 10],4,175,193,171,175
1,<environment.Job instance at 0x7f611ea236e0>,32,13,[5 5],33,193,206,160,177
1,<environment.Job instance at 0x7f611ea231e0>,36,13,[4 8],37,1178,1191,1141,1178
1,<environment.Job instance at 0x7f611ea23640>,37,17,[10  1],38,1191,1208,1153,1180
1,<environment.Job instance at 0x7f5061e6f4b0>,4,14,[1 6],5,73,87,68,73
1,<environment.Job instance at 0x7f5061e6fb40>,15,18,[2 8],16,108,126,92,108
1,<environment.Job instance at 0x7f50693ec910>,3,2,[5 9],4,4,6,0,4
1,<environment.Job instance at 0x7f50693f1230>,5,14,[5 1],6,6,20,0,6
1,<environment.Job instance at 0x7f50693f1460>,8,13,[8 5],9,20,33,11,11
1,<environment.Job instance at 0x7f50693f4050>,12,15,[5 9],13,33,48,20,23
1,<environment.Job instance at 0x7f50693f4230>,11,14,[2 6],12,48,62,36,33
1,<environment.Job instance at 0x7f50693e5e60>,20,16,[7 1],21,56,72,35,56
1,<environment.Job instance at 0x7f50693e5780>,22,14,[4 7],23,72,86,49,67
1,<environment.Job instance at 0x7f50693e5050>,24,12,[5 6],25,86,98,61,70
1,<environment.Job instance at 0x7f501e2663c0>,1,13,[5 6],2,4,17,2,4
1,<environment.Job instance at 0x7f501e266a00>,5,13,[ 4 10],6,17,30,11,8
1,<environment.Job instance at 0x7f501e266370>,10,14,[1 7],11,30,44,19,18
1,<environment.Job instance at 0x7f501e171c80>,4,13,[9 4],5,5,18,0,5
1,<environment.Job instance at 0x7f501e2741e0>,7,19,[10  5],8,18,37,10,12
1,<environment.Job instance at 0x7f50622ce640>,11,17,[5 1],12,56,73,44,56
1,<environment.Job instance at 0x7f5061c8db90>,7,16,[3 9],8,17,33,9,17
1,<environment.Job instance at 0x7f50667818c0>,11,12,[3 8],12,33,45,21,24
1,<environment.Job instance at 0x7f501e5332d0>,16,15,[5 3],17,69,84,52,69
1,<environment.Job instance at 0x7f50667812d0>,10,17,[7 5],11,84,101,73,72
1,<environment.Job instance at 0x7f501e2f9500>,22,2,[5 7],23,122,124,99,122
1,<environment.Job instance at 0x7f5061c8d8c0>,3,18,[3 6],4,124,142,120,123
1,<environment.Job instance at 0x7f501e2f9230>,27,2,[6 3],28,145,147,117,145
1,<environment.Job instance at 0x7f501e2f9640>,26,13,[5 5],27,147,160,120,147
1,<environment.Job instance at 0x7f501e2f98c0>,29,14,[7 5],30,160,174,130,149
1,<environment.Job instance at 0x7f501e2f92d0>,34,16,[10  4],35,182,198,147,182
1,<environment.Job instance at 0x7f501e2f92d0>,2,16,[5 5],3,5,21,2,5
1,<environment.Job instance at 0x7f5061de5280>,13,15,[5 8],14,95,110,81,95
1,<environment.Job instance at 0x7f501e42f1e0>,15,13,[10  4],16,110,123,94,96
1,<environment.Job instance at 0x7f501e476e10>,24,12,[10  3],25,140,152,115,140
1,<environment.Job instance at 0x7f501e476140>,27,13,[10  3],28,152,165,124,140
1,<environment.Job instance at 0x7f50669b8b90>,29,3,[9 2],30,165,168,135,141
1,<environment.Job instance at 0x7f5066729b40>,36,17,[7 4],37,203,220,166,203
1,<environment.Job instance at 0x7f50620c9500>,1,13,[6 5],2,3,16,1,3
1,<environment.Job instance at 0x7f5061f09050>,0,18,[10  4],1,16,34,15,8
1,<environment.Job instance at 0x7f506655ef00>,4,14,[2 7],5,34,48,29,34
1,<environment.Job instance at 0x7f50664f4d20>,13,18,[4 9],14,48,66,34,40
1,<environment.Job instance at 0x7f50664f4fa0>,15,12,[10  5],16,66,78,50,51
1,<environment.Job instance at 0x7f50664f0690>,29,18,[8 4],30,545,563,515,545
1,<environment.Job instance at 0x7f50664f0af0>,32,18,[3 9],33,563,581,530,562
1,<environment.Job instance at 0x7f501e756e10>,0,17,[1 9],1,5,22,4,5
1,<environment.Job instance at 0x7f5066486af0>,9,15,[1 6],10,22,37,12,10
1,<environment.Job instance at 0x7f5061ed22d0>,1,20,[5 1],2,2,22,0,2
1,<environment.Job instance at 0x7f5061ed2820>,2,14,[6 5],3,94,108,91,94
1,<environment.Job instance at 0x7f501e5f50a0>,15,16,[4 5],16,95,111,79,95
1,<environment.Job instance at 0x7f5061ed29b0>,4,15,[10  3],5,111,126,106,97
1,<environment.Job instance at 0x7f50622fe0a0>,20,16,[9 2],21,126,142,105,115
1,<environment.Job instance at 0x7f5061fde5f0>,22,17,[5 8],23,142,159,119,130
1,<environment.Job instance at 0x7f501e7a3fa0>,6,12,[6 5],7,43,55,36,43
1,<environment.Job instance at 0x7f5061de5f00>,4,1,[10  5],5,59,60,54,59
1,<environment.Job instance at 0x7f501e7b35a0>,13,15,[ 1 10],14,89,104,75,89
1,<environment.Job instance at 0x7f501e7b3550>,3,18,[9 4],4,6,24,2,6
1,<environment.Job instance at 0x7f5028e5cd20>,8,15,[ 5 10],9,24,39,15,13
1,<environment.Job instance at 0x7f501e585d20>,13,14,[5 2],14,55,69,41,55
1,<environment.Job instance at 0x7f501e5ca780>,17,18,[9 4],18,69,87,51,59
1,<environment.Job instance at 0x7f501e7b3640>,4,18,[ 4 10],5,87,105,82,77
1,<environment.Job instance at 0x7f501e757190>,27,13,[6 3],28,105,118,77,92
1,<environment.Job instance at 0x7f501e757f50>,28,18,[1 5],29,105,123,76,100
1,<environment.Job instance at 0x7f501e757c80>,31,3,[2 7],32,123,126,91,119
1,<environment.Job instance at 0x7f501e757870>,32,1,[10  4],33,126,127,93,120
1,<environment.Job instance at 0x7f50622feb40>,33,14,[3 8],34,127,141,93,122
1,<environment.Job instance at 0x7f50622fedc0>,35,17,[3 6],36,141,158,105,131
1,<environment.Job instance at 0x7f501e65f550>,5,2,[5 5],6,19,21,13,19
1,<environment.Job instance at 0x7f501e65f5a0>,11,1,[9 1],12,21,22,9,21
1,<environment.Job instance at 0x7f501e65f320>,9,13,[7 5],10,22,35,12,21
1,<environment.Job instance at 0x7f5061e00fa0>,13,3,[8 2],14,35,38,21,21
1,<environment.Job instance at 0x7f5061e00d20>,14,15,[7 1],15,38,53,23,24
1,<environment.Job instance at 0x7f5061e00910>,18,16,[ 4 10],19,61,77,42,61
1,<environment.Job instance at 0x7f501e2dc2d0>,1,16,[6 5],2,2,18,0,2
1,<environment.Job instance at 0x7f50622b7b90>,8,16,[9 2],9,18,34,9,9
1,<environment.Job instance at 0x7f50622b7be0>,6,12,[10  1],7,34,46,27,21
1,<environment.Job instance at 0x7f50622d60a0>,13,12,[5 9],14,46,58,32,34
1,<environment.Job instance at 0x7f50622d6cd0>,14,12,[6 4],15,58,70,43,43
1,<environment.Job instance at 0x7f50622d6af0>,18,2,[8 1],19,2599,2601,2580,2599
1,<environment.Job instance at 0x7f501e5649b0>,5,14,[2 8],6,7,21,1,7
1,<environment.Job instance at 0x7f5061cbeaf0>,0,15,[7 3],1,21,36,20,19
1,<environment.Job instance at 0x7f5061cf0f00>,10,13,[3 6],11,21,34,10,20
1,<environment.Job instance at 0x7f501e128820>,14,3,[ 3 10],15,36,39,21,25
1,<environment.Job instance at 0x7f501e1282d0>,16,3,[5 3],17,39,42,22,25
1,<environment.Job instance at 0x7f501e43eaa0>,17,17,[7 4],18,42,59,24,30
1,<environment.Job instance at 0x7f506679a370>,4,18,[5 4],5,34,52,29,34
1,<environment.Job instance at 0x7f501dfaca50>,14,16,[4 7],15,59,75,44,59
1,<environment.Job instance at 0x7f501dfacdc0>,15,12,[9 1],16,75,87,59,59
1,<environment.Job instance at 0x7f501dfac500>,26,18,[7 5],27,126,144,99,126
1,<environment.Job instance at 0x7f501dfac550>,27,15,[7 2],28,144,159,116,132
1,<environment.Job instance at 0x7f50668309b0>,11,14,[5 9],12,102,116,90,102
1,<environment.Job instance at 0x7f5066830c80>,15,14,[9 2],16,116,130,100,104
1,<environment.Job instance at 0x7f501e049d70>,6,18,[6 1],7,49,67,42,49
1,<environment.Job instance at 0x7f501e049cd0>,5,12,[1 9],6,49,61,43,49
1,<environment.Job instance at 0x7f5061c920f0>,15,14,[3 9],16,61,75,45,51
1,<environment.Job instance at 0x7f5061c92370>,16,12,[10  1],17,75,87,58,63
1,<environment.Job instance at 0x7f5061dd94b0>,9,12,[1 7],10,10,22,0,10
1,<environment.Job instance at 0x7f5061dd9690>,12,12,[1 6],13,22,34,9,13
1,<environment.Job instance at 0x7f501ddf5af0>,13,17,[5 5],14,34,51,20,22
1,<environment.Job instance at 0x7f5061dd9500>,0,18,[3 9],1,51,69,50,40
1,<environment.Job instance at 0x7f501ddf5730>,22,12,[5 6],23,69,81,46,56
1,<environment.Job instance at 0x7f501ddf5dc0>,24,12,[6 1],25,81,93,56,65
1,<environment.Job instance at 0x7f5061dd95a0>,11,18,[10  5],12,93,111,81,82
1,<environment.Job instance at 0x7f5062130f50>,14,3,[9 1],15,97,100,82,97
1,<environment.Job instance at 0x7fd0693aca00>,13,18,[ 4 10],14,80,98,66,80
1,<environment.Job instance at 0x7fd0693acbe0>,16,16,[3 5],17,98,114,81,91
1,<environment.Job instance at 0x7fd0693b5d20>,1,14,[2 6],2,4,18,2,4
1,<environment.Job instance at 0x7fd07092ef00>,7,3,[5 5],8,18,21,10,8
1,<environment.Job instance at 0x7fd0693b69b0>,0,13,[9 4],1,21,34,20,10
1,<environment.Job instance at 0x7fd07092da50>,14,12,[5 6],15,34,46,19,25
1,<environment.Job instance at 0x7fd025698af0>,3,13,[7 5],4,4,17,0,4
1,<environment.Job instance at 0x7fd025a8bbe0>,1,18,[1 9],2,17,35,15,6
1,<environment.Job instance at 0x7fd025698410>,5,3,[10  1],6,35,38,29,19
1,<environment.Job instance at 0x7fd0256d0e60>,12,16,[6 4],13,38,54,25,30
1,<environment.Job instance at 0x7fd0256d0550>,15,16,[ 2 10],16,59,75,43,59
1,<environment.Job instance at 0x7fd0256d0910>,19,14,[2 6],20,82,96,62,82
1,<environment.Job instance at 0x7fd0256d0f00>,13,18,[6 5],14,108,126,94,108
1,<environment.Job instance at 0x7fd0256d0870>,22,14,[2 9],23,126,140,103,112
1,<environment.Job instance at 0x7fd0256d04b0>,26,12,[5 9],27,140,152,113,131
1,<environment.Job instance at 0x7fd0256732d0>,29,12,[9 3],30,158,170,128,158
1,<environment.Job instance at 0x7fd0256730f0>,30,18,[10  3],31,170,188,139,159
1,<environment.Job instance at 0x7fd0256fba00>,33,12,[1 7],34,188,200,154,172
1,<environment.Job instance at 0x7fd0256fb550>,35,3,[5 5],36,200,203,164,174
1,<environment.Job instance at 0x7fd0256fbcd0>,38,18,[10  1],39,217,235,178,217
1,<environment.Job instance at 0x7fd0257a33c0>,43,14,[7 5],44,235,249,191,221
1,<environment.Job instance at 0x7fd0257a3c80>,47,15,[3 7],48,249,264,201,245
1,<environment.Job instance at 0x7fd025a65320>,4,14,[7 5],5,16,30,11,16
1,<environment.Job instance at 0x7fd025a5ba50>,6,16,[7 4],7,30,46,23,17
1,<environment.Job instance at 0x7fd0257a3cd0>,2,20,[9 3],3,86,106,83,86
1,<environment.Job instance at 0x7fd0257a30a0>,1,3,[10  5],2,134,137,132,134
1,<environment.Job instance at 0x7fd02582e2d0>,18,18,[4 5],19,137,155,118,134
1,<environment.Job instance at 0x7fd02582edc0>,13,12,[9 1],14,237,249,223,237
1,<environment.Job instance at 0x7fd025755960>,33,17,[ 2 10],34,249,266,215,248
1,<environment.Job instance at 0x7fd02576ba50>,1,17,[5 5],2,3,20,1,3
1,<environment.Job instance at 0x7fd025a9d780>,8,3,[5 9],9,20,23,11,10
1,<environment.Job instance at 0x7fd06fd24af0>,0,17,[ 3 10],1,76,93,75,76
1,<environment.Job instance at 0x7fd025a9d9b0>,7,17,[ 1 10],8,93,110,85,83
1,<environment.Job instance at 0x7fd025a970a0>,18,13,[4 6],19,117,130,98,117
1,<environment.Job instance at 0x7fd0692810a0>,12,14,[7 4],13,67,81,54,67
1,<environment.Job instance at 0x7fd069281730>,13,17,[5 1],14,81,98,67,75
1,<environment.Job instance at 0x7fd069281a50>,16,3,[3 5],17,75,78,58,75
1,<environment.Job instance at 0x7fd0694c0d20>,19,20,[5 1],20,82,102,62,82
1,<environment.Job instance at 0x7fd069281b90>,17,13,[9 4],18,102,115,84,100
1,<environment.Job instance at 0x7fd0694c07d0>,23,3,[7 4],24,115,118,91,101
1,<environment.Job instance at 0x7fd0694c0cd0>,24,12,[3 8],25,118,130,93,101
1,<environment.Job instance at 0x7fd0694c0be0>,32,3,[8 4],33,175,178,142,175
1,<environment.Job instance at 0x7fd0694c0780>,33,15,[5 8],34,178,193,144,175
1,<environment.Job instance at 0x7fd0694c0dc0>,36,16,[6 3],37,200,216,163,200
1,<environment.Job instance at 0x7fd0694c0690>,38,18,[4 7],39,201,219,162,201
1,<environment.Job instance at 0x7fd0694c0640>,35,13,[10  4],36,219,232,183,203
1,<environment.Job instance at 0x7fd069286dc0>,44,12,[10  3],45,243,255,198,243
1,<environment.Job instance at 0x7fd069286a50>,48,13,[5 1],49,255,268,206,244
1,<environment.Job instance at 0x7fd069286410>,49,3,[9 2],50,268,271,218,247
1,<environment.Job instance at 0x7fd069286460>,50,16,[10  4],51,271,287,220,258
1,<environment.Job instance at 0x7fd02580aaa0>,5,13,[6 4],6,15,28,9,15
1,<environment.Job instance at 0x7fd025a50aa0>,10,18,[10  4],11,28,46,17,25
1,<environment.Job instance at 0x7fd025869dc0>,14,14,[2 7],15,68,82,53,68
1,<environment.Job instance at 0x7fd0707e2780>,1,17,[1 8],2,95,112,93,95
1,<environment.Job instance at 0x7fd0702e44b0>,20,15,[5 5],21,112,127,91,99
1,<environment.Job instance at 0x7fd0259a4190>,17,15,[9 5],18,127,142,109,113
1,<environment.Job instance at 0x7fd06fcb3780>,25,12,[10  5],26,142,154,116,131
1,<environment.Job instance at 0x7fd0695dd5a0>,0,17,[1 9],1,4,21,3,4
1,<environment.Job instance at 0x7fd0695dd910>,4,14,[1 5],5,21,35,16,6
1,<environment.Job instance at 0x7fd02551adc0>,5,12,[1 6],6,35,47,29,19
1,<environment.Job instance at 0x7fd06fdbb820>,0,15,[4 5],1,4,19,3,4
1,<environment.Job instance at 0x7fd025b85140>,4,18,[6 1],5,5,23,0,5
1,<environment.Job instance at 0x7fd0695e51e0>,10,16,[9 2],11,23,39,12,11
1,<environment.Job instance at 0x7fd025a31640>,13,12,[4 6],14,39,51,25,24
1,<environment.Job instance at 0x7fd07018a3c0>,22,15,[4 9],23,102,117,79,102
1,<environment.Job instance at 0x7fd069331820>,2,28,[2 6],3,3,31,0,3
1,<environment.Job instance at 0x7fd0693ed140>,0,18,[9 5],1,31,49,30,29
1,<environment.Job instance at 0x7fd069331d70>,8,16,[ 5 10],9,49,65,40,42
1,<environment.Job instance at 0x7fd0693c8910>,14,15,[9 4],15,65,80,50,51
1,<environment.Job instance at 0x7fd069331f00>,3,18,[9 1],4,80,98,76,74
1,<environment.Job instance at 0x7fd06fba0410>,28,18,[10  5],29,159,177,130,159
1,<environment.Job instance at 0x7fd069434a00>,31,15,[10  4],32,182,197,150,182
1,<environment.Job instance at 0x7fd069434a00>,2,1,[10  4],3,3,4,0,3
1,<environment.Job instance at 0x7fd069789280>,1,3,[2 7],2,4,7,2,4
1,<environment.Job instance at 0x7fd025c67b40>,3,14,[3 8],4,7,21,3,6
1,<environment.Job instance at 0x7fd0257f9aa0>,11,13,[9 3],12,44,57,32,44
1,<environment.Job instance at 0x7fd025c67140>,5,17,[3 6],6,57,74,51,45
1,<environment.Job instance at 0x7fd0257f95f0>,4,17,[10  5],5,74,91,69,73
1,<environment.Job instance at 0x7fd06963cdc0>,1,2,[5 9],2,3,5,1,3
1,<environment.Job instance at 0x7fd0257843c0>,4,26,[5 7],5,5,31,0,5
1,<environment.Job instance at 0x7fd070648b90>,3,15,[4 7],4,71,86,67,71
1,<environment.Job instance at 0x7fd06963c5a0>,6,18,[5 8],7,86,104,79,75
1,<environment.Job instance at 0x7fd025a6af00>,16,18,[2 7],17,118,136,101,118
1,<environment.Job instance at 0x7fd054ba0230>,27,2,[6 3],28,160,162,132,160
1,<environment.Job instance at 0x7fd025a6a050>,29,15,[10  1],30,162,177,132,160
1,<environment.Job instance at 0x7fd025a6f6e0>,30,14,[3 8],31,177,191,146,162
1,<environment.Job instance at 0x7fd025a6f9b0>,32,14,[5 4],33,191,205,158,176
1,<environment.Job instance at 0x7fd025a6a460>,26,13,[9 2],27,205,218,178,191
1,<environment.Job instance at 0x7fd025a6fa00>,38,16,[9 2],39,219,235,180,219
1,<environment.Job instance at 0x7fd025a6f7d0>,1,14,[5 5],2,4,18,2,4
1,<environment.Job instance at 0x7fd07009b9b0>,4,16,[6 1],5,18,34,13,5
1,<environment.Job instance at 0x7fd025a97820>,11,15,[4 8],12,23,38,11,23
1,<environment.Job instance at 0x7fd025a97780>,12,12,[1 8],13,38,50,25,23
1,<environment.Job instance at 0x7fd025a97f50>,14,13,[9 5],15,50,63,35,35
1,<environment.Job instance at 0x7fd0700e1910>,2,15,[8 1],3,3,18,0,3
1,<environment.Job instance at 0x7fd069709460>,1,14,[1 6],2,4,18,2,4
1,<environment.Job instance at 0x7fd0259c7230>,14,18,[5 4],15,47,65,32,47
1,<environment.Job instance at 0x7fd0259c7410>,17,13,[7 2],18,65,78,47,50
1,<environment.Job instance at 0x7fd0259e90f0>,24,16,[4 7],25,122,138,97,122
1,<environment.Job instance at 0x7fd06945d910>,7,2,[9 4],8,70,72,62,70
1,<environment.Job instance at 0x7fd06945da50>,8,19,[3 8],9,95,114,86,95
1,<environment.Job instance at 0x7fd0691effa0>,15,14,[9 2],16,114,128,98,103
1,<environment.Job instance at 0x7fd025388690>,7,17,[4 7],8,13,30,5,13
1,<environment.Job instance at 0x7fd070124640>,0,1,[2 7],1,3,4,2,3
1,<environment.Job instance at 0x7fd06945aeb0>,4,12,[6 1],5,5,17,0,5
1,<environment.Job instance at 0x7fd06949cd20>,6,15,[6 2],7,17,32,10,7
1,<environment.Job instance at 0x7fd0253aac30>,1,1,[3 9],2,2,3,0,2
1,<environment.Job instance at 0x7fd069466960>,2,12,[9 4],3,3,15,0,3
1,<environment.Job instance at 0x7fd0254b3780>,3,14,[1 8],4,15,29,11,7
1,<environment.Job instance at 0x7fd025c6aa50>,10,16,[5 5],11,29,45,18,16
1,<environment.Job instance at 0x7fd025c6a370>,12,14,[8 4],13,45,59,32,31
1,<environment.Job instance at 0x7fd025c6a140>,14,18,[5 9],15,66,84,51,66
1,<environment.Job instance at 0x7fd025390960>,20,18,[ 2 10],21,84,102,63,73
1,<environment.Job instance at 0x7fd06fc3e320>,27,2,[5 1],28,102,104,74,93
1,<environment.Job instance at 0x7fd0707fcf50>,26,16,[5 5],27,102,118,75,94
1,<environment.Job instance at 0x7fd0707fc5a0>,30,13,[3 7],31,118,131,87,106
1,<environment.Job instance at 0x7fd07004b5a0>,31,12,[1 8],32,131,143,99,114
1,<environment.Job instance at 0x7fd0256b6640>,1,12,[5 8],2,2,14,0,2
1,<environment.Job instance at 0x7fd025c3f370>,3,18,[2 5],4,4,22,0,4
1,<environment.Job instance at 0x7fd06fd5ed20>,4,18,[ 2 10],5,22,40,17,20
1,<environment.Job instance at 0x7f7adb53e140>,4,14,[1 6],5,59,73,54,59
1,<environment.Job instance at 0x7f7ad812fa00>,13,18,[ 4 10],14,73,91,59,70
1,<environment.Job instance at 0x7f7ad812fb40>,15,18,[2 8],16,91,109,75,80
1,<environment.Job instance at 0x7f7ad812f320>,4,12,[5 6],5,5,17,0,5
1,<environment.Job instance at 0x7f7adb565d20>,5,12,[7 4],6,17,29,11,6
1,<environment.Job instance at 0x7f7adb565820>,7,17,[3 5],8,44,61,36,44
1,<environment.Job instance at 0x7f7a904d7370>,6,12,[5 9],7,7,19,0,7
1,<environment.Job instance at 0x7f7adb6b3050>,1,13,[4 9],2,19,32,17,8
1,<environment.Job instance at 0x7f7a904d7230>,10,18,[10  3],11,32,50,21,21
1,<environment.Job instance at 0x7f7a904d7c30>,9,12,[9 3],10,50,62,40,34
1,<environment.Job instance at 0x7f7a904d75a0>,18,18,[10  1],19,62,80,43,55
1,<environment.Job instance at 0x7f7a904d7f50>,14,3,[10  2],15,80,83,65,80
1,<environment.Job instance at 0x7f7a904d7be0>,23,14,[7 5],24,107,121,83,107
1,<environment.Job instance at 0x7f7a904cdb90>,28,17,[5 2],29,121,138,92,109
1,<environment.Job instance at 0x7f7a904cd5f0>,27,15,[3 7],28,137,152,109,137
1,<environment.Job instance at 0x7f7a904cda00>,36,17,[3 8],37,152,169,115,141
1,<environment.Job instance at 0x7f7a905360a0>,3,17,[ 2 10],4,10,27,6,10
1,<environment.Job instance at 0x7f7a90536050>,8,16,[10  3],9,27,43,18,21
1,<environment.Job instance at 0x7f7a90527410>,1,12,[3 8],2,4,16,2,4
1,<environment.Job instance at 0x7f7a9081d9b0>,6,15,[5 3],7,32,47,25,32
1,<environment.Job instance at 0x7f7a9081e0f0>,9,13,[1 7],10,113,126,103,113
1,<environment.Job instance at 0x7f7adb6b0af0>,3,15,[4 6],4,137,152,133,137
1,<environment.Job instance at 0x7f7a9081e730>,19,14,[7 5],20,152,166,132,138
1,<environment.Job instance at 0x7f7a9081e9b0>,22,17,[5 5],23,166,183,143,154
1,<environment.Job instance at 0x7f7a9081ec80>,27,14,[7 5],28,183,197,155,183
1,<environment.Job instance at 0x7f7a90815140>,32,15,[5 9],33,225,240,192,225
1,<environment.Job instance at 0x7f7a9081e140>,33,12,[7 2],34,240,252,206,228
1,<environment.Job instance at 0x7f7a903dfe10>,6,17,[7 4],7,16,33,9,16
1,<environment.Job instance at 0x7f7a903dffa0>,8,12,[8 5],9,35,47,26,35
1,<environment.Job instance at 0x7f7ad80154b0>,1,13,[ 4 10],2,50,63,48,50
1,<environment.Job instance at 0x7f7adab78640>,6,14,[8 5],7,74,88,67,74
1,<environment.Job instance at 0x7f7a907e80f0>,18,12,[3 8],19,102,114,83,102
1,<environment.Job instance at 0x7f7a905f3140>,26,18,[1 7],27,132,150,105,132
1,<environment.Job instance at 0x7f7a905f3410>,2,14,[6 5],3,3,17,0,3
1,<environment.Job instance at 0x7f7ad7f67d70>,3,12,[7 2],4,17,29,13,4
1,<environment.Job instance at 0x7f7a90988640>,10,15,[4 5],11,65,80,54,65
1,<environment.Job instance at 0x7f7a90988280>,14,18,[6 1],15,65,83,50,65
1,<environment.Job instance at 0x7f7a909885a0>,15,16,[4 5],16,80,96,64,67
1,<environment.Job instance at 0x7f7a90988b90>,19,18,[7 3],20,96,114,76,88
1,<environment.Job instance at 0x7f7a90988a50>,18,16,[ 5 10],19,114,130,95,101
1,<environment.Job instance at 0x7f7a9097e410>,3,18,[9 1],4,29,47,25,29
1,<environment.Job instance at 0x7f7ad84aa960>,10,15,[5 2],11,47,62,36,35
1,<environment.Job instance at 0x7f7a90901b40>,0,18,[9 5],1,62,80,61,57
1,<environment.Job instance at 0x7f7ad7f7ef50>,23,3,[4 5],24,103,106,79,103
1,<environment.Job instance at 0x7f7ad8424a00>,1,13,[9 3],2,3,16,1,3
1,<environment.Job instance at 0x7f7ada9ae8c0>,3,15,[3 8],4,16,31,12,4
1,<environment.Job instance at 0x7f7ad7f775f0>,2,14,[7 2],3,3,17,0,3
1,<environment.Job instance at 0x7f7ad7f77eb0>,4,14,[7 2],5,17,31,12,8
1,<environment.Job instance at 0x7f7ad804ed70>,12,14,[5 4],13,31,45,18,16
1,<environment.Job instance at 0x7f7ad80380f0>,13,12,[ 3 10],14,45,57,31,29
1,<environment.Job instance at 0x7f7ad80386e0>,18,16,[9 2],19,57,73,38,46
1,<environment.Job instance at 0x7f7ad80384b0>,16,12,[10  1],17,73,85,56,57
1,<environment.Job instance at 0x7f7ad80387d0>,21,17,[8 4],22,85,102,63,76
1,<environment.Job instance at 0x7f7ad827a320>,1,13,[7 5],2,3,16,1,3
1,<environment.Job instance at 0x7f7ad80387d0>,4,3,[ 3 10],5,16,19,11,7
1,<environment.Job instance at 0x7f7ad82402d0>,6,3,[5 3],7,19,22,12,8
1,<environment.Job instance at 0x7f7ad8240280>,7,17,[7 4],8,22,39,14,10
1,<environment.Job instance at 0x7f7ad8240870>,9,2,[6 2],10,39,41,29,14
1,<environment.Job instance at 0x7f7ad83bdeb0>,19,18,[5 9],20,41,59,21,32
1,<environment.Job instance at 0x7f7ad82dc190>,14,16,[4 9],15,59,75,44,46
1,<environment.Job instance at 0x7f7ad83bdf50>,25,16,[8 4],26,75,91,49,65
1,<environment.Job instance at 0x7f7adadbb3c0>,29,2,[7 5],30,91,93,61,84
1,<environment.Job instance at 0x7f7adadbbdc0>,30,1,[8 3],31,93,94,62,84
1,<environment.Job instance at 0x7f7adadbb5f0>,31,13,[8 3],32,94,107,62,84
1,<environment.Job instance at 0x7f7adadbb190>,33,1,[7 1],34,107,108,73,84
1,<environment.Job instance at 0x7f7adadbb730>,36,14,[9 5],37,130,144,93,130
1,<environment.Job instance at 0x7f7ad8205190>,42,17,[4 7],43,1187,1204,1144,1187
1,<environment.Job instance at 0x7f7adb6a6aa0>,46,12,[5 1],47,1188,1200,1141,1188
1,<environment.Job instance at 0x7f7ad7ee94b0>,4,12,[ 1 10],5,7,19,2,7
1,<environment.Job instance at 0x7f7ad7ee90a0>,6,15,[1 8],7,19,34,12,7
1,<environment.Job instance at 0x7f7ad7ee9f50>,11,19,[2 6],12,40,59,28,40
1,<environment.Job instance at 0x7f7ada93f5a0>,1,13,[5 8],2,2,15,0,2
1,<environment.Job instance at 0x7f7ad80d3c30>,5,17,[7 5],6,15,32,9,9
1,<environment.Job instance at 0x7f7ad80d3870>,6,13,[4 8],7,32,45,25,18
1,<environment.Job instance at 0x7f7ad80d3cd0>,6,12,[4 8],7,10,22,3,10
1,<environment.Job instance at 0x7f7ad806f730>,0,18,[3 9],1,22,40,21,11
1,<environment.Job instance at 0x7f7ada9e8140>,12,12,[1 6],13,40,52,27,28
1,<environment.Job instance at 0x7f7ada9e8190>,11,18,[10  5],12,52,70,40,41
1,<environment.Job instance at 0x7f7a9049b960>,20,1,[2 7],21,70,71,49,54
1,<environment.Job instance at 0x7f7a90614dc0>,24,12,[6 1],25,77,89,52,77
1,<environment.Job instance at 0x7f7a90614910>,26,15,[6 2],27,89,104,62,77
1,<environment.Job instance at 0x7f7adad9e870>,4,15,[3 5],5,28,43,23,28
1,<environment.Job instance at 0x7f7adaa230a0>,10,12,[9 5],11,43,55,32,28
1,<environment.Job instance at 0x7f7adaa23550>,15,15,[2 8],16,55,70,39,46
1,<environment.Job instance at 0x7f7adaa23f50>,17,13,[3 7],18,70,83,52,63
1,<environment.Job instance at 0x7f7adaa23500>,19,12,[10  2],20,83,95,63,67
1,<environment.Job instance at 0x7f7adaa23eb0>,20,16,[5 5],21,95,111,74,82
1,<environment.Job instance at 0x7f7adaa235a0>,22,14,[8 4],23,111,125,88,97
1,<environment.Job instance at 0x7f7adaa232d0>,26,20,[6 2],27,125,145,98,121
1,<environment.Job instance at 0x7f7a909a38c0>,1,12,[5 8],2,2,14,0,2
1,<environment.Job instance at 0x7f7ad8549b40>,0,19,[ 3 10],1,66,85,65,66
1,<environment.Job instance at 0x7f7adab0caa0>,12,3,[4 8],13,115,118,102,115
1,<environment.Job instance at 0x7f7adab0d230>,18,12,[10  2],19,2190,2202,2171,2190
1,<environment.Job instance at 0x7f7a905d9460>,3,25,[ 2 10],4,8,33,4,8
1,<environment.Job instance at 0x7f7a90979cd0>,12,19,[4 6],13,67,86,54,67
1,<environment.Job instance at 0x7f7adabbc9b0>,14,17,[2 8],15,86,103,71,85
1,<environment.Job instance at 0x7f7ada964050>,19,14,[1 7],20,103,117,83,89
1,<environment.Job instance at 0x7f7ad860afa0>,18,15,[9 5],19,120,135,101,120
1,<environment.Job instance at 0x7f7a904a53c0>,29,13,[5 6],30,144,157,114,144
1,<environment.Job instance at 0x7f7a902d00f0>,31,18,[8 2],32,157,175,125,146
1,<environment.Job instance at 0x7f7adaa975a0>,0,15,[7 1],1,4,19,3,4
1,<environment.Job instance at 0x7f7a9019af00>,8,15,[6 1],9,19,34,10,9
1,<environment.Job instance at 0x7f7a9019a7d0>,12,16,[3 5],13,28,44,15,28
1,<environment.Job instance at 0x7f7a9019a960>,13,12,[10  5],14,44,56,30,28
1,<environment.Job instance at 0x7f7adb45c7d0>,1,12,[8 4],2,56,68,54,39
1,<environment.Job instance at 0x7f7adaa270a0>,1,14,[7 5],2,2,16,0,2
1,<environment.Job instance at 0x7f7adaa277d0>,4,14,[8 5],5,16,30,11,5
1,<environment.Job instance at 0x7f7ad7ea2d20>,7,13,[5 9],8,30,43,22,20
1,<environment.Job instance at 0x7f7a9056e4b0>,12,13,[5 9],13,43,56,30,31
1,<environment.Job instance at 0x7f7a905bfb40>,15,15,[5 1],16,65,80,49,65
1,<environment.Job instance at 0x7f7ad83a86e0>,19,17,[1 8],20,80,97,60,80
1,<environment.Job instance at 0x7f38e7a5b5a0>,6,20,[6 1],7,74,94,67,74
1,<environment.Job instance at 0x7f38e7a5baa0>,14,13,[7 3],15,94,107,79,87
1,<environment.Job instance at 0x7f38e7a5bbe0>,16,16,[3 5],17,95,111,78,95
1,<environment.Job instance at 0x7f38e7a71b90>,1,12,[8 1],2,70,82,68,70
1,<environment.Job instance at 0x7f38eafdcf50>,10,14,[10  4],11,117,131,106,117
1,<environment.Job instance at 0x7f389fd48c30>,1,14,[2 7],2,2,16,0,2
1,<environment.Job instance at 0x7f389fd48be0>,3,14,[7 5],4,16,30,12,5
1,<environment.Job instance at 0x7f389fd9eaf0>,7,15,[3 7],8,30,45,22,26
1,<environment.Job instance at 0x7f389fd9eb40>,8,17,[5 2],9,30,47,21,29
1,<environment.Job instance at 0x7f389fd48d70>,0,17,[7 5],1,47,64,46,38
1,<environment.Job instance at 0x7f389fd8e5a0>,16,17,[3 8],17,65,82,48,65
1,<environment.Job instance at 0x7f389fd39eb0>,8,22,[3 9],9,37,59,28,37
1,<environment.Job instance at 0x7f389fe1d5a0>,3,17,[9 4],4,59,76,55,52
1,<environment.Job instance at 0x7f38a015e4b0>,6,19,[2 5],7,7,26,0,7
1,<environment.Job instance at 0x7f38a015eb90>,12,14,[7 4],13,29,43,16,29
1,<environment.Job instance at 0x7f38a0247d70>,3,15,[10  4],4,43,58,39,30
1,<environment.Job instance at 0x7f38a015eeb0>,17,13,[9 4],18,58,71,40,42
1,<environment.Job instance at 0x7f38a015ea50>,21,17,[4 8],22,150,167,128,150
1,<environment.Job instance at 0x7f38a0152a50>,33,15,[5 8],34,167,182,133,153
1,<environment.Job instance at 0x7f38a0154280>,44,12,[10  3],45,218,230,173,218
1,<environment.Job instance at 0x7f38a0152a00>,30,16,[3 8],31,230,246,199,218
1,<environment.Job instance at 0x7f38a0154870>,50,16,[10  4],51,246,262,195,234
1,<environment.Job instance at 0x7f38a0154c30>,56,17,[7 4],57,2559,2576,2502,2559
1,<environment.Job instance at 0x7f38a0110eb0>,3,18,[4 9],4,7,25,3,7
1,<environment.Job instance at 0x7f38a0154b90>,5,12,[10  5],6,25,37,19,10
1,<environment.Job instance at 0x7f38e7826460>,9,19,[9 5],10,37,56,27,27
1,<environment.Job instance at 0x7f38e78264b0>,17,18,[5 9],18,64,82,46,64
1,<environment.Job instance at 0x7f38e78262d0>,22,18,[3 9],23,82,100,59,81
1,<environment.Job instance at 0x7f38ea88eb90>,24,16,[5 5],25,100,116,75,87
1,<environment.Job instance at 0x7f38e790adc0>,1,16,[1 8],2,2,18,0,2
1,<environment.Job instance at 0x7f38e790aaf0>,0,18,[7 1],1,6,24,5,6
1,<environment.Job instance at 0x7f38a01026e0>,19,14,[3 7],20,91,105,71,91
1,<environment.Job instance at 0x7f38e77bf0f0>,20,15,[9 4],21,105,120,84,91
1,<environment.Job instance at 0x7f38e7bc8320>,33,12,[7 2],34,2032,2044,1998,2032
1,<environment.Job instance at 0x7f38e7cdff50>,34,15,[10  3],35,2044,2059,2009,2033
1,<environment.Job instance at 0x7f389fddc640>,37,13,[9 4],38,2059,2072,2021,2053
1,<environment.Job instance at 0x7f38ea6d8cd0>,6,12,[6 5],7,20,32,13,20
1,<environment.Job instance at 0x7f38ea6c1230>,14,13,[7 5],15,90,103,75,90
1,<environment.Job instance at 0x7f38ea6c1230>,2,1,[10  4],3,3,4,0,3
1,<environment.Job instance at 0x7f38a0247140>,3,14,[3 8],4,6,20,2,6
1,<environment.Job instance at 0x7f389fe7f9b0>,13,15,[3 8],14,44,59,30,44
1,<environment.Job instance at 0x7f389fe7feb0>,14,13,[6 5],15,59,72,44,44
1,<environment.Job instance at 0x7f38a0247050>,2,14,[7 2],3,3,17,0,3
1,<environment.Job instance at 0x7f38e7eba050>,7,2,[6 3],8,17,19,9,8
1,<environment.Job instance at 0x7f38a03562d0>,6,13,[9 2],7,19,32,12,10
1,<environment.Job instance at 0x7f38ea814fa0>,12,14,[5 4],13,32,46,19,21
1,<environment.Job instance at 0x7f38ea814320>,13,12,[ 3 10],14,46,58,32,31
1,<environment.Job instance at 0x7f38a0356050>,11,16,[6 5],12,58,74,46,45
1,<environment.Job instance at 0x7f38e7ef1d70>,21,17,[8 4],22,74,91,52,66
1,<environment.Job instance at 0x7f389fd967d0>,10,15,[4 6],11,11,26,0,11
1,<environment.Job instance at 0x7f389fd962d0>,4,16,[4 9],5,26,42,21,14
1,<environment.Job instance at 0x7f389fd96a50>,14,12,[7 5],15,42,54,27,25
1,<environment.Job instance at 0x7f389fd966e0>,9,18,[5 9],10,54,72,44,43
1,<environment.Job instance at 0x7f389fd96820>,22,17,[8 5],23,72,89,49,60
1,<environment.Job instance at 0x7f389fd96640>,13,17,[10  3],14,138,155,124,138
1,<environment.Job instance at 0x7f389fd6a690>,32,17,[4 7],33,155,172,122,143
1,<environment.Job instance at 0x7f389fd6ac80>,38,2,[8 5],39,172,174,133,157
1,<environment.Job instance at 0x7f38e77ff8c0>,0,15,[4 9],1,8,23,7,8
1,<environment.Job instance at 0x7f38e77ff5f0>,9,18,[7 5],10,23,41,13,12
1,<environment.Job instance at 0x7f38e7cb4230>,13,12,[8 3],14,41,53,27,27
1,<environment.Job instance at 0x7f38eb0b6550>,10,18,[5 2],11,53,71,42,44
1,<environment.Job instance at 0x7f38e77ff5a0>,1,16,[10  4],2,79,95,77,79
1,<environment.Job instance at 0x7f38ea762a50>,23,12,[3 5],24,95,107,71,95
1,<environment.Job instance at 0x7f38ea78dd20>,31,14,[5 9],32,189,203,157,189
1,<environment.Job instance at 0x7f38e7c7f1e0>,35,14,[9 2],36,2040,2054,2004,2040
1,<environment.Job instance at 0x7f38e7a0adc0>,7,17,[4 7],8,9,26,1,9
1,<environment.Job instance at 0x7f389fb1aaf0>,11,18,[10  4],12,125,143,113,125
1,<environment.Job instance at 0x7f38eaa6fc30>,0,15,[7 2],1,5,20,4,5
1,<environment.Job instance at 0x7f38a03c2a00>,3,17,[3 9],4,51,68,47,51
1,<environment.Job instance at 0x7f38a03c23c0>,9,3,[1 5],10,74,77,64,74
1,<environment.Job instance at 0x7f389fcb74b0>,6,12,[10  5],7,77,89,70,74
1,<environment.Job instance at 0x7f38ea4b3e10>,1,16,[10  4],2,89,105,87,87
1,<environment.Job instance at 0x7f389ff338c0>,21,14,[9 2],22,105,119,83,90
1,<environment.Job instance at 0x7f38ea34d910>,25,18,[3 6],26,119,137,93,112
1,<environment.Job instance at 0x7f38e7bc9e10>,28,15,[1 6],29,137,152,108,124
1,<environment.Job instance at 0x7f38ea3eadc0>,12,17,[4 9],13,167,184,154,167
1,<environment.Job instance at 0x7f389fb42b40>,41,12,[5 8],42,219,231,177,219
1,<environment.Job instance at 0x7f38a0000b40>,3,16,[5 2],4,5,21,1,5
1,<environment.Job instance at 0x7f38a0000a00>,10,3,[5 1],11,21,24,10,21
1,<environment.Job instance at 0x7f38a00005f0>,11,17,[9 5],12,24,41,12,22
1,<environment.Job instance at 0x7f38a0000c80>,9,15,[10  1],10,41,56,31,27
1,<environment.Job instance at 0x7f38a00000f0>,0,18,[10  5],1,56,74,55,45
1,<environment.Job instance at 0x7f389fad1b90>,19,16,[5 1],20,74,90,54,62
1,<environment.Job instance at 0x7f38a0000640>,18,17,[5 5],19,74,91,55,65
1,<environment.Job instance at 0x7f389fad18c0>,23,18,[2 5],24,90,108,66,82
1,<environment.Job instance at 0x7f389fad16e0>,25,15,[2 5],26,99,114,73,99
1,<environment.Job instance at 0x7f389fad1370>,26,15,[7 2],27,108,123,81,99
1,<environment.Job instance at 0x7f389fad1d70>,2,22,[5 4],3,23,45,20,23
1,<environment.Job instance at 0x7f38e7a774b0>,7,2,[5 7],8,45,47,37,25
1,<environment.Job instance at 0x7f38e7a7b1e0>,9,15,[4 5],10,26,41,16,26
1,<environment.Job instance at 0x7f38e7a773c0>,5,3,[1 8],6,47,50,41,26
1,<environment.Job instance at 0x7f38e7a7b0a0>,10,18,[1 6],11,50,68,39,39
1,<environment.Job instance at 0x7f38e7a7b550>,17,15,[5 4],18,85,100,67,85
1,<environment.Job instance at 0x7f389fe4cc30>,21,12,[8 4],22,200,212,178,200
1,<environment.Job instance at 0x7f38a00fc500>,7,14,[7 3],8,95,109,87,95
1,<environment.Job instance at 0x7f389fe60f00>,12,16,[2 6],13,95,111,82,95
1,<environment.Job instance at 0x7f389fe60dc0>,14,14,[8 5],15,111,125,96,100
1,<environment.Job instance at 0x7f38a022aaf0>,17,13,[5 9],18,125,138,107,125
1,<environment.Job instance at 0x7f389fcf58c0>,22,13,[5 9],23,184,197,161,184
1,<environment.Job instance at 0x7f38e7b729b0>,0,17,[3 6],1,8,25,7,8
1,<environment.Job instance at 0x7f38e7b72690>,6,19,[8 2],7,25,44,18,22
1,<environment.Job instance at 0x7f389ff8b820>,0,17,[5 7],1,5,22,4,5
1,<environment.Job instance at 0x7f38a0368550>,3,15,[9 4],4,25,40,21,25
1,<environment.Job instance at 0x7f38a0368d20>,9,12,[10  1],10,40,52,30,25
1,<environment.Job instance at 0x7f389f9e3730>,7,17,[9 3],8,52,69,44,44
1,<environment.Job instance at 0x7f38a0368d70>,4,14,[5 7],5,69,83,64,54
1,<environment.Job instance at 0x7f38e7be6f00>,19,16,[4 7],20,83,99,63,80
1,<environment.Job instance at 0x7f38e7df7190>,27,18,[3 8],28,129,147,101,129
1,<environment.Job instance at 0x7f38e7ddef00>,33,17,[7 2],34,155,172,121,155
1,<environment.Job instance at 0x7f38e7e035f0>,42,18,[1 6],43,232,250,189,232
1,<environment.Job instance at 0x7f38e7ddeaf0>,34,18,[1 8],35,250,268,215,239
1,<environment.Job instance at 0x7f428f00fa00>,13,18,[ 4 10],14,94,112,80,94
1,<environment.Job instance at 0x7f428f00fbe0>,16,16,[3 5],17,112,128,95,102
1,<environment.Job instance at 0x7f429458ce10>,6,16,[7 5],7,20,36,13,20
1,<environment.Job instance at 0x7f4294591a50>,11,14,[10  2],12,36,50,24,24
1,<environment.Job instance at 0x7f4294591c30>,15,15,[7 3],16,71,86,55,71
1,<environment.Job instance at 0x7f4294591c30>,2,14,[6 1],3,3,17,0,3
1,<environment.Job instance at 0x7f4249308640>,5,14,[10  1],6,23,37,17,23
1,<environment.Job instance at 0x7f42492ff500>,18,2,[2 8],19,102,104,83,102
1,<environment.Job instance at 0x7f42492ff550>,19,16,[2 8],20,114,130,94,114
1,<environment.Job instance at 0x7f42492f0050>,26,16,[7 4],27,186,202,159,186
1,<environment.Job instance at 0x7f42492f02d0>,33,12,[9 1],34,292,304,258,292
1,<environment.Job instance at 0x7f42492f0eb0>,37,17,[5 2],38,311,328,273,311
1,<environment.Job instance at 0x7f42493c73c0>,8,13,[4 6],9,95,108,86,95
1,<environment.Job instance at 0x7f42493dfb90>,10,17,[10  3],11,108,125,97,96
1,<environment.Job instance at 0x7f42493df410>,2,3,[2 7],3,3,6,0,3
1,<environment.Job instance at 0x7f42496b91e0>,3,21,[6 4],4,6,27,2,4
1,<environment.Job instance at 0x7f428ee99eb0>,5,1,[ 1 10],6,27,28,21,6
1,<environment.Job instance at 0x7f4249707b40>,4,12,[10  3],5,28,40,23,13
1,<environment.Job instance at 0x7f4249707be0>,7,13,[10  3],8,40,53,32,25
1,<environment.Job instance at 0x7f42496ff4b0>,16,17,[7 4],17,53,70,36,42
1,<environment.Job instance at 0x7f42496ff5f0>,18,12,[8 5],19,380,392,361,380
1,<environment.Job instance at 0x7f428edcebe0>,10,17,[1 9],11,53,70,42,53
1,<environment.Job instance at 0x7f428f26ed20>,16,18,[1 7],17,80,98,63,80
1,<environment.Job instance at 0x7f428edce320>,1,12,[10  5],2,98,110,96,82
1,<environment.Job instance at 0x7f4291bc58c0>,10,16,[3 7],11,11,27,0,11
1,<environment.Job instance at 0x7f4291bc5500>,11,16,[1 9],12,27,43,15,20
1,<environment.Job instance at 0x7f4291bc5af0>,15,16,[7 5],16,43,59,27,30
1,<environment.Job instance at 0x7f424976c320>,18,13,[3 8],19,59,72,40,50
1,<environment.Job instance at 0x7f42915c5050>,21,14,[3 6],22,72,86,50,72
1,<environment.Job instance at 0x7f424946edc0>,23,12,[6 1],24,72,84,48,72
1,<environment.Job instance at 0x7f424946e5a0>,25,16,[5 8],26,86,102,60,73
1,<environment.Job instance at 0x7f428eebb2d0>,30,14,[6 1],31,135,149,104,135
1,<environment.Job instance at 0x7f4291cff780>,32,17,[10  4],33,149,166,116,138
1,<environment.Job instance at 0x7f4291cff8c0>,3,18,[9 4],4,12,30,8,12
1,<environment.Job instance at 0x7f428ef0e640>,9,17,[5 7],10,53,70,43,53
1,<environment.Job instance at 0x7f428ef0eaa0>,17,18,[9 4],18,79,97,61,79
1,<environment.Job instance at 0x7f428ef0ec80>,20,16,[2 8],21,97,113,76,84
1,<environment.Job instance at 0x7f428ef0ee10>,25,13,[5 1],26,104,117,78,104
1,<environment.Job instance at 0x7f428eef5050>,27,13,[6 3],28,117,130,89,104
1,<environment.Job instance at 0x7f428eef52d0>,31,3,[2 7],32,125,128,93,125
1,<environment.Job instance at 0x7f428eef5370>,32,1,[10  4],33,130,131,97,125
1,<environment.Job instance at 0x7f428eef5410>,33,14,[3 8],34,131,145,97,125
1,<environment.Job instance at 0x7f428eef5730>,35,17,[3 6],36,145,162,109,133
1,<environment.Job instance at 0x7f42492c4050>,8,20,[9 5],9,26,46,17,26
1,<environment.Job instance at 0x7f428f2d2640>,6,18,[5 8],7,54,72,47,54
1,<environment.Job instance at 0x7f42492c4aa0>,16,18,[2 7],17,74,92,57,74
1,<environment.Job instance at 0x7f42495030f0>,22,14,[7 2],23,91,105,68,91
1,<environment.Job instance at 0x7f42492c4550>,11,18,[10  1],12,109,127,97,109
1,<environment.Job instance at 0x7f42492bc230>,26,13,[9 2],27,127,140,100,112
1,<environment.Job instance at 0x7f429401dcd0>,32,14,[5 4],33,140,154,107,125
1,<environment.Job instance at 0x7f429458e8c0>,36,12,[10  1],37,168,180,131,168
1,<environment.Job instance at 0x7f429458e780>,39,17,[5 5],40,180,197,140,176
1,<environment.Job instance at 0x7f42916e05f0>,3,3,[2 8],4,4,7,0,4
1,<environment.Job instance at 0x7f42492b6b90>,1,13,[7 5],2,7,20,5,5
1,<environment.Job instance at 0x7f42492b6280>,0,13,[3 6],1,20,33,19,11
1,<environment.Job instance at 0x7f428f12fb40>,14,16,[4 9],15,33,49,18,25
1,<environment.Job instance at 0x7f4291aff5f0>,20,15,[4 6],21,49,64,28,36
1,<environment.Job instance at 0x7f4291aff6e0>,23,17,[10  3],24,64,81,40,64
1,<environment.Job instance at 0x7f4291ab1fa0>,25,16,[8 4],26,81,97,55,68
1,<environment.Job instance at 0x7f428edc2dc0>,29,2,[7 5],30,97,99,67,94
1,<environment.Job instance at 0x7f428edc2f00>,31,13,[8 3],32,99,112,67,94
1,<environment.Job instance at 0x7f429190ec80>,36,14,[9 5],37,140,154,103,140
1,<environment.Job instance at 0x7f4291d3a410>,42,17,[4 7],43,2654,2671,2611,2654
1,<environment.Job instance at 0x7f428ed82500>,0,15,[4 9],1,9,24,8,9
1,<environment.Job instance at 0x7f428f412be0>,8,14,[9 1],9,24,38,15,9
1,<environment.Job instance at 0x7f4249593b90>,5,18,[1 9],6,24,42,18,18
1,<environment.Job instance at 0x7f428f412f50>,13,12,[8 3],14,42,54,28,27
1,<environment.Job instance at 0x7f428f412e60>,10,18,[5 2],11,54,72,43,45
1,<environment.Job instance at 0x7f428f43f4b0>,18,13,[9 1],19,74,87,55,74
1,<environment.Job instance at 0x7f428f43fb40>,27,2,[9 4],28,161,163,133,161
1,<environment.Job instance at 0x7f428f44d4b0>,1,16,[10  4],2,163,179,161,162
1,<environment.Job instance at 0x7f428f43fcd0>,32,14,[6 3],33,186,200,153,186
1,<environment.Job instance at 0x7f42916d60f0>,8,16,[7 4],9,9,25,0,9
1,<environment.Job instance at 0x7f4249523870>,11,15,[3 6],12,21,36,9,21
1,<environment.Job instance at 0x7f42916f2780>,10,17,[10  3],11,46,63,35,46
1,<environment.Job instance at 0x7f4291693190>,2,16,[5 1],3,3,19,0,3
1,<environment.Job instance at 0x7f42916f2780>,4,13,[5 2],5,6,19,1,6
1,<environment.Job instance at 0x7f42494f6960>,11,12,[5 8],12,94,106,82,94
1,<environment.Job instance at 0x7f42494f62d0>,5,14,[2 7],6,115,129,109,115
1,<environment.Job instance at 0x7f42494ea5a0>,5,1,[6 4],6,6,7,0,6
1,<environment.Job instance at 0x7f4249643dc0>,8,15,[9 5],9,9,24,0,9
1,<environment.Job instance at 0x7f4249643140>,9,14,[1 7],10,24,38,14,10
1,<environment.Job instance at 0x7f4249643730>,13,3,[6 4],14,38,41,24,24
1,<environment.Job instance at 0x7f4249830370>,14,13,[9 1],15,41,54,26,26
1,<environment.Job instance at 0x7f42493f04b0>,16,12,[1 7],17,41,53,24,26
1,<environment.Job instance at 0x7f4291744a00>,21,18,[8 2],22,54,72,32,44
1,<environment.Job instance at 0x7f4291744690>,22,15,[8 4],23,72,87,49,58
1,<environment.Job instance at 0x7f42494de8c0>,26,19,[2 7],27,87,106,60,79
1,<environment.Job instance at 0x7f4291778eb0>,29,17,[6 1],30,98,115,68,98
1,<environment.Job instance at 0x7f428ee16460>,35,18,[8 3],36,124,142,88,124
1,<environment.Job instance at 0x7f428ee16a00>,39,14,[6 1],40,143,157,103,143
1,<environment.Job instance at 0x7f4291ad88c0>,42,14,[5 6],43,171,185,128,171
1,<environment.Job instance at 0x7f4291ad8f50>,43,14,[9 3],44,185,199,141,175
1,<environment.Job instance at 0x7f4291ad80a0>,45,13,[ 1 10],46,223,236,177,223
1,<environment.Job instance at 0x7f4291ad8550>,46,14,[9 3],47,245,259,198,245
1,<environment.Job instance at 0x7f4291ad8d20>,2,12,[10  3],3,5,17,2,5
1,<environment.Job instance at 0x7f424980f7d0>,6,12,[3 5],7,17,29,10,8
1,<environment.Job instance at 0x7f424980f960>,8,18,[5 3],9,17,35,8,10
1,<environment.Job instance at 0x7f424980f820>,9,15,[9 3],10,35,50,25,21
1,<environment.Job instance at 0x7f42497274b0>,0,12,[6 1],1,3,15,2,3
1,<environment.Job instance at 0x7f424981ae60>,6,1,[6 2],7,15,16,8,7
1,<environment.Job instance at 0x7f428ee6aeb0>,9,14,[8 5],10,16,30,6,10
1,<environment.Job instance at 0x7f4249805a50>,4,12,[ 4 10],5,30,42,25,14
1,<environment.Job instance at 0x7f4291778c30>,12,1,[ 1 10],13,33,34,20,33
1,<environment.Job instance at 0x7f4291778870>,14,15,[4 7],15,41,56,26,41
1,<environment.Job instance at 0x7f429192f2d0>,17,15,[4 9],18,56,71,38,52
1,<environment.Job instance at 0x7f428f142d20>,18,15,[10  1],19,71,86,52,58
1,<environment.Job instance at 0x7f428f142370>,20,13,[2 6],21,86,99,65,71
1,<environment.Job instance at 0x7f4291778eb0>,11,17,[ 1 10],12,99,116,87,88
1,<environment.Job instance at 0x7f424966aa00>,2,12,[5 5],3,3,15,0,3
1,<environment.Job instance at 0x7f424966ab90>,3,12,[9 4],4,15,27,11,4
1,<environment.Job instance at 0x7f424966a6e0>,7,18,[6 3],8,31,49,23,31
1,<environment.Job instance at 0x7f424966abe0>,6,15,[5 2],7,102,117,95,102
1,<environment.Job instance at 0x7f428efb02d0>,17,3,[7 3],18,117,120,99,102
1,<environment.Job instance at 0x7f428efb0960>,21,17,[5 4],22,126,143,104,126
1,<environment.Job instance at 0x7f428efb0370>,15,13,[ 3 10],16,143,156,127,133
1,<environment.Job instance at 0x7f428efb0820>,27,12,[3 7],28,156,168,128,145
1,<environment.Job instance at 0x7f428efb0e10>,28,16,[7 1],29,156,172,127,150
1,<environment.Job instance at 0x7f4294591af0>,32,16,[7 3],33,252,268,219,252
1,<environment.Job instance at 0x7f42915ec960>,6,15,[3 8],7,7,22,0,7
1,<environment.Job instance at 0x7f42917585a0>,10,13,[2 8],11,54,67,43,54
1,<environment.Job instance at 0x7f42915ec050>,13,16,[1 5],14,355,371,341,355
1,<environment.Job instance at 0x7f4e4750da00>,13,18,[ 4 10],14,88,106,74,88
1,<environment.Job instance at 0x7f4e4750dbe0>,16,16,[3 5],17,106,122,89,103
1,<environment.Job instance at 0x7f4e4751b6e0>,1,14,[10  2],2,6,20,4,6
1,<environment.Job instance at 0x7f4e4ea8a4b0>,13,16,[ 3 10],14,163,179,149,163
1,<environment.Job instance at 0x7f4e4ea8f460>,25,13,[ 4 10],26,179,192,153,163
1,<environment.Job instance at 0x7f4e4ea90f00>,31,14,[4 7],32,192,206,160,188
1,<environment.Job instance at 0x7f4e0380df50>,4,14,[7 5],5,17,31,12,17
1,<environment.Job instance at 0x7f4e0380d320>,6,16,[7 4],7,45,61,38,45
1,<environment.Job instance at 0x7f4e0380d780>,13,12,[9 1],14,106,118,92,106
1,<environment.Job instance at 0x7f4e0380d460>,8,18,[4 6],9,118,136,109,107
1,<environment.Job instance at 0x7f4e03806780>,18,18,[4 5],19,143,161,124,143
1,<environment.Job instance at 0x7f4e038065f0>,16,3,[9 1],17,161,164,144,143
1,<environment.Job instance at 0x7f4e03806a50>,21,1,[ 2 10],22,164,165,142,160
1,<environment.Job instance at 0x7f4e037ffcd0>,27,13,[5 4],28,242,255,214,242
1,<environment.Job instance at 0x7f4e037ffaa0>,35,17,[7 2],36,255,272,219,249
1,<environment.Job instance at 0x7f4e03852050>,36,13,[4 9],37,272,285,235,256
1,<environment.Job instance at 0x7f4e03cc73c0>,1,12,[3 8],2,2,14,0,2
1,<environment.Job instance at 0x7f4e0390b6e0>,3,15,[4 6],4,14,29,10,4
1,<environment.Job instance at 0x7f4e037f0fa0>,7,18,[1 5],8,41,59,33,41
1,<environment.Job instance at 0x7f4e037f06e0>,12,2,[5 7],13,93,95,80,93
1,<environment.Job instance at 0x7f4e037f0370>,9,13,[1 7],10,95,108,85,95
1,<environment.Job instance at 0x7f4e474b4e10>,6,15,[5 3],7,96,111,89,96
1,<environment.Job instance at 0x7f4e037f0140>,16,13,[5 5],17,108,121,91,97
1,<environment.Job instance at 0x7f4e038068c0>,19,14,[7 5],20,121,135,101,118
1,<environment.Job instance at 0x7f4e03806730>,22,17,[5 5],23,146,163,123,146
1,<environment.Job instance at 0x7f4e038062d0>,24,16,[10  4],25,163,179,138,150
1,<environment.Job instance at 0x7f4e03806e10>,31,16,[7 4],32,179,195,147,176
1,<environment.Job instance at 0x7f4e03806690>,32,15,[5 9],33,195,210,162,183
1,<environment.Job instance at 0x7f4e0372caa0>,6,14,[10  3],7,18,32,11,18
1,<environment.Job instance at 0x7f4e03802730>,2,16,[10  3],3,32,48,29,25
1,<environment.Job instance at 0x7f4e0372ce60>,11,13,[6 5],12,48,61,36,36
1,<environment.Job instance at 0x7f4e0372cf00>,14,14,[2 7],15,77,91,62,77
1,<environment.Job instance at 0x7f4e0372e230>,17,15,[9 5],18,98,113,80,98
1,<environment.Job instance at 0x7f4e0372e2d0>,20,15,[5 5],21,113,128,92,99
1,<environment.Job instance at 0x7f4e0372cd20>,10,18,[10  4],11,128,146,117,117
1,<environment.Job instance at 0x7f4e0372e7d0>,24,13,[2 9],25,146,159,121,130
1,<environment.Job instance at 0x7f4e0372e1e0>,2,13,[3 6],3,3,16,0,3
1,<environment.Job instance at 0x7f4e4e85a0a0>,0,18,[7 1],1,6,24,5,6
1,<environment.Job instance at 0x7f4e0390b640>,9,1,[3 7],10,16,17,6,10
1,<environment.Job instance at 0x7f4e4e85ae10>,3,18,[ 3 10],4,51,69,47,51
1,<environment.Job instance at 0x7f4e0388d820>,18,17,[5 5],19,89,106,70,89
1,<environment.Job instance at 0x7f4e0388d690>,20,15,[9 4],21,106,121,85,93
1,<environment.Job instance at 0x7f4e0388d4b0>,21,14,[5 5],22,121,135,99,106
1,<environment.Job instance at 0x7f4e0388dcd0>,28,16,[4 9],29,162,178,133,162
1,<environment.Job instance at 0x7f4e039edaf0>,0,18,[9 5],1,31,49,30,31
1,<environment.Job instance at 0x7f4e4c030c80>,8,16,[ 5 10],9,58,74,49,58
1,<environment.Job instance at 0x7f4e4be189b0>,17,14,[2 6],18,79,93,61,79
1,<environment.Job instance at 0x7f4e4bd10e60>,28,18,[10  5],29,2180,2198,2151,2180
1,<environment.Job instance at 0x7f4e4bc8f3c0>,31,15,[10  4],32,2198,2213,2166,2192
1,<environment.Job instance at 0x7f4e47451dc0>,15,2,[5 4],16,27,29,11,27
1,<environment.Job instance at 0x7f4e47451fa0>,16,17,[5 4],17,27,44,10,27
1,<environment.Job instance at 0x7f4e4745a2d0>,18,16,[ 4 10],19,44,60,25,31
1,<environment.Job instance at 0x7f4e47451a50>,8,17,[ 1 10],9,60,77,51,51
1,<environment.Job instance at 0x7f4e4745a140>,1,14,[5 5],2,2,16,0,2
1,<environment.Job instance at 0x7f4e4bfb6410>,4,16,[6 1],5,16,32,11,5
1,<environment.Job instance at 0x7f4e475ddaa0>,12,12,[1 8],13,28,40,15,28
1,<environment.Job instance at 0x7f4e475dda50>,10,16,[10  2],11,40,56,29,36
1,<environment.Job instance at 0x7f4e475dd320>,14,13,[9 5],15,56,69,41,40
1,<environment.Job instance at 0x7f4e4bbc1eb0>,4,12,[ 1 10],5,6,18,1,6
1,<environment.Job instance at 0x7f4e03b6d3c0>,7,15,[6 4],8,18,33,10,8
1,<environment.Job instance at 0x7f4e03da3af0>,11,19,[2 6],12,45,64,33,45
1,<environment.Job instance at 0x7f4e036eefa0>,7,17,[4 7],8,9,26,1,9
1,<environment.Job instance at 0x7f4e03c51280>,0,14,[1 6],1,5,19,4,5
1,<environment.Job instance at 0x7f4e4782e9b0>,10,17,[10  3],11,46,63,35,46
1,<environment.Job instance at 0x7f4e4bf58eb0>,1,12,[5 8],2,3,15,1,3
1,<environment.Job instance at 0x7f4e4bf58780>,0,19,[ 3 10],1,64,83,63,64
1,<environment.Job instance at 0x7f4e4bfaf780>,13,16,[ 5 10],14,115,131,101,115
1,<environment.Job instance at 0x7f4e4bfaf820>,2,15,[8 4],3,4,19,1,4
1,<environment.Job instance at 0x7f4e10361820>,1,18,[8 2],2,19,37,17,8
1,<environment.Job instance at 0x7f4e03d1e6e0>,14,18,[6 1],15,49,67,34,49
1,<environment.Job instance at 0x7f4e03d1ee10>,17,12,[3 5],18,49,61,31,49
1,<environment.Job instance at 0x7f4e03d1ef50>,16,13,[9 5],17,67,80,50,51
1,<environment.Job instance at 0x7f4e03d1e8c0>,21,17,[3 8],22,80,97,58,69
1,<environment.Job instance at 0x7f4e03d1e050>,23,14,[9 3],24,97,111,73,86
1,<environment.Job instance at 0x7f4e03d4c190>,2,13,[7 5],3,4,17,1,4
1,<environment.Job instance at 0x7f4e4bef5f50>,10,16,[8 1],11,45,61,34,45
1,<environment.Job instance at 0x7f4e036aaaa0>,11,12,[8 3],12,99,111,87,99
1,<environment.Job instance at 0x7f4e036aa0a0>,15,16,[9 5],16,111,127,95,99
1,<environment.Job instance at 0x7f4e036aa910>,16,13,[1 6],17,194,207,177,194
1,<environment.Job instance at 0x7f4e038e0230>,27,14,[7 3],28,200,214,172,200
1,<environment.Job instance at 0x7f4e479c8be0>,32,16,[2 6],33,258,274,225,258
1,<environment.Job instance at 0x7f4e474167d0>,33,15,[10  2],34,274,289,240,263
1,<environment.Job instance at 0x7f4e03d365a0>,1,16,[ 2 10],2,397,413,395,397
1,<environment.Job instance at 0x7f4e03e66730>,1,17,[ 4 10],2,7,24,5,7
1,<environment.Job instance at 0x7f4e03dc4870>,9,14,[7 1],10,24,38,14,10
1,<environment.Job instance at 0x7f4e03825730>,0,17,[3 6],1,24,41,23,12
1,<environment.Job instance at 0x7f4e03e929b0>,4,13,[5 8],5,76,89,71,76
1,<environment.Job instance at 0x7f4e034f3f00>,2,13,[7 3],3,89,102,86,76
1,<environment.Job instance at 0x7f4e47497be0>,14,18,[1 8],15,151,169,136,151
1,<environment.Job instance at 0x7f4e03e1f910>,1,2,[2 7],2,2,4,0,2
1,<environment.Job instance at 0x7f4e474a8730>,2,13,[2 6],3,4,17,1,4
1,<environment.Job instance at 0x7f4e474a8460>,3,17,[6 4],4,7,24,3,7
1,<environment.Job instance at 0x7f4e03581dc0>,12,15,[3 8],13,28,43,15,28
1,<environment.Job instance at 0x7f4e479b9aa0>,17,14,[7 4],18,43,57,25,28
1,<environment.Job instance at 0x7f4e03c80c80>,1,18,[4 7],2,2,20,0,2
1,<environment.Job instance at 0x7f4e037d75f0>,8,17,[9 1],9,20,37,11,9
1,<environment.Job instance at 0x7f4e4bdae410>,3,16,[10  1],4,37,53,33,27
1,<environment.Job instance at 0x7f4e037d7cd0>,11,17,[ 1 10],12,53,70,41,41
1,<environment.Job instance at 0x7f4e037d7b90>,17,13,[8 4],18,70,83,52,60
1,<environment.Job instance at 0x7f4e037d7460>,18,15,[ 3 10],19,83,98,64,70
1,<environment.Job instance at 0x7f4e036e8910>,1,12,[ 4 10],2,2,14,0,2
1,<environment.Job instance at 0x7f4e036e8730>,2,2,[4 9],3,14,16,11,3
1,<environment.Job instance at 0x7f4e036e85f0>,0,12,[5 9],1,16,28,15,9
1,<environment.Job instance at 0x7f4e036e8e10>,5,16,[1 8],6,28,44,22,24
1,<environment.Job instance at 0x7fb7bb0b4370>,4,14,[1 6],5,51,65,46,51
1,<environment.Job instance at 0x7fb7b1ca5a00>,13,18,[ 4 10],14,72,90,58,72
1,<environment.Job instance at 0x7fb7b1ca5be0>,16,16,[3 5],17,90,106,73,81
1,<environment.Job instance at 0x7fb7b1cc37d0>,0,15,[8 3],1,5,20,4,5
1,<environment.Job instance at 0x7fb7bb226eb0>,5,14,[ 2 10],6,20,34,14,6
1,<environment.Job instance at 0x7fb7b1ca5b90>,2,13,[ 5 10],3,34,47,31,24
1,<environment.Job instance at 0x7fb7b1ca5c80>,3,16,[ 3 10],4,61,77,57,61
1,<environment.Job instance at 0x7fb7bb0de3c0>,23,14,[5 2],24,130,144,106,130
1,<environment.Job instance at 0x7fb7bb21a5a0>,26,17,[7 1],27,144,161,117,144
1,<environment.Job instance at 0x7fb770056d70>,10,13,[4 5],11,67,80,56,67
1,<environment.Job instance at 0x7fb76ffaad70>,7,13,[5 4],8,68,81,60,68
1,<environment.Job instance at 0x7fb770056140>,15,17,[7 2],16,81,98,65,77
1,<environment.Job instance at 0x7fb770056aa0>,13,17,[ 2 10],14,98,115,84,89
1,<environment.Job instance at 0x7fb7700565f0>,2,15,[5 9],3,5,20,2,5
1,<environment.Job instance at 0x7fb7704654b0>,10,18,[1 7],11,20,38,9,12
1,<environment.Job instance at 0x7fb770465c80>,12,16,[4 8],13,38,54,25,25
1,<environment.Job instance at 0x7fb7704657d0>,18,13,[3 6],19,54,67,35,50
1,<environment.Job instance at 0x7fb770465960>,22,14,[7 4],23,76,90,53,76
1,<environment.Job instance at 0x7fb770405a00>,24,17,[8 4],25,90,107,65,79
1,<environment.Job instance at 0x7fb7704055a0>,26,3,[3 5],27,79,82,52,79
1,<environment.Job instance at 0x7fb770405870>,28,13,[7 2],29,107,120,78,91
1,<environment.Job instance at 0x7fb7704059b0>,31,17,[4 8],32,120,137,88,108
1,<environment.Job instance at 0x7fb77041bbe0>,35,3,[10  2],36,137,140,101,117
1,<environment.Job instance at 0x7fb76ffa81e0>,42,3,[8 4],43,200,203,157,200
1,<environment.Job instance at 0x7fb76ffa8500>,43,15,[5 8],44,203,218,159,200
1,<environment.Job instance at 0x7fb76ffa8140>,46,16,[6 3],47,224,240,177,224
1,<environment.Job instance at 0x7fb76ffa8af0>,48,18,[4 7],49,224,242,175,224
1,<environment.Job instance at 0x7fb77057f730>,40,16,[3 8],41,242,258,201,230
1,<environment.Job instance at 0x7fb76ffa1c30>,54,12,[10  3],55,258,270,203,258
1,<environment.Job instance at 0x7fb76ffa1fa0>,2,18,[3 9],3,5,23,2,5
1,<environment.Job instance at 0x7fb77011f9b0>,4,16,[5 5],5,30,46,25,30
1,<environment.Job instance at 0x7fb7702bf1e0>,10,16,[9 3],11,46,62,35,33
1,<environment.Job instance at 0x7fb7baa38d70>,15,18,[1 8],16,62,80,46,51
1,<environment.Job instance at 0x7fb7baa38500>,17,15,[10  1],18,80,95,62,66
1,<environment.Job instance at 0x7fb7baa38690>,18,14,[6 4],19,95,109,76,80
1,<environment.Job instance at 0x7fb7baa384b0>,26,14,[8 5],27,122,136,95,122
1,<environment.Job instance at 0x7fb7baa25640>,29,13,[3 9],30,136,149,106,126
1,<environment.Job instance at 0x7fb7b211d5a0>,0,16,[9 2],1,7,23,6,7
1,<environment.Job instance at 0x7fb7b213a9b0>,10,2,[1 6],11,31,33,20,31
1,<environment.Job instance at 0x7fb7b211d140>,2,17,[5 8],3,40,57,37,40
1,<environment.Job instance at 0x7fb7b213a960>,12,15,[4 9],13,57,72,44,57
1,<environment.Job instance at 0x7fb7b2126fa0>,18,12,[6 2],19,97,109,78,97
1,<environment.Job instance at 0x7fb7b21264b0>,20,16,[3 7],21,128,144,107,128
1,<environment.Job instance at 0x7fb7b2126460>,22,16,[3 5],23,144,160,121,133
1,<environment.Job instance at 0x7fb7b2126e60>,27,18,[1 7],28,160,178,132,149
1,<environment.Job instance at 0x7fb7b2126c80>,29,13,[10  5],30,178,191,148,162
1,<environment.Job instance at 0x7fb7b2124820>,31,14,[3 6],32,191,205,159,179
1,<environment.Job instance at 0x7fb7b21248c0>,35,16,[5 8],36,205,221,169,194
1,<environment.Job instance at 0x7fb77025baa0>,1,19,[4 8],2,15,34,13,15
1,<environment.Job instance at 0x7fb7b2081690>,10,16,[2 8],11,34,50,23,25
1,<environment.Job instance at 0x7fb7b20204b0>,15,13,[5 1],16,30,43,14,30
1,<environment.Job instance at 0x7fb7b2020b90>,17,13,[6 3],18,50,63,32,35
1,<environment.Job instance at 0x7fb7b1c05690>,22,1,[10  4],23,63,64,40,53
1,<environment.Job instance at 0x7fb77063d5f0>,23,14,[3 8],24,64,78,40,58
1,<environment.Job instance at 0x7fb7b1b8e8c0>,25,17,[3 6],26,78,95,52,66
1,<environment.Job instance at 0x7fb7bae3f0f0>,1,16,[6 5],2,2,18,0,2
1,<environment.Job instance at 0x7fb7baa820a0>,0,14,[3 8],1,18,32,17,9
1,<environment.Job instance at 0x7fb7b1b8e8c0>,3,12,[ 3 10],4,32,44,28,16
1,<environment.Job instance at 0x7fb7b1b604b0>,11,17,[8 4],12,44,61,32,33
1,<environment.Job instance at 0x7fb7b2002230>,1,14,[1 6],2,2,16,0,2
1,<environment.Job instance at 0x7fb7baa3d190>,2,15,[8 1],3,3,18,0,3
1,<environment.Job instance at 0x7fb7b1b602d0>,3,14,[5 7],4,18,32,14,4
1,<environment.Job instance at 0x7fb7b1d70460>,12,1,[10  1],13,42,43,29,42
1,<environment.Job instance at 0x7fb7b1d70780>,15,17,[7 2],16,45,62,29,45
1,<environment.Job instance at 0x7fb7b1d70690>,14,18,[5 4],15,62,80,47,57
1,<environment.Job instance at 0x7fb77041b410>,21,15,[10  5],22,92,107,70,92
1,<environment.Job instance at 0x7fb76ff4bcd0>,24,16,[4 7],25,131,147,106,131
1,<environment.Job instance at 0x7fb7bc18af50>,1,13,[5 8],2,2,15,0,2
1,<environment.Job instance at 0x7fb7b2081230>,2,13,[5 5],3,15,28,12,3
1,<environment.Job instance at 0x7fb7b1e950a0>,0,18,[7 2],1,28,46,27,18
1,<environment.Job instance at 0x7fb7b1ae7820>,8,14,[6 1],9,47,61,38,47
1,<environment.Job instance at 0x7fb7b1ae7640>,5,15,[3 6],6,72,87,66,72
1,<environment.Job instance at 0x7fb7b1ae7aa0>,12,3,[10  1],13,87,90,74,73
1,<environment.Job instance at 0x7fb7b1ae7be0>,14,1,[5 1],15,80,81,65,80
1,<environment.Job instance at 0x7fb7b1ae7f50>,19,3,[6 1],20,144,147,124,144
1,<environment.Job instance at 0x7fb7b2087e10>,2,16,[5 1],3,3,19,0,3
1,<environment.Job instance at 0x7fb7bad257d0>,4,13,[5 2],5,5,18,0,5
1,<environment.Job instance at 0x7fb770547730>,11,12,[5 8],12,94,106,82,94
1,<environment.Job instance at 0x7fb7b2087190>,5,14,[2 7],6,115,129,109,115
1,<environment.Job instance at 0x7fb7bb036370>,3,15,[9 3],4,129,144,125,129
1,<environment.Job instance at 0x7fb7b1e1ee60>,1,18,[8 2],2,4,22,2,4
1,<environment.Job instance at 0x7fb7b1e1ef00>,2,15,[8 4],3,22,37,19,8
1,<environment.Job instance at 0x7fb7b1cb0af0>,14,18,[6 1],15,38,56,23,38
1,<environment.Job instance at 0x7fb7b1a4a4b0>,16,13,[9 5],17,56,69,39,40
1,<environment.Job instance at 0x7fb7b1a4a500>,17,12,[3 5],18,44,56,26,44
1,<environment.Job instance at 0x7fb7b1a4aa00>,21,17,[3 8],22,69,86,47,66
1,<environment.Job instance at 0x7fb7b1a4a140>,23,14,[9 3],24,86,100,62,72
1,<environment.Job instance at 0x7fb7b1a4a6e0>,26,14,[9 3],27,100,114,73,86
1,<environment.Job instance at 0x7fb7ba5f9e60>,1,12,[8 3],2,2,14,0,2
1,<environment.Job instance at 0x7fb76fe0c370>,0,16,[8 1],1,14,30,13,8
1,<environment.Job instance at 0x7fb76fe0c910>,4,16,[4 7],5,77,93,72,77
1,<environment.Job instance at 0x7fb770473f00>,16,17,[3 9],17,181,198,164,181
1,<environment.Job instance at 0x7fb770489f50>,23,15,[10  2],24,198,213,174,186
1,<environment.Job instance at 0x7fb770489f00>,24,14,[8 5],25,213,227,188,198
1,<environment.Job instance at 0x7fb770489cd0>,27,13,[5 9],28,227,240,199,211
1,<environment.Job instance at 0x7fb7700215f0>,30,14,[4 6],31,240,254,209,225
1,<environment.Job instance at 0x7fb7ba8dd820>,0,14,[7 4],1,7,21,6,7
1,<environment.Job instance at 0x7fb7ba8ee4b0>,7,15,[5 1],8,21,36,13,8
1,<environment.Job instance at 0x7fb7ba8eeeb0>,11,17,[6 1],12,36,53,24,29
1,<environment.Job instance at 0x7fb7ba8bffa0>,1,17,[ 4 10],2,53,70,51,41
1,<environment.Job instance at 0x7fb7ba9bd820>,25,19,[4 6],26,74,93,48,74
1,<environment.Job instance at 0x7fb7ba5ceb90>,28,18,[5 5],29,96,114,67,96
1,<environment.Job instance at 0x7fb7ba5ceb90>,2,18,[3 6],3,3,21,0,3
1,<environment.Job instance at 0x7fb7b1b53cd0>,3,12,[5 6],4,21,33,17,4
1,<environment.Job instance at 0x7fb7b1b53780>,10,21,[7 1],11,33,54,22,26
1,<environment.Job instance at 0x7fb7b1b53a50>,9,20,[1 6],10,33,53,23,33
1,<environment.Job instance at 0x7fb76fc93d70>,4,17,[4 6],5,81,98,76,81
1,<environment.Job instance at 0x7fb7ba54b960>,18,17,[3 5],19,98,115,79,97
1,<environment.Job instance at 0x7fb7ba51b500>,19,26,[1 5],20,98,124,78,98
1,<environment.Job instance at 0x7fb7701d5be0>,0,13,[5 4],1,3,16,2,3
1,<environment.Job instance at 0x7fb770351b40>,16,16,[1 7],17,51,67,34,51
1,<environment.Job instance at 0x7fb7b1ea9aa0>,19,18,[2 9],20,67,85,47,62
1,<environment.Job instance at 0x7fb76fd5b780>,1,15,[6 1],2,3,18,1,3
1,<environment.Job instance at 0x7fb76fd5b5f0>,6,17,[7 5],7,18,35,11,8
1,<environment.Job instance at 0x7fb7701c20a0>,13,17,[7 2],14,35,52,21,29
1,<environment.Job instance at 0x7fb7701c25a0>,15,13,[4 5],16,52,65,36,38
1,<environment.Job instance at 0x7fb7701c2e60>,22,13,[5 5],23,81,94,58,81
1,<environment.Job instance at 0x7fb7baa057d0>,35,16,[4 8],36,2535,2551,2499,2535
1,<environment.Job instance at 0x7fb7baa05a00>,37,1,[2 5],38,2551,2552,2513,2535
1,<environment.Job instance at 0x7fb7baa05460>,39,3,[6 1],40,2544,2547,2504,2544
1,<environment.Job instance at 0x7fb7baa05d20>,40,16,[3 7],41,2552,2568,2511,2544
1,<environment.Job instance at 0x7fb7700f4d70>,0,17,[8 5],1,46,63,45,46
1,<environment.Job instance at 0x7fb7baaa2550>,19,14,[5 5],20,87,101,67,87
1,<environment.Job instance at 0x7fb7b1d35910>,12,18,[5 5],13,100,118,87,100
1,<environment.Job instance at 0x7fb7b1a52140>,3,15,[10  5],4,118,133,114,105
1,<environment.Job instance at 0x7fb7baaa2fa0>,24,18,[8 4],25,133,151,108,124
1,<environment.Job instance at 0x7fb7b2059e60>,33,13,[5 3],34,151,164,117,136
1,<environment.Job instance at 0x7fb770118c30>,28,16,[3 6],29,151,167,122,147
1,<environment.Job instance at 0x7fb770118460>,27,17,[7 4],28,168,185,140,168
1,<environment.Job instance at 0x7fc880c20aa0>,14,13,[7 3],15,92,105,77,92
1,<environment.Job instance at 0x7fc880c20b40>,15,18,[2 8],16,105,123,89,94
1,<environment.Job instance at 0x7fc880bc5320>,1,13,[5 6],2,5,18,3,5
1,<environment.Job instance at 0x7fc888057f50>,5,13,[ 4 10],6,18,31,12,7
1,<environment.Job instance at 0x7fc88805ad70>,10,14,[1 7],11,31,45,20,19
1,<environment.Job instance at 0x7fc88805a410>,13,14,[5 2],14,40,54,26,40
1,<environment.Job instance at 0x7fc83cf059b0>,11,17,[5 1],12,38,55,26,38
1,<environment.Job instance at 0x7fc83d270eb0>,2,16,[5 5],3,4,20,1,4
1,<environment.Job instance at 0x7fc83cec0c30>,4,12,[3 8],5,21,33,16,21
1,<environment.Job instance at 0x7fc83d28e050>,10,16,[3 8],11,33,49,22,21
1,<environment.Job instance at 0x7fc83d28e5a0>,17,14,[5 7],18,71,85,53,71
1,<environment.Job instance at 0x7fc83d28e910>,18,18,[4 7],19,85,103,66,74
1,<environment.Job instance at 0x7fc83d28efa0>,13,15,[5 8],14,103,118,89,91
1,<environment.Job instance at 0x7fc83d0168c0>,1,17,[4 8],2,123,140,121,123
1,<environment.Job instance at 0x7fc83cec6320>,27,13,[10  3],28,140,153,112,128
1,<environment.Job instance at 0x7fc83ce37be0>,5,12,[1 6],6,8,20,2,8
1,<environment.Job instance at 0x7fc83ce37e10>,9,15,[1 6],10,20,35,10,10
1,<environment.Job instance at 0x7fc83d18c0f0>,4,1,[10  5],5,25,26,20,25
1,<environment.Job instance at 0x7fc83d18c0a0>,6,12,[6 5],7,26,38,19,26
1,<environment.Job instance at 0x7fc83d14a320>,13,15,[ 1 10],14,89,104,75,89
1,<environment.Job instance at 0x7fc8851f7550>,3,13,[1 7],4,5,18,1,5
1,<environment.Job instance at 0x7fc8859480f0>,9,13,[7 5],10,20,33,10,20
1,<environment.Job instance at 0x7fc83d4bdaf0>,13,3,[8 2],14,47,50,33,47
1,<environment.Job instance at 0x7fc83d14afa0>,1,13,[1 9],2,50,63,48,48
1,<environment.Job instance at 0x7fc88112d1e0>,17,14,[8 1],18,50,64,32,48
1,<environment.Job instance at 0x7fc88112dfa0>,25,12,[9 4],26,318,330,292,318
1,<environment.Job instance at 0x7fc880f78d20>,0,15,[7 3],1,5,20,4,5
1,<environment.Job instance at 0x7fc83cec0550>,5,14,[2 8],6,20,34,14,8
1,<environment.Job instance at 0x7fc83cec0aa0>,11,13,[7 5],12,34,47,22,19
1,<environment.Job instance at 0x7fc83cec0dc0>,16,3,[5 3],17,47,50,30,38
1,<environment.Job instance at 0x7fc83cec0e60>,17,17,[7 4],18,50,67,32,39
1,<environment.Job instance at 0x7fc83d412e10>,3,12,[3 5],4,71,83,67,71
1,<environment.Job instance at 0x7fc83d463af0>,8,19,[3 8],9,95,114,86,95
1,<environment.Job instance at 0x7fc881105eb0>,15,14,[9 2],16,114,128,98,100
1,<environment.Job instance at 0x7fc83d24c410>,7,14,[1 9],8,8,22,0,8
1,<environment.Job instance at 0x7fc880ab6cd0>,9,12,[1 7],10,22,34,12,10
1,<environment.Job instance at 0x7fc887f25f50>,13,17,[5 5],14,34,51,20,24
1,<environment.Job instance at 0x7fc8855361e0>,0,18,[3 9],1,51,69,50,40
1,<environment.Job instance at 0x7fc83d1f4c30>,22,12,[5 6],23,69,81,46,54
1,<environment.Job instance at 0x7fc88526b7d0>,0,15,[7 2],1,51,66,50,51
1,<environment.Job instance at 0x7fc83cd7d460>,12,17,[4 9],13,75,92,62,75
1,<environment.Job instance at 0x7fc83cd7d1e0>,11,14,[ 4 10],12,92,106,80,78
1,<environment.Job instance at 0x7fc880b19c80>,1,16,[10  4],2,106,122,104,99
1,<environment.Job instance at 0x7fc8809bd550>,21,14,[9 2],22,122,136,100,108
1,<environment.Job instance at 0x7fc8809bd3c0>,27,15,[4 9],28,136,151,108,126
1,<environment.Job instance at 0x7fc8809bd190>,25,18,[3 6],26,171,189,145,171
1,<environment.Job instance at 0x7fc880990dc0>,33,15,[9 3],34,221,236,187,221
1,<environment.Job instance at 0x7fc8809be730>,5,1,[6 4],6,6,7,0,6
1,<environment.Job instance at 0x7fc8853b8e10>,6,13,[5 2],7,7,20,0,7
1,<environment.Job instance at 0x7fc8853b8870>,7,17,[2 8],8,8,25,0,8
1,<environment.Job instance at 0x7fc83d2340a0>,10,19,[4 5],11,25,44,14,15
1,<environment.Job instance at 0x7fc8809beeb0>,4,17,[2 8],5,44,61,39,35
1,<environment.Job instance at 0x7fc83d24ea50>,18,2,[5 3],19,61,63,42,51
1,<environment.Job instance at 0x7fc83d24ec80>,19,13,[5 6],20,61,74,41,51
1,<environment.Job instance at 0x7fc880b3fe60>,1,18,[1 7],2,115,133,113,115
1,<environment.Job instance at 0x7fc83d24eeb0>,29,17,[6 1],30,115,132,85,115
1,<environment.Job instance at 0x7fc83d1a4e60>,31,15,[8 2],32,132,147,100,118
1,<environment.Job instance at 0x7fc83d1a4550>,33,3,[8 3],34,147,150,113,132
1,<environment.Job instance at 0x7fc83d1a4aa0>,36,13,[9 5],37,150,163,113,136
1,<environment.Job instance at 0x7fc83d1a46e0>,35,18,[8 3],36,180,198,144,180
1,<environment.Job instance at 0x7fc83d1a4fa0>,41,17,[3 8],42,198,215,156,192
1,<environment.Job instance at 0x7fc83d1a4c30>,46,14,[9 3],47,215,229,168,200
1,<environment.Job instance at 0x7fc83d1a4c30>,2,13,[7 5],3,4,17,1,4
1,<environment.Job instance at 0x7fc83d1a4cd0>,1,16,[ 2 10],2,18,34,16,18
1,<environment.Job instance at 0x7fc8852c3870>,8,18,[5 6],9,45,63,36,45
1,<environment.Job instance at 0x7fc880c20230>,15,16,[9 5],16,71,87,55,71
1,<environment.Job instance at 0x7fc880c209b0>,16,13,[1 6],17,87,100,70,72
1,<environment.Job instance at 0x7fc887d04410>,10,16,[8 1],11,87,103,76,76
1,<environment.Job instance at 0x7fc83ceead70>,3,15,[10  1],4,183,198,179,183
1,<environment.Job instance at 0x7fc8852c3d70>,7,15,[1 7],8,200,215,192,200
1,<environment.Job instance at 0x7fc885857050>,30,18,[1 9],31,252,270,221,252
1,<environment.Job instance at 0x7fc83cd60500>,32,16,[2 6],33,270,286,237,257
1,<environment.Job instance at 0x7fc8810679b0>,37,13,[5 9],38,300,313,262,300
1,<environment.Job instance at 0x7fc83cfaa460>,40,14,[4 6],41,313,327,272,303
1,<environment.Job instance at 0x7fc8853d70a0>,42,13,[5 9],43,327,340,284,312
1,<environment.Job instance at 0x7fc83d18dd20>,0,14,[7 4],1,5,19,4,5
1,<environment.Job instance at 0x7fc8857b0910>,5,18,[5 3],6,19,37,13,8
1,<environment.Job instance at 0x7fc880b168c0>,7,15,[5 1],8,22,37,14,22
1,<environment.Job instance at 0x7fc8809a83c0>,13,15,[5 8],14,37,52,23,28
1,<environment.Job instance at 0x7fc83d01ec30>,10,12,[ 4 10],11,61,73,50,61
1,<environment.Job instance at 0x7fc83d175410>,21,1,[9 5],22,73,74,51,62
1,<environment.Job instance at 0x7fc83d18d5a0>,1,17,[ 4 10],2,76,93,74,76
1,<environment.Job instance at 0x7fc880992b90>,28,18,[5 5],29,96,114,67,96
1,<environment.Job instance at 0x7fc880992b90>,2,16,[7 1],3,3,19,0,3
1,<environment.Job instance at 0x7fc83cdc2e10>,3,13,[6 5],4,19,32,15,4
1,<environment.Job instance at 0x7fc8811061e0>,9,17,[7 5],10,32,49,22,23
1,<environment.Job instance at 0x7fc8810dfcd0>,13,18,[1 8],14,49,67,35,38
1,<environment.Job instance at 0x7fc83cd35640>,0,13,[2 8],1,3,16,2,3
1,<environment.Job instance at 0x7fc8858a8230>,7,15,[10  5],8,16,31,8,8
1,<environment.Job instance at 0x7fc8858a8f50>,14,14,[5 4],15,77,91,62,77
1,<environment.Job instance at 0x7fc880b200a0>,1,16,[1 6],2,63,79,61,63
1,<environment.Job instance at 0x7fc83d495fa0>,11,17,[3 9],12,87,104,75,87
1,<environment.Job instance at 0x7fc880d7b640>,18,17,[10  4],19,106,123,87,106
1,<environment.Job instance at 0x7fc83cf5ac80>,19,16,[ 5 10],20,135,151,115,135
1,<environment.Job instance at 0x7fc83d1d7e60>,4,13,[2 8],5,9,22,4,9
1,<environment.Job instance at 0x7fc880f77c80>,12,18,[3 6],13,80,98,67,80
1,<environment.Job instance at 0x7fc880f72370>,16,24,[5 2],17,134,158,117,134
1,<environment.Job instance at 0x7fc83d46b9b0>,1,19,[1 5],2,2,21,0,2
1,<environment.Job instance at 0x7fc880f72320>,2,12,[1 5],3,5,17,2,5
1,<environment.Job instance at 0x7fc83d24c0a0>,8,16,[3 6],9,25,41,16,25
1,<environment.Job instance at 0x7fc880aab5a0>,13,17,[5 6],14,76,93,62,76
1,<environment.Job instance at 0x7fc880a92690>,16,18,[ 5 10],17,93,111,76,85
1,<environment.Job instance at 0x7fc880ec7d20>,19,19,[5 2],20,111,130,91,101
1,<environment.Job instance at 0x7fc880af65a0>,2,12,[3 5],3,6,18,3,6
1,<environment.Job instance at 0x7fc83d190cd0>,9,13,[2 7],10,79,92,69,79
1,<environment.Job instance at 0x7fc83ccea690>,11,13,[3 5],12,92,105,80,79
1,<environment.Job instance at 0x7fc83cfe32d0>,16,18,[3 6],17,110,128,93,110
1,<environment.Job instance at 0x7fdc8a35f140>,4,14,[1 6],5,47,61,42,47
1,<environment.Job instance at 0x7fdc82f4faa0>,14,13,[7 3],15,87,100,72,87
1,<environment.Job instance at 0x7fdc82f4fb40>,15,18,[2 8],16,100,118,84,89
1,<environment.Job instance at 0x7fdc3f341320>,6,17,[7 1],7,7,24,0,7
1,<environment.Job instance at 0x7fdc82f4fb90>,8,17,[5 5],9,24,41,15,12
1,<environment.Job instance at 0x7fdc3f341820>,13,13,[7 5],14,41,54,27,25
1,<environment.Job instance at 0x7fdc3f1ab050>,3,17,[9 4],4,13,30,9,13
1,<environment.Job instance at 0x7fdc3f1c4410>,13,15,[5 1],14,71,86,57,71
1,<environment.Job instance at 0x7fdc837065f0>,0,16,[10  4],1,4,20,3,4
1,<environment.Job instance at 0x7fdc830e00f0>,6,17,[7 4],7,20,37,13,12
1,<environment.Job instance at 0x7fdc82d403c0>,9,1,[3 7],10,23,24,13,23
1,<environment.Job instance at 0x7fdc3f649f00>,1,16,[1 8],2,27,43,25,27
1,<environment.Job instance at 0x7fdc3f61b6e0>,19,14,[3 7],20,90,104,70,90
1,<environment.Job instance at 0x7fdc3f61b1e0>,21,14,[5 5],22,104,118,82,94
1,<environment.Job instance at 0x7fdc3f625dc0>,28,16,[4 9],29,156,172,127,156
1,<environment.Job instance at 0x7fdc3f625a00>,29,18,[ 2 10],30,172,190,142,164
1,<environment.Job instance at 0x7fdc833c4410>,1,15,[10  4],2,70,85,68,70
1,<environment.Job instance at 0x7fdc3f8a8b90>,17,15,[ 5 10],18,88,103,70,88
1,<environment.Job instance at 0x7fdc3f8a8a50>,20,14,[9 5],21,120,134,99,120
1,<environment.Job instance at 0x7fdc82edcdc0>,23,18,[9 4],24,146,164,122,146
1,<environment.Job instance at 0x7fdc82edc690>,27,12,[6 3],28,164,176,136,164
1,<environment.Job instance at 0x7fdc82edcf50>,29,17,[5 7],30,176,193,146,164
1,<environment.Job instance at 0x7fdc3f895d70>,33,14,[5 2],34,202,216,168,202
1,<environment.Job instance at 0x7fdc3f6bb370>,2,14,[7 2],3,3,17,0,3
1,<environment.Job instance at 0x7fdc82cc84b0>,5,12,[6 1],6,17,29,11,6
1,<environment.Job instance at 0x7fdc82cc8460>,7,2,[6 3],8,29,31,21,10
1,<environment.Job instance at 0x7fdc8a389870>,12,14,[5 4],13,31,45,18,16
1,<environment.Job instance at 0x7fdc82f07550>,9,15,[10  1],10,45,60,35,32
1,<environment.Job instance at 0x7fdc3f1f3820>,18,16,[9 2],19,60,76,41,48
1,<environment.Job instance at 0x7fdc82cc8eb0>,6,13,[9 2],7,76,89,69,61
1,<environment.Job instance at 0x7fdc3f710a50>,2,1,[10  1],3,3,4,0,3
1,<environment.Job instance at 0x7fdc82d0a820>,5,17,[7 2],6,8,25,2,8
1,<environment.Job instance at 0x7fdc833f81e0>,1,12,[10  1],2,25,37,23,12
1,<environment.Job instance at 0x7fdc82d0aaf0>,11,15,[10  5],12,37,52,25,36
1,<environment.Job instance at 0x7fdc82d0afa0>,14,16,[4 7],15,71,87,56,71
1,<environment.Job instance at 0x7fdc82d054b0>,22,13,[5 5],23,112,125,89,112
1,<environment.Job instance at 0x7fdc82d055f0>,24,14,[ 3 10],25,135,149,110,135
1,<environment.Job instance at 0x7fdc831dc9b0>,7,17,[4 7],8,14,31,6,14
1,<environment.Job instance at 0x7fdc3f036e60>,1,13,[3 7],2,3,16,1,3
1,<environment.Job instance at 0x7fdc82f2ab90>,10,12,[9 5],11,28,40,17,28
1,<environment.Job instance at 0x7fdc3f841550>,13,14,[1 8],14,40,54,26,28
1,<environment.Job instance at 0x7fdc3f582a00>,15,15,[2 8],16,54,69,38,41
1,<environment.Job instance at 0x7fdc3f54c9b0>,17,13,[3 7],18,69,82,51,53
1,<environment.Job instance at 0x7fdc3f54c3c0>,20,16,[5 5],21,82,98,61,69
1,<environment.Job instance at 0x7fdc82cc3c30>,22,14,[8 4],23,98,112,75,85
1,<environment.Job instance at 0x7fdc82cc3460>,24,18,[5 9],25,112,130,87,103
1,<environment.Job instance at 0x7fdc3f2329b0>,6,14,[3 5],7,7,21,0,7
1,<environment.Job instance at 0x7fdc82e16730>,11,17,[9 5],12,23,40,11,23
1,<environment.Job instance at 0x7fdc838cfeb0>,9,15,[10  1],10,40,55,30,30
1,<environment.Job instance at 0x7fdc3f7e2320>,15,15,[ 1 10],16,55,70,39,41
1,<environment.Job instance at 0x7fdc3f8a8c30>,16,15,[7 1],17,70,85,53,57
1,<environment.Job instance at 0x7fdc3f5fe8c0>,18,17,[5 5],19,85,102,66,73
1,<environment.Job instance at 0x7fdc83930140>,0,18,[10  5],1,104,122,103,104
1,<environment.Job instance at 0x7fdc831d6550>,25,15,[2 5],26,122,137,96,122
1,<environment.Job instance at 0x7fdc831d6410>,26,15,[7 2],27,123,138,96,123
1,<environment.Job instance at 0x7fdc3f4bf730>,7,13,[9 3],8,9,22,1,9
1,<environment.Job instance at 0x7fdc3f4bf320>,8,18,[5 3],9,22,40,13,11
1,<environment.Job instance at 0x7fdc3f4c96e0>,2,12,[10  3],3,40,52,37,25
1,<environment.Job instance at 0x7fdc3f4bf910>,15,15,[ 1 10],16,52,67,36,41
1,<environment.Job instance at 0x7fdc3f0d7af0>,1,17,[ 4 10],2,8,25,6,8
1,<environment.Job instance at 0x7fdc3f63d1e0>,9,14,[7 1],10,25,39,15,22
1,<environment.Job instance at 0x7fdc3f62b280>,11,16,[5 5],12,39,55,27,28
1,<environment.Job instance at 0x7fdc3f7fbe60>,2,18,[3 6],3,3,21,0,3
1,<environment.Job instance at 0x7fdc83c312d0>,3,12,[5 6],4,21,33,17,4
1,<environment.Job instance at 0x7fdc3f567af0>,6,17,[4 6],7,7,24,0,7
1,<environment.Job instance at 0x7fdc82f46730>,2,18,[7 4],3,4,22,1,4
1,<environment.Job instance at 0x7fdc3f73b190>,11,18,[10  5],12,24,42,12,24
1,<environment.Job instance at 0x7fdc3f871640>,1,17,[3 9],2,51,68,49,51
1,<environment.Job instance at 0x7fdc3f73b820>,9,16,[ 5 10],10,70,86,60,70
1,<environment.Job instance at 0x7fdc8316e8c0>,19,12,[1 8],20,94,106,74,94
1,<environment.Job instance at 0x7fdc8316ed70>,20,14,[6 4],21,106,120,85,94
1,<environment.Job instance at 0x7fdc8316ec80>,23,15,[2 8],24,120,135,96,107
1,<environment.Job instance at 0x7fdc8316e5f0>,26,3,[10  5],27,135,138,108,114
1,<environment.Job instance at 0x7fdc8304f2d0>,17,18,[ 4 10],18,116,134,98,116
1,<environment.Job instance at 0x7fdc83061690>,27,13,[8 5],28,215,228,187,215
1,<environment.Job instance at 0x7fdc83061d70>,30,3,[9 1],31,228,231,197,216
1,<environment.Job instance at 0x7fdc832bc2d0>,33,17,[7 2],34,263,280,229,263
1,<environment.Job instance at 0x7fdc83061eb0>,29,18,[ 3 10],30,364,382,334,364
1,<environment.Job instance at 0x7fdc83061eb0>,2,12,[2 5],3,3,15,0,3
1,<environment.Job instance at 0x7fdc3eff62d0>,1,13,[1 7],2,15,28,13,5
1,<environment.Job instance at 0x7fdc3f608640>,3,17,[5 2],4,7,24,3,7
1,<environment.Job instance at 0x7fdc3f72eaf0>,7,18,[5 5],8,28,46,20,26
1,<environment.Job instance at 0x7fdc3f853be0>,5,12,[3 5],6,79,91,73,79
1,<environment.Job instance at 0x7fdc835fbaf0>,14,18,[10  5],15,91,109,76,82
1,<environment.Job instance at 0x7fdc8306f140>,21,18,[3 8],22,124,142,102,124
1,<environment.Job instance at 0x7fdc8306f140>,5,18,[10  2],6,6,24,0,6
1,<environment.Job instance at 0x7fdc836094b0>,9,2,[1 8],10,24,26,14,10
1,<environment.Job instance at 0x7fdc83609b90>,7,14,[5 6],8,26,40,18,22
1,<environment.Job instance at 0x7fdc83027550>,11,21,[5 6],12,23,44,11,23
1,<environment.Job instance at 0x7fdc8339e640>,12,17,[10  4],13,44,61,31,44
1,<environment.Job instance at 0x7fe14812d500>,5,24,[1 5],6,71,95,65,71
1,<environment.Job instance at 0x7fe14812da00>,13,18,[ 4 10],14,103,121,89,103
1,<environment.Job instance at 0x7fe14812dbe0>,16,16,[3 5],17,121,137,104,108
1,<environment.Job instance at 0x7fe1023a3550>,3,13,[7 5],4,5,18,1,5
1,<environment.Job instance at 0x7fe14812d410>,1,18,[1 9],2,18,36,16,8
1,<environment.Job instance at 0x7fe1023a27d0>,12,16,[6 4],13,36,52,23,24
1,<environment.Job instance at 0x7fe10251e5f0>,19,14,[2 6],20,43,57,23,43
1,<environment.Job instance at 0x7fe10251ef00>,21,13,[4 9],22,92,105,70,92
1,<environment.Job instance at 0x7fe102527820>,25,13,[5 2],26,112,125,86,112
1,<environment.Job instance at 0x7fe102526dc0>,33,12,[1 7],34,171,183,137,171
1,<environment.Job instance at 0x7fe102526f00>,36,3,[ 5 10],37,183,186,146,173
1,<environment.Job instance at 0x7fe1025264b0>,38,18,[10  1],39,186,204,147,180
1,<environment.Job instance at 0x7fe10251dbe0>,41,14,[2 7],42,204,218,162,198
1,<environment.Job instance at 0x7fe10252b190>,47,15,[3 7],48,221,236,173,221
1,<environment.Job instance at 0x7fe10252b230>,48,17,[5 2],49,221,238,172,221
1,<environment.Job instance at 0x7fe14d6b6690>,1,17,[5 5],2,2,19,0,2
1,<environment.Job instance at 0x7fe14d6ac7d0>,2,15,[5 5],3,3,18,0,3
1,<environment.Job instance at 0x7fe102ac3fa0>,5,2,[6 1],6,19,21,13,7
1,<environment.Job instance at 0x7fe14d6acbe0>,4,13,[4 8],5,19,32,14,7
1,<environment.Job instance at 0x7fe14d6b64b0>,0,17,[ 3 10],1,76,93,75,76
1,<environment.Job instance at 0x7fe10237e870>,7,17,[ 1 10],8,93,110,85,82
1,<environment.Job instance at 0x7fe102455be0>,18,13,[4 6],19,126,139,107,126
1,<environment.Job instance at 0x7fe102455460>,20,17,[10  3],21,1398,1415,1377,1398
1,<environment.Job instance at 0x7fe147f11190>,5,13,[6 4],6,9,22,3,9
1,<environment.Job instance at 0x7fe1484ecfa0>,9,18,[2 9],10,24,42,14,24
1,<environment.Job instance at 0x7fe148c59c80>,1,17,[1 8],2,69,86,67,69
1,<environment.Job instance at 0x7fe148c50a50>,17,15,[9 5],18,95,110,77,95
1,<environment.Job instance at 0x7fe1485dc690>,2,16,[10  3],3,110,126,107,97
1,<environment.Job instance at 0x7fe1482aa370>,24,13,[2 9],25,126,139,101,116
1,<environment.Job instance at 0x7fe1482aa730>,25,12,[10  5],26,139,151,113,125
1,<environment.Job instance at 0x7fe14829a050>,0,15,[4 5],1,1,16,0,1
1,<environment.Job instance at 0x7fe147f975f0>,4,18,[6 1],5,5,23,0,5
1,<environment.Job instance at 0x7fe1027eccd0>,5,16,[4 5],6,16,32,10,6
1,<environment.Job instance at 0x7fe147fb5780>,12,17,[5 8],13,32,49,19,20
1,<environment.Job instance at 0x7fe102811be0>,10,16,[9 2],11,49,65,38,39
1,<environment.Job instance at 0x7fe148aa29b0>,5,17,[3 6],6,44,61,38,44
1,<environment.Job instance at 0x7fe148aa20a0>,14,13,[6 5],15,61,74,46,47
1,<environment.Job instance at 0x7fe148aa2410>,4,17,[10  5],5,74,91,69,62
1,<environment.Job instance at 0x7fe148ad2870>,1,14,[5 5],2,4,18,2,4
1,<environment.Job instance at 0x7fe1029289b0>,4,16,[6 1],5,18,34,13,5
1,<environment.Job instance at 0x7fe14d563be0>,12,12,[1 8],13,27,39,14,27
1,<environment.Job instance at 0x7fe148b88870>,10,16,[10  2],11,39,55,28,28
1,<environment.Job instance at 0x7fe148ae3be0>,15,18,[6 2],16,55,73,39,44
1,<environment.Job instance at 0x7fe148ae3aa0>,3,12,[3 5],4,70,82,66,70
1,<environment.Job instance at 0x7fe147fe71e0>,11,14,[5 9],12,95,109,83,95
1,<environment.Job instance at 0x7fe147fe76e0>,2,12,[5 6],3,4,16,1,4
1,<environment.Job instance at 0x7fe102446050>,5,13,[1 9],6,16,29,10,6
1,<environment.Job instance at 0x7fe102446820>,4,12,[6 1],5,16,28,11,8
1,<environment.Job instance at 0x7fe1485ff050>,10,16,[8 5],11,29,45,18,28
1,<environment.Job instance at 0x7fe10244f8c0>,1,12,[5 8],2,2,14,0,2
1,<environment.Job instance at 0x7fe1024dc550>,0,19,[ 3 10],1,64,83,63,64
1,<environment.Job instance at 0x7fe102ac7140>,7,2,[5 7],8,67,69,59,67
1,<environment.Job instance at 0x7fe1023cbb90>,10,18,[1 6],11,69,87,58,67
1,<environment.Job instance at 0x7fe102ac7550>,9,15,[4 5],10,87,102,77,73
1,<environment.Job instance at 0x7fe148c2ffa0>,17,15,[5 4],18,90,105,72,90
1,<environment.Job instance at 0x7fe148c5f0a0>,19,12,[6 2],20,109,121,89,109
1,<environment.Job instance at 0x7fe148c5f3c0>,21,12,[8 4],22,121,133,99,109
1,<environment.Job instance at 0x7fe14829ddc0>,3,20,[5 2],4,4,24,0,4
1,<environment.Job instance at 0x7fe14813ce60>,6,1,[6 2],7,24,25,17,7
1,<environment.Job instance at 0x7fe14813ceb0>,4,12,[ 4 10],5,25,37,20,12
1,<environment.Job instance at 0x7fe148ab9370>,5,19,[8 4],6,21,40,15,21
1,<environment.Job instance at 0x7fe1025bf410>,11,15,[10  2],12,79,94,67,79
1,<environment.Job instance at 0x7fe1026ba820>,18,17,[3 5],19,110,127,91,110
1,<environment.Job instance at 0x7fe148056050>,20,13,[2 8],21,127,140,106,125
1,<environment.Job instance at 0x7fe14888bd70>,2,14,[5 6],3,3,17,0,3
1,<environment.Job instance at 0x7fe1480e3320>,6,18,[5 6],7,23,41,16,23
1,<environment.Job instance at 0x7fe148634b40>,12,18,[7 4],13,43,61,30,43
1,<environment.Job instance at 0x7fe148794a00>,11,17,[3 9],12,92,109,80,92
1,<environment.Job instance at 0x7fe1022c52d0>,19,16,[ 5 10],20,109,125,89,97
1,<environment.Job instance at 0x7fe1022c55a0>,18,17,[10  4],19,125,142,106,114
1,<environment.Job instance at 0x7fe1480e3780>,16,16,[ 2 10],17,142,158,125,129
1,<environment.Job instance at 0x7fe1483b36e0>,7,28,[1 6],8,28,56,20,28
1,<environment.Job instance at 0x7fe1483b74b0>,14,21,[9 2],15,63,84,48,63
1,<environment.Job instance at 0x7fe1483b7b40>,18,15,[3 5],19,99,114,80,99
1,<environment.Job instance at 0x7fe1486b35a0>,27,13,[8 5],28,201,214,173,201
1,<environment.Job instance at 0x7fe148b21410>,7,18,[2 6],8,48,66,40,48
1,<environment.Job instance at 0x7fe1027e0870>,11,18,[3 8],12,72,90,60,72
1,<environment.Job instance at 0x7fe148737cd0>,13,15,[10  3],14,90,105,76,78
1,<environment.Job instance at 0x7fe148737280>,15,18,[9 5],16,105,123,89,99
1,<environment.Job instance at 0x7fe148de1f00>,22,16,[8 1],23,143,159,120,143
1,<environment.Job instance at 0x7fe148de1190>,23,14,[9 3],24,159,173,135,144
1,<environment.Job instance at 0x7fe1487353c0>,7,15,[3 5],8,8,23,0,8
1,<environment.Job instance at 0x7fe148735140>,6,13,[5 1],7,8,21,1,8
1,<environment.Job instance at 0x7fe1482b7f50>,0,18,[3 9],1,23,41,22,12
1,<environment.Job instance at 0x7fe148735cd0>,21,16,[6 5],22,54,70,32,54
1,<environment.Job instance at 0x7fe148735e10>,22,12,[9 5],23,70,82,47,54
1,<environment.Job instance at 0x7fe148735780>,15,18,[1 9],16,82,100,66,71
1,<environment.Job instance at 0x7fe148753410>,29,17,[10  2],30,100,117,70,88
1,<environment.Job instance at 0x7fe1487535f0>,32,14,[5 1],33,117,131,84,102
1,<environment.Job instance at 0x7fe147fcb140>,2,15,[3 5],3,4,19,1,4
1,<environment.Job instance at 0x7fe1483b02d0>,11,18,[4 8],12,46,64,34,46
1,<environment.Job instance at 0x7fe148c38a00>,12,14,[6 2],13,93,107,80,93
1,<environment.Job instance at 0x7fe10246dcd0>,17,13,[3 8],18,94,107,76,94
1,<environment.Job instance at 0x7fe102a0d500>,18,14,[ 2 10],19,107,121,88,94
1,<environment.Job instance at 0x7fe102254cd0>,23,16,[5 1],24,121,137,97,118
1,<environment.Job instance at 0x7fe1487085f0>,27,14,[9 2],28,272,286,244,272
1,<environment.Job instance at 0x7fe148402cd0>,7,12,[6 3],8,16,28,8,16
1,<environment.Job instance at 0x7fe14d6b70f0>,1,17,[2 7],2,39,56,37,39
1,<environment.Job instance at 0x7fe102376230>,0,15,[10  1],1,56,71,55,42
1,<environment.Job instance at 0x7f495cb23a00>,13,18,[ 4 10],14,81,99,67,81
1,<environment.Job instance at 0x7f495cb23be0>,16,16,[3 5],17,99,115,82,86
1,<environment.Job instance at 0x7f495cacbbe0>,0,2,[9 5],1,3,5,2,3
1,<environment.Job instance at 0x7f495cb23b90>,2,16,[6 4],3,5,21,2,4
1,<environment.Job instance at 0x7f491ef0cdc0>,11,13,[4 9],12,103,116,91,103
1,<environment.Job instance at 0x7f491ef165a0>,20,18,[10  3],21,116,134,95,105
1,<environment.Job instance at 0x7f491ef1a2d0>,25,3,[5 5],26,134,137,108,131
1,<environment.Job instance at 0x7f491ef16320>,23,12,[1 7],24,137,149,113,132
1,<environment.Job instance at 0x7f491ef16960>,16,12,[5 9],17,149,161,132,134
1,<environment.Job instance at 0x7f491ef19af0>,33,14,[7 5],34,161,175,127,147
1,<environment.Job instance at 0x7f491ef19b90>,36,22,[6 1],37,180,202,143,180
1,<environment.Job instance at 0x7f491ef1a230>,28,18,[10  1],29,202,220,173,195
1,<environment.Job instance at 0x7f491ef0e460>,44,13,[9 4],45,220,233,175,207
1,<environment.Job instance at 0x7f491eddb5f0>,1,13,[1 6],2,2,15,0,2
1,<environment.Job instance at 0x7f491eddb0a0>,2,15,[3 7],3,15,30,12,3
1,<environment.Job instance at 0x7f491eddecd0>,9,14,[8 3],10,30,44,20,17
1,<environment.Job instance at 0x7f495c8dbb40>,13,18,[3 6],14,44,62,30,38
1,<environment.Job instance at 0x7f495da08820>,17,16,[3 9],18,62,78,44,49
1,<environment.Job instance at 0x7f491f260aa0>,21,12,[3 8],22,78,90,56,68
1,<environment.Job instance at 0x7f491f260910>,23,15,[4 6],24,90,105,66,80
1,<environment.Job instance at 0x7f495cd3d640>,29,13,[1 7],30,126,139,96,126
1,<environment.Job instance at 0x7f491f260b90>,20,17,[7 5],21,139,156,118,131
1,<environment.Job instance at 0x7f495c9af1e0>,32,2,[5 7],33,180,182,147,180
1,<environment.Job instance at 0x7f491ededdc0>,36,13,[5 5],37,203,216,166,203
1,<environment.Job instance at 0x7f491ed6dcd0>,39,14,[7 5],40,216,230,176,205
1,<environment.Job instance at 0x7f495d7fdaa0>,13,13,[10  4],14,45,58,31,45
1,<environment.Job instance at 0x7f495d7fd1e0>,14,16,[5 5],15,58,74,43,45
1,<environment.Job instance at 0x7f4929b2faa0>,1,17,[ 5 10],2,74,91,72,63
1,<environment.Job instance at 0x7f491eddf7d0>,20,16,[9 3],21,91,107,70,81
1,<environment.Job instance at 0x7f491f190aa0>,1,14,[3 6],2,2,16,0,2
1,<environment.Job instance at 0x7f495dcaae10>,0,14,[3 5],1,16,30,15,5
1,<environment.Job instance at 0x7f495dcaacd0>,3,12,[6 1],4,7,19,3,7
1,<environment.Job instance at 0x7f491f1bcf00>,10,14,[6 1],11,23,37,12,23
1,<environment.Job instance at 0x7f491f141690>,7,17,[1 7],8,30,47,22,25
1,<environment.Job instance at 0x7f491f1e94b0>,12,17,[10  4],13,47,64,34,35
1,<environment.Job instance at 0x7f495c9906e0>,16,18,[10  3],17,64,82,47,55
1,<environment.Job instance at 0x7f495cf600a0>,1,1,[9 1],2,2,3,0,2
1,<environment.Job instance at 0x7f491f0fff00>,3,3,[8 2],4,4,7,0,4
1,<environment.Job instance at 0x7f491f0ff1e0>,4,15,[7 1],5,7,22,2,5
1,<environment.Job instance at 0x7f491f0ff9b0>,5,2,[5 4],6,22,24,16,6
1,<environment.Job instance at 0x7f495cf600f0>,7,14,[8 1],8,24,38,16,9
1,<environment.Job instance at 0x7f495c9bea00>,0,1,[8 3],1,3,4,2,3
1,<environment.Job instance at 0x7f495c9beaf0>,1,13,[8 3],2,4,17,2,4
1,<environment.Job instance at 0x7f495c9bedc0>,3,1,[7 1],4,17,18,13,5
1,<environment.Job instance at 0x7f495d43c550>,11,17,[6 4],12,31,48,19,31
1,<environment.Job instance at 0x7f495d43c5f0>,12,17,[4 7],13,48,65,35,36
1,<environment.Job instance at 0x7f495d63b050>,21,14,[1 6],22,65,79,43,59
1,<environment.Job instance at 0x7f495ddfbfa0>,22,15,[8 1],23,65,80,42,59
1,<environment.Job instance at 0x7f491eec05f0>,23,14,[5 7],24,80,94,56,67
1,<environment.Job instance at 0x7f495cc4c320>,35,17,[7 2],36,125,142,89,125
1,<environment.Job instance at 0x7f495cc4c960>,36,18,[ 4 10],37,142,160,105,137
1,<environment.Job instance at 0x7f495d54c320>,1,19,[2 5],2,2,21,0,2
1,<environment.Job instance at 0x7f495dbbf370>,0,13,[9 3],1,34,47,33,34
1,<environment.Job instance at 0x7f491f173e60>,2,14,[ 3 10],3,47,61,44,34
1,<environment.Job instance at 0x7f495cca9e60>,1,1,[3 9],2,2,3,0,2
1,<environment.Job instance at 0x7f491f2660a0>,5,15,[2 8],6,7,22,1,7
1,<environment.Job instance at 0x7f495ca0ec80>,7,13,[3 7],8,22,35,14,10
1,<environment.Job instance at 0x7f495d2a4a50>,10,16,[5 5],11,35,51,24,30
1,<environment.Job instance at 0x7f495cca9c30>,0,12,[9 5],1,51,63,50,48
1,<environment.Job instance at 0x7f495d23f4b0>,22,13,[9 1],23,66,79,43,66
1,<environment.Job instance at 0x7f491f2f9cd0>,26,16,[5 5],27,85,101,58,85
1,<environment.Job instance at 0x7f495dc6a280>,25,13,[5 7],26,101,114,75,85
1,<environment.Job instance at 0x7f495d23f140>,20,18,[ 2 10],21,114,132,93,103
1,<environment.Job instance at 0x7f495d319d70>,4,2,[ 2 10],5,22,24,17,22
1,<environment.Job instance at 0x7f491ec0fcd0>,8,14,[4 5],9,24,38,15,22
1,<environment.Job instance at 0x7f491ec0fb90>,11,18,[1 7],12,38,56,26,29
1,<environment.Job instance at 0x7f491ebcdaf0>,14,17,[2 8],15,56,73,41,52
1,<environment.Job instance at 0x7f495dc06af0>,18,15,[9 5],19,73,88,54,59
1,<environment.Job instance at 0x7f491f275eb0>,26,12,[1 7],27,106,118,79,106
1,<environment.Job instance at 0x7f491f275f00>,29,13,[5 6],30,118,131,88,106
1,<environment.Job instance at 0x7f491f3b8280>,32,15,[8 4],33,131,146,98,119
1,<environment.Job instance at 0x7f491f275c80>,25,18,[3 9],26,151,169,125,151
1,<environment.Job instance at 0x7f495ca53870>,7,14,[7 3],8,20,34,12,20
1,<environment.Job instance at 0x7f495ca53a00>,10,18,[1 9],11,76,94,65,76
1,<environment.Job instance at 0x7f495ca53b40>,12,16,[2 6],13,96,112,83,96
1,<environment.Job instance at 0x7f495ca53c80>,14,14,[8 5],15,112,126,97,98
1,<environment.Job instance at 0x7f495ca72140>,20,14,[4 6],21,156,170,135,156
1,<environment.Job instance at 0x7f495d799a00>,1,13,[8 2],2,4,17,2,4
1,<environment.Job instance at 0x7f495cbdc9b0>,5,13,[6 5],6,17,30,11,6
1,<environment.Job instance at 0x7f495dca6f50>,12,1,[ 1 10],13,33,34,20,33
1,<environment.Job instance at 0x7f495dca6c30>,14,15,[4 7],15,37,52,22,37
1,<environment.Job instance at 0x7f495cbdc0a0>,0,16,[ 3 10],1,52,68,51,40
1,<environment.Job instance at 0x7f495cf0b550>,19,14,[9 1],20,68,82,48,59
1,<environment.Job instance at 0x7f495cf0b370>,20,13,[2 6],21,82,95,61,67
1,<environment.Job instance at 0x7f491ecae820>,1,2,[2 7],2,2,4,0,2
1,<environment.Job instance at 0x7f495cf0b320>,3,17,[6 4],4,4,21,0,4
1,<environment.Job instance at 0x7f491ecaeb40>,4,2,[2 5],5,6,8,1,6
1,<environment.Job instance at 0x7f491ecae140>,10,13,[1 5],11,12,25,1,12
1,<environment.Job instance at 0x7f491ecae730>,8,12,[1 5],9,21,33,12,14
1,<environment.Job instance at 0x7f495cf3cc30>,17,14,[7 4],18,28,42,10,28
1,<environment.Job instance at 0x7f491f12f0a0>,12,15,[3 8],13,42,57,29,30
1,<environment.Job instance at 0x7f495cf3ce60>,23,1,[6 5],24,57,58,33,50
1,<environment.Job instance at 0x7f491f12f550>,16,14,[ 2 10],17,58,72,41,50
1,<environment.Job instance at 0x7f495cf3c870>,3,13,[10  2],4,8,21,4,8
1,<environment.Job instance at 0x7f495d7efbe0>,8,12,[7 2],9,21,33,12,9
1,<environment.Job instance at 0x7f495d7efa00>,13,19,[2 5],14,21,40,7,15
1,<environment.Job instance at 0x7f495d7ea6e0>,19,18,[2 9],20,46,64,26,46
1,<environment.Job instance at 0x7f495d7eadc0>,21,15,[10  1],22,64,79,42,54
1,<environment.Job instance at 0x7f495d545f00>,1,13,[9 1],2,3,16,1,3
1,<environment.Job instance at 0x7f491f4865f0>,2,12,[2 5],3,4,16,1,4
1,<environment.Job instance at 0x7f491f4865a0>,1,13,[1 7],2,16,29,14,5
1,<environment.Job instance at 0x7f491f4863c0>,5,12,[3 5],6,29,41,23,12
1,<environment.Job instance at 0x7f491f486c30>,14,18,[10  5],15,76,94,61,76
1,<environment.Job instance at 0x7f491eb0f410>,17,18,[2 6],18,94,112,76,89
1,<environment.Job instance at 0x7f491f486cd0>,3,17,[5 2],4,94,111,90,91
1,<environment.Job instance at 0x7f491eb0f230>,21,18,[3 8],22,123,141,101,123
1,<environment.Job instance at 0x7f495cbbc2d0>,2,16,[ 2 10],3,7,23,4,7
1,<environment.Job instance at 0x7f495cbbc1e0>,0,18,[3 9],1,23,41,22,12
1,<environment.Job instance at 0x7f491f2eef00>,17,21,[5 5],18,50,71,32,50
1,<environment.Job instance at 0x7f491f30fc80>,18,3,[7 2],19,71,74,52,51
1,<environment.Job instance at 0x7f491f30fb40>,20,1,[5 8],21,74,75,53,56
1,<environment.Job instance at 0x7f491f30f280>,22,12,[9 5],23,75,87,52,69
1,<environment.Job instance at 0x7f491f30f3c0>,21,16,[6 5],22,87,103,65,74
1,<environment.Job instance at 0x7f495ca9d140>,28,14,[3 5],29,87,101,58,75
1,<environment.Job instance at 0x7f491f2f8910>,29,17,[10  2],30,103,120,73,95
1,<environment.Job instance at 0x7f491f364730>,30,16,[ 5 10],31,120,136,89,115
1,<environment.Job instance at 0x7f491f364730>,2,14,[6 2],3,3,17,0,3
1,<environment.Job instance at 0x7f491f0ad2d0>,7,13,[3 8],8,39,52,31,39
1,<environment.Job instance at 0x7f491f0ad370>,9,16,[5 5],10,52,68,42,40
1,<environment.Job instance at 0x7f491f2f89b0>,1,18,[4 8],2,68,86,66,64
1,<environment.Job instance at 0x7f495d8510f0>,5,15,[5 6],6,10,25,4,10
1,<environment.Job instance at 0x7f495d017f50>,4,17,[ 5 10],5,52,69,47,52
1,<environment.Job instance at 0x7f491ec20a00>,13,17,[ 2 10],14,80,97,66,80
1,<environment.Job instance at 0x7f491ec20690>,17,14,[5 8],18,101,115,83,101
1,<environment.Job instance at 0x7f491ec20c80>,19,15,[5 3],20,127,142,107,127
1,<environment.Job instance at 0x7f491ec20960>,22,18,[ 5 10],23,153,171,130,153
1,<environment.Job instance at 0x7f491ec20320>,2,18,[4 9],3,24,42,21,24
1,<environment.Job instance at 0x7f491eda31e0>,5,13,[2 9],6,42,55,36,27
1,<environment.Job instance at 0x7f491f0f8fa0>,8,17,[2 8],9,55,72,46,46
1,<environment.Job instance at 0x7f491f0f8690>,13,16,[ 2 10],14,72,88,58,65
1,<environment.Job instance at 0x7f491f0f82d0>,26,18,[5 8],27,88,106,61,87
1,<environment.Job instance at 0x7f495d3d58c0>,27,15,[3 5],28,106,121,78,94
1,<environment.Job instance at 0x7f495d3d5f00>,29,12,[10  4],30,121,133,91,104
1,<environment.Job instance at 0x7f495d3d5b40>,35,16,[7 4],36,133,149,97,131
1,<environment.Job instance at 0x7fd7905be140>,4,14,[1 6],5,47,61,42,47
1,<environment.Job instance at 0x7fd78f45fa00>,13,18,[ 4 10],14,69,87,55,69
1,<environment.Job instance at 0x7fd78f45faa0>,14,13,[7 3],15,87,100,72,71
1,<environment.Job instance at 0x7fd78f45fbe0>,16,16,[3 5],17,87,103,70,74
1,<environment.Job instance at 0x7fd78f45fb90>,1,13,[4 9],2,8,21,6,8
1,<environment.Job instance at 0x7fd7455a72d0>,6,12,[5 9],7,21,33,14,21
1,<environment.Job instance at 0x7fd7455a91e0>,14,3,[10  2],15,56,59,41,56
1,<environment.Job instance at 0x7fd7455a9be0>,10,18,[10  3],11,59,77,48,57
1,<environment.Job instance at 0x7fd7455a9aa0>,20,17,[7 5],21,77,94,56,65
1,<environment.Job instance at 0x7fd7455ac410>,27,15,[3 7],28,107,122,79,107
1,<environment.Job instance at 0x7fd7455a9500>,13,12,[1 7],14,122,134,108,111
1,<environment.Job instance at 0x7fd7455a97d0>,18,18,[10  1],19,143,161,124,143
1,<environment.Job instance at 0x7fd7455ac690>,34,13,[9 4],35,161,174,126,155
1,<environment.Job instance at 0x7fd7907310f0>,1,12,[3 8],2,3,15,1,3
1,<environment.Job instance at 0x7fd7907315a0>,3,15,[4 6],4,15,30,11,4
1,<environment.Job instance at 0x7fd78f2a6af0>,9,13,[1 7],10,117,130,107,117
1,<environment.Job instance at 0x7fd745407af0>,16,13,[5 5],17,130,143,113,117
1,<environment.Job instance at 0x7fd79072dbe0>,20,18,[1 6],21,143,161,122,135
1,<environment.Job instance at 0x7fd78f1dce10>,23,1,[7 4],24,143,144,119,135
1,<environment.Job instance at 0x7fd78f918d20>,22,17,[5 5],23,161,178,138,152
1,<environment.Job instance at 0x7fd7454d77d0>,29,18,[9 5],30,178,196,148,174
1,<environment.Job instance at 0x7fd79018a050>,6,14,[8 5],7,20,34,13,20
1,<environment.Job instance at 0x7fd78f54bc30>,9,13,[3 9],10,46,59,36,46
1,<environment.Job instance at 0x7fd78ff8ee60>,1,13,[ 4 10],2,59,72,57,52
1,<environment.Job instance at 0x7fd78f662a00>,18,12,[3 8],19,95,107,76,95
1,<environment.Job instance at 0x7fd78f526e60>,24,14,[1 5],25,124,138,99,124
1,<environment.Job instance at 0x7fd790001690>,26,18,[1 7],27,138,156,111,127
1,<environment.Job instance at 0x7fd7905e6f00>,29,15,[1 6],30,1881,1896,1851,1881
1,<environment.Job instance at 0x7fd78f9d1280>,0,18,[9 5],1,29,47,28,29
1,<environment.Job instance at 0x7fd78ff51640>,8,16,[ 5 10],9,47,63,38,34
1,<environment.Job instance at 0x7fd78f253e60>,12,14,[7 1],13,63,77,50,57
1,<environment.Job instance at 0x7fd78f9d1190>,3,18,[9 1],4,103,121,99,103
1,<environment.Job instance at 0x7fd7457e37d0>,2,14,[7 2],3,5,19,2,5
1,<environment.Job instance at 0x7fd7456a8960>,5,12,[6 1],6,19,31,13,7
1,<environment.Job instance at 0x7fd7456a8370>,7,2,[6 3],8,31,33,23,8
1,<environment.Job instance at 0x7fd7456a80f0>,11,16,[6 5],12,33,49,21,21
1,<environment.Job instance at 0x7fd78fbe4190>,13,12,[ 3 10],14,49,61,35,37
1,<environment.Job instance at 0x7fd78fbe4230>,16,12,[10  1],17,61,73,44,46
1,<environment.Job instance at 0x7fd78fbe43c0>,19,17,[5 5],20,73,90,53,61
1,<environment.Job instance at 0x7fd78fbe42d0>,21,17,[8 4],22,90,107,68,80
1,<environment.Job instance at 0x7fd78fb78fa0>,7,15,[6 4],8,8,23,0,8
1,<environment.Job instance at 0x7fd78fa53280>,11,19,[2 6],12,39,58,27,39
1,<environment.Job instance at 0x7fd78ff872d0>,8,2,[5 4],9,9,11,0,9
1,<environment.Job instance at 0x7fd78ff87410>,9,12,[1 7],10,11,23,1,10
1,<environment.Job instance at 0x7fd78ff875f0>,11,18,[10  5],12,23,41,11,14
1,<environment.Job instance at 0x7fd78ff87640>,14,16,[3 6],15,41,57,26,31
1,<environment.Job instance at 0x7fd78ff87370>,13,17,[5 5],14,61,78,47,61
1,<environment.Job instance at 0x7fd78ff87e10>,22,12,[5 6],23,78,90,55,61
1,<environment.Job instance at 0x7fd78f7a40f0>,0,19,[ 3 10],1,65,84,64,65
1,<environment.Job instance at 0x7fd78f4b0960>,13,16,[ 5 10],14,123,139,109,123
1,<environment.Job instance at 0x7fd78fa2e370>,10,15,[6 2],11,42,57,31,42
1,<environment.Job instance at 0x7fd78f6117d0>,11,12,[9 4],12,57,69,45,42
1,<environment.Job instance at 0x7fd78f5df7d0>,1,12,[8 4],2,69,81,67,54
1,<environment.Job instance at 0x7fd78f6110a0>,14,17,[10  4],15,81,98,66,79
1,<environment.Job instance at 0x7fd78fa17be0>,13,12,[10  5],14,98,110,84,81
1,<environment.Job instance at 0x7fd78f229190>,6,19,[8 2],7,8,27,1,8
1,<environment.Job instance at 0x7fd78f1c5be0>,9,14,[7 1],10,27,41,17,22
1,<environment.Job instance at 0x7fd78f2290a0>,11,16,[5 5],12,41,57,29,30
1,<environment.Job instance at 0x7fd78f7c1280>,2,12,[5 5],3,3,15,0,3
1,<environment.Job instance at 0x7fd78f7c1190>,6,15,[5 2],7,7,22,0,7
1,<environment.Job instance at 0x7fd78f7c1e60>,7,18,[6 3],8,22,40,14,11
1,<environment.Job instance at 0x7fd78f7c1cd0>,15,13,[ 3 10],16,59,72,43,59
1,<environment.Job instance at 0x7fd78f7d2960>,17,3,[7 3],18,72,75,54,59
1,<environment.Job instance at 0x7fd78f7d26e0>,19,18,[8 2],20,75,93,55,64
1,<environment.Job instance at 0x7fd78f7d2690>,22,15,[3 7],23,93,108,70,79
1,<environment.Job instance at 0x7fd78f7d2370>,26,18,[10  1],27,179,197,152,179
1,<environment.Job instance at 0x7fd78f3666e0>,3,16,[10  1],4,4,20,0,4
1,<environment.Job instance at 0x7fd78f366dc0>,6,12,[3 9],7,20,32,13,9
1,<environment.Job instance at 0x7fd78f3695f0>,10,18,[5 5],11,32,50,21,24
1,<environment.Job instance at 0x7fd78f369b90>,14,14,[6 5],15,50,64,35,36
1,<environment.Job instance at 0x7fd745549960>,17,13,[8 4],18,64,77,46,54
1,<environment.Job instance at 0x7fd78f6e2dc0>,1,15,[6 1],2,3,18,1,3
1,<environment.Job instance at 0x7fd745319690>,11,17,[10  4],12,21,38,9,21
1,<environment.Job instance at 0x7fd78fe465a0>,2,15,[ 3 10],3,38,53,35,25
1,<environment.Job instance at 0x7fd745319eb0>,22,13,[5 5],23,72,85,49,72
1,<environment.Job instance at 0x7fd745319c80>,18,12,[9 2],19,94,106,75,94
1,<environment.Job instance at 0x7fd745613d20>,1,19,[1 5],2,2,21,0,2
1,<environment.Job instance at 0x7fd745312320>,2,12,[1 5],3,3,15,0,3
1,<environment.Job instance at 0x7fd78f9621e0>,14,13,[10  5],15,90,103,75,90
1,<environment.Job instance at 0x7fd7454dab40>,15,15,[5 5],16,103,118,87,92
1,<environment.Job instance at 0x7fd78f458500>,19,19,[5 2],20,114,133,94,114
1,<environment.Job instance at 0x7fd745136c30>,5,18,[10  2],6,6,24,0,6
1,<environment.Job instance at 0x7fd745136d20>,10,19,[7 3],11,24,43,13,24
1,<environment.Job instance at 0x7fd7450b4b40>,15,18,[3 8],16,52,70,36,52
1,<environment.Job instance at 0x7fd7450b4780>,2,15,[3 5],3,5,20,2,5
1,<environment.Job instance at 0x7fd78fe0d820>,11,18,[4 8],12,33,51,21,33
1,<environment.Job instance at 0x7fd78fe0d9b0>,12,14,[6 2],13,34,48,21,34
1,<environment.Job instance at 0x7fd78fe10b90>,6,17,[5 5],7,71,88,64,71
1,<environment.Job instance at 0x7fd78fe1c5a0>,17,13,[3 8],18,88,101,70,72
1,<environment.Job instance at 0x7fd78fe1c1e0>,20,16,[4 8],21,118,134,97,118
1,<environment.Job instance at 0x7fd78fe1f410>,4,17,[ 5 10],5,61,78,56,61
1,<environment.Job instance at 0x7fd7456b9f50>,11,17,[10  3],12,78,95,66,67
1,<environment.Job instance at 0x7fd78f42bb40>,17,14,[5 8],18,101,115,83,101
1,<environment.Job instance at 0x7fd78f458460>,22,18,[ 5 10],23,155,173,132,155
1,<environment.Job instance at 0x7fd78f6492d0>,24,12,[2 5],25,176,188,151,176
1,<environment.Job instance at 0x7fd745168370>,3,16,[ 2 10],4,23,39,19,23
1,<environment.Job instance at 0x7fd78fa6de60>,14,14,[2 7],15,39,53,24,24
1,<environment.Job instance at 0x7fd78fa6db90>,16,18,[5 8],17,53,71,36,46
1,<environment.Job instance at 0x7fd7456b2b40>,18,18,[2 8],19,71,89,52,60
1,<environment.Job instance at 0x7fd7456b26e0>,20,17,[4 7],21,89,106,68,77
1,<environment.Job instance at 0x7fd7456b2aa0>,25,16,[7 4],26,117,133,91,117
1,<environment.Job instance at 0x7fd7456b2fa0>,29,12,[9 2],30,133,145,103,117
1,<environment.Job instance at 0x7fd745340f50>,9,14,[7 3],10,40,54,30,40
1,<environment.Job instance at 0x7fd745340820>,16,14,[ 2 10],17,114,128,97,114
1,<environment.Job instance at 0x7fd78fb4e9b0>,21,15,[4 6],22,143,158,121,143
1,<environment.Job instance at 0x7f0edff8a140>,4,14,[1 6],5,50,64,45,50
1,<environment.Job instance at 0x7f0edee2ba00>,13,18,[ 4 10],14,69,87,55,69
1,<environment.Job instance at 0x7f0edee2bbe0>,16,16,[3 5],17,87,103,70,74
1,<environment.Job instance at 0x7f0edee2bb90>,3,12,[1 7],4,6,18,2,6
1,<environment.Job instance at 0x7f0e94f73460>,6,3,[ 5 10],7,18,21,11,7
1,<environment.Job instance at 0x7f0e94f76b40>,11,14,[2 7],12,21,35,9,12
1,<environment.Job instance at 0x7f0e94f76500>,17,15,[3 7],18,52,67,34,52
1,<environment.Job instance at 0x7f0e94f76690>,18,17,[5 2],19,53,70,34,53
1,<environment.Job instance at 0x7f0e94f78730>,24,13,[9 4],25,89,102,64,89
1,<environment.Job instance at 0x7f0e94de3690>,0,18,[1 6],1,3,21,2,3
1,<environment.Job instance at 0x7f0edff89e10>,4,16,[10  4],5,21,37,16,9
1,<environment.Job instance at 0x7f0edefb8410>,12,15,[5 9],13,37,52,24,24
1,<environment.Job instance at 0x7f0ee00f7960>,13,12,[7 2],14,52,64,38,35
1,<environment.Job instance at 0x7f0edebe1280>,9,18,[9 5],10,64,82,54,56
1,<environment.Job instance at 0x7f0e94eb3050>,19,13,[ 1 10],20,82,95,62,66
1,<environment.Job instance at 0x7f0e954aacd0>,6,14,[6 2],7,8,22,1,8
1,<environment.Job instance at 0x7f0edf983140>,2,13,[10  5],3,22,35,19,10
1,<environment.Job instance at 0x7f0edee228c0>,11,18,[5 1],12,35,53,23,28
1,<environment.Job instance at 0x7f0edf0bfaf0>,16,12,[ 4 10],17,60,72,43,60
1,<environment.Job instance at 0x7f0edef35a00>,25,17,[2 9],26,150,167,124,150
1,<environment.Job instance at 0x7f0edefbcdc0>,29,19,[9 4],30,167,186,137,159
1,<environment.Job instance at 0x7f0edee805a0>,32,13,[3 6],33,186,199,153,170
1,<environment.Job instance at 0x7f0edee80780>,33,18,[ 3 10],34,199,217,165,189
1,<environment.Job instance at 0x7f0e9523df00>,2,18,[4 8],3,4,22,1,4
1,<environment.Job instance at 0x7f0e952692d0>,10,14,[9 5],11,32,46,21,32
1,<environment.Job instance at 0x7f0e95269640>,13,18,[9 4],14,51,69,37,51
1,<environment.Job instance at 0x7f0edec225f0>,19,17,[5 7],20,89,106,69,89
1,<environment.Job instance at 0x7f0edec226e0>,22,16,[ 4 10],23,153,169,130,153
1,<environment.Job instance at 0x7f0edf2691e0>,1,15,[6 5],2,3,18,1,3
1,<environment.Job instance at 0x7f0e951f8fa0>,4,18,[6 2],5,18,36,13,9
1,<environment.Job instance at 0x7f0e951f8690>,8,18,[9 2],9,36,54,27,30
1,<environment.Job instance at 0x7f0e95466eb0>,17,18,[1 5],18,61,79,43,61
1,<environment.Job instance at 0x7f0e951cce10>,19,12,[6 3],20,62,74,42,62
1,<environment.Job instance at 0x7f0e951cc1e0>,22,12,[1 8],23,88,100,65,88
1,<environment.Job instance at 0x7f0edee734b0>,18,14,[8 4],19,127,141,108,127
1,<environment.Job instance at 0x7f0e94fd7c80>,20,3,[1 6],21,128,131,107,128
1,<environment.Job instance at 0x7f0edf06baf0>,19,17,[ 2 10],20,141,158,121,130
1,<environment.Job instance at 0x7f0edf62ee10>,3,18,[ 2 10],4,158,176,154,150
1,<environment.Job instance at 0x7f0edf6e5910>,31,13,[5 8],32,176,189,144,160
1,<environment.Job instance at 0x7f0edec2ea00>,0,17,[10  3],1,6,23,5,6
1,<environment.Job instance at 0x7f0e9514f280>,12,15,[4 7],13,52,67,39,52
1,<environment.Job instance at 0x7f0e9514f3c0>,3,18,[2 5],4,4,22,0,4
1,<environment.Job instance at 0x7f0e94defeb0>,5,15,[2 5],6,7,22,1,7
1,<environment.Job instance at 0x7f0e94def140>,4,18,[ 2 10],5,30,48,25,30
1,<environment.Job instance at 0x7f0edf58a0f0>,1,14,[7 5],2,4,18,2,4
1,<environment.Job instance at 0x7f0e9517fc30>,7,13,[5 9],8,18,31,10,13
1,<environment.Job instance at 0x7f0e951016e0>,10,14,[4 6],11,31,45,20,25
1,<environment.Job instance at 0x7f0edf9cdf00>,3,15,[10  2],4,55,70,51,55
1,<environment.Job instance at 0x7f0e954d8690>,0,18,[1 9],1,70,88,69,62
1,<environment.Job instance at 0x7f0edf3b0eb0>,1,14,[1 9],2,3,17,1,3
1,<environment.Job instance at 0x7f0edf8cf8c0>,3,15,[9 4],4,17,32,13,4
1,<environment.Job instance at 0x7f0edf1d85f0>,8,17,[1 6],9,17,34,8,15
1,<environment.Job instance at 0x7f0edf727e60>,0,17,[5 7],1,34,51,33,26
1,<environment.Job instance at 0x7f0e951c3d20>,16,17,[6 5],17,51,68,34,44
1,<environment.Job instance at 0x7f0e94d88050>,17,17,[8 2],18,116,133,98,116
1,<environment.Job instance at 0x7f0e9538d0f0>,27,18,[3 8],28,193,211,165,193
1,<environment.Job instance at 0x7f0e95392910>,33,17,[7 2],34,199,216,165,199
1,<environment.Job instance at 0x7f0e94d9e550>,42,18,[1 6],43,287,305,244,287
1,<environment.Job instance at 0x7f0e94d9eb40>,1,15,[10  2],2,2,17,0,2
1,<environment.Job instance at 0x7f0edf7fbaa0>,6,15,[3 8],7,21,36,14,21
1,<environment.Job instance at 0x7f0edec81730>,1,12,[ 4 10],2,3,15,1,3
1,<environment.Job instance at 0x7f0edf038e10>,4,18,[3 7],5,23,41,18,23
1,<environment.Job instance at 0x7f0edf226aa0>,8,13,[7 3],9,46,59,37,46
1,<environment.Job instance at 0x7f0e954c28c0>,14,12,[6 3],15,70,82,55,70
1,<environment.Job instance at 0x7f0ededf1140>,12,18,[5 5],13,82,100,69,71
1,<environment.Job instance at 0x7f0e952e3320>,19,14,[5 5],20,82,96,62,78
1,<environment.Job instance at 0x7f0e9511d3c0>,23,18,[4 6],24,100,118,76,89
1,<environment.Job instance at 0x7f0e94d71c80>,27,17,[7 4],28,118,135,90,106
1,<environment.Job instance at 0x7f0edf248140>,28,16,[3 6],29,118,134,89,106
1,<environment.Job instance at 0x7f0e951cd370>,33,13,[5 3],34,135,148,101,119
1,<environment.Job instance at 0x7f0ededf19b0>,16,16,[ 1 10],17,149,165,132,149
1,<environment.Job instance at 0x7f0edebd1460>,3,15,[10  5],4,165,180,161,157
1,<environment.Job instance at 0x7f0edf2c15f0>,45,16,[10  1],46,192,208,146,192
1,<environment.Job instance at 0x7f0e94c371e0>,2,12,[3 5],3,3,15,0,3
1,<environment.Job instance at 0x7f0e94c23320>,4,18,[5 4],5,5,23,0,5
1,<environment.Job instance at 0x7f0edf40a050>,9,13,[2 7],10,40,53,30,40
1,<environment.Job instance at 0x7f0edf8acd20>,11,13,[3 5],12,53,66,41,53
1,<environment.Job instance at 0x7f0edf8e7910>,16,18,[3 6],17,107,125,90,107
1,<environment.Job instance at 0x7f0eded4c8c0>,4,13,[5 8],5,6,19,1,6
1,<environment.Job instance at 0x7f0edec76870>,10,17,[9 3],11,29,46,18,29
1,<environment.Job instance at 0x7f0edec766e0>,14,17,[8 3],15,46,63,31,44
1,<environment.Job instance at 0x7f0edf1b18c0>,2,15,[4 7],3,8,23,5,8
1,<environment.Job instance at 0x7f0edf1b1370>,1,17,[2 7],2,23,40,21,12
1,<environment.Job instance at 0x7f0e94dd4b90>,8,3,[9 1],9,40,43,31,16
1,<environment.Job instance at 0x7f0edf1b1b40>,0,15,[10  1],1,43,58,42,41
1,<environment.Job instance at 0x7f0e94fadaf0>,14,13,[5 6],15,84,97,69,84
1,<environment.Job instance at 0x7f0ededdfb90>,6,18,[3 8],7,97,115,90,86
1,<environment.Job instance at 0x7f0eded79a00>,10,15,[5 6],11,24,39,13,24
1,<environment.Job instance at 0x7f0e94d96870>,5,13,[2 9],6,39,52,33,24
1,<environment.Job instance at 0x7f0eded79870>,8,17,[2 8],9,52,69,43,40
1,<environment.Job instance at 0x7f0eded79dc0>,16,16,[9 1],17,69,85,52,59
1,<environment.Job instance at 0x7f0edecc8b90>,2,18,[4 9],3,85,103,82,78
1,<environment.Job instance at 0x7f0eded8a0a0>,24,14,[2 7],25,103,117,78,98
1,<environment.Job instance at 0x7f0eded8a370>,28,18,[2 8],29,117,135,88,115
1,<environment.Job instance at 0x7f0eded8a730>,29,12,[10  4],30,135,147,105,126
1,<environment.Job instance at 0x7f0eded8a910>,32,18,[7 1],33,147,165,114,138
1,<environment.Job instance at 0x7f0edec01960>,6,1,[2 7],7,13,14,6,13
1,<environment.Job instance at 0x7f0e953ddb40>,14,14,[7 4],15,112,126,97,112
1,<environment.Job instance at 0x7f0e953ddc30>,16,14,[ 2 10],17,126,140,109,112
1,<environment.Job instance at 0x7f0e953dd6e0>,19,13,[ 2 10],20,149,162,129,149
1,<environment.Job instance at 0x7f0e953ddd20>,20,12,[4 5],21,162,174,141,149
1,<environment.Job instance at 0x7f0e952baa50>,28,15,[3 9],29,260,275,231,260
1,<environment.Job instance at 0x7f0e94f1f550>,0,14,[2 8],1,7,21,6,7
1,<environment.Job instance at 0x7f0edec94e60>,2,16,[7 4],3,21,37,18,9
1,<environment.Job instance at 0x7f0edec75690>,12,18,[5 7],13,37,55,24,35
1,<environment.Job instance at 0x7f0e95323780>,15,18,[1 5],16,71,89,55,71
1,<environment.Job instance at 0x7f0edebf6aa0>,18,13,[8 5],19,81,94,62,81
1,<environment.Job instance at 0x7f0e95017e10>,19,15,[2 7],20,94,109,74,84
1,<environment.Job instance at 0x7f0edf72aa50>,23,16,[5 1],24,122,138,98,122
1,<environment.Job instance at 0x7f0e953a4eb0>,31,12,[7 2],32,219,231,187,219
