iteration,job object,job ID,job Length,job ressource requirement,job enter time,job start time,job finish time,job waiting time,current time
1,<environment.Job instance at 0x7ff3a9d72370>,2,22,[4 8],3,3,25,0,3
1,<environment.Job instance at 0x7ff3a9d72460>,1,22,[11  3],2,29,51,27,22
1,<environment.Job instance at 0x7ff3a2968dc0>,7,25,[6 2],8,51,76,43,47
1,<environment.Job instance at 0x7ff3a2968d20>,6,20,[6 1],7,51,71,44,47
1,<environment.Job instance at 0x7ff3a2968c80>,5,24,[1 5],6,53,77,47,53
1,<environment.Job instance at 0x7ff3a2968e60>,8,22,[14  3],9,76,98,67,69
1,<environment.Job instance at 0x7ff3a2968b90>,12,26,[ 1 12],13,79,105,66,79
1,<environment.Job instance at 0x7ff3a296b460>,17,28,[ 5 10],18,105,133,87,104
1,<environment.Job instance at 0x7ff3a9cbdd20>,2,20,[5 3],3,3,23,0,3
1,<environment.Job instance at 0x7ff3a296b370>,3,27,[8 5],4,4,31,0,4
1,<environment.Job instance at 0x7ff3a9cbda50>,6,20,[ 3 10],7,23,43,16,14
1,<environment.Job instance at 0x7ff3a9cbd910>,11,23,[1 5],12,31,54,19,30
1,<environment.Job instance at 0x7ff3a9cbd3c0>,14,20,[10  2],15,43,63,28,35
1,<environment.Job instance at 0x7ff3a9d71500>,18,27,[ 1 10],19,56,83,37,56
1,<environment.Job instance at 0x7ff35ed24cd0>,0,19,[8 2],1,2,21,1,2
1,<environment.Job instance at 0x7ff3a9d71b40>,2,27,[5 6],3,3,30,0,3
1,<environment.Job instance at 0x7ff35ed0b230>,4,22,[12  5],5,30,52,25,23
1,<environment.Job instance at 0x7ff3a9d71aa0>,3,24,[12  3],4,52,76,48,47
1,<environment.Job instance at 0x7ff35ed0b960>,7,23,[14  4],8,76,99,68,70
1,<environment.Job instance at 0x7ff35ed0be60>,11,21,[6 5],12,99,120,87,91
1,<environment.Job instance at 0x7ff35ed0b9b0>,12,26,[ 5 12],13,120,146,107,117
1,<environment.Job instance at 0x7ff35ed3b730>,4,22,[12  4],5,5,27,0,5
1,<environment.Job instance at 0x7ff35ed3bb40>,5,23,[1 7],6,6,29,0,6
1,<environment.Job instance at 0x7ff35f021a00>,10,25,[9 3],11,27,52,16,23
1,<environment.Job instance at 0x7ff35f021aa0>,12,22,[5 3],13,27,49,14,23
1,<environment.Job instance at 0x7ff35f021820>,16,3,[ 2 12],17,49,52,32,46
1,<environment.Job instance at 0x7ff35f0210f0>,17,21,[1 9],18,52,73,34,46
1,<environment.Job instance at 0x7ff35f291c80>,2,24,[7 5],3,3,27,0,3
1,<environment.Job instance at 0x7ff35f291410>,4,28,[2 7],5,5,33,0,5
1,<environment.Job instance at 0x7ff35f06c690>,5,28,[9 2],6,27,55,21,26
1,<environment.Job instance at 0x7ff35f06c960>,9,22,[2 7],10,33,55,23,26
1,<environment.Job instance at 0x7ff35f06cc80>,17,19,[10  5],18,55,74,37,52
1,<environment.Job instance at 0x7ff35f06ca00>,10,20,[ 3 13],11,74,94,63,66
1,<environment.Job instance at 0x7ff35f06cf00>,20,25,[6 2],21,74,99,53,70
1,<environment.Job instance at 0x7ff35f058dc0>,1,27,[ 4 13],2,2,29,0,2
1,<environment.Job instance at 0x7ff3a55dd0f0>,2,26,[8 4],3,29,55,26,26
1,<environment.Job instance at 0x7ff3a9aee820>,9,1,[5 4],10,29,30,19,28
1,<environment.Job instance at 0x7ff3a5554c30>,10,25,[ 3 10],11,30,55,19,28
1,<environment.Job instance at 0x7ff3a5554550>,12,27,[3 9],13,55,82,42,53
1,<environment.Job instance at 0x7ff3a5554a50>,15,24,[1 5],16,55,79,39,53
1,<environment.Job instance at 0x7ff3a5554b90>,16,23,[3 6],17,79,102,62,73
1,<environment.Job instance at 0x7ff3a5554870>,18,21,[8 3],19,82,103,63,74
1,<environment.Job instance at 0x7ff3a5554f50>,19,26,[9 4],20,103,129,83,100
1,<environment.Job instance at 0x7ff35f058eb0>,0,3,[11  3],1,129,132,128,105
1,<environment.Job instance at 0x7ff3a26dccd0>,24,25,[1 5],25,120,145,95,120
1,<environment.Job instance at 0x7ff35efec7d0>,0,25,[4 5],1,1,26,0,1
1,<environment.Job instance at 0x7ff3a9eec230>,1,25,[6 3],2,2,27,0,2
1,<environment.Job instance at 0x7ff3a9eec5a0>,7,26,[ 1 13],8,27,53,19,24
1,<environment.Job instance at 0x7ff3a2c8e280>,8,22,[3 9],9,53,75,44,46
1,<environment.Job instance at 0x7ff3a54b6f50>,2,2,[11  1],3,66,68,63,66
1,<environment.Job instance at 0x7ff3a2c920f0>,12,20,[2 6],13,70,90,57,70
1,<environment.Job instance at 0x7ff35ee9f050>,14,25,[2 8],15,75,100,60,71
1,<environment.Job instance at 0x7ff35f0156e0>,16,2,[ 5 13],17,100,102,83,99
1,<environment.Job instance at 0x7ff3a2c887d0>,17,24,[2 7],18,102,126,84,99
1,<environment.Job instance at 0x7ff3a28b4780>,0,23,[2 7],1,1,24,0,1
1,<environment.Job instance at 0x7ff3a2c887d0>,2,28,[1 7],3,3,31,0,3
1,<environment.Job instance at 0x7ff3a28b4c30>,4,22,[6 5],5,24,46,19,17
1,<environment.Job instance at 0x7ff3a505e7d0>,8,22,[5 2],9,24,46,15,17
1,<environment.Job instance at 0x7ff3a505c870>,12,21,[4 8],13,31,52,18,25
1,<environment.Job instance at 0x7ff3a5024aa0>,14,21,[3 8],15,52,73,37,44
1,<environment.Job instance at 0x7ff3a2852050>,15,25,[ 5 10],16,73,98,57,69
1,<environment.Job instance at 0x7ff3a272b050>,18,20,[14  4],19,98,118,79,89
1,<environment.Job instance at 0x7ff3a27287d0>,20,27,[ 4 10],21,118,145,97,116
1,<environment.Job instance at 0x7ff3a27285f0>,21,25,[12  4],22,145,170,123,141
1,<environment.Job instance at 0x7ff35f2237d0>,23,27,[3 8],24,145,172,121,143
1,<environment.Job instance at 0x7ff35f2232d0>,25,24,[8 4],26,170,194,144,165
1,<environment.Job instance at 0x7ff35f223a50>,28,3,[13  2],29,194,197,165,168
1,<environment.Job instance at 0x7ff35f228e60>,33,1,[7 4],34,172,173,138,170
1,<environment.Job instance at 0x7ff3a26cdbe0>,5,1,[13  1],6,6,7,0,6
1,<environment.Job instance at 0x7ff3a26cd960>,6,19,[2 5],7,7,26,0,7
1,<environment.Job instance at 0x7ff3a26cdf00>,7,24,[1 8],8,8,32,0,8
1,<environment.Job instance at 0x7ff3a26cde10>,9,21,[6 5],10,26,47,16,18
1,<environment.Job instance at 0x7ff3a545fbe0>,10,26,[ 1 11],11,47,73,36,44
1,<environment.Job instance at 0x7ff35f134780>,15,28,[10  3],16,52,80,36,52
1,<environment.Job instance at 0x7ff35f1342d0>,19,20,[5 1],20,73,93,53,66
1,<environment.Job instance at 0x7ff3a5172b90>,20,25,[14  4],21,93,118,72,89
1,<environment.Job instance at 0x7ff3a26cda00>,4,2,[ 1 13],5,118,120,113,106
1,<environment.Job instance at 0x7ff3a5172190>,26,24,[14  2],27,118,142,91,113
1,<environment.Job instance at 0x7ff3a5172410>,28,2,[ 2 12],29,142,144,113,139
1,<environment.Job instance at 0x7ff3a5172780>,29,23,[ 4 11],30,144,167,114,139
1,<environment.Job instance at 0x7ff3a5172460>,31,23,[ 3 13],32,167,190,135,161
1,<environment.Job instance at 0x7ff3a542d870>,34,24,[ 3 10],35,190,214,155,185
1,<environment.Job instance at 0x7ff3a542d910>,40,25,[5 8],41,214,239,173,210
1,<environment.Job instance at 0x7ff3a542d500>,41,27,[7 4],42,210,237,168,210
1,<environment.Job instance at 0x7ff3a542dd70>,43,21,[6 4],44,237,258,193,229
1,<environment.Job instance at 0x7ff3a5172a00>,27,3,[ 5 11],28,240,243,212,240
1,<environment.Job instance at 0x7ff35f0acc30>,2,23,[11  2],3,3,26,0,3
1,<environment.Job instance at 0x7ff35f0ac0f0>,4,19,[8 2],5,26,45,21,16
1,<environment.Job instance at 0x7ff3a9d714b0>,5,19,[14  4],6,45,64,39,35
1,<environment.Job instance at 0x7ff3a53b8820>,9,21,[9 2],10,64,85,54,56
1,<environment.Job instance at 0x7ff3a278bcd0>,8,26,[8 1],9,9,35,0,9
1,<environment.Job instance at 0x7ff3a278b280>,9,19,[9 5],10,35,54,25,25
1,<environment.Job instance at 0x7ff3a2718b90>,10,2,[5 3],11,25,27,14,25
1,<environment.Job instance at 0x7ff3a278b320>,14,28,[6 1],15,38,66,23,38
1,<environment.Job instance at 0x7ff3a53f7e60>,15,21,[10  2],16,66,87,50,58
1,<environment.Job instance at 0x7ff35eb62a50>,18,3,[ 1 13],19,68,71,49,68
1,<environment.Job instance at 0x7ff3a5210e60>,20,20,[ 1 10],21,71,91,50,70
1,<environment.Job instance at 0x7ff3a2bcf3c0>,21,22,[5 3],22,87,109,65,80
1,<environment.Job instance at 0x7ff3a543e4b0>,25,22,[1 7],26,94,116,68,94
1,<environment.Job instance at 0x7ff3a2e03280>,26,20,[5 7],27,109,129,82,100
1,<environment.Job instance at 0x7ff3a2e5a8c0>,0,1,[ 5 14],1,2,3,1,2
1,<environment.Job instance at 0x7ff3a2e03f00>,2,26,[ 4 10],3,3,29,0,3
1,<environment.Job instance at 0x7ff35ea64c80>,6,25,[7 3],7,7,32,0,7
1,<environment.Job instance at 0x7ff35ea64be0>,5,24,[ 5 11],6,29,53,23,24
1,<environment.Job instance at 0x7ff3a2e5a370>,3,2,[ 4 11],4,53,55,49,40
1,<environment.Job instance at 0x7ff35ea64e60>,11,20,[2 9],12,55,75,43,46
1,<environment.Job instance at 0x7ff35ea4d320>,13,27,[12  4],14,55,82,41,53
1,<environment.Job instance at 0x7ff35ea4d500>,4,26,[1 5],5,5,31,0,5
1,<environment.Job instance at 0x7ff35f07e8c0>,5,22,[11  4],6,6,28,0,6
1,<environment.Job instance at 0x7ff35f07e910>,7,23,[ 4 10],8,28,51,20,22
1,<environment.Job instance at 0x7ff35f07e230>,6,21,[11  3],7,31,52,24,23
1,<environment.Job instance at 0x7ff35f07e500>,12,2,[ 1 14],13,52,54,39,49
1,<environment.Job instance at 0x7ff35f07e320>,8,19,[14  3],9,54,73,45,50
1,<environment.Job instance at 0x7ff35f07e690>,16,23,[7 4],17,73,96,56,67
1,<environment.Job instance at 0x7ff35f07ee60>,17,22,[9 4],18,96,118,78,89
1,<environment.Job instance at 0x7ff3a274abe0>,23,20,[5 4],24,92,112,68,92
1,<environment.Job instance at 0x7ff3a274a690>,24,28,[10  3],25,118,146,93,117
1,<environment.Job instance at 0x7ff3a274ab90>,25,25,[12  3],26,146,171,120,142
1,<environment.Job instance at 0x7ff35ee6daa0>,4,21,[6 4],5,5,26,0,5
1,<environment.Job instance at 0x7ff35ee6d320>,6,25,[ 5 10],7,7,32,0,7
1,<environment.Job instance at 0x7ff35ee6d960>,7,26,[9 3],8,26,52,18,23
1,<environment.Job instance at 0x7ff35ee6d230>,8,26,[ 1 12],9,32,58,23,29
1,<environment.Job instance at 0x7ff3a279aa00>,9,28,[3 6],10,58,86,48,57
1,<environment.Job instance at 0x7ff35ee6d370>,1,19,[12  1],2,57,76,55,57
1,<environment.Job instance at 0x7ff3a279af00>,15,2,[ 4 12],16,86,88,70,73
1,<environment.Job instance at 0x7ff3a279a500>,16,1,[10  1],17,76,77,59,73
1,<environment.Job instance at 0x7ff3a279af50>,17,28,[3 6],18,88,116,70,87
1,<environment.Job instance at 0x7ff3a279a910>,19,19,[13  1],20,173,192,153,173
1,<environment.Job instance at 0x7ff35eddd9b0>,24,28,[6 5],25,192,220,167,191
1,<environment.Job instance at 0x7ff3a52e59b0>,26,21,[7 3],27,192,213,165,191
1,<environment.Job instance at 0x7ff3a52e5870>,32,25,[4 6],33,222,247,189,222
1,<environment.Job instance at 0x7ff3a2d7c9b0>,34,24,[7 5],35,222,246,187,222
1,<environment.Job instance at 0x7ff3a2d7c500>,36,21,[14  1],37,247,268,210,239
1,<environment.Job instance at 0x7ff3a50763c0>,0,20,[5 6],1,1,21,0,1
1,<environment.Job instance at 0x7ff3a290fa50>,5,26,[13  4],6,21,47,15,18
1,<environment.Job instance at 0x7ff35ee84c30>,2,25,[13  4],3,47,72,44,43
1,<environment.Job instance at 0x7ff3a5036960>,1,1,[ 5 13],2,72,73,70,49
1,<environment.Job instance at 0x7ff3a290fd70>,7,21,[ 2 13],8,73,94,65,65
1,<environment.Job instance at 0x7ff3a290ff00>,11,24,[ 2 13],12,94,118,82,89
1,<environment.Job instance at 0x7ff3a2c5c6e0>,0,22,[ 1 12],1,1,23,0,1
1,<environment.Job instance at 0x7ff3a2c5c5f0>,3,25,[5 6],4,23,48,19,19
1,<environment.Job instance at 0x7ff3a2d61280>,4,26,[ 3 12],5,48,74,43,45
1,<environment.Job instance at 0x7ff3a2d61140>,7,27,[5 7],8,74,101,66,72
1,<environment.Job instance at 0x7ff3a2d61eb0>,11,23,[11  4],12,101,124,89,95
1,<environment.Job instance at 0x7ff3a2d61b40>,13,23,[2 7],14,96,119,82,96
1,<environment.Job instance at 0x7ff3a2d610a0>,8,20,[ 4 14],9,124,144,115,123
1,<environment.Job instance at 0x7ff3a2d61780>,15,2,[ 1 12],16,144,146,128,136
1,<environment.Job instance at 0x7ff3a50a7d70>,18,28,[6 4],19,146,174,127,145
1,<environment.Job instance at 0x7ff3a50a7c80>,21,25,[ 2 14],22,174,199,152,170
1,<environment.Job instance at 0x7ff3a50a7500>,25,3,[ 3 14],26,199,202,173,196
1,<environment.Job instance at 0x7ff3a50a7b90>,26,27,[10  1],27,196,223,169,196
1,<environment.Job instance at 0x7ff3a50a7af0>,30,28,[13  5],31,223,251,192,222
1,<environment.Job instance at 0x7ff35ebbf8c0>,34,2,[ 2 14],35,251,253,216,250
1,<environment.Job instance at 0x7ff3a2baa550>,0,24,[11  5],1,1,25,0,1
1,<environment.Job instance at 0x7ff3a52f0190>,7,27,[5 7],8,25,52,17,23
1,<environment.Job instance at 0x7ff3a52f06e0>,9,21,[12  3],10,52,73,42,44
1,<environment.Job instance at 0x7ff3a2bab500>,0,21,[13  2],1,1,22,0,1
1,<environment.Job instance at 0x7ff35f0b7190>,11,23,[13  3],12,22,45,10,16
1,<environment.Job instance at 0x7ff35f1bc2d0>,1,25,[4 9],2,2,27,0,2
1,<environment.Job instance at 0x7ff35f1bca00>,8,20,[5 6],9,9,29,0,9
1,<environment.Job instance at 0x7ff3a5400460>,15,20,[3 7],16,29,49,13,29
1,<environment.Job instance at 0x7ff3a54000f0>,17,21,[1 7],18,43,64,25,43
1,<environment.Job instance at 0x7ff35f051aa0>,5,1,[6 3],6,6,7,0,6
1,<environment.Job instance at 0x7ff35f021b40>,6,19,[7 1],7,7,26,0,7
1,<environment.Job instance at 0x7ff35ea0f7d0>,9,19,[2 7],10,10,29,0,10
1,<environment.Job instance at 0x7ff35f0212d0>,10,24,[4 5],11,11,35,0,11
1,<environment.Job instance at 0x7ff3a2761870>,13,25,[ 5 10],14,29,54,15,25
1,<environment.Job instance at 0x7ff3a568e7d0>,18,27,[7 4],19,49,76,30,49
1,<environment.Job instance at 0x7f01d5638550>,0,28,[9 3],1,1,29,0,1
1,<environment.Job instance at 0x7f01d5638370>,2,22,[4 8],3,3,25,0,3
1,<environment.Job instance at 0x7f01d5638460>,1,22,[11  3],2,29,51,27,22
1,<environment.Job instance at 0x7f01d022adc0>,7,25,[6 2],8,51,76,43,47
1,<environment.Job instance at 0x7f01d022ad20>,6,20,[6 1],7,51,71,44,47
1,<environment.Job instance at 0x7f01d022ac80>,5,24,[1 5],6,53,77,47,53
1,<environment.Job instance at 0x7f01d022ae60>,8,22,[14  3],9,76,98,67,69
1,<environment.Job instance at 0x7f01d022aa50>,12,26,[ 1 12],13,83,109,70,83
1,<environment.Job instance at 0x7f01d022d460>,17,28,[ 5 10],18,109,137,91,108
1,<environment.Job instance at 0x7f01d022aaa0>,3,18,[ 4 14],4,1424,1442,1420,1424
1,<environment.Job instance at 0x7f01d02348c0>,1,23,[1 5],2,2,25,0,2
1,<environment.Job instance at 0x7f01d5663d20>,4,20,[10  2],5,5,25,0,5
1,<environment.Job instance at 0x7f01d5663f50>,8,27,[ 1 10],9,25,52,16,23
1,<environment.Job instance at 0x7f01d5663e60>,12,28,[5 1],13,25,53,12,24
1,<environment.Job instance at 0x7f01d56635f0>,11,21,[10  2],12,52,73,40,44
1,<environment.Job instance at 0x7f01d57ae460>,24,20,[13  1],25,73,93,48,73
1,<environment.Job instance at 0x7f01d57ae0a0>,29,21,[ 1 11],30,79,100,49,79
1,<environment.Job instance at 0x7f018a55b280>,2,27,[2 6],3,3,30,0,3
1,<environment.Job instance at 0x7f018a55b320>,4,22,[8 1],5,5,27,0,5
1,<environment.Job instance at 0x7f01d57aeaf0>,7,1,[ 4 11],8,30,31,22,12
1,<environment.Job instance at 0x7f018a5e7af0>,11,22,[7 5],12,31,53,19,24
1,<environment.Job instance at 0x7f018a55bcd0>,8,23,[ 2 14],9,53,76,44,48
1,<environment.Job instance at 0x7f018a5e74b0>,14,28,[5 6],15,76,104,61,75
1,<environment.Job instance at 0x7f018a5e75a0>,17,20,[14  5],18,104,124,86,95
1,<environment.Job instance at 0x7f018a5e7500>,19,3,[ 1 12],20,124,127,104,116
1,<environment.Job instance at 0x7f01d57ae7d0>,3,24,[ 2 14],4,127,151,123,122
1,<environment.Job instance at 0x7f018a5e7050>,22,22,[4 8],23,151,173,128,144
1,<environment.Job instance at 0x7f018a5e7aa0>,23,25,[6 1],24,144,169,120,144
1,<environment.Job instance at 0x7f018a5e7460>,16,19,[11  3],17,169,188,152,165
1,<environment.Job instance at 0x7f018a5e7370>,24,20,[ 1 14],25,188,208,163,179
1,<environment.Job instance at 0x7f018a5e94b0>,29,23,[ 1 14],30,208,231,178,202
1,<environment.Job instance at 0x7f018a620f50>,0,26,[10  5],1,1,27,0,1
1,<environment.Job instance at 0x7f018a91b820>,7,27,[2 9],8,8,35,0,8
1,<environment.Job instance at 0x7f018a91b3c0>,8,21,[9 4],9,27,48,18,19
1,<environment.Job instance at 0x7f018a91bc30>,12,28,[2 8],13,35,63,22,34
1,<environment.Job instance at 0x7f018a6ab460>,4,21,[ 4 12],5,63,84,58,55
1,<environment.Job instance at 0x7f018a91be60>,17,20,[5 3],18,55,75,37,55
1,<environment.Job instance at 0x7f018a9dd190>,22,24,[7 5],23,84,108,61,79
1,<environment.Job instance at 0x7f018a9dd640>,24,28,[2 7],25,86,114,61,86
1,<environment.Job instance at 0x7f018a9dd0f0>,25,28,[9 2],26,108,136,82,107
1,<environment.Job instance at 0x7f018a9dd500>,26,22,[6 1],27,114,136,87,107
1,<environment.Job instance at 0x7f018a975050>,29,22,[2 7],30,136,158,106,129
1,<environment.Job instance at 0x7f018a6ab780>,3,2,[13  3],4,148,150,144,148
1,<environment.Job instance at 0x7f018a975be0>,30,20,[ 3 13],31,158,178,127,149
1,<environment.Job instance at 0x7f018a8e1fa0>,0,23,[7 3],1,1,24,0,1
1,<environment.Job instance at 0x7f018a529a50>,2,20,[9 3],3,24,44,21,16
1,<environment.Job instance at 0x7f018a5f9af0>,3,24,[14  3],4,44,68,40,39
1,<environment.Job instance at 0x7f018a929b40>,7,28,[4 5],8,68,96,60,67
1,<environment.Job instance at 0x7f018a929af0>,5,21,[12  3],6,96,117,90,88
1,<environment.Job instance at 0x7f018a929f00>,12,26,[8 4],13,117,143,104,114
1,<environment.Job instance at 0x7f018a929eb0>,10,3,[11  3],11,143,146,132,133
1,<environment.Job instance at 0x7f018a929dc0>,11,27,[ 4 13],12,146,173,134,144
1,<environment.Job instance at 0x7f018a920370>,20,25,[ 3 10],21,173,198,152,169
1,<environment.Job instance at 0x7f018a920550>,22,27,[3 9],23,198,225,175,196
1,<environment.Job instance at 0x7f018a9205f0>,25,24,[1 5],26,198,222,172,198
1,<environment.Job instance at 0x7f018a9207d0>,26,23,[3 6],27,222,245,195,216
1,<environment.Job instance at 0x7f018a920910>,28,21,[8 3],29,225,246,196,220
1,<environment.Job instance at 0x7f018a9209b0>,29,26,[9 4],30,246,272,216,243
1,<environment.Job instance at 0x7f018a929c80>,9,22,[14  1],10,272,294,262,265
1,<environment.Job instance at 0x7f018a920cd0>,34,25,[1 5],35,274,299,239,274
1,<environment.Job instance at 0x7f018a92b690>,0,25,[4 5],1,1,26,0,1
1,<environment.Job instance at 0x7f018a920e10>,1,25,[6 3],2,2,27,0,2
1,<environment.Job instance at 0x7f01d058d4b0>,7,26,[ 1 13],8,27,53,19,24
1,<environment.Job instance at 0x7f01d058de60>,8,22,[3 9],9,53,75,44,46
1,<environment.Job instance at 0x7f018a92b5a0>,2,2,[11  1],3,46,48,43,46
1,<environment.Job instance at 0x7f01d005b960>,12,20,[2 6],13,53,73,40,49
1,<environment.Job instance at 0x7f01d005b190>,14,25,[2 8],15,75,100,60,71
1,<environment.Job instance at 0x7f01d005b280>,16,2,[ 5 13],17,100,102,83,74
1,<environment.Job instance at 0x7f01d005bb40>,17,24,[2 7],18,75,99,57,74
1,<environment.Job instance at 0x7f018a6cb5f0>,2,21,[4 8],3,3,24,0,3
1,<environment.Job instance at 0x7f018a6cbd20>,5,25,[ 5 10],6,24,49,18,20
1,<environment.Job instance at 0x7f01d091a280>,4,21,[3 8],5,49,70,44,41
1,<environment.Job instance at 0x7f01d091ae10>,8,20,[14  4],9,70,90,61,61
1,<environment.Job instance at 0x7f01d05a53c0>,10,27,[ 4 10],11,90,117,79,88
1,<environment.Job instance at 0x7f01d05a5190>,11,25,[12  4],12,117,142,105,113
1,<environment.Job instance at 0x7f01d0918a50>,13,27,[3 8],14,117,144,103,115
1,<environment.Job instance at 0x7f018a6e9640>,15,24,[8 4],16,142,166,126,137
1,<environment.Job instance at 0x7f018a6e9f00>,18,3,[13  2],19,166,169,147,140
1,<environment.Job instance at 0x7f018a7e9aa0>,23,1,[7 4],24,144,145,120,142
1,<environment.Job instance at 0x7f01d0204870>,30,26,[9 4],31,190,216,159,190
1,<environment.Job instance at 0x7f018a97ae60>,34,22,[ 1 12],35,216,238,181,211
1,<environment.Job instance at 0x7f018a710460>,36,26,[ 3 12],37,238,264,201,235
1,<environment.Job instance at 0x7f01d037e5f0>,0,25,[14  4],1,1,26,0,1
1,<environment.Job instance at 0x7f018a8c7280>,9,23,[ 4 11],10,26,49,16,21
1,<environment.Job instance at 0x7f018a8c7410>,6,24,[14  2],7,49,73,42,44
1,<environment.Job instance at 0x7f018a8c75a0>,11,23,[ 3 13],12,73,96,61,67
1,<environment.Job instance at 0x7f018a8c78c0>,14,24,[ 3 10],15,96,120,81,91
1,<environment.Job instance at 0x7f018a8c7500>,8,2,[ 2 12],9,120,122,111,94
1,<environment.Job instance at 0x7f018a8c73c0>,7,3,[ 5 11],8,122,125,114,98
1,<environment.Job instance at 0x7f018a8c7c30>,20,25,[5 8],21,125,150,104,121
1,<environment.Job instance at 0x7f018a8c7c80>,21,27,[7 4],22,122,149,100,121
1,<environment.Job instance at 0x7f018a8c7e60>,23,21,[6 4],24,149,170,125,141
1,<environment.Job instance at 0x7f018a8c2370>,32,23,[11  2],33,170,193,137,164
1,<environment.Job instance at 0x7f018a8c24b0>,34,19,[8 2],35,202,221,167,202
1,<environment.Job instance at 0x7f018a8c2550>,35,19,[14  4],36,256,275,220,256
1,<environment.Job instance at 0x7f01d0b2b140>,3,24,[11  3],4,4,28,0,4
1,<environment.Job instance at 0x7f01d0000be0>,7,23,[10  3],8,28,51,20,22
1,<environment.Job instance at 0x7f018a3ef6e0>,12,24,[7 5],13,51,75,38,46
1,<environment.Job instance at 0x7f018a3efeb0>,13,20,[14  5],14,75,95,61,66
1,<environment.Job instance at 0x7f018a3ef320>,16,27,[5 5],17,95,122,78,93
1,<environment.Job instance at 0x7f018a8c6be0>,0,2,[13  5],1,122,124,121,106
1,<environment.Job instance at 0x7f018a3efa50>,15,18,[14  1],16,1893,1911,1877,1893
1,<environment.Job instance at 0x7f01d02e5b90>,28,26,[8 1],29,1911,1937,1882,1908
1,<environment.Job instance at 0x7f018a3ddb90>,29,19,[9 5],30,1937,1956,1907,1927
1,<environment.Job instance at 0x7f01d02e5aa0>,30,2,[5 3],31,1927,1929,1896,1927
1,<environment.Job instance at 0x7f01d0ab4fa0>,32,17,[11  1],33,2487,2504,2454,2487
1,<environment.Job instance at 0x7f018a949780>,0,22,[5 9],1,1,23,0,1
1,<environment.Job instance at 0x7f01d01bb050>,3,25,[12  3],4,23,48,19,19
1,<environment.Job instance at 0x7f01d01aff50>,5,21,[7 1],6,48,69,42,40
1,<environment.Job instance at 0x7f01d01bb1e0>,2,1,[ 4 14],3,48,49,45,40
1,<environment.Job instance at 0x7f01d043b550>,10,1,[ 5 14],11,49,50,38,40
1,<environment.Job instance at 0x7f01d01c5410>,12,26,[ 4 10],13,50,76,37,47
1,<environment.Job instance at 0x7f01d0eb2c30>,13,2,[ 4 11],14,76,78,62,69
1,<environment.Job instance at 0x7f018a8333c0>,15,24,[ 5 11],16,78,102,62,73
1,<environment.Job instance at 0x7f018a8334b0>,16,25,[7 3],17,73,98,56,73
1,<environment.Job instance at 0x7f01d5339b90>,19,27,[1 5],20,102,129,82,100
1,<environment.Job instance at 0x7f01d04942d0>,21,20,[2 9],22,103,123,81,103
1,<environment.Job instance at 0x7f01cffec3c0>,23,27,[12  4],24,123,150,99,121
1,<environment.Job instance at 0x7f01d0282320>,8,2,[ 5 14],9,150,152,141,143
1,<environment.Job instance at 0x7f01d02c6a50>,4,26,[1 5],5,5,31,0,5
1,<environment.Job instance at 0x7f01d0cf4910>,5,22,[11  4],6,6,28,0,6
1,<environment.Job instance at 0x7f01d0cf4af0>,7,23,[ 4 10],8,28,51,20,22
1,<environment.Job instance at 0x7f01d0282320>,6,21,[11  3],7,31,52,24,23
1,<environment.Job instance at 0x7f01d0cf4e60>,12,2,[ 1 14],13,52,54,39,51
1,<environment.Job instance at 0x7f01d0cf4a00>,8,19,[14  3],9,62,81,53,62
1,<environment.Job instance at 0x7f01d0d14140>,16,23,[7 4],17,81,104,64,75
1,<environment.Job instance at 0x7f01d0d141e0>,17,22,[9 4],18,104,126,86,97
1,<environment.Job instance at 0x7f01d0d14820>,23,20,[5 4],24,101,121,77,101
1,<environment.Job instance at 0x7f01d0d14870>,24,28,[10  3],25,126,154,101,125
1,<environment.Job instance at 0x7f01d0d14910>,25,25,[12  3],26,154,179,128,150
1,<environment.Job instance at 0x7f01d0d14a50>,27,20,[6 2],28,179,199,151,170
1,<environment.Job instance at 0x7f01d08e1370>,0,2,[1 6],1,2,4,1,2
1,<environment.Job instance at 0x7f018a533f50>,5,2,[ 4 12],6,16,18,10,16
1,<environment.Job instance at 0x7f018a533690>,7,28,[3 6],8,18,46,10,17
1,<environment.Job instance at 0x7f01d0311410>,14,28,[6 5],15,63,91,48,63
1,<environment.Job instance at 0x7f01d0311370>,16,21,[7 3],17,63,84,46,63
1,<environment.Job instance at 0x7f018a533730>,9,19,[13  1],10,102,121,92,102
1,<environment.Job instance at 0x7f018a84ff00>,22,25,[4 6],23,121,146,98,117
1,<environment.Job instance at 0x7f018a84f960>,24,24,[7 5],25,121,145,96,117
1,<environment.Job instance at 0x7f018a491a00>,26,21,[14  1],27,146,167,119,139
1,<environment.Job instance at 0x7f018a491aa0>,29,24,[4 9],30,167,191,137,162
1,<environment.Job instance at 0x7f01d0c9afa0>,31,20,[6 3],32,167,187,135,162
1,<environment.Job instance at 0x7f018a97a730>,1,28,[ 5 12],2,2,30,0,2
1,<environment.Job instance at 0x7f018a7f8fa0>,2,28,[2 6],3,30,58,27,29
1,<environment.Job instance at 0x7f018a7f8910>,6,23,[11  3],7,30,53,23,29
1,<environment.Job instance at 0x7f018a7f8460>,4,28,[ 1 11],5,58,86,53,57
1,<environment.Job instance at 0x7f01d01a7460>,15,27,[6 1],16,57,84,41,57
1,<environment.Job instance at 0x7f01d01a7af0>,16,22,[5 5],17,86,108,69,79
1,<environment.Job instance at 0x7f01d01a7e60>,19,26,[2 7],20,86,112,66,83
1,<environment.Job instance at 0x7f01d01a7140>,20,23,[10  3],21,108,131,87,102
1,<environment.Job instance at 0x7f01d01a7550>,22,1,[13  2],23,131,132,108,121
1,<environment.Job instance at 0x7f018a37caa0>,24,21,[8 1],25,132,153,107,124
1,<environment.Job instance at 0x7f018a37c280>,25,18,[11  1],26,797,815,771,797
1,<environment.Job instance at 0x7f018a37c8c0>,26,19,[3 6],27,797,816,770,797
1,<environment.Job instance at 0x7f018a37c960>,30,22,[ 1 12],31,817,839,786,817
1,<environment.Job instance at 0x7f01d0b41aa0>,0,28,[13  5],1,1,29,0,1
1,<environment.Job instance at 0x7f01d53be4b0>,9,1,[ 3 12],10,29,30,19,25
1,<environment.Job instance at 0x7f018a3d7e60>,11,2,[5 6],12,30,32,18,25
1,<environment.Job instance at 0x7f018a3dd820>,4,2,[ 2 14],5,32,34,27,27
1,<environment.Job instance at 0x7f018a3d7410>,13,23,[5 1],14,29,52,15,27
1,<environment.Job instance at 0x7f018a3d81e0>,16,26,[ 1 12],17,34,60,17,31
1,<environment.Job instance at 0x7f018a3d87d0>,19,20,[3 8],20,60,80,40,51
1,<environment.Job instance at 0x7f018a3d8e10>,20,24,[11  5],21,60,84,39,55
1,<environment.Job instance at 0x7f018a633910>,0,24,[7 3],1,1,25,0,1
1,<environment.Job instance at 0x7f018a3dc5f0>,2,26,[5 8],3,3,29,0,3
1,<environment.Job instance at 0x7f01cffaa8c0>,10,21,[13  2],11,29,50,18,22
1,<environment.Job instance at 0x7f018aaba500>,6,2,[ 5 13],7,50,52,43,35
1,<environment.Job instance at 0x7f01d0abf500>,21,23,[13  3],22,55,78,33,55
1,<environment.Job instance at 0x7f01d064a5f0>,1,25,[4 9],2,2,27,0,2
1,<environment.Job instance at 0x7f018a224730>,8,20,[5 6],9,9,29,0,9
1,<environment.Job instance at 0x7f018a2247d0>,15,20,[3 7],16,34,54,18,34
1,<environment.Job instance at 0x7f018a224aa0>,17,21,[1 7],18,46,67,28,46
1,<environment.Job instance at 0x7f018a1f7870>,0,24,[4 5],1,1,25,0,1
1,<environment.Job instance at 0x7f018a3fd280>,3,25,[ 5 10],4,4,29,0,4
1,<environment.Job instance at 0x7f018a763d20>,8,27,[7 4],9,25,52,16,23
1,<environment.Job instance at 0x7f01d061b0a0>,4,23,[5 5],5,5,28,0,5
1,<environment.Job instance at 0x7f01d061bd20>,7,25,[7 3],8,8,33,0,8
1,<environment.Job instance at 0x7f01d061b960>,5,23,[ 2 12],6,28,51,22,22
1,<environment.Job instance at 0x7f01d09dc2d0>,8,1,[12  5],9,51,52,42,44
1,<environment.Job instance at 0x7f018a46be60>,17,21,[7 1],18,52,73,34,44
1,<environment.Job instance at 0x7f01d0c82370>,24,20,[ 2 11],25,74,94,49,74
1,<environment.Job instance at 0x7f01cff933c0>,25,2,[3 9],26,94,96,68,74
1,<environment.Job instance at 0x7f01cff931e0>,27,26,[3 7],28,96,122,68,93
1,<environment.Job instance at 0x7f018a9e69b0>,28,26,[4 6],29,94,120,65,93
1,<environment.Job instance at 0x7f01d0d73a00>,30,20,[4 9],31,122,142,91,113
1,<environment.Job instance at 0x7f01d01f5d20>,33,20,[1 8],34,142,162,108,133
1,<environment.Job instance at 0x7f01d0916fa0>,1,22,[10  5],2,2,24,0,2
1,<environment.Job instance at 0x7f01d0d322d0>,8,23,[2 5],9,9,32,0,9
1,<environment.Job instance at 0x7f018a2c9d20>,2,1,[ 5 14],3,32,33,29,16
1,<environment.Job instance at 0x7f01d09160f0>,0,20,[14  2],1,33,53,32,24
1,<environment.Job instance at 0x7f01d0461a50>,0,21,[2 6],1,1,22,0,1
1,<environment.Job instance at 0x7f01d0461d70>,2,27,[8 3],3,3,30,0,3
1,<environment.Job instance at 0x7f018a104460>,7,25,[9 4],8,30,55,22,26
1,<environment.Job instance at 0x7f018a104690>,1,23,[ 2 12],2,55,78,53,49
1,<environment.Job instance at 0x7f01d0762e10>,11,28,[ 5 13],12,78,106,66,77
1,<environment.Job instance at 0x7f018a270140>,15,26,[4 9],16,106,132,90,103
1,<environment.Job instance at 0x7f01d0bc6e10>,16,27,[10  5],17,106,133,89,104
1,<environment.Job instance at 0x7f01d06dbd70>,13,3,[ 5 14],14,133,136,119,132
1,<environment.Job instance at 0x7f01d01f1e60>,24,21,[5 6],25,137,158,112,137
1,<environment.Job instance at 0x7f01d01f1d20>,25,19,[2 7],26,137,156,111,137
1,<environment.Job instance at 0x7f01d01f16e0>,28,2,[6 2],29,175,177,146,175
1,<environment.Job instance at 0x7f01d01f1500>,29,22,[5 4],30,175,197,145,175
1,<environment.Job instance at 0x7f01d0227870>,33,18,[ 1 11],34,1178,1196,1144,1178
1,<environment.Job instance at 0x7f01d0227320>,34,3,[3 7],35,1196,1199,1161,1178
1,<environment.Job instance at 0x7fc80e4d6190>,0,28,[9 3],1,1,29,0,1
1,<environment.Job instance at 0x7fc80e55ee10>,2,22,[4 8],3,4,26,1,4
1,<environment.Job instance at 0x7fc8090c6500>,5,24,[1 5],6,26,50,20,21
1,<environment.Job instance at 0x7fc8090c6640>,7,25,[6 2],8,29,54,21,25
1,<environment.Job instance at 0x7fc8090c66e0>,8,22,[14  3],9,54,76,45,47
1,<environment.Job instance at 0x7fc80e55e820>,1,22,[11  3],2,76,98,74,69
1,<environment.Job instance at 0x7fc8090c65a0>,6,20,[6 1],7,98,118,91,89
1,<environment.Job instance at 0x7fc8090c63c0>,12,26,[ 1 12],13,89,115,76,89
1,<environment.Job instance at 0x7fc8090c6c80>,17,28,[ 5 10],18,115,143,97,114
1,<environment.Job instance at 0x7fc8090cf6e0>,1,21,[10  2],2,2,23,0,2
1,<environment.Job instance at 0x7fc8090c6b90>,2,28,[5 1],3,3,31,0,3
1,<environment.Job instance at 0x7fc80e6403c0>,14,20,[13  1],15,33,53,18,33
1,<environment.Job instance at 0x7fc80e640460>,17,3,[5 5],18,56,59,38,56
1,<environment.Job instance at 0x7fc7ce0b3d20>,18,2,[ 3 10],19,56,58,37,56
1,<environment.Job instance at 0x7fc80e640c80>,19,21,[ 1 11],20,59,80,39,56
1,<environment.Job instance at 0x7fc80e648820>,23,22,[10  2],24,67,89,43,67
1,<environment.Job instance at 0x7fc80e648d20>,26,25,[8 5],27,89,114,62,85
1,<environment.Job instance at 0x7fc80e648eb0>,28,22,[ 3 11],29,114,136,85,107
1,<environment.Job instance at 0x7fc7c33ebcd0>,2,22,[4 8],3,3,25,0,3
1,<environment.Job instance at 0x7fc80e6482d0>,3,25,[6 1],4,4,29,0,4
1,<environment.Job instance at 0x7fc80e648eb0>,4,20,[ 1 14],5,25,45,20,16
1,<environment.Job instance at 0x7fc7c33eb410>,9,23,[ 1 14],10,45,68,35,39
1,<environment.Job instance at 0x7fc7c33eb230>,14,22,[12  4],15,68,90,53,61
1,<environment.Job instance at 0x7fc7c33eb050>,15,23,[1 7],16,68,91,52,62
1,<environment.Job instance at 0x7fc7c349a500>,0,20,[ 3 13],1,3,23,2,3
1,<environment.Job instance at 0x7fc7c3831820>,10,25,[6 2],11,12,37,1,12
1,<environment.Job instance at 0x7fc7c3831820>,5,20,[10  2],6,6,26,0,6
1,<environment.Job instance at 0x7fc7c37b5320>,6,25,[5 2],7,7,32,0,7
1,<environment.Job instance at 0x7fc7c37b5370>,8,27,[13  4],9,32,59,23,30
1,<environment.Job instance at 0x7fc7c37b54b0>,9,26,[3 5],10,59,85,49,56
1,<environment.Job instance at 0x7fc7c37b5730>,12,25,[3 9],13,59,84,46,56
1,<environment.Job instance at 0x7fc8097a74b0>,0,23,[2 7],1,1,24,0,1
1,<environment.Job instance at 0x7fc7c37b5730>,2,28,[1 7],3,3,31,0,3
1,<environment.Job instance at 0x7fc8097a7eb0>,8,22,[5 2],9,24,46,15,17
1,<environment.Job instance at 0x7fc8097a7e60>,12,21,[4 8],13,31,52,18,24
1,<environment.Job instance at 0x7fc8097a7550>,14,21,[3 8],15,52,73,37,44
1,<environment.Job instance at 0x7fc8097a7370>,15,25,[ 5 10],16,73,98,57,69
1,<environment.Job instance at 0x7fc7c33d4cd0>,20,27,[ 4 10],21,98,125,77,96
1,<environment.Job instance at 0x7fc7c33d41e0>,21,25,[12  4],22,125,150,103,121
1,<environment.Job instance at 0x7fc7c33d4780>,23,27,[3 8],24,125,152,101,123
1,<environment.Job instance at 0x7fc7c33d4f00>,25,24,[8 4],26,150,174,124,145
1,<environment.Job instance at 0x7fc7c33d4500>,18,20,[14  4],19,174,194,155,168
1,<environment.Job instance at 0x7fc809631320>,33,1,[7 4],34,169,170,135,169
1,<environment.Job instance at 0x7fc809631e60>,28,3,[13  2],29,194,197,165,181
1,<environment.Job instance at 0x7fc7c3550a50>,0,25,[14  4],1,1,26,0,1
1,<environment.Job instance at 0x7fc7c3976820>,6,24,[14  2],7,26,50,19,21
1,<environment.Job instance at 0x7fc80986d6e0>,9,23,[ 4 11],10,50,73,40,44
1,<environment.Job instance at 0x7fc80986d870>,8,2,[ 2 12],9,73,75,64,46
1,<environment.Job instance at 0x7fc808f0eeb0>,11,23,[ 3 13],12,75,98,63,69
1,<environment.Job instance at 0x7fc80955c410>,12,3,[8 4],13,69,72,56,69
1,<environment.Job instance at 0x7fc808f0ed20>,14,24,[ 3 10],15,98,122,83,93
1,<environment.Job instance at 0x7fc80986db40>,7,3,[ 5 11],8,122,125,114,96
1,<environment.Job instance at 0x7fc7c39c1dc0>,20,25,[5 8],21,125,150,104,121
1,<environment.Job instance at 0x7fc7c3879690>,21,27,[7 4],22,121,148,99,121
1,<environment.Job instance at 0x7fc7c3879eb0>,23,21,[6 4],24,148,169,124,140
1,<environment.Job instance at 0x7fc7c38da550>,25,1,[ 1 10],26,150,151,124,140
1,<environment.Job instance at 0x7fc7c3585460>,32,23,[11  2],33,169,192,136,163
1,<environment.Job instance at 0x7fc80914ef50>,34,19,[8 2],35,192,211,157,182
1,<environment.Job instance at 0x7fc809488f00>,35,19,[14  4],36,211,230,175,203
1,<environment.Job instance at 0x7fc7c377e230>,2,24,[7 5],3,3,27,0,3
1,<environment.Job instance at 0x7fc7c3808690>,6,27,[5 5],7,7,34,0,7
1,<environment.Job instance at 0x7fc8094885a0>,3,20,[14  5],4,34,54,30,25
1,<environment.Job instance at 0x7fc7c3808f50>,18,26,[8 1],19,67,93,48,67
1,<environment.Job instance at 0x7fc7c3808fa0>,19,19,[9 5],20,93,112,73,83
1,<environment.Job instance at 0x7fc7c37f50f0>,20,2,[5 3],21,83,85,62,83
1,<environment.Job instance at 0x7fc7c37f5140>,22,17,[11  1],23,118,135,95,118
1,<environment.Job instance at 0x7fc7c38085a0>,5,18,[14  1],6,504,522,498,504
1,<environment.Job instance at 0x7fc7c37f5280>,24,28,[6 1],25,522,550,497,521
1,<environment.Job instance at 0x7fc7c37f55a0>,25,21,[10  2],26,550,571,524,542
1,<environment.Job instance at 0x7fc7c37f5550>,28,3,[ 1 13],29,544,547,515,544
1,<environment.Job instance at 0x7fc7c37f5910>,30,20,[ 1 10],31,547,567,516,545
1,<environment.Job instance at 0x7fc7c37f55f0>,31,22,[5 3],32,567,589,535,560
1,<environment.Job instance at 0x7fc7c37f5780>,35,22,[1 7],36,573,595,537,573
1,<environment.Job instance at 0x7fc7c37f5640>,36,20,[5 7],37,589,609,552,580
1,<environment.Job instance at 0x7fc80e3c5820>,1,20,[2 9],2,2,22,0,2
1,<environment.Job instance at 0x7fc7c37f5640>,3,27,[12  4],4,4,31,0,4
1,<environment.Job instance at 0x7fc80955bd20>,5,20,[4 7],6,6,26,0,6
1,<environment.Job instance at 0x7fc809772dc0>,6,21,[12  5],7,26,47,19,18
1,<environment.Job instance at 0x7fc8097727d0>,8,25,[6 1],9,47,72,38,43
1,<environment.Job instance at 0x7fc809772690>,9,24,[11  4],10,72,96,62,67
1,<environment.Job instance at 0x7fc808f05500>,11,27,[5 1],12,96,123,84,94
1,<environment.Job instance at 0x7fc808f05e60>,12,21,[1 6],13,94,115,81,94
1,<environment.Job instance at 0x7fc808f055a0>,16,25,[8 3],17,96,121,79,95
1,<environment.Job instance at 0x7fc8090e9320>,19,18,[7 3],20,121,139,101,115
1,<environment.Job instance at 0x7fc7c34f14b0>,24,21,[6 4],25,130,151,105,130
1,<environment.Job instance at 0x7fc80918df50>,21,19,[12  1],22,151,170,129,143
1,<environment.Job instance at 0x7fc7c3946910>,26,25,[ 5 10],27,170,195,143,166
1,<environment.Job instance at 0x7fc7c3946eb0>,27,26,[9 3],28,170,196,142,167
1,<environment.Job instance at 0x7fc8091bf1e0>,28,26,[ 1 12],29,195,221,166,192
1,<environment.Job instance at 0x7fc8091bf9b0>,29,28,[3 6],30,221,249,191,220
1,<environment.Job instance at 0x7fc7c370c960>,30,2,[1 6],31,221,223,190,220
1,<environment.Job instance at 0x7fc8094179b0>,31,12,[11  1],32,351,363,319,351
1,<environment.Job instance at 0x7fc809aa0730>,0,20,[5 6],1,1,21,0,1
1,<environment.Job instance at 0x7fc7c3488f00>,5,26,[13  4],6,21,47,15,18
1,<environment.Job instance at 0x7fc7c368ff50>,2,25,[13  4],3,47,72,44,43
1,<environment.Job instance at 0x7fc80967c690>,1,1,[ 5 13],2,72,73,70,60
1,<environment.Job instance at 0x7fc7c3488f50>,7,21,[ 2 13],8,73,94,65,65
1,<environment.Job instance at 0x7fc7c3474460>,11,24,[ 2 13],12,94,118,82,89
1,<environment.Job instance at 0x7fc7c367b5a0>,1,25,[ 2 14],2,3,28,1,3
1,<environment.Job instance at 0x7fc7c367b1e0>,6,27,[10  1],7,7,34,0,7
1,<environment.Job instance at 0x7fc7c367bc30>,10,28,[13  5],11,34,62,23,33
1,<environment.Job instance at 0x7fc7c367b960>,11,19,[4 8],12,62,81,50,52
1,<environment.Job instance at 0x7fc7c367be60>,5,3,[ 3 14],6,81,84,75,55
1,<environment.Job instance at 0x7fc7c367b5f0>,14,2,[ 2 14],15,84,86,69,57
1,<environment.Job instance at 0x7fc7c3a59780>,16,1,[4 6],17,62,63,45,58
1,<environment.Job instance at 0x7fc7c3a59500>,19,1,[ 3 12],20,86,87,66,64
1,<environment.Job instance at 0x7fc7c3a59be0>,21,2,[5 6],22,76,78,54,76
1,<environment.Job instance at 0x7fc7c3a59d20>,23,23,[5 1],24,77,100,53,77
1,<environment.Job instance at 0x7fc7c3a59230>,26,26,[ 1 12],27,92,118,65,92
1,<environment.Job instance at 0x7fc8099e6280>,29,20,[3 8],30,118,138,88,109
1,<environment.Job instance at 0x7fc8099e6be0>,30,24,[11  5],31,118,142,87,113
1,<environment.Job instance at 0x7fc808ef8b40>,0,24,[7 3],1,1,25,0,1
1,<environment.Job instance at 0x7fc808eb9a00>,2,26,[5 8],3,3,29,0,3
1,<environment.Job instance at 0x7fc808f46dc0>,4,23,[1 5],5,25,48,20,19
1,<environment.Job instance at 0x7fc809744af0>,10,21,[13  2],11,29,50,18,21
1,<environment.Job instance at 0x7fc808f46fa0>,6,2,[ 5 13],7,52,54,45,52
1,<environment.Job instance at 0x7fc8097442d0>,21,23,[13  3],22,65,88,43,65
1,<environment.Job instance at 0x7fc809cf2640>,5,20,[3 7],6,6,26,0,6
1,<environment.Job instance at 0x7fc8090fb960>,7,21,[1 7],8,8,29,0,8
1,<environment.Job instance at 0x7fc8090fb230>,4,12,[11  4],5,2599,2611,2594,2599
1,<environment.Job instance at 0x7fc80910ba50>,19,27,[11  4],20,2611,2638,2591,2609
1,<environment.Job instance at 0x7fc8095702d0>,1,23,[ 4 13],2,2,25,0,2
1,<environment.Job instance at 0x7fc80910b8c0>,2,19,[11  1],3,5,24,2,5
1,<environment.Job instance at 0x7fc7c339f0a0>,8,22,[6 4],9,25,47,16,18
1,<environment.Job instance at 0x7fc7c339f870>,13,3,[2 8],14,25,28,11,25
1,<environment.Job instance at 0x7fc7c339fb40>,15,22,[2 6],16,28,50,12,25
1,<environment.Job instance at 0x7fc7c3498140>,18,23,[5 5],19,30,53,11,30
1,<environment.Job instance at 0x7fc7c32c3690>,0,20,[4 9],1,1,21,0,1
1,<environment.Job instance at 0x7fc7c32c3870>,3,20,[1 8],4,21,41,17,12
1,<environment.Job instance at 0x7fc7c32c3e10>,9,28,[11  4],10,13,41,3,13
1,<environment.Job instance at 0x7fc7c32c3aa0>,10,22,[ 5 12],11,41,63,30,34
1,<environment.Job instance at 0x7fc7c32c3c30>,12,25,[9 5],13,63,88,50,59
1,<environment.Job instance at 0x7fc7c32c3910>,13,22,[3 8],14,63,85,49,59
1,<environment.Job instance at 0x7fc809048c30>,16,22,[ 1 13],17,88,110,71,81
1,<environment.Job instance at 0x7fc8090480a0>,20,27,[3 6],21,110,137,89,108
1,<environment.Job instance at 0x7fc809048050>,21,2,[12  1],22,108,110,86,108
1,<environment.Job instance at 0x7fc809048410>,25,27,[8 1],26,124,151,98,124
1,<environment.Job instance at 0x7fc809048d70>,28,1,[4 7],29,132,133,103,132
1,<environment.Job instance at 0x7fc809050960>,29,21,[5 6],30,137,158,107,132
1,<environment.Job instance at 0x7fc809050500>,30,20,[14  2],31,158,178,127,149
1,<environment.Job instance at 0x7fc809050fa0>,31,22,[10  5],32,178,200,146,171
1,<environment.Job instance at 0x7fc809050e60>,32,1,[ 5 14],33,200,201,167,190
1,<environment.Job instance at 0x7fc809838870>,2,20,[10  3],3,4,24,1,4
1,<environment.Job instance at 0x7fc809050e60>,5,23,[9 5],6,24,47,18,18
1,<environment.Job instance at 0x7fc7c34565f0>,6,27,[7 3],7,47,74,40,45
1,<environment.Job instance at 0x7fc809050be0>,4,26,[13  3],5,74,100,69,71
1,<environment.Job instance at 0x7fc7c35d4190>,10,25,[9 5],11,100,125,89,96
1,<environment.Job instance at 0x7fc7c35d4c30>,14,23,[6 1],15,102,125,87,102
1,<environment.Job instance at 0x7fc7c35d4eb0>,16,2,[ 4 14],17,125,127,108,123
1,<environment.Job instance at 0x7fc7c35d4410>,17,23,[10  3],18,127,150,109,123
1,<environment.Job instance at 0x7fc7c39f83c0>,1,19,[2 5],2,4,23,2,4
1,<environment.Job instance at 0x7fc7c35d4e60>,4,27,[3 8],5,5,32,0,5
1,<environment.Job instance at 0x7fc809962c80>,7,28,[2 6],8,23,51,15,22
1,<environment.Job instance at 0x7fc809962050>,8,28,[7 1],9,22,50,13,22
1,<environment.Job instance at 0x7fc809b6cd70>,9,26,[10  3],10,50,76,40,47
1,<environment.Job instance at 0x7fc80911cc80>,10,27,[5 2],11,51,78,40,49
1,<environment.Job instance at 0x7fc7c311b460>,2,23,[6 1],3,3,26,0,3
1,<environment.Job instance at 0x7fc8096d29b0>,10,26,[ 2 10],11,11,37,0,11
1,<environment.Job instance at 0x7fc80996a5f0>,15,26,[ 5 13],16,37,63,21,34
1,<environment.Job instance at 0x7fc80996ae10>,19,20,[5 5],20,63,83,43,54
1,<environment.Job instance at 0x7fc7c351ef50>,23,23,[ 5 10],24,63,86,39,57
1,<environment.Job instance at 0x7fc7c351e370>,27,24,[10  4],28,83,107,55,78
1,<environment.Job instance at 0x7fc808f61640>,4,2,[7 1],5,5,7,0,5
1,<environment.Job instance at 0x7fc7c33a0a00>,5,23,[ 5 13],6,6,29,0,6
1,<environment.Job instance at 0x7fc7c33a6730>,6,23,[2 7],7,29,52,22,23
1,<environment.Job instance at 0x7fc809354c80>,7,28,[ 1 10],8,52,80,44,51
1,<environment.Job instance at 0x7fc7c3285c30>,10,2,[10  3],11,91,93,80,91
1,<environment.Job instance at 0x7fc80e4f6b40>,13,22,[3 5],14,97,119,83,97
1,<environment.Job instance at 0x7f20576bb280>,0,28,[9 3],1,1,29,0,1
1,<environment.Job instance at 0x7f20576bafa0>,2,22,[4 8],3,3,25,0,3
1,<environment.Job instance at 0x7f20576bb190>,1,22,[11  3],2,29,51,27,22
1,<environment.Job instance at 0x7f20502ac640>,7,25,[6 2],8,51,76,43,47
1,<environment.Job instance at 0x7f20502ac500>,5,24,[1 5],6,47,71,41,47
1,<environment.Job instance at 0x7f20502ac6e0>,8,22,[14  3],9,76,98,67,69
1,<environment.Job instance at 0x7f20502ac960>,12,26,[ 1 12],13,78,104,65,78
1,<environment.Job instance at 0x7f20502acc80>,17,28,[ 5 10],18,104,132,86,103
1,<environment.Job instance at 0x7f20502acb90>,4,20,[13  1],5,5,25,0,5
1,<environment.Job instance at 0x7f205782e5a0>,9,21,[ 1 11],10,10,31,0,10
1,<environment.Job instance at 0x7f205782ed20>,13,22,[10  2],14,25,47,11,25
1,<environment.Job instance at 0x7f205782d370>,16,25,[8 5],17,47,72,30,43
1,<environment.Job instance at 0x7f205782d230>,18,22,[ 3 11],19,72,94,53,65
1,<environment.Job instance at 0x7f205782dd20>,20,19,[8 2],21,77,96,56,77
1,<environment.Job instance at 0x7f205782d460>,22,27,[5 6],23,94,121,71,92
1,<environment.Job instance at 0x7f205782d410>,23,24,[12  3],24,121,145,97,116
1,<environment.Job instance at 0x7f205782dc30>,24,22,[12  5],25,145,167,120,138
1,<environment.Job instance at 0x7f200c65b320>,0,25,[9 3],1,1,26,0,1
1,<environment.Job instance at 0x7f20578281e0>,2,22,[5 3],3,3,25,0,3
1,<environment.Job instance at 0x7f200c65b050>,7,21,[1 9],8,15,36,7,15
1,<environment.Job instance at 0x7f200c65b460>,10,2,[9 5],11,26,28,15,25
1,<environment.Job instance at 0x7f200c65b410>,11,22,[2 9],12,36,58,24,29
1,<environment.Job instance at 0x7f200c65b4b0>,6,3,[ 2 12],7,59,62,52,59
1,<environment.Job instance at 0x7f200c65baa0>,16,24,[11  5],17,62,86,45,59
1,<environment.Job instance at 0x7f200c65bbe0>,17,21,[ 3 10],18,62,83,44,59
1,<environment.Job instance at 0x7f200c65b910>,18,25,[14  4],19,86,111,67,82
1,<environment.Job instance at 0x7f200c67c1e0>,20,26,[10  5],21,111,137,90,108
1,<environment.Job instance at 0x7f200c67ca00>,23,2,[13  3],24,137,139,113,118
1,<environment.Job instance at 0x7f200c67c690>,24,21,[ 4 12],25,139,160,114,131
1,<environment.Job instance at 0x7f200c67c370>,27,27,[2 9],28,160,187,132,158
1,<environment.Job instance at 0x7f200c67c7d0>,28,21,[9 4],29,160,181,131,158
1,<environment.Job instance at 0x7f200c67c500>,37,20,[5 3],38,181,201,143,177
1,<environment.Job instance at 0x7f200c6a7550>,39,21,[6 1],40,217,238,177,217
1,<environment.Job instance at 0x7f200c6a7e10>,42,24,[7 5],43,221,245,178,221
1,<environment.Job instance at 0x7f200c6a7460>,44,28,[2 7],45,221,249,176,221
1,<environment.Job instance at 0x7f200c6a7a00>,45,28,[9 2],46,245,273,199,244
1,<environment.Job instance at 0x7f200c6a7050>,46,22,[6 1],47,249,271,202,245
1,<environment.Job instance at 0x7f200c6a7c30>,50,20,[ 3 13],51,271,291,220,270
1,<environment.Job instance at 0x7f200c67d4b0>,0,23,[7 3],1,1,24,0,1
1,<environment.Job instance at 0x7f200c968c30>,5,21,[12  3],6,24,45,18,16
1,<environment.Job instance at 0x7f2057821a00>,9,22,[14  1],10,45,67,35,38
1,<environment.Job instance at 0x7f2057821820>,7,28,[4 5],8,67,95,59,66
1,<environment.Job instance at 0x7f2057821d70>,12,26,[8 4],13,86,112,73,86
1,<environment.Job instance at 0x7f200c968cd0>,3,24,[14  3],4,112,136,108,107
1,<environment.Job instance at 0x7f20578216e0>,11,27,[ 4 13],12,136,163,124,134
1,<environment.Job instance at 0x7f200ca09370>,20,25,[ 3 10],21,163,188,142,159
1,<environment.Job instance at 0x7f200ca098c0>,22,27,[3 9],23,188,215,165,186
1,<environment.Job instance at 0x7f200ca09f00>,25,24,[1 5],26,191,215,165,191
1,<environment.Job instance at 0x7f200ca09640>,26,23,[3 6],27,215,238,188,209
1,<environment.Job instance at 0x7f200ca092d0>,28,21,[8 3],29,215,236,186,209
1,<environment.Job instance at 0x7f200ca09820>,29,26,[9 4],30,236,262,206,233
1,<environment.Job instance at 0x7f2057821780>,10,3,[11  3],11,262,265,251,236
1,<environment.Job instance at 0x7f200ca09e10>,34,25,[1 5],35,248,273,213,248
1,<environment.Job instance at 0x7f200c99d6e0>,6,25,[8 5],7,7,32,0,7
1,<environment.Job instance at 0x7f200c99d5f0>,10,24,[9 1],11,32,56,21,27
1,<environment.Job instance at 0x7f200c99d730>,11,25,[7 1],12,56,81,44,52
1,<environment.Job instance at 0x7f200c99db40>,12,24,[12  5],13,81,105,68,76
1,<environment.Job instance at 0x7f200c99d1e0>,16,27,[ 4 14],17,105,132,88,103
1,<environment.Job instance at 0x7f200c9a3050>,5,1,[13  1],6,8,9,2,8
1,<environment.Job instance at 0x7f2056ffa050>,6,19,[2 5],7,8,27,1,8
1,<environment.Job instance at 0x7f2056ffa9b0>,7,24,[1 8],8,9,33,1,8
1,<environment.Job instance at 0x7f2056ffa5f0>,9,21,[6 5],10,27,48,17,19
1,<environment.Job instance at 0x7f2056ffa6e0>,10,26,[ 1 11],11,48,74,37,45
1,<environment.Job instance at 0x7f200c9a3230>,4,2,[ 1 13],5,74,76,69,66
1,<environment.Job instance at 0x7f2056ffad70>,15,28,[10  3],16,76,104,60,75
1,<environment.Job instance at 0x7f2050132e10>,20,25,[14  4],21,104,129,83,100
1,<environment.Job instance at 0x7f2050132280>,26,24,[14  2],27,129,153,102,124
1,<environment.Job instance at 0x7f20501329b0>,27,3,[ 5 11],28,153,156,125,151
1,<environment.Job instance at 0x7f2050132500>,28,2,[ 2 12],29,156,158,127,151
1,<environment.Job instance at 0x7f2050132140>,29,23,[ 4 11],30,158,181,128,152
1,<environment.Job instance at 0x7f200c777af0>,31,23,[ 3 13],32,181,204,149,175
1,<environment.Job instance at 0x7f200c777460>,34,24,[ 3 10],35,204,228,169,199
1,<environment.Job instance at 0x7f200c777730>,40,25,[5 8],41,228,253,187,224
1,<environment.Job instance at 0x7f200c777640>,41,27,[7 4],42,224,251,182,224
1,<environment.Job instance at 0x7f200c777870>,43,21,[6 4],44,251,272,207,243
1,<environment.Job instance at 0x7f2056aa9050>,3,24,[11  3],4,4,28,0,4
1,<environment.Job instance at 0x7f205009b910>,7,23,[10  3],8,28,51,20,22
1,<environment.Job instance at 0x7f20500860f0>,8,19,[1 5],9,22,41,13,22
1,<environment.Job instance at 0x7f2056aa9aa0>,0,2,[13  5],1,51,53,50,29
1,<environment.Job instance at 0x7f20505900f0>,12,24,[7 5],13,53,77,40,48
1,<environment.Job instance at 0x7f20505f7780>,13,20,[14  5],14,77,97,63,68
1,<environment.Job instance at 0x7f2050590460>,16,27,[5 5],17,97,124,80,95
1,<environment.Job instance at 0x7f2050689410>,23,18,[4 9],24,126,144,102,126
1,<environment.Job instance at 0x7f20576df9b0>,1,20,[2 9],2,2,22,0,2
1,<environment.Job instance at 0x7f20501d3a00>,3,27,[12  4],4,4,31,0,4
1,<environment.Job instance at 0x7f20505eba50>,1,27,[5 1],2,2,29,0,2
1,<environment.Job instance at 0x7f200c722c30>,2,21,[1 6],3,3,24,0,3
1,<environment.Job instance at 0x7f200c722c80>,6,25,[8 3],7,7,32,0,7
1,<environment.Job instance at 0x7f2050251730>,11,19,[12  1],12,32,51,20,24
1,<environment.Job instance at 0x7f200c558af0>,14,21,[6 4],15,51,72,36,43
1,<environment.Job instance at 0x7f20502555a0>,16,25,[ 5 10],17,51,76,34,47
1,<environment.Job instance at 0x7f200c558d70>,17,26,[9 3],18,72,98,54,69
1,<environment.Job instance at 0x7f200c904460>,18,26,[ 1 12],19,76,102,57,73
1,<environment.Job instance at 0x7f200c7fcf50>,19,28,[3 6],20,102,130,82,101
1,<environment.Job instance at 0x7f2050059c30>,20,2,[1 6],21,102,104,81,101
1,<environment.Job instance at 0x7f205763f780>,1,28,[ 5 12],2,2,30,0,2
1,<environment.Job instance at 0x7f2056b1ebe0>,6,23,[11  3],7,30,53,23,24
1,<environment.Job instance at 0x7f200c447c80>,4,28,[ 1 11],5,30,58,25,29
1,<environment.Job instance at 0x7f2057061b90>,15,27,[6 1],16,53,80,37,51
1,<environment.Job instance at 0x7f20570749b0>,16,22,[5 5],17,58,80,41,51
1,<environment.Job instance at 0x7f2057061f50>,19,26,[2 7],20,65,91,45,65
1,<environment.Job instance at 0x7f20570615f0>,20,23,[10  3],21,80,103,59,74
1,<environment.Job instance at 0x7f20570fe550>,22,1,[13  2],23,103,104,80,92
1,<environment.Job instance at 0x7f20570fe910>,24,21,[8 1],25,104,125,79,96
1,<environment.Job instance at 0x7f2056d58c80>,25,18,[11  1],26,156,174,130,156
1,<environment.Job instance at 0x7f2056d58050>,26,19,[3 6],27,156,175,129,156
1,<environment.Job instance at 0x7f205008b370>,30,22,[ 1 12],31,175,197,144,168
1,<environment.Job instance at 0x7f20500b3d70>,0,24,[11  5],1,1,25,0,1
1,<environment.Job instance at 0x7f200c6af870>,7,27,[5 7],8,25,52,17,23
1,<environment.Job instance at 0x7f200c6af960>,9,21,[12  3],10,52,73,42,44
1,<environment.Job instance at 0x7f205054c2d0>,0,28,[5 2],1,1,29,0,1
1,<environment.Job instance at 0x7f205054cfa0>,2,24,[8 1],3,3,27,0,3
1,<environment.Job instance at 0x7f205769c8c0>,7,27,[9 4],8,27,54,19,25
1,<environment.Job instance at 0x7f205743aeb0>,9,26,[7 3],10,54,80,44,51
1,<environment.Job instance at 0x7f205769c190>,8,20,[9 5],9,80,100,71,71
1,<environment.Job instance at 0x7f2050439fa0>,11,18,[10  1],12,100,118,88,89
1,<environment.Job instance at 0x7f2050439b40>,17,20,[10  2],18,118,138,100,109
1,<environment.Job instance at 0x7f20504390a0>,14,2,[13  2],15,138,140,123,133
1,<environment.Job instance at 0x7f2050439eb0>,21,25,[4 9],22,140,165,118,136
1,<environment.Job instance at 0x7f2050439a50>,13,2,[14  5],14,165,167,151,160
1,<environment.Job instance at 0x7f2050321eb0>,28,20,[5 6],29,167,187,138,160
1,<environment.Job instance at 0x7f2050321aa0>,35,20,[3 7],36,191,211,155,191
1,<environment.Job instance at 0x7f20503216e0>,37,21,[1 7],38,219,240,181,219
1,<environment.Job instance at 0x7f20504b5230>,0,24,[4 5],1,1,25,0,1
1,<environment.Job instance at 0x7f20504b5c80>,3,25,[ 5 10],4,4,29,0,4
1,<environment.Job instance at 0x7f20507525a0>,8,27,[7 4],9,25,52,16,23
1,<environment.Job instance at 0x7f205052d370>,4,20,[ 2 11],5,5,25,0,5
1,<environment.Job instance at 0x7f200c2b8dc0>,8,26,[4 6],9,25,51,16,22
1,<environment.Job instance at 0x7f205042d370>,10,20,[4 9],11,25,45,14,22
1,<environment.Job instance at 0x7f200c2e2dc0>,7,26,[3 7],8,45,71,37,42
1,<environment.Job instance at 0x7f205042deb0>,13,20,[1 8],14,51,71,37,42
1,<environment.Job instance at 0x7f205042d960>,19,28,[11  4],20,71,99,51,70
1,<environment.Job instance at 0x7f205042d500>,20,22,[ 5 12],21,99,121,78,92
1,<environment.Job instance at 0x7f205043f1e0>,22,25,[9 5],23,121,146,98,117
1,<environment.Job instance at 0x7f2050444b90>,23,22,[3 8],24,121,143,97,117
1,<environment.Job instance at 0x7f205043f230>,26,22,[ 1 13],27,146,168,119,139
1,<environment.Job instance at 0x7f2050499b40>,2,20,[10  3],3,3,23,0,3
1,<environment.Job instance at 0x7f200c8e8a50>,6,27,[7 3],7,23,50,16,21
1,<environment.Job instance at 0x7f205018f5a0>,5,23,[9 5],6,50,73,44,44
1,<environment.Job instance at 0x7f200c8e8370>,4,26,[13  3],5,73,99,68,70
1,<environment.Job instance at 0x7f200c78daa0>,10,25,[9 5],11,99,124,88,95
1,<environment.Job instance at 0x7f20572110f0>,14,23,[6 1],15,99,122,84,96
1,<environment.Job instance at 0x7f2057055500>,16,2,[ 4 14],17,124,126,107,118
1,<environment.Job instance at 0x7f20500cacd0>,17,23,[10  3],18,126,149,108,120
1,<environment.Job instance at 0x7f205013bc80>,0,27,[5 2],1,1,28,0,1
1,<environment.Job instance at 0x7f205013be10>,3,23,[ 5 10],4,4,27,0,4
1,<environment.Job instance at 0x7f205013bd70>,7,24,[10  4],8,8,32,0,8
1,<environment.Job instance at 0x7f2056bf32d0>,12,25,[10  3],13,32,57,19,28
1,<environment.Job instance at 0x7f2056c07910>,11,1,[ 3 12],12,48,49,36,48
1,<environment.Job instance at 0x7f2056bf3e60>,15,24,[13  2],16,57,81,41,52
1,<environment.Job instance at 0x7f2056bf3fa0>,16,22,[4 5],17,81,103,64,74
1,<environment.Job instance at 0x7f2056bf3780>,14,20,[ 3 14],15,103,123,88,95
1,<environment.Job instance at 0x7f2056bf3a00>,19,28,[6 1],20,95,123,75,95
1,<environment.Job instance at 0x7f2056bf3190>,20,20,[8 3],21,123,143,102,114
1,<environment.Job instance at 0x7f2056bf3140>,21,22,[5 2],22,123,145,101,116
1,<environment.Job instance at 0x7f2056bd87d0>,22,23,[11  1],23,145,168,122,139
1,<environment.Job instance at 0x7f2056c0bf00>,23,20,[6 2],24,168,188,144,159
1,<environment.Job instance at 0x7f200c377280>,8,2,[6 2],9,9,11,0,9
1,<environment.Job instance at 0x7f200c3770f0>,11,18,[ 2 10],12,42,60,30,42
1,<environment.Job instance at 0x7f200c63b7d0>,16,20,[6 2],17,49,69,32,49
1,<environment.Job instance at 0x7f200c63b550>,17,26,[12  4],18,69,95,51,66
1,<environment.Job instance at 0x7f2050103050>,23,20,[7 1],24,95,115,71,86
1,<environment.Job instance at 0x7f2056ed55a0>,24,1,[ 4 11],25,95,96,70,93
1,<environment.Job instance at 0x7f2050658640>,15,19,[ 2 12],16,96,115,80,93
1,<environment.Job instance at 0x7f2056f81550>,2,20,[10  3],3,3,23,0,3
1,<environment.Job instance at 0x7f2056f81960>,3,27,[7 2],4,23,50,19,21
1,<environment.Job instance at 0x7f200cc40280>,5,21,[10  1],6,50,71,44,42
1,<environment.Job instance at 0x7f200ca4bd20>,8,22,[13  4],9,71,93,62,64
1,<environment.Job instance at 0x7f200ca4b5a0>,10,25,[12  1],11,93,118,82,89
1,<environment.Job instance at 0x7f200ca4bdc0>,11,26,[10  2],12,118,144,106,115
1,<environment.Job instance at 0x7f20501c4140>,0,20,[ 5 13],1,1,21,0,1
1,<environment.Job instance at 0x7f2056f69910>,9,24,[8 2],10,10,34,0,10
1,<environment.Job instance at 0x7f20506d6500>,10,25,[5 8],11,21,46,10,17
1,<environment.Job instance at 0x7f2050455320>,13,25,[ 2 10],14,46,71,32,42
1,<environment.Job instance at 0x7f200cbdab40>,15,23,[7 1],16,43,66,27,43
1,<environment.Job instance at 0x7f200c2242d0>,17,26,[1 7],18,71,97,53,68
1,<environment.Job instance at 0x7fc6c9e45280>,0,28,[9 3],1,1,29,0,1
1,<environment.Job instance at 0x7fc6c9e889b0>,2,22,[4 8],3,3,25,0,3
1,<environment.Job instance at 0x7fc6c4a355a0>,6,20,[6 1],7,25,45,18,20
1,<environment.Job instance at 0x7fc6c4a35640>,7,25,[6 2],8,29,54,21,25
1,<environment.Job instance at 0x7fc6c4a356e0>,8,22,[14  3],9,54,76,45,47
1,<environment.Job instance at 0x7fc6c9e45190>,1,22,[11  3],2,76,98,74,69
1,<environment.Job instance at 0x7fc6c4a35960>,12,26,[ 1 12],13,70,96,57,70
1,<environment.Job instance at 0x7fc6c4a35c80>,17,28,[ 5 10],18,98,126,80,97
1,<environment.Job instance at 0x7fc6c4a35320>,3,18,[ 4 14],4,2980,2998,2976,2980
1,<environment.Job instance at 0x7fc6c9fb72d0>,3,22,[10  2],4,4,26,0,4
1,<environment.Job instance at 0x7fc6c9fba320>,6,25,[8 5],7,26,51,19,22
1,<environment.Job instance at 0x7fc6c9fba690>,8,22,[ 3 11],9,51,73,42,44
1,<environment.Job instance at 0x7fc6c9fab4b0>,10,19,[8 2],11,51,70,40,44
1,<environment.Job instance at 0x7fc6c9fabb90>,12,27,[5 6],13,73,100,60,71
1,<environment.Job instance at 0x7fc6c9fab5a0>,13,24,[12  3],14,100,124,86,95
1,<environment.Job instance at 0x7fc6c9fabf50>,14,22,[12  5],15,124,146,109,117
1,<environment.Job instance at 0x7fc6c9faba00>,17,23,[14  4],18,146,169,128,140
1,<environment.Job instance at 0x7fc6c9fb87d0>,19,21,[ 1 10],20,141,162,121,141
1,<environment.Job instance at 0x7fc6c9fb8820>,21,21,[6 5],22,169,190,147,161
1,<environment.Job instance at 0x7fc6c9fb8280>,22,26,[ 5 12],23,190,216,167,187
1,<environment.Job instance at 0x7fc67ecf3d20>,0,26,[10  5],1,1,27,0,1
1,<environment.Job instance at 0x7fc67ecf3870>,7,27,[2 9],8,8,35,0,8
1,<environment.Job instance at 0x7fc67ecf34b0>,8,21,[9 4],9,27,48,18,19
1,<environment.Job instance at 0x7fc67ed366e0>,12,28,[2 8],13,35,63,22,34
1,<environment.Job instance at 0x7fc67ecf3d70>,4,21,[ 4 12],5,63,84,58,55
1,<environment.Job instance at 0x7fc67ed36690>,19,21,[6 1],20,55,76,35,55
1,<environment.Job instance at 0x7fc67ed36dc0>,22,24,[7 5],23,84,108,61,79
1,<environment.Job instance at 0x7fc67ed36550>,24,28,[2 7],25,84,112,59,83
1,<environment.Job instance at 0x7fc67ed361e0>,25,28,[9 2],26,108,136,82,107
1,<environment.Job instance at 0x7fc67ee324b0>,26,22,[6 1],27,112,134,85,107
1,<environment.Job instance at 0x7fc67ecf3820>,3,2,[13  3],4,136,138,132,125
1,<environment.Job instance at 0x7fc67ee32f50>,30,20,[ 3 13],31,138,158,107,137
1,<environment.Job instance at 0x7fc67ee32eb0>,37,19,[10  5],38,158,177,120,148
1,<environment.Job instance at 0x7fc67ec81280>,4,25,[1 5],5,5,30,0,5
1,<environment.Job instance at 0x7fc6c9faf370>,2,21,[4 8],3,3,24,0,3
1,<environment.Job instance at 0x7fc67ec81c30>,5,25,[ 5 10],6,24,49,18,20
1,<environment.Job instance at 0x7fc6c9faf820>,4,21,[3 8],5,49,70,44,41
1,<environment.Job instance at 0x7fc67f127b40>,8,20,[14  4],9,70,90,61,61
1,<environment.Job instance at 0x7fc67f121140>,10,27,[ 4 10],11,90,117,79,88
1,<environment.Job instance at 0x7fc67f1211e0>,11,25,[12  4],12,117,142,105,113
1,<environment.Job instance at 0x7fc67f121320>,13,27,[3 8],14,117,144,103,115
1,<environment.Job instance at 0x7fc67f121460>,15,24,[8 4],16,142,166,126,137
1,<environment.Job instance at 0x7fc67f121640>,18,3,[13  2],19,166,169,147,152
1,<environment.Job instance at 0x7fc67f121cd0>,28,3,[5 5],29,183,186,154,183
1,<environment.Job instance at 0x7fc67f121e10>,30,26,[9 4],31,218,244,187,218
1,<environment.Job instance at 0x7fc67f1390a0>,34,22,[ 1 12],35,244,266,209,237
1,<environment.Job instance at 0x7fc67f139140>,35,20,[3 8],36,266,286,230,257
1,<environment.Job instance at 0x7fc67f139280>,36,26,[ 3 12],37,286,312,249,283
1,<environment.Job instance at 0x7fc6c4c44fa0>,2,23,[11  2],3,3,26,0,3
1,<environment.Job instance at 0x7fc67f139280>,4,19,[8 2],5,26,45,21,16
1,<environment.Job instance at 0x7fc6c7661820>,5,19,[14  4],6,45,64,39,35
1,<environment.Job instance at 0x7fc6c76616e0>,9,21,[9 2],10,64,85,54,56
1,<environment.Job instance at 0x7fc6c734e870>,0,22,[5 9],1,1,23,0,1
1,<environment.Job instance at 0x7fc6c734e690>,3,25,[12  3],4,23,48,19,19
1,<environment.Job instance at 0x7fc6c4ca9e10>,5,21,[7 1],6,48,69,42,40
1,<environment.Job instance at 0x7fc6c4acfe60>,2,1,[ 4 14],3,48,49,45,40
1,<environment.Job instance at 0x7fc6c4a8aa50>,10,1,[ 5 14],11,49,50,38,47
1,<environment.Job instance at 0x7fc6c4a8a320>,12,26,[ 4 10],13,50,76,37,47
1,<environment.Job instance at 0x7fc6c4a8a5f0>,15,24,[ 5 11],16,76,100,60,71
1,<environment.Job instance at 0x7fc6c716a550>,16,25,[7 3],17,71,96,54,71
1,<environment.Job instance at 0x7fc6c761c870>,19,27,[1 5],20,102,129,82,102
1,<environment.Job instance at 0x7fc6c4a8ad20>,8,2,[ 5 14],9,129,131,120,102
1,<environment.Job instance at 0x7fc6c761c6e0>,21,20,[2 9],22,102,122,80,102
1,<environment.Job instance at 0x7fc67f0db9b0>,23,27,[12  4],24,131,158,107,129
1,<environment.Job instance at 0x7fc6c4a8ab40>,13,2,[ 4 11],14,158,160,144,132
1,<environment.Job instance at 0x7fc6c4c6ef50>,1,20,[5 1],2,2,22,0,2
1,<environment.Job instance at 0x7fc6c47fe690>,6,21,[12  5],7,22,43,15,14
1,<environment.Job instance at 0x7fc6c47fe730>,9,24,[11  4],10,43,67,33,38
1,<environment.Job instance at 0x7fc67f2a42d0>,5,20,[4 7],6,43,63,37,41
1,<environment.Job instance at 0x7fc6c47fe910>,11,27,[5 1],12,67,94,55,65
1,<environment.Job instance at 0x7fc6c47fe500>,8,25,[6 1],9,67,92,58,65
1,<environment.Job instance at 0x7fc6c47fec30>,16,25,[8 3],17,92,117,75,88
1,<environment.Job instance at 0x7fc6c47fe9b0>,12,21,[1 6],13,88,109,75,88
1,<environment.Job instance at 0x7fc6c47fefa0>,21,19,[12  1],22,117,136,95,107
1,<environment.Job instance at 0x7fc6c47e9140>,24,21,[6 4],25,136,157,111,128
1,<environment.Job instance at 0x7fc6c47e9280>,26,25,[ 5 10],27,136,161,109,132
1,<environment.Job instance at 0x7fc6c47e9320>,27,26,[9 3],28,157,183,129,154
1,<environment.Job instance at 0x7fc6c47e93c0>,28,26,[ 1 12],29,161,187,132,158
1,<environment.Job instance at 0x7fc6c47e95a0>,31,12,[11  1],32,929,941,897,929
1,<environment.Job instance at 0x7fc67efe5050>,1,28,[ 5 12],2,2,30,0,2
1,<environment.Job instance at 0x7fc6c47e97d0>,2,28,[2 6],3,30,58,27,29
1,<environment.Job instance at 0x7fc6c6feb7d0>,6,23,[11  3],7,30,53,23,29
1,<environment.Job instance at 0x7fc6c47e9640>,4,28,[ 1 11],5,58,86,53,57
1,<environment.Job instance at 0x7fc67f277aa0>,15,27,[6 1],16,57,84,41,57
1,<environment.Job instance at 0x7fc67f228960>,16,22,[5 5],17,86,108,69,79
1,<environment.Job instance at 0x7fc6c4b352d0>,19,26,[2 7],20,86,112,66,83
1,<environment.Job instance at 0x7fc6c4b35fa0>,20,23,[10  3],21,108,131,87,102
1,<environment.Job instance at 0x7fc6c4b354b0>,22,1,[13  2],23,131,132,108,103
1,<environment.Job instance at 0x7fc6c4a50e60>,24,21,[8 1],25,132,153,107,124
1,<environment.Job instance at 0x7fc67f2dec80>,7,20,[ 2 13],8,15,35,7,15
1,<environment.Job instance at 0x7fc67f2deb90>,8,27,[4 9],9,35,62,26,33
1,<environment.Job instance at 0x7fc67f2dee60>,9,3,[ 2 13],10,66,69,56,66
1,<environment.Job instance at 0x7fc6c4b3f550>,1,25,[4 9],2,2,27,0,2
1,<environment.Job instance at 0x7fc6c4dadc80>,8,20,[5 6],9,14,34,5,14
1,<environment.Job instance at 0x7fc67f031af0>,15,20,[3 7],16,29,49,13,29
1,<environment.Job instance at 0x7fc67ebad320>,17,21,[1 7],18,40,61,22,40
1,<environment.Job instance at 0x7fc6c4d14b40>,5,22,[2 6],6,6,28,0,6
1,<environment.Job instance at 0x7fc6c4e754b0>,8,23,[5 5],9,9,32,0,9
1,<environment.Job instance at 0x7fc6c4b0b960>,15,22,[6 1],16,19,41,3,19
1,<environment.Job instance at 0x7fc6c4df5550>,21,17,[8 1],22,38,55,16,38
1,<environment.Job instance at 0x7fc6c7070c30>,22,23,[ 3 10],23,41,64,18,38
1,<environment.Job instance at 0x7fc6c7070640>,27,22,[5 7],28,67,89,39,67
1,<environment.Job instance at 0x7fc6c70709b0>,28,24,[ 1 14],29,89,113,60,84
1,<environment.Job instance at 0x7fc6c487d410>,34,23,[5 5],35,113,136,78,107
1,<environment.Job instance at 0x7fc6c487de10>,35,23,[ 2 12],36,136,159,100,130
1,<environment.Job instance at 0x7fc6c487d460>,37,25,[7 3],38,130,155,92,130
1,<environment.Job instance at 0x7fc6c487d550>,38,1,[12  5],39,159,160,120,155
1,<environment.Job instance at 0x7fc6c4e75c30>,12,12,[11  2],13,1176,1188,1163,1176
1,<environment.Job instance at 0x7fc6c487d1e0>,40,27,[5 2],41,1188,1215,1147,1186
1,<environment.Job instance at 0x7fc6c487dd70>,43,3,[ 3 10],44,1188,1191,1144,1188
1,<environment.Job instance at 0x7fc6c49e0a50>,47,21,[7 1],48,1188,1209,1140,1188
1,<environment.Job instance at 0x7fc6c9bcb190>,1,22,[10  5],2,2,24,0,2
1,<environment.Job instance at 0x7fc6c49e0190>,2,1,[ 5 14],3,24,25,21,8
1,<environment.Job instance at 0x7fc6c48cd460>,8,23,[2 5],9,25,48,16,19
1,<environment.Job instance at 0x7fc6c9bcb8c0>,0,20,[14  2],1,48,68,47,39
1,<environment.Job instance at 0x7fc6c48d1af0>,4,3,[3 7],5,7,10,2,7
1,<environment.Job instance at 0x7fc67f165320>,11,20,[9 5],12,29,49,17,29
1,<environment.Job instance at 0x7fc6c700b370>,2,23,[6 1],3,3,26,0,3
1,<environment.Job instance at 0x7fc67ed7d500>,10,26,[ 2 10],11,11,37,0,11
1,<environment.Job instance at 0x7fc6c757b910>,15,26,[ 5 13],16,37,63,21,34
1,<environment.Job instance at 0x7fc6c4b08dc0>,18,19,[8 1],19,51,70,32,51
1,<environment.Job instance at 0x7fc6c4b08140>,19,20,[5 5],20,63,83,43,54
1,<environment.Job instance at 0x7fc67ef968c0>,16,19,[6 2],17,70,89,53,62
1,<environment.Job instance at 0x7fc6c4b080f0>,23,23,[ 5 10],24,83,106,59,77
1,<environment.Job instance at 0x7fc6c47b4c80>,27,24,[10  4],28,89,113,61,84
1,<environment.Job instance at 0x7fc6c4ad05a0>,5,24,[12  4],6,6,30,0,6
1,<environment.Job instance at 0x7fc6c4ad0be0>,7,27,[9 5],8,30,57,22,28
1,<environment.Job instance at 0x7fc6c4ad04b0>,6,25,[6 3],7,30,55,23,28
1,<environment.Job instance at 0x7fc67efc2320>,25,19,[ 2 12],26,120,139,94,120
1,<environment.Job instance at 0x7fc67efcf0f0>,27,26,[12  4],28,139,165,111,136
1,<environment.Job instance at 0x7fc67efbf550>,2,20,[10  3],3,3,23,0,3
1,<environment.Job instance at 0x7fc6c7059550>,3,27,[7 2],4,23,50,19,21
1,<environment.Job instance at 0x7fc6c7059370>,5,21,[10  1],6,50,71,44,42
1,<environment.Job instance at 0x7fc6c759dc30>,8,22,[13  4],9,71,93,62,64
1,<environment.Job instance at 0x7fc67ef64320>,10,25,[12  1],11,93,118,82,89
1,<environment.Job instance at 0x7fc67ef646e0>,11,26,[10  2],12,118,144,106,115
1,<environment.Job instance at 0x7fc6c759daa0>,7,17,[ 1 12],8,2170,2187,2162,2170
1,<environment.Job instance at 0x7fc67ef64460>,15,22,[6 2],16,2170,2192,2154,2170
1,<environment.Job instance at 0x7fc67ef64f50>,16,26,[2 8],17,2187,2213,2170,2184
1,<environment.Job instance at 0x7fc6c4c81f00>,0,25,[5 8],1,1,26,0,1
1,<environment.Job instance at 0x7fc67f011aa0>,5,23,[7 1],6,6,29,0,6
1,<environment.Job instance at 0x7fc67f011e10>,7,26,[1 7],8,26,52,18,23
1,<environment.Job instance at 0x7fc67f011b90>,10,27,[ 1 14],11,52,79,41,50
1,<environment.Job instance at 0x7fc6c715b280>,13,28,[ 5 13],14,79,107,65,78
1,<environment.Job instance at 0x7fc6c715b6e0>,20,19,[4 5],21,107,126,86,97
1,<environment.Job instance at 0x7fc6c715b780>,21,1,[ 2 13],22,126,127,104,98
1,<environment.Job instance at 0x7fc6c715b820>,22,20,[5 9],23,127,147,104,118
1,<environment.Job instance at 0x7fc6c715baf0>,27,2,[11  1],28,147,149,119,143
1,<environment.Job instance at 0x7fc6c715bcd0>,30,19,[3 5],31,144,163,113,144
1,<environment.Job instance at 0x7fc6c715beb0>,33,25,[ 5 10],34,149,174,115,146
1,<environment.Job instance at 0x7fc6c715bfa0>,35,20,[ 4 11],36,174,194,138,165
1,<environment.Job instance at 0x7fc6c7056dc0>,3,26,[7 4],4,4,30,0,4
1,<environment.Job instance at 0x7fc6c4e85550>,6,22,[4 9],7,8,30,1,8
1,<environment.Job instance at 0x7fc6c4e85e10>,7,25,[5 8],8,30,55,22,26
1,<environment.Job instance at 0x7fc67ebb10f0>,15,21,[5 6],16,39,60,23,39
1,<environment.Job instance at 0x7fc67ebb1be0>,16,28,[ 3 11],17,60,88,43,59
1,<environment.Job instance at 0x7fc67f282280>,19,28,[6 3],20,59,87,39,59
1,<environment.Job instance at 0x7fc67eddeeb0>,6,28,[4 7],7,7,35,0,7
1,<environment.Job instance at 0x7fc6c7047230>,8,3,[ 4 13],9,35,38,26,31
1,<environment.Job instance at 0x7fc6c4b462d0>,17,24,[10  4],18,78,102,60,78
1,<environment.Job instance at 0x7fc67f3e3e10>,18,25,[5 1],19,78,103,59,78
1,<environment.Job instance at 0x7f696b19b1e0>,0,28,[9 3],1,1,29,0,1
1,<environment.Job instance at 0x7f696b1dee10>,2,22,[4 8],3,3,25,0,3
1,<environment.Job instance at 0x7f696b1de640>,1,22,[11  3],2,29,51,27,22
1,<environment.Job instance at 0x7f6965d8c640>,7,25,[6 2],8,51,76,43,47
1,<environment.Job instance at 0x7f6965d8c500>,5,24,[1 5],6,47,71,41,47
1,<environment.Job instance at 0x7f6965d8c6e0>,8,22,[14  3],9,76,98,67,69
1,<environment.Job instance at 0x7f6965d8c960>,12,26,[ 1 12],13,74,100,61,74
1,<environment.Job instance at 0x7f6965d8cc80>,17,28,[ 5 10],18,100,128,82,99
1,<environment.Job instance at 0x7f6965d8c780>,9,18,[ 2 13],10,2140,2158,2130,2140
1,<environment.Job instance at 0x7f6965da2d20>,0,19,[8 2],1,1,20,0,1
1,<environment.Job instance at 0x7f6965d8c780>,2,27,[5 6],3,3,30,0,3
1,<environment.Job instance at 0x7f696b1c2050>,3,24,[12  3],4,30,54,26,25
1,<environment.Job instance at 0x7f696b1c2f50>,7,23,[14  4],8,54,77,46,48
1,<environment.Job instance at 0x7f6965d97aa0>,4,22,[12  5],5,77,99,72,70
1,<environment.Job instance at 0x7f696b1c2870>,9,21,[ 1 10],10,70,91,60,70
1,<environment.Job instance at 0x7f696b1c2be0>,11,21,[6 5],12,99,120,87,91
1,<environment.Job instance at 0x7f696b1c20a0>,12,26,[ 5 12],13,120,146,107,117
1,<environment.Job instance at 0x7f692008c5f0>,2,24,[7 5],3,3,27,0,3
1,<environment.Job instance at 0x7f692008c550>,4,28,[2 7],5,5,33,0,5
1,<environment.Job instance at 0x7f692008c370>,5,28,[9 2],6,27,55,21,26
1,<environment.Job instance at 0x7f6920087fa0>,9,22,[2 7],10,33,55,23,26
1,<environment.Job instance at 0x7f69200875f0>,10,20,[ 3 13],11,55,75,44,50
1,<environment.Job instance at 0x7f6920087a00>,17,19,[10  5],18,75,94,57,65
1,<environment.Job instance at 0x7f69200870f0>,20,25,[6 2],21,94,119,73,90
1,<environment.Job instance at 0x7f696b313cd0>,0,25,[4 5],1,1,26,0,1
1,<environment.Job instance at 0x7f696b3137d0>,1,25,[6 3],2,2,27,0,2
1,<environment.Job instance at 0x7f696b313af0>,7,26,[ 1 13],8,27,53,19,24
1,<environment.Job instance at 0x7f696b313b90>,2,2,[11  1],3,50,52,47,50
1,<environment.Job instance at 0x7f696b313e60>,12,20,[2 6],13,53,73,40,53
1,<environment.Job instance at 0x7f691ffda190>,14,25,[2 8],15,53,78,38,53
1,<environment.Job instance at 0x7f691ffda780>,16,2,[ 5 13],17,78,80,61,65
1,<environment.Job instance at 0x7f691ffdab90>,17,24,[2 7],18,80,104,62,75
1,<environment.Job instance at 0x7f6920028f50>,4,2,[ 1 13],5,5,7,0,5
1,<environment.Job instance at 0x7f691ffda5a0>,5,1,[13  1],6,6,7,0,6
1,<environment.Job instance at 0x7f692048d640>,7,24,[1 8],8,8,32,0,8
1,<environment.Job instance at 0x7f692048d780>,9,21,[6 5],10,10,31,0,10
1,<environment.Job instance at 0x7f692048d9b0>,10,26,[ 1 11],11,32,58,21,29
1,<environment.Job instance at 0x7f692048ddc0>,15,28,[10  3],16,31,59,15,30
1,<environment.Job instance at 0x7f692048d870>,20,25,[14  4],21,59,84,38,55
1,<environment.Job instance at 0x7f692048daa0>,19,20,[5 1],20,84,104,64,75
1,<environment.Job instance at 0x7f6920486320>,23,3,[7 4],24,84,87,60,75
1,<environment.Job instance at 0x7f6920486460>,25,3,[10  2],26,87,90,61,77
1,<environment.Job instance at 0x7f6920486500>,26,24,[14  2],27,104,128,77,99
1,<environment.Job instance at 0x7f6920486640>,28,2,[ 2 12],29,128,130,99,122
1,<environment.Job instance at 0x7f6920486690>,29,23,[ 4 11],30,130,153,100,124
1,<environment.Job instance at 0x7f69204865a0>,27,3,[ 5 11],28,153,156,125,148
1,<environment.Job instance at 0x7f6920486a00>,31,23,[ 3 13],32,156,179,124,150
1,<environment.Job instance at 0x7f6920486b40>,34,24,[ 3 10],35,179,203,144,174
1,<environment.Job instance at 0x7f6920486910>,40,25,[5 8],41,203,228,162,199
1,<environment.Job instance at 0x7f69204840a0>,41,27,[7 4],42,199,226,157,199
1,<environment.Job instance at 0x7f6920484320>,43,21,[6 4],44,226,247,182,218
1,<environment.Job instance at 0x7f692018c190>,1,17,[ 1 14],2,1271,1288,1269,1271
1,<environment.Job instance at 0x7f6920484960>,52,23,[11  2],53,1288,1311,1235,1282
1,<environment.Job instance at 0x7f6920484a00>,53,12,[11  5],54,2538,2550,2484,2538
1,<environment.Job instance at 0x7f6920484aa0>,54,19,[8 2],55,2550,2569,2495,2540
1,<environment.Job instance at 0x7f6920484820>,55,19,[14  4],56,2569,2588,2513,2559
1,<environment.Job instance at 0x7f6920484c80>,8,26,[8 1],9,10,36,1,10
1,<environment.Job instance at 0x7f6920429be0>,0,15,[5 5],1,21,36,20,21
1,<environment.Job instance at 0x7f696af26690>,14,28,[6 1],15,39,67,24,39
1,<environment.Job instance at 0x7f696af26d70>,15,21,[10  2],16,67,88,51,59
1,<environment.Job instance at 0x7f696af266e0>,18,3,[ 1 13],19,66,69,47,66
1,<environment.Job instance at 0x7f696af26b90>,20,20,[ 1 10],21,69,89,48,67
1,<environment.Job instance at 0x7f696af26320>,21,22,[5 3],22,88,110,66,81
1,<environment.Job instance at 0x7f6965c49780>,25,22,[1 7],26,89,111,63,87
1,<environment.Job instance at 0x7f6965c49230>,26,20,[5 7],27,110,130,83,101
1,<environment.Job instance at 0x7f696a7c1a50>,4,26,[1 5],5,5,31,0,5
1,<environment.Job instance at 0x7f696a7c1820>,5,22,[11  4],6,6,28,0,6
1,<environment.Job instance at 0x7f6965b11320>,7,23,[ 4 10],8,28,51,20,22
1,<environment.Job instance at 0x7f696a7c1d20>,6,21,[11  3],7,31,52,24,23
1,<environment.Job instance at 0x7f696a7c1dc0>,12,2,[ 1 14],13,52,54,39,25
1,<environment.Job instance at 0x7f6920497640>,8,19,[14  3],9,54,73,45,49
1,<environment.Job instance at 0x7f696aac3f50>,16,23,[7 4],17,73,96,56,67
1,<environment.Job instance at 0x7f6920588640>,17,22,[9 4],18,96,118,78,89
1,<environment.Job instance at 0x7f696ad6cdc0>,23,20,[5 4],24,91,111,67,91
1,<environment.Job instance at 0x7f692024edc0>,24,28,[10  3],25,118,146,93,117
1,<environment.Job instance at 0x7f692024e960>,25,25,[12  3],26,146,171,120,142
1,<environment.Job instance at 0x7f692024e9b0>,26,20,[7 1],27,171,191,144,162
1,<environment.Job instance at 0x7f69202050a0>,27,20,[6 2],28,171,191,143,162
1,<environment.Job instance at 0x7f692055e140>,13,12,[13  2],14,2029,2041,2015,2029
1,<environment.Job instance at 0x7f6920583f00>,31,20,[5 1],32,2041,2061,2009,2032
1,<environment.Job instance at 0x7f696a599a00>,35,20,[4 7],36,2041,2061,2005,2033
1,<environment.Job instance at 0x7f696ab66c30>,36,21,[12  5],37,2061,2082,2024,2053
1,<environment.Job instance at 0x7f692003d690>,38,25,[6 1],39,2082,2107,2043,2078
1,<environment.Job instance at 0x7f692003d1e0>,39,24,[11  4],40,2107,2131,2067,2102
1,<environment.Job instance at 0x7f692003dd20>,41,27,[5 1],42,2131,2158,2089,2129
1,<environment.Job instance at 0x7f692003d820>,42,21,[1 6],43,2129,2150,2086,2129
1,<environment.Job instance at 0x7f69661da8c0>,0,20,[5 6],1,1,21,0,1
1,<environment.Job instance at 0x7f6920166a50>,5,26,[13  4],6,21,47,15,18
1,<environment.Job instance at 0x7f692003d820>,2,25,[13  4],3,47,72,44,43
1,<environment.Job instance at 0x7f6920166d70>,7,21,[ 2 13],8,72,93,64,64
1,<environment.Job instance at 0x7f692003d550>,1,1,[ 5 13],2,93,94,91,80
1,<environment.Job instance at 0x7f6920166f00>,11,24,[ 2 13],12,94,118,82,89
1,<environment.Job instance at 0x7f6965cdb1e0>,0,24,[11  5],1,1,25,0,1
1,<environment.Job instance at 0x7f6965cdb140>,7,27,[5 7],8,25,52,17,23
1,<environment.Job instance at 0x7f6965b54230>,9,21,[12  3],10,52,73,42,44
1,<environment.Job instance at 0x7f696a7e25f0>,1,25,[4 9],2,2,27,0,2
1,<environment.Job instance at 0x7f6965bfda50>,8,20,[5 6],9,9,29,0,9
1,<environment.Job instance at 0x7f692035ba50>,15,20,[3 7],16,31,51,15,31
1,<environment.Job instance at 0x7f692035b5a0>,17,21,[1 7],18,32,53,14,32
1,<environment.Job instance at 0x7f6920186c80>,5,22,[6 1],6,6,28,0,6
1,<environment.Job instance at 0x7f691fef7550>,12,23,[ 3 10],13,14,37,1,14
1,<environment.Job instance at 0x7f691fef7be0>,17,22,[5 7],18,43,65,25,43
1,<environment.Job instance at 0x7f691fef7cd0>,18,24,[ 1 14],19,65,89,46,60
1,<environment.Job instance at 0x7f691fed31e0>,24,23,[5 5],25,89,112,64,83
1,<environment.Job instance at 0x7f691fed3230>,25,23,[ 2 12],26,112,135,86,106
1,<environment.Job instance at 0x7f691fed33c0>,27,25,[7 3],28,106,131,78,106
1,<environment.Job instance at 0x7f691fed32d0>,28,1,[12  5],29,135,136,106,131
1,<environment.Job instance at 0x7f691fed3550>,30,27,[5 2],31,138,165,107,138
1,<environment.Job instance at 0x7f691fed39b0>,37,21,[7 1],38,157,178,119,157
1,<environment.Job instance at 0x7f691fed3b90>,3,25,[ 2 10],4,4,29,0,4
1,<environment.Job instance at 0x7f69202ede10>,7,19,[9 1],8,24,43,16,24
1,<environment.Job instance at 0x7f69202ed140>,14,25,[9 4],15,43,68,28,39
1,<environment.Job instance at 0x7f69202ed8c0>,17,23,[4 8],18,44,67,26,44
1,<environment.Job instance at 0x7f69202ed050>,19,27,[ 5 14],20,68,95,48,66
1,<environment.Job instance at 0x7f69202edf50>,22,20,[10  3],23,95,115,72,86
1,<environment.Job instance at 0x7f6965c64870>,24,26,[13  3],25,115,141,90,112
1,<environment.Job instance at 0x7f6965c64730>,25,23,[9 5],26,141,164,115,135
1,<environment.Job instance at 0x7f6965c640a0>,26,27,[7 3],27,164,191,137,162
1,<environment.Job instance at 0x7f69202ed500>,16,2,[12  3],17,191,193,174,167
1,<environment.Job instance at 0x7f6965c64af0>,30,25,[9 5],31,193,218,162,189
1,<environment.Job instance at 0x7f6965c64280>,29,18,[11  2],30,2027,2045,1997,2027
1,<environment.Job instance at 0x7f6965c64c30>,34,23,[6 1],35,2045,2068,2010,2039
1,<environment.Job instance at 0x7f6965c64320>,36,2,[ 4 14],37,2045,2047,2008,2040
1,<environment.Job instance at 0x7f6965c64460>,37,23,[10  3],38,2068,2091,2030,2062
1,<environment.Job instance at 0x7f6920012e10>,0,27,[5 2],1,1,28,0,1
1,<environment.Job instance at 0x7f6920417f00>,0,20,[8 3],1,1,21,0,1
1,<environment.Job instance at 0x7f69204174b0>,1,22,[5 2],2,2,24,0,2
1,<environment.Job instance at 0x7f696b3631e0>,2,23,[11  1],3,24,47,21,18
1,<environment.Job instance at 0x7f696a598d20>,7,28,[7 5],8,47,75,39,46
1,<environment.Job instance at 0x7f696acefcd0>,3,20,[6 2],4,47,67,43,46
1,<environment.Job instance at 0x7f696a584af0>,10,26,[13  1],11,75,101,64,72
1,<environment.Job instance at 0x7f696a584230>,9,2,[14  5],10,101,103,91,78
1,<environment.Job instance at 0x7f696a583e10>,15,20,[7 4],16,103,123,87,94
1,<environment.Job instance at 0x7f696a583eb0>,16,22,[1 5],17,94,116,77,94
1,<environment.Job instance at 0x7f696a583f50>,17,26,[ 5 12],18,123,149,105,120
1,<environment.Job instance at 0x7f696a583b90>,18,26,[2 8],19,149,175,130,146
1,<environment.Job instance at 0x7f6965b510a0>,4,23,[14  2],5,5,28,0,5
1,<environment.Job instance at 0x7f696a583b90>,5,24,[5 9],6,28,52,22,23
1,<environment.Job instance at 0x7f691fef3c80>,7,28,[ 2 11],8,52,80,44,51
1,<environment.Job instance at 0x7f696605a960>,10,23,[2 9],11,80,103,69,74
1,<environment.Job instance at 0x7f6965d11730>,13,2,[9 2],14,74,76,60,74
1,<environment.Job instance at 0x7f6965d11d70>,14,3,[6 2],15,76,79,61,74
1,<environment.Job instance at 0x7f696abbf9b0>,15,20,[1 5],16,80,100,64,74
1,<environment.Job instance at 0x7f696abbfbe0>,16,3,[13  3],17,100,103,83,85
1,<environment.Job instance at 0x7f696abbf640>,17,1,[ 4 14],18,103,104,85,87
1,<environment.Job instance at 0x7f69661645a0>,23,1,[ 5 13],24,104,105,80,102
1,<environment.Job instance at 0x7f691fe6bf50>,24,26,[4 8],25,105,131,80,102
1,<environment.Job instance at 0x7f6965d081e0>,26,20,[2 9],27,131,151,104,122
1,<environment.Job instance at 0x7f6965e126e0>,29,22,[2 9],30,151,173,121,144
1,<environment.Job instance at 0x7f69660517d0>,30,23,[ 5 11],31,173,196,142,167
1,<environment.Job instance at 0x7f6966051550>,31,24,[9 1],32,167,191,135,167
1,<environment.Job instance at 0x7f6920415fa0>,36,26,[11  3],37,196,222,159,193
1,<environment.Job instance at 0x7f6966171050>,37,1,[9 1],38,193,194,155,193
1,<environment.Job instance at 0x7f6966171f50>,38,24,[7 1],39,222,246,183,217
1,<environment.Job instance at 0x7f69661710f0>,40,19,[ 3 10],41,218,237,177,218
1,<environment.Job instance at 0x7f6966171870>,43,27,[7 2],44,237,264,193,235
1,<environment.Job instance at 0x7f691fd60c80>,1,1,[13  2],2,4,5,2,4
1,<environment.Job instance at 0x7f6966171960>,4,26,[4 7],5,5,31,0,5
1,<environment.Job instance at 0x7f691fd60910>,8,19,[5 9],9,31,50,22,21
1,<environment.Job instance at 0x7f691fd60aa0>,13,20,[ 1 14],14,50,70,36,45
1,<environment.Job instance at 0x7f691fd77230>,20,20,[ 5 13],21,70,90,49,62
1,<environment.Job instance at 0x7f691fd771e0>,27,19,[10  4],28,99,118,71,99
1,<environment.Job instance at 0x7f691fd77190>,28,2,[7 4],29,118,120,89,99
1,<environment.Job instance at 0x7f691fd77870>,29,24,[8 2],30,118,142,88,113
1,<environment.Job instance at 0x7f691fd77a00>,30,25,[5 8],31,120,145,89,116
1,<environment.Job instance at 0x7f6965fc7500>,0,23,[13  5],1,1,24,0,1
1,<environment.Job instance at 0x7f691fd77eb0>,1,28,[14  2],2,24,52,22,23
1,<environment.Job instance at 0x7f69204f2910>,6,22,[13  1],7,52,74,45,45
1,<environment.Job instance at 0x7f6965c219b0>,14,21,[10  2],15,74,95,59,66
1,<environment.Job instance at 0x7f69204f2cd0>,8,22,[ 2 12],9,66,88,57,66
1,<environment.Job instance at 0x7f6920342cd0>,13,20,[ 1 14],14,200,220,186,200
1,<environment.Job instance at 0x7f6920045410>,0,28,[4 9],1,1,29,0,1
1,<environment.Job instance at 0x7f696a6f6b40>,5,25,[7 4],6,6,31,0,6
1,<environment.Job instance at 0x7f696a8ea9b0>,2,19,[8 4],3,29,48,26,25
1,<environment.Job instance at 0x7f6965cd8cd0>,1,24,[ 5 13],2,48,72,46,43
1,<environment.Job instance at 0x7f69661be870>,8,25,[14  3],9,72,97,63,68
1,<environment.Job instance at 0x7f69201b00f0>,9,27,[14  3],10,97,124,87,95
1,<environment.Job instance at 0x7f696a6cb960>,16,28,[4 7],17,124,152,107,123
1,<environment.Job instance at 0x7f696a6cb190>,18,3,[ 4 13],19,155,158,136,155
1,<environment.Job instance at 0x7f6965bb6820>,4,26,[5 3],5,5,31,0,5
1,<environment.Job instance at 0x7f6965bb60a0>,5,27,[6 1],6,6,33,0,6
1,<environment.Job instance at 0x7f696a712aa0>,8,20,[9 1],9,31,51,22,22
1,<environment.Job instance at 0x7f6965bb68c0>,3,19,[ 1 11],4,40,59,36,40
1,<environment.Job instance at 0x7f696a7122d0>,13,20,[ 1 13],14,59,79,45,54
1,<environment.Job instance at 0x7f696a712960>,15,26,[12  4],16,79,105,63,76
1,<environment.Job instance at 0x7f696a93d0a0>,2,28,[ 1 12],3,4,32,1,4
1,<environment.Job instance at 0x7f696a93d050>,6,22,[3 5],7,32,54,25,25
1,<environment.Job instance at 0x7f696abbd2d0>,10,21,[2 8],11,32,53,21,25
1,<environment.Job instance at 0x7f696a637960>,12,24,[5 2],13,25,49,12,25
1,<environment.Job instance at 0x7f69204440f0>,14,1,[ 4 12],15,54,55,39,50
1,<environment.Job instance at 0x7f696a93dc30>,1,14,[1 9],2,55,69,53,55
1,<environment.Job instance at 0x7f6920414af0>,20,27,[14  1],21,55,82,34,55
1,<environment.Job instance at 0x7f6920414cd0>,21,26,[5 6],22,82,108,60,79
1,<environment.Job instance at 0x7f696b0d1a00>,25,26,[11  1],26,108,134,82,105
1,<environment.Job instance at 0x7f692004a8c0>,26,24,[12  2],27,134,158,107,129
1,<environment.Job instance at 0x7f6965f1a2d0>,28,22,[3 6],29,129,151,100,129
1,<environment.Job instance at 0x7f6965f1ab90>,30,3,[ 5 14],31,158,161,127,155
1,<environment.Job instance at 0x7f6965f1ae10>,32,20,[2 7],33,161,181,128,155
1,<environment.Job instance at 0x7f6965f1afa0>,35,23,[5 9],36,181,204,145,175
1,<environment.Job instance at 0x7f6965f1a3c0>,36,23,[9 5],37,175,198,138,175
1,<environment.Job instance at 0x7f6965f20140>,38,26,[ 4 12],39,204,230,165,201
1,<environment.Job instance at 0x7f6965f201e0>,39,1,[ 2 14],40,230,231,190,224
1,<environment.Job instance at 0x7f6965f200f0>,40,25,[12  5],41,231,256,190,227
1,<environment.Job instance at 0x7f6965f30c30>,44,20,[ 4 11],45,256,276,211,247
1,<environment.Job instance at 0x7f6965f306e0>,46,20,[8 2],47,256,276,209,247
1,<environment.Job instance at 0x7f6965f30410>,47,25,[8 5],48,276,301,228,272
1,<environment.Job instance at 0x7f6965f30fa0>,48,18,[11  3],49,396,414,347,396
1,<environment.Job instance at 0x7f6965f301e0>,49,27,[13  5],50,414,441,364,412
1,<environment.Job instance at 0x7f69204124b0>,50,22,[10  4],51,441,463,390,434
1,<environment.Job instance at 0x7f425d083190>,0,28,[9 3],1,1,29,0,1
1,<environment.Job instance at 0x7f425d0c6e10>,2,22,[4 8],3,3,25,0,3
1,<environment.Job instance at 0x7f425bf245a0>,6,20,[6 1],7,25,45,18,19
1,<environment.Job instance at 0x7f425bf24640>,7,25,[6 2],8,29,54,21,25
1,<environment.Job instance at 0x7f425bf246e0>,8,22,[14  3],9,54,76,45,47
1,<environment.Job instance at 0x7f425d0c6640>,1,22,[11  3],2,76,98,74,69
1,<environment.Job instance at 0x7f425bf24500>,5,24,[1 5],6,69,93,63,69
1,<environment.Job instance at 0x7f425bf24960>,12,26,[ 1 12],13,93,119,80,90
1,<environment.Job instance at 0x7f425bf24c80>,17,28,[ 5 10],18,119,147,101,118
1,<environment.Job instance at 0x7f425bf32050>,1,21,[6 5],2,2,23,0,2
1,<environment.Job instance at 0x7f425d0ad4b0>,2,26,[ 5 12],3,23,49,20,20
1,<environment.Job instance at 0x7f425d0aa9b0>,8,19,[9 2],9,20,39,11,20
1,<environment.Job instance at 0x7f425d0aa230>,12,27,[2 6],13,49,76,36,47
1,<environment.Job instance at 0x7f425d0aa690>,13,24,[ 2 14],14,76,100,62,71
1,<environment.Job instance at 0x7f425d0aa780>,14,22,[8 1],15,71,93,56,71
1,<environment.Job instance at 0x7f4211fa9f50>,0,25,[6 2],1,1,26,0,1
1,<environment.Job instance at 0x7f421200a690>,3,26,[11  5],4,26,52,22,23
1,<environment.Job instance at 0x7f421200ac30>,10,27,[14  3],11,52,79,41,50
1,<environment.Job instance at 0x7f421200a3c0>,11,20,[1 7],12,50,70,38,50
1,<environment.Job instance at 0x7f421200abe0>,12,26,[ 4 10],13,79,105,66,76
1,<environment.Job instance at 0x7f421200a6e0>,13,26,[8 3],14,79,105,65,76
1,<environment.Job instance at 0x7f421200a460>,16,22,[11  1],17,105,127,88,98
1,<environment.Job instance at 0x7f421200a910>,17,22,[ 1 13],18,105,127,87,102
1,<environment.Job instance at 0x7f421200a320>,20,23,[7 3],21,127,150,106,121
1,<environment.Job instance at 0x7f421200af00>,22,20,[9 3],23,150,170,127,141
1,<environment.Job instance at 0x7f4212037a00>,23,24,[14  3],24,170,194,146,165
1,<environment.Job instance at 0x7f42120376e0>,25,21,[12  3],26,194,215,168,186
1,<environment.Job instance at 0x7f4212037a50>,27,28,[4 5],28,215,243,187,214
1,<environment.Job instance at 0x7f4212037460>,29,22,[14  1],30,243,265,213,236
1,<environment.Job instance at 0x7f42120372d0>,30,3,[11  3],31,265,268,234,244
1,<environment.Job instance at 0x7f4212037be0>,31,27,[ 4 13],32,268,295,236,266
1,<environment.Job instance at 0x7f4212037eb0>,32,26,[8 4],33,295,321,262,292
1,<environment.Job instance at 0x7f421200a500>,15,19,[ 2 13],16,321,340,305,311
1,<environment.Job instance at 0x7f4212070190>,39,1,[5 4],40,311,312,271,311
1,<environment.Job instance at 0x7f4212070dc0>,40,25,[ 3 10],41,340,365,299,336
1,<environment.Job instance at 0x7f4212070e60>,41,1,[ 2 10],42,365,366,323,337
1,<environment.Job instance at 0x7f4212070140>,42,27,[3 9],43,366,393,323,364
1,<environment.Job instance at 0x7f421202beb0>,0,24,[9 1],1,1,25,0,1
1,<environment.Job instance at 0x7f42124269b0>,1,25,[7 1],2,25,50,23,21
1,<environment.Job instance at 0x7f421202bc30>,2,24,[12  5],3,50,74,47,45
1,<environment.Job instance at 0x7f4212423af0>,7,23,[2 9],8,45,68,37,45
1,<environment.Job instance at 0x7f421202ba00>,3,23,[10  2],4,74,97,70,68
1,<environment.Job instance at 0x7f4212423d20>,6,27,[ 4 14],7,97,124,90,95
1,<environment.Job instance at 0x7f4211f53410>,13,20,[8 1],14,97,117,83,96
1,<environment.Job instance at 0x7f4211f53b90>,14,1,[13  4],15,124,125,109,119
1,<environment.Job instance at 0x7f421207d730>,0,25,[5 8],1,1,26,0,1
1,<environment.Job instance at 0x7f4211f53370>,1,27,[7 4],2,2,29,0,2
1,<environment.Job instance at 0x7f421236faa0>,12,23,[11  2],13,29,52,16,23
1,<environment.Job instance at 0x7f421235d550>,15,19,[14  4],16,380,399,364,380
1,<environment.Job instance at 0x7f421235d6e0>,19,21,[9 2],20,399,420,379,391
1,<environment.Job instance at 0x7f425c0cf6e0>,0,1,[ 5 14],1,2,3,1,2
1,<environment.Job instance at 0x7f421235d690>,2,26,[ 4 10],3,3,29,0,3
1,<environment.Job instance at 0x7f425c0cfb40>,6,25,[7 3],7,7,32,0,7
1,<environment.Job instance at 0x7f425c0cf370>,5,24,[ 5 11],6,29,53,23,24
1,<environment.Job instance at 0x7f425c0cf910>,9,27,[1 5],10,53,80,43,51
1,<environment.Job instance at 0x7f425c0cf550>,3,2,[ 4 11],4,80,82,76,53
1,<environment.Job instance at 0x7f425c0cfeb0>,11,20,[2 9],12,53,73,41,53
1,<environment.Job instance at 0x7f425c0d7410>,13,27,[12  4],14,82,109,68,80
1,<environment.Job instance at 0x7f425c3e14b0>,0,2,[1 6],1,2,4,1,2
1,<environment.Job instance at 0x7f425c3e1dc0>,5,2,[ 4 12],6,8,10,2,8
1,<environment.Job instance at 0x7f425c28fbe0>,7,28,[3 6],8,10,38,2,9
1,<environment.Job instance at 0x7f425c1974b0>,14,28,[6 5],15,23,51,8,23
1,<environment.Job instance at 0x7f425c626960>,16,21,[7 3],17,38,59,21,30
1,<environment.Job instance at 0x7f425c2e7b40>,22,25,[4 6],23,72,97,49,72
1,<environment.Job instance at 0x7f425c5db820>,24,24,[7 5],25,72,96,47,72
1,<environment.Job instance at 0x7f42122395f0>,26,21,[14  1],27,97,118,70,89
1,<environment.Job instance at 0x7f425c28f960>,9,19,[13  1],10,121,140,111,121
1,<environment.Job instance at 0x7f4212239cd0>,29,24,[4 9],30,140,164,110,135
1,<environment.Job instance at 0x7f42123ebd20>,31,20,[6 3],32,140,160,108,135
1,<environment.Job instance at 0x7f425cbd8c80>,1,25,[ 2 14],2,3,28,1,3
1,<environment.Job instance at 0x7f42122641e0>,6,27,[10  1],7,8,35,1,8
1,<environment.Job instance at 0x7f42122644b0>,10,28,[13  5],11,35,63,24,34
1,<environment.Job instance at 0x7f4212264690>,11,19,[4 8],12,63,82,51,53
1,<environment.Job instance at 0x7f42122649b0>,14,2,[ 2 14],15,82,84,67,55
1,<environment.Job instance at 0x7f425beddeb0>,5,3,[ 3 14],6,84,87,78,79
1,<environment.Job instance at 0x7f4212264be0>,19,1,[ 3 12],20,87,88,67,80
1,<environment.Job instance at 0x7f4212264dc0>,23,23,[5 1],24,94,117,70,94
1,<environment.Job instance at 0x7f4212264f50>,26,26,[ 1 12],27,104,130,77,104
1,<environment.Job instance at 0x7f4212252190>,29,20,[3 8],30,130,150,100,121
1,<environment.Job instance at 0x7f4212252230>,30,24,[11  5],31,130,154,99,125
1,<environment.Job instance at 0x7f425c1f1af0>,0,28,[5 2],1,1,29,0,1
1,<environment.Job instance at 0x7f4212252730>,2,24,[8 1],3,3,27,0,3
1,<environment.Job instance at 0x7f42123fbaf0>,7,27,[9 4],8,27,54,19,25
1,<environment.Job instance at 0x7f425c2e30a0>,4,26,[5 7],5,29,55,24,26
1,<environment.Job instance at 0x7f42123fbf00>,9,26,[7 3],10,54,80,44,51
1,<environment.Job instance at 0x7f425bee5b40>,14,2,[13  2],15,80,82,65,53
1,<environment.Job instance at 0x7f425bee5910>,17,20,[10  2],18,82,102,64,73
1,<environment.Job instance at 0x7f425bee53c0>,21,25,[4 9],22,87,112,65,87
1,<environment.Job instance at 0x7f425bee5b90>,13,2,[14  5],14,112,114,98,109
1,<environment.Job instance at 0x7f4211ecb5f0>,28,20,[5 6],29,114,134,85,110
1,<environment.Job instance at 0x7f425c7033c0>,35,20,[3 7],36,151,171,115,151
1,<environment.Job instance at 0x7f425ca70960>,37,21,[1 7],38,168,189,130,168
1,<environment.Job instance at 0x7f425becad70>,5,22,[2 6],6,6,28,0,6
1,<environment.Job instance at 0x7f425c3bf5f0>,8,23,[5 5],9,9,32,0,9
1,<environment.Job instance at 0x7f425beca640>,11,2,[2 7],12,28,30,16,13
1,<environment.Job instance at 0x7f421251bb90>,13,3,[9 1],14,30,33,16,15
1,<environment.Job instance at 0x7f421251bf50>,15,22,[6 1],16,32,54,16,25
1,<environment.Job instance at 0x7f425c8dac80>,22,23,[ 3 10],23,47,70,24,47
1,<environment.Job instance at 0x7f425c5eeaf0>,27,22,[5 7],28,77,99,49,77
1,<environment.Job instance at 0x7f421261ef00>,28,24,[ 1 14],29,99,123,70,94
1,<environment.Job instance at 0x7f425c3bef50>,34,23,[5 5],35,123,146,88,117
1,<environment.Job instance at 0x7f4211e87910>,35,23,[ 2 12],36,146,169,110,140
1,<environment.Job instance at 0x7f4211e871e0>,37,25,[7 3],38,140,165,102,140
1,<environment.Job instance at 0x7f4211e87f50>,38,1,[12  5],39,169,170,130,157
1,<environment.Job instance at 0x7f425c5ddbe0>,12,12,[11  2],13,2642,2654,2629,2642
1,<environment.Job instance at 0x7f421244e320>,40,27,[5 2],41,2654,2681,2613,2652
1,<environment.Job instance at 0x7f421244ee10>,43,3,[ 3 10],44,2654,2657,2610,2654
1,<environment.Job instance at 0x7f421244e410>,46,12,[5 1],47,2655,2667,2608,2655
1,<environment.Job instance at 0x7f421244e960>,47,21,[7 1],48,2667,2688,2619,2659
1,<environment.Job instance at 0x7f421244e4b0>,48,2,[8 5],49,2681,2683,2632,2659
1,<environment.Job instance at 0x7f421244ecd0>,3,25,[ 2 10],4,4,29,0,4
1,<environment.Job instance at 0x7f42123990f0>,7,19,[9 1],8,21,40,13,21
1,<environment.Job instance at 0x7f4212399aa0>,14,25,[9 4],15,40,65,25,36
1,<environment.Job instance at 0x7f4212381370>,17,23,[4 8],18,36,59,18,36
1,<environment.Job instance at 0x7f4212381500>,19,27,[ 5 14],20,65,92,45,63
1,<environment.Job instance at 0x7f4212399820>,16,2,[12  3],17,92,94,75,89
1,<environment.Job instance at 0x7f42123817d0>,22,20,[10  3],23,94,114,71,89
1,<environment.Job instance at 0x7f42123818c0>,24,26,[13  3],25,114,140,89,111
1,<environment.Job instance at 0x7f4212381960>,25,23,[9 5],26,140,163,114,134
1,<environment.Job instance at 0x7f4212381820>,26,27,[7 3],27,163,190,136,161
1,<environment.Job instance at 0x7f4212381640>,28,19,[3 8],29,161,180,132,161
1,<environment.Job instance at 0x7f4212381b90>,30,25,[9 5],31,190,215,159,186
1,<environment.Job instance at 0x7f425c09daf0>,1,22,[8 3],2,2,24,0,2
1,<environment.Job instance at 0x7f4211eb5c80>,4,21,[5 8],5,5,26,0,5
1,<environment.Job instance at 0x7f4211eb5820>,5,21,[11  3],6,26,47,20,18
1,<environment.Job instance at 0x7f4211eb3eb0>,13,24,[2 8],14,26,50,12,21
1,<environment.Job instance at 0x7f4211eb33c0>,14,24,[5 7],15,47,71,32,42
1,<environment.Job instance at 0x7f4211fe0910>,2,23,[7 1],3,3,26,0,3
1,<environment.Job instance at 0x7f4211fe0a00>,6,24,[14  5],7,26,50,19,21
1,<environment.Job instance at 0x7f4211fe0730>,7,25,[ 4 12],8,50,75,42,46
1,<environment.Job instance at 0x7f425bff6820>,0,23,[ 5 11],1,1,24,0,1
1,<environment.Job instance at 0x7f4211fe0140>,1,24,[9 1],2,2,26,0,2
1,<environment.Job instance at 0x7f4211c98870>,6,26,[11  3],7,26,52,19,23
1,<environment.Job instance at 0x7f4211c98410>,8,24,[7 1],9,52,76,43,47
1,<environment.Job instance at 0x7f425beecc30>,10,19,[ 3 10],11,47,66,36,47
1,<environment.Job instance at 0x7f425d0a6dc0>,12,20,[10  3],13,76,96,63,67
1,<environment.Job instance at 0x7f425d0a6690>,13,27,[7 2],14,96,123,82,94
1,<environment.Job instance at 0x7f425bf701e0>,15,21,[10  1],16,123,144,107,115
1,<environment.Job instance at 0x7f425bf705a0>,18,22,[13  4],19,144,166,125,137
1,<environment.Job instance at 0x7f425c13b7d0>,3,28,[ 5 13],4,4,32,0,4
1,<environment.Job instance at 0x7f425bff6f00>,11,1,[ 2 13],12,32,33,20,20
1,<environment.Job instance at 0x7f425bff6a50>,12,20,[5 9],13,33,53,20,24
1,<environment.Job instance at 0x7f425bff6320>,10,19,[4 5],11,33,52,22,24
1,<environment.Job instance at 0x7f425c197500>,17,2,[11  1],18,53,55,35,26
1,<environment.Job instance at 0x7f425be37960>,20,19,[3 5],21,52,71,31,44
1,<environment.Job instance at 0x7f425c2e4cd0>,23,25,[ 5 10],24,55,80,31,51
1,<environment.Job instance at 0x7f425cb0bc30>,25,20,[ 4 11],26,80,100,54,71
1,<environment.Job instance at 0x7f425caafc30>,0,27,[ 1 14],1,100,127,99,98
1,<environment.Job instance at 0x7f425bf326e0>,30,21,[9 1],31,98,119,67,98
1,<environment.Job instance at 0x7f425bf32c80>,32,25,[10  4],33,127,152,94,123
1,<environment.Job instance at 0x7f425c6a95a0>,38,20,[12  2],39,152,172,113,143
1,<environment.Job instance at 0x7f425c6a9960>,40,28,[8 4],41,172,200,131,171
1,<environment.Job instance at 0x7f425c832280>,1,25,[2 8],2,2,27,0,2
1,<environment.Job instance at 0x7f4211d0f050>,12,22,[6 2],13,15,37,2,15
1,<environment.Job instance at 0x7f4211e306e0>,16,22,[1 8],17,49,71,32,49
1,<environment.Job instance at 0x7f4211e30d20>,17,23,[3 5],18,49,72,31,49
1,<environment.Job instance at 0x7f4212568960>,1,24,[1 9],2,2,26,0,2
1,<environment.Job instance at 0x7f425c01a050>,12,19,[ 4 10],13,26,45,13,21
1,<environment.Job instance at 0x7f425c82f3c0>,7,20,[10  4],8,8,28,0,8
1,<environment.Job instance at 0x7f425cb9fdc0>,8,26,[ 5 10],9,9,35,0,9
1,<environment.Job instance at 0x7f425c7c5dc0>,9,27,[2 7],10,35,62,25,33
1,<environment.Job instance at 0x7f425c82f500>,10,20,[2 6],11,35,55,24,33
1,<environment.Job instance at 0x7f425bf32be0>,15,26,[11  4],16,55,81,39,52
1,<environment.Job instance at 0x7f425c3e1dc0>,1,24,[5 3],2,2,26,0,2
1,<environment.Job instance at 0x7f425c7c5780>,5,25,[2 6],6,6,31,0,6
1,<environment.Job instance at 0x7f4211ce1370>,8,28,[4 6],9,9,37,0,9
1,<environment.Job instance at 0x7f4211ce1cd0>,11,23,[ 1 10],12,37,60,25,31
1,<environment.Job instance at 0x7f4211d36b40>,14,28,[4 7],15,60,88,45,59
1,<environment.Job instance at 0x7f4211ce1e10>,4,19,[12  3],5,88,107,83,78
1,<environment.Job instance at 0x7f4211d36a00>,16,24,[11  4],17,107,131,90,102
1,<environment.Job instance at 0x7f4211d36a50>,20,24,[9 4],21,131,155,110,126
1,<environment.Job instance at 0x7f4211d36e10>,24,21,[3 7],25,126,147,101,126
1,<environment.Job instance at 0x7f4211d36820>,25,12,[ 2 12],26,162,174,136,162
1,<environment.Job instance at 0x7f4211cbdbe0>,31,16,[12  1],32,252,268,220,252
1,<environment.Job instance at 0x7f425c5889b0>,0,22,[ 2 12],1,1,23,0,1
1,<environment.Job instance at 0x7f4211cbd910>,2,20,[12  3],3,11,31,8,11
1,<environment.Job instance at 0x7f425c946e60>,7,26,[ 3 14],8,31,57,23,28
1,<environment.Job instance at 0x7f4211feeaa0>,9,26,[1 5],10,57,83,47,54
1,<environment.Job instance at 0x7f4211daaf00>,11,18,[11  2],12,355,373,343,355
1,<environment.Job instance at 0x7f4211feeaf0>,14,23,[7 1],15,373,396,358,367
1,<environment.Job instance at 0x7fd5ea5fe280>,0,28,[9 3],1,1,29,0,1
1,<environment.Job instance at 0x7fd5ea686820>,2,22,[4 8],3,3,25,0,3
1,<environment.Job instance at 0x7fd5ea5fe190>,1,22,[11  3],2,29,51,27,22
1,<environment.Job instance at 0x7fd5e51ee640>,7,25,[6 2],8,51,76,43,47
1,<environment.Job instance at 0x7fd5e51ee5a0>,6,20,[6 1],7,51,71,44,47
1,<environment.Job instance at 0x7fd5e51ee500>,5,24,[1 5],6,61,85,55,61
1,<environment.Job instance at 0x7fd5e51ee6e0>,8,22,[14  3],9,76,98,67,69
1,<environment.Job instance at 0x7fd5e51ee960>,12,26,[ 1 12],13,88,114,75,88
1,<environment.Job instance at 0x7fd5e51eec80>,17,28,[ 5 10],18,114,142,96,113
1,<environment.Job instance at 0x7fd5e5205f50>,2,27,[2 6],3,3,30,0,3
1,<environment.Job instance at 0x7fd5e51eec80>,4,22,[8 1],5,5,27,0,5
1,<environment.Job instance at 0x7fd5ea625640>,7,1,[ 4 11],8,30,31,22,10
1,<environment.Job instance at 0x7fd5ea6259b0>,11,22,[7 5],12,31,53,19,24
1,<environment.Job instance at 0x7fd5ea625f00>,8,23,[ 2 14],9,53,76,44,47
1,<environment.Job instance at 0x7fd5ea625730>,14,28,[5 6],15,76,104,61,75
1,<environment.Job instance at 0x7fd5e51eeb90>,3,24,[ 2 14],4,104,128,100,99
1,<environment.Job instance at 0x7fd5ea625b40>,17,20,[14  5],18,128,148,110,119
1,<environment.Job instance at 0x7fd5ea76beb0>,19,3,[ 1 12],20,148,151,128,146
1,<environment.Job instance at 0x7fd5ea625870>,16,19,[11  3],17,148,167,131,147
1,<environment.Job instance at 0x7fd5ea76b140>,22,22,[4 8],23,151,173,128,147
1,<environment.Job instance at 0x7fd5ea76b960>,23,25,[6 1],24,167,192,143,163
1,<environment.Job instance at 0x7fd5ea76b9b0>,24,20,[ 1 14],25,173,193,148,166
1,<environment.Job instance at 0x7fd5ea770b90>,29,23,[ 1 14],30,193,216,163,187
1,<environment.Job instance at 0x7fd59f5cf2d0>,0,23,[7 3],1,1,24,0,1
1,<environment.Job instance at 0x7fd59f5cf050>,5,21,[12  3],6,24,45,18,17
1,<environment.Job instance at 0x7fd59f5cff50>,7,28,[4 5],8,45,73,37,44
1,<environment.Job instance at 0x7fd5ea770820>,2,20,[9 3],3,45,65,42,45
1,<environment.Job instance at 0x7fd59f5cfbe0>,10,3,[11  3],11,65,68,54,51
1,<environment.Job instance at 0x7fd59f5cf460>,11,27,[ 4 13],12,73,100,61,71
1,<environment.Job instance at 0x7fd59f5cf370>,12,26,[8 4],13,100,126,87,97
1,<environment.Job instance at 0x7fd59f5cf0f0>,3,24,[14  3],4,126,150,122,121
1,<environment.Job instance at 0x7fd59f5cf960>,9,22,[14  1],10,150,172,140,143
1,<environment.Job instance at 0x7fd59f5d0870>,20,25,[ 3 10],21,172,197,151,170
1,<environment.Job instance at 0x7fd59f5d0d70>,22,27,[3 9],23,197,224,174,195
1,<environment.Job instance at 0x7fd59f5d0e10>,25,24,[1 5],26,195,219,169,195
1,<environment.Job instance at 0x7fd59f5d02d0>,26,23,[3 6],27,219,242,192,213
1,<environment.Job instance at 0x7fd59f5d05a0>,28,21,[8 3],29,224,245,195,216
1,<environment.Job instance at 0x7fd59f5d00f0>,29,26,[9 4],30,245,271,215,242
1,<environment.Job instance at 0x7fd59f5d0410>,34,25,[1 5],35,249,274,214,249
1,<environment.Job instance at 0x7fd59f5ed9b0>,2,21,[4 8],3,3,24,0,3
1,<environment.Job instance at 0x7fd59f5edf50>,5,25,[ 5 10],6,24,49,18,20
1,<environment.Job instance at 0x7fd5ea76b0a0>,4,21,[3 8],5,49,70,44,41
1,<environment.Job instance at 0x7fd5ea76bf00>,10,27,[ 4 10],11,70,97,59,68
1,<environment.Job instance at 0x7fd5ea76bbe0>,11,25,[12  4],12,97,122,85,93
1,<environment.Job instance at 0x7fd59f4f7e10>,13,27,[3 8],14,97,124,83,95
1,<environment.Job instance at 0x7fd59f4f73c0>,15,24,[8 4],16,122,146,106,117
1,<environment.Job instance at 0x7fd59f4f7b40>,18,3,[13  2],19,146,149,127,146
1,<environment.Job instance at 0x7fd5ea76b960>,8,20,[14  4],9,150,170,141,150
1,<environment.Job instance at 0x7fd59f4f7690>,30,26,[9 4],31,174,200,143,174
1,<environment.Job instance at 0x7fd59f4a4780>,34,22,[ 1 12],35,200,222,165,193
1,<environment.Job instance at 0x7fd59f4a4d20>,35,20,[3 8],36,222,242,186,213
1,<environment.Job instance at 0x7fd59f4a4a50>,36,26,[ 3 12],37,242,268,205,239
1,<environment.Job instance at 0x7fd5ea764b90>,3,24,[11  3],4,4,28,0,4
1,<environment.Job instance at 0x7fd59f40db40>,7,23,[10  3],8,28,51,20,22
1,<environment.Job instance at 0x7fd59f40deb0>,12,24,[7 5],13,51,75,38,46
1,<environment.Job instance at 0x7fd59f40df50>,13,20,[14  5],14,75,95,61,66
1,<environment.Job instance at 0x7fd59f40dd70>,16,27,[5 5],17,95,122,78,93
1,<environment.Job instance at 0x7fd5ea764050>,0,2,[13  5],1,122,124,121,98
1,<environment.Job instance at 0x7fd59f40f690>,23,18,[4 9],24,129,147,105,129
1,<environment.Job instance at 0x7fd59f891f00>,4,26,[1 5],5,5,31,0,5
1,<environment.Job instance at 0x7fd59fadbaf0>,5,22,[11  4],6,6,28,0,6
1,<environment.Job instance at 0x7fd59fadb8c0>,7,23,[ 4 10],8,28,51,20,22
1,<environment.Job instance at 0x7fd59f891aa0>,6,21,[11  3],7,31,52,24,23
1,<environment.Job instance at 0x7fd59fadb730>,12,2,[ 1 14],13,52,54,39,51
1,<environment.Job instance at 0x7fd59fadb820>,8,19,[14  3],9,54,73,45,51
1,<environment.Job instance at 0x7fd59fadb690>,16,23,[7 4],17,73,96,56,67
1,<environment.Job instance at 0x7fd59fadb190>,17,22,[9 4],18,96,118,78,89
1,<environment.Job instance at 0x7fd5e50c25a0>,23,20,[5 4],24,106,126,82,106
1,<environment.Job instance at 0x7fd5e50c2d20>,24,28,[10  3],25,118,146,93,117
1,<environment.Job instance at 0x7fd5e50c2f50>,25,25,[12  3],26,146,171,120,142
1,<environment.Job instance at 0x7fd5e50c2fa0>,26,20,[7 1],27,171,191,144,162
1,<environment.Job instance at 0x7fd5e50c2cd0>,27,20,[6 2],28,171,191,143,162
1,<environment.Job instance at 0x7fd5e5c99500>,1,28,[ 5 12],2,2,30,0,2
1,<environment.Job instance at 0x7fd5e54d45f0>,6,23,[11  3],7,30,53,23,24
1,<environment.Job instance at 0x7fd59fa882d0>,2,28,[2 6],3,30,58,27,29
1,<environment.Job instance at 0x7fd59fa88be0>,4,28,[ 1 11],5,58,86,53,57
1,<environment.Job instance at 0x7fd5e549aaf0>,15,27,[6 1],16,60,87,44,60
1,<environment.Job instance at 0x7fd5e549ad70>,16,22,[5 5],17,86,108,69,79
1,<environment.Job instance at 0x7fd5e549aaa0>,19,26,[2 7],20,86,112,66,83
1,<environment.Job instance at 0x7fd5e549a3c0>,20,23,[10  3],21,108,131,87,102
1,<environment.Job instance at 0x7fd59fadd320>,22,1,[13  2],23,131,132,108,112
1,<environment.Job instance at 0x7fd59f4b6d20>,24,21,[8 1],25,132,153,107,124
1,<environment.Job instance at 0x7fd5e5843140>,25,18,[11  1],26,2177,2195,2151,2177
1,<environment.Job instance at 0x7fd59f4b6aa0>,26,19,[3 6],27,2177,2196,2150,2177
1,<environment.Job instance at 0x7fd5e5544460>,30,22,[ 1 12],31,2196,2218,2165,2189
1,<environment.Job instance at 0x7fd5e55f1eb0>,0,24,[7 3],1,1,25,0,1
1,<environment.Job instance at 0x7fd5e5ea1640>,2,26,[5 8],3,3,29,0,3
1,<environment.Job instance at 0x7fd59f4f9910>,6,2,[ 5 13],7,29,31,22,18
1,<environment.Job instance at 0x7fd5e55f1f50>,4,23,[1 5],5,31,54,26,25
1,<environment.Job instance at 0x7fd59f4f9b40>,10,21,[13  2],11,31,52,20,25
1,<environment.Job instance at 0x7fd59f50a3c0>,21,23,[13  3],22,52,75,30,51
1,<environment.Job instance at 0x7fd59f4f99b0>,7,13,[ 1 14],8,909,922,901,909
1,<environment.Job instance at 0x7fd59f50a500>,23,13,[11  1],24,1009,1022,985,1009
1,<environment.Job instance at 0x7fd59f50a5a0>,24,21,[6 5],25,1022,1043,997,1014
1,<environment.Job instance at 0x7fd59f50a730>,26,26,[7 4],27,1022,1048,995,1019
1,<environment.Job instance at 0x7fd59f49e230>,0,24,[4 5],1,1,25,0,1
1,<environment.Job instance at 0x7fd59f50a730>,3,25,[ 5 10],4,4,29,0,4
1,<environment.Job instance at 0x7fd59f9a8f50>,8,27,[7 4],9,25,52,16,23
1,<environment.Job instance at 0x7fd5e4f5f190>,1,22,[10  5],2,2,24,0,2
1,<environment.Job instance at 0x7fd5e5095780>,2,1,[ 5 14],3,24,25,21,6
1,<environment.Job instance at 0x7fd5e53fe460>,8,23,[2 5],9,25,48,16,19
1,<environment.Job instance at 0x7fd5e59377d0>,0,20,[14  2],1,48,68,47,39
1,<environment.Job instance at 0x7fd5e4fb6820>,0,27,[5 2],1,1,28,0,1
1,<environment.Job instance at 0x7fd5e560cd70>,2,23,[7 1],3,3,26,0,3
1,<environment.Job instance at 0x7fd5e560cb90>,6,24,[14  5],7,26,50,19,21
1,<environment.Job instance at 0x7fd5e560c5a0>,7,25,[ 4 12],8,50,75,42,46
1,<environment.Job instance at 0x7fd5e58a2b40>,11,18,[ 2 11],12,1971,1989,1959,1971
1,<environment.Job instance at 0x7fd5e55ac730>,2,20,[10  3],3,3,23,0,3
1,<environment.Job instance at 0x7fd5e568eaf0>,3,27,[7 2],4,23,50,19,21
1,<environment.Job instance at 0x7fd5e568e5f0>,5,21,[10  1],6,50,71,44,42
1,<environment.Job instance at 0x7fd5e50d6960>,8,22,[13  4],9,71,93,62,64
1,<environment.Job instance at 0x7fd5e50d6550>,10,25,[12  1],11,93,118,82,89
1,<environment.Job instance at 0x7fd5e50d67d0>,11,26,[10  2],12,118,144,106,115
1,<environment.Job instance at 0x7fd59f574f00>,0,19,[3 5],1,2,21,1,2
1,<environment.Job instance at 0x7fd5e50d6d70>,3,25,[ 5 10],4,4,29,0,4
1,<environment.Job instance at 0x7fd5e5e77320>,10,21,[9 1],11,21,42,10,14
1,<environment.Job instance at 0x7fd5e5e9f140>,12,25,[10  4],13,42,67,29,38
1,<environment.Job instance at 0x7fd5e5e8b960>,5,20,[ 4 11],6,38,58,32,38
1,<environment.Job instance at 0x7fd5e5e9f730>,20,28,[8 4],21,67,95,46,66
1,<environment.Job instance at 0x7fd5e5e9f9b0>,18,20,[12  2],19,95,115,76,86
1,<environment.Job instance at 0x7fd5e5b11fa0>,0,26,[5 7],1,1,27,0,1
1,<environment.Job instance at 0x7fd59f708870>,5,25,[1 6],6,7,32,1,7
1,<environment.Job instance at 0x7fd5e5b116e0>,4,20,[5 9],5,27,47,22,18
1,<environment.Job instance at 0x7fd5e51e1be0>,9,27,[5 9],10,47,74,37,45
1,<environment.Job instance at 0x7fd5e51e1230>,13,28,[ 3 14],14,74,102,60,73
1,<environment.Job instance at 0x7fd59fa92780>,12,26,[ 1 12],13,102,128,89,99
1,<environment.Job instance at 0x7fd5e4f53320>,18,24,[ 5 13],19,128,152,109,123
1,<environment.Job instance at 0x7fd5e5576500>,19,23,[8 5],20,152,175,132,146
1,<environment.Job instance at 0x7fd5e5576780>,20,28,[4 9],21,152,180,131,151
1,<environment.Job instance at 0x7fd5e538b0a0>,21,24,[ 5 13],22,180,204,158,175
1,<environment.Job instance at 0x7fd5e4fa2e60>,22,19,[8 4],23,204,223,181,194
1,<environment.Job instance at 0x7fd5e4fa2aa0>,25,25,[7 4],26,204,229,178,200
1,<environment.Job instance at 0x7fd5e5100b90>,28,25,[14  3],29,229,254,200,225
1,<environment.Job instance at 0x7fd5e56d5d70>,29,27,[14  3],30,254,281,224,252
1,<environment.Job instance at 0x7fd5e5576a50>,17,20,[12  1],18,281,301,263,272
1,<environment.Job instance at 0x7fd5e517b2d0>,36,28,[4 7],37,301,329,264,300
1,<environment.Job instance at 0x7fd5e517b140>,38,3,[ 4 13],39,375,378,336,375
1,<environment.Job instance at 0x7fd59f38c2d0>,4,26,[5 3],5,5,31,0,5
1,<environment.Job instance at 0x7fd59f8228c0>,5,27,[6 1],6,6,33,0,6
1,<environment.Job instance at 0x7fd5e517bf00>,8,20,[9 1],9,31,51,22,22
1,<environment.Job instance at 0x7fd59f270cd0>,13,20,[ 1 13],14,33,53,19,31
1,<environment.Job instance at 0x7fd59f822e60>,3,19,[ 1 11],4,53,72,49,52
1,<environment.Job instance at 0x7fd59f270690>,15,26,[12  4],16,53,79,37,52
1,<environment.Job instance at 0x7fd59f23a230>,0,27,[14  1],1,1,28,0,1
1,<environment.Job instance at 0x7fd59f270dc0>,1,26,[5 6],2,28,54,26,25
1,<environment.Job instance at 0x7fd59fb7d640>,5,26,[11  1],6,54,80,48,51
1,<environment.Job instance at 0x7fd59f974be0>,6,24,[12  2],7,80,104,73,75
1,<environment.Job instance at 0x7fd59f974aa0>,8,22,[3 6],9,75,97,66,75
1,<environment.Job instance at 0x7fd59f974690>,12,20,[2 7],13,97,117,84,88
1,<environment.Job instance at 0x7fd59f9740a0>,15,23,[5 9],16,117,140,101,111
1,<environment.Job instance at 0x7fd59f993a50>,16,23,[9 5],17,111,134,94,111
1,<environment.Job instance at 0x7fd59f9744b0>,18,26,[ 4 12],19,140,166,121,137
1,<environment.Job instance at 0x7fd59f988690>,20,25,[12  5],21,166,191,145,162
1,<environment.Job instance at 0x7fd59f980370>,21,20,[10  5],22,191,211,169,182
1,<environment.Job instance at 0x7fd59f988a50>,19,1,[ 2 14],20,211,212,191,202
1,<environment.Job instance at 0x7fd59f99aaa0>,24,20,[ 4 11],25,212,232,187,203
1,<environment.Job instance at 0x7fd59f99ab40>,26,20,[8 2],27,212,232,185,205
1,<environment.Job instance at 0x7fd59f99abe0>,27,25,[8 5],28,232,257,204,228
1,<environment.Job instance at 0x7fd59f974fa0>,10,3,[ 5 14],11,264,267,253,264
1,<environment.Job instance at 0x7fd59f99ae10>,29,27,[13  5],30,267,294,237,265
1,<environment.Job instance at 0x7fd59f99af00>,30,22,[10  4],31,294,316,263,287
1,<environment.Job instance at 0x7fd5ea770af0>,5,22,[14  4],6,6,28,0,6
1,<environment.Job instance at 0x7fd5e52af9b0>,13,23,[14  5],14,28,51,14,22
1,<environment.Job instance at 0x7fd59f4954b0>,9,2,[ 2 11],10,51,53,41,43
1,<environment.Job instance at 0x7fd59f7d2aa0>,20,25,[ 4 10],21,53,78,32,49
1,<environment.Job instance at 0x7fd59f7d2690>,21,22,[9 1],22,51,73,29,49
1,<environment.Job instance at 0x7fd5e4f5a190>,2,20,[ 2 11],3,5,25,2,5
1,<environment.Job instance at 0x7fd59f794d20>,12,28,[13  1],13,29,57,16,29
1,<environment.Job instance at 0x7fd5e5cf1b40>,16,21,[8 4],17,60,81,43,60
1,<environment.Job instance at 0x7fd59f564320>,6,22,[ 4 11],7,7,29,0,7
1,<environment.Job instance at 0x7fd59f5dbcd0>,9,23,[4 6],10,29,52,19,23
1,<environment.Job instance at 0x7fd5e5463c80>,10,3,[2 9],11,29,32,18,23
1,<environment.Job instance at 0x7fd5e50cd0a0>,13,2,[1 6],14,32,34,18,24
1,<environment.Job instance at 0x7fd5e5091140>,15,21,[10  5],16,34,55,18,27
1,<environment.Job instance at 0x7f1c5bee21e0>,0,28,[9 3],1,1,29,0,1
1,<environment.Job instance at 0x7f1c5bf6a780>,2,22,[4 8],3,3,25,0,3
1,<environment.Job instance at 0x7f1c5bf6a820>,1,22,[11  3],2,29,51,27,22
1,<environment.Job instance at 0x7f1c56ad2640>,7,25,[6 2],8,51,76,43,47
1,<environment.Job instance at 0x7f1c56ad25a0>,6,20,[6 1],7,51,71,44,47
1,<environment.Job instance at 0x7f1c56ad2500>,5,24,[1 5],6,51,75,45,51
1,<environment.Job instance at 0x7f1c56ad26e0>,8,22,[14  3],9,76,98,67,69
1,<environment.Job instance at 0x7f1c56ad2960>,12,26,[ 1 12],13,75,101,62,72
1,<environment.Job instance at 0x7f1c56ad2c80>,17,28,[ 5 10],18,101,129,83,100
1,<environment.Job instance at 0x7f1c56af09b0>,1,22,[7 5],2,2,24,0,2
1,<environment.Job instance at 0x7f1c5bf09d70>,4,28,[5 6],5,5,33,0,5
1,<environment.Job instance at 0x7f1c5bec3640>,7,20,[14  5],8,33,53,25,24
1,<environment.Job instance at 0x7f1c5c04f5f0>,12,22,[4 8],13,53,75,40,46
1,<environment.Job instance at 0x7f1c5c04f320>,13,25,[6 1],14,53,78,39,49
1,<environment.Job instance at 0x7f1c5c04feb0>,14,20,[ 1 14],15,75,95,60,73
1,<environment.Job instance at 0x7f1c5bf09af0>,6,19,[11  3],7,95,114,88,86
1,<environment.Job instance at 0x7f1c5c04f370>,9,3,[ 1 12],10,103,106,93,103
1,<environment.Job instance at 0x7f1c5c054230>,19,23,[ 1 14],20,114,137,94,108
1,<environment.Job instance at 0x7f1c5c054c80>,24,22,[12  4],25,137,159,112,130
1,<environment.Job instance at 0x7f1c5c054af0>,25,23,[1 7],26,139,162,113,139
1,<environment.Job instance at 0x7f1c10dd6c30>,0,25,[ 3 10],1,1,26,0,1
1,<environment.Job instance at 0x7f1c5c051780>,2,27,[3 9],3,26,53,23,24
1,<environment.Job instance at 0x7f1c10dd6230>,6,23,[3 6],7,26,49,19,24
1,<environment.Job instance at 0x7f1c10dd20a0>,8,21,[8 3],9,49,70,40,41
1,<environment.Job instance at 0x7f1c10dd20f0>,9,26,[9 4],10,70,96,60,67
1,<environment.Job instance at 0x7f1c10dd6550>,5,24,[1 5],6,67,91,61,67
1,<environment.Job instance at 0x7f1c10dd2fa0>,14,25,[1 5],15,68,93,53,68
1,<environment.Job instance at 0x7f1c10f08640>,0,26,[9 4],1,1,27,0,1
1,<environment.Job instance at 0x7f1c11193410>,5,20,[3 8],6,6,26,0,6
1,<environment.Job instance at 0x7f1c11193be0>,6,26,[ 3 12],7,27,53,20,24
1,<environment.Job instance at 0x7f1c11193a50>,14,2,[ 1 13],15,53,55,38,26
1,<environment.Job instance at 0x7f1c11193aa0>,15,1,[13  1],16,53,54,37,26
1,<environment.Job instance at 0x7f1c1100d7d0>,17,24,[1 8],18,55,79,37,50
1,<environment.Job instance at 0x7f1c1100de10>,19,21,[6 5],20,55,76,35,50
1,<environment.Job instance at 0x7f1c1100d870>,20,26,[ 1 11],21,79,105,58,76
1,<environment.Job instance at 0x7f1c1100d050>,25,28,[10  3],26,79,107,53,79
1,<environment.Job instance at 0x7f1c10e768c0>,30,25,[14  4],31,107,132,76,103
1,<environment.Job instance at 0x7f1c10e67f00>,36,24,[14  2],37,132,156,95,127
1,<environment.Job instance at 0x7f1c10e67a50>,37,3,[ 5 11],38,156,159,118,135
1,<environment.Job instance at 0x7f1c11193140>,4,22,[ 1 12],5,159,181,154,156
1,<environment.Job instance at 0x7f1c10e673c0>,39,23,[ 4 11],40,181,204,141,176
1,<environment.Job instance at 0x7f1c10e67d20>,38,2,[ 2 12],39,204,206,165,177
1,<environment.Job instance at 0x7f1c10e671e0>,41,23,[ 3 13],42,206,229,164,200
1,<environment.Job instance at 0x7f1c10e67c30>,44,24,[ 3 10],45,229,253,184,224
1,<environment.Job instance at 0x7f1c10e670a0>,50,25,[5 8],51,253,278,202,249
1,<environment.Job instance at 0x7f1c10e67aa0>,51,27,[7 4],52,249,276,197,249
1,<environment.Job instance at 0x7f1c10e18780>,0,20,[ 1 10],1,1,21,0,1
1,<environment.Job instance at 0x7f1c1111d820>,1,22,[5 3],2,2,24,0,2
1,<environment.Job instance at 0x7f1c10ceff00>,5,22,[1 7],6,21,43,15,14
1,<environment.Job instance at 0x7f1c10ceff50>,6,20,[5 7],7,24,44,17,15
1,<environment.Job instance at 0x7f1c10cf5500>,11,25,[ 3 14],12,44,69,32,40
1,<environment.Job instance at 0x7f1c10cf5aa0>,19,24,[6 5],20,80,104,60,80
1,<environment.Job instance at 0x7f1c10cf5b40>,20,22,[5 9],21,80,102,59,80
1,<environment.Job instance at 0x7f1c10cf5c80>,22,1,[ 4 14],23,104,105,81,100
1,<environment.Job instance at 0x7f1c10cf5d20>,23,25,[12  3],24,105,130,81,101
1,<environment.Job instance at 0x7f1c10cf5e60>,25,21,[7 1],26,130,151,104,122
1,<environment.Job instance at 0x7f1c10cf50f0>,28,2,[ 5 14],29,130,132,101,126
1,<environment.Job instance at 0x7f1c10cf5730>,30,1,[ 5 14],31,132,133,101,126
1,<environment.Job instance at 0x7f1c10cf7280>,32,26,[ 4 10],33,133,159,100,130
1,<environment.Job instance at 0x7f1c10cf74b0>,33,2,[ 4 11],34,159,161,125,151
1,<environment.Job instance at 0x7f1c57666a00>,4,21,[6 4],5,5,26,0,5
1,<environment.Job instance at 0x7f1c576667d0>,6,25,[ 5 10],7,7,32,0,7
1,<environment.Job instance at 0x7f1c57666b90>,7,26,[9 3],8,26,52,18,23
1,<environment.Job instance at 0x7f1c1100d870>,9,28,[3 6],10,32,60,22,31
1,<environment.Job instance at 0x7f1c10cf74b0>,8,26,[ 1 12],9,60,86,51,57
1,<environment.Job instance at 0x7f1c57666550>,1,19,[12  1],2,77,96,75,77
1,<environment.Job instance at 0x7f1c1100d910>,15,2,[ 4 12],16,96,98,80,93
1,<environment.Job instance at 0x7f1c1100ddc0>,16,1,[10  1],17,96,97,79,93
1,<environment.Job instance at 0x7f1c1100deb0>,17,28,[3 6],18,98,126,80,97
1,<environment.Job instance at 0x7f1c1100d960>,19,19,[13  1],20,128,147,108,128
1,<environment.Job instance at 0x7f1c576c57d0>,24,28,[6 5],25,147,175,122,146
1,<environment.Job instance at 0x7f1c576c5820>,26,21,[7 3],27,148,169,121,148
1,<environment.Job instance at 0x7f1c576c5320>,32,25,[4 6],33,179,204,146,179
1,<environment.Job instance at 0x7f1c576c5550>,34,24,[7 5],35,179,203,144,179
1,<environment.Job instance at 0x7f1c576c50a0>,36,21,[14  1],37,204,225,167,196
1,<environment.Job instance at 0x7f1c56b4cb90>,0,28,[13  5],1,1,29,0,1
1,<environment.Job instance at 0x7f1c10f98370>,9,1,[ 3 12],10,29,30,19,21
1,<environment.Job instance at 0x7f1c56acb140>,4,2,[ 2 14],5,30,32,25,25
1,<environment.Job instance at 0x7f1c5719ca00>,13,23,[5 1],14,29,52,15,25
1,<environment.Job instance at 0x7f1c11274f50>,16,26,[ 1 12],17,32,58,15,30
1,<environment.Job instance at 0x7f1c5720c1e0>,19,20,[3 8],20,58,78,38,49
1,<environment.Job instance at 0x7f1c5720c7d0>,20,24,[11  5],21,58,82,37,53
1,<environment.Job instance at 0x7f1c56aba190>,5,20,[3 7],6,6,26,0,6
1,<environment.Job instance at 0x7f1c10c27d70>,7,21,[1 7],8,8,29,0,8
1,<environment.Job instance at 0x7f1c10be2dc0>,4,20,[ 2 11],5,5,25,0,5
1,<environment.Job instance at 0x7f1c10be2b40>,10,20,[4 9],11,25,45,14,17
1,<environment.Job instance at 0x7f1c10be20f0>,8,26,[4 6],9,26,52,17,26
1,<environment.Job instance at 0x7f1c10be26e0>,7,26,[3 7],8,45,71,37,42
1,<environment.Job instance at 0x7f1c5758ceb0>,13,20,[1 8],14,52,72,38,43
1,<environment.Job instance at 0x7f1c570af0a0>,19,28,[11  4],20,71,99,51,70
1,<environment.Job instance at 0x7f1c5bde4dc0>,20,22,[ 5 12],21,99,121,78,92
1,<environment.Job instance at 0x7f1c1108edc0>,22,25,[9 5],23,121,146,98,117
1,<environment.Job instance at 0x7f1c1108e0a0>,23,22,[3 8],24,121,143,97,117
1,<environment.Job instance at 0x7f1c10dfdfa0>,26,22,[ 1 13],27,146,168,119,139
1,<environment.Job instance at 0x7f1c56a73be0>,11,20,[9 5],12,26,46,14,26
1,<environment.Job instance at 0x7f1c575070a0>,3,18,[ 1 11],4,709,727,705,709
1,<environment.Job instance at 0x7f1c56a4c730>,0,20,[8 3],1,1,21,0,1
1,<environment.Job instance at 0x7f1c56a73550>,1,22,[5 2],2,2,24,0,2
1,<environment.Job instance at 0x7f1c56c878c0>,2,23,[11  1],3,24,47,21,18
1,<environment.Job instance at 0x7f1c575c0780>,7,28,[7 5],8,47,75,39,46
1,<environment.Job instance at 0x7f1c575070a0>,3,20,[6 2],4,47,67,43,46
1,<environment.Job instance at 0x7f1c575c0960>,10,26,[13  1],11,75,101,64,72
1,<environment.Job instance at 0x7f1c575c0c80>,15,20,[7 4],16,101,121,85,92
1,<environment.Job instance at 0x7f1c575c0d20>,16,22,[1 5],17,92,114,75,92
1,<environment.Job instance at 0x7f1c575c0dc0>,17,26,[ 5 12],18,121,147,103,118
1,<environment.Job instance at 0x7f1c575c0eb0>,18,26,[2 8],19,147,173,128,144
1,<environment.Job instance at 0x7f1c575c08c0>,9,2,[14  5],10,173,175,163,146
1,<environment.Job instance at 0x7f1c10f12050>,22,23,[7 1],23,146,169,123,146
1,<environment.Job instance at 0x7f1c10e8a780>,0,23,[ 5 11],1,1,24,0,1
1,<environment.Job instance at 0x7f1c10e8a050>,1,24,[9 1],2,2,26,0,2
1,<environment.Job instance at 0x7f1c57558780>,6,26,[11  3],7,26,52,19,23
1,<environment.Job instance at 0x7f1c57558a00>,8,24,[7 1],9,52,76,43,47
1,<environment.Job instance at 0x7f1c56a220a0>,10,19,[ 3 10],11,47,66,36,47
1,<environment.Job instance at 0x7f1c56a22730>,12,20,[10  3],13,76,96,63,67
1,<environment.Job instance at 0x7f1c56a22aa0>,13,27,[7 2],14,96,123,82,94
1,<environment.Job instance at 0x7f1c112d31e0>,15,21,[10  1],16,123,144,107,115
1,<environment.Job instance at 0x7f1c112d3f50>,18,22,[13  4],19,144,166,125,137
1,<environment.Job instance at 0x7f1c56edeaf0>,0,19,[3 5],1,2,21,1,2
1,<environment.Job instance at 0x7f1c56ede370>,3,25,[ 5 10],4,4,29,0,4
1,<environment.Job instance at 0x7f1c10f460f0>,10,21,[9 1],11,21,42,10,13
1,<environment.Job instance at 0x7f1c10f46370>,12,25,[10  4],13,42,67,29,38
1,<environment.Job instance at 0x7f1c10f46640>,5,20,[ 4 11],6,45,65,39,45
1,<environment.Job instance at 0x7f1c56a92320>,20,28,[8 4],21,67,95,46,66
1,<environment.Job instance at 0x7f1c56a92910>,18,20,[12  2],19,95,115,76,86
1,<environment.Job instance at 0x7f1c56a92140>,2,26,[ 1 12],3,3,29,0,3
1,<environment.Job instance at 0x7f1c57028550>,9,23,[8 5],10,29,52,19,23
1,<environment.Job instance at 0x7f1c57028cd0>,10,28,[4 9],11,29,57,18,28
1,<environment.Job instance at 0x7f1c57028c30>,11,24,[ 5 13],12,57,81,45,52
1,<environment.Job instance at 0x7f1c57028960>,8,24,[ 5 13],9,81,105,72,76
1,<environment.Job instance at 0x7f1c570314b0>,15,25,[7 4],16,105,130,89,101
1,<environment.Job instance at 0x7f1c5720c190>,3,28,[ 3 14],4,130,158,126,129
1,<environment.Job instance at 0x7f1c57031230>,18,25,[14  3],19,158,183,139,154
1,<environment.Job instance at 0x7f1c57031690>,19,27,[14  3],20,183,210,163,181
1,<environment.Job instance at 0x7f1c10afa410>,26,28,[4 7],27,210,238,183,209
1,<environment.Job instance at 0x7f1c57035960>,28,3,[ 4 13],29,238,241,209,213
1,<environment.Job instance at 0x7f1c57028f50>,7,20,[12  1],8,241,261,233,233
1,<environment.Job instance at 0x7f1c112d8e60>,4,23,[ 2 11],5,6,29,1,6
1,<environment.Job instance at 0x7f1c56845dc0>,6,22,[8 4],7,7,29,0,7
1,<environment.Job instance at 0x7f1c10b34960>,3,2,[ 4 11],4,29,31,25,28
1,<environment.Job instance at 0x7f1c572cb0f0>,16,1,[10  5],17,42,43,25,42
1,<environment.Job instance at 0x7f1c10d314b0>,17,21,[3 7],18,42,63,24,42
1,<environment.Job instance at 0x7f1c10d31870>,18,26,[2 5],19,43,69,24,42
1,<environment.Job instance at 0x7f1c10d31b40>,19,28,[4 8],20,63,91,43,62
1,<environment.Job instance at 0x7f1c10d31910>,20,28,[1 5],21,69,97,48,68
1,<environment.Job instance at 0x7f1c575545a0>,24,20,[8 1],25,73,93,48,73
1,<environment.Job instance at 0x7f1c5bf235a0>,26,22,[7 4],27,93,115,66,86
1,<environment.Job instance at 0x7f1c110ce140>,27,28,[ 1 10],28,97,125,69,96
1,<environment.Job instance at 0x7f1c575cfa50>,0,22,[10  4],1,1,23,0,1
1,<environment.Job instance at 0x7f1c10bbf370>,4,25,[5 3],5,5,30,0,5
1,<environment.Job instance at 0x7f1c10b3bdc0>,7,28,[4 9],8,23,51,15,22
1,<environment.Job instance at 0x7f1c10b3b820>,8,25,[11  1],9,30,55,21,26
1,<environment.Job instance at 0x7f1c10b3be60>,14,27,[ 3 14],15,51,78,36,49
1,<environment.Job instance at 0x7f1c10b3b230>,16,28,[11  1],17,55,83,38,54
1,<environment.Job instance at 0x7f1c10a5b910>,0,25,[5 1],1,1,26,0,1
1,<environment.Job instance at 0x7f1c10b3b230>,2,27,[10  5],3,3,30,0,3
1,<environment.Job instance at 0x7f1c11435f00>,5,19,[8 4],6,30,49,24,20
1,<environment.Job instance at 0x7f1c11435f50>,8,26,[ 1 12],9,49,75,40,46
1,<environment.Job instance at 0x7f1c10b3b870>,1,2,[14  3],2,75,77,73,75
1,<environment.Job instance at 0x7f1c11435cd0>,10,22,[ 2 12],11,77,99,66,75
1,<environment.Job instance at 0x7f1c11444be0>,12,20,[12  3],13,77,97,64,75
1,<environment.Job instance at 0x7f1c11435820>,9,19,[12  1],10,97,116,87,97
1,<environment.Job instance at 0x7f1c1143adc0>,17,26,[ 3 14],18,99,125,81,97
1,<environment.Job instance at 0x7f1c568492d0>,10,28,[ 5 12],11,28,56,17,28
1,<environment.Job instance at 0x7f1c56849a00>,11,2,[ 1 10],12,56,58,44,29
1,<environment.Job instance at 0x7f1c57091dc0>,12,1,[7 4],13,56,57,43,29
1,<environment.Job instance at 0x7f1c56849b90>,13,19,[2 5],14,57,76,43,47
1,<environment.Job instance at 0x7f1c10b285f0>,17,25,[12  1],18,58,83,40,54
1,<environment.Job instance at 0x7f1c571ae730>,22,28,[9 5],23,93,121,70,93
1,<environment.Job instance at 0x7f1c571a8870>,5,1,[12  1],6,7,8,1,7
1,<environment.Job instance at 0x7f1c571a8190>,7,3,[ 3 12],8,28,31,20,28
1,<environment.Job instance at 0x7f1c571a8be0>,14,22,[5 1],15,29,51,14,29
1,<environment.Job instance at 0x7f1c56aabd20>,16,26,[9 2],17,38,64,21,38
1,<environment.Job instance at 0x7f1c56aabd70>,17,24,[9 2],18,64,88,46,59
1,<environment.Job instance at 0x7f1c56aab910>,19,25,[6 2],20,59,84,39,59
1,<environment.Job instance at 0x7f1c56aabdc0>,20,22,[9 5],21,88,110,67,81
1,<environment.Job instance at 0x7f1c56aab4b0>,21,24,[2 5],22,84,108,62,81
1,<environment.Job instance at 0x7f1c56aab870>,23,21,[ 5 13],24,110,131,86,102
1,<environment.Job instance at 0x7f1c10efb140>,25,22,[12  4],26,131,153,105,124
1,<environment.Job instance at 0x7f1c10efb280>,26,27,[ 1 13],27,153,180,126,151
1,<environment.Job instance at 0x7f1c10efbb40>,24,12,[ 1 12],25,250,262,225,250
1,<environment.Job instance at 0x7f1c10efb370>,29,25,[ 4 14],30,262,287,232,258
1,<environment.Job instance at 0x7f1c10efb320>,30,19,[ 3 14],31,287,306,256,284
1,<environment.Job instance at 0x7f1c10b34460>,3,17,[ 2 11],4,2533,2550,2529,2533
1,<environment.Job instance at 0x7f1c5759a140>,38,23,[5 6],39,2550,2573,2511,2544
1,<environment.Job instance at 0x7f1c5759a410>,42,18,[10  3],43,2558,2576,2515,2558
1,<environment.Job instance at 0x7f1c110a05f0>,1,27,[8 1],2,2,29,0,2
1,<environment.Job instance at 0x7f1c57782a00>,2,27,[7 2],3,3,30,0,3
1,<environment.Job instance at 0x7f1c10ab7320>,4,23,[10  3],5,30,53,25,24
1,<environment.Job instance at 0x7f1c10cd8af0>,7,22,[9 4],8,53,75,45,46
1,<environment.Job instance at 0x7f1c57409370>,9,27,[4 6],10,46,73,36,46
1,<environment.Job instance at 0x7f1c10bfb050>,13,24,[9 1],14,75,99,61,70
1,<environment.Job instance at 0x7f1c10aeb780>,18,2,[1 7],19,87,89,68,87
1,<environment.Job instance at 0x7f1c10aebd70>,20,2,[10  3],21,99,101,78,87
1,<environment.Job instance at 0x7f1c10aeb8c0>,22,28,[6 5],23,101,129,78,100
1,<environment.Job instance at 0x7f1c10aeb370>,25,25,[5 3],26,105,130,79,105
1,<environment.Job instance at 0x7f1c10ce05a0>,32,1,[9 2],33,135,136,102,135
1,<environment.Job instance at 0x7f1c10ce0cd0>,34,1,[8 5],35,136,137,101,136
1,<environment.Job instance at 0x7f1c10ce0500>,35,23,[5 2],36,136,159,100,136
1,<environment.Job instance at 0x7f1c10ce0f00>,37,28,[10  4],38,147,175,109,147
1,<environment.Job instance at 0x7f1c110ce500>,39,22,[10  5],40,175,197,135,168
1,<environment.Job instance at 0x7f1c110ce4b0>,41,19,[ 1 12],42,197,216,155,187
1,<environment.Job instance at 0x7f1c110ce0f0>,44,20,[ 3 12],45,216,236,171,207
1,<environment.Job instance at 0x7f1c10d08640>,46,20,[7 4],47,236,256,189,227
1,<environment.Job instance at 0x7f1c10d08fa0>,47,20,[1 9],48,236,256,188,227
1,<environment.Job instance at 0x7f1c10d08f00>,48,27,[ 5 10],49,256,283,207,254
1,<environment.Job instance at 0x7f5486390190>,0,28,[9 3],1,1,29,0,1
1,<environment.Job instance at 0x7f5486418820>,2,22,[4 8],3,3,25,0,3
1,<environment.Job instance at 0x7f5480f805a0>,6,20,[6 1],7,25,45,18,19
1,<environment.Job instance at 0x7f5480f80640>,7,25,[6 2],8,29,54,21,25
1,<environment.Job instance at 0x7f5480f806e0>,8,22,[14  3],9,54,76,45,47
1,<environment.Job instance at 0x7f5486418e60>,1,22,[11  3],2,76,98,74,69
1,<environment.Job instance at 0x7f5480f80500>,5,24,[1 5],6,70,94,64,70
1,<environment.Job instance at 0x7f5480f80960>,12,26,[ 1 12],13,94,120,81,91
1,<environment.Job instance at 0x7f5480f80c80>,17,28,[ 5 10],18,120,148,102,119
1,<environment.Job instance at 0x7f54864f6f50>,2,22,[4 8],3,3,25,0,3
1,<environment.Job instance at 0x7f5480f80b90>,3,25,[6 1],4,4,29,0,4
1,<environment.Job instance at 0x7f54863b7820>,9,23,[ 1 14],10,25,48,15,19
1,<environment.Job instance at 0x7f54864f66e0>,4,20,[ 1 14],5,48,68,43,40
1,<environment.Job instance at 0x7f54863b7910>,14,22,[12  4],15,68,90,53,61
1,<environment.Job instance at 0x7f54863b7d70>,15,23,[1 7],16,68,91,52,62
1,<environment.Job instance at 0x7f54863b7dc0>,5,20,[10  2],6,6,26,0,6
1,<environment.Job instance at 0x7f543b274550>,6,25,[5 2],7,7,32,0,7
1,<environment.Job instance at 0x7f543b274280>,8,27,[13  4],9,32,59,23,30
1,<environment.Job instance at 0x7f543b2ac640>,12,25,[3 9],13,59,84,46,55
1,<environment.Job instance at 0x7f543b342640>,0,25,[14  4],1,1,26,0,1
1,<environment.Job instance at 0x7f543b381af0>,6,24,[14  2],7,26,50,19,21
1,<environment.Job instance at 0x7f543b32bc30>,9,23,[ 4 11],10,50,73,40,44
1,<environment.Job instance at 0x7f543b381dc0>,8,2,[ 2 12],9,73,75,64,46
1,<environment.Job instance at 0x7f543b32b2d0>,14,24,[ 3 10],15,75,99,60,70
1,<environment.Job instance at 0x7f543b1df140>,20,25,[5 8],21,99,124,78,95
1,<environment.Job instance at 0x7f543b1dfd20>,21,27,[7 4],22,95,122,73,95
1,<environment.Job instance at 0x7f543b32b8c0>,11,23,[ 3 13],12,124,147,112,118
1,<environment.Job instance at 0x7f543b1df960>,32,23,[11  2],33,146,169,113,146
1,<environment.Job instance at 0x7f543b381f50>,7,3,[ 5 11],8,169,172,161,166
1,<environment.Job instance at 0x7f543b1df4b0>,34,19,[8 2],35,169,188,134,166
1,<environment.Job instance at 0x7f5486502e10>,35,19,[14  4],36,188,207,152,178
1,<environment.Job instance at 0x7f543b2c9dc0>,1,20,[2 9],2,2,22,0,2
1,<environment.Job instance at 0x7f54865022d0>,3,27,[12  4],4,4,31,0,4
1,<environment.Job instance at 0x7f5481317460>,0,20,[5 6],1,1,21,0,1
1,<environment.Job instance at 0x7f5481317370>,5,26,[13  4],6,21,47,15,18
1,<environment.Job instance at 0x7f5481662dc0>,2,25,[13  4],3,47,72,44,43
1,<environment.Job instance at 0x7f54813173c0>,1,1,[ 5 13],2,72,73,70,62
1,<environment.Job instance at 0x7f5481317050>,7,21,[ 2 13],8,73,94,65,67
1,<environment.Job instance at 0x7f548108e0a0>,11,24,[ 2 13],12,94,118,82,89
1,<environment.Job instance at 0x7f5480e1a8c0>,0,24,[7 3],1,1,25,0,1
1,<environment.Job instance at 0x7f548108eeb0>,2,26,[5 8],3,3,29,0,3
1,<environment.Job instance at 0x7f543b3ee820>,4,23,[1 5],5,25,48,20,20
1,<environment.Job instance at 0x7f543b53b870>,6,2,[ 5 13],7,48,50,41,47
1,<environment.Job instance at 0x7f543b79f5a0>,11,1,[9 1],12,47,48,35,47
1,<environment.Job instance at 0x7f543b79ff50>,10,21,[13  2],11,50,71,39,47
1,<environment.Job instance at 0x7f543b759fa0>,21,23,[13  3],22,108,131,86,108
1,<environment.Job instance at 0x7f543b79fc80>,12,18,[ 2 11],13,142,160,129,142
1,<environment.Job instance at 0x7f543b3e4500>,23,13,[11  1],24,313,326,289,313
1,<environment.Job instance at 0x7f543b780c80>,24,21,[6 5],25,326,347,301,318
1,<environment.Job instance at 0x7f548181c960>,26,26,[7 4],27,326,352,299,323
1,<environment.Job instance at 0x7f5481a05500>,1,23,[ 4 13],2,2,25,0,2
1,<environment.Job instance at 0x7f548181ce60>,2,19,[11  1],3,7,26,4,7
1,<environment.Job instance at 0x7f543b8bd820>,8,22,[6 4],9,26,48,17,19
1,<environment.Job instance at 0x7f543b8bdbe0>,13,3,[2 8],14,35,38,21,35
1,<environment.Job instance at 0x7f543b8bdd20>,15,22,[2 6],16,38,60,22,38
1,<environment.Job instance at 0x7f543b8bdf00>,18,23,[5 5],19,39,62,20,39
1,<environment.Job instance at 0x7f5481039af0>,2,20,[10  3],3,3,23,0,3
1,<environment.Job instance at 0x7f5481104460>,5,23,[9 5],6,23,46,17,17
1,<environment.Job instance at 0x7f54811048c0>,6,27,[7 3],7,46,73,39,44
1,<environment.Job instance at 0x7f54810393c0>,4,26,[13  3],5,73,99,68,70
1,<environment.Job instance at 0x7f543b3b9fa0>,10,25,[9 5],11,99,124,88,95
1,<environment.Job instance at 0x7f543b3b96e0>,14,23,[6 1],15,99,122,84,95
1,<environment.Job instance at 0x7f543b7681e0>,16,2,[ 4 14],17,124,126,107,121
1,<environment.Job instance at 0x7f543b3b9550>,17,23,[10  3],18,126,149,108,121
1,<environment.Job instance at 0x7f543b3cbbe0>,2,23,[6 1],3,3,26,0,3
1,<environment.Job instance at 0x7f5480d820f0>,10,26,[ 2 10],11,11,37,0,11
1,<environment.Job instance at 0x7f543b5f4cd0>,15,26,[ 5 13],16,37,63,21,34
1,<environment.Job instance at 0x7f548121c230>,18,19,[8 1],19,40,59,21,40
1,<environment.Job instance at 0x7f548121cbe0>,19,20,[5 5],20,63,83,43,54
1,<environment.Job instance at 0x7f5481acc780>,23,23,[ 5 10],24,63,86,39,57
1,<environment.Job instance at 0x7f543b4ca690>,27,24,[10  4],28,83,107,55,78
1,<environment.Job instance at 0x7f543b254460>,4,23,[14  2],5,5,28,0,5
1,<environment.Job instance at 0x7f543b623460>,5,24,[5 9],6,28,52,22,23
1,<environment.Job instance at 0x7f54814eaaf0>,7,28,[ 2 11],8,52,80,44,51
1,<environment.Job instance at 0x7f54814eac80>,10,23,[2 9],11,80,103,69,74
1,<environment.Job instance at 0x7f548158a370>,15,20,[1 5],16,80,100,64,75
1,<environment.Job instance at 0x7f548191d9b0>,17,1,[ 4 14],18,103,104,85,91
1,<environment.Job instance at 0x7f54814f2320>,16,3,[13  3],17,100,103,83,99
1,<environment.Job instance at 0x7f543b199cd0>,23,1,[ 5 13],24,108,109,84,108
1,<environment.Job instance at 0x7f543b199820>,24,26,[4 8],25,109,135,84,108
1,<environment.Job instance at 0x7f543b199960>,26,20,[2 9],27,135,155,108,126
1,<environment.Job instance at 0x7f543b1b95f0>,29,22,[2 9],30,155,177,125,148
1,<environment.Job instance at 0x7f543b1b92d0>,30,23,[ 5 11],31,177,200,146,171
1,<environment.Job instance at 0x7f543b1b90f0>,31,24,[9 1],32,171,195,139,171
1,<environment.Job instance at 0x7f543b1b9730>,36,26,[11  3],37,200,226,163,197
1,<environment.Job instance at 0x7f543b1b99b0>,38,24,[7 1],39,226,250,187,221
1,<environment.Job instance at 0x7f543b1b76e0>,40,19,[ 3 10],41,221,240,180,221
1,<environment.Job instance at 0x7f543b1b7690>,42,20,[10  3],43,250,270,207,241
1,<environment.Job instance at 0x7f543b1b7a50>,43,27,[7 2],44,270,297,226,268
1,<environment.Job instance at 0x7f5480e51f50>,3,28,[ 5 13],4,4,32,0,4
1,<environment.Job instance at 0x7f5480fbab40>,11,1,[ 2 13],12,32,33,20,16
1,<environment.Job instance at 0x7f5480fbaaf0>,12,20,[5 9],13,33,53,20,24
1,<environment.Job instance at 0x7f543b697820>,2,19,[4 6],3,33,52,30,25
1,<environment.Job instance at 0x7f543b6978c0>,0,27,[ 1 14],1,53,80,52,51
1,<environment.Job instance at 0x7f543b7fc5f0>,23,25,[ 5 10],24,80,105,56,76
1,<environment.Job instance at 0x7f543b7fc370>,17,2,[11  1],18,77,79,59,77
1,<environment.Job instance at 0x7f543b7fc500>,25,20,[ 4 11],26,105,125,79,96
1,<environment.Job instance at 0x7f543b7fc640>,26,19,[2 7],27,125,144,98,115
1,<environment.Job instance at 0x7f543b7fc870>,30,21,[9 1],31,115,136,84,115
1,<environment.Job instance at 0x7f543b5cf5f0>,32,25,[10  4],33,136,161,103,132
1,<environment.Job instance at 0x7f543b5cf050>,38,20,[12  2],39,161,181,122,152
1,<environment.Job instance at 0x7f543b5cf5a0>,40,28,[8 4],41,181,209,140,180
1,<environment.Job instance at 0x7f54863b7af0>,0,26,[5 7],1,1,27,0,1
1,<environment.Job instance at 0x7f54863b7be0>,4,20,[5 9],5,27,47,22,18
1,<environment.Job instance at 0x7f54863b7b90>,5,25,[1 6],6,18,43,12,18
1,<environment.Job instance at 0x7f543b24b320>,9,27,[5 9],10,47,74,37,45
1,<environment.Job instance at 0x7f543b24b640>,12,26,[ 1 12],13,74,100,61,71
1,<environment.Job instance at 0x7f543b327c80>,18,24,[ 5 13],19,100,124,81,95
1,<environment.Job instance at 0x7f54862929b0>,19,23,[8 5],20,124,147,104,118
1,<environment.Job instance at 0x7f5486292d70>,20,28,[4 9],21,124,152,103,123
1,<environment.Job instance at 0x7f54816cc460>,21,24,[ 5 13],22,152,176,130,148
1,<environment.Job instance at 0x7f543b24bd20>,13,28,[ 3 14],14,176,204,162,175
1,<environment.Job instance at 0x7f543b449e60>,25,25,[7 4],26,204,229,178,200
1,<environment.Job instance at 0x7f54816f4370>,28,25,[14  3],29,229,254,200,225
1,<environment.Job instance at 0x7f543afeb140>,29,27,[14  3],30,254,281,224,252
1,<environment.Job instance at 0x7f543b24b1e0>,17,20,[12  1],18,281,301,263,272
1,<environment.Job instance at 0x7f543b7c5230>,36,28,[4 7],37,301,329,264,300
1,<environment.Job instance at 0x7f543b7c5b90>,38,3,[ 4 13],39,329,332,290,303
1,<environment.Job instance at 0x7f543b7c5500>,4,23,[ 2 11],5,5,28,0,5
1,<environment.Job instance at 0x7f543b22aa00>,6,22,[8 4],7,8,30,1,8
1,<environment.Job instance at 0x7f54811bf280>,3,2,[ 4 11],4,28,30,24,28
1,<environment.Job instance at 0x7f548128bd70>,16,1,[10  5],17,35,36,18,35
1,<environment.Job instance at 0x7f543b4fcd70>,17,21,[3 7],18,35,56,17,35
1,<environment.Job instance at 0x7f543b26ad70>,18,26,[2 5],19,36,62,17,35
1,<environment.Job instance at 0x7f543b26a5a0>,19,28,[4 8],20,56,84,36,55
1,<environment.Job instance at 0x7f54813ec870>,20,28,[1 5],21,62,90,41,61
1,<environment.Job instance at 0x7f548131d6e0>,24,20,[8 1],25,77,97,52,77
1,<environment.Job instance at 0x7f543b649280>,26,22,[7 4],27,90,112,63,83
1,<environment.Job instance at 0x7f543b649dc0>,27,28,[ 1 10],28,97,125,69,96
1,<environment.Job instance at 0x7f5480dd15a0>,0,21,[7 1],1,1,22,0,1
1,<environment.Job instance at 0x7f5480dd1a50>,4,27,[ 3 14],5,5,32,0,5
1,<environment.Job instance at 0x7f5480dd1960>,6,28,[11  1],7,22,50,15,21
1,<environment.Job instance at 0x7f5481af43c0>,4,23,[7 1],5,5,28,0,5
1,<environment.Job instance at 0x7f5481af4af0>,8,27,[ 3 12],9,9,36,0,9
1,<environment.Job instance at 0x7f5481af4be0>,9,24,[7 1],10,28,52,18,24
1,<environment.Job instance at 0x7f5481af4640>,11,2,[ 2 12],12,36,38,24,34
1,<environment.Job instance at 0x7f5480f0f4b0>,0,22,[4 9],1,1,23,0,1
1,<environment.Job instance at 0x7f543b1b9780>,5,25,[5 3],6,6,31,0,6
1,<environment.Job instance at 0x7f543b1b9140>,4,28,[ 4 10],5,23,51,18,22
1,<environment.Job instance at 0x7f543b1b94b0>,3,21,[5 8],4,51,72,47,43
1,<environment.Job instance at 0x7f543b1b9d70>,8,20,[3 9],9,72,92,63,63
1,<environment.Job instance at 0x7f5480d03050>,13,24,[5 8],14,92,116,78,87
1,<environment.Job instance at 0x7f5480d03140>,14,20,[5 5],15,87,107,72,87
1,<environment.Job instance at 0x7f5480d03910>,17,28,[8 4],18,107,135,89,106
1,<environment.Job instance at 0x7f5480d03cd0>,15,24,[ 4 11],16,116,140,100,111
1,<environment.Job instance at 0x7f54812a0eb0>,22,24,[13  3],23,140,164,117,135
1,<environment.Job instance at 0x7f5486287aa0>,25,22,[ 3 12],26,164,186,138,157
1,<environment.Job instance at 0x7f543b6d4c30>,7,28,[ 1 14],8,9,37,1,9
1,<environment.Job instance at 0x7f543b6d4be0>,8,23,[5 6],9,37,60,28,31
1,<environment.Job instance at 0x7f543b6d4e60>,9,24,[ 4 14],10,60,84,50,55
1,<environment.Job instance at 0x7f543b6d4d20>,11,23,[11  2],12,84,107,72,78
1,<environment.Job instance at 0x7f543b6c9230>,14,27,[ 5 10],15,107,134,92,105
1,<environment.Job instance at 0x7f543b6c92d0>,15,28,[13  4],16,134,162,118,133
1,<environment.Job instance at 0x7f54819c0190>,6,24,[10  5],7,7,31,0,7
1,<environment.Job instance at 0x7f5481094af0>,7,22,[12  2],8,31,53,23,24
1,<environment.Job instance at 0x7f5481671370>,10,26,[9 4],11,53,79,42,50
1,<environment.Job instance at 0x7f54819ec870>,12,26,[12  1],13,79,105,66,76
1,<environment.Job instance at 0x7f54819c0550>,5,19,[13  5],6,105,124,99,95
1,<environment.Job instance at 0x7f543b5fd6e0>,0,21,[1 7],1,1,22,0,1
1,<environment.Job instance at 0x7f543b4c18c0>,1,26,[8 5],2,2,28,0,2
1,<environment.Job instance at 0x7f543b5fd640>,5,27,[13  2],6,28,55,22,26
1,<environment.Job instance at 0x7f5481a6cc30>,8,27,[11  3],9,55,82,46,53
1,<environment.Job instance at 0x7f5481a6c320>,6,26,[ 5 11],7,82,108,75,79
1,<environment.Job instance at 0x7f5480fd64b0>,12,2,[14  4],13,109,111,96,109
1,<environment.Job instance at 0x7f543b4ae730>,15,26,[5 5],16,111,137,95,109
1,<environment.Job instance at 0x7f86c60bd280>,0,28,[9 3],1,1,29,0,1
1,<environment.Job instance at 0x7f86c60bcfa0>,2,22,[4 8],3,3,25,0,3
1,<environment.Job instance at 0x7f86c60bd190>,1,22,[11  3],2,29,51,27,22
1,<environment.Job instance at 0x7f86becad640>,7,25,[6 2],8,51,76,43,47
1,<environment.Job instance at 0x7f86becad5a0>,6,20,[6 1],7,51,71,44,47
1,<environment.Job instance at 0x7f86becad500>,5,24,[1 5],6,49,73,43,49
1,<environment.Job instance at 0x7f86becad6e0>,8,22,[14  3],9,76,98,67,69
1,<environment.Job instance at 0x7f86becad960>,12,26,[ 1 12],13,87,113,74,87
1,<environment.Job instance at 0x7f86becadc80>,17,28,[ 5 10],18,113,141,95,112
1,<environment.Job instance at 0x7f867b0abf50>,4,22,[12  4],5,5,27,0,5
1,<environment.Job instance at 0x7f86becadc80>,5,23,[1 7],6,6,29,0,6
1,<environment.Job instance at 0x7f867b0ab550>,10,25,[9 3],11,27,52,16,23
1,<environment.Job instance at 0x7f867b0ab7d0>,12,22,[5 3],13,27,49,14,23
1,<environment.Job instance at 0x7f867b0ab690>,15,3,[10  1],16,52,55,36,26
1,<environment.Job instance at 0x7f867b0a8320>,16,3,[ 2 12],17,49,52,32,27
1,<environment.Job instance at 0x7f867b0a81e0>,17,21,[1 9],18,52,73,34,44
1,<environment.Job instance at 0x7f867b09f0f0>,0,25,[4 5],1,1,26,0,1
1,<environment.Job instance at 0x7f867b04ef50>,1,25,[6 3],2,2,27,0,2
1,<environment.Job instance at 0x7f867b04e820>,8,22,[3 9],9,26,48,17,19
1,<environment.Job instance at 0x7f867b04e910>,2,2,[11  1],3,43,45,40,43
1,<environment.Job instance at 0x7f867b04eeb0>,7,26,[ 1 13],8,48,74,40,45
1,<environment.Job instance at 0x7f867af7f9b0>,12,20,[2 6],13,74,94,61,71
1,<environment.Job instance at 0x7f867af7f190>,14,25,[2 8],15,74,99,59,71
1,<environment.Job instance at 0x7f867af7f4b0>,16,2,[ 5 13],17,99,101,82,94
1,<environment.Job instance at 0x7f867af7fdc0>,17,24,[2 7],18,101,125,83,96
1,<environment.Job instance at 0x7f86c19d87d0>,2,23,[11  2],3,3,26,0,3
1,<environment.Job instance at 0x7f86beffe960>,9,21,[9 2],10,26,47,16,18
1,<environment.Job instance at 0x7f86c19d8e10>,5,19,[14  4],6,47,66,41,37
1,<environment.Job instance at 0x7f86c19d8e10>,4,26,[1 5],5,5,31,0,5
1,<environment.Job instance at 0x7f86c132a190>,5,22,[11  4],6,6,28,0,6
1,<environment.Job instance at 0x7f86bea954b0>,7,23,[ 4 10],8,28,51,20,22
1,<environment.Job instance at 0x7f86c134ff00>,6,21,[11  3],7,31,52,24,23
1,<environment.Job instance at 0x7f86c176fb90>,12,2,[ 1 14],13,52,54,39,52
1,<environment.Job instance at 0x7f86c17712d0>,8,19,[14  3],9,54,73,45,54
1,<environment.Job instance at 0x7f867b538140>,16,23,[7 4],17,73,96,56,67
1,<environment.Job instance at 0x7f867b5600a0>,17,22,[9 4],18,96,118,78,89
1,<environment.Job instance at 0x7f86c17a3500>,23,20,[5 4],24,94,114,70,94
1,<environment.Job instance at 0x7f86c17a3140>,24,28,[10  3],25,118,146,93,117
1,<environment.Job instance at 0x7f86c17858c0>,25,25,[12  3],26,146,171,120,142
1,<environment.Job instance at 0x7f86bf0ee500>,0,22,[ 1 12],1,1,23,0,1
1,<environment.Job instance at 0x7f867b329780>,7,27,[5 7],8,23,50,15,21
1,<environment.Job instance at 0x7f867b329f50>,4,26,[ 3 12],5,50,76,45,47
1,<environment.Job instance at 0x7f867b329140>,11,23,[11  4],12,76,99,64,70
1,<environment.Job instance at 0x7f867b3297d0>,13,23,[2 7],14,76,99,62,70
1,<environment.Job instance at 0x7f867b329c80>,15,2,[ 1 12],16,99,101,83,87
1,<environment.Job instance at 0x7f867b329a50>,18,28,[6 4],19,101,129,82,100
1,<environment.Job instance at 0x7f867b329d20>,8,20,[ 4 14],9,129,149,120,120
1,<environment.Job instance at 0x7f86bf13c0f0>,21,25,[ 2 14],22,149,174,127,145
1,<environment.Job instance at 0x7f86bf13c870>,25,3,[ 3 14],26,174,177,148,164
1,<environment.Job instance at 0x7f86bf13c5a0>,26,27,[10  1],27,164,191,137,164
1,<environment.Job instance at 0x7f86bf13c410>,30,28,[13  5],31,191,219,160,190
1,<environment.Job instance at 0x7f86bf13c190>,34,2,[ 2 14],35,219,221,184,204
1,<environment.Job instance at 0x7f867b1406e0>,1,25,[4 9],2,2,27,0,2
1,<environment.Job instance at 0x7f867af358c0>,8,20,[5 6],9,9,29,0,9
1,<environment.Job instance at 0x7f86beb908c0>,15,20,[3 7],16,32,52,16,32
1,<environment.Job instance at 0x7f867afd6e10>,17,21,[1 7],18,37,58,19,37
1,<environment.Job instance at 0x7f86bec97690>,0,20,[4 9],1,1,21,0,1
1,<environment.Job instance at 0x7f86bec974b0>,3,20,[1 8],4,21,41,17,12
1,<environment.Job instance at 0x7f867b297a00>,9,28,[11  4],10,12,40,2,12
1,<environment.Job instance at 0x7f867b297eb0>,12,25,[9 5],13,40,65,27,36
1,<environment.Job instance at 0x7f867b297d70>,13,22,[3 8],14,41,63,27,36
1,<environment.Job instance at 0x7f867b297b90>,10,22,[ 5 12],11,65,87,54,58
1,<environment.Job instance at 0x7f867b2a6370>,20,27,[3 6],21,87,114,66,85
1,<environment.Job instance at 0x7f867b2a6190>,16,22,[ 1 13],17,114,136,97,112
1,<environment.Job instance at 0x7f867b2a6410>,21,2,[12  1],22,135,137,113,135
1,<environment.Job instance at 0x7f867b2a6690>,25,27,[8 1],26,137,164,111,135
1,<environment.Job instance at 0x7f867b2a6870>,28,1,[4 7],29,139,140,110,139
1,<environment.Job instance at 0x7f867b2a6910>,29,21,[5 6],30,140,161,110,139
1,<environment.Job instance at 0x7f867b2a69b0>,30,20,[14  2],31,164,184,133,162
1,<environment.Job instance at 0x7f867b2a6a50>,31,22,[10  5],32,184,206,152,177
1,<environment.Job instance at 0x7f867b2a6af0>,32,1,[ 5 14],33,206,207,173,198
1,<environment.Job instance at 0x7f867b2979b0>,8,14,[ 2 12],9,706,720,697,706
1,<environment.Job instance at 0x7f867b0e2af0>,0,27,[5 2],1,1,28,0,1
1,<environment.Job instance at 0x7f867b578370>,5,24,[12  4],6,6,30,0,6
1,<environment.Job instance at 0x7f86c15450a0>,7,27,[9 5],8,30,57,22,28
1,<environment.Job instance at 0x7f867b578b40>,6,25,[6 3],7,30,55,23,28
1,<environment.Job instance at 0x7f867b56af50>,18,2,[6 2],19,55,57,36,53
1,<environment.Job instance at 0x7f867b425eb0>,25,19,[ 2 12],26,103,122,77,103
1,<environment.Job instance at 0x7f867b4257d0>,26,20,[6 2],27,114,134,87,114
1,<environment.Job instance at 0x7f867b4935a0>,27,26,[12  4],28,134,160,106,131
1,<environment.Job instance at 0x7f86bed80f00>,4,26,[4 7],5,5,31,0,5
1,<environment.Job instance at 0x7f86bef804b0>,1,1,[13  2],2,31,32,29,8
1,<environment.Job instance at 0x7f86bf0f0050>,8,19,[5 9],9,32,51,23,22
1,<environment.Job instance at 0x7f86c1634c80>,13,20,[ 1 14],14,51,71,37,48
1,<environment.Job instance at 0x7f867aef4690>,20,20,[ 5 13],21,73,93,52,73
1,<environment.Job instance at 0x7f86bec692d0>,27,19,[10  4],28,123,142,95,123
1,<environment.Job instance at 0x7f86bec690f0>,29,24,[8 2],30,142,166,112,137
1,<environment.Job instance at 0x7f86bec69af0>,30,25,[5 8],31,137,162,106,137
1,<environment.Job instance at 0x7f86beafb050>,1,25,[2 8],2,2,27,0,2
1,<environment.Job instance at 0x7f86bef51a50>,12,22,[6 2],13,20,42,7,20
1,<environment.Job instance at 0x7f86bef51140>,16,22,[1 8],17,41,63,24,41
1,<environment.Job instance at 0x7f86bef511e0>,17,23,[3 5],18,41,64,23,41
1,<environment.Job instance at 0x7f86c16b9730>,4,26,[5 3],5,5,31,0,5
1,<environment.Job instance at 0x7f867b429d70>,5,27,[6 1],6,6,33,0,6
1,<environment.Job instance at 0x7f867b429af0>,8,20,[9 1],9,31,51,22,22
1,<environment.Job instance at 0x7f86c1801be0>,3,19,[ 1 11],4,33,52,29,33
1,<environment.Job instance at 0x7f867acba7d0>,13,20,[ 1 13],14,52,72,38,44
1,<environment.Job instance at 0x7f867ad18140>,15,26,[12  4],16,72,98,56,69
1,<environment.Job instance at 0x7f86beeb59b0>,0,22,[10  4],1,1,23,0,1
1,<environment.Job instance at 0x7f86bed33320>,4,25,[5 3],5,5,30,0,5
1,<environment.Job instance at 0x7f86bed33690>,8,25,[11  1],9,30,55,21,26
1,<environment.Job instance at 0x7f86bed335a0>,7,28,[4 9],8,26,54,18,26
1,<environment.Job instance at 0x7f86bed33780>,10,21,[7 1],11,55,76,44,47
1,<environment.Job instance at 0x7f86bed33370>,5,19,[9 2],6,76,95,70,66
1,<environment.Job instance at 0x7f86bed337d0>,9,20,[1 6],10,66,86,56,66
1,<environment.Job instance at 0x7f86bed33a00>,14,27,[ 3 14],15,95,122,80,93
1,<environment.Job instance at 0x7f86bed33b40>,16,28,[11  1],17,95,123,78,94
1,<environment.Job instance at 0x7f867b613f00>,4,23,[7 1],5,5,28,0,5
1,<environment.Job instance at 0x7f867b57e550>,8,27,[ 3 12],9,9,36,0,9
1,<environment.Job instance at 0x7f86c134d1e0>,9,24,[7 1],10,28,52,18,23
1,<environment.Job instance at 0x7f86bf090a50>,11,2,[ 2 12],12,36,38,24,26
1,<environment.Job instance at 0x7f86c1800640>,0,1,[7 5],1,2,3,1,2
1,<environment.Job instance at 0x7f86c17f9690>,3,24,[5 8],4,4,28,0,4
1,<environment.Job instance at 0x7f867abdadc0>,4,20,[5 5],5,5,25,0,5
1,<environment.Job instance at 0x7f867abda3c0>,7,28,[8 4],8,25,53,17,24
1,<environment.Job instance at 0x7f867abda0a0>,5,24,[ 4 11],6,28,52,22,24
1,<environment.Job instance at 0x7f86beb1bf50>,12,24,[13  3],13,53,77,40,48
1,<environment.Job instance at 0x7f86beb1b410>,15,22,[ 3 12],16,77,99,61,70
1,<environment.Job instance at 0x7f86c6230a50>,17,24,[ 2 14],18,99,123,81,94
1,<environment.Job instance at 0x7f86bed66370>,22,20,[13  3],23,123,143,100,114
1,<environment.Job instance at 0x7f86bf08b7d0>,0,28,[6 5],1,1,29,0,1
1,<environment.Job instance at 0x7f86bf1546e0>,1,26,[2 6],2,2,28,0,2
1,<environment.Job instance at 0x7f86bed44f50>,5,23,[2 8],6,28,51,22,23
1,<environment.Job instance at 0x7f867acf7730>,2,20,[8 4],3,29,49,26,27
1,<environment.Job instance at 0x7f86bf05f3c0>,6,25,[ 4 13],7,51,76,44,47
1,<environment.Job instance at 0x7f86bf05f320>,7,28,[1 6],8,76,104,68,75
1,<environment.Job instance at 0x7f86bf05faf0>,13,21,[5 4],14,76,97,62,75
1,<environment.Job instance at 0x7f86bf05f690>,14,21,[9 2],15,75,96,60,75
1,<environment.Job instance at 0x7f86bf05f410>,15,26,[12  4],16,97,123,81,94
1,<environment.Job instance at 0x7f86bf05f8c0>,9,22,[ 3 13],10,123,145,113,116
1,<environment.Job instance at 0x7f86bf06a640>,19,27,[10  2],20,123,150,103,121
1,<environment.Job instance at 0x7f86bf06a5a0>,20,26,[ 3 13],21,145,171,124,142
1,<environment.Job instance at 0x7f86befced70>,21,28,[9 5],22,171,199,149,170
1,<environment.Job instance at 0x7f86bf06a460>,22,24,[8 5],23,199,223,176,194
1,<environment.Job instance at 0x7f86bedc8af0>,25,21,[10  2],26,223,244,197,215
1,<environment.Job instance at 0x7f86bf05fdc0>,16,19,[ 5 12],17,223,242,206,215
1,<environment.Job instance at 0x7f86bec186e0>,31,25,[ 3 13],32,242,267,210,238
1,<environment.Job instance at 0x7f86bf17ceb0>,32,1,[12  1],33,263,264,230,263
1,<environment.Job instance at 0x7f86bf080870>,34,28,[14  1],35,267,295,232,266
1,<environment.Job instance at 0x7f86bf080b40>,35,23,[5 5],36,295,318,259,289
1,<environment.Job instance at 0x7f86bf080960>,36,28,[ 5 12],37,318,346,281,317
1,<environment.Job instance at 0x7f86bf080b90>,37,2,[3 5],38,346,348,308,319
1,<environment.Job instance at 0x7f86bf080f00>,38,24,[ 2 11],39,348,372,309,343
1,<environment.Job instance at 0x7f86bf080dc0>,39,21,[4 5],40,372,393,332,364
1,<environment.Job instance at 0x7f867abeb5f0>,0,28,[9 5],1,1,29,0,1
1,<environment.Job instance at 0x7f867abeb460>,4,24,[6 4],5,5,29,0,5
1,<environment.Job instance at 0x7f867b06e140>,6,25,[8 5],7,29,54,22,25
1,<environment.Job instance at 0x7f867b13cbe0>,11,26,[11  5],12,54,80,42,51
1,<environment.Job instance at 0x7f867b13c140>,12,28,[5 8],13,80,108,67,79
1,<environment.Job instance at 0x7f86bed7d140>,13,27,[1 7],14,79,106,65,79
1,<environment.Job instance at 0x7f867b13ca00>,10,22,[11  5],11,108,130,97,101
1,<environment.Job instance at 0x7f86bed7da00>,19,23,[8 2],20,130,153,110,124
1,<environment.Job instance at 0x7f867b2168c0>,20,23,[2 8],21,124,147,103,124
1,<environment.Job instance at 0x7f86c6228320>,3,23,[8 4],4,4,27,0,4
1,<environment.Job instance at 0x7f86c62284b0>,4,20,[3 9],5,5,25,0,5
1,<environment.Job instance at 0x7f86c60a5780>,11,26,[7 4],12,25,51,13,22
1,<environment.Job instance at 0x7f86c6228a00>,10,19,[7 3],11,27,46,16,23
1,<environment.Job instance at 0x7f867b271a00>,1,2,[ 3 11],2,46,48,44,24
1,<environment.Job instance at 0x7f86c6227320>,14,27,[ 2 11],15,48,75,33,46
1,<environment.Job instance at 0x7f867b613320>,18,25,[14  3],19,75,100,56,71
1,<environment.Job instance at 0x7f86bec6c0a0>,1,26,[5 2],2,2,28,0,2
1,<environment.Job instance at 0x7f867b613140>,2,22,[5 1],3,3,25,0,3
1,<environment.Job instance at 0x7f86c1350550>,6,21,[3 7],7,7,28,0,7
1,<environment.Job instance at 0x7f86c1350be0>,7,25,[5 5],8,25,50,17,21
1,<environment.Job instance at 0x7f86c1350910>,9,20,[2 7],10,28,48,18,21
1,<environment.Job instance at 0x7f86c1350f50>,5,1,[ 1 13],6,50,51,44,44
1,<environment.Job instance at 0x7f86bec3de10>,8,18,[ 5 11],9,1396,1414,1387,1396
1,<environment.Job instance at 0x7fab6fd5a280>,0,28,[9 3],1,1,29,0,1
1,<environment.Job instance at 0x7fab6fd9d870>,2,22,[4 8],3,3,25,0,3
1,<environment.Job instance at 0x7fab6894a5a0>,6,20,[6 1],7,25,45,18,19
1,<environment.Job instance at 0x7fab6894a640>,7,25,[6 2],8,29,54,21,25
1,<environment.Job instance at 0x7fab6894a6e0>,8,22,[14  3],9,54,76,45,47
1,<environment.Job instance at 0x7fab6fd5a190>,1,22,[11  3],2,76,98,74,69
1,<environment.Job instance at 0x7fab6894a960>,12,26,[ 1 12],13,85,111,72,85
1,<environment.Job instance at 0x7fab6894ac80>,17,28,[ 5 10],18,111,139,93,110
1,<environment.Job instance at 0x7fab6894a320>,3,18,[ 4 14],4,1133,1151,1129,1133
1,<environment.Job instance at 0x7fab688f2a00>,0,25,[9 3],1,1,26,0,1
1,<environment.Job instance at 0x7fab6894a320>,2,22,[5 3],3,3,25,0,3
1,<environment.Job instance at 0x7fab24d440a0>,7,21,[1 9],8,8,29,0,8
1,<environment.Job instance at 0x7fab24d44d70>,14,19,[6 1],15,26,45,11,26
1,<environment.Job instance at 0x7fab24d44280>,6,3,[ 2 12],7,29,32,22,26
1,<environment.Job instance at 0x7fab24d3b960>,16,24,[11  5],17,45,69,28,40
1,<environment.Job instance at 0x7fab24d3b230>,17,21,[ 3 10],18,40,61,22,40
1,<environment.Job instance at 0x7fab24d47a50>,20,26,[10  5],21,69,95,48,66
1,<environment.Job instance at 0x7fab24d470f0>,18,25,[14  4],19,95,120,76,91
1,<environment.Job instance at 0x7fab24d47cd0>,24,21,[ 4 12],25,120,141,95,112
1,<environment.Job instance at 0x7fab24d47f50>,27,27,[2 9],28,141,168,113,139
1,<environment.Job instance at 0x7fab24d3c550>,28,21,[9 4],29,141,162,112,139
1,<environment.Job instance at 0x7fab24d47550>,23,2,[13  3],24,162,164,138,162
1,<environment.Job instance at 0x7fab24d3cc30>,32,28,[2 8],33,168,196,135,167
1,<environment.Job instance at 0x7fab24da8b90>,37,20,[5 3],38,173,193,135,173
1,<environment.Job instance at 0x7fab24db3910>,39,21,[6 1],40,180,201,140,180
1,<environment.Job instance at 0x7fab24d56e10>,42,24,[7 5],43,198,222,155,198
1,<environment.Job instance at 0x7fab24d5b2d0>,44,28,[2 7],45,198,226,153,198
1,<environment.Job instance at 0x7fab24dc7280>,45,28,[9 2],46,222,250,176,221
1,<environment.Job instance at 0x7fab24ea7d20>,46,22,[6 1],47,226,248,179,221
1,<environment.Job instance at 0x7fab24d5c2d0>,49,22,[2 7],50,248,270,198,241
1,<environment.Job instance at 0x7fab24d5c0a0>,50,20,[ 3 13],51,270,290,219,261
1,<environment.Job instance at 0x7fab6fecc230>,6,25,[8 5],7,7,32,0,7
1,<environment.Job instance at 0x7fab24d09820>,10,24,[9 1],11,32,56,21,27
1,<environment.Job instance at 0x7fab24d09320>,11,25,[7 1],12,56,81,44,52
1,<environment.Job instance at 0x7fab68b43af0>,12,24,[12  5],13,81,105,68,76
1,<environment.Job instance at 0x7fab24c10be0>,16,27,[ 4 14],17,105,132,88,103
1,<environment.Job instance at 0x7fab686e1550>,17,23,[2 9],18,132,155,114,126
1,<environment.Job instance at 0x7fab24ba20a0>,3,18,[12  1],4,1398,1416,1394,1398
1,<environment.Job instance at 0x7fab68df2730>,23,20,[8 1],24,1416,1436,1392,1407
1,<environment.Job instance at 0x7fab6fecdb90>,24,1,[13  4],25,1436,1437,1411,1408
1,<environment.Job instance at 0x7fab68b645a0>,3,24,[11  3],4,4,28,0,4
1,<environment.Job instance at 0x7fab69473f50>,0,2,[13  5],1,28,30,27,23
1,<environment.Job instance at 0x7fab68b64c30>,7,23,[10  3],8,30,53,22,24
1,<environment.Job instance at 0x7fab68af7be0>,8,19,[1 5],9,24,43,15,24
1,<environment.Job instance at 0x7fab68c0c230>,12,24,[7 5],13,53,77,40,48
1,<environment.Job instance at 0x7fab68c0c820>,13,20,[14  5],14,77,97,63,68
1,<environment.Job instance at 0x7fab6902c4b0>,16,27,[5 5],17,97,124,80,95
1,<environment.Job instance at 0x7fab68b852d0>,22,12,[7 2],23,99,111,76,99
1,<environment.Job instance at 0x7fab68bde6e0>,1,27,[5 1],2,2,29,0,2
1,<environment.Job instance at 0x7fab250160a0>,2,21,[1 6],3,3,24,0,3
1,<environment.Job instance at 0x7fab6941cc30>,6,25,[8 3],7,7,32,0,7
1,<environment.Job instance at 0x7fab6943d960>,14,21,[6 4],15,29,50,14,28
1,<environment.Job instance at 0x7fab688ddfa0>,16,25,[ 5 10],17,39,64,22,39
1,<environment.Job instance at 0x7fab688dc320>,17,26,[9 3],18,50,76,32,47
1,<environment.Job instance at 0x7fab6943d3c0>,18,26,[ 1 12],19,64,90,45,61
1,<environment.Job instance at 0x7fab251ea780>,19,28,[3 6],20,90,118,70,89
1,<environment.Job instance at 0x7fab251d0cd0>,11,19,[12  1],12,138,157,126,138
1,<environment.Job instance at 0x7fab68d81af0>,0,24,[11  5],1,1,25,0,1
1,<environment.Job instance at 0x7fab68f5c8c0>,7,27,[5 7],8,25,52,17,23
1,<environment.Job instance at 0x7fab68f5ca50>,9,21,[12  3],10,52,73,42,44
1,<environment.Job instance at 0x7fab69436960>,0,24,[4 5],1,1,25,0,1
1,<environment.Job instance at 0x7fab69436c80>,3,25,[ 5 10],4,4,29,0,4
1,<environment.Job instance at 0x7fab690155f0>,8,27,[7 4],9,25,52,16,23
1,<environment.Job instance at 0x7fab25122820>,2,20,[10  3],3,3,23,0,3
1,<environment.Job instance at 0x7fab25122780>,5,23,[9 5],6,23,46,17,17
1,<environment.Job instance at 0x7fab24b68d20>,6,27,[7 3],7,46,73,39,44
1,<environment.Job instance at 0x7fab6914ec80>,4,26,[13  3],5,73,99,68,70
1,<environment.Job instance at 0x7fab24b61140>,10,25,[9 5],11,99,124,88,95
1,<environment.Job instance at 0x7fab24b68f50>,8,19,[3 8],9,99,118,90,96
1,<environment.Job instance at 0x7fab24b613c0>,14,23,[6 1],15,118,141,103,112
1,<environment.Job instance at 0x7fab24b61500>,16,2,[ 4 14],17,124,126,107,122
1,<environment.Job instance at 0x7fab24b616e0>,17,23,[10  3],18,141,164,123,135
1,<environment.Job instance at 0x7fab25052f50>,0,1,[2 7],1,1,2,0,1
1,<environment.Job instance at 0x7fab696780f0>,3,23,[ 5 10],4,4,27,0,4
1,<environment.Job instance at 0x7fab69678410>,7,24,[10  4],8,8,32,0,8
1,<environment.Job instance at 0x7fab68856b40>,12,25,[10  3],13,32,57,19,28
1,<environment.Job instance at 0x7fab24e890f0>,11,1,[ 3 12],12,32,33,20,28
1,<environment.Job instance at 0x7fab69081aa0>,15,24,[13  2],16,57,81,41,52
1,<environment.Job instance at 0x7fab69081a50>,16,22,[4 5],17,81,103,64,74
1,<environment.Job instance at 0x7fab690819b0>,14,20,[ 3 14],15,103,123,88,94
1,<environment.Job instance at 0x7fab688cf1e0>,19,28,[6 1],20,94,122,74,94
1,<environment.Job instance at 0x7fab24c25870>,20,20,[8 3],21,123,143,102,114
1,<environment.Job instance at 0x7fab695ed2d0>,21,22,[5 2],22,123,145,101,116
1,<environment.Job instance at 0x7fab690b4050>,22,23,[11  1],23,145,168,122,139
1,<environment.Job instance at 0x7fab692927d0>,2,20,[10  3],3,3,23,0,3
1,<environment.Job instance at 0x7fab68a2f460>,3,27,[7 2],4,23,50,19,21
1,<environment.Job instance at 0x7fab68a2f1e0>,5,21,[10  1],6,50,71,44,42
1,<environment.Job instance at 0x7fab68a2f3c0>,8,22,[13  4],9,71,93,62,64
1,<environment.Job instance at 0x7fab6fec4910>,10,25,[12  1],11,93,118,82,89
1,<environment.Job instance at 0x7fab6fec43c0>,11,26,[10  2],12,118,144,106,115
1,<environment.Job instance at 0x7fab690f06e0>,0,23,[13  5],1,1,24,0,1
1,<environment.Job instance at 0x7fab24fc90f0>,2,22,[5 4],3,24,46,21,17
1,<environment.Job instance at 0x7fab688bdb90>,1,28,[14  2],2,46,74,44,45
1,<environment.Job instance at 0x7fab24f6d140>,6,22,[13  1],7,74,96,67,67
1,<environment.Job instance at 0x7fab24e481e0>,8,22,[ 2 12],9,74,96,65,67
1,<environment.Job instance at 0x7fab68cea370>,14,21,[10  2],15,96,117,81,89
1,<environment.Job instance at 0x7fab24f6d820>,13,20,[ 1 14],14,117,137,103,108
1,<environment.Job instance at 0x7fab24eb0410>,1,24,[1 9],2,2,26,0,2
1,<environment.Job instance at 0x7fab68dd8230>,12,19,[ 4 10],13,26,45,13,23
1,<environment.Job instance at 0x7fab69339d20>,0,27,[14  1],1,1,28,0,1
1,<environment.Job instance at 0x7fab68dd82d0>,1,26,[5 6],2,28,54,26,25
1,<environment.Job instance at 0x7fab68795c80>,5,26,[11  1],6,54,80,48,51
1,<environment.Job instance at 0x7fab68795f00>,6,24,[12  2],7,80,104,73,75
1,<environment.Job instance at 0x7fab68795460>,8,22,[3 6],9,75,97,66,75
1,<environment.Job instance at 0x7fab68795050>,10,3,[ 5 14],11,104,107,93,86
1,<environment.Job instance at 0x7fab68795870>,12,20,[2 7],13,107,127,94,98
1,<environment.Job instance at 0x7fab252628c0>,15,23,[5 9],16,127,150,111,121
1,<environment.Job instance at 0x7fab25262230>,16,23,[9 5],17,121,144,104,121
1,<environment.Job instance at 0x7fab24a7ba50>,18,26,[ 4 12],19,150,176,131,147
1,<environment.Job instance at 0x7fab68d62dc0>,19,1,[ 2 14],20,176,177,156,148
1,<environment.Job instance at 0x7fab68db30f0>,20,25,[12  5],21,177,202,156,173
1,<environment.Job instance at 0x7fab252623c0>,21,20,[10  5],22,202,222,180,193
1,<environment.Job instance at 0x7fab2495a5a0>,24,20,[ 4 11],25,222,242,197,213
1,<environment.Job instance at 0x7fab6902acd0>,26,20,[8 2],27,222,242,195,213
1,<environment.Job instance at 0x7fab250561e0>,27,25,[8 5],28,242,267,214,238
1,<environment.Job instance at 0x7fab68f25af0>,29,27,[13  5],30,267,294,237,265
1,<environment.Job instance at 0x7fab25056cd0>,30,22,[10  4],31,294,316,263,287
1,<environment.Job instance at 0x7fab69298a00>,0,25,[5 1],1,1,26,0,1
1,<environment.Job instance at 0x7fab25056cd0>,2,27,[10  5],3,3,30,0,3
1,<environment.Job instance at 0x7fab68c1ee10>,8,26,[ 1 12],9,30,56,21,27
1,<environment.Job instance at 0x7fab25240d70>,10,22,[ 2 12],11,56,78,45,56
1,<environment.Job instance at 0x7fab692988c0>,1,2,[14  3],2,80,82,78,80
1,<environment.Job instance at 0x7fab68c1e820>,12,20,[12  3],13,82,102,69,81
1,<environment.Job instance at 0x7fab68c1e4b0>,9,19,[12  1],10,102,121,92,92
1,<environment.Job instance at 0x7fab69281320>,17,26,[ 3 14],18,102,128,84,99
1,<environment.Job instance at 0x7fab69263f00>,19,26,[1 5],20,128,154,108,125
1,<environment.Job instance at 0x7fab69263320>,21,18,[11  2],22,173,191,151,173
1,<environment.Job instance at 0x7fab69084a50>,0,22,[4 9],1,1,23,0,1
1,<environment.Job instance at 0x7fab68f64a50>,5,25,[5 3],6,6,31,0,6
1,<environment.Job instance at 0x7fab69084b90>,4,28,[ 4 10],5,23,51,18,22
1,<environment.Job instance at 0x7fab69084d70>,3,21,[5 8],4,51,72,47,43
1,<environment.Job instance at 0x7fab251ab230>,13,24,[5 8],14,72,96,58,67
1,<environment.Job instance at 0x7fab68a94870>,14,20,[5 5],15,67,87,52,67
1,<environment.Job instance at 0x7fab251ab4b0>,15,24,[ 4 11],16,96,120,80,91
1,<environment.Job instance at 0x7fab68dee550>,17,28,[8 4],18,92,120,74,92
1,<environment.Job instance at 0x7fab693ee730>,22,24,[13  3],23,120,144,97,115
1,<environment.Job instance at 0x7fab68896640>,25,22,[ 3 12],26,144,166,118,137
1,<environment.Job instance at 0x7fab68a292d0>,0,28,[6 5],1,1,29,0,1
1,<environment.Job instance at 0x7fab68a29230>,1,26,[2 6],2,2,28,0,2
1,<environment.Job instance at 0x7fab692559b0>,2,20,[8 4],3,28,48,25,19
1,<environment.Job instance at 0x7fab69255a50>,5,23,[2 8],6,29,52,23,28
1,<environment.Job instance at 0x7fab692555a0>,6,25,[ 4 13],7,52,77,45,48
1,<environment.Job instance at 0x7fab68704b40>,15,26,[12  4],16,77,103,61,74
1,<environment.Job instance at 0x7fab68704780>,9,22,[ 3 13],10,103,125,93,96
1,<environment.Job instance at 0x7fab68704aa0>,19,27,[10  2],20,103,130,83,101
1,<environment.Job instance at 0x7fab68704f00>,20,26,[ 3 13],21,125,151,104,122
1,<environment.Job instance at 0x7fab68704be0>,21,28,[9 5],22,151,179,129,150
1,<environment.Job instance at 0x7fab68704640>,22,24,[8 5],23,179,203,156,174
1,<environment.Job instance at 0x7fab68704c80>,25,21,[10  2],26,203,224,177,195
1,<environment.Job instance at 0x7fab687040f0>,16,19,[ 5 12],17,203,222,186,196
1,<environment.Job instance at 0x7fab252b4b90>,31,25,[ 3 13],32,222,247,190,218
1,<environment.Job instance at 0x7fab252b4140>,32,1,[12  1],33,242,243,209,242
1,<environment.Job instance at 0x7fab252b4280>,34,28,[14  1],35,247,275,212,246
1,<environment.Job instance at 0x7fab252b4320>,35,23,[5 5],36,275,298,239,269
1,<environment.Job instance at 0x7fab252b4a00>,36,28,[ 5 12],37,298,326,261,297
1,<environment.Job instance at 0x7fab252b4c30>,38,24,[ 2 11],39,326,350,287,321
1,<environment.Job instance at 0x7fab252b4d70>,39,21,[4 5],40,350,371,310,342
1,<environment.Job instance at 0x7fab689c1640>,0,22,[11  5],1,1,23,0,1
1,<environment.Job instance at 0x7fab68e27aa0>,2,28,[5 8],3,23,51,20,22
1,<environment.Job instance at 0x7fab249e73c0>,1,26,[11  5],2,51,77,49,48
1,<environment.Job instance at 0x7fab68e27230>,3,27,[1 7],4,48,75,44,48
1,<environment.Job instance at 0x7fab25134500>,9,23,[8 2],10,77,100,67,71
1,<environment.Job instance at 0x7fab25134690>,10,23,[2 8],11,75,98,64,71
1,<environment.Job instance at 0x7fab68a4baf0>,14,20,[5 6],15,98,118,83,89
1,<environment.Job instance at 0x7fab249f6230>,17,24,[ 1 13],18,118,142,100,113
1,<environment.Job instance at 0x7fab68fa6cd0>,16,19,[ 1 11],17,143,162,126,143
1,<environment.Job instance at 0x7fab68def4b0>,3,27,[9 3],4,4,31,0,4
1,<environment.Job instance at 0x7fab25216460>,8,21,[ 4 12],9,9,30,0,9
1,<environment.Job instance at 0x7fab25216a00>,11,21,[6 5],12,30,51,18,22
1,<environment.Job instance at 0x7fab25216a50>,13,21,[ 5 10],14,31,52,17,23
1,<environment.Job instance at 0x7fab25216910>,9,21,[4 6],10,52,73,42,47
1,<environment.Job instance at 0x7fab25216960>,14,3,[11  5],15,53,56,38,53
1,<environment.Job instance at 0x7fab25216be0>,16,21,[6 5],17,56,77,39,53
1,<environment.Job instance at 0x7fab2521a3c0>,25,1,[7 5],26,73,74,47,72
1,<environment.Job instance at 0x7fab2521a500>,27,27,[4 6],28,76,103,48,76
1,<environment.Job instance at 0x7fab2521a780>,31,20,[3 5],32,92,112,60,92
1,<environment.Job instance at 0x7fab693b3500>,1,25,[5 5],2,2,27,0,2
1,<environment.Job instance at 0x7fab689de870>,4,23,[8 1],5,5,28,0,5
1,<environment.Job instance at 0x7fab689de5a0>,5,26,[4 9],6,27,53,21,24
1,<environment.Job instance at 0x7fab689dee60>,10,20,[6 2],11,34,54,23,34
1,<environment.Job instance at 0x7fab68cc0af0>,7,21,[14  3],8,54,75,46,46
1,<environment.Job instance at 0x7fab69258870>,13,22,[10  5],14,75,97,61,68
1,<environment.Job instance at 0x7fab69258500>,14,25,[14  2],15,97,122,82,93
1,<environment.Job instance at 0x7fab68cdec80>,21,25,[ 5 14],22,122,147,100,118
1,<environment.Job instance at 0x7fab69258af0>,15,14,[14  1],16,264,278,248,264
1,<environment.Job instance at 0x7fab250ef2d0>,25,23,[6 5],26,278,301,252,272
1,<environment.Job instance at 0x7fab250332d0>,26,1,[6 4],27,278,279,251,272
1,<environment.Job instance at 0x7fab6fc96320>,28,2,[8 3],29,279,281,250,272
1,<environment.Job instance at 0x7fab68cb0780>,3,21,[2 7],4,4,25,0,4
1,<environment.Job instance at 0x7fab24a1a780>,4,20,[14  1],5,25,45,20,16
1,<environment.Job instance at 0x7fab690e3190>,8,3,[9 1],9,16,19,7,16
1,<environment.Job instance at 0x7fab688bf3c0>,10,23,[ 3 10],11,45,68,34,39
1,<environment.Job instance at 0x7fab6960fd70>,13,22,[9 5],14,45,67,31,39
1,<environment.Job instance at 0x7fab6960fb40>,15,21,[11  3],16,67,88,51,59
1,<environment.Job instance at 0x7fab68f6b6e0>,16,25,[8 1],17,88,113,71,84
1,<environment.Job instance at 0x7fab68b5ab90>,18,1,[ 2 14],19,88,89,69,84
1,<environment.Job instance at 0x7fab6960fe60>,19,22,[2 9],20,89,111,69,84
1,<environment.Job instance at 0x7fab6931eaa0>,21,28,[1 8],22,111,139,89,110
1,<environment.Job instance at 0x7fab68a73190>,22,27,[3 7],23,113,140,90,111
1,<environment.Job instance at 0x7f4a8cf5f1e0>,0,28,[9 3],1,1,29,0,1
1,<environment.Job instance at 0x7f4a8cfa2640>,2,22,[4 8],3,3,25,0,3
1,<environment.Job instance at 0x7f4a8cfa29b0>,1,22,[11  3],2,29,51,27,22
1,<environment.Job instance at 0x7f4a7db4b640>,7,25,[6 2],8,51,76,43,47
1,<environment.Job instance at 0x7f4a7db4b410>,6,20,[6 1],7,51,71,44,47
1,<environment.Job instance at 0x7f4a7db4b500>,5,24,[1 5],6,58,82,52,58
1,<environment.Job instance at 0x7f4a7db4b6e0>,8,22,[14  3],9,76,98,67,69
1,<environment.Job instance at 0x7f4a7db4b960>,12,26,[ 1 12],13,82,108,69,81
1,<environment.Job instance at 0x7f4a7db4bc80>,17,28,[ 5 10],18,108,136,90,107
1,<environment.Job instance at 0x7f4a7daf3b40>,1,22,[2 9],2,2,24,0,2
1,<environment.Job instance at 0x7f4a41f368c0>,6,24,[11  5],7,7,31,0,7
1,<environment.Job instance at 0x7f4a41f3ec80>,8,25,[14  4],9,31,56,22,27
1,<environment.Job instance at 0x7f4a41f3eaa0>,10,26,[10  5],11,56,82,45,53
1,<environment.Job instance at 0x7f4a41f36c30>,7,21,[ 3 10],8,56,77,48,53
1,<environment.Job instance at 0x7f4a41f3e4b0>,13,2,[13  3],14,82,84,68,72
1,<environment.Job instance at 0x7f4a41f3e2d0>,14,21,[ 4 12],15,84,105,69,76
1,<environment.Job instance at 0x7f4a41f3ef00>,17,27,[2 9],18,105,132,87,103
1,<environment.Job instance at 0x7f4a41f3e690>,18,21,[9 4],19,105,126,86,103
1,<environment.Job instance at 0x7f4a41f3f4b0>,22,28,[2 8],23,132,160,109,131
1,<environment.Job instance at 0x7f4a41f3fe60>,27,20,[5 3],28,131,151,103,131
1,<environment.Job instance at 0x7f4a41f3fcd0>,29,21,[6 1],30,132,153,102,132
1,<environment.Job instance at 0x7f4a41f432d0>,32,24,[7 5],33,151,175,118,146
1,<environment.Job instance at 0x7f4a41f42f50>,35,28,[9 2],36,175,203,139,174
1,<environment.Job instance at 0x7f4a41f43050>,34,28,[2 7],35,174,202,139,174
1,<environment.Job instance at 0x7f4a41f42550>,39,22,[2 7],40,202,224,162,195
1,<environment.Job instance at 0x7f4a41f42410>,43,2,[5 9],44,224,226,180,200
1,<environment.Job instance at 0x7f4a41f42af0>,40,20,[ 3 13],41,226,246,185,217
1,<environment.Job instance at 0x7f4a41f42dc0>,47,19,[10  5],48,246,265,198,236
1,<environment.Job instance at 0x7f4a8cf86b40>,3,20,[8 1],4,4,24,0,4
1,<environment.Job instance at 0x7f4a8cf86be0>,4,1,[13  4],5,24,25,19,7
1,<environment.Job instance at 0x7f4a41e6d1e0>,7,20,[5 7],8,25,45,17,16
1,<environment.Job instance at 0x7f4a8cf86af0>,10,23,[2 7],11,16,39,5,16
1,<environment.Job instance at 0x7f4a41e68b40>,12,28,[1 7],13,39,67,26,38
1,<environment.Job instance at 0x7f4a41e68230>,14,22,[6 5],15,45,67,30,38
1,<environment.Job instance at 0x7f4a7d8bd280>,18,22,[5 2],19,49,71,30,49
1,<environment.Job instance at 0x7f4a41f05a50>,22,21,[4 8],23,68,89,45,68
1,<environment.Job instance at 0x7f4a41eeea00>,24,21,[3 8],25,89,110,64,81
1,<environment.Job instance at 0x7f4a41eee370>,25,25,[ 5 10],26,110,135,84,106
1,<environment.Job instance at 0x7f4a41e09dc0>,28,20,[14  4],29,135,155,106,126
1,<environment.Job instance at 0x7f4a7d8c9640>,30,27,[ 4 10],31,155,182,124,153
1,<environment.Job instance at 0x7f4a7dd84500>,31,25,[12  4],32,182,207,150,178
1,<environment.Job instance at 0x7f4a7d8c4eb0>,33,27,[3 8],34,182,209,148,180
1,<environment.Job instance at 0x7f4a41de0a50>,35,24,[8 4],36,207,231,171,202
1,<environment.Job instance at 0x7f4a41e2cc80>,38,3,[13  2],39,231,234,192,205
1,<environment.Job instance at 0x7f4a7dc26500>,0,2,[5 3],1,2,4,1,2
1,<environment.Job instance at 0x7f4a7dc26640>,4,28,[6 1],5,5,33,0,5
1,<environment.Job instance at 0x7f4a8ce59eb0>,5,21,[10  2],6,33,54,27,25
1,<environment.Job instance at 0x7f4a7dc345a0>,8,3,[ 1 13],9,25,28,16,25
1,<environment.Job instance at 0x7f4a82200870>,10,20,[ 1 10],11,28,48,17,27
1,<environment.Job instance at 0x7f4a82832aa0>,11,22,[5 3],12,48,70,36,41
1,<environment.Job instance at 0x7f4a826e3230>,15,22,[1 7],16,54,76,38,47
1,<environment.Job instance at 0x7f4a7dea3d20>,16,20,[5 7],17,70,90,53,61
1,<environment.Job instance at 0x7f4a7dd33190>,21,25,[ 3 14],22,90,115,68,86
1,<environment.Job instance at 0x7f4a7dd33690>,2,25,[4 6],3,3,28,0,3
1,<environment.Job instance at 0x7f4a7dd33190>,4,24,[7 5],5,5,29,0,5
1,<environment.Job instance at 0x7f4a7df88aa0>,9,24,[4 9],10,28,52,18,23
1,<environment.Job instance at 0x7f4a7df88a50>,6,21,[14  1],7,52,73,45,48
1,<environment.Job instance at 0x7f4a7d945fa0>,19,27,[ 3 14],20,73,100,53,71
1,<environment.Job instance at 0x7f4a826214b0>,20,20,[5 6],21,100,120,79,91
1,<environment.Job instance at 0x7f4a7df4c230>,21,1,[ 5 13],22,120,121,98,107
1,<environment.Job instance at 0x7f4a7d94faa0>,22,25,[13  4],23,121,146,98,117
1,<environment.Job instance at 0x7f4a42183190>,0,21,[13  2],1,3,24,2,3
1,<environment.Job instance at 0x7f4a82184230>,11,23,[13  3],12,24,47,12,18
1,<environment.Job instance at 0x7f4a8257cc30>,2,18,[ 2 11],3,259,277,256,259
1,<environment.Job instance at 0x7f4a7dc5dc80>,14,21,[6 5],15,277,298,262,269
1,<environment.Job instance at 0x7f4a7dc5dbe0>,16,26,[7 4],17,269,295,252,269
1,<environment.Job instance at 0x7f4a7da953c0>,4,23,[5 5],5,5,28,0,5
1,<environment.Job instance at 0x7f4a7d9a4cd0>,7,25,[7 3],8,8,33,0,8
1,<environment.Job instance at 0x7f4a7da95d70>,5,23,[ 2 12],6,28,51,22,22
1,<environment.Job instance at 0x7f4a823f59b0>,10,27,[5 2],11,33,60,22,31
1,<environment.Job instance at 0x7f4a7df37280>,17,21,[7 1],18,41,62,23,41
1,<environment.Job instance at 0x7f4a7db3a690>,8,1,[12  5],9,62,63,53,58
1,<environment.Job instance at 0x7f4a7de41690>,24,20,[ 2 11],25,67,87,42,67
1,<environment.Job instance at 0x7f4a41ddc140>,27,26,[3 7],28,87,113,59,84
1,<environment.Job instance at 0x7f4a8212ed20>,28,26,[4 6],29,87,113,58,84
1,<environment.Job instance at 0x7f4a82771910>,30,20,[4 9],31,113,133,82,104
1,<environment.Job instance at 0x7f4a7dfe67d0>,33,20,[1 8],34,133,153,99,124
1,<environment.Job instance at 0x7f4a41ffcf00>,4,27,[3 8],5,5,32,0,5
1,<environment.Job instance at 0x7f4a42002140>,7,28,[2 6],8,8,36,0,8
1,<environment.Job instance at 0x7f4a420020f0>,8,28,[7 1],9,9,37,0,9
1,<environment.Job instance at 0x7f4a42002190>,9,26,[10  3],10,37,63,27,34
1,<environment.Job instance at 0x7f4a822ddb40>,10,27,[5 2],11,34,61,23,34
1,<environment.Job instance at 0x7f4a42002a50>,18,12,[ 1 12],19,290,302,271,290
1,<environment.Job instance at 0x7f4a42002af0>,19,19,[5 8],20,302,321,282,292
1,<environment.Job instance at 0x7f4a42002c30>,21,22,[8 3],22,292,314,270,292
1,<environment.Job instance at 0x7f4a4230e230>,6,18,[10  3],7,12,30,5,12
1,<environment.Job instance at 0x7f4a824a0aa0>,11,18,[ 2 10],12,30,48,18,30
1,<environment.Job instance at 0x7f4a824a0b40>,15,19,[ 2 12],16,48,67,32,38
1,<environment.Job instance at 0x7f4a7da72410>,16,20,[6 2],17,38,58,21,38
1,<environment.Job instance at 0x7f4a7db697d0>,17,26,[12  4],18,67,93,49,64
1,<environment.Job instance at 0x7f4a7dcf91e0>,21,20,[1 5],22,67,87,45,66
1,<environment.Job instance at 0x7f4a7dcf9320>,23,20,[7 1],24,93,113,69,84
1,<environment.Job instance at 0x7f4a7dcf9d20>,24,1,[ 4 11],25,93,94,68,85
1,<environment.Job instance at 0x7f4a41debaa0>,0,25,[5 8],1,1,26,0,1
1,<environment.Job instance at 0x7f4a420d0870>,5,23,[7 1],6,8,31,2,8
1,<environment.Job instance at 0x7f4a421bceb0>,3,25,[ 2 10],4,26,51,22,22
1,<environment.Job instance at 0x7f4a420d08c0>,6,23,[5 3],7,26,49,19,22
1,<environment.Job instance at 0x7f4a7df882d0>,13,28,[ 5 13],14,51,79,37,50
1,<environment.Job instance at 0x7f4a82679820>,10,27,[ 1 14],11,79,106,68,77
1,<environment.Job instance at 0x7f4a8d15a5a0>,22,20,[5 9],23,106,126,83,97
1,<environment.Job instance at 0x7f4a423549b0>,21,1,[ 2 13],22,126,127,104,106
1,<environment.Job instance at 0x7f4a7de110f0>,27,2,[11  1],28,126,128,98,106
1,<environment.Job instance at 0x7f4a7da32e60>,28,2,[5 3],29,106,108,77,106
1,<environment.Job instance at 0x7f4a420800f0>,30,19,[3 5],31,127,146,96,117
1,<environment.Job instance at 0x7f4a42143c30>,33,25,[ 5 10],34,128,153,94,124
1,<environment.Job instance at 0x7f4a7d8c12d0>,35,20,[ 4 11],36,153,173,117,151
1,<environment.Job instance at 0x7f4a4211f690>,0,28,[4 9],1,1,29,0,1
1,<environment.Job instance at 0x7f4a8243ba00>,2,19,[8 4],3,5,24,2,5
1,<environment.Job instance at 0x7f4a7e05e690>,5,25,[7 4],6,24,49,18,20
1,<environment.Job instance at 0x7f4a7e05e820>,8,25,[14  3],9,49,74,40,45
1,<environment.Job instance at 0x7f4a7e05e960>,9,27,[14  3],10,74,101,64,72
1,<environment.Job instance at 0x7f4a7dfa3410>,1,24,[ 5 13],2,101,125,99,96
1,<environment.Job instance at 0x7f4a7e05edc0>,16,28,[4 7],17,125,153,108,124
1,<environment.Job instance at 0x7f4a7e05efa0>,18,3,[ 4 13],19,156,159,137,156
1,<environment.Job instance at 0x7f4a7e078280>,7,20,[10  4],8,8,28,0,8
1,<environment.Job instance at 0x7f4a82595a00>,8,26,[ 5 10],9,9,35,0,9
1,<environment.Job instance at 0x7f4a82595d70>,9,27,[2 7],10,35,62,25,33
1,<environment.Job instance at 0x7f4a7dff4190>,15,26,[11  4],16,37,63,21,37
1,<environment.Job instance at 0x7f4a424006e0>,5,22,[14  4],6,6,28,0,6
1,<environment.Job instance at 0x7f4a42400460>,13,23,[14  5],14,28,51,14,22
1,<environment.Job instance at 0x7f4a42400d70>,9,2,[ 2 11],10,51,53,41,28
1,<environment.Job instance at 0x7f4a42400370>,20,25,[ 4 10],21,53,78,32,49
1,<environment.Job instance at 0x7f4a42400190>,21,22,[9 1],22,51,73,29,49
1,<environment.Job instance at 0x7f4a7d9e5b40>,10,28,[ 5 12],11,11,39,0,11
1,<environment.Job instance at 0x7f4a42372910>,15,3,[7 4],16,39,42,23,27
1,<environment.Job instance at 0x7f4a423725f0>,17,25,[12  1],18,42,67,24,38
1,<environment.Job instance at 0x7f4a42372c80>,22,28,[9 5],23,67,95,44,66
1,<environment.Job instance at 0x7f4a41cbc050>,7,28,[ 1 14],8,8,36,0,8
1,<environment.Job instance at 0x7f4a41cbc1e0>,8,23,[5 6],9,36,59,27,30
1,<environment.Job instance at 0x7f4a41cbce60>,9,24,[ 4 14],10,59,83,49,54
1,<environment.Job instance at 0x7f4a41fa1870>,11,23,[11  2],12,83,106,71,77
1,<environment.Job instance at 0x7f4a7dd88370>,14,27,[ 5 10],15,106,133,91,104
1,<environment.Job instance at 0x7f4a7dd885a0>,15,28,[13  4],16,133,161,117,132
1,<environment.Job instance at 0x7f4a7dd888c0>,16,24,[5 2],17,161,185,144,156
1,<environment.Job instance at 0x7f4a42053320>,0,28,[9 5],1,1,29,0,1
1,<environment.Job instance at 0x7f4a424ac640>,4,24,[6 4],5,5,29,0,5
1,<environment.Job instance at 0x7f4a41c7bc80>,10,22,[11  5],11,29,51,18,22
1,<environment.Job instance at 0x7f4a41c7b780>,11,26,[11  5],12,51,77,39,48
1,<environment.Job instance at 0x7f4a41c7b960>,12,28,[5 8],13,77,105,64,76
1,<environment.Job instance at 0x7f4a41c7ba50>,13,27,[1 7],14,76,103,62,76
1,<environment.Job instance at 0x7f4a41c7be60>,19,23,[8 2],20,103,126,83,97
1,<environment.Job instance at 0x7f4a41c7bd20>,20,23,[2 8],21,105,128,84,99
1,<environment.Job instance at 0x7f4a423116e0>,3,27,[9 3],4,4,31,0,4
1,<environment.Job instance at 0x7f4a42324050>,8,21,[ 4 12],9,9,30,0,9
1,<environment.Job instance at 0x7f4a42324960>,11,21,[6 5],12,30,51,18,22
1,<environment.Job instance at 0x7f4a42324370>,13,21,[ 5 10],14,31,52,17,23
1,<environment.Job instance at 0x7f4a42324280>,9,21,[4 6],10,52,73,42,44
1,<environment.Job instance at 0x7f4a42324820>,16,21,[6 5],17,51,72,34,48
1,<environment.Job instance at 0x7f4a42324f50>,14,3,[11  5],15,73,76,58,73
1,<environment.Job instance at 0x7f4a423190f0>,25,1,[7 5],26,76,77,50,73
1,<environment.Job instance at 0x7f4a42326370>,27,27,[4 6],28,74,101,46,74
1,<environment.Job instance at 0x7f4a7ddc65f0>,31,20,[3 5],32,95,115,63,95
1,<environment.Job instance at 0x7f4a7da79280>,0,20,[6 2],1,1,21,0,1
1,<environment.Job instance at 0x7f4a41b980f0>,3,22,[10  5],4,21,43,17,14
1,<environment.Job instance at 0x7f4a7da79730>,4,25,[14  2],5,43,68,38,39
1,<environment.Job instance at 0x7f4a821a0190>,11,25,[ 5 14],12,68,93,56,64
1,<environment.Job instance at 0x7f4a7da741e0>,15,23,[6 5],16,93,116,77,87
1,<environment.Job instance at 0x7f4a8286c4b0>,1,28,[1 8],2,2,30,0,2
1,<environment.Job instance at 0x7f4a41b98140>,2,27,[3 7],3,3,30,0,3
1,<environment.Job instance at 0x7f4a8219cbe0>,7,25,[13  5],8,30,55,22,26
1,<environment.Job instance at 0x7f4a8219cc80>,8,25,[6 4],9,55,80,46,51
1,<environment.Job instance at 0x7f4a8219ceb0>,9,25,[8 1],10,55,80,45,51
1,<environment.Job instance at 0x7f4a7d949d20>,12,25,[4 6],13,80,105,67,76
1,<environment.Job instance at 0x7f4a7d949870>,15,27,[10  1],16,80,107,64,80
1,<environment.Job instance at 0x7f4a7d949280>,16,23,[10  1],17,107,130,90,101
1,<environment.Job instance at 0x7f4a7d949d70>,18,26,[10  2],19,130,156,111,127
1,<environment.Job instance at 0x7f4a7d949690>,20,20,[ 1 12],21,127,147,106,127
1,<environment.Job instance at 0x7f4a7d949cd0>,21,24,[8 1],22,156,180,134,151
1,<environment.Job instance at 0x7f4a7d949e60>,23,25,[13  5],24,180,205,156,176
1,<environment.Job instance at 0x7f4a7dd842d0>,0,24,[6 1],1,1,25,0,1
1,<environment.Job instance at 0x7f4a7dd84550>,1,1,[10  1],2,25,26,23,4
1,<environment.Job instance at 0x7f4a7dd84b90>,6,23,[ 4 11],7,7,30,0,7
1,<environment.Job instance at 0x7f4a7dd841e0>,7,27,[5 3],8,26,53,18,24
1,<environment.Job instance at 0x7f4a7dd84410>,15,21,[4 8],16,46,67,30,46
1,<environment.Job instance at 0x7f4a8244bb90>,18,21,[8 5],19,59,80,40,59
1,<environment.Job instance at 0x7f4a8244b4b0>,20,24,[7 5],21,67,91,46,62
1,<environment.Job instance at 0x7f4a8244b410>,22,25,[ 1 14],23,91,116,68,87
1,<environment.Job instance at 0x7f4a8244b230>,31,25,[9 5],32,116,141,84,112
1,<environment.Job instance at 0x7f4a8244b190>,33,25,[1 7],34,129,154,95,129
1,<environment.Job instance at 0x7f4a8244b960>,34,19,[5 8],35,141,160,106,131
1,<environment.Job instance at 0x7f4a8244b690>,36,1,[11  2],37,160,161,123,151
1,<environment.Job instance at 0x7f4a423f6190>,37,2,[ 5 11],38,161,163,123,156
1,<environment.Job instance at 0x7f6acb53b190>,0,28,[9 3],1,1,29,0,1
1,<environment.Job instance at 0x7f6acb57e640>,2,22,[4 8],3,3,25,0,3
1,<environment.Job instance at 0x7f6acb57e9b0>,1,22,[11  3],2,29,51,27,22
1,<environment.Job instance at 0x7f6ac612b640>,7,25,[6 2],8,51,76,43,47
1,<environment.Job instance at 0x7f6ac612b5a0>,6,20,[6 1],7,51,71,44,47
1,<environment.Job instance at 0x7f6ac612b6e0>,8,22,[14  3],9,76,98,67,69
1,<environment.Job instance at 0x7f6ac612b960>,12,26,[ 1 12],13,69,95,56,69
1,<environment.Job instance at 0x7f6ac612bc80>,17,28,[ 5 10],18,98,126,80,97
1,<environment.Job instance at 0x7f6ac60d2dc0>,0,26,[10  5],1,1,27,0,1
1,<environment.Job instance at 0x7f6a803a2eb0>,7,27,[2 9],8,8,35,0,8
1,<environment.Job instance at 0x7f6a803a2280>,8,21,[9 4],9,27,48,18,19
1,<environment.Job instance at 0x7f6a803a1b40>,12,28,[2 8],13,35,63,22,34
1,<environment.Job instance at 0x7f6a8039f5a0>,4,21,[ 4 12],5,63,84,58,55
1,<environment.Job instance at 0x7f6a803c3e10>,19,21,[6 1],20,65,86,45,65
1,<environment.Job instance at 0x7f6a803a0c30>,22,24,[7 5],23,84,108,61,79
1,<environment.Job instance at 0x7f6a803a0f00>,24,28,[2 7],25,84,112,59,83
1,<environment.Job instance at 0x7f6a803a0cd0>,25,28,[9 2],26,108,136,82,107
1,<environment.Job instance at 0x7f6a803a0280>,26,22,[6 1],27,112,134,85,107
1,<environment.Job instance at 0x7f6a8058bf00>,29,22,[2 7],30,134,156,104,127
1,<environment.Job instance at 0x7f6a8051dc80>,30,20,[ 3 13],31,156,176,125,147
1,<environment.Job instance at 0x7f6ac60d2fa0>,3,2,[13  3],4,176,178,172,171
1,<environment.Job instance at 0x7f6a805245f0>,37,19,[10  5],38,178,197,140,176
1,<environment.Job instance at 0x7f6acb563910>,2,21,[4 8],3,3,24,0,3
1,<environment.Job instance at 0x7f6acb5634b0>,4,21,[3 8],5,24,45,19,17
1,<environment.Job instance at 0x7f6acb6a6cd0>,5,25,[ 5 10],6,45,70,39,41
1,<environment.Job instance at 0x7f6a804ec1e0>,10,27,[ 4 10],11,70,97,59,68
1,<environment.Job instance at 0x7f6a804eceb0>,11,25,[12  4],12,97,122,85,93
1,<environment.Job instance at 0x7f6a804ec910>,13,27,[3 8],14,97,124,83,95
1,<environment.Job instance at 0x7f6a804ecfa0>,15,24,[8 4],16,122,146,106,117
1,<environment.Job instance at 0x7f6ac6352230>,18,3,[13  2],19,146,149,127,127
1,<environment.Job instance at 0x7f6ac5efd730>,8,20,[14  4],9,149,169,140,140
1,<environment.Job instance at 0x7f6ac5f05280>,30,26,[9 4],31,174,200,143,174
1,<environment.Job instance at 0x7f6ac65ec5a0>,34,22,[ 1 12],35,215,237,180,215
1,<environment.Job instance at 0x7f6a803949b0>,35,20,[3 8],36,237,257,201,228
1,<environment.Job instance at 0x7f6acb6a8eb0>,36,26,[ 3 12],37,257,283,220,254
1,<environment.Job instance at 0x7f6ac6bd2aa0>,0,22,[5 9],1,1,23,0,1
1,<environment.Job instance at 0x7f6ac61b3dc0>,3,25,[12  3],4,23,48,19,19
1,<environment.Job instance at 0x7f6ac68d2320>,5,21,[7 1],6,48,69,42,40
1,<environment.Job instance at 0x7f6acb435960>,8,2,[ 5 14],9,48,50,39,40
1,<environment.Job instance at 0x7f6ac6702230>,10,1,[ 5 14],11,52,53,41,52
1,<environment.Job instance at 0x7f6ac6217aa0>,12,26,[ 4 10],13,53,79,40,52
1,<environment.Job instance at 0x7f6ac6bd43c0>,15,24,[ 5 11],16,79,103,63,74
1,<environment.Job instance at 0x7f6ac62ba4b0>,16,25,[7 3],17,74,99,57,74
1,<environment.Job instance at 0x7f6ac5f8a690>,2,1,[ 4 14],3,103,104,100,95
1,<environment.Job instance at 0x7f6ac61fea50>,19,27,[1 5],20,104,131,84,102
1,<environment.Job instance at 0x7f6ac63975a0>,21,20,[2 9],22,104,124,82,104
1,<environment.Job instance at 0x7f6ac6385230>,23,27,[12  4],24,124,151,100,122
1,<environment.Job instance at 0x7f6ac6c584b0>,13,2,[ 4 11],14,151,153,137,124
1,<environment.Job instance at 0x7f6ac623bf00>,28,14,[14  1],29,1881,1895,1852,1881
1,<environment.Job instance at 0x7f6a809eddc0>,1,28,[ 5 12],2,2,30,0,2
1,<environment.Job instance at 0x7f6ac6124820>,2,28,[2 6],3,30,58,27,29
1,<environment.Job instance at 0x7f6a80763be0>,6,23,[11  3],7,30,53,23,29
1,<environment.Job instance at 0x7f6ac654c140>,4,28,[ 1 11],5,58,86,53,57
1,<environment.Job instance at 0x7f6a80763c30>,15,27,[6 1],16,58,85,42,58
1,<environment.Job instance at 0x7f6ac67c2230>,16,22,[5 5],17,86,108,69,79
1,<environment.Job instance at 0x7f6ac5f96050>,19,26,[2 7],20,86,112,66,83
1,<environment.Job instance at 0x7f6ac5f96cd0>,20,23,[10  3],21,108,131,87,102
1,<environment.Job instance at 0x7f6ac5f9fbe0>,22,1,[13  2],23,131,132,108,114
1,<environment.Job instance at 0x7f6a80a19410>,24,21,[8 1],25,132,153,107,124
1,<environment.Job instance at 0x7f6ac625d640>,1,25,[4 9],2,2,27,0,2
1,<environment.Job instance at 0x7f6ac6840460>,8,20,[5 6],9,9,29,0,9
1,<environment.Job instance at 0x7f6ac6a80cd0>,15,20,[3 7],16,37,57,21,37
1,<environment.Job instance at 0x7f6ac6a80b90>,17,21,[1 7],18,46,67,28,46
1,<environment.Job instance at 0x7f6ac604ee10>,1,22,[10  5],2,2,24,0,2
1,<environment.Job instance at 0x7f6ac6a80820>,2,1,[ 5 14],3,24,25,21,6
1,<environment.Job instance at 0x7f6ac6426910>,8,23,[2 5],9,25,48,16,19
1,<environment.Job instance at 0x7f6a80705910>,0,20,[14  2],1,48,68,47,39
1,<environment.Job instance at 0x7f6ac5f8c5f0>,2,23,[6 1],3,3,26,0,3
1,<environment.Job instance at 0x7f6ac5f69500>,10,26,[ 2 10],11,11,37,0,11
1,<environment.Job instance at 0x7f6ac5f699b0>,15,26,[ 5 13],16,37,63,21,34
1,<environment.Job instance at 0x7f6ac5f69c30>,18,19,[8 1],19,45,64,26,45
1,<environment.Job instance at 0x7f6ac5f69af0>,19,20,[5 5],20,63,83,43,54
1,<environment.Job instance at 0x7f6ac5f69dc0>,23,23,[ 5 10],24,64,87,40,61
1,<environment.Job instance at 0x7f6ac5f540f0>,27,24,[10  4],28,83,107,55,78
1,<environment.Job instance at 0x7f6ac6390c80>,2,20,[10  3],3,3,23,0,3
1,<environment.Job instance at 0x7f6ac5f54190>,3,27,[7 2],4,23,50,19,21
1,<environment.Job instance at 0x7f6acb6a5550>,5,21,[10  1],6,50,71,44,42
1,<environment.Job instance at 0x7f6ac6bcfd70>,8,22,[13  4],9,71,93,62,64
1,<environment.Job instance at 0x7f6ac6bcfc80>,10,25,[12  1],11,93,118,82,89
1,<environment.Job instance at 0x7f6ac6bcf4b0>,11,26,[10  2],12,118,144,106,115
1,<environment.Job instance at 0x7f6ac5f1a500>,3,26,[7 4],4,4,30,0,4
1,<environment.Job instance at 0x7f6ac6bcff00>,4,22,[10  3],5,30,52,25,23
1,<environment.Job instance at 0x7f6ac65db1e0>,6,22,[4 9],7,23,45,16,23
1,<environment.Job instance at 0x7f6ac61a0af0>,7,25,[5 8],8,45,70,37,41
1,<environment.Job instance at 0x7f6ac5f03d20>,15,21,[5 6],16,59,80,43,59
1,<environment.Job instance at 0x7f6ac5f03aa0>,16,28,[ 3 11],17,80,108,63,79
1,<environment.Job instance at 0x7f6ac6deec30>,19,28,[6 3],20,79,107,59,79
1,<environment.Job instance at 0x7f6ac6deeeb0>,4,26,[5 3],5,5,31,0,5
1,<environment.Job instance at 0x7f6ac68e13c0>,5,27,[6 1],6,6,33,0,6
1,<environment.Job instance at 0x7f6ac68e1370>,8,20,[9 1],9,31,51,22,22
1,<environment.Job instance at 0x7f6ac65dc460>,13,20,[ 1 13],14,50,70,36,50
1,<environment.Job instance at 0x7f6ac6511500>,3,19,[ 1 11],4,70,89,66,69
1,<environment.Job instance at 0x7f6ac624bbe0>,15,26,[12  4],16,70,96,54,69
1,<environment.Job instance at 0x7f6a80ae9370>,1,24,[5 3],2,2,26,0,2
1,<environment.Job instance at 0x7f6a808d70f0>,5,25,[2 6],6,6,31,0,6
1,<environment.Job instance at 0x7f6a808d7050>,8,28,[4 6],9,9,37,0,9
1,<environment.Job instance at 0x7f6ac6345c30>,11,23,[ 1 10],12,37,60,25,31
1,<environment.Job instance at 0x7f6ac6345cd0>,14,28,[4 7],15,60,88,45,59
1,<environment.Job instance at 0x7f6ac6345730>,16,24,[11  4],17,59,83,42,59
1,<environment.Job instance at 0x7f6ac61c9870>,20,24,[9 4],21,83,107,62,78
1,<environment.Job instance at 0x7f6ac61c9910>,24,21,[3 7],25,90,111,65,90
1,<environment.Job instance at 0x7f6a80ae93c0>,4,19,[12  3],5,178,197,173,178
1,<environment.Job instance at 0x7f6ac61c9f50>,23,16,[ 1 12],24,291,307,267,291
1,<environment.Job instance at 0x7f6ac64ea230>,31,16,[12  1],32,330,346,298,330
1,<environment.Job instance at 0x7f6a803f0fa0>,5,19,[6 4],6,6,25,0,6
1,<environment.Job instance at 0x7f6a803f0230>,2,20,[ 2 11],3,11,31,8,11
1,<environment.Job instance at 0x7f6a80136690>,12,28,[13  1],13,25,53,12,24
1,<environment.Job instance at 0x7f6a8088e410>,16,21,[8 4],17,53,74,36,45
1,<environment.Job instance at 0x7f6a809f3dc0>,5,1,[12  1],6,8,9,2,8
1,<environment.Job instance at 0x7f6ac67b1500>,8,1,[3 8],9,16,17,7,16
1,<environment.Job instance at 0x7f6ac67b1550>,9,2,[4 7],10,17,19,7,17
1,<environment.Job instance at 0x7f6ac67b1230>,7,3,[ 3 12],8,19,22,11,17
1,<environment.Job instance at 0x7f6ac67b1870>,14,22,[5 1],15,28,50,13,28
1,<environment.Job instance at 0x7f6ac67b1a50>,16,26,[9 2],17,29,55,12,29
1,<environment.Job instance at 0x7f6ac67b1a00>,17,24,[9 2],18,55,79,37,50
1,<environment.Job instance at 0x7f6ac67b1d20>,19,25,[6 2],20,50,75,30,50
1,<environment.Job instance at 0x7f6ac67b1b90>,20,22,[9 5],21,79,101,58,72
1,<environment.Job instance at 0x7f6ac67b1410>,21,24,[2 5],22,75,99,53,72
1,<environment.Job instance at 0x7f6ac67b1f50>,23,21,[ 5 13],24,101,122,77,93
1,<environment.Job instance at 0x7f6ac67de280>,25,22,[12  4],26,122,144,96,115
1,<environment.Job instance at 0x7f6ac67de1e0>,26,27,[ 1 13],27,144,171,117,142
1,<environment.Job instance at 0x7f6ac60ccbe0>,6,24,[10  5],7,7,31,0,7
1,<environment.Job instance at 0x7f6ac6e53d70>,7,22,[12  2],8,31,53,23,24
1,<environment.Job instance at 0x7f6ac6c88190>,10,26,[9 4],11,53,79,42,50
1,<environment.Job instance at 0x7f6ac601f0f0>,12,26,[12  1],13,79,105,66,76
1,<environment.Job instance at 0x7f6ac5f01190>,5,19,[13  5],6,105,124,99,95
1,<environment.Job instance at 0x7f6a80076eb0>,3,23,[8 4],4,4,27,0,4
1,<environment.Job instance at 0x7f6a800765a0>,4,20,[3 9],5,5,25,0,5
1,<environment.Job instance at 0x7f6a800766e0>,6,27,[6 1],7,25,52,18,23
1,<environment.Job instance at 0x7f6a80076af0>,11,26,[7 4],12,27,53,15,24
1,<environment.Job instance at 0x7f6a8007b0f0>,1,2,[ 3 11],2,52,54,50,45
1,<environment.Job instance at 0x7f6a80076500>,14,27,[ 2 11],15,54,81,39,52
1,<environment.Job instance at 0x7f6a800760a0>,18,25,[14  3],19,81,106,62,77
1,<environment.Job instance at 0x7f6ac67b24b0>,1,25,[5 5],2,2,27,0,2
1,<environment.Job instance at 0x7f6a80521870>,4,23,[8 1],5,5,28,0,5
1,<environment.Job instance at 0x7f6a80521460>,5,26,[4 9],6,27,53,21,24
1,<environment.Job instance at 0x7f6ac6afd820>,10,20,[6 2],11,33,53,22,33
1,<environment.Job instance at 0x7f6ac6afd410>,13,22,[10  5],14,53,75,39,46
1,<environment.Job instance at 0x7f6ac6afd050>,14,25,[14  2],15,75,100,60,71
1,<environment.Job instance at 0x7f6ac6afdfa0>,7,21,[14  3],8,100,121,92,92
1,<environment.Job instance at 0x7f6ac6ae6140>,21,25,[ 5 14],22,121,146,99,117
1,<environment.Job instance at 0x7f6ac6afd1e0>,15,14,[14  1],16,309,323,293,309
1,<environment.Job instance at 0x7f6ac6ae7f00>,25,23,[6 5],26,323,346,297,317
1,<environment.Job instance at 0x7f6ac6b03e10>,26,1,[6 4],27,323,324,296,317
1,<environment.Job instance at 0x7f6ac6b03b40>,28,2,[8 3],29,324,326,295,317
1,<environment.Job instance at 0x7f6ac67f2b40>,1,28,[1 8],2,2,30,0,2
1,<environment.Job instance at 0x7f6ac5f189b0>,2,27,[3 7],3,3,30,0,3
1,<environment.Job instance at 0x7f6ac6e5b140>,7,25,[13  5],8,30,55,22,26
1,<environment.Job instance at 0x7f6acb6b0690>,8,25,[6 4],9,55,80,46,51
1,<environment.Job instance at 0x7f6ac6046140>,9,25,[8 1],10,55,80,45,51
1,<environment.Job instance at 0x7f6ac61abd20>,12,25,[4 6],13,80,105,67,76
1,<environment.Job instance at 0x7f6ac6046a00>,15,27,[10  1],16,80,107,64,78
1,<environment.Job instance at 0x7f6ac60462d0>,16,23,[10  1],17,107,130,90,101
1,<environment.Job instance at 0x7f6a802b96e0>,18,26,[10  2],19,130,156,111,127
1,<environment.Job instance at 0x7f6a802b9370>,20,20,[ 1 12],21,144,164,123,144
1,<environment.Job instance at 0x7f6a802b9230>,21,24,[8 1],22,156,180,134,151
1,<environment.Job instance at 0x7f6a802b9460>,23,25,[13  5],24,180,205,156,176
1,<environment.Job instance at 0x7f6a80749d20>,5,21,[4 8],6,6,27,0,6
1,<environment.Job instance at 0x7f6ac6dc0320>,8,21,[8 5],9,9,30,0,9
1,<environment.Job instance at 0x7f6ac6dc0fa0>,10,24,[7 5],11,27,51,16,22
1,<environment.Job instance at 0x7f6ac6dc0eb0>,12,25,[ 1 14],13,51,76,38,47
1,<environment.Job instance at 0x7f6ac6e1c690>,21,25,[9 5],22,76,101,54,72
1,<environment.Job instance at 0x7f6ac6e1caa0>,23,25,[1 7],24,76,101,52,75
1,<environment.Job instance at 0x7f6ac6e1cd70>,24,19,[5 8],25,101,120,76,93
1,<environment.Job instance at 0x7f6ac6e1c910>,26,1,[11  2],27,120,121,93,115
1,<environment.Job instance at 0x7f6ac6e1ca50>,27,2,[ 5 11],28,121,123,93,117
1,<environment.Job instance at 0x7f6acb139b90>,0,19,[8 5],1,1,20,0,1
1,<environment.Job instance at 0x7f6a8026bdc0>,4,27,[6 1],5,5,32,0,5
1,<environment.Job instance at 0x7f6acb1396e0>,3,22,[9 3],4,20,42,16,13
1,<environment.Job instance at 0x7f6a8026b550>,8,27,[8 4],9,42,69,33,40
1,<environment.Job instance at 0x7f6a8026be10>,11,24,[ 1 14],12,69,93,57,64
1,<environment.Job instance at 0x7f6a8026b190>,13,25,[12  5],14,93,118,79,89
1,<environment.Job instance at 0x7f6a8026b4b0>,7,23,[ 2 14],8,118,141,110,112
1,<environment.Job instance at 0x7f6a8026bc80>,12,19,[12  3],13,141,160,128,141
1,<environment.Job instance at 0x7f6a8026b5f0>,23,19,[5 3],24,160,179,136,158
1,<environment.Job instance at 0x7f6acb6b41e0>,24,27,[12  2],25,179,206,154,177
1,<environment.Job instance at 0x7f6acb6b4370>,25,25,[7 3],26,206,231,180,202
1,<environment.Job instance at 0x7f6acb6b42d0>,26,23,[11  3],27,231,254,204,225
1,<environment.Job instance at 0x7f6acb6b45a0>,27,27,[9 4],28,254,281,226,252
1,<environment.Job instance at 0x7f6acb6b4730>,29,27,[ 5 14],30,281,308,251,279
1,<environment.Job instance at 0x7f6acb6b45f0>,30,26,[ 3 13],31,308,334,277,305
1,<environment.Job instance at 0x7fd223eaf280>,0,28,[9 3],1,1,29,0,1
1,<environment.Job instance at 0x7fd223f37e60>,2,22,[4 8],3,3,25,0,3
1,<environment.Job instance at 0x7fd223eaf190>,1,22,[11  3],2,29,51,27,22
1,<environment.Job instance at 0x7fd21ca9f640>,7,25,[6 2],8,51,76,43,47
1,<environment.Job instance at 0x7fd21ca9f5a0>,6,20,[6 1],7,51,71,44,47
1,<environment.Job instance at 0x7fd21ca9f6e0>,8,22,[14  3],9,76,98,67,69
1,<environment.Job instance at 0x7fd21ca9f960>,12,26,[ 1 12],13,69,95,56,69
1,<environment.Job instance at 0x7fd21ca9fc80>,17,28,[ 5 10],18,98,126,80,97
1,<environment.Job instance at 0x7fd21ca480a0>,2,28,[2 8],3,3,31,0,3
1,<environment.Job instance at 0x7fd1d8d40870>,7,20,[5 3],8,8,28,0,8
1,<environment.Job instance at 0x7fd1d8d14410>,9,21,[6 1],10,10,31,0,10
1,<environment.Job instance at 0x7fd1d8d14460>,12,24,[7 5],13,28,52,15,23
1,<environment.Job instance at 0x7fd1d8e90140>,14,28,[2 7],15,31,59,16,30
1,<environment.Job instance at 0x7fd1d8e90460>,15,28,[9 2],16,52,80,36,51
1,<environment.Job instance at 0x7fd1d8e90870>,16,22,[6 1],17,59,81,42,52
1,<environment.Job instance at 0x7fd1d8e90aa0>,19,22,[2 7],20,80,102,60,73
1,<environment.Job instance at 0x7fd1d8e90fa0>,20,20,[ 3 13],21,102,122,81,93
1,<environment.Job instance at 0x7fd1d8e98e60>,27,19,[10  5],28,122,141,94,112
1,<environment.Job instance at 0x7fd224028320>,10,26,[9 4],11,11,37,0,11
1,<environment.Job instance at 0x7fd1d8d88aa0>,14,22,[ 1 12],15,37,59,22,35
1,<environment.Job instance at 0x7fd1d8d88b40>,16,26,[ 3 12],17,59,85,42,56
1,<environment.Job instance at 0x7fd21f545e60>,5,25,[8 1],6,6,31,0,6
1,<environment.Job instance at 0x7fd21f49db40>,7,21,[ 5 14],8,8,29,0,8
1,<environment.Job instance at 0x7fd21f4877d0>,10,28,[2 8],11,29,57,18,28
1,<environment.Job instance at 0x7fd21ccaa780>,12,27,[9 3],13,31,58,18,29
1,<environment.Job instance at 0x7fd21f12ee60>,15,28,[ 1 13],16,58,86,42,57
1,<environment.Job instance at 0x7fd21cc2f910>,19,26,[9 4],20,86,112,66,83
1,<environment.Job instance at 0x7fd21f12e870>,20,28,[2 7],21,86,114,65,85
1,<environment.Job instance at 0x7fd21f12ea50>,18,2,[ 4 11],19,114,116,95,106
1,<environment.Job instance at 0x7fd21f035230>,22,22,[ 5 14],23,116,138,93,109
1,<environment.Job instance at 0x7fd21cd9caa0>,24,20,[3 8],25,138,158,113,129
1,<environment.Job instance at 0x7fd21cd9c460>,23,20,[14  1],24,158,178,134,149
1,<environment.Job instance at 0x7fd21cb93b90>,34,26,[1 5],35,186,212,151,186
1,<environment.Job instance at 0x7fd21cb932d0>,35,22,[11  4],36,186,208,150,186
1,<environment.Job instance at 0x7fd21cb55a00>,37,23,[ 4 10],38,208,231,170,202
1,<environment.Job instance at 0x7fd21cb93a00>,36,21,[11  3],37,212,233,175,204
1,<environment.Job instance at 0x7fd21cb55640>,38,19,[14  3],39,233,252,194,225
1,<environment.Job instance at 0x7fd21cb55aa0>,41,17,[11  1],42,1719,1736,1677,1719
1,<environment.Job instance at 0x7fd21cb55be0>,42,2,[ 1 14],43,1719,1721,1676,1719
1,<environment.Job instance at 0x7fd1d91970a0>,1,23,[11  4],2,2,25,0,2
1,<environment.Job instance at 0x7fd21cb55be0>,3,23,[2 7],4,4,27,0,4
1,<environment.Job instance at 0x7fd1d90d8e60>,8,28,[6 4],9,25,53,16,24
1,<environment.Job instance at 0x7fd1d91887d0>,5,2,[ 1 12],6,53,55,47,26
1,<environment.Job instance at 0x7fd1d9188780>,11,25,[ 2 14],12,55,80,43,51
1,<environment.Job instance at 0x7fd21f59ed20>,16,27,[10  1],17,71,98,54,71
1,<environment.Job instance at 0x7fd21f566be0>,20,28,[13  5],21,98,126,77,97
1,<environment.Job instance at 0x7fd1d9372370>,21,19,[4 8],22,126,145,104,116
1,<environment.Job instance at 0x7fd21f580a00>,24,2,[ 2 14],25,146,148,121,146
1,<environment.Job instance at 0x7fd21f59ef50>,15,3,[ 3 14],16,148,151,132,147
1,<environment.Job instance at 0x7fd21f5801e0>,26,1,[4 6],27,151,152,124,147
1,<environment.Job instance at 0x7fd21f5800a0>,29,1,[ 3 12],30,153,154,123,153
1,<environment.Job instance at 0x7fd21f580780>,31,2,[5 6],32,156,158,124,156
1,<environment.Job instance at 0x7fd21f43d0f0>,6,19,[7 1],7,7,26,0,7
1,<environment.Job instance at 0x7fd21f43dbe0>,9,19,[2 7],10,10,29,0,10
1,<environment.Job instance at 0x7fd21f43daf0>,10,24,[4 5],11,11,35,0,11
1,<environment.Job instance at 0x7fd21cb3bd20>,13,25,[ 5 10],14,29,54,15,25
1,<environment.Job instance at 0x7fd21cb3b960>,18,27,[7 4],19,61,88,42,61
1,<environment.Job instance at 0x7fd21cdc03c0>,0,21,[2 6],1,1,22,0,1
1,<environment.Job instance at 0x7fd21f487cd0>,2,27,[8 3],3,3,30,0,3
1,<environment.Job instance at 0x7fd1d93614b0>,7,25,[9 4],8,30,55,22,26
1,<environment.Job instance at 0x7fd21cbbf870>,11,28,[ 5 13],12,55,83,43,54
1,<environment.Job instance at 0x7fd21f0c3230>,1,23,[ 2 12],2,83,106,81,77
1,<environment.Job instance at 0x7fd1d91a0190>,15,26,[4 9],16,106,132,90,103
1,<environment.Job instance at 0x7fd21cd40d70>,16,27,[10  5],17,106,133,89,104
1,<environment.Job instance at 0x7fd21cbbfe10>,13,3,[ 5 14],14,133,136,119,133
1,<environment.Job instance at 0x7fd1d8fea320>,24,21,[5 6],25,136,157,111,133
1,<environment.Job instance at 0x7fd1d8feab40>,25,19,[2 7],26,136,155,110,133
1,<environment.Job instance at 0x7fd21f28f460>,26,3,[6 1],27,134,137,107,134
1,<environment.Job instance at 0x7fd21f1fcf50>,29,22,[5 4],30,155,177,125,150
1,<environment.Job instance at 0x7fd1d90e8a00>,5,23,[ 5 13],6,6,29,0,6
1,<environment.Job instance at 0x7fd21f723410>,6,23,[2 7],7,29,52,22,23
1,<environment.Job instance at 0x7fd21c89ce60>,7,28,[ 1 10],8,52,80,44,51
1,<environment.Job instance at 0x7fd21c8a2320>,13,22,[3 5],14,52,74,38,52
1,<environment.Job instance at 0x7fd1d8e04140>,0,20,[ 5 13],1,2,22,1,2
1,<environment.Job instance at 0x7fd1d8d68690>,9,24,[8 2],10,10,34,0,10
1,<environment.Job instance at 0x7fd1d8d68d20>,10,25,[5 8],11,22,47,11,18
1,<environment.Job instance at 0x7fd21f0ee460>,13,25,[ 2 10],14,47,72,33,43
1,<environment.Job instance at 0x7fd21f0eea50>,15,23,[7 1],16,43,66,27,43
1,<environment.Job instance at 0x7fd21f0ee2d0>,16,23,[5 3],17,47,70,30,44
1,<environment.Job instance at 0x7fd1d91adaa0>,17,26,[1 7],18,72,98,54,69
1,<environment.Job instance at 0x7fd21f01b870>,6,28,[4 7],7,7,35,0,7
1,<environment.Job instance at 0x7fd21f5bd4b0>,8,3,[ 4 13],9,50,53,41,50
1,<environment.Job instance at 0x7fd21cc543c0>,17,24,[10  4],18,63,87,45,63
1,<environment.Job instance at 0x7fd1d8efb370>,18,25,[5 1],19,63,88,44,63
1,<environment.Job instance at 0x7fd21f07f2d0>,2,28,[ 1 12],3,5,33,2,5
1,<environment.Job instance at 0x7fd21cb107d0>,10,21,[2 8],11,33,54,22,25
1,<environment.Job instance at 0x7fd1d8efb460>,6,22,[3 5],7,33,55,26,26
1,<environment.Job instance at 0x7fd21ce3f910>,12,24,[5 2],13,31,55,18,31
1,<environment.Job instance at 0x7fd21ce4cf00>,14,1,[ 4 12],15,55,56,40,44
1,<environment.Job instance at 0x7fd21cb109b0>,5,19,[7 3],6,54,73,48,47
1,<environment.Job instance at 0x7fd1d928d4b0>,13,19,[10  1],14,73,92,59,63
1,<environment.Job instance at 0x7fd21f1f82d0>,20,27,[14  1],21,92,119,71,90
1,<environment.Job instance at 0x7fd21f1f8690>,21,26,[5 6],22,119,145,97,116
1,<environment.Job instance at 0x7fd21f1e7550>,25,26,[11  1],26,145,171,119,142
1,<environment.Job instance at 0x7fd21f207280>,26,24,[12  2],27,171,195,144,166
1,<environment.Job instance at 0x7fd21ce06050>,28,22,[3 6],29,166,188,137,166
1,<environment.Job instance at 0x7fd21ce060f0>,30,3,[ 5 14],31,195,198,164,193
1,<environment.Job instance at 0x7fd21cdfe7d0>,32,20,[2 7],33,198,218,165,193
1,<environment.Job instance at 0x7fd21cdfe370>,35,23,[5 9],36,218,241,182,212
1,<environment.Job instance at 0x7fd21cdfe2d0>,36,23,[9 5],37,212,235,175,212
1,<environment.Job instance at 0x7fd21cdfe050>,38,26,[ 4 12],39,241,267,202,238
1,<environment.Job instance at 0x7fd21cdfecd0>,40,25,[12  5],41,267,292,226,263
1,<environment.Job instance at 0x7fd21cdfeaf0>,41,20,[10  5],42,292,312,250,283
1,<environment.Job instance at 0x7fd21cdfe550>,39,1,[ 2 14],40,312,313,272,287
1,<environment.Job instance at 0x7fd1d9011cd0>,44,20,[ 4 11],45,313,333,268,304
1,<environment.Job instance at 0x7fd21cdf58c0>,46,20,[8 2],47,313,333,266,304
1,<environment.Job instance at 0x7fd21cdf5a00>,47,25,[8 5],48,333,358,285,329
1,<environment.Job instance at 0x7fd1d8f141e0>,0,22,[ 2 12],1,1,23,0,1
1,<environment.Job instance at 0x7fd1d8f140f0>,2,20,[12  3],3,4,24,1,4
1,<environment.Job instance at 0x7fd1d93eb8c0>,7,26,[ 3 14],8,24,50,16,21
1,<environment.Job instance at 0x7fd1d93eb370>,9,26,[1 5],10,50,76,40,47
1,<environment.Job instance at 0x7fd21ca425a0>,11,18,[11  2],12,1652,1670,1640,1652
1,<environment.Job instance at 0x7fd21ca42eb0>,14,23,[7 1],15,1670,1693,1655,1664
1,<environment.Job instance at 0x7fd21f7c0910>,6,22,[ 4 11],7,7,29,0,7
1,<environment.Job instance at 0x7fd21f7c0d20>,9,23,[4 6],10,29,52,19,23
1,<environment.Job instance at 0x7fd21f7c00f0>,10,3,[2 9],11,29,32,18,23
1,<environment.Job instance at 0x7fd21f5afe60>,15,21,[10  5],16,35,56,19,35
1,<environment.Job instance at 0x7fd21f220a50>,1,27,[8 1],2,2,29,0,2
1,<environment.Job instance at 0x7fd1d8bd7eb0>,2,27,[7 2],3,3,30,0,3
1,<environment.Job instance at 0x7fd1d916b230>,4,23,[10  3],5,30,53,25,24
1,<environment.Job instance at 0x7fd21cdca3c0>,7,22,[9 4],8,53,75,45,46
1,<environment.Job instance at 0x7fd223ed3a00>,9,27,[4 6],10,46,73,36,46
1,<environment.Job instance at 0x7fd1d931fa50>,13,24,[9 1],14,75,99,61,70
1,<environment.Job instance at 0x7fd1d931fd20>,22,28,[6 5],23,78,106,55,78
1,<environment.Job instance at 0x7fd21f18f0a0>,25,25,[5 3],26,99,124,73,96
1,<environment.Job instance at 0x7fd1d8aae2d0>,29,1,[5 2],30,106,107,76,106
1,<environment.Job instance at 0x7fd1d8b0e910>,32,1,[9 2],33,114,115,81,114
1,<environment.Job instance at 0x7fd1d8b705a0>,34,1,[8 5],35,119,120,84,119
1,<environment.Job instance at 0x7fd1d8b70aa0>,35,23,[5 2],36,120,143,84,119
1,<environment.Job instance at 0x7fd1d8b702d0>,37,28,[10  4],38,128,156,90,128
1,<environment.Job instance at 0x7fd1d8b706e0>,39,22,[10  5],40,156,178,116,149
1,<environment.Job instance at 0x7fd1d8b703c0>,41,19,[ 1 12],42,178,197,136,168
1,<environment.Job instance at 0x7fd1d8b70550>,44,20,[ 3 12],45,197,217,152,188
1,<environment.Job instance at 0x7fd1d8b70410>,46,20,[7 4],47,217,237,170,208
1,<environment.Job instance at 0x7fd21cdf0c80>,47,20,[1 9],48,217,237,169,208
1,<environment.Job instance at 0x7fd1d8b70fa0>,48,27,[ 5 10],49,237,264,188,235
1,<environment.Job instance at 0x7fd1d8badbe0>,0,21,[1 7],1,1,22,0,1
1,<environment.Job instance at 0x7fd21cdf0dc0>,1,26,[8 5],2,2,28,0,2
1,<environment.Job instance at 0x7fd1d8baa780>,8,27,[11  3],9,28,55,19,26
1,<environment.Job instance at 0x7fd1d8baa320>,5,27,[13  2],6,55,82,49,53
1,<environment.Job instance at 0x7fd1d8baa190>,6,26,[ 5 11],7,82,108,75,79
1,<environment.Job instance at 0x7fd1d8baa640>,12,2,[14  4],13,108,110,95,107
1,<environment.Job instance at 0x7fd1d8fdd9b0>,15,26,[5 5],16,110,136,94,107
1,<environment.Job instance at 0x7fd21cee2820>,1,26,[5 2],2,2,28,0,2
1,<environment.Job instance at 0x7fd21f1a57d0>,2,22,[5 1],3,3,25,0,3
1,<environment.Job instance at 0x7fd21f1a50f0>,6,21,[3 7],7,7,28,0,7
1,<environment.Job instance at 0x7fd21f1a5a50>,7,25,[5 5],8,25,50,17,21
1,<environment.Job instance at 0x7fd21f1a5910>,9,20,[2 7],10,28,48,18,21
1,<environment.Job instance at 0x7fd21f1a5050>,5,1,[ 1 13],6,50,51,44,42
1,<environment.Job instance at 0x7fd1d9249e60>,3,21,[2 7],4,4,25,0,4
1,<environment.Job instance at 0x7fd1d9249640>,4,20,[14  1],5,25,45,20,16
1,<environment.Job instance at 0x7fd21f3bfd70>,10,23,[ 3 10],11,45,68,34,39
1,<environment.Job instance at 0x7fd1d9439410>,13,22,[9 5],14,45,67,31,41
1,<environment.Job instance at 0x7fd1d9075500>,15,21,[11  3],16,67,88,51,59
1,<environment.Job instance at 0x7fd21f7cf9b0>,16,25,[8 1],17,88,113,71,84
1,<environment.Job instance at 0x7fd21f445730>,18,1,[ 2 14],19,88,89,69,84
1,<environment.Job instance at 0x7fd1d9075f50>,19,22,[2 9],20,89,111,69,84
1,<environment.Job instance at 0x7fd1d8b59eb0>,21,28,[1 8],22,111,139,89,110
1,<environment.Job instance at 0x7fd1d8b59c80>,22,27,[3 7],23,113,140,90,111
1,<environment.Job instance at 0x7fd21cdf2640>,0,24,[6 1],1,1,25,0,1
1,<environment.Job instance at 0x7fd1d8b59e60>,1,1,[10  1],2,25,26,23,4
1,<environment.Job instance at 0x7fd1d92d56e0>,6,23,[ 4 11],7,7,30,0,7
1,<environment.Job instance at 0x7fd1d92d5820>,7,27,[5 3],8,26,53,18,24
1,<environment.Job instance at 0x7fd1d92d5d20>,15,21,[4 8],16,56,77,40,56
1,<environment.Job instance at 0x7fd1d92d5fa0>,18,21,[8 5],19,59,80,40,59
1,<environment.Job instance at 0x7fd1d92d5f00>,20,24,[7 5],21,77,101,56,72
1,<environment.Job instance at 0x7fd1d92b11e0>,22,25,[ 1 14],23,101,126,78,98
1,<environment.Job instance at 0x7fd1d92b1870>,31,25,[9 5],32,132,157,100,132
1,<environment.Job instance at 0x7fd1d92b19b0>,33,25,[1 7],34,138,163,104,138
1,<environment.Job instance at 0x7fd1d92b1a50>,34,19,[5 8],35,157,176,122,149
1,<environment.Job instance at 0x7fd1d92b1d20>,36,1,[11  2],37,176,177,139,161
1,<environment.Job instance at 0x7fd1d92b1500>,37,2,[ 5 11],38,177,179,139,176
1,<environment.Job instance at 0x7fd21f3ebaa0>,0,19,[8 5],1,1,20,0,1
1,<environment.Job instance at 0x7fd21f3eb0a0>,4,27,[6 1],5,5,32,0,5
1,<environment.Job instance at 0x7fd21f3ebdc0>,3,22,[9 3],4,20,42,16,13
1,<environment.Job instance at 0x7fd21f3eb1e0>,8,27,[8 4],9,42,69,33,40
1,<environment.Job instance at 0x7fd21cd1b690>,11,24,[ 1 14],12,69,93,57,64
1,<environment.Job instance at 0x7fd21cd1b140>,13,25,[12  5],14,93,118,79,89
1,<environment.Job instance at 0x7fd21f3ebf50>,7,23,[ 2 14],8,118,141,110,112
1,<environment.Job instance at 0x7fd21cd1b730>,12,19,[12  3],13,149,168,136,149
1,<environment.Job instance at 0x7fd1d8ac2370>,23,19,[5 3],24,168,187,144,159
1,<environment.Job instance at 0x7fd21c836780>,24,27,[12  2],25,187,214,162,185
1,<environment.Job instance at 0x7fd21f02fc30>,25,25,[7 3],26,214,239,188,210
1,<environment.Job instance at 0x7fd21f599eb0>,26,23,[11  3],27,239,262,212,233
1,<environment.Job instance at 0x7fd1d8bf4280>,27,27,[9 4],28,262,289,234,260
1,<environment.Job instance at 0x7fd21cd65b90>,29,27,[ 5 14],30,289,316,259,287
1,<environment.Job instance at 0x7fd21f6864b0>,30,26,[ 3 13],31,316,342,285,313
1,<environment.Job instance at 0x7fd1d8bba410>,4,27,[7 1],5,5,32,0,5
1,<environment.Job instance at 0x7fd1d8bba9b0>,5,25,[7 3],6,6,31,0,6
1,<environment.Job instance at 0x7fd1d9401b90>,11,25,[14  4],12,32,57,20,28
1,<environment.Job instance at 0x7fd21ca04960>,9,25,[ 3 13],10,57,82,47,53
1,<environment.Job instance at 0x7fd1d90b2be0>,14,21,[ 1 12],15,82,103,67,75
1,<environment.Job instance at 0x7fd1d91f9870>,20,21,[ 3 14],21,103,124,82,96
1,<environment.Job instance at 0x7fd1d93171e0>,22,25,[14  3],23,124,149,101,120
1,<environment.Job instance at 0x7fd21cdaa410>,26,26,[5 3],27,149,175,122,146
1,<environment.Job instance at 0x7fd1d90b2f00>,13,2,[14  2],14,175,177,161,148
1,<environment.Job instance at 0x7fd1d8fb3dc0>,28,24,[ 4 13],29,177,201,148,172
1,<environment.Job instance at 0x7fd21caf6230>,29,28,[ 4 14],30,201,229,171,200
1,<environment.Job instance at 0x7fd1d8fb3320>,30,19,[3 6],31,229,248,198,219
1,<environment.Job instance at 0x7fd1d91992d0>,33,24,[5 6],34,229,253,195,224
1,<environment.Job instance at 0x7fbd95969a00>,4,24,[ 3 11],5,5,29,0,5
1,<environment.Job instance at 0x7fbd95969b90>,8,24,[ 2 10],9,29,53,20,24
1,<environment.Job instance at 0x7fbd9596c0a0>,14,21,[ 3 11],15,53,74,38,45
1,<environment.Job instance at 0x7fbd9596c410>,19,21,[8 5],20,74,95,54,66
1,<environment.Job instance at 0x7fbd9596c4b0>,20,21,[13  5],21,95,116,74,87
1,<environment.Job instance at 0x7fbd9596c550>,21,22,[8 2],22,116,138,94,109
1,<environment.Job instance at 0x7fbd9596c9b0>,24,2,[ 3 12],25,116,118,91,114
1,<environment.Job instance at 0x7fbd9596ca00>,26,20,[4 8],27,118,138,91,114
1,<environment.Job instance at 0x7fbd9596cc30>,27,25,[14  4],28,138,163,110,134
1,<environment.Job instance at 0x7fbd9596cbe0>,29,24,[5 1],30,163,187,133,158
1,<environment.Job instance at 0x7fbd9596c190>,15,20,[3 5],16,163,183,147,158
1,<environment.Job instance at 0x7fbd9596f0a0>,34,20,[5 3],35,163,183,128,158
1,<environment.Job instance at 0x7fbd9596f3c0>,39,23,[4 6],40,183,206,143,177
1,<environment.Job instance at 0x7fbd9596c230>,16,19,[ 3 10],17,206,225,189,196
1,<environment.Job instance at 0x7fbd9596f640>,43,21,[ 2 12],44,225,246,181,217
1,<environment.Job instance at 0x7fbd9596f6e0>,44,26,[8 4],45,246,272,201,243
1,<environment.Job instance at 0x7fbd9596fa00>,6,28,[10  1],7,8,36,1,8
1,<environment.Job instance at 0x7fbd9acbe280>,7,22,[6 5],8,36,58,28,29
1,<environment.Job instance at 0x7fbd9aef2730>,12,24,[ 3 10],13,29,53,16,29
1,<environment.Job instance at 0x7fbd9aef2870>,14,20,[9 1],15,53,73,38,44
1,<environment.Job instance at 0x7fbd9acbe190>,2,3,[13  2],3,73,76,70,66
1,<environment.Job instance at 0x7fbd9aef28c0>,18,25,[ 2 12],19,66,91,47,66
1,<environment.Job instance at 0x7fbd9aef2910>,19,26,[5 4],20,91,117,71,88
1,<environment.Job instance at 0x7fbd9aef2500>,23,27,[8 2],24,88,115,64,88
1,<environment.Job instance at 0x7fbd9aee9960>,27,19,[8 1],28,115,134,87,109
1,<environment.Job instance at 0x7fbd9aeebc80>,30,19,[8 4],31,134,153,103,124
1,<environment.Job instance at 0x7fbd9aeeb6e0>,32,2,[10  3],33,153,155,120,127
1,<environment.Job instance at 0x7fbd9aeebaa0>,34,21,[ 1 10],35,127,148,92,127
1,<environment.Job instance at 0x7fbd4fc85050>,0,22,[2 8],1,1,23,0,1
1,<environment.Job instance at 0x7fbd4fc85460>,9,27,[5 8],10,23,50,13,21
1,<environment.Job instance at 0x7fbd4fc85190>,14,28,[7 4],15,22,50,7,22
1,<environment.Job instance at 0x7fbd4fbc6b40>,21,21,[2 7],22,63,84,41,63
1,<environment.Job instance at 0x7fbd4fbc6780>,23,24,[5 6],24,64,88,40,64
1,<environment.Job instance at 0x7fbd4fd06140>,1,24,[12  2],2,2,26,0,2
1,<environment.Job instance at 0x7fbd4fbc6870>,2,26,[ 3 11],3,5,31,2,5
1,<environment.Job instance at 0x7fbd4fd3bc30>,8,24,[8 5],9,31,55,22,26
1,<environment.Job instance at 0x7fbd4fd3b370>,7,1,[ 5 12],8,55,56,47,27
1,<environment.Job instance at 0x7fbd4fd3be60>,13,20,[14  2],14,56,76,42,52
1,<environment.Job instance at 0x7fbd5012a960>,0,23,[5 8],1,1,24,0,1
1,<environment.Job instance at 0x7fbd5012afa0>,4,28,[3 8],5,24,52,19,23
1,<environment.Job instance at 0x7fbd500534b0>,5,24,[12  1],6,24,48,18,23
1,<environment.Job instance at 0x7fbd4fd3b2d0>,1,21,[ 4 11],2,52,73,50,44
1,<environment.Job instance at 0x7fbd50053780>,11,27,[6 5],12,73,100,61,71
1,<environment.Job instance at 0x7fbd500538c0>,13,2,[11  2],14,100,102,86,85
1,<environment.Job instance at 0x7fbd95b1fbe0>,11,2,[5 1],12,25,27,13,25
1,<environment.Job instance at 0x7fbd95b1fe10>,12,23,[1 7],13,25,48,12,25
1,<environment.Job instance at 0x7fbd95b1f460>,15,2,[14  3],16,68,70,52,68
1,<environment.Job instance at 0x7fbd95b1f6e0>,16,19,[ 3 14],17,130,149,113,130
1,<environment.Job instance at 0x7fbd95b1f910>,17,2,[14  5],18,149,151,131,133
1,<environment.Job instance at 0x7fbd95b1f500>,18,21,[9 5],19,151,172,132,143
1,<environment.Job instance at 0x7fbd4ff600a0>,0,1,[11  3],1,2,3,1,2
1,<environment.Job instance at 0x7fbd95874550>,5,24,[8 2],6,6,30,0,6
1,<environment.Job instance at 0x7fbd9a75dc80>,8,22,[9 3],9,30,52,21,23
1,<environment.Job instance at 0x7fbd9a75d9b0>,10,26,[4 7],11,23,49,12,23
1,<environment.Job instance at 0x7fbd9a75d230>,11,25,[10  5],12,52,77,40,48
1,<environment.Job instance at 0x7fbd95afb370>,16,20,[ 3 11],17,77,97,60,68
1,<environment.Job instance at 0x7fbd95d12370>,21,25,[5 1],22,68,93,46,68
1,<environment.Job instance at 0x7fbd9a7bfdc0>,25,24,[9 3],26,93,117,67,92
1,<environment.Job instance at 0x7fbd95d88e10>,0,24,[ 5 11],1,1,25,0,1
1,<environment.Job instance at 0x7fbd9a7bfdc0>,2,27,[4 6],3,25,52,22,23
1,<environment.Job instance at 0x7fbd9ada0550>,3,26,[12  3],4,4,30,0,4
1,<environment.Job instance at 0x7fbd9ada05a0>,8,26,[7 3],9,30,56,21,27
1,<environment.Job instance at 0x7fbd9ada0050>,7,28,[1 9],8,27,55,19,27
1,<environment.Job instance at 0x7fbd959afaa0>,18,25,[9 1],19,56,81,37,54
1,<environment.Job instance at 0x7fbd959afe10>,19,3,[3 5],20,55,58,35,54
1,<environment.Job instance at 0x7fbd959af870>,21,20,[7 4],22,81,101,59,72
1,<environment.Job instance at 0x7fbd959af3c0>,22,23,[2 8],23,72,95,49,72
1,<environment.Job instance at 0x7fbd959af9b0>,23,16,[11  1],24,685,701,661,685
1,<environment.Job instance at 0x7fbd959afbe0>,3,27,[ 3 14],4,4,31,0,4
1,<environment.Job instance at 0x7fbd4fc6ab40>,7,28,[13  5],8,31,59,23,30
1,<environment.Job instance at 0x7fbd95beeaf0>,10,22,[5 6],11,59,81,48,52
1,<environment.Job instance at 0x7fbd9a2e54b0>,21,25,[7 3],22,85,110,63,85
1,<environment.Job instance at 0x7fbd9a2e5280>,22,20,[2 8],23,85,105,62,85
1,<environment.Job instance at 0x7fbd9a2e59b0>,23,27,[ 5 13],24,110,137,86,108
1,<environment.Job instance at 0x7fbd956e2370>,26,21,[5 4],27,137,158,110,129
1,<environment.Job instance at 0x7fbd9578cfa0>,0,21,[9 1],1,1,22,0,1
1,<environment.Job instance at 0x7fbd4fdb6b90>,3,24,[1 9],4,4,28,0,4
1,<environment.Job instance at 0x7fbd95dac780>,10,28,[7 2],11,22,50,11,21
1,<environment.Job instance at 0x7fbd4fe40fa0>,11,20,[8 3],12,28,48,16,21
1,<environment.Job instance at 0x7fbd95dacf50>,12,25,[5 7],13,48,73,35,44
1,<environment.Job instance at 0x7fbd4fdb6460>,4,25,[ 3 10],5,73,98,68,69
1,<environment.Job instance at 0x7fbd4fa39960>,15,21,[ 5 13],16,98,119,82,90
1,<environment.Job instance at 0x7fbd95defd20>,19,22,[12  5],20,119,141,99,112
1,<environment.Job instance at 0x7fbd95def640>,20,23,[7 1],21,141,164,120,135
1,<environment.Job instance at 0x7fbd95defc80>,22,2,[2 5],23,136,138,113,136
1,<environment.Job instance at 0x7fbd501b8280>,25,1,[4 9],26,220,221,194,220
1,<environment.Job instance at 0x7fbd95ca4410>,27,24,[10  2],28,225,249,197,225
1,<environment.Job instance at 0x7fbd5025d690>,0,28,[9 5],1,1,29,0,1
1,<environment.Job instance at 0x7fbd95ca4410>,2,26,[9 3],3,29,55,26,26
1,<environment.Job instance at 0x7fbd95d78d20>,5,22,[ 1 13],6,55,77,49,48
1,<environment.Job instance at 0x7fbd95d78b40>,12,27,[14  3],13,77,104,64,75
1,<environment.Job instance at 0x7fbd95d643c0>,15,25,[4 9],16,104,129,88,100
1,<environment.Job instance at 0x7fbd95d648c0>,23,16,[5 1],24,129,145,105,129
1,<environment.Job instance at 0x7fbd95b1cbe0>,0,26,[14  4],1,1,27,0,1
1,<environment.Job instance at 0x7fbd95b1c190>,4,24,[9 2],5,27,51,22,22
1,<environment.Job instance at 0x7fbd95b1c1e0>,7,27,[2 7],8,27,54,19,25
1,<environment.Job instance at 0x7fbd95b1c0f0>,10,22,[1 8],11,51,73,40,44
1,<environment.Job instance at 0x7fbd95b1caf0>,11,28,[ 3 12],12,73,101,61,72
1,<environment.Job instance at 0x7fbd95b1c2d0>,12,24,[ 4 10],13,101,125,88,96
1,<environment.Job instance at 0x7fbd95b1ceb0>,13,25,[11  2],14,96,121,82,96
1,<environment.Job instance at 0x7fbd4ffdf640>,2,20,[4 5],3,3,23,0,3
1,<environment.Job instance at 0x7fbd4fc27500>,3,23,[6 5],4,4,27,0,4
1,<environment.Job instance at 0x7fbd4fc27050>,6,27,[4 6],7,23,50,16,21
1,<environment.Job instance at 0x7fbd4fc27370>,7,1,[4 9],8,27,28,19,22
1,<environment.Job instance at 0x7fbd4fc27280>,9,21,[9 2],10,28,49,18,22
1,<environment.Job instance at 0x7fbd4fc27780>,10,22,[ 3 12],11,50,72,39,43
1,<environment.Job instance at 0x7fbd4fc27eb0>,12,22,[9 1],13,49,71,36,43
1,<environment.Job instance at 0x7fbd4fc27af0>,5,2,[ 5 13],6,72,74,66,68
1,<environment.Job instance at 0x7fbd9a62ffa0>,18,22,[8 4],19,74,96,55,68
1,<environment.Job instance at 0x7fbd9a62feb0>,21,22,[7 5],22,74,96,52,69
1,<environment.Job instance at 0x7fbd502f54b0>,25,24,[1 6],26,96,120,70,91
1,<environment.Job instance at 0x7fbd502f5370>,28,18,[1 9],29,108,126,79,108
1,<environment.Job instance at 0x7fbd502f53c0>,32,2,[9 1],33,127,129,94,127
1,<environment.Job instance at 0x7fbd502f5a00>,37,22,[12  2],38,146,168,108,146
1,<environment.Job instance at 0x7fbd502f5410>,38,26,[ 2 10],39,146,172,107,146
1,<environment.Job instance at 0x7fbd95aa8dc0>,1,27,[9 3],2,2,29,0,2
1,<environment.Job instance at 0x7fbd95cc1af0>,4,2,[ 2 13],5,29,31,24,12
1,<environment.Job instance at 0x7fbd95de7550>,5,26,[ 3 14],6,31,57,25,28
1,<environment.Job instance at 0x7fbd95cc1eb0>,9,25,[8 4],10,57,82,47,53
1,<environment.Job instance at 0x7fbd95c9f320>,15,3,[14  5],16,82,85,66,57
1,<environment.Job instance at 0x7fbd95c9f500>,18,1,[8 1],19,85,86,66,69
1,<environment.Job instance at 0x7fbd95c9f6e0>,21,2,[10  4],22,86,88,64,81
1,<environment.Job instance at 0x7fbd95c9f780>,22,26,[1 6],23,81,107,58,81
1,<environment.Job instance at 0x7fbd95c9f820>,23,23,[5 5],24,88,111,64,82
1,<environment.Job instance at 0x7fbd95c9f8c0>,24,12,[12  2],25,194,206,169,194
1,<environment.Job instance at 0x7fbd95cbd550>,0,25,[7 5],1,1,26,0,1
1,<environment.Job instance at 0x7fbd95c9f7d0>,1,21,[7 5],2,2,23,0,2
1,<environment.Job instance at 0x7fbd4fd4ec30>,5,28,[8 5],6,23,51,17,22
1,<environment.Job instance at 0x7fbd4fd4eaf0>,7,23,[8 4],8,51,74,43,45
1,<environment.Job instance at 0x7fbd4fd4e320>,4,23,[9 4],5,74,97,69,68
1,<environment.Job instance at 0x7fbd4fd4e8c0>,13,20,[9 4],14,97,117,83,88
1,<environment.Job instance at 0x7fbd4fd4e0f0>,14,20,[5 1],15,88,108,73,88
1,<environment.Job instance at 0x7fbd50001500>,18,25,[12  1],19,117,142,98,113
1,<environment.Job instance at 0x7fbd50001aa0>,22,24,[9 5],23,142,166,119,137
1,<environment.Job instance at 0x7fbd50001820>,28,2,[1 6],29,146,148,117,146
1,<environment.Job instance at 0x7fbd50001960>,21,19,[ 4 11],22,166,185,144,156
1,<environment.Job instance at 0x7fbd50001cd0>,31,27,[ 2 11],32,185,212,153,183
1,<environment.Job instance at 0x7fbd9a1b8780>,1,26,[13  1],2,2,28,0,2
1,<environment.Job instance at 0x7fbd4fd71f50>,6,25,[3 9],7,28,53,21,24
1,<environment.Job instance at 0x7fbd4ff63cd0>,13,18,[1 5],14,51,69,37,51
1,<environment.Job instance at 0x7fbd4ff47910>,15,19,[4 5],16,53,72,37,51
1,<environment.Job instance at 0x7fbd4fa56af0>,20,1,[5 8],21,74,75,53,74
1,<environment.Job instance at 0x7fbd4fa566e0>,22,2,[9 3],23,82,84,59,82
1,<environment.Job instance at 0x7fbd95799870>,25,23,[9 4],26,91,114,65,91
1,<environment.Job instance at 0x7fbd95799370>,26,21,[8 2],27,114,135,87,106
1,<environment.Job instance at 0x7fbd95799f00>,27,21,[ 5 13],28,114,135,86,106
1,<environment.Job instance at 0x7fbd502abaa0>,32,28,[10  3],33,135,163,102,134
1,<environment.Job instance at 0x7fbd502abfa0>,33,28,[10  4],34,163,191,129,162
1,<environment.Job instance at 0x7fbd95720820>,35,25,[5 7],36,162,187,126,162
1,<environment.Job instance at 0x7fbd4fd717d0>,4,19,[ 5 13],5,191,210,186,191
1,<environment.Job instance at 0x7fbd9a3bd7d0>,42,28,[3 8],43,212,240,169,212
1,<environment.Job instance at 0x7fbd95778370>,0,21,[11  1],1,1,22,0,1
1,<environment.Job instance at 0x7fbd9a3bd7d0>,2,24,[8 3],3,22,46,19,17
1,<environment.Job instance at 0x7fbd95778a00>,4,23,[ 5 10],5,22,45,17,17
1,<environment.Job instance at 0x7fbd4fed70f0>,13,19,[1 5],14,45,64,31,42
1,<environment.Job instance at 0x7fbd4fed79b0>,5,25,[ 2 14],6,64,89,58,60
1,<environment.Job instance at 0x7fbd9594b0f0>,21,24,[14  3],22,89,113,67,84
1,<environment.Job instance at 0x7fbd4fb249b0>,22,25,[ 5 10],23,113,138,90,109
1,<environment.Job instance at 0x7fbd9575b320>,0,25,[14  5],1,1,26,0,1
1,<environment.Job instance at 0x7fbd9a6feb40>,2,28,[7 1],3,26,54,23,25
1,<environment.Job instance at 0x7fbd9575b640>,6,26,[3 8],7,26,52,19,25
1,<environment.Job instance at 0x7fbd9575bb40>,7,26,[10  5],8,54,80,46,51
1,<environment.Job instance at 0x7fbd9575be60>,1,2,[ 2 12],2,80,82,78,80
1,<environment.Job instance at 0x7fbd9575bbe0>,10,24,[1 6],11,82,106,71,80
1,<environment.Job instance at 0x7fbd9586ae60>,12,24,[5 8],13,82,106,69,81
1,<environment.Job instance at 0x7fbd9586a780>,13,20,[1 8],14,106,126,92,97
1,<environment.Job instance at 0x7fbd9586adc0>,14,22,[7 2],15,106,128,91,99
1,<environment.Job instance at 0x7fbd9586a7d0>,17,21,[4 9],18,126,147,108,118
1,<environment.Job instance at 0x7fbd9586aaa0>,18,21,[ 5 14],19,147,168,128,139
1,<environment.Job instance at 0x7fbd9586a370>,19,21,[ 4 11],20,168,189,148,160
1,<environment.Job instance at 0x7fbd9586afa0>,21,23,[8 4],22,168,191,146,162
1,<environment.Job instance at 0x7fbd9586ae10>,23,20,[5 7],24,189,209,165,180
1,<environment.Job instance at 0x7fbd9586a870>,27,24,[6 2],28,191,215,163,186
1,<environment.Job instance at 0x7fbd9586a4b0>,29,25,[8 3],30,209,234,179,205
1,<environment.Job instance at 0x7fbd9a42d5a0>,37,20,[ 5 13],38,234,254,196,230
1,<environment.Job instance at 0x7fbd9a42d280>,41,27,[6 4],42,254,281,212,252
1,<environment.Job instance at 0x7fbd9a42dd20>,42,25,[6 1],43,252,277,209,252
1,<environment.Job instance at 0x7fbd9a42d460>,43,23,[5 5],44,277,300,233,271
1,<environment.Job instance at 0x7fbd9a42d410>,44,28,[8 5],45,281,309,236,280
1,<environment.Job instance at 0x7fbd9a5ab460>,3,20,[ 1 10],4,4,24,0,4
1,<environment.Job instance at 0x7fbd4fa45730>,5,25,[5 3],6,6,31,0,6
1,<environment.Job instance at 0x7fbd95d986e0>,10,27,[ 2 10],11,24,51,13,22
1,<environment.Job instance at 0x7fbd9a71f0a0>,13,2,[ 1 13],14,51,53,37,24
1,<environment.Job instance at 0x7fbd9a71fe10>,15,28,[ 2 14],16,53,81,37,52
1,<environment.Job instance at 0x7fbd9a71fdc0>,16,28,[5 1],17,52,80,35,52
1,<environment.Job instance at 0x7fbd9a71ff00>,17,22,[8 3],18,81,103,63,74
1,<environment.Job instance at 0x7fbd9a71fc80>,19,21,[ 1 11],20,81,102,61,74
1,<environment.Job instance at 0x7fbd4fb3cf50>,23,21,[8 3],24,103,124,79,95
1,<environment.Job instance at 0x7fbd4ff2fc30>,25,26,[2 9],26,102,128,76,99
1,<environment.Job instance at 0x7f4f82517a00>,4,24,[ 3 11],5,5,29,0,5
1,<environment.Job instance at 0x7f4f82517e10>,8,24,[ 2 10],9,29,53,20,24
1,<environment.Job instance at 0x7f4f8251a0a0>,14,21,[ 3 11],15,53,74,38,45
1,<environment.Job instance at 0x7f4f8251a410>,19,21,[8 5],20,74,95,54,66
1,<environment.Job instance at 0x7f4f8251a550>,21,22,[8 2],22,95,117,73,88
1,<environment.Job instance at 0x7f4f8251acd0>,26,20,[4 8],27,97,117,70,97
1,<environment.Job instance at 0x7f4f8251a8c0>,27,25,[14  4],28,117,142,89,113
1,<environment.Job instance at 0x7f4f8251d0a0>,34,20,[5 3],35,142,162,107,133
1,<environment.Job instance at 0x7f4f8251a4b0>,20,21,[13  5],21,162,183,141,154
1,<environment.Job instance at 0x7f4f8251d3c0>,39,23,[4 6],40,183,206,143,177
1,<environment.Job instance at 0x7f4f8251ab40>,24,2,[ 3 12],25,206,208,181,180
1,<environment.Job instance at 0x7f4f8251d500>,41,3,[6 3],42,183,186,141,180
1,<environment.Job instance at 0x7f4f8251d640>,43,21,[ 2 12],44,208,229,164,200
1,<environment.Job instance at 0x7f4f8251d6e0>,44,26,[8 4],45,229,255,184,226
1,<environment.Job instance at 0x7f4f89aa11e0>,2,24,[ 3 10],3,3,27,0,3
1,<environment.Job instance at 0x7f4f89aa1820>,4,20,[9 1],5,5,25,0,5
1,<environment.Job instance at 0x7f4f89aa1a00>,9,26,[5 4],10,25,51,15,22
1,<environment.Job instance at 0x7f4f89a95dc0>,10,22,[5 6],11,27,49,16,22
1,<environment.Job instance at 0x7f4f89a951e0>,13,27,[8 2],14,49,76,35,47
1,<environment.Job instance at 0x7f4f89aa1460>,8,25,[ 2 12],9,51,76,42,47
1,<environment.Job instance at 0x7f4f89950460>,20,19,[8 4],21,76,95,55,66
1,<environment.Job instance at 0x7f4f89a95eb0>,15,19,[8 3],16,95,114,79,85
1,<environment.Job instance at 0x7f4f89950410>,24,21,[ 1 10],25,85,106,60,85
1,<environment.Job instance at 0x7f4f89aa1640>,5,15,[ 1 11],6,401,416,395,401
1,<environment.Job instance at 0x7f4f3e8020a0>,1,21,[2 7],2,2,23,0,2
1,<environment.Job instance at 0x7f4f899505f0>,3,24,[5 6],4,4,28,0,4
1,<environment.Job instance at 0x7f4f3e802e10>,6,22,[10  1],7,23,45,16,16
1,<environment.Job instance at 0x7f4f3e7f2550>,12,23,[ 1 14],13,33,56,20,33
1,<environment.Job instance at 0x7f4f3e7f2410>,14,19,[9 1],15,46,65,31,46
1,<environment.Job instance at 0x7f4f3e7f2640>,15,23,[7 3],16,65,88,49,59
1,<environment.Job instance at 0x7f4f3e802780>,9,3,[14  4],10,88,91,78,65
1,<environment.Job instance at 0x7f4f3e7f25f0>,17,26,[ 1 11],18,65,91,47,65
1,<environment.Job instance at 0x7f4f3e7f26e0>,19,21,[3 6],20,91,112,71,83
1,<environment.Job instance at 0x7f4f3e8022d0>,5,14,[14  1],6,1455,1469,1449,1455
1,<environment.Job instance at 0x7f4f3e825b40>,25,19,[1 5],26,1455,1474,1429,1455
1,<environment.Job instance at 0x7f4f3e8250f0>,26,25,[5 4],27,1469,1494,1442,1465
1,<environment.Job instance at 0x7f4f3e8259b0>,27,2,[7 2],28,1469,1471,1441,1465
1,<environment.Job instance at 0x7f4f3e8255a0>,28,28,[7 1],29,1471,1499,1442,1470
1,<environment.Job instance at 0x7f4f3e825a50>,31,24,[12  2],32,1499,1523,1467,1494
1,<environment.Job instance at 0x7f4f3e825dc0>,32,26,[ 3 11],33,1494,1520,1461,1494
1,<environment.Job instance at 0x7f4f3e825c80>,35,16,[ 1 11],36,1536,1552,1500,1536
1,<environment.Job instance at 0x7f4f3e825eb0>,37,1,[ 5 12],38,1552,1553,1514,1536
1,<environment.Job instance at 0x7f4f3e8550f0>,38,24,[8 5],39,1553,1577,1514,1548
1,<environment.Job instance at 0x7f4f3eccf7d0>,3,23,[ 2 14],4,4,27,0,4
1,<environment.Job instance at 0x7f4f3eccf550>,7,22,[1 7],8,27,49,19,20
1,<environment.Job instance at 0x7f4f3eccf2d0>,8,28,[4 7],9,27,55,18,26
1,<environment.Job instance at 0x7f4f3eccf140>,9,26,[3 6],10,49,75,39,46
1,<environment.Job instance at 0x7f4f3eccf780>,5,19,[5 1],6,46,65,40,46
1,<environment.Job instance at 0x7f4f3ebc6b40>,14,2,[ 1 11],15,75,77,60,55
1,<environment.Job instance at 0x7f4f3e8197d0>,20,23,[5 8],21,77,100,56,73
1,<environment.Job instance at 0x7f4f3e819a00>,21,21,[ 4 11],22,100,121,78,92
1,<environment.Job instance at 0x7f4f3e8193c0>,24,28,[3 8],25,125,153,100,125
1,<environment.Job instance at 0x7f4f3e819c30>,25,24,[12  1],26,125,149,99,125
1,<environment.Job instance at 0x7f4f3e8ebd70>,0,24,[11  3],1,1,25,0,1
1,<environment.Job instance at 0x7f4f3e8eb7d0>,4,28,[13  3],5,25,53,20,24
1,<environment.Job instance at 0x7f4f3e819e10>,1,22,[5 8],2,53,75,51,46
1,<environment.Job instance at 0x7f4f3ec02e10>,8,24,[ 5 11],9,75,99,66,70
1,<environment.Job instance at 0x7f4f3ec02dc0>,9,21,[6 4],10,70,91,60,70
1,<environment.Job instance at 0x7f4f3ec1d460>,21,2,[5 1],22,124,126,102,124
1,<environment.Job instance at 0x7f4f3ec1d500>,22,23,[1 7],23,124,147,101,124
1,<environment.Job instance at 0x7f4f851b33c0>,0,1,[11  3],1,2,3,1,2
1,<environment.Job instance at 0x7f4f3ec1d690>,2,2,[8 1],3,3,5,0,3
1,<environment.Job instance at 0x7f4f851b3f00>,3,1,[10  2],4,5,6,1,4
1,<environment.Job instance at 0x7f4f3ec1d500>,5,24,[8 2],6,6,30,0,6
1,<environment.Job instance at 0x7f4f8981c500>,10,26,[4 7],11,11,37,0,11
1,<environment.Job instance at 0x7f4f8981c690>,11,25,[10  5],12,30,55,18,26
1,<environment.Job instance at 0x7f4f851b3320>,8,22,[9 3],9,55,77,46,48
1,<environment.Job instance at 0x7f4f827533c0>,21,25,[5 1],22,62,87,40,62
1,<environment.Job instance at 0x7f4f8981c5a0>,16,20,[ 3 11],17,77,97,60,68
1,<environment.Job instance at 0x7f4f82753be0>,25,24,[9 3],26,87,111,61,82
1,<environment.Job instance at 0x7f4f85092d70>,2,22,[1 6],3,3,25,0,3
1,<environment.Job instance at 0x7f4f82753410>,3,27,[5 1],4,4,31,0,4
1,<environment.Job instance at 0x7f4f82753be0>,5,26,[5 4],6,6,32,0,6
1,<environment.Job instance at 0x7f4f3ed18730>,10,26,[ 2 11],11,31,57,20,28
1,<environment.Job instance at 0x7f4f82608e60>,16,24,[3 6],17,57,81,40,52
1,<environment.Job instance at 0x7f4f3e9d2550>,17,20,[8 5],18,57,77,39,52
1,<environment.Job instance at 0x7f4f84dcb960>,18,26,[7 4],19,77,103,58,74
1,<environment.Job instance at 0x7f4f3ed13be0>,20,27,[9 5],21,103,130,82,101
1,<environment.Job instance at 0x7f4f3ec8fd70>,25,20,[6 4],26,113,133,87,113
1,<environment.Job instance at 0x7f4f898636e0>,26,28,[ 3 14],27,133,161,106,132
1,<environment.Job instance at 0x7f4f82359460>,32,19,[11  4],33,161,180,128,161
1,<environment.Job instance at 0x7f4f3e7a6230>,33,27,[9 1],34,180,207,146,178
1,<environment.Job instance at 0x7f4f8264c140>,34,21,[3 9],35,178,199,143,178
1,<environment.Job instance at 0x7f4f3e819960>,1,20,[7 4],2,2,22,0,2
1,<environment.Job instance at 0x7f4f3eaa52d0>,2,23,[2 8],3,3,26,0,3
1,<environment.Job instance at 0x7f4f3e949460>,8,25,[6 1],9,9,34,0,9
1,<environment.Job instance at 0x7f4f3e94dbe0>,0,21,[5 6],1,1,22,0,1
1,<environment.Job instance at 0x7f4f84d38cd0>,3,23,[10  3],4,4,27,0,4
1,<environment.Job instance at 0x7f4f84d38e60>,4,24,[4 8],5,22,46,17,18
1,<environment.Job instance at 0x7f4f84ac63c0>,10,1,[1 6],11,27,28,16,23
1,<environment.Job instance at 0x7f4f84ac6410>,12,28,[12  4],13,46,74,33,45
1,<environment.Job instance at 0x7f4f825ec2d0>,17,28,[7 5],18,74,102,56,73
1,<environment.Job instance at 0x7f4f84d38c30>,5,26,[14  5],6,102,128,96,99
1,<environment.Job instance at 0x7f4f828b5050>,23,24,[1 9],24,104,128,80,104
1,<environment.Job instance at 0x7f4f82765c80>,20,21,[9 1],21,128,149,107,120
1,<environment.Job instance at 0x7f4f82a09730>,24,25,[ 3 10],25,128,153,103,124
1,<environment.Job instance at 0x7f4f84ac6dc0>,13,1,[11  1],14,149,150,135,124
1,<environment.Job instance at 0x7f4f84abe370>,30,28,[7 2],31,150,178,119,149
1,<environment.Job instance at 0x7f4f84abeb90>,31,20,[8 3],32,153,173,121,149
1,<environment.Job instance at 0x7f4f84abe0a0>,32,25,[5 7],33,173,198,140,169
1,<environment.Job instance at 0x7f4f84abed20>,35,21,[ 5 13],36,198,219,162,190
1,<environment.Job instance at 0x7f4f828f7690>,40,23,[7 1],41,193,216,152,193
1,<environment.Job instance at 0x7f4f829320a0>,39,22,[12  5],40,219,241,179,212
1,<environment.Job instance at 0x7f4f850b3c30>,47,24,[10  2],48,241,265,193,236
1,<environment.Job instance at 0x7f4f8290f0f0>,3,21,[4 9],4,4,25,0,4
1,<environment.Job instance at 0x7f4f823abdc0>,10,28,[9 5],11,11,39,0,11
1,<environment.Job instance at 0x7f4f827a9960>,12,26,[9 3],13,39,65,26,36
1,<environment.Job instance at 0x7f4f823ab1e0>,15,22,[ 1 13],16,65,87,49,58
1,<environment.Job instance at 0x7f4f3e7f29b0>,0,26,[14  4],1,1,27,0,1
1,<environment.Job instance at 0x7f4f823d18c0>,4,24,[9 2],5,27,51,22,22
1,<environment.Job instance at 0x7f4f823d1a00>,7,27,[2 7],8,27,54,19,25
1,<environment.Job instance at 0x7f4f823d1b40>,10,22,[1 8],11,51,73,40,44
1,<environment.Job instance at 0x7f4f823d1be0>,11,28,[ 3 12],12,73,101,61,72
1,<environment.Job instance at 0x7f4f823d1c80>,12,24,[ 4 10],13,101,125,88,96
1,<environment.Job instance at 0x7f4f823d1d20>,13,25,[11  2],14,96,121,82,96
1,<environment.Job instance at 0x7f4f84b45320>,0,22,[ 3 12],1,1,23,0,1
1,<environment.Job instance at 0x7f4f823cf140>,2,22,[9 1],3,3,25,0,3
1,<environment.Job instance at 0x7f4f82a329b0>,8,22,[8 4],9,25,47,16,18
1,<environment.Job instance at 0x7f4f82a32fa0>,11,22,[7 5],12,25,47,13,18
1,<environment.Job instance at 0x7f4f3ec5e0f0>,15,24,[1 6],16,47,71,31,42
1,<environment.Job instance at 0x7f4f3e5ab910>,22,2,[9 1],23,69,71,46,69
1,<environment.Job instance at 0x7f4f3e5abeb0>,23,14,[1 8],24,69,83,45,69
1,<environment.Job instance at 0x7f4f3e5abc30>,26,12,[5 1],27,86,98,59,86
1,<environment.Job instance at 0x7f4f3e5ab3c0>,27,22,[12  2],28,98,120,70,91
1,<environment.Job instance at 0x7f4f3e5abfa0>,28,26,[ 2 10],29,91,117,62,91
1,<environment.Job instance at 0x7f4f8234a460>,2,26,[1 6],3,3,29,0,3
1,<environment.Job instance at 0x7f4f8234a500>,3,23,[5 5],4,4,27,0,4
1,<environment.Job instance at 0x7f4f824f0960>,11,22,[5 4],12,12,34,0,12
1,<environment.Job instance at 0x7f4f824f0690>,12,26,[10  5],13,29,55,16,26
1,<environment.Job instance at 0x7f4f824f0050>,13,27,[10  3],14,55,82,41,53
1,<environment.Job instance at 0x7f4f824f0fa0>,15,28,[1 7],16,53,81,37,53
1,<environment.Job instance at 0x7f4f824f0e10>,16,25,[6 4],17,82,107,65,78
1,<environment.Job instance at 0x7f4f824441e0>,20,26,[3 6],21,81,107,60,79
1,<environment.Job instance at 0x7f4f824443c0>,22,21,[ 1 12],23,107,128,84,99
1,<environment.Job instance at 0x7f4f82444320>,23,20,[3 8],24,128,148,104,119
1,<environment.Job instance at 0x7f4f82444b40>,25,24,[10  4],26,141,165,115,141
1,<environment.Job instance at 0x7f4f82444550>,26,21,[4 7],27,148,169,121,141
1,<environment.Job instance at 0x7f4f827a9d70>,1,27,[ 2 11],2,2,29,0,2
1,<environment.Job instance at 0x7f4f826bc730>,6,26,[9 2],7,7,33,0,7
1,<environment.Job instance at 0x7f4f3e5338c0>,12,23,[ 3 10],13,29,52,16,23
1,<environment.Job instance at 0x7f4f826bca50>,14,25,[1 6],15,52,77,37,48
1,<environment.Job instance at 0x7f4f826bb280>,16,24,[1 9],17,52,76,35,48
1,<environment.Job instance at 0x7f4f826bbd20>,21,26,[13  1],22,76,102,54,73
1,<environment.Job instance at 0x7f4f8248edc0>,26,25,[3 9],27,102,127,75,98
1,<environment.Job instance at 0x7f4f826bc2d0>,8,20,[ 1 13],9,127,147,118,118
1,<environment.Job instance at 0x7f4f84c759b0>,35,19,[4 5],36,147,166,111,137
1,<environment.Job instance at 0x7f4f826bbaf0>,24,19,[ 5 13],25,166,185,141,156
1,<environment.Job instance at 0x7f4f3e80d050>,45,23,[9 4],46,185,208,139,179
1,<environment.Job instance at 0x7f4f3e80d690>,46,21,[8 2],47,208,229,161,200
1,<environment.Job instance at 0x7f4f3e80d280>,47,21,[ 5 13],48,208,229,160,200
1,<environment.Job instance at 0x7f4f85040f00>,2,28,[3 8],3,3,31,0,3
1,<environment.Job instance at 0x7f4f828ccb90>,10,21,[11  1],11,14,35,3,14
1,<environment.Job instance at 0x7f4f827e1370>,12,24,[8 3],13,35,59,22,30
1,<environment.Job instance at 0x7f4f89a8e780>,14,23,[ 5 10],15,35,58,20,35
1,<environment.Job instance at 0x7f4f828cc320>,15,25,[ 2 14],16,59,84,43,55
1,<environment.Job instance at 0x7f4f3e946500>,0,25,[14  5],1,1,26,0,1
1,<environment.Job instance at 0x7f4f828cc320>,2,28,[7 1],3,26,54,23,25
1,<environment.Job instance at 0x7f4f8276ccd0>,6,26,[3 8],7,26,52,19,25
1,<environment.Job instance at 0x7f4f8276c1e0>,7,26,[10  5],8,54,80,46,51
1,<environment.Job instance at 0x7f4f84d2b460>,1,2,[ 2 12],2,80,82,78,75
1,<environment.Job instance at 0x7f4f824435f0>,10,24,[1 6],11,82,106,71,77
1,<environment.Job instance at 0x7f4f82443b90>,12,24,[5 8],13,82,106,69,77
1,<environment.Job instance at 0x7f4f82443e10>,13,20,[1 8],14,106,126,92,97
1,<environment.Job instance at 0x7f4f824439b0>,14,22,[7 2],15,106,128,91,99
1,<environment.Job instance at 0x7f4f82443c80>,17,21,[4 9],18,126,147,108,118
1,<environment.Job instance at 0x7f4f82443550>,18,21,[ 5 14],19,147,168,128,139
1,<environment.Job instance at 0x7f4f82443fa0>,21,23,[8 4],22,168,191,146,162
1,<environment.Job instance at 0x7f4f82443410>,19,21,[ 4 11],20,168,189,148,162
1,<environment.Job instance at 0x7f4f3ea819b0>,27,24,[6 2],28,189,213,161,184
1,<environment.Job instance at 0x7f4f3ea81f00>,29,25,[8 3],30,191,216,161,187
1,<environment.Job instance at 0x7f4f3ea816e0>,37,20,[ 5 13],38,217,237,179,217
1,<environment.Job instance at 0x7f4f3ea81d20>,41,27,[6 4],42,237,264,195,235
1,<environment.Job instance at 0x7f4f3ea81a50>,42,25,[6 1],43,235,260,192,235
1,<environment.Job instance at 0x7f4f3ea81320>,43,23,[5 5],44,260,283,216,254
1,<environment.Job instance at 0x7f4f3ea81b40>,44,28,[8 5],45,264,292,219,263
1,<environment.Job instance at 0x7f4f84fbc910>,0,27,[ 2 10],1,1,28,0,1
1,<environment.Job instance at 0x7f4f3e7a8be0>,5,28,[ 2 14],6,28,56,22,27
1,<environment.Job instance at 0x7f4f826ba370>,6,28,[5 1],7,27,55,20,27
1,<environment.Job instance at 0x7f4f84fbc7d0>,7,22,[8 3],8,56,78,48,49
1,<environment.Job instance at 0x7f4f84a64f50>,9,21,[ 1 11],10,56,77,46,51
1,<environment.Job instance at 0x7f4f84a64cd0>,11,21,[8 2],12,78,99,66,70
1,<environment.Job instance at 0x7f4f84fbc0f0>,3,2,[ 1 13],4,78,80,74,76
1,<environment.Job instance at 0x7f4f84a64320>,13,21,[8 3],14,99,120,85,91
1,<environment.Job instance at 0x7f4f84a73d20>,15,26,[2 9],16,91,117,75,91
1,<environment.Job instance at 0x7f4f84a73af0>,19,27,[ 4 13],20,120,147,100,118
1,<environment.Job instance at 0x7f4f82736e10>,1,23,[1 8],2,2,25,0,2
1,<environment.Job instance at 0x7f4f84a73dc0>,2,28,[ 2 10],3,25,53,22,24
1,<environment.Job instance at 0x7f4f827b3b40>,6,21,[ 2 10],7,53,74,46,45
1,<environment.Job instance at 0x7f4f8518b5a0>,9,21,[13  5],10,46,67,36,46
1,<environment.Job instance at 0x7f4f827365a0>,5,21,[ 3 14],6,74,95,68,66
1,<environment.Job instance at 0x7f4f3e5f20f0>,15,28,[ 1 13],16,95,123,79,94
1,<environment.Job instance at 0x7f4f82784be0>,19,2,[ 4 14],20,123,125,103,123
1,<environment.Job instance at 0x7f4f3e5f2c80>,16,19,[ 5 14],17,125,144,108,123
1,<environment.Job instance at 0x7f4f3e9610a0>,23,26,[ 2 11],24,144,170,120,141
1,<environment.Job instance at 0x7f4f3e5e0820>,7,1,[4 5],8,8,9,0,8
1,<environment.Job instance at 0x7f4f3e5e0e10>,8,21,[8 1],9,9,30,0,9
1,<environment.Job instance at 0x7f4f3e5e0230>,10,21,[9 1],11,30,51,19,22
1,<environment.Job instance at 0x7f4f3e5e06e0>,12,28,[9 4],13,51,79,38,50
1,<environment.Job instance at 0x7f4f3e5e01e0>,14,19,[5 5],15,51,70,36,51
1,<environment.Job instance at 0x7f4f3e5e05a0>,15,24,[8 4],16,79,103,63,74
1,<environment.Job instance at 0x7f4f3e5e0d20>,18,22,[5 5],19,74,96,55,74
1,<environment.Job instance at 0x7f4f3e5e0640>,21,26,[6 1],22,96,122,74,93
1,<environment.Job instance at 0x7f4f3e5e0cd0>,22,3,[ 5 14],23,103,106,80,103
1,<environment.Job instance at 0x7f4f3e5e0a00>,24,20,[3 6],25,106,126,81,103
1,<environment.Job instance at 0x7f4f3edfb050>,29,2,[13  2],30,126,128,96,123
1,<environment.Job instance at 0x7f4f3edfb690>,31,25,[1 6],32,125,150,93,125
1,<environment.Job instance at 0x7f4f3edfbc80>,32,26,[5 5],33,128,154,95,125
1,<environment.Job instance at 0x7f4f84a73f50>,2,25,[10  5],3,3,28,0,3
1,<environment.Job instance at 0x7f4f3e480b40>,6,28,[4 6],7,7,35,0,7
1,<environment.Job instance at 0x7f4f82345b90>,7,26,[2 6],8,28,54,20,25
1,<environment.Job instance at 0x7f4f85099d70>,15,1,[ 1 13],16,54,55,38,35
1,<environment.Job instance at 0x7f4f850990f0>,16,26,[8 2],17,35,61,18,35
1,<environment.Job instance at 0x7f4f85099370>,17,26,[5 7],18,55,81,37,52
1,<environment.Job instance at 0x7f4f850991e0>,19,26,[11  1],20,81,107,61,78
1,<environment.Job instance at 0x7f4f82369e60>,27,24,[1 5],28,91,115,63,91
1,<environment.Job instance at 0x7f4f85099230>,28,23,[6 3],29,107,130,78,101
1,<environment.Job instance at 0x7f17ef353820>,4,24,[ 3 11],5,5,29,0,5
1,<environment.Job instance at 0x7f17e9ebc730>,8,24,[ 2 10],9,29,53,20,24
1,<environment.Job instance at 0x7f17e9ebc780>,11,1,[8 4],12,25,26,13,25
1,<environment.Job instance at 0x7f17e9ebc960>,14,21,[ 3 11],15,53,74,38,45
1,<environment.Job instance at 0x7f17e9ebcc80>,19,21,[8 5],20,74,95,54,66
1,<environment.Job instance at 0x7f17e9ebcd20>,20,21,[13  5],21,95,116,74,87
1,<environment.Job instance at 0x7f17e9ebcdc0>,21,22,[8 2],22,116,138,94,109
1,<environment.Job instance at 0x7f17e9ebcf00>,22,3,[4 6],23,116,119,93,109
1,<environment.Job instance at 0x7f17e9ebd1e0>,24,2,[ 3 12],25,119,121,94,109
1,<environment.Job instance at 0x7f17e9ebd280>,26,20,[4 8],27,121,141,94,112
1,<environment.Job instance at 0x7f17e9ebd140>,27,25,[14  4],28,141,166,113,137
1,<environment.Job instance at 0x7f17e9ebd5f0>,29,24,[5 1],30,166,190,136,161
1,<environment.Job instance at 0x7f17e9ebd8c0>,34,20,[5 3],35,166,186,131,161
1,<environment.Job instance at 0x7f17e9ebd960>,35,3,[9 5],36,186,189,150,161
1,<environment.Job instance at 0x7f17e9ebdbe0>,39,23,[4 6],40,189,212,149,183
1,<environment.Job instance at 0x7f17e9ebdd20>,41,3,[6 3],42,193,196,151,193
1,<environment.Job instance at 0x7f17e9ebde60>,43,21,[ 2 12],44,212,233,168,204
1,<environment.Job instance at 0x7f17e9ebdfa0>,44,26,[8 4],45,233,259,188,230
1,<environment.Job instance at 0x7f17ef2f4190>,0,22,[5 6],1,1,23,0,1
1,<environment.Job instance at 0x7f17ef2f43c0>,3,27,[8 2],4,4,31,0,4
1,<environment.Job instance at 0x7f17ef2f4550>,5,19,[8 3],6,31,50,25,21
1,<environment.Job instance at 0x7f17ef438eb0>,10,19,[8 4],11,50,69,39,40
1,<environment.Job instance at 0x7f17ef4380a0>,14,21,[ 1 10],15,40,61,25,40
1,<environment.Job instance at 0x7f17ef43e550>,19,18,[ 4 11],20,797,815,777,797
1,<environment.Job instance at 0x7f17ef43e3c0>,22,3,[2 8],23,815,818,792,797
1,<environment.Job instance at 0x7f17ef43e230>,23,27,[12  1],24,815,842,791,813
1,<environment.Job instance at 0x7f17ef43e730>,24,22,[5 8],25,842,864,817,835
1,<environment.Job instance at 0x7f17ef43eeb0>,25,24,[2 5],26,835,859,809,835
1,<environment.Job instance at 0x7f17a41815a0>,6,25,[5 4],7,7,32,0,7
1,<environment.Job instance at 0x7f17ef43eeb0>,5,19,[1 5],6,7,26,1,7
1,<environment.Job instance at 0x7f17a41810a0>,8,28,[7 1],9,9,37,0,9
1,<environment.Job instance at 0x7f17a41ae9b0>,11,24,[12  2],12,37,61,25,32
1,<environment.Job instance at 0x7f17a41aef00>,12,26,[ 3 11],13,32,58,19,32
1,<environment.Job instance at 0x7f17a41aed70>,17,1,[ 5 12],18,61,62,43,44
1,<environment.Job instance at 0x7f17a41aec30>,18,24,[8 5],19,62,86,43,57
1,<environment.Job instance at 0x7f17a41a6b40>,23,20,[14  2],24,86,106,62,78
1,<environment.Job instance at 0x7f17a466dfa0>,1,27,[6 5],2,2,29,0,2
1,<environment.Job instance at 0x7f17a466d5a0>,3,2,[11  2],4,29,31,25,17
1,<environment.Job instance at 0x7f17ee77ae60>,2,1,[ 5 14],3,8,9,5,8
1,<environment.Job instance at 0x7f17a45a9280>,6,28,[14  3],7,9,37,2,8
1,<environment.Job instance at 0x7f17a45a91e0>,7,24,[ 4 11],8,37,61,29,32
1,<environment.Job instance at 0x7f17a45a97d0>,14,25,[5 5],15,61,86,46,57
1,<environment.Job instance at 0x7f17a45a9460>,11,22,[ 1 10],12,61,83,49,57
1,<environment.Job instance at 0x7f17a45a9780>,17,26,[7 1],18,83,109,65,80
1,<environment.Job instance at 0x7f17a45a9b40>,20,1,[11  3],21,109,110,88,85
1,<environment.Job instance at 0x7f17a45a95a0>,8,3,[11  1],9,110,113,101,87
1,<environment.Job instance at 0x7f17a45a9dc0>,23,1,[10  2],24,113,114,89,87
1,<environment.Job instance at 0x7f17a45a9fa0>,25,24,[8 2],26,114,138,88,109
1,<environment.Job instance at 0x7f17a45ab140>,28,22,[9 3],29,138,160,109,131
1,<environment.Job instance at 0x7f17ea039870>,0,24,[ 5 11],1,1,25,0,1
1,<environment.Job instance at 0x7f17a45ab140>,2,27,[4 6],3,25,52,22,23
1,<environment.Job instance at 0x7f17eeb83550>,1,20,[7 4],2,2,22,0,2
1,<environment.Job instance at 0x7f17eea8faa0>,2,23,[2 8],3,3,26,0,3
1,<environment.Job instance at 0x7f17a46be690>,8,25,[6 1],9,9,34,0,9
1,<environment.Job instance at 0x7f17a46be1e0>,6,13,[ 1 11],7,2864,2877,2857,2864
1,<environment.Job instance at 0x7f17eee30be0>,13,28,[11  3],14,2864,2892,2850,2864
1,<environment.Job instance at 0x7f17a4350910>,15,28,[ 4 10],16,2877,2905,2861,2876
1,<environment.Job instance at 0x7f17eed1e690>,1,22,[6 4],2,2,24,0,2
1,<environment.Job instance at 0x7f17ea3d2280>,2,28,[12  4],3,24,52,21,23
1,<environment.Job instance at 0x7f17a47c5730>,7,28,[7 5],8,52,80,44,51
1,<environment.Job instance at 0x7f17a47c5a00>,10,21,[9 1],11,80,101,69,72
1,<environment.Job instance at 0x7f17a45ad320>,3,1,[11  1],4,101,102,97,74
1,<environment.Job instance at 0x7f17a47c5be0>,13,24,[1 9],14,74,98,60,74
1,<environment.Job instance at 0x7f17a47f3050>,20,28,[7 2],21,102,130,81,101
1,<environment.Job instance at 0x7f17a47f3140>,21,20,[8 3],22,102,122,80,101
1,<environment.Job instance at 0x7f17a47f31e0>,22,25,[5 7],23,122,147,99,118
1,<environment.Job instance at 0x7f17a47f3410>,25,21,[ 5 13],26,147,168,121,139
1,<environment.Job instance at 0x7f17a47f36e0>,29,22,[12  5],30,168,190,138,161
1,<environment.Job instance at 0x7f17a47f3780>,30,23,[7 1],31,190,213,159,184
1,<environment.Job instance at 0x7f17a47f38c0>,32,2,[2 5],33,185,187,152,185
1,<environment.Job instance at 0x7f17a47f3aa0>,35,1,[4 9],36,228,229,192,228
1,<environment.Job instance at 0x7f17a47f3be0>,37,24,[10  2],38,234,258,196,234
1,<environment.Job instance at 0x7f17a47f3d70>,2,27,[14  3],3,3,30,0,3
1,<environment.Job instance at 0x7f17a46aef00>,5,25,[4 9],6,30,55,24,26
1,<environment.Job instance at 0x7f17a4156f00>,15,28,[5 5],16,47,75,31,47
1,<environment.Job instance at 0x7f17ee7766e0>,16,19,[ 1 12],17,75,94,58,72
1,<environment.Job instance at 0x7f17ee776be0>,17,24,[10  2],18,72,96,54,72
1,<environment.Job instance at 0x7f17ee776690>,18,2,[ 4 13],19,94,96,75,89
1,<environment.Job instance at 0x7f17a4553410>,19,19,[ 5 10],20,96,115,76,89
1,<environment.Job instance at 0x7f17a45530a0>,21,28,[ 1 12],22,115,143,93,114
1,<environment.Job instance at 0x7f17e9fe53c0>,3,21,[10  4],4,4,25,0,4
1,<environment.Job instance at 0x7f17ea25ed70>,16,2,[13  3],17,25,27,8,23
1,<environment.Job instance at 0x7f17a45f04b0>,17,1,[8 1],18,27,28,9,23
1,<environment.Job instance at 0x7f17a4623370>,22,20,[4 5],23,52,72,29,52
1,<environment.Job instance at 0x7f17eed5fe10>,23,23,[6 5],24,52,75,28,52
1,<environment.Job instance at 0x7f17e9d35190>,25,2,[ 5 13],26,75,77,49,73
1,<environment.Job instance at 0x7f17a41d7690>,26,27,[4 6],27,77,104,50,75
1,<environment.Job instance at 0x7f17a4296230>,29,21,[9 2],30,76,97,46,76
1,<environment.Job instance at 0x7f17ee8f18c0>,30,22,[ 3 12],31,104,126,73,97
1,<environment.Job instance at 0x7f17a43f2aa0>,32,22,[9 1],33,103,125,70,103
1,<environment.Job instance at 0x7f17ea24d3c0>,1,27,[9 3],2,2,29,0,2
1,<environment.Job instance at 0x7f17a4206f50>,4,2,[ 2 13],5,29,31,24,7
1,<environment.Job instance at 0x7f17a4206e60>,5,26,[ 3 14],6,31,57,25,28
1,<environment.Job instance at 0x7f17a420f3c0>,9,25,[8 4],10,57,82,47,53
1,<environment.Job instance at 0x7f17a420f780>,15,3,[14  5],16,82,85,66,56
1,<environment.Job instance at 0x7f17a420f960>,18,1,[8 1],19,85,86,66,70
1,<environment.Job instance at 0x7f17a420fb40>,21,2,[10  4],22,86,88,64,78
1,<environment.Job instance at 0x7f17a420fbe0>,22,26,[1 6],23,78,104,55,78
1,<environment.Job instance at 0x7f17a420fc80>,23,23,[5 5],24,88,111,64,82
1,<environment.Job instance at 0x7f17e9d90b40>,2,24,[9 5],3,3,27,0,3
1,<environment.Job instance at 0x7f17e9d90d20>,11,27,[ 2 11],12,27,54,15,25
1,<environment.Job instance at 0x7f17a4272280>,16,26,[9 2],17,27,53,10,25
1,<environment.Job instance at 0x7f17a4064fa0>,1,19,[ 4 11],2,54,73,52,52
1,<environment.Job instance at 0x7f17a4272e60>,22,23,[ 3 10],23,73,96,50,67
1,<environment.Job instance at 0x7f17a4272eb0>,24,25,[1 6],25,96,121,71,92
1,<environment.Job instance at 0x7f17ee8cae10>,26,24,[1 9],27,96,120,69,92
1,<environment.Job instance at 0x7f17ee8caa50>,31,26,[13  1],32,120,146,88,117
1,<environment.Job instance at 0x7f17ee8ca5f0>,34,19,[ 5 13],35,146,165,111,136
1,<environment.Job instance at 0x7f17ee8ca7d0>,36,25,[3 9],37,165,190,128,161
1,<environment.Job instance at 0x7f17a4373960>,45,19,[4 5],46,186,205,140,186
1,<environment.Job instance at 0x7f17a4272960>,18,20,[ 1 13],19,205,225,186,198
1,<environment.Job instance at 0x7f17ee860cd0>,2,28,[3 8],3,3,31,0,3
1,<environment.Job instance at 0x7f17ee860500>,10,21,[11  1],11,15,36,4,15
1,<environment.Job instance at 0x7f17ee860050>,12,24,[8 3],13,36,60,23,31
1,<environment.Job instance at 0x7f17eee461e0>,14,23,[ 5 10],15,36,59,21,32
1,<environment.Job instance at 0x7f17eee46a50>,15,25,[ 2 14],16,60,85,44,56
1,<environment.Job instance at 0x7f17eeaf7870>,0,24,[1 6],1,1,25,0,1
1,<environment.Job instance at 0x7f17eee46a50>,2,24,[5 8],3,3,27,0,3
1,<environment.Job instance at 0x7f17ea007e10>,4,22,[7 2],5,25,47,20,18
1,<environment.Job instance at 0x7f17e9d0b780>,7,21,[4 9],8,27,48,19,19
1,<environment.Job instance at 0x7f17e9d0b2d0>,11,23,[8 4],12,47,70,35,41
1,<environment.Job instance at 0x7f17e9d0be60>,13,20,[5 7],14,48,68,34,41
1,<environment.Job instance at 0x7f17e9ceb3c0>,17,24,[6 2],18,68,92,50,63
1,<environment.Job instance at 0x7f17e9d0bcd0>,9,21,[ 4 11],10,70,91,60,63
1,<environment.Job instance at 0x7f17e9cebaf0>,19,25,[8 3],20,91,116,71,87
1,<environment.Job instance at 0x7f17e9d0b320>,8,21,[ 5 14],9,116,137,107,108
1,<environment.Job instance at 0x7f17e9d170f0>,27,20,[ 5 13],28,137,157,109,128
1,<environment.Job instance at 0x7f17ee8c00f0>,31,27,[6 4],32,157,184,125,155
1,<environment.Job instance at 0x7f17ee8c0870>,32,25,[6 1],33,155,180,122,155
1,<environment.Job instance at 0x7f17a4164e10>,33,23,[5 5],34,180,203,146,174
1,<environment.Job instance at 0x7f17ee8c09b0>,34,28,[8 5],35,184,212,149,183
1,<environment.Job instance at 0x7f17ea333500>,37,23,[10  2],38,212,235,174,206
1,<environment.Job instance at 0x7f17a47e74b0>,38,21,[10  3],39,235,256,196,227
1,<environment.Job instance at 0x7f17a46a66e0>,43,20,[ 1 10],44,227,247,183,227
1,<environment.Job instance at 0x7f17e9c6f7d0>,45,25,[5 3],46,247,272,201,243
1,<environment.Job instance at 0x7f17eee1f910>,50,27,[ 2 10],51,256,283,205,254
1,<environment.Job instance at 0x7f17ea319e10>,4,26,[ 4 10],5,5,31,0,5
1,<environment.Job instance at 0x7f17a4285410>,8,25,[5 5],9,9,34,0,9
1,<environment.Job instance at 0x7f17e9fcda50>,9,26,[2 9],10,31,57,21,28
1,<environment.Job instance at 0x7f17e9fcdaf0>,10,22,[5 3],11,34,56,23,28
1,<environment.Job instance at 0x7f17e9fcd870>,12,27,[10  3],13,56,83,43,54
1,<environment.Job instance at 0x7f17eeb3ebe0>,15,22,[ 2 11],16,64,86,48,64
1,<environment.Job instance at 0x7f17eeb3e050>,16,23,[8 4],17,83,106,66,77
1,<environment.Job instance at 0x7f17ea060960>,18,28,[ 4 10],19,86,114,67,85
1,<environment.Job instance at 0x7f17e9fcdb40>,13,1,[ 1 11],14,114,115,100,86
1,<environment.Job instance at 0x7f17ee6c0be0>,21,24,[2 6],22,115,139,93,110
1,<environment.Job instance at 0x7f17eea23e10>,19,18,[10  2],20,110,128,90,110
1,<environment.Job instance at 0x7f17ea3afc80>,25,27,[ 2 10],26,139,166,113,137
1,<environment.Job instance at 0x7f17a422e9b0>,27,1,[11  5],28,137,138,109,137
1,<environment.Job instance at 0x7f17e9d25aa0>,30,25,[9 2],31,138,163,107,138
1,<environment.Job instance at 0x7f17a44deb90>,32,2,[ 5 13],33,166,168,133,143
1,<environment.Job instance at 0x7f17eea1e0f0>,0,25,[5 8],1,1,26,0,1
1,<environment.Job instance at 0x7f17e9d039b0>,8,24,[11  3],9,26,50,17,21
1,<environment.Job instance at 0x7f17e9d03d70>,10,26,[ 1 12],11,26,52,15,23
1,<environment.Job instance at 0x7f17e9d038c0>,13,27,[ 3 12],14,52,79,38,50
1,<environment.Job instance at 0x7f17e9d033c0>,12,25,[1 8],13,79,104,66,75
1,<environment.Job instance at 0x7f17e9d03190>,16,21,[8 3],17,75,96,58,75
1,<environment.Job instance at 0x7f17e9d03a50>,17,28,[11  4],18,96,124,78,95
1,<environment.Job instance at 0x7f17e9d03280>,18,26,[5 7],19,124,150,105,121
1,<environment.Job instance at 0x7f17a414c5f0>,1,23,[3 6],2,2,25,0,2
1,<environment.Job instance at 0x7f17a4256960>,4,23,[2 6],5,5,28,0,5
1,<environment.Job instance at 0x7f17ee8765f0>,7,22,[6 5],8,25,47,17,18
1,<environment.Job instance at 0x7f17ee876050>,8,24,[9 2],9,28,52,19,23
1,<environment.Job instance at 0x7f17ee876cd0>,13,2,[12  2],14,52,54,38,37
1,<environment.Job instance at 0x7f17ea34d0f0>,2,28,[13  5],3,3,31,0,3
1,<environment.Job instance at 0x7f17ee8c06e0>,3,27,[6 1],4,31,58,27,29
1,<environment.Job instance at 0x7f17eeda31e0>,7,19,[ 5 10],8,31,50,23,29
1,<environment.Job instance at 0x7f17eecef140>,9,24,[14  3],10,58,82,48,53
1,<environment.Job instance at 0x7f17ea049230>,11,24,[10  2],12,82,106,70,77
1,<environment.Job instance at 0x7f17ea049460>,15,19,[11  3],16,106,125,90,105
1,<environment.Job instance at 0x7f17a4234e60>,17,21,[12  1],18,125,146,107,117
1,<environment.Job instance at 0x7f17a4555410>,13,3,[ 2 14],14,144,147,130,144
1,<environment.Job instance at 0x7f17a4234690>,19,26,[1 9],20,147,173,127,144
1,<environment.Job instance at 0x7f17a42347d0>,22,26,[13  5],23,147,173,124,144
1,<environment.Job instance at 0x7f17eead2690>,23,25,[13  3],24,173,198,149,169
1,<environment.Job instance at 0x7f17a3e4a640>,24,22,[ 5 10],25,198,220,173,191
1,<environment.Job instance at 0x7f17a472b370>,2,25,[8 5],3,3,28,0,3
1,<environment.Job instance at 0x7f17eee23aa0>,4,24,[13  5],5,28,52,23,23
1,<environment.Job instance at 0x7f17a3e82e60>,8,27,[ 3 10],9,52,79,43,50
1,<environment.Job instance at 0x7f17a3e820f0>,3,2,[14  3],4,79,81,75,66
1,<environment.Job instance at 0x7f17a3f17370>,20,19,[6 4],21,105,124,84,105
1,<environment.Job instance at 0x7f17a3f174b0>,28,22,[6 4],29,184,206,155,184
1,<environment.Job instance at 0x7f17a3f17a00>,29,2,[5 7],30,184,186,154,184
1,<environment.Job instance at 0x7f17a46970f0>,9,3,[2 7],10,14,17,4,14
1,<environment.Job instance at 0x7f17eea77dc0>,11,21,[10  5],12,19,40,7,19
1,<environment.Job instance at 0x7f17a46baf50>,16,28,[ 1 14],17,49,77,32,49
1,<environment.Job instance at 0x7f32b6880320>,4,24,[ 3 11],5,5,29,0,5
1,<environment.Job instance at 0x7f32bbc8ffa0>,6,19,[1 7],7,29,48,22,19
1,<environment.Job instance at 0x7f32b68805f0>,8,24,[ 2 10],9,48,72,39,43
1,<environment.Job instance at 0x7f32b6880820>,11,1,[8 4],12,43,44,31,43
1,<environment.Job instance at 0x7f32b6880a00>,14,21,[ 3 11],15,72,93,57,64
1,<environment.Job instance at 0x7f32b6880aa0>,15,20,[3 5],16,93,113,77,84
1,<environment.Job instance at 0x7f32b6880b40>,16,19,[ 3 10],17,93,112,76,84
1,<environment.Job instance at 0x7f32b6880d70>,19,21,[8 5],20,112,133,92,104
1,<environment.Job instance at 0x7f32b6880e10>,20,21,[13  5],21,133,154,112,125
1,<environment.Job instance at 0x7f32b6880690>,21,22,[8 2],22,154,176,132,147
1,<environment.Job instance at 0x7f32b6880fa0>,24,2,[ 3 12],25,154,156,129,153
1,<environment.Job instance at 0x7f32b68810a0>,26,20,[4 8],27,156,176,129,153
1,<environment.Job instance at 0x7f32b6881190>,27,25,[14  4],28,176,201,148,172
1,<environment.Job instance at 0x7f32b68812d0>,29,24,[5 1],30,201,225,171,196
1,<environment.Job instance at 0x7f32b68815f0>,34,20,[5 3],35,202,222,167,202
1,<environment.Job instance at 0x7f32b6881910>,39,23,[4 6],40,214,237,174,214
1,<environment.Job instance at 0x7f32b6881d70>,43,21,[ 2 12],44,237,258,193,232
1,<environment.Job instance at 0x7f32b6881c30>,44,26,[8 4],45,258,284,213,255
1,<environment.Job instance at 0x7f32b6881cd0>,46,2,[ 1 10],47,258,260,211,255
1,<environment.Job instance at 0x7f32b6888e10>,0,19,[8 4],1,1,20,0,1
1,<environment.Job instance at 0x7f32b688ad70>,4,21,[ 1 10],5,5,26,0,5
1,<environment.Job instance at 0x7f3270c5c460>,3,20,[14  2],4,4,24,0,4
1,<environment.Job instance at 0x7f3270c3c6e0>,0,24,[11  3],1,1,25,0,1
1,<environment.Job instance at 0x7f3270c1d0f0>,4,28,[13  3],5,25,53,20,24
1,<environment.Job instance at 0x7f3270c3c1e0>,1,22,[5 8],2,53,75,51,46
1,<environment.Job instance at 0x7f32711b0230>,8,24,[ 5 11],9,75,99,66,70
1,<environment.Job instance at 0x7f32711b0d70>,9,21,[6 4],10,70,91,60,70
1,<environment.Job instance at 0x7f32711b0320>,21,2,[5 1],22,111,113,89,111
1,<environment.Job instance at 0x7f32711b0640>,22,23,[1 7],23,111,134,88,111
1,<environment.Job instance at 0x7f3270c0e730>,1,25,[5 1],2,2,27,0,2
1,<environment.Job instance at 0x7f3270f857d0>,5,24,[9 3],6,6,30,0,6
1,<environment.Job instance at 0x7f3270f858c0>,8,24,[ 2 13],9,30,54,21,25
1,<environment.Job instance at 0x7f3270f85be0>,9,3,[ 2 14],10,56,59,46,56
1,<environment.Job instance at 0x7f3270f85d70>,12,22,[4 8],13,59,81,46,56
1,<environment.Job instance at 0x7f3270f85f50>,15,24,[6 1],16,58,82,42,58
1,<environment.Job instance at 0x7f3270f79190>,18,19,[ 5 13],19,89,108,70,89
1,<environment.Job instance at 0x7f3270f79230>,19,28,[3 5],20,108,136,88,107
1,<environment.Job instance at 0x7f3270f79280>,20,19,[1 8],21,108,127,87,107
1,<environment.Job instance at 0x7f3270f792d0>,22,26,[5 3],23,127,153,104,124
1,<environment.Job instance at 0x7f3270f792d0>,3,26,[12  3],4,4,30,0,4
1,<environment.Job instance at 0x7f32bbcb3960>,7,28,[1 9],8,8,36,0,8
1,<environment.Job instance at 0x7f32bbcb30a0>,8,26,[7 3],9,30,56,21,27
1,<environment.Job instance at 0x7f32b74320f0>,18,25,[9 1],19,59,84,40,59
1,<environment.Job instance at 0x7f32b74329b0>,21,20,[7 4],22,84,104,62,75
1,<environment.Job instance at 0x7f32b6d87820>,22,23,[2 8],23,75,98,52,75
1,<environment.Job instance at 0x7f32b6d87c80>,23,16,[11  1],24,725,741,701,725
1,<environment.Job instance at 0x7f32b66a35f0>,0,21,[5 6],1,1,22,0,1
1,<environment.Job instance at 0x7f32b66a3e60>,3,23,[10  3],4,4,27,0,4
1,<environment.Job instance at 0x7f3270b46870>,4,24,[4 8],5,22,46,17,17
1,<environment.Job instance at 0x7f327114a4b0>,12,28,[12  4],13,46,74,33,45
1,<environment.Job instance at 0x7f32b66cc280>,13,1,[11  1],14,74,75,60,48
1,<environment.Job instance at 0x7f32b70648c0>,5,26,[14  5],6,75,101,69,72
1,<environment.Job instance at 0x7f32b67fc280>,17,28,[7 5],18,101,129,83,100
1,<environment.Job instance at 0x7f3270b2e320>,20,21,[9 1],21,129,150,108,121
1,<environment.Job instance at 0x7f3270c000a0>,22,19,[2 7],23,121,140,98,121
1,<environment.Job instance at 0x7f32b6939cd0>,24,25,[ 3 10],25,140,165,115,136
1,<environment.Job instance at 0x7f32bbbbeb40>,23,24,[1 9],24,165,189,141,160
1,<environment.Job instance at 0x7f32b66fe0a0>,30,28,[7 2],31,165,193,134,165
1,<environment.Job instance at 0x7f32b66fe5a0>,31,20,[8 3],32,189,209,157,180
1,<environment.Job instance at 0x7f32b6fc9870>,32,25,[5 7],33,193,218,160,189
1,<environment.Job instance at 0x7f32b6767d20>,35,21,[ 5 13],36,218,239,182,210
1,<environment.Job instance at 0x7f32b6d41320>,39,22,[12  5],40,239,261,199,232
1,<environment.Job instance at 0x7f32b6d41b40>,40,23,[7 1],41,261,284,220,255
1,<environment.Job instance at 0x7f32b6d41be0>,42,2,[2 5],43,256,258,213,256
1,<environment.Job instance at 0x7f32b6d413c0>,45,1,[4 9],46,261,262,215,260
1,<environment.Job instance at 0x7f32b6d41eb0>,47,24,[10  2],48,284,308,236,279
1,<environment.Job instance at 0x7f32b6d41780>,2,27,[14  3],3,3,30,0,3
1,<environment.Job instance at 0x7f32709e8f00>,5,25,[4 9],6,30,55,24,26
1,<environment.Job instance at 0x7f32709eb500>,15,28,[5 5],16,43,71,27,43
1,<environment.Job instance at 0x7f32709eb5a0>,16,19,[ 1 12],17,96,115,79,96
1,<environment.Job instance at 0x7f32709eb640>,17,24,[10  2],18,96,120,78,96
1,<environment.Job instance at 0x7f32709eb6e0>,18,2,[ 4 13],19,115,117,96,112
1,<environment.Job instance at 0x7f32709eb780>,19,19,[ 5 10],20,117,136,97,112
1,<environment.Job instance at 0x7f32709eb8c0>,21,28,[ 1 12],22,136,164,114,135
1,<environment.Job instance at 0x7f32b675f0a0>,6,2,[13  3],7,16,18,9,16
1,<environment.Job instance at 0x7f3270a12230>,12,20,[4 5],13,18,38,5,17
1,<environment.Job instance at 0x7f3270a129b0>,13,23,[6 5],14,18,41,4,17
1,<environment.Job instance at 0x7f3270a126e0>,15,2,[ 5 13],16,41,43,25,39
1,<environment.Job instance at 0x7f32b6731aa0>,16,27,[4 6],17,43,70,26,41
1,<environment.Job instance at 0x7f32b67d0640>,17,1,[4 9],18,43,44,25,41
1,<environment.Job instance at 0x7f32b6731460>,19,21,[9 2],20,44,65,24,41
1,<environment.Job instance at 0x7f32b6fd80f0>,20,22,[ 3 12],21,70,92,49,63
1,<environment.Job instance at 0x7f3270ee4af0>,22,22,[9 1],23,65,87,42,63
1,<environment.Job instance at 0x7f327119a730>,28,22,[8 4],29,92,114,63,87
1,<environment.Job instance at 0x7f32b6cbb730>,31,22,[7 5],32,108,130,76,108
1,<environment.Job instance at 0x7f32b6cbb1e0>,2,26,[1 6],3,3,29,0,3
1,<environment.Job instance at 0x7f3270e81410>,3,23,[5 5],4,4,27,0,4
1,<environment.Job instance at 0x7f3270efd6e0>,11,22,[5 4],12,12,34,0,12
1,<environment.Job instance at 0x7f32b6c801e0>,12,26,[10  5],13,29,55,16,26
1,<environment.Job instance at 0x7f32b713d1e0>,13,27,[10  3],14,55,82,41,53
1,<environment.Job instance at 0x7f3270efd960>,15,28,[1 7],16,54,82,38,54
1,<environment.Job instance at 0x7f32b72cb7d0>,16,25,[6 4],17,82,107,65,78
1,<environment.Job instance at 0x7f32b67597d0>,20,26,[3 6],21,82,108,61,80
1,<environment.Job instance at 0x7f32b6759c80>,22,21,[ 1 12],23,108,129,85,100
1,<environment.Job instance at 0x7f32b67f54b0>,25,24,[10  4],26,129,153,103,124
1,<environment.Job instance at 0x7f32b6888a00>,26,21,[4 7],27,129,150,102,124
1,<environment.Job instance at 0x7f32b66cd870>,1,26,[13  1],2,2,28,0,2
1,<environment.Job instance at 0x7f3270f22640>,6,25,[3 9],7,28,53,21,24
1,<environment.Job instance at 0x7f3270f22c30>,15,19,[4 5],16,48,67,32,48
1,<environment.Job instance at 0x7f3270f225f0>,4,19,[ 5 13],5,67,86,62,57
1,<environment.Job instance at 0x7f3270f075a0>,25,23,[9 4],26,86,109,60,86
1,<environment.Job instance at 0x7f3270f075f0>,26,21,[8 2],27,109,130,82,101
1,<environment.Job instance at 0x7f3270f07460>,27,21,[ 5 13],28,109,130,81,101
1,<environment.Job instance at 0x7f3270f07820>,32,28,[10  3],33,130,158,97,129
1,<environment.Job instance at 0x7f3270f07910>,33,28,[10  4],34,158,186,124,157
1,<environment.Job instance at 0x7f3270f07c80>,35,25,[5 7],36,158,183,122,158
1,<environment.Job instance at 0x7f3270f07eb0>,42,28,[3 8],43,189,217,146,189
1,<environment.Job instance at 0x7f3270f07eb0>,5,21,[10  5],6,6,27,0,6
1,<environment.Job instance at 0x7f3270efd460>,7,26,[5 5],8,8,34,0,8
1,<environment.Job instance at 0x7f3270efdb90>,9,23,[7 1],10,27,50,17,21
1,<environment.Job instance at 0x7f3270efdf00>,12,25,[6 3],13,34,59,21,30
1,<environment.Job instance at 0x7f3270efd4b0>,13,23,[7 4],14,50,73,36,44
1,<environment.Job instance at 0x7f3270b177d0>,16,28,[5 4],17,59,87,42,58
1,<environment.Job instance at 0x7f327116a780>,17,2,[3 8],18,73,75,55,58
1,<environment.Job instance at 0x7f3270b17dc0>,18,27,[6 3],19,73,100,54,71
1,<environment.Job instance at 0x7f3270b17f50>,19,2,[14  3],20,100,102,80,77
1,<environment.Job instance at 0x7f3270b17d20>,20,25,[14  5],21,102,127,81,98
1,<environment.Job instance at 0x7f32b6bd69b0>,21,2,[ 2 12],22,98,100,76,98
1,<environment.Job instance at 0x7f3270b17f00>,22,28,[7 1],23,127,155,104,126
1,<environment.Job instance at 0x7f32b75706e0>,0,27,[ 2 10],1,1,28,0,1
1,<environment.Job instance at 0x7f32b7570960>,5,28,[ 2 14],6,28,56,22,27
1,<environment.Job instance at 0x7f32b7570b90>,6,28,[5 1],7,27,55,20,27
1,<environment.Job instance at 0x7f32b7570a50>,7,22,[8 3],8,56,78,48,49
1,<environment.Job instance at 0x7f32b7570cd0>,9,21,[ 1 11],10,56,77,46,55
1,<environment.Job instance at 0x7f327116dc80>,11,21,[8 2],12,78,99,66,70
1,<environment.Job instance at 0x7f327116d0f0>,13,21,[8 3],14,99,120,85,91
1,<environment.Job instance at 0x7f327116d780>,15,26,[2 9],16,97,123,81,97
1,<environment.Job instance at 0x7f32b7570f50>,3,2,[ 1 13],4,123,125,119,119
1,<environment.Job instance at 0x7f327116d690>,19,27,[ 4 13],20,125,152,105,123
1,<environment.Job instance at 0x7f32b6ae8500>,3,26,[ 2 11],4,4,30,0,4
1,<environment.Job instance at 0x7f32bba0ff50>,1,23,[3 6],2,2,25,0,2
1,<environment.Job instance at 0x7f32b6a33320>,4,23,[2 6],5,5,28,0,5
1,<environment.Job instance at 0x7f32b6a33230>,8,24,[9 2],9,17,41,8,17
1,<environment.Job instance at 0x7f32b6c9b460>,7,22,[6 5],8,28,50,20,21
1,<environment.Job instance at 0x7f32b68d6640>,13,2,[12  2],14,50,52,36,40
1,<environment.Job instance at 0x7f32b6a0ec80>,1,24,[10  2],2,2,26,0,2
1,<environment.Job instance at 0x7f32b7406b40>,7,21,[12  1],8,43,64,35,43
1,<environment.Job instance at 0x7f32b74061e0>,3,3,[ 2 14],4,65,68,61,65
1,<environment.Job instance at 0x7f32b7406780>,9,26,[1 9],10,68,94,58,65
1,<environment.Job instance at 0x7f32b7406230>,12,26,[13  5],13,68,94,55,65
1,<environment.Job instance at 0x7f32b6670960>,13,25,[13  3],14,94,119,80,90
1,<environment.Job instance at 0x7f32b6670280>,14,22,[ 5 10],15,119,141,104,112
1,<environment.Job instance at 0x7f32b7406370>,5,19,[11  3],6,141,160,135,132
1,<environment.Job instance at 0x7f32b6670a00>,17,26,[3 8],18,141,167,123,138
1,<environment.Job instance at 0x7f32b742ec80>,0,19,[6 4],1,2,21,1,2
1,<environment.Job instance at 0x7f32b687ce10>,8,22,[6 4],9,10,32,1,10
1,<environment.Job instance at 0x7f32b6898780>,12,23,[12  3],13,32,55,19,26
1,<environment.Job instance at 0x7f32b687f190>,13,28,[4 7],14,55,83,41,54
1,<environment.Job instance at 0x7f32b687fcd0>,17,24,[1 7],18,55,79,37,55
1,<environment.Job instance at 0x7f32b687f550>,21,23,[13  4],22,83,106,61,77
1,<environment.Job instance at 0x7f32b68883c0>,23,26,[1 9],24,83,109,59,80
1,<environment.Job instance at 0x7f32b6888460>,25,22,[ 2 10],26,109,131,83,102
1,<environment.Job instance at 0x7f3270ab6dc0>,1,27,[3 9],2,2,29,0,2
1,<environment.Job instance at 0x7f32b687d0f0>,2,28,[3 8],3,29,57,26,28
1,<environment.Job instance at 0x7f32b6888280>,3,23,[ 5 10],4,57,80,53,51
1,<environment.Job instance at 0x7f32b6a8de10>,6,1,[ 4 13],7,80,81,73,52
1,<environment.Job instance at 0x7f32b6d2a2d0>,9,1,[ 1 14],10,81,82,71,57
1,<environment.Job instance at 0x7f32b6d2a640>,12,3,[8 2],13,57,60,44,57
1,<environment.Job instance at 0x7f3271145b90>,5,20,[ 4 10],6,6,26,0,6
1,<environment.Job instance at 0x7f32711458c0>,0,19,[ 4 11],1,26,45,25,16
1,<environment.Job instance at 0x7f32708dea00>,11,24,[ 4 11],12,45,69,33,40
1,<environment.Job instance at 0x7f32708de910>,12,24,[4 8],13,69,93,56,64
1,<environment.Job instance at 0x7f32708defa0>,13,21,[9 5],14,69,90,55,64
1,<environment.Job instance at 0x7f32708de6e0>,14,25,[5 4],15,90,115,75,86
1,<environment.Job instance at 0x7f32708de050>,18,1,[3 7],19,93,94,74,89
1,<environment.Job instance at 0x7f32708ded70>,19,26,[8 5],20,94,120,74,91
1,<environment.Job instance at 0x7f32708dee60>,20,20,[9 5],21,120,140,99,111
1,<environment.Job instance at 0x7f32b6d1e7d0>,27,23,[6 2],28,185,208,157,185
1,<environment.Job instance at 0x7f32707fd910>,3,23,[4 5],4,4,27,0,4
1,<environment.Job instance at 0x7f32707fd5f0>,6,22,[ 2 12],7,27,49,20,20
1,<environment.Job instance at 0x7f3270e54460>,8,28,[11  4],9,49,77,40,48
1,<environment.Job instance at 0x7f3270e548c0>,11,22,[2 7],12,49,71,37,48
1,<environment.Job instance at 0x7f32b6beb2d0>,15,28,[1 7],16,71,99,55,70
1,<environment.Job instance at 0x7f32b6beb7d0>,19,19,[ 5 10],20,99,118,79,89
1,<environment.Job instance at 0x7f32707fd140>,2,19,[ 3 12],3,118,137,115,108
1,<environment.Job instance at 0x7f3271128320>,22,27,[8 5],23,137,164,114,135
1,<environment.Job instance at 0x7f3271128280>,24,25,[ 1 12],25,164,189,139,160
1,<environment.Job instance at 0x7f32b705b2d0>,27,20,[14  5],28,189,209,161,180
1,<environment.Job instance at 0x7f32b6a89140>,28,25,[ 3 12],29,209,234,180,205
1,<environment.Job instance at 0x7fc8d049d370>,4,24,[ 3 11],5,5,29,0,5
1,<environment.Job instance at 0x7fc8d049d6e0>,8,24,[ 2 10],9,29,53,20,24
1,<environment.Job instance at 0x7fc8d049d7d0>,11,1,[8 4],12,24,25,12,24
1,<environment.Job instance at 0x7fc8d049d960>,14,21,[ 3 11],15,53,74,38,45
1,<environment.Job instance at 0x7fc8d049dc80>,19,21,[8 5],20,74,95,54,66
1,<environment.Job instance at 0x7fc8d049dd20>,20,21,[13  5],21,95,116,74,87
1,<environment.Job instance at 0x7fc8d049ddc0>,21,22,[8 2],22,116,138,94,109
1,<environment.Job instance at 0x7fc8d049daa0>,16,19,[ 3 10],17,116,135,99,109
1,<environment.Job instance at 0x7fc8d049e410>,24,2,[ 3 12],25,135,137,110,111
1,<environment.Job instance at 0x7fc8d049e190>,26,20,[4 8],27,137,157,110,128
1,<environment.Job instance at 0x7fc8d049e460>,27,25,[14  4],28,157,182,129,153
1,<environment.Job instance at 0x7fc8d049e8c0>,34,20,[5 3],35,182,202,147,173
1,<environment.Job instance at 0x7fc8d049ebe0>,39,23,[4 6],40,182,205,142,176
1,<environment.Job instance at 0x7fc8d049ed20>,41,3,[6 3],42,182,185,140,180
1,<environment.Job instance at 0x7fc8d049ee60>,43,21,[ 2 12],44,205,226,161,197
1,<environment.Job instance at 0x7fc8d049efa0>,44,26,[8 4],45,226,252,181,223
1,<environment.Job instance at 0x7fc8d04a3410>,3,27,[12  1],4,4,31,0,4
1,<environment.Job instance at 0x7fc8d38d4b40>,4,22,[5 8],5,31,53,26,24
1,<environment.Job instance at 0x7fc8d38d4af0>,5,24,[2 5],6,24,48,18,24
1,<environment.Job instance at 0x7fc8d3a1abe0>,10,22,[2 8],11,53,75,42,46
1,<environment.Job instance at 0x7fc8d3a1fb90>,19,27,[5 8],20,91,118,71,91
1,<environment.Job instance at 0x7fc8d3a1f370>,3,23,[ 2 14],4,4,27,0,4
1,<environment.Job instance at 0x7fc8888796e0>,8,28,[4 7],9,27,55,18,26
1,<environment.Job instance at 0x7fc888879a50>,9,26,[3 6],10,27,53,17,26
1,<environment.Job instance at 0x7fc888879050>,5,19,[5 1],6,26,45,20,26
1,<environment.Job instance at 0x7fc888879e60>,14,2,[ 1 11],15,55,57,40,50
1,<environment.Job instance at 0x7fc8888603c0>,20,23,[5 8],21,57,80,36,56
1,<environment.Job instance at 0x7fc888860370>,21,21,[ 4 11],22,80,101,58,72
1,<environment.Job instance at 0x7fc888860e60>,24,28,[3 8],25,101,129,76,100
1,<environment.Job instance at 0x7fc888860f50>,25,24,[12  1],26,101,125,75,100
1,<environment.Job instance at 0x7fc8888c24b0>,1,22,[6 1],2,2,24,0,2
1,<environment.Job instance at 0x7fc8d3a264b0>,3,21,[5 1],4,4,25,0,4
1,<environment.Job instance at 0x7fc8d3a26190>,7,20,[3 7],8,10,30,2,10
1,<environment.Job instance at 0x7fc8d3a265a0>,8,27,[ 3 13],9,30,57,21,28
1,<environment.Job instance at 0x7fc888860f50>,5,20,[5 5],6,57,77,51,48
1,<environment.Job instance at 0x7fc8d3a26a50>,9,20,[14  3],10,77,97,67,68
1,<environment.Job instance at 0x7fc8d3a263c0>,12,1,[ 5 14],13,97,98,84,70
1,<environment.Job instance at 0x7fc8d3a265f0>,16,28,[14  3],17,98,126,81,97
1,<environment.Job instance at 0x7fc8d3a26280>,17,24,[ 4 11],18,126,150,108,121
1,<environment.Job instance at 0x7fc888caf870>,18,3,[11  1],19,128,131,109,128
1,<environment.Job instance at 0x7fc888c24dc0>,21,22,[ 1 10],22,150,172,128,143
1,<environment.Job instance at 0x7fc888c24fa0>,23,24,[2 7],24,172,196,148,167
1,<environment.Job instance at 0x7fc888c244b0>,24,25,[5 5],25,167,192,142,167
1,<environment.Job instance at 0x7fc888c24460>,27,26,[7 1],28,172,198,144,169
1,<environment.Job instance at 0x7fc888c858c0>,30,1,[11  3],31,198,199,167,190
1,<environment.Job instance at 0x7fc888c85870>,32,2,[8 1],33,196,198,163,190
1,<environment.Job instance at 0x7fc8d04961e0>,2,22,[1 6],3,3,25,0,3
1,<environment.Job instance at 0x7fc8d03f2910>,3,27,[5 1],4,4,31,0,4
1,<environment.Job instance at 0x7fc8d04962d0>,4,25,[10  4],5,25,50,20,21
1,<environment.Job instance at 0x7fc8d03f2780>,5,26,[5 4],6,31,57,25,28
1,<environment.Job instance at 0x7fc888b98140>,10,26,[ 2 11],11,50,76,39,47
1,<environment.Job instance at 0x7fc888b98280>,12,1,[ 2 10],13,76,77,63,48
1,<environment.Job instance at 0x7fc888b98500>,16,24,[3 6],17,77,101,60,72
1,<environment.Job instance at 0x7fc888b985a0>,17,20,[8 5],18,76,96,58,72
1,<environment.Job instance at 0x7fc888b98640>,18,26,[7 4],19,96,122,77,93
1,<environment.Job instance at 0x7fc888b98780>,20,27,[9 5],21,122,149,101,120
1,<environment.Job instance at 0x7fc888b98be0>,24,3,[10  4],25,149,152,124,128
1,<environment.Job instance at 0x7fc888b98c80>,25,20,[6 4],26,128,148,102,128
1,<environment.Job instance at 0x7fc888b98d20>,26,28,[ 3 14],27,152,180,125,151
1,<environment.Job instance at 0x7fc888b98dc0>,27,20,[1 9],28,180,200,152,171
1,<environment.Job instance at 0x7fc888b98190>,29,21,[6 1],30,176,197,146,176
1,<environment.Job instance at 0x7fc888b95230>,32,19,[11  4],33,197,216,164,192
1,<environment.Job instance at 0x7fc888b952d0>,33,27,[9 1],34,216,243,182,214
1,<environment.Job instance at 0x7fc888b95370>,34,21,[3 9],35,214,235,179,214
1,<environment.Job instance at 0x7fc888b95410>,35,22,[7 4],36,243,265,207,236
1,<environment.Job instance at 0x7fc8d05a7d20>,3,27,[ 3 14],4,4,31,0,4
1,<environment.Job instance at 0x7fc888a4bb40>,6,28,[5 2],7,31,59,24,30
1,<environment.Job instance at 0x7fc888a4baa0>,7,28,[13  5],8,59,87,51,58
1,<environment.Job instance at 0x7fc888a4b140>,10,22,[5 6],11,87,109,76,80
1,<environment.Job instance at 0x7fc888a4b4b0>,18,2,[7 2],19,108,110,89,108
1,<environment.Job instance at 0x7fc888a4be10>,21,25,[7 3],22,116,141,94,116
1,<environment.Job instance at 0x7fc888a4ba00>,22,20,[2 8],23,116,136,93,116
1,<environment.Job instance at 0x7fc888a4b3c0>,23,27,[ 5 13],24,141,168,117,139
1,<environment.Job instance at 0x7fc8d1125370>,26,21,[5 4],27,168,189,141,161
1,<environment.Job instance at 0x7fc8d0bd2be0>,3,21,[4 9],4,4,25,0,4
1,<environment.Job instance at 0x7fc8d087beb0>,10,28,[9 5],11,11,39,0,11
1,<environment.Job instance at 0x7fc8d0a9d9b0>,12,26,[9 3],13,39,65,26,36
1,<environment.Job instance at 0x7fc8d0a08f00>,15,22,[ 1 13],16,65,87,49,58
1,<environment.Job instance at 0x7fc888d0d2d0>,8,12,[ 1 13],9,493,505,484,493
1,<environment.Job instance at 0x7fc8d05450f0>,22,27,[14  3],23,505,532,482,503
1,<environment.Job instance at 0x7fc8d05450f0>,3,21,[10  4],4,4,25,0,4
1,<environment.Job instance at 0x7fc8887ba910>,15,2,[2 9],16,20,22,4,20
1,<environment.Job instance at 0x7fc8887ba7d0>,16,2,[13  3],17,25,27,8,24
1,<environment.Job instance at 0x7fc8887bac30>,17,1,[8 1],18,27,28,9,24
1,<environment.Job instance at 0x7fc8887b2320>,22,20,[4 5],23,58,78,35,58
1,<environment.Job instance at 0x7fc8887b23c0>,23,23,[6 5],24,58,81,34,58
1,<environment.Job instance at 0x7fc8887b2410>,25,2,[ 5 13],26,81,83,55,77
1,<environment.Job instance at 0x7fc8887b25f0>,26,27,[4 6],27,83,110,56,81
1,<environment.Job instance at 0x7fc8887b2690>,27,1,[4 9],28,83,84,55,81
1,<environment.Job instance at 0x7fc8887b27d0>,29,21,[9 2],30,84,105,54,81
1,<environment.Job instance at 0x7fc8887b2870>,30,22,[ 3 12],31,110,132,79,103
1,<environment.Job instance at 0x7fc8887b28c0>,32,22,[9 1],33,105,127,72,104
1,<environment.Job instance at 0x7fc8887b2a50>,2,26,[1 6],3,3,29,0,3
1,<environment.Job instance at 0x7fc8886d3eb0>,3,23,[5 5],4,4,27,0,4
1,<environment.Job instance at 0x7fc888ad8910>,11,22,[5 4],12,12,34,0,12
1,<environment.Job instance at 0x7fc888cca0a0>,12,26,[10  5],13,29,55,16,26
1,<environment.Job instance at 0x7fc888ad8370>,13,27,[10  3],14,55,82,41,53
1,<environment.Job instance at 0x7fc8d04006e0>,15,28,[1 7],16,53,81,37,53
1,<environment.Job instance at 0x7fc8887ce960>,16,25,[6 4],17,82,107,65,78
1,<environment.Job instance at 0x7fc8d38d0e10>,20,26,[3 6],21,81,107,60,78
1,<environment.Job instance at 0x7fc888c6f9b0>,22,21,[ 1 12],23,107,128,84,99
1,<environment.Job instance at 0x7fc888c6fe10>,23,20,[3 8],24,128,148,104,119
1,<environment.Job instance at 0x7fc88883dc80>,25,24,[10  4],26,128,152,102,124
1,<environment.Job instance at 0x7fc8d0354c80>,26,21,[4 7],27,148,169,121,140
1,<environment.Job instance at 0x7fc8d0733500>,5,19,[4 5],6,6,25,0,6
1,<environment.Job instance at 0x7fc8d0968730>,15,23,[9 4],16,30,53,14,30
1,<environment.Job instance at 0x7fc8d0379d20>,16,21,[8 2],17,53,74,36,45
1,<environment.Job instance at 0x7fc8d0968870>,17,21,[ 5 13],18,53,74,35,45
1,<environment.Job instance at 0x7fc8d0943d20>,22,28,[10  3],23,74,102,51,73
1,<environment.Job instance at 0x7fc8d0f804b0>,23,28,[10  4],24,102,130,78,101
1,<environment.Job instance at 0x7fc8d0a579b0>,25,25,[5 7],26,101,126,75,101
1,<environment.Job instance at 0x7fc8d0758140>,32,28,[3 8],33,126,154,93,125
1,<environment.Job instance at 0x7fc888acbe60>,0,25,[14  5],1,1,26,0,1
1,<environment.Job instance at 0x7fc8d0758140>,2,28,[7 1],3,26,54,23,25
1,<environment.Job instance at 0x7fc8d0b31b40>,6,26,[3 8],7,26,52,19,25
1,<environment.Job instance at 0x7fc8d0b31c30>,7,26,[10  5],8,54,80,46,51
1,<environment.Job instance at 0x7fc8d0b31e10>,10,24,[1 6],11,57,81,46,57
1,<environment.Job instance at 0x7fc888dd0d20>,1,2,[ 2 12],2,81,83,79,73
1,<environment.Job instance at 0x7fc8d0b31f50>,12,24,[5 8],13,83,107,70,78
1,<environment.Job instance at 0x7fc8d0b2d050>,13,20,[1 8],14,107,127,93,98
1,<environment.Job instance at 0x7fc8d0b2d0a0>,14,22,[7 2],15,98,120,83,98
1,<environment.Job instance at 0x7fc8d0b2d2d0>,17,21,[4 9],18,127,148,109,119
1,<environment.Job instance at 0x7fc8d0b2d370>,18,21,[ 5 14],19,148,169,129,140
1,<environment.Job instance at 0x7fc8d0b2d410>,19,21,[ 4 11],20,169,190,149,161
1,<environment.Job instance at 0x7fc8d0b2d550>,21,23,[8 4],22,169,192,147,163
1,<environment.Job instance at 0x7fc8d0b2d690>,23,20,[5 7],24,190,210,166,181
1,<environment.Job instance at 0x7fc8d0b2dbe0>,27,24,[6 2],28,192,216,164,187
1,<environment.Job instance at 0x7fc8d0b2dd20>,29,25,[8 3],30,210,235,180,206
1,<environment.Job instance at 0x7fc8d0b4e280>,37,20,[ 5 13],38,235,255,197,226
1,<environment.Job instance at 0x7fc8d0b4e500>,41,27,[6 4],42,255,282,213,253
1,<environment.Job instance at 0x7fc8d0b4e5a0>,42,25,[6 1],43,253,278,210,253
1,<environment.Job instance at 0x7fc8d0b4e640>,43,23,[5 5],44,278,301,234,272
1,<environment.Job instance at 0x7fc8d0b4e6e0>,44,28,[8 5],45,282,310,237,281
1,<environment.Job instance at 0x7fc8d0327780>,0,22,[5 3],1,1,23,0,1
1,<environment.Job instance at 0x7fc8d0b4e6e0>,2,27,[10  3],3,3,30,0,3
1,<environment.Job instance at 0x7fc88864d820>,6,23,[8 4],7,30,53,23,24
1,<environment.Job instance at 0x7fc8d0d54140>,8,28,[ 4 10],9,24,52,15,24
1,<environment.Job instance at 0x7fc8d0d54050>,11,24,[2 6],12,52,76,40,47
1,<environment.Job instance at 0x7fc88864d8c0>,5,22,[ 2 11],6,76,98,70,69
1,<environment.Job instance at 0x7fc88864d7d0>,3,1,[ 1 11],4,98,99,94,70
1,<environment.Job instance at 0x7fc8d0d549b0>,15,27,[ 2 10],16,99,126,83,97
1,<environment.Job instance at 0x7fc8d094ecd0>,17,1,[11  5],18,99,100,81,97
1,<environment.Job instance at 0x7fc8d094eb90>,20,25,[9 2],21,100,125,79,98
1,<environment.Job instance at 0x7fc8d094e190>,22,2,[ 5 13],23,126,128,103,116
1,<environment.Job instance at 0x7fc888a69780>,26,19,[ 3 10],27,128,147,101,122
1,<environment.Job instance at 0x7fc888a69320>,28,24,[5 1],29,129,153,100,129
1,<environment.Job instance at 0x7fc88865dd20>,7,1,[4 5],8,8,9,0,8
1,<environment.Job instance at 0x7fc88865d0f0>,8,21,[8 1],9,9,30,0,9
1,<environment.Job instance at 0x7fc88865d3c0>,10,21,[9 1],11,30,51,19,22
1,<environment.Job instance at 0x7fc88865dc30>,12,28,[9 4],13,51,79,38,50
1,<environment.Job instance at 0x7fc8886d8eb0>,15,24,[8 4],16,79,103,63,74
1,<environment.Job instance at 0x7fc8d02b7320>,18,22,[5 5],19,74,96,55,74
1,<environment.Job instance at 0x7fc8d02b7960>,21,26,[6 1],22,96,122,74,93
1,<environment.Job instance at 0x7fc8d02b76e0>,22,3,[ 5 14],23,310,313,287,310
1,<environment.Job instance at 0x7fc8d02b7a00>,24,20,[3 6],25,313,333,288,310
1,<environment.Job instance at 0x7fc8d0f34c30>,29,2,[13  2],30,333,335,303,318
1,<environment.Job instance at 0x7fc8d0f34640>,31,25,[1 6],32,326,351,294,326
1,<environment.Job instance at 0x7fc8d0b55dc0>,32,26,[5 5],33,335,361,302,332
1,<environment.Job instance at 0x7fc8d0fb4500>,0,21,[ 4 13],1,1,22,0,1
1,<environment.Job instance at 0x7fc888c136e0>,6,23,[14  1],7,22,45,15,17
1,<environment.Job instance at 0x7fc888c13c80>,7,27,[11  2],8,45,72,37,43
1,<environment.Job instance at 0x7fc888522780>,4,24,[3 9],5,53,77,48,53
1,<environment.Job instance at 0x7fc888522fa0>,3,27,[13  3],4,77,104,73,75
1,<environment.Job instance at 0x7fc888c13a50>,10,22,[ 3 14],11,104,126,93,97
1,<environment.Job instance at 0x7fc888bfaaf0>,18,21,[9 4],19,126,147,107,118
1,<environment.Job instance at 0x7fc888bfa140>,22,28,[13  5],23,147,175,124,146
1,<environment.Job instance at 0x7fc888bfa410>,23,27,[6 1],24,175,202,151,173
1,<environment.Job instance at 0x7fc888c1fc80>,26,12,[1 6],27,179,191,152,179
1,<environment.Job instance at 0x7fc888c1f960>,27,19,[ 5 10],28,191,210,163,181
1,<environment.Job instance at 0x7fc8884b9370>,29,24,[14  3],30,210,234,180,205
1,<environment.Job instance at 0x7fc8885ead20>,2,25,[8 5],3,3,28,0,3
1,<environment.Job instance at 0x7fc8884b95a0>,4,24,[13  5],5,28,52,23,23
1,<environment.Job instance at 0x7fc8884b9370>,3,2,[14  3],4,52,54,48,26
1,<environment.Job instance at 0x7fc8d08eebe0>,8,27,[ 3 10],9,54,81,45,52
1,<environment.Job instance at 0x7fc8d08ee370>,9,19,[8 3],10,54,73,44,52
1,<environment.Job instance at 0x7fc8885eaf50>,0,19,[3 8],1,81,100,80,71
1,<environment.Job instance at 0x7fc8d0348f50>,20,19,[6 4],21,101,120,80,101
1,<environment.Job instance at 0x7fc8d0348be0>,28,22,[6 4],29,189,211,160,189
1,<environment.Job instance at 0x7fc8d0348cd0>,29,2,[5 7],30,189,191,159,189
1,<environment.Job instance at 0x7fc888473370>,0,20,[4 8],1,1,21,0,1
1,<environment.Job instance at 0x7fc888a667d0>,2,27,[2 9],3,21,48,18,19
1,<environment.Job instance at 0x7fc8884739b0>,7,23,[10  1],8,19,42,11,19
1,<environment.Job instance at 0x7fc888473aa0>,8,22,[8 1],9,42,64,33,35
1,<environment.Job instance at 0x7fc888473500>,11,27,[3 9],12,48,75,36,46
1,<environment.Job instance at 0x7fc888473230>,12,28,[3 8],13,75,103,62,74
1,<environment.Job instance at 0x7fc888473140>,13,23,[ 5 10],14,103,126,89,97
1,<environment.Job instance at 0x7fc888473cd0>,16,1,[ 4 13],17,126,127,109,100
1,<environment.Job instance at 0x7fc888473e10>,5,20,[ 4 10],6,6,26,0,6
1,<environment.Job instance at 0x7fc888d8bbe0>,0,19,[ 4 11],1,26,45,25,16
1,<environment.Job instance at 0x7fc8d0a66370>,11,24,[ 4 11],12,45,69,33,40
1,<environment.Job instance at 0x7fc8d0a66230>,12,24,[4 8],13,69,93,56,64
1,<environment.Job instance at 0x7fc8d0a660a0>,13,21,[9 5],14,69,90,55,64
1,<environment.Job instance at 0x7fc8d0a79050>,14,25,[5 4],15,90,115,75,86
1,<environment.Job instance at 0x7fc8d0a65190>,19,26,[8 5],20,93,119,73,90
1,<environment.Job instance at 0x7fc8d0a652d0>,20,20,[9 5],21,119,139,98,110
1,<environment.Job instance at 0x7fc8d0a7cb40>,27,23,[6 2],28,143,166,115,143
1,<environment.Job instance at 0x7fc888da3960>,1,22,[2 7],2,2,24,0,2
1,<environment.Job instance at 0x7fc8d37b32d0>,5,28,[1 7],6,6,34,0,6
1,<environment.Job instance at 0x7fc8d0ab4f50>,12,27,[8 5],13,25,52,12,25
1,<environment.Job instance at 0x7fc8d0ab4eb0>,14,25,[ 1 12],15,52,77,37,48
1,<environment.Job instance at 0x7fc888a173c0>,18,25,[ 3 12],19,77,102,58,73
1,<environment.Job instance at 0x7fc8d0743190>,17,20,[14  5],18,102,122,84,93
1,<environment.Job instance at 0x7fc88890c0a0>,23,21,[1 7],24,102,123,78,95
1,<environment.Job instance at 0x7fc8d0d9dbe0>,2,24,[8 5],3,3,27,0,3
1,<environment.Job instance at 0x7fc8d0e40aa0>,8,26,[ 3 14],9,27,53,18,24
1,<environment.Job instance at 0x7fc8d0e40730>,9,21,[9 3],10,53,74,43,45
1,<environment.Job instance at 0x7fc8886da7d0>,3,3,[14  5],4,74,77,70,54
1,<environment.Job instance at 0x7fc8d0e40af0>,16,20,[4 7],17,54,74,37,54
1,<environment.Job instance at 0x7fc8d020e780>,25,22,[5 8],26,86,108,60,86
1,<environment.Job instance at 0x7fc8d020e5a0>,26,2,[6 5],27,86,88,59,86
1,<environment.Job instance at 0x7fc8d020ed20>,28,21,[5 3],29,96,117,67,96
1,<environment.Job instance at 0x7fc8d020e6e0>,29,24,[ 4 12],30,108,132,78,103
1,<environment.Job instance at 0x7fc8d020ea50>,31,28,[5 5],32,132,160,100,131
1,<environment.Job instance at 0x7fc888c6a410>,34,21,[4 8],35,139,160,104,139
1,<environment.Job instance at 0x7fc888c6a050>,38,3,[ 2 11],39,160,163,121,140
1,<environment.Job instance at 0x7fc888c6a320>,39,26,[1 9],40,163,189,123,160
1,<environment.Job instance at 0x7fc888c6a460>,40,28,[9 3],41,160,188,119,160
1,<environment.Job instance at 0x7fc888c6a5a0>,42,28,[5 3],43,163,191,120,162
1,<environment.Job instance at 0x7fc888c6a730>,44,20,[4 9],45,189,209,144,180
1,<environment.Job instance at 0x7fc888c6a230>,45,1,[ 3 13],46,209,210,163,181
1,<environment.Job instance at 0x7fc888c6a910>,46,22,[ 2 11],47,210,232,163,203
1,<environment.Job instance at 0x7fc888c6ab90>,47,24,[ 2 13],48,232,256,184,227
1,<environment.Job instance at 0x7fc888430140>,51,20,[5 4],52,256,276,204,247
1,<environment.Job instance at 0x7fc888430eb0>,55,20,[14  4],56,276,296,220,267
1,<environment.Job instance at 0x7fc888430b40>,56,22,[ 1 14],57,296,318,239,289
1,<environment.Job instance at 0x7fc888430820>,57,2,[14  4],58,318,320,260,291
1,<environment.Job instance at 0x7fc888430d70>,59,27,[4 9],60,320,347,260,318
1,<environment.Job instance at 0x7fc8d104fbe0>,1,20,[ 4 14],2,4,24,2,4
1,<environment.Job instance at 0x7fc8d09860a0>,4,25,[ 5 12],5,24,49,19,20
1,<environment.Job instance at 0x7fc8d0a221e0>,10,24,[7 1],11,20,44,9,20
1,<environment.Job instance at 0x7fc8d0a226e0>,15,28,[1 5],16,49,77,33,48
1,<environment.Job instance at 0x7fc8d0a220f0>,17,25,[8 1],18,48,73,30,48
1,<environment.Job instance at 0x7fc8d0a22320>,20,21,[7 4],21,73,94,52,71
1,<environment.Job instance at 0x7fc8d02623c0>,21,20,[3 9],22,77,97,55,71
1,<environment.Job instance at 0x7fc8d0262af0>,22,25,[4 5],23,94,119,71,90
1,<environment.Job instance at 0x7fc8d0262910>,23,25,[10  3],24,97,122,73,93
1,<environment.Job instance at 0x7fc8d1135050>,25,28,[13  4],26,122,150,96,121
1,<environment.Job instance at 0x7fc8d1135a50>,26,20,[13  2],27,150,170,123,143
1,<environment.Job instance at 0x7fe287fb9e10>,4,24,[ 3 11],5,5,29,0,5
1,<environment.Job instance at 0x7fe280b664b0>,8,24,[ 2 10],9,29,53,20,24
1,<environment.Job instance at 0x7fe280b66960>,14,21,[ 3 11],15,53,74,38,45
1,<environment.Job instance at 0x7fe280b66c80>,19,21,[8 5],20,74,95,54,66
1,<environment.Job instance at 0x7fe280b66d20>,20,21,[13  5],21,95,116,74,87
1,<environment.Job instance at 0x7fe280b66dc0>,21,22,[8 2],22,116,138,94,109
1,<environment.Job instance at 0x7fe280b67140>,24,2,[ 3 12],25,116,118,91,115
1,<environment.Job instance at 0x7fe280b67410>,26,20,[4 8],27,118,138,91,115
1,<environment.Job instance at 0x7fe280b67460>,27,25,[14  4],28,138,163,110,134
1,<environment.Job instance at 0x7fe280b678c0>,34,20,[5 3],35,163,183,128,154
1,<environment.Job instance at 0x7fe280b67be0>,39,23,[4 6],40,163,186,123,157
1,<environment.Job instance at 0x7fe280b66aa0>,16,19,[ 3 10],17,186,205,169,176
1,<environment.Job instance at 0x7fe280b67e60>,43,21,[ 2 12],44,205,226,161,197
1,<environment.Job instance at 0x7fe280b67fa0>,44,26,[8 4],45,226,252,181,223
1,<environment.Job instance at 0x7fe280b7cb90>,0,22,[2 8],1,1,23,0,1
1,<environment.Job instance at 0x7fe287f9df50>,9,27,[5 8],10,23,50,13,21
1,<environment.Job instance at 0x7fe287f9d0a0>,14,28,[7 4],15,33,61,18,33
1,<environment.Job instance at 0x7fe2880e3d20>,21,21,[2 7],22,62,83,40,62
1,<environment.Job instance at 0x7fe2880e3910>,23,24,[5 6],24,62,86,38,62
1,<environment.Job instance at 0x7fe23ce46a50>,0,23,[5 8],1,1,24,0,1
1,<environment.Job instance at 0x7fe23ce46280>,4,28,[3 8],5,24,52,19,23
1,<environment.Job instance at 0x7fe23ce46dc0>,5,24,[12  1],6,24,48,18,23
1,<environment.Job instance at 0x7fe23ce46eb0>,7,27,[5 3],8,48,75,40,46
1,<environment.Job instance at 0x7fe2880e3eb0>,1,21,[ 4 11],2,52,73,50,46
1,<environment.Job instance at 0x7fe23ce46140>,11,27,[6 5],12,73,100,61,71
1,<environment.Job instance at 0x7fe23ce465f0>,13,2,[11  2],14,100,102,86,75
1,<environment.Job instance at 0x7fe23d229050>,0,1,[11  3],1,2,3,1,2
1,<environment.Job instance at 0x7fe23d2daeb0>,2,2,[8 1],3,4,6,1,4
1,<environment.Job instance at 0x7fe23d2274b0>,5,24,[8 2],6,6,30,0,6
1,<environment.Job instance at 0x7fe23d2279b0>,10,26,[4 7],11,11,37,0,11
1,<environment.Job instance at 0x7fe23d227550>,11,25,[10  5],12,30,55,18,26
1,<environment.Job instance at 0x7fe23d227370>,8,22,[9 3],9,55,77,46,48
1,<environment.Job instance at 0x7fe23d2264b0>,16,20,[ 3 11],17,55,75,38,49
1,<environment.Job instance at 0x7fe23d226780>,21,25,[5 1],22,75,100,53,71
1,<environment.Job instance at 0x7fe23d226370>,25,24,[9 3],26,88,112,62,88
1,<environment.Job instance at 0x7fe23cf61050>,3,26,[12  3],4,4,30,0,4
1,<environment.Job instance at 0x7fe23d2564b0>,7,28,[1 9],8,8,36,0,8
1,<environment.Job instance at 0x7fe23d256d70>,18,25,[9 1],19,53,78,34,53
1,<environment.Job instance at 0x7fe23d256870>,19,3,[3 5],20,53,56,33,53
1,<environment.Job instance at 0x7fe23d256780>,21,20,[7 4],22,78,98,56,69
1,<environment.Job instance at 0x7fe23d25f280>,22,23,[2 8],23,69,92,46,69
1,<environment.Job instance at 0x7fe23d25f320>,23,16,[11  1],24,2897,2913,2873,2897
1,<environment.Job instance at 0x7fe23d25f1e0>,24,2,[2 8],25,2897,2899,2872,2897
1,<environment.Job instance at 0x7fe23cf68230>,0,21,[9 1],1,1,22,0,1
1,<environment.Job instance at 0x7fe23cf686e0>,3,24,[1 9],4,4,28,0,4
1,<environment.Job instance at 0x7fe283792780>,4,25,[ 3 10],5,28,53,23,24
1,<environment.Job instance at 0x7fe23cfac9b0>,10,28,[7 2],11,24,52,13,24
1,<environment.Job instance at 0x7fe23cfac910>,12,25,[5 7],13,53,78,40,49
1,<environment.Job instance at 0x7fe23cfac7d0>,11,20,[8 3],12,52,72,40,49
1,<environment.Job instance at 0x7fe23cface60>,15,21,[ 5 13],16,78,99,62,70
1,<environment.Job instance at 0x7fe23cfac550>,19,22,[12  5],20,99,121,79,92
1,<environment.Job instance at 0x7fe23cfac140>,20,23,[7 1],21,121,144,100,115
1,<environment.Job instance at 0x7fe23cfacaf0>,22,2,[2 5],23,115,117,92,115
1,<environment.Job instance at 0x7fe2808d9870>,25,1,[4 9],26,121,122,95,120
1,<environment.Job instance at 0x7fe2808d9be0>,27,24,[10  2],28,144,168,116,139
1,<environment.Job instance at 0x7fe280c04aa0>,0,26,[14  4],1,1,27,0,1
1,<environment.Job instance at 0x7fe23d3ae910>,4,24,[9 2],5,27,51,22,22
1,<environment.Job instance at 0x7fe23d3aedc0>,7,27,[2 7],8,27,54,19,25
1,<environment.Job instance at 0x7fe2832d00a0>,10,22,[1 8],11,51,73,40,44
1,<environment.Job instance at 0x7fe280b87730>,11,28,[ 3 12],12,73,101,61,72
1,<environment.Job instance at 0x7fe280b87c30>,12,24,[ 4 10],13,101,125,88,96
1,<environment.Job instance at 0x7fe23d442f00>,13,25,[11  2],14,96,121,82,96
1,<environment.Job instance at 0x7fe283143870>,1,27,[9 3],2,2,29,0,2
1,<environment.Job instance at 0x7fe28335b910>,4,2,[ 2 13],5,29,31,24,13
1,<environment.Job instance at 0x7fe28335bcd0>,9,25,[8 4],10,31,56,21,27
1,<environment.Job instance at 0x7fe280b46050>,5,26,[ 3 14],6,56,82,50,53
1,<environment.Job instance at 0x7fe28335be60>,15,3,[14  5],16,82,85,66,81
1,<environment.Job instance at 0x7fe283343230>,18,1,[8 1],19,85,86,66,82
1,<environment.Job instance at 0x7fe283343410>,21,2,[10  4],22,86,88,64,84
1,<environment.Job instance at 0x7fe2833434b0>,22,26,[1 6],23,84,110,61,84
1,<environment.Job instance at 0x7fe283343550>,23,23,[5 5],24,88,111,64,84
1,<environment.Job instance at 0x7fe28096b0a0>,1,26,[13  1],2,2,28,0,2
1,<environment.Job instance at 0x7fe28096baf0>,6,25,[3 9],7,28,53,21,24
1,<environment.Job instance at 0x7fe280abdf00>,15,19,[4 5],16,42,61,26,42
1,<environment.Job instance at 0x7fe280abdbe0>,18,12,[2 6],19,53,65,34,52
1,<environment.Job instance at 0x7fe28096b5f0>,4,19,[ 5 13],5,65,84,60,60
1,<environment.Job instance at 0x7fe23d21a730>,25,23,[9 4],26,84,107,58,78
1,<environment.Job instance at 0x7fe287e7c2d0>,26,21,[8 2],27,107,128,80,99
1,<environment.Job instance at 0x7fe28381d640>,27,21,[ 5 13],28,107,128,79,99
1,<environment.Job instance at 0x7fe287e78050>,32,28,[10  3],33,128,156,95,127
1,<environment.Job instance at 0x7fe287e78cd0>,33,28,[10  4],34,156,184,122,155
1,<environment.Job instance at 0x7fe280cc15a0>,35,25,[5 7],36,155,180,119,155
1,<environment.Job instance at 0x7fe280b50af0>,41,18,[8 3],42,188,206,146,188
1,<environment.Job instance at 0x7fe280b509b0>,42,28,[3 8],43,188,216,145,188
1,<environment.Job instance at 0x7fe23d196870>,0,25,[14  5],1,1,26,0,1
1,<environment.Job instance at 0x7fe23cd95eb0>,2,28,[7 1],3,26,54,23,25
1,<environment.Job instance at 0x7fe23d196a00>,6,26,[3 8],7,26,52,19,25
1,<environment.Job instance at 0x7fe23d1967d0>,7,26,[10  5],8,54,80,46,51
1,<environment.Job instance at 0x7fe280b0d0f0>,10,24,[1 6],11,63,87,52,63
1,<environment.Job instance at 0x7fe23d0bd410>,1,2,[ 2 12],2,87,89,85,80
1,<environment.Job instance at 0x7fe280e211e0>,12,24,[5 8],13,89,113,76,84
1,<environment.Job instance at 0x7fe280e21eb0>,13,20,[1 8],14,113,133,99,104
1,<environment.Job instance at 0x7fe28371c780>,14,22,[7 2],15,104,126,89,104
1,<environment.Job instance at 0x7fe23d410aa0>,17,21,[4 9],18,133,154,115,125
1,<environment.Job instance at 0x7fe28371cdc0>,18,21,[ 5 14],19,154,175,135,146
1,<environment.Job instance at 0x7fe28371c550>,19,21,[ 4 11],20,175,196,155,167
1,<environment.Job instance at 0x7fe28371ceb0>,21,23,[8 4],22,175,198,153,169
1,<environment.Job instance at 0x7fe28365f460>,23,20,[5 7],24,196,216,172,187
1,<environment.Job instance at 0x7fe287b74820>,27,24,[6 2],28,198,222,170,193
1,<environment.Job instance at 0x7fe23d445c80>,29,25,[8 3],30,216,241,186,212
1,<environment.Job instance at 0x7fe23d2fd0a0>,37,20,[ 5 13],38,241,261,203,232
1,<environment.Job instance at 0x7fe2832ccd20>,41,27,[6 4],42,261,288,219,259
1,<environment.Job instance at 0x7fe2832cc320>,42,25,[6 1],43,259,284,216,259
1,<environment.Job instance at 0x7fe23d2bf820>,43,23,[5 5],44,284,307,240,278
1,<environment.Job instance at 0x7fe23d2bf8c0>,44,28,[8 5],45,288,316,243,287
1,<environment.Job instance at 0x7fe280b256e0>,1,24,[2 6],2,2,26,0,2
1,<environment.Job instance at 0x7fe23d2bf8c0>,5,27,[ 2 10],6,26,53,20,24
1,<environment.Job instance at 0x7fe280ba04b0>,7,1,[11  5],8,47,48,39,47
1,<environment.Job instance at 0x7fe280ba0690>,10,25,[9 2],11,48,73,37,47
1,<environment.Job instance at 0x7fe280ba0a50>,16,19,[ 3 10],17,68,87,51,68
1,<environment.Job instance at 0x7fe280ba0b90>,18,24,[5 1],19,73,97,54,69
1,<environment.Job instance at 0x7fe280ba0d70>,21,23,[1 8],22,88,111,66,88
1,<environment.Job instance at 0x7fe280ba0e10>,22,28,[ 2 10],23,111,139,88,110
1,<environment.Job instance at 0x7fe280ba07d0>,12,2,[ 5 13],13,154,156,141,154
1,<environment.Job instance at 0x7fe280ba0280>,25,21,[ 3 14],26,156,177,130,154
1,<environment.Job instance at 0x7fe280bc10f0>,26,21,[ 2 10],27,177,198,150,169
1,<environment.Job instance at 0x7fe280bc1280>,29,21,[13  5],30,177,198,147,169
1,<environment.Job instance at 0x7fe280bc1780>,35,28,[ 1 13],36,198,226,162,197
1,<environment.Job instance at 0x7fe280bc16e0>,36,19,[ 5 14],37,227,246,190,227
1,<environment.Job instance at 0x7fe280bc1910>,39,2,[ 4 14],40,246,248,206,238
1,<environment.Job instance at 0x7fe23cd87460>,1,26,[6 1],2,2,28,0,2
1,<environment.Job instance at 0x7fe2832cc8c0>,4,20,[3 6],5,5,25,0,5
1,<environment.Job instance at 0x7fe280bc1aa0>,2,3,[ 5 14],3,25,28,22,17
1,<environment.Job instance at 0x7fe287fa0e60>,9,2,[13  2],10,28,30,18,17
1,<environment.Job instance at 0x7fe287fa0460>,11,25,[1 6],12,28,53,16,24
1,<environment.Job instance at 0x7fe287fa0550>,12,26,[5 5],13,30,56,17,27
1,<environment.Job instance at 0x7fe23d126780>,15,22,[5 8],16,53,75,37,46
1,<environment.Job instance at 0x7fe2880e15f0>,21,23,[3 6],22,56,79,34,54
1,<environment.Job instance at 0x7fe280e4f820>,24,23,[2 6],25,75,98,50,69
1,<environment.Job instance at 0x7fe2880e1af0>,27,22,[6 5],28,79,101,51,79
1,<environment.Job instance at 0x7fe2809e0c30>,28,24,[9 2],29,98,122,69,93
1,<environment.Job instance at 0x7fe23d3c4af0>,1,24,[10  2],2,2,26,0,2
1,<environment.Job instance at 0x7fe23d3c4960>,7,21,[12  1],8,26,47,18,18
1,<environment.Job instance at 0x7fe23d3c4d20>,5,19,[11  3],6,50,69,44,50
1,<environment.Job instance at 0x7fe23d3c45f0>,9,26,[1 9],10,50,76,40,50
1,<environment.Job instance at 0x7fe2832e8230>,12,26,[13  5],13,69,95,56,66
1,<environment.Job instance at 0x7fe2832e8320>,13,25,[13  3],14,95,120,81,91
1,<environment.Job instance at 0x7fe2832e8140>,14,22,[ 5 10],15,120,142,105,113
1,<environment.Job instance at 0x7fe23d3c41e0>,3,3,[ 2 14],4,142,145,138,131
1,<environment.Job instance at 0x7fe2832e8eb0>,17,26,[3 8],18,145,171,127,142
1,<environment.Job instance at 0x7fe2880de5f0>,1,23,[13  4],2,2,25,0,2
1,<environment.Job instance at 0x7fe2832e8190>,3,26,[1 9],4,5,31,1,5
1,<environment.Job instance at 0x7fe2809e90a0>,4,25,[5 4],5,25,50,20,21
1,<environment.Job instance at 0x7fe283278dc0>,10,19,[12  3],11,50,69,39,41
1,<environment.Job instance at 0x7fe283271050>,2,21,[5 5],3,3,24,0,3
1,<environment.Job instance at 0x7fe23d1c10f0>,5,25,[3 6],6,6,31,0,6
1,<environment.Job instance at 0x7fe23cda0140>,8,22,[8 3],9,24,46,15,17
1,<environment.Job instance at 0x7fe28319f0a0>,12,2,[12  3],13,46,48,33,32
1,<environment.Job instance at 0x7fe280ed1fa0>,15,19,[2 5],16,83,102,67,83
1,<environment.Job instance at 0x7fe280ed13c0>,16,23,[2 5],17,83,106,66,83
1,<environment.Job instance at 0x7fe23d199640>,18,20,[6 1],19,83,103,64,83
1,<environment.Job instance at 0x7fe2832596e0>,5,22,[3 6],6,6,28,0,6
1,<environment.Job instance at 0x7fe2809be1e0>,9,20,[11  5],10,10,30,0,10
1,<environment.Job instance at 0x7fe2809bef00>,13,27,[ 1 10],14,28,55,14,26
1,<environment.Job instance at 0x7fe2809be230>,15,25,[ 5 11],16,55,80,39,51
1,<environment.Job instance at 0x7fe2809beb40>,19,28,[6 3],20,57,85,37,57
1,<environment.Job instance at 0x7fe280ed1af0>,2,19,[ 2 12],3,80,99,77,77
1,<environment.Job instance at 0x7fe2809be0a0>,23,23,[4 5],24,99,122,75,93
1,<environment.Job instance at 0x7fe23cc818c0>,26,22,[ 2 12],27,122,144,95,115
1,<environment.Job instance at 0x7fe2809be820>,22,19,[ 3 12],23,144,163,121,137
1,<environment.Job instance at 0x7fe23cc81640>,28,28,[11  4],29,163,191,134,162
1,<environment.Job instance at 0x7fe2880e3640>,1,28,[9 4],2,2,30,0,2
1,<environment.Job instance at 0x7fe23cc81550>,2,28,[13  4],3,30,58,27,29
1,<environment.Job instance at 0x7fe2832caeb0>,12,21,[3 9],13,58,79,45,50
1,<environment.Job instance at 0x7fe2832bc140>,15,23,[ 4 10],16,79,102,63,73
1,<environment.Job instance at 0x7fe2832acdc0>,21,14,[14  1],22,1720,1734,1698,1720
1,<environment.Job instance at 0x7fe2832acbe0>,22,24,[8 5],23,1734,1758,1711,1729
1,<environment.Job instance at 0x7fe2832acb40>,23,3,[14  5],24,1758,1761,1734,1733
1,<environment.Job instance at 0x7fe23cfc5410>,1,24,[6 3],2,2,26,0,2
1,<environment.Job instance at 0x7fe2832ac320>,2,28,[2 8],3,3,31,0,3
1,<environment.Job instance at 0x7fe280e665f0>,8,26,[9 3],9,26,52,17,23
1,<environment.Job instance at 0x7fe280e66c80>,6,23,[ 3 11],7,31,54,24,25
1,<environment.Job instance at 0x7fe280e66b40>,5,20,[8 1],6,52,72,46,43
1,<environment.Job instance at 0x7fe23ce2b820>,14,25,[ 5 12],15,54,79,39,50
1,<environment.Job instance at 0x7fe23ce2b7d0>,11,20,[ 4 14],12,79,99,67,71
1,<environment.Job instance at 0x7fe280f4c320>,19,1,[10  1],20,72,73,52,72
1,<environment.Job instance at 0x7fe280f4ca50>,20,24,[7 1],21,73,97,52,72
1,<environment.Job instance at 0x7fe2810321e0>,21,20,[ 2 10],22,99,119,77,90
1,<environment.Job instance at 0x7fe280bc1a50>,1,22,[10  4],2,2,24,0,2
1,<environment.Job instance at 0x7fe280e5fd70>,6,26,[14  4],7,24,50,17,21
1,<environment.Job instance at 0x7fe280e5fa00>,8,23,[ 1 11],9,21,44,12,21
1,<environment.Job instance at 0x7fe23cfbbb90>,13,22,[4 8],14,50,72,36,43
1,<environment.Job instance at 0x7fe23cfbb7d0>,16,22,[4 7],17,50,72,33,46
1,<environment.Job instance at 0x7fe23cfbbdc0>,18,22,[3 5],19,72,94,53,65
1,<environment.Job instance at 0x7fe23cfbb9b0>,19,1,[3 9],20,72,73,52,65
1,<environment.Job instance at 0x7fe23cfbb0f0>,24,20,[1 7],25,73,93,48,68
1,<environment.Job instance at 0x7fe23caf00f0>,28,3,[14  3],29,94,97,65,90
1,<environment.Job instance at 0x7fe23caf0c80>,29,28,[1 7],30,93,121,63,92
1,<environment.Job instance at 0x7fe280e5f550>,4,25,[ 1 14],5,121,146,116,117
1,<environment.Job instance at 0x7fe23cf749b0>,0,22,[10  5],1,1,23,0,1
1,<environment.Job instance at 0x7fe287e70140>,5,22,[1 5],6,6,28,0,6
1,<environment.Job instance at 0x7fe287e700a0>,3,25,[6 2],4,23,48,19,19
1,<environment.Job instance at 0x7fe287e70b40>,4,24,[5 2],5,23,47,18,19
1,<environment.Job instance at 0x7fe23cd0acd0>,7,21,[5 2],8,47,68,39,39
1,<environment.Job instance at 0x7fe23d0c3460>,13,23,[6 3],14,48,71,34,42
1,<environment.Job instance at 0x7fe287f99640>,17,25,[5 8],18,68,93,50,64
1,<environment.Job instance at 0x7fe2809ae370>,18,26,[5 8],19,93,119,74,90
1,<environment.Job instance at 0x7fe23caf02d0>,1,3,[ 5 13],2,119,122,117,104
1,<environment.Job instance at 0x7fe287e70190>,12,21,[14  2],13,122,143,109,114
1,<environment.Job instance at 0x7fe23d0d49b0>,24,23,[5 5],25,143,166,118,137
1,<environment.Job instance at 0x7fe280af5aa0>,25,1,[7 4],26,143,144,117,137
1,<environment.Job instance at 0x7f53d61c3280>,4,24,[ 3 11],5,5,29,0,5
1,<environment.Job instance at 0x7f53d61c37d0>,8,24,[ 2 10],9,29,53,20,24
1,<environment.Job instance at 0x7f53d61c3910>,14,21,[ 3 11],15,53,74,38,45
1,<environment.Job instance at 0x7f53d61c39b0>,15,20,[3 5],16,74,94,58,65
1,<environment.Job instance at 0x7f53d61c3c30>,19,21,[8 5],20,74,95,54,67
1,<environment.Job instance at 0x7f53d61c3d70>,21,22,[8 2],22,95,117,73,88
1,<environment.Job instance at 0x7f53d61c3cd0>,20,21,[13  5],21,117,138,96,109
1,<environment.Job instance at 0x7f53d61c4230>,26,20,[4 8],27,138,158,111,129
1,<environment.Job instance at 0x7f53d61c4500>,27,25,[14  4],28,158,183,130,154
1,<environment.Job instance at 0x7f53d61c3fa0>,24,2,[ 3 12],25,183,185,158,182
1,<environment.Job instance at 0x7f53d61c4910>,34,20,[5 3],35,183,203,148,182
1,<environment.Job instance at 0x7f53d61c4be0>,39,23,[4 6],40,185,208,145,185
1,<environment.Job instance at 0x7f53d61c4e60>,43,21,[ 2 12],44,208,229,164,200
1,<environment.Job instance at 0x7f53d61c4fa0>,44,26,[8 4],45,229,255,184,226
1,<environment.Job instance at 0x7f53d61c9140>,46,2,[ 1 10],47,229,231,182,228
1,<environment.Job instance at 0x7f53e15fe870>,4,28,[7 4],5,5,33,0,5
1,<environment.Job instance at 0x7f53e173d190>,11,21,[2 7],12,12,33,0,12
1,<environment.Job instance at 0x7f53e173d050>,13,24,[5 6],14,33,57,19,28
1,<environment.Job instance at 0x7f53e17500f0>,16,22,[10  1],17,38,60,21,38
1,<environment.Job instance at 0x7f53e1750050>,18,19,[4 7],19,57,76,38,47
1,<environment.Job instance at 0x7f53e1750fa0>,19,3,[14  4],20,76,79,56,56
1,<environment.Job instance at 0x7f53e1750550>,22,23,[ 1 14],23,79,102,56,73
1,<environment.Job instance at 0x7f53e17501e0>,25,23,[7 3],26,102,125,76,96
1,<environment.Job instance at 0x7f53e1750eb0>,27,26,[ 1 11],28,102,128,74,99
1,<environment.Job instance at 0x7f5396565910>,2,28,[7 4],3,3,31,0,3
1,<environment.Job instance at 0x7f53e15ffcd0>,4,28,[4 5],5,5,33,0,5
1,<environment.Job instance at 0x7f5396565280>,5,23,[8 3],6,31,54,25,25
1,<environment.Job instance at 0x7f53965652d0>,7,22,[ 5 10],8,33,55,25,26
1,<environment.Job instance at 0x7f5396575690>,11,28,[13  2],12,55,83,43,54
1,<environment.Job instance at 0x7f5396575e10>,13,24,[9 1],14,83,107,69,78
1,<environment.Job instance at 0x7f53965756e0>,10,21,[ 1 10],11,78,99,67,78
1,<environment.Job instance at 0x7f5396575320>,20,24,[11  3],21,107,131,86,102
1,<environment.Job instance at 0x7f5396575460>,21,22,[5 8],22,131,153,109,124
1,<environment.Job instance at 0x7f53965758c0>,19,20,[6 2],20,131,151,111,124
1,<environment.Job instance at 0x7f5396575f50>,24,28,[13  3],25,153,181,128,152
1,<environment.Job instance at 0x7f5396575500>,28,24,[ 5 11],29,181,205,152,176
1,<environment.Job instance at 0x7f5396575d70>,29,21,[6 4],30,181,202,151,176
1,<environment.Job instance at 0x7f539657a780>,2,22,[4 8],3,3,25,0,3
1,<environment.Job instance at 0x7f53964190f0>,5,24,[6 1],6,6,30,0,6
1,<environment.Job instance at 0x7f5396419c30>,9,28,[3 5],10,10,38,0,10
1,<environment.Job instance at 0x7f53964195a0>,12,26,[5 3],13,25,51,12,22
1,<environment.Job instance at 0x7f5396419e60>,8,19,[ 5 13],9,51,70,42,41
1,<environment.Job instance at 0x7f5396419fa0>,15,20,[7 3],16,70,90,54,61
1,<environment.Job instance at 0x7f53964195f0>,16,27,[2 8],17,70,97,53,68
1,<environment.Job instance at 0x7f5396419f00>,3,24,[5 6],4,4,28,0,4
1,<environment.Job instance at 0x7f53d5fcdaa0>,7,24,[3 9],8,8,32,0,8
1,<environment.Job instance at 0x7f53d5fc10a0>,13,27,[ 3 14],14,32,59,18,30
1,<environment.Job instance at 0x7f53d5fc1280>,16,28,[5 2],17,59,87,42,58
1,<environment.Job instance at 0x7f53d5fc1320>,17,28,[13  5],18,87,115,69,86
1,<environment.Job instance at 0x7f53d5fc15f0>,20,22,[5 6],21,115,137,94,108
1,<environment.Job instance at 0x7f53d5fc1b90>,28,2,[7 2],29,154,156,125,154
1,<environment.Job instance at 0x7f53d5fc1eb0>,31,25,[7 3],32,163,188,131,163
1,<environment.Job instance at 0x7f53d5fc1fa0>,32,20,[2 8],33,163,183,130,163
1,<environment.Job instance at 0x7f53d5fc1f50>,33,27,[ 5 13],34,188,215,154,186
1,<environment.Job instance at 0x7f53d5f8c0a0>,0,28,[9 5],1,1,29,0,1
1,<environment.Job instance at 0x7f53d5fc1f50>,2,26,[9 3],3,29,55,26,26
1,<environment.Job instance at 0x7f53d5f8c410>,5,22,[ 1 13],6,55,77,49,48
1,<environment.Job instance at 0x7f53d5f8c370>,12,27,[14  3],13,77,104,64,75
1,<environment.Job instance at 0x7f53965ef500>,15,25,[4 9],16,104,129,88,100
1,<environment.Job instance at 0x7f53e135d190>,0,22,[ 3 12],1,1,23,0,1
1,<environment.Job instance at 0x7f53965ef1e0>,2,22,[9 1],3,3,25,0,3
1,<environment.Job instance at 0x7f539647f190>,8,22,[8 4],9,25,47,16,18
1,<environment.Job instance at 0x7f539665fe60>,11,22,[7 5],12,25,47,13,19
1,<environment.Job instance at 0x7f53d67533c0>,15,24,[1 6],16,47,71,31,42
1,<environment.Job instance at 0x7f53d6d49280>,22,2,[9 1],23,73,75,50,73
1,<environment.Job instance at 0x7f53d6d49050>,27,22,[12  2],28,98,120,70,98
1,<environment.Job instance at 0x7f53968ec640>,28,26,[ 2 10],29,98,124,69,98
1,<environment.Job instance at 0x7f53d6c4aaa0>,2,24,[9 5],3,3,27,0,3
1,<environment.Job instance at 0x7f53963077d0>,11,27,[ 2 11],12,27,54,15,25
1,<environment.Job instance at 0x7f5396307640>,13,19,[2 8],14,54,73,40,44
1,<environment.Job instance at 0x7f53d68adf50>,1,19,[ 4 11],2,73,92,71,63
1,<environment.Job instance at 0x7f5396307aa0>,16,26,[9 2],17,63,89,46,63
1,<environment.Job instance at 0x7f5396307e60>,22,23,[ 3 10],23,92,115,69,86
1,<environment.Job instance at 0x7f5396307f50>,24,25,[1 6],25,115,140,90,111
1,<environment.Job instance at 0x7f53963280a0>,26,24,[1 9],27,115,139,88,111
1,<environment.Job instance at 0x7f53963285a0>,31,26,[13  1],32,139,165,107,136
1,<environment.Job instance at 0x7f5396307be0>,18,20,[ 1 13],19,140,160,121,138
1,<environment.Job instance at 0x7f53963288c0>,36,25,[3 9],37,165,190,128,161
1,<environment.Job instance at 0x7f5396328d20>,43,18,[1 5],44,177,195,133,177
1,<environment.Job instance at 0x7f5396328f00>,44,18,[9 5],45,190,208,145,190
1,<environment.Job instance at 0x7f5396328fa0>,45,19,[4 5],46,190,209,144,190
1,<environment.Job instance at 0x7f5396328780>,34,19,[ 5 13],35,209,228,174,206
1,<environment.Job instance at 0x7f5396823d20>,5,21,[10  5],6,6,27,0,6
1,<environment.Job instance at 0x7f53d682a820>,7,26,[5 5],8,8,34,0,8
1,<environment.Job instance at 0x7f53d682ac30>,9,23,[7 1],10,27,50,17,21
1,<environment.Job instance at 0x7f53e135d370>,12,25,[6 3],13,34,59,21,30
1,<environment.Job instance at 0x7f53d6ee4d20>,13,23,[7 4],14,50,73,36,44
1,<environment.Job instance at 0x7f5396a05370>,16,28,[5 4],17,59,87,42,58
1,<environment.Job instance at 0x7f53d61b6e10>,18,27,[6 3],19,73,100,54,71
1,<environment.Job instance at 0x7f53d61b63c0>,19,2,[14  3],20,100,102,80,89
1,<environment.Job instance at 0x7f53d61b65a0>,20,25,[14  5],21,102,127,81,98
1,<environment.Job instance at 0x7f539695c5f0>,21,2,[ 2 12],22,127,129,105,118
1,<environment.Job instance at 0x7f539695c550>,22,28,[7 1],23,127,155,104,126
1,<environment.Job instance at 0x7f539683e820>,0,22,[5 3],1,1,23,0,1
1,<environment.Job instance at 0x7f53963d44b0>,2,27,[10  3],3,3,30,0,3
1,<environment.Job instance at 0x7f5396a5ad20>,6,23,[8 4],7,30,53,23,24
1,<environment.Job instance at 0x7f53d6b770a0>,8,28,[ 4 10],9,25,53,16,25
1,<environment.Job instance at 0x7f53d6b77140>,11,24,[2 6],12,53,77,41,48
1,<environment.Job instance at 0x7f5396a5a7d0>,5,22,[ 2 11],6,77,99,71,70
1,<environment.Job instance at 0x7f5396a5a190>,3,1,[ 1 11],4,99,100,95,71
1,<environment.Job instance at 0x7f5396808a00>,15,27,[ 2 10],16,100,127,84,98
1,<environment.Job instance at 0x7f53d64f2be0>,20,25,[9 2],21,103,128,82,103
1,<environment.Job instance at 0x7f53d6169eb0>,17,1,[11  5],18,128,129,110,121
1,<environment.Job instance at 0x7f53d658a4b0>,22,2,[ 5 13],23,129,131,106,124
1,<environment.Job instance at 0x7f53d6c844b0>,26,19,[ 3 10],27,131,150,104,129
1,<environment.Job instance at 0x7f53d6c6b230>,28,24,[5 1],29,129,153,100,129
1,<environment.Job instance at 0x7f53d61db410>,1,26,[6 1],2,2,28,0,2
1,<environment.Job instance at 0x7f539669dc80>,4,20,[3 6],5,5,25,0,5
1,<environment.Job instance at 0x7f5396ae35f0>,9,2,[13  2],10,28,30,18,27
1,<environment.Job instance at 0x7f53d60db230>,2,3,[ 5 14],3,30,33,27,29
1,<environment.Job instance at 0x7f5396ae3af0>,11,25,[1 6],12,33,58,21,29
1,<environment.Job instance at 0x7f5396ae3230>,12,26,[5 5],13,33,59,20,30
1,<environment.Job instance at 0x7f5396ae32d0>,15,22,[5 8],16,58,80,42,51
1,<environment.Job instance at 0x7f5396ada5a0>,21,23,[3 6],22,60,83,38,60
1,<environment.Job instance at 0x7f5396ada780>,24,23,[2 6],25,80,103,55,74
1,<environment.Job instance at 0x7f5396ada9b0>,27,22,[6 5],28,86,108,58,86
1,<environment.Job instance at 0x7f5396ada910>,28,24,[9 2],29,103,127,74,98
1,<environment.Job instance at 0x7f53d6835a50>,2,26,[13  5],3,3,29,0,3
1,<environment.Job instance at 0x7f5396ada910>,4,22,[ 5 10],5,29,51,24,22
1,<environment.Job instance at 0x7f5396ada870>,3,25,[13  3],4,51,76,47,47
1,<environment.Job instance at 0x7f53d605e460>,7,26,[3 8],8,76,102,68,73
1,<environment.Job instance at 0x7f53d605e6e0>,9,24,[13  4],10,102,126,92,97
1,<environment.Job instance at 0x7f53d605e140>,10,27,[8 2],11,126,153,115,124
1,<environment.Job instance at 0x7f53d5fcebe0>,12,27,[4 5],13,126,153,113,124
1,<environment.Job instance at 0x7f53d5fcefa0>,15,20,[1 9],16,153,173,137,144
1,<environment.Job instance at 0x7f53d5fce050>,18,26,[ 3 12],19,173,199,154,170
1,<environment.Job instance at 0x7f53d5fceeb0>,19,26,[9 2],20,170,196,150,170
1,<environment.Job instance at 0x7f53d5fceb90>,22,28,[2 7],23,199,227,176,198
1,<environment.Job instance at 0x7f53d5fce2d0>,23,18,[8 1],24,198,216,174,198
1,<environment.Job instance at 0x7f53968133c0>,0,28,[ 5 11],1,1,29,0,1
1,<environment.Job instance at 0x7f53d6841730>,4,28,[14  5],5,29,57,24,28
1,<environment.Job instance at 0x7f5396813d70>,2,23,[5 9],3,57,80,54,51
1,<environment.Job instance at 0x7f53968021e0>,7,28,[ 5 11],8,80,108,72,79
1,<environment.Job instance at 0x7f5396802460>,19,3,[2 7],20,117,120,97,117
1,<environment.Job instance at 0x7f5396802140>,21,21,[10  5],22,140,161,118,140
1,<environment.Job instance at 0x7f5396459b40>,0,26,[ 4 11],1,1,27,0,1
1,<environment.Job instance at 0x7f53d5fd6b40>,5,3,[ 3 12],6,27,30,21,16
1,<environment.Job instance at 0x7f53d64ee5a0>,2,23,[1 6],3,30,53,27,24
1,<environment.Job instance at 0x7f53964592d0>,3,24,[ 5 12],4,53,77,49,48
1,<environment.Job instance at 0x7f53d6bbd8c0>,10,19,[ 4 11],11,77,96,66,67
1,<environment.Job instance at 0x7f53d5fc25a0>,15,20,[ 4 10],16,96,116,80,87
1,<environment.Job instance at 0x7f5396a56af0>,2,27,[8 5],3,3,30,0,3
1,<environment.Job instance at 0x7f539680a550>,8,25,[ 3 12],9,30,55,21,26
1,<environment.Job instance at 0x7f539680a780>,7,20,[14  5],8,55,75,47,46
1,<environment.Job instance at 0x7f5396a56f00>,4,25,[ 1 12],5,75,100,70,71
1,<environment.Job instance at 0x7f53d6db6370>,17,3,[ 2 13],18,100,103,82,87
1,<environment.Job instance at 0x7f53e15d6050>,21,26,[13  3],22,103,129,81,100
1,<environment.Job instance at 0x7f5396506460>,1,28,[5 5],2,2,30,0,2
1,<environment.Job instance at 0x7f5396506140>,4,21,[4 8],5,5,26,0,5
1,<environment.Job instance at 0x7f5396506690>,10,28,[9 3],11,26,54,15,25
1,<environment.Job instance at 0x7f53965064b0>,9,26,[1 9],10,30,56,20,27
1,<environment.Job instance at 0x7f5396506e60>,12,28,[5 3],13,30,58,17,29
1,<environment.Job instance at 0x7f53965062d0>,15,1,[ 3 13],16,58,59,42,44
1,<environment.Job instance at 0x7f5396506500>,17,24,[ 2 13],18,59,83,41,54
1,<environment.Job instance at 0x7f5396506be0>,16,22,[ 2 11],17,83,105,66,77
1,<environment.Job instance at 0x7f5396500fa0>,26,22,[ 1 14],27,105,127,78,98
1,<environment.Job instance at 0x7f53961a7410>,29,27,[4 9],30,127,154,97,125
1,<environment.Job instance at 0x7f53965001e0>,27,2,[14  4],28,154,156,126,127
1,<environment.Job instance at 0x7f53965004b0>,25,20,[14  4],26,156,176,130,147
1,<environment.Job instance at 0x7f5396506a50>,8,3,[ 2 11],9,176,179,167,150
1,<environment.Job instance at 0x7f53961a74b0>,34,1,[14  4],35,179,180,144,151
1,<environment.Job instance at 0x7f53961a7820>,35,2,[14  4],36,180,182,144,153
1,<environment.Job instance at 0x7f53961a7aa0>,36,24,[2 9],37,182,206,145,177
1,<environment.Job instance at 0x7f53961a7910>,37,12,[ 2 12],38,2508,2520,2470,2508
1,<environment.Job instance at 0x7f53961a1b40>,0,22,[1 6],1,1,23,0,1
1,<environment.Job instance at 0x7f53d671c1e0>,5,24,[5 2],6,6,30,0,6
1,<environment.Job instance at 0x7f53961a1d20>,7,22,[ 4 10],8,23,45,15,16
1,<environment.Job instance at 0x7f53961a1690>,1,21,[7 2],2,2,23,0,2
1,<environment.Job instance at 0x7f53d63516e0>,5,19,[11  2],6,23,42,17,15
1,<environment.Job instance at 0x7f53d6c4a2d0>,13,21,[5 3],14,42,63,28,34
1,<environment.Job instance at 0x7f53d6920960>,14,27,[ 5 14],15,63,90,48,61
1,<environment.Job instance at 0x7f53e17505f0>,15,22,[12  4],16,90,112,74,83
1,<environment.Job instance at 0x7f53d674d910>,3,18,[ 1 12],4,1637,1655,1633,1637
1,<environment.Job instance at 0x7f53d6cbc320>,20,21,[1 6],21,1655,1676,1634,1647
1,<environment.Job instance at 0x7f539622de10>,4,28,[13  3],5,5,33,0,5
1,<environment.Job instance at 0x7f539622d370>,2,2,[11  5],3,33,35,30,18
1,<environment.Job instance at 0x7f539622dfa0>,9,1,[ 2 12],10,18,19,8,18
1,<environment.Job instance at 0x7f539622df50>,10,20,[8 3],11,35,55,24,26
1,<environment.Job instance at 0x7f539622da50>,11,23,[9 5],12,55,78,43,49
1,<environment.Job instance at 0x7f539622d320>,12,22,[9 1],13,78,100,65,71
1,<environment.Job instance at 0x7f539622d500>,7,2,[14  3],8,100,102,92,75
1,<environment.Job instance at 0x7f539622deb0>,16,28,[7 1],17,102,130,85,101
1,<environment.Job instance at 0x7f539622d550>,17,27,[2 7],18,102,129,84,101
1,<environment.Job instance at 0x7f539622d0f0>,21,24,[12  2],22,130,154,108,125
1,<environment.Job instance at 0x7f53d6e47fa0>,24,25,[5 4],25,154,179,129,150
1,<environment.Job instance at 0x7f53d6e474b0>,23,19,[8 2],24,154,173,130,150
1,<environment.Job instance at 0x7f53d6481780>,0,24,[11  2],1,1,25,0,1
1,<environment.Job instance at 0x7f53d643dbe0>,5,24,[7 2],6,25,49,19,20
1,<environment.Job instance at 0x7f53d60c7960>,8,22,[10  5],9,49,71,40,42
1,<environment.Job instance at 0x7f53d6c8eb90>,7,27,[5 1],8,42,69,34,42
1,<environment.Job instance at 0x7f53d6481960>,10,20,[4 7],11,69,89,58,61
1,<environment.Job instance at 0x7f5396a48370>,15,28,[7 3],16,71,99,55,70
1,<environment.Job instance at 0x7f53d643a9b0>,19,20,[1 6],20,89,109,69,80
1,<environment.Job instance at 0x7f53d609dd20>,21,22,[ 1 10],22,109,131,87,102
1,<environment.Job instance at 0x7f5396abb8c0>,22,28,[13  5],23,102,130,79,102
1,<environment.Job instance at 0x7f5396356640>,23,23,[9 3],24,130,153,106,124
1,<environment.Job instance at 0x7f539620d0a0>,11,21,[13  2],12,153,174,141,145
1,<environment.Job instance at 0x7fa6fb236230>,4,24,[ 3 11],5,5,29,0,5
1,<environment.Job instance at 0x7fa6fa0d75f0>,8,24,[ 2 10],9,29,53,20,24
1,<environment.Job instance at 0x7fa6fa0d7910>,14,21,[ 3 11],15,53,74,38,45
1,<environment.Job instance at 0x7fa6fa0d7c30>,19,21,[8 5],20,74,95,54,66
1,<environment.Job instance at 0x7fa6fa0d7cd0>,20,21,[13  5],21,95,116,74,87
1,<environment.Job instance at 0x7fa6fa0d7d70>,21,22,[8 2],22,116,138,94,109
1,<environment.Job instance at 0x7fa6fa0d7f50>,22,3,[4 6],23,116,119,93,109
1,<environment.Job instance at 0x7fa6fa0d7fa0>,24,2,[ 3 12],25,119,121,94,110
1,<environment.Job instance at 0x7fa6fa0d90a0>,26,20,[4 8],27,121,141,94,112
1,<environment.Job instance at 0x7fa6fa0d9460>,27,25,[14  4],28,141,166,113,137
1,<environment.Job instance at 0x7fa6fa0d95a0>,29,24,[5 1],30,166,190,136,161
1,<environment.Job instance at 0x7fa6fa0d98c0>,34,20,[5 3],35,166,186,131,164
1,<environment.Job instance at 0x7fa6fa0d9960>,35,3,[9 5],36,186,189,150,164
1,<environment.Job instance at 0x7fa6fa0d9be0>,39,23,[4 6],40,189,212,149,183
1,<environment.Job instance at 0x7fa6fa0d9e60>,43,21,[ 2 12],44,212,233,168,204
1,<environment.Job instance at 0x7fa6fa0d9fa0>,44,26,[8 4],45,233,259,188,230
1,<environment.Job instance at 0x7fa6fa0dd190>,46,2,[ 1 10],47,233,235,186,231
1,<environment.Job instance at 0x7fa6fa0f5fa0>,1,21,[2 7],2,2,23,0,2
1,<environment.Job instance at 0x7fa6fb3a34b0>,3,24,[5 6],4,4,28,0,4
1,<environment.Job instance at 0x7fa6fb235910>,6,22,[10  1],7,23,45,16,16
1,<environment.Job instance at 0x7fa6fb2357d0>,9,3,[14  4],10,45,48,35,24
1,<environment.Job instance at 0x7fa6fb235a50>,12,23,[ 1 14],13,48,71,35,42
1,<environment.Job instance at 0x7fa6fb3a8870>,15,23,[7 3],16,71,94,55,65
1,<environment.Job instance at 0x7fa6fb3a82d0>,17,26,[ 1 11],18,71,97,53,68
1,<environment.Job instance at 0x7fa6fb3a8460>,19,21,[3 6],20,97,118,77,89
1,<environment.Job instance at 0x7fa6fb3a30a0>,5,14,[14  1],6,1591,1605,1585,1591
1,<environment.Job instance at 0x7fa6fb260d70>,26,25,[5 4],27,1605,1630,1578,1601
1,<environment.Job instance at 0x7fa6fb260e60>,27,2,[7 2],28,1605,1607,1577,1601
1,<environment.Job instance at 0x7fa6fb260780>,28,28,[7 1],29,1607,1635,1578,1606
1,<environment.Job instance at 0x7fa6fb39c140>,31,24,[12  2],32,1635,1659,1603,1630
1,<environment.Job instance at 0x7fa6fb39cb90>,32,26,[ 3 11],33,1630,1656,1597,1630
1,<environment.Job instance at 0x7fa6fb39c780>,35,16,[ 1 11],36,1741,1757,1705,1741
1,<environment.Job instance at 0x7fa6fb39ca00>,37,1,[ 5 12],38,1757,1758,1719,1746
1,<environment.Job instance at 0x7fa6fb39c050>,38,24,[8 5],39,1758,1782,1719,1753
1,<environment.Job instance at 0x7fa6b0225280>,0,24,[11  3],1,1,25,0,1
1,<environment.Job instance at 0x7fa6b0225e60>,4,28,[13  3],5,25,53,20,24
1,<environment.Job instance at 0x7fa6fb25e2d0>,1,22,[5 8],2,53,75,51,46
1,<environment.Job instance at 0x7fa6b0225fa0>,8,24,[ 5 11],9,75,99,66,70
1,<environment.Job instance at 0x7fa6b0261fa0>,9,21,[6 4],10,70,91,60,70
1,<environment.Job instance at 0x7fa6b0261870>,22,23,[1 7],23,126,149,103,126
1,<environment.Job instance at 0x7fa6b0118b40>,2,22,[1 6],3,3,25,0,3
1,<environment.Job instance at 0x7fa6b0118aa0>,3,27,[5 1],4,4,31,0,4
1,<environment.Job instance at 0x7fa6b0118690>,4,25,[10  4],5,25,50,20,21
1,<environment.Job instance at 0x7fa6b0118c80>,5,26,[5 4],6,31,57,25,28
1,<environment.Job instance at 0x7fa6b01185a0>,10,26,[ 2 11],11,50,76,39,47
1,<environment.Job instance at 0x7fa6b00c8f50>,16,24,[3 6],17,76,100,59,71
1,<environment.Job instance at 0x7fa6b00c89b0>,17,20,[8 5],18,76,96,58,71
1,<environment.Job instance at 0x7fa6b00c85f0>,18,26,[7 4],19,96,122,77,93
1,<environment.Job instance at 0x7fa6b00c8190>,20,27,[9 5],21,122,149,101,120
1,<environment.Job instance at 0x7fa6b00c8500>,24,3,[10  4],25,149,152,124,129
1,<environment.Job instance at 0x7fa6b00c8c80>,25,20,[6 4],26,129,149,103,129
1,<environment.Job instance at 0x7fa6b00c80a0>,26,28,[ 3 14],27,152,180,125,151
1,<environment.Job instance at 0x7fa6b00c8280>,27,20,[1 9],28,180,200,152,171
1,<environment.Job instance at 0x7fa6b00c82d0>,29,21,[6 1],30,172,193,142,172
1,<environment.Job instance at 0x7fa6fa09e3c0>,32,19,[11  4],33,200,219,167,200
1,<environment.Job instance at 0x7fa6fa09eeb0>,33,27,[9 1],34,219,246,185,217
1,<environment.Job instance at 0x7fa6fa09e410>,34,21,[3 9],35,217,238,182,217
1,<environment.Job instance at 0x7fa6fa09e230>,35,22,[7 4],36,246,268,210,239
1,<environment.Job instance at 0x7fa6b0087640>,0,21,[5 6],1,1,22,0,1
1,<environment.Job instance at 0x7fa6b0087690>,3,23,[10  3],4,4,27,0,4
1,<environment.Job instance at 0x7fa6b051f140>,5,26,[14  5],6,27,53,21,24
1,<environment.Job instance at 0x7fa6b00870f0>,4,24,[4 8],5,53,77,48,48
1,<environment.Job instance at 0x7fa6b051f6e0>,11,22,[6 4],12,53,75,41,48
1,<environment.Job instance at 0x7fa6b051f780>,12,28,[12  4],13,77,105,64,76
1,<environment.Job instance at 0x7fa6b051faa0>,17,28,[7 5],18,105,133,87,104
1,<environment.Job instance at 0x7fa6b051fc80>,20,21,[9 1],21,133,154,112,125
1,<environment.Job instance at 0x7fa6b051f640>,10,1,[1 6],11,125,126,114,125
1,<environment.Job instance at 0x7fa6b051fe60>,23,24,[1 9],24,126,150,102,125
1,<environment.Job instance at 0x7fa6b051f280>,24,25,[ 3 10],25,150,175,125,146
1,<environment.Job instance at 0x7fa6b051f820>,13,1,[11  1],14,154,155,140,151
1,<environment.Job instance at 0x7fa6b0523140>,30,28,[7 2],31,155,183,124,154
1,<environment.Job instance at 0x7fa6b05231e0>,31,20,[8 3],32,175,195,143,166
1,<environment.Job instance at 0x7fa6b0523280>,32,25,[5 7],33,183,208,150,179
1,<environment.Job instance at 0x7fa6b0523460>,35,21,[ 5 13],36,208,229,172,200
1,<environment.Job instance at 0x7fa6b05236e0>,39,22,[12  5],40,229,251,189,222
1,<environment.Job instance at 0x7fa6b0523780>,40,23,[7 1],41,251,274,210,245
1,<environment.Job instance at 0x7fa6b0523aa0>,45,1,[4 9],46,253,254,207,253
1,<environment.Job instance at 0x7fa6b0523be0>,47,24,[10  2],48,274,298,226,269
1,<environment.Job instance at 0x7fa6f9ea0910>,0,26,[14  4],1,1,27,0,1
1,<environment.Job instance at 0x7fa6f9ea03c0>,4,24,[9 2],5,27,51,22,22
1,<environment.Job instance at 0x7fa6f9ea0960>,7,27,[2 7],8,27,54,19,25
1,<environment.Job instance at 0x7fa6f9ea0d20>,10,22,[1 8],11,51,73,40,44
1,<environment.Job instance at 0x7fa6f9ea0a00>,11,28,[ 3 12],12,73,101,61,72
1,<environment.Job instance at 0x7fa6f9ea0730>,12,24,[ 4 10],13,101,125,88,96
1,<environment.Job instance at 0x7fa6fa383e60>,13,25,[11  2],14,96,121,82,96
1,<environment.Job instance at 0x7fa6fa7c62d0>,2,26,[1 6],3,3,29,0,3
1,<environment.Job instance at 0x7fa6b0149500>,3,23,[5 5],4,4,27,0,4
1,<environment.Job instance at 0x7fa6b04e1960>,11,22,[5 4],12,12,34,0,12
1,<environment.Job instance at 0x7fa6b029f820>,12,26,[10  5],13,29,55,16,26
1,<environment.Job instance at 0x7fa6b04e1af0>,13,27,[10  3],14,55,82,41,53
1,<environment.Job instance at 0x7fa6b029f910>,15,28,[1 7],16,53,81,37,53
1,<environment.Job instance at 0x7fa6b029f8c0>,16,25,[6 4],17,82,107,65,78
1,<environment.Job instance at 0x7fa6fa163fa0>,20,26,[3 6],21,81,107,60,78
1,<environment.Job instance at 0x7fa6b029fa00>,22,21,[ 1 12],23,107,128,84,99
1,<environment.Job instance at 0x7fa6fa402190>,23,20,[3 8],24,128,148,104,119
1,<environment.Job instance at 0x7fa6fa7777d0>,25,24,[10  4],26,128,152,102,123
1,<environment.Job instance at 0x7fa6fab7dcd0>,2,28,[3 8],3,3,31,0,3
1,<environment.Job instance at 0x7fa6aff70d20>,10,21,[11  1],11,11,32,0,11
1,<environment.Job instance at 0x7fa6aff70f00>,12,24,[8 3],13,32,56,19,27
1,<environment.Job instance at 0x7fa6aff70fa0>,14,23,[ 5 10],15,32,55,17,28
1,<environment.Job instance at 0x7fa6aff70f50>,15,25,[ 2 14],16,56,81,40,52
1,<environment.Job instance at 0x7fa6b06e21e0>,0,27,[ 2 10],1,1,28,0,1
1,<environment.Job instance at 0x7fa6b04d5be0>,5,28,[ 2 14],6,28,56,22,27
1,<environment.Job instance at 0x7fa6b0643410>,6,28,[5 1],7,27,55,20,27
1,<environment.Job instance at 0x7fa6b0643960>,7,22,[8 3],8,56,78,48,49
1,<environment.Job instance at 0x7fa6b06435a0>,9,21,[ 1 11],10,56,77,46,54
1,<environment.Job instance at 0x7fa6b0643d70>,10,21,[9 1],11,78,99,67,70
1,<environment.Job instance at 0x7fa6b0643280>,11,21,[8 2],12,99,120,87,91
1,<environment.Job instance at 0x7fa6b06e2690>,3,2,[ 1 13],4,96,98,92,96
1,<environment.Job instance at 0x7fa6b06438c0>,13,21,[8 3],14,120,141,106,112
1,<environment.Job instance at 0x7fa6faac4780>,15,26,[2 9],16,112,138,96,112
1,<environment.Job instance at 0x7fa6faac4eb0>,19,27,[ 4 13],20,141,168,121,139
1,<environment.Job instance at 0x7fa6fa778370>,8,21,[8 1],9,9,30,0,9
1,<environment.Job instance at 0x7fa6fa778500>,10,21,[9 1],11,30,51,19,22
1,<environment.Job instance at 0x7fa6f9ec73c0>,12,28,[9 4],13,51,79,38,50
1,<environment.Job instance at 0x7fa6b0295c30>,15,24,[8 4],16,79,103,63,74
1,<environment.Job instance at 0x7fa6b0615fa0>,18,22,[5 5],19,75,97,56,75
1,<environment.Job instance at 0x7fa6f9f66cd0>,21,26,[6 1],22,97,123,75,94
1,<environment.Job instance at 0x7fa6b03ea1e0>,22,3,[ 5 14],23,110,113,87,110
1,<environment.Job instance at 0x7fa6b03ea370>,24,20,[3 6],25,113,133,88,110
1,<environment.Job instance at 0x7fa6b07000a0>,29,2,[13  2],30,139,141,109,139
1,<environment.Job instance at 0x7fa6fa7410f0>,31,25,[1 6],32,177,202,145,177
1,<environment.Job instance at 0x7fa6fa7415a0>,32,26,[5 5],33,177,203,144,177
1,<environment.Job instance at 0x7fa6b06e20f0>,1,24,[10  2],2,2,26,0,2
1,<environment.Job instance at 0x7fa6b07e0320>,3,3,[ 2 14],4,26,29,22,24
1,<environment.Job instance at 0x7fa6b0063140>,7,21,[12  1],8,26,47,18,24
1,<environment.Job instance at 0x7fa6b0063280>,9,26,[1 9],10,29,55,19,26
1,<environment.Job instance at 0x7fa6b0063410>,12,26,[13  5],13,47,73,34,44
1,<environment.Job instance at 0x7fa6b0063550>,13,25,[13  3],14,73,98,59,69
1,<environment.Job instance at 0x7fa6b00635f0>,14,22,[ 5 10],15,98,120,83,91
1,<environment.Job instance at 0x7fa6b004afa0>,5,19,[11  3],6,120,139,114,110
1,<environment.Job instance at 0x7fa6b00637d0>,17,26,[3 8],18,120,146,102,117
1,<environment.Job instance at 0x7fa6fa407be0>,0,28,[ 5 11],1,1,29,0,1
1,<environment.Job instance at 0x7fa6fa407690>,4,28,[14  5],5,29,57,24,28
1,<environment.Job instance at 0x7fa6b00637d0>,2,23,[5 9],3,57,80,54,51
1,<environment.Job instance at 0x7fa6fa4075f0>,7,28,[ 5 11],8,80,108,72,79
1,<environment.Job instance at 0x7fa6f9fb7fa0>,19,3,[2 7],20,118,121,98,118
1,<environment.Job instance at 0x7fa6f9fb7cd0>,21,21,[10  5],22,131,152,109,131
1,<environment.Job instance at 0x7fa6f9fb7f00>,5,20,[ 4 10],6,6,26,0,6
1,<environment.Job instance at 0x7fa6fa35a8c0>,0,19,[ 4 11],1,26,45,25,23
1,<environment.Job instance at 0x7fa6fa0f5730>,11,24,[ 4 11],12,45,69,33,40
1,<environment.Job instance at 0x7fa6fa0f5d70>,12,24,[4 8],13,69,93,56,64
1,<environment.Job instance at 0x7fa6fa0f5140>,13,21,[9 5],14,69,90,55,64
1,<environment.Job instance at 0x7fa6fa0f57d0>,14,25,[5 4],15,90,115,75,86
1,<environment.Job instance at 0x7fa6fa702e10>,18,1,[3 7],19,93,94,74,88
1,<environment.Job instance at 0x7fa6fa702230>,19,26,[8 5],20,94,120,74,91
1,<environment.Job instance at 0x7fa6fa7029b0>,20,20,[9 5],21,120,140,99,111
1,<environment.Job instance at 0x7fa6b05a1e60>,27,23,[6 2],28,139,162,111,139
1,<environment.Job instance at 0x7fa6f9fb70a0>,9,13,[ 1 11],10,457,470,447,457
1,<environment.Job instance at 0x7fa6b05a1870>,29,3,[ 1 12],30,470,473,440,464
1,<environment.Job instance at 0x7fa6fb472190>,1,26,[13  3],2,2,28,0,2
1,<environment.Job instance at 0x7fa6f9fca230>,3,20,[11  4],4,28,48,24,19
1,<environment.Job instance at 0x7fa6b0472820>,10,28,[5 8],11,48,76,37,47
1,<environment.Job instance at 0x7fa6b0472960>,9,20,[ 4 12],10,76,96,66,67
1,<environment.Job instance at 0x7fa6b0472b90>,12,27,[ 3 10],13,96,123,83,94
1,<environment.Job instance at 0x7fa6b0472e10>,15,22,[ 1 10],16,123,145,107,116
1,<environment.Job instance at 0x7fa6fa839b40>,17,27,[6 4],18,116,143,98,116
1,<environment.Job instance at 0x7fa6b0485370>,18,22,[ 2 10],19,145,167,126,138
1,<environment.Job instance at 0x7fa6b0344780>,19,25,[2 8],20,167,192,147,163
1,<environment.Job instance at 0x7fa6b04a9a50>,20,20,[4 5],21,163,183,142,163
1,<environment.Job instance at 0x7fa6fa3c10a0>,23,2,[ 5 11],24,192,194,168,185
1,<environment.Job instance at 0x7fa6fa3c1910>,24,1,[8 2],25,185,186,160,185
1,<environment.Job instance at 0x7fa6b0585f00>,30,24,[14  3],31,213,237,182,213
1,<environment.Job instance at 0x7fa6fa4669b0>,33,2,[13  4],34,237,239,203,227
1,<environment.Job instance at 0x7fa6fa466be0>,34,22,[12  2],35,239,261,204,232
1,<environment.Job instance at 0x7fa6b05a1d70>,2,15,[ 2 11],3,1541,1556,1538,1541
1,<environment.Job instance at 0x7fa6f9fba5a0>,37,28,[ 3 11],38,1556,1584,1518,1555
1,<environment.Job instance at 0x7fa6fa0ca460>,4,1,[14  4],5,5,6,0,5
1,<environment.Job instance at 0x7fa6fa49a3c0>,5,2,[14  4],6,6,8,0,6
1,<environment.Job instance at 0x7fa6fa49a320>,6,24,[2 9],7,8,32,1,7
1,<environment.Job instance at 0x7fa6faba1870>,1,22,[10  4],2,2,24,0,2
1,<environment.Job instance at 0x7fa6fa170be0>,6,26,[14  4],7,24,50,17,21
1,<environment.Job instance at 0x7fa6fafbc410>,13,22,[4 8],14,50,72,36,43
1,<environment.Job instance at 0x7fa6f9ec0230>,8,23,[ 1 11],9,72,95,63,66
1,<environment.Job instance at 0x7fa6fafbc730>,16,22,[4 7],17,95,117,78,88
1,<environment.Job instance at 0x7fa6fafbc460>,18,22,[3 5],19,95,117,76,88
1,<environment.Job instance at 0x7fa6e0b06aa0>,24,20,[1 7],25,117,137,92,108
1,<environment.Job instance at 0x7fa6fa170370>,4,25,[ 1 14],5,137,162,132,133
1,<environment.Job instance at 0x7fa6fb39c640>,29,28,[1 7],30,162,190,132,161
1,<environment.Job instance at 0x7fa6fb39c4b0>,32,1,[3 9],33,217,218,184,217
1,<environment.Job instance at 0x7fa6fafbcc80>,28,3,[14  3],29,221,224,192,221
1,<environment.Job instance at 0x7fa6f9f59f50>,4,23,[5 5],5,5,28,0,5
1,<environment.Job instance at 0x7fa6fa587730>,1,23,[4 8],2,2,25,0,2
1,<environment.Job instance at 0x7fa6fa402190>,6,28,[2 5],7,7,35,0,7
1,<environment.Job instance at 0x7fa6f9f560f0>,4,23,[12  5],5,25,48,20,19
1,<environment.Job instance at 0x7fa6fa402780>,12,26,[2 8],13,35,61,22,32
1,<environment.Job instance at 0x7fa6fae027d0>,11,2,[12  2],12,49,51,37,49
1,<environment.Job instance at 0x7fa6fa68deb0>,18,2,[14  1],19,61,63,42,49
1,<environment.Job instance at 0x7fa6fa62f1e0>,19,18,[ 1 11],20,61,79,41,61
1,<environment.Job instance at 0x7fa6fa0c7320>,0,28,[ 4 10],1,1,29,0,1
1,<environment.Job instance at 0x7fa6b0289640>,6,26,[5 3],7,7,33,0,7
1,<environment.Job instance at 0x7fa6b0289780>,4,22,[ 1 11],5,29,51,24,26
1,<environment.Job instance at 0x7fa6b02890f0>,12,21,[8 4],13,33,54,20,27
1,<environment.Job instance at 0x7fa6fa393b40>,11,24,[ 4 14],12,54,78,42,49
1,<environment.Job instance at 0x7fa6fa393e60>,14,21,[6 4],15,78,99,63,70
1,<environment.Job instance at 0x7fa6b0289fa0>,3,21,[12  5],4,99,120,95,91
1,<environment.Job instance at 0x7fa6fa393aa0>,23,20,[9 5],24,120,140,96,111
1,<environment.Job instance at 0x7fa6fa393fa0>,27,28,[7 2],28,140,168,112,139
1,<environment.Job instance at 0x7fa6fa1e0eb0>,31,22,[1 9],32,140,162,108,140
1,<environment.Job instance at 0x7fa6fa1e00f0>,36,28,[6 5],37,162,190,125,161
1,<environment.Job instance at 0x7fa6fa1e0a50>,38,19,[ 5 12],39,190,209,151,180
1,<environment.Job instance at 0x7fa6fa1e08c0>,40,2,[ 3 13],41,209,211,168,206
1,<environment.Job instance at 0x7fa6fa1e0fa0>,43,19,[5 4],44,211,230,167,206
1,<environment.Job instance at 0x7fa6fa1e05f0>,47,18,[4 8],48,223,241,175,223
1,<environment.Job instance at 0x7fa6fa1e0230>,48,27,[4 6],49,230,257,181,228
1,<environment.Job instance at 0x7fa6b04b0fa0>,0,28,[12  2],1,1,29,0,1
1,<environment.Job instance at 0x7fa6b0585c30>,6,23,[3 7],7,7,30,0,7
1,<environment.Job instance at 0x7fa6b0357af0>,3,3,[ 3 12],4,30,33,26,27
1,<environment.Job instance at 0x7fa6b00a04b0>,11,25,[3 9],12,33,58,21,29
1,<environment.Job instance at 0x7fa6fa6d00f0>,12,22,[6 5],13,33,55,20,29
1,<environment.Job instance at 0x7fa6b04d0410>,9,19,[11  4],10,55,74,45,54
1,<environment.Job instance at 0x7fa6b057a550>,17,27,[7 4],18,74,101,56,72
1,<environment.Job instance at 0x7fa6b057aa50>,20,21,[10  3],21,101,122,80,93
1,<environment.Job instance at 0x7f00b6b72780>,4,24,[ 3 11],5,5,29,0,5
1,<environment.Job instance at 0x7f00af6db730>,8,24,[ 2 10],9,29,53,20,24
1,<environment.Job instance at 0x7f00af6db910>,14,21,[ 3 11],15,53,74,38,45
1,<environment.Job instance at 0x7f00af6dbc30>,19,21,[8 5],20,74,95,54,66
1,<environment.Job instance at 0x7f00af6dbcd0>,20,21,[13  5],21,95,116,74,87
1,<environment.Job instance at 0x7f00af6dbd70>,21,22,[8 2],22,116,138,94,109
1,<environment.Job instance at 0x7f00af6dc280>,24,2,[ 3 12],25,116,118,91,114
1,<environment.Job instance at 0x7f00af6dbfa0>,26,20,[4 8],27,118,138,91,114
1,<environment.Job instance at 0x7f00af6dc550>,27,25,[14  4],28,138,163,110,134
1,<environment.Job instance at 0x7f00af6dc780>,34,20,[5 3],35,163,183,128,154
1,<environment.Job instance at 0x7f00af6dcbe0>,39,23,[4 6],40,163,186,123,157
1,<environment.Job instance at 0x7f00af6dcfa0>,43,21,[ 2 12],44,186,207,142,178
1,<environment.Job instance at 0x7f00af6dce60>,44,26,[8 4],45,207,233,162,204
1,<environment.Job instance at 0x7f00b6c5c730>,4,19,[9 1],5,5,24,0,5
1,<environment.Job instance at 0x7f00b6c5ca50>,5,23,[7 3],6,24,47,18,18
1,<environment.Job instance at 0x7f00b6c5c230>,7,26,[ 1 11],8,18,44,10,18
1,<environment.Job instance at 0x7f00b6c5cc80>,9,21,[3 6],10,44,65,34,36
1,<environment.Job instance at 0x7f00b6b14d70>,15,19,[1 5],16,44,63,28,44
1,<environment.Job instance at 0x7f00b6b14e60>,16,25,[5 4],17,47,72,30,44
1,<environment.Job instance at 0x7f00b6c50e60>,18,28,[7 1],19,63,91,44,62
1,<environment.Job instance at 0x7f00b6c505a0>,21,24,[12  2],22,91,115,69,86
1,<environment.Job instance at 0x7f00b6c50c80>,22,26,[ 3 11],23,86,112,63,86
1,<environment.Job instance at 0x7f00b6c63050>,27,1,[ 5 12],28,115,116,87,110
1,<environment.Job instance at 0x7f00b6c63640>,28,24,[8 5],29,116,140,87,111
1,<environment.Job instance at 0x7f00b6c5c370>,2,23,[ 1 14],3,140,163,137,134
1,<environment.Job instance at 0x7f00b6c632d0>,33,20,[14  2],34,163,183,129,162
1,<environment.Job instance at 0x7f00b6c631e0>,2,23,[1 7],3,3,26,0,3
1,<environment.Job instance at 0x7f006b9e3a00>,5,2,[14  3],6,11,13,5,11
1,<environment.Job instance at 0x7f006b9e3f50>,7,2,[14  5],8,13,15,5,11
1,<environment.Job instance at 0x7f006b9e3dc0>,8,21,[9 5],9,15,36,6,11
1,<environment.Job instance at 0x7f006b9bd550>,15,20,[5 5],16,26,46,10,23
1,<environment.Job instance at 0x7f006b9bd050>,17,20,[3 7],18,36,56,18,27
1,<environment.Job instance at 0x7f006b9bdcd0>,18,27,[ 3 13],19,56,83,37,54
1,<environment.Job instance at 0x7f006b9bdaa0>,19,20,[14  3],20,83,103,63,74
1,<environment.Job instance at 0x7f006baad550>,22,1,[ 5 14],23,103,104,80,88
1,<environment.Job instance at 0x7f006baad3c0>,26,28,[14  3],27,104,132,77,103
1,<environment.Job instance at 0x7f006baad230>,27,24,[ 4 11],28,132,156,104,127
1,<environment.Job instance at 0x7f006baad5a0>,28,3,[11  1],29,132,135,103,127
1,<environment.Job instance at 0x7f006baad8c0>,31,22,[ 1 10],32,156,178,124,149
1,<environment.Job instance at 0x7f006baad320>,33,24,[2 7],34,178,202,144,173
1,<environment.Job instance at 0x7f006ba9d1e0>,34,25,[5 5],35,173,198,138,173
1,<environment.Job instance at 0x7f006ba9ddc0>,37,26,[7 1],38,178,204,140,175
1,<environment.Job instance at 0x7f006b9e3640>,6,19,[ 3 14],7,219,238,212,219
1,<environment.Job instance at 0x7f006bd45820>,3,27,[9 1],4,4,31,0,4
1,<environment.Job instance at 0x7f006bd45eb0>,4,21,[3 9],5,5,26,0,5
1,<environment.Job instance at 0x7f006bd45280>,8,28,[3 6],9,26,54,17,25
1,<environment.Job instance at 0x7f006bd45a50>,13,26,[12  3],14,43,69,29,43
1,<environment.Job instance at 0x7f006bad9550>,2,19,[11  4],3,71,90,68,71
1,<environment.Job instance at 0x7f006bb55870>,17,28,[1 9],18,72,100,54,72
1,<environment.Job instance at 0x7f006bb550a0>,18,26,[7 3],19,90,116,71,87
1,<environment.Job instance at 0x7f009b545be0>,0,23,[7 1],1,1,24,0,1
1,<environment.Job instance at 0x7f006bdd66e0>,7,24,[10  2],8,24,48,16,19
1,<environment.Job instance at 0x7f006bdd6be0>,12,25,[11  2],13,48,73,35,44
1,<environment.Job instance at 0x7f006bdd6dc0>,15,22,[8 5],16,73,95,57,66
1,<environment.Job instance at 0x7f006bdd6fa0>,17,23,[9 5],18,95,118,77,89
1,<environment.Job instance at 0x7f006bdd50f0>,18,23,[8 1],19,118,141,99,112
1,<environment.Job instance at 0x7f00af50cd70>,2,20,[4 5],3,3,23,0,3
1,<environment.Job instance at 0x7f006bdd5550>,3,23,[6 5],4,4,27,0,4
1,<environment.Job instance at 0x7f006b92cd70>,6,27,[4 6],7,23,50,16,21
1,<environment.Job instance at 0x7f006b92c690>,9,21,[9 2],10,27,48,17,21
1,<environment.Job instance at 0x7f006b92c460>,10,22,[ 3 12],11,50,72,39,43
1,<environment.Job instance at 0x7f00b60793c0>,12,22,[9 1],13,48,70,35,43
1,<environment.Job instance at 0x7f006b92cdc0>,5,2,[ 5 13],6,72,74,66,67
1,<environment.Job instance at 0x7f00b60794b0>,18,22,[8 4],19,74,96,55,67
1,<environment.Job instance at 0x7f00b6a1c0f0>,21,22,[7 5],22,74,96,52,71
1,<environment.Job instance at 0x7f00b6668780>,25,24,[1 6],26,96,120,70,91
1,<environment.Job instance at 0x7f006baf92d0>,28,18,[1 9],29,111,129,82,111
1,<environment.Job instance at 0x7f006baf9370>,32,2,[9 1],33,134,136,101,134
1,<environment.Job instance at 0x7f006bb51f50>,37,22,[12  2],38,153,175,115,153
1,<environment.Job instance at 0x7f006bb515f0>,38,26,[ 2 10],39,153,179,114,153
1,<environment.Job instance at 0x7f00b6b08d70>,1,27,[ 2 11],2,2,29,0,2
1,<environment.Job instance at 0x7f006bfb56e0>,6,26,[9 2],7,7,33,0,7
1,<environment.Job instance at 0x7f00af4ab5f0>,12,23,[ 3 10],13,29,52,16,23
1,<environment.Job instance at 0x7f00b660ffa0>,14,25,[1 6],15,52,77,37,48
1,<environment.Job instance at 0x7f00b60ceb90>,16,24,[1 9],17,52,76,35,48
1,<environment.Job instance at 0x7f00af94b460>,21,26,[13  1],22,76,102,54,73
1,<environment.Job instance at 0x7f006bfb5fa0>,8,20,[ 1 13],9,78,98,69,78
1,<environment.Job instance at 0x7f00b63f3410>,26,25,[3 9],27,102,127,75,98
1,<environment.Job instance at 0x7f00af730500>,33,18,[1 5],34,129,147,95,129
1,<environment.Job instance at 0x7f006b92db90>,35,19,[4 5],36,129,148,93,129
1,<environment.Job instance at 0x7f006bfb5a00>,5,16,[12  1],6,148,164,142,146
1,<environment.Job instance at 0x7f006b92d5a0>,40,1,[5 8],41,147,148,106,146
1,<environment.Job instance at 0x7f006b92d0a0>,42,2,[9 3],43,164,166,121,154
1,<environment.Job instance at 0x7f006b92da00>,44,16,[5 4],45,164,180,119,154
1,<environment.Job instance at 0x7f006b92dbe0>,45,23,[9 4],46,166,189,120,160
1,<environment.Job instance at 0x7f00b642dcd0>,46,21,[8 2],47,189,210,142,181
1,<environment.Job instance at 0x7f00b642d230>,47,21,[ 5 13],48,189,210,141,181
1,<environment.Job instance at 0x7f00af94be60>,24,19,[ 5 13],25,210,229,185,207
1,<environment.Job instance at 0x7f00b62fa050>,52,28,[10  3],53,229,257,176,228
1,<environment.Job instance at 0x7f00b62fad20>,53,28,[10  4],54,257,285,203,256
1,<environment.Job instance at 0x7f00b64b5c80>,55,25,[5 7],56,256,281,200,256
1,<environment.Job instance at 0x7f00b6496a00>,49,17,[11  2],50,1868,1885,1818,1868
1,<environment.Job instance at 0x7f00b5f66c80>,61,18,[8 3],62,1885,1903,1823,1884
1,<environment.Job instance at 0x7f00b5f66e60>,62,28,[3 8],63,1884,1912,1821,1884
1,<environment.Job instance at 0x7f00af49eaa0>,63,18,[ 1 14],64,2609,2627,2545,2609
1,<environment.Job instance at 0x7f00af466b40>,0,24,[1 6],1,1,25,0,1
1,<environment.Job instance at 0x7f00af49e1e0>,2,24,[5 8],3,3,27,0,3
1,<environment.Job instance at 0x7f00af4afdc0>,7,21,[4 9],8,27,48,19,19
1,<environment.Job instance at 0x7f00af466c80>,4,22,[7 2],5,25,47,20,19
1,<environment.Job instance at 0x7f00af483410>,11,23,[8 4],12,47,70,35,41
1,<environment.Job instance at 0x7f00af483140>,9,21,[ 4 11],10,48,69,38,41
1,<environment.Job instance at 0x7f00af4830a0>,8,21,[ 5 14],9,70,91,61,62
1,<environment.Job instance at 0x7f00af4837d0>,17,24,[6 2],18,91,115,73,86
1,<environment.Job instance at 0x7f00af483910>,19,25,[8 3],20,91,116,71,87
1,<environment.Job instance at 0x7f00af483e60>,27,20,[ 5 13],28,116,136,88,107
1,<environment.Job instance at 0x7f00af4a5140>,31,27,[6 4],32,136,163,104,134
1,<environment.Job instance at 0x7f00af4a51e0>,32,25,[6 1],33,134,159,101,134
1,<environment.Job instance at 0x7f00af4a5280>,33,23,[5 5],34,159,182,125,153
1,<environment.Job instance at 0x7f00af4a5320>,34,28,[8 5],35,163,191,128,162
1,<environment.Job instance at 0x7f00af4a5500>,37,23,[10  2],38,191,214,153,185
1,<environment.Job instance at 0x7f00af4a55a0>,38,21,[10  3],39,214,235,175,206
1,<environment.Job instance at 0x7f00af4a5730>,41,19,[2 9],42,207,226,165,207
1,<environment.Job instance at 0x7f00af4a5af0>,43,20,[ 1 10],44,226,246,182,217
1,<environment.Job instance at 0x7f00af4a5a50>,45,25,[5 3],46,235,260,189,231
1,<environment.Job instance at 0x7f00af4a5dc0>,50,27,[ 2 10],51,246,273,195,244
1,<environment.Job instance at 0x7f00af4a5f50>,3,26,[ 2 11],4,4,30,0,4
1,<environment.Job instance at 0x7f00b6416230>,0,21,[ 4 13],1,1,22,0,1
1,<environment.Job instance at 0x7f00af522f50>,3,27,[13  3],4,22,49,18,20
1,<environment.Job instance at 0x7f00b6435820>,7,27,[11  2],8,49,76,41,47
1,<environment.Job instance at 0x7f00b5f15aa0>,4,24,[3 9],5,49,73,44,47
1,<environment.Job instance at 0x7f00b628c550>,6,23,[14  1],7,76,99,69,70
1,<environment.Job instance at 0x7f006b981410>,10,22,[ 3 14],11,99,121,88,92
1,<environment.Job instance at 0x7f00af51e050>,18,21,[9 4],19,121,142,102,113
1,<environment.Job instance at 0x7f00af650f50>,22,28,[13  5],23,142,170,119,141
1,<environment.Job instance at 0x7f00af8495a0>,23,27,[6 1],24,170,197,146,168
1,<environment.Job instance at 0x7f006bf23870>,27,19,[ 5 10],28,187,206,159,187
1,<environment.Job instance at 0x7f00b6c52b40>,29,24,[14  3],30,206,230,176,201
1,<environment.Job instance at 0x7f00b6c52230>,1,23,[13  4],2,2,25,0,2
1,<environment.Job instance at 0x7f00b5fc4190>,3,26,[1 9],4,4,30,0,4
1,<environment.Job instance at 0x7f00b634e4b0>,4,25,[5 4],5,25,50,20,21
1,<environment.Job instance at 0x7f00af6531e0>,5,22,[ 2 10],6,30,52,24,23
1,<environment.Job instance at 0x7f00af6538c0>,10,19,[12  3],11,50,69,39,48
1,<environment.Job instance at 0x7f00afa7efa0>,0,26,[ 4 11],1,1,27,0,1
1,<environment.Job instance at 0x7f006b792b90>,3,24,[ 5 12],4,27,51,23,22
1,<environment.Job instance at 0x7f006b79ff50>,5,3,[ 3 12],6,51,54,45,42
1,<environment.Job instance at 0x7f006bbf05a0>,15,20,[ 4 10],16,54,74,38,45
1,<environment.Job instance at 0x7f006b8a8640>,10,19,[ 4 11],11,74,93,63,68
1,<environment.Job instance at 0x7f00af93dc80>,1,26,[13  3],2,2,28,0,2
1,<environment.Job instance at 0x7f00afa72d70>,3,20,[11  4],4,28,48,24,19
1,<environment.Job instance at 0x7f00b63c0820>,10,28,[5 8],11,48,76,37,47
1,<environment.Job instance at 0x7f00af9cb3c0>,9,20,[ 4 12],10,76,96,66,67
1,<environment.Job instance at 0x7f006bab7320>,12,27,[ 3 10],13,96,123,83,94
1,<environment.Job instance at 0x7f00af60c320>,15,22,[ 1 10],16,123,145,107,116
1,<environment.Job instance at 0x7f006b79f550>,17,27,[6 4],18,116,143,98,116
1,<environment.Job instance at 0x7f00b62ab910>,18,22,[ 2 10],19,145,167,126,138
1,<environment.Job instance at 0x7f00af52b5f0>,19,25,[2 8],20,167,192,147,163
1,<environment.Job instance at 0x7f00b618d230>,20,20,[4 5],21,163,183,142,163
1,<environment.Job instance at 0x7f006b76c960>,23,2,[ 5 11],24,192,194,168,167
1,<environment.Job instance at 0x7f006b872460>,24,1,[8 2],25,167,168,142,167
1,<environment.Job instance at 0x7f006b72ceb0>,30,24,[14  3],31,194,218,163,189
1,<environment.Job instance at 0x7f00b65c4460>,33,2,[13  4],34,218,220,184,213
1,<environment.Job instance at 0x7f00b65c4c30>,34,22,[12  2],35,220,242,185,213
1,<environment.Job instance at 0x7f00b608de10>,6,27,[7 4],7,7,34,0,7
1,<environment.Job instance at 0x7f00b6b385f0>,4,2,[ 3 14],5,34,36,29,13
1,<environment.Job instance at 0x7f00af650cd0>,11,24,[6 3],12,36,60,24,31
1,<environment.Job instance at 0x7f006b804050>,12,28,[2 8],13,36,64,23,35
1,<environment.Job instance at 0x7f00af448730>,15,20,[8 1],16,60,80,44,51
1,<environment.Job instance at 0x7f006b7dc820>,18,26,[9 3],19,80,106,61,77
1,<environment.Job instance at 0x7f006bbe18c0>,16,23,[ 3 11],17,77,100,60,77
1,<environment.Job instance at 0x7f00af5714b0>,21,20,[ 4 14],22,106,126,84,99
1,<environment.Job instance at 0x7f006b72ccd0>,24,25,[ 5 12],25,126,151,101,122
1,<environment.Job instance at 0x7f006b815a00>,4,20,[1 7],5,5,25,0,5
1,<environment.Job instance at 0x7f006c09e5f0>,9,28,[1 7],10,12,40,2,12
1,<environment.Job instance at 0x7f00b63896e0>,8,3,[14  3],9,150,153,141,150
1,<environment.Job instance at 0x7f006c074eb0>,16,24,[ 2 12],17,153,177,136,153
1,<environment.Job instance at 0x7f006b7f70a0>,0,24,[7 1],1,1,25,0,1
1,<environment.Job instance at 0x7f00af726960>,1,21,[1 9],2,2,23,0,2
1,<environment.Job instance at 0x7f00af7260a0>,5,27,[ 4 13],6,23,50,17,21
1,<environment.Job instance at 0x7f00af726280>,14,22,[8 2],15,25,47,10,24
1,<environment.Job instance at 0x7f00af726230>,15,27,[4 9],16,50,77,34,48
1,<environment.Job instance at 0x7f00b64b39b0>,17,19,[ 1 11],18,77,96,59,67
1,<environment.Job instance at 0x7f00b64b3870>,20,28,[5 4],21,67,95,46,67
1,<environment.Job instance at 0x7f00b614b320>,0,25,[5 8],1,1,26,0,1
1,<environment.Job instance at 0x7f00b6875aa0>,1,28,[3 6],2,2,30,0,2
1,<environment.Job instance at 0x7f006bf73140>,6,28,[5 3],7,26,54,19,25
1,<environment.Job instance at 0x7f00b646f960>,7,23,[10  1],8,30,53,22,25
1,<environment.Job instance at 0x7f00b67ea8c0>,10,24,[11  2],11,54,78,43,49
1,<environment.Job instance at 0x7f00b646f190>,8,21,[7 1],9,78,99,69,70
1,<environment.Job instance at 0x7f00b6343f00>,15,24,[7 2],16,78,102,62,73
1,<environment.Job instance at 0x7f006bfcd500>,17,27,[5 1],18,99,126,81,97
1,<environment.Job instance at 0x7f006bfcd910>,18,22,[10  5],19,102,124,83,97
1,<environment.Job instance at 0x7f00af48e410>,25,28,[7 3],26,124,152,98,123
1,<environment.Job instance at 0x7f00b63e2410>,21,21,[13  2],22,152,173,130,144
1,<environment.Job instance at 0x7f006bad2140>,29,20,[1 6],30,144,164,114,144
1,<environment.Job instance at 0x7f006bd62cd0>,31,22,[ 1 10],32,164,186,132,157
1,<environment.Job instance at 0x7f00b6589a50>,32,28,[13  5],33,173,201,140,172
1,<environment.Job instance at 0x7f00af482d70>,33,23,[9 3],34,201,224,167,195
1,<environment.Job instance at 0x7f006b7ba6e0>,2,24,[8 1],3,3,27,0,3
1,<environment.Job instance at 0x7f006b73ce10>,4,26,[4 5],5,5,31,0,5
1,<environment.Job instance at 0x7f006bcd7640>,5,28,[8 2],6,27,55,21,26
1,<environment.Job instance at 0x7f006b7bac80>,6,21,[11  3],7,55,76,48,47
1,<environment.Job instance at 0x7f00af5aceb0>,3,23,[12  1],4,76,99,72,70
1,<environment.Job instance at 0x7f006bcd7730>,10,23,[ 2 10],11,76,99,65,76
1,<environment.Job instance at 0x7f006b98a870>,1,1,[ 3 12],2,99,100,97,96
1,<environment.Job instance at 0x7f006bcd7a50>,15,24,[11  4],16,100,124,84,96
1,<environment.Job instance at 0x7f006bcd7af0>,16,21,[14  5],17,124,145,107,116
1,<environment.Job instance at 0x7f006bcd7d70>,20,25,[4 7],21,145,170,124,141
1,<environment.Job instance at 0x7f006bcd7500>,7,19,[14  3],8,296,315,288,296
1,<environment.Job instance at 0x7f006bcd6050>,24,20,[ 3 14],25,316,336,291,316
1,<environment.Job instance at 0x7f00af6bf370>,2,22,[3 5],3,3,25,0,3
1,<environment.Job instance at 0x7f006bcd60f0>,3,19,[3 9],4,6,25,2,6
1,<environment.Job instance at 0x7f00afb1ceb0>,8,25,[6 1],9,9,34,0,9
1,<environment.Job instance at 0x7f00afb1c460>,11,26,[13  1],12,34,60,22,31
1,<environment.Job instance at 0x7f00af6bf280>,12,23,[13  2],13,60,83,47,54
1,<environment.Job instance at 0x7f00afb1c500>,9,20,[1 5],10,54,74,44,54
1,<environment.Job instance at 0x7f00b6668a50>,14,21,[5 8],15,83,104,68,75
1,<environment.Job instance at 0x7f00afb1cf50>,15,19,[3 7],16,83,102,67,75
1,<environment.Job instance at 0x7f00b6839d70>,16,21,[ 3 13],17,104,125,87,98
1,<environment.Job instance at 0x7f006bf6b320>,33,21,[ 5 13],34,158,179,124,158
1,<environment.Job instance at 0x7f006b77d550>,37,26,[11  3],38,179,205,141,176
1,<environment.Job instance at 0x7f00af67b780>,38,28,[2 6],39,179,207,140,178
1,<environment.Job instance at 0x7f00af5bb280>,0,24,[5 6],1,1,25,0,1
1,<environment.Job instance at 0x7f00af5bbbe0>,3,26,[8 5],4,4,30,0,4
1,<environment.Job instance at 0x7f00af7aba00>,11,28,[8 3],12,30,58,18,29
1,<environment.Job instance at 0x7f00b5f5f230>,12,26,[11  4],13,58,84,45,55
1,<environment.Job instance at 0x7f00af5bbb40>,6,26,[ 2 10],7,56,82,49,56
1,<environment.Job instance at 0x7f00b633de60>,13,2,[ 3 14],14,84,86,70,77
1,<environment.Job instance at 0x7f00af5bb7d0>,4,21,[12  3],5,86,107,81,83
1,<environment.Job instance at 0x7f006bd171e0>,15,27,[ 1 10],16,86,113,70,84
1,<environment.Job instance at 0x7f00af79aaa0>,19,28,[ 4 14],20,113,141,93,112
1,<environment.Job instance at 0x7f00b6351be0>,24,19,[12  1],25,143,162,118,143
1,<environment.Job instance at 0x7f006bbac7d0>,27,1,[3 8],28,185,186,157,185
1,<environment.Job instance at 0x7f006b76c8c0>,30,28,[6 2],31,210,238,179,210
1,<environment.Job instance at 0x7f006ba3dbe0>,31,21,[5 2],32,210,231,178,210
1,<environment.Job instance at 0x7f006bf61410>,32,23,[8 2],33,231,254,198,225
1,<environment.Job instance at 0x7fd50538f280>,4,24,[ 3 11],5,5,29,0,5
1,<environment.Job instance at 0x7fd50538f410>,6,19,[1 7],7,29,48,22,19
1,<environment.Job instance at 0x7fd50538f640>,8,24,[ 2 10],9,48,72,39,43
1,<environment.Job instance at 0x7fd50538f820>,11,1,[8 4],12,43,44,31,43
1,<environment.Job instance at 0x7fd50538fa00>,14,21,[ 3 11],15,72,93,57,64
1,<environment.Job instance at 0x7fd50538fb40>,16,19,[ 3 10],17,93,112,76,83
1,<environment.Job instance at 0x7fd50538fd70>,19,21,[8 5],20,93,114,73,85
1,<environment.Job instance at 0x7fd50538fe10>,20,21,[13  5],21,114,135,93,106
1,<environment.Job instance at 0x7fd50538f3c0>,21,22,[8 2],22,135,157,113,128
1,<environment.Job instance at 0x7fd5053910a0>,26,20,[4 8],27,135,155,108,129
1,<environment.Job instance at 0x7fd505391190>,27,25,[14  4],28,157,182,129,153
1,<environment.Job instance at 0x7fd50538ffa0>,24,2,[ 3 12],25,182,184,157,181
1,<environment.Job instance at 0x7fd5053915f0>,34,20,[5 3],35,182,202,147,181
1,<environment.Job instance at 0x7fd505391910>,39,23,[4 6],40,185,208,145,185
1,<environment.Job instance at 0x7fd505391dc0>,43,21,[ 2 12],44,208,229,164,204
1,<environment.Job instance at 0x7fd505391c30>,44,26,[8 4],45,229,255,184,226
1,<environment.Job instance at 0x7fd5053950a0>,46,2,[ 1 10],47,229,231,182,226
1,<environment.Job instance at 0x7fd4bd602eb0>,5,19,[1 5],6,6,25,0,6
1,<environment.Job instance at 0x7fd4bd602550>,6,25,[5 4],7,7,32,0,7
1,<environment.Job instance at 0x7fd4bd762140>,7,2,[7 2],8,8,10,0,8
1,<environment.Job instance at 0x7fd4bd602e10>,8,28,[7 1],9,10,38,1,9
1,<environment.Job instance at 0x7fd4bd7620f0>,11,24,[12  2],12,38,62,26,33
1,<environment.Job instance at 0x7fd4bd77e690>,12,26,[ 3 11],13,33,59,20,33
1,<environment.Job instance at 0x7fd4bd75feb0>,18,24,[8 5],19,62,86,43,57
1,<environment.Job instance at 0x7fd4bd7cc780>,17,1,[ 5 12],18,86,87,68,59
1,<environment.Job instance at 0x7fd4bd78c910>,23,20,[14  2],24,87,107,63,78
1,<environment.Job instance at 0x7fd4bd657aa0>,2,1,[ 5 14],3,3,4,0,3
1,<environment.Job instance at 0x7fd4bd636280>,6,28,[14  3],7,7,35,0,7
1,<environment.Job instance at 0x7fd4bd6360f0>,7,24,[ 4 11],8,35,59,27,30
1,<environment.Job instance at 0x7fd4bd635640>,11,22,[ 1 10],12,59,81,47,52
1,<environment.Job instance at 0x7fd4bd627d20>,13,24,[2 7],14,81,105,67,76
1,<environment.Job instance at 0x7fd4bd636b40>,14,25,[5 5],15,76,101,61,76
1,<environment.Job instance at 0x7fd508917a50>,20,1,[11  3],21,109,110,88,109
1,<environment.Job instance at 0x7fd5051e0e10>,8,3,[11  1],9,330,333,321,330
1,<environment.Job instance at 0x7fd4bd64f6e0>,25,24,[8 2],26,333,357,307,330
1,<environment.Job instance at 0x7fd5055fc410>,28,22,[9 3],29,357,379,328,350
1,<environment.Job instance at 0x7fd5056b4820>,1,20,[7 4],2,2,22,0,2
1,<environment.Job instance at 0x7fd50565c780>,2,23,[2 8],3,3,26,0,3
1,<environment.Job instance at 0x7fd505478e10>,8,25,[6 1],9,9,34,0,9
1,<environment.Job instance at 0x7fd50583d5a0>,2,27,[14  3],3,3,30,0,3
1,<environment.Job instance at 0x7fd4bd9b0b40>,5,25,[4 9],6,30,55,24,26
1,<environment.Job instance at 0x7fd505184230>,15,28,[5 5],16,78,106,62,78
1,<environment.Job instance at 0x7fd4bda69230>,16,19,[ 1 12],17,106,125,89,97
1,<environment.Job instance at 0x7fd505223f50>,17,24,[10  2],18,97,121,79,97
1,<environment.Job instance at 0x7fd505211230>,18,2,[ 4 13],19,125,127,106,98
1,<environment.Job instance at 0x7fd505184730>,19,19,[ 5 10],20,127,146,107,117
1,<environment.Job instance at 0x7fd4bdc34190>,21,28,[ 1 12],22,146,174,124,145
1,<environment.Job instance at 0x7fd4bd9b0a00>,6,18,[ 1 12],7,1740,1758,1733,1740
1,<environment.Job instance at 0x7fd4bd9ce280>,1,27,[9 3],2,2,29,0,2
1,<environment.Job instance at 0x7fd4bdd4de10>,4,2,[ 2 13],5,29,31,24,8
1,<environment.Job instance at 0x7fd4bdd4d2d0>,5,26,[ 3 14],6,31,57,25,28
1,<environment.Job instance at 0x7fd4bdd4d050>,9,25,[8 4],10,57,82,47,53
1,<environment.Job instance at 0x7fd4bdd4dc80>,15,3,[14  5],16,82,85,66,61
1,<environment.Job instance at 0x7fd4bdd471e0>,18,1,[8 1],19,85,86,66,69
1,<environment.Job instance at 0x7fd4bdd47fa0>,21,2,[10  4],22,86,88,64,78
1,<environment.Job instance at 0x7fd4bdd47c30>,22,26,[1 6],23,78,104,55,78
1,<environment.Job instance at 0x7fd4bdd47d70>,23,23,[5 5],24,88,111,64,82
1,<environment.Job instance at 0x7fd507c35e60>,2,28,[3 8],3,3,31,0,3
1,<environment.Job instance at 0x7fd505602eb0>,10,21,[11  1],11,15,36,4,15
1,<environment.Job instance at 0x7fd507cf9370>,11,1,[ 5 10],12,36,37,24,15
1,<environment.Job instance at 0x7fd507cf9230>,12,24,[8 3],13,36,60,23,31
1,<environment.Job instance at 0x7fd505286be0>,14,23,[ 5 10],15,37,60,22,31
1,<environment.Job instance at 0x7fd505286460>,15,25,[ 2 14],16,60,85,44,56
1,<environment.Job instance at 0x7fd5052867d0>,13,14,[11  2],14,1487,1501,1473,1487
1,<environment.Job instance at 0x7fd507f75eb0>,23,19,[1 5],24,1509,1528,1485,1509
1,<environment.Job instance at 0x7fd5056a9b40>,26,13,[11  2],27,2657,2670,2630,2657
1,<environment.Job instance at 0x7fd5056a9b40>,4,26,[ 4 10],5,5,31,0,5
1,<environment.Job instance at 0x7fd4bd753370>,8,25,[5 5],9,9,34,0,9
1,<environment.Job instance at 0x7fd4bd7536e0>,9,26,[2 9],10,31,57,21,28
1,<environment.Job instance at 0x7fd4bd753870>,10,22,[5 3],11,34,56,23,28
1,<environment.Job instance at 0x7fd4bd7539b0>,12,27,[10  3],13,56,83,43,54
1,<environment.Job instance at 0x7fd4bd753a50>,13,1,[ 1 11],14,60,61,46,60
1,<environment.Job instance at 0x7fd4bd753b90>,15,22,[ 2 11],16,61,83,45,60
1,<environment.Job instance at 0x7fd4bd753c30>,16,23,[8 4],17,83,106,66,77
1,<environment.Job instance at 0x7fd4bd753d70>,18,28,[ 4 10],19,83,111,64,82
1,<environment.Job instance at 0x7fd4bd753f50>,21,24,[2 6],22,111,135,89,106
1,<environment.Job instance at 0x7fd4bd753820>,23,18,[5 8],24,111,129,87,106
1,<environment.Job instance at 0x7fd4bd752230>,25,27,[ 2 10],26,135,162,109,133
1,<environment.Job instance at 0x7fd4bd752370>,27,1,[11  5],28,147,148,119,147
1,<environment.Job instance at 0x7fd4bd752050>,30,25,[9 2],31,150,175,119,150
1,<environment.Job instance at 0x7fd4bd752640>,32,2,[ 5 13],33,162,164,129,155
1,<environment.Job instance at 0x7fd508159d70>,1,23,[3 6],2,2,25,0,2
1,<environment.Job instance at 0x7fd505840280>,4,23,[2 6],5,5,28,0,5
1,<environment.Job instance at 0x7fd508159a50>,7,22,[6 5],8,25,47,17,18
1,<environment.Job instance at 0x7fd50541b0f0>,8,24,[9 2],9,28,52,19,23
1,<environment.Job instance at 0x7fd50541bcd0>,13,2,[12  2],14,52,54,38,44
1,<environment.Job instance at 0x7fd4bda38730>,0,19,[3 8],1,1,20,0,1
1,<environment.Job instance at 0x7fd4bdc0a820>,2,25,[8 5],3,3,28,0,3
1,<environment.Job instance at 0x7fd4bda388c0>,4,24,[13  5],5,28,52,23,23
1,<environment.Job instance at 0x7fd4bdc265f0>,8,27,[ 3 10],9,52,79,43,50
1,<environment.Job instance at 0x7fd4bda38370>,3,2,[14  3],4,79,81,75,52
1,<environment.Job instance at 0x7fd5051e96e0>,20,19,[6 4],21,102,121,81,102
1,<environment.Job instance at 0x7fd4bd8b9d70>,22,14,[1 8],23,103,117,80,103
1,<environment.Job instance at 0x7fd4bdc274b0>,28,22,[6 4],29,136,158,107,136
1,<environment.Job instance at 0x7fd4bda2ce10>,29,2,[5 7],30,136,138,106,136
1,<environment.Job instance at 0x7fd4bd7ea820>,2,21,[5 5],3,3,24,0,3
1,<environment.Job instance at 0x7fd4bd81dc80>,5,25,[3 6],6,6,31,0,6
1,<environment.Job instance at 0x7fd507d5b640>,8,22,[8 3],9,24,46,15,17
1,<environment.Job instance at 0x7fd507d7b140>,12,2,[12  3],13,46,48,33,33
1,<environment.Job instance at 0x7fd4bd74a730>,15,19,[2 5],16,40,59,24,40
1,<environment.Job instance at 0x7fd507d7b9b0>,16,23,[2 5],17,48,71,31,42
1,<environment.Job instance at 0x7fd507d7baa0>,18,20,[6 1],19,48,68,29,42
1,<environment.Job instance at 0x7fd5054a3820>,2,27,[8 5],3,3,30,0,3
1,<environment.Job instance at 0x7fd5087bcfa0>,7,20,[14  5],8,30,50,22,21
1,<environment.Job instance at 0x7fd508573f50>,8,25,[ 3 12],9,50,75,41,46
1,<environment.Job instance at 0x7fd4bd583cd0>,4,25,[ 1 12],5,75,100,70,71
1,<environment.Job instance at 0x7fd505768d20>,17,3,[ 2 13],18,100,103,82,88
1,<environment.Job instance at 0x7fd505768550>,19,1,[7 5],20,103,104,83,88
1,<environment.Job instance at 0x7fd4bdc755a0>,21,26,[13  3],22,104,130,82,101
1,<environment.Job instance at 0x7fd4bdc75a00>,5,2,[14  4],6,6,8,0,6
1,<environment.Job instance at 0x7fd4bdc32140>,6,24,[2 9],7,8,32,1,7
1,<environment.Job instance at 0x7fd4bdc32960>,4,1,[14  4],5,32,33,27,8
1,<environment.Job instance at 0x7fd4bdc32d70>,4,20,[1 7],5,5,25,0,5
1,<environment.Job instance at 0x7fd4bd49ceb0>,9,28,[1 7],10,11,39,1,11
1,<environment.Job instance at 0x7fd4bd74c910>,8,3,[14  3],9,25,28,16,18
1,<environment.Job instance at 0x7fd505154d70>,16,24,[ 2 12],17,48,72,31,48
1,<environment.Job instance at 0x7fd4bd4ceeb0>,4,22,[8 2],5,5,27,0,5
1,<environment.Job instance at 0x7fd505846780>,5,27,[4 9],6,6,33,0,6
1,<environment.Job instance at 0x7fd507fdcd20>,10,28,[5 4],11,27,55,16,26
1,<environment.Job instance at 0x7fd5052c6f50>,7,19,[ 1 11],8,33,52,25,26
1,<environment.Job instance at 0x7fd507f6a410>,16,3,[12  1],17,55,58,38,48
1,<environment.Job instance at 0x7fd507fd5320>,19,21,[12  4],20,58,79,38,50
1,<environment.Job instance at 0x7fd50527a820>,22,2,[11  5],23,79,81,56,75
1,<environment.Job instance at 0x7fd50527a320>,23,1,[8 3],24,81,82,57,75
1,<environment.Job instance at 0x7fd50527a960>,24,28,[13  3],25,82,110,57,81
1,<environment.Job instance at 0x7fd507fa1230>,27,2,[14  3],28,110,112,82,100
1,<environment.Job instance at 0x7fd50529c5a0>,29,1,[ 2 12],30,101,102,71,101
1,<environment.Job instance at 0x7fd50529c960>,30,20,[8 3],31,112,132,81,103
1,<environment.Job instance at 0x7fd50529caa0>,31,23,[9 5],32,132,155,100,126
1,<environment.Job instance at 0x7fd50529c8c0>,32,22,[9 1],33,155,177,122,148
1,<environment.Job instance at 0x7fd4bdbe1cd0>,0,20,[4 7],1,1,21,0,1
1,<environment.Job instance at 0x7fd5055c8be0>,5,28,[7 3],6,6,34,0,6
1,<environment.Job instance at 0x7fd5055c8e60>,9,20,[1 6],10,21,41,11,12
1,<environment.Job instance at 0x7fd50529c640>,1,21,[13  2],2,34,55,32,26
1,<environment.Job instance at 0x7fd5055c8aa0>,11,22,[ 1 10],12,41,63,29,34
1,<environment.Job instance at 0x7fd5055c8370>,12,28,[13  5],13,55,83,42,54
1,<environment.Job instance at 0x7fd5055c8230>,13,23,[9 3],14,83,106,69,77
1,<environment.Job instance at 0x7fd5057c0eb0>,18,19,[13  3],19,106,125,87,96
1,<environment.Job instance at 0x7fd5057c0fa0>,19,25,[ 3 13],20,125,150,105,121
1,<environment.Job instance at 0x7fd5057c00f0>,20,19,[10  2],21,125,144,104,121
1,<environment.Job instance at 0x7fd5057c0960>,22,22,[4 7],23,150,172,127,143
1,<environment.Job instance at 0x7fd5057c0550>,23,22,[10  4],24,150,172,126,143
1,<environment.Job instance at 0x7fd5057c0d20>,24,22,[1 5],25,172,194,147,165
1,<environment.Job instance at 0x7fd4bdd4bf50>,1,20,[4 7],2,2,22,0,2
1,<environment.Job instance at 0x7fd5080a9af0>,4,27,[2 7],5,5,32,0,5
1,<environment.Job instance at 0x7fd505654460>,12,25,[10  2],13,22,47,9,18
1,<environment.Job instance at 0x7fd507fd8d70>,8,25,[2 8],9,9,34,0,9
1,<environment.Job instance at 0x7fd50581ee60>,3,28,[ 3 14],4,4,32,0,4
1,<environment.Job instance at 0x7fd50581e2d0>,6,27,[9 4],7,32,59,25,30
1,<environment.Job instance at 0x7fd50581ed20>,9,21,[2 5],10,32,53,22,30
1,<environment.Job instance at 0x7fd50581e5a0>,10,1,[13  4],11,59,60,48,32
1,<environment.Job instance at 0x7fd507bbbd20>,12,2,[ 5 11],13,53,55,40,44
1,<environment.Job instance at 0x7fd507bbba50>,13,25,[9 4],14,60,85,46,56
1,<environment.Job instance at 0x7fd507bbb9b0>,16,26,[6 3],17,60,86,43,57
1,<environment.Job instance at 0x7fd505645f50>,7,20,[14  4],8,86,106,78,77
1,<environment.Job instance at 0x7fd507bbbe60>,19,27,[5 7],20,106,133,86,104
1,<environment.Job instance at 0x7fd4bd755320>,22,1,[ 5 12],23,133,134,110,110
1,<environment.Job instance at 0x7fd5056a1fa0>,23,27,[ 2 10],24,134,161,110,132
1,<environment.Job instance at 0x7fd4bd4f5e10>,24,22,[ 2 13],25,161,183,136,154
1,<environment.Job instance at 0x7fd507d7e5a0>,25,25,[1 7],26,183,208,157,179
1,<environment.Job instance at 0x7fd508529370>,1,23,[10  4],2,2,25,0,2
1,<environment.Job instance at 0x7fd5081dbaa0>,4,21,[ 3 13],5,25,46,20,17
1,<environment.Job instance at 0x7fd5085291e0>,0,3,[11  1],1,46,49,45,46
1,<environment.Job instance at 0x7f0592090280>,4,24,[ 3 11],5,5,29,0,5
1,<environment.Job instance at 0x7f0592090690>,8,24,[ 2 10],9,29,53,20,24
1,<environment.Job instance at 0x7f0592090910>,14,21,[ 3 11],15,53,74,38,45
1,<environment.Job instance at 0x7f0592090c30>,19,21,[8 5],20,74,95,54,66
1,<environment.Job instance at 0x7f0592090d70>,21,22,[8 2],22,95,117,73,88
1,<environment.Job instance at 0x7f0592090fa0>,24,2,[ 3 12],25,95,97,70,88
1,<environment.Job instance at 0x7f0592091190>,26,20,[4 8],27,97,117,70,89
1,<environment.Job instance at 0x7f0592091460>,27,25,[14  4],28,117,142,89,113
1,<environment.Job instance at 0x7f05920918c0>,34,20,[5 3],35,142,162,107,133
1,<environment.Job instance at 0x7f0592090cd0>,20,21,[13  5],21,162,183,141,154
1,<environment.Job instance at 0x7f0592091be0>,39,23,[4 6],40,183,206,143,177
1,<environment.Job instance at 0x7f0592090a50>,16,19,[ 3 10],17,206,225,189,196
1,<environment.Job instance at 0x7f0592091fa0>,43,21,[ 2 12],44,225,246,181,217
1,<environment.Job instance at 0x7f0592091050>,44,26,[8 4],45,246,272,201,243
1,<environment.Job instance at 0x7f0592038c80>,1,24,[12  2],2,2,26,0,2
1,<environment.Job instance at 0x7f0592096320>,2,26,[ 3 11],3,11,37,8,11
1,<environment.Job instance at 0x7f054c4815a0>,8,24,[8 5],9,37,61,28,32
1,<environment.Job instance at 0x7f054c481190>,7,1,[ 5 12],8,61,62,53,34
1,<environment.Job instance at 0x7f054c48f0f0>,13,20,[14  2],14,62,82,48,62
1,<environment.Job instance at 0x7f05920980a0>,0,1,[11  3],1,2,3,1,2
1,<environment.Job instance at 0x7f054c2e3230>,5,24,[8 2],6,6,30,0,6
1,<environment.Job instance at 0x7f054c2e30a0>,8,22,[9 3],9,30,52,21,23
1,<environment.Job instance at 0x7f054c2e3be0>,10,26,[4 7],11,23,49,12,23
1,<environment.Job instance at 0x7f054c2e3410>,11,25,[10  5],12,52,77,40,48
1,<environment.Job instance at 0x7f054c3cb550>,16,20,[ 3 11],17,77,97,60,69
1,<environment.Job instance at 0x7f059760fcd0>,21,25,[5 1],22,69,94,47,69
1,<environment.Job instance at 0x7f05922cc280>,25,24,[9 3],26,100,124,74,100
1,<environment.Job instance at 0x7f05923b6690>,3,27,[ 3 14],4,4,31,0,4
1,<environment.Job instance at 0x7f059219ac80>,6,28,[5 2],7,31,59,24,30
1,<environment.Job instance at 0x7f059219ab90>,7,28,[13  5],8,59,87,51,58
1,<environment.Job instance at 0x7f05923d55f0>,10,22,[5 6],11,87,109,76,80
1,<environment.Job instance at 0x7f0594bbab40>,21,25,[7 3],22,116,141,94,116
1,<environment.Job instance at 0x7f0594bba370>,22,20,[2 8],23,116,136,93,116
1,<environment.Job instance at 0x7f0594bbacd0>,23,27,[ 5 13],24,141,168,117,139
1,<environment.Job instance at 0x7f0594816d20>,26,21,[5 4],27,168,189,141,160
1,<environment.Job instance at 0x7f059207da50>,0,26,[14  4],1,1,27,0,1
1,<environment.Job instance at 0x7f0594b7dd20>,4,24,[9 2],5,27,51,22,22
1,<environment.Job instance at 0x7f0591f1aaf0>,7,27,[2 7],8,27,54,19,25
1,<environment.Job instance at 0x7f0594737d70>,10,22,[1 8],11,51,73,40,44
1,<environment.Job instance at 0x7f0591f09f00>,11,28,[ 3 12],12,73,101,61,72
1,<environment.Job instance at 0x7f0591f09910>,12,24,[ 4 10],13,101,125,88,96
1,<environment.Job instance at 0x7f0591f09d20>,13,25,[11  2],14,96,121,82,96
1,<environment.Job instance at 0x7f0592500640>,0,25,[7 5],1,1,26,0,1
1,<environment.Job instance at 0x7f05925002d0>,1,21,[7 5],2,2,23,0,2
1,<environment.Job instance at 0x7f054c66c460>,5,28,[8 5],6,23,51,17,22
1,<environment.Job instance at 0x7f054c66ceb0>,7,23,[8 4],8,51,74,43,45
1,<environment.Job instance at 0x7f054c66c410>,4,23,[9 4],5,74,97,69,68
1,<environment.Job instance at 0x7f05947ac500>,13,20,[9 4],14,97,117,83,88
1,<environment.Job instance at 0x7f05947acd70>,14,20,[5 1],15,88,108,73,88
1,<environment.Job instance at 0x7f05947acf00>,18,25,[12  1],19,117,142,98,113
1,<environment.Job instance at 0x7f05947ac5f0>,22,24,[9 5],23,142,166,119,137
1,<environment.Job instance at 0x7f05947ac910>,21,19,[ 4 11],22,166,185,144,157
1,<environment.Job instance at 0x7f0592152c80>,31,27,[ 2 11],32,185,212,153,183
1,<environment.Job instance at 0x7f059214cb40>,0,25,[14  5],1,1,26,0,1
1,<environment.Job instance at 0x7f054c62fdc0>,2,28,[7 1],3,26,54,23,25
1,<environment.Job instance at 0x7f0594bed500>,6,26,[3 8],7,26,52,19,25
1,<environment.Job instance at 0x7f0594bedcd0>,7,26,[10  5],8,54,80,46,51
1,<environment.Job instance at 0x7f054c62fa00>,1,2,[ 2 12],2,80,82,78,63
1,<environment.Job instance at 0x7f0594892af0>,10,24,[1 6],11,82,106,71,77
1,<environment.Job instance at 0x7f059204c870>,12,24,[5 8],13,82,106,69,77
1,<environment.Job instance at 0x7f059204cb40>,14,22,[7 2],15,106,128,91,99
1,<environment.Job instance at 0x7f054c2eafa0>,17,21,[4 9],18,106,127,88,99
1,<environment.Job instance at 0x7f054c66aeb0>,18,21,[ 5 14],19,128,149,109,120
1,<environment.Job instance at 0x7f0591fad0a0>,19,21,[ 4 11],20,149,170,129,141
1,<environment.Job instance at 0x7f05921afeb0>,21,23,[8 4],22,149,172,127,143
1,<environment.Job instance at 0x7f05921af1e0>,23,20,[5 7],24,170,190,146,161
1,<environment.Job instance at 0x7f054c483780>,27,24,[6 2],28,172,196,144,167
1,<environment.Job instance at 0x7f054c48e550>,29,25,[8 3],30,190,215,160,186
1,<environment.Job instance at 0x7f054c7f7780>,37,20,[ 5 13],38,216,236,178,216
1,<environment.Job instance at 0x7f0591f41550>,41,27,[6 4],42,236,263,194,234
1,<environment.Job instance at 0x7f0591f41190>,42,25,[6 1],43,234,259,191,234
1,<environment.Job instance at 0x7f0591f41870>,43,23,[5 5],44,259,282,215,253
1,<environment.Job instance at 0x7f0591f41370>,44,28,[8 5],45,263,291,218,262
1,<environment.Job instance at 0x7f059243ae60>,30,15,[11  1],31,436,451,405,436
1,<environment.Job instance at 0x7f0591f413c0>,47,23,[10  2],48,451,474,403,445
1,<environment.Job instance at 0x7f0591f41820>,48,21,[10  3],49,474,495,425,466
1,<environment.Job instance at 0x7f0591f41280>,49,17,[14  1],50,905,922,855,905
1,<environment.Job instance at 0x7f0591f41c30>,50,15,[ 1 12],51,2084,2099,2033,2084
1,<environment.Job instance at 0x7f0591f41690>,51,19,[2 9],52,2099,2118,2047,2089
1,<environment.Job instance at 0x7f0591f410f0>,53,20,[ 1 10],54,2118,2138,2064,2109
1,<environment.Job instance at 0x7f054c5ee2d0>,55,25,[5 3],56,2109,2134,2053,2109
1,<environment.Job instance at 0x7f054c5eef50>,60,27,[ 2 10],61,2138,2165,2077,2136
1,<environment.Job instance at 0x7f05923ab370>,0,25,[5 8],1,1,26,0,1
1,<environment.Job instance at 0x7f0591e40be0>,8,24,[11  3],9,26,50,17,21
1,<environment.Job instance at 0x7f0591e40d20>,12,25,[1 8],13,26,51,13,25
1,<environment.Job instance at 0x7f0591e40cd0>,10,26,[ 1 12],11,51,77,40,48
1,<environment.Job instance at 0x7f0591e40dc0>,13,27,[ 3 12],14,77,104,63,75
1,<environment.Job instance at 0x7f0591e69050>,17,28,[11  4],18,104,132,86,103
1,<environment.Job instance at 0x7f0591e69140>,18,26,[5 7],19,132,158,113,129
1,<environment.Job instance at 0x7f0591f61190>,1,24,[10  2],2,2,26,0,2
1,<environment.Job instance at 0x7f0591f61460>,7,21,[12  1],8,26,47,18,18
1,<environment.Job instance at 0x7f0591f612d0>,5,19,[11  3],6,47,66,41,47
1,<environment.Job instance at 0x7f054c6ea230>,9,26,[1 9],10,47,73,37,47
1,<environment.Job instance at 0x7f054c2e8e60>,12,26,[13  5],13,66,92,53,63
1,<environment.Job instance at 0x7f054c2e88c0>,13,25,[13  3],14,92,117,78,88
1,<environment.Job instance at 0x7f054c2e8aa0>,14,22,[ 5 10],15,117,139,102,110
1,<environment.Job instance at 0x7f0591e691e0>,3,3,[ 2 14],4,176,179,172,176
1,<environment.Job instance at 0x7f05922ee640>,17,26,[3 8],18,179,205,161,177
1,<environment.Job instance at 0x7f054c4f2280>,0,20,[4 8],1,1,21,0,1
1,<environment.Job instance at 0x7f05922ee640>,2,27,[2 9],3,21,48,18,19
1,<environment.Job instance at 0x7f059233cdc0>,7,23,[10  1],8,19,42,11,19
1,<environment.Job instance at 0x7f059233cb40>,8,22,[8 1],9,42,64,33,35
1,<environment.Job instance at 0x7f054c525f00>,11,27,[3 9],12,48,75,36,46
1,<environment.Job instance at 0x7f054c5252d0>,12,28,[3 8],13,75,103,62,74
1,<environment.Job instance at 0x7f05947d4e60>,13,23,[ 5 10],14,103,126,89,97
1,<environment.Job instance at 0x7f054c99a2d0>,16,1,[ 4 13],17,126,127,109,98
1,<environment.Job instance at 0x7f054c46f6e0>,5,22,[3 6],6,6,28,0,6
1,<environment.Job instance at 0x7f0591ec6190>,9,20,[11  5],10,10,30,0,10
1,<environment.Job instance at 0x7f054c3314b0>,13,27,[ 1 10],14,28,55,14,26
1,<environment.Job instance at 0x7f05923f3140>,15,25,[ 5 11],16,55,80,39,51
1,<environment.Job instance at 0x7f05923df6e0>,19,28,[6 3],20,55,83,35,55
1,<environment.Job instance at 0x7f054c9d8d20>,2,19,[ 2 12],3,80,99,77,79
1,<environment.Job instance at 0x7f05923fca50>,23,23,[4 5],24,99,122,75,93
1,<environment.Job instance at 0x7f05923fc320>,26,22,[ 2 12],27,122,144,95,115
1,<environment.Job instance at 0x7f05923df7d0>,22,19,[ 3 12],23,144,163,121,142
1,<environment.Job instance at 0x7f05923fcf00>,28,28,[11  4],29,163,191,134,162
1,<environment.Job instance at 0x7f0592352190>,1,28,[5 5],2,2,30,0,2
1,<environment.Job instance at 0x7f05948314b0>,4,21,[4 8],5,5,26,0,5
1,<environment.Job instance at 0x7f054c6def00>,9,26,[1 9],10,26,52,16,23
1,<environment.Job instance at 0x7f054c6de050>,10,28,[9 3],11,30,58,19,29
1,<environment.Job instance at 0x7f054c6dee10>,12,28,[5 3],13,34,62,21,34
1,<environment.Job instance at 0x7f054c6de960>,14,20,[4 9],15,58,78,43,50
1,<environment.Job instance at 0x7f054c6de140>,15,1,[ 3 13],16,78,79,62,54
1,<environment.Job instance at 0x7f054c6de7d0>,16,22,[ 2 11],17,79,101,62,74
1,<environment.Job instance at 0x7f054c6dec30>,17,24,[ 2 13],18,101,125,83,96
1,<environment.Job instance at 0x7f054c53a780>,21,20,[5 4],22,125,145,103,116
1,<environment.Job instance at 0x7f0592166460>,25,20,[14  4],26,145,165,119,136
1,<environment.Job instance at 0x7f0592166b40>,29,27,[4 9],30,165,192,135,163
1,<environment.Job instance at 0x7f05921662d0>,27,2,[14  4],28,192,194,164,168
1,<environment.Job instance at 0x7f0592166230>,26,22,[ 1 14],27,194,216,167,187
1,<environment.Job instance at 0x7f054c6de410>,8,3,[ 2 11],9,216,219,207,210
1,<environment.Job instance at 0x7f0592166a00>,34,1,[14  4],35,219,220,184,210
1,<environment.Job instance at 0x7f0592166050>,35,2,[14  4],36,220,222,184,210
1,<environment.Job instance at 0x7f054c872e10>,36,24,[2 9],37,222,246,185,217
1,<environment.Job instance at 0x7f0592166c80>,33,12,[14  2],34,309,321,275,309
1,<environment.Job instance at 0x7f0594db80a0>,1,22,[10  4],2,2,24,0,2
1,<environment.Job instance at 0x7f05924f8500>,6,26,[14  4],7,24,50,17,21
1,<environment.Job instance at 0x7f0594a204b0>,8,23,[ 1 11],9,21,44,12,21
1,<environment.Job instance at 0x7f0594b88c80>,13,22,[4 8],14,50,72,36,43
1,<environment.Job instance at 0x7f0594b88dc0>,14,1,[9 5],15,50,51,35,46
1,<environment.Job instance at 0x7f0594b88370>,16,22,[4 7],17,51,73,34,46
1,<environment.Job instance at 0x7f0592473500>,18,22,[3 5],19,72,94,53,65
1,<environment.Job instance at 0x7f0594b88320>,19,1,[3 9],20,73,74,53,65
1,<environment.Job instance at 0x7f05924f8550>,4,25,[ 1 14],5,94,119,89,90
1,<environment.Job instance at 0x7f0594a688c0>,29,28,[1 7],30,119,147,89,118
1,<environment.Job instance at 0x7f0594a68730>,28,3,[14  3],29,191,194,162,191
1,<environment.Job instance at 0x7f059243a550>,0,24,[7 1],1,1,25,0,1
1,<environment.Job instance at 0x7f0594a68d70>,1,21,[1 9],2,2,23,0,2
1,<environment.Job instance at 0x7f059243afa0>,5,27,[ 4 13],6,23,50,17,21
1,<environment.Job instance at 0x7f054c6436e0>,14,22,[8 2],15,39,61,24,39
1,<environment.Job instance at 0x7f054c643780>,15,27,[4 9],16,50,77,34,48
1,<environment.Job instance at 0x7f054c6438c0>,17,19,[ 1 11],18,77,96,59,67
1,<environment.Job instance at 0x7f054c643aa0>,20,28,[5 4],21,67,95,46,67
1,<environment.Job instance at 0x7f054c6433c0>,9,17,[11  1],10,119,136,109,119
1,<environment.Job instance at 0x7f054c643e60>,26,3,[12  1],27,136,139,109,120
1,<environment.Job instance at 0x7f054c6360a0>,29,21,[12  4],30,139,160,109,131
1,<environment.Job instance at 0x7f0594a7b0a0>,0,20,[4 7],1,1,21,0,1
1,<environment.Job instance at 0x7f0594a7bbe0>,5,28,[7 3],6,6,34,0,6
1,<environment.Job instance at 0x7f054c636230>,1,21,[13  2],2,34,55,32,26
1,<environment.Job instance at 0x7f05945e8500>,11,22,[ 1 10],12,27,49,15,27
1,<environment.Job instance at 0x7f05945e8050>,12,28,[13  5],13,55,83,42,54
1,<environment.Job instance at 0x7f0594813140>,13,23,[9 3],14,83,106,69,77
1,<environment.Job instance at 0x7f0594813d20>,18,19,[13  3],19,106,125,87,105
1,<environment.Job instance at 0x7f0594813820>,19,25,[ 3 13],20,125,150,105,121
1,<environment.Job instance at 0x7f054c4c3410>,20,19,[10  2],21,125,144,104,121
1,<environment.Job instance at 0x7f054c43e3c0>,22,22,[4 7],23,150,172,127,143
1,<environment.Job instance at 0x7f0591e30550>,23,22,[10  4],24,150,172,126,143
1,<environment.Job instance at 0x7f054c8fa730>,24,22,[1 5],25,172,194,147,165
1,<environment.Job instance at 0x7f05923e87d0>,2,25,[10  2],3,3,28,0,3
1,<environment.Job instance at 0x7f059230ce10>,8,23,[1 9],9,9,32,0,9
1,<environment.Job instance at 0x7f054c019a00>,10,22,[5 8],11,32,54,21,25
1,<environment.Job instance at 0x7f054c019690>,13,20,[3 9],14,54,74,40,45
1,<environment.Job instance at 0x7f05923d5280>,0,24,[7 4],1,1,25,0,1
1,<environment.Job instance at 0x7f0592105c30>,6,24,[14  1],7,25,49,18,20
1,<environment.Job instance at 0x7f0592105410>,7,25,[10  3],8,49,74,41,45
1,<environment.Job instance at 0x7f0592105a00>,8,27,[7 2],9,74,101,65,72
1,<environment.Job instance at 0x7f05921051e0>,9,22,[6 3],10,74,96,64,72
1,<environment.Job instance at 0x7f0592105820>,12,25,[5 6],13,96,121,83,92
1,<environment.Job instance at 0x7f0592116190>,16,23,[ 2 11],17,121,144,104,115
1,<environment.Job instance at 0x7f05921160a0>,18,28,[5 5],19,144,172,125,143
1,<environment.Job instance at 0x7f059722b190>,2,19,[ 4 13],3,172,191,169,162
1,<environment.Job instance at 0x7f0592116be0>,21,21,[13  4],22,191,212,169,183
1,<environment.Job instance at 0x7f0592116b40>,23,21,[6 5],24,212,233,188,204
1,<environment.Job instance at 0x7f059211d280>,27,26,[ 1 10],28,204,230,176,204
1,<environment.Job instance at 0x7f059211dcd0>,29,19,[4 5],30,230,249,200,220
1,<environment.Job instance at 0x7f0592132640>,32,1,[10  1],33,233,234,200,220
1,<environment.Job instance at 0x7f059760b4b0>,33,21,[2 5],34,234,255,200,226
1,<environment.Job instance at 0x7f0592132500>,34,1,[ 3 14],35,255,256,220,227
1,<environment.Job instance at 0x7f0592132d20>,35,23,[ 1 12],36,256,279,220,250
1,<environment.Job instance at 0x7f05923a1410>,37,28,[ 1 13],38,279,307,241,278
1,<environment.Job instance at 0x7f05922c11e0>,40,26,[ 4 13],41,307,333,266,304
1,<environment.Job instance at 0x7f05922c1640>,41,24,[5 3],42,333,357,291,328
1,<environment.Job instance at 0x7f05922c14b0>,42,24,[6 2],43,328,352,285,328
1,<environment.Job instance at 0x7f0592105be0>,4,19,[ 4 14],5,515,534,510,515
1,<environment.Job instance at 0x7f054c028a50>,3,24,[7 4],4,4,28,0,4
1,<environment.Job instance at 0x7f054c97f370>,7,1,[ 3 10],8,8,9,0,8
1,<environment.Job instance at 0x7f054c17f730>,9,1,[5 4],10,10,11,0,10
1,<environment.Job instance at 0x7f054c75bb40>,10,22,[1 8],11,11,33,0,11
1,<environment.Job instance at 0x7f054c945a50>,14,20,[12  1],15,28,48,13,27
1,<environment.Job instance at 0x7f054c0973c0>,17,25,[10  2],18,48,73,30,44
1,<environment.Job instance at 0x7f059254dc80>,22,24,[9 4],23,73,97,50,68
1,<environment.Job instance at 0x7f0591fafe60>,16,24,[ 3 14],17,97,121,80,92
1,<environment.Job instance at 0x7f0594791eb0>,25,28,[14  4],26,121,149,95,120
1,<environment.Job instance at 0x7f054c319f50>,2,28,[8 5],3,3,31,0,3
1,<environment.Job instance at 0x7f054c150b40>,11,19,[ 2 12],12,31,50,19,21
1,<environment.Job instance at 0x7f0594ab1500>,0,21,[9 1],1,1,22,0,1
1,<environment.Job instance at 0x7f0594ab1e10>,2,23,[4 8],3,3,26,0,3
1,<environment.Job instance at 0x7f054c5e6870>,3,26,[6 1],4,22,48,18,19
1,<environment.Job instance at 0x7f054c618960>,8,27,[13  2],9,48,75,39,46
1,<environment.Job instance at 0x7f0594aa8280>,9,27,[9 3],10,75,102,65,73
1,<environment.Job instance at 0x7f054c51e140>,12,1,[8 3],13,102,103,89,74
1,<environment.Job instance at 0x7f054c4212d0>,15,2,[8 4],16,103,105,87,76
1,<environment.Job instance at 0x7f0594a93f00>,25,24,[9 2],26,2901,2925,2875,2901
1,<environment.Job instance at 0x7f39c54a4370>,4,24,[ 3 11],5,5,29,0,5
1,<environment.Job instance at 0x7f39c54a46e0>,8,24,[ 2 10],9,29,53,20,24
1,<environment.Job instance at 0x7f39c54a49b0>,14,21,[ 3 11],15,53,74,38,45
1,<environment.Job instance at 0x7f39c54a4af0>,15,20,[3 5],16,74,94,58,65
1,<environment.Job instance at 0x7f39c54a4dc0>,19,21,[8 5],20,74,95,54,71
1,<environment.Job instance at 0x7f39c54a4eb0>,21,22,[8 2],22,95,117,73,88
1,<environment.Job instance at 0x7f39c54a7410>,24,2,[ 3 12],25,95,97,70,94
1,<environment.Job instance at 0x7f39c54a7190>,26,20,[4 8],27,97,117,70,95
1,<environment.Job instance at 0x7f39c54a7460>,27,25,[14  4],28,117,142,89,113
1,<environment.Job instance at 0x7f39c54a78c0>,34,20,[5 3],35,142,162,107,133
1,<environment.Job instance at 0x7f39c54a4f50>,20,21,[13  5],21,162,183,141,154
1,<environment.Job instance at 0x7f39c54a7be0>,39,23,[4 6],40,183,206,143,177
1,<environment.Job instance at 0x7f39c54a7e60>,43,21,[ 2 12],44,206,227,162,198
1,<environment.Job instance at 0x7f39c54a7fa0>,44,26,[8 4],45,227,253,182,224
1,<environment.Job instance at 0x7f39c54aa140>,46,2,[ 1 10],47,234,236,187,234
1,<environment.Job instance at 0x7f397f8950f0>,3,20,[14  2],4,4,24,0,4
1,<environment.Job instance at 0x7f39c54b1730>,1,25,[5 1],2,2,27,0,2
1,<environment.Job instance at 0x7f397f7186e0>,5,24,[9 3],6,6,30,0,6
1,<environment.Job instance at 0x7f39caa196e0>,8,24,[ 2 13],9,30,54,21,25
1,<environment.Job instance at 0x7f397f6e90a0>,9,3,[ 2 14],10,54,57,44,54
1,<environment.Job instance at 0x7f397f6e9690>,12,22,[4 8],13,57,79,44,54
1,<environment.Job instance at 0x7f397f6e95f0>,15,24,[6 1],16,54,78,38,54
1,<environment.Job instance at 0x7f397f8774b0>,18,19,[ 5 13],19,82,101,63,82
1,<environment.Job instance at 0x7f39ca8dd0a0>,22,26,[5 3],23,101,127,78,98
1,<environment.Job instance at 0x7f39c55d60a0>,0,21,[5 6],1,1,22,0,1
1,<environment.Job instance at 0x7f39c5953e60>,3,23,[10  3],4,4,27,0,4
1,<environment.Job instance at 0x7f39c9de20a0>,5,26,[14  5],6,27,53,21,24
1,<environment.Job instance at 0x7f39c5706c30>,12,28,[12  4],13,53,81,40,52
1,<environment.Job instance at 0x7f39c5529af0>,4,24,[4 8],5,81,105,76,76
1,<environment.Job instance at 0x7f39c57062d0>,13,1,[11  1],14,81,82,67,76
1,<environment.Job instance at 0x7f39c56f3be0>,16,2,[4 9],17,105,107,88,78
1,<environment.Job instance at 0x7f39c5728820>,17,28,[7 5],18,82,110,64,81
1,<environment.Job instance at 0x7f39c562e320>,20,21,[9 1],21,110,131,89,102
1,<environment.Job instance at 0x7f39c585d190>,23,24,[1 9],24,107,131,83,102
1,<environment.Job instance at 0x7f39c57015f0>,24,25,[ 3 10],25,131,156,106,127
1,<environment.Job instance at 0x7f39c56f8500>,30,28,[7 2],31,131,159,100,131
1,<environment.Job instance at 0x7f39c56f8c80>,31,20,[8 3],32,156,176,124,147
1,<environment.Job instance at 0x7f39c54ec140>,32,25,[5 7],33,159,184,126,155
1,<environment.Job instance at 0x7f39c5491a00>,35,21,[ 5 13],36,184,205,148,176
1,<environment.Job instance at 0x7f39c55c33c0>,40,23,[7 1],41,180,203,139,180
1,<environment.Job instance at 0x7f39c55c3320>,39,22,[12  5],40,205,227,165,198
1,<environment.Job instance at 0x7f39c5611320>,47,24,[10  2],48,227,251,179,222
1,<environment.Job instance at 0x7f39c58d45f0>,29,18,[11  5],30,740,758,710,740
1,<environment.Job instance at 0x7f39c54fa0a0>,52,25,[11  2],53,758,783,705,754
1,<environment.Job instance at 0x7f397fba10f0>,7,1,[8 1],8,8,9,0,8
1,<environment.Job instance at 0x7f397fba1c30>,6,2,[13  3],7,17,19,10,17
1,<environment.Job instance at 0x7f397fb89af0>,12,20,[4 5],13,19,39,6,17
1,<environment.Job instance at 0x7f397fd5c6e0>,13,23,[6 5],14,19,42,5,17
1,<environment.Job instance at 0x7f397fdf1960>,16,27,[4 6],17,39,66,22,37
1,<environment.Job instance at 0x7f397fb7b280>,19,21,[9 2],20,42,63,22,40
1,<environment.Job instance at 0x7f397fb7b8c0>,20,22,[ 3 12],21,66,88,45,59
1,<environment.Job instance at 0x7f397fb8de60>,22,22,[9 1],23,77,99,54,77
1,<environment.Job instance at 0x7f39c58cd2d0>,15,2,[ 5 13],16,96,98,80,96
1,<environment.Job instance at 0x7f397fb8d780>,28,22,[8 4],29,118,140,89,118
1,<environment.Job instance at 0x7f397fb8d050>,31,22,[7 5],32,121,143,89,121
1,<environment.Job instance at 0x7f39c58db460>,1,26,[13  1],2,2,28,0,2
1,<environment.Job instance at 0x7f39c9d48960>,6,25,[3 9],7,28,53,21,24
1,<environment.Job instance at 0x7f39c5624e60>,13,18,[1 5],14,41,59,27,41
1,<environment.Job instance at 0x7f39c56240f0>,15,19,[4 5],16,53,72,37,43
1,<environment.Job instance at 0x7f39c9d48eb0>,4,19,[ 5 13],5,81,100,76,81
1,<environment.Job instance at 0x7f39c9fecd20>,25,23,[9 4],26,100,123,74,94
1,<environment.Job instance at 0x7f39ca1f98c0>,26,21,[8 2],27,123,144,96,115
1,<environment.Job instance at 0x7f39ca1f9cd0>,27,21,[ 5 13],28,123,144,95,115
1,<environment.Job instance at 0x7f39ca3dc870>,32,28,[10  3],33,144,172,111,143
1,<environment.Job instance at 0x7f39ca3dcf50>,33,28,[10  4],34,172,200,138,171
1,<environment.Job instance at 0x7f39ca3dcb90>,35,25,[5 7],36,171,196,135,171
1,<environment.Job instance at 0x7f39c52c6b90>,42,28,[3 8],43,207,235,164,207
1,<environment.Job instance at 0x7f39c9d65be0>,0,27,[ 2 10],1,1,28,0,1
1,<environment.Job instance at 0x7f39c9de20a0>,5,28,[ 2 14],6,28,56,22,27
1,<environment.Job instance at 0x7f39c9de2cd0>,6,28,[5 1],7,27,55,20,27
1,<environment.Job instance at 0x7f39c9de2910>,7,22,[8 3],8,56,78,48,49
1,<environment.Job instance at 0x7f39c9de28c0>,9,21,[ 1 11],10,57,78,47,57
1,<environment.Job instance at 0x7f39c9de27d0>,10,21,[9 1],11,78,99,67,70
1,<environment.Job instance at 0x7f39c562e910>,11,21,[8 2],12,99,120,87,91
1,<environment.Job instance at 0x7f39c9de2eb0>,13,21,[8 3],14,120,141,106,112
1,<environment.Job instance at 0x7f39c9d34960>,15,26,[2 9],16,112,138,96,112
1,<environment.Job instance at 0x7f397f900b90>,3,2,[ 1 13],4,141,143,137,136
1,<environment.Job instance at 0x7f39c5747910>,19,27,[ 4 13],20,143,170,123,141
1,<environment.Job instance at 0x7f39c59181e0>,1,23,[3 6],2,2,25,0,2
1,<environment.Job instance at 0x7f39c5747910>,4,23,[2 6],5,5,28,0,5
1,<environment.Job instance at 0x7f39c5236320>,8,24,[9 2],9,9,33,0,9
1,<environment.Job instance at 0x7f39c5212eb0>,7,22,[6 5],8,28,50,20,21
1,<environment.Job instance at 0x7f39c5236690>,13,2,[12  2],14,50,52,36,24
1,<environment.Job instance at 0x7f397f71dc80>,0,19,[6 4],1,1,20,0,1
1,<environment.Job instance at 0x7f39c535f730>,8,22,[6 4],9,9,31,0,9
1,<environment.Job instance at 0x7f397faf6fa0>,12,23,[12  3],13,31,54,18,25
1,<environment.Job instance at 0x7f397faf6b40>,13,28,[4 7],14,54,82,40,53
1,<environment.Job instance at 0x7f39ca1b1550>,17,24,[1 7],18,54,78,36,54
1,<environment.Job instance at 0x7f39c5385a00>,21,23,[13  4],22,82,105,60,76
1,<environment.Job instance at 0x7f39c5385fa0>,23,26,[1 9],24,82,108,58,79
1,<environment.Job instance at 0x7f39c9cc35f0>,25,22,[ 2 10],26,108,130,82,101
1,<environment.Job instance at 0x7f39c5794a50>,5,20,[ 4 10],6,6,26,0,6
1,<environment.Job instance at 0x7f397fcf5640>,11,24,[ 4 11],12,26,50,14,24
1,<environment.Job instance at 0x7f397f855aa0>,12,24,[4 8],13,50,74,37,45
1,<environment.Job instance at 0x7f397f855730>,13,21,[9 5],14,50,71,36,45
1,<environment.Job instance at 0x7f397f73fbe0>,14,25,[5 4],15,71,96,56,67
1,<environment.Job instance at 0x7f397f855cd0>,15,2,[3 5],16,74,76,58,67
1,<environment.Job instance at 0x7f397f8fb410>,0,19,[ 4 11],1,81,100,80,81
1,<environment.Job instance at 0x7f39ca162a00>,19,26,[8 5],20,100,126,80,97
1,<environment.Job instance at 0x7f39c5895eb0>,20,20,[9 5],21,126,146,105,117
1,<environment.Job instance at 0x7f39c58cd690>,25,2,[7 5],26,185,187,159,185
1,<environment.Job instance at 0x7f39ca11da50>,27,23,[6 2],28,229,252,201,229
1,<environment.Job instance at 0x7f39c5261640>,22,18,[12  1],23,1346,1364,1323,1346
1,<environment.Job instance at 0x7f39c9ec60f0>,29,3,[ 1 12],30,1351,1354,1321,1351
1,<environment.Job instance at 0x7f39c55b6e60>,1,28,[9 4],2,2,30,0,2
1,<environment.Job instance at 0x7f39c9ec6dc0>,2,28,[13  4],3,30,58,27,29
1,<environment.Job instance at 0x7f39c56db690>,7,20,[ 5 10],8,58,78,50,49
1,<environment.Job instance at 0x7f397f9e30f0>,11,19,[3 5],12,58,77,46,49
1,<environment.Job instance at 0x7f39c5802730>,15,23,[ 4 10],16,78,101,62,72
1,<environment.Job instance at 0x7f397f694e60>,21,14,[14  1],22,1667,1681,1645,1667
1,<environment.Job instance at 0x7f397f66d1e0>,22,24,[8 5],23,1681,1705,1658,1676
1,<environment.Job instance at 0x7f397f6a0af0>,23,3,[14  5],24,1705,1708,1681,1679
1,<environment.Job instance at 0x7f397fa85cd0>,0,22,[1 6],1,1,23,0,1
1,<environment.Job instance at 0x7f397f6cff50>,5,24,[5 2],6,6,30,0,6
1,<environment.Job instance at 0x7f39ca011960>,7,22,[ 4 10],8,23,45,15,16
1,<environment.Job instance at 0x7f39ca22a370>,4,23,[5 5],5,5,28,0,5
1,<environment.Job instance at 0x7f397fadb730>,0,25,[5 8],1,1,26,0,1
1,<environment.Job instance at 0x7f397f4a97d0>,1,28,[3 6],2,2,30,0,2
1,<environment.Job instance at 0x7f39c5399820>,6,28,[5 3],7,26,54,19,25
1,<environment.Job instance at 0x7f39c5399960>,7,23,[10  1],8,30,53,22,25
1,<environment.Job instance at 0x7f39c5399a00>,8,21,[7 1],9,53,74,44,45
1,<environment.Job instance at 0x7f39c5399b40>,10,24,[11  2],11,74,98,63,69
1,<environment.Job instance at 0x7f39c5399f00>,15,24,[7 2],16,98,122,82,93
1,<environment.Job instance at 0x7f39c53ad0f0>,17,27,[5 1],18,98,125,80,96
1,<environment.Job instance at 0x7f39c53ad050>,18,22,[10  5],19,122,144,103,115
1,<environment.Job instance at 0x7f39c53ad1e0>,20,20,[4 7],21,125,145,104,116
1,<environment.Job instance at 0x7f39c53ad640>,25,28,[7 3],26,144,172,118,143
1,<environment.Job instance at 0x7f39c53ad280>,21,21,[13  2],22,172,193,150,164
1,<environment.Job instance at 0x7f39c53ad870>,29,20,[1 6],30,164,184,134,164
1,<environment.Job instance at 0x7f39c53ada50>,31,22,[ 1 10],32,184,206,152,177
1,<environment.Job instance at 0x7f39c53adaf0>,32,28,[13  5],33,193,221,160,192
1,<environment.Job instance at 0x7f39c53adb90>,33,23,[9 3],34,221,244,187,215
1,<environment.Job instance at 0x7f397fcd6b90>,1,20,[4 7],2,2,22,0,2
1,<environment.Job instance at 0x7f39c9e6a190>,3,21,[5 1],4,4,25,0,4
1,<environment.Job instance at 0x7f39c53add70>,4,27,[2 7],5,5,32,0,5
1,<environment.Job instance at 0x7f39ca0545f0>,12,25,[10  2],13,25,50,12,21
1,<environment.Job instance at 0x7f39c5321640>,0,24,[7 4],1,1,25,0,1
1,<environment.Job instance at 0x7f39c5321690>,7,25,[10  3],8,25,50,17,21
1,<environment.Job instance at 0x7f39c9cd0f00>,8,27,[7 2],9,50,77,41,48
1,<environment.Job instance at 0x7f39c9cd0a50>,9,22,[6 3],10,50,72,40,48
1,<environment.Job instance at 0x7f39c5321b90>,6,24,[14  1],7,77,101,70,72
1,<environment.Job instance at 0x7f39c9cd00f0>,12,25,[5 6],13,101,126,88,97
1,<environment.Job instance at 0x7f39c9ec47d0>,16,23,[ 2 11],17,126,149,109,120
1,<environment.Job instance at 0x7f39c9ec4b40>,18,28,[5 5],19,149,177,130,148
1,<environment.Job instance at 0x7f39c9ec43c0>,21,21,[13  4],22,177,198,155,169
1,<environment.Job instance at 0x7f39c9ec49b0>,23,21,[6 5],24,198,219,174,190
1,<environment.Job instance at 0x7f39c5321e10>,2,19,[ 4 13],3,219,238,216,209
1,<environment.Job instance at 0x7f39c59554b0>,27,26,[ 1 10],28,238,264,210,235
1,<environment.Job instance at 0x7f39c59552d0>,33,21,[2 5],34,238,259,204,236
1,<environment.Job instance at 0x7f39c5955cd0>,34,1,[ 3 14],35,264,265,229,257
1,<environment.Job instance at 0x7f39c5955f50>,35,23,[ 1 12],36,265,288,229,259
1,<environment.Job instance at 0x7f39c5955820>,37,28,[ 1 13],38,288,316,250,287
1,<environment.Job instance at 0x7f39c5955370>,40,26,[ 4 13],41,316,342,275,313
1,<environment.Job instance at 0x7f397f7106e0>,41,24,[5 3],42,342,366,300,337
1,<environment.Job instance at 0x7f397f710960>,42,24,[6 2],43,337,361,294,337
1,<environment.Job instance at 0x7f39c5321af0>,4,19,[ 4 14],5,502,521,497,502
1,<environment.Job instance at 0x7f397fdcc9b0>,0,22,[1 8],1,1,23,0,1
1,<environment.Job instance at 0x7f397fdcc280>,6,24,[ 3 14],7,23,47,16,18
1,<environment.Job instance at 0x7f39c53bde60>,7,25,[10  2],8,47,72,39,43
1,<environment.Job instance at 0x7f39c53bd640>,12,24,[9 4],13,72,96,59,67
1,<environment.Job instance at 0x7f39c53bdbe0>,15,28,[14  4],16,96,124,80,95
1,<environment.Job instance at 0x7f397fdcceb0>,4,20,[12  1],5,124,144,119,117
1,<environment.Job instance at 0x7f397f57b500>,1,20,[14  5],2,2,22,0,2
1,<environment.Job instance at 0x7f39ca21c690>,9,25,[5 5],10,22,47,12,18
1,<environment.Job instance at 0x7f39ca21cf50>,11,28,[1 5],12,23,51,11,23
1,<environment.Job instance at 0x7f39ca21c8c0>,12,2,[ 5 11],13,51,53,38,51
1,<environment.Job instance at 0x7f39ca21c2d0>,15,20,[5 3],16,52,72,36,52
1,<environment.Job instance at 0x7f397f9f8dc0>,16,28,[7 1],17,53,81,36,52
1,<environment.Job instance at 0x7f39c564f2d0>,18,27,[ 1 10],19,57,84,38,57
1,<environment.Job instance at 0x7f397f904be0>,5,19,[11  5],6,83,102,77,83
1,<environment.Job instance at 0x7f397f74c190>,21,23,[1 8],22,84,107,62,83
1,<environment.Job instance at 0x7f39c9f6d460>,0,22,[8 5],1,1,23,0,1
1,<environment.Job instance at 0x7f39c9f6d190>,1,27,[6 5],2,2,29,0,2
1,<environment.Job instance at 0x7f39ca443fa0>,2,28,[13  5],3,29,57,26,28
1,<environment.Job instance at 0x7f39ca443370>,4,27,[6 2],5,57,84,52,55
1,<environment.Job instance at 0x7f39ca443410>,11,28,[12  1],12,84,112,72,83
1,<environment.Job instance at 0x7f397faf5c30>,16,24,[10  4],17,112,136,95,107
1,<environment.Job instance at 0x7f397faf5eb0>,18,23,[ 2 14],19,136,159,117,130
1,<environment.Job instance at 0x7f397faf5e10>,21,28,[5 8],22,159,187,137,158
1,<environment.Job instance at 0x7f397faf5550>,20,25,[3 5],21,159,184,138,158
1,<environment.Job instance at 0x7f397faf5a00>,28,21,[8 1],29,184,205,155,176
1,<environment.Job instance at 0x7f397faf5460>,29,24,[1 6],30,184,208,154,179
1,<environment.Job instance at 0x7f397fe13550>,34,1,[7 2],35,205,206,170,195
1,<environment.Job instance at 0x7f397fe13230>,35,25,[9 5],36,206,231,170,202
1,<environment.Job instance at 0x7f397fe13eb0>,37,28,[5 8],38,208,236,170,207
1,<environment.Job instance at 0x7f397fe138c0>,36,2,[ 1 13],37,236,238,199,227
1,<environment.Job instance at 0x7f397fe13c80>,40,20,[ 2 10],41,238,258,197,229
1,<environment.Job instance at 0x7f397fe13280>,42,26,[10  5],43,238,264,195,235
1,<environment.Job instance at 0x7f39ca27af50>,6,22,[ 4 10],7,7,29,0,7
1,<environment.Job instance at 0x7f39ca27aaa0>,10,26,[3 5],11,11,37,0,11
1,<environment.Job instance at 0x7f39ca27a730>,12,23,[10  2],13,29,52,16,24
1,<environment.Job instance at 0x7f39ca287dc0>,15,23,[1 6],16,32,55,16,32
1,<environment.Job instance at 0x7f39ca287e10>,16,26,[2 9],17,52,78,35,49
1,<environment.Job instance at 0x7f39ca287e60>,17,28,[13  1],18,55,83,37,54
1,<environment.Job instance at 0x7f39ca27a2d0>,7,1,[ 1 12],8,78,79,70,75
1,<environment.Job instance at 0x7f39ca287f50>,26,22,[13  4],27,105,127,78,105
1,<environment.Job instance at 0x7fab732e8640>,4,24,[ 3 11],5,5,29,0,5
1,<environment.Job instance at 0x7fab70145690>,8,24,[ 2 10],9,29,53,20,24
1,<environment.Job instance at 0x7fab701459b0>,15,20,[3 5],16,44,64,28,44
1,<environment.Job instance at 0x7fab70145a50>,16,19,[ 3 10],17,53,72,36,53
1,<environment.Job instance at 0x7fab70145c30>,19,21,[8 5],20,64,85,44,56
1,<environment.Job instance at 0x7fab70145910>,14,21,[ 3 11],15,85,106,70,77
1,<environment.Job instance at 0x7fab70145d70>,21,22,[8 2],22,85,107,63,78
1,<environment.Job instance at 0x7fab70145cd0>,20,21,[13  5],21,107,128,86,99
1,<environment.Job instance at 0x7fab70146410>,26,20,[4 8],27,128,148,101,119
1,<environment.Job instance at 0x7fab70146050>,27,25,[14  4],28,148,173,120,144
1,<environment.Job instance at 0x7fab70145fa0>,24,2,[ 3 12],25,173,175,148,171
1,<environment.Job instance at 0x7fab70146870>,34,20,[5 3],35,173,193,138,171
1,<environment.Job instance at 0x7fab70146be0>,39,23,[4 6],40,175,198,135,173
1,<environment.Job instance at 0x7fab70146e60>,43,21,[ 2 12],44,198,219,154,190
1,<environment.Job instance at 0x7fab70146910>,44,26,[8 4],45,219,245,174,216
1,<environment.Job instance at 0x7fab700f03c0>,0,22,[11  3],1,1,23,0,1
1,<environment.Job instance at 0x7fab2a3bc910>,4,21,[9 1],5,23,44,18,15
1,<environment.Job instance at 0x7fab2a3ddbe0>,8,27,[9 4],9,44,71,35,42
1,<environment.Job instance at 0x7fab2a3dd190>,9,25,[3 9],10,42,67,32,42
1,<environment.Job instance at 0x7fab2a537eb0>,13,23,[ 2 14],14,71,94,57,65
1,<environment.Job instance at 0x7fab2a516a00>,15,19,[5 1],16,67,86,51,65
1,<environment.Job instance at 0x7fab2a51abe0>,17,22,[1 7],18,94,116,76,87
1,<environment.Job instance at 0x7fab2a51a870>,18,28,[4 7],19,94,122,75,93
1,<environment.Job instance at 0x7fab2a53fb40>,19,26,[3 6],20,116,142,96,113
1,<environment.Job instance at 0x7fab2a56b820>,6,19,[ 5 14],7,142,161,135,132
1,<environment.Job instance at 0x7fab2a53f230>,24,2,[ 1 11],25,161,163,136,153
1,<environment.Job instance at 0x7fab2a53ff50>,30,23,[5 8],31,167,190,136,167
1,<environment.Job instance at 0x7fab2a536e10>,31,21,[ 4 11],32,190,211,158,182
1,<environment.Job instance at 0x7fab73417820>,2,26,[5 3],3,3,29,0,3
1,<environment.Job instance at 0x7fab2a469410>,5,20,[7 3],6,6,26,0,6
1,<environment.Job instance at 0x7fab2a469fa0>,6,27,[2 8],7,7,34,0,7
1,<environment.Job instance at 0x7fab6ff004b0>,10,24,[ 5 11],11,34,58,23,29
1,<environment.Job instance at 0x7fab6ff00f50>,12,27,[4 6],13,58,85,45,56
1,<environment.Job instance at 0x7fab70255d70>,0,28,[7 2],1,1,29,0,1
1,<environment.Job instance at 0x7fab7043ba00>,1,20,[8 3],2,2,22,0,2
1,<environment.Job instance at 0x7fab7043bb40>,2,25,[5 7],3,22,47,19,18
1,<environment.Job instance at 0x7fab70454dc0>,9,22,[12  5],10,47,69,37,40
1,<environment.Job instance at 0x7fab704ed190>,10,23,[7 1],11,69,92,58,63
1,<environment.Job instance at 0x7fab704edfa0>,5,21,[ 5 13],6,69,90,63,63
1,<environment.Job instance at 0x7fab70d33d70>,17,24,[10  2],18,92,116,74,87
1,<environment.Job instance at 0x7fab2a794690>,22,25,[11  2],23,116,141,93,112
1,<environment.Job instance at 0x7fab70504870>,25,22,[8 5],26,141,163,115,134
1,<environment.Job instance at 0x7fab70504780>,27,23,[9 5],28,163,186,135,157
1,<environment.Job instance at 0x7fab703c4410>,28,23,[8 1],29,186,209,157,180
1,<environment.Job instance at 0x7fab707ec690>,7,22,[12  2],8,8,30,0,8
1,<environment.Job instance at 0x7fab6ff3fb90>,8,26,[ 2 10],9,9,35,0,9
1,<environment.Job instance at 0x7fab2aa131e0>,13,24,[9 3],14,30,54,16,25
1,<environment.Job instance at 0x7fab2aa30870>,14,23,[13  5],15,54,77,39,48
1,<environment.Job instance at 0x7fab70c3a0a0>,15,22,[ 4 10],16,77,99,61,70
1,<environment.Job instance at 0x7fab2aa17140>,16,20,[ 2 10],17,99,119,82,91
1,<environment.Job instance at 0x7fab2aa17c80>,18,25,[3 6],19,119,144,100,115
1,<environment.Job instance at 0x7fab2aa171e0>,17,2,[12  3],18,125,127,107,125
1,<environment.Job instance at 0x7fab70c381e0>,21,27,[9 3],22,127,154,105,125
1,<environment.Job instance at 0x7fab70c38b40>,24,2,[ 2 13],25,154,156,129,145
1,<environment.Job instance at 0x7fab70c38690>,25,26,[ 3 14],26,156,182,130,153
1,<environment.Job instance at 0x7fab6fffe230>,0,21,[11  1],1,1,22,0,1
1,<environment.Job instance at 0x7fab6fffe730>,2,24,[8 3],3,22,46,19,17
1,<environment.Job instance at 0x7fab6fffec30>,4,23,[ 5 10],5,22,45,17,17
1,<environment.Job instance at 0x7fab6fffefa0>,5,25,[ 2 14],6,46,71,40,43
1,<environment.Job instance at 0x7fab70e73be0>,21,24,[14  3],22,77,101,55,77
1,<environment.Job instance at 0x7fab70e73dc0>,22,25,[ 5 10],23,101,126,78,97
1,<environment.Job instance at 0x7fab2a3eca50>,1,23,[1 8],2,2,25,0,2
1,<environment.Job instance at 0x7fab731a7230>,2,28,[ 2 10],3,25,53,22,24
1,<environment.Job instance at 0x7fab70766140>,6,21,[ 2 10],7,53,74,46,45
1,<environment.Job instance at 0x7fab70766d70>,9,21,[13  5],10,46,67,36,46
1,<environment.Job instance at 0x7fab708c89b0>,15,28,[ 1 13],16,74,102,58,73
1,<environment.Job instance at 0x7fab70766820>,5,21,[ 3 14],6,102,123,96,98
1,<environment.Job instance at 0x7fab703cf2d0>,19,2,[ 4 14],20,123,125,103,111
1,<environment.Job instance at 0x7fab70419af0>,23,26,[ 2 11],24,125,151,101,122
1,<environment.Job instance at 0x7fab707900a0>,16,19,[ 5 14],17,153,172,136,153
1,<environment.Job instance at 0x7fab2a8063c0>,2,28,[13  5],3,3,31,0,3
1,<environment.Job instance at 0x7fab701fc280>,3,27,[6 1],4,31,58,27,29
1,<environment.Job instance at 0x7fab7093efa0>,7,19,[ 5 10],8,31,50,23,30
1,<environment.Job instance at 0x7fab7093ef00>,9,24,[14  3],10,58,82,48,53
1,<environment.Job instance at 0x7fab7095e1e0>,11,24,[10  2],12,82,106,70,77
1,<environment.Job instance at 0x7fab7095e460>,15,19,[11  3],16,118,137,102,118
1,<environment.Job instance at 0x7fab7095e5a0>,17,21,[12  1],18,137,158,119,129
1,<environment.Job instance at 0x7fab7095e320>,13,3,[ 2 14],14,162,165,148,162
1,<environment.Job instance at 0x7fab7095e6e0>,19,26,[1 9],20,165,191,145,162
1,<environment.Job instance at 0x7fab7095e8c0>,22,26,[13  5],23,165,191,142,162
1,<environment.Job instance at 0x7fab7095e960>,23,25,[13  3],24,191,216,167,187
1,<environment.Job instance at 0x7fab7095ea00>,24,22,[ 5 10],25,216,238,191,209
1,<environment.Job instance at 0x7fab70cc8af0>,1,27,[3 9],2,2,29,0,2
1,<environment.Job instance at 0x7fab7095e9b0>,2,28,[3 8],3,29,57,26,28
1,<environment.Job instance at 0x7fab7095ea00>,3,23,[ 5 10],4,57,80,53,51
1,<environment.Job instance at 0x7fab2a46f960>,6,1,[ 4 13],7,80,81,73,77
1,<environment.Job instance at 0x7fab7071c050>,9,1,[ 1 14],10,81,82,71,78
1,<environment.Job instance at 0x7fab731d3fa0>,1,22,[2 7],2,2,24,0,2
1,<environment.Job instance at 0x7fab2aa903c0>,5,28,[1 7],6,6,34,0,6
1,<environment.Job instance at 0x7fab700bbb40>,12,27,[8 5],13,24,51,11,22
1,<environment.Job instance at 0x7fab700bbbe0>,9,19,[ 5 10],10,34,53,24,31
1,<environment.Job instance at 0x7fab2a873b90>,17,20,[14  5],18,53,73,35,46
1,<environment.Job instance at 0x7fab2a873230>,18,25,[ 3 12],19,73,98,54,69
1,<environment.Job instance at 0x7fab700bbaa0>,14,25,[ 1 12],15,98,123,83,94
1,<environment.Job instance at 0x7fab706426e0>,23,21,[1 7],24,123,144,99,115
1,<environment.Job instance at 0x7fab70023910>,1,24,[6 3],2,2,26,0,2
1,<environment.Job instance at 0x7fab2a749280>,2,28,[2 8],3,3,31,0,3
1,<environment.Job instance at 0x7fab2a6ece60>,8,26,[9 3],9,26,52,17,23
1,<environment.Job instance at 0x7fab70a9bc30>,6,23,[ 3 11],7,31,54,24,26
1,<environment.Job instance at 0x7fab70a9b230>,14,25,[ 5 12],15,54,79,39,50
1,<environment.Job instance at 0x7fab70c8b870>,11,20,[ 4 14],12,79,99,67,77
1,<environment.Job instance at 0x7fab7011d910>,20,24,[7 1],21,92,116,71,92
1,<environment.Job instance at 0x7fab2a3e7e60>,21,20,[ 2 10],22,99,119,77,97
1,<environment.Job instance at 0x7fab70299730>,1,21,[7 2],2,2,23,0,2
1,<environment.Job instance at 0x7fab709c5fa0>,5,19,[11  2],6,23,42,17,15
1,<environment.Job instance at 0x7fab709c5eb0>,13,21,[5 3],14,42,63,28,34
1,<environment.Job instance at 0x7fab709c5780>,14,27,[ 5 14],15,63,90,48,61
1,<environment.Job instance at 0x7fab70728050>,15,22,[12  4],16,90,112,74,83
1,<environment.Job instance at 0x7fab70ddfd70>,1,23,[4 8],2,2,25,0,2
1,<environment.Job instance at 0x7fab70ddf050>,4,23,[12  5],5,25,48,20,19
1,<environment.Job instance at 0x7fab700d6f00>,6,28,[2 5],7,19,47,12,19
1,<environment.Job instance at 0x7fab2a7f60a0>,8,20,[6 3],9,48,68,39,39
1,<environment.Job instance at 0x7fab70bfa370>,11,2,[12  2],12,68,70,56,41
1,<environment.Job instance at 0x7fab2a155e60>,12,26,[2 8],13,47,73,34,44
1,<environment.Job instance at 0x7fab6ff754b0>,18,2,[14  1],19,73,75,54,59
1,<environment.Job instance at 0x7fab702dceb0>,19,18,[ 1 11],20,168,186,148,168
1,<environment.Job instance at 0x7fab2a8bdfa0>,2,24,[8 1],3,3,27,0,3
1,<environment.Job instance at 0x7fab6ff75500>,4,26,[4 5],5,5,31,0,5
1,<environment.Job instance at 0x7fab2aa6da50>,5,28,[8 2],6,27,55,21,26
1,<environment.Job instance at 0x7fab70606910>,3,23,[12  1],4,55,78,51,49
1,<environment.Job instance at 0x7fab2a8bdbe0>,6,21,[11  3],7,78,99,71,70
1,<environment.Job instance at 0x7fab2aa6db40>,10,23,[ 2 10],11,70,93,59,70
1,<environment.Job instance at 0x7fab2a40c500>,1,1,[ 3 12],2,93,94,91,93
1,<environment.Job instance at 0x7fab2aa6df00>,15,24,[11  4],16,99,123,83,94
1,<environment.Job instance at 0x7fab2aa6dfa0>,16,21,[14  5],17,123,144,106,115
1,<environment.Job instance at 0x7fab2aa571e0>,20,25,[4 7],21,144,169,123,140
1,<environment.Job instance at 0x7fab2aa6d910>,7,19,[14  3],8,239,258,231,239
1,<environment.Job instance at 0x7fab2aa57460>,24,20,[ 3 14],25,258,278,233,254
1,<environment.Job instance at 0x7fab2a7ff550>,8,25,[2 8],9,9,34,0,9
1,<environment.Job instance at 0x7fab7024f410>,9,2,[ 4 10],10,34,36,24,10
1,<environment.Job instance at 0x7fab2a9e0f50>,15,18,[7 2],16,37,55,21,37
1,<environment.Job instance at 0x7fab2a0b5b90>,3,24,[7 4],4,4,28,0,4
1,<environment.Job instance at 0x7fab2a0b55a0>,10,22,[1 8],11,11,33,0,11
1,<environment.Job instance at 0x7fab2a069b40>,14,20,[12  1],15,28,48,13,19
1,<environment.Job instance at 0x7fab2a069b90>,17,25,[10  2],18,48,73,30,44
1,<environment.Job instance at 0x7fab2a069640>,22,24,[9 4],23,73,97,50,68
1,<environment.Job instance at 0x7fab2a069a00>,16,24,[ 3 14],17,97,121,80,92
1,<environment.Job instance at 0x7fab2a069780>,25,28,[14  4],26,121,149,95,120
1,<environment.Job instance at 0x7fab2a0b5af0>,4,18,[ 1 11],5,932,950,927,932
1,<environment.Job instance at 0x7fab70509730>,1,20,[14  5],2,2,22,0,2
1,<environment.Job instance at 0x7fab2aa5faa0>,9,25,[5 5],10,22,47,12,18
1,<environment.Job instance at 0x7fab2aa5fdc0>,11,28,[1 5],12,34,62,22,34
1,<environment.Job instance at 0x7fab2a80adc0>,5,19,[11  5],6,47,66,41,45
1,<environment.Job instance at 0x7fab2aa5f6e0>,16,28,[7 1],17,66,94,49,65
1,<environment.Job instance at 0x7fab2aa7ecd0>,18,27,[ 1 10],19,65,92,46,65
1,<environment.Job instance at 0x7fab2aa5fe60>,12,2,[ 5 11],13,95,97,82,95
1,<environment.Job instance at 0x7fab2aa76a50>,21,23,[1 8],22,97,120,75,96
1,<environment.Job instance at 0x7fab2aa768c0>,22,3,[3 8],23,120,123,97,96
1,<environment.Job instance at 0x7fab2aa76910>,23,25,[3 5],24,97,122,73,96
1,<environment.Job instance at 0x7fab7018a2d0>,1,28,[12  1],2,2,30,0,2
1,<environment.Job instance at 0x7fab7002df50>,6,24,[10  4],7,30,54,23,25
1,<environment.Job instance at 0x7fab7002df00>,10,25,[3 5],11,44,69,33,44
1,<environment.Job instance at 0x7fab7002d910>,11,28,[5 8],12,54,82,42,53
1,<environment.Job instance at 0x7fab7002d320>,8,23,[ 2 14],9,82,105,73,76
1,<environment.Job instance at 0x7fab2a9a0d70>,18,21,[8 1],19,77,98,58,77
1,<environment.Job instance at 0x7fab2a976dc0>,19,24,[1 6],20,105,129,85,100
1,<environment.Job instance at 0x7fab2a976320>,25,25,[9 5],26,105,130,79,103
1,<environment.Job instance at 0x7fab2a976af0>,26,2,[ 1 13],27,130,132,103,108
1,<environment.Job instance at 0x7fab2a976780>,27,28,[5 8],28,132,160,104,131
1,<environment.Job instance at 0x7fab2a6df1e0>,30,20,[ 2 10],31,160,180,129,151
1,<environment.Job instance at 0x7fab70405e10>,32,26,[10  5],33,151,177,118,151
1,<environment.Job instance at 0x7fab70936640>,6,22,[13  4],7,7,29,0,7
1,<environment.Job instance at 0x7fab2aa09be0>,10,19,[9 5],11,29,48,18,19
1,<environment.Job instance at 0x7fab2a9f1f00>,13,28,[ 3 10],14,29,57,15,28
1,<environment.Job instance at 0x7fab2a65c820>,0,23,[5 3],1,1,24,0,1
1,<environment.Job instance at 0x7fab2a65c960>,2,28,[4 6],3,3,31,0,3
1,<environment.Job instance at 0x7fab2a6ce190>,8,20,[ 5 10],9,31,51,22,22
1,<environment.Job instance at 0x7fab70cf7eb0>,10,23,[ 1 10],11,51,74,40,45
1,<environment.Job instance at 0x7fab2a6ce460>,14,28,[5 9],15,74,102,59,73
1,<environment.Job instance at 0x7fab70cd0cd0>,20,28,[3 8],21,102,130,81,101
1,<environment.Job instance at 0x7fab70cd0f50>,21,1,[5 2],22,101,102,79,101
1,<environment.Job instance at 0x7f7cb6e89280>,4,24,[ 3 11],5,5,29,0,5
1,<environment.Job instance at 0x7f7cb6e897d0>,8,24,[ 2 10],9,29,53,20,24
1,<environment.Job instance at 0x7f7cb6e89640>,11,1,[8 4],12,29,30,17,29
1,<environment.Job instance at 0x7f7cb6e89910>,14,21,[ 3 11],15,53,74,38,45
1,<environment.Job instance at 0x7f7cb6e899b0>,15,20,[3 5],16,74,94,58,65
1,<environment.Job instance at 0x7f7cb6e89c30>,19,21,[8 5],20,74,95,54,66
1,<environment.Job instance at 0x7f7cb6e89d70>,21,22,[8 2],22,95,117,73,88
1,<environment.Job instance at 0x7f7cb6e89cd0>,20,21,[13  5],21,117,138,96,109
1,<environment.Job instance at 0x7f7cb6e8a280>,26,20,[4 8],27,138,158,111,129
1,<environment.Job instance at 0x7f7cb6e8a190>,27,25,[14  4],28,158,183,130,154
1,<environment.Job instance at 0x7f7cb6e8a5f0>,29,24,[5 1],30,183,207,153,178
1,<environment.Job instance at 0x7f7cb6e89fa0>,24,2,[ 3 12],25,183,185,158,178
1,<environment.Job instance at 0x7f7cb6e8a870>,34,20,[5 3],35,185,205,150,178
1,<environment.Job instance at 0x7f7cb6e8ac80>,39,23,[4 6],40,192,215,152,192
1,<environment.Job instance at 0x7f7cb6e8ae60>,43,21,[ 2 12],44,215,236,171,207
1,<environment.Job instance at 0x7f7cb6e8afa0>,44,26,[8 4],45,236,262,191,233
1,<environment.Job instance at 0x7f7cb6e8f0a0>,46,2,[ 1 10],47,244,246,197,244
1,<environment.Job instance at 0x7f7cb6e8f0a0>,5,19,[5 1],6,6,25,0,6
1,<environment.Job instance at 0x7f7cb6e8f280>,3,23,[ 2 14],4,6,29,2,6
1,<environment.Job instance at 0x7f7c6cfd38c0>,9,26,[3 6],10,29,55,19,26
1,<environment.Job instance at 0x7f7c6cfca4b0>,8,28,[4 7],9,29,57,20,28
1,<environment.Job instance at 0x7f7c6cfd3140>,14,2,[ 1 11],15,57,59,42,37
1,<environment.Job instance at 0x7f7c6cfadfa0>,7,22,[1 7],8,59,81,51,52
1,<environment.Job instance at 0x7f7c6cfd3eb0>,20,23,[5 8],21,61,84,40,61
1,<environment.Job instance at 0x7f7c6cfd2be0>,21,21,[ 4 11],22,84,105,62,76
1,<environment.Job instance at 0x7f7c6cfd2e10>,24,28,[3 8],25,111,139,86,111
1,<environment.Job instance at 0x7f7c6cfd2b40>,25,24,[12  1],26,111,135,85,111
1,<environment.Job instance at 0x7f7c6cfd3730>,10,12,[11  1],11,495,507,484,495
1,<environment.Job instance at 0x7f7c6cfd20f0>,27,27,[5 3],28,507,534,479,505
1,<environment.Job instance at 0x7f7c6ce4d320>,2,22,[1 6],3,3,25,0,3
1,<environment.Job instance at 0x7f7cb81505a0>,3,27,[5 1],4,4,31,0,4
1,<environment.Job instance at 0x7f7c6ce4d8c0>,4,25,[10  4],5,25,50,20,21
1,<environment.Job instance at 0x7f7cb81507d0>,5,26,[5 4],6,31,57,25,28
1,<environment.Job instance at 0x7f7c6ce9cf00>,10,26,[ 2 11],11,50,76,39,47
1,<environment.Job instance at 0x7f7c6ce9c0f0>,16,24,[3 6],17,76,100,59,71
1,<environment.Job instance at 0x7f7c6ce9cf50>,17,20,[8 5],18,76,96,58,71
1,<environment.Job instance at 0x7f7c6ce9cdc0>,18,26,[7 4],19,96,122,77,93
1,<environment.Job instance at 0x7f7c6ce3b0f0>,20,27,[9 5],21,122,149,101,120
1,<environment.Job instance at 0x7f7cb7b1e910>,25,20,[6 4],26,127,147,101,127
1,<environment.Job instance at 0x7f7cb708d230>,26,28,[ 3 14],27,149,177,122,148
1,<environment.Job instance at 0x7f7c6ce21460>,32,19,[11  4],33,182,201,149,182
1,<environment.Job instance at 0x7f7cb6c72140>,33,27,[9 1],34,201,228,167,199
1,<environment.Job instance at 0x7f7cb735ec80>,34,21,[3 9],35,199,220,164,199
1,<environment.Job instance at 0x7f7cb735ed20>,35,22,[7 4],36,228,250,192,221
1,<environment.Job instance at 0x7f7cb7b66640>,3,21,[4 9],4,4,25,0,4
1,<environment.Job instance at 0x7f7c6ce31aa0>,10,28,[9 5],11,11,39,0,11
1,<environment.Job instance at 0x7f7cb6f99a00>,12,26,[9 3],13,39,65,26,36
1,<environment.Job instance at 0x7f7c6d509370>,15,22,[ 1 13],16,65,87,49,58
1,<environment.Job instance at 0x7f7c6d509500>,2,26,[1 6],3,3,29,0,3
1,<environment.Job instance at 0x7f7cb729fe60>,3,23,[5 5],4,4,27,0,4
1,<environment.Job instance at 0x7f7cb7975fa0>,11,22,[5 4],12,12,34,0,12
1,<environment.Job instance at 0x7f7cb72badc0>,12,26,[10  5],13,29,55,16,26
1,<environment.Job instance at 0x7f7c6d495d20>,13,27,[10  3],14,55,82,41,53
1,<environment.Job instance at 0x7f7cb72cc370>,15,28,[1 7],16,53,81,37,53
1,<environment.Job instance at 0x7f7cb7295af0>,16,25,[6 4],17,82,107,65,78
1,<environment.Job instance at 0x7f7cb794c870>,20,26,[3 6],21,81,107,60,80
1,<environment.Job instance at 0x7f7cb79583c0>,22,21,[ 1 12],23,107,128,84,99
1,<environment.Job instance at 0x7f7cb7958280>,25,24,[10  4],26,128,152,102,123
1,<environment.Job instance at 0x7f7cb7958140>,26,21,[4 7],27,128,149,101,123
1,<environment.Job instance at 0x7f7c6d221870>,0,25,[14  5],1,1,26,0,1
1,<environment.Job instance at 0x7f7cb772aa50>,6,26,[3 8],7,26,52,19,23
1,<environment.Job instance at 0x7f7cb772aeb0>,7,26,[10  5],8,26,52,18,23
1,<environment.Job instance at 0x7f7c6d2217d0>,1,2,[ 2 12],2,52,54,50,33
1,<environment.Job instance at 0x7f7cb7953f00>,10,24,[1 6],11,54,78,43,49
1,<environment.Job instance at 0x7f7cb79531e0>,12,24,[5 8],13,54,78,41,49
1,<environment.Job instance at 0x7f7cb7733870>,17,21,[4 9],18,78,99,60,70
1,<environment.Job instance at 0x7f7cb7733500>,18,21,[ 5 14],19,99,120,80,91
1,<environment.Job instance at 0x7f7c6d0b59b0>,21,23,[8 4],22,120,143,98,114
1,<environment.Job instance at 0x7f7cb77331e0>,19,21,[ 4 11],20,120,141,100,114
1,<environment.Job instance at 0x7f7c6d0b5cd0>,27,24,[6 2],28,141,165,113,136
1,<environment.Job instance at 0x7f7c6d0b5820>,29,25,[8 3],30,143,168,113,139
1,<environment.Job instance at 0x7f7c6d0b55f0>,37,20,[ 5 13],38,168,188,130,166
1,<environment.Job instance at 0x7f7c6d1b21e0>,41,27,[6 4],42,188,215,146,186
1,<environment.Job instance at 0x7f7c6d1b29b0>,42,25,[6 1],43,186,211,143,186
1,<environment.Job instance at 0x7f7c6d1b27d0>,43,23,[5 5],44,211,234,167,205
1,<environment.Job instance at 0x7f7c6d1b2a00>,44,28,[8 5],45,215,243,170,214
1,<environment.Job instance at 0x7f7c6d034be0>,7,1,[4 5],8,8,9,0,8
1,<environment.Job instance at 0x7f7c6d0347d0>,8,21,[8 1],9,9,30,0,9
1,<environment.Job instance at 0x7f7c6d154460>,10,21,[9 1],11,30,51,19,22
1,<environment.Job instance at 0x7f7c6cfeb280>,12,28,[9 4],13,51,79,38,50
1,<environment.Job instance at 0x7f7cb74ad6e0>,15,24,[8 4],16,79,103,63,74
1,<environment.Job instance at 0x7f7cb7fbe500>,18,22,[5 5],19,74,96,55,74
1,<environment.Job instance at 0x7f7c6d4b3aa0>,21,26,[6 1],22,96,122,74,93
1,<environment.Job instance at 0x7f7cb758b280>,22,3,[ 5 14],23,195,198,172,195
1,<environment.Job instance at 0x7f7cb7177be0>,24,20,[3 6],25,204,224,179,204
1,<environment.Job instance at 0x7f7cb78c3e10>,29,2,[13  2],30,234,236,204,234
1,<environment.Job instance at 0x7f7c6d042050>,31,25,[1 6],32,239,264,207,239
1,<environment.Job instance at 0x7f7c6d042280>,32,26,[5 5],33,239,265,206,239
1,<environment.Job instance at 0x7f7cb7543190>,0,19,[3 8],1,1,20,0,1
1,<environment.Job instance at 0x7f7c6d042280>,2,25,[8 5],3,3,28,0,3
1,<environment.Job instance at 0x7f7cb7543820>,4,24,[13  5],5,28,52,23,23
1,<environment.Job instance at 0x7f7c6cf8cd20>,8,27,[ 3 10],9,52,79,43,50
1,<environment.Job instance at 0x7f7cb7543410>,3,2,[14  3],4,79,81,75,53
1,<environment.Job instance at 0x7f7cb6d862d0>,20,19,[6 4],21,127,146,106,127
1,<environment.Job instance at 0x7f7cb6d86960>,28,22,[6 4],29,272,294,243,272
1,<environment.Job instance at 0x7f7cb6d86aa0>,29,2,[5 7],30,272,274,242,272
1,<environment.Job instance at 0x7f7cb6d86a50>,5,20,[ 4 10],6,6,26,0,6
1,<environment.Job instance at 0x7f7c6d145550>,11,24,[ 4 11],12,26,50,14,23
1,<environment.Job instance at 0x7f7c6d145a50>,12,24,[4 8],13,50,74,37,45
1,<environment.Job instance at 0x7f7c6d4933c0>,13,21,[9 5],14,50,71,36,45
1,<environment.Job instance at 0x7f7cb6c01190>,14,25,[5 4],15,71,96,56,67
1,<environment.Job instance at 0x7f7c6d487280>,19,26,[8 5],20,74,100,54,71
1,<environment.Job instance at 0x7f7c6d487780>,20,20,[9 5],21,100,120,79,91
1,<environment.Job instance at 0x7f7c6d448a50>,0,19,[ 4 11],1,120,139,119,112
1,<environment.Job instance at 0x7f7c6d1b68c0>,27,23,[6 2],28,233,256,205,233
1,<environment.Job instance at 0x7f7cb77dcaa0>,2,24,[8 5],3,3,27,0,3
1,<environment.Job instance at 0x7f7cb75cd0a0>,8,26,[ 3 14],9,27,53,18,24
1,<environment.Job instance at 0x7f7cb75cd730>,9,21,[9 3],10,53,74,43,45
1,<environment.Job instance at 0x7f7cb7469d70>,16,20,[4 7],17,53,73,36,47
1,<environment.Job instance at 0x7f7c6cf75a50>,3,3,[14  5],4,74,77,70,71
1,<environment.Job instance at 0x7f7cb77948c0>,25,22,[5 8],26,77,99,51,71
1,<environment.Job instance at 0x7f7c6d214500>,28,21,[5 3],29,81,102,52,81
1,<environment.Job instance at 0x7f7cb7386d70>,29,24,[ 4 12],30,99,123,69,94
1,<environment.Job instance at 0x7f7cb71ef690>,31,28,[5 5],32,123,151,91,122
1,<environment.Job instance at 0x7f7cb71ef730>,34,21,[4 8],35,123,144,88,122
1,<environment.Job instance at 0x7f7cb790fd70>,38,3,[ 2 11],39,151,154,112,143
1,<environment.Job instance at 0x7f7cb790ff50>,39,26,[1 9],40,154,180,114,151
1,<environment.Job instance at 0x7f7cb790f960>,40,28,[9 3],41,151,179,110,151
1,<environment.Job instance at 0x7f7cb790faf0>,42,28,[5 3],43,154,182,111,153
1,<environment.Job instance at 0x7f7cb790f8c0>,44,20,[4 9],45,180,200,135,172
1,<environment.Job instance at 0x7f7cb790f550>,45,1,[ 3 13],46,200,201,154,179
1,<environment.Job instance at 0x7f7cb790fbe0>,46,22,[ 2 11],47,201,223,154,194
1,<environment.Job instance at 0x7f7cb7ed7b90>,47,24,[ 2 13],48,223,247,175,218
1,<environment.Job instance at 0x7f7cb7f24690>,55,20,[14  4],56,254,274,198,254
1,<environment.Job instance at 0x7f7cb7f24dc0>,56,22,[ 1 14],57,274,296,217,267
1,<environment.Job instance at 0x7f7cb79e1b90>,57,2,[14  4],58,296,298,238,286
1,<environment.Job instance at 0x7f7cb79d5370>,59,27,[4 9],60,298,325,238,296
1,<environment.Job instance at 0x7f7cb7827dc0>,1,22,[10  4],2,2,24,0,2
1,<environment.Job instance at 0x7f7cb6e56320>,6,26,[14  4],7,24,50,17,21
1,<environment.Job instance at 0x7f7cb6e56550>,13,22,[4 8],14,50,72,36,43
1,<environment.Job instance at 0x7f7cb7011d20>,14,1,[9 5],15,50,51,35,45
1,<environment.Job instance at 0x7f7cb6c14c30>,8,23,[ 1 11],9,72,95,63,66
1,<environment.Job instance at 0x7f7cb7021f00>,16,22,[4 7],17,95,117,78,88
1,<environment.Job instance at 0x7f7cb7021460>,18,22,[3 5],19,95,117,76,88
1,<environment.Job instance at 0x7f7cb7b5ad70>,24,20,[1 7],25,117,137,92,108
1,<environment.Job instance at 0x7f7cb7b5a7d0>,29,28,[1 7],30,125,153,95,125
1,<environment.Job instance at 0x7f7cb701d5f0>,4,25,[ 1 14],5,153,178,148,149
1,<environment.Job instance at 0x7f7cb7b5a370>,28,3,[14  3],29,178,181,149,178
1,<environment.Job instance at 0x7f7cb796b5a0>,4,28,[13  3],5,5,33,0,5
1,<environment.Job instance at 0x7f7c6d28d550>,2,2,[11  5],3,33,35,30,31
1,<environment.Job instance at 0x7f7cb796bc80>,9,1,[ 2 12],10,38,39,28,38
1,<environment.Job instance at 0x7f7cb796be10>,10,20,[8 3],11,38,58,27,38
1,<environment.Job instance at 0x7f7cb796b500>,11,23,[9 5],12,58,81,46,52
1,<environment.Job instance at 0x7f7cb6ee70f0>,12,22,[9 1],13,81,103,68,74
1,<environment.Job instance at 0x7f7cb6ee7820>,16,28,[7 1],17,103,131,86,102
1,<environment.Job instance at 0x7f7cb6ee7780>,17,27,[2 7],18,102,129,84,102
1,<environment.Job instance at 0x7f7cb796b820>,7,2,[14  3],8,131,133,123,105
1,<environment.Job instance at 0x7f7cb6ee7690>,21,24,[12  2],22,133,157,111,128
1,<environment.Job instance at 0x7f7cb6ee7410>,24,25,[5 4],25,157,182,132,153
1,<environment.Job instance at 0x7f7c6d1bd280>,0,28,[ 4 10],1,1,29,0,1
1,<environment.Job instance at 0x7f7cb6e4e3c0>,6,26,[5 3],7,7,33,0,7
1,<environment.Job instance at 0x7f7c6cbe7960>,12,21,[8 4],13,29,50,16,21
1,<environment.Job instance at 0x7f7cb6f44eb0>,14,21,[6 4],15,33,54,18,25
1,<environment.Job instance at 0x7f7cb6fb1190>,4,22,[ 1 11],5,50,72,45,43
1,<environment.Job instance at 0x7f7cb7ed7190>,3,21,[12  5],4,72,93,68,64
1,<environment.Job instance at 0x7f7c6d1d3960>,23,20,[9 5],24,93,113,69,84
1,<environment.Job instance at 0x7f7c6cbe7500>,11,24,[ 4 14],12,113,137,101,108
1,<environment.Job instance at 0x7f7cb7be60f0>,27,28,[7 2],28,137,165,109,136
1,<environment.Job instance at 0x7f7c6cc3d6e0>,31,22,[1 9],32,138,160,106,138
1,<environment.Job instance at 0x7f7c6cda15a0>,36,28,[6 5],37,160,188,123,159
1,<environment.Job instance at 0x7f7c6ced3f50>,38,19,[ 5 12],39,188,207,149,183
1,<environment.Job instance at 0x7f7c6ced3e10>,39,27,[2 8],40,207,234,167,205
1,<environment.Job instance at 0x7f7c6ced35f0>,40,2,[ 3 13],41,234,236,193,220
1,<environment.Job instance at 0x7f7c6cdc2640>,43,19,[5 4],44,236,255,192,226
1,<environment.Job instance at 0x7f7c6cdc2e10>,48,27,[4 6],49,242,269,193,242
1,<environment.Job instance at 0x7f7c6cdc2820>,2,22,[3 5],3,3,25,0,3
1,<environment.Job instance at 0x7f7cb6ebf500>,3,19,[3 9],4,4,23,0,4
1,<environment.Job instance at 0x7f7cb72daa50>,8,25,[6 1],9,9,34,0,9
1,<environment.Job instance at 0x7f7cb72dac30>,11,26,[13  1],12,34,60,22,31
1,<environment.Job instance at 0x7f7cb72daeb0>,14,21,[5 8],15,60,81,45,52
1,<environment.Job instance at 0x7f7cb72dae60>,12,23,[13  2],13,81,104,68,75
1,<environment.Job instance at 0x7f7cb72dafa0>,16,21,[ 3 13],17,104,125,87,96
1,<environment.Job instance at 0x7f7cb72c2d20>,33,21,[ 5 13],34,155,176,121,155
1,<environment.Job instance at 0x7f7cb72c2e10>,37,26,[11  3],38,176,202,138,173
1,<environment.Job instance at 0x7f7cb72c2f50>,38,28,[2 6],39,176,204,137,175
1,<environment.Job instance at 0x7f7c6d384780>,3,28,[ 3 14],4,4,32,0,4
1,<environment.Job instance at 0x7f7c6cd7ec80>,6,27,[9 4],7,32,59,25,30
1,<environment.Job instance at 0x7f7cb75a5320>,9,21,[2 5],10,32,53,22,30
1,<environment.Job instance at 0x7f7cb6f09cd0>,10,1,[13  4],11,59,60,48,33
1,<environment.Job instance at 0x7f7cb75a5f00>,12,2,[ 5 11],13,53,55,40,44
1,<environment.Job instance at 0x7f7cb75a5e10>,13,25,[9 4],14,60,85,46,56
1,<environment.Job instance at 0x7f7c6d0011e0>,7,20,[14  4],8,85,105,77,76
1,<environment.Job instance at 0x7f7cb71475a0>,16,26,[6 3],17,105,131,88,102
1,<environment.Job instance at 0x7f7cb7147a50>,19,27,[5 7],20,105,132,85,103
1,<environment.Job instance at 0x7f7cb7a25f00>,22,1,[ 5 12],23,132,133,109,125
1,<environment.Job instance at 0x7f7c6cc8ee10>,23,27,[ 2 10],24,133,160,109,131
1,<environment.Job instance at 0x7f7cb72decd0>,24,22,[ 2 13],25,160,182,135,153
1,<environment.Job instance at 0x7f7c6cae34b0>,2,28,[8 5],3,3,31,0,3
1,<environment.Job instance at 0x7f7c6cb6f820>,11,19,[ 2 12],12,31,50,19,21
1,<environment.Job instance at 0x7f7c6d428870>,0,22,[8 5],1,1,23,0,1
1,<environment.Job instance at 0x7f7c6cb6f3c0>,1,27,[6 5],2,2,29,0,2
1,<environment.Job instance at 0x7f7c6cb6f820>,2,28,[13  5],3,29,57,26,28
1,<environment.Job instance at 0x7f7c6d428c30>,4,27,[6 2],5,57,84,52,55
1,<environment.Job instance at 0x7f7cb7290730>,11,28,[12  1],12,84,112,72,83
1,<environment.Job instance at 0x7f7cb71f6050>,16,24,[10  4],17,112,136,95,107
1,<environment.Job instance at 0x7f7cb71f61e0>,17,19,[6 4],18,136,155,118,126
1,<environment.Job instance at 0x7f7cb71f6d20>,19,20,[8 5],20,136,156,116,135
1,<environment.Job instance at 0x7f7cb71f6dc0>,20,25,[3 5],21,155,180,134,151
1,<environment.Job instance at 0x7f7cb71f6cd0>,21,28,[5 8],22,156,184,134,155
1,<environment.Job instance at 0x7f7cb71ee460>,28,21,[8 1],29,180,201,151,172
1,<environment.Job instance at 0x7f7cb71eed70>,29,24,[1 6],30,180,204,150,175
1,<environment.Job instance at 0x7f7cb71f0f00>,34,1,[7 2],35,201,202,166,196
1,<environment.Job instance at 0x7f7cb71f0b90>,35,25,[9 5],36,202,227,166,198
1,<environment.Job instance at 0x7f7cb71f6190>,18,23,[ 2 14],19,227,250,208,221
1,<environment.Job instance at 0x7f7c6d11e640>,37,28,[5 8],38,250,278,212,249
1,<environment.Job instance at 0x7f7cb79dcaf0>,36,2,[ 1 13],37,278,280,241,251
1,<environment.Job instance at 0x7f7cb7983eb0>,40,20,[ 2 10],41,280,300,239,271
1,<environment.Job instance at 0x7f7cb7983780>,42,26,[10  5],43,280,306,237,277
1,<environment.Job instance at 0x7f7cb6c08460>,6,22,[13  4],7,7,29,0,7
1,<environment.Job instance at 0x7f7c6cd444b0>,10,19,[9 5],11,29,48,18,19
1,<environment.Job instance at 0x7f7c6cd44320>,13,28,[ 3 10],14,29,57,15,28
1,<environment.Job instance at 0x7f7cb7787230>,0,23,[ 1 10],1,1,24,0,1
1,<environment.Job instance at 0x7f7cb715e370>,4,28,[5 9],5,24,52,19,23
1,<environment.Job instance at 0x7f7cb715e1e0>,10,28,[3 8],11,52,80,41,51
1,<environment.Job instance at 0x7f7cb715e5a0>,11,1,[5 2],12,51,52,39,51
1,<environment.Job instance at 0x7f7c6d042690>,20,27,[5 6],21,82,109,61,82
1,<environment.Job instance at 0x7f7c6d042730>,22,24,[8 1],23,82,106,59,82
1,<environment.Job instance at 0x7f7cb7789e60>,2,25,[9 4],3,3,28,0,3
1,<environment.Job instance at 0x7f7cb77897d0>,11,25,[5 2],12,21,46,9,21
1,<environment.Job instance at 0x7f7cb6e56690>,13,23,[10  2],14,28,51,14,22
1,<environment.Job instance at 0x7f7cb6e56af0>,15,24,[13  4],16,51,75,35,46
1,<environment.Job instance at 0x7f7cb6e56fa0>,17,27,[ 5 10],18,75,102,57,73
1,<environment.Job instance at 0x7f7cb6e56410>,21,21,[ 5 11],22,102,123,80,94
1,<environment.Job instance at 0x7f7cb6e56140>,23,27,[4 9],24,123,150,99,121
1,<environment.Job instance at 0x7f7cb6e56500>,24,20,[12  4],25,150,170,125,141
1,<environment.Job instance at 0x7f7cb7789cd0>,8,3,[12  1],9,170,173,161,162
1,<environment.Job instance at 0x7f7cb7abfeb0>,31,26,[5 2],32,173,199,141,170
1,<environment.Job instance at 0x7f7cb7abfbe0>,33,24,[14  3],34,199,223,165,194
1,<environment.Job instance at 0x7fea0437f280>,4,24,[ 3 11],5,5,29,0,5
1,<environment.Job instance at 0x7fea0437f730>,8,24,[ 2 10],9,29,53,20,24
1,<environment.Job instance at 0x7fea0437f780>,11,1,[8 4],12,26,27,14,26
1,<environment.Job instance at 0x7fea0437f5f0>,6,19,[1 7],7,53,72,46,43
1,<environment.Job instance at 0x7fea0437f910>,14,21,[ 3 11],15,72,93,57,64
1,<environment.Job instance at 0x7fea0437f9b0>,15,20,[3 5],16,93,113,77,84
1,<environment.Job instance at 0x7fea0437fa50>,16,19,[ 3 10],17,93,112,76,84
1,<environment.Job instance at 0x7fea0437fc30>,19,21,[8 5],20,112,133,92,104
1,<environment.Job instance at 0x7fea0437fcd0>,20,21,[13  5],21,133,154,112,125
1,<environment.Job instance at 0x7fea0437fd70>,21,22,[8 2],22,154,176,132,147
1,<environment.Job instance at 0x7fea04380410>,26,20,[4 8],27,154,174,127,151
1,<environment.Job instance at 0x7fea043803c0>,27,25,[14  4],28,176,201,148,172
1,<environment.Job instance at 0x7fea04380550>,29,24,[5 1],30,201,225,171,196
1,<environment.Job instance at 0x7fea04380870>,34,20,[5 3],35,201,221,166,197
1,<environment.Job instance at 0x7fea0437ffa0>,24,2,[ 3 12],25,221,223,196,198
1,<environment.Job instance at 0x7fea04380b90>,39,23,[4 6],40,223,246,183,217
1,<environment.Job instance at 0x7fea04380e60>,43,21,[ 2 12],44,246,267,202,238
1,<environment.Job instance at 0x7fea04380370>,44,26,[8 4],45,267,293,222,264
1,<environment.Job instance at 0x7fea043850a0>,46,2,[ 1 10],47,382,384,335,382
1,<environment.Job instance at 0x7fe9c0770690>,4,2,[ 1 11],5,5,7,0,5
1,<environment.Job instance at 0x7fea04385230>,5,18,[8 2],6,14,32,8,14
1,<environment.Job instance at 0x7fe9c0779be0>,10,23,[5 8],11,14,37,3,14
1,<environment.Job instance at 0x7fe9c0779550>,11,21,[ 4 11],12,37,58,25,29
1,<environment.Job instance at 0x7fe9c07791e0>,14,28,[3 8],15,58,86,43,57
1,<environment.Job instance at 0x7fe9c0779730>,15,24,[12  1],16,58,82,42,57
1,<environment.Job instance at 0x7fe9c0779e10>,17,27,[5 3],18,82,109,64,80
1,<environment.Job instance at 0x7fe9c06450f0>,0,27,[9 5],1,1,28,0,1
1,<environment.Job instance at 0x7fe9c06b7870>,5,20,[6 4],6,6,26,0,6
1,<environment.Job instance at 0x7fe9c06b70a0>,7,20,[1 9],8,26,46,18,17
1,<environment.Job instance at 0x7fe9c05d8910>,6,28,[ 3 14],7,46,74,39,45
1,<environment.Job instance at 0x7fe9c05c4280>,13,27,[9 1],14,45,72,31,45
1,<environment.Job instance at 0x7fe9c05c46e0>,14,21,[3 9],15,74,95,59,66
1,<environment.Job instance at 0x7fe9c05c4550>,15,22,[7 4],16,74,96,58,67
1,<environment.Job instance at 0x7fe9c05c4370>,18,28,[3 6],19,95,123,76,94
1,<environment.Job instance at 0x7fea0b8fdf00>,19,18,[1 6],20,96,114,76,94
1,<environment.Job instance at 0x7fea040f5870>,23,26,[12  3],24,114,140,90,111
1,<environment.Job instance at 0x7fe9c05c4780>,12,19,[11  4],13,140,159,127,130
1,<environment.Job instance at 0x7fe9c06a71e0>,27,28,[1 9],28,130,158,102,130
1,<environment.Job instance at 0x7fea045094b0>,28,26,[7 3],29,159,185,130,156
1,<environment.Job instance at 0x7fea0b1b2730>,5,28,[5 5],6,6,34,0,6
1,<environment.Job instance at 0x7fea044b2320>,7,24,[10  2],8,8,32,0,8
1,<environment.Job instance at 0x7fea044b1550>,9,19,[ 5 10],10,32,51,22,22
1,<environment.Job instance at 0x7fea045bbe10>,11,28,[ 1 12],12,51,79,39,50
1,<environment.Job instance at 0x7fea044ccd70>,8,2,[ 4 13],9,79,81,70,52
1,<environment.Job instance at 0x7fea044cc8c0>,6,19,[ 1 12],7,142,161,135,142
1,<environment.Job instance at 0x7fea0b0759b0>,3,20,[9 4],4,4,24,0,4
1,<environment.Job instance at 0x7fea0481f3c0>,4,20,[5 1],5,6,26,1,6
1,<environment.Job instance at 0x7fe9c0a4b640>,8,25,[12  1],9,26,51,17,22
1,<environment.Job instance at 0x7fe9c0c32a00>,12,24,[9 5],13,51,75,38,46
1,<environment.Job instance at 0x7fe9c0a4b140>,11,19,[ 4 11],12,75,94,63,65
1,<environment.Job instance at 0x7fea0acc8f00>,21,27,[ 2 11],22,94,121,72,92
1,<environment.Job instance at 0x7fea04175280>,23,19,[2 8],24,121,140,97,111
1,<environment.Job instance at 0x7fea0acc4a00>,26,26,[9 2],27,120,146,93,120
1,<environment.Job instance at 0x7fea0acc4e60>,28,20,[ 1 13],29,142,162,113,142
1,<environment.Job instance at 0x7fea0acc45a0>,32,23,[ 3 10],33,162,185,129,156
1,<environment.Job instance at 0x7fea0acc4be0>,36,24,[1 9],37,185,209,148,180
1,<environment.Job instance at 0x7fea0acc9500>,41,26,[13  1],42,190,216,148,190
1,<environment.Job instance at 0x7fea0acc9fa0>,44,19,[ 5 13],45,228,247,183,228
1,<environment.Job instance at 0x7fea0acd5550>,46,25,[3 9],47,247,272,200,243
1,<environment.Job instance at 0x7fea0acd5d20>,55,19,[4 5],56,273,292,217,273
1,<environment.Job instance at 0x7fea047ee410>,1,19,[2 9],2,4,23,2,4
1,<environment.Job instance at 0x7fea0ad43190>,5,25,[5 3],6,6,31,0,6
1,<environment.Job instance at 0x7fea0b03a500>,10,27,[ 2 10],11,23,50,12,21
1,<environment.Job instance at 0x7fea0b03afa0>,13,2,[ 1 13],14,50,52,36,49
1,<environment.Job instance at 0x7fea0af6c8c0>,15,28,[ 2 14],16,52,80,36,51
1,<environment.Job instance at 0x7fea0af6caf0>,16,28,[5 1],17,51,79,34,51
1,<environment.Job instance at 0x7fea0af6c370>,17,22,[8 3],18,80,102,62,73
1,<environment.Job instance at 0x7fea0af6c550>,19,21,[ 1 11],20,81,102,61,81
1,<environment.Job instance at 0x7fea0439ea50>,25,26,[2 9],26,102,128,76,99
1,<environment.Job instance at 0x7fea0439e6e0>,21,21,[8 2],22,102,123,80,99
1,<environment.Job instance at 0x7fe9c0ac6190>,2,25,[10  5],3,3,28,0,3
1,<environment.Job instance at 0x7fe9c0ac6af0>,6,28,[4 6],7,7,35,0,7
1,<environment.Job instance at 0x7fea043ecd70>,7,26,[2 6],8,28,54,20,25
1,<environment.Job instance at 0x7fea043ecaa0>,8,20,[9 3],9,28,48,19,25
1,<environment.Job instance at 0x7fea0452caf0>,16,26,[8 2],17,48,74,31,45
1,<environment.Job instance at 0x7fea0452c410>,17,26,[5 7],18,48,74,30,45
1,<environment.Job instance at 0x7fea0452c280>,19,26,[11  1],20,74,100,54,71
1,<environment.Job instance at 0x7fea0ac0fe60>,15,1,[ 1 13],16,81,82,65,81
1,<environment.Job instance at 0x7fea0abae780>,27,24,[1 5],28,85,109,57,85
1,<environment.Job instance at 0x7fea0abaeaf0>,28,23,[6 3],29,100,123,71,94
1,<environment.Job instance at 0x7fe9c0d0e7d0>,11,21,[10  5],12,23,44,11,23
1,<environment.Job instance at 0x7fe9c0d0eaf0>,16,28,[ 1 14],17,91,119,74,91
1,<environment.Job instance at 0x7fea0b8f6550>,3,23,[4 5],4,4,27,0,4
1,<environment.Job instance at 0x7fea0417acd0>,6,22,[ 2 12],7,27,49,20,20
1,<environment.Job instance at 0x7fea0417a2d0>,8,28,[11  4],9,49,77,40,48
1,<environment.Job instance at 0x7fea0417a500>,9,1,[4 9],10,49,50,39,48
1,<environment.Job instance at 0x7fea045be6e0>,11,22,[2 7],12,50,72,38,48
1,<environment.Job instance at 0x7fea0b069a00>,15,28,[1 7],16,72,100,56,71
1,<environment.Job instance at 0x7fea045be2d0>,19,19,[ 5 10],20,100,119,80,90
1,<environment.Job instance at 0x7fea045da9b0>,2,19,[ 3 12],3,119,138,116,111
1,<environment.Job instance at 0x7fea045b8be0>,22,27,[8 5],23,138,165,115,136
1,<environment.Job instance at 0x7fea0438ddc0>,24,25,[ 1 12],25,165,190,140,161
1,<environment.Job instance at 0x7fea0416baf0>,27,20,[14  5],28,190,210,162,181
1,<environment.Job instance at 0x7fe9c09b6b90>,28,25,[ 3 12],29,210,235,181,206
1,<environment.Job instance at 0x7fe9d3ea6910>,1,20,[ 4 14],2,3,23,1,3
1,<environment.Job instance at 0x7fea0ac50910>,4,25,[ 5 12],5,23,48,18,19
1,<environment.Job instance at 0x7fea0aee9aa0>,17,25,[8 1],18,34,59,16,34
1,<environment.Job instance at 0x7fe9c0826690>,11,20,[ 2 10],12,48,68,36,42
1,<environment.Job instance at 0x7fea042f5aa0>,20,21,[7 4],21,60,81,39,60
1,<environment.Job instance at 0x7fea042f5820>,22,25,[4 5],23,68,93,45,64
1,<environment.Job instance at 0x7fea0b255550>,23,25,[10  3],24,81,106,57,77
1,<environment.Job instance at 0x7fea0445adc0>,25,28,[13  4],26,106,134,80,105
1,<environment.Job instance at 0x7fea0445aa00>,26,20,[13  2],27,135,155,108,135
1,<environment.Job instance at 0x7fe9c05d65f0>,0,22,[10  5],1,1,23,0,1
1,<environment.Job instance at 0x7fe9c0993820>,5,22,[1 5],6,6,28,0,6
1,<environment.Job instance at 0x7fe9c05d6f50>,3,25,[6 2],4,23,48,19,19
1,<environment.Job instance at 0x7fe9c05d60f0>,4,24,[5 2],5,23,47,18,19
1,<environment.Job instance at 0x7fe9c08b5730>,13,23,[6 3],14,47,70,33,41
1,<environment.Job instance at 0x7fe9c09930a0>,14,20,[1 7],15,47,67,32,47
1,<environment.Job instance at 0x7fea0ae267d0>,1,3,[ 5 13],2,70,73,68,49
1,<environment.Job instance at 0x7fe9c08b54b0>,12,21,[14  2],13,73,94,60,65
1,<environment.Job instance at 0x7fe9c0b80460>,17,25,[5 8],18,94,119,76,90
1,<environment.Job instance at 0x7fe9c0b80050>,18,26,[5 8],19,119,145,100,116
1,<environment.Job instance at 0x7fea04576460>,24,23,[5 5],25,125,148,100,125
1,<environment.Job instance at 0x7fe9c0b736e0>,25,1,[7 4],26,145,146,119,125
1,<environment.Job instance at 0x7fea044c9b90>,0,24,[11  2],1,1,25,0,1
1,<environment.Job instance at 0x7fe9c0570140>,5,24,[7 2],6,25,49,19,20
1,<environment.Job instance at 0x7fe9c05709b0>,7,27,[5 1],8,25,52,17,23
1,<environment.Job instance at 0x7fe9c05705f0>,8,22,[10  5],9,49,71,40,42
1,<environment.Job instance at 0x7fe9c0570eb0>,10,20,[4 7],11,52,72,41,43
1,<environment.Job instance at 0x7fe9c05707d0>,15,28,[7 3],16,71,99,55,70
1,<environment.Job instance at 0x7fe9c05705a0>,11,21,[13  2],12,99,120,87,91
1,<environment.Job instance at 0x7fe9c05706e0>,19,20,[1 6],20,92,112,72,92
1,<environment.Job instance at 0x7fe9c0570f00>,21,22,[ 1 10],22,112,134,90,105
1,<environment.Job instance at 0x7fe9c0570190>,22,28,[13  5],23,120,148,97,119
1,<environment.Job instance at 0x7fe9c0597370>,23,23,[9 3],24,148,171,124,142
1,<environment.Job instance at 0x7fea0add7910>,0,28,[12  2],1,1,29,0,1
1,<environment.Job instance at 0x7fea044ca460>,6,23,[3 7],7,7,30,0,7
1,<environment.Job instance at 0x7fe9c0a22140>,9,19,[11  4],10,29,48,19,28
1,<environment.Job instance at 0x7fea0b159eb0>,11,25,[3 9],12,30,55,18,28
1,<environment.Job instance at 0x7fe9c0bb22d0>,12,22,[6 5],13,48,70,35,41
1,<environment.Job instance at 0x7fea0add75a0>,3,3,[ 3 12],4,70,73,66,59
1,<environment.Job instance at 0x7fe9c0bb2550>,17,27,[7 4],18,73,100,55,71
1,<environment.Job instance at 0x7fe9c0964dc0>,20,21,[10  3],21,100,121,79,92
1,<environment.Job instance at 0x7fea0adeeb40>,4,18,[11  2],5,2901,2919,2896,2901
1,<environment.Job instance at 0x7fea046b6e10>,24,21,[2 5],25,2902,2923,2877,2902
1,<environment.Job instance at 0x7fea0b1ba0f0>,25,28,[1 7],26,2902,2930,2876,2902
1,<environment.Job instance at 0x7fe9c0814410>,27,20,[5 8],28,2923,2943,2895,2914
1,<environment.Job instance at 0x7fe9c0982e60>,28,22,[7 5],29,2930,2952,2901,2923
1,<environment.Job instance at 0x7fea0ac8a550>,29,25,[6 5],30,2943,2968,2913,2939
1,<environment.Job instance at 0x7fea0ac8a3c0>,30,25,[4 7],31,2952,2977,2921,2948
1,<environment.Job instance at 0x7fea0ac1e140>,0,24,[5 6],1,1,25,0,1
1,<environment.Job instance at 0x7fea0ac1ee10>,3,26,[8 5],4,4,30,0,4
1,<environment.Job instance at 0x7fea0ab8d690>,6,26,[ 2 10],7,25,51,18,22
1,<environment.Job instance at 0x7fea0ab8dd20>,11,28,[8 3],12,30,58,18,29
1,<environment.Job instance at 0x7fea0ab8ddc0>,12,26,[11  4],13,58,84,45,55
1,<environment.Job instance at 0x7fea0ab8d730>,4,21,[12  3],5,84,105,79,76
1,<environment.Job instance at 0x7fea0ab8dfa0>,15,27,[ 1 10],16,76,103,60,76
1,<environment.Job instance at 0x7fea0ab8de60>,13,2,[ 3 14],14,105,107,91,99
1,<environment.Job instance at 0x7fe9c0b1d050>,19,28,[ 4 14],20,107,135,87,106
1,<environment.Job instance at 0x7fe9c0b1d280>,24,19,[12  1],25,166,185,141,166
1,<environment.Job instance at 0x7fe9c0b1de60>,27,1,[3 8],28,190,191,162,190
1,<environment.Job instance at 0x7fe9c0b1dcd0>,30,28,[6 2],31,216,244,185,216
1,<environment.Job instance at 0x7fe9c0b1df50>,31,21,[5 2],32,216,237,184,216
1,<environment.Job instance at 0x7fe9c0b1dd20>,32,23,[8 2],33,237,260,204,231
1,<environment.Job instance at 0x7fe9c0cc5690>,1,23,[10  4],2,2,25,0,2
1,<environment.Job instance at 0x7fe9c0c54c80>,4,21,[ 3 13],5,25,46,20,17
1,<environment.Job instance at 0x7fe9c06ba3c0>,0,3,[11  1],1,27,30,26,27
1,<environment.Job instance at 0x7fea0af61550>,0,21,[9 1],1,1,22,0,1
1,<environment.Job instance at 0x7fea0af61370>,2,23,[4 8],3,3,26,0,3
1,<environment.Job instance at 0x7fe9c07325a0>,3,26,[6 1],4,22,48,18,19
1,<environment.Job instance at 0x7fea0b514910>,8,27,[13  2],9,48,75,39,46
1,<environment.Job instance at 0x7fea0b514e10>,9,27,[9 3],10,75,102,65,73
1,<environment.Job instance at 0x7fe9c0a000f0>,25,24,[9 2],26,1420,1444,1394,1420
1,<environment.Job instance at 0x7fea0425c780>,6,22,[ 4 10],7,7,29,0,7
1,<environment.Job instance at 0x7fea0425cbe0>,10,26,[3 5],11,11,37,0,11
1,<environment.Job instance at 0x7fea0acca910>,12,23,[10  2],13,29,52,16,23
1,<environment.Job instance at 0x7fea04230be0>,15,23,[1 6],16,30,53,14,30
1,<environment.Job instance at 0x7fea04230500>,16,26,[2 9],17,52,78,35,49
1,<environment.Job instance at 0x7fea04230140>,17,28,[13  1],18,53,81,35,52
1,<environment.Job instance at 0x7fea0425c820>,7,1,[ 1 12],8,78,79,70,75
1,<environment.Job instance at 0x7fea042300a0>,26,22,[13  4],27,101,123,74,101
1,<environment.Job instance at 0x7fea0ac776e0>,0,23,[5 3],1,1,24,0,1
1,<environment.Job instance at 0x7fea04230d20>,2,28,[4 6],3,3,31,0,3
1,<environment.Job instance at 0x7fea046ce230>,8,20,[ 5 10],9,31,51,22,22
1,<environment.Job instance at 0x7fea0afda5f0>,10,23,[ 1 10],11,51,74,40,45
1,<environment.Job instance at 0x7fea0afdaeb0>,14,28,[5 9],15,74,102,59,73
1,<environment.Job instance at 0x7fea0b7ac820>,20,28,[3 8],21,102,130,81,101
1,<environment.Job instance at 0x7fe9c0bd2500>,21,1,[5 2],22,101,102,79,101
1,<environment.Job instance at 0x7fea044041e0>,2,25,[9 4],3,3,28,0,3
1,<environment.Job instance at 0x7fea044045f0>,8,3,[12  1],9,28,31,19,9
1,<environment.Job instance at 0x7fea0417e460>,11,25,[5 2],12,31,56,19,27
1,<environment.Job instance at 0x7fea0417ec30>,13,23,[10  2],14,31,54,17,27
1,<environment.Job instance at 0x7fea0417e050>,15,24,[13  4],16,56,80,40,51
1,<environment.Job instance at 0x7fea0417e230>,17,27,[ 5 10],18,80,107,62,78
1,<environment.Job instance at 0x7fea0417eaa0>,21,21,[ 5 11],22,107,128,85,99
1,<environment.Job instance at 0x7fea0417e550>,23,27,[4 9],24,128,155,104,126
1,<environment.Job instance at 0x7fea0417e2d0>,24,20,[12  4],25,155,175,130,146
1,<environment.Job instance at 0x7fea0417e640>,27,1,[ 4 10],28,175,176,147,150
1,<environment.Job instance at 0x7fea043126e0>,31,26,[5 2],32,175,201,143,172
1,<environment.Job instance at 0x7fea04312c30>,33,24,[14  3],34,201,225,167,196
1,<environment.Job instance at 0x7fe9c071f7d0>,0,22,[6 5],1,1,23,0,1
1,<environment.Job instance at 0x7fe9c0482460>,3,19,[8 5],4,4,23,0,4
1,<environment.Job instance at 0x7fea0b690b90>,12,24,[10  3],13,24,48,11,24
1,<environment.Job instance at 0x7fea0b6900a0>,23,22,[9 4],24,96,118,72,96
1,<environment.Job instance at 0x7f1d4ee5e550>,0,28,[9 3],1,1,29,0,1
1,<environment.Job instance at 0x7f1d4ee5e370>,2,22,[4 8],3,3,25,0,3
1,<environment.Job instance at 0x7f1d4ee5e460>,1,22,[11  3],2,29,51,27,22
1,<environment.Job instance at 0x7f1d4bd04dc0>,7,25,[6 2],8,51,76,43,47
1,<environment.Job instance at 0x7f1d4bd04d20>,6,20,[6 1],7,51,71,44,47
1,<environment.Job instance at 0x7f1d4bd04c80>,5,24,[1 5],6,53,77,47,53
1,<environment.Job instance at 0x7f1d4bd04e60>,8,22,[14  3],9,76,98,67,69
1,<environment.Job instance at 0x7f1d4bd04b90>,12,26,[ 1 12],13,79,105,66,79
1,<environment.Job instance at 0x7f1d4bd07460>,17,28,[ 5 10],18,105,133,87,104
1,<environment.Job instance at 0x7f1d4eda9b90>,2,20,[5 3],3,3,23,0,3
1,<environment.Job instance at 0x7f1d4ee8d6e0>,3,27,[8 5],4,4,31,0,4
1,<environment.Job instance at 0x7f1d4efde0f0>,6,20,[ 3 10],7,23,43,16,14
1,<environment.Job instance at 0x7f1d4efde5a0>,11,23,[1 5],12,31,54,19,30
1,<environment.Job instance at 0x7f1d4efdea50>,14,20,[10  2],15,43,63,28,35
1,<environment.Job instance at 0x7f1d4efd5c80>,18,27,[ 1 10],19,56,83,37,56
1,<environment.Job instance at 0x7f1d0609f8c0>,0,19,[8 2],1,2,21,1,2
1,<environment.Job instance at 0x7f1d4efd5640>,2,27,[5 6],3,3,30,0,3
1,<environment.Job instance at 0x7f1d06006050>,4,22,[12  5],5,30,52,25,23
1,<environment.Job instance at 0x7f1d4efd57d0>,3,24,[12  3],4,52,76,48,47
1,<environment.Job instance at 0x7f1d06006eb0>,7,23,[14  4],8,76,99,68,70
1,<environment.Job instance at 0x7f1d06006d20>,11,21,[6 5],12,99,120,87,91
1,<environment.Job instance at 0x7f1d06006f50>,12,26,[ 5 12],13,120,146,107,117
1,<environment.Job instance at 0x7f1d0662b1e0>,4,22,[12  4],5,5,27,0,5
1,<environment.Job instance at 0x7f1d0662b370>,5,23,[1 7],6,6,29,0,6
1,<environment.Job instance at 0x7f1d064cec80>,10,25,[9 3],11,27,52,16,23
1,<environment.Job instance at 0x7f1d064ce960>,12,22,[5 3],13,27,49,14,23
1,<environment.Job instance at 0x7f1d064ceb40>,16,3,[ 2 12],17,49,52,32,46
1,<environment.Job instance at 0x7f1d064ce5f0>,17,21,[1 9],18,52,73,34,46
1,<environment.Job instance at 0x7f1d0617f5a0>,2,24,[7 5],3,3,27,0,3
1,<environment.Job instance at 0x7f1d0617f9b0>,4,28,[2 7],5,5,33,0,5
1,<environment.Job instance at 0x7f1d066c2690>,5,28,[9 2],6,27,55,21,26
1,<environment.Job instance at 0x7f1d066c2960>,9,22,[2 7],10,33,55,23,26
1,<environment.Job instance at 0x7f1d066c2c80>,17,19,[10  5],18,55,74,37,52
1,<environment.Job instance at 0x7f1d066c2a00>,10,20,[ 3 13],11,74,94,63,66
1,<environment.Job instance at 0x7f1d066c2f00>,20,25,[6 2],21,74,99,53,70
1,<environment.Job instance at 0x7f1d066bbdc0>,1,27,[ 4 13],2,2,29,0,2
1,<environment.Job instance at 0x7f1d4c79d050>,2,26,[8 4],3,29,55,26,26
1,<environment.Job instance at 0x7f1d4c0602d0>,9,1,[5 4],10,29,30,19,28
1,<environment.Job instance at 0x7f1d4c060190>,10,25,[ 3 10],11,30,55,19,28
1,<environment.Job instance at 0x7f1d4c0605f0>,12,27,[3 9],13,55,82,42,53
1,<environment.Job instance at 0x7f1d4c060910>,15,24,[1 5],16,55,79,39,53
1,<environment.Job instance at 0x7f1d4c0600f0>,16,23,[3 6],17,79,102,62,73
1,<environment.Job instance at 0x7f1d4c786c80>,18,21,[8 3],19,82,103,63,74
1,<environment.Job instance at 0x7f1d4c786a00>,19,26,[9 4],20,103,129,83,100
1,<environment.Job instance at 0x7f1d066bbeb0>,0,3,[11  3],1,129,132,128,105
1,<environment.Job instance at 0x7f1d4c786050>,24,25,[1 5],25,120,145,95,120
1,<environment.Job instance at 0x7f1d4bb33b40>,0,25,[4 5],1,1,26,0,1
1,<environment.Job instance at 0x7f1d062844b0>,1,25,[6 3],2,2,27,0,2
1,<environment.Job instance at 0x7f1d4bf4deb0>,7,26,[ 1 13],8,27,53,19,24
1,<environment.Job instance at 0x7f1d4bf4d4b0>,8,22,[3 9],9,53,75,44,46
1,<environment.Job instance at 0x7f1d0626fb90>,2,2,[11  1],3,66,68,63,66
1,<environment.Job instance at 0x7f1d4bf8c6e0>,12,20,[2 6],13,70,90,57,70
1,<environment.Job instance at 0x7f1d4c493370>,14,25,[2 8],15,75,100,60,71
1,<environment.Job instance at 0x7f1d4c493a50>,16,2,[ 5 13],17,100,102,83,99
1,<environment.Job instance at 0x7f1d4c493230>,17,24,[2 7],18,102,126,84,99
1,<environment.Job instance at 0x7f1d4bad96e0>,0,23,[2 7],1,1,24,0,1
1,<environment.Job instance at 0x7f1d4c493230>,2,28,[1 7],3,3,31,0,3
1,<environment.Job instance at 0x7f1d4c7cc0f0>,4,22,[6 5],5,24,46,19,17
1,<environment.Job instance at 0x7f1d05e99d20>,8,22,[5 2],9,24,46,15,17
1,<environment.Job instance at 0x7f1d062d03c0>,12,21,[4 8],13,31,52,18,25
1,<environment.Job instance at 0x7f1d05ec2d20>,14,21,[3 8],15,52,73,37,44
1,<environment.Job instance at 0x7f1d05ec2d70>,15,25,[ 5 10],16,73,98,57,69
1,<environment.Job instance at 0x7f1d062d42d0>,18,20,[14  4],19,98,118,79,89
1,<environment.Job instance at 0x7f1d06638e10>,20,27,[ 4 10],21,118,145,97,116
1,<environment.Job instance at 0x7f1d06638410>,21,25,[12  4],22,145,170,123,141
1,<environment.Job instance at 0x7f1d4bbf70f0>,23,27,[3 8],24,145,172,121,143
1,<environment.Job instance at 0x7f1d4bbf7af0>,25,24,[8 4],26,170,194,144,165
1,<environment.Job instance at 0x7f1d4bbf7370>,28,3,[13  2],29,194,197,165,168
1,<environment.Job instance at 0x7f1d4bc17f50>,33,1,[7 4],34,172,173,138,170
1,<environment.Job instance at 0x7f1d4c288780>,5,1,[13  1],6,6,7,0,6
1,<environment.Job instance at 0x7f1d4c288140>,6,19,[2 5],7,7,26,0,7
1,<environment.Job instance at 0x7f1d4c2881e0>,7,24,[1 8],8,8,32,0,8
1,<environment.Job instance at 0x7f1d4c288730>,9,21,[6 5],10,26,47,16,18
1,<environment.Job instance at 0x7f1d4c2886e0>,10,26,[ 1 11],11,47,73,36,44
1,<environment.Job instance at 0x7f1d4ea58dc0>,15,28,[10  3],16,52,80,36,52
1,<environment.Job instance at 0x7f1d4c599820>,19,20,[5 1],20,73,93,53,66
1,<environment.Job instance at 0x7f1d4c5996e0>,20,25,[14  4],21,93,118,72,89
1,<environment.Job instance at 0x7f1d4c288460>,4,2,[ 1 13],5,118,120,113,106
1,<environment.Job instance at 0x7f1d4bf46460>,26,24,[14  2],27,118,142,91,113
1,<environment.Job instance at 0x7f1d4bf465f0>,28,2,[ 2 12],29,142,144,113,139
1,<environment.Job instance at 0x7f1d4bf46f50>,29,23,[ 4 11],30,144,167,114,139
1,<environment.Job instance at 0x7f1d4bf46c30>,31,23,[ 3 13],32,167,190,135,161
1,<environment.Job instance at 0x7f1d4bf46960>,34,24,[ 3 10],35,190,214,155,185
1,<environment.Job instance at 0x7f1d4ed5c780>,40,25,[5 8],41,214,239,173,210
1,<environment.Job instance at 0x7f1d4ed5c320>,41,27,[7 4],42,210,237,168,210
1,<environment.Job instance at 0x7f1d4ed5c3c0>,43,21,[6 4],44,237,258,193,229
1,<environment.Job instance at 0x7f1d4bf46e10>,27,3,[ 5 11],28,240,243,212,240
1,<environment.Job instance at 0x7f1d062f2690>,2,23,[11  2],3,3,26,0,3
1,<environment.Job instance at 0x7f1d4bc87aa0>,4,19,[8 2],5,26,45,21,16
1,<environment.Job instance at 0x7f1d4bb9dd20>,5,19,[14  4],6,45,64,39,35
1,<environment.Job instance at 0x7f1d4bb9d5a0>,9,21,[9 2],10,64,85,54,56
1,<environment.Job instance at 0x7f1d064725f0>,8,26,[8 1],9,9,35,0,9
1,<environment.Job instance at 0x7f1d4c736910>,9,19,[9 5],10,35,54,25,25
1,<environment.Job instance at 0x7f1d4c736fa0>,10,2,[5 3],11,25,27,14,25
1,<environment.Job instance at 0x7f1d4c5184b0>,14,28,[6 1],15,38,66,23,38
1,<environment.Job instance at 0x7f1d0642a140>,15,21,[10  2],16,66,87,50,58
1,<environment.Job instance at 0x7f1d4c7fe820>,18,3,[ 1 13],19,68,71,49,68
1,<environment.Job instance at 0x7f1d4c7a7d70>,20,20,[ 1 10],21,71,91,50,70
1,<environment.Job instance at 0x7f1d4bf4d910>,21,22,[5 3],22,87,109,65,80
1,<environment.Job instance at 0x7f1d4c0b31e0>,25,22,[1 7],26,94,116,68,94
1,<environment.Job instance at 0x7f1d05fca140>,26,20,[5 7],27,109,129,82,100
1,<environment.Job instance at 0x7f1d4c11cc30>,0,1,[ 5 14],1,2,3,1,2
1,<environment.Job instance at 0x7f1d065435a0>,2,26,[ 4 10],3,3,29,0,3
1,<environment.Job instance at 0x7f1d0665fc80>,6,25,[7 3],7,7,32,0,7
1,<environment.Job instance at 0x7f1d0665fbe0>,5,24,[ 5 11],6,29,53,23,24
1,<environment.Job instance at 0x7f1d4c11caa0>,3,2,[ 4 11],4,53,55,49,40
1,<environment.Job instance at 0x7f1d0665fe60>,11,20,[2 9],12,55,75,43,46
1,<environment.Job instance at 0x7f1d06679320>,13,27,[12  4],14,55,82,41,53
1,<environment.Job instance at 0x7f1d06679500>,4,26,[1 5],5,5,31,0,5
1,<environment.Job instance at 0x7f1d4bf489b0>,5,22,[11  4],6,6,28,0,6
1,<environment.Job instance at 0x7f1d4bf48820>,7,23,[ 4 10],8,28,51,20,22
1,<environment.Job instance at 0x7f1d4bf48fa0>,6,21,[11  3],7,31,52,24,23
1,<environment.Job instance at 0x7f1d4bf48aa0>,12,2,[ 1 14],13,52,54,39,49
1,<environment.Job instance at 0x7f1d4bf48910>,8,19,[14  3],9,54,73,45,50
1,<environment.Job instance at 0x7f1d4bf48f00>,16,23,[7 4],17,73,96,56,67
1,<environment.Job instance at 0x7f1d4bf487d0>,17,22,[9 4],18,96,118,78,89
1,<environment.Job instance at 0x7f1d4c18d6e0>,23,20,[5 4],24,92,112,68,92
1,<environment.Job instance at 0x7f1d4c18dd20>,24,28,[10  3],25,118,146,93,117
1,<environment.Job instance at 0x7f1d4c18d140>,25,25,[12  3],26,146,171,120,142
1,<environment.Job instance at 0x7f1d05e27e10>,4,21,[6 4],5,5,26,0,5
1,<environment.Job instance at 0x7f1d05e27aa0>,6,25,[ 5 10],7,7,32,0,7
1,<environment.Job instance at 0x7f1d0662b0f0>,7,26,[9 3],8,26,52,18,23
1,<environment.Job instance at 0x7f1d0662b4b0>,8,26,[ 1 12],9,32,58,23,29
1,<environment.Job instance at 0x7f1d0662b460>,9,28,[3 6],10,58,86,48,57
1,<environment.Job instance at 0x7f1d06592dc0>,1,19,[12  1],2,57,76,55,57
1,<environment.Job instance at 0x7f1d0662b960>,15,2,[ 4 12],16,86,88,70,73
1,<environment.Job instance at 0x7f1d0662b1e0>,16,1,[10  1],17,76,77,59,73
1,<environment.Job instance at 0x7f1d0662b190>,17,28,[3 6],18,88,116,70,87
1,<environment.Job instance at 0x7f1d0662bb90>,19,19,[13  1],20,173,192,153,173
1,<environment.Job instance at 0x7f1d4c29c550>,24,28,[6 5],25,192,220,167,191
1,<environment.Job instance at 0x7f1d4c29c780>,26,21,[7 3],27,192,213,165,191
1,<environment.Job instance at 0x7f1d4c29c820>,32,25,[4 6],33,222,247,189,222
1,<environment.Job instance at 0x7f1d0614fa50>,34,24,[7 5],35,222,246,187,222
1,<environment.Job instance at 0x7f1d0614f7d0>,36,21,[14  1],37,247,268,210,239
1,<environment.Job instance at 0x7f1d05de65a0>,0,20,[5 6],1,1,21,0,1
1,<environment.Job instance at 0x7f1d06269a50>,5,26,[13  4],6,21,47,15,18
1,<environment.Job instance at 0x7f1d4c00f7d0>,2,25,[13  4],3,47,72,44,43
1,<environment.Job instance at 0x7f1d0614fd70>,1,1,[ 5 13],2,72,73,70,49
1,<environment.Job instance at 0x7f1d06269d70>,7,21,[ 2 13],8,73,94,65,65
1,<environment.Job instance at 0x7f1d06269f00>,11,24,[ 2 13],12,94,118,82,89
1,<environment.Job instance at 0x7f1d062876e0>,0,22,[ 1 12],1,1,23,0,1
1,<environment.Job instance at 0x7f1d062875f0>,3,25,[5 6],4,23,48,19,19
1,<environment.Job instance at 0x7f1d05dd6f50>,4,26,[ 3 12],5,48,74,43,45
1,<environment.Job instance at 0x7f1d05dd6280>,7,27,[5 7],8,74,101,66,72
1,<environment.Job instance at 0x7f1d05dd60a0>,11,23,[11  4],12,101,124,89,95
1,<environment.Job instance at 0x7f1d05dd62d0>,13,23,[2 7],14,96,119,82,96
1,<environment.Job instance at 0x7f1d05dd67d0>,8,20,[ 4 14],9,124,144,115,123
1,<environment.Job instance at 0x7f1d05dd6190>,15,2,[ 1 12],16,144,146,128,136
1,<environment.Job instance at 0x7f1d4c0196e0>,18,28,[6 4],19,146,174,127,145
1,<environment.Job instance at 0x7f1d4c019550>,21,25,[ 2 14],22,174,199,152,170
1,<environment.Job instance at 0x7f1d4c019690>,25,3,[ 3 14],26,199,202,173,196
1,<environment.Job instance at 0x7f1d4c019a00>,26,27,[10  1],27,196,223,169,196
1,<environment.Job instance at 0x7f1d4c0198c0>,30,28,[13  5],31,223,251,192,222
1,<environment.Job instance at 0x7f1d0629faa0>,34,2,[ 2 14],35,251,253,216,250
1,<environment.Job instance at 0x7f1d4bbee960>,0,24,[11  5],1,1,25,0,1
1,<environment.Job instance at 0x7f1d05f6f2d0>,7,27,[5 7],8,25,52,17,23
1,<environment.Job instance at 0x7f1d05f6f5a0>,9,21,[12  3],10,52,73,42,44
1,<environment.Job instance at 0x7f1d4c7415a0>,0,21,[13  2],1,1,22,0,1
1,<environment.Job instance at 0x7f1d4bb1cd20>,11,23,[13  3],12,22,45,10,16
1,<environment.Job instance at 0x7f1d064c0640>,1,25,[4 9],2,2,27,0,2
1,<environment.Job instance at 0x7f1d4c51a2d0>,8,20,[5 6],9,9,29,0,9
1,<environment.Job instance at 0x7f1d4c50b0f0>,15,20,[3 7],16,29,49,13,29
1,<environment.Job instance at 0x7f1d4c50bb40>,17,21,[1 7],18,43,64,25,43
1,<environment.Job instance at 0x7f1d4bbe2960>,5,1,[6 3],6,6,7,0,6
1,<environment.Job instance at 0x7f1d4ed91370>,6,19,[7 1],7,7,26,0,7
1,<environment.Job instance at 0x7f1d06479a50>,9,19,[2 7],10,10,29,0,10
1,<environment.Job instance at 0x7f1d06479050>,10,24,[4 5],11,11,35,0,11
1,<environment.Job instance at 0x7f1d06479af0>,13,25,[ 5 10],14,29,54,15,25
1,<environment.Job instance at 0x7f1d4c322820>,18,27,[7 4],19,49,76,30,49
1,<environment.Job instance at 0x7f6169df3550>,0,28,[9 3],1,1,29,0,1
1,<environment.Job instance at 0x7f6169df3370>,2,22,[4 8],3,3,25,0,3
1,<environment.Job instance at 0x7f6169df3460>,1,22,[11  3],2,29,51,27,22
1,<environment.Job instance at 0x7f61629e5dc0>,7,25,[6 2],8,51,76,43,47
1,<environment.Job instance at 0x7f61629e5d20>,6,20,[6 1],7,51,71,44,47
1,<environment.Job instance at 0x7f61629e5c80>,5,24,[1 5],6,53,77,47,53
1,<environment.Job instance at 0x7f61629e5e60>,8,22,[14  3],9,76,98,67,69
1,<environment.Job instance at 0x7f61629e5a50>,12,26,[ 1 12],13,83,109,70,83
1,<environment.Job instance at 0x7f61629e8460>,17,28,[ 5 10],18,109,137,91,108
1,<environment.Job instance at 0x7f61629e5aa0>,3,18,[ 4 14],4,1424,1442,1420,1424
1,<environment.Job instance at 0x7f61629ef8c0>,1,23,[1 5],2,2,25,0,2
1,<environment.Job instance at 0x7f6169f6fa50>,4,20,[10  2],5,5,25,0,5
1,<environment.Job instance at 0x7f6169f63a50>,8,27,[ 1 10],9,25,52,16,23
1,<environment.Job instance at 0x7f6169f686e0>,12,28,[5 1],13,25,53,12,24
1,<environment.Job instance at 0x7f6169f63370>,11,21,[10  2],12,52,73,40,44
1,<environment.Job instance at 0x7f6169f669b0>,24,20,[13  1],25,73,93,48,73
1,<environment.Job instance at 0x7f6169e1e4b0>,29,21,[ 1 11],30,79,100,49,79
1,<environment.Job instance at 0x7f611ed7ec30>,2,27,[2 6],3,3,30,0,3
1,<environment.Job instance at 0x7f611ed7eaf0>,4,22,[8 1],5,5,27,0,5
1,<environment.Job instance at 0x7f6169e1e730>,7,1,[ 4 11],8,30,31,22,12
1,<environment.Job instance at 0x7f611ed93460>,11,22,[7 5],12,31,53,19,24
1,<environment.Job instance at 0x7f611ed93550>,8,23,[ 2 14],9,53,76,44,48
1,<environment.Job instance at 0x7f611ed93c80>,14,28,[5 6],15,76,104,61,75
1,<environment.Job instance at 0x7f611ed93780>,17,20,[14  5],18,104,124,86,95
1,<environment.Job instance at 0x7f611ed934b0>,19,3,[ 1 12],20,124,127,104,116
1,<environment.Job instance at 0x7f6169e1e410>,3,24,[ 2 14],4,127,151,123,122
1,<environment.Job instance at 0x7f611ed93910>,22,22,[4 8],23,151,173,128,144
1,<environment.Job instance at 0x7f611ed93be0>,23,25,[6 1],24,144,169,120,144
1,<environment.Job instance at 0x7f611ed93c30>,16,19,[11  3],17,169,188,152,165
1,<environment.Job instance at 0x7f611ed93f50>,24,20,[ 1 14],25,188,208,163,179
1,<environment.Job instance at 0x7f611edd3af0>,29,23,[ 1 14],30,208,231,178,202
1,<environment.Job instance at 0x7f611ed97960>,0,26,[10  5],1,1,27,0,1
1,<environment.Job instance at 0x7f611edb78c0>,7,27,[2 9],8,8,35,0,8
1,<environment.Job instance at 0x7f611edb71e0>,8,21,[9 4],9,27,48,18,19
1,<environment.Job instance at 0x7f611ee146e0>,12,28,[2 8],13,35,63,22,34
1,<environment.Job instance at 0x7f611edb77d0>,4,21,[ 4 12],5,63,84,58,55
1,<environment.Job instance at 0x7f611ee14d20>,17,20,[5 3],18,55,75,37,55
1,<environment.Job instance at 0x7f611ee14c80>,22,24,[7 5],23,84,108,61,79
1,<environment.Job instance at 0x7f611ee14960>,24,28,[2 7],25,86,114,61,86
1,<environment.Job instance at 0x7f611ee145f0>,25,28,[9 2],26,108,136,82,107
1,<environment.Job instance at 0x7f611ee147d0>,26,22,[6 1],27,114,136,87,107
1,<environment.Job instance at 0x7f611f313cd0>,29,22,[2 7],30,136,158,106,129
1,<environment.Job instance at 0x7f611edb7460>,3,2,[13  3],4,148,150,144,148
1,<environment.Job instance at 0x7f611f313230>,30,20,[ 3 13],31,158,178,127,149
1,<environment.Job instance at 0x7f611f09e6e0>,0,23,[7 3],1,1,24,0,1
1,<environment.Job instance at 0x7f611f3130f0>,2,20,[9 3],3,24,44,21,16
1,<environment.Job instance at 0x7f611ed80230>,3,24,[14  3],4,44,68,40,39
1,<environment.Job instance at 0x7f611f0e9b40>,7,28,[4 5],8,68,96,60,67
1,<environment.Job instance at 0x7f611f0e9af0>,5,21,[12  3],6,96,117,90,88
1,<environment.Job instance at 0x7f611f0e9f00>,12,26,[8 4],13,117,143,104,114
1,<environment.Job instance at 0x7f611f0e9eb0>,10,3,[11  3],11,143,146,132,133
1,<environment.Job instance at 0x7f611f0e9dc0>,11,27,[ 4 13],12,146,173,134,144
1,<environment.Job instance at 0x7f611f0d1370>,20,25,[ 3 10],21,173,198,152,169
1,<environment.Job instance at 0x7f611f0d1550>,22,27,[3 9],23,198,225,175,196
1,<environment.Job instance at 0x7f611f0d15f0>,25,24,[1 5],26,198,222,172,198
1,<environment.Job instance at 0x7f611f0d17d0>,26,23,[3 6],27,222,245,195,216
1,<environment.Job instance at 0x7f611f0d1910>,28,21,[8 3],29,225,246,196,220
1,<environment.Job instance at 0x7f611f0d19b0>,29,26,[9 4],30,246,272,216,243
1,<environment.Job instance at 0x7f611f0e9c80>,9,22,[14  1],10,272,294,262,265
1,<environment.Job instance at 0x7f611f0d1cd0>,34,25,[1 5],35,274,299,239,274
1,<environment.Job instance at 0x7f611f0e5690>,0,25,[4 5],1,1,26,0,1
1,<environment.Job instance at 0x7f611f0d1e10>,1,25,[6 3],2,2,27,0,2
1,<environment.Job instance at 0x7f6167480dc0>,7,26,[ 1 13],8,27,53,19,24
1,<environment.Job instance at 0x7f6167480460>,8,22,[3 9],9,53,75,44,46
1,<environment.Job instance at 0x7f611f0e55a0>,2,2,[11  1],3,46,48,43,46
1,<environment.Job instance at 0x7f6167480410>,12,20,[2 6],13,53,73,40,49
1,<environment.Job instance at 0x7f6167480320>,14,25,[2 8],15,75,100,60,71
1,<environment.Job instance at 0x7f611ec64c80>,16,2,[ 5 13],17,100,102,83,74
1,<environment.Job instance at 0x7f611ec64870>,17,24,[2 7],18,75,99,57,74
1,<environment.Job instance at 0x7f6162865780>,2,21,[4 8],3,3,24,0,3
1,<environment.Job instance at 0x7f6166fd9460>,5,25,[ 5 10],6,24,49,18,20
1,<environment.Job instance at 0x7f6166fd9500>,4,21,[3 8],5,49,70,44,41
1,<environment.Job instance at 0x7f6162c649b0>,8,20,[14  4],9,70,90,61,61
1,<environment.Job instance at 0x7f6162d5fe10>,10,27,[ 4 10],11,90,117,79,88
1,<environment.Job instance at 0x7f611f1e5140>,11,25,[12  4],12,117,142,105,113
1,<environment.Job instance at 0x7f6162e8a500>,13,27,[3 8],14,117,144,103,115
1,<environment.Job instance at 0x7f611ee503c0>,15,24,[8 4],16,142,166,126,137
1,<environment.Job instance at 0x7f611f02dc80>,18,3,[13  2],19,166,169,147,140
1,<environment.Job instance at 0x7f611f12c0a0>,23,1,[7 4],24,144,145,120,142
1,<environment.Job instance at 0x7f611ec82f00>,30,26,[9 4],31,190,216,159,190
1,<environment.Job instance at 0x7f611eea10f0>,34,22,[ 1 12],35,216,238,181,211
1,<environment.Job instance at 0x7f6167404af0>,36,26,[ 3 12],37,238,264,201,235
1,<environment.Job instance at 0x7f61629826e0>,0,25,[14  4],1,1,26,0,1
1,<environment.Job instance at 0x7f61670ac280>,9,23,[ 4 11],10,26,49,16,21
1,<environment.Job instance at 0x7f61670ac410>,6,24,[14  2],7,49,73,42,44
1,<environment.Job instance at 0x7f61670ac5a0>,11,23,[ 3 13],12,73,96,61,67
1,<environment.Job instance at 0x7f61670ac8c0>,14,24,[ 3 10],15,96,120,81,91
1,<environment.Job instance at 0x7f61670ac500>,8,2,[ 2 12],9,120,122,111,94
1,<environment.Job instance at 0x7f61670ac3c0>,7,3,[ 5 11],8,122,125,114,98
1,<environment.Job instance at 0x7f61670acc30>,20,25,[5 8],21,125,150,104,121
1,<environment.Job instance at 0x7f61670acc80>,21,27,[7 4],22,122,149,100,121
1,<environment.Job instance at 0x7f61670ace60>,23,21,[6 4],24,149,170,125,141
1,<environment.Job instance at 0x7f61670d9370>,32,23,[11  2],33,170,193,137,164
1,<environment.Job instance at 0x7f61670d94b0>,34,19,[8 2],35,202,221,167,202
1,<environment.Job instance at 0x7f61670d9550>,35,19,[14  4],36,256,275,220,256
1,<environment.Job instance at 0x7f61628d3d20>,3,24,[11  3],4,4,28,0,4
1,<environment.Job instance at 0x7f61628d3960>,7,23,[10  3],8,28,51,20,22
1,<environment.Job instance at 0x7f611ee52d70>,12,24,[7 5],13,51,75,38,46
1,<environment.Job instance at 0x7f611ee520f0>,13,20,[14  5],14,75,95,61,66
1,<environment.Job instance at 0x7f611ee524b0>,16,27,[5 5],17,95,122,78,93
1,<environment.Job instance at 0x7f61670c8be0>,0,2,[13  5],1,122,124,121,106
1,<environment.Job instance at 0x7f611ee522d0>,15,18,[14  1],16,1893,1911,1877,1893
1,<environment.Job instance at 0x7f6166ffc2d0>,28,26,[8 1],29,1911,1937,1882,1908
1,<environment.Job instance at 0x7f611efd8fa0>,29,19,[9 5],30,1937,1956,1907,1927
1,<environment.Job instance at 0x7f611efd8dc0>,30,2,[5 3],31,1927,1929,1896,1927
1,<environment.Job instance at 0x7f611ec7f280>,32,17,[11  1],33,2487,2504,2454,2487
1,<environment.Job instance at 0x7f6166fd43c0>,0,22,[5 9],1,1,23,0,1
1,<environment.Job instance at 0x7f6166fd4be0>,3,25,[12  3],4,23,48,19,19
1,<environment.Job instance at 0x7f6169d26690>,5,21,[7 1],6,48,69,42,40
1,<environment.Job instance at 0x7f6166fd4230>,2,1,[ 4 14],3,48,49,45,40
1,<environment.Job instance at 0x7f611ed97410>,10,1,[ 5 14],11,49,50,38,40
1,<environment.Job instance at 0x7f611ed97500>,12,26,[ 4 10],13,50,76,37,47
1,<environment.Job instance at 0x7f61676090a0>,13,2,[ 4 11],14,76,78,62,69
1,<environment.Job instance at 0x7f611f0589b0>,15,24,[ 5 11],16,78,102,62,73
1,<environment.Job instance at 0x7f611f058e60>,16,25,[7 3],17,73,98,56,73
1,<environment.Job instance at 0x7f6162e78f00>,19,27,[1 5],20,102,129,82,100
1,<environment.Job instance at 0x7f6162e78be0>,21,20,[2 9],22,103,123,81,103
1,<environment.Job instance at 0x7f611f037fa0>,23,27,[12  4],24,123,150,99,121
1,<environment.Job instance at 0x7f611ed97b40>,8,2,[ 5 14],9,150,152,141,143
1,<environment.Job instance at 0x7f611ed97a50>,4,26,[1 5],5,5,31,0,5
1,<environment.Job instance at 0x7f616277a910>,5,22,[11  4],6,6,28,0,6
1,<environment.Job instance at 0x7f616277aaf0>,7,23,[ 4 10],8,28,51,20,22
1,<environment.Job instance at 0x7f611ed97b40>,6,21,[11  3],7,31,52,24,23
1,<environment.Job instance at 0x7f616277ae60>,12,2,[ 1 14],13,52,54,39,51
1,<environment.Job instance at 0x7f616277aa00>,8,19,[14  3],9,62,81,53,62
1,<environment.Job instance at 0x7f616276d140>,16,23,[7 4],17,81,104,64,75
1,<environment.Job instance at 0x7f616276d1e0>,17,22,[9 4],18,104,126,86,97
1,<environment.Job instance at 0x7f616276d820>,23,20,[5 4],24,101,121,77,101
1,<environment.Job instance at 0x7f616276d870>,24,28,[10  3],25,126,154,101,125
1,<environment.Job instance at 0x7f616276d910>,25,25,[12  3],26,154,179,128,150
1,<environment.Job instance at 0x7f616276da50>,27,20,[6 2],28,179,199,151,170
1,<environment.Job instance at 0x7f6162e4a370>,0,2,[1 6],1,2,4,1,2
1,<environment.Job instance at 0x7f6162d122d0>,5,2,[ 4 12],6,16,18,10,16
1,<environment.Job instance at 0x7f6162d12e10>,7,28,[3 6],8,18,46,10,17
1,<environment.Job instance at 0x7f6162d12eb0>,14,28,[6 5],15,63,91,48,63
1,<environment.Job instance at 0x7f611ebd3370>,16,21,[7 3],17,63,84,46,63
1,<environment.Job instance at 0x7f6162d12a00>,9,19,[13  1],10,102,121,92,102
1,<environment.Job instance at 0x7f611ebd3af0>,22,25,[4 6],23,121,146,98,117
1,<environment.Job instance at 0x7f611ebd35f0>,24,24,[7 5],25,121,145,96,117
1,<environment.Job instance at 0x7f61628e9e10>,26,21,[14  1],27,146,167,119,139
1,<environment.Job instance at 0x7f61628e97d0>,29,24,[4 9],30,167,191,137,162
1,<environment.Job instance at 0x7f61628e9640>,31,20,[6 3],32,167,187,135,162
1,<environment.Job instance at 0x7f6169f615f0>,1,28,[ 5 12],2,2,30,0,2
1,<environment.Job instance at 0x7f61628e94b0>,2,28,[2 6],3,30,58,27,29
1,<environment.Job instance at 0x7f611eda1370>,6,23,[11  3],7,30,53,23,29
1,<environment.Job instance at 0x7f611eda1140>,4,28,[ 1 11],5,58,86,53,57
1,<environment.Job instance at 0x7f61670ad190>,15,27,[6 1],16,57,84,41,57
1,<environment.Job instance at 0x7f61670ad500>,16,22,[5 5],17,86,108,69,79
1,<environment.Job instance at 0x7f61670ad8c0>,19,26,[2 7],20,86,112,66,83
1,<environment.Job instance at 0x7f61670ad0f0>,20,23,[10  3],21,108,131,87,102
1,<environment.Job instance at 0x7f61670adeb0>,22,1,[13  2],23,131,132,108,121
1,<environment.Job instance at 0x7f61670ad690>,24,21,[8 1],25,132,153,107,124
1,<environment.Job instance at 0x7f61670ad280>,25,18,[11  1],26,797,815,771,797
1,<environment.Job instance at 0x7f61670ad730>,26,19,[3 6],27,797,816,770,797
1,<environment.Job instance at 0x7f61670ad230>,30,22,[ 1 12],31,817,839,786,817
1,<environment.Job instance at 0x7f61628355f0>,0,28,[13  5],1,1,29,0,1
1,<environment.Job instance at 0x7f611ee36b90>,9,1,[ 3 12],10,29,30,19,25
1,<environment.Job instance at 0x7f611ee367d0>,11,2,[5 6],12,30,32,18,25
1,<environment.Job instance at 0x7f611ee36370>,4,2,[ 2 14],5,32,34,27,27
1,<environment.Job instance at 0x7f611ee55c80>,13,23,[5 1],14,29,52,15,27
1,<environment.Job instance at 0x7f611ee553c0>,16,26,[ 1 12],17,34,60,17,31
1,<environment.Job instance at 0x7f611ee55e10>,19,20,[3 8],20,60,80,40,51
1,<environment.Job instance at 0x7f611ee55d70>,20,24,[11  5],21,60,84,39,55
1,<environment.Job instance at 0x7f611ed13140>,0,24,[7 3],1,1,25,0,1
1,<environment.Job instance at 0x7f611ee38a50>,2,26,[5 8],3,3,29,0,3
1,<environment.Job instance at 0x7f6162ca1a50>,10,21,[13  2],11,29,50,18,22
1,<environment.Job instance at 0x7f611eddf4b0>,6,2,[ 5 13],7,50,52,43,35
1,<environment.Job instance at 0x7f611f3802d0>,21,23,[13  3],22,55,78,33,55
1,<environment.Job instance at 0x7f6162eb9fa0>,1,25,[4 9],2,2,27,0,2
1,<environment.Job instance at 0x7f6162a90870>,8,20,[5 6],9,9,29,0,9
1,<environment.Job instance at 0x7f6162a90460>,15,20,[3 7],16,34,54,18,34
1,<environment.Job instance at 0x7f6162a900f0>,17,21,[1 7],18,46,67,28,46
1,<environment.Job instance at 0x7f611eaaffa0>,0,24,[4 5],1,1,25,0,1
1,<environment.Job instance at 0x7f616286a960>,3,25,[ 5 10],4,4,29,0,4
1,<environment.Job instance at 0x7f611ec7cb90>,8,27,[7 4],9,25,52,16,23
1,<environment.Job instance at 0x7f61670d6320>,4,23,[5 5],5,5,28,0,5
1,<environment.Job instance at 0x7f611ef8daa0>,7,25,[7 3],8,8,33,0,8
1,<environment.Job instance at 0x7f611ef8d6e0>,5,23,[ 2 12],6,28,51,22,22
1,<environment.Job instance at 0x7f611ef8dc80>,8,1,[12  5],9,51,52,42,44
1,<environment.Job instance at 0x7f611ea56960>,17,21,[7 1],18,52,73,34,44
1,<environment.Job instance at 0x7f6162a4d780>,24,20,[ 2 11],25,74,94,49,74
1,<environment.Job instance at 0x7f61628e5e10>,25,2,[3 9],26,94,96,68,74
1,<environment.Job instance at 0x7f61628e56e0>,27,26,[3 7],28,96,122,68,93
1,<environment.Job instance at 0x7f61676c8dc0>,28,26,[4 6],29,94,120,65,93
1,<environment.Job instance at 0x7f61676c87d0>,30,20,[4 9],31,122,142,91,113
1,<environment.Job instance at 0x7f616714d0a0>,33,20,[1 8],34,142,162,108,133
1,<environment.Job instance at 0x7f61627558c0>,1,22,[10  5],2,2,24,0,2
1,<environment.Job instance at 0x7f6162755780>,8,23,[2 5],9,9,32,0,9
1,<environment.Job instance at 0x7f6162ecee10>,2,1,[ 5 14],3,32,33,29,16
1,<environment.Job instance at 0x7f6162755190>,0,20,[14  2],1,33,53,32,24
1,<environment.Job instance at 0x7f611ed1cd20>,0,21,[2 6],1,1,22,0,1
1,<environment.Job instance at 0x7f6162a62d20>,2,27,[8 3],3,3,30,0,3
1,<environment.Job instance at 0x7f616757b9b0>,7,25,[9 4],8,30,55,22,26
1,<environment.Job instance at 0x7f6162a62780>,1,23,[ 2 12],2,55,78,53,49
1,<environment.Job instance at 0x7f611f174820>,11,28,[ 5 13],12,78,106,66,77
1,<environment.Job instance at 0x7f616759f690>,15,26,[4 9],16,106,132,90,103
1,<environment.Job instance at 0x7f611ececfa0>,16,27,[10  5],17,106,133,89,104
1,<environment.Job instance at 0x7f61673960a0>,13,3,[ 5 14],14,133,136,119,132
1,<environment.Job instance at 0x7f6162a59460>,24,21,[5 6],25,137,158,112,137
1,<environment.Job instance at 0x7f61675a4e10>,25,19,[2 7],26,137,156,111,137
1,<environment.Job instance at 0x7f61675a40f0>,28,2,[6 2],29,175,177,146,175
1,<environment.Job instance at 0x7f61675a4e60>,29,22,[5 4],30,175,197,145,175
1,<environment.Job instance at 0x7f611ea23910>,33,18,[ 1 11],34,1178,1196,1144,1178
1,<environment.Job instance at 0x7f611ea23a50>,34,3,[3 7],35,1196,1199,1161,1178
1,<environment.Job instance at 0x7f506927f190>,0,28,[9 3],1,1,29,0,1
1,<environment.Job instance at 0x7f5069307e10>,2,22,[4 8],3,4,26,1,4
1,<environment.Job instance at 0x7f5061e6f500>,5,24,[1 5],6,26,50,20,21
1,<environment.Job instance at 0x7f5061e6f640>,7,25,[6 2],8,29,54,21,25
1,<environment.Job instance at 0x7f5061e6f6e0>,8,22,[14  3],9,54,76,45,47
1,<environment.Job instance at 0x7f5069307820>,1,22,[11  3],2,76,98,74,69
1,<environment.Job instance at 0x7f5061e6f5a0>,6,20,[6 1],7,98,118,91,89
1,<environment.Job instance at 0x7f5061e6f3c0>,12,26,[ 1 12],13,89,115,76,89
1,<environment.Job instance at 0x7f5061e6fc80>,17,28,[ 5 10],18,115,143,97,114
1,<environment.Job instance at 0x7f5061e786e0>,1,21,[10  2],2,2,23,0,2
1,<environment.Job instance at 0x7f50693ecd70>,2,28,[5 1],3,3,31,0,3
1,<environment.Job instance at 0x7f50692a9eb0>,14,20,[13  1],15,33,53,18,33
1,<environment.Job instance at 0x7f50692a94b0>,17,3,[5 5],18,56,59,38,56
1,<environment.Job instance at 0x7f50692a9e60>,18,2,[ 3 10],19,56,58,37,56
1,<environment.Job instance at 0x7f50693e5d70>,19,21,[ 1 11],20,59,80,39,56
1,<environment.Job instance at 0x7f50693e5dc0>,23,22,[10  2],24,67,89,43,67
1,<environment.Job instance at 0x7f50692a72d0>,26,25,[8 5],27,89,114,62,85
1,<environment.Job instance at 0x7f50692a75f0>,28,22,[ 3 11],29,114,136,85,107
1,<environment.Job instance at 0x7f501e266aa0>,2,22,[4 8],3,3,25,0,3
1,<environment.Job instance at 0x7f50692a70a0>,3,25,[6 1],4,4,29,0,4
1,<environment.Job instance at 0x7f50692a75f0>,4,20,[ 1 14],5,25,45,20,16
1,<environment.Job instance at 0x7f501e266e10>,9,23,[ 1 14],10,45,68,35,39
1,<environment.Job instance at 0x7f501e266b40>,14,22,[12  4],15,68,90,53,61
1,<environment.Job instance at 0x7f501e172fa0>,15,23,[1 7],16,68,91,52,62
1,<environment.Job instance at 0x7f501e225690>,0,20,[ 3 13],1,3,23,2,3
1,<environment.Job instance at 0x7f501e274640>,10,25,[6 2],11,12,37,1,12
1,<environment.Job instance at 0x7f501e274640>,5,20,[10  2],6,6,26,0,6
1,<environment.Job instance at 0x7f50622ce2d0>,6,25,[5 2],7,7,32,0,7
1,<environment.Job instance at 0x7f50622ce320>,8,27,[13  4],9,32,59,23,30
1,<environment.Job instance at 0x7f50622ce460>,9,26,[3 5],10,59,85,49,56
1,<environment.Job instance at 0x7f50622ce6e0>,12,25,[3 9],13,59,84,46,56
1,<environment.Job instance at 0x7f5061c8d4b0>,0,23,[2 7],1,1,24,0,1
1,<environment.Job instance at 0x7f50622ce6e0>,2,28,[1 7],3,3,31,0,3
1,<environment.Job instance at 0x7f5061c8d780>,8,22,[5 2],9,24,46,15,17
1,<environment.Job instance at 0x7f501e533a00>,12,21,[4 8],13,31,52,18,24
1,<environment.Job instance at 0x7f501e533f00>,14,21,[3 8],15,52,73,37,44
1,<environment.Job instance at 0x7f501e533fa0>,15,25,[ 5 10],16,73,98,57,69
1,<environment.Job instance at 0x7f5066770f00>,20,27,[ 4 10],21,98,125,77,96
1,<environment.Job instance at 0x7f50667703c0>,21,25,[12  4],22,125,150,103,121
1,<environment.Job instance at 0x7f501e2f9aa0>,23,27,[3 8],24,125,152,101,123
1,<environment.Job instance at 0x7f501e2f9190>,25,24,[8 4],26,150,174,124,145
1,<environment.Job instance at 0x7f5066770960>,18,20,[14  4],19,174,194,155,168
1,<environment.Job instance at 0x7f501e2f9910>,33,1,[7 4],34,169,170,135,169
1,<environment.Job instance at 0x7f501e2f95f0>,28,3,[13  2],29,194,197,165,181
1,<environment.Job instance at 0x7f5061de3190>,0,25,[14  4],1,1,26,0,1
1,<environment.Job instance at 0x7f501e740a00>,6,24,[14  2],7,26,50,19,21
1,<environment.Job instance at 0x7f501e387280>,9,23,[ 4 11],10,50,73,40,44
1,<environment.Job instance at 0x7f501e2dc5a0>,8,2,[ 2 12],9,73,75,64,46
1,<environment.Job instance at 0x7f501e671fa0>,11,23,[ 3 13],12,75,98,63,69
1,<environment.Job instance at 0x7f5061de5730>,12,3,[8 4],13,69,72,56,69
1,<environment.Job instance at 0x7f501e42f5a0>,14,24,[ 3 10],15,98,122,83,93
1,<environment.Job instance at 0x7f501e6717d0>,7,3,[ 5 11],8,122,125,114,96
1,<environment.Job instance at 0x7f501e42f460>,20,25,[5 8],21,125,150,104,121
1,<environment.Job instance at 0x7f50664feaf0>,21,27,[7 4],22,121,148,99,121
1,<environment.Job instance at 0x7f5061ffc0a0>,23,21,[6 4],24,148,169,124,140
1,<environment.Job instance at 0x7f501e476820>,25,1,[ 1 10],26,150,151,124,140
1,<environment.Job instance at 0x7f5061f42c80>,32,23,[11  2],33,169,192,136,163
1,<environment.Job instance at 0x7f50666f1eb0>,34,19,[8 2],35,192,211,157,182
1,<environment.Job instance at 0x7f50669146e0>,35,19,[14  4],36,211,230,175,203
1,<environment.Job instance at 0x7f5061f091e0>,2,24,[7 5],3,3,27,0,3
1,<environment.Job instance at 0x7f50664f48c0>,6,27,[5 5],7,7,34,0,7
1,<environment.Job instance at 0x7f5066729b40>,3,20,[14  5],4,34,54,30,25
1,<environment.Job instance at 0x7f50664f0230>,18,26,[8 1],19,67,93,48,67
1,<environment.Job instance at 0x7f50664f02d0>,19,19,[9 5],20,93,112,73,83
1,<environment.Job instance at 0x7f50664f0320>,20,2,[5 3],21,83,85,62,83
1,<environment.Job instance at 0x7f50664f0370>,22,17,[11  1],23,118,135,95,118
1,<environment.Job instance at 0x7f50664f47d0>,5,18,[14  1],6,504,522,498,504
1,<environment.Job instance at 0x7f50664f04b0>,24,28,[6 1],25,522,550,497,521
1,<environment.Job instance at 0x7f50664f07d0>,25,21,[10  2],26,550,571,524,542
1,<environment.Job instance at 0x7f50664f0780>,28,3,[ 1 13],29,544,547,515,544
1,<environment.Job instance at 0x7f50664f0b40>,30,20,[ 1 10],31,547,567,516,545
1,<environment.Job instance at 0x7f50664f0820>,31,22,[5 3],32,567,589,535,560
1,<environment.Job instance at 0x7f50664f09b0>,35,22,[1 7],36,573,595,537,573
1,<environment.Job instance at 0x7f50664f0870>,36,20,[5 7],37,589,609,552,580
1,<environment.Job instance at 0x7f501e756c30>,1,20,[2 9],2,2,22,0,2
1,<environment.Job instance at 0x7f50664f0870>,3,27,[12  4],4,4,31,0,4
1,<environment.Job instance at 0x7f5061ed2050>,5,20,[4 7],6,6,26,0,6
1,<environment.Job instance at 0x7f5061ed2370>,6,21,[12  5],7,26,47,19,18
1,<environment.Job instance at 0x7f5061ed2eb0>,8,25,[6 1],9,47,72,38,43
1,<environment.Job instance at 0x7f50692a9e60>,9,24,[11  4],10,72,96,62,67
1,<environment.Job instance at 0x7f506655eb90>,11,27,[5 1],12,96,123,84,94
1,<environment.Job instance at 0x7f50665d85f0>,12,21,[1 6],13,94,115,81,94
1,<environment.Job instance at 0x7f501e47a910>,16,25,[8 3],17,96,121,79,95
1,<environment.Job instance at 0x7f501e585690>,19,18,[7 3],20,121,139,101,115
1,<environment.Job instance at 0x7f501e4d37d0>,24,21,[6 4],25,130,151,105,130
1,<environment.Job instance at 0x7f501e3dc7d0>,21,19,[12  1],22,151,170,129,143
1,<environment.Job instance at 0x7f50668cfaa0>,26,25,[ 5 10],27,170,195,143,166
1,<environment.Job instance at 0x7f50668cf0a0>,27,26,[9 3],28,170,196,142,167
1,<environment.Job instance at 0x7f50668cf870>,28,26,[ 1 12],29,195,221,166,192
1,<environment.Job instance at 0x7f5061d4e550>,29,28,[3 6],30,221,249,191,220
1,<environment.Job instance at 0x7f5066508af0>,30,2,[1 6],31,221,223,190,220
1,<environment.Job instance at 0x7f5066508b90>,31,12,[11  1],32,351,363,319,351
1,<environment.Job instance at 0x7f5061de5820>,0,20,[5 6],1,1,21,0,1
1,<environment.Job instance at 0x7f501e7a3f00>,5,26,[13  4],6,21,47,15,18
1,<environment.Job instance at 0x7f50664feaf0>,2,25,[13  4],3,47,72,44,43
1,<environment.Job instance at 0x7f501e76a0a0>,1,1,[ 5 13],2,72,73,70,60
1,<environment.Job instance at 0x7f501e7a3f50>,7,21,[ 2 13],8,73,94,65,65
1,<environment.Job instance at 0x7f501e7b3460>,11,24,[ 2 13],12,94,118,82,89
1,<environment.Job instance at 0x7f501e513730>,1,25,[ 2 14],2,3,28,1,3
1,<environment.Job instance at 0x7f501e513e10>,6,27,[10  1],7,7,34,0,7
1,<environment.Job instance at 0x7f501e585550>,10,28,[13  5],11,34,62,23,33
1,<environment.Job instance at 0x7f501e585be0>,11,19,[4 8],12,62,81,50,52
1,<environment.Job instance at 0x7f501e513780>,5,3,[ 3 14],6,81,84,75,55
1,<environment.Job instance at 0x7f501e585640>,14,2,[ 2 14],15,84,86,69,57
1,<environment.Job instance at 0x7f501e585690>,16,1,[4 6],17,62,63,45,58
1,<environment.Job instance at 0x7f501e5ca5f0>,19,1,[ 3 12],20,86,87,66,64
1,<environment.Job instance at 0x7f501e5cac80>,21,2,[5 6],22,76,78,54,76
1,<environment.Job instance at 0x7f501e5caa00>,23,23,[5 1],24,77,100,53,77
1,<environment.Job instance at 0x7f501e757f00>,26,26,[ 1 12],27,92,118,65,92
1,<environment.Job instance at 0x7f501e7571e0>,29,20,[3 8],30,118,138,88,109
1,<environment.Job instance at 0x7f501e7572d0>,30,24,[11  5],31,118,142,87,113
1,<environment.Job instance at 0x7f5061c0e410>,0,24,[7 3],1,1,25,0,1
1,<environment.Job instance at 0x7f5061c0ef00>,2,26,[5 8],3,3,29,0,3
1,<environment.Job instance at 0x7f501e2ca5f0>,4,23,[1 5],5,25,48,20,19
1,<environment.Job instance at 0x7f501e65f870>,10,21,[13  2],11,29,50,18,21
1,<environment.Job instance at 0x7f501e65fa00>,6,2,[ 5 13],7,52,54,45,52
1,<environment.Job instance at 0x7f501e0f68c0>,21,23,[13  3],22,65,88,43,65
1,<environment.Job instance at 0x7f501def1af0>,5,20,[3 7],6,6,26,0,6
1,<environment.Job instance at 0x7f50622b7640>,7,21,[1 7],8,8,29,0,8
1,<environment.Job instance at 0x7f50622b74b0>,4,12,[11  4],5,2599,2611,2594,2599
1,<environment.Job instance at 0x7f50622d6c30>,19,27,[11  4],20,2611,2638,2591,2609
1,<environment.Job instance at 0x7f5061d99eb0>,1,23,[ 4 13],2,2,25,0,2
1,<environment.Job instance at 0x7f50622d6550>,2,19,[11  1],3,5,24,2,5
1,<environment.Job instance at 0x7f501e564e10>,8,22,[6 4],9,25,47,16,18
1,<environment.Job instance at 0x7f501e1283c0>,13,3,[2 8],14,25,28,11,25
1,<environment.Job instance at 0x7f501e128690>,15,22,[2 6],16,28,50,12,25
1,<environment.Job instance at 0x7f50620f7a00>,18,23,[5 5],19,30,53,11,30
1,<environment.Job instance at 0x7f506679a0a0>,0,20,[4 9],1,1,21,0,1
1,<environment.Job instance at 0x7f506679a780>,3,20,[1 8],4,21,41,17,12
1,<environment.Job instance at 0x7f501ddfe960>,9,28,[11  4],10,13,41,3,13
1,<environment.Job instance at 0x7f501ddfec30>,10,22,[ 5 12],11,41,63,30,34
1,<environment.Job instance at 0x7f501dfaca00>,12,25,[9 5],13,63,88,50,59
1,<environment.Job instance at 0x7f501dfac190>,13,22,[3 8],14,63,85,49,59
1,<environment.Job instance at 0x7f501dfacc30>,16,22,[ 1 13],17,88,110,71,81
1,<environment.Job instance at 0x7f501dfac5f0>,20,27,[3 6],21,110,137,89,108
1,<environment.Job instance at 0x7f501dfacd70>,21,2,[12  1],22,108,110,86,108
1,<environment.Job instance at 0x7f501dfacf50>,25,27,[8 1],26,124,151,98,124
1,<environment.Job instance at 0x7f501dfacbe0>,28,1,[4 7],29,132,133,103,132
1,<environment.Job instance at 0x7f501dfac730>,29,21,[5 6],30,137,158,107,132
1,<environment.Job instance at 0x7f501dfac3c0>,30,20,[14  2],31,158,178,127,149
1,<environment.Job instance at 0x7f501dfac910>,31,22,[10  5],32,178,200,146,171
1,<environment.Job instance at 0x7f501dfac050>,32,1,[ 5 14],33,200,201,167,190
1,<environment.Job instance at 0x7f5061d22e60>,2,20,[10  3],3,4,24,1,4
1,<environment.Job instance at 0x7f501dfac050>,5,23,[9 5],6,24,47,18,18
1,<environment.Job instance at 0x7f50620cda50>,6,27,[7 3],7,47,74,40,45
1,<environment.Job instance at 0x7f5066827eb0>,4,26,[13  3],5,74,100,69,71
1,<environment.Job instance at 0x7f50668307d0>,10,25,[9 5],11,100,125,89,96
1,<environment.Job instance at 0x7f5066830af0>,14,23,[6 1],15,102,125,87,102
1,<environment.Job instance at 0x7f5066830cd0>,16,2,[ 4 14],17,125,127,108,123
1,<environment.Job instance at 0x7f50668301e0>,17,23,[10  3],18,127,150,109,123
1,<environment.Job instance at 0x7f5061f2bc30>,1,19,[2 5],2,4,23,2,4
1,<environment.Job instance at 0x7f5066830e60>,4,27,[3 8],5,5,32,0,5
1,<environment.Job instance at 0x7f50668301e0>,7,28,[2 6],8,23,51,15,22
1,<environment.Job instance at 0x7f5066aa5320>,8,28,[7 1],9,22,50,13,22
1,<environment.Job instance at 0x7f5066aa5d20>,9,26,[10  3],10,50,76,40,47
1,<environment.Job instance at 0x7f5066aa5d70>,10,27,[5 2],11,51,78,40,49
1,<environment.Job instance at 0x7f5061dd97d0>,2,23,[6 1],3,3,26,0,3
1,<environment.Job instance at 0x7f5061dd9320>,10,26,[ 2 10],11,11,37,0,11
1,<environment.Job instance at 0x7f501ddf5460>,15,26,[ 5 13],16,37,63,21,34
1,<environment.Job instance at 0x7f501ddf5a50>,19,20,[5 5],20,63,83,43,54
1,<environment.Job instance at 0x7f501ddf5fa0>,23,23,[ 5 10],24,63,86,39,57
1,<environment.Job instance at 0x7f501ddf56e0>,27,24,[10  4],28,83,107,55,78
1,<environment.Job instance at 0x7f5061c4b050>,4,2,[7 1],5,5,7,0,5
1,<environment.Job instance at 0x7f5061dd9d70>,5,23,[ 5 13],6,6,29,0,6
1,<environment.Job instance at 0x7f5061c4b280>,6,23,[2 7],7,29,52,22,23
1,<environment.Job instance at 0x7f5061dd95a0>,7,28,[ 1 10],8,52,80,44,51
1,<environment.Job instance at 0x7f5061c4b500>,10,2,[10  3],11,91,93,80,91
1,<environment.Job instance at 0x7f5062130780>,13,22,[3 5],14,97,119,83,97
1,<environment.Job instance at 0x7fd0707bb280>,0,28,[9 3],1,1,29,0,1
1,<environment.Job instance at 0x7fd0707bafa0>,2,22,[4 8],3,3,25,0,3
1,<environment.Job instance at 0x7fd0707bb190>,1,22,[11  3],2,29,51,27,22
1,<environment.Job instance at 0x7fd0693ac640>,7,25,[6 2],8,51,76,43,47
1,<environment.Job instance at 0x7fd0693ac500>,5,24,[1 5],6,47,71,41,47
1,<environment.Job instance at 0x7fd0693ac6e0>,8,22,[14  3],9,76,98,67,69
1,<environment.Job instance at 0x7fd0693ac960>,12,26,[ 1 12],13,78,104,65,78
1,<environment.Job instance at 0x7fd0693acc80>,17,28,[ 5 10],18,104,132,86,103
1,<environment.Job instance at 0x7fd0693acb90>,4,20,[13  1],5,5,25,0,5
1,<environment.Job instance at 0x7fd07092e820>,9,21,[ 1 11],10,10,31,0,10
1,<environment.Job instance at 0x7fd07092d230>,13,22,[10  2],14,25,47,11,25
1,<environment.Job instance at 0x7fd07092d780>,16,25,[8 5],17,47,72,30,43
1,<environment.Job instance at 0x7fd07092dc80>,18,22,[ 3 11],19,72,94,53,65
1,<environment.Job instance at 0x7fd07092db90>,20,19,[8 2],21,77,96,56,77
1,<environment.Job instance at 0x7fd07092a1e0>,22,27,[5 6],23,94,121,71,92
1,<environment.Job instance at 0x7fd07092abe0>,23,24,[12  3],24,121,145,97,116
1,<environment.Job instance at 0x7fd07092ad70>,24,22,[12  5],25,145,167,120,138
1,<environment.Job instance at 0x7fd025a8bf50>,0,25,[9 3],1,1,26,0,1
1,<environment.Job instance at 0x7fd0258f1320>,2,22,[5 3],3,3,25,0,3
1,<environment.Job instance at 0x7fd025698190>,7,21,[1 9],8,15,36,7,15
1,<environment.Job instance at 0x7fd025698320>,10,2,[9 5],11,26,28,15,25
1,<environment.Job instance at 0x7fd0256d0be0>,11,22,[2 9],12,36,58,24,29
1,<environment.Job instance at 0x7fd0256980a0>,6,3,[ 2 12],7,59,62,52,59
1,<environment.Job instance at 0x7fd0256d0d20>,16,24,[11  5],17,62,86,45,59
1,<environment.Job instance at 0x7fd0256d0960>,17,21,[ 3 10],18,62,83,44,59
1,<environment.Job instance at 0x7fd0256d01e0>,18,25,[14  4],19,86,111,67,82
1,<environment.Job instance at 0x7fd0256d0c80>,20,26,[10  5],21,111,137,90,108
1,<environment.Job instance at 0x7fd0256d0e10>,23,2,[13  3],24,137,139,113,118
1,<environment.Job instance at 0x7fd0256d03c0>,24,21,[ 4 12],25,139,160,114,131
1,<environment.Job instance at 0x7fd0256d0dc0>,27,27,[2 9],28,160,187,132,158
1,<environment.Job instance at 0x7fd0256d02d0>,28,21,[9 4],29,160,181,131,158
1,<environment.Job instance at 0x7fd0256fbb40>,37,20,[5 3],38,181,201,143,177
1,<environment.Job instance at 0x7fd0256fb6e0>,39,21,[6 1],40,217,238,177,217
1,<environment.Job instance at 0x7fd0257a37d0>,42,24,[7 5],43,221,245,178,221
1,<environment.Job instance at 0x7fd0257a3780>,44,28,[2 7],45,221,249,176,221
1,<environment.Job instance at 0x7fd0257a3280>,45,28,[9 2],46,245,273,199,244
1,<environment.Job instance at 0x7fd0257a3c30>,46,22,[6 1],47,249,271,202,245
1,<environment.Job instance at 0x7fd0257a3cd0>,50,20,[ 3 13],51,271,291,220,270
1,<environment.Job instance at 0x7fd025a659b0>,0,23,[7 3],1,1,24,0,1
1,<environment.Job instance at 0x7fd025a5b820>,5,21,[12  3],6,24,45,18,16
1,<environment.Job instance at 0x7fd025a5b870>,9,22,[14  1],10,45,67,35,38
1,<environment.Job instance at 0x7fd025a5bf00>,7,28,[4 5],8,67,95,59,66
1,<environment.Job instance at 0x7fd02582e9b0>,12,26,[8 4],13,86,112,73,86
1,<environment.Job instance at 0x7fd070843e10>,3,24,[14  3],4,112,136,108,107
1,<environment.Job instance at 0x7fd02582e460>,11,27,[ 4 13],12,136,163,124,134
1,<environment.Job instance at 0x7fd02564a2d0>,20,25,[ 3 10],21,163,188,142,159
1,<environment.Job instance at 0x7fd02564aeb0>,22,27,[3 9],23,188,215,165,186
1,<environment.Job instance at 0x7fd02564a6e0>,25,24,[1 5],26,191,215,165,191
1,<environment.Job instance at 0x7fd02564ac30>,26,23,[3 6],27,215,238,188,209
1,<environment.Job instance at 0x7fd02564a140>,28,21,[8 3],29,215,236,186,209
1,<environment.Job instance at 0x7fd02564acd0>,29,26,[9 4],30,236,262,206,233
1,<environment.Job instance at 0x7fd025a5b410>,10,3,[11  3],11,262,265,251,236
1,<environment.Job instance at 0x7fd0257af140>,34,25,[1 5],35,248,273,213,248
1,<environment.Job instance at 0x7fd025a9d0a0>,6,25,[8 5],7,7,32,0,7
1,<environment.Job instance at 0x7fd025a9dd20>,10,24,[9 1],11,32,56,21,27
1,<environment.Job instance at 0x7fd025a9d230>,11,25,[7 1],12,56,81,44,52
1,<environment.Job instance at 0x7fd025a9d640>,12,24,[12  5],13,81,105,68,76
1,<environment.Job instance at 0x7fd025a9d1e0>,16,27,[ 4 14],17,105,132,88,103
1,<environment.Job instance at 0x7fd025a970a0>,5,1,[13  1],6,8,9,2,8
1,<environment.Job instance at 0x7fd069281a00>,6,19,[2 5],7,8,27,1,8
1,<environment.Job instance at 0x7fd069281d20>,7,24,[1 8],8,9,33,1,8
1,<environment.Job instance at 0x7fd0692815a0>,9,21,[6 5],10,27,48,17,19
1,<environment.Job instance at 0x7fd069281be0>,10,26,[ 1 11],11,48,74,37,45
1,<environment.Job instance at 0x7fd025a97280>,4,2,[ 1 13],5,74,76,69,66
1,<environment.Job instance at 0x7fd0692815f0>,15,28,[10  3],16,76,104,60,75
1,<environment.Job instance at 0x7fd0692814b0>,20,25,[14  4],21,104,129,83,100
1,<environment.Job instance at 0x7fd0694c0b40>,26,24,[14  2],27,129,153,102,124
1,<environment.Job instance at 0x7fd0694c0c80>,27,3,[ 5 11],28,153,156,125,151
1,<environment.Job instance at 0x7fd0694c0b90>,28,2,[ 2 12],29,156,158,127,151
1,<environment.Job instance at 0x7fd0694c01e0>,29,23,[ 4 11],30,158,181,128,152
1,<environment.Job instance at 0x7fd0694c0320>,31,23,[ 3 13],32,181,204,149,175
1,<environment.Job instance at 0x7fd0694c0d70>,34,24,[ 3 10],35,204,228,169,199
1,<environment.Job instance at 0x7fd0692864b0>,40,25,[5 8],41,228,253,187,224
1,<environment.Job instance at 0x7fd069286190>,41,27,[7 4],42,224,251,182,224
1,<environment.Job instance at 0x7fd0692869b0>,43,21,[6 4],44,251,272,207,243
1,<environment.Job instance at 0x7fd0707e2cd0>,3,24,[11  3],4,4,28,0,4
1,<environment.Job instance at 0x7fd0259791e0>,7,23,[10  3],8,28,51,20,22
1,<environment.Job instance at 0x7fd0707e2be0>,8,19,[1 5],9,22,41,13,22
1,<environment.Job instance at 0x7fd0707e2690>,0,2,[13  5],1,51,53,50,29
1,<environment.Job instance at 0x7fd025c97280>,12,24,[7 5],13,53,77,40,48
1,<environment.Job instance at 0x7fd025c97230>,13,20,[14  5],14,77,97,63,68
1,<environment.Job instance at 0x7fd025869190>,16,27,[5 5],17,97,124,80,95
1,<environment.Job instance at 0x7fd0697a9550>,23,18,[4 9],24,126,144,102,126
1,<environment.Job instance at 0x7fd02582e1e0>,1,20,[2 9],2,2,22,0,2
1,<environment.Job instance at 0x7fd06fcb3780>,3,27,[12  4],4,4,31,0,4
1,<environment.Job instance at 0x7fd06fdbbbe0>,1,27,[5 1],2,2,29,0,2
1,<environment.Job instance at 0x7fd06938ae60>,2,21,[1 6],3,3,24,0,3
1,<environment.Job instance at 0x7fd06938a7d0>,6,25,[8 3],7,7,32,0,7
1,<environment.Job instance at 0x7fd025b858c0>,11,19,[12  1],12,32,51,20,24
1,<environment.Job instance at 0x7fd025a31be0>,14,21,[6 4],15,51,72,36,43
1,<environment.Job instance at 0x7fd025a31780>,16,25,[ 5 10],17,51,76,34,47
1,<environment.Job instance at 0x7fd025a31870>,17,26,[9 3],18,72,98,54,69
1,<environment.Job instance at 0x7fd025a31f50>,18,26,[ 1 12],19,76,102,57,73
1,<environment.Job instance at 0x7fd06fdb71e0>,19,28,[3 6],20,102,130,82,101
1,<environment.Job instance at 0x7fd0693e4f50>,20,2,[1 6],21,102,104,81,101
1,<environment.Job instance at 0x7fd0693edaa0>,1,28,[ 5 12],2,2,30,0,2
1,<environment.Job instance at 0x7fd069331690>,6,23,[11  3],7,30,53,23,24
1,<environment.Job instance at 0x7fd0693edcd0>,4,28,[ 1 11],5,30,58,25,29
1,<environment.Job instance at 0x7fd025a0d640>,15,27,[6 1],16,53,80,37,51
1,<environment.Job instance at 0x7fd025a0d140>,16,22,[5 5],17,58,80,41,51
1,<environment.Job instance at 0x7fd06960a4b0>,19,26,[2 7],20,65,91,45,65
1,<environment.Job instance at 0x7fd0694d4960>,20,23,[10  3],21,80,103,59,74
1,<environment.Job instance at 0x7fd0697e2e10>,22,1,[13  2],23,103,104,80,92
1,<environment.Job instance at 0x7fd069600870>,24,21,[8 1],25,104,125,79,96
1,<environment.Job instance at 0x7fd025a6b1e0>,25,18,[11  1],26,156,174,130,156
1,<environment.Job instance at 0x7fd07018d410>,26,19,[3 6],27,156,175,129,156
1,<environment.Job instance at 0x7fd0691b3410>,30,22,[ 1 12],31,175,197,144,168
1,<environment.Job instance at 0x7fd025c67cd0>,0,24,[11  5],1,1,25,0,1
1,<environment.Job instance at 0x7fd0257f9870>,7,27,[5 7],8,25,52,17,23
1,<environment.Job instance at 0x7fd0257f9960>,9,21,[12  3],10,52,73,42,44
1,<environment.Job instance at 0x7fd06963caf0>,0,28,[5 2],1,1,29,0,1
1,<environment.Job instance at 0x7fd06963c730>,2,24,[8 1],3,3,27,0,3
1,<environment.Job instance at 0x7fd025a6aa50>,7,27,[9 4],8,27,54,19,25
1,<environment.Job instance at 0x7fd025a6a4b0>,9,26,[7 3],10,54,80,44,51
1,<environment.Job instance at 0x7fd025a6abe0>,8,20,[9 5],9,80,100,71,71
1,<environment.Job instance at 0x7fd025a6aaa0>,11,18,[10  1],12,100,118,88,89
1,<environment.Job instance at 0x7fd025a6a3c0>,17,20,[10  2],18,118,138,100,109
1,<environment.Job instance at 0x7fd025a6a280>,14,2,[13  2],15,138,140,123,133
1,<environment.Job instance at 0x7fd025a6a500>,21,25,[4 9],22,140,165,118,136
1,<environment.Job instance at 0x7fd025a6a0f0>,13,2,[14  5],14,165,167,151,160
1,<environment.Job instance at 0x7fd054ba0050>,28,20,[5 6],29,167,187,138,160
1,<environment.Job instance at 0x7fd025a6f640>,35,20,[3 7],36,191,211,155,191
1,<environment.Job instance at 0x7fd025a6ff50>,37,21,[1 7],38,219,240,181,219
1,<environment.Job instance at 0x7fd069434a00>,0,24,[4 5],1,1,25,0,1
1,<environment.Job instance at 0x7fd07009b190>,3,25,[ 5 10],4,4,29,0,4
1,<environment.Job instance at 0x7fd07009b370>,8,27,[7 4],9,25,52,16,23
1,<environment.Job instance at 0x7fd0700e1320>,4,20,[ 2 11],5,5,25,0,5
1,<environment.Job instance at 0x7fd025a979b0>,8,26,[4 6],9,25,51,16,22
1,<environment.Job instance at 0x7fd0259cd550>,10,20,[4 9],11,25,45,14,22
1,<environment.Job instance at 0x7fd0259cd780>,7,26,[3 7],8,45,71,37,42
1,<environment.Job instance at 0x7fd0259c7730>,13,20,[1 8],14,51,71,37,42
1,<environment.Job instance at 0x7fd0259c70f0>,19,28,[11  4],20,71,99,51,70
1,<environment.Job instance at 0x7fd0259e5b90>,20,22,[ 5 12],21,99,121,78,92
1,<environment.Job instance at 0x7fd0259e90a0>,22,25,[9 5],23,121,146,98,117
1,<environment.Job instance at 0x7fd06fce7050>,23,22,[3 8],24,121,143,97,117
1,<environment.Job instance at 0x7fd0259ca500>,26,22,[ 1 13],27,146,168,119,139
1,<environment.Job instance at 0x7fd0691ecaf0>,2,20,[10  3],3,3,23,0,3
1,<environment.Job instance at 0x7fd06945d280>,6,27,[7 3],7,23,50,16,21
1,<environment.Job instance at 0x7fd025a88320>,5,23,[9 5],6,50,73,44,44
1,<environment.Job instance at 0x7fd06945d9b0>,4,26,[13  3],5,73,99,68,70
1,<environment.Job instance at 0x7fd06945d370>,10,25,[9 5],11,99,124,88,95
1,<environment.Job instance at 0x7fd0691ef140>,14,23,[6 1],15,99,122,84,96
1,<environment.Job instance at 0x7fd0691ef7d0>,16,2,[ 4 14],17,124,126,107,118
1,<environment.Job instance at 0x7fd0691ef230>,17,23,[10  3],18,126,149,108,120
1,<environment.Job instance at 0x7fd06fdc6d70>,0,27,[5 2],1,1,28,0,1
1,<environment.Job instance at 0x7fd025388780>,3,23,[ 5 10],4,4,27,0,4
1,<environment.Job instance at 0x7fd025c49e10>,7,24,[10  4],8,8,32,0,8
1,<environment.Job instance at 0x7fd025388690>,12,25,[10  3],13,32,57,19,28
1,<environment.Job instance at 0x7fd06948e320>,11,1,[ 3 12],12,48,49,36,48
1,<environment.Job instance at 0x7fd069490780>,15,24,[13  2],16,57,81,41,52
1,<environment.Job instance at 0x7fd069490d20>,16,22,[4 5],17,81,103,64,74
1,<environment.Job instance at 0x7fd069490140>,14,20,[ 3 14],15,103,123,88,95
1,<environment.Job instance at 0x7fd069490c80>,19,28,[6 1],20,95,123,75,95
1,<environment.Job instance at 0x7fd069490a00>,20,20,[8 3],21,123,143,102,114
1,<environment.Job instance at 0x7fd0694902d0>,21,22,[5 2],22,123,145,101,116
1,<environment.Job instance at 0x7fd0694901e0>,22,23,[11  1],23,145,168,122,139
1,<environment.Job instance at 0x7fd069490370>,23,20,[6 2],24,168,188,144,159
1,<environment.Job instance at 0x7fd0695bc550>,8,2,[6 2],9,9,11,0,9
1,<environment.Job instance at 0x7fd0254b3a00>,11,18,[ 2 10],12,42,60,30,42
1,<environment.Job instance at 0x7fd06fef0af0>,16,20,[6 2],17,49,69,32,49
1,<environment.Job instance at 0x7fd0254c02d0>,17,26,[12  4],18,69,95,51,66
1,<environment.Job instance at 0x7fd070843e10>,23,20,[7 1],24,95,115,71,86
1,<environment.Job instance at 0x7fd025c6a280>,24,1,[ 4 11],25,95,96,70,93
1,<environment.Job instance at 0x7fd06fef0dc0>,15,19,[ 2 12],16,96,115,80,93
1,<environment.Job instance at 0x7fd07004be60>,2,20,[10  3],3,3,23,0,3
1,<environment.Job instance at 0x7fd02588d550>,3,27,[7 2],4,23,50,19,21
1,<environment.Job instance at 0x7fd02545f5a0>,5,21,[10  1],6,50,71,44,42
1,<environment.Job instance at 0x7fd02545f320>,8,22,[13  4],9,71,93,62,64
1,<environment.Job instance at 0x7fd02545f190>,10,25,[12  1],11,93,118,82,89
1,<environment.Job instance at 0x7fd02545fb40>,11,26,[10  2],12,118,144,106,115
1,<environment.Job instance at 0x7fd025c3f870>,0,20,[ 5 13],1,1,21,0,1
1,<environment.Job instance at 0x7fd0258f4cd0>,9,24,[8 2],10,10,34,0,10
1,<environment.Job instance at 0x7fd0258f47d0>,10,25,[5 8],11,21,46,10,17
1,<environment.Job instance at 0x7fd0696d89b0>,13,25,[ 2 10],14,46,71,32,42
1,<environment.Job instance at 0x7fd0694a4d20>,15,23,[7 1],16,43,66,27,43
1,<environment.Job instance at 0x7fd0253242d0>,17,26,[1 7],18,71,97,53,68
1,<environment.Job instance at 0x7f7adb53e280>,0,28,[9 3],1,1,29,0,1
1,<environment.Job instance at 0x7f7adb5819b0>,2,22,[4 8],3,3,25,0,3
1,<environment.Job instance at 0x7f7ad812f5a0>,6,20,[6 1],7,25,45,18,20
1,<environment.Job instance at 0x7f7ad812f640>,7,25,[6 2],8,29,54,21,25
1,<environment.Job instance at 0x7f7ad812f6e0>,8,22,[14  3],9,54,76,45,47
1,<environment.Job instance at 0x7f7adb53e190>,1,22,[11  3],2,76,98,74,69
1,<environment.Job instance at 0x7f7ad812f960>,12,26,[ 1 12],13,70,96,57,70
1,<environment.Job instance at 0x7f7ad812fc80>,17,28,[ 5 10],18,98,126,80,97
1,<environment.Job instance at 0x7f7ad812f320>,3,18,[ 4 14],4,2980,2998,2976,2980
1,<environment.Job instance at 0x7f7adb6b0af0>,3,22,[10  2],4,4,26,0,4
1,<environment.Job instance at 0x7f7adb565cd0>,6,25,[8 5],7,26,51,19,22
1,<environment.Job instance at 0x7f7adb565c80>,8,22,[ 3 11],9,51,73,42,44
1,<environment.Job instance at 0x7f7adb5654b0>,10,19,[8 2],11,51,70,40,44
1,<environment.Job instance at 0x7f7adb565230>,12,27,[5 6],13,73,100,60,71
1,<environment.Job instance at 0x7f7adb565730>,13,24,[12  3],14,100,124,86,95
1,<environment.Job instance at 0x7f7adb565460>,14,22,[12  5],15,124,146,109,117
1,<environment.Job instance at 0x7f7adb565eb0>,17,23,[14  4],18,146,169,128,140
1,<environment.Job instance at 0x7f7adb565500>,19,21,[ 1 10],20,141,162,121,141
1,<environment.Job instance at 0x7f7adb5650a0>,21,21,[6 5],22,169,190,147,161
1,<environment.Job instance at 0x7f7adb6b3320>,22,26,[ 5 12],23,190,216,167,187
1,<environment.Job instance at 0x7f7a90502aa0>,0,26,[10  5],1,1,27,0,1
1,<environment.Job instance at 0x7f7a904d70f0>,7,27,[2 9],8,8,35,0,8
1,<environment.Job instance at 0x7f7a904d71e0>,8,21,[9 4],9,27,48,18,19
1,<environment.Job instance at 0x7f7a904d7a00>,12,28,[2 8],13,35,63,22,34
1,<environment.Job instance at 0x7f7a90502050>,4,21,[ 4 12],5,63,84,58,55
1,<environment.Job instance at 0x7f7a904d7050>,19,21,[6 1],20,55,76,35,55
1,<environment.Job instance at 0x7f7a904d7e10>,22,24,[7 5],23,84,108,61,79
1,<environment.Job instance at 0x7f7a904d7410>,24,28,[2 7],25,84,112,59,83
1,<environment.Job instance at 0x7f7a904d7730>,25,28,[9 2],26,108,136,82,107
1,<environment.Job instance at 0x7f7a904d7fa0>,26,22,[6 1],27,112,134,85,107
1,<environment.Job instance at 0x7f7a90502e10>,3,2,[13  3],4,136,138,132,125
1,<environment.Job instance at 0x7f7a904cd410>,30,20,[ 3 13],31,138,158,107,137
1,<environment.Job instance at 0x7f7a904cdeb0>,37,19,[10  5],38,158,177,120,148
1,<environment.Job instance at 0x7f7a90536550>,4,25,[1 5],5,5,30,0,5
1,<environment.Job instance at 0x7f7ad81773c0>,2,21,[4 8],3,3,24,0,3
1,<environment.Job instance at 0x7f7adb6b0870>,5,25,[ 5 10],6,24,49,18,20
1,<environment.Job instance at 0x7f7ad8177af0>,4,21,[3 8],5,49,70,44,41
1,<environment.Job instance at 0x7f7a9081de10>,8,20,[14  4],9,70,90,61,61
1,<environment.Job instance at 0x7f7a9081e190>,10,27,[ 4 10],11,90,117,79,88
1,<environment.Job instance at 0x7f7a9081e230>,11,25,[12  4],12,117,142,105,113
1,<environment.Job instance at 0x7f7a9081e370>,13,27,[3 8],14,117,144,103,115
1,<environment.Job instance at 0x7f7a9081e4b0>,15,24,[8 4],16,142,166,126,137
1,<environment.Job instance at 0x7f7a9081e690>,18,3,[13  2],19,166,169,147,152
1,<environment.Job instance at 0x7f7a9081ed20>,28,3,[5 5],29,183,186,154,183
1,<environment.Job instance at 0x7f7a9081ee60>,30,26,[9 4],31,218,244,187,218
1,<environment.Job instance at 0x7f7a908150a0>,34,22,[ 1 12],35,244,266,209,237
1,<environment.Job instance at 0x7f7a90815190>,35,20,[3 8],36,266,286,230,257
1,<environment.Job instance at 0x7f7a908152d0>,36,26,[ 3 12],37,286,312,249,283
1,<environment.Job instance at 0x7f7a903df8c0>,2,23,[11  2],3,3,26,0,3
1,<environment.Job instance at 0x7f7a908152d0>,4,19,[8 2],5,26,45,21,16
1,<environment.Job instance at 0x7f7a903df9b0>,5,19,[14  4],6,45,64,39,35
1,<environment.Job instance at 0x7f7a903dfe60>,9,21,[9 2],10,64,85,54,56
1,<environment.Job instance at 0x7f7ad8015dc0>,0,22,[5 9],1,1,23,0,1
1,<environment.Job instance at 0x7f7adab78550>,3,25,[12  3],4,23,48,19,19
1,<environment.Job instance at 0x7f7adab787d0>,5,21,[7 1],6,48,69,42,40
1,<environment.Job instance at 0x7f7ad8015f00>,2,1,[ 4 14],3,48,49,45,40
1,<environment.Job instance at 0x7f7a906002d0>,10,1,[ 5 14],11,49,50,38,47
1,<environment.Job instance at 0x7f7a90600280>,12,26,[ 4 10],13,50,76,37,47
1,<environment.Job instance at 0x7f7a908f1140>,15,24,[ 5 11],16,76,100,60,71
1,<environment.Job instance at 0x7f7a906007d0>,16,25,[7 3],17,71,96,54,71
1,<environment.Job instance at 0x7f7ad81cdcd0>,19,27,[1 5],20,102,129,82,102
1,<environment.Job instance at 0x7f7a90600c80>,8,2,[ 5 14],9,129,131,120,102
1,<environment.Job instance at 0x7f7adab31910>,21,20,[2 9],22,102,122,80,102
1,<environment.Job instance at 0x7f7ad8459870>,23,27,[12  4],24,131,158,107,129
1,<environment.Job instance at 0x7f7a90600820>,13,2,[ 4 11],14,158,160,144,132
1,<environment.Job instance at 0x7f7adb10f6e0>,1,20,[5 1],2,2,22,0,2
1,<environment.Job instance at 0x7f7a90988460>,6,21,[12  5],7,22,43,15,14
1,<environment.Job instance at 0x7f7a90988500>,9,24,[11  4],10,43,67,33,38
1,<environment.Job instance at 0x7f7a905f3140>,5,20,[4 7],6,43,63,37,41
1,<environment.Job instance at 0x7f7a909886e0>,11,27,[5 1],12,67,94,55,65
1,<environment.Job instance at 0x7f7a909882d0>,8,25,[6 1],9,67,92,58,65
1,<environment.Job instance at 0x7f7a90988a00>,16,25,[8 3],17,92,117,75,88
1,<environment.Job instance at 0x7f7a90988780>,12,21,[1 6],13,88,109,75,88
1,<environment.Job instance at 0x7f7a90988cd0>,21,19,[12  1],22,117,136,95,107
1,<environment.Job instance at 0x7f7a90988eb0>,24,21,[6 4],25,136,157,111,128
1,<environment.Job instance at 0x7f7a9097e050>,26,25,[ 5 10],27,136,161,109,132
1,<environment.Job instance at 0x7f7a9097e0a0>,27,26,[9 3],28,157,183,129,154
1,<environment.Job instance at 0x7f7a9097e190>,28,26,[ 1 12],29,161,187,132,158
1,<environment.Job instance at 0x7f7a9097e370>,31,12,[11  1],32,929,941,897,929
1,<environment.Job instance at 0x7f7ad83600a0>,1,28,[ 5 12],2,2,30,0,2
1,<environment.Job instance at 0x7f7a9097e5a0>,2,28,[2 6],3,30,58,27,29
1,<environment.Job instance at 0x7f7a90901a50>,6,23,[11  3],7,30,53,23,29
1,<environment.Job instance at 0x7f7a90901cd0>,4,28,[ 1 11],5,58,86,53,57
1,<environment.Job instance at 0x7f7adaacd4b0>,15,27,[6 1],16,57,84,41,57
1,<environment.Job instance at 0x7f7adaacdf50>,16,22,[5 5],17,86,108,69,79
1,<environment.Job instance at 0x7f7adaacd6e0>,19,26,[2 7],20,86,112,66,83
1,<environment.Job instance at 0x7f7adaf3c820>,20,23,[10  3],21,108,131,87,102
1,<environment.Job instance at 0x7f7a906e0cd0>,22,1,[13  2],23,131,132,108,103
1,<environment.Job instance at 0x7f7ad8592640>,24,21,[8 1],25,132,153,107,124
1,<environment.Job instance at 0x7f7adaa3b960>,7,20,[ 2 13],8,15,35,7,15
1,<environment.Job instance at 0x7f7adae15780>,8,27,[4 9],9,35,62,26,33
1,<environment.Job instance at 0x7f7ad7f77eb0>,9,3,[ 2 13],10,66,69,56,66
1,<environment.Job instance at 0x7f7ad814e190>,1,25,[4 9],2,2,27,0,2
1,<environment.Job instance at 0x7f7ad804eeb0>,8,20,[5 6],9,14,34,5,14
1,<environment.Job instance at 0x7f7ad8038370>,15,20,[3 7],16,29,49,13,29
1,<environment.Job instance at 0x7f7ad80385f0>,17,21,[1 7],18,40,61,22,40
1,<environment.Job instance at 0x7f7a904e9140>,5,22,[2 6],6,6,28,0,6
1,<environment.Job instance at 0x7f7ad8240370>,8,23,[5 5],9,9,32,0,9
1,<environment.Job instance at 0x7f7ad82dc230>,15,22,[6 1],16,19,41,3,19
1,<environment.Job instance at 0x7f7ad83bdaa0>,21,17,[8 1],22,38,55,16,38
1,<environment.Job instance at 0x7f7ad83bdf00>,22,23,[ 3 10],23,41,64,18,38
1,<environment.Job instance at 0x7f7adadbb4b0>,27,22,[5 7],28,67,89,39,67
1,<environment.Job instance at 0x7f7adadbb2d0>,28,24,[ 1 14],29,89,113,60,84
1,<environment.Job instance at 0x7f7adadbb5a0>,34,23,[5 5],35,113,136,78,107
1,<environment.Job instance at 0x7f7adadbb460>,35,23,[ 2 12],36,136,159,100,130
1,<environment.Job instance at 0x7f7adadbbeb0>,37,25,[7 3],38,130,155,92,130
1,<environment.Job instance at 0x7f7ad8205140>,38,1,[12  5],39,159,160,120,155
1,<environment.Job instance at 0x7f7ad82dc410>,12,12,[11  2],13,1176,1188,1163,1176
1,<environment.Job instance at 0x7f7ad8205730>,40,27,[5 2],41,1188,1215,1147,1186
1,<environment.Job instance at 0x7f7ad8205d70>,43,3,[ 3 10],44,1188,1191,1144,1188
1,<environment.Job instance at 0x7f7adb0948c0>,47,21,[7 1],48,1188,1209,1140,1188
1,<environment.Job instance at 0x7f7ad82a85a0>,1,22,[10  5],2,2,24,0,2
1,<environment.Job instance at 0x7f7ad7ee9c80>,2,1,[ 5 14],3,24,25,21,8
1,<environment.Job instance at 0x7f7ad7ee9cd0>,8,23,[2 5],9,25,48,16,19
1,<environment.Job instance at 0x7f7ad82a8500>,0,20,[14  2],1,48,68,47,39
1,<environment.Job instance at 0x7f7ad8533d20>,4,3,[3 7],5,7,10,2,7
1,<environment.Job instance at 0x7f7ad80d3cd0>,11,20,[9 5],12,29,49,17,29
1,<environment.Job instance at 0x7f7ad806fa50>,2,23,[6 1],3,3,26,0,3
1,<environment.Job instance at 0x7f7ad84ea5a0>,10,26,[ 2 10],11,11,37,0,11
1,<environment.Job instance at 0x7f7ad83eb500>,15,26,[ 5 13],16,37,63,21,34
1,<environment.Job instance at 0x7f7ad85ea6e0>,18,19,[8 1],19,51,70,32,51
1,<environment.Job instance at 0x7f7ad85ea050>,19,20,[5 5],20,63,83,43,54
1,<environment.Job instance at 0x7f7ad85ea0a0>,16,19,[6 2],17,70,89,53,62
1,<environment.Job instance at 0x7f7a90614320>,23,23,[ 5 10],24,83,106,59,77
1,<environment.Job instance at 0x7f7adafd2f50>,27,24,[10  4],28,89,113,61,84
1,<environment.Job instance at 0x7f7adad9e410>,5,24,[12  4],6,6,30,0,6
1,<environment.Job instance at 0x7f7adad9ebe0>,7,27,[9 5],8,30,57,22,28
1,<environment.Job instance at 0x7f7adaa23140>,6,25,[6 3],7,30,55,23,28
1,<environment.Job instance at 0x7f7adaa230f0>,25,19,[ 2 12],26,120,139,94,120
1,<environment.Job instance at 0x7f7adaa234b0>,27,26,[12  4],28,139,165,111,136
1,<environment.Job instance at 0x7f7adaaeba50>,2,20,[10  3],3,3,23,0,3
1,<environment.Job instance at 0x7f7a901d81e0>,3,27,[7 2],4,23,50,19,21
1,<environment.Job instance at 0x7f7adaa4ce10>,5,21,[10  1],6,50,71,44,42
1,<environment.Job instance at 0x7f7adab0c960>,8,22,[13  4],9,71,93,62,64
1,<environment.Job instance at 0x7f7adab0c500>,10,25,[12  1],11,93,118,82,89
1,<environment.Job instance at 0x7f7adab0c780>,11,26,[10  2],12,118,144,106,115
1,<environment.Job instance at 0x7f7adab0cf00>,7,17,[ 1 12],8,2170,2187,2162,2170
1,<environment.Job instance at 0x7f7adab0c190>,15,22,[6 2],16,2170,2192,2154,2170
1,<environment.Job instance at 0x7f7adab0c0a0>,16,26,[2 8],17,2187,2213,2170,2184
1,<environment.Job instance at 0x7f7a905d9550>,0,25,[5 8],1,1,26,0,1
1,<environment.Job instance at 0x7f7a905d9820>,5,23,[7 1],6,6,29,0,6
1,<environment.Job instance at 0x7f7a9010ba50>,7,26,[1 7],8,26,52,18,23
1,<environment.Job instance at 0x7f7a907cf2d0>,10,27,[ 1 14],11,52,79,41,50
1,<environment.Job instance at 0x7f7a90979a00>,13,28,[ 5 13],14,79,107,65,78
1,<environment.Job instance at 0x7f7ad805a960>,20,19,[4 5],21,107,126,86,97
1,<environment.Job instance at 0x7f7ad7ee3a00>,21,1,[ 2 13],22,126,127,104,98
1,<environment.Job instance at 0x7f7ada9646e0>,22,20,[5 9],23,127,147,104,118
1,<environment.Job instance at 0x7f7a904a5730>,27,2,[11  1],28,147,149,119,143
1,<environment.Job instance at 0x7f7a902d0410>,30,19,[3 5],31,144,163,113,144
1,<environment.Job instance at 0x7f7a902d0370>,33,25,[ 5 10],34,149,174,115,146
1,<environment.Job instance at 0x7f7a902d08c0>,35,20,[ 4 11],36,174,194,138,165
1,<environment.Job instance at 0x7f7adaa974b0>,3,26,[7 4],4,4,30,0,4
1,<environment.Job instance at 0x7f7a9019ab40>,6,22,[4 9],7,8,30,1,8
1,<environment.Job instance at 0x7f7a9019a640>,7,25,[5 8],8,30,55,22,26
1,<environment.Job instance at 0x7f7a9019a190>,15,21,[5 6],16,39,60,23,39
1,<environment.Job instance at 0x7f7a9019a410>,16,28,[ 3 11],17,60,88,43,59
1,<environment.Job instance at 0x7f7a9019abe0>,19,28,[6 3],20,59,87,39,59
1,<environment.Job instance at 0x7f7adab4ffa0>,6,28,[4 7],7,7,35,0,7
1,<environment.Job instance at 0x7f7a905c6c80>,8,3,[ 4 13],9,35,38,26,31
1,<environment.Job instance at 0x7f7a90a40370>,17,24,[10  4],18,78,102,60,78
1,<environment.Job instance at 0x7f7ad836b500>,18,25,[5 1],19,78,103,59,78
1,<environment.Job instance at 0x7f38eae6a1e0>,0,28,[9 3],1,1,29,0,1
1,<environment.Job instance at 0x7f38eaeade10>,2,22,[4 8],3,3,25,0,3
1,<environment.Job instance at 0x7f38eaead640>,1,22,[11  3],2,29,51,27,22
1,<environment.Job instance at 0x7f38e7a5b640>,7,25,[6 2],8,51,76,43,47
1,<environment.Job instance at 0x7f38e7a5b500>,5,24,[1 5],6,47,71,41,47
1,<environment.Job instance at 0x7f38e7a5b6e0>,8,22,[14  3],9,76,98,67,69
1,<environment.Job instance at 0x7f38e7a5b960>,12,26,[ 1 12],13,74,100,61,74
1,<environment.Job instance at 0x7f38e7a5bc80>,17,28,[ 5 10],18,100,128,82,99
1,<environment.Job instance at 0x7f38e7a5b780>,9,18,[ 2 13],10,2140,2158,2130,2140
1,<environment.Job instance at 0x7f38e7a71d20>,0,19,[8 2],1,1,20,0,1
1,<environment.Job instance at 0x7f38e7a5b780>,2,27,[5 6],3,3,30,0,3
1,<environment.Job instance at 0x7f38eafd75f0>,3,24,[12  3],4,30,54,26,25
1,<environment.Job instance at 0x7f38eae88fa0>,7,23,[14  4],8,54,77,46,48
1,<environment.Job instance at 0x7f38e7a66aa0>,4,22,[12  5],5,77,99,72,70
1,<environment.Job instance at 0x7f38eafd7aa0>,9,21,[ 1 10],10,70,91,60,70
1,<environment.Job instance at 0x7f38eafdcd20>,11,21,[6 5],12,99,120,87,91
1,<environment.Job instance at 0x7f38eafdc6e0>,12,26,[ 5 12],13,120,146,107,117
1,<environment.Job instance at 0x7f38eafdc780>,2,24,[7 5],3,3,27,0,3
1,<environment.Job instance at 0x7f38eafdca50>,4,28,[2 7],5,5,33,0,5
1,<environment.Job instance at 0x7f389fd9efa0>,5,28,[9 2],6,27,55,21,26
1,<environment.Job instance at 0x7f389fd9e0a0>,9,22,[2 7],10,33,55,23,26
1,<environment.Job instance at 0x7f389fd9ec80>,10,20,[ 3 13],11,55,75,44,50
1,<environment.Job instance at 0x7f389fd8ec80>,17,19,[10  5],18,75,94,57,65
1,<environment.Job instance at 0x7f389fd8e320>,20,25,[6 2],21,94,119,73,90
1,<environment.Job instance at 0x7f389fe1d870>,0,25,[4 5],1,1,26,0,1
1,<environment.Job instance at 0x7f389fe1d050>,1,25,[6 3],2,2,27,0,2
1,<environment.Job instance at 0x7f389fe75320>,7,26,[ 1 13],8,27,53,19,24
1,<environment.Job instance at 0x7f389fe757d0>,2,2,[11  1],3,50,52,47,50
1,<environment.Job instance at 0x7f389fd39550>,12,20,[2 6],13,53,73,40,53
1,<environment.Job instance at 0x7f389fd39c80>,14,25,[2 8],15,53,78,38,53
1,<environment.Job instance at 0x7f389fd39910>,16,2,[ 5 13],17,78,80,61,65
1,<environment.Job instance at 0x7f389fd39500>,17,24,[2 7],18,80,104,62,75
1,<environment.Job instance at 0x7f389fd16a50>,4,2,[ 1 13],5,5,7,0,5
1,<environment.Job instance at 0x7f389fd399b0>,5,1,[13  1],6,6,7,0,6
1,<environment.Job instance at 0x7f38a015e5f0>,7,24,[1 8],8,8,32,0,8
1,<environment.Job instance at 0x7f38a015e730>,9,21,[6 5],10,10,31,0,10
1,<environment.Job instance at 0x7f38a015e960>,10,26,[ 1 11],11,32,58,21,29
1,<environment.Job instance at 0x7f38a015ed70>,15,28,[10  3],16,31,59,15,30
1,<environment.Job instance at 0x7f38a015e820>,20,25,[14  4],21,59,84,38,55
1,<environment.Job instance at 0x7f38a015ef00>,19,20,[5 1],20,84,104,64,75
1,<environment.Job instance at 0x7f38a01522d0>,23,3,[7 4],24,84,87,60,75
1,<environment.Job instance at 0x7f38a0152410>,25,3,[10  2],26,87,90,61,77
1,<environment.Job instance at 0x7f38a01524b0>,26,24,[14  2],27,104,128,77,99
1,<environment.Job instance at 0x7f38a01525f0>,28,2,[ 2 12],29,128,130,99,122
1,<environment.Job instance at 0x7f38a0152640>,29,23,[ 4 11],30,130,153,100,124
1,<environment.Job instance at 0x7f38a0152550>,27,3,[ 5 11],28,153,156,125,148
1,<environment.Job instance at 0x7f38a01529b0>,31,23,[ 3 13],32,156,179,124,150
1,<environment.Job instance at 0x7f38a0152af0>,34,24,[ 3 10],35,179,203,144,174
1,<environment.Job instance at 0x7f38a01528c0>,40,25,[5 8],41,203,228,162,199
1,<environment.Job instance at 0x7f38a0152f50>,41,27,[7 4],42,199,226,157,199
1,<environment.Job instance at 0x7f38a01542d0>,43,21,[6 4],44,226,247,182,218
1,<environment.Job instance at 0x7f389fd8a9b0>,1,17,[ 1 14],2,1271,1288,1269,1271
1,<environment.Job instance at 0x7f38a0154910>,52,23,[11  2],53,1288,1311,1235,1282
1,<environment.Job instance at 0x7f38a01549b0>,53,12,[11  5],54,2538,2550,2484,2538
1,<environment.Job instance at 0x7f38a0154a50>,54,19,[8 2],55,2550,2569,2495,2540
1,<environment.Job instance at 0x7f38a01547d0>,55,19,[14  4],56,2569,2588,2513,2559
1,<environment.Job instance at 0x7f38a0154c30>,8,26,[8 1],9,10,36,1,10
1,<environment.Job instance at 0x7f38a0110a00>,0,15,[5 5],1,21,36,20,21
1,<environment.Job instance at 0x7f38e7826c80>,14,28,[6 1],15,39,67,24,39
1,<environment.Job instance at 0x7f38e7826fa0>,15,21,[10  2],16,67,88,51,59
1,<environment.Job instance at 0x7f38e7826820>,18,3,[ 1 13],19,66,69,47,66
1,<environment.Job instance at 0x7f38e7826280>,20,20,[ 1 10],21,69,89,48,67
1,<environment.Job instance at 0x7f38e78265a0>,21,22,[5 3],22,88,110,66,81
1,<environment.Job instance at 0x7f38ea88e820>,25,22,[1 7],26,89,111,63,87
1,<environment.Job instance at 0x7f38ea88e4b0>,26,20,[5 7],27,110,130,83,101
1,<environment.Job instance at 0x7f38a025cfa0>,4,26,[1 5],5,5,31,0,5
1,<environment.Job instance at 0x7f38a025c8c0>,5,22,[11  4],6,6,28,0,6
1,<environment.Job instance at 0x7f38a025c3c0>,7,23,[ 4 10],8,28,51,20,22
1,<environment.Job instance at 0x7f38a025cb40>,6,21,[11  3],7,31,52,24,23
1,<environment.Job instance at 0x7f38eafdd0f0>,12,2,[ 1 14],13,52,54,39,25
1,<environment.Job instance at 0x7f38a025c730>,8,19,[14  3],9,54,73,45,49
1,<environment.Job instance at 0x7f38ea3cff00>,16,23,[7 4],17,73,96,56,67
1,<environment.Job instance at 0x7f38ea3cff50>,17,22,[9 4],18,96,118,78,89
1,<environment.Job instance at 0x7f38ea3cf6e0>,23,20,[5 4],24,91,111,67,91
1,<environment.Job instance at 0x7f389fee8730>,24,28,[10  3],25,118,146,93,117
1,<environment.Job instance at 0x7f389fee8190>,25,25,[12  3],26,146,171,120,142
1,<environment.Job instance at 0x7f38e7e17780>,26,20,[7 1],27,171,191,144,162
1,<environment.Job instance at 0x7f38a01f94b0>,27,20,[6 2],28,171,191,143,162
1,<environment.Job instance at 0x7f38eafdd410>,13,12,[13  2],14,2029,2041,2015,2029
1,<environment.Job instance at 0x7f38e7cdf4b0>,31,20,[5 1],32,2041,2061,2009,2032
1,<environment.Job instance at 0x7f389fddc1e0>,35,20,[4 7],36,2041,2061,2005,2033
1,<environment.Job instance at 0x7f389fcfa0f0>,36,21,[12  5],37,2061,2082,2024,2053
1,<environment.Job instance at 0x7f389fd91eb0>,38,25,[6 1],39,2082,2107,2043,2078
1,<environment.Job instance at 0x7f38e7e89d20>,39,24,[11  4],40,2107,2131,2067,2102
1,<environment.Job instance at 0x7f38e7e89640>,41,27,[5 1],42,2131,2158,2089,2129
1,<environment.Job instance at 0x7f38e7e89f00>,42,21,[1 6],43,2129,2150,2086,2129
1,<environment.Job instance at 0x7f38ea609c80>,0,20,[5 6],1,1,21,0,1
1,<environment.Job instance at 0x7f38ea6d8a50>,5,26,[13  4],6,21,47,15,18
1,<environment.Job instance at 0x7f38e7e89f00>,2,25,[13  4],3,47,72,44,43
1,<environment.Job instance at 0x7f38ea6d8d70>,7,21,[ 2 13],8,72,93,64,64
1,<environment.Job instance at 0x7f38e7e89410>,1,1,[ 5 13],2,93,94,91,80
1,<environment.Job instance at 0x7f38ea6d8f00>,11,24,[ 2 13],12,94,118,82,89
1,<environment.Job instance at 0x7f38a0247690>,0,24,[11  5],1,1,25,0,1
1,<environment.Job instance at 0x7f38a029cf50>,7,27,[5 7],8,25,52,17,23
1,<environment.Job instance at 0x7f389fe82eb0>,9,21,[12  3],10,52,73,42,44
1,<environment.Job instance at 0x7f38ea716410>,1,25,[4 9],2,2,27,0,2
1,<environment.Job instance at 0x7f38e7d1d280>,8,20,[5 6],9,9,29,0,9
1,<environment.Job instance at 0x7f38a00ab5a0>,15,20,[3 7],16,31,51,15,31
1,<environment.Job instance at 0x7f38e7ef1be0>,17,21,[1 7],18,32,53,14,32
1,<environment.Job instance at 0x7f38e7806370>,5,22,[6 1],6,6,28,0,6
1,<environment.Job instance at 0x7f389fd96550>,12,23,[ 3 10],13,14,37,1,14
1,<environment.Job instance at 0x7f389fd96be0>,17,22,[5 7],18,43,65,25,43
1,<environment.Job instance at 0x7f389fd96cd0>,18,24,[ 1 14],19,65,89,46,60
1,<environment.Job instance at 0x7f389fd6a1e0>,24,23,[5 5],25,89,112,64,83
1,<environment.Job instance at 0x7f389fd6a230>,25,23,[ 2 12],26,112,135,86,106
1,<environment.Job instance at 0x7f389fd6a3c0>,27,25,[7 3],28,106,131,78,106
1,<environment.Job instance at 0x7f389fd6a2d0>,28,1,[12  5],29,135,136,106,131
1,<environment.Job instance at 0x7f389fd6a550>,30,27,[5 2],31,138,165,107,138
1,<environment.Job instance at 0x7f389fd6a9b0>,37,21,[7 1],38,157,178,119,157
1,<environment.Job instance at 0x7f389fd6ab90>,3,25,[ 2 10],4,4,29,0,4
1,<environment.Job instance at 0x7f38e77ffd70>,7,19,[9 1],8,24,43,16,24
1,<environment.Job instance at 0x7f38a0191af0>,14,25,[9 4],15,43,68,28,39
1,<environment.Job instance at 0x7f38a0191e60>,17,23,[4 8],18,44,67,26,44
1,<environment.Job instance at 0x7f38a0191460>,19,27,[ 5 14],20,68,95,48,66
1,<environment.Job instance at 0x7f38a01918c0>,22,20,[10  3],23,95,115,72,86
1,<environment.Job instance at 0x7f38ea762be0>,24,26,[13  3],25,115,141,90,112
1,<environment.Job instance at 0x7f38ea762af0>,25,23,[9 5],26,141,164,115,135
1,<environment.Job instance at 0x7f38eafdf230>,26,27,[7 3],27,164,191,137,162
1,<environment.Job instance at 0x7f38a01912d0>,16,2,[12  3],17,191,193,174,167
1,<environment.Job instance at 0x7f38ea78dd70>,30,25,[9 5],31,193,218,162,189
1,<environment.Job instance at 0x7f38ea78d4b0>,29,18,[11  2],30,2027,2045,1997,2027
1,<environment.Job instance at 0x7f38e7c7feb0>,34,23,[6 1],35,2045,2068,2010,2039
1,<environment.Job instance at 0x7f38e7c7fb40>,36,2,[ 4 14],37,2045,2047,2008,2040
1,<environment.Job instance at 0x7f38e7c7f6e0>,37,23,[10  3],38,2068,2091,2030,2062
1,<environment.Job instance at 0x7f38ea2c3af0>,0,27,[5 2],1,1,28,0,1
1,<environment.Job instance at 0x7f38e78b15f0>,0,20,[8 3],1,1,21,0,1
1,<environment.Job instance at 0x7f38e7a0a820>,1,22,[5 2],2,2,24,0,2
1,<environment.Job instance at 0x7f38e78fd2d0>,2,23,[11  1],3,24,47,21,18
1,<environment.Job instance at 0x7f389fcbd550>,7,28,[7 5],8,47,75,39,46
1,<environment.Job instance at 0x7f38e7a0adc0>,3,20,[6 2],4,47,67,43,46
1,<environment.Job instance at 0x7f389fb1a230>,10,26,[13  1],11,75,101,64,72
1,<environment.Job instance at 0x7f389fb1a410>,9,2,[14  5],10,101,103,91,78
1,<environment.Job instance at 0x7f389fcb7cd0>,15,20,[7 4],16,103,123,87,94
1,<environment.Job instance at 0x7f389fcb7d70>,16,22,[1 5],17,94,116,77,94
1,<environment.Job instance at 0x7f389fcb7e10>,17,26,[ 5 12],18,123,149,105,120
1,<environment.Job instance at 0x7f389fcb7910>,18,26,[2 8],19,149,175,130,146
1,<environment.Job instance at 0x7f38a03c20f0>,4,23,[14  2],5,5,28,0,5
1,<environment.Job instance at 0x7f389fcb7910>,5,24,[5 9],6,28,52,22,23
1,<environment.Job instance at 0x7f38ea8f9e60>,7,28,[ 2 11],8,52,80,44,51
1,<environment.Job instance at 0x7f38e7b4f280>,10,23,[2 9],11,80,103,69,74
1,<environment.Job instance at 0x7f38e7b4f780>,13,2,[9 2],14,74,76,60,74
1,<environment.Job instance at 0x7f38ea3eac80>,14,3,[6 2],15,76,79,61,74
1,<environment.Job instance at 0x7f38a01b2b40>,15,20,[1 5],16,80,100,64,74
1,<environment.Job instance at 0x7f38a01b2550>,16,3,[13  3],17,100,103,83,85
1,<environment.Job instance at 0x7f38ea71a0a0>,17,1,[ 4 14],18,103,104,85,87
1,<environment.Job instance at 0x7f38ea34db90>,23,1,[ 5 13],24,104,105,80,102
1,<environment.Job instance at 0x7f38ea34dbe0>,24,26,[4 8],25,105,131,80,102
1,<environment.Job instance at 0x7f38a00836e0>,26,20,[2 9],27,131,151,104,122
1,<environment.Job instance at 0x7f38a003ea50>,29,22,[2 9],30,151,173,121,144
1,<environment.Job instance at 0x7f38ea34d1e0>,30,23,[ 5 11],31,173,196,142,167
1,<environment.Job instance at 0x7f38ea34dcd0>,31,24,[9 1],32,167,191,135,167
1,<environment.Job instance at 0x7f389fdb8dc0>,36,26,[11  3],37,196,222,159,193
1,<environment.Job instance at 0x7f389fb42870>,37,1,[9 1],38,193,194,155,193
1,<environment.Job instance at 0x7f389fb42eb0>,38,24,[7 1],39,222,246,183,217
1,<environment.Job instance at 0x7f389fb426e0>,40,19,[ 3 10],41,218,237,177,218
1,<environment.Job instance at 0x7f389fb42a00>,43,27,[7 2],44,237,264,193,235
1,<environment.Job instance at 0x7f38a0000140>,1,1,[13  2],2,4,5,2,4
1,<environment.Job instance at 0x7f389fb420f0>,4,26,[4 7],5,5,31,0,5
1,<environment.Job instance at 0x7f38a00005a0>,8,19,[5 9],9,31,50,22,21
1,<environment.Job instance at 0x7f38a0000d20>,13,20,[ 1 14],14,50,70,36,45
1,<environment.Job instance at 0x7f389fad1f00>,20,20,[ 5 13],21,70,90,49,62
1,<environment.Job instance at 0x7f389fad1460>,27,19,[10  4],28,99,118,71,99
1,<environment.Job instance at 0x7f389fad1190>,28,2,[7 4],29,118,120,89,99
1,<environment.Job instance at 0x7f389fad1cd0>,29,24,[8 2],30,118,142,88,113
1,<environment.Job instance at 0x7f389fad1d70>,30,25,[5 8],31,120,145,89,116
1,<environment.Job instance at 0x7f38a0165cd0>,0,23,[13  5],1,1,24,0,1
1,<environment.Job instance at 0x7f389fad1d20>,1,28,[14  2],2,24,52,22,23
1,<environment.Job instance at 0x7f38e7a77230>,6,22,[13  1],7,52,74,45,45
1,<environment.Job instance at 0x7f38e7a7bb40>,14,21,[10  2],15,74,95,59,66
1,<environment.Job instance at 0x7f38e7a7b190>,8,22,[ 2 12],9,66,88,57,66
1,<environment.Job instance at 0x7f38e7a7bc80>,13,20,[ 1 14],14,200,220,186,200
1,<environment.Job instance at 0x7f38e7d9aeb0>,0,28,[4 9],1,1,29,0,1
1,<environment.Job instance at 0x7f38ea843050>,5,25,[7 4],6,6,31,0,6
1,<environment.Job instance at 0x7f389fe4cc30>,2,19,[8 4],3,29,48,26,25
1,<environment.Job instance at 0x7f38e7a5c500>,1,24,[ 5 13],2,48,72,46,43
1,<environment.Job instance at 0x7f389fb3ad20>,8,25,[14  3],9,72,97,63,68
1,<environment.Job instance at 0x7f38a00fc9b0>,9,27,[14  3],10,97,124,87,95
1,<environment.Job instance at 0x7f389fe604b0>,16,28,[4 7],17,124,152,107,123
1,<environment.Job instance at 0x7f389fcb7280>,18,3,[ 4 13],19,155,158,136,155
1,<environment.Job instance at 0x7f38e7b72460>,4,26,[5 3],5,5,31,0,5
1,<environment.Job instance at 0x7f38e7b72050>,5,27,[6 1],6,6,33,0,6
1,<environment.Job instance at 0x7f38e7b72960>,8,20,[9 1],9,31,51,22,22
1,<environment.Job instance at 0x7f38e7b72370>,3,19,[ 1 11],4,40,59,36,40
1,<environment.Job instance at 0x7f38e7b7ef50>,13,20,[ 1 13],14,59,79,45,54
1,<environment.Job instance at 0x7f38e7b7eb40>,15,26,[12  4],16,79,105,63,76
1,<environment.Job instance at 0x7f389ff8b960>,2,28,[ 1 12],3,4,32,1,4
1,<environment.Job instance at 0x7f38e79d9230>,6,22,[3 5],7,32,54,25,25
1,<environment.Job instance at 0x7f38a0368870>,10,21,[2 8],11,32,53,21,25
1,<environment.Job instance at 0x7f38e79f4f50>,12,24,[5 2],13,25,49,12,25
1,<environment.Job instance at 0x7f38e79dfb40>,14,1,[ 4 12],15,54,55,39,50
1,<environment.Job instance at 0x7f389ff8ba00>,1,14,[1 9],2,55,69,53,55
1,<environment.Job instance at 0x7f38e7be69b0>,20,27,[14  1],21,55,82,34,55
1,<environment.Job instance at 0x7f38e7805050>,21,26,[5 6],22,82,108,60,79
1,<environment.Job instance at 0x7f38e7b9dfa0>,25,26,[11  1],26,108,134,82,105
1,<environment.Job instance at 0x7f38e7df7aa0>,26,24,[12  2],27,134,158,107,129
1,<environment.Job instance at 0x7f38e7df7550>,28,22,[3 6],29,129,151,100,129
1,<environment.Job instance at 0x7f38e7df7e10>,30,3,[ 5 14],31,158,161,127,155
1,<environment.Job instance at 0x7f38e7dde0f0>,32,20,[2 7],33,161,181,128,155
1,<environment.Job instance at 0x7f38e7dded20>,35,23,[5 9],36,181,204,145,175
1,<environment.Job instance at 0x7f38e7ddecd0>,36,23,[9 5],37,175,198,138,175
1,<environment.Job instance at 0x7f38e7dde730>,38,26,[ 4 12],39,204,230,165,201
1,<environment.Job instance at 0x7f38e7e03e10>,39,1,[ 2 14],40,230,231,190,224
1,<environment.Job instance at 0x7f38e7e031e0>,40,25,[12  5],41,231,256,190,227
1,<environment.Job instance at 0x7f38e7e03b90>,44,20,[ 4 11],45,256,276,211,247
1,<environment.Job instance at 0x7f38e7e03190>,46,20,[8 2],47,256,276,209,247
1,<environment.Job instance at 0x7f38e7e03e60>,47,25,[8 5],48,276,301,228,272
1,<environment.Job instance at 0x7f38e7ded280>,48,18,[11  3],49,396,414,347,396
1,<environment.Job instance at 0x7f38e7ded0a0>,49,27,[13  5],50,414,441,364,412
1,<environment.Job instance at 0x7f38e79e65f0>,50,22,[10  4],51,441,463,390,434
1,<environment.Job instance at 0x7f429441f190>,0,28,[9 3],1,1,29,0,1
1,<environment.Job instance at 0x7f4294462e10>,2,22,[4 8],3,3,25,0,3
1,<environment.Job instance at 0x7f428f00f5a0>,6,20,[6 1],7,25,45,18,19
1,<environment.Job instance at 0x7f428f00f640>,7,25,[6 2],8,29,54,21,25
1,<environment.Job instance at 0x7f428f00f6e0>,8,22,[14  3],9,54,76,45,47
1,<environment.Job instance at 0x7f4294462640>,1,22,[11  3],2,76,98,74,69
1,<environment.Job instance at 0x7f428f00f500>,5,24,[1 5],6,69,93,63,69
1,<environment.Job instance at 0x7f428f00f960>,12,26,[ 1 12],13,93,119,80,90
1,<environment.Job instance at 0x7f428f00fc80>,17,28,[ 5 10],18,119,147,101,118
1,<environment.Job instance at 0x7f428f01d050>,1,21,[6 5],2,2,23,0,2
1,<environment.Job instance at 0x7f428f00fb90>,2,26,[ 5 12],3,23,49,20,20
1,<environment.Job instance at 0x7f429458cd70>,8,19,[9 2],9,20,39,11,20
1,<environment.Job instance at 0x7f4294591730>,12,27,[2 6],13,49,76,36,47
1,<environment.Job instance at 0x7f4294591af0>,13,24,[ 2 14],14,76,100,62,71
1,<environment.Job instance at 0x7f4294591e10>,14,22,[8 1],15,71,93,56,71
1,<environment.Job instance at 0x7f42493084b0>,0,25,[6 2],1,1,26,0,1
1,<environment.Job instance at 0x7f4249308dc0>,3,26,[11  5],4,26,52,22,23
1,<environment.Job instance at 0x7f42493083c0>,10,27,[14  3],11,52,79,41,50
1,<environment.Job instance at 0x7f4249308960>,11,20,[1 7],12,50,70,38,50
1,<environment.Job instance at 0x7f4249308a50>,12,26,[ 4 10],13,79,105,66,76
1,<environment.Job instance at 0x7f42492ff6e0>,13,26,[8 3],14,79,105,65,76
1,<environment.Job instance at 0x7f42492ffe10>,16,22,[11  1],17,105,127,88,98
1,<environment.Job instance at 0x7f42492ffb90>,17,22,[ 1 13],18,105,127,87,102
1,<environment.Job instance at 0x7f42492ff5a0>,20,23,[7 3],21,127,150,106,121
1,<environment.Job instance at 0x7f42492ff2d0>,22,20,[9 3],23,150,170,127,141
1,<environment.Job instance at 0x7f42492ff230>,23,24,[14  3],24,170,194,146,165
1,<environment.Job instance at 0x7f42492ff280>,25,21,[12  3],26,194,215,168,186
1,<environment.Job instance at 0x7f42492f04b0>,27,28,[4 5],28,215,243,187,214
1,<environment.Job instance at 0x7f42492f0370>,29,22,[14  1],30,243,265,213,236
1,<environment.Job instance at 0x7f42492f00f0>,30,3,[11  3],31,265,268,234,244
1,<environment.Job instance at 0x7f42492f0280>,31,27,[ 4 13],32,268,295,236,266
1,<environment.Job instance at 0x7f42492f05f0>,32,26,[8 4],33,295,321,262,292
1,<environment.Job instance at 0x7f42492fffa0>,15,19,[ 2 13],16,321,340,305,311
1,<environment.Job instance at 0x7f42493457d0>,39,1,[5 4],40,311,312,271,311
1,<environment.Job instance at 0x7f4249345b40>,40,25,[ 3 10],41,340,365,299,336
1,<environment.Job instance at 0x7f4249345820>,41,1,[ 2 10],42,365,366,323,337
1,<environment.Job instance at 0x7f4249345960>,42,27,[3 9],43,366,393,323,364
1,<environment.Job instance at 0x7f424940c730>,0,24,[9 1],1,1,25,0,1
1,<environment.Job instance at 0x7f424940ceb0>,1,25,[7 1],2,25,50,23,21
1,<environment.Job instance at 0x7f424940ce60>,2,24,[12  5],3,50,74,47,45
1,<environment.Job instance at 0x7f42493c7b40>,7,23,[2 9],8,45,68,37,45
1,<environment.Job instance at 0x7f42493c75f0>,3,23,[10  2],4,74,97,70,68
1,<environment.Job instance at 0x7f42493c7690>,6,27,[ 4 14],7,97,124,90,95
1,<environment.Job instance at 0x7f42493df500>,13,20,[8 1],14,97,117,83,96
1,<environment.Job instance at 0x7f42493dfd20>,14,1,[13  4],15,124,125,109,119
1,<environment.Job instance at 0x7f42496b95f0>,0,25,[5 8],1,1,26,0,1
1,<environment.Job instance at 0x7f42493df640>,1,27,[7 4],2,2,29,0,2
1,<environment.Job instance at 0x7f4249707a50>,12,23,[11  2],13,29,52,16,23
1,<environment.Job instance at 0x7f42496ff500>,15,19,[14  4],16,380,399,364,380
1,<environment.Job instance at 0x7f42496ff690>,19,21,[9 2],20,399,420,379,391
1,<environment.Job instance at 0x7f428edce3c0>,0,1,[ 5 14],1,2,3,1,2
1,<environment.Job instance at 0x7f42496ff640>,2,26,[ 4 10],3,3,29,0,3
1,<environment.Job instance at 0x7f428edcecd0>,6,25,[7 3],7,7,32,0,7
1,<environment.Job instance at 0x7f428edce370>,5,24,[ 5 11],6,29,53,23,24
1,<environment.Job instance at 0x7f428edce730>,9,27,[1 5],10,53,80,43,51
1,<environment.Job instance at 0x7f428edce5f0>,3,2,[ 4 11],4,80,82,76,53
1,<environment.Job instance at 0x7f428edcec30>,11,20,[2 9],12,53,73,41,53
1,<environment.Job instance at 0x7f428f26e7d0>,13,27,[12  4],14,82,109,68,80
1,<environment.Job instance at 0x7f4291a0deb0>,0,2,[1 6],1,2,4,1,2
1,<environment.Job instance at 0x7f42492a4b90>,5,2,[ 4 12],6,8,10,2,8
1,<environment.Job instance at 0x7f42492a4d70>,7,28,[3 6],8,10,38,2,9
1,<environment.Job instance at 0x7f429177bdc0>,14,28,[6 5],15,23,51,8,23
1,<environment.Job instance at 0x7f4291bc5d70>,16,21,[7 3],17,38,59,21,30
1,<environment.Job instance at 0x7f42494d0aa0>,22,25,[4 6],23,72,97,49,72
1,<environment.Job instance at 0x7f42494d0320>,24,24,[7 5],25,72,96,47,72
1,<environment.Job instance at 0x7f4291761690>,26,21,[14  1],27,97,118,70,89
1,<environment.Job instance at 0x7f42492a40f0>,9,19,[13  1],10,121,140,111,121
1,<environment.Job instance at 0x7f42494d1910>,29,24,[4 9],30,140,164,110,135
1,<environment.Job instance at 0x7f428eebb820>,31,20,[6 3],32,140,160,108,135
1,<environment.Job instance at 0x7f428f213500>,1,25,[ 2 14],2,3,28,1,3
1,<environment.Job instance at 0x7f428ef0e1e0>,6,27,[10  1],7,8,35,1,8
1,<environment.Job instance at 0x7f428ef0e4b0>,10,28,[13  5],11,35,63,24,34
1,<environment.Job instance at 0x7f428ef0e690>,11,19,[4 8],12,63,82,51,53
1,<environment.Job instance at 0x7f428ef0e9b0>,14,2,[ 2 14],15,82,84,67,55
1,<environment.Job instance at 0x7f42494c7460>,5,3,[ 3 14],6,84,87,78,79
1,<environment.Job instance at 0x7f428ef0ebe0>,19,1,[ 3 12],20,87,88,67,80
1,<environment.Job instance at 0x7f428ef0edc0>,23,23,[5 1],24,94,117,70,94
1,<environment.Job instance at 0x7f428ef0ef50>,26,26,[ 1 12],27,104,130,77,104
1,<environment.Job instance at 0x7f428eef5190>,29,20,[3 8],30,130,150,100,121
1,<environment.Job instance at 0x7f428eef5230>,30,24,[11  5],31,130,154,99,125
1,<environment.Job instance at 0x7f4249894320>,0,28,[5 2],1,1,29,0,1
1,<environment.Job instance at 0x7f428eef5730>,2,24,[8 1],3,3,27,0,3
1,<environment.Job instance at 0x7f428f2d2140>,7,27,[9 4],8,27,54,19,25
1,<environment.Job instance at 0x7f4249894f00>,4,26,[5 7],5,29,55,24,26
1,<environment.Job instance at 0x7f42492c40a0>,9,26,[7 3],10,54,80,44,51
1,<environment.Job instance at 0x7f42492c43c0>,14,2,[13  2],15,80,82,65,53
1,<environment.Job instance at 0x7f42492c4be0>,17,20,[10  2],18,82,102,64,73
1,<environment.Job instance at 0x7f429181e6e0>,21,25,[4 9],22,87,112,65,87
1,<environment.Job instance at 0x7f42492c4320>,13,2,[14  5],14,112,114,98,109
1,<environment.Job instance at 0x7f428efe7a00>,28,20,[5 6],29,114,134,85,110
1,<environment.Job instance at 0x7f428efb5e60>,35,20,[3 7],36,151,171,115,151
1,<environment.Job instance at 0x7f428f0cbd70>,37,21,[1 7],38,168,189,130,168
1,<environment.Job instance at 0x7f42495e2370>,5,22,[2 6],6,6,28,0,6
1,<environment.Job instance at 0x7f42919fd140>,8,23,[5 5],9,9,32,0,9
1,<environment.Job instance at 0x7f4249637190>,11,2,[2 7],12,28,30,16,13
1,<environment.Job instance at 0x7f4249234690>,13,3,[9 1],14,30,33,16,15
1,<environment.Job instance at 0x7f4291aff370>,15,22,[6 1],16,32,54,16,25
1,<environment.Job instance at 0x7f4291aff0a0>,22,23,[ 3 10],23,47,70,24,47
1,<environment.Job instance at 0x7f424979ea50>,27,22,[5 7],28,77,99,49,77
1,<environment.Job instance at 0x7f4294462e60>,28,24,[ 1 14],29,99,123,70,94
1,<environment.Job instance at 0x7f429190e5a0>,34,23,[5 5],35,123,146,88,117
1,<environment.Job instance at 0x7f429190e4b0>,35,23,[ 2 12],36,146,169,110,140
1,<environment.Job instance at 0x7f429190eaa0>,37,25,[7 3],38,140,165,102,140
1,<environment.Job instance at 0x7f429190ef50>,38,1,[12  5],39,169,170,130,157
1,<environment.Job instance at 0x7f42496372d0>,12,12,[11  2],13,2642,2654,2629,2642
1,<environment.Job instance at 0x7f4291d3a820>,40,27,[5 2],41,2654,2681,2613,2652
1,<environment.Job instance at 0x7f4291d3adc0>,43,3,[ 3 10],44,2654,2657,2610,2654
1,<environment.Job instance at 0x7f4291d3ad20>,46,12,[5 1],47,2655,2667,2608,2655
1,<environment.Job instance at 0x7f42495930a0>,47,21,[7 1],48,2667,2688,2619,2659
1,<environment.Job instance at 0x7f4249593b90>,48,2,[8 5],49,2681,2683,2632,2659
1,<environment.Job instance at 0x7f4249593dc0>,3,25,[ 2 10],4,4,29,0,4
1,<environment.Job instance at 0x7f428f412af0>,7,19,[9 1],8,21,40,13,21
1,<environment.Job instance at 0x7f428f412fa0>,14,25,[9 4],15,40,65,25,36
1,<environment.Job instance at 0x7f428f43f370>,17,23,[4 8],18,36,59,18,36
1,<environment.Job instance at 0x7f428f43f500>,19,27,[ 5 14],20,65,92,45,63
1,<environment.Job instance at 0x7f428f412e10>,16,2,[12  3],17,92,94,75,89
1,<environment.Job instance at 0x7f428f43f7d0>,22,20,[10  3],23,94,114,71,89
1,<environment.Job instance at 0x7f428f43f8c0>,24,26,[13  3],25,114,140,89,111
1,<environment.Job instance at 0x7f428f43f960>,25,23,[9 5],26,140,163,114,134
1,<environment.Job instance at 0x7f428f43f820>,26,27,[7 3],27,163,190,136,161
1,<environment.Job instance at 0x7f428f43f640>,28,19,[3 8],29,161,180,132,161
1,<environment.Job instance at 0x7f428f43fb90>,30,25,[9 5],31,190,215,159,186
1,<environment.Job instance at 0x7f42916d6a00>,1,22,[8 3],2,2,24,0,2
1,<environment.Job instance at 0x7f42916d6cd0>,4,21,[5 8],5,5,26,0,5
1,<environment.Job instance at 0x7f42916d6460>,5,21,[11  3],6,26,47,20,18
1,<environment.Job instance at 0x7f4249523410>,13,24,[2 8],14,26,50,12,21
1,<environment.Job instance at 0x7f42495236e0>,14,24,[5 7],15,47,71,32,42
1,<environment.Job instance at 0x7f4249511140>,2,23,[7 1],3,3,26,0,3
1,<environment.Job instance at 0x7f42916f2d20>,6,24,[14  5],7,26,50,19,21
1,<environment.Job instance at 0x7f42916f2050>,7,25,[ 4 12],8,50,75,42,46
1,<environment.Job instance at 0x7f428ef2b500>,0,23,[ 5 11],1,1,24,0,1
1,<environment.Job instance at 0x7f428f3ae280>,1,24,[9 1],2,2,26,0,2
1,<environment.Job instance at 0x7f42494f6730>,6,26,[11  3],7,26,52,19,23
1,<environment.Job instance at 0x7f42494f6820>,8,24,[7 1],9,52,76,43,47
1,<environment.Job instance at 0x7f42494f6a50>,10,19,[ 3 10],11,47,66,36,47
1,<environment.Job instance at 0x7f42494f6be0>,12,20,[10  3],13,76,96,63,67
1,<environment.Job instance at 0x7f42494f6550>,13,27,[7 2],14,96,123,82,94
1,<environment.Job instance at 0x7f428ef4fbe0>,15,21,[10  1],16,123,144,107,115
1,<environment.Job instance at 0x7f42494ea5a0>,18,22,[13  4],19,144,166,125,137
1,<environment.Job instance at 0x7f428f249960>,3,28,[ 5 13],4,4,32,0,4
1,<environment.Job instance at 0x7f4249797eb0>,11,1,[ 2 13],12,32,33,20,20
1,<environment.Job instance at 0x7f42496435f0>,12,20,[5 9],13,33,53,20,24
1,<environment.Job instance at 0x7f4249643b90>,10,19,[4 5],11,33,52,22,24
1,<environment.Job instance at 0x7f4249406640>,17,2,[11  1],18,53,55,35,26
1,<environment.Job instance at 0x7f4249410a50>,20,19,[3 5],21,52,71,31,44
1,<environment.Job instance at 0x7f42493d8eb0>,23,25,[ 5 10],24,55,80,31,51
1,<environment.Job instance at 0x7f42493d8460>,25,20,[ 4 11],26,80,100,54,71
1,<environment.Job instance at 0x7f429166e410>,0,27,[ 1 14],1,100,127,99,98
1,<environment.Job instance at 0x7f4291778050>,30,21,[9 1],31,98,119,67,98
1,<environment.Job instance at 0x7f428ee163c0>,32,25,[10  4],33,127,152,94,123
1,<environment.Job instance at 0x7f428ee160f0>,38,20,[12  2],39,152,172,113,143
1,<environment.Job instance at 0x7f428ee16190>,40,28,[8 4],41,172,200,131,171
1,<environment.Job instance at 0x7f42490f2d20>,1,25,[2 8],2,2,27,0,2
1,<environment.Job instance at 0x7f424980f140>,12,22,[6 2],13,15,37,2,15
1,<environment.Job instance at 0x7f424980fdc0>,16,22,[1 8],17,49,71,32,49
1,<environment.Job instance at 0x7f4249805a50>,17,23,[3 5],18,49,72,31,49
1,<environment.Job instance at 0x7f428f339690>,1,24,[1 9],2,2,26,0,2
1,<environment.Job instance at 0x7f428ee585f0>,12,19,[ 4 10],13,26,45,13,21
1,<environment.Job instance at 0x7f429441ea00>,7,20,[10  4],8,8,28,0,8
1,<environment.Job instance at 0x7f424901bdc0>,8,26,[ 5 10],9,9,35,0,9
1,<environment.Job instance at 0x7f4291b62550>,9,27,[2 7],10,35,62,25,33
1,<environment.Job instance at 0x7f424901b5f0>,10,20,[2 6],11,35,55,24,33
1,<environment.Job instance at 0x7f428f142190>,15,26,[11  4],16,55,81,39,52
1,<environment.Job instance at 0x7f428ee8f5f0>,1,24,[5 3],2,2,26,0,2
1,<environment.Job instance at 0x7f428ee8f0a0>,5,25,[2 6],6,6,31,0,6
1,<environment.Job instance at 0x7f424966a1e0>,8,28,[4 6],9,9,37,0,9
1,<environment.Job instance at 0x7f424966ae60>,11,23,[ 1 10],12,37,60,25,31
1,<environment.Job instance at 0x7f428efb0140>,14,28,[4 7],15,60,88,45,59
1,<environment.Job instance at 0x7f424966ae10>,4,19,[12  3],5,88,107,83,78
1,<environment.Job instance at 0x7f428efb06e0>,16,24,[11  4],17,107,131,90,102
1,<environment.Job instance at 0x7f428efb05a0>,20,24,[9 4],21,131,155,110,126
1,<environment.Job instance at 0x7f428efb0f50>,24,21,[3 7],25,126,147,101,126
1,<environment.Job instance at 0x7f428efb0be0>,25,12,[ 2 12],26,162,174,136,162
1,<environment.Job instance at 0x7f4294591a50>,31,16,[12  1],32,252,268,220,252
1,<environment.Job instance at 0x7f42915ec0a0>,0,22,[ 2 12],1,1,23,0,1
1,<environment.Job instance at 0x7f42915ec280>,2,20,[12  3],3,11,31,8,11
1,<environment.Job instance at 0x7f428ed922d0>,7,26,[ 3 14],8,31,57,23,28
1,<environment.Job instance at 0x7f429175a820>,9,26,[1 5],10,57,83,47,54
1,<environment.Job instance at 0x7f42916653c0>,11,18,[11  2],12,355,373,343,355
1,<environment.Job instance at 0x7f42915ec780>,14,23,[7 1],15,373,396,358,367
1,<environment.Job instance at 0x7f4e4e91d280>,0,28,[9 3],1,1,29,0,1
1,<environment.Job instance at 0x7f4e4e9a5820>,2,22,[4 8],3,3,25,0,3
1,<environment.Job instance at 0x7f4e4e91d190>,1,22,[11  3],2,29,51,27,22
1,<environment.Job instance at 0x7f4e4750d640>,7,25,[6 2],8,51,76,43,47
1,<environment.Job instance at 0x7f4e4750d5a0>,6,20,[6 1],7,51,71,44,47
1,<environment.Job instance at 0x7f4e4750d500>,5,24,[1 5],6,61,85,55,61
1,<environment.Job instance at 0x7f4e4750d6e0>,8,22,[14  3],9,76,98,67,69
1,<environment.Job instance at 0x7f4e4750d960>,12,26,[ 1 12],13,88,114,75,88
1,<environment.Job instance at 0x7f4e4750dc80>,17,28,[ 5 10],18,114,142,96,113
1,<environment.Job instance at 0x7f4e47524f50>,2,27,[2 6],3,3,30,0,3
1,<environment.Job instance at 0x7f4e4750dc80>,4,22,[8 1],5,5,27,0,5
1,<environment.Job instance at 0x7f4e4e944870>,7,1,[ 4 11],8,30,31,22,10
1,<environment.Job instance at 0x7f4e4ea8a370>,11,22,[7 5],12,31,53,19,24
1,<environment.Job instance at 0x7f4e4e944780>,8,23,[ 2 14],9,53,76,44,47
1,<environment.Job instance at 0x7f4e0e4fad20>,14,28,[5 6],15,76,104,61,75
1,<environment.Job instance at 0x7f4e4750db90>,3,24,[ 2 14],4,104,128,100,99
1,<environment.Job instance at 0x7f4e4ea8a960>,17,20,[14  5],18,128,148,110,119
1,<environment.Job instance at 0x7f4e4ea8ff00>,19,3,[ 1 12],20,148,151,128,146
1,<environment.Job instance at 0x7f4e4e93bd70>,16,19,[11  3],17,148,167,131,147
1,<environment.Job instance at 0x7f4e4ea8fe10>,22,22,[4 8],23,151,173,128,147
1,<environment.Job instance at 0x7f4e4ea8fc30>,23,25,[6 1],24,167,192,143,163
1,<environment.Job instance at 0x7f4e4ea8f780>,24,20,[ 1 14],25,173,193,148,166
1,<environment.Job instance at 0x7f4e4ea926e0>,29,23,[ 1 14],30,193,216,163,187
1,<environment.Job instance at 0x7f4e03d29280>,0,23,[7 3],1,1,24,0,1
1,<environment.Job instance at 0x7f4e0380df00>,5,21,[12  3],6,24,45,18,17
1,<environment.Job instance at 0x7f4e0380de60>,7,28,[4 5],8,45,73,37,44
1,<environment.Job instance at 0x7f4e4ea90f00>,2,20,[9 3],3,45,65,42,45
1,<environment.Job instance at 0x7f4e0380d500>,10,3,[11  3],11,65,68,54,51
1,<environment.Job instance at 0x7f4e0380d6e0>,11,27,[ 4 13],12,73,100,61,71
1,<environment.Job instance at 0x7f4e0380d690>,12,26,[8 4],13,100,126,87,97
1,<environment.Job instance at 0x7f4e0380ddc0>,3,24,[14  3],4,126,150,122,121
1,<environment.Job instance at 0x7f4e0380db90>,9,22,[14  1],10,150,172,140,143
1,<environment.Job instance at 0x7f4e03806b90>,20,25,[ 3 10],21,172,197,151,170
1,<environment.Job instance at 0x7f4e03806d70>,22,27,[3 9],23,197,224,174,195
1,<environment.Job instance at 0x7f4e037ff690>,25,24,[1 5],26,195,219,169,195
1,<environment.Job instance at 0x7f4e037ff4b0>,26,23,[3 6],27,219,242,192,213
1,<environment.Job instance at 0x7f4e037ff960>,28,21,[8 3],29,224,245,195,216
1,<environment.Job instance at 0x7f4e037ff780>,29,26,[9 4],30,245,271,215,242
1,<environment.Job instance at 0x7f4e037ff8c0>,34,25,[1 5],35,249,274,214,249
1,<environment.Job instance at 0x7f4e03cc7af0>,2,21,[4 8],3,3,24,0,3
1,<environment.Job instance at 0x7f4e03cc7870>,5,25,[ 5 10],6,24,49,18,20
1,<environment.Job instance at 0x7f4e0390bb90>,4,21,[3 8],5,49,70,44,41
1,<environment.Job instance at 0x7f4e037f04b0>,10,27,[ 4 10],11,70,97,59,68
1,<environment.Job instance at 0x7f4e037f0e60>,11,25,[12  4],12,97,122,85,93
1,<environment.Job instance at 0x7f4e037f0410>,13,27,[3 8],14,97,124,83,95
1,<environment.Job instance at 0x7f4e037f0280>,15,24,[8 4],16,122,146,106,117
1,<environment.Job instance at 0x7f4e037f02d0>,18,3,[13  2],19,146,149,127,146
1,<environment.Job instance at 0x7f4e037f0a50>,8,20,[14  4],9,150,170,141,150
1,<environment.Job instance at 0x7f4e03806aa0>,30,26,[9 4],31,174,200,143,174
1,<environment.Job instance at 0x7f4e03899460>,34,22,[ 1 12],35,200,222,165,193
1,<environment.Job instance at 0x7f4e03899410>,35,20,[3 8],36,222,242,186,213
1,<environment.Job instance at 0x7f4e03899190>,36,26,[ 3 12],37,242,268,205,239
1,<environment.Job instance at 0x7f4e03802780>,3,24,[11  3],4,4,28,0,4
1,<environment.Job instance at 0x7f4e0372cb40>,7,23,[10  3],8,28,51,20,22
1,<environment.Job instance at 0x7f4e0372ceb0>,12,24,[7 5],13,51,75,38,46
1,<environment.Job instance at 0x7f4e0372cf50>,13,20,[14  5],14,75,95,61,66
1,<environment.Job instance at 0x7f4e0372cd70>,16,27,[5 5],17,95,122,78,93
1,<environment.Job instance at 0x7f4e03802960>,0,2,[13  5],1,122,124,121,98
1,<environment.Job instance at 0x7f4e0372e690>,23,18,[4 9],24,129,147,105,129
1,<environment.Job instance at 0x7f4e0372e8c0>,4,26,[1 5],5,5,31,0,5
1,<environment.Job instance at 0x7f4e4e85a370>,5,22,[11  4],6,6,28,0,6
1,<environment.Job instance at 0x7f4e4e85a550>,7,23,[ 4 10],8,28,51,20,22
1,<environment.Job instance at 0x7f4e4e85a780>,6,21,[11  3],7,31,52,24,23
1,<environment.Job instance at 0x7f4e0388de10>,12,2,[ 1 14],13,52,54,39,51
1,<environment.Job instance at 0x7f4e4e85a190>,8,19,[14  3],9,54,73,45,51
1,<environment.Job instance at 0x7f4e0388d9b0>,16,23,[7 4],17,73,96,56,67
1,<environment.Job instance at 0x7f4e0388d2d0>,17,22,[9 4],18,96,118,78,89
1,<environment.Job instance at 0x7f4e0388db40>,23,20,[5 4],24,106,126,82,106
1,<environment.Job instance at 0x7f4e0388d1e0>,24,28,[10  3],25,118,146,93,117
1,<environment.Job instance at 0x7f4e0388d6e0>,25,25,[12  3],26,146,171,120,142
1,<environment.Job instance at 0x7f4e0388db90>,26,20,[7 1],27,171,191,144,162
1,<environment.Job instance at 0x7f4e0388d190>,27,20,[6 2],28,171,191,143,162
1,<environment.Job instance at 0x7f4e039ed960>,1,28,[ 5 12],2,2,30,0,2
1,<environment.Job instance at 0x7f4e4c030910>,6,23,[11  3],7,30,53,23,24
1,<environment.Job instance at 0x7f4e0388d410>,2,28,[2 6],3,30,58,27,29
1,<environment.Job instance at 0x7f4e037a3870>,4,28,[ 1 11],5,58,86,53,57
1,<environment.Job instance at 0x7f4e4bb31730>,15,27,[6 1],16,60,87,44,60
1,<environment.Job instance at 0x7f4e03dffb90>,16,22,[5 5],17,86,108,69,79
1,<environment.Job instance at 0x7f4e038b4fa0>,19,26,[2 7],20,86,112,66,83
1,<environment.Job instance at 0x7f4e039dca50>,20,23,[10  3],21,108,131,87,102
1,<environment.Job instance at 0x7f4e4c234190>,22,1,[13  2],23,131,132,108,112
1,<environment.Job instance at 0x7f4e03dfdeb0>,24,21,[8 1],25,132,153,107,124
1,<environment.Job instance at 0x7f4e03825f50>,25,18,[11  1],26,2177,2195,2151,2177
1,<environment.Job instance at 0x7f4e4bbc55a0>,26,19,[3 6],27,2177,2196,2150,2177
1,<environment.Job instance at 0x7f4e4761e640>,30,22,[ 1 12],31,2196,2218,2165,2189
1,<environment.Job instance at 0x7f4e4bdb7410>,0,24,[7 3],1,1,25,0,1
1,<environment.Job instance at 0x7f4e4bc8f3c0>,2,26,[5 8],3,3,29,0,3
1,<environment.Job instance at 0x7f4e47451910>,6,2,[ 5 13],7,29,31,22,18
1,<environment.Job instance at 0x7f4e4bdb70f0>,4,23,[1 5],5,31,54,26,25
1,<environment.Job instance at 0x7f4e47451b40>,10,21,[13  2],11,31,52,20,25
1,<environment.Job instance at 0x7f4e4745a3c0>,21,23,[13  3],22,52,75,30,51
1,<environment.Job instance at 0x7f4e474519b0>,7,13,[ 1 14],8,909,922,901,909
1,<environment.Job instance at 0x7f4e4745a500>,23,13,[11  1],24,1009,1022,985,1009
1,<environment.Job instance at 0x7f4e4745a5a0>,24,21,[6 5],25,1022,1043,997,1014
1,<environment.Job instance at 0x7f4e4745a730>,26,26,[7 4],27,1022,1048,995,1019
1,<environment.Job instance at 0x7f4e47a0bf00>,0,24,[4 5],1,1,25,0,1
1,<environment.Job instance at 0x7f4e4745a730>,3,25,[ 5 10],4,4,29,0,4
1,<environment.Job instance at 0x7f4e474428c0>,8,27,[7 4],9,25,52,16,23
1,<environment.Job instance at 0x7f4e478c9870>,1,22,[10  5],2,2,24,0,2
1,<environment.Job instance at 0x7f4e472bd320>,2,1,[ 5 14],3,24,25,21,6
1,<environment.Job instance at 0x7f4e4c02af50>,8,23,[2 5],9,25,48,16,19
1,<environment.Job instance at 0x7f4e478c9460>,0,20,[14  2],1,48,68,47,39
1,<environment.Job instance at 0x7f4e4bf637d0>,0,27,[5 2],1,1,28,0,1
1,<environment.Job instance at 0x7f4e03c51640>,2,23,[7 1],3,3,26,0,3
1,<environment.Job instance at 0x7f4e03c51910>,6,24,[14  5],7,26,50,19,21
1,<environment.Job instance at 0x7f4e03c517d0>,7,25,[ 4 12],8,50,75,42,46
1,<environment.Job instance at 0x7f4e4782e0a0>,11,18,[ 2 11],12,1971,1989,1959,1971
1,<environment.Job instance at 0x7f4e4bf585f0>,2,20,[10  3],3,3,23,0,3
1,<environment.Job instance at 0x7f4e4782e0a0>,3,27,[7 2],4,23,50,19,21
1,<environment.Job instance at 0x7f4e4bf58dc0>,5,21,[10  1],6,50,71,44,42
1,<environment.Job instance at 0x7f4e4bf58140>,8,22,[13  4],9,71,93,62,64
1,<environment.Job instance at 0x7f4e4bf58690>,10,25,[12  1],11,93,118,82,89
1,<environment.Job instance at 0x7f4e4bf585a0>,11,26,[10  2],12,118,144,106,115
1,<environment.Job instance at 0x7f4e4bb53dc0>,0,19,[3 5],1,2,21,1,2
1,<environment.Job instance at 0x7f4e4bfaf780>,3,25,[ 5 10],4,4,29,0,4
1,<environment.Job instance at 0x7f4e03d4bfa0>,10,21,[9 1],11,21,42,10,14
1,<environment.Job instance at 0x7f4e03bf4320>,12,25,[10  4],13,42,67,29,38
1,<environment.Job instance at 0x7f4e03d4b960>,5,20,[ 4 11],6,38,58,32,38
1,<environment.Job instance at 0x7f4e03d1e9b0>,20,28,[8 4],21,67,95,46,66
1,<environment.Job instance at 0x7f4e03d1eeb0>,18,20,[12  2],19,95,115,76,86
1,<environment.Job instance at 0x7f4e4786b0a0>,0,26,[5 7],1,1,27,0,1
1,<environment.Job instance at 0x7f4e4786b960>,5,25,[1 6],6,7,32,1,7
1,<environment.Job instance at 0x7f4e03ddc2d0>,4,20,[5 9],5,27,47,22,18
1,<environment.Job instance at 0x7f4e4746d460>,9,27,[5 9],10,47,74,37,45
1,<environment.Job instance at 0x7f4e47386960>,13,28,[ 3 14],14,74,102,60,73
1,<environment.Job instance at 0x7f4e03ce3f00>,12,26,[ 1 12],13,102,128,89,99
1,<environment.Job instance at 0x7f4e03b5be10>,18,24,[ 5 13],19,128,152,109,123
1,<environment.Job instance at 0x7f4e03b5b690>,19,23,[8 5],20,152,175,132,146
1,<environment.Job instance at 0x7f4e039d7640>,20,28,[4 9],21,152,180,131,151
1,<environment.Job instance at 0x7f4e03b5b550>,21,24,[ 5 13],22,180,204,158,175
1,<environment.Job instance at 0x7f4e03b5beb0>,22,19,[8 4],23,204,223,181,194
1,<environment.Job instance at 0x7f4e038e0b40>,25,25,[7 4],26,204,229,178,200
1,<environment.Job instance at 0x7f4e038e0cd0>,28,25,[14  3],29,229,254,200,225
1,<environment.Job instance at 0x7f4e038e06e0>,29,27,[14  3],30,254,281,224,252
1,<environment.Job instance at 0x7f4e03b5bdc0>,17,20,[12  1],18,281,301,263,272
1,<environment.Job instance at 0x7f4e0365e910>,36,28,[4 7],37,301,329,264,300
1,<environment.Job instance at 0x7f4e4c075410>,38,3,[ 4 13],39,375,378,336,375
1,<environment.Job instance at 0x7f4e4c1e4960>,4,26,[5 3],5,5,31,0,5
1,<environment.Job instance at 0x7f4e03dc45a0>,5,27,[6 1],6,6,33,0,6
1,<environment.Job instance at 0x7f4e4c1e4140>,8,20,[9 1],9,31,51,22,22
1,<environment.Job instance at 0x7f4e03dc4910>,13,20,[ 1 13],14,33,53,19,31
1,<environment.Job instance at 0x7f4e03dc4640>,3,19,[ 1 11],4,53,72,49,52
1,<environment.Job instance at 0x7f4e03dc4050>,15,26,[12  4],16,53,79,37,52
1,<environment.Job instance at 0x7f4e034f34b0>,0,27,[14  1],1,1,28,0,1
1,<environment.Job instance at 0x7f4e4bd194b0>,1,26,[5 6],2,28,54,26,25
1,<environment.Job instance at 0x7f4e4749ffa0>,5,26,[11  1],6,54,80,48,51
1,<environment.Job instance at 0x7f4e4749f230>,6,24,[12  2],7,80,104,73,75
1,<environment.Job instance at 0x7f4e47497780>,8,22,[3 6],9,75,97,66,75
1,<environment.Job instance at 0x7f4e47497640>,12,20,[2 7],13,97,117,84,88
1,<environment.Job instance at 0x7f4e47497c80>,15,23,[5 9],16,117,140,101,111
1,<environment.Job instance at 0x7f4e47497f00>,16,23,[9 5],17,111,134,94,111
1,<environment.Job instance at 0x7f4e47497140>,18,26,[ 4 12],19,140,166,121,137
1,<environment.Job instance at 0x7f4e474a88c0>,20,25,[12  5],21,166,191,145,162
1,<environment.Job instance at 0x7f4e474a8640>,21,20,[10  5],22,191,211,169,182
1,<environment.Job instance at 0x7f4e474971e0>,19,1,[ 2 14],20,211,212,191,202
1,<environment.Job instance at 0x7f4e474a8910>,24,20,[ 4 11],25,212,232,187,203
1,<environment.Job instance at 0x7f4e474a8be0>,26,20,[8 2],27,212,232,185,205
1,<environment.Job instance at 0x7f4e474a8d70>,27,25,[8 5],28,232,257,204,228
1,<environment.Job instance at 0x7f4e47497500>,10,3,[ 5 14],11,264,267,253,264
1,<environment.Job instance at 0x7f4e4747ca50>,29,27,[13  5],30,267,294,237,265
1,<environment.Job instance at 0x7f4e474a8460>,30,22,[10  4],31,294,316,263,287
1,<environment.Job instance at 0x7f4e03cf84b0>,5,22,[14  4],6,6,28,0,6
1,<environment.Job instance at 0x7f4e03da6820>,13,23,[14  5],14,28,51,14,22
1,<environment.Job instance at 0x7f4e476f56e0>,9,2,[ 2 11],10,51,53,41,43
1,<environment.Job instance at 0x7f4e4e9472d0>,20,25,[ 4 10],21,53,78,32,49
1,<environment.Job instance at 0x7f4e4c19cfa0>,21,22,[9 1],22,51,73,29,49
1,<environment.Job instance at 0x7f4e4bdae190>,2,20,[ 2 11],3,5,25,2,5
1,<environment.Job instance at 0x7f4e037d7050>,12,28,[13  1],13,29,57,16,29
1,<environment.Job instance at 0x7f4e037d7d70>,16,21,[8 4],17,60,81,43,60
1,<environment.Job instance at 0x7f4e036e8550>,6,22,[ 4 11],7,7,29,0,7
1,<environment.Job instance at 0x7f4e4be2dcd0>,9,23,[4 6],10,29,52,19,23
1,<environment.Job instance at 0x7f4e4be2d230>,10,3,[2 9],11,29,32,18,23
1,<environment.Job instance at 0x7f4e039b7b90>,13,2,[1 6],14,32,34,18,24
1,<environment.Job instance at 0x7f4e039b70a0>,15,21,[10  5],16,34,55,18,27
1,<environment.Job instance at 0x7fb7bb0b41e0>,0,28,[9 3],1,1,29,0,1
1,<environment.Job instance at 0x7fb7bb13c780>,2,22,[4 8],3,3,25,0,3
1,<environment.Job instance at 0x7fb7bb13c820>,1,22,[11  3],2,29,51,27,22
1,<environment.Job instance at 0x7fb7b1ca5640>,7,25,[6 2],8,51,76,43,47
1,<environment.Job instance at 0x7fb7b1ca55a0>,6,20,[6 1],7,51,71,44,47
1,<environment.Job instance at 0x7fb7b1ca5500>,5,24,[1 5],6,51,75,45,51
1,<environment.Job instance at 0x7fb7b1ca56e0>,8,22,[14  3],9,76,98,67,69
1,<environment.Job instance at 0x7fb7b1ca5960>,12,26,[ 1 12],13,75,101,62,72
1,<environment.Job instance at 0x7fb7b1ca5c80>,17,28,[ 5 10],18,101,129,83,100
1,<environment.Job instance at 0x7fb7b1cc39b0>,1,22,[7 5],2,2,24,0,2
1,<environment.Job instance at 0x7fb7bb226730>,4,28,[5 6],5,5,33,0,5
1,<environment.Job instance at 0x7fb7bb226b90>,7,20,[14  5],8,33,53,25,24
1,<environment.Job instance at 0x7fb7bb227e60>,12,22,[4 8],13,53,75,40,46
1,<environment.Job instance at 0x7fb7bb227550>,13,25,[6 1],14,53,78,39,49
1,<environment.Job instance at 0x7fb7bb227820>,14,20,[ 1 14],15,75,95,60,73
1,<environment.Job instance at 0x7fb7bb226780>,6,19,[11  3],7,95,114,88,86
1,<environment.Job instance at 0x7fb7bb229050>,9,3,[ 1 12],10,103,106,93,103
1,<environment.Job instance at 0x7fb7bb227eb0>,19,23,[ 1 14],20,114,137,94,108
1,<environment.Job instance at 0x7fb7bb0dee60>,24,22,[12  4],25,137,159,112,130
1,<environment.Job instance at 0x7fb7bb0def50>,25,23,[1 7],26,139,162,113,139
1,<environment.Job instance at 0x7fb76ffaa460>,0,25,[ 3 10],1,1,26,0,1
1,<environment.Job instance at 0x7fb7bb21a5a0>,2,27,[3 9],3,26,53,23,24
1,<environment.Job instance at 0x7fb76ffaa410>,6,23,[3 6],7,26,49,19,24
1,<environment.Job instance at 0x7fb770056370>,8,21,[8 3],9,49,70,40,41
1,<environment.Job instance at 0x7fb770056320>,9,26,[9 4],10,70,96,60,67
1,<environment.Job instance at 0x7fb76ffaad20>,5,24,[1 5],6,67,91,61,67
1,<environment.Job instance at 0x7fb770056690>,14,25,[1 5],15,68,93,53,68
1,<environment.Job instance at 0x7fb770627f00>,0,26,[9 4],1,1,27,0,1
1,<environment.Job instance at 0x7fb7703fd190>,5,20,[3 8],6,6,26,0,6
1,<environment.Job instance at 0x7fb770627640>,6,26,[ 3 12],7,27,53,20,24
1,<environment.Job instance at 0x7fb770465780>,14,2,[ 1 13],15,53,55,38,26
1,<environment.Job instance at 0x7fb770465280>,15,1,[13  1],16,53,54,37,26
1,<environment.Job instance at 0x7fb770465b40>,17,24,[1 8],18,55,79,37,50
1,<environment.Job instance at 0x7fb770465460>,19,21,[6 5],20,55,76,35,50
1,<environment.Job instance at 0x7fb7704655a0>,20,26,[ 1 11],21,79,105,58,76
1,<environment.Job instance at 0x7fb7704054b0>,25,28,[10  3],26,79,107,53,79
1,<environment.Job instance at 0x7fb770405960>,30,25,[14  4],31,107,132,76,103
1,<environment.Job instance at 0x7fb77041bcd0>,36,24,[14  2],37,132,156,95,127
1,<environment.Job instance at 0x7fb77041be10>,37,3,[ 5 11],38,156,159,118,135
1,<environment.Job instance at 0x7fb7703fd140>,4,22,[ 1 12],5,159,181,154,156
1,<environment.Job instance at 0x7fb77041bf00>,39,23,[ 4 11],40,181,204,141,176
1,<environment.Job instance at 0x7fb77041bd70>,38,2,[ 2 12],39,204,206,165,177
1,<environment.Job instance at 0x7fb77057f5a0>,41,23,[ 3 13],42,206,229,164,200
1,<environment.Job instance at 0x7fb76ffa8280>,44,24,[ 3 10],45,229,253,184,224
1,<environment.Job instance at 0x7fb76ffa1c80>,50,25,[5 8],51,253,278,202,249
1,<environment.Job instance at 0x7fb76ffa1e60>,51,27,[7 4],52,249,276,197,249
1,<environment.Job instance at 0x7fb77011f0a0>,0,20,[ 1 10],1,1,21,0,1
1,<environment.Job instance at 0x7fb77011f7d0>,1,22,[5 3],2,2,24,0,2
1,<environment.Job instance at 0x7fb7baa3dfa0>,5,22,[1 7],6,21,43,15,14
1,<environment.Job instance at 0x7fb7baa3d730>,6,20,[5 7],7,24,44,17,15
1,<environment.Job instance at 0x7fb7baa43780>,11,25,[ 3 14],12,44,69,32,40
1,<environment.Job instance at 0x7fb7baa38b90>,19,24,[6 5],20,80,104,60,80
1,<environment.Job instance at 0x7fb7baa38eb0>,20,22,[5 9],21,80,102,59,80
1,<environment.Job instance at 0x7fb7baa38820>,22,1,[ 4 14],23,104,105,81,100
1,<environment.Job instance at 0x7fb7baa380a0>,23,25,[12  3],24,105,130,81,101
1,<environment.Job instance at 0x7fb7baa38370>,25,21,[7 1],26,130,151,104,122
1,<environment.Job instance at 0x7fb7baa25140>,28,2,[ 5 14],29,130,132,101,126
1,<environment.Job instance at 0x7fb7baa25c80>,30,1,[ 5 14],31,132,133,101,126
1,<environment.Job instance at 0x7fb7baa25fa0>,32,26,[ 4 10],33,133,159,100,130
1,<environment.Job instance at 0x7fb7baa25460>,33,2,[ 4 11],34,159,161,125,151
1,<environment.Job instance at 0x7fb7b211daf0>,4,21,[6 4],5,5,26,0,5
1,<environment.Job instance at 0x7fb7b213a320>,6,25,[ 5 10],7,7,32,0,7
1,<environment.Job instance at 0x7fb7baa25460>,7,26,[9 3],8,26,52,18,23
1,<environment.Job instance at 0x7fb7b213ad20>,9,28,[3 6],10,32,60,22,31
1,<environment.Job instance at 0x7fb7b213a870>,8,26,[ 1 12],9,60,86,51,57
1,<environment.Job instance at 0x7fb7b211d500>,1,19,[12  1],2,77,96,75,77
1,<environment.Job instance at 0x7fb7b213a0a0>,15,2,[ 4 12],16,96,98,80,93
1,<environment.Job instance at 0x7fb7b213a140>,16,1,[10  1],17,96,97,79,93
1,<environment.Job instance at 0x7fb7b213a640>,17,28,[3 6],18,98,126,80,97
1,<environment.Job instance at 0x7fb7b2126b90>,19,19,[13  1],20,128,147,108,128
1,<environment.Job instance at 0x7fb7b2126690>,24,28,[6 5],25,147,175,122,146
1,<environment.Job instance at 0x7fb7b2126410>,26,21,[7 3],27,148,169,121,148
1,<environment.Job instance at 0x7fb7b2124640>,32,25,[4 6],33,179,204,146,179
1,<environment.Job instance at 0x7fb7b2124c30>,34,24,[7 5],35,179,203,144,179
1,<environment.Job instance at 0x7fb7b2124d20>,36,21,[14  1],37,204,225,167,196
1,<environment.Job instance at 0x7fb7b1f18a00>,0,28,[13  5],1,1,29,0,1
1,<environment.Job instance at 0x7fb7ba5675a0>,9,1,[ 3 12],10,29,30,19,21
1,<environment.Job instance at 0x7fb7704c3af0>,4,2,[ 2 14],5,30,32,25,25
1,<environment.Job instance at 0x7fb7b2020910>,13,23,[5 1],14,29,52,15,25
1,<environment.Job instance at 0x7fb7b2020730>,16,26,[ 1 12],17,32,58,15,30
1,<environment.Job instance at 0x7fb7ba517280>,19,20,[3 8],20,58,78,38,49
1,<environment.Job instance at 0x7fb7b1c05370>,20,24,[11  5],21,58,82,37,53
1,<environment.Job instance at 0x7fb7baa82cd0>,5,20,[3 7],6,6,26,0,6
1,<environment.Job instance at 0x7fb7b1b5fd70>,7,21,[1 7],8,8,29,0,8
1,<environment.Job instance at 0x7fb7b1d936e0>,4,20,[ 2 11],5,5,25,0,5
1,<environment.Job instance at 0x7fb77019ca50>,10,20,[4 9],11,25,45,14,17
1,<environment.Job instance at 0x7fb77019c3c0>,8,26,[4 6],9,26,52,17,26
1,<environment.Job instance at 0x7fb77057cc30>,7,26,[3 7],8,45,71,37,42
1,<environment.Job instance at 0x7fb7b1d70410>,13,20,[1 8],14,52,72,38,43
1,<environment.Job instance at 0x7fb7b1d70be0>,19,28,[11  4],20,71,99,51,70
1,<environment.Job instance at 0x7fb7baa41690>,20,22,[ 5 12],21,99,121,78,92
1,<environment.Job instance at 0x7fb76ff74a00>,22,25,[9 5],23,121,146,98,117
1,<environment.Job instance at 0x7fb76ff4bf50>,23,22,[3 8],24,121,143,97,117
1,<environment.Job instance at 0x7fb7ba6447d0>,26,22,[ 1 13],27,146,168,119,139
1,<environment.Job instance at 0x7fb7b1fcaa50>,11,20,[9 5],12,26,46,14,26
1,<environment.Job instance at 0x7fb7b1fca5a0>,3,18,[ 1 11],4,709,727,705,709
1,<environment.Job instance at 0x7fb7b1f9a690>,0,20,[8 3],1,1,21,0,1
1,<environment.Job instance at 0x7fb7b1fca280>,1,22,[5 2],2,2,24,0,2
1,<environment.Job instance at 0x7fb7ba9c2190>,2,23,[11  1],3,24,47,21,18
1,<environment.Job instance at 0x7fb7b1ae7780>,7,28,[7 5],8,47,75,39,46
1,<environment.Job instance at 0x7fb7b1fca5a0>,3,20,[6 2],4,47,67,43,46
1,<environment.Job instance at 0x7fb7b1ae7960>,10,26,[13  1],11,75,101,64,72
1,<environment.Job instance at 0x7fb7b1ae7c80>,15,20,[7 4],16,101,121,85,92
1,<environment.Job instance at 0x7fb7b1ae7d20>,16,22,[1 5],17,92,114,75,92
1,<environment.Job instance at 0x7fb7b1ae7dc0>,17,26,[ 5 12],18,121,147,103,118
1,<environment.Job instance at 0x7fb7b1ae7eb0>,18,26,[2 8],19,147,173,128,144
1,<environment.Job instance at 0x7fb7b1ae78c0>,9,2,[14  5],10,173,175,163,146
1,<environment.Job instance at 0x7fb7b1af6050>,22,23,[7 1],23,146,169,123,146
1,<environment.Job instance at 0x7fb7b2087140>,0,23,[ 5 11],1,1,24,0,1
1,<environment.Job instance at 0x7fb7b2087460>,1,24,[9 1],2,2,26,0,2
1,<environment.Job instance at 0x7fb7bb13a5a0>,6,26,[11  3],7,26,52,19,23
1,<environment.Job instance at 0x7fb7705472d0>,8,24,[7 1],9,52,76,43,47
1,<environment.Job instance at 0x7fb7705478c0>,10,19,[ 3 10],11,47,66,36,47
1,<environment.Job instance at 0x7fb7705471e0>,12,20,[10  3],13,76,96,63,67
1,<environment.Job instance at 0x7fb770547a50>,13,27,[7 2],14,96,123,82,94
1,<environment.Job instance at 0x7fb7705470a0>,15,21,[10  1],16,123,144,107,115
1,<environment.Job instance at 0x7fb770547050>,18,22,[13  4],19,144,166,125,137
1,<environment.Job instance at 0x7fb7b1e1e230>,0,19,[3 5],1,2,21,1,2
1,<environment.Job instance at 0x7fb7b1e1e960>,3,25,[ 5 10],4,4,29,0,4
1,<environment.Job instance at 0x7fb7b1cb07d0>,10,21,[9 1],11,21,42,10,13
1,<environment.Job instance at 0x7fb7b1cb0230>,12,25,[10  4],13,42,67,29,38
1,<environment.Job instance at 0x7fb7b1e1ecd0>,5,20,[ 4 11],6,45,65,39,45
1,<environment.Job instance at 0x7fb7b1a4a1e0>,20,28,[8 4],21,67,95,46,66
1,<environment.Job instance at 0x7fb7b1a4ad20>,18,20,[12  2],19,95,115,76,86
1,<environment.Job instance at 0x7fb7b1a4a910>,2,26,[ 1 12],3,3,29,0,3
1,<environment.Job instance at 0x7fb7b2141fa0>,9,23,[8 5],10,29,52,19,23
1,<environment.Job instance at 0x7fb7b2141cd0>,10,28,[4 9],11,29,57,18,28
1,<environment.Job instance at 0x7fb7b2141f50>,11,24,[ 5 13],12,57,81,45,52
1,<environment.Job instance at 0x7fb7b2141960>,8,24,[ 5 13],9,81,105,72,76
1,<environment.Job instance at 0x7fb7704733c0>,15,25,[7 4],16,105,130,89,101
1,<environment.Job instance at 0x7fb7b213be10>,3,28,[ 3 14],4,130,158,126,129
1,<environment.Job instance at 0x7fb7704738c0>,18,25,[14  3],19,158,183,139,154
1,<environment.Job instance at 0x7fb7704737d0>,19,27,[14  3],20,183,210,163,181
1,<environment.Job instance at 0x7fb770489b40>,26,28,[4 7],27,210,238,183,209
1,<environment.Job instance at 0x7fb770470230>,28,3,[ 4 13],29,238,241,209,213
1,<environment.Job instance at 0x7fb7b2141be0>,7,20,[12  1],8,241,261,233,233
1,<environment.Job instance at 0x7fb7705f7780>,4,23,[ 2 11],5,6,29,1,6
1,<environment.Job instance at 0x7fb7ba8ee7d0>,6,22,[8 4],7,7,29,0,7
1,<environment.Job instance at 0x7fb7b1fcf7d0>,3,2,[ 4 11],4,29,31,25,28
1,<environment.Job instance at 0x7fb7bb223af0>,16,1,[10  5],17,42,43,25,42
1,<environment.Job instance at 0x7fb7ba86b7d0>,17,21,[3 7],18,42,63,24,42
1,<environment.Job instance at 0x7fb7ba5386e0>,18,26,[2 5],19,43,69,24,42
1,<environment.Job instance at 0x7fb7b1b66820>,19,28,[4 8],20,63,91,43,62
1,<environment.Job instance at 0x7fb7ba538be0>,20,28,[1 5],21,69,97,48,68
1,<environment.Job instance at 0x7fb7ba9bd500>,24,20,[8 1],25,73,93,48,73
1,<environment.Job instance at 0x7fb7ba9bd910>,26,22,[7 4],27,93,115,66,86
1,<environment.Job instance at 0x7fb7ba5cee60>,27,28,[ 1 10],28,97,125,69,96
1,<environment.Job instance at 0x7fb7ba60ba00>,0,22,[10  4],1,1,23,0,1
1,<environment.Job instance at 0x7fb7b1b53b90>,4,25,[5 3],5,5,30,0,5
1,<environment.Job instance at 0x7fb7b1b53c80>,7,28,[4 9],8,23,51,15,22
1,<environment.Job instance at 0x7fb7b1b53460>,8,25,[11  1],9,30,55,21,26
1,<environment.Job instance at 0x7fb7b1e35be0>,14,27,[ 3 14],15,51,78,36,49
1,<environment.Job instance at 0x7fb7b1e35a00>,16,28,[11  1],17,55,83,38,54
1,<environment.Job instance at 0x7fb76fc93f00>,0,25,[5 1],1,1,26,0,1
1,<environment.Job instance at 0x7fb7b1e35a00>,2,27,[10  5],3,3,30,0,3
1,<environment.Job instance at 0x7fb76ff2ebe0>,5,19,[8 4],6,30,49,24,20
1,<environment.Job instance at 0x7fb7ba529b90>,8,26,[ 1 12],9,49,75,40,46
1,<environment.Job instance at 0x7fb7b1e35e60>,1,2,[14  3],2,75,77,73,75
1,<environment.Job instance at 0x7fb7ba529dc0>,10,22,[ 2 12],11,77,99,66,75
1,<environment.Job instance at 0x7fb7ba529c80>,12,20,[12  3],13,77,97,64,75
1,<environment.Job instance at 0x7fb7ba529f00>,9,19,[12  1],10,97,116,87,97
1,<environment.Job instance at 0x7fb7ba54bf50>,17,26,[ 3 14],18,99,125,81,97
1,<environment.Job instance at 0x7fb770351190>,10,28,[ 5 12],11,28,56,17,28
1,<environment.Job instance at 0x7fb7703516e0>,11,2,[ 1 10],12,56,58,44,29
1,<environment.Job instance at 0x7fb7703518c0>,12,1,[7 4],13,56,57,43,29
1,<environment.Job instance at 0x7fb7b1cbea00>,13,19,[2 5],14,57,76,43,47
1,<environment.Job instance at 0x7fb7b1f18230>,17,25,[12  1],18,58,83,40,54
1,<environment.Job instance at 0x7fb77036c410>,22,28,[9 5],23,93,121,70,93
1,<environment.Job instance at 0x7fb76fd5bf00>,5,1,[12  1],6,7,8,1,7
1,<environment.Job instance at 0x7fb76fd5bdc0>,7,3,[ 3 12],8,28,31,20,28
1,<environment.Job instance at 0x7fb7701c2a00>,14,22,[5 1],15,29,51,14,29
1,<environment.Job instance at 0x7fb7701c2c80>,16,26,[9 2],17,38,64,21,38
1,<environment.Job instance at 0x7fb7701c27d0>,17,24,[9 2],18,64,88,46,59
1,<environment.Job instance at 0x7fb7701c2960>,19,25,[6 2],20,59,84,39,59
1,<environment.Job instance at 0x7fb7701c2f50>,20,22,[9 5],21,88,110,67,81
1,<environment.Job instance at 0x7fb7701c2a50>,21,24,[2 5],22,84,108,62,81
1,<environment.Job instance at 0x7fb7701c2b40>,23,21,[ 5 13],24,110,131,86,102
1,<environment.Job instance at 0x7fb7701c2af0>,25,22,[12  4],26,131,153,105,124
1,<environment.Job instance at 0x7fb7701c2410>,26,27,[ 1 13],27,153,180,126,151
1,<environment.Job instance at 0x7fb7701c2280>,24,12,[ 1 12],25,250,262,225,250
1,<environment.Job instance at 0x7fb7baa05e60>,29,25,[ 4 14],30,262,287,232,258
1,<environment.Job instance at 0x7fb7baa059b0>,30,19,[ 3 14],31,287,306,256,284
1,<environment.Job instance at 0x7fb76fd5b230>,3,17,[ 2 11],4,2533,2550,2529,2533
1,<environment.Job instance at 0x7fb7baa058c0>,38,23,[5 6],39,2550,2573,2511,2544
1,<environment.Job instance at 0x7fb7baa05780>,42,18,[10  3],43,2558,2576,2515,2558
1,<environment.Job instance at 0x7fb7b20fb6e0>,1,27,[8 1],2,2,29,0,2
1,<environment.Job instance at 0x7fb7ba66f640>,2,27,[7 2],3,3,30,0,3
1,<environment.Job instance at 0x7fb7baa05780>,4,23,[10  3],5,30,53,25,24
1,<environment.Job instance at 0x7fb7baab79b0>,7,22,[9 4],8,53,75,45,46
1,<environment.Job instance at 0x7fb7b2100a50>,9,27,[4 6],10,46,73,36,46
1,<environment.Job instance at 0x7fb7b1d35460>,13,24,[9 1],14,75,99,61,70
1,<environment.Job instance at 0x7fb7baaa2320>,18,2,[1 7],19,87,89,68,87
1,<environment.Job instance at 0x7fb7baaa25f0>,20,2,[10  3],21,99,101,78,87
1,<environment.Job instance at 0x7fb7baaa2230>,22,28,[6 5],23,101,129,78,100
1,<environment.Job instance at 0x7fb7baaa2640>,25,25,[5 3],26,105,130,79,105
1,<environment.Job instance at 0x7fb7b20591e0>,32,1,[9 2],33,135,136,102,135
1,<environment.Job instance at 0x7fb7b2059c30>,34,1,[8 5],35,136,137,101,136
1,<environment.Job instance at 0x7fb7b2059780>,35,23,[5 2],36,136,159,100,136
1,<environment.Job instance at 0x7fb7b2059140>,37,28,[10  4],38,147,175,109,147
1,<environment.Job instance at 0x7fb7b2059190>,39,22,[10  5],40,175,197,135,168
1,<environment.Job instance at 0x7fb77010b3c0>,41,19,[ 1 12],42,197,216,155,187
1,<environment.Job instance at 0x7fb76fe855f0>,44,20,[ 3 12],45,216,236,171,207
1,<environment.Job instance at 0x7fb76fe85a50>,46,20,[7 4],47,236,256,189,227
1,<environment.Job instance at 0x7fb76fe85870>,47,20,[1 9],48,236,256,188,227
1,<environment.Job instance at 0x7fb76fe85550>,48,27,[ 5 10],49,256,283,207,254
1,<environment.Job instance at 0x7fc888030190>,0,28,[9 3],1,1,29,0,1
1,<environment.Job instance at 0x7fc8880b8820>,2,22,[4 8],3,3,25,0,3
1,<environment.Job instance at 0x7fc880c205a0>,6,20,[6 1],7,25,45,18,19
1,<environment.Job instance at 0x7fc880c20640>,7,25,[6 2],8,29,54,21,25
1,<environment.Job instance at 0x7fc880c206e0>,8,22,[14  3],9,54,76,45,47
1,<environment.Job instance at 0x7fc8880b8e60>,1,22,[11  3],2,76,98,74,69
1,<environment.Job instance at 0x7fc880c20500>,5,24,[1 5],6,70,94,64,70
1,<environment.Job instance at 0x7fc880c20960>,12,26,[ 1 12],13,94,120,81,91
1,<environment.Job instance at 0x7fc880c20c80>,17,28,[ 5 10],18,120,148,102,119
1,<environment.Job instance at 0x7fc888057910>,2,22,[4 8],3,3,25,0,3
1,<environment.Job instance at 0x7fc880c20b90>,3,25,[6 1],4,4,29,0,4
1,<environment.Job instance at 0x7fc88805a0a0>,9,23,[ 1 14],10,25,48,15,19
1,<environment.Job instance at 0x7fc888057dc0>,4,20,[ 1 14],5,48,68,43,40
1,<environment.Job instance at 0x7fc8881964b0>,14,22,[12  4],15,68,90,53,61
1,<environment.Job instance at 0x7fc888196190>,15,23,[1 7],16,68,91,52,62
1,<environment.Job instance at 0x7fc8881965a0>,5,20,[10  2],6,6,26,0,6
1,<environment.Job instance at 0x7fc83cf05640>,6,25,[5 2],7,7,32,0,7
1,<environment.Job instance at 0x7fc83cf05910>,8,27,[13  4],9,32,59,23,30
1,<environment.Job instance at 0x7fc83cf05050>,12,25,[3 9],13,59,84,46,55
1,<environment.Job instance at 0x7fc83d0165a0>,0,25,[14  4],1,1,26,0,1
1,<environment.Job instance at 0x7fc83cec0cd0>,6,24,[14  2],7,26,50,19,21
1,<environment.Job instance at 0x7fc83d28e140>,9,23,[ 4 11],10,50,73,40,44
1,<environment.Job instance at 0x7fc83d28ec30>,8,2,[ 2 12],9,73,75,64,46
1,<environment.Job instance at 0x7fc83d28edc0>,14,24,[ 3 10],15,75,99,60,70
1,<environment.Job instance at 0x7fc83d28e550>,20,25,[5 8],21,99,124,78,95
1,<environment.Job instance at 0x7fc83d28ed20>,21,27,[7 4],22,95,122,73,95
1,<environment.Job instance at 0x7fc83d28e870>,11,23,[ 3 13],12,124,147,112,118
1,<environment.Job instance at 0x7fc83cec6af0>,32,23,[11  2],33,146,169,113,146
1,<environment.Job instance at 0x7fc83cec0e60>,7,3,[ 5 11],8,169,172,161,166
1,<environment.Job instance at 0x7fc83cec60a0>,34,19,[8 2],35,169,188,134,166
1,<environment.Job instance at 0x7fc83cec6640>,35,19,[14  4],36,188,207,152,178
1,<environment.Job instance at 0x7fc83d004af0>,1,20,[2 9],2,2,22,0,2
1,<environment.Job instance at 0x7fc83cec6140>,3,27,[12  4],4,4,31,0,4
1,<environment.Job instance at 0x7fc880e2f050>,0,20,[5 6],1,1,21,0,1
1,<environment.Job instance at 0x7fc83d18c910>,5,26,[13  4],6,21,47,15,18
1,<environment.Job instance at 0x7fc880e2f190>,2,25,[13  4],3,47,72,44,43
1,<environment.Job instance at 0x7fc83d18c500>,1,1,[ 5 13],2,72,73,70,62
1,<environment.Job instance at 0x7fc83d18cd70>,7,21,[ 2 13],8,73,94,65,67
1,<environment.Job instance at 0x7fc83d14ae10>,11,24,[ 2 13],12,94,118,82,89
1,<environment.Job instance at 0x7fc885316870>,0,24,[7 3],1,1,25,0,1
1,<environment.Job instance at 0x7fc83d14af50>,2,26,[5 8],3,3,29,0,3
1,<environment.Job instance at 0x7fc885316320>,4,23,[1 5],5,25,48,20,20
1,<environment.Job instance at 0x7fc880ec4c80>,6,2,[ 5 13],7,48,50,41,47
1,<environment.Job instance at 0x7fc83d4bde60>,11,1,[9 1],12,47,48,35,47
1,<environment.Job instance at 0x7fc8859480a0>,10,21,[13  2],11,50,71,39,47
1,<environment.Job instance at 0x7fc88112d7d0>,21,23,[13  3],22,108,131,86,108
1,<environment.Job instance at 0x7fc8810d4500>,12,18,[ 2 11],13,142,160,129,142
1,<environment.Job instance at 0x7fc880fda460>,23,13,[11  1],24,313,326,289,313
1,<environment.Job instance at 0x7fc88538a780>,24,21,[6 5],25,326,347,301,318
1,<environment.Job instance at 0x7fc8809b1640>,26,26,[7 4],27,326,352,299,323
1,<environment.Job instance at 0x7fc880ffe460>,1,23,[ 4 13],2,2,25,0,2
1,<environment.Job instance at 0x7fc8809b1140>,2,19,[11  1],3,7,26,4,7
1,<environment.Job instance at 0x7fc83cec0820>,8,22,[6 4],9,26,48,17,19
1,<environment.Job instance at 0x7fc83cec0be0>,13,3,[2 8],14,35,38,21,35
1,<environment.Job instance at 0x7fc83cec0d20>,15,22,[2 6],16,38,60,22,38
1,<environment.Job instance at 0x7fc83cec0f00>,18,23,[5 5],19,39,62,20,39
1,<environment.Job instance at 0x7fc83d412f50>,2,20,[10  3],3,3,23,0,3
1,<environment.Job instance at 0x7fc8856f6190>,5,23,[9 5],6,23,46,17,17
1,<environment.Job instance at 0x7fc8856f6910>,6,27,[7 3],7,46,73,39,44
1,<environment.Job instance at 0x7fc83d412d20>,4,26,[13  3],5,73,99,68,70
1,<environment.Job instance at 0x7fc83d463190>,10,25,[9 5],11,99,124,88,95
1,<environment.Job instance at 0x7fc8811050a0>,14,23,[6 1],15,99,122,84,95
1,<environment.Job instance at 0x7fc881105960>,16,2,[ 4 14],17,124,126,107,121
1,<environment.Job instance at 0x7fc8811057d0>,17,23,[10  3],18,126,149,108,121
1,<environment.Job instance at 0x7fc885536e10>,2,23,[6 1],3,3,26,0,3
1,<environment.Job instance at 0x7fc8851dfc80>,10,26,[ 2 10],11,11,37,0,11
1,<environment.Job instance at 0x7fc8852ab7d0>,15,26,[ 5 13],16,37,63,21,34
1,<environment.Job instance at 0x7fc880d074b0>,18,19,[8 1],19,40,59,21,40
1,<environment.Job instance at 0x7fc880d07870>,19,20,[5 5],20,63,83,43,54
1,<environment.Job instance at 0x7fc880d07550>,23,23,[ 5 10],24,63,86,39,57
1,<environment.Job instance at 0x7fc88580e7d0>,27,24,[10  4],28,83,107,55,78
1,<environment.Job instance at 0x7fc88526baf0>,4,23,[14  2],5,5,28,0,5
1,<environment.Job instance at 0x7fc8856e00f0>,5,24,[5 9],6,28,52,22,23
1,<environment.Job instance at 0x7fc83cd7dc80>,7,28,[ 2 11],8,52,80,44,51
1,<environment.Job instance at 0x7fc880eb40a0>,10,23,[2 9],11,80,103,69,74
1,<environment.Job instance at 0x7fc83cd75140>,15,20,[1 5],16,80,100,64,75
1,<environment.Job instance at 0x7fc83cd75aa0>,17,1,[ 4 14],18,103,104,85,91
1,<environment.Job instance at 0x7fc83cd75410>,16,3,[13  3],17,100,103,83,99
1,<environment.Job instance at 0x7fc8809bd910>,23,1,[ 5 13],24,108,109,84,108
1,<environment.Job instance at 0x7fc8809bd4b0>,24,26,[4 8],25,109,135,84,108
1,<environment.Job instance at 0x7fc8809bd730>,26,20,[2 9],27,135,155,108,126
1,<environment.Job instance at 0x7fc880990b40>,29,22,[2 9],30,155,177,125,148
1,<environment.Job instance at 0x7fc8809901e0>,30,23,[ 5 11],31,177,200,146,171
1,<environment.Job instance at 0x7fc880990a00>,31,24,[9 1],32,171,195,139,171
1,<environment.Job instance at 0x7fc880990320>,36,26,[11  3],37,200,226,163,197
1,<environment.Job instance at 0x7fc8809905a0>,38,24,[7 1],39,226,250,187,221
1,<environment.Job instance at 0x7fc880990f50>,40,19,[ 3 10],41,221,240,180,221
1,<environment.Job instance at 0x7fc8809be910>,42,20,[10  3],43,250,270,207,241
1,<environment.Job instance at 0x7fc8809be730>,43,27,[7 2],44,270,297,226,268
1,<environment.Job instance at 0x7fc8853b85f0>,3,28,[ 5 13],4,4,32,0,4
1,<environment.Job instance at 0x7fc8853b8500>,11,1,[ 2 13],12,32,33,20,16
1,<environment.Job instance at 0x7fc83d234690>,12,20,[5 9],13,33,53,20,24
1,<environment.Job instance at 0x7fc880b3f9b0>,2,19,[4 6],3,33,52,30,25
1,<environment.Job instance at 0x7fc880b3fbe0>,0,27,[ 1 14],1,53,80,52,51
1,<environment.Job instance at 0x7fc83d24ee10>,23,25,[ 5 10],24,80,105,56,76
1,<environment.Job instance at 0x7fc83d234730>,17,2,[11  1],18,77,79,59,77
1,<environment.Job instance at 0x7fc83d24e7d0>,25,20,[ 4 11],26,105,125,79,96
1,<environment.Job instance at 0x7fc83d24e3c0>,26,19,[2 7],27,125,144,98,115
1,<environment.Job instance at 0x7fc83d1a4b40>,30,21,[9 1],31,115,136,84,115
1,<environment.Job instance at 0x7fc83d1a4410>,32,25,[10  4],33,136,161,103,132
1,<environment.Job instance at 0x7fc83d1a45a0>,38,20,[12  2],39,161,181,122,152
1,<environment.Job instance at 0x7fc83d1a4f00>,40,28,[8 4],41,181,209,140,180
1,<environment.Job instance at 0x7fc83ceea910>,0,26,[5 7],1,1,27,0,1
1,<environment.Job instance at 0x7fc83ceea3c0>,4,20,[5 9],5,27,47,22,18
1,<environment.Job instance at 0x7fc8852e6a50>,5,25,[1 6],6,18,43,12,18
1,<environment.Job instance at 0x7fc83ceea280>,9,27,[5 9],10,47,74,37,45
1,<environment.Job instance at 0x7fc887d043c0>,12,26,[ 1 12],13,74,100,61,71
1,<environment.Job instance at 0x7fc880c20870>,18,24,[ 5 13],19,100,124,81,95
1,<environment.Job instance at 0x7fc880c20690>,19,23,[8 5],20,124,147,104,118
1,<environment.Job instance at 0x7fc8852ce050>,20,28,[4 9],21,124,152,103,123
1,<environment.Job instance at 0x7fc8852cec30>,21,24,[ 5 13],22,152,176,130,148
1,<environment.Job instance at 0x7fc880c205f0>,13,28,[ 3 14],14,176,204,162,175
1,<environment.Job instance at 0x7fc83cd655f0>,25,25,[7 4],26,204,229,178,200
1,<environment.Job instance at 0x7fc83d529410>,28,25,[14  3],29,229,254,200,225
1,<environment.Job instance at 0x7fc83cc85190>,29,27,[14  3],30,254,281,224,252
1,<environment.Job instance at 0x7fc83d48faa0>,17,20,[12  1],18,281,301,263,272
1,<environment.Job instance at 0x7fc880a4b6e0>,36,28,[4 7],37,301,329,264,300
1,<environment.Job instance at 0x7fc885386370>,38,3,[ 4 13],39,329,332,290,303
1,<environment.Job instance at 0x7fc880b66b90>,4,23,[ 2 11],5,5,28,0,5
1,<environment.Job instance at 0x7fc880b668c0>,6,22,[8 4],7,8,30,1,8
1,<environment.Job instance at 0x7fc83cf39fa0>,3,2,[ 4 11],4,28,30,24,28
1,<environment.Job instance at 0x7fc881009e10>,16,1,[10  5],17,35,36,18,35
1,<environment.Job instance at 0x7fc880f083c0>,17,21,[3 7],18,35,56,17,35
1,<environment.Job instance at 0x7fc83d1755f0>,18,26,[2 5],19,36,62,17,35
1,<environment.Job instance at 0x7fc88819b3c0>,19,28,[4 8],20,56,84,36,55
1,<environment.Job instance at 0x7fc83d089a50>,20,28,[1 5],21,62,90,41,61
1,<environment.Job instance at 0x7fc8854da640>,24,20,[8 1],25,77,97,52,77
1,<environment.Job instance at 0x7fc8809c6f00>,26,22,[7 4],27,90,112,63,83
1,<environment.Job instance at 0x7fc83d5542d0>,27,28,[ 1 10],28,97,125,69,96
1,<environment.Job instance at 0x7fc83cdc29b0>,0,21,[7 1],1,1,22,0,1
1,<environment.Job instance at 0x7fc83cdc25f0>,4,27,[ 3 14],5,5,32,0,5
1,<environment.Job instance at 0x7fc88541eb40>,6,28,[11  1],7,22,50,15,21
1,<environment.Job instance at 0x7fc8858a8f00>,4,23,[7 1],5,5,28,0,5
1,<environment.Job instance at 0x7fc8858a8910>,8,27,[ 3 12],9,9,36,0,9
1,<environment.Job instance at 0x7fc8858a8af0>,9,24,[7 1],10,28,52,18,24
1,<environment.Job instance at 0x7fc8858a8640>,11,2,[ 2 12],12,36,38,24,34
1,<environment.Job instance at 0x7fc83d4d2cd0>,0,22,[4 9],1,1,23,0,1
1,<environment.Job instance at 0x7fc83d495280>,5,25,[5 3],6,6,31,0,6
1,<environment.Job instance at 0x7fc83d495af0>,4,28,[ 4 10],5,23,51,18,22
1,<environment.Job instance at 0x7fc885650fa0>,3,21,[5 8],4,51,72,47,43
1,<environment.Job instance at 0x7fc83d495230>,8,20,[3 9],9,72,92,63,63
1,<environment.Job instance at 0x7fc8853c8370>,13,24,[5 8],14,92,116,78,87
1,<environment.Job instance at 0x7fc8853c8640>,14,20,[5 5],15,87,107,72,87
1,<environment.Job instance at 0x7fc8853c8140>,17,28,[8 4],18,107,135,89,106
1,<environment.Job instance at 0x7fc8853c8730>,15,24,[ 4 11],16,116,140,100,111
1,<environment.Job instance at 0x7fc880d6b460>,22,24,[13  3],23,140,164,117,135
1,<environment.Job instance at 0x7fc83cf2adc0>,25,22,[ 3 12],26,164,186,138,157
1,<environment.Job instance at 0x7fc880f77c30>,7,28,[ 1 14],8,9,37,1,9
1,<environment.Job instance at 0x7fc880f77be0>,8,23,[5 6],9,37,60,28,31
1,<environment.Job instance at 0x7fc880f77e60>,9,24,[ 4 14],10,60,84,50,55
1,<environment.Job instance at 0x7fc880f77d20>,11,23,[11  2],12,84,107,72,78
1,<environment.Job instance at 0x7fc880f72230>,14,27,[ 5 10],15,107,134,92,105
1,<environment.Job instance at 0x7fc880f722d0>,15,28,[13  4],16,134,162,118,133
1,<environment.Job instance at 0x7fc83d474d20>,6,24,[10  5],7,7,31,0,7
1,<environment.Job instance at 0x7fc83d46bcd0>,7,22,[12  2],8,31,53,23,24
1,<environment.Job instance at 0x7fc880aabd70>,10,26,[9 4],11,53,79,42,50
1,<environment.Job instance at 0x7fc880aabf50>,12,26,[12  1],13,79,105,66,76
1,<environment.Job instance at 0x7fc83d24c3c0>,5,19,[13  5],6,105,124,99,95
1,<environment.Job instance at 0x7fc83cc654b0>,0,21,[1 7],1,1,22,0,1
1,<environment.Job instance at 0x7fc8853c82d0>,1,26,[8 5],2,2,28,0,2
1,<environment.Job instance at 0x7fc8853c8730>,5,27,[13  2],6,28,55,22,26
1,<environment.Job instance at 0x7fc83d190320>,8,27,[11  3],9,55,82,46,53
1,<environment.Job instance at 0x7fc881038dc0>,6,26,[ 5 11],7,82,108,75,79
1,<environment.Job instance at 0x7fc83ccea5f0>,12,2,[14  4],13,109,111,96,109
1,<environment.Job instance at 0x7fc83cceac80>,15,26,[5 5],16,111,137,95,109
1,<environment.Job instance at 0x7fdc8a35f280>,0,28,[9 3],1,1,29,0,1
1,<environment.Job instance at 0x7fdc8a35efa0>,2,22,[4 8],3,3,25,0,3
1,<environment.Job instance at 0x7fdc8a35f190>,1,22,[11  3],2,29,51,27,22
1,<environment.Job instance at 0x7fdc82f4f640>,7,25,[6 2],8,51,76,43,47
1,<environment.Job instance at 0x7fdc82f4f5a0>,6,20,[6 1],7,51,71,44,47
1,<environment.Job instance at 0x7fdc82f4f500>,5,24,[1 5],6,49,73,43,49
1,<environment.Job instance at 0x7fdc82f4f6e0>,8,22,[14  3],9,76,98,67,69
1,<environment.Job instance at 0x7fdc82f4f960>,12,26,[ 1 12],13,87,113,74,87
1,<environment.Job instance at 0x7fdc82f4fc80>,17,28,[ 5 10],18,113,141,95,112
1,<environment.Job instance at 0x7fdc3f3491e0>,4,22,[12  4],5,5,27,0,5
1,<environment.Job instance at 0x7fdc82f4fc80>,5,23,[1 7],6,6,29,0,6
1,<environment.Job instance at 0x7fdc3f341690>,10,25,[9 3],11,27,52,16,23
1,<environment.Job instance at 0x7fdc3f341730>,12,22,[5 3],13,27,49,14,23
1,<environment.Job instance at 0x7fdc3f34de10>,15,3,[10  1],16,52,55,36,26
1,<environment.Job instance at 0x7fdc3f34d050>,16,3,[ 2 12],17,49,52,32,27
1,<environment.Job instance at 0x7fdc3f34d190>,17,21,[1 9],18,52,73,34,44
1,<environment.Job instance at 0x7fdc3f1ab8c0>,0,25,[4 5],1,1,26,0,1
1,<environment.Job instance at 0x7fdc3f1ab550>,1,25,[6 3],2,2,27,0,2
1,<environment.Job instance at 0x7fdc3f1c42d0>,8,22,[3 9],9,26,48,17,19
1,<environment.Job instance at 0x7fdc3f1ab820>,2,2,[11  1],3,43,45,40,43
1,<environment.Job instance at 0x7fdc3f1c4cd0>,7,26,[ 1 13],8,48,74,40,45
1,<environment.Job instance at 0x7fdc3f1c4dc0>,12,20,[2 6],13,74,94,61,71
1,<environment.Job instance at 0x7fdc3f1c4870>,14,25,[2 8],15,74,99,59,71
1,<environment.Job instance at 0x7fdc3f20fa50>,16,2,[ 5 13],17,99,101,82,94
1,<environment.Job instance at 0x7fdc3f20f280>,17,24,[2 7],18,101,125,83,96
1,<environment.Job instance at 0x7fdc830e0230>,2,23,[11  2],3,3,26,0,3
1,<environment.Job instance at 0x7fdc830e0820>,9,21,[9 2],10,26,47,16,18
1,<environment.Job instance at 0x7fdc830aa050>,5,19,[14  4],6,47,66,41,37
1,<environment.Job instance at 0x7fdc830aa050>,4,26,[1 5],5,5,31,0,5
1,<environment.Job instance at 0x7fdc8306e7d0>,5,22,[11  4],6,6,28,0,6
1,<environment.Job instance at 0x7fdc3f2e6370>,7,23,[ 4 10],8,28,51,20,22
1,<environment.Job instance at 0x7fdc3f62bb90>,6,21,[11  3],7,31,52,24,23
1,<environment.Job instance at 0x7fdc82d40a50>,12,2,[ 1 14],13,52,54,39,52
1,<environment.Job instance at 0x7fdc3f62bb40>,8,19,[14  3],9,54,73,45,54
1,<environment.Job instance at 0x7fdc3f84e0a0>,16,23,[7 4],17,73,96,56,67
1,<environment.Job instance at 0x7fdc3f2ef910>,17,22,[9 4],18,96,118,78,89
1,<environment.Job instance at 0x7fdc3f61b640>,23,20,[5 4],24,94,114,70,94
1,<environment.Job instance at 0x7fdc3f61b780>,24,28,[10  3],25,118,146,93,117
1,<environment.Job instance at 0x7fdc3f6253c0>,25,25,[12  3],26,146,171,120,142
1,<environment.Job instance at 0x7fdc833c4cd0>,0,22,[ 1 12],1,1,23,0,1
1,<environment.Job instance at 0x7fdc3f8a86e0>,7,27,[5 7],8,23,50,15,21
1,<environment.Job instance at 0x7fdc3f5d1190>,4,26,[ 3 12],5,50,76,45,47
1,<environment.Job instance at 0x7fdc3f8a8a00>,11,23,[11  4],12,76,99,64,70
1,<environment.Job instance at 0x7fdc3f8a8050>,13,23,[2 7],14,76,99,62,70
1,<environment.Job instance at 0x7fdc3f8a8780>,15,2,[ 1 12],16,99,101,83,87
1,<environment.Job instance at 0x7fdc3f8a8aa0>,18,28,[6 4],19,101,129,82,100
1,<environment.Job instance at 0x7fdc3f8a8c30>,8,20,[ 4 14],9,129,149,120,120
1,<environment.Job instance at 0x7fdc3f8a8460>,21,25,[ 2 14],22,149,174,127,145
1,<environment.Job instance at 0x7fdc82edcbe0>,25,3,[ 3 14],26,174,177,148,164
1,<environment.Job instance at 0x7fdc82edc230>,26,27,[10  1],27,164,191,137,164
1,<environment.Job instance at 0x7fdc82edce10>,30,28,[13  5],31,191,219,160,190
1,<environment.Job instance at 0x7fdc3f8958c0>,34,2,[ 2 14],35,219,221,184,204
1,<environment.Job instance at 0x7fdc3f527370>,1,25,[4 9],2,2,27,0,2
1,<environment.Job instance at 0x7fdc82f075a0>,8,20,[5 6],9,9,29,0,9
1,<environment.Job instance at 0x7fdc82f07fa0>,15,20,[3 7],16,32,52,16,32
1,<environment.Job instance at 0x7fdc3f5a8730>,17,21,[1 7],18,37,58,19,37
1,<environment.Job instance at 0x7fdc830be870>,0,20,[4 9],1,1,21,0,1
1,<environment.Job instance at 0x7fdc830bed70>,3,20,[1 8],4,21,41,17,12
1,<environment.Job instance at 0x7fdc82d0aa00>,9,28,[11  4],10,12,40,2,12
1,<environment.Job instance at 0x7fdc82d0aeb0>,12,25,[9 5],13,40,65,27,36
1,<environment.Job instance at 0x7fdc82d0ad70>,13,22,[3 8],14,41,63,27,36
1,<environment.Job instance at 0x7fdc82d0ab90>,10,22,[ 5 12],11,65,87,54,58
1,<environment.Job instance at 0x7fdc82d05370>,20,27,[3 6],21,87,114,66,85
1,<environment.Job instance at 0x7fdc82d05190>,16,22,[ 1 13],17,114,136,97,112
1,<environment.Job instance at 0x7fdc82d05410>,21,2,[12  1],22,135,137,113,135
1,<environment.Job instance at 0x7fdc82d05690>,25,27,[8 1],26,137,164,111,135
1,<environment.Job instance at 0x7fdc82d05870>,28,1,[4 7],29,139,140,110,139
1,<environment.Job instance at 0x7fdc82d05910>,29,21,[5 6],30,140,161,110,139
1,<environment.Job instance at 0x7fdc82d059b0>,30,20,[14  2],31,164,184,133,162
1,<environment.Job instance at 0x7fdc82d05a50>,31,22,[10  5],32,184,206,152,177
1,<environment.Job instance at 0x7fdc82d05af0>,32,1,[ 5 14],33,206,207,173,198
1,<environment.Job instance at 0x7fdc82d0a9b0>,8,14,[ 2 12],9,706,720,697,706
1,<environment.Job instance at 0x7fdc8355f7d0>,0,27,[5 2],1,1,28,0,1
1,<environment.Job instance at 0x7fdc3f5ca3c0>,5,24,[12  4],6,6,30,0,6
1,<environment.Job instance at 0x7fdc83a3b960>,7,27,[9 5],8,30,57,22,28
1,<environment.Job instance at 0x7fdc839f70f0>,6,25,[6 3],7,30,55,23,28
1,<environment.Job instance at 0x7fdc3f5addc0>,18,2,[6 2],19,55,57,36,53
1,<environment.Job instance at 0x7fdc8a383870>,25,19,[ 2 12],26,103,122,77,103
1,<environment.Job instance at 0x7fdc82f4a460>,26,20,[6 2],27,114,134,87,114
1,<environment.Job instance at 0x7fdc3f6090f0>,27,26,[12  4],28,134,160,106,131
1,<environment.Job instance at 0x7fdc3f803460>,4,26,[4 7],5,5,31,0,5
1,<environment.Job instance at 0x7fdc832ba0f0>,1,1,[13  2],2,31,32,29,8
1,<environment.Job instance at 0x7fdc3f232050>,8,19,[5 9],9,32,51,23,22
1,<environment.Job instance at 0x7fdc3f76c370>,13,20,[ 1 14],14,51,71,37,48
1,<environment.Job instance at 0x7fdc82e098c0>,20,20,[ 5 13],21,73,93,52,73
1,<environment.Job instance at 0x7fdc831d69b0>,27,19,[10  4],28,123,142,95,123
1,<environment.Job instance at 0x7fdc831d6af0>,29,24,[8 2],30,142,166,112,137
1,<environment.Job instance at 0x7fdc831d65f0>,30,25,[5 8],31,137,162,106,137
1,<environment.Job instance at 0x7fdc830300a0>,1,25,[2 8],2,2,27,0,2
1,<environment.Job instance at 0x7fdc3f4bfc30>,12,22,[6 2],13,20,42,7,20
1,<environment.Job instance at 0x7fdc3f4bf4b0>,16,22,[1 8],17,41,63,24,41
1,<environment.Job instance at 0x7fdc3f4bf050>,17,23,[3 5],18,41,64,23,41
1,<environment.Job instance at 0x7fdc831d2f50>,4,26,[5 3],5,5,31,0,5
1,<environment.Job instance at 0x7fdc3f08a9b0>,5,27,[6 1],6,6,33,0,6
1,<environment.Job instance at 0x7fdc3f53f820>,8,20,[9 1],9,31,51,22,22
1,<environment.Job instance at 0x7fdc83a40a50>,3,19,[ 1 11],4,33,52,29,33
1,<environment.Job instance at 0x7fdc82ea5780>,13,20,[ 1 13],14,52,72,38,44
1,<environment.Job instance at 0x7fdc3f7fbe60>,15,26,[12  4],16,72,98,56,69
1,<environment.Job instance at 0x7fdc83c31230>,0,22,[10  4],1,1,23,0,1
1,<environment.Job instance at 0x7fdc3f504320>,4,25,[5 3],5,5,30,0,5
1,<environment.Job instance at 0x7fdc3f504690>,8,25,[11  1],9,30,55,21,26
1,<environment.Job instance at 0x7fdc3f5045a0>,7,28,[4 9],8,26,54,18,26
1,<environment.Job instance at 0x7fdc3f504780>,10,21,[7 1],11,55,76,44,47
1,<environment.Job instance at 0x7fdc3f504370>,5,19,[9 2],6,76,95,70,66
1,<environment.Job instance at 0x7fdc3f5047d0>,9,20,[1 6],10,66,86,56,66
1,<environment.Job instance at 0x7fdc3f504a00>,14,27,[ 3 14],15,95,122,80,93
1,<environment.Job instance at 0x7fdc3f504b40>,16,28,[11  1],17,95,123,78,94
1,<environment.Job instance at 0x7fdc8306ef50>,4,23,[7 1],5,5,28,0,5
1,<environment.Job instance at 0x7fdc833d9190>,8,27,[ 3 12],9,9,36,0,9
1,<environment.Job instance at 0x7fdc830bdaf0>,9,24,[7 1],10,28,52,18,23
1,<environment.Job instance at 0x7fdc3f504b40>,11,2,[ 2 12],12,36,38,24,26
1,<environment.Job instance at 0x7fdc83263c30>,0,1,[7 5],1,2,3,1,2
1,<environment.Job instance at 0x7fdc82f46960>,3,24,[5 8],4,4,28,0,4
1,<environment.Job instance at 0x7fdc832a05f0>,4,20,[5 5],5,5,25,0,5
1,<environment.Job instance at 0x7fdc3f73b780>,7,28,[8 4],8,25,53,17,24
1,<environment.Job instance at 0x7fdc832a0190>,5,24,[ 4 11],6,28,52,22,24
1,<environment.Job instance at 0x7fdc3f73beb0>,12,24,[13  3],13,53,77,40,48
1,<environment.Job instance at 0x7fdc8316e320>,15,22,[ 3 12],16,77,99,61,70
1,<environment.Job instance at 0x7fdc8316e640>,17,24,[ 2 14],18,99,123,81,94
1,<environment.Job instance at 0x7fdc8316e1e0>,22,20,[13  3],23,123,143,100,114
1,<environment.Job instance at 0x7fdc838f4370>,0,28,[6 5],1,1,29,0,1
1,<environment.Job instance at 0x7fdc8316ec30>,1,26,[2 6],2,2,28,0,2
1,<environment.Job instance at 0x7fdc8304b500>,5,23,[2 8],6,28,51,22,23
1,<environment.Job instance at 0x7fdc3f3291e0>,2,20,[8 4],3,29,49,26,27
1,<environment.Job instance at 0x7fdc3f170140>,6,25,[ 4 13],7,51,76,44,47
1,<environment.Job instance at 0x7fdc83063a00>,7,28,[1 6],8,76,104,68,75
1,<environment.Job instance at 0x7fdc83063e10>,13,21,[5 4],14,76,97,62,75
1,<environment.Job instance at 0x7fdc83063d20>,14,21,[9 2],15,75,96,60,75
1,<environment.Job instance at 0x7fdc8304f140>,15,26,[12  4],16,97,123,81,94
1,<environment.Job instance at 0x7fdc83063960>,9,22,[ 3 13],10,123,145,113,116
1,<environment.Job instance at 0x7fdc8304ffa0>,19,27,[10  2],20,123,150,103,121
1,<environment.Job instance at 0x7fdc8304ff00>,20,26,[ 3 13],21,145,171,124,142
1,<environment.Job instance at 0x7fdc832b0690>,21,28,[9 5],22,171,199,149,170
1,<environment.Job instance at 0x7fdc8304f690>,22,24,[8 5],23,199,223,176,194
1,<environment.Job instance at 0x7fdc83061500>,25,21,[10  2],26,223,244,197,215
1,<environment.Job instance at 0x7fdc8304f0a0>,16,19,[ 5 12],17,223,242,206,215
1,<environment.Job instance at 0x7fdc3f5f1230>,31,25,[ 3 13],32,242,267,210,238
1,<environment.Job instance at 0x7fdc83742f00>,32,1,[12  1],33,263,264,230,263
1,<environment.Job instance at 0x7fdc832bcbe0>,34,28,[14  1],35,267,295,232,266
1,<environment.Job instance at 0x7fdc8355c910>,35,23,[5 5],36,295,318,259,289
1,<environment.Job instance at 0x7fdc8355cf50>,36,28,[ 5 12],37,318,346,281,317
1,<environment.Job instance at 0x7fdc8355cb90>,37,2,[3 5],38,346,348,308,319
1,<environment.Job instance at 0x7fdc3f55c0f0>,38,24,[ 2 11],39,348,372,309,343
1,<environment.Job instance at 0x7fdc3f55c9b0>,39,21,[4 5],40,372,393,332,364
1,<environment.Job instance at 0x7fdc3eff66e0>,0,28,[9 5],1,1,29,0,1
1,<environment.Job instance at 0x7fdc82d91690>,4,24,[6 4],5,5,29,0,5
1,<environment.Job instance at 0x7fdc3f853dc0>,6,25,[8 5],7,29,54,22,25
1,<environment.Job instance at 0x7fdc3f72e050>,11,26,[11  5],12,54,80,42,51
1,<environment.Job instance at 0x7fdc833d9b90>,12,28,[5 8],13,80,108,67,79
1,<environment.Job instance at 0x7fdc835fba50>,13,27,[1 7],14,79,106,65,79
1,<environment.Job instance at 0x7fdc3f72e460>,10,22,[11  5],11,108,130,97,101
1,<environment.Job instance at 0x7fdc82eb2be0>,19,23,[8 2],20,130,153,110,124
1,<environment.Job instance at 0x7fdc82ffa6e0>,20,23,[2 8],21,124,147,103,124
1,<environment.Job instance at 0x7fdc3f8ab640>,3,23,[8 4],4,4,27,0,4
1,<environment.Job instance at 0x7fdc3f8abc80>,4,20,[3 9],5,5,25,0,5
1,<environment.Job instance at 0x7fdc83609690>,11,26,[7 4],12,25,51,13,22
1,<environment.Job instance at 0x7fdc836097d0>,10,19,[7 3],11,27,46,16,23
1,<environment.Job instance at 0x7fdc3f8ab960>,1,2,[ 3 11],2,46,48,44,24
1,<environment.Job instance at 0x7fdc83609730>,14,27,[ 2 11],15,48,75,33,46
1,<environment.Job instance at 0x7fdc836090a0>,18,25,[14  3],19,75,100,56,71
1,<environment.Job instance at 0x7fdc8a28db40>,1,26,[5 2],2,2,28,0,2
1,<environment.Job instance at 0x7fdc83609c80>,2,22,[5 1],3,3,25,0,3
1,<environment.Job instance at 0x7fdc83a30500>,6,21,[3 7],7,7,28,0,7
1,<environment.Job instance at 0x7fdc83a30640>,7,25,[5 5],8,25,50,17,21
1,<environment.Job instance at 0x7fdc83a304b0>,9,20,[2 7],10,28,48,18,21
1,<environment.Job instance at 0x7fdc83a30fa0>,5,1,[ 1 13],6,50,51,44,44
1,<environment.Job instance at 0x7fdc83038e10>,8,18,[ 5 11],9,1396,1414,1387,1396
1,<environment.Job instance at 0x7fe14d53d280>,0,28,[9 3],1,1,29,0,1
1,<environment.Job instance at 0x7fe14d580870>,2,22,[4 8],3,3,25,0,3
1,<environment.Job instance at 0x7fe14812d5a0>,6,20,[6 1],7,25,45,18,19
1,<environment.Job instance at 0x7fe14812d640>,7,25,[6 2],8,29,54,21,25
1,<environment.Job instance at 0x7fe14812d6e0>,8,22,[14  3],9,54,76,45,47
1,<environment.Job instance at 0x7fe14d53d190>,1,22,[11  3],2,76,98,74,69
1,<environment.Job instance at 0x7fe14812d960>,12,26,[ 1 12],13,85,111,72,85
1,<environment.Job instance at 0x7fe14812dc80>,17,28,[ 5 10],18,111,139,93,110
1,<environment.Job instance at 0x7fe14812d320>,3,18,[ 4 14],4,1133,1151,1129,1133
1,<environment.Job instance at 0x7fe1480d5a00>,0,25,[9 3],1,1,26,0,1
1,<environment.Job instance at 0x7fe14812d320>,2,22,[5 3],3,3,25,0,3
1,<environment.Job instance at 0x7fe1023a3780>,7,21,[1 9],8,8,29,0,8
1,<environment.Job instance at 0x7fe1023a26e0>,14,19,[6 1],15,26,45,11,26
1,<environment.Job instance at 0x7fe1023c4cd0>,6,3,[ 2 12],7,29,32,22,26
1,<environment.Job instance at 0x7fe1023a2f50>,16,24,[11  5],17,45,69,28,40
1,<environment.Job instance at 0x7fe10251e4b0>,17,21,[ 3 10],18,40,61,22,40
1,<environment.Job instance at 0x7fe10258cbe0>,20,26,[10  5],21,69,95,48,66
1,<environment.Job instance at 0x7fe10251eeb0>,18,25,[14  4],19,95,120,76,91
1,<environment.Job instance at 0x7fe1025273c0>,24,21,[ 4 12],25,120,141,95,112
1,<environment.Job instance at 0x7fe102527b40>,27,27,[2 9],28,141,168,113,139
1,<environment.Job instance at 0x7fe102527280>,28,21,[9 4],29,141,162,112,139
1,<environment.Job instance at 0x7fe1025275a0>,23,2,[13  3],24,162,164,138,162
1,<environment.Job instance at 0x7fe102526b40>,32,28,[2 8],33,168,196,135,167
1,<environment.Job instance at 0x7fe102526aa0>,37,20,[5 3],38,173,193,135,173
1,<environment.Job instance at 0x7fe1025262d0>,39,21,[6 1],40,180,201,140,180
1,<environment.Job instance at 0x7fe10251d640>,42,24,[7 5],43,198,222,155,198
1,<environment.Job instance at 0x7fe10251dc80>,44,28,[2 7],45,198,226,153,198
1,<environment.Job instance at 0x7fe10251de10>,45,28,[9 2],46,222,250,176,221
1,<environment.Job instance at 0x7fe10251d780>,46,22,[6 1],47,226,248,179,221
1,<environment.Job instance at 0x7fe10252b370>,49,22,[2 7],50,248,270,198,241
1,<environment.Job instance at 0x7fe10252a2d0>,50,20,[ 3 13],51,270,290,219,261
1,<environment.Job instance at 0x7fe102ac3690>,6,25,[8 5],7,7,32,0,7
1,<environment.Job instance at 0x7fe1485e13c0>,10,24,[9 1],11,32,56,21,27
1,<environment.Job instance at 0x7fe14d53ce10>,11,25,[7 1],12,56,81,44,52
1,<environment.Job instance at 0x7fe148634e10>,12,24,[12  5],13,81,105,68,76
1,<environment.Job instance at 0x7fe102455050>,16,27,[ 4 14],17,105,132,88,103
1,<environment.Job instance at 0x7fe102455780>,17,23,[2 9],18,132,155,114,126
1,<environment.Job instance at 0x7fe14d6a2dc0>,3,18,[12  1],4,1398,1416,1394,1398
1,<environment.Job instance at 0x7fe14869ceb0>,23,20,[8 1],24,1416,1436,1392,1407
1,<environment.Job instance at 0x7fe14833ac30>,24,1,[13  4],25,1436,1437,1411,1408
1,<environment.Job instance at 0x7fe1485dc820>,3,24,[11  3],4,4,28,0,4
1,<environment.Job instance at 0x7fe14843c910>,0,2,[13  5],1,28,30,27,23
1,<environment.Job instance at 0x7fe148de4410>,7,23,[10  3],8,30,53,22,24
1,<environment.Job instance at 0x7fe1028c1af0>,8,19,[1 5],9,24,43,15,24
1,<environment.Job instance at 0x7fe148de4910>,12,24,[7 5],13,53,77,40,48
1,<environment.Job instance at 0x7fe1486349b0>,13,20,[14  5],14,77,97,63,68
1,<environment.Job instance at 0x7fe148cbd6e0>,16,27,[5 5],17,97,124,80,95
1,<environment.Job instance at 0x7fe1028a8cd0>,22,12,[7 2],23,99,111,76,99
1,<environment.Job instance at 0x7fe148330c30>,1,27,[5 1],2,2,29,0,2
1,<environment.Job instance at 0x7fe147f2d0a0>,2,21,[1 6],3,3,24,0,3
1,<environment.Job instance at 0x7fe1027bc8c0>,6,25,[8 3],7,7,32,0,7
1,<environment.Job instance at 0x7fe1027f3320>,14,21,[6 4],15,29,50,14,28
1,<environment.Job instance at 0x7fe1027f3460>,16,25,[ 5 10],17,39,64,22,39
1,<environment.Job instance at 0x7fe1027ba640>,17,26,[9 3],18,50,76,32,47
1,<environment.Job instance at 0x7fe1027bbfa0>,18,26,[ 1 12],19,64,90,45,61
1,<environment.Job instance at 0x7fe1027bbdc0>,19,28,[3 6],20,90,118,70,89
1,<environment.Job instance at 0x7fe147fa0c80>,11,19,[12  1],12,138,157,126,138
1,<environment.Job instance at 0x7fe147f17820>,0,24,[11  5],1,1,25,0,1
1,<environment.Job instance at 0x7fe148aa2960>,7,27,[5 7],8,25,52,17,23
1,<environment.Job instance at 0x7fe148aa28c0>,9,21,[12  3],10,52,73,42,44
1,<environment.Job instance at 0x7fe1488b2e10>,0,24,[4 5],1,1,25,0,1
1,<environment.Job instance at 0x7fe148101230>,3,25,[ 5 10],4,4,29,0,4
1,<environment.Job instance at 0x7fe148b88690>,8,27,[7 4],9,25,52,16,23
1,<environment.Job instance at 0x7fe102886c30>,2,20,[10  3],3,3,23,0,3
1,<environment.Job instance at 0x7fe1027eba00>,5,23,[9 5],6,23,46,17,17
1,<environment.Job instance at 0x7fe148009d20>,6,27,[7 3],7,46,73,39,44
1,<environment.Job instance at 0x7fe148ae3be0>,4,26,[13  3],5,73,99,68,70
1,<environment.Job instance at 0x7fe147fe7140>,10,25,[9 5],11,99,124,88,95
1,<environment.Job instance at 0x7fe148009f50>,8,19,[3 8],9,99,118,90,96
1,<environment.Job instance at 0x7fe147fe73c0>,14,23,[6 1],15,118,141,103,112
1,<environment.Job instance at 0x7fe147fe7500>,16,2,[ 4 14],17,124,126,107,122
1,<environment.Job instance at 0x7fe147fe76e0>,17,23,[10  3],18,141,164,123,135
1,<environment.Job instance at 0x7fe102446320>,0,1,[2 7],1,1,2,0,1
1,<environment.Job instance at 0x7fe102446a50>,3,23,[ 5 10],4,4,27,0,4
1,<environment.Job instance at 0x7fe1485f7320>,7,24,[10  4],8,8,32,0,8
1,<environment.Job instance at 0x7fe1485ffaa0>,12,25,[10  3],13,32,57,19,28
1,<environment.Job instance at 0x7fe1485ff870>,11,1,[ 3 12],12,32,33,20,28
1,<environment.Job instance at 0x7fe1485ff640>,15,24,[13  2],16,57,81,41,52
1,<environment.Job instance at 0x7fe1485ff140>,16,22,[4 5],17,81,103,64,74
1,<environment.Job instance at 0x7fe1485ff5f0>,14,20,[ 3 14],15,103,123,88,94
1,<environment.Job instance at 0x7fe1027d7fa0>,19,28,[6 1],20,94,122,74,94
1,<environment.Job instance at 0x7fe1027d7460>,20,20,[8 3],21,123,143,102,114
1,<environment.Job instance at 0x7fe1027cf1e0>,21,22,[5 2],22,123,145,101,116
1,<environment.Job instance at 0x7fe1027cf370>,22,23,[11  1],23,145,168,122,139
1,<environment.Job instance at 0x7fe148cdbdc0>,2,20,[10  3],3,3,23,0,3
1,<environment.Job instance at 0x7fe148931780>,3,27,[7 2],4,23,50,19,21
1,<environment.Job instance at 0x7fe1483287d0>,5,21,[10  1],6,50,71,44,42
1,<environment.Job instance at 0x7fe14882e4b0>,8,22,[13  4],9,71,93,62,64
1,<environment.Job instance at 0x7fe147f814b0>,10,25,[12  1],11,93,118,82,89
1,<environment.Job instance at 0x7fe147f810a0>,11,26,[10  2],12,118,144,106,115
1,<environment.Job instance at 0x7fe10278c6e0>,0,23,[13  5],1,1,24,0,1
1,<environment.Job instance at 0x7fe10289d3c0>,2,22,[5 4],3,24,46,21,17
1,<environment.Job instance at 0x7fe10289d2d0>,1,28,[14  2],2,46,74,44,45
1,<environment.Job instance at 0x7fe102ac7320>,6,22,[13  1],7,74,96,67,67
1,<environment.Job instance at 0x7fe102ac73c0>,8,22,[ 2 12],9,74,96,65,67
1,<environment.Job instance at 0x7fe102ac7730>,14,21,[10  2],15,96,117,81,89
1,<environment.Job instance at 0x7fe102ac7410>,13,20,[ 1 14],14,117,137,103,108
1,<environment.Job instance at 0x7fe14829dd70>,1,24,[1 9],2,2,26,0,2
1,<environment.Job instance at 0x7fe14813c7d0>,12,19,[ 4 10],13,26,45,13,23
1,<environment.Job instance at 0x7fe147fb9960>,0,27,[14  1],1,1,28,0,1
1,<environment.Job instance at 0x7fe147fb9460>,1,26,[5 6],2,28,54,26,25
1,<environment.Job instance at 0x7fe147fb9500>,5,26,[11  1],6,54,80,48,51
1,<environment.Job instance at 0x7fe147fb9780>,6,24,[12  2],7,80,104,73,75
1,<environment.Job instance at 0x7fe147fb93c0>,8,22,[3 6],9,75,97,66,75
1,<environment.Job instance at 0x7fe14833a9b0>,10,3,[ 5 14],11,104,107,93,86
1,<environment.Job instance at 0x7fe14833a5f0>,12,20,[2 7],13,107,127,94,98
1,<environment.Job instance at 0x7fe102772d20>,15,23,[5 9],16,127,150,111,121
1,<environment.Job instance at 0x7fe1024c9f00>,16,23,[9 5],17,121,144,104,121
1,<environment.Job instance at 0x7fe14833a640>,18,26,[ 4 12],19,150,176,131,147
1,<environment.Job instance at 0x7fe102199f50>,19,1,[ 2 14],20,176,177,156,148
1,<environment.Job instance at 0x7fe102924140>,20,25,[12  5],21,177,202,156,173
1,<environment.Job instance at 0x7fe1488451e0>,21,20,[10  5],22,202,222,180,193
1,<environment.Job instance at 0x7fe148066910>,24,20,[ 4 11],25,222,242,197,213
1,<environment.Job instance at 0x7fe147fc95f0>,26,20,[8 2],27,222,242,195,213
1,<environment.Job instance at 0x7fe148069dc0>,27,25,[8 5],28,242,267,214,238
1,<environment.Job instance at 0x7fe1021942d0>,29,27,[13  5],30,267,294,237,265
1,<environment.Job instance at 0x7fe1027305f0>,30,22,[10  4],31,294,316,263,287
1,<environment.Job instance at 0x7fe147ec05a0>,0,25,[5 1],1,1,26,0,1
1,<environment.Job instance at 0x7fe147ec06e0>,2,27,[10  5],3,3,30,0,3
1,<environment.Job instance at 0x7fe1481b9960>,8,26,[ 1 12],9,30,56,21,27
1,<environment.Job instance at 0x7fe147ed5a00>,10,22,[ 2 12],11,56,78,45,56
1,<environment.Job instance at 0x7fe147ec0370>,1,2,[14  3],2,80,82,78,80
1,<environment.Job instance at 0x7fe1481b9fa0>,12,20,[12  3],13,82,102,69,81
1,<environment.Job instance at 0x7fe148adacd0>,9,19,[12  1],10,102,121,92,92
1,<environment.Job instance at 0x7fe148056af0>,17,26,[ 3 14],18,102,128,84,99
1,<environment.Job instance at 0x7fe148056640>,19,26,[1 5],20,128,154,108,125
1,<environment.Job instance at 0x7fe14888bd70>,21,18,[11  2],22,173,191,151,173
1,<environment.Job instance at 0x7fe148db14b0>,0,22,[4 9],1,1,23,0,1
1,<environment.Job instance at 0x7fe1480e3370>,5,25,[5 3],6,6,31,0,6
1,<environment.Job instance at 0x7fe148c49f50>,4,28,[ 4 10],5,23,51,18,22
1,<environment.Job instance at 0x7fe148c49780>,3,21,[5 8],4,51,72,47,43
1,<environment.Job instance at 0x7fe10270b0a0>,13,24,[5 8],14,72,96,58,67
1,<environment.Job instance at 0x7fe1480e3730>,14,20,[5 5],15,67,87,52,67
1,<environment.Job instance at 0x7fe1480e3aa0>,15,24,[ 4 11],16,96,120,80,91
1,<environment.Job instance at 0x7fe1480e3280>,17,28,[8 4],18,92,120,74,92
1,<environment.Job instance at 0x7fe102430cd0>,22,24,[13  3],23,120,144,97,115
1,<environment.Job instance at 0x7fe1022e01e0>,25,22,[ 3 12],26,144,166,118,137
1,<environment.Job instance at 0x7fe147f6b1e0>,0,28,[6 5],1,1,29,0,1
1,<environment.Job instance at 0x7fe147f6b280>,1,26,[2 6],2,2,28,0,2
1,<environment.Job instance at 0x7fe1483b30f0>,2,20,[8 4],3,28,48,25,19
1,<environment.Job instance at 0x7fe1483b30a0>,5,23,[2 8],6,29,52,23,28
1,<environment.Job instance at 0x7fe1483b3690>,6,25,[ 4 13],7,52,77,45,48
1,<environment.Job instance at 0x7fe1483b73c0>,15,26,[12  4],16,77,103,61,74
1,<environment.Job instance at 0x7fe1483b3640>,9,22,[ 3 13],10,103,125,93,96
1,<environment.Job instance at 0x7fe1483b7c80>,19,27,[10  2],20,103,130,83,101
1,<environment.Job instance at 0x7fe1483b7dc0>,20,26,[ 3 13],21,125,151,104,122
1,<environment.Job instance at 0x7fe1483b7730>,21,28,[9 5],22,151,179,129,150
1,<environment.Job instance at 0x7fe1483b7780>,22,24,[8 5],23,179,203,156,174
1,<environment.Job instance at 0x7fe1486b3230>,25,21,[10  2],26,203,224,177,195
1,<environment.Job instance at 0x7fe1483b7320>,16,19,[ 5 12],17,203,222,186,196
1,<environment.Job instance at 0x7fe1486b36e0>,31,25,[ 3 13],32,222,247,190,218
1,<environment.Job instance at 0x7fe1486b35f0>,32,1,[12  1],33,242,243,209,242
1,<environment.Job instance at 0x7fe1486b3eb0>,34,28,[14  1],35,247,275,212,246
1,<environment.Job instance at 0x7fe1486b33c0>,35,23,[5 5],36,275,298,239,269
1,<environment.Job instance at 0x7fe1486b3320>,36,28,[ 5 12],37,298,326,261,297
1,<environment.Job instance at 0x7fe1486b3780>,38,24,[ 2 11],39,326,350,287,321
1,<environment.Job instance at 0x7fe1486b3820>,39,21,[4 5],40,350,371,310,342
1,<environment.Job instance at 0x7fe148b98be0>,0,22,[11  5],1,1,23,0,1
1,<environment.Job instance at 0x7fe102917cd0>,2,28,[5 8],3,23,51,20,22
1,<environment.Job instance at 0x7fe102ac88c0>,1,26,[11  5],2,51,77,49,48
1,<environment.Job instance at 0x7fe148b21730>,3,27,[1 7],4,48,75,44,48
1,<environment.Job instance at 0x7fe1027e0c30>,9,23,[8 2],10,77,100,67,71
1,<environment.Job instance at 0x7fe148b21640>,10,23,[2 8],11,75,98,64,71
1,<environment.Job instance at 0x7fe148737a00>,14,20,[5 6],15,98,118,83,89
1,<environment.Job instance at 0x7fe102328550>,17,24,[ 1 13],18,118,142,100,113
1,<environment.Job instance at 0x7fe1487373c0>,16,19,[ 1 11],17,143,162,126,143
1,<environment.Job instance at 0x7fe1482b7370>,3,27,[9 3],4,4,31,0,4
1,<environment.Job instance at 0x7fe148735230>,8,21,[ 4 12],9,9,30,0,9
1,<environment.Job instance at 0x7fe1487357d0>,11,21,[6 5],12,30,51,18,22
1,<environment.Job instance at 0x7fe148735820>,13,21,[ 5 10],14,31,52,17,23
1,<environment.Job instance at 0x7fe1487356e0>,9,21,[4 6],10,52,73,42,47
1,<environment.Job instance at 0x7fe148735730>,14,3,[11  5],15,53,56,38,53
1,<environment.Job instance at 0x7fe1487359b0>,16,21,[6 5],17,56,77,39,53
1,<environment.Job instance at 0x7fe148753190>,25,1,[7 5],26,73,74,47,72
1,<environment.Job instance at 0x7fe1487532d0>,27,27,[4 6],28,76,103,48,76
1,<environment.Job instance at 0x7fe148753550>,31,20,[3 5],32,92,112,60,92
1,<environment.Job instance at 0x7fe147ebadc0>,1,25,[5 5],2,2,27,0,2
1,<environment.Job instance at 0x7fe147fcb5a0>,4,23,[8 1],5,5,28,0,5
1,<environment.Job instance at 0x7fe147fcb870>,5,26,[4 9],6,27,53,21,24
1,<environment.Job instance at 0x7fe148872af0>,10,20,[6 2],11,34,54,23,34
1,<environment.Job instance at 0x7fe148872be0>,7,21,[14  3],8,54,75,46,46
1,<environment.Job instance at 0x7fe1026ff4b0>,13,22,[10  5],14,75,97,61,68
1,<environment.Job instance at 0x7fe1483b0e60>,14,25,[14  2],15,97,122,82,93
1,<environment.Job instance at 0x7fe148647b40>,21,25,[ 5 14],22,122,147,100,118
1,<environment.Job instance at 0x7fe1483b0640>,15,14,[14  1],16,264,278,248,264
1,<environment.Job instance at 0x7fe148656d70>,25,23,[6 5],26,278,301,252,272
1,<environment.Job instance at 0x7fe14d6ad280>,26,1,[6 4],27,278,279,251,272
1,<environment.Job instance at 0x7fe102a16b90>,28,2,[8 3],29,279,281,250,272
1,<environment.Job instance at 0x7fe148714690>,3,21,[2 7],4,4,25,0,4
1,<environment.Job instance at 0x7fe102a16550>,4,20,[14  1],5,25,45,20,16
1,<environment.Job instance at 0x7fe1484023c0>,8,3,[9 1],9,16,19,7,16
1,<environment.Job instance at 0x7fe1025a9e10>,10,23,[ 3 10],11,45,68,34,39
1,<environment.Job instance at 0x7fe147f23eb0>,13,22,[9 5],14,45,67,31,39
1,<environment.Job instance at 0x7fe147f235f0>,15,21,[11  3],16,67,88,51,59
1,<environment.Job instance at 0x7fe147f72190>,16,25,[8 1],17,88,113,71,84
1,<environment.Job instance at 0x7fe147f119b0>,18,1,[ 2 14],19,88,89,69,84
1,<environment.Job instance at 0x7fe14d46b2d0>,19,22,[2 9],20,89,111,69,84
1,<environment.Job instance at 0x7fe14862b370>,21,28,[1 8],22,111,139,89,110
1,<environment.Job instance at 0x7fe1482bc1e0>,22,27,[3 7],23,113,140,90,111
1,<environment.Job instance at 0x7f495dc821e0>,0,28,[9 3],1,1,29,0,1
1,<environment.Job instance at 0x7f495dcc5640>,2,22,[4 8],3,3,25,0,3
1,<environment.Job instance at 0x7f495dcc59b0>,1,22,[11  3],2,29,51,27,22
1,<environment.Job instance at 0x7f495cb23640>,7,25,[6 2],8,51,76,43,47
1,<environment.Job instance at 0x7f495cb23410>,6,20,[6 1],7,51,71,44,47
1,<environment.Job instance at 0x7f495cb23500>,5,24,[1 5],6,58,82,52,58
1,<environment.Job instance at 0x7f495cb236e0>,8,22,[14  3],9,76,98,67,69
1,<environment.Job instance at 0x7f495cb23960>,12,26,[ 1 12],13,82,108,69,81
1,<environment.Job instance at 0x7f495cb23c80>,17,28,[ 5 10],18,108,136,90,107
1,<environment.Job instance at 0x7f495cacbb40>,1,22,[2 9],2,2,24,0,2
1,<environment.Job instance at 0x7f491ef0ceb0>,6,24,[11  5],7,7,31,0,7
1,<environment.Job instance at 0x7f491ef0c910>,8,25,[14  4],9,31,56,22,27
1,<environment.Job instance at 0x7f491ef0cb90>,10,26,[10  5],11,56,82,45,53
1,<environment.Job instance at 0x7f491ef0caa0>,7,21,[ 3 10],8,56,77,48,53
1,<environment.Job instance at 0x7f491ef16140>,13,2,[13  3],14,82,84,68,72
1,<environment.Job instance at 0x7f491ef163c0>,14,21,[ 4 12],15,84,105,69,76
1,<environment.Job instance at 0x7f491ef16aa0>,17,27,[2 9],18,105,132,87,103
1,<environment.Job instance at 0x7f491ef164b0>,18,21,[9 4],19,105,126,86,103
1,<environment.Job instance at 0x7f491ef161e0>,22,28,[2 8],23,132,160,109,131
1,<environment.Job instance at 0x7f491ef1a050>,27,20,[5 3],28,131,151,103,131
1,<environment.Job instance at 0x7f491ef19730>,29,21,[6 1],30,132,153,102,132
1,<environment.Job instance at 0x7f491ef19a50>,32,24,[7 5],33,151,175,118,146
1,<environment.Job instance at 0x7f491ef19d70>,35,28,[9 2],36,175,203,139,174
1,<environment.Job instance at 0x7f491ef19cd0>,34,28,[2 7],35,174,202,139,174
1,<environment.Job instance at 0x7f491ef195f0>,39,22,[2 7],40,202,224,162,195
1,<environment.Job instance at 0x7f491ef0e2d0>,43,2,[5 9],44,224,226,180,200
1,<environment.Job instance at 0x7f491ef192d0>,40,20,[ 3 13],41,226,246,185,217
1,<environment.Job instance at 0x7f491ef0e500>,47,19,[10  5],48,246,265,198,236
1,<environment.Job instance at 0x7f495da01f50>,3,20,[8 1],4,4,24,0,4
1,<environment.Job instance at 0x7f495c8a6960>,4,1,[13  4],5,24,25,19,7
1,<environment.Job instance at 0x7f491eddebe0>,7,20,[5 7],8,25,45,17,16
1,<environment.Job instance at 0x7f491edde320>,10,23,[2 7],11,16,39,5,16
1,<environment.Job instance at 0x7f495da087d0>,12,28,[1 7],13,39,67,26,38
1,<environment.Job instance at 0x7f495da08dc0>,14,22,[6 5],15,45,67,30,38
1,<environment.Job instance at 0x7f495c8df960>,18,22,[5 2],19,49,71,30,49
1,<environment.Job instance at 0x7f491f260c30>,22,21,[4 8],23,68,89,45,68
1,<environment.Job instance at 0x7f491eef0e10>,24,21,[3 8],25,89,110,64,81
1,<environment.Job instance at 0x7f495c9becd0>,25,25,[ 5 10],26,110,135,84,106
1,<environment.Job instance at 0x7f495cd3daf0>,28,20,[14  4],29,135,155,106,126
1,<environment.Job instance at 0x7f495c8ea550>,30,27,[ 4 10],31,155,182,124,153
1,<environment.Job instance at 0x7f495c89a280>,31,25,[12  4],32,182,207,150,178
1,<environment.Job instance at 0x7f495c96fa00>,33,27,[3 8],34,182,209,148,180
1,<environment.Job instance at 0x7f491eded780>,35,24,[8 4],36,207,231,171,202
1,<environment.Job instance at 0x7f491ed6d6e0>,38,3,[13  2],39,231,234,192,205
1,<environment.Job instance at 0x7f495d5a5140>,0,2,[5 3],1,2,4,1,2
1,<environment.Job instance at 0x7f495d64caa0>,4,28,[6 1],5,5,33,0,5
1,<environment.Job instance at 0x7f495d205f00>,5,21,[10  2],6,33,54,27,25
1,<environment.Job instance at 0x7f495cf127d0>,8,3,[ 1 13],9,25,28,16,25
1,<environment.Job instance at 0x7f495cee62d0>,10,20,[ 1 10],11,28,48,17,27
1,<environment.Job instance at 0x7f495ce53460>,11,22,[5 3],12,48,70,36,41
1,<environment.Job instance at 0x7f495d7fdc30>,15,22,[1 7],16,54,76,38,47
1,<environment.Job instance at 0x7f495cca7c80>,16,20,[5 7],17,70,90,53,61
1,<environment.Job instance at 0x7f495d8877d0>,21,25,[ 3 14],22,90,115,68,86
1,<environment.Job instance at 0x7f495d026140>,2,25,[4 6],3,3,28,0,3
1,<environment.Job instance at 0x7f495d8877d0>,4,24,[7 5],5,5,29,0,5
1,<environment.Job instance at 0x7f491f141820>,9,24,[4 9],10,28,52,18,23
1,<environment.Job instance at 0x7f491f141b40>,6,21,[14  1],7,52,73,45,48
1,<environment.Job instance at 0x7f491f1c2820>,19,27,[ 3 14],20,73,100,53,71
1,<environment.Job instance at 0x7f495c9abc30>,20,20,[5 6],21,100,120,79,91
1,<environment.Job instance at 0x7f495c9ab190>,21,1,[ 5 13],22,120,121,98,107
1,<environment.Job instance at 0x7f495c9ab4b0>,22,25,[13  4],23,121,146,98,117
1,<environment.Job instance at 0x7f495cf60190>,0,21,[13  2],1,3,24,2,3
1,<environment.Job instance at 0x7f491f0ffa50>,11,23,[13  3],12,24,47,12,18
1,<environment.Job instance at 0x7f491f0ff8c0>,2,18,[ 2 11],3,259,277,256,259
1,<environment.Job instance at 0x7f491f106550>,14,21,[6 5],15,277,298,262,269
1,<environment.Job instance at 0x7f491f106230>,16,26,[7 4],17,269,295,252,269
1,<environment.Job instance at 0x7f491ef0e7d0>,4,23,[5 5],5,5,28,0,5
1,<environment.Job instance at 0x7f491ef0ed70>,7,25,[7 3],8,8,33,0,8
1,<environment.Job instance at 0x7f495d310aa0>,5,23,[ 2 12],6,28,51,22,22
1,<environment.Job instance at 0x7f495d43c190>,10,27,[5 2],11,33,60,22,31
1,<environment.Job instance at 0x7f491eec0460>,17,21,[7 1],18,41,62,23,41
1,<environment.Job instance at 0x7f495d43cc30>,8,1,[12  5],9,62,63,53,58
1,<environment.Job instance at 0x7f495cb9da00>,24,20,[ 2 11],25,67,87,42,67
1,<environment.Job instance at 0x7f495cca0c30>,27,26,[3 7],28,87,113,59,84
1,<environment.Job instance at 0x7f491ef855a0>,28,26,[4 6],29,87,113,58,84
1,<environment.Job instance at 0x7f495cee6910>,30,20,[4 9],31,113,133,82,104
1,<environment.Job instance at 0x7f495cc4c640>,33,20,[1 8],34,133,153,99,124
1,<environment.Job instance at 0x7f491f0cbf00>,4,27,[3 8],5,5,32,0,5
1,<environment.Job instance at 0x7f495c900140>,7,28,[2 6],8,8,36,0,8
1,<environment.Job instance at 0x7f495c9000f0>,8,28,[7 1],9,9,37,0,9
1,<environment.Job instance at 0x7f495c900190>,9,26,[10  3],10,37,63,27,34
1,<environment.Job instance at 0x7f495dbbf1e0>,10,27,[5 2],11,34,61,23,34
1,<environment.Job instance at 0x7f495c900a50>,18,12,[ 1 12],19,290,302,271,290
1,<environment.Job instance at 0x7f495c900af0>,19,19,[5 8],20,302,321,282,292
1,<environment.Job instance at 0x7f495c900c30>,21,22,[8 3],22,292,314,270,292
1,<environment.Job instance at 0x7f495d2a4aa0>,6,18,[10  3],7,12,30,5,12
1,<environment.Job instance at 0x7f495ca9cbe0>,11,18,[ 2 10],12,30,48,18,30
1,<environment.Job instance at 0x7f495d51eaf0>,15,19,[ 2 12],16,48,67,32,38
1,<environment.Job instance at 0x7f495cb0dd70>,16,20,[6 2],17,38,58,21,38
1,<environment.Job instance at 0x7f495cb0d190>,17,26,[12  4],18,67,93,49,64
1,<environment.Job instance at 0x7f495d23f820>,21,20,[1 5],22,67,87,45,66
1,<environment.Job instance at 0x7f491ebc6500>,23,20,[7 1],24,93,113,69,84
1,<environment.Job instance at 0x7f495ca117d0>,24,1,[ 4 11],25,93,94,68,85
1,<environment.Job instance at 0x7f495d319c80>,0,25,[5 8],1,1,26,0,1
1,<environment.Job instance at 0x7f491ec0c3c0>,5,23,[7 1],6,8,31,2,8
1,<environment.Job instance at 0x7f495d319b90>,3,25,[ 2 10],4,26,51,22,22
1,<environment.Job instance at 0x7f495cf93f50>,6,23,[5 3],7,26,49,19,22
1,<environment.Job instance at 0x7f491ec0f3c0>,13,28,[ 5 13],14,51,79,37,50
1,<environment.Job instance at 0x7f491ec0fd20>,10,27,[ 1 14],11,79,106,68,77
1,<environment.Job instance at 0x7f491f2755f0>,22,20,[5 9],23,106,126,83,97
1,<environment.Job instance at 0x7f495dcc3cd0>,21,1,[ 2 13],22,126,127,104,106
1,<environment.Job instance at 0x7f491f2752d0>,27,2,[11  1],28,126,128,98,106
1,<environment.Job instance at 0x7f491ec077d0>,28,2,[5 3],29,106,108,77,106
1,<environment.Job instance at 0x7f491f275fa0>,30,19,[3 5],31,127,146,96,117
1,<environment.Job instance at 0x7f491f3b88c0>,33,25,[ 5 10],34,128,153,94,124
1,<environment.Job instance at 0x7f491f1d1640>,35,20,[ 4 11],36,153,173,117,151
1,<environment.Job instance at 0x7f495c90a820>,0,28,[4 9],1,1,29,0,1
1,<environment.Job instance at 0x7f495d6a6e60>,2,19,[8 4],3,5,24,2,5
1,<environment.Job instance at 0x7f495ca53690>,5,25,[7 4],6,24,49,18,20
1,<environment.Job instance at 0x7f495ca53820>,8,25,[14  3],9,49,74,40,45
1,<environment.Job instance at 0x7f495ca53960>,9,27,[14  3],10,74,101,64,72
1,<environment.Job instance at 0x7f491f1d18c0>,1,24,[ 5 13],2,101,125,99,96
1,<environment.Job instance at 0x7f495ca53dc0>,16,28,[4 7],17,125,153,108,124
1,<environment.Job instance at 0x7f495ca53fa0>,18,3,[ 4 13],19,156,159,137,156
1,<environment.Job instance at 0x7f495ca72280>,7,20,[10  4],8,8,28,0,8
1,<environment.Job instance at 0x7f495dca6640>,8,26,[ 5 10],9,9,35,0,9
1,<environment.Job instance at 0x7f495dca6f00>,9,27,[2 7],10,35,62,25,33
1,<environment.Job instance at 0x7f495dca69b0>,15,26,[11  4],16,37,63,21,37
1,<environment.Job instance at 0x7f491ecae0a0>,5,22,[14  4],6,6,28,0,6
1,<environment.Job instance at 0x7f491f12f2d0>,13,23,[14  5],14,28,51,14,22
1,<environment.Job instance at 0x7f491ecaeeb0>,9,2,[ 2 11],10,51,53,41,28
1,<environment.Job instance at 0x7f495cf3c0a0>,20,25,[ 4 10],21,53,78,32,49
1,<environment.Job instance at 0x7f495cf3c370>,21,22,[9 1],22,51,73,29,49
1,<environment.Job instance at 0x7f495d7efaf0>,10,28,[ 5 12],11,11,39,0,11
1,<environment.Job instance at 0x7f495d7e6140>,15,3,[7 4],16,39,42,23,27
1,<environment.Job instance at 0x7f495d7ea460>,17,25,[12  1],18,42,67,24,38
1,<environment.Job instance at 0x7f495d7ea690>,22,28,[9 5],23,67,95,44,66
1,<environment.Job instance at 0x7f495cbaf780>,7,28,[ 1 14],8,8,36,0,8
1,<environment.Job instance at 0x7f495cbaff50>,8,23,[5 6],9,36,59,27,30
1,<environment.Job instance at 0x7f495cbaf320>,9,24,[ 4 14],10,59,83,49,54
1,<environment.Job instance at 0x7f491ef90820>,11,23,[11  2],12,83,106,71,77
1,<environment.Job instance at 0x7f495cdb7af0>,14,27,[ 5 10],15,106,133,91,104
1,<environment.Job instance at 0x7f495cdb7e60>,15,28,[13  4],16,133,161,117,132
1,<environment.Job instance at 0x7f495cdb7eb0>,16,24,[5 2],17,161,185,144,156
1,<environment.Job instance at 0x7f491f486910>,0,28,[9 5],1,1,29,0,1
1,<environment.Job instance at 0x7f491f486730>,4,24,[6 4],5,5,29,0,5
1,<environment.Job instance at 0x7f491f486fa0>,10,22,[11  5],11,29,51,18,22
1,<environment.Job instance at 0x7f491f4864b0>,11,26,[11  5],12,51,77,39,48
1,<environment.Job instance at 0x7f491f486500>,12,28,[5 8],13,77,105,64,76
1,<environment.Job instance at 0x7f491f486d70>,13,27,[1 7],14,76,103,62,76
1,<environment.Job instance at 0x7f491eb0f3c0>,19,23,[8 2],20,103,126,83,97
1,<environment.Job instance at 0x7f491eb0f050>,20,23,[2 8],21,105,128,84,99
1,<environment.Job instance at 0x7f491f30ae60>,3,27,[9 3],4,4,31,0,4
1,<environment.Job instance at 0x7f491f2f55a0>,8,21,[ 4 12],9,9,30,0,9
1,<environment.Job instance at 0x7f491f2f5550>,11,21,[6 5],12,30,51,18,22
1,<environment.Job instance at 0x7f491f2eb320>,13,21,[ 5 10],14,31,52,17,23
1,<environment.Job instance at 0x7f491f2f5780>,9,21,[4 6],10,52,73,42,44
1,<environment.Job instance at 0x7f491f2eee10>,16,21,[6 5],17,51,72,34,48
1,<environment.Job instance at 0x7f491f2f5500>,14,3,[11  5],15,73,76,58,73
1,<environment.Job instance at 0x7f491f30fbe0>,25,1,[7 5],26,76,77,50,73
1,<environment.Job instance at 0x7f491f30f140>,27,27,[4 6],28,74,101,46,74
1,<environment.Job instance at 0x7f491f183eb0>,31,20,[3 5],32,95,115,63,95
1,<environment.Job instance at 0x7f495cb96370>,0,20,[6 2],1,1,21,0,1
1,<environment.Job instance at 0x7f495cfc12d0>,3,22,[10  5],4,21,43,17,14
1,<environment.Job instance at 0x7f495d0174b0>,4,25,[14  2],5,43,68,38,39
1,<environment.Job instance at 0x7f491f0ad410>,11,25,[ 5 14],12,68,93,56,64
1,<environment.Job instance at 0x7f495ddea550>,15,23,[6 5],16,93,116,77,87
1,<environment.Job instance at 0x7f491ebabf50>,1,28,[1 8],2,2,30,0,2
1,<environment.Job instance at 0x7f495d8514b0>,2,27,[3 7],3,3,30,0,3
1,<environment.Job instance at 0x7f495d851050>,7,25,[13  5],8,30,55,22,26
1,<environment.Job instance at 0x7f495d851be0>,8,25,[6 4],9,55,80,46,51
1,<environment.Job instance at 0x7f495d851550>,9,25,[8 1],10,55,80,45,51
1,<environment.Job instance at 0x7f491ec20e60>,12,25,[4 6],13,80,105,67,76
1,<environment.Job instance at 0x7f491ec20410>,15,27,[10  1],16,80,107,64,80
1,<environment.Job instance at 0x7f491ec20c30>,16,23,[10  1],17,107,130,90,101
1,<environment.Job instance at 0x7f491ec205f0>,18,26,[10  2],19,130,156,111,127
1,<environment.Job instance at 0x7f491ec20f00>,20,20,[ 1 12],21,127,147,106,127
1,<environment.Job instance at 0x7f491ec200a0>,21,24,[8 1],22,156,180,134,151
1,<environment.Job instance at 0x7f491ec20be0>,23,25,[13  5],24,180,205,156,176
1,<environment.Job instance at 0x7f491eda3a50>,0,24,[6 1],1,1,25,0,1
1,<environment.Job instance at 0x7f491eda32d0>,1,1,[10  1],2,25,26,23,4
1,<environment.Job instance at 0x7f491f0f8c80>,6,23,[ 4 11],7,7,30,0,7
1,<environment.Job instance at 0x7f491f0f8be0>,7,27,[5 3],8,26,53,18,24
1,<environment.Job instance at 0x7f491f0f85a0>,15,21,[4 8],16,46,67,30,46
1,<environment.Job instance at 0x7f491f0f86e0>,18,21,[8 5],19,59,80,40,59
1,<environment.Job instance at 0x7f491f0f80a0>,20,24,[7 5],21,67,91,46,62
1,<environment.Job instance at 0x7f491f0f8a50>,22,25,[ 1 14],23,91,116,68,87
1,<environment.Job instance at 0x7f495d3d50a0>,31,25,[9 5],32,116,141,84,112
1,<environment.Job instance at 0x7f495d3d54b0>,33,25,[1 7],34,129,154,95,129
1,<environment.Job instance at 0x7f495d3d5460>,34,19,[5 8],35,141,160,106,131
1,<environment.Job instance at 0x7f495d3d5780>,36,1,[11  2],37,160,161,123,151
1,<environment.Job instance at 0x7f495d3d5e10>,37,2,[ 5 11],38,161,163,123,156
1,<environment.Job instance at 0x7fd7905be190>,0,28,[9 3],1,1,29,0,1
1,<environment.Job instance at 0x7fd790601640>,2,22,[4 8],3,3,25,0,3
1,<environment.Job instance at 0x7fd7906019b0>,1,22,[11  3],2,29,51,27,22
1,<environment.Job instance at 0x7fd78f45f640>,7,25,[6 2],8,51,76,43,47
1,<environment.Job instance at 0x7fd78f45f5a0>,6,20,[6 1],7,51,71,44,47
1,<environment.Job instance at 0x7fd78f45f6e0>,8,22,[14  3],9,76,98,67,69
1,<environment.Job instance at 0x7fd78f45f960>,12,26,[ 1 12],13,69,95,56,69
1,<environment.Job instance at 0x7fd78f45fc80>,17,28,[ 5 10],18,98,126,80,97
1,<environment.Job instance at 0x7fd78f406dc0>,0,26,[10  5],1,1,27,0,1
1,<environment.Job instance at 0x7fd74559f8c0>,7,27,[2 9],8,8,35,0,8
1,<environment.Job instance at 0x7fd74559f7d0>,8,21,[9 4],9,27,48,18,19
1,<environment.Job instance at 0x7fd7455a9320>,12,28,[2 8],13,35,63,22,34
1,<environment.Job instance at 0x7fd7455a70f0>,4,21,[ 4 12],5,63,84,58,55
1,<environment.Job instance at 0x7fd745574460>,19,21,[6 1],20,65,86,45,65
1,<environment.Job instance at 0x7fd7455a9eb0>,22,24,[7 5],23,84,108,61,79
1,<environment.Job instance at 0x7fd7455ace10>,24,28,[2 7],25,84,112,59,83
1,<environment.Job instance at 0x7fd7455ac0a0>,25,28,[9 2],26,108,136,82,107
1,<environment.Job instance at 0x7fd7455ac2d0>,26,22,[6 1],27,112,134,85,107
1,<environment.Job instance at 0x7fd7455ac9b0>,29,22,[2 7],30,134,156,104,127
1,<environment.Job instance at 0x7fd7455aca50>,30,20,[ 3 13],31,156,176,125,147
1,<environment.Job instance at 0x7fd78f406fa0>,3,2,[13  3],4,176,178,172,171
1,<environment.Job instance at 0x7fd7455ad2d0>,37,19,[10  5],38,178,197,140,176
1,<environment.Job instance at 0x7fd790731b90>,2,21,[4 8],3,3,24,0,3
1,<environment.Job instance at 0x7fd745417b90>,4,21,[3 8],5,24,45,19,17
1,<environment.Job instance at 0x7fd745417fa0>,5,25,[ 5 10],6,45,70,39,41
1,<environment.Job instance at 0x7fd78f2b3280>,10,27,[ 4 10],11,70,97,59,68
1,<environment.Job instance at 0x7fd7454070f0>,11,25,[12  4],12,97,122,85,93
1,<environment.Job instance at 0x7fd745407190>,13,27,[3 8],14,97,124,83,95
1,<environment.Job instance at 0x7fd745407870>,15,24,[8 4],16,122,146,106,117
1,<environment.Job instance at 0x7fd745407f00>,18,3,[13  2],19,146,149,127,127
1,<environment.Job instance at 0x7fd790726b90>,8,20,[14  4],9,149,169,140,140
1,<environment.Job instance at 0x7fd78f2f63c0>,30,26,[9 4],31,174,200,143,174
1,<environment.Job instance at 0x7fd78f1d5500>,34,22,[ 1 12],35,215,237,180,215
1,<environment.Job instance at 0x7fd78f934be0>,35,20,[3 8],36,237,257,201,228
1,<environment.Job instance at 0x7fd78f1d8af0>,36,26,[ 3 12],37,257,283,220,254
1,<environment.Job instance at 0x7fd78ff8e690>,0,22,[5 9],1,1,23,0,1
1,<environment.Job instance at 0x7fd78f7caa50>,3,25,[12  3],4,23,48,19,19
1,<environment.Job instance at 0x7fd78f7cf870>,5,21,[7 1],6,48,69,42,40
1,<environment.Job instance at 0x7fd78f54bb90>,8,2,[ 5 14],9,48,50,39,40
1,<environment.Job instance at 0x7fd78f734870>,10,1,[ 5 14],11,52,53,41,52
1,<environment.Job instance at 0x7fd78f7342d0>,12,26,[ 4 10],13,53,79,40,52
1,<environment.Job instance at 0x7fd78fa83d20>,15,24,[ 5 11],16,79,103,63,74
1,<environment.Job instance at 0x7fd78fa83aa0>,16,25,[7 3],17,74,99,57,74
1,<environment.Job instance at 0x7fd74960a9b0>,2,1,[ 4 14],3,103,104,100,95
1,<environment.Job instance at 0x7fd78f4d96e0>,19,27,[1 5],20,104,131,84,102
1,<environment.Job instance at 0x7fd78f821fa0>,21,20,[2 9],22,104,124,82,104
1,<environment.Job instance at 0x7fd78f6b0370>,23,27,[12  4],24,124,151,100,122
1,<environment.Job instance at 0x7fd78f7340a0>,13,2,[ 4 11],14,151,153,137,124
1,<environment.Job instance at 0x7fd78f4dfd20>,28,14,[14  1],29,1881,1895,1852,1881
1,<environment.Job instance at 0x7fd78fba3aa0>,1,28,[ 5 12],2,2,30,0,2
1,<environment.Job instance at 0x7fd78f56df50>,2,28,[2 6],3,30,58,27,29
1,<environment.Job instance at 0x7fd78ff51190>,6,23,[11  3],7,30,53,23,29
1,<environment.Job instance at 0x7fd78f9d1f50>,4,28,[ 1 11],5,58,86,53,57
1,<environment.Job instance at 0x7fd7458767d0>,15,27,[6 1],16,58,85,42,58
1,<environment.Job instance at 0x7fd78f2545f0>,16,22,[5 5],17,86,108,69,79
1,<environment.Job instance at 0x7fd78f25c4b0>,19,26,[2 7],20,86,112,66,83
1,<environment.Job instance at 0x7fd74587c8c0>,20,23,[10  3],21,108,131,87,102
1,<environment.Job instance at 0x7fd74588b140>,22,1,[13  2],23,131,132,108,114
1,<environment.Job instance at 0x7fd74588b190>,24,21,[8 1],25,132,153,107,124
1,<environment.Job instance at 0x7fd78f89e960>,1,25,[4 9],2,2,27,0,2
1,<environment.Job instance at 0x7fd7456a8730>,8,20,[5 6],9,9,29,0,9
1,<environment.Job instance at 0x7fd78fbe4eb0>,15,20,[3 7],16,37,57,21,37
1,<environment.Job instance at 0x7fd78fbe44b0>,17,21,[1 7],18,46,67,28,46
1,<environment.Job instance at 0x7fd78fe764b0>,1,22,[10  5],2,2,24,0,2
1,<environment.Job instance at 0x7fd78f588460>,2,1,[ 5 14],3,24,25,21,6
1,<environment.Job instance at 0x7fd74562feb0>,8,23,[2 5],9,25,48,16,19
1,<environment.Job instance at 0x7fd745662c30>,0,20,[14  2],1,48,68,47,39
1,<environment.Job instance at 0x7fd74573e0a0>,2,23,[6 1],3,3,26,0,3
1,<environment.Job instance at 0x7fd78ff87500>,10,26,[ 2 10],11,11,37,0,11
1,<environment.Job instance at 0x7fd78ff879b0>,15,26,[ 5 13],16,37,63,21,34
1,<environment.Job instance at 0x7fd78ff87c30>,18,19,[8 1],19,45,64,26,45
1,<environment.Job instance at 0x7fd78ff87af0>,19,20,[5 5],20,63,83,43,54
1,<environment.Job instance at 0x7fd78ff87dc0>,23,23,[ 5 10],24,64,87,40,61
1,<environment.Job instance at 0x7fd78ff7a0f0>,27,24,[10  4],28,83,107,55,78
1,<environment.Job instance at 0x7fd78f7a45a0>,2,20,[10  3],3,3,23,0,3
1,<environment.Job instance at 0x7fd78ff7a190>,3,27,[7 2],4,23,50,19,21
1,<environment.Job instance at 0x7fd78f7a4fa0>,5,21,[10  1],6,50,71,44,42
1,<environment.Job instance at 0x7fd78f7a40a0>,8,22,[13  4],9,71,93,62,64
1,<environment.Job instance at 0x7fd745903f50>,10,25,[12  1],11,93,118,82,89
1,<environment.Job instance at 0x7fd78f4b0d70>,11,26,[10  2],12,118,144,106,115
1,<environment.Job instance at 0x7fd7459adfa0>,3,26,[7 4],4,4,30,0,4
1,<environment.Job instance at 0x7fd78f3cf320>,4,22,[10  3],5,30,52,25,23
1,<environment.Job instance at 0x7fd745a3fe10>,6,22,[4 9],7,23,45,16,23
1,<environment.Job instance at 0x7fd745a3fa50>,7,25,[5 8],8,45,70,37,41
1,<environment.Job instance at 0x7fd78fa17af0>,15,21,[5 6],16,59,80,43,59
1,<environment.Job instance at 0x7fd78f8fe0a0>,16,28,[ 3 11],17,80,108,63,79
1,<environment.Job instance at 0x7fd78f8feaa0>,19,28,[6 3],20,79,107,59,79
1,<environment.Job instance at 0x7fd790187690>,4,26,[5 3],5,5,31,0,5
1,<environment.Job instance at 0x7fd78f229460>,5,27,[6 1],6,6,33,0,6
1,<environment.Job instance at 0x7fd78f1f5f00>,8,20,[9 1],9,31,51,22,22
1,<environment.Job instance at 0x7fd78f2c0050>,13,20,[ 1 13],14,50,70,36,50
1,<environment.Job instance at 0x7fd7901873c0>,3,19,[ 1 11],4,70,89,66,69
1,<environment.Job instance at 0x7fd78f9c63c0>,15,26,[12  4],16,70,96,54,69
1,<environment.Job instance at 0x7fd745b41370>,1,24,[5 3],2,2,26,0,2
1,<environment.Job instance at 0x7fd78f7c1230>,5,25,[2 6],6,6,31,0,6
1,<environment.Job instance at 0x7fd78f7c13c0>,8,28,[4 6],9,9,37,0,9
1,<environment.Job instance at 0x7fd78f7c1780>,11,23,[ 1 10],12,37,60,25,31
1,<environment.Job instance at 0x7fd78f7c19b0>,14,28,[4 7],15,60,88,45,59
1,<environment.Job instance at 0x7fd78f7d2910>,16,24,[11  4],17,59,83,42,59
1,<environment.Job instance at 0x7fd78f7d2cd0>,20,24,[9 4],21,83,107,62,78
1,<environment.Job instance at 0x7fd78f7d2460>,24,21,[3 7],25,90,111,65,90
1,<environment.Job instance at 0x7fd745b413c0>,4,19,[12  3],5,178,197,173,178
1,<environment.Job instance at 0x7fd78f7d25f0>,23,16,[ 1 12],24,291,307,267,291
1,<environment.Job instance at 0x7fd78f7d2fa0>,31,16,[12  1],32,330,346,298,330
1,<environment.Job instance at 0x7fd78f8d9aa0>,5,19,[6 4],6,6,25,0,6
1,<environment.Job instance at 0x7fd78f3662d0>,2,20,[ 2 11],3,11,31,8,11
1,<environment.Job instance at 0x7fd78f369e10>,12,28,[13  1],13,25,53,12,24
1,<environment.Job instance at 0x7fd745549190>,16,21,[8 4],17,53,74,36,45
1,<environment.Job instance at 0x7fd78fe46dc0>,5,1,[12  1],6,8,9,2,8
1,<environment.Job instance at 0x7fd745319500>,8,1,[3 8],9,16,17,7,16
1,<environment.Job instance at 0x7fd745319550>,9,2,[4 7],10,17,19,7,17
1,<environment.Job instance at 0x7fd745319230>,7,3,[ 3 12],8,19,22,11,17
1,<environment.Job instance at 0x7fd745319870>,14,22,[5 1],15,28,50,13,28
1,<environment.Job instance at 0x7fd745319a50>,16,26,[9 2],17,29,55,12,29
1,<environment.Job instance at 0x7fd745319a00>,17,24,[9 2],18,55,79,37,50
1,<environment.Job instance at 0x7fd745319d20>,19,25,[6 2],20,50,75,30,50
1,<environment.Job instance at 0x7fd745319b90>,20,22,[9 5],21,79,101,58,72
1,<environment.Job instance at 0x7fd745319410>,21,24,[2 5],22,75,99,53,72
1,<environment.Job instance at 0x7fd745319f50>,23,21,[ 5 13],24,101,122,77,93
1,<environment.Job instance at 0x7fd745312280>,25,22,[12  4],26,122,144,96,115
1,<environment.Job instance at 0x7fd7453121e0>,26,27,[ 1 13],27,144,171,117,142
1,<environment.Job instance at 0x7fd78fc73500>,6,24,[10  5],7,7,31,0,7
1,<environment.Job instance at 0x7fd78fc73320>,7,22,[12  2],8,31,53,23,24
1,<environment.Job instance at 0x7fd78f962c80>,10,26,[9 4],11,53,79,42,50
1,<environment.Job instance at 0x7fd78f9625a0>,12,26,[12  1],13,79,105,66,76
1,<environment.Job instance at 0x7fd78fc73910>,5,19,[13  5],6,105,124,99,95
1,<environment.Job instance at 0x7fd78f458050>,3,23,[8 4],4,4,27,0,4
1,<environment.Job instance at 0x7fd745136fa0>,4,20,[3 9],5,5,25,0,5
1,<environment.Job instance at 0x7fd745136f50>,6,27,[6 1],7,25,52,18,23
1,<environment.Job instance at 0x7fd745136140>,11,26,[7 4],12,27,53,15,24
1,<environment.Job instance at 0x7fd78f8b27d0>,1,2,[ 3 11],2,52,54,50,45
1,<environment.Job instance at 0x7fd7450b4b90>,14,27,[ 2 11],15,54,81,39,52
1,<environment.Job instance at 0x7fd7450b4140>,18,25,[14  3],19,81,106,62,77
1,<environment.Job instance at 0x7fd745970730>,1,25,[5 5],2,2,27,0,2
1,<environment.Job instance at 0x7fd78fe10320>,4,23,[8 1],5,5,28,0,5
1,<environment.Job instance at 0x7fd78fe107d0>,5,26,[4 9],6,27,53,21,24
1,<environment.Job instance at 0x7fd78fe0dc80>,10,20,[6 2],11,33,53,22,33
1,<environment.Job instance at 0x7fd78fe0d370>,13,22,[10  5],14,53,75,39,46
1,<environment.Job instance at 0x7fd78fe0d550>,14,25,[14  2],15,75,100,60,71
1,<environment.Job instance at 0x7fd78fe0dfa0>,7,21,[14  3],8,100,121,92,92
1,<environment.Job instance at 0x7fd78fe1c320>,21,25,[ 5 14],22,121,146,99,117
1,<environment.Job instance at 0x7fd78fe0d140>,15,14,[14  1],16,309,323,293,309
1,<environment.Job instance at 0x7fd78fa81280>,25,23,[6 5],26,323,346,297,317
1,<environment.Job instance at 0x7fd78fe1fb90>,26,1,[6 4],27,323,324,296,317
1,<environment.Job instance at 0x7fd78fe1f410>,28,2,[8 3],29,324,326,295,317
1,<environment.Job instance at 0x7fd745943140>,1,28,[1 8],2,2,30,0,2
1,<environment.Job instance at 0x7fd78fe26e10>,2,27,[3 7],3,3,30,0,3
1,<environment.Job instance at 0x7fd7456b9dc0>,7,25,[13  5],8,30,55,22,26
1,<environment.Job instance at 0x7fd7456b9640>,8,25,[6 4],9,55,80,46,51
1,<environment.Job instance at 0x7fd7456b9d20>,9,25,[8 1],10,55,80,45,51
1,<environment.Job instance at 0x7fd7455b5370>,12,25,[4 6],13,80,105,67,76
1,<environment.Job instance at 0x7fd78f42ba50>,15,27,[10  1],16,80,107,64,78
1,<environment.Job instance at 0x7fd78f42b050>,16,23,[10  1],17,107,130,90,101
1,<environment.Job instance at 0x7fd78f8d9870>,18,26,[10  2],19,130,156,111,127
1,<environment.Job instance at 0x7fd78f42b320>,20,20,[ 1 12],21,144,164,123,144
1,<environment.Job instance at 0x7fd78f458d20>,21,24,[8 1],22,156,180,134,151
1,<environment.Job instance at 0x7fd78f649f50>,23,25,[13  5],24,180,205,156,176
1,<environment.Job instance at 0x7fd78fa6d500>,5,21,[4 8],6,6,27,0,6
1,<environment.Job instance at 0x7fd78fa6df00>,8,21,[8 5],9,9,30,0,9
1,<environment.Job instance at 0x7fd78fa6d910>,10,24,[7 5],11,27,51,16,22
1,<environment.Job instance at 0x7fd78fa6d820>,12,25,[ 1 14],13,51,76,38,47
1,<environment.Job instance at 0x7fd7456b22d0>,21,25,[9 5],22,76,101,54,72
1,<environment.Job instance at 0x7fd7456b2500>,23,25,[1 7],24,76,101,52,75
1,<environment.Job instance at 0x7fd7456b2410>,24,19,[5 8],25,101,120,76,93
1,<environment.Job instance at 0x7fd7456b2230>,26,1,[11  2],27,120,121,93,115
1,<environment.Job instance at 0x7fd7456b2550>,27,2,[ 5 11],28,121,123,93,117
1,<environment.Job instance at 0x7fd745340370>,0,19,[8 5],1,1,20,0,1
1,<environment.Job instance at 0x7fd745340870>,4,27,[6 1],5,5,32,0,5
1,<environment.Job instance at 0x7fd745340230>,3,22,[9 3],4,20,42,16,13
1,<environment.Job instance at 0x7fd745340a00>,8,27,[8 4],9,42,69,33,40
1,<environment.Job instance at 0x7fd745340be0>,11,24,[ 1 14],12,69,93,57,64
1,<environment.Job instance at 0x7fd745340320>,13,25,[12  5],14,93,118,79,89
1,<environment.Job instance at 0x7fd745340c30>,7,23,[ 2 14],8,118,141,110,112
1,<environment.Job instance at 0x7fd7453403c0>,12,19,[12  3],13,141,160,128,141
1,<environment.Job instance at 0x7fd78fb4eeb0>,23,19,[5 3],24,160,179,136,158
1,<environment.Job instance at 0x7fd78fb4e3c0>,24,27,[12  2],25,179,206,154,177
1,<environment.Job instance at 0x7fd78fb4e640>,25,25,[7 3],26,206,231,180,202
1,<environment.Job instance at 0x7fd78fb4e280>,26,23,[11  3],27,231,254,204,225
1,<environment.Job instance at 0x7fd78fb4ecd0>,27,27,[9 4],28,254,281,226,252
1,<environment.Job instance at 0x7fd78fb4e550>,29,27,[ 5 14],30,281,308,251,279
1,<environment.Job instance at 0x7fd78fb4eb90>,30,26,[ 3 13],31,308,334,277,305
1,<environment.Job instance at 0x7f0edff8a280>,0,28,[9 3],1,1,29,0,1
1,<environment.Job instance at 0x7f0ee0012e60>,2,22,[4 8],3,3,25,0,3
1,<environment.Job instance at 0x7f0edff8a190>,1,22,[11  3],2,29,51,27,22
1,<environment.Job instance at 0x7f0edee2b640>,7,25,[6 2],8,51,76,43,47
1,<environment.Job instance at 0x7f0edee2b5a0>,6,20,[6 1],7,51,71,44,47
1,<environment.Job instance at 0x7f0edee2b6e0>,8,22,[14  3],9,76,98,67,69
1,<environment.Job instance at 0x7f0edee2b960>,12,26,[ 1 12],13,69,95,56,69
1,<environment.Job instance at 0x7f0edee2bc80>,17,28,[ 5 10],18,98,126,80,97
1,<environment.Job instance at 0x7f0ededd40a0>,2,28,[2 8],3,3,31,0,3
1,<environment.Job instance at 0x7f0e94f73140>,7,20,[5 3],8,8,28,0,8
1,<environment.Job instance at 0x7f0e94f73780>,9,21,[6 1],10,10,31,0,10
1,<environment.Job instance at 0x7f0e94f76c80>,12,24,[7 5],13,28,52,15,23
1,<environment.Job instance at 0x7f0e94f769b0>,14,28,[2 7],15,31,59,16,30
1,<environment.Job instance at 0x7f0e94f763c0>,15,28,[9 2],16,52,80,36,51
1,<environment.Job instance at 0x7f0e94f761e0>,16,22,[6 1],17,59,81,42,52
1,<environment.Job instance at 0x7f0e94f76780>,19,22,[2 7],20,80,102,60,73
1,<environment.Job instance at 0x7f0e94f76eb0>,20,20,[ 3 13],21,102,122,81,93
1,<environment.Job instance at 0x7f0e94f785f0>,27,19,[10  5],28,122,141,94,112
1,<environment.Job instance at 0x7f0edec07500>,10,26,[9 4],11,11,37,0,11
1,<environment.Job instance at 0x7f0e94ea3e10>,14,22,[ 1 12],15,37,59,22,35
1,<environment.Job instance at 0x7f0e94eb36e0>,16,26,[ 3 12],17,59,85,42,56
1,<environment.Job instance at 0x7f0e954aae60>,5,25,[8 1],6,6,31,0,6
1,<environment.Job instance at 0x7f0edee24f00>,7,21,[ 5 14],8,8,29,0,8
1,<environment.Job instance at 0x7f0edee22b90>,10,28,[2 8],11,29,57,18,28
1,<environment.Job instance at 0x7f0edefe0730>,12,27,[9 3],13,31,58,18,29
1,<environment.Job instance at 0x7f0edee18370>,15,28,[ 1 13],16,58,86,42,57
1,<environment.Job instance at 0x7f0edef170a0>,19,26,[9 4],20,86,112,66,83
1,<environment.Job instance at 0x7f0edef17c80>,20,28,[2 7],21,86,114,65,85
1,<environment.Job instance at 0x7f0edef17a00>,18,2,[ 4 11],19,114,116,95,106
1,<environment.Job instance at 0x7f0edef4a320>,22,22,[ 5 14],23,116,138,93,109
1,<environment.Job instance at 0x7f0edee637d0>,24,20,[3 8],25,138,158,113,129
1,<environment.Job instance at 0x7f0edeeb3370>,23,20,[14  1],24,158,178,134,149
1,<environment.Job instance at 0x7f0edee80fa0>,34,26,[1 5],35,186,212,151,186
1,<environment.Job instance at 0x7f0edee81af0>,35,22,[11  4],36,186,208,150,186
1,<environment.Job instance at 0x7f0edee81fa0>,37,23,[ 4 10],38,208,231,170,202
1,<environment.Job instance at 0x7f0edee813c0>,36,21,[11  3],37,212,233,175,204
1,<environment.Job instance at 0x7f0edee81f00>,38,19,[14  3],39,233,252,194,225
1,<environment.Job instance at 0x7f0edee1a8c0>,41,17,[11  1],42,1719,1736,1677,1719
1,<environment.Job instance at 0x7f0edee1af00>,42,2,[ 1 14],43,1719,1721,1676,1719
1,<environment.Job instance at 0x7f0edf58a820>,1,23,[11  4],2,2,25,0,2
1,<environment.Job instance at 0x7f0edee1af00>,3,23,[2 7],4,4,27,0,4
1,<environment.Job instance at 0x7f0e95269a50>,8,28,[6 4],9,25,53,16,24
1,<environment.Job instance at 0x7f0edef7a370>,5,2,[ 1 12],6,53,55,47,26
1,<environment.Job instance at 0x7f0e952695a0>,11,25,[ 2 14],12,55,80,43,51
1,<environment.Job instance at 0x7f0edec1e0f0>,16,27,[10  1],17,71,98,54,71
1,<environment.Job instance at 0x7f0edec22eb0>,20,28,[13  5],21,98,126,77,97
1,<environment.Job instance at 0x7f0edec9f0f0>,21,19,[4 8],22,126,145,104,116
1,<environment.Job instance at 0x7f0edf4aedc0>,24,2,[ 2 14],25,146,148,121,146
1,<environment.Job instance at 0x7f0edec1e960>,15,3,[ 3 14],16,148,151,132,147
1,<environment.Job instance at 0x7f0edec1ad20>,26,1,[4 6],27,151,152,124,147
1,<environment.Job instance at 0x7f0edec1a1e0>,29,1,[ 3 12],30,153,154,123,153
1,<environment.Job instance at 0x7f0edec1a5a0>,31,2,[5 6],32,156,158,124,156
1,<environment.Job instance at 0x7f0e951f8050>,6,19,[7 1],7,7,26,0,7
1,<environment.Job instance at 0x7f0e95466550>,9,19,[2 7],10,10,29,0,10
1,<environment.Job instance at 0x7f0e954667d0>,10,24,[4 5],11,11,35,0,11
1,<environment.Job instance at 0x7f0e954662d0>,13,25,[ 5 10],14,29,54,15,25
1,<environment.Job instance at 0x7f0e95466c30>,18,27,[7 4],19,61,88,42,61
1,<environment.Job instance at 0x7f0edf62e550>,0,21,[2 6],1,1,22,0,1
1,<environment.Job instance at 0x7f0e952d8d70>,2,27,[8 3],3,3,30,0,3
1,<environment.Job instance at 0x7f0edee134b0>,7,25,[9 4],8,30,55,22,26
1,<environment.Job instance at 0x7f0edee13c30>,11,28,[ 5 13],12,55,83,43,54
1,<environment.Job instance at 0x7f0edf62ee60>,1,23,[ 2 12],2,83,106,81,77
1,<environment.Job instance at 0x7f0edee13460>,15,26,[4 9],16,106,132,90,103
1,<environment.Job instance at 0x7f0edee139b0>,16,27,[10  5],17,106,133,89,104
1,<environment.Job instance at 0x7f0edee13960>,13,3,[ 5 14],14,133,136,119,133
1,<environment.Job instance at 0x7f0e94f7a3c0>,24,21,[5 6],25,136,157,111,133
1,<environment.Job instance at 0x7f0e94f7ad70>,25,19,[2 7],26,136,155,110,133
1,<environment.Job instance at 0x7f0e94f7a730>,26,3,[6 1],27,134,137,107,134
1,<environment.Job instance at 0x7f0eded25050>,29,22,[5 4],30,155,177,125,150
1,<environment.Job instance at 0x7f0edf6e5460>,5,23,[ 5 13],6,6,29,0,6
1,<environment.Job instance at 0x7f0edf6e52d0>,6,23,[2 7],7,29,52,22,23
1,<environment.Job instance at 0x7f0e95173e60>,7,28,[ 1 10],8,52,80,44,51
1,<environment.Job instance at 0x7f0e9514f320>,13,22,[3 5],14,52,74,38,52
1,<environment.Job instance at 0x7f0e952c58c0>,0,20,[ 5 13],1,2,22,1,2
1,<environment.Job instance at 0x7f0e94def6e0>,9,24,[8 2],10,10,34,0,10
1,<environment.Job instance at 0x7f0e95048730>,10,25,[5 8],11,22,47,11,18
1,<environment.Job instance at 0x7f0e95048550>,13,25,[ 2 10],14,47,72,33,43
1,<environment.Job instance at 0x7f0e95048cd0>,15,23,[7 1],16,43,66,27,43
1,<environment.Job instance at 0x7f0e95048460>,16,23,[5 3],17,47,70,30,44
1,<environment.Job instance at 0x7f0e95048500>,17,26,[1 7],18,72,98,54,69
1,<environment.Job instance at 0x7f0edec11960>,6,28,[4 7],7,7,35,0,7
1,<environment.Job instance at 0x7f0edf0ff8c0>,8,3,[ 4 13],9,50,53,41,50
1,<environment.Job instance at 0x7f0edf8cfe60>,17,24,[10  4],18,63,87,45,63
1,<environment.Job instance at 0x7f0edf8cf280>,18,25,[5 1],19,63,88,44,63
1,<environment.Job instance at 0x7f0edf727820>,2,28,[ 1 12],3,5,33,2,5
1,<environment.Job instance at 0x7f0e94f00190>,10,21,[2 8],11,33,54,22,25
1,<environment.Job instance at 0x7f0edf8cf410>,6,22,[3 5],7,33,55,26,26
1,<environment.Job instance at 0x7f0edfadb320>,12,24,[5 2],13,31,55,18,31
1,<environment.Job instance at 0x7f0edfaaa140>,14,1,[ 4 12],15,55,56,40,44
1,<environment.Job instance at 0x7f0edf1d8500>,5,19,[7 3],6,54,73,48,47
1,<environment.Job instance at 0x7f0eded2a1e0>,13,19,[10  1],14,73,92,59,63
1,<environment.Job instance at 0x7f0e94daf410>,20,27,[14  1],21,92,119,71,90
1,<environment.Job instance at 0x7f0e94daf640>,21,26,[5 6],22,119,145,97,116
1,<environment.Job instance at 0x7f0edecd49b0>,25,26,[11  1],26,145,171,119,142
1,<environment.Job instance at 0x7f0edef0d370>,26,24,[12  2],27,171,195,144,166
1,<environment.Job instance at 0x7f0e95392eb0>,28,22,[3 6],29,166,188,137,166
1,<environment.Job instance at 0x7f0e95392050>,30,3,[ 5 14],31,195,198,164,193
1,<environment.Job instance at 0x7f0e95392b90>,32,20,[2 7],33,198,218,165,193
1,<environment.Job instance at 0x7f0e95392af0>,35,23,[5 9],36,218,241,182,212
1,<environment.Job instance at 0x7f0e953920f0>,36,23,[9 5],37,212,235,175,212
1,<environment.Job instance at 0x7f0e95392c30>,38,26,[ 4 12],39,241,267,202,238
1,<environment.Job instance at 0x7f0e94da0140>,40,25,[12  5],41,267,292,226,263
1,<environment.Job instance at 0x7f0e94da0f00>,41,20,[10  5],42,292,312,250,283
1,<environment.Job instance at 0x7f0e953927d0>,39,1,[ 2 14],40,312,313,272,287
1,<environment.Job instance at 0x7f0e94d9e370>,44,20,[ 4 11],45,313,333,268,304
1,<environment.Job instance at 0x7f0e94d9ecd0>,46,20,[8 2],47,313,333,266,304
1,<environment.Job instance at 0x7f0e94d9e780>,47,25,[8 5],48,333,358,285,329
1,<environment.Job instance at 0x7f0e953511e0>,0,22,[ 2 12],1,1,23,0,1
1,<environment.Job instance at 0x7f0e953510f0>,2,20,[12  3],3,4,24,1,4
1,<environment.Job instance at 0x7f0edf7e34b0>,7,26,[ 3 14],8,24,50,16,21
1,<environment.Job instance at 0x7f0edf7e3be0>,9,26,[1 5],10,50,76,40,47
1,<environment.Job instance at 0x7f0edf7e3190>,11,18,[11  2],12,1652,1670,1640,1652
1,<environment.Job instance at 0x7f0edf7e3780>,14,23,[7 1],15,1670,1693,1655,1664
1,<environment.Job instance at 0x7f0eded0e7d0>,6,22,[ 4 11],7,7,29,0,7
1,<environment.Job instance at 0x7f0e94ea9730>,9,23,[4 6],10,29,52,19,23
1,<environment.Job instance at 0x7f0ededdf140>,10,3,[2 9],11,29,32,18,23
1,<environment.Job instance at 0x7f0e94ea9dc0>,15,21,[10  5],16,35,56,19,35
1,<environment.Job instance at 0x7f0e9545a1e0>,1,27,[8 1],2,2,29,0,2
1,<environment.Job instance at 0x7f0e94ea95a0>,2,27,[7 2],3,3,30,0,3
1,<environment.Job instance at 0x7f0e951dd140>,4,23,[10  3],5,30,53,25,24
1,<environment.Job instance at 0x7f0e94c2c5f0>,7,22,[9 4],8,53,75,45,46
1,<environment.Job instance at 0x7f0e9516e140>,9,27,[4 6],10,46,73,36,46
1,<environment.Job instance at 0x7f0ededf16e0>,13,24,[9 1],14,75,99,61,70
1,<environment.Job instance at 0x7f0e952e32d0>,22,28,[6 5],23,78,106,55,78
1,<environment.Job instance at 0x7f0edf1de320>,25,25,[5 3],26,99,124,73,96
1,<environment.Job instance at 0x7f0edec07be0>,29,1,[5 2],30,106,107,76,106
1,<environment.Job instance at 0x7f0e951cd0a0>,32,1,[9 2],33,114,115,81,114
1,<environment.Job instance at 0x7f0e952bab90>,34,1,[8 5],35,119,120,84,119
1,<environment.Job instance at 0x7f0e952ba140>,35,23,[5 2],36,120,143,84,119
1,<environment.Job instance at 0x7f0edef3c690>,37,28,[10  4],38,128,156,90,128
1,<environment.Job instance at 0x7f0edf2c1500>,39,22,[10  5],40,156,178,116,149
1,<environment.Job instance at 0x7f0edf2c1550>,41,19,[ 1 12],42,178,197,136,168
1,<environment.Job instance at 0x7f0edf2c1280>,44,20,[ 3 12],45,197,217,152,188
1,<environment.Job instance at 0x7f0edf2c16e0>,46,20,[7 4],47,217,237,170,208
1,<environment.Job instance at 0x7f0e94c232d0>,47,20,[1 9],48,217,237,169,208
1,<environment.Job instance at 0x7f0edf2c19b0>,48,27,[ 5 10],49,237,264,188,235
1,<environment.Job instance at 0x7f0e95119910>,0,21,[1 7],1,1,22,0,1
1,<environment.Job instance at 0x7f0e94be76e0>,1,26,[8 5],2,2,28,0,2
1,<environment.Job instance at 0x7f0edf40a230>,8,27,[11  3],9,28,55,19,26
1,<environment.Job instance at 0x7f0edf40a780>,5,27,[13  2],6,55,82,49,53
1,<environment.Job instance at 0x7f0edf40a5f0>,6,26,[ 5 11],7,82,108,75,79
1,<environment.Job instance at 0x7f0edf8ac280>,12,2,[14  4],13,108,110,95,107
1,<environment.Job instance at 0x7f0edf8e7230>,15,26,[5 5],16,110,136,94,107
1,<environment.Job instance at 0x7f0eded4ca00>,1,26,[5 2],2,2,28,0,2
1,<environment.Job instance at 0x7f0edf7a4b40>,2,22,[5 1],3,3,25,0,3
1,<environment.Job instance at 0x7f0edf7a4550>,6,21,[3 7],7,7,28,0,7
1,<environment.Job instance at 0x7f0edf7a45a0>,7,25,[5 5],8,25,50,17,21
1,<environment.Job instance at 0x7f0edec76460>,9,20,[2 7],10,28,48,18,21
1,<environment.Job instance at 0x7f0edf7a47d0>,5,1,[ 1 13],6,50,51,44,42
1,<environment.Job instance at 0x7f0edebf6dc0>,3,21,[2 7],4,4,25,0,4
1,<environment.Job instance at 0x7f0edec76640>,4,20,[14  1],5,25,45,20,16
1,<environment.Job instance at 0x7f0e94dd4820>,10,23,[ 3 10],11,45,68,34,39
1,<environment.Job instance at 0x7f0e951140a0>,13,22,[9 5],14,45,67,31,41
1,<environment.Job instance at 0x7f0e9527c9b0>,15,21,[11  3],16,67,88,51,59
1,<environment.Job instance at 0x7f0e953eeaa0>,16,25,[8 1],17,88,113,71,84
1,<environment.Job instance at 0x7f0edf9218c0>,18,1,[ 2 14],19,88,89,69,84
1,<environment.Job instance at 0x7f0edecc89b0>,19,22,[2 9],20,89,111,69,84
1,<environment.Job instance at 0x7f0edecc84b0>,21,28,[1 8],22,111,139,89,110
1,<environment.Job instance at 0x7f0edecc8b90>,22,27,[3 7],23,113,140,90,111
1,<environment.Job instance at 0x7f0e94d96190>,0,24,[6 1],1,1,25,0,1
1,<environment.Job instance at 0x7f0edecc8a00>,1,1,[10  1],2,25,26,23,4
1,<environment.Job instance at 0x7f0eded796e0>,6,23,[ 4 11],7,7,30,0,7
1,<environment.Job instance at 0x7f0eded79820>,7,27,[5 3],8,26,53,18,24
1,<environment.Job instance at 0x7f0eded79d20>,15,21,[4 8],16,56,77,40,56
1,<environment.Job instance at 0x7f0eded79fa0>,18,21,[8 5],19,59,80,40,59
1,<environment.Job instance at 0x7f0eded79f00>,20,24,[7 5],21,77,101,56,72
1,<environment.Job instance at 0x7f0eded8a1e0>,22,25,[ 1 14],23,101,126,78,98
1,<environment.Job instance at 0x7f0eded8a870>,31,25,[9 5],32,132,157,100,132
1,<environment.Job instance at 0x7f0eded8a9b0>,33,25,[1 7],34,138,163,104,138
1,<environment.Job instance at 0x7f0eded8aa50>,34,19,[5 8],35,157,176,122,149
1,<environment.Job instance at 0x7f0eded8ad20>,36,1,[11  2],37,176,177,139,161
1,<environment.Job instance at 0x7f0eded8a500>,37,2,[ 5 11],38,177,179,139,176
1,<environment.Job instance at 0x7f0e952dd8c0>,0,19,[8 5],1,1,20,0,1
1,<environment.Job instance at 0x7f0edec019b0>,4,27,[6 1],5,5,32,0,5
1,<environment.Job instance at 0x7f0e94d39f00>,3,22,[9 3],4,20,42,16,13
1,<environment.Job instance at 0x7f0e9535f0f0>,8,27,[8 4],9,42,69,33,40
1,<environment.Job instance at 0x7f0e953dde60>,11,24,[ 1 14],12,69,93,57,64
1,<environment.Job instance at 0x7f0e953dd0f0>,13,25,[12  5],14,93,118,79,89
1,<environment.Job instance at 0x7f0edec01c80>,7,23,[ 2 14],8,118,141,110,112
1,<environment.Job instance at 0x7f0e953dda00>,12,19,[12  3],13,149,168,136,149
1,<environment.Job instance at 0x7f0edf4cbeb0>,23,19,[5 3],24,168,187,144,159
1,<environment.Job instance at 0x7f0edf4cbf00>,24,27,[12  2],25,187,214,162,185
1,<environment.Job instance at 0x7f0edf8144b0>,25,25,[7 3],26,214,239,188,210
1,<environment.Job instance at 0x7f0e94c41460>,26,23,[11  3],27,239,262,212,233
1,<environment.Job instance at 0x7f0e94c412d0>,27,27,[9 4],28,262,289,234,260
1,<environment.Job instance at 0x7f0e952bafa0>,29,27,[ 5 14],30,289,316,259,287
1,<environment.Job instance at 0x7f0e954a7690>,30,26,[ 3 13],31,316,342,285,313
1,<environment.Job instance at 0x7f0e94bbc640>,4,27,[7 1],5,5,32,0,5
1,<environment.Job instance at 0x7f0e952d1550>,5,25,[7 3],6,6,31,0,6
1,<environment.Job instance at 0x7f0e953230a0>,11,25,[14  4],12,32,57,20,28
1,<environment.Job instance at 0x7f0edec75c80>,9,25,[ 3 13],10,57,82,47,53
1,<environment.Job instance at 0x7f0e951d5eb0>,14,21,[ 1 12],15,82,103,67,75
1,<environment.Job instance at 0x7f0edf4b6a00>,20,21,[ 3 14],21,103,124,82,96
1,<environment.Job instance at 0x7f0edf72a320>,22,25,[14  3],23,124,149,101,120
1,<environment.Job instance at 0x7f0e95365460>,26,26,[5 3],27,149,175,122,146
1,<environment.Job instance at 0x7f0e95323230>,13,2,[14  2],14,175,177,161,148
1,<environment.Job instance at 0x7f0edf43b0f0>,28,24,[ 4 13],29,177,201,148,172
1,<environment.Job instance at 0x7f0e94f00cd0>,29,28,[ 4 14],30,201,229,171,200
1,<environment.Job instance at 0x7f0edf8ff410>,30,19,[3 6],31,229,248,198,219
1,<environment.Job instance at 0x7f0e953a40f0>,33,24,[5 6],34,229,253,195,224
